results4_8e4_rain/res_4e8f-0058.wd
ncols         241
nrows         181
xllcorner     12693529.787448
yllcorner     3542525.717860
cellsize      155.156523
NODATA_value  -9999.000000
[rows 66 to 98 of 181, columns 74 to 147 of 241]
28.254 0.000 53.513 70.495 69.469 69.445 0.000 40.921 40.904 53.912 49.917 48.896 48.849 47.775 123.671 111.539 0.000 0.000 0.000 44.583 39.542 44.485 47.443 47.406 49.370 50.339 55.312 56.283 57.246 48.190 0.000 0.000 45.925 95.924 77.838 81.695 81.777 79.829 87.774 80.233 80.707 81.441 80.209 79.983 80.775 50.617 0.000 0.000 0.000 0.000 0.000 0.000 0.000 17.582 15.565 15.534 15.488 15.432 15.373 19.308 32.236 29.157 14.072 24.985 33.902 12.825 15.751 21.679 26.609 22.539 16.471 14.404 12.338 27.275
55.245 0.000 41.705 65.674 64.649 58.650 11.722 0.000 0.000 46.979 60.047 49.044 48.010 48.950 29.838 0.000 0.000 0.000 0.000 0.000 0.000 55.457 53.438 51.412 34.375 37.342 44.314 45.291 50.264 41.227 0.000 0.000 0.000 56.160 74.070 81.006 81.099 88.209 87.999 80.311 80.994 80.701 80.486 80.271 75.079 32.943 0.000 0.000 30.133 0.000 0.000 0.000 23.616 18.616 15.597 15.564 15.519 15.465 15.406 15.340 15.270 22.194 36.115 37.034 19.956 13.880 14.806 15.734 19.663 18.593 14.524 14.457 15.391 34.328
50.218 55.103 52.928 66.846 59.802 60.785 57.794 0.000 0.000 0.000 62.247 57.225 52.199 54.178 1.190 0.000 0.000 0.000 0.000 0.000 0.000 54.448 50.440 41.431 0.000 0.000 42.309 54.304 53.292 0.000 0.000 1.869 58.716 50.484 54.315 61.396 76.460 88.404 80.063 81.611 81.170 80.976 80.754 78.536 61.327 40.135 46.134 44.134 25.133 0.000 0.000 0.000 0.000 32.669 14.644 15.606 19.559 27.504 17.444 15.379 14.309 18.235 33.159 40.082 32.006 17.932 12.859 14.788 14.717 14.646 14.576 13.508 20.443 41.380
49.250 53.162 64.058 57.982 50.928 69.893 58.875 10.881 0.000 4.590 54.468 70.411 65.382 65.379 68.428 0.000 0.000 0.000 0.000 0.447 0.447 52.447 43.444 46.442 0.000 0.000 0.000 90.326 117.309 32.309 0.000 57.993 52.873 52.716 52.630 48.718 88.762 88.589 81.113 84.714 81.456 81.242 81.022 72.791 25.559 0.000 48.134 26.134 0.000 0.000 0.000 20.848 19.816 18.749 14.703 18.657 30.606 35.550 33.488 26.422 16.352 25.279 33.205 12.130 18.056 30.983 27.912 23.841 31.770 12.698 14.625 12.557 25.493 48.431
55.310 65.238 57.161 49.094 49.037 61.985 69.931 65.888 68.824 70.712 65.624 60.569 62.538 51.528 50.538 0.000 0.000 0.000 1.449 57.449 56.448 44.448 46.448 47.449 51.456 50.460 0.000 1.420 0.000 0.000 4.331 64.189 57.067 51.914 53.012 51.064 88.919 50.741 58.326 72.917 80.733 81.514 79.303 38.047 0.000 0.000 0.000 0.000 0.000 0.000 21.903 15.881 15.852 15.807 16.762 26.713 35.660 34.601 34.537 30.469 26.398 36.325 19.251 14.177 15.104 15.033 24.963 37.895 24.826 12.753 13.671 19.601 7.542 12.484
66.381 56.319 49.255 50.196 50.141 52.080 35.976 61.917 59.872 51.809 48.749 47.703 63.674 65.659 52.657 0.000 0.000 0.000 57.449 53.449 50.449 43.450 47.451 47.453 47.458 47.464 6.477 9.500 10.560 12.567 80.474 77.369 66.254 65.221 54.227 89.195 89.064 52.799 59.444 54.216 61.015 79.781 54.627 0.000 0.000 0.000 0.000 0.000 0.000 0.000 21.925 15.921 15.902 15.868 16.825 25.775 35.719 34.657 33.591 30.520 35.447 29.373 13.298 15.224 15.152 15.082 25.015 32.950 11.886 14.815 17.706 36.633 53.592 32.538
56.456 49.400 50.345 50.294 51.250 32.219 0.000 18.930 46.940 49.905 49.858 49.820 47.794 71.779 55.773 0.000 0.000 0.000 34.449 51.449 45.450 46.451 47.452 47.454 47.458 47.462 58.468 0.000 2.614 19.668 72.628 82.550 4.455 86.388 76.589 89.309 51.380 65.021 61.661 51.528 48.328 44.969 29.798 0.000 0.000 17.463 0.000 0.000 0.000 0.000 17.951 15.978 15.968 15.938 15.895 16.843 22.784 30.719 30.648 30.574 34.498 12.421 15.344 15.269 14.197 20.128 37.064 20.005 13.954 16.916 0.000 0.000 29.655 0.000
49.533 50.482 50.431 50.385 53.347 9.326 7.345 0.240 45.053 50.012 51.959 49.926 48.904 66.890 62.884 0.000 0.000 0.000 0.000 42.450 45.450 47.451 47.452 47.454 47.457 49.460 35.464 0.000 0.000 69.864 72.821 83.750 89.636 83.750 81.794 89.404 72.434 75.135 59.975 52.878 45.802 0.000 0.000 0.000 0.000 15.463 0.000 0.000 0.000 0.000 0.000 19.072 16.054 16.020 15.975 15.919 15.856 15.786 22.710 30.631 18.550 15.469 15.389 15.312 18.239 31.170 31.107 13.052 15.008 17.980 0.000 0.000 56.718 46.727
50.611 50.562 50.513 50.467 50.427 54.394 55.368 55.314 51.204 51.133 31.038 48.022 49.007 64.994 63.988 0.000 0.000 0.000 0.000 41.450 47.451 47.451 47.452 47.454 47.456 35.458 0.000 0.000 0.000 75.101 81.045 83.963 83.921 83.006 89.531 81.923 84.640 79.326 64.267 54.205 53.201 53.340 0.000 0.000 0.000 12.464 19.465 12.466 0.000 0.000 0.000 34.184 15.156 16.115 16.064 16.004 16.935 15.858 15.776 15.690 15.603 15.516 15.432 14.351 20.276 35.207 12.144 15.090 15.046 17.017 0.000 0.000 58.773 50.758
50.690 50.642 50.593 50.544 50.498 50.457 50.418 50.373 50.316 54.278 0.000 41.118 50.106 66.093 61.085 0.000 0.000 0.000 0.000 46.451 49.451 49.451 49.452 47.453 50.454 0.000 0.000 0.000 67.560 73.395 84.294 84.176 84.289 82.341 89.743 83.063 87.706 83.596 84.528 72.478 60.458 49.478 44.478 46.478 0.000 0.000 18.467 13.466 19.462 20.449 18.413 24.324 34.272 16.221 17.164 26.097 33.021 14.937 15.846 15.751 15.655 15.561 14.471 19.386 38.308 32.237 21.173 14.117 15.069 17.026 31.979 49.920 50.844 50.801
50.771 50.722 50.672 50.619 50.566 50.518 53.476 51.444 50.410 54.385 0.000 41.226 50.206 67.187 59.176 0.000 0.000 0.000 0.000 19.451 29.451 28.451 28.452 49.453 34.453 0.000 0.000 0.000 69.724 79.630 84.528 84.484 83.590 90.411 90.097 84.135 84.977 83.833 83.775 84.719 75.675 40.638 0.000 0.000 0.000 0.000 16.469 16.471 13.472 15.472 16.466 15.429 22.385 36.334 19.273 17.201 27.117 15.023 15.920 15.813 15.706 15.603 15.505 23.415 36.333 23.259 35.195 13.137 14.086 19.039 39.991 51.938 50.882 50.834
50.853 50.804 50.753 50.695 53.628 55.573 27.522 48.518 51.494 53.466 13.442 44.355 49.306 61.272 59.255 0.285 0.000 0.000 0.000 0.000 0.000 0.000 0.000 30.452 0.000 0.000 0.000 18.141 67.982 84.870 84.747 84.861 82.948 90.693 82.731 88.435 84.128 84.080 84.012 83.951 73.883 34.761 0.000 0.000 0.000 0.000 0.000 19.477 20.484 7.502 15.551 16.541 16.507 20.457 36.393 19.316 16.224 16.117 15.998 15.875 15.755 13.640 19.533 38.435 19.349 18.274 32.209 16.152 14.101 21.054 47.007 51.960 50.911 50.862
50.936 50.889 50.840 52.780 28.678 30.625 0.000 10.611 46.582 50.546 54.504 50.445 53.391 58.342 63.315 2.313 0.000 0.000 0.000 0.000 0.000 0.000 0.000 0.000 0.000 0.000 1.480 77.300 79.197 85.093 85.048 84.168 91.200 90.956 83.799 84.512 84.381 84.310 84.244 83.188 63.148 0.000 0.000 0.000 0.000 0.000 0.000 0.000 11.483 0.000 22.694 19.678 15.644 15.593 17.528 34.447 23.346 15.223 16.080 15.936 14.798 19.669 21.551 20.444 17.355 15.280 15.216 15.161 16.112 29.067 51.025 51.983 53.940 49.891
51.020 50.977 50.939 55.909 0.000 0.000 16.814 8.732 42.679 51.632 49.584 51.530 63.471 35.388 29.352 0.000 0.000 0.000 0.000 0.000 0.000 0.000 0.000 0.000 0.000 0.000 64.616 69.507 83.411 85.292 85.422 83.519 91.424 83.309 84.980 84.671 84.610 84.533 84.467 76.411 53.372 0.000 0.000 0.000 0.000 0.000 0.000 0.000 0.000 0.000 26.854 21.834 15.797 13.745 16.679 16.597 32.491 25.351 16.165 16.990 14.832 21.689 21.557 18.437 12.346 15.274 15.215 17.164 31.120 50.080 52.043 55.008 46.974 7.932
50.101 50.061 50.028 53.007 23.013 19.976 51.895 56.826 50.770 48.718 55.669 65.620 68.577 0.000 0.000 0.000 0.000 0.000 0.000 0.000 0.000 0.000 0.000 0.000 0.000 0.000 66.780 74.705 84.610 85.600 84.639 91.836 91.636 84.344 85.045 84.905 84.825 84.750 84.681 66.616 48.558 0.000 0.000 0.000 0.000 0.000 0.000 0.000 0.000 0.000 25.034 23.008 22.966 19.912 12.847 14.770 15.671 31.524 31.238 28.026 24.852 17.698 16.552 13.402 14.318 15.256 19.205 39.161 51.123 51.089 52.059 51.034 42.017 0.000
65.178 64.139 62.106 59.079 60.057 60.019 56.964 57.908 59.855 59.804 65.754 67.703 25.640 0.000 0.000 0.000 0.000 0.000 0.000 0.000 0.000 0.000 0.000 0.000 5.273 13.197 68.022 84.912 85.820 85.769 84.999 92.022 83.829 85.499 85.184 85.117 85.034 84.960 82.890 64.814 35.686 0.000 0.000 0.000 0.000 0.000 0.000 0.000 0.000 0.000 15.241 19.199 22.146 23.089 22.029 18.965 14.899 8.838 0.000 0.000 0.000 0.000 0.000 17.303 15.267 18.227 39.189 52.154 51.122 52.094 55.070 51.052 48.043 29.047
64.249 63.211 65.177 67.146 66.116 65.080 63.035 60.988 60.939 61.889 57.839 57.800 0.000 0.000 0.000 0.000 0.000 0.000 0.000 0.000 0.000 0.000 0.000 0.000 54.349 77.296 76.198 85.106 85.996 86.124 84.229 92.194 85.926 85.528 85.401 85.315 85.236 85.165 81.106 61.064 0.000 0.000 0.000 0.000 0.000 0.000 0.000 0.000 0.000 22.643 17.490 14.401 16.331 21.270 23.214 23.163 24.120 15.092 0.000 0.000 0.000 0.000 0.000 18.238 16.222 32.198 53.170 51.143 51.118 51.096 52.077 51.063 51.054 42.053
50.316 51.278 58.245 67.213 73.182 61.148 55.110 50.069 48.023 46.973 52.915 31.857 0.000 0.000 0.000 0.000 0.000 0.000 0.000 0.000 0.000 0.000 0.000 0.000 60.480 76.439 84.370 86.288 86.259 85.393 92.498 92.353 87.948 85.751 85.588 85.508 85.429 85.360 80.305 55.272 0.000 0.000 0.000 0.000 0.000 0.000 0.000 0.000 22.927 17.797 17.676 17.583 16.508 13.446 18.395 22.354 23.328 20.318 0.000 0.000 0.000 0.000 21.176 15.191 19.186 47.171 51.152 51.131 51.112 51.094 51.079 51.067 51.060 26.057
49.378 53.342 58.310 60.280 63.251 53.221 49.189 50.153 50.114 52.065 29.990 0.000 0.000 0.000 0.000 0.000 0.000 0.000 0.000 0.000 0.000 0.000 0.000 0.000 46.650 75.612 85.552 86.458 86.593 84.707 92.632 85.505 87.175 85.852 85.784 85.694 85.613 85.541 76.482 49.447 0.000 0.000 0.000 0.000 0.000 0.000 0.000 22.182 18.058 17.941 17.835 17.746 17.673 17.613 14.565 13.532 16.518 23.535 23.621 0.000 0.000 0.000 15.161 16.164 34.159 51.149 50.135 50.119 51.104 51.090 51.077 51.068 50.062 16.059
49.436 51.403 52.374 50.347 49.322 50.297 49.271 49.242 49.212 54.185 0.000 0.000 0.000 0.000 0.000 0.000 0.000 0.000 0.000 0.000 0.000 0.000 0.000 0.000 54.859 83.809 86.740 86.719 85.856 92.874 92.758 88.507 86.204 86.056 85.964 85.873 85.788 86.707 66.637 54.587 0.000 0.000 21.902 0.000 21.619 23.563 23.460 18.306 18.183 18.074 17.978 17.895 17.824 17.767 17.722 16.691 13.677 22.683 23.708 16.707 0.000 0.000 23.145 15.144 23.139 29.130 32.119 36.107 42.095 48.084 50.074 50.066 48.061 13.058
50.490 50.460 50.435 50.412 49.392 49.373 49.355 49.333 48.308 56.278 7.278 0.000 0.000 0.000 0.000 0.000 0.000 0.000 0.000 0.000 0.000 0.000 0.000 39.278 75.118 86.023 86.917 87.063 85.161 92.978 85.968 87.638 86.319 86.241 86.142 86.049 85.957 86.865 58.770 36.678 0.000 0.000 17.902 0.000 16.676 18.609 18.512 18.399 18.293 18.196 18.108 18.030 17.964 17.908 17.865 15.834 17.818 23.814 20.819 0.000 0.000 0.000 22.130 21.128 20.123 19.115 18.106 17.096 21.086 32.076 28.068 30.062 34.057 15.054
48.540 48.514 48.493 48.476 48.462 48.450 49.441 51.430 53.407 28.343 0.000 0.000 0.000 0.000 0.000 0.000 0.000 0.000 0.000 6.433 0.000 0.000 9.558 50.437 81.317 87.211 87.202 86.235 93.158 93.073 88.962 86.665 86.513 86.416 86.318 86.222 86.126 82.027 28.898 0.000 0.000 0.000 17.903 23.904 18.800 18.687 18.581 18.485 18.395 18.309 18.229 18.156 18.092 18.038 17.995 14.964 23.945 23.936 19.935 0.000 0.000 0.000 21.119 20.115 21.109 21.102 21.094 21.085 21.076 20.068 20.062 19.057 18.053 18.051
49.585 52.564 56.548 59.536 63.528 65.526 68.529 67.537 59.548 0.000 8.954 32.978 1.010 0.000 0.000 0.000 0.000 0.000 37.440 64.433 4.428 0.000 43.679 76.596 86.494 87.399 87.335 86.564 93.231 85.408 87.091 86.771 86.692 86.592 86.494 86.395 87.297 74.220 0.000 0.000 0.000 0.000 0.000 18.010 18.932 20.760 20.639 18.565 18.493 18.417 18.342 18.272 18.210 18.157 15.114 20.082 23.062 24.052 15.051 0.000 0.000 0.000 5.111 26.104 26.098 23.090 20.082 20.074 21.066 22.060 22.054 21.050 21.047 22.047
50.626 57.610 66.598 67.591 66.590 65.597 64.612 61.642 55.700 30.832 47.930 65.990 35.040 19.077 0.000 0.000 0.000 8.460 47.447 61.431 0.356 19.033 60.883 85.771 88.674 87.527 87.748 85.729 93.290 87.397 87.110 86.959 86.864 86.767 86.669 86.566 88.450 32.335 0.000 0.000 0.000 0.000 0.000 14.194 20.159 0.896 0.726 17.646 18.594 18.524 18.451 18.382 18.320 17.266 15.223 24.190 24.168 21.159 15.167 21.212 0.000 0.000 0.000 37.092 52.087 45.079 41.071 37.063 33.056 36.050 36.045 19.042 20.041 21.043
51.663 54.650 57.643 56.641 54.645 52.658 50.682 48.720 48.779 57.864 59.945 57.011 54.068 58.113 6.152 0.000 0.000 48.474 78.457 29.418 25.328 59.176 83.049 87.943 87.819 87.953 85.917 93.369 85.810 87.523 87.207 87.132 87.036 86.943 86.851 89.751 46.600 0.000 0.000 0.000 0.000 0.000 0.000 16.414 21.395 0.000 0.000 14.767 18.712 18.636 18.557 18.485 18.421 15.366 23.321 24.286 23.262 14.248 18.247 18.257 0.000 0.000 0.000 5.087 35.081 53.069 52.059 52.052 52.045 52.040 46.036 36.033 22.031 0.005
51.696 51.687 50.682 50.684 51.692 51.709 51.736 49.777 50.832 55.902 58.974 55.043 50.105 53.157 8.192 0.000 0.000 40.504 50.490 28.455 61.388 76.293 85.195 88.102 88.054 87.168 93.764 93.514 86.806 87.534 87.389 87.298 87.206 87.119 87.041 89.987 0.000 0.000 5.367 14.367 0.000 0.000 17.766 20.654 19.614 26.647 0.000 14.944 18.853 18.750 18.658 18.579 16.513 18.456 24.410 24.373 16.345 17.326 18.316 18.313 0.000 0.000 0.000 0.000 0.000 35.058 51.046 51.039 51.034 51.029 52.025 52.022 27.021 0.000
51.724 51.718 51.716 51.720 51.731 51.750 50.778 49.819 53.872 57.937 58.008 53.081 49.153 54.218 7.266 0.000 0.000 36.549 5.545 52.523 76.478 82.413 88.344 88.219 88.451 86.457 93.985 86.237 87.946 87.630 87.557 87.463 87.373 87.286 94.205 78.170 0.000 1.367 51.367 37.367 0.000 0.000 12.878 20.822 19.759 19.681 25.510 23.213 22.005 18.853 18.745 18.663 15.595 23.537 24.489 20.450 15.420 18.397 18.379 20.365 24.375 0.000 0.000 0.000 0.000 0.000 48.030 51.026 51.021 51.017 52.014 50.011 24.009 0.000
51.749 51.745 51.744 51.750 51.761 50.780 49.809 51.848 55.900 58.965 55.040 50.121 49.208 52.297 34.387 21.512 22.579 18.598 19.617 59.613 80.587 86.545 88.466 88.633 86.649 94.370 94.187 87.250 87.960 87.810 87.718 87.626 87.537 92.447 35.324 50.319 20.357 51.366 59.368 0.000 0.000 0.000 12.047 20.998 19.919 19.808 29.637 40.392 14.102 23.911 19.809 16.732 18.666 24.609 23.560 14.520 17.488 18.462 18.437 5.396 6.385 0.000 0.000 0.000 0.000 0.000 29.017 50.013 51.009 51.006 55.002 50.998 39.996 0.000
51.771 51.767 51.768 51.773 51.784 49.802 49.829 53.865 60.915 61.984 58.064 53.156 51.260 51.375 53.476 53.568 62.628 3.646 37.713 75.727 82.714 88.685 88.687 87.849 94.696 94.538 87.619 88.394 88.052 87.975 87.876 87.785 87.703 95.641 0.000 33.424 35.385 25.374 27.371 0.000 0.000 0.000 15.267 21.203 20.111 25.995 41.840 18.616 0.000 4.879 17.848 15.791 23.730 24.673 20.623 17.582 18.550 18.526 20.511 0.000 0.000 0.000 0.000 0.000 0.000 21.009 2.009 41.002 50.997 50.994 55.990 50.986 50.980 39.967
51.789 51.786 51.786 51.791 50.801 49.816 51.838 58.868 35.913 11.992 11.078 8.178 38.302 55.467 50.572 53.658 34.719 0.000 42.862 80.866 86.865 88.797 89.078 87.133 94.841 87.964 88.736 88.299 88.236 88.127 88.029 87.936 88.849 86.774 8.716 8.570 0.000 0.000 0.000 0.000 0.000 14.723 22.550 20.436 19.330 39.220 43.112 0.000 0.000 0.000 13.913 19.856 24.790 24.729 14.677 18.636 18.604 18.582 21.571 0.000 0.000 0.000 0.000 0.000 0.000 0.000 0.000 28.987 50.985 50.983 56.980 50.976 50.971 44.964
51.804 51.800 51.800 50.804 49.812 51.824 54.839 62.858 21.876 0.000 0.000 0.000 0.000 37.619 52.688 53.774 39.870 41.993 68.007 85.020 88.996 89.215 87.278 95.097 94.975 88.950 88.640 88.487 88.379 88.277 88.178 88.080 90.983 75.890 4.803 0.000 0.000 0.000 0.000 0.000 0.000 14.896 21.776 20.660 18.554 46.442 7.277 0.000 0.000 20.178 25.035 24.929 24.845 22.777 17.722 18.680 18.649 18.629 20.619 0.000 24.673 0.000 0.000 0.000 0.000 0.000 0.000 21.975 50.974 50.973 50.971 50.968 50.965 48.961
51.815 51.812 51.811 50.814 49.819 53.827 57.838 61.849 19.857 0.000 0.000 0.000 0.000 17.702 60.786 55.879 61.996 75.102 84.155 88.178 89.238 88.436 95.312 95.208 88.298 89.068 88.721 88.633 88.525 88.423 88.324 92.224 55.113 27.002 0.000 0.000 0.000 0.000 0.000 0.000 17.432 22.189 21.000 22.874 19.783 43.720 0.000 0.000 15.566 22.322 38.120 26.982 23.884 19.811 17.755 17.713 18.684 18.665 18.658 23.670 19.674 10.673 0.000 0.000 0.000 17.957 19.958 18.963 50.964 50.964 50.962 50.961 50.959 48.958
51.824 51.820 51.819 49.820 51.824 57.829 58.836 56.842 43.846 4.843 0.000 0.000 0.000 0.000 13.874 9.962 50.133 81.264 85.333 89.339 89.562 87.731 95.405 87.621 89.395 88.956 88.886 90.770 89.665 88.567 88.473 94.377 17.245 0.000 0.000 0.000 0.000 0.000 0.000 37.901 37.676 25.427 22.161 33.056 27.983 28.934 0.000 0.000 13.810 18.425 29.142 24.996 28.898 22.828 25.775 24.736 21.707 18.689 17.680 17.679 23.678 0.000 0.000 0.000 0.000 14.956 14.955 24.956 50.956 50.956 50.955 50.954 50.954 24.956
