results4_8e4_rain/res_4e8f-0094.wd
ncols         241
nrows         181
xllcorner     12693529.787448
yllcorner     3542525.717860
cellsize      155.156523
NODATA_value  -9999.000000
[rows 33 to 65 of 181, columns 146 to 218 of 241]
61.338 60.570 60.315 60.976 27.662 39.361 61.079 54.801 33.434 0.000 0.000 19.509 0.000 0.518 16.526 41.542 28.544 0.000 0.000 0.000 33.168 41.142 0.000 25.793 17.744 18.667 22.537 31.402 49.253 40.142 35.038 29.953 30.881 30.818 29.759 28.701 27.634 35.534 45.424 37.353 37.286 35.208 14.120 28.038 35.940 0.000 4.676 9.163 32.814 30.509 35.215 44.918 37.600 32.201 0.000 0.000 14.431 14.597 21.503 0.000 0.000 0.000 0.000 0.000 0.000 0.000 0.000 0.000 0.000 0.000 0.000 0.000 0.000
61.230 60.992 60.665 61.358 39.061 56.785 59.545 53.375 0.000 0.000 0.000 21.509 0.000 0.000 0.000 25.582 25.574 33.565 0.000 46.266 34.195 21.116 29.997 20.861 18.761 18.660 17.542 19.417 47.290 45.177 45.074 46.983 39.904 41.832 40.765 40.698 40.627 41.545 45.461 43.390 44.325 39.262 16.204 15.163 0.000 0.000 1.272 15.000 22.771 17.499 23.217 35.939 35.683 33.508 0.000 0.000 0.000 20.070 0.000 0.000 0.000 0.000 0.000 0.000 0.000 23.295 22.309 24.323 14.333 17.339 0.000 0.000 0.000
61.648 61.327 61.024 60.725 60.439 61.174 52.941 39.780 0.000 0.000 0.000 0.000 0.000 0.000 0.000 22.630 19.606 32.557 37.463 29.336 38.233 36.129 17.014 17.893 18.780 18.669 30.553 34.434 38.315 31.202 28.097 38.003 11.919 18.842 13.771 13.701 13.630 16.557 42.486 31.422 29.363 31.312 16.271 18.247 0.000 0.000 11.040 68.012 0.000 0.000 0.000 0.000 36.683 35.642 0.000 0.000 0.000 17.543 14.773 16.909 15.001 23.069 29.125 21.179 43.231 50.281 48.309 33.326 13.338 12.346 16.352 0.000 0.000
61.978 61.675 61.374 61.080 61.797 56.529 38.266 29.023 38.023 0.000 0.000 0.000 0.000 0.000 0.000 19.703 18.662 21.593 17.497 28.383 31.270 34.155 23.037 17.916 17.799 17.683 42.568 48.451 30.335 24.219 24.110 25.013 21.927 21.848 21.775 22.704 25.636 22.569 43.505 35.446 33.395 33.352 15.321 29.308 55.323 0.000 3.018 55.997 0.000 0.000 0.000 0.000 36.726 34.734 12.793 17.828 15.834 13.787 13.867 13.953 13.025 20.081 27.128 14.180 32.234 50.291 46.319 26.336 11.347 11.355 16.359 0.000 0.000
62.324 62.017 61.717 61.424 58.141 43.879 32.572 0.000 0.000 0.000 0.000 24.586 0.000 0.000 0.000 18.816 19.748 19.656 18.548 18.430 24.309 17.185 17.061 18.937 17.816 16.698 40.583 37.469 45.353 49.229 48.112 43.013 38.927 40.849 36.776 40.707 40.640 41.577 45.518 43.465 44.418 40.381 15.354 27.340 49.339 0.000 0.000 58.962 0.000 0.000 0.000 0.000 33.761 36.777 15.816 13.858 13.887 13.905 13.955 14.013 13.065 20.104 29.127 0.000 0.000 8.331 51.342 27.352 11.361 11.367 15.370 0.000 0.000
62.663 62.353 62.053 61.758 51.463 33.273 0.000 0.000 0.000 0.000 22.632 25.587 38.501 38.377 26.215 18.998 18.859 19.734 19.609 18.481 17.349 18.217 18.085 17.956 16.831 25.711 44.597 23.489 37.379 14.234 47.095 37.000 35.919 35.845 32.774 37.706 38.642 38.581 45.526 43.476 40.433 40.399 15.374 29.359 48.354 0.000 0.000 51.926 0.000 0.000 0.000 0.000 37.781 36.797 12.838 14.902 13.950 14.992 15.036 15.079 16.117 24.144 4.148 0.000 0.000 9.359 51.365 32.371 19.377 13.382 16.384 0.000 0.000
62.994 62.678 63.385 56.091 43.680 33.476 0.000 0.000 0.000 0.000 19.678 36.627 30.538 19.417 21.269 21.103 18.954 17.814 19.675 18.534 19.391 19.248 19.107 17.970 17.840 37.718 37.606 37.510 37.441 0.000 19.033 16.972 17.906 17.837 18.769 22.703 25.640 23.581 43.528 37.480 31.440 33.408 16.384 28.370 47.363 0.000 0.000 24.892 15.878 0.000 0.000 0.000 31.786 14.791 0.000 9.961 16.021 20.076 27.118 27.152 27.181 29.206 1.224 0.000 0.000 57.383 50.387 52.391 40.396 15.400 16.402 0.000 0.000
63.306 62.981 62.718 48.542 0.362 0.000 0.000 0.000 0.000 0.000 35.775 30.707 20.607 21.483 21.342 21.191 21.041 18.892 17.742 17.589 19.434 18.278 18.125 16.979 18.841 33.715 24.601 33.503 34.434 0.000 0.000 32.949 31.896 31.829 31.762 33.696 33.634 34.576 46.524 42.478 37.439 39.408 15.386 24.372 52.366 0.000 0.000 83.871 52.864 19.854 6.849 0.000 0.000 0.000 0.000 0.000 13.097 22.174 26.209 25.231 28.249 30.283 16.333 21.378 37.400 52.404 50.408 50.412 38.416 15.419 15.422 0.000 0.000
63.578 64.221 55.963 38.827 0.000 0.000 0.000 0.000 0.000 43.085 36.939 20.821 21.699 21.568 21.426 21.278 21.126 20.972 17.813 18.648 18.477 18.305 19.137 17.978 17.832 20.699 25.579 37.468 24.359 36.217 41.094 33.981 42.898 32.824 33.753 36.686 35.623 34.566 44.514 40.469 28.431 27.400 16.379 23.367 52.364 0.000 0.000 74.859 64.855 41.849 10.844 0.000 0.000 0.000 0.000 0.000 0.000 33.314 25.314 19.313 16.302 31.344 18.376 20.402 28.418 49.425 51.429 49.433 35.436 15.440 12.446 16.460 10.466
71.776 69.361 42.088 31.976 0.000 0.000 0.000 21.518 35.416 36.231 30.076 24.938 21.801 21.662 21.517 21.368 20.215 23.057 27.891 23.712 18.521 19.328 18.141 17.965 17.809 17.672 24.548 25.432 23.318 30.198 29.085 23.982 35.893 15.814 23.740 30.672 29.609 23.550 42.498 35.453 15.414 14.384 17.363 19.354 23.359 0.000 0.000 52.850 32.847 69.842 55.836 0.000 0.000 43.688 17.661 15.617 15.553 17.455 28.419 22.407 0.000 43.416 31.426 27.437 25.445 36.450 52.452 44.454 27.456 16.458 12.462 19.468 43.473
0.000 0.000 21.050 39.013 0.000 0.000 23.727 33.620 47.498 31.348 30.198 30.052 22.907 21.762 21.613 21.462 28.308 36.149 36.980 28.791 23.567 18.346 17.134 17.931 21.768 18.631 17.508 16.393 22.282 23.172 22.067 22.969 24.880 17.798 23.723 28.653 30.588 26.529 42.476 36.429 18.390 17.359 17.337 13.326 0.000 0.000 0.000 8.846 27.843 27.836 61.822 76.794 69.760 37.716 23.679 24.637 24.588 27.533 49.501 67.489 76.502 75.479 77.474 76.474 70.476 64.476 56.476 39.476 22.476 13.476 14.477 27.479 46.480
12.914 0.000 0.000 0.000 0.000 0.000 26.834 46.738 38.610 41.465 38.315 28.165 21.015 21.864 21.712 32.559 37.407 33.253 28.091 24.903 27.609 22.357 22.116 17.858 22.702 16.576 17.462 18.352 17.245 17.141 17.041 16.947 15.859 16.777 16.700 20.629 26.563 25.503 43.448 37.399 16.357 17.324 17.300 16.287 0.000 0.000 0.000 12.844 38.842 27.838 29.824 44.800 55.770 65.736 67.702 73.666 76.628 76.590 75.562 71.546 62.538 60.525 62.516 65.511 67.508 68.504 66.501 70.498 62.495 29.493 16.491 35.490 52.489
51.607 8.491 0.000 0.000 0.000 28.221 44.037 36.887 28.738 36.587 40.433 41.279 31.123 19.967 29.811 38.657 28.507 20.363 20.230 22.122 0.000 0.000 0.000 14.683 18.607 20.511 20.410 17.308 17.206 18.107 17.011 16.919 16.832 17.750 16.673 16.601 16.533 19.470 36.413 35.362 17.317 17.280 17.252 18.237 19.236 0.000 0.000 11.845 29.845 30.850 42.836 29.812 9.785 13.757 49.729 73.698 57.667 52.637 55.613 48.595 34.581 23.567 14.556 12.547 13.539 23.533 21.527 16.521 55.515 70.510 48.505 46.502 50.499
0.000 22.375 0.195 0.000 27.621 37.405 44.208 28.034 30.870 28.711 26.552 34.393 39.233 34.071 37.909 26.751 20.601 21.464 21.343 29.232 0.000 0.000 0.000 11.584 20.531 31.451 32.359 27.263 23.165 25.069 20.976 19.886 17.800 16.719 16.641 17.568 16.498 16.433 19.373 28.318 16.269 16.227 17.193 16.170 0.000 0.000 0.000 0.000 0.000 44.879 28.859 13.829 27.801 29.777 75.758 56.731 39.704 21.680 12.659 13.640 14.623 15.608 15.594 15.581 14.571 12.561 11.552 12.543 20.535 57.526 65.519 50.514 49.509
0.000 8.265 30.668 32.237 30.838 45.570 30.356 24.170 25.998 24.834 21.672 20.509 35.344 42.176 45.005 32.836 22.681 19.550 27.446 0.000 0.000 0.000 0.000 14.538 24.483 31.404 32.314 32.219 34.124 42.030 39.938 35.850 33.765 29.683 23.605 18.530 16.459 17.392 16.328 21.269 14.214 15.166 16.123 18.082 39.028 0.000 0.000 0.000 6.986 48.931 8.890 17.844 8.813 47.795 65.794 25.765 13.738 15.720 15.702 15.683 15.665 15.647 12.630 12.615 11.601 12.589 12.578 12.567 28.555 43.541 16.530 76.525 48.522
0.000 7.751 30.497 23.207 41.922 41.683 36.476 27.292 21.120 21.955 22.792 33.628 36.459 28.282 31.097 39.909 40.736 30.608 0.000 0.000 0.000 0.000 19.627 25.546 29.460 28.368 29.273 29.176 27.080 33.988 34.898 34.811 35.726 32.645 31.566 32.490 23.417 18.346 19.279 16.215 17.155 16.100 15.050 17.007 31.975 0.000 0.000 0.000 7.042 50.967 12.928 0.000 0.000 0.000 32.859 14.796 15.765 13.761 13.747 13.727 12.706 11.685 12.665 12.647 11.631 12.617 11.604 10.591 13.577 9.552 5.538 69.533 78.537
0.000 4.493 24.361 34.170 43.962 34.762 34.575 36.401 34.235 25.074 30.914 39.752 28.582 21.398 20.193 25.968 35.746 42.540 6.351 0.000 23.104 22.925 17.708 26.561 31.442 32.336 28.233 28.132 20.035 16.943 16.854 16.769 15.685 13.604 20.525 34.447 33.372 32.298 27.226 18.157 16.091 17.028 15.970 15.922 16.889 0.000 0.000 0.000 22.174 0.000 0.000 0.000 0.000 0.000 11.987 0.000 0.000 11.813 10.797 10.773 11.747 13.722 13.698 13.678 12.660 12.644 10.630 10.618 11.610 0.000 0.000 0.000 72.557
0.000 3.366 27.285 46.151 36.993 33.827 33.663 34.502 33.345 35.191 40.039 28.884 22.719 22.534 22.309 21.024 21.739 27.455 44.162 41.742 20.284 18.962 17.720 18.546 30.413 28.300 39.194 27.083 19.985 17.895 18.808 17.725 22.643 30.562 26.482 20.403 26.325 36.248 33.172 32.097 23.023 15.951 15.883 16.820 14.772 0.000 0.000 22.305 10.306 0.000 0.000 24.217 19.218 18.185 10.115 0.000 0.000 16.882 13.855 13.822 13.788 13.757 13.730 13.707 13.687 13.669 13.654 12.642 13.635 15.638 5.635 0.000 14.576
0.000 16.322 41.260 37.158 26.031 30.892 35.747 30.600 36.453 42.306 34.166 22.026 20.878 22.710 22.486 26.081 26.733 20.379 31.099 26.780 23.328 19.920 16.665 23.492 27.362 29.258 20.158 47.022 34.928 24.843 16.760 22.679 41.599 51.519 44.439 21.358 23.278 26.197 30.116 35.035 32.954 28.872 17.790 14.703 21.608 27.486 0.000 0.000 18.439 0.000 0.000 0.000 14.252 14.221 14.174 19.138 18.073 13.977 12.920 13.873 13.825 13.788 13.758 13.733 13.711 13.692 13.675 13.661 12.650 12.643 13.633 16.618 12.597
3.376 37.339 43.277 28.190 23.082 24.961 26.833 37.699 41.561 52.415 51.293 44.175 33.058 21.941 24.843 0.000 0.000 19.228 25.077 21.951 0.000 17.724 21.529 38.394 37.288 40.212 0.000 11.921 51.861 45.788 31.711 37.633 55.555 55.476 53.396 22.314 28.231 28.147 30.061 17.973 26.885 32.795 31.701 30.596 43.470 52.364 0.000 0.000 8.572 33.705 0.000 0.000 37.316 18.276 18.222 18.167 18.104 19.034 12.976 11.924 15.853 12.811 12.782 12.757 12.734 13.713 12.694 11.678 11.663 11.651 11.638 11.623 10.608
2.414 48.380 34.321 23.241 23.146 23.039 35.924 33.803 50.676 65.502 62.415 59.325 54.236 45.156 36.102 0.000 0.000 0.000 13.031 23.997 0.000 0.000 14.333 32.267 31.183 46.090 17.960 18.880 51.809 56.737 52.663 51.588 54.512 54.434 55.354 34.272 26.187 28.099 28.007 17.913 26.818 20.721 39.624 10.510 49.311 71.137 41.876 11.709 0.000 11.839 0.000 13.526 73.422 26.343 28.272 28.206 24.141 25.079 17.028 11.994 0.000 12.821 12.802 15.779 18.755 28.732 18.711 13.692 14.675 14.659 14.644 14.629 14.615
34.486 38.446 32.385 30.309 25.222 37.126 31.021 43.912 21.838 0.000 42.539 61.476 60.405 61.344 44.307 0.000 0.000 0.000 7.019 30.008 0.000 0.000 11.203 26.159 21.088 48.004 58.910 58.831 54.758 54.687 54.617 55.544 54.471 54.394 54.315 48.232 23.145 25.054 22.957 17.856 28.751 29.648 32.563 0.000 34.129 69.996 39.783 57.543 18.240 3.973 15.813 71.631 59.502 31.402 25.318 27.243 21.175 15.114 13.063 11.029 0.000 18.850 26.828 34.801 41.775 50.749 39.726 19.705 13.686 14.668 14.651 14.635 14.621
45.599 34.532 34.463 30.388 37.307 34.220 37.124 60.987 47.926 30.868 51.726 60.636 59.564 58.508 38.475 0.000 0.000 0.000 0.000 0.000 0.000 0.000 17.118 26.078 37.006 52.927 54.848 54.774 54.706 54.639 54.571 54.503 54.432 54.358 54.280 54.198 40.109 30.014 22.912 15.801 19.684 19.558 24.418 43.222 29.080 63.934 49.718 56.439 63.205 49.001 53.836 62.683 38.554 39.447 25.355 24.274 16.203 13.139 14.082 16.031 29.972 35.902 53.859 52.824 51.793 50.765 50.740 40.716 18.695 13.676 14.657 14.641 14.625
36.694 24.621 26.548 38.474 35.398 35.325 5.266 0.000 40.012 65.952 60.860 59.778 61.708 43.650 29.609 13.633 0.000 0.000 0.000 0.000 0.000 0.000 23.073 40.028 51.933 54.851 54.779 54.714 54.652 54.590 54.528 54.464 54.397 54.326 54.250 54.169 55.080 48.982 40.874 32.755 30.624 33.482 24.329 41.169 20.036 61.942 0.000 15.289 50.139 21.990 12.847 68.710 32.585 36.476 34.381 15.297 13.223 14.157 14.097 22.040 42.984 53.928 50.882 50.843 50.809 47.779 46.751 44.726 43.703 17.682 13.663 13.645 13.628
26.785 23.710 36.635 36.561 31.487 51.416 5.350 14.288 54.158 61.069 59.985 59.909 59.840 35.775 35.680 46.656 0.000 0.000 0.000 0.000 0.000 0.000 0.000 0.000 48.849 60.764 55.704 54.650 54.597 54.543 54.487 54.428 54.366 54.299 54.227 54.148 54.060 54.960 55.848 52.721 52.577 55.416 35.247 41.088 14.953 55.857 0.000 0.000 46.074 15.975 25.851 59.724 40.602 32.492 36.395 13.311 14.236 13.169 15.107 25.050 45.996 46.944 51.898 50.858 45.822 42.790 46.761 51.734 50.710 39.688 20.667 19.648 18.631
22.877 36.798 37.722 25.647 36.574 57.501 50.430 56.355 62.263 60.180 60.102 60.031 56.971 40.928 0.000 0.000 0.000 0.000 0.000 0.000 0.000 0.000 0.000 0.000 0.000 5.653 46.624 55.586 54.544 54.498 54.448 54.396 54.339 54.278 54.211 56.136 55.051 54.952 53.836 55.703 54.548 54.359 44.155 41.984 18.831 30.675 60.447 39.267 47.108 15.983 43.861 37.733 40.609 28.493 22.397 14.315 14.242 14.175 22.114 27.058 28.004 32.955 40.910 38.869 39.832 50.799 50.768 50.741 50.715 51.692 45.670 41.650 39.632
37.965 37.885 26.808 22.732 37.659 56.586 62.514 61.440 60.361 60.285 60.212 61.144 52.083 45.040 0.000 0.000 0.000 0.000 0.000 0.000 0.000 0.000 0.000 0.000 2.570 22.570 49.554 55.527 54.494 54.456 54.414 54.368 54.317 54.263 56.202 56.135 56.056 47.961 52.841 55.709 58.555 56.315 50.033 45.861 33.714 17.566 65.400 48.246 50.108 14.989 60.876 24.739 5.608 22.475 13.386 14.310 13.241 22.177 28.117 27.062 27.010 25.961 18.917 14.876 44.839 50.805 50.773 50.745 50.718 50.694 51.672 51.651 51.632
35.048 25.968 23.891 21.817 38.743 58.672 60.600 60.529 60.457 60.387 60.318 62.250 41.177 39.108 0.000 0.000 0.000 0.000 0.000 0.000 0.000 0.000 0.000 0.000 0.000 36.504 55.494 54.475 54.450 54.419 54.383 54.344 56.301 55.253 55.202 55.145 49.079 26.995 42.858 52.737 3.646 0.000 27.800 34.712 43.599 30.474 51.341 69.210 54.090 20.988 62.917 0.000 0.000 11.415 14.363 14.299 16.236 26.175 24.117 25.063 27.012 29.964 23.920 24.880 40.842 50.808 50.776 50.747 50.720 50.695 50.672 50.651 50.631
26.128 24.049 28.973 33.899 48.827 60.756 60.687 60.619 60.551 60.487 60.424 61.360 48.268 0.000 0.000 0.000 0.000 0.000 0.000 21.314 0.000 0.313 0.000 0.000 0.000 11.448 46.443 53.430 54.411 54.386 54.357 54.324 56.288 54.249 54.207 54.163 38.120 34.083 0.000 0.000 0.000 0.000 12.654 19.589 41.497 27.391 32.279 75.165 58.055 36.957 46.886 0.000 41.450 18.407 14.350 14.289 16.228 25.169 36.113 36.061 38.011 43.964 38.921 49.881 50.844 50.809 50.777 50.747 50.720 50.695 50.671 50.649 50.629
27.205 24.128 31.052 49.980 60.909 60.840 60.773 60.707 60.644 60.584 60.533 66.496 0.000 0.000 0.000 0.000 0.000 0.000 21.314 33.315 20.316 35.317 31.319 0.000 1.373 33.398 40.400 51.392 54.378 54.359 54.335 55.308 54.278 54.247 54.214 50.182 39.154 44.135 0.000 0.000 0.000 0.000 29.574 21.495 39.407 15.316 17.218 65.115 64.008 55.899 41.784 41.626 30.494 25.412 14.343 14.279 14.219 24.161 46.107 53.056 52.007 51.962 43.919 50.879 50.842 50.808 50.776 50.746 50.718 50.693 50.669 50.647 50.626
25.280 23.204 38.130 58.059 61.990 60.922 60.857 60.794 60.732 60.675 60.626 67.597 0.000 0.000 0.000 0.000 0.000 0.000 10.314 30.315 30.315 29.317 32.321 16.331 24.347 32.362 32.366 49.362 55.351 54.336 54.317 54.295 54.271 54.246 55.221 47.198 43.179 37.168 0.000 0.000 0.000 0.000 0.000 21.408 40.322 17.246 13.164 52.069 68.963 65.848 46.726 25.600 24.489 25.403 16.331 13.266 14.207 17.151 28.098 48.048 51.001 50.957 42.915 50.875 50.839 50.804 50.772 50.743 50.715 50.689 50.665 50.643 50.622
24.352 26.277 46.205 62.135 61.068 61.003 60.940 60.878 60.817 60.757 62.700 60.668 0.000 0.000 0.000 0.000 0.000 0.000 0.000 35.314 41.315 46.316 37.318 36.324 30.332 26.339 37.341 51.337 54.329 54.317 57.301 55.284 54.265 54.245 54.226 49.210 41.197 36.191 11.196 0.000 0.000 0.000 0.000 0.000 32.226 18.185 14.121 47.036 77.928 58.805 37.672 28.557 30.461 28.381 23.311 12.249 14.192 13.138 17.087 36.038 50.992 50.949 42.908 50.869 50.833 50.799 50.767 50.738 50.710 50.684 50.660 50.638 50.617
24.422 34.348 54.278 62.210 61.145 61.083 61.022 60.961 60.901 61.837 59.748 47.708 31.708 0.000 0.000 0.000 0.000 0.000 0.000 36.313 45.313 45.313 49.313 51.315 34.319 33.321 48.321 54.317 54.311 54.301 55.289 54.275 54.260 54.245 54.230 52.217 40.208 41.202 35.202 0.000 0.000 0.000 0.000 0.000 18.172 18.146 12.099 57.027 44.909 50.771 20.600 40.498 34.417 27.347 27.285 18.227 13.173 14.122 13.073 25.026 47.982 49.939 43.899 50.861 51.826 50.792 50.761 50.731 50.704 50.678 50.654 50.631 50.611
