results4_8e4_rain/res_4e8f-0070.wd
ncols         241
nrows         181
xllcorner     12693529.787448
yllcorner     3542525.717860
cellsize      155.156523
NODATA_value  -9999.000000
[rows 96 to 127 of 181, columns 74 to 147 of 241]
53.835 53.827 53.821 52.818 51.819 53.824 56.832 64.843 23.854 0.000 0.000 0.000 0.000 39.406 54.461 55.530 41.608 43.708 69.703 86.704 90.670 90.881 88.936 96.741 96.618 90.593 90.282 90.129 90.020 89.917 89.817 89.718 92.621 77.527 6.439 0.000 0.000 0.000 0.000 0.000 0.000 19.647 26.528 25.411 23.301 51.185 12.011 0.000 0.000 24.914 29.764 29.654 29.567 27.496 22.439 23.395 23.363 23.342 25.333 0.000 29.402 0.000 0.000 0.000 0.000 0.000 0.000 26.350 55.350 55.349 55.347 55.345 55.343 53.340
53.850 53.841 53.835 52.832 51.831 55.833 59.837 63.843 21.847 0.000 0.000 0.000 0.000 19.477 62.547 57.625 63.724 76.812 85.850 89.860 90.911 90.100 96.959 96.854 89.943 90.712 90.364 90.276 90.167 90.064 89.965 93.863 56.752 28.639 0.000 0.000 0.000 0.000 0.000 0.000 22.192 26.945 25.769 27.643 24.547 48.480 0.000 0.000 20.306 27.064 42.859 31.716 28.614 24.537 22.479 22.436 23.405 23.386 23.381 28.397 24.403 15.402 0.000 0.000 0.000 22.338 24.339 23.343 55.343 55.343 55.342 55.341 55.340 53.339
53.862 53.853 53.847 51.843 53.841 59.841 60.842 58.844 45.845 6.845 0.000 0.000 0.000 0.000 15.623 11.700 51.852 82.967 87.022 91.018 91.232 89.393 97.054 89.268 91.041 90.601 90.531 92.413 91.309 90.209 90.115 96.018 18.885 0.000 0.000 0.000 0.000 0.000 3.842 42.717 42.439 30.173 26.958 37.847 32.764 33.708 0.000 0.000 18.549 23.177 33.891 29.739 33.636 27.561 30.506 29.464 26.435 23.416 22.408 22.409 28.409 0.000 0.000 0.000 0.000 19.338 19.337 29.338 55.338 55.338 55.337 55.336 55.336 29.337
53.871 53.863 52.857 52.852 57.849 60.847 57.846 53.845 53.845 47.845 3.845 0.000 0.000 0.000 0.000 0.000 10.018 68.181 93.228 91.274 90.471 97.215 97.140 90.241 90.933 90.774 90.659 91.549 91.444 90.349 94.267 53.209 0.000 0.000 0.000 0.000 0.000 0.000 14.968 40.870 52.675 20.351 2.089 32.022 34.955 32.881 36.794 33.560 31.163 0.686 24.792 28.711 43.630 49.566 52.518 50.481 45.455 38.437 33.426 28.421 6.415 0.000 0.000 0.000 0.000 0.334 18.334 30.334 54.334 55.333 55.333 55.332 53.332 0.000
53.879 52.871 50.865 54.860 59.856 60.853 60.848 54.846 51.845 56.845 56.845 17.845 0.000 13.426 43.400 20.361 0.153 56.517 96.438 91.714 91.751 97.278 89.572 91.354 91.002 90.908 90.790 90.677 90.571 92.475 91.395 27.341 0.000 0.000 0.000 0.000 0.000 0.000 19.191 25.121 36.041 0.000 0.000 27.203 35.153 34.069 37.940 37.723 8.443 0.000 19.738 33.685 38.606 59.556 60.518 60.488 61.466 62.450 60.440 41.435 0.000 0.000 0.000 0.000 0.000 0.000 17.332 30.330 54.330 55.329 55.328 55.328 48.327 8.327
52.884 52.877 55.871 58.867 59.863 34.861 0.000 27.846 63.845 36.845 10.845 2.845 0.000 24.453 74.413 71.327 63.151 81.851 92.953 89.926 97.366 90.869 91.671 91.231 91.159 91.035 90.917 90.799 91.686 89.587 77.498 24.420 0.000 0.000 0.000 0.000 0.000 22.665 29.485 27.381 28.327 1.426 0.000 33.435 51.384 44.301 39.175 13.949 0.000 0.000 2.738 0.000 32.555 57.534 61.510 59.488 59.470 59.457 61.448 34.444 28.446 28.446 34.446 0.000 0.000 0.000 0.000 29.326 54.326 55.325 55.324 55.323 38.323 0.000
51.889 56.882 59.877 59.872 59.869 24.867 0.000 0.000 6.845 0.000 0.000 0.000 0.000 17.519 80.473 86.384 94.249 94.130 91.212 97.739 97.508 90.848 91.554 91.400 91.284 91.166 91.044 90.917 96.789 46.686 14.592 0.000 0.000 0.000 0.000 0.000 13.997 31.846 27.702 27.592 26.520 32.510 0.000 26.717 52.649 51.574 49.512 0.000 0.000 0.000 0.000 0.000 30.524 59.514 63.500 60.485 59.471 57.460 46.453 27.448 23.447 24.447 8.446 0.000 0.000 0.000 0.000 25.322 54.322 55.321 55.320 51.319 18.317 23.314
57.893 59.887 59.882 57.877 63.873 33.871 0.000 0.000 0.000 0.000 0.000 0.000 0.000 28.631 86.575 89.494 93.336 92.528 92.507 97.946 90.255 91.955 91.625 91.533 91.416 91.300 95.176 101.035 55.867 24.776 0.000 0.000 0.000 0.000 0.000 15.269 38.149 32.019 24.887 29.764 33.652 30.539 28.357 42.068 45.923 35.834 43.787 0.000 0.000 0.000 0.000 0.000 36.504 60.499 65.491 64.480 60.469 55.460 24.454 22.450 23.448 30.447 0.000 0.000 0.000 0.000 19.319 23.319 52.319 55.318 55.317 49.316 20.314 19.313
59.896 59.891 58.886 36.881 2.876 21.873 23.873 0.000 0.000 0.000 0.000 0.000 19.917 72.798 86.711 89.597 91.729 92.708 98.308 98.135 91.244 91.940 91.775 91.664 91.551 95.440 57.326 17.180 0.000 34.776 20.776 0.000 0.000 0.000 0.000 23.390 57.310 48.194 43.062 37.925 38.786 36.637 37.464 50.275 44.139 28.054 30.015 0.000 0.000 0.000 0.000 0.000 36.490 64.488 29.485 27.477 59.465 62.458 32.453 23.450 28.449 0.000 0.000 0.000 0.000 0.000 0.000 19.318 37.316 53.315 56.314 49.313 20.312 19.311
59.899 55.894 59.890 41.887 0.000 12.873 42.872 0.000 0.000 0.000 0.000 10.136 72.035 85.936 91.845 91.799 91.920 98.617 98.467 90.593 92.361 92.005 91.911 91.795 91.685 95.584 67.507 0.000 0.000 4.776 7.776 0.000 0.000 0.000 0.000 10.591 42.509 47.385 57.242 53.090 40.929 43.760 52.589 47.428 35.304 27.228 28.205 2.265 3.280 0.000 0.000 0.000 34.478 68.477 0.000 0.000 8.457 55.453 45.450 26.448 5.448 0.000 0.000 0.000 0.000 0.000 0.000 0.000 16.313 42.312 52.312 45.311 21.310 19.309
54.901 53.898 69.892 48.890 0.000 11.872 39.872 0.000 0.000 0.000 4.315 68.237 81.152 91.071 93.937 93.164 91.175 98.755 89.921 91.688 88.240 90.163 92.037 91.922 92.809 86.703 76.612 24.612 0.000 0.000 0.000 0.000 0.000 0.000 0.000 32.873 37.750 37.596 39.433 48.262 51.080 53.887 47.703 34.543 28.424 27.347 26.312 30.311 15.296 0.000 0.000 0.000 23.468 60.465 26.458 15.454 7.452 50.449 56.446 36.444 0.000 0.000 0.000 0.000 0.000 0.000 0.000 0.000 11.311 35.310 40.309 27.309 19.308 19.308
60.904 56.903 0.000 0.000 0.000 2.872 2.872 0.000 0.000 0.000 5.394 84.343 86.276 94.173 93.323 92.326 98.998 98.882 91.888 91.570 91.405 91.283 90.163 91.045 92.927 49.808 0.727 0.000 0.000 0.000 0.000 0.000 2.312 19.023 33.716 44.279 41.021 39.817 36.632 37.446 40.242 52.004 52.792 44.619 33.500 26.425 26.385 28.371 0.000 0.000 0.000 0.000 8.460 50.458 28.454 24.452 24.450 56.444 59.441 42.439 5.435 0.000 38.429 0.000 0.000 0.000 0.000 0.000 14.309 38.308 33.308 19.307 19.307 18.307
62.907 49.907 0.000 0.000 0.000 0.000 11.872 0.000 0.000 0.000 71.522 81.471 93.399 93.378 92.503 99.205 99.105 91.218 92.985 92.630 92.531 92.407 92.287 94.167 44.047 0.000 0.000 0.000 0.000 0.000 0.000 17.825 34.527 47.182 42.845 41.506 41.238 41.020 41.830 39.648 38.440 12.095 30.843 55.641 37.534 25.469 28.433 26.418 14.426 0.000 0.000 0.000 9.456 42.452 20.449 0.000 0.000 12.438 49.436 38.434 47.432 54.430 13.429 0.000 0.000 0.000 0.000 0.000 0.000 29.306 27.306 20.306 22.306 20.306
54.909 53.912 29.915 0.000 0.000 0.000 0.000 0.000 0.000 24.827 84.702 91.616 93.516 93.654 91.755 99.296 91.521 93.295 92.853 92.778 92.652 93.531 94.410 56.288 0.000 0.000 0.000 0.000 0.000 0.000 37.529 48.124 43.723 42.332 41.977 41.663 41.405 41.195 41.022 40.878 49.773 0.000 0.000 23.569 32.525 24.485 33.458 33.443 15.434 0.000 0.000 0.000 0.000 26.444 63.441 31.437 0.000 5.433 50.432 44.431 35.429 35.428 0.000 0.000 0.000 0.000 0.000 0.000 0.000 8.304 19.304 20.304 0.303 0.000
0.911 56.916 54.919 43.923 2.927 0.000 0.000 0.000 16.063 74.952 88.844 94.751 93.708 92.837 99.451 99.378 92.476 93.168 93.010 92.893 93.777 95.655 56.532 0.000 0.000 0.000 0.000 0.000 24.846 35.519 46.935 43.419 42.910 39.445 39.067 38.765 39.525 41.334 41.183 44.069 21.001 0.000 0.000 3.540 28.512 27.488 45.471 41.461 0.000 0.000 0.000 0.000 0.000 10.440 55.436 67.433 24.430 50.429 64.429 56.428 32.426 25.425 0.000 0.000 0.000 0.000 0.000 0.000 0.000 14.302 20.302 24.302 0.000 0.000
0.000 58.919 48.921 55.924 47.931 8.942 0.214 9.273 76.174 85.073 94.982 93.829 94.063 92.062 99.513 91.780 93.565 93.218 93.128 94.013 94.907 48.781 0.000 0.000 0.000 0.000 0.000 37.525 48.172 45.778 44.271 45.708 45.053 50.472 55.082 49.806 42.596 36.432 40.307 46.216 4.161 0.000 0.000 0.000 31.496 32.486 54.476 42.471 0.000 0.000 0.000 0.000 0.000 0.000 50.430 59.429 64.427 60.426 60.426 64.425 48.424 27.422 28.420 0.000 0.000 0.000 0.000 0.000 16.300 21.301 19.301 24.300 0.000 0.000
0.000 26.920 77.921 40.922 0.000 0.000 14.453 74.374 79.286 93.201 94.057 94.293 92.185 99.600 92.050 93.853 93.422 93.358 94.240 91.129 46.055 0.000 0.000 0.000 0.000 0.000 40.209 47.879 45.538 45.151 48.664 23.088 1.395 3.308 19.983 45.781 47.621 48.493 40.395 41.329 2.302 0.000 0.000 0.000 12.489 30.483 37.478 36.475 0.000 0.000 0.000 0.000 0.000 0.000 41.425 54.425 59.424 60.423 61.423 57.422 53.422 38.420 26.418 30.415 36.414 0.000 0.000 0.000 0.000 19.300 20.299 22.299 0.000 0.000
0.000 3.920 78.921 65.921 0.000 0.000 21.541 82.482 90.406 94.298 95.441 95.430 99.939 99.731 93.005 93.715 93.570 93.466 88.357 78.205 29.130 0.000 0.000 0.000 29.070 37.888 49.540 46.242 45.952 49.626 27.145 0.000 0.000 0.000 5.799 43.713 40.614 44.525 50.453 50.403 28.379 0.000 0.000 0.000 0.000 32.479 26.477 33.476 0.000 0.000 0.000 0.000 0.000 3.422 28.422 45.422 59.421 54.421 47.421 49.421 10.420 35.419 44.416 37.414 33.413 0.000 0.000 0.000 0.000 0.000 14.298 19.298 24.297 0.000
0.000 0.000 6.921 55.921 0.000 9.793 75.689 87.608 94.529 94.491 94.619 100.312 100.130 92.307 94.098 93.758 93.681 86.586 52.514 0.000 0.000 0.000 1.602 47.451 41.252 49.055 46.820 46.598 47.402 25.255 0.000 0.000 0.000 0.000 4.700 46.658 40.599 40.539 42.488 46.451 48.433 0.430 0.000 0.000 0.000 13.478 32.477 7.476 0.000 0.000 0.000 0.000 0.000 0.000 24.419 35.419 42.418 34.418 31.418 0.000 0.000 0.000 28.413 32.413 41.412 0.000 0.000 0.000 0.000 0.000 8.297 19.297 20.297 0.000
0.000 0.000 0.000 0.000 9.979 78.898 83.813 94.739 94.614 95.847 95.874 100.482 92.619 94.391 93.952 93.886 83.778 72.686 36.600 0.000 0.000 0.000 41.721 63.592 48.431 40.262 48.086 45.927 48.804 18.737 0.000 0.000 0.000 0.642 35.643 42.620 41.584 41.544 38.508 34.482 36.468 0.000 0.000 0.000 0.000 0.000 39.475 0.000 0.000 0.000 0.000 0.000 0.000 0.000 26.416 25.416 24.416 22.416 28.415 0.000 0.000 0.000 3.412 26.411 44.410 0.000 0.000 0.000 0.000 0.000 0.000 12.296 25.296 38.296
0.000 0.000 0.000 0.000 82.061 81.005 94.935 94.837 95.990 96.015 100.790 100.641 93.577 95.255 93.091 78.969 67.870 41.778 0.000 0.000 0.000 36.067 53.909 53.766 60.620 48.475 38.337 44.222 54.149 57.153 20.311 0.000 0.000 0.000 47.610 41.596 41.573 40.545 36.520 30.501 31.490 0.000 0.000 0.000 0.000 0.000 12.474 20.474 0.000 0.000 0.000 0.000 0.000 4.414 28.415 22.414 23.414 23.413 25.413 8.412 0.000 0.000 0.000 13.409 34.408 12.406 0.000 0.000 0.000 0.000 0.000 7.296 3.296 0.000
0.000 0.000 0.000 21.290 82.200 94.127 95.055 96.026 98.171 101.069 100.932 92.896 94.653 91.298 80.191 69.038 40.954 0.000 0.000 0.000 38.372 59.226 45.081 36.942 50.807 62.680 50.565 53.474 54.418 41.413 47.470 26.541 0.000 7.589 39.592 35.582 42.566 37.545 29.526 28.510 32.502 0.000 0.000 0.000 0.000 0.000 0.000 39.473 0.000 0.000 0.000 0.000 0.000 0.000 10.413 25.412 23.412 23.412 23.411 31.411 0.000 0.000 0.000 0.000 15.406 26.405 32.404 0.000 0.000 0.000 0.000 0.000 0.000 0.000
0.000 0.000 0.000 64.380 90.319 96.255 95.137 95.376 93.424 101.200 93.188 94.946 89.509 78.435 53.309 0.000 0.000 0.000 0.000 38.647 59.519 46.384 35.247 35.114 36.988 47.872 62.771 53.691 38.637 46.613 48.613 22.613 0.000 4.587 64.585 51.576 40.562 34.545 30.527 27.513 28.507 22.505 0.000 0.000 0.000 0.000 0.000 18.473 0.000 0.000 0.000 0.000 0.000 0.000 0.000 27.410 23.411 23.410 23.410 25.409 9.408 0.000 0.000 0.000 0.000 23.403 26.403 0.000 0.000 0.000 0.000 0.000 0.000 0.000
0.000 0.000 67.638 64.530 70.451 85.354 96.509 93.548 101.442 101.324 94.122 89.803 78.651 57.540 0.000 0.000 20.686 0.000 0.000 63.776 46.673 35.543 36.410 35.280 38.159 52.050 60.956 61.881 45.826 41.789 52.757 26.685 0.000 0.000 0.000 8.576 0.000 0.000 0.517 31.508 38.506 39.504 25.503 0.000 0.000 0.000 0.000 0.000 0.000 0.000 0.000 0.000 0.000 0.000 0.000 27.409 26.409 29.410 24.409 21.408 30.408 0.000 0.000 0.000 3.402 37.402 42.402 0.000 0.000 0.000 0.000 0.000 0.000 0.000
0.000 6.839 68.746 65.654 66.573 76.540 92.688 101.667 101.555 93.409 90.168 77.835 51.755 0.000 0.000 37.741 36.686 18.581 2.400 52.007 35.853 36.707 35.568 36.438 51.319 57.213 21.123 12.050 63.997 49.961 27.941 0.000 0.000 0.000 0.000 0.000 0.000 0.000 0.000 49.505 43.504 40.503 36.502 0.000 0.000 0.000 0.000 0.000 0.000 0.000 0.000 0.000 0.000 0.000 15.405 24.406 0.000 0.000 0.000 24.407 28.407 0.000 0.000 0.000 5.402 41.402 10.402 0.000 0.000 0.000 0.000 0.000 0.000 0.000
82.008 69.932 66.850 64.775 65.650 66.884 70.935 101.773 92.652 88.409 77.996 51.950 0.000 0.000 0.000 41.797 39.736 59.619 43.444 36.208 37.025 35.864 38.719 58.585 55.466 36.360 32.272 37.201 65.149 62.118 26.106 0.000 0.000 0.000 0.000 0.000 0.000 0.000 0.000 56.503 56.503 51.502 42.501 0.000 0.000 0.000 0.000 0.000 0.000 0.000 0.000 0.000 0.000 0.000 27.405 29.405 0.000 0.000 0.000 27.406 28.406 0.000 0.000 0.000 0.000 12.401 0.000 0.000 0.000 0.000 0.000 0.000 0.000 0.000
80.085 94.029 85.960 70.861 72.012 64.051 101.975 101.876 71.526 76.205 52.103 0.000 0.000 0.000 0.000 43.913 56.842 54.716 36.549 36.355 36.173 47.007 58.856 47.720 36.598 36.492 36.403 37.333 46.282 64.255 60.259 21.318 0.000 0.000 0.000 0.000 0.000 0.000 0.000 42.502 44.501 56.501 57.500 13.499 0.000 0.000 0.000 0.000 0.000 0.000 0.000 0.000 0.000 19.404 29.404 6.404 0.000 0.000 0.000 28.405 26.405 0.000 0.000 0.000 0.000 0.000 0.000 0.000 0.000 0.000 0.000 0.000 0.000 0.000
93.217 96.142 96.069 91.037 81.184 102.168 102.072 63.648 58.439 0.000 0.000 0.000 0.000 0.000 0.000 55.100 60.002 35.856 37.680 37.491 49.307 58.136 39.980 36.839 36.714 36.606 36.516 36.444 36.392 45.362 65.356 58.378 32.412 23.425 27.428 0.000 0.000 0.000 0.000 0.000 22.500 62.500 62.499 23.499 0.000 0.000 0.000 0.000 0.000 0.000 0.000 0.000 0.000 8.404 7.404 0.000 0.000 0.000 0.000 8.405 35.405 0.000 0.000 0.000 0.000 0.000 0.000 0.000 0.000 0.000 0.000 0.000 0.000 0.000
96.328 96.259 96.139 100.375 91.425 102.262 63.695 66.353 61.133 0.000 0.000 0.000 0.000 0.000 48.591 60.386 37.212 38.024 37.824 45.622 58.428 36.250 37.088 36.943 36.814 36.703 36.610 36.536 36.481 36.445 40.427 41.425 36.432 37.436 44.432 26.432 0.000 0.000 0.000 0.000 0.000 17.499 53.498 16.498 0.000 0.000 0.000 0.000 0.000 0.000 0.000 0.000 0.000 0.000 0.000 0.000 0.000 0.000 0.000 0.000 0.000 0.000 0.000 0.000 0.000 0.000 0.000 0.000 0.000 0.000 0.000 0.000 0.000 0.000
92.439 96.344 97.499 94.538 102.446 102.354 68.265 52.585 0.000 0.000 0.000 0.000 0.000 0.000 65.795 42.642 38.436 38.205 39.971 60.744 40.535 37.347 37.179 37.030 36.897 36.782 36.686 36.610 36.552 36.509 35.481 34.464 37.457 19.453 0.000 0.000 0.000 0.000 0.000 0.000 0.000 0.000 46.497 34.497 1.496 0.000 0.000 0.000 0.000 0.000 0.000 0.000 0.000 0.000 0.000 0.000 0.000 0.000 0.000 0.000 0.000 0.000 0.000 0.000 0.000 0.000 0.000 0.000 0.000 0.000 0.000 0.000 0.000 0.000
71.548 75.520 71.670 102.628 102.537 79.872 60.887 51.537 0.000 0.000 0.000 0.000 0.000 0.000 41.153 36.951 36.683 35.391 48.109 40.850 34.620 35.423 35.253 35.101 34.962 35.841 36.743 36.666 36.606 35.560 33.524 35.495 35.477 32.468 22.467 25.465 27.462 26.459 28.458 0.000 0.000 0.000 0.000 43.496 15.496 0.000 0.000 0.000 0.000 0.000 0.000 0.000 0.000 0.000 0.000 0.000 0.000 0.000 0.000 0.000 0.000 0.000 0.000 0.000 0.000 0.000 0.000 0.000 0.000 0.000 0.000 0.000 0.000 0.000
108.617 73.858 103.910 102.716 62.536 53.074 0.000 66.416 24.567 0.000 0.000 0.000 0.000 85.188 63.713 34.326 41.954 52.568 51.225 46.927 44.671 44.473 44.309 43.160 37.009 32.878 36.779 36.704 36.647 35.601 35.559 39.514 39.489 40.475 50.469 50.465 46.462 39.458 38.456 17.455 0.000 0.000 0.000 2.496 8.496 0.000 0.000 0.000 0.000 0.000 0.000 0.000 0.000 0.000 0.000 0.000 0.000 0.000 0.000 0.000 0.000 0.000 0.000 0.000 0.000 0.000 0.000 0.000 0.000 0.000 0.000 0.000 0.000 0.000
