results4_8e4_rain/res_4e8f-0163.wd
ncols         241
nrows         181
xllcorner     12693529.787448
yllcorner     3542525.717860
cellsize      155.156523
NODATA_value  -9999.000000
[rows 33 to 65 of 181, columns 73 to 145 of 241]
0.000 0.000 0.000 0.000 0.000 0.000 0.000 0.000 0.000 0.000 0.000 0.000 0.000 0.000 0.000 0.000 0.000 0.000 0.000 0.000 0.000 0.000 0.000 0.000 0.000 0.000 0.000 0.000 0.000 0.000 0.000 0.000 0.000 0.000 0.000 0.000 0.000 0.000 0.000 39.332 62.333 67.334 23.337 0.000 0.000 32.414 46.443 13.422 4.422 36.444 39.460 33.458 34.439 35.404 35.351 35.280 35.189 34.075 39.924 59.690 6.212 14.340 11.629 46.797 63.259 67.787 66.347 66.949 65.486 67.573 62.630 62.237 62.227
0.000 0.000 0.000 0.000 0.000 0.000 0.000 0.000 0.000 0.000 0.000 0.000 0.000 0.000 0.000 0.000 0.000 0.000 0.000 0.000 0.000 0.000 0.000 0.000 0.000 0.000 0.000 0.000 0.000 0.000 0.000 0.000 0.000 0.000 0.000 0.000 0.000 0.000 0.000 0.000 14.333 9.334 0.000 0.000 0.000 0.000 28.534 0.000 0.000 26.485 50.526 49.530 39.514 35.478 35.422 35.345 35.247 34.130 55.997 53.844 0.000 37.180 49.750 63.182 67.665 67.188 66.759 66.268 67.329 63.348 62.644 62.897 65.200
0.000 0.000 0.000 0.000 0.000 0.000 0.000 0.000 0.000 0.000 0.000 0.000 0.000 0.000 0.000 0.000 0.000 0.000 34.846 66.846 19.846 0.000 0.000 0.000 0.000 0.000 0.000 0.000 0.000 0.000 0.000 0.000 0.000 0.000 0.000 0.000 0.000 0.000 0.000 0.000 0.000 0.000 0.000 0.000 0.000 0.000 20.625 0.000 0.000 0.000 28.629 46.624 46.607 37.572 35.514 35.430 33.322 49.201 58.093 0.000 22.838 47.450 62.008 68.516 68.026 67.572 67.053 69.087 65.074 63.178 63.577 65.902 65.148
0.000 0.000 0.000 0.000 0.000 0.000 0.000 0.000 0.000 0.000 0.000 21.848 59.848 0.000 0.000 0.000 0.000 0.000 41.846 92.846 48.846 0.000 0.000 0.000 0.000 0.000 0.000 0.000 0.000 0.000 0.000 0.000 0.000 0.000 0.000 0.000 0.000 0.000 0.000 0.000 0.000 0.000 0.000 0.000 0.000 0.000 23.716 24.757 31.776 17.774 27.738 35.729 48.718 39.689 35.631 32.539 43.413 53.257 42.080 17.749 47.225 64.774 69.318 68.842 68.381 67.842 67.848 66.811 63.824 64.271 66.610 65.863 65.630
0.000 0.000 0.000 0.000 0.000 0.000 0.000 0.000 0.000 0.000 0.000 42.848 77.848 66.848 53.847 8.847 2.847 26.847 80.846 88.846 53.845 0.000 0.000 0.000 0.000 22.799 1.799 0.000 0.000 0.000 0.000 0.000 0.000 0.000 0.000 0.000 0.000 6.802 0.000 0.000 0.000 10.801 28.801 0.000 0.000 39.779 54.767 57.780 55.796 41.809 35.818 34.836 48.847 39.834 31.783 45.681 59.533 47.337 35.219 49.943 54.540 67.104 69.644 69.184 68.633 68.615 66.560 64.581 64.985 67.331 66.590 66.361 66.029
0.000 0.000 0.000 0.000 0.000 0.000 0.000 0.000 0.000 0.000 0.000 13.848 75.848 58.848 39.848 1.847 22.847 72.847 83.846 90.846 49.845 0.000 0.000 0.000 0.000 60.799 44.799 0.000 0.000 0.000 0.000 0.000 0.000 0.000 0.000 0.000 23.802 35.802 37.802 0.000 0.000 19.801 44.801 23.800 37.798 60.792 63.791 64.801 61.819 48.847 35.890 32.951 49.999 41.018 44.985 62.870 56.702 0.000 33.517 52.264 64.889 70.453 69.998 69.440 69.396 67.329 65.465 65.721 68.068 67.337 67.113 66.781 66.450
0.000 0.000 0.000 0.000 0.000 0.000 0.000 0.000 0.000 0.000 0.000 0.000 0.000 26.848 64.848 60.848 48.848 61.847 81.846 92.845 45.844 0.000 0.000 0.000 0.000 22.799 46.799 48.799 0.000 0.000 0.000 0.000 0.000 0.000 0.000 0.000 39.802 40.802 52.802 35.802 24.802 38.802 39.802 35.801 42.801 49.800 47.803 40.813 59.833 25.869 41.946 45.078 35.181 47.254 60.269 57.112 0.065 8.487 45.068 61.705 70.300 70.837 70.285 70.211 67.138 66.516 66.489 68.826 68.105 67.889 67.563 67.231 66.875
0.000 0.000 0.000 0.000 0.000 0.000 0.000 0.000 0.000 0.000 0.000 0.000 0.000 16.848 83.848 78.848 68.848 58.848 82.847 90.845 85.843 70.839 25.836 0.000 0.000 0.000 2.799 56.799 40.799 38.800 49.800 44.800 7.800 0.000 0.000 3.802 39.802 38.802 59.802 65.802 54.802 46.803 38.803 35.803 36.804 37.805 36.809 34.817 42.830 3.849 0.000 4.236 40.393 63.548 61.726 1.125 7.217 44.906 58.561 68.199 71.735 71.295 72.070 68.021 67.811 67.306 69.612 68.895 68.684 68.369 68.050 67.700 67.312
0.000 0.000 0.000 0.000 0.000 0.000 0.000 0.000 0.000 0.000 0.000 0.000 0.000 0.000 16.849 55.849 30.849 66.849 85.848 90.845 88.842 86.838 75.834 34.831 0.000 0.000 0.000 12.799 51.799 51.800 64.800 62.800 55.800 50.800 0.000 0.000 6.802 43.802 62.802 69.802 61.803 45.803 34.804 35.804 35.805 35.807 35.811 35.815 39.820 0.000 0.000 0.000 10.607 47.820 17.306 14.621 49.559 54.356 66.092 72.694 72.544 70.783 69.109 69.478 68.208 70.446 69.716 69.498 69.188 68.885 68.564 68.207 67.780
0.000 0.000 0.000 0.000 0.000 0.000 0.000 0.000 0.000 0.000 0.000 0.000 0.000 0.000 0.000 1.850 87.851 87.851 89.850 89.847 88.842 82.836 76.831 47.828 0.000 0.000 0.000 0.000 0.000 19.800 64.800 58.800 73.800 70.800 49.801 28.801 29.802 38.802 60.802 69.803 60.803 43.803 33.804 38.805 37.807 35.809 35.811 35.814 36.816 28.815 0.000 0.000 0.000 0.000 9.057 52.107 55.038 62.893 73.613 73.723 72.082 73.970 71.719 69.254 71.360 70.590 70.339 70.015 69.714 69.415 69.114 68.785 67.350
0.000 0.000 0.000 0.000 0.000 0.000 22.807 45.804 0.000 23.747 63.737 52.724 56.713 31.707 0.000 0.000 23.853 95.854 89.854 86.850 83.843 86.834 77.826 40.821 0.000 0.000 0.000 0.000 0.000 0.000 0.000 8.800 62.800 63.800 14.800 0.000 5.802 42.802 60.802 65.803 55.803 46.804 44.804 6.806 13.807 41.809 35.811 35.813 36.814 42.814 50.814 12.814 0.000 0.000 24.757 57.713 61.608 72.417 74.631 74.262 77.545 76.122 70.602 72.402 71.542 71.227 70.862 70.538 70.233 69.950 69.691 69.468 75.306
0.000 0.000 0.000 0.000 0.000 0.000 22.810 65.801 7.782 57.757 59.739 71.722 54.709 39.700 0.000 0.000 11.855 80.857 92.863 89.857 89.846 90.832 84.818 38.809 0.000 0.000 0.000 0.000 0.000 0.000 0.000 0.000 0.000 47.800 6.800 0.000 1.802 48.802 45.802 57.803 14.803 0.000 0.000 0.000 0.000 7.810 45.811 39.813 2.814 32.814 66.814 49.814 2.814 0.000 29.510 63.350 72.253 75.374 75.129 79.304 78.559 71.964 73.523 72.567 72.165 71.741 71.374 71.037 70.731 70.459 70.233 70.088 75.102
21.083 65.078 55.073 0.000 0.000 0.000 16.821 76.809 52.788 54.762 60.738 84.718 85.700 80.686 34.671 0.000 0.000 0.000 40.882 94.871 89.851 90.828 87.805 46.789 0.000 0.000 0.000 0.000 0.000 0.000 0.000 0.000 0.000 5.800 0.000 0.000 0.000 0.000 0.000 0.000 0.000 0.000 0.000 0.000 0.000 0.000 0.000 20.813 17.813 0.000 0.000 0.000 0.000 18.922 56.339 73.292 74.968 75.901 80.250 79.857 72.995 74.550 73.583 73.122 72.644 72.229 71.851 71.507 71.195 70.921 70.696 70.551 73.547
21.084 77.077 59.068 55.058 0.000 0.000 3.845 68.827 70.797 70.765 82.735 79.710 91.688 90.670 51.658 0.000 0.000 0.000 16.912 96.892 89.861 90.824 87.785 47.753 0.000 0.000 8.323 56.287 68.246 37.219 0.000 0.000 0.000 0.000 0.000 0.000 0.000 0.000 0.000 0.000 0.000 0.000 0.000 0.000 0.000 0.000 0.000 0.000 5.813 0.000 0.000 0.000 16.886 57.394 74.354 74.937 81.165 80.656 74.269 74.829 75.328 74.508 74.038 73.537 73.088 72.674 72.294 71.944 71.622 71.333 71.079 77.871 18.709
85.087 82.077 61.065 62.049 54.025 0.972 58.886 53.858 61.807 74.766 78.726 89.698 90.672 89.649 58.631 0.000 0.000 0.000 15.961 95.926 89.877 90.821 85.759 65.685 49.569 50.463 50.360 58.290 79.233 46.191 0.000 0.000 0.000 0.000 0.000 0.000 0.000 0.000 0.000 0.000 0.000 0.000 0.000 0.000 0.000 0.000 0.000 0.000 0.000 0.000 14.976 45.754 55.262 74.248 75.838 82.505 81.912 74.818 76.537 75.870 75.327 74.869 74.382 73.925 73.492 73.086 72.707 72.351 72.019 71.708 78.418 24.144 0.000
82.092 77.080 75.066 58.046 62.018 61.980 52.935 45.913 0.000 0.000 20.705 79.685 90.654 88.624 73.586 40.534 0.000 3.133 65.046 85.973 90.900 89.825 90.745 80.658 56.559 53.460 52.365 61.281 79.203 62.123 48.011 48.923 52.859 63.819 27.803 0.000 0.000 0.000 0.000 0.000 0.000 0.000 0.000 0.000 0.000 0.000 0.000 0.000 0.000 0.000 26.176 66.017 73.963 76.612 83.384 82.988 75.542 77.210 76.431 76.059 75.617 75.163 74.718 74.284 73.869 73.473 73.096 72.737 72.393 78.062 24.740 0.000 0.000
71.099 23.087 91.072 62.052 56.020 56.990 58.962 58.945 47.946 0.000 0.000 0.668 24.636 95.605 85.556 63.482 55.361 62.221 61.115 63.021 70.926 71.832 58.738 55.644 53.548 53.452 52.358 61.267 76.177 55.085 51.987 56.900 72.834 75.795 60.787 34.787 0.000 0.000 0.000 0.000 0.000 0.000 0.000 0.000 0.000 0.000 0.000 0.000 0.000 17.015 58.861 74.473 77.313 83.949 83.704 76.238 77.882 77.097 76.740 76.311 75.887 75.461 75.039 74.626 74.226 73.840 73.467 73.106 78.755 24.408 0.000 0.000 0.000
17.107 90.095 91.083 77.071 0.000 3.997 63.978 59.960 70.947 61.936 0.000 0.682 3.642 83.605 80.550 65.476 56.381 53.274 53.173 56.069 68.952 76.839 79.730 72.632 62.538 55.444 54.348 70.251 73.153 48.052 51.951 51.858 52.782 56.739 35.763 0.000 0.000 0.000 6.314 0.000 0.000 0.000 0.000 0.000 0.000 0.000 0.000 20.236 51.906 59.764 73.279 84.609 84.224 77.292 77.887 78.454 77.764 77.400 76.979 76.570 76.160 75.753 75.350 74.955 74.570 74.194 74.827 81.467 25.111 0.000 0.000 0.000 0.000
95.116 91.105 91.093 91.079 78.057 61.022 60.994 60.969 51.947 0.903 17.792 24.741 76.678 73.624 76.563 69.493 70.411 70.323 70.232 73.130 67.975 67.841 69.711 73.617 74.528 72.436 68.339 79.238 77.131 65.021 65.908 65.797 67.695 42.619 0.000 0.000 0.000 0.000 7.314 0.000 0.000 0.000 0.000 0.000 0.000 7.106 54.888 55.455 76.471 77.028 85.674 85.195 79.779 79.496 78.884 78.417 78.039 77.628 77.227 76.828 76.432 76.040 75.654 75.275 74.904 75.539 79.179 11.823 0.000 0.000 0.000 0.000 0.000
94.124 90.116 90.107 91.093 88.070 66.040 60.008 60.975 61.938 53.888 2.822 68.765 65.706 66.648 67.587 62.520 66.448 71.374 79.303 64.246 0.000 0.000 14.655 72.598 68.520 68.434 68.336 68.228 68.113 67.991 67.863 67.728 65.584 60.421 33.203 0.000 8.837 52.615 59.314 71.006 40.767 0.000 0.000 0.000 1.068 56.302 67.096 79.023 79.660 86.409 86.074 80.429 80.106 79.371 79.042 78.653 78.256 77.863 77.472 77.084 76.700 76.321 75.950 75.587 76.231 78.879 26.529 0.000 0.000 0.000 0.000 0.000 0.000
80.130 80.129 80.126 91.114 91.092 81.060 57.023 59.984 60.944 60.898 66.845 75.790 59.732 56.675 54.615 61.552 76.487 75.422 60.361 40.303 0.000 0.000 0.000 0.617 57.519 52.443 52.342 52.227 52.102 52.967 55.824 56.669 56.492 55.277 55.985 54.537 54.060 62.694 69.321 66.937 73.529 70.986 65.475 62.963 65.340 76.960 80.476 80.270 86.902 86.685 81.068 80.722 79.973 79.646 79.251 78.865 78.479 78.094 77.713 77.335 76.961 76.595 76.239 76.893 77.553 16.216 0.000 0.000 0.000 0.000 0.000 0.000 0.000
0.000 46.142 58.156 86.146 90.122 71.085 54.039 52.995 60.955 60.915 59.869 53.817 54.759 60.704 77.648 76.587 59.526 52.468 42.414 0.000 61.993 70.932 66.839 67.721 70.586 73.476 72.362 73.237 76.099 74.952 71.798 73.631 68.439 54.210 57.924 56.565 61.172 78.778 85.340 81.891 75.425 69.951 71.495 77.959 82.812 81.243 87.505 87.155 81.054 82.664 81.249 80.588 80.248 79.849 79.465 79.080 78.698 78.322 77.951 77.583 77.216 77.857 75.518 71.194 22.873 0.000 0.000 0.000 0.000 0.000 0.000 0.000 0.000
0.000 0.000 51.207 70.193 81.166 56.120 48.053 55.001 52.967 59.936 60.901 60.850 53.782 70.736 62.684 51.623 54.560 46.508 0.000 71.140 74.053 73.965 75.865 76.751 79.629 83.511 82.393 82.261 82.105 83.944 84.786 82.616 70.424 56.200 57.936 57.627 57.284 59.908 33.370 5.863 95.326 136.921 114.455 80.388 81.906 88.471 88.032 81.502 84.231 81.646 81.203 80.844 80.449 80.063 79.675 79.291 78.913 78.545 78.186 77.829 79.465 74.097 62.785 17.489 0.000 0.000 0.000 0.000 0.000 0.000 0.000 0.000 45.876
3.442 0.000 6.274 27.253 62.229 44.175 0.000 49.988 54.976 54.963 60.948 49.899 0.000 54.776 52.727 54.661 55.584 65.498 79.377 76.228 78.114 84.009 93.903 137.790 134.666 134.549 134.436 134.309 135.116 118.934 50.785 53.624 51.441 59.231 57.992 54.723 52.429 34.199 0.000 0.000 4.113 61.823 78.836 83.431 89.163 88.844 81.101 82.802 82.101 81.797 81.428 81.046 80.661 80.273 79.883 79.495 79.118 78.760 79.419 78.081 69.717 58.282 16.033 0.000 0.000 0.000 0.000 0.000 0.000 0.000 2.166 37.107 57.988
77.443 25.419 14.361 77.314 55.324 0.000 0.000 0.000 48.984 61.993 54.031 0.000 6.949 62.865 53.789 64.708 77.619 77.520 82.405 85.281 78.165 64.056 54.949 50.839 48.696 51.583 52.493 39.424 0.000 55.891 52.795 51.655 55.484 59.289 56.080 47.845 54.511 35.259 0.000 1.395 57.107 74.126 83.852 89.655 89.434 81.685 83.372 82.668 82.374 82.005 81.637 81.259 80.875 80.486 80.089 79.687 79.306 79.958 75.647 64.361 21.039 0.000 0.000 0.000 0.000 0.000 0.000 0.000 0.000 0.000 5.225 55.166 54.080
87.462 95.454 83.437 0.408 12.429 6.536 1.577 0.582 0.000 0.000 58.151 56.130 64.034 60.944 60.855 60.763 77.665 91.558 80.444 60.325 58.209 53.100 54.999 45.921 0.000 57.594 54.530 43.468 0.000 56.944 51.851 52.716 59.551 57.363 55.192 37.066 0.000 1.746 53.788 51.570 68.356 84.269 89.932 82.619 83.186 83.846 83.242 82.947 82.585 82.226 81.856 81.478 81.095 80.706 80.301 80.858 80.459 70.120 54.851 17.677 0.000 0.000 0.000 0.000 0.000 0.000 0.000 3.598 30.553 29.470 44.342 56.253 44.170
77.490 81.496 71.499 0.000 0.000 71.614 64.612 58.587 2.526 10.432 76.291 73.206 60.114 61.021 60.926 61.825 82.719 134.605 127.486 74.365 129.247 50.134 54.028 53.925 55.809 53.670 53.563 53.452 55.293 51.090 50.948 59.807 58.640 55.421 50.258 39.162 0.000 0.491 55.834 62.666 84.668 83.551 90.288 83.665 84.251 83.801 83.511 83.164 82.815 82.454 82.083 81.703 81.319 80.943 82.550 77.987 59.552 46.210 47.960 13.818 0.000 0.000 0.000 0.000 0.000 0.000 0.000 3.644 39.592 44.514 58.421 52.335 42.254
73.520 68.542 12.564 0.000 2.734 54.693 63.664 60.623 78.561 72.477 77.378 85.287 76.195 61.101 61.001 60.894 59.779 53.657 48.530 53.403 50.280 54.163 54.051 53.943 53.831 53.714 53.602 53.481 52.338 57.176 59.042 59.925 43.783 0.000 43.258 0.000 0.000 0.453 60.003 81.922 85.926 91.272 90.813 83.757 84.409 84.051 83.737 83.403 83.054 82.691 82.319 81.933 81.534 80.198 41.969 0.000 0.000 0.000 0.000 0.000 0.000 0.000 0.000 36.046 31.009 29.946 28.859 32.740 41.656 57.575 51.491 42.411 52.334
65.548 56.589 61.649 6.749 59.776 55.761 54.728 72.680 65.616 81.540 90.455 70.369 56.280 54.185 57.082 59.970 60.847 60.714 53.575 52.437 53.307 53.185 54.072 53.965 53.859 58.754 55.648 52.534 53.402 56.233 60.120 49.068 0.000 0.000 0.000 0.000 15.676 135.556 79.278 86.301 84.274 91.677 83.576 86.094 87.578 84.304 83.988 83.656 83.305 82.939 83.570 80.175 67.685 58.347 16.158 0.000 0.000 0.000 0.000 0.000 0.000 0.000 38.126 38.083 38.034 38.970 38.892 39.802 53.719 53.638 37.559 40.483 42.409
40.564 41.616 35.696 59.823 55.858 54.847 65.809 69.751 80.683 87.610 53.534 52.454 53.370 55.278 54.174 51.057 58.924 59.776 60.618 59.464 53.324 52.200 51.087 51.984 57.887 116.793 84.701 64.605 47.504 0.000 62.139 70.158 0.000 0.000 0.000 0.000 59.798 70.693 87.576 85.610 92.385 92.045 84.665 85.195 85.860 84.567 84.256 83.926 83.574 84.189 82.848 35.512 0.000 0.000 0.000 0.000 0.000 0.000 0.000 0.000 0.000 0.000 45.168 41.128 38.074 39.009 36.935 48.856 55.778 39.701 40.625 48.551 46.480
0.000 0.000 0.000 52.987 55.986 57.960 78.908 89.834 103.757 85.684 14.615 71.545 71.469 55.382 55.280 54.159 52.016 54.849 60.657 58.476 59.327 61.202 59.094 56.997 52.910 47.832 52.759 47.682 0.000 0.000 0.000 56.266 48.293 0.000 0.000 2.221 70.026 86.879 86.953 84.968 92.695 84.387 86.889 88.395 85.138 84.847 84.543 84.219 83.875 81.395 36.122 0.000 0.000 0.000 0.000 0.000 0.000 0.000 0.000 0.000 0.000 44.327 14.250 2.187 46.124 36.056 46.985 58.911 46.836 41.762 46.689 50.618 43.549
0.000 0.000 0.000 51.153 57.138 73.099 84.029 131.920 125.825 127.754 133.697 129.641 130.578 55.501 55.404 54.284 54.133 52.946 47.686 57.456 59.306 60.189 58.088 60.001 59.926 60.864 53.821 0.000 0.000 0.000 0.000 57.348 42.321 0.000 0.000 61.378 83.250 87.202 86.190 93.261 92.986 85.446 85.993 86.682 85.420 85.144 84.849 85.531 60.311 0.000 0.000 0.000 0.000 0.000 0.000 0.000 0.000 0.000 56.635 45.587 35.510 39.403 39.319 40.247 40.178 43.108 56.037 52.965 47.893 48.821 46.751 44.681 40.614
17.410 0.000 0.000 52.335 69.314 77.271 83.187 53.993 52.871 51.810 48.776 49.746 49.701 55.638 55.553 71.439 71.287 47.117 0.000 44.354 57.252 59.159 57.068 58.992 58.929 59.876 55.841 0.000 0.680 1.632 55.565 40.456 0.000 0.000 62.767 71.616 88.487 87.396 86.578 93.517 85.120 87.649 90.185 85.961 85.713 85.461 84.177 71.745 30.528 0.000 0.000 0.000 0.000 0.000 42.879 37.858 37.819 37.761 41.682 53.615 56.541 42.457 37.377 39.303 41.232 56.162 55.091 41.020 49.950 50.880 49.811 42.743 38.678
