results4_8e4_rain/res_4e8f-0208.wd
ncols         241
nrows         181
xllcorner     12693529.787448
yllcorner     3542525.717860
cellsize      155.156523
NODATA_value  -9999.000000
[rows 66 to 98 of 181, columns 146 to 218 of 241]
38.277 53.215 75.156 76.101 76.051 76.005 75.963 75.924 75.889 78.860 14.842 0.000 2.706 0.000 0.000 0.000 0.000 1.197 48.197 23.197 0.000 30.195 60.194 60.194 60.193 67.193 73.191 73.189 73.186 73.182 73.178 73.173 73.167 73.162 73.157 75.152 60.148 61.145 53.145 0.000 0.000 0.000 0.000 0.000 29.478 36.469 45.449 39.412 17.361 15.330 30.304 51.280 59.256 53.232 48.208 48.184 38.160 35.136 35.112 38.088 59.065 71.043 66.021 54.999 61.979 68.959 72.940 72.922 71.904 71.887 71.871 71.856 71.841
41.339 60.275 78.215 76.161 76.112 76.068 76.027 75.989 80.953 69.924 39.910 36.928 0.000 0.000 0.000 0.000 0.000 19.197 21.197 0.000 0.000 0.000 30.191 61.191 70.190 73.190 73.188 73.186 73.184 77.180 75.177 73.172 73.168 73.164 72.159 64.155 58.151 64.149 54.147 0.000 0.000 0.000 0.000 21.470 35.471 40.466 36.459 0.000 2.314 12.299 32.280 35.260 49.239 58.216 47.194 46.170 44.146 35.122 35.098 34.074 40.051 64.028 71.005 55.984 57.963 59.943 61.924 65.905 69.888 71.871 72.854 71.839 71.824
46.398 67.332 77.270 76.215 76.169 76.127 74.089 73.052 28.012 12.971 43.949 49.945 14.948 0.000 0.000 0.000 0.000 0.000 0.000 0.000 0.000 14.187 43.188 63.188 73.188 73.187 73.186 73.184 73.182 75.179 74.176 73.172 73.169 74.165 64.161 62.157 65.154 60.150 52.149 0.000 0.000 0.000 0.000 39.469 42.469 4.466 3.463 0.000 7.281 40.272 42.258 52.241 55.222 66.201 64.179 52.156 41.133 33.108 35.084 35.060 30.036 44.012 60.990 64.968 69.946 66.926 59.907 64.888 67.870 67.853 65.837 67.821 70.807
51.456 74.386 78.317 79.261 76.220 77.184 72.150 18.116 2.075 43.001 43.968 48.955 56.952 0.000 0.000 0.000 0.000 0.000 0.000 0.000 0.000 26.186 49.186 62.186 74.186 73.185 73.184 73.182 73.180 74.178 73.175 73.173 73.170 70.167 64.164 29.159 2.157 0.000 0.000 0.000 0.000 0.000 0.000 35.469 42.469 0.000 0.000 0.000 57.257 43.250 38.239 66.224 71.207 72.187 76.166 70.143 58.119 38.095 35.070 35.045 33.020 33.996 39.973 40.950 47.929 55.908 62.889 66.870 67.852 68.835 64.819 67.803 68.789
33.515 38.441 48.350 24.292 81.266 78.238 63.212 40.189 10.175 0.000 0.000 0.000 0.000 0.000 0.000 0.000 0.000 0.000 0.000 0.000 0.000 27.186 52.185 55.184 71.184 73.183 73.182 73.181 77.179 76.177 73.175 73.173 74.171 65.169 68.167 0.000 0.000 0.000 0.000 0.000 0.000 0.000 0.000 0.000 29.469 38.469 0.000 0.000 88.240 51.233 33.223 64.209 72.193 72.175 72.155 75.132 74.107 54.081 37.055 35.029 33.004 35.979 36.955 44.932 49.910 38.890 38.870 43.851 48.833 54.816 59.800 63.784 67.770
79.583 58.512 0.000 0.000 85.313 77.290 64.270 46.253 13.241 0.000 0.000 0.000 0.000 0.000 0.000 0.000 0.000 0.000 0.000 0.000 0.000 0.000 13.183 57.183 73.182 73.181 73.180 73.179 75.178 74.177 73.175 73.173 74.172 62.170 72.170 0.000 0.000 0.000 0.000 0.000 0.000 0.000 0.000 0.000 0.000 5.469 13.469 0.000 25.230 41.220 34.209 64.197 72.182 72.166 73.145 73.122 73.096 66.068 42.040 38.014 35.987 32.962 53.937 65.913 71.891 55.870 48.850 44.831 42.813 39.796 39.780 39.765 67.750
55.661 0.000 0.000 82.500 82.384 80.338 71.326 56.312 12.296 0.000 0.000 0.000 0.000 0.000 0.000 0.000 0.000 0.000 0.000 0.000 0.000 0.000 39.181 62.181 74.181 73.180 73.179 74.178 73.177 73.176 73.175 73.174 74.172 67.172 32.171 0.000 0.000 0.000 0.000 0.000 0.000 0.000 0.000 0.000 0.000 0.000 0.000 0.000 0.000 38.208 37.197 55.186 70.174 73.159 67.140 63.115 69.086 60.054 43.025 41.997 50.970 45.943 68.917 72.893 71.870 69.849 69.829 66.810 64.792 61.775 57.760 49.744 69.730
82.708 72.707 78.677 34.617 0.000 1.361 77.383 51.372 12.334 0.000 14.585 0.000 0.000 0.000 0.000 0.000 0.000 0.000 0.000 0.000 0.000 2.179 55.180 67.180 74.179 73.179 73.178 75.178 75.177 73.176 73.175 73.174 72.173 68.172 17.172 0.000 0.000 0.000 0.000 0.000 0.000 0.000 0.000 0.000 0.000 0.000 0.000 0.000 0.172 0.000 26.183 52.178 70.169 71.157 52.140 55.111 57.079 54.039 39.008 35.980 58.952 67.923 71.896 73.871 73.848 74.827 72.807 72.788 73.770 72.754 73.738 73.723 72.709
84.755 76.736 81.706 32.674 0.000 0.000 68.467 16.460 0.000 0.000 46.585 9.586 0.000 0.000 0.000 0.000 0.000 0.000 0.000 0.000 0.000 1.179 58.179 70.179 74.178 73.178 73.178 74.177 74.176 73.175 73.175 74.174 70.173 65.173 15.172 0.000 0.000 0.000 0.000 0.000 0.000 0.000 0.000 0.000 0.000 0.000 0.000 0.000 18.172 20.173 31.175 47.172 69.167 71.160 17.153 0.000 0.000 44.014 37.989 32.964 46.935 65.902 71.873 73.848 73.825 73.803 71.783 71.765 72.748 71.731 71.716 72.702 72.688
76.822 76.777 76.737 74.699 61.665 47.620 40.557 39.542 35.568 38.580 41.585 41.586 13.586 0.000 0.000 0.000 0.000 0.000 19.176 21.176 0.000 11.178 57.178 71.178 73.178 73.177 73.177 73.176 73.176 73.175 73.175 73.174 55.173 50.173 48.173 43.173 7.173 0.000 0.000 0.000 0.000 0.000 0.000 0.000 0.000 0.000 0.000 0.000 22.172 48.172 39.171 43.169 63.166 64.162 37.159 0.000 0.000 0.000 34.971 39.952 38.921 57.876 70.847 71.822 71.799 71.778 71.759 71.741 71.724 71.708 71.693 71.679 71.665
76.863 76.813 76.765 75.720 72.678 74.636 48.599 27.582 65.584 38.587 42.589 18.587 0.000 0.000 0.000 0.000 0.000 0.000 19.176 65.176 14.177 2.177 56.177 70.177 74.177 73.177 75.176 76.176 74.175 73.175 73.174 71.174 64.173 55.173 56.173 55.173 8.172 0.000 0.000 0.000 0.000 0.000 0.000 0.000 0.000 0.000 0.000 0.000 16.171 51.171 43.170 50.168 65.166 60.163 66.162 0.000 0.000 0.000 0.000 0.000 0.000 47.835 70.816 71.794 71.772 71.751 71.733 71.715 71.699 71.684 71.669 71.656 71.643
76.900 76.848 77.790 79.737 76.690 76.650 75.620 76.603 67.597 45.595 17.595 0.000 0.000 0.000 0.000 0.000 0.000 0.000 6.176 58.176 45.176 35.177 51.177 73.177 73.176 73.176 73.176 73.176 73.175 73.175 73.174 73.174 71.173 50.173 54.173 61.173 4.172 0.000 0.000 0.000 0.000 0.000 0.000 0.000 0.000 0.000 0.000 0.000 12.171 63.170 7.169 30.168 53.166 60.164 21.163 0.000 0.000 0.000 0.000 0.000 0.000 1.812 59.789 72.766 71.743 71.723 71.705 71.688 71.673 71.659 71.645 71.632 71.619
79.940 75.890 72.809 74.748 77.697 77.652 79.628 76.613 74.606 61.603 10.601 0.000 0.000 0.000 0.000 0.000 0.000 0.000 0.000 14.176 49.176 41.176 57.176 75.176 73.176 73.176 73.176 73.175 73.175 73.174 73.174 73.174 74.173 63.173 50.173 54.172 60.172 2.172 0.000 0.000 0.000 0.000 0.000 0.000 0.000 0.000 0.000 0.000 0.000 8.170 0.000 0.000 38.165 57.165 0.000 0.000 0.000 0.000 0.000 0.000 0.000 0.000 47.763 68.737 71.712 71.692 71.676 71.661 71.647 71.633 71.620 71.608 71.595
72.987 33.963 0.000 0.000 0.000 69.635 74.626 80.617 76.611 65.608 15.606 0.000 49.611 19.611 0.000 0.000 0.000 0.000 0.000 0.000 41.176 45.176 66.176 74.176 75.176 76.175 73.175 73.175 73.175 73.174 73.174 73.173 73.173 74.173 53.172 35.172 44.172 5.172 0.000 0.000 0.000 0.000 0.000 0.000 0.000 0.000 0.000 0.000 0.000 0.000 0.000 0.000 27.165 60.165 0.000 0.000 0.000 0.000 0.000 0.000 0.000 0.000 0.000 48.707 68.677 71.659 71.644 71.632 71.619 71.607 71.595 71.583 71.571
68.027 25.014 0.000 0.000 44.627 42.627 59.623 78.618 75.614 60.611 41.610 45.611 49.611 15.611 0.000 0.000 0.000 0.000 12.175 0.000 42.176 53.176 73.176 73.175 76.175 76.175 73.175 73.175 73.174 73.174 73.174 73.173 73.173 74.173 70.172 65.172 54.172 34.171 28.171 0.000 0.000 0.000 0.000 0.000 0.000 0.000 0.000 0.000 0.000 0.000 0.000 0.000 29.165 21.165 0.000 0.000 0.000 0.000 0.000 0.000 0.000 0.000 0.000 0.000 53.629 69.621 71.612 71.602 71.592 71.582 71.570 71.559 71.547
74.058 55.051 27.059 0.000 0.000 44.624 44.621 66.617 78.615 56.613 43.612 48.612 26.612 0.000 0.000 0.000 0.000 0.000 41.175 34.175 39.175 56.175 75.175 75.175 76.175 73.175 73.175 73.174 73.174 73.174 73.174 73.173 73.173 73.172 73.172 75.172 64.171 52.171 41.171 42.170 35.170 26.170 31.170 0.000 0.000 0.000 0.000 0.000 0.000 0.000 0.000 0.000 32.165 7.165 0.000 0.000 0.000 0.000 0.000 0.000 0.000 0.000 0.000 0.000 38.588 66.585 70.580 71.573 71.565 71.556 71.546 71.535 71.523
77.082 68.074 21.066 0.000 0.000 0.000 43.619 48.616 75.615 63.613 44.613 47.612 22.612 0.000 0.000 0.000 0.000 0.000 44.175 37.175 40.175 58.175 77.175 76.175 74.175 74.175 73.175 73.174 73.174 73.174 73.173 74.173 74.173 74.172 68.172 59.172 63.171 70.171 63.171 61.170 49.170 36.170 43.170 1.170 0.000 0.000 0.000 0.000 0.000 0.000 0.000 0.000 0.000 0.000 0.000 0.000 0.000 0.000 0.000 0.000 0.000 0.000 0.000 0.000 30.552 61.551 71.549 73.545 73.539 73.532 72.523 71.512 71.499
77.101 52.096 0.000 0.000 0.000 0.000 0.000 50.615 63.614 57.614 56.613 53.613 43.612 21.612 0.000 0.000 0.000 0.000 43.175 36.175 41.175 56.175 68.175 65.175 60.175 62.175 67.174 72.174 74.174 74.174 72.173 62.173 60.173 65.172 54.172 51.171 51.171 62.171 66.170 61.170 47.170 36.170 8.170 0.000 0.000 0.000 0.000 0.000 0.000 0.000 0.000 0.000 0.000 0.000 0.000 0.000 0.000 0.000 0.000 0.000 1.418 0.000 0.000 0.000 18.515 43.518 49.520 51.519 51.516 52.510 61.502 70.491 71.476
76.116 42.112 0.000 0.000 0.000 0.000 0.000 45.615 39.614 38.614 46.613 46.613 46.613 42.613 15.613 0.000 0.000 0.000 48.175 43.175 48.175 58.175 61.175 64.175 22.175 0.000 0.000 13.174 74.174 71.174 60.173 15.173 0.000 0.000 53.171 85.171 78.171 57.170 63.170 57.170 46.170 31.170 34.169 0.000 0.000 0.000 0.000 0.000 0.000 0.000 0.000 0.000 0.000 0.000 0.000 0.000 0.000 0.000 14.418 4.418 22.418 43.423 54.433 53.449 71.476 79.488 80.493 78.495 80.494 67.491 50.484 68.473 71.455
74.127 39.125 0.000 0.000 0.000 0.000 0.000 45.614 41.614 20.614 0.000 0.000 0.613 0.000 0.000 0.000 0.000 0.000 54.175 48.175 43.175 39.175 25.175 0.000 0.000 0.000 0.000 0.000 0.000 0.000 47.173 9.173 0.000 0.000 0.000 48.171 81.170 41.170 42.170 41.170 37.170 40.169 87.169 46.169 0.000 0.000 0.000 0.000 0.000 0.000 0.000 0.000 0.000 0.000 0.000 0.000 13.390 4.390 0.000 0.000 8.413 90.418 86.426 68.438 69.453 66.463 67.469 89.473 82.475 68.474 48.471 57.462 56.439
60.136 41.134 35.137 0.000 0.000 0.000 0.000 0.000 43.614 27.614 0.000 0.000 0.000 0.000 0.000 0.000 0.000 0.000 54.175 54.175 55.175 38.175 13.175 0.000 0.000 0.000 0.000 0.000 0.000 0.000 43.173 20.173 0.000 0.000 0.000 47.170 96.170 60.170 63.170 58.170 43.169 61.169 115.169 112.168 43.167 0.036 4.092 1.091 0.000 0.000 0.000 0.000 0.000 0.000 0.000 0.000 3.389 21.390 11.392 9.395 18.403 93.409 60.416 68.425 59.434 40.442 51.449 94.454 60.457 47.460 54.465 8.463 0.000
44.142 44.140 30.140 0.000 0.000 0.000 0.000 0.000 0.000 0.000 0.000 0.000 0.000 0.000 0.000 0.000 0.000 0.000 57.175 48.175 42.175 40.175 14.175 0.000 0.000 0.000 0.000 0.000 0.000 40.173 33.173 58.173 54.173 0.000 6.170 53.170 59.170 51.170 94.170 83.169 54.169 7.169 71.169 126.168 10.168 0.000 0.000 0.000 0.000 0.000 0.000 0.000 22.388 19.388 14.389 3.389 72.389 110.389 101.389 97.391 44.395 88.399 56.404 45.410 92.417 73.424 93.430 74.435 44.441 52.445 0.000 0.000 0.000
47.146 48.144 40.143 0.000 0.000 0.000 0.000 0.000 0.000 0.000 0.000 0.000 0.000 0.000 0.000 0.000 0.000 0.000 11.175 52.175 42.175 20.175 0.000 0.000 0.000 0.000 0.000 0.000 0.000 42.173 39.173 15.173 0.000 0.000 0.000 27.170 6.170 0.000 7.170 49.169 5.169 0.000 27.168 93.168 48.168 0.167 0.000 0.000 0.000 0.000 0.000 0.000 0.000 4.388 0.000 0.000 28.388 8.388 72.386 76.386 27.387 88.389 65.391 38.395 56.400 106.405 120.411 54.417 42.424 9.435 0.000 0.000 18.242
46.149 47.146 47.145 51.146 43.146 0.000 0.000 0.000 0.000 0.000 0.000 0.000 0.000 0.000 0.000 0.000 0.000 0.000 0.000 42.174 38.174 22.174 0.000 0.000 0.000 0.000 0.000 0.000 43.173 40.173 17.173 0.000 0.000 0.000 0.000 1.170 0.000 0.000 0.000 53.169 2.169 0.000 27.168 0.000 0.000 0.000 0.000 0.000 0.000 0.000 0.000 0.000 0.000 13.388 7.388 9.388 2.388 0.000 48.380 67.379 26.378 90.377 70.377 40.379 89.382 92.387 87.392 95.398 59.405 0.000 0.000 1.208 32.222
48.151 26.148 37.146 46.146 46.146 46.146 45.146 0.000 0.000 0.000 0.000 0.000 0.000 0.000 0.000 0.000 0.000 0.000 0.000 44.174 40.174 24.174 0.000 0.000 0.000 0.000 0.000 0.000 0.000 46.173 18.173 0.000 0.000 0.000 0.000 0.000 0.000 5.169 17.169 40.169 44.169 21.169 0.000 0.000 0.000 0.000 0.000 0.000 0.000 0.000 0.000 0.000 0.000 2.388 0.388 6.388 0.000 0.000 51.375 71.373 31.369 91.364 76.362 90.362 90.364 49.367 42.372 87.379 36.392 0.000 0.183 33.194 41.201
53.154 0.000 0.000 43.146 32.146 0.000 45.146 35.146 0.000 0.000 0.000 0.000 0.000 0.000 0.000 0.000 0.000 0.000 0.000 43.174 40.174 28.174 0.000 0.000 0.000 0.000 0.000 0.000 0.000 0.000 0.000 0.000 0.000 0.000 0.000 0.000 0.000 0.000 56.169 73.169 34.169 0.000 0.000 0.000 0.000 0.000 0.000 0.000 0.000 0.000 0.000 0.000 0.000 0.000 0.000 11.388 0.000 0.000 86.372 72.369 33.362 91.348 88.343 80.342 72.343 58.346 59.350 28.354 0.000 0.000 17.171 36.178 43.183
50.155 0.000 0.000 30.146 22.146 0.000 0.000 0.000 0.000 54.154 50.154 41.154 0.000 0.000 0.000 0.000 0.000 0.000 0.000 47.174 43.174 25.174 0.000 0.000 0.000 0.000 0.000 0.000 0.000 0.000 0.000 0.000 0.000 0.000 0.000 0.000 0.000 0.000 19.169 103.169 69.169 0.168 0.000 0.000 0.000 0.000 0.000 0.000 0.000 0.000 0.000 0.000 0.000 0.000 0.000 0.000 0.000 0.000 18.372 0.000 0.000 65.323 106.321 85.321 84.321 82.324 85.328 33.334 0.000 0.000 21.164 35.166 36.167
66.156 0.000 0.000 0.000 0.000 52.155 39.155 0.000 50.154 44.154 44.154 36.154 0.000 0.000 0.000 0.000 0.000 0.000 0.000 47.174 42.174 30.174 0.000 0.000 0.000 0.000 0.000 0.000 0.000 0.000 0.000 0.000 0.000 0.000 0.000 0.000 0.000 0.000 0.000 47.169 39.169 10.169 0.000 0.000 0.000 0.000 0.000 0.000 0.000 0.000 0.000 0.000 0.000 0.000 0.000 0.000 0.000 0.000 0.000 0.000 0.000 12.299 48.298 49.298 47.298 47.299 44.304 40.319 0.000 0.000 14.154 35.154 33.152
77.156 66.156 48.156 49.156 48.156 42.155 43.155 44.155 42.154 47.154 46.154 37.154 34.154 0.000 0.000 0.000 0.000 0.000 0.000 34.174 0.000 0.000 0.000 0.000 0.000 0.000 0.000 0.000 0.000 0.000 0.000 0.000 0.000 0.000 0.000 0.000 0.000 0.000 0.000 0.168 46.169 9.169 0.000 0.000 0.000 0.000 0.000 0.000 0.000 0.000 0.000 0.000 0.000 0.000 0.000 0.000 0.000 0.000 0.000 0.000 0.000 3.275 36.275 35.275 35.274 51.272 46.270 0.000 0.000 0.000 7.145 48.143 60.139
77.156 71.156 41.156 41.156 41.156 24.155 25.155 29.155 39.154 48.154 45.154 37.154 40.154 29.154 0.000 0.000 0.000 0.000 0.000 0.000 0.000 0.000 0.000 0.000 0.000 0.000 0.000 0.000 0.000 0.000 0.000 0.000 0.000 0.000 0.000 0.000 0.000 0.000 0.000 0.000 3.169 49.168 8.168 0.000 0.000 0.000 0.000 0.000 0.000 0.000 0.000 0.000 0.000 0.000 0.000 0.000 0.000 0.000 0.000 0.000 28.241 31.251 35.254 35.253 37.250 56.244 46.234 29.212 0.000 0.000 43.138 64.134 71.127
77.156 75.156 45.156 42.156 22.156 0.000 0.000 0.000 0.000 39.154 42.154 40.154 33.154 0.000 0.000 0.000 0.000 0.000 0.000 0.000 0.000 0.000 0.000 0.000 0.000 0.000 0.000 0.000 0.000 0.000 0.000 0.000 0.000 0.000 0.000 0.000 0.000 0.000 0.000 0.000 1.168 52.168 14.168 0.000 0.000 0.000 0.000 0.000 0.000 0.000 0.000 0.000 0.000 0.000 0.000 0.000 0.000 0.000 0.000 0.221 39.231 36.234 35.235 31.233 44.229 61.221 45.209 34.191 29.166 29.148 53.135 70.126 71.117
77.156 75.156 28.156 32.156 0.000 0.000 0.000 0.000 0.000 0.000 30.154 43.154 35.154 0.000 0.000 0.000 0.000 0.000 0.000 0.000 0.000 0.000 0.000 0.000 0.000 0.000 0.000 0.000 0.000 0.000 0.000 0.000 0.000 0.000 0.000 0.000 0.000 0.000 0.000 0.000 0.000 1.168 20.168 0.000 0.000 0.000 0.000 0.000 0.000 0.000 0.000 0.000 8.199 16.199 0.000 0.000 0.000 0.000 0.000 33.212 31.217 30.220 35.219 49.216 62.211 52.202 36.191 34.176 36.159 33.143 54.130 72.118 71.107
77.156 51.156 0.000 0.000 0.000 0.000 0.000 0.000 0.000 0.000 0.000 33.154 40.154 38.154 0.000 0.000 0.000 0.000 0.000 0.000 0.000 0.000 0.000 0.000 0.000 0.000 0.000 0.000 0.000 0.000 0.000 0.000 0.000 0.000 0.000 0.000 0.000 0.000 0.000 0.000 0.000 0.000 0.000 0.000 0.000 0.000 0.000 0.000 0.000 0.000 0.000 0.000 0.000 9.199 11.199 0.000 38.200 30.201 28.202 40.206 54.208 59.208 61.206 61.202 47.195 35.187 34.176 34.163 33.149 35.136 58.123 73.110 71.098
