results4_8e4_rain/res_4e8f-0043.wd
ncols         241
nrows         181
xllcorner     12693529.787448
yllcorner     3542525.717860
cellsize      155.156523
NODATA_value  -9999.000000
[rows 99 to 131 of 181, columns 0 to 73 of 241]
0.000 0.000 0.000 0.000 0.000 44.258 84.256 86.252 77.243 72.243 0.000 0.000 0.000 0.000 0.000 0.000 0.000 52.180 49.180 0.000 0.000 0.000 0.000 47.109 46.107 0.000 0.000 0.000 0.000 0.000 0.000 0.000 0.000 0.000 2.644 48.643 44.639 43.631 44.619 45.604 58.586 47.565 51.543 43.522 45.501 43.478 44.453 49.427 50.400 48.371 52.342 45.313 45.283 47.253 50.221 64.188 65.158 50.126 36.108 0.000 0.000 0.000 0.000 0.000 14.732 69.732 66.733 53.732 28.733 23.734 67.737 44.742 46.750 46.760
0.000 0.000 0.000 0.000 0.000 45.268 85.267 85.266 0.000 0.000 0.000 0.000 0.000 0.000 0.000 0.000 0.000 63.182 52.181 0.000 0.000 0.000 50.131 49.122 53.117 0.000 0.000 0.000 0.000 54.718 46.718 0.000 0.000 0.000 61.669 71.667 57.664 50.658 44.648 46.636 65.620 50.600 56.575 56.556 47.535 62.512 54.487 55.461 45.432 53.403 53.373 51.342 45.311 46.280 50.249 47.206 9.182 0.000 0.000 0.000 0.000 0.000 0.000 17.729 54.730 66.731 73.731 63.732 39.733 40.735 54.738 45.743 46.750 46.760
0.000 0.000 0.000 0.000 0.000 32.280 81.279 90.279 0.281 0.000 0.000 0.000 0.000 0.000 0.000 0.000 0.000 70.185 51.182 52.175 54.166 51.154 48.141 49.131 47.124 0.000 0.000 0.000 0.000 47.718 47.719 48.719 47.716 47.710 46.697 56.694 65.692 12.688 76.681 66.672 71.658 56.640 1.605 72.591 70.573 69.550 73.524 62.496 45.467 48.436 53.404 53.372 50.340 46.309 35.289 0.000 0.000 0.000 0.000 0.000 0.000 0.000 0.000 27.729 54.729 54.729 65.730 64.731 47.732 47.734 46.738 46.743 46.749 46.758
58.330 61.330 0.000 0.000 0.000 42.293 81.292 86.293 96.299 1.302 0.000 0.000 0.000 0.000 0.000 0.000 0.000 7.192 55.187 52.179 70.168 84.158 59.148 44.139 0.000 0.000 0.000 0.000 0.000 0.000 46.721 47.723 47.720 47.718 47.716 46.720 46.723 45.722 46.718 51.711 63.702 57.691 0.666 72.634 73.615 51.591 58.564 75.534 69.503 56.470 46.437 52.403 53.368 56.329 41.308 0.000 0.000 0.000 0.000 0.000 0.000 0.000 0.000 0.000 5.728 51.728 48.728 48.729 46.731 46.733 46.736 46.741 46.746 45.754
72.331 55.330 55.328 57.324 59.318 78.308 86.304 86.303 86.305 88.307 62.308 1.309 0.000 50.227 57.226 58.223 20.216 15.205 78.196 86.187 81.172 77.161 60.154 0.000 0.000 0.000 0.000 0.000 0.000 0.000 0.000 47.732 46.725 45.724 46.730 47.749 47.757 47.759 47.759 48.755 67.747 62.737 45.728 47.691 58.663 69.635 46.606 58.575 59.540 52.504 72.470 55.436 47.402 0.000 0.000 0.000 0.000 0.000 0.000 0.000 0.000 0.000 0.000 0.000 0.000 51.727 46.727 46.728 46.729 46.731 46.733 44.737 42.743 44.749
87.334 77.333 58.331 62.327 80.323 86.317 86.313 86.312 86.311 81.311 53.311 59.311 0.000 41.228 76.230 84.227 84.222 68.214 83.208 90.202 0.159 0.000 0.000 0.000 0.000 0.000 0.000 0.000 0.000 0.000 0.000 47.748 0.000 0.000 0.000 48.791 47.796 47.801 47.803 48.802 64.795 69.783 46.766 47.739 47.711 65.682 66.651 44.618 52.581 71.538 63.503 41.469 0.000 0.000 0.000 0.000 0.000 0.000 0.000 0.000 0.000 0.000 0.000 0.000 0.000 51.725 46.726 46.726 46.727 45.728 44.730 49.733 50.738 51.744
87.338 87.337 82.336 85.333 86.329 86.325 86.322 86.319 86.317 82.316 57.314 74.312 0.000 0.000 54.239 78.236 86.230 87.224 86.218 91.213 0.000 0.000 0.000 0.000 0.000 0.000 0.000 0.000 0.000 0.000 0.000 47.764 0.000 0.000 49.832 47.829 47.836 47.845 47.853 47.854 64.849 69.835 46.815 47.789 47.761 48.731 69.700 63.666 70.626 60.566 41.534 0.000 0.000 0.000 0.000 0.000 0.000 0.000 0.000 0.000 0.000 0.000 0.000 0.000 49.724 46.724 46.724 46.725 46.724 45.724 47.726 51.729 52.733 52.737
85.344 86.344 86.342 86.340 86.337 86.334 86.331 86.328 86.324 87.321 82.317 89.313 13.309 0.000 42.252 61.247 84.241 86.235 87.229 75.221 0.000 0.000 0.000 0.000 0.000 0.000 0.000 0.000 0.000 0.000 0.000 41.781 46.798 46.816 45.835 47.857 47.873 47.891 47.908 47.915 64.910 69.894 46.871 47.842 47.812 47.781 52.751 75.721 55.693 0.000 0.000 0.000 0.000 0.000 0.000 0.000 0.000 0.000 0.000 0.000 0.000 0.000 0.000 0.000 2.724 53.724 49.724 50.723 48.722 44.720 51.721 52.723 50.727 50.731
82.352 87.351 86.350 86.348 86.346 86.343 86.340 86.337 86.333 86.328 87.322 80.315 64.306 55.291 49.271 76.260 86.252 86.246 91.242 0.000 0.000 0.000 0.000 0.000 0.000 0.000 0.000 0.000 0.000 0.000 0.000 0.000 0.000 0.000 0.000 47.893 47.909 47.938 47.975 47.989 63.983 70.962 47.932 47.898 47.864 47.832 47.803 53.773 6.733 0.000 0.000 0.000 0.000 0.000 0.000 0.000 0.000 0.000 0.000 0.000 0.000 0.000 0.000 0.000 0.000 0.000 0.000 0.000 0.000 53.712 51.714 52.717 49.720 44.724
82.361 87.361 86.360 86.358 86.356 86.354 86.351 86.347 86.342 86.336 87.329 72.320 51.309 50.296 59.282 83.270 86.262 86.256 92.252 0.000 0.000 0.000 0.000 0.000 0.000 0.000 0.000 0.000 0.000 0.000 0.000 0.000 0.000 0.000 0.000 43.913 47.933 44.979 48.065 48.084 67.071 71.039 47.997 47.954 47.914 47.881 47.855 44.838 0.000 0.000 0.000 0.000 0.000 0.000 0.000 0.000 0.000 0.000 0.000 0.000 0.000 45.653 0.000 0.000 0.000 0.000 0.000 0.000 49.697 50.703 52.707 52.710 49.714 45.717
85.371 86.371 86.371 86.370 86.368 86.366 86.363 86.359 86.354 86.347 86.339 83.328 60.316 61.303 78.290 85.279 86.270 86.264 93.260 10.260 0.000 0.000 0.000 0.000 0.000 0.000 0.000 0.000 0.000 0.000 0.000 0.000 0.000 0.000 0.000 0.000 43.933 0.000 47.222 48.211 76.178 63.126 48.064 48.006 47.959 60.923 50.898 45.886 0.000 0.000 0.000 0.000 0.000 0.000 0.000 0.000 0.000 0.000 0.000 0.000 0.000 56.654 41.654 0.000 0.000 0.000 0.000 50.687 53.692 52.697 49.701 45.704 45.708 43.711
86.383 86.383 86.383 86.382 86.381 86.379 86.377 86.373 86.368 86.360 86.351 86.339 88.325 88.311 87.298 86.286 86.278 88.271 77.264 20.262 0.000 0.000 0.000 0.000 0.000 0.000 0.000 0.000 0.000 0.000 0.000 0.000 0.000 0.000 0.000 0.000 0.000 0.000 47.391 48.361 82.305 51.225 48.129 48.048 59.992 68.954 47.931 47.921 46.929 0.000 0.000 0.000 0.000 0.000 0.000 0.000 0.000 0.000 0.000 0.000 0.000 52.654 53.655 40.656 0.000 46.672 48.675 52.682 51.687 49.692 48.695 44.699 52.702 55.704
85.395 84.396 86.396 86.396 86.396 86.395 86.393 86.389 86.384 86.377 86.366 86.352 86.335 86.318 86.304 86.292 87.283 70.278 0.000 0.000 47.256 61.255 7.254 0.000 0.000 0.000 0.000 0.000 0.000 0.000 0.000 0.000 0.000 0.000 0.000 0.000 0.000 0.000 43.589 54.538 77.458 48.339 45.178 48.067 48.008 47.972 47.950 47.940 47.938 44.937 0.000 0.000 0.000 0.000 0.000 0.000 0.000 0.000 0.000 0.000 0.000 47.654 43.655 49.658 44.662 52.668 52.673 51.679 47.683 50.687 45.691 44.694 44.696 37.700
75.408 75.409 84.411 86.412 86.412 86.412 86.411 86.408 86.404 86.397 86.386 87.370 88.346 86.324 86.308 86.296 86.287 8.282 0.000 47.262 57.258 67.255 66.254 59.252 51.252 0.000 0.000 0.000 0.000 0.000 0.000 0.000 0.000 0.000 0.000 48.135 51.098 51.010 47.839 46.745 55.651 43.495 0.000 44.033 48.000 47.976 47.959 47.949 46.946 0.000 0.000 0.000 0.000 0.000 0.000 0.000 49.645 60.645 0.000 0.000 48.651 46.653 46.655 43.658 51.661 52.666 52.671 49.676 52.681 52.684 50.687 45.689 34.691 0.000
57.420 62.423 81.426 87.429 86.430 86.430 86.431 86.430 86.427 86.422 88.413 74.395 70.355 85.326 90.309 87.296 82.287 64.280 67.274 73.266 67.260 68.256 47.254 40.253 0.000 0.000 0.000 0.000 0.000 0.000 0.000 0.000 0.000 0.000 39.173 45.174 48.148 48.094 48.013 47.951 49.908 0.000 0.000 0.000 42.986 47.972 47.961 47.954 47.951 0.000 0.000 0.000 0.000 0.000 0.000 9.644 66.645 48.645 46.647 46.648 46.650 46.652 44.654 49.657 52.660 52.664 48.669 52.675 52.679 51.682 45.684 46.686 36.687 0.000
41.431 56.436 75.444 88.448 89.450 89.449 87.453 86.454 87.454 86.452 87.449 25.444 0.000 44.315 62.306 83.294 90.286 88.280 88.275 74.270 0.000 0.000 0.000 0.000 0.000 0.000 0.000 0.000 0.000 0.000 0.000 0.000 0.000 0.000 0.000 44.238 48.229 46.204 47.169 49.139 50.122 0.000 0.000 0.000 0.000 40.966 47.960 47.956 44.953 0.000 0.000 0.000 0.000 0.000 0.000 0.000 8.645 62.646 45.647 45.648 46.649 45.651 45.653 51.655 52.658 50.663 38.666 0.000 56.680 50.681 50.682 50.683 36.684 0.000
5.438 27.446 60.465 66.472 60.472 62.466 79.477 87.481 83.483 76.485 75.486 10.489 0.000 0.000 0.000 20.289 55.285 81.280 88.277 0.000 0.000 0.000 0.000 0.000 0.000 0.000 0.000 0.000 0.000 35.768 56.769 1.769 0.000 0.000 0.000 44.313 50.326 49.326 58.319 59.315 49.321 0.000 0.000 0.000 0.000 0.000 44.958 45.956 0.000 0.000 0.000 0.000 0.000 0.000 0.000 0.000 0.000 67.646 70.647 50.648 44.649 42.650 52.652 52.654 47.656 0.000 0.000 0.000 0.000 55.680 52.681 52.682 42.682 0.000
0.000 0.000 41.501 50.502 2.503 0.000 51.509 80.511 71.514 67.518 81.524 48.537 8.564 0.000 0.000 0.000 0.000 26.278 57.277 0.000 0.000 0.000 0.000 0.000 0.000 0.000 0.000 0.000 0.000 0.000 40.770 58.770 0.000 0.000 0.000 35.375 49.437 47.456 77.466 70.483 48.525 50.628 0.000 0.000 0.000 0.000 39.957 0.000 0.000 0.000 0.000 0.000 0.000 0.000 0.000 0.000 0.000 0.000 55.647 72.648 57.649 51.650 52.651 47.652 0.000 0.000 0.000 0.000 0.000 47.680 52.680 52.681 47.681 0.000
0.000 0.000 37.535 82.534 39.534 0.000 40.539 72.540 74.543 85.549 87.558 90.571 96.592 35.620 4.634 0.000 0.000 0.000 0.000 0.000 0.000 0.000 0.000 0.000 0.000 0.000 0.000 0.000 0.000 0.000 41.771 56.772 0.000 0.000 0.000 0.000 42.592 50.596 80.606 62.628 50.668 49.731 54.800 0.000 0.000 0.000 0.000 0.000 0.000 0.000 0.000 0.000 0.000 0.000 0.000 0.000 0.000 0.000 0.000 0.000 60.649 50.649 48.650 0.000 0.000 0.000 0.000 0.000 46.678 45.679 47.679 41.680 0.000 0.000
10.599 25.591 59.572 77.566 85.567 54.577 67.569 90.569 87.572 86.578 86.586 86.599 86.615 92.634 95.650 51.668 10.677 0.000 55.704 69.704 62.703 64.702 20.701 0.000 0.000 0.000 0.000 0.000 0.000 0.000 20.773 42.775 48.781 48.788 51.795 10.804 43.745 72.730 74.735 51.755 49.787 49.831 52.870 0.000 0.000 0.000 0.000 0.000 0.000 0.000 0.000 0.000 0.000 0.000 0.000 0.000 0.000 0.000 0.000 0.000 0.000 0.000 0.000 0.000 0.000 0.000 0.000 48.677 43.678 41.678 0.000 0.000 0.000 0.000
83.608 86.604 86.596 84.592 82.592 83.594 85.594 85.595 86.598 87.604 87.613 86.623 79.636 83.650 86.664 90.677 94.688 95.699 87.704 83.705 80.705 75.703 77.701 70.699 26.697 4.696 0.000 0.000 0.000 0.000 0.000 0.000 0.000 0.000 0.000 67.871 56.853 85.845 76.851 63.869 50.897 49.935 49.979 54.042 50.042 0.000 0.000 0.000 0.000 0.000 0.000 0.000 0.000 0.000 0.000 0.000 0.000 0.000 0.000 0.000 0.000 0.000 0.000 0.000 0.000 0.000 0.000 0.000 0.000 0.000 0.000 0.000 0.000 0.000
86.622 81.620 79.617 78.615 72.614 69.616 70.617 70.619 76.624 81.629 81.637 74.646 58.657 73.668 86.680 86.690 86.699 86.706 86.709 86.710 87.708 87.705 90.702 91.699 91.697 91.695 30.695 0.000 0.000 0.000 0.000 0.000 0.000 0.000 0.000 39.958 65.951 70.948 54.955 71.973 59.999 50.032 50.070 53.107 0.000 0.000 0.000 0.000 0.000 0.000 0.000 0.000 0.000 0.000 0.000 0.000 0.000 0.000 0.000 0.000 0.000 0.000 0.000 0.000 0.000 0.000 0.000 0.000 0.000 0.000 0.000 0.000 0.000 0.000
56.639 29.638 51.637 65.636 63.637 43.638 28.640 24.643 44.648 61.653 60.660 53.669 48.678 58.688 79.697 87.705 86.712 86.716 86.718 86.717 86.713 90.709 65.703 53.699 52.697 56.695 59.695 0.000 0.000 0.000 0.000 0.000 0.000 0.000 0.000 38.054 74.044 57.041 49.051 59.069 70.094 54.126 50.164 50.209 56.276 0.341 0.000 0.000 0.000 0.000 0.000 0.000 0.000 0.000 0.000 0.000 0.000 0.000 0.000 0.000 0.000 0.000 0.000 0.000 0.000 0.000 0.000 0.000 0.000 0.000 0.000 0.000 0.000 0.000
46.658 17.658 39.658 54.658 50.659 27.660 13.663 17.667 37.671 51.677 49.684 49.691 50.700 48.708 67.716 84.723 86.728 86.731 86.731 86.727 85.721 48.715 0.000 0.000 0.000 0.000 0.000 0.000 0.000 44.292 64.293 16.294 2.296 0.000 45.216 62.160 79.132 56.123 50.137 48.159 65.184 67.214 53.249 50.291 50.341 53.399 62.427 0.443 0.000 0.000 0.000 0.000 0.000 0.000 0.000 0.000 0.000 0.000 0.000 0.000 0.000 0.000 0.000 0.000 0.000 0.000 0.000 0.000 0.000 0.000 0.000 0.000 0.000 0.000
59.678 55.678 50.678 49.679 50.681 52.683 53.686 56.690 55.694 51.700 50.707 50.714 50.722 49.729 56.737 78.743 87.748 86.750 88.747 60.739 26.730 0.000 0.000 0.000 0.000 0.000 0.000 0.000 0.000 9.293 31.293 34.295 38.298 52.304 49.273 70.237 67.202 41.181 48.219 50.245 52.270 65.299 57.330 52.364 50.400 49.434 66.454 57.464 51.463 0.000 0.000 0.000 0.000 0.000 0.000 0.000 0.000 0.000 0.000 0.000 0.000 0.000 0.000 0.000 0.000 0.000 0.000 0.000 0.000 0.000 0.000 0.000 0.000 11.683
49.699 50.699 50.700 50.701 50.703 50.705 50.709 50.713 50.718 50.723 50.730 50.737 50.744 50.752 48.759 69.766 86.771 88.774 84.771 10.755 0.000 0.000 0.000 0.000 0.000 0.000 0.000 0.000 0.000 0.000 0.000 0.000 0.000 36.340 53.337 79.315 53.258 0.000 36.313 51.331 49.355 53.380 54.407 63.435 52.461 50.483 49.492 45.477 0.000 0.000 0.000 0.000 0.000 0.000 0.000 0.000 0.000 0.000 0.000 0.000 0.000 0.000 0.000 0.000 0.000 0.000 0.000 0.000 0.000 0.000 0.000 0.000 16.857 81.780
50.720 50.720 50.721 50.723 50.725 50.728 50.731 49.736 49.741 50.747 50.753 50.760 50.768 50.776 49.784 57.791 72.798 83.804 71.808 0.000 0.000 0.000 0.000 0.000 0.000 0.000 0.000 0.000 0.000 0.000 0.000 0.000 0.000 13.381 62.422 87.427 0.000 0.000 34.389 52.413 50.438 49.462 57.485 68.508 56.529 50.545 54.554 0.000 0.000 0.000 0.000 0.000 0.000 0.000 0.000 0.000 0.000 0.000 0.000 0.000 0.000 0.000 0.000 0.000 0.000 0.000 0.000 0.000 0.000 0.000 0.000 0.000 73.934 87.879
50.742 50.742 50.743 50.745 50.747 50.750 50.754 54.759 55.764 51.770 50.777 50.784 50.792 50.800 50.809 49.818 52.827 61.837 61.849 2.872 0.000 0.000 0.000 0.000 0.000 0.000 5.042 0.000 0.000 0.000 0.000 0.000 0.000 0.000 66.543 81.546 4.585 0.000 18.442 49.495 50.523 50.545 49.564 54.583 56.601 52.616 54.625 0.000 0.000 0.000 0.000 0.000 0.000 0.000 0.000 0.000 0.000 0.000 0.000 0.000 0.000 0.000 0.000 0.000 0.000 0.000 0.000 0.000 0.000 0.000 0.000 58.162 67.067 66.993
50.763 50.764 50.765 50.767 50.770 50.773 49.777 61.782 66.787 53.793 50.800 50.808 50.816 50.825 50.835 50.845 50.856 49.868 52.882 33.895 0.000 0.000 0.000 0.000 0.000 47.043 68.043 30.043 21.039 20.033 0.000 0.000 0.000 47.731 89.660 63.631 63.624 0.000 0.000 35.604 52.616 50.630 50.645 48.661 64.677 68.693 62.706 0.000 0.000 0.000 0.000 0.000 0.000 0.000 0.000 0.000 0.000 0.000 0.000 0.000 0.000 0.000 0.000 0.000 0.000 0.000 0.000 0.000 0.000 0.000 32.332 83.256 69.178 82.111
50.785 50.786 50.787 50.789 50.792 50.796 49.800 62.805 68.810 52.817 50.824 50.832 50.841 50.851 50.861 50.872 50.885 50.898 50.914 56.934 27.961 0.000 0.000 0.000 0.000 10.043 25.045 47.048 55.043 59.028 32.996 8.952 43.891 81.803 79.738 59.692 41.658 0.000 0.000 35.701 52.706 51.715 54.726 49.739 58.755 81.773 78.800 23.852 0.000 3.961 0.000 0.000 0.000 0.000 0.000 0.000 0.000 0.000 0.000 0.000 0.000 0.000 0.000 0.000 0.000 0.000 0.000 0.000 0.000 0.000 69.407 125.353 108.288 130.196
47.808 48.808 49.810 49.812 50.815 50.818 48.823 63.828 66.834 49.841 50.848 50.857 50.866 50.876 50.887 50.899 50.913 50.928 50.945 50.965 56.989 37.014 0.000 0.000 0.000 0.000 0.000 23.064 54.056 50.039 53.010 56.970 68.917 85.854 69.796 37.744 0.000 0.000 0.000 34.793 51.794 54.798 67.806 53.816 63.829 64.846 83.870 87.904 70.945 20.962 0.000 0.000 0.000 0.000 0.000 0.000 0.000 0.000 0.000 0.000 0.000 0.000 0.000 0.000 0.000 0.000 0.000 0.000 0.000 55.630 65.536 66.463 69.395 88.370
68.830 63.831 58.832 56.834 52.837 48.841 48.846 63.851 66.857 48.864 50.872 50.881 50.891 50.901 50.913 50.926 49.940 48.955 49.973 49.993 50.015 56.041 33.072 10.089 0.000 0.000 0.000 22.088 60.079 54.062 49.037 62.001 84.955 78.902 46.848 0.000 0.000 0.000 0.000 32.884 50.880 55.880 62.884 57.891 62.901 61.914 74.930 68.950 61.970 34.980 0.000 0.000 0.000 0.000 0.000 0.000 0.000 0.000 0.000 0.000 0.000 0.000 0.000 0.000 0.000 0.000 0.000 0.000 32.803 60.725 129.643 93.577 125.460 109.132
88.853 87.853 83.855 78.857 74.860 69.864 64.869 60.874 55.881 49.888 50.896 50.905 50.915 50.926 49.938 51.952 57.966 62.982 62.000 60.019 54.040 49.063 53.086 59.106 23.128 4.139 8.138 42.121 65.110 56.096 52.075 75.044 86.999 42.950 0.000 0.000 0.000 0.000 3.025 36.981 49.963 54.957 70.958 60.963 53.970 46.979 52.988 70.998 68.006 74.009 0.000 0.000 0.000 0.000 0.000 0.000 0.000 0.000 0.000 0.000 0.000 0.000 0.000 0.000 0.000 0.000 0.000 0.000 67.882 58.820 68.751 91.644 67.816 107.271
