results4_8e4_rain/res_4e8f-0213.wd
ncols         241
nrows         181
xllcorner     12693529.787448
yllcorner     3542525.717860
cellsize      155.156523
NODATA_value  -9999.000000
[rows 66 to 98 of 181, columns 146 to 218 of 241]
38.345 53.282 75.223 76.168 76.118 76.072 76.030 75.992 75.957 78.928 14.910 0.000 2.773 0.000 0.000 0.000 0.000 1.266 48.266 23.266 0.000 30.264 60.263 60.263 60.263 67.262 73.261 73.259 73.255 73.252 73.247 73.242 73.237 73.231 73.226 75.221 60.217 61.215 53.214 0.000 0.000 0.000 0.000 0.000 29.547 36.538 45.519 39.481 17.430 15.399 30.373 51.349 59.325 53.301 48.277 48.253 38.228 35.204 35.180 38.157 59.133 71.111 66.089 55.067 62.047 69.027 73.008 72.989 71.972 71.955 71.939 71.923 71.908
41.406 60.343 78.283 76.228 76.179 76.135 76.095 76.057 81.022 69.993 39.979 36.997 0.000 0.000 0.000 0.000 0.000 19.266 21.266 0.000 0.000 0.000 30.260 61.260 70.260 73.259 73.257 73.256 73.253 77.250 75.246 73.242 73.237 73.233 72.228 64.224 58.221 64.218 54.217 0.000 0.000 0.000 0.000 21.539 35.540 40.535 36.528 0.000 2.382 12.368 32.349 35.329 49.307 58.285 47.262 46.238 44.215 35.190 35.166 34.142 40.119 64.096 71.073 56.052 58.031 60.011 61.991 65.973 69.955 71.938 72.922 71.906 71.891
46.465 67.400 77.337 76.283 76.236 76.195 74.157 73.119 28.081 13.041 44.018 50.014 15.018 0.000 0.000 0.000 0.000 0.000 0.000 0.000 0.000 14.257 43.258 63.258 73.257 73.256 73.255 73.253 73.251 75.248 74.245 73.242 73.238 74.234 64.231 62.227 65.223 60.220 52.218 0.000 0.000 0.000 0.000 39.538 42.538 4.535 3.532 0.000 7.350 40.341 42.327 52.310 55.290 66.270 64.248 52.225 41.201 33.176 35.152 35.128 30.104 44.080 61.057 65.035 70.014 66.994 59.974 64.955 67.937 67.920 65.904 67.888 70.874
51.524 74.454 78.384 79.328 76.287 77.251 72.217 18.183 2.141 43.072 44.038 49.025 57.021 0.000 0.000 0.000 0.000 0.000 0.000 0.000 0.000 26.256 49.256 62.255 74.255 73.254 73.253 73.251 73.249 74.247 73.245 73.242 73.239 70.236 64.233 29.228 2.226 0.000 0.000 0.000 0.000 0.000 0.000 35.538 42.538 0.000 0.000 0.000 57.326 43.319 38.307 66.292 71.275 72.256 76.235 70.212 58.188 38.163 35.138 35.113 33.088 34.064 40.040 41.018 47.996 55.976 62.956 66.937 67.919 68.902 64.886 67.870 68.855
33.583 38.509 48.418 24.360 81.333 78.305 63.279 40.255 10.239 0.000 0.000 0.000 0.000 0.000 0.000 0.000 0.000 0.000 0.000 0.000 0.000 27.255 52.254 55.254 71.253 73.252 73.251 73.250 77.248 76.246 73.244 73.242 74.240 65.238 68.237 0.000 0.000 0.000 0.000 0.000 0.000 0.000 0.000 0.000 29.538 38.538 0.000 0.000 88.309 51.302 33.291 64.278 72.262 72.244 72.223 75.200 74.175 54.149 37.123 35.097 33.072 36.047 37.023 45.000 49.978 38.957 38.937 43.918 48.900 54.883 59.867 63.851 67.836
79.651 58.580 0.000 0.000 85.380 77.357 64.337 46.319 13.307 0.000 0.000 0.000 0.000 0.000 0.000 0.000 0.000 0.000 0.000 0.000 0.000 0.000 13.252 57.252 73.251 73.251 73.250 73.249 75.247 74.246 73.244 73.243 74.241 62.240 72.239 0.000 0.000 0.000 0.000 0.000 0.000 0.000 0.000 0.000 0.000 5.538 13.538 0.000 25.299 41.289 34.278 64.265 72.251 72.234 73.214 73.190 73.164 66.136 42.108 38.081 36.055 33.029 54.004 65.981 71.958 55.937 48.917 44.898 42.880 39.863 39.847 39.831 67.817
55.729 0.000 0.000 82.568 82.451 80.406 71.393 56.378 12.362 0.000 0.000 0.000 0.000 0.000 0.000 0.000 0.000 0.000 0.000 0.000 0.000 0.000 39.250 62.250 74.250 73.249 73.249 74.248 73.247 73.245 73.244 73.243 74.242 67.241 32.240 0.000 0.000 0.000 0.000 0.000 0.000 0.000 0.000 0.000 0.000 0.000 0.000 0.000 0.000 38.277 37.265 55.255 70.243 73.228 67.208 63.183 69.154 60.122 43.093 42.065 51.037 46.010 68.985 72.960 71.937 69.916 69.896 66.877 64.859 61.842 57.826 49.811 69.796
82.776 72.775 78.745 34.685 0.000 1.428 77.450 51.439 12.400 0.000 14.653 0.000 0.000 0.000 0.000 0.000 0.000 0.000 0.000 0.000 0.000 2.249 55.249 67.249 74.249 73.248 73.248 75.247 75.246 73.245 73.244 73.243 72.242 68.241 17.241 0.000 0.000 0.000 0.000 0.000 0.000 0.000 0.000 0.000 0.000 0.000 0.000 0.000 0.240 0.000 26.252 52.246 70.237 71.225 52.209 55.179 57.147 54.107 39.076 36.048 59.020 67.991 71.963 73.938 73.915 74.894 72.873 72.855 73.837 72.820 73.805 73.790 72.775
84.824 76.805 81.774 32.742 0.000 0.000 68.534 16.527 0.000 0.000 46.653 9.653 0.000 0.000 0.000 0.000 0.000 0.000 0.000 0.000 0.000 1.248 58.248 70.248 74.248 73.247 73.247 74.246 74.245 73.245 73.244 74.243 70.242 65.242 15.241 0.000 0.000 0.000 0.000 0.000 0.000 0.000 0.000 0.000 0.000 0.000 0.000 0.000 18.241 20.241 31.243 47.241 69.235 71.228 17.221 0.000 0.000 44.082 38.057 33.032 47.002 65.969 71.940 73.915 73.891 73.870 71.850 71.831 72.814 71.798 71.782 72.768 72.754
76.891 76.846 76.805 74.767 61.733 47.687 40.624 39.609 35.636 38.648 41.653 41.654 13.654 0.000 0.000 0.000 0.000 0.000 19.246 21.246 0.000 11.247 57.247 71.247 73.247 73.247 73.246 73.246 73.245 73.244 73.244 73.243 55.242 50.242 48.242 43.241 7.241 0.000 0.000 0.000 0.000 0.000 0.000 0.000 0.000 0.000 0.000 0.000 22.240 48.240 39.240 43.238 63.234 64.230 37.227 0.000 0.000 0.000 35.038 40.019 38.988 57.943 70.914 71.889 71.866 71.845 71.825 71.807 71.790 71.774 71.759 71.745 71.731
76.932 76.882 76.833 75.788 72.746 74.704 48.666 27.649 65.651 38.655 42.656 18.655 0.000 0.000 0.000 0.000 0.000 0.000 19.246 65.246 14.246 2.246 56.246 70.246 74.246 73.246 75.245 76.245 74.244 73.244 73.243 71.243 64.242 55.242 56.242 55.241 8.241 0.000 0.000 0.000 0.000 0.000 0.000 0.000 0.000 0.000 0.000 0.000 16.239 51.239 43.238 50.237 65.234 60.232 66.230 0.000 0.000 0.000 0.000 0.000 0.000 47.902 70.883 71.861 71.838 71.818 71.799 71.781 71.765 71.750 71.735 71.721 71.708
76.969 76.917 77.858 79.805 76.758 76.718 75.688 76.671 67.665 45.663 17.663 0.000 0.000 0.000 0.000 0.000 0.000 0.000 6.246 58.246 45.246 35.246 51.246 73.246 73.246 73.245 73.245 73.245 73.244 73.244 73.243 73.243 71.242 50.242 54.241 61.241 4.241 0.000 0.000 0.000 0.000 0.000 0.000 0.000 0.000 0.000 0.000 0.000 12.239 63.239 7.238 30.236 53.234 60.233 21.231 0.000 0.000 0.000 0.000 0.000 0.000 1.879 59.856 72.832 71.810 71.789 71.771 71.754 71.739 71.725 71.711 71.697 71.685
80.009 75.959 72.878 74.816 77.765 77.720 79.696 76.681 74.674 61.670 10.669 0.000 0.000 0.000 0.000 0.000 0.000 0.000 0.000 14.246 49.245 41.245 57.245 75.245 73.245 73.245 73.245 73.244 73.244 73.243 73.243 73.242 74.242 63.242 50.241 54.241 60.241 2.240 0.000 0.000 0.000 0.000 0.000 0.000 0.000 0.000 0.000 0.000 0.000 8.239 0.000 0.000 38.234 57.233 0.000 0.000 0.000 0.000 0.000 0.000 0.000 0.000 47.830 68.803 71.778 71.758 71.741 71.726 71.712 71.699 71.686 71.673 71.660
73.056 34.033 0.000 0.000 0.000 69.703 74.694 80.685 76.679 65.676 15.674 0.000 49.679 19.679 0.000 0.000 0.000 0.000 0.000 0.000 41.245 45.245 66.245 74.245 75.245 76.245 73.244 73.244 73.244 73.243 73.243 73.242 73.242 74.241 53.241 35.241 44.240 5.240 0.000 0.000 0.000 0.000 0.000 0.000 0.000 0.000 0.000 0.000 0.000 0.000 0.000 0.000 27.233 60.233 0.000 0.000 0.000 0.000 0.000 0.000 0.000 0.000 0.000 48.773 68.742 71.724 71.710 71.697 71.685 71.673 71.661 71.648 71.636
68.096 25.083 0.000 0.000 44.695 42.695 59.691 78.686 75.681 60.679 41.678 45.679 49.679 15.679 0.000 0.000 0.000 0.000 12.244 0.000 42.245 53.245 73.245 73.245 76.244 76.244 73.244 73.244 73.243 73.243 73.243 73.242 73.242 74.241 70.241 65.240 54.240 34.240 28.239 0.000 0.000 0.000 0.000 0.000 0.000 0.000 0.000 0.000 0.000 0.000 0.000 0.000 29.233 21.233 0.000 0.000 0.000 0.000 0.000 0.000 0.000 0.000 0.000 0.000 53.694 69.686 71.677 71.667 71.657 71.647 71.636 71.624 71.612
74.128 55.121 27.128 0.000 0.000 44.692 44.689 66.685 78.682 56.681 43.680 48.680 26.680 0.000 0.000 0.000 0.000 0.000 41.244 34.244 39.244 56.244 75.244 75.244 76.244 73.244 73.244 73.243 73.243 73.243 73.242 73.242 73.242 73.241 73.241 75.240 64.240 52.239 41.239 42.238 35.238 26.237 31.237 0.000 0.000 0.000 0.000 0.000 0.000 0.000 0.000 0.000 32.233 7.233 0.000 0.000 0.000 0.000 0.000 0.000 0.000 0.000 0.000 0.000 38.654 66.650 70.645 71.638 71.630 71.621 71.611 71.600 71.587
77.151 68.143 21.136 0.000 0.000 0.000 43.686 48.684 75.683 63.681 44.680 47.680 22.680 0.000 0.000 0.000 0.000 0.000 44.244 37.244 40.244 58.244 77.244 76.244 74.244 74.244 73.244 73.243 73.243 73.243 73.242 74.242 74.241 74.241 68.240 59.240 63.239 70.239 63.238 61.238 49.238 36.237 43.237 1.237 0.000 0.000 0.000 0.000 0.000 0.000 0.000 0.000 0.000 0.000 0.000 0.000 0.000 0.000 0.000 0.000 0.000 0.000 0.000 0.000 30.617 61.616 71.614 73.610 73.604 73.597 72.588 71.576 71.563
77.171 52.165 0.000 0.000 0.000 0.000 0.000 50.683 63.682 57.682 56.681 53.680 43.680 21.680 0.000 0.000 0.000 0.000 43.244 36.244 41.244 56.244 68.244 65.244 60.244 62.244 67.244 72.243 74.243 74.243 72.242 62.242 60.241 65.241 54.240 51.239 51.239 62.239 66.238 61.238 47.237 36.237 8.237 0.000 0.000 0.000 0.000 0.000 0.000 0.000 0.000 0.000 0.000 0.000 0.000 0.000 0.000 0.000 0.000 0.000 1.482 0.000 0.000 0.000 18.580 43.583 49.584 51.583 51.580 52.575 61.567 70.555 71.540
76.186 42.182 0.000 0.000 0.000 0.000 0.000 45.682 39.682 38.682 46.681 46.681 46.680 42.680 15.680 0.000 0.000 0.000 48.244 43.244 48.244 58.244 61.244 64.244 22.244 0.000 0.000 13.243 74.243 71.243 60.242 15.242 0.000 0.000 53.239 85.239 78.239 57.238 63.238 57.237 46.237 31.237 34.236 0.000 0.000 0.000 0.000 0.000 0.000 0.000 0.000 0.000 0.000 0.000 0.000 0.000 0.000 0.000 14.482 4.482 22.482 43.487 54.497 53.513 71.541 79.552 80.557 78.559 80.558 67.555 50.549 68.537 71.519
74.197 39.195 0.000 0.000 0.000 0.000 0.000 45.682 41.682 20.682 0.000 0.000 0.680 0.000 0.000 0.000 0.000 0.000 54.244 48.244 43.244 39.244 25.244 0.000 0.000 0.000 0.000 0.000 0.000 0.000 47.242 9.242 0.000 0.000 0.000 48.238 81.238 41.238 42.238 41.237 37.237 40.236 87.236 46.235 0.000 0.000 0.000 0.000 0.000 0.000 0.000 0.000 0.000 0.000 0.000 0.000 13.454 4.454 0.000 0.000 8.477 90.482 86.490 68.502 69.517 66.528 67.534 89.538 82.539 68.539 48.536 57.526 56.503
60.206 41.204 35.207 0.000 0.000 0.000 0.000 0.000 43.682 27.682 0.000 0.000 0.000 0.000 0.000 0.000 0.000 0.000 54.244 54.244 55.244 38.244 13.244 0.000 0.000 0.000 0.000 0.000 0.000 0.000 43.242 20.242 0.000 0.000 0.000 47.238 96.238 60.238 63.237 58.237 43.237 61.236 115.235 112.234 43.233 0.059 10.002 7.000 0.000 0.000 0.000 0.000 0.000 0.000 0.000 0.000 3.453 21.454 11.456 9.459 18.467 93.473 60.480 68.489 59.499 40.507 51.513 94.518 60.522 47.525 54.529 8.528 0.000
44.212 44.210 30.210 0.000 0.000 0.000 0.000 0.000 0.000 0.000 0.000 0.000 0.000 0.000 0.000 0.000 0.000 0.000 57.244 48.244 42.244 40.244 14.244 0.000 0.000 0.000 0.000 0.000 0.000 40.242 33.242 58.242 54.242 0.000 6.238 53.238 59.238 51.238 94.237 83.237 54.236 7.236 71.235 126.234 10.234 0.000 0.000 0.000 0.000 0.000 0.000 0.000 22.453 19.453 14.453 3.453 72.453 110.453 101.453 97.455 44.459 88.463 56.468 45.474 92.481 73.488 93.494 74.500 44.505 52.510 0.000 0.000 0.000
47.216 48.214 40.213 0.000 0.000 0.000 0.000 0.000 0.000 0.000 0.000 0.000 0.000 0.000 0.000 0.000 0.000 0.000 11.244 52.244 42.244 20.244 0.000 0.000 0.000 0.000 0.000 0.000 0.000 42.242 39.242 15.242 0.000 0.000 0.000 27.238 6.238 0.000 7.237 49.237 5.236 0.000 27.235 93.234 48.234 0.234 0.000 0.000 0.000 0.000 0.000 0.000 0.000 4.452 0.000 0.000 28.452 8.452 72.450 76.450 27.451 88.453 65.455 38.459 56.464 106.469 120.475 54.481 42.489 9.499 0.000 0.000 18.304
46.219 47.217 47.216 51.216 43.216 0.000 0.000 0.000 0.000 0.000 0.000 0.000 0.000 0.000 0.000 0.000 0.000 0.000 0.000 42.244 38.244 22.244 0.000 0.000 0.000 0.000 0.000 0.000 43.242 40.242 17.242 0.000 0.000 0.000 0.000 1.238 0.000 0.000 0.000 53.236 2.236 0.000 27.235 0.000 0.000 0.000 0.000 0.000 0.000 0.000 0.000 0.000 0.000 13.452 7.452 9.452 2.452 0.000 48.444 67.443 26.442 90.441 70.441 40.443 89.446 92.451 87.456 95.462 59.469 0.000 0.000 1.270 32.284
48.221 26.218 37.217 46.216 46.216 46.216 45.216 0.000 0.000 0.000 0.000 0.000 0.000 0.000 0.000 0.000 0.000 0.000 0.000 44.244 40.244 24.244 0.000 0.000 0.000 0.000 0.000 0.000 0.000 46.242 18.242 0.000 0.000 0.000 0.000 0.000 0.000 5.236 17.236 40.236 44.236 21.236 0.000 0.000 0.000 0.000 0.000 0.000 0.000 0.000 0.000 0.000 0.000 2.452 0.452 6.452 0.000 0.000 51.439 71.437 31.433 91.428 76.425 90.425 90.427 49.431 42.436 87.443 36.456 0.000 0.245 33.256 41.263
53.224 0.000 0.000 43.216 32.216 0.000 45.216 35.216 0.000 0.000 0.000 0.000 0.000 0.000 0.000 0.000 0.000 0.000 0.000 43.244 40.244 28.244 0.000 0.000 0.000 0.000 0.000 0.000 0.000 0.000 0.000 0.000 0.000 0.000 0.000 0.000 0.000 0.000 56.236 73.236 34.236 0.000 0.000 0.000 0.000 0.000 0.000 0.000 0.000 0.000 0.000 0.000 0.000 0.000 0.000 11.452 0.000 0.000 86.436 72.433 33.426 91.412 88.407 80.406 72.407 58.410 59.414 28.418 0.000 0.000 17.233 36.240 43.245
50.226 0.000 0.000 30.216 22.216 0.000 0.000 0.000 0.000 54.225 50.225 41.225 0.000 0.000 0.000 0.000 0.000 0.000 0.000 47.244 43.244 25.244 0.000 0.000 0.000 0.000 0.000 0.000 0.000 0.000 0.000 0.000 0.000 0.000 0.000 0.000 0.000 0.000 19.236 103.236 69.236 0.236 0.000 0.000 0.000 0.000 0.000 0.000 0.000 0.000 0.000 0.000 0.000 0.000 0.000 0.000 0.000 0.000 18.436 0.000 0.000 65.386 106.385 85.384 84.385 82.387 85.391 33.397 0.000 0.000 21.225 35.227 36.229
66.227 0.000 0.000 0.000 0.000 52.226 39.226 0.000 50.225 44.225 44.225 36.225 0.000 0.000 0.000 0.000 0.000 0.000 0.000 47.244 42.244 30.244 0.000 0.000 0.000 0.000 0.000 0.000 0.000 0.000 0.000 0.000 0.000 0.000 0.000 0.000 0.000 0.000 0.000 47.236 39.236 10.236 0.000 0.000 0.000 0.000 0.000 0.000 0.000 0.000 0.000 0.000 0.000 0.000 0.000 0.000 0.000 0.000 0.000 0.000 0.000 12.362 48.362 49.361 47.361 47.363 44.367 40.382 0.000 0.000 14.216 35.215 33.214
77.227 66.227 48.227 49.227 48.226 42.226 43.226 44.226 42.226 47.225 46.225 37.225 34.225 0.000 0.000 0.000 0.000 0.000 0.000 34.244 0.000 0.000 0.000 0.000 0.000 0.000 0.000 0.000 0.000 0.000 0.000 0.000 0.000 0.000 0.000 0.000 0.000 0.000 0.000 0.236 46.236 9.236 0.000 0.000 0.000 0.000 0.000 0.000 0.000 0.000 0.000 0.000 0.000 0.000 0.000 0.000 0.000 0.000 0.000 0.000 0.000 3.338 36.339 35.338 35.337 51.335 46.333 0.000 0.000 0.000 7.207 48.204 60.201
77.227 71.227 41.227 41.227 41.226 24.226 25.226 29.226 39.226 48.225 45.225 37.225 40.225 29.225 0.000 0.000 0.000 0.000 0.000 0.000 0.000 0.000 0.000 0.000 0.000 0.000 0.000 0.000 0.000 0.000 0.000 0.000 0.000 0.000 0.000 0.000 0.000 0.000 0.000 0.000 3.236 49.236 8.236 0.000 0.000 0.000 0.000 0.000 0.000 0.000 0.000 0.000 0.000 0.000 0.000 0.000 0.000 0.000 0.000 0.000 28.303 31.314 35.316 35.316 37.313 56.307 46.297 29.275 0.000 0.000 43.200 64.195 71.189
77.227 75.227 45.227 42.227 22.227 0.000 0.000 0.000 0.000 39.225 42.225 40.225 33.225 0.000 0.000 0.000 0.000 0.000 0.000 0.000 0.000 0.000 0.000 0.000 0.000 0.000 0.000 0.000 0.000 0.000 0.000 0.000 0.000 0.000 0.000 0.000 0.000 0.000 0.000 0.000 1.236 52.236 14.236 0.000 0.000 0.000 0.000 0.000 0.000 0.000 0.000 0.000 0.000 0.000 0.000 0.000 0.000 0.000 0.000 0.284 39.293 36.297 35.298 31.296 44.291 61.284 45.272 34.253 29.228 29.210 53.197 70.188 71.178
77.227 75.227 28.227 32.227 0.000 0.000 0.000 0.000 0.000 0.000 30.225 43.225 35.225 0.000 0.000 0.000 0.000 0.000 0.000 0.000 0.000 0.000 0.000 0.000 0.000 0.000 0.000 0.000 0.000 0.000 0.000 0.000 0.000 0.000 0.000 0.000 0.000 0.000 0.000 0.000 0.000 1.236 20.236 0.000 0.000 0.000 0.000 0.000 0.000 0.000 0.000 0.000 8.262 16.262 0.000 0.000 0.000 0.000 0.000 33.275 31.280 30.282 35.282 49.279 62.273 52.265 36.253 34.238 36.221 33.205 54.191 72.180 71.168
77.227 51.227 0.000 0.000 0.000 0.000 0.000 0.000 0.000 0.000 0.000 33.225 40.225 38.225 0.000 0.000 0.000 0.000 0.000 0.000 0.000 0.000 0.000 0.000 0.000 0.000 0.000 0.000 0.000 0.000 0.000 0.000 0.000 0.000 0.000 0.000 0.000 0.000 0.000 0.000 0.000 0.000 0.000 0.000 0.000 0.000 0.000 0.000 0.000 0.000 0.000 0.000 0.000 9.262 11.262 0.000 38.263 30.264 28.265 40.268 54.271 59.271 61.268 61.264 47.258 35.249 34.239 34.226 33.211 35.197 58.184 73.172 71.159
