results4_8e4_rain/res_4e8f-0120.wd
ncols         241
nrows         181
xllcorner     12693529.787448
yllcorner     3542525.717860
cellsize      155.156523
NODATA_value  -9999.000000
[rows 33 to 65 of 181, columns 73 to 145 of 241]
0.000 0.000 0.000 0.000 0.000 0.000 0.000 0.000 0.000 0.000 0.000 0.000 0.000 0.000 0.000 0.000 0.000 0.000 0.000 0.000 0.000 0.000 0.000 0.000 0.000 0.000 0.000 0.000 0.000 0.000 0.000 0.000 0.000 0.000 0.000 0.000 0.000 0.000 0.000 37.558 60.559 65.561 21.563 0.000 0.000 30.640 44.668 11.648 2.650 34.671 37.687 31.687 32.670 33.636 33.587 33.520 33.434 32.326 38.184 57.963 4.515 12.594 9.917 45.120 61.595 66.124 64.685 65.292 63.835 65.930 60.994 60.585 60.575
0.000 0.000 0.000 0.000 0.000 0.000 0.000 0.000 0.000 0.000 0.000 0.000 0.000 0.000 0.000 0.000 0.000 0.000 0.000 0.000 0.000 0.000 0.000 0.000 0.000 0.000 0.000 0.000 0.000 0.000 0.000 0.000 0.000 0.000 0.000 0.000 0.000 0.000 0.000 0.000 12.559 7.560 0.000 0.000 0.000 0.000 26.757 0.000 0.000 24.712 48.752 47.757 37.742 33.708 33.655 33.582 33.489 32.379 54.255 52.109 0.000 35.453 48.038 61.488 65.982 65.510 65.085 64.598 65.665 61.689 60.963 61.215 63.523
0.000 0.000 0.000 0.000 0.000 0.000 0.000 0.000 0.000 0.000 0.000 0.000 0.000 0.000 0.000 0.000 0.000 0.000 33.208 65.208 18.208 0.000 0.000 0.000 0.000 0.000 0.000 0.000 0.000 0.000 0.000 0.000 0.000 0.000 0.000 0.000 0.000 0.000 0.000 0.000 0.000 0.000 0.000 0.000 0.000 0.000 18.846 0.000 0.000 0.000 26.853 44.848 44.832 35.799 33.743 33.663 31.562 47.448 56.346 0.000 21.113 45.728 60.294 66.811 66.329 65.881 65.366 67.404 63.394 61.470 61.864 64.193 63.443
0.000 0.000 0.000 0.000 0.000 0.000 0.000 0.000 0.000 0.000 0.000 20.209 58.209 0.000 0.000 0.000 0.000 0.000 40.208 91.208 47.208 0.000 0.000 0.000 0.000 0.000 0.000 0.000 0.000 0.000 0.000 0.000 0.000 0.000 0.000 0.000 0.000 0.000 0.000 0.000 0.000 0.000 0.000 0.000 0.000 0.000 21.934 22.975 29.993 15.992 25.958 33.950 46.940 37.912 33.855 30.767 41.648 51.504 40.336 16.016 45.498 63.052 67.601 67.130 66.673 66.138 66.148 65.112 62.091 62.529 64.869 64.123 63.895
0.000 0.000 0.000 0.000 0.000 0.000 0.000 0.000 0.000 0.000 0.000 41.209 76.209 65.209 52.209 7.209 1.209 25.209 79.208 87.208 52.208 0.000 0.000 0.000 0.000 21.007 0.000 0.000 0.000 0.000 0.000 0.000 0.000 0.000 0.000 0.000 0.000 5.014 0.000 0.000 0.000 9.014 27.014 0.000 0.000 37.995 52.983 55.997 54.013 40.026 34.036 33.055 47.066 38.053 30.000 43.899 57.761 45.582 33.480 48.212 52.813 65.380 67.922 67.465 66.916 66.900 64.844 62.824 63.216 65.560 64.817 64.589 64.263
0.000 0.000 0.000 0.000 0.000 0.000 0.000 0.000 0.000 0.000 0.000 12.209 74.209 57.209 38.210 0.209 21.209 71.209 82.209 89.208 48.208 0.000 0.000 0.000 0.000 59.007 43.007 0.000 0.000 0.000 0.000 0.000 0.000 0.000 0.000 0.000 22.014 34.014 36.014 0.000 0.000 18.014 43.014 22.013 36.012 59.007 62.006 63.016 60.035 47.062 34.106 31.166 48.217 39.234 43.193 61.069 54.915 0.000 31.791 50.539 63.164 68.728 68.272 67.713 67.669 65.600 63.686 63.930 66.270 65.532 65.304 64.974 64.650
0.000 0.000 0.000 0.000 0.000 0.000 0.000 0.000 0.000 0.000 0.000 0.000 0.000 25.210 63.210 59.210 47.210 60.209 80.209 91.208 44.207 0.000 0.000 0.000 0.000 21.007 45.007 47.007 0.000 0.000 0.000 0.000 0.000 0.000 0.000 0.000 38.014 39.014 51.014 34.014 23.015 37.015 38.015 34.015 41.014 48.015 46.018 39.028 58.048 24.083 40.159 43.288 33.402 45.471 58.470 55.269 0.000 6.785 43.355 59.986 68.577 69.111 68.555 68.478 65.399 64.719 64.681 67.007 66.272 66.045 65.714 65.383 65.037
0.000 0.000 0.000 0.000 0.000 0.000 0.000 0.000 0.000 0.000 0.000 0.000 0.000 15.210 82.210 77.210 67.210 57.210 81.209 89.208 84.206 69.203 24.201 0.000 0.000 0.000 1.007 55.007 39.007 37.008 48.008 43.008 6.008 0.000 0.000 2.013 38.013 37.014 58.014 64.014 53.015 45.015 37.016 34.016 35.017 36.019 35.023 33.031 41.044 2.064 0.000 2.478 38.633 61.780 59.944 0.000 5.548 43.215 56.856 66.486 70.015 69.568 70.336 66.278 66.003 65.490 67.781 67.044 66.814 66.484 66.154 65.803 65.428
0.000 0.000 0.000 0.000 0.000 0.000 0.000 0.000 0.000 0.000 0.000 0.000 0.000 0.000 15.210 54.211 29.212 65.212 84.211 89.209 87.206 85.202 74.199 33.196 0.000 0.000 0.000 11.007 50.008 50.008 63.008 61.008 54.008 49.009 0.000 0.000 5.013 42.014 61.014 68.014 60.015 44.016 33.016 34.017 34.019 34.021 34.025 34.030 38.035 0.000 0.000 0.000 8.852 46.072 15.583 12.962 47.882 52.665 64.390 70.985 70.827 69.055 67.370 67.670 66.393 68.612 67.858 67.615 67.279 66.952 66.611 66.247 65.835
0.000 0.000 0.000 0.000 0.000 0.000 0.000 0.000 0.000 0.000 0.000 0.000 0.000 0.000 0.000 0.212 86.214 86.214 88.213 88.210 87.206 81.201 75.196 46.193 0.000 0.000 0.000 0.000 0.000 18.008 63.008 57.008 72.009 69.009 48.010 27.011 28.013 37.013 59.014 68.014 59.015 42.016 32.017 37.018 36.020 34.022 34.025 34.028 35.030 27.029 0.000 0.000 0.000 0.000 7.355 50.422 53.351 61.199 71.912 72.016 70.370 72.233 69.934 67.449 69.533 68.736 68.457 68.100 67.765 67.430 67.093 66.738 65.311
0.000 0.000 0.000 0.000 0.000 0.000 21.128 44.125 0.000 22.071 62.062 51.050 55.040 30.033 0.000 0.000 22.216 94.217 88.217 85.214 82.207 85.199 76.192 39.187 0.000 0.000 0.000 0.000 0.000 0.000 0.000 7.009 61.009 62.009 13.009 0.000 4.013 41.014 59.014 64.014 54.015 45.016 43.017 5.018 12.020 40.023 34.025 34.027 35.028 41.028 49.028 11.028 0.000 0.000 23.059 56.020 59.913 70.719 72.930 72.560 75.863 74.427 68.821 70.592 69.702 69.356 68.958 68.595 68.246 67.911 67.592 67.300 73.077
0.000 0.000 0.000 0.000 0.000 0.000 21.131 64.123 6.105 56.081 58.064 70.048 53.036 38.027 0.000 0.000 10.218 79.220 91.225 88.220 88.210 89.197 83.185 37.177 0.000 0.000 0.000 0.000 0.000 0.000 0.000 0.000 0.000 46.009 5.009 0.000 0.001 47.014 44.014 56.014 13.015 0.000 0.000 0.000 0.000 6.024 44.025 38.026 1.027 31.028 65.028 48.028 1.028 0.000 27.813 61.653 70.555 73.673 73.428 77.622 76.880 70.205 71.734 70.747 70.314 69.857 69.453 69.072 68.713 68.375 68.063 67.795 72.619
19.379 63.376 53.374 0.000 0.000 0.000 15.141 75.130 51.110 53.086 59.063 83.044 84.027 79.013 33.000 0.000 0.000 0.000 39.242 93.233 88.216 89.194 86.173 45.159 0.000 0.000 0.000 0.000 0.000 0.000 0.000 0.000 0.000 4.009 0.000 0.000 0.000 0.000 0.000 0.000 0.000 0.000 0.000 0.000 0.000 0.000 0.000 19.026 16.026 0.000 0.000 0.000 0.000 17.225 54.641 71.593 73.267 74.199 78.557 78.170 71.249 72.778 71.784 71.294 70.785 70.335 69.918 69.528 69.160 68.813 68.490 68.198 70.943
19.380 75.376 57.371 53.366 0.000 0.000 2.163 67.148 69.119 69.089 81.060 78.036 90.016 88.999 49.987 0.000 0.000 0.000 15.270 95.253 88.225 89.191 86.156 46.126 0.000 0.000 6.727 54.693 66.655 35.629 0.000 0.000 0.000 0.000 0.000 0.000 0.000 0.000 0.000 0.000 0.000 0.000 0.000 0.000 0.000 0.000 0.000 0.000 4.026 0.000 0.000 0.000 15.193 55.698 72.657 73.237 79.462 78.952 72.539 73.088 73.569 72.727 72.232 71.703 71.224 70.776 70.357 69.962 69.586 69.228 68.887 75.563 16.253
83.381 80.377 59.370 60.361 52.349 0.000 57.200 52.179 60.129 73.090 77.052 88.026 89.001 87.979 56.962 0.000 0.000 0.000 14.314 94.284 88.241 89.190 84.132 64.064 47.956 48.858 48.762 56.696 77.642 44.603 0.000 0.000 0.000 0.000 0.000 0.000 0.000 0.000 0.000 0.000 0.000 0.000 0.000 0.000 0.000 0.000 0.000 0.000 0.000 0.000 13.289 44.065 53.570 72.554 74.143 80.818 80.220 73.093 74.800 74.120 73.560 73.082 72.572 72.089 71.627 71.189 70.773 70.376 69.994 69.625 76.266 21.915 0.000
80.385 75.379 73.371 56.358 60.337 60.303 51.257 44.238 0.000 0.000 19.033 78.014 88.983 86.955 71.921 38.873 0.000 1.501 63.388 84.329 89.264 88.194 89.120 79.040 54.947 51.855 50.766 59.688 77.615 60.539 46.433 47.350 51.289 62.251 26.236 0.000 0.000 0.000 0.000 0.000 0.000 0.000 0.000 0.000 0.000 0.000 0.000 0.000 0.000 0.000 24.490 64.329 72.273 74.920 81.701 81.304 73.825 75.481 74.690 74.304 73.845 73.373 72.906 72.448 72.006 71.580 71.171 70.774 70.389 76.011 22.639 0.000 0.000
69.390 21.385 89.377 60.364 54.338 55.314 57.290 57.278 46.285 0.000 0.000 0.000 22.961 93.936 83.893 61.826 53.718 60.594 59.474 61.382 69.292 70.203 57.115 54.028 51.938 51.849 50.761 59.675 74.590 53.503 50.411 55.329 71.265 74.228 59.221 33.221 0.000 0.000 0.000 0.000 0.000 0.000 0.000 0.000 0.000 0.000 0.000 0.000 0.000 15.335 57.178 72.786 75.625 82.263 82.021 74.529 76.161 75.366 74.996 74.553 74.113 73.669 73.227 72.793 72.369 71.956 71.554 71.162 76.776 22.394 0.000 0.000 0.000
15.397 88.393 89.388 75.381 0.000 2.325 62.310 58.298 69.293 60.293 0.000 0.000 1.965 81.935 78.887 63.821 54.734 51.635 51.533 54.431 67.319 75.212 78.109 71.018 60.930 53.842 52.752 68.661 71.568 46.473 50.377 50.288 51.216 55.176 34.198 0.000 0.000 0.000 4.779 0.000 0.000 0.000 0.000 0.000 0.000 0.000 0.000 18.563 50.233 58.088 71.600 82.922 82.534 75.595 76.184 76.742 76.042 75.667 75.234 74.812 74.387 73.963 73.542 73.127 72.720 72.321 72.929 79.543 23.159 0.000 0.000 0.000 0.000
93.405 89.404 89.400 89.393 76.379 59.350 59.328 59.310 50.297 0.000 16.072 23.048 74.998 71.953 74.901 67.837 68.762 68.679 68.591 71.492 66.342 66.215 68.092 72.004 72.921 70.836 66.745 77.650 75.549 63.444 64.337 64.232 66.134 41.061 0.000 0.000 0.000 0.000 5.779 0.000 0.000 0.000 0.000 0.000 0.000 5.423 53.211 53.783 74.799 75.356 84.005 83.520 78.090 77.799 77.180 76.705 76.317 75.894 75.483 75.071 74.660 74.253 73.851 73.454 73.064 73.679 77.298 9.921 0.000 0.000 0.000 0.000 0.000
92.413 88.417 88.417 89.410 86.394 64.370 58.343 59.316 60.288 52.250 1.150 67.072 64.028 64.979 65.925 60.864 64.798 69.728 77.659 62.604 0.000 0.000 13.039 70.986 66.915 66.835 66.744 66.643 66.533 66.417 66.296 66.167 64.029 58.872 31.663 0.000 7.314 51.088 57.779 69.462 39.215 0.000 0.000 0.000 0.000 54.612 65.422 77.354 77.992 84.748 84.410 78.749 78.418 77.675 77.338 76.940 76.534 76.130 75.728 75.328 74.931 74.539 74.153 73.774 74.402 77.032 24.665 0.000 0.000 0.000 0.000 0.000 0.000
78.420 78.433 78.441 89.435 89.418 79.391 55.358 58.323 59.288 59.244 65.184 74.117 58.062 55.010 52.956 59.898 74.837 73.775 58.716 38.660 0.000 0.000 0.000 0.000 55.917 50.847 50.752 50.644 50.524 51.397 54.260 55.112 54.943 53.736 54.453 53.014 52.540 61.171 67.788 65.391 71.968 69.405 63.880 61.362 63.742 75.314 78.817 78.607 85.241 85.025 79.395 79.042 78.285 77.951 77.548 77.153 76.758 76.363 75.972 75.583 75.197 74.817 74.449 75.089 75.736 14.384 0.000 0.000 0.000 0.000 0.000 0.000 0.000
0.000 44.455 56.477 84.473 88.452 69.418 52.374 51.333 59.295 59.255 58.207 52.151 53.094 59.043 75.990 74.934 57.876 50.821 40.768 0.000 60.384 69.327 65.239 66.128 68.990 71.883 70.774 71.655 74.524 73.384 70.238 72.078 66.895 52.675 56.399 55.050 59.662 77.266 83.813 80.346 73.861 68.363 69.893 76.349 81.195 79.607 85.846 85.492 79.394 80.999 79.578 78.909 78.562 78.156 77.763 77.369 76.979 76.594 76.213 75.834 75.456 76.085 73.735 69.399 21.067 0.000 0.000 0.000 0.000 0.000 0.000 0.000 0.000
0.000 0.000 49.541 68.527 79.500 54.454 46.389 53.338 51.305 58.274 59.238 59.186 52.119 69.078 61.029 49.972 52.913 44.864 0.000 69.524 72.441 72.358 74.262 75.153 78.034 81.920 80.806 80.680 80.532 82.379 83.228 81.067 68.884 54.671 56.419 56.124 55.792 58.418 31.850 4.320 93.764 135.316 112.840 78.769 80.283 86.830 86.385 79.849 82.573 79.982 79.532 79.167 78.765 78.371 77.975 77.583 77.196 76.820 76.451 76.084 77.710 72.331 61.009 15.704 0.000 0.000 0.000 0.000 0.000 0.000 0.000 0.000 39.758
1.841 0.000 4.619 25.593 60.567 42.511 0.000 48.325 53.313 53.300 59.284 48.235 0.000 53.121 51.075 53.012 53.940 63.859 77.747 74.607 76.499 82.400 92.299 136.190 133.070 132.958 132.849 132.728 133.543 117.371 49.229 52.077 49.904 57.706 56.483 53.234 50.966 32.762 0.000 0.000 2.497 60.172 77.202 81.804 87.530 87.209 79.457 81.151 80.445 80.135 79.759 79.370 78.979 78.583 78.185 77.789 77.404 77.038 77.688 76.342 67.968 56.521 14.265 0.000 0.000 0.000 0.000 0.000 0.000 0.000 0.000 30.915 51.844
75.835 23.797 12.722 75.660 53.664 0.000 0.000 0.000 47.320 60.328 52.364 0.000 5.292 61.210 52.137 63.061 75.977 75.884 80.776 83.658 76.549 62.445 53.344 49.238 47.100 49.992 50.906 37.839 0.000 54.332 51.241 50.109 53.948 57.766 54.572 46.362 53.077 33.903 0.000 0.000 55.446 72.476 82.215 88.022 87.802 80.048 81.729 81.019 80.720 80.345 79.970 79.586 79.195 78.799 78.394 77.984 77.594 78.239 73.921 62.628 19.298 0.000 0.000 0.000 0.000 0.000 0.000 0.000 0.000 0.000 0.000 48.987 47.931
85.852 93.835 81.812 0.000 10.766 4.868 0.000 0.000 0.000 0.000 56.481 54.465 62.375 59.289 59.204 59.117 76.024 89.923 78.814 58.702 56.592 51.488 53.392 44.318 0.000 56.004 52.943 41.884 0.000 55.384 50.295 51.168 58.013 55.838 53.679 35.565 0.000 0.570 52.024 49.891 66.695 82.621 88.297 80.991 81.555 82.210 81.602 81.302 80.933 80.568 80.192 79.808 79.417 79.022 78.609 79.158 78.750 68.403 53.129 15.950 0.000 0.000 0.000 0.000 0.000 0.000 0.000 0.000 24.376 23.330 38.245 50.115 38.029
75.879 79.880 69.878 0.000 0.000 69.970 62.996 56.985 0.905 8.723 74.613 71.538 58.454 59.365 59.275 60.179 81.078 132.970 125.857 72.742 127.630 48.522 52.421 52.323 54.212 52.079 51.976 51.869 53.718 49.524 49.388 58.255 57.098 53.892 48.741 37.653 0.000 0.000 54.124 60.990 83.012 81.910 88.657 82.039 82.622 82.168 81.873 81.521 81.166 80.799 80.422 80.036 79.645 79.262 80.862 76.288 57.845 44.496 46.240 12.095 0.000 0.000 0.000 0.000 0.000 0.000 0.000 0.000 33.421 38.369 52.291 46.198 36.114
71.909 66.926 10.944 0.000 1.100 53.047 62.031 58.994 76.921 70.809 75.709 83.623 74.536 59.445 59.350 59.247 58.138 52.022 46.901 51.780 48.662 52.551 52.445 52.341 52.235 52.122 52.014 51.899 50.762 55.606 57.478 58.367 42.232 0.000 41.741 0.000 0.000 0.000 58.328 80.264 84.283 89.659 89.192 82.134 82.783 82.421 82.102 81.763 81.408 81.040 80.662 80.269 79.863 78.522 40.288 0.000 0.000 0.000 0.000 0.000 0.000 0.000 0.000 29.887 24.855 23.803 22.732 26.641 35.520 51.435 45.353 36.270 46.192
63.936 54.971 60.026 5.120 58.147 54.121 53.088 71.038 63.968 79.880 88.793 68.708 54.621 52.530 55.431 58.323 59.205 59.078 51.945 50.814 51.689 51.574 52.466 52.363 52.262 57.161 54.060 50.951 51.824 54.661 58.552 47.501 0.000 0.000 0.000 0.000 14.042 133.923 77.635 84.663 82.645 90.071 81.962 84.476 85.956 82.678 82.356 82.019 81.664 81.291 81.917 78.515 66.017 56.673 14.480 0.000 0.000 0.000 0.000 0.000 0.000 0.000 31.970 31.920 31.875 32.821 32.753 33.672 47.581 47.497 31.417 34.338 36.263
38.951 39.998 34.070 58.187 54.218 53.203 64.162 68.103 79.031 85.953 51.874 50.794 51.712 53.622 52.522 49.409 57.282 58.140 58.988 57.841 51.708 50.589 49.482 50.383 56.291 115.201 83.113 63.020 45.922 0.000 60.568 68.584 0.000 0.000 0.000 0.000 58.163 69.065 85.949 83.989 90.790 90.444 83.055 83.580 84.242 82.945 82.629 82.294 81.936 82.545 81.199 33.857 0.000 0.000 0.000 0.000 0.000 0.000 0.000 0.000 0.000 0.000 39.020 34.948 31.905 32.852 30.788 42.714 49.635 33.556 34.479 42.404 40.331
0.000 0.000 0.000 51.340 54.337 56.309 77.255 88.180 102.101 84.025 12.955 69.885 69.810 53.725 53.626 52.510 50.372 53.211 59.028 56.854 57.712 59.593 57.490 55.398 51.315 46.240 51.171 46.095 0.000 0.000 0.000 54.683 46.708 0.000 0.000 0.699 68.382 85.259 85.340 83.359 91.105 82.786 85.283 86.786 83.524 83.229 82.920 82.591 82.241 79.754 34.477 0.000 0.000 0.000 0.000 0.000 0.000 0.000 0.000 0.000 0.000 38.208 8.142 0.000 39.943 29.896 40.833 52.762 40.688 35.613 40.539 44.466 37.396
0.000 0.000 0.000 49.496 55.480 71.441 82.370 130.262 124.166 126.094 132.035 127.980 128.917 53.841 53.748 52.631 52.486 51.306 46.056 55.836 57.693 58.581 56.486 58.403 58.332 59.274 52.234 0.000 0.000 0.000 0.000 55.758 40.733 0.000 0.000 59.860 81.668 85.607 84.594 91.680 91.400 83.848 84.391 85.077 83.810 83.531 83.231 83.908 58.685 0.000 0.000 0.000 0.000 0.000 0.000 0.000 0.000 0.000 50.487 39.442 29.372 33.274 33.198 34.132 34.029 36.955 49.885 46.814 41.742 42.669 40.597 38.527 34.459
15.705 0.000 0.000 50.667 67.647 75.604 81.521 52.331 51.209 50.148 47.113 48.082 48.038 53.976 53.893 69.782 69.635 45.471 0.000 42.739 55.642 57.554 55.468 57.397 57.337 58.289 54.257 0.000 0.000 0.078 53.957 38.857 0.000 0.000 61.215 70.066 86.918 85.816 84.993 91.941 83.532 86.055 88.588 84.361 84.108 83.852 82.564 70.126 28.905 0.000 0.000 0.000 0.000 0.000 36.708 31.691 31.657 31.605 35.532 47.469 50.399 36.320 31.244 33.169 35.087 50.011 48.938 34.867 43.796 44.725 43.655 36.586 32.519
