results4_8e4_rain/res_4e8f-0191.wd
ncols         241
nrows         181
xllcorner     12693529.787448
yllcorner     3542525.717860
cellsize      155.156523
NODATA_value  -9999.000000
[rows 66 to 98 of 181, columns 146 to 218 of 241]
37.926 52.864 74.805 75.751 75.701 75.655 75.612 75.572 75.535 78.505 14.486 0.000 2.354 0.000 0.000 0.000 0.000 0.831 47.832 22.832 0.000 29.830 59.829 59.828 59.828 66.828 72.826 72.824 72.821 72.818 72.813 72.808 72.803 72.798 72.792 74.788 59.784 60.781 52.781 0.000 0.000 0.000 0.000 0.000 29.121 36.112 45.093 39.056 17.005 14.975 29.950 50.926 58.902 52.879 47.855 47.831 37.808 34.784 34.760 37.737 58.715 70.693 65.671 54.650 61.630 68.611 72.592 72.574 71.557 71.541 71.525 71.510 71.496
40.987 59.924 77.865 75.810 75.762 75.717 75.676 75.636 80.597 69.566 39.551 36.567 0.000 0.000 0.000 0.000 0.000 18.832 20.832 0.000 0.000 0.000 29.825 60.825 69.825 72.824 72.823 72.821 72.819 76.815 74.812 72.808 72.803 72.799 71.795 63.790 57.787 63.784 53.783 0.000 0.000 0.000 0.000 21.113 35.114 40.109 36.103 0.000 1.959 11.944 31.926 34.906 48.885 57.863 46.841 45.818 43.794 34.771 34.747 33.724 39.701 63.678 70.656 55.635 57.615 59.595 61.576 65.558 69.541 71.525 72.509 71.494 71.479
46.045 66.980 76.919 75.864 75.818 75.777 73.739 72.699 27.651 12.609 43.587 49.583 14.586 0.000 0.000 0.000 0.000 0.000 0.000 0.000 0.000 13.822 42.823 62.823 72.822 72.821 72.820 72.819 72.816 74.814 73.811 72.807 72.804 73.800 63.797 61.793 64.789 59.786 51.785 0.000 0.000 0.000 0.000 39.112 42.112 4.109 3.106 0.000 6.927 39.918 41.904 51.887 54.868 65.848 63.827 51.804 40.781 32.757 34.733 34.709 29.686 43.663 60.641 64.620 69.599 66.579 59.560 64.542 67.525 67.508 65.492 67.477 70.463
51.103 74.034 77.965 78.910 75.870 76.835 71.803 17.771 1.729 42.633 43.604 48.592 56.589 0.000 0.000 0.000 0.000 0.000 0.000 0.000 0.000 25.821 48.821 61.820 73.820 72.819 72.818 72.816 72.815 73.812 72.810 72.807 72.805 69.802 63.799 28.794 1.792 0.000 0.000 0.000 0.000 0.000 0.000 35.112 42.112 0.000 0.000 0.000 56.903 42.896 37.885 65.870 70.853 71.835 75.814 69.792 57.768 37.744 34.719 34.695 32.671 33.648 39.625 40.603 47.582 55.562 62.543 66.524 67.507 68.490 64.475 67.460 68.445
33.162 38.088 47.998 23.942 80.916 77.890 62.866 39.848 9.843 0.000 0.000 0.000 0.000 0.000 0.000 0.000 0.000 0.000 0.000 0.000 0.000 26.820 51.819 54.818 70.818 72.817 72.816 72.815 76.813 75.811 72.810 72.807 73.805 64.804 67.802 0.000 0.000 0.000 0.000 0.000 0.000 0.000 0.000 0.000 29.112 38.112 0.000 0.000 87.887 50.880 32.869 63.856 71.841 71.823 71.803 74.780 73.756 53.731 36.705 34.680 32.655 35.631 36.608 44.586 49.564 38.544 38.525 43.506 48.489 54.472 59.456 63.442 67.427
79.228 58.158 0.000 0.000 84.964 76.942 63.925 45.911 12.903 0.000 0.000 0.000 0.000 0.000 0.000 0.000 0.000 0.000 0.000 0.000 0.000 0.000 12.817 56.816 72.816 72.815 72.815 72.813 74.812 73.811 72.809 72.808 73.806 61.805 71.804 0.000 0.000 0.000 0.000 0.000 0.000 0.000 0.000 0.000 0.000 5.112 13.112 0.000 24.877 40.867 33.856 63.844 71.830 71.813 72.794 72.771 72.745 65.718 41.691 37.665 35.639 32.614 53.590 65.567 71.545 55.525 48.505 44.487 42.470 39.453 39.438 39.423 67.409
55.306 0.000 0.000 82.149 82.034 79.989 70.980 55.968 11.954 0.000 0.000 0.000 0.000 0.000 0.000 0.000 0.000 0.000 0.000 0.000 0.000 0.000 38.815 61.815 73.814 72.814 72.813 73.812 72.811 72.810 72.809 72.808 73.807 66.806 31.805 0.000 0.000 0.000 0.000 0.000 0.000 0.000 0.000 0.000 0.000 0.000 0.000 0.000 0.000 37.855 36.844 54.834 69.822 72.807 66.788 62.764 68.736 59.705 42.676 41.649 50.623 45.596 68.571 72.548 71.526 69.505 69.485 66.467 64.450 61.433 57.418 49.403 69.389
82.353 72.352 78.323 34.264 0.000 1.015 77.039 51.028 11.991 0.000 14.234 0.000 0.000 0.000 0.000 0.000 0.000 0.000 0.000 0.000 0.000 1.813 54.813 66.813 73.813 72.813 72.812 74.811 74.810 72.810 72.809 72.808 71.807 67.806 16.806 0.000 0.000 0.000 0.000 0.000 0.000 0.000 0.000 0.000 0.000 0.000 0.000 0.000 0.000 0.000 25.830 51.825 69.816 70.805 51.789 54.760 56.729 53.690 38.660 35.633 58.605 67.577 71.551 73.527 73.504 74.483 72.464 72.446 73.429 72.412 73.397 73.383 72.369
84.400 76.381 81.351 32.320 0.000 0.000 68.120 16.113 0.000 0.000 46.234 9.235 0.000 0.000 0.000 0.000 0.000 0.000 0.000 0.000 0.000 0.812 57.812 69.812 73.812 72.812 72.811 73.810 73.810 72.809 72.808 73.808 69.807 64.806 14.806 0.000 0.000 0.000 0.000 0.000 0.000 0.000 0.000 0.000 0.000 0.000 0.000 0.000 17.820 19.820 30.822 46.820 68.814 70.807 16.801 0.000 0.000 43.666 37.642 32.617 46.589 65.557 71.529 73.504 73.481 73.461 71.441 71.423 72.407 71.391 71.376 72.362 72.349
76.466 76.422 76.382 74.345 61.313 47.268 40.207 39.193 35.218 38.229 41.234 41.235 13.235 0.000 0.000 0.000 0.000 0.000 18.809 20.809 0.000 10.811 56.811 70.811 72.811 72.811 72.810 72.810 72.809 72.809 72.808 72.807 54.807 49.806 47.806 42.806 6.806 0.000 0.000 0.000 0.000 0.000 0.000 0.000 0.000 0.000 0.000 0.000 21.819 47.819 38.819 42.817 62.814 63.810 36.807 0.000 0.000 0.000 34.624 39.605 38.576 57.532 70.503 71.479 71.457 71.436 71.417 71.400 71.384 71.368 71.354 71.340 71.327
76.506 76.457 76.410 75.366 72.325 74.285 48.248 27.231 65.233 38.236 42.238 18.236 0.000 0.000 0.000 0.000 0.000 0.000 18.809 64.809 13.809 1.810 55.810 69.810 73.810 72.810 74.810 75.809 73.809 72.808 72.808 70.807 63.807 54.806 55.806 54.806 7.806 0.000 0.000 0.000 0.000 0.000 0.000 0.000 0.000 0.000 0.000 0.000 15.818 50.818 42.817 49.816 64.813 59.811 65.809 0.000 0.000 0.000 0.000 0.000 0.000 47.494 70.474 71.452 71.430 71.410 71.392 71.375 71.360 71.345 71.331 71.318 71.305
76.542 76.492 77.434 79.383 76.337 76.297 75.268 76.252 67.246 45.244 17.244 0.000 0.000 0.000 0.000 0.000 0.000 0.000 5.809 57.809 44.809 34.809 50.809 72.809 72.809 72.809 72.809 72.809 72.808 72.808 72.807 72.807 70.807 49.806 53.806 60.806 3.806 0.000 0.000 0.000 0.000 0.000 0.000 0.000 0.000 0.000 0.000 0.000 11.818 62.818 6.817 29.815 52.813 59.812 20.811 0.000 0.000 0.000 0.000 0.000 0.000 1.470 59.445 72.424 71.402 71.383 71.365 71.349 71.335 71.321 71.308 71.295 71.283
79.581 75.533 72.453 74.393 77.343 77.300 79.276 76.262 74.255 61.251 10.250 0.000 0.000 0.000 0.000 0.000 0.000 0.000 0.000 13.809 48.809 40.809 56.809 74.809 72.809 72.809 72.808 72.808 72.808 72.807 72.807 72.807 73.806 62.806 49.806 53.806 59.805 1.805 0.000 0.000 0.000 0.000 0.000 0.000 0.000 0.000 0.000 0.000 0.000 7.817 0.000 0.000 37.813 56.812 0.000 0.000 0.000 0.000 0.000 0.000 0.000 0.000 47.421 68.396 71.372 71.353 71.337 71.323 71.309 71.296 71.284 71.272 71.260
72.627 33.605 0.000 0.000 0.000 69.283 74.274 80.265 76.260 65.256 15.255 0.000 49.259 19.259 0.000 0.000 0.000 0.000 0.000 0.000 40.808 44.808 65.808 73.808 74.808 75.808 72.808 72.808 72.807 72.807 72.807 72.807 72.806 73.806 52.806 34.805 43.805 4.805 0.000 0.000 0.000 0.000 0.000 0.000 0.000 0.000 0.000 0.000 0.000 0.000 0.000 0.000 26.812 59.812 0.000 0.000 0.000 0.000 0.000 0.000 0.000 0.000 0.000 48.367 68.338 71.321 71.307 71.295 71.283 71.271 71.260 71.248 71.237
67.667 24.654 0.000 0.000 44.275 42.275 59.271 78.266 75.262 60.259 41.258 45.259 49.259 15.259 0.000 0.000 0.000 0.000 11.807 0.000 41.808 52.808 72.808 72.808 75.808 75.808 72.808 72.807 72.807 72.807 72.807 72.806 72.806 73.806 69.805 64.805 53.805 33.805 27.804 0.000 0.000 0.000 0.000 0.000 0.000 0.000 0.000 0.000 0.000 0.000 0.000 0.000 28.812 20.812 0.000 0.000 0.000 0.000 0.000 0.000 0.000 0.000 0.000 0.000 53.292 69.284 71.276 71.266 71.257 71.247 71.236 71.225 71.213
73.698 54.690 26.698 0.000 0.000 44.272 44.269 66.265 78.263 56.261 43.260 48.260 26.260 0.000 0.000 0.000 0.000 0.000 40.807 33.807 38.808 55.808 74.808 74.808 75.808 72.808 72.807 72.807 72.807 72.807 72.806 72.806 72.806 72.805 72.805 74.805 63.805 51.804 40.804 41.804 34.803 25.803 30.803 0.000 0.000 0.000 0.000 0.000 0.000 0.000 0.000 0.000 31.812 6.812 0.000 0.000 0.000 0.000 0.000 0.000 0.000 0.000 0.000 0.000 38.253 66.250 70.245 71.238 71.231 71.222 71.213 71.202 71.190
76.720 67.712 20.705 0.000 0.000 0.000 43.267 48.265 75.263 63.262 44.261 47.260 22.260 0.000 0.000 0.000 0.000 0.000 43.807 36.807 39.807 57.807 76.807 75.807 73.807 73.807 72.807 72.807 72.807 72.807 72.806 73.806 73.806 73.805 67.805 58.805 62.804 69.804 62.804 60.804 48.803 35.803 42.803 0.803 0.000 0.000 0.000 0.000 0.000 0.000 0.000 0.000 0.000 0.000 0.000 0.000 0.000 0.000 0.000 0.000 0.000 0.000 0.000 0.000 30.217 61.217 71.215 73.211 73.206 73.199 72.190 71.180 71.167
76.739 51.734 0.000 0.000 0.000 0.000 0.000 50.263 63.263 57.262 56.261 53.261 43.261 21.261 0.000 0.000 0.000 0.000 42.807 35.807 40.807 55.807 67.807 64.807 59.807 61.807 66.807 71.807 73.807 73.806 71.806 61.806 59.806 64.805 53.805 50.804 50.804 61.804 65.804 60.803 46.803 35.803 7.803 0.000 0.000 0.000 0.000 0.000 0.000 0.000 0.000 0.000 0.000 0.000 0.000 0.000 0.000 0.000 0.000 0.000 1.088 0.000 0.000 0.000 18.183 43.186 49.187 51.186 51.183 52.178 61.170 70.159 71.145
75.753 41.749 0.000 0.000 0.000 0.000 0.000 45.263 39.262 38.262 46.261 46.261 46.261 42.261 15.261 0.000 0.000 0.000 47.807 42.807 47.807 57.807 60.807 63.807 21.807 0.000 0.000 12.807 73.807 70.806 59.806 14.806 0.000 0.000 52.804 84.804 77.804 56.804 62.803 56.803 45.803 30.803 33.803 0.000 0.000 0.000 0.000 0.000 0.000 0.000 0.000 0.000 0.000 0.000 0.000 0.000 0.000 0.000 14.088 4.088 22.088 43.093 54.103 53.118 71.145 79.156 80.161 78.163 80.162 67.159 50.153 68.142 71.125
73.764 38.762 0.000 0.000 0.000 0.000 0.000 45.262 41.262 20.262 0.000 0.000 0.260 0.000 0.000 0.000 0.000 0.000 53.807 47.807 42.807 38.807 24.807 0.000 0.000 0.000 0.000 0.000 0.000 0.000 46.806 8.806 0.000 0.000 0.000 47.804 80.804 40.803 41.803 40.803 36.803 39.803 86.803 45.803 0.000 0.000 0.000 0.000 0.000 0.000 0.000 0.000 0.000 0.000 0.000 0.000 13.061 4.061 0.000 0.000 8.083 90.088 86.096 68.108 69.122 66.132 67.138 89.142 82.143 68.143 48.141 57.131 56.110
59.772 40.771 34.774 0.000 0.000 0.000 0.000 0.000 43.262 27.262 0.000 0.000 0.000 0.000 0.000 0.000 0.000 0.000 53.807 53.807 54.807 37.807 12.807 0.000 0.000 0.000 0.000 0.000 0.000 0.000 42.806 19.806 0.000 0.000 0.000 46.803 95.803 59.803 62.803 57.803 42.803 60.803 114.803 111.803 42.803 0.000 0.000 0.000 0.000 0.000 0.000 0.000 0.000 0.000 0.000 0.000 3.061 21.061 11.063 9.067 18.074 93.080 60.087 68.095 59.104 40.112 51.118 94.123 60.127 47.130 54.134 8.133 0.000
43.778 43.776 29.776 0.000 0.000 0.000 0.000 0.000 0.000 0.000 0.000 0.000 0.000 0.000 0.000 0.000 0.000 0.000 56.807 47.807 41.807 39.807 13.807 0.000 0.000 0.000 0.000 0.000 0.000 39.805 32.805 57.805 53.805 0.000 5.803 52.803 58.803 50.803 93.803 82.803 53.803 6.803 70.803 125.803 9.803 0.000 0.000 0.000 0.000 0.000 0.000 0.000 22.060 19.060 14.060 3.060 72.060 110.060 101.061 97.063 44.066 88.070 56.075 45.081 92.088 73.094 93.100 74.105 44.111 52.115 0.000 0.000 0.000
46.782 47.780 39.779 0.000 0.000 0.000 0.000 0.000 0.000 0.000 0.000 0.000 0.000 0.000 0.000 0.000 0.000 0.000 10.806 51.806 41.806 19.806 0.000 0.000 0.000 0.000 0.000 0.000 0.000 41.805 38.805 14.805 0.000 0.000 0.000 26.803 5.803 0.000 6.803 48.803 4.803 0.000 26.803 92.803 47.803 0.000 0.000 0.000 0.000 0.000 0.000 0.000 0.000 4.060 0.000 0.000 28.060 8.059 72.057 76.057 27.059 88.060 65.063 38.067 56.071 106.077 120.082 54.088 42.095 9.105 0.000 0.000 17.922
45.784 46.782 46.781 50.781 42.781 0.000 0.000 0.000 0.000 0.000 0.000 0.000 0.000 0.000 0.000 0.000 0.000 0.000 0.000 41.806 37.806 21.806 0.000 0.000 0.000 0.000 0.000 0.000 42.805 39.805 16.805 0.000 0.000 0.000 0.000 0.803 0.000 0.000 0.000 52.802 1.802 0.000 26.803 0.000 0.000 0.000 0.000 0.000 0.000 0.000 0.000 0.000 0.000 13.059 7.059 9.059 2.059 0.000 48.052 67.051 26.050 90.049 70.049 40.051 89.054 92.059 87.064 95.070 59.076 0.000 0.000 0.889 31.904
47.786 25.783 36.782 45.782 45.781 45.781 44.781 0.000 0.000 0.000 0.000 0.000 0.000 0.000 0.000 0.000 0.000 0.000 0.000 43.806 39.806 23.806 0.000 0.000 0.000 0.000 0.000 0.000 0.000 45.805 17.805 0.000 0.000 0.000 0.000 0.000 0.000 4.802 16.802 39.802 43.802 20.802 0.000 0.000 0.000 0.000 0.000 0.000 0.000 0.000 0.000 0.000 0.000 2.059 0.057 6.059 0.000 0.000 51.047 71.045 31.042 91.037 76.034 90.034 90.036 49.040 42.045 87.051 36.064 0.000 0.000 32.874 40.883
52.788 0.000 0.000 42.781 31.781 0.000 44.781 34.781 0.000 0.000 0.000 0.000 0.000 0.000 0.000 0.000 0.000 0.000 0.000 42.806 39.806 27.806 0.000 0.000 0.000 0.000 0.000 0.000 0.000 0.000 0.000 0.000 0.000 0.000 0.000 0.000 0.000 0.000 55.802 72.802 33.802 0.000 0.000 0.000 0.000 0.000 0.000 0.000 0.000 0.000 0.000 0.000 0.000 0.000 0.000 11.059 0.000 0.000 86.044 72.042 33.035 91.021 88.017 80.016 72.017 58.019 59.023 28.027 0.000 0.000 16.853 35.860 42.865
49.790 0.000 0.000 29.781 21.781 0.000 0.000 0.000 0.000 53.785 49.785 40.785 0.000 0.000 0.000 0.000 0.000 0.000 0.000 46.806 42.806 24.806 0.000 0.000 0.000 0.000 0.000 0.000 0.000 0.000 0.000 0.000 0.000 0.000 0.000 0.000 0.000 0.000 18.802 102.802 68.802 0.000 0.000 0.000 0.000 0.000 0.000 0.000 0.000 0.000 0.000 0.000 0.000 0.000 0.000 0.000 0.000 0.000 18.044 0.000 0.000 64.997 105.996 84.995 83.996 81.998 85.002 33.008 0.000 0.000 20.846 34.848 35.850
65.790 0.000 0.000 0.000 0.000 51.787 38.787 0.000 49.786 43.785 43.785 35.785 0.000 0.000 0.000 0.000 0.000 0.000 0.000 46.806 41.806 29.806 0.000 0.000 0.000 0.000 0.000 0.000 0.000 0.000 0.000 0.000 0.000 0.000 0.000 0.000 0.000 0.000 0.000 46.802 38.801 9.801 0.000 0.000 0.000 0.000 0.000 0.000 0.000 0.000 0.000 0.000 0.000 0.000 0.000 0.000 0.000 0.000 0.000 0.000 0.000 11.974 47.974 48.973 46.973 46.975 43.979 39.993 0.000 0.000 13.837 34.837 32.836
76.790 65.789 47.789 48.788 47.788 41.787 42.787 43.786 41.786 46.786 45.785 36.785 33.785 0.000 0.000 0.000 0.000 0.000 0.000 33.806 0.000 0.000 0.000 0.000 0.000 0.000 0.000 0.000 0.000 0.000 0.000 0.000 0.000 0.000 0.000 0.000 0.000 0.000 0.000 0.000 45.801 8.801 0.000 0.000 0.000 0.000 0.000 0.000 0.000 0.000 0.000 0.000 0.000 0.000 0.000 0.000 0.000 0.000 0.000 0.000 0.000 2.951 35.952 34.951 34.950 50.948 45.946 0.000 0.000 0.000 6.828 47.826 59.823
76.790 70.789 40.789 40.788 40.788 23.787 24.787 28.786 38.786 47.786 44.785 36.785 39.785 28.785 0.000 0.000 0.000 0.000 0.000 0.000 0.000 0.000 0.000 0.000 0.000 0.000 0.000 0.000 0.000 0.000 0.000 0.000 0.000 0.000 0.000 0.000 0.000 0.000 0.000 0.000 2.801 48.801 7.801 0.000 0.000 0.000 0.000 0.000 0.000 0.000 0.000 0.000 0.000 0.000 0.000 0.000 0.000 0.000 0.000 0.000 27.918 30.928 34.931 34.930 36.927 55.922 45.912 28.891 0.000 0.000 42.822 63.817 70.812
76.789 74.789 44.789 41.788 21.788 0.000 0.000 0.000 0.000 38.785 41.785 39.785 32.785 0.000 0.000 0.000 0.000 0.000 0.000 0.000 0.000 0.000 0.000 0.000 0.000 0.000 0.000 0.000 0.000 0.000 0.000 0.000 0.000 0.000 0.000 0.000 0.000 0.000 0.000 0.000 0.801 51.801 13.801 0.000 0.000 0.000 0.000 0.000 0.000 0.000 0.000 0.000 0.000 0.000 0.000 0.000 0.000 0.000 0.000 0.000 38.909 35.912 34.913 30.911 43.907 60.900 44.888 33.871 28.847 28.831 52.819 69.810 70.802
76.789 74.789 27.789 31.789 0.000 0.000 0.000 0.000 0.000 0.000 29.785 42.785 34.785 0.000 0.000 0.000 0.000 0.000 0.000 0.000 0.000 0.000 0.000 0.000 0.000 0.000 0.000 0.000 0.000 0.000 0.000 0.000 0.000 0.000 0.000 0.000 0.000 0.000 0.000 0.000 0.000 0.801 19.801 0.000 0.000 0.000 0.000 0.000 0.000 0.000 0.000 0.000 7.878 15.878 0.000 0.000 0.000 0.000 0.000 32.890 30.896 29.898 34.897 48.895 61.889 51.882 35.871 33.857 35.840 32.826 53.813 71.803 70.792
76.789 50.789 0.000 0.000 0.000 0.000 0.000 0.000 0.000 0.000 0.000 32.785 39.785 37.785 0.000 0.000 0.000 0.000 0.000 0.000 0.000 0.000 0.000 0.000 0.000 0.000 0.000 0.000 0.000 0.000 0.000 0.000 0.000 0.000 0.000 0.000 0.000 0.000 0.000 0.000 0.000 0.000 0.000 0.000 0.000 0.000 0.000 0.000 0.000 0.000 0.000 0.000 0.000 8.878 10.878 0.000 37.879 29.880 27.881 39.884 53.887 58.887 60.885 60.881 46.875 34.867 33.857 33.845 32.831 34.819 57.806 72.795 70.783
