results4_8e4_rain/res_4e8f-0058.wd
ncols         241
nrows         181
xllcorner     12693529.787448
yllcorner     3542525.717860
cellsize      155.156523
NODATA_value  -9999.000000
[rows 33 to 65 of 181, columns 148 to 221 of 241]
57.919 58.608 25.323 37.050 58.795 52.544 31.211 0.000 0.000 8.879 0.000 0.000 5.897 30.911 17.913 0.000 0.000 0.000 22.552 30.527 0.000 15.211 7.164 8.091 11.981 20.869 38.747 29.659 24.578 19.511 20.453 20.402 19.359 18.318 17.276 25.222 35.178 27.150 27.127 25.108 4.093 18.086 26.087 0.000 0.000 0.000 0.000 0.000 0.000 0.000 0.000 0.000 0.000 0.000 0.000 0.000 0.000 0.000 0.000 0.000 0.000 0.000 0.000 0.000 0.000 0.000 0.000 0.000 0.000 0.000 0.000 0.000 0.000 0.000
58.242 58.961 36.690 54.439 57.221 51.067 0.000 0.000 0.000 10.878 0.000 0.000 0.000 14.947 14.939 22.930 0.000 35.643 23.577 10.503 19.393 10.269 8.178 8.086 6.984 8.878 36.773 34.680 34.598 36.526 29.457 31.396 30.347 30.302 30.257 31.212 35.172 33.141 34.116 29.096 6.082 5.074 0.000 0.000 0.000 0.000 0.000 0.000 0.000 0.000 0.000 0.000 0.000 0.000 0.000 0.000 0.000 0.000 0.000 0.000 0.000 0.000 0.000 0.000 0.000 0.000 0.000 0.000 0.000 0.000 0.000 0.000 0.000 0.000
58.574 58.299 58.038 58.795 50.583 37.436 0.000 0.000 0.000 0.000 0.000 0.000 0.000 11.992 8.968 21.920 26.830 18.709 27.612 25.514 6.407 7.295 8.192 8.092 19.989 23.887 27.786 20.692 17.608 27.538 1.454 8.379 3.332 3.285 3.240 6.197 32.159 21.127 19.100 21.079 6.064 8.055 0.000 0.000 0.000 0.000 0.000 0.000 0.000 0.000 0.000 0.000 0.000 0.000 0.000 0.000 0.000 0.000 0.000 0.000 0.000 0.000 0.000 0.000 0.000 0.000 0.000 0.000 0.000 0.000 0.000 0.000 0.000 0.000
58.896 58.626 59.366 54.121 35.881 26.658 35.658 0.000 0.000 0.000 0.000 0.000 0.000 9.060 8.021 10.954 6.861 17.753 20.645 23.537 12.425 7.313 7.205 7.100 31.996 37.894 19.793 13.695 13.603 14.521 11.442 11.373 11.317 12.266 15.220 12.177 33.139 25.106 23.079 23.058 5.040 19.026 45.009 0.000 0.000 0.000 0.000 0.000 0.000 0.000 0.000 0.000 0.000 0.000 0.000 0.000 0.000 0.000 0.000 0.000 0.000 0.000 0.000 0.000 0.000 0.000 0.000 0.000 0.000 0.000 0.000 0.000 0.000 0.000
59.212 58.942 55.681 41.441 30.161 0.000 0.000 0.000 0.000 13.910 0.000 0.000 0.000 8.168 9.102 9.013 7.909 7.796 13.680 6.562 6.444 8.328 7.215 6.106 30.001 26.899 34.798 38.692 37.588 32.500 28.424 30.356 26.297 30.244 30.196 31.152 35.114 33.081 34.053 30.031 5.014 17.001 38.992 0.000 0.000 0.000 0.000 0.000 0.000 0.000 0.000 0.000 0.000 0.000 0.000 0.000 0.000 0.000 0.000 0.000 0.000 0.000 0.000 0.000 0.000 0.000 0.000 0.000 0.000 0.000 0.000 0.000 0.000 0.000
59.521 59.248 48.976 30.801 0.000 0.000 0.000 0.000 11.955 14.911 27.827 27.707 15.550 8.341 8.207 9.087 8.966 7.842 6.716 7.589 7.463 7.339 6.221 15.108 34.003 12.904 26.808 3.686 36.559 26.470 25.396 25.330 22.271 27.217 28.168 28.123 35.084 33.050 30.022 30.000 4.984 18.972 37.966 0.000 0.000 0.000 0.000 0.000 0.000 0.000 0.000 0.000 0.000 0.000 0.000 0.000 0.000 0.000 0.000 0.000 0.000 0.000 0.000 0.000 0.000 0.000 0.000 0.000 0.000 0.000 0.000 0.000 0.000 0.000
60.826 53.555 41.172 30.987 0.000 0.000 0.000 0.000 9.000 25.950 19.863 8.745 10.602 10.441 8.297 7.161 9.027 7.891 8.753 8.614 8.478 7.346 7.221 27.104 26.998 26.908 26.844 0.000 8.491 6.423 7.361 7.299 8.240 12.185 15.135 13.089 33.049 27.014 20.986 22.964 5.948 17.938 36.934 0.000 0.000 0.000 0.000 0.000 0.000 0.000 0.000 0.000 0.000 0.000 0.000 0.000 0.000 0.000 0.000 0.000 0.000 0.000 0.000 0.000 0.000 0.000 0.000 0.000 0.000 0.000 0.000 0.000 0.000 0.000
60.132 45.973 0.000 0.000 0.000 0.000 0.000 0.000 25.095 20.028 9.930 10.809 10.672 10.525 10.379 8.235 7.090 6.941 8.790 7.639 7.490 6.347 8.213 23.089 13.979 22.884 23.818 0.000 0.000 22.373 21.324 21.265 21.206 23.149 23.097 24.050 36.008 31.973 26.943 28.921 4.907 13.900 41.898 0.000 0.000 0.000 0.000 0.000 0.000 0.000 0.000 0.000 0.000 0.000 0.000 0.000 0.000 0.000 0.000 0.000 0.000 0.000 0.000 0.000 0.000 0.000 0.000 0.000 0.000 0.000 0.000 0.000 0.000 0.000
53.356 36.232 0.000 0.000 0.000 0.000 0.000 32.400 26.256 10.139 11.019 10.890 10.752 10.608 10.460 10.311 7.156 7.995 7.828 7.660 8.496 7.339 7.194 10.062 14.943 26.833 13.724 25.579 30.464 23.371 32.298 22.232 23.169 26.109 25.055 24.006 33.962 29.924 17.894 16.871 5.858 12.855 41.861 0.000 0.000 0.000 0.000 0.000 0.000 0.000 0.000 0.000 0.000 0.000 0.000 0.000 0.000 0.000 0.000 0.000 0.000 0.000 0.000 0.000 0.000 0.000 0.000 0.000 0.000 0.000 0.000 0.000 0.000 0.000
39.469 29.367 0.000 0.000 0.000 10.832 24.729 25.544 19.390 14.252 11.117 10.980 10.839 10.693 9.544 12.391 17.229 13.055 7.868 8.679 7.494 7.319 7.162 7.023 13.898 14.782 12.668 19.549 18.442 13.348 25.268 5.195 13.128 20.065 19.008 12.956 31.909 24.869 4.837 3.813 6.799 8.801 12.831 0.000 0.000 0.000 0.000 0.000 0.000 0.000 0.000 0.000 0.000 0.000 0.000 0.000 0.000 0.000 0.000 0.000 0.000 0.000 0.000 0.000 0.000 0.000 0.000 0.000 0.000 0.000 0.000 0.000 0.000 0.000
18.435 36.401 0.000 0.000 13.045 22.936 36.811 20.659 19.508 19.362 12.219 11.075 10.930 10.783 17.633 25.479 26.314 18.129 12.910 7.694 6.483 7.280 11.112 7.970 6.844 5.728 11.617 12.508 11.406 12.313 14.229 7.153 13.082 18.016 19.956 15.900 31.851 25.807 7.771 6.744 6.726 2.719 0.000 0.000 0.000 0.000 0.000 0.000 0.000 0.000 0.000 0.000 0.000 0.000 0.000 0.000 0.000 0.000 7.271 6.271 8.268 7.267 1.266 0.000 0.000 0.000 0.000 0.000 0.000 0.000 0.000 0.000 0.000 0.000
0.000 0.000 0.000 0.000 16.155 36.054 27.921 30.773 27.621 17.470 10.321 11.172 11.023 21.875 26.727 22.578 17.421 14.237 16.950 11.703 11.464 7.208 12.037 5.901 6.782 7.670 6.563 6.459 6.361 6.270 5.184 6.105 6.031 9.962 15.898 14.839 32.786 26.738 5.698 6.665 6.642 5.630 0.000 0.000 0.000 0.000 0.000 0.000 0.000 0.000 0.000 0.000 0.000 1.725 4.727 4.729 3.732 0.192 0.064 0.087 0.045 0.030 0.064 1.138 0.001 0.012 0.001 0.000 0.000 0.000 0.000 0.000 0.000 0.000
0.000 0.000 0.000 17.566 33.367 26.205 18.048 25.890 29.733 30.577 20.423 9.269 19.117 27.967 17.822 9.684 9.555 11.449 0.000 0.000 0.000 4.051 7.926 9.817 9.711 6.608 6.506 7.406 6.311 6.220 6.133 7.052 5.976 5.904 5.836 8.773 25.715 24.662 6.616 6.577 6.547 7.530 8.530 0.000 0.000 0.000 0.000 0.000 0.000 0.000 0.000 0.000 0.000 1.725 0.014 0.017 0.027 0.031 0.047 0.085 0.000 0.000 0.000 0.021 0.001 0.001 0.001 0.972 0.000 0.000 0.000 0.000 0.000 0.000
0.000 0.000 17.015 26.765 33.542 17.350 20.175 18.007 15.844 23.684 28.524 23.365 27.208 16.055 9.911 10.781 10.664 18.557 0.000 0.000 0.000 0.866 9.799 20.729 21.640 16.544 12.446 14.350 10.255 9.165 7.078 5.995 5.916 6.841 5.770 5.702 8.639 17.581 5.527 5.480 6.441 5.413 0.000 0.000 0.000 0.000 0.000 0.000 0.000 0.000 0.000 0.000 0.410 0.010 0.014 0.022 0.000 0.000 0.000 0.175 0.429 0.490 0.045 0.031 0.000 0.003 0.001 0.018 0.753 0.000 0.000 0.000 0.000 0.000
20.437 21.795 20.266 34.937 19.687 13.479 15.294 14.121 10.954 9.789 24.625 31.459 34.294 22.134 11.988 8.866 16.765 0.000 0.000 0.000 0.000 3.757 13.727 20.661 21.576 21.482 23.386 31.290 29.197 25.106 23.019 18.934 12.853 7.775 5.700 6.628 5.559 10.494 3.433 4.376 5.322 7.267 28.185 0.000 0.000 0.000 0.000 0.000 0.000 0.000 0.000 0.000 0.000 0.000 0.000 0.050 0.161 0.208 0.239 0.265 0.120 0.153 0.000 0.150 0.114 0.024 0.024 0.025 0.000 0.000 0.000 0.000 0.000 0.000
20.090 12.683 31.318 31.029 25.791 16.586 10.401 11.228 12.061 22.895 25.727 17.554 20.376 29.198 30.039 19.931 0.000 0.000 0.000 0.000 8.846 14.769 18.694 17.610 18.520 18.424 16.326 23.230 24.136 24.045 24.957 21.871 20.787 21.706 12.627 7.550 8.475 5.403 6.334 5.268 4.206 6.149 21.103 0.000 0.000 0.000 0.000 0.000 0.000 0.000 0.000 0.000 0.000 0.000 0.024 0.013 0.001 0.000 0.000 0.000 0.360 0.354 0.000 0.225 0.000 0.000 0.000 0.000 0.000 0.000 0.000 0.000 0.000 0.000
13.714 23.528 33.295 24.069 23.863 25.673 23.497 14.329 20.166 29.003 17.835 10.655 9.457 15.244 25.041 31.888 0.000 0.000 12.302 12.130 6.923 15.781 20.669 21.568 17.469 17.367 9.265 6.166 6.072 5.981 4.892 2.805 9.720 23.635 22.552 21.470 16.389 7.310 5.232 6.157 5.085 5.021 5.975 0.000 0.000 0.000 0.000 0.000 0.000 0.000 0.000 0.000 0.000 0.000 0.000 0.020 0.000 0.000 0.000 1.513 1.473 1.437 0.346 0.268 0.000 0.000 0.000 0.000 0.000 0.000 0.000 0.000 0.000 0.000
16.525 35.421 26.265 23.091 22.917 23.748 22.585 24.427 29.272 18.118 11.955 11.773 11.555 10.278 10.995 16.691 33.292 30.909 9.475 8.167 6.933 7.763 19.632 17.523 28.422 16.312 9.200 7.099 8.005 6.915 11.826 19.738 15.651 9.564 15.476 25.389 22.301 21.215 12.129 5.043 4.958 5.873 3.801 0.000 0.000 0.000 0.000 0.000 0.000 12.393 7.393 6.386 0.000 0.000 0.000 5.067 1.974 1.804 1.677 1.549 1.479 1.417 1.317 1.221 1.200 0.176 1.146 3.144 0.000 0.000 0.000 0.000 0.000 0.000
30.440 26.368 15.252 20.114 24.966 19.817 25.668 31.520 23.379 11.240 10.094 11.929 11.712 15.319 15.968 9.591 20.277 15.960 12.521 9.128 5.882 12.706 16.574 18.471 9.384 36.259 24.123 14.025 5.935 11.847 30.760 40.672 33.583 10.492 12.401 15.308 19.214 24.119 22.025 17.929 6.830 3.712 10.557 16.377 0.000 0.000 0.000 0.000 0.000 0.000 2.400 2.379 2.335 7.281 6.221 2.149 1.035 1.781 1.670 1.558 1.477 1.404 1.306 1.161 1.178 1.177 0.146 0.091 0.080 1.597 0.000 0.000 0.000 0.000
32.422 17.358 12.263 14.146 16.018 26.885 30.749 41.608 40.485 33.368 22.252 11.139 14.043 0.000 0.000 8.428 14.265 11.134 0.000 6.944 10.760 27.605 26.487 29.405 0.000 1.082 41.010 34.942 20.863 26.780 44.694 44.606 42.516 11.423 17.327 17.228 19.126 7.024 15.921 21.821 20.719 19.589 32.337 41.197 0.000 0.000 0.000 0.000 0.000 0.000 25.429 6.395 6.345 6.288 6.230 7.179 1.128 0.067 3.656 0.502 0.389 0.226 0.115 0.469 0.048 0.000 0.000 0.000 0.000 0.000 0.000 0.000 0.000 0.000
23.444 12.380 12.294 12.190 25.075 22.957 39.837 54.677 51.585 48.497 43.409 34.331 25.279 0.000 0.000 0.000 2.221 13.177 0.000 0.000 3.608 21.469 20.363 35.256 7.105 8.009 40.943 45.872 41.795 40.715 43.630 43.543 44.452 23.356 15.256 17.150 17.041 6.928 15.816 9.713 28.637 0.000 38.005 59.877 30.644 0.484 0.000 0.000 0.000 1.603 61.490 14.428 16.362 16.296 12.233 13.178 5.139 0.111 0.000 0.192 0.105 0.124 0.087 0.614 0.025 0.000 0.000 0.000 0.000 0.000 0.000 0.000 0.000 0.000
21.492 19.425 14.344 26.247 20.133 33.033 10.965 0.000 31.683 50.624 49.556 50.498 33.462 0.000 0.000 0.000 0.000 19.177 0.000 0.000 0.414 15.302 10.240 37.153 48.049 47.959 43.882 43.808 43.732 44.653 43.571 43.484 43.392 37.294 12.190 14.078 11.958 6.832 17.703 18.578 21.480 0.000 22.800 58.664 28.423 46.080 6.866 0.000 3.832 59.697 47.564 19.464 13.379 15.301 9.228 3.162 0.989 0.000 0.000 0.104 0.115 0.330 6.874 15.864 4.818 0.000 0.000 0.000 0.000 0.000 0.000 0.000 0.000 0.000
23.551 19.485 26.411 23.321 26.177 50.078 37.025 19.967 40.841 49.760 48.694 47.642 27.611 0.000 0.000 0.000 0.000 0.000 0.000 0.000 6.179 15.191 26.142 42.067 43.979 43.895 43.819 43.745 43.672 43.596 43.516 43.430 43.339 43.240 29.131 19.013 11.882 4.740 8.585 8.418 13.224 31.930 17.733 52.555 38.306 44.939 51.652 37.307 41.966 50.748 26.602 27.487 13.388 12.301 4.217 0.900 0.921 0.407 0.363 1.167 19.007 17.940 16.873 15.824 15.773 5.722 0.000 0.000 0.000 0.000 0.000 0.000 0.000 0.000
15.614 27.553 24.495 24.448 0.000 0.000 29.089 55.036 49.955 48.881 50.818 32.766 18.729 2.749 0.000 0.000 0.000 0.000 0.000 0.000 12.159 29.140 41.071 43.996 43.905 43.825 43.752 43.684 43.614 43.542 43.466 43.383 43.294 43.194 44.084 37.959 29.819 21.659 19.481 22.284 13.067 29.834 8.645 50.518 0.000 3.717 38.495 10.304 0.998 56.725 20.611 24.492 22.387 3.296 1.029 1.371 0.641 0.534 8.300 19.171 16.035 15.936 15.854 12.788 11.729 9.673 8.619 0.000 0.000 0.000 0.000 0.000 0.000 0.000
25.679 25.620 20.567 40.528 0.000 3.301 43.207 50.133 49.060 48.993 48.932 24.874 24.791 35.770 0.000 0.000 0.000 0.000 0.000 0.000 0.000 0.000 38.005 49.940 44.820 43.746 43.683 43.622 43.560 43.493 43.422 43.344 43.258 43.161 43.051 43.923 44.774 41.599 41.395 44.169 23.928 29.695 3.496 44.354 0.000 0.000 34.307 4.170 13.969 47.780 28.625 20.484 24.372 1.150 1.761 0.358 0.309 0.433 11.313 12.182 17.027 15.918 10.821 7.747 11.684 16.625 15.567 4.508 0.000 0.000 0.000 0.000 0.000 0.000
26.742 14.682 25.625 46.569 39.505 45.395 51.306 49.230 49.160 49.098 46.044 30.007 0.000 0.000 0.000 0.000 0.000 0.000 0.000 0.000 0.000 0.000 0.000 0.000 35.689 44.656 43.613 43.563 43.509 43.450 43.385 43.313 43.233 45.141 44.035 43.908 42.754 44.567 43.333 43.068 32.780 30.522 7.289 19.049 48.696 27.441 35.257 4.100 31.945 25.802 28.625 16.448 10.300 1.925 1.629 0.604 0.572 1.209 0.652 0.536 5.976 3.887 4.769 15.696 15.635 15.577 15.517 16.451 10.367 6.305 4.265 0.000 0.000 0.000
15.804 11.743 26.682 45.619 51.551 50.469 49.391 49.320 49.254 50.194 41.140 34.103 0.000 0.000 0.000 0.000 0.000 0.000 0.000 0.000 0.000 0.000 0.000 11.569 38.591 44.578 43.548 43.509 43.463 43.412 43.355 43.291 45.219 45.137 45.040 36.921 41.767 44.583 47.302 44.991 38.602 34.325 22.090 5.856 53.598 36.369 38.181 3.027 48.911 12.856 0.000 10.382 1.077 1.695 0.300 0.648 2.809 1.348 0.795 0.000 0.000 0.000 9.674 15.636 15.586 15.533 15.475 15.413 16.347 16.285 16.226 17.151 16.085 13.022
12.865 10.802 27.740 47.676 49.610 49.539 49.471 49.405 49.343 51.283 30.221 28.161 0.000 0.000 0.000 0.000 0.000 0.000 0.000 0.000 0.000 0.000 0.000 25.546 44.530 43.515 43.492 43.462 43.424 43.381 45.332 44.277 44.216 44.147 38.068 15.968 31.810 41.697 0.000 0.000 16.313 23.086 31.890 18.687 39.471 57.258 42.070 8.916 50.816 0.000 0.000 0.000 1.323 1.146 0.803 2.787 0.237 0.090 0.268 0.225 0.000 0.000 5.619 15.588 15.544 15.494 15.440 15.383 15.323 15.264 15.205 15.143 15.083 15.026
17.925 22.862 37.800 49.737 49.673 49.609 49.547 49.487 49.432 50.375 37.298 0.000 0.000 0.000 0.000 0.000 0.000 10.331 0.000 0.000 0.000 0.000 0.000 0.476 35.469 42.461 43.445 43.421 43.391 43.355 45.314 43.269 43.220 43.168 27.116 23.072 0.000 0.000 0.000 0.000 0.977 7.818 29.696 15.533 20.339 63.123 45.926 24.752 34.620 0.000 28.535 5.466 1.285 0.967 0.741 1.135 1.844 1.330 2.862 8.777 3.700 14.640 15.596 15.554 15.509 15.461 15.409 15.356 15.301 15.246 15.190 15.134 15.080 15.028
19.985 38.922 49.860 49.798 49.737 49.677 49.620 49.566 49.521 55.489 0.000 0.000 0.000 0.000 0.000 0.000 10.331 22.331 9.332 24.333 20.334 0.000 0.000 22.395 29.415 40.416 43.406 43.388 43.364 44.335 43.302 43.266 43.228 39.190 28.156 33.134 0.000 0.000 0.000 0.000 17.680 9.644 27.544 3.410 5.229 52.968 51.759 43.545 29.293 28.898 17.604 12.452 1.255 0.971 0.330 0.310 11.182 17.993 16.851 16.758 8.685 15.625 15.574 15.526 15.480 15.432 15.383 15.332 15.281 15.229 15.177 15.126 15.075 15.027
27.043 46.981 50.920 49.860 49.801 49.743 49.688 49.638 49.596 56.571 0.000 0.000 0.000 0.000 0.000 0.000 0.000 19.331 19.332 18.333 21.335 5.340 13.350 21.369 21.380 38.381 44.374 43.361 43.342 43.318 43.292 43.264 44.235 36.208 32.186 26.172 0.000 0.000 0.000 0.000 0.000 9.535 28.425 5.335 1.137 39.762 56.596 53.376 34.109 12.797 11.532 12.344 3.210 0.093 0.160 0.077 0.058 12.885 15.792 15.721 7.659 15.602 15.549 15.500 15.453 15.406 15.359 15.311 15.263 15.215 15.166 15.118 15.071 15.025
35.101 51.040 49.979 49.921 49.863 49.807 49.753 49.702 51.655 49.629 0.000 0.000 0.000 0.000 0.000 0.000 0.000 24.331 30.331 35.332 26.333 25.336 19.342 15.350 26.356 40.356 43.350 43.339 46.324 44.306 43.285 43.263 43.241 38.222 30.206 25.198 0.205 0.000 0.000 0.000 0.000 0.000 20.287 6.220 2.039 34.669 65.488 46.255 24.971 15.650 17.381 15.183 10.057 0.000 0.158 0.000 0.000 0.804 15.715 15.676 7.629 15.577 15.522 15.473 15.428 15.383 15.338 15.293 15.247 15.202 15.156 15.111 15.066 15.023
43.158 51.097 50.038 49.981 49.924 49.869 49.816 50.763 48.693 36.660 20.660 0.000 0.000 0.000 0.000 0.000 0.000 25.331 34.331 34.330 38.329 40.330 23.332 22.335 37.337 43.336 43.330 43.322 44.310 43.295 43.279 43.262 43.246 41.231 29.220 30.215 24.219 0.000 0.000 0.000 0.000 0.000 6.217 6.147 0.061 44.620 32.431 38.185 7.869 27.451 21.159 13.949 13.778 4.577 0.000 0.152 0.000 0.015 12.664 14.640 8.605 15.557 16.492 15.446 15.403 15.361 15.319 15.276 15.234 15.191 15.148 15.105 15.063 15.021
