results4_8e4_rain/res_4e8f-0042.wd
ncols         241
nrows         181
xllcorner     12693529.787448
yllcorner     3542525.717860
cellsize      155.156523
NODATA_value  -9999.000000
[rows 66 to 98 of 181, columns 74 to 147 of 241]
22.854 0.000 48.240 65.228 64.212 64.197 0.000 35.792 35.783 48.796 44.805 43.794 43.761 42.705 118.623 106.531 0.000 0.000 0.000 39.941 34.928 39.919 42.898 42.865 44.821 45.783 50.749 51.717 52.683 43.638 0.000 0.000 42.760 92.760 74.683 78.553 78.650 76.716 84.684 77.156 77.640 78.386 77.165 76.950 77.752 47.602 0.000 0.000 0.000 0.000 0.000 0.000 0.000 11.189 9.175 9.149 9.112 9.066 9.017 12.964 25.905 22.841 7.772 18.701 27.633 6.568 9.506 15.445 20.386 16.327 10.269 8.213 6.158 21.105
49.848 0.000 36.405 60.382 59.366 53.372 6.436 0.000 0.000 41.852 54.908 43.912 42.890 43.840 24.731 0.000 0.000 0.000 0.000 0.000 0.000 50.957 48.942 46.911 29.841 32.790 39.748 40.719 45.694 36.666 0.000 0.000 0.000 52.974 70.898 77.851 77.959 85.100 84.900 77.224 77.917 77.634 77.430 77.225 72.043 29.914 0.000 0.000 27.094 0.000 0.000 0.000 17.216 12.216 9.201 9.173 9.137 9.092 9.044 8.990 8.932 15.871 29.806 30.740 13.675 7.611 8.550 9.490 13.430 12.372 8.314 8.257 9.201 28.148
44.827 49.735 47.593 61.529 54.497 55.488 52.500 0.000 0.000 0.000 57.064 52.058 47.046 49.034 0.000 0.000 0.000 0.000 0.000 0.000 0.000 50.009 46.003 36.995 0.000 0.000 37.733 49.718 48.708 0.000 0.000 0.000 55.439 47.263 51.124 58.228 73.312 85.284 76.952 78.512 78.082 77.899 77.687 75.478 58.279 37.096 43.095 41.095 22.094 0.000 0.000 0.000 0.000 26.261 8.239 9.208 13.169 21.124 11.075 9.021 7.964 11.904 26.841 33.778 25.715 11.654 6.593 8.534 8.475 8.416 8.357 7.299 14.242 35.189
43.854 47.785 58.703 52.645 45.606 64.584 53.577 5.594 0.000 0.000 49.226 65.211 60.203 60.216 63.287 0.000 0.000 0.000 0.000 0.000 0.000 48.066 39.067 42.072 0.000 0.000 0.000 85.714 112.711 27.710 0.000 54.755 49.617 49.485 49.426 45.539 85.622 85.459 77.995 81.605 78.357 78.153 77.944 69.722 22.501 0.000 45.095 23.095 0.000 0.000 0.000 14.409 13.382 12.326 8.288 12.250 24.208 29.162 27.111 20.056 9.999 18.939 26.878 5.816 11.755 24.695 21.636 17.577 25.519 6.460 8.400 6.341 19.278 42.227
49.904 59.849 51.791 43.740 43.700 56.665 64.631 60.611 63.582 65.520 60.404 55.357 57.338 46.340 45.359 0.000 0.000 0.000 0.000 53.153 52.145 40.124 42.128 43.153 47.220 46.264 0.000 0.000 0.000 0.000 1.089 60.893 53.790 48.671 49.800 47.880 85.769 47.603 55.197 69.798 77.623 78.414 76.212 34.967 0.000 0.000 0.000 0.000 0.000 0.000 15.454 9.436 9.411 9.375 10.337 20.297 29.252 28.203 28.151 24.095 20.036 29.976 12.915 7.854 8.794 8.735 18.678 31.622 18.565 6.506 7.441 13.388 1.331 6.266
60.964 50.917 43.870 44.827 44.788 46.746 30.671 56.637 54.615 46.573 43.514 42.475 58.454 60.447 47.450 0.000 0.000 0.000 53.164 49.161 46.158 39.156 43.167 43.194 43.243 43.308 2.456 5.778 6.993 9.209 77.223 74.101 62.943 61.968 51.009 86.026 85.904 49.652 56.306 51.086 57.894 76.670 51.523 0.000 0.000 0.000 0.000 0.000 0.000 0.000 15.472 9.469 9.453 9.425 10.389 19.347 29.301 28.249 27.194 24.136 29.076 23.014 6.952 8.891 8.832 8.774 18.719 26.666 5.614 8.557 11.470 30.412 47.378 26.322
51.026 43.985 44.946 44.910 45.880 26.859 0.000 13.652 41.668 44.644 44.605 44.575 42.556 66.546 50.543 0.000 0.000 0.000 30.166 47.170 41.172 42.177 43.190 43.214 43.251 43.300 54.358 0.000 0.000 16.411 69.394 79.339 1.268 83.146 73.377 86.130 48.216 61.865 58.513 48.387 45.195 41.851 26.687 0.000 0.000 10.900 0.000 0.000 0.000 0.000 11.494 9.516 9.508 9.483 9.447 10.404 16.354 24.300 24.241 24.180 28.117 6.053 8.989 8.928 7.868 13.811 30.759 13.711 7.669 10.639 0.000 0.000 23.426 0.000
44.090 45.053 45.018 44.987 47.962 3.952 1.976 0.000 39.760 44.730 46.688 44.664 43.648 61.638 57.634 0.000 0.000 0.000 0.000 38.179 41.182 43.189 43.201 43.221 43.248 45.281 31.319 0.000 0.000 66.630 69.602 80.556 86.491 80.557 78.595 86.216 69.263 71.971 56.816 49.724 42.652 0.000 0.000 0.000 0.000 8.901 0.000 0.000 0.000 0.000 0.000 12.594 9.580 9.551 9.513 9.467 9.413 9.355 16.292 24.226 12.159 9.091 9.025 8.962 11.902 24.845 24.794 6.749 8.713 11.690 0.000 0.000 50.474 40.477
45.154 45.120 45.087 45.057 45.031 49.012 49.999 49.966 45.883 45.829 25.754 42.745 43.735 59.726 58.721 0.000 0.000 0.000 0.000 37.187 43.190 43.196 43.206 43.220 43.238 31.259 0.000 0.000 0.000 71.877 77.830 80.763 80.737 79.815 86.329 78.739 81.462 76.154 61.098 51.040 50.037 50.171 0.000 0.000 0.000 5.902 12.903 5.903 0.000 0.000 0.000 27.688 8.665 9.631 9.588 9.537 10.478 9.414 9.345 9.273 9.201 9.129 9.060 7.993 13.931 28.874 5.823 8.779 8.743 10.719 0.000 0.000 52.520 44.508
45.219 45.187 45.155 45.122 45.092 45.067 45.044 45.016 44.976 48.949 0.000 35.829 44.820 60.809 55.803 0.000 0.000 0.000 0.000 42.191 45.194 45.199 45.207 43.216 46.224 0.000 0.000 0.000 64.332 70.171 81.077 80.969 81.091 79.145 86.536 79.875 84.522 80.416 81.351 69.303 57.285 46.305 41.304 43.304 0.000 0.000 11.904 6.904 12.903 13.896 11.874 17.805 27.762 9.720 10.671 19.614 26.550 8.478 9.401 9.322 9.243 9.165 8.091 13.021 31.956 25.898 14.846 7.800 8.761 10.726 25.688 43.640 44.579 44.545
45.286 45.255 45.222 45.186 45.150 45.119 48.094 46.079 45.058 49.041 0.000 35.922 44.906 61.890 53.880 0.000 0.000 0.000 0.000 15.194 25.196 24.201 24.207 45.214 30.219 0.000 0.000 0.000 66.492 76.403 81.308 81.271 80.383 87.206 86.892 80.941 81.787 80.646 80.591 81.537 72.494 37.459 0.000 0.000 0.000 0.000 9.905 9.907 6.909 8.912 9.922 8.895 15.859 29.815 12.762 10.700 20.628 8.548 9.461 9.372 9.283 9.198 9.118 17.043 29.976 16.916 28.863 6.816 7.775 12.736 33.697 45.654 44.610 44.573
45.354 45.325 45.291 45.252 48.203 50.166 22.136 43.147 46.136 48.118 8.103 39.032 43.992 55.963 53.948 0.000 0.000 0.000 0.000 0.000 0.000 0.000 0.000 26.214 0.000 0.000 0.000 14.889 64.742 81.638 81.522 81.643 79.736 87.487 79.528 85.236 80.931 80.886 80.820 80.762 70.697 31.578 0.000 0.000 0.000 0.000 0.000 12.910 13.913 0.938 9.008 9.994 9.963 13.919 29.864 12.797 9.716 9.623 9.523 9.421 9.321 7.227 13.139 32.059 12.988 11.927 25.874 9.827 7.786 14.747 40.710 45.672 44.633 44.595
45.425 45.398 45.368 47.326 23.244 25.205 0.000 5.240 41.219 45.192 49.160 45.111 48.066 53.024 58.001 0.000 0.000 0.000 0.000 0.000 0.000 0.000 0.000 0.000 0.000 0.000 0.000 74.037 75.951 81.857 81.819 80.944 87.988 87.747 80.592 81.306 81.178 81.109 81.046 79.992 59.953 0.000 0.000 0.000 0.000 0.000 0.000 0.000 4.913 0.000 16.127 13.111 9.080 9.036 10.979 27.906 16.816 8.708 9.587 9.468 8.355 13.249 15.153 14.065 10.992 8.931 8.879 8.834 9.794 22.758 44.724 45.690 47.656 43.616
45.497 45.476 45.457 50.441 0.000 0.000 11.423 3.353 37.310 46.272 44.233 46.188 58.138 30.065 24.033 0.000 0.000 0.000 0.000 0.000 0.000 0.000 0.000 0.000 0.000 0.000 61.408 66.269 80.170 82.055 82.190 80.292 88.208 80.092 81.767 81.460 81.401 81.327 81.263 73.208 50.171 0.000 0.000 0.000 0.000 0.000 0.000 0.000 0.000 0.000 20.262 15.244 9.211 7.166 10.108 10.034 25.936 18.804 9.650 10.508 8.380 15.264 15.157 12.059 5.984 8.925 8.877 10.835 24.799 43.767 45.737 48.710 40.684 1.651
44.569 44.553 44.541 47.541 17.568 14.552 46.494 51.440 45.395 43.354 50.312 60.270 63.232 0.000 0.000 0.000 0.000 0.000 0.000 0.000 0.000 0.000 0.000 0.000 0.000 0.000 63.548 71.464 81.368 82.360 81.403 88.612 88.416 81.122 81.826 81.688 81.610 81.537 81.470 63.407 45.351 0.000 0.000 0.000 0.000 0.000 0.000 0.000 0.000 0.000 18.414 16.392 16.356 13.310 6.254 8.185 9.090 24.922 24.702 21.535 18.395 11.270 10.152 7.029 7.960 8.909 12.868 32.832 44.801 44.773 45.749 44.729 35.716 0.000
59.638 58.625 56.616 53.612 54.612 54.595 51.560 52.519 54.478 54.436 60.393 62.348 20.290 0.000 0.000 0.000 0.000 0.000 0.000 0.000 0.000 0.000 0.000 0.000 2.016 9.934 64.771 81.664 82.573 82.525 81.757 88.793 80.598 82.271 81.959 81.894 81.813 81.741 79.674 61.600 32.475 0.000 0.000 0.000 0.000 0.000 0.000 0.000 0.000 0.000 8.590 12.554 15.510 16.463 15.414 12.364 8.318 2.301 0.000 0.000 0.000 0.000 0.000 10.947 8.918 11.885 32.854 45.825 44.799 45.776 48.757 44.743 41.735 22.738
58.705 57.694 59.686 61.680 60.673 59.657 57.631 55.599 55.561 56.519 52.475 52.439 0.000 0.000 0.000 0.000 0.000 0.000 0.000 0.000 0.000 0.000 0.000 0.000 51.090 74.033 72.939 81.851 82.743 82.875 80.984 88.960 82.690 82.295 82.171 82.087 82.010 81.941 77.884 57.843 0.000 0.000 0.000 0.000 0.000 0.000 0.000 0.000 0.000 15.931 10.801 7.726 9.668 14.618 16.575 16.539 17.517 8.526 0.000 0.000 0.000 0.000 0.000 11.893 9.880 25.860 46.837 44.815 44.795 44.776 45.761 44.750 44.743 35.741
44.769 45.761 52.755 61.750 67.743 55.730 49.710 44.683 42.649 41.605 47.550 26.494 0.000 0.000 0.000 0.000 0.000 0.000 0.000 0.000 0.000 0.000 0.000 0.000 57.210 73.170 81.103 83.026 83.000 82.137 89.254 89.113 84.707 82.513 82.352 82.275 82.198 82.130 77.077 52.045 0.000 0.000 0.000 0.000 0.000 0.000 0.000 0.000 16.172 11.061 10.959 10.880 9.818 6.768 11.728 15.700 16.686 13.690 0.000 0.000 0.000 0.000 14.841 8.853 12.849 40.837 44.821 44.804 44.788 44.774 44.761 44.752 44.746 19.744
43.831 47.827 52.824 54.822 57.818 47.810 43.797 44.776 44.746 46.703 24.626 0.000 0.000 0.000 0.000 0.000 0.000 0.000 0.000 0.000 0.000 0.000 0.000 0.000 43.370 72.334 82.278 83.188 83.328 81.447 89.382 82.255 83.928 82.608 82.542 82.455 82.376 82.306 73.249 46.215 0.000 0.000 0.000 0.000 0.000 0.000 0.000 15.388 11.283 11.183 11.093 11.018 10.957 10.908 7.870 6.846 9.839 16.856 16.924 0.000 0.000 0.000 8.829 9.831 27.827 44.818 43.806 43.793 44.781 44.769 44.759 44.751 43.746 9.744
43.892 45.892 46.893 44.895 43.897 44.896 43.891 43.878 43.858 48.834 0.000 0.000 0.000 0.000 0.000 0.000 0.000 0.000 0.000 0.000 0.000 0.000 0.000 0.000 51.567 80.520 83.457 83.442 82.584 89.612 89.501 85.252 82.952 82.807 82.718 82.630 82.546 83.468 63.400 51.352 0.000 0.000 15.023 0.000 14.768 16.718 16.628 11.494 11.388 11.295 11.213 11.143 11.084 11.036 11.000 9.976 6.967 15.973 16.992 9.992 0.000 0.000 16.815 8.814 16.809 22.802 25.793 29.783 35.772 41.763 43.755 43.749 41.744 6.742
44.950 44.955 44.962 44.970 43.979 43.987 43.992 43.989 42.972 50.943 1.942 0.000 0.000 0.000 0.000 0.000 0.000 0.000 0.000 0.000 0.000 0.000 0.000 35.956 71.810 82.724 83.625 83.779 81.884 89.710 82.704 84.378 83.062 82.987 82.891 82.800 82.711 83.622 55.529 33.440 0.000 0.000 11.023 0.000 9.818 11.758 11.671 11.572 11.481 11.398 11.323 11.256 11.200 11.153 11.117 9.093 11.080 17.077 14.081 0.000 0.000 0.000 15.804 14.800 13.795 12.789 11.781 10.772 14.764 25.756 21.749 23.744 27.741 8.739
43.006 43.016 43.029 43.045 43.063 43.083 44.101 46.113 48.101 23.022 0.000 0.000 0.000 0.000 0.000 0.000 0.000 0.000 0.000 2.893 0.000 0.000 6.211 47.103 77.996 83.901 83.902 82.944 89.878 89.799 85.694 83.400 83.251 83.157 83.063 82.969 82.875 78.779 25.654 0.000 0.000 0.000 11.024 17.026 11.930 11.825 11.728 11.644 11.566 11.492 11.423 11.361 11.306 11.260 11.224 8.198 17.182 17.175 13.174 0.000 0.000 0.000 14.796 13.789 14.783 14.777 14.769 14.762 14.755 13.748 13.743 12.738 11.736 11.734
44.060 47.074 51.093 54.117 58.145 60.179 63.218 62.260 54.298 0.000 4.000 28.040 0.000 0.000 0.000 0.000 0.000 0.000 33.894 60.893 0.892 0.000 40.319 73.249 83.162 84.080 84.028 83.267 89.944 82.131 83.819 83.502 83.426 83.328 83.233 83.137 84.042 70.967 0.000 0.000 0.000 0.000 0.000 11.123 12.051 13.883 13.774 11.710 11.647 11.582 11.518 11.457 11.404 11.358 8.321 13.294 16.276 17.267 8.266 0.000 0.000 0.000 0.000 19.777 19.772 16.766 13.759 13.752 14.746 15.740 15.735 14.732 14.730 15.728
45.109 52.128 61.153 62.185 61.223 60.271 59.332 56.412 50.534 25.772 42.960 61.081 30.197 14.265 0.000 0.000 0.000 4.897 43.896 57.892 0.000 15.618 57.499 82.410 85.332 84.202 84.437 82.429 89.997 84.117 83.834 83.686 83.594 83.499 83.404 83.304 85.190 29.078 0.000 0.000 0.000 0.000 0.000 7.292 13.270 0.000 0.000 10.774 11.732 11.672 11.609 11.548 11.494 10.447 8.409 17.381 17.361 14.352 8.357 14.390 0.000 0.000 0.000 30.770 45.763 38.756 34.749 30.742 26.736 29.731 29.727 12.724 13.723 14.725
46.154 49.178 52.208 51.245 49.292 47.351 45.426 43.523 43.652 52.824 54.987 52.126 49.246 53.333 1.447 0.000 0.000 44.898 74.899 25.888 21.841 55.737 79.647 84.569 84.469 84.622 82.604 90.067 82.523 84.240 83.927 83.856 83.762 83.671 83.581 86.484 43.337 0.000 0.000 0.000 0.000 0.000 0.000 9.483 14.468 0.000 0.000 7.881 11.834 11.767 11.697 11.633 11.576 8.528 16.489 17.459 16.437 7.423 11.419 11.424 0.000 0.000 0.000 0.000 28.754 46.746 45.738 45.732 45.726 45.721 39.717 29.715 15.714 0.000
46.194 46.221 45.255 45.297 46.349 46.415 46.498 44.601 45.730 50.882 54.040 50.190 45.329 48.446 3.540 0.000 0.000 36.899 46.916 24.920 57.897 72.845 81.784 84.721 84.700 83.835 90.459 90.207 83.518 84.249 84.107 84.018 83.929 83.843 83.766 86.713 0.000 0.000 2.076 11.076 0.000 0.000 10.787 13.689 12.652 19.675 0.000 8.036 11.956 11.864 11.781 11.710 9.650 11.601 17.560 17.528 9.504 10.486 11.474 11.464 0.000 0.000 0.000 0.000 0.000 28.736 44.727 44.721 44.715 44.711 45.707 45.705 20.703 0.000
46.229 46.258 46.294 46.338 46.394 46.463 45.549 44.655 48.785 52.936 53.100 48.267 44.432 49.582 2.687 0.000 0.000 32.883 1.946 48.979 72.982 78.960 84.929 84.837 85.097 83.127 90.681 82.943 84.656 84.343 84.273 84.180 84.092 84.006 90.925 74.890 0.000 0.000 48.077 34.076 0.000 0.000 5.886 13.835 12.775 12.698 18.538 16.272 15.089 11.953 11.852 11.776 8.715 16.665 17.624 13.591 8.565 11.544 11.525 13.494 17.494 0.000 0.000 0.000 0.000 0.000 41.713 44.709 44.704 44.700 45.697 43.694 17.692 0.000
46.258 46.287 46.324 46.369 46.425 45.494 44.580 46.687 50.819 53.978 50.156 45.347 44.550 47.765 30.003 17.319 18.560 14.814 15.999 56.067 77.092 83.093 85.053 85.254 83.301 91.065 90.883 83.955 84.668 84.522 84.431 84.341 84.254 89.164 32.040 47.031 17.067 48.075 56.077 0.000 0.000 0.000 5.037 13.990 12.915 12.806 22.644 33.427 7.175 17.009 12.899 9.828 11.770 17.721 16.680 7.646 10.620 11.601 11.589 0.000 0.000 0.000 0.000 0.000 0.000 0.000 22.705 43.697 44.693 44.689 48.686 44.683 33.680 0.000
46.282 46.310 46.346 46.390 46.444 44.509 44.591 48.693 55.826 57.001 53.198 48.415 46.658 46.925 49.167 49.394 58.547 0.069 34.166 72.200 79.226 85.238 85.278 84.476 91.388 91.232 84.319 85.098 84.760 84.685 84.588 84.499 84.418 92.356 0.000 30.129 32.093 22.083 24.080 0.000 0.000 0.000 8.234 14.175 13.088 18.969 34.806 11.616 0.000 0.000 10.907 8.866 16.816 17.769 13.728 10.695 11.669 11.651 13.642 0.000 0.000 0.000 0.000 0.000 0.000 0.000 0.000 34.682 44.680 44.678 49.675 44.671 44.665 33.654
46.299 46.327 46.360 46.401 45.451 44.509 46.580 53.669 30.790 7.004 6.220 3.459 33.742 51.108 46.347 49.545 30.685 0.000 39.302 77.340 83.382 85.358 85.680 83.770 91.532 84.660 85.435 85.003 84.942 84.836 84.741 84.650 85.564 83.485 5.399 5.264 0.000 0.000 0.000 0.000 0.000 7.645 15.491 13.389 12.292 32.177 35.994 0.000 0.000 0.000 6.958 12.913 17.861 17.812 7.770 11.736 11.711 11.694 14.685 0.000 0.000 0.000 0.000 0.000 0.000 0.000 0.000 22.670 44.669 44.667 50.665 44.662 44.657 38.651
46.311 46.337 46.368 45.405 44.448 46.498 49.553 57.612 16.664 0.000 0.000 0.000 0.000 33.420 48.568 49.754 35.965 38.253 64.398 81.486 85.518 85.787 83.895 91.783 91.664 85.646 85.340 85.190 85.085 84.986 84.889 84.795 87.703 72.622 1.522 0.000 0.000 0.000 0.000 0.000 0.000 7.800 14.696 13.597 11.515 39.453 0.327 0.000 0.000 13.165 18.053 17.969 17.902 15.847 10.803 11.769 11.744 11.728 13.721 0.000 17.756 0.000 0.000 0.000 0.000 0.000 0.000 15.659 44.659 44.658 44.657 44.654 44.651 42.648
46.319 46.342 46.370 45.403 44.440 48.480 52.523 56.562 14.589 0.000 0.000 0.000 0.000 13.585 56.750 51.937 58.168 71.397 80.554 84.653 85.773 85.022 91.994 91.892 84.991 85.764 85.420 85.336 85.230 85.131 85.035 88.938 51.832 23.727 0.000 0.000 0.000 0.000 0.000 0.000 10.272 15.059 13.896 15.790 12.718 36.674 0.000 0.000 8.472 15.279 31.119 20.009 16.931 12.872 10.828 10.794 11.770 11.754 11.749 16.756 12.757 3.756 0.000 0.000 0.000 11.643 13.645 12.649 44.650 44.650 44.649 44.648 44.647 42.646
46.322 46.343 46.368 44.396 46.428 52.462 53.496 51.525 38.542 0.000 0.000 0.000 0.000 0.000 9.912 6.074 46.374 77.612 81.766 85.841 86.119 84.337 92.086 84.312 86.089 85.653 85.586 87.472 86.371 85.274 85.183 91.089 13.961 0.000 0.000 0.000 0.000 0.000 0.000 30.681 30.485 18.269 15.038 25.951 20.892 21.853 0.000 0.000 6.665 11.359 22.135 18.018 21.941 15.884 18.842 17.810 14.787 11.772 10.764 10.762 16.759 0.000 0.000 0.000 0.000 8.642 8.642 18.643 44.643 44.643 44.642 44.641 44.641 18.643
