results4_8e4_rain/res_4e8f-0227.wd
ncols         241
nrows         181
xllcorner     12693529.787448
yllcorner     3542525.717860
cellsize      155.156523
NODATA_value  -9999.000000
[rows 66 to 98 of 181, columns 73 to 145 of 241]
71.948 35.934 0.000 61.097 78.072 77.040 77.011 0.000 48.402 48.386 61.399 57.409 56.389 56.343 55.273 131.173 118.999 0.000 0.000 0.000 51.711 46.647 51.551 54.488 54.435 56.385 57.336 62.278 63.224 64.180 55.148 0.000 0.000 52.445 102.445 84.359 88.225 88.316 86.369 94.287 86.781 87.260 88.000 86.773 86.552 87.348 57.193 0.000 0.000 0.000 0.000 0.000 0.000 0.000 43.755 41.730 41.689 41.634 41.567 41.497 45.423 58.344 55.266 40.190 51.116 60.042 38.969 41.896 47.824 52.753 48.682 42.613 40.545
56.951 62.919 0.753 49.327 73.282 72.251 66.253 19.339 0.000 0.000 54.479 67.559 56.559 55.527 56.483 37.441 0.000 0.000 0.000 0.000 0.000 0.000 62.482 60.456 58.422 41.379 44.330 51.273 52.233 57.201 48.175 0.000 0.000 0.000 62.687 80.596 87.534 87.627 94.713 94.507 86.852 87.541 87.253 87.043 86.833 81.645 39.513 0.000 3.700 36.700 0.000 0.000 0.000 49.838 44.801 41.766 41.722 41.669 41.607 41.540 41.469 41.395 48.319 62.245 63.171 46.098 40.025 40.954 41.882 45.812 44.743 40.674 40.607
58.966 57.897 62.767 60.573 74.479 67.429 68.411 65.425 0.000 0.000 0.000 69.788 64.760 59.725 61.690 8.666 0.000 0.000 0.000 0.000 0.000 0.000 61.441 57.430 48.418 0.000 0.000 49.253 61.233 60.217 0.000 0.000 8.395 65.275 57.021 60.843 67.921 82.982 94.904 86.589 88.145 87.709 87.521 87.304 85.091 67.887 46.700 52.700 50.700 31.700 0.000 0.000 0.000 7.874 58.847 40.810 41.765 45.712 53.652 43.587 41.518 40.446 44.372 59.298 66.225 58.153 44.081 39.010 40.940 40.871 40.802 40.735 39.667
59.012 56.937 60.835 71.718 65.632 58.573 77.538 66.525 18.542 0.000 12.193 62.045 77.969 72.920 72.887 75.868 0.000 0.000 0.000 0.000 7.393 7.397 59.410 50.407 53.401 0.000 0.000 0.000 97.228 124.216 39.200 0.000 64.515 59.411 59.248 59.154 55.237 95.256 95.085 87.634 91.240 87.987 87.779 87.565 79.340 32.114 0.000 54.700 32.700 0.000 0.000 0.000 46.982 45.938 44.902 40.862 44.815 56.762 61.703 59.638 52.569 42.498 51.425 59.352 38.279 44.207 57.136 54.066 49.997 57.929 38.862 40.794 38.727
57.074 63.002 72.919 64.832 56.757 56.695 69.643 77.595 73.559 76.484 78.342 73.229 68.152 70.101 59.068 58.052 0.000 0.000 0.000 8.386 64.388 63.390 51.392 53.389 54.378 58.358 57.344 0.000 8.236 2.220 1.169 10.919 70.739 63.605 58.442 59.532 57.577 95.412 57.248 64.839 79.436 87.257 88.044 85.838 44.589 0.000 0.000 0.000 0.000 0.000 0.000 48.051 42.025 41.995 41.960 42.920 52.873 61.818 60.758 60.693 56.624 52.552 62.479 45.405 40.332 41.260 41.189 51.120 64.052 50.986 38.921 39.854 45.787
63.144 74.079 64.007 56.935 57.868 57.807 59.745 43.652 69.615 67.552 59.461 56.376 55.310 71.263 73.233 60.219 0.000 0.000 0.000 64.383 60.383 57.383 50.381 54.376 54.366 54.350 54.331 13.299 16.260 17.230 19.182 87.055 83.921 72.789 71.743 60.740 95.689 95.556 59.300 65.949 60.726 67.530 86.303 61.154 0.000 0.000 0.000 0.000 0.000 0.000 0.000 48.077 42.074 42.055 42.025 42.985 51.937 61.881 60.819 59.752 56.680 61.607 55.532 39.458 41.384 41.311 41.241 51.173 59.107 38.043 40.980 43.915 62.847
74.220 64.160 57.097 58.033 57.972 58.919 39.879 0.000 26.699 54.647 57.575 57.504 57.448 55.409 79.383 63.371 0.000 0.000 0.000 41.381 58.379 52.377 53.374 54.369 54.360 54.347 54.330 65.306 5.274 9.257 26.267 79.197 89.094 10.982 92.903 83.094 95.805 57.869 71.514 68.158 58.029 54.834 51.486 36.320 0.000 0.000 43.652 0.000 0.000 0.000 0.000 44.107 42.136 42.127 42.100 42.059 43.008 48.950 56.885 56.814 56.740 60.663 38.586 41.509 41.434 40.361 46.291 63.223 46.160 40.099 43.041 23.981 24.898
64.302 57.246 58.187 58.127 58.070 61.017 16.972 14.937 7.833 52.761 57.690 59.616 57.571 56.540 74.520 70.511 0.000 0.000 0.000 0.000 49.374 52.372 54.369 54.364 54.357 54.348 56.335 42.320 0.000 0.000 76.435 79.370 90.279 96.150 90.253 88.291 95.904 78.917 81.620 66.462 59.368 52.294 0.000 0.000 0.000 0.000 41.652 0.000 0.000 0.000 0.000 0.192 45.236 42.219 42.187 42.142 42.088 42.025 41.956 48.880 56.802 44.721 41.640 41.560 41.482 44.408 57.337 57.271 39.209 41.153 44.104 11.069 0.000
57.387 58.333 58.277 58.220 58.163 58.108 62.057 63.005 62.938 58.874 58.806 38.700 55.679 56.659 72.646 71.642 0.000 0.000 0.000 0.000 48.370 54.369 54.366 54.363 54.357 54.351 42.343 0.000 0.000 4.800 81.667 87.571 90.471 90.418 89.496 96.038 88.396 91.113 85.802 70.744 60.684 59.681 59.815 0.000 0.000 0.000 38.652 45.652 38.652 0.000 0.000 0.000 60.354 41.326 42.286 42.236 42.176 43.108 42.032 41.950 41.865 41.778 41.692 41.608 40.527 46.451 61.379 38.313 41.253 41.199 43.154 18.123 0.000
58.477 58.423 58.368 58.311 58.254 58.196 58.141 58.088 58.038 57.993 61.958 0.000 48.786 57.773 73.763 68.769 4.815 0.000 0.000 0.000 53.368 56.367 56.365 56.362 54.359 57.356 0.000 0.000 0.000 73.933 79.861 90.776 90.658 90.767 88.816 96.242 89.527 94.171 90.063 90.997 78.948 66.929 55.949 50.949 52.949 0.000 0.000 44.653 39.652 45.646 46.631 44.592 50.500 60.446 42.395 43.339 52.273 59.198 41.114 42.024 41.930 41.835 41.742 40.653 45.568 64.489 58.416 47.350 40.290 41.236 43.189 58.146 76.099
58.569 58.516 58.461 58.404 58.344 58.283 58.223 61.168 59.133 58.101 62.077 0.000 48.906 57.883 74.863 66.855 6.862 0.000 0.000 0.000 26.367 36.366 35.364 35.362 56.360 41.358 0.000 0.000 0.000 76.138 86.072 90.984 90.943 90.047 96.861 96.569 90.589 91.433 90.291 90.235 91.181 82.138 47.102 0.000 0.000 0.000 0.000 42.654 42.656 39.656 41.654 42.646 41.607 48.562 62.511 45.450 43.379 53.296 41.203 42.101 41.996 41.891 41.789 41.692 49.603 62.521 49.447 61.381 39.321 40.268 45.219 66.172 78.124
58.663 58.610 58.556 58.499 58.437 61.367 63.299 35.230 56.224 59.200 61.172 21.146 52.048 56.992 68.951 66.926 7.916 0.000 0.000 0.000 0.000 0.000 2.363 2.362 37.361 0.000 0.000 0.000 24.574 74.408 91.303 91.185 91.302 89.389 97.127 89.170 94.878 90.574 90.529 90.463 90.404 80.339 41.221 0.000 0.000 0.000 0.000 0.000 45.661 46.667 33.684 41.731 42.720 42.685 46.635 62.573 45.496 42.406 42.300 42.183 42.062 41.943 39.830 45.725 64.630 45.545 44.470 58.405 42.347 40.294 47.246 73.201 78.155
58.759 58.706 58.653 58.599 60.538 36.451 38.375 0.000 18.333 54.303 58.264 62.218 58.150 61.085 66.022 70.980 9.961 0.000 0.000 0.000 0.000 3.362 55.362 62.362 0.000 0.000 0.000 7.858 83.740 85.621 91.516 91.473 90.593 97.607 97.375 90.229 90.945 90.818 90.750 90.687 89.633 69.594 0.000 0.000 0.000 0.000 0.000 0.000 0.000 37.667 0.000 48.873 45.857 41.823 41.773 43.709 60.629 49.530 41.409 42.267 42.125 40.990 45.864 47.749 46.646 43.558 41.484 41.421 41.366 42.317 55.272 77.230 78.189
58.854 58.802 58.752 58.705 63.667 1.652 0.000 24.562 16.473 50.415 59.364 57.311 59.248 71.177 43.072 37.013 1.987 0.000 0.000 0.000 0.000 53.362 59.362 61.362 0.000 0.000 0.000 70.976 75.907 89.820 91.704 91.835 89.931 97.820 89.723 91.401 91.097 91.039 90.965 90.902 82.848 59.810 0.000 0.000 0.000 0.000 0.000 0.000 0.000 0.000 0.000 53.032 48.013 41.976 39.925 42.861 42.780 58.676 51.537 42.353 43.181 41.026 47.887 47.761 44.646 38.558 41.488 41.430 43.379 57.335 76.294 78.257 81.224
59.947 57.895 57.846 57.804 60.771 30.757 27.732 59.651 64.580 58.521 56.467 63.412 73.356 76.304 0.235 0.000 0.000 0.000 0.000 0.000 0.000 21.362 28.362 30.362 0.000 0.000 0.000 73.161 81.097 91.009 92.002 91.040 98.214 98.023 90.752 91.458 91.322 91.245 91.173 91.107 73.045 54.989 0.000 0.000 0.000 0.000 0.000 0.000 0.000 0.000 0.000 51.210 49.185 49.144 46.092 39.029 40.953 41.856 57.712 57.428 54.219 51.048 43.898 42.760 39.620 40.540 41.480 45.430 65.387 77.348 77.313 78.282 77.255
74.036 72.983 71.935 69.893 66.856 67.825 67.787 64.732 65.675 67.621 67.569 73.516 75.458 33.381 0.000 0.000 0.000 0.000 0.000 0.000 0.000 0.000 0.000 0.000 0.000 11.669 19.590 74.411 91.303 92.212 92.163 91.391 98.392 90.223 91.900 91.590 91.526 91.446 91.376 89.309 71.236 42.112 0.000 0.000 0.000 0.000 0.000 0.000 0.000 0.000 0.000 41.413 45.373 48.323 49.268 48.210 45.149 41.084 35.025 0.000 0.000 0.000 0.000 0.000 43.535 41.502 44.463 65.425 78.390 77.357 78.328 81.303 77.282
70.119 72.067 71.019 72.976 74.937 73.900 72.860 70.814 68.767 68.720 69.673 65.625 65.580 0.000 0.000 0.000 0.000 0.000 0.000 0.000 0.000 0.000 0.000 0.000 0.000 60.747 83.691 82.589 91.495 92.384 92.511 90.613 98.557 92.315 91.922 91.799 91.717 91.641 91.573 87.517 67.476 0.000 0.000 0.000 0.000 0.000 0.000 0.000 0.000 0.000 48.804 43.656 40.571 42.506 47.448 49.396 49.347 50.306 41.279 0.000 0.000 0.000 0.000 0.000 44.484 42.468 58.444 79.416 77.389 77.364 77.340 78.320 77.303
58.197 58.146 59.098 66.055 75.015 80.977 68.938 62.898 57.858 55.818 54.778 60.732 39.656 0.000 0.000 0.000 0.000 0.000 0.000 0.000 0.000 0.000 0.000 0.000 0.000 66.883 82.836 90.760 92.674 92.641 91.771 98.851 98.710 94.330 92.138 91.978 91.903 91.827 91.761 86.708 61.676 0.000 0.000 0.000 0.000 0.000 0.000 0.000 0.000 49.074 43.951 43.837 43.750 42.681 39.624 44.576 48.539 49.514 46.506 0.000 0.000 0.000 0.000 47.440 41.450 45.443 73.427 77.408 77.388 77.368 77.349 77.333 77.319
57.270 57.220 61.174 66.131 68.092 71.054 61.018 56.983 57.949 57.917 59.889 37.868 0.000 0.000 0.000 0.000 0.000 0.000 0.000 0.000 0.000 0.000 0.000 0.000 0.000 53.064 82.012 91.942 92.840 92.969 91.078 98.982 91.875 93.551 92.232 92.168 92.081 92.004 91.934 82.879 55.845 0.000 0.000 0.000 0.000 0.000 0.000 0.000 48.309 44.196 44.089 43.992 43.911 43.844 43.789 40.747 39.717 42.706 49.726 49.814 0.000 0.000 0.000 41.431 42.431 60.426 77.415 76.401 76.386 77.370 77.355 77.343 77.332
57.339 57.291 59.246 60.205 58.166 57.130 58.097 57.066 57.038 57.013 61.994 6.982 0.000 0.000 0.000 0.000 0.000 0.000 0.000 0.000 0.000 0.000 0.000 0.000 4.433 61.297 90.208 93.124 93.094 92.224 99.218 99.104 94.871 92.574 92.429 92.341 92.254 92.172 93.095 73.027 60.980 0.000 0.000 47.910 0.000 47.681 49.637 49.554 44.421 44.314 44.217 44.131 44.057 43.994 43.943 43.904 42.878 39.868 48.876 49.902 42.902 0.000 0.000 49.421 41.419 49.414 55.406 58.395 62.384 68.372 74.360 76.350 76.342
58.404 58.357 58.314 58.275 58.238 57.204 57.173 57.146 57.122 56.104 64.091 15.085 0.000 0.000 0.000 0.000 0.000 0.000 0.000 0.000 0.000 0.000 0.000 0.000 45.568 81.485 92.399 93.289 93.429 91.521 99.320 92.321 93.996 92.681 92.607 92.512 92.422 92.334 93.247 65.155 43.067 0.000 0.000 43.910 0.000 42.724 44.677 44.603 44.509 44.419 44.335 44.259 44.191 44.133 44.085 44.048 42.023 44.010 50.009 47.016 0.000 0.000 0.000 48.412 47.410 46.406 45.399 44.391 43.382 47.372 58.364 54.356 56.349
56.465 56.420 56.380 56.342 56.307 56.275 56.247 57.222 59.202 61.188 36.181 3.182 0.000 0.000 0.000 0.000 0.000 0.000 0.000 3.804 12.796 0.000 0.000 15.927 56.785 87.679 93.576 93.564 92.592 99.500 99.415 95.310 93.017 92.868 92.775 92.681 92.589 92.497 88.402 35.278 0.000 0.000 0.000 43.910 49.891 44.815 44.744 44.670 44.594 44.519 44.446 44.377 44.315 44.261 44.216 44.180 41.155 50.141 50.136 46.136 0.000 0.000 0.000 47.406 46.404 47.400 47.394 47.388 47.380 47.373 46.366 46.360 45.355
57.522 57.480 60.442 64.406 67.373 71.343 73.316 76.294 75.276 67.265 5.264 16.280 40.333 8.357 0.000 0.000 0.000 0.000 0.000 43.812 70.787 10.748 0.000 50.068 82.969 92.860 93.760 93.690 92.913 99.574 91.745 93.432 93.115 93.041 92.943 92.849 92.755 93.661 80.587 0.000 0.000 0.000 0.000 23.930 43.949 44.900 46.815 46.739 44.679 44.617 44.552 44.490 44.432 44.380 44.337 41.302 46.277 49.262 50.256 41.258 0.000 0.000 0.000 31.402 52.399 52.395 49.390 46.385 46.379 47.373 48.368 48.363 47.358
59.576 58.537 65.501 74.467 75.436 74.407 73.382 72.360 69.343 63.333 38.331 55.340 73.362 42.381 26.401 2.409 0.000 0.000 14.885 53.846 67.794 6.708 25.545 67.309 92.160 95.044 93.884 94.096 92.072 99.636 93.729 93.444 93.296 93.204 93.111 93.018 92.919 94.807 38.697 0.000 0.000 0.000 0.000 0.000 40.074 46.020 26.876 26.794 43.765 44.716 44.657 44.598 44.542 44.492 43.449 41.415 50.389 50.373 47.368 41.381 47.430 0.000 0.000 0.000 63.394 78.391 71.387 67.382 63.378 59.373 62.369 62.365 45.361
59.627 59.592 62.558 65.526 64.496 62.468 60.443 58.422 56.404 56.392 65.386 67.387 64.395 61.404 65.413 13.417 0.000 0.000 54.924 84.892 35.834 31.746 65.618 89.463 94.329 94.184 94.302 92.256 99.719 92.131 93.846 93.533 93.462 93.369 93.280 93.191 96.096 52.951 0.000 0.000 0.000 0.000 0.000 0.000 42.254 47.231 0.000 0.000 40.873 44.824 44.763 44.702 44.646 44.596 41.553 49.518 50.492 49.473 40.465 44.466 44.479 0.000 0.000 0.000 31.391 61.389 79.384 78.380 78.376 78.373 78.369 72.366 62.363
59.677 59.644 59.613 58.582 58.553 59.526 59.502 59.480 57.460 58.445 63.433 66.427 62.426 57.427 60.429 15.429 0.000 0.000 46.996 56.963 34.905 67.823 82.717 91.597 94.479 94.410 93.507 100.086 99.857 93.120 93.849 93.707 93.619 93.531 93.447 93.372 96.321 0.000 0.000 11.686 20.686 0.000 0.000 43.551 46.456 45.419 52.439 1.346 41.029 44.946 44.868 44.801 44.743 42.693 44.650 50.614 50.585 42.564 43.550 44.542 44.540 0.000 0.000 0.000 0.000 0.000 61.381 77.377 77.375 77.372 77.369 78.367 78.365
59.726 59.696 59.666 59.637 59.609 59.583 59.558 58.534 57.513 61.493 65.476 65.463 60.455 56.450 61.446 14.442 0.000 0.000 43.101 12.060 58.999 82.923 88.831 94.736 94.584 94.793 92.781 100.291 92.537 94.248 93.936 93.867 93.776 93.690 93.606 100.529 84.496 0.000 7.685 57.686 43.686 0.000 0.000 38.646 46.600 45.551 45.497 51.390 49.204 48.063 44.963 44.890 44.832 41.783 49.739 50.703 46.672 41.648 44.628 44.612 46.599 50.610 0.000 0.000 0.000 0.000 0.000 74.374 77.373 77.371 77.369 78.368 76.367
59.776 59.748 59.719 59.691 59.664 59.637 58.612 57.587 59.563 63.538 66.514 62.495 57.481 56.472 59.464 41.451 28.422 29.360 25.246 26.176 66.110 87.037 92.958 94.846 94.984 92.973 100.651 100.479 93.540 94.253 94.107 94.018 93.930 93.845 98.759 41.642 56.638 26.675 57.685 65.687 0.000 0.000 0.000 37.787 46.747 45.687 45.608 55.494 66.332 40.141 50.029 45.966 42.914 44.866 50.822 49.785 40.753 43.726 44.704 44.679 31.633 32.622 0.000 0.000 0.000 0.000 0.000 55.373 76.372 77.371 77.369 81.368 77.367
59.827 59.799 59.772 59.744 59.717 59.691 57.665 57.640 61.613 68.583 69.547 65.520 60.502 58.492 58.487 60.477 60.454 69.411 10.348 44.288 82.227 89.160 95.087 95.051 94.182 100.958 100.809 93.893 94.674 94.336 94.262 94.167 94.080 94.002 101.943 0.000 39.738 41.702 31.692 33.689 0.000 0.000 0.250 40.968 46.914 45.842 51.756 67.646 44.489 0.000 31.045 44.031 41.991 49.945 50.900 46.861 43.828 44.801 44.781 46.768 0.000 0.000 0.000 0.000 0.000 0.000 47.372 28.372 67.371 77.370 77.369 82.368 77.368
59.879 59.851 59.824 59.797 59.770 58.744 57.719 59.694 66.667 43.634 19.572 18.536 15.515 45.508 62.516 57.515 60.505 41.484 3.447 49.402 87.349 93.295 95.182 95.423 93.445 101.096 94.225 95.001 94.569 94.509 94.404 94.311 94.222 95.139 93.068 15.013 14.876 0.000 0.000 0.000 0.000 0.000 40.346 48.198 46.100 45.012 64.925 68.846 0.000 0.000 1.161 40.122 46.074 51.021 50.972 40.930 44.896 44.870 44.852 47.843 0.000 0.000 0.000 0.000 0.000 0.000 26.372 0.000 55.370 77.369 77.369 83.368 77.368
59.930 59.902 59.875 59.849 58.822 57.797 59.772 62.749 70.728 29.713 0.000 0.000 0.000 0.000 44.553 59.562 60.569 46.571 48.555 74.523 91.482 95.405 95.577 93.596 101.338 101.222 95.203 94.896 94.747 94.643 94.545 94.449 94.357 97.265 82.178 11.096 0.000 0.000 0.000 0.000 0.000 1.705 40.497 47.380 46.275 44.180 72.088 32.967 0.000 0.000 46.341 51.243 51.163 51.095 49.038 43.992 44.957 44.931 44.915 46.909 0.000 51.002 3.002 0.000 0.000 0.000 0.000 0.000 48.369 77.369 77.369 77.368 77.368
59.980 59.953 59.927 59.900 58.874 57.848 61.824 65.802 69.785 27.776 0.000 0.000 0.000 0.000 24.581 67.609 62.639 68.675 81.678 90.656 94.615 95.621 94.769 101.542 101.444 94.536 95.310 94.967 94.882 94.778 94.680 94.586 98.490 61.387 33.282 0.000 0.000 0.000 0.000 0.000 2.983 42.860 47.688 46.551 48.439 45.347 69.279 0.000 0.000 41.659 48.487 64.346 53.239 50.156 46.092 44.044 44.007 44.982 44.968 44.968 49.992 46.002 37.002 0.000 0.000 0.000 44.368 46.368 45.369 77.369 77.368 77.368 77.368
60.030 60.004 59.978 59.952 57.925 59.898 65.873 66.850 64.834 51.829 12.846 0.000 0.000 0.000 0.000 20.656 16.703 56.813 87.827 91.806 95.745 95.913 94.035 101.632 93.846 95.624 95.188 95.122 97.008 95.908 94.812 94.723 100.632 23.510 0.000 0.000 0.000 0.000 0.000 24.211 63.105 62.987 50.844 47.696 58.583 53.489 54.402 15.316 3.141 39.831 44.601 55.417 51.290 55.199 49.132 52.083 51.046 48.021 45.007 44.003 44.008 50.011 0.000 0.000 0.000 0.000 41.368 41.368 51.368 77.368 77.368 77.368 77.368
