results4_8e4_rain/res_4e8f-0233.wd
ncols         241
nrows         181
xllcorner     12693529.787448
yllcorner     3542525.717860
cellsize      155.156523
NODATA_value  -9999.000000
[rows 33 to 65 of 181, columns 73 to 145 of 241]
0.000 0.000 0.000 0.000 0.000 0.000 0.000 0.000 0.000 0.000 0.000 0.000 0.000 0.000 0.000 0.000 0.000 0.000 0.000 0.000 0.000 0.000 0.000 0.000 0.000 0.000 0.000 0.000 0.000 0.000 0.000 0.000 0.000 0.000 0.000 0.000 0.000 0.000 0.000 39.978 62.979 67.981 23.983 0.000 0.000 33.059 47.088 14.066 5.067 37.087 40.103 34.100 35.081 36.045 35.990 35.917 35.823 34.705 40.550 60.311 6.822 14.929 12.203 47.356 63.812 68.340 66.899 67.500 66.034 68.118 63.171 62.781 62.770
0.000 0.000 0.000 0.000 0.000 0.000 0.000 0.000 0.000 0.000 0.000 0.000 0.000 0.000 0.000 0.000 0.000 0.000 0.000 0.000 0.000 0.000 0.000 0.000 0.000 0.000 0.000 0.000 0.000 0.000 0.000 0.000 0.000 0.000 0.000 0.000 0.000 0.000 0.000 0.000 14.980 9.980 0.000 0.000 0.000 0.000 29.179 0.000 0.000 27.128 51.169 50.173 40.156 36.119 36.061 35.981 35.880 34.758 56.622 54.466 0.000 37.761 50.324 63.747 68.226 67.746 67.316 66.822 67.881 63.898 63.198 63.450 65.750
0.000 0.000 0.000 0.000 0.000 0.000 0.000 0.000 0.000 0.000 0.000 0.000 0.000 0.000 0.000 0.000 0.000 0.000 35.390 67.390 20.390 0.000 0.000 0.000 0.000 0.000 0.000 0.000 0.000 0.000 0.000 0.000 0.000 0.000 0.000 0.000 0.000 0.000 0.000 0.000 0.000 0.000 0.000 0.000 0.000 0.000 21.271 0.000 0.000 0.000 29.273 47.267 47.250 38.214 36.155 36.068 33.956 49.828 58.714 0.000 23.422 48.030 62.584 69.086 68.592 68.135 67.614 69.645 65.631 63.742 64.140 66.463 65.707
0.000 0.000 0.000 0.000 0.000 0.000 0.000 0.000 0.000 0.000 0.000 22.392 60.392 0.392 0.000 0.000 0.000 0.000 42.391 93.390 49.390 0.000 0.000 0.000 0.000 0.000 0.000 0.000 0.000 0.000 0.000 0.000 0.000 0.000 0.000 0.000 0.000 0.000 0.000 0.000 0.000 0.000 0.000 0.000 0.000 0.000 24.362 25.403 32.421 18.419 28.382 36.373 49.362 40.333 36.275 33.181 44.049 53.882 42.691 18.347 47.813 65.356 69.895 69.415 68.950 68.409 68.413 67.375 64.397 64.844 67.182 66.433 66.197
0.000 0.000 0.000 0.000 0.000 0.000 0.000 0.000 0.000 0.000 0.000 43.392 78.392 67.392 54.392 9.392 3.392 27.391 81.391 89.390 54.390 0.000 0.000 0.000 0.000 23.451 2.451 0.000 0.000 0.000 0.000 0.000 0.000 0.000 0.000 0.000 0.000 7.451 0.000 0.000 0.000 11.449 29.449 0.000 0.000 40.426 55.413 58.426 56.441 42.454 36.463 35.481 49.492 40.481 32.432 46.331 60.175 47.960 35.823 50.536 55.126 67.685 70.222 69.759 69.207 69.186 67.130 65.162 65.567 67.913 67.172 66.941 66.606
0.000 0.000 0.000 0.000 0.000 0.000 0.000 0.000 0.000 0.000 0.000 14.392 76.392 59.392 40.392 2.392 23.392 73.391 84.391 91.390 50.390 0.000 0.000 0.000 0.451 61.451 45.451 0.000 0.000 0.000 0.000 0.000 0.000 0.000 0.000 0.451 24.451 36.451 38.451 0.000 0.000 20.449 45.449 24.447 38.445 61.439 64.437 65.447 62.465 49.492 36.535 33.596 50.645 41.667 45.642 63.536 57.362 0.000 34.105 52.849 65.471 71.033 70.577 70.017 69.971 67.904 66.053 66.311 68.659 67.929 67.705 67.372 67.038
0.000 0.000 0.000 0.000 0.000 0.000 0.000 0.000 0.000 0.000 0.000 0.000 0.000 27.393 65.393 61.393 49.392 62.392 82.391 93.390 46.389 0.000 0.000 0.000 0.000 23.451 47.451 49.451 0.000 0.000 0.000 0.000 0.000 0.000 0.000 0.000 40.451 41.451 53.451 36.451 25.450 39.450 40.450 36.449 43.448 50.447 48.450 41.460 60.479 26.514 42.590 45.722 35.825 47.902 60.930 57.811 0.345 9.054 45.643 62.282 70.878 71.416 70.864 70.789 67.717 67.110 67.084 69.424 68.706 68.492 68.167 67.835 67.476
0.000 0.000 0.000 0.000 0.000 0.000 0.000 0.000 0.000 0.000 0.000 0.000 0.000 17.393 84.393 79.393 69.393 59.392 83.391 91.389 86.387 71.383 26.381 0.000 0.000 0.000 3.451 57.451 41.451 39.451 50.451 45.451 8.451 0.000 0.000 4.451 40.451 39.451 60.451 66.451 55.451 47.451 39.450 36.451 37.451 38.452 37.456 35.463 43.476 4.495 0.000 4.876 41.030 64.185 62.367 1.652 7.743 45.460 59.127 68.771 72.310 71.872 72.648 68.602 68.410 67.904 70.214 69.502 69.296 68.985 68.669 68.319 67.927
0.000 0.000 0.000 0.000 0.000 0.000 0.000 0.000 0.000 0.000 0.000 0.000 0.000 0.000 17.393 56.394 31.394 67.393 86.392 91.390 89.386 87.382 76.378 35.375 0.375 0.000 0.000 13.451 52.451 52.451 65.451 63.451 56.451 51.451 0.000 0.000 7.451 44.451 63.451 70.451 62.451 46.451 35.451 36.452 36.453 36.455 36.458 36.462 40.467 0.000 0.000 0.000 11.235 48.440 17.901 15.165 50.105 54.912 66.656 73.263 73.117 71.359 69.689 70.077 68.807 71.049 70.326 70.114 69.811 69.515 69.199 68.844 68.413
0.000 0.000 0.000 0.000 0.000 0.000 0.000 0.000 0.000 0.000 0.000 0.000 0.000 0.000 0.000 2.395 88.395 88.395 90.394 90.391 89.386 83.380 77.375 48.371 0.000 0.000 0.000 0.000 0.000 20.451 65.451 59.451 74.451 71.451 50.451 29.451 30.451 39.451 61.451 70.451 61.451 44.452 34.452 39.453 38.454 36.456 36.458 36.461 37.463 29.462 0.000 0.000 0.000 0.000 9.632 52.667 55.596 63.453 74.177 74.291 72.653 74.547 72.311 69.850 71.962 71.199 70.956 70.640 70.349 70.060 69.768 69.446 68.010
0.000 0.000 0.000 0.000 0.000 0.000 23.371 46.368 0.000 24.310 64.299 53.286 57.275 32.269 0.000 0.000 24.398 96.398 90.399 87.395 84.387 87.378 78.370 41.365 0.000 0.000 0.000 0.000 0.000 0.000 0.000 9.451 63.451 64.451 15.451 0.000 6.451 43.451 61.451 66.451 56.451 47.452 45.452 7.453 14.455 42.457 36.458 36.460 37.461 43.461 51.461 13.461 0.000 0.000 25.327 58.278 62.171 72.981 75.196 74.829 78.105 76.686 71.192 73.000 72.148 71.841 71.485 71.172 70.879 70.609 70.368 70.163 76.019
0.000 0.000 0.000 0.000 0.000 0.000 23.374 66.365 8.345 58.320 60.301 72.284 55.271 40.262 0.000 0.000 12.400 81.402 93.407 90.402 90.390 91.375 85.361 39.353 0.000 0.000 0.000 0.000 0.000 0.000 0.000 0.000 0.000 48.451 7.451 0.000 2.451 49.451 46.451 58.451 15.451 0.000 0.000 0.000 0.000 8.458 46.459 40.460 3.461 33.461 67.461 50.461 3.461 0.000 30.079 63.917 72.819 75.940 75.696 79.865 79.119 72.547 74.116 73.167 72.774 72.359 72.002 71.677 71.386 71.131 70.930 70.819 75.884
21.636 65.630 55.624 0.000 0.000 0.000 17.386 77.373 53.351 55.325 61.301 85.280 86.262 81.247 35.233 0.000 0.000 0.000 41.426 95.415 90.395 91.371 88.348 47.332 0.000 0.000 0.000 0.000 0.000 0.000 0.000 0.000 0.000 6.451 0.000 0.000 0.000 0.000 0.000 0.000 0.000 0.000 0.000 0.000 0.000 0.000 0.000 21.460 18.460 0.000 0.000 0.000 0.000 19.491 56.908 73.860 75.537 76.469 80.816 80.420 73.576 75.137 74.178 73.725 73.255 72.849 72.482 72.151 71.855 71.600 71.402 71.297 74.363
21.637 77.629 59.619 55.607 0.000 0.000 4.410 69.391 71.360 71.327 83.297 80.271 92.250 91.232 52.219 0.000 0.000 0.000 17.457 97.437 90.405 91.367 88.328 48.295 0.000 0.000 8.856 56.819 68.777 37.749 0.000 0.000 0.000 0.000 0.000 0.000 0.000 0.000 0.000 0.000 0.000 0.000 0.000 0.000 0.000 0.000 0.000 0.000 6.460 0.000 0.000 0.000 17.456 57.963 74.924 75.506 81.736 81.226 74.846 75.410 75.913 75.099 74.635 74.142 73.701 73.296 72.927 72.589 72.283 72.012 71.782 78.605 19.484
85.640 82.629 61.615 62.596 54.566 1.523 59.454 54.421 62.370 75.328 79.288 90.259 91.234 90.211 59.192 0.000 0.000 0.000 16.507 96.471 90.421 91.364 86.301 66.225 50.107 50.999 50.894 58.822 79.764 46.721 0.000 0.000 0.000 0.000 0.000 0.000 0.000 0.000 0.000 0.000 0.000 0.000 0.000 0.000 0.000 0.000 0.000 0.000 0.000 0.000 15.546 46.324 55.832 74.818 76.408 83.072 82.480 75.395 77.117 76.453 75.915 75.462 74.981 74.531 74.105 73.709 73.339 72.995 72.676 72.381 79.110 24.858 0.000
82.645 77.633 75.617 58.596 62.566 62.531 53.493 46.471 0.000 0.000 21.266 80.245 91.217 89.185 74.146 41.092 0.000 3.682 65.592 86.519 91.444 90.367 91.286 81.198 57.096 53.995 52.898 61.813 79.734 62.651 48.537 49.448 53.382 64.341 28.325 0.000 0.000 0.000 0.000 0.000 0.000 0.000 0.000 0.000 0.000 0.000 0.000 0.000 0.000 0.000 26.746 66.587 74.534 77.182 83.951 83.555 76.117 77.789 77.013 76.644 76.206 75.758 75.318 74.890 74.482 74.094 73.726 73.377 73.045 78.727 25.418 0.000 0.000
71.653 23.640 91.624 62.604 56.570 57.541 59.516 59.498 48.495 0.000 0.000 1.230 25.203 96.167 86.115 64.038 55.914 62.771 61.663 63.567 71.471 72.374 59.279 56.184 54.086 53.988 52.891 61.798 76.706 55.612 52.513 57.425 73.357 76.317 61.309 35.309 0.000 0.000 0.000 0.000 0.000 0.000 0.000 0.000 0.000 0.000 0.000 0.000 0.000 17.585 59.431 75.043 77.883 84.518 84.272 76.813 78.459 77.677 77.323 76.897 76.477 76.056 75.639 75.232 74.838 74.459 74.094 73.742 79.400 25.063 0.000 0.000 0.000
17.662 90.649 91.636 77.624 0.000 4.549 64.530 60.510 71.493 62.475 0.000 1.242 4.209 84.167 81.108 66.032 56.934 53.825 53.721 56.616 69.497 77.381 80.271 73.172 63.076 55.979 54.881 70.782 73.682 48.579 52.476 52.381 53.304 57.261 36.285 0.000 0.000 0.000 6.833 0.000 0.000 0.000 0.000 0.000 0.000 0.000 0.000 20.810 52.478 60.334 73.849 85.180 84.795 77.864 78.460 79.029 78.342 77.981 77.562 77.157 76.751 76.348 75.950 75.560 75.180 74.811 75.450 82.097 25.748 0.000 0.000 0.000 0.000
95.671 91.660 91.648 91.633 78.611 61.575 61.546 61.519 52.492 1.451 18.359 25.298 77.238 74.182 77.120 70.047 70.964 70.874 70.781 73.677 68.519 68.383 70.252 74.157 75.066 72.971 68.872 79.768 77.659 65.546 66.432 66.319 68.216 43.138 0.000 0.000 0.000 0.000 7.833 0.000 0.000 0.000 0.000 0.000 0.000 7.694 55.469 56.030 77.043 77.598 86.240 85.763 80.350 80.068 79.459 78.994 78.618 78.209 77.811 77.415 77.023 76.634 76.253 75.878 75.512 76.152 79.798 12.448 0.000 0.000 0.000 0.000 0.000
94.679 90.672 90.662 91.648 88.625 66.594 60.561 61.527 62.490 54.444 3.382 69.322 66.263 67.204 68.142 63.074 67.000 71.925 79.853 64.794 0.000 0.318 15.197 73.139 69.058 68.969 68.868 68.758 68.640 68.516 68.385 68.249 66.102 60.937 33.716 0.000 9.349 53.129 59.833 71.530 41.295 0.000 0.000 0.000 1.574 56.896 67.676 79.597 80.231 86.974 86.639 80.999 80.677 79.944 79.616 79.229 78.834 78.444 78.055 77.670 77.290 76.915 76.548 76.189 76.836 79.489 27.144 0.000 0.000 0.000 0.000 0.000 0.000
80.686 80.685 80.683 91.671 91.648 81.615 57.577 60.538 61.498 61.453 67.402 76.346 60.288 57.230 55.170 62.105 77.039 75.973 60.910 40.852 0.000 0.000 0.000 1.149 58.059 52.977 52.873 52.756 52.628 53.491 56.346 57.188 57.009 55.791 56.496 55.045 54.569 63.206 69.839 67.461 74.060 71.524 66.015 63.502 65.872 77.523 81.046 80.840 87.467 87.250 81.636 81.291 80.544 80.219 79.826 79.442 79.057 78.675 78.296 77.921 77.551 77.187 76.835 77.493 78.156 16.822 0.000 0.000 0.000 0.000 0.000 0.000 0.000
0.000 46.699 58.713 86.704 90.680 71.642 54.594 53.550 61.510 61.470 60.425 54.373 55.314 61.259 78.201 77.139 60.076 53.018 42.964 0.000 62.525 71.463 67.367 68.244 71.117 74.007 72.891 73.765 76.624 75.475 72.318 74.148 68.953 54.721 58.432 57.070 61.676 79.286 85.857 82.417 75.960 70.492 72.039 78.504 83.359 81.800 88.071 87.722 81.620 83.230 81.817 81.157 80.819 80.422 80.039 79.656 79.277 78.903 78.534 78.168 77.805 78.448 76.112 71.791 23.473 0.000 0.000 0.000 0.000 0.000 0.000 0.000 0.563
0.000 0.000 51.767 70.753 81.725 56.678 48.609 55.556 53.522 60.492 61.456 61.405 54.336 71.290 63.236 52.174 55.110 47.057 0.000 71.677 74.587 74.497 76.395 77.279 80.158 84.041 82.921 82.788 82.629 84.466 85.305 83.132 70.936 56.709 58.440 58.127 57.780 60.405 33.884 6.391 95.869 137.469 115.004 80.938 82.458 89.032 88.595 82.066 84.796 82.212 81.770 81.413 81.020 80.635 80.249 79.867 79.491 79.125 78.768 78.413 80.052 74.687 63.377 18.084 0.000 0.000 0.000 0.000 0.000 0.000 0.000 0.809 47.671
4.007 0.000 6.836 27.815 62.791 44.734 0.000 50.544 55.531 55.519 61.504 50.454 0.000 55.328 53.278 55.210 56.133 66.043 79.919 76.766 78.649 84.543 94.435 138.320 135.196 135.078 134.964 134.835 135.640 119.454 51.302 54.139 51.952 59.737 58.493 55.217 52.912 34.671 0.000 0.000 4.674 62.381 79.391 83.986 89.723 89.404 81.663 83.365 82.666 82.363 81.995 81.614 81.232 80.845 80.457 80.070 79.696 79.340 80.000 78.665 70.303 58.871 16.624 0.000 0.000 0.000 0.000 0.000 0.000 0.000 3.969 38.904 59.786
78.008 25.983 14.925 77.882 55.888 0.000 0.000 0.000 49.539 62.548 54.586 0.000 7.502 63.416 54.339 65.257 78.167 78.065 82.947 85.820 78.702 64.590 55.482 51.371 49.226 52.112 53.021 39.950 0.000 56.410 53.312 52.169 55.994 59.795 56.579 48.335 54.980 35.695 0.000 1.963 57.690 74.694 84.413 90.215 89.994 82.245 83.933 83.230 82.938 82.571 82.203 81.827 81.445 81.057 80.662 80.262 79.883 80.537 76.228 64.943 21.623 0.000 0.000 0.000 0.000 0.000 0.000 0.000 0.000 0.000 7.035 56.973 55.885
88.027 96.017 83.997 0.969 12.990 7.100 2.136 1.140 0.000 0.000 58.706 56.684 64.587 61.495 61.406 61.312 78.212 92.103 80.986 60.864 58.746 53.635 55.533 46.454 0.000 58.123 55.057 43.995 0.000 57.463 52.368 53.230 60.062 57.869 55.693 37.563 0.000 2.165 54.401 52.146 68.931 84.837 90.493 83.178 83.745 84.406 83.803 83.510 83.148 82.791 82.422 82.046 81.664 81.277 80.873 81.433 81.035 70.698 55.430 18.257 0.000 0.000 0.000 0.000 0.000 0.000 0.000 5.435 32.387 31.299 46.162 58.069 45.982
78.055 82.060 72.062 0.000 0.000 72.175 65.170 59.144 3.084 10.988 76.847 73.760 60.667 61.573 61.476 62.374 83.265 135.150 128.028 74.905 129.785 50.670 54.561 54.457 56.339 54.199 54.091 53.977 55.817 51.611 51.466 60.323 59.152 55.928 50.761 39.662 0.000 0.928 56.438 63.248 85.241 84.117 90.849 84.224 84.810 84.360 84.071 83.726 83.378 83.018 82.649 82.270 81.887 81.513 83.122 78.561 60.128 46.788 48.539 14.398 0.000 0.000 0.000 0.000 0.000 0.000 0.000 5.483 41.428 46.346 60.247 54.157 44.073
74.086 69.107 13.128 0.000 3.297 55.255 64.224 61.182 79.119 73.035 77.934 85.842 76.749 61.653 61.551 61.442 60.326 54.202 49.073 53.943 50.818 54.699 54.585 54.475 54.362 54.243 54.129 54.007 52.862 57.698 59.562 60.443 44.298 0.000 43.761 0.000 0.000 0.926 60.593 82.499 86.495 91.827 91.371 84.314 84.967 84.610 84.297 83.964 83.616 83.255 82.884 82.499 82.102 80.767 42.539 0.000 0.000 0.000 0.000 0.000 0.000 0.000 0.000 37.907 32.868 31.802 30.710 34.585 43.497 59.411 53.323 44.239 54.159
66.114 57.154 62.214 7.313 60.339 56.323 55.289 73.239 66.175 82.097 91.012 70.924 56.834 54.738 57.633 60.519 61.394 61.259 54.117 52.977 53.845 53.721 54.606 54.497 54.389 59.282 56.175 53.060 53.927 56.755 60.642 49.589 0.000 0.000 0.000 0.000 16.231 136.106 79.845 86.868 84.838 92.231 84.131 86.651 88.135 84.863 84.547 84.216 83.867 83.502 84.135 80.741 68.253 58.916 16.727 0.000 0.000 0.000 0.000 0.000 0.000 0.000 39.991 39.946 39.894 40.827 40.745 41.650 55.563 55.479 39.396 42.316 44.239
41.130 42.182 36.261 60.387 56.422 55.410 66.371 70.312 81.243 88.168 54.091 53.010 53.925 55.831 54.726 51.607 59.472 60.321 61.161 60.004 53.862 52.735 51.621 52.516 58.417 117.322 85.229 65.132 48.029 0.000 62.662 70.682 0.000 0.000 0.000 0.000 60.357 71.250 88.135 86.170 92.936 92.597 85.220 85.750 86.417 85.124 84.814 84.485 84.134 84.751 83.411 36.076 0.000 0.000 0.000 0.000 0.000 0.000 0.000 0.000 0.000 0.152 47.035 42.993 39.936 40.868 38.791 50.708 57.626 41.545 42.466 50.389 48.315
0.000 0.000 0.000 53.553 56.551 58.525 79.471 90.396 104.317 86.243 15.173 72.101 72.024 55.936 55.832 54.710 52.565 55.395 61.200 59.016 59.864 61.737 59.627 57.528 53.440 48.360 53.286 48.209 0.000 0.000 0.000 56.794 48.822 0.000 0.000 2.752 70.591 87.436 87.509 85.524 93.245 84.940 87.443 88.950 85.694 85.404 85.100 84.777 84.434 81.956 36.684 0.000 0.000 0.000 0.000 0.000 0.000 0.000 0.000 0.000 0.000 46.200 16.121 4.055 47.988 37.918 48.843 60.765 48.687 43.609 48.533 52.459 45.387
0.000 0.000 0.000 51.721 57.706 73.666 84.593 132.483 126.386 128.314 134.255 130.199 131.134 56.056 55.958 54.836 54.683 53.493 48.229 57.995 59.842 60.723 58.620 60.531 60.455 61.391 54.348 0.000 0.000 0.000 0.064 57.878 42.850 0.000 0.211 61.903 83.795 87.752 86.740 93.808 93.534 85.997 86.545 87.236 85.974 85.699 85.405 86.088 60.869 0.000 0.000 0.000 0.000 0.000 0.000 0.000 0.000 0.000 58.522 47.472 37.392 41.280 41.193 42.117 42.045 44.972 57.898 54.823 49.747 50.672 48.598 46.526 42.457
17.961 0.000 0.000 52.905 69.884 77.839 83.753 54.556 53.432 52.370 49.335 50.304 50.259 56.194 56.108 71.992 71.838 47.666 0.000 44.891 57.787 59.692 57.600 59.522 59.457 60.403 56.365 0.299 1.205 2.158 56.103 40.991 0.000 0.000 63.303 72.151 89.029 87.943 87.126 94.063 85.670 88.199 90.736 86.514 86.266 86.015 84.732 72.302 31.086 0.000 0.000 0.000 0.000 0.000 44.776 39.754 39.714 39.654 43.572 55.502 58.424 44.336 39.253 41.176 43.102 58.028 56.955 42.881 51.807 52.734 51.662 44.591 40.523
