results4_8e4_rain/res_4e8f-0195.wd
ncols         241
nrows         181
xllcorner     12693529.787448
yllcorner     3542525.717860
cellsize      155.156523
NODATA_value  -9999.000000
[rows 0 to 32 of 181, columns 146 to 218 of 241]
0.000 0.000 0.000 0.000 0.000 0.000 0.000 0.000 0.000 0.000 0.000 0.000 0.000 0.000 5.793 16.644 17.405 17.111 16.787 16.452 16.123 15.815 15.541 15.307 15.116 14.968 14.859 14.783 14.734 14.708 14.696 19.692 0.000 0.000 0.000 0.000 0.000 0.000 0.000 0.000 0.000 0.000 0.000 0.000 0.000 0.000 0.000 0.000 0.000 19.901 26.901 0.000 0.000 46.045 51.045 0.000 0.000 0.000 0.000 0.000 0.000 0.000 0.000 0.000 0.000 0.000 0.000 0.000 0.000 0.000 0.000 0.000 0.000
0.000 0.000 0.000 0.000 0.000 0.000 0.000 0.000 0.000 0.000 0.000 0.000 0.000 1.340 16.942 17.735 17.459 17.141 16.798 16.446 16.101 15.782 17.500 16.264 15.074 14.930 14.825 14.755 14.713 14.693 14.689 19.688 0.000 0.000 0.000 0.000 0.000 0.000 0.000 0.000 0.000 0.000 0.000 0.000 0.000 0.000 0.000 0.000 16.901 38.901 14.901 0.000 25.045 58.045 52.045 0.000 0.000 0.000 0.000 0.000 0.000 0.000 0.000 0.000 0.000 0.000 0.000 0.000 37.041 0.000 0.000 0.000 0.000
0.000 0.000 0.000 0.000 0.000 0.000 0.000 0.000 0.000 0.000 0.000 0.000 0.000 20.573 19.227 17.895 17.554 17.197 16.819 16.432 16.055 17.711 17.414 15.173 14.987 14.851 14.757 14.699 14.669 14.662 16.678 10.683 0.000 0.000 0.000 0.000 0.000 0.000 0.000 0.000 0.000 0.000 0.000 0.000 0.000 0.000 0.000 0.000 28.901 0.000 0.000 20.045 51.045 13.045 0.000 0.000 0.000 0.000 0.000 0.000 0.000 0.000 0.000 0.000 6.042 0.000 0.000 0.000 40.041 12.041 0.000 0.000 0.000
0.000 0.000 0.000 0.000 0.000 0.000 0.000 0.000 0.000 0.000 0.000 0.000 3.088 19.990 18.497 18.063 17.667 17.272 16.850 16.407 16.976 16.591 15.274 15.029 14.850 14.729 14.654 14.614 14.602 20.609 0.000 0.000 0.000 0.000 0.000 0.000 0.000 0.000 0.000 0.000 0.000 0.000 0.000 13.901 0.000 0.000 0.000 12.901 72.901 2.901 0.000 26.045 53.045 0.000 0.000 0.000 0.000 0.000 0.000 0.000 0.000 0.000 12.042 18.042 37.042 0.000 0.000 30.041 39.041 40.041 12.041 0.000 0.000
0.000 0.000 0.000 0.000 0.000 0.000 0.000 0.000 0.000 0.000 0.000 8.175 1.352 3.006 18.711 18.193 17.780 17.375 16.900 16.371 16.850 16.404 15.060 14.817 14.657 14.562 14.515 14.503 15.516 16.562 0.000 0.000 0.000 0.000 0.000 0.000 0.000 0.000 0.000 0.000 0.000 0.000 14.901 37.901 32.901 0.000 0.000 28.901 56.901 0.000 0.000 0.000 53.046 8.046 0.000 0.000 0.000 0.000 0.000 0.000 0.000 0.000 52.042 56.042 58.042 0.034 0.000 43.041 38.041 38.041 48.041 0.000 0.000
0.000 0.000 0.000 0.000 0.000 0.000 0.000 0.000 0.000 0.000 10.896 3.497 1.866 1.292 1.423 16.218 17.883 17.549 17.005 18.327 17.651 15.115 14.747 14.521 14.398 14.346 14.342 14.366 20.397 0.000 0.000 0.000 0.000 0.000 0.000 0.000 0.000 0.000 0.000 0.000 0.000 0.000 0.000 17.901 38.902 30.902 28.902 10.901 41.901 14.901 0.000 0.000 38.046 51.046 42.046 40.046 49.046 0.000 0.000 0.000 0.000 0.000 52.042 54.042 59.042 38.042 27.041 44.041 47.041 0.000 0.000 0.000 12.037
0.000 0.000 0.000 0.000 0.000 0.000 0.000 0.000 0.000 0.000 7.294 3.999 3.630 3.134 0.443 0.634 10.986 18.934 18.244 18.279 15.311 14.657 14.293 14.122 14.067 14.083 14.140 14.221 9.309 0.000 0.000 0.000 0.000 0.000 34.911 67.911 1.911 0.000 7.911 48.911 0.000 0.000 0.000 14.902 38.902 51.902 86.902 48.902 49.902 20.901 0.000 0.000 35.046 54.046 39.046 35.046 52.046 0.000 0.000 0.000 0.000 0.000 39.043 45.042 41.042 41.042 45.041 48.041 56.041 0.000 0.000 0.000 35.037
0.000 0.000 0.000 0.000 0.000 0.000 0.000 0.000 0.000 30.544 30.989 7.564 3.177 3.416 3.067 0.799 0.372 5.956 18.756 16.235 14.659 13.908 13.646 13.608 13.667 13.777 14.916 12.069 0.000 0.000 0.000 0.000 0.000 0.000 9.911 55.911 62.911 44.911 36.911 8.911 0.000 0.000 0.000 0.000 0.000 12.902 79.902 58.902 5.902 0.000 0.000 0.000 0.000 47.046 62.046 60.046 62.046 54.046 46.045 49.045 48.044 57.044 61.043 58.043 59.042 59.042 54.041 49.041 46.041 0.000 0.000 0.000 0.000
0.000 0.000 0.000 0.000 0.000 0.000 0.000 0.000 24.659 42.100 43.553 33.061 9.645 2.061 3.073 0.843 2.804 8.130 6.590 16.247 13.181 12.671 12.775 12.995 13.215 14.443 14.680 0.000 0.000 0.000 0.000 0.000 0.000 0.000 0.000 7.911 53.911 63.911 68.911 7.911 0.000 0.000 0.000 0.000 0.000 8.902 51.902 43.902 48.902 15.902 0.000 0.000 31.047 59.047 44.046 38.046 45.046 57.046 45.045 44.045 53.044 62.044 49.043 45.043 48.042 54.042 60.041 62.041 60.040 46.040 37.039 20.039 29.038
0.000 0.000 0.000 0.000 0.000 0.000 0.000 20.788 30.219 45.643 43.061 43.482 35.903 12.332 1.207 4.758 14.295 6.469 2.254 3.043 6.146 10.819 11.788 12.384 12.755 18.099 0.000 0.000 0.000 0.000 0.000 0.000 7.912 5.912 0.000 0.000 20.911 66.911 19.911 0.000 0.000 0.000 0.000 0.000 0.000 47.903 57.902 33.902 49.902 69.901 9.901 0.000 37.047 61.047 40.047 34.047 37.046 50.046 39.046 39.045 41.045 43.044 40.044 41.043 35.042 39.042 45.041 46.041 44.040 53.040 55.039 58.039 66.038
0.000 0.000 0.000 0.000 0.000 0.000 25.915 24.358 47.785 44.191 43.568 42.902 43.153 38.208 20.713 12.429 8.116 0.000 0.049 4.370 2.161 3.353 11.174 11.997 17.323 0.000 0.000 0.000 0.000 0.000 0.000 2.912 44.912 3.912 0.000 0.000 27.911 67.911 6.911 0.000 0.000 0.000 0.000 0.000 42.904 86.904 19.903 22.902 44.901 71.901 11.901 0.000 34.047 59.047 39.047 32.047 35.047 37.046 33.046 32.045 39.045 55.044 38.044 34.043 48.043 44.042 41.041 48.041 48.040 51.040 60.039 64.038 51.038
0.000 0.000 0.000 0.000 0.000 29.961 18.472 46.942 45.374 44.768 44.117 43.406 42.598 42.634 39.436 25.132 4.430 0.354 0.071 46.251 4.533 0.081 0.105 14.109 10.216 0.000 0.000 0.000 0.000 0.000 0.000 2.912 40.912 35.912 44.912 56.912 60.912 50.912 0.000 0.000 5.908 41.907 56.907 61.906 85.905 41.905 0.000 0.000 46.901 34.901 0.000 0.000 37.048 64.048 51.048 35.047 83.047 111.047 60.046 36.046 52.045 99.045 51.044 28.043 93.043 66.042 41.041 48.041 50.040 40.040 49.039 62.038 45.038
0.000 0.000 0.000 0.000 0.000 19.451 41.070 47.565 46.001 45.389 44.728 44.005 43.202 42.291 42.277 41.186 30.362 4.969 50.850 47.907 0.369 0.153 0.054 0.059 0.000 0.000 0.000 0.000 0.000 0.000 5.912 39.912 35.912 40.912 54.912 64.912 48.912 35.912 0.911 0.000 3.908 50.908 49.907 45.906 84.906 44.905 0.000 0.000 25.900 17.900 0.000 30.049 58.048 60.048 54.048 42.048 41.047 74.047 115.047 53.046 46.046 103.045 54.044 28.044 100.043 70.042 33.042 35.041 41.040 32.040 46.039 45.038 33.038
0.000 0.000 0.000 0.000 23.974 34.321 49.791 47.249 46.674 46.059 45.399 44.686 43.909 43.069 42.110 41.371 40.231 52.580 52.254 1.015 0.507 9.616 0.000 0.000 0.000 0.000 0.000 0.000 0.912 55.912 58.912 40.912 39.912 54.912 64.912 50.912 33.912 35.911 35.911 33.910 31.909 43.908 46.907 56.907 96.906 30.906 0.000 0.000 62.900 12.900 0.000 27.049 57.049 57.049 44.049 36.048 32.048 42.048 39.047 79.047 110.046 127.045 108.045 97.044 123.043 117.042 108.042 54.041 34.040 51.039 46.039 35.038 30.037
0.000 0.000 0.000 25.163 34.627 52.068 48.523 47.967 47.387 46.774 46.124 45.429 44.697 43.856 43.311 40.943 52.617 52.613 36.816 19.116 6.275 0.000 0.000 0.000 0.000 0.000 0.000 0.000 41.912 8.912 0.000 19.912 57.912 61.913 53.913 38.913 4.913 0.000 2.910 37.910 33.909 43.908 42.908 65.907 62.906 0.000 0.000 4.899 65.899 11.900 0.000 25.049 55.049 67.049 46.049 52.049 75.049 52.048 34.048 58.047 81.047 115.046 81.045 61.044 109.043 99.043 74.042 43.041 29.040 100.039 68.039 40.038 30.037
0.000 0.000 0.000 30.698 50.304 49.801 49.266 48.710 48.132 47.527 47.890 47.230 45.471 45.047 42.472 52.682 52.627 40.393 42.012 39.631 23.591 4.589 0.000 0.000 0.000 0.000 0.000 43.911 12.912 0.000 0.000 0.000 25.913 57.913 35.913 33.914 39.914 2.915 0.000 38.911 36.910 42.909 43.908 65.907 61.906 0.000 0.000 25.899 72.899 8.899 0.000 27.050 58.050 61.050 42.050 42.050 88.050 123.049 72.049 40.048 56.047 103.046 63.045 30.045 96.044 83.043 41.042 33.041 26.040 107.039 71.039 43.038 44.037
0.000 0.000 31.311 48.627 52.091 50.565 50.028 49.476 48.905 49.310 47.701 47.000 46.660 44.088 53.123 52.834 41.895 42.746 41.744 32.092 12.838 0.000 0.000 0.000 0.000 0.000 0.000 39.911 13.911 0.000 0.000 0.000 0.000 0.000 0.000 38.915 35.915 34.915 36.914 38.912 34.911 42.909 44.908 56.906 52.904 14.902 33.900 66.899 17.899 0.000 0.000 27.050 54.051 60.051 46.051 31.051 33.051 58.050 45.050 27.049 45.048 100.047 56.046 22.045 93.044 78.043 36.042 32.041 28.040 106.039 71.039 43.038 34.037
0.000 30.586 43.994 53.409 51.868 51.339 50.806 50.262 50.699 50.128 48.469 48.181 45.616 54.068 53.544 43.564 44.564 42.445 29.636 0.000 0.000 0.000 0.000 0.000 0.000 0.000 0.000 0.000 13.911 0.000 0.000 0.000 0.000 0.000 0.000 0.000 42.917 52.917 63.916 51.914 40.912 44.910 41.908 46.906 39.904 58.901 76.900 64.898 10.897 0.000 0.000 26.051 52.051 57.051 63.052 61.052 49.052 39.051 52.051 84.050 103.049 124.048 104.046 87.045 121.044 114.043 96.042 56.041 29.040 104.039 76.039 48.038 35.037
27.658 39.178 53.670 53.149 52.632 52.117 51.596 52.062 51.524 49.900 49.650 47.101 55.299 54.662 45.136 46.285 47.227 25.485 0.000 0.000 0.000 0.000 0.000 0.000 0.000 0.000 0.000 0.000 0.000 0.000 0.000 0.000 0.000 0.000 0.000 0.000 40.920 44.919 62.918 21.915 1.913 51.911 42.909 45.906 41.903 29.901 48.898 63.897 50.896 9.895 0.000 0.000 17.052 60.052 62.053 55.054 43.053 52.053 103.052 94.051 75.050 76.048 77.047 77.046 77.044 78.043 80.042 51.041 31.040 103.039 79.039 42.038 36.037
31.139 54.798 54.358 53.883 53.396 52.901 52.396 51.890 51.299 51.084 48.554 56.641 55.962 46.607 47.824 46.813 42.300 1.761 0.000 0.000 0.000 0.000 0.000 0.000 0.000 0.000 0.000 0.000 0.000 0.000 0.000 0.000 0.000 0.000 0.000 0.000 41.923 52.922 36.921 0.000 5.914 48.912 45.909 12.906 2.903 33.899 47.896 62.895 59.894 28.894 0.000 0.000 0.000 0.000 29.056 44.056 28.055 89.054 90.053 39.052 45.051 87.049 58.047 30.046 76.045 66.043 46.042 44.041 35.040 103.039 74.038 31.038 32.037
48.959 56.519 55.081 54.629 54.167 54.693 53.220 52.666 52.490 49.986 58.019 57.327 46.985 49.236 48.230 48.607 17.945 0.000 0.000 0.000 0.000 0.000 0.000 0.000 0.000 0.000 0.000 0.000 0.000 0.000 0.000 0.000 0.000 0.000 0.000 8.930 61.928 59.925 63.923 60.921 56.917 56.914 50.911 9.907 2.902 33.897 46.893 64.892 71.892 34.893 0.000 0.000 0.000 0.000 23.059 36.058 56.057 103.056 66.055 26.054 94.052 95.050 44.048 31.046 52.045 108.043 67.042 35.041 35.040 98.039 116.038 103.037 108.036
58.655 56.238 55.817 55.387 54.945 56.506 53.989 53.859 51.394 59.413 58.713 42.296 46.503 50.562 47.030 24.309 0.000 0.000 0.000 0.000 0.000 0.000 0.000 0.000 0.000 0.000 0.000 0.000 0.000 0.000 0.000 0.000 0.000 0.000 0.000 60.933 59.931 60.928 62.925 61.922 59.918 60.915 53.912 8.910 0.000 34.893 46.889 69.886 42.889 0.000 0.000 0.000 0.000 21.064 51.062 30.061 95.060 89.059 33.057 89.056 102.054 51.051 39.048 42.046 37.044 68.043 107.042 64.041 27.041 98.040 101.039 75.037 17.035
49.336 55.959 56.564 56.153 55.744 55.258 55.172 52.746 60.770 60.115 25.530 30.708 33.592 52.263 35.887 0.000 0.000 0.000 0.000 0.000 0.000 0.000 0.000 50.415 39.415 0.000 0.000 0.000 0.000 0.000 0.000 0.000 0.000 0.000 0.000 37.938 31.936 34.932 38.928 33.924 32.920 31.917 33.913 37.910 31.904 24.893 39.882 18.876 0.000 0.000 0.000 0.000 0.000 23.066 46.065 37.064 38.062 38.061 30.059 51.058 52.057 0.000 0.000 13.045 43.044 36.043 58.042 51.041 33.041 66.040 14.039 0.000 12.034
28.054 43.700 56.322 58.941 56.478 56.423 54.004 61.898 61.376 34.696 0.000 44.048 0.000 55.884 24.387 0.000 0.000 0.000 0.000 0.000 0.000 0.000 0.000 57.416 51.415 0.000 0.000 0.000 0.000 0.000 0.000 0.000 0.000 23.975 0.000 38.946 34.942 34.936 34.930 34.926 34.922 34.918 34.915 36.912 14.909 0.000 9.871 40.860 10.849 0.000 0.000 0.000 24.070 55.069 43.068 42.067 34.065 35.063 35.061 33.060 47.059 7.059 0.000 0.000 14.043 39.043 34.042 47.041 46.041 0.000 0.000 0.000 12.034
19.818 27.461 50.103 54.677 57.634 55.173 62.679 62.330 41.583 17.389 0.000 60.701 58.602 45.014 0.000 0.000 0.000 0.000 0.000 0.000 0.000 0.000 60.422 66.417 37.413 0.000 0.000 0.000 0.000 0.000 0.000 0.000 0.000 40.976 38.970 35.958 34.949 31.939 35.932 35.927 35.923 35.919 35.916 38.913 11.912 0.000 0.000 38.843 38.839 8.834 0.000 0.000 9.072 42.072 35.071 34.070 33.068 33.066 33.063 33.061 34.060 43.059 0.000 0.000 0.000 7.042 40.042 43.041 41.041 0.000 0.000 0.000 36.033
23.604 34.235 38.857 36.757 48.311 63.089 62.933 46.572 25.334 18.836 0.000 40.428 53.094 26.554 0.000 0.000 0.000 0.000 48.463 54.460 46.453 44.440 53.426 46.417 36.409 0.000 0.000 0.000 0.000 0.000 0.000 0.000 0.000 38.981 35.976 34.967 8.958 0.000 40.931 34.928 34.923 34.919 34.916 35.914 9.913 0.000 0.000 39.830 38.829 9.828 0.000 0.000 39.073 35.075 35.075 35.074 34.072 34.068 38.065 0.000 5.060 8.059 0.000 0.000 0.000 0.000 40.041 35.041 35.041 36.041 0.000 8.033 38.033
35.349 48.987 24.703 23.575 63.154 63.151 49.569 36.294 32.629 37.468 0.000 7.490 42.792 0.000 0.000 0.000 0.000 44.470 48.467 50.463 48.460 0.000 0.000 0.000 48.395 32.382 0.000 0.000 0.000 0.000 0.000 0.000 7.002 48.993 45.985 20.977 0.000 0.000 53.933 39.929 35.924 34.919 38.915 15.914 0.000 14.808 52.810 33.818 37.821 9.822 0.000 0.000 0.000 40.080 35.079 39.079 6.078 0.000 0.000 0.000 0.000 0.000 0.000 0.000 0.000 0.000 40.041 35.041 35.041 40.041 0.000 0.000 12.033
56.058 44.642 24.705 20.202 63.118 24.614 30.339 32.565 36.239 54.821 64.270 52.251 0.000 0.000 0.000 0.000 42.477 36.473 42.470 57.467 56.464 0.000 0.000 0.000 0.000 49.368 0.000 0.000 0.000 35.048 0.000 0.000 51.011 50.003 55.993 48.980 13.966 67.953 64.940 62.932 60.924 52.917 33.912 20.913 0.000 28.805 81.806 35.810 36.813 10.818 0.000 0.000 0.000 45.085 31.085 36.084 7.083 0.000 0.000 0.000 0.000 0.000 0.000 0.000 0.000 36.041 38.041 40.041 34.041 39.041 0.000 0.000 9.033
64.647 51.743 34.044 62.717 20.642 22.427 21.593 21.233 30.798 58.330 53.735 24.993 0.000 0.000 41.485 7.484 49.480 41.476 52.473 47.469 26.467 0.000 0.000 0.000 0.000 53.355 29.351 0.000 0.000 31.048 39.048 43.042 45.027 47.016 37.004 33.983 41.965 41.953 61.943 44.933 38.924 36.913 16.903 0.000 4.811 23.802 91.798 47.802 13.805 0.000 0.000 0.000 3.091 58.091 31.090 38.088 10.087 0.000 0.000 0.000 0.000 0.000 0.000 0.000 15.041 38.041 53.041 51.041 44.041 3.041 0.000 0.000 10.032
62.706 60.948 62.294 39.577 27.479 23.620 23.254 21.828 28.415 43.962 39.349 0.000 0.000 0.000 44.487 65.486 60.483 61.480 43.476 0.000 0.000 0.000 0.000 0.000 44.342 35.346 27.347 0.000 0.000 0.000 43.055 47.049 47.040 47.031 31.024 0.000 37.958 38.951 62.944 48.936 42.925 28.907 35.885 50.852 70.819 59.795 83.782 48.794 12.800 0.000 0.000 0.000 0.000 56.098 32.096 33.093 38.090 0.000 0.000 0.000 0.000 0.000 0.000 0.000 0.000 8.041 57.041 54.041 7.041 0.000 0.000 0.000 6.032
60.788 62.237 61.438 60.449 42.592 22.239 22.822 23.436 22.066 24.756 0.000 0.000 0.000 0.000 60.490 50.489 48.487 44.483 0.000 0.000 0.000 0.000 0.000 45.338 36.339 32.340 15.343 0.000 0.000 0.000 43.067 51.061 60.052 59.044 61.038 49.039 0.000 6.949 65.947 49.940 23.933 0.000 38.876 48.853 75.819 37.778 21.740 0.000 0.000 0.000 0.000 0.000 9.116 47.108 34.102 35.096 38.091 11.088 0.000 0.000 0.000 0.000 0.000 0.000 0.000 0.000 14.041 15.041 0.000 0.000 0.000 0.000 7.032
62.243 61.219 63.331 63.493 47.162 23.760 26.386 26.022 23.660 24.238 0.000 40.497 0.000 6.496 54.494 54.494 61.493 0.000 0.000 19.407 7.407 0.000 0.000 40.337 34.334 28.332 0.000 0.000 0.000 0.000 41.085 42.076 44.064 43.054 41.045 33.039 0.000 0.000 67.954 53.946 38.933 1.915 37.890 48.864 72.827 28.755 24.661 7.596 0.000 0.000 0.000 0.000 9.123 54.117 33.109 35.099 35.091 36.084 40.079 12.077 0.000 0.000 0.000 0.000 0.000 0.000 0.000 0.000 0.000 0.000 0.000 0.000 0.000
61.932 64.131 63.321 64.019 37.637 28.280 47.936 41.607 23.314 1.003 0.000 37.497 52.497 57.497 43.497 64.498 56.498 0.000 0.000 33.408 64.407 16.402 0.000 41.338 35.330 32.322 0.000 0.000 49.166 45.145 41.113 43.093 48.076 48.062 46.048 57.035 49.016 8.995 67.971 59.955 59.940 51.923 32.904 50.886 58.870 0.000 27.554 10.531 0.000 0.000 0.000 0.000 19.137 58.127 30.116 32.101 33.088 34.080 39.076 11.075 0.000 0.000 0.000 0.000 0.000 0.000 0.000 0.000 0.000 0.000 0.000 0.000 0.000
