results4_8e4_rain/res_4e8f-0126.wd
ncols         241
nrows         181
xllcorner     12693529.787448
yllcorner     3542525.717860
cellsize      155.156523
NODATA_value  -9999.000000
[rows 33 to 65 of 181, columns 146 to 218 of 241]
63.158 62.383 62.118 62.767 29.440 41.125 62.827 56.533 35.142 0.000 0.000 29.569 5.569 10.570 26.573 51.582 38.582 4.581 0.000 0.000 43.407 51.382 9.339 36.288 28.248 29.203 33.133 42.063 59.986 50.929 45.876 40.832 41.796 41.764 40.735 39.707 38.676 46.641 56.603 48.574 48.547 46.518 25.485 39.455 47.418 0.000 17.663 22.600 46.489 44.388 49.291 59.192 52.090 47.036 2.012 0.000 29.927 29.942 36.946 14.938 0.000 0.000 0.000 0.000 0.000 0.000 0.000 0.000 0.000 0.000 0.000 0.000 0.000
63.082 62.837 62.500 63.182 40.872 58.583 61.330 55.150 0.000 0.000 7.568 31.568 0.000 0.000 0.000 35.604 35.596 43.579 6.546 56.499 44.440 31.394 40.346 31.296 29.247 29.195 28.134 30.070 58.005 55.948 55.897 57.851 50.812 52.777 51.745 51.713 51.682 52.650 56.618 54.590 55.564 50.540 27.518 26.503 0.000 0.000 14.579 28.543 36.479 31.386 37.291 50.197 50.107 48.063 6.043 0.000 0.000 34.974 6.976 0.000 0.000 0.000 0.000 0.000 0.000 37.039 36.039 38.039 28.038 31.038 0.000 0.000 0.000
63.533 63.205 62.892 62.583 62.285 63.006 54.759 41.586 0.000 0.000 0.000 0.000 0.000 0.000 0.000 32.633 29.620 42.595 47.558 39.512 48.460 46.408 27.357 28.304 29.251 29.195 41.137 45.077 49.018 41.962 38.911 48.865 22.824 29.787 24.753 24.720 24.689 27.659 53.630 42.603 40.580 42.560 27.544 29.537 9.546 0.000 24.532 81.516 6.497 0.000 0.000 0.000 51.080 50.065 9.054 0.000 0.000 32.004 29.009 31.026 29.035 37.040 43.041 35.041 57.041 64.040 62.039 47.039 27.038 26.038 30.037 0.003 0.000
63.900 63.588 63.277 62.973 63.679 58.396 40.113 30.849 39.849 0.000 0.000 0.000 0.000 0.000 0.000 29.676 28.656 31.623 27.581 38.531 41.478 44.423 33.368 28.312 28.256 28.199 53.142 59.084 41.027 34.972 34.921 35.874 32.832 32.794 32.759 33.726 36.695 33.666 54.639 46.614 44.593 44.575 26.562 40.555 66.555 0.000 16.501 69.491 0.000 0.000 0.000 1.068 51.068 49.062 27.056 32.050 30.043 28.030 28.029 28.035 27.040 34.043 41.044 28.042 46.041 64.041 60.040 40.039 25.038 25.038 30.037 0.000 0.000
64.283 63.965 63.655 63.353 60.063 45.785 34.449 0.000 0.000 0.000 0.000 34.143 0.000 3.032 0.000 28.739 29.705 29.661 28.610 28.555 34.498 27.439 27.380 29.321 28.262 27.204 51.147 48.091 56.035 59.979 58.925 53.879 49.837 51.799 47.764 51.731 51.700 52.671 56.645 54.622 55.602 51.586 26.574 38.567 60.564 0.000 11.479 72.457 0.000 0.000 0.000 0.000 48.063 51.060 30.056 28.053 28.048 28.044 28.043 28.044 27.047 34.048 43.049 0.000 0.000 22.042 65.041 41.040 25.039 25.038 29.037 0.000 0.000
64.661 64.336 64.024 63.722 53.435 35.232 0.000 0.000 0.000 0.000 32.169 35.143 48.097 48.033 35.948 28.836 28.765 29.704 29.644 28.582 27.519 28.456 28.392 28.329 27.268 36.209 55.152 34.097 48.044 24.982 57.923 47.879 46.839 46.801 43.766 48.733 49.703 49.675 56.649 54.627 51.608 51.593 26.581 40.574 59.571 0.000 0.000 65.403 0.000 0.000 0.000 0.000 52.061 51.059 27.057 29.056 28.055 29.054 29.054 29.054 30.054 38.054 18.054 0.000 0.000 23.044 65.043 46.041 33.039 27.038 30.037 0.000 0.000
65.034 64.695 65.381 58.078 45.721 35.476 0.000 0.000 0.000 0.000 29.195 46.164 40.116 29.053 30.976 30.891 28.816 27.747 29.679 28.611 29.541 29.472 29.404 28.337 28.272 48.211 48.154 48.102 48.062 0.000 29.906 27.875 28.838 28.801 29.766 33.733 36.703 34.675 54.650 48.629 42.610 44.596 27.585 39.578 58.575 0.000 0.000 38.348 29.326 0.000 0.000 0.000 46.060 29.059 0.000 24.058 30.061 34.064 41.064 41.064 41.063 43.061 15.060 0.000 7.052 71.048 64.045 66.042 54.039 29.037 30.036 0.000 0.000
65.393 65.030 64.726 50.489 2.187 0.000 0.000 0.000 0.000 7.299 45.251 40.204 30.149 31.086 31.014 30.937 30.862 28.788 27.715 27.640 29.564 28.488 28.414 27.342 29.274 44.210 35.150 44.095 45.042 3.979 3.921 43.877 42.837 42.800 42.764 44.731 44.701 45.673 57.649 53.627 48.609 50.595 26.585 35.578 63.576 0.000 0.000 97.315 66.304 33.287 20.279 0.000 0.000 0.000 0.000 0.000 27.069 36.076 40.077 39.074 42.071 44.068 30.065 35.062 51.056 66.051 64.047 64.043 52.040 29.036 29.033 5.029 0.000
65.718 66.307 58.005 40.836 0.000 0.000 0.000 0.000 0.000 52.347 46.305 30.252 31.192 31.127 31.056 30.982 30.906 30.830 27.752 28.671 28.587 28.503 29.421 28.343 28.271 31.204 36.143 48.086 35.030 46.974 51.922 44.876 53.835 43.796 44.760 47.727 46.696 45.669 55.644 51.623 39.605 38.591 27.581 34.575 63.574 0.000 0.000 88.295 78.288 55.278 24.271 0.000 0.000 0.194 0.000 0.000 0.000 47.096 39.091 33.086 30.081 45.075 32.070 34.065 42.060 63.054 65.049 63.044 49.040 29.035 26.031 30.026 24.022
73.965 71.474 44.150 34.015 0.000 0.000 0.000 30.584 44.532 45.438 39.370 34.307 31.242 31.173 31.102 31.027 29.951 32.873 37.792 33.704 28.611 29.516 28.425 28.339 28.262 28.194 35.132 36.074 34.020 40.967 39.917 34.871 46.829 26.790 34.754 41.720 40.689 34.661 53.636 46.615 26.597 25.583 28.573 30.568 34.571 0.000 0.000 66.280 46.276 83.268 69.256 5.237 6.220 57.203 31.186 29.168 29.147 31.121 42.107 36.098 4.090 57.083 45.076 41.070 39.063 50.057 66.051 58.045 41.040 30.035 26.029 33.023 57.017
0.000 0.000 23.105 41.060 0.000 0.000 32.693 42.636 56.575 40.502 39.432 39.364 32.295 31.223 31.150 31.075 37.999 45.920 46.838 38.745 33.635 28.527 27.423 28.325 32.245 29.178 28.117 27.061 33.007 33.956 32.908 33.863 35.820 28.781 34.745 39.711 41.679 37.651 53.626 47.604 29.585 28.570 28.560 24.554 0.000 0.000 0.000 22.271 41.267 41.260 75.249 90.235 83.220 51.204 37.187 38.170 38.152 41.134 63.119 81.108 90.098 89.089 91.082 90.074 84.067 78.060 70.053 53.046 36.040 27.034 28.028 41.022 60.015
16.211 0.000 0.000 0.000 0.000 3.805 35.750 55.693 47.630 50.562 47.492 37.422 30.350 31.276 31.200 42.124 47.048 42.972 37.894 34.803 37.657 32.533 32.416 28.293 33.217 27.155 28.098 29.044 27.992 27.943 27.896 27.851 26.809 27.770 27.733 31.699 37.667 36.638 54.612 48.589 27.569 28.554 28.542 27.535 2.528 0.000 0.000 26.266 52.263 41.256 43.247 58.234 69.220 79.205 81.190 87.174 90.158 90.142 89.129 85.116 76.106 74.096 76.087 79.078 81.070 82.062 80.055 84.048 76.041 43.034 30.027 49.021 66.014
55.320 13.298 0.000 0.000 0.942 36.859 52.811 45.754 37.691 45.624 49.553 50.481 40.406 29.330 39.252 48.174 38.098 30.027 29.963 31.916 0.000 0.532 0.000 25.213 29.175 31.127 31.076 28.026 27.976 28.928 27.881 27.837 27.796 28.756 27.719 27.684 27.652 30.622 47.595 46.571 28.550 28.533 28.521 29.515 30.521 0.000 0.000 25.264 43.261 44.256 56.247 43.235 23.222 27.207 63.193 87.179 71.164 66.150 69.136 62.124 48.113 37.102 28.092 26.082 27.073 37.065 35.057 30.049 69.041 84.034 62.026 60.020 64.013
0.000 28.276 6.259 0.187 36.010 45.943 52.883 36.821 39.756 37.688 35.617 43.543 48.466 43.385 47.303 36.221 30.143 31.073 31.016 38.982 0.000 0.000 0.000 22.171 31.143 42.102 43.055 38.006 33.958 35.910 31.865 30.821 28.780 27.740 27.703 28.668 27.635 27.604 30.576 39.550 27.528 27.508 28.493 27.483 0.000 0.000 0.000 6.264 4.264 58.259 42.250 27.238 41.224 43.210 89.197 70.183 53.170 35.156 26.143 27.131 28.119 29.108 29.097 29.086 28.077 26.067 25.058 26.050 34.042 71.034 79.026 64.018 63.012
0.000 15.270 38.245 40.186 39.093 54.021 38.956 32.891 34.825 33.756 30.684 29.608 44.528 51.443 54.355 42.265 32.181 29.108 37.046 3.014 0.000 0.000 0.000 25.156 35.126 42.083 43.036 42.987 44.939 52.892 50.847 46.803 44.762 40.723 34.685 29.649 27.616 28.584 27.554 32.527 25.502 26.479 27.460 29.442 50.417 0.000 0.000 0.000 20.272 62.266 22.257 31.244 22.226 61.211 79.201 39.188 27.176 29.163 29.150 29.137 29.125 29.113 26.101 26.090 25.079 26.069 26.060 26.051 42.042 57.034 30.025 90.016 62.010
0.000 15.289 38.266 31.220 50.156 50.091 45.028 35.963 29.897 30.828 31.755 42.678 45.595 37.505 40.407 49.305 50.207 40.131 0.000 0.000 0.000 0.000 30.225 36.172 40.121 39.069 40.018 39.968 37.919 44.872 45.827 45.784 46.743 43.703 42.666 43.629 34.595 29.561 30.530 27.501 28.473 27.448 26.426 28.407 43.392 0.000 0.000 0.000 20.287 64.277 26.267 2.255 0.000 7.209 46.207 28.194 29.181 27.169 27.157 27.144 26.131 25.118 26.105 26.093 25.082 26.071 25.061 24.051 27.043 23.034 19.024 83.013 92.006
0.000 12.330 32.310 42.271 52.219 43.162 43.101 45.037 42.972 33.903 39.831 48.754 37.669 30.574 29.464 35.340 45.212 52.079 15.912 7.750 33.586 33.426 28.279 37.186 42.116 43.056 39.000 38.947 30.896 27.849 27.805 27.763 26.722 24.683 31.645 45.608 44.572 43.538 38.505 29.473 27.443 28.414 27.389 27.367 28.353 0.000 0.000 0.000 35.312 2.289 6.278 0.000 0.000 0.000 25.223 5.201 8.186 25.177 24.165 24.151 25.137 27.123 27.109 27.096 26.084 26.073 24.062 24.052 25.043 13.037 0.000 3.006 86.000
0.000 11.393 35.372 54.336 45.289 42.235 42.176 43.114 42.049 43.982 48.912 37.837 31.754 31.657 31.536 30.380 31.220 37.062 53.907 51.752 30.582 29.415 28.278 29.177 41.101 39.038 49.981 37.922 30.871 28.825 29.782 28.740 33.700 41.661 37.623 31.585 37.549 47.513 44.478 43.443 34.410 27.378 27.348 28.321 26.301 0.000 0.000 35.372 23.360 0.000 0.000 37.300 32.297 31.285 23.262 0.000 0.000 30.186 27.174 27.159 27.143 27.128 27.113 27.099 27.086 27.074 27.062 26.051 27.041 29.033 19.025 0.000 27.993
0.000 24.476 49.450 45.412 34.366 39.313 44.256 39.194 45.130 51.063 42.998 30.929 29.854 31.765 31.642 35.423 36.228 30.041 40.904 36.768 33.575 30.374 27.239 34.144 38.073 40.016 30.962 57.891 45.841 35.798 27.757 33.716 52.677 62.638 55.600 32.562 34.525 37.487 41.450 46.413 44.377 40.341 29.304 26.268 33.228 39.177 0.000 10.384 31.396 0.000 0.000 7.303 27.307 27.296 27.279 32.263 31.239 27.208 26.187 27.168 27.149 27.132 27.116 27.101 27.087 27.074 27.062 27.050 26.039 26.028 27.017 30.003 25.992
11.647 45.585 51.541 36.497 31.449 33.396 35.339 46.278 50.213 61.143 60.086 53.029 41.968 30.905 33.846 0.698 0.000 28.970 34.899 31.843 0.000 28.268 32.162 49.088 48.031 50.989 0.000 22.837 62.806 56.769 42.731 48.692 66.654 66.616 64.578 33.539 39.501 39.462 41.423 29.383 38.343 44.303 43.262 42.217 55.168 64.125 0.000 0.000 21.445 46.495 0.000 0.000 50.330 31.314 31.293 31.271 31.247 32.221 26.198 25.176 29.155 26.135 26.118 26.102 26.088 27.074 26.061 25.048 25.036 25.024 25.013 25.001 23.989
10.710 56.675 42.632 31.586 31.536 31.483 44.426 42.366 59.302 74.208 71.175 68.132 63.086 54.042 45.011 0.000 0.000 0.000 22.878 33.863 0.000 0.000 25.052 43.017 41.972 56.922 28.854 29.814 62.778 67.741 63.705 62.668 65.631 65.593 66.555 45.517 37.477 39.437 39.396 29.354 38.310 32.267 51.222 22.173 61.100 83.031 53.930 23.869 0.000 24.544 0.000 26.411 86.370 39.338 41.309 41.282 37.256 38.230 30.207 25.185 7.158 26.136 26.119 29.103 32.088 42.073 32.059 27.046 28.033 28.021 28.009 27.997 27.986
42.807 46.772 40.727 38.679 33.628 45.574 39.517 52.457 30.420 0.378 51.274 70.240 69.200 70.166 53.144 0.000 0.000 0.000 16.873 39.868 0.000 0.000 21.978 36.955 31.917 58.874 69.827 69.786 65.750 65.714 65.679 66.644 65.608 65.571 65.534 59.495 34.455 36.414 34.370 29.325 40.278 41.231 44.188 1.118 46.030 81.970 51.891 69.808 30.697 16.594 28.527 84.452 72.400 44.359 38.324 40.293 34.264 28.238 26.215 24.198 0.000 32.132 40.119 48.103 55.087 64.072 53.058 33.044 27.030 28.017 28.005 27.993 27.981
53.941 42.880 42.826 38.774 45.722 42.670 45.612 69.525 56.505 39.487 60.404 69.352 68.310 67.277 47.256 0.000 0.000 0.000 0.000 0.000 0.000 0.000 27.928 36.906 47.870 63.831 65.792 65.755 65.721 65.688 65.654 65.620 65.586 65.551 65.514 65.475 51.435 41.392 34.346 27.298 31.247 31.193 36.134 55.059 40.994 75.928 61.855 68.776 75.689 61.606 66.537 75.472 51.418 52.373 38.335 37.301 29.271 26.243 27.217 29.194 43.168 49.141 67.122 66.104 65.087 64.071 64.055 54.041 32.027 27.014 28.001 27.989 27.977
45.046 32.981 34.923 46.868 43.817 43.771 13.735 0.000 48.590 74.558 69.504 68.454 70.412 52.375 38.348 22.364 0.000 0.000 0.000 0.000 0.000 0.000 33.900 50.873 62.824 65.788 65.755 65.723 65.692 65.661 65.630 65.598 65.565 65.531 65.496 65.458 66.417 60.373 52.326 44.274 42.219 45.159 36.096 53.028 31.961 73.894 6.824 27.752 62.678 34.606 25.541 81.481 45.428 49.382 47.342 28.307 26.275 27.245 27.218 35.193 56.168 67.144 64.123 64.103 64.086 61.069 60.053 58.038 57.023 31.010 26.996 26.984 26.972
35.141 32.076 45.016 44.960 39.908 59.862 13.823 22.794 62.707 69.651 68.598 68.551 68.507 44.463 44.397 55.381 0.000 0.000 0.000 0.000 0.000 0.000 0.000 0.823 59.766 71.743 66.716 65.689 65.662 65.634 65.606 65.577 65.546 65.514 65.480 65.443 65.403 66.358 67.309 64.254 64.194 67.130 47.063 52.995 26.929 67.863 3.797 5.730 58.664 28.600 38.540 72.483 53.431 45.385 49.345 26.309 27.276 26.246 28.218 38.192 59.167 60.144 65.122 64.102 59.084 56.066 60.050 65.034 64.019 53.005 33.992 32.979 31.967
31.234 45.167 46.105 34.048 44.994 65.945 58.899 64.854 70.794 68.740 68.689 68.643 65.602 49.574 0.000 0.000 0.000 0.000 0.000 0.000 0.000 0.000 0.000 0.000 4.719 16.700 57.679 66.656 65.633 65.609 65.584 65.557 65.529 65.499 65.467 67.432 66.392 66.348 65.298 67.240 66.175 66.104 56.031 53.962 30.896 42.832 72.770 51.709 59.649 28.591 56.535 50.480 53.428 41.383 35.343 27.307 27.275 27.245 35.217 40.190 41.165 46.142 54.120 52.100 53.081 64.063 64.046 64.030 64.015 65.000 58.987 54.973 52.961
46.320 46.252 35.189 31.131 46.077 65.025 70.976 69.927 68.875 68.825 68.776 69.729 60.686 53.656 0.000 0.000 0.000 0.000 0.000 0.000 0.000 0.000 0.000 0.000 13.690 33.662 60.643 66.624 65.605 65.585 65.563 65.539 65.514 65.487 67.457 67.425 67.388 59.345 64.294 67.234 70.161 68.081 61.996 57.925 45.860 29.800 77.742 60.686 62.631 27.579 73.530 37.476 18.417 35.375 26.338 27.303 26.271 35.242 41.213 40.187 40.162 39.139 32.117 28.096 58.077 64.059 64.041 64.025 64.010 63.995 64.981 64.968 64.955
43.400 34.333 32.270 30.211 47.156 67.103 69.053 69.004 68.955 68.908 68.861 70.812 49.759 47.707 0.000 0.000 0.000 0.000 0.000 0.000 0.000 0.000 0.000 0.000 0.000 47.615 66.606 65.594 65.579 65.562 65.544 65.523 67.501 66.477 66.451 66.422 60.389 38.349 54.299 64.241 15.154 6.061 39.949 46.880 55.821 42.766 63.713 81.661 66.611 33.566 75.530 0.000 11.391 24.363 27.330 27.297 29.266 39.237 37.209 38.183 40.158 43.135 37.112 38.092 54.072 64.054 64.036 64.020 64.004 63.989 63.975 63.961 63.949
34.475 32.409 37.346 42.287 57.232 69.179 69.129 69.081 69.035 68.990 68.947 69.900 56.829 0.000 0.000 0.000 0.000 0.000 0.000 32.483 0.000 11.486 0.000 0.000 0.000 22.576 57.573 64.566 65.555 65.542 65.526 65.509 67.490 65.470 65.448 65.424 49.397 45.364 7.313 9.277 0.000 0.000 24.860 31.825 53.779 39.731 44.683 87.635 70.588 49.542 59.496 9.438 54.392 31.356 27.322 27.290 29.260 38.231 49.203 49.177 51.152 57.129 52.107 63.086 64.067 64.048 64.030 64.014 63.998 63.983 63.968 63.955 63.942
35.546 32.481 39.419 58.360 69.305 69.253 69.203 69.157 69.112 69.072 69.037 75.011 0.000 0.000 0.000 0.000 0.000 0.000 32.483 44.483 31.484 46.486 42.487 0.000 12.525 44.541 51.544 62.541 65.534 65.523 65.511 66.497 65.482 65.465 65.447 61.429 50.411 55.397 0.000 0.000 0.000 8.798 41.806 33.781 51.739 27.696 29.652 77.608 76.563 68.518 54.473 54.426 43.384 38.347 27.313 27.281 27.251 37.223 59.196 66.170 65.146 65.123 57.101 64.080 64.060 64.041 64.024 64.007 63.991 63.976 63.961 63.948 63.935
33.613 31.549 46.488 66.431 70.376 69.324 69.275 69.229 69.187 69.149 69.118 76.097 0.000 0.000 0.000 0.000 0.000 0.000 21.483 41.483 41.484 40.486 43.489 27.497 35.510 43.519 43.522 60.520 66.515 65.508 65.498 65.486 65.474 65.461 66.447 58.434 54.422 48.415 0.000 0.000 0.000 1.791 5.784 33.755 52.700 29.661 25.622 64.582 81.539 78.495 59.452 38.410 37.371 38.335 29.302 26.271 27.242 30.214 41.188 61.162 64.138 64.115 56.093 64.073 64.053 64.034 64.016 64.000 63.984 63.968 63.954 63.940 63.927
32.678 34.615 54.555 70.498 69.444 69.393 69.344 69.298 69.256 69.219 71.187 69.164 0.000 0.000 0.000 0.000 0.000 0.000 7.483 46.483 52.484 57.485 48.487 47.492 41.498 37.503 48.505 62.504 65.500 65.494 68.486 66.477 65.467 65.457 65.447 60.437 52.430 47.426 22.428 0.000 0.000 0.000 0.000 0.000 44.647 30.626 26.595 59.558 90.516 71.472 50.430 41.391 43.354 41.321 36.289 25.260 27.231 26.204 30.178 49.154 64.130 64.107 56.085 64.065 64.045 64.026 64.008 63.992 63.976 63.960 63.946 63.932 63.919
32.740 42.678 62.619 70.562 69.509 69.459 69.411 69.364 69.321 70.283 68.249 56.206 40.206 0.000 0.000 0.000 0.000 0.000 9.482 47.482 56.483 56.482 60.483 62.485 45.488 44.490 59.491 65.490 65.487 65.482 66.476 65.469 65.462 65.454 65.446 63.439 51.434 52.431 46.430 0.000 0.000 0.000 0.000 0.000 30.615 30.600 24.575 69.539 57.495 63.446 33.405 53.369 47.336 40.305 40.275 31.247 26.220 27.194 26.168 38.144 61.121 63.098 57.076 64.056 65.036 64.018 64.000 63.983 63.967 63.952 63.937 63.924 63.911
