results4_8e4_rain/res_4e8f-0110.wd
ncols         241
nrows         181
xllcorner     12693529.787448
yllcorner     3542525.717860
cellsize      155.156523
NODATA_value  -9999.000000
[rows 33 to 65 of 181, columns 73 to 145 of 241]
0.000 0.000 0.000 0.000 0.000 0.000 0.000 0.000 0.000 0.000 0.000 0.000 0.000 0.000 0.000 0.000 0.000 0.000 0.000 0.000 0.000 0.000 0.000 0.000 0.000 0.000 0.000 0.000 0.000 0.000 0.000 0.000 0.000 0.000 0.000 0.000 0.000 0.000 0.000 37.024 60.025 65.027 21.029 0.000 0.000 30.102 44.129 11.110 2.112 34.132 37.148 31.147 32.130 33.098 33.050 32.985 32.902 31.799 37.666 57.463 4.050 11.922 9.278 44.502 60.987 65.521 64.086 64.696 63.243 65.342 60.408 59.993 59.982
0.000 0.000 0.000 0.000 0.000 0.000 0.000 0.000 0.000 0.000 0.000 0.000 0.000 0.000 0.000 0.000 0.000 0.000 0.000 0.000 0.000 0.000 0.000 0.000 0.000 0.000 0.000 0.000 0.000 0.000 0.000 0.000 0.000 0.000 0.000 0.000 0.000 0.000 0.000 0.000 12.026 7.026 0.000 0.000 0.000 0.000 26.214 0.000 0.000 24.171 48.210 47.214 37.199 33.166 33.114 33.043 32.952 31.845 53.727 51.595 0.000 34.813 47.409 60.869 65.370 64.903 64.482 63.998 65.068 61.094 60.361 60.610 62.920
0.000 0.000 0.000 0.000 0.000 0.000 0.000 0.000 0.000 0.000 0.000 0.000 0.000 0.000 0.000 0.000 0.000 0.000 32.684 64.684 17.684 0.000 0.000 0.000 0.000 0.000 0.000 0.000 0.000 0.000 0.000 0.000 0.000 0.000 0.000 0.000 0.000 0.000 0.000 0.000 0.000 0.000 0.000 0.000 0.000 0.000 18.298 0.000 0.000 0.000 26.306 44.302 44.286 35.254 33.199 33.119 31.018 46.903 55.800 0.000 20.503 45.108 59.675 66.196 65.717 65.272 64.760 66.800 62.792 60.859 61.248 63.578 62.829
0.000 0.000 0.000 0.000 0.000 0.000 0.000 0.000 0.000 0.000 0.000 19.685 57.685 0.000 0.000 0.000 0.000 0.000 39.684 90.684 46.684 0.000 0.000 0.000 0.000 0.000 0.000 0.000 0.000 0.000 0.000 0.000 0.000 0.000 0.000 0.000 0.000 0.000 0.000 0.000 0.000 0.000 0.000 0.000 0.000 0.000 21.383 22.421 29.439 15.439 25.406 33.400 46.391 37.363 33.307 30.218 41.098 50.948 39.771 15.431 44.898 62.442 66.988 66.517 66.061 65.527 65.538 64.503 61.471 61.903 64.242 63.496 63.269
0.000 0.000 0.000 0.000 0.000 0.000 0.000 0.000 0.000 0.000 0.000 40.685 75.685 64.685 51.685 6.685 0.685 24.685 78.684 86.684 51.684 0.000 0.000 0.000 0.000 20.450 0.000 0.000 0.000 0.000 0.000 0.000 0.000 0.000 0.000 0.000 0.000 4.457 0.000 0.000 0.000 8.458 26.457 0.000 0.000 37.440 52.429 55.442 53.457 39.471 33.481 32.500 46.514 37.502 29.449 43.348 57.207 45.020 32.906 47.625 52.216 64.774 67.312 66.853 66.303 66.287 64.231 62.196 62.581 64.922 64.177 63.950 63.624
0.000 0.000 0.000 0.000 0.000 0.000 0.000 0.000 0.000 0.000 0.000 11.685 73.685 56.686 37.686 0.000 20.685 70.685 81.685 88.684 47.684 0.000 0.000 0.000 0.000 58.450 42.450 0.000 0.000 0.000 0.000 0.000 0.000 0.000 0.000 0.000 21.457 33.457 35.457 0.000 0.000 17.458 42.457 21.457 35.455 58.451 61.450 62.460 59.478 46.505 33.547 30.606 47.662 38.681 42.641 60.517 54.362 0.000 31.206 49.948 62.566 68.124 67.664 67.102 67.056 64.984 63.051 63.287 65.623 64.880 64.650 64.319 63.997
0.000 0.000 0.000 0.000 0.000 0.000 0.000 0.000 0.000 0.000 0.000 0.000 0.000 24.686 62.686 58.686 46.686 59.686 79.685 90.684 43.683 0.000 0.000 0.000 0.000 20.450 44.450 46.450 0.000 0.000 0.000 0.000 0.000 0.000 0.000 0.000 37.457 38.457 50.457 33.457 22.458 36.458 37.458 33.458 40.458 47.458 45.461 38.471 57.490 23.525 39.596 42.716 32.849 44.919 57.916 54.716 0.000 6.195 42.765 59.392 67.978 68.507 67.946 67.865 64.782 64.079 64.033 66.352 65.611 65.379 65.044 64.712 64.368
0.000 0.000 0.000 0.000 0.000 0.000 0.000 0.000 0.000 0.000 0.000 0.000 0.000 14.686 81.686 76.686 66.687 56.686 80.685 88.684 83.682 68.679 23.677 0.000 0.000 0.000 0.450 54.450 38.451 36.451 47.451 42.451 5.451 0.000 0.000 1.456 37.457 36.457 57.457 63.457 52.458 44.458 36.459 33.459 34.460 35.462 34.466 32.474 40.485 1.505 0.000 1.932 38.097 61.231 59.388 0.000 4.961 42.625 56.264 65.890 69.415 68.963 69.726 65.662 65.359 64.840 67.123 66.376 66.138 65.800 65.464 65.111 64.741
0.000 0.000 0.000 0.000 0.000 0.000 0.000 0.000 0.000 0.000 0.000 0.000 0.000 0.000 14.686 53.687 28.688 64.688 83.687 88.685 86.682 84.678 73.675 32.672 0.000 0.000 0.000 10.450 49.451 49.451 62.451 60.451 53.451 48.452 0.000 0.000 4.456 41.457 60.457 67.457 59.458 43.459 32.459 33.460 33.462 33.464 33.467 33.472 37.476 0.000 0.000 0.000 8.308 45.519 15.018 12.386 47.298 52.076 63.798 70.388 70.226 68.449 66.757 67.028 65.744 67.954 67.190 66.934 66.587 66.249 65.898 65.529 65.122
0.000 0.000 0.000 0.000 0.000 0.000 0.000 0.000 0.000 0.000 0.000 0.000 0.000 0.000 0.000 0.000 85.690 85.690 87.689 87.686 86.682 80.677 74.673 45.670 0.000 0.000 0.000 0.000 0.000 17.451 62.451 56.451 71.452 68.452 47.453 26.454 27.456 36.457 58.457 67.458 58.458 41.459 31.460 36.461 35.463 33.465 33.467 33.470 34.472 26.471 0.000 0.000 0.000 0.000 6.779 49.841 52.765 60.609 71.319 71.420 69.770 71.620 69.302 66.806 68.880 68.071 67.778 67.407 67.056 66.705 66.351 65.984 64.559
0.000 0.000 0.000 0.000 0.000 0.000 20.601 43.599 0.000 21.545 61.535 50.523 54.513 29.507 0.000 0.000 21.692 93.693 87.693 84.690 81.684 84.676 75.669 38.664 0.000 0.000 0.000 0.000 0.000 0.000 0.000 6.452 60.452 61.452 12.452 0.000 3.456 40.457 58.457 63.458 53.458 44.459 42.460 4.461 11.463 39.465 33.467 33.469 34.470 40.471 48.470 10.470 0.000 0.000 22.478 55.436 59.326 70.129 72.336 71.965 75.273 73.831 68.189 69.947 69.044 68.684 68.271 67.891 67.522 67.163 66.818 66.497 72.246
0.000 0.000 0.000 0.000 0.000 0.000 20.604 63.596 5.578 55.555 57.537 69.522 52.509 37.501 0.000 0.000 9.694 78.696 90.701 87.696 87.686 88.674 82.662 36.654 0.000 0.000 0.000 0.000 0.000 0.000 0.000 0.000 0.000 45.452 4.452 0.000 0.000 46.457 43.457 55.457 12.458 0.000 0.000 0.000 0.000 5.466 43.467 37.468 0.469 30.470 64.470 47.470 0.470 0.000 27.228 61.067 69.966 73.082 72.835 77.034 76.291 69.584 71.098 70.099 69.652 69.180 68.759 68.359 67.977 67.610 67.260 66.939 71.682
18.854 62.852 52.850 0.000 0.000 0.000 14.614 74.604 50.584 52.560 58.537 82.517 83.501 78.487 32.474 0.000 0.000 0.000 38.717 92.708 87.692 88.671 85.651 44.637 0.000 0.000 0.000 0.000 0.000 0.000 0.000 0.000 0.000 3.452 0.000 0.000 0.000 0.000 0.000 0.000 0.000 0.000 0.000 0.000 0.000 0.000 0.000 18.468 15.468 0.000 0.000 0.000 0.000 16.639 54.054 71.004 72.676 73.606 77.966 77.581 70.633 72.151 71.145 70.643 70.120 69.655 69.220 68.810 68.417 68.038 67.673 67.318 69.956
18.855 74.852 56.848 52.843 0.000 0.000 1.637 66.622 68.593 68.563 80.534 77.510 89.489 88.472 49.460 0.000 0.000 0.000 14.743 94.728 87.701 88.668 85.634 45.605 0.000 0.000 6.215 54.181 66.144 35.119 0.000 0.000 0.000 0.000 0.000 0.000 0.000 0.000 0.000 0.000 0.000 0.000 0.000 0.000 0.000 0.000 0.000 0.000 3.468 0.000 0.000 0.000 14.608 55.113 72.069 72.648 78.868 78.357 71.933 72.477 72.948 72.097 71.591 71.050 70.557 70.094 69.658 69.242 68.842 68.455 68.076 74.703 15.329
82.857 79.852 58.846 59.838 51.826 0.000 56.680 51.656 59.604 72.564 76.526 87.499 88.474 87.452 56.436 0.000 0.000 0.000 13.785 93.758 87.717 88.667 83.612 63.544 47.440 48.343 48.249 56.185 77.132 44.093 0.000 0.000 0.000 0.000 0.000 0.000 0.000 0.000 0.000 0.000 0.000 0.000 0.000 0.000 0.000 0.000 0.000 0.000 0.000 0.000 12.708 43.483 52.986 71.969 73.556 80.233 79.631 72.491 74.192 73.505 72.937 72.450 71.930 71.435 70.960 70.508 70.076 69.660 69.256 68.862 75.473 21.088 0.000
79.860 74.855 72.848 55.835 59.815 59.782 50.737 43.717 0.000 0.000 18.506 77.487 88.455 86.427 71.394 38.348 0.000 0.984 62.854 83.803 88.740 87.673 88.600 78.522 54.431 51.341 50.254 59.177 77.105 60.030 45.926 46.845 50.784 61.747 25.732 0.000 0.000 0.000 0.000 0.000 0.000 0.000 0.000 0.000 0.000 0.000 0.000 0.000 0.000 0.000 23.910 63.748 71.690 74.335 81.119 80.721 73.227 74.877 74.080 73.687 73.221 72.740 72.263 71.795 71.341 70.902 70.477 70.065 69.661 75.263 21.868 0.000 0.000
68.865 20.861 88.853 59.841 53.816 54.793 56.770 56.758 45.767 0.000 0.000 0.000 22.432 93.408 83.366 61.302 53.198 60.080 58.951 60.858 68.770 69.683 56.596 53.510 51.423 51.335 50.249 59.164 74.081 52.995 49.904 54.823 70.761 73.724 58.717 32.717 0.000 0.000 0.000 0.000 0.000 0.000 0.000 0.000 0.000 0.000 0.000 0.000 0.000 14.760 56.601 72.206 75.043 81.681 81.439 73.936 75.563 74.762 74.386 73.936 73.489 73.037 72.586 72.141 71.707 71.282 70.867 70.460 76.059 21.661 0.000 0.000 0.000
14.872 87.869 88.865 74.859 0.000 1.805 61.791 57.779 68.776 59.776 0.000 0.000 1.435 81.405 78.360 63.297 54.212 51.115 51.011 53.909 66.798 74.692 77.591 70.501 60.415 53.328 52.241 68.151 71.060 45.966 49.872 49.784 50.712 54.673 33.695 0.000 0.000 0.000 4.285 0.000 0.000 0.000 0.000 0.000 0.000 0.000 0.000 17.995 49.663 57.515 71.024 82.341 81.951 75.009 75.595 76.148 75.443 75.063 74.623 74.195 73.763 73.332 72.902 72.479 72.062 71.652 72.249 78.851 22.455 0.000 0.000 0.000 0.000
92.880 88.880 88.878 88.871 75.859 58.831 58.810 58.792 49.781 0.000 15.518 22.507 74.468 71.424 74.374 67.312 68.239 68.157 68.069 70.970 65.821 65.696 67.574 71.488 72.407 70.323 66.234 77.140 75.041 62.938 63.832 63.728 65.632 40.559 0.000 0.000 0.000 0.000 5.285 0.000 0.000 0.000 0.000 0.000 0.000 4.861 52.648 53.217 74.231 74.785 83.434 82.944 77.508 77.214 76.591 76.111 75.718 75.290 74.873 74.455 74.038 73.624 73.213 72.809 72.410 73.016 76.626 9.238 0.000 0.000 0.000 0.000 0.000
91.888 87.893 87.895 88.889 85.874 63.850 57.825 58.800 59.775 51.745 0.632 66.535 63.497 64.451 65.398 60.339 64.274 69.205 77.137 62.081 0.000 0.000 12.522 70.471 66.401 66.323 66.233 66.133 66.026 65.912 65.791 65.665 63.528 58.373 31.166 0.000 6.824 50.597 57.285 68.963 38.710 0.000 0.000 0.000 0.000 54.052 64.860 76.790 77.426 84.181 83.841 78.171 77.837 77.090 76.749 76.346 75.935 75.527 75.119 74.714 74.310 73.912 73.519 73.133 73.753 76.376 24.001 0.000 0.000 0.000 0.000 0.000 0.000
77.895 77.910 77.919 88.915 88.898 78.872 54.840 57.807 58.772 58.731 64.667 73.591 57.535 54.483 52.430 59.373 74.313 73.252 58.193 38.137 0.000 0.000 0.000 0.000 55.405 50.335 50.242 50.135 50.017 50.891 53.757 54.611 54.444 53.239 53.959 52.523 52.051 60.681 67.297 64.893 71.457 68.879 63.343 60.817 63.191 74.757 78.256 78.044 84.675 84.459 78.823 78.465 77.705 77.366 76.960 76.561 76.160 75.761 75.364 74.970 74.578 74.193 73.818 74.453 75.092 13.734 0.000 0.000 0.000 0.000 0.000 0.000 0.000
0.000 43.934 55.957 83.953 87.933 68.899 51.856 50.815 58.778 58.737 57.687 51.627 52.569 58.517 75.465 74.409 57.352 50.297 40.245 0.000 59.868 68.811 64.724 65.614 68.478 71.372 70.264 71.147 74.017 72.880 69.735 71.577 66.397 52.180 55.907 54.561 59.175 76.780 83.327 79.856 73.347 67.832 69.353 75.803 80.644 79.052 85.282 84.926 78.828 80.430 79.006 78.334 77.982 77.572 77.175 76.778 76.383 75.993 75.607 75.223 74.840 75.464 73.109 68.767 20.429 0.000 0.000 0.000 0.000 0.000 0.000 0.000 0.000
0.000 0.000 49.022 68.008 78.981 53.936 45.870 52.819 50.786 57.754 58.716 58.662 51.594 68.552 60.503 49.447 52.389 44.341 0.000 69.006 71.924 71.842 73.747 74.640 77.521 81.409 80.296 80.172 80.025 81.875 82.726 80.567 68.387 54.177 55.928 55.637 55.309 57.938 31.374 3.858 93.240 134.773 112.293 78.220 79.732 86.275 85.826 79.287 82.008 79.414 78.961 78.592 78.186 77.788 77.389 76.992 76.602 76.221 75.847 75.476 77.097 71.713 60.386 15.076 0.000 0.000 0.000 0.000 0.000 0.000 0.000 0.000 37.228
1.334 0.000 4.101 25.075 60.048 41.992 0.000 47.806 52.792 52.778 58.761 47.712 0.000 52.595 50.549 52.487 53.416 63.336 77.226 74.088 75.982 81.884 91.784 135.676 132.558 132.447 132.340 132.220 133.038 116.867 48.728 51.578 49.407 57.212 55.993 52.748 50.487 32.289 0.000 0.000 1.945 59.602 76.646 81.252 86.978 86.655 78.899 80.590 79.881 79.568 79.189 78.797 78.402 78.002 77.600 77.200 76.811 76.440 77.086 75.736 67.357 55.905 13.645 0.000 0.000 0.000 0.000 0.000 0.000 0.000 0.000 28.381 49.311
75.326 23.286 12.207 75.142 53.145 0.000 0.000 0.000 46.799 59.805 51.839 0.000 4.764 60.682 51.611 62.535 75.453 75.361 80.255 83.139 76.031 61.928 52.828 48.724 46.587 49.481 50.396 37.330 0.000 53.830 50.740 49.609 53.451 57.272 54.082 45.877 52.602 33.441 0.000 0.000 54.889 71.917 81.660 87.471 87.251 79.493 81.172 80.460 80.158 79.780 79.401 79.014 78.619 78.219 77.811 77.396 77.002 77.643 73.322 62.025 18.691 0.000 0.000 0.000 0.000 0.000 0.000 0.000 0.000 0.000 0.000 46.451 45.395
85.343 93.324 81.299 0.000 10.245 4.345 0.000 0.000 0.000 0.000 55.950 53.934 61.845 58.760 58.677 58.591 75.499 89.400 78.293 58.182 56.073 50.971 52.877 43.803 0.000 55.494 52.432 41.374 0.000 54.881 49.794 50.669 57.516 55.343 53.188 35.076 0.000 0.232 51.450 49.328 66.138 82.067 87.746 80.441 81.005 81.657 81.046 80.743 80.372 80.004 79.625 79.237 78.843 78.444 78.027 78.571 78.159 67.809 52.532 15.351 0.000 0.000 0.000 0.000 0.000 0.000 0.000 0.000 21.839 20.793 35.708 47.577 35.491
75.370 79.368 69.366 0.000 0.000 69.445 62.472 56.468 0.384 8.179 74.078 71.006 57.923 58.836 58.747 59.653 80.553 132.446 125.335 72.222 127.111 48.005 51.905 51.808 53.699 51.567 51.466 51.361 53.212 49.020 48.886 57.755 56.600 53.398 48.249 37.162 0.000 0.000 53.563 60.434 82.459 81.359 88.107 81.491 82.073 81.616 81.319 80.964 80.607 80.236 79.856 79.467 79.072 78.686 80.282 75.703 57.255 43.903 45.644 11.498 0.000 0.000 0.000 0.000 0.000 0.000 0.000 0.000 30.886 35.833 49.754 43.659 33.575
71.399 66.414 10.430 0.000 0.579 52.517 61.505 58.469 76.393 70.274 75.175 83.090 74.005 58.915 58.821 58.720 57.612 51.498 46.379 51.259 48.144 52.034 51.929 51.827 51.722 51.611 51.504 51.390 50.255 55.101 56.975 57.865 41.733 0.000 41.249 0.000 0.000 0.000 57.776 79.714 83.735 89.118 88.648 81.588 82.235 81.870 81.549 81.208 80.850 80.479 80.098 79.701 79.292 77.948 39.712 0.000 0.000 0.000 0.000 0.000 0.000 0.000 0.000 27.361 22.327 21.274 20.202 24.109 32.985 48.898 42.816 33.731 43.651
63.425 54.458 59.510 4.601 57.627 53.595 52.560 70.510 63.437 79.348 88.260 68.175 54.090 51.999 54.902 57.795 58.679 58.554 51.423 50.293 51.171 51.057 51.950 51.849 51.750 56.650 53.550 50.442 51.316 54.155 58.048 46.998 0.000 0.000 0.000 0.000 13.501 133.382 77.091 84.119 82.102 89.533 81.420 83.932 85.410 82.129 81.805 81.466 81.107 80.732 81.355 77.949 65.447 56.100 13.906 0.000 0.000 0.000 0.000 0.000 0.000 0.000 29.445 29.394 29.348 30.292 30.223 31.140 45.047 44.961 28.879 31.799 33.722
38.440 39.484 33.553 57.664 53.693 52.674 63.632 67.572 78.499 85.420 51.340 50.261 51.180 53.091 51.992 48.880 56.755 57.615 58.466 57.320 51.189 50.072 48.967 49.870 55.778 114.690 82.603 62.511 45.414 0.000 60.064 68.080 0.000 0.000 0.000 0.000 57.623 68.525 85.410 83.450 90.256 89.908 82.514 83.038 83.698 82.398 82.080 81.742 81.382 81.988 80.639 33.294 0.000 0.000 0.000 0.000 0.000 0.000 0.000 0.000 0.000 0.000 36.497 32.423 29.378 30.324 28.258 40.183 47.101 31.020 31.941 39.864 37.789
0.000 0.000 0.000 50.811 53.807 55.778 76.723 87.647 101.568 83.492 12.421 69.351 69.276 53.192 53.095 51.980 49.844 52.686 58.504 56.333 57.194 59.077 56.975 54.884 50.803 45.729 50.660 45.585 0.000 0.000 0.000 54.179 46.203 0.000 0.000 0.235 67.842 84.723 84.805 82.824 90.574 82.250 84.745 86.246 82.982 82.685 82.373 82.041 81.690 79.199 33.919 0.000 0.000 0.000 0.000 0.000 0.000 0.000 0.000 0.000 0.000 35.690 5.622 0.000 37.417 27.369 38.304 50.231 38.154 33.077 38.001 41.927 34.854
0.000 0.000 0.000 48.962 54.946 70.906 81.835 129.727 123.632 125.559 131.500 127.445 128.382 53.307 53.215 52.100 51.957 50.779 45.533 55.316 57.175 58.066 55.971 57.890 57.820 58.763 51.723 0.000 0.000 0.000 0.000 55.252 40.228 0.000 0.000 59.346 81.142 85.077 84.063 91.153 90.871 83.314 83.855 84.539 83.270 82.988 82.686 83.361 58.136 0.000 0.000 0.000 0.000 0.000 0.000 0.000 0.000 0.000 47.978 36.932 26.859 30.759 30.680 31.612 31.506 34.429 47.357 44.284 39.209 40.134 38.060 35.987 31.916
15.144 0.000 0.000 50.128 67.108 75.065 80.983 51.795 50.674 49.612 46.577 47.545 47.501 53.440 53.357 69.248 69.104 44.941 0.000 42.221 55.126 57.039 54.955 56.885 56.826 57.778 53.746 0.000 0.000 0.000 53.450 38.351 0.000 0.000 60.696 69.548 86.395 85.290 84.466 91.416 83.002 85.523 88.054 83.825 83.571 83.312 82.022 69.581 28.358 0.000 0.000 0.000 0.000 0.000 34.207 29.189 29.154 29.100 33.024 44.960 47.887 33.805 28.727 30.650 32.565 47.487 46.412 32.338 41.264 42.190 41.118 34.046 29.977
