results4_8e4_rain/res_4e8f-0130.wd
ncols         241
nrows         181
xllcorner     12693529.787448
yllcorner     3542525.717860
cellsize      155.156523
NODATA_value  -9999.000000
[rows 33 to 65 of 181, columns 146 to 218 of 241]
63.350 62.574 62.308 62.956 29.627 41.311 63.012 56.716 35.322 0.000 0.000 30.518 6.519 11.520 27.523 52.532 39.532 5.531 0.000 0.000 44.374 52.352 10.313 37.266 29.230 30.189 34.126 43.062 60.992 51.941 46.892 41.853 42.820 42.791 41.765 40.738 39.710 47.679 57.648 49.621 49.596 47.569 26.539 40.512 48.482 0.000 18.792 23.736 47.628 45.531 50.436 60.341 53.242 48.197 3.175 0.000 31.106 31.118 38.122 16.115 0.000 0.000 0.000 0.000 0.000 0.000 0.000 0.000 0.000 0.000 0.000 0.000 0.000
63.277 63.031 62.693 63.374 41.063 58.773 61.518 55.337 0.000 0.000 8.517 32.518 0.000 0.000 0.000 36.552 36.545 44.530 7.500 57.458 45.404 32.363 41.319 32.274 30.230 30.182 29.126 31.068 59.010 56.958 56.911 58.870 51.834 53.802 52.773 52.744 52.716 53.687 57.659 55.634 56.610 51.588 28.567 27.553 0.547 0.000 15.713 29.680 37.618 32.528 38.436 51.345 51.262 49.221 7.204 0.000 0.000 36.145 8.147 0.000 0.000 0.000 0.000 0.000 0.000 38.197 37.197 39.196 29.196 32.195 0.000 0.000 0.000
63.732 63.403 63.089 62.779 62.480 63.199 54.950 41.776 0.000 0.000 0.000 0.516 0.000 0.000 0.000 33.579 30.567 43.545 48.511 40.469 49.422 47.376 28.329 29.281 30.233 30.182 42.129 46.075 50.021 42.971 39.924 49.882 23.845 30.811 25.780 25.750 25.722 28.695 54.669 43.645 41.623 43.605 28.590 30.582 10.586 0.000 25.668 82.653 7.635 0.000 0.000 0.271 52.238 51.224 10.214 0.000 0.000 33.171 30.175 32.189 30.196 38.200 44.201 36.200 58.199 65.198 63.197 48.196 28.196 27.195 31.195 1.194 0.000
64.101 63.789 63.477 63.173 63.878 58.593 40.308 31.042 40.042 0.000 0.000 0.000 0.000 0.000 0.000 30.618 29.600 32.570 28.532 39.487 42.439 45.389 34.339 29.288 29.238 29.186 54.134 60.081 42.030 35.979 35.933 36.890 33.852 33.818 33.786 34.756 37.727 34.701 55.676 47.654 45.634 45.618 27.605 41.598 67.596 0.000 17.638 70.629 0.000 0.000 0.000 2.229 52.228 50.222 28.216 33.211 31.204 29.193 29.192 29.197 28.201 35.203 42.203 29.201 47.199 65.198 61.198 41.197 26.196 26.195 31.195 0.000 0.000
64.488 64.170 63.859 63.557 60.266 45.987 34.647 0.000 0.000 0.000 0.000 35.042 0.000 3.942 0.000 29.675 30.645 30.604 29.559 29.509 35.457 28.404 28.350 30.297 29.243 28.191 52.139 49.087 57.037 60.985 59.937 54.894 50.856 52.822 48.789 52.759 52.731 53.705 57.681 55.660 56.642 52.627 27.615 39.608 61.605 0.000 12.617 73.596 0.000 0.000 0.000 0.000 49.223 52.220 31.216 29.213 29.209 29.205 29.204 29.205 28.207 35.207 44.208 0.200 0.000 23.199 66.198 42.197 26.196 26.195 30.194 0.000 0.000
64.871 64.545 64.231 63.929 53.644 35.440 0.000 0.000 0.000 0.000 33.065 36.042 49.000 48.942 36.865 29.763 29.699 30.644 30.589 29.534 28.477 29.419 29.361 29.304 28.249 37.195 56.143 35.093 49.045 25.988 58.934 48.894 47.857 47.823 44.791 49.761 50.733 50.708 57.684 55.664 52.647 52.632 27.622 41.615 60.612 0.000 0.000 66.543 0.000 0.000 0.000 0.000 53.221 52.219 28.217 30.216 29.215 30.214 30.213 30.213 31.213 39.213 19.213 0.000 0.000 24.201 66.200 47.198 34.196 28.195 31.194 0.000 0.000
65.248 64.907 65.590 58.287 45.939 35.689 0.000 0.000 0.000 0.000 30.089 47.061 41.017 29.960 31.891 31.814 29.746 28.683 30.621 29.559 30.497 30.434 30.372 29.311 29.253 49.197 49.145 49.097 49.061 0.000 30.919 28.890 29.857 29.823 30.791 34.761 37.733 35.708 55.685 49.665 43.648 45.635 28.625 40.618 59.615 0.000 0.000 39.490 30.468 0.000 0.000 0.000 47.220 30.219 0.000 25.218 31.221 35.223 42.223 42.222 42.221 44.219 16.218 0.000 8.209 72.205 65.202 67.199 55.196 30.194 31.192 0.000 0.000
65.611 65.244 64.935 50.690 2.388 0.000 0.000 0.000 0.000 8.183 46.139 41.097 31.048 31.990 31.925 31.855 31.787 29.720 28.654 28.586 30.518 29.449 29.381 28.316 30.254 45.196 36.142 45.091 46.042 4.985 4.932 44.892 43.856 43.821 43.789 45.759 45.731 46.705 58.683 54.663 49.647 51.634 27.624 36.618 64.616 0.000 0.000 98.458 67.447 34.431 21.423 0.000 0.000 0.000 0.000 0.000 28.227 37.234 41.234 40.231 43.228 45.225 31.222 36.219 52.213 67.208 65.204 65.200 53.196 30.193 30.190 6.186 0.000
65.941 66.524 58.217 41.045 0.000 0.000 0.000 0.000 0.000 53.227 47.189 31.141 32.087 32.027 31.963 31.896 31.827 31.758 28.687 29.614 29.539 29.463 30.389 29.318 29.252 32.191 37.135 49.082 36.032 47.981 52.933 45.891 54.853 44.817 45.785 48.754 47.726 46.701 56.678 52.658 40.642 39.629 28.620 35.615 64.614 0.000 0.000 89.438 79.432 56.422 25.415 0.000 0.000 1.350 0.000 0.000 0.000 48.251 40.247 34.242 31.236 46.231 33.226 35.221 43.216 64.210 66.205 64.201 50.196 30.192 27.188 31.183 25.179
74.193 71.694 44.364 34.227 0.000 0.000 0.000 31.440 45.394 46.308 40.248 35.191 32.132 32.070 32.005 31.938 30.868 33.798 38.724 34.645 29.561 30.476 29.393 29.314 29.244 29.182 36.125 37.072 35.022 41.974 40.928 35.886 47.847 27.811 35.778 42.747 41.719 35.693 54.671 47.651 27.634 26.621 29.612 31.608 35.611 0.000 0.000 67.424 47.420 84.412 70.401 6.383 7.366 58.350 32.334 30.317 30.298 32.274 43.261 37.252 5.244 58.238 46.231 42.225 40.219 51.213 67.207 59.202 42.196 31.191 27.186 34.181 58.174
0.000 0.000 23.318 41.273 0.000 0.000 33.539 43.487 57.432 41.366 40.304 40.242 33.180 32.116 32.049 31.981 38.911 46.840 47.765 39.681 34.584 29.487 28.392 29.303 33.230 30.168 29.112 28.060 34.011 34.964 33.919 34.878 36.839 29.803 35.770 40.738 42.710 38.684 54.660 48.640 30.623 29.609 29.599 25.594 0.000 0.000 0.000 23.415 42.412 42.405 76.394 91.381 84.366 52.351 38.336 39.320 39.303 42.285 64.272 82.261 91.252 90.244 92.236 91.229 85.222 79.215 71.209 54.202 37.196 28.191 29.185 42.179 61.172
16.551 0.000 0.000 0.000 0.000 4.641 36.590 56.538 48.482 51.421 48.358 38.295 31.230 32.164 32.095 43.026 47.957 43.887 38.814 35.732 38.606 33.495 33.387 29.274 34.204 28.147 29.095 30.045 28.997 28.952 28.908 28.867 27.829 28.792 28.759 32.727 38.698 37.671 55.647 49.626 28.608 29.593 29.583 28.576 3.569 0.000 0.000 27.410 53.407 42.401 44.392 59.380 70.366 80.352 82.338 88.323 91.308 91.293 90.280 86.269 77.259 75.250 77.241 80.233 82.225 83.217 81.210 85.203 77.197 44.190 31.184 50.178 67.171
55.701 13.787 0.000 0.000 1.745 37.692 53.644 46.592 38.536 46.477 50.414 51.350 41.283 30.214 40.143 49.072 39.002 30.936 30.875 32.825 0.653 1.503 0.395 26.203 30.167 32.122 32.075 29.028 28.982 29.937 28.895 28.854 28.816 29.780 28.746 28.714 28.684 31.656 48.631 47.609 29.590 29.574 29.562 30.557 31.563 0.000 0.000 26.407 44.405 45.400 57.392 44.380 24.368 28.354 64.341 88.327 72.313 67.300 70.287 63.276 49.265 38.255 29.245 27.236 28.228 38.220 36.212 31.204 70.197 85.190 63.183 61.177 65.170
0.000 28.873 6.900 0.882 36.794 46.750 53.702 37.650 40.595 38.535 36.473 44.407 49.337 44.265 48.191 37.116 31.045 31.979 31.924 39.890 0.000 0.000 0.000 23.163 32.137 43.099 44.055 39.010 34.965 36.922 32.880 31.840 29.801 28.765 28.731 29.698 28.668 28.639 31.613 40.589 28.568 28.550 29.536 28.527 0.000 0.000 0.000 7.407 5.408 59.403 43.394 28.383 42.370 44.356 90.344 71.331 54.318 36.306 27.294 28.282 29.271 30.260 30.250 30.240 29.231 27.222 26.213 27.205 35.197 72.190 80.182 65.175 64.169
0.000 15.933 38.933 40.915 39.861 54.814 39.765 33.713 35.657 34.598 31.534 30.467 45.395 52.319 55.239 43.158 33.081 30.013 37.953 3.921 0.000 0.000 0.000 26.148 36.120 43.081 44.037 43.992 45.948 53.904 51.863 47.823 45.785 41.749 35.714 30.681 28.650 29.620 28.592 33.567 26.544 27.523 28.505 30.488 51.465 0.000 0.000 0.000 21.415 63.409 23.400 32.389 23.372 62.358 80.348 40.336 28.324 30.312 30.300 30.288 30.276 30.265 27.254 27.243 26.233 27.224 27.215 27.206 43.198 58.190 31.181 91.173 63.167
0.000 15.993 38.984 31.962 50.923 50.879 45.830 36.779 30.723 31.664 32.600 43.532 46.458 38.377 41.289 50.197 51.108 41.038 0.000 0.000 0.000 0.000 31.211 37.162 41.115 40.068 41.021 40.974 38.929 45.886 46.844 46.805 47.767 44.731 43.696 44.662 35.630 30.599 31.570 28.543 29.517 28.494 27.473 29.456 44.442 0.000 0.000 0.000 21.428 65.419 27.410 3.399 0.000 8.355 47.353 29.341 30.329 28.318 28.306 28.294 27.281 26.269 27.257 27.246 26.235 27.225 26.216 25.207 28.198 24.190 20.181 84.170 93.163
0.000 13.061 33.049 43.025 52.990 43.947 43.900 45.849 43.793 34.734 40.671 49.603 38.527 31.441 30.343 36.232 46.115 52.994 16.841 8.693 34.542 34.395 29.260 38.174 43.110 44.055 40.004 39.955 31.908 28.865 28.824 28.785 27.748 25.711 32.676 46.642 45.609 44.577 39.546 30.516 28.488 29.462 28.438 28.419 29.406 0.000 0.000 0.000 36.451 3.430 7.420 0.000 0.000 0.000 26.368 6.347 9.333 26.324 25.313 25.300 26.287 28.274 28.261 28.249 27.237 27.226 25.216 25.207 26.198 14.192 0.000 4.164 87.157
0.000 12.142 36.126 55.099 46.063 43.021 42.974 43.923 42.868 44.809 49.748 38.681 32.606 32.519 32.411 31.275 32.127 37.981 54.838 52.695 31.538 30.385 29.258 30.166 42.096 40.038 50.986 38.932 31.885 29.843 30.803 29.765 34.727 42.691 38.656 32.621 38.587 48.554 45.521 44.489 35.458 28.428 28.400 29.375 27.357 0.000 0.000 36.507 24.496 0.000 0.000 38.438 33.436 32.424 24.403 0.000 0.000 31.333 28.321 28.307 28.292 28.278 28.264 28.251 28.239 28.227 28.216 27.206 28.197 30.189 20.181 0.000 29.151
0.350 25.238 50.215 46.183 35.144 40.100 45.052 40.000 45.945 51.887 43.829 31.767 30.698 32.616 32.507 36.328 37.139 30.963 41.836 37.711 34.532 31.347 28.223 35.135 39.070 41.017 31.969 58.903 46.858 36.818 28.780 34.743 53.706 63.671 56.635 33.600 35.565 38.530 42.495 47.461 45.426 41.392 30.359 27.325 34.291 40.245 0.000 11.518 32.529 0.000 0.000 8.441 28.444 28.434 28.418 33.404 32.381 28.353 27.333 28.315 28.298 28.282 28.267 28.253 28.240 28.227 28.216 28.205 27.194 27.184 28.174 31.161 27.151
12.417 46.354 52.312 37.272 32.230 34.184 36.134 47.081 51.026 61.966 60.915 53.861 42.804 31.741 34.674 1.527 0.000 29.897 35.831 32.780 0.000 29.249 33.150 50.083 49.030 51.993 0.000 23.854 63.825 57.791 43.756 49.720 67.685 67.650 65.614 34.579 40.543 40.507 42.470 30.432 39.395 45.356 44.317 43.277 56.236 65.199 0.000 0.000 22.574 47.620 0.000 0.000 51.466 32.451 32.432 32.411 32.388 33.364 27.343 26.323 30.303 27.285 27.269 27.254 27.240 28.227 27.215 26.203 26.192 26.181 26.170 26.158 25.148
11.484 57.449 43.408 32.365 32.320 32.271 45.220 43.165 60.110 75.037 72.003 68.960 63.914 54.870 45.837 0.000 0.000 0.000 23.812 34.798 0.000 0.000 26.048 44.016 42.975 57.931 29.869 30.832 63.799 68.766 64.732 63.698 66.664 66.629 67.594 46.558 38.521 40.484 40.445 30.405 39.364 33.321 52.276 23.229 62.178 84.117 55.024 24.968 0.000 25.665 0.000 27.541 87.503 40.473 42.446 42.421 38.397 39.373 31.351 26.331 8.306 27.285 27.269 30.254 33.240 43.226 33.213 28.201 29.189 29.177 29.166 29.155 29.144
43.585 47.551 41.507 39.460 34.412 46.362 40.309 53.251 31.212 1.165 52.100 71.062 70.022 70.988 53.966 0.000 0.000 0.000 17.807 40.803 0.000 0.000 22.978 37.957 32.925 59.887 70.844 70.807 66.774 66.742 66.709 67.676 66.643 66.609 66.574 60.538 35.501 37.462 35.422 30.379 41.334 42.288 45.239 2.186 47.130 83.065 52.989 70.911 31.807 17.711 29.649 85.579 73.530 45.492 39.460 41.431 35.405 29.380 27.359 25.343 0.000 33.281 41.269 49.254 56.240 65.225 54.212 34.199 28.186 29.174 29.162 29.151 29.140
54.722 43.661 43.608 39.557 46.507 43.457 46.401 70.316 57.297 40.276 61.212 70.165 69.126 68.094 48.074 0.000 0.000 0.000 0.000 0.000 0.000 0.000 28.929 37.910 48.881 64.848 66.813 66.780 66.748 66.717 66.686 66.655 66.623 66.590 66.556 66.520 52.483 42.443 35.400 28.355 32.307 32.257 37.204 56.149 42.089 77.025 62.955 69.881 76.800 62.723 67.658 76.598 52.548 53.506 39.470 38.439 30.410 27.385 28.361 30.339 44.314 50.290 68.271 67.255 66.239 65.224 65.210 55.196 33.183 28.170 29.158 29.147 29.136
45.829 33.764 35.706 47.653 44.603 44.558 14.524 0.000 49.383 75.353 70.306 69.262 71.222 53.188 39.163 23.179 0.000 0.000 0.000 0.000 0.000 0.000 34.901 51.872 63.841 66.810 66.780 66.751 66.722 66.693 66.664 66.635 66.605 66.573 66.540 66.504 67.467 61.426 53.382 45.334 43.283 46.229 37.172 54.114 33.054 74.992 7.926 28.858 63.789 35.722 26.661 82.606 46.556 50.514 48.477 29.444 27.414 28.387 28.362 36.338 57.314 68.292 65.272 65.254 65.238 62.222 61.207 59.193 58.179 32.167 28.154 28.143 28.131
35.925 32.860 45.800 45.745 40.694 60.649 14.612 23.585 63.500 70.447 69.398 69.354 69.313 45.272 45.211 56.195 0.000 0.000 0.000 0.000 0.000 0.000 0.000 1.836 60.801 72.773 67.747 66.721 66.695 66.669 66.643 66.616 66.587 66.557 66.526 66.491 66.454 67.413 68.367 65.317 65.262 68.203 48.143 54.082 28.022 68.961 4.900 6.838 59.776 29.716 39.660 73.607 54.559 46.517 50.479 27.446 28.415 27.387 29.361 39.337 60.314 61.292 66.272 65.253 60.236 57.219 61.204 66.189 65.176 54.162 35.150 34.138 33.126
32.017 45.950 46.889 34.832 45.780 66.732 59.688 65.644 71.587 69.535 69.487 69.443 66.405 50.377 0.314 0.000 0.000 0.000 0.000 0.000 0.000 0.000 0.000 0.000 5.754 17.735 58.713 67.691 66.669 66.646 66.623 66.598 66.572 66.544 66.514 68.481 67.445 67.404 66.357 68.304 67.244 67.180 57.113 55.050 31.990 43.931 73.874 52.817 60.761 29.707 57.655 51.604 54.556 42.515 36.478 28.445 28.414 28.386 36.360 41.335 42.312 47.290 55.270 53.251 54.233 65.216 65.200 65.185 65.171 66.158 60.145 56.133 54.121
47.102 47.035 35.973 31.915 46.862 65.812 71.765 70.718 69.667 69.619 69.572 70.527 61.486 54.456 0.000 0.000 0.000 0.000 0.000 0.000 0.000 0.000 0.000 0.000 14.726 34.699 61.680 67.662 66.644 66.624 66.604 66.582 66.558 66.533 68.506 68.475 68.441 60.401 65.354 68.299 71.232 69.158 63.081 59.015 46.957 30.901 78.847 61.795 63.744 28.695 74.649 38.599 19.547 36.508 27.473 28.441 27.411 36.383 42.357 41.332 41.309 40.287 33.267 29.247 59.229 65.212 65.196 65.181 65.166 65.153 66.140 66.127 66.116
44.181 35.114 33.053 30.995 47.941 67.890 69.841 69.794 69.747 69.700 69.655 71.608 50.556 48.506 0.000 0.000 0.000 0.000 0.000 0.000 0.000 0.000 0.000 0.000 0.000 48.654 67.646 66.634 66.620 66.604 66.586 66.567 68.547 67.525 67.500 67.473 61.442 39.406 55.360 65.306 16.226 7.141 41.038 47.974 56.920 43.869 64.820 82.772 67.725 34.682 76.647 0.586 12.525 25.497 28.466 28.435 30.406 40.379 38.353 39.328 41.305 44.283 38.263 39.243 55.225 65.208 65.191 65.176 65.161 65.147 65.134 65.121 65.110
35.255 33.190 38.129 43.071 58.017 69.965 69.917 69.870 69.825 69.782 69.740 70.694 57.625 0.000 0.000 0.000 0.000 0.000 0.000 33.533 0.000 12.535 0.000 0.000 0.000 23.618 58.615 65.608 66.598 66.585 66.571 66.555 68.537 66.518 66.498 66.475 50.450 46.420 8.373 10.339 0.000 0.000 25.955 32.923 54.881 40.836 45.791 88.747 71.703 50.660 60.617 10.566 55.524 32.490 28.459 28.428 30.400 39.373 50.347 50.323 52.300 58.278 53.257 64.238 65.220 65.202 65.186 65.170 65.155 65.141 65.128 65.115 65.103
36.326 33.262 40.201 59.144 70.090 70.039 69.990 69.944 69.901 69.862 69.828 75.803 0.000 0.000 0.000 0.000 0.000 0.000 33.532 45.533 32.534 47.535 43.536 0.000 13.571 45.586 52.588 63.585 66.578 66.568 66.557 67.544 66.529 66.514 66.497 62.480 51.464 56.450 0.000 0.000 0.000 9.898 42.905 34.882 52.843 28.803 30.763 78.722 77.680 69.639 55.597 55.554 44.516 39.481 28.450 28.420 28.392 38.366 60.340 67.316 66.294 66.272 58.251 65.232 65.214 65.196 65.180 65.164 65.149 65.135 65.121 65.109 65.097
34.393 32.330 47.270 67.213 71.160 70.109 70.061 70.016 69.975 69.938 69.907 76.888 0.000 0.000 0.000 0.000 0.000 0.000 22.532 42.533 42.533 41.535 44.538 28.545 36.557 44.565 44.568 61.566 67.561 66.554 66.545 66.534 66.522 66.510 67.497 59.485 55.474 49.467 0.000 0.000 0.000 2.891 6.885 34.858 53.808 30.771 26.735 65.698 82.658 79.617 60.577 39.539 38.503 39.470 30.439 27.411 28.383 31.357 42.333 62.309 65.286 65.265 57.245 65.225 65.207 65.189 65.173 65.157 65.142 65.128 65.114 65.102 65.089
33.457 35.395 55.336 71.280 70.227 70.177 70.129 70.085 70.043 70.007 71.976 69.953 0.000 0.000 0.000 0.000 0.000 0.000 8.532 47.532 53.533 58.534 49.536 48.540 42.546 38.551 49.552 63.551 66.547 66.542 69.534 67.526 66.517 66.507 66.497 61.488 53.481 48.478 23.480 0.000 0.000 0.000 0.000 0.000 45.758 31.739 27.710 60.675 91.636 72.596 51.557 42.521 44.487 42.456 37.427 26.400 28.373 27.348 31.324 50.301 65.278 65.257 57.237 65.218 65.199 65.182 65.165 65.149 65.135 65.120 65.107 65.094 65.082
33.519 43.458 63.399 71.344 70.292 70.242 70.195 70.150 70.107 71.070 69.037 56.995 40.994 0.000 0.000 0.000 0.000 0.000 10.532 48.532 57.532 57.532 61.532 63.534 46.537 45.539 60.540 66.538 66.536 66.531 67.525 66.519 66.511 66.504 66.497 64.490 52.485 53.482 47.482 0.000 0.000 0.000 0.000 0.000 31.728 31.715 25.691 70.658 58.617 64.572 34.534 54.500 48.470 41.441 41.414 32.388 27.362 28.338 27.314 39.292 62.270 64.249 58.229 65.209 66.191 65.174 65.157 65.141 65.126 65.112 65.099 65.086 65.074
