results4_8e4_rain/res_4e8f-0210.wd
ncols         241
nrows         181
xllcorner     12693529.787448
yllcorner     3542525.717860
cellsize      155.156523
NODATA_value  -9999.000000
[rows 132 to 164 of 181, columns 0 to 72 of 241]
96.357 101.356 105.356 105.355 107.354 107.353 101.351 92.349 78.347 67.345 66.342 67.339 66.335 65.331 70.326 84.321 95.316 100.309 100.302 97.293 89.283 80.272 71.257 65.239 70.216 72.187 71.154 72.116 70.084 65.054 79.025 101.997 68.974 0.000 0.000 0.000 8.757 60.751 72.746 69.727 71.713 77.705 95.706 81.712 65.721 64.733 64.748 76.764 97.782 38.802 11.825 6.859 0.000 0.000 0.000 0.000 0.000 0.000 0.000 0.000 0.000 0.141 3.141 1.141 28.141 8.066 11.991 52.894 75.754 79.656 79.550 89.638 117.105
74.361 76.361 79.361 85.360 95.359 101.357 106.356 106.354 99.352 85.349 74.346 68.343 72.339 79.335 92.331 107.326 106.320 103.313 103.306 106.297 106.287 102.275 90.261 78.244 70.224 65.200 66.173 65.145 66.118 74.094 96.073 104.055 16.043 0.000 0.000 0.000 18.764 46.770 64.795 73.791 74.780 71.769 72.773 82.780 77.787 70.795 74.805 82.817 95.830 36.846 22.865 28.893 8.923 0.000 0.000 0.000 0.000 0.000 0.000 0.000 0.000 0.000 0.000 0.000 10.217 0.000 60.014 81.937 77.820 86.794 77.860 117.225 105.986
66.366 66.366 66.365 68.365 73.364 77.362 84.361 93.359 101.357 104.354 98.351 96.348 98.344 101.340 100.336 93.331 84.325 82.318 82.311 87.302 93.292 100.281 103.268 102.252 91.235 81.215 76.193 74.171 83.150 99.132 100.117 86.106 19.101 0.000 0.000 0.000 0.000 0.000 47.871 74.863 53.849 41.819 56.839 71.847 86.851 90.856 92.861 93.867 89.876 16.886 3.897 31.926 28.952 16.980 22.993 16.997 0.000 0.000 0.000 0.000 0.000 0.000 44.431 14.381 80.291 102.228 135.085 91.061 86.115 67.074 103.141 107.665 107.575
67.371 67.371 67.371 67.370 66.369 65.368 67.366 72.364 78.362 88.359 98.357 100.353 93.350 83.346 77.341 69.336 65.331 65.324 65.317 67.309 72.299 78.289 85.277 97.263 102.248 104.231 103.214 99.197 102.181 95.167 77.156 69.151 48.154 6.175 0.000 0.000 0.000 0.000 40.956 73.942 16.932 0.000 49.917 74.916 93.916 101.916 87.915 90.915 76.919 34.926 0.941 58.960 27.981 19.996 31.000 31.002 2.004 0.000 0.000 0.000 0.000 31.533 50.481 123.422 152.346 135.230 118.786 117.734 109.406 108.048 107.928 107.801 73.024
67.377 67.376 67.376 67.375 67.374 67.373 67.372 66.370 66.368 69.365 75.362 74.359 70.356 66.352 66.347 66.342 67.337 67.331 67.324 67.316 66.308 65.298 67.287 73.275 80.262 89.249 97.235 93.221 82.208 70.198 66.190 71.187 79.189 55.197 33.203 33.195 19.172 20.129 56.054 77.016 27.005 9.020 68.995 100.986 102.981 81.976 84.968 83.958 71.959 60.969 11.970 39.982 14.014 2.024 15.010 2.006 4.006 2.001 0.000 0.000 0.000 12.588 75.535 81.456 77.444 78.605 76.581 108.368 108.267 108.161 75.364 78.144 80.018
67.382 67.382 67.382 67.381 67.380 67.379 67.377 67.376 67.374 67.371 66.368 66.365 66.362 67.358 67.354 67.349 67.344 67.338 67.332 67.325 67.317 67.308 67.299 66.288 65.277 66.266 70.255 68.244 67.234 71.226 74.221 73.218 71.217 73.219 73.218 70.210 70.191 74.161 49.117 35.062 24.053 42.061 87.057 101.052 81.046 74.038 73.025 52.991 48.990 12.021 0.095 0.000 2.074 4.074 0.000 0.000 8.014 22.995 37.952 7.889 21.810 84.666 91.656 89.730 87.717 88.799 108.556 108.464 89.602 96.396 89.253 95.028 86.873
67.388 67.388 67.388 67.387 67.386 67.385 67.384 67.382 67.380 67.378 67.375 67.372 67.368 67.365 67.361 67.356 67.352 67.347 67.341 66.334 73.327 75.320 67.311 66.302 65.293 66.284 68.275 71.266 74.259 73.252 68.248 69.245 76.244 79.244 75.241 69.235 66.223 75.207 6.190 0.000 9.083 82.114 91.120 78.118 70.113 90.107 36.101 0.000 0.000 2.132 3.161 3.160 3.130 4.125 0.000 0.000 33.040 75.014 103.972 64.911 97.798 105.959 102.924 102.016 108.814 108.731 108.646 101.682 103.563 103.264 102.128 101.062 18.981
67.394 67.394 67.394 67.393 67.392 67.391 67.390 67.388 67.387 67.384 70.382 70.379 68.375 72.372 70.368 67.364 67.360 67.355 66.350 64.344 75.338 83.331 69.324 66.317 68.309 71.301 73.294 72.287 69.282 71.277 76.274 78.272 79.271 79.270 74.269 68.265 77.259 96.253 15.247 0.000 0.000 56.191 79.191 76.187 80.181 100.174 34.171 0.000 3.209 3.185 3.192 3.188 3.163 5.170 0.000 31.137 83.095 99.049 101.985 106.988 104.157 101.149 109.038 108.967 108.892 100.986 101.774 102.651 102.334 102.309 95.243 72.153 0.000
67.401 67.400 67.400 67.399 67.399 67.398 67.397 67.395 67.394 68.391 75.389 75.386 52.383 20.379 41.375 71.372 65.369 68.365 74.360 77.355 77.349 73.344 69.337 70.331 73.325 72.318 71.313 73.307 77.303 77.300 79.298 78.297 69.297 64.297 66.298 79.297 98.297 108.297 30.299 0.000 0.000 31.268 87.264 89.260 96.251 95.238 31.238 0.000 3.233 1.233 2.235 3.237 0.000 9.223 35.223 79.189 101.119 104.144 103.239 103.246 102.341 109.172 109.106 101.185 101.988 102.854 102.643 102.501 102.461 94.397 86.356 0.000 0.000
67.407 67.407 67.406 67.406 67.405 67.405 67.404 67.402 67.401 69.399 78.397 89.394 65.390 2.387 8.381 56.380 82.378 74.375 72.371 72.366 70.361 69.356 71.351 73.345 71.340 67.335 69.330 81.327 83.324 73.322 67.321 64.322 64.323 69.325 83.327 99.330 96.334 80.340 52.352 20.378 14.379 58.349 87.340 69.335 60.325 52.289 17.305 1.349 1.284 22.275 13.276 3.288 0.000 28.278 79.262 101.191 103.398 102.399 102.513 109.359 109.299 109.237 101.243 103.131 102.846 102.723 102.671 102.601 96.528 83.467 73.431 0.000 0.000
67.414 67.413 67.413 67.413 67.412 67.412 67.411 67.410 67.409 69.407 79.405 66.402 22.396 4.398 0.000 24.391 78.388 70.385 72.382 71.378 69.373 72.369 73.364 70.360 67.355 63.351 73.348 87.345 74.343 64.343 65.344 70.346 80.348 91.352 102.356 95.361 73.368 68.377 87.389 94.404 95.411 99.408 74.410 35.417 7.425 0.000 1.494 1.500 0.000 35.290 22.306 2.352 33.373 79.325 101.359 103.560 102.586 109.522 109.470 109.416 101.504 102.306 103.199 102.900 102.888 102.830 102.758 103.670 91.592 62.510 51.470 9.470 3.470
66.421 66.420 67.420 67.419 67.419 67.419 67.418 67.418 67.417 70.416 80.414 51.413 0.000 10.409 48.410 50.404 67.400 69.396 57.393 39.389 77.385 72.382 68.378 67.374 65.370 67.367 83.364 86.362 68.362 71.363 83.365 92.368 101.373 99.378 87.384 73.392 66.401 82.412 86.425 74.439 55.451 53.462 41.477 21.498 10.531 4.599 2.618 22.633 17.651 0.000 0.000 27.419 79.478 102.600 103.634 101.755 109.619 109.571 101.662 102.477 103.358 103.167 103.048 103.027 102.976 102.927 105.860 69.730 49.661 0.000 0.000 0.000 0.000
75.428 73.427 70.426 68.426 65.426 65.426 65.426 65.426 64.425 69.424 81.423 64.423 45.425 53.420 71.418 67.414 64.411 70.407 65.404 52.401 72.398 66.395 65.391 65.388 67.384 81.381 89.379 55.378 47.379 97.381 102.385 97.390 86.396 76.403 68.411 64.420 75.431 87.444 55.459 30.475 13.493 4.513 21.537 20.567 10.604 11.648 14.676 42.688 26.670 0.000 0.000 59.714 101.757 100.892 109.755 109.711 109.666 101.696 103.593 103.321 103.216 103.188 105.147 100.098 102.070 103.044 114.024 0.000 0.000 0.000 0.000 0.000 0.000
76.435 78.434 84.433 85.432 85.433 82.434 83.434 82.434 81.433 81.433 83.432 66.432 70.431 69.429 66.427 69.424 69.421 68.418 73.416 75.413 69.410 63.407 65.405 67.402 81.399 86.396 75.393 69.393 78.394 101.398 84.405 75.412 67.419 65.427 67.436 66.447 80.459 89.474 53.491 29.510 17.533 19.559 22.591 14.628 15.670 21.713 23.749 16.772 0.000 0.000 37.956 79.976 109.872 109.835 109.796 101.926 102.734 103.636 103.346 103.345 104.305 104.262 77.220 55.160 90.161 104.156 109.166 49.224 0.000 0.000 0.000 0.000 0.000
69.444 63.443 16.437 18.437 27.441 74.442 71.442 71.442 71.442 75.441 84.441 65.440 66.439 65.438 68.436 72.434 73.432 71.429 70.427 73.425 74.423 71.421 65.418 82.415 88.413 79.409 85.406 102.405 99.407 81.413 69.423 65.432 67.441 67.450 66.460 71.472 87.486 89.502 81.520 84.542 55.569 17.601 9.640 8.685 20.734 27.785 17.834 14.882 6.912 33.080 81.126 109.940 109.907 102.064 102.876 103.765 103.580 103.468 103.455 104.411 102.372 96.334 21.314 0.000 72.257 107.254 104.261 103.281 0.000 0.000 0.000 0.000 0.000
67.454 59.454 0.000 0.449 9.450 70.451 66.451 66.451 66.450 70.450 84.449 62.449 66.448 70.447 72.445 73.444 70.442 67.440 65.439 67.437 77.435 90.434 85.432 86.430 63.427 57.423 109.417 95.414 62.415 22.424 42.443 70.453 67.462 67.472 69.483 62.495 46.510 36.527 48.547 88.570 64.598 17.635 12.682 7.739 16.797 21.859 15.924 20.982 21.066 59.209 109.989 101.250 104.991 103.898 103.714 103.606 103.584 103.551 104.511 104.477 69.440 45.387 31.388 34.397 85.355 106.342 102.344 93.359 11.394 0.000 0.000 0.000 0.000
67.465 67.466 50.470 0.460 10.460 71.460 67.460 67.459 66.459 67.459 82.458 69.458 72.457 74.456 73.455 68.454 65.453 66.451 66.450 65.449 75.448 98.447 94.446 81.445 74.443 65.438 41.424 30.418 17.417 0.000 23.471 72.476 67.483 69.493 52.503 26.516 11.531 8.549 50.569 67.593 36.620 8.659 11.714 16.791 23.856 19.929 14.018 7.097 10.389 58.434 110.052 104.138 103.902 103.725 103.712 103.679 103.641 103.605 101.573 92.544 25.523 0.000 42.455 101.446 106.426 104.414 98.412 88.418 6.429 0.000 0.000 0.000 0.000
64.473 66.474 63.476 0.000 6.469 71.469 66.469 64.468 66.468 70.468 74.467 73.467 73.466 71.465 65.465 66.464 66.463 67.462 67.462 72.461 90.461 89.460 82.460 91.461 89.461 60.462 0.000 0.000 0.000 0.000 21.493 72.497 67.503 70.511 41.522 3.535 37.551 63.569 83.589 52.611 4.631 0.700 0.769 5.855 15.908 15.986 16.089 10.325 6.945 110.231 110.144 103.043 103.893 103.795 103.764 103.728 103.693 105.660 90.630 73.604 33.584 9.576 57.531 87.507 96.489 105.477 94.472 83.472 5.474 0.000 0.000 0.000 0.000
71.482 69.482 58.483 0.000 57.478 65.478 67.478 71.477 72.477 73.477 71.476 72.476 70.475 66.475 66.474 67.474 67.474 66.473 68.473 91.473 90.473 72.474 85.474 83.476 87.479 85.486 48.503 4.512 13.518 43.518 48.513 68.514 67.520 67.528 62.539 54.552 71.567 70.586 64.607 86.630 34.653 0.726 0.794 9.881 14.934 13.012 14.107 38.250 62.639 110.313 105.367 105.119 104.860 103.849 103.812 103.778 104.744 102.713 57.683 34.657 46.634 47.613 101.586 103.563 83.546 93.533 88.526 61.523 26.522 0.000 0.000 0.000 0.000
72.489 73.490 70.490 58.492 72.489 72.487 72.486 73.486 73.486 74.485 86.485 68.485 66.485 66.485 67.484 67.484 67.484 68.484 82.484 93.484 68.485 72.486 99.488 91.490 79.494 82.501 85.510 69.517 74.522 89.525 82.525 70.528 63.534 63.542 74.553 90.566 77.582 49.600 21.622 76.650 65.687 14.745 17.804 22.869 18.937 10.023 12.089 53.369 105.617 110.390 102.346 105.001 105.931 103.896 103.861 103.827 96.794 86.762 43.733 14.706 23.681 24.658 85.635 127.614 108.597 84.584 76.576 55.572 64.570 17.570 0.000 3.781 7.781
77.497 77.497 73.497 73.497 73.496 74.496 74.495 70.495 67.495 66.494 29.494 19.494 70.494 67.494 67.494 67.494 66.494 69.495 93.495 79.496 64.497 70.498 87.500 104.503 99.507 96.512 94.518 90.524 86.529 85.532 93.536 90.540 84.546 80.554 83.564 87.577 49.593 13.611 12.633 28.660 24.699 9.751 18.799 28.855 24.924 16.022 9.182 52.436 110.532 110.462 105.238 107.085 103.975 103.945 104.909 100.875 84.842 77.810 83.781 89.753 73.727 95.703 110.681 127.661 136.644 120.631 82.622 87.618 62.616 0.000 0.000 0.000 0.000
16.504 17.504 77.503 72.504 72.504 67.504 64.504 66.503 61.503 14.503 14.503 3.503 71.503 67.504 67.504 67.504 67.504 85.505 92.506 65.507 67.508 67.510 70.512 76.515 78.518 78.523 74.528 77.532 93.537 86.541 77.545 80.550 87.556 91.563 94.573 91.586 66.601 31.619 14.639 13.656 0.000 2.759 13.788 22.828 6.875 0.000 22.396 82.643 110.599 102.577 106.307 106.045 104.031 103.991 104.956 99.921 86.888 52.856 59.826 102.798 113.771 145.747 136.724 108.704 96.687 113.674 92.665 86.660 61.661 0.688 0.000 0.000 0.000
3.512 12.511 26.509 81.511 66.512 64.512 66.512 66.512 67.512 14.512 5.512 60.512 68.513 67.513 67.513 67.514 69.515 93.515 78.516 64.517 67.519 67.521 67.523 66.526 66.529 66.533 65.537 72.541 101.545 80.549 11.553 19.558 31.564 82.571 92.580 76.591 81.606 68.625 20.647 17.671 2.703 7.738 20.765 12.793 0.000 0.000 40.564 110.728 110.664 105.460 107.203 103.112 104.075 104.037 104.001 103.966 90.933 53.901 68.870 105.841 101.814 135.789 130.765 99.744 104.727 90.713 71.703 89.698 67.700 1.713 0.000 0.000 0.000
65.521 61.521 0.000 73.521 83.521 84.520 65.520 77.520 84.521 60.521 58.521 68.522 67.522 67.522 67.523 67.524 86.524 90.525 65.526 67.528 66.529 65.531 67.534 67.536 67.539 67.542 66.546 74.550 103.553 84.557 30.561 3.565 54.570 79.576 92.584 71.593 61.607 20.629 13.654 16.676 14.700 22.724 26.742 0.768 0.000 19.479 81.735 110.790 102.713 106.438 106.181 104.162 104.120 104.082 104.045 105.010 95.976 84.943 107.912 132.883 120.855 137.828 134.804 128.782 135.763 101.747 78.735 88.729 96.728 25.732 0.000 0.000 0.000
67.529 66.530 61.533 67.530 66.529 14.529 88.529 80.529 67.529 68.530 68.530 67.531 67.531 67.532 67.533 70.533 93.534 76.535 66.536 67.538 73.539 81.542 67.544 65.546 67.549 66.552 69.555 93.558 101.561 76.565 64.568 52.572 74.576 73.581 34.586 19.592 16.599 0.000 5.665 5.679 6.698 7.717 9.729 0.000 22.524 79.688 101.868 110.849 103.675 104.320 104.244 104.203 104.163 104.125 104.088 105.052 96.018 78.985 74.953 107.922 97.893 111.866 114.840 102.816 104.795 76.777 53.763 67.755 134.752 87.754 22.765 12.771 34.776
67.537 67.537 67.538 67.537 67.537 61.537 77.537 93.537 69.538 66.538 67.539 67.539 67.540 67.541 66.542 89.543 91.544 65.545 67.546 68.547 65.549 27.552 86.554 81.556 68.559 66.561 84.564 103.567 87.569 67.572 67.575 68.578 71.581 75.584 12.586 13.589 0.000 2.659 17.660 0.000 0.679 0.000 0.000 0.000 45.628 102.816 110.961 110.906 103.559 104.396 104.280 104.245 104.205 104.167 104.129 103.093 88.058 90.025 109.992 128.961 127.931 132.902 137.874 124.848 122.824 109.802 58.786 56.775 132.770 96.768 34.769 27.773 92.778
67.544 67.544 67.545 67.545 67.545 67.545 67.545 78.545 93.546 69.547 66.547 67.548 67.549 65.550 73.551 94.553 74.554 66.555 68.555 66.556 8.559 5.562 74.564 75.566 81.568 80.570 88.573 87.575 68.578 66.580 68.582 71.585 76.587 76.588 0.000 0.000 0.000 4.657 28.658 15.658 16.660 15.659 0.000 6.704 53.861 108.026 111.015 102.895 104.612 104.348 104.329 104.285 104.246 104.207 104.169 104.133 90.098 86.064 107.031 107.998 107.967 110.937 110.907 109.879 114.850 87.823 63.802 78.790 93.784 32.781 0.000 0.000 36.783
67.551 69.552 69.552 67.552 67.552 67.552 67.553 67.553 78.554 93.555 69.556 64.557 64.558 81.559 93.561 87.562 64.563 67.564 63.565 9.563 6.569 60.572 67.574 67.576 73.578 90.580 90.582 83.584 76.586 68.588 55.590 25.591 90.593 70.594 0.000 0.000 0.000 3.655 17.655 10.657 24.658 13.658 0.000 6.841 26.943 111.120 111.068 103.764 104.500 104.407 104.366 104.325 104.285 104.246 104.208 105.172 100.136 90.102 85.068 84.034 84.002 83.970 83.939 87.908 61.876 5.837 31.811 87.799 83.793 44.792 6.795 0.000 35.788
68.559 5.559 6.558 67.559 66.560 65.560 65.561 64.561 64.562 77.563 92.564 85.566 92.567 94.569 81.570 65.572 72.573 72.575 60.576 0.000 8.581 71.583 67.584 69.586 93.587 100.589 78.590 69.592 76.594 83.595 71.597 7.598 50.600 68.601 0.000 0.000 0.000 4.651 10.653 7.655 21.657 0.000 0.000 6.899 12.216 111.170 109.012 104.728 104.470 104.448 104.403 104.362 104.322 104.284 104.246 104.210 105.174 104.139 102.104 101.070 101.036 102.003 103.972 77.940 19.908 0.000 16.806 72.802 103.799 94.798 67.799 43.798 60.793
67.566 66.566 1.566 66.566 77.567 81.567 85.568 90.569 93.570 94.571 94.573 94.574 80.576 67.578 83.580 100.581 101.583 101.586 94.589 72.594 7.593 68.593 66.594 75.596 103.597 90.598 67.599 66.600 68.602 71.603 62.604 7.605 27.607 27.608 0.000 0.000 0.000 10.646 5.650 0.000 4.657 0.000 14.915 16.135 6.582 111.218 112.963 108.603 104.524 104.481 104.439 104.399 104.359 104.321 104.283 104.247 104.211 104.176 104.141 104.105 105.069 108.036 80.003 12.972 0.000 5.853 0.000 17.802 73.802 104.803 95.803 71.802 48.796
67.573 69.573 65.573 67.574 82.574 81.575 77.576 73.577 72.578 68.580 89.581 79.583 90.585 81.587 97.589 93.591 86.593 87.596 98.598 104.601 93.602 94.603 86.604 94.605 102.606 75.607 66.608 67.609 67.610 66.610 66.611 68.612 63.614 12.617 72.623 63.628 2.633 4.638 0.000 0.000 0.000 5.915 83.960 81.164 111.310 111.265 106.839 107.670 104.553 104.516 104.474 104.434 104.395 104.357 104.320 104.284 104.248 104.213 104.177 106.140 111.100 80.067 20.035 0.000 0.000 2.853 1.853 0.000 14.806 65.809 100.810 50.810 0.000
69.579 5.580 64.580 67.580 67.581 67.582 66.583 67.584 69.586 67.587 79.589 74.591 83.593 94.596 82.598 67.600 68.603 69.605 70.608 75.610 88.612 98.613 104.614 102.615 91.616 67.616 67.617 67.617 67.618 67.618 68.618 91.619 64.620 4.622 68.625 18.629 12.632 5.635 0.000 0.000 0.000 15.901 104.106 106.318 111.354 105.169 104.878 104.613 104.593 104.548 104.507 104.467 104.429 104.391 104.355 104.319 104.284 104.250 106.215 91.178 45.125 12.096 0.000 4.854 2.853 22.853 29.852 0.000 0.000 36.817 98.817 50.817 0.000
70.586 3.586 64.586 67.587 67.588 67.589 67.590 68.592 6.593 66.595 70.597 81.599 81.602 89.604 94.607 80.610 65.612 65.615 65.618 67.620 69.622 70.624 71.625 71.625 70.626 69.626 65.626 65.626 66.626 67.626 78.625 92.625 63.625 57.626 59.627 0.000 0.000 5.635 0.000 0.000 0.000 19.995 103.117 111.439 111.396 104.027 104.758 104.663 104.621 104.579 104.539 104.500 104.462 104.425 104.390 104.355 104.320 104.287 109.256 65.232 0.000 0.000 2.856 0.855 2.853 17.853 24.852 0.000 0.000 39.825 99.825 58.825 0.000
