results4_8e4_rain/res_4e8f-0213.wd
ncols         241
nrows         181
xllcorner     12693529.787448
yllcorner     3542525.717860
cellsize      155.156523
NODATA_value  -9999.000000
[rows 0 to 32 of 181, columns 146 to 218 of 241]
0.000 0.000 0.000 0.000 0.000 0.000 0.000 0.000 0.000 0.000 0.000 0.000 0.000 0.000 5.851 16.701 17.459 17.164 16.837 16.500 16.169 15.859 15.583 15.348 15.157 15.007 14.897 14.821 14.772 14.746 14.734 19.730 0.000 0.000 0.000 0.000 0.000 0.000 0.000 0.000 0.000 0.000 0.000 0.000 0.000 0.000 0.000 0.000 0.000 20.235 27.235 0.000 0.000 46.417 51.417 0.000 0.000 0.000 0.000 0.000 0.000 0.000 0.000 0.000 0.000 0.000 0.000 0.000 0.000 0.000 0.000 0.000 0.000
0.000 0.000 0.000 0.000 0.000 0.000 0.000 0.000 0.000 0.000 0.000 0.000 0.000 1.396 17.002 17.792 17.514 17.194 16.849 16.494 16.147 15.826 17.542 16.305 15.114 14.969 14.863 14.793 14.751 14.731 14.726 19.726 0.000 0.000 0.000 0.000 0.000 0.000 0.000 0.000 0.000 0.000 0.000 0.000 0.000 0.000 0.000 0.000 17.235 39.235 15.235 0.000 25.417 58.417 52.417 0.000 0.000 0.000 0.000 0.000 0.000 0.000 0.000 0.000 0.000 0.000 0.000 0.000 37.415 0.000 0.000 0.000 0.000
0.000 0.000 0.000 0.000 0.000 0.000 0.000 0.000 0.000 0.000 0.000 0.000 0.000 20.632 19.286 17.952 17.610 17.249 16.869 16.479 16.100 17.754 17.456 15.214 15.027 14.889 14.795 14.737 14.706 14.700 16.716 10.721 0.000 0.000 0.000 0.000 0.000 0.000 0.000 0.000 0.000 0.000 0.000 0.000 0.000 0.000 0.000 0.000 29.235 0.000 0.000 20.417 51.417 13.417 0.000 0.000 0.000 0.000 0.000 0.000 0.000 0.000 0.000 0.000 6.415 0.000 0.000 0.000 40.415 12.415 0.000 0.000 0.000
0.000 0.000 0.000 0.000 0.000 0.000 0.000 0.000 0.000 0.000 0.000 0.000 3.125 20.053 18.559 18.122 17.723 17.325 16.900 16.454 17.021 16.634 15.314 15.068 14.889 14.767 14.691 14.652 14.639 20.646 0.000 0.000 0.000 0.000 0.000 0.000 0.000 0.000 0.000 0.000 0.000 0.000 0.000 14.235 0.000 0.000 0.000 13.235 73.235 3.235 0.000 26.417 53.417 0.000 0.000 0.000 0.000 0.000 0.000 0.000 0.000 0.000 12.415 18.415 37.415 0.000 0.000 30.415 39.415 40.415 12.415 0.000 0.000
0.000 0.000 0.000 0.000 0.000 0.000 0.000 0.000 0.000 0.000 0.000 8.185 1.358 3.041 18.774 18.252 17.836 17.428 16.950 16.418 16.894 16.446 15.100 14.855 14.694 14.599 14.552 14.539 15.553 16.599 0.000 0.000 0.000 0.000 0.000 0.000 0.000 0.000 0.000 0.000 0.000 0.000 15.235 38.235 33.235 0.000 0.000 29.235 57.235 0.000 0.000 0.000 53.417 8.417 0.000 0.000 0.000 0.000 0.000 0.000 0.000 0.000 52.416 56.415 58.415 0.415 0.000 43.415 38.415 38.415 48.415 0.000 0.000
0.000 0.000 0.000 0.000 0.000 0.000 0.000 0.000 0.000 0.000 10.910 3.509 1.876 1.299 1.438 16.277 17.939 17.602 17.054 18.372 17.693 15.154 14.785 14.558 14.434 14.382 14.377 14.401 20.433 0.000 0.000 0.000 0.000 0.000 0.000 0.000 0.000 0.000 0.000 0.000 0.000 0.000 0.000 18.235 39.235 31.235 29.235 11.235 42.235 15.235 0.000 0.000 38.417 51.418 42.418 40.418 49.418 0.000 0.000 0.000 0.000 0.000 52.416 54.416 59.415 38.415 27.415 44.415 47.415 0.000 0.000 0.000 12.413
0.000 0.000 0.000 0.000 0.000 0.000 0.000 0.000 0.000 0.000 7.311 4.013 3.643 3.145 0.449 0.641 11.042 18.986 18.292 18.323 15.351 14.694 14.328 14.157 14.102 14.117 14.175 14.256 9.344 0.000 0.000 0.000 0.000 0.000 35.244 68.244 2.244 0.000 8.244 49.244 0.000 0.000 0.000 15.235 39.235 52.235 87.235 49.235 50.235 21.235 0.000 0.000 35.418 54.418 39.418 35.418 52.418 0.000 0.000 0.000 0.000 0.000 39.416 45.416 41.415 41.415 45.415 48.415 56.415 0.000 0.000 0.000 35.413
0.000 0.000 0.000 0.000 0.000 0.000 0.000 0.000 0.000 30.568 31.010 7.582 3.194 3.431 3.079 0.805 0.375 6.010 18.805 16.278 14.695 13.941 13.678 13.639 13.699 13.810 14.950 12.103 0.000 0.000 0.000 0.000 0.000 0.000 10.244 56.244 63.244 45.244 37.244 9.244 0.000 0.000 0.000 0.000 0.000 13.235 80.235 59.235 6.235 0.000 0.000 0.000 0.000 47.418 62.418 60.418 62.418 54.417 46.417 49.417 48.417 57.416 61.416 58.416 59.416 59.415 54.415 49.415 46.415 0.000 0.000 0.000 0.000
0.000 0.000 0.000 0.000 0.000 0.000 0.000 0.000 24.690 42.127 43.577 33.082 9.663 2.078 3.086 0.850 2.826 8.188 6.640 16.289 13.211 12.698 12.802 13.024 13.245 14.473 14.712 0.000 0.000 0.000 0.000 0.000 0.000 0.000 0.000 8.244 54.244 64.244 69.244 8.244 0.000 0.000 0.000 0.000 0.000 9.236 52.236 44.235 49.235 16.235 0.000 0.000 31.418 59.418 44.418 38.418 45.418 57.417 45.417 44.417 53.417 62.416 49.416 45.416 48.416 54.415 60.415 62.415 60.415 46.414 37.414 20.414 29.413
0.000 0.000 0.000 0.000 0.000 0.000 0.000 20.825 30.253 45.674 43.090 43.508 35.926 12.353 1.222 4.777 14.319 6.485 2.265 3.056 6.160 10.837 11.810 12.409 12.782 18.128 0.000 0.000 0.000 0.000 0.000 0.000 8.245 6.245 0.000 0.000 21.245 67.245 20.244 0.000 0.000 0.000 0.000 0.000 0.000 48.236 58.236 34.235 50.235 70.235 10.235 0.000 37.418 61.418 40.418 34.418 37.418 50.418 39.417 39.417 41.417 43.417 40.416 41.416 35.416 39.415 45.415 46.415 44.415 53.414 55.414 58.414 66.413
0.000 0.000 0.000 0.000 0.000 0.000 25.957 24.397 47.822 44.226 43.600 42.932 43.181 38.235 20.741 12.455 8.147 0.000 0.053 4.381 2.161 3.367 11.191 12.020 17.347 0.000 0.000 0.000 0.000 0.000 0.000 3.245 45.245 4.245 0.000 0.000 28.245 68.245 7.245 0.000 0.000 0.000 0.000 0.000 43.238 87.237 20.236 23.235 45.235 72.235 12.235 0.000 34.418 59.418 39.418 32.418 35.418 37.418 33.418 32.417 39.417 55.417 38.416 34.416 48.416 44.415 41.415 48.415 48.415 51.414 60.414 64.414 51.413
0.000 0.000 0.000 0.000 0.000 30.008 18.516 46.985 45.414 44.806 44.153 43.440 42.631 42.665 39.466 25.159 4.452 0.373 0.076 46.289 4.547 0.084 0.109 14.133 10.240 0.000 0.000 0.000 0.000 0.000 0.000 3.245 41.245 36.245 45.245 57.245 61.245 51.245 0.000 0.000 6.240 42.240 57.240 62.239 86.238 42.238 0.000 0.000 47.234 35.234 0.000 0.000 37.419 64.418 51.418 35.418 83.418 111.418 60.418 36.417 52.417 99.417 51.417 28.416 93.416 66.416 41.415 48.415 50.415 40.414 49.414 62.414 45.413
0.000 0.000 0.000 0.000 0.000 19.499 41.117 47.611 46.044 45.430 44.767 44.043 43.238 42.326 42.310 41.217 30.391 4.990 50.886 47.941 0.381 0.158 0.055 0.061 0.000 0.000 0.000 0.000 0.000 0.000 6.245 40.245 36.245 41.245 55.245 65.245 49.245 36.245 1.244 0.000 4.241 51.240 50.240 46.239 85.239 45.238 0.000 0.000 26.234 18.234 0.000 30.419 58.419 60.419 54.419 42.419 41.418 74.418 115.418 53.418 46.417 103.417 54.417 28.416 100.416 70.416 33.415 35.415 41.415 32.414 46.414 45.413 33.413
0.000 0.000 0.000 0.000 24.028 34.372 49.840 47.297 46.720 46.103 45.442 44.727 43.948 43.107 42.147 41.408 40.266 52.614 52.288 1.039 0.523 9.631 0.000 0.000 0.000 0.000 0.000 0.000 1.245 56.245 59.245 41.245 40.245 55.245 65.245 51.245 34.245 36.244 36.243 34.243 32.241 44.241 47.240 57.239 97.239 31.239 0.000 0.000 63.233 13.233 0.000 27.419 57.419 57.419 44.419 36.419 32.419 42.418 39.418 79.418 110.418 127.417 108.417 97.416 123.416 117.416 108.415 54.415 34.415 51.414 46.414 35.413 30.413
0.000 0.000 0.000 25.221 34.683 52.122 48.576 48.018 47.436 46.822 46.170 45.473 44.740 43.898 43.352 40.982 52.652 52.647 36.854 19.149 6.306 0.000 0.000 0.000 0.000 0.000 0.000 0.000 42.245 9.245 0.000 20.245 58.246 62.246 54.246 39.246 5.246 0.000 3.243 38.243 34.242 44.241 43.240 66.239 63.239 0.000 0.000 5.232 66.232 12.233 0.000 25.419 55.419 67.419 46.419 52.419 75.419 52.419 34.419 58.418 81.418 115.418 81.417 61.417 109.416 99.416 74.415 43.415 29.415 100.414 68.414 40.413 30.413
0.000 0.000 0.000 30.758 50.363 49.858 49.321 48.764 48.185 47.578 47.939 47.278 45.517 45.092 42.516 52.720 52.664 40.433 42.052 39.667 23.625 4.623 0.000 0.000 0.000 0.000 0.000 44.245 13.245 0.000 0.000 0.000 26.246 58.246 36.246 34.246 40.247 3.247 0.000 39.243 37.242 43.241 44.240 66.239 62.238 0.000 0.000 26.232 73.232 9.232 0.000 27.420 58.420 61.420 42.420 42.420 88.420 123.419 72.419 40.419 56.418 103.418 63.417 30.417 96.416 83.416 41.415 33.415 26.415 107.414 71.414 43.413 44.413
0.000 0.000 31.376 48.690 52.153 50.625 50.087 49.533 48.961 49.363 47.753 47.051 46.710 44.136 53.167 52.875 41.938 42.789 41.785 32.129 12.874 0.000 0.000 0.000 0.000 0.000 0.000 40.245 14.245 0.000 0.000 0.000 0.000 0.000 0.000 39.247 36.248 35.248 37.247 39.245 35.243 43.242 45.240 57.239 53.237 15.234 34.233 67.232 18.231 0.000 0.000 27.420 54.420 60.420 46.420 31.420 33.420 58.420 45.419 27.419 45.419 100.418 56.418 22.417 93.416 78.416 36.415 32.415 28.415 106.414 71.414 43.413 34.413
0.000 30.656 44.062 53.475 51.932 51.402 50.867 50.322 50.757 50.185 48.525 48.235 45.668 54.119 53.592 43.612 44.611 42.491 29.679 0.000 0.000 0.000 0.000 0.000 0.000 0.000 0.000 0.000 14.245 0.000 0.000 0.000 0.000 0.000 0.000 0.000 43.250 53.249 64.248 52.246 41.244 45.242 42.240 47.238 40.236 59.234 77.232 65.231 11.230 0.000 0.000 26.420 52.420 57.420 63.421 61.421 49.421 39.420 52.420 84.420 103.419 124.418 104.418 87.417 121.417 114.416 96.416 56.415 29.415 104.414 76.414 48.413 35.413
27.731 39.249 53.739 53.217 52.699 52.182 51.660 52.125 51.585 49.959 49.708 47.157 55.355 54.715 45.187 46.336 47.276 25.537 0.000 0.000 0.000 0.000 0.000 0.000 0.000 0.000 0.000 0.000 0.000 0.000 0.000 0.000 0.000 0.000 0.000 0.000 41.252 45.251 63.249 22.247 2.245 52.243 43.241 46.238 42.235 30.233 49.231 64.229 51.228 10.227 0.000 0.000 17.421 60.421 62.422 55.422 43.422 52.421 103.421 94.420 75.420 76.419 77.418 77.417 77.417 78.416 80.416 51.415 31.415 103.414 79.414 42.413 36.413
31.213 54.872 54.430 53.953 53.465 52.969 52.463 51.955 51.363 51.146 48.616 56.701 56.020 46.663 47.878 46.864 42.348 1.805 0.000 0.000 0.000 0.000 0.000 0.000 0.000 0.000 0.000 0.000 0.000 0.000 0.000 0.000 0.000 0.000 0.000 0.000 42.255 53.254 37.253 0.000 6.246 49.244 46.241 13.238 3.235 34.231 48.229 63.227 60.226 29.226 0.000 0.000 0.000 0.000 29.423 44.423 28.422 89.422 90.422 39.421 45.420 87.419 58.418 30.418 76.417 66.416 46.416 44.415 35.415 103.414 74.414 31.413 32.413
49.036 56.595 55.155 54.702 54.238 54.763 53.290 52.735 52.557 50.051 58.084 57.389 47.045 49.294 48.286 48.660 17.995 0.000 0.000 0.000 0.000 0.000 0.000 0.000 0.000 0.000 0.000 0.000 0.000 0.000 0.000 0.000 0.000 0.000 0.000 9.262 62.259 60.257 64.254 61.252 57.248 57.245 51.242 10.239 3.234 34.229 47.225 65.224 72.224 35.225 0.000 0.000 0.000 0.000 23.424 36.424 56.424 103.423 66.422 26.422 94.421 95.420 44.419 31.418 52.417 108.416 67.416 35.415 35.415 98.414 116.414 103.413 108.412
58.734 56.315 55.894 55.462 55.019 56.579 54.061 53.930 51.464 59.483 58.780 42.360 46.565 50.622 47.088 24.365 0.000 0.000 0.000 0.000 0.000 0.000 0.000 0.000 0.000 0.000 0.000 0.000 0.000 0.000 0.000 0.000 0.000 0.000 0.000 61.264 60.262 61.260 63.257 62.253 60.250 61.247 54.244 9.241 0.000 35.225 47.221 70.218 43.221 0.000 0.000 0.000 0.000 21.427 51.426 30.426 95.425 89.424 33.423 89.423 102.422 51.420 39.419 42.417 37.417 68.416 107.416 64.415 27.415 98.414 101.414 75.413 17.412
49.417 56.039 56.642 56.231 55.820 55.334 55.247 52.820 60.844 60.187 25.598 30.774 33.655 52.325 35.947 0.000 0.000 0.000 0.000 0.000 0.000 0.000 0.000 50.735 39.735 0.000 0.000 0.000 0.000 0.000 0.000 0.000 0.000 0.000 0.000 38.269 32.267 35.263 39.259 34.255 33.251 32.248 34.245 38.241 32.235 25.225 40.214 19.208 0.000 0.000 0.000 0.000 0.000 23.428 46.428 37.427 38.426 38.425 30.425 51.424 52.423 0.000 0.000 13.417 43.416 36.416 58.416 51.415 33.415 66.414 14.414 0.000 12.411
28.137 43.781 56.403 59.021 56.557 56.501 54.082 61.975 61.452 34.772 0.000 44.115 0.000 55.948 24.449 0.000 0.000 0.000 0.000 0.000 0.000 0.000 0.000 57.736 51.735 0.000 0.000 0.000 0.000 0.000 0.000 0.000 0.000 24.305 0.000 39.276 35.272 35.266 35.261 35.257 35.253 35.249 35.246 37.243 15.240 0.000 10.203 41.192 11.181 0.000 0.000 0.000 24.431 55.430 43.429 42.429 34.428 35.427 35.426 33.425 47.424 7.425 0.000 0.000 14.416 39.416 34.415 47.415 46.415 0.000 0.000 0.000 12.411
19.903 27.545 50.186 54.759 57.716 55.254 62.760 62.410 41.663 17.468 0.000 60.770 58.671 45.081 0.000 0.000 0.000 0.000 0.000 0.000 0.000 0.000 60.742 66.737 37.734 0.000 0.000 0.000 0.000 0.000 0.000 0.000 0.000 41.305 39.299 36.288 35.279 32.269 36.262 36.258 36.253 36.250 36.247 39.244 12.243 0.000 0.000 39.175 39.170 9.165 0.000 0.000 9.431 42.431 35.431 34.430 33.429 33.428 33.427 33.425 34.425 43.425 0.000 0.000 0.000 7.416 40.415 43.415 41.415 0.000 0.000 0.000 36.411
23.691 34.321 38.943 36.841 48.395 63.172 63.015 46.655 25.416 18.917 0.000 40.499 53.165 26.623 0.000 0.000 0.000 0.000 48.782 54.779 46.773 44.759 53.746 46.737 36.729 0.000 0.000 0.000 0.000 0.000 0.000 0.000 0.000 39.310 36.305 35.297 9.288 0.000 41.261 35.258 35.254 35.250 35.247 36.245 10.244 0.000 0.000 40.162 39.161 10.160 0.000 0.000 39.432 35.433 35.433 35.432 34.431 34.429 38.428 0.000 5.425 8.425 0.000 0.000 0.000 0.000 40.415 35.415 35.415 36.415 0.000 8.411 38.411
35.438 49.075 24.791 23.662 63.239 63.236 49.655 36.378 32.713 37.551 0.000 7.565 42.865 0.000 0.000 0.000 0.000 44.789 48.786 50.782 48.780 0.000 0.000 0.000 48.716 32.702 0.000 0.000 0.000 0.000 0.000 0.000 7.330 49.321 46.313 21.306 0.000 0.000 54.263 40.259 36.254 35.249 39.246 16.245 0.000 15.139 53.142 34.149 38.152 10.154 0.000 0.000 0.000 40.436 35.435 39.435 6.434 0.000 0.000 0.000 0.000 0.000 0.000 0.000 0.000 0.000 40.415 35.415 35.415 40.415 0.000 0.000 12.411
56.149 44.732 24.794 20.291 63.204 24.702 30.426 32.651 36.324 54.905 64.352 52.331 0.000 0.000 0.000 0.000 42.795 36.792 42.789 57.786 56.784 0.000 0.000 0.000 0.000 49.689 0.000 0.000 0.000 35.375 0.000 0.000 51.339 50.331 56.321 49.308 14.295 68.282 65.270 63.262 61.254 53.247 34.243 21.244 0.000 29.137 82.137 36.141 37.145 11.149 0.000 0.000 0.000 45.439 31.438 36.437 7.437 0.000 0.000 0.000 0.000 0.000 0.000 0.000 0.000 36.415 38.415 40.415 34.415 39.415 0.000 0.000 9.410
64.740 51.835 34.135 62.808 20.732 22.517 21.682 21.321 30.885 58.416 53.819 25.075 0.000 0.000 41.804 7.802 49.799 41.795 52.792 47.788 26.786 0.000 0.000 0.000 0.000 53.676 29.672 0.000 0.000 31.375 39.375 43.369 45.355 47.344 37.332 34.311 42.294 42.282 62.272 45.263 39.254 37.243 17.233 0.000 5.142 24.133 92.129 48.133 14.136 0.000 0.000 0.000 3.442 58.442 31.441 38.440 10.439 0.000 0.000 0.000 0.000 0.000 0.000 0.000 15.415 38.415 53.415 51.415 44.415 3.415 0.000 0.000 10.410
62.801 61.042 62.390 39.670 27.571 23.711 23.344 21.917 28.503 44.050 39.435 0.000 0.000 0.000 44.805 65.804 60.802 61.798 43.795 0.000 0.000 0.000 0.000 0.000 44.663 35.667 27.668 0.000 0.000 0.000 43.382 47.376 47.367 47.358 31.352 0.000 38.287 39.280 63.273 49.265 43.254 29.237 36.215 51.182 71.150 60.126 84.113 49.126 13.131 0.000 0.000 0.000 0.000 56.447 32.445 33.442 38.439 0.000 0.000 0.000 0.000 0.000 0.000 0.000 0.000 8.415 57.415 54.415 7.415 0.000 0.000 0.000 6.410
60.884 62.335 61.534 60.543 42.686 22.331 22.913 23.527 22.157 24.847 0.000 0.000 0.000 0.000 60.808 50.807 48.805 44.802 0.000 0.000 0.000 0.000 0.000 45.659 36.660 32.661 15.664 0.000 0.000 0.000 43.393 51.388 60.379 59.371 61.365 49.365 0.000 7.278 66.276 50.269 24.262 0.000 39.205 49.183 76.149 38.108 22.072 0.000 0.000 0.000 0.000 0.000 9.461 47.455 34.449 35.443 38.437 11.433 0.000 0.000 0.000 0.000 0.000 0.000 0.000 0.000 14.415 15.415 0.000 0.000 0.000 0.000 7.410
62.341 61.317 63.427 63.588 47.257 23.853 26.479 26.114 23.752 24.334 0.000 40.815 0.000 6.814 54.812 54.812 61.811 0.000 0.000 19.731 7.730 0.000 0.000 40.658 34.655 28.653 0.000 0.000 0.000 0.000 41.411 42.402 44.391 43.380 41.371 33.366 0.000 0.000 68.283 54.274 39.262 2.244 38.219 49.193 73.157 29.086 24.993 7.929 0.000 0.000 0.000 0.000 9.467 54.461 33.453 35.444 35.435 36.428 40.421 12.419 0.000 0.000 0.000 0.000 0.000 0.000 0.000 0.000 0.000 0.000 0.000 0.000 0.000
62.031 64.229 63.419 64.116 37.732 28.375 48.029 41.699 23.403 1.085 0.000 37.815 52.815 57.815 43.815 64.816 56.816 0.000 0.000 33.731 64.729 16.723 0.000 41.659 35.651 32.643 0.000 0.000 49.490 45.470 41.438 43.418 48.402 48.388 46.375 57.361 49.343 9.322 68.299 60.283 60.268 52.251 33.233 51.215 59.199 0.000 27.887 10.864 0.000 0.000 0.000 0.000 19.479 58.470 30.459 32.445 33.431 34.422 39.417 11.416 0.000 0.000 0.000 0.000 0.000 0.000 0.000 0.000 0.000 0.000 0.000 0.000 0.000
