results4_8e4_rain/res_4e8f-0121.wd
ncols         241
nrows         181
xllcorner     12693529.787448
yllcorner     3542525.717860
cellsize      155.156523
NODATA_value  -9999.000000
[rows 132 to 164 of 181, columns 0 to 72 of 241]
94.614 99.614 103.613 103.613 105.612 105.610 99.609 90.607 76.604 65.602 64.599 65.595 64.592 63.587 68.582 82.577 93.570 98.563 98.554 95.544 87.532 78.517 69.500 63.477 68.448 70.415 69.375 70.332 68.295 63.261 77.227 100.195 67.168 0.000 0.000 0.000 6.849 58.842 70.836 67.812 69.792 75.779 93.774 79.774 63.777 62.782 62.789 74.798 95.807 36.818 9.831 4.853 0.000 0.000 0.000 0.000 0.000 0.000 0.000 0.000 0.000 0.000 0.000 0.000 26.472 6.394 10.316 51.217 74.072 77.972 77.863 87.949 115.414
72.619 74.618 77.618 83.617 93.616 99.615 104.613 104.611 97.609 83.606 72.603 66.599 70.595 77.591 90.586 105.580 104.573 101.566 101.557 104.547 104.534 100.520 88.503 76.482 68.457 63.429 64.398 63.365 64.334 72.307 94.281 102.261 14.247 0.000 0.000 0.000 16.857 44.864 62.894 71.888 72.872 69.853 70.851 80.850 75.849 68.849 72.849 80.849 93.851 34.855 20.861 26.876 6.892 0.000 0.000 0.000 0.000 0.000 0.000 0.000 0.000 0.000 0.000 0.000 8.549 0.000 58.341 80.261 76.141 85.112 76.175 115.538 104.296
64.623 64.623 64.623 66.622 71.621 75.619 82.618 91.616 99.613 102.611 96.607 94.604 96.600 99.595 98.590 91.584 82.578 80.570 80.561 85.551 91.539 98.526 101.510 100.491 89.470 79.446 74.421 72.395 81.371 97.350 98.332 84.319 17.313 0.000 0.000 0.000 0.000 0.000 45.987 72.975 51.953 39.911 54.926 69.926 84.922 88.915 90.908 91.900 87.894 14.889 1.882 29.896 26.909 14.923 20.931 14.935 0.000 0.000 0.000 0.000 0.000 0.000 42.771 12.719 78.627 100.561 133.414 89.387 84.438 65.394 101.459 105.975 105.882
65.628 65.628 65.628 65.627 64.626 63.624 65.623 70.621 76.618 86.616 96.612 98.609 91.605 81.600 75.595 67.589 63.583 63.575 63.567 65.557 70.546 76.534 83.519 95.503 100.485 102.465 101.445 97.425 100.406 93.389 75.376 67.369 46.372 4.395 0.000 0.000 0.000 0.000 39.092 72.072 15.056 0.000 48.015 73.007 91.997 99.983 85.967 88.948 74.935 32.927 0.000 56.919 25.924 17.929 28.935 28.938 0.260 0.000 0.000 0.000 0.000 29.877 48.822 121.762 150.683 133.564 117.118 116.063 107.733 106.372 106.248 106.116 71.339
65.634 65.633 65.633 65.632 65.631 65.630 65.628 64.626 64.624 67.621 73.618 72.614 68.610 64.606 64.601 64.595 65.589 65.582 65.574 65.565 64.555 63.543 65.531 71.516 78.501 87.485 95.468 91.452 80.438 68.425 64.416 69.411 77.412 53.419 31.423 31.409 17.376 18.317 54.218 75.163 25.143 7.153 67.112 99.092 101.074 80.054 83.027 81.993 69.969 58.956 9.946 37.935 11.941 0.286 12.943 0.206 2.365 0.360 0.000 0.000 0.000 10.933 73.878 79.797 75.783 76.942 74.915 106.704 106.600 106.490 73.687 76.465 78.337
65.639 65.639 65.638 65.638 65.637 65.636 65.634 65.632 65.630 65.627 64.624 64.620 64.616 65.612 65.607 65.602 65.596 65.589 65.582 65.574 65.565 65.555 65.543 64.531 63.518 64.505 68.492 66.479 65.468 69.458 72.451 71.446 69.445 71.445 71.441 68.427 68.401 72.359 47.298 33.221 22.200 40.203 85.190 99.173 79.154 72.130 71.096 51.027 46.993 9.983 0.000 0.000 0.509 2.581 0.000 0.000 6.375 21.354 36.310 6.246 20.163 83.015 90.002 88.073 86.058 87.138 106.899 106.804 87.934 94.725 87.579 93.352 85.194
65.645 65.645 65.644 65.644 65.643 65.642 65.640 65.638 65.636 65.634 65.630 65.627 65.623 65.618 65.613 65.609 65.603 65.598 65.591 64.584 71.576 73.567 65.557 64.547 63.536 64.525 66.515 69.505 72.496 71.488 66.483 67.479 74.476 77.474 73.469 67.459 64.442 73.419 4.396 0.000 7.235 80.269 89.270 76.258 68.239 88.217 34.198 0.000 0.000 0.524 1.610 1.614 1.608 2.604 0.000 0.000 31.405 73.377 102.332 63.269 96.153 104.310 101.272 100.362 107.166 107.081 106.992 100.019 101.896 101.595 100.456 99.388 17.305
65.651 65.651 65.651 65.650 65.649 65.648 65.647 65.645 65.643 65.641 68.638 68.634 66.630 70.624 68.620 65.616 65.612 65.607 64.601 62.595 73.588 81.580 67.571 64.563 66.554 69.545 71.537 70.529 67.522 69.517 74.513 76.510 77.508 77.506 72.503 66.497 75.489 94.479 13.471 0.000 0.000 54.369 77.363 74.349 78.327 98.300 32.283 0.000 1.606 1.605 1.615 1.624 1.618 3.622 0.000 29.516 81.466 97.416 100.347 105.347 102.512 99.503 107.399 107.325 107.248 99.329 100.115 100.989 100.670 100.642 93.574 70.482 0.000
65.657 65.657 65.657 65.656 65.656 65.655 65.653 65.652 65.650 66.648 73.645 73.642 50.637 18.630 39.626 69.624 63.621 66.617 72.612 75.606 75.600 71.593 67.586 68.579 71.572 70.565 69.558 71.552 75.548 75.544 77.542 76.541 67.540 62.540 64.540 77.538 96.537 106.537 28.538 0.000 0.000 29.475 85.465 87.448 94.419 93.375 29.349 0.000 1.606 0.000 0.648 1.647 0.000 7.645 33.625 77.575 99.495 102.513 101.603 101.606 100.700 107.539 107.471 99.534 100.335 101.198 100.985 100.841 100.798 92.732 84.691 0.000 0.000
65.664 65.664 65.664 65.663 65.662 65.662 65.661 65.659 65.658 67.656 76.654 87.651 63.648 0.643 6.630 54.633 80.631 72.628 70.623 70.618 68.613 67.607 69.601 71.595 69.589 65.584 67.579 79.575 81.572 71.570 65.570 62.570 62.572 67.574 81.577 97.580 94.585 78.592 50.607 18.641 12.639 56.592 85.574 67.559 58.526 50.431 15.391 0.062 0.021 20.681 11.678 1.671 0.000 26.688 77.661 99.578 101.775 100.769 100.879 107.734 107.672 107.607 99.596 101.481 101.194 101.068 101.014 100.942 94.867 81.804 71.767 0.000 0.000
65.671 65.671 65.670 65.670 65.669 65.669 65.668 65.667 65.666 67.665 77.663 64.661 20.657 2.661 0.000 22.645 76.643 68.639 70.635 69.631 67.626 70.621 71.616 68.611 65.607 61.602 71.599 85.596 72.595 62.595 63.596 68.599 78.603 89.607 100.613 93.620 71.629 66.641 85.657 92.676 93.684 97.678 72.680 33.688 5.696 0.000 0.096 0.137 0.000 33.684 20.688 0.773 31.799 77.735 99.755 101.946 100.964 107.906 107.851 107.795 99.863 100.662 101.552 101.251 101.236 101.177 101.103 102.012 89.933 60.848 49.808 7.808 1.808
64.678 64.678 65.677 65.677 65.676 65.676 65.676 65.675 65.674 68.673 78.672 49.672 0.000 8.670 46.669 48.660 65.655 67.652 55.648 37.644 75.640 70.636 66.632 65.628 63.624 65.620 81.618 84.616 66.617 69.619 81.622 90.627 99.633 97.640 85.648 71.658 64.671 80.686 84.704 72.724 53.741 51.758 39.781 19.816 8.874 2.995 1.150 21.202 16.208 0.000 0.000 25.877 77.903 101.006 102.027 100.139 108.009 107.958 100.027 100.838 101.717 101.524 101.402 101.379 101.326 101.275 104.206 68.074 48.003 0.000 0.000 0.000 0.000
73.685 71.685 68.684 66.684 63.684 63.684 63.684 63.683 62.683 67.682 79.682 62.682 43.684 51.680 69.676 65.672 62.667 68.664 63.660 50.657 70.654 64.650 63.647 63.643 65.640 79.637 87.635 53.635 45.637 95.641 100.646 95.653 84.662 74.671 66.682 62.695 73.710 85.728 53.749 28.773 11.800 2.831 19.870 18.922 8.990 10.081 13.176 41.219 25.214 0.000 0.000 58.138 100.169 99.291 108.153 108.107 108.059 100.064 101.957 101.683 101.575 101.545 103.502 98.451 100.421 101.394 112.372 0.000 0.000 0.000 0.000 0.000 0.000
74.693 76.692 82.690 83.690 83.691 80.692 81.692 80.692 79.692 79.691 81.691 64.691 68.690 67.688 64.685 67.682 67.679 66.676 71.673 73.670 67.668 61.665 63.662 65.659 79.656 84.653 73.652 67.652 76.655 99.661 82.669 73.679 65.689 63.701 65.713 64.728 78.746 87.767 51.791 27.820 15.854 17.896 20.948 13.010 14.083 20.164 22.240 15.286 0.000 0.000 36.373 78.386 108.278 108.239 108.197 100.299 101.104 102.003 101.711 101.708 102.665 102.620 75.576 53.513 88.512 102.507 107.516 47.573 0.000 0.000 0.000 0.000 0.000
67.702 61.701 14.695 16.694 25.699 72.700 69.700 69.701 69.700 73.700 82.700 63.699 64.699 63.697 66.695 70.693 71.690 69.688 68.686 71.684 72.681 69.679 63.677 80.675 86.672 77.669 83.666 100.666 97.669 79.678 67.692 63.704 65.716 65.729 64.743 69.760 85.779 87.802 79.829 82.861 53.901 15.951 8.014 7.088 19.168 26.253 16.333 13.400 5.427 31.558 79.555 108.352 108.316 100.441 101.251 102.137 101.950 101.836 101.820 102.774 100.733 94.692 19.671 0.000 70.608 105.605 102.611 101.631 0.000 0.000 0.000 0.000 0.000
65.713 57.713 0.000 0.000 7.709 68.709 64.710 64.710 64.709 68.709 82.709 60.708 64.708 68.706 70.705 71.703 68.702 65.700 63.698 65.697 75.695 88.694 83.692 84.691 61.688 55.684 107.678 93.676 60.679 20.691 40.715 68.729 65.742 65.755 67.770 60.788 44.809 34.833 46.861 86.895 62.938 15.995 11.068 6.159 15.250 20.345 14.443 19.528 19.614 57.704 108.405 99.631 103.370 102.274 102.088 101.978 101.955 101.919 102.877 102.840 67.801 43.746 29.745 32.751 83.708 104.693 100.694 91.709 9.743 0.000 0.000 0.000 0.000
65.724 65.726 48.731 0.000 8.719 69.719 65.719 65.719 64.719 65.718 80.718 67.718 70.717 72.716 71.715 66.714 63.713 64.712 64.711 63.710 73.709 96.709 92.708 79.707 72.706 63.701 39.687 28.681 15.680 0.000 21.749 70.756 65.767 67.780 50.795 24.814 9.835 6.860 48.888 65.921 34.961 7.020 10.106 15.230 22.327 18.434 12.565 5.695 9.018 56.947 108.472 102.520 102.281 102.102 102.087 102.052 102.012 101.974 99.939 90.908 23.885 0.000 40.811 99.801 104.779 102.765 96.762 86.767 4.777 0.000 0.000 0.000 0.000
62.733 64.734 61.736 0.000 4.728 69.728 64.728 62.728 64.728 68.728 72.727 71.727 71.727 69.726 63.726 64.725 64.724 65.724 65.723 70.723 88.723 87.724 80.724 89.725 87.726 58.728 0.000 0.000 0.000 0.000 19.775 70.780 65.789 68.802 39.817 1.836 35.858 61.883 81.911 50.940 2.964 0.000 0.000 4.326 14.394 14.503 14.657 8.978 5.917 108.663 108.570 101.426 102.273 102.173 102.140 102.102 102.065 104.030 88.997 71.968 31.946 7.936 55.888 85.862 94.842 103.828 92.821 81.820 3.822 0.000 0.000 0.000 0.000
69.742 67.742 56.743 0.000 55.738 63.738 65.738 69.737 70.737 71.737 69.737 70.737 68.736 64.736 64.736 65.736 65.736 64.736 66.736 89.736 88.737 70.738 83.740 81.743 85.747 83.756 46.776 2.789 11.797 41.800 46.796 66.800 65.809 65.821 60.837 52.855 69.877 68.903 62.932 84.963 32.991 0.000 0.000 8.356 13.420 11.521 12.649 36.839 61.262 108.750 103.756 103.502 103.242 102.229 102.189 102.153 103.117 101.082 56.050 33.022 44.996 45.973 99.942 101.918 81.898 91.883 86.874 59.870 24.869 0.000 0.000 0.000 0.000
70.750 71.750 68.751 56.753 70.749 70.748 70.747 71.747 71.746 72.746 84.746 66.746 64.746 64.746 65.746 65.747 65.747 66.747 80.748 91.749 66.750 70.752 97.755 89.758 77.764 80.772 83.784 67.794 72.801 87.806 80.810 68.816 61.825 61.837 72.852 88.871 75.894 47.920 19.951 74.990 64.045 13.138 16.226 21.321 17.408 8.514 10.596 51.889 104.138 108.830 100.736 103.386 104.314 102.277 102.239 102.203 95.167 85.133 42.101 13.071 22.044 23.018 83.991 125.968 106.949 82.934 74.923 53.917 62.914 15.914 0.000 2.086 6.086
75.757 75.758 71.758 71.758 71.757 72.756 72.756 68.756 65.756 64.756 27.756 17.756 68.756 65.757 65.757 65.757 64.758 67.759 91.760 77.761 62.763 68.765 85.768 102.772 97.778 94.785 92.793 88.802 84.809 83.815 91.821 88.828 82.838 78.850 81.865 85.884 47.906 11.932 10.963 27.001 23.063 8.142 17.218 27.295 23.381 14.496 7.657 50.905 108.978 108.906 103.630 105.472 102.359 102.327 103.288 99.251 83.216 76.182 82.149 88.119 72.090 94.063 109.038 126.015 134.995 118.979 80.968 85.961 60.957 0.000 0.000 0.000 0.000
14.765 15.765 75.764 70.765 70.765 65.765 62.765 64.765 59.765 12.765 12.765 1.766 69.766 65.767 65.767 65.768 65.769 83.770 90.771 63.773 65.775 65.778 68.781 74.785 76.790 76.796 72.803 75.810 91.817 84.823 75.830 78.838 85.848 89.860 92.874 89.892 64.914 29.939 12.966 11.989 0.000 1.158 12.209 21.260 5.321 0.000 20.846 81.088 109.048 100.975 104.698 104.434 102.417 102.375 103.336 98.299 85.263 51.229 58.196 101.164 112.135 144.107 135.081 107.058 95.037 112.021 91.008 85.000 59.997 0.000 0.000 0.000 0.000
1.773 10.772 24.770 79.773 64.773 62.774 64.774 64.774 65.774 12.774 3.775 58.775 66.776 65.777 65.777 65.778 67.780 91.781 76.782 62.784 65.787 65.789 65.793 64.797 64.802 64.807 63.813 70.819 99.825 78.832 9.839 17.846 29.856 80.867 90.881 74.897 79.919 66.945 18.974 16.000 1.065 6.132 19.171 11.215 0.000 0.000 39.002 109.183 109.116 103.858 105.596 101.503 102.463 102.422 102.383 102.345 89.309 52.274 67.240 104.208 100.178 134.149 129.122 98.098 103.076 89.058 70.045 88.036 66.032 0.055 0.000 0.000 0.000
63.782 59.782 0.000 71.782 81.782 82.782 63.782 75.783 82.783 58.784 56.784 66.785 65.786 65.787 65.788 65.789 84.790 88.792 63.793 65.795 64.798 63.801 65.804 65.808 65.812 65.817 64.822 72.828 101.834 82.840 28.846 1.853 52.862 77.872 90.883 69.898 59.918 18.949 11.984 15.017 13.059 21.102 25.127 0.000 0.000 17.932 80.174 109.248 101.117 104.836 104.576 102.554 102.509 102.468 102.429 103.390 94.353 83.318 106.283 131.251 119.219 136.189 133.161 127.135 134.111 100.092 77.076 87.066 95.064 24.074 0.000 0.000 0.000
65.791 64.791 59.794 65.792 64.791 12.791 86.791 78.792 65.792 66.793 66.794 65.794 65.795 65.797 65.798 68.799 91.800 74.802 64.804 65.806 71.809 79.812 65.815 63.819 65.823 64.827 67.832 91.837 99.842 74.847 62.853 50.859 72.866 71.874 32.884 17.894 14.906 0.000 3.997 4.024 5.057 6.089 8.108 0.000 21.019 78.155 100.310 109.310 102.079 102.719 102.640 102.596 102.554 102.513 102.473 103.434 94.397 77.360 73.325 106.291 96.259 110.227 113.198 101.169 103.143 75.120 52.102 66.090 133.084 86.084 21.087 11.088 33.088
65.799 65.799 65.800 65.799 65.799 59.799 75.800 91.800 67.801 64.802 65.803 65.804 65.805 65.806 64.808 87.809 89.811 63.812 65.814 66.816 63.819 25.822 84.826 79.829 66.833 64.837 82.841 101.845 85.850 65.854 65.859 66.865 69.870 73.876 10.882 11.888 0.000 0.977 15.984 0.000 0.000 0.000 0.000 0.000 44.150 101.302 109.430 109.371 101.965 102.796 102.678 102.641 102.597 102.556 102.516 101.477 86.439 88.402 108.366 127.331 126.297 131.264 136.233 123.202 121.172 108.144 57.122 55.106 131.097 95.092 33.089 26.088 91.088
65.806 65.806 65.807 65.807 65.807 65.808 65.808 76.809 91.810 67.811 64.812 65.813 65.815 63.816 71.818 92.819 72.821 64.823 66.824 64.826 6.829 3.833 72.836 73.839 79.843 78.846 86.850 85.854 66.857 64.861 66.866 69.870 74.873 74.876 0.000 0.000 0.000 2.971 26.973 13.969 14.968 13.968 0.000 5.353 52.446 106.528 109.487 101.308 103.017 102.750 102.729 102.682 102.639 102.598 102.557 102.518 88.480 84.442 105.406 106.370 106.335 109.301 109.267 108.233 113.198 86.164 62.135 77.117 92.105 31.099 0.000 0.000 35.088
65.814 67.814 67.813 65.814 65.815 65.816 65.817 65.818 76.819 91.820 67.821 62.823 62.824 79.826 91.828 85.830 62.831 65.833 61.834 7.833 4.840 58.844 65.847 65.849 71.852 88.855 88.859 81.862 74.865 66.868 53.872 23.875 88.878 68.879 0.000 0.000 0.000 1.966 15.967 8.967 22.967 11.968 0.000 5.554 25.622 109.599 109.543 102.176 102.907 102.811 102.767 102.723 102.680 102.639 102.598 103.559 98.520 88.482 83.445 82.408 82.372 82.336 82.301 86.264 60.225 4.176 30.140 86.120 82.107 43.100 5.097 0.000 34.088
66.822 3.821 4.819 65.822 64.823 63.824 63.825 62.826 62.827 75.829 90.830 83.832 90.834 92.836 79.838 63.840 70.842 70.844 58.846 0.000 6.853 69.855 65.857 67.860 91.862 98.865 76.867 67.870 74.873 81.875 69.878 5.881 48.883 66.884 0.000 0.000 0.000 2.960 8.963 5.965 19.966 0.000 0.000 5.713 11.059 109.653 107.431 103.139 102.879 102.853 102.806 102.762 102.720 102.678 102.638 102.598 103.560 102.521 100.483 99.446 99.408 100.371 102.335 76.299 18.262 0.000 15.127 71.115 102.105 93.098 66.093 42.090 59.088
65.830 64.830 0.000 64.831 75.832 79.832 83.833 88.834 91.836 92.837 92.839 92.841 78.843 65.845 81.848 98.850 99.852 99.855 92.859 70.866 5.865 66.866 64.868 73.870 101.872 88.874 65.876 64.878 66.880 69.882 60.885 5.887 25.889 25.891 0.000 0.000 0.000 8.952 3.957 0.000 2.966 0.000 13.676 14.998 5.982 109.704 111.380 107.015 102.934 102.888 102.844 102.800 102.758 102.717 102.677 102.637 102.599 102.560 102.522 102.483 103.443 106.406 78.370 11.335 0.000 0.000 0.000 16.107 72.100 103.093 94.089 70.087 47.088
65.838 67.839 63.842 65.840 80.840 79.840 75.841 71.842 70.844 66.846 87.848 77.850 88.852 79.855 95.857 91.860 84.863 85.866 96.869 102.873 91.875 92.876 84.878 92.880 100.881 73.883 64.885 65.886 65.888 64.890 64.891 66.893 61.896 10.899 70.907 61.913 0.925 2.939 0.000 0.000 0.000 4.521 82.607 79.822 109.799 109.753 105.257 106.083 102.964 102.925 102.880 102.837 102.795 102.755 102.715 102.676 102.638 102.599 102.561 104.520 109.477 78.440 18.405 0.000 0.000 0.000 0.000 0.000 13.093 64.087 99.083 49.082 0.000
67.846 3.846 62.847 65.847 65.847 65.848 64.849 65.850 67.851 65.854 77.856 72.859 81.862 92.864 80.867 65.870 66.873 67.876 68.879 73.883 86.885 96.887 102.888 100.890 89.891 65.892 65.893 65.894 65.896 65.897 66.898 89.899 62.901 2.904 66.909 16.915 10.924 3.931 0.000 0.000 0.000 14.465 102.673 104.875 109.843 103.593 103.295 103.028 103.006 102.958 102.915 102.872 102.831 102.791 102.752 102.714 102.676 102.639 104.602 89.561 43.503 10.471 0.000 0.000 0.000 0.000 0.000 0.000 0.000 35.077 97.075 49.075 0.000
68.853 1.853 62.854 65.854 65.855 65.856 65.857 66.858 4.858 64.862 68.865 79.868 79.871 87.874 92.877 78.880 63.883 63.886 63.890 65.893 67.895 68.897 69.899 69.900 68.901 67.901 63.902 63.903 64.903 65.904 76.904 90.905 61.905 55.907 57.908 0.000 0.000 3.931 0.000 0.000 0.000 18.513 101.627 109.927 109.885 102.450 103.176 103.080 103.035 102.991 102.948 102.907 102.867 102.827 102.789 102.751 102.715 102.679 107.646 63.619 0.000 0.000 0.000 0.000 0.000 0.000 0.000 0.000 0.000 38.068 98.067 57.067 0.000
