results4_8e4_rain/res_4e8f.totaltm
ncols         241
nrows         181
xllcorner     12693529.787448
yllcorner     3542525.717860
cellsize      155.156523
NODATA_value  -9999.000000
[rows 0 to 30 of 181, columns 140 to 209 of 241]
633.793 633.684 633.666 632.674 632.193 595.679 0.000 0.000 0.000 0.000 0.000 0.000 0.000 0.000 0.000 0.000 0.000 0.000 0.000 0.000 576.802 644.853 645.924 645.972 645.992 646.001 646.017 646.058 646.115 646.109 646.019 645.901 645.772 645.638 645.497 645.350 645.193 645.115 0.000 0.000 0.000 0.000 0.000 0.000 0.000 0.000 0.000 0.000 0.000 0.000 0.000 0.000 0.000 0.000 0.000 383.148 383.119 0.000 0.000 392.994 393.911 0.000 0.000 0.000 0.000 0.000 0.000 0.000 0.000 0.000
631.689 632.201 633.401 633.388 633.299 609.577 0.000 0.000 0.000 0.000 0.000 0.000 0.000 0.000 0.000 0.000 0.000 0.000 0.000 359.924 644.866 645.973 646.076 646.133 646.147 646.136 646.124 646.133 646.519 646.333 646.109 645.995 645.826 645.658 645.505 645.352 645.184 645.097 0.000 0.000 0.000 0.000 0.000 0.000 0.000 0.000 0.000 0.000 0.000 0.000 0.000 0.000 0.000 0.000 388.295 388.260 374.889 0.000 395.684 395.632 394.114 0.000 0.000 0.000 0.000 0.000 0.000 0.000 0.000 0.000
631.467 631.878 633.069 633.163 633.093 632.029 0.000 0.000 0.000 0.000 0.000 0.000 0.000 0.000 0.000 0.000 0.000 0.000 0.000 645.959 646.037 646.112 646.221 646.296 646.306 646.286 646.246 646.640 646.578 646.126 646.048 645.938 645.806 645.661 645.509 645.344 645.237 642.288 0.000 0.000 0.000 0.000 0.000 0.000 0.000 0.000 0.000 0.000 0.000 0.000 0.000 0.000 0.000 0.000 503.048 0.000 0.000 380.641 429.323 344.515 0.000 0.000 0.000 0.000 0.000 0.000 0.000 0.000 0.000 0.000
633.533 632.933 633.049 632.215 599.906 0.000 0.000 0.000 0.000 0.000 0.000 0.000 0.000 0.000 0.000 0.000 0.000 0.000 618.768 646.003 646.102 646.236 646.351 646.445 646.447 646.430 646.740 646.685 646.215 646.120 646.026 645.923 645.803 645.665 645.508 645.436 0.000 0.000 0.000 0.000 0.000 0.000 0.000 0.000 0.000 0.000 0.000 0.000 0.000 368.036 0.000 0.000 0.000 361.026 537.526 248.391 0.000 397.903 430.811 0.000 0.000 0.000 0.000 0.000 0.000 0.000 0.000 0.000 337.444 372.056
632.738 633.006 633.025 632.354 620.045 0.000 0.000 0.000 0.000 0.000 0.000 0.000 0.000 0.000 0.000 0.000 0.000 621.324 618.803 619.789 646.201 646.345 646.468 646.573 646.565 646.551 646.793 646.740 646.338 646.221 646.096 645.966 645.830 645.680 645.572 645.452 0.000 0.000 0.000 0.000 0.000 0.000 0.000 0.000 0.000 0.000 0.000 0.000 374.893 522.756 522.890 0.000 0.000 503.051 537.558 0.000 0.000 0.000 431.083 305.850 0.000 0.000 0.000 0.000 0.000 0.000 0.000 0.000 437.699 438.170
632.664 632.849 632.736 632.723 616.498 0.000 0.000 0.000 0.000 0.000 0.000 0.000 0.000 0.000 0.000 0.000 635.811 621.445 610.081 619.949 619.677 643.766 646.573 646.675 646.666 647.044 646.983 646.628 646.493 646.354 646.207 646.047 645.878 645.697 645.616 0.000 0.000 0.000 0.000 0.000 0.000 0.000 0.000 0.000 0.000 0.000 0.000 0.000 0.000 395.796 534.764 514.169 503.158 345.600 537.592 374.962 0.000 0.000 431.160 439.576 438.066 436.325 439.132 0.000 0.000 0.000 0.000 0.000 437.702 438.206
633.000 632.723 630.849 631.868 630.759 0.000 0.000 0.000 0.000 0.000 0.000 0.000 0.000 0.000 0.000 0.000 635.937 621.478 621.051 620.608 539.090 603.068 636.454 647.176 647.143 647.104 646.939 646.819 646.665 646.488 646.310 646.125 645.921 645.689 641.359 0.000 0.000 0.000 0.000 0.000 517.717 522.400 223.525 0.000 316.621 328.046 0.000 0.000 0.000 374.981 535.013 539.412 540.258 539.255 539.232 426.508 0.000 0.000 421.926 439.774 434.299 421.891 439.269 0.000 0.000 0.000 0.000 0.000 431.613 438.235
633.031 630.889 631.168 631.428 580.219 0.000 0.000 0.000 0.000 0.000 0.000 0.000 0.000 0.000 0.000 653.981 654.238 635.948 612.643 620.162 619.694 604.162 602.202 647.205 647.193 647.131 647.057 646.954 646.814 646.629 646.408 646.175 646.029 643.686 0.000 0.000 0.000 0.000 0.000 0.000 337.379 522.411 522.622 520.625 518.347 327.961 0.000 0.000 0.000 0.000 0.000 361.114 540.268 539.651 295.739 0.000 0.000 0.000 0.000 439.798 439.778 439.639 439.622 439.354 438.973 438.952 438.880 440.566 440.544 440.340
0.000 631.066 631.113 591.103 0.000 0.000 0.000 0.000 0.000 0.000 0.000 0.000 0.000 0.000 652.080 657.031 657.061 654.815 642.010 589.087 619.219 604.165 613.988 647.250 647.217 647.191 647.131 647.045 646.915 646.714 646.447 646.288 646.013 0.000 0.000 0.000 0.000 0.000 0.000 0.000 0.000 316.630 522.642 523.980 523.933 316.627 0.000 0.000 0.000 0.000 0.000 328.071 540.277 538.779 538.754 381.199 0.000 0.000 407.932 440.509 439.006 431.634 438.918 439.339 438.901 438.599 439.513 441.242 438.654 438.303
631.589 631.038 616.561 0.000 0.000 0.000 0.000 0.000 0.000 0.000 0.000 0.000 0.000 650.279 653.515 657.093 657.079 657.078 655.961 646.809 567.587 638.954 647.828 647.273 641.567 644.735 644.521 646.915 646.759 646.565 646.339 646.254 0.000 0.000 0.000 0.000 0.000 0.000 316.292 295.841 0.000 0.000 426.861 525.660 415.704 0.000 0.000 0.000 0.000 0.000 0.000 540.402 540.392 527.001 538.723 538.702 337.169 0.000 428.415 440.557 436.653 418.450 427.145 439.167 433.051 432.850 437.309 441.288 435.786 435.830
632.972 632.330 609.762 0.000 0.000 0.000 0.000 0.000 0.000 0.000 0.000 0.000 651.519 651.578 657.181 657.146 657.129 657.104 657.094 656.981 651.929 649.358 647.884 0.000 294.743 645.034 663.889 637.966 646.556 646.374 646.300 0.000 0.000 0.000 0.000 0.000 0.000 248.811 518.120 268.033 0.000 0.000 493.650 526.655 307.162 0.000 0.000 0.000 0.000 0.000 541.376 541.349 415.661 445.658 537.868 538.676 353.557 0.000 419.203 440.568 436.047 411.696 422.472 429.172 414.726 411.231 435.301 445.168 431.796 416.821
636.153 634.731 625.025 0.000 0.000 0.000 0.000 0.000 0.000 0.000 0.000 648.745 648.506 657.280 657.243 657.239 657.204 657.173 657.135 657.106 657.058 653.300 623.553 329.323 302.974 663.889 642.313 369.398 369.332 646.258 643.718 0.000 0.000 0.000 0.000 0.000 0.000 248.974 518.151 518.176 520.703 524.986 526.676 526.724 0.000 0.000 295.832 541.052 544.747 544.624 544.659 541.030 0.000 0.000 537.849 528.429 0.000 0.000 429.511 440.668 440.151 422.812 443.805 444.012 443.449 425.577 444.476 453.387 444.173 401.739
635.754 635.666 634.631 0.000 0.000 0.000 0.000 0.000 0.000 0.000 0.000 648.796 656.227 657.378 657.351 657.336 657.276 657.239 657.198 657.148 657.111 657.098 654.592 629.668 663.889 663.889 394.478 369.626 363.495 366.269 0.000 0.000 0.000 0.000 0.000 0.000 295.956 518.822 518.177 519.746 525.030 527.234 526.719 526.808 186.067 0.000 268.026 544.982 544.849 542.016 544.672 541.823 0.000 0.000 467.915 395.856 0.000 405.918 440.654 440.685 440.381 438.812 438.666 444.018 444.705 444.729 442.394 453.525 444.961 401.785
635.861 635.124 634.641 0.000 0.000 0.000 0.000 0.000 0.000 0.000 650.382 653.823 657.487 657.444 657.443 657.441 657.351 657.300 657.257 657.205 657.146 657.112 657.124 663.889 663.889 483.147 397.999 402.743 0.000 0.000 0.000 0.000 0.000 0.000 186.044 519.226 519.444 519.473 519.516 525.030 527.297 527.315 517.528 527.016 527.221 527.338 516.666 545.051 544.959 544.874 544.936 514.443 0.000 0.000 467.934 361.212 0.000 400.245 440.678 440.700 439.804 426.415 412.190 440.348 436.308 450.556 453.687 453.861 453.650 453.286
637.254 623.712 0.000 0.000 0.000 0.000 0.000 0.000 0.000 650.546 653.694 657.632 657.561 657.529 657.527 657.554 657.441 657.350 657.312 657.259 657.196 657.127 663.889 663.889 657.022 650.483 617.481 0.000 0.000 0.000 0.000 0.000 0.000 0.000 328.105 328.048 0.000 415.772 525.851 527.280 527.354 527.416 283.358 0.000 249.016 532.212 527.364 545.192 541.434 545.189 544.950 0.000 0.000 282.993 467.738 353.689 0.000 396.126 440.610 440.994 440.802 441.010 441.538 441.017 419.869 445.828 450.882 453.873 450.882 446.458
637.324 625.202 0.000 0.000 0.000 0.000 0.000 0.000 0.000 652.459 657.582 657.720 657.713 657.620 657.598 657.633 657.597 657.533 657.379 657.311 657.241 663.889 663.889 657.119 657.104 657.049 652.014 589.251 0.000 0.000 0.000 0.000 0.000 320.521 320.543 0.000 0.000 0.000 468.472 527.306 527.379 527.522 530.156 249.189 0.000 535.690 531.116 545.277 545.187 545.246 544.890 0.000 0.000 468.186 468.259 328.094 0.000 400.371 440.722 441.018 439.240 439.351 441.746 442.435 442.455 438.007 445.422 453.884 446.995 405.726
637.018 628.641 0.000 0.000 0.000 0.000 0.000 0.000 652.299 657.117 657.888 657.870 657.852 657.734 657.658 657.843 657.637 657.567 657.476 657.378 663.889 663.889 657.129 657.118 657.102 654.415 644.316 0.000 0.000 0.000 0.000 0.000 0.000 320.460 320.497 0.000 0.000 0.000 0.000 0.000 0.000 530.150 530.240 528.988 531.202 535.904 528.884 545.400 545.326 545.283 543.014 375.267 527.183 536.030 395.876 0.000 0.000 400.436 440.470 441.047 439.766 409.308 417.169 442.449 442.488 400.466 442.336 453.897 445.478 387.548
637.037 596.043 0.000 0.000 0.000 0.000 0.000 651.765 655.485 657.952 657.959 657.984 657.975 657.851 657.998 657.921 657.744 657.625 657.529 663.889 663.889 657.133 657.126 657.102 653.412 0.000 0.000 0.000 0.000 0.000 0.000 0.000 0.000 0.000 320.266 0.000 0.000 0.000 0.000 0.000 0.000 0.000 545.350 546.585 546.555 545.903 542.751 546.583 544.703 545.299 537.096 537.043 536.997 536.049 345.798 0.000 0.000 398.420 440.256 441.070 441.869 441.921 441.954 437.667 444.911 454.237 454.222 454.207 453.965 451.906
591.517 0.000 0.000 0.000 0.000 0.000 650.221 654.031 657.960 658.013 658.046 658.073 658.086 658.150 658.116 657.988 657.877 657.743 663.889 663.889 657.306 657.223 657.167 651.867 0.000 0.000 0.000 0.000 0.000 0.000 0.000 0.000 0.000 0.000 0.000 0.000 0.000 0.000 0.000 0.000 0.000 0.000 543.400 546.625 546.592 437.741 224.010 547.539 545.426 545.363 541.180 510.282 533.887 535.881 534.087 337.257 0.000 0.000 368.251 441.405 441.908 441.962 442.011 445.128 454.613 454.503 450.223 450.181 450.304 450.273
0.000 0.000 0.000 0.000 0.000 0.000 651.596 657.957 658.042 658.099 658.139 658.133 658.223 658.243 658.202 658.110 657.989 663.889 663.889 657.489 657.391 657.282 656.908 449.411 0.000 0.000 0.000 0.000 0.000 0.000 0.000 0.000 0.000 0.000 0.000 0.000 0.000 0.000 0.000 0.000 0.000 0.000 545.101 548.438 531.339 0.000 296.377 547.578 546.840 361.613 249.062 527.121 533.734 535.767 535.074 503.413 0.000 0.000 0.000 0.000 405.211 439.576 403.847 454.634 454.624 437.972 442.344 450.151 445.928 406.163
0.000 0.000 0.000 0.000 0.000 651.637 656.820 658.071 658.119 658.197 658.290 658.289 658.367 658.365 658.318 658.218 663.889 663.889 657.264 657.390 657.298 657.234 647.433 0.000 0.000 0.000 0.000 0.000 0.000 0.000 0.000 0.000 0.000 0.000 0.000 0.000 0.000 0.000 0.000 0.000 0.000 329.040 550.531 550.256 550.447 550.038 549.243 549.229 548.011 337.679 249.082 527.143 533.588 535.740 535.714 528.616 0.000 0.000 0.000 0.000 392.500 434.259 446.283 454.852 448.419 399.228 450.017 450.123 441.892 408.774
0.000 0.000 0.000 0.000 648.885 652.569 658.056 658.112 658.200 658.314 658.411 658.508 658.478 658.464 658.421 663.889 663.889 656.799 657.132 657.317 657.128 650.661 0.000 0.000 0.000 0.000 0.000 0.000 0.000 0.000 0.000 0.000 0.000 0.000 0.000 0.000 0.000 0.000 0.000 0.000 0.000 550.712 550.559 550.528 550.491 550.159 549.891 549.852 548.615 328.676 0.000 528.613 533.576 535.713 532.949 0.000 0.000 0.000 0.000 386.548 455.601 414.444 454.924 454.880 423.372 450.052 452.103 444.329 436.538 436.450
0.000 0.000 0.000 0.000 647.290 650.853 655.916 657.601 658.293 658.411 658.502 658.566 658.566 658.551 663.889 663.889 653.237 653.228 653.189 657.244 653.495 0.000 0.000 0.000 0.000 0.000 0.000 0.000 0.000 564.092 562.839 0.000 0.000 0.000 0.000 0.000 0.000 0.000 0.000 0.000 0.000 550.735 518.577 549.434 549.977 529.524 524.559 518.266 532.764 549.970 518.016 460.485 532.378 404.629 0.000 0.000 0.000 0.000 0.000 393.599 455.664 454.957 454.937 454.901 411.220 449.342 451.754 0.000 0.000 344.552
0.000 0.000 0.000 0.000 648.903 648.813 649.241 654.464 657.801 658.529 658.579 658.654 658.647 663.889 663.889 654.253 0.000 655.196 0.000 657.186 650.130 0.000 0.000 0.000 0.000 0.000 0.000 0.000 0.000 564.390 564.146 0.000 0.000 0.000 0.000 0.000 0.000 0.000 0.000 453.670 0.000 551.053 549.503 549.838 550.070 549.954 549.812 549.633 549.458 550.006 375.637 0.000 337.126 520.796 345.114 0.000 0.000 0.000 396.393 455.819 455.726 455.304 453.276 453.336 453.336 450.193 452.340 297.762 0.000 0.000
0.000 0.000 0.000 0.000 649.033 645.297 642.754 650.154 657.064 657.132 658.654 658.738 663.889 663.889 655.399 640.393 0.000 657.131 657.108 655.685 0.000 0.000 0.000 0.000 0.000 0.000 0.000 0.000 564.722 564.695 562.021 0.000 0.000 0.000 0.000 0.000 0.000 0.000 0.000 552.793 552.388 551.119 549.593 518.856 550.919 550.803 550.686 550.575 550.468 550.408 354.298 0.000 0.000 520.837 520.893 327.287 0.000 0.000 317.780 455.843 455.769 455.298 453.523 453.511 453.504 452.961 452.325 452.389 0.000 0.000
0.000 651.310 655.380 657.103 653.257 649.033 648.062 653.297 653.777 653.436 657.132 663.889 663.889 656.748 649.444 643.074 0.000 653.746 655.141 650.319 0.000 0.000 0.000 0.000 565.223 565.439 565.014 564.775 564.749 563.861 561.524 0.000 0.000 0.000 0.000 0.000 0.000 0.000 0.000 552.859 551.152 550.404 329.918 0.000 553.716 550.221 550.215 550.104 549.925 549.781 337.877 0.000 0.000 520.907 520.946 336.191 0.000 0.000 455.841 455.867 455.829 455.770 455.299 455.187 455.115 0.000 275.624 307.094 0.000 0.000
0.000 652.451 658.436 658.926 657.128 654.188 653.300 657.131 651.159 651.308 663.889 663.889 657.133 653.531 652.190 652.289 0.000 613.787 654.349 0.000 0.000 0.000 0.000 564.775 565.225 565.458 565.231 0.000 0.000 0.000 561.484 542.412 0.000 0.000 0.000 0.000 0.000 0.000 309.778 554.548 554.381 429.366 0.000 0.000 559.699 553.192 550.940 550.240 550.175 382.555 0.000 373.632 523.623 520.339 520.987 336.106 0.000 0.000 0.000 456.212 455.867 455.842 291.014 0.000 0.000 0.000 0.000 0.000 0.000 0.000
652.157 657.124 658.994 658.975 658.978 658.429 657.497 655.701 650.734 650.719 663.889 652.046 652.092 652.118 652.479 657.131 657.129 657.081 0.000 0.000 0.000 0.000 565.839 561.683 564.479 565.969 565.876 0.000 0.000 0.000 0.000 560.268 0.000 0.000 0.000 516.397 0.000 0.000 554.704 554.733 554.711 554.513 370.650 563.915 563.957 563.439 563.195 559.344 540.414 426.758 0.000 502.935 526.274 521.064 521.027 344.365 0.000 0.000 0.000 456.452 449.033 455.633 301.851 0.000 0.000 0.000 0.000 0.000 0.000 0.000
654.378 659.084 659.070 659.048 659.029 659.036 659.119 657.132 654.317 663.889 650.751 650.850 650.535 649.782 650.660 657.129 657.118 649.105 0.000 0.000 565.040 320.054 567.696 564.930 566.404 565.986 490.450 0.000 0.000 0.000 0.000 561.021 511.543 0.000 0.000 516.522 552.904 554.169 554.562 554.757 551.740 545.704 554.346 554.453 563.998 555.997 552.671 551.528 389.380 0.000 281.980 452.344 527.083 522.923 366.948 0.000 0.000 0.000 247.588 456.702 449.921 455.744 328.985 0.000 0.000 0.000 0.000 0.000 0.000 0.000
658.104 659.159 659.144 659.120 659.092 659.137 659.178 659.962 663.889 655.576 651.423 652.057 657.131 648.824 649.545 650.987 650.848 0.000 0.000 0.000 566.703 568.603 568.385 568.369 566.441 0.000 0.000 0.000 0.000 0.000 561.801 561.053 495.996 0.000 0.000 0.000 554.169 554.791 554.793 554.788 516.629 0.000 552.096 552.667 564.203 557.820 555.063 503.984 521.105 523.955 536.640 527.148 527.118 523.088 359.816 0.000 0.000 0.000 0.000 456.728 454.718 455.801 457.439 0.000 0.000 0.000 0.000 0.000 0.000 0.000
659.253 659.237 659.209 659.198 659.146 659.268 659.296 663.889 659.962 658.423 655.682 646.446 648.286 648.516 646.921 647.806 0.000 0.000 0.000 0.000 570.359 568.625 567.576 566.702 0.000 0.000 0.000 0.000 0.000 562.719 561.838 525.731 385.634 0.000 0.000 0.000 554.174 555.002 555.906 555.655 555.625 554.895 0.000 308.683 564.675 558.284 452.995 0.000 524.466 524.291 544.871 521.432 433.851 0.000 0.000 0.000 0.000 0.000 322.502 456.757 456.794 457.377 457.500 337.681 0.000 0.000 0.000 0.000 0.000 0.000
