results4_8e4_rain/res_4e8f-0220.wd
ncols         241
nrows         181
xllcorner     12693529.787448
yllcorner     3542525.717860
cellsize      155.156523
NODATA_value  -9999.000000
[rows 0 to 32 of 181, columns 146 to 218 of 241]
0.000 0.000 0.000 0.000 0.000 0.000 0.000 0.000 0.000 0.000 0.000 0.000 0.000 0.000 5.865 16.714 17.472 17.176 16.849 16.511 16.180 15.870 15.593 15.358 15.166 15.017 14.906 14.830 14.781 14.754 14.743 19.739 0.000 0.000 0.000 0.000 0.000 0.000 0.000 0.000 0.000 0.000 0.000 0.000 0.000 0.000 0.000 0.000 0.000 20.314 27.314 0.000 0.000 46.507 51.507 0.000 0.000 0.000 0.000 0.000 0.000 0.000 0.000 0.000 0.000 0.000 0.000 0.000 0.000 0.000 0.000 0.000 0.000
0.000 0.000 0.000 0.000 0.000 0.000 0.000 0.000 0.000 0.000 0.000 0.000 0.000 1.410 17.016 17.806 17.527 17.206 16.860 16.505 16.158 15.836 17.552 16.314 15.123 14.978 14.873 14.802 14.759 14.739 14.735 19.734 0.000 0.000 0.000 0.000 0.000 0.000 0.000 0.000 0.000 0.000 0.000 0.000 0.000 0.000 0.000 0.000 17.314 39.314 15.314 0.000 25.507 58.507 52.507 0.000 0.000 0.000 0.000 0.000 0.000 0.000 0.000 0.000 0.000 0.000 0.000 0.000 37.505 0.000 0.000 0.000 0.000
0.000 0.000 0.000 0.000 0.000 0.000 0.000 0.000 0.000 0.000 0.000 0.000 0.000 20.645 19.300 17.966 17.623 17.262 16.881 16.491 16.111 17.764 17.466 15.223 15.036 14.898 14.804 14.745 14.715 14.708 16.724 10.729 0.000 0.000 0.000 0.000 0.000 0.000 0.000 0.000 0.000 0.000 0.000 0.000 0.000 0.000 0.000 0.000 29.314 0.000 0.000 20.507 51.507 13.507 0.000 0.000 0.000 0.000 0.000 0.000 0.000 0.000 0.000 0.000 6.506 0.000 0.000 0.000 40.505 12.505 0.000 0.000 0.000
0.000 0.000 0.000 0.000 0.000 0.000 0.000 0.000 0.000 0.000 0.000 0.000 3.133 20.067 18.573 18.135 17.736 17.337 16.911 16.465 17.031 16.644 15.324 15.077 14.898 14.776 14.700 14.660 14.648 20.655 0.000 0.000 0.000 0.000 0.000 0.000 0.000 0.000 0.000 0.000 0.000 0.000 0.000 14.315 0.000 0.000 0.000 13.314 73.314 3.314 0.000 26.507 53.507 0.000 0.000 0.000 0.000 0.000 0.000 0.000 0.000 0.000 12.506 18.506 37.506 0.000 0.000 30.505 39.505 40.505 12.505 0.000 0.000
0.000 0.000 0.000 0.000 0.000 0.000 0.000 0.000 0.000 0.000 0.000 8.188 1.360 3.050 18.789 18.266 17.849 17.440 16.961 16.428 16.904 16.455 15.109 14.864 14.703 14.607 14.560 14.548 15.561 16.608 0.000 0.000 0.000 0.000 0.000 0.000 0.000 0.000 0.000 0.000 0.000 0.000 15.315 38.315 33.315 0.000 0.000 29.314 57.314 0.000 0.000 0.000 53.507 8.507 0.000 0.000 0.000 0.000 0.000 0.000 0.000 0.000 52.506 56.506 58.506 0.506 0.000 43.505 38.505 38.505 48.505 0.000 0.000
0.000 0.000 0.000 0.000 0.000 0.000 0.000 0.000 0.000 0.000 10.913 3.512 1.878 1.300 1.441 16.292 17.952 17.614 17.065 18.383 17.703 15.164 14.794 14.566 14.442 14.390 14.386 14.410 20.441 0.000 0.000 0.000 0.000 0.000 0.000 0.000 0.000 0.000 0.000 0.000 0.000 0.000 0.000 18.315 39.315 31.315 29.315 11.315 42.314 15.314 0.000 0.000 38.507 51.507 42.507 40.507 49.507 0.000 0.000 0.000 0.000 0.000 52.506 54.506 59.506 38.506 27.506 44.505 47.505 0.000 0.000 0.000 12.504
0.000 0.000 0.000 0.000 0.000 0.000 0.000 0.000 0.000 0.000 7.315 4.016 3.646 3.148 0.450 0.643 11.055 18.999 18.304 18.334 15.361 14.702 14.337 14.165 14.110 14.125 14.183 14.264 9.353 0.000 0.000 0.000 0.000 0.000 35.324 68.324 2.324 0.000 8.324 49.324 0.000 0.000 0.000 15.315 39.315 52.315 87.315 49.315 50.314 21.314 0.000 0.000 35.507 54.507 39.508 35.507 52.507 0.000 0.000 0.000 0.000 0.000 39.506 45.506 41.506 41.506 45.506 48.506 56.505 0.000 0.000 0.000 35.504
0.000 0.000 0.000 0.000 0.000 0.000 0.000 0.000 0.000 30.574 31.014 7.586 3.197 3.435 3.082 0.806 0.376 6.022 18.817 16.288 14.704 13.949 13.685 13.647 13.706 13.817 14.958 12.111 0.000 0.000 0.000 0.000 0.000 0.000 10.324 56.324 63.324 45.324 37.324 9.324 0.000 0.000 0.000 0.000 0.000 13.315 80.315 59.315 6.314 0.000 0.000 0.000 0.000 47.508 62.508 60.508 62.507 54.507 46.507 49.507 48.507 57.507 61.506 58.506 59.506 59.506 54.506 49.505 46.505 0.000 0.000 0.000 0.000
0.000 0.000 0.000 0.000 0.000 0.000 0.000 0.000 24.697 42.134 43.583 33.088 9.668 2.082 3.089 0.851 2.831 8.202 6.652 16.298 13.218 12.704 12.809 13.030 13.252 14.481 14.719 0.000 0.000 0.000 0.000 0.000 0.000 0.000 0.000 8.324 54.324 64.324 69.324 8.324 0.000 0.000 0.000 0.000 0.000 9.315 52.315 44.315 49.314 16.314 0.000 0.000 31.508 59.508 44.508 38.508 45.508 57.507 45.507 44.507 53.507 62.507 49.506 45.506 48.506 54.506 60.506 62.505 60.505 46.505 37.505 20.504 29.504
0.000 0.000 0.000 0.000 0.000 0.000 0.000 20.834 30.261 45.681 43.096 43.514 35.932 12.358 1.225 4.781 14.325 6.489 2.268 3.059 6.164 10.841 11.815 12.415 12.789 18.135 0.000 0.000 0.000 0.000 0.000 0.000 8.324 6.324 0.000 0.000 21.324 67.324 20.324 0.000 0.000 0.000 0.000 0.000 0.000 48.315 58.315 34.315 50.314 70.314 10.314 0.000 37.508 61.508 40.508 34.508 37.508 50.507 39.507 39.507 41.507 43.507 40.506 41.506 35.506 39.506 45.506 46.505 44.505 53.505 55.505 58.504 66.504
0.000 0.000 0.000 0.000 0.000 0.000 25.967 24.406 47.831 44.234 43.608 42.939 43.188 38.241 20.748 12.461 8.154 0.000 0.054 4.384 2.161 3.370 11.196 12.025 17.353 0.000 0.000 0.000 0.000 0.000 0.000 3.324 45.324 4.324 0.000 0.000 28.324 68.324 7.324 0.000 0.000 0.000 0.000 0.000 43.317 87.316 20.315 23.315 45.314 72.314 12.314 0.000 34.508 59.508 39.508 32.508 35.508 37.508 33.507 32.507 39.507 55.507 38.507 34.506 48.506 44.506 41.506 48.505 48.505 51.505 60.505 64.504 51.504
0.000 0.000 0.000 0.000 0.000 30.018 18.527 46.994 45.423 44.815 44.162 43.448 42.638 42.672 39.473 25.165 4.458 0.377 0.077 46.298 4.550 0.084 0.110 14.138 10.246 0.000 0.000 0.000 0.000 0.000 0.000 3.324 41.324 36.324 45.324 57.324 61.324 51.324 0.000 0.000 6.320 42.319 57.319 62.318 86.317 42.317 0.000 0.000 47.313 35.313 0.000 0.000 37.508 64.508 51.508 35.508 83.508 111.508 60.508 36.507 52.507 99.507 51.507 28.506 93.506 66.506 41.506 48.505 50.505 40.505 49.505 62.504 45.504
0.000 0.000 0.000 0.000 0.000 19.510 41.128 47.621 46.054 45.440 44.776 44.052 43.246 42.334 42.318 41.225 30.397 4.995 50.894 47.950 0.384 0.159 0.056 0.062 0.000 0.000 0.000 0.000 0.000 0.000 6.324 40.324 36.324 41.324 55.324 65.324 49.324 36.324 1.323 0.000 4.320 51.319 50.319 46.318 85.318 45.318 0.000 0.000 26.313 18.313 0.000 30.509 58.508 60.508 54.508 42.508 41.508 74.508 115.508 53.508 46.507 103.507 54.507 28.507 100.506 70.506 33.506 35.505 41.505 32.505 46.505 45.504 33.504
0.000 0.000 0.000 0.000 24.041 34.384 49.852 47.309 46.731 46.114 45.452 44.737 43.957 43.116 42.156 41.416 40.275 52.622 52.297 1.044 0.526 9.635 0.000 0.000 0.000 0.000 0.000 0.000 1.324 56.324 59.324 41.324 40.325 55.325 65.325 51.325 34.324 36.323 36.323 34.322 32.321 44.320 47.319 57.318 97.318 31.318 0.000 0.000 63.312 13.312 0.000 27.509 57.509 57.509 44.509 36.508 32.508 42.508 39.508 79.508 110.508 127.507 108.507 97.507 123.506 117.506 108.506 54.505 34.505 51.505 46.505 35.504 30.504
0.000 0.000 0.000 25.234 34.697 52.135 48.588 48.030 47.448 46.833 46.181 45.484 44.750 43.908 43.362 40.991 52.661 52.656 36.863 19.157 6.314 0.000 0.000 0.000 0.000 0.000 0.000 0.000 42.324 9.324 0.000 20.325 58.325 62.325 54.325 39.325 5.325 0.000 3.322 38.322 34.321 44.320 43.319 66.318 63.318 0.000 0.000 5.311 66.311 12.312 0.000 25.509 55.509 67.509 46.509 52.509 75.509 52.508 34.508 58.508 81.508 115.507 81.507 61.507 109.506 99.506 74.506 43.505 29.505 100.505 68.505 40.504 30.504
0.000 0.000 0.000 30.772 50.377 49.871 49.334 48.777 48.197 47.590 47.950 47.289 45.528 45.103 42.526 52.729 52.672 40.442 42.061 39.676 23.633 4.631 0.000 0.000 0.000 0.000 0.000 44.324 13.324 0.000 0.000 0.000 26.325 58.325 36.325 34.326 40.326 3.326 0.000 39.322 37.321 43.320 44.319 66.318 62.317 0.000 0.000 26.311 73.311 9.311 0.000 27.509 58.509 61.509 42.509 42.509 88.509 123.509 72.509 40.508 56.508 103.508 63.507 30.507 96.507 83.506 41.506 33.505 26.505 107.505 71.505 43.504 44.504
0.000 0.000 31.391 48.705 52.167 50.639 50.100 49.546 48.974 49.376 47.765 47.063 46.721 44.147 53.177 52.884 41.948 42.799 41.794 32.138 12.882 0.000 0.000 0.000 0.000 0.000 0.000 40.324 14.324 0.000 0.000 0.000 0.000 0.000 0.000 39.326 36.327 35.327 37.326 39.324 35.322 43.321 45.319 57.318 53.316 15.313 34.312 67.311 18.310 0.000 0.000 27.509 54.509 60.509 46.509 31.509 33.509 58.509 45.509 27.509 45.508 100.508 56.507 22.507 93.507 78.506 36.506 32.506 28.505 106.505 71.505 43.504 34.504
0.000 30.672 44.077 53.491 51.947 51.416 50.882 50.336 50.771 50.198 48.538 48.248 45.680 54.131 53.603 43.623 44.622 42.502 29.690 0.000 0.000 0.000 0.000 0.000 0.000 0.000 0.000 0.000 14.324 0.000 0.000 0.000 0.000 0.000 0.000 0.000 43.328 53.328 64.327 52.325 41.323 45.321 42.319 47.317 40.315 59.313 77.311 65.310 11.309 0.000 0.000 26.509 52.510 57.510 63.510 61.510 49.510 39.510 52.509 84.509 103.509 124.508 104.508 87.507 121.507 114.506 96.506 56.506 29.505 104.505 76.504 48.504 35.504
27.748 39.266 53.756 53.233 52.715 52.198 51.675 52.139 51.599 49.973 49.722 47.171 55.368 54.727 45.200 46.347 47.287 25.549 0.000 0.000 0.000 0.000 0.000 0.000 0.000 0.000 0.000 0.000 0.000 0.000 0.000 0.000 0.000 0.000 0.000 0.000 41.331 45.330 63.328 22.326 2.324 52.322 43.320 46.317 42.314 30.312 49.310 64.308 51.307 10.306 0.000 0.000 17.510 60.510 62.511 55.511 43.510 52.510 103.510 94.509 75.509 76.508 77.508 77.507 77.507 78.506 80.506 51.506 31.505 103.505 79.504 42.504 36.504
31.230 54.889 54.447 53.970 53.481 52.985 52.478 51.971 51.378 51.161 48.630 56.716 56.034 46.676 47.890 46.877 42.359 1.815 0.000 0.000 0.000 0.000 0.000 0.000 0.000 0.000 0.000 0.000 0.000 0.000 0.000 0.000 0.000 0.000 0.000 0.000 42.334 53.333 37.331 0.000 6.324 49.323 46.320 13.317 3.314 34.310 48.307 63.306 60.305 29.305 0.000 0.000 0.000 0.000 29.512 44.511 28.511 89.511 90.510 39.510 45.509 87.509 58.508 30.507 76.507 66.506 46.506 44.506 35.505 103.505 74.504 31.504 32.504
49.054 56.612 55.173 54.719 54.255 54.780 53.306 52.751 52.573 50.067 58.100 57.404 47.060 49.308 48.299 48.673 18.007 0.000 0.000 0.000 0.000 0.000 0.000 0.000 0.000 0.000 0.000 0.000 0.000 0.000 0.000 0.000 0.000 0.000 0.000 9.340 62.338 60.335 64.333 61.331 57.327 57.324 51.321 10.318 3.313 34.308 47.304 65.303 72.303 35.304 0.000 0.000 0.000 0.000 23.513 36.512 56.512 103.512 66.511 26.511 94.510 95.509 44.508 31.507 52.507 108.506 67.506 35.506 35.505 98.505 116.504 103.504 108.503
58.753 56.334 55.912 55.480 55.036 56.596 54.078 53.947 51.480 59.499 58.796 42.375 46.580 50.636 47.102 24.378 0.000 0.000 0.000 0.000 0.000 0.000 0.000 0.000 0.000 0.000 0.000 0.000 0.000 0.000 0.000 0.000 0.000 0.000 0.000 61.343 60.341 61.338 63.335 62.332 60.329 61.325 54.322 9.320 0.000 35.304 47.300 70.297 43.300 0.000 0.000 0.000 0.000 21.515 51.514 30.514 95.513 89.513 33.512 89.511 102.511 51.509 39.508 42.507 37.507 68.506 107.506 64.506 27.505 98.505 101.504 75.504 17.503
49.436 56.058 56.661 56.249 55.838 55.352 55.265 52.837 60.861 60.204 25.613 30.789 33.670 52.339 35.962 0.000 0.000 0.000 0.000 0.000 0.000 0.000 0.000 50.811 39.811 0.000 0.000 0.000 0.000 0.000 0.000 0.000 0.000 0.000 0.000 38.348 32.345 35.341 39.337 34.334 33.330 32.327 34.323 38.320 32.314 25.304 40.293 19.287 0.000 0.000 0.000 0.000 0.000 23.516 46.515 37.515 38.514 38.513 30.513 51.512 52.512 0.000 0.000 13.507 43.507 36.506 58.506 51.506 33.505 66.505 14.505 0.000 12.503
28.156 43.801 56.422 59.039 56.576 56.520 54.100 61.993 61.470 34.790 0.000 44.131 0.000 55.963 24.464 0.000 0.000 0.000 0.000 0.000 0.000 0.000 0.000 57.811 51.810 0.000 0.000 0.000 0.000 0.000 0.000 0.000 0.000 24.383 0.000 39.355 35.351 35.345 35.340 35.335 35.331 35.328 35.324 37.322 15.319 0.000 10.282 41.270 11.260 0.000 0.000 0.000 24.517 55.517 43.516 42.516 34.515 35.514 35.514 33.513 47.513 7.513 0.000 0.000 14.506 39.506 34.506 47.506 46.506 0.000 0.000 0.000 12.502
19.923 27.565 50.205 54.778 57.735 55.273 62.779 62.428 41.682 17.487 0.000 60.786 58.687 45.097 0.000 0.000 0.000 0.000 0.000 0.000 0.000 0.000 60.817 66.813 37.809 0.000 0.000 0.000 0.000 0.000 0.000 0.000 0.000 41.383 39.377 36.366 35.358 32.348 36.341 36.336 36.332 36.328 36.325 39.323 12.322 0.000 0.000 39.253 39.249 9.244 0.000 0.000 9.518 42.518 35.518 34.517 33.516 33.515 33.514 33.513 34.513 43.513 0.000 0.000 0.000 7.506 40.506 43.506 41.506 0.000 0.000 0.000 36.502
23.711 34.341 38.963 36.861 48.415 63.192 63.034 46.674 25.435 18.936 0.000 40.516 53.181 26.639 0.000 0.000 0.000 0.000 48.858 54.854 46.848 44.835 53.822 46.813 36.804 0.000 0.000 0.000 0.000 0.000 0.000 0.000 0.000 39.388 36.383 35.375 9.366 0.000 41.340 35.336 35.332 35.328 35.325 36.324 10.323 0.000 0.000 40.240 39.240 10.239 0.000 0.000 39.519 35.519 35.519 35.519 34.518 34.516 38.515 0.000 5.513 8.513 0.000 0.000 0.000 0.000 40.506 35.506 35.506 36.505 0.000 8.502 38.502
35.459 49.096 24.811 23.683 63.259 63.256 49.675 36.398 32.732 37.570 0.000 7.582 42.882 0.000 0.000 0.000 0.000 44.864 48.861 50.858 48.855 0.000 0.000 0.000 48.791 32.778 0.000 0.000 0.000 0.000 0.000 0.000 7.408 49.399 46.391 21.384 0.000 0.000 54.342 40.338 36.333 35.328 39.324 16.323 0.000 15.218 53.221 34.228 38.231 10.233 0.000 0.000 0.000 40.521 35.521 39.521 6.520 0.000 0.000 0.000 0.000 0.000 0.000 0.000 0.000 0.000 40.506 35.506 35.505 40.505 0.000 0.000 12.502
56.171 44.753 24.815 20.312 63.224 24.723 30.446 32.671 36.344 54.925 64.372 52.350 0.000 0.000 0.000 0.000 42.870 36.867 42.864 57.861 56.859 0.000 0.000 0.000 0.000 49.765 0.000 0.000 0.000 35.453 0.000 0.000 51.416 50.409 56.399 49.386 14.373 68.360 65.348 63.340 61.332 53.326 34.321 21.322 0.000 29.215 82.216 36.220 37.223 11.228 0.000 0.000 0.000 45.524 31.523 36.523 7.522 0.000 0.000 0.000 0.000 0.000 0.000 0.000 0.000 36.505 38.505 40.505 34.505 39.505 0.000 0.000 9.502
64.762 51.857 34.156 62.829 20.753 22.538 21.703 21.341 30.905 58.436 53.839 25.094 0.000 0.000 41.879 7.877 49.874 41.870 52.867 47.863 26.861 0.000 0.000 0.000 0.000 53.752 29.748 0.000 0.000 31.453 39.453 43.446 45.432 47.422 37.410 34.389 42.372 42.360 62.350 45.341 39.332 37.321 17.312 0.000 5.220 24.212 92.208 48.212 14.215 0.000 0.000 0.000 3.527 58.527 31.526 38.524 10.523 0.000 0.000 0.000 0.000 0.000 0.000 0.000 15.505 38.505 53.505 51.505 44.505 3.505 0.000 0.000 10.502
62.823 61.064 62.413 39.692 27.592 23.732 23.366 21.938 28.524 44.071 39.455 0.000 0.000 0.000 44.880 65.879 60.877 61.873 43.870 0.000 0.000 0.000 0.000 0.000 44.739 35.743 27.744 0.000 0.000 0.000 43.459 47.454 47.445 47.436 31.429 0.000 38.365 39.358 63.351 49.343 43.333 29.316 36.293 51.261 71.228 60.205 84.192 49.204 13.210 0.000 0.000 0.000 0.000 56.531 32.529 33.526 38.523 0.000 0.000 0.000 0.000 0.000 0.000 0.000 0.000 8.505 57.505 54.505 7.505 0.000 0.000 0.000 6.502
60.906 62.358 61.556 60.566 42.708 22.353 22.935 23.548 22.178 24.869 0.000 0.000 0.000 0.000 60.883 50.882 48.880 44.877 0.000 0.000 0.000 0.000 0.000 45.735 36.735 32.737 15.740 0.000 0.000 0.000 43.471 51.465 60.456 59.448 61.442 49.443 0.000 7.356 66.354 50.347 24.340 0.000 39.284 49.261 76.228 38.187 22.150 0.000 0.000 0.000 0.000 0.000 9.544 47.538 34.532 35.526 38.521 11.515 0.000 0.000 0.000 0.000 0.000 0.000 0.000 0.000 14.505 15.505 0.000 0.000 0.000 0.000 7.502
62.364 61.339 63.450 63.611 47.279 23.875 26.501 26.136 23.774 24.356 0.000 40.890 0.000 6.889 54.887 54.887 61.886 0.000 0.000 19.807 7.806 0.000 0.000 40.734 34.731 28.729 0.000 0.000 0.000 0.000 41.488 42.479 44.468 43.457 41.449 33.443 0.000 0.000 68.361 54.352 39.340 2.322 38.297 49.272 73.235 29.165 25.072 8.008 0.000 0.000 0.000 0.000 9.550 54.544 33.536 35.527 35.518 36.510 40.503 12.501 0.000 0.000 0.000 0.000 0.000 0.000 0.000 0.000 0.000 0.000 0.000 0.000 0.000
62.055 64.252 63.442 64.139 37.755 28.397 48.051 41.721 23.424 1.104 0.000 37.890 52.890 57.890 43.890 64.891 56.891 0.000 0.000 33.808 64.805 16.799 0.000 41.735 35.727 32.719 0.000 0.000 49.567 45.547 41.515 43.495 48.479 48.465 46.452 57.439 49.420 9.400 68.376 60.361 60.346 52.329 33.311 51.293 59.277 0.000 27.966 10.943 0.000 0.000 0.000 0.000 19.561 58.552 30.542 32.527 33.513 34.504 39.499 11.498 0.000 0.000 0.000 0.000 0.000 0.000 0.000 0.000 0.000 0.000 0.000 0.000 0.000
