results4_8e4_rain/res_4e8f-0229.wd
ncols         241
nrows         181
xllcorner     12693529.787448
yllcorner     3542525.717860
cellsize      155.156523
NODATA_value  -9999.000000
[rows 66 to 98 of 181, columns 73 to 145 of 241]
71.953 35.938 0.000 61.102 78.077 77.045 77.016 0.000 48.407 48.391 61.404 57.414 56.394 56.347 55.278 131.178 119.004 0.000 0.000 0.000 51.716 46.652 51.556 54.492 54.439 56.389 57.341 62.283 63.229 64.184 55.153 0.000 0.000 52.449 102.449 84.363 88.230 88.320 86.374 94.292 86.785 87.265 88.005 86.778 86.557 87.353 57.198 0.000 0.000 0.000 0.000 0.000 0.000 0.000 43.770 41.746 41.705 41.649 41.582 41.513 45.438 58.360 55.281 40.205 51.131 60.057 38.984 41.911 47.839 52.768 48.697 42.628 40.560
56.956 62.924 0.757 49.332 73.287 72.256 66.258 19.344 0.000 0.000 54.484 67.564 56.564 55.532 56.488 37.445 0.000 0.000 0.000 0.000 0.000 0.000 62.487 60.460 58.426 41.383 44.334 51.278 52.237 57.205 48.179 0.000 0.000 0.000 62.692 80.600 87.539 87.632 94.717 94.512 86.856 87.545 87.257 87.047 86.837 81.650 39.518 0.000 3.705 36.705 0.000 0.000 0.000 49.853 44.817 41.781 41.738 41.684 41.622 41.555 41.484 41.410 48.335 62.260 63.186 46.113 40.040 40.969 41.898 45.827 44.758 40.689 40.622
58.971 57.902 62.772 60.577 74.484 67.433 68.416 65.430 0.000 0.000 0.000 69.793 64.765 59.729 61.695 8.671 0.000 0.000 0.000 0.000 0.000 0.000 61.445 57.435 48.422 0.000 0.000 49.257 61.237 60.221 0.000 0.000 8.399 65.279 57.025 60.848 67.926 82.986 94.909 86.593 88.149 87.714 87.525 87.309 85.096 67.892 46.705 52.705 50.705 31.705 0.000 0.000 0.000 7.890 58.862 40.825 41.780 45.727 53.667 43.602 41.533 40.461 44.387 59.314 66.240 58.168 44.096 39.025 40.955 40.886 40.817 40.750 39.682
59.017 56.941 60.840 71.723 65.636 58.578 77.543 66.530 18.547 0.000 12.198 62.050 77.974 72.925 72.892 75.873 0.000 0.000 0.000 0.000 7.397 7.402 59.414 50.412 53.406 0.000 0.000 0.000 97.233 124.220 39.204 0.000 64.519 59.415 59.253 59.159 55.242 95.261 95.090 87.639 91.245 87.992 87.784 87.570 79.344 32.118 0.000 54.705 32.705 0.000 0.000 0.000 46.997 45.954 44.917 40.877 44.831 56.777 61.718 59.653 52.584 42.513 51.440 59.367 38.294 44.222 57.151 54.081 50.012 57.944 38.877 40.809 38.742
57.079 63.007 72.924 64.837 56.761 56.700 69.648 77.600 73.564 76.489 78.347 73.234 68.157 70.106 59.073 58.056 0.000 0.000 0.000 8.390 64.392 63.395 51.397 53.393 54.383 58.362 57.349 0.000 8.240 2.224 1.173 10.924 70.744 63.609 58.447 59.536 57.581 95.416 57.253 64.844 79.440 87.261 88.048 85.843 44.593 0.000 0.000 0.000 0.000 0.000 0.000 48.067 42.041 42.010 41.976 42.935 52.888 61.834 60.773 60.708 56.639 52.567 62.494 45.420 40.347 41.275 41.204 51.135 64.068 51.001 38.936 39.869 45.802
63.149 74.083 64.012 56.940 57.872 57.811 59.750 43.657 69.620 67.557 59.466 56.381 55.315 71.268 73.238 60.223 0.000 0.000 0.000 64.388 60.388 57.387 50.386 54.381 54.371 54.355 54.335 13.303 16.264 17.234 19.186 87.059 83.926 72.794 71.748 60.744 95.693 95.561 59.305 65.954 60.731 67.535 86.308 61.158 0.000 0.000 0.000 0.000 0.000 0.000 0.000 48.093 42.089 42.071 42.041 43.001 51.952 61.896 60.834 59.767 56.696 61.622 55.548 39.473 41.399 41.327 41.256 51.188 59.122 38.058 40.995 43.931 62.862
74.225 64.165 57.102 58.038 57.977 58.924 39.884 0.000 26.703 54.651 57.580 57.509 57.453 55.413 79.388 63.376 0.000 0.000 0.000 41.385 58.383 52.381 53.379 54.373 54.364 54.351 54.334 65.310 5.278 9.261 26.272 79.201 89.099 10.986 92.907 83.099 95.809 57.874 71.518 68.162 58.034 54.839 51.490 36.324 0.000 0.000 43.668 0.000 0.000 0.000 0.000 44.123 42.152 42.143 42.115 42.074 43.024 48.965 56.900 56.829 56.755 60.679 38.602 41.525 41.449 40.376 46.306 63.239 46.175 40.114 43.056 23.996 24.913
64.307 57.250 58.191 58.132 58.075 61.022 16.977 14.942 7.838 52.766 57.694 59.621 57.576 56.544 74.525 70.516 0.000 0.000 0.000 0.000 49.378 52.377 54.374 54.369 54.362 54.352 56.340 42.325 0.000 0.000 76.439 79.374 90.284 96.155 90.258 88.295 95.909 78.921 81.624 66.467 59.372 52.299 0.000 0.000 0.000 0.000 41.668 0.000 0.000 0.000 0.000 0.207 45.251 42.235 42.202 42.158 42.103 42.041 41.971 48.896 56.817 44.736 41.655 41.575 41.498 44.423 57.352 57.286 39.224 41.168 44.119 11.085 0.000
57.392 58.338 58.282 58.224 58.168 58.113 62.061 63.010 62.942 58.879 58.810 38.705 55.684 56.664 72.651 71.647 0.000 0.000 0.000 0.000 48.375 54.373 54.371 54.367 54.362 54.355 42.347 0.000 0.000 4.804 81.671 87.576 90.476 90.422 89.501 96.043 88.400 91.117 85.807 70.749 60.689 59.685 59.819 0.000 0.000 0.000 38.668 45.668 38.668 0.000 0.000 0.000 60.369 41.342 42.301 42.251 42.192 43.123 42.047 41.966 41.880 41.794 41.707 41.623 40.543 46.466 61.395 38.329 41.268 41.214 43.169 18.138 0.000
58.481 58.428 58.373 58.316 58.259 58.201 58.146 58.093 58.043 57.998 61.963 0.000 48.791 57.778 73.767 68.773 4.820 0.000 0.000 0.000 53.373 56.371 56.369 56.366 54.363 57.360 0.000 0.000 0.000 73.938 79.866 90.781 90.662 90.771 88.820 96.247 89.532 94.176 90.067 91.001 78.952 66.933 55.953 50.953 52.953 0.000 0.000 44.668 39.667 45.662 46.646 44.608 50.515 60.461 42.411 43.354 52.288 59.213 41.130 42.039 41.945 41.851 41.758 40.668 45.583 64.504 58.432 47.365 40.305 41.252 43.204 58.161 76.114
58.573 58.521 58.466 58.409 58.349 58.288 58.228 61.173 59.138 58.105 62.082 0.000 48.911 57.888 74.868 66.860 6.867 0.000 0.000 0.000 26.371 36.370 35.368 35.366 56.364 41.362 0.000 0.000 0.000 76.142 86.076 90.988 90.947 90.051 96.866 96.573 90.594 91.437 90.296 90.240 91.186 82.142 47.107 0.000 0.000 0.000 0.000 42.670 42.671 39.671 41.670 42.662 41.623 48.578 62.526 45.466 43.394 53.312 41.218 42.117 42.011 41.906 41.804 41.708 49.618 62.536 49.462 61.396 39.337 40.283 45.234 66.187 78.139
58.668 58.615 58.561 58.504 58.442 61.372 63.304 35.235 56.229 59.205 61.176 21.151 52.053 56.997 68.955 66.930 7.921 0.000 0.000 0.000 0.000 0.000 2.367 2.366 37.365 0.000 0.000 0.000 24.579 74.413 91.307 91.190 91.307 89.393 97.132 89.175 94.882 90.579 90.534 90.467 90.409 80.344 41.225 0.000 0.000 0.000 0.000 0.000 45.677 46.683 33.700 41.746 42.736 42.701 46.651 62.588 45.512 42.421 42.315 42.198 42.077 41.959 39.846 45.741 64.645 45.560 44.486 58.420 42.362 40.310 47.262 73.216 78.170
58.764 58.711 58.658 58.604 60.543 36.456 38.380 0.000 18.338 54.308 58.269 62.222 58.155 61.090 66.027 70.985 9.966 0.000 0.000 0.000 0.000 3.367 55.367 62.367 0.000 0.000 0.000 7.862 83.745 85.626 91.521 91.478 90.597 97.611 97.380 90.233 90.950 90.823 90.754 90.692 89.638 69.599 0.000 0.000 0.000 0.000 0.000 0.000 0.000 37.683 0.000 48.889 45.873 41.839 41.789 43.724 60.644 49.545 41.424 42.283 42.140 41.005 45.879 47.764 46.661 43.574 41.500 41.437 41.381 42.332 55.287 77.245 78.204
58.859 58.806 58.756 58.710 63.672 1.656 0.000 24.567 16.477 50.420 59.369 57.315 59.253 71.182 43.076 37.018 1.992 0.000 0.000 0.000 0.000 53.367 59.367 61.367 0.000 0.000 0.000 70.980 75.912 89.824 91.708 91.840 89.936 97.825 89.728 91.406 91.101 91.043 90.970 90.906 82.852 59.815 0.000 0.000 0.000 0.000 0.000 0.000 0.000 0.000 0.000 53.048 48.028 41.992 39.941 42.876 42.795 58.691 51.553 42.369 43.196 41.042 47.903 47.776 44.662 38.574 41.504 41.445 43.395 57.350 76.310 78.273 81.239
59.952 57.899 57.851 57.809 60.776 30.762 27.737 59.656 64.585 58.525 56.471 63.417 73.360 76.308 0.239 0.000 0.000 0.000 0.000 0.000 0.000 21.367 28.367 30.367 0.000 0.000 0.000 73.165 81.102 91.014 92.006 91.045 98.218 98.027 90.756 91.462 91.326 91.250 91.178 91.112 73.049 54.994 0.000 0.000 0.000 0.000 0.000 0.000 0.000 0.000 0.000 51.226 49.200 49.159 46.107 39.045 40.969 41.872 57.727 57.443 54.234 51.063 43.914 42.775 39.636 40.555 41.496 45.446 65.402 77.363 77.329 78.298 77.271
74.040 72.988 71.940 69.898 66.861 67.830 67.792 64.737 65.680 67.626 67.574 73.521 75.463 33.386 0.000 0.000 0.000 0.000 0.000 0.000 0.000 0.000 0.000 0.000 0.000 11.673 19.594 74.415 91.308 92.217 92.167 91.395 98.396 90.227 91.905 91.594 91.531 91.451 91.380 89.313 71.240 42.117 0.000 0.000 0.000 0.000 0.000 0.000 0.000 0.000 0.000 41.429 45.389 48.338 49.284 48.226 45.164 41.100 35.041 0.000 0.000 0.000 0.000 0.000 43.551 41.517 44.478 65.440 78.405 77.373 78.344 81.318 77.297
70.124 72.071 71.024 72.981 74.942 73.904 72.865 70.819 68.772 68.725 69.678 65.630 65.584 0.000 0.000 0.000 0.000 0.000 0.000 0.000 0.000 0.000 0.000 0.000 0.000 60.752 83.695 82.593 91.500 92.388 92.515 90.618 98.562 92.319 91.926 91.804 91.721 91.645 91.578 87.521 67.481 0.000 0.000 0.000 0.000 0.000 0.000 0.000 0.000 0.000 48.819 43.672 40.587 42.521 47.464 49.411 49.363 50.322 41.295 0.000 0.000 0.000 0.000 0.000 44.500 42.483 58.459 79.432 77.405 77.379 77.355 78.335 77.318
58.202 58.150 59.103 66.060 75.020 80.982 68.943 62.903 57.863 55.823 54.783 60.736 39.660 0.000 0.000 0.000 0.000 0.000 0.000 0.000 0.000 0.000 0.000 0.000 0.000 66.887 82.841 90.765 92.679 92.646 91.775 98.856 98.715 94.335 92.143 91.983 91.907 91.831 91.765 86.713 61.681 0.000 0.000 0.000 0.000 0.000 0.000 0.000 0.000 49.089 43.967 43.853 43.766 42.696 39.639 44.592 48.555 49.530 46.522 0.000 0.000 0.000 0.000 47.456 41.465 45.458 73.443 77.423 77.403 77.383 77.364 77.348 77.335
57.275 57.225 61.179 66.136 68.097 71.059 61.023 56.988 57.954 57.922 59.894 37.873 0.000 0.000 0.000 0.000 0.000 0.000 0.000 0.000 0.000 0.000 0.000 0.000 0.000 53.068 82.016 91.946 92.844 92.974 91.083 98.986 91.879 93.555 92.237 92.172 92.085 92.008 91.939 82.883 55.849 0.000 0.000 0.000 0.000 0.000 0.000 0.000 48.325 44.212 44.105 44.008 43.926 43.859 43.805 40.762 39.733 42.722 49.741 49.830 0.000 0.000 0.000 41.446 42.447 60.441 77.430 76.416 76.401 77.385 77.371 77.358 77.347
57.344 57.295 59.251 60.209 58.171 57.135 58.102 57.071 57.042 57.018 61.999 6.987 0.000 0.000 0.000 0.000 0.000 0.000 0.000 0.000 0.000 0.000 0.000 0.000 4.437 61.302 90.213 93.129 93.099 92.229 99.222 99.108 94.876 92.578 92.434 92.345 92.258 92.176 93.099 73.031 60.984 0.000 0.000 47.926 0.000 47.696 49.653 49.570 44.437 44.329 44.233 44.147 44.072 44.010 43.959 43.920 42.894 39.883 48.892 49.918 42.918 0.000 0.000 49.436 41.435 49.430 55.421 58.411 62.399 68.387 74.376 76.365 76.357
58.409 58.362 58.319 58.279 58.243 57.209 57.178 57.151 57.127 56.108 64.096 15.090 0.000 0.000 0.000 0.000 0.000 0.000 0.000 0.000 0.000 0.000 0.000 0.000 45.572 81.489 92.403 93.293 93.433 91.525 99.325 92.325 94.001 92.686 92.611 92.517 92.427 92.339 93.251 65.159 43.072 0.000 0.000 43.926 0.000 42.740 44.693 44.618 44.525 44.435 44.351 44.275 44.207 44.148 44.101 44.064 42.039 44.026 50.025 47.032 0.000 0.000 0.000 48.428 47.426 46.421 45.415 44.406 43.397 47.388 58.379 54.371 56.365
56.470 56.425 56.384 56.347 56.312 56.280 56.252 57.227 59.207 61.193 36.186 3.187 0.000 0.000 0.000 0.000 0.000 0.000 0.000 3.808 12.800 0.000 0.000 15.931 56.790 87.683 93.580 93.569 92.596 99.504 99.419 95.314 93.021 92.873 92.780 92.686 92.593 92.501 88.406 35.283 0.000 0.000 0.000 43.926 49.907 44.831 44.760 44.686 44.610 44.535 44.462 44.393 44.331 44.277 44.232 44.196 41.171 50.157 50.151 46.152 0.000 0.000 0.000 47.422 46.419 47.415 47.410 47.403 47.396 47.388 46.381 46.375 45.370
57.527 57.485 60.446 64.411 67.378 71.348 73.321 76.298 75.281 67.270 5.269 16.285 40.338 8.362 0.000 0.000 0.000 0.000 0.000 43.817 70.792 10.752 0.000 50.073 82.973 92.865 93.764 93.694 92.917 99.578 91.749 93.436 93.120 93.045 92.948 92.854 92.759 93.666 80.591 0.000 0.000 0.000 0.000 23.945 43.964 44.915 46.831 46.755 44.695 44.633 44.568 44.506 44.448 44.396 44.353 41.318 46.293 49.278 50.272 41.273 0.000 0.000 0.000 31.418 52.414 52.410 49.406 46.400 46.394 47.389 48.383 48.378 47.374
59.581 58.542 65.506 74.472 75.440 74.412 73.387 72.365 69.348 63.338 38.335 55.345 73.367 42.386 26.406 2.414 0.000 0.000 14.889 53.850 67.798 6.712 25.549 67.314 92.165 95.048 93.889 94.100 92.076 99.640 93.733 93.448 93.300 93.209 93.116 93.022 92.923 94.811 38.701 0.000 0.000 0.000 0.000 0.000 40.090 46.036 26.892 26.810 43.781 44.732 44.673 44.614 44.558 44.508 43.465 41.431 50.405 50.389 47.384 41.396 47.446 0.000 0.000 0.000 63.409 78.406 71.402 67.398 63.393 59.388 62.384 62.380 45.377
59.632 59.596 62.562 65.530 64.501 62.473 60.448 58.427 56.409 56.397 65.391 67.392 64.400 61.409 65.417 13.422 0.000 0.000 54.929 84.896 35.838 31.750 65.622 89.467 94.334 94.189 94.306 92.261 99.723 92.136 93.850 93.537 93.466 93.373 93.284 93.196 96.100 52.956 0.000 0.000 0.000 0.000 0.000 0.000 42.269 47.247 0.000 0.000 40.889 44.841 44.779 44.718 44.662 44.612 41.569 49.534 50.508 49.489 40.480 44.482 44.495 0.000 0.000 0.000 31.407 61.404 79.400 78.395 78.392 78.388 78.385 72.382 62.379
59.682 59.649 59.617 58.587 58.558 59.531 59.507 59.484 57.465 58.449 63.438 66.432 62.431 57.432 60.434 15.434 0.000 0.000 47.000 56.967 34.909 67.827 82.722 91.602 94.484 94.414 93.511 100.090 99.861 93.125 93.853 93.711 93.623 93.536 93.452 93.377 96.326 0.000 0.000 11.690 20.690 0.000 0.000 43.566 46.471 45.434 52.454 1.361 41.045 44.962 44.884 44.817 44.759 42.709 44.666 50.630 50.601 42.580 43.566 44.558 44.556 0.000 0.000 0.000 0.000 0.000 61.396 77.393 77.390 77.387 77.385 78.383 78.381
59.731 59.701 59.671 59.642 59.614 59.587 59.562 58.539 57.517 61.498 65.481 65.468 60.460 56.455 61.451 14.447 0.000 0.000 43.105 12.064 59.004 82.927 88.835 94.740 94.589 94.797 92.786 100.296 92.542 94.253 93.940 93.871 93.780 93.694 93.611 100.534 84.501 0.000 7.689 57.690 43.690 0.000 0.000 38.661 46.615 45.566 45.512 51.405 49.219 48.080 44.979 44.907 44.849 41.799 49.755 50.719 46.688 41.664 44.644 44.628 46.615 50.626 0.000 0.000 0.000 0.000 0.000 74.390 77.388 77.387 77.385 78.383 76.382
59.781 59.753 59.724 59.696 59.669 59.642 58.617 57.592 59.568 63.543 66.519 62.499 57.486 56.476 59.469 41.456 28.426 29.364 25.251 26.180 66.114 87.041 92.962 94.850 94.988 92.977 100.655 100.483 93.545 94.258 94.111 94.022 93.934 93.849 98.764 41.646 56.642 26.679 57.689 65.691 0.000 0.000 0.000 37.802 46.762 45.702 45.624 55.510 66.348 40.157 50.045 45.982 42.930 44.882 50.838 49.801 40.769 43.742 44.720 44.695 31.649 32.638 0.000 0.000 0.000 0.000 0.000 55.388 76.387 77.386 77.385 81.384 77.383
59.832 59.804 59.776 59.749 59.722 59.696 57.670 57.645 61.618 68.588 69.552 65.525 60.507 58.497 58.492 60.481 60.458 69.416 10.353 44.293 82.232 89.164 95.091 95.056 94.186 100.963 100.814 93.898 94.678 94.340 94.266 94.171 94.084 94.006 101.948 0.000 39.743 41.706 31.696 33.693 0.000 0.000 0.263 40.983 46.930 45.858 51.771 67.662 44.505 0.000 31.061 44.047 42.007 49.961 50.916 46.877 43.844 44.817 44.797 46.784 0.000 0.000 0.000 0.000 0.000 0.000 47.387 28.387 67.386 77.385 77.385 82.384 77.383
59.883 59.856 59.828 59.801 59.775 58.749 57.724 59.699 66.672 43.639 19.577 18.541 15.520 45.512 62.520 57.519 60.510 41.488 3.452 49.407 87.353 93.300 95.186 95.428 93.449 101.100 94.229 95.005 94.573 94.514 94.408 94.315 94.226 95.144 93.073 15.018 14.880 0.000 0.000 0.000 0.000 0.000 40.361 48.214 46.115 45.027 64.941 68.862 0.000 0.000 1.177 40.138 46.090 51.037 50.988 40.946 44.912 44.886 44.868 47.859 0.000 0.000 0.000 0.000 0.000 0.000 26.387 0.000 55.385 77.385 77.384 83.384 77.384
59.934 59.907 59.880 59.853 58.827 57.801 59.777 62.754 70.733 29.717 0.000 0.000 0.000 0.000 44.557 59.566 60.574 46.575 48.559 74.527 91.486 95.409 95.581 93.601 101.342 101.226 95.207 94.900 94.751 94.647 94.549 94.454 94.361 97.269 82.182 11.100 0.000 0.000 0.000 0.000 0.000 1.719 40.512 47.395 46.290 44.196 72.103 32.982 0.000 0.000 46.357 51.259 51.179 51.110 49.054 44.008 44.973 44.947 44.931 46.925 0.005 51.018 3.018 0.000 0.000 0.000 0.000 0.000 48.385 77.384 77.384 77.384 77.384
59.985 59.958 59.932 59.905 58.879 57.853 61.829 65.807 69.790 27.780 0.000 0.000 0.000 0.000 24.586 67.614 62.644 68.680 81.683 90.660 94.620 95.625 94.774 101.547 101.448 94.540 95.315 94.971 94.887 94.782 94.684 94.590 98.495 61.391 33.287 0.000 0.000 0.000 0.000 0.000 2.997 42.875 47.703 46.566 48.454 45.362 69.294 0.000 0.000 41.675 48.503 64.362 53.255 50.172 46.108 44.060 44.023 44.998 44.984 44.984 50.009 46.018 37.018 0.000 0.000 0.000 44.384 46.384 45.384 77.384 77.384 77.384 77.384
60.035 60.009 59.983 59.957 57.930 59.903 65.877 66.855 64.839 51.834 12.851 0.000 0.000 0.000 0.000 20.661 16.707 56.817 87.831 91.810 95.749 95.917 94.040 101.636 93.850 95.628 95.192 95.126 97.013 95.912 94.816 94.727 100.637 23.514 0.000 0.000 0.000 0.000 0.000 24.226 63.120 63.001 50.859 47.711 58.598 53.504 54.417 15.330 3.155 39.848 44.617 55.433 51.306 55.215 49.148 52.099 51.062 48.037 45.023 44.019 44.024 50.027 0.000 0.000 0.000 0.000 41.384 41.384 51.384 77.384 77.384 77.384 77.383
