results4_8e4_rain/res_4e8f-0227.wd
ncols         241
nrows         181
xllcorner     12693529.787448
yllcorner     3542525.717860
cellsize      155.156523
NODATA_value  -9999.000000
[rows 66 to 98 of 181, columns 146 to 218 of 241]
38.480 53.417 75.358 76.303 76.253 76.207 76.165 76.126 76.092 79.063 15.045 0.000 2.907 0.000 0.000 0.000 0.000 1.411 48.411 23.411 0.000 30.409 60.408 60.408 60.407 67.407 73.405 73.403 73.400 73.396 73.391 73.386 73.381 73.375 73.370 75.365 60.361 61.358 53.358 0.000 0.000 0.000 0.000 0.000 29.686 36.677 45.657 39.619 17.568 15.537 30.511 51.486 59.462 53.438 48.414 48.390 38.365 35.341 35.317 38.293 59.269 71.246 66.224 55.203 62.182 69.162 73.142 73.124 72.106 72.089 72.073 72.057 72.042
41.541 60.478 78.418 76.363 76.314 76.270 76.229 76.192 81.157 70.128 40.115 37.133 0.000 0.000 0.000 0.000 0.000 19.411 21.411 0.000 0.000 0.000 30.405 61.405 70.404 73.404 73.402 73.400 73.398 77.394 75.390 73.386 73.382 73.377 72.372 64.368 58.365 64.362 54.360 0.000 0.000 0.000 0.000 21.678 35.679 40.674 36.667 0.000 2.520 12.505 32.487 35.466 49.444 58.422 47.399 46.375 44.351 35.327 35.302 34.278 40.254 64.231 71.209 56.187 58.166 60.145 62.126 66.107 70.089 72.072 73.055 72.040 72.024
46.601 67.535 77.472 76.417 76.371 76.329 74.291 73.254 28.217 13.178 44.155 50.151 15.154 0.000 0.000 0.000 0.000 0.000 0.000 0.000 0.000 14.402 43.403 63.403 73.402 73.401 73.400 73.398 73.396 75.393 74.390 73.386 73.383 74.379 64.375 62.371 65.367 60.364 52.362 0.000 0.000 0.000 0.000 39.677 42.676 4.674 3.670 0.000 7.487 40.478 42.464 52.447 55.427 66.407 64.385 52.361 41.337 33.313 35.288 35.263 30.239 44.215 61.192 65.170 70.149 67.128 60.108 65.089 68.071 68.054 66.037 68.022 71.007
51.659 74.589 78.519 79.463 76.422 77.385 72.352 18.318 2.278 43.210 44.175 49.161 57.158 0.000 0.000 0.000 0.000 0.000 0.000 0.000 0.000 26.401 49.401 62.401 74.400 73.399 73.398 73.396 73.395 74.392 73.390 73.387 73.384 70.381 64.378 29.373 2.370 0.000 0.000 0.000 0.000 0.000 0.000 35.677 42.677 0.000 0.000 0.000 57.463 43.456 38.444 66.429 71.412 72.393 76.371 70.348 58.324 38.299 35.273 35.248 33.223 34.199 40.175 41.153 48.131 56.110 63.090 67.071 68.053 69.035 65.019 68.003 68.988
33.719 38.644 48.553 24.495 81.468 78.439 63.412 40.388 10.369 0.000 0.000 0.000 0.000 0.000 0.000 0.000 0.000 0.000 0.000 0.000 0.000 27.400 52.400 55.399 71.398 73.398 73.397 73.395 77.394 76.392 73.390 73.388 74.385 65.383 68.382 0.000 0.000 0.000 0.000 0.000 0.000 0.000 0.000 0.000 29.677 38.677 0.000 0.000 88.446 51.439 33.428 64.415 72.399 72.380 72.360 75.336 74.311 54.285 37.259 35.232 33.207 36.182 37.157 45.134 50.112 39.091 39.070 44.051 49.033 55.016 59.999 63.984 67.969
79.787 58.715 0.000 0.000 85.515 77.491 64.470 46.452 13.438 0.000 0.000 0.000 0.000 0.000 0.000 0.000 0.000 0.000 0.000 0.000 0.000 0.000 13.398 57.398 73.397 73.396 73.395 73.394 75.393 74.391 73.390 73.388 74.387 62.385 72.384 0.000 0.000 0.000 0.000 0.000 0.000 0.000 0.000 0.000 0.000 5.677 13.677 0.000 25.436 41.426 34.415 64.402 72.388 72.371 73.350 73.326 73.300 66.272 42.244 38.216 36.190 33.164 54.139 66.115 72.092 56.070 49.050 45.031 43.013 39.996 39.979 39.964 67.949
55.866 0.000 0.000 82.704 82.586 80.541 71.526 56.511 12.494 0.000 0.000 0.000 0.000 0.000 0.000 0.000 0.000 0.000 0.000 0.000 0.000 0.000 39.396 62.396 74.396 73.395 73.394 74.394 73.392 73.391 73.390 73.389 74.388 67.387 32.386 0.000 0.000 0.000 0.000 0.000 0.000 0.000 0.000 0.000 0.000 0.000 0.000 0.000 0.000 38.414 37.402 55.392 70.379 73.364 67.345 63.319 69.290 60.258 43.228 42.200 51.172 46.145 69.119 73.094 72.071 70.049 70.029 67.010 64.991 61.974 57.958 49.943 69.928
82.913 72.912 78.881 34.821 0.000 1.562 77.583 51.572 12.533 0.000 14.788 0.000 0.000 0.000 0.000 0.000 0.000 0.000 0.000 0.000 0.000 2.395 55.395 67.395 74.395 73.394 73.394 75.393 75.392 73.391 73.390 73.389 72.388 68.388 17.387 0.000 0.000 0.000 0.000 0.000 0.000 0.000 0.000 0.000 0.000 0.000 0.000 0.000 0.377 0.000 26.388 52.383 70.374 71.362 52.345 55.315 57.282 54.242 39.211 36.183 59.154 68.125 72.097 74.072 74.048 75.027 73.006 72.987 73.969 72.952 73.936 73.921 72.907
84.961 76.941 81.910 32.878 0.000 0.000 68.668 16.661 0.000 0.000 46.788 9.788 0.000 0.000 0.000 0.000 0.000 0.000 0.000 0.000 0.000 1.394 58.394 70.394 74.394 73.394 73.393 74.392 74.392 73.391 73.390 74.389 70.389 65.388 15.388 0.000 0.000 0.000 0.000 0.000 0.000 0.000 0.000 0.000 0.000 0.000 0.000 0.000 18.378 20.378 31.380 47.377 69.372 71.365 17.358 0.000 0.000 44.217 38.192 33.166 47.136 66.103 72.074 74.048 74.024 74.002 71.982 71.963 72.946 71.929 71.914 72.899 72.885
77.028 76.982 76.941 74.903 61.869 47.823 40.759 39.744 35.771 38.783 41.788 41.789 13.789 0.000 0.000 0.000 0.000 0.000 19.393 21.393 0.000 11.394 57.394 71.394 73.393 73.393 73.393 73.392 73.392 73.391 73.390 73.390 55.389 50.389 48.389 43.389 7.389 0.000 0.000 0.000 0.000 0.000 0.000 0.000 0.000 0.000 0.000 0.000 22.377 48.377 39.377 43.375 63.371 64.367 37.364 0.000 0.000 0.000 35.173 40.154 39.122 58.077 71.047 72.021 71.998 71.977 71.957 71.939 71.922 71.905 71.890 71.876 71.862
77.069 77.019 76.970 75.924 72.882 74.840 48.802 27.784 65.786 38.790 42.791 18.790 0.000 0.000 0.000 0.000 0.000 0.000 19.393 65.393 14.393 2.393 56.393 70.393 74.393 73.393 75.392 76.392 74.391 73.391 73.390 71.390 64.390 55.389 56.389 55.389 8.389 0.000 0.000 0.000 0.000 0.000 0.000 0.000 0.000 0.000 0.000 0.000 16.376 51.376 43.375 50.373 65.371 60.369 66.367 0.000 0.000 0.000 0.000 0.000 0.000 48.035 71.016 71.993 71.971 71.950 71.930 71.913 71.896 71.881 71.866 71.852 71.839
77.106 77.054 77.995 79.941 76.894 76.853 75.823 76.806 67.800 45.798 17.798 0.000 0.000 0.000 0.000 0.000 0.000 0.000 6.393 58.393 45.393 35.393 51.393 73.393 73.392 73.392 73.392 73.392 73.391 73.391 73.390 73.390 71.390 50.389 54.389 61.389 4.389 0.000 0.000 0.000 0.000 0.000 0.000 0.000 0.000 0.000 0.000 0.000 12.376 63.375 7.375 30.373 53.371 60.369 21.368 0.000 0.000 0.000 0.000 0.000 0.000 2.011 59.988 72.964 71.941 71.921 71.902 71.885 71.870 71.855 71.841 71.828 71.815
80.146 76.096 73.014 74.952 77.901 77.856 79.831 76.817 74.809 61.806 10.804 0.000 0.000 0.000 0.000 0.000 0.000 0.000 0.000 14.392 49.392 41.392 57.392 75.392 73.392 73.392 73.392 73.391 73.391 73.391 73.390 73.390 74.390 63.390 50.389 54.389 60.389 2.389 0.000 0.000 0.000 0.000 0.000 0.000 0.000 0.000 0.000 0.000 0.000 8.375 0.000 0.000 38.370 57.370 0.000 0.000 0.000 0.000 0.000 0.000 0.000 0.000 47.962 68.935 71.910 71.889 71.872 71.857 71.843 71.829 71.816 71.803 71.790
73.194 34.170 0.000 0.000 0.000 69.839 74.829 80.820 76.814 65.811 15.810 0.000 49.815 19.815 0.000 0.000 0.000 0.000 0.000 0.000 41.392 45.392 66.392 74.392 75.392 76.392 73.391 73.391 73.391 73.391 73.390 73.390 73.390 74.390 53.389 35.389 44.389 5.389 0.000 0.000 0.000 0.000 0.000 0.000 0.000 0.000 0.000 0.000 0.000 0.000 0.000 0.000 27.370 60.370 0.000 0.000 0.000 0.000 0.000 0.000 0.000 0.000 0.000 48.904 68.873 71.855 71.840 71.827 71.815 71.803 71.790 71.778 71.765
68.234 25.221 0.000 0.000 44.831 42.831 59.826 78.821 75.817 60.814 41.813 45.814 49.815 15.815 0.000 0.000 0.000 0.000 12.392 0.000 42.392 53.392 73.392 73.392 76.392 76.392 73.391 73.391 73.391 73.391 73.390 73.390 73.390 74.390 70.389 65.389 54.389 34.389 28.389 0.000 0.000 0.000 0.000 0.000 0.000 0.000 0.000 0.000 0.000 0.000 0.000 0.000 29.370 21.370 0.000 0.000 0.000 0.000 0.000 0.000 0.000 0.000 0.000 0.000 53.824 69.816 71.807 71.797 71.787 71.776 71.765 71.753 71.740
74.266 55.259 27.266 0.000 0.000 44.827 44.824 66.821 78.818 56.816 43.815 48.815 26.815 0.000 0.000 0.000 0.000 0.000 41.392 34.392 39.392 56.392 75.392 75.392 76.392 73.391 73.391 73.391 73.391 73.391 73.390 73.390 73.390 73.390 73.389 75.389 64.389 52.389 41.389 42.389 35.389 26.389 31.389 0.000 0.000 0.000 0.000 0.000 0.000 0.000 0.000 0.000 32.370 7.370 0.000 0.000 0.000 0.000 0.000 0.000 0.000 0.000 0.000 0.000 38.783 66.780 70.774 71.767 71.759 71.750 71.740 71.728 71.716
77.290 68.282 21.274 0.000 0.000 0.000 43.822 48.820 75.818 63.817 44.816 47.816 22.816 0.000 0.000 0.000 0.000 0.000 44.392 37.392 40.392 58.392 77.392 76.392 74.391 74.391 73.391 73.391 73.391 73.391 73.390 74.390 74.390 74.390 68.389 59.389 63.389 70.389 63.389 61.389 49.389 36.389 43.389 1.389 0.000 0.000 0.000 0.000 0.000 0.000 0.000 0.000 0.000 0.000 0.000 0.000 0.000 0.000 0.000 0.000 0.000 0.000 0.000 0.000 30.746 61.745 71.743 73.739 73.733 73.726 72.716 71.705 71.691
77.309 52.304 0.000 0.000 0.000 0.000 0.000 50.819 63.818 57.817 56.816 53.816 43.816 21.816 0.000 0.000 0.000 0.000 43.391 36.392 41.392 56.392 68.392 65.391 60.391 62.391 67.391 72.391 74.391 74.390 72.390 62.390 60.390 65.390 54.389 51.389 51.389 62.389 66.389 61.389 47.389 36.389 8.389 0.000 0.000 0.000 0.000 0.000 0.000 0.000 0.000 0.000 0.000 0.000 0.000 0.000 0.000 0.000 0.000 0.000 1.609 0.000 0.000 0.000 18.709 43.712 49.713 51.712 51.709 52.703 61.695 70.683 71.668
76.325 42.321 0.000 0.000 0.000 0.000 0.000 45.818 39.818 38.817 46.817 46.816 46.816 42.816 15.816 0.000 0.000 0.000 48.391 43.391 48.391 58.391 61.391 64.391 22.391 0.000 0.000 13.391 74.391 71.390 60.390 15.390 0.000 0.000 53.389 85.389 78.389 57.389 63.389 57.389 46.389 31.389 34.389 0.000 0.000 0.000 0.000 0.000 0.000 0.000 0.000 0.000 0.000 0.000 0.000 0.000 0.000 0.000 14.609 4.609 22.609 43.614 54.624 53.641 71.669 79.680 80.686 78.687 80.687 67.683 50.677 68.665 71.647
74.336 39.334 0.000 0.000 0.000 0.000 0.000 45.818 41.818 20.817 0.000 0.000 0.816 0.000 0.000 0.000 0.000 0.000 54.391 48.391 43.391 39.391 25.391 0.000 0.000 0.000 0.000 0.000 0.000 0.000 47.390 9.390 0.000 0.000 0.000 48.389 81.389 41.389 42.389 41.389 37.389 40.389 87.389 46.389 0.000 0.000 5.388 0.000 0.000 0.000 0.000 0.000 0.000 0.000 0.000 0.000 13.580 4.581 0.000 0.000 8.604 90.609 86.618 68.630 69.645 66.655 67.662 89.665 82.667 68.666 48.663 57.653 56.630
60.345 41.344 35.347 0.000 0.000 0.000 0.000 0.000 43.818 27.817 0.000 0.000 0.000 0.000 0.000 0.000 0.000 0.000 54.391 54.391 55.391 38.391 13.391 0.000 0.000 0.000 0.000 0.000 0.000 0.000 43.390 20.390 0.000 0.000 0.000 47.389 96.389 60.389 63.389 58.389 43.389 61.389 115.389 112.389 43.389 0.388 27.388 24.388 0.000 0.000 0.000 0.000 0.000 0.000 0.000 0.000 3.580 21.581 11.582 9.586 18.594 93.600 60.607 68.616 59.626 40.634 51.641 94.646 60.649 47.652 54.657 8.655 0.000
44.351 44.350 30.350 0.000 0.000 0.000 0.000 0.000 0.000 0.000 0.000 0.000 0.000 0.000 0.000 0.000 0.000 0.000 57.391 48.391 42.391 40.391 14.391 0.000 0.000 0.000 0.000 0.000 0.000 40.390 33.390 58.390 54.390 0.000 6.389 53.389 59.389 51.389 94.389 83.389 54.389 7.389 71.389 126.389 10.389 0.000 5.388 0.000 0.000 0.000 0.000 0.000 22.579 19.579 14.580 3.580 72.580 110.580 101.580 97.582 44.586 88.590 56.595 45.601 92.608 73.615 93.621 74.627 44.632 52.637 0.000 0.000 0.000
47.355 48.353 40.353 0.000 0.000 0.000 0.000 0.000 0.000 0.000 0.000 0.000 0.000 0.000 0.000 0.000 0.000 0.000 11.391 52.391 42.391 20.391 0.000 0.000 0.000 0.000 0.000 0.000 0.000 42.390 39.390 15.390 0.000 0.000 0.000 27.389 6.389 0.000 7.389 49.389 5.389 0.000 27.389 93.389 48.389 0.389 0.000 0.000 0.000 0.000 0.000 0.000 0.000 4.579 0.000 0.000 28.579 8.578 72.577 76.577 27.578 88.579 65.582 38.586 56.591 106.596 120.602 54.608 42.616 9.626 0.000 0.000 18.427
46.358 47.356 47.355 51.356 43.356 0.000 0.000 0.000 0.000 0.000 0.000 0.000 0.000 0.000 0.000 0.000 0.000 0.000 0.000 42.391 38.391 22.391 0.000 0.000 0.000 0.000 0.000 0.000 43.390 40.390 17.390 0.000 0.000 0.000 0.000 1.389 0.000 0.000 0.000 53.389 2.389 0.000 27.389 0.000 0.000 0.000 0.000 0.000 0.000 0.000 0.000 0.000 0.000 13.579 7.579 9.579 2.579 0.000 48.571 67.570 26.569 90.567 70.568 40.569 89.573 92.577 87.583 95.589 59.596 0.000 0.000 1.393 32.407
48.361 26.358 37.356 46.356 46.356 46.356 45.356 0.000 0.000 0.000 0.000 0.000 0.000 0.000 0.000 0.000 0.000 0.000 0.000 44.391 40.391 24.391 0.000 0.000 0.000 0.000 0.000 0.000 0.000 46.390 18.390 0.000 0.000 0.000 0.000 0.000 0.000 5.388 17.388 40.388 44.388 21.388 0.000 0.000 0.000 0.000 0.000 0.000 0.000 0.000 0.000 0.000 0.000 2.579 0.579 6.579 0.000 0.000 51.566 71.564 31.560 91.554 76.552 90.552 90.554 49.557 42.562 87.570 36.583 0.000 0.368 33.379 41.386
53.364 0.000 0.000 43.356 32.356 0.000 45.356 35.356 0.000 0.000 0.000 0.000 0.000 0.000 0.000 0.000 0.000 0.000 0.000 43.391 40.391 28.391 0.000 0.000 0.000 0.000 0.000 0.000 0.000 0.000 0.000 0.000 0.000 0.000 0.000 0.000 0.000 0.000 56.388 73.388 34.388 0.000 0.000 0.000 0.000 0.000 0.000 0.000 0.000 0.000 0.000 0.000 0.000 0.000 0.000 11.579 0.000 0.000 86.563 72.560 33.552 91.538 88.533 80.532 72.533 58.536 59.540 28.544 0.000 0.000 17.356 36.363 43.368
50.366 0.000 0.000 30.356 22.356 0.000 0.000 0.000 0.000 54.367 50.367 41.367 0.000 0.000 0.000 0.000 0.000 0.000 0.000 47.391 43.391 25.391 0.000 0.000 0.000 0.000 0.000 0.000 0.000 0.000 0.000 0.000 0.000 0.000 0.000 0.000 0.000 0.000 19.388 103.388 69.388 0.388 0.000 0.000 0.000 0.000 0.000 0.000 0.000 0.000 0.000 0.000 0.000 0.000 0.000 0.000 0.000 0.000 18.563 0.000 0.000 65.512 106.510 85.510 84.511 82.513 85.517 33.523 0.000 0.000 21.348 35.350 36.351
66.367 0.000 0.000 0.000 0.000 52.367 39.367 0.000 50.367 44.367 44.367 36.367 0.000 0.000 0.000 0.000 0.000 0.000 0.000 47.391 42.391 30.391 0.000 0.000 0.000 0.000 0.000 0.000 0.000 0.000 0.000 0.000 0.000 0.000 0.000 0.000 0.000 0.000 0.000 47.388 39.388 10.388 0.000 0.000 0.000 0.000 0.000 0.000 0.000 0.000 0.000 0.000 0.000 0.000 0.000 0.000 0.000 0.000 0.000 0.000 0.000 12.487 48.487 49.487 47.487 47.488 44.493 40.508 0.000 0.000 14.338 35.338 33.336
77.367 66.368 48.367 49.367 48.367 42.367 43.367 44.367 42.367 47.367 46.367 37.367 34.367 0.000 0.000 0.000 0.000 0.000 0.000 34.391 0.000 0.000 0.000 0.000 0.000 0.000 0.000 0.000 0.000 0.000 0.000 0.000 0.000 0.000 0.000 0.000 0.000 0.000 0.000 0.388 46.388 9.388 0.000 0.000 0.000 0.000 0.000 0.000 0.000 0.000 0.000 0.000 0.000 0.000 0.000 0.000 0.000 0.000 0.000 0.000 0.000 3.463 36.463 35.463 35.462 51.460 46.458 0.000 0.000 0.000 7.329 48.327 60.323
77.368 71.368 41.367 41.367 41.367 24.367 25.367 29.367 39.367 48.367 45.367 37.367 40.366 29.366 0.000 0.000 0.000 0.000 0.000 0.000 0.000 0.000 0.000 0.000 0.000 0.000 0.000 0.000 0.000 0.000 0.000 0.000 0.000 0.000 0.000 0.000 0.000 0.000 0.000 0.000 3.388 49.388 8.388 0.000 0.000 0.000 0.000 0.000 0.000 0.000 0.000 0.000 0.000 0.000 0.000 0.000 0.000 0.000 0.000 0.000 28.428 31.438 35.441 35.440 37.437 56.431 46.421 29.399 0.000 0.000 43.322 64.317 71.311
77.368 75.368 45.368 42.367 22.367 0.000 0.000 0.000 0.000 39.367 42.367 40.366 33.366 0.000 0.000 0.000 0.000 0.000 0.000 0.000 0.000 0.000 0.000 0.000 0.000 0.000 0.000 0.000 0.000 0.000 0.000 0.000 0.000 0.000 0.000 0.000 0.000 0.000 0.000 0.000 1.388 52.388 14.388 0.000 0.000 0.000 0.000 0.000 0.000 0.000 0.000 0.000 0.000 0.000 0.000 0.000 0.000 0.000 0.000 0.408 39.417 36.421 35.422 31.420 44.416 61.408 45.395 34.377 29.351 29.332 53.319 70.309 71.300
77.368 75.368 28.368 32.368 0.000 0.000 0.000 0.000 0.000 0.000 30.366 43.366 35.366 0.000 0.000 0.000 0.000 0.000 0.000 0.000 0.000 0.000 0.000 0.000 0.000 0.000 0.000 0.000 0.000 0.000 0.000 0.000 0.000 0.000 0.000 0.000 0.000 0.000 0.000 0.000 0.000 1.388 20.388 0.000 0.000 0.000 0.000 0.000 0.000 0.000 0.000 0.000 8.386 16.386 0.000 0.000 0.000 0.000 0.000 33.399 31.404 30.406 35.406 49.403 62.397 52.389 36.377 34.361 36.343 33.327 54.314 72.302 71.290
77.368 51.368 0.000 0.000 0.000 0.000 0.000 0.000 0.000 0.000 0.000 33.366 40.366 38.366 0.000 0.000 0.000 0.000 0.000 0.000 0.000 0.000 0.000 0.000 0.000 0.000 0.000 0.000 0.000 0.000 0.000 0.000 0.000 0.000 0.000 0.000 0.000 0.000 0.000 0.000 0.000 0.000 0.000 0.000 0.000 0.000 0.000 0.000 0.000 0.000 0.000 0.000 0.000 9.386 11.386 0.000 38.387 30.388 28.389 40.392 54.395 59.395 61.392 61.388 47.381 35.373 34.362 34.349 33.334 35.320 58.306 73.293 71.280
