results4_8e4_rain/res_4e8f-0195.wd
ncols         241
nrows         181
xllcorner     12693529.787448
yllcorner     3542525.717860
cellsize      155.156523
NODATA_value  -9999.000000
[rows 66 to 98 of 181, columns 146 to 218 of 241]
38.029 52.967 74.908 75.854 75.803 75.757 75.715 75.675 75.639 78.610 14.591 0.000 2.457 0.000 0.000 0.000 0.000 0.938 47.938 22.938 0.000 29.937 59.935 59.935 59.935 66.934 72.933 72.931 72.928 72.924 72.920 72.915 72.909 72.904 72.899 74.894 59.890 60.888 52.887 0.000 0.000 0.000 0.000 0.000 29.225 36.216 45.197 39.159 17.109 15.078 30.053 51.029 59.005 52.982 47.958 47.934 37.910 34.886 34.863 37.839 58.817 70.794 65.773 54.752 61.732 68.712 72.693 72.675 71.658 71.642 71.626 71.611 71.596
41.090 60.027 77.968 75.913 75.865 75.820 75.779 75.740 80.702 69.671 39.657 36.674 0.000 0.000 0.000 0.000 0.000 18.938 20.938 0.000 0.000 0.000 29.932 60.932 69.932 72.931 72.930 72.928 72.925 76.922 74.918 72.914 72.910 72.905 71.901 63.897 57.893 63.891 53.890 0.000 0.000 0.000 0.000 21.217 35.218 40.213 36.206 0.000 2.062 12.048 32.029 35.009 48.988 57.966 46.943 45.920 43.897 34.873 34.849 33.826 39.802 63.780 70.758 55.737 57.716 59.696 61.677 65.659 69.642 71.625 72.609 71.594 71.580
46.149 67.084 77.022 75.967 75.921 75.880 73.842 72.803 27.757 12.716 43.694 49.690 14.693 0.000 0.000 0.000 0.000 0.000 0.000 0.000 0.000 13.928 42.929 62.929 72.929 72.928 72.927 72.925 72.923 74.920 73.917 72.914 72.911 73.907 63.903 61.899 64.896 59.893 51.891 0.000 0.000 0.000 0.000 39.216 42.216 4.213 3.210 0.000 7.030 40.021 42.007 51.990 54.971 65.951 63.929 51.907 40.883 32.859 34.835 34.811 29.788 43.765 60.742 64.721 69.700 66.680 59.661 64.642 67.625 67.608 65.592 67.577 70.563
51.206 74.138 78.069 79.013 75.973 76.937 71.905 17.872 1.832 42.742 43.712 48.699 56.696 0.000 0.000 0.000 0.000 0.000 0.000 0.000 0.000 25.928 48.928 61.927 73.927 72.926 72.925 72.923 72.921 73.919 72.917 72.914 72.911 69.908 63.905 28.901 1.898 0.000 0.000 0.000 0.000 0.000 0.000 35.216 42.216 0.000 0.000 0.000 57.006 42.999 37.988 65.973 70.956 71.937 75.916 69.894 57.870 37.846 34.821 34.797 32.773 33.749 39.726 40.704 47.683 55.663 62.643 66.625 67.607 68.591 64.575 67.560 68.545
33.266 38.192 48.102 24.045 81.019 77.992 62.968 39.948 9.941 0.000 0.000 0.000 0.000 0.000 0.000 0.000 0.000 0.000 0.000 0.000 0.000 26.927 51.926 54.925 70.925 72.924 72.923 72.922 76.920 75.918 72.916 72.914 73.912 64.910 67.909 0.000 0.000 0.000 0.000 0.000 0.000 0.000 0.000 0.000 29.216 38.216 0.000 0.000 87.989 50.983 32.972 63.959 71.943 71.925 71.905 74.882 73.858 53.833 36.807 34.782 32.757 35.733 36.709 44.686 49.665 38.644 38.625 43.606 48.589 54.572 59.556 63.541 67.527
79.333 58.262 0.000 0.000 85.067 77.044 64.026 46.011 13.002 0.000 0.000 0.000 0.000 0.000 0.000 0.000 0.000 0.000 0.000 0.000 0.000 0.000 12.924 56.924 72.923 72.922 72.922 72.920 74.919 73.918 72.916 72.915 73.913 61.912 71.911 0.000 0.000 0.000 0.000 0.000 0.000 0.000 0.000 0.000 0.000 5.216 13.215 0.000 24.980 40.970 33.959 63.946 71.932 71.916 72.896 72.873 72.847 65.820 41.793 37.766 35.741 32.715 53.691 65.668 71.646 55.625 48.606 44.587 42.569 39.553 39.537 39.522 67.508
55.411 0.000 0.000 82.252 82.137 80.091 71.082 56.069 12.054 0.000 0.000 0.000 0.000 0.000 0.000 0.000 0.000 0.000 0.000 0.000 0.000 0.000 38.922 61.922 73.922 72.921 72.920 73.919 72.918 72.917 72.916 72.915 73.914 66.913 31.912 0.000 0.000 0.000 0.000 0.000 0.000 0.000 0.000 0.000 0.000 0.000 0.000 0.000 0.000 37.958 36.946 54.936 69.924 72.909 66.890 62.866 68.837 59.807 42.778 41.750 50.724 45.697 68.672 72.648 71.626 69.605 69.585 66.567 64.549 61.533 57.517 49.502 69.488
82.457 72.456 78.427 34.368 0.000 1.116 77.140 51.129 12.092 0.000 14.337 0.000 0.000 0.000 0.000 0.000 0.000 0.000 0.000 0.000 0.000 1.920 54.920 66.920 73.920 72.920 72.919 74.918 74.918 72.917 72.916 72.915 71.914 67.913 16.913 0.000 0.000 0.000 0.000 0.000 0.000 0.000 0.000 0.000 0.000 0.000 0.000 0.000 0.000 0.000 25.933 51.928 69.919 70.907 51.891 54.862 56.830 53.791 38.761 35.734 58.706 67.678 71.651 73.627 73.604 74.583 72.564 72.545 73.528 72.512 73.496 73.482 72.468
84.504 76.486 81.456 32.424 0.000 0.000 68.222 16.215 0.000 0.000 46.337 9.338 0.000 0.000 0.000 0.000 0.000 0.000 0.000 0.000 0.000 0.919 57.919 69.919 73.919 72.919 72.918 73.918 73.917 72.916 72.915 73.915 69.914 64.914 14.913 0.000 0.000 0.000 0.000 0.000 0.000 0.000 0.000 0.000 0.000 0.000 0.000 0.000 17.922 19.923 30.925 46.922 68.917 70.910 16.903 0.000 0.000 43.767 37.743 32.718 46.689 65.657 71.629 73.604 73.581 73.560 71.541 71.523 72.506 71.490 71.475 72.461 72.447
76.571 76.526 76.486 74.449 61.416 47.371 40.310 39.295 35.321 38.332 41.337 41.338 13.338 0.000 0.000 0.000 0.000 0.000 18.917 20.917 0.000 10.918 56.918 70.918 72.918 72.918 72.918 72.917 72.916 72.916 72.915 72.915 54.914 49.914 47.913 42.913 6.913 0.000 0.000 0.000 0.000 0.000 0.000 0.000 0.000 0.000 0.000 0.000 21.922 47.922 38.921 42.919 62.916 63.912 36.909 0.000 0.000 0.000 34.724 39.706 38.676 57.632 70.603 71.579 71.556 71.536 71.517 71.499 71.483 71.467 71.453 71.439 71.426
76.611 76.562 76.514 75.470 72.429 74.388 48.351 27.334 65.336 38.339 42.341 18.339 0.000 0.000 0.000 0.000 0.000 0.000 18.917 64.917 13.917 1.917 55.917 69.917 73.917 72.917 74.917 75.916 73.916 72.916 72.915 70.915 63.914 54.914 55.913 54.913 7.913 0.000 0.000 0.000 0.000 0.000 0.000 0.000 0.000 0.000 0.000 0.000 15.921 50.921 42.920 49.918 64.916 59.914 65.912 0.000 0.000 0.000 0.000 0.000 0.000 47.593 70.573 71.551 71.530 71.509 71.491 71.474 71.458 71.444 71.430 71.416 71.403
76.647 76.596 77.539 79.487 76.441 76.401 75.371 76.355 67.349 45.347 17.347 0.000 0.000 0.000 0.000 0.000 0.000 0.000 5.917 57.917 44.917 34.917 50.917 72.917 72.917 72.917 72.916 72.916 72.916 72.915 72.915 72.914 70.914 49.914 53.913 60.913 3.913 0.000 0.000 0.000 0.000 0.000 0.000 0.000 0.000 0.000 0.000 0.000 11.920 62.920 6.919 29.918 52.916 59.914 20.913 0.000 0.000 0.000 0.000 0.000 0.000 1.569 59.546 72.523 71.501 71.482 71.464 71.448 71.433 71.419 71.406 71.393 71.381
79.687 75.638 72.558 74.497 77.447 77.403 79.379 76.365 74.358 61.354 10.353 0.000 0.000 0.000 0.000 0.000 0.000 0.000 0.000 13.916 48.916 40.916 56.916 74.916 72.916 72.916 72.916 72.916 72.915 72.915 72.915 72.914 73.914 62.914 49.913 53.913 59.913 1.913 0.000 0.000 0.000 0.000 0.000 0.000 0.000 0.000 0.000 0.000 0.000 7.920 0.000 0.000 37.915 56.915 0.000 0.000 0.000 0.000 0.000 0.000 0.000 0.000 47.520 68.495 71.471 71.452 71.435 71.421 71.407 71.394 71.382 71.369 71.357
72.733 33.710 0.000 0.000 0.000 69.386 74.377 80.369 76.363 65.359 15.358 0.000 49.363 19.363 0.000 0.000 0.000 0.000 0.000 0.000 40.916 44.916 65.916 73.916 74.916 75.916 72.915 72.915 72.915 72.915 72.914 72.914 72.914 73.913 52.913 34.913 43.913 4.913 0.000 0.000 0.000 0.000 0.000 0.000 0.000 0.000 0.000 0.000 0.000 0.000 0.000 0.000 26.915 59.915 0.000 0.000 0.000 0.000 0.000 0.000 0.000 0.000 0.000 48.466 68.436 71.419 71.405 71.393 71.381 71.369 71.357 71.346 71.334
67.772 24.760 0.000 0.000 44.379 42.379 59.374 78.369 75.365 60.363 41.362 45.363 49.363 15.363 0.000 0.000 0.000 0.000 11.915 0.000 41.916 52.916 72.916 72.916 75.915 75.915 72.915 72.915 72.915 72.914 72.914 72.914 72.914 73.913 69.913 64.913 53.912 33.912 27.912 0.000 0.000 0.000 0.000 0.000 0.000 0.000 0.000 0.000 0.000 0.000 0.000 0.000 28.915 20.915 0.000 0.000 0.000 0.000 0.000 0.000 0.000 0.000 0.000 0.000 53.390 69.382 71.373 71.364 71.354 71.344 71.333 71.322 71.310
73.804 54.796 26.804 0.000 0.000 44.375 44.372 66.369 78.366 56.364 43.363 48.363 26.363 0.000 0.000 0.000 0.000 0.000 40.915 33.915 38.915 55.915 74.915 74.915 75.915 72.915 72.915 72.915 72.914 72.914 72.914 72.914 72.913 72.913 72.913 74.913 63.912 51.912 40.912 41.911 34.911 25.911 30.911 0.000 0.000 0.000 0.000 0.000 0.000 0.000 0.000 0.000 31.915 6.915 0.000 0.000 0.000 0.000 0.000 0.000 0.000 0.000 0.000 0.000 38.351 66.347 70.342 71.336 71.328 71.319 71.310 71.299 71.287
76.827 67.819 20.811 0.000 0.000 0.000 43.370 48.368 75.366 63.365 44.364 47.364 22.364 0.000 0.000 0.000 0.000 0.000 43.915 36.915 39.915 57.915 76.915 75.915 73.915 73.915 72.915 72.915 72.914 72.914 72.914 73.914 73.913 73.913 67.913 58.912 62.912 69.912 62.912 60.911 48.911 35.911 42.911 0.911 0.000 0.000 0.000 0.000 0.000 0.000 0.000 0.000 0.000 0.000 0.000 0.000 0.000 0.000 0.000 0.000 0.000 0.000 0.000 0.000 30.315 61.314 71.312 73.308 73.303 73.296 72.287 71.276 71.264
76.845 51.840 0.000 0.000 0.000 0.000 0.000 50.367 63.366 57.365 56.364 53.364 43.364 21.364 0.000 0.000 0.000 0.000 42.915 35.915 40.915 55.915 67.915 64.915 59.915 61.915 66.915 71.914 73.914 73.914 71.914 61.913 59.913 64.913 53.912 50.912 50.912 61.912 65.911 60.911 46.911 35.911 7.911 0.000 0.000 0.000 0.000 0.000 0.000 0.000 0.000 0.000 0.000 0.000 0.000 0.000 0.000 0.000 0.000 0.000 1.184 0.000 0.000 0.000 18.279 43.282 49.284 51.283 51.280 52.274 61.267 70.256 71.242
75.860 41.856 0.000 0.000 0.000 0.000 0.000 45.366 39.366 38.365 46.365 46.364 46.364 42.364 15.364 0.000 0.000 0.000 47.915 42.915 47.915 57.915 60.915 63.915 21.915 0.000 0.000 12.914 73.914 70.914 59.914 14.913 0.000 0.000 52.912 84.912 77.912 56.911 62.911 56.911 45.911 30.911 33.911 0.000 0.000 0.000 0.000 0.000 0.000 0.000 0.000 0.000 0.000 0.000 0.000 0.000 0.000 0.000 14.184 4.184 22.184 43.189 54.199 53.215 71.241 79.252 80.257 78.259 80.258 67.255 50.249 68.238 71.221
73.871 38.868 0.000 0.000 0.000 0.000 0.000 45.366 41.366 20.365 0.000 0.000 0.364 0.000 0.000 0.000 0.000 0.000 53.914 47.914 42.914 38.915 24.915 0.000 0.000 0.000 0.000 0.000 0.000 0.000 46.913 8.913 0.000 0.000 0.000 47.912 80.911 40.911 41.911 40.911 36.911 39.911 86.911 45.911 0.000 0.000 0.000 0.000 0.000 0.000 0.000 0.000 0.000 0.000 0.000 0.000 13.156 4.157 0.000 0.000 8.179 90.184 86.192 68.204 69.218 66.228 67.235 89.238 82.240 68.239 48.237 57.227 56.206
59.879 40.878 34.880 0.000 0.000 0.000 0.000 0.000 43.365 27.365 0.000 0.000 0.000 0.000 0.000 0.000 0.000 0.000 53.914 53.914 54.914 37.914 12.914 0.000 0.000 0.000 0.000 0.000 0.000 0.000 42.913 19.913 0.000 0.000 0.000 46.911 95.911 59.911 62.911 57.911 42.911 60.911 114.911 111.911 42.911 0.000 0.000 0.000 0.000 0.000 0.000 0.000 0.000 0.000 0.000 0.000 3.156 21.157 11.158 9.162 18.170 93.176 60.182 68.191 59.200 40.208 51.215 94.219 60.223 47.226 54.231 8.229 0.000
43.885 43.883 29.883 0.000 0.000 0.000 0.000 0.000 0.000 0.000 0.000 0.000 0.000 0.000 0.000 0.000 0.000 0.000 56.914 47.914 41.914 39.914 13.914 0.000 0.000 0.000 0.000 0.000 0.000 39.913 32.913 57.913 53.913 0.000 5.911 52.911 58.911 50.911 93.911 82.911 53.911 6.911 70.911 125.911 9.911 0.000 0.000 0.000 0.000 0.000 0.000 0.000 22.155 19.155 14.155 3.156 72.156 110.156 101.156 97.158 44.162 88.166 56.171 45.177 92.183 73.190 93.196 74.201 44.207 52.211 0.000 0.000 0.000
46.889 47.887 39.886 0.000 0.000 0.000 0.000 0.000 0.000 0.000 0.000 0.000 0.000 0.000 0.000 0.000 0.000 0.000 10.914 51.914 41.914 19.914 0.000 0.000 0.000 0.000 0.000 0.000 0.000 41.913 38.913 14.913 0.000 0.000 0.000 26.911 5.911 0.000 6.911 48.911 4.910 0.000 26.911 92.911 47.911 0.000 0.000 0.000 0.000 0.000 0.000 0.000 0.000 4.155 0.000 0.000 28.155 8.155 72.153 76.153 27.154 88.156 65.158 38.162 56.167 106.172 120.178 54.184 42.191 9.201 0.000 0.000 18.015
45.891 46.889 46.888 50.888 42.888 0.000 0.000 0.000 0.000 0.000 0.000 0.000 0.000 0.000 0.000 0.000 0.000 0.000 0.000 41.914 37.914 21.914 0.000 0.000 0.000 0.000 0.000 0.000 42.913 39.913 16.913 0.000 0.000 0.000 0.000 0.911 0.000 0.000 0.000 52.910 1.910 0.000 26.911 0.000 0.000 0.000 0.000 0.000 0.000 0.000 0.000 0.000 0.000 13.155 7.155 9.155 2.155 0.000 48.147 67.147 26.146 90.144 70.145 40.146 89.150 92.154 87.159 95.165 59.172 0.000 0.000 0.982 31.997
47.893 25.891 36.889 45.889 45.888 45.888 44.888 0.000 0.000 0.000 0.000 0.000 0.000 0.000 0.000 0.000 0.000 0.000 0.000 43.914 39.914 23.914 0.000 0.000 0.000 0.000 0.000 0.000 0.000 45.913 17.913 0.000 0.000 0.000 0.000 0.000 0.000 4.910 16.910 39.910 43.910 20.910 0.000 0.000 0.000 0.000 0.000 0.000 0.000 0.000 0.000 0.000 0.000 2.155 0.155 6.155 0.000 0.000 51.143 71.141 31.137 91.132 76.129 90.130 90.131 49.135 42.140 87.147 36.159 0.000 0.000 32.967 40.976
52.896 0.000 0.000 42.889 31.888 0.000 44.888 34.888 0.000 0.000 0.000 0.000 0.000 0.000 0.000 0.000 0.000 0.000 0.000 42.914 39.914 27.914 0.000 0.000 0.000 0.000 0.000 0.000 0.000 0.000 0.000 0.000 0.000 0.000 0.000 0.000 0.000 0.000 55.910 72.910 33.910 0.000 0.000 0.000 0.000 0.000 0.000 0.000 0.000 0.000 0.000 0.000 0.000 0.000 0.000 11.155 0.000 0.000 86.140 72.137 33.130 91.116 88.112 80.111 72.112 58.114 59.118 28.123 0.000 0.000 16.945 35.953 42.958
49.897 0.000 0.000 29.889 21.888 0.000 0.000 0.000 0.000 53.894 49.894 40.894 0.000 0.000 0.000 0.000 0.000 0.000 0.000 46.914 42.914 24.914 0.000 0.000 0.000 0.000 0.000 0.000 0.000 0.000 0.000 0.000 0.000 0.000 0.000 0.000 0.000 0.000 18.910 102.910 68.910 0.000 0.000 0.000 0.000 0.000 0.000 0.000 0.000 0.000 0.000 0.000 0.000 0.000 0.000 0.000 0.000 0.000 18.140 0.000 0.000 65.092 106.090 85.090 84.091 82.093 85.097 33.102 0.000 0.000 20.938 34.940 35.942
65.898 0.000 0.000 0.000 0.000 51.895 38.895 0.000 49.894 43.894 43.894 35.894 0.000 0.000 0.000 0.000 0.000 0.000 0.000 46.914 41.914 29.914 0.000 0.000 0.000 0.000 0.000 0.000 0.000 0.000 0.000 0.000 0.000 0.000 0.000 0.000 0.000 0.000 0.000 46.910 38.910 9.909 0.000 0.000 0.000 0.000 0.000 0.000 0.000 0.000 0.000 0.000 0.000 0.000 0.000 0.000 0.000 0.000 0.000 0.000 0.000 12.068 48.068 49.068 47.068 47.069 44.074 40.088 0.000 0.000 13.929 34.929 32.928
76.897 65.897 47.897 48.896 47.896 41.895 42.895 43.895 41.894 46.894 45.894 36.894 33.893 0.000 0.000 0.000 0.000 0.000 0.000 33.914 0.000 0.000 0.000 0.000 0.000 0.000 0.000 0.000 0.000 0.000 0.000 0.000 0.000 0.000 0.000 0.000 0.000 0.000 0.000 0.000 45.909 8.909 0.000 0.000 0.000 0.000 0.000 0.000 0.000 0.000 0.000 0.000 0.000 0.000 0.000 0.000 0.000 0.000 0.000 0.000 0.000 3.045 36.046 35.045 35.044 51.042 46.040 0.000 0.000 0.000 6.920 47.918 59.915
76.897 70.897 40.897 40.896 40.896 23.895 24.895 28.895 38.894 47.894 44.894 36.894 39.893 28.893 0.000 0.000 0.000 0.000 0.000 0.000 0.000 0.000 0.000 0.000 0.000 0.000 0.000 0.000 0.000 0.000 0.000 0.000 0.000 0.000 0.000 0.000 0.000 0.000 0.000 0.000 2.909 48.909 7.909 0.000 0.000 0.000 0.000 0.000 0.000 0.000 0.000 0.000 0.000 0.000 0.000 0.000 0.000 0.000 0.000 0.000 28.012 31.022 35.024 35.024 37.021 56.015 46.006 28.985 0.000 0.000 42.914 63.909 70.904
76.897 74.897 44.897 41.896 21.896 0.000 0.000 0.000 0.000 38.894 41.894 39.893 32.893 0.000 0.000 0.000 0.000 0.000 0.000 0.000 0.000 0.000 0.000 0.000 0.000 0.000 0.000 0.000 0.000 0.000 0.000 0.000 0.000 0.000 0.000 0.000 0.000 0.000 0.000 0.000 0.909 51.909 13.909 0.000 0.000 0.000 0.000 0.000 0.000 0.000 0.000 0.000 0.000 0.000 0.000 0.000 0.000 0.000 0.000 0.000 39.002 36.005 35.006 31.005 44.000 60.993 44.982 33.964 28.940 28.923 52.911 69.902 70.893
76.897 74.897 27.897 31.896 0.000 0.000 0.000 0.000 0.000 0.000 29.893 42.893 34.893 0.000 0.000 0.000 0.000 0.000 0.000 0.000 0.000 0.000 0.000 0.000 0.000 0.000 0.000 0.000 0.000 0.000 0.000 0.000 0.000 0.000 0.000 0.000 0.000 0.000 0.000 0.000 0.000 0.909 19.909 0.000 0.000 0.000 0.000 0.000 0.000 0.000 0.000 0.000 7.971 15.971 0.000 0.000 0.000 0.000 0.000 32.984 30.989 29.991 34.991 48.988 61.983 51.975 35.964 33.950 35.933 32.918 53.905 71.894 70.884
76.897 50.897 0.000 0.000 0.000 0.000 0.000 0.000 0.000 0.000 0.000 32.893 39.893 37.893 0.000 0.000 0.000 0.000 0.000 0.000 0.000 0.000 0.000 0.000 0.000 0.000 0.000 0.000 0.000 0.000 0.000 0.000 0.000 0.000 0.000 0.000 0.000 0.000 0.000 0.000 0.000 0.000 0.000 0.000 0.000 0.000 0.000 0.000 0.000 0.000 0.000 0.000 0.000 8.971 10.972 0.000 37.973 29.973 27.975 39.978 53.980 58.980 60.978 60.974 46.968 34.960 33.950 33.937 32.924 34.911 57.898 72.886 70.875
