results4_8e4_rain/res_4e8f-0226.wd
ncols         241
nrows         181
xllcorner     12693529.787448
yllcorner     3542525.717860
cellsize      155.156523
NODATA_value  -9999.000000
[rows 66 to 98 of 181, columns 146 to 218 of 241]
38.472 53.409 75.350 76.295 76.245 76.199 76.157 76.119 76.084 79.056 15.037 0.000 2.899 0.000 0.000 0.000 0.000 1.402 48.402 23.402 0.000 30.400 60.399 60.399 60.399 67.398 73.396 73.394 73.391 73.387 73.383 73.378 73.372 73.367 73.361 75.356 60.352 61.350 53.349 0.000 0.000 0.000 0.000 0.000 29.678 36.668 45.649 39.611 17.560 15.529 30.503 51.478 59.454 53.430 48.406 48.381 38.357 35.333 35.308 38.285 59.261 71.238 66.216 55.195 62.174 69.154 73.134 73.116 72.098 72.081 72.065 72.049 72.034
41.533 60.470 78.410 76.355 76.306 76.262 76.222 76.184 81.149 70.120 40.107 37.125 0.000 0.000 0.000 0.000 0.000 19.402 21.402 0.000 0.000 0.000 30.396 61.396 70.396 73.395 73.394 73.391 73.389 77.386 75.382 73.378 73.373 73.368 72.364 64.360 58.356 64.353 54.352 0.000 0.000 0.000 0.000 21.670 35.670 40.666 36.659 0.000 2.512 12.497 32.478 35.458 49.436 58.414 47.391 46.367 44.343 35.319 35.294 34.270 40.246 64.223 71.201 56.179 58.158 60.137 62.118 66.099 70.081 72.064 73.047 72.032 72.017
46.593 67.527 77.464 76.409 76.363 76.321 74.283 73.246 28.209 13.170 44.147 50.143 15.147 0.000 0.000 0.000 0.000 0.000 0.000 0.000 0.000 14.393 43.394 63.394 73.393 73.392 73.391 73.389 73.387 75.384 74.381 73.378 73.374 74.370 64.366 62.362 65.359 60.355 52.353 0.000 0.000 0.000 0.000 39.669 42.668 4.665 3.662 0.000 7.479 40.470 42.456 52.439 55.419 66.399 64.376 52.353 41.329 33.305 35.280 35.255 30.231 44.207 61.184 65.162 70.141 67.120 60.100 65.081 68.063 68.046 66.030 68.014 70.999
51.651 74.581 78.512 79.455 76.414 77.378 72.344 18.310 2.269 43.202 44.168 49.154 57.150 0.000 0.000 0.000 0.000 0.000 0.000 0.000 0.000 26.392 49.392 62.392 74.391 73.391 73.389 73.388 73.386 74.384 73.381 73.378 73.375 70.372 64.369 29.364 2.361 0.000 0.000 0.000 0.000 0.000 0.000 35.669 42.668 0.000 0.000 0.000 57.455 43.448 38.436 66.421 71.404 72.384 76.363 70.340 58.316 38.291 35.265 35.240 33.215 34.191 40.167 41.145 48.123 56.102 63.082 67.063 68.045 69.027 65.011 67.995 68.980
33.711 38.636 48.545 24.487 81.460 78.431 63.404 40.380 10.362 0.000 0.000 0.000 0.000 0.000 0.000 0.000 0.000 0.000 0.000 0.000 0.000 27.391 52.391 55.390 71.390 73.389 73.388 73.386 77.385 76.383 73.381 73.379 74.377 65.375 68.373 0.000 0.000 0.000 0.000 0.000 0.000 0.000 0.000 0.000 29.668 38.668 0.000 0.000 88.438 51.431 33.420 64.406 72.391 72.372 72.351 75.328 74.303 54.277 37.251 35.224 33.199 36.174 37.149 45.126 50.104 39.083 39.063 44.043 49.025 55.008 59.992 63.976 67.961
79.779 58.708 0.000 0.000 85.507 77.483 64.463 46.444 13.431 0.000 0.000 0.000 0.000 0.000 0.000 0.000 0.000 0.000 0.000 0.000 0.000 0.000 13.389 57.389 73.388 73.388 73.387 73.386 75.384 74.383 73.381 73.379 74.378 62.376 72.376 0.000 0.000 0.000 0.000 0.000 0.000 0.000 0.000 0.000 0.000 5.668 13.668 0.000 25.428 41.418 34.406 64.394 72.380 72.362 73.342 73.318 73.292 66.264 42.236 38.208 36.182 33.156 54.131 66.107 72.084 56.063 49.042 45.023 43.005 39.988 39.971 39.956 67.941
55.858 0.000 0.000 82.696 82.579 80.533 71.518 56.503 12.486 0.000 0.000 0.000 0.000 0.000 0.000 0.000 0.000 0.000 0.000 0.000 0.000 0.000 39.388 62.387 74.387 73.386 73.386 74.385 73.384 73.382 73.381 73.380 74.379 67.378 32.377 0.000 0.000 0.000 0.000 0.000 0.000 0.000 0.000 0.000 0.000 0.000 0.000 0.000 0.000 38.406 37.394 55.383 70.371 73.356 67.336 63.311 69.282 60.250 43.220 42.192 51.164 46.137 69.111 73.086 72.063 70.041 70.021 67.002 64.984 61.967 57.950 49.935 69.921
82.905 72.904 78.873 34.813 0.000 1.554 77.575 51.564 12.525 0.000 14.780 0.000 0.000 0.000 0.000 0.000 0.000 0.000 0.000 0.000 0.000 2.386 55.386 67.386 74.386 73.386 73.385 75.384 75.383 73.382 73.381 73.380 72.380 68.379 17.379 0.000 0.000 0.000 0.000 0.000 0.000 0.000 0.000 0.000 0.000 0.000 0.000 0.000 0.369 0.000 26.380 52.375 70.366 71.354 52.337 55.307 57.274 54.234 39.203 36.175 59.146 68.117 72.089 74.064 74.040 75.019 72.998 72.979 73.961 72.945 73.929 73.913 72.899
84.953 76.933 81.903 32.870 0.000 0.000 68.660 16.653 0.000 0.000 46.780 9.780 0.000 0.000 0.000 0.000 0.000 0.000 0.000 0.000 0.000 1.385 58.385 70.385 74.385 73.385 73.384 74.384 74.383 73.382 73.381 74.381 70.380 65.380 15.379 0.000 0.000 0.000 0.000 0.000 0.000 0.000 0.000 0.000 0.000 0.000 0.000 0.000 18.369 20.370 31.372 47.369 69.364 71.357 17.350 0.000 0.000 44.209 38.184 33.158 47.128 66.095 72.066 74.040 74.016 73.995 71.974 71.956 72.938 71.922 71.906 72.891 72.877
77.020 76.974 76.933 74.895 61.861 47.815 40.751 39.736 35.763 38.775 41.780 41.781 13.781 0.000 0.000 0.000 0.000 0.000 19.384 21.384 0.000 11.385 57.385 71.385 73.385 73.384 73.384 73.383 73.383 73.382 73.382 73.381 55.380 50.380 48.380 43.380 7.380 0.000 0.000 0.000 0.000 0.000 0.000 0.000 0.000 0.000 0.000 0.000 22.369 48.369 39.369 43.367 63.363 64.359 37.356 0.000 0.000 0.000 35.165 40.146 39.114 58.069 71.039 72.014 71.990 71.969 71.949 71.931 71.914 71.898 71.883 71.868 71.854
77.061 77.011 76.962 75.916 72.874 74.832 48.794 27.777 65.778 38.782 42.783 18.782 0.000 0.000 0.000 0.000 0.000 0.000 19.384 65.384 14.384 2.384 56.384 70.384 74.384 73.384 75.383 76.383 74.383 73.382 73.382 71.381 64.381 55.380 56.380 55.380 8.380 0.000 0.000 0.000 0.000 0.000 0.000 0.000 0.000 0.000 0.000 0.000 16.368 51.368 43.367 50.365 65.363 60.360 66.359 0.000 0.000 0.000 0.000 0.000 0.000 48.027 71.008 71.985 71.963 71.942 71.923 71.905 71.888 71.873 71.858 71.844 71.831
77.098 77.046 77.987 79.933 76.886 76.845 75.815 76.798 67.792 45.790 17.790 0.000 0.000 0.000 0.000 0.000 0.000 0.000 6.384 58.384 45.384 35.384 51.384 73.384 73.384 73.383 73.383 73.383 73.382 73.382 73.382 73.381 71.381 50.381 54.380 61.380 4.380 0.000 0.000 0.000 0.000 0.000 0.000 0.000 0.000 0.000 0.000 0.000 12.368 63.367 7.366 30.365 53.363 60.361 21.360 0.000 0.000 0.000 0.000 0.000 0.000 2.004 59.980 72.957 71.933 71.913 71.894 71.878 71.862 71.848 71.834 71.820 71.807
80.138 76.088 73.006 74.944 77.893 77.848 79.823 76.809 74.801 61.798 10.797 0.000 0.000 0.000 0.000 0.000 0.000 0.000 0.000 14.384 49.384 41.384 57.384 75.383 73.383 73.383 73.383 73.383 73.382 73.382 73.382 73.381 74.381 63.381 50.381 54.380 60.380 2.380 0.000 0.000 0.000 0.000 0.000 0.000 0.000 0.000 0.000 0.000 0.000 8.367 0.000 0.000 38.362 57.362 0.000 0.000 0.000 0.000 0.000 0.000 0.000 0.000 47.954 68.927 71.902 71.882 71.864 71.849 71.835 71.821 71.808 71.795 71.782
73.185 34.162 0.000 0.000 0.000 69.831 74.821 80.812 76.806 65.803 15.802 0.000 49.807 19.807 0.000 0.000 0.000 0.000 0.000 0.000 41.383 45.383 66.383 74.383 75.383 76.383 73.383 73.382 73.382 73.382 73.382 73.381 73.381 74.381 53.381 35.380 44.380 5.380 0.000 0.000 0.000 0.000 0.000 0.000 0.000 0.000 0.000 0.000 0.000 0.000 0.000 0.000 27.362 60.362 0.000 0.000 0.000 0.000 0.000 0.000 0.000 0.000 0.000 48.896 68.865 71.847 71.833 71.820 71.807 71.795 71.783 71.770 71.758
68.226 25.213 0.000 0.000 44.823 42.823 59.818 78.813 75.809 60.806 41.805 45.806 49.807 15.807 0.000 0.000 0.000 0.000 12.383 0.000 42.383 53.383 73.383 73.383 76.383 76.383 73.382 73.382 73.382 73.382 73.381 73.381 73.381 74.381 70.381 65.380 54.380 34.380 28.380 0.000 0.000 0.000 0.000 0.000 0.000 0.000 0.000 0.000 0.000 0.000 0.000 0.000 29.362 21.362 0.000 0.000 0.000 0.000 0.000 0.000 0.000 0.000 0.000 0.000 53.817 69.809 71.799 71.790 71.779 71.769 71.757 71.745 71.733
74.258 55.251 27.258 0.000 0.000 44.819 44.816 66.813 78.810 56.808 43.807 48.807 26.807 0.000 0.000 0.000 0.000 0.000 41.383 34.383 39.383 56.383 75.383 75.383 76.383 73.383 73.382 73.382 73.382 73.382 73.381 73.381 73.381 73.381 73.381 75.380 64.380 52.380 41.380 42.380 35.380 26.380 31.380 0.000 0.000 0.000 0.000 0.000 0.000 0.000 0.000 0.000 32.362 7.362 0.000 0.000 0.000 0.000 0.000 0.000 0.000 0.000 0.000 0.000 38.776 66.772 70.767 71.760 71.752 71.743 71.732 71.721 71.708
77.282 68.274 21.266 0.000 0.000 0.000 43.814 48.812 75.810 63.809 44.808 47.808 22.808 0.000 0.000 0.000 0.000 0.000 44.383 37.383 40.383 58.383 77.383 76.383 74.383 74.382 73.382 73.382 73.382 73.382 73.381 74.381 74.381 74.381 68.381 59.380 63.380 70.380 63.380 61.380 49.380 36.380 43.380 1.380 0.000 0.000 0.000 0.000 0.000 0.000 0.000 0.000 0.000 0.000 0.000 0.000 0.000 0.000 0.000 0.000 0.000 0.000 0.000 0.000 30.738 61.737 71.735 73.731 73.726 73.718 72.709 71.697 71.684
77.301 52.296 0.000 0.000 0.000 0.000 0.000 50.811 63.810 57.809 56.809 53.808 43.808 21.808 0.000 0.000 0.000 0.000 43.383 36.383 41.383 56.383 68.383 65.383 60.383 62.382 67.382 72.382 74.382 74.382 72.381 62.381 60.381 65.381 54.381 51.380 51.380 62.380 66.380 61.380 47.380 36.380 8.380 0.000 0.000 0.000 0.000 0.000 0.000 0.000 0.000 0.000 0.000 0.000 0.000 0.000 0.000 0.000 0.000 0.000 1.602 0.000 0.000 0.000 18.701 43.704 49.705 51.704 51.701 52.696 61.687 70.676 71.660
76.317 42.313 0.000 0.000 0.000 0.000 0.000 45.810 39.810 38.809 46.809 46.808 46.808 42.808 15.808 0.000 0.000 0.000 48.383 43.383 48.383 58.383 61.383 64.383 22.383 0.000 0.000 13.382 74.382 71.382 60.381 15.381 0.000 0.000 53.380 85.380 78.380 57.380 63.380 57.380 46.380 31.380 34.380 0.000 0.000 0.000 0.000 0.000 0.000 0.000 0.000 0.000 0.000 0.000 0.000 0.000 0.000 0.000 14.602 4.602 22.602 43.607 54.617 53.633 71.661 79.673 80.678 78.680 80.679 67.676 50.669 68.657 71.639
74.328 39.326 0.000 0.000 0.000 0.000 0.000 45.810 41.810 20.809 0.000 0.000 0.808 0.000 0.000 0.000 0.000 0.000 54.383 48.383 43.383 39.383 25.383 0.000 0.000 0.000 0.000 0.000 0.000 0.000 47.381 9.381 0.000 0.000 0.000 48.380 81.380 41.380 42.380 41.380 37.380 40.380 87.380 46.380 0.000 0.000 5.379 0.000 0.000 0.000 0.000 0.000 0.000 0.000 0.000 0.000 13.573 4.573 0.000 0.000 8.597 90.601 86.610 68.622 69.637 66.648 67.654 89.658 82.659 68.659 48.656 57.646 56.623
60.337 41.336 35.339 0.000 0.000 0.000 0.000 0.000 43.810 27.810 0.000 0.000 0.000 0.000 0.000 0.000 0.000 0.000 54.382 54.382 55.382 38.382 13.382 0.000 0.000 0.000 0.000 0.000 0.000 0.000 43.381 20.381 0.000 0.000 0.000 47.380 96.380 60.380 63.380 58.380 43.380 61.380 115.380 112.380 43.380 0.379 27.379 24.379 0.000 0.000 0.000 0.000 0.000 0.000 0.000 0.000 3.573 21.573 11.575 9.579 18.587 93.593 60.600 68.609 59.618 40.627 51.633 94.638 60.642 47.645 54.649 8.648 0.000
44.343 44.341 30.342 0.000 0.000 0.000 0.000 0.000 0.000 0.000 0.000 0.000 0.000 0.000 0.000 0.000 0.000 0.000 57.382 48.382 42.382 40.382 14.382 0.000 0.000 0.000 0.000 0.000 0.000 40.381 33.381 58.381 54.381 0.000 6.380 53.380 59.380 51.380 94.380 83.380 54.380 7.380 71.380 126.380 10.380 0.000 5.379 0.000 0.000 0.000 0.000 0.000 22.572 19.572 14.572 3.572 72.572 110.572 101.573 97.575 44.579 88.583 56.588 45.594 92.601 73.608 93.614 74.619 44.625 52.629 0.000 0.000 0.000
47.347 48.345 40.345 0.000 0.000 0.000 0.000 0.000 0.000 0.000 0.000 0.000 0.000 0.000 0.000 0.000 0.000 0.000 11.382 52.382 42.382 20.382 0.000 0.000 0.000 0.000 0.000 0.000 0.000 42.381 39.381 15.381 0.000 0.000 0.000 27.380 6.380 0.000 7.380 49.380 5.380 0.000 27.380 93.380 48.380 0.380 0.000 0.000 0.000 0.000 0.000 0.000 0.000 4.572 0.000 0.000 28.572 8.571 72.569 76.569 27.570 88.572 65.575 38.578 56.583 106.589 120.595 54.601 42.608 9.619 0.000 0.000 18.420
46.350 47.348 47.347 51.347 43.348 0.000 0.000 0.000 0.000 0.000 0.000 0.000 0.000 0.000 0.000 0.000 0.000 0.000 0.000 42.382 38.382 22.382 0.000 0.000 0.000 0.000 0.000 0.000 43.381 40.381 17.381 0.000 0.000 0.000 0.000 1.380 0.000 0.000 0.000 53.380 2.380 0.000 27.380 0.000 0.000 0.000 0.000 0.000 0.000 0.000 0.000 0.000 0.000 13.572 7.572 9.572 2.572 0.000 48.563 67.562 26.561 90.560 70.560 40.562 89.565 92.570 87.575 95.582 59.588 0.000 0.000 1.386 32.400
48.353 26.350 37.348 46.348 46.348 46.348 45.348 0.000 0.000 0.000 0.000 0.000 0.000 0.000 0.000 0.000 0.000 0.000 0.000 44.382 40.382 24.382 0.000 0.000 0.000 0.000 0.000 0.000 0.000 46.381 18.381 0.000 0.000 0.000 0.000 0.000 0.000 5.379 17.379 40.379 44.379 21.379 0.000 0.000 0.000 0.000 0.000 0.000 0.000 0.000 0.000 0.000 0.000 2.572 0.572 6.572 0.000 0.000 51.558 71.556 31.552 91.547 76.544 90.544 90.546 49.550 42.555 87.562 36.575 0.000 0.361 33.372 41.379
53.356 0.000 0.000 43.348 32.348 0.000 45.348 35.348 0.000 0.000 0.000 0.000 0.000 0.000 0.000 0.000 0.000 0.000 0.000 43.382 40.382 28.382 0.000 0.000 0.000 0.000 0.000 0.000 0.000 0.000 0.000 0.000 0.000 0.000 0.000 0.000 0.000 0.000 56.379 73.379 34.379 0.000 0.000 0.000 0.000 0.000 0.000 0.000 0.000 0.000 0.000 0.000 0.000 0.000 0.000 11.572 0.000 0.000 86.555 72.552 33.545 91.530 88.525 80.524 72.526 58.528 59.532 28.537 0.000 0.000 17.349 36.356 43.360
50.358 0.000 0.000 30.348 22.348 0.000 0.000 0.000 0.000 54.358 50.358 41.358 0.000 0.000 0.000 0.000 0.000 0.000 0.000 47.382 43.382 25.382 0.000 0.000 0.000 0.000 0.000 0.000 0.000 0.000 0.000 0.000 0.000 0.000 0.000 0.000 0.000 0.000 19.379 103.379 69.379 0.379 0.000 0.000 0.000 0.000 0.000 0.000 0.000 0.000 0.000 0.000 0.000 0.000 0.000 0.000 0.000 0.000 18.555 0.000 0.000 65.504 106.503 85.502 84.503 82.505 85.510 33.516 0.000 0.000 21.341 35.343 36.344
66.359 0.000 0.000 0.000 0.000 52.359 39.359 0.000 50.358 44.358 44.358 36.358 0.000 0.000 0.000 0.000 0.000 0.000 0.000 47.382 42.382 30.382 0.000 0.000 0.000 0.000 0.000 0.000 0.000 0.000 0.000 0.000 0.000 0.000 0.000 0.000 0.000 0.000 0.000 47.379 39.379 10.379 0.000 0.000 0.000 0.000 0.000 0.000 0.000 0.000 0.000 0.000 0.000 0.000 0.000 0.000 0.000 0.000 0.000 0.000 0.000 12.480 48.480 49.479 47.479 47.481 44.485 40.500 0.000 0.000 14.331 35.331 33.329
77.359 66.359 48.359 49.359 48.359 42.359 43.359 44.359 42.359 47.358 46.358 37.358 34.358 0.000 0.000 0.000 0.000 0.000 0.000 34.382 0.000 0.000 0.000 0.000 0.000 0.000 0.000 0.000 0.000 0.000 0.000 0.000 0.000 0.000 0.000 0.000 0.000 0.000 0.000 0.379 46.379 9.379 0.000 0.000 0.000 0.000 0.000 0.000 0.000 0.000 0.000 0.000 0.000 0.000 0.000 0.000 0.000 0.000 0.000 0.000 0.000 3.456 36.456 35.456 35.454 51.452 46.450 0.000 0.000 0.000 7.322 48.319 60.315
77.360 71.359 41.359 41.359 41.359 24.359 25.359 29.359 39.359 48.358 45.358 37.358 40.358 29.358 0.000 0.000 0.000 0.000 0.000 0.000 0.000 0.000 0.000 0.000 0.000 0.000 0.000 0.000 0.000 0.000 0.000 0.000 0.000 0.000 0.000 0.000 0.000 0.000 0.000 0.000 3.379 49.379 8.379 0.000 0.000 0.000 0.000 0.000 0.000 0.000 0.000 0.000 0.000 0.000 0.000 0.000 0.000 0.000 0.000 0.000 28.421 31.431 35.434 35.433 37.430 56.424 46.414 29.391 0.000 0.000 43.315 64.310 71.303
77.360 75.359 45.359 42.359 22.359 0.000 0.000 0.000 0.000 39.358 42.358 40.358 33.358 0.000 0.000 0.000 0.000 0.000 0.000 0.000 0.000 0.000 0.000 0.000 0.000 0.000 0.000 0.000 0.000 0.000 0.000 0.000 0.000 0.000 0.000 0.000 0.000 0.000 0.000 0.000 1.379 52.379 14.379 0.000 0.000 0.000 0.000 0.000 0.000 0.000 0.000 0.000 0.000 0.000 0.000 0.000 0.000 0.000 0.000 0.401 39.410 36.414 35.415 31.413 44.408 61.400 45.388 34.369 29.344 29.325 53.312 70.302 71.293
77.360 75.360 28.359 32.359 0.000 0.000 0.000 0.000 0.000 0.000 30.358 43.358 35.358 0.000 0.000 0.000 0.000 0.000 0.000 0.000 0.000 0.000 0.000 0.000 0.000 0.000 0.000 0.000 0.000 0.000 0.000 0.000 0.000 0.000 0.000 0.000 0.000 0.000 0.000 0.000 0.000 1.379 20.379 0.000 0.000 0.000 0.000 0.000 0.000 0.000 0.000 0.000 8.379 16.379 0.000 0.000 0.000 0.000 0.000 33.392 31.397 30.399 35.399 49.395 62.390 52.381 36.370 34.354 36.336 33.320 54.306 72.294 71.283
77.360 51.360 0.000 0.000 0.000 0.000 0.000 0.000 0.000 0.000 0.000 33.358 40.358 38.358 0.000 0.000 0.000 0.000 0.000 0.000 0.000 0.000 0.000 0.000 0.000 0.000 0.000 0.000 0.000 0.000 0.000 0.000 0.000 0.000 0.000 0.000 0.000 0.000 0.000 0.000 0.000 0.000 0.000 0.000 0.000 0.000 0.000 0.000 0.000 0.000 0.000 0.000 0.000 9.379 11.379 0.000 38.380 30.380 28.382 40.385 54.387 59.387 61.385 61.381 47.374 35.366 34.355 34.341 33.327 35.313 58.299 73.286 71.273
