results4_8e4_rain/res_4e8f-0015.wd
ncols         241
nrows         181
xllcorner     12693529.787448
yllcorner     3542525.717860
cellsize      155.156523
NODATA_value  -9999.000000
[rows 34 to 67 of 181, columns 75 to 149 of 241]
0.000 0.000 0.000 0.000 0.000 0.000 0.000 0.000 0.000 0.000 0.000 0.000 0.000 0.000 0.000 0.000 0.000 0.000 0.000 0.000 0.000 0.000 0.000 0.000 0.000 0.000 0.000 0.000 0.000 0.000 0.000 0.000 0.000 0.000 0.000 0.000 0.000 0.000 0.000 0.000 0.000 0.000 0.000 0.000 4.613 0.000 0.000 2.988 27.040 26.098 16.170 12.256 12.356 12.466 12.580 11.675 33.700 31.557 0.000 18.529 31.341 44.978 49.724 49.490 49.280 48.989 50.237 46.416 45.709 46.312 48.781 48.174 48.087 47.909 48.750
0.000 0.000 0.000 0.000 0.000 0.000 0.000 0.000 0.000 0.000 0.000 0.000 0.000 0.000 0.000 0.000 5.220 37.220 0.000 0.000 0.000 0.000 0.000 0.000 0.000 0.000 0.000 0.000 0.000 0.000 0.000 0.000 0.000 0.000 0.000 0.000 0.000 0.000 0.000 0.000 0.000 0.000 0.000 0.000 0.000 0.000 0.000 0.000 5.096 23.146 23.226 14.327 12.450 12.599 10.776 26.965 36.107 0.000 3.886 28.718 43.516 50.251 49.993 49.761 49.448 51.675 47.829 45.948 46.715 49.205 48.602 48.516 48.336 48.171 48.006
0.000 0.000 0.000 0.000 0.000 0.000 0.000 0.000 0.000 0.000 30.196 0.000 0.000 0.000 0.000 0.000 12.221 63.221 19.222 0.000 0.000 0.000 0.000 0.000 0.000 0.000 0.000 0.000 0.000 0.000 0.000 0.000 0.000 0.000 0.000 0.000 0.000 0.000 0.000 0.000 0.000 0.000 0.000 0.000 0.000 0.671 7.723 0.000 4.102 12.168 25.261 16.377 12.520 9.706 20.960 31.305 20.657 0.000 28.055 45.942 50.755 50.513 50.269 49.934 50.135 49.265 46.294 47.141 49.642 49.041 48.957 48.774 48.602 48.428 48.256
0.000 0.000 0.000 0.000 0.000 0.000 0.000 0.000 0.000 13.196 48.197 37.199 24.201 0.000 0.000 0.000 51.222 59.223 24.223 0.000 0.000 0.000 0.000 0.000 0.000 0.000 0.000 0.000 0.000 0.000 0.000 0.000 0.000 0.000 0.000 0.000 0.000 0.000 0.000 0.000 4.152 0.000 0.000 15.497 30.546 33.627 31.734 17.883 12.044 11.162 25.277 16.400 8.548 22.746 37.052 25.639 14.561 30.245 35.337 48.242 51.045 50.807 50.455 50.626 48.731 46.748 47.598 50.103 49.504 49.418 49.230 49.051 48.867 48.684 48.502
0.000 0.000 0.000 0.000 0.000 0.000 0.000 0.000 0.000 0.000 46.198 29.200 10.203 0.000 0.000 43.224 54.224 61.225 20.226 0.000 0.000 0.000 0.000 34.509 18.519 0.000 0.000 0.000 0.000 0.000 0.000 0.000 0.000 0.000 0.000 10.845 12.850 0.000 0.000 0.000 20.155 0.000 13.389 36.451 39.515 40.596 37.704 24.872 12.032 9.161 26.283 17.401 21.528 39.680 33.866 0.000 13.703 32.838 45.806 51.642 51.407 51.037 51.169 49.245 47.330 48.093 50.596 49.998 49.911 49.717 49.527 49.329 49.132 48.939 48.745
0.000 0.000 0.000 0.000 0.000 0.000 0.000 0.000 0.000 0.000 0.000 0.000 35.211 31.216 19.221 32.224 52.227 63.229 16.231 0.000 0.000 0.000 0.000 0.000 20.538 22.567 0.000 0.000 0.000 0.000 0.000 0.000 0.000 0.000 14.837 15.843 27.858 10.880 0.008 14.112 15.159 11.234 18.330 25.403 23.470 16.539 35.618 1.869 18.051 21.169 11.297 23.393 36.484 33.582 0.000 0.000 25.711 42.600 51.408 52.129 51.733 51.804 48.842 48.093 48.643 51.132 50.533 50.442 50.243 50.044 49.828 49.606 49.393 50.194 42.993
0.000 0.000 0.000 0.000 0.000 0.000 0.000 0.000 0.000 0.000 0.000 0.000 54.214 49.218 39.222 29.227 53.231 61.234 56.238 41.243 0.000 0.000 0.000 0.000 0.000 30.605 14.652 12.689 23.726 18.752 0.000 0.000 0.000 0.000 14.835 13.836 34.861 40.905 29.980 22.068 14.139 11.215 12.294 13.364 12.424 10.475 18.513 0.000 0.000 0.000 16.342 39.390 37.436 0.000 0.000 26.492 39.829 49.454 53.065 52.715 53.580 49.586 49.142 49.277 51.727 51.118 51.018 50.813 50.608 50.382 50.136 49.876 49.642 49.453 35.330
0.000 0.000 0.000 0.000 0.000 0.000 0.000 0.000 0.000 0.000 0.000 0.000 0.000 26.220 1.226 37.232 56.236 61.240 59.244 57.249 46.256 5.259 0.000 0.000 0.000 0.000 25.671 25.698 38.744 36.788 29.853 24.902 0.000 0.000 0.000 18.807 37.849 44.903 36.970 21.044 10.117 11.195 11.271 11.337 11.389 11.427 15.449 0.000 0.000 0.000 0.000 23.388 0.000 0.000 31.662 36.152 47.682 54.221 54.082 52.338 50.655 50.676 50.047 52.412 51.773 51.648 51.428 51.216 50.990 50.743 50.458 50.121 50.844 42.648 25.546
0.000 0.000 0.000 0.000 0.000 0.000 0.000 0.000 0.000 0.000 0.000 0.000 0.000 0.000 58.233 58.237 60.241 60.245 59.250 53.256 47.260 18.263 0.000 0.000 0.000 0.000 0.000 0.000 38.773 32.810 47.877 44.959 24.145 3.338 4.537 13.740 35.827 44.891 35.957 19.024 9.091 14.181 13.259 11.327 11.369 11.396 12.409 4.399 0.000 0.000 0.000 0.000 0.000 34.566 37.170 44.798 55.383 55.447 53.829 55.822 53.048 51.042 53.233 52.526 52.347 52.093 51.860 51.628 51.393 51.142 49.834 58.307 55.966 28.748 18.661
0.000 0.000 0.000 0.000 0.000 14.936 0.000 0.000 32.969 21.972 25.975 0.977 0.000 0.000 0.000 66.244 60.247 57.252 54.257 57.263 48.268 11.271 0.000 0.000 0.000 0.000 0.000 0.000 0.000 0.000 36.894 37.919 0.000 0.000 0.000 17.793 35.832 40.880 30.946 22.004 20.047 0.000 0.000 17.346 11.366 11.382 12.394 18.392 26.388 0.000 0.000 0.000 7.249 39.964 43.667 54.343 56.486 56.142 59.904 58.423 52.467 54.251 53.410 53.136 52.820 52.546 52.289 52.045 51.814 51.599 57.429 0.000 0.000 7.718 25.689
0.000 0.000 0.000 0.000 0.000 34.937 0.000 26.961 28.967 40.972 23.978 8.982 0.000 0.000 0.000 51.248 63.253 60.258 60.265 61.272 55.278 9.282 0.000 0.000 0.000 0.000 0.000 0.000 0.000 0.000 0.000 21.911 0.000 0.000 0.000 23.810 20.831 32.853 0.000 0.000 0.000 0.000 0.000 0.000 21.369 15.375 0.000 8.388 42.386 25.384 0.000 0.000 11.544 45.343 54.184 57.253 57.010 61.486 60.853 53.888 55.381 54.407 54.015 53.617 53.282 52.980 52.704 52.450 52.218 52.012 56.855 0.033 0.000 0.000 0.000
23.842 0.000 0.000 0.000 0.000 45.939 21.946 23.957 29.966 53.974 54.982 49.989 3.996 0.000 0.000 0.000 11.258 65.265 60.273 61.282 58.292 17.299 0.000 0.000 0.000 0.000 0.000 0.000 0.000 0.000 0.000 0.000 0.000 0.000 0.000 0.000 0.000 0.000 0.000 0.000 0.000 0.000 0.000 0.000 0.000 0.000 0.000 0.000 0.000 0.000 0.000 0.723 37.961 55.045 56.761 57.702 62.140 61.900 54.847 56.377 55.397 54.931 54.460 54.062 53.707 53.388 53.098 52.835 52.597 52.378 55.125 39.124 0.000 0.000 0.000
27.844 23.847 0.000 0.000 0.000 37.934 39.943 39.955 51.966 48.978 60.988 59.998 21.004 0.000 0.000 0.000 0.000 67.271 60.280 61.294 58.310 18.324 0.000 0.000 0.000 27.566 39.578 8.589 0.000 0.000 0.000 0.000 0.000 0.000 0.000 0.000 0.000 0.000 0.000 0.000 0.000 0.000 0.000 0.000 0.000 0.000 0.000 0.000 0.000 0.000 0.000 38.943 55.915 56.557 62.751 62.330 55.938 56.540 57.068 56.263 55.797 55.300 54.861 54.461 54.099 53.768 53.466 53.195 52.957 59.777 0.586 0.000 0.000 0.000 0.000
29.846 30.852 22.858 0.000 27.909 22.922 30.939 43.954 47.968 58.984 59.997 59.010 28.019 0.000 0.000 0.000 0.000 66.270 60.283 61.304 56.329 36.363 20.419 21.467 21.512 29.554 50.581 17.600 0.000 0.000 0.000 0.000 0.000 0.000 0.000 0.000 0.000 0.000 0.000 0.000 0.000 0.000 0.000 0.000 0.000 0.000 0.000 0.000 0.000 26.973 36.733 55.702 57.322 64.087 63.530 56.378 58.135 57.506 56.996 56.559 56.086 55.640 55.219 54.825 54.458 54.118 53.806 53.521 60.259 6.018 0.000 0.000 0.000 0.000 0.000
43.849 26.856 30.866 30.881 21.897 14.906 0.000 0.000 0.000 48.994 60.006 58.027 43.043 10.065 0.000 0.000 35.231 56.256 61.281 60.310 61.343 51.381 27.427 24.472 23.516 32.557 50.594 33.631 19.682 20.722 24.750 35.766 0.000 0.000 0.000 0.000 0.000 0.000 0.000 0.000 0.000 0.000 0.000 0.000 0.000 0.000 0.000 0.000 7.360 47.212 55.255 57.953 64.807 64.501 56.997 58.704 57.969 57.634 57.225 56.796 56.370 55.952 55.549 55.163 54.793 54.440 54.120 59.825 6.542 0.000 0.000 0.000 0.000 0.000 0.000
59.855 30.860 24.868 25.880 27.893 27.899 16.900 0.000 0.000 0.000 0.000 65.051 55.064 33.087 25.124 32.162 31.207 33.242 41.276 42.312 29.351 26.393 24.436 24.480 23.523 32.566 47.607 26.650 23.694 28.734 44.764 47.783 32.790 6.790 0.000 0.000 0.000 0.000 0.000 0.000 0.000 0.000 0.000 0.000 0.000 0.000 0.000 0.000 39.784 55.564 58.484 65.155 65.024 57.575 59.269 58.535 58.221 57.831 57.441 57.043 56.643 56.249 55.864 55.486 55.112 54.728 60.411 6.118 0.000 0.000 0.000 0.000 0.000 0.000 0.000
59.857 45.861 0.000 0.000 32.896 28.900 39.902 30.901 0.000 0.000 0.000 53.062 50.074 35.096 26.125 23.157 23.193 26.229 39.271 47.313 50.357 43.403 33.447 26.489 25.532 41.576 44.621 19.666 23.712 23.755 24.791 28.811 7.800 0.000 0.000 0.000 0.000 0.000 0.000 0.000 0.000 0.000 0.000 0.000 0.000 1.009 32.669 40.740 54.253 65.577 65.267 58.439 59.094 59.729 59.099 58.786 58.410 58.042 57.667 57.290 56.913 56.539 56.171 55.806 56.440 62.949 6.680 0.000 0.000 0.000 0.000 0.000 0.000 0.000 0.000
59.860 59.867 46.877 29.887 29.896 29.903 20.908 0.000 0.000 0.000 46.052 43.062 46.077 39.098 40.122 40.149 40.179 43.213 38.265 38.313 40.362 44.417 45.459 43.499 39.541 50.586 48.634 36.684 37.735 37.786 39.834 14.870 0.000 0.000 0.000 0.000 0.000 0.000 0.000 0.000 0.000 0.000 0.000 0.000 35.354 36.141 57.219 57.904 66.632 66.184 60.831 60.608 60.056 59.651 59.329 58.969 58.615 58.257 57.897 57.538 57.179 56.825 56.475 57.129 60.895 0.000 0.000 0.000 0.000 0.000 0.000 0.000 0.000 0.000 0.000
58.862 59.870 56.879 34.889 28.899 29.909 30.920 22.933 0.000 38.025 35.042 36.058 37.077 32.096 36.118 41.140 49.161 34.179 0.000 0.000 0.000 43.444 39.473 39.508 39.549 39.595 39.646 39.700 39.758 39.820 37.888 32.967 6.073 0.000 0.000 28.092 35.243 47.446 17.613 0.000 0.000 0.000 0.000 36.706 47.564 59.617 60.349 67.232 66.974 61.383 61.122 60.448 60.179 59.849 59.507 59.165 58.820 58.475 58.129 57.784 57.443 57.108 57.775 60.340 8.118 0.000 0.000 0.000 0.000 0.000 0.000 0.000 0.000 0.000 0.000
48.865 59.872 59.881 49.891 25.902 28.915 29.929 29.948 35.978 45.009 29.033 26.054 24.075 31.095 46.114 45.133 30.149 10.163 0.000 0.000 0.000 0.000 28.482 23.511 23.552 23.600 23.654 24.714 27.778 28.850 28.933 28.037 29.181 28.405 28.646 37.941 45.194 43.482 50.780 49.087 44.244 42.278 45.131 57.146 60.885 60.803 67.534 67.418 61.914 61.638 60.955 60.691 60.357 60.029 59.697 59.363 59.028 58.693 58.360 58.028 57.700 58.388 59.178 0.000 0.000 0.000 0.000 0.000 0.000 0.000 0.000 0.000 0.000 0.000 0.000
26.868 54.875 58.883 39.893 22.906 21.920 29.935 29.954 28.976 23.002 24.028 30.052 47.074 46.094 29.113 22.129 12.138 0.000 32.324 41.344 37.375 38.414 41.462 44.504 43.549 44.600 47.659 46.723 43.792 45.869 40.959 27.069 31.208 30.388 35.594 53.833 61.108 58.510 52.941 48.234 50.386 57.346 62.616 61.379 67.925 67.642 61.725 63.401 62.065 61.475 61.200 60.865 60.541 60.214 59.888 59.562 59.236 58.911 58.589 59.270 56.942 52.567 4.373 0.000 0.000 0.000 0.000 0.000 0.000 0.000 0.000 0.000 0.000 0.000 0.000
19.872 38.877 49.884 24.893 16.908 23.925 21.940 28.955 29.973 29.995 23.025 40.054 32.075 21.095 24.115 16.132 0.000 41.277 44.305 44.334 46.368 47.406 50.450 54.493 53.540 53.594 53.659 55.729 56.799 54.877 42.965 29.071 31.196 31.345 31.511 34.688 8.898 0.000 73.238 115.544 93.582 59.928 61.798 68.896 68.476 62.094 64.893 62.372 61.997 61.706 61.376 61.052 60.726 60.401 60.079 59.762 59.445 59.126 60.815 55.522 44.232 0.000 0.000 0.000 0.000 0.000 0.000 0.000 0.000 0.000 0.000 0.000 0.000 0.000 0.000
0.000 0.000 30.885 12.889 0.000 18.934 23.944 23.955 29.967 18.980 0.000 24.063 22.078 24.098 25.122 35.152 49.198 46.249 48.287 54.321 64.356 108.395 105.438 105.481 105.525 105.576 106.656 90.735 22.800 25.873 23.957 32.053 31.163 28.286 26.416 8.512 0.000 0.000 0.000 40.999 58.294 63.178 69.501 69.232 61.620 63.388 62.750 62.509 62.204 61.885 61.564 61.238 60.910 60.585 60.268 59.961 60.655 59.334 51.024 39.773 0.000 0.000 0.000 0.000 0.000 0.000 0.000 0.000 0.000 0.000 0.000 0.000 0.000 0.000 0.000
0.000 45.882 23.883 0.000 0.000 0.000 17.949 30.954 22.960 0.000 0.000 32.059 23.075 34.098 47.125 47.157 52.195 55.235 48.272 34.307 25.342 21.379 19.428 22.469 23.503 10.530 0.000 27.754 24.796 23.859 27.936 32.023 29.117 21.220 28.356 9.434 0.000 0.000 36.905 53.803 63.626 69.872 69.716 62.133 63.887 63.244 63.011 62.703 62.395 62.079 61.755 61.427 61.093 60.760 60.447 61.160 56.883 45.532 2.315 0.000 0.000 0.000 0.000 0.000 0.000 0.000 0.000 0.000 0.000 0.000 0.000 0.000 0.000 0.000 0.000
12.895 0.000 0.000 0.000 0.000 0.000 0.000 0.000 26.960 24.977 33.005 30.040 30.068 30.095 47.124 61.155 50.190 30.226 28.261 23.295 25.326 16.351 0.000 28.465 25.489 14.513 0.000 28.731 23.772 24.831 31.905 29.988 28.065 10.120 0.000 0.000 33.719 31.574 48.314 64.221 70.052 62.962 63.580 64.300 63.753 63.516 63.210 62.909 62.598 62.279 61.953 61.621 61.277 61.917 61.602 51.350 36.183 0.000 0.000 0.000 0.000 0.000 0.000 0.000 0.000 0.000 0.000 0.000 0.000 0.000 0.000 0.000 0.000 0.000 0.000
0.925 0.000 0.000 39.646 32.664 26.685 0.000 0.000 44.944 41.967 28.998 30.030 30.061 31.090 52.121 104.152 97.185 44.219 99.252 20.285 24.317 24.349 26.388 24.437 24.476 24.520 26.585 22.669 22.730 31.791 30.864 27.962 23.034 12.076 0.000 0.000 35.864 42.728 64.742 63.647 70.418 64.026 64.661 64.259 64.020 63.725 63.429 63.123 62.808 62.486 62.157 61.830 63.476 59.029 40.695 27.454 29.318 0.000 0.000 0.000 0.000 0.000 0.000 0.000 0.000 0.000 0.000 0.000 0.000 0.000 0.000 0.000 0.000 0.000 0.000
0.000 0.000 0.000 22.629 31.662 28.707 46.772 40.836 45.906 53.951 44.989 30.023 30.055 30.086 29.117 23.148 18.180 23.213 20.245 24.277 24.309 24.342 24.378 24.419 24.461 24.507 23.565 28.632 30.688 31.738 15.801 0.000 16.033 0.000 0.000 0.000 40.118 62.063 66.101 71.592 71.062 64.137 64.830 64.513 64.243 63.956 63.656 63.345 63.028 62.700 62.362 61.064 22.770 0.000 0.000 0.000 0.000 0.000 0.000 0.000 0.000 0.000 0.000 0.000 0.000 0.000 0.000 0.000 0.000 0.000 0.000 0.000 0.000 0.000 0.000
7.584 0.000 27.488 23.579 22.649 40.710 33.772 49.833 58.893 38.944 24.985 23.020 26.052 29.083 30.113 30.144 23.176 22.208 23.239 23.270 24.301 24.332 24.365 29.402 26.440 23.485 24.538 27.607 31.653 20.674 0.000 0.000 0.000 0.000 0.000 115.724 59.466 66.512 64.520 72.043 63.946 66.492 68.006 64.768 64.489 64.199 63.893 63.575 64.259 60.925 48.527 39.295 0.000 0.000 0.000 0.000 0.000 0.000 0.000 0.000 0.000 0.000 0.000 0.000 0.000 0.000 0.000 0.000 0.000 0.000 0.000 0.000 0.000 0.000 0.000
1.166 27.070 23.397 22.551 33.644 37.714 48.774 55.830 21.890 20.947 21.987 24.020 23.051 20.081 28.110 29.141 30.173 29.205 23.235 22.264 21.292 22.321 28.351 87.382 55.416 35.454 18.495 0.000 33.642 41.632 0.000 0.000 0.000 0.000 40.136 50.958 67.832 65.886 72.805 72.443 65.054 65.602 66.293 65.029 64.751 64.457 64.145 64.805 63.507 16.216 0.000 0.000 0.000 0.000 0.000 0.000 0.000 0.000 0.000 0.000 0.000 0.000 0.000 0.000 0.000 0.000 0.000 0.000 0.000 0.000 0.000 0.000 0.000 0.000 0.000
0.000 20.360 23.481 25.585 46.664 57.728 71.783 53.823 0.000 39.970 39.995 24.024 24.052 23.079 21.107 24.137 30.170 28.204 29.233 31.259 29.285 27.310 23.335 18.361 23.388 18.420 0.000 0.000 0.000 27.582 19.569 0.000 0.000 0.000 50.315 67.176 67.253 65.287 73.130 64.774 67.285 68.808 65.572 65.305 65.028 64.734 64.424 61.993 16.750 0.000 0.000 0.000 0.000 0.000 0.000 0.000 0.000 0.000 0.000 0.000 0.000 0.000 0.000 0.000 0.000 0.000 0.000 0.000 0.000 0.000 0.000 0.000 0.000 0.000 0.000
0.000 18.530 24.582 40.644 51.701 99.752 93.806 95.857 101.920 97.967 99.001 24.030 24.055 23.079 23.102 22.130 17.169 27.207 29.234 30.257 28.279 30.300 30.320 31.340 24.354 0.000 0.000 0.000 0.000 28.545 13.556 0.000 0.000 41.796 63.599 67.534 66.528 73.716 73.432 65.839 66.394 67.097 65.851 65.595 65.322 66.028 40.827 0.000 0.000 0.000 0.000 0.000 0.000 0.000 0.000 0.000 0.000 0.000 0.000 0.000 0.000 0.000 0.000 0.000 0.000 0.000 0.000 0.000 0.000 0.000 0.000 0.000 0.000 0.000 0.000
0.000 19.649 36.674 44.708 50.743 21.776 20.832 19.882 16.935 17.980 18.014 24.040 24.061 40.079 40.095 16.112 0.000 14.224 27.241 29.257 27.273 29.290 29.308 30.325 26.336 0.000 0.000 0.000 26.452 11.498 0.000 0.000 43.127 51.987 68.843 67.747 66.935 73.978 65.514 68.043 70.589 66.376 66.140 65.903 64.637 52.231 11.029 0.000 0.000 0.000 0.000 0.000 0.000 0.000 0.000 0.000 0.000 0.000 0.000 0.000 0.000 0.000 0.000 0.000 0.000 0.000 0.000 0.000 0.000 0.000 0.000 0.000 0.000 0.000 0.000
0.000 27.745 44.756 43.773 43.788 0.000 15.867 15.903 28.960 25.003 24.034 24.057 23.072 99.080 87.087 0.000 0.000 0.000 21.249 16.258 21.269 24.281 24.297 26.315 27.331 32.346 33.362 34.380 25.407 0.000 0.000 32.266 82.266 64.186 68.051 68.142 66.207 74.218 66.640 67.121 67.867 66.648 66.435 67.240 37.092 0.000 0.000 0.000 0.000 0.000 0.000 0.000 0.000 0.000 0.000 0.000 0.000 0.000 0.000 0.000 0.000 0.000 0.000 0.000 0.000 0.000 0.000 0.000 0.000 0.000 0.000 0.000 0.000 0.000 0.000
0.000 15.831 39.832 38.840 32.849 0.000 0.000 0.000 21.999 35.040 24.065 23.081 24.090 5.085 0.000 0.000 0.000 0.000 0.000 0.000 32.263 30.270 28.283 11.309 14.328 21.346 22.359 27.373 18.389 0.000 0.000 0.000 42.490 60.410 67.358 67.463 74.642 74.439 66.715 67.404 67.121 66.916 66.712 61.530 19.401 0.000 0.000 16.573 0.000 0.000 0.000 0.000 0.000 0.000 0.000 0.000 0.000 0.000 0.000 0.000 0.000 0.000 0.000 0.000 0.000 0.000 0.000 0.000 0.000 0.000 0.000 0.000 0.000 0.000 0.000
