results4_8e4_rain/res_4e8f-0222.wd
ncols         241
nrows         181
xllcorner     12693529.787448
yllcorner     3542525.717860
cellsize      155.156523
NODATA_value  -9999.000000
[rows 132 to 164 of 181, columns 0 to 72 of 241]
96.397 101.397 105.396 105.395 107.394 107.393 101.391 92.389 78.387 67.385 66.382 67.379 66.375 65.371 70.367 84.362 95.356 100.349 100.342 97.334 89.324 80.312 71.297 65.279 70.257 72.228 71.194 72.157 70.125 65.095 79.067 102.038 69.015 0.000 0.000 0.000 8.800 60.794 72.789 69.769 71.755 77.747 95.748 81.754 65.764 64.776 64.790 76.807 97.825 38.845 11.868 6.902 0.000 0.000 0.000 0.000 0.000 0.000 0.000 0.000 0.000 0.181 3.181 1.181 28.181 8.106 12.031 52.934 75.794 79.696 79.590 89.678 117.145
74.402 76.401 79.401 85.400 95.399 101.398 106.396 106.394 99.392 85.389 74.386 68.383 72.380 79.376 92.371 107.366 106.360 103.354 103.346 106.337 106.327 102.316 90.301 78.284 70.264 65.240 66.213 65.185 66.159 74.135 96.114 104.096 16.084 0.000 0.000 0.000 18.806 46.812 64.837 73.833 74.823 71.812 72.816 82.822 77.829 70.838 74.847 82.859 95.873 36.889 22.908 28.936 8.965 0.000 0.000 0.000 0.000 0.000 0.000 0.000 0.000 0.000 0.000 0.000 10.256 0.000 60.054 81.977 77.860 86.834 77.900 117.265 106.026
66.406 66.406 66.406 68.405 73.404 77.403 84.401 93.399 101.397 104.394 98.391 96.388 98.385 101.381 100.376 93.371 84.365 82.359 82.351 87.343 93.333 100.321 103.308 102.293 91.275 81.255 76.234 74.212 83.191 99.173 100.158 86.147 19.142 0.000 0.000 0.000 0.000 0.000 47.913 74.905 53.891 41.861 56.881 71.889 86.893 90.898 92.903 93.909 89.918 16.929 3.939 31.968 28.994 17.022 23.034 17.038 0.000 0.000 0.000 0.000 0.000 0.000 44.471 14.421 80.331 102.267 135.124 91.100 86.154 67.114 103.181 107.705 107.615
67.412 67.411 67.411 67.410 66.409 65.408 67.406 72.404 78.402 88.400 98.397 100.394 93.390 83.386 77.381 69.376 65.371 65.364 65.357 67.349 72.340 78.329 85.317 97.303 102.288 104.272 103.255 99.237 102.221 95.207 77.197 69.191 48.195 6.216 0.000 0.000 0.000 0.000 40.997 73.983 16.973 0.000 49.959 74.958 93.958 101.958 87.957 90.957 76.961 34.969 0.983 59.002 28.022 20.037 31.041 31.043 2.044 0.000 0.000 0.000 0.000 31.573 50.520 123.462 152.386 135.269 118.826 117.774 109.446 108.088 107.968 107.841 73.064
67.417 67.417 67.416 67.416 67.415 67.413 67.412 66.410 66.408 69.405 75.403 74.399 70.396 66.392 66.388 66.383 67.377 67.371 67.364 67.357 66.348 65.338 67.328 73.316 80.303 89.289 97.275 93.262 82.249 70.239 66.231 71.227 79.229 55.237 33.244 33.236 19.213 20.170 56.096 77.057 27.047 9.062 69.037 101.028 103.023 82.018 85.011 84.001 72.002 61.012 12.012 40.023 14.056 2.065 15.051 2.047 4.046 2.041 0.000 0.000 0.000 12.628 75.575 81.495 77.484 78.645 76.621 108.408 108.307 108.201 75.403 78.184 80.058
67.423 67.422 67.422 67.421 67.420 67.419 67.418 67.416 67.414 67.411 66.409 66.406 66.402 67.398 67.394 67.389 67.384 67.379 67.372 67.365 67.357 67.349 67.339 66.329 65.318 66.307 70.295 68.285 67.275 71.267 74.261 73.258 71.258 73.260 73.259 70.251 70.232 74.202 49.158 35.103 24.094 42.102 87.098 101.093 81.088 74.080 73.067 53.033 49.033 12.064 0.126 0.000 2.113 4.114 0.000 0.000 8.054 23.035 37.991 7.929 21.850 84.706 91.696 89.769 87.757 88.839 108.595 108.504 89.642 96.435 89.293 95.068 86.913
67.429 67.428 67.428 67.427 67.426 67.425 67.424 67.422 67.420 67.418 67.415 67.412 67.409 67.405 67.401 67.397 67.392 67.387 67.381 66.375 73.368 75.360 67.352 66.343 65.334 66.324 68.315 71.307 74.299 73.293 68.289 69.286 76.285 79.284 75.282 69.275 66.264 75.247 6.231 0.000 9.124 82.155 91.161 78.159 70.154 90.148 36.142 0.000 0.000 2.172 3.201 3.199 3.170 4.165 0.000 0.000 33.080 75.054 104.012 64.951 97.838 105.999 102.963 102.056 108.853 108.771 108.685 101.722 103.603 103.304 102.167 101.102 19.021
67.435 67.434 67.434 67.433 67.433 67.432 67.430 67.429 67.427 67.425 70.422 70.419 68.416 72.412 70.408 67.404 67.400 67.396 66.391 64.385 75.379 83.372 69.365 66.357 68.349 71.342 73.334 72.328 69.322 71.317 76.314 78.312 79.311 79.311 74.309 68.305 77.300 96.293 15.287 0.000 0.000 56.231 79.231 76.228 80.223 100.216 34.213 0.000 3.250 3.225 3.232 3.228 3.203 5.210 0.000 31.177 83.134 99.089 102.024 107.027 104.196 101.188 109.077 109.006 108.932 101.026 101.814 102.691 102.374 102.348 95.283 72.193 0.000
67.441 67.441 67.440 67.440 67.439 67.438 67.437 67.436 67.434 68.432 75.429 75.426 52.423 20.419 41.415 71.412 65.409 68.405 74.401 77.395 77.390 73.384 69.378 70.371 73.365 72.359 71.353 73.348 77.344 77.341 79.339 78.338 69.337 64.338 66.338 79.338 98.337 108.337 30.339 0.000 0.000 31.308 87.305 89.300 96.292 95.279 31.280 0.000 3.274 1.274 2.274 3.276 0.000 9.263 35.262 79.228 101.159 104.183 103.278 103.285 102.381 109.211 109.145 101.224 102.028 102.893 102.683 102.541 102.501 94.436 86.396 0.000 0.000
67.447 67.447 67.447 67.446 67.446 67.445 67.444 67.443 67.441 69.439 78.437 89.434 65.430 2.427 8.421 56.421 82.418 74.415 72.411 72.407 70.402 69.396 71.391 73.386 71.380 67.375 69.371 81.367 83.364 73.362 67.362 64.362 64.363 69.365 83.367 99.370 96.374 80.380 52.391 20.418 14.419 58.388 87.379 69.375 60.365 52.331 17.347 1.388 1.324 22.314 13.315 3.327 0.000 28.317 79.301 101.230 103.437 102.438 102.552 109.397 109.338 109.276 101.282 103.170 102.886 102.763 102.711 102.641 96.567 83.506 73.471 0.000 0.000
67.454 67.454 67.454 67.453 67.453 67.452 67.451 67.450 67.449 69.448 79.445 66.443 22.437 4.438 0.000 24.431 78.429 70.426 72.422 71.418 69.414 72.409 73.405 70.400 67.396 63.391 73.388 87.385 74.384 64.383 65.384 70.386 80.388 91.392 102.396 95.401 73.408 68.417 87.429 94.444 95.450 99.447 74.450 35.456 7.463 0.000 1.530 1.536 0.000 35.330 22.345 2.392 33.412 79.364 101.398 103.599 102.625 109.560 109.509 109.455 101.543 102.346 103.238 102.939 102.927 102.870 102.798 103.709 91.632 62.550 51.510 9.510 3.510
66.461 66.461 67.460 67.460 67.460 67.459 67.459 67.458 67.457 70.456 80.455 51.454 0.000 10.450 48.451 50.444 67.440 69.437 57.433 39.430 77.426 72.422 68.418 67.414 65.410 67.407 83.404 86.403 68.402 71.403 83.405 92.409 101.413 99.418 87.424 73.431 66.440 82.451 86.464 74.478 55.490 53.501 41.515 21.536 10.569 4.635 2.652 22.667 17.685 0.000 0.000 27.457 79.517 102.639 103.673 101.794 109.658 109.610 101.701 102.516 103.397 103.207 103.087 103.066 103.016 102.967 105.900 69.770 49.701 0.000 0.000 0.000 0.000
75.468 73.468 70.467 68.467 65.467 65.467 65.466 65.466 64.465 69.465 81.464 64.464 45.465 53.461 71.458 67.454 64.451 70.448 65.445 52.442 72.438 66.435 65.432 65.428 67.425 81.422 89.420 55.419 47.419 97.422 102.425 97.430 86.436 76.443 68.451 64.460 75.471 87.483 55.498 30.514 13.532 4.551 21.575 20.604 10.641 11.684 14.710 42.722 26.704 0.000 0.000 59.752 101.796 100.930 109.793 109.750 109.705 101.735 103.633 103.360 103.255 103.227 105.186 100.138 102.110 103.084 114.063 0.000 0.000 0.000 0.000 0.000 0.000
76.476 78.475 84.473 85.473 85.474 82.474 83.474 82.474 81.474 81.473 83.473 66.472 70.472 69.469 66.467 69.464 69.462 68.459 73.456 75.453 69.451 63.448 65.445 67.442 81.439 86.436 75.434 69.433 78.434 101.438 84.445 75.452 67.459 65.467 67.476 66.487 80.499 89.513 53.530 29.549 17.571 19.598 22.629 14.665 15.706 21.749 23.784 16.807 0.000 0.000 37.994 80.014 109.910 109.873 109.834 101.965 102.773 103.675 103.386 103.385 104.345 104.302 77.260 55.200 90.201 104.196 109.206 49.264 0.000 0.000 0.000 0.000 0.000
69.485 63.483 16.478 18.478 27.481 74.482 71.483 71.483 71.482 75.482 84.481 65.481 66.480 65.478 68.476 72.474 73.472 71.470 70.468 73.465 74.463 71.461 65.459 82.456 88.453 79.450 85.446 102.445 99.447 81.453 69.463 65.472 67.481 67.490 66.500 71.512 87.525 89.541 81.559 84.581 55.607 17.639 9.677 8.722 20.770 27.821 17.869 14.917 6.947 33.116 81.163 109.978 109.945 102.102 102.915 103.804 103.619 103.508 103.495 104.450 102.411 96.373 21.354 0.000 72.297 107.294 104.301 103.322 0.000 0.000 0.000 0.000 0.000
67.495 59.495 0.000 0.490 9.491 70.491 66.491 66.491 66.491 70.490 84.490 62.489 66.488 70.487 72.486 73.484 70.483 67.481 65.479 67.478 77.476 90.474 85.472 86.470 63.467 57.463 109.457 95.454 62.455 22.464 42.483 70.493 67.502 67.512 69.522 62.535 46.549 36.566 48.586 88.609 64.637 17.673 12.719 7.775 16.833 21.894 15.958 21.016 21.100 59.245 110.027 101.288 105.030 103.937 103.753 103.645 103.623 103.590 104.551 104.516 69.479 45.427 31.428 34.437 85.395 106.382 102.384 93.399 11.434 0.000 0.000 0.000 0.000
67.505 67.506 50.511 0.500 10.500 71.500 67.500 67.500 66.500 67.499 82.499 69.498 72.497 74.497 73.495 68.494 65.493 66.492 66.491 65.490 75.488 98.487 94.486 81.485 74.483 65.478 41.464 30.458 17.457 0.000 23.511 72.516 67.523 69.532 52.543 26.556 11.571 8.588 50.608 67.631 36.659 8.697 11.752 16.827 23.892 19.964 14.052 7.130 10.421 58.470 110.090 104.177 103.941 103.764 103.751 103.718 103.680 103.645 101.612 92.583 25.562 0.000 42.495 101.486 106.466 104.454 98.452 88.458 6.469 0.000 0.000 0.000 0.000
64.514 66.515 63.516 0.000 6.510 71.509 66.509 64.509 66.509 70.508 74.508 73.507 73.507 71.506 65.505 66.504 66.504 67.503 67.502 72.502 90.501 89.501 82.501 91.501 89.501 60.502 0.000 0.000 0.000 0.000 21.533 72.537 67.543 70.551 41.562 3.575 37.590 63.608 83.628 52.650 4.671 0.737 0.805 5.890 15.943 16.021 16.123 10.357 6.969 110.268 110.181 103.082 103.931 103.834 103.803 103.767 103.733 105.700 90.669 73.643 33.624 9.616 57.571 87.548 96.529 105.517 94.512 83.512 5.515 0.000 0.000 0.000 0.000
71.522 69.523 58.523 0.000 57.519 65.519 67.518 71.518 72.517 73.517 71.517 72.516 70.516 66.516 66.515 67.515 67.514 66.514 68.513 91.513 90.513 72.514 85.515 83.517 87.520 85.526 48.543 4.553 13.558 43.558 48.553 68.554 67.560 67.568 62.578 54.591 71.607 70.625 64.646 86.669 34.692 0.763 0.830 9.915 14.969 13.047 14.141 38.283 62.672 110.350 105.405 105.157 104.899 103.888 103.851 103.817 104.784 102.752 57.723 34.696 46.674 47.653 101.626 103.603 83.586 93.574 88.566 61.563 26.563 0.000 0.000 0.000 0.000
72.530 73.530 70.531 58.533 72.529 72.528 72.527 73.527 73.526 74.526 86.526 68.526 66.525 66.525 67.525 67.525 67.525 68.524 82.525 93.525 68.526 72.527 99.528 91.531 79.535 82.541 85.550 69.557 74.562 89.565 82.565 70.568 63.574 63.582 74.592 90.605 77.621 49.639 21.661 76.688 65.725 14.783 17.840 22.905 18.972 10.058 12.124 53.404 105.652 110.427 102.385 105.039 105.970 103.935 103.900 103.866 96.833 86.802 43.772 14.746 23.721 24.698 85.675 127.654 108.637 84.625 76.617 55.612 64.611 17.611 0.000 3.825 7.825
77.538 77.538 73.538 73.538 73.537 74.536 74.536 70.535 67.535 66.535 29.535 19.535 70.535 67.535 67.535 67.535 66.535 69.535 93.536 79.536 64.537 70.539 87.541 104.543 99.547 96.552 94.559 90.564 86.569 85.572 93.576 90.580 84.586 80.594 83.604 87.616 49.632 13.650 12.672 28.698 24.737 9.788 18.836 28.891 24.960 16.058 9.218 52.472 110.569 110.500 105.277 107.124 104.014 103.984 104.948 100.914 84.881 77.850 83.820 89.793 73.767 95.743 110.721 127.701 136.684 120.672 82.663 87.659 62.657 0.000 0.000 0.000 0.000
16.545 17.545 77.544 72.545 72.545 67.545 64.544 66.544 61.544 14.544 14.544 3.544 71.544 67.544 67.544 67.545 67.545 85.546 92.546 65.547 67.549 67.550 70.552 76.555 78.559 78.563 74.568 77.572 93.577 86.581 77.585 80.589 87.595 91.603 94.613 91.625 66.640 31.658 14.678 13.695 0.000 2.796 13.825 22.864 6.912 0.000 22.433 82.680 110.636 102.615 106.345 106.084 104.070 104.030 104.995 99.960 86.927 52.896 59.866 102.838 113.811 145.787 136.764 108.745 96.728 113.715 92.706 86.701 61.702 0.729 0.000 0.000 0.000
3.553 12.552 26.549 81.552 66.553 64.553 66.553 66.553 67.553 14.553 5.553 60.553 68.553 67.554 67.554 67.555 69.555 93.556 78.557 64.558 67.559 67.561 67.563 66.566 66.569 66.573 65.577 72.581 101.585 80.589 11.593 19.598 31.603 82.610 92.619 76.631 81.645 68.664 20.686 17.709 2.741 7.775 20.802 12.830 0.000 0.000 40.601 110.765 110.701 105.498 107.241 103.151 104.114 104.076 104.040 104.005 90.972 53.940 68.910 105.881 101.854 135.829 130.806 99.785 104.767 90.753 71.744 89.739 67.741 1.754 0.000 0.000 0.000
65.561 61.561 0.000 73.561 83.561 84.561 65.561 77.561 84.561 60.562 58.562 68.562 67.563 67.563 67.564 67.564 86.565 90.566 65.567 67.568 66.570 65.572 67.574 67.577 67.580 67.583 66.586 74.590 103.593 84.597 30.601 3.605 54.610 79.616 92.623 71.633 61.646 20.668 13.693 16.715 14.738 22.762 26.780 0.805 0.000 19.516 81.772 110.826 102.751 106.476 106.220 104.200 104.159 104.121 104.084 105.049 96.015 84.983 107.952 132.922 120.894 137.868 134.844 128.822 135.803 101.788 78.777 88.771 96.770 25.774 0.000 0.000 0.000
67.570 66.571 61.573 67.571 66.570 14.570 88.569 80.570 67.570 68.570 68.571 67.571 67.572 67.572 67.573 70.574 93.575 76.576 66.577 67.578 73.580 81.582 67.584 65.587 67.589 66.592 69.595 93.598 101.602 76.605 64.608 52.612 74.616 73.620 34.625 19.631 16.639 0.000 5.703 5.718 6.736 7.755 9.767 0.000 22.560 79.724 101.905 110.886 103.714 104.358 104.282 104.242 104.202 104.164 104.127 105.091 96.057 79.024 74.992 107.962 97.933 111.906 114.880 102.857 104.836 76.818 53.805 67.797 134.794 87.796 22.807 12.814 34.820
67.578 67.578 67.579 67.578 67.578 61.578 77.578 93.578 69.578 66.579 67.579 67.580 67.581 67.582 66.583 89.584 91.585 65.586 67.587 68.588 65.590 27.592 86.594 81.597 68.599 66.602 84.604 103.607 87.610 67.613 67.615 68.618 71.621 75.624 12.626 13.629 0.000 2.698 17.700 0.000 0.718 0.000 0.000 0.000 45.663 102.852 110.998 110.943 103.597 104.434 104.319 104.284 104.244 104.205 104.168 103.132 88.098 90.064 110.032 129.001 127.971 132.942 137.915 124.889 122.865 109.844 58.828 56.817 132.812 96.811 34.811 27.816 92.822
67.585 67.585 67.585 67.585 67.585 67.585 67.586 78.586 93.587 69.587 66.588 67.589 67.590 65.591 73.592 94.593 74.594 66.595 68.596 66.597 8.600 5.602 74.604 75.607 81.609 80.611 88.613 87.615 68.618 66.620 68.623 71.625 76.627 76.628 0.000 0.000 0.000 4.696 28.697 15.698 16.699 15.699 0.000 6.736 53.894 108.062 111.051 102.933 104.650 104.386 104.368 104.324 104.284 104.246 104.208 104.172 90.137 86.103 107.070 108.038 108.007 110.977 110.948 109.919 114.891 87.864 63.844 78.832 93.826 32.824 0.000 0.000 36.827
67.592 69.592 69.592 67.593 67.593 67.593 67.594 67.594 78.595 93.596 69.597 64.598 64.599 81.600 93.601 87.603 64.604 67.605 63.605 9.604 6.609 60.612 67.614 67.616 73.618 90.620 90.622 83.624 76.626 68.628 55.630 25.632 90.633 70.634 0.000 0.000 0.000 3.694 17.695 10.696 24.698 13.698 0.000 6.872 26.974 111.156 111.104 103.802 104.538 104.445 104.404 104.363 104.323 104.285 104.247 105.211 100.176 90.141 85.107 84.074 84.042 84.010 83.980 87.949 61.917 5.878 31.853 87.842 83.837 44.836 6.839 0.000 35.832
68.599 5.599 6.599 67.600 66.600 65.601 65.601 64.602 64.603 77.604 92.605 85.607 92.608 94.609 81.611 65.612 72.614 72.616 60.617 0.000 8.622 71.623 67.625 69.626 93.628 100.629 78.631 69.632 76.634 83.636 71.637 7.639 50.640 68.641 0.000 0.000 0.000 4.691 10.693 7.695 21.696 0.000 0.000 6.927 12.243 111.206 109.050 104.766 104.508 104.486 104.441 104.401 104.361 104.323 104.285 104.249 105.213 104.178 102.144 101.110 101.076 102.043 104.012 77.980 19.949 0.000 16.849 72.845 103.843 94.842 67.843 43.842 60.837
67.606 66.607 1.607 66.607 77.608 81.608 85.609 90.610 93.611 94.612 94.614 94.615 80.617 67.618 83.620 100.622 101.624 101.626 94.629 72.635 7.634 68.634 66.635 75.636 103.637 90.639 67.640 66.641 68.642 71.643 62.644 7.646 27.647 27.648 0.000 0.000 0.000 10.686 5.689 0.000 4.696 0.000 14.944 16.162 6.596 111.255 113.001 108.641 104.562 104.519 104.478 104.437 104.398 104.359 104.322 104.286 104.250 104.215 104.180 104.144 105.109 108.075 80.043 13.012 0.000 5.903 0.000 17.846 73.847 104.848 95.848 71.847 48.841
67.613 69.614 65.614 67.614 82.615 81.616 77.616 73.618 72.619 68.620 89.622 79.624 90.625 81.627 97.629 93.632 86.634 87.636 98.639 104.642 93.643 94.644 86.645 94.646 102.647 75.648 66.649 67.649 67.650 66.651 66.652 68.653 63.654 12.657 72.664 63.668 2.673 4.678 0.000 0.000 0.000 5.948 83.992 81.196 111.346 111.301 106.877 107.708 104.591 104.554 104.512 104.472 104.433 104.395 104.358 104.322 104.287 104.252 104.216 106.179 111.140 80.106 20.075 0.000 0.000 2.903 1.903 0.000 14.851 65.855 100.856 50.856 0.000
69.620 5.620 64.621 67.621 67.622 67.623 66.624 67.625 69.627 67.628 79.630 74.632 83.634 94.636 82.639 67.641 68.644 69.646 70.649 75.651 88.653 98.654 104.655 102.656 91.656 67.657 67.657 67.658 67.658 67.659 68.659 91.660 64.661 4.662 68.665 18.669 12.672 5.675 0.000 0.000 0.000 15.935 104.140 106.353 111.390 105.206 104.916 104.651 104.631 104.586 104.545 104.506 104.467 104.430 104.394 104.358 104.323 104.289 106.254 91.217 45.164 12.135 0.000 4.904 2.904 22.903 29.903 0.000 0.000 36.864 98.864 50.864 0.000
70.627 3.627 64.627 67.628 67.629 67.630 67.631 68.632 6.634 66.636 70.638 81.640 81.643 89.645 94.648 80.650 65.653 65.656 65.659 67.661 69.663 70.664 71.665 71.666 70.666 69.666 65.666 65.666 66.666 67.666 78.666 92.666 63.666 57.666 59.667 0.000 0.000 5.675 0.000 0.000 0.000 20.030 103.152 111.475 111.432 104.064 104.796 104.701 104.659 104.617 104.577 104.538 104.500 104.464 104.428 104.393 104.359 104.326 109.295 65.271 0.000 0.000 2.907 0.905 2.904 17.903 24.903 0.000 0.000 39.873 99.873 58.873 0.000
