results4_8e4_rain/res_4e8f-0049.wd
ncols         241
nrows         181
xllcorner     12693529.787448
yllcorner     3542525.717860
cellsize      155.156523
NODATA_value  -9999.000000
[rows 99 to 131 of 181, columns 0 to 73 of 241]
0.000 0.000 0.000 0.000 0.000 49.711 89.710 91.706 82.699 77.695 0.000 0.000 0.000 0.000 0.000 0.000 0.000 57.672 54.672 0.000 0.000 0.000 0.000 52.611 51.610 0.000 0.000 0.000 0.000 0.136 0.000 0.000 0.000 0.000 6.055 52.051 48.044 47.030 48.011 48.988 61.961 50.931 54.899 46.865 48.828 46.788 47.746 52.701 53.655 51.607 55.558 48.507 48.456 50.403 53.349 67.290 68.240 53.201 39.165 0.000 0.000 0.000 0.000 0.000 17.165 72.165 69.162 56.153 31.145 26.137 70.129 47.124 49.121 49.120
0.000 0.000 0.000 0.000 0.000 50.718 90.718 90.717 0.000 0.000 0.000 0.000 0.000 0.000 0.000 0.000 2.672 68.673 57.673 0.000 0.000 0.000 55.632 54.623 58.619 0.000 0.000 0.000 0.000 58.170 50.171 0.000 0.000 0.000 65.093 75.089 61.082 54.071 48.055 50.036 69.012 53.985 59.954 59.920 50.883 65.843 57.800 58.754 48.707 56.657 56.607 54.555 48.502 49.449 53.394 50.315 12.262 2.231 0.000 0.000 0.000 0.000 0.000 20.153 57.155 69.154 76.151 66.146 42.140 43.134 57.128 48.124 49.122 49.121
0.000 0.000 0.000 0.000 0.000 37.726 86.726 95.728 5.733 0.000 0.000 0.000 0.000 0.000 0.000 0.000 0.000 75.676 56.674 57.669 59.662 56.652 53.641 54.632 52.625 0.000 0.000 0.000 0.000 51.171 51.172 52.172 51.167 51.156 50.135 60.129 69.124 16.117 80.105 70.088 75.067 60.042 5.012 75.978 73.941 72.901 76.857 65.810 48.761 51.710 56.657 56.604 53.550 49.498 38.462 0.000 0.000 0.000 0.000 0.000 0.000 0.000 0.000 30.151 57.149 57.147 68.144 67.139 50.135 50.130 49.126 49.123 49.121 49.121
63.758 66.758 0.000 0.000 0.000 47.735 86.735 91.736 101.738 6.741 0.000 0.000 0.000 0.000 0.000 0.000 0.000 12.681 60.678 57.672 75.665 89.656 64.647 49.639 0.000 0.000 0.000 0.000 0.000 0.000 50.174 51.177 51.173 51.167 51.163 50.168 50.170 49.167 50.159 55.146 67.128 61.104 4.075 76.041 77.003 54.962 61.917 78.869 72.817 59.763 49.709 55.654 56.596 59.530 44.496 0.000 0.000 0.000 0.000 0.000 0.000 0.000 0.000 0.000 8.145 54.140 51.137 51.134 49.130 49.126 49.123 49.120 49.119 48.119
77.759 60.758 60.757 62.755 64.751 83.745 91.743 91.742 91.743 93.745 67.747 6.748 0.000 55.707 62.707 63.704 25.699 20.690 83.684 91.678 86.670 82.659 65.653 0.000 0.000 0.000 0.000 0.000 0.000 0.000 0.000 51.190 50.180 49.177 50.184 51.211 51.220 51.222 51.219 52.210 71.194 66.171 49.142 51.108 62.070 73.027 49.981 61.931 62.876 55.818 75.762 58.707 50.651 0.000 0.000 0.000 0.000 0.000 0.000 0.000 0.000 0.000 0.000 0.000 0.127 54.133 49.131 49.128 49.125 49.122 49.119 47.117 45.116 47.116
92.761 82.760 63.759 67.757 85.754 91.751 91.749 91.748 91.748 86.749 58.750 64.750 0.000 46.708 81.709 89.708 89.704 73.698 88.692 95.686 5.677 0.000 0.000 0.000 0.000 0.000 0.000 0.000 0.000 0.000 0.000 51.214 0.000 0.000 0.000 52.273 51.278 51.284 51.285 52.280 68.266 73.244 50.215 51.180 51.140 69.097 70.049 47.997 55.938 74.871 66.814 44.760 0.000 0.000 0.000 0.000 0.000 0.000 0.000 0.000 0.000 0.000 0.000 0.000 0.000 54.128 49.126 49.124 49.121 48.118 47.115 52.113 53.113 54.113
92.763 92.763 87.762 90.760 91.759 91.756 91.755 91.754 91.753 87.753 62.753 79.752 0.000 0.000 59.716 83.714 91.710 92.706 91.701 96.696 0.000 0.000 0.000 0.000 0.000 0.000 0.000 0.000 0.000 0.000 0.000 51.238 0.000 0.000 53.334 51.329 51.337 51.350 51.359 51.360 68.348 73.326 50.294 51.257 51.215 52.171 73.123 67.071 74.009 63.915 44.864 0.000 0.000 0.000 0.000 0.000 0.000 0.000 0.000 0.000 0.000 0.000 0.000 0.000 52.123 49.124 49.123 49.121 49.117 48.113 50.110 54.109 55.108 55.109
90.767 91.767 91.766 91.765 91.764 91.762 91.761 91.759 91.758 92.757 87.756 94.755 18.755 0.000 47.725 66.722 89.718 91.714 92.710 80.703 0.000 0.000 0.000 0.000 0.000 0.000 0.000 0.000 0.000 0.000 0.000 45.263 50.288 50.313 49.339 51.371 51.393 51.418 51.442 51.451 68.441 73.416 50.380 51.338 51.293 51.247 56.202 79.155 59.113 0.000 0.000 0.000 0.000 0.000 0.000 0.000 0.000 0.000 0.000 0.000 0.000 0.000 0.000 0.000 5.123 56.123 52.121 53.119 51.114 47.107 54.105 55.104 53.104 53.104
87.772 92.772 91.771 91.770 91.769 91.768 91.767 91.766 91.764 91.763 92.761 85.758 69.755 60.748 54.738 81.732 91.728 91.724 96.722 0.000 0.000 0.000 0.000 0.000 0.000 0.000 0.000 0.000 0.000 0.000 0.000 0.000 0.000 0.000 0.000 51.423 51.447 51.489 51.541 51.561 67.551 74.518 51.473 51.423 51.372 51.325 51.281 57.236 10.175 0.000 0.000 0.000 0.000 0.000 0.000 0.000 0.000 0.000 0.000 0.000 0.000 0.000 0.000 0.000 0.000 0.000 0.000 0.000 0.000 56.098 54.098 55.098 52.099 47.099
87.778 92.778 91.777 91.777 91.776 91.775 91.774 91.772 91.771 91.769 92.766 77.763 56.759 55.753 64.746 88.741 91.737 91.734 97.732 2.735 0.000 0.000 0.000 0.000 0.000 0.000 0.000 0.000 0.000 0.000 0.000 0.000 0.000 0.000 0.000 47.453 51.482 48.548 51.674 51.702 70.682 74.634 51.572 51.507 51.449 51.400 51.361 48.335 0.000 0.000 0.000 0.000 0.000 0.000 0.000 0.000 0.000 0.000 0.000 0.000 0.000 48.045 0.000 0.000 0.000 0.000 0.000 0.000 52.083 53.088 55.090 55.092 52.093 48.095
90.784 91.784 91.784 91.784 91.783 91.782 91.781 91.780 91.778 91.776 91.773 88.769 65.765 66.759 83.754 90.749 91.745 91.742 98.739 15.738 0.000 0.000 0.000 0.000 0.000 0.000 0.000 0.000 0.000 0.000 0.000 0.000 0.000 0.000 0.000 0.000 47.482 0.000 50.906 51.890 79.841 66.764 51.673 51.587 51.517 64.464 54.428 49.409 0.000 0.000 0.000 0.000 0.000 0.000 0.000 0.000 0.000 0.000 0.000 0.000 0.004 59.046 44.046 0.000 0.000 0.000 0.000 53.073 56.078 55.082 52.085 48.087 48.088 46.090
91.791 91.792 91.792 91.792 91.791 91.791 91.790 91.789 91.787 91.784 91.781 91.777 93.772 93.767 92.762 91.757 91.753 93.749 82.745 25.741 0.000 0.000 0.000 0.000 0.000 0.000 0.000 0.000 0.000 0.000 0.000 0.000 0.000 0.000 0.000 0.000 0.000 0.000 51.154 52.111 86.029 54.910 51.769 51.650 63.568 72.512 51.478 51.465 50.478 0.000 0.000 0.000 0.000 0.000 0.000 0.000 0.000 0.000 0.000 0.000 0.000 55.046 56.046 43.048 0.000 49.061 51.064 55.069 54.073 52.077 51.080 47.082 55.084 58.085
90.799 89.799 91.800 91.800 91.800 91.800 91.800 91.799 91.797 91.794 91.790 91.786 91.780 91.774 91.769 91.765 92.762 75.758 3.751 0.000 52.778 66.777 12.776 0.000 0.000 0.000 0.000 0.000 0.000 0.000 0.000 0.000 0.000 0.000 0.000 0.000 0.000 0.000 47.446 58.371 81.254 52.078 48.842 51.679 51.592 51.540 51.509 51.493 51.492 48.491 0.000 0.000 0.000 0.000 0.000 0.000 0.000 0.000 0.000 0.000 0.000 50.046 46.047 52.049 47.053 55.058 55.062 54.066 50.070 53.073 48.076 47.078 47.080 40.082
80.807 80.808 89.809 91.810 91.810 91.810 91.810 91.810 91.808 91.805 91.801 92.796 93.789 91.782 91.777 91.773 91.771 13.770 0.000 52.781 62.779 72.778 71.776 64.775 56.775 0.000 0.000 0.000 0.000 0.000 0.000 0.000 0.000 0.000 0.000 52.249 55.194 55.065 51.813 50.675 59.538 47.308 0.000 47.631 51.583 51.547 51.523 51.509 50.504 0.000 0.000 0.000 0.000 0.000 0.000 0.000 52.038 63.038 0.000 0.000 51.044 49.045 49.047 46.049 54.052 55.056 55.060 52.064 55.068 55.070 53.073 48.074 37.075 0.000
62.815 67.816 86.819 92.820 91.821 91.822 91.822 91.822 91.821 91.819 93.815 79.808 75.797 90.789 95.783 92.781 87.780 69.782 72.786 78.784 72.781 73.778 52.776 45.776 0.000 0.000 0.000 0.000 0.000 0.000 0.000 0.000 0.000 0.000 43.304 49.305 52.268 52.187 52.068 51.978 53.914 0.000 0.000 0.000 46.563 51.543 51.527 51.517 51.512 0.000 0.000 0.000 0.000 0.000 0.000 12.038 69.038 51.039 49.040 49.041 49.043 49.044 47.046 52.048 55.051 55.054 51.058 55.063 55.066 54.069 48.070 49.071 39.072 0.000
46.821 61.824 80.829 93.832 94.833 94.833 92.835 91.836 92.836 91.835 92.832 30.824 1.805 49.794 67.787 88.786 95.788 93.791 93.793 79.787 2.783 0.000 0.000 0.000 0.000 0.000 0.000 0.000 0.000 0.000 0.160 0.000 0.000 0.000 0.000 48.399 52.385 50.349 51.296 53.253 54.229 0.000 0.000 0.000 0.000 44.534 51.526 51.520 48.516 0.000 0.000 0.000 0.000 0.000 0.000 0.000 11.039 65.039 48.040 48.041 49.042 48.044 48.045 54.047 55.050 53.053 41.055 0.000 59.067 53.068 53.069 53.070 39.070 0.000
10.826 32.831 65.843 71.847 65.847 67.843 84.850 92.852 88.853 81.853 80.853 15.853 0.000 0.000 0.000 25.789 60.793 86.803 93.810 0.000 0.000 0.000 0.000 0.000 0.000 0.000 0.000 0.000 0.000 40.192 61.192 6.193 0.000 0.000 0.000 48.507 54.526 53.526 62.515 63.510 53.519 0.000 0.000 0.000 0.000 0.000 48.523 49.522 0.000 0.000 0.000 0.000 0.000 0.000 0.000 0.000 0.000 70.040 73.040 53.041 47.042 45.043 55.044 55.046 50.048 0.000 0.000 0.000 0.025 58.067 55.068 55.068 45.069 0.000
0.000 0.000 46.865 55.866 7.866 0.000 56.869 85.870 76.871 72.872 86.875 53.882 13.897 0.000 0.000 0.000 0.000 31.819 62.835 0.000 0.000 0.000 0.000 0.000 0.000 0.000 0.000 0.000 0.000 0.000 45.194 63.194 0.000 0.000 0.000 39.597 53.687 51.714 81.728 74.754 52.818 54.981 1.106 0.000 0.000 0.000 43.523 0.000 0.000 0.000 0.000 0.000 0.000 0.000 0.000 0.000 0.000 0.000 58.040 75.041 60.042 54.042 55.043 50.044 0.000 0.000 0.000 0.000 0.000 50.066 55.067 55.067 50.068 0.000
0.000 0.000 42.887 87.886 44.886 0.000 45.887 77.888 79.889 90.891 92.895 95.902 101.913 40.928 9.935 0.000 0.000 0.000 2.876 0.000 0.000 0.000 0.000 0.000 0.000 0.000 0.000 0.000 0.000 0.000 46.195 61.196 0.000 0.000 2.214 0.000 46.912 54.916 84.930 66.961 55.020 54.114 59.204 0.000 0.000 0.000 0.000 0.000 0.000 0.000 0.000 0.000 0.000 0.000 0.000 0.000 0.000 0.000 0.000 0.000 63.042 53.042 51.043 0.000 0.000 0.000 0.000 0.000 49.065 48.066 50.066 44.067 0.000 0.000
15.928 30.923 64.910 82.906 90.906 59.912 72.906 95.905 92.906 91.909 91.913 91.918 91.926 97.935 100.943 56.950 15.953 0.000 60.918 74.935 67.942 69.945 25.945 1.945 0.000 0.000 0.000 0.000 0.000 0.000 25.196 47.198 53.203 53.209 56.215 15.222 48.133 77.109 79.114 56.140 54.187 54.253 57.325 2.404 0.000 0.000 0.000 0.000 0.000 0.000 0.000 0.000 0.000 0.000 0.000 0.000 0.000 0.000 0.000 0.000 0.000 0.000 0.000 0.000 0.000 0.000 0.000 51.064 46.065 44.065 0.000 0.000 0.000 0.000
88.934 91.931 91.925 89.923 87.922 88.923 90.922 90.922 91.923 92.925 92.929 91.933 84.939 88.945 91.951 95.955 99.956 100.954 92.944 88.945 85.947 80.947 82.947 75.946 31.944 9.944 0.000 0.000 0.000 0.000 0.000 0.000 0.000 0.000 0.000 72.318 61.289 90.274 81.278 68.299 55.336 54.385 54.438 58.484 54.497 0.000 0.000 0.000 0.000 0.000 0.000 0.000 0.000 0.000 0.000 0.000 0.000 0.000 0.000 0.000 0.000 0.000 0.000 0.000 0.000 0.000 0.000 0.000 0.000 0.000 0.000 0.000 0.000 0.000
91.943 86.941 84.939 83.937 77.937 74.937 75.937 75.937 81.939 86.941 86.944 79.948 63.952 78.957 91.961 91.963 91.964 91.962 91.958 91.956 92.954 92.952 95.949 96.946 96.945 96.943 35.943 0.000 0.000 0.000 0.000 0.000 0.000 0.000 0.000 44.445 70.430 75.421 59.425 76.443 64.473 54.514 54.558 57.597 0.656 0.000 0.000 0.000 0.000 0.000 0.000 0.000 0.000 0.000 0.000 0.000 0.000 0.000 0.000 0.000 0.000 0.000 0.000 0.000 0.000 0.000 0.000 0.000 0.000 0.000 0.000 0.000 0.000 0.000
61.954 34.954 56.952 70.952 68.951 48.951 33.952 29.953 49.954 66.956 65.959 58.963 53.966 63.970 84.972 92.974 91.975 91.973 91.971 91.967 91.963 95.957 70.951 58.947 57.945 61.943 64.943 3.942 0.000 0.000 0.000 0.000 0.000 0.000 0.000 42.587 78.568 61.554 53.557 63.574 74.602 58.639 54.684 54.742 60.842 4.900 0.000 0.000 0.000 0.000 0.000 0.000 0.000 0.000 0.000 0.000 0.000 0.000 0.000 0.000 0.000 0.000 0.000 0.000 0.000 0.000 0.000 0.000 0.000 0.000 0.000 0.000 0.000 0.000
51.967 22.967 44.966 59.966 55.966 32.966 18.967 22.968 42.970 56.972 54.975 54.977 55.980 53.983 72.986 89.987 91.988 91.987 91.984 91.980 90.973 53.965 0.000 0.000 0.000 0.000 0.000 0.000 0.000 48.897 68.898 20.898 6.896 2.886 49.845 66.748 83.700 60.672 54.677 52.695 69.722 71.756 57.797 54.847 54.907 57.958 67.008 5.026 0.003 0.000 0.000 0.000 0.000 0.000 0.000 0.000 0.000 0.000 0.000 0.000 0.000 0.000 0.000 0.000 0.000 0.000 0.000 0.000 0.000 0.000 0.000 0.000 0.000 0.000
64.981 60.980 55.980 54.980 55.981 57.981 58.982 61.984 60.985 56.988 55.990 55.993 55.996 54.998 62.001 84.002 93.003 92.003 94.000 65.995 31.984 0.000 0.000 0.000 0.000 0.000 0.000 0.000 0.000 13.898 35.898 38.900 42.905 56.918 53.902 74.859 71.814 45.757 52.785 54.808 56.835 69.866 61.902 56.941 54.982 54.017 71.041 62.045 56.045 0.000 0.000 0.000 0.000 0.000 0.000 0.000 0.000 0.000 0.000 0.000 0.000 0.000 0.000 0.000 0.000 0.000 0.000 0.000 0.000 0.000 0.000 0.000 0.000 12.776
54.995 55.995 55.995 55.995 55.996 55.997 55.998 55.999 56.001 56.003 56.006 56.009 56.011 56.014 54.016 75.018 92.020 94.020 90.020 16.019 0.000 0.000 0.000 0.000 0.000 0.000 0.000 0.000 0.000 0.000 0.000 0.000 0.000 40.981 57.987 83.972 57.940 0.000 40.898 55.918 53.944 57.972 59.003 68.034 57.064 55.086 54.094 50.069 0.000 0.000 0.000 0.000 0.000 0.000 0.000 0.000 0.000 0.000 0.000 0.000 0.000 0.000 0.000 0.000 0.000 0.000 0.000 0.000 0.000 0.000 0.000 0.000 17.948 82.872
56.010 56.010 56.010 56.010 56.011 56.012 56.014 55.015 55.017 56.020 56.022 56.025 56.028 56.031 55.033 63.036 78.038 89.040 77.041 3.041 0.000 0.000 0.000 0.000 0.000 0.000 0.000 0.000 0.000 0.000 0.000 0.000 0.000 18.037 67.094 92.101 2.102 0.000 38.993 57.021 55.050 54.078 62.104 73.130 61.153 55.171 59.180 0.000 0.000 0.000 0.000 0.000 0.000 0.000 0.000 0.000 0.000 0.000 0.000 0.000 0.000 0.000 0.000 0.000 0.000 0.000 0.000 0.000 0.000 0.000 0.000 0.000 75.025 88.970
56.025 56.025 56.025 56.026 56.027 56.028 56.030 60.031 61.033 57.036 56.039 56.042 56.045 56.048 56.051 55.054 58.057 67.060 67.063 8.065 0.000 0.000 0.000 0.000 0.000 0.000 10.025 0.000 0.000 0.000 0.000 0.000 0.000 0.000 71.251 86.238 9.236 0.000 23.059 54.125 55.159 55.184 54.207 59.228 61.248 57.265 59.276 0.000 0.000 0.000 0.000 0.000 0.000 0.000 0.000 0.000 0.000 0.000 0.000 0.000 0.000 0.000 0.000 0.000 0.000 0.000 0.000 0.000 0.000 0.000 0.000 59.249 68.156 68.083
56.040 56.041 56.041 56.042 56.043 56.044 55.046 67.048 72.050 59.053 56.056 56.059 56.062 56.066 56.069 56.073 56.078 55.082 58.086 39.090 0.000 0.000 0.000 0.000 0.000 52.026 73.026 35.025 26.017 25.007 0.000 0.000 0.000 52.534 94.422 68.363 68.332 0.000 0.000 40.262 57.277 55.293 55.311 53.329 69.348 73.366 67.382 0.000 0.000 0.000 0.000 0.000 0.000 0.000 0.000 0.000 0.000 0.000 0.000 0.000 0.000 0.000 0.000 0.000 0.000 0.000 0.000 0.000 0.000 0.000 33.417 84.343 70.266 83.200
56.056 56.057 56.057 56.058 56.059 56.061 55.062 68.064 74.067 58.070 56.073 56.076 56.080 56.084 56.088 56.093 56.098 56.104 56.111 62.121 33.139 0.000 0.000 0.000 0.000 15.026 30.028 52.031 60.021 63.997 37.948 13.879 48.784 86.646 84.541 64.462 46.396 4.396 0.000 40.386 57.392 56.402 59.415 54.430 63.448 86.470 83.504 28.571 0.000 8.715 0.000 0.000 0.000 0.000 0.000 0.000 0.000 0.000 0.000 0.000 0.000 0.000 0.000 0.000 0.000 0.000 0.000 0.000 0.000 0.000 70.492 126.438 109.374 131.283
53.072 54.073 55.073 55.074 56.076 56.077 54.079 69.081 72.084 55.087 56.090 56.094 56.098 56.102 56.107 56.112 56.118 56.125 56.133 56.144 62.157 42.172 0.000 0.000 0.000 0.000 0.000 28.053 59.039 55.012 57.968 61.906 73.826 90.727 74.633 42.547 0.000 0.000 0.000 39.504 56.505 59.509 72.516 58.528 68.543 69.564 88.594 92.639 75.693 25.716 0.000 0.000 0.000 0.000 0.000 0.000 0.000 0.000 0.000 0.000 0.000 0.000 0.000 0.000 0.000 0.000 0.000 0.000 0.000 56.713 66.620 67.547 70.479 89.455
74.089 69.089 64.090 62.091 58.092 54.094 54.096 69.098 72.101 54.104 56.108 56.112 56.116 56.121 56.126 56.132 55.138 54.146 55.154 55.164 55.175 61.188 38.202 15.208 0.000 0.000 0.000 27.088 65.072 59.044 54.005 66.954 89.887 83.804 51.718 0.000 0.000 0.000 0.000 37.621 55.615 60.612 67.615 62.622 67.633 66.649 79.671 73.698 66.725 39.740 0.000 0.000 0.000 0.000 0.000 0.000 0.000 0.000 0.000 0.000 0.000 0.000 0.000 0.000 3.715 0.000 0.000 0.000 33.884 61.806 130.726 94.659 126.543 110.216
94.106 93.106 89.107 84.108 80.109 75.111 70.113 66.116 61.119 55.122 56.126 56.130 56.134 56.140 55.145 57.151 63.158 68.166 67.174 65.183 59.192 54.202 58.211 64.215 28.215 9.205 13.183 47.141 70.115 61.088 57.057 80.017 91.965 47.884 0.000 0.000 0.000 0.841 7.807 41.746 54.722 59.711 75.709 65.713 58.719 51.729 57.742 75.756 72.770 78.778 0.000 0.000 0.000 0.000 0.000 0.000 0.000 0.000 0.000 0.000 0.000 0.000 0.000 0.000 0.715 0.000 0.000 0.000 68.962 59.901 69.832 92.726 68.898 108.354
