results4_8e4_rain/res_4e8f-0149.wd
ncols         241
nrows         181
xllcorner     12693529.787448
yllcorner     3542525.717860
cellsize      155.156523
NODATA_value  -9999.000000
[rows 66 to 98 of 181, columns 73 to 145 of 241]
71.049 35.038 0.000 60.173 77.151 76.121 76.094 0.000 47.497 47.481 60.495 56.505 55.486 55.440 54.372 130.274 118.103 0.000 0.000 0.000 50.846 45.785 50.692 53.631 53.581 55.534 56.490 61.438 62.391 63.341 54.296 0.000 0.000 51.577 101.577 83.490 87.351 87.438 85.489 93.409 85.896 86.374 87.113 85.884 85.661 86.456 56.300 0.000 0.000 0.000 0.000 0.000 0.000 0.000 40.614 38.591 38.552 38.500 38.438 38.373 42.304 55.230 52.156 37.083 48.009 56.936 35.866 38.797 44.728 49.661 45.595 39.529 37.466
56.051 62.026 0.004 48.394 72.358 71.330 65.333 18.419 0.000 0.000 53.574 66.653 55.653 54.623 55.579 36.538 0.000 0.000 0.000 0.000 0.000 0.000 61.626 59.601 57.569 40.529 43.484 50.433 51.396 56.362 47.329 0.000 0.000 0.000 61.817 79.725 86.661 86.752 93.838 93.631 85.969 86.657 86.367 86.156 85.944 80.755 38.622 0.000 2.810 35.810 0.000 0.000 0.000 46.691 41.657 38.624 38.583 38.533 38.475 38.412 38.345 38.275 45.203 59.132 60.060 42.989 36.919 37.851 38.783 42.717 41.651 37.587 37.524
58.059 56.991 61.853 59.650 73.556 66.507 67.491 64.505 0.000 0.000 0.000 68.879 63.852 58.817 60.784 7.760 0.000 0.000 0.000 0.000 0.000 0.000 60.586 56.577 47.565 0.000 0.000 48.415 60.397 59.382 0.000 0.000 7.519 64.400 56.148 59.971 67.048 82.107 94.031 85.710 87.264 86.827 86.637 86.419 84.204 66.999 45.811 51.810 49.810 30.810 0.000 0.000 0.000 4.726 55.700 37.665 38.623 42.573 50.516 40.455 38.389 37.321 41.251 56.181 63.110 55.040 40.971 35.904 37.837 37.772 37.707 37.644 36.580
58.100 56.024 59.919 70.798 64.710 57.652 76.617 65.605 17.622 0.000 11.280 61.133 77.059 72.011 71.978 74.959 0.000 0.000 0.000 0.000 6.540 6.545 58.556 49.554 52.549 0.000 0.000 0.000 96.396 123.388 38.385 0.000 63.638 58.536 58.375 58.282 54.365 94.385 94.213 86.757 90.362 87.107 86.898 86.682 78.455 31.227 0.000 53.810 31.810 0.000 0.000 0.000 43.827 42.786 41.752 37.714 41.670 53.620 58.563 56.502 49.437 39.369 48.300 56.230 35.160 41.091 54.022 50.956 46.890 54.826 35.763 37.700 35.636
56.158 62.085 72.001 63.912 55.835 55.773 68.722 76.674 72.639 75.566 77.426 72.315 67.239 69.189 58.157 57.141 0.000 0.000 0.000 7.533 63.536 62.538 50.540 52.536 53.527 57.507 56.494 0.000 7.402 1.390 0.333 10.024 69.859 62.730 57.570 58.660 56.705 94.542 56.375 63.964 78.559 86.379 87.164 84.957 43.706 0.000 0.000 0.000 0.000 0.000 0.000 44.893 38.868 38.839 38.807 39.769 49.724 58.672 57.615 57.553 53.487 49.419 59.349 42.279 37.209 38.140 38.072 48.007 60.943 47.880 35.818 36.756 42.693
62.225 73.159 63.087 56.014 56.946 56.884 58.823 42.731 68.695 66.633 58.544 55.460 54.395 70.349 72.320 59.305 0.000 0.000 0.000 63.531 59.531 56.531 49.529 53.524 53.515 53.500 53.482 12.452 15.416 16.384 18.325 86.182 83.048 71.918 70.873 59.870 94.820 94.687 58.428 65.076 59.852 66.654 85.426 60.275 0.000 0.000 0.000 0.000 0.000 0.000 0.000 44.917 38.914 38.897 38.868 39.830 48.784 58.731 57.672 56.608 53.540 58.470 52.399 36.328 38.257 38.188 38.121 48.056 55.993 34.933 37.873 40.813 59.749
73.299 63.239 56.175 57.110 57.049 57.995 38.955 0.000 25.778 53.727 56.657 56.587 56.532 54.493 78.468 62.456 0.000 0.000 0.000 40.529 57.527 51.525 52.522 53.517 53.509 53.496 53.480 64.458 4.427 8.407 25.410 78.332 88.227 10.114 92.035 82.226 94.936 57.000 70.644 67.287 57.157 53.961 50.610 35.442 0.000 0.000 40.464 0.000 0.000 0.000 0.000 40.945 38.974 38.966 38.939 38.900 39.852 45.796 53.734 53.667 53.596 57.523 35.449 38.376 38.304 37.234 43.167 60.103 43.042 36.985 39.930 20.874 21.797
63.379 56.322 57.263 57.203 57.145 60.092 16.047 14.012 6.911 51.840 56.770 58.698 56.653 55.623 73.603 69.594 0.000 0.000 0.000 0.000 48.522 51.520 53.518 53.513 53.506 53.497 55.485 41.471 0.000 0.000 75.575 78.507 89.415 95.285 89.388 87.424 95.036 78.049 80.752 65.593 58.498 51.424 0.000 0.000 0.000 0.000 38.464 0.000 0.000 0.000 0.000 0.000 42.069 39.053 39.022 38.980 38.928 38.868 38.801 45.729 53.654 41.576 38.499 38.422 38.348 41.277 54.210 54.146 36.088 38.035 40.989 7.956 0.000
56.463 57.409 57.352 57.293 57.236 57.181 61.130 62.079 62.014 57.952 57.885 37.781 54.761 55.741 71.728 70.724 0.000 0.000 0.000 0.000 47.518 53.517 53.515 53.511 53.506 53.500 41.493 0.000 0.000 3.942 80.808 86.711 89.610 89.555 88.633 95.169 87.531 90.248 84.936 69.878 59.818 58.814 58.949 0.000 0.000 0.000 35.464 42.464 35.464 0.000 0.000 0.000 57.182 38.155 39.116 39.068 39.011 39.946 38.873 38.795 38.713 38.630 38.548 38.467 37.390 43.317 58.248 35.185 38.128 38.077 40.034 15.005 0.000
57.551 57.497 57.441 57.383 57.325 57.266 57.212 57.161 57.113 57.069 61.036 0.000 47.867 56.854 72.844 67.849 3.895 0.000 0.000 0.000 52.516 55.515 55.513 55.511 53.507 56.505 0.000 0.000 0.000 73.076 79.004 89.918 89.799 89.906 87.954 95.375 88.664 93.308 89.199 90.133 78.083 66.064 55.084 50.084 52.084 0.000 0.000 41.465 36.464 42.459 43.445 41.408 47.320 57.269 39.221 40.166 49.103 56.031 37.951 38.865 38.775 38.684 38.594 37.508 42.427 61.352 55.282 44.219 37.162 38.111 40.066 55.026 72.983
57.642 57.589 57.533 57.474 57.412 57.349 57.290 60.239 58.207 57.177 61.154 0.000 47.987 56.964 73.943 65.935 5.941 0.000 0.000 0.000 25.515 35.514 34.512 34.510 55.508 40.507 0.000 0.000 0.000 75.282 85.216 90.127 90.085 89.189 96.002 95.706 89.728 90.572 89.429 89.373 90.318 81.275 46.239 0.000 0.000 0.000 0.000 39.467 39.468 36.468 38.467 39.460 38.423 45.380 59.331 42.273 40.205 50.125 38.036 38.938 38.837 38.736 38.638 38.545 46.459 59.380 46.310 58.246 36.190 37.139 42.093 63.050 75.005
57.736 57.683 57.627 57.568 57.502 60.426 62.360 34.299 55.299 58.277 60.250 20.226 51.129 56.073 68.031 66.005 6.993 0.000 0.000 0.000 0.000 0.000 1.511 1.510 36.509 0.000 0.000 0.000 23.722 73.555 90.449 90.331 90.447 88.533 96.271 88.313 94.019 89.715 89.669 89.603 89.543 79.478 40.359 0.000 0.000 0.000 0.000 0.000 42.474 43.479 30.496 38.541 39.531 39.498 43.450 59.390 42.317 39.229 39.128 39.015 38.899 38.785 36.676 42.575 61.483 42.402 41.330 55.267 39.212 37.163 44.117 70.075 75.033
57.832 57.779 57.726 57.669 59.602 35.491 37.426 0.000 17.412 53.382 57.344 61.298 57.231 60.166 65.103 70.061 9.034 0.000 0.000 0.000 0.000 2.510 54.511 61.510 0.000 0.000 0.000 7.008 82.890 84.770 90.664 90.620 89.739 96.755 96.521 89.373 90.089 89.961 89.892 89.829 88.774 68.735 0.000 0.000 0.000 0.000 0.000 0.000 0.000 34.479 0.000 45.678 42.663 38.630 38.582 40.520 57.443 46.348 38.232 39.096 38.959 37.829 42.708 44.597 43.497 40.413 38.342 38.281 38.228 39.182 52.139 74.100 75.062
57.927 57.875 57.826 57.782 62.747 0.738 0.000 23.646 15.554 49.496 58.445 56.392 58.330 70.259 42.154 36.100 1.069 0.000 0.000 0.000 0.000 52.510 58.510 60.510 0.000 0.000 0.000 70.126 75.058 88.970 90.853 90.984 89.080 96.970 88.870 90.547 90.242 90.183 90.109 90.045 81.991 58.953 0.000 0.000 0.000 0.000 0.000 0.000 0.000 0.000 0.000 49.831 44.812 38.777 36.728 39.666 39.588 55.488 48.355 39.178 40.012 37.863 44.729 44.607 41.496 35.411 38.343 38.287 40.239 54.196 73.158 75.124 78.093
59.020 56.969 56.923 56.884 59.858 29.860 26.824 58.738 63.663 57.603 55.548 62.494 72.438 75.387 0.000 0.000 0.000 0.000 0.000 0.000 0.000 20.510 27.510 29.510 0.000 0.000 0.000 72.313 80.249 90.161 91.153 90.191 97.367 97.175 89.900 90.606 90.469 90.392 90.319 90.252 72.190 54.133 0.000 0.000 0.000 0.000 0.000 0.000 0.000 0.000 0.000 48.002 45.978 45.938 42.887 35.827 37.754 38.660 54.522 54.249 51.048 47.884 40.739 39.605 36.469 37.391 38.333 42.285 62.243 74.207 74.174 75.145 74.120
73.109 72.058 71.013 68.973 65.941 66.915 66.875 63.818 64.759 66.704 66.651 72.598 74.540 32.463 0.000 0.000 0.000 0.000 0.000 0.000 0.000 0.000 0.000 0.000 0.000 10.824 18.745 73.565 90.457 91.365 91.315 90.543 97.547 89.374 91.050 90.739 90.675 90.595 90.523 88.456 70.382 41.258 0.000 0.000 0.000 0.000 0.000 0.000 0.000 0.000 0.000 38.198 42.159 45.110 46.057 45.001 41.941 37.879 31.822 0.000 0.000 0.000 0.000 0.000 40.384 38.351 41.313 62.277 75.243 74.213 75.185 78.162 74.142
69.192 71.141 70.096 72.055 74.019 72.985 71.945 69.898 67.850 67.802 68.755 64.707 64.661 0.000 0.000 0.000 0.000 0.000 0.000 0.000 0.000 0.000 0.000 0.000 0.000 59.903 82.847 81.744 90.650 91.538 91.665 89.767 97.714 91.467 91.074 90.951 90.867 90.791 90.723 86.666 66.625 0.000 0.000 0.000 0.000 0.000 0.000 0.000 0.000 0.000 45.575 40.433 37.350 39.286 44.230 46.178 46.132 47.092 38.065 0.000 0.000 0.000 0.000 0.000 41.332 39.316 55.293 76.267 74.241 74.216 74.194 75.174 74.158
57.269 57.220 58.175 65.133 74.096 80.059 68.021 61.981 56.941 54.900 53.860 59.813 38.737 0.000 0.000 0.000 0.000 0.000 0.000 0.000 0.000 0.000 0.000 0.000 0.000 66.040 81.993 89.917 91.830 91.797 90.927 98.010 97.868 93.485 91.292 91.131 91.055 90.979 90.912 85.859 60.827 0.000 0.000 0.000 0.000 0.000 0.000 0.000 0.000 45.838 40.718 40.607 40.522 39.454 36.398 41.352 45.315 46.291 43.283 0.000 0.000 0.000 0.000 44.285 38.295 42.289 70.274 74.256 74.236 74.217 74.199 74.184 74.171
56.342 56.293 60.249 65.208 67.170 70.134 60.099 56.064 57.031 56.999 58.970 36.948 0.000 0.000 0.000 0.000 0.000 0.000 0.000 0.000 0.000 0.000 0.000 0.000 0.000 52.222 81.170 91.099 91.997 92.126 90.235 98.141 91.032 92.706 91.387 91.322 91.235 91.157 91.087 82.031 54.997 0.000 0.000 0.000 0.000 0.000 0.000 0.000 45.070 40.958 40.853 40.757 40.677 40.611 40.557 37.515 36.486 39.474 46.492 46.576 0.000 0.000 0.000 38.274 39.275 57.270 74.260 73.247 73.232 74.217 74.203 74.191 74.181
56.410 56.363 58.320 59.280 57.244 56.209 57.177 56.147 56.119 56.095 61.075 6.062 0.000 0.000 0.000 0.000 0.000 0.000 0.000 0.000 0.000 0.000 0.000 0.000 3.593 60.457 89.367 92.283 92.253 91.383 98.379 98.264 94.030 91.731 91.586 91.497 91.410 91.327 92.249 72.181 60.133 0.000 0.000 44.682 0.000 44.443 46.399 46.314 41.181 41.073 40.977 40.891 40.817 40.755 40.704 40.665 39.639 36.628 45.636 46.660 39.660 0.000 0.000 46.263 38.262 46.257 52.249 55.239 59.227 65.216 71.205 73.195 73.187
57.474 57.429 57.387 57.349 57.314 56.282 56.253 56.227 56.204 55.186 63.172 14.162 0.000 0.000 0.000 0.000 0.000 0.000 0.000 0.000 0.000 0.000 0.000 0.000 44.728 80.645 91.559 92.449 92.589 90.681 98.482 91.481 93.156 91.841 91.766 91.671 91.580 91.491 92.403 64.310 42.221 0.000 0.000 40.682 0.000 39.488 41.439 41.362 41.267 41.176 41.091 41.014 40.946 40.888 40.840 40.803 38.777 40.764 46.763 43.769 0.000 0.000 0.000 45.254 44.252 43.247 42.241 41.232 40.223 44.214 55.205 51.198 53.192
55.534 55.491 55.452 55.416 55.382 55.352 55.326 56.303 58.284 60.272 35.267 2.271 0.000 0.000 0.000 0.000 0.000 0.000 0.000 2.963 11.955 0.000 0.000 15.089 55.947 86.840 92.737 92.726 91.753 98.662 98.577 94.472 92.178 92.030 91.936 91.842 91.748 91.655 87.560 34.435 0.000 0.000 0.000 40.682 46.662 41.582 41.507 41.429 41.350 41.272 41.197 41.128 41.065 41.010 40.965 40.929 37.903 46.888 46.883 42.883 0.000 0.000 0.000 44.246 43.244 44.239 44.234 44.227 44.220 44.212 43.205 43.199 42.194
56.590 56.550 59.513 63.479 66.447 70.419 72.395 75.374 74.359 66.351 4.353 15.374 39.429 7.455 0.000 0.000 0.000 0.000 0.000 42.972 69.947 9.908 0.000 49.230 82.131 92.022 92.922 92.852 92.075 98.736 90.909 92.596 92.279 92.204 92.106 92.012 91.916 92.822 79.746 0.000 0.000 0.000 0.000 20.702 40.722 41.670 43.579 43.497 41.431 41.365 41.299 41.235 41.176 41.124 41.080 38.045 43.019 46.003 46.997 37.998 0.000 0.000 0.000 28.242 49.237 49.233 46.228 43.222 43.216 44.210 45.204 45.199 44.195
58.643 57.606 64.571 73.539 74.509 73.483 72.460 71.441 68.427 62.419 37.421 54.434 72.459 41.481 25.503 1.513 0.000 0.000 14.043 53.005 66.953 5.868 24.706 66.472 91.323 94.207 93.048 93.259 91.235 98.798 92.894 92.610 92.462 92.370 92.277 92.182 92.082 93.969 37.858 0.000 0.000 0.000 0.000 0.000 36.855 42.798 23.642 23.550 40.511 41.458 41.398 41.337 41.280 41.229 40.186 38.151 47.125 47.108 44.103 38.114 44.160 0.000 0.000 0.000 60.231 75.228 68.223 64.218 60.212 56.207 59.203 59.199 42.195
58.693 58.659 61.627 64.596 63.568 61.543 59.521 57.502 55.487 55.478 64.476 66.481 63.493 60.505 64.517 12.524 0.000 0.000 54.082 84.050 34.993 30.906 64.779 88.626 93.493 93.348 93.466 91.421 98.881 91.299 93.014 92.701 92.630 92.537 92.448 92.358 95.262 52.116 0.000 0.000 0.000 0.000 0.000 0.000 39.045 44.023 0.000 0.000 37.606 41.560 41.498 41.435 41.378 41.327 38.284 46.249 47.221 46.203 37.193 41.195 41.206 0.000 0.000 0.000 28.228 58.225 76.218 75.213 75.208 75.204 75.200 69.197 59.195
58.741 58.710 58.680 57.652 57.625 58.600 58.578 58.559 56.543 57.531 62.524 65.522 61.526 56.531 59.536 14.539 0.000 0.000 46.153 56.121 34.064 66.983 81.880 90.761 93.644 93.575 92.673 99.252 99.020 92.290 93.020 92.878 92.790 92.702 92.618 92.542 95.491 0.000 0.000 10.861 19.861 0.000 0.000 40.355 43.258 42.226 49.265 0.000 37.747 41.676 41.598 41.529 41.469 39.418 41.374 47.338 47.309 39.288 40.274 41.266 41.263 0.000 0.000 0.000 0.000 0.000 58.213 74.208 74.204 74.201 74.198 75.195 75.193
58.789 58.760 58.732 58.705 58.679 58.655 58.633 57.613 56.594 60.579 64.567 64.559 59.556 55.556 60.557 13.557 0.000 0.000 42.256 11.217 58.158 82.084 87.994 93.900 93.750 93.960 91.949 99.459 91.709 93.422 93.110 93.041 92.950 92.864 92.780 99.702 83.668 0.000 6.861 56.861 42.861 0.000 0.000 35.452 43.406 42.358 42.304 48.182 45.958 44.802 41.690 41.612 41.552 38.501 46.458 47.421 43.390 38.366 41.347 41.331 43.319 47.329 0.000 0.000 0.000 0.000 0.000 71.202 74.200 74.197 74.195 75.193 73.191
58.837 58.810 58.783 58.757 58.732 58.708 57.685 56.664 58.643 62.623 65.605 61.591 56.584 55.581 58.580 40.575 27.556 28.503 24.397 25.332 65.269 86.198 92.121 94.011 94.151 92.142 99.822 99.649 92.715 93.430 93.285 93.196 93.108 93.023 97.936 40.817 55.813 25.850 56.860 64.862 0.000 0.000 0.000 34.594 43.555 42.495 42.413 52.285 63.100 36.883 46.747 42.679 39.625 41.577 47.534 46.497 37.465 40.439 41.417 41.394 28.351 29.340 0.000 0.000 0.000 0.000 0.000 52.197 73.196 74.194 74.192 78.190 74.189
58.887 58.860 58.834 58.808 58.784 58.760 56.737 56.715 60.692 67.667 68.637 64.617 59.606 57.604 57.608 59.605 59.591 68.556 9.499 43.444 81.386 88.322 94.252 94.218 93.350 100.132 99.982 93.071 93.853 93.516 93.443 93.349 93.262 93.183 101.124 0.000 38.916 40.878 30.868 32.865 0.000 0.000 0.000 37.777 43.726 42.655 48.565 64.447 41.273 0.000 27.739 40.730 38.693 46.648 47.605 43.567 40.534 41.509 41.489 43.476 0.000 0.000 0.000 0.000 0.000 0.000 44.194 25.195 64.192 74.190 74.189 79.188 74.186
58.936 58.910 58.884 58.859 58.834 57.811 56.788 58.766 65.743 42.714 18.661 17.633 14.620 44.622 61.641 56.648 59.645 40.630 2.599 48.559 86.509 92.459 94.348 94.592 92.615 100.270 93.404 94.182 93.752 93.694 93.590 93.497 93.408 94.325 92.253 14.197 14.056 0.000 0.000 0.000 0.000 0.000 37.146 45.009 42.918 41.834 61.747 65.663 0.000 0.000 0.000 36.809 42.768 47.718 47.671 37.631 41.597 41.572 41.554 44.545 0.000 0.000 0.000 0.000 0.000 0.000 23.194 0.000 52.188 74.187 74.186 80.185 74.184
58.985 58.959 58.933 58.908 57.884 56.861 58.838 61.818 69.799 28.786 0.000 0.000 0.000 0.000 43.687 58.700 59.713 45.720 47.709 73.682 90.644 94.570 94.745 92.767 100.514 100.397 94.384 94.081 93.934 93.832 93.735 93.641 93.548 96.455 81.366 10.281 0.000 0.000 0.000 0.000 0.000 0.000 37.284 44.195 43.103 41.017 68.927 29.795 0.000 0.000 43.039 47.930 47.851 47.786 45.732 40.687 41.653 41.627 41.611 43.605 0.000 47.685 0.000 0.000 0.000 0.000 0.000 0.000 45.184 74.184 74.183 74.183 74.182
59.033 59.007 58.982 58.958 57.933 56.909 60.887 64.867 68.852 26.843 0.000 0.000 0.000 0.000 23.720 66.752 61.787 67.828 80.836 89.817 93.780 94.789 93.940 100.719 100.620 93.718 94.496 94.155 94.074 93.972 93.877 93.784 97.688 60.582 32.474 0.000 0.000 0.000 0.000 0.000 0.014 39.687 44.511 43.383 45.283 42.204 66.148 0.000 0.000 38.280 45.148 61.022 49.921 46.843 42.782 40.735 40.699 41.674 41.659 41.658 46.678 42.685 33.685 0.000 0.000 0.000 41.178 43.179 42.181 74.181 74.181 74.180 74.180
59.080 59.056 59.031 59.007 56.982 58.957 64.933 65.912 63.897 50.893 11.908 0.000 0.000 0.000 0.000 19.803 15.853 55.970 86.989 90.970 94.912 95.083 93.208 100.809 93.028 94.809 94.377 94.314 96.205 95.108 94.016 93.929 99.839 22.710 0.000 0.000 0.000 0.000 0.000 21.137 60.051 59.863 47.689 44.542 55.443 50.367 51.313 12.311 0.161 36.413 41.251 52.088 47.969 51.882 45.818 48.770 47.735 44.710 41.694 40.689 40.691 46.692 0.000 0.000 0.000 0.000 38.178 38.178 48.179 74.179 74.179 74.178 74.178
