results4_8e4_rain/res_4e8f-0166.wd
ncols         241
nrows         181
xllcorner     12693529.787448
yllcorner     3542525.717860
cellsize      155.156523
NODATA_value  -9999.000000
[rows 66 to 98 of 181, columns 73 to 145 of 241]
71.465 35.453 0.000 60.592 77.570 76.539 76.511 0.000 47.910 47.894 60.908 56.918 55.899 55.853 54.784 130.685 118.513 0.000 0.000 0.000 51.242 46.180 51.085 54.023 53.972 55.924 56.877 61.822 62.771 63.723 54.685 0.000 0.000 51.972 101.972 83.885 87.749 87.838 85.890 93.809 86.299 86.778 87.517 86.290 86.067 86.863 56.708 0.000 0.000 0.000 0.000 0.000 0.000 0.000 42.108 40.084 40.044 39.991 39.926 39.859 43.787 56.712 53.636 38.563 49.491 58.421 37.350 40.280 46.211 51.142 47.074 41.007 38.942
56.467 62.441 0.290 48.816 72.778 71.749 65.752 18.838 0.000 0.000 53.987 67.067 56.067 55.036 55.992 36.951 0.000 0.000 0.000 0.000 0.000 0.000 62.018 59.992 57.959 40.918 43.871 50.817 51.778 56.745 47.715 0.000 0.000 0.000 62.213 80.121 87.058 87.150 94.236 94.030 86.371 87.059 86.771 86.560 86.349 81.161 39.028 0.000 3.216 36.216 0.000 0.000 0.000 48.188 43.153 40.119 40.076 40.025 39.965 39.900 39.832 39.760 46.688 60.616 61.544 44.474 38.404 39.335 40.267 44.199 43.132 39.066 39.002
58.477 57.409 62.273 60.071 73.977 66.927 67.910 64.924 0.000 0.000 0.000 69.295 64.267 59.232 61.198 8.175 0.000 0.000 0.000 0.000 0.000 0.000 60.977 56.967 47.955 0.000 0.000 48.798 60.779 59.763 0.000 0.000 7.917 64.797 56.545 60.367 67.445 82.505 94.428 86.110 87.665 87.229 87.040 86.822 84.608 67.404 46.216 52.216 50.216 31.216 0.000 0.000 0.000 6.223 57.197 39.161 40.117 44.066 52.008 41.946 39.879 38.809 42.738 57.667 64.597 56.527 42.458 37.389 39.322 39.255 39.190 39.124 38.060
58.520 56.443 60.339 71.219 65.131 58.073 77.038 66.025 18.042 0.000 11.697 61.550 77.475 72.427 72.393 75.375 0.000 0.000 0.000 0.000 6.930 6.935 58.947 49.945 52.939 0.000 0.000 0.000 96.776 123.766 38.757 0.000 64.036 58.933 58.772 58.678 54.761 94.781 94.610 87.156 90.762 87.508 87.299 87.084 78.858 31.631 0.000 54.216 32.216 0.000 0.000 0.000 45.327 44.285 43.250 39.211 43.166 55.115 60.057 57.995 50.928 40.860 49.789 57.719 36.648 42.579 55.510 52.443 48.376 56.311 37.246 39.182 37.117
56.579 62.506 72.422 64.333 56.256 56.194 69.143 77.095 73.060 75.986 77.845 72.733 67.657 69.606 58.574 57.557 0.000 0.000 0.000 7.923 63.925 62.928 50.930 52.926 53.916 57.896 56.883 0.000 7.782 1.769 0.712 10.429 70.258 63.127 57.966 59.056 57.101 94.937 56.772 64.362 78.958 86.778 87.564 85.358 44.108 0.000 0.000 0.000 0.000 0.000 0.000 46.395 40.369 40.340 40.307 41.268 51.222 60.169 59.111 59.048 54.981 50.911 60.841 43.770 38.699 39.630 39.561 49.495 62.430 49.366 37.303 38.240 44.175
62.647 73.581 63.509 56.435 57.367 57.306 59.244 43.152 69.116 67.053 58.963 55.879 54.814 70.767 72.738 59.723 0.000 0.000 0.000 63.921 59.921 56.921 49.919 53.914 53.904 53.889 53.870 12.838 15.801 16.770 18.716 86.578 83.445 72.313 71.268 60.265 95.214 95.082 58.824 65.473 60.249 67.053 85.825 60.675 0.000 0.000 0.000 0.000 0.000 0.000 0.000 46.420 40.416 40.399 40.369 41.331 50.284 60.230 59.170 58.105 55.036 59.965 53.893 37.820 39.749 39.679 39.611 49.546 57.482 36.421 39.360 42.299 61.233
73.722 63.661 56.597 57.532 57.471 58.418 39.377 0.000 26.199 54.147 57.077 57.006 56.951 54.912 78.887 62.874 0.000 0.000 0.000 40.919 57.916 51.915 52.912 53.906 53.898 53.885 53.868 64.845 4.813 8.795 25.800 78.725 88.620 10.508 92.429 82.620 95.330 57.395 71.039 67.683 57.553 54.358 51.008 35.841 0.000 0.000 41.978 0.000 0.000 0.000 0.000 42.448 40.477 40.469 40.442 40.402 41.353 47.297 55.233 55.165 55.093 59.019 36.944 39.870 39.797 38.727 44.659 61.594 44.533 38.475 41.419 22.361 23.282
63.802 56.745 57.686 57.626 57.568 60.515 16.470 14.435 7.333 52.261 57.190 59.118 57.073 56.042 74.023 70.014 0.000 0.000 0.000 0.000 48.911 51.910 53.907 53.902 53.895 53.886 55.874 41.859 0.000 0.000 75.966 78.899 89.807 95.677 89.780 87.818 95.430 78.443 81.146 65.988 58.893 51.819 0.000 0.000 0.000 0.000 39.978 0.000 0.000 0.000 0.000 0.000 43.575 40.558 40.527 40.483 40.431 40.370 40.302 47.229 55.153 43.075 39.996 39.919 39.844 42.772 55.703 55.639 37.580 39.526 42.479 9.446 0.000
56.887 57.832 57.775 57.717 57.660 57.605 61.554 62.502 62.436 58.374 58.306 38.202 55.181 56.161 72.148 71.144 0.000 0.000 0.000 0.000 47.908 53.907 53.904 53.900 53.895 53.889 41.881 0.000 0.000 4.331 81.198 87.101 90.000 89.946 89.024 95.564 87.923 90.640 85.329 70.271 60.211 59.207 59.342 0.000 0.000 0.000 36.978 43.978 36.978 0.000 0.000 0.000 58.689 39.662 40.623 40.574 40.516 41.450 40.376 40.297 40.214 40.130 40.046 39.965 38.887 44.813 59.744 36.680 39.622 39.570 41.527 16.497 0.000
57.975 57.922 57.866 57.808 57.750 57.692 57.637 57.585 57.536 57.492 61.458 0.000 48.288 57.274 73.264 68.270 4.316 0.000 0.000 0.000 52.906 55.905 55.903 55.900 53.897 56.894 0.000 0.000 0.000 73.465 79.393 90.307 90.188 90.296 88.345 95.768 89.056 93.699 89.591 90.525 78.476 66.456 55.476 50.476 52.476 0.000 0.000 42.979 37.978 43.972 44.958 42.920 48.831 58.778 40.729 41.674 50.610 57.537 39.456 40.368 40.277 40.185 40.095 39.008 43.926 62.849 56.779 45.715 38.657 39.606 41.560 56.519 74.476
58.067 58.013 57.958 57.900 57.839 57.776 57.716 60.664 58.630 57.599 61.576 0.000 48.407 57.385 74.364 66.356 6.363 0.000 0.000 0.000 25.905 35.904 34.902 34.900 55.898 40.896 0.000 0.000 0.000 75.670 85.604 90.515 90.474 89.577 96.391 96.097 90.119 90.962 89.820 89.764 90.710 81.666 46.631 0.000 0.000 0.000 0.000 40.980 40.982 37.982 39.981 40.973 39.935 46.892 60.842 43.783 41.713 51.633 39.542 40.443 40.341 40.239 40.140 40.046 47.959 60.879 47.808 59.744 37.687 38.635 43.588 64.544 76.499
58.161 58.107 58.052 57.994 57.930 60.856 62.789 34.725 55.722 58.699 60.672 20.647 51.550 56.493 68.452 66.426 7.416 0.000 0.000 0.000 0.000 0.000 1.900 1.900 36.899 0.000 0.000 0.000 24.108 73.942 90.836 90.718 90.834 88.920 96.659 88.701 94.408 90.104 90.059 89.993 89.934 79.869 40.750 0.000 0.000 0.000 0.000 0.000 43.987 44.993 32.010 40.056 41.045 41.011 44.963 60.902 43.828 40.739 40.636 40.522 40.404 40.289 38.180 44.077 62.984 43.902 42.830 56.766 40.710 38.660 45.614 71.571 76.528
58.256 58.203 58.150 58.095 60.031 35.929 37.859 0.000 17.834 53.804 57.765 61.719 57.651 60.587 65.523 70.481 9.460 0.000 0.000 0.000 0.000 2.900 54.900 61.900 0.000 0.000 0.000 7.392 83.274 85.155 91.050 91.006 90.126 97.141 96.908 89.761 90.477 90.349 90.281 90.218 89.164 69.125 0.000 0.000 0.000 0.000 0.000 0.000 0.000 35.993 0.000 47.194 44.179 40.145 40.097 42.034 58.956 47.860 39.742 40.604 40.466 39.334 44.212 46.100 44.999 41.914 39.842 39.781 39.728 40.680 53.638 75.598 76.559
58.352 58.300 58.250 58.205 63.168 1.155 0.000 24.066 15.975 49.917 58.866 56.812 58.750 70.679 42.573 36.516 1.488 0.000 0.000 0.000 0.000 52.900 58.900 60.900 0.000 0.000 0.000 70.510 75.442 89.354 91.238 91.369 89.465 97.355 89.256 90.934 90.629 90.571 90.497 90.433 82.379 59.341 0.000 0.000 0.000 0.000 0.000 0.000 0.000 0.000 0.000 51.349 46.330 40.295 38.245 41.182 41.103 57.002 49.867 40.688 41.520 39.370 46.234 46.110 42.999 36.913 39.845 39.788 41.740 55.697 74.658 76.623 79.591
59.445 57.393 57.346 57.305 60.276 30.271 27.240 59.156 64.083 58.023 55.969 62.915 72.858 75.807 0.000 0.000 0.000 0.000 0.000 0.000 0.000 20.900 27.900 29.900 0.000 0.000 0.000 72.696 80.633 90.544 91.536 90.575 97.750 97.558 90.286 90.992 90.855 90.778 90.706 90.640 72.577 54.521 0.000 0.000 0.000 0.000 0.000 0.000 0.000 0.000 0.000 49.523 47.498 47.458 44.407 37.346 39.272 40.177 56.037 55.760 52.557 49.390 42.245 41.109 37.973 38.894 39.836 43.788 63.746 75.708 75.675 76.645 75.620
73.533 72.482 71.435 69.395 66.361 67.332 67.293 64.237 65.179 67.124 67.072 73.019 74.961 32.884 0.000 0.000 0.000 0.000 0.000 0.000 0.000 0.000 0.000 0.000 0.000 11.206 19.127 73.947 90.839 91.748 91.698 90.926 97.929 89.758 91.435 91.124 91.060 90.980 90.909 88.842 70.768 41.645 0.000 0.000 0.000 0.000 0.000 0.000 0.000 0.000 0.000 39.721 43.682 46.632 47.579 46.522 43.462 39.399 33.341 0.000 0.000 0.000 0.000 0.000 41.888 39.855 42.818 63.781 76.747 75.716 76.688 79.664 75.644
69.616 71.565 70.519 72.477 74.440 73.404 72.364 70.318 68.270 68.223 69.176 65.128 65.082 0.000 0.000 0.000 0.000 0.000 0.000 0.000 0.000 0.000 0.000 0.000 0.000 60.284 83.228 82.125 91.032 91.920 92.047 90.150 98.095 91.850 91.457 91.334 91.252 91.176 91.108 87.051 67.010 0.000 0.000 0.000 0.000 0.000 0.000 0.000 0.000 0.000 47.103 41.959 38.875 40.811 45.754 47.703 47.655 48.615 39.589 0.000 0.000 0.000 0.000 0.000 42.837 40.821 56.798 77.772 75.745 75.721 75.698 76.678 75.662
57.694 57.644 58.598 65.556 74.517 80.479 68.441 62.401 57.361 55.321 54.281 60.234 39.158 0.000 0.000 0.000 0.000 0.000 0.000 0.000 0.000 0.000 0.000 0.000 0.000 66.420 82.374 90.298 92.211 92.178 91.308 98.390 98.248 93.867 91.674 91.514 91.439 91.362 91.296 86.243 61.211 0.000 0.000 0.000 0.000 0.000 0.000 0.000 0.000 47.369 42.248 42.136 42.050 40.982 37.925 42.878 46.842 47.818 44.810 0.000 0.000 0.000 0.000 45.792 39.802 43.795 71.781 75.762 75.742 75.723 75.705 75.689 75.676
56.767 56.718 60.672 65.631 67.592 70.556 60.520 56.485 57.451 57.420 59.392 37.371 0.000 0.000 0.000 0.000 0.000 0.000 0.000 0.000 0.000 0.000 0.000 0.000 0.000 52.602 81.550 91.479 92.377 92.507 90.616 98.520 91.412 93.088 91.769 91.704 91.618 91.540 91.470 82.414 55.381 0.000 0.000 0.000 0.000 0.000 0.000 0.000 46.601 42.489 42.383 42.287 42.206 42.140 42.086 39.044 38.015 41.004 48.023 48.108 0.000 0.000 0.000 39.782 40.783 58.778 75.767 74.754 74.739 75.724 75.710 75.697 75.687
56.835 56.788 58.744 59.703 57.666 56.631 57.598 56.568 56.540 56.516 61.497 6.485 0.000 0.000 0.000 0.000 0.000 0.000 0.000 0.000 0.000 0.000 0.000 0.000 3.971 60.836 89.746 92.663 92.632 91.762 98.757 98.643 94.410 92.112 91.967 91.879 91.792 91.709 92.632 72.564 60.516 0.000 0.000 46.212 0.000 45.975 47.931 47.846 42.713 42.605 42.509 42.423 42.349 42.287 42.236 42.197 41.171 38.161 47.169 48.194 41.194 0.000 0.000 47.772 39.770 47.765 53.757 56.747 60.736 66.724 72.713 74.703 74.695
57.899 57.854 57.812 57.773 57.737 56.704 56.674 56.647 56.624 55.606 63.594 14.588 0.000 0.000 0.000 0.000 0.000 0.000 0.000 0.000 0.000 0.000 0.000 0.000 45.107 81.024 91.938 92.828 92.968 91.060 98.860 91.860 93.535 92.220 92.146 92.051 91.961 91.872 92.784 64.692 42.604 0.000 0.000 42.212 0.000 41.020 42.971 42.894 42.800 42.708 42.624 42.547 42.479 42.421 42.374 42.337 40.312 42.299 48.298 45.304 0.000 0.000 0.000 46.763 45.761 44.756 43.750 42.742 41.733 45.723 56.715 52.707 54.701
55.960 55.916 55.876 55.839 55.805 55.774 55.747 56.723 58.704 60.691 35.685 2.686 0.000 0.000 0.000 0.000 0.000 0.000 0.000 3.342 12.333 0.000 0.000 15.466 56.325 87.218 93.115 93.104 92.131 99.040 98.954 94.850 92.557 92.408 92.315 92.221 92.128 92.036 87.941 34.816 0.000 0.000 0.000 42.212 48.192 43.113 43.039 42.961 42.883 42.805 42.731 42.662 42.600 42.546 42.501 42.465 39.440 48.426 48.420 44.421 0.000 0.000 0.000 45.756 44.753 45.749 45.744 45.737 45.730 45.723 44.716 44.710 43.705
57.016 56.975 59.938 63.903 66.871 70.842 72.816 75.794 74.778 66.768 4.768 15.785 39.839 7.864 0.000 0.000 0.000 0.000 0.000 43.350 70.325 10.286 0.000 49.608 82.509 92.400 93.299 93.230 92.453 99.113 91.286 92.973 92.657 92.582 92.485 92.390 92.295 93.201 80.126 0.000 0.000 0.000 0.000 22.232 42.252 43.201 45.111 45.030 42.964 42.899 42.834 42.771 42.713 42.661 42.618 39.583 44.558 47.543 48.537 39.538 0.000 0.000 0.000 29.752 50.748 50.744 47.739 44.733 44.727 45.721 46.716 46.711 45.707
59.070 58.032 64.996 73.963 74.933 73.905 72.881 71.860 68.845 62.835 37.835 54.845 72.869 41.889 25.911 1.919 0.000 0.000 14.422 53.383 67.332 6.246 25.084 66.849 91.700 94.584 93.424 93.636 91.612 99.175 93.271 92.986 92.839 92.747 92.654 92.560 92.460 94.348 38.237 0.000 0.000 0.000 0.000 0.000 38.384 44.327 25.173 25.083 42.045 42.994 42.934 42.875 42.819 42.769 41.726 39.692 48.667 48.650 45.646 39.657 45.704 0.000 0.000 0.000 61.742 76.739 69.735 65.730 61.725 57.720 60.715 60.711 43.708
59.120 59.085 62.052 65.021 63.992 61.966 59.942 57.922 55.906 55.895 64.890 66.893 63.902 60.913 64.923 12.928 0.000 0.000 54.461 84.429 35.372 31.284 65.157 89.002 93.869 93.725 93.843 91.797 99.258 91.674 93.389 93.077 93.006 92.913 92.824 92.735 95.639 52.493 0.000 0.000 0.000 0.000 0.000 0.000 40.572 45.550 0.000 0.000 39.141 43.096 43.035 42.975 42.919 42.869 39.827 47.792 48.765 47.747 38.738 42.740 42.751 0.000 0.000 0.000 29.739 59.736 77.731 76.726 76.722 76.718 76.714 70.711 60.709
59.169 59.137 59.107 58.077 58.049 59.023 59.000 58.979 56.961 57.947 62.938 65.934 61.934 56.938 59.941 14.942 0.000 0.000 46.532 56.500 34.442 67.361 82.257 91.137 94.020 93.951 93.048 99.627 99.397 92.664 93.394 93.252 93.165 93.077 92.993 92.917 95.866 0.000 0.000 11.234 20.234 0.000 0.000 41.878 44.782 43.750 50.790 0.000 39.281 43.213 43.137 43.070 43.012 40.962 42.920 48.884 48.856 40.835 41.820 42.813 42.811 0.000 0.000 0.000 0.000 0.000 59.727 75.722 75.719 75.716 75.713 76.711 76.709
59.218 59.188 59.159 59.131 59.104 59.079 59.055 58.033 57.013 60.995 64.980 64.970 59.964 55.962 60.960 13.958 0.000 0.000 42.636 11.596 58.537 82.461 88.370 94.276 94.125 94.335 92.323 99.834 92.082 93.794 93.483 93.414 93.323 93.237 93.153 100.076 84.043 0.000 7.234 57.234 43.234 0.000 0.000 36.973 44.928 43.881 43.829 49.709 47.489 46.338 43.230 43.156 43.098 40.048 48.006 48.969 44.939 39.915 42.896 42.880 44.867 48.878 0.000 0.000 0.000 0.000 0.000 72.717 75.716 75.714 75.712 76.710 74.708
59.267 59.239 59.211 59.184 59.158 59.133 58.108 57.085 59.063 63.040 66.018 62.002 56.991 55.985 58.980 40.971 27.947 28.889 24.780 25.712 65.647 86.576 92.497 94.387 94.525 92.515 100.195 100.022 93.087 93.801 93.656 93.567 93.479 93.394 98.308 41.190 56.186 26.223 57.233 65.235 0.000 0.000 0.000 36.115 45.076 44.016 43.935 53.810 64.629 38.419 48.290 44.225 41.174 43.127 49.085 48.048 39.017 41.991 42.969 42.945 29.901 30.889 0.000 0.000 0.000 0.000 0.000 53.714 74.713 75.711 75.710 79.709 75.707
59.317 59.290 59.263 59.236 59.210 59.185 57.161 57.137 61.112 68.084 69.051 65.027 60.013 58.007 58.006 59.999 59.980 68.941 9.881 43.824 81.764 88.699 94.627 94.593 93.724 100.503 100.354 93.441 94.223 93.886 93.813 93.719 93.632 93.554 101.495 0.000 39.288 41.250 31.240 33.238 0.000 0.000 0.000 39.295 45.244 44.173 50.084 65.968 42.799 0.000 29.286 42.282 40.246 48.202 49.159 45.121 42.089 43.063 43.043 45.030 0.000 0.000 0.000 0.000 0.000 0.000 45.712 26.712 65.711 75.709 75.708 80.707 75.706
59.367 59.340 59.314 59.288 59.262 58.237 57.213 59.189 66.165 43.133 19.076 18.043 15.026 45.023 62.036 57.039 60.033 41.015 2.981 48.938 86.887 92.835 94.723 94.965 92.988 100.641 93.773 94.551 94.120 94.062 93.958 93.865 93.776 94.693 92.622 14.566 14.427 0.000 0.000 0.000 0.000 0.000 38.665 46.526 44.433 43.348 63.261 67.178 0.000 0.000 0.000 38.369 44.327 49.277 49.229 39.188 43.154 43.129 43.111 46.102 0.000 0.000 0.000 0.000 0.000 0.000 24.712 0.000 53.708 75.707 75.706 81.706 75.705
59.417 59.391 59.364 59.338 58.313 57.288 59.265 62.243 70.224 29.209 0.000 0.000 0.000 0.000 44.078 59.089 60.099 46.103 48.090 74.060 91.020 94.945 95.118 93.139 100.883 100.767 94.753 94.448 94.301 94.199 94.102 94.007 93.914 96.822 81.734 10.650 0.000 0.000 0.000 0.000 0.000 0.145 38.804 45.711 44.615 42.525 70.434 31.306 0.000 0.000 44.615 49.499 49.416 49.348 47.293 42.248 43.212 43.187 43.171 45.164 0.000 49.248 1.248 0.000 0.000 0.000 0.000 0.000 46.705 75.705 75.705 75.704 75.704
59.466 59.440 59.415 59.389 58.363 57.339 61.315 65.294 69.278 27.269 0.000 0.000 0.000 0.000 24.108 67.139 62.171 68.209 81.214 90.194 94.155 95.162 94.312 101.088 100.989 94.086 94.863 94.521 94.439 94.337 94.241 94.148 98.052 60.947 32.840 0.000 0.000 0.000 0.000 0.000 1.395 41.226 46.035 44.898 46.791 43.704 67.642 0.000 0.000 39.877 46.731 62.595 51.490 48.408 44.345 42.297 42.261 43.235 43.221 43.220 48.241 44.248 35.248 0.000 0.000 0.000 42.702 44.702 43.703 75.704 75.703 75.703 75.703
59.515 59.490 59.465 59.439 57.413 59.387 65.363 66.341 64.325 51.321 12.337 0.000 0.000 0.000 0.000 20.187 16.236 56.349 87.365 91.345 95.286 95.455 93.579 101.178 93.395 95.175 94.742 94.679 96.568 95.470 94.378 94.290 100.200 23.073 0.000 0.000 0.000 0.000 0.000 22.614 61.522 61.370 49.211 46.057 56.946 51.859 52.789 13.750 1.551 38.024 42.835 53.663 49.539 53.450 47.384 50.335 49.298 46.273 43.258 42.252 42.255 48.256 0.000 0.000 0.000 0.000 39.702 39.702 49.702 75.702 75.702 75.702 75.702
