results4_8e4_rain/res_4e8f-0027.wd
ncols         241
nrows         181
xllcorner     12693529.787448
yllcorner     3542525.717860
cellsize      155.156523
NODATA_value  -9999.000000
[rows 66 to 98 of 181, columns 75 to 149 of 241]
0.000 37.767 54.770 53.774 53.777 0.000 25.644 25.670 38.724 34.764 33.783 33.784 32.769 108.735 96.695 0.000 0.000 0.000 30.503 25.496 30.485 33.481 33.480 35.482 36.484 41.483 42.484 43.487 34.493 0.000 0.000 38.769 88.769 70.689 74.556 74.649 72.715 80.699 73.156 73.642 74.390 73.173 72.961 73.767 43.620 0.000 0.000 0.000 0.000 0.000 0.000 0.000 2.791 0.689 0.536 0.377 0.165 0.042 1.384 14.871 12.042 0.000 8.087 16.943 0.000 0.000 3.599 8.590 4.583 0.000 0.000 0.000 0.000 4.631 5.641
0.000 25.936 49.922 48.916 42.917 0.000 0.000 0.000 31.784 44.844 33.866 32.868 33.850 14.792 0.000 0.000 0.000 0.000 0.000 0.000 41.469 39.469 37.470 20.478 23.481 30.482 31.483 36.485 27.489 0.000 0.000 0.000 48.990 66.911 73.860 73.965 81.118 80.917 73.227 73.921 73.640 73.438 73.235 68.055 25.927 0.000 0.000 23.103 0.000 0.000 0.000 8.806 3.806 0.690 0.503 0.321 0.169 0.071 0.016 0.000 5.215 19.311 20.233 3.180 0.000 0.000 0.000 1.584 0.572 0.000 0.000 0.000 0.000 7.624 5.628
39.248 37.120 51.068 44.050 45.059 42.113 0.000 0.000 0.000 46.965 41.970 36.972 38.972 0.000 0.000 0.000 0.000 0.000 0.000 0.000 40.455 36.455 27.456 0.000 0.000 28.482 40.482 39.482 0.000 0.000 0.000 51.475 43.290 47.144 54.242 69.322 81.304 72.959 74.517 74.088 73.905 73.694 71.488 54.290 33.107 39.105 37.104 18.104 0.000 0.000 0.000 0.000 17.839 0.000 0.258 3.711 11.682 1.653 0.000 0.000 1.539 16.488 23.359 15.359 1.674 0.000 0.000 0.000 0.000 0.000 0.000 0.000 0.000 6.616 5.618
37.297 48.227 42.182 35.159 54.155 43.169 0.000 0.000 0.000 39.081 55.078 50.080 50.095 53.146 0.000 0.000 0.000 0.000 0.000 0.000 38.442 29.443 32.442 0.000 0.000 0.000 76.481 103.481 18.480 0.000 50.814 45.664 45.520 45.452 41.558 81.643 81.479 74.003 77.612 74.364 74.161 73.952 65.731 18.511 0.000 41.105 19.104 0.000 0.000 0.000 5.933 4.911 3.872 0.000 2.775 14.730 19.681 17.626 10.562 0.352 8.879 16.766 0.000 1.674 14.891 12.078 8.149 16.166 0.000 0.000 0.000 0.000 3.606 7.609 8.610
49.358 41.312 33.274 33.249 46.235 54.239 50.275 53.285 55.265 50.202 45.180 47.176 36.182 35.197 0.000 0.000 0.000 0.000 43.420 42.422 30.429 32.431 33.429 37.423 36.420 0.000 0.000 0.000 0.000 0.000 56.965 49.845 44.711 45.830 43.901 81.789 43.614 51.207 65.807 73.632 74.422 72.220 30.976 0.000 0.000 0.000 0.000 0.000 0.000 7.093 1.032 0.974 0.857 1.235 10.819 19.757 18.690 18.614 14.513 10.343 20.102 2.932 0.000 0.025 0.003 9.195 22.204 9.185 0.000 0.000 0.000 0.000 0.000 0.000 0.000
40.423 33.388 34.356 34.327 36.298 20.279 46.301 44.316 36.308 33.283 32.267 48.261 50.261 37.265 0.000 0.000 0.000 43.416 39.417 36.419 29.422 33.423 33.422 33.420 33.418 0.000 2.567 3.567 5.568 73.471 70.241 59.002 58.009 47.042 82.042 81.923 45.665 52.317 47.097 53.904 72.680 47.532 0.000 0.000 0.000 0.000 0.000 0.000 0.000 7.113 1.101 1.057 0.920 1.284 9.865 19.790 18.713 17.630 14.537 19.417 13.258 0.000 0.155 0.087 0.023 9.305 17.289 0.000 0.000 0.000 0.000 0.000 0.000 0.000 0.000
33.489 34.462 34.436 35.406 16.352 0.000 3.335 31.370 34.370 34.356 34.345 32.339 56.338 40.338 0.000 0.000 0.000 20.415 37.415 31.416 32.417 33.418 33.418 33.416 33.415 44.414 0.000 0.000 12.665 65.607 75.517 0.000 79.181 69.411 82.142 44.232 57.879 54.526 44.400 41.207 37.861 22.696 0.000 0.000 0.000 0.000 0.000 0.000 0.000 3.140 1.217 1.190 1.108 0.893 1.219 6.828 14.744 14.661 14.590 18.533 0.000 0.265 0.207 0.000 4.531 21.431 4.360 0.000 0.000 0.000 0.000 0.000 0.000 0.000 11.560
34.556 34.537 34.521 37.510 0.000 0.000 0.000 29.460 34.446 36.425 34.419 33.415 51.413 47.412 0.000 0.000 0.000 0.000 28.413 31.414 33.414 33.414 33.414 33.414 35.414 21.413 0.000 0.000 62.820 65.774 76.706 82.620 76.626 74.636 82.223 65.280 67.987 52.831 45.738 38.666 0.000 0.000 0.000 0.000 0.000 0.000 0.000 0.000 0.000 0.000 4.512 1.349 1.303 1.216 1.075 0.944 0.672 6.682 14.631 2.597 0.322 0.315 0.198 2.708 15.632 15.531 0.000 0.000 0.000 0.000 0.000 0.000 0.000 0.000 0.000
34.623 34.610 34.601 34.604 38.640 39.644 39.623 35.564 35.530 15.482 32.490 33.490 49.488 48.486 0.000 0.000 0.000 0.000 27.411 33.411 33.412 33.412 33.412 33.412 21.412 0.000 0.000 0.000 68.022 73.966 76.883 76.837 75.884 82.329 74.759 77.482 72.172 57.115 47.056 46.053 46.187 0.000 0.000 0.000 0.000 0.000 0.000 0.000 0.000 0.000 19.642 0.602 1.476 1.434 1.379 2.344 0.986 0.721 0.597 0.533 0.512 0.433 0.000 4.782 19.758 0.000 0.000 0.000 0.000 0.000 0.000 0.000 0.000 0.000 0.000
34.690 34.680 34.671 34.667 34.672 34.670 34.661 34.643 38.631 0.000 25.570 34.567 50.563 45.560 0.000 0.000 0.000 0.000 32.410 35.410 35.410 35.410 33.410 36.410 0.000 0.000 0.000 60.428 66.280 77.184 77.066 77.173 75.205 82.538 75.897 80.544 76.436 77.370 65.321 53.302 42.322 37.321 39.321 0.000 0.000 0.000 0.000 4.893 5.893 3.878 9.779 19.780 1.673 2.601 11.544 18.483 0.310 0.866 0.814 0.744 0.670 0.000 3.936 22.882 16.861 5.886 0.000 0.000 0.000 0.000 0.000 0.000 0.000 0.000 0.000
34.758 34.749 34.736 34.721 34.712 37.706 35.707 34.718 38.721 0.000 25.655 34.647 51.637 43.631 0.000 0.000 0.000 0.000 5.409 15.409 14.409 14.409 35.409 20.409 0.000 0.000 0.000 62.575 72.489 77.393 77.349 76.450 83.236 82.911 76.966 77.810 76.668 76.611 77.557 68.513 33.477 0.000 0.000 0.000 0.000 0.000 0.000 0.000 0.960 2.017 1.043 7.859 21.773 4.676 2.605 12.549 0.386 1.014 0.953 0.862 0.685 0.415 7.990 20.951 7.919 19.912 0.000 0.000 0.000 0.000 0.000 0.000 0.000 0.000 0.000
34.830 34.822 34.804 37.771 39.749 11.734 32.747 35.800 37.814 0.000 28.748 33.729 45.709 43.697 0.000 0.000 0.000 0.000 0.000 0.000 0.000 0.000 16.408 0.000 0.000 0.000 10.949 60.809 77.709 77.591 77.708 75.794 83.524 75.558 81.263 76.956 76.909 76.842 76.782 66.716 27.596 0.000 0.000 0.000 0.000 0.000 0.000 0.000 0.000 1.478 2.444 2.153 5.843 21.724 4.653 1.573 1.414 1.178 1.066 0.977 0.000 4.149 23.074 4.013 2.955 16.932 0.929 0.000 0.000 0.000 0.000 0.000 0.000 0.000 0.000
34.909 34.907 36.886 12.812 14.780 0.000 0.000 30.923 34.922 38.927 34.860 37.815 42.773 47.751 0.000 0.000 0.000 0.000 0.000 0.000 0.000 0.000 0.000 0.000 0.000 0.000 70.088 72.007 77.915 77.877 76.999 84.034 83.790 76.623 77.334 77.204 77.133 77.069 76.014 55.974 0.000 0.000 0.000 0.000 0.000 0.000 0.000 0.000 0.000 8.841 5.783 1.630 1.164 2.725 19.676 8.623 0.462 1.192 1.119 0.033 4.288 6.216 5.146 2.082 0.007 0.000 0.000 0.000 0.000 0.000 0.000 0.000 0.000 0.000 0.000
34.997 35.011 40.022 0.000 0.000 1.319 0.000 27.046 36.027 34.000 35.951 47.898 19.818 13.784 0.000 0.000 0.000 0.000 0.000 0.000 0.000 0.000 0.000 0.000 0.000 57.442 62.309 76.216 78.103 78.239 76.341 84.257 76.127 77.798 77.489 77.428 77.352 77.286 69.231 46.193 0.000 0.000 0.000 0.000 0.000 0.000 0.000 0.000 0.000 13.013 8.018 2.034 0.165 1.716 1.704 17.617 10.479 1.246 2.109 0.026 6.362 6.281 3.213 0.000 0.000 0.000 0.000 0.000 0.000 0.000 0.000 0.000 0.000 0.000 0.000
34.087 34.121 37.169 7.269 4.315 36.321 41.284 35.190 33.138 40.095 50.049 53.007 0.000 0.000 0.000 0.000 0.000 0.000 0.000 0.000 0.000 0.000 0.000 0.000 0.000 59.574 67.497 77.406 78.401 77.446 84.662 84.466 77.157 77.857 77.716 77.637 77.562 77.494 59.431 41.374 0.000 0.000 0.000 0.000 0.000 0.000 0.000 0.000 0.000 11.181 9.243 9.341 6.436 0.000 0.907 1.274 16.407 16.239 13.069 9.858 2.579 1.449 0.000 0.000 0.000 0.000 0.000 0.000 0.000 0.000 0.000 0.000 0.000 0.000 0.000
48.175 46.217 43.265 44.322 44.358 41.364 42.341 44.292 44.243 50.195 52.143 10.074 0.000 0.000 0.000 0.000 0.000 0.000 0.000 0.000 0.000 0.000 0.000 0.000 5.918 60.784 77.689 78.604 78.561 77.796 84.843 76.635 78.305 77.990 77.923 77.840 77.767 75.698 57.624 28.499 0.000 0.000 0.000 0.000 0.000 0.000 0.000 0.000 0.000 1.639 5.433 8.501 9.540 8.574 5.534 1.426 0.000 0.000 0.000 0.000 0.000 0.000 0.000 0.000 0.000 0.000 0.000 0.000 0.000 0.000 0.000 0.000 0.000 0.000 0.000
47.260 49.306 51.354 50.398 49.429 47.439 45.426 45.393 46.349 42.298 42.255 0.000 0.000 0.000 0.000 0.000 0.000 0.000 0.000 0.000 0.000 0.000 0.000 47.144 70.051 68.957 77.873 78.771 78.907 77.021 85.010 78.725 78.327 78.201 78.115 78.037 77.967 73.908 53.867 0.000 0.000 0.000 0.000 0.000 0.000 0.000 0.000 0.000 9.251 4.154 0.984 2.760 7.650 9.649 9.651 10.702 1.783 0.000 0.000 0.000 0.000 0.000 0.000 0.000 0.000 0.000 0.000 0.000 0.000 0.000 0.000 0.000 0.000 0.000 0.000
35.345 42.396 51.446 57.490 45.522 39.537 34.533 32.507 31.461 37.394 16.324 0.000 0.000 0.000 0.000 0.000 0.000 0.000 0.000 0.000 0.000 0.000 0.000 53.237 69.188 77.120 79.046 79.026 78.168 85.301 85.163 80.741 78.544 78.381 78.303 78.224 78.156 73.102 48.070 0.000 0.000 0.000 0.000 0.000 0.000 0.000 0.000 9.431 4.348 4.272 4.216 3.109 0.130 4.719 8.721 9.790 6.855 0.000 0.000 0.000 0.000 0.000 0.000 0.000 0.000 0.000 0.000 0.000 0.000 0.000 0.000 0.000 0.000 0.000 0.000
37.431 42.489 44.544 47.593 37.632 33.656 34.661 34.642 36.595 14.494 0.000 0.000 0.000 0.000 0.000 0.000 0.000 0.000 0.000 0.000 0.000 0.000 0.000 39.379 68.343 78.290 79.205 79.351 77.477 85.427 78.290 79.960 78.639 78.572 78.482 78.403 78.332 69.274 42.240 0.000 0.000 0.000 0.000 0.000 0.000 0.000 8.597 4.515 4.438 4.370 4.315 4.271 4.295 1.219 0.186 2.884 9.972 10.044 0.000 0.000 0.000 0.000 0.000 0.000 0.000 0.000 0.000 0.000 0.000 0.000 0.000 0.000 0.000 0.000 0.000
35.519 36.585 34.649 33.708 34.758 33.795 33.812 33.806 38.784 0.000 0.000 0.000 0.000 0.000 0.000 0.000 0.000 0.000 0.000 0.000 0.000 0.000 0.000 47.557 76.517 79.462 79.455 78.606 85.653 85.545 81.285 78.984 78.837 78.746 78.657 78.572 79.494 59.424 47.376 0.000 0.000 8.108 0.000 7.914 9.870 9.792 4.680 4.593 4.519 4.455 4.403 4.365 4.352 4.344 3.341 0.233 9.105 10.116 3.116 0.000 0.000 0.000 0.000 0.000 0.000 0.000 0.000 0.000 0.000 0.000 0.000 0.000 0.000 0.000 0.000
34.609 34.684 34.759 33.832 33.899 33.954 33.988 32.988 40.950 0.000 0.000 0.000 0.000 0.000 0.000 0.000 0.000 0.000 0.000 0.000 0.000 0.000 31.901 67.776 78.706 79.621 79.787 77.905 85.749 78.738 80.410 79.093 79.016 78.919 78.826 78.736 79.646 51.553 29.465 0.000 0.000 4.108 0.000 2.959 4.905 4.827 4.739 4.660 4.590 4.529 4.477 4.435 4.405 4.378 2.347 4.301 10.225 7.201 0.000 0.000 0.000 0.000 0.000 0.000 0.000 0.000 0.000 0.000 0.000 0.000 0.000 0.000 0.000 0.000 0.000
32.699 32.784 32.872 32.962 33.052 34.135 36.199 38.209 13.079 0.000 0.000 0.000 0.000 0.000 0.000 0.000 0.000 0.000 0.000 0.000 0.000 2.124 43.026 73.945 79.872 79.892 78.949 85.909 85.834 81.728 79.433 79.282 79.186 79.089 78.994 78.900 74.803 21.678 0.000 0.000 0.000 4.109 10.111 5.057 4.964 4.871 4.789 4.718 4.654 4.594 4.540 4.495 4.456 4.418 1.380 10.333 10.293 6.263 0.000 0.000 0.000 0.000 0.000 0.000 0.000 0.000 0.000 0.000 0.000 0.000 0.000 0.000 0.000 0.000 0.000
36.787 40.882 43.985 48.094 50.212 53.337 52.463 44.571 0.000 0.000 19.334 0.000 0.000 0.000 0.000 0.000 0.000 29.339 56.346 0.000 0.000 36.211 69.158 79.098 80.043 80.014 79.271 85.971 78.167 79.854 79.535 79.457 79.357 79.259 79.161 80.065 66.990 0.000 0.000 0.000 0.000 0.000 4.166 5.197 7.022 6.907 4.827 4.771 4.712 4.653 4.597 4.548 4.506 1.460 6.416 9.380 10.353 1.345 0.000 0.000 0.000 0.000 0.000 0.000 0.000 0.000 0.000 0.000 0.000 0.000 0.000 0.000 0.000 0.000 0.000
41.870 50.974 52.090 51.219 50.366 49.537 46.748 41.041 16.573 33.996 52.334 21.580 5.712 0.000 0.000 0.000 0.282 39.332 53.354 0.000 11.403 53.341 78.295 81.255 80.159 80.423 78.436 86.020 80.155 79.870 79.720 79.625 79.527 79.428 79.325 81.212 25.101 0.000 0.000 0.000 0.000 0.000 0.667 6.543 0.000 0.000 3.842 4.825 4.773 4.710 4.648 4.593 3.544 1.493 10.449 10.420 7.390 1.398 7.415 0.000 0.000 0.000 0.000 0.000 0.000 0.000 0.000 0.000 0.000 0.000 0.000 0.000 0.000 0.000 0.000
38.945 42.057 41.182 39.327 37.496 35.699 33.950 34.273 43.684 46.081 43.428 40.695 44.845 0.000 0.000 0.000 40.220 70.305 21.384 17.452 51.465 75.454 80.436 80.385 80.579 78.595 86.083 78.563 80.282 79.967 79.893 79.794 79.698 79.602 82.501 39.356 0.000 0.000 0.000 0.000 0.000 0.000 2.982 7.876 0.000 0.000 1.037 4.917 4.845 4.765 4.693 4.633 1.571 9.520 10.484 9.460 0.438 4.428 4.428 0.000 0.000 0.000 0.000 0.000 0.000 0.000 0.000 0.000 0.000 0.000 0.000 0.000 0.000 0.000 0.000
36.011 35.125 35.257 36.410 36.592 36.812 35.083 36.416 41.808 45.216 41.603 36.927 40.128 0.000 0.000 0.000 32.132 42.287 20.424 53.506 68.553 77.575 80.581 80.616 79.797 86.488 86.225 79.563 80.295 80.151 80.059 79.964 79.870 79.782 82.721 0.000 0.000 0.000 6.998 0.000 0.000 4.126 7.126 6.104 13.154 0.000 1.320 5.056 4.924 4.813 4.725 2.652 4.592 10.544 10.507 2.480 3.465 4.448 4.442 0.000 0.000 0.000 0.000 0.000 0.000 0.000 0.000 0.000 0.000 0.000 0.000 0.000 0.000 0.000 0.000
36.064 36.178 36.311 36.466 36.651 35.876 35.155 39.501 43.918 44.374 39.841 36.284 41.612 0.000 0.000 0.000 27.890 0.000 44.520 68.597 74.665 80.720 80.701 81.025 79.104 86.719 78.994 80.708 80.395 80.324 80.228 80.133 80.035 86.934 70.880 0.000 0.000 43.999 29.998 0.000 0.000 0.000 7.294 6.260 6.204 12.053 9.749 8.270 4.985 4.837 4.745 1.659 9.597 10.558 6.520 1.489 4.471 4.459 6.450 10.449 0.000 0.000 0.000 0.000 0.000 0.000 0.000 0.000 0.000 0.000 0.000 0.000 0.000 0.000 0.000
36.103 36.214 36.342 36.492 35.671 34.888 37.160 41.516 44.989 41.519 37.106 36.755 40.425 23.403 11.145 12.808 9.648 11.247 51.540 72.695 78.802 80.853 81.134 79.253 87.117 86.929 80.014 80.729 80.582 80.492 80.399 80.306 85.203 28.041 42.985 12.998 44.000 52.000 0.000 0.000 0.000 0.000 7.495 6.440 6.348 16.207 27.041 0.633 9.910 5.807 2.724 4.654 10.604 9.571 0.522 3.487 4.476 4.469 0.000 0.000 0.000 0.000 0.000 0.000 0.000 0.000 0.000 0.000 0.000 0.000 0.000 0.000 0.000 0.000 0.000
36.129 36.233 36.353 36.491 34.652 34.844 39.083 46.414 48.004 44.610 40.307 39.206 39.932 42.639 43.225 52.631 0.000 29.553 67.699 74.844 80.964 81.100 80.380 87.451 87.289 80.385 81.166 80.829 80.755 80.659 80.571 80.491 88.429 0.000 26.023 28.008 18.003 20.001 0.000 0.000 0.000 1.966 7.751 6.657 12.542 28.386 5.213 0.000 0.000 3.759 1.686 9.629 10.593 6.559 3.517 4.492 4.478 6.471 0.000 0.000 0.000 0.000 0.000 0.000 0.000 0.000 0.000 0.000 0.000 0.000 0.000 0.000 0.000 0.000 0.000
36.141 36.237 36.346 35.468 34.604 36.754 43.913 21.054 0.000 0.000 0.000 26.832 44.458 39.995 43.488 24.859 0.000 34.713 72.860 79.024 81.113 81.535 79.710 87.600 80.735 81.511 81.080 81.021 80.916 80.823 80.736 81.657 79.593 1.461 1.287 0.000 0.000 0.000 0.000 0.000 1.313 9.132 7.002 5.897 25.778 29.582 0.000 0.000 0.000 0.000 5.623 10.602 10.580 0.539 4.501 4.486 4.474 7.468 0.000 0.000 0.000 0.000 0.000 0.000 0.000 0.000 0.000 0.000 0.000 0.000 0.000 0.000 0.000 0.000 0.000
36.143 36.229 35.325 34.431 36.543 39.657 47.762 6.835 0.000 0.000 0.000 0.000 27.072 42.398 43.872 30.458 33.230 59.725 77.013 81.193 81.584 79.802 87.863 87.738 81.729 81.425 81.276 81.173 81.075 80.981 80.891 83.809 68.749 0.000 0.000 0.000 0.000 0.000 0.000 0.000 1.446 8.316 7.228 5.150 33.093 0.000 0.000 0.000 5.645 10.623 10.603 10.578 8.551 3.517 4.495 4.478 4.466 6.459 0.000 10.427 0.000 0.000 0.000 0.000 0.000 0.000 0.000 0.000 0.000 0.000 0.000 0.000 0.000 0.000 0.000
36.135 36.213 35.297 34.387 38.480 42.570 46.644 4.689 0.000 0.000 0.000 0.000 7.361 50.651 46.145 52.874 66.506 75.948 80.241 81.507 80.875 88.084 87.977 81.085 81.859 81.516 81.431 81.326 81.228 81.134 85.040 47.940 19.845 0.000 0.000 0.000 0.000 0.000 0.000 3.895 8.734 7.543 9.445 6.384 30.350 0.000 0.000 1.176 7.669 23.622 12.587 9.558 5.531 3.504 3.483 4.467 4.454 4.444 9.432 5.428 0.000 0.000 0.000 0.000 0.000 0.000 0.000 0.000 0.000 0.000 0.000 0.000 0.000 0.000 0.000
36.121 36.190 34.264 36.342 42.422 43.498 41.557 28.590 0.000 0.000 0.000 0.000 0.000 3.702 0.807 41.386 72.971 77.321 81.538 81.936 80.257 88.182 80.420 82.197 81.760 81.692 83.577 82.475 81.378 81.288 87.195 10.068 0.000 0.000 0.000 0.000 0.000 0.000 24.199 24.055 11.859 8.675 19.625 14.590 15.574 0.000 0.000 0.829 3.675 14.609 10.568 14.536 8.510 11.487 10.468 7.452 4.440 3.431 3.424 9.426 0.000 0.000 0.000 0.000 0.000 0.000 0.000 0.000 0.000 0.000 0.000 0.000 0.000 0.000 0.000
