results4_8e4_rain/res_4e8f-0121.wd
ncols         241
nrows         181
xllcorner     12693529.787448
yllcorner     3542525.717860
cellsize      155.156523
NODATA_value  -9999.000000
[rows 33 to 65 of 181, columns 73 to 145 of 241]
0.000 0.000 0.000 0.000 0.000 0.000 0.000 0.000 0.000 0.000 0.000 0.000 0.000 0.000 0.000 0.000 0.000 0.000 0.000 0.000 0.000 0.000 0.000 0.000 0.000 0.000 0.000 0.000 0.000 0.000 0.000 0.000 0.000 0.000 0.000 0.000 0.000 0.000 0.000 37.609 60.610 65.612 21.615 0.000 0.000 30.692 44.720 11.700 2.701 34.723 37.739 31.738 32.721 33.688 33.638 33.571 33.485 32.377 38.233 58.011 4.560 12.656 9.977 45.177 61.651 66.180 64.741 65.347 63.890 65.985 61.048 60.640 60.631
0.000 0.000 0.000 0.000 0.000 0.000 0.000 0.000 0.000 0.000 0.000 0.000 0.000 0.000 0.000 0.000 0.000 0.000 0.000 0.000 0.000 0.000 0.000 0.000 0.000 0.000 0.000 0.000 0.000 0.000 0.000 0.000 0.000 0.000 0.000 0.000 0.000 0.000 0.000 0.000 12.611 7.612 0.000 0.000 0.000 0.000 26.809 0.000 0.000 24.764 48.804 47.809 37.794 33.760 33.707 33.633 33.541 32.431 54.305 52.158 0.000 35.513 48.097 61.545 66.039 65.567 65.141 64.654 65.720 61.744 61.019 61.271 63.579
0.000 0.000 0.000 0.000 0.000 0.000 0.000 0.000 0.000 0.000 0.000 0.000 0.000 0.000 0.000 0.000 0.000 0.000 33.257 65.257 18.257 0.000 0.000 0.000 0.000 0.000 0.000 0.000 0.000 0.000 0.000 0.000 0.000 0.000 0.000 0.000 0.000 0.000 0.000 0.000 0.000 0.000 0.000 0.000 0.000 0.000 18.898 0.000 0.000 0.000 26.905 44.900 44.884 35.851 33.795 33.715 31.614 47.500 56.398 0.000 21.170 45.786 60.352 66.869 66.386 65.938 65.423 67.460 63.450 61.527 61.921 64.250 63.500
0.000 0.000 0.000 0.000 0.000 0.000 0.000 0.000 0.000 0.000 0.000 20.258 58.258 0.000 0.000 0.000 0.000 0.000 40.257 91.257 47.257 0.000 0.000 0.000 0.000 0.000 0.000 0.000 0.000 0.000 0.000 0.000 0.000 0.000 0.000 0.000 0.000 0.000 0.000 0.000 0.000 0.000 0.000 0.000 0.000 0.000 21.987 23.028 30.046 16.045 26.010 34.003 46.992 37.964 33.908 30.819 41.701 51.556 40.390 16.071 45.555 63.109 67.658 67.187 66.730 66.195 66.205 65.169 62.149 62.588 64.928 64.182 63.953
0.000 0.000 0.000 0.000 0.000 0.000 0.000 0.000 0.000 0.000 0.000 41.258 76.258 65.259 52.259 7.258 1.258 25.258 79.258 87.257 52.257 0.000 0.000 0.000 0.000 21.059 0.052 0.000 0.000 0.000 0.000 0.000 0.000 0.000 0.000 0.000 0.000 5.067 0.000 0.000 0.000 9.067 27.067 0.000 0.000 38.048 53.036 56.050 54.066 40.079 34.089 33.108 47.119 38.105 30.053 43.952 57.814 45.635 33.535 48.267 52.870 65.436 67.979 67.522 66.973 66.957 64.901 62.883 63.275 65.619 64.877 64.649 64.322
0.000 0.000 0.000 0.000 0.000 0.000 0.000 0.000 0.000 0.000 0.000 12.258 74.259 57.259 38.259 0.258 21.259 71.258 82.258 89.257 48.257 0.000 0.000 0.000 0.000 59.059 43.060 0.000 0.000 0.000 0.000 0.000 0.000 0.000 0.000 0.000 22.067 34.067 36.067 0.000 0.000 18.068 43.067 22.067 36.065 59.060 62.059 63.070 60.088 47.116 34.159 31.220 48.270 39.286 43.246 61.122 54.968 0.000 31.847 50.594 63.220 68.784 68.329 67.771 67.727 65.657 63.745 63.990 66.330 65.592 65.365 65.035 64.710
0.000 0.000 0.000 0.000 0.000 0.000 0.000 0.000 0.000 0.000 0.000 0.000 0.000 25.259 63.259 59.259 47.259 60.259 80.258 91.257 44.256 0.000 0.000 0.000 0.000 21.060 45.060 47.060 0.000 0.000 0.000 0.000 0.000 0.000 0.000 0.000 38.067 39.067 51.067 34.067 23.068 37.068 38.068 34.068 41.068 48.068 46.071 39.082 58.101 24.137 40.213 43.343 33.455 45.524 58.522 55.322 0.000 6.840 43.411 60.042 68.634 69.168 68.612 68.535 65.457 64.779 64.742 67.068 66.333 66.107 65.776 65.446 65.099
0.000 0.000 0.000 0.000 0.000 0.000 0.000 0.000 0.000 0.000 0.000 0.000 0.000 15.259 82.259 77.260 67.260 57.259 81.259 89.257 84.255 69.252 24.250 0.000 0.000 0.000 1.060 55.060 39.060 37.061 48.061 43.061 6.061 0.000 0.000 2.067 38.067 37.067 58.067 64.067 53.068 45.068 37.069 34.069 35.070 36.072 35.076 33.085 41.098 2.117 0.000 2.530 38.684 61.832 59.997 0.001 5.603 43.270 56.912 66.542 70.071 69.625 70.393 66.335 66.063 65.551 67.842 67.106 66.877 66.547 66.218 65.867 65.492
0.000 0.000 0.000 0.000 0.000 0.000 0.000 0.000 0.000 0.000 0.000 0.000 0.000 0.000 15.260 54.260 29.261 65.261 84.260 89.258 87.255 85.251 74.248 33.245 0.000 0.000 0.000 11.060 50.060 50.061 63.061 61.061 54.061 49.062 0.000 0.000 5.066 42.067 61.067 68.067 60.068 44.069 33.069 34.071 34.072 34.074 34.078 34.083 38.088 0.000 0.000 0.000 8.904 46.124 15.637 13.017 47.937 52.721 64.446 71.040 70.883 69.112 67.427 67.730 66.453 68.673 67.920 67.678 67.343 67.018 66.677 66.313 65.901
0.000 0.000 0.000 0.000 0.000 0.000 0.000 0.000 0.000 0.000 0.000 0.000 0.000 0.000 0.000 0.261 86.263 86.263 88.262 88.259 87.255 81.250 75.245 46.242 0.000 0.000 0.000 0.000 0.000 18.061 63.061 57.061 72.062 69.062 48.063 27.064 28.066 37.067 59.067 68.068 59.068 42.069 32.070 37.071 36.073 34.075 34.078 34.081 35.083 27.082 0.000 0.000 0.000 0.000 7.409 50.476 53.406 61.254 71.968 72.072 70.426 72.290 69.993 67.509 69.594 68.798 68.520 68.165 67.831 67.497 67.161 66.807 65.380
0.000 0.000 0.000 0.000 0.000 0.000 21.177 44.174 0.000 22.120 62.110 51.099 55.089 30.082 0.000 0.000 22.265 94.266 88.266 85.263 82.256 85.248 76.241 39.236 0.000 0.000 0.000 0.000 0.000 0.000 0.000 7.061 61.062 62.062 13.062 0.000 4.066 41.067 59.067 64.068 54.068 45.069 43.070 5.072 12.073 40.076 34.078 34.080 35.081 41.081 49.081 11.081 0.000 0.000 23.114 56.074 59.968 70.775 72.985 72.616 75.918 74.483 68.880 70.652 69.763 69.419 69.022 68.661 68.313 67.980 67.663 67.374 73.153
0.000 0.000 0.000 0.000 0.000 0.000 21.179 64.172 6.153 56.130 58.112 70.097 53.085 38.076 0.000 0.000 10.267 79.269 91.274 88.270 88.259 89.246 83.234 37.226 0.000 0.000 0.000 0.000 0.000 0.000 0.000 0.000 0.000 46.062 5.062 0.000 0.061 47.067 44.067 56.067 13.068 0.000 0.000 0.000 0.000 6.077 44.078 38.079 1.080 31.081 65.081 48.081 1.081 0.000 27.868 61.708 70.610 73.729 73.484 77.677 76.935 70.263 71.793 70.808 70.376 69.920 69.517 69.138 68.782 68.446 68.137 67.874 72.705
19.428 63.425 53.423 0.000 0.000 0.000 15.190 75.179 51.159 53.135 59.112 83.093 84.076 79.062 33.049 0.000 0.000 0.000 39.292 93.282 88.265 89.243 86.222 45.208 0.000 0.000 0.000 0.000 0.000 0.000 0.000 0.000 0.000 4.062 0.000 0.000 0.000 0.000 0.000 0.000 0.000 0.000 0.000 0.000 0.000 0.000 0.000 19.079 16.080 0.000 0.000 0.000 0.000 17.280 54.696 71.648 73.323 74.254 78.612 78.225 71.306 72.836 71.844 71.355 70.847 70.399 69.983 69.595 69.229 68.885 68.566 68.279 71.034
19.428 75.425 57.420 53.415 0.000 0.000 2.212 67.196 69.168 69.138 81.109 78.085 90.065 89.048 50.036 0.000 0.000 0.000 15.319 95.302 88.274 89.240 86.205 46.175 0.000 0.000 6.775 54.741 66.702 35.677 0.000 0.000 0.000 0.000 0.000 0.000 0.000 0.000 0.000 0.000 0.000 0.000 0.000 0.000 0.000 0.000 0.000 0.000 4.079 0.000 0.000 0.000 15.247 55.753 72.712 73.292 79.517 79.007 72.595 73.145 73.627 72.786 72.292 71.764 71.286 70.840 70.422 70.028 69.655 69.299 68.962 75.643 16.338
83.430 80.425 59.419 60.409 52.397 0.000 57.248 52.227 60.178 73.139 77.101 88.075 89.050 88.028 57.011 0.000 0.000 0.000 14.363 94.334 88.290 89.239 84.181 64.112 48.005 48.906 48.810 56.744 77.690 44.651 0.000 0.000 0.000 0.000 0.000 0.000 0.000 0.000 0.000 0.000 0.000 0.000 0.000 0.000 0.000 0.000 0.000 0.000 0.000 0.000 13.343 44.119 53.625 72.609 74.198 80.873 80.275 73.150 74.857 74.177 73.618 73.141 72.632 72.149 71.689 71.253 70.838 70.442 70.062 69.695 76.340 21.991 0.000
80.434 75.428 73.420 56.407 60.386 60.351 51.306 44.286 0.000 0.000 19.082 78.063 89.032 87.004 71.970 38.922 0.000 1.549 63.438 84.379 89.313 88.243 89.169 79.088 54.996 51.903 50.815 59.736 77.663 60.586 46.481 47.398 51.336 62.298 26.283 0.000 0.000 0.000 0.000 0.000 0.000 0.000 0.000 0.000 0.000 0.000 0.000 0.000 0.000 0.000 24.545 64.383 72.328 74.974 81.756 81.359 73.881 75.538 74.747 74.361 73.904 73.432 72.966 72.509 72.068 71.644 71.235 70.840 70.456 76.081 22.710 0.000 0.000
69.439 21.434 89.426 60.412 54.387 55.362 57.338 57.326 46.334 0.000 0.000 0.000 23.010 93.985 83.942 61.875 53.766 60.642 59.523 61.431 69.341 70.252 57.164 54.076 51.987 51.897 50.809 59.723 74.638 53.551 50.458 55.376 71.313 74.276 59.268 33.268 0.000 0.000 0.000 0.000 0.000 0.000 0.000 0.000 0.000 0.000 0.000 0.000 0.000 15.389 57.232 72.841 75.679 82.317 82.075 74.584 76.217 75.422 75.053 74.611 74.172 73.728 73.287 72.854 72.430 72.019 71.618 71.227 76.842 22.462 0.000 0.000 0.000
15.446 88.442 89.437 75.430 0.000 2.373 62.359 58.346 69.342 60.342 0.000 0.000 2.014 81.985 78.937 63.870 54.783 51.683 51.581 54.480 67.368 75.260 78.158 71.066 60.978 53.890 52.800 68.709 71.616 46.521 50.425 50.336 51.263 55.223 34.246 0.000 0.000 0.000 4.826 0.000 0.000 0.000 0.000 0.000 0.000 0.000 0.000 18.616 50.286 58.141 71.654 82.976 82.588 75.650 76.240 76.797 76.098 75.724 75.291 74.869 74.445 74.022 73.602 73.188 72.781 72.383 72.992 79.607 23.225 0.000 0.000 0.000 0.000
93.454 89.453 89.449 89.441 76.428 59.399 59.377 59.358 50.345 0.000 16.124 23.098 75.048 72.003 74.950 67.886 68.811 68.728 68.640 71.541 66.391 66.264 68.140 72.053 72.969 70.884 66.793 77.697 75.597 63.492 64.385 64.279 66.182 41.108 0.000 0.000 0.000 0.000 5.826 0.000 0.000 0.000 0.000 0.000 0.000 5.475 53.264 53.835 74.852 75.409 84.059 83.573 78.144 77.854 77.235 76.760 76.373 75.951 75.539 75.128 74.718 74.312 73.910 73.514 73.125 73.741 77.361 9.984 0.000 0.000 0.000 0.000 0.000
92.462 88.465 88.466 89.458 86.443 64.418 58.391 59.364 60.335 52.297 1.199 67.123 64.078 65.029 65.974 60.913 64.847 69.777 77.708 62.653 0.000 0.000 13.087 71.034 66.963 66.883 66.792 66.690 66.581 66.465 66.343 66.214 64.076 58.919 31.709 0.000 7.361 51.135 57.826 69.509 39.262 0.000 0.000 0.000 0.000 54.664 65.475 77.407 78.045 84.801 84.464 78.802 78.472 77.729 77.393 76.995 76.589 76.187 75.785 75.385 74.989 74.597 74.212 73.834 74.462 77.094 24.727 0.000 0.000 0.000 0.000 0.000 0.000
78.469 78.482 78.489 89.484 89.467 79.439 55.406 58.372 59.336 59.292 65.232 74.167 58.112 55.059 53.005 59.947 74.886 73.824 58.765 38.709 0.000 0.000 0.000 0.000 55.965 50.895 50.800 50.691 50.572 51.444 54.308 55.159 54.990 53.783 54.500 53.061 52.587 61.217 67.835 65.438 72.016 69.454 63.930 61.413 63.793 75.366 78.869 78.660 85.294 85.078 79.449 79.096 78.339 78.005 77.603 77.209 76.813 76.419 76.028 75.640 75.255 74.876 74.508 75.149 75.795 14.445 0.000 0.000 0.000 0.000 0.000 0.000 0.000
0.000 44.504 56.526 84.521 88.501 69.466 52.423 51.381 59.343 59.304 58.256 52.200 53.143 59.092 76.040 74.983 57.925 50.870 40.817 0.000 60.432 69.375 65.287 66.175 69.038 71.931 70.822 71.703 74.571 73.432 70.285 72.125 66.942 52.722 56.446 55.096 59.708 77.312 83.859 80.393 73.909 68.412 69.943 76.400 81.247 79.659 85.899 85.545 79.447 81.052 79.631 78.963 78.616 78.210 77.818 77.425 77.035 76.650 76.269 75.891 75.514 76.143 73.794 69.458 21.127 0.000 0.000 0.000 0.000 0.000 0.000 0.000 0.000
0.000 0.000 49.589 68.575 79.549 54.503 46.437 53.386 51.354 58.323 59.287 59.235 52.168 69.127 61.078 50.021 52.962 44.913 0.000 69.573 72.490 72.406 74.310 75.201 78.081 81.968 80.854 80.728 80.579 82.426 83.275 81.114 68.931 54.718 56.466 56.170 55.838 58.464 31.897 4.367 93.811 135.366 112.891 78.820 80.334 86.882 86.437 79.902 82.625 80.035 79.586 79.221 78.819 78.425 78.030 77.638 77.252 76.876 76.507 76.141 77.767 72.389 61.067 15.763 0.000 0.000 0.000 0.000 0.000 0.000 0.000 0.000 39.987
1.888 0.000 4.667 25.641 60.615 42.559 0.000 48.374 53.361 53.349 59.333 48.284 0.000 53.170 51.124 53.061 53.989 63.908 77.796 74.656 76.548 82.448 92.347 136.238 133.118 133.006 132.897 132.776 133.591 117.418 49.276 52.124 49.950 57.752 56.529 53.280 51.012 32.807 0.000 0.000 2.547 60.225 77.254 81.855 87.582 87.260 79.509 81.204 80.497 80.188 79.813 79.424 79.033 78.638 78.240 77.844 77.460 77.094 77.744 76.398 68.025 56.579 14.323 0.000 0.000 0.000 0.000 0.000 0.000 0.000 0.000 31.145 52.074
75.882 23.845 12.770 75.708 53.713 0.000 0.000 0.000 47.369 60.377 52.413 0.000 5.342 61.259 52.187 63.110 76.026 75.932 80.825 83.707 76.597 62.493 53.392 49.286 47.148 50.040 50.953 37.887 0.000 54.379 51.288 50.155 53.994 57.812 54.619 46.408 53.122 33.946 0.000 0.000 55.497 72.528 82.266 88.074 87.854 80.099 81.781 81.072 80.773 80.398 80.024 79.640 79.249 78.853 78.449 78.039 77.650 78.295 73.977 62.684 19.354 0.000 0.000 0.000 0.000 0.000 0.000 0.000 0.000 0.000 0.000 49.217 48.161
85.900 93.883 81.860 0.000 10.815 4.917 0.017 0.000 0.000 0.000 56.530 54.514 62.424 59.338 59.254 59.166 76.073 89.972 78.863 58.750 56.640 51.536 53.440 44.366 0.000 56.052 52.990 41.931 0.000 55.431 50.342 51.215 58.059 55.884 53.725 35.611 0.000 0.604 52.079 49.944 66.747 82.673 88.348 81.042 81.607 82.262 81.654 81.354 80.986 80.621 80.245 79.861 79.471 79.076 78.663 79.212 78.805 68.459 53.184 16.006 0.000 0.000 0.000 0.000 0.000 0.000 0.000 0.000 24.605 23.560 38.475 50.344 38.259
75.927 79.928 69.926 0.000 0.000 70.020 63.045 57.034 0.954 8.774 74.663 71.588 58.503 59.415 59.324 60.228 81.127 133.018 125.905 72.790 127.678 48.570 52.468 52.371 54.260 52.126 52.024 51.917 53.766 49.571 49.435 58.302 57.145 53.939 48.788 37.699 0.000 0.000 54.177 61.043 83.064 81.961 88.708 82.090 82.674 82.219 81.925 81.573 81.219 80.852 80.475 80.089 79.698 79.316 80.916 76.343 57.900 44.551 46.296 12.151 0.000 0.000 0.000 0.000 0.000 0.000 0.000 0.000 33.651 38.599 52.521 46.428 36.344
71.957 66.974 10.992 0.000 1.149 53.097 62.081 59.043 76.971 70.859 75.759 83.673 74.585 59.495 59.399 59.297 58.187 52.070 46.949 51.828 48.711 52.599 52.492 52.389 52.282 52.170 52.062 51.946 50.809 55.653 57.525 58.414 42.279 0.000 41.788 0.000 0.000 0.000 58.380 80.316 84.334 89.710 89.243 82.185 82.834 82.472 82.154 81.815 81.461 81.093 80.715 80.322 79.917 78.575 40.342 0.000 0.000 0.000 0.000 0.000 0.000 0.000 0.000 30.117 25.084 24.032 22.962 26.871 35.749 51.665 45.583 36.500 46.422
63.984 55.019 60.075 5.169 58.196 54.171 53.138 71.088 64.017 79.930 88.843 68.758 54.671 52.580 55.481 58.373 59.254 59.127 51.994 50.862 51.738 51.622 52.514 52.411 52.310 57.209 54.107 50.998 51.871 54.708 58.599 47.548 0.000 0.000 0.000 0.000 14.093 133.974 77.686 84.714 82.696 90.121 82.012 84.527 86.007 82.729 82.408 82.071 81.716 81.344 81.969 78.568 66.070 56.727 14.534 0.000 0.000 0.000 0.000 0.000 0.000 0.000 32.199 32.149 32.105 33.050 32.983 33.902 47.811 47.727 31.647 34.569 36.494
38.999 40.046 34.119 58.236 54.268 53.252 64.212 68.153 79.081 86.003 51.924 50.844 51.762 53.672 52.572 49.459 57.331 58.189 59.037 57.889 51.756 50.637 49.530 50.431 56.338 115.249 83.160 63.067 45.969 0.000 60.615 68.631 0.000 0.000 0.000 0.000 58.214 69.115 86.000 84.040 90.840 90.494 83.105 83.631 84.293 82.996 82.680 82.345 81.988 82.597 81.251 33.910 0.000 0.000 0.000 0.000 0.000 0.000 0.000 0.000 0.000 0.000 39.249 35.177 32.134 33.082 31.018 42.944 49.864 33.786 34.709 42.634 40.562
0.000 0.000 0.000 51.389 54.386 56.359 77.305 88.230 102.151 84.076 13.005 69.935 69.860 53.775 53.676 52.559 50.422 53.260 59.076 56.902 57.760 59.641 57.537 55.445 51.362 46.287 51.218 46.143 0.000 0.000 0.000 54.730 46.755 0.000 0.000 0.745 68.433 85.310 85.391 83.410 91.155 82.836 85.334 86.836 83.575 83.280 82.971 82.642 82.293 79.806 34.529 0.000 0.000 0.000 0.000 0.000 0.000 0.000 0.000 0.000 0.000 38.437 8.371 0.000 40.172 30.125 41.062 52.992 40.917 35.843 40.769 44.697 37.626
0.000 0.000 0.000 49.546 55.530 71.491 82.420 130.312 124.217 126.144 132.086 128.030 128.967 53.891 53.798 52.681 52.536 51.355 46.105 55.884 57.741 58.629 56.533 58.450 58.379 59.321 52.281 0.000 0.000 0.000 0.000 55.805 40.780 0.000 0.000 59.908 81.718 85.657 84.644 91.729 91.450 83.898 84.441 85.127 83.861 83.581 83.282 83.959 58.736 0.000 0.000 0.000 0.000 0.000 0.000 0.000 0.000 0.000 50.715 39.671 29.600 33.503 33.427 34.361 34.258 37.184 50.114 47.043 41.971 42.899 40.827 38.757 34.689
15.758 0.000 0.000 50.718 67.698 75.655 81.572 52.381 51.260 50.198 47.163 48.132 48.088 54.026 53.943 69.832 69.685 45.520 0.000 42.787 55.690 57.601 55.515 57.444 57.384 58.336 54.303 0.000 0.000 0.118 54.003 38.904 0.000 0.000 61.263 70.115 86.967 85.866 85.043 91.990 83.581 86.105 88.638 84.411 84.159 83.903 82.615 70.177 28.957 0.000 0.000 0.000 0.000 0.000 36.936 31.919 31.885 31.833 35.760 47.697 50.627 36.548 31.472 33.398 35.316 50.240 49.168 35.096 44.025 44.955 43.885 36.816 32.749
