results4_8e4_rain/res_4e8f-0192.wd
ncols         241
nrows         181
xllcorner     12693529.787448
yllcorner     3542525.717860
cellsize      155.156523
NODATA_value  -9999.000000
[rows 0 to 32 of 181, columns 146 to 218 of 241]
0.000 0.000 0.000 0.000 0.000 0.000 0.000 0.000 0.000 0.000 0.000 0.000 0.000 0.000 5.779 16.630 17.391 17.098 16.775 16.440 16.111 15.804 15.530 15.297 15.107 14.959 14.849 14.773 14.725 14.699 14.687 19.683 0.000 0.000 0.000 0.000 0.000 0.000 0.000 0.000 0.000 0.000 0.000 0.000 0.000 0.000 0.000 0.000 0.000 19.821 26.821 0.000 0.000 45.957 50.957 0.000 0.000 0.000 0.000 0.000 0.000 0.000 0.000 0.000 0.000 0.000 0.000 0.000 0.000 0.000 0.000 0.000 0.000
0.000 0.000 0.000 0.000 0.000 0.000 0.000 0.000 0.000 0.000 0.000 0.000 0.000 1.326 16.927 17.721 17.445 17.128 16.786 16.434 16.090 15.771 17.490 16.254 15.065 14.920 14.816 14.745 14.703 14.684 14.679 19.679 0.000 0.000 0.000 0.000 0.000 0.000 0.000 0.000 0.000 0.000 0.000 0.000 0.000 0.000 0.000 0.000 16.822 38.821 14.821 0.000 24.957 57.957 51.957 0.000 0.000 0.000 0.000 0.000 0.000 0.000 0.000 0.000 0.000 0.000 0.000 0.000 36.952 0.000 0.000 0.000 0.000
0.000 0.000 0.000 0.000 0.000 0.000 0.000 0.000 0.000 0.000 0.000 0.000 0.000 20.558 19.212 17.881 17.541 17.184 16.807 16.420 16.044 17.700 17.404 15.164 14.978 14.841 14.748 14.690 14.660 14.653 16.669 10.674 0.000 0.000 0.000 0.000 0.000 0.000 0.000 0.000 0.000 0.000 0.000 0.000 0.000 0.000 0.000 0.000 28.822 0.000 0.000 19.957 50.957 12.957 0.000 0.000 0.000 0.000 0.000 0.000 0.000 0.000 0.000 0.000 5.954 0.000 0.000 0.000 39.952 11.952 0.000 0.000 0.000
0.000 0.000 0.000 0.000 0.000 0.000 0.000 0.000 0.000 0.000 0.000 0.000 3.080 19.974 18.483 18.049 17.654 17.259 16.838 16.396 16.965 16.581 15.264 15.019 14.841 14.720 14.645 14.605 14.593 20.600 0.000 0.000 0.000 0.000 0.000 0.000 0.000 0.000 0.000 0.000 0.000 0.000 0.000 13.822 0.000 0.000 0.000 12.822 72.822 2.822 0.000 25.957 52.958 0.000 0.000 0.000 0.000 0.000 0.000 0.000 0.000 0.000 11.954 17.954 36.954 0.000 0.000 29.952 38.952 39.952 11.952 0.000 0.000
0.000 0.000 0.000 0.000 0.000 0.000 0.000 0.000 0.000 0.000 0.000 8.173 1.350 2.997 18.695 18.178 17.766 17.363 16.888 16.360 16.840 16.394 15.051 14.807 14.647 14.553 14.506 14.494 15.507 16.553 0.000 0.000 0.000 0.000 0.000 0.000 0.000 0.000 0.000 0.000 0.000 0.000 14.822 37.822 32.822 0.000 0.000 28.822 56.822 0.000 0.000 0.000 52.958 7.958 0.000 0.000 0.000 0.000 0.000 0.000 0.000 0.000 51.954 55.954 57.954 0.000 0.000 42.953 37.953 37.952 47.952 0.000 0.000
0.000 0.000 0.000 0.000 0.000 0.000 0.000 0.000 0.000 0.000 10.892 3.494 1.864 1.290 1.420 16.203 17.870 17.537 16.993 18.315 17.641 15.105 14.738 14.512 14.389 14.337 14.333 14.357 20.388 0.000 0.000 0.000 0.000 0.000 0.000 0.000 0.000 0.000 0.000 0.000 0.000 0.000 0.000 17.822 38.822 30.822 28.822 10.822 41.822 14.822 0.000 0.000 37.958 50.958 41.958 39.958 48.958 0.000 0.000 0.000 0.000 0.000 51.954 53.954 58.954 37.953 26.953 43.953 46.953 0.000 0.000 0.000 11.949
0.000 0.000 0.000 0.000 0.000 0.000 0.000 0.000 0.000 0.000 7.290 3.995 3.627 3.131 0.441 0.632 10.973 18.921 18.232 18.268 15.302 14.648 14.284 14.114 14.059 14.074 14.132 14.212 9.300 0.000 0.000 0.000 0.000 0.000 34.832 67.832 1.832 0.000 7.832 48.832 0.000 0.000 0.000 14.822 38.822 51.822 86.822 48.822 49.822 20.822 0.000 0.000 34.958 53.958 38.958 34.958 51.958 0.000 0.000 0.000 0.000 0.000 38.954 44.954 40.954 40.953 44.953 47.953 55.953 0.000 0.000 0.000 34.949
0.000 0.000 0.000 0.000 0.000 0.000 0.000 0.000 0.000 30.538 30.984 7.560 3.173 3.413 3.064 0.797 0.371 5.943 18.744 16.225 14.650 13.900 13.638 13.600 13.659 13.769 14.908 12.060 0.000 0.000 0.000 0.000 0.000 0.000 9.832 55.832 62.832 44.832 36.832 8.832 0.000 0.000 0.000 0.000 0.000 12.822 79.822 58.822 5.822 0.000 0.000 0.000 0.000 46.958 61.958 59.958 61.958 53.958 45.957 48.957 47.956 56.956 60.955 57.954 58.954 58.953 53.953 48.953 45.952 0.000 0.000 0.000 0.000
0.000 0.000 0.000 0.000 0.000 0.000 0.000 0.000 24.652 42.093 43.547 33.055 9.640 2.057 3.070 0.841 2.799 8.116 6.577 16.237 13.173 12.664 12.768 12.988 13.208 14.435 14.672 0.000 0.000 0.000 0.000 0.000 0.000 0.000 0.000 7.832 53.832 63.832 68.832 7.832 0.000 0.000 0.000 0.000 0.000 8.823 51.823 43.822 48.822 15.822 0.000 0.000 30.959 58.959 43.959 37.958 44.958 56.958 44.958 43.957 52.956 61.956 48.955 44.955 47.954 53.954 59.953 61.953 59.952 45.951 36.951 19.950 28.949
0.000 0.000 0.000 0.000 0.000 0.000 0.000 20.779 30.211 45.635 43.054 43.475 35.897 12.327 1.203 4.753 14.289 6.465 2.251 3.039 6.142 10.814 11.782 12.378 12.749 18.092 0.000 0.000 0.000 0.000 0.000 0.000 7.833 5.833 0.000 0.000 20.832 66.832 19.832 0.000 0.000 0.000 0.000 0.000 0.000 47.823 57.823 33.823 49.822 69.822 9.822 0.000 36.959 60.959 39.959 33.959 36.958 49.958 38.958 38.957 40.957 42.956 39.955 40.955 34.954 38.954 44.953 45.952 43.952 52.951 54.950 57.950 65.949
0.000 0.000 0.000 0.000 0.000 0.000 25.905 24.348 47.776 44.182 43.560 42.895 43.146 38.201 20.707 12.422 8.109 0.000 0.049 4.367 2.161 3.349 11.170 11.992 17.317 0.000 0.000 0.000 0.000 0.000 0.000 2.833 44.833 3.833 0.000 0.000 27.832 67.832 6.832 0.000 0.000 0.000 0.000 0.000 42.825 86.824 19.823 22.823 44.822 71.822 11.822 0.000 33.960 58.960 38.959 31.959 34.959 36.958 32.958 31.958 38.957 54.956 37.956 33.955 47.954 43.954 40.953 47.952 47.952 50.951 59.950 63.950 50.949
0.000 0.000 0.000 0.000 0.000 29.950 18.461 46.932 45.364 44.758 44.108 43.397 42.591 42.626 39.429 25.125 4.425 0.349 0.070 46.241 4.529 0.081 0.105 14.103 10.210 0.000 0.000 0.000 0.000 0.000 0.000 2.833 40.833 35.833 44.833 56.833 60.832 50.832 0.000 0.000 5.828 41.828 56.828 61.827 85.826 41.826 0.000 0.000 46.822 34.821 0.000 0.000 36.960 63.960 50.960 34.960 82.959 110.959 59.958 35.958 51.957 98.957 50.956 27.955 92.955 65.954 40.953 47.952 49.952 39.951 48.950 61.950 44.949
0.000 0.000 0.000 0.000 0.000 19.439 41.058 47.554 45.990 45.379 44.718 43.996 43.193 42.283 42.269 41.178 30.355 4.964 50.841 47.898 0.366 0.152 0.053 0.059 0.000 0.000 0.000 0.000 0.000 0.000 5.833 39.833 35.833 40.833 54.833 64.833 48.833 35.832 0.832 0.000 3.829 50.828 49.828 45.827 84.827 44.826 0.000 0.000 25.821 17.821 0.000 29.961 57.961 59.961 53.960 41.960 40.960 73.959 114.959 52.958 45.958 102.957 53.956 27.956 99.955 69.954 32.953 34.953 40.952 31.951 45.950 44.950 32.949
0.000 0.000 0.000 0.000 23.961 34.308 49.779 47.238 46.663 46.048 45.389 44.676 43.899 43.060 42.101 41.363 40.222 52.571 52.245 1.009 0.503 9.612 0.000 0.000 0.000 0.000 0.000 0.000 0.832 55.832 58.833 40.833 39.833 54.833 64.833 50.833 33.833 35.832 35.831 33.831 31.830 43.829 46.828 56.827 96.827 30.827 0.000 0.000 62.821 12.821 0.000 26.961 56.961 56.961 43.961 35.961 31.960 41.960 38.960 78.959 109.958 126.957 107.957 96.956 122.955 116.954 107.953 53.953 33.952 50.951 45.950 34.949 29.949
0.000 0.000 0.000 25.148 34.613 52.055 48.510 47.955 47.375 46.763 46.113 45.418 44.687 43.846 43.301 40.933 52.608 52.604 36.807 19.108 6.267 0.000 0.000 0.000 0.000 0.000 0.000 0.000 41.832 8.832 0.000 19.833 57.833 61.833 53.833 38.834 4.834 0.000 2.831 37.831 33.830 43.829 42.828 65.828 62.827 0.000 0.000 4.820 65.820 11.820 0.000 24.962 54.962 66.962 45.962 51.962 74.961 51.961 33.960 57.960 80.959 114.958 80.957 60.956 108.955 98.954 73.954 42.953 28.952 99.951 67.950 39.949 29.949
0.000 0.000 0.000 30.683 50.290 49.787 49.252 48.697 48.120 47.515 47.878 47.218 45.459 45.036 42.462 52.673 52.619 40.383 42.003 39.622 23.582 4.580 0.000 0.000 0.000 0.000 0.000 43.832 12.832 0.000 0.000 0.000 25.833 57.833 35.834 33.834 39.835 2.836 0.000 38.832 36.831 42.830 43.829 65.827 61.827 0.000 0.000 25.820 72.820 8.820 0.000 26.962 57.963 60.963 41.963 41.962 87.962 122.962 71.961 39.960 55.960 102.959 62.958 29.957 95.956 82.955 40.954 32.953 25.952 106.951 70.950 42.949 43.948
0.000 0.000 31.295 48.612 52.076 50.550 50.014 49.462 48.892 49.296 47.688 46.987 46.648 44.076 53.112 52.824 41.885 42.735 41.734 32.082 12.829 0.000 0.000 0.000 0.000 0.000 0.000 39.832 13.832 0.000 0.000 0.000 0.000 0.000 0.000 38.835 35.836 34.836 36.835 38.833 34.832 42.830 44.829 56.827 52.825 14.823 33.821 66.820 17.819 0.000 0.000 26.963 53.963 59.963 45.964 30.964 32.963 57.963 44.962 26.961 44.960 99.959 55.958 21.957 92.956 77.955 35.954 31.953 27.952 105.951 70.950 42.949 33.948
0.000 30.569 43.977 53.393 51.852 51.324 50.791 50.247 50.685 50.114 48.456 48.168 45.603 54.056 53.533 43.552 44.553 42.434 29.625 0.000 0.000 0.000 0.000 0.000 0.000 0.000 0.000 0.000 13.832 0.000 0.000 0.000 0.000 0.000 0.000 0.000 42.838 52.838 63.837 51.834 40.833 44.831 41.829 46.827 39.825 58.822 76.820 64.819 10.818 0.000 0.000 25.963 51.964 56.964 62.965 60.965 48.965 38.964 51.963 83.962 102.961 123.960 103.959 86.957 120.956 113.955 95.954 55.953 28.952 103.951 75.950 47.949 34.948
27.641 39.161 53.653 53.132 52.616 52.101 51.581 52.047 51.509 49.885 49.635 47.087 55.286 54.649 45.123 46.273 47.215 25.473 0.000 0.000 0.000 0.000 0.000 0.000 0.000 0.000 0.000 0.000 0.000 0.000 0.000 0.000 0.000 0.000 0.000 0.000 40.841 44.840 62.838 21.836 1.834 51.832 42.829 45.827 41.824 29.821 48.819 63.818 50.817 9.816 0.000 0.000 16.964 59.965 61.966 54.967 42.966 51.966 102.965 93.964 74.962 75.961 76.959 76.958 76.956 77.955 79.954 50.953 30.952 102.951 78.950 41.949 35.948
31.121 54.781 54.340 53.866 53.379 52.885 52.380 51.874 51.284 51.068 48.539 56.626 55.948 46.593 47.811 46.801 42.289 1.750 0.000 0.000 0.000 0.000 0.000 0.000 0.000 0.000 0.000 0.000 0.000 0.000 0.000 0.000 0.000 0.000 0.000 0.000 41.844 52.843 36.842 0.000 5.835 48.833 45.830 12.827 2.824 33.820 47.817 62.816 59.815 28.815 0.000 0.000 0.000 0.000 28.969 43.969 27.968 88.968 89.966 38.965 44.963 86.962 57.960 29.958 75.957 65.955 45.954 43.953 34.952 102.951 73.950 30.949 31.948
48.941 56.501 55.063 54.611 54.149 54.675 53.203 52.650 52.474 49.970 58.003 57.311 46.970 49.222 48.216 48.594 17.932 0.000 0.000 0.000 0.000 0.000 0.000 0.000 0.000 0.000 0.000 0.000 0.000 0.000 0.000 0.000 0.000 0.000 0.000 8.852 61.849 59.846 63.844 60.842 56.838 56.835 50.832 9.828 2.823 33.818 46.814 64.813 71.813 34.814 0.000 0.000 0.000 0.000 22.972 35.972 55.971 102.970 65.968 25.967 93.965 94.962 43.960 30.958 51.957 107.955 66.954 34.953 34.952 97.951 115.950 102.949 107.947
58.636 56.219 55.798 55.369 54.927 56.488 53.972 53.842 51.377 59.396 58.697 42.280 46.488 50.548 47.016 24.296 0.000 0.000 0.000 0.000 0.000 0.000 0.000 0.000 0.000 0.000 0.000 0.000 0.000 0.000 0.000 0.000 0.000 0.000 0.000 60.855 59.852 60.850 62.846 61.843 59.840 60.836 53.833 8.831 0.000 34.814 46.810 69.807 42.810 0.000 0.000 0.000 0.000 20.978 50.976 29.975 94.974 88.972 32.971 88.969 101.967 50.963 38.960 41.958 36.956 67.955 106.954 63.953 26.952 97.951 100.950 74.948 16.947
49.316 55.940 56.544 56.134 55.725 55.240 55.154 52.728 60.752 60.098 25.513 30.692 33.577 52.248 35.872 0.000 0.000 0.000 0.000 0.000 0.000 0.000 0.000 50.339 39.338 0.000 0.000 0.000 0.000 0.000 0.000 0.000 0.000 0.000 0.000 37.860 31.857 34.853 38.849 33.845 32.841 31.838 33.834 37.831 31.825 24.814 39.803 18.797 0.000 0.000 0.000 0.000 0.000 22.980 45.979 36.978 37.976 37.975 29.973 50.971 51.970 0.000 0.000 12.957 42.956 35.955 57.954 50.953 32.952 65.951 13.951 0.000 11.945
28.033 43.679 56.302 58.921 56.459 56.404 53.985 61.879 61.358 34.677 0.000 44.031 0.000 55.869 24.371 0.000 0.000 0.000 0.000 0.000 0.000 0.000 0.000 57.339 51.338 0.000 0.000 0.000 0.000 0.000 0.000 0.000 0.000 23.897 0.000 38.867 34.863 34.857 34.851 34.847 34.843 34.839 34.836 36.833 14.830 0.000 9.792 40.781 10.770 0.000 0.000 0.000 23.985 54.984 42.982 41.981 33.979 34.977 34.975 32.973 46.972 6.973 0.000 0.000 13.955 38.954 33.954 46.953 45.953 0.000 0.000 0.000 11.944
19.797 27.441 50.082 54.656 57.614 55.154 62.660 62.311 41.564 17.370 0.000 60.684 58.585 44.997 0.000 0.000 0.000 0.000 0.000 0.000 0.000 0.000 60.345 66.340 37.337 0.000 0.000 0.000 0.000 0.000 0.000 0.000 0.000 40.897 38.891 35.879 34.871 31.860 35.853 35.848 35.844 35.840 35.837 38.835 11.833 0.000 0.000 38.764 38.760 8.755 0.000 0.000 8.987 41.987 34.986 33.985 32.983 32.980 32.977 32.975 33.973 42.973 0.000 0.000 0.000 6.954 39.953 42.953 40.953 0.000 0.000 0.000 35.944
23.582 34.214 38.836 36.736 48.291 63.068 62.913 46.552 25.314 18.816 0.000 40.410 53.077 26.537 0.000 0.000 0.000 0.000 48.387 54.384 46.377 44.363 53.350 46.341 36.332 0.000 0.000 0.000 0.000 0.000 0.000 0.000 0.000 38.903 35.897 34.889 8.880 0.000 40.852 34.849 34.845 34.841 34.837 35.835 9.834 0.000 0.000 39.751 38.751 9.750 0.000 0.000 38.988 34.990 34.990 34.989 33.987 33.982 37.980 0.000 4.973 7.973 0.000 0.000 0.000 0.000 39.953 34.953 34.953 35.953 0.000 7.944 37.944
35.327 48.965 24.682 23.554 63.133 63.131 49.549 36.273 32.609 37.447 0.000 7.472 42.775 0.000 0.000 0.000 0.000 44.393 48.390 50.387 48.384 0.000 0.000 0.000 48.319 32.305 0.000 0.000 0.000 0.000 0.000 0.000 6.923 48.914 45.906 20.899 0.000 0.000 53.855 39.850 35.845 34.840 38.837 15.835 0.000 14.729 52.732 33.739 37.742 9.743 0.000 0.000 0.000 39.996 34.995 38.994 5.993 0.000 0.000 0.000 0.000 0.000 0.000 0.000 0.000 0.000 39.953 34.953 34.953 39.953 0.000 0.000 11.943
56.036 44.620 24.683 20.181 63.097 24.593 30.317 32.544 36.218 54.801 64.250 52.232 0.000 0.000 0.000 0.000 42.400 36.397 42.393 57.390 56.388 0.000 0.000 0.000 0.000 49.292 0.000 0.000 0.000 34.970 0.000 0.000 50.932 49.925 55.915 48.901 13.887 67.874 64.862 62.853 60.845 52.838 33.834 20.834 0.000 28.727 81.727 35.731 36.734 10.739 0.000 0.000 0.000 45.002 31.001 36.000 6.999 0.000 0.000 0.000 0.000 0.000 0.000 0.000 0.000 35.953 37.953 39.953 33.953 38.953 0.000 0.000 8.943
64.625 51.720 34.021 62.695 20.620 22.405 21.572 21.212 30.777 58.309 53.715 24.973 0.000 0.000 41.409 7.407 49.404 41.400 52.396 47.392 26.390 0.000 0.000 0.000 0.000 53.278 29.274 0.000 0.000 30.970 38.970 42.964 44.949 46.938 36.926 33.904 41.886 41.874 61.864 44.855 38.845 36.834 16.825 0.000 4.732 23.724 91.719 47.723 13.726 0.000 0.000 0.000 3.008 58.008 31.007 38.005 10.004 0.000 0.000 0.000 0.000 0.000 0.000 0.000 14.952 37.953 52.953 50.953 43.953 2.953 0.000 0.000 9.943
62.683 60.925 62.270 39.555 27.456 23.598 23.232 21.806 28.393 43.941 39.328 0.000 0.000 0.000 44.411 65.409 60.407 61.403 43.400 0.000 0.000 0.000 0.000 0.000 44.265 35.269 27.270 0.000 0.000 0.000 42.977 46.971 46.962 46.953 30.946 0.000 37.879 38.872 62.866 48.857 42.846 28.829 35.806 50.774 70.741 59.717 83.703 48.716 12.721 0.000 0.000 0.000 0.000 56.016 32.013 33.010 38.008 0.000 0.000 0.000 0.000 0.000 0.000 0.000 0.000 7.952 56.953 53.953 6.953 0.000 0.000 0.000 5.943
60.765 62.213 61.415 60.426 42.570 22.216 22.800 23.414 22.044 24.733 0.000 0.000 0.000 0.000 60.414 50.413 48.411 44.407 0.000 0.000 0.000 0.000 0.000 45.261 36.262 32.263 15.267 0.000 0.000 0.000 42.989 50.983 59.974 58.966 60.960 48.961 0.000 6.870 65.868 49.862 23.854 0.000 38.797 48.774 75.740 37.699 21.661 0.000 0.000 0.000 0.000 0.000 9.034 47.026 34.020 35.014 38.009 11.006 0.000 0.000 0.000 0.000 0.000 0.000 0.000 0.000 13.952 14.952 0.000 0.000 0.000 0.000 6.943
62.219 61.196 63.307 63.469 47.139 23.737 26.364 26.000 23.638 24.215 0.000 40.421 0.000 6.419 54.418 54.417 61.417 0.000 0.000 19.330 7.330 0.000 0.000 40.260 34.257 28.255 0.000 0.000 0.000 0.000 41.008 41.998 43.987 42.976 40.967 32.961 0.000 0.000 67.876 53.867 38.855 1.837 37.811 48.785 72.748 28.677 24.582 7.517 0.000 0.000 0.000 0.000 9.042 54.035 33.027 35.018 35.009 36.003 39.998 11.996 0.000 0.000 0.000 0.000 0.000 0.000 0.000 0.000 0.000 0.000 0.000 0.000 0.000
61.908 64.107 63.297 63.995 37.613 28.257 47.913 41.585 23.292 0.983 0.000 37.421 52.421 57.421 43.421 64.422 56.422 0.000 0.000 33.330 64.330 16.325 0.000 41.261 35.253 32.245 0.000 0.000 49.089 45.068 41.035 43.015 47.998 47.984 45.970 56.957 48.938 8.917 67.893 59.876 59.861 51.844 32.826 50.807 58.791 0.000 27.475 10.452 0.000 0.000 0.000 0.000 19.056 58.046 30.035 32.020 33.007 33.999 38.995 10.994 0.000 0.000 0.000 0.000 0.000 0.000 0.000 0.000 0.000 0.000 0.000 0.000 0.000
