results4_8e4_rain/res_4e8f-0195.wd
ncols         241
nrows         181
xllcorner     12693529.787448
yllcorner     3542525.717860
cellsize      155.156523
NODATA_value  -9999.000000
[rows 132 to 164 of 181, columns 0 to 72 of 241]
96.270 101.269 105.269 105.268 107.267 107.266 101.264 92.262 78.260 67.258 66.255 67.252 66.248 65.244 70.240 84.234 95.229 100.222 100.215 97.206 89.196 80.184 71.170 65.151 70.128 72.099 71.065 72.027 69.995 64.965 78.936 101.908 68.884 0.000 0.000 0.000 8.666 60.660 72.654 69.635 71.621 77.613 95.614 81.620 65.629 64.641 64.655 76.672 97.690 38.710 11.733 6.767 0.000 0.000 0.000 0.000 0.000 0.000 0.000 0.000 0.000 0.054 3.056 1.056 28.056 7.981 11.905 52.809 75.668 79.570 79.464 89.552 117.019
74.274 76.274 79.273 85.273 95.272 101.270 106.269 106.267 99.265 85.262 74.259 68.256 72.252 79.248 92.244 107.239 106.233 103.226 103.219 106.210 106.200 102.188 90.173 78.156 70.136 65.111 66.084 65.056 66.030 74.006 95.984 103.966 15.954 0.000 0.000 0.000 18.672 46.678 64.703 73.700 74.689 71.678 72.682 82.688 77.695 70.703 74.713 82.724 95.738 36.754 22.773 28.802 8.832 0.000 0.000 0.000 0.000 0.000 0.000 0.000 0.000 0.000 0.000 0.000 10.131 0.000 59.929 81.851 77.734 86.708 77.774 117.139 105.900
66.279 66.279 66.278 68.278 73.276 77.275 84.274 93.272 101.270 104.267 98.264 96.261 98.257 101.253 100.249 93.244 84.238 82.231 82.224 87.215 93.205 100.194 103.180 102.165 91.147 81.127 76.105 74.083 83.062 99.043 100.028 86.017 19.012 0.000 0.000 0.000 0.000 0.000 47.780 74.772 53.758 41.728 56.748 71.755 86.760 90.764 92.769 93.775 89.783 16.794 3.804 31.834 28.862 16.890 22.903 16.908 0.000 0.000 0.000 0.000 0.000 0.000 44.346 14.296 80.206 102.142 134.999 90.975 86.029 66.988 103.055 107.579 107.489
67.284 67.284 67.283 67.283 66.282 65.280 67.279 72.277 78.275 88.272 98.269 100.266 93.263 83.259 77.254 69.249 65.243 65.237 65.230 67.221 72.212 78.201 85.189 97.175 102.160 104.143 103.126 99.108 102.092 95.078 77.068 69.062 48.065 6.087 0.000 0.000 0.000 0.000 40.866 73.851 16.841 0.000 49.826 74.825 93.825 101.824 87.823 90.823 76.827 34.834 0.849 58.870 27.890 19.906 30.911 30.913 1.916 0.000 0.000 0.000 0.000 31.448 50.396 123.337 152.261 135.145 118.701 117.649 109.321 107.962 107.842 107.716 72.938
67.289 67.289 67.289 67.288 67.287 67.286 67.284 66.282 66.280 69.278 75.275 74.272 70.268 66.264 66.260 66.255 67.250 67.244 67.237 67.229 66.220 65.210 67.200 73.188 80.174 89.161 97.147 93.133 82.120 70.110 66.102 71.099 79.101 55.109 33.115 33.107 19.084 20.041 55.965 76.926 26.915 8.931 68.905 100.896 102.890 81.885 84.877 83.867 71.867 60.877 11.879 39.891 13.923 1.934 14.921 1.917 3.919 1.914 0.000 0.000 0.000 12.503 75.450 81.371 77.359 78.520 76.496 108.283 108.182 108.076 75.278 78.058 79.932
67.295 67.295 67.294 67.294 67.293 67.292 67.290 67.288 67.286 67.284 66.281 66.278 66.275 67.271 67.266 67.262 67.257 67.251 67.245 67.238 67.230 67.221 67.211 66.201 65.190 66.178 70.167 68.156 67.146 71.138 74.133 73.130 71.130 73.131 73.131 70.122 70.104 74.073 49.028 34.973 23.963 41.972 86.967 100.962 80.956 73.948 72.934 52.899 48.898 11.927 0.036 0.000 1.989 3.989 0.000 0.000 7.928 22.909 37.866 7.804 21.725 84.582 91.571 89.645 87.632 88.714 108.471 108.379 89.517 96.310 89.167 94.943 86.787
67.301 67.301 67.300 67.299 67.299 67.297 67.296 67.294 67.292 67.290 67.288 67.284 67.281 67.277 67.273 67.269 67.264 67.259 67.253 66.247 73.240 75.232 67.224 66.215 65.205 66.196 68.187 71.178 74.171 73.165 68.160 69.158 76.157 79.156 75.154 69.147 66.135 75.119 6.102 0.000 8.994 82.025 91.031 78.029 70.023 90.017 36.010 0.000 0.000 2.049 3.077 3.076 3.047 4.041 0.000 0.000 32.955 74.929 103.887 64.826 97.714 105.874 102.839 101.931 108.729 108.647 108.561 101.597 103.478 103.178 102.042 100.977 18.896
67.307 67.307 67.306 67.306 67.305 67.304 67.302 67.301 67.299 67.297 70.294 70.291 68.288 72.284 70.280 67.277 67.273 67.268 66.263 64.257 75.251 83.244 69.237 66.229 68.221 71.214 73.206 72.200 69.194 71.189 76.186 78.184 79.183 79.183 74.181 68.178 77.172 96.165 15.160 0.000 0.000 56.103 79.103 76.099 80.093 100.085 34.081 0.000 3.122 3.099 3.108 3.104 3.079 5.086 0.000 31.053 83.010 98.964 101.900 106.903 104.072 101.064 108.954 108.883 108.808 100.901 101.689 102.566 102.249 102.223 95.158 72.068 0.000
67.313 67.313 67.312 67.312 67.311 67.310 67.309 67.308 67.306 68.304 75.301 75.298 52.295 20.291 41.287 71.285 65.281 68.277 74.273 77.268 77.262 73.256 69.250 70.243 73.237 72.231 71.225 73.220 77.216 77.213 79.211 78.210 69.210 64.210 66.211 79.210 98.210 108.210 30.212 0.000 0.000 31.181 87.177 89.172 96.163 95.149 31.148 0.000 3.145 1.148 2.150 3.153 0.000 9.139 35.138 79.104 101.035 104.059 103.154 103.161 102.257 109.088 109.022 101.100 101.903 102.769 102.558 102.416 102.376 94.311 86.271 0.000 0.000
67.319 67.319 67.319 67.318 67.318 67.317 67.316 67.315 67.313 69.311 78.309 89.306 65.302 2.299 8.293 56.293 82.291 74.287 72.283 72.279 70.274 69.269 71.263 73.258 71.253 67.247 69.243 81.239 83.237 73.235 67.234 64.235 64.236 69.238 83.240 99.243 96.247 80.254 52.266 20.293 14.294 58.263 87.254 69.249 60.238 52.200 17.213 1.265 1.200 22.192 13.192 3.203 0.000 28.194 79.178 101.107 103.314 102.314 102.429 109.275 109.215 109.153 101.158 103.046 102.761 102.638 102.586 102.516 96.443 83.381 73.346 0.000 0.000
67.326 67.326 67.325 67.325 67.325 67.324 67.323 67.322 67.321 69.319 79.317 66.315 22.309 4.310 0.000 24.303 78.301 70.298 72.294 71.290 69.286 72.281 73.277 70.272 67.268 63.264 73.260 87.258 74.256 64.256 65.257 70.259 80.261 91.265 102.270 95.275 73.282 68.291 87.304 94.319 95.326 99.323 74.326 35.333 7.341 0.000 1.416 1.423 0.000 35.207 22.221 2.267 33.289 79.241 101.275 103.476 102.502 109.439 109.387 109.333 101.420 102.222 103.114 102.815 102.803 102.745 102.673 103.584 91.507 62.425 51.385 9.385 3.385
66.333 66.333 67.332 67.332 67.331 67.331 67.331 67.330 67.329 70.328 80.327 51.326 0.000 10.322 48.323 50.316 67.312 69.309 57.305 39.302 77.298 72.294 68.290 67.286 65.283 67.279 83.277 86.275 68.275 71.276 83.278 92.282 101.286 99.291 87.298 73.306 66.315 82.326 86.339 74.354 55.367 53.378 41.394 21.416 10.451 4.522 2.544 22.561 17.579 0.000 0.000 27.337 79.395 102.517 103.550 101.671 109.537 109.489 101.578 102.392 103.273 103.082 102.963 102.942 102.891 102.842 105.775 69.645 49.576 0.000 0.000 0.000 0.000
75.340 73.339 70.339 68.338 65.338 65.338 65.338 65.338 64.337 69.336 81.336 64.336 45.337 53.333 71.330 67.326 64.323 70.320 65.317 52.314 72.310 66.307 65.304 65.300 67.297 81.294 89.292 55.291 47.292 97.294 102.299 97.304 86.310 76.317 68.325 64.334 75.345 87.359 55.374 30.391 13.409 4.430 21.455 20.486 10.525 11.571 14.601 42.614 26.596 0.000 0.000 59.631 101.674 100.808 109.672 109.629 109.584 101.612 103.509 103.236 103.131 103.103 105.062 100.013 101.985 102.959 113.938 0.000 0.000 0.000 0.000 0.000 0.000
76.348 78.347 84.345 85.344 85.345 82.346 83.346 82.346 81.346 81.345 83.344 66.344 70.343 69.341 66.339 69.336 69.333 68.331 73.328 75.325 69.323 63.320 65.317 67.314 81.311 86.308 75.306 69.306 78.307 101.311 84.318 75.325 67.333 65.341 67.350 66.361 80.374 89.389 53.406 29.426 17.449 19.477 22.510 14.548 15.591 21.636 23.673 16.698 0.000 0.000 37.875 79.894 109.790 109.753 109.714 101.842 102.650 103.552 103.262 103.261 104.220 104.177 77.135 55.075 90.075 104.071 109.081 49.138 0.000 0.000 0.000 0.000 0.000
69.356 63.355 16.350 18.349 27.353 74.354 71.354 71.354 71.354 75.354 84.353 65.352 66.351 65.350 68.348 72.346 73.344 71.342 70.340 73.337 74.335 71.333 65.331 82.328 88.325 79.322 85.319 102.318 99.320 81.326 69.337 65.346 67.355 67.364 66.375 71.387 87.401 89.417 81.436 84.458 55.485 17.519 9.559 8.606 20.656 27.709 17.759 14.808 6.837 33.002 81.045 109.858 109.825 101.980 102.792 103.681 103.496 103.384 103.371 104.326 102.287 96.249 21.229 0.000 72.171 107.168 104.175 103.195 0.000 0.000 0.000 0.000 0.000
67.367 59.366 0.000 0.361 9.362 70.363 66.363 66.363 66.363 70.362 84.362 62.361 66.360 70.359 72.358 73.356 70.354 67.353 65.351 67.350 77.348 90.346 85.344 86.342 63.340 57.335 109.329 95.327 62.328 22.337 42.356 70.367 67.376 67.386 69.397 62.410 46.425 36.442 48.462 88.486 64.515 17.553 12.601 7.660 16.720 21.783 15.849 20.909 20.992 59.132 109.907 101.167 104.907 103.815 103.630 103.522 103.500 103.466 104.427 104.392 69.355 45.302 31.303 34.311 85.269 106.256 102.257 93.273 11.307 0.000 0.000 0.000 0.000
67.377 67.378 50.383 0.372 10.372 71.372 67.372 67.372 66.371 67.371 82.370 69.370 72.369 74.368 73.367 68.366 65.365 66.364 66.363 65.362 75.361 98.360 94.359 81.357 74.355 65.351 41.337 30.331 17.330 0.000 23.384 72.390 67.398 69.407 52.418 26.431 11.447 8.464 50.485 67.509 36.537 8.577 11.633 16.713 23.780 19.854 13.945 7.026 10.320 58.359 109.971 104.055 103.818 103.642 103.628 103.595 103.557 103.521 101.488 92.459 25.438 0.000 42.370 101.361 106.340 104.328 98.325 88.331 6.342 0.000 0.000 0.000 0.000
64.386 66.387 63.388 0.000 6.381 71.381 66.381 64.380 66.380 70.380 74.379 73.379 73.378 71.378 65.377 66.376 66.375 67.375 67.374 72.373 90.373 89.373 82.373 91.373 89.374 60.374 0.000 0.000 0.000 0.000 21.407 72.411 67.417 70.426 41.437 3.450 37.466 63.484 83.505 52.527 4.547 0.620 0.692 5.779 15.832 15.912 16.018 10.257 6.894 110.150 110.063 102.960 103.809 103.711 103.680 103.644 103.609 105.576 90.545 73.519 33.499 9.491 57.445 87.421 96.403 105.391 94.385 83.385 5.387 0.000 0.000 0.000 0.000
71.394 69.394 58.395 0.000 57.391 65.390 67.390 71.389 72.389 73.389 71.388 72.388 70.388 66.387 66.387 67.386 67.386 66.386 68.385 91.385 90.386 72.386 85.387 83.389 87.392 85.399 48.416 4.426 13.431 43.432 48.427 68.428 67.434 67.442 62.453 54.467 71.483 70.501 64.523 86.546 34.569 0.646 0.717 9.805 14.859 12.938 14.034 38.179 62.570 110.233 105.284 105.035 104.777 103.766 103.728 103.694 104.660 102.628 57.598 34.572 46.548 47.528 101.500 103.477 83.459 93.446 88.439 61.436 26.435 0.000 0.000 0.000 0.000
72.402 73.402 70.403 58.404 72.401 72.399 72.399 73.398 73.398 74.398 86.397 68.397 66.397 66.397 67.397 67.396 67.396 68.396 82.396 93.397 68.398 72.399 99.400 91.403 79.407 82.413 85.423 69.430 74.435 89.438 82.439 70.442 63.448 63.457 74.467 90.481 77.497 49.516 21.539 76.566 65.604 14.665 17.725 22.792 18.860 9.947 12.014 53.294 105.541 110.310 102.264 104.918 105.848 103.812 103.777 103.743 96.709 86.678 43.648 14.621 23.596 24.572 85.548 127.527 108.510 84.497 76.489 55.484 64.482 17.482 0.000 3.687 7.687
77.409 77.409 73.409 73.409 73.408 74.408 74.407 70.407 67.407 66.406 29.406 19.406 70.406 67.406 67.406 67.406 66.407 69.407 93.407 79.408 64.409 70.411 87.413 104.416 99.420 96.425 94.431 90.437 86.442 85.446 93.449 90.454 84.460 80.468 83.479 87.492 49.508 13.527 12.549 28.576 24.617 9.670 18.720 28.777 24.846 15.945 9.105 52.358 110.452 110.383 105.156 107.002 103.891 103.861 104.825 100.791 84.757 77.726 83.696 89.668 73.642 95.617 110.594 127.574 136.557 120.544 82.535 87.530 62.528 0.000 0.000 0.000 0.000
16.416 17.416 77.416 72.416 72.416 67.416 64.416 66.415 61.415 14.415 14.415 3.415 71.416 67.416 67.416 67.416 67.417 85.417 92.418 65.419 67.420 67.422 70.425 76.427 78.431 78.436 74.440 77.445 93.450 86.454 77.458 80.463 87.470 91.478 94.488 91.501 66.516 31.535 14.555 13.573 0.000 2.678 13.708 22.749 6.797 0.000 22.317 82.564 110.520 102.495 106.224 105.962 103.948 103.908 104.872 99.837 86.804 52.772 59.741 102.713 113.686 145.661 136.638 108.617 96.600 113.586 92.577 86.572 61.571 0.599 0.000 0.000 0.000
3.424 12.423 26.421 81.423 66.424 64.424 66.424 66.424 67.424 14.424 5.424 60.425 68.425 67.425 67.426 67.426 69.427 93.428 78.428 64.430 67.431 67.433 67.436 66.438 66.442 66.446 65.450 72.454 101.458 80.462 11.467 19.472 31.478 82.485 92.494 76.506 81.521 68.541 20.564 17.588 2.621 7.656 20.685 12.714 0.000 0.000 40.484 110.649 110.585 105.378 107.120 103.029 103.992 103.954 103.917 103.882 90.848 53.816 68.785 105.756 101.728 135.702 130.679 99.657 104.639 90.625 71.614 89.609 67.610 1.624 0.000 0.000 0.000
65.433 61.433 0.000 73.433 83.432 84.432 65.432 77.432 84.433 60.433 58.433 68.434 67.434 67.435 67.435 67.436 86.437 90.438 65.439 67.440 66.442 65.444 67.446 67.449 67.452 67.455 66.459 74.463 103.466 84.470 30.474 3.479 54.484 79.490 92.498 71.508 61.522 20.545 13.571 16.593 14.618 22.642 26.660 0.688 0.000 19.400 81.655 110.710 102.631 106.356 106.099 104.079 104.037 103.998 103.961 104.926 95.892 84.859 107.827 132.797 120.769 137.742 134.717 128.695 135.675 101.659 78.647 88.640 96.639 25.643 0.000 0.000 0.000
67.441 66.442 61.444 67.442 66.441 14.441 88.441 80.441 67.441 68.442 68.442 67.443 67.443 67.444 67.445 70.445 93.446 76.447 66.449 67.450 73.452 81.454 67.456 65.459 67.462 66.465 69.468 93.471 101.474 76.478 64.482 52.485 74.490 73.494 34.500 19.506 16.514 0.000 5.581 5.596 6.615 7.635 9.648 0.000 22.447 79.609 101.788 110.770 103.593 104.238 104.161 104.120 104.080 104.042 104.004 104.968 95.934 78.900 74.868 107.837 97.808 111.780 114.753 102.729 104.707 76.688 53.674 67.665 134.661 87.663 22.673 12.678 34.683
67.449 67.449 67.450 67.449 67.449 61.449 77.449 93.449 69.450 66.450 67.451 67.451 67.452 67.453 66.454 89.455 91.456 65.457 67.458 68.460 65.462 27.464 86.466 81.469 68.471 66.474 84.477 103.480 87.482 67.485 67.489 68.492 71.495 75.498 12.500 13.503 0.000 2.574 17.576 0.000 0.595 0.000 0.000 0.000 45.552 102.738 110.883 110.827 103.477 104.313 104.198 104.163 104.122 104.083 104.046 103.009 87.974 89.940 109.907 128.876 127.845 132.816 137.788 124.761 122.736 109.714 58.696 56.685 132.679 96.677 34.677 27.680 92.684
67.456 67.456 67.456 67.456 67.456 67.457 67.457 78.457 93.458 69.459 66.459 67.460 67.461 65.462 73.463 94.465 74.466 66.467 68.468 66.468 8.471 5.474 74.476 75.478 81.481 80.483 88.485 87.488 68.490 66.493 68.495 71.498 76.500 76.502 0.000 0.000 0.000 4.572 28.572 15.572 16.574 15.573 0.000 6.635 53.788 107.950 110.937 102.813 104.530 104.266 104.247 104.203 104.163 104.124 104.086 104.049 90.014 85.979 106.946 107.913 107.881 110.850 110.821 109.791 114.762 87.734 63.712 78.699 93.692 32.689 0.000 0.000 36.689
67.463 69.463 69.463 67.464 67.464 67.464 67.465 67.465 78.466 93.467 69.468 64.469 64.470 81.471 93.473 87.474 64.475 67.476 63.477 9.476 6.481 60.484 67.486 67.488 73.490 90.492 90.494 83.496 76.498 68.500 55.502 25.504 90.506 70.507 0.000 0.000 0.000 3.569 17.570 10.571 24.572 13.572 0.000 6.776 26.875 111.042 110.989 103.683 104.418 104.324 104.284 104.242 104.202 104.163 104.125 105.088 100.053 90.017 84.983 83.949 83.916 83.884 83.853 87.821 61.788 5.747 31.720 87.707 83.701 44.698 6.701 0.000 35.693
68.470 5.470 6.470 67.471 66.471 65.472 65.472 64.473 64.474 77.475 92.476 85.478 92.479 94.481 81.482 65.484 72.485 72.487 60.488 0.000 8.494 71.495 67.496 69.498 93.500 100.501 78.503 69.505 76.506 83.508 71.510 7.511 50.513 68.514 0.000 0.000 0.000 4.565 10.567 7.570 21.571 0.000 0.000 6.838 12.157 111.092 108.931 104.647 104.389 104.366 104.321 104.280 104.240 104.201 104.163 104.126 105.090 104.055 102.020 100.985 100.951 101.918 103.885 77.853 19.820 0.000 16.714 72.709 103.705 94.703 67.703 43.702 60.697
67.477 66.478 1.478 66.478 77.479 81.479 85.480 90.481 93.482 94.483 94.485 94.486 80.488 67.490 83.491 100.493 101.495 101.498 94.501 72.506 7.505 68.505 66.507 75.508 103.509 90.510 67.512 66.513 68.514 71.515 62.517 7.518 27.520 27.521 0.000 0.000 0.000 10.560 5.564 0.000 4.571 0.000 14.851 16.077 6.551 111.141 112.882 108.521 104.443 104.399 104.357 104.316 104.276 104.238 104.200 104.164 104.128 104.092 104.056 104.020 104.984 107.950 79.918 12.885 0.000 5.743 0.000 17.708 73.707 104.707 95.706 71.705 48.700
67.484 69.485 65.485 67.485 82.486 81.487 77.488 73.489 72.490 68.491 89.493 79.495 90.497 81.499 97.501 93.503 86.505 87.508 98.510 104.513 93.515 94.515 86.516 94.518 102.519 75.519 66.520 67.521 67.522 66.523 66.524 68.525 63.527 12.530 72.536 63.541 2.546 4.552 0.000 0.000 0.000 5.844 83.891 81.095 111.233 111.188 106.758 107.588 104.471 104.434 104.392 104.351 104.312 104.274 104.237 104.200 104.165 104.129 104.093 106.056 111.015 79.981 19.949 0.000 0.000 2.743 1.743 0.000 14.709 65.711 100.711 50.711 0.000
69.491 5.491 64.492 67.492 67.493 67.494 66.495 67.496 69.498 67.499 79.501 74.503 83.505 94.507 82.510 67.512 68.515 69.517 70.520 75.522 88.524 98.525 104.526 102.527 91.528 67.529 67.529 67.530 67.530 67.530 68.531 91.532 64.533 4.535 68.538 18.542 12.545 5.548 0.000 0.000 0.000 15.827 104.033 106.245 111.276 105.088 104.797 104.532 104.512 104.466 104.425 104.385 104.347 104.309 104.272 104.236 104.201 104.166 106.132 91.094 45.040 12.011 0.000 4.744 2.743 22.743 29.743 0.000 0.000 36.716 98.716 50.716 0.000
70.498 3.498 64.498 67.499 67.500 67.501 67.502 68.503 6.505 66.507 70.509 81.511 81.514 89.516 94.519 80.522 65.524 65.527 65.530 67.532 69.534 70.536 71.537 71.537 70.538 69.538 65.538 65.538 66.538 67.538 78.538 92.538 63.538 57.538 59.539 0.000 0.000 5.548 0.000 0.000 0.000 19.919 103.041 111.361 111.319 103.946 104.677 104.582 104.540 104.498 104.457 104.418 104.380 104.343 104.307 104.272 104.237 104.204 109.173 65.148 0.000 0.000 2.745 0.744 2.744 17.743 24.743 0.000 0.000 39.722 99.722 58.722 0.000
