results4_8e4_rain/res_4e8f-0163.wd
ncols         241
nrows         181
xllcorner     12693529.787448
yllcorner     3542525.717860
cellsize      155.156523
NODATA_value  -9999.000000
[rows 99 to 131 of 181, columns 73 to 145 of 241]
59.506 59.482 59.458 58.432 58.406 63.378 66.350 63.324 59.304 59.295 53.296 9.302 0.000 0.000 0.000 0.000 0.000 14.536 72.503 97.459 95.452 94.610 101.279 101.208 94.311 95.009 94.857 94.749 95.647 95.549 94.462 98.388 57.336 0.000 0.000 0.000 0.000 0.000 0.000 33.498 59.426 71.312 39.173 20.964 50.871 53.789 51.700 55.585 52.374 50.037 19.702 44.459 48.332 63.247 69.185 72.139 70.105 65.080 58.065 53.056 48.052 26.044 0.000 0.000 0.000 0.000 20.490 38.490 50.490 74.490 75.490 75.490 75.489
59.555 59.533 58.509 56.484 60.456 65.426 66.394 66.357 60.330 57.314 62.308 62.307 23.308 0.000 17.171 47.119 24.006 3.805 60.710 100.589 95.839 95.855 101.338 93.623 95.412 95.067 94.981 94.871 94.766 94.667 96.580 95.511 31.469 0.000 0.000 0.000 0.000 0.000 1.821 37.659 43.576 54.488 3.416 0.000 45.993 53.934 52.842 56.712 56.519 27.278 0.000 39.362 53.305 58.241 79.190 80.151 80.121 81.100 82.085 80.076 61.072 0.000 0.000 0.088 0.000 0.000 0.000 37.489 50.489 74.489 75.489 75.489 75.488
59.606 58.586 58.562 61.537 64.508 65.478 40.441 4.381 33.345 69.324 42.315 16.311 8.310 0.000 28.224 78.179 75.093 66.977 85.857 97.008 93.996 101.420 94.904 95.710 95.278 95.214 95.099 94.990 94.880 95.773 93.680 81.609 28.559 1.544 0.000 0.000 0.000 2.060 40.950 47.828 45.731 46.647 19.587 0.000 52.174 70.110 63.022 57.904 32.711 0.000 0.000 22.323 12.284 52.224 77.184 81.154 79.130 79.112 79.099 81.091 54.089 48.095 48.097 54.097 0.000 0.000 0.000 14.489 49.488 74.488 75.488 75.487 75.487
58.659 57.641 62.618 65.592 65.564 65.534 30.512 0.000 0.333 12.322 3.319 0.000 0.000 0.000 21.321 84.281 90.211 98.124 98.083 95.208 101.760 101.550 94.871 95.582 95.434 95.327 95.219 95.109 94.993 100.864 50.759 18.684 2.613 0.289 5.521 8.491 0.000 32.154 50.072 45.972 45.874 44.782 50.697 16.607 45.419 71.311 70.230 68.171 0.000 0.000 0.000 0.000 0.000 50.186 79.169 83.150 80.133 79.119 77.108 66.101 47.098 43.098 44.099 28.098 0.000 0.000 0.000 0.000 45.487 74.487 75.487 75.486 71.486
57.716 63.700 65.678 65.651 63.619 69.583 39.561 0.000 0.000 0.000 0.000 0.000 0.000 0.000 32.459 90.412 93.352 97.228 96.465 96.478 101.948 94.257 95.963 95.639 95.554 95.446 95.341 99.236 105.117 59.930 28.809 3.756 0.000 0.000 0.000 5.461 33.432 56.312 50.213 43.112 48.011 51.911 48.811 46.706 60.583 64.486 54.418 62.379 0.000 0.000 0.000 0.000 0.000 56.165 80.157 85.145 84.133 80.122 75.113 44.107 42.104 43.102 50.101 0.000 0.000 0.000 0.000 39.486 43.486 72.486 75.486 75.485 69.485
64.777 65.764 65.743 64.715 42.679 8.617 27.589 29.589 0.000 0.000 0.000 0.000 0.000 23.762 76.643 90.566 93.470 95.629 96.639 102.278 102.120 95.233 95.935 95.774 95.669 95.563 99.464 61.375 21.310 0.000 38.789 24.775 0.000 0.000 0.000 0.000 41.522 75.449 66.355 61.253 56.147 57.040 54.932 55.824 68.719 62.634 46.576 48.548 0.000 0.000 0.000 0.000 0.000 56.152 84.148 49.141 47.132 79.122 82.116 52.111 43.108 48.105 18.103 0.000 0.000 0.000 0.000 12.486 39.485 57.485 73.485 76.485 69.484
65.844 65.835 61.815 65.788 47.765 0.000 18.589 48.589 0.000 0.000 0.000 0.000 13.976 75.881 89.788 95.709 95.680 95.822 102.562 102.424 94.561 96.336 95.986 95.896 95.783 95.675 99.575 71.492 3.437 0.000 8.785 11.780 0.000 0.000 0.000 0.000 28.684 60.607 65.507 75.398 71.285 59.169 62.052 70.938 65.835 53.755 45.703 46.689 20.735 21.746 0.000 0.000 0.000 54.143 88.141 2.138 0.000 28.120 75.117 65.113 46.110 25.108 0.000 0.000 0.000 0.000 0.000 0.000 12.485 36.485 62.484 72.484 65.484
63.919 60.916 59.895 75.855 54.829 0.000 17.589 45.589 0.000 0.000 0.000 8.143 72.072 84.995 94.925 97.805 97.050 95.081 102.689 93.870 95.645 92.203 94.131 96.009 95.894 96.779 90.668 80.582 28.510 0.000 0.000 0.000 0.000 0.000 0.000 16.112 50.924 55.789 55.667 57.546 66.425 69.299 72.169 66.041 52.930 46.847 45.793 44.769 48.769 33.758 0.000 0.000 0.000 43.137 80.136 46.132 35.126 27.121 70.118 76.115 56.113 0.000 0.000 7.114 0.000 0.000 0.000 0.000 0.000 31.484 55.484 60.483 47.483
58.003 67.013 62.996 3.906 4.868 0.000 8.589 8.589 0.000 0.000 0.000 9.214 88.171 90.114 98.026 97.192 96.214 102.915 102.807 95.829 95.517 95.358 95.240 94.123 95.004 96.880 53.735 4.659 0.000 0.000 0.000 0.000 0.000 19.683 36.540 51.300 62.111 58.958 57.824 54.697 55.569 58.434 70.285 71.127 62.997 51.909 44.854 44.825 46.815 0.000 0.000 0.000 0.000 28.133 70.131 48.129 44.126 44.122 76.118 79.116 62.114 25.114 15.114 58.114 0.000 0.000 0.000 0.000 0.000 34.483 58.483 53.483 39.483
59.096 69.137 56.170 0.000 0.000 0.000 5.589 17.589 1.589 0.000 0.479 75.328 85.287 97.231 97.227 96.370 103.107 103.014 95.141 96.916 96.567 96.475 96.356 96.239 98.120 48.000 0.000 0.000 0.000 0.000 0.000 9.191 35.053 51.827 64.636 60.438 59.262 59.109 58.974 59.848 57.721 56.582 30.410 49.186 74.021 55.938 43.889 46.862 44.852 32.859 0.000 0.000 0.000 29.131 62.128 40.127 0.000 0.000 32.116 69.115 58.115 67.114 74.114 33.114 0.000 0.000 0.000 0.000 0.000 9.483 49.483 47.482 40.482
57.187 61.269 60.377 36.538 0.000 0.000 0.000 3.589 6.589 0.000 28.566 88.476 95.416 97.338 97.498 95.621 103.192 95.428 97.210 96.776 96.707 96.587 97.472 98.355 60.237 0.000 0.000 0.000 0.000 0.000 11.511 54.329 65.142 60.935 59.739 59.554 59.389 59.243 59.115 58.998 58.886 67.764 6.587 0.000 41.964 50.932 42.903 51.883 51.872 33.865 0.000 0.000 0.000 0.000 46.124 83.123 51.121 0.000 25.116 70.115 64.115 55.114 55.114 0.000 0.000 0.000 0.000 0.000 0.000 0.000 28.482 39.482 40.482
69.258 7.377 63.531 61.699 50.900 10.021 0.308 0.000 0.000 19.730 78.664 92.596 98.537 97.522 96.676 103.339 103.269 96.377 97.075 96.924 96.814 97.705 99.589 60.472 0.000 0.000 0.000 0.000 10.084 40.946 51.694 63.471 60.250 60.033 56.832 56.651 56.495 57.361 59.245 59.145 62.061 39.000 0.000 0.000 21.939 46.924 45.907 63.895 59.887 0.000 0.000 0.000 0.000 0.000 30.121 75.120 87.119 44.117 70.116 84.115 76.114 52.114 45.114 17.113 0.000 0.000 0.000 0.000 0.000 0.000 34.482 40.481 44.481
51.297 4.448 65.671 55.828 62.978 55.138 16.415 3.697 12.799 79.797 88.760 98.718 97.606 97.873 95.901 103.398 95.665 97.458 97.118 97.035 97.927 98.827 52.708 0.000 0.000 0.000 0.000 2.410 53.222 64.059 61.847 60.612 62.355 62.115 67.903 72.723 67.579 60.459 54.359 58.276 64.212 22.175 0.000 0.000 17.928 49.918 50.908 72.900 60.896 0.000 0.000 0.000 0.000 0.000 18.119 70.119 79.118 84.117 80.116 80.115 84.114 68.114 47.113 48.113 17.112 10.112 0.000 0.000 0.000 36.481 41.481 39.481 44.481
0.000 0.000 33.875 84.964 48.047 0.000 0.000 17.877 77.902 82.898 96.878 97.788 98.067 95.998 103.482 95.922 97.732 97.308 97.251 98.141 95.036 49.966 0.000 0.000 0.000 0.000 8.713 55.563 63.393 61.222 61.023 64.776 39.443 18.167 20.944 37.760 63.639 65.539 66.455 58.387 59.338 20.312 0.000 0.000 0.000 30.911 48.907 55.903 54.900 3.901 0.000 0.000 0.000 0.000 18.117 61.117 74.117 79.116 80.115 81.115 77.114 73.113 58.113 46.112 50.112 56.112 0.000 0.000 0.000 2.481 39.481 40.481 42.481
0.000 0.000 10.991 86.107 73.198 0.000 0.000 25.033 86.034 94.025 97.978 99.173 99.210 103.797 103.605 96.873 97.588 97.450 97.352 92.250 82.107 33.037 0.000 0.000 8.125 44.035 52.863 64.713 61.565 61.414 65.246 43.026 0.832 0.000 0.000 23.736 61.676 58.603 62.536 68.480 68.442 46.423 0.000 0.000 0.000 12.908 50.906 44.903 51.902 2.901 0.000 0.000 0.000 0.000 23.116 48.116 65.116 79.115 74.115 67.114 69.114 30.113 55.113 64.112 57.112 53.112 0.000 0.000 0.000 0.000 0.000 34.480 39.480
0.000 0.000 0.000 14.274 63.441 3.069 13.199 79.187 91.177 98.161 98.180 98.358 104.146 103.976 96.159 97.958 97.625 97.554 90.465 56.398 0.000 0.000 0.000 16.301 62.215 56.116 63.990 61.863 61.739 62.623 40.522 1.329 0.000 0.000 0.000 22.773 64.724 58.663 58.604 60.556 64.525 66.516 18.544 0.000 0.000 0.000 31.904 50.903 25.903 0.000 0.000 0.000 0.000 0.000 16.115 44.115 55.115 62.115 54.114 51.114 16.114 0.000 4.112 48.112 52.111 61.111 0.000 0.000 0.000 0.000 0.000 28.480 39.480
0.000 0.000 0.000 0.000 1.025 13.295 82.339 87.340 98.333 98.266 99.552 99.626 104.306 96.457 98.237 97.806 97.747 87.646 76.559 40.478 0.000 0.000 0.000 56.388 78.318 63.225 55.118 63.009 60.906 63.817 33.757 0.000 0.000 0.000 18.939 53.857 60.787 59.721 59.662 56.616 52.585 54.571 16.573 0.000 0.000 0.000 12.904 57.903 5.903 0.000 0.000 0.000 0.000 0.000 16.115 46.114 45.114 44.114 42.114 48.114 0.000 0.000 0.000 23.111 46.111 64.111 8.110 0.000 0.000 0.000 0.000 0.000 32.480
0.000 0.000 0.000 0.000 0.000 85.530 84.523 98.509 98.464 99.669 99.743 104.599 104.457 97.410 99.096 96.940 82.825 71.732 45.645 0.000 0.000 0.000 50.666 68.544 68.445 75.348 63.248 53.150 59.059 68.982 71.933 34.945 0.000 0.000 18.020 65.930 59.844 59.771 58.709 54.660 48.628 49.610 15.604 0.000 0.000 0.000 0.000 30.903 38.903 0.000 0.000 0.000 0.000 0.000 24.114 48.114 42.114 43.113 43.113 45.113 28.113 0.000 0.000 0.000 33.111 54.110 32.110 6.110 0.000 0.000 0.000 0.000 27.480
0.000 0.000 0.000 0.000 24.895 85.773 97.716 98.678 99.689 101.877 104.865 104.734 96.716 98.481 95.133 84.035 72.890 44.811 0.000 0.000 0.000 52.906 73.789 59.675 51.571 65.472 77.376 65.284 68.198 69.119 56.046 61.958 40.746 3.177 26.193 57.999 53.889 60.809 55.741 47.689 46.656 50.637 12.629 0.000 0.000 0.000 0.000 17.903 57.903 2.903 0.000 0.000 0.000 0.000 0.000 30.113 45.113 43.113 43.113 43.113 51.112 0.000 0.000 0.000 0.000 35.110 46.110 52.110 0.000 0.000 0.000 0.000 0.000
0.000 0.000 0.000 0.000 68.017 93.950 99.897 98.802 99.072 97.153 104.990 96.997 98.763 93.332 82.265 57.146 0.000 0.000 0.000 0.000 53.141 74.024 60.908 49.797 49.693 51.594 62.500 77.412 68.329 53.251 61.176 63.094 37.005 0.000 23.088 82.984 69.904 58.836 52.759 48.699 45.669 46.653 40.647 4.650 0.000 0.000 0.000 0.000 36.903 8.903 0.000 0.000 0.000 0.000 0.000 10.113 47.113 43.113 43.112 43.112 45.112 29.112 0.000 0.000 0.000 16.110 43.110 46.110 0.000 0.000 0.000 0.000 0.000
0.000 0.000 0.000 71.329 68.205 74.123 89.034 100.209 97.273 105.224 105.110 97.930 93.617 82.470 61.365 0.000 0.000 34.765 0.000 5.382 78.258 61.139 50.023 50.913 49.809 52.711 66.619 75.534 76.455 60.381 56.310 67.239 41.173 0.000 0.000 13.946 26.907 8.871 0.000 18.680 49.669 56.659 57.654 43.654 0.000 0.000 0.000 0.000 0.000 0.000 0.000 0.000 0.000 0.000 0.000 11.112 47.112 46.112 49.112 44.112 41.112 50.112 0.000 0.000 0.000 23.110 57.110 62.110 0.000 0.000 0.000 0.000 0.000
0.000 0.000 10.556 72.453 69.354 70.273 80.249 96.415 105.442 105.334 97.209 93.975 81.645 55.570 0.000 0.000 51.815 50.765 32.665 16.505 66.372 50.249 51.133 50.022 50.918 65.821 71.732 35.649 26.575 78.508 64.446 42.379 3.276 0.000 0.000 0.000 0.000 0.000 0.000 15.671 67.667 61.661 58.658 54.657 9.657 0.000 0.000 0.000 0.000 0.000 0.000 0.000 0.000 0.000 0.000 35.112 44.112 19.112 0.000 19.112 44.112 48.112 0.000 0.000 0.000 25.109 61.109 30.109 0.000 0.000 0.000 0.000 0.000
0.000 85.747 73.659 70.571 68.492 69.370 70.614 74.679 105.546 96.450 92.212 81.802 55.759 0.000 0.000 0.000 55.864 53.816 73.725 57.602 50.476 51.354 50.237 53.125 73.021 69.925 50.836 46.757 51.688 79.630 76.585 40.556 0.000 0.000 0.000 0.000 0.000 0.000 0.000 15.668 74.665 74.662 69.659 60.658 5.658 0.000 0.000 0.000 0.000 0.000 0.000 0.000 0.000 0.000 8.112 47.112 49.112 0.000 0.000 4.111 47.111 48.111 0.000 0.000 0.000 0.000 32.109 0.000 0.000 0.000 0.000 0.000 0.000
1.919 83.835 97.762 89.688 74.590 75.747 67.796 105.743 105.646 75.332 80.010 55.908 0.000 0.000 0.000 0.000 57.962 70.909 68.817 50.701 50.577 50.454 61.334 73.221 62.116 51.020 50.932 50.856 51.791 60.740 78.707 74.703 35.758 0.000 0.000 0.000 0.000 0.000 0.000 0.000 60.663 62.661 74.660 75.659 31.658 0.000 0.000 0.000 0.000 0.000 0.000 0.000 0.000 0.000 39.112 49.112 26.112 0.000 0.000 8.111 48.111 46.111 0.000 0.000 0.000 0.000 0.000 0.000 0.000 0.000 0.000 0.000 0.000
19.993 96.935 99.868 99.799 94.773 84.928 105.931 105.837 67.493 62.268 0.000 0.000 0.000 0.000 0.000 0.000 69.114 74.041 49.933 51.808 51.678 63.549 72.426 54.310 51.203 51.105 51.018 50.942 50.879 50.831 59.801 79.793 72.812 46.843 37.856 41.859 10.860 0.000 0.000 0.000 0.000 40.660 80.659 80.659 41.659 0.000 0.000 0.000 0.000 0.000 0.000 0.000 0.000 0.000 28.112 27.112 0.000 0.000 0.000 0.000 28.111 55.111 0.000 0.000 0.000 0.000 0.000 0.000 0.000 0.000 0.000 0.000 0.000
90.111 100.044 99.984 99.871 104.114 95.173 106.022 67.596 70.277 64.967 0.000 0.000 0.000 0.000 0.000 62.498 74.339 51.206 52.067 51.921 59.776 72.638 50.509 51.390 51.280 51.180 51.092 51.015 50.953 50.905 50.872 54.856 55.855 50.862 51.865 58.862 40.861 0.000 0.000 0.000 0.000 0.000 35.659 71.659 34.658 0.000 0.000 0.000 0.000 0.000 0.000 0.000 0.000 0.000 0.000 0.000 0.000 0.000 0.000 0.000 0.000 7.111 0.000 0.000 0.000 0.000 0.000 0.000 0.000 0.000 0.000 0.000 0.000
96.215 96.156 100.069 101.232 98.279 106.198 106.110 72.259 56.700 1.853 4.853 1.853 0.000 0.000 0.000 79.657 56.538 52.380 52.206 54.032 74.869 54.719 51.583 51.460 51.347 51.244 51.153 51.075 51.012 50.963 50.927 49.903 48.889 51.883 33.881 0.000 0.000 0.000 0.000 0.000 0.000 0.000 0.000 64.658 52.658 19.658 0.000 0.000 0.000 0.000 0.000 0.000 0.000 0.000 0.000 0.000 0.000 0.000 0.000 0.000 0.000 0.000 0.000 0.000 0.000 0.000 0.000 0.000 0.000 0.000 0.000 0.000 0.000
75.329 75.265 79.244 75.402 106.370 106.284 83.771 64.965 55.876 0.000 0.000 1.853 0.000 0.000 0.000 54.935 50.776 50.568 49.345 62.134 54.948 48.786 49.645 49.520 49.405 49.296 50.200 51.121 51.058 51.008 49.970 47.940 49.916 49.902 46.896 36.898 39.897 41.897 40.897 42.896 13.896 0.000 0.000 2.658 61.658 33.658 0.000 0.000 0.000 0.000 0.000 0.000 0.000 0.000 0.000 0.000 0.000 0.000 0.000 0.000 0.000 0.000 0.000 0.000 0.000 0.000 0.000 0.000 0.000 0.000 0.000 0.000 0.000
90.445 112.334 77.581 107.640 106.453 66.326 56.919 0.000 71.243 29.577 0.000 0.000 0.000 0.000 98.756 77.371 48.064 55.773 66.473 65.210 61.003 58.830 58.691 58.571 57.456 51.336 47.231 51.151 51.090 51.043 50.005 49.970 53.933 53.912 54.902 64.899 64.898 60.897 53.896 52.896 31.896 0.000 0.000 0.000 20.658 26.658 0.000 0.000 0.000 0.000 0.000 0.000 0.000 0.000 0.000 0.000 0.000 0.000 0.000 0.000 0.000 0.000 0.000 0.000 0.000 0.000 0.000 0.000 0.000 0.000 0.000 0.000 0.000
138.526 117.123 115.170 106.607 106.532 94.415 0.000 38.253 66.253 139.912 115.405 1.679 46.272 35.706 97.141 56.730 54.335 125.986 116.563 112.230 112.025 110.841 109.719 108.616 107.512 78.361 45.236 51.161 51.108 51.068 51.036 43.003 0.000 0.000 0.000 0.000 0.000 0.000 17.896 69.896 48.895 19.895 0.000 0.000 0.000 0.000 0.000 0.000 0.000 0.000 0.000 0.000 0.000 0.000 0.000 0.000 0.000 0.000 0.000 0.000 0.000 0.000 0.000 0.000 0.000 0.000 0.000 0.000 0.000 0.000 0.000 0.000 0.000
96.694 116.282 106.747 106.678 90.938 0.000 0.000 0.000 9.606 61.415 49.152 0.000 27.583 0.000 56.373 53.072 62.560 118.273 0.000 4.122 0.000 54.790 63.728 124.663 37.614 0.000 55.192 51.149 51.112 52.085 34.068 0.000 0.000 0.000 0.000 0.000 0.000 0.000 0.000 22.895 69.895 25.895 0.000 0.000 0.000 0.000 0.000 0.000 0.000 0.000 0.000 0.000 0.000 0.000 0.000 0.000 0.000 0.000 0.000 0.000 0.000 0.000 0.000 0.000 0.000 0.000 0.000 0.000 0.000 0.000 0.000 0.000 0.000
117.451 115.505 106.811 115.429 117.277 37.565 0.000 17.149 44.149 53.989 30.635 7.765 48.894 94.436 92.904 85.627 0.000 37.273 0.000 16.015 37.907 65.800 110.740 73.695 38.666 0.000 0.000 57.128 51.108 52.093 33.084 0.000 0.000 0.000 0.000 0.000 0.000 0.000 0.000 0.000 16.895 55.895 20.894 0.000 0.000 0.000 0.000 0.000 0.000 0.000 0.000 0.000 0.000 0.000 0.000 0.000 0.000 0.000 0.000 0.000 0.000 0.000 0.000 0.000 0.000 0.000 0.000 0.000 0.000 0.000 0.000 0.000 0.000
115.585 106.927 106.871 95.935 38.700 0.000 0.000 0.000 5.854 32.757 0.000 0.000 41.794 85.511 139.181 74.904 0.000 0.000 0.000 0.000 0.000 79.763 114.738 44.712 41.689 0.000 0.000 0.000 56.100 50.094 48.090 46.091 34.091 0.000 0.000 0.000 0.000 0.000 0.000 0.000 11.894 69.894 27.894 0.000 0.000 0.000 0.000 0.000 0.000 0.000 0.000 0.000 0.000 0.000 0.000 0.000 0.000 0.000 0.000 0.000 0.000 0.000 0.000 0.000 0.000 0.000 0.000 0.000 0.000 0.000 0.000 0.000 0.000
