results4_8e4_rain/res_4e8f-0220.wd
ncols         241
nrows         181
xllcorner     12693529.787448
yllcorner     3542525.717860
cellsize      155.156523
NODATA_value  -9999.000000
[rows 33 to 65 of 181, columns 73 to 145 of 241]
0.000 0.000 0.000 0.000 0.000 0.000 0.000 0.000 0.000 0.000 0.000 0.000 0.000 0.000 0.000 0.000 0.000 0.000 0.000 0.000 0.000 0.000 0.000 0.000 0.000 0.000 0.000 0.000 0.000 0.000 0.000 0.000 0.000 0.000 0.000 0.000 0.000 0.000 0.000 39.940 62.942 67.943 23.946 0.000 0.000 33.022 47.050 14.029 5.029 37.050 40.065 34.063 35.044 36.007 35.953 35.880 35.786 34.668 40.514 60.275 6.787 14.895 12.170 47.324 63.780 68.308 66.867 67.468 66.002 68.087 63.140 62.750 62.739
0.000 0.000 0.000 0.000 0.000 0.000 0.000 0.000 0.000 0.000 0.000 0.000 0.000 0.000 0.000 0.000 0.000 0.000 0.000 0.000 0.000 0.000 0.000 0.000 0.000 0.000 0.000 0.000 0.000 0.000 0.000 0.000 0.000 0.000 0.000 0.000 0.000 0.000 0.000 0.000 14.942 9.943 0.000 0.000 0.000 0.000 29.142 0.000 0.000 27.091 51.132 50.136 40.119 36.082 36.024 35.945 35.843 34.722 56.586 54.430 0.000 37.728 50.291 63.715 68.193 67.714 67.284 66.790 67.849 63.866 63.166 63.419 65.719
0.000 0.000 0.000 0.000 0.000 0.000 0.000 0.000 0.000 0.000 0.000 0.000 0.000 0.000 0.000 0.000 0.000 0.000 35.359 67.359 20.358 0.000 0.000 0.000 0.000 0.000 0.000 0.000 0.000 0.000 0.000 0.000 0.000 0.000 0.000 0.000 0.000 0.000 0.000 0.000 0.000 0.000 0.000 0.000 0.000 0.000 21.233 0.000 0.000 0.000 29.235 47.230 47.213 38.177 36.118 36.031 33.919 49.791 58.678 0.000 23.388 47.997 62.551 69.053 68.559 68.103 67.582 69.613 65.600 63.710 64.107 66.431 65.675
0.000 0.000 0.000 0.000 0.000 0.000 0.000 0.000 0.000 0.000 0.000 22.361 60.361 0.361 0.000 0.000 0.000 0.000 42.359 93.359 49.358 0.000 0.000 0.000 0.000 0.000 0.000 0.000 0.000 0.000 0.000 0.000 0.000 0.000 0.000 0.000 0.000 0.000 0.000 0.000 0.000 0.000 0.000 0.000 0.000 0.000 24.325 25.366 32.384 18.382 28.345 36.336 49.325 40.296 36.238 33.144 44.012 53.846 42.656 18.312 47.779 65.322 69.862 69.382 68.918 68.377 68.381 67.342 64.364 64.811 67.149 66.400 66.165
0.000 0.000 0.000 0.000 0.000 0.000 0.000 0.000 0.000 0.000 0.000 43.361 78.361 67.361 54.360 9.360 3.360 27.359 81.359 89.359 54.358 0.000 0.000 0.000 0.000 23.413 2.413 0.000 0.000 0.000 0.000 0.000 0.000 0.000 0.000 0.000 0.000 7.413 0.000 0.000 0.000 11.412 29.411 0.000 0.000 40.388 55.375 58.389 56.404 42.416 36.426 35.444 49.455 40.444 32.395 46.293 60.138 47.924 35.788 50.502 55.093 67.652 70.189 69.726 69.174 69.153 67.097 65.129 65.534 67.880 67.139 66.908 66.573
0.000 0.000 0.000 0.000 0.000 0.000 0.000 0.000 0.000 0.000 0.000 14.361 76.361 59.361 40.361 2.360 23.360 73.360 84.359 91.358 50.358 0.000 0.000 0.000 0.413 61.413 45.413 0.000 0.000 0.000 0.000 0.000 0.000 0.000 0.000 0.413 24.413 36.413 38.413 0.000 0.000 20.412 45.411 24.410 38.407 61.401 64.400 65.409 62.427 49.455 36.498 33.558 50.608 41.630 45.603 63.497 57.323 0.000 34.071 52.815 65.438 71.000 70.543 69.984 69.938 67.872 66.019 66.277 68.626 67.896 67.672 67.338 67.005
0.000 0.000 0.000 0.000 0.000 0.000 0.000 0.000 0.000 0.000 0.000 0.000 0.000 27.361 65.361 61.361 49.360 62.360 82.359 93.358 46.357 0.000 0.000 0.000 0.000 23.413 47.413 49.413 0.000 0.000 0.000 0.000 0.000 0.000 0.000 0.000 40.413 41.413 53.413 36.413 25.413 39.412 40.412 36.411 43.410 50.410 48.412 41.422 60.441 26.477 42.553 45.684 35.787 47.864 60.892 57.770 0.326 9.022 45.610 62.249 70.845 71.383 70.830 70.756 67.684 67.076 67.050 69.390 68.671 68.458 68.133 67.800 67.441
0.000 0.000 0.000 0.000 0.000 0.000 0.000 0.000 0.000 0.000 0.000 0.000 0.000 17.361 84.361 79.361 69.361 59.360 83.359 91.358 86.355 71.351 26.349 0.000 0.000 0.000 3.413 57.413 41.413 39.413 50.413 45.413 8.413 0.000 0.000 4.413 40.413 39.413 60.413 66.413 55.413 47.413 39.413 36.413 37.413 38.415 37.418 35.426 43.439 4.458 0.000 4.839 40.993 64.148 62.330 1.621 7.713 45.429 59.095 68.738 72.277 71.839 72.615 68.569 68.375 67.870 70.180 69.467 69.261 68.950 68.634 68.283 67.892
0.000 0.000 0.000 0.000 0.000 0.000 0.000 0.000 0.000 0.000 0.000 0.000 0.000 0.000 17.361 56.362 31.362 67.362 86.360 91.358 89.354 87.350 76.346 35.343 0.343 0.000 0.000 13.413 52.413 52.413 65.413 63.413 56.413 51.413 0.000 0.000 7.413 44.413 63.413 70.413 62.413 46.414 35.414 36.414 36.415 36.417 36.420 36.425 40.430 0.000 0.000 0.000 11.199 48.405 17.867 15.134 50.074 54.881 66.624 73.231 73.084 71.326 69.656 70.043 68.773 71.015 70.291 70.079 69.775 69.479 69.163 68.808 68.377
0.000 0.000 0.000 0.000 0.000 0.000 0.000 0.000 0.000 0.000 0.000 0.000 0.000 0.000 0.000 2.363 88.364 88.364 90.363 90.359 89.354 83.348 77.343 48.340 0.000 0.000 0.000 0.000 0.000 20.413 65.413 59.413 74.413 71.413 50.413 29.413 30.413 39.413 61.413 70.413 61.414 44.414 34.414 39.415 38.416 36.418 36.421 36.423 37.425 29.425 0.000 0.000 0.000 0.000 9.599 52.635 55.564 63.421 74.145 74.258 72.620 74.514 72.277 69.816 71.927 71.164 70.921 70.605 70.313 70.024 69.731 69.409 67.972
0.000 0.000 0.000 0.000 0.000 0.000 23.338 46.335 0.000 24.277 64.266 53.253 57.242 32.236 0.000 0.000 24.366 96.367 90.367 87.363 84.355 87.346 78.338 41.333 0.000 0.000 0.000 0.000 0.000 0.000 0.000 9.413 63.413 64.413 15.413 0.000 6.413 43.413 61.413 66.414 56.414 47.414 45.415 7.416 14.417 42.419 36.421 36.423 37.424 43.424 51.424 13.424 0.000 0.000 25.294 58.246 62.138 72.948 75.164 74.796 78.073 76.654 71.158 72.966 72.113 71.806 71.450 71.136 70.842 70.572 70.329 70.123 75.979
0.000 0.000 0.000 0.000 0.000 0.000 23.341 66.332 8.312 58.287 60.268 72.252 55.238 40.229 0.000 0.000 12.368 81.370 93.375 90.370 90.358 91.343 85.330 39.321 0.000 0.000 0.000 0.000 0.000 0.000 0.000 0.000 0.000 48.413 7.413 0.000 2.413 49.413 46.413 58.414 15.414 0.000 0.000 0.000 0.000 8.420 46.421 40.422 3.423 33.424 67.424 50.424 3.424 0.000 30.046 63.885 72.787 75.908 75.663 79.833 79.087 72.513 74.082 73.133 72.739 72.324 71.967 71.641 71.348 71.093 70.891 70.777 75.840
21.604 65.597 55.592 0.000 0.000 0.000 17.353 77.340 53.318 55.292 61.268 85.247 86.229 81.214 35.200 0.000 0.000 0.000 41.394 95.383 90.364 91.340 88.316 47.300 0.000 0.000 0.000 0.000 0.000 0.000 0.000 0.000 0.000 6.413 0.000 0.000 0.000 0.000 0.000 0.000 0.000 0.000 0.000 0.000 0.000 0.000 0.000 21.423 18.423 0.000 0.000 0.000 0.000 19.459 56.875 73.828 75.504 76.437 80.784 80.388 73.543 75.104 74.144 73.691 73.221 72.814 72.446 72.114 71.817 71.561 71.362 71.255 74.317
21.605 77.596 59.587 55.575 0.000 0.000 4.377 69.358 71.327 71.294 83.264 80.238 92.217 91.199 52.186 0.000 0.000 0.000 17.425 97.405 90.373 91.335 88.296 48.263 0.000 0.000 8.825 56.787 68.746 37.718 0.000 0.000 0.000 0.000 0.000 0.000 0.000 0.000 0.000 0.000 0.000 0.000 0.000 0.000 0.000 0.000 0.000 0.000 6.423 0.000 0.000 0.000 17.423 57.931 74.891 75.473 81.703 81.193 74.813 75.376 75.880 75.065 74.601 74.107 73.666 73.261 72.891 72.552 72.245 71.973 71.743 78.564 19.441
85.608 82.597 61.583 62.564 54.534 1.491 59.420 54.388 62.337 75.295 79.255 90.227 91.201 90.178 59.159 0.000 0.000 0.000 16.475 96.439 90.389 91.332 86.269 66.193 50.075 50.967 50.863 58.791 79.733 46.690 0.000 0.000 0.000 0.000 0.000 0.000 0.000 0.000 0.000 0.000 0.000 0.000 0.000 0.000 0.000 0.000 0.000 0.000 0.000 0.000 15.514 46.291 55.799 74.786 76.375 83.039 82.448 75.362 77.084 76.420 75.881 75.428 74.947 74.496 74.070 73.673 73.303 72.959 72.639 72.343 79.071 24.817 0.000
82.613 77.600 75.585 58.563 62.533 62.499 53.460 46.438 0.000 0.000 21.233 80.212 91.184 89.152 74.113 41.060 0.000 3.650 65.560 86.487 91.413 90.336 91.254 81.166 57.065 53.964 52.867 61.782 79.703 62.620 48.506 49.417 53.352 64.311 28.295 0.000 0.000 0.000 0.000 0.000 0.000 0.000 0.000 0.000 0.000 0.000 0.000 0.000 0.000 0.000 26.714 66.554 74.501 77.149 83.919 83.522 76.084 77.756 76.979 76.610 76.173 75.724 75.283 74.856 74.447 74.059 73.690 73.341 73.008 78.689 25.380 0.000 0.000
71.620 23.607 91.592 62.571 56.538 57.509 59.483 59.465 48.463 0.000 0.000 1.197 25.169 96.134 86.082 64.006 55.882 62.739 61.631 63.535 71.439 72.343 59.247 56.152 54.054 53.957 52.860 61.767 76.676 55.582 52.482 57.394 73.326 76.287 61.279 35.279 0.000 0.000 0.000 0.000 0.000 0.000 0.000 0.000 0.000 0.000 0.000 0.000 0.000 17.552 59.398 75.010 77.850 84.485 84.239 76.780 78.426 77.644 77.289 76.864 76.443 76.022 75.604 75.197 74.803 74.424 74.059 73.706 79.363 25.026 0.000 0.000 0.000
17.629 90.617 91.604 77.592 0.000 4.516 64.498 60.478 71.461 62.444 0.000 1.210 4.175 84.134 81.076 65.999 56.901 53.793 53.689 56.584 69.465 77.350 80.239 73.140 63.044 55.948 54.850 70.751 73.651 48.548 52.445 52.350 53.273 57.230 36.255 0.000 0.000 0.000 6.803 0.000 0.000 0.000 0.000 0.000 0.000 0.000 0.000 20.776 52.445 60.301 73.816 85.147 84.762 77.831 78.428 78.996 78.309 77.948 77.529 77.124 76.717 76.314 75.915 75.525 75.145 74.775 75.415 82.061 25.712 0.000 0.000 0.000 0.000
95.638 91.627 91.615 91.600 78.578 61.543 61.514 61.486 52.460 1.419 18.326 25.266 77.205 74.150 77.087 70.015 70.931 70.841 70.749 73.646 68.487 68.351 70.220 74.126 75.034 72.940 68.841 79.737 77.628 65.516 66.401 66.289 68.185 43.108 0.000 0.000 0.000 0.000 7.803 0.000 0.000 0.000 0.000 0.000 0.000 7.660 55.435 55.997 77.010 77.565 86.207 85.730 80.318 80.036 79.426 78.960 78.585 78.175 77.778 77.382 76.989 76.600 76.218 75.844 75.477 76.117 79.763 12.412 0.000 0.000 0.000 0.000 0.000
94.647 90.639 90.630 91.615 88.593 66.562 60.529 61.495 62.458 54.411 3.349 69.290 66.231 67.172 68.109 63.041 66.968 71.893 79.821 64.762 0.000 0.288 15.165 73.107 69.027 68.937 68.837 68.727 68.609 68.485 68.355 68.218 66.072 60.907 33.686 0.000 9.319 53.099 59.803 71.499 41.264 0.000 0.000 0.000 1.544 56.862 67.642 79.564 80.198 86.941 86.607 80.966 80.645 79.911 79.583 79.196 78.801 78.411 78.022 77.637 77.256 76.881 76.514 76.154 76.802 79.454 27.108 0.000 0.000 0.000 0.000 0.000 0.000
80.653 80.652 80.650 91.638 91.615 81.583 57.545 60.505 61.465 61.421 67.369 76.314 60.256 57.198 55.137 62.073 77.006 75.941 60.878 40.820 0.000 0.000 0.000 1.117 58.028 52.946 52.842 52.725 52.597 53.460 56.315 57.157 56.978 55.761 56.466 55.015 54.539 63.176 69.809 67.431 74.029 71.492 65.984 63.471 65.842 77.491 81.013 80.807 87.435 87.218 81.603 81.259 80.511 80.186 79.793 79.408 79.024 78.642 78.263 77.888 77.517 77.153 76.801 77.458 78.122 16.788 0.000 0.000 0.000 0.000 0.000 0.000 0.000
0.000 46.666 58.681 86.671 90.647 71.609 54.562 53.517 61.477 61.437 60.393 54.340 55.281 61.226 78.168 77.107 60.044 52.985 42.932 0.000 62.494 71.432 67.337 68.214 71.086 73.976 72.860 73.734 76.593 75.444 72.288 74.118 68.924 54.691 58.402 57.041 61.647 79.256 85.827 82.387 75.929 70.461 72.008 78.473 83.327 81.768 88.038 87.689 81.587 83.197 81.784 81.125 80.786 80.389 80.006 79.623 79.244 78.869 78.501 78.135 77.771 78.414 76.078 71.756 23.439 0.000 0.000 0.000 0.000 0.000 0.000 0.000 0.470
0.000 0.000 51.735 70.720 81.692 56.645 48.577 55.524 53.490 60.459 61.424 61.372 54.304 71.257 63.203 52.141 55.078 47.025 0.000 71.645 74.556 74.466 76.364 77.249 80.127 84.010 82.890 82.757 82.599 84.435 85.274 83.102 70.907 56.679 58.411 58.098 57.751 60.376 33.854 6.360 95.838 137.438 114.972 80.906 82.426 88.999 88.563 82.034 84.763 82.179 81.737 81.381 80.987 80.602 80.216 79.834 79.458 79.092 78.735 78.380 80.018 74.653 63.343 18.050 0.000 0.000 0.000 0.000 0.000 0.000 0.000 0.714 47.573
3.974 0.000 6.803 27.782 62.758 44.701 0.000 50.511 55.498 55.486 61.471 50.422 0.000 55.296 53.246 55.178 56.101 66.011 79.887 76.735 78.618 84.512 94.404 138.289 135.165 135.047 134.933 134.805 135.609 119.424 51.272 54.109 51.922 59.708 58.464 55.188 52.884 34.643 0.000 0.000 4.641 62.349 79.359 83.954 89.690 89.372 81.631 83.333 82.633 82.330 81.963 81.582 81.199 80.812 80.424 80.037 79.663 79.306 79.967 78.631 70.269 58.837 16.590 0.000 0.000 0.000 0.000 0.000 0.000 0.000 3.872 38.807 59.689
77.974 25.950 14.891 77.849 55.855 0.000 0.000 0.000 49.507 62.515 54.553 0.000 7.469 63.384 54.307 65.225 78.135 78.033 82.916 85.788 78.670 64.559 55.451 51.339 49.195 52.081 52.990 39.920 0.000 56.380 53.282 52.139 55.965 59.765 56.550 48.306 54.953 35.669 0.000 1.930 57.656 74.661 84.381 90.183 89.961 82.213 83.901 83.198 82.906 82.538 82.171 81.795 81.412 81.025 80.629 80.229 79.849 80.504 76.194 64.910 21.589 0.000 0.000 0.000 0.000 0.000 0.000 0.000 0.000 0.000 6.937 56.875 55.787
87.994 95.984 83.964 0.936 12.957 7.067 2.103 1.107 0.000 0.000 58.673 56.652 64.555 61.463 61.373 61.280 78.180 92.071 80.954 60.833 58.715 53.604 55.502 46.423 0.000 58.092 55.027 43.964 0.000 57.433 52.338 53.200 60.032 57.840 55.664 37.535 0.000 2.140 54.366 52.112 68.897 84.804 90.461 83.146 83.713 84.374 83.771 83.477 83.116 82.758 82.389 82.013 81.631 81.244 80.841 81.400 81.002 70.664 55.397 18.224 0.000 0.000 0.000 0.000 0.000 0.000 0.000 5.335 32.287 31.199 46.063 57.970 45.883
78.022 82.027 72.029 0.000 0.000 72.142 65.137 59.112 3.051 10.956 76.814 73.728 60.635 61.540 61.444 62.342 83.233 135.118 127.997 74.874 129.753 50.639 54.530 54.426 56.308 54.168 54.060 53.947 55.786 51.580 51.436 60.293 59.123 55.898 50.732 39.633 0.000 0.901 56.403 63.215 85.208 84.085 90.816 84.191 84.778 84.328 84.039 83.694 83.345 82.985 82.616 82.238 81.854 81.480 83.089 78.528 60.095 46.755 48.506 14.365 0.000 0.000 0.000 0.000 0.000 0.000 0.000 5.382 41.328 46.246 60.148 54.058 43.974
74.053 69.074 13.094 0.000 3.264 55.222 64.191 61.149 79.086 73.002 77.901 85.809 76.716 61.620 61.519 61.410 60.294 54.170 49.041 53.912 50.786 54.667 54.554 54.444 54.331 54.212 54.098 53.976 52.831 57.667 59.532 60.413 44.268 0.000 43.732 0.000 0.000 0.898 60.558 82.465 86.462 91.795 91.339 84.282 84.935 84.578 84.265 83.932 83.584 83.223 82.852 82.467 82.069 80.735 42.506 0.000 0.000 0.000 0.000 0.000 0.000 0.000 0.000 37.805 32.766 31.700 30.609 34.484 43.396 59.311 53.223 44.139 54.059
66.080 57.121 62.181 7.280 60.306 56.290 55.256 73.207 66.142 82.065 90.979 70.892 56.802 54.705 57.601 60.487 61.362 61.227 54.086 52.946 53.813 53.690 54.575 54.465 54.358 59.251 56.144 53.029 53.896 56.725 60.612 49.558 0.000 0.000 0.000 0.000 16.199 136.075 79.812 86.835 84.805 92.199 84.099 86.619 88.103 84.830 84.515 84.184 83.835 83.469 84.102 80.708 68.220 58.883 16.694 0.000 0.000 0.000 0.000 0.000 0.000 0.000 39.888 39.844 39.792 40.726 40.643 41.549 55.462 55.378 39.295 42.215 44.139
41.097 42.149 36.228 60.354 56.389 55.377 66.338 70.279 81.210 88.136 54.058 52.978 53.892 55.799 54.694 51.574 59.440 60.290 61.129 59.972 53.831 52.704 51.590 52.485 58.386 117.291 85.198 65.101 47.999 0.000 62.631 70.651 0.000 0.000 0.000 0.000 60.325 71.218 88.103 86.137 92.904 92.565 85.188 85.718 86.385 85.092 84.782 84.453 84.102 84.719 83.379 36.043 0.000 0.000 0.000 0.000 0.000 0.000 0.000 0.000 0.000 0.064 46.933 42.891 39.834 40.766 38.689 50.607 57.525 41.444 42.365 50.288 48.215
0.000 0.000 0.000 53.520 56.518 58.491 79.438 90.363 104.284 86.210 15.140 72.069 71.991 55.903 55.800 54.678 52.533 55.363 61.168 58.984 59.833 61.706 59.596 57.497 53.409 48.329 53.256 48.178 0.000 0.000 0.000 56.763 48.791 0.000 0.000 2.722 70.559 87.404 87.477 85.492 93.213 84.908 87.411 88.918 85.662 85.372 85.068 84.745 84.402 81.924 36.651 0.000 0.000 0.000 0.000 0.000 0.000 0.000 0.000 0.000 0.000 46.098 16.018 3.953 47.886 37.816 48.741 60.664 48.586 43.508 48.432 52.358 45.287
0.000 0.000 0.000 51.688 57.672 73.632 84.560 132.450 126.353 128.281 134.222 130.166 131.102 56.023 55.925 54.803 54.651 53.461 48.198 57.963 59.811 60.692 58.589 60.500 60.424 61.360 54.317 0.000 0.000 0.000 0.041 57.848 42.820 0.000 0.185 61.872 83.764 87.720 86.709 93.777 93.503 85.965 86.513 87.204 85.942 85.667 85.373 86.056 60.837 0.000 0.000 0.000 0.000 0.000 0.000 0.000 0.000 0.000 58.419 47.369 37.289 41.178 41.091 42.015 41.943 44.870 57.796 54.721 49.646 50.571 48.497 46.425 42.356
17.929 0.000 0.000 52.872 69.850 77.806 83.720 54.523 53.399 52.337 49.303 50.271 50.226 56.162 56.075 71.959 71.806 47.634 0.000 44.860 57.756 59.661 57.569 59.491 59.426 60.372 56.335 0.270 1.173 2.126 56.072 40.960 0.000 0.000 63.272 72.120 88.998 87.911 87.094 94.032 85.638 88.167 90.705 86.482 86.234 85.983 84.700 72.270 31.054 0.000 0.000 0.000 0.000 0.000 44.672 39.651 39.610 39.551 43.468 55.399 58.321 44.233 39.151 41.074 43.000 57.926 56.853 42.779 51.705 52.632 51.561 44.490 40.422
