results4_8e4_rain/res_4e8f-0027.wd
ncols         241
nrows         181
xllcorner     12693529.787448
yllcorner     3542525.717860
cellsize      155.156523
NODATA_value  -9999.000000
[rows 132 to 164 of 181, columns 0 to 74 of 241]
59.043 64.044 68.046 68.050 70.054 70.059 64.066 55.074 41.083 30.094 29.105 30.119 29.134 28.151 33.171 47.192 58.216 63.242 63.271 60.303 52.338 43.377 34.420 28.467 33.515 35.578 34.634 35.691 33.724 28.752 42.776 65.799 32.822 0.000 0.000 0.000 0.000 25.353 37.358 34.376 36.391 42.404 60.415 46.422 30.427 29.430 29.430 41.430 62.429 3.428 0.000 0.000 0.000 0.000 0.000 0.000 0.000 0.000 0.000 0.000 0.000 0.000 0.000 0.000 0.000 0.000 0.099 40.925 63.809 67.713 67.601 77.682 105.141 95.480 95.423
37.076 39.077 42.079 48.083 58.087 64.093 69.099 69.107 62.116 48.127 37.139 31.153 35.168 42.185 55.205 70.227 69.251 66.277 66.306 69.337 69.371 65.408 53.448 41.491 33.537 28.587 29.635 28.680 29.715 37.743 59.766 67.781 0.000 0.000 0.000 0.000 0.000 11.349 29.347 38.359 39.379 36.398 37.414 47.424 42.429 35.432 39.432 47.432 60.431 1.429 0.000 0.000 0.000 0.000 0.000 0.000 0.000 0.000 0.000 0.000 0.000 0.000 0.000 0.000 0.000 0.000 48.164 70.040 65.910 74.875 65.931 105.283 94.035 95.532 100.768
29.109 29.110 29.113 31.116 36.121 40.126 47.133 56.141 64.150 67.160 61.172 59.186 61.201 64.219 63.238 56.261 47.285 45.311 45.339 50.370 56.402 63.437 66.475 65.514 54.556 44.599 39.640 37.679 46.713 62.742 63.765 49.780 0.000 0.000 0.000 0.000 0.000 0.000 12.321 39.335 18.370 6.396 21.421 36.431 51.436 55.437 57.437 58.435 54.434 0.000 0.000 0.000 0.000 0.000 0.000 0.000 0.000 0.000 0.000 0.000 0.000 0.000 32.667 2.627 68.552 90.447 123.261 79.202 74.236 55.179 91.233 95.718 95.607 104.350 93.859
30.143 30.144 30.146 30.149 29.154 28.160 30.166 35.174 41.183 51.193 61.205 63.218 56.233 46.251 40.271 32.293 28.318 28.344 28.372 30.401 35.432 41.465 48.500 60.537 65.574 67.612 66.650 62.685 65.718 58.747 40.773 32.795 11.816 0.000 0.000 0.000 0.000 0.000 5.282 38.293 0.000 0.000 14.443 39.446 58.447 66.446 52.443 55.440 41.438 0.000 0.000 0.000 0.000 0.000 0.000 0.000 0.000 0.000 0.000 0.000 0.000 19.725 38.708 111.663 140.588 123.451 106.980 105.902 97.558 96.201 96.051 95.891 61.119 106.026 97.610
30.176 30.177 30.180 30.183 30.188 30.193 30.200 29.208 29.216 32.226 38.237 37.250 33.264 29.282 29.303 29.326 30.350 30.376 30.404 30.432 29.462 28.493 30.526 36.559 43.594 52.628 60.663 56.696 45.728 33.757 29.785 34.812 42.839 18.868 0.000 0.000 0.000 0.000 20.233 41.262 0.000 0.000 33.465 65.464 67.461 46.457 49.450 48.444 36.441 25.440 0.000 0.000 0.000 0.000 0.000 0.000 0.000 0.000 0.000 0.000 0.000 0.837 63.776 69.704 65.688 66.835 64.796 96.602 96.476 96.344 63.513 66.279 68.138 69.793 19.754
30.210 30.211 30.213 30.217 30.222 30.227 30.234 30.242 30.250 30.259 29.269 29.280 29.294 30.311 30.333 30.357 30.383 30.409 30.436 30.463 30.492 30.521 30.551 29.582 28.614 29.646 33.678 31.709 30.740 34.770 37.800 36.830 34.862 36.899 36.949 33.993 34.034 38.082 13.157 0.000 0.000 6.498 51.488 65.484 45.479 38.472 37.457 17.448 13.444 0.000 0.000 0.000 0.000 0.000 0.000 0.000 0.000 11.438 26.420 0.000 10.103 72.994 79.940 77.997 75.974 77.046 96.838 96.723 77.802 84.580 77.419 83.179 75.009 53.938 0.000
30.243 30.244 30.247 30.251 30.256 30.262 30.268 30.276 30.284 30.292 30.301 30.310 30.322 30.338 30.362 30.389 30.416 30.442 30.468 29.495 36.521 38.549 30.577 29.605 28.635 29.665 31.695 34.725 37.755 36.785 31.816 32.847 39.880 42.917 38.957 32.996 30.030 39.055 0.000 0.000 0.000 46.508 55.509 42.505 34.501 54.495 0.471 0.000 0.000 0.000 0.000 0.000 0.000 0.000 0.000 0.000 21.500 63.457 92.403 53.307 86.143 94.286 91.229 90.308 97.163 97.059 96.951 89.913 91.774 91.461 90.310 89.229 7.133 0.000 0.000
30.277 30.278 30.281 30.285 30.290 30.296 30.303 30.311 30.319 30.326 33.333 33.339 31.345 35.358 33.391 30.421 30.450 30.477 29.502 27.527 38.552 46.577 32.603 29.629 31.657 34.684 36.713 35.742 32.771 34.801 39.831 41.863 42.897 42.932 37.969 32.004 41.035 60.055 0.000 0.000 0.000 20.520 43.533 40.530 44.523 64.518 0.000 0.000 0.000 0.000 0.000 0.000 0.000 0.000 0.000 19.596 71.546 87.485 90.403 95.379 92.517 89.496 97.451 97.359 97.264 89.262 90.033 90.890 90.560 90.521 83.442 60.336 0.000 0.000 0.000
30.310 30.312 30.314 30.319 30.324 30.331 30.339 30.347 30.355 31.362 38.367 38.368 15.365 0.000 4.423 34.456 28.488 31.515 37.538 40.561 40.583 36.606 32.630 33.654 36.679 35.705 34.732 36.759 40.787 40.817 42.848 41.879 32.913 27.948 29.984 43.019 62.052 72.076 0.000 0.000 0.000 0.000 51.574 53.561 60.546 59.537 0.000 0.000 0.000 0.000 0.000 0.000 0.000 0.000 23.705 67.654 89.570 92.576 91.651 91.641 90.719 97.628 97.541 89.502 90.288 91.134 90.909 90.753 90.699 82.623 74.575 0.000 0.000 0.000 0.000
30.344 30.345 30.348 30.352 30.359 30.367 30.376 30.385 30.394 32.401 41.405 52.403 28.383 0.000 0.000 19.494 45.533 37.556 35.576 35.596 33.615 32.636 34.657 36.679 34.702 30.726 32.751 44.777 46.804 36.833 30.864 27.895 27.929 32.963 47.000 63.038 60.078 44.124 16.182 0.000 0.000 22.633 51.631 33.594 24.562 16.549 0.000 0.000 0.000 0.000 0.000 0.000 0.000 16.819 67.761 89.664 91.848 90.835 90.936 97.879 97.798 97.714 89.586 91.449 91.151 91.013 90.946 90.862 84.776 71.704 61.662 0.000 0.000 0.000 0.000
30.378 30.378 30.380 30.385 30.393 30.403 30.414 30.425 30.435 32.445 42.452 29.456 0.000 0.000 0.000 0.000 41.594 33.603 35.616 34.631 32.648 35.666 36.685 33.705 30.725 26.747 36.770 50.794 37.821 27.849 28.879 33.911 43.944 54.979 66.015 59.055 37.101 32.159 51.242 58.379 59.513 63.636 38.723 0.592 0.000 0.000 0.000 0.000 0.000 0.000 0.000 0.000 21.926 67.855 89.858 92.033 91.052 98.109 98.035 97.959 89.888 90.671 91.541 91.228 91.200 91.129 91.043 91.940 79.850 50.754 39.708 0.000 0.000 0.000 0.000
29.412 29.411 30.411 30.416 30.426 30.440 30.454 30.467 30.479 33.491 43.503 14.513 0.000 0.000 11.673 13.667 30.647 32.647 20.655 2.667 40.681 35.697 31.713 30.730 28.749 30.768 46.789 49.812 31.837 34.865 46.895 55.927 64.959 62.993 51.029 37.068 30.114 46.170 50.248 38.383 19.524 17.678 5.876 0.401 0.000 0.000 0.000 10.940 5.940 0.000 0.000 16.015 68.029 91.122 92.139 90.245 98.253 98.181 90.086 90.880 91.739 91.533 91.398 91.361 91.297 91.235 94.154 58.007 37.928 0.000 0.000 0.000 0.000 0.000 0.000
38.448 36.445 33.439 31.442 28.456 28.477 28.496 28.511 27.525 32.539 44.557 27.583 8.635 16.665 34.679 30.683 27.681 33.684 28.691 15.702 35.714 29.727 28.742 28.757 30.772 44.789 52.807 18.827 10.851 60.880 65.911 60.942 49.974 40.006 32.040 28.076 39.117 51.161 19.199 0.000 0.000 0.000 1.056 1.139 0.000 0.000 2.924 30.940 14.940 0.000 0.000 48.265 90.304 89.425 98.463 98.394 98.324 90.144 92.011 91.726 91.605 91.561 93.504 88.440 90.398 91.361 102.332 0.000 0.000 0.000 0.000 0.000 0.000 0.000 0.000
39.489 41.482 47.460 48.460 48.478 45.520 46.541 45.557 44.571 44.586 46.604 29.627 33.658 32.682 29.697 32.706 32.712 31.718 36.726 38.736 32.747 26.758 28.771 30.784 44.796 49.810 38.824 32.841 41.863 64.893 47.927 38.959 30.990 29.020 31.050 30.082 44.118 53.158 17.191 0.000 0.000 0.000 2.973 1.116 3.586 9.791 11.909 4.956 0.000 0.000 26.471 68.528 98.660 98.596 98.531 90.413 91.200 92.077 91.774 91.757 92.701 92.642 65.584 43.506 78.493 92.479 97.482 37.538 0.000 0.000 0.000 0.000 0.000 0.000 0.000
32.537 26.536 0.000 0.000 0.000 37.585 34.595 34.605 34.617 38.631 47.647 28.666 29.688 28.708 31.723 35.735 36.743 34.752 33.760 36.770 37.780 34.790 28.801 45.812 51.821 42.830 48.839 65.850 62.869 44.902 32.946 28.980 31.008 31.034 30.059 35.085 51.116 53.163 45.216 48.248 19.255 0.000 0.000 0.000 8.789 15.877 5.963 3.021 0.000 21.524 69.655 98.785 98.724 90.589 91.379 92.243 92.045 91.919 91.891 92.831 90.776 84.720 9.687 0.000 60.589 95.580 92.580 91.594 0.000 0.000 0.000 0.000 0.000 0.000 0.000
30.588 22.590 0.000 0.000 0.000 33.643 29.647 29.654 29.663 33.674 47.688 25.704 29.723 33.740 35.755 36.767 33.777 30.786 28.795 30.804 40.813 53.823 48.833 49.841 26.849 20.853 72.853 58.854 25.861 0.000 5.976 34.008 31.030 31.050 33.068 26.083 10.099 0.164 12.264 52.274 28.264 0.000 0.000 0.000 4.905 9.966 4.046 9.140 9.419 47.666 98.880 89.811 93.530 92.412 92.215 92.094 92.057 92.009 92.956 92.906 57.853 33.776 19.756 22.750 73.695 94.672 90.664 81.664 0.000 0.000 0.000 0.000 0.000 0.000 0.000
30.639 30.648 13.673 0.000 0.000 34.697 30.699 30.702 29.708 30.716 45.727 32.742 35.759 37.775 36.790 31.802 28.812 29.822 29.831 28.839 38.848 61.857 57.866 44.874 37.880 28.881 4.866 0.000 0.000 0.000 0.000 36.045 31.056 33.069 16.080 0.000 0.000 0.000 14.307 31.319 0.278 0.000 0.000 4.960 11.960 8.036 2.117 0.000 1.282 47.101 98.996 92.701 92.439 92.251 92.223 92.175 92.122 92.072 90.026 80.985 13.955 0.000 30.811 89.798 94.770 92.750 86.739 76.735 0.000 0.000 0.000 0.000 0.000 0.000 0.000
27.682 29.689 26.700 0.000 0.000 34.750 29.749 27.750 29.752 33.756 37.765 36.779 36.797 34.814 28.828 29.840 29.850 30.859 30.868 35.876 53.884 52.893 45.902 54.910 52.919 23.925 0.000 0.000 0.000 0.000 0.000 36.073 31.081 34.093 5.104 0.000 1.272 27.306 47.340 16.379 0.000 0.000 0.000 0.000 3.940 4.114 4.336 1.291 1.657 99.322 99.161 91.625 92.442 92.330 92.283 92.232 92.182 94.134 79.090 62.053 22.027 0.000 45.880 75.861 84.837 93.818 82.806 71.803 0.000 0.000 0.000 0.000 0.000 0.000 0.000
34.719 32.728 21.739 0.000 20.827 28.806 30.799 34.797 35.794 36.793 34.797 35.813 33.837 29.856 29.871 30.882 30.891 29.899 31.906 54.913 53.921 35.929 48.938 46.948 50.960 48.977 12.008 0.000 0.000 7.098 12.099 32.095 31.103 31.117 26.142 18.189 35.240 34.293 28.370 50.479 0.000 0.000 0.000 0.000 2.722 1.208 2.601 26.993 51.411 99.445 94.004 93.698 93.424 92.395 92.341 92.290 93.240 91.193 46.149 23.108 35.073 36.040 89.969 91.929 71.900 81.879 76.867 49.867 14.889 0.000 0.000 0.000 0.000 0.000 0.000
35.750 36.764 33.792 21.836 35.850 35.849 35.847 36.844 36.837 37.826 49.820 31.839 29.884 29.905 30.917 30.926 30.934 31.940 45.946 56.952 31.959 35.966 62.975 54.986 42.999 46.016 49.039 33.070 38.088 53.099 46.104 34.108 27.118 27.134 38.157 54.188 41.221 13.256 0.000 40.688 29.899 0.778 4.898 10.051 6.219 0.000 0.787 42.108 94.382 99.537 90.977 93.594 94.506 92.451 92.398 92.347 85.297 75.249 32.203 3.160 12.119 13.077 74.027 115.987 96.955 72.931 64.915 43.909 52.912 5.912 0.000 0.000 0.000 16.812 58.812
40.767 40.787 36.830 36.868 36.887 37.895 37.897 33.896 30.886 29.856 0.000 0.000 33.957 30.963 30.969 30.974 29.978 32.982 56.986 42.991 27.997 34.003 51.012 68.022 63.034 60.049 58.066 54.084 50.098 49.106 57.111 54.117 48.129 44.145 47.164 51.185 13.201 0.000 0.000 0.000 0.000 0.000 5.957 16.036 12.127 3.127 0.000 41.278 99.716 99.627 93.882 95.688 92.559 92.509 93.455 89.402 73.351 66.302 72.255 78.209 62.165 84.121 99.077 116.036 125.002 108.975 70.955 75.943 50.938 0.000 0.000 0.000 0.000 0.000 7.813
0.000 0.000 40.874 35.919 35.938 30.947 27.953 29.957 24.957 0.000 0.000 0.000 35.024 31.023 31.023 31.024 31.025 49.026 56.028 29.030 31.034 31.040 34.048 40.058 42.069 42.080 38.092 41.104 57.113 50.118 41.117 44.123 51.135 55.156 58.171 55.187 30.200 0.000 0.000 0.000 0.000 0.000 0.863 10.009 0.000 0.000 11.221 71.447 99.806 91.271 94.939 94.660 92.624 92.565 93.510 88.456 75.404 41.354 48.305 91.258 102.212 134.166 125.122 97.080 85.043 102.011 80.986 74.969 49.960 0.000 0.000 0.000 0.000 0.000 12.813
0.000 0.000 0.000 44.998 30.001 28.002 30.013 30.022 31.030 0.000 0.000 24.127 32.094 31.082 31.077 31.074 33.073 57.071 42.070 28.069 31.071 31.076 31.085 30.094 30.103 30.112 29.120 36.128 65.134 44.137 0.000 0.000 0.000 46.172 56.180 40.193 45.213 32.257 0.339 0.550 0.000 0.000 7.129 0.000 0.000 0.000 29.400 99.989 99.896 94.144 95.846 91.735 92.677 92.619 92.563 92.509 79.456 42.405 57.355 94.306 90.258 124.211 119.164 88.120 93.079 79.041 60.010 77.987 55.973 0.000 0.000 0.000 0.000 0.000 11.814
29.236 25.233 0.000 37.076 47.068 48.048 29.075 41.091 48.112 24.157 22.172 32.160 31.145 31.136 31.130 31.125 50.122 54.117 29.112 31.108 30.105 29.109 31.122 31.132 31.139 31.145 30.151 38.155 67.159 48.161 0.000 0.000 18.187 43.183 56.185 35.193 25.202 0.000 0.000 0.741 0.645 9.037 13.083 0.000 0.000 8.390 70.597 100.082 91.449 95.109 94.835 92.793 92.730 92.672 92.615 93.560 84.506 73.454 96.403 121.353 109.303 126.254 123.206 117.157 124.110 90.066 67.026 76.995 84.972 13.957 0.000 0.000 0.000 0.000 12.815
31.240 30.232 25.208 31.162 30.148 0.000 52.148 44.156 31.170 32.190 32.200 31.198 31.193 31.187 31.182 34.177 57.172 40.165 30.156 31.145 37.135 45.135 31.162 29.173 31.178 30.181 33.183 57.185 65.186 40.189 28.198 16.197 38.192 37.189 0.000 0.000 0.000 0.000 0.000 0.000 0.000 0.000 0.000 0.000 11.612 68.660 90.772 100.176 92.398 93.003 92.905 92.843 92.782 92.723 92.665 93.610 84.556 67.503 63.451 96.399 86.348 100.297 103.246 91.194 93.140 65.085 42.035 55.995 122.965 75.941 10.917 0.874 22.835 43.824 80.818
31.254 31.246 31.233 31.218 31.216 25.233 41.216 57.216 33.223 30.233 31.240 31.242 31.241 31.238 30.235 53.231 55.226 29.217 31.203 32.181 29.157 0.000 50.220 45.221 32.220 30.219 48.217 67.215 51.213 31.212 31.210 32.203 35.196 39.193 0.000 0.000 0.000 0.000 0.000 0.000 0.000 0.000 0.000 0.000 34.825 91.886 100.365 100.270 92.296 93.086 92.950 92.893 92.831 92.772 92.715 91.659 76.604 78.551 98.498 117.446 116.394 121.341 126.288 113.232 111.171 98.099 47.034 44.986 120.952 84.927 22.904 15.870 80.835 113.821 132.815
31.276 31.267 31.261 31.261 31.264 31.270 31.268 42.269 57.275 33.281 30.287 31.290 31.292 29.291 37.290 58.288 38.283 30.275 32.259 30.219 0.000 0.000 38.277 39.272 45.265 44.259 52.252 51.247 32.241 30.236 32.228 35.209 40.198 40.194 0.000 0.000 0.000 0.000 0.000 0.000 0.000 0.000 0.000 0.000 43.284 97.186 100.462 91.690 93.332 93.048 93.006 92.940 92.879 92.820 92.762 92.706 78.652 74.598 95.545 96.492 96.439 99.387 99.333 98.277 103.212 76.108 52.014 66.963 81.930 20.910 0.000 0.000 24.814 50.810 72.809
31.310 33.286 33.283 31.303 31.311 31.316 31.318 31.321 42.326 57.332 33.338 28.342 28.345 45.347 57.348 51.347 28.346 31.343 27.339 0.000 0.000 24.375 31.342 31.324 37.311 54.299 54.288 47.279 40.271 32.264 19.259 0.000 54.194 34.193 0.000 0.000 0.000 0.000 0.000 0.000 0.000 0.000 0.000 0.000 17.171 100.663 100.561 92.546 93.230 93.114 93.049 92.986 92.925 92.866 92.809 93.753 88.699 78.645 73.591 72.538 72.485 72.433 72.381 76.331 50.292 0.000 19.952 75.923 71.894 32.874 0.000 0.000 23.796 69.797 47.799
32.367 0.000 0.000 31.360 30.362 29.365 29.368 28.371 28.377 41.383 56.390 49.396 56.401 58.405 45.407 29.409 36.411 36.414 24.417 0.000 0.000 35.410 31.393 33.374 57.356 64.340 42.324 33.311 40.300 47.291 35.287 0.000 14.193 32.192 0.000 0.000 0.000 0.000 0.000 0.000 0.000 0.000 0.000 0.000 4.881 100.763 97.858 93.488 93.209 93.160 93.092 93.030 92.969 92.911 92.854 92.799 93.745 92.691 90.638 89.584 89.531 90.478 92.428 66.373 8.332 0.000 4.918 60.884 91.851 82.817 55.775 31.763 48.777 51.785 9.792
31.427 30.446 0.000 30.415 41.414 45.416 49.418 54.422 57.427 58.436 58.446 58.453 44.460 31.464 47.468 64.472 65.477 65.485 58.500 36.537 0.000 32.462 30.446 39.424 67.402 54.380 31.360 30.342 32.327 35.316 26.311 0.000 0.000 0.000 0.000 0.000 0.000 0.000 0.000 0.000 0.000 0.000 4.576 5.914 2.411 100.849 101.785 97.370 93.266 93.198 93.133 93.071 93.011 92.954 92.898 92.844 92.791 92.738 92.685 92.631 93.576 96.522 68.479 1.429 0.000 0.000 0.000 5.845 61.807 92.771 83.744 59.738 36.763 5.774 0.000
31.468 33.466 29.486 31.471 46.467 45.466 41.468 37.471 36.475 32.491 53.503 43.513 54.521 45.526 61.531 57.536 50.542 51.550 62.561 68.575 57.575 58.533 50.504 58.477 66.449 39.421 30.394 31.370 31.351 30.338 30.330 32.332 27.331 0.000 36.312 27.310 0.000 0.000 0.000 0.000 0.000 0.000 73.356 70.587 100.948 100.906 95.667 96.438 93.297 93.235 93.171 93.110 93.052 92.996 92.941 92.889 92.837 92.786 92.733 94.678 99.620 68.556 8.517 0.000 0.000 0.000 0.000 0.000 2.761 53.715 88.692 38.683 0.000 0.000 0.000
33.512 0.000 28.522 31.517 31.516 31.517 30.519 31.519 33.514 31.549 43.565 38.577 47.585 58.591 46.595 31.599 32.605 33.613 34.622 39.627 52.619 62.593 68.562 66.530 55.497 31.462 31.427 31.396 31.371 31.354 32.342 55.336 28.331 0.000 32.314 0.000 0.000 0.000 0.000 0.000 0.000 5.017 93.277 95.518 100.977 94.051 93.669 93.383 93.337 93.268 93.206 93.146 93.090 93.035 92.983 92.933 92.883 92.834 94.784 79.729 33.670 0.619 0.000 0.000 0.000 0.000 0.000 0.000 0.000 24.637 86.627 38.620 0.000 0.000 0.000
34.558 0.000 28.564 31.562 31.564 31.567 31.572 32.575 0.000 30.626 34.634 45.644 45.652 53.658 58.661 44.662 29.666 29.677 29.690 31.693 33.682 34.657 35.624 35.587 34.548 33.505 29.456 29.416 30.385 31.365 42.351 56.338 27.328 21.322 23.318 0.000 0.000 0.000 0.000 0.000 0.000 9.040 92.183 101.016 100.995 92.872 93.549 93.429 93.363 93.298 93.238 93.180 93.126 93.074 93.024 92.975 92.929 92.884 97.839 53.784 0.000 0.000 0.000 0.000 0.000 0.000 0.000 0.000 0.000 27.569 87.559 46.549 0.000 0.000 0.000
