results4_8e4_rain/res_4e8f-0203.wd
ncols         241
nrows         181
xllcorner     12693529.787448
yllcorner     3542525.717860
cellsize      155.156523
NODATA_value  -9999.000000
[rows 33 to 65 of 181, columns 146 to 218 of 241]
64.928 64.144 63.869 64.506 31.165 42.835 64.521 58.207 36.784 0.000 0.000 36.665 12.665 17.666 33.667 58.671 45.670 11.668 0.000 0.594 50.579 58.566 16.543 43.517 35.496 36.472 40.435 49.398 67.358 58.328 53.300 48.277 49.257 49.240 48.224 47.208 46.190 54.171 64.152 56.135 56.120 54.105 33.091 47.078 55.070 0.000 25.645 30.618 54.547 52.489 57.434 67.382 60.339 55.318 10.307 0.000 38.259 38.251 45.247 23.251 0.000 0.000 0.000 0.000 0.000 0.000 0.000 0.000 0.000 0.000 0.000 0.000 0.000
64.880 64.626 64.279 64.950 42.627 60.324 63.057 56.865 0.000 0.000 14.665 38.665 0.000 0.000 0.000 42.681 42.677 50.666 13.647 63.621 51.593 38.571 47.546 38.520 36.495 36.467 35.435 37.402 65.368 63.338 63.310 65.286 58.265 60.245 59.227 59.210 59.192 60.175 64.158 62.142 63.128 58.114 35.103 34.093 7.088 0.000 22.589 36.572 44.536 39.485 45.430 58.373 58.338 56.318 14.308 0.000 0.000 43.236 15.234 0.000 0.000 0.000 0.000 0.000 2.125 45.120 44.113 46.107 36.103 39.099 6.097 0.000 0.000
65.360 65.023 64.701 64.381 64.071 64.778 56.516 43.332 0.000 0.000 0.000 6.665 0.000 0.000 0.000 39.696 36.688 49.673 54.653 46.629 55.602 53.577 34.550 35.523 36.496 36.467 48.437 52.405 56.374 49.344 46.317 56.292 30.270 37.250 32.231 32.212 32.195 35.178 61.162 50.147 48.134 50.122 35.112 37.105 17.101 0.000 32.550 89.544 14.540 0.000 0.000 7.340 59.324 58.309 17.299 0.000 0.000 40.225 37.217 39.200 37.185 45.172 51.160 43.147 65.131 72.120 70.112 55.106 35.101 34.098 38.095 8.093 0.000
65.757 65.436 65.116 64.802 65.498 60.200 41.898 32.615 41.615 0.000 0.000 0.000 0.000 0.000 0.000 36.720 35.706 38.686 34.663 45.638 48.611 51.583 40.555 35.527 35.498 35.469 60.439 66.409 48.379 42.349 42.322 43.296 40.273 40.252 40.233 41.214 44.197 41.180 62.165 54.151 52.138 52.128 34.119 48.113 74.110 0.000 24.518 77.515 0.000 0.000 0.000 9.325 59.309 57.295 35.279 40.254 38.236 36.222 36.210 36.196 35.184 42.172 49.161 36.149 54.133 72.118 68.110 48.104 33.099 33.095 38.093 6.091 0.000
66.172 65.844 65.524 65.215 61.919 47.626 36.262 0.000 0.000 0.000 0.000 40.877 3.863 9.840 1.808 35.757 36.729 36.703 35.676 35.648 41.620 34.590 34.561 36.531 35.501 34.472 58.442 55.412 63.383 67.352 66.323 61.298 57.275 59.254 55.234 59.215 59.198 60.182 64.166 62.153 63.141 59.131 34.123 46.118 68.115 0.000 19.489 80.482 0.000 0.000 0.000 0.000 56.291 59.282 38.268 36.248 36.231 36.217 36.204 36.192 35.181 42.171 51.162 7.156 0.000 30.109 73.105 49.100 33.096 33.092 37.089 4.088 0.000
66.584 66.245 65.920 65.615 55.336 37.122 0.000 0.000 0.000 0.000 38.907 41.891 54.873 54.848 42.818 35.781 35.750 36.720 36.690 35.660 34.629 35.598 35.567 35.535 34.505 43.474 62.444 41.416 55.387 32.354 65.322 55.297 54.275 54.254 51.234 56.215 57.198 57.181 64.167 62.154 59.142 59.133 34.126 48.121 67.118 0.000 5.466 73.443 0.000 0.000 0.000 0.000 60.283 59.276 35.261 37.240 36.224 37.210 37.199 37.187 38.177 46.168 26.162 0.000 0.000 31.104 73.101 54.096 41.091 35.087 38.084 5.083 0.000
66.992 66.631 67.297 59.988 47.687 37.405 0.000 0.000 0.000 0.000 35.923 52.909 46.888 35.863 37.833 37.801 35.769 34.737 36.705 35.672 36.639 36.606 36.572 35.539 35.507 55.476 55.446 55.419 55.398 0.000 37.312 35.295 36.274 36.253 37.233 41.214 44.196 42.180 62.165 56.152 50.141 52.132 35.125 47.121 66.119 0.000 0.000 46.381 37.356 0.000 0.000 0.000 54.280 37.278 0.000 32.227 38.213 42.202 49.192 49.182 49.172 51.163 23.156 0.000 15.107 79.103 72.098 74.092 62.087 37.082 38.078 6.076 0.000
67.388 66.992 66.650 52.354 4.021 0.005 0.000 0.000 0.000 13.979 51.954 46.931 36.908 37.881 37.852 37.820 37.788 35.754 34.720 34.685 36.649 35.613 35.578 34.543 36.509 51.476 42.445 51.416 52.387 11.352 11.320 51.296 50.273 50.251 50.231 52.211 52.193 53.177 65.162 61.149 56.138 58.129 34.123 43.119 71.117 0.000 0.000 105.344 74.331 41.312 28.303 0.000 0.000 0.000 0.000 0.000 35.201 44.194 48.185 47.176 50.166 52.155 38.144 43.126 59.112 74.103 72.095 72.088 60.082 37.076 37.070 13.066 0.000
67.756 68.297 59.956 42.758 0.000 0.000 0.000 2.048 2.034 59.005 52.980 36.956 37.931 37.903 37.873 37.841 37.807 37.772 34.735 35.698 35.659 35.620 36.582 35.545 35.509 38.475 43.443 55.412 42.381 54.350 59.321 52.294 61.270 51.248 52.227 55.207 54.189 53.172 63.157 59.144 47.133 46.124 35.118 42.114 71.114 0.000 0.000 96.319 86.312 63.302 32.294 0.000 0.000 8.224 3.220 0.000 6.194 55.188 47.180 41.170 38.160 53.149 40.137 42.123 50.111 71.101 73.092 71.084 57.076 37.069 34.061 38.053 32.042
76.043 73.486 46.118 35.964 0.000 0.000 4.074 37.063 51.048 52.028 46.006 40.982 37.956 37.927 37.896 37.863 36.828 39.791 44.752 40.712 35.670 36.627 35.586 35.545 35.508 35.472 42.439 43.407 41.376 48.346 47.318 42.291 54.267 34.244 42.222 49.202 48.183 42.166 61.151 54.137 34.125 33.116 36.109 38.107 42.110 0.000 0.000 74.302 54.297 91.289 77.277 13.258 14.242 65.227 39.217 37.205 37.194 39.185 50.175 44.165 12.154 65.143 53.131 49.119 47.108 58.097 74.088 66.079 49.070 38.062 34.053 41.043 65.031
0.000 0.000 25.067 43.015 0.000 0.000 39.086 49.080 63.069 47.053 46.033 46.009 38.983 37.954 37.922 37.887 44.851 52.812 53.771 45.728 40.681 35.634 34.588 35.544 39.504 36.468 35.434 34.402 40.371 41.341 40.313 41.286 43.261 36.238 42.216 47.195 49.176 45.158 61.142 55.128 37.115 36.105 36.098 32.093 0.000 0.000 0.000 30.290 49.286 49.279 83.268 98.254 91.240 59.227 45.215 46.203 46.192 49.181 71.171 89.160 98.149 97.138 99.127 98.115 92.104 86.093 78.083 61.073 44.064 35.055 36.046 49.036 68.025
19.177 0.000 0.000 0.000 0.000 10.106 42.104 62.102 54.094 57.081 54.063 44.040 37.013 37.983 37.949 48.913 53.875 49.835 44.793 41.746 44.692 39.639 39.587 35.538 40.497 34.460 35.427 36.395 35.364 35.335 35.306 35.280 34.255 35.231 35.208 39.187 45.167 44.149 62.132 56.117 35.103 36.092 36.083 35.075 10.064 0.000 0.000 34.282 60.278 49.272 51.263 66.251 77.238 87.225 89.213 95.201 98.190 98.178 97.167 93.156 84.145 82.133 84.122 87.110 89.099 90.088 88.078 92.068 84.058 51.049 38.039 57.029 74.019
58.613 17.449 0.000 0.000 7.082 43.107 59.123 52.128 44.125 52.115 56.098 57.075 47.048 36.016 45.980 54.941 44.901 36.861 36.819 38.773 6.702 7.642 6.585 32.525 36.485 38.451 38.418 35.386 35.356 36.327 35.299 35.272 35.246 36.222 35.199 35.177 35.157 38.138 55.120 54.104 36.090 36.077 36.067 37.059 38.053 0.000 0.000 33.276 51.274 52.268 64.260 51.249 31.236 35.223 71.211 95.199 79.187 74.175 77.163 70.152 56.140 45.129 36.117 34.105 35.094 45.083 43.072 38.062 77.052 92.042 70.033 68.023 72.013
0.000 33.285 11.690 5.917 42.056 52.120 59.151 43.164 46.164 44.155 42.139 50.115 55.086 50.052 54.013 42.971 36.928 37.887 37.851 45.824 0.000 0.000 0.000 29.491 38.468 49.439 50.408 45.377 41.347 43.318 39.290 38.263 36.237 35.212 35.189 36.166 35.145 35.125 38.106 47.089 35.074 35.060 36.049 35.041 4.036 0.000 0.000 14.274 12.272 66.267 50.259 35.248 49.235 51.221 97.208 78.196 61.184 43.172 34.160 35.148 36.136 37.124 37.112 37.100 36.089 34.077 33.066 34.056 42.046 79.036 87.026 72.016 71.007
0.000 20.716 43.867 46.005 45.105 60.165 45.197 39.211 41.212 40.203 37.186 36.161 51.130 58.092 61.049 49.002 38.954 35.909 43.872 9.848 0.000 0.000 0.000 32.480 42.458 49.429 50.398 50.367 52.337 60.307 58.279 54.252 52.226 48.201 42.177 37.154 35.132 36.111 35.091 40.073 33.056 34.041 35.028 37.019 58.014 0.000 0.000 0.000 28.273 70.268 30.261 39.250 30.234 69.217 87.205 47.193 35.181 37.168 37.156 37.144 37.132 37.119 34.107 34.095 33.083 34.071 34.060 34.049 50.039 65.030 38.020 98.009 69.999
0.000 20.995 44.058 37.132 56.195 56.237 51.262 42.272 36.271 37.260 38.241 49.214 52.180 44.138 47.089 56.034 56.977 46.922 3.881 0.000 5.624 4.586 37.539 43.491 47.455 46.421 47.388 47.356 45.325 52.296 53.268 53.241 54.215 51.190 50.165 51.141 42.118 37.096 38.075 35.055 36.036 35.019 34.005 35.994 50.987 0.000 0.000 0.000 28.279 72.273 34.266 10.258 0.000 15.209 54.201 36.190 37.178 35.165 35.153 35.140 34.127 33.114 34.102 34.089 33.077 34.065 33.053 32.043 35.032 31.023 27.014 90.999 99.988
0.000 18.213 38.237 48.271 58.304 49.328 49.341 51.344 49.338 40.325 46.303 55.274 44.237 37.191 36.135 42.069 51.996 58.922 22.850 14.756 40.662 40.596 35.540 44.490 49.449 50.412 46.378 46.344 38.313 35.284 35.256 35.229 34.202 32.177 39.152 53.128 52.104 51.080 46.057 37.035 35.014 35.995 34.977 34.963 35.954 0.000 0.000 0.000 43.290 10.279 14.272 0.000 0.000 0.000 33.199 13.188 16.176 33.161 32.149 32.136 33.123 35.110 35.096 35.083 34.070 34.058 32.046 32.035 33.025 21.017 0.000 10.986 93.974
0.000 17.406 41.405 60.412 51.422 48.429 48.430 49.425 48.414 50.397 55.373 44.342 38.303 38.254 38.191 37.111 38.015 43.922 60.839 58.755 37.671 36.597 35.533 36.481 48.438 46.401 57.366 45.330 38.299 36.270 37.242 36.215 41.189 49.164 45.138 39.113 45.088 55.064 52.039 51.015 41.991 34.968 34.947 35.927 33.913 0.000 0.000 43.320 31.314 0.000 0.000 45.225 40.223 39.218 31.209 0.000 0.000 38.156 35.146 35.133 35.119 35.105 35.091 35.077 35.064 35.051 35.038 34.026 35.015 37.003 26.990 0.000 35.957
5.687 30.599 55.565 51.551 40.542 45.535 50.526 45.513 51.497 57.476 49.451 37.419 36.380 38.330 38.263 42.168 43.031 36.912 47.830 43.756 40.671 37.586 34.516 41.463 45.422 47.388 38.355 65.312 53.282 43.254 35.228 41.202 60.176 70.150 63.125 40.099 42.073 45.047 49.021 53.994 51.967 47.941 36.914 33.887 40.856 46.813 0.000 18.326 39.331 0.000 0.000 15.226 35.227 35.221 35.210 40.195 39.178 35.160 34.146 35.131 35.115 35.100 35.085 35.070 35.056 35.043 35.030 35.017 34.004 33.991 34.977 37.959 33.949
17.776 51.739 57.707 42.682 37.662 39.644 41.624 52.604 56.583 67.560 66.534 59.503 48.467 37.424 40.365 7.266 0.000 35.863 41.814 38.766 1.672 35.560 39.481 56.433 55.398 58.374 0.000 30.281 70.261 64.238 50.213 56.188 74.163 74.137 72.111 41.085 47.058 47.030 49.002 36.973 45.944 51.913 50.882 49.849 62.812 71.771 4.726 0.000 29.355 54.378 0.000 0.000 58.240 39.229 39.214 39.197 39.179 40.162 34.145 33.129 37.112 34.094 34.078 34.063 34.049 35.035 34.021 33.008 32.994 32.981 32.966 32.952 31.940
16.900 62.874 48.841 37.810 37.781 37.753 50.724 48.696 65.671 80.647 77.621 74.593 69.563 60.532 51.506 0.000 0.000 0.000 29.796 40.783 0.000 0.000 32.413 50.391 49.364 64.335 36.294 37.269 70.246 75.223 71.199 70.174 73.150 73.124 74.098 53.071 45.043 47.014 46.984 36.953 45.921 39.887 58.852 29.814 68.774 90.730 61.682 31.632 0.000 32.402 0.000 34.291 94.263 47.241 49.220 49.200 45.181 46.162 38.145 33.128 15.109 34.087 34.071 37.056 40.041 50.026 40.012 34.998 35.984 35.970 35.957 35.943 35.930
49.051 53.015 46.974 44.935 39.898 51.862 45.824 58.783 36.759 6.736 57.711 76.685 75.659 76.636 59.621 0.000 0.000 0.000 23.792 46.788 0.000 0.000 29.368 44.354 39.333 66.307 77.279 77.254 73.231 73.208 73.185 74.161 73.137 73.112 73.086 67.058 42.030 44.000 41.968 36.934 47.899 48.862 51.824 8.783 53.740 89.693 59.641 77.581 38.498 24.426 36.373 92.318 80.280 52.251 46.226 48.203 42.181 36.161 34.143 32.130 0.000 40.074 48.062 56.048 63.033 72.018 61.003 40.989 34.974 35.960 35.946 35.933 35.920
60.234 49.162 49.105 45.057 52.015 48.974 51.928 75.853 62.847 45.827 66.802 75.776 74.751 73.732 53.721 0.000 0.000 0.000 0.000 1.788 0.000 0.000 35.337 44.324 55.305 71.283 73.260 73.237 73.215 73.194 73.172 73.149 73.125 73.101 73.075 73.047 59.018 48.987 41.953 34.917 38.879 38.839 43.797 62.754 48.709 83.661 69.609 76.552 83.489 69.428 74.376 83.329 59.290 60.257 46.229 45.203 37.180 34.158 35.138 37.118 51.093 57.073 75.056 74.040 73.025 72.009 71.994 61.979 39.964 34.950 35.936 35.922 35.909
51.370 39.291 41.228 53.175 50.129 50.090 20.061 0.000 54.948 80.924 75.895 74.866 76.839 58.818 44.811 28.836 0.000 0.000 0.000 0.000 0.000 0.000 41.318 58.300 70.280 73.260 73.240 73.220 73.200 73.180 73.159 73.137 73.115 73.091 73.065 73.038 74.008 67.976 59.940 51.902 49.861 52.818 43.773 60.727 39.680 81.632 14.582 35.530 70.476 42.423 33.375 89.331 53.293 57.259 55.229 36.202 34.177 35.154 35.132 43.111 64.088 75.068 72.050 72.033 72.016 69.000 67.984 65.969 64.954 38.939 34.925 34.911 34.898
41.482 38.406 51.341 51.285 46.237 66.197 20.166 29.152 69.073 76.026 74.988 74.953 74.921 50.892 50.867 61.862 0.000 0.000 0.000 0.000 0.000 0.000 0.000 8.278 67.256 79.238 74.220 73.203 73.185 73.166 73.147 73.127 73.105 73.082 73.058 73.031 73.001 73.968 74.931 71.890 71.845 74.798 54.749 60.701 34.654 75.606 11.558 13.509 66.461 36.413 46.369 80.328 61.291 53.257 57.227 34.199 35.173 34.149 36.126 46.104 67.082 68.062 73.043 72.025 67.007 63.990 67.974 72.958 71.943 60.928 41.914 40.900 39.886
37.583 51.510 52.445 40.388 51.337 72.293 65.254 71.217 77.165 75.119 75.078 75.038 72.000 55.960 5.903 1.883 0.000 0.000 0.000 0.000 0.000 0.000 0.000 0.000 12.227 24.215 65.200 74.186 73.170 73.154 73.136 73.118 73.098 73.076 73.052 75.026 73.997 73.963 72.925 74.882 73.832 73.780 63.726 61.675 38.627 50.580 80.535 59.489 67.444 36.401 64.360 58.321 61.285 49.252 43.222 35.193 35.167 35.142 43.119 48.096 49.075 54.054 62.034 60.016 60.998 71.980 71.964 71.948 71.932 72.917 66.902 62.888 60.874
52.676 52.605 41.541 37.483 52.431 71.384 77.340 76.298 75.252 75.208 75.165 76.122 67.080 60.047 0.000 0.000 0.000 0.000 0.000 0.000 0.000 0.000 0.000 0.000 21.210 41.194 68.182 74.169 73.156 73.142 73.126 73.110 73.091 73.072 75.050 75.025 74.997 66.964 71.925 74.879 77.823 75.762 69.699 65.645 53.598 37.554 85.511 68.468 70.427 35.387 81.348 45.311 26.277 43.244 34.214 35.186 34.160 43.135 49.111 48.088 48.066 47.045 40.025 36.006 65.987 71.970 71.953 71.936 71.920 71.905 72.890 72.876 72.862
49.764 40.694 38.631 36.573 53.520 73.471 75.425 75.382 75.338 75.295 75.252 77.206 56.152 54.100 0.000 0.000 0.000 0.000 0.000 0.000 0.000 0.000 0.000 0.000 0.000 55.169 74.163 73.154 73.143 73.131 73.118 73.103 75.087 74.069 74.050 74.028 68.002 45.971 61.932 71.886 22.819 13.748 47.662 54.609 63.566 50.526 71.486 89.447 74.408 41.370 83.334 7.299 19.266 32.235 35.205 35.177 37.151 47.126 45.102 46.079 48.056 51.035 45.015 45.995 61.977 71.959 71.941 71.924 71.908 71.892 71.877 71.863 71.849
40.845 38.778 43.715 48.658 63.604 75.555 75.509 75.465 75.423 75.382 75.342 76.296 63.224 0.000 0.000 0.000 0.000 0.000 3.113 40.113 1.113 19.113 0.000 0.000 0.000 30.149 65.146 72.140 73.132 73.122 73.111 73.098 75.084 73.069 73.052 73.034 57.012 52.986 14.944 16.915 0.000 0.000 32.591 39.565 61.532 47.497 52.461 95.425 78.389 57.353 67.318 17.285 62.253 39.223 35.194 35.167 37.141 46.116 57.092 57.068 59.046 65.025 60.004 70.984 71.965 71.947 71.929 71.912 71.895 71.879 71.864 71.849 71.835
41.922 38.857 45.795 64.738 75.685 75.636 75.590 75.547 75.507 75.470 75.437 81.412 0.000 0.000 0.000 0.000 0.000 0.000 40.113 52.113 39.113 54.113 50.113 0.000 20.127 52.133 59.133 70.129 73.123 73.115 73.105 74.094 73.083 73.070 73.056 69.042 58.028 63.017 0.000 0.000 0.000 16.539 49.545 41.527 59.500 35.469 37.436 85.403 84.368 76.335 62.302 62.270 51.239 46.210 35.182 35.155 35.130 45.105 67.081 74.057 73.035 73.013 64.992 71.972 71.953 71.934 71.916 71.899 71.882 71.866 71.850 71.835 71.821
39.996 37.931 52.871 72.814 76.762 75.713 75.668 75.626 75.587 75.553 75.523 82.504 0.000 0.000 0.000 0.000 0.000 0.000 29.112 49.113 49.113 48.113 51.114 35.116 43.121 51.123 51.123 68.120 74.115 73.109 73.101 73.092 73.082 73.072 74.061 66.051 62.042 56.036 0.000 0.000 0.000 9.532 13.525 41.499 60.471 37.443 33.413 72.381 89.348 86.315 67.284 46.253 45.224 46.196 37.169 34.143 35.117 38.093 49.069 69.045 72.023 72.001 63.980 71.960 71.940 71.921 71.903 71.885 71.868 71.852 71.836 71.821 71.806
39.065 41.002 60.943 76.887 75.835 75.787 75.742 75.701 75.664 75.630 77.600 75.576 0.000 0.000 0.000 0.000 0.000 0.000 15.112 54.112 60.112 65.112 56.113 55.114 49.116 45.117 56.116 70.114 73.109 73.104 76.097 74.090 73.082 73.074 73.065 68.058 60.052 55.049 30.053 0.000 0.000 0.000 0.000 3.471 52.443 38.419 34.392 67.360 98.327 79.295 58.265 49.236 51.208 49.181 44.155 33.129 35.105 34.080 38.056 57.033 72.010 71.988 63.967 71.946 71.926 71.907 71.889 71.871 71.854 71.837 71.821 71.806 71.791
39.132 49.069 69.010 76.955 75.904 75.857 75.814 75.774 75.737 76.704 74.672 62.624 46.624 0.000 0.000 0.000 0.000 0.000 17.112 55.112 64.112 64.112 68.111 70.112 53.112 52.112 67.111 73.108 73.105 73.100 74.095 73.089 73.082 73.076 73.069 71.063 59.059 60.056 54.056 0.050 0.000 0.000 0.000 0.000 38.412 38.398 32.374 77.342 65.305 71.273 41.244 61.217 55.191 48.166 48.140 39.116 34.091 35.067 34.043 46.020 68.997 70.975 64.953 71.932 72.912 71.893 71.874 71.856 71.839 71.822 71.806 71.791 71.776
