results4_8e4_rain/res_4e8f-0188.wd
ncols         241
nrows         181
xllcorner     12693529.787448
yllcorner     3542525.717860
cellsize      155.156523
NODATA_value  -9999.000000
[rows 66 to 98 of 181, columns 146 to 218 of 241]
37.840 52.778 74.720 75.665 75.615 75.569 75.526 75.485 75.448 78.418 14.399 0.000 2.268 0.000 0.000 0.000 0.000 0.742 47.742 22.742 0.000 29.741 59.739 59.739 59.739 66.738 72.737 72.735 72.732 72.729 72.724 72.719 72.714 72.708 72.703 74.699 59.695 60.692 52.692 0.000 0.000 0.000 0.000 0.000 29.034 36.025 45.006 38.969 16.919 14.888 29.863 50.839 58.815 52.792 47.768 47.745 37.721 34.698 34.674 37.651 58.629 70.607 65.585 54.565 61.545 68.525 72.507 72.489 71.472 71.456 71.440 71.425 71.411
40.900 59.838 77.779 75.725 75.676 75.632 75.590 75.550 80.510 69.478 39.463 36.479 0.000 0.000 0.000 0.000 0.000 18.742 20.742 0.000 0.000 0.000 29.736 60.736 69.736 72.735 72.734 72.732 72.729 76.726 74.723 72.719 72.714 72.710 71.705 63.701 57.698 63.695 53.694 0.000 0.000 0.000 0.000 21.026 35.027 40.022 36.016 0.000 1.871 11.857 31.839 34.819 48.798 57.776 46.754 45.731 43.708 34.684 34.661 33.638 39.615 63.592 70.571 55.550 57.529 59.510 61.491 65.473 69.456 71.440 72.424 71.409 71.395
45.959 66.894 76.833 75.779 75.733 75.692 73.653 72.613 27.563 12.520 43.498 49.494 14.497 0.000 0.000 0.000 0.000 0.000 0.000 0.000 0.000 13.732 42.733 62.733 72.733 72.732 72.731 72.729 72.727 74.724 73.721 72.718 72.715 73.711 63.707 61.704 64.700 59.697 51.696 0.000 0.000 0.000 0.000 39.025 42.025 4.022 3.019 0.000 6.839 39.831 41.817 51.800 54.782 65.761 63.740 51.718 40.695 32.671 34.647 34.624 29.600 43.578 60.555 64.534 69.514 66.494 59.475 64.457 67.440 67.423 65.408 67.393 70.378
51.016 73.948 77.880 78.825 75.785 76.750 71.718 17.687 1.644 42.542 43.514 48.503 56.500 0.000 0.000 0.000 0.000 0.000 0.000 0.000 0.000 25.731 48.731 61.731 73.730 72.730 72.729 72.727 72.725 73.723 72.721 72.718 72.715 69.713 63.710 28.705 1.703 0.000 0.000 0.000 0.000 0.000 0.000 35.025 42.025 0.000 0.000 0.000 56.816 42.809 37.798 65.783 70.767 71.748 75.727 69.705 57.682 37.658 34.633 34.609 32.585 33.562 39.539 40.518 47.497 55.477 62.458 66.440 67.422 68.406 64.390 67.375 68.361
33.075 38.002 47.913 23.856 80.831 77.805 62.782 39.765 9.762 0.000 0.000 0.000 0.000 0.000 0.000 0.000 0.000 0.000 0.000 0.000 0.000 26.730 51.729 54.729 70.728 72.728 72.727 72.725 76.724 75.722 72.720 72.718 73.716 64.714 67.713 0.000 0.000 0.000 0.000 0.000 0.000 0.000 0.000 0.000 29.025 38.025 0.000 0.000 87.799 50.793 32.782 63.769 71.754 71.736 71.716 74.694 73.670 53.645 36.620 34.594 32.570 35.546 36.523 44.500 49.479 38.459 38.440 43.422 48.404 54.388 59.372 63.357 67.343
79.142 58.072 0.000 0.000 84.879 76.857 63.841 45.827 12.820 0.000 0.000 0.000 0.000 0.000 0.000 0.000 0.000 0.000 0.000 0.000 0.000 0.000 12.727 56.727 72.727 72.726 72.725 72.724 74.723 73.721 72.720 72.718 73.717 61.715 71.715 0.000 0.000 0.000 0.000 0.000 0.000 0.000 0.000 0.000 0.000 5.024 13.024 0.000 24.790 40.780 33.769 63.757 71.743 71.727 72.707 72.684 72.659 65.632 41.605 37.579 35.554 32.529 53.505 65.482 71.461 55.440 48.421 44.403 42.385 39.369 39.353 39.339 67.325
55.220 0.000 0.000 82.063 81.949 79.904 70.896 55.885 11.871 0.000 0.000 0.000 0.000 0.000 0.000 0.000 0.000 0.000 0.000 0.000 0.000 0.000 38.725 61.725 73.725 72.724 72.724 73.723 72.722 72.721 72.719 72.718 73.717 66.716 31.716 0.000 0.000 0.000 0.000 0.000 0.000 0.000 0.000 0.000 0.000 0.000 0.000 0.000 0.000 37.768 36.757 54.747 69.735 72.720 66.702 62.677 68.649 59.619 42.591 41.564 50.537 45.511 68.486 72.463 71.441 69.420 69.401 66.383 64.365 61.349 57.334 49.319 69.306
82.266 72.266 78.236 34.178 0.000 0.930 76.955 50.944 11.907 0.000 14.149 0.000 0.000 0.000 0.000 0.000 0.000 0.000 0.000 0.000 0.000 1.723 54.724 66.724 73.723 72.723 72.722 74.722 74.721 72.720 72.719 72.718 71.717 67.717 16.716 0.000 0.000 0.000 0.000 0.000 0.000 0.000 0.000 0.000 0.000 0.000 0.000 0.000 0.000 0.000 25.744 51.738 69.730 70.718 51.702 54.674 56.643 53.604 38.575 35.548 58.520 67.493 71.466 73.442 73.420 74.399 72.380 72.362 73.345 72.329 73.314 73.299 72.286
84.313 76.295 81.265 32.234 0.000 0.000 68.035 16.029 0.000 0.000 46.149 9.149 0.000 0.000 0.000 0.000 0.000 0.000 0.000 0.000 0.000 0.722 57.722 69.722 73.722 72.722 72.721 73.721 73.720 72.719 72.719 73.718 69.717 64.717 14.716 0.000 0.000 0.000 0.000 0.000 0.000 0.000 0.000 0.000 0.000 0.000 0.000 0.000 17.733 19.734 30.736 46.733 68.728 70.721 16.714 0.000 0.000 43.580 37.556 32.532 46.504 65.472 71.444 73.419 73.397 73.376 71.357 71.339 72.323 71.307 71.292 72.278 72.265
76.379 76.335 76.295 74.259 61.227 47.182 40.122 39.107 35.133 38.144 41.149 41.149 13.149 0.000 0.000 0.000 0.000 0.000 18.719 20.719 0.000 10.721 56.721 70.721 72.721 72.721 72.721 72.720 72.720 72.719 72.718 72.718 54.717 49.717 47.716 42.716 6.716 0.000 0.000 0.000 0.000 0.000 0.000 0.000 0.000 0.000 0.000 0.000 21.732 47.732 38.732 42.730 62.727 63.723 36.720 0.000 0.000 0.000 34.538 39.520 38.491 57.448 70.419 71.395 71.372 71.352 71.333 71.316 71.300 71.285 71.271 71.257 71.244
76.419 76.370 76.323 75.279 72.239 74.199 48.162 27.146 65.147 38.151 42.152 18.151 0.000 0.000 0.000 0.000 0.000 0.000 18.719 64.719 13.720 1.720 55.720 69.720 73.720 72.720 74.720 75.719 73.719 72.718 72.718 70.717 63.717 54.717 55.716 54.716 7.716 0.000 0.000 0.000 0.000 0.000 0.000 0.000 0.000 0.000 0.000 0.000 15.732 50.731 42.731 49.729 64.727 59.724 65.723 0.000 0.000 0.000 0.000 0.000 0.000 47.410 70.389 71.367 71.346 71.326 71.308 71.292 71.276 71.262 71.248 71.235 71.222
76.455 76.405 77.348 79.296 76.251 76.212 75.183 76.166 67.160 45.159 17.158 0.000 0.000 0.000 0.000 0.000 0.000 0.000 5.719 57.719 44.719 34.719 50.720 72.720 72.720 72.719 72.719 72.719 72.718 72.718 72.718 72.717 70.717 49.716 53.716 60.716 3.716 0.000 0.000 0.000 0.000 0.000 0.000 0.000 0.000 0.000 0.000 0.000 11.731 62.731 6.730 29.728 52.726 59.725 20.724 0.000 0.000 0.000 0.000 0.000 0.000 1.386 59.361 72.340 71.318 71.299 71.282 71.266 71.252 71.238 71.225 71.212 71.200
79.494 75.445 72.367 74.307 77.257 77.214 79.190 76.176 74.169 61.166 10.164 0.000 0.000 0.000 0.000 0.000 0.000 0.000 0.000 13.719 48.719 40.719 56.719 74.719 72.719 72.719 72.719 72.718 72.718 72.718 72.717 72.717 73.717 62.716 49.716 53.716 59.715 1.715 0.000 0.000 0.000 0.000 0.000 0.000 0.000 0.000 0.000 0.000 0.000 7.731 0.000 0.000 37.726 56.725 0.000 0.000 0.000 0.000 0.000 0.000 0.000 0.000 47.336 68.312 71.289 71.270 71.254 71.239 71.226 71.214 71.201 71.189 71.177
72.540 33.517 0.000 0.000 0.000 69.197 74.188 80.180 76.174 65.171 15.169 0.000 49.174 19.174 0.000 0.000 0.000 0.000 0.000 0.000 40.719 44.719 65.719 73.719 74.719 75.718 72.718 72.718 72.718 72.717 72.717 72.717 72.716 73.716 52.716 34.715 43.715 4.715 0.000 0.000 0.000 0.000 0.000 0.000 0.000 0.000 0.000 0.000 0.000 0.000 0.000 0.000 26.726 59.726 0.000 0.000 0.000 0.000 0.000 0.000 0.000 0.000 0.000 48.283 68.255 71.237 71.224 71.212 71.200 71.189 71.177 71.166 71.154
67.579 24.566 0.000 0.000 44.189 42.189 59.185 78.180 75.176 60.174 41.173 45.173 49.174 15.174 0.000 0.000 0.000 0.000 11.717 0.000 41.718 52.718 72.718 72.718 75.718 75.718 72.718 72.718 72.717 72.717 72.717 72.716 72.716 73.716 69.715 64.715 53.715 33.715 27.714 0.000 0.000 0.000 0.000 0.000 0.000 0.000 0.000 0.000 0.000 0.000 0.000 0.000 28.726 20.726 0.000 0.000 0.000 0.000 0.000 0.000 0.000 0.000 0.000 0.000 53.209 69.202 71.193 71.184 71.174 71.164 71.154 71.143 71.131
73.609 54.602 26.609 0.000 0.000 44.186 44.183 66.180 78.177 56.175 43.174 48.174 26.174 0.000 0.000 0.000 0.000 0.000 40.717 33.717 38.718 55.718 74.718 74.718 75.718 72.718 72.718 72.717 72.717 72.717 72.717 72.716 72.716 72.716 72.715 74.715 63.715 51.714 40.714 41.714 34.713 25.713 30.713 0.000 0.000 0.000 0.000 0.000 0.000 0.000 0.000 0.000 31.726 6.726 0.000 0.000 0.000 0.000 0.000 0.000 0.000 0.000 0.000 0.000 38.170 66.167 70.162 71.156 71.149 71.140 71.131 71.120 71.108
76.632 67.624 20.617 0.000 0.000 0.000 43.181 48.179 75.177 63.176 44.175 47.175 22.174 0.000 0.000 0.000 0.000 0.000 43.717 36.717 39.717 57.717 76.718 75.718 73.718 73.717 72.717 72.717 72.717 72.717 72.716 73.716 73.716 73.715 67.715 58.715 62.714 69.714 62.714 60.714 48.713 35.713 42.713 0.713 0.000 0.000 0.000 0.000 0.000 0.000 0.000 0.000 0.000 0.000 0.000 0.000 0.000 0.000 0.000 0.000 0.000 0.000 0.000 0.000 30.135 61.135 71.133 73.129 73.124 73.117 72.109 71.098 71.086
76.651 51.645 0.000 0.000 0.000 0.000 0.000 50.177 63.177 57.176 56.175 53.175 43.175 21.175 0.000 0.000 0.000 0.000 42.717 35.717 40.717 55.717 67.717 64.717 59.717 61.717 66.717 71.717 73.717 73.716 71.716 61.716 59.716 64.715 53.715 50.714 50.714 61.714 65.714 60.713 46.713 35.713 7.713 0.000 0.000 0.000 0.000 0.000 0.000 0.000 0.000 0.000 0.000 0.000 0.000 0.000 0.000 0.000 0.000 0.000 1.007 0.000 0.000 0.000 18.101 43.104 49.105 51.104 51.101 52.096 61.089 70.078 71.064
75.665 41.661 0.000 0.000 0.000 0.000 0.000 45.177 39.176 38.176 46.175 46.175 46.175 42.175 15.175 0.000 0.000 0.000 47.717 42.717 47.717 57.717 60.717 63.717 21.717 0.000 0.000 12.717 73.717 70.716 59.716 14.716 0.000 0.000 52.714 84.714 77.714 56.714 62.713 56.713 45.713 30.713 33.713 0.000 0.000 0.000 0.000 0.000 0.000 0.000 0.000 0.000 0.000 0.000 0.000 0.000 0.000 0.000 14.007 4.007 22.007 43.012 54.021 53.037 71.063 79.074 80.079 78.081 80.080 67.077 50.072 68.061 71.044
73.676 38.673 0.000 0.000 0.000 0.000 0.000 45.177 41.176 20.176 0.000 0.000 0.174 0.000 0.000 0.000 0.000 0.000 53.717 47.717 42.717 38.717 24.717 0.000 0.000 0.000 0.000 0.000 0.000 0.000 46.716 8.716 0.000 0.000 0.000 47.714 80.714 40.713 41.713 40.713 36.713 39.713 86.713 45.713 0.000 0.000 0.000 0.000 0.000 0.000 0.000 0.000 0.000 0.000 0.000 0.000 12.980 3.980 0.000 0.000 8.002 90.007 86.015 68.027 69.041 66.051 67.057 89.060 82.062 68.062 48.059 57.050 56.029
59.684 40.682 34.685 0.000 0.000 0.000 0.000 0.000 43.176 27.176 0.000 0.000 0.000 0.000 0.000 0.000 0.000 0.000 53.717 53.717 54.717 37.717 12.717 0.000 0.000 0.000 0.000 0.000 0.000 0.000 42.716 19.716 0.000 0.000 0.000 46.713 95.713 59.713 62.713 57.713 42.713 60.713 114.713 111.713 42.713 0.000 0.000 0.000 0.000 0.000 0.000 0.000 0.000 0.000 0.000 0.000 2.980 20.980 10.982 8.986 17.993 92.999 60.006 68.014 59.023 40.031 51.037 94.042 60.045 47.049 54.053 8.052 0.000
43.689 43.687 29.688 0.000 0.000 0.000 0.000 0.000 0.000 0.000 0.000 0.000 0.000 0.000 0.000 0.000 0.000 0.000 56.717 47.717 41.717 39.717 13.717 0.000 0.000 0.000 0.000 0.000 0.000 39.715 32.715 57.715 53.715 0.000 5.713 52.713 58.713 50.713 93.713 82.713 53.713 6.713 70.713 125.713 9.713 0.000 0.000 0.000 0.000 0.000 0.000 0.000 21.979 18.979 13.979 2.979 71.979 109.980 100.980 96.982 43.986 87.990 55.994 45.000 92.007 73.013 93.019 74.024 44.029 52.034 0.000 0.000 0.000
46.693 47.691 39.690 0.000 0.000 0.000 0.000 0.000 0.000 0.000 0.000 0.000 0.000 0.000 0.000 0.000 0.000 0.000 10.716 51.716 41.716 19.716 0.000 0.000 0.000 0.000 0.000 0.000 0.000 41.715 38.715 14.715 0.000 0.000 0.000 26.713 5.713 0.000 6.713 48.712 4.712 0.000 26.713 92.713 47.713 0.000 0.000 0.000 0.000 0.000 0.000 0.000 0.000 3.979 0.000 0.000 27.979 7.978 71.977 75.977 26.978 87.979 64.982 37.986 55.990 105.996 120.001 54.007 42.014 9.024 0.000 0.000 17.844
45.695 46.693 46.692 50.692 42.692 0.000 0.000 0.000 0.000 0.000 0.000 0.000 0.000 0.000 0.000 0.000 0.000 0.000 0.000 41.716 37.716 21.716 0.000 0.000 0.000 0.000 0.000 0.000 42.715 39.715 16.715 0.000 0.000 0.000 0.000 0.713 0.000 0.000 0.000 52.712 1.712 0.000 26.713 0.000 0.000 0.000 0.000 0.000 0.000 0.000 0.000 0.000 0.000 12.979 6.979 8.979 1.979 0.000 47.971 66.971 25.969 89.968 69.969 39.970 88.974 91.978 86.983 94.989 58.995 0.000 0.000 0.811 31.826
47.697 25.695 36.693 45.693 45.693 45.692 44.692 0.000 0.000 0.000 0.000 0.000 0.000 0.000 0.000 0.000 0.000 0.000 0.000 43.716 39.716 23.716 0.000 0.000 0.000 0.000 0.000 0.000 0.000 45.715 17.715 0.000 0.000 0.000 0.000 0.000 0.000 4.712 16.712 39.712 43.712 20.712 0.000 0.000 0.000 0.000 0.000 0.000 0.000 0.000 0.000 0.000 0.000 1.979 0.000 5.979 0.000 0.000 50.967 70.965 30.961 90.956 75.954 89.954 89.956 48.959 41.964 86.971 35.983 0.000 0.000 32.795 40.805
52.700 0.000 0.000 42.693 31.693 0.000 44.692 34.692 0.000 0.000 0.000 0.000 0.000 0.000 0.000 0.000 0.000 0.000 0.000 42.716 39.716 27.716 0.000 0.000 0.000 0.000 0.000 0.000 0.000 0.000 0.000 0.000 0.000 0.000 0.000 0.000 0.000 0.000 55.712 72.712 33.712 0.000 0.000 0.000 0.000 0.000 0.000 0.000 0.000 0.000 0.000 0.000 0.000 0.000 0.000 10.979 0.000 0.000 85.964 71.961 32.954 90.941 87.936 79.935 71.937 57.939 58.943 27.947 0.000 0.000 16.775 35.782 42.787
49.701 0.000 0.000 29.693 21.693 0.000 0.000 0.000 0.000 53.696 49.696 40.696 0.000 0.000 0.000 0.000 0.000 0.000 0.000 46.716 42.716 24.716 0.000 0.000 0.000 0.000 0.000 0.000 0.000 0.000 0.000 0.000 0.000 0.000 0.000 0.000 0.000 0.000 18.711 102.711 68.711 0.000 0.000 0.000 0.000 0.000 0.000 0.000 0.000 0.000 0.000 0.000 0.000 0.000 0.000 0.000 0.000 0.000 17.964 0.000 0.000 64.917 105.915 84.915 83.916 81.918 84.922 32.927 0.000 0.000 20.768 34.770 35.772
65.701 0.000 0.000 0.000 0.000 51.698 38.697 0.000 49.696 43.696 43.696 35.696 0.000 0.000 0.000 0.000 0.000 0.000 0.000 46.716 41.716 29.716 0.000 0.000 0.000 0.000 0.000 0.000 0.000 0.000 0.000 0.000 0.000 0.000 0.000 0.000 0.000 0.000 0.000 46.711 38.711 9.711 0.000 0.000 0.000 0.000 0.000 0.000 0.000 0.000 0.000 0.000 0.000 0.000 0.000 0.000 0.000 0.000 0.000 0.000 0.000 11.894 47.894 48.893 46.894 46.895 43.899 39.913 0.000 0.000 13.759 34.759 32.758
76.701 65.700 47.699 48.699 47.698 41.698 42.697 43.697 41.696 46.696 45.696 36.696 33.696 0.000 0.000 0.000 0.000 0.000 0.000 33.716 0.000 0.000 0.000 0.000 0.000 0.000 0.000 0.000 0.000 0.000 0.000 0.000 0.000 0.000 0.000 0.000 0.000 0.000 0.000 0.000 45.711 8.711 0.000 0.000 0.000 0.000 0.000 0.000 0.000 0.000 0.000 0.000 0.000 0.000 0.000 0.000 0.000 0.000 0.000 0.000 0.000 2.871 35.872 34.872 34.870 50.869 45.867 0.000 0.000 0.000 6.750 47.749 59.745
76.700 70.700 40.699 40.699 40.698 23.698 24.697 28.697 38.696 47.696 44.696 36.696 39.695 28.695 0.000 0.000 0.000 0.000 0.000 0.000 0.000 0.000 0.000 0.000 0.000 0.000 0.000 0.000 0.000 0.000 0.000 0.000 0.000 0.000 0.000 0.000 0.000 0.000 0.000 0.000 2.711 48.711 7.711 0.000 0.000 0.000 0.000 0.000 0.000 0.000 0.000 0.000 0.000 0.000 0.000 0.000 0.000 0.000 0.000 0.000 27.839 30.848 34.851 34.851 36.848 55.842 45.833 28.813 0.000 0.000 42.744 63.740 70.734
76.700 74.700 44.699 41.699 21.699 0.000 0.000 0.000 0.000 38.696 41.696 39.695 32.695 0.000 0.000 0.000 0.000 0.000 0.000 0.000 0.000 0.000 0.000 0.000 0.000 0.000 0.000 0.000 0.000 0.000 0.000 0.000 0.000 0.000 0.000 0.000 0.000 0.000 0.000 0.000 0.711 51.711 13.711 0.000 0.000 0.000 0.000 0.000 0.000 0.000 0.000 0.000 0.000 0.000 0.000 0.000 0.000 0.000 0.000 0.000 38.829 35.832 34.833 30.832 43.828 60.821 44.809 33.792 28.769 28.753 52.741 69.732 70.724
76.700 74.700 27.699 31.699 0.000 0.000 0.000 0.000 0.000 0.000 29.695 42.695 34.695 0.000 0.000 0.000 0.000 0.000 0.000 0.000 0.000 0.000 0.000 0.000 0.000 0.000 0.000 0.000 0.000 0.000 0.000 0.000 0.000 0.000 0.000 0.000 0.000 0.000 0.000 0.000 0.000 0.711 19.711 0.000 0.000 0.000 0.000 0.000 0.000 0.000 0.000 0.000 7.799 15.799 0.000 0.000 0.000 0.000 0.000 32.811 30.817 29.819 34.818 48.816 61.810 51.803 35.792 33.778 35.762 32.748 53.736 71.725 70.715
76.699 50.699 0.000 0.000 0.000 0.000 0.000 0.000 0.000 0.000 0.000 32.695 39.695 37.695 0.000 0.000 0.000 0.000 0.000 0.000 0.000 0.000 0.000 0.000 0.000 0.000 0.000 0.000 0.000 0.000 0.000 0.000 0.000 0.000 0.000 0.000 0.000 0.000 0.000 0.000 0.000 0.000 0.000 0.000 0.000 0.000 0.000 0.000 0.000 0.000 0.000 0.000 0.000 8.799 10.799 0.000 37.800 29.801 27.802 39.805 53.808 58.808 60.806 60.802 46.796 34.788 33.778 33.766 32.753 34.740 57.729 72.717 70.706
