results4_8e4_rain/res_4e8f-0207.wd
ncols         241
nrows         181
xllcorner     12693529.787448
yllcorner     3542525.717860
cellsize      155.156523
NODATA_value  -9999.000000
[rows 99 to 131 of 181, columns 0 to 72 of 241]
0.000 0.000 0.000 0.000 0.000 61.292 101.292 103.292 94.292 89.292 0.000 0.000 0.000 0.000 0.000 3.289 2.289 69.289 66.289 0.000 0.000 2.289 5.289 64.289 63.289 4.288 0.000 0.000 0.000 11.278 0.000 0.000 0.000 0.000 17.135 63.131 59.122 58.104 59.081 60.054 73.025 61.994 65.959 57.921 59.880 57.835 58.788 63.738 64.685 62.631 66.575 59.518 59.460 61.400 64.337 78.267 79.208 64.161 50.117 0.000 0.000 0.000 0.000 0.000 28.177 83.172 80.161 67.143 42.120 37.096 81.072 58.049 60.026
0.000 0.000 0.000 0.000 0.000 62.292 102.292 102.292 0.000 0.000 0.000 0.000 0.000 0.000 0.000 2.289 14.289 80.289 69.289 7.289 4.289 4.289 67.289 66.289 70.289 1.289 0.000 0.000 0.000 69.278 61.278 0.000 0.000 0.222 76.178 86.172 72.163 65.149 59.131 61.108 80.082 65.052 71.018 70.981 61.940 76.895 68.847 69.796 59.742 67.687 67.630 65.572 59.513 60.455 64.391 61.298 23.235 13.198 0.000 0.000 0.000 0.000 0.000 31.195 68.189 80.184 87.175 77.163 53.148 54.131 68.113 59.094 60.074
7.294 0.294 0.000 0.000 0.000 49.292 98.292 107.292 17.292 0.000 0.000 0.000 0.000 0.000 0.000 1.289 3.289 87.289 68.289 69.289 71.289 68.289 65.289 66.289 64.289 2.289 0.000 0.000 0.000 62.278 62.278 63.276 62.268 62.253 61.226 71.217 80.209 27.199 91.184 81.165 86.142 71.114 16.081 87.044 85.003 83.958 87.909 76.857 59.802 62.744 67.685 67.626 64.568 60.516 49.476 0.000 0.000 0.000 0.000 0.000 0.000 0.000 0.000 41.201 68.200 68.198 79.194 78.187 61.178 61.167 60.154 60.140 60.123
75.294 78.294 10.294 0.000 0.000 59.293 98.292 103.292 113.292 18.292 0.000 0.000 0.000 0.000 9.289 9.289 7.289 24.289 72.289 69.289 87.289 101.289 76.289 61.289 0.289 0.000 0.000 0.000 0.000 0.000 61.280 62.282 62.275 62.265 62.257 61.259 61.258 60.253 61.243 66.227 78.207 72.180 15.148 87.111 88.070 66.024 72.975 89.921 83.864 70.803 60.741 66.678 67.616 70.565 55.521 0.000 0.000 0.000 0.000 0.000 0.000 0.000 0.000 3.207 19.213 65.215 62.214 62.212 60.209 60.204 60.197 60.187 60.175
89.294 72.294 72.293 74.293 76.293 95.293 103.293 103.292 103.292 105.292 79.292 18.291 1.291 67.290 74.290 75.289 37.289 32.289 95.289 103.289 98.289 94.289 77.289 1.289 0.000 0.000 0.000 0.000 0.000 0.000 0.000 62.299 61.283 60.276 61.279 62.304 62.311 62.312 62.306 63.295 82.277 77.252 60.220 62.183 73.141 84.095 61.045 72.990 73.929 66.863 86.798 69.730 61.651 2.608 0.000 0.000 0.000 0.000 0.000 0.000 0.000 0.000 0.000 0.000 11.231 65.233 60.236 60.239 60.243 60.244 60.242 58.238 56.230
104.294 94.294 75.294 79.293 97.293 103.293 103.293 103.292 103.292 98.292 70.292 76.291 4.291 58.290 93.290 101.289 101.289 85.289 100.289 107.289 17.289 0.000 0.000 0.000 0.000 0.000 0.000 0.000 0.000 0.000 0.000 62.331 0.000 0.000 0.000 63.366 62.371 62.376 62.376 63.370 79.354 84.330 61.298 62.260 62.217 80.170 81.119 59.063 66.999 85.923 77.858 55.794 0.000 0.000 0.000 0.000 0.000 0.000 0.000 0.000 0.000 0.000 0.000 0.000 8.247 65.251 60.257 60.267 60.278 59.286 58.291 63.292 64.289
104.294 104.294 99.294 102.293 103.293 103.293 103.293 103.293 103.292 99.292 74.292 91.291 0.000 0.000 71.290 95.289 103.289 104.289 103.289 108.289 11.289 0.000 0.000 0.000 0.000 0.000 0.000 0.000 0.000 0.000 0.000 62.363 1.388 1.408 64.423 62.422 62.432 62.445 62.454 62.453 79.440 84.415 61.382 62.341 62.296 63.249 84.199 78.145 85.080 74.973 55.915 0.000 0.000 0.000 0.000 0.000 0.000 0.000 0.000 0.000 0.000 0.000 0.000 0.000 63.260 60.265 60.275 60.293 60.316 59.332 61.343 65.349 66.352
102.294 103.294 103.294 103.294 103.293 103.293 103.293 103.293 103.292 104.292 99.292 106.291 30.291 9.290 59.290 78.289 101.289 103.289 104.289 92.289 6.289 0.000 0.000 0.000 0.000 0.000 0.000 0.000 0.000 0.000 0.000 56.378 61.394 61.412 60.434 62.467 62.491 62.516 62.541 62.549 79.538 84.510 61.472 62.427 62.379 62.330 67.283 90.239 70.203 0.000 0.000 0.000 0.000 0.000 0.000 0.000 0.000 0.000 0.000 0.000 0.000 0.000 0.000 0.000 16.267 67.274 63.286 64.314 62.362 58.384 65.399 66.411 64.421
99.294 104.294 103.294 103.294 103.294 103.293 103.293 103.293 103.292 103.292 104.292 97.291 81.291 72.290 66.290 93.289 103.289 103.289 108.288 11.288 0.000 0.000 0.000 0.000 0.000 0.000 0.000 0.000 0.000 0.000 0.000 0.000 0.000 0.000 0.000 62.522 62.547 62.590 62.644 62.664 78.652 85.617 62.569 62.515 62.461 62.411 62.365 68.323 21.290 0.000 0.000 0.000 0.000 0.000 0.000 0.000 0.000 0.000 0.000 0.000 0.000 0.000 0.000 0.000 0.000 4.278 2.282 0.000 8.433 67.443 65.457 66.475 63.494
99.294 104.294 103.294 103.294 103.294 103.294 103.293 103.293 103.293 103.292 104.292 89.291 68.291 67.290 76.290 100.289 103.289 103.288 109.288 14.288 5.288 0.000 0.000 0.000 0.000 0.000 0.000 0.000 0.000 0.000 0.000 0.000 0.000 0.000 0.000 58.553 62.584 59.652 62.783 62.810 81.788 85.737 62.671 62.603 62.541 62.487 62.441 59.399 9.345 0.000 0.000 0.000 0.000 0.000 0.000 0.000 0.000 0.000 0.000 0.000 0.000 59.577 0.000 0.000 0.000 0.000 0.000 1.519 63.495 64.498 66.512 66.536 63.568
102.295 103.295 103.295 103.294 103.294 103.294 103.294 103.293 103.293 103.292 103.292 100.291 77.291 78.290 95.289 102.289 103.288 103.288 110.288 27.288 0.000 0.000 0.000 0.000 0.000 0.000 0.000 0.000 0.000 0.000 0.000 0.000 0.000 0.000 0.000 0.000 58.584 0.000 62.024 63.005 90.953 77.872 62.776 62.686 62.611 75.554 65.513 60.489 0.000 0.000 0.000 0.000 0.000 0.000 0.000 0.000 0.000 0.000 0.000 0.000 11.577 70.577 55.577 0.000 0.000 0.000 1.554 64.543 67.535 66.540 63.558 59.589 59.636
103.295 103.295 103.295 103.295 103.295 103.294 103.294 103.294 103.293 103.293 103.292 103.291 105.291 105.290 104.289 103.289 103.288 105.288 94.287 37.287 0.000 0.000 0.000 0.000 0.000 0.000 0.000 0.000 0.000 0.000 0.000 0.000 0.000 0.000 0.000 0.000 0.000 0.000 62.284 63.235 97.147 66.022 62.875 62.752 74.665 83.606 62.569 62.553 61.569 0.000 0.000 0.000 0.000 0.000 0.000 0.000 0.000 0.000 0.000 0.000 0.000 66.577 67.577 54.576 1.574 60.571 62.565 66.561 65.561 63.571 62.592 58.627 66.684
102.296 101.296 103.295 103.295 103.295 103.295 103.294 103.294 103.293 103.293 103.292 103.291 103.291 103.290 103.289 103.288 104.288 87.287 15.287 6.286 64.286 78.286 24.285 0.000 0.000 5.285 0.000 0.000 0.000 0.000 0.000 0.000 0.000 0.000 0.000 4.300 4.270 1.116 58.594 69.502 92.377 63.195 59.950 62.781 62.691 62.636 62.603 62.587 62.585 59.585 0.000 0.000 0.000 0.000 0.000 0.000 0.000 0.000 0.000 0.000 0.577 61.577 57.577 63.577 58.576 66.575 66.573 65.574 61.578 64.590 59.610 58.643 58.700
92.296 92.296 101.296 103.296 103.296 103.295 103.295 103.294 103.294 103.293 103.292 104.292 105.291 103.290 103.289 103.288 103.287 25.286 9.286 64.286 74.285 84.285 83.285 76.285 68.285 9.285 0.000 0.000 0.000 0.000 0.000 0.000 0.000 0.000 4.349 63.329 66.281 66.163 62.937 61.802 70.665 58.430 0.000 58.732 62.682 62.645 62.619 62.605 61.600 0.000 0.000 0.000 0.000 0.000 0.000 0.000 63.578 74.578 0.000 0.000 62.578 60.578 60.578 57.578 65.578 66.578 66.579 63.583 66.589 66.600 64.616 59.636 48.658
74.297 79.297 98.297 104.297 103.296 103.296 103.296 103.295 103.294 103.294 105.293 91.292 87.291 102.290 107.288 104.287 99.286 81.285 84.285 90.285 84.285 85.285 64.285 57.285 3.285 0.285 0.000 0.000 0.000 0.000 0.000 0.316 1.316 0.000 54.368 60.387 63.361 63.292 63.187 63.106 65.049 0.000 0.000 0.000 57.662 62.641 62.625 62.615 62.610 0.609 0.000 0.000 0.000 0.000 0.000 23.578 80.578 62.578 60.578 60.578 60.578 60.578 58.578 63.578 66.579 66.581 62.583 66.588 66.595 65.605 59.616 60.628 50.638
58.297 73.297 92.297 105.297 106.297 106.297 104.296 103.296 104.295 103.294 104.293 42.292 13.291 61.290 79.288 100.287 107.285 105.284 105.284 91.284 14.284 0.000 0.000 0.000 0.000 0.000 0.000 0.000 0.000 9.316 11.316 1.316 1.316 1.316 0.000 59.492 63.484 61.455 62.415 64.385 65.377 0.000 0.000 0.000 0.000 55.633 62.625 62.618 59.614 0.000 0.000 0.000 0.000 0.000 0.000 0.000 22.578 76.578 59.578 59.578 60.578 59.578 59.578 65.579 66.580 64.582 52.586 5.591 70.600 64.608 64.616 64.623 50.628
22.297 44.298 77.298 83.298 77.298 79.298 96.297 104.296 100.296 93.295 92.294 27.293 0.000 0.000 0.000 37.286 72.285 98.283 105.282 2.283 0.000 0.000 0.000 0.000 0.000 0.000 0.000 0.000 0.000 51.316 72.316 17.316 2.316 1.316 0.000 59.604 65.626 64.632 73.630 74.643 64.697 9.854 0.000 0.000 0.000 0.000 59.623 60.621 0.000 0.000 0.000 0.000 0.000 0.000 0.000 0.000 0.000 81.578 84.578 64.578 58.578 56.578 66.579 66.579 61.579 0.000 0.000 0.000 11.605 69.611 66.615 66.620 56.623
0.000 0.000 58.300 67.300 19.299 5.299 68.298 97.297 88.296 84.295 98.294 65.293 25.292 0.000 0.000 0.000 0.000 43.280 74.277 0.000 0.000 0.000 0.000 0.000 0.000 0.000 0.000 0.000 0.000 0.000 56.316 74.316 5.316 0.000 0.000 50.695 64.786 62.815 92.832 85.860 63.915 66.010 12.113 0.000 0.000 0.000 54.623 0.000 0.000 0.000 0.000 0.000 0.000 0.000 0.000 0.000 0.000 0.000 69.578 86.578 71.578 65.578 66.579 61.579 0.000 0.000 0.000 0.000 0.000 61.614 66.616 66.618 61.621
0.000 0.000 54.302 99.301 56.301 5.300 57.299 89.298 91.297 102.296 104.295 107.293 113.291 52.289 21.288 0.000 0.000 0.000 14.270 9.265 0.254 2.243 0.000 0.000 0.000 0.000 0.000 0.000 0.000 0.000 57.316 72.316 2.316 9.316 13.316 0.000 58.007 66.010 96.022 78.048 66.094 65.157 70.217 0.000 0.000 0.000 0.000 0.000 0.000 0.000 0.000 0.000 0.000 0.000 0.000 0.000 0.000 0.000 0.000 7.578 74.578 64.578 62.578 0.000 0.000 0.000 0.000 0.615 60.615 59.615 61.616 55.617 0.000
27.306 42.305 76.304 94.303 102.302 71.301 84.300 107.299 104.298 103.297 103.295 103.293 103.291 109.289 112.286 68.281 27.277 9.272 72.268 86.261 79.252 81.243 37.233 13.224 10.218 0.000 0.000 0.000 0.000 0.000 36.316 58.316 64.316 64.316 67.316 26.316 59.224 88.197 90.198 67.218 65.255 65.309 68.380 13.497 8.548 0.000 0.000 0.000 0.000 0.000 0.000 0.000 0.000 0.000 0.000 0.000 0.000 0.000 0.000 0.000 0.578 0.578 8.578 0.000 0.000 0.000 0.000 62.615 57.615 55.615 0.000 0.000 0.000
100.307 103.306 103.305 101.305 99.304 100.303 102.302 102.300 103.299 104.297 104.296 103.294 96.291 100.289 103.285 107.282 111.277 112.272 104.267 100.260 97.252 92.242 94.232 87.222 43.212 21.201 0.000 0.000 0.000 0.000 0.000 0.000 0.000 0.000 0.000 83.408 72.376 101.357 92.355 79.369 66.399 65.443 65.498 69.562 65.599 0.000 0.000 0.000 0.000 0.000 0.000 0.000 0.000 0.000 0.000 0.000 0.000 0.000 0.000 0.000 0.000 0.000 0.000 0.000 0.000 0.000 0.000 0.000 0.000 0.000 0.000 0.000 0.000
103.308 98.308 96.307 95.306 89.305 86.304 87.303 87.302 93.300 98.299 98.297 91.295 75.292 90.289 103.286 103.282 103.278 103.273 103.268 103.261 104.253 104.243 107.231 108.219 108.206 108.190 47.172 0.000 0.000 0.000 0.000 0.000 0.000 0.000 0.000 55.533 81.515 86.499 70.496 87.506 75.530 65.565 65.608 68.654 11.688 0.000 0.962 0.970 0.000 0.000 0.000 0.000 0.000 0.000 0.000 0.000 0.000 0.000 0.000 0.000 0.000 0.000 0.000 0.000 0.000 0.000 0.000 0.000 0.000 0.000 0.000 0.000 0.000
73.309 46.309 68.309 82.308 80.307 60.306 45.305 41.303 61.302 78.300 77.298 70.296 65.293 75.290 96.287 104.283 103.279 103.274 103.269 103.263 103.255 107.246 82.232 70.217 69.202 73.182 76.154 15.109 4.063 0.707 0.536 0.000 0.000 0.000 0.000 53.675 89.651 72.629 64.622 74.630 85.649 69.678 65.715 65.758 71.811 15.903 9.954 1.977 0.993 6.993 4.993 0.000 0.000 0.000 0.000 0.000 0.000 0.000 0.000 0.000 0.000 0.000 0.000 0.000 0.000 0.000 0.000 0.000 0.000 0.000 0.000 0.000 0.000
63.311 34.311 56.311 71.310 67.309 44.308 30.307 34.305 54.303 68.302 66.299 66.297 67.294 65.291 84.288 101.285 103.281 103.276 103.272 103.266 102.260 65.253 0.000 0.000 0.000 0.000 0.000 0.000 0.000 60.121 80.104 32.078 18.051 14.018 60.957 77.843 94.784 71.743 65.735 63.742 80.759 82.784 68.815 65.852 65.894 68.944 77.979 15.998 11.009 0.000 19.993 0.000 0.000 0.000 0.000 0.000 0.000 0.000 0.000 0.000 0.000 0.000 0.000 0.000 0.000 0.000 0.000 0.000 0.000 0.000 0.000 0.000 0.000
76.313 72.313 67.313 66.312 67.311 69.310 70.309 73.307 72.305 68.303 67.301 67.299 67.296 66.293 73.290 95.286 104.283 103.279 105.275 77.271 43.265 0.000 0.000 0.000 0.000 0.000 0.000 0.000 0.000 25.109 47.097 50.078 54.058 68.046 65.011 85.954 82.901 56.825 63.832 65.843 67.861 80.883 72.910 67.940 65.971 65.000 82.019 73.026 67.026 0.000 0.000 0.000 0.000 0.000 0.000 0.000 0.000 0.000 0.000 0.000 0.000 0.000 0.000 0.000 0.000 0.000 0.000 0.000 0.000 0.000 0.000 0.000 0.000
66.316 67.315 67.315 67.314 67.313 67.312 67.311 67.309 67.307 67.305 67.303 67.301 67.298 67.295 65.292 86.288 103.285 105.282 101.279 27.276 0.000 0.000 0.000 0.000 0.000 0.000 0.000 0.000 0.000 0.000 0.000 0.000 0.000 52.096 69.086 95.062 69.040 0.000 51.925 66.938 64.957 68.979 70.002 79.026 68.049 66.066 65.072 61.060 2.043 0.000 0.000 0.000 0.000 0.000 0.000 0.000 0.000 0.000 0.000 0.000 0.000 0.000 0.000 0.000 0.000 0.000 0.000 0.000 0.000 0.000 0.000 0.000 25.611
67.318 67.318 67.318 67.317 67.316 67.315 67.313 66.312 66.310 67.308 67.305 67.303 67.300 67.297 66.294 74.290 89.287 100.284 88.281 14.280 0.000 0.000 0.000 0.000 0.000 0.000 0.000 0.000 0.000 0.000 0.000 0.000 0.000 29.157 78.175 103.167 13.156 0.000 50.005 68.028 66.051 65.072 73.094 84.114 72.133 66.145 70.141 3.101 0.000 0.000 0.000 0.000 0.000 0.000 0.000 0.000 0.000 0.000 0.000 0.000 0.000 0.000 0.000 0.000 0.000 0.000 0.000 0.000 0.000 0.000 0.000 0.000 82.691
67.321 67.321 67.320 67.320 67.319 67.317 67.316 71.314 72.312 68.310 67.308 67.305 67.302 67.299 67.296 66.292 69.289 78.286 78.283 19.282 0.000 0.000 0.000 0.000 0.000 0.000 20.955 0.000 0.000 0.000 0.000 0.000 0.000 1.311 82.292 97.274 20.262 0.000 34.061 65.117 66.146 66.167 65.186 70.205 72.223 68.238 70.248 0.000 0.000 0.000 0.000 0.000 0.000 0.000 0.000 0.000 0.000 0.000 0.000 0.000 0.000 0.000 0.000 0.000 0.000 0.000 0.000 0.000 0.000 0.000 0.000 66.914 75.822
67.324 67.324 67.323 67.323 67.322 67.320 66.319 78.317 83.315 70.313 67.310 67.308 67.305 67.301 67.298 67.294 67.291 66.287 69.284 50.282 0.000 0.000 0.000 0.000 0.000 62.955 83.955 45.952 36.944 35.933 0.000 0.000 0.000 63.478 105.414 79.374 79.357 6.377 0.000 51.236 68.248 66.262 66.278 64.296 80.315 84.338 78.365 1.459 0.000 0.000 0.000 0.000 0.000 0.000 0.000 0.000 0.000 0.000 0.000 0.000 0.000 0.000 0.000 0.000 0.000 0.000 0.000 0.000 0.000 0.000 41.077 92.005 77.931
67.327 67.327 67.327 67.326 67.325 67.324 66.322 79.320 85.318 69.316 67.313 67.311 67.307 67.304 67.300 67.296 67.292 67.288 67.284 73.280 44.275 0.000 0.000 0.000 2.956 25.956 40.956 62.958 70.947 74.922 48.874 24.809 59.721 97.596 95.514 75.451 57.416 15.396 0.000 51.342 68.347 67.357 70.369 65.385 74.405 97.431 94.470 39.537 3.595 19.621 0.000 0.000 0.000 0.000 0.000 0.000 0.000 45.128 75.128 79.128 0.000 0.000 88.128 149.128 0.000 0.000 0.000 0.000 0.000 0.000 78.149 134.098 117.036
64.331 65.331 66.330 66.330 67.329 67.327 65.326 80.324 83.322 66.319 67.317 67.314 67.310 67.307 67.303 67.299 67.294 67.289 67.284 67.278 73.271 53.261 4.254 0.000 0.000 0.000 0.000 38.978 69.963 65.934 68.890 72.832 84.758 101.671 85.593 53.501 3.458 0.000 0.000 50.442 67.443 70.448 83.457 69.471 79.489 80.513 99.545 103.587 86.625 36.648 0.000 0.000 0.000 0.000 0.000 0.000 0.000 0.000 36.128 64.128 78.128 110.128 148.128 71.128 0.000 0.000 0.000 0.000 0.000 64.362 74.272 75.203 78.138
85.335 80.335 75.334 73.333 69.332 65.331 65.329 80.328 83.325 65.323 67.320 67.317 67.314 67.310 67.306 67.301 66.296 65.291 66.284 66.277 66.269 72.258 49.247 26.232 1.217 0.000 0.000 38.013 75.993 69.962 64.922 77.871 100.808 94.736 62.687 0.000 0.000 0.000 0.000 48.540 66.536 71.535 78.541 73.551 78.566 77.586 90.612 84.642 77.671 50.697 5.729 0.000 0.000 0.000 0.000 0.000 0.000 0.000 0.000 32.128 110.128 113.128 116.128 1.128 11.128 0.127 0.000 7.527 41.527 69.452 138.374 102.311 134.198
105.339 104.339 100.338 95.337 91.336 86.335 81.333 77.332 72.329 66.327 67.324 67.321 67.317 67.314 66.309 68.304 74.299 79.293 78.286 76.278 70.268 65.257 69.243 75.225 39.201 20.167 24.125 58.068 81.033 72.000 67.964 90.921 102.867 58.779 3.733 0.000 0.000 11.717 18.698 52.644 65.624 70.617 86.619 76.627 69.638 62.654 68.674 86.696 83.719 89.741 8.760 0.000 0.000 0.000 0.000 0.000 0.000 0.000 0.000 0.000 0.000 0.000 0.000 0.000 8.128 0.000 0.000 0.000 76.603 67.542 77.476 100.372 76.548
