results4_8e4_rain/res_4e8f-0222.wd
ncols         241
nrows         181
xllcorner     12693529.787448
yllcorner     3542525.717860
cellsize      155.156523
NODATA_value  -9999.000000
[rows 0 to 32 of 181, columns 146 to 218 of 241]
0.000 0.000 0.000 0.000 0.000 0.000 0.000 0.000 0.000 0.000 0.000 0.000 0.000 0.000 5.868 16.718 17.475 17.179 16.852 16.514 16.182 15.872 15.596 15.360 15.168 15.019 14.908 14.832 14.783 14.757 14.745 19.741 0.000 0.000 0.000 0.000 0.000 0.000 0.000 0.000 0.000 0.000 0.000 0.000 0.000 0.000 0.000 0.000 0.000 20.333 27.333 0.000 0.000 46.529 51.529 0.000 0.000 0.000 0.000 0.000 0.000 0.000 0.000 0.000 0.000 0.000 0.000 0.000 0.000 0.000 0.000 0.000 0.000
0.000 0.000 0.000 0.000 0.000 0.000 0.000 0.000 0.000 0.000 0.000 0.000 0.000 1.413 17.019 17.809 17.530 17.209 16.863 16.508 16.160 15.838 17.555 16.317 15.126 14.980 14.875 14.804 14.762 14.742 14.737 19.737 0.000 0.000 0.000 0.000 0.000 0.000 0.000 0.000 0.000 0.000 0.000 0.000 0.000 0.000 0.000 0.000 17.333 39.333 15.333 0.000 25.529 58.529 52.529 0.000 0.000 0.000 0.000 0.000 0.000 0.000 0.000 0.000 0.000 0.000 0.000 0.000 37.527 0.000 0.000 0.000 0.000
0.000 0.000 0.000 0.000 0.000 0.000 0.000 0.000 0.000 0.000 0.000 0.000 0.000 20.649 19.303 17.969 17.626 17.265 16.884 16.493 16.113 17.767 17.468 15.226 15.038 14.901 14.806 14.748 14.717 14.711 16.726 10.731 0.000 0.000 0.000 0.000 0.000 0.000 0.000 0.000 0.000 0.000 0.000 0.000 0.000 0.000 0.000 0.000 29.333 0.000 0.000 20.529 51.529 13.529 0.000 0.000 0.000 0.000 0.000 0.000 0.000 0.000 0.000 0.000 6.527 0.000 0.000 0.000 40.527 12.527 0.000 0.000 0.000
0.000 0.000 0.000 0.000 0.000 0.000 0.000 0.000 0.000 0.000 0.000 0.000 3.135 20.071 18.576 18.139 17.739 17.340 16.914 16.468 17.034 16.646 15.326 15.080 14.900 14.778 14.702 14.662 14.650 20.657 0.000 0.000 0.000 0.000 0.000 0.000 0.000 0.000 0.000 0.000 0.000 0.000 0.000 14.334 0.000 0.000 0.000 13.333 73.333 3.333 0.000 26.529 53.529 0.000 0.000 0.000 0.000 0.000 0.000 0.000 0.000 0.000 12.528 18.528 37.528 0.000 0.000 30.527 39.527 40.527 12.527 0.000 0.000
0.000 0.000 0.000 0.000 0.000 0.000 0.000 0.000 0.000 0.000 0.000 8.188 1.360 3.052 18.793 18.270 17.852 17.443 16.964 16.431 16.907 16.458 15.111 14.866 14.705 14.609 14.562 14.550 15.563 16.610 0.000 0.000 0.000 0.000 0.000 0.000 0.000 0.000 0.000 0.000 0.000 0.000 15.334 38.334 33.334 0.000 0.000 29.333 57.333 0.000 0.000 0.000 53.529 8.529 0.000 0.000 0.000 0.000 0.000 0.000 0.000 0.000 52.528 56.528 58.528 0.527 0.000 43.527 38.527 38.527 48.527 0.000 0.000
0.000 0.000 0.000 0.000 0.000 0.000 0.000 0.000 0.000 0.000 10.914 3.512 1.879 1.301 1.442 16.295 17.955 17.617 17.068 18.385 17.705 15.166 14.796 14.568 14.444 14.392 14.388 14.412 20.443 0.000 0.000 0.000 0.000 0.000 0.000 0.000 0.000 0.000 0.000 0.000 0.000 0.000 0.000 18.334 39.334 31.334 29.334 11.334 42.333 15.333 0.000 0.000 38.529 51.529 42.529 40.529 49.529 0.000 0.000 0.000 0.000 0.000 52.528 54.528 59.527 38.527 27.527 44.527 47.527 0.000 0.000 0.000 12.526
0.000 0.000 0.000 0.000 0.000 0.000 0.000 0.000 0.000 0.000 7.315 4.017 3.646 3.149 0.450 0.643 11.058 19.002 18.306 18.336 15.363 14.705 14.339 14.167 14.112 14.127 14.185 14.266 9.355 0.000 0.000 0.000 0.000 0.000 35.343 68.343 2.343 0.000 8.343 49.343 0.000 0.000 0.000 15.334 39.334 52.334 87.334 49.334 50.333 21.333 0.000 0.000 35.529 54.529 39.529 35.529 52.529 0.000 0.000 0.000 0.000 0.000 39.528 45.528 41.528 41.527 45.527 48.527 56.527 0.000 0.000 0.000 35.526
0.000 0.000 0.000 0.000 0.000 0.000 0.000 0.000 0.000 30.576 31.016 7.587 3.198 3.436 3.083 0.807 0.376 6.025 18.819 16.291 14.706 13.951 13.687 13.648 13.708 13.819 14.960 12.113 0.000 0.000 0.000 0.000 0.000 0.000 10.343 56.343 63.343 45.343 37.343 9.343 0.000 0.000 0.000 0.000 0.000 13.334 80.334 59.334 6.333 0.000 0.000 0.000 0.000 47.529 62.529 60.529 62.529 54.529 46.529 49.529 48.528 57.528 61.528 58.528 59.528 59.527 54.527 49.527 46.527 0.000 0.000 0.000 0.000
0.000 0.000 0.000 0.000 0.000 0.000 0.000 0.000 24.699 42.136 43.584 33.089 9.669 2.083 3.090 0.852 2.832 8.205 6.655 16.301 13.219 12.706 12.810 13.032 13.253 14.482 14.721 0.000 0.000 0.000 0.000 0.000 0.000 0.000 0.000 8.343 54.343 64.343 69.343 8.343 0.000 0.000 0.000 0.000 0.000 9.334 52.334 44.334 49.333 16.333 0.000 0.000 31.529 59.529 44.529 38.529 45.529 57.529 45.529 44.529 53.528 62.528 49.528 45.528 48.528 54.527 60.527 62.527 60.527 46.527 37.526 20.526 29.526
0.000 0.000 0.000 0.000 0.000 0.000 0.000 20.836 30.263 45.683 43.098 43.515 35.933 12.359 1.226 4.783 14.326 6.490 2.269 3.060 6.164 10.842 11.816 12.416 12.790 18.136 0.000 0.000 0.000 0.000 0.000 0.000 8.343 6.343 0.000 0.000 21.343 67.343 20.343 0.000 0.000 0.000 0.000 0.000 0.000 48.334 58.334 34.334 50.333 70.333 10.333 0.000 37.529 61.529 40.529 34.529 37.529 50.529 39.529 39.529 41.529 43.528 40.528 41.528 35.528 39.527 45.527 46.527 44.527 53.527 55.526 58.526 66.526
0.000 0.000 0.000 0.000 0.000 0.000 25.969 24.409 47.833 44.236 43.609 42.941 43.189 38.243 20.749 12.462 8.156 0.000 0.054 4.385 2.161 3.371 11.197 12.027 17.355 0.000 0.000 0.000 0.000 0.000 0.000 3.343 45.343 4.343 0.000 0.000 28.343 68.343 7.343 0.000 0.000 0.000 0.000 0.000 43.336 87.335 20.334 23.334 45.333 72.333 12.333 0.000 34.530 59.529 39.529 32.529 35.529 37.529 33.529 32.529 39.529 55.528 38.528 34.528 48.528 44.528 41.527 48.527 48.527 51.527 60.526 64.526 51.526
0.000 0.000 0.000 0.000 0.000 30.021 18.529 46.997 45.426 44.817 44.164 43.450 42.640 42.674 39.475 25.167 4.459 0.378 0.077 46.300 4.551 0.085 0.110 14.139 10.247 0.000 0.000 0.000 0.000 0.000 0.000 3.343 41.343 36.343 45.343 57.343 61.343 51.343 0.000 0.000 6.338 42.338 57.338 62.337 86.336 42.336 0.000 0.000 47.332 35.332 0.000 0.000 37.530 64.530 51.530 35.529 83.529 111.529 60.529 36.529 52.529 99.529 51.528 28.528 93.528 66.528 41.527 48.527 50.527 40.527 49.526 62.526 45.526
0.000 0.000 0.000 0.000 0.000 19.513 41.130 47.624 46.056 45.442 44.778 44.054 43.248 42.336 42.320 41.226 30.399 4.996 50.897 47.952 0.384 0.159 0.056 0.062 0.000 0.000 0.000 0.000 0.000 0.000 6.343 40.343 36.343 41.343 55.343 65.343 49.343 36.343 1.342 0.000 4.339 51.338 50.338 46.337 85.337 45.336 0.000 0.000 26.332 18.332 0.000 30.530 58.530 60.530 54.530 42.530 41.530 74.529 115.529 53.529 46.529 103.529 54.528 28.528 100.528 70.528 33.527 35.527 41.527 32.527 46.526 45.526 33.526
0.000 0.000 0.000 0.000 24.044 34.387 49.855 47.311 46.734 46.116 45.454 44.739 43.960 43.118 42.158 41.418 40.277 52.624 52.299 1.046 0.527 9.636 0.000 0.000 0.000 0.000 0.000 0.000 1.343 56.343 59.343 41.343 40.344 55.344 65.344 51.343 34.343 36.342 36.341 34.341 32.339 44.339 47.338 57.337 97.337 31.337 0.000 0.000 63.331 13.331 0.000 27.530 57.530 57.530 44.530 36.530 32.530 42.530 39.529 79.529 110.529 127.529 108.529 97.528 123.528 117.528 108.527 54.527 34.527 51.527 46.526 35.526 30.526
0.000 0.000 0.000 25.238 34.700 52.138 48.591 48.033 47.451 46.836 46.183 45.486 44.753 43.910 43.364 40.993 52.662 52.658 36.865 19.159 6.316 0.000 0.000 0.000 0.000 0.000 0.000 0.000 42.343 9.343 0.000 20.344 58.344 62.344 54.344 39.344 5.344 0.000 3.341 38.341 34.340 44.339 43.338 66.337 63.337 0.000 0.000 5.330 66.330 12.331 0.000 25.530 55.530 67.530 46.530 52.530 75.530 52.530 34.530 58.529 81.529 115.529 81.529 61.528 109.528 99.528 74.527 43.527 29.527 100.527 68.526 40.526 30.526
0.000 0.000 0.000 30.776 50.380 49.874 49.337 48.780 48.200 47.593 47.953 47.292 45.530 45.106 42.528 52.731 52.674 40.445 42.063 39.678 23.635 4.633 0.000 0.000 0.000 0.000 0.000 44.343 13.343 0.000 0.000 0.000 26.344 58.344 36.344 34.344 40.345 3.345 0.000 39.341 37.340 43.339 44.338 66.337 62.336 0.000 0.000 26.330 73.330 9.330 0.000 27.530 58.530 61.531 42.531 42.530 88.530 123.530 72.530 40.530 56.529 103.529 63.529 30.528 96.528 83.528 41.527 33.527 26.527 107.527 71.526 43.526 44.526
0.000 0.000 31.395 48.709 52.170 50.642 50.104 49.550 48.977 49.379 47.768 47.065 46.724 44.150 53.179 52.886 41.951 42.801 41.797 32.140 12.884 0.000 0.000 0.000 0.000 0.000 0.000 40.343 14.343 0.000 0.000 0.000 0.000 0.000 0.000 39.345 36.346 35.346 37.345 39.343 35.341 43.340 45.338 57.337 53.335 15.332 34.331 67.329 18.329 0.000 0.000 27.531 54.531 60.531 46.531 31.531 33.531 58.531 45.530 27.530 45.530 100.529 56.529 22.529 93.528 78.528 36.528 32.527 28.527 106.527 71.526 43.526 34.526
0.000 30.676 44.081 53.494 51.951 51.420 50.885 50.339 50.774 50.201 48.541 48.251 45.683 54.133 53.605 43.626 44.625 42.505 29.692 0.000 0.000 0.000 0.000 0.000 0.000 0.000 0.000 0.000 14.343 0.000 0.000 0.000 0.000 0.000 0.000 0.000 43.347 53.347 64.346 52.344 41.342 45.340 42.338 47.336 40.334 59.332 77.330 65.329 11.328 0.000 0.000 26.531 52.531 57.531 63.531 61.531 49.531 39.531 52.531 84.530 103.530 124.530 104.529 87.529 121.528 114.528 96.528 56.527 29.527 104.527 76.526 48.526 35.526
27.752 39.270 53.760 53.237 52.719 52.201 51.679 52.143 51.603 49.977 49.725 47.174 55.371 54.730 45.203 46.350 47.290 25.552 0.000 0.000 0.000 0.000 0.000 0.000 0.000 0.000 0.000 0.000 0.000 0.000 0.000 0.000 0.000 0.000 0.000 0.000 41.349 45.349 63.347 22.344 2.343 52.341 43.338 46.336 42.333 30.331 49.328 64.327 51.326 10.325 0.000 0.000 17.531 60.531 62.532 55.532 43.532 52.532 103.531 94.531 75.530 76.530 77.529 77.529 77.528 78.528 80.528 51.527 31.527 103.527 79.526 42.526 36.526
31.235 54.893 54.451 53.974 53.485 52.989 52.482 51.974 51.382 51.165 48.633 56.719 56.037 46.679 47.893 46.879 42.362 1.817 0.000 0.000 0.000 0.000 0.000 0.000 0.000 0.000 0.000 0.000 0.000 0.000 0.000 0.000 0.000 0.000 0.000 0.000 42.352 53.351 37.350 0.000 6.343 49.341 46.339 13.336 3.333 34.329 48.326 63.325 60.324 29.324 0.000 0.000 0.000 0.000 29.533 44.533 28.532 89.532 90.532 39.531 45.531 87.530 58.530 30.529 76.528 66.528 46.528 44.527 35.527 103.527 74.526 31.526 32.526
49.058 56.617 55.177 54.723 54.259 54.784 53.310 52.754 52.576 50.070 58.103 57.408 47.063 49.311 48.302 48.676 18.010 0.000 0.000 0.000 0.000 0.000 0.000 0.000 0.000 0.000 0.000 0.000 0.000 0.000 0.000 0.000 0.000 0.000 0.000 9.359 62.356 60.354 64.352 61.350 57.346 57.343 51.340 10.337 3.332 34.327 47.323 65.322 72.322 35.323 0.000 0.000 0.000 0.000 23.534 36.534 56.533 103.533 66.532 26.532 94.531 95.530 44.530 31.529 52.528 108.528 67.528 35.527 35.527 98.527 116.526 103.526 108.525
58.757 56.338 55.916 55.484 55.041 56.600 54.082 53.951 51.484 59.503 58.800 42.379 46.583 50.640 47.105 24.381 0.000 0.000 0.000 0.000 0.000 0.000 0.000 0.000 0.000 0.000 0.000 0.000 0.000 0.000 0.000 0.000 0.000 0.000 0.000 61.362 60.360 61.357 63.354 62.351 60.347 61.344 54.341 9.339 0.000 35.323 47.318 70.316 43.319 0.000 0.000 0.000 0.000 21.536 51.535 30.535 95.534 89.534 33.533 89.533 102.532 51.531 39.530 42.529 37.528 68.528 107.528 64.527 27.527 98.527 101.526 75.526 17.525
49.440 56.062 56.665 56.253 55.843 55.356 55.269 52.841 60.865 60.208 25.617 30.793 33.674 52.343 35.965 0.000 0.000 0.000 0.000 0.000 0.000 0.000 0.000 50.829 39.829 0.000 0.000 0.000 0.000 0.000 0.000 0.000 0.000 0.000 0.000 38.366 32.364 35.360 39.356 34.352 33.349 32.345 34.342 38.339 32.333 25.322 40.312 19.306 0.000 0.000 0.000 0.000 0.000 23.537 46.536 37.536 38.535 38.535 30.534 51.533 52.533 0.000 0.000 13.529 43.528 36.528 58.528 51.527 33.527 66.527 14.526 0.000 12.525
28.161 43.805 56.426 59.044 56.580 56.524 54.104 61.998 61.474 34.795 0.000 44.135 0.000 55.967 24.467 0.000 0.000 0.000 0.000 0.000 0.000 0.000 0.000 57.829 51.828 0.000 0.000 0.000 0.000 0.000 0.000 0.000 0.000 24.402 0.000 39.374 35.369 35.364 35.358 35.354 35.350 35.346 35.343 37.340 15.338 0.000 10.301 41.289 11.279 0.000 0.000 0.000 24.538 55.538 43.537 42.537 34.536 35.535 35.535 33.534 47.534 7.534 0.000 0.000 14.528 39.528 34.527 47.527 46.527 0.000 0.000 0.000 12.524
19.928 27.570 50.210 54.783 57.739 55.278 62.784 62.433 41.686 17.491 0.000 60.790 58.691 45.101 0.000 0.000 0.000 0.000 0.000 0.000 0.000 0.000 60.835 66.831 37.827 0.000 0.000 0.000 0.000 0.000 0.000 0.000 0.000 41.402 39.396 36.385 35.377 32.367 36.360 36.355 36.351 36.347 36.344 39.342 12.340 0.000 0.000 39.272 39.268 9.263 0.000 0.000 9.539 42.539 35.538 34.538 33.537 33.536 33.535 33.535 34.534 43.534 0.000 0.000 0.000 7.528 40.527 43.527 41.527 0.000 0.000 0.000 36.524
23.716 34.346 38.967 36.866 48.420 63.197 63.039 46.679 25.439 18.941 0.000 40.520 53.185 26.643 0.000 0.000 0.000 0.000 48.876 54.872 46.866 44.853 53.840 46.831 36.823 0.000 0.000 0.000 0.000 0.000 0.000 0.000 0.000 39.407 36.402 35.394 9.385 0.000 41.358 35.355 35.351 35.347 35.344 36.342 10.341 0.000 0.000 40.259 39.259 10.258 0.000 0.000 39.539 35.540 35.540 35.539 34.539 34.537 38.536 0.000 5.534 8.534 0.000 0.000 0.000 0.000 40.527 35.527 35.527 36.527 0.000 8.524 38.524
35.464 49.101 24.816 23.687 63.264 63.261 49.680 36.403 32.737 37.575 0.000 7.587 42.886 0.000 0.000 0.000 0.000 44.882 48.879 50.876 48.873 0.000 0.000 0.000 48.809 32.796 0.000 0.000 0.000 0.000 0.000 0.000 7.426 49.418 46.410 21.403 0.000 0.000 54.361 40.356 36.351 35.347 39.343 16.342 0.000 15.237 53.239 34.247 38.250 10.251 0.000 0.000 0.000 40.542 35.542 39.541 6.541 0.000 0.000 0.000 0.000 0.000 0.000 0.000 0.000 0.000 40.527 35.527 35.527 40.527 0.000 0.000 12.524
56.176 44.758 24.820 20.317 63.229 24.728 30.451 32.676 36.349 54.930 64.376 52.354 0.000 0.000 0.000 0.000 42.888 36.885 42.882 57.879 56.877 0.000 0.000 0.000 0.000 49.783 0.000 0.000 0.000 35.471 0.000 0.000 51.435 50.428 56.418 49.405 14.392 68.379 65.367 63.359 61.351 53.344 34.340 21.341 0.000 29.234 82.235 36.239 37.242 11.247 0.000 0.000 0.000 45.544 31.544 36.543 7.542 0.000 0.000 0.000 0.000 0.000 0.000 0.000 0.000 36.527 38.527 40.527 34.527 39.527 0.000 0.000 9.524
64.767 51.862 34.162 62.834 20.758 22.543 21.708 21.346 30.910 58.441 53.844 25.099 0.000 0.000 41.897 7.895 49.892 41.888 52.885 47.881 26.879 0.000 0.000 0.000 0.000 53.770 29.766 0.000 0.000 31.471 39.471 43.465 45.451 47.440 37.429 34.408 42.391 42.379 62.369 45.360 39.351 37.340 17.330 0.000 5.239 24.231 92.227 48.231 14.234 0.000 0.000 0.000 3.547 58.547 31.546 38.544 10.543 0.000 0.000 0.000 0.000 0.000 0.000 0.000 15.527 38.527 53.527 51.527 44.527 3.527 0.000 0.000 10.524
62.828 61.069 62.418 39.697 27.597 23.737 23.371 21.943 28.529 44.076 39.460 0.000 0.000 0.000 44.898 65.897 60.895 61.891 43.888 0.000 0.000 0.000 0.000 0.000 44.757 35.761 27.762 0.000 0.000 0.000 43.478 47.472 47.463 47.455 31.448 0.000 38.384 39.377 63.370 49.362 43.351 29.334 36.312 51.280 71.247 60.224 84.211 49.223 13.229 0.000 0.000 0.000 0.000 56.551 32.549 33.546 38.543 0.000 0.000 0.000 0.000 0.000 0.000 0.000 0.000 8.527 57.527 54.527 7.527 0.000 0.000 0.000 6.524
60.912 62.363 61.562 60.571 42.713 22.358 22.940 23.553 22.184 24.874 0.000 0.000 0.000 0.000 60.901 50.900 48.898 44.895 0.000 0.000 0.000 0.000 0.000 45.753 36.754 32.755 15.758 0.000 0.000 0.000 43.489 51.484 60.475 59.467 61.461 49.461 0.000 7.375 66.373 50.366 24.359 0.000 39.302 49.280 76.247 38.206 22.169 0.000 0.000 0.000 0.000 0.000 9.563 47.558 34.552 35.546 38.541 11.535 0.000 0.000 0.000 0.000 0.000 0.000 0.000 0.000 14.527 15.527 0.000 0.000 0.000 0.000 7.524
62.370 61.345 63.455 63.616 47.284 23.881 26.506 26.141 23.779 24.362 0.000 40.908 0.000 6.906 54.905 54.905 61.904 0.000 0.000 19.825 7.824 0.000 0.000 40.752 34.750 28.747 0.000 0.000 0.000 0.000 41.507 42.498 44.487 43.476 41.467 33.462 0.000 0.000 68.379 54.371 39.359 2.341 38.316 49.290 73.254 29.184 25.091 8.027 0.000 0.000 0.000 0.000 9.569 54.564 33.556 35.547 35.537 36.530 40.523 12.520 0.000 0.000 0.000 0.000 0.000 0.000 0.000 0.000 0.000 0.000 0.000 0.000 0.000
62.060 64.258 63.447 64.144 37.760 28.403 48.057 41.726 23.429 1.109 0.000 37.908 52.908 57.908 43.908 64.909 56.909 0.000 0.000 33.826 64.823 16.817 0.000 41.753 35.745 32.737 0.000 0.000 49.585 45.565 41.534 43.514 48.498 48.484 46.470 57.457 49.439 9.419 68.395 60.379 60.364 52.348 33.330 51.312 59.296 0.000 27.985 10.962 0.000 0.000 0.000 0.000 19.581 58.572 30.561 32.547 33.533 34.524 39.519 11.518 0.000 0.000 0.000 0.000 0.000 0.000 0.000 0.000 0.000 0.000 0.000 0.000 0.000
