results4_8e4_rain/res_4e8f-0015.wd
ncols         241
nrows         181
xllcorner     12693529.787448
yllcorner     3542525.717860
cellsize      155.156523
NODATA_value  -9999.000000
[rows 136 to 169 of 181, columns 0 to 74 of 241]
6.559 6.561 6.566 6.574 6.584 6.595 6.609 5.625 5.643 8.663 14.686 13.714 9.748 5.792 5.845 5.907 6.975 7.046 7.121 7.199 6.280 5.365 7.454 13.545 20.638 29.730 37.820 33.906 22.984 11.049 7.099 12.129 20.132 0.000 0.000 0.000 0.000 0.000 0.887 21.891 0.000 0.000 13.325 45.397 47.437 26.475 29.525 28.585 16.609 5.608 0.000 0.000 0.000 0.000 0.000 0.000 0.000 0.000 0.000 0.000 0.000 0.000 58.333 64.254 60.221 61.359 59.317 91.130 90.995 90.853 58.017 60.776 62.627 64.285 14.254
6.637 6.639 6.645 6.653 6.663 6.675 6.689 6.704 6.721 6.739 5.758 5.782 5.812 6.854 6.910 6.977 7.048 7.120 7.193 7.267 7.343 7.421 7.501 6.583 5.664 6.746 10.824 8.899 7.967 12.026 15.074 14.110 12.136 14.166 14.194 11.218 11.236 15.246 0.000 0.000 0.000 0.000 31.254 45.288 25.327 18.372 17.448 0.000 0.000 0.000 0.000 0.000 0.000 0.000 0.000 0.000 0.000 6.029 21.009 0.000 4.686 67.579 74.505 72.551 70.516 71.582 91.381 91.258 72.322 79.095 71.930 77.683 69.489 48.423 0.000
6.714 6.717 6.723 6.731 6.743 6.756 6.770 6.785 6.800 6.814 6.829 6.845 6.866 6.905 6.966 7.045 7.123 7.196 7.265 6.335 13.405 15.476 7.549 6.622 5.694 6.765 8.834 11.900 14.961 14.016 9.063 10.103 17.137 20.169 16.200 10.226 7.246 16.257 0.000 0.000 0.000 26.148 35.150 22.177 14.211 34.240 0.000 0.000 0.000 0.000 0.000 0.000 0.000 0.000 0.000 0.000 16.094 58.049 86.992 47.893 80.725 88.863 85.796 84.867 91.729 91.617 91.501 84.438 86.294 85.979 84.829 83.759 1.649 0.000 0.000
6.790 6.793 6.800 6.810 6.822 6.837 6.852 6.867 6.881 6.892 9.900 9.905 7.902 11.937 10.006 7.117 7.206 7.277 6.340 4.403 15.468 23.533 9.598 6.663 8.726 11.789 13.850 12.908 9.964 12.015 17.062 19.103 20.141 20.177 15.211 9.241 18.266 37.281 0.000 0.000 0.000 0.039 23.022 20.059 24.103 44.138 0.000 0.000 0.000 0.000 0.000 0.000 0.000 0.000 0.000 14.196 66.143 82.079 84.993 89.965 87.098 84.074 92.037 91.938 91.836 83.795 84.559 85.411 85.077 85.037 77.960 54.860 0.000 0.000 0.000
6.865 6.869 6.876 6.888 6.902 6.919 6.936 6.953 6.966 7.975 14.978 14.975 0.000 0.000 0.000 11.211 5.308 8.368 14.418 17.472 17.532 13.592 9.650 10.706 13.761 12.816 11.869 13.921 17.972 18.020 20.066 19.109 10.149 5.189 7.227 20.264 39.298 49.322 0.000 0.000 0.000 0.000 30.858 32.936 40.006 39.071 0.000 0.000 0.000 0.000 0.000 0.000 0.000 0.000 18.312 62.258 84.169 87.171 86.242 86.228 85.303 92.227 92.133 84.045 84.820 85.658 85.428 85.268 85.213 77.137 69.090 0.000 0.000 0.000 0.000
6.939 6.942 6.951 6.964 6.982 7.002 7.024 7.043 7.058 9.066 18.062 29.045 5.043 0.000 0.000 0.000 22.449 14.470 12.493 12.536 10.598 9.654 11.705 13.753 11.800 7.845 9.891 21.936 23.983 14.031 8.076 5.119 5.161 10.202 24.246 40.292 37.342 21.389 0.000 0.000 0.000 1.354 30.618 12.822 3.913 0.000 0.000 0.000 0.000 0.000 0.000 0.000 0.000 11.435 62.373 84.272 86.451 85.435 85.533 92.500 92.411 92.320 84.130 85.979 85.671 85.526 85.455 85.370 79.285 66.215 56.174 0.000 0.000 0.000 0.000
7.010 7.014 7.022 7.037 7.060 7.088 7.115 7.140 7.159 9.170 19.161 6.102 0.000 0.000 0.000 0.000 18.572 10.571 12.549 11.585 9.671 12.722 13.764 10.803 7.840 3.877 13.914 27.952 14.996 5.044 6.089 11.132 21.174 32.216 43.263 36.317 14.389 9.504 28.739 36.015 37.453 41.892 17.254 0.000 0.000 0.000 0.000 0.000 0.000 0.000 0.000 0.000 16.551 62.475 84.474 86.644 85.662 92.753 92.671 92.587 84.447 85.214 86.069 85.744 85.706 85.628 85.540 86.440 74.354 45.262 34.217 0.000 0.000 0.000 0.000
6.080 6.081 7.088 7.106 7.136 7.175 7.211 7.243 7.271 10.295 20.313 0.000 0.000 0.000 0.000 0.000 7.696 9.697 0.000 0.000 17.780 12.802 8.829 7.857 5.884 7.910 23.936 26.965 9.008 12.063 24.106 33.147 42.187 40.229 28.274 14.326 7.396 23.502 27.699 15.856 0.000 0.000 0.000 0.000 0.000 0.000 0.000 0.000 0.000 0.000 0.000 10.648 62.658 85.747 86.761 84.864 92.913 92.834 84.661 85.440 86.281 86.061 85.911 85.861 85.785 85.715 88.634 52.500 32.427 0.000 0.000 0.000 0.000 0.000 0.000
15.152 13.146 10.145 8.164 5.205 5.265 5.314 5.353 4.390 9.429 21.484 4.586 0.000 0.000 11.876 7.865 4.820 10.826 5.880 0.000 12.869 6.879 5.895 5.912 7.929 21.945 29.959 0.000 0.000 38.096 43.126 38.164 27.202 17.239 9.278 5.320 16.367 28.411 0.000 0.000 0.000 0.000 0.000 0.000 0.000 0.000 0.000 0.000 0.000 0.000 0.000 42.902 84.940 84.060 93.153 93.074 92.994 84.726 86.571 86.269 86.132 86.072 88.000 82.922 84.864 85.816 96.782 0.000 0.000 0.000 0.000 0.000 0.000 0.000 0.000
16.230 18.207 24.184 25.201 25.258 22.370 23.426 22.468 21.506 21.551 23.608 6.690 10.796 9.859 6.890 9.899 9.896 8.908 13.936 15.965 9.949 3.952 5.960 7.971 21.978 26.982 15.997 10.033 19.065 42.101 25.139 16.182 8.218 6.250 8.281 7.312 21.343 30.365 0.000 0.000 0.000 0.000 0.000 0.000 0.000 0.000 0.000 0.000 0.000 0.000 21.118 63.179 93.383 93.307 93.231 85.017 85.786 86.642 86.322 86.287 87.213 87.136 60.063 37.973 72.933 86.904 91.895 31.932 0.000 0.000 0.000 0.000 0.000 0.000 0.000
9.334 3.270 0.000 0.000 0.000 14.531 11.556 11.586 11.620 15.660 24.710 5.772 6.840 5.892 8.927 12.947 13.960 11.975 10.994 14.010 15.014 12.019 6.027 23.033 29.032 20.010 26.017 43.037 40.064 22.104 10.150 6.208 8.241 8.264 7.284 12.305 28.329 30.342 22.334 25.328 0.000 0.000 0.000 0.000 0.000 0.154 0.000 0.000 0.000 16.170 64.313 93.533 93.459 85.217 85.989 86.833 86.618 86.473 86.425 87.346 85.272 79.197 4.145 0.000 54.992 89.974 86.964 85.969 0.000 0.000 0.000 0.000 0.000 0.000 0.000
7.505 0.000 0.000 0.000 0.000 10.670 6.683 6.703 6.729 10.761 24.802 2.850 6.901 10.945 12.980 14.004 11.023 8.040 6.056 8.069 18.079 31.087 26.096 27.103 4.109 0.000 50.027 36.037 3.050 0.000 0.000 11.262 8.274 8.285 10.287 3.295 0.000 0.000 0.000 29.323 5.322 0.000 0.000 0.000 0.000 0.030 0.000 4.134 4.184 42.319 93.648 84.463 88.166 87.028 86.815 86.675 86.619 86.551 87.477 87.407 52.335 28.235 14.174 17.133 68.068 89.035 85.017 76.012 0.000 0.000 0.000 0.000 0.000 0.000 0.000
7.677 7.741 0.000 0.000 0.000 11.797 7.804 7.815 6.832 7.856 22.888 9.927 12.970 15.010 14.043 9.069 6.090 7.107 7.122 6.135 16.146 39.156 35.167 22.178 15.192 6.217 0.000 0.000 0.000 0.000 0.000 13.306 8.310 10.314 0.000 0.000 0.000 0.000 0.000 8.322 0.000 0.000 0.000 0.000 0.289 0.043 0.000 0.000 0.059 41.695 93.790 87.350 87.068 86.862 86.815 86.747 86.674 86.602 84.534 75.470 8.425 0.000 25.185 84.156 89.115 87.082 81.060 71.049 0.000 0.000 0.000 0.000 0.000 0.000 0.000
4.788 6.807 3.805 0.000 0.000 11.920 6.921 4.924 6.931 10.945 14.967 14.002 14.045 12.084 6.116 7.141 7.161 8.177 8.191 13.204 31.215 30.227 23.239 32.252 30.267 1.282 0.000 0.000 0.000 0.000 0.000 13.347 8.347 11.349 0.000 0.000 0.000 4.379 24.378 0.000 0.000 0.000 0.000 0.000 0.012 0.060 0.185 0.061 0.115 94.191 93.992 86.278 87.070 86.938 86.870 86.797 86.726 88.655 73.585 56.516 16.470 0.000 40.226 70.193 79.153 88.117 77.091 66.077 0.000 0.000 0.000 0.000 0.000 0.000 0.000
11.881 9.895 0.000 0.000 0.000 6.044 8.037 12.031 13.026 14.025 12.037 13.071 11.124 7.166 7.197 8.220 8.238 7.252 9.264 32.275 31.286 13.298 26.311 24.327 28.348 26.380 0.000 0.000 0.000 0.000 0.000 9.389 8.385 8.387 3.401 0.000 12.393 11.383 5.377 27.373 0.000 0.000 0.000 0.000 0.000 0.000 0.000 21.562 45.847 94.332 88.689 88.346 88.050 86.999 86.922 86.849 87.777 85.707 40.635 17.540 29.470 30.395 84.300 86.238 66.186 76.144 71.111 44.091 9.084 0.000 0.000 0.000 0.000 0.000 0.000
12.962 13.998 11.080 0.000 13.232 13.177 13.154 14.138 14.118 15.095 27.085 9.124 7.217 7.261 8.287 8.305 8.319 9.330 23.339 34.348 9.358 13.369 40.382 32.398 20.420 23.451 26.499 10.520 15.521 30.506 23.477 11.436 4.419 4.414 15.416 31.417 18.404 0.000 0.000 17.370 6.369 0.000 0.000 0.000 0.000 0.000 0.000 36.720 88.981 94.426 85.654 88.241 89.129 87.051 86.975 86.900 79.828 69.761 26.708 0.000 6.475 7.416 68.340 110.272 91.212 67.161 59.120 38.092 47.078 0.012 0.000 0.000 0.000 0.000 17.668
18.008 18.056 14.164 14.267 14.288 15.278 15.266 11.250 8.214 7.154 0.000 0.000 11.361 8.374 8.387 8.397 7.405 10.411 34.417 20.423 5.430 11.439 28.451 45.466 40.484 37.505 35.529 31.540 27.538 26.521 34.490 31.460 25.443 21.436 24.433 28.432 0.000 0.000 0.000 0.000 0.000 0.000 0.000 0.000 0.000 0.000 0.000 35.953 94.617 94.521 88.559 90.333 87.180 87.106 88.027 83.949 67.874 60.801 66.729 72.647 56.539 78.455 93.374 110.299 119.229 103.168 65.117 70.079 45.059 0.000 0.000 0.000 0.000 0.000 0.230
0.000 0.000 18.256 13.349 13.379 8.383 5.384 7.385 2.387 0.000 0.000 0.000 12.492 8.491 8.491 8.493 8.494 26.495 33.495 6.497 8.501 8.508 11.519 17.532 19.546 19.560 15.572 18.576 34.571 27.552 18.505 21.473 28.457 32.455 35.451 32.448 7.452 0.000 0.000 0.000 0.000 0.000 0.000 0.000 0.000 0.000 5.914 66.158 94.715 85.977 89.605 89.304 87.243 87.158 88.077 82.997 69.919 35.840 42.760 85.674 96.580 128.490 119.404 91.319 79.239 96.165 75.100 69.050 44.020 0.000 0.000 0.000 0.000 0.000 5.790
0.000 0.000 0.000 22.496 7.497 5.491 7.505 7.520 8.538 0.000 0.000 1.701 9.626 8.606 8.596 8.590 10.585 34.580 19.575 5.570 8.570 8.575 8.586 7.598 7.609 7.617 6.623 13.624 42.620 21.613 0.000 0.000 0.000 23.479 33.468 17.460 22.457 9.455 0.000 0.000 0.000 0.000 0.000 0.000 0.000 0.000 24.095 94.923 94.817 88.840 90.512 86.377 87.293 87.210 87.127 87.045 73.963 36.881 51.797 88.709 84.617 118.524 113.431 82.337 87.244 73.153 54.070 72.000 49.952 0.000 0.000 0.000 0.000 0.000 4.825
6.956 2.950 0.000 14.642 24.624 25.580 6.626 18.652 25.683 1.774 0.000 9.772 8.736 8.713 8.699 8.688 27.678 31.667 6.654 8.642 7.634 6.637 8.654 8.667 8.676 8.680 7.680 15.678 44.672 25.668 0.000 0.000 0.000 20.515 33.483 12.468 2.461 0.000 0.000 0.000 0.000 0.000 0.000 0.000 0.000 3.121 65.288 95.032 86.175 89.796 89.500 87.433 87.345 87.260 87.176 88.093 79.009 67.925 90.838 115.748 103.655 120.559 117.459 111.355 118.246 84.134 61.026 70.928 78.837 7.732 0.000 0.000 0.000 0.000 5.861
8.963 7.946 2.900 8.809 7.780 0.000 29.769 21.781 8.808 9.856 9.885 8.856 8.833 8.814 8.800 11.787 34.773 17.756 7.735 8.711 14.690 22.685 8.728 6.743 8.748 7.747 10.742 34.735 42.726 17.719 5.724 0.000 15.616 14.585 0.000 0.000 0.000 0.000 0.000 0.000 0.000 0.000 0.000 0.000 6.198 63.320 85.480 95.143 87.117 87.691 87.570 87.483 87.396 87.311 87.226 88.141 79.057 61.971 57.883 90.792 80.697 94.598 97.492 85.377 87.251 59.113 35.975 49.849 116.736 69.628 4.522 0.000 15.959 36.923 73.888
8.988 8.973 8.946 8.914 8.907 2.938 18.901 34.898 10.911 7.932 8.945 8.938 8.925 8.913 7.901 30.888 32.872 6.851 8.820 9.778 6.733 0.000 27.832 22.831 9.827 7.819 25.808 44.796 28.780 8.760 8.730 9.692 12.648 16.625 0.000 0.000 0.000 0.000 0.000 0.000 0.000 0.000 0.000 0.000 29.338 86.503 95.375 95.257 87.019 87.776 87.616 87.534 87.447 87.361 87.276 86.191 71.106 73.019 92.931 111.839 110.744 115.643 120.534 107.412 105.269 92.092 40.911 38.757 114.630 78.523 16.417 9.206 73.995 106.922 125.890
9.031 9.012 8.998 8.996 8.999 9.007 9.000 20.000 35.007 11.018 8.026 9.025 9.020 7.012 15.003 35.993 15.978 7.957 9.919 7.848 0.000 0.000 15.937 16.925 22.910 21.894 29.878 28.861 9.841 7.811 9.747 12.700 17.661 17.644 0.000 0.000 0.000 0.000 0.000 0.000 0.000 0.000 0.000 0.000 37.629 91.782 95.497 86.452 88.048 87.742 87.674 87.583 87.496 87.411 87.326 87.241 73.156 69.070 89.982 90.892 90.797 93.698 93.590 92.468 97.321 70.077 45.819 60.640 75.505 14.419 0.000 0.000 17.896 43.879 65.870
9.093 11.048 11.040 9.075 9.087 9.092 9.093 9.096 20.101 35.109 11.116 6.119 6.118 23.114 35.109 29.103 6.094 9.080 5.053 0.000 0.000 2.119 9.056 9.022 14.996 31.972 31.950 24.929 17.912 9.899 0.000 0.000 31.654 11.648 0.000 0.000 0.000 0.000 0.000 0.000 0.000 0.000 0.000 0.000 11.115 95.758 95.624 87.303 87.952 87.810 87.721 87.632 87.545 87.460 87.376 88.292 83.208 73.124 68.037 66.948 66.856 66.760 66.659 70.551 44.470 0.000 13.649 69.479 65.332 26.228 0.000 0.000 16.814 62.828 40.836
10.201 0.000 0.000 9.179 8.182 7.184 7.186 6.189 6.195 19.203 34.211 27.217 34.219 36.220 23.218 7.217 14.215 14.217 2.224 0.000 0.000 13.181 9.149 11.114 35.081 42.050 20.021 10.997 17.979 24.974 12.998 0.000 0.000 9.646 0.000 0.000 0.000 0.000 0.000 0.000 0.000 0.000 0.000 0.000 2.287 95.896 92.663 88.239 87.935 87.860 87.766 87.678 87.593 87.509 87.426 87.344 88.262 87.179 85.095 84.009 83.920 84.829 86.735 60.608 2.539 0.000 0.000 54.297 85.115 75.934 48.713 24.652 41.718 44.785 2.810
9.311 8.346 0.000 8.280 19.278 23.278 27.279 32.282 35.287 36.299 36.311 36.319 22.325 9.328 25.329 42.331 43.336 43.349 36.383 14.439 0.000 10.277 8.245 17.206 45.165 32.126 9.090 8.058 10.035 13.023 4.023 0.000 0.000 0.000 0.000 0.000 0.000 0.000 0.000 0.000 0.000 0.000 0.000 0.536 0.273 96.007 96.593 92.128 87.995 87.900 87.810 87.723 87.639 87.557 87.476 87.397 87.317 87.237 87.155 87.071 87.986 90.902 62.845 0.000 0.000 0.000 0.000 0.000 54.898 85.682 76.554 52.525 29.621 0.000 0.000
9.387 11.383 7.416 9.385 24.375 23.372 19.372 15.372 14.375 10.397 31.414 21.426 32.434 23.438 39.441 35.444 28.450 29.462 40.480 46.496 35.487 36.405 28.350 36.300 44.250 17.201 8.154 9.113 9.082 8.061 8.050 10.048 5.043 0.000 8.936 0.000 0.000 0.000 0.000 0.000 0.000 0.000 67.602 64.926 96.100 96.064 90.466 91.193 88.026 87.939 87.850 87.765 87.683 87.604 87.526 87.449 87.373 87.296 87.218 89.137 94.050 62.949 2.897 0.000 0.000 0.000 0.000 0.000 0.000 46.341 81.297 31.275 0.000 0.000 0.000
11.469 0.000 6.481 9.471 9.466 9.464 8.465 9.462 11.445 9.500 21.524 16.539 25.548 36.552 24.554 9.555 10.559 11.569 12.579 17.581 30.560 40.508 46.452 44.394 33.335 9.275 9.214 9.161 9.119 9.089 10.069 33.052 6.039 0.000 4.955 0.000 0.000 0.000 0.000 0.000 0.000 0.000 87.755 90.067 96.120 88.877 88.446 88.137 88.065 87.972 87.886 87.804 87.726 87.650 87.575 87.502 87.430 87.358 89.285 74.208 28.129 0.000 0.000 0.000 0.000 0.000 0.000 0.000 0.000 17.044 79.021 31.002 0.000 0.000 0.000
12.553 0.000 6.558 9.554 9.553 9.557 9.562 10.566 0.000 8.634 12.646 23.658 23.667 31.671 36.669 22.665 7.665 7.675 7.690 9.689 11.665 12.617 13.557 13.491 12.423 11.350 7.267 7.198 8.145 9.110 20.085 34.053 5.024 0.000 0.445 0.000 0.000 0.000 0.000 0.000 0.000 3.783 86.861 96.139 96.128 87.680 88.322 88.179 88.089 88.002 87.920 87.841 87.766 87.694 87.624 87.555 87.487 87.420 92.356 48.282 0.000 0.000 0.000 0.000 0.000 0.000 0.000 0.000 0.000 19.771 79.741 38.711 0.000 0.000 0.000
9.637 8.660 9.639 9.635 9.639 9.648 9.662 11.675 0.000 7.758 7.768 29.782 42.792 25.795 11.788 26.772 35.761 27.779 16.817 6.823 7.795 7.739 9.668 9.593 9.518 18.436 31.307 30.220 18.155 12.124 29.107 0.000 13.981 9.939 5.899 0.000 0.000 0.000 0.000 0.000 0.000 68.749 89.055 96.152 86.993 89.573 93.273 88.201 88.110 88.028 87.949 87.875 87.804 87.737 87.671 87.607 87.543 89.480 65.438 0.000 0.000 0.000 0.000 0.000 0.000 0.000 0.000 0.000 0.000 16.529 79.461 61.391 1.191 0.000 0.000
9.699 9.706 9.705 9.709 9.720 9.737 9.762 9.800 7.871 15.873 30.889 45.909 41.926 10.932 9.917 9.873 13.832 24.862 30.977 35.992 26.953 16.878 6.784 7.695 8.621 8.571 0.000 0.000 19.134 29.123 29.115 0.000 0.000 26.938 0.000 0.000 0.000 0.000 0.000 0.000 10.732 84.918 88.205 96.168 87.876 89.429 90.301 88.212 88.128 88.049 87.975 87.906 87.840 87.778 87.718 87.660 90.600 69.519 2.478 0.000 0.000 0.000 0.000 0.000 0.000 0.000 0.000 0.000 0.000 14.356 76.184 76.055 43.867 0.000 0.000
45.756 45.761 42.767 29.778 20.795 12.819 9.852 11.893 30.941 44.974 47.008 35.041 15.072 10.091 10.076 12.974 0.000 0.000 11.238 12.217 22.150 31.036 35.897 26.782 15.701 4.658 0.000 0.000 12.124 36.120 10.116 0.000 0.000 0.000 0.000 0.000 0.000 0.000 0.000 0.000 20.803 85.062 96.207 96.186 87.729 88.465 88.301 88.220 88.140 88.066 87.998 87.933 87.873 87.816 87.763 90.715 71.677 0.000 0.000 0.000 0.000 0.000 0.000 0.000 0.000 0.000 0.000 24.205 1.216 0.000 40.866 80.779 59.627 32.399 29.237
31.810 31.815 37.825 44.841 45.864 45.895 43.933 45.979 47.029 35.077 20.126 11.178 10.231 10.283 11.325 0.000 0.000 0.000 8.522 17.487 10.396 11.222 14.985 25.837 35.746 36.701 0.000 0.000 29.121 30.118 7.115 2.113 0.000 0.000 0.000 0.000 0.000 0.000 0.000 0.000 22.938 86.287 96.230 89.113 90.686 90.375 90.306 90.221 90.147 90.078 90.016 89.958 89.903 89.852 91.804 75.759 7.718 0.000 0.000 0.000 0.000 0.000 0.000 0.000 0.000 14.147 61.170 70.200 51.230 1.367 8.636 80.568 67.466 46.333 47.210
9.859 9.866 8.879 15.899 38.928 45.964 40.009 30.062 19.119 11.180 10.244 10.314 10.393 10.487 10.617 8.858 12.986 0.000 9.843 8.814 6.725 7.473 0.000 0.000 0.000 0.000 0.000 0.000 0.000 0.000 13.113 22.112 0.000 0.000 0.000 0.000 0.000 0.000 0.000 0.000 62.046 96.287 96.257 68.890 65.524 65.378 65.293 65.216 66.147 66.086 66.030 65.978 65.930 67.885 58.842 5.801 0.000 0.000 0.000 0.000 0.000 0.000 0.000 3.094 59.101 52.125 54.164 86.198 82.225 38.265 1.382 69.390 70.339 47.257 44.169
