results4_8e4_rain/res_4e8f-0049.wd
ncols         241
nrows         181
xllcorner     12693529.787448
yllcorner     3542525.717860
cellsize      155.156523
NODATA_value  -9999.000000
[rows 132 to 164 of 181, columns 0 to 73 of 241]
85.123 90.123 94.124 94.125 96.126 96.128 90.130 81.133 67.136 56.140 55.144 56.148 55.153 54.158 59.164 73.171 84.178 89.185 89.193 86.202 78.210 69.218 60.224 54.227 59.226 61.218 60.203 61.180 59.159 54.139 68.116 91.092 58.071 0.000 0.000 0.000 0.000 49.874 61.860 58.834 60.815 66.802 84.799 70.801 54.803 53.807 53.811 65.816 86.821 27.826 0.848 0.000 0.000 0.000 0.000 0.000 0.000 0.000 0.000 0.000 0.000 0.000 0.000 0.000 20.717 0.580 4.310 45.237 68.104 72.007 71.899 81.984 109.448 99.798
63.140 65.140 68.141 74.142 84.144 90.146 95.148 95.151 88.154 74.157 63.162 57.166 61.171 68.177 81.183 96.190 95.198 92.205 92.213 95.221 95.229 91.236 79.241 67.244 59.244 54.239 55.230 54.217 55.204 63.191 85.178 93.166 5.157 0.000 0.000 0.000 7.898 35.898 53.924 62.917 63.901 60.884 61.886 71.887 66.887 59.884 63.880 71.877 84.874 25.872 11.870 17.876 0.000 0.000 0.000 0.000 0.000 0.000 0.000 0.000 0.000 0.000 0.000 0.000 2.732 0.000 52.371 74.297 70.180 79.153 70.215 109.576 98.333 99.844
55.157 55.157 55.158 57.159 62.161 66.163 73.166 82.168 90.172 93.175 87.180 85.184 87.190 90.196 89.203 82.210 73.217 71.225 71.233 76.241 82.249 89.256 92.261 91.265 80.266 70.265 65.261 63.255 72.249 88.244 89.239 75.236 8.235 0.000 0.000 0.000 0.000 0.000 37.021 64.009 42.989 30.948 45.973 60.977 75.972 79.963 81.950 82.937 78.925 5.919 0.000 20.883 17.884 5.883 11.882 5.882 0.000 0.000 0.000 0.000 0.000 0.000 36.873 6.827 72.747 94.650 127.476 83.439 78.488 59.443 95.505 100.011 99.912 108.640
56.174 56.175 56.176 56.177 55.179 54.181 56.183 61.186 67.190 77.193 87.198 89.203 82.208 72.215 66.222 58.229 54.238 54.246 54.254 56.262 61.270 67.277 74.284 86.289 91.292 93.294 92.295 88.294 91.295 84.296 66.299 58.305 37.313 0.000 0.000 0.000 0.000 0.000 30.130 63.110 6.096 0.000 39.081 64.076 83.063 91.045 77.022 79.995 65.973 23.959 0.000 47.889 16.887 8.884 19.883 19.882 0.000 0.000 0.000 0.000 0.000 23.970 42.920 115.862 144.784 127.652 111.191 110.127 101.794 100.442 100.307 100.165 65.387 110.301
56.192 56.192 56.193 56.195 56.196 56.199 56.201 55.204 55.208 58.211 64.216 63.221 59.226 55.233 55.241 55.249 56.258 56.267 56.276 56.285 55.293 54.301 56.308 62.314 69.320 78.325 86.329 82.334 71.339 59.347 55.357 60.372 68.399 44.455 22.481 22.481 8.452 9.383 45.260 66.207 16.191 0.000 58.194 90.182 92.161 71.133 74.097 73.049 61.013 49.985 0.942 28.896 2.891 0.000 3.882 0.000 0.000 0.000 0.000 0.000 0.000 5.023 67.972 73.892 69.878 71.030 68.998 100.800 100.687 100.569 67.750 70.523 72.390 74.050
56.210 56.210 56.211 56.213 56.214 56.217 56.219 56.222 56.226 56.230 55.234 55.238 55.244 56.251 56.260 56.269 56.279 56.289 56.298 56.307 56.316 56.325 56.333 55.341 54.349 55.357 59.365 57.373 56.383 60.395 63.410 62.429 60.455 62.487 62.507 59.511 59.491 63.439 38.321 24.266 13.269 31.352 76.322 90.296 70.266 63.231 62.183 42.093 38.046 1.016 0.000 0.000 0.000 0.000 0.000 0.000 0.559 15.531 30.510 0.410 14.215 77.098 84.093 82.167 80.152 81.230 101.010 100.907 82.010 88.797 81.646 87.414 79.251 58.188
56.227 56.228 56.229 56.230 56.232 56.235 56.238 56.241 56.244 56.248 56.252 56.256 56.261 56.268 56.278 56.290 56.301 56.312 56.322 55.331 62.341 64.350 56.360 55.369 54.379 55.389 57.400 60.412 63.425 62.441 57.459 58.480 65.505 68.531 64.552 58.563 55.565 64.559 0.000 0.000 0.000 71.465 80.445 67.414 59.377 79.341 25.313 0.000 0.000 0.000 0.000 0.000 0.000 0.000 0.000 0.000 25.586 67.548 96.498 57.410 90.255 98.407 95.370 94.461 101.299 101.206 101.110 94.103 95.974 95.669 94.526 93.454 11.367 0.000
56.245 56.246 56.247 56.248 56.251 56.253 56.256 56.260 56.263 56.266 59.270 59.273 57.277 61.283 59.295 56.311 56.324 56.335 55.346 53.356 64.366 72.376 58.386 55.397 57.409 60.421 62.434 61.449 58.466 60.484 65.505 67.529 68.554 68.581 63.605 57.627 66.647 85.674 4.734 0.000 0.000 45.600 68.579 65.540 69.488 89.443 23.416 0.000 0.000 0.000 0.000 0.000 0.000 0.000 0.000 23.679 75.631 91.575 94.498 99.482 96.628 93.614 101.553 101.472 101.388 93.425 94.205 95.073 94.751 94.720 87.648 64.552 0.000 0.000
56.263 56.264 56.265 56.267 56.269 56.272 56.275 56.279 56.282 57.285 64.288 64.290 41.291 9.294 30.308 60.335 54.349 57.360 63.371 66.381 66.391 62.402 58.413 59.425 62.438 61.453 60.468 62.485 66.505 66.526 68.550 67.576 58.604 53.633 55.662 68.691 87.722 97.757 19.794 0.000 0.000 20.755 76.732 78.680 85.592 84.527 20.493 0.000 0.000 0.000 0.000 0.000 0.000 1.824 27.792 71.736 93.652 96.663 95.745 95.740 94.825 101.707 101.631 93.641 94.436 95.293 95.076 94.928 94.882 86.813 78.770 0.000 0.000 0.000
56.281 56.281 56.283 56.285 56.287 56.291 56.294 56.298 56.302 58.306 67.308 78.308 54.305 0.000 0.000 45.372 71.379 63.387 61.396 61.406 59.417 58.428 60.440 62.453 60.467 56.483 58.501 70.520 72.542 62.566 56.593 53.621 53.652 58.685 72.719 88.755 85.795 69.839 41.892 9.968 3.988 47.934 76.913 58.856 49.676 41.579 6.536 0.000 0.000 0.000 0.000 0.000 0.000 20.856 71.824 93.735 95.926 94.917 95.022 101.924 101.854 101.781 93.709 95.585 95.294 95.165 95.107 95.031 88.953 75.887 65.849 0.000 0.000 0.000
56.299 56.299 56.300 56.302 56.305 56.310 56.314 56.319 56.323 58.327 68.330 55.329 11.317 0.000 0.000 13.403 67.407 59.414 61.422 60.432 58.442 61.454 62.467 59.480 56.496 52.513 62.532 76.553 63.577 53.604 54.634 59.666 69.700 80.736 91.775 84.817 62.862 57.913 76.968 84.024 85.061 89.082 64.130 25.156 0.000 0.000 0.000 0.000 0.000 0.000 0.000 0.000 25.966 71.898 93.913 96.097 95.117 102.119 102.056 101.992 93.988 94.780 95.662 95.357 95.338 95.275 95.197 96.103 84.021 54.933 43.891 1.891 0.000 0.000
55.317 55.317 56.318 56.320 56.323 56.328 56.334 56.340 56.346 59.351 69.357 40.361 0.000 0.000 37.440 39.432 56.433 58.439 46.447 28.456 66.467 61.479 57.492 56.507 54.523 56.540 72.561 75.584 57.610 60.640 72.673 81.708 90.745 88.785 76.828 62.875 55.926 71.982 76.042 64.101 45.152 43.201 31.371 11.483 1.325 0.000 0.000 14.437 9.437 0.000 0.000 20.049 72.067 95.165 96.185 94.295 102.238 102.179 94.162 94.967 95.838 95.641 95.514 95.486 95.430 95.375 98.302 62.166 42.093 0.000 0.000 0.000 0.000 0.000
64.335 62.334 59.334 57.336 54.340 54.347 54.354 54.361 53.369 58.376 70.385 53.399 34.427 42.443 60.449 56.451 53.455 59.462 54.470 41.480 61.491 55.504 54.517 54.532 56.548 70.566 78.587 44.612 36.640 86.674 91.710 86.749 75.789 65.832 57.878 53.928 64.985 77.048 45.117 20.186 3.246 0.000 11.668 10.823 1.696 3.196 6.352 34.437 18.437 0.000 0.000 52.297 94.332 93.455 102.410 102.354 102.297 94.206 96.088 95.810 95.699 95.664 97.616 92.560 94.526 95.494 106.469 0.000 0.000 0.000 0.000 0.000 0.000 0.000
65.354 67.352 73.349 74.350 74.356 71.366 72.376 71.384 70.391 70.400 72.410 55.423 59.440 58.453 55.462 58.469 58.476 57.484 62.493 64.504 58.515 52.528 54.542 56.557 70.573 75.590 64.611 58.636 67.667 90.704 73.746 64.789 56.831 54.875 56.923 55.977 70.039 79.110 43.191 19.283 7.399 9.601 12.810 5.162 6.852 13.222 15.422 8.524 0.000 0.000 30.500 72.543 102.565 102.515 102.464 94.451 95.250 96.140 95.845 95.837 96.791 96.741 69.692 47.623 82.617 96.607 101.612 41.666 0.000 0.000 0.000 0.000 0.000 0.000
58.376 52.373 5.360 7.359 16.367 63.388 60.398 60.406 60.414 64.423 73.432 54.444 55.456 54.468 57.478 61.487 62.496 60.505 59.515 62.526 63.538 60.552 54.566 71.580 77.596 68.612 74.631 91.655 88.687 70.731 58.782 54.829 56.872 56.916 55.963 61.017 77.083 79.162 71.257 74.354 45.467 7.595 0.101 0.092 12.249 19.419 9.589 6.714 0.000 25.586 73.676 102.660 102.613 94.605 95.407 96.284 96.094 95.977 95.957 96.906 94.860 88.815 13.790 0.000 64.713 99.705 96.707 95.721 0.000 0.000 0.000 0.000 0.000 0.000
56.402 48.403 0.000 0.000 0.000 59.419 55.424 55.430 55.437 59.444 73.453 51.463 55.474 59.485 61.496 62.505 59.515 56.526 54.537 56.549 66.561 79.575 74.589 75.604 52.618 46.632 98.646 84.666 51.696 11.750 31.824 59.872 56.913 56.955 58.997 52.045 36.115 26.199 38.319 78.412 54.520 7.715 3.166 0.000 8.477 13.618 7.800 13.025 13.616 51.757 102.730 93.805 97.536 96.432 96.243 96.130 96.102 96.062 97.016 96.975 61.931 37.870 23.864 26.865 77.816 98.795 94.788 85.789 3.789 0.000 0.000 0.000 0.000 0.000
56.429 56.433 39.446 0.000 0.000 60.447 56.449 56.454 55.459 56.466 71.474 58.483 61.493 63.504 62.514 57.525 54.535 55.546 55.558 54.570 64.584 87.598 83.613 70.628 63.642 54.653 30.655 19.667 6.681 0.000 12.894 61.920 56.955 58.993 42.027 16.051 1.164 0.000 40.411 57.454 26.487 0.000 2.828 8.246 15.564 11.778 5.963 0.290 3.669 51.097 102.819 96.694 96.446 96.266 96.247 96.207 96.163 96.121 94.082 85.046 18.020 0.000 34.931 93.917 98.890 96.871 90.862 80.859 0.000 0.000 0.000 0.000 0.000 0.000
53.452 55.455 52.460 0.000 0.000 60.473 55.474 53.476 55.480 59.486 63.493 62.502 62.512 60.523 54.534 55.544 55.555 56.567 56.579 61.592 79.606 78.621 71.637 80.654 78.670 49.683 0.000 0.000 0.000 0.000 10.938 61.961 56.995 60.034 31.068 0.000 27.355 53.414 73.460 42.507 0.000 0.000 0.000 0.000 7.755 7.967 8.301 3.360 2.947 103.070 102.947 95.609 96.444 96.341 96.303 96.261 96.220 98.180 83.142 66.109 26.082 2.067 50.011 79.981 88.956 97.939 86.929 75.927 0.000 0.000 0.000 0.000 0.000 0.000
60.473 58.476 47.479 0.000 46.508 54.498 56.496 60.498 61.501 62.506 60.512 61.521 59.531 55.542 55.553 56.564 56.575 55.587 57.600 80.613 79.628 61.644 74.661 72.680 76.701 74.726 37.761 0.000 2.922 32.940 37.960 57.991 57.031 57.080 52.145 44.251 61.346 60.427 54.509 76.608 24.747 0.000 0.000 1.511 6.734 5.035 6.444 30.962 55.556 103.177 97.960 97.684 97.421 96.402 96.358 96.316 97.275 95.236 50.199 27.165 39.134 40.105 94.069 96.039 76.015 85.998 80.989 53.992 19.016 0.000 0.000 0.000 0.000 0.000
61.492 62.496 59.502 47.516 61.518 61.517 61.517 62.518 62.521 63.524 75.529 57.538 55.551 55.563 56.574 56.584 56.595 57.607 71.620 82.634 57.649 61.666 88.684 80.705 68.729 71.759 74.798 58.853 63.904 78.939 71.973 60.012 53.057 53.112 64.179 80.264 67.352 39.441 11.540 66.670 55.887 5.352 8.806 14.161 10.493 1.995 4.506 45.970 98.345 103.267 94.939 97.576 98.499 96.455 96.413 96.370 89.329 79.290 36.252 7.217 16.184 17.152 78.120 120.091 101.067 77.049 69.039 48.036 57.041 10.040 0.000 0.000 0.032 21.075
66.508 66.513 62.520 62.528 62.532 63.534 63.536 59.538 56.540 55.541 18.543 8.551 59.572 56.584 56.595 56.605 55.615 58.627 82.639 68.653 53.669 59.687 76.706 93.728 88.753 85.782 83.817 79.859 75.901 74.940 82.981 80.027 74.076 70.131 73.196 77.273 39.356 3.445 2.541 18.647 14.778 0.554 9.905 20.104 16.430 7.694 1.616 45.088 103.439 103.354 97.841 99.668 96.550 96.511 97.466 93.424 77.382 70.342 76.304 82.267 66.233 88.199 103.168 120.139 129.114 113.094 75.080 80.072 55.070 0.000 0.000 0.000 0.000 0.000
5.518 6.530 66.536 61.544 61.549 56.552 53.555 55.558 50.560 3.560 3.551 0.000 60.603 56.609 56.616 56.625 56.635 74.646 81.658 54.672 56.688 56.706 59.726 65.748 67.772 67.800 63.832 66.866 82.902 75.939 66.985 70.039 77.088 81.141 84.203 81.275 56.356 21.444 4.531 3.598 0.000 0.000 4.842 13.918 0.000 0.000 15.038 75.290 103.522 95.210 98.907 98.638 96.613 96.564 97.520 92.476 79.434 45.393 52.354 95.316 106.280 138.245 129.213 101.182 89.155 106.132 85.115 79.103 54.098 0.000 0.000 0.000 0.000 0.000
0.000 1.558 15.551 70.562 55.568 53.572 55.576 55.579 56.583 3.586 0.000 49.636 57.629 56.631 56.637 56.645 58.654 82.664 67.676 53.689 56.705 56.723 56.744 55.766 55.789 55.815 54.843 61.872 90.902 69.928 0.977 9.057 21.096 72.143 82.200 66.269 71.350 58.445 10.540 7.618 0.000 0.000 11.702 3.810 0.000 0.000 33.257 103.689 103.605 98.091 99.812 95.712 96.665 96.617 96.571 96.527 83.484 46.443 61.402 98.364 94.326 128.290 123.255 92.223 97.192 83.166 64.144 82.129 60.120 0.000 0.000 0.000 0.000 0.000
54.603 50.593 0.000 62.587 72.589 73.593 54.597 66.601 73.608 49.617 47.637 57.644 56.647 56.651 56.657 56.664 75.672 79.682 54.692 56.705 55.721 54.739 56.761 56.782 56.805 56.828 55.853 63.879 92.905 73.931 19.953 0.000 44.098 69.135 82.187 61.250 51.330 10.447 3.567 6.715 4.961 13.207 17.454 0.000 0.000 12.272 74.477 103.771 95.376 99.065 98.800 96.769 96.717 96.669 96.622 97.577 88.533 77.491 100.450 125.410 113.371 130.333 127.296 121.261 128.226 94.194 71.167 81.147 89.134 18.131 0.000 0.000 0.000 0.000
56.613 55.612 50.616 56.610 55.610 3.613 77.617 69.622 56.629 57.638 57.649 56.657 56.663 56.669 56.675 59.682 82.690 65.698 55.707 56.718 62.733 70.753 56.777 54.799 56.820 55.841 58.863 82.886 90.910 65.936 53.966 42.011 64.065 63.111 24.164 9.216 6.273 0.000 0.000 0.000 0.000 0.000 0.450 0.000 15.471 72.539 94.649 103.853 96.335 96.957 96.870 96.818 96.767 96.718 96.671 97.625 88.581 71.538 67.496 100.455 90.415 104.376 107.337 95.298 97.258 69.218 46.184 60.158 127.140 80.127 15.114 5.102 27.091 48.084
56.626 56.625 56.627 56.627 56.629 50.633 66.637 82.643 58.649 55.657 56.666 56.673 56.680 56.687 55.694 78.701 80.708 54.715 56.721 57.728 54.741 16.764 75.797 70.817 57.835 55.853 73.872 92.892 76.914 56.938 56.966 58.001 61.040 65.081 2.141 3.178 0.000 0.000 0.000 0.000 0.000 0.000 0.000 0.000 38.669 95.745 104.014 103.933 96.229 97.040 96.914 96.867 96.816 96.767 96.719 95.673 80.628 82.584 102.541 121.500 120.459 125.418 130.377 117.335 115.290 102.238 51.192 49.161 125.139 89.125 27.113 20.101 85.087 118.081
56.639 56.638 56.639 56.644 56.648 56.652 56.657 67.662 82.668 58.676 55.683 56.691 56.698 54.706 62.713 83.720 63.727 55.732 57.735 55.731 0.000 0.000 63.830 64.839 70.851 69.865 77.881 76.898 57.916 55.937 57.961 60.988 66.013 66.032 0.000 0.000 0.000 0.000 0.000 0.000 0.000 0.000 0.000 0.819 47.092 101.024 104.093 95.601 97.275 97.001 96.970 96.914 96.863 96.813 96.766 96.719 82.674 78.629 99.586 100.544 100.502 103.460 103.419 102.377 107.328 80.251 56.187 71.153 86.132 25.121 0.000 0.000 29.076 55.075
56.655 58.647 58.649 56.661 56.667 56.671 56.676 56.681 67.687 82.694 58.702 53.709 53.717 70.725 82.732 76.740 53.747 56.753 52.757 0.000 0.000 49.862 56.854 56.858 62.865 79.876 79.888 72.902 65.917 57.933 44.952 14.977 79.993 60.003 0.000 0.000 0.000 0.000 0.000 0.000 0.000 0.000 0.000 1.132 20.782 104.254 104.173 96.465 97.172 97.066 97.013 96.960 96.908 96.859 96.811 97.764 92.719 82.674 77.630 76.587 76.544 76.503 76.463 80.425 54.394 0.000 24.150 80.133 76.116 37.105 0.000 0.000 28.067 74.068
57.680 0.000 0.000 56.685 55.687 54.691 54.695 53.700 53.706 66.713 81.721 74.728 81.736 83.744 70.752 54.760 61.769 61.776 49.783 0.000 0.000 60.870 56.869 58.872 82.878 89.886 67.895 58.905 65.916 72.927 60.936 0.000 39.980 57.983 0.000 0.000 0.000 0.000 0.000 0.000 0.000 0.000 0.000 1.481 7.235 104.333 101.751 97.419 97.150 97.114 97.056 97.003 96.952 96.903 96.855 96.809 97.763 96.718 94.674 93.630 93.586 94.545 96.504 70.466 12.430 0.000 9.132 65.113 96.095 87.078 60.056 36.051 53.058 56.062
56.705 55.714 0.000 55.707 66.708 70.710 74.714 79.718 82.724 83.732 83.740 83.748 69.756 56.764 72.773 89.782 90.791 90.802 83.815 61.836 0.000 57.879 55.881 64.884 92.888 79.894 56.901 55.909 57.917 60.924 51.930 0.000 16.965 16.967 0.000 0.000 0.000 0.000 0.000 0.000 0.000 0.000 9.006 10.549 3.807 104.404 105.691 101.301 97.209 97.152 97.098 97.045 96.995 96.946 96.898 96.852 96.807 96.762 96.717 96.672 97.627 100.585 72.544 5.505 0.000 0.000 0.000 10.093 66.073 97.055 88.041 64.038 41.051 10.056
56.722 58.722 54.732 56.728 71.727 70.729 66.732 62.736 61.741 57.750 78.759 68.768 79.776 70.784 86.793 82.803 75.813 76.826 87.840 93.858 82.879 83.887 75.892 83.895 91.898 64.902 55.907 56.912 56.918 55.924 55.930 57.937 52.949 1.954 61.946 52.944 0.000 0.000 0.000 0.000 0.000 0.000 77.622 74.832 104.508 104.460 99.574 100.371 97.242 97.192 97.137 97.085 97.035 96.987 96.940 96.895 96.850 96.806 96.761 98.714 103.665 72.623 12.584 0.000 0.000 0.000 0.000 0.000 7.050 58.027 93.015 43.010 0.000 0.000
58.740 0.000 53.746 56.745 56.746 56.747 55.750 56.752 58.754 56.770 68.780 63.788 72.796 83.805 71.813 56.823 57.835 58.848 59.863 64.878 77.891 87.899 93.904 91.907 80.908 56.910 56.913 56.916 56.920 56.924 57.929 80.934 53.939 0.000 57.941 7.942 1.941 0.000 0.000 0.000 0.000 9.074 97.385 99.587 104.548 97.937 97.596 97.320 97.286 97.228 97.175 97.124 97.075 97.027 96.981 96.937 96.893 96.850 98.807 83.760 37.694 4.659 0.000 0.000 0.000 0.000 0.000 0.000 0.000 28.987 90.982 42.978 0.000 0.000
59.758 0.000 53.762 56.762 56.763 56.765 56.768 57.770 0.000 55.797 59.802 70.809 70.817 78.825 83.833 69.843 54.854 54.869 54.885 56.899 58.910 59.916 60.919 60.919 59.919 58.919 54.918 54.919 55.922 56.925 67.928 81.931 52.934 46.934 48.936 0.000 0.000 0.000 0.000 0.000 0.000 13.053 96.179 104.613 104.580 96.779 97.480 97.372 97.317 97.262 97.210 97.160 97.113 97.066 97.022 96.978 96.935 96.894 101.856 57.826 0.000 0.000 0.000 0.000 0.000 0.000 0.000 0.000 0.000 31.953 91.948 50.943 0.000 0.000
