results4_8e4_rain/res_4e8f-0192.wd
ncols         241
nrows         181
xllcorner     12693529.787448
yllcorner     3542525.717860
cellsize      155.156523
NODATA_value  -9999.000000
[rows 66 to 98 of 181, columns 146 to 218 of 241]
37.953 52.891 74.832 75.778 75.728 75.682 75.639 75.599 75.563 78.533 14.513 0.000 2.381 0.000 0.000 0.000 0.000 0.859 47.860 22.860 0.000 29.858 59.857 59.856 59.856 66.856 72.854 72.852 72.849 72.846 72.841 72.836 72.831 72.825 72.820 74.815 59.812 60.809 52.808 0.000 0.000 0.000 0.000 0.000 29.149 36.139 45.120 39.083 17.033 15.002 29.977 50.953 58.929 52.906 47.882 47.858 37.835 34.811 34.787 37.764 58.741 70.719 65.698 54.677 61.657 68.637 72.619 72.601 71.584 71.567 71.552 71.536 71.522
41.014 59.951 77.892 75.837 75.789 75.744 75.703 75.663 80.625 69.593 39.579 36.595 0.000 0.000 0.000 0.000 0.000 18.859 20.860 0.000 0.000 0.000 29.853 60.853 69.853 72.852 72.851 72.849 72.847 76.843 74.840 72.836 72.831 72.827 71.822 63.818 57.815 63.812 53.811 0.000 0.000 0.000 0.000 21.140 35.141 40.137 36.130 0.000 1.986 11.972 31.953 34.933 48.912 57.890 46.868 45.844 43.821 34.797 34.774 33.750 39.727 63.705 70.683 55.662 57.641 59.622 61.603 65.585 69.568 71.551 72.535 71.520 71.506
46.072 67.008 76.946 75.892 75.845 75.804 73.766 72.726 27.679 12.637 43.615 49.611 14.614 0.000 0.000 0.000 0.000 0.000 0.000 0.000 0.000 13.850 42.851 62.851 72.850 72.849 72.848 72.847 72.844 74.842 73.839 72.835 72.832 73.828 63.825 61.821 64.817 59.814 51.813 0.000 0.000 0.000 0.000 39.139 42.139 4.136 3.133 0.000 6.954 39.945 41.931 51.914 54.895 65.875 63.854 51.831 40.808 32.784 34.760 34.736 29.713 43.690 60.668 64.646 69.625 66.606 59.586 64.568 67.551 67.534 65.519 67.503 70.489
51.130 74.061 77.993 78.937 75.897 76.862 71.830 17.798 1.756 42.662 43.632 48.620 56.617 0.000 0.000 0.000 0.000 0.000 0.000 0.000 0.000 25.849 48.849 61.848 73.848 72.847 72.846 72.844 72.843 73.840 72.838 72.835 72.833 69.830 63.827 28.822 1.820 0.000 0.000 0.000 0.000 0.000 0.000 35.139 42.139 0.000 0.000 0.000 56.930 42.924 37.912 65.897 70.880 71.862 75.841 69.818 57.795 37.771 34.746 34.722 32.698 33.674 39.651 40.630 47.608 55.588 62.569 66.551 67.533 68.517 64.501 67.486 68.472
33.189 38.115 48.026 23.969 80.943 77.917 62.893 39.874 9.869 0.000 0.000 0.000 0.000 0.000 0.000 0.000 0.000 0.000 0.000 0.000 0.000 26.848 51.847 54.846 70.846 72.845 72.844 72.843 76.841 75.840 72.838 72.835 73.833 64.832 67.830 0.000 0.000 0.000 0.000 0.000 0.000 0.000 0.000 0.000 29.139 38.139 0.000 0.000 87.914 50.907 32.896 63.883 71.867 71.850 71.830 74.807 73.783 53.758 36.732 34.707 32.682 35.658 36.635 44.612 49.591 38.570 38.551 43.533 48.515 54.498 59.483 63.468 67.454
79.256 58.186 0.000 0.000 84.991 76.969 63.951 45.937 12.929 0.000 0.000 0.000 0.000 0.000 0.000 0.000 0.000 0.000 0.000 0.000 0.000 0.000 12.845 56.845 72.844 72.843 72.843 72.841 74.840 73.839 72.837 72.836 73.834 61.833 71.832 0.000 0.000 0.000 0.000 0.000 0.000 0.000 0.000 0.000 0.000 5.139 13.139 0.000 24.904 40.894 33.883 63.871 71.857 71.840 72.821 72.797 72.772 65.745 41.718 37.692 35.666 32.641 53.617 65.594 71.572 55.551 48.532 44.513 42.496 39.479 39.464 39.449 67.435
55.334 0.000 0.000 82.176 82.061 80.016 71.007 55.995 11.980 0.000 0.000 0.000 0.000 0.000 0.000 0.000 0.000 0.000 0.000 0.000 0.000 0.000 38.843 61.843 73.843 72.842 72.841 73.840 72.839 72.838 72.837 72.836 73.835 66.834 31.833 0.000 0.000 0.000 0.000 0.000 0.000 0.000 0.000 0.000 0.000 0.000 0.000 0.000 0.000 37.882 36.871 54.861 69.849 72.834 66.815 62.790 68.762 59.732 42.703 41.676 50.649 45.623 68.598 72.574 71.552 69.531 69.511 66.493 64.476 61.459 57.444 49.429 69.415
82.380 72.380 78.350 34.291 0.000 1.041 77.066 51.055 12.017 0.000 14.261 0.000 0.000 0.000 0.000 0.000 0.000 0.000 0.000 0.000 0.000 1.841 54.841 66.841 73.841 72.841 72.840 74.839 74.839 72.838 72.837 72.836 71.835 67.834 16.834 0.000 0.000 0.000 0.000 0.000 0.000 0.000 0.000 0.000 0.000 0.000 0.000 0.000 0.000 0.000 25.857 51.852 69.843 70.832 51.815 54.787 56.755 53.717 38.687 35.660 58.632 67.604 71.577 73.553 73.531 74.510 72.490 72.472 73.455 72.439 73.423 73.409 72.395
84.427 76.409 81.379 32.347 0.000 0.000 68.147 16.140 0.000 0.000 46.261 9.262 0.000 0.000 0.000 0.000 0.000 0.000 0.000 0.000 0.000 0.840 57.840 69.840 73.840 72.840 72.839 73.839 73.838 72.837 72.836 73.836 69.835 64.834 14.834 0.000 0.000 0.000 0.000 0.000 0.000 0.000 0.000 0.000 0.000 0.000 0.000 0.000 17.847 19.847 30.849 46.847 68.841 70.834 16.828 0.000 0.000 43.692 37.668 32.644 46.615 65.583 71.555 73.530 73.508 73.487 71.467 71.449 72.433 71.417 71.402 72.388 72.374
76.493 76.449 76.409 74.372 61.340 47.295 40.234 39.219 35.245 38.257 41.261 41.262 13.262 0.000 0.000 0.000 0.000 0.000 18.837 20.837 0.000 10.839 56.839 70.839 72.839 72.839 72.838 72.838 72.837 72.837 72.836 72.835 54.835 49.835 47.834 42.834 6.834 0.000 0.000 0.000 0.000 0.000 0.000 0.000 0.000 0.000 0.000 0.000 21.846 47.846 38.846 42.844 62.840 63.837 36.834 0.000 0.000 0.000 34.650 39.632 38.602 57.559 70.530 71.505 71.483 71.462 71.443 71.426 71.410 71.394 71.380 71.366 71.353
76.534 76.485 76.437 75.393 72.352 74.312 48.275 27.258 65.260 38.263 42.265 18.263 0.000 0.000 0.000 0.000 0.000 0.000 18.837 64.837 13.838 1.838 55.838 69.838 73.838 72.838 74.838 75.837 73.837 72.836 72.836 70.835 63.835 54.834 55.834 54.834 7.834 0.000 0.000 0.000 0.000 0.000 0.000 0.000 0.000 0.000 0.000 0.000 15.845 50.845 42.844 49.843 64.840 59.838 65.836 0.000 0.000 0.000 0.000 0.000 0.000 47.520 70.500 71.478 71.456 71.436 71.418 71.401 71.386 71.371 71.357 71.344 71.331
76.570 76.519 77.462 79.410 76.364 76.325 75.295 76.279 67.273 45.271 17.271 0.000 0.000 0.000 0.000 0.000 0.000 0.000 5.837 57.837 44.837 34.837 50.838 72.838 72.838 72.837 72.837 72.837 72.836 72.836 72.836 72.835 70.835 49.834 53.834 60.834 3.834 0.000 0.000 0.000 0.000 0.000 0.000 0.000 0.000 0.000 0.000 0.000 11.845 62.844 6.844 29.842 52.840 59.839 20.837 0.000 0.000 0.000 0.000 0.000 0.000 1.496 59.472 72.450 71.428 71.409 71.391 71.375 71.361 71.347 71.334 71.321 71.308
79.609 75.560 72.481 74.420 77.371 77.327 79.303 76.289 74.282 61.278 10.277 0.000 0.000 0.000 0.000 0.000 0.000 0.000 0.000 13.837 48.837 40.837 56.837 74.837 72.837 72.837 72.837 72.836 72.836 72.836 72.835 72.835 73.835 62.834 49.834 53.834 59.834 1.833 0.000 0.000 0.000 0.000 0.000 0.000 0.000 0.000 0.000 0.000 0.000 7.844 0.000 0.000 37.840 56.839 0.000 0.000 0.000 0.000 0.000 0.000 0.000 0.000 47.447 68.422 71.398 71.379 71.363 71.348 71.335 71.322 71.310 71.297 71.285
72.655 33.632 0.000 0.000 0.000 69.310 74.301 80.292 76.287 65.283 15.282 0.000 49.287 19.287 0.000 0.000 0.000 0.000 0.000 0.000 40.837 44.837 65.837 73.837 74.837 75.836 72.836 72.836 72.836 72.835 72.835 72.835 72.834 73.834 52.834 34.834 43.833 4.833 0.000 0.000 0.000 0.000 0.000 0.000 0.000 0.000 0.000 0.000 0.000 0.000 0.000 0.000 26.839 59.839 0.000 0.000 0.000 0.000 0.000 0.000 0.000 0.000 0.000 48.393 68.364 71.346 71.333 71.320 71.309 71.297 71.286 71.274 71.262
67.694 24.682 0.000 0.000 44.302 42.302 59.298 78.293 75.289 60.286 41.285 45.286 49.287 15.287 0.000 0.000 0.000 0.000 11.835 0.000 41.836 52.836 72.836 72.836 75.836 75.836 72.836 72.836 72.835 72.835 72.835 72.834 72.834 73.834 69.834 64.833 53.833 33.833 27.833 0.000 0.000 0.000 0.000 0.000 0.000 0.000 0.000 0.000 0.000 0.000 0.000 0.000 28.839 20.839 0.000 0.000 0.000 0.000 0.000 0.000 0.000 0.000 0.000 0.000 53.317 69.310 71.301 71.292 71.282 71.272 71.261 71.250 71.239
73.725 54.718 26.725 0.000 0.000 44.299 44.296 66.293 78.290 56.288 43.287 48.287 26.287 0.000 0.000 0.000 0.000 0.000 40.835 33.836 38.836 55.836 74.836 74.836 75.836 72.836 72.836 72.835 72.835 72.835 72.835 72.834 72.834 72.834 72.833 74.833 63.833 51.833 40.832 41.832 34.832 25.832 30.832 0.000 0.000 0.000 0.000 0.000 0.000 0.000 0.000 0.000 31.839 6.839 0.000 0.000 0.000 0.000 0.000 0.000 0.000 0.000 0.000 0.000 38.279 66.275 70.270 71.264 71.256 71.248 71.238 71.227 71.215
76.748 67.740 20.733 0.000 0.000 0.000 43.294 48.292 75.290 63.289 44.288 47.287 22.287 0.000 0.000 0.000 0.000 0.000 43.835 36.835 39.836 57.836 76.836 75.836 73.836 73.836 72.835 72.835 72.835 72.835 72.834 73.834 73.834 73.834 67.833 58.833 62.833 69.832 62.832 60.832 48.832 35.832 42.831 0.831 0.000 0.000 0.000 0.000 0.000 0.000 0.000 0.000 0.000 0.000 0.000 0.000 0.000 0.000 0.000 0.000 0.000 0.000 0.000 0.000 30.243 61.242 71.240 73.237 73.231 73.225 72.216 71.205 71.193
76.767 51.761 0.000 0.000 0.000 0.000 0.000 50.290 63.290 57.289 56.288 53.288 43.288 21.288 0.000 0.000 0.000 0.000 42.835 35.835 40.835 55.835 67.835 64.836 59.836 61.835 66.835 71.835 73.835 73.835 71.834 61.834 59.834 64.833 53.833 50.833 50.832 61.832 65.832 60.832 46.832 35.831 7.831 0.000 0.000 0.000 0.000 0.000 0.000 0.000 0.000 0.000 0.000 0.000 0.000 0.000 0.000 0.000 0.000 0.000 1.113 0.000 0.000 0.000 18.208 43.211 49.212 51.211 51.208 52.203 61.195 70.185 71.171
75.781 41.777 0.000 0.000 0.000 0.000 0.000 45.290 39.289 38.289 46.288 46.288 46.288 42.288 15.288 0.000 0.000 0.000 47.835 42.835 47.835 57.835 60.835 63.835 21.835 0.000 0.000 12.835 73.835 70.835 59.834 14.834 0.000 0.000 52.833 84.832 77.832 56.832 62.832 56.832 45.831 30.831 33.831 0.000 0.000 0.000 0.000 0.000 0.000 0.000 0.000 0.000 0.000 0.000 0.000 0.000 0.000 0.000 14.113 4.113 22.113 43.118 54.128 53.144 71.170 79.181 80.186 78.188 80.187 67.184 50.178 68.168 71.151
73.792 38.790 0.000 0.000 0.000 0.000 0.000 45.290 41.289 20.289 0.000 0.000 0.287 0.000 0.000 0.000 0.000 0.000 53.835 47.835 42.835 38.835 24.835 0.000 0.000 0.000 0.000 0.000 0.000 0.000 46.834 8.834 0.000 0.000 0.000 47.832 80.832 40.832 41.832 40.831 36.831 39.831 86.831 45.831 0.000 0.000 0.000 0.000 0.000 0.000 0.000 0.000 0.000 0.000 0.000 0.000 13.086 4.086 0.000 0.000 8.109 90.113 86.122 68.133 69.148 66.157 67.164 89.167 82.169 68.169 48.166 57.157 56.135
59.800 40.799 34.802 0.000 0.000 0.000 0.000 0.000 43.289 27.289 0.000 0.000 0.000 0.000 0.000 0.000 0.000 0.000 53.835 53.835 54.835 37.835 12.835 0.000 0.000 0.000 0.000 0.000 0.000 0.000 42.834 19.834 0.000 0.000 0.000 46.832 95.832 59.832 62.831 57.831 42.831 60.831 114.831 111.831 42.831 0.000 0.000 0.000 0.000 0.000 0.000 0.000 0.000 0.000 0.000 0.000 3.086 21.086 11.088 9.092 18.099 93.105 60.112 68.120 59.130 40.138 51.144 94.148 60.152 47.155 54.160 8.158 0.000
43.806 43.804 29.804 0.000 0.000 0.000 0.000 0.000 0.000 0.000 0.000 0.000 0.000 0.000 0.000 0.000 0.000 0.000 56.835 47.835 41.835 39.835 13.835 0.000 0.000 0.000 0.000 0.000 0.000 39.834 32.834 57.834 53.834 0.000 5.832 52.832 58.832 50.831 93.831 82.831 53.831 6.831 70.831 125.831 9.831 0.000 0.000 0.000 0.000 0.000 0.000 0.000 22.085 19.085 14.085 3.085 72.085 110.085 101.086 97.088 44.092 88.096 56.100 45.106 92.113 73.119 93.125 74.131 44.136 52.140 0.000 0.000 0.000
46.810 47.808 39.807 0.000 0.000 0.000 0.000 0.000 0.000 0.000 0.000 0.000 0.000 0.000 0.000 0.000 0.000 0.000 10.835 51.835 41.835 19.835 0.000 0.000 0.000 0.000 0.000 0.000 0.000 41.834 38.834 14.834 0.000 0.000 0.000 26.832 5.832 0.000 6.831 48.831 4.831 0.000 26.831 92.831 47.831 0.000 0.000 0.000 0.000 0.000 0.000 0.000 0.000 4.085 0.000 0.000 28.085 8.084 72.082 76.083 27.084 88.085 65.088 38.092 56.096 106.102 120.107 54.113 42.120 9.130 0.000 0.000 17.947
45.812 46.810 46.809 50.809 42.809 0.000 0.000 0.000 0.000 0.000 0.000 0.000 0.000 0.000 0.000 0.000 0.000 0.000 0.000 41.835 37.835 21.835 0.000 0.000 0.000 0.000 0.000 0.000 42.833 39.834 16.834 0.000 0.000 0.000 0.000 0.831 0.000 0.000 0.000 52.831 1.831 0.000 26.831 0.000 0.000 0.000 0.000 0.000 0.000 0.000 0.000 0.000 0.000 13.085 7.085 9.085 2.085 0.000 48.077 67.076 26.075 90.074 70.074 40.076 89.079 92.084 87.089 95.095 59.101 0.000 0.000 0.914 31.929
47.814 25.811 36.810 45.810 45.809 45.809 44.809 0.000 0.000 0.000 0.000 0.000 0.000 0.000 0.000 0.000 0.000 0.000 0.000 43.834 39.834 23.834 0.000 0.000 0.000 0.000 0.000 0.000 0.000 45.833 17.834 0.000 0.000 0.000 0.000 0.000 0.000 4.830 16.830 39.830 43.830 20.830 0.000 0.000 0.000 0.000 0.000 0.000 0.000 0.000 0.000 0.000 0.000 2.085 0.083 6.084 0.000 0.000 51.072 71.070 31.067 91.062 76.059 90.059 90.061 49.065 42.070 87.076 36.089 0.000 0.000 32.898 40.907
52.817 0.000 0.000 42.810 31.809 0.000 44.809 34.809 0.000 0.000 0.000 0.000 0.000 0.000 0.000 0.000 0.000 0.000 0.000 42.834 39.834 27.834 0.000 0.000 0.000 0.000 0.000 0.000 0.000 0.000 0.000 0.000 0.000 0.000 0.000 0.000 0.000 0.000 55.830 72.830 33.830 0.000 0.000 0.000 0.000 0.000 0.000 0.000 0.000 0.000 0.000 0.000 0.000 0.000 0.000 11.084 0.000 0.000 86.069 72.067 33.060 91.046 88.042 80.041 72.042 58.044 59.048 28.052 0.000 0.000 16.877 35.884 42.889
49.818 0.000 0.000 29.809 21.809 0.000 0.000 0.000 0.000 53.814 49.814 40.814 0.000 0.000 0.000 0.000 0.000 0.000 0.000 46.834 42.834 24.834 0.000 0.000 0.000 0.000 0.000 0.000 0.000 0.000 0.000 0.000 0.000 0.000 0.000 0.000 0.000 0.000 18.830 102.830 68.830 0.000 0.000 0.000 0.000 0.000 0.000 0.000 0.000 0.000 0.000 0.000 0.000 0.000 0.000 0.000 0.000 0.000 18.069 0.000 0.000 65.022 106.020 85.020 84.021 82.023 85.027 33.033 0.000 0.000 20.870 34.872 35.874
65.818 0.000 0.000 0.000 0.000 51.815 38.815 0.000 49.814 43.814 43.814 35.814 0.000 0.000 0.000 0.000 0.000 0.000 0.000 46.834 41.834 29.834 0.000 0.000 0.000 0.000 0.000 0.000 0.000 0.000 0.000 0.000 0.000 0.000 0.000 0.000 0.000 0.000 0.000 46.830 38.830 9.830 0.000 0.000 0.000 0.000 0.000 0.000 0.000 0.000 0.000 0.000 0.000 0.000 0.000 0.000 0.000 0.000 0.000 0.000 0.000 11.999 47.998 48.998 46.998 47.000 44.004 40.018 0.000 0.000 13.861 34.861 32.860
76.818 65.817 47.817 48.817 47.816 41.816 42.815 43.815 41.814 46.814 45.814 36.814 33.814 0.000 0.000 0.000 0.000 0.000 0.000 33.834 0.000 0.000 0.000 0.000 0.000 0.000 0.000 0.000 0.000 0.000 0.000 0.000 0.000 0.000 0.000 0.000 0.000 0.000 0.000 0.000 45.830 8.830 0.000 0.000 0.000 0.000 0.000 0.000 0.000 0.000 0.000 0.000 0.000 0.000 0.000 0.000 0.000 0.000 0.000 0.000 0.000 2.976 35.976 34.976 34.975 50.973 45.971 0.000 0.000 0.000 6.853 47.851 59.847
76.818 70.817 40.817 40.817 40.816 23.816 24.815 28.815 38.814 47.814 44.814 36.814 39.813 28.813 0.000 0.000 0.000 0.000 0.000 0.000 0.000 0.000 0.000 0.000 0.000 0.000 0.000 0.000 0.000 0.000 0.000 0.000 0.000 0.000 0.000 0.000 0.000 0.000 0.000 0.000 2.830 48.830 7.829 0.000 0.000 0.000 0.000 0.000 0.000 0.000 0.000 0.000 0.000 0.000 0.000 0.000 0.000 0.000 0.000 0.000 27.943 30.953 34.955 34.955 36.952 55.946 45.937 28.916 0.000 0.000 42.846 63.842 70.836
76.818 74.817 44.817 41.817 21.816 0.000 0.000 0.000 0.000 38.814 41.814 39.813 32.813 0.000 0.000 0.000 0.000 0.000 0.000 0.000 0.000 0.000 0.000 0.000 0.000 0.000 0.000 0.000 0.000 0.000 0.000 0.000 0.000 0.000 0.000 0.000 0.000 0.000 0.000 0.000 0.829 51.829 13.829 0.000 0.000 0.000 0.000 0.000 0.000 0.000 0.000 0.000 0.000 0.000 0.000 0.000 0.000 0.000 0.000 0.000 38.933 35.936 34.937 30.936 43.931 60.924 44.913 33.895 28.872 28.855 52.843 69.834 70.826
76.817 74.817 27.817 31.817 0.000 0.000 0.000 0.000 0.000 0.000 29.813 42.813 34.813 0.000 0.000 0.000 0.000 0.000 0.000 0.000 0.000 0.000 0.000 0.000 0.000 0.000 0.000 0.000 0.000 0.000 0.000 0.000 0.000 0.000 0.000 0.000 0.000 0.000 0.000 0.000 0.000 0.829 19.829 0.000 0.000 0.000 0.000 0.000 0.000 0.000 0.000 0.000 7.903 15.903 0.000 0.000 0.000 0.000 0.000 32.915 30.920 29.923 34.922 48.919 61.914 51.906 35.895 33.881 35.865 32.850 53.838 71.827 70.816
76.817 50.817 0.000 0.000 0.000 0.000 0.000 0.000 0.000 0.000 0.000 32.813 39.813 37.813 0.000 0.000 0.000 0.000 0.000 0.000 0.000 0.000 0.000 0.000 0.000 0.000 0.000 0.000 0.000 0.000 0.000 0.000 0.000 0.000 0.000 0.000 0.000 0.000 0.000 0.000 0.000 0.000 0.000 0.000 0.000 0.000 0.000 0.000 0.000 0.000 0.000 0.000 0.000 8.903 10.903 0.000 37.904 29.904 27.906 39.909 53.911 58.911 60.909 60.905 46.899 34.891 33.881 33.869 32.856 34.843 57.831 72.819 70.807
