results4_8e4_rain/res_4e8f-0026.wd
ncols         241
nrows         181
xllcorner     12693529.787448
yllcorner     3542525.717860
cellsize      155.156523
NODATA_value  -9999.000000
[rows 33 to 65 of 181, columns 75 to 149 of 241]
0.000 0.000 0.000 0.000 0.000 0.000 0.000 0.000 0.000 0.000 0.000 0.000 0.000 0.000 0.000 0.000 0.000 0.000 0.000 0.000 0.000 0.000 0.000 0.000 0.000 0.000 0.000 0.000 0.000 0.000 0.000 0.000 0.000 0.000 0.000 0.000 0.000 26.199 49.200 54.202 10.203 0.000 0.000 19.302 33.324 0.309 0.000 23.399 26.415 20.429 21.440 22.446 22.448 22.446 22.439 21.429 27.416 47.402 0.000 1.994 0.000 34.659 51.427 56.145 54.860 55.602 54.266 56.474 51.635 51.238 51.438 53.816 53.148 52.997 53.762
0.000 0.000 0.000 0.000 0.000 0.000 0.000 0.000 0.000 0.000 0.000 0.000 0.000 0.000 0.000 0.000 0.000 0.000 0.000 0.000 0.000 0.000 0.000 0.000 0.000 0.000 0.000 0.000 0.000 0.000 0.000 0.000 0.000 0.000 0.000 0.000 0.000 0.000 1.199 0.000 0.000 0.000 0.000 0.000 15.376 0.000 0.000 13.427 37.457 36.473 26.485 22.492 22.494 22.491 22.483 21.471 43.453 41.427 0.000 24.995 37.701 51.173 55.808 55.482 55.191 54.827 56.010 52.136 51.441 51.906 54.319 53.660 53.518 53.285 54.072
0.000 0.000 0.000 0.000 0.000 0.000 0.000 0.000 0.000 0.000 0.000 0.000 0.000 0.000 0.000 0.000 13.428 45.428 0.000 0.000 0.000 0.000 0.000 0.000 0.000 0.000 0.000 0.000 0.000 0.000 0.000 0.000 0.000 0.000 0.000 0.000 0.000 0.000 0.000 0.000 0.000 0.000 0.000 0.000 7.429 0.000 0.000 0.000 15.512 33.523 33.535 24.544 22.547 22.542 20.532 36.518 45.501 0.000 10.625 35.289 49.936 56.524 56.146 55.813 55.413 57.563 53.654 51.766 52.385 54.819 54.166 54.031 53.800 53.584 53.370
0.000 0.000 0.000 0.000 0.000 0.000 0.000 0.000 0.000 0.406 38.410 0.000 0.000 0.000 0.000 0.000 20.429 71.429 27.429 0.000 0.000 0.000 0.000 0.000 0.000 0.000 0.000 0.000 0.000 0.000 0.000 0.000 0.000 0.000 0.000 0.000 0.000 0.000 0.000 0.000 0.000 0.000 0.000 0.000 10.482 11.513 18.536 4.552 14.556 22.571 35.589 26.603 22.606 19.599 30.586 40.568 29.531 5.352 34.962 52.601 57.230 56.837 56.470 56.031 56.142 55.199 52.205 52.887 55.331 54.681 54.547 54.316 54.098 53.877 53.661
0.000 0.000 0.000 0.000 0.000 0.000 0.000 0.000 0.000 21.410 56.411 45.413 32.414 0.000 0.000 5.430 59.430 67.430 32.431 0.000 0.000 0.000 0.000 9.372 0.000 0.000 0.000 0.000 0.000 0.000 0.000 0.000 0.000 0.000 0.000 0.000 0.000 0.000 0.000 0.000 15.480 0.000 0.000 26.503 41.504 44.521 42.543 28.565 22.589 21.618 35.649 26.671 18.676 32.663 46.643 34.638 22.704 37.563 42.271 54.922 57.540 57.157 56.685 56.753 54.776 52.757 53.417 55.864 55.214 55.080 54.846 54.621 54.393 54.167 53.945
0.000 0.000 0.000 0.000 0.000 0.000 0.000 0.000 0.000 0.000 54.413 37.415 18.416 0.000 1.429 51.430 62.431 69.432 28.433 0.000 0.000 0.000 0.000 47.373 31.373 0.000 0.000 0.000 0.000 0.000 0.000 0.000 0.000 0.000 10.456 22.456 24.457 0.000 0.000 6.477 31.481 10.487 24.494 47.502 50.511 51.526 48.548 35.579 22.616 19.663 36.719 27.758 31.765 49.732 43.688 0.000 21.085 39.924 52.637 58.274 57.883 57.386 57.408 55.398 53.443 53.983 56.424 55.776 55.640 55.399 55.165 54.924 54.687 54.454 54.223
0.000 0.000 0.000 0.000 0.000 0.000 0.000 0.000 0.000 0.000 0.000 5.417 43.420 39.425 27.429 40.432 60.434 71.435 24.437 0.000 0.000 0.000 0.000 9.373 33.374 35.376 0.000 0.000 0.000 0.000 0.000 0.000 0.000 0.000 26.456 27.457 39.458 22.462 11.468 25.474 26.480 22.486 29.493 36.501 34.511 27.525 46.546 12.586 28.634 31.701 21.805 33.876 46.896 43.814 0.000 0.000 32.628 49.409 58.080 58.671 58.161 58.130 55.088 54.309 54.598 57.023 56.373 56.233 55.988 55.744 55.486 55.225 54.975 55.741 48.505
0.000 0.000 0.000 0.000 0.000 0.000 0.000 0.000 0.000 0.000 0.000 0.000 62.424 57.427 47.431 37.434 61.437 69.440 64.443 49.448 4.451 0.000 0.000 0.000 0.000 43.379 27.383 25.385 36.387 31.388 0.000 0.000 0.000 0.000 26.456 25.456 46.458 52.462 41.467 33.472 25.478 22.485 23.492 24.499 23.508 21.517 29.525 0.000 0.000 0.000 26.925 50.045 48.128 0.000 0.000 32.897 46.388 56.017 59.572 59.150 59.942 55.891 55.452 55.289 57.674 57.015 56.865 56.614 56.365 56.098 55.812 55.515 55.247 55.031 40.889
0.000 0.000 0.000 0.000 0.000 0.000 0.000 0.000 0.000 0.000 0.000 0.000 0.000 34.431 9.434 45.438 64.441 69.444 67.448 65.452 54.455 13.458 0.000 0.000 0.000 0.000 38.384 38.386 51.388 49.390 42.394 37.397 0.000 0.000 0.000 30.454 49.457 56.461 48.465 32.471 21.477 22.483 22.490 22.497 22.504 22.510 26.514 0.000 0.000 0.000 0.000 34.254 3.462 2.666 37.755 42.402 54.033 60.597 60.438 58.665 56.960 57.038 56.100 58.403 57.718 57.545 57.280 57.024 56.757 56.471 56.149 55.775 56.467 48.247 31.132
0.000 0.000 0.000 0.000 0.000 0.000 0.000 0.000 0.000 0.000 0.000 0.000 0.000 0.000 66.439 66.442 68.445 68.449 67.453 61.456 55.459 26.461 0.000 0.000 0.000 0.000 0.000 6.387 51.389 45.392 60.396 57.401 36.409 15.422 16.435 25.449 47.455 56.459 47.464 30.469 20.474 25.482 24.490 22.496 22.501 22.505 23.506 15.504 0.000 0.000 0.000 0.000 0.000 40.365 43.195 50.949 61.600 61.681 60.042 61.911 59.358 57.108 59.251 58.507 58.286 57.989 57.715 57.441 57.168 56.881 55.539 63.971 61.598 34.358 24.261
0.000 0.000 0.000 0.000 0.315 23.329 0.000 1.350 41.352 30.355 34.357 9.359 0.000 0.000 2.442 74.446 68.450 65.454 62.459 65.463 56.466 19.467 0.000 0.000 0.000 0.000 0.000 0.000 0.000 0.000 49.398 50.400 1.405 0.000 0.000 29.452 47.455 52.458 42.462 33.467 31.471 0.000 0.492 28.498 22.500 22.502 23.504 29.503 37.502 0.000 0.000 0.000 13.327 45.972 49.725 60.452 62.622 62.262 65.770 64.320 58.495 60.273 59.411 59.106 58.754 58.442 58.144 57.860 57.591 57.345 63.156 0.000 0.000 13.325 31.293
0.000 0.000 0.000 0.000 0.316 43.330 0.000 35.349 37.352 49.355 32.359 17.361 0.000 0.000 0.000 59.450 71.456 68.461 68.466 69.470 63.474 17.476 0.000 0.000 0.000 0.000 0.000 0.000 0.000 0.000 0.000 34.400 0.000 0.000 0.000 35.454 32.455 44.457 1.459 0.000 0.000 0.000 0.000 0.000 32.500 26.500 0.000 19.502 53.502 36.501 0.000 0.000 17.690 51.440 60.273 63.347 63.092 67.397 66.734 59.883 61.391 60.413 60.003 59.579 59.214 58.875 58.560 58.265 57.992 57.753 62.583 5.580 0.000 0.000 0.000
32.272 0.000 0.000 0.000 0.000 54.334 30.339 32.346 38.352 62.357 63.362 58.367 12.371 0.000 0.000 0.000 19.462 73.469 68.474 69.479 66.485 25.488 0.000 0.000 0.000 0.000 0.000 0.000 0.000 0.000 0.000 0.000 0.000 0.000 0.000 0.000 0.000 0.000 0.000 0.000 0.000 0.000 0.000 0.000 0.000 7.499 4.499 0.000 0.000 0.000 0.000 6.668 44.220 61.193 62.866 63.788 68.135 67.850 60.853 62.387 61.405 60.931 60.445 60.024 59.640 59.286 58.956 58.648 58.359 58.092 60.845 44.576 1.911 0.000 0.000
36.273 32.276 0.000 0.000 0.000 46.332 48.338 48.345 60.353 57.360 69.367 68.373 29.376 0.000 0.000 0.000 0.000 75.479 68.483 69.490 66.497 26.504 0.000 0.000 0.000 35.627 47.633 16.638 0.000 0.000 0.000 0.000 0.000 0.000 0.000 0.000 0.000 0.000 0.000 0.000 0.000 0.000 0.000 0.000 0.000 0.000 0.000 0.000 0.000 0.000 4.395 45.005 62.051 62.677 68.824 68.387 61.985 62.573 63.094 62.281 61.809 61.303 60.849 60.428 60.038 59.674 59.332 59.010 58.705 65.413 6.129 0.000 15.113 0.000 0.000
38.275 39.279 31.284 0.000 36.319 31.326 39.336 52.345 56.354 67.365 68.374 67.381 36.386 0.000 0.000 0.000 0.000 74.485 68.491 69.500 64.512 44.528 28.557 29.581 29.603 37.622 58.635 25.644 0.000 0.000 0.000 0.000 0.000 0.000 0.000 0.000 0.000 0.000 0.000 0.000 0.000 0.000 0.000 0.000 0.000 0.000 0.000 0.000 2.275 33.048 42.668 61.740 63.402 70.108 69.563 62.437 64.186 63.548 63.029 62.585 62.105 61.650 61.215 60.803 60.411 60.038 59.688 59.356 66.037 11.725 0.000 0.000 0.829 2.259 3.236
52.277 35.283 39.290 39.301 30.313 23.319 0.000 0.000 0.000 57.374 68.383 66.393 51.402 18.414 0.000 0.000 43.480 64.486 69.495 68.507 69.522 59.540 35.563 32.585 31.605 40.625 58.641 41.658 27.682 28.699 32.712 43.720 7.723 0.000 0.000 0.000 0.000 0.000 0.000 0.000 0.000 0.000 0.000 0.000 0.000 0.000 0.000 0.000 13.433 53.290 61.296 64.005 70.844 70.526 63.060 64.765 64.021 63.680 63.264 62.830 62.397 61.972 61.560 61.158 60.765 60.380 60.025 65.691 12.364 0.000 0.000 0.000 0.278 2.297 0.000
68.282 39.286 33.292 34.302 36.312 36.318 25.321 0.000 0.000 0.000 2.394 73.405 63.415 41.427 33.445 40.460 39.475 41.486 49.498 50.513 37.530 34.549 32.570 32.590 31.610 40.630 55.649 34.668 31.688 36.705 52.718 55.726 40.727 14.726 0.000 0.000 0.000 0.000 0.000 0.000 0.000 0.000 0.000 0.000 0.000 0.000 0.000 4.080 46.007 61.684 64.571 71.236 71.080 63.646 65.336 64.596 64.276 63.880 63.485 63.083 62.681 62.283 61.893 61.506 61.110 60.692 66.343 12.017 0.000 0.000 0.000 0.000 0.000 0.000 1.783
68.285 54.288 0.000 0.000 41.318 37.321 48.324 39.323 0.000 0.000 0.000 61.419 58.426 43.436 34.448 31.461 31.473 34.485 47.500 55.516 58.535 51.557 41.577 34.597 33.617 49.637 52.656 27.677 31.697 31.716 32.731 36.739 15.732 0.000 0.000 0.000 0.000 0.000 0.000 0.000 0.000 0.000 0.000 0.000 0.000 7.013 38.760 46.738 60.342 71.704 71.387 64.529 65.176 65.803 65.166 64.847 64.465 64.093 63.715 63.336 62.959 62.588 62.223 61.862 62.476 68.936 12.640 0.000 0.000 0.000 0.000 0.000 0.000 0.000 13.757
68.287 68.294 55.304 38.313 38.320 38.327 29.331 0.000 0.000 2.422 54.425 51.428 54.434 47.443 48.453 48.463 48.472 51.483 46.500 46.519 48.540 52.566 53.586 51.605 47.624 58.644 56.664 44.686 45.708 45.730 47.751 22.767 0.000 0.000 0.000 0.000 0.000 0.000 0.000 0.000 0.000 0.000 0.000 0.000 41.421 42.155 63.282 63.944 72.712 72.275 66.924 66.695 66.136 65.723 65.395 65.029 64.669 64.308 63.947 63.587 63.232 62.886 62.552 63.242 66.998 0.000 0.000 0.000 0.000 0.000 0.000 0.000 0.000 8.669 4.713
67.290 68.298 65.307 43.316 37.325 38.334 39.344 31.357 0.000 46.420 43.426 44.433 45.441 40.450 44.458 49.465 57.471 42.476 0.000 0.000 0.000 51.581 47.598 47.614 47.631 47.651 47.672 47.695 47.720 47.747 45.777 40.812 13.859 0.000 0.000 35.311 42.379 54.467 24.540 0.000 0.000 0.000 0.000 42.864 53.679 65.703 66.436 73.325 73.056 67.478 67.213 66.532 66.256 65.918 65.570 65.222 64.873 64.524 64.177 63.834 63.498 63.171 63.856 66.556 14.277 0.000 0.000 0.000 0.000 0.000 0.000 0.000 4.602 10.626 0.000
57.293 68.301 68.309 58.319 34.330 37.342 38.355 38.371 44.394 53.413 37.427 34.438 32.449 39.458 54.465 53.470 38.472 18.474 0.000 0.000 0.000 0.000 36.610 31.621 31.637 31.657 31.679 32.704 35.731 36.762 36.798 35.844 36.908 36.007 36.114 45.245 52.357 50.485 57.613 55.725 50.738 48.660 51.419 63.348 67.033 66.927 73.670 73.530 68.017 67.734 67.044 66.772 66.430 66.094 65.755 65.415 65.076 64.738 64.403 64.073 63.754 64.446 65.145 3.851 0.000 0.000 0.000 0.000 0.000 0.000 0.000 0.000 15.580 1.603 0.000
35.297 63.304 67.311 48.321 31.334 30.349 38.364 38.380 37.397 31.414 32.430 38.446 55.458 54.468 37.475 30.478 20.475 0.000 40.578 49.583 45.591 46.601 49.611 52.625 51.641 52.661 55.684 54.711 51.739 53.772 48.811 34.859 38.921 38.000 43.092 61.198 68.321 65.502 59.701 54.823 56.848 63.709 68.896 67.595 74.109 73.814 67.850 69.515 68.169 67.569 67.287 66.943 66.611 66.275 65.941 65.609 65.279 64.950 64.623 65.302 63.001 58.712 10.428 0.000 0.000 0.000 0.000 0.000 0.000 0.000 0.000 1.511 5.537 0.000 0.000
28.301 47.306 58.313 33.322 25.337 32.357 30.372 37.387 38.402 38.415 31.434 48.458 40.471 29.481 32.489 24.495 0.000 49.565 52.573 52.581 54.590 55.600 58.612 62.625 61.642 61.662 61.687 63.715 64.744 62.777 50.815 36.861 38.916 38.982 39.055 42.134 16.227 0.000 79.866 122.040 99.984 66.253 68.056 75.048 74.634 68.226 71.014 68.483 68.099 67.799 67.460 67.127 66.791 66.456 66.125 65.800 65.480 65.161 66.838 61.512 50.235 4.973 0.000 0.000 0.000 0.000 0.000 0.000 0.000 0.000 0.000 12.484 1.510 1.510 0.000
0.000 4.309 39.312 21.316 0.000 27.369 32.382 32.396 38.409 27.412 0.000 32.482 30.488 32.496 33.506 43.518 57.540 54.558 56.569 62.579 72.588 116.599 113.611 113.624 113.639 113.658 114.688 98.720 30.747 33.777 31.813 39.854 38.902 35.956 34.013 16.056 0.000 0.000 0.000 47.361 64.618 69.455 75.665 75.387 67.756 69.515 68.868 68.618 68.304 67.976 67.646 67.310 66.972 66.633 66.303 65.986 66.681 65.377 57.056 45.674 3.455 0.000 0.000 0.000 0.000 0.000 0.000 0.000 0.000 0.000 11.401 3.442 0.000 0.000 0.000
0.000 54.309 32.310 0.000 0.000 0.000 26.393 39.405 31.427 0.000 0.000 40.499 31.504 42.512 55.520 55.531 60.545 63.558 56.568 42.578 33.586 29.596 27.610 30.623 31.634 18.643 0.000 35.729 32.746 31.772 35.805 39.842 36.883 28.927 35.987 17.021 0.000 0.000 43.139 60.069 69.887 76.066 75.892 68.276 70.020 69.368 69.126 68.809 68.492 68.167 67.835 67.497 67.152 66.802 66.468 67.161 62.880 51.612 8.334 0.000 0.000 0.000 0.000 0.000 0.000 0.000 0.000 0.000 0.000 8.319 7.360 0.000 0.000 0.000 0.000
57.619 0.000 0.000 0.000 0.000 0.000 0.000 0.000 35.468 33.492 41.507 38.513 38.519 38.526 55.534 69.542 58.552 38.561 36.569 31.577 33.585 24.591 0.000 36.623 33.631 22.639 0.000 36.722 31.738 32.762 39.793 37.828 35.860 17.884 0.000 0.000 39.895 37.757 54.515 70.433 76.275 69.119 69.727 70.438 69.882 69.636 69.322 69.012 68.691 68.363 68.030 67.692 67.339 67.954 67.607 57.310 42.067 4.857 0.000 0.000 0.000 0.000 0.000 0.000 0.000 0.000 0.000 0.000 0.000 9.279 0.000 0.000 0.000 0.000 0.000
45.639 0.000 0.000 48.319 41.336 35.354 0.000 0.000 53.487 50.502 37.516 38.527 38.535 39.541 60.548 112.554 105.560 52.566 107.572 28.578 32.585 32.592 34.603 32.616 32.629 32.644 34.668 30.699 30.722 39.746 38.777 35.817 30.847 19.865 0.000 0.000 42.033 48.900 70.919 69.829 76.632 70.174 70.801 70.392 70.145 69.842 69.538 69.222 68.898 68.566 68.230 67.902 69.559 65.069 46.694 33.408 35.219 1.074 0.000 0.000 0.000 0.000 0.000 0.000 0.000 0.000 0.000 0.000 11.199 5.239 0.000 0.000 0.000 0.000 0.000
0.000 0.000 0.000 31.303 40.335 37.374 55.422 49.461 54.490 62.513 53.531 38.543 38.552 38.558 37.562 31.565 26.568 31.571 28.575 32.579 32.585 32.591 32.601 32.612 32.625 32.640 31.661 36.685 38.706 39.726 23.751 0.000 23.846 0.000 0.000 0.000 46.276 68.219 72.255 77.725 77.226 70.275 70.962 70.640 70.364 70.070 69.762 69.442 69.114 68.773 68.422 67.127 28.926 0.000 0.000 0.000 0.000 0.000 0.000 0.000 0.000 0.000 0.000 0.000 0.000 0.000 0.000 10.120 4.159 0.000 0.000 0.000 0.000 0.000 0.000
36.419 0.000 36.151 32.255 31.329 49.385 42.432 58.470 67.502 47.531 33.551 31.565 34.573 37.577 38.578 38.578 31.577 30.577 31.578 31.580 32.584 32.589 32.597 37.606 34.618 31.633 32.651 35.676 39.692 28.700 0.000 0.000 0.000 0.000 2.055 121.900 65.615 72.654 70.657 78.155 70.073 72.619 74.132 70.889 70.606 70.310 69.997 69.671 70.342 66.991 54.557 45.258 3.092 0.000 0.000 0.000 0.000 0.000 0.000 0.000 0.000 0.000 0.000 0.000 0.000 0.000 6.042 6.081 0.000 0.000 0.000 0.000 0.000 0.000 0.000
10.761 35.614 32.048 31.238 42.341 46.406 57.453 64.488 30.516 29.558 30.580 32.592 31.598 28.599 36.597 37.592 38.587 37.583 31.580 30.580 29.582 30.586 36.592 95.599 63.609 43.622 26.636 0.000 41.687 49.682 0.000 0.000 0.000 0.000 46.183 57.068 73.955 72.008 78.892 78.540 71.172 71.722 72.412 71.146 70.864 70.566 70.248 70.901 69.595 22.293 0.000 0.000 0.000 0.000 0.000 0.000 0.000 0.000 0.000 0.000 0.000 0.000 0.000 0.000 0.000 0.705 8.004 0.000 0.000 0.000 0.000 0.000 0.000 0.000 0.000
0.000 29.034 32.188 34.311 55.392 66.446 80.486 62.514 0.000 48.607 48.618 32.627 32.629 31.626 29.619 32.608 38.596 36.587 37.581 39.579 37.579 35.581 31.585 26.591 31.599 26.610 0.000 0.000 0.000 35.661 27.655 0.000 0.000 0.000 56.390 73.271 73.359 71.395 79.209 70.883 73.398 74.923 71.686 71.418 71.139 70.842 70.529 68.090 22.842 0.000 0.000 0.000 0.000 0.000 0.000 0.000 0.000 0.000 0.000 0.000 0.000 0.000 0.000 0.000 0.000 9.783 0.000 0.000 0.000 0.000 0.000 0.000 0.000 0.000 0.000
0.000 27.301 33.361 49.425 60.472 108.499 102.532 104.569 110.623 106.645 107.660 32.668 32.667 31.659 31.645 30.626 25.603 35.588 37.580 38.576 36.575 38.575 38.578 39.582 32.586 0.000 0.000 0.000 0.000 36.646 21.650 0.000 0.000 47.878 69.681 73.624 72.622 79.782 79.504 71.943 72.502 73.207 71.961 71.705 71.431 72.136 46.934 0.000 0.000 0.000 0.000 0.000 0.000 0.000 0.000 0.000 0.000 0.000 0.000 0.000 0.000 0.000 0.000 0.000 6.727 3.752 0.000 0.000 0.000 0.000 0.000 0.000 0.000 0.000 3.553
0.000 28.508 45.531 53.558 59.572 30.548 29.574 28.609 25.656 26.690 26.711 32.718 32.714 48.697 48.675 24.650 0.000 22.582 35.576 37.572 35.569 37.568 37.570 38.574 34.577 0.000 0.000 0.000 34.610 19.627 0.000 0.000 49.207 58.069 74.926 73.833 73.023 80.039 71.608 74.144 76.692 72.481 72.247 72.010 70.744 58.339 17.136 0.000 0.000 0.000 0.000 0.000 2.906 0.000 0.000 0.000 0.000 0.000 0.000 0.000 0.000 0.000 0.000 6.696 5.709 0.000 0.000 0.000 0.000 0.000 0.000 0.000 0.000 0.000 3.547
