results4_8e4_rain/res_4e8f-0237.wd
ncols         241
nrows         181
xllcorner     12693529.787448
yllcorner     3542525.717860
cellsize      155.156523
NODATA_value  -9999.000000
[rows 0 to 32 of 181, columns 146 to 218 of 241]
0.000 0.000 0.000 0.000 0.000 0.000 0.000 0.000 0.000 0.000 0.000 0.000 0.000 0.000 5.887 16.736 17.493 17.196 16.868 16.529 16.197 15.886 15.609 15.373 15.181 15.031 14.921 14.844 14.795 14.769 14.757 19.753 0.000 0.000 0.000 0.000 0.000 0.000 0.000 0.000 0.000 0.000 0.000 0.000 0.000 0.000 0.000 0.000 0.000 20.448 27.448 0.000 0.000 46.654 51.654 0.000 0.000 0.000 0.000 0.000 0.000 0.000 0.000 0.000 0.000 0.000 0.000 0.000 0.000 0.000 0.000 0.000 0.000
0.000 0.000 0.000 0.000 0.000 0.000 0.000 0.000 0.000 0.000 0.000 0.000 0.000 1.431 17.038 17.827 17.547 17.226 16.879 16.523 16.175 15.852 17.568 16.330 15.138 14.992 14.887 14.816 14.774 14.754 14.749 19.749 0.000 0.000 0.000 0.000 0.000 0.000 0.000 0.000 0.000 0.000 0.000 0.000 0.000 0.000 0.000 0.000 17.448 39.448 15.448 0.000 25.654 58.654 52.654 0.000 0.000 0.000 0.000 0.000 0.000 0.000 0.000 0.000 0.000 0.000 0.000 0.000 37.653 0.000 0.000 0.000 0.000
0.000 0.000 0.000 0.000 0.000 0.000 0.000 0.000 0.000 0.000 0.000 0.000 0.000 20.667 19.322 17.987 17.643 17.282 16.900 16.508 16.128 17.780 17.482 15.238 15.051 14.913 14.818 14.760 14.729 14.723 16.738 10.743 0.000 0.000 0.000 0.000 0.000 0.000 0.000 0.000 0.000 0.000 0.000 0.000 0.000 0.000 0.000 0.000 29.448 0.000 0.000 20.654 51.654 13.654 0.000 0.000 0.000 0.000 0.000 0.000 0.000 0.000 0.000 0.000 6.653 0.000 0.000 0.000 40.653 12.653 0.000 0.000 0.000
0.000 0.000 0.000 0.000 0.000 0.000 0.000 0.000 0.000 0.000 0.000 0.000 3.147 20.091 18.596 18.157 17.757 17.357 16.930 16.483 17.048 16.660 15.339 15.092 14.912 14.790 14.714 14.674 14.662 20.669 0.000 0.000 0.000 0.000 0.000 0.000 0.000 0.000 0.000 0.000 0.000 0.000 0.000 14.448 0.000 0.000 0.000 13.448 73.448 3.448 0.000 26.654 53.654 0.000 0.000 0.000 0.000 0.000 0.000 0.000 0.000 0.000 12.653 18.653 37.653 0.000 0.000 30.653 39.653 40.653 12.653 0.000 0.000
0.000 0.000 0.000 0.000 0.000 0.000 0.000 0.000 0.000 0.000 0.000 8.191 1.362 3.063 18.813 18.288 17.870 17.460 16.980 16.446 16.921 16.471 15.124 14.878 14.717 14.621 14.574 14.562 15.575 16.622 0.000 0.000 0.000 0.000 0.000 0.000 0.000 0.000 0.000 0.000 0.000 0.000 15.448 38.448 33.448 0.000 0.000 29.448 57.448 0.000 0.000 0.000 53.654 8.654 0.000 0.000 0.000 0.000 0.000 0.000 0.000 0.000 52.653 56.653 58.653 0.653 0.000 43.653 38.653 38.653 48.653 0.000 0.000
0.000 0.000 0.000 0.000 0.000 0.000 0.000 0.000 0.000 0.000 10.918 3.516 1.882 1.303 1.446 16.314 17.973 17.634 17.084 18.400 17.719 15.178 14.808 14.580 14.456 14.404 14.399 14.423 20.455 0.000 0.000 0.000 0.000 0.000 0.000 0.000 0.000 0.000 0.000 0.000 0.000 0.000 0.000 18.448 39.448 31.448 29.448 11.448 42.448 15.448 0.000 0.000 38.654 51.654 42.654 40.654 49.654 0.000 0.000 0.000 0.000 0.000 52.653 54.653 59.653 38.653 27.653 44.653 47.653 0.000 0.000 0.000 12.652
0.000 0.000 0.000 0.000 0.000 0.000 0.000 0.000 0.000 0.000 7.321 4.021 3.650 3.152 0.452 0.645 11.076 19.018 18.322 18.350 15.376 14.716 14.350 14.178 14.122 14.138 14.196 14.277 9.366 0.000 0.000 0.000 0.000 0.000 35.457 68.457 2.457 0.000 8.457 49.457 0.000 0.000 0.000 15.448 39.448 52.448 87.448 49.448 50.448 21.448 0.000 0.000 35.654 54.654 39.654 35.654 52.654 0.000 0.000 0.000 0.000 0.000 39.653 45.653 41.653 41.653 45.653 48.653 56.653 0.000 0.000 0.000 35.652
0.000 0.000 0.000 0.000 0.000 0.000 0.000 0.000 0.000 30.583 31.022 7.592 3.204 3.440 3.087 0.809 0.377 6.042 18.835 16.304 14.717 13.961 13.697 13.659 13.718 13.830 14.970 12.124 0.000 0.000 0.000 0.000 0.000 0.000 10.457 56.457 63.457 45.457 37.457 9.457 0.000 0.000 0.000 0.000 0.000 13.448 80.448 59.448 6.448 0.000 0.000 0.000 0.000 47.654 62.654 60.654 62.654 54.654 46.654 49.654 48.654 57.654 61.653 58.653 59.653 59.653 54.653 49.653 46.653 0.000 0.000 0.000 0.000
0.000 0.000 0.000 0.000 0.000 0.000 0.000 0.000 24.709 42.144 43.592 33.096 9.675 2.089 3.094 0.854 2.839 8.224 6.671 16.314 13.229 12.714 12.819 13.041 13.263 14.492 14.731 0.000 0.000 0.000 0.000 0.000 0.000 0.000 0.000 8.457 54.457 64.457 69.457 8.457 0.000 0.000 0.000 0.000 0.000 9.448 52.448 44.448 49.448 16.448 0.000 0.000 31.654 59.654 44.654 38.654 45.654 57.654 45.654 44.654 53.654 62.654 49.653 45.653 48.653 54.653 60.653 62.653 60.653 46.653 37.652 20.652 29.652
0.000 0.000 0.000 0.000 0.000 0.000 0.000 20.847 30.274 45.693 43.107 43.523 35.940 12.365 1.231 4.789 14.334 6.495 2.273 3.064 6.169 10.848 11.823 12.424 12.799 18.145 0.000 0.000 0.000 0.000 0.000 0.000 8.458 6.458 0.000 0.000 21.457 67.457 20.457 0.000 0.000 0.000 0.000 0.000 0.000 48.449 58.448 34.448 50.448 70.447 10.447 0.000 37.654 61.654 40.654 34.654 37.654 50.654 39.654 39.654 41.654 43.654 40.653 41.653 35.653 39.653 45.653 46.653 44.653 53.653 55.652 58.652 66.652
0.000 0.000 0.000 0.000 0.000 0.000 25.982 24.421 47.845 44.247 43.620 42.950 43.198 38.251 20.758 12.471 8.165 0.000 0.055 4.388 2.161 3.375 11.202 12.034 17.362 0.000 0.000 0.000 0.000 0.000 0.000 3.458 45.458 4.458 0.000 0.000 28.457 68.457 7.457 0.000 0.000 0.000 0.000 0.000 43.450 87.449 20.448 23.448 45.447 72.447 12.447 0.000 34.654 59.654 39.654 32.654 35.654 37.654 33.654 32.654 39.654 55.654 38.654 34.653 48.653 44.653 41.653 48.653 48.653 51.653 60.652 64.652 51.652
0.000 0.000 0.000 0.000 0.000 30.036 18.543 47.010 45.438 44.829 44.175 43.460 42.650 42.684 39.484 25.176 4.466 0.384 0.079 46.312 4.555 0.085 0.111 14.147 10.255 0.000 0.000 0.000 0.000 0.000 0.000 3.458 41.458 36.458 45.458 57.457 61.457 51.457 0.000 0.000 6.453 42.452 57.452 62.451 86.451 42.450 0.000 0.000 47.447 35.446 0.000 0.000 37.654 64.654 51.654 35.654 83.654 111.654 60.654 36.654 52.654 99.654 51.654 28.653 93.653 66.653 41.653 48.653 50.653 40.653 49.652 62.652 45.652
0.000 0.000 0.000 0.000 0.000 19.528 41.145 47.638 46.070 45.455 44.791 44.066 43.260 42.347 42.330 41.236 30.408 5.003 50.908 47.963 0.388 0.160 0.056 0.062 0.000 0.000 0.000 0.000 0.000 0.000 6.458 40.458 36.458 41.458 55.458 65.457 49.457 36.457 1.456 0.000 4.453 51.453 50.452 46.451 85.451 45.451 0.000 0.000 26.446 18.446 0.000 30.655 58.655 60.655 54.655 42.654 41.654 74.654 115.654 53.654 46.654 103.654 54.654 28.654 100.653 70.653 33.653 35.653 41.653 32.653 46.652 45.652 33.652
0.000 0.000 0.000 0.000 24.061 34.404 49.871 47.327 46.748 46.131 45.468 44.752 43.972 43.131 42.169 41.430 40.288 52.635 52.310 1.053 0.532 9.641 0.000 0.000 0.000 0.000 0.000 0.000 1.458 56.458 59.458 41.458 40.458 55.458 65.458 51.458 34.457 36.457 36.456 34.455 32.454 44.453 47.452 57.452 97.451 31.451 0.000 0.000 63.445 13.445 0.000 27.655 57.655 57.655 44.655 36.655 32.655 42.654 39.654 79.654 110.654 127.654 108.654 97.654 123.653 117.653 108.653 54.653 34.653 51.653 46.652 35.652 30.652
0.000 0.000 0.000 25.256 34.718 52.155 48.608 48.049 47.466 46.851 46.198 45.500 44.766 43.923 43.377 41.006 52.674 52.669 36.877 19.169 6.326 0.000 0.000 0.000 0.000 0.000 0.000 0.000 42.458 9.458 0.000 20.458 58.458 62.458 54.458 39.458 5.458 0.000 3.455 38.455 34.454 44.453 43.452 66.451 63.451 0.000 0.000 5.444 66.445 12.445 0.000 25.655 55.655 67.655 46.655 52.655 75.655 52.655 34.654 58.654 81.654 115.654 81.654 61.654 109.653 99.653 74.653 43.653 29.653 100.653 68.652 40.652 30.652
0.000 0.000 0.000 30.795 50.399 49.893 49.355 48.797 48.217 47.609 47.969 47.307 45.545 45.120 42.542 52.743 52.686 40.457 42.076 39.689 23.646 4.644 0.000 0.000 0.000 0.000 0.000 44.458 13.458 0.000 0.000 0.000 26.458 58.458 36.458 34.459 40.459 3.459 0.000 39.455 37.454 43.453 44.452 66.451 62.450 0.000 0.000 26.444 73.444 9.444 0.000 27.655 58.655 61.655 42.655 42.655 88.655 123.655 72.655 40.655 56.654 103.654 63.654 30.654 96.654 83.653 41.653 33.653 26.653 107.653 71.652 43.652 44.652
0.000 0.000 31.416 48.729 52.190 50.661 50.122 49.568 48.994 49.396 47.785 47.082 46.740 44.165 53.193 52.899 41.965 42.815 41.810 32.152 12.896 0.000 0.000 0.000 0.000 0.000 0.000 40.458 14.458 0.000 0.000 0.000 0.000 0.000 0.000 39.459 36.460 35.460 37.459 39.457 35.455 43.454 45.452 57.451 53.449 15.446 34.445 67.444 18.443 0.000 0.000 27.655 54.655 60.655 46.655 31.655 33.655 58.655 45.655 27.655 45.654 100.654 56.654 22.654 93.654 78.653 36.653 32.653 28.653 106.653 71.652 43.652 34.652
0.000 30.698 44.103 53.515 51.971 51.440 50.905 50.358 50.793 50.219 48.558 48.268 45.700 54.149 53.620 43.641 44.640 42.519 29.706 0.000 0.000 0.000 0.000 0.000 0.000 0.000 0.000 0.000 14.458 0.000 0.000 0.000 0.000 0.000 0.000 0.000 43.461 53.461 64.460 52.458 41.456 45.454 42.452 47.450 40.448 59.446 77.444 65.443 11.442 0.000 0.000 26.655 52.655 57.655 63.655 61.655 49.655 39.655 52.655 84.655 103.655 124.654 104.654 87.654 121.654 114.653 96.653 56.653 29.653 104.653 76.652 48.652 35.652
27.776 39.293 53.782 53.258 52.740 52.222 51.699 52.163 51.622 49.996 49.744 47.192 55.389 54.747 45.219 46.366 47.306 25.568 0.000 0.000 0.000 0.000 0.000 0.000 0.000 0.000 0.000 0.000 0.000 0.000 0.000 0.000 0.000 0.000 0.000 0.000 41.463 45.463 63.461 22.458 2.456 52.455 43.452 46.450 42.447 30.445 49.442 64.441 51.440 10.439 0.000 0.000 17.655 60.655 62.656 55.656 43.656 52.656 103.655 94.655 75.655 76.655 77.654 77.654 77.654 78.653 80.653 51.653 31.653 103.653 79.652 42.652 36.652
31.258 54.916 54.474 53.997 53.507 53.011 52.503 51.995 51.402 51.185 48.653 56.738 56.056 46.697 47.910 46.896 42.377 1.831 0.000 0.000 0.000 0.000 0.000 0.000 0.000 0.000 0.000 0.000 0.000 0.000 0.000 0.000 0.000 0.000 0.000 0.000 42.466 53.465 37.464 0.000 6.457 49.455 46.453 13.450 3.447 34.443 48.440 63.439 60.438 29.438 0.000 0.000 0.000 0.000 29.656 44.656 28.656 89.656 90.656 39.655 45.655 87.655 58.654 30.654 76.654 66.653 46.653 44.653 35.653 103.653 74.652 31.652 32.652
49.083 56.641 55.200 54.747 54.282 54.806 53.332 52.776 52.598 50.091 58.124 57.428 47.082 49.329 48.320 48.693 18.026 0.000 0.000 0.000 0.000 0.000 0.000 0.000 0.000 0.000 0.000 0.000 0.000 0.000 0.000 0.000 0.000 0.000 0.000 9.473 62.470 60.468 64.466 61.463 57.460 57.457 51.454 10.451 3.446 34.441 47.437 65.436 72.436 35.437 0.000 0.000 0.000 0.000 23.657 36.657 56.657 103.656 66.656 26.656 94.655 95.655 44.654 31.654 52.654 108.653 67.653 35.653 35.653 98.653 116.652 103.652 108.652
58.782 56.363 55.940 55.508 55.064 56.624 54.105 53.974 51.506 59.525 58.821 42.399 46.603 50.659 47.124 24.399 0.000 0.000 0.000 0.000 0.000 0.000 0.000 0.000 0.000 0.000 0.000 0.000 0.000 0.000 0.000 0.000 0.000 0.000 0.000 61.475 60.473 61.471 63.468 62.465 60.461 61.458 54.455 9.453 0.000 35.436 47.432 70.430 43.433 0.000 0.000 0.000 0.000 21.658 51.658 30.658 95.657 89.657 33.657 89.656 102.656 51.655 39.655 42.654 37.654 68.653 107.653 64.653 27.653 98.653 101.652 75.652 17.652
49.466 56.087 56.690 56.278 55.867 55.380 55.293 52.865 60.889 60.231 25.639 30.814 33.694 52.363 35.984 0.000 0.000 0.000 0.000 0.000 0.000 0.000 0.000 50.939 39.938 0.000 0.000 0.000 0.000 0.000 0.000 0.000 0.000 0.000 0.000 38.480 32.478 35.474 39.470 34.466 33.463 32.459 34.456 38.452 32.447 25.436 40.426 19.420 0.000 0.000 0.000 0.000 0.000 23.659 46.658 37.658 38.658 38.657 30.657 51.657 52.657 0.000 0.000 13.654 43.654 36.653 58.653 51.653 33.653 66.653 14.652 0.000 12.651
28.187 43.831 56.452 59.070 56.606 56.549 54.129 62.023 61.498 34.819 0.000 44.156 0.000 55.987 24.487 0.000 0.000 0.000 0.000 0.000 0.000 0.000 0.000 57.939 51.938 0.000 0.000 0.000 0.000 0.000 0.000 0.000 0.000 24.515 0.000 39.487 35.483 35.477 35.472 35.468 35.464 35.460 35.457 37.454 15.452 0.000 10.414 41.403 11.393 0.000 0.000 0.000 24.660 55.659 43.659 42.659 34.658 35.658 35.658 33.657 47.657 7.657 0.000 0.000 14.653 39.653 34.653 47.653 46.653 0.000 0.000 0.000 12.651
19.955 27.596 50.237 54.809 57.765 55.303 62.810 62.458 41.712 17.517 0.000 60.812 58.713 45.122 0.000 0.000 0.000 0.000 0.000 0.000 0.000 0.000 60.945 66.940 37.937 0.000 0.000 0.000 0.000 0.000 0.000 0.000 0.000 41.515 39.509 36.498 35.490 32.480 36.473 36.468 36.464 36.461 36.458 39.455 12.454 0.000 0.000 39.386 39.382 9.377 0.000 0.000 9.660 42.660 35.660 34.660 33.659 33.659 33.658 33.657 34.657 43.657 0.000 0.000 0.000 7.653 40.653 43.653 41.653 0.000 0.000 0.000 36.651
23.744 34.374 38.995 36.893 48.446 63.223 63.065 46.705 25.466 18.967 0.000 40.543 53.208 26.665 0.000 0.000 0.000 0.000 48.984 54.981 46.975 44.962 53.949 46.940 36.932 0.000 0.000 0.000 0.000 0.000 0.000 0.000 0.000 39.520 36.515 35.507 9.498 0.000 41.472 35.469 35.465 35.461 35.458 36.456 10.455 0.000 0.000 40.373 39.372 10.371 0.000 0.000 39.661 35.661 35.661 35.660 34.660 34.659 38.659 0.000 5.657 8.657 0.000 0.000 0.000 0.000 40.653 35.653 35.653 36.653 0.000 8.651 38.651
35.493 49.129 24.844 23.715 63.291 63.288 49.707 36.430 32.764 37.601 0.000 7.610 42.909 0.000 0.000 0.000 0.000 44.991 48.988 50.985 48.982 0.000 0.000 0.000 48.919 32.906 0.000 0.000 0.000 0.000 0.000 0.000 7.539 49.531 46.523 21.516 0.000 0.000 54.474 40.470 36.465 35.460 39.457 16.456 0.000 15.350 53.353 34.360 38.363 10.365 0.000 0.000 0.000 40.662 35.662 39.662 6.661 0.000 0.000 0.000 0.000 0.000 0.000 0.000 0.000 0.000 40.653 35.653 35.653 40.653 0.000 0.000 12.651
56.205 44.787 24.848 20.345 63.256 24.756 30.479 32.703 36.376 54.957 64.403 52.379 0.000 0.000 0.000 0.000 42.997 36.994 42.991 57.988 56.986 0.000 0.000 0.000 0.000 49.893 0.000 0.000 0.000 35.584 0.000 0.000 51.548 50.541 56.531 49.518 14.505 68.492 65.480 63.472 61.465 53.458 34.453 21.454 0.000 29.348 82.348 36.352 37.356 11.361 0.000 0.000 0.000 45.664 31.663 36.663 7.662 0.000 0.000 0.000 0.000 0.000 0.000 0.000 0.000 36.653 38.653 40.653 34.653 39.653 0.000 0.000 9.651
64.797 51.891 34.191 62.863 20.787 22.571 21.736 21.374 30.938 58.468 53.871 25.125 0.000 0.000 42.005 8.004 50.000 41.997 52.993 47.990 26.988 0.000 0.000 0.000 0.000 53.880 29.876 0.000 0.000 31.584 39.584 43.577 45.563 47.553 37.541 34.521 42.504 42.492 62.482 45.473 39.464 37.453 17.444 0.000 5.353 24.345 92.340 48.344 14.347 0.000 0.000 0.000 3.666 58.666 31.665 38.663 10.662 0.000 0.000 0.000 0.000 0.000 0.000 0.000 15.653 38.653 53.653 51.653 44.653 3.653 0.000 0.000 10.651
62.858 61.099 62.449 39.727 27.627 23.766 23.399 21.972 28.558 44.104 39.487 0.000 0.000 0.000 45.007 66.006 61.003 62.000 43.997 0.000 0.000 0.000 0.000 0.000 44.868 35.871 27.872 0.000 0.000 0.000 43.590 47.585 47.576 47.567 31.561 0.000 38.497 39.490 63.483 49.475 43.465 29.448 36.425 51.393 71.361 60.337 84.324 49.337 13.342 0.000 0.000 0.000 0.000 56.669 32.667 33.664 38.661 0.000 0.000 0.000 0.000 0.000 0.000 0.000 0.000 8.653 57.653 54.653 7.653 0.000 0.000 0.000 6.651
60.942 62.394 61.592 60.601 42.743 22.387 22.969 23.582 22.212 24.903 0.000 0.000 0.000 0.000 61.010 51.009 49.007 45.004 0.000 0.000 0.000 0.000 0.000 45.863 36.864 32.865 15.869 0.000 0.000 0.000 43.602 51.596 60.587 59.579 61.573 49.574 0.000 7.488 66.486 50.479 24.472 0.000 39.416 49.393 76.360 38.319 22.283 0.000 0.000 0.000 0.000 0.000 9.680 47.675 34.670 35.664 38.658 11.652 0.000 0.000 0.000 0.000 0.000 0.000 0.000 0.000 14.653 15.653 0.000 0.000 0.000 0.000 7.651
62.401 61.376 63.486 63.646 47.314 23.910 26.535 26.170 23.808 24.392 0.000 41.017 0.000 7.015 55.013 55.013 62.012 0.000 0.000 19.936 7.935 0.000 0.000 40.862 34.860 28.857 0.000 0.000 0.000 0.000 41.619 42.610 44.599 43.588 41.580 33.574 0.000 0.000 68.492 54.484 39.472 2.454 38.429 49.404 73.368 29.297 25.205 8.140 0.000 0.000 0.000 0.000 9.686 54.680 33.673 35.664 35.654 36.646 40.639 12.636 0.000 0.000 0.000 0.000 0.000 0.000 0.000 0.000 0.000 0.000 0.000 0.000 0.000
62.092 64.289 63.478 64.175 37.791 28.433 48.087 41.756 23.458 1.135 0.000 38.017 53.017 58.016 44.016 65.017 57.017 0.000 0.000 33.937 64.934 16.928 0.000 41.863 35.856 32.847 0.000 0.000 49.697 45.677 41.645 43.626 48.610 48.596 46.583 57.570 49.551 9.531 68.508 60.492 60.477 52.461 33.443 51.425 59.409 0.000 28.099 11.076 0.000 0.000 0.000 0.000 19.697 58.688 30.678 32.664 33.649 34.640 39.634 11.633 0.000 0.000 0.000 0.000 0.000 0.000 0.000 0.000 0.000 0.000 0.000 0.000 0.000
