results4_8e4_rain/res_4e8f-0076.wd
ncols         241
nrows         181
xllcorner     12693529.787448
yllcorner     3542525.717860
cellsize      155.156523
NODATA_value  -9999.000000
[rows 99 to 131 of 181, columns 73 to 145 of 241]
54.528 54.516 54.505 53.497 53.490 58.484 61.479 58.474 54.471 54.469 48.469 4.469 0.000 0.000 0.000 0.000 0.000 10.536 68.684 93.723 91.763 90.955 97.692 97.616 90.717 91.409 91.250 91.135 92.025 91.920 90.825 94.743 53.685 0.000 0.000 0.000 0.000 0.000 0.000 16.796 42.698 54.500 22.157 3.954 33.876 36.798 34.710 38.593 35.329 32.893 2.352 26.936 30.806 45.703 51.627 54.572 52.531 47.502 40.483 35.472 30.466 8.459 0.000 0.000 0.000 0.000 2.327 20.326 32.325 56.325 57.324 57.323 57.323
54.538 54.527 53.517 51.509 55.502 60.495 61.489 61.478 55.473 52.471 57.470 57.470 18.470 0.000 13.879 43.850 20.803 0.499 57.010 96.926 92.199 92.233 97.755 90.047 91.830 91.478 91.384 91.266 91.153 91.047 92.952 91.872 27.818 0.000 0.000 0.000 0.000 0.000 0.000 21.017 26.948 37.870 0.000 0.000 29.041 36.984 35.888 39.741 39.502 10.197 0.000 21.859 35.782 40.681 61.619 62.575 62.541 63.516 64.498 62.488 43.482 0.000 0.000 0.000 0.000 0.000 0.000 19.323 32.321 56.320 57.319 57.318 57.318
54.547 53.537 53.528 56.520 59.513 60.507 35.503 0.000 28.472 64.471 37.470 11.470 3.470 0.000 24.908 74.868 71.782 63.614 82.328 93.433 90.406 97.843 91.344 92.146 91.706 91.635 91.511 91.393 91.276 92.163 90.063 77.975 24.897 0.000 0.000 0.000 0.000 0.000 24.486 31.308 29.207 30.161 3.232 0.000 35.263 53.208 46.117 40.981 15.741 0.000 0.000 4.858 0.000 34.620 59.595 63.567 61.542 61.522 61.507 63.498 36.493 30.495 30.496 36.496 0.000 0.000 0.000 0.000 31.316 56.315 57.315 57.314 57.313
53.554 52.545 57.537 60.529 60.523 60.517 25.514 0.000 0.000 7.471 0.000 0.000 0.000 0.000 17.977 80.932 86.845 94.715 94.601 91.687 98.214 97.985 91.323 92.029 91.875 91.759 91.642 91.520 91.393 97.265 47.162 15.070 0.000 0.000 0.000 0.000 0.000 15.815 33.665 29.522 29.411 28.335 34.304 0.176 28.540 54.469 53.390 51.324 0.000 0.000 0.000 0.000 0.000 32.585 61.573 65.557 62.539 61.524 59.511 48.503 29.498 25.497 26.496 10.496 0.000 0.000 0.000 0.000 27.312 56.311 57.310 57.309 53.308
52.562 58.554 60.546 60.538 58.531 64.525 34.521 0.000 0.000 0.000 0.000 0.000 0.000 0.000 29.092 87.037 89.958 93.803 92.998 92.979 98.419 90.729 92.429 92.099 92.007 91.892 91.775 95.652 101.511 56.342 25.251 0.221 0.000 0.000 0.000 0.000 17.085 39.965 33.836 26.704 31.580 35.466 32.347 30.170 43.885 47.740 37.650 45.602 0.000 0.000 0.000 0.000 0.000 38.563 62.557 67.547 66.535 62.522 57.512 26.505 24.500 25.498 32.497 0.000 0.000 0.000 0.000 21.308 25.308 54.308 57.307 57.306 51.304
59.568 60.562 60.555 59.547 37.540 3.530 22.525 24.525 0.000 0.000 0.000 0.000 0.000 20.380 73.261 87.175 90.062 92.196 93.178 98.780 98.607 91.717 92.414 92.248 92.138 92.026 95.916 57.803 17.657 0.000 35.250 21.249 0.000 0.000 0.000 0.000 25.205 59.126 50.010 44.878 39.741 40.600 38.450 39.279 52.090 45.955 29.870 31.831 0.000 0.000 0.000 0.000 0.000 38.546 66.544 31.540 29.531 61.518 64.509 34.504 25.500 30.499 0.497 0.000 0.000 0.000 0.000 0.000 21.306 39.305 55.303 58.302 51.301
60.576 60.570 56.564 60.556 42.551 0.000 13.525 43.525 0.000 0.000 0.000 0.000 10.600 72.499 86.400 92.310 92.265 92.387 99.088 98.938 91.065 92.834 92.478 92.384 92.268 92.159 96.060 67.986 0.041 0.000 5.249 8.249 0.000 0.000 0.000 0.000 12.405 44.323 49.200 59.058 54.905 42.744 45.575 54.404 49.243 37.120 29.044 30.021 4.082 5.097 0.000 0.000 0.000 36.533 70.532 0.000 0.000 10.509 57.505 47.501 28.499 7.499 0.000 0.000 0.000 0.000 0.000 0.000 0.000 18.301 44.300 54.299 47.298
58.583 55.580 54.574 70.562 49.556 0.000 12.525 40.525 0.000 0.000 0.000 4.778 68.700 81.616 91.536 94.403 93.631 91.644 99.225 90.392 92.159 88.712 90.635 92.509 92.394 93.282 87.177 77.096 25.096 0.000 0.000 0.000 0.000 0.000 0.000 0.337 34.686 39.562 39.410 41.248 50.077 52.895 55.702 49.518 36.359 30.240 29.163 28.128 32.127 17.112 0.000 0.000 0.000 25.522 62.518 28.510 17.506 9.504 52.500 58.497 38.495 0.000 0.000 0.000 0.000 0.000 0.000 0.000 0.000 13.298 37.298 42.297 29.296
52.591 61.591 57.591 0.000 0.000 0.000 3.524 3.524 0.000 0.000 0.000 5.856 84.806 86.739 94.638 93.789 92.793 99.468 99.351 92.359 92.041 91.877 91.754 90.635 91.516 93.397 50.273 1.194 0.000 0.000 0.000 0.000 0.000 4.026 20.826 35.509 46.083 42.830 41.630 38.446 39.262 42.059 53.820 54.608 46.435 35.316 28.242 28.202 30.188 0.000 0.000 0.000 0.000 10.513 52.510 30.506 26.505 26.501 58.496 61.492 44.489 7.486 0.000 40.479 0.000 0.000 0.000 0.000 0.000 16.297 40.296 35.295 21.294
53.599 63.603 50.608 0.000 0.000 0.000 0.524 12.524 0.000 0.000 0.000 71.984 81.933 93.863 93.843 92.969 99.674 99.574 91.688 93.455 93.101 93.002 92.879 92.758 94.637 44.517 0.000 0.000 0.000 0.000 0.000 0.000 19.509 36.227 48.942 44.629 43.305 43.046 42.833 43.646 41.466 40.258 13.912 32.659 57.456 39.350 27.286 30.249 28.235 16.243 0.000 0.000 0.000 11.508 44.504 22.501 0.000 0.000 14.489 51.487 40.485 49.483 56.480 15.480 0.000 0.000 0.000 0.000 0.000 0.000 31.293 29.293 22.293
51.606 55.615 54.629 30.647 0.000 0.000 0.000 0.000 0.000 0.000 25.284 85.161 92.078 93.979 94.119 92.222 99.765 91.991 93.765 93.324 93.249 93.123 94.002 94.880 56.759 0.000 0.000 0.000 0.000 0.000 0.000 39.166 49.792 45.431 44.086 43.760 43.464 43.215 43.010 42.839 42.698 51.594 0.000 0.000 25.382 34.341 26.302 35.275 35.260 17.252 0.000 0.000 0.000 0.000 28.496 65.493 33.488 0.000 7.484 52.483 46.481 37.480 37.478 0.000 0.000 0.000 0.000 0.000 0.000 0.000 10.291 21.291 22.291
63.609 1.624 57.646 55.665 44.689 3.706 0.000 0.000 0.000 16.513 75.407 89.302 95.212 94.171 93.302 99.920 99.847 92.945 93.637 93.479 93.363 94.247 96.126 57.003 0.000 0.000 0.000 0.000 0.000 26.411 37.096 48.540 45.061 44.618 41.211 40.863 40.574 41.340 43.153 43.004 45.893 22.828 0.000 0.000 5.350 30.329 29.306 47.289 43.280 0.000 0.000 0.000 0.000 0.000 12.490 57.487 69.483 26.480 52.480 66.479 58.478 34.477 27.476 0.000 0.000 0.000 0.000 0.000 0.000 0.000 16.289 22.289 26.289
45.605 0.000 59.667 49.677 56.695 48.725 9.773 0.541 9.708 76.620 85.525 95.439 94.289 94.526 92.527 99.982 92.248 94.034 93.687 93.598 94.483 95.377 49.251 0.000 0.000 0.000 0.000 0.000 39.074 49.726 47.337 45.837 47.296 46.770 52.279 56.906 51.631 44.420 38.256 42.131 48.043 5.996 0.000 0.000 1.334 33.318 34.306 56.295 44.290 0.000 0.000 0.000 0.000 0.000 0.482 52.480 61.479 66.477 62.477 62.476 66.475 50.474 29.472 30.470 0.000 0.000 0.000 0.000 0.000 18.287 23.287 21.287 26.287
0.000 0.000 27.676 78.682 41.689 0.000 0.000 14.880 74.812 79.732 93.653 94.514 94.753 92.649 100.070 92.518 94.321 93.891 93.827 94.710 91.598 46.525 0.000 0.000 0.000 0.000 0.000 41.752 49.423 47.082 46.689 50.177 24.514 2.886 5.229 21.851 47.622 49.453 50.322 42.221 43.152 4.116 0.000 0.000 0.000 14.311 32.303 39.297 38.294 0.000 0.000 0.000 0.000 0.000 0.476 43.476 56.475 61.474 62.474 63.473 59.473 55.472 40.470 28.468 32.465 38.464 0.000 0.000 0.000 0.000 21.286 22.286 24.285
0.000 0.000 4.681 79.685 66.689 0.000 0.000 21.980 82.925 90.855 94.752 95.899 95.891 100.407 100.201 93.473 94.184 94.039 93.935 88.826 78.675 29.600 0.000 0.000 0.000 30.616 39.432 51.081 47.783 47.491 51.159 28.668 0.000 0.000 0.000 7.649 45.554 42.449 46.356 52.281 52.228 30.201 0.000 0.000 0.000 0.000 34.299 28.297 35.296 0.000 0.000 0.000 0.000 0.000 5.472 30.472 47.472 61.471 56.471 49.471 51.471 12.470 37.469 46.466 39.464 35.463 0.000 0.000 0.000 0.000 0.000 16.284 21.284
0.000 0.000 0.000 7.690 56.694 0.193 10.240 76.135 88.057 94.981 94.947 95.078 100.779 100.598 92.774 94.566 94.226 94.149 87.055 52.983 0.000 0.000 0.000 3.121 49.016 42.800 50.598 48.360 48.136 48.939 26.790 0.000 0.000 0.000 0.000 6.541 48.497 42.434 42.371 44.318 48.280 50.260 2.260 0.000 0.000 0.000 15.298 34.296 9.296 0.000 0.000 0.000 0.000 0.000 0.000 26.469 37.469 44.468 36.468 33.468 0.000 0.000 0.000 30.463 34.462 43.462 0.000 0.000 0.000 0.000 0.000 10.283 21.283
0.000 0.000 0.000 0.000 0.000 10.426 79.347 84.263 95.191 95.069 96.305 96.335 100.948 93.086 94.858 94.420 94.354 84.246 73.154 37.069 0.000 0.000 0.000 43.226 65.127 49.970 41.800 49.624 47.464 50.339 20.271 0.000 0.000 0.000 2.467 37.479 44.457 43.420 43.378 40.340 36.313 38.298 0.278 0.000 0.000 0.000 0.000 41.295 0.000 0.000 0.000 0.000 0.000 0.000 0.000 28.466 27.466 26.466 24.465 30.465 0.000 0.000 0.000 5.462 28.461 46.460 0.000 0.000 0.000 0.000 0.000 0.000 14.282
0.000 0.000 0.000 0.000 0.000 82.513 81.457 95.389 95.293 96.448 96.476 101.256 101.106 94.043 95.722 93.559 79.437 68.338 42.246 0.000 0.000 0.000 37.594 55.431 55.296 62.154 50.010 39.872 45.756 55.683 58.686 21.843 0.000 0.000 1.452 49.450 43.434 43.409 42.380 38.353 32.333 33.322 0.000 0.000 0.000 0.000 0.000 14.294 22.293 0.000 0.000 0.000 0.000 0.000 6.464 30.464 24.464 25.463 25.463 27.462 10.461 0.000 0.000 0.000 15.459 36.458 14.456 0.000 0.000 0.000 0.000 0.000 9.281
0.000 0.000 0.000 0.000 21.747 82.656 94.583 95.512 96.484 98.632 101.534 101.397 93.363 95.119 91.765 80.659 69.505 41.422 0.000 0.000 0.000 39.906 60.756 46.609 38.472 52.339 64.212 52.098 55.006 55.950 42.945 49.001 28.072 0.000 9.438 41.434 37.422 44.403 39.381 31.360 30.344 34.336 0.000 0.000 0.000 0.000 0.000 1.293 41.293 0.000 0.000 0.000 0.000 0.000 0.000 12.463 27.462 25.461 25.461 25.460 33.460 0.000 0.000 0.000 0.000 17.456 28.454 34.453 0.000 0.000 0.000 0.000 0.000
0.000 0.000 0.000 0.000 64.839 90.778 96.714 95.597 95.836 93.886 101.664 93.654 95.412 89.975 78.902 53.776 0.000 0.000 0.000 0.000 40.190 61.056 47.917 36.778 36.644 38.519 49.403 64.302 55.221 40.168 48.144 50.144 24.143 0.000 6.433 66.428 53.416 42.400 36.380 32.360 29.348 30.342 24.342 0.000 0.000 0.000 0.000 0.000 20.292 0.000 0.000 0.000 0.000 0.000 0.000 0.000 29.460 25.460 25.459 25.459 27.458 11.457 0.000 0.000 0.000 0.000 25.453 28.452 0.000 0.000 0.000 0.000 0.000
0.000 0.000 0.000 68.100 64.991 70.912 85.814 96.970 94.010 101.907 101.788 94.588 90.270 79.118 58.007 0.000 0.000 22.141 0.000 0.000 65.324 48.212 37.077 37.940 36.810 39.688 53.579 62.485 63.410 47.355 43.318 54.286 28.215 0.000 0.000 0.000 10.416 0.000 0.000 2.354 33.347 40.343 41.342 27.341 0.000 0.000 0.000 0.000 0.000 0.000 0.000 0.000 0.000 0.000 0.000 0.000 29.458 28.458 31.458 26.458 23.457 32.457 0.000 0.000 0.000 5.451 39.452 44.452 0.000 0.000 0.000 0.000 0.000
0.000 0.000 7.302 69.208 66.116 67.035 77.002 93.151 102.131 102.020 93.875 90.635 78.301 52.221 0.000 0.000 39.202 38.142 20.021 3.837 53.569 37.392 38.238 37.097 37.965 52.846 58.740 22.650 13.578 65.524 51.489 29.469 0.000 0.000 0.000 0.000 0.000 0.000 0.000 0.000 51.343 45.342 42.341 38.340 0.000 0.000 0.000 0.000 0.000 0.000 0.000 0.000 0.000 0.000 0.000 17.455 26.456 1.457 0.000 1.457 26.456 30.456 0.000 0.000 0.000 7.451 43.451 12.451 0.000 0.000 0.000 0.000 0.000
0.000 82.472 70.395 67.314 65.238 66.113 67.347 71.399 102.238 93.118 88.875 78.462 52.417 0.000 0.000 0.000 43.264 41.202 61.084 44.921 37.725 38.548 37.389 40.243 60.110 56.990 37.886 33.797 38.727 66.676 63.644 27.632 0.000 0.000 0.000 0.000 0.000 0.000 0.000 0.000 58.341 58.340 53.340 44.339 0.000 0.000 0.000 0.000 0.000 0.000 0.000 0.000 0.000 0.000 0.000 29.455 31.455 0.000 0.000 0.000 29.455 30.455 0.000 0.000 0.000 0.000 14.451 0.000 0.000 0.000 0.000 0.000 0.000
0.000 80.549 94.493 86.423 71.325 72.476 64.515 102.440 102.341 71.992 76.672 52.569 0.000 0.000 0.000 0.000 45.387 58.317 56.195 38.037 37.861 37.688 48.526 60.376 49.241 38.120 38.015 37.927 38.857 47.807 65.780 61.784 22.843 0.000 0.000 0.000 0.000 0.000 0.000 0.000 44.340 46.339 58.339 59.338 15.337 0.000 0.000 0.000 0.000 0.000 0.000 0.000 0.000 0.000 21.453 31.454 8.454 0.000 0.000 0.000 30.455 28.455 0.000 0.000 0.000 0.000 0.000 0.000 0.000 0.000 0.000 0.000 0.000
16.777 93.682 96.606 96.533 91.501 81.649 102.633 102.536 64.115 58.906 0.000 0.000 0.000 0.000 0.000 0.000 56.581 61.484 37.341 39.173 38.993 50.816 59.650 41.496 38.358 38.234 38.128 38.038 37.967 37.916 46.886 66.880 59.902 33.935 24.949 28.952 0.000 0.000 0.000 0.000 0.000 24.338 64.338 64.337 25.337 0.000 0.000 0.000 0.000 0.000 0.000 0.000 0.000 0.000 10.453 9.453 0.000 0.000 0.000 0.000 10.455 37.454 0.000 0.000 0.000 0.000 0.000 0.000 0.000 0.000 0.000 0.000 0.000
86.873 96.793 96.724 96.604 100.840 91.890 102.727 64.163 66.822 61.601 0.000 0.000 0.000 0.000 0.000 50.076 61.871 38.698 39.514 39.319 47.123 59.935 37.760 38.602 38.459 38.333 38.223 38.131 38.058 38.004 37.968 41.950 42.949 37.956 38.959 45.955 27.955 0.000 0.000 0.000 0.000 0.000 19.337 55.336 18.336 0.000 0.000 0.000 0.000 0.000 0.000 0.000 0.000 0.000 0.000 0.000 0.000 0.000 0.000 0.000 0.000 0.000 0.000 0.000 0.000 0.000 0.000 0.000 0.000 0.000 0.000 0.000 0.000
92.971 92.904 96.809 97.964 95.003 102.910 102.819 68.734 53.056 0.000 0.000 0.000 0.000 0.000 0.000 67.282 44.129 39.924 39.697 41.467 62.245 42.040 38.856 38.692 38.545 38.414 38.300 38.206 38.131 38.073 38.032 37.004 35.987 38.980 20.977 0.000 0.000 0.000 0.000 0.000 0.000 0.000 0.000 48.335 36.335 3.334 0.000 0.000 0.000 0.000 0.000 0.000 0.000 0.000 0.000 0.000 0.000 0.000 0.000 0.000 0.000 0.000 0.000 0.000 0.000 0.000 0.000 0.000 0.000 0.000 0.000 0.000 0.000
72.083 72.013 75.985 72.135 103.092 103.002 80.340 61.358 52.012 0.000 0.000 0.000 0.000 0.000 0.000 42.640 38.439 38.173 36.884 49.606 42.351 36.124 36.931 36.764 36.615 36.478 37.359 38.262 38.186 38.127 37.082 35.046 37.018 37.000 33.992 23.991 26.988 28.986 27.983 29.982 0.980 0.000 0.000 0.000 45.334 17.334 0.000 0.000 0.000 0.000 0.000 0.000 0.000 0.000 0.000 0.000 0.000 0.000 0.000 0.000 0.000 0.000 0.000 0.000 0.000 0.000 0.000 0.000 0.000 0.000 0.000 0.000 0.000
87.199 109.082 74.323 104.375 103.181 63.002 53.541 0.000 66.901 25.055 0.000 0.000 0.000 0.000 86.675 65.200 35.814 43.444 54.061 52.722 48.428 46.176 45.981 45.820 44.673 38.525 34.396 38.298 38.224 38.168 37.122 37.081 41.037 41.012 41.999 51.993 51.989 47.986 40.982 39.981 18.979 0.000 0.000 0.000 4.334 10.334 0.000 0.000 0.000 0.000 0.000 0.000 0.000 0.000 0.000 0.000 0.000 0.000 0.000 0.000 0.000 0.000 0.000 0.000 0.000 0.000 0.000 0.000 0.000 0.000 0.000 0.000 0.000
135.282 113.874 111.914 103.346 103.265 91.107 0.000 33.613 61.613 135.211 110.732 0.000 34.271 23.710 85.150 44.671 42.173 113.729 104.194 99.793 99.464 98.170 96.996 95.861 94.731 65.552 32.401 38.309 38.245 38.197 38.159 30.120 0.000 0.000 0.000 0.000 0.000 0.000 4.981 56.979 35.978 6.977 0.000 0.000 0.000 0.000 0.000 0.000 0.000 0.000 0.000 0.000 0.000 0.000 0.000 0.000 0.000 0.000 0.000 0.000 0.000 0.000 0.000 0.000 0.000 0.000 0.000 0.000 0.000 0.000 0.000 0.000 0.000
93.454 113.036 103.494 103.421 87.679 0.000 0.000 0.000 4.729 56.444 44.252 0.000 15.832 0.000 44.543 41.161 50.479 106.104 0.000 0.000 0.000 42.044 50.974 111.898 24.839 0.000 42.347 38.294 38.250 39.217 21.196 0.000 0.000 0.000 0.000 0.000 0.000 0.000 0.000 9.978 56.977 12.976 0.000 0.000 0.000 0.000 0.000 0.000 0.000 0.000 0.000 0.000 0.000 0.000 0.000 0.000 0.000 0.000 0.000 0.000 0.000 0.000 0.000 0.000 0.000 0.000 0.000 0.000 0.000 0.000 0.000 0.000 0.000
114.214 112.263 103.563 112.178 114.023 34.311 0.000 12.131 39.131 48.585 25.580 2.212 37.394 82.994 81.319 73.950 0.000 25.104 0.000 2.988 24.988 52.989 97.958 60.918 25.889 0.000 0.000 44.268 38.244 39.225 20.214 0.000 0.000 0.000 0.000 0.000 0.000 0.000 0.000 0.000 3.975 42.974 7.973 0.000 0.000 0.000 0.000 0.000 0.000 0.000 0.000 0.000 0.000 0.000 0.000 0.000 0.000 0.000 0.000 0.000 0.000 0.000 0.000 0.000 0.000 0.000 0.000 0.000 0.000 0.000 0.000 0.000 0.000
112.351 103.686 103.626 92.688 35.452 0.000 0.000 0.000 0.744 26.184 0.000 0.000 30.679 74.269 127.790 63.370 0.000 0.000 0.000 0.000 0.000 66.965 101.950 31.928 28.908 0.000 0.000 0.000 43.231 37.225 35.220 33.220 21.220 0.000 0.000 0.000 0.000 0.000 0.000 0.000 0.000 56.973 14.972 0.000 0.000 0.000 0.000 0.000 0.000 0.000 0.000 0.000 0.000 0.000 0.000 0.000 0.000 0.000 0.000 0.000 0.000 0.000 0.000 0.000 0.000 0.000 0.000 0.000 0.000 0.000 0.000 0.000 0.000
