results4_8e4_rain/res_4e8f-0223.wd
ncols         241
nrows         181
xllcorner     12693529.787448
yllcorner     3542525.717860
cellsize      155.156523
NODATA_value  -9999.000000
[rows 132 to 164 of 181, columns 0 to 72 of 241]
96.399 101.399 105.399 105.398 107.397 107.396 101.394 92.392 78.390 67.387 66.384 67.381 66.378 65.374 70.369 84.364 95.358 100.352 100.345 97.336 89.326 80.314 71.300 65.282 70.259 72.231 71.197 72.160 70.127 65.098 79.069 102.041 69.018 0.000 0.000 0.000 8.802 60.796 72.791 69.772 71.758 77.750 95.751 81.757 65.766 64.778 64.793 76.809 97.828 38.847 11.871 6.904 0.000 0.000 0.000 0.000 0.000 0.000 0.000 0.000 0.000 0.183 3.184 1.184 28.184 8.108 12.033 52.937 75.796 79.699 79.593 89.681 117.148
74.404 76.404 79.403 85.403 95.402 101.400 106.399 106.397 99.394 85.392 74.389 68.386 72.382 79.378 92.374 107.368 106.363 103.356 103.349 106.340 106.330 102.318 90.304 78.287 70.267 65.243 66.216 65.188 66.162 74.138 96.116 104.098 16.087 0.000 0.000 0.000 18.809 46.815 64.839 73.836 74.825 71.814 72.819 82.825 77.832 70.840 74.850 82.862 95.875 36.891 22.911 28.938 8.968 0.000 0.000 0.000 0.000 0.000 0.000 0.000 0.000 0.000 0.000 0.000 10.259 0.000 60.057 81.980 77.862 86.837 77.902 117.268 106.028
66.409 66.409 66.408 68.408 73.406 77.405 84.404 93.402 101.399 104.397 98.394 96.391 98.387 101.383 100.379 93.373 84.368 82.361 82.354 87.345 93.335 100.324 103.311 102.295 91.278 81.258 76.236 74.215 83.194 99.176 100.160 86.149 19.144 0.000 0.000 0.000 0.000 0.000 47.916 74.908 53.893 41.864 56.884 71.891 86.896 90.901 92.906 93.912 89.921 16.931 3.942 31.970 28.997 17.024 23.036 17.041 0.000 0.000 0.000 0.000 0.000 0.000 44.473 14.423 80.334 102.270 135.127 91.103 86.157 67.117 103.184 107.708 107.618
67.414 67.414 67.413 67.413 66.412 65.410 67.409 72.407 78.405 88.402 98.399 100.396 93.393 83.389 77.384 69.379 65.373 65.367 65.360 67.352 72.342 78.332 85.320 97.306 102.291 104.274 103.257 99.240 102.224 95.210 77.199 69.194 48.197 6.218 0.000 0.000 0.000 0.000 41.000 73.986 16.976 0.000 49.961 74.961 93.961 101.960 87.960 90.960 76.964 34.972 0.986 59.005 28.025 20.040 31.044 31.045 2.047 0.000 0.000 0.000 0.000 31.576 50.523 123.465 152.389 135.272 118.829 117.776 109.449 108.090 107.970 107.844 73.066
67.420 67.419 67.419 67.418 67.417 67.416 67.414 66.413 66.410 69.408 75.405 74.402 70.398 66.395 66.390 66.385 67.380 67.374 67.367 67.359 66.351 65.341 67.330 73.318 80.305 89.292 97.278 93.264 82.252 70.241 66.234 71.230 79.232 55.240 33.247 33.238 19.215 20.173 56.098 77.060 27.049 9.064 69.039 101.030 103.025 82.020 85.013 84.003 72.004 61.014 12.015 40.026 14.059 2.067 15.053 2.049 4.049 2.043 0.000 0.000 0.000 12.630 75.577 81.498 77.487 78.648 76.623 108.410 108.309 108.203 75.406 78.186 80.061
67.425 67.425 67.425 67.424 67.423 67.422 67.420 67.419 67.416 67.414 66.411 66.408 66.405 67.401 67.397 67.392 67.387 67.381 67.375 67.368 67.360 67.351 67.342 66.332 65.321 66.309 70.298 68.287 67.278 71.270 74.264 73.261 71.261 73.262 73.262 70.253 70.235 74.204 49.160 35.106 24.097 42.105 87.101 101.096 81.090 74.083 73.069 53.036 49.036 12.067 0.128 0.000 2.116 4.117 0.000 0.000 8.056 23.037 37.994 7.931 21.852 84.709 91.698 89.772 87.759 88.841 108.598 108.506 89.645 96.438 89.295 95.071 86.915
67.431 67.431 67.431 67.430 67.429 67.428 67.426 67.425 67.423 67.420 67.418 67.415 67.411 67.408 67.404 67.399 67.395 67.390 67.384 66.377 73.370 75.363 67.354 66.345 65.336 66.327 68.318 71.309 74.302 73.296 68.291 69.289 76.287 79.287 75.284 69.278 66.266 75.250 6.233 0.000 9.127 82.157 91.163 78.162 70.157 90.151 36.145 0.000 0.000 2.174 3.203 3.202 3.173 4.167 0.000 0.000 33.082 75.057 104.014 64.953 97.840 106.001 102.966 102.058 108.855 108.773 108.687 101.725 103.605 103.306 102.170 101.105 19.024
67.437 67.437 67.437 67.436 67.435 67.434 67.433 67.431 67.429 67.427 70.425 70.422 68.418 72.415 70.411 67.407 67.403 67.398 66.393 64.387 75.381 83.374 69.367 66.360 68.352 71.344 73.337 72.330 69.325 71.320 76.317 78.315 79.314 79.313 74.311 68.308 77.302 96.295 15.290 0.000 0.000 56.234 79.234 76.231 80.225 100.218 34.215 0.000 3.252 3.228 3.235 3.230 3.205 5.213 0.000 31.179 83.137 99.091 102.027 107.030 104.199 101.191 109.079 109.008 108.934 101.028 101.816 102.693 102.376 102.351 95.285 72.196 0.000
67.444 67.443 67.443 67.442 67.442 67.441 67.440 67.438 67.437 68.434 75.432 75.429 52.425 20.422 41.418 71.415 65.412 68.408 74.403 77.398 77.392 73.387 69.380 70.374 73.368 72.361 71.356 73.350 77.346 77.343 79.341 78.340 69.340 64.340 66.340 79.340 98.340 108.340 30.341 0.000 0.000 31.311 87.307 89.303 96.294 95.282 31.282 0.000 3.277 1.276 2.277 3.279 0.000 9.265 35.264 79.230 101.161 104.186 103.281 103.288 102.383 109.214 109.148 101.227 102.030 102.896 102.685 102.544 102.503 94.439 86.399 0.000 0.000
67.450 67.450 67.450 67.449 67.448 67.448 67.447 67.445 67.444 69.442 78.440 89.437 65.433 2.430 8.424 56.423 82.421 74.418 72.414 72.409 70.404 69.399 71.394 73.388 71.383 67.378 69.373 81.370 83.367 73.365 67.364 64.365 64.366 69.368 83.370 99.373 96.376 80.382 52.394 20.421 14.421 58.391 87.382 69.378 60.368 52.333 17.350 1.390 1.326 22.317 13.318 3.330 0.000 28.320 79.304 101.233 103.440 102.440 102.555 109.400 109.340 109.278 101.285 103.173 102.888 102.765 102.713 102.643 96.570 83.509 73.473 0.000 0.000
67.457 67.457 67.456 67.456 67.455 67.455 67.454 67.453 67.452 69.450 79.448 66.445 22.440 4.441 0.000 24.434 78.431 70.428 72.425 71.421 69.416 72.412 73.407 70.403 67.398 63.394 73.391 87.388 74.386 64.386 65.387 70.388 80.391 91.394 102.399 95.404 73.411 68.420 87.432 94.446 95.453 99.450 74.452 35.459 7.466 0.000 1.533 1.538 0.000 35.332 22.348 2.394 33.415 79.367 101.400 103.601 102.628 109.563 109.511 109.457 101.546 102.348 103.241 102.942 102.930 102.873 102.800 103.712 91.635 62.552 51.513 9.513 3.513
66.464 66.463 67.463 67.463 67.462 67.462 67.461 67.461 67.460 70.459 80.457 51.456 0.000 10.452 48.453 50.447 67.443 69.439 57.436 39.432 77.428 72.425 68.421 67.417 65.413 67.410 83.407 86.405 68.405 71.406 83.408 92.411 101.415 99.420 87.427 73.434 66.443 82.454 86.467 74.481 55.493 53.504 41.518 21.539 10.571 4.637 2.654 22.669 17.688 0.000 0.000 27.460 79.519 102.642 103.676 101.796 109.660 109.612 101.704 102.518 103.400 103.209 103.090 103.069 103.018 102.970 105.902 69.773 49.704 0.000 0.000 0.000 0.000
75.471 73.470 70.470 68.469 65.469 65.469 65.469 65.469 64.468 69.467 81.467 64.466 45.468 53.463 71.461 67.457 64.454 70.450 65.447 52.444 72.441 66.438 65.434 65.431 67.427 81.424 89.422 55.421 47.422 97.424 102.428 97.433 86.439 76.446 68.453 64.462 75.473 87.486 55.500 30.517 13.534 4.554 21.577 20.607 10.643 11.686 14.713 42.724 26.706 0.000 0.000 59.755 101.798 100.933 109.795 109.752 109.707 101.738 103.635 103.363 103.258 103.230 105.189 100.141 102.113 103.087 114.066 0.000 0.000 0.000 0.000 0.000 0.000
76.479 78.478 84.476 85.475 85.476 82.477 83.477 82.477 81.476 81.476 83.475 66.475 70.474 69.472 66.470 69.467 69.464 68.461 73.459 75.456 69.453 63.450 65.448 67.445 81.441 86.439 75.436 69.435 78.437 101.441 84.447 75.454 67.461 65.469 67.479 66.489 80.501 89.516 53.532 29.552 17.574 19.600 22.631 14.668 15.709 21.751 23.786 16.809 0.000 0.000 37.997 80.017 109.912 109.875 109.837 101.967 102.776 103.677 103.388 103.387 104.347 104.304 77.262 55.202 90.203 104.199 109.209 49.266 0.000 0.000 0.000 0.000 0.000
69.487 63.486 16.481 18.480 27.484 74.485 71.485 71.485 71.485 75.484 84.484 65.483 66.482 65.481 68.479 72.477 73.475 71.472 70.470 73.468 74.466 71.464 65.461 82.458 88.455 79.452 85.449 102.448 99.450 81.456 69.466 65.475 67.483 67.492 66.502 71.514 87.528 89.543 81.562 84.584 55.610 17.641 9.680 8.724 20.773 27.823 17.871 14.919 6.949 33.118 81.166 109.980 109.947 102.105 102.917 103.807 103.622 103.510 103.497 104.452 102.414 96.376 21.356 0.000 72.299 107.297 104.304 103.324 0.000 0.000 0.000 0.000 0.000
67.497 59.497 0.000 0.492 9.493 70.494 66.494 66.494 66.493 70.493 84.493 62.492 66.491 70.490 72.488 73.487 70.485 67.483 65.482 67.480 77.478 90.477 85.475 86.473 63.470 57.466 109.459 95.456 62.458 22.466 42.485 70.496 67.505 67.514 69.525 62.537 46.552 36.568 48.588 88.611 64.639 17.676 12.722 7.778 16.835 21.896 15.960 21.018 21.102 59.247 110.029 101.291 105.032 103.940 103.755 103.647 103.626 103.593 104.553 104.519 69.482 45.429 31.431 34.439 85.398 106.384 102.386 93.402 11.437 0.000 0.000 0.000 0.000
67.508 67.509 50.513 0.503 10.503 71.503 67.503 67.503 66.502 67.502 82.501 69.501 72.500 74.499 73.498 68.497 65.496 66.494 66.493 65.492 75.491 98.490 94.489 81.488 74.486 65.481 41.467 30.461 17.459 0.000 23.513 72.518 67.526 69.535 52.546 26.558 11.573 8.591 50.611 67.634 36.662 8.700 11.754 16.829 23.894 19.966 14.054 7.132 10.423 58.472 110.092 104.179 103.943 103.767 103.754 103.721 103.683 103.647 101.615 92.586 25.565 0.000 42.498 101.489 106.469 104.457 98.455 88.461 6.472 0.000 0.000 0.000 0.000
64.517 66.517 63.519 0.000 6.512 71.512 66.512 64.511 66.511 70.511 74.510 73.510 73.509 71.509 65.508 66.507 66.506 67.505 67.505 72.504 90.504 89.503 82.503 91.504 89.504 60.505 0.000 0.000 0.000 0.000 21.536 72.539 67.545 70.554 41.564 3.577 37.592 63.610 83.630 52.652 4.673 0.740 0.808 5.892 15.945 16.023 16.125 10.359 6.971 110.271 110.184 103.084 103.934 103.837 103.805 103.769 103.735 105.702 90.672 73.646 33.626 9.619 57.574 87.550 96.532 105.520 94.515 83.515 5.517 0.000 0.000 0.000 0.000
71.525 69.525 58.526 0.000 57.522 65.521 67.521 71.520 72.520 73.520 71.519 72.519 70.519 66.518 66.518 67.517 67.517 66.516 68.516 91.516 90.516 72.517 85.517 83.519 87.522 85.529 48.546 4.555 13.560 43.561 48.555 68.557 67.562 67.570 62.581 54.594 71.609 70.627 64.648 86.671 34.695 0.765 0.833 9.918 14.972 13.049 14.143 38.285 62.674 110.353 105.408 105.160 104.902 103.891 103.854 103.820 104.786 102.754 57.725 34.699 46.676 47.656 101.628 103.606 83.588 93.576 88.569 61.566 26.566 0.000 0.000 0.000 0.000
72.533 73.533 70.534 58.535 72.532 72.530 72.530 73.529 73.529 74.529 86.528 68.528 66.528 66.528 67.527 67.527 67.527 68.527 82.527 93.528 68.528 72.529 99.531 91.533 79.537 82.543 85.553 69.560 74.565 89.567 82.568 70.571 63.576 63.584 74.595 90.608 77.623 49.642 21.664 76.691 65.727 14.785 17.842 22.907 18.975 10.061 12.127 53.406 105.654 110.429 102.387 105.042 105.973 103.937 103.903 103.868 96.836 86.804 43.775 14.748 23.724 24.701 85.677 127.657 108.640 84.627 76.619 55.615 64.613 17.613 0.000 3.827 7.827
77.540 77.540 73.540 73.541 73.540 74.539 74.538 70.538 67.538 66.538 29.537 19.537 70.537 67.537 67.537 67.537 66.537 69.538 93.538 79.539 64.540 70.541 87.543 104.546 99.550 96.555 94.561 90.567 86.571 85.575 93.578 90.582 84.588 80.596 83.606 87.619 49.634 13.653 12.674 28.700 24.739 9.790 18.838 28.893 24.962 16.060 9.220 52.474 110.572 110.502 105.279 107.126 104.016 103.986 104.950 100.916 84.883 77.852 83.823 89.795 73.770 95.746 110.723 127.704 136.687 120.674 82.666 87.661 62.660 0.000 0.000 0.000 0.000
16.548 17.547 77.547 72.547 72.547 67.547 64.547 66.547 61.547 14.547 14.547 3.547 71.547 67.547 67.547 67.547 67.548 85.548 92.549 65.550 67.551 67.553 70.555 76.558 78.561 78.566 74.570 77.575 93.579 86.583 77.587 80.592 87.598 91.606 94.615 91.627 66.643 31.661 14.680 13.697 0.000 2.798 13.827 22.867 6.914 0.000 22.435 82.682 110.638 102.618 106.348 106.087 104.072 104.033 104.997 99.963 86.930 52.898 59.868 102.840 113.814 145.789 136.767 108.747 96.730 113.717 92.708 86.704 61.705 0.732 0.000 0.000 0.000
3.555 12.555 26.552 81.555 66.555 64.555 66.555 66.555 67.555 14.555 5.556 60.556 68.556 67.556 67.557 67.557 69.558 93.558 78.559 64.560 67.562 67.564 67.566 66.569 66.572 66.576 65.580 72.584 101.588 80.592 11.596 19.600 31.606 82.613 92.622 76.633 81.648 68.667 20.689 17.712 2.743 7.778 20.805 12.832 0.000 0.000 40.603 110.767 110.704 105.501 107.244 103.153 104.116 104.079 104.043 104.008 90.974 53.942 68.912 105.883 101.856 135.831 130.808 99.788 104.770 90.756 71.746 89.742 67.744 1.757 0.000 0.000 0.000
65.564 61.564 0.000 73.564 83.564 84.564 65.564 77.564 84.564 60.564 58.564 68.565 67.565 67.566 67.566 67.567 86.568 90.568 65.570 67.571 66.572 65.574 67.577 67.579 67.582 67.585 66.589 74.592 103.596 84.600 30.603 3.608 54.613 79.619 92.626 71.635 61.649 20.670 13.695 16.717 14.741 22.764 26.782 0.808 0.000 19.519 81.774 110.829 102.753 106.479 106.222 104.203 104.161 104.123 104.087 105.051 96.018 84.985 107.954 132.925 120.897 137.871 134.847 128.825 135.806 101.791 78.779 88.773 96.772 25.776 0.000 0.000 0.000
67.573 66.573 61.576 67.573 66.572 14.572 88.572 80.572 67.572 68.573 68.573 67.574 67.574 67.575 67.576 70.577 93.577 76.578 66.579 67.581 73.583 81.585 67.587 65.589 67.592 66.595 69.598 93.601 101.604 76.607 64.611 52.615 74.618 73.623 34.628 19.634 16.641 0.000 5.706 5.720 6.738 7.757 9.770 0.000 22.562 79.727 101.907 110.888 103.716 104.361 104.285 104.244 104.204 104.166 104.129 105.094 96.060 79.027 74.995 107.965 97.936 111.909 114.883 102.860 104.838 76.821 53.807 67.799 134.796 87.799 22.810 12.817 34.822
67.580 67.581 67.581 67.581 67.580 61.580 77.580 93.581 69.581 66.581 67.582 67.583 67.584 67.584 66.585 89.586 91.587 65.588 67.589 68.590 65.592 27.595 86.597 81.599 68.602 66.604 84.607 103.610 87.612 67.615 67.618 68.621 71.624 75.627 12.629 13.631 0.000 2.701 17.702 0.000 0.720 0.000 0.000 0.000 45.666 102.854 111.000 110.945 103.600 104.436 104.321 104.286 104.246 104.208 104.171 103.135 88.100 90.067 110.034 129.003 127.973 132.945 137.917 124.892 122.868 109.846 58.830 56.820 132.815 96.814 34.814 27.818 92.824
67.588 67.588 67.588 67.588 67.588 67.588 67.588 78.589 93.589 69.590 66.591 67.592 67.593 65.594 73.595 94.596 74.597 66.598 68.599 66.599 8.602 5.605 74.607 75.609 81.611 80.613 88.616 87.618 68.620 66.623 68.625 71.627 76.629 76.631 0.000 0.000 0.000 4.699 28.700 15.700 16.702 15.701 0.000 6.738 53.896 108.064 111.054 102.935 104.653 104.389 104.370 104.326 104.287 104.248 104.211 104.175 90.140 86.106 107.073 108.040 108.009 110.979 110.950 109.922 114.894 87.867 63.847 78.835 93.829 32.827 0.000 0.000 36.830
67.595 69.595 69.595 67.595 67.595 67.596 67.596 67.597 78.598 93.598 69.599 64.600 64.602 81.603 93.604 87.605 64.607 67.608 63.608 9.607 6.612 60.615 67.617 67.619 73.621 90.623 90.625 83.627 76.629 68.630 55.632 25.634 90.636 70.637 0.000 0.000 0.000 3.697 17.698 10.699 24.700 13.701 0.000 6.874 26.976 111.158 111.106 103.805 104.540 104.447 104.407 104.365 104.326 104.287 104.250 105.213 100.178 90.144 85.110 84.077 84.044 84.013 83.982 87.952 61.919 5.881 31.856 87.845 83.839 44.839 6.842 0.000 35.835
68.602 5.602 6.602 67.602 66.603 65.603 65.604 64.605 64.606 77.607 92.608 85.609 92.610 94.612 81.613 65.615 72.617 72.618 60.619 0.000 8.625 71.626 67.627 69.629 93.630 100.632 78.633 69.635 76.637 83.638 71.640 7.641 50.642 68.643 0.000 0.000 0.000 4.694 10.695 7.698 21.699 0.000 0.000 6.929 12.245 111.208 109.052 104.769 104.511 104.488 104.444 104.403 104.363 104.325 104.288 104.251 105.216 104.181 102.146 101.112 101.078 102.046 104.014 77.983 19.951 0.000 16.852 72.848 103.846 94.845 67.846 43.845 60.840
67.609 66.609 1.609 66.610 77.610 81.611 85.612 90.613 93.614 94.615 94.616 94.618 80.619 67.621 83.623 100.625 101.627 101.629 94.632 72.638 7.636 68.637 66.638 75.639 103.640 90.641 67.642 66.643 68.645 71.646 62.647 7.648 27.650 27.651 0.000 0.000 0.000 10.689 5.692 0.000 4.699 0.000 14.946 16.164 6.597 111.257 113.003 108.643 104.565 104.522 104.480 104.439 104.400 104.362 104.325 104.288 104.253 104.218 104.182 104.147 105.111 108.078 80.046 13.014 0.000 5.907 0.000 17.849 73.850 104.851 95.851 71.850 48.843
67.616 69.616 65.617 67.617 82.617 81.618 77.619 73.620 72.621 68.623 89.624 79.626 90.628 81.630 97.632 93.634 86.637 87.639 98.642 104.645 93.646 94.647 86.648 94.649 102.649 75.650 66.651 67.652 67.653 66.654 66.654 68.655 63.657 12.660 72.666 63.671 2.676 4.681 0.000 0.000 0.000 5.951 83.994 81.198 111.349 111.304 106.879 107.710 104.593 104.557 104.514 104.474 104.435 104.398 104.361 104.325 104.289 104.254 104.219 106.182 111.142 80.109 20.077 0.000 0.000 2.907 1.906 0.000 14.854 65.858 100.859 50.859 0.000
69.623 5.623 64.623 67.624 67.624 67.625 66.626 67.628 69.629 67.631 79.633 74.635 83.637 94.639 82.641 67.644 68.646 69.649 70.651 75.654 88.655 98.657 104.658 102.658 91.659 67.660 67.660 67.660 67.661 67.661 68.662 91.662 64.663 4.665 68.668 18.671 12.675 5.678 0.000 0.000 0.000 15.937 104.142 106.355 111.392 105.209 104.919 104.654 104.634 104.588 104.548 104.508 104.470 104.432 104.396 104.361 104.326 104.291 106.257 91.220 45.167 12.138 0.000 4.908 2.907 22.907 29.906 0.000 0.000 36.867 98.867 50.867 0.000
70.629 3.629 64.630 67.630 67.631 67.632 67.633 68.635 6.637 66.638 70.641 81.643 81.645 89.648 94.650 80.653 65.656 65.659 65.661 67.664 69.665 70.667 71.668 71.669 70.669 69.669 65.669 65.669 66.669 67.669 78.668 92.668 63.668 57.669 59.670 0.000 0.000 5.678 0.000 0.000 0.000 20.032 103.155 111.477 111.435 104.067 104.798 104.703 104.662 104.620 104.579 104.540 104.503 104.466 104.430 104.396 104.362 104.329 109.298 65.273 0.000 0.000 2.910 0.909 2.907 17.907 24.906 0.000 0.000 39.876 99.876 58.876 0.000
