results4_8e4_rain/res_4e8f-0220.wd
ncols         241
nrows         181
xllcorner     12693529.787448
yllcorner     3542525.717860
cellsize      155.156523
NODATA_value  -9999.000000
[rows 33 to 65 of 181, columns 146 to 218 of 241]
64.999 64.215 63.939 64.575 31.234 42.903 64.588 58.273 36.848 0.000 0.000 36.890 12.891 17.891 33.892 58.896 45.895 11.893 0.000 0.821 50.807 58.793 16.770 43.744 35.723 36.700 40.664 49.627 67.587 58.558 53.530 48.508 49.488 49.471 48.455 47.439 46.422 54.403 64.384 56.368 56.353 54.339 33.324 47.312 55.303 0.000 25.883 30.856 54.786 52.729 57.675 67.624 60.582 55.562 10.551 0.000 38.504 38.494 45.491 23.494 0.000 0.000 0.000 0.000 0.000 0.000 0.000 0.000 0.000 0.000 0.000 0.000 0.000
64.952 64.697 64.350 65.020 42.697 60.393 63.125 56.933 0.000 0.000 14.890 38.890 0.000 0.000 0.000 42.906 42.901 50.891 13.871 63.846 51.820 38.797 47.773 38.747 36.722 36.695 35.664 37.631 65.597 63.567 63.540 65.517 58.496 60.477 59.459 59.442 59.424 60.407 64.390 62.374 63.360 58.347 35.336 34.327 7.321 0.000 22.827 36.810 44.775 39.725 45.671 58.614 58.581 56.561 14.551 0.000 0.000 43.478 15.475 0.000 0.000 0.000 0.000 0.000 2.360 45.354 44.347 46.341 36.337 39.333 6.331 0.000 0.000
65.433 65.096 64.773 64.452 64.142 64.848 56.586 43.401 0.000 0.000 0.000 6.890 0.000 0.000 0.000 39.921 36.912 49.898 54.878 46.853 55.828 53.803 34.777 35.751 36.723 36.695 48.665 52.634 56.603 49.574 46.547 56.523 30.501 37.481 32.462 32.444 32.427 35.410 61.394 50.379 48.366 50.355 35.345 37.338 17.334 0.000 32.788 89.782 14.779 0.000 0.000 7.582 59.566 58.551 17.541 0.000 0.000 40.466 37.457 39.438 37.423 45.409 51.396 43.382 65.366 72.355 70.347 55.340 35.335 34.332 38.329 8.327 0.000
65.831 65.510 65.188 64.874 65.569 60.271 41.969 32.685 41.685 0.000 0.000 0.000 0.000 0.000 0.000 36.944 35.930 38.910 34.888 45.863 48.836 51.809 40.782 35.754 35.726 35.697 60.667 66.637 48.608 42.579 42.551 43.527 40.504 40.483 40.464 41.446 44.428 41.412 62.397 54.383 52.371 52.360 34.352 48.346 74.342 0.000 24.755 77.752 0.000 0.000 0.000 9.566 59.550 57.536 35.520 40.494 38.475 36.461 36.449 36.434 35.421 42.409 49.397 36.385 54.368 72.352 68.344 48.338 33.333 33.329 38.326 6.325 0.000
66.247 65.919 65.598 65.288 61.991 47.698 36.333 0.000 0.000 0.000 0.000 41.095 4.081 10.058 2.025 35.981 36.953 36.927 35.900 35.873 41.845 34.816 34.787 36.758 35.729 34.699 58.670 55.641 63.612 67.582 66.553 61.528 57.506 59.485 55.465 59.447 59.429 60.413 64.398 62.385 63.373 59.363 34.356 46.350 68.348 0.000 19.726 80.719 0.000 0.000 0.000 0.000 56.532 59.523 38.508 36.488 36.470 36.456 36.443 36.430 35.418 42.407 51.399 7.392 0.000 30.343 73.339 49.334 33.329 33.325 37.323 4.321 0.000
66.660 66.321 65.995 65.689 55.409 37.195 0.000 0.000 0.000 0.000 39.125 42.109 55.091 55.067 43.037 36.003 35.972 36.943 36.914 35.884 34.854 35.823 35.793 35.762 34.732 43.702 62.672 41.644 55.616 32.583 65.551 55.527 54.505 54.485 51.465 56.446 57.429 57.413 64.398 62.385 59.374 59.365 34.358 48.353 67.350 0.000 5.703 73.679 0.000 0.000 0.000 0.000 60.523 59.517 35.501 37.479 36.462 37.448 37.436 37.424 38.414 46.404 26.398 0.000 0.000 31.338 73.334 54.330 41.325 35.321 38.318 5.316 0.000
67.069 66.708 67.374 60.064 47.762 37.479 0.000 0.000 0.000 0.000 36.140 53.126 47.106 36.082 38.053 38.022 35.991 34.960 36.928 35.896 36.864 36.831 36.798 35.766 35.734 55.703 55.674 55.647 55.626 0.000 37.542 35.525 36.504 36.483 37.464 41.445 44.427 42.411 62.397 56.384 50.373 52.364 35.357 47.353 66.351 0.000 0.000 46.617 37.591 0.000 0.000 0.000 54.521 37.519 0.000 32.465 38.451 42.440 49.429 49.418 49.408 51.399 23.392 0.000 15.341 79.337 72.331 74.326 62.320 37.315 38.311 6.309 0.000
67.467 67.070 66.727 52.431 4.096 0.046 0.000 0.000 0.000 14.196 52.170 47.149 37.126 38.100 38.072 38.041 38.009 35.976 34.943 34.908 36.873 35.838 35.803 34.769 36.735 51.703 42.673 51.644 52.615 11.581 11.550 51.525 50.503 50.481 50.461 52.442 52.424 53.408 65.393 61.381 56.370 58.361 34.354 43.350 71.349 0.000 0.000 105.579 74.566 41.547 28.538 0.000 0.000 0.000 0.000 0.000 35.437 44.430 48.421 47.411 50.401 52.390 38.378 43.360 59.345 74.336 72.328 72.321 60.315 37.309 37.303 13.299 0.000
67.836 68.377 60.034 42.835 0.000 0.000 0.000 2.262 2.249 59.221 53.196 37.173 38.148 38.122 38.092 38.061 38.028 37.994 34.958 35.921 35.883 35.845 36.808 35.771 35.736 38.702 43.670 55.640 42.610 54.579 59.550 52.524 61.500 51.478 52.457 55.438 54.420 53.403 63.388 59.375 47.364 46.355 35.349 42.346 71.346 0.000 0.000 96.555 86.547 63.537 32.529 0.000 0.000 8.458 3.455 0.000 6.430 55.424 47.415 41.405 38.395 53.383 40.371 42.357 50.344 71.334 73.325 71.317 57.309 37.301 34.294 38.286 32.274
76.125 73.566 46.197 36.042 0.000 0.000 4.287 37.276 51.262 52.243 46.221 41.198 38.173 38.145 38.115 38.083 37.049 40.013 44.975 40.935 35.894 36.852 35.811 35.772 35.734 35.700 42.667 43.635 41.605 48.575 47.547 42.521 54.497 34.474 42.452 49.433 48.414 42.397 61.382 54.368 34.357 33.347 36.341 38.338 42.342 0.000 0.000 74.537 54.532 91.523 77.512 13.492 14.476 65.462 39.451 37.439 37.429 39.420 50.410 44.400 12.389 65.377 53.365 49.353 47.341 58.330 74.321 66.311 49.303 38.294 34.285 41.275 65.263
0.000 0.000 25.145 43.094 0.000 0.000 39.298 49.292 63.282 47.267 46.248 46.226 39.200 38.172 38.140 38.107 45.071 53.033 53.993 45.950 40.904 35.858 34.813 35.770 39.731 36.695 35.661 34.630 40.599 41.570 40.542 41.516 43.491 36.468 42.446 47.426 49.407 45.389 61.373 55.359 37.347 36.337 36.329 32.324 0.000 0.000 0.000 30.525 49.521 49.513 83.503 98.489 91.475 59.461 45.449 46.437 46.426 49.416 71.405 89.394 98.383 97.372 99.360 98.348 92.337 86.326 78.316 61.306 44.296 35.287 36.277 49.267 68.256
19.287 0.000 0.000 0.000 0.000 10.315 42.314 62.313 54.307 57.295 54.278 44.256 37.230 38.201 38.168 49.133 54.095 50.056 45.015 41.969 44.915 39.863 39.813 35.764 40.724 34.688 35.654 36.623 35.593 35.564 35.536 35.509 34.484 35.461 35.438 39.417 45.398 44.379 62.363 56.348 35.335 36.323 36.314 35.306 10.295 0.000 0.000 34.516 60.513 49.506 51.497 66.485 77.472 87.459 89.447 95.435 98.424 98.412 97.401 93.390 84.378 82.367 84.355 87.343 89.332 90.321 88.310 92.300 84.290 51.280 38.271 57.260 74.250
58.733 17.596 0.000 0.000 7.286 43.315 59.332 52.339 44.338 52.329 56.313 57.291 47.264 36.233 46.198 55.160 45.121 37.081 37.041 38.995 6.926 7.866 6.810 32.751 36.712 38.678 38.646 35.615 35.585 36.556 35.528 35.501 35.476 36.452 35.429 35.408 35.387 38.368 55.351 54.335 36.321 36.308 36.298 37.290 38.284 0.000 0.000 33.511 51.508 52.502 64.494 51.483 31.470 35.457 71.445 95.432 79.420 74.409 77.397 70.385 56.373 45.362 36.350 34.338 35.326 45.315 43.304 38.294 77.284 92.274 70.264 68.254 72.244
0.000 33.459 11.877 6.113 42.258 52.326 59.359 43.374 46.376 44.369 42.353 50.331 55.302 50.269 54.231 43.190 37.148 38.107 38.071 46.045 0.000 0.000 0.000 29.718 38.696 49.667 50.636 45.606 41.576 43.547 39.519 38.492 36.467 35.442 35.419 36.397 35.376 35.356 38.337 47.320 35.305 35.291 36.280 35.272 4.267 0.000 0.000 14.508 12.506 66.501 50.493 35.482 49.469 51.454 97.442 78.429 61.417 43.405 34.393 35.381 36.369 37.357 37.344 37.332 36.321 34.309 33.298 34.287 42.277 79.267 87.257 72.247 71.238
0.000 20.903 44.060 46.203 45.308 60.371 45.406 39.422 41.424 40.417 37.400 36.377 51.346 58.309 61.267 49.220 39.173 36.129 44.093 10.069 0.000 0.000 0.000 32.707 42.686 49.657 50.626 50.596 52.566 60.537 58.509 54.482 52.456 48.431 42.408 37.385 35.363 36.342 35.322 40.303 33.287 34.272 35.259 37.250 58.245 0.000 0.000 0.000 28.507 70.502 30.495 39.484 30.468 69.451 87.438 47.426 35.414 37.401 37.389 37.376 37.364 37.351 34.339 34.327 33.315 34.303 34.291 34.281 50.270 65.260 38.250 98.239 70.230
0.000 21.191 44.256 37.333 56.399 56.444 51.471 42.483 36.483 37.473 38.455 49.429 52.396 44.355 47.306 56.252 57.195 47.142 4.101 0.000 5.849 4.812 37.766 43.718 47.682 46.649 47.617 47.585 45.555 52.525 53.497 53.471 54.445 51.420 50.395 51.372 42.349 37.327 38.305 35.285 36.267 35.250 34.235 36.224 51.218 0.000 0.000 0.000 28.513 72.507 34.500 10.492 0.000 15.442 54.434 36.423 37.411 35.398 35.385 35.372 34.359 33.346 34.333 34.321 33.308 34.296 33.284 32.273 35.263 31.254 27.245 91.230 100.218
0.000 18.413 38.439 48.475 58.510 49.536 49.551 51.555 49.551 40.538 46.518 55.489 44.453 37.408 36.352 42.287 52.214 59.142 23.070 14.977 40.886 40.822 35.766 44.718 49.677 50.641 46.606 46.573 38.542 35.513 35.485 35.458 34.432 32.407 39.382 53.358 52.334 51.311 46.288 37.266 35.245 36.225 35.208 35.194 36.185 0.000 0.000 0.000 43.524 10.512 14.506 0.000 0.000 0.000 33.432 13.421 16.408 33.394 32.381 32.368 33.355 35.341 35.328 35.314 34.301 34.289 32.277 32.265 33.255 21.247 0.000 11.216 94.203
0.000 17.611 41.611 60.619 51.630 48.638 48.641 49.637 48.627 50.611 55.588 44.558 38.519 38.470 38.408 37.328 38.233 44.141 61.059 58.976 37.895 36.823 35.761 36.709 48.667 46.630 57.595 45.559 38.528 36.499 37.472 36.445 41.419 49.394 45.369 39.344 45.319 55.294 52.270 51.246 42.222 35.199 35.177 36.158 34.143 0.000 0.000 43.553 31.547 0.000 0.000 45.456 40.454 39.449 31.440 0.000 0.000 38.387 35.377 35.364 35.350 35.336 35.322 35.308 35.294 35.281 35.268 34.256 35.244 37.233 27.219 0.000 36.186
5.898 30.809 55.774 51.760 40.752 45.746 50.737 45.726 51.710 57.690 49.666 37.635 36.596 38.547 38.481 42.385 43.249 37.129 48.048 43.975 40.894 37.814 34.745 41.692 45.651 47.617 38.584 65.541 53.511 43.484 35.458 41.432 60.406 70.381 63.355 40.329 42.303 45.277 49.251 54.225 52.198 48.171 37.145 34.117 41.087 47.044 0.000 18.558 39.564 0.000 0.000 15.457 35.458 35.452 35.441 40.426 39.409 35.391 34.377 35.362 35.346 35.331 35.315 35.301 35.287 35.273 35.260 35.247 34.234 34.220 35.206 38.188 34.177
17.988 51.951 57.918 42.894 37.874 39.856 41.837 52.818 56.797 67.775 66.749 59.719 48.684 37.640 40.582 7.484 0.000 36.080 42.030 38.980 1.894 35.794 39.711 56.663 55.628 58.603 0.000 30.510 70.491 64.468 50.443 56.418 74.393 74.367 72.341 41.315 47.288 47.261 49.233 37.204 46.174 52.144 51.113 50.079 63.043 72.001 4.957 0.000 29.587 54.610 0.000 0.000 58.470 39.459 39.445 39.428 39.410 40.392 34.376 33.360 37.342 34.325 34.309 34.293 34.279 35.265 34.251 33.237 33.223 33.209 33.195 33.180 32.168
17.115 63.088 49.055 38.023 37.994 37.966 50.938 48.910 65.886 80.863 77.837 74.809 69.779 60.749 51.723 0.000 0.000 0.000 30.012 40.998 0.000 0.000 32.644 50.621 49.594 64.565 36.524 37.498 70.476 75.453 71.429 70.404 73.380 73.354 74.328 53.302 45.274 47.245 47.215 37.184 46.151 40.118 59.082 30.045 69.005 90.960 61.913 31.862 0.000 32.633 0.000 34.521 94.493 47.471 49.450 49.431 45.411 46.392 38.375 33.358 15.339 34.317 34.301 37.285 40.270 50.256 40.241 35.227 36.213 36.199 36.185 36.171 36.158
49.269 53.231 47.189 45.150 40.113 52.077 46.039 58.998 36.975 6.952 57.928 76.902 75.876 76.853 59.838 0.000 0.000 0.000 24.007 47.003 0.000 0.000 29.598 44.584 39.563 66.537 77.509 77.484 73.461 73.438 73.415 74.391 73.367 73.342 73.316 67.289 42.260 44.230 42.198 37.165 48.130 49.093 52.054 9.013 53.970 89.923 59.872 77.811 38.729 24.656 36.604 92.549 80.511 52.481 46.456 48.433 42.411 36.391 34.373 32.360 0.000 40.304 48.292 56.277 63.262 72.247 61.232 41.217 35.203 36.188 36.174 36.161 36.148
60.452 49.378 49.322 45.273 52.231 49.190 52.144 76.069 63.063 46.044 67.020 75.993 74.969 73.949 53.939 0.000 0.000 0.000 0.000 2.003 0.000 0.000 35.567 44.554 55.535 71.513 73.490 73.467 73.445 73.424 73.402 73.379 73.356 73.331 73.305 73.278 59.248 49.217 42.183 35.148 39.110 39.070 44.028 62.984 48.939 83.891 69.839 76.782 83.719 69.659 74.607 83.559 59.520 60.487 46.459 45.433 37.410 34.388 35.368 37.347 51.322 57.302 75.286 74.269 73.253 72.238 72.222 62.207 40.192 35.178 36.164 36.150 36.137
51.587 39.509 41.445 53.392 50.346 50.307 20.278 0.000 55.165 81.142 76.113 75.084 77.057 59.036 45.028 29.054 0.000 0.000 0.000 0.000 0.000 0.000 41.549 58.530 70.510 73.490 73.470 73.450 73.430 73.410 73.389 73.368 73.345 73.321 73.296 73.268 74.238 68.206 60.171 52.133 50.092 53.048 44.003 60.957 39.911 81.863 14.813 35.760 70.706 42.653 33.605 89.561 53.522 57.489 55.459 36.432 34.407 35.384 35.361 43.340 64.318 75.297 72.279 72.261 72.245 69.228 68.212 66.197 65.182 39.167 35.152 35.138 35.125
41.700 38.624 51.559 51.503 46.455 66.415 20.384 29.371 69.291 76.244 75.206 75.172 75.139 51.110 51.085 62.080 0.000 0.000 0.000 0.000 0.000 0.000 0.000 8.508 67.486 79.468 74.450 73.433 73.415 73.396 73.377 73.357 73.336 73.313 73.288 73.261 73.231 74.198 75.161 72.120 72.076 75.028 54.980 60.931 34.884 75.836 11.788 13.740 66.691 36.643 46.599 80.558 61.520 53.487 57.456 34.428 35.402 34.378 36.355 46.333 67.311 68.290 73.271 72.253 67.235 64.218 68.202 73.186 72.170 61.155 42.141 41.127 40.113
37.802 51.729 52.664 40.606 51.556 72.512 65.473 71.436 77.384 75.338 75.297 75.257 72.219 56.179 6.122 2.101 0.000 0.000 0.000 0.000 0.000 0.000 0.000 0.000 12.457 24.445 65.431 74.416 73.400 73.384 73.366 73.348 73.328 73.306 73.283 75.257 74.227 74.194 73.156 75.112 74.063 74.010 63.956 61.905 38.857 50.810 80.764 59.719 67.674 36.631 64.589 58.551 61.515 49.481 43.451 35.423 35.396 35.371 43.348 48.325 49.303 54.282 62.262 60.244 61.225 72.208 72.191 72.175 72.159 73.144 67.129 63.114 61.100
52.897 52.825 41.761 37.703 52.651 71.603 77.560 76.518 75.472 75.427 75.384 76.342 67.300 60.266 0.000 0.000 0.000 0.000 0.000 0.000 0.000 0.000 0.000 0.000 21.441 41.424 68.412 74.400 73.387 73.372 73.357 73.340 73.322 73.302 75.280 75.256 75.227 67.195 72.155 75.109 78.053 75.992 69.929 65.875 53.828 37.784 85.740 68.698 70.657 35.616 81.577 45.541 26.506 43.474 34.443 35.415 34.388 43.363 49.339 48.316 48.294 47.273 40.253 36.233 66.215 72.197 72.180 72.163 72.147 72.131 73.116 73.101 73.087
49.985 40.915 38.852 36.793 53.740 73.691 75.646 75.602 75.558 75.515 75.472 77.426 56.372 54.319 0.000 0.000 0.000 0.000 0.000 0.000 0.000 0.000 0.000 0.000 0.000 55.399 74.393 73.384 73.374 73.362 73.348 73.334 75.317 74.300 74.280 74.258 68.232 46.201 62.162 72.117 23.049 13.978 47.892 54.839 63.796 50.756 71.716 89.676 74.638 41.600 83.563 7.528 19.495 32.464 35.434 35.406 37.379 47.354 45.330 46.307 48.284 51.263 45.242 46.223 62.204 72.185 72.168 72.151 72.134 72.118 72.103 72.088 72.074
41.067 39.000 43.937 48.879 63.826 75.776 75.730 75.686 75.644 75.603 75.563 76.517 63.444 0.000 0.000 0.000 0.000 0.000 3.343 40.344 1.344 19.344 0.000 0.000 0.000 30.380 65.377 72.371 73.363 73.353 73.341 73.329 75.315 73.299 73.283 73.264 57.243 53.217 15.175 17.146 0.000 0.000 32.821 39.795 61.762 47.727 52.691 95.654 78.618 57.582 67.548 17.514 62.482 39.452 35.423 35.395 37.369 46.344 57.319 57.296 59.274 65.252 60.231 71.211 72.192 72.173 72.155 72.138 72.121 72.105 72.090 72.074 72.060
42.145 39.079 46.017 64.960 75.907 75.858 75.812 75.769 75.729 75.692 75.659 81.634 0.000 0.000 0.000 0.000 0.000 0.000 40.343 52.343 39.344 54.344 50.344 0.000 20.357 52.364 59.363 70.360 73.353 73.345 73.336 74.325 73.313 73.300 73.287 69.273 58.259 63.247 0.000 0.000 0.000 16.769 49.775 41.757 59.730 35.699 37.666 85.632 84.598 76.564 62.531 62.499 51.468 46.439 35.411 35.384 35.358 45.332 67.308 74.285 73.262 73.240 65.219 72.199 72.179 72.160 72.142 72.125 72.108 72.091 72.075 72.060 72.046
40.219 38.154 53.094 73.037 76.984 75.936 75.890 75.849 75.810 75.776 75.746 82.727 0.000 0.000 0.000 0.000 0.000 0.000 29.343 49.343 49.344 48.344 51.345 35.347 43.351 51.354 51.354 68.351 74.346 73.339 73.331 73.322 73.312 73.302 74.291 66.281 62.272 56.266 0.000 0.000 0.000 9.762 13.755 41.728 60.701 37.673 33.642 72.610 89.577 86.544 67.513 46.482 45.453 46.425 37.397 34.371 35.345 38.320 49.296 69.273 72.250 72.228 64.207 72.186 72.166 72.147 72.128 72.110 72.093 72.077 72.061 72.045 72.031
39.289 41.226 61.166 77.110 76.058 76.010 75.966 75.925 75.888 75.854 77.824 75.800 0.000 0.000 0.000 0.000 0.000 0.000 15.343 54.343 60.343 65.343 56.344 55.345 49.347 45.347 56.347 70.344 73.340 73.335 76.328 74.321 73.312 73.304 73.296 68.288 60.282 55.280 30.283 0.000 0.000 0.000 0.000 3.701 52.673 38.648 34.621 67.590 98.556 79.524 58.493 49.464 51.436 49.409 44.383 33.357 35.332 34.307 38.283 57.260 72.237 72.215 64.193 72.172 72.152 72.133 72.114 72.096 72.078 72.062 72.046 72.030 72.015
39.356 49.293 69.234 77.179 76.128 76.081 76.037 75.998 75.962 76.929 74.897 62.848 46.848 0.000 0.000 0.000 0.000 0.000 17.343 55.343 64.343 64.342 68.342 70.342 53.343 52.343 67.341 73.339 73.336 73.331 74.326 73.319 73.313 73.306 73.299 71.294 59.289 60.287 54.287 0.287 0.000 0.000 0.000 0.000 38.641 38.627 32.603 77.571 65.534 71.501 41.472 61.445 55.419 48.393 48.368 39.343 34.318 35.294 34.270 46.246 69.223 71.201 65.179 72.158 73.137 72.118 72.099 72.080 72.063 72.046 72.030 72.014 71.999
