results4_8e4_rain/res_4e8f-0094.wd
ncols         241
nrows         181
xllcorner     12693529.787448
yllcorner     3542525.717860
cellsize      155.156523
NODATA_value  -9999.000000
[rows 99 to 131 of 181, columns 0 to 72 of 241]
0.000 0.000 0.000 0.000 0.000 58.486 98.486 100.486 91.485 86.485 0.000 0.000 0.000 0.000 0.000 0.000 0.000 66.483 63.483 0.000 0.000 0.000 2.481 61.480 60.480 1.479 0.000 0.000 0.000 7.683 0.000 0.000 0.000 0.000 13.536 59.532 55.522 54.503 55.478 56.449 69.418 58.384 62.347 54.306 56.261 54.213 55.161 60.107 61.049 58.990 62.928 55.865 55.800 57.734 60.665 74.590 75.526 60.475 46.428 0.000 0.000 0.000 0.000 0.000 24.164 79.160 76.149 63.128 38.105 33.082 77.060 54.040 56.021
0.000 0.000 0.000 0.000 0.000 59.487 99.487 99.487 0.000 0.000 0.000 0.000 0.000 0.000 0.000 0.000 11.484 77.484 66.483 4.483 1.483 1.482 64.481 63.481 67.480 0.000 0.000 0.000 0.000 65.683 57.683 0.000 0.000 0.000 72.582 82.576 68.567 61.552 55.532 57.508 76.480 61.447 67.411 67.371 58.326 73.278 65.226 66.171 56.112 64.051 63.989 61.924 55.858 56.792 60.721 57.622 19.554 9.514 0.000 0.000 0.000 0.000 0.000 27.152 64.154 76.150 83.141 73.127 49.110 50.093 64.075 55.059 56.042
4.490 0.000 0.000 0.000 0.000 46.487 95.487 104.487 14.488 0.000 0.000 0.000 0.000 0.000 0.000 0.000 0.484 84.484 65.484 66.483 68.483 65.482 62.482 63.481 61.481 0.000 0.000 0.000 0.000 58.683 58.683 59.681 58.674 58.660 57.633 67.624 76.617 23.606 87.591 77.571 82.545 67.515 12.480 83.440 81.395 80.347 84.294 73.238 56.178 59.115 64.051 63.985 60.918 56.852 45.808 0.000 0.000 0.000 0.000 0.000 0.000 0.000 0.000 37.150 64.149 64.145 75.138 74.128 57.117 57.104 56.090 56.077 56.063
72.490 75.490 7.490 0.000 0.000 56.488 95.488 100.488 110.488 15.488 0.000 0.000 0.000 0.000 6.486 6.485 4.485 21.484 69.484 66.484 84.483 98.483 73.482 58.482 0.000 0.000 0.000 0.000 0.000 0.000 57.685 58.687 58.680 58.672 58.666 57.670 57.670 56.665 57.655 62.638 74.616 68.587 11.553 83.513 84.468 62.419 69.366 86.308 80.246 67.181 57.114 63.046 63.975 66.892 51.850 0.000 0.000 0.000 0.000 0.000 0.000 0.000 0.000 0.000 15.145 61.143 58.139 58.132 56.124 56.115 56.105 56.095 56.084
86.490 69.490 69.490 71.490 73.489 92.489 100.489 100.488 100.488 102.488 76.488 15.488 0.000 64.486 71.486 72.486 34.485 29.485 92.485 100.484 95.484 91.483 74.482 0.000 0.000 0.000 0.000 0.000 0.000 0.000 0.000 58.702 57.689 56.684 57.690 58.719 58.729 58.730 58.724 59.712 78.693 73.666 56.632 58.591 69.546 80.496 57.442 69.383 70.318 63.248 83.179 66.112 58.043 0.000 0.000 0.000 0.000 0.000 0.000 0.000 0.000 0.000 0.000 0.000 7.145 61.144 56.141 56.137 56.133 56.127 56.121 54.114 52.105
101.490 91.490 72.490 76.490 94.490 100.489 100.489 100.489 100.489 95.489 67.488 73.488 1.487 55.487 90.486 98.486 98.486 82.485 97.485 104.485 14.484 0.000 0.000 0.000 0.000 0.000 0.000 0.000 0.000 0.000 0.000 58.729 0.000 0.000 0.000 59.790 58.796 58.801 58.801 59.794 75.777 80.751 57.716 58.675 58.629 76.578 77.523 55.463 63.394 82.313 74.244 52.178 0.000 0.000 0.000 0.000 0.000 0.000 0.000 0.000 0.000 0.000 0.000 0.000 4.146 61.145 56.145 56.144 56.143 55.141 54.138 59.133 60.128
101.490 101.490 96.490 99.490 100.490 100.490 100.489 100.489 100.489 96.489 71.489 88.489 0.000 0.000 68.487 92.486 100.486 101.486 100.485 105.485 8.485 0.000 0.000 0.000 0.000 0.000 0.000 0.000 0.000 0.000 0.000 58.757 0.000 0.000 60.861 58.854 58.863 58.876 58.886 58.885 75.871 80.844 57.808 58.764 58.716 59.664 80.611 74.552 81.482 71.367 52.305 0.000 0.000 0.000 0.000 0.000 0.000 0.000 0.000 0.000 0.000 0.000 0.000 0.000 59.147 56.147 56.148 56.150 56.154 55.155 57.155 61.155 62.153
99.491 100.491 100.491 100.490 100.490 100.490 100.490 100.490 100.490 101.489 96.489 103.489 27.489 6.488 56.487 75.487 98.487 100.486 101.486 89.486 3.485 0.000 0.000 0.000 0.000 0.000 0.000 0.000 0.000 0.000 0.000 52.785 57.812 57.840 56.868 58.903 58.927 58.955 58.981 58.989 75.978 80.948 57.906 58.857 58.805 58.753 63.702 86.654 66.615 0.000 0.000 0.000 0.000 0.000 0.000 0.000 0.000 0.000 0.000 0.000 0.000 0.000 0.000 0.000 12.148 63.148 59.151 60.156 58.167 54.171 61.174 62.177 60.179
96.491 101.491 100.491 100.491 100.491 100.491 100.490 100.490 100.490 100.490 101.489 94.489 78.489 69.488 63.488 90.487 100.487 100.487 105.487 8.486 0.000 0.000 0.000 0.000 0.000 0.000 0.000 0.000 0.000 0.000 0.000 0.000 0.000 0.000 0.000 58.962 58.988 59.034 59.093 59.114 75.102 82.064 59.012 58.954 58.895 58.840 58.790 64.746 17.710 0.000 0.000 0.000 0.000 0.000 0.000 0.000 0.000 0.000 0.000 0.000 0.000 0.000 0.000 0.000 0.000 0.145 0.000 0.000 4.186 63.188 61.193 62.199 59.207
96.492 101.492 100.492 100.491 100.491 100.491 100.491 100.491 100.490 100.490 101.490 86.489 65.489 64.489 73.488 97.488 100.488 100.487 106.487 11.487 2.487 0.000 0.000 0.000 0.000 0.000 0.000 0.000 0.000 0.000 0.000 0.000 0.000 0.000 0.000 54.995 59.028 56.102 59.243 59.274 78.250 82.195 59.124 59.050 58.982 58.923 58.874 55.829 5.769 0.000 0.000 0.000 0.000 0.000 0.000 0.000 0.000 0.000 0.000 0.000 0.000 55.223 0.000 0.000 0.000 0.000 0.000 0.000 59.202 60.204 62.210 62.219 59.233
99.492 100.492 100.492 100.492 100.492 100.492 100.492 100.491 100.491 100.491 100.490 97.490 74.490 75.489 92.489 99.488 100.488 100.488 107.487 24.487 0.000 0.000 0.000 0.000 0.000 0.000 0.000 0.000 0.000 0.000 0.000 0.000 0.000 0.000 0.000 0.000 55.028 0.000 58.505 59.486 87.431 74.343 59.239 59.140 59.059 71.997 61.952 56.926 0.000 0.000 0.000 0.000 0.000 0.000 0.000 0.000 0.000 0.000 0.000 0.000 7.223 66.223 51.223 0.000 0.000 0.000 0.000 60.219 63.215 62.218 59.224 55.236 55.254
100.493 100.493 100.493 100.493 100.493 100.492 100.492 100.492 100.492 100.491 100.491 100.490 102.490 102.490 101.489 100.489 100.488 102.488 91.488 34.488 0.000 0.000 0.000 0.000 0.000 0.000 0.000 0.000 0.000 0.000 0.000 0.000 0.000 0.000 0.000 0.000 0.000 0.000 58.784 59.736 93.643 62.508 59.348 59.213 71.118 80.054 59.013 58.996 58.013 0.000 0.000 0.000 0.000 0.000 0.000 0.000 0.000 0.000 0.000 0.000 0.000 62.223 63.223 50.224 0.000 56.225 58.224 62.223 61.223 59.226 58.233 54.245 62.265
99.493 98.493 100.493 100.493 100.493 100.493 100.493 100.493 100.492 100.492 100.492 100.491 100.490 100.490 100.489 100.489 101.489 84.488 12.488 3.488 61.488 75.488 21.488 0.000 0.000 2.488 0.000 0.000 0.000 0.000 0.000 0.000 0.000 0.000 0.000 0.987 0.967 0.000 55.113 66.030 88.898 59.699 56.431 59.245 59.147 59.086 59.050 59.032 59.031 56.031 0.000 0.000 0.000 0.000 0.000 0.000 0.000 0.000 0.000 0.000 0.000 57.223 53.224 59.224 54.225 62.225 62.225 61.226 57.227 60.231 55.237 54.247 54.261
89.494 89.494 98.494 100.494 100.494 100.494 100.494 100.494 100.493 100.493 100.492 101.492 102.491 100.490 100.490 100.489 100.489 22.489 6.489 61.488 71.488 81.488 80.488 73.488 65.488 6.488 0.000 0.000 0.000 0.000 0.000 0.000 0.000 0.000 1.030 60.006 62.947 62.803 59.524 58.372 67.220 54.959 0.000 55.191 59.137 59.096 59.068 59.052 58.046 0.000 0.000 0.000 0.000 0.000 0.000 0.000 59.222 70.222 0.000 0.000 58.223 56.223 56.224 53.224 61.225 62.225 62.226 59.228 62.230 62.233 60.238 55.244 44.249
71.495 76.495 95.495 101.495 100.495 100.495 100.495 100.494 100.494 100.494 102.493 88.492 84.492 99.491 104.490 101.490 96.489 78.489 81.489 87.489 81.488 82.488 61.488 54.488 0.488 0.000 0.000 0.000 0.000 0.000 0.000 0.000 0.000 0.000 51.053 57.062 60.025 59.938 59.810 59.714 61.649 0.000 0.000 0.000 54.114 59.091 59.074 59.062 59.057 0.000 0.000 0.000 0.000 0.000 0.000 19.222 76.222 58.222 56.222 56.223 56.223 56.223 54.224 59.224 62.225 62.226 58.227 62.229 62.232 61.234 55.238 56.241 46.244
55.495 70.496 89.496 102.496 103.496 103.496 101.496 100.496 101.495 100.495 101.494 39.493 10.492 58.491 76.490 97.490 104.490 102.489 102.489 88.489 11.489 0.000 0.000 0.000 0.000 0.000 0.000 0.000 0.000 6.047 8.047 0.000 0.000 0.000 0.000 56.166 60.153 58.115 59.062 61.025 62.014 0.000 0.000 0.000 0.000 52.082 59.073 59.067 56.062 0.000 0.000 0.000 0.000 0.000 0.000 0.000 18.222 72.222 55.222 55.222 56.223 55.223 55.223 61.224 62.225 60.226 48.227 1.230 66.233 60.235 60.237 60.239 46.241
19.496 41.496 74.497 80.497 74.497 76.497 93.497 101.497 97.496 90.496 89.495 24.495 0.000 0.000 0.000 34.490 69.490 95.490 102.490 0.000 0.000 0.000 0.000 0.000 0.000 0.000 0.000 0.000 0.000 48.047 69.047 14.047 0.000 0.000 0.000 56.283 62.304 61.306 70.300 71.311 61.369 6.540 0.000 0.000 0.000 0.000 56.071 57.069 0.000 0.000 0.000 0.000 0.000 0.000 0.000 0.000 0.000 77.222 80.222 60.222 54.223 52.223 62.223 62.224 57.224 0.000 0.000 0.000 7.234 65.236 62.237 62.238 52.239
0.000 0.000 55.499 64.499 16.499 2.499 65.498 94.498 85.497 81.497 95.497 62.497 22.497 0.000 0.000 0.000 0.000 40.490 71.491 0.000 0.000 0.000 0.000 0.000 0.000 0.000 0.000 0.000 0.000 0.000 53.047 71.047 2.047 0.000 0.000 47.379 61.476 59.505 89.521 82.549 60.609 62.712 8.826 0.000 0.000 0.000 51.071 0.000 0.000 0.000 0.000 0.000 0.000 0.000 0.000 0.000 0.000 0.000 65.222 82.222 67.223 61.223 62.223 57.223 0.000 0.000 0.000 0.000 0.000 57.236 62.237 62.238 57.238
0.000 0.000 51.501 96.501 53.501 2.500 54.500 86.499 88.499 99.498 101.498 104.498 110.497 49.497 18.497 0.000 0.000 0.000 11.492 6.492 0.000 0.000 0.000 0.000 0.000 0.000 0.000 0.000 0.000 0.000 54.047 69.047 0.000 6.048 10.049 0.000 54.714 62.717 92.729 74.756 62.805 61.874 66.939 0.000 0.000 0.000 0.000 0.000 0.000 0.000 0.000 0.000 0.000 0.000 0.000 0.000 0.000 0.000 0.000 3.222 70.223 60.223 58.223 0.000 0.000 0.000 0.000 0.000 56.236 55.236 57.237 51.237 0.000
24.506 39.505 73.504 91.503 99.502 68.502 81.501 104.501 101.500 100.499 100.499 100.498 100.498 106.497 109.497 65.496 24.495 6.494 69.493 83.493 76.493 78.493 34.492 10.492 7.492 0.000 0.000 0.000 0.000 0.000 33.047 55.047 61.048 61.048 64.049 23.049 55.950 84.920 86.921 63.942 61.982 62.040 65.118 10.245 5.300 0.000 0.000 0.000 0.000 0.000 0.000 0.000 0.000 0.000 0.000 0.000 0.000 0.000 0.000 0.000 0.000 0.000 4.223 0.000 0.000 0.000 0.000 58.236 53.236 51.236 0.000 0.000 0.000
97.506 100.506 100.505 98.504 96.504 97.503 99.503 99.502 100.501 101.501 101.500 100.499 93.498 97.498 100.497 104.496 108.495 109.494 101.494 97.493 94.493 89.493 91.492 84.492 40.492 18.492 0.000 0.000 0.000 0.000 0.000 0.000 0.000 0.000 0.000 80.150 69.115 98.094 89.092 76.108 63.140 62.187 62.247 66.316 62.356 0.000 0.000 0.000 0.000 0.000 0.000 0.000 0.000 0.000 0.000 0.000 0.000 0.000 0.000 0.000 0.000 0.000 0.000 0.000 0.000 0.000 0.000 0.000 0.000 0.000 0.000 0.000 0.000
100.508 95.507 93.507 92.506 86.506 83.505 84.504 84.503 90.503 95.502 95.501 88.500 72.499 87.498 100.497 100.496 100.495 100.494 100.494 100.493 101.493 101.493 104.492 105.492 105.492 105.492 44.492 0.000 0.000 0.000 0.000 0.000 0.000 0.000 0.000 52.285 78.266 83.250 67.246 84.258 72.283 62.321 62.367 65.416 8.452 0.000 0.000 0.000 0.000 0.000 0.000 0.000 0.000 0.000 0.000 0.000 0.000 0.000 0.000 0.000 0.000 0.000 0.000 0.000 0.000 0.000 0.000 0.000 0.000 0.000 0.000 0.000 0.000
70.509 43.509 65.508 79.508 77.507 57.507 42.506 38.505 58.504 75.503 74.502 67.501 62.500 72.499 93.497 101.496 100.495 100.494 100.494 100.493 100.493 104.493 79.492 67.492 66.492 70.492 73.492 12.492 1.492 0.000 0.000 0.000 0.000 0.000 0.000 50.439 86.415 69.392 61.386 71.394 82.415 66.446 62.485 62.530 68.584 12.677 6.719 0.000 0.000 0.000 0.000 0.000 0.000 0.000 0.000 0.000 0.000 0.000 0.000 0.000 0.000 0.000 0.000 0.000 0.000 0.000 0.000 0.000 0.000 0.000 0.000 0.000 0.000
60.511 31.511 53.510 68.510 64.509 41.508 27.508 31.507 51.505 65.504 63.503 63.502 64.501 62.499 81.498 98.496 100.495 100.494 100.493 100.493 99.493 62.493 0.000 0.000 0.000 0.000 0.000 0.000 0.000 56.794 76.794 28.793 14.790 10.777 57.730 74.618 91.561 68.518 62.510 60.518 77.537 79.563 65.596 62.634 62.677 65.727 74.761 12.790 7.797 0.000 0.000 0.000 0.000 0.000 0.000 0.000 0.000 0.000 0.000 0.000 0.000 0.000 0.000 0.000 0.000 0.000 0.000 0.000 0.000 0.000 0.000 0.000 0.000
73.513 69.513 64.512 63.512 64.511 66.510 67.509 70.508 69.507 65.506 64.504 64.503 64.501 63.500 70.498 92.497 101.495 100.494 102.493 74.492 40.493 0.000 0.000 0.000 0.000 0.000 0.000 0.000 0.000 21.795 43.795 46.796 50.799 64.812 61.793 82.744 79.692 53.610 60.619 62.631 64.650 77.674 69.702 64.733 62.764 61.793 78.810 69.812 63.804 0.000 0.000 0.000 0.000 0.000 0.000 0.000 0.000 0.000 0.000 0.000 0.000 0.000 0.000 0.000 0.000 0.000 0.000 0.000 0.000 0.000 0.000 0.000 0.000
63.515 64.515 64.515 64.514 64.513 64.512 64.511 64.510 64.509 64.507 64.506 64.504 64.502 64.500 62.498 83.496 100.495 102.493 98.492 24.491 0.000 0.000 0.000 0.000 0.000 0.000 0.000 0.000 0.000 0.000 0.000 0.000 0.000 48.880 65.886 91.873 65.854 0.000 48.723 63.738 61.759 65.782 66.806 75.831 64.853 62.871 61.873 57.842 0.000 0.000 0.000 0.000 0.000 0.000 0.000 0.000 0.000 0.000 0.000 0.000 0.000 0.000 0.000 0.000 0.000 0.000 0.000 0.000 0.000 0.000 0.000 0.000 22.863
64.518 64.517 64.517 64.516 64.516 64.515 64.514 63.512 63.511 64.509 64.507 64.505 64.503 64.501 63.499 71.496 86.494 97.492 85.490 11.489 0.000 0.000 0.000 0.000 0.000 0.000 0.000 0.000 0.000 0.000 0.000 0.000 0.000 25.940 75.001 100.005 9.998 0.000 46.814 64.840 62.865 61.888 69.909 80.930 68.949 62.963 66.969 0.000 0.000 0.000 0.000 0.000 0.000 0.000 0.000 0.000 0.000 0.000 0.000 0.000 0.000 0.000 0.000 0.000 0.000 0.000 0.000 0.000 0.000 0.000 0.000 0.000 79.939
64.520 64.520 64.520 64.519 64.518 64.517 64.516 68.515 69.513 65.511 64.509 64.507 64.504 64.502 64.499 63.496 66.493 75.491 75.488 16.487 0.000 0.000 0.000 0.000 0.000 0.000 18.057 0.000 0.000 0.000 0.000 0.000 0.000 0.000 79.170 94.151 17.135 0.000 30.878 61.942 62.973 62.995 62.014 67.032 69.049 65.063 67.072 0.000 0.000 0.000 0.000 0.000 0.000 0.000 0.000 0.000 0.000 0.000 0.000 0.000 0.000 0.000 0.000 0.000 0.000 0.000 0.000 0.000 0.000 0.000 0.000 64.163 73.070
64.523 64.523 64.523 64.522 64.521 64.520 63.519 75.517 80.515 67.513 64.511 64.508 64.506 64.503 64.500 64.496 64.492 63.489 66.485 47.483 0.000 0.000 0.000 0.000 0.000 60.058 81.057 43.055 34.045 33.031 0.000 0.000 0.000 60.486 102.360 76.292 76.256 3.277 0.000 48.078 65.090 63.104 63.119 61.135 77.151 81.169 75.184 0.000 0.000 0.000 0.000 0.000 0.000 0.000 0.000 0.000 0.000 0.000 0.000 0.000 0.000 0.000 0.000 0.000 0.000 0.000 0.000 0.000 0.000 0.000 38.330 89.256 75.179
64.527 64.526 64.526 64.525 64.524 64.523 63.522 76.520 82.518 66.516 64.513 64.510 64.507 64.504 64.500 64.496 64.492 64.487 64.482 70.476 41.468 0.000 0.000 0.000 0.044 23.059 38.059 60.062 68.048 72.018 45.958 21.877 56.768 94.612 92.492 72.400 54.320 12.299 0.000 48.201 65.206 64.214 67.224 62.237 71.254 94.276 91.311 36.384 0.488 16.525 0.000 0.000 0.000 0.000 0.000 0.000 0.000 0.000 0.000 0.000 0.000 0.000 0.000 0.000 0.000 0.000 0.000 0.000 0.000 0.000 75.404 131.351 114.286
61.530 62.530 63.529 63.529 64.528 64.526 62.525 77.523 80.521 63.519 64.516 64.513 64.509 64.506 64.501 64.497 64.491 64.485 64.479 64.471 70.461 50.448 1.438 0.000 0.000 0.000 0.000 36.087 67.068 63.033 65.979 69.906 81.813 98.702 82.597 50.496 0.428 0.000 0.000 47.319 64.319 67.321 80.326 66.336 76.350 77.371 96.402 100.449 83.505 33.530 0.000 0.000 0.000 0.000 0.000 0.000 0.000 0.000 0.000 0.000 0.000 0.000 0.000 0.000 0.000 0.000 0.000 0.000 0.000 61.625 71.532 72.459 75.391
82.534 77.534 72.533 70.532 66.531 62.530 62.528 77.526 80.524 62.522 64.519 64.515 64.512 64.508 64.503 64.498 63.492 62.485 63.477 63.468 63.456 69.443 46.428 23.413 0.000 0.000 0.000 35.130 73.105 67.068 62.018 74.955 97.878 91.786 59.699 0.000 0.000 0.000 0.000 45.438 63.429 68.424 75.424 70.429 75.439 74.455 87.477 81.506 74.537 47.560 2.581 0.000 0.000 0.000 0.000 0.000 0.000 0.000 0.000 0.000 0.000 0.000 0.000 0.000 8.429 0.000 0.000 4.797 38.797 66.718 135.637 99.570 131.454
102.538 101.538 97.537 92.536 88.535 83.534 78.532 74.530 69.528 63.525 64.522 64.519 64.515 64.510 63.505 65.499 71.493 76.485 75.477 73.466 67.454 62.439 66.421 72.398 36.360 17.319 21.268 55.198 78.155 69.114 65.070 88.020 99.958 55.864 0.793 0.000 0.000 8.659 15.634 49.565 62.536 67.523 83.518 73.518 66.523 59.532 65.545 83.561 80.578 86.592 5.602 0.000 0.000 0.000 0.000 0.000 0.000 0.000 0.000 0.000 0.000 0.000 0.000 0.000 5.429 0.000 0.000 0.000 73.876 64.813 74.742 97.635 73.807
