results4_8e4_rain/res_4e8f-0225.wd
ncols         241
nrows         181
xllcorner     12693529.787448
yllcorner     3542525.717860
cellsize      155.156523
NODATA_value  -9999.000000
[rows 132 to 164 of 181, columns 0 to 72 of 241]
96.404 101.404 105.404 105.403 107.402 107.400 101.399 92.397 78.395 67.392 66.389 67.386 66.382 65.378 70.374 84.369 95.363 100.357 100.350 97.341 89.331 80.319 71.305 65.287 70.264 72.236 71.202 72.164 70.132 65.103 79.074 102.046 69.023 0.000 0.000 0.000 8.808 60.801 72.796 69.777 71.763 77.755 95.756 81.762 65.772 64.784 64.798 76.815 97.833 38.853 11.876 6.909 0.000 0.000 0.000 0.000 0.000 0.000 0.000 0.000 0.000 0.188 3.188 1.188 28.188 8.113 12.038 52.941 75.801 79.704 79.598 89.686 117.153
74.409 76.409 79.408 85.407 95.406 101.405 106.403 106.402 99.399 85.397 74.394 68.391 72.387 79.383 92.378 107.373 106.367 103.361 103.353 106.345 106.335 102.323 90.309 78.292 70.272 65.248 66.221 65.193 66.167 74.143 96.121 104.103 16.092 0.000 0.000 0.000 18.814 46.820 64.845 73.841 74.830 71.820 72.824 82.830 77.837 70.845 74.855 82.867 95.880 36.896 22.916 28.943 8.973 0.000 0.000 0.000 0.000 0.000 0.000 0.000 0.000 0.000 0.000 0.000 10.264 0.000 60.061 81.984 77.867 86.842 77.907 117.273 106.033
66.414 66.414 66.413 68.412 73.411 77.410 84.408 93.407 101.404 104.402 98.399 96.396 98.392 101.388 100.383 93.378 84.372 82.366 82.359 87.350 93.340 100.329 103.316 102.300 91.283 81.263 76.241 74.219 83.199 99.180 100.165 86.154 19.149 0.000 0.000 0.000 0.000 0.000 47.921 74.913 53.898 41.869 56.889 71.896 86.901 90.906 92.911 93.917 89.926 16.937 3.947 31.976 29.002 17.029 23.041 17.046 0.000 0.000 0.000 0.000 0.000 0.000 44.478 14.428 80.338 102.275 135.132 91.108 86.162 67.121 103.189 107.713 107.623
67.419 67.419 67.418 67.418 66.417 65.415 67.414 72.412 78.410 88.407 98.404 100.401 93.397 83.393 77.389 69.384 65.378 65.372 65.365 67.357 72.347 78.337 85.325 97.311 102.296 104.279 103.262 99.245 102.229 95.215 77.204 69.199 48.202 6.223 0.000 0.000 0.000 0.000 41.005 73.991 16.981 0.000 49.966 74.966 93.966 101.965 87.965 90.965 76.969 34.977 0.991 59.010 28.030 20.045 31.049 31.050 2.052 0.000 0.000 0.000 0.000 31.580 50.528 123.469 152.393 135.277 118.834 117.781 109.454 108.095 107.975 107.849 73.071
67.424 67.424 67.424 67.423 67.422 67.421 67.419 66.417 66.415 69.413 75.410 74.407 70.403 66.399 66.395 66.390 67.385 67.379 67.372 67.364 66.356 65.346 67.335 73.323 80.310 89.297 97.283 93.269 82.257 70.246 66.239 71.235 79.237 55.245 33.251 33.243 19.220 20.177 56.103 77.065 27.054 9.069 69.044 101.035 103.030 82.025 85.018 84.008 72.010 61.019 12.020 40.031 14.064 2.072 15.058 2.054 4.054 2.048 0.000 0.000 0.000 12.635 75.582 81.503 77.491 78.652 76.628 108.415 108.314 108.208 75.411 78.191 80.065
67.430 67.430 67.429 67.429 67.428 67.427 67.425 67.423 67.421 67.419 66.416 66.413 66.410 67.406 67.402 67.397 67.392 67.386 67.380 67.373 67.365 67.356 67.347 66.336 65.325 66.314 70.303 68.292 67.282 71.274 74.269 73.266 71.265 73.267 73.266 70.258 70.240 74.209 49.165 35.111 24.102 42.110 87.106 101.101 81.095 74.088 73.074 53.041 49.041 12.072 0.132 0.000 2.121 4.122 0.000 0.000 8.061 23.042 37.999 7.936 21.857 84.713 91.703 89.777 87.764 88.846 108.603 108.511 89.649 96.443 89.300 95.075 86.920
67.436 67.436 67.435 67.435 67.434 67.433 67.431 67.430 67.428 67.425 67.423 67.420 67.416 67.412 67.408 67.404 67.400 67.394 67.389 66.382 73.375 75.367 67.359 66.350 65.341 66.332 68.323 71.314 74.307 73.301 68.296 69.293 76.292 79.292 75.289 69.283 66.271 75.255 6.238 0.000 9.132 82.162 91.168 78.167 70.162 90.156 36.150 0.000 0.000 2.179 3.208 3.207 3.177 4.172 0.000 0.000 33.087 75.061 104.019 64.958 97.845 106.006 102.971 102.063 108.860 108.778 108.692 101.729 103.610 103.311 102.175 101.109 19.029
67.442 67.442 67.442 67.441 67.440 67.439 67.438 67.436 67.434 67.432 70.430 70.427 68.423 72.420 70.416 67.412 67.408 67.403 66.398 64.392 75.386 83.379 69.372 66.364 68.357 71.349 73.342 72.335 69.329 71.325 76.322 78.320 79.319 79.318 74.316 68.313 77.307 96.300 15.295 0.000 0.000 56.239 79.239 76.236 80.230 100.223 34.220 0.000 3.257 3.233 3.239 3.235 3.210 5.217 0.000 31.184 83.142 99.096 102.031 107.034 104.203 101.196 109.084 109.013 108.939 101.033 101.821 102.698 102.381 102.356 95.290 72.200 0.000
67.448 67.448 67.448 67.447 67.447 67.446 67.445 67.443 67.441 68.439 75.437 75.434 52.430 20.427 41.423 71.420 65.417 68.413 74.408 77.403 77.397 73.391 69.385 70.379 73.372 72.366 71.360 73.355 77.351 77.348 79.346 78.345 69.345 64.345 66.345 79.345 98.344 108.344 30.346 0.000 0.000 31.316 87.312 89.307 96.299 95.287 31.287 0.000 3.282 1.281 2.282 3.284 0.000 9.270 35.269 79.235 101.166 104.190 103.286 103.292 102.388 109.218 109.153 101.231 102.035 102.901 102.690 102.549 102.508 94.444 86.404 0.000 0.000
67.455 67.455 67.454 67.454 67.453 67.453 67.452 67.450 67.449 69.447 78.445 89.442 65.438 2.435 8.429 56.428 82.426 74.423 72.418 72.414 70.409 69.404 71.399 73.393 71.388 67.383 69.378 81.375 83.372 73.370 67.369 64.370 64.371 69.372 83.375 99.377 96.381 80.387 52.399 20.425 14.426 58.396 87.387 69.383 60.373 52.338 17.355 1.395 1.331 22.322 13.323 3.335 0.000 28.325 79.309 101.238 103.445 102.445 102.559 109.405 109.345 109.283 101.289 103.178 102.893 102.770 102.718 102.648 96.575 83.514 73.478 0.000 0.000
67.462 67.461 67.461 67.461 67.460 67.460 67.459 67.458 67.457 69.455 79.453 66.450 22.444 4.445 0.000 24.439 78.436 70.433 72.429 71.425 69.421 72.417 73.412 70.407 67.403 63.399 73.395 87.393 74.391 64.391 65.391 70.393 80.396 91.399 102.404 95.409 73.415 68.424 87.436 94.451 95.457 99.454 74.457 35.463 7.471 0.000 1.537 1.542 0.000 35.337 22.352 2.399 33.419 79.372 101.405 103.606 102.632 109.567 109.516 109.462 101.551 102.353 103.245 102.947 102.934 102.877 102.805 103.717 91.639 62.557 51.518 9.518 3.518
66.469 66.468 67.468 67.467 67.467 67.467 67.466 67.466 67.465 70.463 80.462 51.461 0.000 10.457 48.458 50.452 67.448 69.444 57.441 39.437 77.433 72.429 68.426 67.422 65.418 67.414 83.412 86.410 68.410 71.410 83.413 92.416 101.420 99.425 87.431 73.439 66.448 82.458 86.471 74.485 55.497 53.508 41.523 21.543 10.576 4.642 2.659 22.673 17.692 0.000 0.000 27.464 79.524 102.647 103.680 101.801 109.665 109.617 101.709 102.523 103.405 103.214 103.094 103.074 103.023 102.974 105.907 69.777 49.708 0.000 0.000 0.000 0.000
75.476 73.475 70.474 68.474 65.474 65.474 65.474 65.474 64.473 69.472 81.471 64.471 45.473 53.468 71.466 67.462 64.458 70.455 65.452 52.449 72.446 66.442 65.439 65.436 67.432 81.429 89.427 55.426 47.427 97.429 102.433 97.438 86.444 76.450 68.458 64.467 75.478 87.490 55.505 30.521 13.539 4.558 21.582 20.611 10.648 11.690 14.717 42.728 26.710 0.000 0.000 59.759 101.803 100.938 109.800 109.757 109.712 101.742 103.640 103.367 103.262 103.234 105.194 100.145 102.117 103.092 114.071 0.000 0.000 0.000 0.000 0.000 0.000
76.483 78.482 84.481 85.480 85.481 82.482 83.482 82.482 81.481 81.481 83.480 66.480 70.479 69.477 66.475 69.472 69.469 68.466 73.464 75.461 69.458 63.455 65.452 67.449 81.446 86.443 75.441 69.440 78.442 101.446 84.452 75.459 67.466 65.474 67.483 66.494 80.506 89.520 53.537 29.556 17.578 19.605 22.636 14.672 15.713 21.755 23.790 16.813 0.000 0.000 38.001 80.021 109.917 109.880 109.841 101.972 102.780 103.682 103.393 103.392 104.352 104.309 77.267 55.207 90.208 104.204 109.214 49.271 0.000 0.000 0.000 0.000 0.000
69.492 63.491 16.486 18.485 27.489 74.490 71.490 71.490 71.490 75.489 84.489 65.488 66.487 65.486 68.484 72.482 73.480 71.477 70.475 73.473 74.471 71.468 65.466 82.463 88.460 79.457 85.454 102.452 99.454 81.460 69.471 65.480 67.488 67.497 66.507 71.519 87.532 89.548 81.567 84.588 55.614 17.646 9.684 8.729 20.777 27.827 17.876 14.923 6.953 33.122 81.170 109.985 109.952 102.110 102.922 103.812 103.627 103.515 103.502 104.457 102.419 96.381 21.361 0.000 72.304 107.301 104.309 103.329 0.000 0.000 0.000 0.000 0.000
67.502 59.502 0.000 0.497 9.498 70.499 66.499 66.499 66.498 70.498 84.497 62.497 66.496 70.495 72.493 73.492 70.490 67.488 65.487 67.485 77.483 90.482 85.480 86.478 63.475 57.470 109.464 95.461 62.463 22.471 42.490 70.501 67.510 67.519 69.530 62.542 46.556 36.573 48.593 88.616 64.644 17.680 12.726 7.782 16.839 21.900 15.964 21.023 21.106 59.251 110.034 101.296 105.037 103.944 103.760 103.652 103.631 103.597 104.558 104.523 69.486 45.434 31.436 34.444 85.403 106.389 102.391 93.407 11.442 0.000 0.000 0.000 0.000
67.513 67.514 50.518 0.508 10.508 71.508 67.508 67.507 66.507 67.507 82.506 69.506 72.505 74.504 73.503 68.502 65.501 66.499 66.498 65.497 75.496 98.495 94.494 81.493 74.490 65.486 41.472 30.466 17.464 0.000 23.518 72.523 67.531 69.540 52.550 26.563 11.578 8.595 50.615 67.639 36.666 8.704 11.759 16.834 23.898 19.970 14.058 7.136 10.427 58.476 110.097 104.184 103.948 103.771 103.758 103.725 103.687 103.652 101.620 92.591 25.569 0.000 42.503 101.494 106.474 104.462 98.459 88.466 6.476 0.000 0.000 0.000 0.000
64.522 66.522 63.524 0.000 6.517 71.517 66.517 64.516 66.516 70.516 74.515 73.515 73.514 71.513 65.513 66.512 66.511 67.510 67.510 72.509 90.509 89.508 82.508 91.508 89.509 60.509 0.000 0.000 0.000 0.000 21.541 72.544 67.550 70.558 41.569 3.582 37.597 63.615 83.635 52.657 4.678 0.744 0.812 5.896 15.949 16.027 16.129 10.362 6.974 110.275 110.188 103.089 103.939 103.841 103.810 103.774 103.740 105.707 90.677 73.651 33.631 9.623 57.578 87.555 96.537 105.525 94.519 83.520 5.522 0.000 0.000 0.000 0.000
71.530 69.530 58.531 0.000 57.527 65.526 67.526 71.525 72.525 73.525 71.524 72.524 70.523 66.523 66.523 67.522 67.522 66.521 68.521 91.521 90.521 72.521 85.522 83.524 87.527 85.534 48.550 4.560 13.565 43.566 48.560 68.562 67.567 67.575 62.585 54.598 71.614 70.632 64.653 86.676 34.699 0.770 0.837 9.922 14.976 13.053 14.147 38.289 62.678 110.357 105.412 105.165 104.906 103.895 103.858 103.824 104.791 102.759 57.730 34.704 46.681 47.661 101.633 103.611 83.593 93.581 88.574 61.571 26.571 0.000 0.000 0.000 0.000
72.538 73.538 70.539 58.540 72.537 72.535 72.535 73.534 73.534 74.534 86.533 68.533 66.533 66.533 67.532 67.532 67.532 68.532 82.532 93.532 68.533 72.534 99.536 91.538 79.542 82.548 85.557 69.565 74.569 89.572 82.573 70.576 63.581 63.589 74.600 90.612 77.628 49.646 21.668 76.695 65.732 14.789 17.847 22.911 18.979 10.065 12.131 53.411 105.658 110.434 102.392 105.047 105.977 103.942 103.907 103.873 96.840 86.809 43.780 14.753 23.728 24.705 85.682 127.661 108.645 84.632 76.624 55.620 64.618 17.618 0.000 3.833 7.833
77.545 77.545 73.545 73.546 73.545 74.544 74.543 70.543 67.543 66.543 29.542 19.542 70.542 67.542 67.542 67.542 66.542 69.543 93.543 79.544 64.545 70.546 87.548 104.551 99.555 96.560 94.566 90.572 86.576 85.580 93.583 90.587 84.593 80.601 83.611 87.624 49.639 13.657 12.679 28.705 24.744 9.795 18.843 28.898 24.966 16.064 9.225 52.479 110.576 110.507 105.284 107.131 104.021 103.991 104.955 100.921 84.888 77.857 83.827 89.800 73.774 95.751 110.728 127.708 136.692 120.679 82.671 87.666 62.665 0.000 0.000 0.000 0.000
16.553 17.552 77.552 72.552 72.552 67.552 64.552 66.552 61.551 14.551 14.551 3.551 71.552 67.552 67.552 67.552 67.553 85.553 92.554 65.555 67.556 67.558 70.560 76.563 78.566 78.570 74.575 77.580 93.584 86.588 77.592 80.597 87.603 91.610 94.620 91.632 66.647 31.665 14.685 13.702 0.000 2.803 13.831 22.871 6.918 0.000 22.439 82.687 110.643 102.623 106.353 106.091 104.077 104.037 105.002 99.967 86.934 52.903 59.873 102.845 113.819 145.794 136.772 108.752 96.735 113.722 92.713 86.709 61.710 0.737 0.000 0.000 0.000
3.560 12.560 26.557 81.560 66.560 64.560 66.560 66.560 67.560 14.560 5.560 60.561 68.561 67.561 67.562 67.562 69.563 93.563 78.564 64.565 67.567 67.569 67.571 66.574 66.577 66.580 65.584 72.588 101.592 80.596 11.600 19.605 31.611 82.618 92.627 76.638 81.653 68.672 20.693 17.716 2.748 7.782 20.809 12.837 0.000 0.000 40.608 110.772 110.708 105.505 107.248 103.158 104.121 104.083 104.047 104.013 90.979 53.947 68.917 105.888 101.861 135.836 130.813 99.792 104.775 90.761 71.751 89.747 67.749 1.762 0.000 0.000 0.000
65.569 61.569 0.000 73.569 83.569 84.569 65.569 77.569 84.569 60.569 58.569 68.570 67.570 67.571 67.571 67.572 86.573 90.573 65.574 67.576 66.577 65.579 67.581 67.584 67.587 67.590 66.594 74.597 103.601 84.604 30.608 3.613 54.618 79.623 92.631 71.640 61.653 20.675 13.700 16.722 14.745 22.769 26.787 0.812 0.000 19.523 81.779 110.833 102.758 106.484 106.227 104.207 104.166 104.128 104.091 105.056 96.022 84.990 107.959 132.930 120.902 137.876 134.852 128.830 135.811 101.796 78.784 88.778 96.778 25.781 0.000 0.000 0.000
67.577 66.578 61.581 67.578 66.577 14.577 88.577 80.577 67.577 68.578 68.578 67.579 67.579 67.580 67.581 70.581 93.582 76.583 66.584 67.586 73.587 81.590 67.592 65.594 67.597 66.600 69.603 93.606 101.609 76.612 64.616 52.619 74.623 73.628 34.633 19.639 16.646 0.000 5.711 5.725 6.743 7.762 9.774 0.000 22.567 79.731 101.912 110.892 103.721 104.366 104.289 104.249 104.209 104.171 104.134 105.099 96.064 79.031 75.000 107.970 97.941 111.913 114.888 102.864 104.843 76.826 53.812 67.804 134.801 87.804 22.815 12.822 34.828
67.585 67.586 67.586 67.586 67.585 61.585 77.585 93.585 69.586 66.586 67.587 67.588 67.588 67.589 66.590 89.591 91.592 65.593 67.594 68.595 65.597 27.600 86.602 81.604 68.607 66.609 84.612 103.614 87.617 67.620 67.623 68.626 71.629 75.631 12.633 13.636 0.000 2.705 17.707 0.000 0.725 0.000 0.000 0.000 45.670 102.858 111.005 110.949 103.604 104.441 104.326 104.291 104.251 104.212 104.175 103.140 88.105 90.071 110.039 129.008 127.978 132.949 137.922 124.896 122.873 109.851 58.835 56.825 132.820 96.819 34.819 27.824 92.830
67.593 67.593 67.593 67.593 67.593 67.593 67.593 78.594 93.594 69.595 66.596 67.597 67.597 65.599 73.600 94.601 74.602 66.603 68.604 66.604 8.607 5.610 74.612 75.614 81.616 80.618 88.621 87.623 68.625 66.628 68.630 71.632 76.634 76.636 0.000 0.000 0.000 4.704 28.704 15.705 16.707 15.706 0.000 6.742 53.900 108.069 111.058 102.940 104.657 104.393 104.375 104.331 104.291 104.253 104.216 104.179 90.144 86.110 107.077 108.045 108.014 110.984 110.955 109.927 114.899 87.872 63.852 78.840 93.834 32.832 0.000 0.000 36.835
67.600 69.600 69.600 67.600 67.600 67.601 67.601 67.602 78.602 93.603 69.604 64.605 64.606 81.608 93.609 87.610 64.612 67.613 63.613 9.611 6.617 60.620 67.622 67.624 73.626 90.628 90.629 83.631 76.633 68.635 55.637 25.639 90.641 70.641 0.000 0.000 0.000 3.701 17.702 10.704 24.705 13.705 0.000 6.878 26.980 111.163 111.111 103.809 104.545 104.452 104.411 104.370 104.330 104.292 104.254 105.218 100.183 90.148 85.115 84.081 84.049 84.018 83.987 87.956 61.924 5.886 31.861 87.850 83.845 44.844 6.848 0.000 35.840
68.607 5.607 6.607 67.607 66.608 65.608 65.609 64.610 64.611 77.612 92.613 85.614 92.615 94.617 81.618 65.620 72.622 72.623 60.624 0.000 8.630 71.631 67.632 69.634 93.635 100.637 78.638 69.640 76.641 83.643 71.645 7.646 50.647 68.648 0.000 0.000 0.000 4.698 10.700 7.702 21.704 0.000 0.000 6.932 12.248 111.213 109.057 104.773 104.515 104.493 104.449 104.408 104.368 104.330 104.292 104.256 105.220 104.186 102.151 101.117 101.083 102.051 104.019 77.988 19.956 0.000 16.857 72.853 103.851 94.851 67.851 43.851 60.846
67.614 66.614 1.614 66.615 77.615 81.616 85.617 90.617 93.619 94.620 94.621 94.623 80.624 67.626 83.628 100.630 101.632 101.634 94.637 72.642 7.641 68.641 66.642 75.644 103.645 90.646 67.647 66.648 68.650 71.651 62.652 7.653 27.655 27.656 0.000 0.000 0.000 10.694 5.697 0.000 4.704 0.000 14.950 16.167 6.599 111.261 113.008 108.648 104.570 104.526 104.485 104.444 104.405 104.366 104.329 104.293 104.257 104.222 104.187 104.152 105.116 108.083 80.051 13.019 0.000 5.913 0.000 17.854 73.855 104.856 95.857 71.855 48.849
67.621 69.621 65.622 67.622 82.622 81.623 77.624 73.625 72.626 68.628 89.629 79.631 90.633 81.635 97.637 93.639 86.641 87.644 98.647 104.650 93.651 94.651 86.652 94.653 102.654 75.655 66.656 67.657 67.658 66.658 66.659 68.660 63.662 12.665 72.671 63.676 2.680 4.686 0.000 0.000 0.000 5.955 83.998 81.202 111.353 111.308 106.884 107.715 104.598 104.561 104.519 104.479 104.440 104.402 104.365 104.329 104.294 104.259 104.224 106.187 111.147 80.114 20.082 0.000 0.000 2.913 1.913 0.000 14.859 65.863 100.864 50.864 0.000
69.628 5.628 64.628 67.629 67.629 67.630 66.631 67.633 69.634 67.636 79.637 74.639 83.642 94.644 82.646 67.649 68.651 69.654 70.656 75.659 88.660 98.662 104.663 102.663 91.664 67.664 67.665 67.665 67.666 67.666 68.666 91.667 64.668 4.670 68.673 18.676 12.680 5.683 0.000 0.000 0.000 15.941 104.147 106.359 111.396 105.213 104.923 104.658 104.638 104.593 104.552 104.513 104.474 104.437 104.401 104.365 104.330 104.296 106.262 91.224 45.171 12.142 0.000 4.914 2.913 22.913 29.912 0.000 0.000 36.873 98.873 50.873 0.000
70.634 3.634 64.635 67.635 67.636 67.637 67.638 68.640 6.642 66.643 70.645 81.648 81.650 89.653 94.655 80.658 65.661 65.663 65.666 67.668 69.670 70.672 71.673 71.673 70.674 69.674 65.674 65.674 66.674 67.674 78.673 92.673 63.673 57.674 59.675 0.000 0.000 5.683 0.000 0.000 0.000 20.037 103.159 111.481 111.439 104.071 104.803 104.708 104.666 104.624 104.584 104.545 104.507 104.471 104.435 104.400 104.366 104.333 109.302 65.278 0.000 0.000 2.916 0.915 2.914 17.913 24.912 0.000 0.000 39.882 99.882 58.882 0.000
