results4_8e4_rain/res_4e8f-0217.wd
ncols         241
nrows         181
xllcorner     12693529.787448
yllcorner     3542525.717860
cellsize      155.156523
NODATA_value  -9999.000000
[rows 66 to 98 of 181, columns 146 to 218 of 241]
38.391 53.328 75.269 76.214 76.164 76.118 76.076 76.037 76.003 78.974 14.956 0.000 2.819 0.000 0.000 0.000 0.000 1.313 48.313 23.313 0.000 30.311 60.310 60.309 60.309 67.308 73.307 73.305 73.302 73.298 73.293 73.288 73.283 73.277 73.272 75.267 60.264 61.261 53.260 0.000 0.000 0.000 0.000 0.000 29.594 36.584 45.565 39.527 17.476 15.445 30.419 51.395 59.371 53.347 48.323 48.299 38.274 35.250 35.226 38.202 59.179 71.156 66.134 55.113 62.092 69.072 73.053 73.035 72.017 72.000 71.984 71.968 71.953
41.452 60.388 78.328 76.274 76.225 76.181 76.140 76.103 81.068 70.039 40.025 37.043 0.000 0.000 0.000 0.000 0.000 19.313 21.313 0.000 0.000 0.000 30.307 61.306 70.306 73.305 73.304 73.302 73.299 77.296 75.292 73.288 73.284 73.279 72.275 64.270 58.267 64.264 54.263 0.000 0.000 0.000 0.000 21.585 35.586 40.582 36.575 0.000 2.429 12.414 32.395 35.375 49.353 58.331 47.308 46.284 44.260 35.236 35.212 34.188 40.164 64.141 71.119 56.097 58.076 60.056 62.037 66.018 70.000 71.983 72.967 71.951 71.936
46.511 67.446 77.383 76.328 76.281 76.240 74.202 73.165 28.127 13.087 44.065 50.061 15.064 0.000 0.000 0.000 0.000 0.000 0.000 0.000 0.000 14.303 43.304 63.304 73.303 73.302 73.301 73.299 73.297 75.294 74.291 73.288 73.284 74.281 64.277 62.273 65.270 60.266 52.265 0.000 0.000 0.000 0.000 39.585 42.584 4.581 3.578 0.000 7.396 40.387 42.373 52.356 55.336 66.316 64.294 52.271 41.247 33.222 35.198 35.173 30.149 44.126 61.103 65.081 70.059 67.039 60.019 65.000 67.983 67.965 65.949 67.933 70.918
51.569 74.500 78.430 79.374 76.333 77.296 72.263 18.229 2.187 43.119 44.085 49.071 57.068 0.000 0.000 0.000 0.000 0.000 0.000 0.000 0.000 26.302 49.302 62.302 74.301 73.300 73.299 73.297 73.296 74.293 73.291 73.288 73.285 70.282 64.279 29.275 2.272 0.000 0.000 0.000 0.000 0.000 0.000 35.584 42.584 0.000 0.000 0.000 57.372 43.365 38.353 66.338 71.321 72.302 76.280 70.258 58.233 38.208 35.183 35.158 33.133 34.109 40.086 41.063 48.042 56.021 63.001 66.982 67.964 68.947 64.931 67.915 68.900
33.629 38.555 48.463 24.405 81.378 78.350 63.324 40.300 10.283 0.000 0.000 0.000 0.000 0.000 0.000 0.000 0.000 0.000 0.000 0.000 0.000 27.301 52.300 55.300 71.299 73.298 73.297 73.296 77.294 76.293 73.290 73.288 74.286 65.284 68.283 0.000 0.000 0.000 0.000 0.000 0.000 0.000 0.000 0.000 29.584 38.584 0.000 0.000 88.355 51.348 33.337 64.324 72.308 72.290 72.269 75.246 74.221 54.195 37.169 35.143 33.117 36.092 37.068 45.045 50.023 39.002 38.982 43.963 48.945 54.928 59.911 63.896 67.881
79.697 58.626 0.000 0.000 85.426 77.402 64.382 46.364 13.351 0.000 0.000 0.000 0.000 0.000 0.000 0.000 0.000 0.000 0.000 0.000 0.000 0.000 13.298 57.298 73.297 73.297 73.296 73.295 75.293 74.292 73.290 73.289 74.287 62.286 72.285 0.000 0.000 0.000 0.000 0.000 0.000 0.000 0.000 0.000 0.000 5.584 13.584 0.000 25.345 41.335 34.324 64.311 72.297 72.280 73.260 73.236 73.210 66.182 42.154 38.127 36.100 33.075 54.050 66.026 72.003 55.982 48.962 44.943 42.925 39.908 39.891 39.876 67.861
55.776 0.000 0.000 82.614 82.497 80.451 71.438 56.423 12.406 0.000 0.000 0.000 0.000 0.000 0.000 0.000 0.000 0.000 0.000 0.000 0.000 0.000 39.297 62.296 74.296 73.295 73.295 74.294 73.293 73.291 73.290 73.289 74.288 67.287 32.286 0.000 0.000 0.000 0.000 0.000 0.000 0.000 0.000 0.000 0.000 0.000 0.000 0.000 0.000 38.323 37.311 55.301 70.289 73.273 67.254 63.229 69.200 60.168 43.138 42.110 51.083 46.056 69.030 73.005 71.982 69.961 69.941 66.922 64.904 61.887 57.871 49.855 69.841
82.822 72.821 78.791 34.731 0.000 1.473 77.495 51.484 12.445 0.000 14.699 0.000 0.000 0.000 0.000 0.000 0.000 0.000 0.000 0.000 0.000 2.295 55.295 67.295 74.295 73.294 73.294 75.293 75.292 73.291 73.290 73.289 72.288 68.287 17.287 0.000 0.000 0.000 0.000 0.000 0.000 0.000 0.000 0.000 0.000 0.000 0.000 0.000 0.287 0.000 26.298 52.292 70.283 71.271 52.254 55.225 57.192 54.152 39.122 36.093 59.065 68.036 72.009 73.983 73.960 74.939 72.918 72.899 73.882 72.865 73.849 73.834 72.820
84.870 76.851 81.820 32.788 0.000 0.000 68.579 16.572 0.000 0.000 46.699 9.699 0.000 0.000 0.000 0.000 0.000 0.000 0.000 0.000 0.000 1.294 58.294 70.294 74.294 73.293 73.293 74.292 74.291 73.291 73.290 74.289 70.288 65.288 15.287 0.000 0.000 0.000 0.000 0.000 0.000 0.000 0.000 0.000 0.000 0.000 0.000 0.000 18.287 20.287 31.289 47.287 69.281 71.274 17.267 0.000 0.000 44.127 38.102 33.077 47.047 66.014 71.985 73.960 73.936 73.915 71.895 71.876 72.859 71.842 71.827 72.812 72.798
76.937 76.892 76.851 74.813 61.779 47.733 40.670 39.655 35.682 38.693 41.698 41.699 13.699 0.000 0.000 0.000 0.000 0.000 19.292 21.292 0.000 11.293 57.293 71.293 73.293 73.293 73.292 73.292 73.291 73.290 73.290 73.289 55.288 50.288 48.287 43.287 7.287 0.000 0.000 0.000 0.000 0.000 0.000 0.000 0.000 0.000 0.000 0.000 22.286 48.286 39.286 43.284 63.280 64.276 37.273 0.000 0.000 0.000 35.083 40.065 39.033 57.988 70.959 71.934 71.911 71.889 71.870 71.851 71.834 71.819 71.803 71.789 71.776
76.978 76.928 76.879 75.834 72.792 74.750 48.712 27.695 65.697 38.700 42.702 18.701 0.000 0.000 0.000 0.000 0.000 0.000 19.292 65.292 14.292 2.292 56.292 70.292 74.292 73.292 75.292 76.291 74.290 73.290 73.289 71.289 64.288 55.288 56.287 55.287 8.287 0.000 0.000 0.000 0.000 0.000 0.000 0.000 0.000 0.000 0.000 0.000 16.285 51.285 43.284 50.283 65.280 60.278 66.276 0.000 0.000 0.000 0.000 0.000 0.000 47.946 70.928 71.905 71.883 71.862 71.843 71.826 71.809 71.794 71.780 71.766 71.752
77.015 76.963 77.904 79.851 76.804 76.763 75.733 76.716 67.710 45.709 17.709 0.000 0.000 0.000 0.000 0.000 0.000 0.000 6.292 58.292 45.292 35.292 51.292 73.292 73.292 73.291 73.291 73.291 73.290 73.290 73.289 73.288 71.288 50.288 54.287 61.287 4.287 0.000 0.000 0.000 0.000 0.000 0.000 0.000 0.000 0.000 0.000 0.000 12.285 63.285 7.284 30.282 53.280 60.279 21.277 0.000 0.000 0.000 0.000 0.000 0.000 1.924 59.901 72.877 71.854 71.834 71.815 71.799 71.783 71.769 71.755 71.742 71.729
80.055 76.005 72.924 74.862 77.811 77.766 79.741 76.727 74.720 61.716 10.715 0.000 0.000 0.000 0.000 0.000 0.000 0.000 0.000 14.292 49.291 41.291 57.291 75.291 73.291 73.291 73.291 73.290 73.290 73.289 73.289 73.288 74.288 63.287 50.287 54.287 60.286 2.286 0.000 0.000 0.000 0.000 0.000 0.000 0.000 0.000 0.000 0.000 0.000 8.285 0.000 0.000 38.280 57.279 0.000 0.000 0.000 0.000 0.000 0.000 0.000 0.000 47.874 68.848 71.823 71.803 71.786 71.770 71.756 71.743 71.730 71.717 71.704
73.102 34.079 0.000 0.000 0.000 69.749 74.739 80.731 76.725 65.721 15.720 0.000 49.725 19.725 0.000 0.000 0.000 0.000 0.000 0.000 41.291 45.291 66.291 74.291 75.291 76.291 73.290 73.290 73.289 73.289 73.289 73.288 73.288 74.287 53.287 35.286 44.286 5.286 0.000 0.000 0.000 0.000 0.000 0.000 0.000 0.000 0.000 0.000 0.000 0.000 0.000 0.000 27.279 60.279 0.000 0.000 0.000 0.000 0.000 0.000 0.000 0.000 0.000 48.817 68.787 71.768 71.754 71.741 71.729 71.717 71.705 71.692 71.680
68.143 25.130 0.000 0.000 44.741 42.741 59.736 78.731 75.727 60.725 41.724 45.725 49.725 15.725 0.000 0.000 0.000 0.000 12.290 0.000 42.291 53.291 73.291 73.291 76.290 76.290 73.290 73.290 73.289 73.289 73.288 73.288 73.287 74.287 70.286 65.286 54.285 34.285 28.284 0.000 0.000 0.000 0.000 0.000 0.000 0.000 0.000 0.000 0.000 0.000 0.000 0.000 29.279 21.279 0.000 0.000 0.000 0.000 0.000 0.000 0.000 0.000 0.000 0.000 53.738 69.730 71.721 71.711 71.701 71.691 71.679 71.667 71.655
74.175 55.167 27.175 0.000 0.000 44.738 44.734 66.731 78.728 56.726 43.725 48.725 26.725 0.000 0.000 0.000 0.000 0.000 41.290 34.290 39.291 56.291 75.291 75.290 76.290 73.290 73.290 73.289 73.289 73.289 73.288 73.288 73.287 73.287 73.286 75.285 64.285 52.284 41.284 42.283 35.282 26.282 31.282 0.000 0.000 0.000 0.000 0.000 0.000 0.000 0.000 0.000 32.279 7.279 0.000 0.000 0.000 0.000 0.000 0.000 0.000 0.000 0.000 0.000 38.698 66.694 70.689 71.682 71.674 71.665 71.655 71.643 71.631
77.198 68.190 21.183 0.000 0.000 0.000 43.732 48.730 75.728 63.727 44.726 47.726 22.726 0.000 0.000 0.000 0.000 0.000 44.290 37.290 40.290 58.290 77.290 76.290 74.290 74.290 73.290 73.289 73.289 73.288 73.288 74.288 74.287 74.286 68.286 59.285 63.284 70.284 63.283 61.283 49.282 36.282 43.282 1.282 0.000 0.000 0.000 0.000 0.000 0.000 0.000 0.000 0.000 0.000 0.000 0.000 0.000 0.000 0.000 0.000 0.000 0.000 0.000 0.000 30.660 61.660 71.657 73.654 73.648 73.641 72.631 71.620 71.607
77.218 52.212 0.000 0.000 0.000 0.000 0.000 50.729 63.728 57.727 56.727 53.726 43.726 21.726 0.000 0.000 0.000 0.000 43.290 36.290 41.290 56.290 68.290 65.290 60.290 62.290 67.289 72.289 74.289 74.288 72.288 62.288 60.287 65.286 54.285 51.285 51.284 62.284 66.283 61.282 47.282 36.282 8.281 0.000 0.000 0.000 0.000 0.000 0.000 0.000 0.000 0.000 0.000 0.000 0.000 0.000 0.000 0.000 0.000 0.000 1.525 0.000 0.000 0.000 18.624 43.627 49.628 51.627 51.624 52.618 61.610 70.598 71.584
76.233 42.229 0.000 0.000 0.000 0.000 0.000 45.728 39.728 38.727 46.727 46.726 46.726 42.726 15.726 0.000 0.000 0.000 48.290 43.290 48.290 58.290 61.290 64.290 22.290 0.000 0.000 13.289 74.289 71.288 60.288 15.288 0.000 0.000 53.285 85.284 78.284 57.283 63.283 57.282 46.282 31.281 34.281 0.000 0.000 0.000 0.000 0.000 0.000 0.000 0.000 0.000 0.000 0.000 0.000 0.000 0.000 0.000 14.525 4.525 22.525 43.530 54.540 53.557 71.584 79.596 80.601 78.603 80.602 67.598 50.592 68.580 71.562
74.244 39.242 0.000 0.000 0.000 0.000 0.000 45.728 41.728 20.728 0.000 0.000 0.726 0.000 0.000 0.000 0.000 0.000 54.290 48.290 43.290 39.290 25.290 0.000 0.000 0.000 0.000 0.000 0.000 0.000 47.288 9.288 0.000 0.000 0.000 48.283 81.283 41.283 42.282 41.282 37.281 40.281 87.280 46.279 0.000 0.000 0.000 0.000 0.000 0.000 0.000 0.000 0.000 0.000 0.000 0.000 13.497 4.497 0.000 0.000 8.520 90.525 86.533 68.546 69.561 66.571 67.577 89.581 82.582 68.582 48.579 57.569 56.546
60.253 41.252 35.255 0.000 0.000 0.000 0.000 0.000 43.728 27.728 0.000 0.000 0.000 0.000 0.000 0.000 0.000 0.000 54.290 54.290 55.290 38.290 13.290 0.000 0.000 0.000 0.000 0.000 0.000 0.000 43.288 20.288 0.000 0.000 0.000 47.283 96.283 60.282 63.282 58.282 43.281 61.280 115.279 112.278 43.276 0.085 17.587 14.585 0.000 0.000 0.000 0.000 0.000 0.000 0.000 0.000 3.497 21.497 11.499 9.502 18.510 93.516 60.523 68.532 59.542 40.550 51.556 94.561 60.565 47.568 54.573 8.571 0.000
44.259 44.257 30.258 0.000 0.000 0.000 0.000 0.000 0.000 0.000 0.000 0.000 0.000 0.000 0.000 0.000 0.000 0.000 57.290 48.290 42.290 40.290 14.290 0.000 0.000 0.000 0.000 0.000 0.000 40.288 33.288 58.288 54.288 0.000 6.283 53.283 59.283 51.282 94.282 83.281 54.281 7.280 71.279 126.278 10.277 0.000 0.000 0.000 0.000 0.000 0.000 0.000 22.496 19.496 14.496 3.496 72.496 110.496 101.496 97.498 44.502 88.506 56.511 45.517 92.524 73.531 93.537 74.543 44.548 52.553 0.000 0.000 0.000
47.263 48.261 40.261 0.000 0.000 0.000 0.000 0.000 0.000 0.000 0.000 0.000 0.000 0.000 0.000 0.000 0.000 0.000 11.290 52.290 42.290 20.290 0.000 0.000 0.000 0.000 0.000 0.000 0.000 42.288 39.288 15.288 0.000 0.000 0.000 27.283 6.283 0.000 7.281 49.281 5.281 0.000 27.278 93.278 48.278 0.277 0.000 0.000 0.000 0.000 0.000 0.000 0.000 4.495 0.000 0.000 28.495 8.495 72.493 76.493 27.494 88.496 65.498 38.502 56.507 106.512 120.518 54.524 42.532 9.542 0.000 0.000 18.346
46.266 47.264 47.263 51.263 43.263 0.000 0.000 0.000 0.000 0.000 0.000 0.000 0.000 0.000 0.000 0.000 0.000 0.000 0.000 42.290 38.290 22.290 0.000 0.000 0.000 0.000 0.000 0.000 43.288 40.288 17.288 0.000 0.000 0.000 0.000 1.283 0.000 0.000 0.000 53.281 2.281 0.000 27.278 0.000 0.000 0.000 0.000 0.000 0.000 0.000 0.000 0.000 0.000 13.495 7.495 9.495 2.495 0.000 48.487 67.486 26.485 90.484 70.484 40.486 89.489 92.494 87.499 95.505 59.512 0.000 0.000 1.312 32.326
48.269 26.266 37.264 46.264 46.263 46.263 45.263 0.000 0.000 0.000 0.000 0.000 0.000 0.000 0.000 0.000 0.000 0.000 0.000 44.290 40.290 24.290 0.000 0.000 0.000 0.000 0.000 0.000 0.000 46.288 18.288 0.000 0.000 0.000 0.000 0.000 0.000 5.281 17.281 40.281 44.281 21.281 0.000 0.000 0.000 0.000 0.000 0.000 0.000 0.000 0.000 0.000 0.000 2.495 0.495 6.495 0.000 0.000 51.482 71.480 31.476 91.471 76.468 90.468 90.470 49.474 42.479 87.486 36.499 0.000 0.287 33.298 41.305
53.272 0.000 0.000 43.264 32.263 0.000 45.263 35.263 0.000 0.000 0.000 0.000 0.000 0.000 0.000 0.000 0.000 0.000 0.000 43.290 40.290 28.290 0.000 0.000 0.000 0.000 0.000 0.000 0.000 0.000 0.000 0.000 0.000 0.000 0.000 0.000 0.000 0.000 56.281 73.281 34.281 0.000 0.000 0.000 0.000 0.000 0.000 0.000 0.000 0.000 0.000 0.000 0.000 0.000 0.000 11.495 0.000 0.000 86.479 72.476 33.469 91.454 88.450 80.449 72.450 58.452 59.456 28.461 0.000 0.000 17.275 36.282 43.287
50.273 0.000 0.000 30.264 22.263 0.000 0.000 0.000 0.000 54.273 50.273 41.273 0.000 0.000 0.000 0.000 0.000 0.000 0.000 47.290 43.290 25.290 0.000 0.000 0.000 0.000 0.000 0.000 0.000 0.000 0.000 0.000 0.000 0.000 0.000 0.000 0.000 0.000 19.281 103.281 69.281 0.281 0.000 0.000 0.000 0.000 0.000 0.000 0.000 0.000 0.000 0.000 0.000 0.000 0.000 0.000 0.000 0.000 18.479 0.000 0.000 65.429 106.427 85.427 84.428 82.430 85.434 33.440 0.000 0.000 21.267 35.269 36.270
66.274 0.000 0.000 0.000 0.000 52.274 39.274 0.000 50.273 44.273 44.273 36.273 0.000 0.000 0.000 0.000 0.000 0.000 0.000 47.290 42.290 30.290 0.000 0.000 0.000 0.000 0.000 0.000 0.000 0.000 0.000 0.000 0.000 0.000 0.000 0.000 0.000 0.000 0.000 47.281 39.281 10.281 0.000 0.000 0.000 0.000 0.000 0.000 0.000 0.000 0.000 0.000 0.000 0.000 0.000 0.000 0.000 0.000 0.000 0.000 0.000 12.404 48.404 49.404 47.404 47.405 44.410 40.425 0.000 0.000 14.257 35.257 33.255
77.275 66.275 48.275 49.274 48.274 42.274 43.274 44.274 42.273 47.273 46.273 37.273 34.273 0.000 0.000 0.000 0.000 0.000 0.000 34.290 0.000 0.000 0.000 0.000 0.000 0.000 0.000 0.000 0.000 0.000 0.000 0.000 0.000 0.000 0.000 0.000 0.000 0.000 0.000 0.281 46.281 9.281 0.000 0.000 0.000 0.000 0.000 0.000 0.000 0.000 0.000 0.000 0.000 0.000 0.000 0.000 0.000 0.000 0.000 0.000 0.000 3.380 36.381 35.381 35.379 51.377 46.375 0.000 0.000 0.000 7.248 48.246 60.242
77.275 71.275 41.275 41.274 41.274 24.274 25.274 29.274 39.273 48.273 45.273 37.273 40.273 29.273 0.000 0.000 0.000 0.000 0.000 0.000 0.000 0.000 0.000 0.000 0.000 0.000 0.000 0.000 0.000 0.000 0.000 0.000 0.000 0.000 0.000 0.000 0.000 0.000 0.000 0.000 3.281 49.281 8.281 0.000 0.000 0.000 0.000 0.000 0.000 0.000 0.000 0.000 0.000 0.000 0.000 0.000 0.000 0.000 0.000 0.000 28.346 31.356 35.359 35.358 37.355 56.349 46.339 29.317 0.000 0.000 43.241 64.237 71.230
77.275 75.275 45.275 42.274 22.274 0.000 0.000 0.000 0.000 39.273 42.273 40.273 33.273 0.000 0.000 0.000 0.000 0.000 0.000 0.000 0.000 0.000 0.000 0.000 0.000 0.000 0.000 0.000 0.000 0.000 0.000 0.000 0.000 0.000 0.000 0.000 0.000 0.000 0.000 0.000 1.281 52.281 14.281 0.000 0.000 0.000 0.000 0.000 0.000 0.000 0.000 0.000 0.000 0.000 0.000 0.000 0.000 0.000 0.000 0.326 39.335 36.339 35.340 31.338 44.334 61.326 45.314 34.295 29.270 29.252 53.239 70.229 71.220
77.275 75.275 28.275 32.275 0.000 0.000 0.000 0.000 0.000 0.000 30.273 43.273 35.273 0.000 0.000 0.000 0.000 0.000 0.000 0.000 0.000 0.000 0.000 0.000 0.000 0.000 0.000 0.000 0.000 0.000 0.000 0.000 0.000 0.000 0.000 0.000 0.000 0.000 0.000 0.000 0.000 1.281 20.281 0.000 0.000 0.000 0.000 0.000 0.000 0.000 0.000 0.000 8.304 16.304 0.000 0.000 0.000 0.000 0.000 33.317 31.322 30.324 35.324 49.321 62.315 52.307 36.295 34.280 36.262 33.246 54.233 72.221 71.210
77.275 51.275 0.000 0.000 0.000 0.000 0.000 0.000 0.000 0.000 0.000 33.273 40.273 38.273 0.000 0.000 0.000 0.000 0.000 0.000 0.000 0.000 0.000 0.000 0.000 0.000 0.000 0.000 0.000 0.000 0.000 0.000 0.000 0.000 0.000 0.000 0.000 0.000 0.000 0.000 0.000 0.000 0.000 0.000 0.000 0.000 0.000 0.000 0.000 0.000 0.000 0.000 0.000 9.304 11.304 0.000 38.305 30.306 28.307 40.311 54.313 59.313 61.310 61.306 47.300 35.291 34.280 34.267 33.253 35.239 58.226 73.213 71.200
