results4_8e4_rain/res_4e8f-0208.wd
ncols         241
nrows         181
xllcorner     12693529.787448
yllcorner     3542525.717860
cellsize      155.156523
NODATA_value  -9999.000000
[rows 33 to 65 of 181, columns 146 to 218 of 241]
64.954 64.170 63.895 64.531 31.190 42.860 64.545 58.231 36.808 0.000 0.000 36.748 12.748 17.748 33.750 58.753 45.753 11.750 0.000 0.677 50.663 58.649 16.626 43.600 35.579 36.556 40.519 49.482 67.442 58.412 53.384 48.361 49.342 49.324 48.308 47.292 46.274 54.256 64.237 56.220 56.205 54.190 33.176 47.163 55.155 0.000 25.732 30.704 54.634 52.576 57.521 67.470 60.427 55.406 10.396 0.000 38.348 38.339 45.336 23.339 0.000 0.000 0.000 0.000 0.000 0.000 0.000 0.000 0.000 0.000 0.000 0.000 0.000
64.907 64.652 64.305 64.975 42.653 60.349 63.082 56.890 0.000 0.000 14.748 38.748 0.000 0.000 0.000 42.764 42.759 50.748 13.729 63.703 51.676 38.653 47.629 38.603 36.578 36.551 35.519 37.485 65.451 63.421 63.394 65.370 58.349 60.330 59.312 59.294 59.277 60.259 64.242 62.227 63.212 58.199 35.188 34.179 7.173 0.000 22.676 36.658 44.623 39.572 45.518 58.461 58.427 56.407 14.396 0.000 0.000 43.324 15.321 0.000 0.000 0.000 0.000 0.000 2.211 45.205 44.198 46.192 36.188 39.184 6.182 0.000 0.000
65.387 65.050 64.727 64.407 64.097 64.803 56.542 43.357 0.000 0.000 0.000 6.748 0.000 0.000 0.000 39.778 36.770 49.755 54.735 46.711 55.685 53.659 34.633 35.606 36.579 36.551 48.520 52.489 56.458 49.428 46.401 56.376 30.354 37.334 32.315 32.297 32.279 35.263 61.247 50.232 48.219 50.207 35.197 37.190 17.186 0.000 32.637 89.631 14.627 0.000 0.000 7.428 59.412 58.397 17.387 0.000 0.000 40.313 37.304 39.286 37.271 45.258 51.246 43.232 65.217 72.206 70.197 55.191 35.186 34.183 38.180 8.178 0.000
65.784 65.463 65.142 64.829 65.524 60.226 41.924 32.641 41.641 0.000 0.000 0.000 0.000 0.000 0.000 36.802 35.788 38.768 34.745 45.720 48.693 51.666 40.638 35.610 35.581 35.552 60.522 66.492 48.462 42.433 42.405 43.380 40.358 40.337 40.317 41.299 44.281 41.265 62.249 54.235 52.223 52.212 34.204 48.198 74.195 0.000 24.604 77.601 0.000 0.000 0.000 9.412 59.396 57.382 35.366 40.342 38.323 36.309 36.297 36.283 35.270 42.258 49.247 36.235 54.218 72.203 68.195 48.189 33.184 33.180 38.178 6.176 0.000
66.200 65.871 65.551 65.242 61.945 47.652 36.288 0.000 0.000 0.000 0.000 40.957 3.943 9.919 1.887 35.839 36.811 36.785 35.758 35.730 41.702 34.673 34.644 36.614 35.584 34.555 58.525 55.496 63.466 67.436 66.407 61.382 57.359 59.338 55.318 59.300 59.282 60.266 64.251 62.238 63.226 59.216 34.208 46.203 68.200 0.000 19.575 80.568 0.000 0.000 0.000 0.000 56.379 59.370 38.355 36.335 36.318 36.304 36.291 36.279 35.267 42.257 51.248 7.241 0.000 30.194 73.190 49.185 33.181 33.177 37.174 4.172 0.000
66.612 66.273 65.948 65.642 55.363 37.149 0.000 0.000 0.000 0.000 38.986 41.971 54.952 54.928 42.898 35.862 35.831 36.801 36.772 35.742 34.711 35.680 35.649 35.618 34.587 43.557 62.528 41.499 55.471 32.437 65.406 55.381 54.359 54.338 51.318 56.300 57.282 57.266 64.251 62.238 59.227 59.217 34.210 48.205 67.203 0.000 5.552 73.529 0.000 0.000 0.000 0.000 60.370 59.364 35.348 37.327 36.310 37.297 37.285 37.274 38.263 46.254 26.248 0.000 0.000 31.189 73.186 54.181 41.176 35.172 38.169 5.167 0.000
67.020 66.659 67.325 60.016 47.715 37.432 0.000 0.000 0.000 0.000 36.002 52.988 46.967 35.942 37.913 37.882 35.850 34.818 36.786 35.754 36.721 36.688 36.655 35.622 35.590 55.559 55.529 55.502 55.481 0.000 37.396 35.379 36.358 36.337 37.317 41.298 44.281 42.264 62.250 56.237 50.226 52.217 35.210 47.205 66.203 0.000 0.000 46.467 37.442 0.000 0.000 0.000 54.368 37.366 0.000 32.313 38.300 42.289 49.278 49.268 49.258 51.249 23.242 0.000 15.192 79.188 72.183 74.177 62.172 37.167 38.163 6.160 0.000
67.417 67.020 66.678 52.382 4.048 0.019 0.000 0.000 0.000 14.058 52.032 47.011 36.987 37.961 37.932 37.901 37.868 35.835 34.801 34.766 36.731 35.695 35.660 34.625 36.592 51.559 42.528 51.499 52.470 11.436 11.404 51.379 50.357 50.335 50.315 52.296 52.278 53.261 65.247 61.234 56.223 58.214 34.207 43.203 71.202 0.000 0.000 105.429 74.417 41.397 28.388 0.000 0.000 0.000 0.000 0.000 35.287 44.280 48.271 47.261 50.251 52.241 38.229 43.211 59.197 74.188 72.180 72.173 60.166 37.160 37.155 13.151 0.000
67.785 68.326 59.984 42.786 0.000 0.000 0.000 2.126 2.112 59.084 53.059 37.035 38.010 37.983 37.953 37.921 37.888 37.853 34.817 35.779 35.741 35.703 36.664 35.627 35.592 38.558 43.526 55.495 42.465 54.434 59.404 52.378 61.354 51.332 52.311 55.292 54.273 53.257 63.242 59.228 47.217 46.208 35.202 42.199 71.198 0.000 0.000 96.405 86.398 63.387 32.379 0.000 0.000 8.309 3.306 0.000 6.280 55.274 47.265 41.255 38.245 53.234 40.222 42.208 50.196 71.185 73.177 71.168 57.161 37.153 34.146 38.138 32.127
76.073 73.515 46.147 35.992 0.000 0.000 4.152 37.140 51.126 52.106 46.084 41.061 38.035 38.007 37.976 37.943 36.908 39.872 44.834 40.793 35.752 36.709 35.668 35.628 35.590 35.555 42.522 43.490 41.460 48.430 47.402 42.375 54.351 34.328 42.306 49.286 48.267 42.250 61.235 54.221 34.210 33.200 36.194 38.191 42.195 0.000 0.000 74.388 54.383 91.374 77.362 13.343 14.327 65.313 39.302 37.290 37.279 39.270 50.260 44.250 12.239 65.228 53.216 49.204 47.193 58.182 74.172 66.163 49.155 38.146 34.137 41.128 65.115
0.000 0.000 25.095 43.044 0.000 0.000 39.163 49.157 63.147 47.131 46.111 46.088 39.062 38.033 38.001 37.967 44.931 52.893 53.852 45.809 40.762 35.716 34.670 35.626 39.587 36.551 35.517 34.485 40.454 41.425 40.397 41.370 43.345 36.322 42.300 47.279 49.260 45.242 61.226 55.212 37.200 36.190 36.182 32.177 0.000 0.000 0.000 30.375 49.371 49.364 83.354 98.340 91.326 59.312 45.300 46.288 46.277 49.267 71.256 89.245 98.234 97.223 99.211 98.200 92.188 86.178 78.168 61.158 44.149 35.139 36.130 49.120 68.109
19.217 0.000 0.000 0.000 0.000 10.182 42.181 62.179 54.172 57.159 54.141 44.119 37.092 38.062 38.029 48.993 53.955 49.916 44.874 41.828 44.774 39.721 39.669 35.621 40.580 34.543 35.510 36.478 35.447 35.418 35.390 35.364 34.338 35.315 35.292 39.271 45.251 44.233 62.216 56.201 35.188 36.177 36.167 35.159 10.148 0.000 0.000 34.367 60.364 49.357 51.348 66.336 77.323 87.311 89.298 95.286 98.275 98.263 97.252 93.241 84.230 82.218 84.207 87.195 89.184 90.173 88.162 92.152 84.143 51.133 38.123 57.113 74.103
58.657 17.503 0.000 0.000 7.156 43.183 59.199 52.205 44.203 52.193 56.176 57.154 47.126 36.095 46.059 55.021 44.982 36.941 36.900 38.854 6.784 7.724 6.667 32.607 36.568 38.534 38.501 35.470 35.439 36.410 35.382 35.356 35.330 36.306 35.283 35.261 35.241 38.222 55.204 54.188 36.174 36.162 36.151 37.143 38.137 0.000 0.000 33.362 51.359 52.353 64.345 51.334 31.321 35.308 71.296 95.284 79.272 74.260 77.248 70.237 56.225 45.213 36.202 34.190 35.178 45.167 43.157 38.146 77.136 92.126 70.117 68.107 72.097
0.000 33.348 11.758 5.988 42.130 52.195 59.227 43.240 46.241 44.233 42.217 50.194 55.165 50.131 54.092 43.051 37.008 37.967 37.931 45.905 0.000 0.000 0.000 29.574 38.551 49.522 50.491 45.460 41.430 43.401 39.373 38.346 36.321 35.296 35.273 36.250 35.229 35.209 38.191 47.173 35.158 35.144 36.133 35.125 4.120 0.000 0.000 14.359 12.357 66.352 50.344 35.333 49.320 51.306 97.293 78.281 61.269 43.257 34.245 35.233 36.221 37.208 37.196 37.185 36.173 34.162 33.151 34.140 42.130 79.120 87.110 72.100 71.091
0.000 20.784 43.937 46.077 45.179 60.240 45.273 39.288 41.290 40.281 37.264 36.240 51.208 58.171 61.128 49.082 39.034 35.989 43.953 9.929 0.000 0.000 0.000 32.563 42.541 49.512 50.481 50.450 52.420 60.391 58.363 54.336 52.310 48.285 42.261 37.238 35.216 36.195 35.175 40.157 33.140 34.125 35.113 37.103 58.098 0.000 0.000 0.000 28.358 70.354 30.346 39.335 30.319 69.302 87.289 47.278 35.265 37.253 37.241 37.228 37.216 37.204 34.191 34.179 33.167 34.155 34.144 34.134 50.123 65.113 38.103 98.092 70.083
0.000 21.066 44.130 37.205 56.269 56.312 51.338 42.349 36.348 37.338 38.319 49.292 52.258 44.217 47.168 56.114 57.056 47.002 3.962 0.000 5.706 4.669 37.622 43.574 47.538 46.504 47.472 47.440 45.409 52.380 53.352 53.325 54.299 51.274 50.249 51.225 42.202 37.180 38.159 35.139 36.120 35.103 34.089 36.078 51.072 0.000 0.000 0.000 28.364 72.358 34.351 10.343 0.000 15.294 54.285 36.275 37.263 35.250 35.237 35.224 34.212 33.199 34.186 34.173 33.161 34.149 33.137 32.126 35.116 31.107 27.098 91.083 100.072
0.000 18.286 38.310 48.345 58.379 49.403 49.417 51.421 49.416 40.402 46.381 55.353 44.316 37.270 36.214 42.148 52.075 59.002 22.930 14.836 40.743 40.678 35.622 44.573 49.532 50.496 46.461 46.428 38.397 35.367 35.339 35.313 34.286 32.261 39.236 53.212 52.188 51.164 46.142 37.120 35.099 36.079 35.062 35.047 36.039 0.000 0.000 0.000 43.375 10.364 14.357 0.000 0.000 0.000 33.284 13.273 16.260 33.246 32.233 32.221 33.207 35.194 35.180 35.167 34.154 34.142 32.130 32.119 33.108 21.101 0.000 11.070 94.057
0.000 17.480 41.480 60.487 51.497 48.505 48.507 49.503 48.492 50.475 55.452 44.421 38.382 38.333 38.270 37.190 38.094 44.002 60.919 58.836 37.753 36.679 35.616 36.564 48.522 46.485 57.450 45.414 38.382 36.353 37.326 36.299 41.273 49.248 45.223 39.197 45.173 55.148 52.123 51.099 42.075 35.053 35.031 36.011 33.997 0.000 0.000 43.404 31.399 0.000 0.000 45.309 40.307 39.302 31.293 0.000 0.000 38.240 35.230 35.217 35.203 35.189 35.175 35.161 35.147 35.134 35.122 34.110 35.098 37.087 27.073 0.000 36.040
5.764 30.675 55.641 51.627 40.619 45.612 50.603 45.590 51.574 57.554 49.529 37.498 36.459 38.409 38.342 42.247 43.111 36.991 47.910 43.836 40.753 37.669 34.599 41.547 45.505 47.472 38.439 65.396 53.365 43.338 35.312 41.286 60.260 70.235 63.209 40.183 42.157 45.131 49.105 54.078 52.052 48.025 36.998 33.971 40.940 46.898 0.000 18.410 39.416 0.000 0.000 15.310 35.312 35.305 35.294 40.279 39.262 35.244 34.230 35.215 35.199 35.184 35.169 35.154 35.140 35.127 35.113 35.100 34.088 34.074 35.060 38.042 34.032
17.853 51.816 57.784 42.759 37.739 39.721 41.702 52.682 56.661 67.638 66.612 59.582 48.546 37.503 40.444 7.346 0.000 35.942 41.893 38.844 1.753 35.646 39.565 56.517 55.482 58.457 0.000 30.365 70.345 64.322 50.297 56.272 74.247 74.221 72.195 41.169 47.142 47.114 49.086 37.057 46.028 51.998 50.966 49.933 62.897 71.855 4.811 0.000 29.439 54.463 0.000 0.000 58.324 39.313 39.298 39.281 39.263 40.246 34.229 33.213 37.196 34.178 34.162 34.147 34.132 35.118 34.105 33.091 33.077 33.064 33.050 33.035 32.023
16.978 62.952 48.919 37.887 37.858 37.830 50.802 48.774 65.750 80.726 77.700 74.672 69.642 60.611 51.585 0.000 0.000 0.000 29.875 40.862 0.000 0.000 32.497 50.475 49.448 64.419 36.378 37.353 70.330 75.307 71.283 70.258 73.234 73.208 74.182 53.155 45.127 47.099 47.069 37.037 46.005 39.971 58.936 29.899 68.858 90.814 61.766 31.716 0.000 32.486 0.000 34.374 94.347 47.325 49.304 49.284 45.265 46.246 38.229 33.212 15.193 34.171 34.154 37.139 40.124 50.110 40.096 35.081 36.067 36.054 36.040 36.026 36.013
49.130 53.094 47.052 45.013 39.976 51.940 45.903 58.861 36.838 6.815 57.790 76.764 75.738 76.715 59.700 0.000 0.000 0.000 23.870 46.866 0.000 0.000 29.452 44.438 39.417 66.391 77.363 77.338 73.315 73.292 73.269 74.245 73.221 73.196 73.170 67.143 42.114 44.084 42.052 37.018 47.983 48.946 51.908 8.867 53.824 89.777 59.725 77.665 38.582 24.509 36.457 92.402 80.364 52.335 46.309 48.286 42.265 36.245 34.227 32.213 0.000 40.158 48.146 56.131 63.116 72.101 61.086 41.072 35.057 36.043 36.029 36.016 36.003
60.314 49.240 49.184 45.136 52.093 49.052 52.007 75.931 62.926 45.906 66.882 75.855 74.831 73.811 53.800 0.000 0.000 0.000 0.000 1.866 0.000 0.000 35.421 44.408 55.389 71.367 73.344 73.321 73.299 73.278 73.256 73.233 73.209 73.185 73.159 73.131 59.102 49.071 42.037 35.001 38.963 38.923 43.882 62.838 48.793 83.745 69.693 76.636 83.572 69.512 74.460 83.413 59.374 60.341 46.313 45.287 37.264 34.242 35.221 37.201 51.177 57.156 75.140 74.124 73.108 72.092 72.077 62.062 40.047 35.033 36.019 36.005 35.992
51.449 39.371 41.307 53.254 50.208 50.169 20.140 0.000 55.027 81.003 75.974 74.945 76.918 58.898 44.890 28.916 0.000 0.000 0.000 0.000 0.000 0.000 41.403 58.384 70.364 73.344 73.324 73.304 73.284 73.264 73.243 73.221 73.199 73.175 73.149 73.122 74.092 68.060 60.025 51.986 49.945 52.902 43.857 60.811 39.764 81.716 14.666 35.614 70.559 42.507 33.459 89.415 53.376 57.343 55.313 36.286 34.261 35.238 35.216 43.194 64.172 75.152 72.133 72.116 72.099 69.083 68.067 66.052 65.037 39.022 35.008 34.994 34.981
41.561 38.485 51.420 51.365 46.316 66.276 20.245 29.232 69.152 76.106 75.068 75.033 75.001 50.971 50.946 61.941 0.000 0.000 0.000 0.000 0.000 0.000 0.000 8.362 67.340 79.322 74.304 73.287 73.269 73.250 73.231 73.211 73.190 73.167 73.142 73.115 73.085 74.052 75.015 71.974 71.930 74.882 54.833 60.785 34.738 75.690 11.642 13.593 66.545 36.497 46.453 80.412 61.374 53.341 57.310 34.282 35.256 34.232 36.209 46.187 67.165 68.145 73.126 72.108 67.090 64.073 68.057 73.041 72.026 61.011 41.996 40.982 39.969
37.663 51.590 52.525 40.467 51.417 72.373 65.334 71.297 77.245 75.199 75.157 75.118 72.080 56.040 5.983 1.962 0.000 0.000 0.000 0.000 0.000 0.000 0.000 0.000 12.311 24.299 65.285 74.270 73.254 73.238 73.220 73.202 73.182 73.160 73.137 75.111 74.081 74.048 73.009 74.966 73.917 73.864 63.810 61.759 38.710 50.664 80.618 59.573 67.528 36.485 64.443 58.405 61.369 49.336 43.305 35.277 35.250 35.226 43.202 48.179 49.158 54.137 62.117 60.098 61.080 72.063 72.046 72.030 72.014 72.999 66.985 62.970 60.956
52.757 52.686 41.621 37.563 52.511 71.464 77.420 76.378 75.332 75.288 75.245 76.202 67.160 60.127 0.000 0.000 0.000 0.000 0.000 0.000 0.000 0.000 0.000 0.000 21.295 41.278 68.266 74.254 73.240 73.226 73.211 73.194 73.176 73.156 75.134 75.109 75.081 67.048 72.009 74.963 77.907 75.846 69.783 65.729 53.682 37.637 85.594 68.552 70.511 35.470 81.431 45.395 26.360 43.328 34.298 35.270 34.243 43.218 49.194 48.171 48.149 47.128 40.108 36.089 66.070 72.052 72.035 72.019 72.003 71.987 72.972 72.958 72.944
49.844 40.775 38.711 36.653 53.600 73.551 75.506 75.462 75.418 75.375 75.332 77.286 56.232 54.180 0.000 0.000 0.000 0.000 0.000 0.000 0.000 0.000 0.000 0.000 0.000 55.253 74.247 73.238 73.228 73.216 73.202 73.188 75.171 74.154 74.134 74.112 68.086 46.055 62.016 71.970 22.903 13.832 47.745 54.693 63.650 50.609 71.570 89.531 74.492 41.454 83.417 7.383 19.349 32.318 35.288 35.261 37.234 47.209 45.185 46.162 48.139 51.118 45.098 46.078 62.059 72.041 72.024 72.007 71.990 71.975 71.959 71.945 71.930
40.926 38.859 43.796 48.738 63.685 75.635 75.589 75.546 75.503 75.463 75.422 76.376 63.304 0.000 0.000 0.000 0.000 0.000 3.197 40.197 1.198 19.198 0.000 0.000 0.000 30.234 65.231 72.225 73.217 73.207 73.195 73.183 75.169 73.153 73.136 73.118 57.097 53.070 15.029 16.999 0.000 0.000 32.674 39.649 61.616 47.581 52.545 95.508 78.472 57.437 67.402 17.369 62.337 39.307 35.278 35.250 37.224 46.199 57.174 57.151 59.129 65.107 60.087 71.067 72.048 72.029 72.011 71.994 71.978 71.962 71.946 71.931 71.917
42.003 38.938 45.876 64.819 75.766 75.716 75.671 75.628 75.587 75.550 75.518 81.493 0.000 0.000 0.000 0.000 0.000 0.000 40.197 52.197 39.198 54.198 50.198 0.000 20.211 52.218 59.217 70.214 73.207 73.199 73.190 74.179 73.167 73.154 73.141 69.127 58.113 63.101 0.000 0.000 0.000 16.623 49.629 41.611 59.584 35.553 37.520 85.486 84.452 76.418 62.385 62.353 51.323 46.294 35.265 35.238 35.213 45.188 67.163 74.140 73.118 73.096 65.075 72.055 72.035 72.016 71.998 71.981 71.964 71.948 71.932 71.917 71.903
40.077 38.012 52.952 72.895 76.843 75.794 75.749 75.707 75.668 75.634 75.605 82.585 0.000 0.000 0.000 0.000 0.000 0.000 29.197 49.197 49.197 48.198 51.199 35.201 43.205 51.208 51.208 68.205 74.200 73.193 73.185 73.176 73.166 73.156 74.145 66.135 62.126 56.120 0.000 0.000 0.000 9.616 13.609 41.582 60.555 37.527 33.497 72.465 89.431 86.399 67.367 46.337 45.307 46.279 37.252 34.226 35.200 38.176 49.151 69.128 72.105 72.084 64.062 72.042 72.022 72.003 71.985 71.967 71.950 71.934 71.918 71.903 71.888
39.147 41.083 61.024 76.968 75.916 75.868 75.824 75.783 75.746 75.712 77.682 75.658 0.000 0.000 0.000 0.000 0.000 0.000 15.197 54.197 60.197 65.197 56.198 55.199 49.201 45.201 56.201 70.198 73.194 73.189 76.182 74.175 73.166 73.158 73.150 68.142 60.136 55.134 30.137 0.000 0.000 0.000 0.000 3.555 52.527 38.502 34.475 67.444 98.410 79.378 58.348 49.319 51.291 49.264 44.238 33.212 35.187 34.163 38.139 57.115 72.093 72.071 64.049 72.028 72.008 71.989 71.971 71.953 71.935 71.919 71.903 71.888 71.873
39.214 49.151 69.092 77.036 75.985 75.938 75.895 75.855 75.819 76.786 74.754 62.706 46.706 0.000 0.000 0.000 0.000 0.000 17.197 55.197 64.197 64.196 68.196 70.196 53.197 52.197 67.195 73.193 73.190 73.185 74.180 73.173 73.167 73.160 73.153 71.148 59.143 60.141 54.141 0.140 0.000 0.000 0.000 0.000 38.495 38.481 32.458 77.425 65.388 71.356 41.327 61.300 55.274 48.248 48.223 39.198 34.174 35.150 34.126 46.102 69.079 71.057 65.035 72.014 72.994 71.974 71.956 71.938 71.920 71.903 71.887 71.872 71.857
