results4_8e4_rain/res_4e8f-0027.wd
ncols         241
nrows         181
xllcorner     12693529.787448
yllcorner     3542525.717860
cellsize      155.156523
NODATA_value  -9999.000000
[rows 99 to 131 of 181, columns 0 to 74 of 241]
0.000 0.000 0.000 0.000 0.000 23.068 63.066 65.061 56.058 51.057 0.000 0.000 0.000 0.000 0.000 0.000 0.000 30.944 27.944 0.000 0.000 0.000 0.000 25.889 24.888 0.000 0.000 0.000 0.000 0.000 0.000 0.000 0.000 0.000 0.000 33.911 29.921 28.938 29.955 30.976 44.003 33.033 37.069 29.100 31.131 29.162 30.196 35.231 36.268 34.307 38.347 31.388 31.431 33.475 36.522 50.576 51.645 36.693 22.721 0.000 0.000 0.000 0.000 0.000 3.644 58.644 55.663 42.715 17.769 12.815 56.857 33.900 35.944 35.992 36.045
0.000 0.000 0.000 0.000 0.000 24.083 64.082 64.081 0.000 0.000 0.000 0.000 0.000 0.000 0.000 0.000 0.000 41.946 30.946 0.000 0.000 0.000 28.908 27.900 31.896 0.000 0.000 0.000 0.000 39.816 31.817 0.000 0.000 0.000 46.867 56.884 42.899 35.923 29.934 31.950 50.971 36.000 42.047 42.075 33.101 48.130 40.162 41.196 31.233 39.271 39.311 37.351 31.393 32.434 36.476 33.525 0.000 0.000 0.000 0.000 0.000 0.000 0.000 6.678 43.673 55.683 62.704 52.739 28.778 29.817 43.856 34.896 35.937 35.981 36.028
0.000 0.000 0.000 0.000 0.000 11.101 60.100 69.100 0.000 0.000 0.000 0.000 0.000 0.000 0.000 0.000 0.000 48.948 29.951 30.949 32.941 29.931 26.917 27.908 25.902 0.000 0.000 0.000 0.000 32.817 32.818 33.822 32.827 32.836 31.851 41.861 50.869 0.000 61.908 51.919 56.934 41.947 0.000 58.051 56.069 55.095 59.126 48.160 31.197 34.235 39.274 39.315 36.356 32.395 21.422 0.000 0.000 0.000 0.000 0.000 0.000 0.000 0.000 16.683 43.689 43.711 54.732 53.758 36.788 36.821 35.855 35.891 35.928 35.968 35.010
37.173 40.173 0.000 0.000 0.000 21.120 60.119 65.121 75.129 0.000 0.000 0.000 0.000 0.000 0.000 0.000 0.000 0.000 33.962 30.956 48.945 62.934 37.924 22.916 0.000 0.000 0.000 0.000 0.000 0.000 31.819 32.820 32.825 32.832 32.839 31.843 31.847 30.849 31.871 36.886 48.899 42.910 0.000 58.010 59.030 37.057 44.088 61.122 55.160 42.198 32.238 38.278 39.321 42.370 27.396 0.000 0.000 0.000 0.000 0.000 0.000 0.000 0.000 0.000 0.000 40.742 37.754 37.773 35.797 35.825 35.854 35.885 35.918 34.953 33.989
51.175 34.174 34.171 36.165 38.157 57.142 65.137 65.136 65.139 67.145 41.147 0.000 0.000 29.048 36.048 37.048 0.000 0.000 56.979 64.971 59.951 55.938 38.930 0.000 0.000 0.000 0.000 0.000 0.000 0.000 0.000 32.816 31.823 30.828 31.831 32.826 32.827 32.831 32.843 33.855 52.868 47.884 30.904 32.951 43.984 55.015 32.047 44.083 45.122 38.162 58.201 41.240 33.280 0.000 0.000 0.000 0.000 0.000 0.000 0.000 0.000 0.000 0.000 0.000 0.000 40.763 35.771 35.785 35.804 35.826 35.851 33.878 31.906 33.937 39.968
66.179 56.178 37.175 41.170 59.164 65.156 65.151 65.148 65.148 60.149 32.150 38.151 0.000 20.049 55.051 63.048 63.041 47.027 62.007 68.997 0.000 0.000 0.000 0.000 0.000 0.000 0.000 0.000 0.000 0.000 0.000 32.806 0.000 0.000 0.000 33.803 32.805 32.808 32.814 33.824 49.837 54.854 31.877 32.909 32.940 50.972 52.005 30.042 38.084 57.128 49.166 27.203 0.000 0.000 0.000 0.000 0.000 0.000 0.000 0.000 0.000 0.000 0.000 0.000 0.000 40.775 35.781 35.793 35.808 34.826 33.847 38.870 39.894 40.920 41.947
66.186 66.184 61.182 64.178 65.173 65.168 65.163 65.160 65.158 61.156 36.154 53.153 0.000 0.000 33.059 57.055 65.047 66.036 65.024 70.015 0.000 0.000 0.000 0.000 0.000 0.000 0.000 0.000 0.000 0.000 0.000 32.798 0.000 0.000 34.776 32.781 32.781 32.781 32.784 32.790 49.802 54.819 31.841 32.869 32.898 33.928 54.960 48.997 56.044 46.101 27.133 0.000 0.000 0.000 0.000 0.000 0.000 0.000 0.000 0.000 0.000 0.000 0.000 0.000 38.782 35.783 35.788 35.797 35.810 34.825 36.842 40.861 41.881 41.903 41.926
64.195 65.194 65.192 65.188 65.185 65.180 65.176 65.172 65.168 66.163 61.159 68.155 0.000 0.000 21.074 40.067 63.058 65.048 66.038 54.026 0.000 0.000 0.000 0.000 0.000 0.000 0.000 0.000 0.000 0.000 0.000 26.790 31.783 31.777 30.772 32.764 32.759 32.754 32.750 32.752 49.762 54.779 31.802 32.828 32.855 32.883 37.911 60.944 40.994 0.000 0.000 0.000 0.000 0.000 0.000 0.000 0.000 0.000 0.000 0.000 0.000 0.000 0.000 0.000 0.000 42.786 38.791 39.799 37.810 33.822 40.835 41.851 39.868 39.886 36.905
61.206 66.205 65.204 65.201 65.198 65.194 65.189 65.184 65.179 65.172 66.165 59.155 43.140 34.121 28.096 55.082 65.071 65.062 70.056 0.000 0.000 0.000 0.000 0.000 0.000 0.000 0.000 0.000 0.000 0.000 0.000 0.000 0.000 0.000 0.000 32.746 32.739 32.726 32.711 32.708 48.717 55.736 32.760 32.786 32.813 32.837 32.859 38.876 0.000 0.000 0.000 0.000 0.000 0.000 0.000 0.000 0.000 0.000 0.000 0.000 0.000 0.000 0.000 0.000 0.000 0.000 0.000 0.000 0.000 42.818 40.827 41.840 38.854 33.868 42.882
61.219 66.219 65.218 65.216 65.213 65.209 65.205 65.199 65.192 65.184 66.174 51.161 30.146 29.128 38.109 62.094 65.083 65.075 71.070 0.000 0.000 0.000 0.000 0.000 0.000 0.000 0.000 0.000 0.000 0.000 0.000 0.000 0.000 0.000 0.000 28.735 32.725 29.703 32.659 32.652 51.664 55.687 32.716 32.746 32.773 32.796 32.814 29.824 0.000 0.000 0.000 0.000 0.000 0.000 0.000 0.000 0.000 0.000 0.000 0.000 0.000 34.709 0.000 0.000 0.000 0.000 0.000 0.000 38.796 39.807 41.817 41.828 38.840 34.852 44.864
64.235 65.234 65.234 65.232 65.230 65.227 65.222 65.216 65.209 65.199 65.187 62.172 39.155 40.137 57.120 64.105 65.093 65.085 72.080 0.000 0.000 0.000 0.000 0.000 0.000 0.000 0.000 0.000 0.000 0.000 0.000 0.000 0.000 0.000 0.000 0.000 28.724 0.000 31.571 32.580 60.601 47.634 32.672 32.709 32.739 45.762 35.777 30.784 0.000 0.000 0.000 0.000 0.000 0.000 0.000 0.000 0.000 0.000 0.000 0.000 0.000 45.710 30.711 0.000 0.000 0.000 0.000 39.776 42.786 41.796 38.806 34.816 34.826 32.837 36.852
65.252 65.252 65.252 65.251 65.249 65.247 65.243 65.237 65.229 65.217 65.203 65.185 67.166 67.146 66.129 65.114 65.102 67.093 56.086 0.000 0.000 0.000 0.000 0.000 0.000 0.000 0.000 0.000 0.000 0.000 0.000 0.000 0.000 0.000 0.000 0.000 0.000 0.000 31.477 32.494 66.528 35.575 32.632 32.679 44.713 53.735 32.749 32.753 31.743 0.000 0.000 0.000 0.000 0.000 0.000 0.000 0.000 0.000 0.000 0.000 0.000 41.711 42.712 29.715 0.000 35.747 37.754 41.767 40.777 38.787 37.796 33.804 41.813 44.820 0.000
64.270 63.271 65.272 65.272 65.271 65.269 65.266 65.261 65.253 65.241 65.224 65.202 65.178 65.155 65.136 65.121 66.109 49.100 0.000 0.000 26.064 40.062 0.000 0.000 0.000 0.000 0.000 0.000 0.000 0.000 0.000 0.000 0.000 0.000 0.000 0.000 0.000 0.000 27.365 38.394 61.441 32.509 29.602 32.665 32.699 32.719 32.731 32.736 32.734 29.733 0.000 0.000 0.000 0.000 0.000 0.000 0.000 0.000 0.000 0.000 0.000 36.711 32.713 38.718 33.728 41.740 41.750 40.760 36.770 39.779 34.787 33.794 33.801 26.810 0.000
54.289 54.291 63.293 65.295 65.295 65.294 65.293 65.290 65.282 65.270 65.250 66.223 67.191 65.162 65.141 65.125 65.115 0.000 0.000 26.071 36.066 46.062 45.059 38.057 30.056 0.000 0.000 0.000 0.000 0.000 0.000 0.000 0.000 0.000 0.000 31.056 34.078 34.128 31.225 30.279 39.332 27.420 0.000 28.682 32.699 32.712 32.721 32.725 31.727 0.000 0.000 0.000 0.000 0.000 0.000 0.000 38.693 49.694 0.000 0.000 37.706 35.709 35.713 32.718 40.726 41.735 41.745 38.756 41.765 41.773 39.779 34.784 23.788 0.000 0.000
36.306 41.312 60.318 66.321 65.321 65.322 65.324 65.323 65.318 65.307 67.286 53.251 49.201 64.163 69.141 66.125 61.111 43.099 46.088 52.078 46.068 47.063 26.060 19.058 0.000 0.000 0.000 0.000 0.000 0.000 0.000 0.000 0.000 0.000 22.035 28.036 31.051 31.083 31.129 31.165 33.190 0.000 0.000 0.000 27.704 32.711 32.716 32.719 32.721 0.000 0.000 0.000 0.000 0.000 0.000 0.000 55.694 37.695 35.697 35.700 35.703 35.707 33.711 38.716 41.723 41.732 37.741 41.753 41.763 40.769 34.773 35.777 25.779 0.000 0.000
20.319 35.334 54.347 67.350 68.347 68.349 66.358 65.362 66.362 65.355 66.337 4.293 0.000 23.150 41.138 62.123 69.108 67.098 67.090 53.083 0.000 0.000 0.000 0.000 0.000 0.000 0.000 0.000 0.000 0.000 0.000 0.000 0.000 0.000 0.000 27.002 31.008 29.024 30.045 32.063 33.073 0.000 0.000 0.000 0.000 25.712 32.714 32.716 29.718 0.000 0.000 0.000 0.000 0.000 0.000 0.000 0.000 51.696 34.697 34.699 35.702 34.705 34.709 40.714 41.720 39.728 27.734 0.000 45.764 39.767 39.770 39.772 25.773 0.000 0.000
0.000 6.359 39.385 45.389 39.368 41.371 58.398 66.408 62.413 55.415 54.417 0.000 0.000 0.000 0.000 0.000 34.101 60.096 67.092 0.000 0.000 0.000 0.000 0.000 0.000 0.000 0.000 0.000 0.000 0.000 0.000 0.000 0.000 0.000 0.000 26.963 32.958 31.959 40.965 41.970 31.969 0.000 0.000 0.000 0.000 0.000 29.713 30.714 0.000 0.000 0.000 0.000 0.000 0.000 0.000 0.000 0.000 56.696 59.697 39.699 33.701 31.704 41.707 41.710 36.715 0.000 0.000 0.000 0.000 44.766 41.767 41.768 31.769 0.000 0.000
0.000 0.000 20.449 29.451 0.000 0.000 30.455 59.460 50.467 46.478 60.498 27.544 0.000 0.000 0.000 0.000 0.000 5.094 36.092 0.000 0.000 0.000 0.000 0.000 0.000 0.000 0.000 0.000 0.000 0.000 0.000 0.000 0.000 0.000 0.000 17.931 31.900 29.892 59.889 52.883 30.864 32.813 0.000 0.000 0.000 0.000 24.712 0.000 0.000 0.000 0.000 0.000 0.000 0.000 0.000 0.000 0.000 0.000 44.698 61.699 46.701 40.703 41.705 36.707 0.000 0.000 0.000 0.000 0.000 36.764 41.765 41.766 36.767 0.000 0.000
0.000 0.000 16.511 61.518 18.544 0.000 19.508 51.511 53.519 64.533 66.556 69.591 75.637 14.662 0.000 0.000 0.000 0.000 0.000 0.000 0.000 0.000 0.000 0.000 0.000 0.000 0.000 0.000 0.000 0.000 0.000 0.000 0.000 0.000 0.000 0.000 24.822 32.820 62.817 44.809 32.792 31.763 36.731 0.000 0.000 0.000 0.000 0.000 0.000 0.000 0.000 0.000 0.000 0.000 0.000 0.000 0.000 0.000 0.000 0.000 49.701 39.702 37.703 0.000 0.000 0.000 0.000 0.000 35.760 34.762 36.763 30.764 0.000 0.000 0.000
0.000 4.593 38.569 56.565 64.572 33.578 46.560 69.559 66.566 65.581 65.601 65.629 65.660 71.688 74.719 30.736 0.000 0.000 34.789 48.789 41.788 43.787 0.000 0.000 0.000 0.000 0.000 0.000 0.000 0.000 0.000 0.000 0.000 0.000 0.000 0.000 25.747 54.750 56.751 33.746 31.734 31.717 34.700 0.000 0.000 0.000 0.000 0.000 0.000 0.000 0.000 0.000 0.000 0.000 0.000 0.000 0.000 0.000 0.000 0.000 0.000 0.000 0.000 0.000 0.000 0.000 0.000 37.759 32.759 30.760 0.000 0.000 0.000 0.000 0.000
62.634 65.619 65.607 63.603 61.603 62.602 64.596 64.598 65.608 66.623 66.642 65.664 58.688 62.712 65.735 69.754 73.775 74.786 66.790 62.791 59.789 54.787 56.783 49.780 5.778 0.000 0.000 0.000 0.000 0.000 0.000 0.000 0.000 0.000 0.000 49.633 38.670 67.685 58.691 45.690 32.683 31.671 31.654 35.629 31.628 0.000 0.000 0.000 0.000 0.000 0.000 0.000 0.000 0.000 0.000 0.000 0.000 0.000 0.000 0.000 0.000 0.000 0.000 0.000 0.000 0.000 0.000 0.000 0.000 0.000 0.000 0.000 0.000 0.000 0.000
65.650 60.642 58.639 57.637 51.636 48.633 49.627 49.631 55.646 60.662 60.680 53.698 37.718 52.737 65.756 65.772 65.786 65.794 65.797 65.796 66.793 66.789 69.784 70.780 70.777 70.774 9.773 0.000 0.000 0.000 0.000 0.000 0.000 0.000 0.000 21.598 47.615 52.630 36.639 53.641 41.638 31.630 31.618 34.606 0.000 0.000 0.000 0.000 0.000 0.000 0.000 0.000 0.000 0.000 0.000 0.000 0.000 0.000 0.000 0.000 0.000 0.000 0.000 0.000 0.000 0.000 0.000 0.000 0.000 0.000 0.000 0.000 0.000 0.000 0.000
35.676 8.663 30.671 44.673 42.672 22.667 7.649 3.655 23.685 40.702 39.717 32.733 27.749 37.765 58.780 66.793 65.803 65.809 65.809 65.805 65.800 69.793 44.785 32.780 31.777 35.774 38.773 0.000 0.000 0.000 0.000 0.000 0.000 0.000 0.000 19.546 55.563 38.582 30.594 40.600 51.600 35.594 31.585 31.571 37.550 0.000 0.000 0.000 0.000 0.000 0.000 0.000 0.000 0.000 0.000 0.000 0.000 0.000 0.000 0.000 0.000 0.000 0.000 0.000 0.000 0.000 0.000 0.000 0.000 0.000 0.000 0.000 0.000 0.000 74.049
25.715 0.000 18.712 33.712 29.713 6.714 0.000 0.000 16.738 30.745 28.756 28.768 29.782 27.795 46.808 63.819 65.826 65.830 65.827 65.817 64.808 27.800 0.000 0.000 0.000 0.000 0.000 0.000 0.000 25.353 45.355 0.000 0.000 0.000 26.435 43.479 60.512 37.541 31.558 29.566 46.567 48.563 34.556 31.545 31.530 34.513 43.505 0.000 0.000 0.000 0.000 0.000 0.000 0.000 0.000 0.000 0.000 0.000 0.000 0.000 0.000 0.000 0.000 0.000 0.000 0.000 0.000 0.000 0.000 0.000 0.000 0.000 0.000 0.000 72.121
38.756 34.766 29.754 28.752 29.755 31.765 32.791 35.797 34.785 30.786 29.793 29.804 29.815 28.827 35.839 57.849 66.856 65.858 67.852 39.828 5.818 0.000 0.000 0.000 0.000 0.000 0.000 0.000 0.000 0.000 12.357 15.360 19.365 33.371 30.393 51.424 48.465 22.512 29.532 31.540 33.540 46.538 38.532 33.524 31.514 30.505 47.498 38.494 32.493 0.000 0.000 0.000 0.000 0.000 0.000 0.000 0.000 0.000 0.000 0.000 0.000 0.000 0.000 0.000 0.000 0.000 0.000 0.000 0.000 0.000 0.000 0.000 0.000 8.363 85.259
28.787 29.790 29.787 29.788 29.791 29.800 29.812 29.818 29.819 29.823 29.830 29.839 29.850 29.861 27.873 48.883 65.891 67.896 63.897 0.000 0.000 0.000 0.000 0.000 0.000 0.000 0.000 0.000 0.000 0.000 0.000 0.000 0.000 17.356 34.342 60.361 34.412 0.000 17.521 32.520 30.519 34.516 35.512 44.506 33.500 31.494 30.491 26.492 0.000 0.000 0.000 0.000 0.000 0.000 0.000 0.000 0.000 0.000 0.000 0.000 0.000 0.000 0.000 0.000 0.000 0.000 0.000 0.000 0.000 0.000 0.000 0.000 13.551 78.467 88.379
29.818 29.819 29.819 29.821 29.825 29.832 29.840 28.846 28.851 29.857 29.865 29.874 29.885 29.897 28.909 36.920 51.930 62.939 50.944 0.000 0.000 0.000 0.000 0.000 0.000 0.000 0.000 0.000 0.000 0.000 0.000 0.000 0.000 0.000 43.260 68.266 0.000 0.000 15.512 33.503 31.500 30.497 38.494 49.490 37.486 31.482 35.480 0.000 0.000 0.000 0.000 0.000 0.000 0.000 0.000 0.000 0.000 0.000 0.000 0.000 0.000 0.000 0.000 0.000 0.000 0.000 0.000 0.000 0.000 0.000 0.000 0.000 70.635 84.574 84.500
29.849 29.850 29.851 29.854 29.858 29.863 29.870 33.877 34.883 30.891 29.899 29.910 29.921 29.933 29.946 28.960 31.973 40.986 40.997 0.000 0.000 0.000 0.000 0.000 0.000 0.000 0.000 0.000 0.000 0.000 0.000 0.000 0.000 0.000 47.173 62.179 0.000 0.000 0.000 30.483 31.481 31.479 30.477 35.475 37.472 33.470 35.469 0.000 0.000 0.000 0.000 0.000 0.000 0.000 0.000 0.000 0.000 0.000 0.000 0.000 0.000 0.000 0.000 0.000 0.000 0.000 0.000 0.000 0.000 0.000 0.000 54.882 63.779 63.699 63.621
29.881 29.882 29.883 29.886 29.890 29.895 28.902 40.909 45.916 32.924 29.934 29.945 29.957 29.970 29.985 30.001 30.018 29.037 32.063 13.105 0.000 0.000 0.000 0.000 0.000 26.753 47.754 9.755 0.758 0.000 0.000 0.000 0.000 28.034 70.082 44.098 44.081 0.000 0.000 16.464 33.464 31.463 31.463 29.461 45.460 49.458 43.457 0.000 0.000 0.000 0.000 0.000 0.000 0.000 0.000 0.000 0.000 0.000 0.000 0.000 0.000 0.000 0.000 0.000 0.000 0.000 0.000 0.000 0.000 0.000 29.067 79.985 65.900 78.827 100.703
29.913 29.914 29.915 29.918 29.923 29.928 28.934 41.941 47.949 31.958 29.969 29.980 29.993 30.007 30.023 30.041 30.061 30.084 30.112 36.148 7.186 0.000 0.000 0.000 0.000 0.000 4.755 26.757 34.765 38.778 12.790 0.000 23.943 61.986 60.025 40.051 22.065 0.000 0.000 16.448 33.448 32.449 35.449 30.449 39.449 62.448 59.445 4.439 0.000 0.000 0.000 0.000 0.000 0.000 0.000 0.000 0.000 0.000 0.000 0.000 0.000 0.000 0.000 0.000 0.000 0.000 0.000 0.000 0.000 0.000 66.149 122.090 105.020 126.922 105.508
26.945 27.946 28.948 28.951 29.955 29.960 27.967 42.974 45.983 28.992 30.003 30.015 30.029 30.044 30.061 30.081 30.102 30.127 30.156 30.190 36.226 16.265 0.000 0.000 0.000 0.000 0.000 2.755 33.764 29.780 32.803 36.846 48.901 65.945 49.983 18.016 0.000 0.000 0.000 15.432 32.434 35.436 48.438 34.439 44.440 45.439 64.438 68.434 51.431 1.429 0.000 0.000 0.000 0.000 0.000 0.000 0.000 0.000 0.000 0.000 0.000 0.000 0.000 0.000 0.000 0.000 0.000 0.000 0.000 52.391 62.289 63.211 66.137 85.106 104.685
47.977 42.978 37.980 35.984 31.988 27.993 28.000 43.007 46.016 28.026 30.037 30.050 30.065 30.081 30.099 30.119 29.142 28.168 29.197 29.229 29.265 35.304 12.345 0.000 0.000 0.000 0.000 1.745 39.756 33.774 28.800 41.833 64.873 58.910 26.946 0.000 0.000 0.000 0.000 13.416 31.419 36.424 43.428 38.431 43.433 42.434 55.433 49.431 42.429 15.428 0.000 0.000 0.000 0.000 0.000 0.000 0.000 0.000 0.000 0.000 0.000 0.000 0.000 0.000 0.000 0.000 0.000 0.000 29.576 57.492 126.406 90.334 122.212 105.879 103.923
68.010 67.011 63.013 58.017 54.021 49.026 44.033 40.041 35.050 29.060 30.072 30.085 30.100 30.116 29.135 31.156 37.180 42.206 41.235 39.267 33.303 28.343 32.388 38.444 2.479 0.000 0.000 21.726 44.742 35.764 31.789 54.817 66.847 22.878 0.000 0.000 0.000 0.000 0.000 17.399 30.405 35.413 51.420 41.425 34.429 27.430 33.431 51.430 48.429 54.428 0.000 0.000 0.000 0.000 0.000 0.000 0.000 0.000 0.000 0.000 0.000 0.000 0.000 0.000 0.000 0.000 0.000 0.000 64.660 55.596 65.523 88.412 64.579 104.029 95.362
