results4_8e4_rain/res_4e8f-0120.wd
ncols         241
nrows         181
xllcorner     12693529.787448
yllcorner     3542525.717860
cellsize      155.156523
NODATA_value  -9999.000000
[rows 99 to 131 of 181, columns 0 to 72 of 241]
0.000 0.000 0.000 0.000 0.000 59.518 99.518 101.518 92.518 87.517 0.000 0.000 0.000 0.000 0.000 1.516 0.516 67.516 64.516 0.000 0.000 0.514 3.513 62.513 61.512 2.512 0.000 0.000 0.000 9.058 0.000 0.000 0.000 0.000 14.919 60.915 56.905 55.888 56.864 57.837 70.807 59.775 63.740 55.701 57.658 55.613 56.564 61.512 62.458 60.402 64.344 57.284 57.223 59.160 62.095 76.024 76.963 61.915 47.871 0.000 0.000 0.000 0.000 0.000 25.824 80.819 77.809 64.791 39.769 34.748 78.726 55.706 57.686
0.000 0.000 0.000 0.000 0.000 60.519 100.519 100.519 0.000 0.000 0.000 0.000 0.000 0.000 0.000 0.516 12.516 78.516 67.516 5.515 2.515 2.514 65.514 64.513 68.513 0.000 0.000 0.000 0.000 67.058 59.058 0.000 0.000 0.000 73.962 83.957 69.948 62.934 56.915 58.892 77.866 62.835 68.801 68.762 59.720 74.674 66.625 67.573 57.518 65.460 65.401 63.340 57.278 58.215 62.149 59.054 20.990 10.953 0.000 0.000 0.000 0.000 0.000 28.829 65.827 77.823 84.815 74.803 50.788 51.772 65.756 56.739 57.722
5.522 0.000 0.000 0.000 0.000 47.519 96.519 105.520 15.520 0.000 0.000 0.000 0.000 0.000 0.000 0.000 1.516 85.516 66.516 67.516 69.515 66.515 63.514 64.514 62.513 0.513 0.000 0.000 0.000 60.058 60.058 61.057 60.050 60.036 59.011 69.002 77.995 24.986 88.971 78.952 83.928 68.899 13.866 84.828 82.786 81.740 85.690 74.636 57.580 60.520 65.459 65.397 62.334 58.273 47.231 0.000 0.000 0.000 0.000 0.000 0.000 0.000 0.000 38.831 65.832 65.830 76.825 75.818 58.809 58.798 57.786 57.773 57.759
73.522 76.522 8.522 0.000 0.000 57.520 96.520 101.520 111.520 16.520 0.000 0.000 0.000 0.000 7.518 7.518 5.517 22.517 70.516 67.516 85.516 99.515 74.514 59.514 0.000 0.000 0.000 0.000 0.000 0.000 59.060 60.062 60.056 60.048 60.043 59.046 59.046 58.042 59.032 64.016 75.995 69.968 12.935 84.898 85.855 63.809 70.758 87.703 81.644 68.583 58.519 64.455 65.388 68.312 53.272 0.000 0.000 0.000 0.000 0.000 0.000 0.000 0.000 0.836 16.840 62.840 59.838 59.835 57.830 57.824 57.817 57.808 57.797
87.522 70.522 70.522 72.522 74.521 93.521 101.521 101.520 101.520 103.520 77.520 16.520 0.000 65.518 72.518 73.518 35.517 30.517 93.517 101.516 96.516 92.515 75.515 0.000 0.000 0.000 0.000 0.000 0.000 0.000 0.000 60.076 59.064 58.059 59.065 60.093 60.102 60.103 60.098 61.086 80.068 75.042 58.010 59.972 70.929 81.882 58.830 70.774 71.712 64.646 84.581 67.516 59.450 0.395 0.000 0.000 0.000 0.000 0.000 0.000 0.000 0.000 0.000 0.000 8.850 62.851 57.852 57.853 57.854 57.853 57.850 55.845 53.838
102.522 92.522 73.522 77.522 95.522 101.521 101.521 101.521 101.521 96.521 68.520 74.520 2.519 56.519 91.518 99.518 99.518 83.518 98.517 105.517 15.517 0.000 0.000 0.000 0.000 0.000 0.000 0.000 0.000 0.000 0.000 60.102 0.000 0.000 0.000 61.160 60.165 60.170 60.171 61.164 77.148 82.123 59.090 60.051 60.007 77.959 78.908 56.850 64.785 83.708 75.642 53.579 0.000 0.000 0.000 0.000 0.000 0.000 0.000 0.000 0.000 0.000 0.000 0.000 5.860 62.862 57.866 57.872 57.878 56.883 55.885 60.884 61.881
102.522 102.522 97.522 100.522 101.522 101.522 101.521 101.521 101.521 97.521 72.521 89.521 0.000 0.000 69.519 93.519 101.518 102.518 101.518 106.517 9.517 0.000 0.000 0.000 0.000 0.000 0.000 0.000 0.000 0.000 0.000 60.129 0.000 0.000 62.228 60.221 60.230 60.242 60.251 60.250 77.237 82.212 59.177 60.136 60.090 61.041 81.990 75.935 82.868 72.759 53.700 0.000 0.000 0.000 0.000 0.000 0.000 0.000 0.000 0.000 0.000 0.000 0.000 0.000 60.868 57.871 57.878 57.890 57.905 56.915 58.922 62.926 63.928
100.523 101.523 101.523 101.522 101.522 101.522 101.522 101.522 101.522 102.521 97.521 104.521 28.521 7.520 57.519 76.519 99.519 101.518 102.518 90.518 4.518 0.000 0.000 0.000 0.000 0.000 0.000 0.000 0.000 0.000 0.000 54.155 59.181 59.208 58.234 60.267 60.290 60.316 60.341 60.349 77.338 82.310 59.271 60.224 60.175 60.125 65.077 88.031 67.995 0.000 0.000 0.000 0.000 0.000 0.000 0.000 0.000 0.000 0.000 0.000 0.000 0.000 0.000 0.000 13.872 64.876 60.886 61.904 59.937 55.952 62.962 63.971 61.978
97.523 102.523 101.523 101.523 101.523 101.523 101.522 101.522 101.522 101.522 102.521 95.521 79.521 70.520 64.520 91.520 101.519 101.519 106.519 9.519 0.000 0.000 0.000 0.000 0.000 0.000 0.000 0.000 0.000 0.000 0.000 0.000 0.000 0.000 0.000 60.323 60.348 60.392 60.448 60.468 76.456 83.421 60.371 60.316 60.260 60.208 60.161 66.118 19.085 0.000 0.000 0.000 0.000 0.000 0.000 0.000 0.000 0.000 0.000 0.000 0.000 0.000 0.000 0.000 0.000 1.876 0.000 0.000 5.985 64.993 63.004 64.017 61.032
97.524 102.524 101.523 101.523 101.523 101.523 101.523 101.523 101.522 101.522 102.522 87.522 66.521 65.521 74.520 98.520 101.520 101.519 107.519 12.519 3.519 0.000 0.000 0.000 0.000 0.000 0.000 0.000 0.000 0.000 0.000 0.000 0.000 0.000 0.000 56.355 60.386 57.456 60.590 60.619 79.597 83.545 60.477 60.407 60.343 60.287 60.240 57.197 7.141 0.000 0.000 0.000 0.000 0.000 0.000 0.000 0.000 0.000 0.000 0.000 0.000 57.092 0.000 0.000 0.000 0.000 0.000 0.000 61.026 62.032 64.044 64.062 61.087
100.524 101.524 101.524 101.524 101.524 101.524 101.523 101.523 101.523 101.523 101.522 98.522 75.522 76.521 93.521 100.520 101.520 101.520 108.520 25.519 0.000 0.000 0.000 0.000 0.000 0.000 0.000 0.000 0.000 0.000 0.000 0.000 0.000 0.000 0.000 0.000 56.386 0.000 59.839 60.821 88.768 75.685 60.586 60.493 60.416 73.357 63.314 58.289 0.000 0.000 0.000 0.000 0.000 0.000 0.000 0.000 0.000 0.000 0.000 0.000 9.092 68.092 53.092 0.000 0.000 0.000 0.000 62.072 65.061 64.064 61.078 57.101 57.135
101.525 101.525 101.525 101.525 101.524 101.524 101.524 101.524 101.524 101.523 101.523 101.522 103.522 103.522 102.521 101.521 101.520 103.520 92.520 35.520 0.000 0.000 0.000 0.000 0.000 0.000 0.000 0.000 0.000 0.000 0.000 0.000 0.000 0.000 0.000 0.000 0.000 0.000 60.104 61.058 94.970 63.842 60.689 60.562 72.472 81.411 60.372 60.356 59.372 0.000 0.000 0.000 0.000 0.000 0.000 0.000 0.000 0.000 0.000 0.000 0.000 64.092 65.092 52.092 0.000 58.090 60.088 64.083 63.081 61.087 60.102 56.127 64.169
100.525 99.525 101.525 101.525 101.525 101.525 101.525 101.525 101.524 101.524 101.524 101.523 101.522 101.522 101.522 101.521 102.521 85.521 13.520 4.520 62.520 76.520 22.520 0.000 0.000 3.520 0.000 0.000 0.000 0.000 0.000 0.000 0.000 0.000 0.000 2.245 2.227 0.000 56.416 67.337 90.212 61.023 57.768 60.592 60.499 60.442 60.407 60.390 60.389 57.389 0.000 0.000 0.000 0.000 0.000 0.000 0.000 0.000 0.000 0.000 0.000 59.092 55.092 61.092 56.092 64.092 64.091 63.091 59.093 62.101 57.115 56.138 56.178
90.526 90.526 99.526 101.526 101.526 101.526 101.526 101.525 101.525 101.525 101.524 102.524 103.523 101.522 101.522 101.521 101.521 23.521 7.521 62.520 72.520 82.520 81.520 74.520 66.520 7.520 0.000 0.000 0.000 0.000 0.000 0.000 0.000 0.000 2.279 61.262 64.210 64.072 60.807 59.662 68.517 56.270 0.000 56.541 60.489 60.450 60.424 60.409 59.404 0.000 0.000 0.000 0.000 0.000 0.000 0.000 61.091 72.091 0.000 0.000 60.092 58.092 58.092 55.092 63.093 64.093 64.094 61.096 64.101 64.108 62.119 57.133 46.149
72.527 77.527 96.527 102.527 101.527 101.527 101.527 101.526 101.526 101.526 103.525 89.524 85.524 100.523 105.522 102.522 97.521 79.521 82.521 88.521 82.520 83.520 62.520 55.520 1.520 0.000 0.000 0.000 0.000 0.000 0.000 0.000 0.000 0.000 52.296 58.313 61.281 61.199 61.077 60.986 62.925 0.000 0.000 0.000 55.468 60.446 60.430 60.419 60.414 0.000 0.000 0.000 0.000 0.000 0.000 21.091 78.091 60.091 58.091 58.091 58.092 58.092 56.092 61.093 64.093 64.095 60.097 64.100 64.105 63.111 57.119 58.128 48.134
56.527 71.527 90.528 103.528 104.528 104.528 102.528 101.527 102.527 101.527 102.526 40.525 11.524 59.523 77.522 98.522 105.522 103.521 103.521 89.521 12.521 0.000 0.000 0.000 0.000 0.000 0.000 0.000 0.000 7.249 9.249 0.000 0.000 0.000 0.000 57.413 61.401 59.366 60.317 62.282 63.271 0.000 0.000 0.000 0.000 53.438 60.429 60.423 57.418 0.000 0.000 0.000 0.000 0.000 0.000 0.000 20.091 74.091 57.091 57.091 58.091 57.092 57.092 63.093 64.094 62.095 50.098 3.102 68.108 62.113 62.118 62.124 48.127
20.528 42.528 75.529 81.529 75.529 77.529 94.529 102.529 98.528 91.528 90.527 25.527 0.000 0.000 0.000 35.522 70.522 96.522 103.522 0.521 0.000 0.000 0.000 0.000 0.000 0.000 0.000 0.000 0.000 49.249 70.249 15.249 0.249 0.000 0.000 57.525 63.545 62.547 71.542 72.552 62.607 7.770 0.000 0.000 0.000 0.000 57.427 58.425 0.000 0.000 0.000 0.000 0.000 0.000 0.000 0.000 0.000 79.091 82.091 62.091 56.091 54.092 64.092 64.092 59.093 0.000 0.000 0.000 9.111 67.115 64.118 64.121 54.123
0.000 0.000 56.531 65.531 17.531 3.530 66.530 95.530 86.529 82.529 96.529 63.528 23.529 0.000 0.000 0.000 0.000 41.522 72.523 0.000 0.000 0.000 0.000 0.000 0.000 0.000 0.000 0.000 0.000 0.000 54.249 72.249 3.249 0.000 0.000 48.616 62.708 60.736 90.751 83.778 61.835 63.934 10.042 0.000 0.000 0.000 52.427 0.000 0.000 0.000 0.000 0.000 0.000 0.000 0.000 0.000 0.000 0.000 67.091 84.091 69.091 63.092 64.092 59.092 0.000 0.000 0.000 0.000 0.000 59.117 64.118 64.120 59.122
0.000 0.000 52.533 97.533 54.532 3.532 55.531 87.531 89.531 100.530 102.530 105.529 111.529 50.529 19.529 0.000 0.000 0.000 12.524 7.525 0.000 0.524 0.000 0.000 0.000 0.000 0.000 0.000 0.000 0.000 55.249 70.249 0.250 7.251 11.251 0.000 55.934 63.937 93.949 75.975 64.022 63.088 68.149 0.000 0.000 0.000 0.000 0.000 0.000 0.000 0.000 0.000 0.000 0.000 0.000 0.000 0.000 0.000 0.000 5.091 72.091 62.092 60.092 0.000 0.000 0.000 0.000 0.000 58.117 57.117 59.118 53.119 0.000
25.537 40.537 74.535 92.534 100.534 69.533 82.533 105.532 102.532 101.531 101.531 101.530 101.530 107.529 110.529 66.528 25.527 7.526 70.525 84.525 77.525 79.525 35.525 11.524 8.524 0.000 0.000 0.000 0.000 0.000 34.250 56.250 62.250 62.251 65.251 24.252 57.158 86.130 88.131 65.151 63.189 63.245 66.319 11.440 6.493 0.000 0.000 0.000 0.000 0.000 0.000 0.000 0.000 0.000 0.000 0.000 0.000 0.000 0.000 0.000 0.000 0.000 6.092 0.000 0.000 0.000 0.000 60.117 55.117 53.117 0.000 0.000 0.000
98.538 101.537 101.537 99.536 97.535 98.535 100.534 100.534 101.533 102.532 102.532 101.531 94.530 98.530 101.529 105.528 109.527 110.526 102.526 98.525 95.525 90.525 92.525 85.524 41.524 19.524 0.000 0.000 0.000 0.000 0.000 0.000 0.000 0.000 0.000 81.347 70.314 99.295 90.294 77.309 64.340 63.385 63.442 67.508 63.546 0.000 0.000 0.000 0.000 0.000 0.000 0.000 0.000 0.000 0.000 0.000 0.000 0.000 0.000 0.000 0.000 0.000 0.000 0.000 0.000 0.000 0.000 0.000 0.000 0.000 0.000 0.000 0.000
101.539 96.539 94.538 93.538 87.537 84.536 85.536 85.535 91.534 96.533 96.533 89.532 73.531 88.530 101.529 101.528 101.527 101.527 101.526 101.525 102.525 102.525 105.525 106.524 106.524 106.524 45.524 0.000 0.000 0.000 0.000 0.000 0.000 0.000 0.000 53.475 79.457 84.442 68.440 85.451 73.476 63.512 63.556 66.604 9.638 0.000 0.000 0.000 0.000 0.000 0.000 0.000 0.000 0.000 0.000 0.000 0.000 0.000 0.000 0.000 0.000 0.000 0.000 0.000 0.000 0.000 0.000 0.000 0.000 0.000 0.000 0.000 0.000
71.540 44.540 66.540 80.539 78.539 58.538 43.537 39.536 59.536 76.535 75.534 68.533 63.532 73.531 94.529 102.528 101.527 101.527 101.526 101.525 101.525 105.525 80.525 68.524 67.524 71.524 74.524 13.524 2.524 0.000 0.000 0.000 0.000 0.000 0.000 51.621 87.598 70.577 62.572 72.580 83.601 67.631 63.668 63.712 69.764 13.854 7.895 0.000 0.000 0.000 0.000 0.000 0.000 0.000 0.000 0.000 0.000 0.000 0.000 0.000 0.000 0.000 0.000 0.000 0.000 0.000 0.000 0.000 0.000 0.000 0.000 0.000 0.000
61.542 32.542 54.542 69.541 65.540 42.540 28.539 32.538 52.537 66.536 64.535 64.534 65.532 63.531 82.530 99.529 101.527 101.526 101.526 101.525 100.525 63.525 0.000 0.000 0.000 0.000 0.000 0.000 0.000 57.955 77.955 29.954 15.951 11.939 58.894 75.790 92.736 69.696 63.690 61.698 78.716 80.742 66.774 63.811 63.853 66.902 75.937 13.967 8.974 0.000 0.000 0.000 0.000 0.000 0.000 0.000 0.000 0.000 0.000 0.000 0.000 0.000 0.000 0.000 0.000 0.000 0.000 0.000 0.000 0.000 0.000 0.000 0.000
74.544 70.544 65.544 64.543 65.542 67.542 68.541 71.540 70.539 66.537 65.536 65.535 65.533 64.532 71.530 93.529 102.527 101.526 103.525 75.525 41.525 0.000 0.000 0.000 0.000 0.000 0.000 0.000 0.000 22.955 44.956 47.957 51.960 65.972 62.954 83.908 80.860 54.783 61.793 63.805 65.824 78.848 70.875 65.905 63.936 62.965 79.983 70.989 64.981 0.000 0.000 0.000 0.000 0.000 0.000 0.000 0.000 0.000 0.000 0.000 0.000 0.000 0.000 0.000 0.000 0.000 0.000 0.000 0.000 0.000 0.000 0.000 0.000
64.546 65.546 65.546 65.545 65.545 65.544 65.543 65.542 65.540 65.539 65.537 65.536 65.534 65.532 63.530 84.529 101.527 103.525 99.524 25.524 0.000 0.000 0.000 0.000 0.000 0.000 0.000 0.000 0.000 0.000 0.000 0.000 0.000 50.035 67.042 93.029 67.012 0.000 49.893 64.907 62.927 66.949 67.973 76.997 66.020 64.037 63.042 59.025 0.003 0.000 0.000 0.000 0.000 0.000 0.000 0.000 0.000 0.000 0.000 0.000 0.000 0.000 0.000 0.000 0.000 0.000 0.000 0.000 0.000 0.000 0.000 0.000 23.891
65.549 65.548 65.548 65.548 65.547 65.546 65.545 64.544 64.542 65.541 65.539 65.537 65.535 65.533 64.531 72.529 87.526 98.524 86.523 12.522 0.000 0.000 0.000 0.000 0.000 0.000 0.000 0.000 0.000 0.000 0.000 0.000 0.000 27.092 76.149 101.154 11.148 0.000 47.979 66.003 64.028 63.050 71.071 82.092 70.110 64.123 68.125 1.078 0.000 0.000 0.000 0.000 0.000 0.000 0.000 0.000 0.000 0.000 0.000 0.000 0.000 0.000 0.000 0.000 0.000 0.000 0.000 0.000 0.000 0.000 0.000 0.000 80.968
65.551 65.551 65.551 65.550 65.549 65.548 65.547 69.546 70.544 66.542 65.541 65.538 65.536 65.534 65.531 64.528 67.526 76.523 76.521 17.520 0.000 0.000 0.000 0.000 0.000 0.000 19.118 0.000 0.000 0.000 0.000 0.000 0.000 0.000 80.307 95.290 18.278 0.000 32.039 63.100 64.130 64.151 63.170 68.188 70.205 66.219 68.227 0.000 0.000 0.000 0.000 0.000 0.000 0.000 0.000 0.000 0.000 0.000 0.000 0.000 0.000 0.000 0.000 0.000 0.000 0.000 0.000 0.000 0.000 0.000 0.000 65.189 74.098
65.554 65.554 65.553 65.553 65.552 65.551 64.550 76.548 81.546 68.545 65.542 65.540 65.537 65.535 65.532 65.528 65.525 64.521 67.518 48.516 0.000 0.000 0.000 0.000 0.000 61.119 82.119 44.116 35.107 34.094 0.000 0.000 0.000 61.596 103.482 77.422 77.396 4.419 0.000 49.229 66.241 64.255 64.270 62.286 78.303 82.321 76.337 0.000 0.000 0.000 0.000 0.000 0.000 0.000 0.000 0.000 0.000 0.000 0.000 0.000 0.000 0.000 0.000 0.000 0.000 0.000 0.000 0.000 0.000 0.000 39.355 90.282 76.206
65.557 65.557 65.556 65.556 65.555 65.554 64.552 77.551 83.549 67.547 65.545 65.542 65.539 65.536 65.532 65.528 65.524 65.520 65.515 71.509 42.502 0.000 0.000 0.000 1.120 24.120 39.120 61.123 69.110 73.082 47.026 22.952 57.852 95.711 93.603 73.520 55.465 13.442 0.000 49.345 66.350 65.358 68.369 63.383 72.400 95.424 92.463 37.547 1.610 17.632 0.000 0.000 0.000 0.000 0.000 0.000 0.000 0.000 0.000 0.000 0.000 0.000 0.000 0.000 0.000 0.000 0.000 0.000 0.000 0.000 76.428 132.375 115.312
62.560 63.560 64.560 64.559 65.558 65.557 63.555 78.554 81.552 64.550 65.547 65.544 65.541 65.537 65.533 65.529 65.524 65.518 65.512 65.504 71.495 51.483 2.474 0.000 0.000 0.000 0.000 37.146 68.129 64.096 67.045 70.978 82.893 99.792 83.698 51.591 1.532 0.000 0.000 48.456 65.456 68.459 81.465 67.476 77.491 78.513 97.546 101.592 84.631 34.652 0.000 0.000 0.000 0.000 0.000 0.000 0.000 0.000 0.000 0.000 0.000 0.000 0.000 0.000 0.000 0.000 0.000 0.000 0.000 62.645 72.553 73.482 76.415
83.564 78.564 73.563 71.563 67.562 63.560 63.559 78.557 81.555 63.553 65.550 65.547 65.543 65.539 65.535 65.530 64.524 63.518 64.510 64.502 64.491 70.479 47.465 24.451 0.000 0.000 0.000 36.186 74.163 68.128 63.081 76.023 98.950 92.867 60.806 0.000 0.000 0.000 0.000 46.567 64.559 69.556 76.557 71.564 76.575 75.592 88.615 82.643 75.670 48.691 3.716 0.000 0.000 0.000 0.000 0.000 0.000 0.000 0.000 0.000 0.000 0.000 0.000 0.000 9.433 0.000 0.000 5.814 39.814 67.737 136.657 100.592 132.477
103.568 102.568 98.567 93.566 89.565 84.564 79.563 75.561 70.558 64.556 65.553 65.550 65.546 65.542 64.537 66.532 72.526 77.519 76.510 74.501 68.489 63.475 67.459 73.436 37.402 18.363 22.315 56.250 79.209 70.171 66.129 89.080 101.019 56.919 1.865 0.000 0.000 9.772 16.748 50.685 63.659 68.647 84.644 74.647 67.654 60.664 66.679 84.696 81.713 87.728 6.742 0.000 0.000 0.000 0.000 0.000 0.000 0.000 0.000 0.000 0.000 0.000 0.000 0.000 6.433 0.000 0.000 0.000 74.892 65.830 75.761 98.655 74.828
