results4_8e4_rain/res_4e8f-0236.wd
ncols         241
nrows         181
xllcorner     12693529.787448
yllcorner     3542525.717860
cellsize      155.156523
NODATA_value  -9999.000000
[rows 66 to 98 of 181, columns 73 to 145 of 241]
71.967 35.952 0.000 61.116 78.092 77.059 77.030 0.000 48.421 48.405 61.418 57.428 56.408 56.361 55.292 131.192 119.018 0.000 0.000 0.000 51.729 46.665 51.569 54.505 54.452 56.403 57.354 62.296 63.242 64.197 55.166 0.000 0.000 52.463 102.463 84.377 88.243 88.334 86.388 94.306 86.799 87.279 88.018 86.792 86.570 87.366 57.212 0.000 0.000 0.000 0.000 0.000 0.000 0.000 43.816 41.791 41.750 41.695 41.628 41.558 45.483 58.405 55.327 40.250 51.176 60.102 39.029 41.956 47.884 52.812 48.742 42.672 40.605
56.970 62.937 0.771 49.346 73.302 72.270 66.272 19.358 0.000 0.000 54.498 67.578 56.578 55.546 56.502 37.459 0.000 0.000 0.000 0.000 0.000 0.000 62.500 60.473 58.439 41.396 44.347 51.291 52.250 57.218 48.192 0.000 0.000 0.000 62.705 80.614 87.552 87.646 94.731 94.525 86.870 87.559 87.271 87.061 86.851 81.664 39.531 0.000 3.719 36.719 0.000 0.000 0.000 49.899 44.863 41.827 41.783 41.730 41.668 41.601 41.529 41.455 48.380 62.305 63.231 46.158 40.085 41.013 41.942 45.872 44.802 40.734 40.666
58.985 57.916 62.786 60.592 74.498 67.448 68.430 65.444 0.000 0.000 0.000 69.807 64.779 59.743 61.709 8.685 0.000 0.000 0.000 0.000 0.000 0.000 61.458 57.448 48.435 0.000 0.000 49.270 61.250 60.234 0.000 0.000 8.413 65.293 57.039 60.861 67.939 83.000 94.922 86.607 88.163 87.727 87.539 87.322 85.109 67.906 46.719 52.719 50.719 31.719 0.000 0.000 0.000 7.935 58.908 40.871 41.826 45.773 53.713 43.648 41.578 40.506 44.433 59.359 66.286 58.213 44.141 39.070 41.000 40.931 40.862 40.794 39.727
59.031 56.955 60.854 71.737 65.651 58.593 77.557 66.544 18.561 0.000 12.212 62.064 77.988 72.939 72.906 75.887 0.000 0.000 0.000 0.000 7.410 7.415 59.427 50.425 53.419 0.000 0.000 0.000 97.246 124.233 39.217 0.000 64.533 59.429 59.266 59.173 55.255 95.274 95.103 87.652 91.259 88.006 87.798 87.584 79.358 32.132 0.000 54.719 32.719 0.000 0.000 0.000 47.043 45.999 44.963 40.923 44.876 56.823 61.763 59.699 52.630 42.559 51.486 59.412 38.339 44.267 57.196 54.126 50.057 57.989 38.921 40.854 38.786
57.093 63.021 72.938 64.851 56.776 56.714 69.662 77.614 73.578 76.503 78.361 73.248 68.171 70.120 59.087 58.071 0.000 0.000 0.000 8.403 64.406 63.408 51.410 53.406 54.396 58.375 57.362 0.000 8.253 2.237 1.186 10.938 70.757 63.623 58.460 59.550 57.595 95.430 57.267 64.857 79.454 87.275 88.062 85.856 44.607 0.000 0.000 0.000 0.000 0.000 0.000 48.113 42.087 42.056 42.022 42.981 52.934 61.879 60.819 60.754 56.684 52.612 62.539 45.466 40.392 41.320 41.249 51.180 64.113 51.046 38.980 39.914 45.846
63.163 74.097 64.026 56.954 57.887 57.826 59.764 43.671 69.634 67.571 59.480 56.395 55.329 71.282 73.252 60.238 0.000 0.000 0.000 64.401 60.401 57.401 50.399 54.394 54.384 54.368 54.348 13.316 16.277 17.247 19.199 87.073 83.939 72.807 71.761 60.758 95.707 95.574 59.318 65.968 60.744 67.548 86.322 61.172 0.000 0.000 0.000 0.000 0.000 0.000 0.000 48.139 42.135 42.117 42.086 43.046 51.998 61.942 60.880 59.812 56.741 61.668 55.593 39.518 41.444 41.372 41.301 51.233 59.167 38.103 41.040 43.975 62.907
74.239 64.179 57.116 58.052 57.991 58.938 39.898 0.000 26.718 54.666 57.594 57.523 57.467 55.428 79.402 63.390 0.000 0.000 0.000 41.399 58.396 52.395 53.392 54.386 54.377 54.364 54.347 65.323 5.292 9.275 26.285 79.215 89.112 11.000 92.921 83.112 95.823 57.887 71.532 68.176 58.047 54.852 51.504 36.338 0.000 0.000 43.714 0.000 0.000 0.000 0.000 44.169 42.198 42.189 42.161 42.120 43.070 49.011 56.946 56.875 56.801 60.724 38.647 41.570 41.495 40.422 46.351 63.284 46.220 40.159 43.101 24.041 24.958
64.321 57.265 58.206 58.146 58.089 61.037 16.992 14.956 7.853 52.780 57.709 59.635 57.590 56.559 74.539 70.530 0.000 0.000 0.000 0.000 49.391 52.390 54.387 54.382 54.375 54.365 56.353 42.338 0.000 0.000 76.453 79.388 90.297 96.168 90.271 88.309 95.922 78.934 81.638 66.480 59.386 52.312 0.000 0.000 0.000 0.000 41.714 0.000 0.000 0.000 0.000 0.251 45.297 42.281 42.248 42.204 42.149 42.087 42.017 48.942 56.863 44.782 41.701 41.621 41.543 44.468 57.398 57.331 39.269 41.213 44.165 11.130 0.000
57.406 58.352 58.296 58.239 58.182 58.128 62.076 63.024 62.957 58.893 58.825 38.719 55.698 56.678 72.665 71.661 0.000 0.000 0.000 0.000 48.388 54.387 54.384 54.380 54.375 54.369 42.361 0.000 0.000 4.818 81.685 87.589 90.489 90.436 89.514 96.056 88.414 91.131 85.820 70.762 60.702 59.698 59.832 0.000 0.000 0.000 38.714 45.714 38.714 0.000 0.000 0.000 60.416 41.388 42.348 42.297 42.238 43.169 42.093 42.012 41.926 41.839 41.753 41.669 40.588 46.512 61.440 38.374 41.313 41.259 43.214 18.183 0.000
58.496 58.443 58.387 58.331 58.273 58.216 58.160 58.107 58.057 58.012 61.977 0.000 48.805 57.792 73.782 68.788 4.834 0.000 0.000 0.000 53.386 56.385 56.382 56.380 54.376 57.373 0.000 0.000 0.000 73.951 79.879 90.794 90.676 90.784 88.834 96.260 89.545 94.189 90.081 91.015 78.966 66.947 55.966 50.966 52.966 0.000 0.000 44.715 39.714 45.708 46.693 44.654 50.562 60.508 42.457 43.400 52.334 59.259 41.176 42.085 41.991 41.897 41.803 40.714 45.629 64.550 58.477 47.411 40.351 41.297 43.249 58.206 76.159
58.588 58.535 58.480 58.423 58.364 58.302 58.242 61.188 59.152 58.120 62.096 0.000 48.925 57.902 74.882 66.874 6.881 0.000 0.000 0.000 26.385 36.384 35.381 35.380 56.377 41.375 0.000 0.000 0.000 76.156 86.089 91.002 90.960 90.065 96.879 96.587 90.607 91.451 90.309 90.253 91.199 82.156 47.120 0.000 0.000 0.000 0.000 42.716 42.718 39.718 41.716 42.708 41.669 48.624 62.573 45.512 43.441 53.358 41.264 42.163 42.057 41.952 41.850 41.753 49.664 62.582 49.508 61.442 39.382 40.328 45.279 66.233 78.184
58.682 58.629 58.575 58.518 58.457 61.387 63.318 35.250 56.243 59.219 61.191 21.165 52.067 57.011 68.970 66.945 7.935 0.000 0.000 0.000 0.000 0.000 2.380 2.380 37.379 0.000 0.000 0.000 24.592 74.426 91.321 91.203 91.320 89.406 97.145 89.188 94.896 90.592 90.547 90.481 90.422 80.357 41.239 0.000 0.000 0.000 0.000 0.000 45.723 46.729 33.746 41.793 42.782 42.747 46.697 62.635 45.558 42.467 42.361 42.244 42.123 42.004 39.892 45.786 64.691 45.606 44.531 58.466 42.407 40.355 47.307 73.261 78.215
58.778 58.725 58.672 58.618 60.558 36.471 38.394 0.000 18.352 54.322 58.283 62.237 58.169 61.104 66.041 71.000 9.980 0.000 0.000 0.000 0.000 3.380 55.380 62.380 0.000 0.000 0.000 7.876 83.758 85.639 91.534 91.491 90.610 97.624 97.393 90.247 90.963 90.836 90.768 90.705 89.651 69.612 0.000 0.000 0.000 0.000 0.000 0.000 0.000 37.729 0.000 48.935 45.919 41.885 41.835 43.771 60.691 49.591 41.470 42.329 42.186 41.051 45.925 47.810 46.707 43.619 41.545 41.482 41.427 42.377 55.332 77.290 78.249
58.873 58.821 58.771 58.724 63.686 1.670 0.000 24.581 16.491 50.434 59.383 57.330 59.267 71.196 43.091 37.032 2.006 0.000 0.000 0.000 0.000 53.380 59.380 61.380 0.000 0.000 0.000 70.993 75.925 89.838 91.722 91.853 89.949 97.838 89.741 91.419 91.114 91.057 90.983 90.920 82.865 59.828 0.000 0.000 0.000 0.000 0.000 0.000 0.000 0.000 0.000 53.094 48.075 42.038 39.988 42.923 42.842 58.738 51.599 42.415 43.242 41.088 47.949 47.822 44.707 38.619 41.549 41.491 43.440 57.395 76.355 78.318 81.284
59.966 57.914 57.865 57.823 60.790 30.775 27.750 59.670 64.599 58.540 56.485 63.431 73.374 76.323 0.252 0.000 0.000 0.000 0.000 0.000 0.000 21.380 28.380 30.380 0.000 0.000 0.000 73.179 81.115 91.027 92.019 91.058 98.231 98.040 90.769 91.476 91.339 91.263 91.191 91.125 73.063 55.007 0.000 0.000 0.000 0.000 0.000 0.000 0.000 0.000 0.000 51.272 49.247 49.206 46.154 39.091 41.016 41.918 57.774 57.490 54.280 51.109 43.960 42.821 39.681 40.601 41.541 45.491 65.448 77.409 77.374 78.343 77.316
74.055 73.002 71.954 69.912 66.875 67.844 67.806 64.751 65.694 67.640 67.588 73.535 75.477 33.400 0.000 0.000 0.000 0.000 0.000 0.000 0.000 0.000 0.000 0.000 0.000 11.686 19.608 74.428 91.321 92.230 92.180 91.408 98.409 90.240 91.918 91.607 91.544 91.464 91.393 89.326 71.253 42.130 0.000 0.000 0.000 0.000 0.000 0.000 0.000 0.000 0.000 41.476 45.436 48.385 49.331 48.273 45.211 41.146 35.087 0.000 0.000 0.000 0.000 0.000 43.597 41.563 44.524 65.486 78.451 77.418 78.389 81.364 77.343
70.138 72.086 71.038 72.995 74.956 73.918 72.879 70.833 68.786 68.739 69.692 65.644 65.599 0.000 0.000 0.000 0.000 0.000 0.000 0.000 0.000 0.000 0.000 0.000 0.000 60.765 83.708 82.606 91.513 92.401 92.528 90.631 98.575 92.332 91.939 91.817 91.734 91.659 91.591 87.534 67.494 0.000 0.000 0.000 0.000 0.000 0.000 0.000 0.000 0.000 48.867 43.719 40.634 42.568 47.511 49.458 49.410 50.369 41.342 0.000 0.000 0.000 0.000 0.000 44.546 42.529 58.505 79.477 77.450 77.425 77.401 78.381 77.364
58.216 58.165 59.118 66.074 75.034 80.996 68.957 62.917 57.877 55.837 54.797 60.751 39.675 0.000 0.000 0.000 0.000 0.000 0.000 0.000 0.000 0.000 0.000 0.000 0.000 66.900 82.854 90.778 92.692 92.659 91.789 98.869 98.728 94.348 92.156 91.996 91.920 91.844 91.778 86.726 61.694 0.000 0.000 0.000 0.000 0.000 0.000 0.000 0.000 49.137 44.014 43.900 43.813 42.744 39.686 44.639 48.602 49.577 46.569 0.000 0.000 0.000 0.000 47.501 41.511 45.504 73.488 77.469 77.449 77.429 77.410 77.394 77.380
57.290 57.239 61.193 66.150 68.111 71.073 61.037 57.002 57.968 57.936 59.908 37.887 0.000 0.000 0.000 0.000 0.000 0.000 0.000 0.000 0.000 0.000 0.000 0.000 0.000 53.082 82.029 91.959 92.857 92.987 91.096 98.999 91.892 93.568 92.250 92.185 92.099 92.021 91.952 82.896 55.863 0.000 0.000 0.000 0.000 0.000 0.000 0.000 48.372 44.259 44.152 44.055 43.974 43.907 43.852 40.810 39.780 42.769 49.789 49.877 0.000 0.000 0.000 41.492 42.493 60.487 77.476 76.462 76.447 77.431 77.417 77.404 77.393
57.358 57.310 59.265 60.224 58.185 57.149 58.116 57.085 57.057 57.032 62.013 7.001 0.000 0.000 0.000 0.000 0.000 0.000 0.000 0.000 0.000 0.000 0.000 0.000 4.450 61.315 90.226 93.142 93.112 92.242 99.235 99.121 94.889 92.591 92.447 92.358 92.272 92.189 93.112 73.045 60.997 0.000 0.000 47.973 0.000 47.744 49.700 49.617 44.485 44.377 44.281 44.194 44.120 44.057 44.006 43.967 42.941 39.931 48.939 49.965 42.965 0.000 0.000 49.482 41.480 49.475 55.467 58.457 62.445 68.433 74.421 76.411 76.403
58.423 58.376 58.333 58.294 58.257 57.223 57.192 57.165 57.141 56.123 64.110 15.104 0.000 0.000 0.000 0.000 0.000 0.000 0.000 0.000 0.000 0.000 0.000 0.000 45.585 81.502 92.417 93.306 93.446 91.538 99.338 92.338 94.014 92.699 92.624 92.530 92.440 92.352 93.264 65.172 43.085 0.000 0.000 43.973 0.000 42.787 44.740 44.666 44.573 44.483 44.399 44.322 44.254 44.196 44.148 44.111 42.086 44.073 50.073 47.079 0.000 0.000 0.000 48.474 47.471 46.467 45.460 44.452 43.443 47.434 58.425 54.417 56.411
56.484 56.440 56.399 56.361 56.326 56.294 56.266 57.241 59.221 61.207 36.200 3.201 0.000 0.000 0.000 0.000 0.000 0.000 0.000 3.822 12.813 0.000 0.000 15.944 56.803 87.696 93.593 93.582 92.609 99.517 99.432 95.328 93.034 92.886 92.793 92.699 92.606 92.514 88.420 35.296 0.000 0.000 0.000 43.973 49.954 44.878 44.807 44.733 44.658 44.583 44.510 44.441 44.379 44.324 44.279 44.244 41.219 50.204 50.199 46.200 0.000 0.000 0.000 47.467 46.465 47.461 47.455 47.449 47.442 47.434 46.427 46.421 45.416
57.541 57.500 60.461 64.425 67.392 71.362 73.335 76.313 75.295 67.284 5.283 16.299 40.352 8.376 0.000 0.000 0.000 0.000 0.000 43.830 70.805 10.765 0.000 50.086 82.987 92.878 93.777 93.707 92.930 99.591 91.762 93.449 93.133 93.058 92.961 92.867 92.772 93.679 80.604 0.000 0.000 0.000 0.000 23.992 44.011 44.962 46.878 46.803 44.743 44.680 44.616 44.554 44.495 44.444 44.400 41.366 46.341 49.325 50.319 41.321 0.000 0.000 0.000 31.464 52.460 52.456 49.451 46.446 46.440 47.434 48.429 48.424 47.420
59.595 58.556 65.520 74.486 75.455 74.426 73.401 72.379 69.362 63.352 38.350 55.359 73.381 42.400 26.420 2.428 0.000 0.000 14.902 53.863 67.811 6.726 25.563 67.327 92.178 95.061 93.902 94.113 92.089 99.653 93.746 93.461 93.313 93.222 93.129 93.035 92.936 94.824 38.714 0.000 0.000 0.000 0.000 0.000 40.137 46.083 26.939 26.857 43.829 44.780 44.721 44.661 44.605 44.556 43.513 41.478 50.453 50.437 47.432 41.444 47.493 0.000 0.000 0.000 63.455 78.452 71.448 67.444 63.439 59.434 62.430 62.426 45.423
59.646 59.611 62.577 65.545 64.515 62.487 60.462 58.441 56.423 56.411 65.405 67.406 64.414 61.423 65.431 13.436 0.000 0.000 54.942 84.909 35.851 31.763 65.635 89.480 94.347 94.202 94.319 92.274 99.736 92.149 93.863 93.550 93.479 93.386 93.297 93.209 96.113 52.969 0.000 0.000 0.000 0.000 0.000 0.000 42.316 47.293 0.000 0.000 40.938 44.889 44.827 44.766 44.709 44.660 41.617 49.582 50.555 49.537 40.528 44.530 44.542 0.000 0.000 0.000 31.453 61.450 79.446 78.441 78.438 78.434 78.431 72.428 62.425
59.696 59.663 59.632 58.601 58.573 59.546 59.521 59.499 57.479 58.463 63.452 66.446 62.445 57.446 60.448 15.448 0.000 0.000 47.013 56.981 34.922 67.840 82.735 91.615 94.497 94.427 93.524 100.104 99.874 93.138 93.866 93.724 93.636 93.548 93.465 93.390 96.339 0.000 0.000 11.703 20.703 0.000 0.000 43.612 46.517 45.480 52.499 1.407 41.095 45.011 44.933 44.865 44.807 42.757 44.714 50.678 50.649 42.628 43.614 44.606 44.604 0.000 0.000 0.000 0.000 0.000 61.442 77.439 77.436 77.433 77.431 78.429 78.427
59.745 59.715 59.685 59.656 59.628 59.602 59.577 58.553 57.531 61.512 65.495 65.482 60.474 56.469 61.465 14.461 0.000 0.000 43.118 12.077 59.017 82.940 88.848 94.753 94.602 94.810 92.799 100.309 92.555 94.266 93.953 93.884 93.793 93.707 93.624 100.546 84.513 0.000 7.702 57.703 43.703 0.000 0.000 38.707 46.661 45.612 45.558 51.451 49.267 48.128 45.027 44.955 44.897 41.847 49.803 50.766 46.736 41.712 44.692 44.676 46.663 50.674 0.000 0.000 0.000 0.000 0.000 74.436 77.435 77.433 77.431 78.429 76.428
59.796 59.767 59.738 59.710 59.683 59.656 58.631 57.606 59.582 63.557 66.533 62.513 57.499 56.490 59.483 41.469 28.440 29.377 25.264 26.194 66.127 87.055 92.975 94.864 95.001 92.990 100.668 100.496 93.557 94.270 94.124 94.035 93.947 93.862 98.776 41.659 56.655 26.692 57.702 65.704 0.000 0.000 0.000 37.849 46.809 45.749 45.670 55.556 66.395 40.205 50.093 46.031 42.978 44.930 50.886 49.849 40.817 43.790 44.768 44.743 31.697 32.686 0.000 0.000 0.000 0.000 0.000 55.434 76.433 77.432 77.431 81.430 77.429
59.847 59.819 59.791 59.763 59.736 59.710 57.685 57.659 61.632 68.602 69.566 65.539 60.521 58.511 58.505 60.495 60.472 69.429 10.366 44.306 82.245 89.177 95.104 95.069 94.199 100.976 100.827 93.911 94.691 94.353 94.279 94.184 94.097 94.019 101.960 0.000 39.756 41.719 31.709 33.706 0.000 0.000 0.303 41.030 46.976 45.904 51.817 67.708 44.552 0.000 31.111 44.096 42.055 50.009 50.964 46.925 43.892 44.865 44.845 46.832 0.000 0.000 0.000 0.000 0.000 0.000 47.433 28.433 67.432 77.432 77.431 82.430 77.430
59.898 59.870 59.843 59.816 59.789 58.763 57.738 59.713 66.686 43.653 19.591 18.555 15.534 45.526 62.534 57.533 60.523 41.501 3.465 49.420 87.366 93.313 95.199 95.441 93.462 101.113 94.242 95.018 94.586 94.526 94.421 94.328 94.239 95.156 93.085 15.030 14.893 0.000 0.000 0.000 0.000 0.000 40.407 48.260 46.161 45.073 64.987 68.908 0.000 0.000 1.224 40.186 46.138 51.085 51.036 40.994 44.960 44.934 44.916 47.907 0.000 0.000 0.000 0.000 0.000 0.000 26.433 0.000 55.431 77.431 77.431 83.430 77.430
59.949 59.922 59.895 59.868 58.842 57.816 59.791 62.768 70.748 29.732 0.000 0.000 0.000 0.000 44.571 59.580 60.587 46.588 48.572 74.540 91.499 95.422 95.594 93.614 101.355 101.239 95.220 94.913 94.764 94.660 94.561 94.466 94.373 97.282 82.195 11.112 0.000 0.000 0.000 0.000 0.000 1.763 40.559 47.441 46.336 44.241 72.149 33.028 0.000 0.000 46.403 51.306 51.226 51.158 49.102 44.056 45.020 44.995 44.979 46.973 0.046 51.066 3.066 0.000 0.000 0.000 0.000 0.000 48.431 77.431 77.430 77.430 77.430
59.999 59.973 59.946 59.920 58.893 57.867 61.843 65.821 69.804 27.795 0.000 0.000 0.000 0.000 24.599 67.627 62.657 68.693 81.696 90.673 94.633 95.638 94.787 101.560 101.461 94.553 95.327 94.983 94.899 94.794 94.697 94.602 98.507 61.404 33.299 0.000 0.000 0.000 0.000 0.000 3.041 42.918 47.748 46.611 48.499 45.407 69.339 0.000 0.000 41.723 48.550 64.410 53.302 50.220 46.156 44.107 44.071 45.046 45.032 45.032 50.057 46.066 37.066 0.000 0.000 0.000 44.430 46.430 45.430 77.430 77.430 77.430 77.430
60.049 60.024 59.998 59.971 57.944 59.918 65.892 66.869 64.853 51.848 12.865 0.000 0.000 0.000 0.000 20.674 16.720 56.831 87.845 91.823 95.762 95.930 94.053 101.649 93.863 95.640 95.205 95.138 97.025 95.924 94.829 94.739 100.649 23.526 0.000 0.000 0.000 0.000 0.000 24.270 63.164 63.046 50.904 47.756 58.643 53.549 54.462 15.374 3.198 39.896 44.665 55.481 51.353 55.263 49.196 52.146 51.110 48.085 45.071 44.067 44.072 50.075 0.000 0.000 0.000 0.000 41.430 41.430 51.430 77.430 77.430 77.430 77.430
