results4_8e4_rain/res_4e8f-0166.wd
ncols         241
nrows         181
xllcorner     12693529.787448
yllcorner     3542525.717860
cellsize      155.156523
NODATA_value  -9999.000000
[rows 99 to 131 of 181, columns 73 to 145 of 241]
59.564 59.540 59.515 58.490 58.463 63.435 66.407 63.381 59.361 59.351 53.353 9.359 0.000 0.000 0.000 0.000 0.000 14.586 72.553 97.509 95.502 94.659 101.328 101.258 94.360 95.058 94.906 94.798 95.695 95.597 94.509 98.435 57.383 0.000 0.000 0.000 0.000 0.000 0.000 33.706 59.633 71.519 39.381 21.172 51.078 53.995 51.905 55.789 52.582 50.255 19.924 44.681 48.554 63.468 69.406 72.359 70.325 65.301 58.285 53.277 48.272 26.264 0.000 0.000 0.000 0.000 20.701 38.701 50.701 74.701 75.701 75.701 75.701
59.613 59.591 58.567 56.541 60.513 65.484 66.451 66.414 60.387 57.371 62.365 62.364 23.365 0.000 17.221 47.168 24.055 3.855 60.760 100.639 95.889 95.905 101.388 93.672 95.461 95.116 95.030 94.920 94.814 94.715 96.627 95.558 31.515 0.000 0.000 0.000 0.000 0.000 2.025 37.870 43.784 54.695 3.623 0.000 46.199 54.140 53.048 56.919 56.728 27.492 0.000 39.584 53.526 58.463 79.411 80.372 80.342 81.320 82.306 80.297 61.293 0.000 0.000 0.318 0.000 0.000 0.000 37.700 50.700 74.700 75.700 75.700 75.700
59.664 58.643 58.620 61.594 64.566 65.535 40.498 4.438 33.402 69.381 42.372 16.368 8.367 0.000 28.273 78.229 75.142 67.027 85.907 97.058 94.046 101.470 94.953 95.759 95.327 95.263 95.147 95.039 94.928 95.820 93.727 81.655 28.604 1.587 0.000 0.000 0.000 2.257 41.152 48.033 45.937 46.853 19.792 0.000 52.380 70.316 63.228 58.111 32.919 0.000 0.000 22.545 12.505 52.445 77.406 81.375 79.351 79.333 79.320 81.312 54.310 48.316 48.318 54.319 0.000 0.000 0.000 14.700 49.699 74.699 75.699 75.699 75.699
58.717 57.699 62.676 65.650 65.621 65.592 30.570 0.000 0.390 12.379 3.376 0.000 0.000 0.000 21.371 84.331 90.260 98.173 98.132 95.257 101.809 101.600 94.920 95.631 95.483 95.375 95.268 95.158 95.040 100.911 50.806 18.730 2.657 0.318 5.738 8.703 0.000 32.348 50.272 46.174 46.078 44.987 50.902 16.812 45.624 71.517 70.436 68.377 0.000 0.000 0.000 0.000 0.000 50.407 79.391 83.372 80.354 79.340 77.329 66.322 47.319 43.320 44.320 28.319 0.000 0.000 0.000 0.000 45.698 74.698 75.698 75.698 71.698
57.774 63.758 65.736 65.709 63.677 69.641 39.619 0.000 0.000 0.000 0.000 0.000 0.000 0.000 32.509 90.462 93.401 97.278 96.514 96.527 101.997 94.306 96.012 95.688 95.603 95.494 95.390 99.284 105.165 59.977 28.855 3.802 0.000 0.000 0.000 5.669 33.634 56.511 50.414 43.314 48.214 52.115 49.016 46.911 60.787 64.692 54.623 62.584 0.000 0.000 0.000 0.000 0.000 56.386 80.378 85.367 84.354 80.343 75.334 44.329 42.325 43.323 50.323 0.000 0.000 0.000 0.000 39.697 43.697 72.697 75.697 75.697 69.697
64.835 65.822 65.801 64.773 42.737 8.675 27.647 29.647 0.000 0.000 0.000 0.000 0.000 23.811 76.693 90.616 93.520 95.678 96.688 102.328 102.169 95.282 95.984 95.823 95.718 95.612 99.512 61.424 21.358 0.000 38.836 24.821 0.000 0.000 0.000 0.000 41.723 75.650 66.556 61.455 56.350 57.243 55.136 56.028 68.923 62.839 46.780 48.753 0.000 0.000 0.000 0.000 0.000 56.374 84.369 49.362 47.353 79.344 82.337 52.332 43.329 48.327 18.325 0.000 0.000 0.000 0.000 12.697 39.697 57.697 73.697 76.696 69.696
65.903 65.893 61.874 65.846 47.824 0.000 18.647 48.647 0.000 0.000 0.000 0.000 14.025 75.930 89.837 95.758 95.730 95.872 102.611 102.474 94.610 96.385 96.035 95.945 95.832 95.724 99.623 71.541 3.486 0.000 8.831 11.826 0.000 0.000 0.000 0.000 28.884 60.808 65.708 75.599 71.487 59.372 62.256 71.142 66.040 53.959 45.908 46.893 20.939 21.951 0.000 0.000 0.000 54.365 88.363 2.360 0.000 28.342 75.338 65.335 46.332 25.329 0.000 0.000 0.000 0.000 0.000 0.000 12.697 36.696 62.696 72.696 65.695
63.978 60.974 59.954 75.913 54.888 0.000 17.647 45.647 0.000 0.000 0.000 8.192 72.121 85.045 94.974 97.855 97.099 95.130 102.738 93.919 95.694 92.252 94.180 96.057 95.943 96.828 90.716 80.631 28.558 0.000 0.000 0.000 0.000 0.000 0.000 16.310 51.123 55.989 55.867 57.748 66.627 69.502 72.373 66.245 53.134 47.051 45.998 44.974 48.974 33.962 0.000 0.000 0.000 43.359 80.357 46.354 35.348 27.343 70.339 76.337 56.335 0.000 0.000 7.336 0.000 0.000 0.000 0.000 0.000 31.695 55.695 60.695 47.695
58.062 67.072 63.055 3.965 4.926 0.000 8.647 8.647 0.000 0.000 0.000 9.264 88.220 90.164 98.075 97.241 96.263 102.964 102.856 95.878 95.566 95.407 95.289 94.172 95.053 96.928 53.784 4.707 0.000 0.000 0.000 0.000 0.000 19.875 36.734 51.497 62.309 59.158 58.024 54.898 55.771 58.637 70.488 71.331 63.201 52.113 45.059 45.030 47.020 0.000 0.000 0.000 0.000 28.355 70.353 48.351 44.347 44.343 76.340 79.338 62.336 25.336 15.336 58.336 0.000 0.000 0.000 0.000 0.000 34.695 58.695 53.695 39.695
59.155 69.197 56.230 0.000 0.000 0.000 5.647 17.647 1.647 0.000 0.526 75.378 85.336 97.280 97.276 96.419 103.156 103.063 95.189 96.965 96.616 96.523 96.405 96.287 98.169 48.049 0.000 0.000 0.000 0.000 0.000 9.376 35.240 52.017 64.829 60.634 59.459 59.309 59.174 60.049 57.923 56.785 30.613 49.390 74.225 56.142 44.094 47.067 45.057 33.063 0.000 0.000 0.000 29.353 62.350 40.349 0.000 0.000 32.338 69.337 58.337 67.336 74.336 33.336 0.000 0.000 0.000 0.000 0.000 9.695 49.694 47.694 40.694
57.246 61.329 60.437 36.598 0.000 0.000 0.000 3.647 6.647 0.000 28.614 88.525 95.465 97.387 97.547 95.670 103.241 95.477 97.259 96.825 96.756 96.636 97.521 98.404 60.286 0.000 0.000 0.000 0.000 0.000 11.690 54.511 65.328 61.125 59.932 59.750 59.586 59.443 59.316 59.200 59.088 67.966 6.790 0.000 42.168 51.137 43.107 52.087 52.076 34.070 0.000 0.000 0.000 0.000 46.346 83.345 51.343 0.000 25.338 70.337 64.337 55.336 55.336 0.000 0.000 0.000 0.000 0.000 0.000 0.000 28.694 39.694 40.694
69.317 7.436 63.591 61.760 50.960 10.081 0.357 0.000 0.000 19.779 78.712 92.645 98.586 97.571 96.725 103.387 103.318 96.426 97.124 96.973 96.863 97.753 99.638 60.521 0.000 0.000 0.000 0.000 10.252 41.116 51.869 63.651 60.435 60.222 57.024 56.847 56.693 57.561 59.446 59.347 62.264 39.203 0.000 0.000 22.143 47.128 46.112 64.099 60.092 0.000 0.000 0.000 0.000 0.000 30.343 75.343 87.341 44.339 70.338 84.337 76.337 52.336 45.336 17.336 0.000 0.000 0.000 0.000 0.000 0.000 34.693 40.693 44.693
51.357 4.508 65.731 55.889 63.039 55.196 16.469 3.748 12.848 79.846 88.808 98.767 97.655 97.922 95.950 103.447 95.714 97.507 97.167 97.084 97.976 98.875 52.757 0.000 0.000 0.000 0.000 2.564 53.389 64.227 62.018 60.789 62.539 62.303 68.096 72.920 67.778 60.660 54.561 58.479 64.416 22.378 0.000 0.000 18.133 50.122 51.113 73.105 61.101 0.000 0.000 0.000 0.000 0.000 18.341 70.341 79.340 84.339 80.338 80.337 84.337 68.336 47.336 48.335 17.335 10.335 0.000 0.000 0.000 36.693 41.693 39.693 44.693
0.000 0.000 33.937 85.027 48.109 0.000 0.000 17.927 77.951 82.947 96.926 97.836 98.116 96.047 103.530 95.971 97.780 97.357 97.300 98.189 95.084 50.015 0.000 0.000 0.000 0.000 8.858 55.709 63.549 61.383 61.189 64.950 39.629 18.356 21.137 37.959 63.840 65.742 66.659 58.592 59.543 20.517 0.000 0.000 0.000 31.115 49.111 56.107 55.105 4.105 0.000 0.000 0.000 0.000 18.340 61.340 74.339 79.338 80.338 81.337 77.336 73.336 58.335 46.335 50.335 56.334 0.000 0.000 0.000 2.693 39.693 40.693 42.693
0.000 0.000 11.054 86.171 73.263 0.000 0.000 25.081 86.082 94.074 98.026 99.221 99.259 103.846 103.654 96.921 97.637 97.499 97.401 92.299 82.156 33.086 0.000 0.000 8.266 44.177 53.007 64.860 61.715 61.568 65.404 43.191 0.993 0.000 0.000 23.940 61.880 58.808 62.741 68.686 68.647 46.629 0.000 0.000 0.000 13.113 51.110 45.108 52.106 3.106 0.000 0.000 0.000 0.000 23.339 48.338 65.338 79.338 74.337 67.337 69.336 30.336 55.335 64.335 57.334 53.334 0.000 0.000 0.000 0.000 0.000 34.692 39.692
0.000 0.000 0.000 14.339 63.508 3.113 13.244 79.234 91.225 98.209 98.228 98.406 104.195 104.025 96.208 98.006 97.674 97.603 90.514 56.446 0.000 0.000 0.000 16.441 62.355 56.257 64.132 62.007 61.885 62.770 40.667 1.477 0.000 0.000 0.000 22.980 64.932 58.870 58.811 60.763 64.731 66.723 18.752 0.000 0.000 0.000 32.109 51.108 26.107 0.000 0.000 0.000 0.000 0.000 16.338 44.338 55.337 62.337 54.337 51.336 16.336 0.000 4.335 48.334 52.334 61.334 0.000 0.000 0.000 0.000 0.000 28.692 39.692
0.000 0.000 0.000 0.000 1.071 13.339 82.385 87.386 98.380 98.314 99.600 99.674 104.354 96.505 98.285 97.855 97.795 87.694 76.607 40.527 0.000 0.000 0.000 56.526 78.457 63.365 55.259 63.151 61.048 63.959 33.898 0.000 0.000 0.000 19.154 54.069 60.997 59.930 59.871 56.824 52.793 54.779 16.781 0.000 0.000 0.000 13.108 58.108 6.107 0.000 0.000 0.000 0.000 0.000 16.337 46.337 45.337 44.337 42.336 48.336 0.000 0.000 0.000 23.334 46.334 64.333 8.333 0.000 0.000 0.000 0.000 0.000 32.692
0.000 0.000 0.000 0.000 0.000 85.576 84.569 98.555 98.512 99.716 99.791 104.647 104.505 97.458 99.144 96.988 82.874 71.781 45.694 0.000 0.000 0.000 50.803 68.681 68.583 75.486 63.387 53.289 59.198 69.120 72.069 35.078 0.000 0.000 18.239 66.145 60.057 59.982 58.919 54.870 48.837 49.819 15.813 0.000 0.000 0.000 0.000 31.107 39.107 0.000 0.000 0.000 0.000 0.000 24.337 48.336 42.336 43.336 43.336 45.336 28.335 0.000 0.000 0.000 33.333 54.333 32.333 6.333 0.000 0.000 0.000 0.000 27.692
0.000 0.000 0.000 0.000 24.942 85.820 97.763 98.725 99.736 101.924 104.913 104.782 96.764 98.529 95.182 84.083 72.938 44.859 0.000 0.000 0.000 53.041 73.924 59.811 51.708 65.609 77.513 65.421 68.334 69.255 56.179 62.087 40.866 3.321 26.417 58.217 54.104 61.022 55.953 47.899 46.865 50.846 12.838 0.000 0.000 0.000 0.000 18.107 58.107 3.107 0.000 0.000 0.000 0.000 0.000 30.336 45.336 43.336 43.335 43.335 51.335 0.000 0.000 0.000 0.000 35.333 46.333 52.333 0.000 0.000 0.000 0.000 0.000
0.000 0.000 0.000 0.000 68.064 93.997 99.943 98.849 99.119 97.201 105.038 97.046 98.811 93.380 82.313 57.194 0.000 0.000 0.000 0.000 53.274 74.158 61.043 49.932 49.828 51.730 62.636 77.547 68.464 53.385 61.307 63.223 37.130 0.000 23.309 83.202 70.119 59.050 52.971 48.910 45.879 46.863 40.856 4.860 0.000 0.000 0.000 0.000 37.107 9.107 0.000 0.000 0.000 0.000 0.000 10.335 47.335 43.335 43.335 43.335 45.335 29.335 0.000 0.000 0.000 16.332 43.332 46.332 0.000 0.000 0.000 0.000 0.000
0.000 0.000 0.000 71.376 68.253 74.170 89.082 100.256 97.320 105.272 105.158 97.978 93.665 82.519 61.413 0.000 0.000 34.896 0.000 5.514 78.391 61.272 50.157 51.047 49.943 52.846 66.754 75.668 76.589 60.514 56.442 67.369 41.302 0.000 0.000 14.162 27.123 9.086 0.000 18.890 49.879 56.869 57.864 43.864 0.000 0.000 0.000 0.000 0.000 0.000 0.000 0.000 0.000 0.000 0.000 11.335 47.335 46.335 49.335 44.335 41.335 50.335 0.000 0.000 0.000 23.332 57.332 62.332 0.000 0.000 0.000 0.000 0.000
0.000 0.000 10.603 72.500 69.402 70.321 80.297 96.462 105.490 105.382 97.257 94.023 81.693 55.618 0.000 0.000 51.945 50.896 32.796 16.637 66.505 50.382 51.266 50.156 51.052 65.955 71.865 35.783 26.708 78.641 64.577 42.510 3.406 0.000 0.000 0.000 0.000 0.000 0.000 15.882 67.877 61.871 58.868 54.867 9.867 0.000 0.000 0.000 0.000 0.000 0.000 0.000 0.000 0.000 0.000 35.335 44.335 19.335 0.000 19.334 44.334 48.334 0.000 0.000 0.000 25.332 61.332 30.332 0.000 0.000 0.000 0.000 0.000
0.000 85.795 73.707 70.618 68.540 69.418 70.661 74.726 105.594 96.498 92.259 81.850 55.807 0.000 0.000 0.000 55.995 53.946 73.856 57.733 50.608 51.486 50.369 53.258 73.154 70.058 50.970 46.891 51.821 79.763 76.717 40.687 0.000 0.000 0.000 0.000 0.000 0.000 0.000 15.878 74.875 74.872 69.869 60.868 5.868 0.000 0.000 0.000 0.000 0.000 0.000 0.000 0.000 0.000 8.334 47.335 49.335 0.000 0.000 4.334 47.334 48.334 0.000 0.000 0.000 0.000 32.332 0.000 0.000 0.000 0.000 0.000 0.000
1.966 83.883 97.810 89.735 74.637 75.795 67.843 105.791 105.694 75.380 80.058 55.956 0.000 0.000 0.000 0.000 58.092 71.039 68.947 50.832 50.708 50.585 61.466 73.354 62.249 51.152 51.065 50.988 51.923 60.872 78.839 74.835 35.890 0.000 0.000 0.000 0.000 0.000 0.000 0.000 60.873 62.871 74.870 75.869 31.868 0.000 0.000 0.000 0.000 0.000 0.000 0.000 0.000 0.000 39.334 49.334 26.335 0.000 0.000 8.334 48.334 46.334 0.000 0.000 0.000 0.000 0.000 0.000 0.000 0.000 0.000 0.000 0.000
20.039 96.982 99.916 99.847 94.820 84.976 105.978 105.885 67.541 62.316 0.000 0.000 0.000 0.000 0.000 0.000 69.243 74.170 50.063 51.938 51.808 63.680 72.557 54.442 51.335 51.237 51.150 51.074 51.012 50.963 59.933 79.925 72.944 46.975 37.988 41.991 10.992 0.000 0.000 0.000 0.000 40.870 80.869 80.869 41.869 0.000 0.000 0.000 0.000 0.000 0.000 0.000 0.000 0.000 28.334 27.334 0.000 0.000 0.000 0.000 28.334 55.334 0.000 0.000 0.000 0.000 0.000 0.000 0.000 0.000 0.000 0.000 0.000
90.157 100.091 100.031 99.918 104.162 95.221 106.070 67.645 70.327 65.014 0.000 0.000 0.000 0.000 0.000 62.626 74.467 51.335 52.196 52.051 59.907 72.769 50.640 51.521 51.412 51.312 51.224 51.148 51.085 51.037 51.004 54.988 55.987 50.994 51.997 58.994 40.993 0.000 0.000 0.000 0.000 0.000 35.869 71.869 34.869 0.000 0.000 0.000 0.000 0.000 0.000 0.000 0.000 0.000 0.000 0.000 0.000 0.000 0.000 0.000 0.000 7.334 0.000 0.000 0.000 0.000 0.000 0.000 0.000 0.000 0.000 0.000 0.000
96.262 96.203 100.116 101.279 98.327 106.245 106.158 72.310 56.753 1.902 4.902 1.902 0.000 0.000 0.000 79.784 56.665 52.508 52.335 54.162 74.999 54.849 51.714 51.591 51.479 51.376 51.285 51.207 51.144 51.095 51.059 50.035 49.021 52.016 34.014 0.000 0.000 0.000 0.000 0.000 0.000 0.000 0.000 64.868 52.868 19.868 0.000 0.000 0.000 0.000 0.000 0.000 0.000 0.000 0.000 0.000 0.000 0.000 0.000 0.000 0.000 0.000 0.000 0.000 0.000 0.000 0.000 0.000 0.000 0.000 0.000 0.000 0.000
75.376 75.312 79.291 75.449 106.417 106.332 83.820 65.017 55.932 0.000 0.000 1.902 0.000 0.000 0.000 55.061 50.903 50.696 49.473 62.263 55.077 48.916 49.776 49.651 49.536 49.428 50.332 51.253 51.190 51.140 50.102 48.072 50.048 50.034 47.028 37.030 40.030 42.029 41.029 43.029 14.028 0.000 0.000 2.868 61.868 33.868 0.000 0.000 0.000 0.000 0.000 0.000 0.000 0.000 0.000 0.000 0.000 0.000 0.000 0.000 0.000 0.000 0.000 0.000 0.000 0.000 0.000 0.000 0.000 0.000 0.000 0.000 0.000
90.492 112.381 77.628 107.687 106.500 66.374 56.968 0.000 71.305 29.641 0.000 0.000 0.000 0.000 98.880 77.495 48.189 55.899 66.600 65.338 61.132 58.960 58.822 58.702 57.587 51.468 47.362 51.282 51.222 51.175 50.137 50.102 54.065 54.044 55.035 65.032 65.030 61.029 54.029 53.028 32.028 0.000 0.000 0.000 20.868 26.868 0.000 0.000 0.000 0.000 0.000 0.000 0.000 0.000 0.000 0.000 0.000 0.000 0.000 0.000 0.000 0.000 0.000 0.000 0.000 0.000 0.000 0.000 0.000 0.000 0.000 0.000 0.000
138.572 117.170 115.216 106.654 106.579 94.462 0.000 38.320 66.320 139.979 115.469 1.740 46.398 35.831 97.264 56.853 54.459 126.111 116.690 112.358 112.154 110.971 109.849 108.747 107.643 78.493 45.368 51.293 51.240 51.200 51.168 43.135 0.000 0.000 0.000 0.000 0.000 0.000 18.029 70.028 49.028 20.028 0.000 0.000 0.000 0.000 0.000 0.000 0.000 0.000 0.000 0.000 0.000 0.000 0.000 0.000 0.000 0.000 0.000 0.000 0.000 0.000 0.000 0.000 0.000 0.000 0.000 0.000 0.000 0.000 0.000 0.000 0.000
96.741 116.329 106.794 106.725 90.985 0.000 0.000 0.000 9.677 61.487 49.224 0.000 27.700 0.000 56.492 53.193 62.683 118.397 0.000 4.251 0.000 54.920 63.858 124.794 37.744 0.000 55.324 51.280 51.244 52.217 34.200 0.000 0.000 0.000 0.000 0.000 0.000 0.000 0.000 23.028 70.028 26.028 0.000 0.000 0.000 0.000 0.000 0.000 0.000 0.000 0.000 0.000 0.000 0.000 0.000 0.000 0.000 0.000 0.000 0.000 0.000 0.000 0.000 0.000 0.000 0.000 0.000 0.000 0.000 0.000 0.000 0.000 0.000
117.498 115.552 106.858 115.476 117.324 37.612 0.000 17.224 44.224 54.066 30.716 7.859 49.002 94.547 93.019 85.743 0.000 37.397 0.000 16.144 38.037 65.930 110.871 73.826 38.796 0.000 0.000 57.260 51.240 52.225 33.216 0.000 0.000 0.000 0.000 0.000 0.000 0.000 0.000 0.000 17.027 56.027 21.027 0.000 0.000 0.000 0.000 0.000 0.000 0.000 0.000 0.000 0.000 0.000 0.000 0.000 0.000 0.000 0.000 0.000 0.000 0.000 0.000 0.000 0.000 0.000 0.000 0.000 0.000 0.000 0.000 0.000 0.000
115.631 106.973 106.918 95.982 38.747 0.000 0.000 0.000 5.929 32.838 0.000 0.000 41.901 85.620 139.293 75.018 0.000 0.000 0.000 0.000 0.000 79.893 114.868 44.842 41.819 0.000 0.000 0.000 56.232 50.226 48.222 46.223 34.223 0.000 0.000 0.000 0.000 0.000 0.000 0.000 12.027 70.027 28.027 0.000 0.000 0.000 0.000 0.000 0.000 0.000 0.000 0.000 0.000 0.000 0.000 0.000 0.000 0.000 0.000 0.000 0.000 0.000 0.000 0.000 0.000 0.000 0.000 0.000 0.000 0.000 0.000 0.000 0.000
