results4_8e4_rain/res_4e8f-0236.wd
ncols         241
nrows         181
xllcorner     12693529.787448
yllcorner     3542525.717860
cellsize      155.156523
NODATA_value  -9999.000000
[rows 99 to 131 of 181, columns 73 to 145 of 241]
60.099 60.075 60.049 59.023 58.995 63.967 66.938 63.911 59.890 59.880 53.882 9.888 0.000 0.000 0.000 0.000 0.000 15.064 73.031 97.986 95.978 95.134 101.800 101.729 94.826 95.521 95.367 95.255 96.149 96.047 94.955 98.877 57.823 0.000 0.000 0.000 0.000 0.000 0.000 35.376 61.299 73.196 41.067 22.864 52.769 55.682 53.585 57.463 54.284 52.038 21.732 46.495 50.367 65.281 71.219 74.172 72.138 67.114 60.099 55.092 50.090 28.088 0.000 0.000 0.000 0.000 22.430 40.430 52.430 76.430 77.430 77.430 77.430
60.150 60.127 59.102 57.076 61.047 66.017 66.983 66.945 60.917 57.901 62.895 62.894 23.895 0.000 17.694 47.642 24.529 4.330 61.235 101.113 96.363 96.378 101.860 94.139 95.926 95.578 95.489 95.375 95.265 95.161 97.067 95.991 31.942 0.000 0.000 0.000 0.000 0.000 3.686 39.558 45.461 56.373 5.304 0.000 47.887 55.827 54.734 58.609 58.438 29.238 0.000 41.398 55.341 60.277 81.225 82.186 82.156 83.134 84.120 82.111 63.108 1.110 1.119 2.123 0.000 0.000 0.000 39.430 52.430 76.430 77.430 77.430 77.430
60.202 59.181 59.157 62.131 65.101 66.069 41.032 4.969 33.931 69.912 42.903 16.898 8.897 0.000 28.746 78.702 75.616 67.501 86.381 97.531 94.518 101.942 95.421 96.225 95.790 95.724 95.605 95.492 95.377 96.263 94.162 82.079 29.012 1.972 0.000 0.000 0.000 3.918 42.815 49.709 47.614 48.531 21.472 0.000 54.066 72.002 64.915 59.802 34.620 0.000 1.359 24.359 14.320 54.260 79.220 83.190 81.166 81.147 81.134 83.126 56.122 50.124 50.125 56.125 0.000 0.000 0.000 16.430 51.430 76.430 77.430 77.430 77.430
59.257 58.238 63.215 66.188 66.158 66.128 31.105 0.000 0.921 12.911 3.907 0.000 0.000 0.000 21.843 84.803 90.733 98.646 98.605 95.729 102.281 102.072 95.387 96.096 95.946 95.836 95.725 95.611 95.489 101.352 51.238 19.151 3.056 0.595 7.630 10.538 0.000 34.021 51.945 47.850 47.755 46.665 52.581 18.493 47.308 73.202 72.122 70.065 0.000 0.000 44.359 0.359 0.000 52.223 81.206 85.187 82.169 81.155 79.144 68.136 49.132 45.130 46.129 30.127 0.000 0.000 0.000 0.000 47.430 76.430 77.430 77.430 73.430
58.315 64.298 66.276 66.249 64.216 70.178 40.156 0.000 0.000 0.000 0.000 0.000 0.000 0.000 32.981 90.934 93.873 97.750 96.986 96.998 102.468 94.774 96.479 96.152 96.065 95.955 95.847 99.738 105.614 60.418 29.289 4.230 0.000 0.000 0.000 7.446 35.355 58.201 52.093 44.992 49.891 53.793 50.695 48.591 62.469 66.375 56.308 64.269 0.000 0.000 12.359 0.000 0.000 58.203 82.194 87.183 86.170 82.159 77.150 46.143 44.139 45.136 52.134 0.000 0.000 0.000 0.000 41.430 45.430 74.430 77.430 77.430 71.430
65.379 66.364 66.343 65.315 43.277 9.213 28.185 30.185 0.000 0.000 0.000 0.000 0.000 24.283 77.164 91.087 93.991 96.149 97.159 102.797 102.639 95.749 96.450 96.287 96.180 96.072 99.970 61.880 21.812 0.000 39.267 25.252 0.000 0.000 0.000 0.000 43.417 77.334 68.235 63.132 58.026 58.920 56.814 57.707 70.604 64.521 48.463 50.436 0.000 0.000 0.000 0.000 0.000 58.191 86.186 51.179 49.170 81.160 84.153 54.148 45.144 50.140 20.137 0.000 0.000 0.000 0.000 14.430 41.430 59.430 75.430 78.430 71.429
66.448 66.438 62.418 66.389 48.366 0.000 19.185 49.185 0.000 0.000 0.000 0.000 14.498 76.402 90.309 96.230 96.200 96.342 103.080 102.943 95.077 96.852 96.500 96.409 96.294 96.185 100.082 71.998 3.942 0.000 9.262 12.257 0.000 0.000 0.000 0.000 30.562 62.483 67.382 77.273 73.162 61.047 63.932 72.820 67.719 55.640 47.589 48.575 22.621 23.632 0.000 0.000 0.000 56.183 90.181 4.178 0.000 30.159 77.156 67.152 48.148 27.144 0.000 0.000 0.000 0.000 0.000 0.000 14.430 38.430 64.429 74.429 67.429
64.525 61.521 60.500 76.458 55.432 0.000 18.185 46.185 0.000 0.000 0.000 8.666 72.593 85.516 95.446 98.325 97.570 95.600 103.207 94.387 96.161 92.719 94.645 96.522 96.406 97.289 91.176 81.089 29.016 0.000 0.000 0.000 0.000 0.000 0.000 17.962 52.785 57.655 57.536 59.418 68.299 71.176 74.048 67.922 54.813 48.731 47.679 46.655 50.655 35.644 0.000 0.000 0.000 45.178 82.176 48.173 37.167 29.162 72.158 78.155 58.154 0.000 0.000 9.159 0.000 0.000 0.000 0.000 0.000 33.429 57.429 62.429 49.429
58.611 67.621 63.604 4.511 5.471 0.000 9.185 9.185 0.000 0.000 0.000 9.738 88.693 90.635 98.546 97.712 96.733 103.432 103.324 96.345 96.033 95.873 95.755 94.637 95.516 97.390 54.245 5.167 0.000 0.000 0.000 0.000 0.000 21.494 38.362 53.139 63.962 60.817 59.688 56.565 57.441 60.308 72.162 73.007 64.879 53.793 46.739 46.711 48.701 0.000 0.000 0.000 0.000 30.175 72.173 50.171 46.167 46.163 78.160 81.158 64.157 27.158 17.159 60.159 0.000 0.000 0.000 0.000 0.000 36.429 60.429 55.429 41.429
59.707 69.749 56.783 0.000 0.000 0.000 6.185 18.185 2.185 0.000 0.981 75.855 85.809 97.751 97.746 96.889 103.625 103.532 95.657 97.432 97.083 96.990 96.870 96.752 98.633 48.512 0.000 0.000 0.000 0.000 0.000 10.952 36.830 53.626 66.453 62.270 61.106 60.963 60.835 61.713 59.591 58.455 32.286 51.065 75.904 57.822 45.774 48.748 46.738 34.744 0.000 0.000 0.000 31.173 64.171 42.170 0.000 0.000 34.160 71.159 60.159 69.159 76.159 35.159 0.000 0.000 0.000 0.000 0.000 11.429 51.429 49.429 42.429
57.800 61.885 60.995 37.159 0.000 0.000 0.000 4.185 7.185 0.000 29.074 88.994 95.935 97.857 98.016 96.139 103.710 95.945 97.727 97.292 97.223 97.103 97.987 98.869 60.751 0.000 0.000 0.000 0.000 0.000 13.232 56.075 66.912 62.729 61.552 61.383 61.230 61.095 60.974 60.862 60.754 69.634 8.460 0.000 43.848 52.817 44.788 53.768 53.757 35.751 0.000 0.000 0.000 0.000 48.168 85.168 53.166 0.000 27.160 72.160 66.160 57.160 57.159 0.000 0.000 0.000 0.000 0.000 0.000 0.000 30.429 41.429 42.429
69.873 7.995 64.153 62.324 51.524 10.644 0.848 0.000 0.000 20.247 79.178 93.112 99.054 98.040 97.194 103.856 103.787 96.894 97.592 97.440 97.330 98.220 100.104 60.987 0.000 0.000 0.000 0.000 11.722 42.603 53.389 65.202 62.015 61.824 58.643 58.479 58.336 59.212 61.103 61.008 63.928 40.868 0.000 0.000 23.823 48.809 47.793 65.780 61.773 0.000 0.000 0.000 0.000 0.000 32.167 77.166 89.165 46.163 72.162 86.161 78.160 54.160 47.160 19.160 0.000 0.000 0.000 0.000 0.000 0.000 36.429 42.429 46.429
51.914 5.069 66.299 56.459 63.604 55.741 16.975 4.233 13.324 80.316 89.276 99.235 98.123 98.390 96.418 103.916 96.181 97.974 97.635 97.551 98.443 99.342 53.223 0.000 0.000 0.000 0.000 3.975 54.842 65.698 63.519 62.329 64.123 63.908 69.717 74.555 69.424 62.313 56.219 60.141 66.080 24.044 0.000 0.000 19.813 51.803 52.794 74.786 62.782 0.000 0.000 0.000 0.000 0.000 20.165 72.165 81.164 86.163 82.162 82.161 86.161 70.161 49.160 50.160 19.160 12.161 0.000 0.000 0.000 38.429 43.429 41.429 46.429
0.000 0.000 34.516 85.608 48.692 0.000 0.000 18.400 78.422 83.415 97.394 98.303 98.583 96.515 104.000 96.439 98.248 97.825 97.767 98.657 95.552 50.482 0.000 0.000 0.000 0.000 10.244 57.108 64.972 62.827 62.661 66.472 41.238 19.970 22.763 39.601 65.490 67.398 68.319 60.255 61.208 22.183 0.000 0.000 0.000 32.797 50.793 57.789 56.786 5.787 0.000 0.000 0.000 0.000 20.165 63.164 76.164 81.163 82.162 83.162 79.161 75.161 60.161 48.161 52.161 58.161 0.000 0.000 0.000 4.429 41.429 42.429 44.429
0.000 0.000 11.640 86.765 73.863 0.000 0.000 25.546 86.548 94.539 98.492 99.688 99.726 104.314 104.123 97.389 98.105 97.966 97.868 92.766 82.623 33.553 0.000 0.000 9.618 45.535 54.379 66.243 63.112 62.976 66.827 44.658 2.473 0.000 0.000 25.596 63.539 60.470 64.405 70.351 70.314 48.296 0.000 0.000 0.000 14.794 52.792 46.790 53.788 4.788 0.000 0.000 0.000 0.000 25.164 50.164 67.163 81.163 76.162 69.162 71.162 32.161 57.161 66.161 59.161 55.161 0.000 0.000 0.000 0.000 1.429 36.429 41.429
0.000 0.000 0.000 14.949 64.132 3.545 13.688 79.690 91.685 98.672 98.693 98.872 104.662 104.492 96.675 98.474 98.141 98.070 90.981 56.914 0.000 0.000 0.000 17.782 63.701 57.609 65.492 63.374 63.256 64.138 42.012 2.843 0.000 0.000 0.000 24.647 66.599 60.538 60.479 62.432 66.401 68.393 20.423 0.000 0.000 0.000 33.791 52.790 27.789 0.000 0.000 0.000 0.000 0.000 18.164 46.163 57.163 64.163 56.163 53.162 18.162 0.000 6.161 50.161 54.161 63.161 0.000 0.000 0.000 0.000 0.000 30.429 41.429
0.000 0.000 0.000 0.000 1.527 13.768 82.829 87.839 98.838 98.775 100.064 100.139 104.821 96.972 98.752 98.322 98.262 88.161 77.075 40.994 0.000 0.000 0.000 57.862 79.796 64.708 56.607 64.503 62.401 65.309 35.239 0.000 0.000 0.000 20.838 55.747 62.671 61.603 61.543 58.496 54.464 56.450 18.453 0.000 0.000 0.000 14.790 59.790 7.789 0.000 0.000 0.000 0.000 0.000 18.163 48.163 47.163 46.163 44.163 50.163 0.000 0.000 0.000 25.161 48.161 66.160 10.160 0.000 0.000 0.000 0.000 1.429 34.429
0.000 0.000 0.000 0.000 0.000 86.019 85.018 99.009 98.970 100.178 100.254 105.113 104.971 97.925 99.611 97.455 83.341 72.248 46.161 0.000 0.000 0.000 52.123 70.007 69.914 76.821 64.725 54.629 60.538 70.456 73.398 36.396 0.000 0.000 19.930 67.830 61.737 61.659 60.594 56.544 50.510 51.492 17.486 0.000 0.000 0.000 0.000 32.790 40.790 0.000 0.000 0.000 0.000 0.000 26.163 50.163 44.163 45.163 45.163 47.163 30.163 0.000 0.000 0.000 35.160 56.160 34.160 8.160 0.000 0.000 0.000 0.000 29.429
0.000 0.000 0.000 0.000 25.395 86.271 98.216 99.181 100.195 102.386 105.378 105.247 97.230 98.995 95.648 84.550 73.405 45.326 0.000 0.000 0.000 54.350 75.239 61.131 53.031 66.936 78.842 66.751 69.664 70.581 57.499 63.395 42.154 4.637 28.120 59.908 55.788 62.702 57.630 49.575 48.540 52.521 14.513 0.000 0.000 0.000 0.000 19.790 59.790 4.790 0.000 0.000 0.000 0.000 0.000 32.163 47.163 45.163 45.163 45.163 53.163 0.000 0.000 0.000 0.000 37.160 48.160 54.160 0.000 0.000 0.000 0.000 0.000
0.000 0.000 0.000 0.000 68.520 94.453 100.400 99.307 99.580 97.663 105.503 97.511 99.277 93.847 82.780 57.661 0.000 0.000 0.000 0.000 54.573 75.461 62.351 51.245 51.145 53.049 63.958 78.870 69.785 54.704 62.622 64.531 38.431 0.000 25.006 84.893 71.805 60.732 54.650 50.587 47.555 48.538 42.532 6.536 0.000 0.000 0.000 0.000 38.790 10.790 0.000 0.000 0.000 0.000 0.000 12.163 49.163 45.163 45.163 45.163 47.163 31.163 0.000 0.000 0.000 18.160 45.160 48.160 0.000 0.000 0.000 0.000 0.000
0.000 0.000 0.000 71.836 68.711 74.629 89.540 100.716 97.782 105.737 105.622 98.444 94.131 82.985 61.879 0.000 0.000 36.169 0.000 6.803 79.685 62.571 51.460 52.354 51.254 54.159 68.069 76.984 77.904 61.828 57.753 68.677 42.606 0.000 0.000 15.851 28.809 10.770 0.000 20.567 51.555 58.545 59.540 45.540 0.000 0.000 0.000 0.000 0.000 0.000 0.000 0.000 0.000 0.000 0.000 13.163 49.163 48.163 51.163 46.163 43.163 52.163 0.000 0.000 0.000 25.160 59.160 64.160 0.000 0.000 0.000 0.000 0.000
0.000 0.000 11.065 72.961 69.862 70.781 80.757 96.924 105.954 105.846 97.722 94.489 82.159 56.084 0.000 0.000 53.217 52.169 34.073 17.921 67.793 51.676 52.564 51.458 52.357 67.263 73.175 37.094 28.019 79.951 65.886 43.817 4.712 0.000 0.000 0.000 0.000 0.000 0.000 17.558 69.553 63.548 60.545 56.544 11.544 0.000 0.000 0.000 0.000 0.000 0.000 0.000 0.000 0.000 0.000 37.163 46.163 21.163 0.000 21.163 46.163 50.163 0.000 0.000 0.000 27.160 63.160 32.160 0.000 0.000 0.000 0.000 0.000
0.000 86.259 74.170 71.080 69.001 69.879 71.123 75.189 106.058 96.963 92.725 82.315 56.273 0.000 0.000 0.000 57.264 55.218 75.131 59.013 51.892 52.775 51.663 54.555 74.455 71.361 52.275 48.197 53.128 81.070 78.023 41.993 0.000 0.000 0.000 0.000 0.000 0.000 0.000 17.555 76.552 76.549 71.546 62.545 7.545 0.000 0.000 0.000 0.000 0.000 0.000 0.000 0.000 0.000 10.163 49.163 51.163 0.163 0.000 6.163 49.163 50.163 0.000 0.000 0.000 0.000 34.160 0.000 0.000 0.000 0.000 0.000 0.000
2.421 84.349 98.273 90.198 75.100 76.257 68.306 106.255 106.158 75.846 80.524 56.422 0.000 0.000 0.000 0.000 59.358 72.307 70.218 52.107 51.989 51.870 62.755 74.647 63.545 52.451 52.367 52.291 53.227 62.176 80.144 76.139 37.193 0.000 0.000 0.000 0.000 0.000 0.000 0.000 62.550 64.548 76.547 77.546 33.546 0.000 0.000 0.000 0.000 0.000 0.000 0.000 0.000 0.000 41.163 51.163 28.163 0.000 0.000 10.163 50.163 48.163 0.000 0.000 0.000 0.000 0.000 0.000 0.000 0.000 0.000 0.000 0.000
20.493 97.443 100.378 100.309 95.283 85.438 106.442 106.349 68.013 62.783 0.000 0.422 0.000 0.000 0.000 0.000 70.503 75.432 51.329 53.210 53.084 64.961 73.842 55.731 52.628 52.533 52.448 52.374 52.313 52.265 61.235 81.228 74.246 48.277 39.290 43.293 12.294 0.000 0.000 0.000 1.549 42.548 82.547 82.546 43.546 0.000 0.000 0.000 0.000 0.000 0.000 0.000 0.000 0.000 30.163 29.163 0.000 0.000 0.000 0.000 30.163 57.163 0.000 0.000 0.000 0.000 0.000 0.000 0.000 0.000 0.000 0.000 0.000
90.615 100.551 100.492 100.380 104.624 95.684 106.533 68.128 70.811 65.476 0.000 0.000 0.000 0.000 0.000 63.870 75.718 52.591 53.457 53.317 61.179 74.046 51.922 52.807 52.701 52.605 52.519 52.445 52.384 52.337 52.305 56.289 57.288 52.295 53.299 60.296 42.295 0.000 0.000 0.000 0.000 0.000 37.547 73.547 36.546 0.000 0.000 0.000 0.000 0.000 0.000 0.000 0.000 0.000 0.000 0.000 0.000 0.000 0.000 0.000 0.000 9.163 0.000 0.000 0.000 0.000 0.000 0.000 0.000 0.000 0.000 0.000 0.000
96.721 96.663 100.577 101.741 98.789 106.709 106.621 72.809 57.272 2.383 5.383 2.383 0.000 0.000 0.000 81.023 57.908 53.757 53.590 55.424 76.267 56.123 52.993 52.875 52.766 52.666 52.578 52.503 52.442 52.394 52.359 51.335 50.322 53.317 35.315 0.000 0.000 0.000 0.000 0.000 0.000 0.000 0.000 66.546 54.546 21.546 0.000 0.000 0.000 0.000 0.000 0.000 0.000 0.000 0.000 0.000 0.000 0.000 0.000 0.000 0.000 0.000 0.000 0.000 0.000 0.000 0.000 0.000 0.000 0.000 0.000 0.000 0.000
75.836 75.772 79.752 75.910 106.879 106.794 84.304 65.527 56.479 0.000 0.383 2.383 0.000 0.000 0.000 56.289 52.136 51.937 50.723 63.521 56.342 50.187 51.052 50.932 50.821 50.716 51.624 52.547 52.486 52.438 51.401 49.371 51.348 51.335 48.330 38.332 41.333 43.333 42.333 44.333 15.333 0.000 0.000 4.546 63.546 35.546 0.000 0.000 0.000 0.000 0.000 0.000 0.000 0.000 0.000 0.000 0.000 0.000 0.000 0.000 0.000 0.000 0.000 0.000 0.000 0.000 0.000 0.000 0.000 0.000 0.000 0.000 0.000
90.951 112.841 78.089 108.148 106.961 66.843 57.444 0.000 71.918 30.275 0.000 0.000 0.000 0.000 100.082 78.708 49.411 57.132 67.845 66.593 62.395 60.229 60.096 59.981 58.870 52.755 48.653 52.576 52.517 52.471 51.434 51.401 55.365 55.345 56.336 66.334 66.333 62.333 55.333 54.333 33.333 0.000 0.000 0.000 22.546 28.546 0.000 0.000 0.000 0.000 0.000 0.000 0.000 0.000 0.000 0.000 0.000 0.000 0.000 0.000 0.000 0.000 0.000 0.000 0.000 0.000 0.000 0.000 0.000 0.000 0.000 0.000 0.000
139.032 117.630 115.677 107.115 107.040 94.929 0.000 38.977 66.977 140.635 116.092 2.373 47.635 37.046 98.457 58.049 55.669 127.334 117.930 113.612 113.416 112.240 111.123 110.024 108.924 79.779 46.658 52.586 52.534 52.496 52.465 44.433 0.000 0.000 0.000 0.000 0.000 0.000 19.333 71.333 50.333 21.333 0.000 0.000 0.000 0.000 0.000 0.000 0.000 0.000 0.000 0.000 0.000 0.000 0.000 0.000 0.000 0.000 0.000 0.000 0.000 0.000 0.000 0.000 0.000 0.000 0.000 0.000 0.000 0.000 0.000 0.000 0.000
97.201 116.788 107.253 107.186 91.446 0.000 0.000 0.000 10.381 62.194 49.933 0.000 28.839 0.000 57.650 54.363 63.880 119.607 0.000 5.509 0.000 56.191 65.131 126.069 39.022 0.000 56.616 52.574 52.539 53.513 35.497 0.000 0.000 0.000 0.000 0.000 0.000 0.000 0.000 24.333 71.333 27.333 0.000 0.000 0.000 0.000 0.000 0.000 0.000 0.000 0.000 0.000 0.000 0.000 0.000 0.000 0.000 0.000 0.000 0.000 0.000 0.000 0.000 0.000 0.000 0.000 0.000 0.000 0.000 0.000 0.000 0.000 0.000
117.957 116.012 107.317 115.936 117.783 38.072 0.000 17.971 44.971 54.827 31.513 8.779 50.044 95.619 94.131 86.874 0.000 38.607 0.000 17.406 39.303 67.200 112.143 75.100 40.072 0.000 0.000 58.555 52.536 53.521 34.512 0.000 0.000 0.000 0.000 0.000 0.000 0.000 0.000 0.000 18.333 57.333 22.333 0.000 0.000 0.000 0.000 0.000 0.000 0.000 0.000 0.000 0.000 0.000 0.000 0.000 0.000 0.000 0.000 0.000 0.000 0.000 0.000 0.000 0.000 0.000 0.000 0.000 0.000 0.000 0.000 0.000 0.000
116.090 107.432 107.377 96.441 39.207 0.000 0.000 0.000 6.704 33.632 0.000 0.000 42.940 86.682 140.381 76.128 0.000 0.000 0.000 0.000 0.000 81.165 116.141 46.116 43.094 0.000 0.000 0.000 57.527 51.522 49.519 47.520 35.520 0.000 0.000 0.000 0.000 0.000 0.000 0.000 13.333 71.332 29.332 0.000 0.000 0.000 0.000 0.000 0.000 0.000 0.000 0.000 0.000 0.000 0.000 0.000 0.000 0.000 0.000 0.000 0.000 0.000 0.000 0.000 0.000 0.000 0.000 0.000 0.000 0.000 0.000 0.000 0.000
