results4_8e4_rain/res_4e8f-0188.wd
ncols         241
nrows         181
xllcorner     12693529.787448
yllcorner     3542525.717860
cellsize      155.156523
NODATA_value  -9999.000000
[rows 132 to 164 of 181, columns 0 to 72 of 241]
96.206 101.206 105.205 105.205 107.203 107.202 101.201 92.199 78.197 67.194 66.191 67.188 66.184 65.180 70.176 84.171 95.165 100.158 100.151 97.142 89.132 80.120 71.105 65.086 70.063 72.034 70.999 71.961 69.929 64.899 78.870 101.841 68.817 0.000 0.000 0.000 8.596 60.590 72.585 69.565 71.551 77.543 95.543 81.549 65.558 64.570 64.585 76.601 97.620 38.639 11.663 6.697 0.000 0.000 0.000 0.000 0.000 0.000 0.000 0.000 0.000 0.000 2.988 0.988 27.988 7.913 11.838 52.742 75.601 79.504 79.398 89.486 116.952
74.211 76.210 79.210 85.209 95.208 101.207 106.205 106.203 99.201 85.198 74.196 68.192 72.189 79.185 92.180 107.175 106.169 103.162 103.155 106.146 106.135 102.123 90.109 78.091 70.070 65.046 66.019 64.990 65.963 73.939 95.917 103.899 15.887 0.000 0.000 0.000 18.602 46.609 64.634 73.630 74.619 71.608 72.612 82.618 77.625 70.633 74.643 82.654 95.667 36.683 22.702 28.731 8.761 0.000 0.000 0.000 0.000 0.000 0.000 0.000 0.000 0.000 0.000 0.000 10.064 0.000 59.862 81.785 77.667 86.642 77.707 117.073 105.833
66.215 66.215 66.214 68.214 73.213 77.211 84.210 93.208 101.206 104.203 98.200 96.197 98.193 101.189 100.185 93.179 84.174 82.167 82.159 87.151 93.141 100.129 103.115 102.099 91.081 81.061 76.039 74.017 82.996 98.977 99.962 85.951 18.946 0.000 0.000 0.000 0.000 0.000 47.711 74.703 53.688 41.658 56.678 71.685 86.690 90.694 92.698 93.704 89.713 16.723 3.733 31.764 28.791 16.820 22.833 16.839 0.000 0.000 0.000 0.000 0.000 0.000 44.280 14.230 80.140 102.076 134.933 90.909 85.963 66.922 102.989 107.513 107.422
67.220 67.220 67.219 67.219 66.218 65.216 67.215 72.213 78.211 88.208 98.205 100.202 93.199 83.194 77.190 69.185 65.179 65.173 65.165 67.157 72.147 78.136 85.124 97.110 102.095 104.078 103.060 99.043 102.026 95.012 77.002 68.996 47.999 6.021 0.000 0.000 0.000 0.000 40.797 73.783 16.773 0.000 49.757 74.756 93.755 101.754 87.753 90.752 76.756 34.763 0.779 58.799 27.820 19.836 30.841 30.844 1.847 0.000 0.000 0.000 0.000 31.382 50.330 123.271 152.195 135.078 118.635 117.582 109.255 107.896 107.776 107.649 72.871
67.225 67.225 67.225 67.224 67.223 67.222 67.220 66.218 66.216 69.214 75.211 74.208 70.204 66.200 66.196 66.191 67.185 67.179 67.172 67.164 66.156 65.146 67.135 73.122 80.109 89.095 97.081 93.067 82.055 70.044 66.036 71.033 79.034 55.042 33.049 33.041 19.017 19.973 55.897 76.858 26.847 8.862 68.836 100.827 102.821 81.815 84.807 83.796 71.796 60.806 11.809 39.820 13.853 1.864 14.851 1.848 3.851 1.846 0.000 0.000 0.000 12.437 75.384 81.304 77.293 78.454 76.430 108.217 108.116 108.010 75.212 77.992 79.866
67.231 67.231 67.230 67.230 67.229 67.227 67.226 67.224 67.222 67.220 66.217 66.214 66.210 67.206 67.202 67.197 67.192 67.186 67.180 67.173 67.165 67.156 67.146 66.136 65.125 66.113 70.102 68.091 67.081 71.073 74.067 73.064 71.064 73.065 73.064 70.056 70.037 74.006 48.961 34.905 23.895 41.903 86.899 100.893 80.887 73.878 72.864 52.829 48.827 11.855 0.001 0.000 1.923 3.925 0.000 0.000 7.860 22.842 37.800 7.738 21.659 84.516 91.505 89.579 87.566 88.648 108.406 108.313 89.451 96.244 89.101 94.876 86.721
67.237 67.236 67.236 67.235 67.234 67.233 67.232 67.230 67.228 67.226 67.223 67.220 67.217 67.213 67.209 67.205 67.200 67.195 67.189 66.182 73.175 75.167 67.159 66.150 65.140 66.131 68.122 71.113 74.105 73.099 68.095 69.092 76.091 79.090 75.088 69.081 66.069 75.053 6.036 0.000 8.926 81.957 90.963 77.961 69.955 89.948 35.941 0.000 0.000 1.984 3.013 3.012 2.984 3.977 0.000 0.000 32.888 74.863 103.821 64.760 97.648 105.809 102.773 101.865 108.664 108.581 108.495 101.531 103.412 103.112 101.976 100.910 18.830
67.243 67.242 67.242 67.241 67.240 67.239 67.238 67.237 67.235 67.233 70.230 70.227 68.223 72.220 70.216 67.212 67.208 67.203 66.198 64.192 75.186 83.179 69.171 66.164 68.156 71.148 73.141 72.134 69.128 71.124 76.121 78.119 79.118 79.117 74.115 68.112 77.106 96.099 15.094 0.000 0.000 56.036 79.035 76.031 80.024 100.016 34.012 0.000 3.056 3.033 3.043 3.039 3.015 5.022 0.000 30.987 82.944 98.898 101.834 106.837 104.006 100.999 108.889 108.817 108.743 100.835 101.623 102.500 102.183 102.157 95.091 72.001 0.000
67.249 67.248 67.248 67.248 67.247 67.246 67.245 67.243 67.242 68.239 75.237 75.234 52.231 20.227 41.223 71.220 65.216 68.212 74.208 77.203 77.197 73.191 69.185 70.178 73.172 72.165 71.160 73.154 77.150 77.147 79.145 78.144 69.144 64.145 66.145 79.145 98.144 108.144 30.146 0.000 0.000 31.115 87.111 89.105 96.095 95.080 31.078 0.000 3.078 1.082 2.085 3.088 0.000 9.074 35.073 79.039 100.969 103.993 103.088 103.096 102.191 109.023 108.957 101.034 101.837 102.703 102.492 102.350 102.310 94.245 86.205 0.000 0.000
67.255 67.255 67.254 67.254 67.253 67.253 67.252 67.250 67.249 69.247 78.245 89.242 65.238 2.235 8.229 56.228 82.226 74.222 72.218 72.214 70.209 69.203 71.198 73.193 71.187 67.182 69.178 81.174 83.171 73.169 67.169 64.169 64.171 69.172 83.175 99.178 96.182 80.188 52.200 20.228 14.229 58.198 87.188 69.184 60.172 52.132 17.143 1.201 1.135 22.127 13.127 3.139 0.000 28.129 79.113 101.042 103.248 102.249 102.363 109.211 109.151 109.088 101.092 102.980 102.695 102.572 102.520 102.450 96.376 83.315 73.280 0.000 0.000
67.262 67.261 67.261 67.260 67.260 67.259 67.259 67.258 67.256 69.255 79.253 66.250 22.244 4.245 0.000 24.238 78.236 70.233 72.229 71.225 69.221 72.216 73.212 70.207 67.202 63.198 73.195 87.192 74.191 64.191 65.191 70.193 80.196 91.200 102.204 95.210 73.217 68.226 87.239 94.254 95.261 99.259 74.262 35.269 7.276 0.000 1.357 1.364 0.000 35.142 22.157 2.202 33.224 79.177 101.210 103.411 102.437 109.374 109.322 109.268 101.354 102.156 103.048 102.749 102.736 102.679 102.607 103.518 91.441 62.358 51.319 9.319 3.319
66.268 66.268 67.267 67.267 67.267 67.266 67.266 67.265 67.264 70.263 80.262 51.261 0.000 10.257 48.258 50.251 67.247 69.244 57.240 39.237 77.233 72.229 68.225 67.221 65.217 67.214 83.211 86.210 68.209 71.210 83.213 92.216 101.221 99.226 87.233 73.240 66.250 82.261 86.275 74.290 55.303 53.315 41.330 21.353 10.389 4.463 2.488 22.505 17.523 0.000 0.000 27.273 79.330 102.452 103.485 101.606 109.472 109.424 101.513 102.327 103.208 103.017 102.897 102.875 102.825 102.776 105.708 69.579 49.510 0.000 0.000 0.000 0.000
75.275 73.275 70.274 68.274 65.274 65.274 65.273 65.273 64.272 69.272 81.271 64.271 45.272 53.268 71.265 67.261 64.258 70.255 65.252 52.248 72.245 66.242 65.239 65.235 67.232 81.229 89.227 55.226 47.227 97.229 102.233 97.239 86.245 76.252 68.260 64.269 75.281 87.294 55.309 30.327 13.345 4.367 21.392 20.424 10.464 11.512 14.543 42.557 26.540 0.000 0.000 59.567 101.610 100.744 109.608 109.565 109.520 101.547 103.444 103.171 103.065 103.037 104.996 99.947 101.919 102.893 113.871 0.000 0.000 0.000 0.000 0.000 0.000
76.283 78.282 84.280 85.280 85.281 82.281 83.281 82.281 81.281 81.280 83.280 66.279 70.279 69.276 66.274 69.271 69.268 68.266 73.263 75.260 69.258 63.255 65.252 67.249 81.246 86.243 75.241 69.240 78.242 101.246 84.253 75.260 67.268 65.276 67.286 66.297 80.309 89.324 53.342 29.362 17.386 19.414 22.447 14.487 15.531 21.577 23.615 16.640 0.000 0.000 37.811 79.830 109.726 109.689 109.650 101.777 102.585 103.486 103.196 103.195 104.155 104.111 77.069 55.009 90.009 104.004 109.014 49.071 0.000 0.000 0.000 0.000 0.000
69.292 63.290 16.285 18.284 27.288 74.289 71.289 71.289 71.289 75.289 84.288 65.287 66.287 65.285 68.283 72.281 73.279 71.277 70.275 73.272 74.270 71.268 65.266 82.263 88.260 79.257 85.254 102.252 99.255 81.261 69.271 65.281 67.290 67.299 66.310 71.322 87.336 89.353 81.372 84.395 55.422 17.456 9.497 8.545 20.597 27.650 17.701 14.750 6.779 32.942 80.983 109.795 109.762 101.915 102.727 103.616 103.431 103.318 103.305 104.260 102.221 96.183 21.163 0.000 72.104 107.101 104.108 103.128 0.000 0.000 0.000 0.000 0.000
67.302 59.302 0.000 0.296 9.297 70.298 66.298 66.298 66.298 70.297 84.297 62.296 66.295 70.294 72.293 73.291 70.289 67.288 65.286 67.284 77.283 90.281 85.279 86.277 63.274 57.270 109.264 95.261 62.263 22.272 42.291 70.302 67.311 67.321 69.332 62.345 46.360 36.378 48.398 88.422 64.452 17.490 12.540 7.600 16.661 21.725 15.792 20.852 20.935 59.073 109.844 101.102 104.843 103.750 103.565 103.457 103.435 103.401 104.361 104.326 69.289 45.236 31.236 34.244 85.203 106.189 102.190 93.206 11.240 0.000 0.000 0.000 0.000
67.312 67.313 50.318 0.307 10.307 71.307 67.307 67.307 66.306 67.306 82.305 69.305 72.304 74.303 73.302 68.301 65.300 66.299 66.297 65.296 75.295 98.294 94.293 81.292 74.290 65.285 41.272 30.266 17.264 0.000 23.320 72.325 67.333 69.342 52.353 26.367 11.382 8.400 50.421 67.445 36.473 8.514 11.572 16.653 23.721 19.797 13.889 6.972 10.266 58.300 109.908 103.990 103.753 103.577 103.563 103.530 103.491 103.455 101.422 92.393 25.371 0.000 42.303 101.294 106.273 104.261 98.258 88.264 6.274 0.000 0.000 0.000 0.000
64.321 66.322 63.323 0.000 6.316 71.316 66.316 64.315 66.315 70.315 74.314 73.314 73.313 71.313 65.312 66.311 66.310 67.309 67.309 72.308 90.308 89.308 82.308 91.308 89.309 60.309 0.000 0.000 0.000 0.000 21.342 72.346 67.352 70.361 41.372 3.386 37.402 63.420 83.441 52.463 4.483 0.560 0.633 5.721 15.775 15.855 15.962 10.205 6.854 110.088 110.000 102.895 103.744 103.646 103.615 103.578 103.543 105.510 90.479 73.452 33.432 9.424 57.378 87.354 96.335 105.323 94.317 83.317 5.320 0.000 0.000 0.000 0.000
71.329 69.329 58.330 0.000 57.325 65.325 67.324 71.324 72.324 73.323 71.323 72.323 70.322 66.322 66.322 67.321 67.321 66.320 68.320 91.320 90.320 72.321 85.322 83.324 87.327 85.334 48.351 4.360 13.366 43.367 48.362 68.364 67.369 67.378 62.389 54.402 71.418 70.437 64.459 86.482 34.505 0.586 0.658 9.747 14.801 12.880 13.977 38.124 62.516 110.170 105.219 104.971 104.712 103.701 103.663 103.628 104.594 102.562 57.532 34.505 46.482 47.461 101.432 103.410 83.392 93.379 88.371 61.368 26.367 0.000 0.000 0.000 0.000
72.336 73.337 70.337 58.339 72.335 72.334 72.333 73.333 73.333 74.332 86.332 68.332 66.332 66.331 67.331 67.331 67.331 68.331 82.331 93.332 68.332 72.333 99.335 91.338 79.342 82.348 85.357 69.365 74.370 89.373 82.374 70.377 63.383 63.392 74.403 90.416 77.433 49.452 21.475 76.503 65.542 14.604 17.665 22.733 18.802 9.889 11.956 53.236 105.483 110.247 102.199 104.853 105.783 103.747 103.712 103.677 96.644 86.612 43.582 14.554 23.529 24.505 85.481 127.460 108.443 84.430 76.421 55.416 64.414 17.414 0.000 3.614 7.614
77.344 77.344 73.344 73.344 73.343 74.342 74.342 70.342 67.341 66.341 29.341 19.341 70.341 67.341 67.341 67.341 66.341 69.342 93.342 79.343 64.344 70.345 87.348 104.350 99.354 96.360 94.366 90.372 86.377 85.381 93.384 90.389 84.395 80.404 83.414 87.428 49.444 13.463 12.486 28.513 24.554 9.609 18.659 28.717 24.787 15.886 9.045 52.298 110.390 110.320 105.091 106.937 103.826 103.796 104.760 100.725 84.691 77.659 83.629 89.601 73.575 95.550 110.527 127.506 136.489 120.476 82.467 87.461 62.459 0.000 0.000 0.000 0.000
16.351 17.351 77.350 72.351 72.351 67.351 64.350 66.350 61.350 14.350 14.350 3.350 71.350 67.350 67.351 67.351 67.351 85.352 92.353 65.354 67.355 67.357 70.359 76.362 78.366 78.370 74.375 77.380 93.385 86.389 77.393 80.398 87.405 91.413 94.423 91.436 66.452 31.471 14.492 13.510 0.000 2.617 13.647 22.689 6.737 0.000 22.256 82.502 110.458 102.431 106.160 105.898 103.883 103.843 104.806 99.771 86.738 52.705 59.675 102.646 113.619 145.594 136.570 108.550 96.532 113.518 92.508 86.503 61.502 0.530 0.000 0.000 0.000
3.359 12.358 26.355 81.358 66.359 64.359 66.359 66.359 67.359 14.359 5.359 60.359 68.359 67.360 67.360 67.361 69.361 93.362 78.363 64.364 67.366 67.368 67.370 66.373 66.376 66.380 65.384 72.389 101.393 80.397 11.402 19.407 31.413 82.420 92.430 76.442 81.457 68.477 20.500 17.524 2.558 7.594 20.623 12.653 0.000 0.000 40.422 110.587 110.523 105.313 107.055 102.965 103.927 103.889 103.852 103.816 90.782 53.750 68.719 105.689 101.661 135.635 130.611 99.590 104.571 90.556 71.546 89.540 67.541 1.555 0.000 0.000 0.000
65.367 61.367 0.000 73.367 83.367 84.367 65.367 77.367 84.367 60.367 58.368 68.368 67.369 67.369 67.370 67.370 86.371 90.372 65.373 67.375 66.376 65.378 67.381 67.383 67.386 67.390 66.393 74.397 103.401 84.405 30.409 3.414 54.419 79.426 92.434 71.444 61.458 20.481 13.507 16.530 14.555 22.580 26.598 0.626 0.000 19.339 81.593 110.649 102.567 106.291 106.034 104.014 103.972 103.933 103.896 104.860 95.826 84.793 107.761 132.731 120.702 137.675 134.650 128.627 135.607 101.590 78.578 88.571 96.569 25.574 0.000 0.000 0.000
67.376 66.376 61.379 67.376 66.376 14.375 88.375 80.375 67.376 68.376 68.377 67.377 67.378 67.378 67.379 70.380 93.381 76.382 66.383 67.384 73.386 81.388 67.391 65.393 67.396 66.399 69.402 93.406 101.409 76.413 64.416 52.420 74.425 73.430 34.435 19.442 16.450 0.000 5.517 5.533 6.553 7.573 9.585 0.000 22.387 79.548 101.726 110.709 103.530 104.174 104.097 104.055 104.015 103.976 103.939 104.903 95.868 78.834 74.802 107.770 97.741 111.712 114.686 102.661 104.639 76.620 53.605 67.596 134.592 87.593 22.602 12.607 34.611
67.383 67.384 67.384 67.384 67.383 61.383 77.383 93.384 69.384 66.385 67.385 67.386 67.387 67.388 66.389 89.390 91.391 65.392 67.393 68.394 65.396 27.398 86.401 81.403 68.406 66.408 84.411 103.414 87.417 67.420 67.423 68.426 71.430 75.433 12.436 13.439 0.000 2.509 17.511 0.000 0.531 0.000 0.000 0.000 45.493 102.678 110.822 110.766 103.413 104.249 104.133 104.098 104.057 104.018 103.980 102.944 87.908 89.874 109.841 128.809 127.778 132.748 137.720 124.693 122.667 109.645 58.627 56.615 132.608 96.606 34.606 27.608 92.613
67.391 67.391 67.391 67.391 67.391 67.391 67.391 78.392 93.392 69.393 66.394 67.395 67.396 65.397 73.398 94.399 74.400 66.401 68.402 66.403 8.406 5.408 74.411 75.413 81.415 80.418 88.420 87.422 68.425 66.428 68.430 71.433 76.435 76.436 0.000 0.000 0.000 4.507 28.508 15.507 16.508 15.508 0.000 6.581 53.732 107.890 110.876 102.750 104.466 104.202 104.182 104.138 104.098 104.059 104.021 103.984 89.948 85.913 106.879 107.846 107.814 110.783 110.753 109.723 114.694 87.665 63.643 78.629 93.621 32.618 0.000 0.000 36.616
67.398 69.398 69.398 67.398 67.398 67.399 67.399 67.400 78.401 93.401 69.402 64.403 64.405 81.406 93.407 87.409 64.410 67.411 63.411 9.410 6.415 60.418 67.421 67.423 73.425 90.427 90.429 83.431 76.433 68.435 55.437 25.439 90.441 70.442 0.000 0.000 0.000 3.504 17.505 10.506 24.507 13.507 0.000 6.724 26.822 110.981 110.929 103.619 104.354 104.260 104.219 104.177 104.137 104.098 104.060 105.023 99.987 89.951 84.917 83.883 83.850 83.817 83.785 87.753 61.719 5.678 31.650 87.636 83.629 44.626 6.628 0.000 35.620
68.405 5.405 6.404 67.405 66.406 65.406 65.407 64.408 64.409 77.410 92.411 85.412 92.413 94.415 81.417 65.418 72.420 72.421 60.423 0.000 8.428 71.429 67.431 69.432 93.434 100.436 78.437 69.439 76.441 83.442 71.444 7.446 50.447 68.448 0.000 0.000 0.000 4.500 10.502 7.504 21.506 0.000 0.000 6.791 12.110 111.031 108.868 104.583 104.325 104.302 104.257 104.215 104.175 104.136 104.098 104.061 105.025 103.989 101.954 100.919 100.884 101.851 103.818 77.785 19.752 0.000 16.644 72.637 103.633 94.631 67.630 43.628 60.624
67.412 66.412 1.412 66.413 77.413 81.414 85.414 90.415 93.416 94.418 94.419 94.421 80.422 67.424 83.426 100.428 101.430 101.432 94.435 72.441 7.439 68.440 66.441 75.442 103.443 90.445 67.446 66.447 68.448 71.450 62.451 7.453 27.454 27.455 0.000 0.000 0.000 10.495 5.499 0.000 4.506 0.000 14.802 16.032 6.527 111.080 112.818 108.458 104.379 104.335 104.293 104.252 104.212 104.173 104.135 104.098 104.062 104.026 103.990 103.954 104.918 107.883 79.850 12.818 0.000 5.662 0.000 17.636 73.634 104.633 95.633 71.631 48.626
67.419 69.419 65.420 67.420 82.420 81.421 77.422 73.423 72.424 68.426 89.427 79.429 90.431 81.433 97.435 93.437 86.439 87.442 98.445 104.448 93.449 94.450 86.451 94.452 102.453 75.454 66.455 67.455 67.456 66.457 66.458 68.459 63.461 12.464 72.471 63.476 2.481 4.486 0.000 0.000 0.000 5.788 83.837 81.042 111.172 111.127 106.695 107.525 104.407 104.370 104.328 104.287 104.248 104.209 104.172 104.135 104.099 104.063 104.027 105.989 110.949 79.915 19.883 0.000 0.000 2.662 1.662 0.000 14.635 65.636 100.636 50.636 0.000
69.425 5.426 64.426 67.427 67.427 67.428 66.429 67.430 69.432 67.434 79.435 74.437 83.439 94.442 82.444 67.447 68.449 69.452 70.454 75.457 88.458 98.460 104.461 102.461 91.462 67.463 67.463 67.464 67.464 67.465 68.465 91.466 64.467 4.469 68.472 18.476 12.480 5.483 0.000 0.000 0.000 15.770 103.975 106.187 111.216 105.025 104.734 104.469 104.448 104.402 104.361 104.321 104.282 104.244 104.207 104.171 104.136 104.101 106.066 91.028 44.974 11.944 0.000 4.662 2.662 22.662 29.662 0.000 0.000 36.640 98.640 50.640 0.000
70.432 3.432 64.433 67.433 67.434 67.435 67.436 68.438 6.439 66.441 70.443 81.445 81.448 89.450 94.453 80.456 65.459 65.461 65.464 67.466 69.468 70.470 71.471 71.471 70.472 69.472 65.472 65.472 66.472 67.472 78.472 92.472 63.472 57.473 59.473 0.000 0.000 5.483 0.000 0.000 0.000 19.860 102.981 111.301 111.258 103.883 104.614 104.519 104.477 104.434 104.393 104.354 104.316 104.279 104.242 104.207 104.172 104.139 109.107 65.083 0.000 0.000 2.663 0.663 2.662 17.662 24.661 0.000 0.000 39.644 99.644 58.644 0.000
