results4_8e4_rain/res_4e8f-0163.wd
ncols         241
nrows         181
xllcorner     12693529.787448
yllcorner     3542525.717860
cellsize      155.156523
NODATA_value  -9999.000000
[rows 66 to 98 of 181, columns 146 to 218 of 241]
36.675 51.615 73.557 74.503 74.453 74.405 74.359 74.314 74.270 77.234 13.213 0.000 1.096 0.000 0.000 0.000 0.000 0.000 46.463 21.463 0.000 28.461 58.460 58.460 58.460 65.460 71.459 71.457 71.455 71.451 71.447 71.442 71.437 71.432 71.427 73.422 58.419 59.417 51.416 0.000 0.000 0.000 0.000 0.000 27.774 34.765 43.748 37.715 15.673 13.625 28.595 49.570 57.547 51.524 46.501 46.479 36.456 33.434 33.411 36.390 57.368 69.348 64.327 53.308 60.289 67.271 71.254 71.238 70.222 70.207 70.192 70.178 70.165
39.735 58.674 76.616 74.563 74.514 74.469 74.424 74.376 79.323 68.283 38.265 35.275 0.000 0.000 0.000 0.000 0.000 17.463 19.463 0.000 0.000 0.000 28.456 59.456 68.456 71.455 71.454 71.453 71.451 75.448 73.444 71.440 71.436 71.432 70.428 62.424 56.421 62.419 52.418 0.000 0.000 0.000 0.000 19.766 33.767 38.763 34.757 0.000 0.597 10.580 30.566 33.548 47.528 56.508 45.487 44.465 42.443 33.421 33.399 32.377 38.356 62.335 69.314 54.295 56.276 58.258 60.240 64.224 68.208 70.193 71.178 70.164 70.151
44.792 65.730 75.670 74.617 74.573 74.533 72.493 71.445 26.362 11.310 42.289 48.285 13.286 0.000 0.000 0.000 0.000 0.000 0.000 0.000 0.000 12.451 41.452 61.452 71.452 71.452 71.451 71.449 71.447 73.445 72.442 71.439 71.436 72.433 62.429 60.426 63.422 58.420 50.419 0.000 0.000 0.000 0.000 37.765 40.765 2.762 1.760 0.000 5.541 38.547 40.540 50.527 53.511 64.493 62.473 50.452 39.430 31.408 33.386 33.364 28.343 42.321 59.301 63.281 68.262 65.243 58.226 63.209 66.193 66.178 64.164 66.150 69.137
49.849 72.783 76.717 77.664 74.627 75.596 70.569 16.548 0.508 41.308 42.295 47.289 55.288 0.000 0.000 0.000 0.000 0.000 0.000 0.000 0.000 24.449 47.449 60.449 72.449 71.448 71.447 71.446 71.444 72.442 71.440 71.438 71.435 68.433 62.431 27.428 0.425 0.000 0.000 0.000 0.000 0.000 0.000 33.765 40.765 0.000 0.000 0.000 55.528 41.527 36.521 64.510 69.495 70.479 74.460 68.440 56.418 36.396 33.374 33.351 31.329 32.308 38.287 39.266 46.247 54.228 61.211 65.194 66.178 67.163 63.149 66.135 67.122
31.907 36.836 46.750 22.697 79.676 76.655 61.639 38.636 8.660 0.000 0.000 0.000 0.000 0.000 0.000 0.000 0.000 0.000 0.000 0.000 0.000 25.448 50.447 53.446 69.446 71.445 71.444 71.443 75.442 74.440 71.438 71.437 72.435 63.433 66.432 0.000 0.000 0.000 0.000 0.000 0.000 0.000 0.000 0.000 27.765 36.764 0.000 0.000 86.517 49.513 31.506 62.495 70.482 70.467 70.449 73.429 72.407 52.384 35.361 33.338 31.315 34.293 35.272 43.251 48.231 37.213 37.195 42.178 47.162 53.147 58.133 62.119 66.106
77.971 56.903 0.000 0.000 83.725 75.707 62.699 44.695 11.698 0.000 0.000 0.000 0.000 0.000 0.000 0.000 0.000 0.000 0.000 0.000 0.000 0.000 11.444 55.444 71.443 71.443 71.442 71.441 73.440 72.438 71.437 71.435 72.434 60.433 70.432 0.000 0.000 0.000 0.000 0.000 0.000 0.000 0.000 0.000 0.000 3.764 11.764 0.000 23.509 39.502 32.493 62.484 70.472 70.457 71.440 71.420 71.397 64.372 40.348 36.324 34.301 31.278 52.256 64.235 70.215 54.196 47.178 43.161 41.146 38.131 38.116 38.103 66.090
54.048 0.000 0.000 80.902 80.793 78.751 69.753 54.747 10.739 0.000 0.000 0.000 0.000 0.000 0.000 0.000 0.000 0.000 0.000 0.000 0.000 0.000 37.441 60.441 72.441 71.440 71.439 72.439 71.438 71.437 71.435 71.434 72.433 65.432 30.432 0.000 0.000 0.000 0.000 0.000 0.000 0.000 0.000 0.000 0.000 0.000 0.000 0.000 0.000 36.492 35.483 53.474 68.464 71.451 65.435 61.413 67.388 58.360 41.335 40.310 49.286 44.262 67.239 71.218 70.197 68.178 68.160 65.144 63.128 60.113 56.099 48.086 68.074
81.094 71.095 77.067 33.012 0.000 0.000 75.814 49.803 10.771 0.000 12.989 0.000 0.000 0.000 0.000 0.000 0.000 0.000 0.000 0.000 0.000 0.438 53.439 65.438 72.438 71.438 71.437 73.437 73.436 71.435 71.434 71.433 70.432 66.432 15.431 0.000 0.000 0.000 0.000 0.000 0.000 0.000 0.000 0.000 0.000 0.000 0.000 0.000 0.000 0.000 24.471 50.466 68.459 69.449 50.434 53.410 55.381 52.347 37.320 34.296 57.271 66.246 70.221 72.199 72.178 73.159 71.141 71.125 72.110 71.095 72.082 72.069 71.056
83.140 75.123 80.095 31.066 0.000 0.000 66.887 14.881 0.000 0.000 44.989 7.989 0.000 0.000 0.000 0.000 0.000 0.000 0.000 0.000 0.000 0.000 56.436 68.436 72.436 71.436 71.435 72.435 72.434 71.433 71.433 72.432 68.431 63.431 13.430 0.000 0.000 0.000 0.000 0.000 0.000 0.000 0.000 0.000 0.000 0.000 0.000 0.000 16.461 18.461 29.463 45.461 67.457 69.451 15.445 0.000 0.000 42.325 36.304 31.282 45.257 64.228 70.202 72.179 72.158 72.139 70.121 70.105 71.090 70.076 70.063 71.050 71.039
75.203 75.162 75.125 73.091 60.061 46.021 38.965 37.952 33.975 36.985 39.989 39.989 11.989 0.000 0.000 0.000 0.000 0.000 17.428 19.428 0.000 9.434 55.434 69.434 71.434 71.434 71.434 71.433 71.433 71.432 71.431 71.431 53.430 48.429 46.429 41.428 5.427 0.000 0.000 0.000 0.000 0.000 0.000 0.000 0.000 0.000 0.000 0.000 20.460 46.460 37.460 41.459 61.456 62.452 35.450 0.000 0.000 0.000 33.288 38.272 37.245 56.208 69.179 70.156 70.136 70.117 70.100 70.085 70.070 70.057 70.044 70.032 70.020
75.242 75.196 75.151 74.110 71.073 73.036 47.002 25.987 63.988 36.991 40.992 16.991 0.000 0.000 0.000 0.000 0.000 0.000 17.428 63.428 12.428 0.431 54.432 68.432 72.432 71.432 73.432 74.432 72.431 71.431 71.430 69.430 62.429 53.428 54.428 53.427 6.427 0.000 0.000 0.000 0.000 0.000 0.000 0.000 0.000 0.000 0.000 0.000 14.460 49.459 41.459 48.457 63.455 58.453 64.452 0.000 0.000 0.000 0.000 0.000 0.000 46.180 69.152 70.131 70.111 70.094 70.078 70.063 70.049 70.036 70.024 70.012 70.001
75.276 75.228 76.175 78.126 75.084 75.048 74.021 75.005 66.000 43.998 15.998 0.000 0.000 0.000 0.000 0.000 0.000 0.000 4.428 56.428 43.428 33.429 49.430 71.431 71.431 71.431 71.431 71.430 71.430 71.430 71.429 71.429 69.428 48.427 52.427 59.426 2.426 0.000 0.000 0.000 0.000 0.000 0.000 0.000 0.000 0.000 0.000 0.000 10.459 61.459 5.458 28.457 51.455 58.454 19.453 0.000 0.000 0.000 0.000 0.000 0.000 0.152 58.118 71.103 70.086 70.069 70.054 70.040 70.027 70.015 70.004 69.993 69.982
78.313 74.267 71.193 73.136 76.090 76.050 78.027 75.014 73.007 60.004 9.003 0.000 0.000 0.000 0.000 0.000 0.000 0.000 0.000 12.428 47.428 39.429 55.429 73.429 71.430 71.430 71.430 71.429 71.429 71.429 71.428 71.428 72.427 61.426 48.426 52.425 58.425 0.424 0.000 0.000 0.000 0.000 0.000 0.000 0.000 0.000 0.000 0.000 0.000 6.459 0.000 0.000 36.454 55.454 0.000 0.000 0.000 0.000 0.000 0.000 0.000 0.000 46.098 67.078 70.059 70.043 70.029 70.017 70.005 69.994 69.983 69.973 69.962
71.356 32.335 0.000 0.000 0.000 68.034 73.025 79.017 75.012 64.008 14.007 0.000 48.011 18.011 0.000 0.000 0.000 0.000 0.000 0.000 39.428 43.428 64.428 72.428 73.429 74.429 71.429 71.428 71.428 71.428 71.427 71.427 71.426 72.426 51.425 33.424 42.424 3.423 0.000 0.000 0.000 0.000 0.000 0.000 0.000 0.000 0.000 0.000 0.000 0.000 0.000 0.000 25.454 58.454 0.000 0.000 0.000 0.000 0.000 0.000 0.000 0.000 0.000 47.054 67.029 70.014 70.003 69.992 69.982 69.972 69.962 69.952 69.942
66.393 23.380 0.000 0.000 43.026 41.026 58.022 77.017 74.013 59.011 40.010 44.011 48.011 14.011 0.000 0.000 0.000 0.000 10.425 0.000 40.427 51.427 71.427 71.428 74.428 74.428 71.428 71.428 71.427 71.427 71.426 71.426 71.425 72.425 68.424 63.424 52.423 32.422 26.421 0.000 0.000 0.000 0.000 0.000 0.000 0.000 0.000 0.000 0.000 0.000 0.000 0.000 27.454 19.454 0.000 0.000 0.000 0.000 0.000 0.000 0.000 0.000 0.000 0.000 51.989 67.983 69.975 69.967 69.959 69.951 69.942 69.932 69.922
72.421 53.414 25.421 0.000 0.000 43.023 43.020 65.017 77.014 55.012 42.011 47.011 25.011 0.000 0.000 0.000 0.000 0.000 39.425 32.425 37.426 54.426 73.427 73.427 74.427 71.427 71.427 71.427 71.427 71.426 71.426 71.425 71.425 71.424 71.423 73.423 62.422 50.421 39.421 40.420 33.419 24.419 29.419 0.000 0.000 0.000 0.000 0.000 0.000 0.000 0.000 0.000 30.454 5.454 0.000 0.000 0.000 0.000 0.000 0.000 0.000 0.000 0.000 0.000 36.955 64.952 68.948 69.943 69.937 69.930 69.921 69.912 69.903
75.442 66.434 19.428 0.000 0.000 0.000 42.018 47.016 74.014 62.013 43.012 46.011 21.011 0.000 0.000 0.000 0.000 0.000 42.425 35.425 38.425 56.426 75.426 74.426 72.426 72.427 71.427 71.426 71.426 71.426 71.425 72.425 72.424 72.424 66.423 57.422 61.421 68.421 61.420 59.419 47.419 34.419 41.418 0.000 0.000 0.000 0.000 0.000 0.000 0.000 0.000 0.000 0.000 0.000 0.000 0.000 0.000 0.000 0.000 0.000 0.000 0.000 0.000 0.000 28.924 59.924 69.922 71.919 71.915 71.910 70.902 69.894 69.883
75.459 50.454 0.000 0.000 0.000 0.000 0.000 49.014 62.014 56.013 55.012 52.012 42.011 20.011 0.000 0.000 0.000 0.000 41.425 34.425 39.425 54.425 66.426 63.426 58.426 60.426 65.426 70.426 72.426 72.425 70.425 60.424 58.424 63.423 52.422 49.421 49.421 60.420 64.420 59.419 45.419 34.418 6.418 0.000 0.000 0.000 0.000 0.000 0.000 0.000 0.000 0.000 0.000 0.000 0.000 0.000 0.000 0.000 0.000 0.000 0.000 0.000 0.000 0.000 16.894 41.896 47.898 49.897 49.895 50.891 59.885 68.876 69.865
74.472 40.468 0.000 0.000 0.000 0.000 0.000 44.014 38.013 37.013 45.012 45.012 45.012 41.011 14.011 0.000 0.000 0.000 46.424 41.424 46.425 56.425 59.425 62.426 20.426 0.000 0.000 11.426 72.425 69.425 58.425 13.424 0.000 0.000 51.421 83.421 76.420 55.420 61.419 55.419 44.418 29.418 32.418 0.000 0.000 0.000 0.000 0.000 0.000 0.000 0.000 0.000 0.000 0.000 0.000 0.000 0.000 0.000 12.810 2.810 20.810 41.815 52.823 51.837 69.861 77.870 78.875 76.877 78.877 65.875 48.870 66.862 69.848
72.481 37.478 0.000 0.000 0.000 0.000 0.000 44.013 40.013 19.013 0.000 0.000 0.000 0.000 0.000 0.000 0.000 0.000 52.424 46.424 41.424 37.424 23.424 0.000 0.000 0.000 0.000 0.000 0.000 0.000 45.424 7.424 0.000 0.000 0.000 46.420 79.419 39.419 40.419 39.418 35.418 38.418 85.418 44.417 0.000 0.000 0.000 0.000 0.000 0.000 0.000 0.000 0.000 0.000 0.000 0.000 11.786 2.786 0.000 0.000 6.806 88.810 84.818 66.828 67.841 64.850 65.855 87.859 80.861 66.861 46.859 55.852 54.835
58.488 39.486 33.488 0.000 0.000 0.000 0.000 0.000 42.013 26.013 0.000 0.000 0.000 0.000 0.000 0.000 0.000 0.000 52.424 52.424 53.424 36.424 11.424 0.000 0.000 0.000 0.000 0.000 0.000 0.000 41.423 18.423 0.000 0.000 0.000 45.419 94.419 58.419 61.418 56.418 41.418 59.418 113.417 110.417 41.417 0.000 0.000 0.000 0.000 0.000 0.000 0.000 0.000 0.000 0.000 0.000 1.785 19.786 9.788 7.791 16.798 91.803 58.809 66.817 57.825 38.832 49.838 92.842 58.846 45.849 52.854 6.853 0.000
42.492 42.490 28.490 0.000 0.000 0.000 0.000 0.000 0.000 0.000 0.000 0.000 0.000 0.000 0.000 0.000 0.000 0.000 55.423 46.423 40.423 38.424 12.424 0.000 0.000 0.000 0.000 0.000 0.000 38.423 31.423 56.423 52.423 0.000 4.419 51.419 57.419 49.418 92.418 81.417 52.417 5.417 69.417 124.417 8.417 0.000 0.000 0.000 0.000 0.000 0.000 0.000 20.783 17.783 12.784 1.784 70.785 108.785 99.786 95.788 42.791 86.795 54.799 43.805 90.811 71.816 91.822 72.827 42.831 50.836 0.000 0.000 0.000
45.495 46.493 38.492 0.000 0.000 0.000 0.000 0.000 0.000 0.000 0.000 0.000 0.000 0.000 0.000 0.000 0.000 0.000 9.423 50.423 40.423 18.423 0.000 0.000 0.000 0.000 0.000 0.000 0.000 40.423 37.423 13.423 0.000 0.000 0.000 25.419 4.419 0.000 5.417 47.417 3.417 0.000 25.417 91.417 46.417 0.000 0.000 0.000 0.000 0.000 0.000 0.000 0.000 2.783 0.000 0.000 26.784 6.784 70.783 74.783 25.784 86.786 63.789 36.792 54.796 104.801 118.806 52.812 40.818 7.827 0.000 0.000 16.678
44.496 45.494 45.493 49.493 41.493 0.000 0.000 0.000 0.000 0.000 0.000 0.000 0.000 0.000 0.000 0.000 0.000 0.000 0.000 40.423 36.423 20.423 0.000 0.000 0.000 0.000 0.000 0.000 41.423 38.423 15.423 0.000 0.000 0.000 0.000 0.000 0.000 0.000 0.000 51.415 0.415 0.000 25.417 0.000 0.000 0.000 0.000 0.000 0.000 0.000 0.000 0.000 0.000 11.783 5.783 7.783 0.784 0.000 46.778 65.778 24.777 88.776 68.777 38.779 87.782 90.786 85.790 93.796 57.801 0.000 0.000 0.000 30.664
46.497 24.495 35.494 44.493 44.493 44.493 43.493 0.000 0.000 0.000 0.000 0.000 0.000 0.000 0.000 0.000 0.000 0.000 0.000 42.423 38.423 22.423 0.000 0.000 0.000 0.000 0.000 0.000 0.000 44.423 16.423 0.000 0.000 0.000 0.000 0.000 0.000 3.414 15.414 38.414 42.414 19.414 0.000 0.000 0.000 0.000 0.000 0.000 0.000 0.000 0.000 0.000 0.000 0.783 0.000 4.783 0.000 0.000 49.775 69.773 29.770 89.766 74.764 88.764 88.766 47.769 40.773 85.780 34.790 0.000 0.000 31.633 39.644
51.498 0.000 0.000 41.493 30.493 0.000 43.493 33.493 0.000 0.000 0.000 0.000 0.000 0.000 0.000 0.000 0.000 0.000 0.000 41.422 38.422 26.422 0.000 0.000 0.000 0.000 0.000 0.000 0.000 0.000 0.000 0.000 0.000 0.000 0.000 0.000 0.000 0.000 54.413 71.413 32.413 0.000 0.000 0.000 0.000 0.000 0.000 0.000 0.000 0.000 0.000 0.000 0.000 0.000 0.000 9.783 0.000 0.000 84.772 70.770 31.764 89.753 86.749 78.748 70.749 56.752 57.755 26.759 0.000 0.000 15.617 34.623 41.628
48.498 0.000 0.000 28.493 20.493 0.000 0.000 0.000 0.000 52.483 48.482 39.482 0.000 0.000 0.000 0.000 0.000 0.000 0.000 45.422 41.422 23.422 0.000 0.000 0.000 0.000 0.000 0.000 0.000 0.000 0.000 0.000 0.000 0.000 0.000 0.000 0.000 0.000 17.413 101.413 67.413 0.000 0.000 0.000 0.000 0.000 0.000 0.000 0.000 0.000 0.000 0.000 0.000 0.000 0.000 0.000 0.000 0.000 16.772 0.000 0.000 63.732 104.731 83.731 82.731 80.733 83.737 31.742 0.000 0.000 19.612 33.613 34.615
64.496 0.000 0.000 0.000 0.000 50.487 37.486 0.000 48.483 42.483 42.482 34.482 0.000 0.000 0.000 0.000 0.000 0.000 0.000 45.422 40.422 28.422 0.000 0.000 0.000 0.000 0.000 0.000 0.000 0.000 0.000 0.000 0.000 0.000 0.000 0.000 0.000 0.000 0.000 45.413 37.413 8.412 0.000 0.000 0.000 0.000 0.000 0.000 0.000 0.000 0.000 0.000 0.000 0.000 0.000 0.000 0.000 0.000 0.000 0.000 0.000 10.712 46.712 47.712 45.712 45.713 42.717 38.729 0.000 0.000 12.604 33.604 31.604
75.494 64.492 46.491 47.490 46.489 40.487 41.486 42.485 40.484 45.483 44.482 35.482 32.482 0.000 0.000 0.000 0.000 0.000 0.000 32.422 0.000 0.000 0.000 0.000 0.000 0.000 0.000 0.000 0.000 0.000 0.000 0.000 0.000 0.000 0.000 0.000 0.000 0.000 0.000 0.000 44.412 7.412 0.000 0.000 0.000 0.000 0.000 0.000 0.000 0.000 0.000 0.000 0.000 0.000 0.000 0.000 0.000 0.000 0.000 0.000 0.000 1.693 34.693 33.693 33.692 49.691 44.689 0.000 0.000 0.000 5.596 46.595 58.593
75.493 69.492 39.491 39.490 39.489 22.487 23.486 27.485 37.484 46.483 43.482 35.482 38.482 27.482 0.000 0.000 0.000 0.000 0.000 0.000 0.000 0.000 0.000 0.000 0.000 0.000 0.000 0.000 0.000 0.000 0.000 0.000 0.000 0.000 0.000 0.000 0.000 0.000 0.000 0.000 1.412 47.412 6.412 0.000 0.000 0.000 0.000 0.000 0.000 0.000 0.000 0.000 0.000 0.000 0.000 0.000 0.000 0.000 0.000 0.000 26.664 29.672 33.675 33.674 35.672 54.668 44.660 27.643 0.000 0.000 41.590 62.587 69.583
75.492 73.492 43.491 40.490 20.489 0.000 0.000 0.000 0.000 37.482 40.482 38.482 31.481 0.000 0.000 0.000 0.000 0.000 0.000 0.000 0.000 0.000 0.000 0.000 0.000 0.000 0.000 0.000 0.000 0.000 0.000 0.000 0.000 0.000 0.000 0.000 0.000 0.000 0.000 0.000 0.000 50.412 12.412 0.000 0.000 0.000 0.000 0.000 0.000 0.000 0.000 0.000 0.000 0.000 0.000 0.000 0.000 0.000 0.000 0.000 37.655 34.658 33.659 29.658 42.655 59.649 43.640 32.626 27.607 27.595 51.586 68.580 69.574
75.491 73.491 26.491 30.490 0.000 0.000 0.000 0.000 0.000 0.000 28.482 41.481 33.481 0.000 0.000 0.000 0.000 0.000 0.000 0.000 0.000 0.000 0.000 0.000 0.000 0.000 0.000 0.000 0.000 0.000 0.000 0.000 0.000 0.000 0.000 0.000 0.000 0.000 0.000 0.000 0.000 0.000 18.412 0.000 0.000 0.000 0.000 0.000 0.000 0.000 0.000 0.000 6.628 14.628 0.000 0.000 0.000 0.000 0.000 31.639 29.644 28.646 33.646 47.644 60.640 50.634 34.625 32.614 34.601 31.590 52.581 70.573 69.566
75.491 49.491 0.000 0.000 0.000 0.000 0.000 0.000 0.000 0.000 0.000 31.481 38.481 36.480 0.000 0.000 0.000 0.000 0.000 0.000 0.000 0.000 0.000 0.000 0.000 0.000 0.000 0.000 0.000 0.000 0.000 0.000 0.000 0.000 0.000 0.000 0.000 0.000 0.000 0.000 0.000 0.000 0.000 0.000 0.000 0.000 0.000 0.000 0.000 0.000 0.000 0.000 0.000 7.628 9.628 0.000 36.629 28.630 26.631 38.634 52.636 57.637 59.635 59.632 45.627 33.621 32.613 32.604 31.593 33.584 56.575 71.566 69.558
