results4_8e4_rain/res_4e8f-0227.wd
ncols         241
nrows         181
xllcorner     12693529.787448
yllcorner     3542525.717860
cellsize      155.156523
NODATA_value  -9999.000000
[rows 33 to 65 of 181, columns 73 to 145 of 241]
0.000 0.000 0.000 0.000 0.000 0.000 0.000 0.000 0.000 0.000 0.000 0.000 0.000 0.000 0.000 0.000 0.000 0.000 0.000 0.000 0.000 0.000 0.000 0.000 0.000 0.000 0.000 0.000 0.000 0.000 0.000 0.000 0.000 0.000 0.000 0.000 0.000 0.000 0.000 39.963 62.964 67.966 23.968 0.000 0.000 33.044 47.072 14.051 5.051 37.072 40.087 34.085 35.066 36.029 35.975 35.902 35.808 34.690 40.535 60.296 6.808 14.915 12.189 47.343 63.799 68.327 66.886 67.487 66.021 68.105 63.159 62.768 62.757
0.000 0.000 0.000 0.000 0.000 0.000 0.000 0.000 0.000 0.000 0.000 0.000 0.000 0.000 0.000 0.000 0.000 0.000 0.000 0.000 0.000 0.000 0.000 0.000 0.000 0.000 0.000 0.000 0.000 0.000 0.000 0.000 0.000 0.000 0.000 0.000 0.000 0.000 0.000 0.000 14.964 9.965 0.000 0.000 0.000 0.000 29.164 0.000 0.000 27.113 51.154 50.158 40.141 36.104 36.046 35.966 35.865 34.744 56.607 54.452 0.000 37.747 50.310 63.734 68.213 67.733 67.303 66.809 67.868 63.885 63.185 63.437 65.737
0.000 0.000 0.000 0.000 0.000 0.000 0.000 0.000 0.000 0.000 0.000 0.000 0.000 0.000 0.000 0.000 0.000 0.000 35.378 67.378 20.378 0.000 0.000 0.000 0.000 0.000 0.000 0.000 0.000 0.000 0.000 0.000 0.000 0.000 0.000 0.000 0.000 0.000 0.000 0.000 0.000 0.000 0.000 0.000 0.000 0.000 21.255 0.000 0.000 0.000 29.258 47.252 47.235 38.199 36.140 36.053 33.941 49.813 58.699 0.000 23.408 48.017 62.570 69.072 68.578 68.122 67.601 69.632 65.618 63.729 64.127 66.450 65.694
0.000 0.000 0.000 0.000 0.000 0.000 0.000 0.000 0.000 0.000 0.000 22.380 60.380 0.380 0.000 0.000 0.000 0.000 42.378 93.378 49.377 0.000 0.000 0.000 0.000 0.000 0.000 0.000 0.000 0.000 0.000 0.000 0.000 0.000 0.000 0.000 0.000 0.000 0.000 0.000 0.000 0.000 0.000 0.000 0.000 0.000 24.347 25.388 32.406 18.404 28.367 36.358 49.347 40.318 36.260 33.166 44.034 53.867 42.677 18.333 47.799 65.342 69.882 69.402 68.937 68.396 68.400 67.361 64.384 64.831 67.169 66.420 66.184
0.000 0.000 0.000 0.000 0.000 0.000 0.000 0.000 0.000 0.000 0.000 43.380 78.380 67.380 54.379 9.379 3.379 27.379 81.378 89.378 54.377 0.000 0.000 0.000 0.000 23.435 2.435 0.000 0.000 0.000 0.000 0.000 0.000 0.000 0.000 0.000 0.000 7.436 0.000 0.000 0.000 11.434 29.434 0.000 0.000 40.410 55.398 58.411 56.426 42.439 36.448 35.466 49.477 40.466 32.417 46.316 60.160 47.945 35.809 50.522 55.113 67.672 70.208 69.746 69.193 69.172 67.117 65.148 65.553 67.899 67.158 66.927 66.593
0.000 0.000 0.000 0.000 0.000 0.000 0.000 0.000 0.000 0.000 0.000 14.380 76.380 59.380 40.380 2.379 23.379 73.379 84.378 91.377 50.377 0.000 0.000 0.000 0.435 61.435 45.435 0.000 0.000 0.000 0.000 0.000 0.000 0.000 0.000 0.436 24.436 36.436 38.436 0.000 0.000 20.434 45.434 24.432 38.429 61.423 64.422 65.432 62.450 49.477 36.520 33.581 50.630 41.652 45.626 63.521 57.346 0.000 34.091 52.835 65.458 71.020 70.563 70.003 69.958 67.891 66.039 66.297 68.646 67.916 67.692 67.358 67.025
0.000 0.000 0.000 0.000 0.000 0.000 0.000 0.000 0.000 0.000 0.000 0.000 0.000 27.380 65.380 61.380 49.379 62.379 82.378 93.377 46.376 0.000 0.000 0.000 0.000 23.435 47.435 49.435 0.000 0.000 0.000 0.000 0.000 0.000 0.000 0.000 40.436 41.436 53.435 36.435 25.435 39.435 40.434 36.434 43.433 50.432 48.435 41.444 60.463 26.499 42.575 45.707 35.810 47.887 60.915 57.794 0.337 9.041 45.630 62.269 70.865 71.403 70.850 70.776 67.704 67.097 67.070 69.410 68.692 68.478 68.153 67.821 67.462
0.000 0.000 0.000 0.000 0.000 0.000 0.000 0.000 0.000 0.000 0.000 0.000 0.000 17.380 84.380 79.380 69.380 59.379 83.378 91.377 86.374 71.370 26.368 0.000 0.000 0.000 3.435 57.435 41.435 39.435 50.435 45.435 8.435 0.000 0.000 4.436 40.436 39.436 60.436 66.436 55.435 47.435 39.435 36.435 37.436 38.437 37.441 35.448 43.461 4.480 0.000 4.861 41.015 64.170 62.352 1.640 7.731 45.447 59.114 68.758 72.297 71.859 72.635 68.588 68.396 67.891 70.200 69.488 69.281 68.971 68.655 68.304 67.913
0.000 0.000 0.000 0.000 0.000 0.000 0.000 0.000 0.000 0.000 0.000 0.000 0.000 0.000 17.380 56.381 31.381 67.381 86.379 91.377 89.373 87.369 76.365 35.362 0.362 0.000 0.000 13.435 52.435 52.435 65.435 63.435 56.435 51.435 0.000 0.000 7.436 44.436 63.436 70.436 62.436 46.436 35.436 36.437 36.438 36.439 36.442 36.447 40.452 0.000 0.000 0.000 11.221 48.426 17.887 15.152 50.092 54.899 66.643 73.250 73.104 71.345 69.675 70.063 68.793 71.035 70.312 70.100 69.796 69.500 69.184 68.830 68.399
0.000 0.000 0.000 0.000 0.000 0.000 0.000 0.000 0.000 0.000 0.000 0.000 0.000 0.000 0.000 2.382 88.383 88.383 90.382 90.378 89.373 83.367 77.362 48.359 0.000 0.000 0.000 0.000 0.000 20.435 65.435 59.435 74.435 71.435 50.435 29.436 30.436 39.436 61.436 70.436 61.436 44.436 34.437 39.438 38.439 36.441 36.443 36.446 37.448 29.447 0.000 0.000 0.000 0.000 9.618 52.654 55.583 63.440 74.164 74.277 72.639 74.534 72.297 69.836 71.948 71.185 70.942 70.626 70.334 70.045 69.753 69.431 67.995
0.000 0.000 0.000 0.000 0.000 0.000 23.358 46.355 0.000 24.296 64.286 53.273 57.262 32.256 0.000 0.000 24.385 96.386 90.386 87.382 84.374 87.365 78.357 41.352 0.000 0.000 0.000 0.000 0.000 0.000 0.000 9.435 63.435 64.435 15.435 0.000 6.436 43.436 61.436 66.436 56.436 47.436 45.437 7.438 14.439 42.441 36.443 36.445 37.446 43.446 51.446 13.446 0.000 0.000 25.313 58.265 62.158 72.968 75.183 74.816 78.092 76.673 71.178 72.986 72.134 71.826 71.471 71.157 70.864 70.594 70.352 70.147 76.002
0.000 0.000 0.000 0.000 0.000 0.000 23.361 66.352 8.332 58.307 60.288 72.271 55.258 40.249 0.000 0.000 12.387 81.389 93.394 90.389 90.377 91.362 85.349 39.340 0.000 0.000 0.000 0.000 0.000 0.000 0.000 0.000 0.000 48.435 7.435 0.000 2.436 49.436 46.436 58.436 15.436 0.000 0.000 0.000 0.000 8.442 46.443 40.445 3.445 33.446 67.446 50.446 3.446 0.000 30.066 63.904 72.806 75.927 75.683 79.852 79.106 72.533 74.102 73.153 72.760 72.345 71.988 71.663 71.370 71.116 70.914 70.802 75.866
21.623 65.617 55.611 0.000 0.000 0.000 17.372 77.360 53.337 55.311 61.287 85.266 86.249 81.234 35.220 0.000 0.000 0.000 41.413 95.402 90.383 91.359 88.335 47.319 0.000 0.000 0.000 0.000 0.000 0.000 0.000 0.000 0.000 6.435 0.000 0.000 0.000 0.000 0.000 0.000 0.000 0.000 0.000 0.000 0.000 0.000 0.000 21.445 18.445 0.000 0.000 0.000 0.000 19.478 56.894 73.847 75.523 76.456 80.803 80.407 73.562 75.124 74.164 73.711 73.241 72.835 72.467 72.136 71.840 71.584 71.386 71.280 74.344
21.624 77.616 59.606 55.594 0.000 0.000 4.397 69.378 71.346 71.314 83.283 80.258 92.237 91.218 52.206 0.000 0.000 0.000 17.444 97.424 90.392 91.354 88.315 48.282 0.000 0.000 8.844 56.806 68.765 37.737 0.000 0.000 0.000 0.000 0.000 0.000 0.000 0.000 0.000 0.000 0.000 0.000 0.000 0.000 0.000 0.000 0.000 0.000 6.445 0.000 0.000 0.000 17.443 57.950 74.911 75.493 81.722 81.212 74.833 75.396 75.900 75.085 74.621 74.128 73.687 73.282 72.912 72.574 72.268 71.996 71.766 78.588 19.466
85.627 82.616 61.602 62.583 54.553 1.510 59.440 54.408 62.356 75.315 79.274 90.246 91.221 90.198 59.179 0.000 0.000 0.000 16.494 96.458 90.408 91.351 86.288 66.212 50.094 50.986 50.881 58.810 79.751 46.709 0.000 0.000 0.000 0.000 0.000 0.000 0.000 0.000 0.000 0.000 0.000 0.000 0.000 0.000 0.000 0.000 0.000 0.000 0.000 0.000 15.533 46.310 55.818 74.805 76.395 83.058 82.467 75.381 77.103 76.440 75.901 75.449 74.968 74.517 74.091 73.694 73.325 72.980 72.661 72.366 79.094 24.841 0.000
82.632 77.620 75.604 58.583 62.553 62.518 53.480 46.457 0.000 0.000 21.253 80.231 91.203 89.172 74.133 41.079 0.000 3.669 65.580 86.506 91.432 90.354 91.273 81.185 57.084 53.983 52.886 61.801 79.721 62.639 48.525 49.436 53.370 64.329 28.313 0.000 0.000 0.000 0.000 0.000 0.000 0.000 0.000 0.000 0.000 0.000 0.000 0.000 0.000 0.000 26.733 66.573 74.520 77.168 83.938 83.541 76.104 77.775 76.999 76.630 76.193 75.744 75.304 74.876 74.468 74.080 73.712 73.362 73.030 78.712 25.403 0.000 0.000
71.640 23.627 91.611 62.591 56.557 57.528 59.502 59.485 48.483 0.000 0.000 1.217 25.189 96.154 86.102 64.025 55.901 62.758 61.650 63.554 71.458 72.362 59.266 56.171 54.073 53.975 52.879 61.786 76.694 55.600 52.500 57.412 73.345 76.305 61.297 35.297 0.000 0.000 0.000 0.000 0.000 0.000 0.000 0.000 0.000 0.000 0.000 0.000 0.000 17.572 59.418 75.029 77.870 84.505 84.259 76.799 78.445 77.664 77.309 76.883 76.463 76.042 75.625 75.218 74.824 74.445 74.080 73.727 79.385 25.048 0.000 0.000 0.000
17.648 90.636 91.623 77.611 0.000 4.536 64.517 60.497 71.480 62.462 0.000 1.229 4.195 84.153 81.095 66.019 56.921 53.812 53.708 56.603 69.484 77.368 80.258 73.159 63.063 55.966 54.869 70.770 73.669 48.567 52.464 52.369 53.291 57.249 36.273 0.000 0.000 0.000 6.820 0.000 0.000 0.000 0.000 0.000 0.000 0.000 0.000 20.796 52.465 60.321 73.835 85.166 84.782 77.851 78.447 79.016 78.329 77.967 77.549 77.143 76.737 76.334 75.936 75.546 75.166 74.796 75.436 82.083 25.734 0.000 0.000 0.000 0.000
95.657 91.647 91.635 91.620 78.598 61.562 61.533 61.506 52.479 1.439 18.346 25.285 77.225 74.169 77.107 70.034 70.951 70.861 70.768 73.665 68.506 68.370 70.239 74.144 75.053 72.959 68.859 79.755 77.647 65.534 66.419 66.307 68.204 43.126 0.000 0.000 0.000 0.000 7.820 0.000 0.000 0.000 0.000 0.000 0.000 7.680 55.455 56.017 77.029 77.585 86.227 85.750 80.337 80.055 79.445 78.980 78.604 78.195 77.798 77.402 77.009 76.621 76.239 75.864 75.498 76.138 79.784 12.433 0.000 0.000 0.000 0.000 0.000
94.666 90.658 90.649 91.635 88.612 66.581 60.548 61.514 62.477 54.430 3.369 69.309 66.250 67.191 68.129 63.061 66.987 71.912 79.840 64.781 0.000 0.306 15.185 73.126 69.045 68.956 68.855 68.745 68.628 68.503 68.373 68.236 66.090 60.925 33.704 0.000 9.337 53.117 59.820 71.517 41.282 0.000 0.000 0.000 1.562 56.882 67.662 79.583 80.218 86.961 86.626 80.985 80.664 79.930 79.603 79.216 78.821 78.430 78.042 77.657 77.276 76.901 76.534 76.175 76.822 79.475 27.129 0.000 0.000 0.000 0.000 0.000 0.000
80.673 80.672 80.670 91.657 91.634 81.602 57.564 60.525 61.485 61.440 67.388 76.333 60.275 57.217 55.156 62.092 77.026 75.960 60.898 40.839 0.000 0.000 0.000 1.136 58.047 52.964 52.860 52.743 52.615 53.479 56.333 57.175 56.996 55.779 56.484 55.033 54.557 63.194 69.827 67.449 74.047 71.511 66.002 63.490 65.860 77.510 81.033 80.826 87.454 87.237 81.622 81.278 80.530 80.205 79.812 79.428 79.044 78.662 78.283 77.908 77.537 77.173 76.821 77.479 78.142 16.808 0.000 0.000 0.000 0.000 0.000 0.000 0.000
0.000 46.686 58.700 86.691 90.667 71.629 54.581 53.537 61.497 61.457 60.412 54.359 55.301 61.246 78.188 77.126 60.063 53.005 42.951 0.000 62.513 71.451 67.355 68.232 71.105 73.994 72.879 73.752 76.612 75.462 72.306 74.136 68.941 54.709 58.420 57.058 61.664 79.274 85.844 82.405 75.948 70.480 72.026 78.492 83.346 81.787 88.058 87.709 81.607 83.217 81.804 81.144 80.805 80.409 80.026 79.643 79.263 78.889 78.520 78.155 77.791 78.434 76.099 71.777 23.459 0.000 0.000 0.000 0.000 0.000 0.000 0.000 0.524
0.000 0.000 51.754 70.740 81.712 56.664 48.596 55.543 53.509 60.479 61.443 61.392 54.323 71.277 63.223 52.161 55.097 47.044 0.000 71.664 74.574 74.484 76.382 77.267 80.146 84.028 82.908 82.775 82.617 84.453 85.292 83.120 70.924 56.697 58.428 58.115 57.768 60.393 33.872 6.378 95.856 137.456 114.991 80.925 82.445 89.019 88.582 82.053 84.783 82.199 81.757 81.400 81.007 80.622 80.236 79.853 79.478 79.112 78.755 78.400 80.038 74.673 63.363 18.070 0.000 0.000 0.000 0.000 0.000 0.000 0.000 0.770 47.631
3.994 0.000 6.823 27.802 62.777 44.721 0.000 50.531 55.518 55.506 61.491 50.441 0.000 55.315 53.265 55.197 56.120 66.031 79.906 76.754 78.637 84.530 94.422 138.308 135.183 135.066 134.951 134.823 135.627 119.442 51.290 54.127 51.940 59.725 58.481 55.205 52.901 34.659 0.000 0.000 4.661 62.368 79.378 83.973 89.709 89.391 81.650 83.352 82.652 82.350 81.982 81.601 81.218 80.832 80.443 80.057 79.682 79.326 79.986 78.651 70.289 58.857 16.610 0.000 0.000 0.000 0.000 0.000 0.000 0.000 3.929 38.864 59.746
77.994 25.970 14.911 77.869 55.874 0.000 0.000 0.000 49.526 62.535 54.573 0.000 7.489 63.403 54.326 65.244 78.154 78.052 82.935 85.807 78.689 64.578 55.470 51.358 49.214 52.099 53.008 39.938 0.000 56.398 53.300 52.157 55.982 59.783 56.567 48.323 54.969 35.684 0.000 1.949 57.676 74.680 84.400 90.202 89.981 82.232 83.920 83.217 82.925 82.557 82.190 81.814 81.432 81.044 80.649 80.249 79.869 80.523 76.214 64.929 21.609 0.000 0.000 0.000 0.000 0.000 0.000 0.000 0.000 0.000 6.994 56.933 55.845
88.013 96.003 83.984 0.956 12.977 7.087 2.123 1.127 0.000 0.000 58.693 56.671 64.574 61.482 61.393 61.299 78.199 92.090 80.973 60.852 58.734 53.622 55.521 46.441 0.000 58.110 55.045 43.983 0.000 57.451 52.356 53.218 60.050 57.857 55.681 37.552 0.000 2.155 54.387 52.132 68.917 84.824 90.480 83.165 83.732 84.393 83.790 83.497 83.135 82.777 82.409 82.033 81.650 81.264 80.860 81.420 81.022 70.684 55.417 18.244 0.000 0.000 0.000 0.000 0.000 0.000 0.000 5.394 32.346 31.258 46.122 58.028 45.941
78.042 82.047 72.048 0.000 0.000 72.162 65.157 59.131 3.071 10.975 76.834 73.747 60.654 61.560 61.463 62.361 83.252 135.137 128.015 74.892 129.772 50.657 54.549 54.445 56.327 54.186 54.078 53.965 55.804 51.598 51.454 60.311 59.140 55.916 50.749 39.650 0.000 0.917 56.424 63.235 85.227 84.104 90.836 84.211 84.797 84.347 84.058 83.713 83.365 83.005 82.635 82.257 81.874 81.500 83.108 78.547 60.115 46.775 48.525 14.384 0.000 0.000 0.000 0.000 0.000 0.000 0.000 5.442 41.387 46.305 60.206 54.116 44.033
74.072 69.094 13.114 0.000 3.283 55.241 64.211 61.168 79.105 73.021 77.921 85.829 76.736 61.640 61.538 61.430 60.313 54.189 49.060 53.930 50.805 54.686 54.573 54.463 54.349 54.231 54.117 53.995 52.850 57.685 59.550 60.431 44.285 0.000 43.749 0.000 0.000 0.915 60.579 82.485 86.482 91.814 91.358 84.301 84.954 84.597 84.284 83.951 83.603 83.242 82.871 82.486 82.088 80.754 42.525 0.000 0.000 0.000 0.000 0.000 0.000 0.000 0.000 37.865 32.826 31.760 30.669 34.544 43.455 59.370 53.282 44.198 54.118
66.100 57.141 62.201 7.300 60.326 56.310 55.276 73.226 66.161 82.084 90.998 70.911 56.821 54.725 57.620 60.506 61.381 61.246 54.104 52.965 53.832 53.708 54.593 54.484 54.377 59.270 56.163 53.048 53.914 56.743 60.630 49.577 0.000 0.000 0.000 0.000 16.218 136.093 79.832 86.855 84.824 92.218 84.118 86.638 88.122 84.850 84.534 84.203 83.854 83.489 84.121 80.727 68.239 58.902 16.714 0.000 0.000 0.000 0.000 0.000 0.000 0.000 39.949 39.904 39.852 40.785 40.703 41.608 55.521 55.437 39.354 42.274 44.198
41.117 42.168 36.248 60.374 56.409 55.397 66.357 70.299 81.230 88.155 54.078 52.997 53.912 55.818 54.713 51.594 59.459 60.309 61.148 59.991 53.849 52.723 51.608 52.503 58.404 117.309 85.216 65.119 48.017 0.000 62.649 70.669 0.000 0.000 0.000 0.000 60.344 71.237 88.122 86.157 92.923 92.584 85.207 85.737 86.404 85.111 84.801 84.472 84.121 84.738 83.398 36.063 0.000 0.000 0.000 0.000 0.000 0.000 0.000 0.000 0.000 0.115 46.993 42.951 39.894 40.826 38.749 50.666 57.584 41.503 42.424 50.347 48.274
0.000 0.000 0.000 53.540 56.538 58.511 79.458 90.382 104.304 86.230 15.159 72.088 72.011 55.923 55.819 54.697 52.552 55.382 61.187 59.003 59.852 61.725 59.614 57.516 53.427 48.347 53.274 48.197 0.000 0.000 0.000 56.782 48.810 0.000 0.000 2.740 70.578 87.423 87.496 85.511 93.232 84.927 87.430 88.937 85.681 85.391 85.087 84.764 84.421 81.943 36.671 0.000 0.000 0.000 0.000 0.000 0.000 0.000 0.000 0.000 0.000 46.158 16.079 4.013 47.946 37.876 48.801 60.723 48.645 43.567 48.491 52.417 45.346
0.000 0.000 0.000 51.708 57.692 73.652 84.580 132.470 126.373 128.300 134.242 130.185 131.121 56.042 55.945 54.823 54.670 53.480 48.217 57.982 59.830 60.711 58.608 60.519 60.442 61.379 54.335 0.000 0.000 0.000 0.055 57.866 42.838 0.000 0.200 61.890 83.782 87.739 86.728 93.795 93.521 85.984 86.532 87.223 85.961 85.686 85.392 86.075 60.856 0.000 0.000 0.000 0.000 0.000 0.000 0.000 0.000 0.000 58.479 47.429 37.350 41.238 41.151 42.075 42.003 44.930 57.856 54.781 49.705 50.630 48.557 46.485 42.415
17.948 0.000 0.000 52.892 69.870 77.826 83.740 54.543 53.419 52.357 49.322 50.291 50.246 56.181 56.095 71.979 71.825 47.653 0.000 44.878 57.775 59.680 57.587 59.509 59.444 60.390 56.353 0.287 1.192 2.145 56.090 40.978 0.000 0.000 63.290 72.138 89.017 87.930 87.113 94.051 85.657 88.186 90.723 86.501 86.253 86.002 84.719 72.289 31.073 0.000 0.000 0.000 0.000 0.000 44.733 39.712 39.671 39.611 43.529 55.459 58.381 44.294 39.211 41.134 43.060 57.986 56.913 42.839 51.765 52.692 51.620 44.550 40.481
