results4_8e4_rain/res_4e8f-0229.wd
ncols         241
nrows         181
xllcorner     12693529.787448
yllcorner     3542525.717860
cellsize      155.156523
NODATA_value  -9999.000000
[rows 99 to 131 of 181, columns 73 to 145 of 241]
60.084 60.060 60.035 59.008 58.981 63.952 66.924 63.896 59.876 59.866 53.868 9.874 0.000 0.000 0.000 0.000 0.000 15.051 73.018 97.973 95.965 95.121 101.787 101.716 94.813 95.508 95.354 95.243 96.136 96.035 94.943 98.865 57.811 0.000 0.000 0.000 0.000 0.000 0.000 35.331 61.255 73.152 41.022 22.819 52.724 55.638 53.541 57.419 54.239 51.991 21.685 46.447 50.320 65.234 71.171 74.124 72.090 67.066 60.051 55.044 50.042 28.039 0.000 0.000 0.000 0.000 22.384 40.384 52.384 76.384 77.384 77.384 77.383
60.135 60.112 59.088 57.061 61.033 66.002 66.968 66.930 60.902 57.886 62.881 62.880 23.881 0.000 17.681 47.629 24.516 4.317 61.222 101.100 96.350 96.365 101.847 94.126 95.913 95.566 95.476 95.363 95.253 95.149 97.055 95.980 31.931 0.000 0.000 0.000 0.000 0.000 3.641 39.513 45.417 56.329 5.260 0.000 47.842 55.782 54.689 58.565 58.393 29.192 0.000 41.350 55.293 60.229 81.178 82.138 82.108 83.086 84.072 82.064 63.060 1.062 1.072 2.076 0.000 0.000 0.000 39.384 52.384 76.384 77.383 77.383 77.383
60.187 59.166 59.142 62.116 65.087 66.055 41.017 4.955 33.917 69.897 42.888 16.883 8.882 0.000 28.734 78.689 75.603 67.488 86.368 97.518 94.505 101.929 95.408 96.212 95.778 95.711 95.592 95.480 95.365 96.251 94.150 82.068 29.001 1.962 0.000 0.000 0.000 3.873 42.770 49.664 47.569 48.487 21.428 0.000 54.021 71.957 64.870 59.757 34.575 0.000 1.311 24.311 14.272 54.212 79.173 83.142 81.118 81.099 81.086 83.078 56.075 50.076 50.078 56.078 0.000 0.000 0.000 16.384 51.383 76.383 77.383 77.383 77.383
59.242 58.223 63.200 66.173 66.143 66.113 31.090 0.000 0.907 12.896 3.892 0.000 0.000 0.000 21.831 84.790 90.720 98.633 98.592 95.716 102.268 102.059 95.375 96.083 95.933 95.823 95.712 95.599 95.476 101.340 51.227 19.140 3.045 0.587 7.578 10.488 0.000 33.976 51.900 47.805 47.710 46.620 52.537 18.449 47.263 73.157 72.077 70.020 0.000 0.000 44.311 0.311 0.000 52.175 81.158 85.139 82.122 81.107 79.096 68.088 49.084 45.082 46.081 30.080 0.000 0.000 0.000 0.000 47.383 76.383 77.383 77.383 73.383
58.301 64.284 66.262 66.234 64.201 70.163 40.141 0.000 0.000 0.000 0.000 0.000 0.000 0.000 32.968 90.921 93.860 97.737 96.973 96.985 102.455 94.761 96.466 96.140 96.052 95.942 95.834 99.726 105.602 60.406 29.277 4.219 0.000 0.000 0.000 7.398 35.308 58.155 52.048 44.947 49.847 53.748 50.650 48.546 62.425 66.330 56.263 64.225 0.000 0.000 12.311 0.000 0.000 58.155 82.147 87.135 86.122 82.111 77.102 46.095 44.091 45.088 52.086 0.000 0.000 0.000 0.000 41.383 45.383 74.383 77.383 77.383 71.383
65.364 66.350 66.328 65.300 43.263 9.199 28.170 30.170 0.000 0.000 0.000 0.000 0.000 24.270 77.152 91.074 93.978 96.136 97.146 102.784 102.626 95.736 96.437 96.275 96.168 96.060 99.958 61.867 21.800 0.000 39.256 25.240 0.000 0.000 0.000 0.000 43.371 77.289 68.190 63.087 57.981 58.875 56.769 57.663 70.559 64.476 48.419 50.391 0.000 0.000 0.000 0.000 0.000 58.143 86.138 51.131 49.122 81.112 84.106 54.100 45.096 50.092 20.089 0.000 0.000 0.000 0.000 14.383 41.383 59.383 75.383 78.383 71.383
66.433 66.423 62.403 66.374 48.351 0.000 19.170 49.170 0.000 0.000 0.000 0.000 14.485 76.389 90.296 96.217 96.188 96.329 103.067 102.930 95.065 96.839 96.488 96.397 96.282 96.172 100.070 71.986 3.930 0.000 9.251 12.245 0.000 0.000 0.000 0.000 30.517 62.438 67.337 77.228 73.117 61.003 63.888 72.776 67.675 55.595 47.545 48.531 22.576 23.588 0.000 0.000 0.000 56.135 90.133 4.130 0.000 30.111 77.108 67.104 48.101 27.097 0.000 0.000 0.000 0.000 0.000 0.000 14.383 38.383 64.383 74.383 67.383
64.510 61.506 60.485 76.443 55.417 0.000 18.170 46.170 0.000 0.000 0.000 8.653 72.581 85.504 95.433 98.313 97.557 95.587 103.194 94.374 96.148 92.706 94.633 96.509 96.393 97.277 91.164 81.077 29.003 0.000 0.000 0.000 0.000 0.000 0.000 17.918 52.741 57.611 57.491 59.374 68.254 71.131 74.003 67.877 54.768 48.686 47.634 46.610 50.610 35.599 0.000 0.000 0.000 45.130 82.128 48.125 37.119 29.114 72.110 78.107 58.106 0.000 0.000 9.111 0.000 0.000 0.000 0.000 0.000 33.383 57.383 62.383 49.383
58.597 67.606 63.589 4.496 5.457 0.000 9.170 9.170 0.000 0.000 0.000 9.725 88.680 90.622 98.533 97.699 96.720 103.419 103.311 96.333 96.020 95.861 95.742 94.624 95.504 97.378 54.232 5.154 0.000 0.000 0.000 0.000 0.000 21.450 38.318 53.095 63.918 60.773 59.644 56.521 57.396 60.264 72.118 72.963 64.834 53.748 46.694 46.666 48.656 0.000 0.000 0.000 0.000 30.127 72.125 50.123 46.119 46.115 78.112 81.110 64.109 27.110 17.111 60.111 0.000 0.000 0.000 0.000 0.000 36.383 60.383 55.383 41.383
59.692 69.734 56.767 0.000 0.000 0.000 6.170 18.170 2.170 0.000 0.968 75.842 85.796 97.738 97.733 96.876 103.612 103.519 95.645 97.419 97.071 96.977 96.858 96.740 98.620 48.499 0.000 0.000 0.000 0.000 0.000 10.909 36.787 53.583 66.409 62.226 61.062 60.919 60.790 61.669 59.546 58.410 32.241 51.021 75.859 57.777 45.729 48.703 46.693 34.699 0.000 0.000 0.000 31.125 64.123 42.122 0.000 0.000 34.112 71.111 60.111 69.111 76.111 35.111 0.000 0.000 0.000 0.000 0.000 11.383 51.383 49.383 42.383
57.785 61.870 60.980 37.144 0.000 0.000 0.000 4.170 7.170 0.000 29.061 88.981 95.922 97.844 98.004 96.126 103.697 95.932 97.714 97.279 97.210 97.090 97.974 98.856 60.738 0.000 0.000 0.000 0.000 0.000 13.189 56.032 66.869 62.685 61.508 61.339 61.186 61.051 60.929 60.818 60.709 69.590 8.415 0.000 43.803 52.772 44.743 53.723 53.713 35.706 0.000 0.000 0.000 0.000 48.120 85.120 53.118 0.000 27.112 72.112 66.112 57.111 57.111 0.000 0.000 0.000 0.000 0.000 0.000 0.000 30.383 41.383 42.383
69.858 7.980 64.138 62.309 51.509 10.629 0.834 0.000 0.000 20.234 79.165 93.099 99.042 98.027 97.181 103.843 103.774 96.881 97.579 97.428 97.317 98.207 100.091 60.974 0.000 0.000 0.000 0.000 11.681 42.561 53.347 65.159 61.972 61.780 58.599 58.436 58.292 59.168 61.059 60.964 63.883 40.824 0.000 0.000 23.778 48.764 47.748 65.735 61.728 0.000 0.000 0.000 0.000 0.000 32.119 77.118 89.117 46.115 72.114 86.113 78.112 54.112 47.112 19.112 0.000 0.000 0.000 0.000 0.000 0.000 36.383 42.383 46.383
51.899 5.054 66.284 56.443 63.589 55.726 16.962 4.220 13.311 80.303 89.263 99.222 98.110 98.378 96.405 103.903 96.169 97.961 97.622 97.538 98.430 99.329 53.210 0.000 0.000 0.000 0.000 3.935 54.801 65.656 63.477 62.286 64.079 63.865 69.674 74.512 69.380 62.269 56.175 60.097 66.036 24.000 0.000 0.000 19.768 51.758 52.749 74.741 62.737 0.000 0.000 0.000 0.000 0.000 20.117 72.117 81.116 86.115 82.114 82.113 86.113 70.113 49.112 50.112 19.112 12.112 0.000 0.000 0.000 38.383 43.383 41.383 46.383
0.000 0.000 34.500 85.592 48.676 0.000 0.000 18.387 78.409 83.402 97.381 98.290 98.571 96.502 103.987 96.426 98.235 97.812 97.754 98.644 95.539 50.469 0.000 0.000 0.000 0.000 10.203 57.068 64.932 62.786 62.620 66.429 41.194 19.926 22.719 39.557 65.447 67.354 68.275 60.211 61.164 22.139 0.000 0.000 0.000 32.752 50.748 57.744 56.742 5.742 0.000 0.000 0.000 0.000 20.116 63.116 76.116 81.115 82.114 83.114 79.113 75.113 60.113 48.112 52.112 58.112 0.000 0.000 0.000 4.383 41.383 42.383 44.383
0.000 0.000 11.625 86.749 73.847 0.000 0.000 25.533 86.535 94.527 98.479 99.675 99.713 104.301 104.110 97.376 98.092 97.953 97.856 92.753 82.611 33.540 0.000 0.000 9.579 45.496 54.339 66.203 63.072 62.936 66.786 44.617 2.432 0.000 0.000 25.552 63.495 60.426 64.361 70.308 70.270 48.253 0.000 0.000 0.000 14.749 52.747 46.745 53.743 4.743 0.000 0.000 0.000 0.000 25.116 50.116 67.115 81.115 76.114 69.114 71.113 32.113 57.113 66.113 59.112 55.112 0.000 0.000 0.000 0.000 1.383 36.383 41.383
0.000 0.000 0.000 14.932 64.116 3.533 13.676 79.677 91.673 98.660 98.680 98.859 104.649 104.479 96.662 98.461 98.128 98.057 90.968 56.901 0.000 0.000 0.000 17.742 63.662 57.570 65.452 63.334 63.216 64.098 41.973 2.806 0.000 0.000 0.000 24.604 66.555 60.494 60.436 62.388 66.357 68.349 20.379 0.000 0.000 0.000 33.746 52.745 27.744 0.000 0.000 0.000 0.000 0.000 18.115 46.115 57.115 64.115 56.114 53.114 18.114 0.000 6.113 50.112 54.112 63.112 0.000 0.000 0.000 0.000 0.000 30.383 41.383
0.000 0.000 0.000 0.000 1.514 13.756 82.816 87.827 98.826 98.763 100.051 100.126 104.808 96.959 98.739 98.309 98.250 88.148 77.062 40.981 0.000 0.000 0.000 57.823 79.757 64.669 56.567 64.463 62.362 65.269 35.200 0.000 0.000 0.000 20.795 55.704 62.628 61.559 61.499 58.452 54.421 56.407 18.409 0.000 0.000 0.000 14.745 59.745 7.745 0.000 0.000 0.000 0.000 0.000 18.115 48.115 47.115 46.115 44.115 50.114 0.000 0.000 0.000 25.112 48.112 66.112 10.112 0.000 0.000 0.000 0.000 1.383 34.383
0.000 0.000 0.000 0.000 0.000 86.007 85.005 98.997 98.957 100.165 100.241 105.100 104.958 97.912 99.598 97.442 83.328 72.235 46.148 0.000 0.000 0.000 52.084 69.968 69.875 76.782 64.685 54.590 60.498 70.417 73.358 36.357 0.000 0.000 19.887 67.787 61.694 61.616 60.551 56.500 50.466 51.448 17.442 0.000 0.000 0.000 0.000 32.745 40.745 0.000 0.000 0.000 0.000 0.000 26.115 50.115 44.115 45.115 45.115 47.114 30.114 0.000 0.000 0.000 35.112 56.112 34.112 8.112 0.000 0.000 0.000 0.000 29.383
0.000 0.000 0.000 0.000 25.383 86.259 98.203 99.168 100.182 102.373 105.365 105.235 97.217 98.983 95.636 84.537 73.392 45.314 0.000 0.000 0.000 54.311 75.200 61.092 52.992 66.897 78.803 66.712 69.624 70.541 57.459 63.355 42.114 4.596 28.078 59.865 55.745 62.659 57.587 49.532 48.497 52.477 14.469 0.000 0.000 0.000 0.000 19.745 59.745 4.745 0.000 0.000 0.000 0.000 0.000 32.115 47.115 45.115 45.115 45.115 53.114 0.000 0.000 0.000 0.000 37.112 48.112 54.112 0.000 0.000 0.000 0.000 0.000
0.000 0.000 0.000 0.000 68.508 94.440 100.387 99.295 99.567 97.650 105.490 97.499 99.264 93.834 82.767 57.648 0.000 0.000 0.000 0.000 54.535 75.423 62.313 51.207 51.106 53.010 63.918 78.830 69.746 54.665 62.582 64.491 38.391 0.000 24.964 84.850 71.762 60.689 54.606 50.543 47.512 48.495 42.488 6.492 0.000 0.000 0.000 0.000 38.745 10.745 0.000 0.000 0.000 0.000 0.000 12.115 49.115 45.115 45.115 45.114 47.114 31.114 0.000 0.000 0.000 18.112 45.112 48.112 0.000 0.000 0.000 0.000 0.000
0.000 0.000 0.000 71.824 68.699 74.616 89.528 100.704 97.769 105.724 105.610 98.431 94.118 82.972 61.867 0.000 0.000 36.132 0.000 6.765 79.647 62.532 51.422 52.316 51.215 54.120 68.030 76.945 77.865 61.789 57.714 68.637 42.567 0.000 0.000 15.808 28.766 10.727 0.000 20.523 51.512 58.502 59.497 45.496 0.000 0.000 0.000 0.000 0.000 0.000 0.000 0.000 0.000 0.000 0.000 13.115 49.115 48.115 51.115 46.114 43.114 52.114 0.000 0.000 0.000 25.112 59.112 64.112 0.000 0.000 0.000 0.000 0.000
0.000 0.000 11.053 72.949 69.849 70.768 80.745 96.911 105.942 105.834 97.709 94.476 82.147 56.072 0.000 0.000 53.179 52.132 34.036 17.883 67.755 51.638 52.526 51.419 52.319 67.224 73.136 37.055 27.980 79.912 65.847 43.778 4.672 0.000 0.000 0.000 0.000 0.000 0.000 17.515 69.510 63.504 60.501 56.500 11.501 0.000 0.000 0.000 0.000 0.000 0.000 0.000 0.000 0.000 0.000 37.115 46.115 21.115 0.000 21.114 46.114 50.114 0.000 0.000 0.000 27.112 63.112 32.112 0.000 0.000 0.000 0.000 0.000
0.000 86.247 74.157 71.067 68.989 69.867 71.111 75.176 106.045 96.950 92.712 82.303 56.260 0.000 0.000 0.000 57.226 55.180 75.093 58.975 51.854 52.737 51.624 54.517 74.416 71.322 52.236 48.158 53.089 81.031 77.984 41.954 0.000 0.000 0.000 0.000 0.000 0.000 0.000 17.511 76.508 76.505 71.503 62.502 7.502 0.000 0.000 0.000 0.000 0.000 0.000 0.000 0.000 0.000 10.115 49.115 51.115 0.114 0.000 6.114 49.114 50.114 0.000 0.000 0.000 0.000 34.112 0.000 0.000 0.000 0.000 0.000 0.000
2.408 84.336 98.260 90.185 75.087 76.245 68.293 106.242 106.145 75.833 80.511 56.409 0.000 0.000 0.000 0.000 59.320 72.269 70.181 52.070 51.951 51.832 62.717 74.608 63.507 52.413 52.328 52.253 53.188 62.138 80.105 76.100 37.154 0.000 0.000 0.000 0.000 0.000 0.000 0.000 62.506 64.505 76.503 77.503 33.502 0.000 0.000 0.000 0.000 0.000 0.000 0.000 0.000 0.000 41.115 51.115 28.115 0.000 0.000 10.114 50.114 48.114 0.000 0.000 0.000 0.000 0.000 0.000 0.000 0.000 0.000 0.000 0.000
20.480 97.430 100.365 100.296 95.270 85.426 106.430 106.336 68.000 62.770 0.000 0.409 0.000 0.000 0.000 0.000 70.466 75.395 51.292 53.172 53.047 64.923 73.804 55.693 52.589 52.495 52.410 52.336 52.274 52.227 61.197 81.189 74.208 48.238 39.251 43.254 12.255 0.000 0.000 0.000 1.505 42.504 82.504 82.503 43.503 0.000 0.000 0.000 0.000 0.000 0.000 0.000 0.000 0.000 30.115 29.115 0.000 0.000 0.000 0.000 30.114 57.114 0.000 0.000 0.000 0.000 0.000 0.000 0.000 0.000 0.000 0.000 0.000
90.602 100.538 100.480 100.367 104.612 95.671 106.521 68.115 70.798 65.463 0.000 0.000 0.000 0.000 0.000 63.834 75.681 52.554 53.420 53.280 61.141 74.008 51.884 52.769 52.663 52.567 52.481 52.407 52.346 52.298 52.266 56.250 57.249 52.257 53.260 60.257 42.256 0.000 0.000 0.000 0.000 0.000 37.503 73.503 36.503 0.000 0.000 0.000 0.000 0.000 0.000 0.000 0.000 0.000 0.000 0.000 0.000 0.000 0.000 0.000 0.000 9.114 0.000 0.000 0.000 0.000 0.000 0.000 0.000 0.000 0.000 0.000 0.000
96.709 96.650 100.564 101.728 98.776 106.696 106.609 72.795 57.258 2.370 5.370 2.370 0.000 0.000 0.000 80.986 57.872 53.720 53.553 55.386 76.229 56.086 52.955 52.837 52.728 52.628 52.540 52.464 52.403 52.355 52.320 51.297 50.283 53.278 35.276 0.000 0.000 0.000 0.000 0.000 0.000 0.000 0.000 66.503 54.503 21.503 0.000 0.000 0.000 0.000 0.000 0.000 0.000 0.000 0.000 0.000 0.000 0.000 0.000 0.000 0.000 0.000 0.000 0.000 0.000 0.000 0.000 0.000 0.000 0.000 0.000 0.000 0.000
75.823 75.759 79.739 75.897 106.866 106.782 84.291 65.513 56.464 0.000 0.370 2.370 0.000 0.000 0.000 56.253 52.100 51.900 50.686 63.483 56.305 50.149 51.014 50.894 50.783 50.678 51.585 52.509 52.447 52.399 51.362 49.333 51.310 51.296 48.291 38.293 41.294 43.294 42.294 44.294 15.294 0.000 0.000 4.503 63.503 35.503 0.000 0.000 0.000 0.000 0.000 0.000 0.000 0.000 0.000 0.000 0.000 0.000 0.000 0.000 0.000 0.000 0.000 0.000 0.000 0.000 0.000 0.000 0.000 0.000 0.000 0.000 0.000
90.939 112.828 78.076 108.136 106.949 66.830 57.431 0.000 71.900 30.257 0.000 0.000 0.000 0.000 100.047 78.672 49.375 57.095 67.808 66.556 62.358 60.192 60.058 59.943 58.832 52.716 48.615 52.537 52.478 52.433 51.396 51.362 55.326 55.307 56.297 66.295 66.294 62.294 55.294 54.294 33.294 0.000 0.000 0.000 22.503 28.503 0.000 0.000 0.000 0.000 0.000 0.000 0.000 0.000 0.000 0.000 0.000 0.000 0.000 0.000 0.000 0.000 0.000 0.000 0.000 0.000 0.000 0.000 0.000 0.000 0.000 0.000 0.000
139.019 117.617 115.664 107.102 107.028 94.916 0.000 38.958 66.958 140.616 116.074 2.353 47.598 37.010 98.422 58.014 55.633 127.298 117.894 113.575 113.378 112.202 111.085 109.986 108.886 79.741 46.620 52.547 52.496 52.457 52.426 44.394 0.000 0.000 0.000 0.000 0.000 0.000 19.294 71.294 50.294 21.294 0.000 0.000 0.000 0.000 0.000 0.000 0.000 0.000 0.000 0.000 0.000 0.000 0.000 0.000 0.000 0.000 0.000 0.000 0.000 0.000 0.000 0.000 0.000 0.000 0.000 0.000 0.000 0.000 0.000 0.000 0.000
97.188 116.776 107.241 107.173 91.433 0.000 0.000 0.000 10.360 62.173 49.912 0.000 28.806 0.000 57.617 54.329 63.845 119.571 0.000 5.472 0.000 56.153 65.094 126.032 38.984 0.000 56.578 52.535 52.501 53.475 35.458 0.000 0.000 0.000 0.000 0.000 0.000 0.000 0.000 24.294 71.294 27.294 0.000 0.000 0.000 0.000 0.000 0.000 0.000 0.000 0.000 0.000 0.000 0.000 0.000 0.000 0.000 0.000 0.000 0.000 0.000 0.000 0.000 0.000 0.000 0.000 0.000 0.000 0.000 0.000 0.000 0.000 0.000
117.944 115.999 107.304 115.923 117.771 38.059 0.000 17.949 44.949 54.805 31.490 8.752 50.014 95.588 94.099 86.841 0.000 38.571 0.000 17.369 39.266 67.163 112.106 75.062 40.034 0.000 0.000 58.516 52.497 53.482 34.473 0.000 0.000 0.000 0.000 0.000 0.000 0.000 0.000 0.000 18.294 57.294 22.294 0.000 0.000 0.000 0.000 0.000 0.000 0.000 0.000 0.000 0.000 0.000 0.000 0.000 0.000 0.000 0.000 0.000 0.000 0.000 0.000 0.000 0.000 0.000 0.000 0.000 0.000 0.000 0.000 0.000 0.000
116.078 107.420 107.364 96.429 39.194 0.000 0.000 0.000 6.682 33.609 0.000 0.000 42.910 86.651 140.349 76.095 0.000 0.000 0.000 0.000 0.000 81.127 116.103 46.078 43.056 0.000 0.000 0.000 57.489 51.484 49.480 47.481 35.481 0.000 0.000 0.000 0.000 0.000 0.000 0.000 13.294 71.294 29.294 0.000 0.000 0.000 0.000 0.000 0.000 0.000 0.000 0.000 0.000 0.000 0.000 0.000 0.000 0.000 0.000 0.000 0.000 0.000 0.000 0.000 0.000 0.000 0.000 0.000 0.000 0.000 0.000 0.000 0.000
