results4_8e4_rain/res_4e8f-0050.wd
ncols         241
nrows         181
xllcorner     12693529.787448
yllcorner     3542525.717860
cellsize      155.156523
NODATA_value  -9999.000000
[rows 66 to 98 of 181, columns 74 to 147 of 241]
25.941 0.000 51.243 68.227 67.204 67.183 0.000 38.697 38.683 51.692 47.699 46.679 46.633 45.560 121.456 109.341 0.000 0.000 0.000 42.512 37.481 42.440 45.404 45.365 47.322 48.284 53.245 54.209 55.172 46.122 0.000 0.000 44.353 94.353 76.270 80.133 80.221 78.279 86.234 78.700 79.179 79.919 78.693 78.473 79.270 49.116 0.000 0.000 0.000 0.000 0.000 0.000 0.000 13.734 11.717 11.684 11.638 11.580 11.518 15.451 28.376 25.294 10.206 21.114 30.026 8.944 11.864 17.786 22.710 18.634 12.560 10.488 8.418 23.350
52.933 0.000 39.426 63.397 62.375 56.378 9.447 0.000 0.000 44.757 57.822 46.820 45.787 46.722 27.589 0.000 0.000 0.000 0.000 0.000 0.000 53.435 51.417 49.387 32.331 35.286 42.242 43.211 48.183 39.153 0.000 0.000 0.000 54.578 72.495 79.438 79.537 86.659 86.454 78.772 79.460 79.173 78.963 78.753 73.567 31.434 0.000 0.000 28.619 0.000 0.000 0.000 19.768 14.769 11.749 11.715 11.669 11.613 11.552 11.485 11.411 18.333 32.250 33.166 16.082 10.002 10.923 11.845 15.769 14.694 10.620 10.547 11.477 30.410
47.908 52.801 50.637 64.561 57.521 58.506 55.516 0.000 0.000 0.000 60.013 54.995 49.972 51.952 0.000 0.000 0.000 0.000 0.000 0.000 0.000 52.450 48.442 39.433 0.000 0.000 40.226 52.210 51.199 0.000 0.000 0.331 57.084 48.887 52.732 59.822 74.893 86.848 78.511 80.065 79.630 79.442 79.225 77.012 59.808 38.621 44.620 42.619 23.619 0.000 0.000 0.000 0.000 28.823 10.797 11.758 15.710 23.654 13.592 11.524 10.452 14.376 29.297 36.216 28.136 14.058 8.980 10.904 10.828 10.752 10.677 9.605 16.535 37.468
46.939 50.857 61.761 55.690 48.642 67.611 56.596 8.605 0.000 2.350 52.222 68.174 63.153 63.163 66.244 0.000 0.000 0.000 0.000 0.000 0.000 50.472 41.470 44.470 0.000 0.000 0.000 88.206 115.202 30.202 0.000 56.435 51.279 51.124 51.044 47.139 87.194 87.027 79.557 83.163 79.909 79.701 79.487 71.261 24.035 0.000 46.620 24.619 0.000 0.000 0.000 17.006 15.973 14.904 10.857 14.810 26.758 31.701 29.637 22.569 12.497 21.422 29.345 8.267 14.189 27.113 24.037 19.963 27.887 8.811 10.732 8.659 21.591 44.525
52.996 62.930 54.859 46.797 46.746 59.699 67.651 63.615 66.560 68.461 63.376 58.327 60.304 49.304 48.324 0.000 0.000 0.000 0.000 55.507 54.504 42.495 44.497 45.508 49.538 48.559 0.000 0.000 0.000 0.000 2.726 62.598 55.471 50.321 51.424 49.482 87.346 49.173 56.763 71.359 79.180 79.967 77.760 36.511 0.000 0.000 0.000 0.000 0.000 0.000 18.061 12.039 12.009 11.964 12.918 22.868 31.813 30.753 30.688 26.619 22.546 32.470 15.394 10.317 11.241 11.167 21.094 34.022 20.949 8.870 9.783 15.708 3.646 8.583
64.064 54.007 46.949 47.895 47.845 49.790 33.694 59.643 57.606 49.550 46.495 45.455 61.432 63.424 50.426 0.000 0.000 0.000 55.511 51.510 48.509 41.509 45.514 45.526 45.549 45.579 4.638 7.737 8.836 10.914 78.854 75.763 64.649 63.624 52.635 87.611 87.485 51.226 57.875 52.652 59.456 78.228 53.077 0.000 0.000 0.000 0.000 0.000 0.000 0.000 18.084 12.080 12.060 12.025 12.982 21.931 31.874 30.811 29.743 26.671 31.597 25.520 9.444 11.367 11.293 11.220 21.150 29.082 8.015 10.939 13.822 32.744 49.703 28.643
54.136 47.085 48.034 47.988 48.949 29.921 0.000 16.656 44.670 47.640 47.598 47.566 45.545 69.534 53.530 0.000 0.000 0.000 32.513 49.514 43.515 44.517 45.523 45.534 45.551 45.573 56.597 0.000 0.959 18.051 71.014 80.943 2.856 84.791 74.995 87.719 49.797 63.442 60.086 49.957 46.762 43.411 28.244 0.000 0.000 13.631 0.000 0.000 0.000 0.000 14.110 12.137 12.127 12.096 12.053 13.000 18.940 26.874 26.803 26.728 30.650 8.571 11.493 11.416 10.342 16.271 33.204 16.143 10.090 13.050 0.000 0.000 25.777 0.000
47.209 48.162 48.116 48.075 51.042 7.025 5.047 0.000 42.777 47.741 49.693 47.666 46.648 64.637 60.632 0.000 0.000 0.000 0.000 40.518 43.520 45.523 45.528 45.537 45.549 47.564 33.580 0.000 0.000 68.247 71.207 82.142 88.034 82.150 80.197 87.809 70.846 73.551 58.394 51.299 44.226 0.000 0.000 0.000 0.000 11.631 0.000 0.000 0.000 0.000 0.000 15.232 12.214 12.180 12.134 12.078 12.014 11.943 18.866 26.786 14.704 11.622 11.541 11.462 14.387 27.317 27.253 9.197 11.151 14.122 0.000 0.000 52.853 42.865
48.283 48.238 48.195 48.154 48.118 52.091 53.070 53.023 48.920 48.855 28.768 45.756 46.744 62.734 61.728 0.000 0.000 0.000 0.000 39.521 45.523 45.525 45.530 45.536 45.544 33.554 0.000 0.000 0.000 73.484 79.430 82.351 82.314 81.402 87.928 80.328 83.048 77.737 62.679 52.619 51.616 51.751 0.000 0.000 0.000 8.631 15.632 8.632 0.000 0.000 0.000 30.345 11.317 12.276 12.224 12.163 13.094 12.017 11.934 11.847 11.759 11.672 11.587 10.505 16.429 31.358 8.295 11.240 11.195 13.166 0.000 0.000 54.916 46.901
48.358 48.314 48.271 48.227 48.187 48.151 48.118 48.078 48.027 51.992 0.000 38.848 47.837 63.826 58.819 0.000 0.000 0.000 0.000 44.523 47.524 47.527 47.530 45.534 48.538 0.000 0.000 0.000 65.934 71.774 82.676 82.562 82.679 80.734 88.136 81.464 86.110 82.001 82.935 70.886 58.867 47.887 42.887 44.886 0.000 0.000 14.633 9.632 15.628 16.614 14.577 20.487 30.434 12.382 13.325 22.258 29.182 11.097 12.005 11.910 11.814 11.720 10.629 15.543 34.465 28.393 17.329 10.272 11.223 13.180 28.135 46.074 46.994 46.948
48.434 48.391 48.346 48.299 48.251 48.209 51.173 49.146 48.116 52.094 0.000 38.951 47.932 64.914 56.904 0.000 0.000 0.000 0.000 17.524 27.525 26.527 26.530 47.533 32.535 0.000 0.000 0.000 68.095 78.004 82.907 82.867 81.976 88.802 88.490 82.532 83.376 82.234 82.178 83.123 74.079 39.043 0.000 0.000 0.000 0.000 12.635 12.637 9.638 11.637 12.630 11.592 18.548 32.496 15.435 13.362 23.278 11.184 12.081 11.974 11.867 11.764 11.666 19.575 32.493 19.420 31.355 9.297 10.246 15.198 36.150 48.095 47.036 46.987
48.512 48.469 48.423 48.371 51.310 53.261 25.217 46.218 49.198 51.174 11.153 42.072 47.027 58.995 56.979 0.000 0.000 0.000 0.000 0.000 0.000 0.000 0.000 28.533 0.000 0.000 0.000 16.495 66.346 83.241 83.122 83.241 81.332 89.083 81.122 86.828 82.522 82.476 82.409 82.350 72.284 33.163 0.000 0.000 0.000 0.000 0.000 15.643 16.649 3.667 11.715 12.705 12.670 16.619 32.556 15.478 12.386 12.279 12.160 12.038 11.917 9.803 15.696 34.599 15.514 14.439 28.374 12.317 10.265 17.217 43.170 48.121 47.070 47.019
48.591 48.551 48.507 50.453 26.358 28.309 0.000 8.311 44.285 48.252 52.214 48.158 51.108 56.061 61.037 0.002 0.000 0.000 0.000 0.000 0.000 0.000 0.000 0.000 0.000 0.000 0.000 75.643 77.557 83.461 83.421 82.544 89.584 89.343 82.187 82.901 82.771 82.702 82.638 81.583 61.543 0.000 0.000 0.000 0.000 0.000 0.000 0.000 7.649 0.000 18.858 15.842 11.807 11.756 13.691 30.609 19.509 11.386 12.243 12.099 10.962 15.834 17.717 16.612 13.523 11.449 11.385 11.330 12.281 25.236 47.193 48.149 50.104 46.051
48.671 48.635 48.602 53.577 0.000 0.000 14.507 6.429 40.379 49.336 47.291 49.240 61.185 33.106 27.071 0.000 0.000 0.000 0.000 0.000 0.000 0.000 0.000 0.000 0.000 0.000 63.020 67.878 81.778 83.661 83.793 81.893 89.805 81.690 83.364 83.056 82.996 82.921 82.856 74.801 51.763 0.000 0.000 0.000 0.000 0.000 0.000 0.000 0.000 0.000 23.018 17.998 11.961 9.909 12.842 12.760 28.654 21.514 12.329 13.154 10.998 17.856 17.726 14.609 8.519 11.448 11.389 13.338 27.294 46.253 48.216 51.180 43.144 4.097
47.749 47.717 47.690 50.676 20.688 17.658 49.584 54.521 48.468 46.420 53.374 63.327 66.286 0.000 0.000 0.000 0.000 0.000 0.000 0.000 0.000 0.000 0.000 0.000 0.000 0.000 65.161 73.076 82.978 83.968 83.008 90.211 90.015 82.722 83.424 83.285 83.207 83.133 83.066 65.002 46.945 0.000 0.000 0.000 0.000 0.000 0.000 0.000 0.000 0.000 21.198 19.172 19.129 16.075 9.011 10.933 11.834 27.688 27.403 24.192 21.018 13.866 12.723 9.578 10.495 11.435 15.384 35.341 47.302 47.268 48.238 47.213 38.195 0.000
62.823 61.793 59.767 56.747 57.732 57.701 54.652 55.601 57.552 57.504 63.457 65.408 23.347 0.000 0.000 0.000 0.000 0.000 0.000 0.000 0.000 0.000 0.000 0.000 3.631 11.557 66.388 83.278 84.184 84.134 83.365 90.394 82.201 83.873 83.560 83.494 83.412 83.339 81.271 63.196 34.071 0.000 0.000 0.000 0.000 0.000 0.000 0.000 0.000 0.000 11.404 15.362 18.309 19.252 18.192 15.128 11.062 5.002 0.000 0.000 0.000 0.000 0.000 13.485 11.451 14.411 35.373 48.338 47.307 48.279 51.255 47.237 44.229 25.237
61.893 60.863 62.837 64.815 63.792 62.762 60.723 58.680 58.635 59.588 55.541 55.503 0.000 0.000 0.000 0.000 0.000 0.000 0.000 0.000 0.000 0.000 0.000 0.000 52.704 75.652 74.557 83.466 84.357 84.486 82.593 90.563 84.294 83.898 83.773 83.688 83.610 83.541 79.483 59.442 0.000 0.000 0.000 0.000 0.000 0.000 0.000 0.000 0.000 18.805 13.653 10.563 12.494 17.433 19.377 19.326 20.283 11.255 0.000 0.000 0.000 0.000 0.000 14.427 12.411 28.386 49.359 47.333 47.308 47.285 48.267 47.253 47.246 38.245
47.959 48.931 55.905 64.882 70.859 58.831 52.799 47.762 45.721 44.673 50.616 29.559 0.000 0.000 0.000 0.000 0.000 0.000 0.000 0.000 0.000 0.000 0.000 0.000 58.830 74.791 82.723 84.643 84.616 83.750 90.860 90.718 86.313 84.118 83.956 83.878 83.800 83.732 78.678 53.646 0.000 0.000 0.000 0.000 0.000 0.000 0.000 0.000 19.089 13.959 13.838 13.745 12.670 9.609 14.557 18.517 19.490 16.481 0.000 0.000 0.000 0.000 17.373 11.386 15.380 43.365 47.346 47.325 47.306 47.288 47.274 47.263 47.256 22.254
47.021 50.995 55.972 57.951 60.929 50.906 46.880 47.849 47.813 49.766 27.691 0.000 0.000 0.000 0.000 0.000 0.000 0.000 0.000 0.000 0.000 0.000 0.000 0.000 44.995 73.958 83.901 84.808 84.945 83.061 90.990 83.864 85.536 84.215 84.148 84.060 83.980 83.909 74.852 47.818 0.000 0.000 0.000 0.000 0.000 0.000 0.000 18.343 14.219 14.102 13.997 13.908 13.834 13.774 10.727 9.694 12.680 19.697 19.783 0.000 0.000 0.000 11.361 12.363 30.358 47.347 46.333 46.318 47.303 47.289 47.277 47.268 46.263 12.260
47.079 49.057 50.037 48.019 47.002 47.985 46.965 46.942 46.915 51.889 0.000 0.000 0.000 0.000 0.000 0.000 0.000 0.000 0.000 0.000 0.000 0.000 0.000 0.000 53.198 82.149 85.083 85.064 84.204 91.225 91.112 86.862 84.562 84.416 84.325 84.236 84.152 85.073 65.004 52.955 0.000 0.000 18.078 0.000 17.784 19.726 19.621 14.466 14.343 14.235 14.139 14.055 13.985 13.928 13.883 12.853 9.839 18.845 19.869 12.868 0.000 0.000 19.348 11.346 19.341 25.333 28.322 32.311 38.299 44.288 46.278 46.271 44.266 9.264
48.135 48.116 48.100 48.087 47.076 47.066 47.054 47.039 46.016 53.986 4.986 0.000 0.000 0.000 0.000 0.000 0.000 0.000 0.000 0.000 0.000 0.000 0.000 37.602 73.448 84.358 85.255 85.404 83.505 91.326 84.318 85.990 84.673 84.597 84.500 84.408 84.318 85.228 57.134 35.045 0.000 0.000 14.078 0.000 12.842 14.772 14.673 14.558 14.452 14.356 14.268 14.190 14.124 14.068 14.025 11.995 13.978 19.974 16.979 0.000 0.000 0.000 18.336 17.334 16.329 15.322 14.313 13.303 17.294 28.285 24.278 26.272 30.267 11.265
46.186 46.171 46.161 46.153 46.149 46.148 47.147 49.143 51.124 26.055 0.000 0.000 0.000 0.000 0.000 0.000 0.000 0.000 0.000 4.683 0.000 0.000 7.870 48.755 79.641 85.539 85.535 84.572 91.498 91.417 87.309 85.014 84.864 84.769 84.673 84.578 84.484 80.387 27.261 0.000 0.000 0.000 14.078 20.079 14.970 14.849 14.739 14.642 14.553 14.467 14.387 14.315 14.251 14.197 14.154 11.123 20.104 20.096 16.095 0.000 0.000 0.000 17.328 16.323 17.318 17.312 17.305 17.297 17.289 16.282 16.275 15.270 14.267 14.265
47.234 50.224 54.218 57.217 61.221 63.230 66.244 65.263 57.282 0.000 6.777 30.804 0.000 0.000 0.000 0.000 0.000 0.000 35.687 62.683 2.683 0.000 41.986 74.908 84.812 85.723 85.664 84.897 91.567 83.749 85.435 85.117 85.040 84.941 84.845 84.748 85.653 72.576 0.000 0.000 0.000 0.000 0.000 14.190 15.108 16.916 16.792 14.720 14.649 14.574 14.500 14.430 14.368 14.315 11.272 16.241 19.220 20.210 11.210 0.000 0.000 0.000 1.321 22.315 22.310 19.304 16.297 16.290 17.283 18.277 18.272 17.268 17.265 18.264
48.277 55.272 64.271 65.276 64.287 63.307 62.336 59.382 53.460 28.624 45.751 63.831 32.909 16.956 0.000 0.000 0.000 6.699 45.691 59.680 0.000 17.315 59.179 84.077 86.988 85.847 86.074 84.060 91.623 85.736 85.451 85.302 85.209 85.114 85.018 84.917 86.802 30.689 0.000 0.000 0.000 0.000 0.000 10.382 16.358 0.000 0.000 13.797 14.749 14.681 14.608 14.539 14.476 13.423 11.380 20.347 20.325 17.316 11.324 17.368 0.000 0.000 0.000 33.307 48.302 41.296 37.290 33.283 29.278 32.272 32.268 15.265 16.263 17.262
49.316 52.315 55.318 54.329 52.346 50.373 48.413 46.470 46.551 55.663 57.770 54.861 51.940 56.003 4.056 0.000 0.000 46.708 76.697 27.666 23.588 57.452 81.338 86.243 86.128 86.269 84.241 91.697 84.144 85.859 85.545 85.473 85.378 85.287 85.197 88.098 44.950 0.000 0.000 0.000 0.000 0.000 0.000 12.599 17.583 0.000 0.000 10.923 14.868 14.792 14.713 14.640 14.576 11.521 19.477 20.442 19.418 10.405 14.403 14.413 0.000 0.000 0.000 1.302 31.297 49.289 48.282 48.276 48.271 48.267 42.263 32.260 18.259 0.000
49.351 49.353 48.360 48.374 49.396 49.428 49.473 47.533 48.611 53.707 56.806 52.901 47.988 51.061 6.110 0.000 0.000 38.729 48.723 26.700 59.647 74.566 83.481 86.399 86.361 85.483 92.088 91.838 85.139 85.868 85.725 85.636 85.546 85.460 85.383 88.331 0.000 0.000 3.704 12.704 0.000 0.000 13.942 16.833 15.793 22.822 0.000 11.103 15.011 14.906 14.813 14.733 12.666 14.610 20.564 20.527 12.500 13.482 14.471 14.466 0.000 0.000 0.000 0.000 0.000 31.282 47.274 47.269 47.265 47.261 48.258 48.255 23.254 0.000
49.381 49.385 49.395 49.411 49.436 49.471 48.517 47.578 51.655 55.747 55.847 50.950 47.051 52.143 5.211 0.000 0.000 34.755 3.768 50.762 74.733 80.683 86.628 86.514 86.756 84.771 92.309 84.565 86.276 85.962 85.891 85.798 85.710 85.624 92.545 76.511 0.000 0.000 49.705 35.704 0.000 0.000 9.052 16.997 15.933 15.852 21.677 19.375 18.165 15.010 14.898 14.814 11.745 19.688 20.642 16.604 11.574 14.552 14.533 16.516 20.525 0.000 0.000 0.000 0.000 0.000 44.265 47.261 47.257 47.254 48.251 46.249 20.248 0.000
49.407 49.413 49.424 49.441 49.466 48.501 47.547 49.608 53.685 56.779 52.886 48.001 47.124 50.250 32.382 19.568 20.690 16.768 17.830 57.850 78.841 84.814 86.749 86.928 84.955 92.691 92.509 85.576 86.288 86.140 86.049 85.959 85.872 90.783 33.661 48.657 18.694 49.703 57.705 0.000 0.000 0.000 8.218 17.169 16.090 15.977 25.804 36.556 10.264 20.072 15.957 12.878 14.813 20.757 19.711 10.672 13.642 14.617 14.595 1.545 2.534 0.000 0.000 0.000 0.000 0.000 25.259 46.253 47.250 47.247 51.245 47.243 36.241 0.000
49.429 49.435 49.446 49.463 49.488 47.521 47.564 51.621 58.697 59.799 55.915 51.045 49.192 49.352 51.496 51.634 60.733 1.798 35.936 73.965 80.968 86.954 86.970 86.144 93.014 92.858 85.941 86.719 86.379 86.303 86.205 86.116 86.035 93.974 0.000 31.761 33.722 23.711 25.708 0.000 0.000 0.000 11.434 17.371 16.280 22.163 38.007 14.781 0.000 1.028 13.980 11.929 19.872 20.818 16.771 13.733 14.703 14.681 16.667 0.000 0.000 0.000 0.000 0.000 0.000 0.000 0.000 37.244 47.242 47.240 52.238 47.236 47.232 36.225
49.446 49.452 49.463 49.479 48.501 47.530 49.567 56.615 33.684 9.804 8.931 6.074 36.246 53.472 48.618 51.740 32.827 0.000 41.089 79.106 85.120 87.068 87.363 85.431 93.158 86.282 87.056 86.622 86.560 86.452 86.357 86.265 87.179 85.105 7.048 6.904 0.000 0.000 0.000 0.000 0.000 10.882 18.713 16.601 15.497 35.387 39.279 0.000 0.000 0.000 10.038 15.987 20.927 20.871 10.824 14.786 14.757 14.737 17.726 0.000 0.000 0.000 0.000 0.000 0.000 0.000 0.000 25.236 47.235 47.234 53.232 47.230 47.227 41.223
49.460 49.465 49.475 48.489 47.507 49.531 52.559 60.590 19.618 0.000 0.000 0.000 0.000 35.671 50.763 51.880 38.010 40.176 66.225 83.260 87.254 87.489 85.567 93.409 93.289 87.267 86.959 86.808 86.702 86.601 86.503 86.407 89.311 74.220 3.134 0.000 0.000 0.000 0.000 0.000 0.000 11.051 17.936 16.823 14.719 42.610 3.444 0.000 0.000 16.276 21.148 21.054 20.978 18.917 13.868 14.829 14.801 14.783 16.775 0.000 20.830 0.000 0.000 0.000 0.000 0.000 0.000 18.229 47.229 47.228 47.227 47.226 47.224 45.222
49.469 49.474 49.482 48.494 47.509 51.528 55.548 59.568 17.581 0.000 0.000 0.000 0.000 15.778 58.885 54.006 60.155 73.295 82.377 86.421 87.500 86.713 93.620 93.518 86.612 87.384 87.038 86.952 86.846 86.746 86.648 90.549 53.440 25.330 0.000 0.000 0.000 0.000 0.000 0.000 13.571 18.336 17.155 19.036 15.949 39.888 0.000 0.000 11.620 18.404 34.225 23.103 20.015 15.950 13.901 13.863 14.836 14.820 14.815 19.828 15.830 6.830 0.000 0.000 0.000 14.219 16.220 15.223 47.223 47.223 47.222 47.221 47.221 45.220
49.476 49.480 49.487 47.496 49.509 55.523 56.538 54.552 41.558 2.553 0.000 0.000 0.000 0.000 11.994 8.104 48.311 79.471 83.564 87.591 87.830 86.014 93.712 85.932 87.708 87.271 87.203 89.088 87.985 86.887 86.795 92.700 15.570 0.000 0.000 0.000 0.000 0.000 0.000 34.022 33.806 21.568 18.314 29.219 24.151 25.105 0.000 0.000 9.836 14.495 25.246 21.117 25.031 18.968 21.921 20.887 17.862 14.846 13.838 13.838 19.834 0.000 0.000 0.000 0.000 11.218 11.218 21.219 47.219 47.218 47.218 47.218 47.218 21.219
