results4_8e4_rain/res_4e8f-0203.wd
ncols         241
nrows         181
xllcorner     12693529.787448
yllcorner     3542525.717860
cellsize      155.156523
NODATA_value  -9999.000000
[rows 132 to 164 of 181, columns 0 to 72 of 241]
96.323 101.322 105.322 105.321 107.320 107.319 101.317 92.315 78.313 67.311 66.308 67.305 66.301 65.297 70.292 84.287 95.282 100.275 100.268 97.259 89.249 80.237 71.223 65.205 70.182 72.153 71.119 72.081 70.049 65.019 78.990 101.962 68.939 0.000 0.000 0.000 8.722 60.715 72.710 69.691 71.677 77.669 95.670 81.676 65.685 64.697 64.712 76.728 97.747 38.766 11.790 6.824 0.000 0.000 0.000 0.000 0.000 0.000 0.000 0.000 0.000 0.107 3.108 1.108 28.108 8.032 11.957 52.860 75.720 79.622 79.516 89.604 117.071
74.327 76.327 79.327 85.326 95.325 101.323 106.322 106.320 99.318 85.315 74.312 68.309 72.305 79.301 92.297 107.292 106.286 103.279 103.272 106.263 106.253 102.241 90.227 78.210 70.189 65.165 66.138 65.110 66.084 74.060 96.038 104.020 16.008 0.000 0.000 0.000 18.728 46.734 64.759 73.756 74.745 71.734 72.738 82.744 77.751 70.759 74.769 82.781 95.794 36.810 22.829 28.858 8.887 0.000 0.000 0.000 0.000 0.000 0.000 0.000 0.000 0.000 0.000 0.000 10.183 0.000 59.981 81.903 77.786 86.760 77.826 117.191 105.952
66.332 66.332 66.331 68.331 73.330 77.328 84.327 93.325 101.323 104.320 98.317 96.314 98.310 101.306 100.302 93.297 84.291 82.284 82.277 87.268 93.258 100.247 103.233 102.218 91.200 81.180 76.159 74.137 83.116 99.097 100.082 86.071 19.066 0.000 0.000 0.000 0.000 0.000 47.836 74.828 53.813 41.783 56.803 71.811 86.815 90.820 92.825 93.831 89.840 16.850 3.861 31.890 28.917 16.945 22.958 16.963 0.000 0.000 0.000 0.000 0.000 0.000 44.397 14.348 80.258 102.194 135.051 91.027 86.081 67.040 103.108 107.631 107.541
67.337 67.337 67.337 67.336 66.335 65.333 67.332 72.330 78.328 88.325 98.323 100.319 93.316 83.312 77.307 69.302 65.296 65.290 65.283 67.275 72.265 78.255 85.242 97.229 102.213 104.197 103.179 99.162 102.146 95.132 77.121 69.116 48.119 6.141 0.000 0.000 0.000 0.000 40.920 73.906 16.896 0.000 49.881 74.881 93.880 101.880 87.879 90.879 76.883 34.890 0.905 58.925 27.946 19.961 30.965 30.967 1.970 0.000 0.000 0.000 0.000 31.500 50.447 123.389 152.313 135.196 118.753 117.700 109.373 108.014 107.894 107.768 72.990
67.343 67.342 67.342 67.341 67.340 67.339 67.337 66.336 66.334 69.331 75.328 74.325 70.321 66.318 66.313 66.308 67.303 67.297 67.290 67.282 66.274 65.264 67.253 73.241 80.228 89.214 97.200 93.187 82.174 70.163 66.156 71.152 79.154 55.162 33.169 33.161 19.137 20.094 56.019 76.981 26.970 8.985 68.960 100.951 102.945 81.940 84.933 83.922 71.923 60.933 11.935 39.946 13.979 1.989 14.975 1.972 3.972 1.967 0.000 0.000 0.000 12.555 75.502 81.422 77.411 78.572 76.548 108.334 108.234 108.128 75.330 78.110 79.984
67.348 67.348 67.348 67.347 67.346 67.345 67.343 67.341 67.339 67.337 66.334 66.331 66.328 67.324 67.320 67.315 67.310 67.304 67.298 67.291 67.283 67.274 67.265 66.254 65.243 66.232 70.221 68.210 67.200 71.192 74.186 73.183 71.183 73.185 73.184 70.176 70.157 74.127 49.082 35.027 24.018 42.026 87.022 101.017 81.011 74.003 72.989 52.955 48.954 11.984 0.070 0.000 2.041 4.040 0.000 0.000 7.980 22.961 37.918 7.856 21.777 84.633 91.623 89.696 87.684 88.766 108.523 108.431 89.569 96.362 89.219 94.994 86.839
67.354 67.354 67.353 67.353 67.352 67.351 67.349 67.348 67.346 67.343 67.341 67.338 67.334 67.331 67.327 67.322 67.318 67.312 67.307 66.300 73.293 75.285 67.277 66.268 65.259 66.249 68.240 71.232 74.224 73.218 68.214 69.211 76.210 79.209 75.207 69.201 66.189 75.172 6.156 0.000 9.048 82.079 91.085 78.083 70.078 90.071 36.065 0.000 0.000 2.099 3.128 3.127 3.097 4.092 0.000 0.000 33.007 74.981 103.939 64.878 97.765 105.926 102.891 101.983 108.780 108.698 108.612 101.649 103.530 103.230 102.094 101.029 18.948
67.360 67.360 67.359 67.359 67.358 67.357 67.356 67.354 67.352 67.350 70.348 70.345 68.341 72.338 70.334 67.330 67.326 67.321 66.316 64.310 75.304 83.297 69.290 66.282 68.275 71.267 73.260 72.253 69.247 71.243 76.240 78.238 79.237 79.236 74.234 68.231 77.225 96.218 15.213 0.000 0.000 56.156 79.156 76.153 80.147 100.139 34.136 0.000 3.175 3.151 3.159 3.155 3.130 5.137 0.000 31.104 83.061 99.016 101.951 106.954 104.123 101.116 109.005 108.934 108.859 100.953 101.741 102.617 102.301 102.275 95.209 72.120 0.000
67.366 67.366 67.366 67.365 67.364 67.364 67.362 67.361 67.359 68.357 75.355 75.352 52.348 20.345 41.341 71.338 65.334 68.330 74.326 77.321 77.315 73.309 69.303 70.297 73.290 72.284 71.278 73.273 77.269 77.266 79.264 78.263 69.263 64.263 66.264 79.263 98.263 108.263 30.265 0.000 0.000 31.234 87.230 89.225 96.217 95.203 31.203 0.000 3.198 1.200 2.201 3.203 0.000 9.190 35.189 79.155 101.086 104.110 103.206 103.213 102.308 109.139 109.073 101.151 101.955 102.820 102.610 102.468 102.428 94.363 86.323 0.000 0.000
67.373 67.373 67.372 67.372 67.371 67.370 67.369 67.368 67.367 69.365 78.362 89.359 65.356 2.353 8.346 56.346 82.344 74.340 72.336 72.332 70.327 69.322 71.316 73.311 71.306 67.301 69.296 81.293 83.290 73.288 67.287 64.288 64.289 69.291 83.293 99.296 96.300 80.306 52.318 20.345 14.346 58.315 87.306 69.302 60.291 52.254 17.269 1.316 1.251 22.242 13.243 3.254 0.000 28.245 79.229 101.158 103.365 102.366 102.480 109.326 109.266 109.204 101.209 103.098 102.813 102.689 102.637 102.567 96.494 83.433 73.398 0.000 0.000
67.379 67.379 67.379 67.378 67.378 67.377 67.377 67.376 67.374 69.373 79.371 66.368 22.362 4.363 0.000 24.357 78.354 70.351 72.347 71.343 69.339 72.335 73.330 70.325 67.321 63.317 73.313 87.311 74.309 64.309 65.310 70.312 80.314 91.318 102.322 95.328 73.335 68.344 87.356 94.371 95.378 99.375 74.377 35.384 7.392 0.000 1.463 1.469 0.000 35.257 22.272 2.319 33.340 79.292 101.326 103.527 102.553 109.489 109.437 109.383 101.471 102.273 103.165 102.867 102.854 102.797 102.725 103.636 91.559 62.476 51.437 9.437 3.437
66.386 66.386 67.386 67.385 67.385 67.385 67.384 67.383 67.382 70.381 80.380 51.379 0.000 10.375 48.376 50.369 67.366 69.362 57.359 39.355 77.351 72.347 68.343 67.340 65.336 67.332 83.330 86.328 68.328 71.329 83.331 92.335 101.339 99.344 87.350 73.358 66.367 82.378 86.391 74.406 55.418 53.429 41.444 21.466 10.500 4.569 2.589 22.605 17.623 0.000 0.000 27.387 79.445 102.567 103.601 101.722 109.587 109.539 101.629 102.443 103.325 103.134 103.014 102.993 102.943 102.894 105.826 69.697 49.628 0.000 0.000 0.000 0.000
75.393 73.393 70.392 68.392 65.392 65.392 65.392 65.391 64.391 69.390 81.389 64.389 45.391 53.386 71.383 67.380 64.376 70.373 65.370 52.367 72.364 66.360 65.357 65.354 67.350 81.347 89.345 55.344 47.345 97.347 102.351 97.357 86.362 76.369 68.377 64.386 75.397 87.410 55.425 30.442 13.460 4.480 21.505 20.535 10.573 11.618 14.646 42.659 26.641 0.000 0.000 59.681 101.724 100.859 109.722 109.679 109.634 101.663 103.560 103.288 103.182 103.154 105.113 100.065 102.037 103.011 113.990 0.000 0.000 0.000 0.000 0.000 0.000
76.401 78.400 84.398 85.398 85.399 82.399 83.400 82.399 81.399 81.398 83.398 66.397 70.397 69.395 66.392 69.390 69.387 68.384 73.381 75.379 69.376 63.373 65.370 67.367 81.364 86.362 75.359 69.359 78.360 101.364 84.371 75.378 67.385 65.393 67.403 66.413 80.426 89.441 53.458 29.477 17.500 19.527 22.559 14.597 15.639 21.683 23.719 16.743 0.000 0.000 37.924 79.944 109.839 109.803 109.764 101.893 102.701 103.603 103.313 103.312 104.272 104.229 77.187 55.127 90.127 104.123 109.133 49.190 0.000 0.000 0.000 0.000 0.000
69.410 63.408 16.403 18.403 27.406 74.407 71.408 71.408 71.407 75.407 84.406 65.406 66.405 65.403 68.402 72.399 73.397 71.395 70.393 73.391 74.389 71.386 65.384 82.381 88.378 79.375 85.372 102.371 99.373 81.379 69.389 65.398 67.407 67.416 66.427 71.439 87.452 89.468 81.487 84.509 55.536 17.568 9.608 8.654 20.704 27.755 17.805 14.853 6.882 33.049 81.094 109.908 109.875 102.031 102.843 103.732 103.547 103.435 103.422 104.377 102.339 96.300 21.281 0.000 72.223 107.220 104.228 103.248 0.000 0.000 0.000 0.000 0.000
67.420 59.420 0.000 0.415 9.416 70.416 66.416 66.416 66.416 70.416 84.415 62.414 66.414 70.412 72.411 73.409 70.408 67.406 65.404 67.403 77.401 90.400 85.398 86.396 63.393 57.388 109.383 95.380 62.381 22.390 42.409 70.420 67.429 67.438 69.449 62.462 46.477 36.494 48.514 88.537 64.566 17.603 12.650 7.708 16.767 21.829 15.894 20.953 21.037 59.179 109.957 101.217 104.958 103.865 103.681 103.573 103.551 103.518 104.478 104.443 69.406 45.354 31.355 34.363 85.322 106.308 102.310 93.325 11.360 0.000 0.000 0.000 0.000
67.430 67.432 50.436 0.425 10.425 71.425 67.425 67.425 66.425 67.424 82.424 69.423 72.423 74.422 73.421 68.419 65.418 66.417 66.416 65.415 75.414 98.413 94.412 81.411 74.408 65.404 41.390 30.384 17.383 0.000 23.437 72.442 67.450 69.459 52.470 26.483 11.498 8.516 50.536 67.560 36.588 8.627 11.682 16.760 23.826 19.900 13.990 7.069 10.362 58.405 110.020 104.105 103.869 103.692 103.679 103.646 103.608 103.572 101.540 92.511 25.489 0.000 42.422 101.413 106.392 104.380 98.378 88.384 6.395 0.000 0.000 0.000 0.000
64.439 66.440 63.441 0.000 6.435 71.434 66.434 64.434 66.434 70.433 74.433 73.432 73.432 71.431 65.430 66.430 66.429 67.428 67.427 72.427 90.426 89.426 82.426 91.426 89.427 60.428 0.000 0.000 0.000 0.000 21.460 72.463 67.469 70.478 41.489 3.502 37.517 63.535 83.556 52.578 4.598 0.669 0.739 5.825 15.878 15.957 16.061 10.299 6.925 110.199 110.112 103.010 103.860 103.762 103.731 103.695 103.660 105.627 90.597 73.570 33.551 9.543 57.497 87.474 96.455 105.443 94.438 83.438 5.440 0.000 0.000 0.000 0.000
71.447 69.448 58.448 0.000 57.444 65.444 67.443 71.443 72.442 73.442 71.442 72.441 70.441 66.441 66.440 67.440 67.439 66.439 68.439 91.439 90.439 72.439 85.440 83.442 87.445 85.452 48.469 4.479 13.484 43.485 48.479 68.481 67.486 67.495 62.505 54.518 71.534 70.553 64.574 86.597 34.620 0.695 0.764 9.851 14.905 12.983 14.078 38.222 62.612 110.281 105.334 105.086 104.828 103.816 103.779 103.745 104.711 102.679 57.650 34.623 46.600 47.580 101.552 103.529 83.512 93.499 88.492 61.489 26.488 0.000 0.000 0.000 0.000
72.455 73.455 70.456 58.458 72.454 72.453 72.452 73.452 73.451 74.451 86.451 68.451 66.450 66.450 67.450 67.450 67.450 68.450 82.450 93.450 68.451 72.452 99.454 91.456 79.460 82.466 85.476 69.483 74.488 89.491 82.492 70.495 63.500 63.509 74.519 90.532 77.548 49.567 21.590 76.617 65.654 14.714 17.773 22.839 18.907 9.994 12.060 53.340 105.587 110.358 102.314 104.968 105.899 103.863 103.828 103.794 96.761 86.729 43.700 14.672 23.648 24.624 85.601 127.580 108.563 84.550 76.542 55.537 64.536 17.536 0.000 3.744 7.744
77.463 77.463 73.463 73.463 73.462 74.461 74.461 70.460 67.460 66.460 29.460 19.460 70.460 67.460 67.460 67.460 66.460 69.460 93.461 79.461 64.463 70.464 87.466 104.469 99.473 96.478 94.484 90.490 86.495 85.499 93.502 90.506 84.512 80.520 83.531 87.544 49.560 13.578 12.600 28.627 24.667 9.719 18.768 28.824 24.893 15.992 9.152 52.405 110.501 110.431 105.206 107.053 103.942 103.912 104.876 100.842 84.808 77.777 83.747 89.719 73.694 95.669 110.647 127.627 136.610 120.597 82.588 87.583 62.581 0.000 0.000 0.000 0.000
16.470 17.470 77.469 72.470 72.470 67.469 64.469 66.469 61.469 14.469 14.469 3.469 71.469 67.469 67.469 67.470 67.470 85.471 92.471 65.472 67.474 67.475 70.478 76.481 78.484 78.489 74.493 77.498 93.503 86.507 77.511 80.516 87.522 91.530 94.540 91.552 66.568 31.586 14.606 13.624 0.000 2.727 13.756 22.797 6.845 0.000 22.365 82.612 110.568 102.545 106.274 106.013 103.998 103.958 104.923 99.888 86.855 52.823 59.793 102.764 113.738 145.713 136.690 108.670 96.653 113.639 92.630 86.625 61.626 0.653 0.000 0.000 0.000
3.478 12.477 26.474 81.477 66.478 64.478 66.478 66.478 67.478 14.478 5.478 60.478 68.478 67.479 67.479 67.480 69.480 93.481 78.482 64.483 67.485 67.486 67.489 66.492 66.495 66.499 65.503 72.507 101.511 80.515 11.519 19.524 31.530 82.537 92.546 76.558 81.573 68.592 20.615 17.638 2.671 7.706 20.733 12.762 0.000 0.000 40.532 110.697 110.633 105.428 107.170 103.080 104.042 104.005 103.968 103.933 90.899 53.867 68.837 105.808 101.780 135.755 130.731 99.710 104.692 90.678 71.668 89.663 67.665 1.678 0.000 0.000 0.000
65.486 61.486 0.000 73.486 83.486 84.486 65.486 77.486 84.486 60.486 58.487 68.487 67.488 67.488 67.489 67.489 86.490 90.491 65.492 67.493 66.495 65.497 67.499 67.502 67.505 67.508 66.512 74.515 103.519 84.523 30.527 3.531 54.537 79.543 92.550 71.560 61.574 20.596 13.621 16.644 14.668 22.692 26.710 0.737 0.000 19.448 81.703 110.758 102.680 106.406 106.149 104.129 104.087 104.049 104.012 104.977 95.943 84.910 107.879 132.849 120.821 137.794 134.770 128.748 135.728 101.712 78.701 88.694 96.693 25.697 0.000 0.000 0.000
67.495 66.495 61.498 67.495 66.495 14.494 88.494 80.494 67.495 68.495 68.496 67.496 67.497 67.497 67.498 70.499 93.500 76.501 66.502 67.503 73.505 81.507 67.510 65.512 67.515 66.518 69.521 93.524 101.527 76.531 64.534 52.538 74.542 73.547 34.552 19.558 16.566 0.000 5.632 5.647 6.665 7.685 9.697 0.000 22.494 79.657 101.836 110.818 103.643 104.288 104.211 104.170 104.131 104.092 104.055 105.019 95.985 78.951 74.920 107.889 97.860 111.832 114.806 102.782 104.760 76.742 53.728 67.720 134.716 87.719 22.729 12.735 34.739
67.502 67.503 67.504 67.503 67.502 61.502 77.502 93.503 69.503 66.504 67.504 67.505 67.506 67.507 66.508 89.509 91.510 65.511 67.512 68.513 65.515 27.517 86.520 81.522 68.524 66.527 84.530 103.533 87.535 67.538 67.541 68.544 71.547 75.550 12.553 13.556 0.000 2.625 17.627 0.000 0.646 0.000 0.000 0.000 45.598 102.785 110.930 110.875 103.527 104.363 104.248 104.213 104.172 104.134 104.096 103.060 88.025 89.992 109.959 128.927 127.897 132.868 137.840 124.814 122.789 109.767 58.751 56.740 132.734 96.733 34.732 27.736 92.741
67.510 67.510 67.510 67.510 67.510 67.510 67.511 78.511 93.512 69.512 66.513 67.514 67.515 65.516 73.517 94.518 74.519 66.520 68.521 66.522 8.525 5.527 74.530 75.532 81.534 80.536 88.539 87.541 68.543 66.546 68.548 71.551 76.553 76.554 0.000 0.000 0.000 4.624 28.624 15.624 16.626 15.625 0.000 6.677 53.832 107.996 110.984 102.863 104.580 104.316 104.297 104.253 104.213 104.174 104.137 104.100 90.065 86.031 106.997 107.965 107.933 110.903 110.873 109.844 114.816 87.788 63.767 78.754 93.748 32.745 0.000 0.000 36.746
67.517 69.517 69.517 67.517 67.518 67.518 67.518 67.519 78.520 93.521 69.522 64.523 64.524 81.525 93.526 87.528 64.529 67.530 63.530 9.529 6.535 60.537 67.540 67.542 73.543 90.545 90.547 83.549 76.551 68.553 55.555 25.557 90.559 70.560 0.000 0.000 0.000 3.621 17.622 10.623 24.624 13.625 0.000 6.816 26.916 111.089 111.037 103.732 104.468 104.374 104.333 104.292 104.252 104.213 104.176 105.139 100.103 90.069 85.035 84.001 83.968 83.937 83.905 87.874 61.841 5.802 31.775 87.763 83.757 44.755 6.758 0.000 35.750
68.524 5.524 6.524 67.525 66.525 65.526 65.526 64.527 64.528 77.529 92.530 85.531 92.533 94.534 81.536 65.537 72.539 72.540 60.542 0.000 8.547 71.548 67.550 69.551 93.553 100.555 78.556 69.558 76.559 83.561 71.563 7.564 50.566 68.566 0.000 0.000 0.000 4.618 10.619 7.622 21.623 0.000 0.000 6.875 12.192 111.139 108.980 104.696 104.438 104.416 104.371 104.330 104.290 104.251 104.214 104.177 105.141 104.106 102.071 101.037 101.003 101.970 103.938 77.906 19.873 0.000 16.770 72.765 103.762 94.761 67.761 43.760 60.755
67.531 66.531 1.532 66.532 77.532 81.533 85.534 90.535 93.536 94.537 94.538 94.540 80.542 67.543 83.545 100.547 101.549 101.551 94.554 72.560 7.558 68.559 66.560 75.561 103.562 90.564 67.565 66.566 68.567 71.569 62.570 7.571 27.573 27.574 0.000 0.000 0.000 10.613 5.616 0.000 4.623 0.000 14.890 16.112 6.570 111.188 112.931 108.571 104.492 104.449 104.407 104.366 104.327 104.288 104.251 104.214 104.178 104.143 104.107 104.072 105.036 108.002 79.970 12.938 0.000 5.810 0.000 17.765 73.765 104.765 95.765 71.764 48.758
67.538 69.538 65.539 67.539 82.540 81.540 77.541 73.542 72.544 68.545 89.547 79.548 90.550 81.552 97.554 93.556 86.559 87.561 98.564 104.567 93.568 94.569 86.570 94.571 102.572 75.573 66.574 67.575 67.575 66.576 66.577 68.578 63.580 12.583 72.589 63.594 2.599 4.604 0.000 0.000 0.000 5.887 83.933 81.137 111.280 111.235 106.807 107.638 104.521 104.484 104.442 104.401 104.362 104.324 104.287 104.251 104.215 104.180 104.144 106.107 111.067 80.033 20.001 0.000 0.000 2.810 1.810 0.000 14.768 65.770 100.771 50.771 0.000
69.545 5.545 64.545 67.546 67.547 67.547 66.548 67.550 69.551 67.553 79.555 74.557 83.559 94.561 82.563 67.566 68.568 69.571 70.574 75.576 88.578 98.579 104.580 102.581 91.581 67.582 67.582 67.583 67.583 67.584 68.584 91.585 64.586 4.588 68.591 18.594 12.598 5.601 0.000 0.000 0.000 15.872 104.077 106.289 111.323 105.137 104.847 104.582 104.561 104.516 104.475 104.435 104.397 104.359 104.322 104.287 104.252 104.217 106.182 91.145 45.091 12.062 0.000 4.811 2.810 22.810 29.810 0.000 0.000 36.777 98.778 50.778 0.000
70.551 3.552 64.552 67.553 67.553 67.554 67.556 68.557 6.559 66.561 70.563 81.565 81.567 89.570 94.573 80.575 65.578 65.581 65.583 67.586 69.588 70.589 71.590 71.591 70.591 69.591 65.591 65.591 66.591 67.591 78.591 92.591 63.591 57.592 59.592 0.000 0.000 5.601 0.000 0.000 0.000 19.965 103.087 111.408 111.366 103.995 104.726 104.631 104.589 104.547 104.507 104.468 104.430 104.393 104.357 104.322 104.288 104.255 109.224 65.199 0.000 0.000 2.812 0.811 2.810 17.810 24.809 0.000 0.000 39.784 99.784 58.785 0.000
