results4_8e4_rain/res_4e8f-0214.wd
ncols         241
nrows         181
xllcorner     12693529.787448
yllcorner     3542525.717860
cellsize      155.156523
NODATA_value  -9999.000000
[rows 33 to 65 of 181, columns 73 to 145 of 241]
0.000 0.000 0.000 0.000 0.000 0.000 0.000 0.000 0.000 0.000 0.000 0.000 0.000 0.000 0.000 0.000 0.000 0.000 0.000 0.000 0.000 0.000 0.000 0.000 0.000 0.000 0.000 0.000 0.000 0.000 0.000 0.000 0.000 0.000 0.000 0.000 0.000 0.000 0.000 39.916 62.917 67.919 23.921 0.000 0.000 32.998 47.026 14.005 5.005 37.026 40.041 34.039 35.020 35.983 35.929 35.856 35.762 34.645 40.490 60.251 6.764 14.873 12.148 47.303 63.760 68.288 66.847 67.448 65.982 68.067 63.120 62.730 62.719
0.000 0.000 0.000 0.000 0.000 0.000 0.000 0.000 0.000 0.000 0.000 0.000 0.000 0.000 0.000 0.000 0.000 0.000 0.000 0.000 0.000 0.000 0.000 0.000 0.000 0.000 0.000 0.000 0.000 0.000 0.000 0.000 0.000 0.000 0.000 0.000 0.000 0.000 0.000 0.000 14.918 9.918 0.000 0.000 0.000 0.000 29.117 0.000 0.000 27.067 51.108 50.112 40.094 36.058 36.000 35.921 35.819 34.698 56.562 54.407 0.000 37.706 50.269 63.694 68.173 67.694 67.263 66.770 67.829 63.846 63.146 63.398 65.698
0.000 0.000 0.000 0.000 0.000 0.000 0.000 0.000 0.000 0.000 0.000 0.000 0.000 0.000 0.000 0.000 0.000 0.000 35.338 67.338 20.338 0.000 0.000 0.000 0.000 0.000 0.000 0.000 0.000 0.000 0.000 0.000 0.000 0.000 0.000 0.000 0.000 0.000 0.000 0.000 0.000 0.000 0.000 0.000 0.000 0.000 21.209 0.000 0.000 0.000 29.211 47.206 47.188 38.153 36.093 36.007 33.895 49.768 58.654 0.000 23.366 47.976 62.529 69.032 68.538 68.082 67.562 69.593 65.579 63.689 64.087 66.411 65.655
0.000 0.000 0.000 0.000 0.000 0.000 0.000 0.000 0.000 0.000 0.000 22.340 60.340 0.340 0.000 0.000 0.000 0.000 42.338 93.338 49.337 0.000 0.000 0.000 0.000 0.000 0.000 0.000 0.000 0.000 0.000 0.000 0.000 0.000 0.000 0.000 0.000 0.000 0.000 0.000 0.000 0.000 0.000 0.000 0.000 0.000 24.300 25.341 32.359 18.357 28.320 36.312 49.301 40.272 36.214 33.119 43.988 53.822 42.633 18.290 47.757 65.301 69.841 69.361 68.897 68.356 68.360 67.322 64.343 64.790 67.128 66.379 66.144
0.000 0.000 0.000 0.000 0.000 0.000 0.000 0.000 0.000 0.000 0.000 43.340 78.340 67.340 54.339 9.339 3.339 27.339 81.338 89.338 54.337 0.000 0.000 0.000 0.000 23.388 2.388 0.000 0.000 0.000 0.000 0.000 0.000 0.000 0.000 0.000 0.000 7.389 0.000 0.000 0.000 11.387 29.387 0.000 0.000 40.364 55.351 58.364 56.380 42.392 36.401 35.419 49.431 40.419 32.370 46.269 60.114 47.901 35.766 50.480 55.071 67.630 70.167 69.705 69.152 69.132 67.076 65.107 65.512 67.858 67.117 66.887 66.552
0.000 0.000 0.000 0.000 0.000 0.000 0.000 0.000 0.000 0.000 0.000 14.340 76.340 59.340 40.340 2.339 23.339 73.339 84.338 91.337 50.337 0.000 0.000 0.000 0.388 61.388 45.388 0.000 0.000 0.000 0.000 0.000 0.000 0.000 0.000 0.389 24.389 36.389 38.389 0.000 0.000 20.387 45.387 24.385 38.383 61.377 64.375 65.385 62.403 49.430 36.474 33.534 50.583 41.605 45.579 63.472 57.298 0.000 34.049 52.794 65.416 70.979 70.522 69.962 69.917 67.850 65.998 66.256 68.604 67.874 67.650 67.317 66.983
0.000 0.000 0.000 0.000 0.000 0.000 0.000 0.000 0.000 0.000 0.000 0.000 0.000 27.340 65.340 61.340 49.339 62.339 82.338 93.337 46.336 0.000 0.000 0.000 0.000 23.388 47.388 49.388 0.000 0.000 0.000 0.000 0.000 0.000 0.000 0.000 40.389 41.389 53.389 36.389 25.388 39.388 40.388 36.387 43.386 50.385 48.388 41.398 60.417 26.452 42.529 45.660 35.763 47.840 60.867 57.743 0.313 9.001 45.589 62.228 70.824 71.361 70.809 70.734 67.663 67.054 67.028 69.368 68.649 68.435 68.111 67.778 67.419
0.000 0.000 0.000 0.000 0.000 0.000 0.000 0.000 0.000 0.000 0.000 0.000 0.000 17.340 84.340 79.340 69.340 59.339 83.338 91.337 86.334 71.330 26.328 0.000 0.000 0.000 3.388 57.388 41.388 39.388 50.388 45.388 8.388 0.000 0.000 4.389 40.389 39.389 60.389 66.389 55.389 47.389 39.388 36.389 37.389 38.390 37.394 35.402 43.414 4.433 0.000 4.815 40.969 64.124 62.306 1.601 7.694 45.408 59.074 68.717 72.256 71.818 72.594 68.547 68.353 67.848 70.158 69.445 69.238 68.928 68.611 68.261 67.870
0.000 0.000 0.000 0.000 0.000 0.000 0.000 0.000 0.000 0.000 0.000 0.000 0.000 0.000 17.340 56.341 31.341 67.341 86.339 91.337 89.333 87.329 76.325 35.322 0.322 0.000 0.000 13.388 52.388 52.388 65.388 63.388 56.388 51.388 0.000 0.000 7.389 44.389 63.389 70.389 62.389 46.389 35.389 36.390 36.391 36.393 36.396 36.400 40.405 0.000 0.000 0.000 11.175 48.381 17.845 15.113 50.053 54.860 66.603 73.210 73.063 71.305 69.634 70.021 68.751 70.993 70.269 70.056 69.752 69.456 69.140 68.785 68.354
0.000 0.000 0.000 0.000 0.000 0.000 0.000 0.000 0.000 0.000 0.000 0.000 0.000 0.000 0.000 2.342 88.343 88.343 90.342 90.338 89.333 83.327 77.322 48.319 0.000 0.000 0.000 0.000 0.000 20.388 65.388 59.388 74.388 71.388 50.389 29.389 30.389 39.389 61.389 70.389 61.389 44.390 34.390 39.391 38.392 36.394 36.396 36.399 37.401 29.400 0.000 0.000 0.000 0.000 9.578 52.614 55.543 63.400 74.124 74.237 72.599 74.493 72.255 69.794 71.905 71.142 70.899 70.582 70.289 70.000 69.707 69.385 67.949
0.000 0.000 0.000 0.000 0.000 0.000 23.316 46.313 0.000 24.255 64.244 53.232 57.221 32.214 0.000 0.000 24.345 96.346 90.346 87.342 84.334 87.325 78.317 41.312 0.000 0.000 0.000 0.000 0.000 0.000 0.000 9.388 63.388 64.388 15.388 0.000 6.389 43.389 61.389 66.389 56.389 47.390 45.390 7.391 14.393 42.395 36.396 36.398 37.399 43.400 51.399 13.399 0.000 0.000 25.273 58.225 62.118 72.928 75.143 74.775 78.052 76.633 71.137 72.944 72.091 71.783 71.427 71.112 70.818 70.548 70.305 70.098 75.953
0.000 0.000 0.000 0.000 0.000 0.000 23.319 66.310 8.291 58.265 60.246 72.230 55.216 40.208 0.000 0.000 12.347 81.349 93.354 90.349 90.337 91.322 85.309 39.300 0.000 0.000 0.000 0.000 0.000 0.000 0.000 0.000 0.000 48.388 7.388 0.000 2.389 49.389 46.389 58.389 15.389 0.000 0.000 0.000 0.000 8.396 46.397 40.398 3.399 33.399 67.399 50.399 3.399 0.000 30.025 63.864 72.766 75.887 75.642 79.812 79.066 72.492 74.060 73.111 72.717 72.301 71.944 71.618 71.325 71.069 70.865 70.751 75.812
21.582 65.576 55.571 0.000 0.000 0.000 17.331 77.318 53.296 55.270 61.246 85.225 86.207 81.193 35.178 0.000 0.000 0.000 41.373 95.362 90.343 91.319 88.295 47.279 0.000 0.000 0.000 0.000 0.000 0.000 0.000 0.000 0.000 6.388 0.000 0.000 0.000 0.000 0.000 0.000 0.000 0.000 0.000 0.000 0.000 0.000 0.000 21.398 18.398 0.000 0.000 0.000 0.000 19.437 56.854 73.807 75.483 76.416 80.763 80.367 73.521 75.082 74.122 73.669 73.198 72.791 72.423 72.091 71.793 71.537 71.337 71.228 74.288
21.583 77.575 59.565 55.554 0.000 0.000 4.355 69.336 71.305 71.273 83.242 80.217 92.195 91.177 52.164 0.000 0.000 0.000 17.404 97.384 90.352 91.314 88.275 48.242 0.000 0.000 8.805 56.767 68.726 37.698 0.000 0.000 0.000 0.000 0.000 0.000 0.000 0.000 0.000 0.000 0.000 0.000 0.000 0.000 0.000 0.000 0.000 0.000 6.398 0.000 0.000 0.000 17.402 57.910 74.870 75.452 81.682 81.172 74.792 75.355 75.858 75.043 74.579 74.085 73.643 73.238 72.867 72.529 72.221 71.948 71.717 78.537 19.413
85.586 82.575 61.562 62.543 54.513 1.469 59.398 54.366 62.315 75.274 79.233 90.205 91.180 90.156 59.137 0.000 0.000 0.000 16.454 96.418 90.368 91.311 86.248 66.173 50.055 50.947 50.842 58.771 79.712 46.670 0.000 0.000 0.000 0.000 0.000 0.000 0.000 0.000 0.000 0.000 0.000 0.000 0.000 0.000 0.000 0.000 0.000 0.000 0.000 0.000 15.492 46.270 55.778 74.764 76.354 83.018 82.426 75.340 77.062 76.398 75.860 75.407 74.925 74.474 74.048 73.650 73.280 72.935 72.615 72.318 79.046 24.792 0.000
82.592 77.579 75.563 58.542 62.512 62.477 53.438 46.416 0.000 0.000 21.212 80.190 91.162 89.131 74.092 41.038 0.000 3.629 65.539 86.466 91.392 90.315 91.234 81.145 57.044 53.943 52.847 61.762 79.682 62.600 48.486 49.397 53.331 64.291 28.275 0.000 0.000 0.000 0.000 0.000 0.000 0.000 0.000 0.000 0.000 0.000 0.000 0.000 0.000 0.000 26.692 66.533 74.480 77.128 83.898 83.501 76.063 77.734 76.958 76.589 76.151 75.702 75.261 74.834 74.425 74.036 73.667 73.317 72.984 78.665 25.355 0.000 0.000
71.599 23.586 91.570 62.550 56.517 57.488 59.462 59.444 48.442 0.000 0.000 1.175 25.147 96.113 86.061 63.984 55.861 62.718 61.610 63.514 71.418 72.322 59.226 56.131 54.034 53.936 52.840 61.747 76.655 55.561 52.462 57.374 73.306 76.267 61.259 35.259 0.000 0.000 0.000 0.000 0.000 0.000 0.000 0.000 0.000 0.000 0.000 0.000 0.000 17.531 59.377 74.989 77.829 84.464 84.218 76.758 78.404 77.622 77.268 76.842 76.421 76.000 75.582 75.175 74.781 74.401 74.036 73.683 79.339 25.002 0.000 0.000 0.000
17.608 90.595 91.583 77.570 0.000 4.495 64.476 60.456 71.440 62.423 0.000 1.188 4.153 84.112 81.054 65.978 56.880 53.771 53.668 56.563 69.444 77.329 80.219 73.120 63.023 55.927 54.830 70.731 73.631 48.528 52.425 52.330 53.253 57.210 36.235 0.000 0.000 0.000 6.783 0.000 0.000 0.000 0.000 0.000 0.000 0.000 0.000 20.755 52.424 60.280 73.795 85.126 84.741 77.810 78.406 78.975 78.287 77.926 77.507 77.102 76.695 76.292 75.893 75.503 75.123 74.753 75.392 82.038 25.689 0.000 0.000 0.000 0.000
95.616 91.606 91.594 91.579 78.557 61.521 61.493 61.465 52.439 1.398 18.304 25.244 77.184 74.128 77.066 69.993 70.910 70.820 70.728 73.624 68.466 68.331 70.200 74.105 75.013 72.919 68.820 79.716 77.608 65.496 66.381 66.269 68.166 43.088 0.000 0.000 0.000 0.000 7.783 0.000 0.000 0.000 0.000 0.000 0.000 7.638 55.413 55.975 76.988 77.544 86.186 85.709 80.296 80.014 79.404 78.939 78.563 78.154 77.756 77.360 76.967 76.578 76.196 75.822 75.455 76.095 79.740 12.389 0.000 0.000 0.000 0.000 0.000
94.625 90.617 90.608 91.594 88.571 66.540 60.507 61.473 62.436 54.390 3.327 69.268 66.209 67.150 68.088 63.020 66.947 71.871 79.799 64.741 0.000 0.269 15.144 73.087 69.006 68.917 68.816 68.707 68.589 68.465 68.335 68.198 66.052 60.887 33.667 0.000 9.300 53.080 59.783 71.479 41.244 0.000 0.000 0.000 1.525 56.839 67.621 79.542 80.177 86.920 86.586 80.945 80.623 79.889 79.562 79.174 78.780 78.389 78.000 77.615 77.234 76.859 76.491 76.132 76.779 79.431 27.086 0.000 0.000 0.000 0.000 0.000 0.000
80.632 80.631 80.629 91.616 91.594 81.561 57.523 60.484 61.444 61.399 67.347 76.292 60.234 57.176 55.116 62.052 76.985 75.919 60.857 40.799 0.000 0.000 0.000 1.097 58.007 52.925 52.821 52.705 52.577 53.440 56.295 57.138 56.959 55.741 56.447 54.996 54.520 63.157 69.789 67.411 74.009 71.472 65.963 63.451 65.822 77.470 80.992 80.785 87.414 87.197 81.582 81.237 80.490 80.164 79.771 79.387 79.002 78.620 78.241 77.866 77.495 77.131 76.779 77.436 78.099 16.765 0.000 0.000 0.000 0.000 0.000 0.000 0.000
0.000 46.645 58.659 86.650 90.625 71.588 54.540 53.496 61.456 61.416 60.371 54.319 55.260 61.205 78.147 77.085 60.023 52.964 42.911 0.000 62.474 71.412 67.316 68.194 71.066 73.955 72.840 73.714 76.573 75.424 72.268 74.098 68.904 54.672 58.383 57.021 61.628 79.237 85.807 82.367 75.909 70.441 71.987 78.452 83.307 81.747 88.017 87.668 81.566 83.176 81.763 81.103 80.765 80.368 79.985 79.601 79.222 78.848 78.479 78.113 77.749 78.392 76.057 71.734 23.417 0.000 0.000 0.000 0.000 0.000 0.000 0.000 0.412
0.000 0.000 51.713 70.699 81.671 56.623 48.555 55.502 53.468 60.438 61.402 61.351 54.282 71.236 63.182 52.120 55.057 47.004 0.000 71.625 74.535 74.445 76.343 77.228 80.107 83.990 82.870 82.737 82.579 84.415 85.254 83.082 70.887 56.660 58.392 58.079 57.732 60.357 33.835 6.340 95.817 137.417 114.952 80.886 82.405 88.978 88.542 82.013 84.742 82.158 81.716 81.359 80.966 80.581 80.195 79.812 79.436 79.071 78.713 78.358 79.996 74.631 63.321 18.028 0.000 0.000 0.000 0.000 0.000 0.000 0.000 0.654 47.512
3.952 0.000 6.781 27.761 62.736 44.680 0.000 50.490 55.477 55.465 61.450 50.400 0.000 55.274 53.225 55.157 56.079 65.990 79.866 76.714 78.598 84.491 94.384 138.269 135.144 135.027 134.913 134.784 135.589 119.404 51.252 54.089 51.902 59.688 58.445 55.169 52.866 34.625 0.000 0.000 4.620 62.328 79.338 83.933 89.669 89.351 81.610 83.312 82.612 82.309 81.941 81.560 81.178 80.791 80.402 80.016 79.641 79.285 79.945 78.610 70.247 58.816 16.568 0.000 0.000 0.000 0.000 0.000 0.000 0.000 3.811 38.746 59.627
77.952 25.928 14.870 77.827 55.833 0.000 0.000 0.000 49.486 62.494 54.532 0.000 7.448 63.362 54.286 65.204 78.114 78.012 82.895 85.768 78.650 64.539 55.431 51.319 49.175 52.061 52.970 39.899 0.000 56.360 53.262 52.119 55.945 59.746 56.531 48.288 54.935 35.653 0.000 1.908 57.634 74.639 84.360 90.162 89.940 82.192 83.880 83.177 82.885 82.517 82.150 81.773 81.391 81.003 80.608 80.208 79.828 80.482 76.173 64.888 21.568 0.000 0.000 0.000 0.000 0.000 0.000 0.000 0.000 0.000 6.875 56.814 55.725
87.972 95.962 83.943 0.914 12.936 7.046 2.081 1.086 0.000 0.000 58.652 56.630 64.533 61.442 61.352 61.259 78.159 92.050 80.933 60.812 58.694 53.583 55.481 46.402 0.000 58.072 55.006 43.944 0.000 57.413 52.318 53.181 60.012 57.821 55.645 37.516 0.000 2.124 54.343 52.091 68.876 84.783 90.440 83.125 83.692 84.353 83.750 83.456 83.095 82.737 82.368 81.992 81.610 81.223 80.819 81.378 80.981 70.643 55.375 18.202 0.000 0.000 0.000 0.000 0.000 0.000 0.000 5.272 32.225 31.137 46.001 57.908 45.822
78.000 82.005 72.007 0.000 0.000 72.120 65.115 59.090 3.029 10.934 76.793 73.706 60.613 61.519 61.422 62.321 83.212 135.097 127.976 74.853 129.733 50.618 54.510 54.406 56.288 54.148 54.040 53.927 55.766 51.560 51.416 60.273 59.103 55.879 50.713 39.614 0.000 0.883 56.380 63.193 85.186 84.063 90.795 84.170 84.757 84.307 84.018 83.672 83.324 82.964 82.595 82.216 81.833 81.459 83.067 78.506 60.074 46.733 48.484 14.343 0.000 0.000 0.000 0.000 0.000 0.000 0.000 5.320 41.265 46.184 60.085 53.995 43.912
74.031 69.052 13.072 0.000 3.242 55.200 64.169 61.127 79.064 72.980 77.880 85.788 76.695 61.599 61.498 61.389 60.273 54.149 49.020 53.891 50.766 54.647 54.534 54.424 54.310 54.192 54.078 53.956 52.811 57.647 59.512 60.393 44.248 0.000 43.713 0.000 0.000 0.879 60.536 82.444 86.441 91.774 91.318 84.261 84.914 84.557 84.244 83.911 83.562 83.201 82.831 82.445 82.048 80.713 42.485 0.000 0.000 0.000 0.000 0.000 0.000 0.000 0.000 37.741 32.702 31.637 30.546 34.421 43.333 59.248 53.161 44.076 53.997
66.058 57.099 62.159 7.258 60.284 56.268 55.235 73.185 66.120 82.043 90.957 70.870 56.780 54.684 57.580 60.466 61.341 61.206 54.065 52.925 53.792 53.669 54.554 54.445 54.338 59.231 56.124 53.009 53.876 56.705 60.592 49.539 0.000 0.000 0.000 0.000 16.178 136.054 79.791 86.814 84.784 92.178 84.078 86.598 88.082 84.809 84.493 84.162 83.814 83.448 84.081 80.687 68.199 58.862 16.673 0.000 0.000 0.000 0.000 0.000 0.000 0.000 39.824 39.780 39.728 40.662 40.580 41.486 55.399 55.315 39.233 42.153 44.077
41.075 42.127 36.206 60.332 56.367 55.355 66.316 70.258 81.189 88.114 54.036 52.956 53.871 55.777 54.672 51.553 59.418 60.269 61.108 59.952 53.810 52.683 51.569 52.464 58.365 117.271 85.178 65.081 47.978 0.000 62.611 70.631 0.000 0.000 0.000 0.000 60.304 71.197 88.082 86.116 92.883 92.544 85.167 85.697 86.364 85.071 84.761 84.432 84.081 84.698 83.358 36.022 0.000 0.000 0.000 0.000 0.000 0.000 0.000 0.000 0.000 0.014 46.868 42.827 39.770 40.702 38.626 50.543 57.461 41.381 42.302 50.226 48.152
0.000 0.000 0.000 53.498 56.496 58.469 79.416 90.341 104.262 86.188 15.118 72.047 71.970 55.882 55.779 54.656 52.512 55.342 61.148 58.963 59.812 61.686 59.575 57.477 53.389 48.309 53.235 48.158 0.000 0.000 0.000 56.743 48.771 0.000 0.000 2.703 70.538 87.383 87.456 85.471 93.193 84.887 87.390 88.897 85.641 85.351 85.047 84.724 84.381 81.903 36.630 0.000 0.000 0.000 0.000 0.000 0.000 0.000 0.000 0.000 0.000 46.034 15.954 3.888 47.822 37.752 48.678 60.600 48.522 43.445 48.369 52.295 45.224
0.000 0.000 0.000 51.666 57.650 73.610 84.538 132.428 126.332 128.259 134.201 130.144 131.080 56.002 55.904 54.782 54.630 53.440 48.177 57.942 59.790 60.671 58.569 60.480 60.404 61.340 54.297 0.000 0.000 0.000 0.026 57.827 42.799 0.000 0.168 61.852 83.743 87.699 86.688 93.756 93.482 85.945 86.492 87.183 85.921 85.646 85.352 86.035 60.816 0.000 0.000 0.000 0.000 0.000 0.000 0.000 0.000 0.000 58.354 47.304 37.224 41.113 41.026 41.951 41.879 44.806 57.732 54.657 49.582 50.507 48.434 46.362 42.293
17.908 0.000 0.000 52.850 69.828 77.784 83.698 54.501 53.377 52.316 49.281 50.249 50.204 56.140 56.054 71.938 71.785 47.612 0.000 44.839 57.736 59.641 57.548 59.471 59.405 60.352 56.315 0.250 1.153 2.106 56.052 40.940 0.000 0.000 63.252 72.099 88.977 87.890 87.073 94.011 85.617 88.147 90.684 86.461 86.213 85.962 84.679 72.249 31.033 0.000 0.000 0.000 0.000 0.000 44.607 39.585 39.544 39.485 43.403 55.334 58.256 44.169 39.086 41.009 42.935 57.862 56.789 42.715 51.642 52.569 51.497 44.427 40.359
