results4_8e4_rain/res_4e8f-0214.wd
ncols         241
nrows         181
xllcorner     12693529.787448
yllcorner     3542525.717860
cellsize      155.156523
NODATA_value  -9999.000000
[rows 66 to 98 of 181, columns 73 to 145 of 241]
71.908 35.894 0.000 61.054 78.030 76.998 76.969 0.000 48.361 48.345 61.358 57.368 56.348 56.302 55.232 131.132 118.958 0.000 0.000 0.000 51.672 46.608 51.512 54.449 54.396 56.347 57.298 62.240 63.186 64.141 55.110 0.000 0.000 52.406 102.406 84.320 88.186 88.276 86.330 94.248 86.741 87.221 87.960 86.734 86.512 87.308 57.153 0.000 0.000 0.000 0.000 0.000 0.000 0.000 43.628 41.604 41.563 41.508 41.441 41.371 45.297 58.219 55.141 40.065 50.991 59.918 38.845 41.772 47.700 52.629 48.559 42.490 40.422
56.911 62.880 0.713 49.283 73.240 72.209 66.211 19.297 0.000 0.000 54.438 67.518 56.518 55.486 56.442 37.400 0.000 0.000 0.000 0.000 0.000 0.000 62.444 60.417 58.383 41.340 44.291 51.235 52.195 57.163 48.136 0.000 0.000 0.000 62.648 80.557 87.495 87.588 94.674 94.468 86.812 87.501 87.213 87.003 86.793 81.605 39.473 0.000 3.660 36.660 0.000 0.000 0.000 49.711 44.675 41.639 41.596 41.542 41.481 41.414 41.343 41.269 48.194 62.120 63.046 45.973 39.901 40.829 41.759 45.688 44.619 40.551 40.484
58.925 57.857 62.726 60.531 74.437 67.386 68.369 65.383 0.000 0.000 0.000 69.747 64.719 59.683 61.649 8.625 0.000 0.000 0.000 0.000 0.000 0.000 61.402 57.392 48.379 0.000 0.000 49.215 61.195 60.179 0.000 0.000 8.355 65.235 56.981 60.804 67.882 82.942 94.865 86.549 88.105 87.670 87.481 87.264 85.051 67.848 46.660 52.660 50.660 31.660 0.000 0.000 0.000 7.747 58.720 40.683 41.638 45.585 53.526 43.461 41.392 40.320 44.247 59.173 66.100 58.028 43.956 38.886 40.816 40.747 40.679 40.611 39.544
58.971 56.896 60.794 71.676 65.590 58.531 77.496 66.483 18.500 0.000 12.152 62.003 77.928 72.879 72.845 75.827 0.000 0.000 0.000 0.000 7.354 7.359 59.371 50.369 53.363 0.000 0.000 0.000 97.190 124.179 39.163 0.000 64.475 59.371 59.209 59.115 55.198 95.217 95.046 87.595 91.201 87.948 87.740 87.526 79.300 32.074 0.000 54.660 32.660 0.000 0.000 0.000 46.854 45.811 44.775 40.735 44.689 56.635 61.576 59.512 52.443 42.372 51.299 59.226 38.154 44.082 57.011 53.941 49.872 57.805 38.738 40.671 38.603
57.033 62.961 72.878 64.790 56.715 56.653 69.601 77.553 73.517 76.443 78.300 73.187 68.111 70.060 59.027 58.010 0.000 0.000 0.000 8.347 64.349 63.352 51.354 53.350 54.340 58.319 57.306 0.000 8.198 2.182 1.131 10.879 70.699 63.565 58.403 59.492 57.538 95.373 57.209 64.800 79.396 87.217 88.004 85.798 44.549 0.000 0.000 0.000 0.000 0.000 0.000 47.924 41.898 41.867 41.833 42.793 52.746 61.692 60.632 60.566 56.497 52.426 62.353 45.279 40.206 41.135 41.064 50.995 63.928 50.862 38.796 39.730 45.663
63.103 74.037 63.966 56.893 57.826 57.765 59.703 43.610 69.573 67.510 59.420 56.334 55.268 71.222 73.192 60.177 0.000 0.000 0.000 64.345 60.345 57.344 50.343 54.338 54.328 54.312 54.292 13.260 16.221 17.191 19.143 87.015 83.882 72.750 71.704 60.701 95.649 95.517 59.261 65.910 60.687 67.491 86.264 61.114 0.000 0.000 0.000 0.000 0.000 0.000 0.000 47.950 41.946 41.928 41.898 42.858 51.810 61.754 60.692 59.625 56.554 61.481 55.406 39.332 41.258 41.186 41.116 51.048 58.982 37.919 40.856 43.791 62.723
74.179 64.119 57.055 57.991 57.930 58.877 39.837 0.000 26.657 54.605 57.534 57.462 57.407 55.367 79.342 63.329 0.000 0.000 0.000 41.343 58.340 52.339 53.336 54.330 54.321 54.308 54.291 65.267 5.236 9.219 26.229 79.158 89.055 10.943 92.864 83.055 95.766 57.830 71.474 68.119 57.990 54.795 51.447 36.280 0.000 0.000 43.524 0.000 0.000 0.000 0.000 43.979 42.008 42.000 41.972 41.931 42.881 48.823 56.758 56.687 56.613 60.537 38.460 41.383 41.308 40.235 46.165 63.098 46.035 39.974 42.916 23.856 24.774
64.260 57.204 58.145 58.085 58.028 60.975 16.930 14.895 7.791 52.719 57.648 59.574 57.529 56.498 74.478 70.469 0.000 0.000 0.000 0.000 49.335 52.334 54.331 54.326 54.319 54.309 56.297 42.282 0.000 0.000 76.396 79.331 90.240 96.111 90.214 88.252 95.865 78.878 81.580 66.423 59.329 52.255 0.000 0.000 0.000 0.000 41.524 0.000 0.000 0.000 0.000 0.076 45.109 42.091 42.059 42.015 41.961 41.898 41.828 48.753 56.675 44.594 41.513 41.434 41.356 44.282 57.212 57.145 39.084 41.028 43.979 10.945 0.000
57.346 58.291 58.235 58.178 58.121 58.066 62.014 62.963 62.896 58.832 58.764 38.658 55.637 56.618 72.604 71.600 0.000 0.000 0.000 0.000 48.332 54.330 54.328 54.324 54.319 54.313 42.305 0.000 0.000 4.761 81.628 87.532 90.432 90.379 89.457 95.999 88.357 91.074 85.763 70.705 60.645 59.641 59.776 0.000 0.000 0.000 38.524 45.524 38.523 0.000 0.000 0.000 60.226 41.198 42.158 42.108 42.048 42.980 41.905 41.823 41.738 41.652 41.566 41.482 40.401 46.325 61.254 38.188 41.127 41.074 43.029 17.998 0.000
58.435 58.381 58.326 58.269 58.212 58.154 58.099 58.046 57.996 57.951 61.916 0.000 48.744 57.731 73.721 68.727 4.774 0.000 0.000 0.000 53.330 56.328 56.326 56.324 54.320 57.317 0.000 0.000 0.000 73.894 79.823 90.737 90.619 90.728 88.777 96.203 89.488 94.132 90.024 90.958 78.909 66.890 55.910 50.910 52.910 0.000 0.000 44.524 39.523 45.517 46.502 44.464 50.371 60.318 42.267 43.211 52.145 59.070 40.987 41.897 41.803 41.709 41.616 40.526 45.442 64.363 58.291 47.224 40.165 41.111 43.063 58.021 75.974
58.527 58.474 58.419 58.362 58.302 58.240 58.180 61.126 59.091 58.059 62.035 0.000 48.864 57.841 74.821 66.813 6.820 0.000 0.000 0.000 26.329 36.327 35.325 35.323 56.321 41.319 0.000 0.000 0.000 76.099 86.033 90.945 90.904 90.008 96.823 96.530 90.550 91.394 90.252 90.196 91.142 82.099 47.064 0.000 0.000 0.000 0.000 42.526 42.527 39.527 41.525 42.517 41.478 48.434 62.382 45.322 43.251 53.168 41.075 41.974 41.869 41.764 41.662 41.566 49.476 62.395 49.321 61.255 39.196 40.142 45.093 66.047 77.999
58.621 58.568 58.514 58.457 58.395 61.325 63.256 35.188 56.182 59.158 61.130 21.104 52.007 56.950 68.909 66.884 7.874 0.000 0.000 0.000 0.000 0.000 2.324 2.323 37.322 0.000 0.000 0.000 24.536 74.370 91.264 91.147 91.264 89.350 97.088 89.131 94.839 90.535 90.490 90.424 90.365 80.301 41.182 0.000 0.000 0.000 0.000 0.000 45.533 46.538 33.555 41.602 42.591 42.556 46.507 62.444 45.368 42.277 42.172 42.055 41.934 41.816 39.703 45.599 64.503 45.418 44.344 58.279 42.221 40.169 47.121 73.075 78.030
58.717 58.664 58.611 58.557 60.496 36.407 38.332 0.000 18.291 54.261 58.222 62.176 58.108 61.043 65.980 70.939 9.919 0.000 0.000 0.000 0.000 3.324 55.324 62.324 0.000 0.000 0.000 7.819 83.702 85.583 91.478 91.435 90.554 97.568 97.337 90.190 90.907 90.779 90.711 90.648 89.595 69.556 0.000 0.000 0.000 0.000 0.000 0.000 0.000 37.538 0.000 48.744 45.728 41.694 41.644 43.580 60.500 49.401 41.280 42.139 41.997 40.862 45.737 47.622 46.519 43.432 41.358 41.295 41.240 42.191 55.146 77.104 78.063
58.812 58.760 58.710 58.663 63.625 1.610 0.000 24.520 16.431 50.373 59.322 57.269 59.207 71.135 43.029 36.971 1.945 0.000 0.000 0.000 0.000 53.324 59.324 61.324 0.000 0.000 0.000 70.937 75.869 89.782 91.666 91.797 89.893 97.782 89.685 91.363 91.058 91.000 90.927 90.863 82.809 59.772 0.000 0.000 0.000 0.000 0.000 0.000 0.000 0.000 0.000 52.902 47.883 41.847 39.796 42.731 42.651 58.547 51.409 42.225 43.053 40.899 47.760 47.634 44.520 38.432 41.362 41.304 43.253 57.209 76.168 78.132 81.098
59.905 57.853 57.804 57.762 60.730 30.716 27.691 59.610 64.538 58.479 56.425 63.371 73.314 76.262 0.197 0.000 0.000 0.000 0.000 0.000 0.000 21.324 28.324 30.324 0.000 0.000 0.000 73.123 81.059 90.971 91.963 91.002 98.176 97.984 90.713 91.420 91.283 91.207 91.135 91.069 73.006 54.951 0.000 0.000 0.000 0.000 0.000 0.000 0.000 0.000 0.000 51.080 49.055 49.014 45.962 38.899 40.824 41.727 57.583 57.300 54.091 50.920 43.771 42.633 39.494 40.414 41.354 45.304 65.261 77.222 77.187 78.156 77.130
73.993 72.941 71.894 69.851 66.815 67.784 67.746 64.691 65.633 67.580 67.528 73.475 75.417 33.339 0.000 0.000 0.000 0.000 0.000 0.000 0.000 0.000 0.000 0.000 0.000 11.630 19.552 74.373 91.265 92.174 92.124 91.352 98.354 90.184 91.862 91.551 91.488 91.408 91.337 89.270 71.197 42.074 0.000 0.000 0.000 0.000 0.000 0.000 0.000 0.000 0.000 41.283 45.243 48.192 49.138 48.080 45.019 40.954 34.895 0.000 0.000 0.000 0.000 0.000 43.409 41.375 44.336 65.298 78.263 77.231 78.202 81.177 77.156
70.077 72.025 70.977 72.934 74.895 73.858 72.818 70.773 68.725 68.678 69.632 65.584 65.538 0.000 0.000 0.000 0.000 0.000 0.000 0.000 0.000 0.000 0.000 0.000 0.000 60.709 83.652 82.550 91.457 92.345 92.473 90.575 98.519 92.276 91.883 91.761 91.678 91.603 91.535 87.478 67.438 0.000 0.000 0.000 0.000 0.000 0.000 0.000 0.000 0.000 48.672 43.525 40.440 42.375 47.318 49.265 49.217 50.176 41.149 0.000 0.000 0.000 0.000 0.000 44.358 42.341 58.317 79.290 77.263 77.237 77.214 78.193 77.176
58.155 58.104 59.057 66.013 74.973 80.935 68.897 62.857 57.817 55.777 54.737 60.690 39.614 0.000 0.000 0.000 0.000 0.000 0.000 0.000 0.000 0.000 0.000 0.000 0.000 66.844 82.798 90.722 92.636 92.603 91.733 98.813 98.672 94.292 92.100 91.940 91.865 91.789 91.722 86.670 61.638 0.000 0.000 0.000 0.000 0.000 0.000 0.000 0.000 48.942 43.819 43.706 43.619 42.550 39.493 44.445 48.408 49.384 46.376 0.000 0.000 0.000 0.000 47.313 41.323 45.316 73.301 77.282 77.261 77.241 77.222 77.206 77.193
57.228 57.178 61.132 66.090 68.050 71.013 60.976 56.941 57.907 57.876 59.848 37.826 0.000 0.000 0.000 0.000 0.000 0.000 0.000 0.000 0.000 0.000 0.000 0.000 0.000 53.026 81.974 91.903 92.802 92.931 91.040 98.943 91.837 93.512 92.194 92.129 92.043 91.965 91.896 82.840 55.807 0.000 0.000 0.000 0.000 0.000 0.000 0.000 48.177 44.064 43.957 43.860 43.779 43.712 43.658 40.615 39.586 42.575 49.594 49.682 0.000 0.000 0.000 41.304 42.305 60.299 77.288 76.274 76.259 77.243 77.229 77.216 77.206
57.297 57.249 59.204 60.163 58.124 57.089 58.055 57.024 56.996 56.972 61.952 6.941 0.000 0.000 0.000 0.000 0.000 0.000 0.000 0.000 0.000 0.000 0.000 0.000 4.394 61.259 90.170 93.086 93.056 92.186 99.180 99.066 94.833 92.535 92.391 92.303 92.216 92.134 93.057 72.989 60.941 0.000 0.000 47.779 0.000 47.549 49.505 49.422 44.289 44.181 44.085 43.999 43.925 43.862 43.811 43.772 42.746 39.736 48.745 49.770 42.770 0.000 0.000 49.294 41.292 49.287 55.279 58.269 62.257 68.245 74.233 76.223 76.215
58.362 58.315 58.272 58.233 58.196 57.162 57.132 57.104 57.081 56.062 64.050 15.044 0.000 0.000 0.000 0.000 0.000 0.000 0.000 0.000 0.000 0.000 0.000 0.000 45.530 81.447 92.361 93.251 93.391 91.483 99.282 92.283 93.958 92.643 92.569 92.474 92.384 92.296 93.208 65.117 43.029 0.000 0.000 43.779 0.000 42.592 44.545 44.470 44.377 44.287 44.203 44.126 44.059 44.000 43.953 43.916 41.891 43.878 49.878 46.884 0.000 0.000 0.000 48.286 47.283 46.279 45.272 44.264 43.255 47.246 58.237 54.229 56.223
56.422 56.378 56.337 56.300 56.265 56.233 56.205 57.180 59.161 61.147 36.140 3.141 0.000 0.000 0.000 0.000 0.000 0.000 0.000 3.766 12.757 0.000 0.000 15.889 56.747 87.641 93.538 93.526 92.554 99.462 99.377 95.272 92.979 92.830 92.737 92.643 92.551 92.459 88.364 35.240 0.000 0.000 0.000 43.779 49.760 44.683 44.612 44.538 44.462 44.386 44.313 44.245 44.183 44.128 44.083 44.048 41.023 50.008 50.003 46.004 0.000 0.000 0.000 47.279 46.277 47.273 47.267 47.261 47.253 47.246 46.239 46.233 45.228
57.480 57.438 60.399 64.364 67.331 71.301 73.274 76.252 75.235 67.224 5.223 16.239 40.292 8.316 0.000 0.000 0.000 0.000 0.000 43.774 70.749 10.709 0.000 50.030 82.931 92.822 93.722 93.652 92.875 99.536 91.707 93.394 93.078 93.003 92.906 92.811 92.717 93.623 80.549 0.000 0.000 0.000 0.000 23.799 43.818 44.769 46.683 46.607 44.546 44.484 44.419 44.357 44.299 44.248 44.204 41.170 46.144 49.129 50.123 41.125 0.000 0.000 0.000 31.275 52.272 52.268 49.263 46.258 46.252 47.246 48.241 48.236 47.231
59.534 58.495 65.459 74.425 75.394 74.365 73.340 72.318 69.302 63.291 38.289 55.299 73.321 42.340 26.360 2.368 0.000 0.000 14.847 53.807 67.755 6.670 25.507 67.271 92.122 95.006 93.846 94.058 92.034 99.598 93.691 93.406 93.258 93.167 93.074 92.980 92.881 94.769 38.659 0.000 0.000 0.000 0.000 0.000 39.944 45.890 26.745 26.661 43.632 44.582 44.524 44.464 44.408 44.359 43.316 41.282 50.256 50.240 47.236 41.248 47.297 0.000 0.000 0.000 63.267 78.264 71.260 67.255 63.251 59.246 62.241 62.237 45.234
59.585 59.549 62.515 65.483 64.454 62.426 60.402 58.380 56.363 56.350 65.344 67.346 64.354 61.363 65.372 13.376 0.000 0.000 54.886 84.853 35.796 31.707 65.580 89.425 94.291 94.146 94.264 92.218 99.681 92.094 93.808 93.495 93.424 93.331 93.242 93.154 96.058 52.914 0.000 0.000 0.000 0.000 0.000 0.000 42.124 47.102 0.000 0.000 40.738 44.690 44.629 44.568 44.512 44.462 41.420 49.385 50.359 49.340 40.332 44.333 44.346 0.000 0.000 0.000 31.264 61.262 79.257 78.253 78.249 78.245 78.242 72.239 62.236
59.634 59.602 59.570 58.540 58.511 59.484 59.460 59.438 57.419 58.403 63.392 66.386 62.385 57.387 60.388 15.389 0.000 0.000 46.958 56.925 34.866 67.784 82.679 91.559 94.441 94.372 93.469 100.048 99.819 93.083 93.811 93.669 93.582 93.494 93.410 93.335 96.284 0.000 0.000 11.649 20.649 0.000 0.000 43.422 46.327 45.291 52.313 1.218 40.891 44.811 44.734 44.667 44.609 42.559 44.516 50.481 50.452 42.431 43.417 44.409 44.407 0.000 0.000 0.000 0.000 0.000 61.254 77.250 77.247 77.245 77.242 78.240 78.238
59.684 59.654 59.624 59.595 59.567 59.541 59.516 58.492 57.471 61.451 65.435 65.422 60.414 56.410 61.406 14.402 0.000 0.000 43.062 12.021 58.961 82.884 88.793 94.698 94.546 94.755 92.744 100.253 92.500 94.211 93.899 93.829 93.738 93.652 93.569 100.492 84.459 0.000 7.648 57.649 43.649 0.000 0.000 38.517 46.471 45.423 45.369 51.261 49.070 47.929 44.828 44.756 44.698 41.649 49.606 50.569 46.539 41.514 44.495 44.479 46.466 50.477 0.000 0.000 0.000 0.000 0.000 74.247 77.246 77.244 77.242 78.240 76.239
59.734 59.705 59.677 59.649 59.621 59.595 58.570 57.545 59.521 63.497 66.473 62.453 57.440 56.431 59.424 41.411 28.382 29.321 25.207 26.138 66.072 86.999 92.920 94.808 94.946 92.935 100.613 100.441 93.503 94.216 94.070 93.981 93.893 93.808 98.722 41.605 56.601 26.637 57.647 65.649 0.000 0.000 0.000 37.658 46.618 45.559 45.480 55.364 66.200 40.008 49.894 45.831 42.779 44.732 50.689 49.651 40.619 43.593 44.571 44.546 31.500 32.489 0.000 0.000 0.000 0.000 0.000 55.245 76.244 77.243 77.242 81.241 77.240
59.785 59.757 59.729 59.702 59.675 59.649 57.623 57.598 61.572 68.542 69.506 65.479 60.461 58.452 58.447 60.437 60.414 69.372 10.310 44.250 82.189 89.122 95.049 95.013 94.144 100.921 100.772 93.856 94.637 94.299 94.225 94.130 94.043 93.965 101.906 0.000 39.701 41.664 31.655 33.652 0.000 0.000 0.142 40.838 46.785 45.714 51.627 67.517 44.359 0.000 30.907 43.895 41.856 49.810 50.766 46.727 43.694 44.668 44.648 46.634 0.000 0.000 0.000 0.000 0.000 0.000 47.244 28.244 67.243 77.242 77.241 82.241 77.240
59.836 59.808 59.781 59.754 59.728 58.702 57.677 59.652 66.625 43.592 19.531 18.495 15.474 45.467 62.476 57.475 60.466 41.445 3.408 49.364 87.311 93.257 95.144 95.385 93.407 101.058 94.188 94.964 94.532 94.473 94.367 94.274 94.185 95.103 93.032 14.977 14.839 0.000 0.000 0.000 0.000 0.000 40.217 48.070 45.971 44.884 64.797 68.718 0.000 0.000 1.030 39.987 45.940 50.888 50.839 40.797 44.763 44.737 44.719 47.709 0.000 0.000 0.000 0.000 0.000 0.000 26.244 0.000 55.242 77.242 77.241 83.241 77.240
59.887 59.860 59.833 59.806 58.780 57.754 59.730 62.707 70.686 29.671 0.000 0.000 0.000 0.000 44.513 59.522 60.530 46.532 48.516 74.484 91.443 95.367 95.539 93.558 101.300 101.184 95.166 94.859 94.710 94.606 94.508 94.413 94.320 97.229 82.141 11.059 0.000 0.000 0.000 0.000 0.000 1.582 40.367 47.252 46.147 44.053 71.960 32.839 0.000 0.000 46.213 51.111 51.029 50.961 48.904 43.858 44.823 44.797 44.781 46.775 0.000 50.867 2.867 0.000 0.000 0.000 0.000 0.000 48.241 77.241 77.241 77.240 77.240
59.937 59.910 59.884 59.858 58.831 57.806 61.781 65.760 69.743 27.733 0.000 0.000 0.000 0.000 24.542 67.570 62.600 68.637 81.640 90.618 94.577 95.583 94.731 101.505 101.406 94.499 95.273 94.930 94.846 94.741 94.644 94.550 98.454 61.351 33.246 0.000 0.000 0.000 0.000 0.000 2.860 42.739 47.562 46.424 48.312 45.220 69.152 0.000 0.000 41.525 48.355 64.214 53.106 50.023 45.959 43.910 43.873 44.848 44.834 44.834 49.858 45.867 36.867 0.000 0.000 0.000 44.240 46.240 45.241 77.241 77.240 77.240 77.240
59.987 59.961 59.935 59.909 57.882 59.856 65.830 66.807 64.791 51.787 12.804 0.000 0.000 0.000 0.000 20.617 16.664 56.774 87.789 91.767 95.707 95.875 93.997 101.594 93.808 95.587 95.151 95.085 96.972 95.872 94.777 94.687 100.597 23.474 0.000 0.000 0.000 0.000 0.000 24.086 62.981 62.863 50.719 47.570 58.457 53.363 54.277 15.192 3.022 39.696 44.468 55.284 51.157 55.066 48.999 51.949 50.913 47.887 44.873 43.868 43.874 49.876 0.000 0.000 0.000 0.000 41.240 41.240 51.240 77.240 77.240 77.240 77.240
