results4_8e4_rain/res_4e8f-0026.wd
ncols         241
nrows         181
xllcorner     12693529.787448
yllcorner     3542525.717860
cellsize      155.156523
NODATA_value  -9999.000000
[rows 99 to 131 of 181, columns 0 to 74 of 241]
0.000 0.000 0.000 0.000 0.000 21.451 61.448 63.443 54.441 49.439 0.000 0.000 0.000 0.000 0.000 0.000 0.000 29.323 26.323 0.000 0.000 0.000 0.000 24.267 23.266 0.000 0.000 0.000 0.000 0.000 0.000 0.000 0.000 0.000 0.000 32.683 28.695 27.715 28.736 29.760 42.790 31.824 35.864 27.899 29.933 27.968 29.005 34.044 35.085 33.127 37.171 30.217 30.264 32.312 35.363 49.423 50.499 35.551 21.582 0.000 0.000 0.000 0.000 0.000 2.663 57.663 54.685 41.744 16.805 11.855 55.900 32.944 34.991 35.041 35.096
0.000 0.000 0.000 0.000 0.000 22.466 62.465 62.463 0.000 0.000 0.000 0.000 0.000 0.000 0.000 0.000 0.000 40.325 29.326 0.000 0.000 0.000 27.286 26.278 30.274 0.000 0.000 0.000 0.000 38.580 30.581 0.000 0.000 0.000 45.635 55.654 41.671 34.699 28.711 30.730 49.754 34.786 40.840 40.870 31.899 46.931 38.966 40.004 30.045 38.087 38.131 36.176 30.222 31.267 35.313 32.367 0.000 0.000 0.000 0.000 0.000 0.000 0.000 5.701 42.696 54.707 61.730 51.769 27.813 28.856 42.898 33.940 34.983 35.029 35.079
0.000 0.000 0.000 0.000 0.000 9.484 58.484 67.483 0.000 0.000 0.000 0.000 0.000 0.000 0.000 0.000 0.000 47.327 28.330 29.328 31.320 28.309 25.296 26.287 24.280 0.000 0.000 0.000 0.000 31.581 31.582 32.586 31.592 31.602 30.617 40.629 49.637 0.000 60.682 50.695 55.712 40.727 0.000 56.843 54.863 53.892 57.926 46.964 30.004 33.047 38.090 38.135 35.181 31.224 20.254 0.000 0.000 0.000 0.000 0.000 0.000 0.000 0.000 15.707 42.713 42.738 53.761 52.790 35.824 35.859 34.896 34.934 34.973 35.015 34.059
35.558 38.558 0.000 0.000 0.000 19.504 58.503 63.505 73.513 0.000 0.000 0.000 0.000 0.000 0.000 0.000 0.000 0.000 32.341 29.336 47.325 61.313 36.303 21.294 0.000 0.000 0.000 0.000 0.000 0.000 30.583 31.584 31.590 31.597 31.604 30.608 30.612 29.616 30.640 35.657 47.672 41.684 0.000 56.796 57.818 35.848 42.883 59.922 53.963 41.006 31.050 37.095 38.142 41.197 26.225 0.000 0.000 0.000 0.000 0.000 0.000 0.000 0.000 0.000 0.000 39.773 36.786 36.807 34.833 34.863 34.894 34.927 34.962 33.999 33.037
49.560 32.559 32.556 34.550 36.541 55.526 63.521 63.520 63.523 65.529 39.531 0.000 0.000 27.430 34.430 35.430 0.000 0.000 55.359 63.350 58.330 54.317 37.309 0.000 0.000 0.000 0.000 0.000 0.000 0.000 0.000 31.580 30.587 29.592 30.595 31.589 31.590 31.595 31.608 32.621 51.636 46.653 29.676 31.730 42.766 53.801 30.837 42.877 43.921 36.966 57.009 40.053 32.097 0.000 0.000 0.000 0.000 0.000 0.000 0.000 0.000 0.000 0.000 0.000 0.000 39.795 34.804 34.820 34.840 34.864 34.891 32.920 30.950 32.982 39.015
64.564 54.563 35.560 39.555 57.548 63.540 63.535 63.533 63.533 58.534 30.534 36.535 0.000 18.431 53.433 61.430 61.422 45.409 60.387 67.378 0.000 0.000 0.000 0.000 0.000 0.000 0.000 0.000 0.000 0.000 0.000 31.568 0.000 0.000 0.000 32.563 31.564 31.568 31.575 32.586 48.600 53.619 30.645 31.681 31.717 49.752 50.790 28.831 36.878 55.928 47.970 26.011 0.000 0.000 0.000 0.000 0.000 0.000 0.000 0.000 0.000 0.000 0.000 0.000 0.000 39.809 34.816 34.828 34.845 33.864 32.887 37.911 38.937 39.964 40.993
64.571 64.570 59.567 62.563 63.558 63.553 63.548 63.544 63.542 59.540 34.539 51.537 0.000 0.000 31.442 55.437 63.429 64.418 63.405 68.396 0.000 0.000 0.000 0.000 0.000 0.000 0.000 0.000 0.000 0.000 0.000 31.558 0.000 0.000 33.532 31.538 31.538 31.538 31.540 31.547 48.560 53.579 30.604 31.635 31.668 32.702 53.739 47.781 54.833 44.898 25.933 0.000 0.000 0.000 0.000 0.000 0.000 0.000 0.000 0.000 0.000 0.000 0.000 0.000 37.816 34.817 34.823 34.833 34.847 33.863 35.881 39.901 40.923 40.946 40.970
62.580 63.579 63.577 63.574 63.570 63.565 63.561 63.556 63.552 64.548 59.544 66.540 0.000 0.000 19.456 38.449 61.440 63.430 64.420 52.407 0.000 0.000 0.000 0.000 0.000 0.000 0.000 0.000 0.000 0.000 0.000 25.549 30.541 30.534 29.528 31.519 31.513 31.506 31.501 31.503 48.515 53.534 30.559 31.589 31.620 31.651 36.684 59.721 39.776 0.000 0.000 0.000 0.000 0.000 0.000 0.000 0.000 0.000 0.000 0.000 0.000 0.000 0.000 0.000 0.000 41.821 37.826 38.835 36.847 32.860 39.875 40.891 38.909 38.928 35.948
59.592 64.591 63.589 63.587 63.583 63.579 63.575 63.570 63.564 63.557 64.550 57.539 41.524 32.504 26.479 53.464 63.453 63.444 68.438 0.000 0.000 0.000 0.000 0.000 0.000 0.000 0.000 0.000 0.000 0.000 0.000 0.000 0.000 0.000 0.000 31.497 31.489 31.474 31.455 31.452 47.462 54.483 31.511 31.541 31.572 31.600 31.625 37.643 0.000 0.000 0.000 0.000 0.000 0.000 0.000 0.000 0.000 0.000 0.000 0.000 0.000 0.000 0.000 0.000 0.000 0.000 0.000 0.000 0.000 41.857 39.867 40.880 37.894 32.910 41.925
59.606 64.605 63.604 63.602 63.599 63.595 63.590 63.585 63.578 63.569 64.559 49.546 28.530 27.512 36.492 60.477 63.466 63.457 69.452 0.000 0.000 0.000 0.000 0.000 0.000 0.000 0.000 0.000 0.000 0.000 0.000 0.000 0.000 0.000 0.000 27.484 31.473 28.447 31.396 31.387 50.401 54.427 31.461 31.495 31.527 31.553 31.573 28.585 0.000 0.000 0.000 0.000 0.000 0.000 0.000 0.000 0.000 0.000 0.000 0.000 0.000 33.744 0.000 0.000 0.000 0.000 0.000 0.000 37.834 38.845 40.856 40.867 37.880 33.893 43.906
62.621 63.621 63.620 63.619 63.616 63.613 63.609 63.603 63.595 63.584 63.572 60.557 37.539 38.521 55.503 62.488 63.476 63.468 70.462 0.000 0.000 0.000 0.000 0.000 0.000 0.000 0.000 0.000 0.000 0.000 0.000 0.000 0.000 0.000 0.000 0.000 27.472 0.000 30.293 31.303 59.327 46.365 31.410 31.453 31.487 44.514 34.531 29.540 0.000 0.000 0.000 0.000 0.000 0.000 0.000 0.000 0.000 0.000 0.000 0.000 0.000 44.745 29.745 0.000 0.000 0.000 0.000 38.814 41.824 40.834 37.845 33.855 33.866 31.878 35.893
63.639 63.639 63.639 63.638 63.636 63.633 63.629 63.623 63.615 63.604 63.589 63.571 65.551 65.531 64.512 63.497 63.485 65.476 54.468 0.000 0.000 0.000 0.000 0.000 0.000 0.000 0.000 0.000 0.000 0.000 0.000 0.000 0.000 0.000 0.000 0.000 0.000 0.000 30.183 31.203 65.242 34.298 31.364 31.419 43.458 52.484 31.499 31.504 30.494 0.000 0.000 0.000 0.000 0.000 0.000 0.000 0.000 0.000 0.000 0.000 0.000 40.745 41.747 28.750 0.000 34.783 36.791 40.804 39.815 37.825 36.834 32.843 40.852 43.859 0.000
62.657 61.658 63.659 63.659 63.658 63.657 63.654 63.648 63.640 63.627 63.610 63.588 63.563 63.540 63.520 63.504 64.492 47.483 0.000 0.000 24.446 38.445 0.000 0.000 0.000 0.000 0.000 0.000 0.000 0.000 0.000 0.000 0.000 0.000 0.000 0.000 0.000 0.000 26.052 37.087 60.141 31.221 28.329 31.403 31.442 31.466 31.479 31.485 31.484 28.483 0.000 0.000 0.000 0.000 0.000 0.000 0.000 0.000 0.000 0.000 0.000 35.745 31.748 37.753 32.763 40.776 40.786 39.797 35.808 38.817 33.825 32.832 32.839 25.849 0.000
52.676 52.679 61.681 63.683 63.683 63.682 63.681 63.677 63.670 63.657 63.637 64.610 65.576 63.547 63.525 63.509 63.498 0.000 0.000 24.454 34.448 44.445 43.442 36.440 28.438 0.000 0.000 0.000 0.000 0.000 0.000 0.000 0.000 0.000 0.000 29.693 32.718 32.776 29.889 28.952 38.014 26.117 0.000 27.422 31.443 31.458 31.468 31.474 30.475 0.000 0.000 0.000 0.000 0.000 0.000 0.000 37.727 48.728 0.000 0.000 36.740 34.743 34.747 31.753 39.761 40.771 40.781 37.792 40.802 40.810 38.817 33.822 22.826 0.000 0.000
34.694 39.700 58.706 64.709 63.709 63.710 63.712 63.712 63.707 63.695 65.674 51.638 47.587 62.548 67.526 64.509 59.495 41.482 44.471 50.460 44.451 45.445 24.442 17.440 0.000 0.000 0.000 0.000 0.000 0.000 0.000 0.000 0.000 0.000 20.667 26.668 29.686 29.723 29.777 29.819 31.847 0.000 0.000 0.000 26.449 31.457 31.463 31.467 31.469 0.000 0.000 0.000 0.000 0.000 0.000 0.000 54.728 36.729 34.731 34.734 34.738 34.742 32.746 37.751 40.759 40.767 36.777 40.789 40.799 39.806 33.811 34.814 24.817 0.000 0.000
18.708 33.723 52.736 65.740 66.736 66.738 64.747 63.752 64.751 63.744 64.726 2.681 0.000 21.534 39.522 60.507 67.492 65.481 65.473 51.466 0.000 0.000 0.000 0.000 0.000 0.000 0.000 0.000 0.000 0.000 0.000 0.000 0.000 0.000 0.000 25.629 29.636 27.654 28.678 30.699 31.711 0.000 0.000 0.000 0.000 24.459 31.461 31.464 28.466 0.000 0.000 0.000 0.000 0.000 0.000 0.000 0.000 50.730 33.731 33.734 34.737 33.740 33.744 39.749 40.755 38.764 26.770 0.000 44.801 38.804 38.807 38.809 24.810 0.000 0.000
0.000 4.749 37.776 43.779 37.758 39.761 56.788 64.798 60.803 53.806 52.807 0.000 0.000 0.000 0.000 0.000 32.485 58.479 65.475 0.000 0.000 0.000 0.000 0.000 0.000 0.000 0.000 0.000 0.000 0.000 0.000 0.000 0.000 0.000 0.000 25.583 31.576 30.578 39.585 40.589 30.588 0.000 0.000 0.000 0.000 0.000 28.460 29.462 0.000 0.000 0.000 0.000 0.000 0.000 0.000 0.000 0.000 55.730 58.732 38.733 32.736 30.738 40.741 40.745 35.750 0.000 0.000 0.000 0.000 43.803 40.804 40.805 30.806 0.000 0.000
0.000 0.000 18.841 27.843 0.000 0.000 28.847 57.852 48.859 44.870 58.891 25.938 0.000 0.000 0.000 0.000 0.000 3.477 34.475 0.000 0.000 0.000 0.000 0.000 0.000 0.000 0.000 0.000 0.000 0.000 0.000 0.000 0.000 0.000 0.000 16.546 30.509 28.499 58.495 51.487 29.464 31.404 0.000 0.000 0.000 0.000 23.459 0.000 0.000 0.000 0.000 0.000 0.000 0.000 0.000 0.000 0.000 0.000 43.732 60.733 45.735 39.737 40.739 35.742 0.000 0.000 0.000 0.000 0.000 35.801 40.802 40.803 35.804 0.000 0.000
0.000 0.000 14.905 59.911 16.938 0.000 17.901 49.904 51.912 62.927 64.950 67.986 74.033 13.059 0.000 0.000 0.000 0.000 0.000 0.000 0.000 0.000 0.000 0.000 0.000 0.000 0.000 0.000 0.000 0.000 0.000 0.000 0.000 0.000 0.000 0.000 23.417 31.414 61.410 43.400 31.380 30.345 35.306 0.000 0.000 0.000 0.000 0.000 0.000 0.000 0.000 0.000 0.000 0.000 0.000 0.000 0.000 0.000 0.000 0.000 48.735 38.736 36.737 0.000 0.000 0.000 0.000 0.000 34.797 33.798 35.800 29.801 0.000 0.000 0.000
0.000 2.989 36.964 54.960 62.967 31.972 44.954 67.953 64.961 63.975 63.997 64.025 64.057 70.085 73.117 29.134 0.000 0.000 33.188 47.188 40.187 42.186 0.000 0.000 0.000 0.000 0.000 0.000 0.000 0.000 0.000 0.000 0.000 0.000 0.000 0.000 24.329 53.332 55.332 32.325 30.311 30.289 33.270 0.000 0.000 0.000 0.000 0.000 0.000 0.000 0.000 0.000 0.000 0.000 0.000 0.000 0.000 0.000 0.000 0.000 0.000 0.000 0.000 0.000 0.000 0.000 0.000 36.795 31.796 29.797 0.000 0.000 0.000 0.000 0.000
61.030 64.015 64.003 61.998 59.998 60.998 62.992 62.994 64.004 65.019 65.038 64.061 57.085 61.109 64.133 68.153 72.174 73.185 65.190 61.190 58.189 53.186 55.182 48.179 4.177 0.000 0.000 0.000 0.000 0.000 0.000 0.000 0.000 0.000 0.000 48.196 37.238 66.255 57.261 44.259 31.250 30.234 30.214 34.183 30.182 0.000 0.000 0.000 0.000 0.000 0.000 0.000 0.000 0.000 0.000 0.000 0.000 0.000 0.000 0.000 0.000 0.000 0.000 0.000 0.000 0.000 0.000 0.000 0.000 0.000 0.000 0.000 0.000 0.000 0.000
64.047 59.039 57.036 56.034 50.032 47.029 48.023 48.027 54.043 59.059 59.077 52.096 36.116 51.136 64.154 64.171 64.185 64.194 64.197 64.196 65.193 65.188 68.183 69.179 69.176 69.173 8.172 0.000 0.000 0.000 0.000 0.000 0.000 0.000 0.000 20.155 46.174 51.190 35.199 52.201 40.196 30.185 30.170 33.154 0.000 0.000 0.000 0.000 0.000 0.000 0.000 0.000 0.000 0.000 0.000 0.000 0.000 0.000 0.000 0.000 0.000 0.000 0.000 0.000 0.000 0.000 0.000 0.000 0.000 0.000 0.000 0.000 0.000 0.000 0.000
34.073 7.060 29.069 43.070 41.069 21.064 6.046 2.051 22.082 39.100 38.115 31.131 26.148 36.164 57.179 65.193 64.203 64.208 64.209 64.205 64.199 68.193 43.185 31.179 30.176 34.173 37.172 0.000 0.000 0.000 0.000 0.000 0.000 0.000 0.000 18.096 54.114 37.134 29.147 39.151 50.149 34.141 30.128 30.111 36.084 0.000 0.000 0.000 0.000 0.000 0.000 0.000 0.000 0.000 0.000 0.000 0.000 0.000 0.000 0.000 0.000 0.000 0.000 0.000 0.000 0.000 0.000 0.000 0.000 0.000 0.000 0.000 0.000 0.000 73.716
24.113 0.000 17.110 32.110 28.111 5.113 0.000 0.000 15.136 29.144 27.155 27.167 28.181 26.195 45.208 62.219 64.227 64.230 64.227 64.217 63.208 26.200 0.000 0.000 0.000 0.000 0.000 0.000 0.000 23.880 43.881 0.000 0.000 0.000 24.970 42.019 59.055 36.086 30.103 28.109 45.109 47.103 33.092 30.078 30.059 33.037 42.027 0.000 0.000 0.000 0.000 0.000 0.000 0.000 0.000 0.000 0.000 0.000 0.000 0.000 0.000 0.000 0.000 0.000 0.000 0.000 0.000 0.000 0.000 0.000 0.000 0.000 0.000 0.000 71.790
37.155 33.166 28.153 27.151 28.154 30.164 31.191 34.198 33.185 29.186 28.193 28.204 28.215 27.228 34.239 56.249 65.256 64.259 66.253 38.229 4.218 0.000 0.000 0.000 0.000 0.000 0.000 0.000 0.000 0.000 10.884 13.887 17.892 31.898 28.922 49.957 47.001 21.052 28.071 30.076 32.075 45.070 37.062 32.051 30.038 29.026 46.018 37.012 31.011 0.000 0.000 0.000 0.000 0.000 0.000 0.000 0.000 0.000 0.000 0.000 0.000 0.000 0.000 0.000 0.000 0.000 0.000 0.000 0.000 0.000 0.000 0.000 0.000 8.033 84.929
27.188 28.190 28.188 28.188 28.192 28.200 28.212 28.219 28.219 28.223 28.230 28.240 28.251 28.262 26.274 47.284 64.292 66.297 62.298 0.000 0.000 0.000 0.000 0.000 0.000 0.000 0.000 0.000 0.000 0.000 0.000 0.000 0.000 15.881 32.865 58.886 32.943 0.000 16.053 31.050 29.047 33.042 34.035 43.027 32.019 30.011 29.007 25.009 0.000 0.000 0.000 0.000 0.000 0.000 0.000 0.000 0.000 0.000 0.000 0.000 0.000 0.000 0.000 0.000 0.000 0.000 0.000 0.000 0.000 0.000 0.000 0.000 13.223 78.138 88.050
28.219 28.220 28.220 28.222 28.226 28.233 28.241 27.247 27.252 28.258 28.266 28.276 28.287 28.299 27.311 35.322 50.333 61.341 49.346 0.000 0.000 0.000 0.000 0.000 0.000 0.000 0.000 0.000 0.000 0.000 0.000 0.000 0.000 0.000 41.773 66.779 0.000 0.000 14.039 32.027 30.021 29.016 37.011 48.005 35.999 29.995 33.992 0.000 0.000 0.000 0.000 0.000 0.000 0.000 0.000 0.000 0.000 0.000 0.000 0.000 0.000 0.000 0.000 0.000 0.000 0.000 0.000 0.000 0.000 0.000 0.000 0.000 70.308 84.247 84.172
28.251 28.252 28.253 28.256 28.260 28.265 28.272 32.279 33.285 29.293 28.302 28.312 28.324 28.336 28.349 27.363 30.376 39.390 39.401 0.000 0.000 0.000 0.000 0.000 0.000 0.000 0.000 0.000 0.000 0.000 0.000 0.000 0.000 0.000 45.675 60.681 0.000 0.000 0.000 28.997 29.995 29.992 28.988 33.984 35.981 31.977 33.975 0.000 0.000 0.000 0.000 0.000 0.000 0.000 0.000 0.000 0.000 0.000 0.000 0.000 0.000 0.000 0.000 0.000 0.000 0.000 0.000 0.000 0.000 0.000 0.000 54.557 63.453 63.372 63.294
28.283 28.284 28.286 28.289 28.293 28.298 27.305 39.312 44.319 31.328 28.337 28.348 28.360 28.374 28.389 28.404 28.422 27.442 30.467 11.510 0.000 0.000 0.000 0.000 0.000 25.212 46.214 8.215 0.000 0.000 0.000 0.000 0.000 26.517 68.572 42.590 42.571 0.000 0.000 14.972 31.971 29.969 29.967 27.965 43.962 47.960 41.957 0.000 0.000 0.000 0.000 0.000 0.000 0.000 0.000 0.000 0.000 0.000 0.000 0.000 0.000 0.000 0.000 0.000 0.000 0.000 0.000 0.000 0.000 0.000 28.744 79.661 65.576 78.502 100.377
28.316 28.317 28.319 28.322 28.326 28.332 27.338 40.345 46.353 30.362 28.373 28.384 28.397 28.412 28.428 28.446 28.466 28.489 28.518 34.554 5.593 0.000 0.000 0.000 0.000 0.000 3.215 25.217 33.224 37.234 11.246 0.000 22.414 60.463 58.507 38.536 20.553 0.000 0.000 14.948 31.948 30.948 33.948 28.947 37.945 60.943 57.938 2.929 0.000 0.000 0.000 0.000 0.000 0.000 0.000 0.000 0.000 0.000 0.000 0.000 0.000 0.000 0.000 0.000 0.000 0.000 0.000 0.000 0.000 0.000 65.826 121.768 104.696 126.598 105.183
25.349 26.350 27.352 27.355 28.360 28.365 26.371 41.379 44.387 27.397 28.408 28.420 28.434 28.450 28.467 28.486 28.508 28.533 28.563 28.596 34.633 14.672 0.000 0.000 0.000 0.000 0.000 1.217 32.221 28.234 31.259 35.304 47.367 64.416 48.459 16.497 0.000 0.000 0.000 13.926 30.927 33.929 46.930 32.931 42.931 43.929 62.926 66.921 49.915 0.000 0.000 0.000 0.000 0.000 0.000 0.000 0.000 0.000 0.000 0.000 0.000 0.000 0.000 0.000 0.000 0.000 0.000 0.000 0.000 52.070 61.968 62.889 65.814 84.784 104.361
46.383 41.384 36.386 34.389 30.393 26.399 26.405 41.413 44.422 26.432 28.443 28.456 28.471 28.487 28.505 28.526 27.549 26.575 27.604 27.637 27.673 33.711 10.752 0.000 0.000 0.000 0.000 0.168 38.208 32.225 27.252 40.289 63.333 57.376 25.417 0.000 0.000 0.000 0.000 11.904 29.907 34.911 41.915 36.917 41.918 40.918 53.917 47.914 40.911 13.908 0.000 0.000 0.000 0.000 0.000 0.000 0.000 0.000 0.000 0.000 0.000 0.000 0.000 0.000 0.000 0.000 0.000 0.000 29.257 57.173 126.086 90.013 121.891 105.557 103.600
66.416 65.417 61.420 56.423 52.427 47.433 42.439 38.447 33.456 27.466 28.478 28.491 28.506 28.523 27.542 29.563 35.587 40.614 39.643 37.676 31.711 26.751 30.794 36.843 0.893 0.000 0.000 20.149 43.180 34.207 30.236 53.267 65.302 21.338 0.000 0.000 0.000 0.000 0.000 15.880 28.887 33.894 49.901 39.906 32.909 25.910 31.910 49.909 46.907 52.906 0.000 0.000 0.000 0.000 0.000 0.000 0.000 0.000 0.000 0.000 0.000 0.000 0.000 0.000 0.000 0.000 0.000 0.000 64.342 55.277 65.204 88.092 64.259 103.708 95.041
