results4_8e4_rain/res_4e8f-0163.wd
ncols         241
nrows         181
xllcorner     12693529.787448
yllcorner     3542525.717860
cellsize      155.156523
NODATA_value  -9999.000000
[rows 132 to 164 of 181, columns 0 to 72 of 241]
95.933 100.933 104.932 104.932 106.931 106.929 100.928 91.926 77.924 66.921 65.918 66.915 65.912 64.907 69.903 83.898 94.892 99.885 99.877 96.868 88.858 79.845 70.829 64.810 69.785 71.755 70.720 71.681 69.648 64.617 78.587 101.558 68.534 0.000 0.000 0.000 8.301 60.295 72.289 69.269 71.254 77.246 95.246 81.251 65.260 64.272 64.286 76.302 97.320 38.339 11.362 6.396 0.000 0.000 0.000 0.000 0.000 0.000 0.000 0.000 0.000 0.000 2.673 0.673 27.673 7.608 11.544 52.452 75.315 79.219 79.114 89.202 116.669
73.937 75.937 78.937 84.936 94.935 100.934 105.932 105.930 98.928 84.925 73.922 67.919 71.916 78.911 91.907 106.901 105.895 102.889 102.881 105.871 105.861 101.848 89.833 77.815 69.793 64.768 65.740 64.711 65.683 73.658 95.636 103.617 15.605 0.000 0.000 0.000 18.308 46.314 64.340 73.336 74.324 71.312 72.316 82.321 77.327 70.335 74.344 82.355 95.367 36.382 22.401 28.430 8.461 0.000 0.000 0.000 0.000 0.000 0.000 0.000 0.000 0.000 0.000 0.000 9.761 0.000 59.572 81.497 77.382 86.358 77.424 116.790 105.550
65.942 65.942 65.941 67.940 72.939 76.938 83.936 92.935 100.932 103.930 97.927 95.924 97.920 100.916 99.911 92.906 83.900 81.893 81.885 86.876 92.866 99.854 102.839 101.823 90.804 80.783 75.761 73.738 82.717 98.697 99.681 85.670 18.665 0.000 0.000 0.000 0.000 0.000 47.420 74.411 53.395 41.364 56.383 71.390 86.394 90.397 92.400 93.405 89.412 16.421 3.430 31.463 28.491 16.522 22.536 16.543 0.000 0.000 0.000 0.000 0.000 0.000 43.994 13.943 79.849 101.788 134.646 90.623 85.678 66.639 102.706 107.230 107.139
66.947 66.946 66.946 66.945 65.944 64.943 66.941 71.940 77.937 87.935 97.932 99.929 92.925 82.921 76.916 68.911 64.905 64.898 64.891 66.882 71.872 77.861 84.848 96.834 101.818 103.800 102.782 98.764 101.748 94.733 76.722 68.716 47.719 5.741 0.000 0.000 0.000 0.000 40.508 73.493 16.482 0.000 49.463 74.462 93.460 101.458 87.455 90.453 76.455 34.461 0.479 58.500 27.520 19.537 30.544 30.549 1.557 0.000 0.000 0.000 0.000 31.100 50.046 122.986 151.909 134.793 118.350 117.299 108.972 107.616 107.495 107.368 72.590
66.952 66.951 66.951 66.950 66.949 66.948 66.947 65.945 65.943 68.940 74.937 73.934 69.930 65.926 65.922 65.917 66.911 66.905 66.898 66.889 65.880 64.870 66.859 72.846 79.832 88.818 96.803 92.789 81.776 69.765 65.757 70.754 78.755 54.763 32.770 32.761 18.736 19.691 55.612 76.570 26.558 8.573 68.545 100.534 102.528 81.520 84.510 83.497 71.495 60.503 11.510 39.521 13.552 1.567 14.555 1.556 3.564 1.563 0.000 0.000 0.000 12.156 75.102 81.022 77.010 78.171 76.148 107.939 107.837 107.730 74.932 77.711 79.585
66.957 66.957 66.956 66.956 66.955 66.953 66.952 66.950 66.948 66.946 65.943 65.940 65.936 66.932 66.928 66.923 66.918 66.912 66.905 66.898 66.890 66.880 66.870 65.859 64.848 65.836 69.824 67.813 66.803 70.795 73.789 72.785 70.785 72.786 72.786 69.776 69.757 73.724 48.677 34.618 23.608 41.615 86.610 100.603 80.595 73.585 72.568 52.530 48.524 11.548 0.000 0.000 1.649 3.655 0.000 0.000 7.578 22.561 37.520 7.459 21.380 84.236 91.225 89.298 87.285 88.368 108.128 108.036 89.172 95.965 88.821 94.596 86.440
66.963 66.962 66.962 66.961 66.960 66.959 66.958 66.956 66.954 66.952 66.949 66.946 66.942 66.939 66.934 66.930 66.925 66.920 66.914 65.907 72.900 74.891 66.883 65.873 64.864 65.854 67.845 70.836 73.828 72.822 67.817 68.814 75.813 78.812 74.810 68.802 65.790 74.773 5.755 0.000 8.639 81.671 90.676 77.673 69.665 89.656 35.648 0.000 0.000 1.711 2.740 2.742 2.717 3.708 0.000 0.000 32.609 74.584 103.542 64.482 97.369 105.530 102.494 101.587 108.388 108.305 108.219 101.253 103.133 102.833 101.696 100.631 18.549
66.968 66.968 66.968 66.967 66.966 66.965 66.964 66.962 66.960 66.958 69.956 69.953 67.949 71.945 69.941 66.937 66.933 66.928 65.923 63.917 74.910 82.903 68.896 65.888 67.880 70.872 72.864 71.857 68.851 70.847 75.843 77.841 78.840 78.840 73.838 67.834 76.828 95.821 14.815 0.000 0.000 55.752 78.751 75.746 79.737 99.726 33.719 0.000 2.776 2.758 2.768 2.768 2.746 4.753 0.000 30.712 82.667 98.621 101.557 106.560 103.729 100.722 108.615 108.543 108.468 100.558 101.346 102.222 101.904 101.879 94.812 71.722 0.000
66.974 66.974 66.974 66.973 66.972 66.971 66.970 66.969 66.967 67.965 74.963 74.959 51.956 19.952 40.948 70.945 64.942 67.937 73.933 76.927 76.922 72.915 68.909 69.902 72.896 71.889 70.883 72.878 76.874 76.871 78.869 77.868 68.868 63.868 65.868 78.868 97.868 107.868 29.870 0.000 0.000 30.835 86.831 88.823 95.811 94.791 30.785 0.000 2.794 0.807 1.813 2.814 0.000 8.804 34.801 78.765 100.694 103.718 102.813 102.820 101.915 108.750 108.684 100.758 101.561 102.426 102.215 102.072 102.032 93.967 85.926 0.000 0.000
66.980 66.980 66.980 66.979 66.979 66.978 66.977 66.976 66.974 68.972 77.970 88.967 64.963 1.960 7.954 55.953 81.951 73.947 71.943 71.938 69.933 68.928 70.923 72.917 70.911 66.906 68.902 80.898 82.895 72.893 66.893 63.893 63.895 68.897 82.899 98.902 95.907 79.913 51.926 19.955 13.956 57.923 86.912 68.906 59.891 51.842 16.844 0.938 0.866 21.859 12.856 2.862 0.000 27.859 78.841 100.769 102.975 101.974 102.089 108.939 108.879 108.816 100.817 102.704 102.419 102.295 102.242 102.172 96.098 83.037 73.001 0.000 0.000
66.987 66.987 66.986 66.986 66.985 66.985 66.984 66.983 66.982 68.980 78.978 65.975 21.970 3.970 0.000 23.964 77.961 69.958 71.954 70.950 68.945 71.941 72.936 69.931 66.927 62.923 72.919 86.917 73.915 63.915 64.916 69.918 79.921 90.925 101.930 94.935 72.943 67.953 86.966 93.982 94.990 98.987 73.990 34.998 7.006 0.000 1.110 1.120 0.000 34.872 21.886 1.931 32.955 78.907 100.939 103.139 102.164 109.104 109.052 108.997 101.080 101.881 102.773 102.473 102.460 102.402 102.330 103.241 91.163 62.080 51.041 9.041 3.041
65.994 65.993 66.993 66.992 66.992 66.992 66.991 66.990 66.990 69.988 79.987 50.986 0.000 9.982 47.983 49.976 66.972 68.969 56.965 38.961 76.958 71.954 67.950 66.946 64.942 66.939 82.936 85.934 67.934 70.935 82.938 91.942 100.946 98.952 86.959 72.967 65.977 81.989 86.003 74.019 55.033 53.046 41.064 21.089 10.130 4.215 2.251 22.273 17.289 0.000 0.000 27.014 79.064 102.183 103.215 101.335 109.203 109.155 101.239 102.053 102.933 102.742 102.621 102.600 102.549 102.499 105.431 69.302 49.232 0.000 0.000 0.000 0.000
75.000 73.000 69.999 67.999 64.999 64.999 64.999 64.998 63.997 68.997 80.996 63.996 44.997 52.993 70.990 66.986 63.983 69.980 64.976 51.973 71.970 65.967 64.963 64.960 66.957 80.954 88.952 54.951 46.952 96.954 101.959 96.964 85.971 75.978 67.987 63.997 75.009 87.023 55.039 30.058 13.078 4.101 21.129 20.164 10.209 11.264 14.302 42.320 26.304 0.000 0.000 59.303 101.343 100.475 109.341 109.297 109.251 101.274 103.170 102.897 102.791 102.762 104.720 99.671 101.642 102.616 113.595 0.000 0.000 0.000 0.000 0.000 0.000
76.008 78.007 84.005 85.005 85.005 82.006 83.006 82.006 81.006 81.005 83.005 66.004 70.003 69.001 65.999 68.996 68.993 67.991 72.988 74.985 68.982 62.980 64.977 66.974 80.971 85.968 74.966 68.965 77.967 100.972 83.979 74.986 66.994 65.003 67.013 66.025 80.038 89.054 53.073 29.095 17.120 19.150 22.187 14.230 15.279 21.330 23.373 16.400 0.000 0.000 37.548 79.564 109.460 109.423 109.383 101.505 102.313 103.213 102.923 102.921 103.880 103.836 76.793 54.733 89.732 103.727 108.737 48.794 0.000 0.000 0.000 0.000 0.000
69.017 63.015 16.010 18.009 27.013 74.014 71.014 71.014 71.014 75.013 84.013 65.012 66.011 65.010 68.008 72.006 73.004 71.002 69.999 72.997 73.995 70.993 64.990 81.988 87.985 78.982 84.979 101.978 98.980 80.987 68.998 65.007 67.017 67.027 66.038 71.051 87.066 89.083 81.103 84.128 55.157 17.193 9.238 8.291 20.347 27.405 17.460 14.510 6.536 32.692 80.722 109.530 109.496 101.645 102.456 103.344 103.158 103.046 103.032 103.986 101.947 95.908 20.887 0.000 71.827 106.824 103.831 102.851 0.000 0.000 0.000 0.000 0.000
67.027 59.027 0.000 0.014 9.022 70.023 66.023 66.023 66.022 70.022 84.021 62.021 66.020 70.019 72.017 73.016 70.014 67.012 65.011 67.009 77.008 90.006 85.004 86.002 62.999 56.995 108.990 94.987 61.989 21.998 42.018 70.029 67.039 67.049 69.061 62.075 46.090 36.109 48.130 88.156 64.187 17.228 12.282 7.347 16.413 21.482 15.553 20.616 20.698 58.825 109.580 100.832 104.572 103.479 103.293 103.185 103.162 103.128 104.088 104.052 69.014 44.961 30.961 33.968 84.926 105.911 101.913 92.928 10.962 0.000 0.000 0.000 0.000
67.037 67.038 50.043 0.029 10.031 71.031 67.031 67.031 66.031 67.031 82.030 69.030 72.029 74.028 73.027 68.026 65.025 66.023 66.022 65.021 75.020 98.019 94.018 81.017 74.015 65.011 40.997 29.991 16.990 0.000 23.047 72.053 67.061 69.071 52.082 26.096 11.113 8.132 50.153 67.178 36.208 8.251 11.313 16.404 23.476 19.556 13.654 6.744 10.042 58.055 109.645 103.721 103.483 103.306 103.292 103.258 103.219 103.182 101.149 92.119 25.097 0.000 42.027 101.017 105.996 103.983 97.980 87.986 5.996 0.000 0.000 0.000 0.000
64.046 66.047 63.048 0.000 6.041 71.040 66.040 64.040 66.040 70.039 74.039 73.038 73.038 71.037 65.036 66.036 66.035 67.034 67.034 72.033 90.033 89.033 82.033 91.033 89.034 60.035 0.000 0.000 0.000 0.000 21.070 72.074 67.080 70.090 41.102 3.116 37.132 63.152 83.173 52.195 4.214 0.313 0.391 5.478 15.532 15.616 15.730 9.986 6.687 109.827 109.738 102.626 103.474 103.376 103.343 103.307 103.271 105.237 90.206 73.178 33.158 9.148 57.102 87.077 96.058 105.045 94.039 83.039 5.041 0.000 0.000 0.000 0.000
71.054 69.054 58.055 0.000 57.050 65.049 67.049 71.049 72.048 73.048 71.048 72.047 70.047 66.047 66.046 67.046 67.045 66.045 68.045 91.045 90.045 72.046 85.047 83.049 87.052 85.059 48.077 4.087 13.093 43.094 48.089 68.092 67.098 67.107 62.119 54.133 71.150 70.169 64.192 86.216 34.238 0.337 0.414 9.505 14.558 12.639 13.740 37.893 62.289 109.910 104.951 104.701 104.442 103.430 103.392 103.357 104.322 102.289 57.259 34.231 46.207 47.185 101.156 103.133 83.114 93.101 88.092 61.089 26.088 0.000 0.000 0.000 0.000
72.061 73.061 70.062 58.064 72.060 72.059 72.058 73.057 73.057 74.057 86.057 68.056 66.056 66.056 67.056 67.056 67.056 68.056 82.056 93.056 68.057 72.059 99.060 91.063 79.067 82.074 85.084 69.092 74.097 89.100 82.102 70.106 63.112 63.121 74.133 90.147 77.164 49.185 21.209 76.238 65.279 14.348 17.413 22.485 18.556 9.645 11.713 52.993 105.239 109.988 101.931 104.584 105.513 103.477 103.441 103.406 96.372 86.339 43.308 14.280 23.254 24.230 85.205 127.183 108.165 84.151 76.141 55.136 64.134 17.134 0.000 3.320 7.320
77.068 77.068 73.068 73.069 73.068 74.067 74.066 70.066 67.066 66.066 29.066 19.066 70.066 67.066 67.066 67.066 66.066 69.066 93.067 79.068 64.069 70.071 87.073 104.076 99.080 96.086 94.092 90.099 86.104 85.108 93.112 90.117 84.124 80.133 83.144 87.159 49.176 13.196 12.220 28.249 24.293 9.351 18.406 28.466 24.538 15.638 8.796 52.046 110.132 110.061 104.823 106.669 103.557 103.526 104.489 100.454 84.419 77.387 83.356 89.327 73.300 95.274 110.250 127.229 136.211 120.197 82.186 87.180 62.178 0.000 0.000 0.000 0.000
16.076 17.075 77.075 72.075 72.075 67.075 64.075 66.075 61.074 14.074 14.074 3.075 71.075 67.075 67.075 67.076 67.076 85.077 92.078 65.079 67.080 67.082 70.084 76.088 78.091 78.096 74.101 77.107 93.112 86.116 77.121 80.126 87.133 91.142 94.153 91.167 66.184 31.204 14.226 13.245 0.000 2.360 13.392 22.436 6.487 0.000 22.000 82.245 110.200 102.164 105.892 105.629 103.614 103.573 104.536 99.500 86.466 52.433 59.402 102.372 113.344 145.318 136.294 108.272 96.253 113.238 92.227 86.221 61.219 0.248 0.000 0.000 0.000
3.083 12.082 26.080 81.082 66.083 64.083 66.083 66.083 67.083 14.083 5.083 60.084 68.084 67.084 67.085 67.085 69.086 93.087 78.088 64.089 67.091 67.093 67.095 66.098 66.102 66.106 65.110 72.115 101.120 80.124 11.129 19.135 31.141 82.149 92.160 76.173 81.189 68.210 20.235 17.261 2.296 7.336 20.366 12.400 0.000 0.000 40.163 110.330 110.266 105.047 106.788 102.696 103.658 103.619 103.582 103.546 90.511 53.477 68.445 105.415 101.386 135.359 130.334 99.312 104.292 90.276 71.264 89.257 67.257 1.273 0.000 0.000 0.000
65.091 61.091 0.000 73.091 83.091 84.091 65.091 77.091 84.091 60.092 58.092 68.093 67.093 67.094 67.094 67.095 86.096 90.097 65.098 67.099 66.101 65.103 67.106 67.109 67.112 67.116 66.119 74.124 103.128 84.132 30.137 3.142 54.148 79.155 92.163 71.174 61.189 20.214 13.241 16.266 14.293 22.320 26.338 0.371 0.000 19.082 81.334 110.393 102.302 106.025 105.767 103.746 103.703 103.664 103.626 104.590 95.554 84.520 107.488 132.457 120.427 137.399 134.372 128.348 135.327 101.309 78.296 88.287 96.285 25.291 0.000 0.000 0.000
67.100 66.100 61.103 67.100 66.100 14.099 88.099 80.100 67.100 68.100 68.101 67.101 67.102 67.103 67.104 70.105 93.105 76.107 66.108 67.109 73.111 81.113 67.116 65.119 67.122 66.125 69.128 93.132 101.136 76.139 64.144 52.148 74.153 73.158 34.165 19.172 16.181 0.000 5.251 5.270 6.291 7.312 9.325 0.000 22.137 79.294 101.467 110.453 103.264 103.907 103.830 103.788 103.747 103.707 103.669 104.632 95.597 78.562 74.529 107.497 97.466 111.436 114.409 102.382 104.359 76.338 53.322 67.311 134.306 87.307 22.313 12.316 34.318
67.107 67.108 67.108 67.108 67.107 61.107 77.108 93.108 69.108 66.109 67.109 67.110 67.111 67.112 66.113 89.114 91.115 65.116 67.117 68.119 65.121 27.123 86.126 81.128 68.131 66.134 84.137 103.140 87.143 67.147 67.150 68.154 71.157 75.161 12.165 13.168 0.000 2.240 17.243 0.000 0.265 0.000 0.000 0.000 45.248 102.426 110.567 110.511 103.148 103.983 103.867 103.831 103.789 103.750 103.711 102.674 87.638 89.603 109.569 128.535 127.504 132.473 137.443 124.414 122.387 109.362 58.343 56.329 132.321 96.318 34.316 27.317 92.319
67.114 67.115 67.115 67.115 67.115 67.115 67.115 78.116 93.117 69.117 66.118 67.119 67.120 65.121 73.122 94.123 74.125 66.126 68.127 66.128 8.131 5.133 74.136 75.138 81.141 80.143 88.146 87.148 68.151 66.154 68.157 71.159 76.162 76.164 0.000 0.000 0.000 4.237 28.237 15.236 16.235 15.235 0.000 6.357 53.497 107.641 110.622 102.486 104.201 103.936 103.916 103.871 103.830 103.790 103.752 103.714 89.678 85.642 106.607 107.573 107.540 110.508 110.476 109.445 114.413 87.382 63.357 78.341 93.332 32.327 0.000 0.000 36.322
67.121 69.121 69.121 67.122 67.122 67.123 67.123 67.124 78.125 93.126 69.127 64.128 64.129 81.130 93.132 87.133 64.134 67.135 63.136 9.135 6.140 60.143 67.146 67.148 73.150 90.152 90.154 83.156 76.159 68.161 55.163 25.166 90.167 70.169 0.000 0.000 0.000 3.233 17.234 10.234 24.234 13.235 0.000 6.510 26.603 110.728 110.675 103.355 104.089 103.995 103.953 103.911 103.870 103.830 103.791 104.754 99.717 89.681 84.645 83.610 83.576 83.542 83.509 87.475 61.439 5.395 31.363 87.347 83.337 44.333 6.332 0.000 35.324
68.129 5.128 6.128 67.129 66.130 65.130 65.131 64.132 64.133 77.134 92.135 85.136 92.138 94.139 81.141 65.142 72.144 72.146 60.147 0.000 8.153 71.154 67.156 69.157 93.159 100.161 78.163 69.164 76.166 83.168 71.170 7.172 50.173 68.174 0.000 0.000 0.000 4.229 10.230 7.233 21.234 0.000 0.000 6.594 11.918 110.779 108.605 104.319 104.060 104.037 103.991 103.949 103.908 103.869 103.830 103.792 104.755 103.719 101.682 100.646 100.611 101.576 103.542 77.508 19.474 0.000 16.354 72.345 103.338 94.334 67.331 43.329 60.326
67.136 66.136 1.136 66.137 77.137 81.138 85.139 90.139 93.141 94.142 94.143 94.145 80.146 67.148 83.150 100.152 101.154 101.156 94.159 72.165 7.164 68.164 66.166 75.167 103.168 90.170 67.171 66.172 68.174 71.175 62.177 7.178 27.180 27.181 0.000 0.000 0.000 10.223 5.227 0.000 4.234 0.000 14.596 15.843 6.428 110.829 112.556 108.194 104.115 104.071 104.028 103.986 103.946 103.906 103.868 103.830 103.793 103.756 103.720 103.682 104.645 107.610 79.576 12.542 0.000 5.324 0.000 17.341 73.337 104.333 95.331 71.329 48.327
67.143 69.143 65.145 67.144 82.144 81.145 77.146 73.147 72.148 68.150 89.151 79.153 90.155 81.157 97.159 93.161 86.164 87.166 98.169 104.172 93.173 94.174 86.175 94.176 102.178 75.179 66.179 67.181 67.182 66.183 66.184 68.185 63.187 12.190 72.197 63.202 2.207 4.213 0.000 0.000 0.000 5.557 83.612 80.819 110.921 110.876 106.432 107.261 104.144 104.106 104.063 104.022 103.982 103.943 103.905 103.867 103.831 103.794 103.757 105.719 110.677 79.642 19.609 0.000 0.000 2.324 1.324 0.000 14.334 65.332 100.330 50.329 0.000
69.150 5.150 64.151 67.151 67.151 67.152 66.153 67.154 69.156 67.158 79.159 74.161 83.164 94.166 82.168 67.171 68.173 69.176 70.179 75.181 88.183 98.184 104.185 102.186 91.187 67.187 67.188 67.189 67.189 67.190 68.190 91.191 64.192 4.195 68.198 18.202 12.206 5.210 0.000 0.000 0.000 15.532 103.738 105.947 110.965 104.764 104.471 104.206 104.185 104.139 104.097 104.056 104.017 103.979 103.941 103.904 103.868 103.832 105.797 90.758 44.702 11.672 0.000 4.324 2.324 22.324 29.324 0.000 0.000 36.329 98.329 50.328 0.000
70.156 3.156 64.157 67.157 67.158 67.159 67.160 68.162 6.163 66.165 70.167 81.170 81.172 89.175 94.177 80.180 65.183 65.186 65.188 67.191 69.193 70.194 71.195 71.196 70.196 69.196 65.196 65.197 66.197 67.197 78.197 92.197 63.197 57.198 59.199 0.000 0.000 5.210 0.000 0.000 0.000 19.614 102.734 111.050 111.007 103.621 104.351 104.256 104.214 104.171 104.130 104.090 104.051 104.013 103.976 103.940 103.905 103.871 108.839 64.814 0.000 0.000 2.325 0.325 2.324 17.324 24.324 0.000 0.000 39.328 99.327 58.327 0.000
