results4_8e4_rain/res_4e8f-0049.wd
ncols         241
nrows         181
xllcorner     12693529.787448
yllcorner     3542525.717860
cellsize      155.156523
NODATA_value  -9999.000000
[rows 66 to 98 of 181, columns 74 to 147 of 241]
25.591 0.000 50.901 67.885 66.863 66.842 0.000 38.362 38.349 51.357 47.364 46.344 46.300 45.229 121.127 109.014 0.000 0.000 0.000 42.208 37.178 42.140 45.105 45.068 47.024 47.986 52.947 53.912 54.875 45.826 0.000 0.000 44.139 94.139 76.057 79.921 80.010 78.070 86.026 78.493 78.973 79.714 78.489 78.269 79.067 48.913 0.000 0.000 0.000 0.000 0.000 0.000 0.000 13.448 11.430 11.397 11.350 11.292 11.230 15.162 28.086 25.003 9.913 20.820 29.731 8.647 11.565 17.485 22.407 18.330 12.254 10.180 8.108 23.038
52.583 0.000 39.082 63.054 62.032 56.035 9.104 0.000 0.000 44.421 57.485 46.484 45.451 46.388 27.257 0.000 0.000 0.000 0.000 0.000 0.000 53.140 51.122 49.091 32.035 34.988 41.945 42.914 47.887 38.856 0.000 0.000 0.000 54.363 72.280 79.225 79.325 86.449 86.246 78.565 79.253 78.966 78.757 78.548 73.362 31.231 0.000 0.000 28.414 0.000 0.000 0.000 19.482 14.482 11.463 11.428 11.382 11.326 11.264 11.196 11.122 18.042 31.958 32.873 15.788 9.706 10.625 11.546 15.468 14.391 10.315 10.241 11.170 30.100
47.558 52.452 50.291 64.216 57.177 58.163 55.173 0.000 0.000 0.000 59.671 54.655 49.633 51.615 0.000 0.000 0.000 0.000 0.000 0.000 0.000 52.157 48.150 39.141 0.000 0.000 39.929 51.913 50.902 0.000 0.000 0.137 56.862 48.669 52.516 59.608 74.680 86.638 78.302 79.857 79.422 79.234 79.018 76.806 59.603 38.416 44.415 42.415 23.415 0.000 0.000 0.000 0.000 28.537 10.511 11.471 15.423 23.367 13.304 11.236 10.163 14.086 29.006 35.924 27.843 13.763 8.684 10.607 10.529 10.452 10.375 9.300 16.229 37.160
46.589 50.509 61.414 55.344 48.297 67.267 56.253 8.263 0.000 2.013 51.874 67.832 62.813 62.823 65.903 0.000 0.000 0.000 0.000 0.000 0.000 50.183 41.181 44.182 0.000 0.000 0.000 87.909 114.905 29.905 0.000 56.213 51.056 50.904 50.827 46.924 86.983 86.816 79.347 82.953 79.701 79.493 79.280 71.054 23.829 0.000 46.415 24.415 0.000 0.000 0.000 16.721 15.688 14.619 10.571 14.524 26.472 31.414 29.350 22.281 12.209 21.133 29.055 7.976 13.897 26.819 23.743 19.667 27.590 8.511 10.432 8.357 21.287 44.219
52.645 62.580 54.511 46.450 46.400 59.355 67.308 63.274 66.223 68.129 63.036 57.986 59.963 48.963 47.983 0.000 0.000 0.000 0.000 55.223 54.219 42.209 44.211 45.224 49.258 48.280 0.000 0.000 0.000 0.000 2.512 62.372 55.247 50.100 51.206 49.267 87.134 48.962 56.552 71.149 78.971 79.758 77.552 36.303 0.000 0.000 0.000 0.000 0.000 0.000 17.776 11.754 11.724 11.679 12.632 22.582 31.527 30.467 30.401 26.331 22.258 32.182 15.105 10.027 10.950 10.875 20.801 33.727 20.653 8.573 9.484 15.407 3.344 8.280
63.712 53.656 46.599 47.546 47.498 49.444 33.351 59.301 57.266 49.212 46.154 45.114 61.090 63.082 50.085 0.000 0.000 0.000 55.228 51.227 48.226 41.225 45.230 45.244 45.269 45.303 4.368 7.478 8.589 10.684 78.632 75.539 64.421 63.403 52.418 87.397 87.272 51.014 57.664 52.441 59.245 78.018 52.868 0.000 0.000 0.000 0.000 0.000 0.000 0.000 17.799 11.795 11.775 11.740 12.696 21.645 31.588 30.525 29.457 26.384 31.309 25.232 9.155 11.078 11.003 10.929 20.858 28.790 7.721 10.644 13.524 32.445 49.403 28.341
53.783 46.733 47.684 47.639 48.601 29.574 0.000 16.315 44.328 47.299 47.257 47.224 45.203 69.192 53.188 0.000 0.000 0.000 32.229 49.231 43.232 44.235 45.241 45.253 45.272 45.296 56.323 0.000 0.733 17.830 70.794 80.725 2.641 84.573 74.779 87.505 49.584 63.229 59.874 49.746 46.551 43.201 28.035 0.000 0.000 13.347 0.000 0.000 0.000 0.000 13.826 11.852 11.842 11.811 11.768 12.715 18.655 26.588 26.517 26.441 30.363 8.284 11.205 11.128 10.053 15.981 32.914 15.852 9.798 12.758 0.000 0.000 25.482 0.000
46.856 47.810 47.765 47.725 50.692 6.676 4.699 0.000 42.434 47.398 49.351 47.323 46.305 64.294 60.289 0.000 0.000 0.000 0.000 40.235 43.237 45.240 45.247 45.256 45.270 47.286 33.305 0.000 0.000 68.029 70.990 81.927 87.825 81.936 79.982 87.594 70.633 73.338 58.181 51.087 44.013 0.000 0.000 0.000 0.000 11.348 0.000 0.000 0.000 0.000 0.000 14.947 11.929 11.895 11.849 11.792 11.728 11.657 18.580 26.500 14.418 11.335 11.254 11.175 14.100 27.029 26.964 8.907 10.861 13.832 0.000 0.000 52.560 42.574
47.929 47.885 47.843 47.803 47.768 51.742 52.721 52.675 48.575 48.511 28.425 45.413 46.400 62.390 61.384 0.000 0.000 0.000 0.000 39.239 45.240 45.244 45.249 45.256 45.265 33.275 0.000 0.000 0.000 73.266 79.213 82.136 82.100 81.188 87.712 80.113 82.833 77.523 62.466 52.406 51.402 51.538 0.000 0.000 0.000 8.348 15.349 8.349 0.000 0.000 0.000 30.061 11.032 11.991 11.940 11.878 12.809 11.731 11.648 11.562 11.474 11.386 11.300 10.219 16.142 31.071 8.007 10.952 10.907 12.878 0.000 0.000 54.626 46.611
48.003 47.960 47.917 47.875 47.836 47.801 47.769 47.730 47.680 51.646 0.000 38.504 47.493 63.482 58.475 0.000 0.000 0.000 0.000 44.241 47.242 47.245 47.249 45.254 48.258 0.000 0.000 0.000 65.717 71.557 82.459 82.346 82.464 80.519 87.920 81.249 85.895 81.787 82.721 70.672 58.653 47.673 42.673 44.672 0.000 0.000 14.349 9.349 15.344 16.330 14.293 20.203 30.149 12.098 13.040 21.973 28.897 10.812 11.720 11.625 11.529 11.434 10.343 15.258 34.179 28.107 17.043 9.986 10.937 12.894 27.849 45.788 46.706 46.660
48.078 48.036 47.992 47.946 47.900 47.858 50.823 48.798 47.768 51.747 0.000 38.605 47.587 64.569 56.559 0.000 0.000 0.000 0.000 17.242 27.243 26.246 26.249 47.252 32.255 0.000 0.000 0.000 67.877 77.787 82.690 82.650 81.760 88.586 88.274 82.317 83.161 82.019 81.963 82.908 73.865 38.829 0.000 0.000 0.000 0.000 12.351 12.353 9.354 11.353 12.346 11.308 18.263 32.211 15.150 13.078 22.994 10.899 11.796 11.689 11.582 11.479 11.381 19.291 32.209 19.135 31.070 9.012 9.961 14.913 35.864 47.810 46.750 46.700
48.155 48.113 48.069 48.018 50.958 52.910 24.867 45.869 48.850 50.827 10.806 41.726 46.681 58.649 56.633 0.000 0.000 0.000 0.000 0.000 0.000 0.000 0.000 28.252 0.000 0.000 0.000 16.277 66.128 83.023 82.905 83.024 81.115 88.866 80.906 86.612 82.307 82.261 82.194 82.135 72.069 32.949 0.000 0.000 0.000 0.000 0.000 15.359 16.365 3.383 11.431 12.420 12.385 16.335 32.271 15.194 12.101 11.994 11.876 11.753 11.633 9.519 15.412 34.316 15.230 14.155 28.090 12.033 9.982 16.934 42.886 47.837 46.785 46.733
48.233 48.194 48.152 50.099 26.005 27.957 0.000 7.962 43.936 47.904 51.866 47.811 50.761 55.715 60.691 0.000 0.000 0.000 0.000 0.000 0.000 0.000 0.000 0.000 0.000 0.000 0.000 75.425 77.339 83.243 83.203 82.327 89.368 89.127 81.970 82.684 82.555 82.486 82.422 81.367 61.328 0.000 0.000 0.000 0.000 0.000 0.000 0.000 7.365 0.000 18.574 15.557 11.523 11.472 13.406 30.325 19.224 11.102 11.959 11.815 10.678 15.551 17.434 16.329 13.241 11.166 11.103 11.048 11.999 24.954 46.910 47.866 49.820 45.766
48.313 48.278 48.246 53.222 0.000 0.000 14.156 6.080 40.030 48.987 46.942 48.892 60.838 32.759 26.725 0.000 0.000 0.000 0.000 0.000 0.000 0.000 0.000 0.000 0.000 0.000 62.800 67.659 81.559 83.442 83.575 81.676 89.588 81.473 83.147 82.840 82.780 82.705 82.640 74.585 51.547 0.000 0.000 0.000 0.000 0.000 0.000 0.000 0.000 0.000 22.733 17.713 11.676 9.624 12.558 12.475 28.370 21.230 12.044 12.870 10.714 17.573 17.444 14.327 8.237 11.166 11.108 13.057 27.013 45.972 47.935 50.899 42.862 3.814
47.390 47.359 47.334 50.320 20.334 17.305 49.233 54.170 48.119 46.071 53.025 62.979 65.938 0.000 0.000 0.000 0.000 0.000 0.000 0.000 0.000 0.000 0.000 0.000 0.000 0.000 64.941 72.857 82.759 83.749 82.790 89.994 89.797 82.504 83.207 83.068 82.990 82.916 82.849 64.785 46.729 0.000 0.000 0.000 0.000 0.000 0.000 0.000 0.000 0.000 20.913 18.887 18.844 15.790 8.726 10.648 11.550 27.404 27.119 23.908 20.735 13.583 12.441 9.297 10.215 11.154 15.104 35.061 47.022 46.988 47.958 46.932 37.915 0.000
62.464 61.434 59.410 56.392 57.378 57.348 54.301 55.251 57.202 57.155 63.108 65.060 22.999 0.000 0.000 0.000 0.000 0.000 0.000 0.000 0.000 0.000 0.000 0.000 3.410 11.336 66.168 83.058 83.965 83.915 83.146 90.176 81.983 83.655 83.342 83.276 83.195 83.122 81.054 62.979 33.854 0.000 0.000 0.000 0.000 0.000 0.000 0.000 0.000 0.000 11.119 15.077 18.024 18.967 17.907 14.843 10.777 4.717 0.000 0.000 0.000 0.000 0.000 13.206 11.171 14.132 35.094 48.059 47.028 48.000 50.976 46.959 43.950 24.959
61.533 60.505 62.481 64.459 63.438 62.409 60.372 58.330 58.285 59.239 55.192 55.154 0.000 0.000 0.000 0.000 0.000 0.000 0.000 0.000 0.000 0.000 0.000 0.000 52.483 75.431 74.336 83.246 84.137 84.267 82.374 90.344 84.076 83.680 83.555 83.470 83.393 83.324 79.265 59.224 0.000 0.000 0.000 0.000 0.000 0.000 0.000 0.000 0.000 18.520 13.367 10.278 12.208 17.148 19.092 19.041 19.998 10.970 0.000 0.000 0.000 0.000 0.000 14.149 12.133 28.109 49.082 47.055 47.030 47.008 47.989 46.976 46.969 37.968
47.599 48.572 55.549 64.527 70.505 58.479 52.448 47.412 45.371 44.323 50.267 29.210 0.000 0.000 0.000 0.000 0.000 0.000 0.000 0.000 0.000 0.000 0.000 0.000 58.609 74.570 82.502 84.423 84.395 83.530 90.641 90.499 86.094 83.899 83.737 83.660 83.582 83.514 78.460 53.428 0.000 0.000 0.000 0.000 0.000 0.000 0.000 0.000 18.802 13.672 13.552 13.459 12.385 9.323 14.272 18.231 19.204 16.195 0.000 0.000 0.000 0.000 17.097 11.109 15.103 43.088 47.069 47.049 47.030 47.012 46.997 46.987 46.980 21.978
46.661 50.637 55.615 57.596 60.576 50.554 46.529 47.499 47.463 49.417 27.342 0.000 0.000 0.000 0.000 0.000 0.000 0.000 0.000 0.000 0.000 0.000 0.000 0.000 44.774 73.737 83.679 84.587 84.724 82.841 90.771 83.645 85.316 83.996 83.929 83.841 83.762 83.691 74.634 47.600 0.000 0.000 0.000 0.000 0.000 0.000 0.000 18.056 13.933 13.816 13.710 13.622 13.548 13.488 10.441 9.408 12.394 19.411 19.496 0.000 0.000 0.000 11.086 12.087 30.082 47.071 46.058 46.042 47.027 47.014 47.002 46.993 45.988 11.985
46.719 48.699 49.681 47.665 46.649 47.633 46.615 46.593 46.566 51.541 0.000 0.000 0.000 0.000 0.000 0.000 0.000 0.000 0.000 0.000 0.000 0.000 0.000 0.000 52.975 81.927 84.861 84.843 83.983 91.005 90.892 86.643 84.342 84.196 84.106 84.017 83.933 84.855 64.785 52.737 0.000 0.000 17.789 0.000 17.496 19.438 19.334 14.179 14.056 13.948 13.852 13.769 13.699 13.641 13.597 12.566 9.552 18.558 19.582 12.582 0.000 0.000 19.073 11.072 19.067 25.058 28.048 32.036 38.024 44.013 46.004 45.997 43.992 8.990
47.775 47.758 47.744 47.733 46.724 46.715 46.705 46.691 45.668 53.639 4.639 0.000 0.000 0.000 0.000 0.000 0.000 0.000 0.000 0.000 0.000 0.000 0.000 37.377 73.225 84.135 85.032 85.182 83.283 91.105 84.097 85.770 84.453 84.377 84.281 84.189 84.099 85.009 56.915 34.826 0.000 0.000 13.790 0.000 12.554 14.485 14.385 14.271 14.165 14.069 13.981 13.904 13.837 13.782 13.739 11.708 13.691 19.688 16.692 0.000 0.000 0.000 18.063 17.060 16.055 15.048 14.039 13.030 17.021 28.012 24.004 25.998 29.994 10.992
45.827 45.814 45.805 45.800 45.798 45.799 46.799 48.797 50.778 25.709 0.000 0.000 0.000 0.000 0.000 0.000 0.000 0.000 0.000 4.444 0.000 0.000 7.644 48.530 79.417 85.316 85.312 84.349 91.277 91.196 87.088 84.793 84.644 84.549 84.453 84.359 84.264 80.168 27.042 0.000 0.000 0.000 13.790 19.791 14.681 14.561 14.451 14.355 14.265 14.180 14.100 14.028 13.964 13.910 13.868 10.837 19.817 19.809 15.808 0.000 0.000 0.000 17.055 16.050 17.045 17.039 17.032 17.024 17.016 16.009 16.003 14.998 13.995 13.993
46.875 49.867 53.863 56.864 60.870 62.882 65.898 64.919 56.940 0.000 6.453 30.481 0.000 0.000 0.000 0.000 0.000 0.000 35.448 62.444 2.444 0.000 41.759 74.682 84.587 85.499 85.440 84.674 91.345 83.528 85.214 84.896 84.820 84.721 84.625 84.528 85.433 72.356 0.000 0.000 0.000 0.000 0.000 13.901 14.820 16.628 16.504 14.432 14.361 14.287 14.213 14.143 14.081 14.028 10.985 15.953 18.933 19.923 10.922 0.000 0.000 0.000 1.048 22.041 22.037 19.031 16.025 16.018 17.012 18.006 18.001 16.997 16.994 17.993
47.919 54.915 63.917 64.924 63.938 62.960 61.992 59.041 53.123 28.294 45.425 63.510 32.592 16.641 0.000 0.000 0.000 6.459 45.451 59.441 0.000 17.086 58.951 83.850 86.762 85.623 85.850 83.837 91.400 85.514 85.229 85.081 84.988 84.893 84.797 84.696 86.582 30.469 0.000 0.000 0.000 0.000 0.000 10.093 16.069 0.000 0.000 13.509 14.461 14.393 14.321 14.251 14.189 13.136 11.092 20.059 20.038 17.028 11.036 17.080 0.000 0.000 0.000 33.035 48.030 41.024 37.018 33.012 29.007 32.002 31.998 14.995 15.993 16.992
48.958 51.959 54.965 53.977 51.998 50.028 48.070 46.130 46.216 55.333 57.445 54.541 51.624 55.691 3.746 0.000 0.000 46.468 76.457 27.428 23.353 57.220 81.109 86.015 85.902 86.045 84.017 91.473 83.922 85.638 85.324 85.251 85.157 85.066 84.976 87.878 44.730 0.000 0.000 0.000 0.000 0.000 0.000 12.309 17.293 0.000 0.000 10.635 14.581 14.505 14.426 14.353 14.288 11.234 19.189 20.155 19.130 10.117 14.114 14.123 0.000 0.000 0.000 1.030 31.025 49.018 48.012 48.006 48.001 47.997 41.994 31.991 17.990 0.000
48.993 48.997 48.007 48.023 49.048 49.083 49.131 47.195 48.278 53.378 56.483 52.583 47.675 50.751 5.802 0.000 0.000 38.486 48.483 26.462 59.412 74.334 83.251 86.170 86.134 85.258 91.865 91.615 84.916 85.646 85.503 85.414 85.324 85.239 85.162 88.109 0.000 0.000 3.482 12.482 0.000 0.000 13.651 16.542 15.502 22.532 0.000 10.815 14.723 14.619 14.525 14.445 12.378 14.322 20.276 20.240 12.212 13.194 14.182 14.176 0.000 0.000 0.000 0.000 0.000 31.011 47.005 47.000 46.996 46.992 47.989 47.987 22.986 0.000
49.024 49.030 49.042 49.061 49.089 49.126 48.176 47.241 51.323 55.420 55.525 50.634 46.740 51.838 4.909 0.000 0.000 34.508 3.526 50.524 74.498 80.450 86.397 86.286 86.530 84.546 92.085 84.342 86.053 85.740 85.669 85.576 85.488 85.403 92.323 76.289 0.000 0.000 49.483 35.482 0.000 0.000 8.761 16.705 15.642 15.562 21.387 19.087 17.877 14.723 14.610 14.525 11.457 19.400 20.354 16.316 11.287 14.264 14.245 16.223 20.230 0.000 0.000 0.000 0.000 0.000 43.996 46.993 46.989 46.986 47.984 45.982 19.981 0.000
49.050 49.058 49.071 49.091 49.119 48.157 47.206 49.271 53.352 56.452 52.565 47.687 46.816 49.950 32.089 19.287 20.419 16.513 17.588 57.612 78.606 84.582 86.519 86.700 84.729 92.468 92.286 85.353 86.065 85.918 85.827 85.736 85.650 90.561 33.440 48.435 18.472 49.482 57.483 0.000 0.000 0.000 7.926 16.877 15.798 15.686 25.514 36.267 9.977 19.786 15.668 12.589 14.524 20.469 19.422 10.384 13.354 14.330 14.310 1.253 2.238 0.000 0.000 0.000 0.000 0.000 24.991 45.986 46.983 46.981 50.978 46.976 35.975 0.000
49.072 49.080 49.094 49.113 49.140 47.176 47.222 51.283 58.364 59.472 55.595 50.733 48.887 49.057 51.209 51.354 60.457 1.543 35.700 73.729 80.734 86.722 86.740 85.917 92.790 92.634 85.717 86.495 86.156 86.080 85.983 85.894 85.813 93.752 0.000 31.539 33.500 23.489 25.486 0.000 0.000 0.000 11.141 17.078 15.988 21.871 37.716 14.491 0.000 0.741 13.688 11.639 19.583 20.529 16.483 13.445 14.415 14.394 16.381 0.000 0.000 0.000 0.000 0.000 0.000 0.000 0.000 36.978 46.976 46.975 51.973 46.971 46.967 35.961
49.090 49.097 49.110 49.128 48.153 47.184 49.224 56.276 33.349 9.478 8.612 5.763 35.944 53.182 48.335 51.464 32.556 0.000 40.851 78.870 84.886 86.836 87.134 85.203 92.934 86.059 86.833 86.399 86.337 86.230 86.134 86.042 86.957 84.883 6.825 6.682 0.000 0.000 0.000 0.000 0.000 10.588 18.419 16.307 15.204 35.095 38.987 0.000 0.000 0.000 9.748 15.697 20.638 20.582 10.535 14.498 14.469 14.449 17.439 0.000 0.000 0.000 0.000 0.000 0.000 0.000 0.000 24.971 46.970 46.969 52.968 46.966 46.963 40.960
49.103 49.110 49.121 48.138 47.158 49.184 52.214 60.248 19.278 0.000 0.000 0.000 0.000 35.391 50.488 51.610 37.747 39.925 65.982 83.022 87.020 87.258 85.339 93.185 93.065 87.043 86.736 86.585 86.479 86.378 86.280 86.184 89.089 73.998 2.911 0.000 0.000 0.000 0.000 0.000 0.000 10.756 17.641 16.529 14.426 42.316 3.152 0.000 0.000 15.985 20.858 20.764 20.689 18.628 13.579 14.541 14.513 14.495 16.487 0.000 20.542 0.000 0.000 0.000 0.000 0.000 0.000 17.965 46.965 46.964 46.963 46.962 46.960 44.958
49.112 49.119 49.129 48.142 47.159 51.180 55.202 59.223 17.238 0.000 0.000 0.000 0.000 15.503 58.615 53.741 59.898 73.046 82.134 86.184 87.266 86.483 93.395 93.294 86.388 87.160 86.815 86.729 86.622 86.522 86.425 90.326 53.217 25.107 0.000 0.000 0.000 0.000 0.000 0.000 13.274 18.040 16.860 18.741 15.654 39.593 0.000 0.000 11.327 18.112 33.934 22.813 19.726 15.661 13.612 13.575 14.548 14.532 14.527 19.540 15.543 6.542 0.000 0.000 0.000 13.956 15.957 14.959 46.960 46.960 46.959 46.958 46.958 44.957
49.119 49.124 49.132 47.144 49.158 55.174 56.191 54.205 41.213 2.207 0.000 0.000 0.000 0.000 11.729 7.843 48.058 79.225 83.324 87.355 87.598 85.785 93.487 85.708 87.484 87.047 86.979 88.864 87.762 86.664 86.572 92.477 15.347 0.000 0.000 0.000 0.000 0.000 0.000 33.723 33.508 21.271 18.018 28.923 23.856 24.810 0.000 0.000 9.542 14.203 24.955 20.827 24.741 18.679 21.633 20.598 17.573 14.558 13.550 13.550 19.546 0.000 0.000 0.000 0.000 10.956 10.956 20.956 46.956 46.956 46.956 46.955 46.955 20.956
