results4_8e4_rain/res_4e8f-0213.wd
ncols         241
nrows         181
xllcorner     12693529.787448
yllcorner     3542525.717860
cellsize      155.156523
NODATA_value  -9999.000000
[rows 99 to 131 of 181, columns 0 to 72 of 241]
0.000 0.000 0.000 0.000 0.000 61.317 101.317 103.317 94.317 89.317 0.000 0.000 0.000 0.000 0.000 3.314 2.314 69.314 66.314 0.000 0.000 2.314 5.314 64.314 63.314 4.314 0.000 0.000 0.000 11.309 0.000 0.000 0.000 0.000 17.166 63.162 59.152 58.135 59.111 60.084 73.055 62.024 65.989 57.951 59.910 57.866 58.818 63.768 64.715 62.661 66.605 59.548 59.490 61.430 64.367 78.298 79.238 64.191 50.148 0.000 0.000 0.000 0.000 0.000 28.207 83.202 80.191 67.173 42.150 37.126 81.102 58.079 60.056
0.000 0.000 0.000 0.000 0.000 62.318 102.317 102.317 0.000 0.000 0.000 0.000 0.000 0.000 0.000 2.314 14.314 80.314 69.314 7.314 4.314 4.314 67.314 66.314 70.314 1.314 0.000 0.000 0.000 69.309 61.309 0.000 0.000 0.252 76.209 86.203 72.193 65.179 59.161 61.138 80.112 65.082 71.048 71.011 61.970 76.925 68.877 69.826 59.773 67.717 67.660 65.602 59.544 60.485 64.422 61.328 23.265 13.228 0.000 0.000 0.000 0.000 0.000 31.225 68.219 80.214 87.205 77.193 53.178 54.161 68.143 59.124 60.104
7.319 0.319 0.000 0.000 0.000 49.318 98.318 107.318 17.317 0.000 0.000 0.000 0.000 0.000 0.000 1.314 3.314 87.314 68.314 69.314 71.314 68.314 65.314 66.314 64.314 2.314 0.000 0.000 0.000 62.309 62.309 63.306 62.298 62.283 61.256 71.247 80.239 27.229 91.215 81.196 86.172 71.144 16.111 87.074 85.033 83.988 87.939 76.887 59.832 62.774 67.715 67.656 64.598 60.546 49.506 0.000 0.000 0.000 0.000 0.000 0.000 0.000 0.000 41.231 68.230 68.228 79.224 78.217 61.208 61.197 60.184 60.170 60.153
75.319 78.319 10.319 0.000 0.000 59.318 98.318 103.318 113.317 18.317 0.000 0.000 0.000 0.000 9.315 9.314 7.314 24.314 72.314 69.314 87.314 101.314 76.314 61.314 0.314 0.000 0.000 0.000 0.000 0.000 61.311 62.313 62.305 62.295 62.287 61.289 61.288 60.283 61.273 66.258 78.237 72.210 15.178 87.141 88.100 66.055 73.005 89.952 83.894 70.833 60.771 66.708 67.646 70.595 55.551 0.000 0.000 0.000 0.000 0.000 0.000 0.000 0.000 3.237 19.243 65.245 62.244 62.242 60.239 60.234 60.227 60.217 60.205
89.319 72.319 72.319 74.318 76.318 95.318 103.318 103.318 103.317 105.317 79.317 18.316 1.316 67.315 74.315 75.315 37.314 32.314 95.314 103.314 98.314 94.314 77.314 1.314 0.000 0.000 0.000 0.000 0.000 0.000 0.000 62.329 61.313 60.306 61.309 62.334 62.341 62.342 62.337 63.325 82.307 77.282 60.250 62.213 73.171 84.125 61.075 73.020 73.959 66.893 86.828 69.761 61.682 2.638 0.000 0.000 0.000 0.000 0.000 0.000 0.000 0.000 0.000 0.000 11.261 65.263 60.266 60.270 60.273 60.274 60.272 58.268 56.260
104.319 94.319 75.319 79.319 97.318 103.318 103.318 103.318 103.317 98.317 70.317 76.316 4.316 58.315 93.315 101.315 101.314 85.314 100.314 107.314 17.314 0.000 0.000 0.000 0.000 0.000 0.000 0.000 0.000 0.000 0.000 62.362 0.000 0.000 0.000 63.396 62.401 62.406 62.407 63.400 79.384 84.360 61.328 62.290 62.247 80.200 81.149 59.093 67.029 85.953 77.888 55.824 0.000 0.000 0.000 0.000 0.000 0.000 0.000 0.000 0.000 0.000 0.000 0.000 8.277 65.281 60.287 60.297 60.308 59.316 58.321 63.322 64.319
104.319 104.319 99.319 102.319 103.318 103.318 103.318 103.318 103.317 99.317 74.317 91.316 0.000 0.000 71.315 95.314 103.314 104.314 103.314 108.314 11.314 0.000 0.000 0.000 0.000 0.000 0.000 0.000 0.000 0.000 0.000 62.394 1.419 1.438 64.453 62.452 62.462 62.475 62.484 62.483 79.470 84.446 61.412 62.371 62.327 63.279 84.229 78.175 85.110 75.003 55.945 0.000 0.000 0.000 0.000 0.000 0.000 0.000 0.000 0.000 0.000 0.000 0.000 0.000 63.290 60.295 60.306 60.323 60.347 59.363 61.373 65.380 66.382
102.319 103.319 103.319 103.319 103.319 103.318 103.318 103.318 103.317 104.317 99.317 106.316 30.316 9.315 59.315 78.314 101.314 103.314 104.314 92.314 6.314 0.000 0.000 0.000 0.000 0.000 0.000 0.000 0.000 0.000 0.000 56.409 61.424 61.442 60.464 62.497 62.521 62.547 62.571 62.579 79.568 84.541 61.502 62.457 62.409 62.361 67.313 90.269 70.233 0.000 0.000 0.000 0.000 0.000 0.000 0.000 0.000 0.000 0.000 0.000 0.000 0.000 0.000 0.000 16.297 67.304 63.317 64.344 62.392 58.414 65.429 66.441 64.451
99.319 104.319 103.319 103.319 103.319 103.319 103.318 103.318 103.318 103.317 104.317 97.316 81.316 72.315 66.315 93.314 103.314 103.314 108.314 11.313 0.000 0.000 0.000 0.000 0.000 0.000 0.000 0.000 0.000 0.000 0.000 0.000 0.000 0.000 0.000 62.553 62.577 62.620 62.674 62.694 78.682 85.647 62.599 62.545 62.491 62.441 62.395 68.353 21.321 0.000 0.000 0.000 0.000 0.000 0.000 0.000 0.000 0.000 0.000 0.000 0.000 0.000 0.000 0.000 0.000 4.308 2.312 0.000 8.464 67.473 65.488 66.505 63.525
99.320 104.320 103.319 103.319 103.319 103.319 103.319 103.318 103.318 103.317 104.317 89.316 68.316 67.315 76.315 100.314 103.314 103.313 109.313 14.313 5.313 0.000 0.000 0.000 0.000 0.000 0.000 0.000 0.000 0.000 0.000 0.000 0.000 0.000 0.000 58.583 62.614 59.682 62.813 62.840 81.818 85.767 62.701 62.633 62.571 62.517 62.471 59.430 9.375 0.000 0.000 0.000 0.000 0.000 0.000 0.000 0.000 0.000 0.000 0.000 0.000 59.607 0.000 0.000 0.000 0.000 0.000 1.550 63.526 64.528 66.543 66.567 63.599
102.320 103.320 103.320 103.320 103.319 103.319 103.319 103.318 103.318 103.317 103.317 100.316 77.316 78.315 95.315 102.314 103.313 103.313 110.313 27.313 0.000 0.000 0.000 0.000 0.000 0.000 0.000 0.000 0.000 0.000 0.000 0.000 0.000 0.000 0.000 0.000 58.614 0.000 62.054 63.036 90.983 77.902 62.806 62.716 62.642 75.585 65.543 60.519 0.000 0.000 0.000 0.000 0.000 0.000 0.000 0.000 0.000 0.000 0.000 0.000 11.607 70.607 55.607 0.000 0.000 0.000 1.585 64.573 67.565 66.571 63.589 59.620 59.666
103.320 103.320 103.320 103.320 103.320 103.320 103.319 103.319 103.318 103.318 103.317 103.316 105.316 105.315 104.314 103.314 103.313 105.313 94.312 37.312 0.000 0.000 0.000 0.000 0.000 0.000 0.000 0.000 0.000 0.000 0.000 0.000 0.000 0.000 0.000 0.000 0.000 0.000 62.315 63.265 97.177 66.052 62.905 62.782 74.695 83.636 62.599 62.584 61.600 0.000 0.000 0.000 0.000 0.000 0.000 0.000 0.000 0.000 0.000 0.000 0.000 66.607 67.607 54.606 1.605 60.602 62.596 66.591 65.592 63.601 62.622 58.658 66.715
102.321 101.321 103.321 103.320 103.320 103.320 103.320 103.319 103.319 103.318 103.317 103.316 103.316 103.315 103.314 103.313 104.313 87.312 15.312 6.311 64.311 78.310 24.310 0.000 0.000 5.310 0.000 0.000 0.000 0.000 0.000 0.000 0.000 0.000 0.000 4.327 4.297 1.143 58.625 69.532 92.407 63.225 59.981 62.812 62.721 62.666 62.633 62.617 62.616 59.616 0.000 0.000 0.000 0.000 0.000 0.000 0.000 0.000 0.000 0.000 0.608 61.608 57.607 63.607 58.606 66.605 66.604 65.604 61.609 64.620 59.641 58.674 58.731
92.321 92.321 101.321 103.321 103.321 103.320 103.320 103.320 103.319 103.318 103.317 104.317 105.316 103.315 103.314 103.313 103.312 25.311 9.311 64.311 74.310 84.310 83.310 76.310 68.310 9.310 0.000 0.000 0.000 0.000 0.000 0.000 0.000 0.000 4.376 63.357 66.308 66.191 62.966 61.832 70.694 58.460 0.000 58.762 62.713 62.675 62.650 62.635 61.630 0.000 0.000 0.000 0.000 0.000 0.000 0.000 63.609 74.609 0.000 0.000 62.608 60.608 60.608 57.608 65.608 66.608 66.610 63.613 66.620 66.630 64.646 59.667 48.689
74.322 79.322 98.322 104.322 103.321 103.321 103.321 103.320 103.319 103.319 105.318 91.317 87.316 102.315 107.314 104.312 99.311 81.310 84.310 90.310 84.310 85.310 64.310 57.310 3.310 0.310 0.000 0.000 0.000 0.000 0.000 0.344 1.344 0.000 54.396 60.415 63.389 63.320 63.216 63.135 65.079 0.000 0.000 0.000 57.692 62.671 62.655 62.645 62.640 0.640 0.000 0.000 0.000 0.000 0.000 23.609 80.609 62.609 60.609 60.609 60.608 60.608 58.609 63.609 66.610 66.611 62.614 66.619 66.626 65.635 59.647 60.659 50.669
58.322 73.322 92.322 105.322 106.322 106.322 104.321 103.321 104.320 103.319 104.318 42.317 13.316 61.315 79.313 100.312 107.310 105.309 105.309 91.309 14.309 0.000 0.000 0.000 0.000 0.000 0.000 0.000 0.000 9.344 11.344 1.344 1.344 1.344 0.000 59.520 63.512 61.484 62.443 64.414 65.406 0.000 0.000 0.000 0.000 55.663 62.655 62.649 59.644 0.000 0.000 0.000 0.000 0.000 0.000 0.000 22.609 76.609 59.609 59.609 60.609 59.609 59.609 65.609 66.610 64.612 52.616 5.622 70.630 64.638 64.646 64.653 50.659
22.322 44.323 77.323 83.323 77.323 79.323 96.322 104.321 100.321 93.320 92.319 27.318 0.000 0.000 0.000 37.311 72.309 98.307 105.306 2.308 0.000 0.000 0.000 0.000 0.000 0.000 0.000 0.000 0.000 51.344 72.344 17.344 2.344 1.344 0.000 59.633 65.655 64.660 73.659 74.672 64.726 9.882 0.000 0.000 0.000 0.000 59.653 60.651 0.000 0.000 0.000 0.000 0.000 0.000 0.000 0.000 0.000 81.609 84.609 64.609 58.609 56.609 66.609 66.609 61.610 0.000 0.000 0.000 11.636 69.641 66.646 66.650 56.653
0.000 0.000 58.325 67.325 19.324 5.324 68.323 97.322 88.321 84.320 98.319 65.318 25.317 0.000 0.000 0.000 0.000 43.305 74.302 0.000 0.000 0.000 0.000 0.000 0.000 0.000 0.000 0.000 0.000 0.000 56.344 74.344 5.344 0.000 0.000 50.723 64.814 62.843 92.860 85.888 63.944 66.039 12.142 0.000 0.000 0.000 54.653 0.000 0.000 0.000 0.000 0.000 0.000 0.000 0.000 0.000 0.000 0.000 69.609 86.609 71.609 65.609 66.609 61.609 0.000 0.000 0.000 0.000 0.000 61.644 66.646 66.649 61.651
0.000 0.000 54.327 99.326 56.326 5.325 57.324 89.323 91.322 102.321 104.320 107.318 113.316 52.314 21.312 0.000 0.000 0.000 14.294 9.290 0.278 2.267 0.000 0.000 0.000 0.000 0.000 0.000 0.000 0.000 57.344 72.344 2.344 9.345 13.345 0.000 58.035 66.039 96.051 78.077 66.123 65.186 70.246 0.000 0.000 0.000 0.000 0.000 0.000 0.000 0.000 0.000 0.000 0.000 0.000 0.000 0.000 0.000 0.000 7.609 74.609 64.609 62.609 0.000 0.000 0.000 0.000 0.645 60.645 59.645 61.647 55.648 0.000
27.331 42.331 76.329 94.328 102.327 71.326 84.325 107.324 104.323 103.322 103.320 103.318 103.316 109.314 112.311 68.306 27.302 9.297 72.292 86.285 79.276 81.266 37.256 13.247 10.241 0.000 0.000 0.000 0.000 0.000 36.344 58.344 64.344 64.345 67.345 26.345 59.253 88.226 90.226 67.246 65.283 65.337 68.409 13.525 8.576 0.000 0.000 0.000 0.000 0.000 0.000 0.000 0.000 0.000 0.000 0.000 0.000 0.000 0.000 0.000 0.609 0.609 8.609 0.000 0.000 0.000 0.000 62.645 57.645 55.645 0.000 0.000 0.000
100.332 103.331 103.331 101.330 99.329 100.328 102.327 102.325 103.324 104.323 104.321 103.319 96.316 100.314 103.310 107.306 111.302 112.297 104.291 100.284 97.276 92.266 94.255 87.245 43.234 21.223 0.000 0.000 0.000 0.000 0.000 0.000 0.000 0.000 0.000 83.437 72.405 101.385 92.383 79.398 66.428 65.471 65.527 69.590 65.628 0.000 0.000 0.000 0.000 0.000 0.000 0.000 0.000 0.000 0.000 0.000 0.000 0.000 0.000 0.000 0.000 0.000 0.000 0.000 0.000 0.000 0.000 0.000 0.000 0.000 0.000 0.000 0.000
103.333 98.333 96.332 95.331 89.330 86.329 87.328 87.327 93.325 98.324 98.322 91.319 75.317 90.314 103.311 103.307 103.302 103.297 103.292 103.285 104.277 104.267 107.255 108.242 108.228 108.212 47.194 0.000 0.000 0.000 0.000 0.000 0.000 0.000 0.000 55.562 81.543 86.528 70.524 87.535 75.558 65.593 65.636 68.682 11.716 0.000 0.990 0.998 0.000 0.000 0.000 0.000 0.000 0.000 0.000 0.000 0.000 0.000 0.000 0.000 0.000 0.000 0.000 0.000 0.000 0.000 0.000 0.000 0.000 0.000 0.000 0.000 0.000
73.335 46.334 68.334 82.333 80.332 60.331 45.330 41.328 61.327 78.325 77.323 70.321 65.318 75.315 96.312 104.308 103.304 103.299 103.293 103.287 103.279 107.269 82.255 70.240 69.224 73.204 76.175 15.128 4.081 0.724 0.553 0.000 0.000 0.000 0.000 53.704 89.680 72.658 64.651 74.658 85.677 69.706 65.743 65.786 71.839 15.931 9.982 2.005 1.021 7.021 5.021 0.000 0.000 0.000 0.000 0.000 0.000 0.000 0.000 0.000 0.000 0.000 0.000 0.000 0.000 0.000 0.000 0.000 0.000 0.000 0.000 0.000 0.000
63.336 34.336 56.336 71.335 67.334 44.333 30.332 34.330 54.328 68.327 66.324 66.322 67.319 65.316 84.313 101.309 103.305 103.301 103.296 103.291 102.284 65.277 0.000 0.000 0.000 0.000 0.000 0.000 0.000 60.154 80.136 32.109 18.082 14.048 60.987 77.872 94.813 71.772 65.763 63.770 80.787 82.812 68.843 65.880 65.922 68.972 78.007 16.026 11.036 0.000 20.021 0.000 0.000 0.000 0.000 0.000 0.000 0.000 0.000 0.000 0.000 0.000 0.000 0.000 0.000 0.000 0.000 0.000 0.000 0.000 0.000 0.000 0.000
76.339 72.338 67.338 66.337 67.336 69.335 70.334 73.332 72.330 68.328 67.326 67.324 67.321 66.318 73.315 95.311 104.307 103.304 105.300 77.295 43.290 0.000 0.000 0.000 0.000 0.000 0.000 0.000 0.000 25.142 47.129 50.109 54.089 68.076 65.040 85.983 82.930 56.854 63.860 65.871 67.889 80.911 72.938 67.968 65.999 65.028 82.047 73.054 67.054 0.000 0.000 0.000 0.000 0.000 0.000 0.000 0.000 0.000 0.000 0.000 0.000 0.000 0.000 0.000 0.000 0.000 0.000 0.000 0.000 0.000 0.000 0.000 0.000
66.341 67.341 67.340 67.339 67.339 67.337 67.336 67.334 67.333 67.330 67.328 67.326 67.323 67.320 65.317 86.313 103.310 105.306 101.303 27.301 0.000 0.000 0.000 0.000 0.000 0.000 0.000 0.000 0.000 0.000 0.000 0.000 0.000 52.126 69.115 95.091 69.068 0.000 51.953 66.966 64.985 69.007 70.030 79.054 68.077 66.094 65.100 61.088 2.071 0.000 0.000 0.000 0.000 0.000 0.000 0.000 0.000 0.000 0.000 0.000 0.000 0.000 0.000 0.000 0.000 0.000 0.000 0.000 0.000 0.000 0.000 0.000 25.637
67.343 67.343 67.343 67.342 67.341 67.340 67.338 66.337 66.335 67.333 67.330 67.328 67.325 67.322 66.319 74.315 89.312 100.309 88.306 14.305 0.000 0.000 0.000 0.000 0.000 0.000 0.000 0.000 0.000 0.000 0.000 0.000 0.000 29.187 78.204 103.195 13.185 0.000 50.033 68.056 66.079 65.100 73.122 84.142 72.161 66.173 70.169 3.129 0.000 0.000 0.000 0.000 0.000 0.000 0.000 0.000 0.000 0.000 0.000 0.000 0.000 0.000 0.000 0.000 0.000 0.000 0.000 0.000 0.000 0.000 0.000 0.000 82.716
67.346 67.346 67.346 67.345 67.344 67.343 67.341 71.339 72.338 68.335 67.333 67.330 67.327 67.324 67.321 66.317 69.314 78.311 78.308 19.306 0.000 0.000 0.000 0.000 0.000 0.000 20.981 0.000 0.000 0.000 0.000 0.000 0.000 1.339 82.320 97.302 20.291 0.000 34.089 65.145 66.173 66.194 65.214 70.232 72.251 68.266 70.276 0.000 0.000 0.000 0.000 0.000 0.000 0.000 0.000 0.000 0.000 0.000 0.000 0.000 0.000 0.000 0.000 0.000 0.000 0.000 0.000 0.000 0.000 0.000 0.000 66.939 75.848
67.349 67.349 67.349 67.348 67.347 67.346 66.344 78.342 83.340 70.338 67.336 67.333 67.330 67.327 67.323 67.319 67.316 66.312 69.309 50.307 0.000 0.000 0.000 0.000 0.000 62.981 83.981 45.978 36.970 35.959 0.000 0.000 0.000 63.504 105.442 79.402 79.385 6.404 0.000 51.263 68.275 66.290 66.306 64.323 80.343 84.365 78.393 1.486 0.000 0.000 0.000 0.000 0.000 0.000 0.000 0.000 0.000 0.000 0.000 0.000 0.000 0.000 0.000 0.000 0.000 0.000 0.000 0.000 0.000 0.000 41.102 92.030 77.956
67.353 67.352 67.352 67.351 67.350 67.349 66.347 79.346 85.344 69.341 67.339 67.336 67.333 67.329 67.325 67.322 67.317 67.313 67.309 73.305 44.300 0.000 0.000 0.000 2.982 25.982 40.982 62.984 70.973 74.948 48.900 24.835 59.747 97.622 95.541 75.478 57.443 15.424 0.000 51.369 68.375 67.384 70.397 65.413 74.433 97.459 94.497 39.564 3.621 19.648 0.000 0.000 0.000 0.000 0.000 0.000 0.000 45.153 75.153 79.153 0.000 0.000 88.153 149.153 0.000 0.000 0.000 0.000 0.000 0.000 78.174 134.123 117.062
64.356 65.356 66.356 66.355 67.354 67.352 65.351 80.349 83.347 66.345 67.342 67.339 67.336 67.332 67.328 67.324 67.319 67.314 67.309 67.303 73.296 53.286 4.279 0.000 0.000 0.000 0.000 39.004 69.989 65.961 68.917 72.858 84.784 101.697 85.620 53.528 3.486 0.000 0.000 50.469 67.470 70.475 83.484 69.498 79.516 80.540 99.573 103.614 86.652 36.675 0.000 0.000 0.000 0.000 0.000 0.000 0.000 0.000 36.153 64.153 78.153 110.153 148.153 71.153 0.000 0.000 0.000 0.000 0.000 64.387 74.298 75.228 78.164
85.360 80.360 75.359 73.359 69.358 65.356 65.355 80.353 83.351 65.348 67.345 67.342 67.339 67.335 67.331 67.326 66.321 65.316 66.310 66.302 66.294 72.284 49.272 26.257 1.242 0.000 0.000 38.039 76.019 69.988 64.948 77.897 100.834 94.763 62.714 0.000 0.000 0.000 0.000 48.567 66.563 71.562 78.568 73.578 78.593 77.613 90.639 84.668 77.697 50.724 5.755 0.000 0.000 0.000 0.000 0.000 0.000 0.000 0.000 32.153 110.153 113.153 116.153 1.153 11.153 0.153 0.000 7.552 41.552 69.477 138.399 102.336 134.223
105.364 104.364 100.363 95.363 91.362 86.360 81.359 77.357 72.355 66.352 67.349 67.346 67.343 67.339 66.334 68.330 74.324 79.318 78.311 76.303 70.294 65.282 69.269 75.251 39.227 20.192 24.151 58.094 81.059 72.026 67.990 90.947 102.893 58.805 3.760 0.000 0.000 11.744 18.724 52.670 65.651 70.644 86.646 76.653 69.665 62.681 68.701 86.723 83.746 89.768 8.787 0.000 0.000 0.000 0.000 0.000 0.000 0.000 0.000 0.000 0.000 0.000 0.000 0.000 8.153 0.000 0.000 0.000 76.628 67.567 77.501 100.397 76.573
