results4_8e4_rain/res_4e8f-0231.wd
ncols         241
nrows         181
xllcorner     12693529.787448
yllcorner     3542525.717860
cellsize      155.156523
NODATA_value  -9999.000000
[rows 66 to 98 of 181, columns 146 to 218 of 241]
38.509 53.446 75.386 76.331 76.281 76.235 76.194 76.155 76.121 79.092 15.074 0.000 2.936 0.000 0.000 0.000 0.000 1.442 48.442 23.442 0.000 30.440 60.439 60.438 60.438 67.437 73.436 73.434 73.431 73.427 73.422 73.417 73.412 73.406 73.400 75.396 60.392 61.389 53.388 0.000 0.000 0.000 0.000 0.000 29.716 36.706 45.687 39.649 17.598 15.566 30.541 51.516 59.492 53.468 48.444 48.419 38.395 35.370 35.346 38.322 59.299 71.276 66.253 55.232 62.211 69.191 73.171 73.153 72.135 72.118 72.101 72.086 72.071
41.570 60.507 78.446 76.392 76.343 76.299 76.258 76.221 81.186 70.157 40.144 37.162 0.000 0.000 0.000 0.000 0.000 19.442 21.442 0.000 0.000 0.000 30.436 61.436 70.435 73.434 73.433 73.431 73.428 77.425 75.421 73.417 73.412 73.408 72.403 64.399 58.395 64.393 54.391 0.000 0.000 0.000 0.000 21.708 35.709 40.704 36.697 0.000 2.550 12.535 32.516 35.496 49.474 58.452 47.429 46.405 44.381 35.356 35.332 34.308 40.284 64.260 71.238 56.216 58.195 60.174 62.155 66.136 70.118 72.101 73.084 72.068 72.053
46.630 67.564 77.501 76.446 76.399 76.358 74.320 73.283 28.246 13.207 44.184 50.180 15.183 0.000 0.000 0.000 0.000 0.000 0.000 0.000 0.000 14.433 43.434 63.433 73.433 73.432 73.431 73.429 73.427 75.424 74.421 73.417 73.414 74.410 64.406 62.402 65.398 60.394 52.393 0.000 0.000 0.000 0.000 39.707 42.706 4.704 3.700 0.000 7.517 40.508 42.494 52.476 55.457 66.436 64.414 52.391 41.367 33.342 35.317 35.293 30.268 44.245 61.221 65.199 70.178 67.157 60.137 65.118 68.100 68.083 66.066 68.050 71.035
51.688 74.618 78.548 79.492 76.450 77.414 72.380 18.347 2.307 43.239 44.205 49.190 57.187 0.000 0.000 0.000 0.000 0.000 0.000 0.000 0.000 26.432 49.432 62.432 74.431 73.430 73.429 73.427 73.425 74.423 73.421 73.418 73.415 70.412 64.408 29.404 2.401 0.000 0.000 0.000 0.000 0.000 0.000 35.707 42.707 0.000 0.000 0.000 57.493 43.486 38.474 66.459 71.442 72.422 76.401 70.378 58.353 38.328 35.303 35.277 33.252 34.228 40.204 41.182 48.160 56.139 63.119 67.100 68.081 69.064 65.048 68.032 69.017
33.748 38.673 48.582 24.523 81.496 78.468 63.441 40.416 10.397 0.000 0.000 0.000 0.000 0.000 0.000 0.000 0.000 0.000 0.000 0.000 0.000 27.431 52.430 55.430 71.429 73.429 73.428 73.426 77.425 76.423 73.421 73.418 74.416 65.414 68.413 0.000 0.000 0.000 0.000 0.000 0.000 0.000 0.000 0.000 29.707 38.707 0.000 0.000 88.476 51.469 33.458 64.444 72.428 72.410 72.389 75.366 74.341 54.314 37.288 35.262 33.236 36.211 37.186 45.163 50.141 39.120 39.099 44.080 49.062 55.045 60.028 64.012 67.997
79.816 58.744 0.000 0.000 85.544 77.520 64.499 46.480 13.467 0.000 0.000 0.000 0.000 0.000 0.000 0.000 0.000 0.000 0.000 0.000 0.000 0.000 13.429 57.428 73.428 73.427 73.426 73.425 75.424 74.422 73.421 73.419 74.418 62.416 72.415 0.000 0.000 0.000 0.000 0.000 0.000 0.000 0.000 0.000 0.000 5.707 13.707 0.000 25.466 41.456 34.444 64.432 72.417 72.400 73.380 73.356 73.329 66.301 42.273 38.246 36.219 33.193 54.168 66.144 72.121 56.099 49.079 45.060 43.041 40.024 40.008 39.992 67.977
55.895 0.000 0.000 82.733 82.615 80.569 71.555 56.540 12.523 0.000 0.000 0.000 0.000 0.000 0.000 0.000 0.000 0.000 0.000 0.000 0.000 0.000 39.427 62.427 74.427 73.426 73.425 74.425 73.423 73.422 73.421 73.420 74.419 67.418 32.417 0.000 0.000 0.000 0.000 0.000 0.000 0.000 0.000 0.000 0.000 0.000 0.000 0.000 0.000 38.444 37.432 55.421 70.409 73.394 67.374 63.348 69.319 60.287 43.257 42.229 51.201 46.174 69.148 73.123 72.100 70.078 70.058 67.038 65.020 62.003 57.987 49.971 69.957
82.942 72.941 78.910 34.850 0.000 1.591 77.611 51.601 12.562 0.000 14.817 0.000 0.000 0.000 0.000 0.000 0.000 0.000 0.000 0.000 0.000 2.426 55.426 67.426 74.426 73.425 73.425 75.424 75.423 73.422 73.421 73.420 72.419 68.419 17.418 0.000 0.000 0.000 0.000 0.000 0.000 0.000 0.000 0.000 0.000 0.000 0.000 0.000 0.407 0.000 26.418 52.412 70.403 71.391 52.374 55.345 57.312 54.271 39.240 36.212 59.183 68.154 72.126 74.101 74.077 75.055 73.035 73.016 73.998 72.981 73.965 73.950 72.935
84.990 76.970 81.940 32.907 0.000 0.000 68.696 16.690 0.000 0.000 46.817 9.817 0.000 0.000 0.000 0.000 0.000 0.000 0.000 0.000 0.000 1.425 58.425 70.425 74.425 73.425 73.424 74.424 74.423 73.422 73.421 74.421 70.420 65.419 15.419 0.000 0.000 0.000 0.000 0.000 0.000 0.000 0.000 0.000 0.000 0.000 0.000 0.000 18.407 20.408 31.410 47.407 69.401 71.394 17.387 0.000 0.000 44.246 38.221 33.195 47.165 66.132 72.102 74.077 74.053 74.031 72.011 71.992 72.974 71.958 71.942 72.927 72.913
77.057 77.011 76.971 74.932 61.898 47.852 40.788 39.773 35.800 38.812 41.817 41.818 13.818 0.000 0.000 0.000 0.000 0.000 19.424 21.424 0.000 11.425 57.425 71.425 73.424 73.424 73.424 73.423 73.423 73.422 73.421 73.421 55.420 50.420 48.420 43.420 7.420 0.000 0.000 0.000 0.000 0.000 0.000 0.000 0.000 0.000 0.000 0.000 22.406 48.407 39.406 43.404 63.401 64.397 37.393 0.000 0.000 0.000 35.202 40.183 39.151 58.105 71.076 72.050 72.027 72.005 71.986 71.967 71.950 71.934 71.919 71.904 71.890
77.098 77.048 76.999 75.953 72.911 74.869 48.830 27.813 65.815 38.819 42.820 18.819 0.000 0.000 0.000 0.000 0.000 0.000 19.424 65.424 14.424 2.424 56.424 70.424 74.424 73.424 75.423 76.423 74.422 73.422 73.421 71.421 64.421 55.420 56.420 55.420 8.420 0.000 0.000 0.000 0.000 0.000 0.000 0.000 0.000 0.000 0.000 0.000 16.406 51.405 43.405 50.403 65.401 60.398 66.396 0.000 0.000 0.000 0.000 0.000 0.000 48.063 71.044 72.022 71.999 71.978 71.959 71.941 71.925 71.909 71.894 71.880 71.867
77.135 77.083 78.024 79.970 76.923 76.882 75.852 76.835 67.829 45.827 17.827 0.000 0.000 0.000 0.000 0.000 0.000 0.000 6.424 58.424 45.424 35.424 51.424 73.424 73.424 73.423 73.423 73.423 73.422 73.422 73.422 73.421 71.421 50.421 54.420 61.420 4.420 0.000 0.000 0.000 0.000 0.000 0.000 0.000 0.000 0.000 0.000 0.000 12.405 63.405 7.404 30.403 53.400 60.399 21.398 0.000 0.000 0.000 0.000 0.000 0.000 2.040 60.017 72.993 71.970 71.949 71.930 71.914 71.898 71.883 71.869 71.856 71.843
80.175 76.125 73.044 74.981 77.930 77.885 79.860 76.846 74.838 61.835 10.833 0.000 0.000 0.000 0.000 0.000 0.000 0.000 0.000 14.424 49.424 41.424 57.424 75.423 73.423 73.423 73.423 73.423 73.422 73.422 73.422 73.421 74.421 63.421 50.421 54.420 60.420 2.420 0.000 0.000 0.000 0.000 0.000 0.000 0.000 0.000 0.000 0.000 0.000 8.405 0.000 0.000 38.400 57.399 0.000 0.000 0.000 0.000 0.000 0.000 0.000 0.000 47.990 68.963 71.938 71.918 71.900 71.885 71.871 71.857 71.844 71.831 71.818
73.223 34.200 0.000 0.000 0.000 69.868 74.858 80.849 76.843 65.840 15.839 0.000 49.844 19.844 0.000 0.000 0.000 0.000 0.000 0.000 41.423 45.423 66.423 74.423 75.423 76.423 73.423 73.422 73.422 73.422 73.422 73.421 73.421 74.421 53.421 35.421 44.420 5.420 0.000 0.000 0.000 0.000 0.000 0.000 0.000 0.000 0.000 0.000 0.000 0.000 0.000 0.000 27.400 60.400 0.000 0.000 0.000 0.000 0.000 0.000 0.000 0.000 0.000 48.932 68.901 71.883 71.868 71.855 71.843 71.831 71.818 71.806 71.793
68.264 25.251 0.000 0.000 44.860 42.860 59.855 78.850 75.846 60.843 41.842 45.843 49.844 15.844 0.000 0.000 0.000 0.000 12.423 0.000 42.423 53.423 73.423 73.423 76.423 76.423 73.422 73.422 73.422 73.422 73.422 73.421 73.421 74.421 70.421 65.421 54.420 34.420 28.420 0.000 0.000 0.000 0.000 0.000 0.000 0.000 0.000 0.000 0.000 0.000 0.000 0.000 29.400 21.400 0.000 0.000 0.000 0.000 0.000 0.000 0.000 0.000 0.000 0.000 53.852 69.845 71.835 71.825 71.815 71.804 71.793 71.781 71.768
74.296 55.288 27.296 0.000 0.000 44.856 44.853 66.850 78.847 56.845 43.844 48.844 26.844 0.000 0.000 0.000 0.000 0.000 41.423 34.423 39.423 56.423 75.423 75.423 76.423 73.423 73.422 73.422 73.422 73.422 73.422 73.421 73.421 73.421 73.421 75.421 64.420 52.420 41.420 42.420 35.420 26.420 31.420 0.000 0.000 0.000 0.000 0.000 0.000 0.000 0.000 0.000 32.400 7.400 0.000 0.000 0.000 0.000 0.000 0.000 0.000 0.000 0.000 0.000 38.811 66.808 70.802 71.795 71.787 71.778 71.768 71.756 71.743
77.320 68.311 21.304 0.000 0.000 0.000 43.851 48.849 75.847 63.846 44.845 47.845 22.845 0.000 0.000 0.000 0.000 0.000 44.423 37.423 40.423 58.423 77.423 76.423 74.423 74.422 73.422 73.422 73.422 73.422 73.421 74.421 74.421 74.421 68.421 59.421 63.420 70.420 63.420 61.420 49.420 36.420 43.420 1.420 0.000 0.000 0.000 0.000 0.000 0.000 0.000 0.000 0.000 0.000 0.000 0.000 0.000 0.000 0.000 0.000 0.000 0.000 0.000 0.000 30.773 61.773 71.771 73.767 73.761 73.753 72.744 71.732 71.719
77.339 52.334 0.000 0.000 0.000 0.000 0.000 50.848 63.847 57.846 56.845 53.845 43.845 21.845 0.000 0.000 0.000 0.000 43.423 36.423 41.423 56.423 68.423 65.423 60.423 62.422 67.422 72.422 74.422 74.422 72.421 62.421 60.421 65.421 54.421 51.421 51.420 62.420 66.420 61.420 47.420 36.420 8.420 0.000 0.000 0.000 0.000 0.000 0.000 0.000 0.000 0.000 0.000 0.000 0.000 0.000 0.000 0.000 0.000 0.000 1.636 0.000 0.000 0.000 18.736 43.740 49.741 51.740 51.736 52.731 61.722 70.711 71.696
76.354 42.350 0.000 0.000 0.000 0.000 0.000 45.847 39.847 38.846 46.846 46.845 46.845 42.845 15.845 0.000 0.000 0.000 48.423 43.423 48.423 58.423 61.423 64.423 22.423 0.000 0.000 13.422 74.422 71.422 60.421 15.421 0.000 0.000 53.421 85.420 78.420 57.420 63.420 57.420 46.420 31.420 34.420 0.000 0.000 0.000 0.000 0.000 0.000 0.000 0.000 0.000 0.000 0.000 0.000 0.000 0.000 0.000 14.636 4.636 22.636 43.642 54.652 53.668 71.696 79.708 80.713 78.715 80.714 67.711 50.704 68.692 71.674
74.366 39.363 0.000 0.000 0.000 0.000 0.000 45.847 41.847 20.846 0.000 0.000 0.845 0.000 0.000 0.000 0.000 0.000 54.423 48.423 43.423 39.423 25.423 0.000 0.000 0.000 0.000 0.000 0.000 0.000 47.421 9.421 0.000 0.000 0.000 48.420 81.420 41.420 42.420 41.420 37.420 40.420 87.420 46.420 0.000 0.000 5.419 0.000 0.000 0.000 0.000 0.000 0.000 0.000 0.000 0.000 13.608 4.608 0.000 0.000 8.631 90.636 86.645 68.657 69.673 66.683 67.689 89.693 82.695 68.694 48.691 57.681 56.658
60.375 41.373 35.376 0.000 0.000 0.000 0.000 0.000 43.847 27.846 0.000 0.000 0.000 0.000 0.000 0.000 0.000 0.000 54.423 54.423 55.423 38.423 13.423 0.000 0.000 0.000 0.000 0.000 0.000 0.000 43.421 20.421 0.000 0.000 0.000 47.420 96.420 60.420 63.420 58.420 43.420 61.420 115.420 112.420 43.420 0.420 27.419 24.419 0.000 0.000 0.000 0.000 0.000 0.000 0.000 0.000 3.608 21.608 11.610 9.614 18.622 93.628 60.635 68.644 59.653 40.662 51.668 94.673 60.677 47.680 54.685 8.683 0.000
44.381 44.379 30.379 0.000 0.000 0.000 0.000 0.000 0.000 0.000 0.000 0.000 0.000 0.000 0.000 0.000 0.000 0.000 57.423 48.423 42.423 40.423 14.423 0.000 0.000 0.000 0.000 0.000 0.000 40.421 33.421 58.421 54.421 0.000 6.420 53.420 59.420 51.420 94.420 83.420 54.420 7.420 71.420 126.420 10.420 0.000 5.419 0.000 0.000 0.000 0.000 0.000 22.607 19.607 14.607 3.607 72.607 110.607 101.608 97.610 44.613 88.618 56.623 45.629 92.636 73.642 93.649 74.654 44.660 52.665 0.000 0.000 0.000
47.385 48.383 40.383 0.000 0.000 0.000 0.000 0.000 0.000 0.000 0.000 0.000 0.000 0.000 0.000 0.000 0.000 0.000 11.423 52.423 42.423 20.423 0.000 0.000 0.000 0.000 0.000 0.000 0.000 42.421 39.421 15.421 0.000 0.000 0.000 27.420 6.420 0.000 7.420 49.420 5.420 0.000 27.420 93.420 48.420 0.420 0.000 0.000 0.000 0.000 0.000 0.000 0.000 4.607 0.000 0.000 28.607 8.606 72.604 76.604 27.605 88.607 65.609 38.613 56.618 106.624 120.630 54.636 42.643 9.654 0.000 0.000 18.453
46.388 47.386 47.385 51.385 43.385 0.000 0.000 0.000 0.000 0.000 0.000 0.000 0.000 0.000 0.000 0.000 0.000 0.000 0.000 42.423 38.423 22.423 0.000 0.000 0.000 0.000 0.000 0.000 43.421 40.421 17.421 0.000 0.000 0.000 0.000 1.420 0.000 0.000 0.000 53.420 2.420 0.000 27.420 0.000 0.000 0.000 0.000 0.000 0.000 0.000 0.000 0.000 0.000 13.607 7.607 9.607 2.607 0.000 48.598 67.597 26.596 90.595 70.595 40.597 89.600 92.605 87.610 95.617 59.623 0.000 0.000 1.420 32.433
48.391 26.388 37.386 46.386 46.386 46.386 45.386 0.000 0.000 0.000 0.000 0.000 0.000 0.000 0.000 0.000 0.000 0.000 0.000 44.422 40.422 24.422 0.000 0.000 0.000 0.000 0.000 0.000 0.000 46.421 18.421 0.000 0.000 0.000 0.000 0.000 0.000 5.420 17.420 40.420 44.420 21.420 0.000 0.000 0.000 0.000 0.000 0.000 0.000 0.000 0.000 0.000 0.000 2.607 0.607 6.607 0.000 0.000 51.593 71.591 31.587 91.581 76.579 90.579 90.581 49.585 42.590 87.597 36.610 0.000 0.394 33.406 41.413
53.394 0.000 0.000 43.386 32.386 0.000 45.386 35.386 0.000 0.000 0.000 0.000 0.000 0.000 0.000 0.000 0.000 0.000 0.000 43.422 40.422 28.422 0.000 0.000 0.000 0.000 0.000 0.000 0.000 0.000 0.000 0.000 0.000 0.000 0.000 0.000 0.000 0.000 56.420 73.420 34.420 0.000 0.000 0.000 0.000 0.000 0.000 0.000 0.000 0.000 0.000 0.000 0.000 0.000 0.000 11.607 0.000 0.000 86.590 72.587 33.580 91.565 88.560 80.559 72.560 58.563 59.567 28.571 0.000 0.000 17.383 36.390 43.394
50.396 0.000 0.000 30.386 22.386 0.000 0.000 0.000 0.000 54.397 50.397 41.397 0.000 0.000 0.000 0.000 0.000 0.000 0.000 47.422 43.422 25.422 0.000 0.000 0.000 0.000 0.000 0.000 0.000 0.000 0.000 0.000 0.000 0.000 0.000 0.000 0.000 0.000 19.420 103.420 69.420 0.420 0.000 0.000 0.000 0.000 0.000 0.000 0.000 0.000 0.000 0.000 0.000 0.000 0.000 0.000 0.000 0.000 18.590 0.000 0.000 65.539 106.537 85.537 84.538 82.540 85.544 33.550 0.000 0.000 21.375 35.376 36.378
66.397 0.000 0.000 0.000 0.000 52.397 39.397 0.000 50.397 44.397 44.397 36.397 0.000 0.000 0.000 0.000 0.000 0.000 0.000 47.422 42.422 30.422 0.000 0.000 0.000 0.000 0.000 0.000 0.000 0.000 0.000 0.000 0.000 0.000 0.000 0.000 0.000 0.000 0.000 47.420 39.420 10.420 0.000 0.000 0.000 0.000 0.000 0.000 0.000 0.000 0.000 0.000 0.000 0.000 0.000 0.000 0.000 0.000 0.000 0.000 0.000 12.514 48.514 49.514 47.514 47.515 44.520 40.535 0.000 0.000 14.365 35.364 33.363
77.397 66.397 48.397 49.397 48.397 42.397 43.397 44.397 42.397 47.397 46.397 37.397 34.397 0.000 0.000 0.000 0.000 0.000 0.000 34.422 0.000 0.000 0.000 0.000 0.000 0.000 0.000 0.000 0.000 0.000 0.000 0.000 0.000 0.000 0.000 0.000 0.000 0.000 0.000 0.420 46.420 9.420 0.000 0.000 0.000 0.000 0.000 0.000 0.000 0.000 0.000 0.000 0.000 0.000 0.000 0.000 0.000 0.000 0.000 0.000 0.000 3.490 36.490 35.490 35.489 51.487 46.485 0.000 0.000 0.000 7.355 48.353 60.349
77.398 71.398 41.398 41.397 41.397 24.397 25.397 29.397 39.397 48.397 45.397 37.397 40.397 29.397 0.000 0.000 0.000 0.000 0.000 0.000 0.000 0.000 0.000 0.000 0.000 0.000 0.000 0.000 0.000 0.000 0.000 0.000 0.000 0.000 0.000 0.000 0.000 0.000 0.000 0.000 3.420 49.420 8.420 0.000 0.000 0.000 0.000 0.000 0.000 0.000 0.000 0.000 0.000 0.000 0.000 0.000 0.000 0.000 0.000 0.000 28.455 31.465 35.468 35.467 37.464 56.458 46.448 29.425 0.000 0.000 43.348 64.343 71.337
77.398 75.398 45.398 42.397 22.397 0.000 0.000 0.000 0.000 39.397 42.397 40.397 33.397 0.000 0.000 0.000 0.000 0.000 0.000 0.000 0.000 0.000 0.000 0.000 0.000 0.000 0.000 0.000 0.000 0.000 0.000 0.000 0.000 0.000 0.000 0.000 0.000 0.000 0.000 0.000 1.420 52.420 14.420 0.000 0.000 0.000 0.000 0.000 0.000 0.000 0.000 0.000 0.000 0.000 0.000 0.000 0.000 0.000 0.000 0.435 39.444 36.448 35.449 31.447 44.442 61.435 45.422 34.403 29.377 29.359 53.346 70.336 71.326
77.398 75.398 28.398 32.398 0.000 0.000 0.000 0.000 0.000 0.000 30.397 43.397 35.397 0.000 0.000 0.000 0.000 0.000 0.000 0.000 0.000 0.000 0.000 0.000 0.000 0.000 0.000 0.000 0.000 0.000 0.000 0.000 0.000 0.000 0.000 0.000 0.000 0.000 0.000 0.000 0.000 1.420 20.420 0.000 0.000 0.000 0.000 0.000 0.000 0.000 0.000 0.000 8.413 16.413 0.000 0.000 0.000 0.000 0.000 33.426 31.431 30.433 35.433 49.430 62.424 52.415 36.403 34.388 36.370 33.354 54.340 72.328 71.316
77.398 51.398 0.000 0.000 0.000 0.000 0.000 0.000 0.000 0.000 0.000 33.397 40.397 38.397 0.000 0.000 0.000 0.000 0.000 0.000 0.000 0.000 0.000 0.000 0.000 0.000 0.000 0.000 0.000 0.000 0.000 0.000 0.000 0.000 0.000 0.000 0.000 0.000 0.000 0.000 0.000 0.000 0.000 0.000 0.000 0.000 0.000 0.000 0.000 0.000 0.000 0.000 0.000 9.413 11.413 0.000 38.414 30.414 28.416 40.419 54.421 59.421 61.419 61.415 47.408 35.399 34.388 34.375 33.361 35.346 58.332 73.319 71.306
