results4_8e4_rain/res_4e8f-0225.wd
ncols         241
nrows         181
xllcorner     12693529.787448
yllcorner     3542525.717860
cellsize      155.156523
NODATA_value  -9999.000000
[rows 33 to 65 of 181, columns 146 to 218 of 241]
65.013 64.228 63.952 64.588 31.247 42.916 64.601 58.285 36.861 0.000 0.000 36.935 12.935 17.935 33.936 58.940 45.939 11.937 0.000 0.865 50.852 58.838 16.815 43.789 35.768 36.745 40.709 49.672 67.633 58.603 53.576 48.553 49.534 49.517 48.501 47.485 46.467 54.449 64.430 56.414 56.399 54.384 33.370 47.358 55.349 0.000 25.929 30.902 54.833 52.775 57.721 67.670 60.629 55.609 10.599 0.000 38.551 38.541 45.538 23.541 0.000 0.000 0.000 0.000 0.000 0.000 0.000 0.000 0.000 0.000 0.000 0.000 0.000
64.966 64.711 64.363 65.033 42.710 60.406 63.138 56.946 0.000 0.000 14.935 38.935 0.000 0.000 0.000 42.950 42.945 50.935 13.915 63.890 51.864 38.842 47.818 38.792 36.767 36.740 35.709 37.676 65.642 63.613 63.586 65.562 58.541 60.522 59.504 59.487 59.470 60.453 64.436 62.420 63.406 58.393 35.382 34.373 7.367 0.000 22.873 36.856 44.821 39.771 45.718 58.661 58.628 56.608 14.598 0.000 0.000 43.525 15.522 0.000 0.000 0.000 0.000 0.000 2.406 45.399 44.393 46.387 36.382 39.378 6.376 0.000 0.000
65.447 65.109 64.786 64.465 64.155 64.861 56.599 43.414 0.000 0.000 0.000 6.935 0.000 0.000 0.000 39.965 36.956 49.942 54.922 46.898 55.872 53.847 34.822 35.795 36.768 36.740 48.710 52.679 56.649 49.619 46.593 56.568 30.546 37.526 32.507 32.490 32.472 35.456 61.440 50.425 48.412 50.401 35.391 37.384 17.380 0.000 32.834 89.829 14.825 0.000 0.000 7.629 59.613 58.598 17.587 0.000 0.000 40.512 37.503 39.484 37.469 45.455 51.442 43.428 65.412 72.400 70.392 55.385 35.380 34.377 38.374 8.372 0.000
65.845 65.524 65.202 64.888 65.583 60.284 41.982 32.698 41.698 0.000 0.000 0.000 0.000 0.000 0.000 36.988 35.974 38.955 34.932 45.907 48.881 51.854 40.827 35.799 35.771 35.742 60.712 66.683 48.653 42.624 42.597 43.572 40.550 40.529 40.510 41.491 44.474 41.458 62.443 54.429 52.416 52.406 34.397 48.391 74.388 0.000 24.802 77.798 0.000 0.000 0.000 9.613 59.597 57.583 35.566 40.541 38.521 36.507 36.495 36.480 35.467 42.454 49.443 36.430 54.413 72.398 68.389 48.383 33.378 33.374 38.371 6.370 0.000
66.261 65.933 65.612 65.302 62.005 47.711 36.347 0.000 0.000 0.000 0.000 41.139 4.125 10.101 2.069 36.025 36.996 36.971 35.944 35.917 41.889 34.861 34.832 36.803 35.773 34.744 58.715 55.686 63.657 67.627 66.599 61.574 57.551 59.530 55.511 59.492 59.475 60.459 64.444 62.431 63.419 59.409 34.402 46.396 68.394 0.000 19.772 80.765 0.000 0.000 0.000 0.000 56.579 59.570 38.554 36.534 36.516 36.502 36.489 36.476 35.464 42.453 51.444 7.437 0.000 30.388 73.384 49.379 33.374 33.370 37.368 4.366 0.000
66.675 66.335 66.009 65.703 55.423 37.209 0.000 0.000 0.000 0.000 39.168 42.152 55.134 55.110 43.081 36.047 36.016 36.987 36.958 35.928 34.898 35.868 35.837 35.807 34.776 43.747 62.717 41.689 55.661 32.628 65.597 55.573 54.551 54.530 51.511 56.492 57.475 57.459 64.444 62.431 59.420 59.411 34.404 48.399 67.396 0.000 5.749 73.725 0.000 0.000 0.000 0.000 60.570 59.563 35.548 37.525 36.508 37.494 37.482 37.470 38.459 46.450 26.444 0.000 0.000 31.383 73.380 54.375 41.370 35.366 38.362 5.361 0.000
67.084 66.723 67.388 60.078 47.776 37.493 0.000 0.000 0.000 0.000 36.183 53.169 47.149 36.125 38.096 38.066 36.034 35.003 36.972 35.940 36.908 36.875 36.843 35.810 35.779 55.748 55.719 55.692 55.671 0.000 37.587 35.570 36.550 36.529 37.509 41.491 44.473 42.457 62.443 56.430 50.419 52.410 35.403 47.399 66.397 0.000 0.000 46.662 37.637 0.000 0.000 0.000 54.568 37.565 0.000 32.511 38.497 42.485 49.475 49.464 49.453 51.444 23.437 0.000 15.386 79.382 72.376 74.371 62.365 37.360 38.356 6.354 0.000
67.482 67.084 66.742 52.445 4.110 0.055 0.000 0.000 0.000 14.238 52.213 47.192 37.169 38.143 38.115 38.084 38.053 36.020 34.987 34.952 36.918 35.883 35.848 34.814 36.780 51.748 42.718 51.689 52.661 11.627 11.595 51.571 50.548 50.527 50.507 52.488 52.470 53.454 65.439 61.426 56.416 58.407 34.400 43.396 71.395 0.000 0.000 105.625 74.612 41.592 28.583 0.000 0.000 0.000 0.000 0.000 35.483 44.476 48.467 47.457 50.447 52.436 38.424 43.406 59.391 74.381 72.373 72.366 60.360 37.353 37.348 13.344 0.000
67.852 68.392 60.049 42.850 0.000 0.000 0.000 2.304 2.291 59.263 53.239 37.216 38.191 38.165 38.136 38.104 38.072 38.037 35.002 35.965 35.928 35.890 36.852 35.816 35.781 38.747 43.716 55.685 42.655 54.625 59.596 52.570 61.546 51.524 52.503 55.484 54.466 53.449 63.434 59.421 47.410 46.401 35.395 42.392 71.392 0.000 0.000 96.600 86.593 63.582 32.574 0.000 0.000 8.504 3.500 0.000 6.475 55.469 47.461 41.451 38.440 53.429 40.416 42.402 50.390 71.379 73.370 71.362 57.354 37.346 34.339 38.330 32.319
76.141 73.581 46.212 36.057 0.000 0.000 4.329 37.318 51.304 52.285 46.264 41.241 38.216 38.188 38.158 38.126 37.092 40.056 45.019 40.979 35.938 36.896 35.856 35.816 35.779 35.745 42.712 43.681 41.650 48.621 47.593 42.567 54.542 34.520 42.498 49.478 48.460 42.443 61.428 54.414 34.403 33.393 36.387 38.384 42.388 0.000 0.000 74.583 54.578 91.569 77.557 13.538 14.522 65.507 39.497 37.485 37.474 39.465 50.455 44.445 12.434 65.423 53.411 49.398 47.386 58.375 74.366 66.356 49.348 38.339 34.330 41.320 65.307
0.000 0.000 25.160 43.108 0.000 0.000 39.339 49.334 63.324 47.309 46.290 46.268 39.243 38.215 38.183 38.150 45.114 53.077 54.037 45.994 40.949 35.903 34.858 35.815 39.776 36.740 35.707 34.675 40.645 41.616 40.588 41.562 43.537 36.514 42.492 47.471 49.452 45.435 61.419 55.405 37.393 36.383 36.375 32.370 0.000 0.000 0.000 30.570 49.566 49.559 83.548 98.534 91.520 59.507 45.495 46.483 46.472 49.461 71.451 89.440 98.429 97.417 99.405 98.393 92.382 86.371 78.361 61.351 44.341 35.332 36.322 49.312 68.300
19.308 0.000 0.000 0.000 0.000 10.355 42.356 62.355 54.349 57.337 54.320 44.299 37.273 38.244 38.211 49.176 54.139 50.100 45.058 42.013 44.960 39.908 39.857 35.809 40.769 34.733 35.700 36.668 35.638 35.609 35.581 35.555 34.530 35.507 35.484 39.463 45.444 44.425 62.409 56.394 35.381 36.369 36.360 35.352 10.341 0.000 0.000 34.562 60.558 49.552 51.542 66.531 77.518 87.505 89.492 95.480 98.469 98.458 97.446 93.435 84.423 82.412 84.400 87.388 89.377 90.366 88.355 92.345 84.335 51.325 38.315 57.305 74.295
58.756 17.625 0.000 0.000 7.326 43.355 59.373 52.381 44.379 52.370 56.355 57.333 47.307 36.276 46.241 55.204 45.164 37.125 37.084 39.039 6.970 7.911 6.855 32.796 36.757 38.723 38.691 35.660 35.630 36.601 35.574 35.547 35.522 36.498 35.475 35.454 35.433 38.414 55.397 54.381 36.367 36.354 36.344 37.336 38.330 0.000 0.000 33.556 51.553 52.548 64.539 51.528 31.516 35.503 71.490 95.478 79.466 74.454 77.442 70.430 56.419 45.407 36.395 34.383 35.371 45.360 43.349 38.339 77.328 92.318 70.308 68.298 72.289
0.000 33.493 11.914 6.151 42.298 52.366 59.400 43.415 46.418 44.410 42.395 50.373 55.345 50.311 54.274 43.233 37.191 38.151 38.115 46.089 0.000 0.000 0.000 29.763 38.741 49.712 50.682 45.651 41.621 43.593 39.565 38.538 36.513 35.488 35.465 36.443 35.422 35.402 38.383 47.366 35.351 35.337 36.326 35.318 4.313 0.000 0.000 14.554 12.552 66.546 50.538 35.528 49.514 51.500 97.487 78.474 61.462 43.450 34.438 35.426 36.414 37.401 37.389 37.377 36.365 34.354 33.343 34.332 42.322 79.312 87.302 72.291 71.282
0.000 20.940 44.097 46.242 45.347 60.411 45.446 39.463 41.466 40.458 37.442 36.419 51.388 58.352 61.310 49.263 39.216 36.172 44.136 10.112 0.000 0.000 0.000 32.753 42.731 49.703 50.672 50.641 52.611 60.583 58.555 54.528 52.502 48.477 42.454 37.431 35.409 36.388 35.368 40.350 33.333 34.318 35.305 37.296 58.291 0.000 0.000 0.000 28.552 70.548 30.540 39.530 30.513 69.496 87.483 47.471 35.459 37.446 37.434 37.421 37.409 37.396 34.384 34.371 33.359 34.348 34.336 34.325 50.315 65.305 38.295 98.284 70.274
0.000 21.229 44.294 37.372 56.438 56.484 51.511 42.524 36.524 37.515 38.497 49.471 52.438 44.397 47.349 56.295 57.238 47.185 4.145 0.000 5.894 4.857 37.811 43.764 47.728 46.695 47.663 47.631 45.600 52.571 53.544 53.517 54.491 51.466 50.441 51.418 42.395 37.373 38.352 35.332 36.313 35.296 34.281 36.270 51.264 0.000 0.000 0.000 28.558 72.552 34.545 10.537 0.000 15.487 54.479 36.468 37.456 35.443 35.430 35.417 34.404 33.391 34.378 34.365 33.353 34.341 33.329 32.318 35.308 31.298 27.289 91.274 100.263
0.000 18.453 38.478 48.515 58.550 49.576 49.592 51.597 49.592 40.580 46.560 55.532 44.495 37.450 36.395 42.330 52.257 59.185 23.113 15.021 40.930 40.867 35.812 44.763 49.723 50.686 46.652 46.619 38.588 35.559 35.531 35.505 34.479 32.453 39.428 53.404 52.380 51.357 46.334 37.312 35.291 36.272 35.254 35.240 36.231 0.000 0.000 0.000 43.569 10.558 14.552 0.000 0.000 0.000 33.477 13.466 16.453 33.439 32.426 32.413 33.400 35.386 35.372 35.359 34.346 34.333 32.321 32.310 33.299 21.292 0.000 11.261 94.247
0.000 17.651 41.651 60.659 51.670 48.679 48.682 49.679 48.669 50.653 55.630 44.600 38.562 38.513 38.451 37.371 38.276 44.184 61.102 59.020 37.939 36.868 35.806 36.755 48.713 46.676 57.641 45.606 38.574 36.545 37.518 36.492 41.466 49.440 45.415 39.390 45.365 55.340 52.316 51.292 42.268 35.245 35.224 36.204 34.189 0.000 0.000 43.598 31.592 0.000 0.000 45.501 40.499 39.494 31.485 0.000 0.000 38.432 35.422 35.409 35.395 35.381 35.366 35.352 35.339 35.326 35.313 34.301 35.289 37.277 27.263 0.000 36.230
5.939 30.849 55.815 51.801 40.793 45.787 50.779 45.767 51.752 57.732 49.708 37.677 36.639 38.589 38.523 42.428 43.292 37.173 48.092 44.018 40.939 37.860 34.790 41.738 45.697 47.663 38.631 65.588 53.557 43.530 35.504 41.478 60.453 70.427 63.401 40.376 42.350 45.324 49.297 54.271 52.244 48.218 37.191 34.163 41.133 47.090 0.000 18.604 39.609 0.000 0.000 15.502 35.503 35.497 35.486 40.471 39.454 35.436 34.421 35.406 35.391 35.375 35.360 35.345 35.331 35.317 35.304 35.291 34.278 34.265 35.250 38.232 34.221
18.029 51.992 57.959 42.935 37.915 39.897 41.879 52.859 56.839 67.817 66.791 59.762 48.726 37.683 40.624 7.526 0.000 36.123 42.073 39.022 1.939 35.841 39.758 56.709 55.674 58.649 0.000 30.557 70.538 64.514 50.490 56.465 74.439 74.414 72.388 41.362 47.335 47.307 49.279 37.250 46.220 52.190 51.159 50.125 63.089 72.047 5.003 0.000 29.632 54.655 0.000 0.000 58.515 39.504 39.489 39.473 39.455 40.437 34.421 33.404 37.387 34.369 34.353 34.338 34.323 35.309 34.295 33.281 33.267 33.254 33.239 33.225 32.212
17.157 63.129 49.096 38.064 38.036 38.008 50.980 48.952 65.928 80.905 77.879 74.852 69.822 60.791 51.765 0.000 0.000 0.000 30.054 41.041 0.000 0.000 32.690 50.668 49.641 64.611 36.571 37.545 70.522 75.499 71.475 70.451 73.426 73.401 74.375 53.348 45.320 47.291 47.261 37.230 46.198 40.164 59.128 30.091 69.051 91.006 61.958 31.908 0.000 32.678 0.000 34.566 94.538 47.516 49.495 49.475 45.456 46.437 38.420 33.403 15.384 34.362 34.345 37.330 40.315 50.300 40.286 35.271 36.257 36.243 36.229 36.215 36.202
49.311 53.273 47.231 45.191 40.155 52.119 46.081 59.040 37.017 6.995 57.970 76.944 75.918 76.895 59.881 0.000 0.000 0.000 24.050 47.045 0.000 0.000 29.645 44.631 39.609 66.584 77.556 77.531 73.508 73.485 73.462 74.438 73.414 73.389 73.363 67.336 42.307 44.277 42.245 37.211 48.176 49.139 52.100 9.059 54.016 89.969 59.917 77.857 38.774 24.701 36.649 92.594 80.556 52.526 46.501 48.478 42.456 36.436 34.418 32.404 0.000 40.348 48.336 56.321 63.306 72.291 61.276 41.261 35.247 36.232 36.218 36.205 36.192
60.494 49.420 49.364 45.315 52.272 49.232 52.186 76.111 63.105 46.086 67.062 76.036 75.011 73.992 53.981 0.000 0.000 0.000 0.000 2.045 0.000 0.000 35.614 44.601 55.582 71.560 73.537 73.514 73.493 73.471 73.449 73.426 73.403 73.378 73.352 73.324 59.295 49.264 42.230 35.194 39.156 39.116 44.074 63.030 48.985 83.937 69.885 76.828 83.764 69.704 74.652 83.604 59.565 60.532 46.504 45.478 37.455 34.433 35.412 37.392 51.367 57.347 75.330 74.314 73.298 72.282 72.266 62.251 40.236 35.222 36.208 36.194 36.180
51.630 39.551 41.488 53.434 50.388 50.349 20.321 0.000 55.208 81.184 76.155 75.126 77.099 59.079 45.071 29.097 0.000 0.000 0.000 0.000 0.000 0.000 41.596 58.577 70.558 73.538 73.517 73.497 73.477 73.457 73.436 73.415 73.392 73.368 73.343 73.315 74.285 68.253 60.218 52.179 50.138 53.094 44.049 61.003 39.957 81.908 14.858 35.806 70.751 42.698 33.650 89.606 53.567 57.534 55.504 36.477 34.452 35.428 35.406 43.384 64.362 75.342 72.323 72.306 72.289 69.272 68.256 66.241 65.226 39.211 35.196 35.182 35.169
41.742 38.667 51.601 51.545 46.497 66.457 20.426 29.413 69.334 76.287 75.249 75.214 75.182 51.152 51.127 62.122 0.000 0.000 0.000 0.000 0.000 0.000 0.000 8.555 67.533 79.515 74.498 73.480 73.462 73.444 73.425 73.405 73.383 73.360 73.335 73.308 73.278 74.245 75.208 72.167 72.122 75.075 55.026 60.977 34.930 75.882 11.834 13.785 66.736 36.689 46.644 80.603 61.565 53.532 57.501 34.473 35.447 34.423 36.399 46.377 67.355 68.335 73.315 72.297 67.279 64.262 68.246 73.230 72.214 61.199 42.185 41.170 40.157
37.845 51.771 52.706 40.649 51.598 72.554 65.515 71.479 77.427 75.381 75.339 75.300 72.261 56.222 6.164 2.143 0.000 0.000 0.000 0.000 0.000 0.000 0.000 0.000 12.505 24.493 65.478 74.464 73.448 73.432 73.414 73.396 73.376 73.354 73.330 75.304 74.275 74.241 73.203 75.159 74.109 74.056 64.002 61.951 38.902 50.856 80.810 59.765 67.720 36.676 64.634 58.596 61.559 49.526 43.496 35.467 35.441 35.416 43.392 48.369 49.347 54.326 62.307 60.288 61.269 72.252 72.235 72.219 72.203 73.187 67.172 63.158 61.144
52.939 52.868 41.803 37.745 52.693 71.646 77.602 76.560 75.515 75.470 75.427 76.384 67.342 60.308 0.000 0.000 0.000 0.000 0.000 0.000 0.000 0.000 0.000 0.000 21.488 41.472 68.460 74.448 73.434 73.420 73.405 73.388 73.370 73.350 75.328 75.303 75.275 67.242 72.202 75.156 78.100 76.039 69.975 65.921 53.874 37.829 85.786 68.744 70.702 35.661 81.622 45.585 26.551 43.518 34.488 35.460 34.433 43.408 49.384 48.361 48.338 47.317 40.297 36.278 66.259 72.241 72.224 72.207 72.191 72.175 73.160 73.145 73.131
50.027 40.958 38.894 36.836 53.783 73.734 75.688 75.645 75.601 75.558 75.515 77.468 56.415 54.362 0.000 0.000 0.000 0.000 0.000 0.000 0.000 0.000 0.000 0.000 0.000 55.447 74.441 73.433 73.422 73.410 73.397 73.382 75.365 74.348 74.328 74.306 68.280 46.249 62.209 72.163 23.096 14.024 47.938 54.885 63.842 50.801 71.761 89.722 74.683 41.645 83.608 7.573 19.540 32.508 35.479 35.451 37.424 47.398 45.374 46.351 48.329 51.307 45.286 46.267 62.248 72.229 72.212 72.194 72.178 72.162 72.147 72.132 72.117
41.110 39.042 43.980 48.922 63.868 75.819 75.773 75.729 75.687 75.646 75.605 76.559 63.487 0.000 0.000 0.000 0.000 0.000 3.393 40.393 1.393 19.393 0.000 0.000 0.000 30.428 65.425 72.419 73.411 73.401 73.390 73.377 75.363 73.347 73.331 73.312 57.291 53.264 15.222 17.193 0.000 0.000 32.866 39.840 61.807 47.772 52.736 95.700 78.663 57.627 67.593 17.559 62.527 39.497 35.468 35.440 37.413 46.388 57.364 57.340 59.318 65.296 60.275 71.255 72.236 72.217 72.199 72.182 72.165 72.149 72.133 72.118 72.103
42.188 39.122 46.060 65.003 75.950 75.900 75.854 75.812 75.771 75.734 75.701 81.677 0.000 0.000 0.000 0.000 0.000 0.000 40.393 52.393 39.393 54.394 50.394 0.000 20.407 52.413 59.412 70.408 73.402 73.394 73.384 74.373 73.362 73.349 73.335 69.321 58.307 63.295 0.000 0.000 0.000 16.814 49.821 41.802 59.775 35.744 37.711 85.677 84.643 76.609 62.576 62.544 51.513 46.483 35.455 35.428 35.402 45.377 67.352 74.329 73.306 73.284 65.263 72.243 72.223 72.204 72.186 72.168 72.151 72.135 72.119 72.104 72.089
40.262 38.197 53.137 73.080 77.027 75.978 75.933 75.891 75.853 75.818 75.789 82.770 0.000 0.000 0.000 0.000 0.000 0.000 29.393 49.393 49.393 48.394 51.394 35.396 43.401 51.403 51.403 68.400 74.395 73.388 73.380 73.371 73.361 73.351 74.340 66.330 62.321 56.315 0.000 0.000 0.000 9.807 13.801 41.774 60.746 37.718 33.688 72.655 89.622 86.589 67.557 46.527 45.497 46.469 37.442 34.415 35.390 38.365 49.340 69.317 72.294 72.272 64.250 72.230 72.210 72.190 72.172 72.154 72.137 72.120 72.104 72.089 72.074
39.332 41.269 61.209 77.153 76.101 76.053 76.009 75.968 75.931 75.897 77.867 75.843 0.000 0.000 0.000 0.000 0.000 0.000 15.393 54.393 60.393 65.393 56.393 55.394 49.396 45.397 56.396 70.393 73.389 73.384 76.377 74.370 73.361 73.353 73.345 68.337 60.331 55.328 30.332 0.000 0.000 0.000 0.000 3.746 52.718 38.693 34.666 67.635 98.601 79.568 58.538 49.509 51.481 49.454 44.427 33.402 35.376 34.352 38.327 57.304 72.281 72.259 64.237 72.216 72.196 72.176 72.157 72.139 72.122 72.105 72.089 72.073 72.058
39.399 49.337 69.277 77.222 76.171 76.124 76.081 76.041 76.005 76.972 74.940 62.891 46.891 0.000 0.000 0.000 0.000 0.000 17.393 55.393 64.393 64.392 68.392 70.392 53.392 52.392 67.391 73.389 73.385 73.380 74.375 73.369 73.362 73.355 73.349 71.343 59.338 60.336 54.336 0.336 0.000 0.000 0.000 0.000 38.686 38.672 32.649 77.616 65.578 71.546 41.517 61.490 55.464 48.438 48.413 39.387 34.363 35.338 34.314 46.290 69.267 71.245 65.223 72.201 73.181 72.161 72.142 72.124 72.106 72.089 72.073 72.057 72.042
