results4_8e4_rain/res_4e8f-0104.wd
ncols         241
nrows         181
xllcorner     12693529.787448
yllcorner     3542525.717860
cellsize      155.156523
NODATA_value  -9999.000000
[rows 66 to 98 of 181, columns 146 to 218 of 241]
26.240 41.173 63.110 64.049 63.993 63.938 63.884 63.830 63.776 66.726 2.697 0.000 0.000 0.000 0.000 0.000 0.000 0.000 33.244 8.244 0.000 15.242 45.239 45.239 45.241 52.242 58.242 58.240 58.236 58.231 58.225 58.217 58.209 58.201 58.194 60.188 45.183 46.179 38.178 0.000 0.000 0.000 0.000 0.000 13.645 20.632 29.607 23.569 1.529 0.000 14.134 35.101 43.060 37.018 31.976 31.935 21.895 18.855 18.817 21.779 42.743 54.708 49.675 38.643 45.612 52.583 56.556 56.530 55.505 55.481 55.459 55.438 55.418
29.298 48.232 66.169 64.110 64.056 64.005 63.954 63.899 68.835 57.768 27.739 24.742 0.000 0.000 0.000 0.000 0.000 4.243 6.243 0.000 0.000 0.000 15.229 46.229 55.229 58.229 58.228 58.226 58.223 62.219 60.214 58.208 58.202 58.196 57.191 49.187 43.183 49.181 39.180 0.000 0.000 0.000 0.000 5.634 19.635 24.628 20.618 0.000 0.000 0.000 16.057 19.041 33.014 41.981 30.946 29.909 27.872 18.834 18.797 17.761 23.726 47.692 54.659 39.627 41.597 43.568 45.541 49.515 53.490 55.467 56.445 55.424 55.405
34.355 55.287 65.223 64.166 64.117 64.073 62.029 60.978 15.896 0.783 31.748 37.746 2.747 0.000 0.000 0.000 0.000 0.000 0.000 0.000 0.000 0.000 28.218 48.218 58.217 58.216 58.215 58.213 58.211 60.208 59.204 58.199 58.195 59.191 49.188 47.186 50.183 45.182 37.181 0.000 0.000 0.000 0.000 23.633 26.634 0.000 0.000 0.000 0.000 23.977 25.997 35.992 38.973 49.947 47.917 35.884 24.849 16.814 18.778 18.742 13.708 27.674 44.641 48.610 53.580 50.552 43.525 48.499 51.475 51.452 49.430 51.410 54.390
39.410 62.340 66.270 67.215 64.174 65.140 60.110 6.087 0.000 30.758 31.751 36.748 44.747 0.000 0.000 0.000 0.000 0.000 0.000 0.000 0.000 11.207 34.209 47.208 59.206 58.205 58.204 58.202 58.200 59.197 58.194 58.191 58.188 55.186 49.184 14.185 0.000 0.000 0.000 0.000 0.000 0.000 0.000 19.633 26.633 0.000 0.000 0.000 40.949 26.957 21.962 49.956 54.941 55.919 59.892 53.861 41.828 21.793 18.758 18.723 16.689 17.655 23.623 24.592 31.562 39.534 46.507 50.482 51.458 52.436 48.415 51.395 52.376
21.467 26.393 36.304 12.248 69.226 66.203 51.184 28.173 0.000 0.000 0.000 0.000 0.000 0.000 0.000 0.000 0.000 0.000 0.000 0.000 0.000 12.205 37.204 40.198 56.195 58.194 58.193 58.191 62.190 61.188 58.185 58.183 59.181 50.180 53.179 0.000 0.000 0.000 0.000 0.000 0.000 0.000 0.000 0.000 13.632 22.632 0.000 0.000 71.942 34.941 16.939 47.930 55.916 55.896 55.870 58.841 57.808 37.774 20.739 18.704 16.670 19.636 20.604 28.573 33.543 22.515 22.489 27.464 32.441 38.419 43.398 47.379 51.360
67.530 46.461 0.000 0.000 73.279 65.261 52.252 34.248 1.252 0.000 0.000 0.000 0.000 0.000 0.000 0.000 0.000 0.000 0.000 0.000 0.000 0.000 0.000 42.184 58.184 58.183 58.182 58.181 60.180 59.178 58.177 58.175 59.174 47.173 57.173 0.000 0.000 0.000 0.000 0.000 0.000 0.000 0.000 0.000 0.000 0.000 0.000 0.000 8.935 24.928 17.921 47.911 55.897 55.878 56.854 56.824 56.791 49.755 25.719 21.684 19.650 16.616 37.584 49.553 55.523 39.496 32.470 28.445 26.423 23.401 23.381 23.362 51.344
43.607 0.000 0.000 70.466 70.351 68.309 59.316 44.316 0.311 0.000 0.000 0.000 0.000 0.000 0.000 0.000 0.000 0.000 0.000 0.000 0.000 0.000 24.165 47.171 59.173 58.173 58.173 59.172 58.171 58.170 58.168 58.167 59.167 52.167 17.167 0.000 0.000 0.000 0.000 0.000 0.000 0.000 0.000 0.000 0.000 0.000 0.000 0.000 0.000 21.917 20.906 38.896 53.883 56.866 50.842 46.812 52.776 43.737 26.700 25.665 34.630 29.595 52.562 56.531 55.502 53.475 53.449 50.425 48.403 45.382 41.363 33.345 53.327
70.663 60.666 66.638 22.580 0.000 0.000 65.387 39.385 0.351 0.000 2.551 0.000 0.000 0.000 0.000 0.000 0.000 0.000 0.000 0.000 0.000 0.000 40.160 52.162 59.163 58.164 58.164 60.163 60.162 58.161 58.160 58.159 57.159 53.159 2.163 0.000 0.000 0.000 0.000 0.000 0.000 0.000 0.000 0.000 0.000 0.000 0.000 0.000 0.000 0.000 9.890 35.884 53.875 54.861 35.838 38.805 40.766 37.717 22.679 19.645 42.609 51.574 55.539 57.508 57.479 58.452 56.427 56.404 57.383 56.363 57.344 57.326 56.310
72.716 64.698 69.668 20.637 0.000 0.000 56.459 4.455 0.000 0.000 34.551 0.000 0.000 0.000 0.000 0.000 0.000 0.000 0.000 0.000 0.000 0.000 43.153 55.154 59.155 58.155 58.155 59.155 59.154 58.154 58.152 59.151 55.150 50.149 0.142 0.000 0.000 0.000 0.000 0.000 0.000 0.000 0.000 0.000 0.000 0.000 0.000 0.000 1.875 3.876 14.879 30.877 52.871 54.865 0.855 0.000 0.000 27.686 21.656 16.625 30.590 49.551 55.515 57.483 57.454 57.428 55.404 55.382 56.361 55.342 55.325 56.308 56.292
64.788 64.740 64.700 62.664 49.633 35.592 28.536 27.522 23.542 26.549 29.552 29.552 1.552 0.000 0.000 0.000 0.000 0.000 4.118 6.118 0.000 0.000 42.146 56.147 58.147 58.148 58.148 58.148 58.147 58.146 58.145 58.143 40.141 35.138 33.131 28.128 0.000 0.000 0.000 0.000 0.000 0.000 0.000 0.000 0.000 0.000 0.000 0.000 5.875 31.875 22.875 26.873 46.869 47.866 20.864 0.000 0.000 0.000 18.633 23.611 22.575 41.525 54.486 55.454 55.427 55.402 55.379 55.358 55.339 55.321 55.304 55.288 55.273
64.828 64.776 64.728 63.684 60.645 62.606 36.572 15.555 53.554 26.555 30.554 6.553 0.000 0.000 0.000 0.000 0.000 0.000 4.118 50.119 0.000 0.000 41.138 55.139 59.140 58.141 60.141 61.141 59.140 58.139 58.138 56.136 49.134 40.131 41.128 40.126 0.000 0.000 0.000 0.000 0.000 0.000 0.000 0.000 0.000 0.000 0.000 0.000 0.000 34.873 26.873 33.870 48.868 43.866 49.864 0.000 0.000 0.000 0.000 0.000 0.000 31.487 54.451 55.422 55.397 55.374 55.353 55.334 55.316 55.299 55.283 55.269 55.255
64.861 64.809 65.752 67.701 64.656 64.617 63.589 64.572 55.565 33.562 5.558 0.000 0.000 0.000 0.000 0.000 0.000 0.000 0.000 43.120 30.122 20.125 36.130 58.133 58.134 58.135 58.135 58.135 58.134 58.133 58.132 58.130 56.128 35.126 39.123 46.121 0.000 0.000 0.000 0.000 0.000 0.000 0.000 0.000 0.000 0.000 0.000 0.000 0.000 46.873 0.000 13.868 36.866 43.865 4.865 0.000 0.000 0.000 0.000 0.000 0.000 0.000 43.407 56.388 55.366 55.344 55.325 55.308 55.292 55.277 55.262 55.248 55.235
67.896 63.847 60.770 62.711 65.662 65.618 67.595 64.580 62.573 49.569 0.000 0.000 0.000 0.000 0.000 0.000 0.000 0.000 0.000 0.000 34.121 26.122 42.125 60.127 58.128 58.129 58.130 58.129 58.129 58.128 58.127 58.125 59.123 48.120 35.118 39.115 45.111 0.000 0.000 0.000 0.000 0.000 0.000 0.000 0.000 0.000 0.000 0.000 0.000 0.000 0.000 0.000 21.864 40.864 0.000 0.000 0.000 0.000 0.000 0.000 0.000 0.000 31.382 52.358 55.333 55.313 55.296 55.281 55.267 55.254 55.241 55.228 55.216
60.937 21.914 0.000 0.000 0.000 57.600 62.591 68.582 64.576 53.573 3.573 0.000 37.572 7.572 0.000 0.000 0.000 0.000 0.000 0.000 26.118 30.119 51.121 59.123 60.124 61.125 58.125 58.125 58.124 58.123 58.122 58.120 58.118 59.116 38.113 20.110 29.108 0.000 0.000 0.000 0.000 0.000 0.000 0.000 0.000 0.000 0.000 0.000 0.000 0.000 0.000 0.000 10.863 43.863 0.000 0.000 0.000 0.000 0.000 0.000 0.000 0.000 0.000 32.327 52.298 55.280 55.266 55.253 55.242 55.230 55.219 55.208 55.197
55.971 12.958 0.000 0.000 32.591 30.591 47.587 66.582 63.577 48.575 29.574 33.573 37.572 3.572 0.000 0.000 0.000 0.000 0.000 0.000 27.115 38.116 58.118 58.119 61.120 61.121 58.121 58.121 58.120 58.119 58.118 58.116 58.114 59.112 55.109 50.106 39.102 19.097 13.094 0.000 0.000 0.000 0.000 0.000 0.000 0.000 0.000 0.000 0.000 0.000 0.000 0.000 12.863 4.863 0.000 0.000 0.000 0.000 0.000 0.000 0.000 0.000 0.000 0.000 37.250 53.243 55.234 55.225 55.217 55.208 55.198 55.188 55.178
61.997 42.989 14.994 0.000 0.000 32.587 32.584 54.580 66.577 44.575 31.574 36.573 14.572 0.000 0.000 0.000 0.000 0.000 26.107 19.109 24.111 41.113 60.115 60.116 61.117 58.118 58.118 58.118 58.117 58.116 58.115 58.113 58.111 58.108 58.105 60.102 49.098 37.095 26.091 27.088 20.086 11.084 16.084 0.000 0.000 0.000 0.000 0.000 0.000 0.000 0.000 0.000 15.862 0.000 0.000 0.000 0.000 0.000 0.000 0.000 0.000 0.000 0.000 0.000 22.210 50.207 54.203 55.198 55.192 55.185 55.178 55.170 55.160
65.014 56.006 9.000 0.000 0.000 0.000 31.581 36.578 63.576 51.575 32.573 35.573 10.572 0.000 0.000 0.000 0.000 0.000 29.106 22.107 25.109 43.110 62.112 61.113 59.115 59.115 58.116 58.115 58.115 58.113 58.112 59.110 59.108 59.105 53.102 44.099 48.096 55.092 48.090 46.087 34.085 21.084 28.084 0.000 0.000 0.000 0.000 0.000 0.000 0.000 0.000 0.000 0.000 0.000 0.000 0.000 0.000 0.000 0.000 0.000 0.000 0.000 0.000 0.000 14.174 45.174 55.173 57.171 57.168 57.164 56.159 55.152 55.143
65.027 40.021 0.000 0.000 0.000 0.000 0.000 38.576 51.575 45.574 44.573 41.573 31.572 9.572 0.000 0.000 0.000 0.000 28.105 21.106 26.107 41.108 53.110 50.111 45.113 47.114 52.115 57.114 59.113 59.111 57.110 47.109 45.107 50.104 39.099 36.096 36.093 47.090 51.088 46.086 32.084 21.083 0.000 0.000 0.000 0.000 0.000 0.000 0.000 0.000 0.000 0.000 0.000 0.000 0.000 0.000 0.000 0.000 0.000 0.000 0.000 0.000 0.000 0.000 2.138 27.142 33.145 35.146 35.146 36.145 45.143 54.138 55.129
64.035 30.031 0.000 0.000 0.000 0.000 0.000 33.575 27.574 26.574 34.573 34.572 34.572 30.572 3.571 0.000 0.000 0.000 33.103 28.104 33.105 43.106 46.108 49.110 7.111 0.000 0.000 0.000 59.111 56.109 45.107 0.080 0.000 0.000 38.096 70.092 63.090 42.088 48.086 42.084 31.083 16.081 19.080 0.000 0.000 0.000 0.000 0.000 0.000 0.000 0.000 0.000 0.000 0.000 0.000 0.000 0.000 0.000 0.000 0.000 6.047 27.047 38.055 37.071 55.098 63.111 64.118 62.122 64.126 51.128 34.128 52.127 55.120
62.040 27.037 0.000 0.000 0.000 0.000 0.000 33.574 29.574 8.573 0.000 0.000 0.000 0.000 0.000 0.000 0.000 0.000 39.102 33.102 28.102 24.103 10.105 0.000 0.000 0.000 0.000 0.000 0.000 0.000 32.102 0.000 0.000 0.000 0.000 33.089 66.087 26.086 27.084 26.082 22.081 25.080 72.079 31.078 0.000 0.000 0.000 0.000 0.000 0.000 0.000 0.000 0.000 0.000 0.000 0.000 0.000 0.000 0.000 0.000 0.000 74.041 70.047 52.059 53.075 50.086 51.094 73.101 66.106 52.112 32.117 41.121 40.121
48.042 29.039 23.039 0.000 0.000 0.000 0.000 0.000 31.573 15.573 0.000 0.000 0.000 0.000 0.000 0.000 0.000 0.000 39.100 39.100 40.100 23.100 0.000 0.000 0.000 0.000 0.000 0.000 0.000 0.000 28.097 5.096 0.000 0.000 0.000 32.086 81.086 45.084 48.083 43.081 28.080 46.079 100.078 97.077 28.077 0.000 0.000 0.000 0.000 0.000 0.000 0.000 0.000 0.000 0.000 0.000 0.000 4.996 0.000 0.000 2.018 77.027 44.035 52.045 43.055 24.064 35.072 78.080 44.088 31.097 38.107 0.000 0.000
32.042 32.040 18.039 0.000 0.000 0.000 0.000 0.000 0.000 0.000 0.000 0.000 0.000 0.000 0.000 0.000 0.000 0.000 42.099 33.098 27.098 25.098 0.000 0.000 0.000 0.000 0.000 0.000 0.000 25.093 18.094 43.095 39.094 0.000 0.000 38.085 44.085 36.083 79.081 68.079 39.079 0.000 56.077 111.077 0.000 0.000 0.000 0.000 0.000 0.000 0.000 0.000 0.000 0.000 0.000 0.000 55.995 93.996 84.998 81.001 28.009 72.016 40.022 29.029 76.037 57.044 77.052 58.059 28.068 36.082 0.000 0.000 0.000
35.041 36.039 28.038 0.000 0.000 0.000 0.000 0.000 0.000 0.000 0.000 0.000 0.000 0.000 0.000 0.000 0.000 0.000 0.000 37.096 27.096 5.096 0.000 0.000 0.000 0.000 0.000 0.000 0.000 27.092 24.093 0.058 0.000 0.000 0.000 12.085 0.000 0.000 0.000 34.074 0.000 0.000 12.076 78.076 33.076 0.000 0.000 0.000 0.000 0.000 0.000 0.000 0.000 0.000 0.000 0.000 11.995 0.000 55.996 59.998 11.001 72.005 49.009 22.014 40.019 90.025 104.031 38.038 26.043 0.000 0.000 0.000 1.938
34.038 35.037 35.036 39.035 31.034 0.000 0.000 0.000 0.000 0.000 0.000 0.000 0.000 0.000 0.000 0.000 0.000 0.000 0.000 27.094 23.094 7.094 0.000 0.000 0.000 0.000 0.000 0.000 28.091 25.092 2.092 0.000 0.000 0.000 0.000 0.000 0.000 0.000 0.000 38.069 0.000 0.000 12.076 0.000 0.000 0.000 0.000 0.000 0.000 0.000 0.000 0.000 0.000 0.000 0.000 0.000 0.000 0.000 31.992 50.993 9.994 73.994 53.995 23.998 73.001 76.006 71.011 79.017 43.023 0.000 0.000 0.000 15.928
36.035 14.036 25.035 34.034 34.033 34.032 33.032 0.000 0.000 0.000 0.000 0.000 0.000 0.000 0.000 0.000 0.000 0.000 0.000 29.093 25.093 9.093 0.000 0.000 0.000 0.000 0.000 0.000 0.000 31.091 3.091 0.000 0.000 0.000 0.000 0.000 0.000 0.000 2.064 25.065 29.064 6.064 0.000 0.000 0.000 0.000 0.000 0.000 0.000 0.000 0.000 0.000 0.000 0.000 0.000 0.000 0.000 0.000 34.989 54.988 14.986 74.983 59.981 73.981 73.982 32.986 25.991 70.998 20.010 0.000 0.000 16.905 24.913
41.029 0.000 0.000 31.033 20.033 0.000 33.031 23.031 0.000 0.000 0.000 0.000 0.000 0.000 0.000 0.000 0.000 0.000 0.000 28.092 25.092 13.092 0.000 0.000 0.000 0.000 0.000 0.000 0.000 0.000 0.000 0.000 0.000 0.000 0.000 0.000 0.000 0.000 41.063 58.064 19.063 0.000 0.000 0.000 0.000 0.000 0.000 0.000 0.000 0.000 0.000 0.000 0.000 0.000 0.000 0.000 0.000 0.000 69.987 55.985 16.981 74.972 71.965 63.962 55.962 41.965 42.969 11.973 0.000 0.000 0.892 19.897 26.901
38.022 0.000 0.000 18.033 10.033 0.000 0.000 0.000 0.000 41.958 37.957 28.957 0.000 0.000 0.000 0.000 0.000 0.000 0.000 32.091 28.091 10.091 0.000 0.000 0.000 0.000 0.000 0.000 0.000 0.000 0.000 0.000 0.000 0.000 0.000 0.000 0.000 0.000 4.063 88.063 54.063 0.000 0.000 0.000 0.000 0.000 0.000 0.000 0.000 0.000 0.000 0.000 0.000 0.000 0.000 0.000 0.000 0.000 1.986 0.000 0.000 48.958 89.945 68.941 67.941 65.943 68.947 16.953 0.000 0.000 4.888 18.887 19.889
54.014 0.000 0.000 0.000 0.000 39.974 26.973 0.000 37.960 31.959 31.957 23.957 0.000 0.000 0.000 0.000 0.000 0.000 0.000 32.091 27.091 15.091 0.000 0.000 0.000 0.000 0.000 0.000 0.000 0.000 0.000 0.000 0.000 0.000 0.000 0.000 0.000 0.000 0.000 32.062 24.062 0.000 0.000 0.000 0.000 0.000 0.000 0.000 0.000 0.000 0.000 0.000 0.000 0.000 0.000 0.000 0.000 0.000 0.000 0.000 0.000 0.000 31.917 32.916 30.917 30.919 27.924 23.938 0.000 0.000 0.000 18.874 16.876
65.005 53.997 35.991 36.986 35.981 29.976 30.972 31.967 29.962 34.959 33.957 24.956 21.955 0.000 0.000 0.000 0.000 0.000 0.000 19.090 0.000 0.000 0.000 0.000 0.000 0.000 0.000 0.000 0.000 0.000 0.000 0.000 0.000 0.000 0.000 0.000 0.000 0.000 0.000 0.000 31.062 0.000 0.000 0.000 0.000 0.000 0.000 0.000 0.000 0.000 0.000 0.000 0.000 0.000 0.000 0.000 0.000 0.000 0.000 0.000 0.000 0.000 19.889 18.891 18.892 34.893 29.893 0.000 0.000 0.000 0.000 31.861 43.863
64.999 58.995 28.990 28.986 28.982 11.977 12.972 16.967 26.963 35.959 32.957 24.955 27.955 16.954 0.000 0.000 0.000 0.000 0.000 0.000 0.000 0.000 0.000 0.000 0.000 0.000 0.000 0.000 0.000 0.000 0.000 0.000 0.000 0.000 0.000 0.000 0.000 0.000 0.000 0.000 0.000 0.000 0.000 0.000 0.000 0.000 0.000 0.000 0.000 0.000 0.000 0.000 0.000 0.000 0.000 0.000 0.000 0.000 0.000 0.000 11.838 14.844 18.861 18.866 20.868 39.867 29.862 12.848 0.000 0.000 26.836 47.845 54.850
64.995 62.992 32.990 29.987 9.985 0.000 0.000 0.000 0.000 26.957 29.955 27.954 20.954 0.000 0.000 0.000 0.000 0.000 0.000 0.000 0.000 0.000 0.000 0.000 0.000 0.000 0.000 0.000 0.000 0.000 0.000 0.000 0.000 0.000 0.000 0.000 0.000 0.000 0.000 0.000 0.000 0.000 0.000 0.000 0.000 0.000 0.000 0.000 0.000 0.000 0.000 0.000 0.000 0.000 0.000 0.000 0.000 0.000 0.000 0.000 22.831 19.836 18.843 14.846 27.848 44.846 28.842 17.833 12.824 12.822 36.827 53.833 54.837
64.991 62.991 15.989 19.988 0.000 0.000 0.000 0.000 0.000 0.000 17.954 30.953 22.952 0.000 0.000 0.000 0.000 0.000 0.000 0.000 0.000 0.000 0.000 0.000 0.000 0.000 0.000 0.000 0.000 0.000 0.000 0.000 0.000 0.000 0.000 0.000 0.000 0.000 0.000 0.000 0.000 0.000 0.000 0.000 0.000 0.000 0.000 0.000 0.000 0.000 0.000 0.000 0.000 0.000 0.000 0.000 0.000 0.000 0.000 16.815 14.821 13.824 18.828 32.830 45.830 35.828 19.825 17.821 19.817 16.816 37.819 55.822 54.826
64.988 38.989 0.000 0.000 0.000 0.000 0.000 0.000 0.000 0.000 0.000 20.951 27.950 25.949 0.000 0.000 0.000 0.000 0.000 0.000 0.000 0.000 0.000 0.000 0.000 0.000 0.000 0.000 0.000 0.000 0.000 0.000 0.000 0.000 0.000 0.000 0.000 0.000 0.000 0.000 0.000 0.000 0.000 0.000 0.000 0.000 0.000 0.000 0.000 0.000 0.000 0.000 0.000 0.000 0.000 0.000 21.801 13.802 11.805 23.809 37.812 42.814 44.815 44.815 30.814 18.812 17.810 17.808 16.807 18.807 41.809 56.812 54.816
