results4_8e4_rain/res_4e8f-0217.wd
ncols         241
nrows         181
xllcorner     12693529.787448
yllcorner     3542525.717860
cellsize      155.156523
NODATA_value  -9999.000000
[rows 66 to 98 of 181, columns 73 to 145 of 241]
71.919 35.905 0.000 61.066 78.042 77.010 76.981 0.000 48.373 48.356 61.369 57.380 56.359 56.313 55.244 131.143 118.970 0.000 0.000 0.000 51.683 46.619 51.523 54.460 54.407 56.357 57.309 62.251 63.197 64.152 55.120 0.000 0.000 52.417 102.416 84.330 88.197 88.287 86.341 94.259 86.752 87.232 87.971 86.745 86.523 87.319 57.164 0.000 0.000 0.000 0.000 0.000 0.000 0.000 43.663 41.639 41.598 41.542 41.475 41.406 45.332 58.253 55.175 40.100 51.025 59.952 38.879 41.806 47.734 52.663 48.592 42.523 40.456
56.922 62.891 0.724 49.295 73.252 72.220 66.223 19.309 0.000 0.000 54.449 67.529 56.529 55.497 56.453 37.411 0.000 0.000 0.000 0.000 0.000 0.000 62.455 60.428 58.394 41.351 44.302 51.246 52.205 57.173 48.147 0.000 0.000 0.000 62.659 80.567 87.506 87.599 94.684 94.479 86.823 87.512 87.224 87.014 86.804 81.616 39.484 0.000 3.671 36.671 0.000 0.000 0.000 49.746 44.709 41.674 41.630 41.577 41.515 41.448 41.377 41.303 48.228 62.154 63.080 46.007 39.935 40.863 41.792 45.722 44.653 40.585 40.518
58.937 57.868 62.737 60.542 74.448 67.398 68.381 65.395 0.000 0.000 0.000 69.758 64.730 59.695 61.660 8.637 0.000 0.000 0.000 0.000 0.000 0.000 61.413 57.402 48.390 0.000 0.000 49.226 61.205 60.189 0.000 0.000 8.366 65.246 56.992 60.815 67.893 82.953 94.876 86.560 88.116 87.681 87.492 87.275 85.062 67.859 46.671 52.671 50.671 31.671 0.000 0.000 0.000 7.782 58.755 40.718 41.673 45.620 53.560 43.495 41.426 40.354 44.281 59.208 66.134 58.062 43.990 38.920 40.850 40.781 40.712 40.645 39.578
58.983 56.907 60.805 71.688 65.601 58.543 77.508 66.495 18.512 0.000 12.163 62.015 77.940 72.891 72.857 75.838 0.000 0.000 0.000 0.000 7.365 7.370 59.382 50.380 53.373 0.000 0.000 0.000 97.201 124.189 39.173 0.000 64.486 59.382 59.220 59.126 55.209 95.228 95.057 87.606 91.212 87.959 87.751 87.537 79.311 32.085 0.000 54.671 32.671 0.000 0.000 0.000 46.889 45.846 44.810 40.770 44.723 56.670 61.611 59.546 52.478 42.407 51.334 59.261 38.188 44.116 57.045 53.975 49.906 57.839 38.771 40.704 38.637
57.044 62.972 72.889 64.802 56.726 56.665 69.613 77.565 73.529 76.454 78.312 73.199 68.122 70.071 59.038 58.022 0.000 0.000 0.000 8.358 64.360 63.362 51.365 53.361 54.351 58.330 57.316 0.000 8.209 2.193 1.141 10.890 70.710 63.576 58.414 59.503 57.549 95.384 57.220 64.811 79.407 87.228 88.015 85.809 44.560 0.000 0.000 0.000 0.000 0.000 0.000 47.959 41.933 41.902 41.868 42.828 52.780 61.726 60.666 60.601 56.532 52.460 62.387 45.314 40.241 41.169 41.098 51.029 63.962 50.896 38.830 39.764 45.697
63.114 74.048 63.977 56.905 57.837 57.776 59.715 43.621 69.585 67.522 59.431 56.346 55.280 71.233 73.203 60.189 0.000 0.000 0.000 64.355 60.355 57.355 50.354 54.348 54.338 54.323 54.303 13.271 16.232 17.202 19.154 87.026 83.893 72.761 71.715 60.711 95.660 95.528 59.272 65.921 60.698 67.502 86.275 61.125 0.000 0.000 0.000 0.000 0.000 0.000 0.000 47.985 41.981 41.963 41.933 42.893 51.844 61.789 60.727 59.660 56.589 61.515 55.441 39.366 41.293 41.220 41.150 51.082 59.016 37.953 40.890 43.825 62.757
74.190 64.130 57.067 58.003 57.942 58.888 39.848 0.000 26.668 54.616 57.545 57.474 57.418 55.379 79.353 63.341 0.000 0.000 0.000 41.353 58.351 52.349 53.346 54.341 54.332 54.319 54.302 65.278 5.246 9.229 26.240 79.168 89.066 10.953 92.875 83.066 95.776 57.841 71.485 68.130 58.001 54.806 51.457 36.291 0.000 0.000 43.559 0.000 0.000 0.000 0.000 44.014 42.043 42.035 42.007 41.966 42.916 48.857 56.792 56.722 56.648 60.572 38.495 41.418 41.343 40.270 46.200 63.133 46.069 40.009 42.951 23.890 24.808
64.272 57.215 58.156 58.097 58.040 60.987 16.942 14.907 7.803 52.731 57.659 59.586 57.541 56.510 74.490 70.481 0.000 0.000 0.000 0.000 49.346 52.344 54.341 54.337 54.329 54.320 56.307 42.293 0.000 0.000 76.407 79.342 90.251 96.122 90.225 88.263 95.876 78.888 81.591 66.434 59.339 52.266 0.000 0.000 0.000 0.000 41.559 0.000 0.000 0.000 0.000 0.107 45.143 42.126 42.094 42.050 41.995 41.933 41.863 48.788 56.709 44.629 41.548 41.468 41.391 44.316 57.246 57.180 39.118 41.062 44.014 10.979 0.000
57.357 58.303 58.247 58.189 58.133 58.078 62.026 62.974 62.907 58.844 58.775 38.670 55.649 56.629 72.616 71.612 0.000 0.000 0.000 0.000 48.342 54.341 54.339 54.335 54.330 54.323 42.315 0.000 0.000 4.772 81.639 87.543 90.443 90.390 89.468 96.010 88.368 91.085 85.774 70.716 60.656 59.652 59.786 0.000 0.000 0.000 38.559 45.559 38.559 0.000 0.000 0.000 60.261 41.233 42.193 42.143 42.083 43.015 41.940 41.858 41.773 41.686 41.600 41.516 40.436 46.359 61.288 38.222 41.162 41.108 43.063 18.032 0.000
58.446 58.393 58.338 58.281 58.223 58.166 58.110 58.058 58.007 57.962 61.928 0.000 48.756 57.743 73.732 68.738 4.785 0.000 0.000 0.000 53.340 56.339 56.337 56.334 54.331 57.328 0.000 0.000 0.000 73.905 79.833 90.748 90.630 90.739 88.788 96.214 89.499 94.143 90.035 90.969 78.920 66.901 55.920 50.920 52.920 0.000 0.000 44.559 39.558 45.553 46.537 44.499 50.407 60.353 42.302 43.246 52.180 59.105 41.022 41.932 41.838 41.743 41.650 40.561 45.476 64.397 58.325 47.259 40.199 41.145 43.098 58.055 76.008
58.538 58.485 58.431 58.373 58.314 58.252 58.192 61.138 59.102 58.070 62.047 0.000 48.876 57.853 74.833 66.825 6.832 0.000 0.000 0.000 26.339 36.338 35.336 35.334 56.332 41.330 0.000 0.000 0.000 76.110 86.044 90.956 90.915 90.019 96.833 96.541 90.561 91.405 90.263 90.207 91.153 82.110 47.074 0.000 0.000 0.000 0.000 42.561 42.562 39.562 41.561 42.553 41.514 48.469 62.418 45.357 43.286 53.203 41.110 42.009 41.904 41.799 41.697 41.601 49.511 62.429 49.356 61.289 39.230 40.176 45.128 66.081 78.033
58.633 58.580 58.525 58.468 58.407 61.336 63.268 35.200 56.194 59.170 61.141 21.116 52.018 56.962 68.920 66.895 7.886 0.000 0.000 0.000 0.000 0.000 2.335 2.334 37.333 0.000 0.000 0.000 24.547 74.381 91.275 91.157 91.274 89.361 97.099 89.142 94.850 90.546 90.501 90.435 90.376 80.311 41.193 0.000 0.000 0.000 0.000 0.000 45.568 46.574 33.591 41.637 42.627 42.592 46.542 62.479 45.403 42.313 42.207 42.090 41.969 41.851 39.738 45.633 64.538 45.453 44.379 58.313 42.255 40.203 47.155 73.110 78.064
58.729 58.676 58.623 58.569 60.508 36.419 38.344 0.000 18.303 54.273 58.234 62.187 58.120 61.055 65.992 70.950 9.931 0.000 0.000 0.000 0.000 3.335 55.335 62.334 0.000 0.000 0.000 7.830 83.712 85.593 91.488 91.445 90.565 97.579 97.347 90.201 90.917 90.790 90.722 90.659 89.605 69.566 0.000 0.000 0.000 0.000 0.000 0.000 0.000 37.574 0.000 48.780 45.763 41.729 41.680 43.615 60.535 49.436 41.315 42.174 42.032 40.897 45.772 47.657 46.554 43.467 41.393 41.330 41.274 42.225 55.180 77.138 78.097
58.824 58.771 58.721 58.675 63.637 1.622 0.000 24.532 16.442 50.385 59.334 57.280 59.218 71.147 43.041 36.983 1.957 0.000 0.000 0.000 0.000 53.335 59.335 61.335 0.000 0.000 0.000 70.948 75.880 89.792 91.676 91.808 89.903 97.792 89.695 91.373 91.069 91.011 90.937 90.874 82.820 59.782 0.000 0.000 0.000 0.000 0.000 0.000 0.000 0.000 0.000 52.938 47.919 41.882 39.832 42.767 42.686 58.582 51.444 42.260 43.088 40.934 47.795 47.668 44.554 38.466 41.396 41.338 43.288 57.243 76.203 78.166 81.133
59.917 57.864 57.816 57.774 60.741 30.728 27.702 59.621 64.550 58.491 56.436 63.382 73.326 76.274 0.208 0.000 0.000 0.000 0.000 0.000 0.000 21.335 28.335 30.335 0.000 0.000 0.000 73.133 81.070 90.982 91.974 91.012 98.186 97.995 90.724 91.430 91.294 91.217 91.145 91.079 73.017 54.961 0.000 0.000 0.000 0.000 0.000 0.000 0.000 0.000 0.000 51.116 49.091 49.050 45.997 38.935 40.859 41.762 57.618 57.335 54.126 50.955 43.806 42.668 39.528 40.448 41.388 45.339 65.295 77.256 77.222 78.191 77.164
74.005 72.953 71.905 69.863 66.827 67.795 67.757 64.702 65.645 67.591 67.539 73.486 75.428 33.351 0.000 0.000 0.000 0.000 0.000 0.000 0.000 0.000 0.000 0.000 0.000 11.641 19.562 74.383 91.276 92.185 92.135 91.363 98.364 90.195 91.872 91.562 91.498 91.418 91.348 89.281 71.208 42.084 0.000 0.000 0.000 0.000 0.000 0.000 0.000 0.000 0.000 41.318 45.278 48.228 49.174 48.116 45.055 40.990 34.931 0.000 0.000 0.000 0.000 0.000 43.443 41.410 44.371 65.333 78.298 77.266 78.237 81.211 77.190
70.089 72.036 70.989 72.946 74.907 73.870 72.830 70.784 68.737 68.690 69.643 65.595 65.550 0.000 0.000 0.000 0.000 0.000 0.000 0.000 0.000 0.000 0.000 0.000 0.000 60.720 83.663 82.561 91.468 92.356 92.483 90.586 98.530 92.287 91.894 91.772 91.689 91.613 91.546 87.489 67.448 0.000 0.000 0.000 0.000 0.000 0.000 0.000 0.000 0.000 48.708 43.561 40.476 42.411 47.354 49.301 49.253 50.212 41.185 0.000 0.000 0.000 0.000 0.000 44.392 42.376 58.352 79.325 77.297 77.272 77.248 78.228 77.211
58.167 58.115 59.068 66.025 74.985 80.947 68.908 62.868 57.828 55.788 54.748 60.702 39.626 0.000 0.000 0.000 0.000 0.000 0.000 0.000 0.000 0.000 0.000 0.000 0.000 66.855 82.809 90.733 92.647 92.614 91.743 98.824 98.683 94.303 92.110 91.951 91.875 91.799 91.733 86.680 61.649 0.000 0.000 0.000 0.000 0.000 0.000 0.000 0.000 48.978 43.856 43.742 43.655 42.586 39.529 44.481 48.444 49.420 46.412 0.000 0.000 0.000 0.000 47.348 41.358 45.351 73.335 77.316 77.296 77.276 77.257 77.241 77.227
57.240 57.190 61.144 66.101 68.062 71.024 60.988 56.953 57.919 57.887 59.859 37.838 0.000 0.000 0.000 0.000 0.000 0.000 0.000 0.000 0.000 0.000 0.000 0.000 0.000 53.036 81.984 91.914 92.812 92.942 91.051 98.954 91.847 93.523 92.205 92.140 92.053 91.976 91.907 82.851 55.817 0.000 0.000 0.000 0.000 0.000 0.000 0.000 48.213 44.101 43.994 43.897 43.815 43.748 43.694 40.651 39.622 42.611 49.631 49.718 0.000 0.000 0.000 41.339 42.339 60.334 77.323 76.309 76.294 77.278 77.263 77.251 77.240
57.309 57.260 59.216 60.174 58.136 57.100 58.067 57.036 57.008 56.983 61.964 6.952 0.000 0.000 0.000 0.000 0.000 0.000 0.000 0.000 0.000 0.000 0.000 0.000 4.405 61.270 90.181 93.097 93.067 92.197 99.190 99.076 94.844 92.546 92.402 92.313 92.226 92.144 93.067 72.999 60.952 0.000 0.000 47.815 0.000 47.585 49.541 49.458 44.326 44.218 44.122 44.035 43.961 43.898 43.847 43.808 42.783 39.772 48.781 49.806 42.806 0.000 0.000 49.329 41.327 49.322 55.314 58.303 62.292 68.280 74.268 76.258 76.250
58.373 58.327 58.284 58.244 58.208 57.174 57.143 57.116 57.092 56.074 64.061 15.055 0.000 0.000 0.000 0.000 0.000 0.000 0.000 0.000 0.000 0.000 0.000 0.000 45.540 81.457 92.372 93.261 93.401 91.493 99.293 92.293 93.969 92.654 92.579 92.485 92.395 92.307 93.219 65.127 43.040 0.000 0.000 43.815 0.000 42.629 44.581 44.507 44.414 44.323 44.239 44.163 44.095 44.037 43.989 43.952 41.927 43.914 49.914 46.920 0.000 0.000 0.000 48.320 47.318 46.314 45.307 44.299 43.290 47.280 58.271 54.264 56.257
56.434 56.390 56.349 56.311 56.277 56.245 56.217 57.192 59.172 61.158 36.152 3.152 0.000 0.000 0.000 0.000 0.000 0.000 0.000 3.776 12.768 0.000 0.000 15.899 56.758 87.651 93.548 93.537 92.564 99.472 99.387 95.283 92.989 92.841 92.748 92.654 92.561 92.469 88.375 35.251 0.000 0.000 0.000 43.815 49.796 44.720 44.649 44.574 44.498 44.423 44.350 44.281 44.219 44.165 44.120 44.084 41.059 50.045 50.040 46.040 0.000 0.000 0.000 47.314 46.312 47.307 47.302 47.295 47.288 47.281 46.274 46.268 45.263
57.491 57.450 60.411 64.375 67.342 71.313 73.286 76.264 75.246 67.235 5.234 16.250 40.303 8.327 0.000 0.000 0.000 0.000 0.000 43.785 70.760 10.720 0.000 50.041 82.942 92.833 93.732 93.662 92.885 99.546 91.718 93.405 93.088 93.013 92.916 92.822 92.727 93.634 80.559 0.000 0.000 0.000 0.000 23.835 43.854 44.805 46.719 46.644 44.583 44.520 44.456 44.393 44.335 44.284 44.241 41.206 46.181 49.166 50.160 41.162 0.000 0.000 0.000 31.310 52.306 52.303 49.298 46.293 46.287 47.281 48.275 48.270 47.266
59.545 58.507 65.470 74.437 75.405 74.377 73.352 72.330 69.313 63.303 38.301 55.310 73.333 42.351 26.371 2.380 0.000 0.000 14.857 53.818 67.766 6.680 25.517 67.282 92.133 95.016 93.857 94.068 92.044 99.608 93.701 93.416 93.269 93.177 93.084 92.990 92.891 94.780 38.669 0.000 0.000 0.000 0.000 0.000 39.980 45.926 26.781 26.698 43.669 44.619 44.560 44.501 44.445 44.395 43.353 41.318 50.293 50.277 47.272 41.284 47.333 0.000 0.000 0.000 63.301 78.299 71.295 67.290 63.285 59.281 62.276 62.272 45.269
59.597 59.561 62.527 65.495 64.465 62.438 60.413 58.392 56.374 56.362 65.356 67.357 64.365 61.374 65.383 13.388 0.000 0.000 54.896 84.864 35.806 31.718 65.590 89.435 94.302 94.157 94.274 92.229 99.691 92.104 93.819 93.506 93.435 93.341 93.253 93.164 96.069 52.924 0.000 0.000 0.000 0.000 0.000 0.000 42.160 47.137 0.000 0.000 40.775 44.727 44.666 44.605 44.549 44.499 41.457 49.422 50.395 49.377 40.368 44.370 44.382 0.000 0.000 0.000 31.299 61.297 79.292 78.288 78.284 78.280 78.277 72.274 62.271
59.646 59.614 59.582 58.552 58.523 59.496 59.472 59.449 57.430 58.415 63.404 66.398 62.397 57.398 60.400 15.400 0.000 0.000 46.968 56.935 34.877 67.795 82.690 91.570 94.452 94.382 93.480 100.059 99.829 93.093 93.822 93.680 93.592 93.504 93.420 93.345 96.294 0.000 0.000 11.659 20.659 0.000 0.000 43.458 46.363 45.326 52.348 1.253 40.929 44.848 44.771 44.704 44.646 42.596 44.553 50.517 50.489 42.468 43.453 44.446 44.443 0.000 0.000 0.000 0.000 0.000 61.288 77.285 77.282 77.280 77.277 78.275 78.273
59.695 59.665 59.636 59.607 59.579 59.552 59.527 58.504 57.482 61.463 65.446 65.434 60.426 56.421 61.417 14.413 0.000 0.000 43.073 12.032 58.972 82.895 88.803 94.708 94.557 94.766 92.754 100.264 92.510 94.221 93.909 93.840 93.749 93.663 93.579 100.502 84.469 0.000 7.658 57.659 43.659 0.000 0.000 38.553 46.507 45.458 45.404 51.297 49.107 47.966 44.865 44.793 44.735 41.686 49.643 50.606 46.575 41.551 44.532 44.516 46.502 50.514 0.000 0.000 0.000 0.000 0.000 74.282 77.280 77.279 77.277 78.275 76.274
59.745 59.717 59.688 59.660 59.633 59.607 58.582 57.557 59.533 63.508 66.484 62.465 57.451 56.443 59.435 41.422 28.393 29.331 25.218 26.148 66.082 87.009 92.930 94.819 94.956 92.946 100.624 100.452 93.513 94.226 94.080 93.991 93.903 93.818 98.732 41.615 56.611 26.648 57.658 65.660 0.000 0.000 0.000 37.693 46.654 45.594 45.515 55.400 66.237 40.045 49.931 45.868 42.816 44.769 50.726 49.688 40.656 43.630 44.607 44.583 31.537 32.525 0.000 0.000 0.000 0.000 0.000 55.280 76.279 77.278 77.277 81.276 77.275
59.797 59.769 59.741 59.713 59.687 59.661 57.635 57.610 61.583 68.553 69.518 65.490 60.473 58.463 58.458 60.448 60.425 69.383 10.320 44.260 82.199 89.132 95.059 95.024 94.154 100.931 100.782 93.866 94.647 94.309 94.235 94.140 94.054 93.975 101.917 0.000 39.712 41.675 31.665 33.662 0.000 0.000 0.171 40.874 46.821 45.749 51.662 67.553 44.395 0.000 30.945 43.933 41.893 49.847 50.803 46.764 43.731 44.705 44.685 46.671 0.000 0.000 0.000 0.000 0.000 0.000 47.279 28.279 67.278 77.277 77.276 82.276 77.275
59.848 59.820 59.793 59.766 59.739 58.714 57.688 59.663 66.637 43.604 19.542 18.506 15.486 45.479 62.487 57.486 60.477 41.456 3.419 49.374 87.321 93.268 95.154 95.396 93.418 101.069 94.198 94.974 94.542 94.483 94.378 94.284 94.195 95.113 93.042 14.987 14.849 0.000 0.000 0.000 0.000 0.000 40.253 48.105 46.007 44.919 64.832 68.753 0.000 0.000 1.066 40.024 45.977 50.924 50.876 40.834 44.799 44.773 44.756 47.746 0.000 0.000 0.000 0.000 0.000 0.000 26.279 0.000 55.277 77.277 77.276 83.276 77.275
59.899 59.871 59.844 59.818 58.792 57.766 59.742 62.719 70.698 29.682 0.000 0.000 0.000 0.000 44.524 59.533 60.541 46.543 48.527 74.495 91.454 95.377 95.549 93.569 101.311 101.195 95.176 94.869 94.720 94.616 94.518 94.423 94.330 97.239 82.152 11.069 0.000 0.000 0.000 0.000 0.000 1.616 40.403 47.287 46.182 44.088 71.995 32.874 0.000 0.000 46.248 51.147 51.066 50.998 48.941 43.895 44.860 44.834 44.818 46.812 0.000 50.904 2.904 0.000 0.000 0.000 0.000 0.000 48.276 77.276 77.276 77.275 77.275
59.949 59.922 59.896 59.869 58.843 57.817 61.793 65.771 69.754 27.745 0.000 0.000 0.000 0.000 24.553 67.581 62.611 68.647 81.650 90.628 94.588 95.594 94.742 101.515 101.416 94.509 95.284 94.940 94.856 94.752 94.654 94.560 98.464 61.361 33.256 0.000 0.000 0.000 0.000 0.000 2.894 42.772 47.597 46.459 48.347 45.255 69.187 0.000 0.000 41.562 48.391 64.250 53.142 50.060 45.996 43.947 43.910 44.885 44.871 44.871 49.895 45.904 36.904 0.000 0.000 0.000 44.275 46.275 45.276 77.276 77.275 77.275 77.275
59.999 59.973 59.947 59.921 57.894 59.868 65.842 66.819 64.803 51.798 12.815 0.000 0.000 0.000 0.000 20.628 16.675 56.785 87.799 91.778 95.717 95.886 94.008 101.605 93.819 95.597 95.161 95.095 96.982 95.882 94.787 94.697 100.607 23.484 0.000 0.000 0.000 0.000 0.000 24.121 63.015 62.897 50.754 47.604 58.492 53.397 54.312 15.226 3.054 39.733 44.505 55.321 51.193 55.102 49.036 51.986 50.949 47.924 44.910 43.905 43.911 49.913 0.000 0.000 0.000 0.000 41.275 41.275 51.275 77.275 77.275 77.275 77.275
