results4_8e4_rain/res_4e8f-0110.wd
ncols         241
nrows         181
xllcorner     12693529.787448
yllcorner     3542525.717860
cellsize      155.156523
NODATA_value  -9999.000000
[rows 66 to 98 of 181, columns 73 to 145 of 241]
69.144 33.133 0.000 58.315 75.294 74.264 74.237 0.000 45.657 45.639 58.650 54.658 53.638 53.593 52.527 128.432 116.268 0.000 0.000 0.000 49.068 44.011 48.925 51.868 51.821 53.778 54.738 59.694 60.653 61.609 52.548 0.000 0.000 49.845 99.845 81.756 85.609 85.688 83.734 91.660 84.131 84.605 85.338 84.105 83.878 84.668 54.509 0.000 0.000 0.000 0.000 0.000 0.000 0.000 33.225 31.207 31.172 31.122 31.060 30.995 34.924 47.849 44.773 29.696 40.617 49.540 28.465 31.391 37.318 42.246 38.174 32.104 30.035
54.145 60.122 0.000 46.523 70.489 69.461 63.464 16.544 0.000 0.000 51.724 64.799 53.798 52.768 53.726 34.686 0.000 0.000 0.000 0.000 0.000 0.000 59.865 57.841 55.812 38.775 41.734 48.690 49.657 54.625 45.587 0.000 0.000 0.000 60.085 77.991 84.922 85.009 92.098 91.886 84.210 84.892 84.598 84.382 84.166 78.974 36.838 0.000 1.030 34.030 0.000 0.000 0.000 39.262 34.262 31.242 31.205 31.157 31.099 31.035 30.966 30.894 37.820 51.744 52.668 35.593 29.518 30.445 31.372 35.301 34.230 30.160 30.092
56.154 55.088 59.958 57.765 71.676 64.629 65.612 62.625 0.000 0.000 0.000 67.015 61.989 56.955 58.922 5.900 0.000 0.000 0.000 0.000 0.000 0.000 58.830 54.821 45.810 0.000 0.000 46.675 58.661 57.647 0.000 0.000 5.794 62.674 54.419 58.239 65.313 80.369 92.295 83.962 85.510 85.069 84.874 84.651 82.432 65.223 44.030 50.030 48.030 29.030 0.000 0.000 0.000 0.000 48.320 30.292 31.252 35.202 43.144 33.080 31.013 29.941 33.868 48.794 55.719 47.644 33.571 28.498 30.426 30.355 30.285 30.215 29.147
56.192 54.120 58.020 68.905 62.821 55.765 74.731 63.718 15.733 0.000 9.399 59.259 75.187 70.140 70.108 73.091 0.000 0.000 0.000 0.000 4.790 4.794 56.804 47.802 50.797 0.000 0.000 0.000 94.663 121.655 36.655 0.000 61.914 56.811 56.649 56.554 52.635 92.657 92.481 85.013 88.614 85.355 85.141 84.920 76.688 29.456 0.000 52.030 30.030 0.000 0.000 0.000 36.511 35.477 34.405 30.356 34.307 46.254 51.195 49.131 42.062 31.991 40.918 48.843 27.769 33.695 46.622 43.550 39.479 47.409 28.339 30.269 28.201
54.248 60.178 70.098 62.013 53.939 53.880 66.830 74.783 70.748 73.676 75.540 70.433 65.360 67.311 56.280 55.264 0.000 0.000 0.000 5.784 61.786 60.788 48.790 50.787 51.778 55.762 54.751 0.000 5.674 0.000 0.000 8.298 68.136 61.008 55.847 56.936 54.979 92.817 54.642 62.226 76.817 84.632 85.413 83.201 41.945 0.000 0.000 0.000 0.000 0.000 0.000 37.569 31.545 31.514 31.467 32.420 42.368 51.312 50.251 50.185 46.115 42.043 51.968 34.894 29.819 30.745 30.673 40.602 53.532 40.462 28.392 29.322 35.255
60.312 71.248 61.179 54.109 55.043 54.984 56.925 40.836 66.800 64.740 56.653 53.572 52.509 68.465 70.436 57.422 0.000 0.000 0.000 61.782 57.782 54.782 47.781 51.777 51.768 51.756 51.740 10.715 13.685 14.655 16.602 84.461 81.329 70.198 69.154 58.150 93.100 92.965 56.700 63.345 58.116 64.914 83.681 58.526 0.000 0.000 0.000 0.000 0.000 0.000 0.000 37.592 31.588 31.568 31.532 32.487 41.434 51.376 50.312 49.243 46.171 51.096 45.020 28.944 30.868 30.794 30.722 40.652 48.584 27.516 30.446 33.371 52.306
71.383 61.324 54.263 55.200 55.141 56.089 37.051 0.000 23.878 51.829 54.761 54.693 54.640 52.602 76.578 60.566 0.000 0.000 0.000 38.780 55.778 49.777 50.775 51.770 51.763 51.753 51.739 62.720 2.695 6.680 23.689 76.614 86.511 8.399 90.320 80.511 93.218 55.282 68.921 65.561 55.428 52.227 48.869 33.697 0.000 0.000 33.158 0.000 0.000 0.000 0.000 33.620 31.647 31.637 31.605 31.561 32.507 38.446 46.378 46.306 46.230 50.151 28.072 30.994 30.917 29.842 35.770 52.701 35.636 29.572 32.506 13.412 14.348
61.459 54.404 55.346 55.288 55.232 58.181 14.137 12.103 5.005 49.936 54.869 56.799 54.756 53.726 71.707 67.699 0.000 0.000 0.000 0.000 46.774 49.773 51.771 51.767 51.761 51.753 53.744 39.732 0.000 0.000 73.861 76.796 87.705 93.575 87.677 85.712 93.319 76.335 79.035 63.874 56.777 49.701 0.000 0.000 0.000 0.000 31.158 0.000 0.000 0.000 0.000 0.000 34.746 31.727 31.692 31.645 31.587 31.522 31.449 38.372 46.290 34.207 31.124 31.042 30.963 33.886 46.815 46.747 28.686 30.632 33.592 0.572 0.000
54.539 55.486 55.431 55.374 55.318 55.265 59.215 60.166 60.103 56.043 55.978 35.879 52.859 53.840 69.826 68.822 0.000 0.000 0.000 0.000 45.771 51.770 51.768 51.765 51.761 51.756 39.750 0.000 0.000 2.266 79.097 85.006 87.906 87.851 86.928 93.453 85.825 88.539 83.226 68.165 58.104 57.100 57.238 0.000 0.000 0.000 28.158 35.159 28.159 0.000 0.000 0.000 49.863 30.834 31.791 31.738 31.676 32.605 31.526 31.442 31.353 31.264 31.175 31.088 30.005 35.927 50.855 27.788 30.729 30.679 32.642 7.631 0.000
55.623 55.571 55.516 55.459 55.402 55.345 55.292 55.243 55.197 55.155 59.123 0.000 45.960 54.947 70.937 65.942 1.985 0.000 0.000 0.000 50.770 53.769 53.767 53.765 51.762 54.760 0.000 0.000 0.000 71.405 77.314 88.224 88.103 88.209 86.255 93.664 86.962 91.604 87.494 88.426 76.375 64.356 53.376 48.376 50.376 0.000 0.000 34.160 29.159 35.154 36.140 34.101 40.009 49.954 31.901 32.842 41.774 48.696 30.609 31.515 31.418 31.320 31.224 30.131 35.044 53.963 47.889 36.822 29.763 30.711 32.668 47.628 65.572
55.710 55.658 55.604 55.546 55.485 55.422 55.365 58.317 56.286 55.258 59.236 0.000 46.074 55.052 72.032 64.023 4.028 0.000 0.000 0.000 23.769 33.768 32.767 32.765 53.762 38.761 0.000 0.000 0.000 73.607 83.534 88.441 88.397 87.499 94.310 94.005 88.032 88.874 87.730 87.672 88.616 79.571 44.535 0.000 0.000 0.000 0.000 32.162 32.164 29.164 31.164 32.156 31.117 38.071 52.018 34.956 32.881 42.796 30.699 31.593 31.484 31.375 31.269 31.169 39.076 51.991 38.916 50.848 28.789 29.736 34.689 55.643 67.591
55.801 55.748 55.694 55.635 55.569 58.493 60.430 32.374 53.374 56.353 58.327 18.304 49.211 54.156 66.116 64.090 5.076 0.000 0.000 0.000 0.000 0.000 0.000 0.000 34.762 0.000 0.000 0.000 22.052 71.882 88.772 88.651 88.765 86.848 94.585 86.625 92.329 88.022 87.975 87.907 87.846 77.779 38.657 0.000 0.000 0.000 0.000 0.000 35.170 36.176 23.194 31.243 32.233 32.197 36.145 52.080 35.001 31.907 31.797 31.675 31.549 31.426 29.309 35.199 54.099 35.011 33.934 47.867 31.809 29.756 36.709 62.663 67.616
55.893 55.841 55.788 55.733 57.665 33.549 35.490 0.000 15.483 51.454 55.417 59.373 55.308 58.247 63.186 68.144 7.110 0.000 0.000 0.000 0.000 0.000 0.000 0.000 0.000 0.000 0.000 5.342 81.222 83.100 88.992 88.946 88.064 95.082 94.843 87.690 88.403 88.273 88.203 88.138 87.082 67.042 0.000 0.000 0.000 0.000 0.000 0.000 0.000 27.176 0.000 38.390 35.373 31.338 31.286 33.220 50.136 39.033 30.908 31.761 31.613 30.472 35.341 37.220 36.112 33.020 30.944 30.879 30.822 31.772 44.727 66.685 67.643
55.984 55.934 55.886 55.842 60.809 0.000 0.000 21.709 13.620 47.563 56.513 54.462 56.403 68.336 40.238 34.191 0.000 0.000 0.000 0.000 0.000 0.000 0.000 0.000 0.000 0.000 0.000 68.462 73.393 87.303 89.185 89.315 87.409 95.303 87.196 88.869 88.562 88.501 88.425 88.360 80.304 57.265 0.000 0.000 0.000 0.000 0.000 0.000 0.000 0.000 0.000 42.554 37.533 31.496 29.443 32.375 32.291 48.183 41.039 31.849 32.669 30.508 37.362 37.229 34.108 28.015 30.942 30.881 32.829 46.784 65.743 67.706 70.672
57.073 55.024 54.979 54.942 57.918 27.926 24.886 56.799 61.725 55.665 53.612 60.559 70.505 73.457 0.000 0.000 0.000 0.000 0.000 0.000 0.000 0.000 0.000 0.000 0.000 0.000 0.000 70.652 78.587 88.498 89.489 88.527 95.709 95.511 88.230 88.932 88.793 88.714 88.640 88.571 70.507 52.450 0.000 0.000 0.000 0.000 0.000 0.000 0.000 0.000 0.000 40.738 38.711 38.668 35.614 28.548 30.470 31.369 47.219 46.925 43.708 40.529 33.372 32.225 29.075 29.990 30.927 34.875 54.830 66.790 66.755 67.724 66.696
71.158 70.109 69.065 67.027 63.998 64.974 64.933 61.875 62.816 64.761 64.709 70.657 72.602 30.529 0.000 0.000 0.000 0.000 0.000 0.000 0.000 0.000 0.000 0.000 0.000 9.168 17.089 71.907 88.798 89.706 89.655 88.883 95.892 87.711 89.384 89.070 89.004 88.921 88.848 86.779 68.704 39.577 0.000 0.000 0.000 0.000 0.000 0.000 0.000 0.000 0.000 30.948 34.906 37.853 38.796 37.735 34.671 30.603 24.542 0.000 0.000 0.000 0.000 0.000 32.978 30.943 33.902 54.862 67.826 66.793 67.763 70.737 66.716
67.237 69.188 68.144 70.106 72.071 71.038 69.998 67.951 65.903 65.854 66.807 62.759 62.716 0.000 0.000 0.000 0.000 0.000 0.000 0.000 0.000 0.000 0.000 0.000 0.000 58.248 81.191 80.088 88.995 89.883 90.009 88.111 96.063 89.807 89.411 89.286 89.201 89.122 89.053 84.994 64.952 0.000 0.000 0.000 0.000 0.000 0.000 0.000 0.000 0.000 38.355 33.201 30.111 32.042 36.982 38.926 38.875 39.832 30.804 0.000 0.000 0.000 0.000 0.000 33.917 31.901 47.875 68.847 66.819 66.792 66.768 67.747 66.730
55.311 55.262 56.219 63.180 72.143 78.108 66.071 60.030 54.989 52.947 51.904 57.857 36.786 0.000 0.000 0.000 0.000 0.000 0.000 0.000 0.000 0.000 0.000 0.000 0.000 64.384 80.339 88.264 90.178 90.146 89.276 96.366 96.221 91.828 89.633 89.471 89.393 89.314 89.246 84.191 59.159 0.000 0.000 0.000 0.000 0.000 0.000 0.000 0.000 38.639 33.509 33.389 33.297 32.223 29.163 34.112 38.072 39.046 36.037 0.000 0.000 0.000 0.000 36.860 30.873 34.867 62.852 66.832 66.811 66.790 66.770 66.753 66.740
54.379 54.332 58.290 63.251 65.215 68.180 58.146 54.111 55.075 55.040 57.006 34.979 0.000 0.000 0.000 0.000 0.000 0.000 0.000 0.000 0.000 0.000 0.000 0.000 0.000 50.566 79.517 89.449 90.349 90.479 88.588 96.500 89.383 91.054 89.733 89.666 89.577 89.497 89.425 80.368 53.333 0.000 0.000 0.000 0.000 0.000 0.000 0.000 37.889 33.768 33.654 33.550 33.463 33.392 33.333 30.288 29.256 32.244 39.263 39.353 0.000 0.000 0.000 30.847 31.849 49.844 66.833 65.818 65.802 66.786 66.770 66.757 66.746
54.442 54.397 56.356 57.319 55.285 54.252 55.221 54.192 54.162 54.132 59.102 4.073 0.000 0.000 0.000 0.000 0.000 0.000 0.000 0.000 0.000 0.000 0.000 0.000 1.978 58.796 87.718 90.637 90.609 89.740 96.742 96.625 92.384 90.083 89.936 89.845 89.755 89.670 90.591 70.521 58.472 0.000 0.000 37.554 0.000 37.295 39.246 39.154 34.009 33.892 33.788 33.695 33.615 33.547 33.492 33.450 32.421 29.409 38.417 39.443 32.443 0.000 0.000 38.833 30.831 38.826 44.818 47.806 51.794 57.781 63.769 65.758 65.749
55.501 55.459 55.420 55.384 55.352 54.323 54.296 54.272 54.249 53.226 61.196 12.137 0.000 0.000 0.000 0.000 0.000 0.000 0.000 0.000 0.000 0.000 0.000 0.000 43.122 79.011 89.920 90.810 90.950 89.042 96.848 89.842 91.514 90.196 90.119 90.022 89.929 89.838 90.747 62.653 40.562 0.000 0.000 33.554 0.000 32.343 34.290 34.206 34.103 34.003 33.911 33.828 33.754 33.690 33.638 33.598 31.570 33.555 39.553 36.560 0.000 0.000 0.000 37.820 36.818 35.813 34.805 33.796 32.786 36.775 47.766 43.757 45.750
53.556 53.516 53.479 53.447 53.417 53.392 53.369 54.350 56.336 58.326 33.319 0.369 0.000 0.000 0.000 0.000 0.000 0.000 0.000 1.305 10.295 0.000 0.000 13.463 54.325 85.211 91.104 91.092 90.120 97.031 96.944 92.836 90.540 90.389 90.293 90.196 90.101 90.006 85.908 32.780 0.000 0.000 0.000 33.554 39.533 34.446 34.364 34.279 34.192 34.108 34.026 33.950 33.882 33.822 33.772 33.733 30.705 39.689 39.682 35.683 0.000 0.000 0.000 36.810 35.807 36.802 36.795 36.787 36.778 36.770 35.762 35.755 34.749
54.607 54.569 57.536 61.506 64.479 68.457 70.438 73.425 72.419 64.424 2.452 13.525 37.571 5.596 0.000 0.000 0.000 0.000 0.000 41.314 68.290 8.253 0.000 47.601 80.504 90.394 91.293 91.222 90.446 97.106 89.279 90.963 90.644 90.567 90.467 90.370 90.272 91.176 78.099 0.000 0.000 0.000 0.000 13.577 33.599 34.542 36.443 36.353 34.280 34.208 34.136 34.066 34.002 33.945 33.896 30.858 35.830 38.812 39.805 30.806 0.000 0.000 0.000 20.804 41.798 41.793 38.786 35.779 35.771 36.764 37.757 37.751 36.747
56.653 55.619 62.588 71.561 72.537 71.517 70.502 69.492 66.490 60.498 35.521 52.559 70.594 39.620 23.644 0.000 0.000 0.000 12.379 51.344 65.296 4.217 23.063 64.837 89.693 92.579 91.421 91.633 89.609 97.169 91.267 90.981 90.831 90.737 90.641 90.545 90.442 92.327 36.213 0.000 0.000 0.000 0.000 0.000 29.744 35.681 16.512 16.411 33.368 34.310 34.244 34.177 34.114 34.058 33.011 30.973 39.944 39.925 36.919 30.931 36.980 0.000 0.000 0.000 52.789 67.785 60.778 56.771 52.764 48.758 51.752 51.747 34.744
56.696 56.665 59.638 62.613 61.591 59.574 57.560 55.552 53.551 53.558 62.574 64.599 61.624 58.647 62.668 10.687 0.000 0.000 52.414 82.386 33.335 29.255 63.136 86.990 91.863 91.722 91.843 89.798 97.253 89.678 91.391 91.076 91.003 90.907 90.816 90.725 93.626 50.476 0.000 0.000 0.000 0.000 0.000 0.000 31.952 36.928 0.000 0.000 30.471 34.420 34.352 34.283 34.220 34.164 31.117 39.078 40.048 39.027 30.016 34.017 34.029 0.000 0.000 0.000 20.784 50.780 68.771 67.763 67.756 67.751 67.746 61.742 51.739
56.736 56.709 56.684 55.661 55.642 56.625 56.613 56.606 54.604 55.609 60.620 63.637 59.656 54.676 57.694 12.706 0.000 0.000 44.477 54.451 32.403 65.331 80.237 89.126 92.016 91.952 91.054 97.635 97.395 90.672 91.400 91.256 91.166 91.076 90.990 90.913 93.860 0.000 0.000 9.238 18.238 0.000 0.000 33.291 36.185 35.150 42.193 0.000 30.624 34.547 34.461 34.384 34.319 32.262 34.214 40.174 40.142 32.118 33.102 34.094 34.091 0.000 0.000 0.000 0.000 0.000 50.762 66.754 66.748 66.743 66.739 67.736 67.734
56.775 56.751 56.728 56.707 56.688 56.673 56.662 55.654 54.651 58.652 62.660 62.672 57.689 53.707 58.725 11.737 0.000 0.000 40.567 9.539 56.493 80.431 86.352 92.268 92.125 92.341 90.335 97.848 90.098 91.808 91.494 91.423 91.330 91.241 91.155 98.076 82.041 0.000 5.238 55.238 41.238 0.000 0.000 28.398 36.347 35.295 35.236 41.102 38.855 37.684 34.561 34.475 34.408 31.352 39.304 40.263 36.229 31.202 34.181 34.164 36.150 40.161 0.000 0.000 0.000 0.000 0.000 63.742 66.739 66.736 66.732 67.729 65.727
56.813 56.791 56.769 56.750 56.732 56.718 55.706 54.697 56.692 60.691 63.694 59.703 54.719 53.740 56.762 38.780 25.795 26.766 22.684 23.644 63.601 84.547 90.482 92.383 92.531 90.529 98.221 98.043 91.108 91.820 91.672 91.581 91.491 91.404 96.315 39.193 54.189 24.227 55.237 63.239 0.000 0.000 0.000 27.554 36.512 35.446 35.355 45.216 56.011 29.773 39.623 35.546 32.487 34.434 40.386 39.344 30.309 33.281 34.256 34.231 21.184 22.173 0.000 0.000 0.000 0.000 0.000 44.734 65.731 66.728 66.725 70.722 66.720
56.852 56.830 56.809 56.791 56.774 56.759 54.747 54.737 58.730 65.725 66.722 62.729 57.745 55.771 55.803 57.827 57.837 66.820 7.760 41.751 79.720 86.674 92.618 92.596 91.737 98.539 98.385 91.470 92.249 91.910 91.835 91.738 91.648 91.568 99.507 0.000 37.294 39.255 29.245 31.242 0.000 0.000 0.000 30.754 36.699 35.622 41.524 57.393 34.202 0.000 20.612 33.601 31.560 39.510 40.462 36.419 33.384 34.355 34.333 36.318 0.000 0.000 0.000 0.000 0.000 0.000 36.728 17.728 56.723 66.720 66.718 71.715 66.712
56.889 56.868 56.848 56.829 56.813 55.798 54.785 56.775 63.766 40.758 16.741 15.744 12.761 42.795 59.853 54.886 57.908 38.918 0.911 46.882 84.853 90.819 92.722 92.977 91.010 98.681 91.810 92.585 92.152 92.091 91.984 91.889 91.798 92.712 90.639 12.581 12.438 0.000 0.000 0.000 0.000 0.000 30.158 38.008 35.910 34.819 54.724 58.631 0.000 0.000 0.000 29.687 35.641 40.586 40.534 30.488 34.451 34.422 34.402 37.392 0.000 0.000 0.000 0.000 0.000 0.000 15.727 0.000 44.714 66.712 66.711 72.709 66.706
56.925 56.904 56.885 56.867 55.850 54.835 56.822 59.811 67.803 26.798 0.000 0.000 0.000 0.000 41.928 56.957 57.991 44.028 46.068 72.030 89.002 92.941 93.128 91.162 98.931 98.812 92.794 92.487 92.338 92.233 92.133 92.036 91.941 94.845 79.754 8.668 0.000 0.000 0.000 0.000 0.000 0.000 30.309 37.212 36.113 34.021 61.923 22.777 0.000 0.000 35.940 40.820 40.732 40.659 38.598 33.548 34.510 34.481 34.463 36.455 0.000 40.537 0.000 0.000 0.000 0.000 0.000 0.000 37.705 66.705 66.704 66.703 66.701
56.960 56.940 56.921 56.902 55.885 54.870 58.856 62.844 66.836 24.832 0.000 0.000 0.000 0.000 21.975 65.021 60.072 66.136 79.175 88.172 92.148 93.170 92.334 99.143 99.041 92.135 92.909 92.565 92.481 92.376 92.278 92.182 96.083 58.974 30.864 0.000 0.000 0.000 0.000 0.000 0.000 32.758 37.556 36.416 38.311 35.228 59.169 0.000 0.000 31.207 38.060 53.920 42.808 39.720 35.652 33.598 33.558 34.530 34.513 34.510 39.531 35.537 26.537 0.000 0.000 0.000 33.693 35.694 34.698 66.699 66.698 66.698 66.697
56.994 56.974 56.955 56.937 54.920 56.903 62.888 63.875 61.866 48.863 9.873 0.000 0.000 0.000 0.000 18.081 14.141 54.269 85.325 89.332 93.292 93.476 91.612 99.235 91.452 93.229 92.794 92.728 94.616 93.515 92.420 92.330 98.236 21.105 0.000 0.000 0.000 0.000 0.000 14.299 53.193 52.961 40.741 37.585 48.488 43.412 44.357 5.361 0.000 29.354 34.174 44.992 40.859 44.762 38.690 41.636 40.596 37.567 34.549 33.542 33.544 39.545 0.000 0.000 0.000 0.000 30.692 30.692 40.693 66.694 66.693 66.693 66.692
