results4_8e4_rain/res_4e8f-0137.wd
ncols         241
nrows         181
xllcorner     12693529.787448
yllcorner     3542525.717860
cellsize      155.156523
NODATA_value  -9999.000000
[rows 33 to 65 of 181, columns 73 to 145 of 241]
0.000 0.000 0.000 0.000 0.000 0.000 0.000 0.000 0.000 0.000 0.000 0.000 0.000 0.000 0.000 0.000 0.000 0.000 0.000 0.000 0.000 0.000 0.000 0.000 0.000 0.000 0.000 0.000 0.000 0.000 0.000 0.000 0.000 0.000 0.000 0.000 0.000 0.000 0.000 38.410 61.411 66.413 22.416 0.000 0.000 31.494 45.523 12.503 3.504 35.526 38.542 32.542 33.524 34.490 34.439 34.371 34.283 33.172 39.025 58.796 5.330 13.481 10.786 45.972 62.440 66.968 65.528 66.132 64.672 66.764 61.824 61.425 61.416
0.000 0.000 0.000 0.000 0.000 0.000 0.000 0.000 0.000 0.000 0.000 0.000 0.000 0.000 0.000 0.000 0.000 0.000 0.000 0.000 0.000 0.000 0.000 0.000 0.000 0.000 0.000 0.000 0.000 0.000 0.000 0.000 0.000 0.000 0.000 0.000 0.000 0.000 0.000 0.000 13.412 8.413 0.000 0.000 0.000 0.000 27.614 0.000 0.000 25.567 49.609 48.614 38.598 34.563 34.509 34.435 34.341 33.229 55.100 52.948 0.000 36.328 48.906 62.347 66.836 66.361 65.934 65.445 66.509 62.531 61.818 62.071 64.377
0.000 0.000 0.000 0.000 0.000 0.000 0.000 0.000 0.000 0.000 0.000 0.000 0.000 0.000 0.000 0.000 0.000 0.000 34.040 66.040 19.040 0.000 0.000 0.000 0.000 0.000 0.000 0.000 0.000 0.000 0.000 0.000 0.000 0.000 0.000 0.000 0.000 0.000 0.000 0.000 0.000 0.000 0.000 0.000 0.000 0.000 19.705 0.000 0.000 0.000 27.711 45.706 45.690 36.656 34.600 34.519 32.417 48.301 57.199 0.000 21.981 46.597 61.161 67.674 67.189 66.738 66.222 68.258 64.247 62.338 62.736 65.063 64.312
0.000 0.000 0.000 0.000 0.000 0.000 0.000 0.000 0.000 0.000 0.000 21.042 59.042 0.000 0.000 0.000 0.000 0.000 41.040 92.040 48.040 0.000 0.000 0.000 0.000 0.000 0.000 0.000 0.000 0.000 0.000 0.000 0.000 0.000 0.000 0.000 0.000 0.000 0.000 0.000 0.000 0.000 0.000 0.000 0.000 0.000 22.796 23.837 30.856 16.855 26.819 34.811 47.800 38.771 34.714 31.625 42.506 52.361 41.195 16.878 46.365 63.919 68.468 67.996 67.538 67.002 67.010 65.974 62.972 63.416 65.756 65.010 64.779
0.000 0.000 0.000 0.000 0.000 0.000 0.000 0.000 0.000 0.000 0.000 42.042 77.042 66.042 53.042 8.042 2.042 26.041 80.041 88.040 53.040 0.000 0.000 0.000 0.000 21.872 0.872 0.000 0.000 0.000 0.000 0.000 0.000 0.000 0.000 0.000 0.000 5.878 0.000 0.000 0.000 9.879 27.879 0.000 0.000 38.858 53.846 56.860 54.876 40.889 34.899 33.918 47.928 38.914 30.861 44.761 58.622 46.441 34.342 49.076 53.680 66.248 68.791 68.334 67.786 67.769 65.714 63.717 64.117 66.462 65.721 65.493 65.164
0.000 0.000 0.000 0.000 0.000 0.000 0.000 0.000 0.000 0.000 0.000 13.042 75.042 58.042 39.042 1.042 22.042 72.041 83.041 90.040 49.040 0.000 0.000 0.000 0.000 59.872 43.872 0.000 0.000 0.000 0.000 0.000 0.000 0.000 0.000 0.000 22.878 34.878 36.878 0.000 0.000 18.879 43.879 22.878 36.876 59.871 62.870 63.880 60.899 47.927 34.972 32.033 49.080 40.096 44.057 61.935 55.778 0.000 32.654 51.404 64.031 69.597 69.144 68.587 68.544 66.476 64.589 64.842 67.186 66.452 66.227 65.896 65.569
0.000 0.000 0.000 0.000 0.000 0.000 0.000 0.000 0.000 0.000 0.000 0.000 0.000 26.042 64.042 60.042 48.042 61.042 81.041 92.040 45.039 0.000 0.000 0.000 0.000 21.872 45.872 47.872 0.000 0.000 0.000 0.000 0.000 0.000 0.000 0.000 38.878 39.878 51.879 34.879 23.879 37.879 38.879 34.879 41.879 48.879 46.882 39.893 58.913 24.949 41.027 44.161 34.264 46.333 59.335 56.143 0.000 7.646 44.218 60.852 69.445 69.982 69.429 69.354 66.280 65.631 65.601 67.934 67.206 66.986 66.658 66.327 65.976
0.000 0.000 0.000 0.000 0.000 0.000 0.000 0.000 0.000 0.000 0.000 0.000 0.000 16.042 83.043 78.043 68.043 58.043 82.042 90.040 85.038 70.034 25.032 0.000 0.000 0.000 1.872 55.872 39.873 37.873 48.873 43.873 6.873 0.000 0.000 2.878 38.878 37.878 58.879 64.879 53.879 45.880 37.880 34.881 35.882 36.883 35.888 33.896 41.909 2.929 0.000 3.321 39.481 62.636 60.806 0.410 6.405 44.074 57.719 67.351 70.884 70.441 71.213 67.160 66.921 66.414 68.713 67.987 67.768 67.447 67.124 66.773 66.392
0.000 0.000 0.000 0.000 0.000 0.000 0.000 0.000 0.000 0.000 0.000 0.000 0.000 0.000 16.043 55.043 30.044 66.044 85.043 90.041 88.037 86.033 75.030 34.027 0.000 0.000 0.000 11.873 50.873 50.873 63.873 61.873 54.874 49.874 0.000 0.000 5.878 42.878 61.879 68.879 60.880 44.880 33.881 34.882 34.883 34.886 34.889 34.894 38.899 0.000 0.000 0.000 9.703 46.925 16.436 13.804 48.735 53.523 65.252 71.849 71.695 69.929 68.250 68.587 67.316 69.545 68.805 68.576 68.254 67.941 67.611 67.251 66.831
0.000 0.000 0.000 0.000 0.000 0.000 0.000 0.000 0.000 0.000 0.000 0.000 0.000 0.000 0.000 1.045 87.046 87.046 89.045 89.042 88.038 82.032 76.027 47.024 0.000 0.000 0.000 0.000 0.000 18.873 63.873 57.873 72.874 69.874 48.875 27.876 28.878 37.878 59.879 68.879 59.880 42.880 32.881 37.883 36.884 34.887 34.889 34.892 35.894 27.893 0.000 0.000 0.000 0.000 8.208 51.273 54.205 62.057 72.773 72.880 71.237 73.113 70.839 68.366 70.462 69.680 69.417 69.078 68.762 68.446 68.129 67.788 66.357
0.000 0.000 0.000 0.000 0.000 0.000 21.972 44.969 0.000 22.914 62.904 51.892 55.881 30.875 0.000 0.000 23.049 95.049 89.050 86.046 83.039 86.030 77.022 40.018 0.000 0.000 0.000 0.000 0.000 0.000 0.000 7.874 61.874 62.874 13.874 0.000 4.878 41.878 59.879 64.879 54.880 45.881 43.882 5.883 12.885 40.887 34.889 34.891 35.892 41.893 49.892 11.892 0.000 0.000 23.914 56.874 60.770 71.578 73.791 73.422 76.715 75.286 69.726 71.512 70.639 70.309 69.929 69.588 69.263 68.956 68.670 68.415 74.225
0.000 0.000 0.000 0.000 0.000 0.000 21.974 64.966 6.948 56.924 58.906 70.890 53.877 38.869 0.000 0.000 11.051 80.053 92.058 89.053 89.042 90.028 84.015 38.007 0.000 0.000 0.000 0.000 0.000 0.000 0.000 0.000 0.000 46.874 5.874 0.000 0.878 47.879 44.879 56.879 13.879 0.000 0.000 0.000 0.000 6.888 44.890 38.891 1.892 31.892 65.892 48.892 1.892 0.000 28.669 62.510 71.413 74.534 74.289 78.474 77.730 71.098 72.643 71.672 71.256 70.818 70.433 70.077 69.746 69.444 69.179 68.978 73.904
20.245 64.241 54.238 0.000 0.000 0.000 15.985 75.974 51.953 53.929 59.906 83.886 84.869 79.855 33.841 0.000 0.000 0.000 40.077 94.066 89.047 90.025 87.003 45.987 0.000 0.000 0.000 0.000 0.000 0.000 0.000 0.000 0.000 4.874 0.000 0.000 0.000 0.000 0.000 0.000 0.000 0.000 0.000 0.000 0.000 0.000 0.000 19.891 16.891 0.000 0.000 0.000 0.000 18.082 55.498 72.451 74.127 75.060 79.414 79.024 72.134 73.677 72.698 72.224 71.732 71.301 70.905 70.540 70.202 69.895 69.625 69.412 72.293
20.246 76.241 58.234 54.227 0.000 0.000 3.007 67.991 69.962 69.931 81.902 78.878 90.857 89.840 50.828 0.000 0.000 0.000 16.106 96.087 89.057 90.021 86.984 46.952 0.000 0.000 7.537 55.501 67.462 36.435 0.000 0.000 0.000 0.000 0.000 0.000 0.000 0.000 0.000 0.000 0.000 0.000 0.000 0.000 0.000 0.000 0.000 0.000 4.891 0.000 0.000 0.000 16.047 56.554 73.514 74.096 80.323 79.814 73.415 73.970 74.461 73.631 73.149 72.636 72.173 71.744 71.346 70.975 70.629 70.308 70.014 76.753 17.523
84.248 81.241 60.232 61.220 53.205 0.155 58.045 53.023 60.973 73.933 77.894 88.867 89.842 88.820 57.802 0.000 0.000 0.000 15.154 95.120 89.073 90.019 84.958 64.887 48.775 49.672 49.573 57.505 78.449 45.409 0.000 0.000 0.000 0.000 0.000 0.000 0.000 0.000 0.000 0.000 0.000 0.000 0.000 0.000 0.000 0.000 0.000 0.000 0.000 0.000 14.140 44.916 54.423 73.409 74.999 81.670 81.075 73.966 75.680 75.007 74.456 73.989 73.492 73.022 72.576 72.156 71.760 71.385 71.030 70.693 77.372 23.062 0.000
81.252 76.244 74.232 57.216 61.191 61.152 52.104 45.082 0.000 0.000 19.875 78.855 89.824 87.795 72.759 39.709 0.000 2.325 64.236 85.166 90.096 89.022 89.945 79.861 55.765 52.669 51.577 60.496 78.421 61.342 47.233 48.148 52.085 63.046 27.031 0.000 0.000 0.000 0.000 0.000 0.000 0.000 0.000 0.000 0.000 0.000 0.000 0.000 0.000 0.000 25.340 65.180 73.126 75.773 82.551 82.155 74.693 76.356 75.572 75.193 74.744 74.282 73.826 73.382 72.954 72.545 72.153 71.777 71.414 77.062 23.717 0.000 0.000
70.258 22.249 90.238 61.221 55.191 56.162 58.135 58.120 47.126 0.000 0.000 0.000 23.803 94.776 84.730 62.660 54.544 61.408 60.305 62.213 70.121 71.030 57.938 54.848 52.755 52.662 51.571 60.482 75.395 54.305 51.210 56.126 72.061 75.023 60.015 34.015 0.000 0.000 0.000 0.000 0.000 0.000 0.000 0.000 0.000 0.000 0.000 0.000 0.000 16.181 58.026 73.637 76.476 83.114 82.871 75.393 77.031 76.242 75.879 75.444 75.013 74.578 74.147 73.725 73.314 72.916 72.530 72.154 77.787 23.425 0.000 0.000 0.000
16.266 89.258 90.248 76.238 0.000 3.170 63.153 59.138 70.132 61.132 0.000 0.000 2.810 82.777 79.726 64.655 55.563 52.460 52.362 55.261 68.147 76.037 78.931 71.836 61.745 54.654 53.562 69.468 72.372 47.274 51.176 51.084 52.010 55.969 34.992 0.000 0.000 0.000 5.552 0.000 0.000 0.000 0.000 0.000 0.000 0.000 0.000 19.402 51.073 58.931 72.446 83.772 83.386 76.451 77.044 77.607 76.913 76.544 76.117 75.703 75.286 74.871 74.460 74.056 73.661 73.274 73.896 80.524 24.156 0.000 0.000 0.000 0.000
94.274 90.267 90.258 90.246 77.227 60.195 60.170 60.148 51.132 0.098 16.951 23.911 75.849 72.797 75.740 68.672 69.594 69.508 69.420 72.321 67.169 67.039 68.912 72.821 73.735 71.647 67.554 78.455 76.351 64.244 65.134 65.026 66.926 41.851 0.000 0.000 0.000 0.000 6.552 0.000 0.000 0.000 0.000 0.000 0.000 6.261 54.048 54.621 75.638 76.197 84.846 84.364 78.942 78.656 78.041 77.570 77.188 76.771 76.366 75.961 75.558 75.159 74.766 74.379 73.999 74.625 78.256 10.890 0.000 0.000 0.000 0.000 0.000
93.282 89.278 89.273 90.261 87.241 65.213 59.183 60.152 61.116 53.063 1.989 67.934 64.878 65.823 66.764 61.700 65.631 70.559 78.490 63.434 0.000 0.000 13.857 71.802 67.728 67.645 67.551 67.447 67.335 67.216 67.091 66.959 64.818 59.658 32.444 0.000 8.083 51.858 58.552 70.238 39.994 0.000 0.000 0.000 0.385 55.450 66.258 78.190 78.830 85.584 85.248 79.596 79.269 78.531 78.198 77.805 77.404 77.007 76.610 76.217 75.827 75.442 75.065 74.695 75.331 77.971 25.614 0.000 0.000 0.000 0.000 0.000 0.000
79.288 79.292 79.293 90.283 90.263 80.233 56.197 59.159 60.119 60.072 66.017 74.962 58.907 55.852 53.794 60.734 75.671 74.608 59.547 39.490 0.000 0.000 0.000 0.000 56.728 51.656 51.558 51.447 51.325 52.194 55.054 55.902 55.729 54.518 55.230 53.786 53.309 61.939 68.560 66.167 72.751 70.200 64.684 62.172 64.555 76.141 79.649 79.442 86.077 85.861 80.238 79.889 79.136 78.806 78.408 78.018 77.627 77.238 76.853 76.470 76.091 75.718 75.357 76.005 76.659 15.315 0.000 0.000 0.000 0.000 0.000 0.000 0.000
0.000 45.308 57.325 85.317 89.294 70.258 53.213 52.169 60.130 60.089 59.043 52.991 53.935 59.883 76.828 75.770 58.710 51.654 41.600 0.000 61.202 70.143 66.053 66.940 69.801 72.691 71.580 72.458 75.323 74.180 71.030 72.866 67.679 53.454 57.173 55.818 60.427 78.030 84.581 81.120 74.643 69.161 70.700 77.162 82.012 80.431 86.680 86.329 80.230 81.837 80.420 79.755 79.412 79.010 78.622 78.233 77.848 77.467 77.092 76.719 76.348 76.983 74.639 70.309 21.984 0.000 0.000 0.000 0.000 0.000 0.000 0.000 0.000
0.000 0.000 50.380 69.366 80.339 55.293 47.227 54.175 52.141 59.111 60.075 60.025 52.958 69.916 61.865 50.807 53.746 45.696 0.000 70.345 73.260 73.174 75.077 75.966 78.844 82.728 81.611 81.483 81.330 83.173 84.019 81.853 69.666 55.448 57.190 56.887 56.550 59.173 32.615 5.091 94.536 136.123 113.654 79.586 81.101 87.656 87.213 80.681 83.407 80.819 80.374 80.012 79.614 79.224 78.833 78.445 78.064 77.692 77.328 76.967 78.598 73.226 61.909 16.609 0.000 0.000 0.000 0.000 0.000 0.000 0.000 0.000 43.027
2.638 0.000 5.450 26.427 61.403 43.348 0.000 49.162 54.150 54.138 60.123 49.074 0.000 53.958 51.911 53.846 54.772 64.689 78.573 75.430 77.319 83.218 93.114 137.003 133.881 133.766 133.655 133.531 134.342 118.165 50.019 52.863 50.684 58.481 57.250 53.992 51.712 33.496 0.000 0.000 3.303 61.013 78.028 82.625 88.351 88.031 80.284 81.982 81.278 80.972 80.600 80.214 79.827 79.436 79.042 78.650 78.270 77.908 78.563 77.222 68.853 57.413 15.161 0.000 0.000 0.000 0.000 0.000 0.000 0.000 0.000 34.212 55.125
76.637 24.608 13.543 76.490 54.498 0.000 0.000 0.000 48.159 61.167 53.205 0.000 6.131 62.047 52.973 63.895 76.809 76.713 81.602 84.481 77.369 63.263 54.159 50.051 47.911 50.800 51.712 38.644 0.000 55.124 52.031 50.894 54.728 58.540 55.339 47.118 53.811 34.603 0.000 0.594 56.274 73.307 83.040 88.843 88.623 80.871 82.555 81.849 81.553 81.181 80.809 80.429 80.042 79.649 79.249 78.843 78.458 79.107 74.793 63.504 20.178 0.000 0.000 0.000 0.000 0.000 0.000 0.000 0.000 0.000 2.385 52.299 51.217
86.655 94.644 82.625 0.000 11.603 5.707 0.765 0.000 0.000 0.000 57.325 55.307 63.215 60.126 60.040 59.951 76.855 90.752 79.640 59.525 57.413 52.306 54.209 45.132 0.000 56.812 53.749 42.688 0.000 56.176 51.085 51.954 58.794 56.613 54.449 36.329 0.000 1.163 52.907 50.737 67.528 83.449 89.119 81.809 82.375 83.033 82.426 82.129 81.764 81.402 81.030 80.649 80.263 79.871 79.462 80.016 79.613 69.270 53.999 16.823 0.000 0.000 0.000 0.000 0.000 0.000 0.000 0.695 27.631 26.574 41.470 53.383 41.303
76.683 80.687 70.688 0.000 0.000 70.800 63.813 57.792 1.731 9.591 75.463 72.383 59.294 60.204 60.111 61.013 81.909 133.798 126.683 73.565 128.451 49.341 53.237 53.137 55.023 52.887 52.782 52.673 54.518 50.320 50.180 59.044 57.882 54.669 49.513 38.421 0.000 0.069 54.976 61.830 83.842 82.733 89.476 82.856 83.441 82.989 82.696 82.347 81.996 81.632 81.258 80.876 80.488 80.110 81.713 77.145 58.707 45.362 47.109 12.966 0.000 0.000 0.000 0.000 0.000 0.000 0.000 0.748 36.678 41.620 55.540 49.460 39.384
72.713 67.733 11.753 0.000 1.921 53.881 62.857 59.817 77.751 71.654 76.554 84.465 75.376 60.283 60.186 60.081 58.969 52.851 47.727 52.603 49.483 53.369 53.261 53.155 53.046 52.931 52.821 52.703 51.563 56.403 58.272 59.158 43.020 0.000 42.513 0.000 0.000 0.022 59.163 81.093 85.106 90.469 90.006 82.949 83.600 83.240 82.924 82.588 82.236 81.871 81.496 81.107 80.705 79.366 41.135 0.000 0.000 0.000 0.000 0.000 0.000 0.000 0.000 33.143 28.110 27.056 25.983 29.886 38.772 54.689 48.610 39.533 49.460
64.740 55.779 60.838 5.935 58.961 54.947 53.916 71.867 64.801 80.720 89.634 69.549 55.461 53.368 56.268 59.158 60.037 59.907 52.772 51.637 52.510 52.392 53.282 53.177 53.074 57.971 54.867 51.755 52.626 55.459 59.348 48.296 0.000 0.000 0.000 0.000 14.861 134.742 78.457 85.483 83.461 90.877 82.772 85.289 86.771 83.495 83.176 82.842 82.489 82.120 82.749 79.351 66.857 57.516 15.326 0.000 0.000 0.000 0.000 0.000 0.000 0.000 35.226 35.176 35.131 36.075 36.007 36.925 50.836 50.755 34.677 37.603 39.532
39.756 40.806 34.884 59.007 55.041 54.030 64.993 68.935 79.866 86.791 52.714 51.635 52.551 54.461 53.359 50.244 58.114 58.970 59.815 58.665 52.529 51.407 50.298 51.197 57.102 116.011 83.920 63.826 46.726 0.000 61.365 69.382 0.000 0.000 0.000 0.000 58.982 69.880 86.764 84.801 91.590 91.247 83.863 84.391 85.055 83.759 83.446 83.114 82.759 83.372 82.029 34.690 0.000 0.000 0.000 0.000 0.000 0.000 0.000 0.000 0.000 0.000 42.277 38.205 35.161 36.109 34.044 45.971 52.893 36.816 37.741 45.669 43.600
0.000 0.000 0.000 52.168 55.166 57.141 78.089 89.015 102.938 84.864 13.795 70.725 70.650 54.564 54.464 53.346 51.206 54.042 59.854 57.677 58.532 60.411 58.305 56.211 52.126 47.050 51.979 46.902 0.000 0.000 0.000 55.486 47.511 0.000 0.000 1.451 69.204 86.070 86.148 84.166 91.902 83.589 86.089 87.594 84.334 84.042 83.735 83.408 83.062 80.579 35.304 0.000 0.000 0.000 0.000 0.000 0.000 0.000 0.000 0.000 0.000 41.466 11.399 0.000 43.201 33.153 44.091 56.021 43.948 38.875 43.803 47.733 40.666
0.000 0.000 0.000 50.330 56.315 72.277 83.207 131.099 125.005 126.933 132.876 128.821 129.758 54.682 54.587 53.469 53.321 52.138 46.883 56.658 58.512 59.398 57.300 59.216 59.143 60.083 53.042 0.000 0.000 0.000 0.000 56.563 41.537 0.000 0.000 60.624 82.461 86.406 85.393 92.472 92.195 84.649 85.194 85.882 84.618 84.340 84.043 84.723 59.502 0.000 0.000 0.000 0.000 0.000 0.000 0.000 0.000 0.000 53.746 42.701 32.630 36.532 36.456 37.390 37.288 40.214 53.145 50.074 45.003 45.933 43.863 41.795 37.729
16.572 0.000 0.000 51.508 68.488 76.445 82.362 53.170 52.049 50.989 47.955 48.924 48.880 54.818 54.734 70.621 70.472 46.305 0.000 43.559 56.460 58.370 56.282 58.209 58.147 59.097 55.064 0.000 0.000 0.849 54.770 39.666 0.000 0.000 61.993 70.843 87.704 86.608 85.787 92.731 84.328 86.854 89.389 85.164 84.913 84.659 83.373 70.939 29.720 0.000 0.000 0.000 0.000 0.000 39.978 34.958 34.920 34.866 38.791 50.727 53.657 39.578 34.502 36.428 38.346 53.271 52.199 38.129 47.059 47.990 46.922 39.855 35.790
