results4_8e4_rain/res_4e8f.totaltm
ncols         241
nrows         181
xllcorner     12693529.787448
yllcorner     3542525.717860
cellsize      155.156523
NODATA_value  -9999.000000
[rows 93 to 123 of 181, columns 0 to 69 of 241]
0.000 0.000 0.000 0.000 0.000 0.000 0.000 0.000 0.000 183.939 621.902 621.909 463.383 0.000 0.000 0.000 0.000 0.000 0.000 0.000 0.000 0.000 0.000 571.834 0.000 565.246 0.000 0.000 0.000 0.000 0.000 626.840 0.000 640.497 640.868 593.523 644.669 644.696 645.192 632.079 644.541 647.899 648.085 648.287 648.348 648.272 648.114 648.106 648.312 648.339 648.371 649.614 648.385 646.038 646.240 646.413 646.566 647.368 647.872 648.033 648.336 648.482 651.812 651.736 650.986 646.444 646.313 608.650 0.000 0.000
0.000 0.000 0.000 0.000 0.000 0.000 0.000 0.000 0.000 0.000 622.049 622.093 621.943 427.434 0.000 0.000 0.000 0.000 0.000 0.000 0.000 0.000 571.854 571.920 552.109 618.541 521.788 525.793 0.000 0.000 0.000 627.593 0.000 640.634 641.061 602.547 0.000 0.000 645.208 645.231 647.361 647.878 646.011 645.275 648.054 646.382 644.403 646.161 648.058 646.762 646.898 647.026 645.785 645.989 646.164 646.328 646.501 646.776 647.057 647.470 648.007 648.421 623.009 0.000 612.786 646.339 645.015 611.795 0.000 548.303
0.000 0.000 183.180 0.000 0.000 0.000 427.519 517.351 0.000 0.000 621.976 622.345 622.305 295.946 0.000 0.000 0.000 0.000 0.000 0.000 0.000 0.000 552.113 605.815 595.286 619.820 538.763 525.952 295.407 0.000 0.000 627.692 0.000 640.470 641.076 600.068 0.000 0.000 625.934 546.300 645.821 647.164 647.037 647.521 648.035 647.643 646.936 645.374 648.009 639.247 645.290 645.538 645.730 645.899 646.059 646.211 646.364 646.552 646.813 647.049 647.733 618.503 0.000 0.000 0.000 613.817 644.986 617.018 0.000 575.044
0.000 0.000 606.008 568.091 482.588 0.000 0.000 623.033 622.982 622.901 622.425 622.389 622.360 463.221 0.000 0.000 0.000 0.000 427.399 427.391 0.000 566.359 566.485 609.866 621.176 619.840 541.739 541.574 541.484 0.000 421.836 641.990 0.000 640.586 641.191 641.294 0.000 0.000 618.167 532.481 644.636 647.029 646.210 644.453 647.146 646.231 642.106 645.606 647.982 635.993 644.336 645.486 645.647 645.794 645.934 646.073 646.208 646.344 646.499 646.876 647.597 612.377 0.000 0.000 0.000 492.942 623.256 591.040 596.742 652.194
0.000 0.000 606.067 615.211 615.859 539.393 504.560 623.095 621.249 620.622 619.823 620.499 619.754 0.000 0.000 0.000 0.000 0.000 462.259 463.083 295.590 529.680 532.930 621.244 621.216 619.597 502.192 529.614 494.703 0.000 373.802 642.145 642.154 642.254 642.323 642.369 642.378 642.385 644.105 644.143 644.536 646.999 646.913 646.898 647.134 647.010 646.815 645.111 647.973 635.861 644.356 645.413 645.558 645.688 645.808 645.924 646.037 646.134 646.351 629.354 0.000 0.000 0.000 0.000 584.552 653.245 623.361 0.000 628.291 654.358
0.000 0.000 0.000 598.759 615.915 624.018 627.041 629.557 579.864 533.360 0.000 0.000 0.000 0.000 0.000 0.000 426.556 427.703 622.653 295.730 0.000 0.000 0.000 621.284 621.247 607.225 0.000 0.000 0.000 0.000 0.000 640.357 637.846 458.036 640.648 640.221 640.274 640.636 644.072 642.447 644.533 646.636 646.676 645.380 644.309 644.470 646.278 647.737 647.747 639.032 643.811 644.394 645.438 645.564 645.676 644.787 644.866 645.894 646.201 621.144 0.000 0.000 0.000 0.000 609.614 653.959 652.360 637.497 654.067 654.978
0.000 0.000 0.000 0.000 0.000 620.023 630.609 630.722 629.378 628.489 0.000 0.000 0.000 0.000 0.000 364.566 364.680 622.888 622.711 0.000 0.000 364.617 482.288 621.727 621.306 463.058 0.000 0.000 0.000 528.368 0.000 0.000 0.000 0.000 554.615 640.184 639.976 639.566 640.168 641.180 644.508 642.497 644.536 639.897 641.811 640.048 641.086 644.337 644.477 644.065 644.003 643.815 643.889 645.409 645.594 645.538 645.715 645.781 633.949 0.000 0.000 0.000 0.000 0.000 599.354 653.983 653.995 653.324 633.936 626.845
0.000 0.000 0.000 0.000 0.000 620.794 630.718 630.737 0.000 0.000 0.000 0.000 0.000 0.000 0.000 363.926 536.185 623.474 623.519 503.982 463.362 463.248 622.361 622.264 622.211 295.736 0.000 0.000 0.000 640.895 640.175 0.000 0.000 160.274 640.861 641.477 641.000 640.299 640.158 642.010 644.483 642.894 644.509 644.464 642.421 643.855 643.720 644.311 642.026 644.007 644.044 643.768 643.805 644.418 645.389 644.521 577.365 540.111 0.000 0.000 0.000 0.000 0.000 610.531 653.438 653.995 654.360 654.018 647.058 648.967
504.656 184.531 0.000 0.000 0.000 606.255 630.123 630.992 545.038 0.000 0.000 0.000 0.000 0.000 0.000 295.996 427.901 623.544 623.575 623.849 624.392 623.564 622.410 622.354 621.734 364.187 0.000 0.000 0.000 640.934 640.991 641.222 641.276 641.350 640.925 641.516 641.531 583.877 644.307 644.316 644.459 643.313 550.851 644.441 644.242 644.180 644.258 644.284 641.995 642.653 644.165 644.271 644.322 644.364 631.761 0.000 0.000 0.000 0.000 0.000 0.000 0.000 0.000 632.480 653.655 653.926 654.399 654.460 654.504 654.641
625.551 625.509 522.433 0.000 0.000 618.083 630.148 631.029 631.059 547.674 0.000 0.000 0.000 0.000 517.408 517.399 504.304 561.550 624.670 623.884 627.935 629.201 625.575 618.898 183.321 0.000 0.000 0.000 0.000 0.000 640.426 641.261 641.350 641.432 641.512 641.558 641.565 641.081 641.910 642.842 644.152 643.349 547.201 644.403 644.374 642.896 643.651 644.259 643.950 643.520 642.335 643.840 644.270 644.330 638.864 0.000 0.000 0.000 0.000 0.000 0.000 0.000 0.000 365.149 571.249 654.066 654.189 654.372 654.452 654.561
628.541 624.847 624.847 625.321 625.776 629.593 631.078 631.086 631.090 631.049 626.415 547.692 296.181 623.276 625.171 625.393 587.080 577.978 629.428 630.489 629.956 629.233 625.791 295.663 0.000 0.000 0.000 0.000 0.000 0.000 0.000 641.150 640.504 640.303 641.558 642.014 642.104 642.184 642.255 642.478 644.139 644.029 641.473 642.406 643.658 643.643 642.223 643.644 643.682 642.969 643.788 643.811 642.513 351.293 0.000 0.000 0.000 0.000 0.000 0.000 0.000 0.000 0.000 0.000 528.447 654.045 654.142 654.288 654.384 654.475
630.991 629.433 625.567 626.438 629.967 631.121 631.140 631.150 631.150 630.164 624.356 625.791 463.606 616.920 629.074 630.404 630.450 627.566 630.332 630.604 544.774 0.000 0.000 0.000 0.000 0.000 0.000 0.000 0.000 0.000 0.000 641.018 0.000 0.000 0.000 642.028 642.089 642.170 642.240 642.433 644.074 644.066 642.117 642.361 642.403 643.544 643.533 640.936 642.966 643.430 643.441 638.670 0.000 0.000 0.000 0.000 0.000 0.000 0.000 0.000 0.000 0.000 0.000 0.000 500.983 653.956 654.036 654.184 654.289 653.828
631.023 631.056 630.380 630.993 631.152 631.182 631.209 631.228 631.230 630.385 625.342 628.924 0.000 0.000 624.448 629.439 630.637 630.832 630.688 630.673 526.347 0.000 0.000 0.000 0.000 0.000 0.000 0.000 0.000 0.000 0.000 640.899 284.971 286.389 641.909 641.967 642.048 642.119 642.184 642.241 644.061 644.052 642.091 642.334 642.390 642.546 643.521 643.430 643.420 643.235 638.459 0.000 0.000 0.000 0.000 0.000 0.000 0.000 0.000 0.000 0.000 0.000 0.000 0.000 653.394 653.582 653.861 654.048 654.166 653.719
630.960 631.087 631.133 631.169 631.206 631.244 631.281 631.309 631.322 631.343 630.399 630.369 574.376 517.653 617.897 626.082 630.526 630.895 630.832 628.882 495.197 0.000 0.000 0.000 0.000 0.000 0.000 0.000 0.000 0.000 0.000 637.647 640.756 640.895 640.984 641.929 642.004 642.072 642.137 642.199 644.040 644.035 642.044 642.298 642.351 642.397 642.910 643.421 643.071 0.000 0.000 0.000 0.000 0.000 0.000 0.000 0.000 0.000 0.000 0.000 0.000 0.000 0.000 0.000 558.553 653.671 653.755 654.004 654.078 652.779
630.377 631.149 631.175 631.215 631.259 631.306 631.347 631.381 631.403 631.407 631.439 629.986 626.896 624.858 623.131 629.135 631.026 630.965 630.928 526.507 0.000 0.000 0.000 0.000 0.000 0.000 0.000 0.000 0.000 0.000 0.000 0.000 0.000 0.000 0.000 641.898 641.964 642.033 642.106 642.180 643.832 644.020 642.209 642.259 642.308 642.356 642.398 642.966 567.514 0.000 0.000 0.000 0.000 0.000 0.000 0.000 0.000 0.000 0.000 0.000 0.000 0.000 0.000 0.000 0.000 407.061 324.053 0.000 500.549 655.847
630.393 631.184 631.214 631.261 631.312 631.362 631.406 631.444 631.474 631.490 631.512 628.587 623.822 623.506 625.715 630.422 631.113 631.033 630.991 536.440 482.574 0.000 0.000 0.000 0.000 0.000 0.000 0.000 0.000 0.000 0.000 0.000 0.000 0.000 0.000 639.344 641.897 639.916 642.085 642.165 643.916 644.001 642.174 642.213 642.258 642.306 642.349 640.399 517.032 0.000 0.000 0.000 0.000 0.000 0.000 0.000 0.000 0.000 0.000 0.000 0.000 651.667 0.000 0.000 0.000 0.000 0.000 287.271 655.633 655.761
631.034 631.206 631.251 631.306 631.362 631.413 631.460 631.501 631.534 631.559 631.566 630.634 626.038 626.200 629.548 631.024 631.199 631.111 631.064 567.983 0.000 0.000 0.000 0.000 0.000 0.000 0.000 0.000 0.000 0.000 0.000 0.000 0.000 0.000 0.000 0.000 639.318 0.000 641.616 642.152 643.903 643.587 642.154 642.162 642.196 642.286 642.311 641.177 0.000 0.000 0.000 0.000 0.000 0.000 0.000 0.000 0.000 0.000 0.000 0.000 527.659 652.297 650.028 0.000 0.000 0.000 288.364 655.581 655.705 655.733
631.188 631.233 631.284 631.348 631.407 631.460 631.507 631.549 631.585 631.616 631.635 631.576 631.535 631.475 631.378 631.291 631.254 631.221 629.312 587.119 0.000 0.000 0.000 0.000 0.000 0.000 0.000 0.000 0.000 0.000 0.000 0.000 0.000 0.000 0.000 0.000 0.000 0.000 641.577 642.142 643.889 642.620 642.145 642.100 642.159 642.258 641.680 641.659 641.481 0.000 0.000 0.000 0.000 0.000 0.000 0.000 0.000 0.000 0.000 0.000 0.000 652.351 652.282 648.339 289.046 653.541 655.060 655.600 655.616 655.505
631.031 630.875 631.310 631.382 631.446 631.502 631.549 631.590 631.627 631.661 631.685 631.635 631.564 631.480 631.424 631.352 631.289 628.051 539.419 495.500 622.086 626.086 561.696 0.000 0.000 482.671 0.000 0.000 0.000 0.000 0.000 0.000 0.000 0.000 0.000 445.689 444.644 283.612 638.053 642.904 643.808 642.148 640.041 642.016 641.897 641.743 641.661 641.634 641.601 640.070 0.000 0.000 0.000 0.000 0.000 0.000 0.000 0.000 0.000 0.000 216.912 652.407 651.688 652.282 652.331 655.502 655.527 655.543 654.268 655.469
629.119 629.157 630.974 631.403 631.477 631.536 631.585 631.626 631.664 631.698 631.715 631.693 631.663 631.495 631.456 631.391 631.270 563.886 517.781 622.106 625.201 627.196 627.071 625.637 623.633 517.658 0.000 0.000 0.000 0.000 0.000 0.000 0.000 0.000 447.949 639.897 640.913 641.060 641.125 640.937 643.002 637.851 0.000 639.340 641.745 641.656 641.633 641.604 641.449 0.000 0.000 0.000 0.000 0.000 0.000 0.000 652.980 653.677 0.000 0.000 652.574 652.475 652.370 651.694 655.394 655.477 655.502 655.298 655.381 655.433
625.413 626.516 630.259 631.421 631.484 631.559 631.611 631.655 631.696 631.767 631.853 629.137 628.288 631.153 631.423 631.318 630.288 626.797 627.435 628.599 627.423 627.374 622.084 615.962 427.996 183.042 0.000 0.000 0.000 0.000 0.000 179.314 282.573 0.000 629.736 636.011 640.870 641.125 641.291 641.429 642.344 0.000 0.000 0.000 638.520 641.618 641.597 641.569 641.529 221.818 0.000 0.000 0.000 0.000 0.000 584.666 653.680 653.707 652.745 652.687 652.620 652.562 652.218 655.095 655.419 655.449 654.502 655.278 655.330 655.232
617.379 625.209 629.198 631.458 631.555 631.600 631.629 631.654 631.804 631.841 631.888 596.097 533.834 620.173 626.403 630.504 630.467 630.278 630.253 628.796 536.476 0.000 0.000 0.000 0.000 0.000 0.000 0.000 0.000 518.053 528.353 284.413 284.059 282.909 0.000 634.411 640.287 637.875 639.527 642.082 642.286 0.000 0.000 0.000 0.000 635.800 641.554 641.530 640.079 0.000 0.000 0.000 0.000 0.000 0.000 0.000 581.479 654.415 652.496 652.510 652.562 652.623 652.729 655.315 655.389 655.274 645.204 440.795 655.299 654.984
557.736 599.344 626.107 627.405 626.226 626.723 630.161 631.796 631.838 631.874 631.913 569.040 0.000 0.000 0.000 587.201 624.770 629.942 630.224 365.088 0.000 0.000 0.000 0.000 0.000 0.000 0.000 0.000 0.000 569.832 570.657 549.868 342.781 284.051 0.000 634.189 640.093 639.624 640.611 642.055 642.082 522.486 0.000 0.000 0.000 0.000 640.074 641.118 0.000 0.000 0.000 0.000 0.000 0.000 0.000 0.000 0.000 654.561 654.659 653.924 651.947 650.888 655.263 655.295 653.734 0.000 0.000 0.000 527.910 654.963
0.000 0.000 617.695 624.573 550.864 483.314 624.364 631.514 631.326 628.382 632.626 623.747 564.731 0.000 0.000 0.000 0.000 597.256 625.226 0.000 0.000 0.000 0.000 0.000 0.000 0.000 0.000 0.000 0.000 0.000 570.676 571.621 475.112 0.000 0.000 622.630 639.624 637.250 641.988 642.022 639.225 639.067 532.765 0.000 0.000 0.000 634.082 0.000 0.000 0.000 0.000 0.000 0.000 0.000 0.000 0.000 0.000 0.000 654.674 655.110 655.128 655.145 655.230 653.653 0.000 0.000 0.000 0.000 0.000 654.055
0.000 0.000 613.588 632.163 615.935 483.464 617.020 631.541 631.810 633.319 633.625 633.598 633.573 611.301 555.976 0.000 0.000 0.000 537.618 518.278 178.864 364.838 0.000 0.000 0.000 0.000 0.000 0.000 0.000 0.000 570.769 571.650 343.090 518.141 536.598 0.000 632.271 637.243 641.950 640.232 639.049 637.946 637.891 0.000 0.000 0.000 0.000 0.000 0.000 0.000 0.000 0.000 0.000 0.000 0.000 0.000 0.000 0.000 0.000 485.997 655.105 654.611 653.783 0.000 0.000 0.000 0.000 220.965 652.914 652.985
569.246 596.595 626.675 632.187 633.606 625.595 628.665 633.608 633.636 633.661 633.656 633.620 633.569 633.530 633.479 625.288 569.486 518.423 626.468 631.170 628.161 629.094 588.374 534.485 523.149 0.000 0.000 0.000 0.000 0.000 568.468 571.672 572.598 572.648 573.515 573.561 632.442 641.048 641.466 637.601 637.317 637.798 637.673 537.653 514.077 0.000 0.000 0.000 0.000 0.000 0.000 0.000 0.000 0.000 0.000 0.000 0.000 0.000 0.000 0.000 216.451 216.967 499.827 0.000 0.000 0.000 0.000 651.786 651.847 650.176
633.164 633.527 633.607 633.668 633.697 633.581 633.496 633.357 633.661 633.992 633.889 633.656 632.396 632.834 633.430 633.528 633.629 633.629 633.583 632.813 632.463 631.913 632.111 631.317 598.509 556.126 0.000 0.000 0.000 0.000 0.000 0.000 0.000 0.000 0.000 638.327 638.359 641.423 641.444 640.270 637.163 637.366 636.852 636.749 636.220 0.000 0.000 0.000 0.000 0.000 0.000 0.000 0.000 0.000 0.000 0.000 0.000 0.000 0.000 0.000 0.000 0.000 0.000 0.000 0.000 0.000 0.000 0.000 0.000 0.000
633.481 633.547 633.633 633.727 633.771 631.050 631.176 631.141 632.079 634.049 633.905 633.560 628.760 631.700 633.503 633.583 633.666 633.665 633.622 633.582 633.552 633.505 633.472 633.433 633.376 633.318 604.625 0.000 0.000 0.000 0.000 0.000 0.000 0.000 0.000 628.220 640.490 640.891 637.889 640.234 639.229 636.856 636.679 636.627 531.231 0.000 259.832 261.413 0.000 0.000 0.000 0.000 0.000 0.000 0.000 0.000 0.000 0.000 0.000 0.000 0.000 0.000 0.000 0.000 0.000 0.000 0.000 0.000 0.000 0.000
626.039 602.959 624.988 633.773 633.843 620.509 601.331 595.062 621.449 634.098 633.552 633.607 629.458 629.457 633.548 633.683 633.720 633.735 633.675 633.624 633.579 633.548 629.852 625.951 625.680 626.686 626.645 540.566 464.048 295.378 290.767 0.000 0.000 0.000 0.000 624.149 640.469 638.182 635.817 639.026 639.201 637.541 636.573 636.349 636.253 545.439 522.557 326.697 263.431 264.419 254.868 0.000 0.000 0.000 0.000 0.000 0.000 0.000 0.000 0.000 0.000 0.000 0.000 0.000 0.000 0.000 0.000 0.000 0.000 0.000
623.606 582.923 616.411 633.819 633.906 600.094 575.443 582.974 614.066 634.159 633.571 633.667 633.986 629.495 633.609 633.619 633.757 633.796 633.735 633.664 633.438 624.537 0.000 0.000 0.000 0.000 0.000 0.000 0.000 609.064 610.978 583.660 551.060 538.834 632.457 639.266 640.446 637.714 635.977 634.916 638.949 638.934 637.225 636.173 636.038 635.921 635.833 545.645 527.683 0.000 254.794 0.000 0.000 0.000 0.000 0.000 0.000 0.000 0.000 0.000 0.000 0.000 0.000 0.000 0.000 0.000 0.000 0.000 0.000 0.000
633.851 633.888 633.912 633.411 634.021 634.120 634.189 634.163 634.217 634.265 634.191 634.132 634.065 633.723 633.666 633.677 633.995 633.830 633.913 627.821 598.590 0.000 0.000 0.000 0.000 0.000 0.000 0.000 0.000 568.226 611.029 615.651 621.665 635.238 635.295 640.130 640.143 629.046 634.917 635.691 636.906 638.853 638.359 636.705 635.735 634.169 635.740 634.864 634.383 0.000 0.000 0.000 0.000 0.000 0.000 0.000 0.000 0.000 0.000 0.000 0.000 0.000 0.000 0.000 0.000 0.000 0.000 0.000 0.000 0.000
