results4_8e4_rain/res_4e8f-0135.wd
ncols         241
nrows         181
xllcorner     12693529.787448
yllcorner     3542525.717860
cellsize      155.156523
NODATA_value  -9999.000000
[rows 132 to 164 of 181, columns 0 to 72 of 241]
95.176 100.175 104.175 104.174 106.173 106.172 100.170 91.169 77.166 66.164 65.161 66.158 65.154 64.150 69.145 83.140 94.134 99.126 99.118 96.108 88.097 79.083 70.066 64.045 69.017 70.985 69.948 70.906 68.870 63.838 77.806 100.775 67.749 0.000 0.000 0.000 7.476 59.469 71.463 68.441 70.424 76.413 94.411 80.415 64.421 63.431 63.442 75.456 96.471 37.488 10.508 5.539 0.000 0.000 0.000 0.000 0.000 0.000 0.000 0.000 0.000 0.000 0.000 0.000 26.985 6.909 10.832 51.734 74.591 78.492 78.384 88.471 115.936
73.180 75.180 78.179 84.178 94.177 100.176 105.174 105.173 98.170 84.168 73.165 67.162 71.158 78.153 91.149 106.143 105.137 102.129 102.121 105.111 105.099 101.086 89.069 77.049 69.026 63.999 64.969 63.937 64.908 72.882 94.858 102.838 14.825 0.000 0.000 0.000 17.483 45.490 63.518 72.513 73.499 70.484 71.485 81.488 76.492 69.496 73.502 81.509 94.517 35.529 21.544 27.571 7.598 0.000 0.000 0.000 0.000 0.000 0.000 0.000 0.000 0.000 0.000 0.000 9.062 0.000 58.856 80.778 76.658 85.631 76.695 116.059 104.818
65.184 65.184 65.184 67.183 72.182 76.180 83.179 92.177 100.175 103.172 97.169 95.166 97.162 100.158 99.153 92.147 83.141 81.133 81.125 86.115 92.104 99.091 102.076 101.058 90.038 80.015 74.991 72.967 81.944 97.923 98.906 84.894 17.888 0.000 0.000 0.000 0.000 0.000 46.605 73.594 52.576 40.539 55.557 70.561 85.561 89.560 91.559 92.559 88.561 15.566 2.570 30.600 27.626 15.657 21.676 15.685 0.000 0.000 0.000 0.000 0.000 0.000 43.280 13.229 79.138 101.073 133.928 89.902 84.955 65.912 101.978 106.497 106.405
66.189 66.189 66.188 66.188 65.187 64.185 66.184 71.182 77.180 87.177 97.174 99.171 92.167 82.162 76.157 68.152 64.146 64.139 64.131 66.121 71.111 77.099 84.085 96.069 101.052 103.033 102.014 97.995 100.977 93.961 75.949 67.943 46.946 4.969 0.000 0.000 0.000 0.000 39.702 72.684 15.671 0.000 48.642 73.638 92.632 100.625 86.616 89.607 75.602 33.602 0.000 57.633 26.650 18.668 29.685 29.695 0.767 0.000 0.000 0.000 0.000 30.384 49.331 122.271 151.194 134.076 117.631 116.577 108.248 106.889 106.766 106.637 71.859
66.194 66.194 66.193 66.193 66.192 66.190 66.189 65.187 65.185 68.182 74.179 73.176 69.172 65.168 65.163 65.158 66.152 66.145 66.137 66.129 65.119 64.108 66.096 72.082 79.068 88.052 96.036 92.021 81.007 68.995 64.987 69.983 77.984 53.992 31.998 31.986 17.958 18.906 54.817 75.769 25.753 7.765 67.731 99.716 101.704 80.691 83.673 82.651 70.639 59.639 10.645 38.650 12.673 0.748 13.701 0.732 2.825 0.831 0.000 0.000 0.000 11.439 74.386 80.305 76.293 77.453 75.428 107.217 107.113 107.005 74.204 76.983 78.855
66.199 66.199 66.199 66.198 66.197 66.196 66.194 66.192 66.190 66.188 65.185 65.181 65.178 66.173 66.169 66.164 66.158 66.152 66.145 66.137 66.128 66.119 66.108 65.096 64.084 65.071 69.059 67.047 66.036 70.027 73.020 72.016 70.016 72.017 72.015 69.003 68.981 72.944 47.890 33.822 22.806 40.812 85.802 99.791 79.777 72.760 71.736 51.683 47.664 10.670 0.000 0.000 0.953 2.985 0.000 0.000 6.850 21.837 36.800 6.741 20.663 83.519 90.508 88.581 86.568 87.649 107.409 107.315 88.448 95.239 88.095 93.868 85.711
66.205 66.205 66.204 66.203 66.203 66.201 66.200 66.198 66.196 66.194 66.191 66.188 66.184 66.180 66.175 66.171 66.166 66.160 66.154 65.147 72.139 74.130 66.121 65.111 64.101 65.090 67.080 70.071 73.062 72.056 67.051 68.047 75.046 78.044 74.041 68.033 65.018 73.998 4.978 0.000 7.840 80.873 89.876 76.868 68.854 88.838 34.825 0.000 0.000 0.981 2.046 2.051 2.039 3.030 0.000 0.000 31.888 73.864 102.824 63.764 96.652 104.813 101.778 100.869 107.673 107.589 107.501 100.531 102.409 102.109 100.971 99.904 17.822
66.211 66.210 66.210 66.209 66.209 66.207 66.206 66.205 66.203 66.200 69.198 69.194 67.190 71.186 69.182 66.178 66.174 66.169 65.163 63.157 74.150 82.142 68.134 65.126 67.118 70.109 72.101 71.094 68.088 70.083 75.079 77.077 78.076 78.075 73.072 67.068 76.061 95.052 14.046 0.000 0.000 54.964 77.960 74.950 78.934 98.914 32.901 0.000 2.046 2.043 2.059 2.069 2.058 4.066 0.000 30.001 81.953 97.905 100.841 105.844 103.013 100.005 107.903 107.830 107.754 99.838 100.625 101.500 101.181 101.155 94.088 70.996 0.000
66.217 66.216 66.216 66.215 66.215 66.214 66.213 66.211 66.209 67.207 74.205 74.202 51.198 19.192 40.188 70.186 64.182 67.178 73.173 76.168 76.162 72.155 68.148 69.141 72.135 71.128 70.122 72.116 76.112 76.108 78.106 77.105 68.105 63.106 65.106 78.106 97.105 107.105 29.107 0.000 0.000 30.059 86.052 88.039 95.017 93.982 29.964 0.000 2.048 0.105 1.109 2.108 0.000 8.109 34.101 78.058 99.983 103.005 102.098 102.105 101.201 108.041 107.973 100.041 100.842 101.706 101.494 101.351 101.309 93.244 85.203 0.000 0.000
66.223 66.223 66.222 66.222 66.221 66.220 66.219 66.218 66.217 68.215 77.213 88.210 64.206 1.202 7.193 55.194 81.192 73.188 71.184 71.179 69.174 68.168 70.163 72.157 70.151 66.146 68.141 80.137 82.134 72.133 66.132 63.133 63.135 68.137 82.140 98.144 95.148 79.156 51.170 19.202 13.202 57.162 86.148 68.137 59.112 51.035 16.010 0.328 0.218 21.162 12.155 2.147 0.000 27.163 78.141 100.064 102.266 101.263 101.376 108.233 108.171 108.107 100.101 101.987 101.700 101.576 101.522 101.451 95.377 82.315 72.279 0.000 0.000
66.229 66.229 66.229 66.228 66.228 66.227 66.226 66.225 66.224 68.223 78.221 65.218 21.213 3.216 0.000 23.205 77.203 69.199 71.195 70.191 68.187 71.182 72.177 69.172 66.168 62.163 72.160 86.157 73.156 63.156 64.158 69.160 79.164 90.168 101.174 94.180 72.189 67.200 86.215 93.234 94.242 98.238 73.241 34.250 6.259 0.000 0.487 0.512 0.000 34.168 21.174 1.244 32.272 78.214 100.239 102.434 101.457 108.402 108.348 108.292 100.366 101.166 102.056 101.756 101.742 101.683 101.610 102.520 90.442 61.358 50.318 8.318 2.318
65.236 65.236 66.235 66.235 66.235 66.234 66.234 66.233 66.232 69.231 79.230 50.229 0.000 9.226 47.226 49.219 66.214 68.211 56.207 38.203 76.199 71.195 67.191 66.187 64.184 66.180 82.178 85.176 67.177 70.178 82.181 91.186 100.191 98.198 86.206 72.216 65.227 81.241 85.258 73.276 54.293 52.308 40.330 20.362 9.414 3.525 1.620 21.653 16.664 0.000 0.000 26.346 78.380 101.490 102.515 100.631 108.503 108.453 100.528 101.340 102.219 102.027 101.905 101.883 101.831 101.780 104.712 68.581 48.512 0.000 0.000 0.000 0.000
74.243 72.242 69.242 67.241 64.241 64.241 64.241 64.241 63.240 68.240 80.239 63.239 44.241 52.236 70.233 66.229 63.225 69.222 64.219 51.216 71.212 65.209 64.206 64.202 66.199 80.196 88.194 54.194 46.195 96.199 101.204 96.211 85.218 75.227 67.237 63.249 74.263 86.279 54.298 29.320 12.345 3.373 20.408 19.453 9.512 10.588 13.655 41.685 25.674 0.000 0.000 58.619 100.653 99.779 108.645 108.599 108.552 100.564 102.458 102.184 102.077 102.047 104.005 98.954 100.925 101.897 112.876 0.000 0.000 0.000 0.000 0.000 0.000
75.251 77.250 83.248 84.247 84.248 81.249 82.249 81.249 80.249 80.248 82.248 65.247 69.247 68.245 65.242 68.239 68.236 67.234 72.231 74.228 68.225 62.223 64.220 66.217 80.214 85.212 74.210 68.210 77.212 100.218 83.226 74.234 66.244 64.254 66.266 65.280 79.296 88.314 52.336 28.362 16.393 18.430 21.476 13.530 14.593 20.661 22.721 15.757 0.000 0.000 36.860 78.873 108.767 108.729 108.688 100.797 101.604 102.503 102.211 102.208 103.166 103.121 76.078 54.016 89.015 103.009 108.018 48.075 0.000 0.000 0.000 0.000 0.000
68.259 62.258 15.252 17.252 26.255 73.257 70.257 70.257 70.257 74.257 83.256 64.256 65.255 64.253 67.251 71.249 72.247 70.245 69.243 72.241 73.239 70.236 64.234 81.232 87.229 78.226 84.223 101.223 98.226 80.234 68.246 64.258 66.269 66.280 65.293 70.308 86.326 88.346 80.371 83.400 54.435 16.479 8.534 7.599 19.669 26.741 16.810 13.868 5.891 32.031 80.040 108.839 108.805 100.939 101.749 102.636 102.449 102.335 102.320 103.273 101.233 95.193 20.172 0.000 71.109 106.106 103.112 102.132 0.000 0.000 0.000 0.000 0.000
66.270 58.270 0.000 0.000 8.265 69.266 65.266 65.266 65.266 69.265 83.265 61.264 65.264 69.262 71.261 72.259 69.258 66.256 64.255 66.253 76.252 89.250 84.249 85.247 62.244 56.240 108.235 94.232 61.235 21.246 41.268 69.281 66.293 66.305 68.318 61.334 45.353 35.375 47.400 87.430 63.468 16.518 11.583 6.663 15.743 20.826 14.911 19.985 20.068 58.171 108.891 100.128 103.867 102.772 102.586 102.476 102.453 102.417 103.376 103.340 68.301 44.246 30.245 33.251 84.208 105.193 101.193 92.208 10.242 0.000 0.000 0.000 0.000
66.280 66.281 49.286 0.000 9.275 70.275 66.275 66.275 65.274 66.274 81.274 68.273 71.273 73.272 72.271 67.270 64.269 65.268 65.267 64.266 74.265 97.264 93.264 80.263 73.261 64.256 40.243 29.237 16.236 0.000 22.300 71.306 66.316 68.328 51.342 25.358 10.377 7.399 49.425 66.454 35.489 7.541 10.617 15.727 22.813 18.908 13.024 6.136 9.446 57.408 108.958 103.016 102.778 102.600 102.585 102.550 102.509 102.472 100.438 91.407 24.384 0.000 41.310 100.299 105.278 103.264 97.261 87.266 5.276 0.000 0.000 0.000 0.000
63.289 65.290 62.291 0.000 5.284 70.284 65.284 63.283 65.283 69.283 73.283 72.282 72.282 70.281 64.281 65.280 65.279 66.279 66.278 71.278 89.278 88.278 81.279 90.280 88.281 59.282 0.000 0.000 0.000 0.000 20.324 71.329 66.337 69.348 40.362 2.379 36.398 62.421 82.446 51.471 3.493 0.000 0.000 4.814 14.875 14.972 15.108 9.401 6.240 109.145 109.054 101.922 102.769 102.670 102.636 102.598 102.562 104.527 89.494 72.466 32.444 8.433 56.386 86.360 95.340 104.326 93.319 82.318 4.320 0.000 0.000 0.000 0.000
70.297 68.297 57.298 0.000 56.294 64.293 66.293 70.292 71.292 72.292 70.292 71.292 69.291 65.291 65.291 66.290 66.290 65.290 67.290 90.290 89.291 71.292 84.294 82.296 86.300 84.308 47.327 3.339 12.346 42.348 47.344 67.348 66.355 66.366 61.380 53.397 70.417 69.440 63.466 85.493 33.518 0.000 0.000 8.842 13.900 11.991 13.107 37.280 61.691 109.230 104.250 103.998 103.738 102.725 102.685 102.649 103.613 101.579 56.547 33.518 45.493 46.470 100.440 102.415 82.395 92.381 87.372 60.367 25.366 0.000 0.000 0.000 0.000
71.305 72.305 69.306 57.307 71.304 71.302 71.302 72.301 72.301 73.301 85.301 67.301 65.301 65.301 66.301 66.301 66.301 67.301 81.302 92.302 67.304 71.305 98.308 90.311 78.316 81.324 84.334 68.344 73.350 88.355 81.357 69.362 62.370 62.381 73.395 89.412 76.432 48.456 20.484 75.519 64.567 13.648 16.726 21.811 17.891 8.988 11.063 52.350 104.597 109.309 101.230 103.881 104.809 102.772 102.735 102.698 95.663 85.629 42.597 13.567 22.540 23.514 84.488 126.465 107.445 83.430 75.420 54.414 63.411 16.411 0.000 2.574 6.574
76.312 76.312 72.312 72.312 72.311 73.311 73.310 69.310 66.310 65.310 28.310 18.310 69.310 66.310 66.311 66.311 65.311 68.312 92.313 78.314 63.316 69.318 86.321 103.324 98.329 95.336 93.343 89.351 85.357 84.363 92.368 89.374 83.383 79.394 82.407 86.424 48.444 12.468 11.496 27.530 23.583 8.653 17.717 27.787 23.867 14.975 8.132 51.380 109.456 109.384 104.123 105.966 102.854 102.821 103.783 99.746 83.711 76.677 82.645 88.614 72.586 94.559 109.533 126.510 135.491 119.475 81.464 86.456 61.453 0.000 0.000 0.000 0.000
15.319 16.319 76.318 71.319 71.319 66.319 63.319 65.319 60.319 13.319 13.319 2.319 70.320 66.320 66.321 66.321 66.322 84.323 91.324 64.325 66.327 66.330 69.333 75.336 77.341 77.347 73.353 76.359 92.365 85.371 76.377 79.384 86.393 90.403 93.416 90.433 65.452 30.476 13.501 12.523 0.000 1.663 12.703 21.753 5.810 0.000 21.326 81.569 109.525 101.467 105.191 104.928 102.911 102.869 103.831 98.793 85.758 51.723 58.690 101.659 112.630 144.602 135.576 107.553 95.533 112.516 91.503 85.495 60.492 0.000 0.000 0.000 0.000
2.327 11.326 25.324 80.326 65.327 63.327 65.327 65.327 66.327 13.328 4.328 59.329 67.329 66.330 66.330 66.331 68.332 92.333 77.335 63.336 66.338 66.341 66.344 65.348 65.352 65.357 64.362 71.368 100.373 79.379 10.385 18.392 30.400 81.410 91.423 75.438 80.457 67.482 19.509 16.537 1.585 6.637 19.672 11.713 0.000 0.000 39.484 109.658 109.592 104.349 106.088 101.995 102.956 102.916 102.877 102.839 89.803 52.768 67.735 104.703 100.672 134.643 129.617 98.592 103.571 89.553 70.539 88.530 66.527 0.546 0.000 0.000 0.000
64.335 60.335 0.000 72.335 82.335 83.336 64.336 76.336 83.336 59.337 57.337 67.338 66.338 66.339 66.340 66.341 85.342 89.344 64.345 66.347 65.349 64.352 66.355 66.358 66.362 66.367 65.371 73.376 102.381 83.387 29.392 2.399 53.406 78.415 91.426 70.439 60.457 19.485 12.517 15.547 13.581 21.615 25.636 0.000 0.000 18.408 80.655 109.722 101.607 105.327 105.068 103.046 103.001 102.961 102.922 103.884 94.847 83.811 106.777 131.744 119.713 136.683 133.655 127.629 134.605 100.585 77.569 87.559 95.556 24.564 0.000 0.000 0.000
66.344 65.344 60.347 66.345 65.344 13.344 87.344 79.344 66.345 67.345 67.346 66.347 66.348 66.349 66.350 69.351 92.352 75.354 65.355 66.357 72.359 80.362 66.365 64.369 66.372 65.376 68.380 92.385 100.389 75.394 63.399 51.405 73.411 72.418 33.426 18.435 15.446 0.000 4.528 4.551 5.579 6.604 8.620 0.000 21.482 78.627 100.790 109.783 102.569 103.210 103.132 103.088 103.046 103.005 102.965 103.927 94.890 77.854 73.819 106.785 96.752 110.721 113.691 101.663 103.636 75.613 52.594 66.581 133.575 86.574 21.576 11.576 33.576
66.351 66.352 66.352 66.352 66.352 60.352 76.352 92.353 68.353 65.354 66.355 66.356 66.357 66.358 65.359 88.361 90.362 64.363 66.365 67.367 64.369 26.372 85.375 80.378 67.382 65.385 83.389 102.393 86.397 66.401 66.405 67.410 70.415 74.420 11.425 12.430 0.000 1.510 16.515 0.000 0.000 0.000 0.000 0.000 44.604 101.767 109.900 109.843 102.454 103.287 103.169 103.132 103.089 103.048 103.008 101.969 86.931 88.895 108.859 127.824 126.790 131.757 136.725 123.694 121.664 108.637 57.614 55.597 131.587 95.582 33.578 26.577 91.576
66.359 66.359 66.359 66.359 66.359 66.360 66.360 77.361 92.362 68.363 65.364 66.365 66.366 64.368 72.369 93.370 73.372 65.373 67.375 65.376 7.379 4.382 73.385 74.388 80.391 79.394 87.398 86.401 67.404 65.408 67.412 70.415 75.419 75.421 0.000 0.000 0.000 3.505 27.506 14.503 15.502 14.502 0.000 5.769 52.881 106.989 109.956 101.795 103.507 103.240 103.219 103.172 103.130 103.089 103.049 103.010 88.972 84.935 105.898 106.862 106.827 109.793 109.759 108.725 113.690 86.655 62.626 77.607 92.595 31.588 0.000 0.000 35.575
66.366 68.366 68.365 66.366 66.367 66.368 66.368 66.369 77.370 92.371 68.373 63.374 63.375 80.377 92.378 86.380 63.382 66.383 62.384 8.383 5.389 59.393 66.395 66.398 72.401 89.403 89.406 82.409 75.412 67.415 54.418 24.421 89.423 69.425 0.000 0.000 0.000 2.501 16.501 9.502 23.502 12.502 0.000 5.950 26.028 110.066 110.012 102.664 103.395 103.300 103.257 103.213 103.170 103.129 103.089 104.050 99.012 88.974 83.937 82.900 82.864 82.828 82.793 86.757 60.717 4.667 30.630 86.609 82.596 43.588 5.584 0.000 34.575
67.373 4.373 5.371 66.373 65.375 64.376 64.376 63.377 63.378 76.380 91.381 84.383 91.384 93.386 80.388 64.390 71.392 71.394 59.395 0.000 7.402 70.404 66.406 68.408 92.410 99.412 77.415 68.417 75.419 82.422 70.424 6.427 49.429 67.430 0.000 0.000 0.000 3.495 9.497 6.500 20.501 0.000 0.000 6.078 11.415 110.119 107.917 103.627 103.367 103.342 103.295 103.252 103.210 103.169 103.129 103.089 104.051 103.013 100.975 99.937 99.900 100.863 102.827 76.791 18.754 0.000 15.616 71.603 102.593 93.585 66.580 42.576 59.575
66.381 65.381 0.382 65.382 76.383 80.383 84.384 89.385 92.387 93.388 93.390 93.391 79.393 66.395 82.398 99.400 100.402 100.405 93.408 71.414 6.413 67.414 65.416 74.418 102.419 89.421 66.423 65.425 67.427 70.429 61.431 6.433 26.435 26.437 0.000 0.000 0.000 9.488 4.492 0.000 3.501 0.000 14.058 15.348 6.167 110.170 111.866 107.502 103.422 103.377 103.332 103.289 103.248 103.207 103.167 103.128 103.090 103.051 103.013 102.974 103.935 106.898 78.862 11.827 0.000 0.000 0.000 16.595 72.586 103.579 94.575 70.572 47.574
66.389 68.390 64.392 66.391 81.391 80.391 76.392 72.393 71.395 67.396 88.398 78.400 89.402 80.405 96.407 92.409 85.412 86.415 97.418 103.422 92.423 93.424 85.426 93.427 101.429 74.430 65.431 66.433 66.434 65.436 65.437 67.439 62.441 11.445 71.452 62.459 1.467 3.476 0.000 0.000 0.000 4.950 83.023 80.235 110.263 110.217 105.743 106.570 103.451 103.413 103.368 103.326 103.284 103.244 103.205 103.166 103.128 103.090 103.052 105.011 109.968 78.931 18.897 0.000 0.000 0.000 0.000 0.000 13.579 64.571 99.567 49.565 0.000
68.396 4.397 63.397 66.397 66.398 66.398 65.399 66.401 68.402 66.404 78.406 73.409 82.411 93.414 81.416 66.419 67.422 68.425 69.428 74.431 87.433 97.434 103.436 101.437 90.438 66.439 66.440 66.441 66.442 66.443 67.444 90.445 63.447 3.449 67.454 17.459 11.465 4.470 0.000 0.000 0.000 14.907 103.114 105.319 110.307 104.077 103.782 103.515 103.493 103.446 103.403 103.361 103.320 103.281 103.242 103.204 103.166 103.129 105.092 90.052 43.994 10.963 0.000 0.000 0.000 0.000 0.000 0.000 0.000 35.559 97.558 49.557 0.000
69.403 2.403 63.404 66.404 66.405 66.406 66.407 67.408 5.409 65.412 69.415 80.417 80.420 88.423 93.426 79.429 64.432 64.435 64.438 66.441 68.443 69.445 70.446 70.447 69.448 68.448 64.448 64.449 65.449 66.450 77.450 91.450 62.451 56.452 58.454 0.000 0.000 4.470 0.000 0.000 0.000 18.969 102.085 110.391 110.349 102.934 103.662 103.566 103.522 103.478 103.436 103.395 103.355 103.316 103.278 103.241 103.204 103.169 108.136 64.110 0.000 0.000 0.000 0.000 0.000 0.000 0.000 0.000 0.000 38.549 98.548 57.547 0.000
