results4_8e4_rain/res_4e8f-0058.wd
ncols         241
nrows         181
xllcorner     12693529.787448
yllcorner     3542525.717860
cellsize      155.156523
NODATA_value  -9999.000000
[rows 99 to 131 of 181, columns 0 to 73 of 241]
0.000 0.000 0.000 0.000 0.000 54.241 94.241 96.239 87.236 82.235 0.000 0.000 0.000 0.000 0.000 0.000 0.000 62.169 59.169 0.000 0.000 0.000 0.000 57.049 56.046 0.000 0.000 0.000 0.000 3.549 0.000 0.000 0.000 0.000 9.406 55.401 51.390 50.372 51.347 52.319 65.288 54.254 58.216 50.175 52.130 50.081 51.030 55.975 56.918 54.859 58.798 51.736 51.672 53.607 56.539 70.466 71.403 56.353 42.308 0.000 0.000 0.000 0.000 0.000 19.931 74.930 71.925 58.912 33.898 28.883 72.868 49.855 51.844 51.836
0.000 0.000 0.000 0.000 0.000 55.244 95.244 95.244 0.000 0.000 0.000 0.000 0.000 0.000 0.000 0.000 7.169 73.170 62.169 0.159 0.000 0.000 60.092 59.075 63.067 0.000 0.000 0.000 0.000 61.549 53.549 0.000 0.000 0.000 68.451 78.445 64.436 57.421 51.402 53.378 72.350 57.317 63.281 63.240 54.195 69.147 61.095 62.040 51.981 59.921 59.859 57.795 51.730 52.664 56.595 53.497 15.431 5.392 0.000 0.000 0.000 0.000 0.000 22.913 59.916 71.915 78.910 68.900 44.889 45.878 59.866 50.855 51.846 51.839
0.258 0.000 0.000 0.000 0.000 42.248 91.248 100.248 10.250 0.000 0.000 0.000 0.000 0.000 0.000 0.000 0.000 80.172 61.168 62.160 64.148 61.131 58.109 59.093 57.080 0.000 0.000 0.000 0.000 54.549 54.550 55.549 54.542 54.528 53.502 63.493 72.486 19.476 83.461 73.441 78.416 63.386 8.350 79.310 77.265 76.216 80.163 69.107 52.047 54.985 59.920 59.855 56.788 52.724 41.680 0.000 0.000 0.000 0.000 0.000 0.000 0.000 0.000 32.910 59.907 59.903 70.898 69.891 52.882 52.873 51.863 51.855 51.847 51.841
68.263 71.263 3.263 0.000 0.000 52.252 91.251 96.251 106.252 11.253 0.000 0.000 0.000 0.000 2.207 2.206 0.192 17.178 65.172 62.164 80.152 94.137 69.121 54.107 0.000 0.000 0.000 0.000 0.000 0.000 53.552 54.555 54.549 54.541 54.536 53.540 53.541 52.536 53.526 58.510 70.488 64.459 7.424 79.384 80.339 58.290 65.236 82.178 76.115 63.050 52.984 58.916 59.845 62.764 47.722 0.000 0.000 0.000 0.000 0.000 0.000 0.000 0.000 0.000 10.897 56.894 53.889 53.883 51.876 51.868 51.860 51.853 51.847 50.841
82.264 65.264 65.263 67.262 69.260 88.256 96.255 96.254 96.254 98.254 72.254 11.254 0.000 60.209 67.208 68.205 30.199 25.188 88.180 96.172 91.161 87.143 70.132 0.000 0.000 0.000 0.000 0.000 0.000 0.000 0.000 54.570 53.557 52.552 53.559 54.591 54.601 54.602 54.597 55.585 74.566 69.539 52.504 54.464 65.418 76.368 53.313 65.253 66.187 59.117 79.049 61.981 53.913 0.000 0.000 0.000 0.000 0.000 0.000 0.000 0.000 0.000 0.000 0.000 2.892 56.886 51.882 51.876 51.870 51.863 51.857 49.851 47.845 49.841
97.265 87.265 68.264 72.263 90.261 96.259 96.258 96.257 96.256 91.255 63.254 69.254 0.000 51.210 86.211 94.209 94.203 78.196 93.189 100.182 10.176 0.000 0.000 0.000 0.000 0.000 0.000 0.000 0.000 0.000 0.000 54.598 0.000 0.000 0.000 55.663 54.669 54.675 54.676 55.669 71.652 76.626 53.591 54.549 54.502 72.451 73.395 51.334 59.264 78.182 70.113 48.047 0.000 0.000 0.000 0.000 0.000 0.000 0.000 0.000 0.000 0.000 0.000 0.000 0.000 56.878 51.875 51.871 51.865 50.859 49.853 54.848 55.843 56.839
97.266 97.266 92.266 95.265 96.263 96.262 96.260 96.259 96.258 92.256 67.255 84.254 0.000 0.000 64.218 88.215 96.210 97.205 96.199 101.193 4.184 0.000 0.000 0.000 0.000 0.000 0.000 0.000 0.000 0.000 0.000 54.626 0.000 0.000 56.735 54.728 54.738 54.752 54.762 54.762 71.748 76.721 53.684 54.640 54.590 55.538 76.483 70.423 77.351 67.236 48.174 0.000 0.000 0.000 0.000 0.000 0.000 0.000 0.000 0.000 0.000 0.000 0.000 0.000 54.872 51.873 51.871 51.867 51.861 50.854 52.849 56.844 57.841 57.838
95.269 96.268 96.268 96.267 96.266 96.265 96.263 96.262 96.260 97.258 92.256 99.253 23.247 2.240 52.229 71.223 94.218 96.213 97.209 85.206 0.000 0.000 0.000 0.000 0.000 0.000 0.000 0.000 0.000 0.000 0.000 48.655 53.684 53.713 52.742 54.778 54.804 54.832 54.860 54.869 71.857 76.828 53.785 54.735 54.682 54.628 59.576 82.525 62.483 0.000 0.000 0.000 0.000 0.000 0.000 0.000 0.000 0.000 0.000 0.000 0.000 0.000 0.000 0.000 7.871 58.871 54.869 55.864 53.858 49.848 56.844 57.840 55.837 55.835
92.271 97.271 96.270 96.270 96.269 96.268 96.266 96.265 96.263 96.261 97.258 90.254 74.249 65.243 59.236 86.230 96.226 96.221 101.218 4.216 0.000 0.000 0.000 0.000 0.000 0.000 0.000 0.000 0.000 0.000 0.000 0.000 0.000 0.000 0.000 54.839 54.866 54.914 54.975 54.998 70.985 77.947 54.893 54.834 54.774 54.718 54.667 60.619 13.573 0.000 0.000 0.000 0.000 0.000 0.000 0.000 0.000 0.000 0.000 0.000 0.000 0.000 0.000 0.000 0.000 0.000 0.000 0.000 0.000 58.838 56.837 57.836 54.834 49.833
92.274 97.274 96.274 96.273 96.272 96.271 96.270 96.268 96.266 96.264 97.261 82.257 61.252 60.247 69.242 93.237 96.233 96.229 102.226 7.224 0.000 0.000 0.000 0.000 0.000 0.000 0.000 0.000 0.000 0.000 0.000 0.000 0.000 0.000 0.000 50.873 54.908 51.984 55.130 55.162 74.138 78.082 55.009 54.933 54.863 54.804 54.754 51.713 1.647 0.000 0.000 0.000 0.000 0.000 0.000 0.000 0.000 0.000 0.000 0.000 0.000 50.799 0.000 0.000 0.000 0.000 0.000 0.000 54.826 55.830 57.831 57.831 54.831 50.830
95.278 96.278 96.277 96.277 96.276 96.275 96.274 96.272 96.270 96.268 96.265 93.261 70.257 71.252 88.248 95.243 96.240 96.236 103.233 20.231 0.000 0.000 0.000 0.000 0.000 0.000 0.000 0.000 0.000 0.000 0.000 0.000 0.000 0.000 0.000 0.000 50.907 0.000 54.400 55.381 83.324 70.234 55.126 55.025 54.942 67.879 57.834 52.808 0.000 0.000 0.000 0.000 0.000 0.000 0.000 0.000 0.000 0.000 0.000 0.000 2.799 61.799 46.799 0.000 0.000 0.000 0.000 55.819 58.822 57.825 54.826 50.827 50.827 48.828
96.282 96.282 96.281 96.281 96.281 96.280 96.279 96.277 96.275 96.272 96.269 96.266 98.261 98.257 97.253 96.249 96.246 98.243 87.240 30.236 0.000 0.000 0.000 0.000 0.000 0.000 0.000 0.000 0.000 0.000 0.000 0.000 0.000 0.000 0.000 0.000 0.000 0.000 54.688 55.638 89.543 58.404 55.238 55.100 67.002 75.937 54.895 54.878 53.895 0.000 0.000 0.000 0.000 0.000 0.000 0.000 0.000 0.000 0.000 0.000 0.000 57.800 58.800 45.801 0.000 51.810 53.812 57.816 56.819 54.821 53.823 49.824 57.825 60.825
95.286 94.286 96.286 96.286 96.285 96.285 96.284 96.282 96.280 96.278 96.275 96.271 96.267 96.262 96.258 96.255 97.253 80.251 8.249 0.000 57.259 71.259 17.259 0.000 0.000 0.000 0.000 0.000 0.000 0.000 0.000 0.000 0.000 0.000 0.000 0.000 0.000 0.000 51.027 61.941 84.805 55.600 52.324 55.133 55.031 54.970 54.932 54.914 54.912 51.912 0.000 0.000 0.000 0.000 0.000 0.000 0.000 0.000 0.000 0.000 0.000 52.800 48.800 54.802 49.804 57.808 57.811 56.814 52.816 55.818 50.820 49.821 49.822 42.824
85.290 85.290 94.291 96.291 96.291 96.290 96.290 96.289 96.287 96.284 96.281 97.277 98.272 96.267 96.263 96.260 96.259 18.258 2.258 57.260 67.260 77.259 76.259 69.258 61.258 2.258 0.000 0.000 0.000 0.000 0.000 0.000 0.000 0.000 0.000 55.950 58.887 58.740 55.452 54.295 63.137 50.869 0.000 51.077 55.021 54.979 54.950 54.934 53.928 0.000 0.000 0.000 0.000 0.000 0.000 0.000 54.795 65.795 0.000 0.000 53.798 51.799 51.800 48.802 56.804 57.807 57.809 54.812 57.815 57.816 55.818 50.819 39.819 0.000
67.294 72.295 91.296 97.297 96.297 96.297 96.296 96.296 96.294 96.292 98.289 84.284 80.277 95.271 100.267 97.265 92.264 74.264 77.263 83.262 77.261 78.260 57.259 50.258 0.000 0.000 0.000 0.000 0.000 0.000 0.000 0.000 0.000 0.000 47.013 53.014 55.971 55.881 55.748 55.648 57.580 0.000 0.000 0.000 49.997 54.974 54.956 54.944 54.938 0.000 0.000 0.000 0.000 0.000 0.000 14.794 71.795 53.795 51.796 51.796 51.798 51.799 49.800 54.801 57.803 57.806 53.808 57.811 57.814 56.815 50.816 51.817 41.817 0.000
51.298 66.300 85.302 98.304 99.304 99.303 97.303 96.303 97.303 96.301 97.298 35.293 6.281 54.274 72.270 93.268 100.269 98.270 98.270 84.265 7.263 0.000 0.000 0.000 0.000 0.000 0.000 0.000 0.000 2.022 4.022 0.000 0.000 0.000 0.000 52.119 56.104 54.065 55.010 56.970 57.956 0.000 0.000 0.000 0.000 47.964 54.955 54.948 51.943 0.000 0.000 0.000 0.000 0.000 0.000 0.000 13.795 67.795 50.796 50.796 51.797 50.798 50.799 56.801 57.802 55.805 43.806 0.000 61.814 55.815 55.815 55.816 41.816 0.000
15.301 37.303 70.310 76.312 70.311 72.309 89.311 97.312 93.312 86.311 85.311 20.310 0.000 0.000 0.000 30.270 65.272 91.279 98.283 0.000 0.000 0.000 0.000 0.000 0.000 0.000 0.000 0.000 0.000 44.022 65.022 10.022 0.000 0.000 0.000 52.241 58.262 57.264 66.257 67.266 57.318 2.533 0.000 0.000 0.000 0.000 51.952 52.950 0.000 0.000 0.000 0.000 0.000 0.000 0.000 0.000 0.000 72.795 75.796 55.796 49.797 47.798 57.799 57.800 52.801 0.000 0.000 0.000 2.814 60.814 57.814 57.815 47.815 0.000
0.000 0.000 51.322 60.322 12.322 0.000 61.322 90.322 81.322 77.322 91.323 58.326 18.334 0.000 0.000 0.000 0.000 36.289 67.300 0.000 0.000 0.000 0.000 0.000 0.000 0.000 0.000 0.000 0.000 0.000 49.023 67.023 0.000 0.000 0.000 43.341 57.441 55.471 85.488 78.518 56.583 58.706 4.820 0.000 0.000 0.000 46.952 0.000 0.000 0.000 0.000 0.000 0.000 0.000 0.000 0.000 0.000 0.000 60.796 77.796 62.797 56.797 57.798 52.799 0.000 0.000 0.000 0.000 0.000 52.814 57.814 57.814 52.814 0.000
0.000 0.000 47.334 92.334 49.333 0.000 50.332 82.332 84.332 95.332 97.334 100.337 106.342 45.349 14.352 0.000 0.000 0.000 7.327 2.337 0.000 0.000 0.000 0.000 0.000 0.000 0.000 0.000 0.000 0.000 50.023 65.024 0.000 2.031 6.032 0.000 50.689 58.693 88.706 70.736 58.790 57.866 62.934 0.000 0.000 0.000 0.000 0.000 0.000 0.000 0.000 0.000 0.000 0.000 0.000 0.000 0.000 0.000 0.000 0.000 65.797 55.797 53.797 0.000 0.000 0.000 0.000 0.000 51.813 50.813 52.813 46.814 0.000 0.000
20.357 35.354 69.347 87.345 95.344 64.347 77.343 100.342 97.341 96.342 96.343 96.346 96.349 102.353 105.355 61.357 20.357 2.353 65.345 79.347 72.352 74.354 30.354 6.354 3.354 0.000 0.000 0.000 0.000 0.000 29.024 51.025 57.027 57.030 60.033 19.036 51.934 80.905 82.907 59.930 57.974 58.036 61.115 6.237 1.318 0.000 0.000 0.000 0.000 0.000 0.000 0.000 0.000 0.000 0.000 0.000 0.000 0.000 0.000 0.000 0.000 0.000 0.000 0.000 0.000 0.000 0.000 53.812 48.812 46.813 0.000 0.000 0.000 0.000
93.360 96.359 96.356 94.354 92.353 93.353 95.351 95.351 96.350 97.351 97.352 96.354 89.356 93.358 96.360 100.360 104.360 105.357 97.354 93.354 90.355 85.355 87.355 80.355 36.354 14.354 0.000 0.000 0.000 0.000 0.000 0.000 0.000 0.000 0.000 76.142 65.107 94.087 85.086 72.104 59.139 58.190 58.253 62.328 58.388 0.000 0.000 0.000 0.000 0.000 0.000 0.000 0.000 0.000 0.000 0.000 0.000 0.000 0.000 0.000 0.000 0.000 0.000 0.000 0.000 0.000 0.000 0.000 0.000 0.000 0.000 0.000 0.000 0.000
96.366 91.365 89.363 88.362 82.361 79.361 80.360 80.359 86.359 91.360 91.360 84.361 68.363 83.364 96.365 96.365 96.364 96.363 96.361 96.360 97.359 97.358 100.356 101.355 101.354 101.354 40.354 0.000 0.000 0.000 0.000 0.000 0.000 0.000 0.000 48.284 74.265 79.249 63.247 80.261 68.290 58.331 58.381 61.435 4.478 0.000 0.000 0.000 0.000 0.000 0.000 0.000 0.000 0.000 0.000 0.000 0.000 0.000 0.000 0.000 0.000 0.000 0.000 0.000 0.000 0.000 0.000 0.000 0.000 0.000 0.000 0.000 0.000 0.000
66.372 39.372 61.371 75.370 73.369 53.369 38.368 34.368 54.368 71.368 70.369 63.369 58.370 68.371 89.371 97.371 96.370 96.369 96.367 96.365 96.363 100.360 75.357 63.356 62.354 66.354 69.353 8.353 0.000 0.000 0.000 0.000 0.000 0.000 0.000 46.444 82.419 65.398 57.393 67.404 78.428 62.462 58.505 58.554 64.613 8.709 2.753 0.000 0.000 0.000 0.000 0.000 0.000 0.000 0.000 0.000 0.000 0.000 0.000 0.000 0.000 0.000 0.000 0.000 0.000 0.000 0.000 0.000 0.000 0.000 0.000 0.000 0.000 0.000
56.379 27.379 49.378 64.378 60.377 37.377 23.377 27.376 47.376 61.376 59.377 59.377 60.378 58.378 77.378 94.378 96.377 96.376 96.374 96.372 95.368 58.364 0.000 0.000 0.000 0.000 0.000 0.000 0.000 52.807 72.807 24.807 10.804 6.792 53.743 70.629 87.571 64.529 58.524 56.535 73.556 75.586 61.622 58.663 58.709 61.762 70.798 8.828 3.835 0.000 0.000 0.000 0.000 0.000 0.000 0.000 0.000 0.000 0.000 0.000 0.000 0.000 0.000 0.000 0.000 0.000 0.000 0.000 0.000 0.000 0.000 0.000 0.000 0.000
69.387 65.387 60.387 59.386 60.386 62.385 63.385 66.385 65.385 61.385 60.385 60.385 60.386 59.386 66.386 88.385 97.385 96.383 98.382 70.379 36.373 0.000 0.000 0.000 0.000 0.000 0.000 0.000 0.000 17.808 39.808 42.809 46.814 60.828 57.809 78.759 75.707 49.625 56.639 58.655 60.676 73.703 65.734 60.767 58.800 57.831 74.848 65.850 59.842 0.000 0.000 0.000 0.000 0.000 0.000 0.000 0.000 0.000 0.000 0.000 0.000 0.000 0.000 0.000 0.000 0.000 0.000 0.000 0.000 0.000 0.000 0.000 0.000 14.672
59.395 60.395 60.395 60.395 60.394 60.394 60.394 60.394 60.394 60.394 60.394 60.394 60.394 60.394 58.394 79.393 96.393 98.392 94.391 20.390 0.000 0.000 0.000 0.000 0.000 0.000 0.000 0.000 0.000 0.000 0.000 0.000 0.000 44.898 61.905 87.891 61.873 0.000 44.752 59.769 57.792 61.817 62.844 71.870 60.895 58.913 57.915 53.883 0.000 0.000 0.000 0.000 0.000 0.000 0.000 0.000 0.000 0.000 0.000 0.000 0.000 0.000 0.000 0.000 0.000 0.000 0.000 0.000 0.000 0.000 0.000 0.000 19.844 84.768
60.404 60.404 60.403 60.403 60.403 60.403 60.403 59.403 59.403 60.402 60.402 60.402 60.402 60.402 59.402 67.402 82.401 93.401 81.400 7.400 0.000 0.000 0.000 0.000 0.000 0.000 0.000 0.000 0.000 0.000 0.000 0.000 0.000 21.960 71.023 96.028 6.020 0.000 42.849 60.877 58.905 57.930 65.953 76.976 64.996 59.011 63.018 0.000 0.000 0.000 0.000 0.000 0.000 0.000 0.000 0.000 0.000 0.000 0.000 0.000 0.000 0.000 0.000 0.000 0.000 0.000 0.000 0.000 0.000 0.000 0.000 0.000 76.921 90.866
60.413 60.412 60.412 60.412 60.412 60.412 60.412 64.412 65.412 61.412 60.411 60.411 60.411 60.411 60.411 59.411 62.410 71.410 71.410 12.410 0.000 0.000 0.000 0.000 0.000 0.000 14.122 0.000 0.000 0.000 0.000 0.000 0.000 0.000 75.200 90.178 13.160 0.000 26.918 57.987 59.021 59.044 58.065 63.084 65.102 61.118 63.127 0.000 0.000 0.000 0.000 0.000 0.000 0.000 0.000 0.000 0.000 0.000 0.000 0.000 0.000 0.000 0.000 0.000 0.000 0.000 0.000 0.000 0.000 0.000 0.000 61.146 70.052 69.979
60.422 60.422 60.422 60.421 60.421 60.421 59.421 71.421 76.421 63.421 60.421 60.421 60.420 60.420 60.420 60.420 60.419 59.419 62.419 43.419 0.000 0.000 0.000 0.000 0.000 56.123 77.122 39.120 30.110 29.096 0.000 0.000 0.000 56.530 98.398 72.325 72.282 0.000 0.000 44.133 61.146 59.162 59.178 57.194 73.212 77.230 71.246 0.000 0.000 0.000 0.000 0.000 0.000 0.000 0.000 0.000 0.000 0.000 0.000 0.000 0.000 0.000 0.000 0.000 0.000 0.000 0.000 0.000 0.000 0.000 35.315 86.240 72.162 85.095
60.431 60.431 60.431 60.431 60.431 60.431 59.431 72.431 78.430 62.430 60.430 60.430 60.430 60.430 60.429 60.429 60.429 60.428 60.429 66.430 37.434 0.000 0.000 0.000 0.000 19.123 34.124 56.128 64.114 68.083 42.022 17.939 52.825 90.662 88.537 68.442 50.362 8.361 0.000 44.265 61.270 60.279 63.290 58.304 67.321 90.345 87.381 32.455 0.000 12.616 0.000 0.000 0.000 0.000 0.000 0.000 0.000 0.000 0.000 0.000 0.000 0.000 0.000 0.000 0.000 0.000 0.000 0.000 0.000 0.000 72.390 128.336 111.270 133.178
57.441 58.441 59.441 59.441 60.441 60.440 58.440 73.440 76.440 59.440 60.440 60.440 60.439 60.439 60.439 60.438 60.438 60.438 60.437 60.438 66.438 46.439 0.000 0.000 0.000 0.000 0.000 32.153 63.135 59.100 62.045 65.970 77.874 94.757 78.646 46.544 0.000 0.000 0.000 43.392 60.391 63.394 76.400 62.410 72.425 73.447 92.480 96.529 79.589 29.616 0.000 0.000 0.000 0.000 0.000 0.000 0.000 0.000 0.000 0.000 0.000 0.000 0.000 0.000 0.000 0.000 0.000 0.000 0.000 58.614 68.519 69.445 72.376 91.351
78.451 73.451 68.451 66.451 62.450 58.450 58.450 73.450 76.450 58.450 60.450 60.450 60.449 60.449 60.449 60.448 59.448 58.447 59.446 59.445 59.443 65.440 42.435 19.429 0.000 0.000 0.000 31.197 69.173 63.137 58.087 71.024 93.944 87.846 55.746 0.000 0.000 0.000 0.000 41.519 59.510 64.505 71.506 66.511 71.522 70.538 83.561 77.592 70.624 43.643 0.000 0.000 0.000 0.000 0.000 0.000 0.000 0.000 0.000 0.000 0.000 0.000 0.000 0.000 5.431 0.000 0.000 1.788 35.789 63.708 132.626 96.558 128.440 112.112
98.461 97.461 93.461 88.461 84.461 79.461 74.461 70.461 65.460 59.460 60.460 60.460 60.460 60.459 59.459 61.458 67.457 72.456 71.455 69.453 63.449 58.444 62.436 68.424 32.401 13.370 17.328 51.265 74.225 65.187 61.144 84.094 96.032 51.939 0.000 0.000 0.000 4.756 11.729 45.655 58.625 63.611 79.606 69.608 62.613 55.623 61.636 79.654 76.672 82.688 1.711 0.000 0.000 0.000 0.000 0.000 0.000 0.000 0.000 0.000 0.000 0.000 0.000 0.000 2.432 0.000 0.000 0.000 70.869 61.804 71.733 94.624 70.795 110.249
