results4_8e4_rain/res_4e8f-0223.wd
ncols         241
nrows         181
xllcorner     12693529.787448
yllcorner     3542525.717860
cellsize      155.156523
NODATA_value  -9999.000000
[rows 33 to 65 of 181, columns 146 to 218 of 241]
65.007 64.223 63.947 64.583 31.242 42.911 64.596 58.280 36.856 0.000 0.000 36.917 12.917 17.917 33.919 58.923 45.922 11.919 0.000 0.847 50.834 58.820 16.797 43.771 35.750 36.727 40.691 49.654 67.614 58.585 53.557 48.535 49.516 49.499 48.483 47.467 46.449 54.431 64.412 56.396 56.381 54.366 33.352 47.339 55.331 0.000 25.911 30.884 54.815 52.757 57.703 67.652 60.611 55.590 10.580 0.000 38.533 38.523 45.520 23.523 0.000 0.000 0.000 0.000 0.000 0.000 0.000 0.000 0.000 0.000 0.000 0.000 0.000
64.960 64.706 64.358 65.028 42.705 60.401 63.133 56.941 0.000 0.000 14.917 38.917 0.000 0.000 0.000 42.932 42.928 50.917 13.898 63.872 51.846 38.824 47.800 38.774 36.749 36.722 35.691 37.658 65.624 63.595 63.568 65.544 58.523 60.504 59.486 59.469 59.452 60.434 64.417 62.402 63.388 58.375 35.363 34.354 7.349 0.000 22.855 36.838 44.803 39.753 45.700 58.643 58.610 56.590 14.580 0.000 0.000 43.507 15.504 0.000 0.000 0.000 0.000 0.000 2.388 45.382 44.375 46.369 36.364 39.361 6.359 0.000 0.000
65.442 65.104 64.781 64.460 64.150 64.856 56.594 43.409 0.000 0.000 0.000 6.917 0.000 0.000 0.000 39.947 36.939 49.924 54.904 46.880 55.855 53.830 34.804 35.777 36.750 36.722 48.692 52.661 56.630 49.601 46.574 56.550 30.528 37.508 32.489 32.471 32.454 35.437 61.421 50.407 48.394 50.382 35.372 37.365 17.361 0.000 32.816 89.810 14.807 0.000 0.000 7.611 59.595 58.580 17.569 0.000 0.000 40.494 37.485 39.466 37.451 45.437 51.424 43.410 65.394 72.383 70.374 55.368 35.363 34.359 38.356 8.354 0.000
65.840 65.518 65.197 64.883 65.578 60.279 41.977 32.693 41.693 0.000 0.000 0.000 0.000 0.000 0.000 36.970 35.956 38.937 34.914 45.889 48.863 51.836 40.809 35.781 35.753 35.724 60.694 66.665 48.635 42.606 42.579 43.554 40.531 40.511 40.491 41.473 44.456 41.439 62.424 54.410 52.398 52.388 34.379 48.373 74.370 0.000 24.784 77.780 0.000 0.000 0.000 9.595 59.579 57.565 35.548 40.523 38.504 36.490 36.477 36.463 35.449 42.437 49.425 36.413 54.396 72.380 68.372 48.365 33.360 33.357 38.354 6.352 0.000
66.256 65.927 65.606 65.297 62.000 47.706 36.341 0.000 0.000 0.000 0.000 41.121 4.107 10.084 2.052 36.008 36.979 36.953 35.927 35.899 41.871 34.843 34.814 36.785 35.755 34.726 58.697 55.668 63.639 67.609 66.580 61.555 57.533 59.512 55.492 59.474 59.457 60.441 64.426 62.412 63.401 59.391 34.383 46.378 68.375 0.000 19.754 80.747 0.000 0.000 0.000 0.000 56.561 59.552 38.536 36.516 36.499 36.484 36.471 36.458 35.446 42.435 51.427 7.420 0.000 30.371 73.366 49.362 33.357 33.353 37.350 4.349 0.000
66.669 66.329 66.004 65.698 55.418 37.204 0.000 0.000 0.000 0.000 39.151 42.135 55.117 55.093 43.063 36.029 35.999 36.969 36.940 35.911 34.881 35.850 35.819 35.789 34.758 43.728 62.699 41.671 55.643 32.610 65.579 55.555 54.533 54.512 51.492 56.474 57.456 57.440 64.426 62.413 59.401 59.392 34.385 48.380 67.378 0.000 5.731 73.707 0.000 0.000 0.000 0.000 60.552 59.545 35.530 37.507 36.490 37.477 37.464 37.452 38.442 46.432 26.426 0.000 0.000 31.366 73.362 54.357 41.353 35.348 38.345 5.343 0.000
67.078 66.717 67.382 60.073 47.771 37.488 0.000 0.000 0.000 0.000 36.166 53.152 47.132 36.108 38.079 38.048 36.017 34.986 36.954 35.922 36.890 36.857 36.825 35.792 35.761 55.730 55.701 55.674 55.653 0.000 37.569 35.552 36.531 36.511 37.491 41.472 44.455 42.439 62.424 56.411 50.400 52.391 35.385 47.380 66.378 0.000 0.000 46.645 37.619 0.000 0.000 0.000 54.550 37.547 0.000 32.493 38.479 42.468 49.457 49.446 49.436 51.426 23.420 0.000 15.369 79.364 72.359 74.353 62.348 37.343 38.339 6.336 0.000
67.476 67.079 66.736 52.440 4.105 0.052 0.000 0.000 0.000 14.221 52.196 47.175 37.152 38.126 38.098 38.067 38.035 36.003 34.969 34.935 36.900 35.865 35.830 34.796 36.762 51.730 42.700 51.671 52.642 11.608 11.577 51.553 50.530 50.509 50.488 52.469 52.452 53.435 65.421 61.408 56.397 58.388 34.382 43.378 71.376 0.000 0.000 105.607 74.594 41.575 28.566 0.000 0.000 0.000 0.000 0.000 35.465 44.458 48.449 47.439 50.429 52.418 38.406 43.388 59.373 74.364 72.356 72.349 60.342 37.336 37.331 13.327 0.000
67.846 68.386 60.043 42.845 0.000 0.000 0.000 2.288 2.274 59.246 53.222 37.199 38.174 38.147 38.118 38.087 38.054 38.020 34.984 35.948 35.910 35.872 36.834 35.798 35.763 38.729 43.697 55.667 42.637 54.606 59.577 52.551 61.528 51.506 52.485 55.465 54.447 53.431 63.416 59.403 47.392 46.383 35.377 42.373 71.373 0.000 0.000 96.582 86.575 63.564 32.556 0.000 0.000 8.486 3.482 0.000 6.458 55.452 47.443 41.433 38.422 53.411 40.399 42.385 50.372 71.362 73.352 71.344 57.336 37.329 34.321 38.313 32.302
76.135 73.575 46.206 36.051 0.000 0.000 4.312 37.301 51.288 52.268 46.247 41.224 38.199 38.171 38.141 38.109 37.075 40.039 45.001 40.961 35.920 36.879 35.838 35.798 35.761 35.726 42.694 43.662 41.632 48.602 47.574 42.548 54.524 34.501 42.480 49.460 48.441 42.424 61.409 54.395 34.384 33.375 36.368 38.366 42.369 0.000 0.000 74.565 54.560 91.551 77.540 13.520 14.504 65.489 39.479 37.467 37.457 39.447 50.438 44.427 12.416 65.405 53.393 49.381 47.369 58.358 74.348 66.339 49.330 38.322 34.313 41.303 65.290
0.000 0.000 25.154 43.103 0.000 0.000 39.323 49.318 63.308 47.293 46.274 46.251 39.226 38.197 38.166 38.133 45.097 53.059 54.020 45.977 40.931 35.885 34.840 35.797 39.758 36.722 35.688 34.657 40.626 41.597 40.569 41.543 43.518 36.495 42.473 47.453 49.434 45.416 61.400 55.386 37.374 36.364 36.356 32.352 0.000 0.000 0.000 30.552 49.548 49.541 83.530 98.516 91.502 59.489 45.477 46.465 46.454 49.444 71.433 89.422 98.411 97.399 99.388 98.376 92.364 86.353 78.343 61.333 44.324 35.315 36.305 49.295 68.283
19.300 0.000 0.000 0.000 0.000 10.339 42.339 62.338 54.332 57.321 54.304 44.282 37.256 38.226 38.194 49.159 54.121 50.082 45.041 41.995 44.942 39.890 39.839 35.791 40.751 34.715 35.681 36.650 35.620 35.591 35.563 35.537 34.512 35.488 35.466 39.445 45.425 44.407 62.390 56.375 35.362 36.351 36.341 35.333 10.322 0.000 0.000 34.544 60.541 49.534 51.525 66.513 77.500 87.487 89.475 95.463 98.451 98.440 97.429 93.417 84.406 82.394 84.382 87.371 89.359 90.348 88.338 92.327 84.318 51.308 38.298 57.288 74.277
58.748 17.613 0.000 0.000 7.311 43.339 59.357 52.364 44.363 52.354 56.338 57.316 47.290 36.259 46.224 55.186 45.147 37.107 37.067 39.021 6.952 7.893 6.837 32.778 36.739 38.705 38.673 35.642 35.612 36.583 35.555 35.529 35.503 36.479 35.457 35.435 35.415 38.396 55.378 54.362 36.348 36.336 36.325 37.317 38.311 0.000 0.000 33.539 51.536 52.530 64.521 51.511 31.498 35.485 71.472 95.460 79.448 74.436 77.425 70.413 56.401 45.389 36.377 34.365 35.354 45.343 43.332 38.321 77.311 92.301 70.291 68.281 72.272
0.000 33.479 11.899 6.136 42.282 52.350 59.384 43.399 46.401 44.394 42.378 50.356 55.328 50.294 54.257 43.216 37.174 38.133 38.097 46.071 0.000 0.000 0.000 29.745 38.723 49.694 50.663 45.633 41.603 43.574 39.546 38.519 36.494 35.470 35.446 36.424 35.403 35.383 38.364 47.347 35.332 35.319 36.307 35.299 4.294 0.000 0.000 14.536 12.534 66.529 50.521 35.510 49.496 51.482 97.469 78.457 61.445 43.433 34.420 35.408 36.396 37.384 37.372 37.360 36.348 34.337 33.325 34.315 42.304 79.294 87.284 72.274 71.265
0.000 20.925 44.083 46.227 45.332 60.395 45.430 39.447 41.449 40.442 37.426 36.402 51.371 58.335 61.292 49.246 39.199 36.155 44.119 10.095 0.000 0.000 0.000 32.734 42.713 49.684 50.653 50.623 52.593 60.564 58.536 54.509 52.483 48.459 42.435 37.412 35.390 36.369 35.349 40.331 33.314 34.299 35.287 37.277 58.272 0.000 0.000 0.000 28.535 70.530 30.523 39.512 30.495 69.478 87.465 47.453 35.441 37.429 37.416 37.404 37.391 37.379 34.366 34.354 33.342 34.330 34.319 34.308 50.298 65.288 38.278 98.266 70.257
0.000 21.214 44.279 37.357 56.423 56.468 51.495 42.508 36.508 37.498 38.480 49.455 52.421 44.380 47.332 56.278 57.221 47.168 4.127 0.000 5.876 4.839 37.792 43.745 47.709 46.676 47.644 47.612 45.582 52.553 53.525 53.498 54.472 51.447 50.423 51.399 42.376 37.354 38.333 35.313 36.294 35.277 34.263 36.252 51.246 0.000 0.000 0.000 28.540 72.534 34.528 10.520 0.000 15.470 54.461 36.450 37.438 35.425 35.412 35.400 34.387 33.374 34.361 34.348 33.335 34.323 33.312 32.301 35.290 31.281 27.272 91.257 100.246
0.000 18.437 38.463 48.499 58.534 49.560 49.575 51.580 49.576 40.563 46.543 55.515 44.479 37.433 36.378 42.313 52.240 59.168 23.096 15.004 40.912 40.849 35.793 44.745 49.704 50.668 46.633 46.600 38.569 35.540 35.512 35.486 34.460 32.434 39.410 53.385 52.361 51.338 46.315 37.293 35.272 36.253 35.235 35.221 36.212 0.000 0.000 0.000 43.552 10.540 14.534 0.000 0.000 0.000 33.459 13.448 16.436 33.421 32.408 32.395 33.382 35.368 35.355 35.342 34.329 34.316 32.304 32.293 33.282 21.274 0.000 11.243 94.230
0.000 17.635 41.635 60.643 51.654 48.663 48.666 49.662 48.653 50.636 55.613 44.583 38.545 38.496 38.434 37.354 38.259 44.167 61.085 59.003 37.921 36.850 35.788 36.736 48.694 46.657 57.622 45.587 38.555 36.526 37.499 36.473 41.447 49.421 45.396 39.371 45.346 55.321 52.297 51.273 42.249 35.226 35.205 36.185 34.171 0.000 0.000 43.580 31.574 0.000 0.000 45.483 40.482 39.476 31.468 0.000 0.000 38.415 35.405 35.392 35.378 35.363 35.349 35.335 35.322 35.308 35.296 34.283 35.272 37.260 27.246 0.000 36.213
5.923 30.833 55.799 51.785 40.777 45.771 50.762 45.751 51.735 57.716 49.691 37.660 36.622 38.573 38.506 42.411 43.275 37.155 48.074 44.001 40.921 37.841 34.772 41.719 45.678 47.644 38.612 65.569 53.538 43.511 35.485 41.459 60.433 70.408 63.382 40.357 42.331 45.305 49.278 54.252 52.225 48.199 37.172 34.145 41.114 47.071 0.000 18.586 39.592 0.000 0.000 15.484 35.486 35.479 35.468 40.453 39.436 35.419 34.404 35.389 35.374 35.358 35.343 35.328 35.314 35.300 35.287 35.274 34.261 34.247 35.233 38.215 34.204
18.013 51.976 57.943 42.919 37.899 39.881 41.862 52.843 56.823 67.800 66.775 59.745 48.709 37.666 40.608 7.509 0.000 36.105 42.055 39.005 1.921 35.822 39.739 56.690 55.655 58.630 0.000 30.538 70.518 64.495 50.470 56.445 74.420 74.395 72.369 41.342 47.316 47.288 49.260 37.231 46.202 52.171 51.140 50.107 63.070 72.028 4.984 0.000 29.614 54.637 0.000 0.000 58.498 39.487 39.472 39.455 39.437 40.420 34.403 33.387 37.370 34.352 34.336 34.321 34.306 35.292 34.278 33.264 33.250 33.236 33.222 33.207 32.195
17.140 63.113 49.080 38.048 38.019 37.992 50.964 48.935 65.912 80.888 77.863 74.835 69.805 60.775 51.749 0.000 0.000 0.000 30.037 41.023 0.000 0.000 32.671 50.648 49.621 64.592 36.551 37.526 70.503 75.480 71.456 70.432 73.407 73.382 74.356 53.329 45.301 47.272 47.242 37.211 46.179 40.145 59.110 30.072 69.032 90.988 61.940 31.889 0.000 32.660 0.000 34.548 94.521 47.498 49.478 49.458 45.438 46.420 38.402 33.386 15.367 34.344 34.328 37.313 40.298 50.283 40.268 35.254 36.240 36.226 36.212 36.198 36.185
49.295 53.257 47.215 45.175 40.138 52.102 46.065 59.024 37.001 6.978 57.953 76.927 75.901 76.879 59.864 0.000 0.000 0.000 24.033 47.028 0.000 0.000 29.625 44.611 39.590 66.565 77.536 77.511 73.488 73.465 73.442 74.419 73.395 73.370 73.344 67.316 42.288 44.257 42.226 37.192 48.157 49.120 52.081 9.041 53.997 89.951 59.899 77.838 38.756 24.683 36.631 92.576 80.538 52.508 46.483 48.460 42.438 36.419 34.401 32.387 0.000 40.331 48.319 56.304 63.289 72.274 61.259 41.244 35.230 36.215 36.201 36.188 36.175
60.478 49.404 49.347 45.299 52.256 49.215 52.170 76.094 63.089 46.070 67.045 76.019 74.995 73.975 53.964 0.000 0.000 0.000 0.000 2.028 0.000 0.000 35.594 44.581 55.562 71.540 73.517 73.495 73.473 73.451 73.429 73.406 73.383 73.358 73.332 73.305 59.276 49.244 42.211 35.175 39.137 39.097 44.055 63.012 48.966 83.918 69.867 76.810 83.746 69.686 74.634 83.586 59.547 60.514 46.486 45.461 37.437 34.415 35.395 37.374 51.349 57.329 75.313 74.296 73.280 72.265 72.249 62.234 40.219 35.205 36.191 36.177 36.163
51.613 39.535 41.471 53.418 50.372 50.333 20.304 0.000 55.191 81.167 76.139 75.109 77.083 59.062 45.054 29.080 0.000 0.000 0.000 0.000 0.000 0.000 41.576 58.558 70.538 73.518 73.498 73.478 73.458 73.437 73.417 73.395 73.372 73.349 73.323 73.296 74.266 68.234 60.198 52.160 50.119 53.076 44.031 60.985 39.938 81.890 14.840 35.787 70.733 42.680 33.632 89.588 53.550 57.516 55.486 36.459 34.434 35.411 35.389 43.367 64.345 75.324 72.306 72.288 72.272 69.255 68.239 66.224 65.208 39.194 35.179 35.165 35.152
41.726 38.650 51.585 51.529 46.481 66.440 20.410 29.396 69.317 76.270 75.232 75.197 75.165 51.136 51.111 62.106 0.000 0.000 0.000 0.000 0.000 0.000 0.000 8.536 67.513 79.495 74.478 73.460 73.442 73.424 73.405 73.385 73.363 73.340 73.316 73.288 73.259 74.226 75.189 72.148 72.103 75.056 55.007 60.959 34.911 75.863 11.815 13.767 66.718 36.671 46.626 80.585 61.548 53.514 57.483 34.455 35.429 34.405 36.382 46.360 67.338 68.317 73.298 72.280 67.262 64.245 68.229 73.213 72.197 61.182 42.168 41.153 40.140
37.828 51.755 52.690 40.632 51.582 72.538 65.499 71.462 77.410 75.364 75.322 75.283 72.245 56.205 6.147 2.127 0.000 0.000 0.000 0.000 0.000 0.000 0.000 0.000 12.485 24.473 65.458 74.443 73.428 73.411 73.394 73.375 73.355 73.334 73.310 75.284 74.255 74.221 73.183 75.139 74.090 74.037 63.983 61.932 38.884 50.837 80.792 59.746 67.702 36.658 64.617 58.578 61.542 49.509 43.478 35.450 35.423 35.398 43.375 48.352 49.330 54.309 62.289 60.270 61.252 72.235 72.218 72.202 72.186 73.170 67.155 63.141 61.127
52.923 52.851 41.787 37.729 52.677 71.629 77.586 76.544 75.498 75.453 75.410 76.368 67.326 60.292 0.000 0.000 0.000 0.000 0.000 0.000 0.000 0.000 0.000 0.000 21.468 41.452 68.439 74.427 73.414 73.400 73.384 73.368 73.349 73.330 75.308 75.283 75.255 67.222 72.183 75.137 78.081 76.020 69.956 65.902 53.855 37.811 85.768 68.725 70.684 35.643 81.604 45.568 26.533 43.501 34.471 35.442 34.416 43.390 49.366 48.343 48.321 47.300 40.280 36.260 66.242 72.224 72.207 72.190 72.174 72.158 73.143 73.128 73.114
50.011 40.941 38.878 36.820 53.766 73.717 75.672 75.628 75.584 75.541 75.498 77.452 56.398 54.345 0.000 0.000 0.000 0.000 0.000 0.000 0.000 0.000 0.000 0.000 0.000 55.427 74.421 73.412 73.401 73.389 73.376 73.361 75.345 74.327 74.308 74.286 68.260 46.229 62.189 72.144 23.077 14.005 47.919 54.867 63.823 50.783 71.743 89.704 74.665 41.627 83.590 7.555 19.522 32.491 35.461 35.433 37.406 47.381 45.357 46.334 48.311 51.290 45.269 46.250 62.231 72.212 72.195 72.178 72.161 72.145 72.130 72.115 72.101
41.093 39.026 43.963 48.905 63.852 75.802 75.756 75.712 75.670 75.630 75.589 76.543 63.470 0.000 0.000 0.000 0.000 0.000 3.371 40.371 1.371 19.372 0.000 0.000 0.000 30.407 65.404 72.398 73.390 73.380 73.369 73.356 75.342 73.327 73.310 73.292 57.270 53.244 15.202 17.173 0.000 0.000 32.848 39.822 61.789 47.754 52.718 95.681 78.645 57.609 67.575 17.541 62.509 39.479 35.450 35.422 37.396 46.371 57.346 57.323 59.301 65.279 60.258 71.238 72.219 72.200 72.182 72.165 72.148 72.132 72.116 72.101 72.087
42.171 39.105 46.044 64.986 75.933 75.884 75.838 75.795 75.755 75.718 75.685 81.660 0.000 0.000 0.000 0.000 0.000 0.000 40.371 52.371 39.371 54.372 50.372 0.000 20.385 52.391 59.391 70.387 73.381 73.373 73.363 74.353 73.341 73.328 73.314 69.300 58.286 63.275 0.000 0.000 0.000 16.796 49.803 41.784 59.757 35.726 37.693 85.659 84.625 76.591 62.558 62.526 51.495 46.466 35.438 35.411 35.385 45.359 67.335 74.312 73.289 73.267 65.246 72.226 72.206 72.187 72.169 72.151 72.134 72.118 72.102 72.087 72.072
40.245 38.181 53.120 73.063 77.011 75.962 75.917 75.875 75.836 75.802 75.773 82.753 0.000 0.000 0.000 0.000 0.000 0.000 29.371 49.371 49.371 48.372 51.372 35.375 43.379 51.382 51.381 68.379 74.374 73.367 73.359 73.350 73.340 73.330 74.319 66.309 62.300 56.294 0.000 0.000 0.000 9.789 13.782 41.756 60.728 37.700 33.670 72.637 89.604 86.571 67.540 46.509 45.480 46.452 37.424 34.398 35.372 38.347 49.323 69.300 72.277 72.255 64.233 72.213 72.193 72.174 72.155 72.137 72.120 72.103 72.087 72.072 72.057
39.316 41.252 61.192 77.136 76.084 76.036 75.992 75.951 75.914 75.881 77.851 75.826 0.000 0.000 0.000 0.000 0.000 0.000 15.371 54.371 60.371 65.371 56.371 55.373 49.374 45.375 56.374 70.372 73.368 73.362 76.356 74.348 73.340 73.332 73.323 68.316 60.310 55.307 30.311 0.000 0.000 0.000 0.000 3.728 52.700 38.675 34.648 67.617 98.583 79.551 58.520 49.491 51.463 49.436 44.410 33.384 35.359 34.334 38.310 57.287 72.264 72.241 64.220 72.199 72.179 72.159 72.140 72.122 72.105 72.088 72.072 72.057 72.042
39.383 49.320 69.261 77.205 76.154 76.107 76.064 76.024 75.988 76.956 74.923 62.875 46.875 0.000 0.000 0.000 0.000 0.000 17.371 55.371 64.371 64.370 68.370 70.370 53.370 52.370 67.369 73.367 73.363 73.359 74.353 73.347 73.340 73.334 73.327 71.321 59.317 60.314 54.315 0.314 0.000 0.000 0.000 0.000 38.668 38.654 32.631 77.598 65.561 71.528 41.499 61.472 55.446 48.420 48.395 39.370 34.345 35.321 34.297 46.273 69.250 71.228 65.206 72.185 73.164 72.144 72.125 72.107 72.089 72.073 72.056 72.041 72.026
