results4_8e4_rain/res_4e8f-0226.wd
ncols         241
nrows         181
xllcorner     12693529.787448
yllcorner     3542525.717860
cellsize      155.156523
NODATA_value  -9999.000000
[rows 66 to 98 of 181, columns 73 to 145 of 241]
71.946 35.931 0.000 61.094 78.070 77.037 77.008 0.000 48.400 48.384 61.397 57.407 56.387 56.340 55.271 131.170 118.997 0.000 0.000 0.000 51.709 46.645 51.549 54.485 54.432 56.383 57.334 62.276 63.222 64.177 55.146 0.000 0.000 52.442 102.442 84.356 88.223 88.313 86.367 94.285 86.778 87.258 87.998 86.771 86.549 87.346 57.191 0.000 0.000 0.000 0.000 0.000 0.000 0.000 43.747 41.722 41.681 41.626 41.559 41.489 45.415 58.336 55.258 40.182 51.108 60.034 38.961 41.888 47.816 52.745 48.674 42.605 40.537
56.949 62.917 0.750 49.324 73.280 72.248 66.251 19.337 0.000 0.000 54.477 67.556 56.556 55.525 56.480 37.438 0.000 0.000 0.000 0.000 0.000 0.000 62.480 60.453 58.419 41.376 44.327 51.271 52.231 57.199 48.172 0.000 0.000 0.000 62.685 80.593 87.532 87.625 94.710 94.505 86.849 87.538 87.250 87.040 86.830 81.643 39.510 0.000 3.698 36.698 0.000 0.000 0.000 49.830 44.793 41.758 41.714 41.661 41.599 41.532 41.461 41.386 48.311 62.237 63.163 46.090 40.017 40.946 41.874 45.804 44.735 40.666 40.599
58.964 57.895 62.765 60.570 74.476 67.426 68.409 65.423 0.000 0.000 0.000 69.785 64.758 59.722 61.688 8.664 0.000 0.000 0.000 0.000 0.000 0.000 61.438 57.428 48.415 0.000 0.000 49.251 61.230 60.214 0.000 0.000 8.392 65.272 57.018 60.841 67.919 82.979 94.902 86.586 88.142 87.707 87.518 87.302 85.089 67.885 46.698 52.698 50.698 31.698 0.000 0.000 0.000 7.866 58.839 40.802 41.757 45.704 53.644 43.579 41.510 40.437 44.364 59.290 66.217 58.145 44.073 39.002 40.932 40.863 40.794 40.727 39.659
59.010 56.934 60.833 71.715 65.629 58.571 77.536 66.523 18.540 0.000 12.191 62.042 77.967 72.918 72.884 75.866 0.000 0.000 0.000 0.000 7.390 7.395 59.407 50.405 53.399 0.000 0.000 0.000 97.226 124.214 39.197 0.000 64.512 59.408 59.246 59.152 55.235 95.254 95.083 87.632 91.238 87.985 87.777 87.563 79.337 32.111 0.000 54.698 32.698 0.000 0.000 0.000 46.974 45.930 44.894 40.854 44.807 56.754 61.694 59.630 52.561 42.490 51.417 59.344 38.271 44.199 57.128 54.058 49.989 57.921 38.854 40.786 38.719
57.071 63.000 72.917 64.830 56.754 56.692 69.641 77.592 73.557 76.482 78.339 73.226 68.150 70.099 59.066 58.049 0.000 0.000 0.000 8.383 64.386 63.388 51.390 53.386 54.376 58.355 57.342 0.000 8.234 2.218 1.167 10.917 70.737 63.602 58.440 59.529 57.575 95.409 57.246 64.837 79.433 87.254 88.041 85.836 44.586 0.000 0.000 0.000 0.000 0.000 0.000 48.043 42.017 41.987 41.952 42.912 52.865 61.810 60.750 60.685 56.615 52.544 62.471 45.397 40.324 41.252 41.181 51.112 64.045 50.978 38.913 39.846 45.779
63.142 74.076 64.005 56.933 57.865 57.804 59.743 43.649 69.613 67.549 59.459 56.374 55.307 71.261 73.231 60.216 0.000 0.000 0.000 64.381 60.381 57.381 50.379 54.374 54.364 54.348 54.328 13.296 16.257 17.227 19.179 87.052 83.919 72.787 71.741 60.737 95.686 95.554 59.298 65.947 60.724 67.528 86.301 61.151 0.000 0.000 0.000 0.000 0.000 0.000 0.000 48.069 42.065 42.047 42.017 42.977 51.929 61.873 60.811 59.743 56.672 61.599 55.524 39.450 41.376 41.303 41.233 51.165 59.099 38.035 40.972 43.907 62.839
74.218 64.158 57.094 58.030 57.970 58.916 39.876 0.000 26.696 54.644 57.573 57.501 57.446 55.406 79.381 63.368 0.000 0.000 0.000 41.379 58.376 52.375 53.372 54.366 54.357 54.344 54.327 65.303 5.272 9.255 26.265 79.194 89.092 10.979 92.900 83.092 95.802 57.867 71.511 68.155 58.027 54.832 51.483 36.317 0.000 0.000 43.644 0.000 0.000 0.000 0.000 44.099 42.128 42.119 42.091 42.051 43.000 48.942 56.876 56.806 56.732 60.655 38.578 41.501 41.426 40.353 46.283 63.215 46.152 40.091 43.033 23.973 24.890
64.299 57.243 58.184 58.125 58.067 61.015 16.970 14.934 7.831 52.758 57.687 59.614 57.568 56.537 74.517 70.508 0.000 0.000 0.000 0.000 49.371 52.370 54.367 54.362 54.355 54.345 56.333 42.318 0.000 0.000 76.432 79.367 90.277 96.148 90.251 88.289 95.902 78.914 81.617 66.460 59.365 52.292 0.000 0.000 0.000 0.000 41.644 0.000 0.000 0.000 0.000 0.185 45.228 42.211 42.179 42.134 42.080 42.017 41.947 48.872 56.793 44.713 41.632 41.552 41.474 44.400 57.329 57.263 39.201 41.145 44.096 11.061 0.000
57.385 58.331 58.274 58.217 58.160 58.106 62.054 63.002 62.935 58.872 58.803 38.698 55.677 56.657 72.643 71.639 0.000 0.000 0.000 0.000 48.368 54.367 54.364 54.360 54.355 54.349 42.341 0.000 0.000 4.798 81.665 87.569 90.469 90.415 89.494 96.036 88.393 91.111 85.800 70.742 60.682 59.678 59.812 0.000 0.000 0.000 38.644 45.644 38.644 0.000 0.000 0.000 60.346 41.318 42.278 42.228 42.168 43.100 42.024 41.942 41.857 41.770 41.684 41.600 40.519 46.443 61.371 38.305 41.245 41.191 43.146 18.115 0.000
58.474 58.421 58.366 58.309 58.251 58.194 58.138 58.085 58.035 57.990 61.956 0.000 48.783 57.770 73.760 68.766 4.813 0.000 0.000 0.000 53.366 56.365 56.362 56.360 54.356 57.354 0.000 0.000 0.000 73.931 79.859 90.774 90.656 90.764 88.814 96.240 89.525 94.169 90.060 90.995 78.946 66.926 55.946 50.946 52.946 0.000 0.000 44.645 39.644 45.638 46.623 44.584 50.492 60.438 42.387 43.330 52.265 59.190 41.106 42.016 41.922 41.827 41.734 40.645 45.560 64.481 58.408 47.342 40.282 41.228 43.181 58.138 76.091
58.566 58.513 58.458 58.401 58.342 58.280 58.220 61.166 59.130 58.098 62.074 0.000 48.903 57.881 74.860 66.852 6.860 0.000 0.000 0.000 26.365 36.364 35.362 35.360 56.358 41.356 0.000 0.000 0.000 76.135 86.069 90.981 90.940 90.044 96.859 96.566 90.587 91.430 90.289 90.233 91.179 82.136 47.100 0.000 0.000 0.000 0.000 42.646 42.648 39.648 41.646 42.638 41.599 48.554 62.503 45.442 43.371 53.288 41.195 42.093 41.988 41.883 41.781 41.684 49.595 62.513 49.439 61.373 39.313 40.260 45.211 66.164 78.116
58.661 58.608 58.553 58.496 58.435 61.365 63.296 35.228 56.221 59.197 61.169 21.143 52.046 56.989 68.948 66.923 7.914 0.000 0.000 0.000 0.000 0.000 2.360 2.360 37.359 0.000 0.000 0.000 24.572 74.406 91.301 91.183 91.300 89.386 97.125 89.168 94.876 90.572 90.527 90.461 90.402 80.337 41.219 0.000 0.000 0.000 0.000 0.000 45.653 46.659 33.676 41.723 42.712 42.677 46.627 62.565 45.488 42.397 42.292 42.174 42.054 41.935 39.822 45.717 64.622 45.537 44.462 58.397 42.338 40.286 47.238 73.193 78.147
58.756 58.703 58.651 58.596 60.536 36.448 38.372 0.000 18.331 54.301 58.262 62.215 58.147 61.083 66.019 70.978 9.959 0.000 0.000 0.000 0.000 3.360 55.360 62.360 0.000 0.000 0.000 7.856 83.738 85.619 91.514 91.471 90.590 97.604 97.373 90.227 90.943 90.816 90.748 90.685 89.631 69.592 0.000 0.000 0.000 0.000 0.000 0.000 0.000 37.659 0.000 48.865 45.849 41.815 41.765 43.701 60.620 49.521 41.400 42.259 42.117 40.982 45.856 47.741 46.638 43.550 41.476 41.413 41.358 42.309 55.264 77.222 78.180
58.852 58.799 58.749 58.703 63.664 1.649 0.000 24.559 16.470 50.413 59.362 57.308 59.246 71.175 43.069 37.011 1.985 0.000 0.000 0.000 0.000 53.360 59.360 61.360 0.000 0.000 0.000 70.973 75.905 89.818 91.702 91.833 89.929 97.818 89.721 91.399 91.094 91.036 90.963 90.899 82.845 59.808 0.000 0.000 0.000 0.000 0.000 0.000 0.000 0.000 0.000 53.024 48.004 41.968 39.917 42.853 42.771 58.667 51.529 42.345 43.173 41.018 47.879 47.752 44.638 38.550 41.480 41.422 43.371 57.326 76.286 78.249 81.216
59.945 57.892 57.844 57.801 60.769 30.754 27.729 59.649 64.577 58.518 56.464 63.410 73.353 76.301 0.232 0.000 0.000 0.000 0.000 0.000 0.000 21.360 28.360 30.360 0.000 0.000 0.000 73.159 81.095 91.007 91.999 91.038 98.211 98.020 90.749 91.456 91.319 91.243 91.171 91.105 73.043 54.987 0.000 0.000 0.000 0.000 0.000 0.000 0.000 0.000 0.000 51.202 49.177 49.136 46.083 39.021 40.945 41.848 57.703 57.420 54.211 51.040 43.890 42.752 39.612 40.532 41.472 45.422 65.379 77.340 77.305 78.274 77.247
74.033 72.980 71.933 69.890 66.854 67.823 67.785 64.729 65.672 67.619 67.567 73.514 75.456 33.378 0.000 0.000 0.000 0.000 0.000 0.000 0.000 0.000 0.000 0.000 0.000 11.666 19.588 74.409 91.301 92.210 92.160 91.388 98.389 90.220 91.898 91.587 91.524 91.444 91.373 89.306 71.233 42.110 0.000 0.000 0.000 0.000 0.000 0.000 0.000 0.000 0.000 41.405 45.365 48.314 49.260 48.202 45.141 41.076 35.017 0.000 0.000 0.000 0.000 0.000 43.527 41.493 44.454 65.417 78.381 77.349 78.320 81.295 77.274
70.116 72.064 71.017 72.974 74.934 73.897 72.857 70.812 68.764 68.717 69.671 65.623 65.577 0.000 0.000 0.000 0.000 0.000 0.000 0.000 0.000 0.000 0.000 0.000 0.000 60.745 83.688 82.586 91.493 92.381 92.509 90.611 98.555 92.312 91.919 91.797 91.714 91.639 91.571 87.514 67.474 0.000 0.000 0.000 0.000 0.000 0.000 0.000 0.000 0.000 48.795 43.648 40.563 42.497 47.440 49.387 49.339 50.298 41.271 0.000 0.000 0.000 0.000 0.000 44.476 42.460 58.435 79.408 77.381 77.355 77.332 78.312 77.295
58.195 58.143 59.096 66.053 75.013 80.974 68.936 62.896 57.856 55.816 54.776 60.729 39.653 0.000 0.000 0.000 0.000 0.000 0.000 0.000 0.000 0.000 0.000 0.000 0.000 66.880 82.834 90.758 92.672 92.639 91.769 98.849 98.708 94.328 92.136 91.976 91.901 91.825 91.758 86.706 61.674 0.000 0.000 0.000 0.000 0.000 0.000 0.000 0.000 49.065 43.943 43.829 43.742 42.672 39.615 44.568 48.531 49.506 46.498 0.000 0.000 0.000 0.000 47.432 41.442 45.435 73.419 77.400 77.380 77.359 77.341 77.324 77.311
57.268 57.218 61.171 66.129 68.089 71.052 61.016 56.980 57.947 57.915 59.887 37.865 0.000 0.000 0.000 0.000 0.000 0.000 0.000 0.000 0.000 0.000 0.000 0.000 0.000 53.062 82.010 91.939 92.837 92.967 91.076 98.979 91.872 93.548 92.230 92.165 92.079 92.001 91.932 82.876 55.843 0.000 0.000 0.000 0.000 0.000 0.000 0.000 48.300 44.188 44.081 43.984 43.902 43.835 43.781 40.738 39.709 42.698 49.717 49.806 0.000 0.000 0.000 41.423 42.423 60.418 77.407 76.393 76.377 77.362 77.347 77.334 77.324
57.337 57.288 59.243 60.202 58.164 57.128 58.094 57.063 57.035 57.011 61.991 6.980 0.000 0.000 0.000 0.000 0.000 0.000 0.000 0.000 0.000 0.000 0.000 0.000 4.430 61.295 90.206 93.122 93.092 92.222 99.216 99.102 94.869 92.571 92.427 92.339 92.252 92.169 93.093 73.025 60.977 0.000 0.000 47.902 0.000 47.672 49.629 49.545 44.413 44.305 44.209 44.123 44.048 43.986 43.935 43.896 42.870 39.859 48.868 49.894 42.894 0.000 0.000 49.413 41.411 49.406 55.398 58.387 62.375 68.363 74.352 76.342 76.334
58.401 58.355 58.312 58.272 58.235 57.202 57.171 57.143 57.120 56.101 64.089 15.083 0.000 0.000 0.000 0.000 0.000 0.000 0.000 0.000 0.000 0.000 0.000 0.000 45.565 81.482 92.397 93.287 93.427 91.518 99.318 92.319 93.994 92.679 92.605 92.510 92.420 92.332 93.244 65.152 43.065 0.000 0.000 43.902 0.000 42.716 44.669 44.594 44.501 44.411 44.327 44.250 44.182 44.124 44.076 44.040 42.014 44.002 50.001 47.008 0.000 0.000 0.000 48.404 47.402 46.398 45.391 44.383 43.374 47.364 58.355 54.348 56.341
56.462 56.418 56.377 56.339 56.304 56.273 56.244 57.220 59.200 61.186 36.179 3.180 0.000 0.000 0.000 0.000 0.000 0.000 0.000 3.802 12.793 0.000 0.000 15.925 56.783 87.677 93.573 93.562 92.589 99.498 99.412 95.308 93.014 92.866 92.773 92.679 92.586 92.494 88.400 35.276 0.000 0.000 0.000 43.902 49.883 44.807 44.736 44.662 44.586 44.511 44.438 44.369 44.307 44.253 44.207 44.172 41.147 50.132 50.127 46.128 0.000 0.000 0.000 47.398 46.396 47.391 47.386 47.379 47.372 47.365 46.358 46.352 45.347
57.519 57.478 60.439 64.403 67.370 71.340 73.314 76.291 75.274 67.263 5.262 16.277 40.331 8.355 0.000 0.000 0.000 0.000 0.000 43.810 70.785 10.745 0.000 50.066 82.967 92.858 93.757 93.687 92.911 99.571 91.743 93.430 93.113 93.038 92.941 92.847 92.752 93.659 80.584 0.000 0.000 0.000 0.000 23.921 43.940 44.891 46.807 46.731 44.671 44.608 44.544 44.481 44.423 44.372 44.329 41.294 46.269 49.253 50.247 41.249 0.000 0.000 0.000 31.394 52.391 52.387 49.382 46.377 46.371 47.365 48.359 48.354 47.350
59.573 58.535 65.498 74.464 75.433 74.405 73.379 72.358 69.341 63.330 38.328 55.337 73.360 42.379 26.398 2.407 0.000 0.000 14.883 53.843 67.791 6.706 25.543 67.307 92.158 95.041 93.882 94.093 92.069 99.633 93.726 93.441 93.294 93.202 93.109 93.015 92.916 94.805 38.695 0.000 0.000 0.000 0.000 0.000 40.066 46.012 26.868 26.785 43.757 44.707 44.649 44.589 44.533 44.483 43.441 41.406 50.381 50.365 47.360 41.372 47.421 0.000 0.000 0.000 63.385 78.383 71.379 67.374 63.369 59.365 62.360 62.356 45.353
59.625 59.589 62.555 65.523 64.493 62.466 60.441 58.419 56.402 56.389 65.383 67.385 64.392 61.402 65.410 13.415 0.000 0.000 54.922 84.889 35.832 31.743 65.615 89.461 94.327 94.182 94.300 92.254 99.716 92.129 93.844 93.531 93.460 93.366 93.277 93.189 96.093 52.949 0.000 0.000 0.000 0.000 0.000 0.000 42.246 47.223 0.000 0.000 40.864 44.816 44.754 44.693 44.637 44.587 41.545 49.510 50.483 49.465 40.456 44.458 44.470 0.000 0.000 0.000 31.383 61.381 79.376 78.372 78.368 78.364 78.361 72.358 62.355
59.674 59.642 59.610 58.580 58.551 59.524 59.499 59.477 57.458 58.442 63.431 66.425 62.424 57.425 60.427 15.427 0.000 0.000 46.994 56.961 34.902 67.820 82.715 91.595 94.477 94.408 93.505 100.084 99.854 93.118 93.847 93.704 93.617 93.529 93.445 93.370 96.319 0.000 0.000 11.684 20.684 0.000 0.000 43.543 46.448 45.411 52.431 1.338 41.020 44.938 44.860 44.792 44.734 42.684 44.642 50.606 50.577 42.556 43.541 44.534 44.532 0.000 0.000 0.000 0.000 0.000 61.373 77.369 77.367 77.364 77.361 78.359 78.357
59.723 59.693 59.664 59.635 59.607 59.580 59.555 58.532 57.510 61.490 65.473 65.461 60.453 56.448 61.444 14.440 0.000 0.000 43.098 12.057 58.997 82.920 88.829 94.733 94.582 94.791 92.779 100.289 92.535 94.246 93.934 93.865 93.773 93.687 93.604 100.527 84.494 0.000 7.683 57.684 43.684 0.000 0.000 38.638 46.592 45.543 45.489 51.382 49.195 48.055 44.954 44.882 44.824 41.774 49.731 50.694 46.664 41.639 44.620 44.604 46.591 50.602 0.000 0.000 0.000 0.000 0.000 74.366 77.365 77.363 77.361 78.360 76.358
59.774 59.745 59.717 59.688 59.661 59.635 58.609 57.585 59.560 63.536 66.511 62.492 57.478 56.469 59.462 41.449 28.419 29.357 25.244 26.174 66.108 87.035 92.955 94.844 94.981 92.971 100.649 100.477 93.538 94.251 94.105 94.016 93.928 93.843 98.757 41.640 56.636 26.672 57.682 65.684 0.000 0.000 0.000 37.779 46.739 45.679 45.600 55.486 66.324 40.133 50.020 45.958 42.905 44.857 50.814 49.776 40.744 43.718 44.696 44.671 31.625 32.614 0.000 0.000 0.000 0.000 0.000 55.364 76.364 77.362 77.361 81.360 77.359
59.825 59.797 59.769 59.742 59.715 59.688 57.663 57.637 61.611 68.581 69.545 65.517 60.500 58.490 58.485 60.474 60.451 69.409 10.346 44.286 82.225 89.158 95.085 95.049 94.179 100.956 100.807 93.891 94.672 94.334 94.260 94.165 94.078 94.000 101.941 0.000 39.736 41.699 31.690 33.687 0.000 0.000 0.243 40.960 46.906 45.834 51.748 67.638 44.481 0.000 31.036 44.022 41.982 49.936 50.892 46.852 43.819 44.793 44.773 46.760 0.000 0.000 0.000 0.000 0.000 0.000 47.363 28.364 67.363 77.362 77.361 82.360 77.360
59.876 59.848 59.821 59.794 59.767 58.742 57.716 59.691 66.665 43.631 19.570 18.533 15.513 45.505 62.513 57.512 60.503 41.481 3.445 49.400 87.347 93.293 95.180 95.421 93.443 101.093 94.223 94.999 94.567 94.507 94.402 94.309 94.220 95.137 93.066 15.011 14.874 0.000 0.000 0.000 0.000 0.000 40.338 48.190 46.092 45.004 64.917 68.838 0.000 0.000 1.153 40.113 46.066 51.013 50.964 40.922 44.888 44.862 44.844 47.835 0.000 0.000 0.000 0.000 0.000 0.000 26.363 0.000 55.362 77.361 77.361 83.360 77.360
59.927 59.900 59.873 59.846 58.820 57.794 59.769 62.746 70.726 29.710 0.000 0.000 0.000 0.000 44.550 59.559 60.567 46.568 48.552 74.520 91.479 95.403 95.574 93.594 101.335 101.220 95.200 94.894 94.745 94.641 94.542 94.447 94.355 97.263 82.176 11.093 0.000 0.000 0.000 0.000 0.000 1.697 40.489 47.372 46.267 44.172 72.080 32.959 0.000 0.000 46.333 51.235 51.154 51.086 49.029 43.984 44.948 44.922 44.906 46.900 0.000 50.993 2.993 0.000 0.000 0.000 0.000 0.000 48.361 77.361 77.360 77.360 77.360
59.977 59.951 59.924 59.898 58.871 57.846 61.821 65.799 69.782 27.773 0.000 0.000 0.000 0.000 24.579 67.607 62.637 68.673 81.676 90.654 94.613 95.619 94.767 101.540 101.441 94.534 95.308 94.964 94.880 94.776 94.678 94.584 98.488 61.385 33.280 0.000 0.000 0.000 0.000 0.000 2.975 42.853 47.680 46.543 48.431 45.339 69.271 0.000 0.000 41.651 48.479 64.338 53.230 50.148 46.084 44.035 43.999 44.973 44.959 44.959 49.984 45.993 36.993 0.000 0.000 0.000 44.360 46.360 45.360 77.360 77.360 77.360 77.360
60.027 60.001 59.975 59.949 57.922 59.896 65.870 66.847 64.831 51.826 12.843 0.000 0.000 0.000 0.000 20.654 16.700 56.811 87.825 91.803 95.742 95.911 94.033 101.630 93.843 95.621 95.186 95.119 97.006 95.905 94.810 94.721 100.630 23.508 0.000 0.000 0.000 0.000 0.000 24.203 63.097 62.979 50.837 47.688 58.575 53.481 54.394 15.308 3.133 39.823 44.593 55.409 51.281 55.191 49.124 52.074 51.038 48.013 44.998 43.994 43.999 50.002 0.000 0.000 0.000 0.000 41.360 41.360 51.360 77.360 77.360 77.360 77.360
