results4_8e4_rain/res_4e8f-0149.wd
ncols         241
nrows         181
xllcorner     12693529.787448
yllcorner     3542525.717860
cellsize      155.156523
NODATA_value  -9999.000000
[rows 99 to 131 of 181, columns 73 to 145 of 241]
59.127 59.104 59.080 58.056 58.030 63.003 65.976 62.951 58.932 58.922 52.924 8.929 0.000 0.000 0.000 0.000 0.000 14.212 72.180 97.137 95.130 94.289 100.960 100.889 93.994 94.692 94.542 94.435 95.333 95.237 94.151 98.079 57.028 0.000 0.000 0.000 0.000 0.000 0.000 32.223 58.154 70.025 37.842 19.655 49.580 52.508 50.425 54.313 51.082 48.704 18.355 43.110 46.984 61.900 67.839 70.793 68.760 63.736 56.720 51.712 46.707 24.699 0.000 0.000 0.000 0.000 19.177 37.177 49.177 73.177 74.177 74.176 74.176
59.175 59.154 58.131 56.106 60.079 65.050 66.019 65.983 59.957 56.941 61.935 61.935 22.936 0.000 16.853 46.800 23.686 3.484 60.389 100.268 95.519 95.535 101.019 93.306 95.096 94.752 94.667 94.558 94.455 94.357 96.272 95.206 31.166 0.000 0.000 0.000 0.000 0.000 0.602 36.379 42.315 53.241 2.207 0.000 44.716 52.658 51.568 55.435 55.228 25.966 0.000 38.014 51.957 56.894 77.844 78.805 78.775 79.754 80.739 78.730 59.726 0.000 0.000 0.000 0.000 0.000 0.000 36.176 49.175 73.175 74.175 74.175 74.174
59.225 58.205 58.183 61.158 64.130 65.100 40.065 4.006 32.971 68.951 41.942 15.938 7.937 0.000 27.906 77.861 74.774 66.658 85.538 96.689 93.677 101.101 94.587 95.394 94.962 94.899 94.785 94.678 94.570 95.464 93.375 81.307 28.264 1.259 0.000 0.000 0.000 0.868 39.724 46.584 44.489 45.416 18.381 0.000 50.908 68.843 61.753 56.631 31.429 0.000 0.000 20.975 10.936 50.876 75.837 79.807 77.783 77.765 77.752 79.744 52.742 46.747 46.749 52.749 0.000 0.000 0.000 13.175 48.174 73.174 74.173 74.173 74.173
58.277 57.259 62.237 65.212 65.184 65.155 30.134 0.000 0.000 11.948 2.945 0.000 0.000 0.000 21.004 83.964 89.893 97.806 97.765 94.890 101.442 101.232 94.555 95.267 95.119 95.013 94.906 94.798 94.682 100.556 50.455 18.384 2.322 0.121 4.228 7.221 0.000 30.969 48.858 44.743 44.641 43.552 49.470 15.367 44.166 70.053 68.969 66.907 0.000 0.000 0.000 0.000 0.000 48.838 77.822 81.803 78.785 77.771 75.760 64.753 45.750 41.750 42.750 26.750 0.000 0.000 0.000 0.000 44.172 73.172 74.172 74.171 70.171
57.332 63.316 65.295 65.269 63.238 69.203 39.182 0.000 0.000 0.000 0.000 0.000 0.000 0.000 32.143 90.095 93.035 96.911 96.148 96.161 101.631 93.941 95.648 95.324 95.239 95.132 95.028 98.924 104.807 59.622 28.504 3.453 0.000 0.000 0.000 4.213 32.206 55.101 48.996 41.888 46.782 50.680 47.578 45.466 59.335 63.234 53.162 61.121 0.000 0.000 0.000 0.000 0.000 54.817 78.809 83.797 82.785 78.773 73.765 42.758 40.755 41.753 48.752 0.000 0.000 0.000 0.000 38.170 42.171 71.171 74.170 74.170 68.169
64.392 65.379 65.359 64.332 42.296 8.236 27.209 29.208 0.000 0.000 0.000 0.000 0.000 23.447 76.328 90.250 93.154 95.313 96.323 101.963 101.804 94.918 95.620 95.460 95.355 95.250 99.151 61.063 20.998 0.000 38.485 24.472 0.000 0.000 0.000 0.000 40.304 74.234 65.137 60.030 54.920 55.809 53.697 54.584 67.474 61.385 45.324 47.295 0.000 0.000 0.000 0.000 0.000 54.803 82.799 47.793 45.784 77.773 80.766 50.761 41.758 46.756 16.754 0.000 0.000 0.000 0.000 11.170 38.170 56.169 72.169 75.169 68.168
65.457 65.448 61.429 65.402 47.380 0.000 18.208 48.208 0.000 0.000 0.000 0.000 13.661 75.566 89.473 95.394 95.365 95.507 102.248 102.110 94.246 96.022 95.671 95.582 95.469 95.362 99.262 71.180 3.125 0.000 8.481 11.476 0.000 0.000 0.000 0.000 27.472 59.393 64.289 74.176 70.058 57.938 60.818 69.700 64.593 52.509 44.455 45.440 19.487 20.499 0.000 0.000 0.000 52.793 86.792 0.788 0.000 26.770 73.766 63.763 44.760 23.758 0.000 0.000 0.000 0.000 0.000 0.000 11.169 35.168 61.168 71.168 64.167
63.531 60.527 59.507 75.467 54.443 0.000 17.208 45.208 0.000 0.000 0.000 7.828 71.757 84.681 94.611 97.491 96.736 94.766 102.376 93.556 95.330 91.889 93.817 95.695 95.580 96.466 90.355 80.269 28.197 0.000 0.000 0.000 0.000 0.000 0.000 14.916 49.720 54.578 54.450 56.325 65.199 68.069 70.935 64.803 51.689 45.603 44.548 43.522 47.522 32.511 0.000 0.000 0.000 41.786 78.784 44.778 33.774 25.770 68.766 74.763 54.761 0.000 0.000 5.760 0.000 0.000 0.000 0.000 0.000 30.167 54.167 59.167 46.166
57.613 66.622 62.606 3.518 4.480 0.000 8.208 8.208 0.000 0.000 0.000 8.899 87.857 89.800 97.712 96.878 95.900 102.602 102.493 95.515 95.203 95.044 94.927 93.810 94.691 96.566 53.422 4.346 0.000 0.000 0.000 0.000 0.000 18.522 35.368 50.112 60.912 57.750 56.608 53.475 54.343 57.204 69.051 69.890 61.756 50.666 43.610 43.580 45.570 0.000 0.000 0.000 0.000 26.781 68.779 46.776 42.773 42.769 74.765 77.763 60.761 23.760 13.760 56.760 0.000 0.000 0.000 0.000 0.000 33.166 57.166 52.166 38.166
58.703 68.743 55.776 0.000 0.000 0.000 5.208 17.208 1.208 0.000 0.191 75.013 84.973 96.918 96.913 96.057 102.795 102.701 94.828 96.602 96.254 96.161 96.042 95.925 97.806 47.686 0.000 0.000 0.000 0.000 0.000 8.078 33.926 50.677 63.469 59.254 58.065 57.902 57.758 58.625 56.494 55.352 29.177 47.949 72.781 54.695 42.646 45.618 43.607 31.614 0.000 0.000 0.000 27.778 60.775 38.773 0.000 0.000 30.763 67.762 56.761 65.760 72.760 31.760 0.000 0.000 0.000 0.000 0.000 8.166 48.165 46.165 39.165
56.792 60.872 59.978 36.136 0.000 0.000 0.000 3.208 6.208 0.000 28.258 88.164 95.103 97.026 97.185 95.309 102.880 95.116 96.898 96.463 96.394 96.274 97.159 98.042 59.924 0.000 0.000 0.000 0.000 0.000 10.435 53.231 64.022 59.792 58.575 58.372 58.191 58.034 57.897 57.774 57.657 66.532 5.354 0.000 40.722 49.689 41.659 50.639 50.627 32.621 0.000 0.000 0.000 0.000 44.770 81.769 49.766 0.000 23.762 68.761 62.760 53.759 53.759 0.000 0.000 0.000 0.000 0.000 0.000 0.000 27.164 38.164 39.164
68.861 6.977 63.128 61.294 50.495 9.620 0.016 0.000 0.000 19.419 78.353 92.285 98.225 97.210 96.365 103.026 102.957 96.065 96.763 96.612 96.501 97.392 99.276 60.159 0.000 0.000 0.000 0.000 9.066 39.918 50.639 62.388 59.138 58.894 55.668 55.466 55.294 56.147 58.022 57.916 60.828 37.765 0.000 0.000 20.696 45.681 44.664 62.650 58.643 0.000 0.000 0.000 0.000 0.000 28.766 73.766 85.764 42.762 68.761 82.760 74.759 50.759 43.758 15.757 0.000 0.000 0.000 0.000 0.000 0.000 33.164 39.164 43.164
50.899 4.046 65.263 55.418 62.571 54.746 16.045 3.373 12.482 79.485 88.449 98.408 97.295 97.562 95.590 103.086 95.354 97.146 96.807 96.723 97.615 98.514 52.395 0.000 0.000 0.000 0.000 1.497 52.214 63.050 60.814 59.546 61.250 60.978 66.738 71.532 66.370 59.238 53.129 57.041 62.974 20.935 0.000 0.000 16.685 48.674 49.664 71.656 59.652 0.000 0.000 0.000 0.000 0.000 16.764 68.763 77.762 82.761 78.760 78.759 82.759 66.758 45.758 46.757 15.756 8.756 0.000 0.000 0.000 35.163 40.163 38.163 43.163
0.000 0.000 33.458 84.544 47.626 0.000 0.000 17.563 77.590 82.587 96.568 97.477 97.757 95.688 103.170 95.612 97.421 96.997 96.940 97.829 94.724 49.654 0.000 0.000 0.000 0.000 7.844 54.687 62.453 60.253 60.022 63.731 38.337 17.029 19.774 36.554 62.415 64.306 65.216 57.144 58.093 19.065 0.000 0.000 0.000 29.667 47.663 54.658 53.656 2.656 0.000 0.000 0.000 0.000 16.762 59.761 72.761 77.760 78.759 79.759 75.758 71.758 56.757 44.756 48.756 54.756 0.000 0.000 0.000 1.163 38.163 39.162 41.162
0.000 0.000 10.567 85.676 72.762 0.000 0.000 24.725 85.726 93.717 97.669 98.864 98.901 103.487 103.293 96.562 97.278 97.139 97.041 91.938 81.795 32.725 0.000 0.000 7.280 43.184 52.001 63.837 60.660 60.486 64.292 42.018 0.001 0.000 0.000 22.496 60.431 57.355 61.285 67.227 67.187 45.168 0.000 0.000 0.000 11.664 49.661 43.659 50.658 1.657 0.000 0.000 0.000 0.000 21.760 46.760 63.760 77.759 72.759 65.758 67.758 28.757 53.756 62.756 55.755 51.755 0.000 0.000 0.000 0.000 0.000 33.162 38.162
0.000 0.000 0.000 13.830 62.984 2.782 12.907 78.888 90.874 97.855 97.873 98.050 103.837 103.666 95.850 97.648 97.315 97.243 90.154 56.087 0.000 0.000 0.000 15.468 61.377 55.272 63.137 61.000 60.863 61.739 39.642 0.475 0.000 0.000 0.000 21.504 63.458 57.398 57.341 59.293 63.262 65.252 17.277 0.000 0.000 0.000 30.660 49.659 24.658 0.000 0.000 0.000 0.000 0.000 14.759 42.759 53.759 60.758 52.758 49.758 14.758 0.000 2.756 46.755 50.755 59.755 0.000 0.000 0.000 0.000 0.000 27.162 38.161
0.000 0.000 0.000 0.000 0.750 13.022 82.051 87.043 98.032 97.962 99.246 99.319 103.998 96.148 97.928 97.497 97.437 87.335 76.248 40.167 0.000 0.000 0.000 55.559 77.487 62.389 54.277 62.162 60.055 62.965 32.909 0.000 0.000 0.000 17.617 52.557 59.498 58.440 58.387 55.343 51.314 53.301 15.302 0.000 0.000 0.000 11.659 56.659 4.658 0.000 0.000 0.000 0.000 0.000 14.758 44.758 43.758 42.757 40.757 46.757 0.000 0.000 0.000 21.755 44.754 62.754 6.753 0.000 0.000 0.000 0.000 0.000 31.161
0.000 0.000 0.000 0.000 0.000 85.245 84.232 98.212 98.164 99.366 99.437 104.292 104.149 97.102 98.787 96.631 82.516 71.422 45.335 0.000 0.000 0.000 49.852 67.724 67.621 74.520 62.418 52.318 58.228 68.157 71.121 34.161 0.000 0.000 16.678 64.608 58.538 58.476 57.423 53.380 47.351 48.334 14.329 0.000 0.000 0.000 0.000 29.658 37.658 0.000 0.000 0.000 0.000 0.000 22.758 46.757 40.757 41.757 41.756 43.756 26.755 0.000 0.000 0.000 31.754 52.753 30.753 4.753 0.000 0.000 0.000 0.000 26.161
0.000 0.000 0.000 0.000 24.600 85.480 97.421 98.380 99.388 101.574 104.559 104.427 96.408 98.173 94.825 83.726 72.580 44.501 0.000 0.000 0.000 52.101 72.980 58.862 50.755 64.654 76.556 64.465 67.383 68.313 55.257 61.200 40.051 2.374 24.809 56.658 52.571 59.505 54.448 46.403 45.374 49.357 11.351 0.000 0.000 0.000 0.000 16.658 56.658 1.658 0.000 0.000 0.000 0.000 0.000 28.756 43.756 41.756 41.756 41.755 49.755 0.000 0.000 0.000 0.000 33.753 44.752 50.752 0.000 0.000 0.000 0.000 0.000
0.000 0.000 0.000 0.000 67.720 93.653 99.599 98.503 98.770 96.850 104.684 96.691 98.456 93.025 81.957 56.837 0.000 0.000 0.000 0.000 52.344 73.223 60.104 48.990 48.883 50.783 61.689 76.603 67.524 52.455 60.394 62.333 36.267 0.000 21.727 81.645 68.581 57.525 51.461 47.411 44.385 45.371 39.365 3.368 0.000 0.000 0.000 0.000 35.658 7.658 0.000 0.000 0.000 0.000 0.000 8.755 45.755 41.755 41.755 41.755 43.755 27.754 0.000 0.000 0.000 14.752 41.752 44.752 0.000 0.000 0.000 0.000 0.000
0.000 0.000 0.000 71.029 67.906 73.824 88.735 99.908 96.970 104.919 104.804 97.623 93.310 82.163 61.057 0.000 0.000 33.985 0.000 4.592 77.465 60.342 49.224 50.111 49.005 51.906 65.815 74.732 75.657 59.590 55.530 66.471 40.416 0.000 0.000 12.614 25.583 7.554 0.000 17.394 48.384 55.376 56.372 42.371 0.000 0.000 0.000 0.000 0.000 0.000 0.000 0.000 0.000 0.000 0.000 9.755 45.755 44.755 47.755 42.754 39.754 48.754 0.000 0.000 0.000 21.752 55.752 60.752 0.000 0.000 0.000 0.000 0.000
0.000 0.000 10.254 72.152 69.054 69.973 79.948 96.113 105.138 105.030 96.903 93.669 81.339 55.263 0.000 0.000 51.036 49.985 31.882 15.719 65.582 49.457 50.337 49.225 50.120 65.022 70.933 34.852 25.781 77.719 63.664 41.605 2.510 0.000 0.000 0.000 0.000 0.000 0.000 14.386 66.382 60.378 57.375 53.373 8.374 0.000 0.000 0.000 0.000 0.000 0.000 0.000 0.000 0.000 0.000 33.754 42.755 17.755 0.000 17.754 42.754 46.754 0.000 0.000 0.000 23.752 59.752 28.752 0.000 0.000 0.000 0.000 0.000
0.000 85.442 73.356 70.269 68.191 69.069 70.312 74.376 105.242 96.145 91.906 81.496 55.452 0.000 0.000 0.000 55.086 53.037 72.944 56.818 49.689 50.564 49.445 52.332 72.226 69.129 50.042 45.964 50.897 78.842 75.801 39.775 0.000 0.000 0.000 0.000 0.000 0.000 0.000 14.383 73.380 73.378 68.376 59.374 4.374 0.000 0.000 0.000 0.000 0.000 0.000 0.000 0.000 0.000 6.754 45.754 47.754 0.000 0.000 2.754 45.754 46.754 0.000 0.000 0.000 0.000 30.752 0.000 0.000 0.000 0.000 0.000 0.000
1.622 83.528 97.459 89.386 74.288 75.445 67.493 105.440 105.343 75.028 79.705 55.603 0.000 0.000 0.000 0.000 57.187 70.132 68.038 49.920 49.793 49.667 60.546 72.431 61.325 50.228 50.140 50.065 51.001 59.952 77.922 73.919 34.973 0.000 0.000 0.000 0.000 0.000 0.000 0.000 59.379 61.377 73.376 74.375 30.374 0.000 0.000 0.000 0.000 0.000 0.000 0.000 0.000 0.000 37.754 47.754 24.754 0.000 0.000 6.753 46.753 44.753 0.000 0.000 0.000 0.000 0.000 0.000 0.000 0.000 0.000 0.000 0.000
19.702 96.636 99.568 99.498 94.471 84.626 105.628 105.534 67.185 61.964 0.000 0.000 0.000 0.000 0.000 0.000 68.342 73.267 49.157 51.030 50.896 62.765 71.640 53.522 50.414 50.316 50.228 50.153 50.091 50.044 59.015 79.007 72.026 46.057 37.069 41.073 10.073 0.000 0.000 0.000 0.000 39.376 79.375 79.375 40.374 0.000 0.000 0.000 0.000 0.000 0.000 0.000 0.000 0.000 26.754 25.754 0.000 0.000 0.000 0.000 26.753 53.753 0.000 0.000 0.000 0.000 0.000 0.000 0.000 0.000 0.000 0.000 0.000
89.815 99.746 99.684 99.570 103.813 94.871 105.719 67.282 69.963 64.667 0.000 0.000 0.000 0.000 0.000 61.734 73.572 50.437 51.294 51.145 58.998 71.857 49.726 50.605 50.494 50.393 50.304 50.228 50.165 50.118 50.086 54.069 55.068 50.075 51.079 58.075 40.074 0.000 0.000 0.000 0.000 0.000 34.375 70.374 33.374 0.000 0.000 0.000 0.000 0.000 0.000 0.000 0.000 0.000 0.000 0.000 0.000 0.000 0.000 0.000 0.000 5.753 0.000 0.000 0.000 0.000 0.000 0.000 0.000 0.000 0.000 0.000 0.000
95.918 95.857 99.769 100.931 97.978 105.896 105.808 71.937 56.365 1.544 4.543 1.543 0.000 0.000 0.000 78.896 55.775 51.614 51.436 53.259 74.093 53.940 50.802 50.677 50.563 50.458 50.366 50.289 50.225 50.176 50.140 49.116 48.103 51.097 33.095 0.000 0.000 0.000 0.000 0.000 0.000 0.000 0.000 63.374 51.374 18.374 0.000 0.000 0.000 0.000 0.000 0.000 0.000 0.000 0.000 0.000 0.000 0.000 0.000 0.000 0.000 0.000 0.000 0.000 0.000 0.000 0.000 0.000 0.000 0.000 0.000 0.000 0.000
75.032 74.967 78.945 75.101 106.069 105.983 83.456 64.636 55.526 0.000 0.000 1.543 0.000 0.000 0.000 54.180 50.019 49.807 48.579 61.363 54.174 48.008 48.866 48.739 48.622 48.512 49.415 50.335 50.271 50.222 49.183 47.153 49.129 49.115 46.109 36.110 39.110 41.109 40.108 42.108 13.107 0.000 0.000 1.374 60.374 32.374 0.000 0.000 0.000 0.000 0.000 0.000 0.000 0.000 0.000 0.000 0.000 0.000 0.000 0.000 0.000 0.000 0.000 0.000 0.000 0.000 0.000 0.000 0.000 0.000 0.000 0.000 0.000
90.147 112.035 77.282 107.340 106.152 66.021 56.610 0.000 70.856 29.178 0.000 0.000 0.000 0.000 98.015 76.625 47.312 55.016 65.709 64.441 60.230 58.054 57.913 57.791 56.674 50.553 46.446 50.365 50.304 50.256 49.218 49.183 53.146 53.126 54.115 64.112 64.110 60.109 53.108 52.108 31.107 0.000 0.000 0.000 19.374 25.373 0.000 0.000 0.000 0.000 0.000 0.000 0.000 0.000 0.000 0.000 0.000 0.000 0.000 0.000 0.000 0.000 0.000 0.000 0.000 0.000 0.000 0.000 0.000 0.000 0.000 0.000 0.000
138.228 116.825 114.871 106.307 106.232 94.111 0.000 37.842 65.842 139.502 115.014 1.322 45.510 34.958 96.405 55.993 53.590 125.234 115.802 111.462 111.253 110.065 108.941 107.837 106.731 77.578 44.452 50.375 50.322 50.282 50.250 42.217 0.000 0.000 0.000 0.000 0.000 0.000 17.108 69.107 48.107 19.106 0.000 0.000 0.000 0.000 0.000 0.000 0.000 0.000 0.000 0.000 0.000 0.000 0.000 0.000 0.000 0.000 0.000 0.000 0.000 0.000 0.000 0.000 0.000 0.000 0.000 0.000 0.000 0.000 0.000 0.000 0.000
96.397 115.984 106.448 106.379 90.639 0.000 0.000 0.000 9.170 60.975 48.709 0.000 26.878 0.000 55.656 52.350 61.823 117.528 0.000 3.352 0.000 54.013 62.951 123.885 36.834 0.000 54.407 50.363 50.327 51.299 33.282 0.000 0.000 0.000 0.000 0.000 0.000 0.000 0.000 22.107 69.106 25.106 0.000 0.000 0.000 0.000 0.000 0.000 0.000 0.000 0.000 0.000 0.000 0.000 0.000 0.000 0.000 0.000 0.000 0.000 0.000 0.000 0.000 0.000 0.000 0.000 0.000 0.000 0.000 0.000 0.000 0.000 0.000
117.154 115.208 106.512 115.131 116.978 37.266 0.000 16.693 43.693 53.517 30.140 7.193 48.246 93.770 92.214 84.926 0.000 36.528 0.000 15.243 37.133 65.024 109.963 72.917 37.887 0.000 0.000 56.343 50.322 51.307 32.298 0.000 0.000 0.000 0.000 0.000 0.000 0.000 0.000 0.000 16.106 55.106 20.105 0.000 0.000 0.000 0.000 0.000 0.000 0.000 0.000 0.000 0.000 0.000 0.000 0.000 0.000 0.000 0.000 0.000 0.000 0.000 0.000 0.000 0.000 0.000 0.000 0.000 0.000 0.000 0.000 0.000 0.000
115.288 106.629 106.573 95.637 38.402 0.000 0.000 0.000 5.393 32.260 0.000 0.000 41.144 84.849 138.505 74.215 0.000 0.000 0.000 0.000 0.000 78.986 113.961 43.934 40.911 0.000 0.000 0.000 55.313 49.308 47.304 45.305 33.305 0.000 0.000 0.000 0.000 0.000 0.000 0.000 11.105 69.105 27.105 0.000 0.000 0.000 0.000 0.000 0.000 0.000 0.000 0.000 0.000 0.000 0.000 0.000 0.000 0.000 0.000 0.000 0.000 0.000 0.000 0.000 0.000 0.000 0.000 0.000 0.000 0.000 0.000 0.000 0.000
