results4_8e4_rain/res_4e8f-0218.wd
ncols         241
nrows         181
xllcorner     12693529.787448
yllcorner     3542525.717860
cellsize      155.156523
NODATA_value  -9999.000000
[rows 66 to 98 of 181, columns 146 to 218 of 241]
38.401 53.338 75.279 76.224 76.174 76.128 76.086 76.048 76.013 78.984 14.966 0.000 2.829 0.000 0.000 0.000 0.000 1.323 48.323 23.323 0.000 30.321 60.320 60.320 60.319 67.319 73.317 73.315 73.312 73.308 73.304 73.299 73.293 73.288 73.283 75.278 60.274 61.272 53.271 0.000 0.000 0.000 0.000 0.000 29.604 36.595 45.575 39.538 17.487 15.456 30.430 51.405 59.382 53.358 48.333 48.309 38.285 35.261 35.237 38.213 59.190 71.167 66.145 55.123 62.103 69.083 73.063 73.045 72.027 72.010 71.994 71.978 71.963
41.462 60.399 78.339 76.284 76.235 76.191 76.151 76.113 81.078 70.049 40.036 37.054 0.000 0.000 0.000 0.000 0.000 19.323 21.323 0.000 0.000 0.000 30.317 61.317 70.316 73.316 73.314 73.312 73.310 77.306 75.303 73.298 73.294 73.290 72.285 64.281 58.277 64.275 54.274 0.000 0.000 0.000 0.000 21.596 35.597 40.592 36.585 0.000 2.439 12.424 32.406 35.385 49.364 58.341 47.318 46.295 44.271 35.247 35.222 34.198 40.175 64.152 71.129 56.107 58.086 60.066 62.047 66.028 70.010 71.993 72.977 71.961 71.946
46.521 67.456 77.393 76.338 76.292 76.250 74.212 73.175 28.137 13.098 44.075 50.071 15.075 0.000 0.000 0.000 0.000 0.000 0.000 0.000 0.000 14.313 43.314 63.314 73.314 73.313 73.312 73.310 73.308 75.305 74.302 73.298 73.295 74.291 64.287 62.283 65.280 60.277 52.275 0.000 0.000 0.000 0.000 39.595 42.595 4.592 3.589 0.000 7.406 40.397 42.383 52.366 55.347 66.326 64.304 52.281 41.257 33.233 35.208 35.184 30.160 44.136 61.113 65.091 70.070 67.049 60.029 65.011 67.993 67.976 65.959 67.944 70.929
51.580 74.510 78.440 79.384 76.343 77.307 72.273 18.239 2.197 43.130 44.096 49.082 57.078 0.000 0.000 0.000 0.000 0.000 0.000 0.000 0.000 26.312 49.312 62.312 74.312 73.311 73.310 73.308 73.306 74.304 73.301 73.299 73.296 70.293 64.290 29.285 2.283 0.000 0.000 0.000 0.000 0.000 0.000 35.595 42.595 0.000 0.000 0.000 57.382 43.375 38.364 66.349 71.331 72.312 76.291 70.268 58.244 38.219 35.194 35.169 33.144 34.120 40.096 41.074 48.052 56.031 63.011 66.992 67.974 68.957 64.941 67.925 68.910
33.640 38.565 48.474 24.416 81.389 78.360 63.334 40.310 10.293 0.000 0.000 0.000 0.000 0.000 0.000 0.000 0.000 0.000 0.000 0.000 0.000 27.312 52.311 55.310 71.310 73.309 73.308 73.306 77.305 76.303 73.301 73.299 74.297 65.295 68.293 0.000 0.000 0.000 0.000 0.000 0.000 0.000 0.000 0.000 29.595 38.595 0.000 0.000 88.365 51.358 33.348 64.334 72.318 72.300 72.279 75.256 74.231 54.205 37.179 35.153 33.128 36.103 37.079 45.055 50.033 39.012 38.992 43.973 48.955 54.938 59.922 63.906 67.891
79.707 58.636 0.000 0.000 85.436 77.413 64.392 46.374 13.361 0.000 0.000 0.000 0.000 0.000 0.000 0.000 0.000 0.000 0.000 0.000 0.000 0.000 13.309 57.308 73.308 73.307 73.306 73.305 75.304 74.302 73.301 73.299 74.298 62.296 72.295 0.000 0.000 0.000 0.000 0.000 0.000 0.000 0.000 0.000 0.000 5.595 13.595 0.000 25.355 41.345 34.334 64.322 72.307 72.290 73.270 73.246 73.220 66.192 42.164 38.137 36.111 33.085 54.060 66.036 72.014 55.992 48.972 44.953 42.935 39.918 39.902 39.886 67.872
55.786 0.000 0.000 82.624 82.507 80.461 71.448 56.433 12.416 0.000 0.000 0.000 0.000 0.000 0.000 0.000 0.000 0.000 0.000 0.000 0.000 0.000 39.307 62.307 74.306 73.306 73.305 74.304 73.303 73.302 73.301 73.299 74.298 67.297 32.297 0.000 0.000 0.000 0.000 0.000 0.000 0.000 0.000 0.000 0.000 0.000 0.000 0.000 0.000 38.333 37.322 55.311 70.299 73.284 67.264 63.239 69.210 60.178 43.149 42.121 51.093 46.066 69.040 73.016 71.993 69.971 69.951 66.932 64.914 61.897 57.881 49.866 69.851
82.833 72.832 78.801 34.741 0.000 1.483 77.505 51.494 12.455 0.000 14.709 0.000 0.000 0.000 0.000 0.000 0.000 0.000 0.000 0.000 0.000 2.305 55.306 67.306 74.305 73.305 73.304 75.303 75.302 73.301 73.300 73.299 72.298 68.298 17.297 0.000 0.000 0.000 0.000 0.000 0.000 0.000 0.000 0.000 0.000 0.000 0.000 0.000 0.297 0.000 26.308 52.302 70.294 71.282 52.265 55.236 57.203 54.163 39.132 36.104 59.075 68.046 72.019 73.994 73.970 74.949 72.928 72.910 73.892 72.875 73.859 73.844 72.830
84.881 76.861 81.831 32.799 0.000 0.000 68.589 16.583 0.000 0.000 46.709 9.709 0.000 0.000 0.000 0.000 0.000 0.000 0.000 0.000 0.000 1.304 58.304 70.304 74.304 73.304 73.303 74.303 74.302 73.301 73.300 74.299 70.299 65.298 15.298 0.000 0.000 0.000 0.000 0.000 0.000 0.000 0.000 0.000 0.000 0.000 0.000 0.000 18.297 20.298 31.300 47.297 69.291 71.284 17.278 0.000 0.000 44.138 38.113 33.087 47.058 66.024 71.995 73.970 73.946 73.925 71.905 71.886 72.869 71.852 71.837 72.822 72.808
76.948 76.902 76.862 74.824 61.790 47.743 40.680 39.665 35.692 38.704 41.709 41.710 13.710 0.000 0.000 0.000 0.000 0.000 19.302 21.302 0.000 11.303 57.304 71.304 73.303 73.303 73.303 73.302 73.301 73.301 73.300 73.299 55.299 50.298 48.298 43.298 7.297 0.000 0.000 0.000 0.000 0.000 0.000 0.000 0.000 0.000 0.000 0.000 22.296 48.297 39.296 43.294 63.291 64.287 37.284 0.000 0.000 0.000 35.094 40.075 39.044 57.998 70.969 71.944 71.921 71.899 71.880 71.862 71.845 71.829 71.814 71.799 71.786
76.989 76.939 76.890 75.844 72.802 74.761 48.722 27.705 65.707 38.711 42.712 18.711 0.000 0.000 0.000 0.000 0.000 0.000 19.302 65.302 14.302 2.303 56.303 70.303 74.303 73.302 75.302 76.301 74.301 73.300 73.300 71.299 64.299 55.298 56.298 55.297 8.297 0.000 0.000 0.000 0.000 0.000 0.000 0.000 0.000 0.000 0.000 0.000 16.296 51.296 43.295 50.293 65.291 60.288 66.287 0.000 0.000 0.000 0.000 0.000 0.000 47.957 70.938 71.915 71.893 71.872 71.853 71.836 71.819 71.804 71.790 71.776 71.762
77.026 76.974 77.915 79.862 76.815 76.774 75.744 76.727 67.721 45.719 17.719 0.000 0.000 0.000 0.000 0.000 0.000 0.000 6.302 58.302 45.302 35.302 51.302 73.302 73.302 73.302 73.301 73.301 73.301 73.300 73.299 73.299 71.298 50.298 54.298 61.297 4.297 0.000 0.000 0.000 0.000 0.000 0.000 0.000 0.000 0.000 0.000 0.000 12.295 63.295 7.294 30.293 53.291 60.289 21.288 0.000 0.000 0.000 0.000 0.000 0.000 1.934 59.911 72.887 71.864 71.844 71.825 71.809 71.793 71.779 71.765 71.752 71.739
80.066 76.016 72.934 74.872 77.821 77.777 79.752 76.737 74.730 61.727 10.725 0.000 0.000 0.000 0.000 0.000 0.000 0.000 0.000 14.302 49.302 41.302 57.302 75.302 73.302 73.301 73.301 73.301 73.300 73.300 73.299 73.299 74.298 63.298 50.297 54.297 60.297 2.296 0.000 0.000 0.000 0.000 0.000 0.000 0.000 0.000 0.000 0.000 0.000 8.295 0.000 0.000 38.290 57.290 0.000 0.000 0.000 0.000 0.000 0.000 0.000 0.000 47.884 68.858 71.833 71.813 71.796 71.780 71.766 71.753 71.740 71.727 71.714
73.113 34.090 0.000 0.000 0.000 69.759 74.750 80.741 76.735 65.732 15.730 0.000 49.735 19.735 0.000 0.000 0.000 0.000 0.000 0.000 41.302 45.302 66.302 74.301 75.301 76.301 73.301 73.300 73.300 73.299 73.299 73.298 73.298 74.297 53.297 35.297 44.296 5.296 0.000 0.000 0.000 0.000 0.000 0.000 0.000 0.000 0.000 0.000 0.000 0.000 0.000 0.000 27.290 60.290 0.000 0.000 0.000 0.000 0.000 0.000 0.000 0.000 0.000 48.827 68.797 71.778 71.764 71.751 71.739 71.727 71.714 71.702 71.690
68.153 25.140 0.000 0.000 44.751 42.751 59.747 78.742 75.738 60.735 41.734 45.735 49.735 15.735 0.000 0.000 0.000 0.000 12.301 0.000 42.301 53.301 73.301 73.301 76.301 76.301 73.300 73.300 73.300 73.299 73.299 73.298 73.298 74.297 70.297 65.296 54.296 34.295 28.295 0.000 0.000 0.000 0.000 0.000 0.000 0.000 0.000 0.000 0.000 0.000 0.000 0.000 29.290 21.290 0.000 0.000 0.000 0.000 0.000 0.000 0.000 0.000 0.000 0.000 53.748 69.740 71.731 71.721 71.711 71.700 71.689 71.677 71.665
74.185 55.178 27.186 0.000 0.000 44.748 44.745 66.741 78.739 56.737 43.736 48.736 26.736 0.000 0.000 0.000 0.000 0.000 41.301 34.301 39.301 56.301 75.301 75.301 76.301 73.300 73.300 73.300 73.299 73.299 73.299 73.298 73.297 73.297 73.296 75.296 64.295 52.295 41.294 42.293 35.293 26.292 31.292 0.000 0.000 0.000 0.000 0.000 0.000 0.000 0.000 0.000 32.290 7.290 0.000 0.000 0.000 0.000 0.000 0.000 0.000 0.000 0.000 0.000 38.707 66.704 70.699 71.692 71.684 71.675 71.665 71.653 71.641
77.209 68.201 21.193 0.000 0.000 0.000 43.743 48.740 75.739 63.737 44.737 47.736 22.736 0.000 0.000 0.000 0.000 0.000 44.301 37.301 40.301 58.301 77.301 76.301 74.301 74.300 73.300 73.300 73.299 73.299 73.298 74.298 74.297 74.297 68.296 59.295 63.295 70.294 63.294 61.293 49.292 36.292 43.292 1.292 0.000 0.000 0.000 0.000 0.000 0.000 0.000 0.000 0.000 0.000 0.000 0.000 0.000 0.000 0.000 0.000 0.000 0.000 0.000 0.000 30.670 61.670 71.667 73.663 73.658 73.650 72.641 71.630 71.616
77.228 52.223 0.000 0.000 0.000 0.000 0.000 50.739 63.739 57.738 56.737 53.737 43.737 21.737 0.000 0.000 0.000 0.000 43.301 36.301 41.301 56.301 68.301 65.301 60.300 62.300 67.300 72.299 74.299 74.299 72.298 62.298 60.297 65.296 54.296 51.295 51.294 62.294 66.293 61.293 47.292 36.292 8.292 0.000 0.000 0.000 0.000 0.000 0.000 0.000 0.000 0.000 0.000 0.000 0.000 0.000 0.000 0.000 0.000 0.000 1.535 0.000 0.000 0.000 18.634 43.637 49.638 51.637 51.634 52.628 61.620 70.608 71.593
76.243 42.240 0.000 0.000 0.000 0.000 0.000 45.739 39.738 38.738 46.737 46.737 46.737 42.737 15.737 0.000 0.000 0.000 48.301 43.301 48.301 58.301 61.301 64.301 22.301 0.000 0.000 13.299 74.299 71.299 60.298 15.298 0.000 0.000 53.295 85.294 78.294 57.293 63.293 57.292 46.292 31.291 34.291 0.000 0.000 0.000 0.000 0.000 0.000 0.000 0.000 0.000 0.000 0.000 0.000 0.000 0.000 0.000 14.535 4.535 22.535 43.540 54.550 53.566 71.594 79.605 80.611 78.612 80.612 67.608 50.602 68.590 71.572
74.255 39.252 0.000 0.000 0.000 0.000 0.000 45.738 41.738 20.738 0.000 0.000 0.737 0.000 0.000 0.000 0.000 0.000 54.301 48.301 43.301 39.301 25.301 0.000 0.000 0.000 0.000 0.000 0.000 0.000 47.298 9.298 0.000 0.000 0.000 48.294 81.293 41.293 42.292 41.292 37.291 40.291 87.290 46.289 0.000 0.000 0.000 0.000 0.000 0.000 0.000 0.000 0.000 0.000 0.000 0.000 13.506 4.507 0.000 0.000 8.530 90.535 86.543 68.555 69.570 66.581 67.587 89.591 82.592 68.592 48.589 57.579 56.556
60.264 41.262 35.265 0.000 0.000 0.000 0.000 0.000 43.738 27.738 0.000 0.000 0.000 0.000 0.000 0.000 0.000 0.000 54.301 54.301 55.301 38.301 13.301 0.000 0.000 0.000 0.000 0.000 0.000 0.000 43.298 20.298 0.000 0.000 0.000 47.293 96.293 60.293 63.292 58.292 43.291 61.290 115.289 112.288 43.286 0.096 19.847 16.845 0.000 0.000 0.000 0.000 0.000 0.000 0.000 0.000 3.506 21.507 11.508 9.512 18.520 93.526 60.533 68.542 59.551 40.560 51.566 94.571 60.575 47.578 54.582 8.581 0.000
44.270 44.268 30.268 0.000 0.000 0.000 0.000 0.000 0.000 0.000 0.000 0.000 0.000 0.000 0.000 0.000 0.000 0.000 57.300 48.300 42.300 40.300 14.300 0.000 0.000 0.000 0.000 0.000 0.000 40.298 33.298 58.298 54.298 0.000 6.293 53.293 59.293 51.292 94.292 83.291 54.291 7.290 71.289 126.288 10.287 0.000 0.000 0.000 0.000 0.000 0.000 0.000 22.505 19.505 14.505 3.506 72.506 110.506 101.506 97.508 44.512 88.516 56.521 45.527 92.534 73.541 93.547 74.552 44.558 52.563 0.000 0.000 0.000
47.274 48.272 40.271 0.000 0.000 0.000 0.000 0.000 0.000 0.000 0.000 0.000 0.000 0.000 0.000 0.000 0.000 0.000 11.300 52.300 42.300 20.300 0.000 0.000 0.000 0.000 0.000 0.000 0.000 42.298 39.298 15.298 0.000 0.000 0.000 27.293 6.293 0.000 7.292 49.291 5.291 0.000 27.288 93.288 48.287 0.287 0.000 0.000 0.000 0.000 0.000 0.000 0.000 4.505 0.000 0.000 28.505 8.504 72.502 76.503 27.504 88.505 65.508 38.512 56.517 106.522 120.528 54.534 42.541 9.552 0.000 0.000 18.355
46.277 47.275 47.274 51.274 43.274 0.000 0.000 0.000 0.000 0.000 0.000 0.000 0.000 0.000 0.000 0.000 0.000 0.000 0.000 42.300 38.300 22.300 0.000 0.000 0.000 0.000 0.000 0.000 43.298 40.298 17.298 0.000 0.000 0.000 0.000 1.293 0.000 0.000 0.000 53.291 2.291 0.000 27.288 0.000 0.000 0.000 0.000 0.000 0.000 0.000 0.000 0.000 0.000 13.505 7.505 9.505 2.505 0.000 48.497 67.496 26.495 90.494 70.494 40.496 89.499 92.503 87.509 95.515 59.522 0.000 0.000 1.321 32.335
48.279 26.276 37.275 46.274 46.274 46.274 45.274 0.000 0.000 0.000 0.000 0.000 0.000 0.000 0.000 0.000 0.000 0.000 0.000 44.300 40.300 24.300 0.000 0.000 0.000 0.000 0.000 0.000 0.000 46.298 18.298 0.000 0.000 0.000 0.000 0.000 0.000 5.291 17.291 40.291 44.291 21.291 0.000 0.000 0.000 0.000 0.000 0.000 0.000 0.000 0.000 0.000 0.000 2.505 0.505 6.505 0.000 0.000 51.492 71.490 31.486 91.480 76.478 90.478 90.480 49.483 42.489 87.496 36.509 0.000 0.296 33.307 41.315
53.282 0.000 0.000 43.274 32.274 0.000 45.274 35.274 0.000 0.000 0.000 0.000 0.000 0.000 0.000 0.000 0.000 0.000 0.000 43.300 40.300 28.300 0.000 0.000 0.000 0.000 0.000 0.000 0.000 0.000 0.000 0.000 0.000 0.000 0.000 0.000 0.000 0.000 56.291 73.291 34.291 0.000 0.000 0.000 0.000 0.000 0.000 0.000 0.000 0.000 0.000 0.000 0.000 0.000 0.000 11.505 0.000 0.000 86.489 72.486 33.479 91.464 88.459 80.458 72.459 58.462 59.466 28.470 0.000 0.000 17.284 36.291 43.296
50.284 0.000 0.000 30.274 22.274 0.000 0.000 0.000 0.000 54.284 50.284 41.284 0.000 0.000 0.000 0.000 0.000 0.000 0.000 47.300 43.300 25.300 0.000 0.000 0.000 0.000 0.000 0.000 0.000 0.000 0.000 0.000 0.000 0.000 0.000 0.000 0.000 0.000 19.291 103.291 69.291 0.291 0.000 0.000 0.000 0.000 0.000 0.000 0.000 0.000 0.000 0.000 0.000 0.000 0.000 0.000 0.000 0.000 18.489 0.000 0.000 65.438 106.437 85.436 84.437 82.439 85.444 33.450 0.000 0.000 21.277 35.279 36.280
66.285 0.000 0.000 0.000 0.000 52.285 39.285 0.000 50.284 44.284 44.284 36.284 0.000 0.000 0.000 0.000 0.000 0.000 0.000 47.300 42.300 30.300 0.000 0.000 0.000 0.000 0.000 0.000 0.000 0.000 0.000 0.000 0.000 0.000 0.000 0.000 0.000 0.000 0.000 47.291 39.291 10.291 0.000 0.000 0.000 0.000 0.000 0.000 0.000 0.000 0.000 0.000 0.000 0.000 0.000 0.000 0.000 0.000 0.000 0.000 0.000 12.414 48.414 49.413 47.414 47.415 44.419 40.434 0.000 0.000 14.267 35.266 33.265
77.286 66.285 48.285 49.285 48.285 42.285 43.285 44.285 42.284 47.284 46.284 37.284 34.284 0.000 0.000 0.000 0.000 0.000 0.000 34.300 0.000 0.000 0.000 0.000 0.000 0.000 0.000 0.000 0.000 0.000 0.000 0.000 0.000 0.000 0.000 0.000 0.000 0.000 0.000 0.291 46.291 9.291 0.000 0.000 0.000 0.000 0.000 0.000 0.000 0.000 0.000 0.000 0.000 0.000 0.000 0.000 0.000 0.000 0.000 0.000 0.000 3.390 36.391 35.390 35.389 51.387 46.385 0.000 0.000 0.000 7.258 48.255 60.251
77.286 71.286 41.285 41.285 41.285 24.285 25.285 29.285 39.284 48.284 45.284 37.284 40.284 29.284 0.000 0.000 0.000 0.000 0.000 0.000 0.000 0.000 0.000 0.000 0.000 0.000 0.000 0.000 0.000 0.000 0.000 0.000 0.000 0.000 0.000 0.000 0.000 0.000 0.000 0.000 3.291 49.291 8.291 0.000 0.000 0.000 0.000 0.000 0.000 0.000 0.000 0.000 0.000 0.000 0.000 0.000 0.000 0.000 0.000 0.000 28.355 31.366 35.368 35.368 37.365 56.359 46.348 29.326 0.000 0.000 43.251 64.246 71.240
77.286 75.286 45.285 42.285 22.285 0.000 0.000 0.000 0.000 39.284 42.284 40.284 33.284 0.000 0.000 0.000 0.000 0.000 0.000 0.000 0.000 0.000 0.000 0.000 0.000 0.000 0.000 0.000 0.000 0.000 0.000 0.000 0.000 0.000 0.000 0.000 0.000 0.000 0.000 0.000 1.291 52.291 14.291 0.000 0.000 0.000 0.000 0.000 0.000 0.000 0.000 0.000 0.000 0.000 0.000 0.000 0.000 0.000 0.000 0.336 39.345 36.349 35.349 31.348 44.343 61.335 45.323 34.305 29.279 29.261 53.248 70.238 71.229
77.286 75.286 28.285 32.285 0.000 0.000 0.000 0.000 0.000 0.000 30.284 43.284 35.284 0.000 0.000 0.000 0.000 0.000 0.000 0.000 0.000 0.000 0.000 0.000 0.000 0.000 0.000 0.000 0.000 0.000 0.000 0.000 0.000 0.000 0.000 0.000 0.000 0.000 0.000 0.000 0.000 1.291 20.291 0.000 0.000 0.000 0.000 0.000 0.000 0.000 0.000 0.000 8.314 16.314 0.000 0.000 0.000 0.000 0.000 33.326 31.332 30.334 35.333 49.330 62.325 52.316 36.305 34.289 36.272 33.256 54.242 72.230 71.219
77.286 51.286 0.000 0.000 0.000 0.000 0.000 0.000 0.000 0.000 0.000 33.284 40.284 38.284 0.000 0.000 0.000 0.000 0.000 0.000 0.000 0.000 0.000 0.000 0.000 0.000 0.000 0.000 0.000 0.000 0.000 0.000 0.000 0.000 0.000 0.000 0.000 0.000 0.000 0.000 0.000 0.000 0.000 0.000 0.000 0.000 0.000 0.000 0.000 0.000 0.000 0.000 0.000 9.314 11.314 0.000 38.315 30.315 28.317 40.320 54.322 59.322 61.320 61.316 47.309 35.301 34.290 34.277 33.262 35.248 58.235 73.222 71.209
