results4_8e4_rain/res_4e8f-0226.wd
ncols         241
nrows         181
xllcorner     12693529.787448
yllcorner     3542525.717860
cellsize      155.156523
NODATA_value  -9999.000000
[rows 33 to 65 of 181, columns 73 to 145 of 241]
0.000 0.000 0.000 0.000 0.000 0.000 0.000 0.000 0.000 0.000 0.000 0.000 0.000 0.000 0.000 0.000 0.000 0.000 0.000 0.000 0.000 0.000 0.000 0.000 0.000 0.000 0.000 0.000 0.000 0.000 0.000 0.000 0.000 0.000 0.000 0.000 0.000 0.000 0.000 39.960 62.961 67.963 23.965 0.000 0.000 33.041 47.069 14.048 5.048 37.069 40.085 34.082 35.063 36.027 35.972 35.899 35.805 34.687 40.532 60.293 6.805 14.912 12.187 47.340 63.796 68.324 66.884 67.484 66.019 68.103 63.156 62.766 62.755
0.000 0.000 0.000 0.000 0.000 0.000 0.000 0.000 0.000 0.000 0.000 0.000 0.000 0.000 0.000 0.000 0.000 0.000 0.000 0.000 0.000 0.000 0.000 0.000 0.000 0.000 0.000 0.000 0.000 0.000 0.000 0.000 0.000 0.000 0.000 0.000 0.000 0.000 0.000 0.000 14.962 9.962 0.000 0.000 0.000 0.000 29.161 0.000 0.000 27.110 51.151 50.155 40.138 36.101 36.043 35.964 35.862 34.741 56.605 54.449 0.000 37.745 50.308 63.732 68.210 67.731 67.300 66.807 67.866 63.882 63.183 63.435 65.735
0.000 0.000 0.000 0.000 0.000 0.000 0.000 0.000 0.000 0.000 0.000 0.000 0.000 0.000 0.000 0.000 0.000 0.000 35.375 67.375 20.375 0.000 0.000 0.000 0.000 0.000 0.000 0.000 0.000 0.000 0.000 0.000 0.000 0.000 0.000 0.000 0.000 0.000 0.000 0.000 0.000 0.000 0.000 0.000 0.000 0.000 21.253 0.000 0.000 0.000 29.255 47.249 47.232 38.196 36.137 36.050 33.938 49.810 58.696 0.000 23.405 48.014 62.568 69.070 68.576 68.120 67.599 69.630 65.616 63.726 64.124 66.448 65.692
0.000 0.000 0.000 0.000 0.000 0.000 0.000 0.000 0.000 0.000 0.000 22.377 60.377 0.377 0.000 0.000 0.000 0.000 42.375 93.375 49.375 0.000 0.000 0.000 0.000 0.000 0.000 0.000 0.000 0.000 0.000 0.000 0.000 0.000 0.000 0.000 0.000 0.000 0.000 0.000 0.000 0.000 0.000 0.000 0.000 0.000 24.344 25.385 32.403 18.401 28.364 36.355 49.344 40.315 36.257 33.163 44.031 53.864 42.674 18.330 47.796 65.340 69.879 69.399 68.935 68.393 68.397 67.359 64.381 64.828 67.166 66.417 66.182
0.000 0.000 0.000 0.000 0.000 0.000 0.000 0.000 0.000 0.000 0.000 43.377 78.377 67.377 54.377 9.377 3.377 27.376 81.376 89.375 54.375 0.000 0.000 0.000 0.000 23.432 2.432 0.000 0.000 0.000 0.000 0.000 0.000 0.000 0.000 0.000 0.000 7.433 0.000 0.000 0.000 11.431 29.431 0.000 0.000 40.408 55.395 58.408 56.423 42.436 36.445 35.463 49.474 40.463 32.414 46.313 60.157 47.943 35.806 50.520 55.110 67.669 70.206 69.743 69.191 69.170 67.114 65.146 65.551 67.897 67.156 66.925 66.590
0.000 0.000 0.000 0.000 0.000 0.000 0.000 0.000 0.000 0.000 0.000 14.377 76.377 59.377 40.377 2.377 23.377 73.376 84.376 91.375 50.374 0.000 0.000 0.000 0.432 61.432 45.432 0.000 0.000 0.000 0.000 0.000 0.000 0.000 0.000 0.433 24.433 36.433 38.433 0.000 0.000 20.431 45.431 24.429 38.426 61.420 64.419 65.429 62.447 49.474 36.517 33.578 50.627 41.649 45.623 63.518 57.343 0.000 34.089 52.833 65.455 71.017 70.561 70.001 69.956 67.889 66.037 66.295 68.643 67.913 67.689 67.356 67.022
0.000 0.000 0.000 0.000 0.000 0.000 0.000 0.000 0.000 0.000 0.000 0.000 0.000 27.377 65.377 61.377 49.377 62.376 82.376 93.375 46.374 0.000 0.000 0.000 0.000 23.432 47.432 49.432 0.000 0.000 0.000 0.000 0.000 0.000 0.000 0.000 40.433 41.433 53.433 36.432 25.432 39.432 40.431 36.431 43.430 50.429 48.432 41.442 60.461 26.496 42.572 45.704 35.807 47.884 60.912 57.791 0.336 9.039 45.627 62.266 70.862 71.400 70.847 70.773 67.701 67.094 67.068 69.407 68.689 68.475 68.151 67.818 67.459
0.000 0.000 0.000 0.000 0.000 0.000 0.000 0.000 0.000 0.000 0.000 0.000 0.000 17.377 84.378 79.378 69.378 59.377 83.376 91.374 86.372 71.368 26.365 0.000 0.000 0.000 3.432 57.432 41.432 39.432 50.432 45.432 8.432 0.000 0.000 4.433 40.433 39.433 60.433 66.433 55.433 47.432 39.432 36.432 37.433 38.434 37.438 35.445 43.458 4.477 0.000 4.858 41.012 64.167 62.349 1.637 7.728 45.445 59.112 68.755 72.294 71.856 72.632 68.586 68.393 67.888 70.198 69.485 69.279 68.968 68.652 68.302 67.910
0.000 0.000 0.000 0.000 0.000 0.000 0.000 0.000 0.000 0.000 0.000 0.000 0.000 0.000 17.378 56.378 31.379 67.378 86.377 91.375 89.371 87.367 76.363 35.359 0.359 0.000 0.000 13.432 52.432 52.432 65.432 63.432 56.432 51.433 0.000 0.000 7.433 44.433 63.433 70.433 62.433 46.433 35.433 36.434 36.435 36.437 36.440 36.444 40.449 0.000 0.000 0.000 11.218 48.423 17.884 15.150 50.090 54.897 66.640 73.248 73.101 71.343 69.673 70.060 68.790 71.033 70.309 70.097 69.794 69.498 69.181 68.827 68.396
0.000 0.000 0.000 0.000 0.000 0.000 0.000 0.000 0.000 0.000 0.000 0.000 0.000 0.000 0.000 2.379 88.380 88.380 90.379 90.376 89.371 83.365 77.360 48.356 0.000 0.000 0.000 0.000 0.000 20.432 65.432 59.432 74.433 71.433 50.433 29.433 30.433 39.433 61.433 70.433 61.433 44.433 34.434 39.435 38.436 36.438 36.440 36.443 37.445 29.444 0.000 0.000 0.000 0.000 9.616 52.652 55.580 63.438 74.162 74.275 72.637 74.531 72.295 69.834 71.945 71.182 70.939 70.623 70.331 70.042 69.750 69.428 67.992
0.000 0.000 0.000 0.000 0.000 0.000 23.355 46.352 0.000 24.294 64.283 53.271 57.260 32.253 0.000 0.000 24.383 96.383 90.383 87.379 84.372 87.363 78.354 41.349 0.000 0.000 0.000 0.000 0.000 0.000 0.000 9.432 63.433 64.433 15.433 0.000 6.433 43.433 61.433 66.433 56.433 47.434 45.434 7.435 14.437 42.439 36.440 36.442 37.443 43.443 51.443 13.443 0.000 0.000 25.311 58.263 62.155 72.965 75.181 74.813 78.089 76.670 71.176 72.984 72.131 71.824 71.468 71.154 70.861 70.591 70.349 70.144 75.999
0.000 0.000 0.000 0.000 0.000 0.000 23.358 66.349 8.330 58.304 60.285 72.269 55.255 40.247 0.000 0.000 12.385 81.387 93.392 90.386 90.375 91.360 85.346 39.337 0.000 0.000 0.000 0.000 0.000 0.000 0.000 0.000 0.000 48.433 7.433 0.000 2.433 49.433 46.433 58.433 15.433 0.000 0.000 0.000 0.000 8.440 46.441 40.442 3.443 33.443 67.443 50.443 3.443 0.000 30.063 63.902 72.804 75.925 75.680 79.849 79.103 72.531 74.099 73.151 72.757 72.342 71.985 71.660 71.368 71.113 70.911 70.799 75.863
21.620 65.614 55.609 0.000 0.000 0.000 17.370 77.357 53.335 55.309 61.285 85.264 86.246 81.232 35.217 0.000 0.000 0.000 41.411 95.400 90.380 91.356 88.333 47.317 0.000 0.000 0.000 0.000 0.000 0.000 0.000 0.000 0.000 6.433 0.000 0.000 0.000 0.000 0.000 0.000 0.000 0.000 0.000 0.000 0.000 0.000 0.000 21.442 18.442 0.000 0.000 0.000 0.000 19.475 56.892 73.845 75.521 76.454 80.800 80.404 73.560 75.121 74.161 73.709 73.239 72.832 72.465 72.133 71.837 71.581 71.383 71.277 74.341
21.621 77.613 59.603 55.592 0.000 0.000 4.394 69.375 71.344 71.312 83.281 80.256 92.234 91.216 52.203 0.000 0.000 0.000 17.441 97.422 90.390 91.352 88.312 48.280 0.000 0.000 8.841 56.804 68.762 37.734 0.000 0.000 0.000 0.000 0.000 0.000 0.000 0.000 0.000 0.000 0.000 0.000 0.000 0.000 0.000 0.000 0.000 0.000 6.442 0.000 0.000 0.000 17.440 57.948 74.908 75.490 81.720 81.210 74.830 75.393 75.897 75.082 74.619 74.125 73.684 73.279 72.909 72.571 72.265 71.993 71.763 78.585 19.463
85.624 82.614 61.600 62.581 54.551 1.507 59.438 54.405 62.354 75.312 79.272 90.244 91.218 90.195 59.176 0.000 0.000 0.000 16.491 96.456 90.406 91.349 86.286 66.210 50.092 50.984 50.879 58.807 79.749 46.706 0.000 0.000 0.000 0.000 0.000 0.000 0.000 0.000 0.000 0.000 0.000 0.000 0.000 0.000 0.000 0.000 0.000 0.000 0.000 0.000 15.531 46.308 55.816 74.802 76.392 83.056 82.464 75.379 77.101 76.437 75.899 75.446 74.965 74.514 74.089 73.692 73.322 72.978 72.658 72.363 79.091 24.838 0.000
82.630 77.617 75.601 58.580 62.550 62.516 53.477 46.455 0.000 0.000 21.250 80.229 91.201 89.170 74.130 41.077 0.000 3.666 65.577 86.503 91.429 90.352 91.271 81.183 57.081 53.980 52.884 61.798 79.719 62.636 48.522 49.433 53.367 64.327 28.311 0.000 0.000 0.000 0.000 0.000 0.000 0.000 0.000 0.000 0.000 0.000 0.000 0.000 0.000 0.000 26.731 66.571 74.518 77.166 83.935 83.539 76.101 77.773 76.996 76.628 76.190 75.741 75.301 74.874 74.465 74.077 73.709 73.360 73.027 78.709 25.400 0.000 0.000
71.637 23.624 91.609 62.588 56.555 57.526 59.500 59.482 48.480 0.000 0.000 1.214 25.187 96.152 86.099 64.023 55.899 62.756 61.648 63.552 71.455 72.359 59.264 56.168 54.071 53.973 52.877 61.783 76.692 55.598 52.498 57.410 73.342 76.302 61.295 35.295 0.000 0.000 0.000 0.000 0.000 0.000 0.000 0.000 0.000 0.000 0.000 0.000 0.000 17.569 59.415 75.027 77.867 84.502 84.256 76.797 78.443 77.661 77.306 76.881 76.461 76.039 75.622 75.215 74.822 74.442 74.077 73.725 79.382 25.045 0.000 0.000 0.000
17.646 90.634 91.621 77.609 0.000 4.533 64.515 60.494 71.478 62.460 0.000 1.227 4.193 84.151 81.093 66.016 56.918 53.809 53.706 56.600 69.481 77.366 80.256 73.157 63.060 55.964 54.866 70.767 73.667 48.564 52.461 52.366 53.289 57.246 36.270 0.000 0.000 0.000 6.818 0.000 0.000 0.000 0.000 0.000 0.000 0.000 0.000 20.794 52.462 60.318 73.833 85.164 84.779 77.848 78.445 79.013 78.326 77.965 77.546 77.141 76.735 76.331 75.933 75.543 75.163 74.793 75.433 82.080 25.731 0.000 0.000 0.000 0.000
95.655 91.644 91.632 91.617 78.595 61.559 61.531 61.503 52.476 1.436 18.344 25.283 77.222 74.167 77.104 70.032 70.948 70.858 70.766 73.662 68.504 68.368 70.237 74.142 75.050 72.956 68.857 79.753 77.644 65.532 66.417 66.305 68.201 43.123 0.000 0.000 0.000 0.000 7.818 0.000 0.000 0.000 0.000 0.000 0.000 7.677 55.452 56.014 77.027 77.582 86.224 85.747 80.335 80.053 79.443 78.978 78.602 78.193 77.795 77.399 77.006 76.618 76.236 75.862 75.495 76.135 79.781 12.431 0.000 0.000 0.000 0.000 0.000
94.664 90.656 90.647 91.632 88.610 66.579 60.546 61.511 62.474 54.428 3.366 69.307 66.248 67.189 68.126 63.058 66.985 71.909 79.837 64.779 0.000 0.304 15.182 73.124 69.043 68.954 68.853 68.743 68.625 68.501 68.371 68.234 66.088 60.922 33.702 0.000 9.335 53.115 59.818 71.515 41.280 0.000 0.000 0.000 1.559 56.880 67.660 79.581 80.215 86.958 86.624 80.983 80.662 79.928 79.600 79.213 78.818 78.428 78.039 77.654 77.273 76.898 76.531 76.172 76.820 79.472 27.127 0.000 0.000 0.000 0.000 0.000 0.000
80.670 80.669 80.667 91.655 91.632 81.600 57.562 60.522 61.482 61.438 67.386 76.331 60.273 57.215 55.154 62.090 77.023 75.957 60.895 40.837 0.000 0.000 0.000 1.134 58.044 52.962 52.858 52.741 52.613 53.476 56.331 57.173 56.994 55.776 56.482 55.031 54.555 63.192 69.825 67.447 74.045 71.509 66.000 63.487 65.858 77.508 81.030 80.824 87.452 87.235 81.620 81.275 80.528 80.203 79.810 79.426 79.041 78.659 78.280 77.905 77.534 77.171 76.818 77.476 78.140 16.806 0.000 0.000 0.000 0.000 0.000 0.000 0.000
0.000 46.683 58.698 86.689 90.664 71.626 54.579 53.534 61.494 61.454 60.410 54.357 55.298 61.243 78.185 77.123 60.061 53.002 42.949 0.000 62.510 71.448 67.353 68.230 71.102 73.992 72.876 73.750 76.609 75.460 72.304 74.133 68.939 54.707 58.418 57.056 61.662 79.272 85.842 82.403 75.946 70.477 72.024 78.489 83.344 81.784 88.055 87.706 81.604 83.214 81.801 81.142 80.803 80.406 80.023 79.640 79.261 78.887 78.518 78.152 77.788 78.431 76.096 71.774 23.457 0.000 0.000 0.000 0.000 0.000 0.000 0.000 0.517
0.000 0.000 51.752 70.737 81.710 56.662 48.594 55.541 53.507 60.476 61.441 61.389 54.321 71.274 63.220 52.158 55.094 47.042 0.000 71.662 74.572 74.482 76.380 77.265 80.143 84.026 82.906 82.773 82.615 84.451 85.290 83.117 70.922 56.694 58.426 58.113 57.766 60.391 33.870 6.376 95.854 137.454 114.989 80.923 82.443 89.016 88.580 82.051 84.780 82.196 81.754 81.398 81.004 80.619 80.233 79.851 79.475 79.109 78.752 78.397 80.036 74.671 63.360 18.067 0.000 0.000 0.000 0.000 0.000 0.000 0.000 0.762 47.623
3.991 0.000 6.820 27.800 62.775 44.718 0.000 50.528 55.515 55.503 61.488 50.439 0.000 55.313 53.263 55.195 56.117 66.028 79.904 76.751 78.634 84.528 94.420 138.305 135.181 135.063 134.949 134.821 135.625 119.440 51.288 54.124 51.937 59.723 58.479 55.203 52.898 34.657 0.000 0.000 4.658 62.366 79.376 83.971 89.707 89.389 81.648 83.350 82.650 82.347 81.979 81.599 81.216 80.829 80.441 80.054 79.680 79.323 79.984 78.649 70.286 58.855 16.608 0.000 0.000 0.000 0.000 0.000 0.000 0.000 3.921 38.856 59.738
77.992 25.967 14.909 77.866 55.872 0.000 0.000 0.000 49.524 62.532 54.570 0.000 7.486 63.401 54.324 65.242 78.151 78.050 82.932 85.805 78.687 64.575 55.467 51.356 49.211 52.097 53.006 39.936 0.000 56.395 53.298 52.154 55.980 59.781 56.565 48.321 54.967 35.682 0.000 1.947 57.674 74.678 84.398 90.200 89.978 82.230 83.918 83.215 82.923 82.555 82.188 81.812 81.429 81.042 80.647 80.246 79.867 80.521 76.211 64.927 21.607 0.000 0.000 0.000 0.000 0.000 0.000 0.000 0.000 0.000 6.987 56.925 55.837
88.011 96.001 83.982 0.953 12.974 7.085 2.120 1.124 0.000 0.000 58.690 56.669 64.572 61.480 61.390 61.297 78.196 92.088 80.971 60.849 58.731 53.620 55.518 46.439 0.000 58.108 55.043 43.980 0.000 57.448 52.353 53.216 60.047 57.855 55.679 37.550 0.000 2.153 54.384 52.130 68.915 84.821 90.478 83.162 83.730 84.390 83.788 83.494 83.133 82.775 82.406 82.030 81.648 81.261 80.858 81.417 81.019 70.682 55.414 18.241 0.000 0.000 0.000 0.000 0.000 0.000 0.000 5.386 32.338 31.250 46.114 58.020 45.934
78.039 82.044 72.046 0.000 0.000 72.159 65.154 59.129 3.068 10.973 76.831 73.745 60.652 61.557 61.460 62.359 83.250 135.134 128.013 74.890 129.770 50.655 54.546 54.443 56.325 54.184 54.076 53.963 55.802 51.596 51.451 60.308 59.138 55.913 50.747 39.648 0.000 0.915 56.421 63.232 85.225 84.102 90.833 84.208 84.795 84.345 84.056 83.710 83.362 83.002 82.633 82.254 81.871 81.497 83.106 78.545 60.112 46.772 48.523 14.382 0.000 0.000 0.000 0.000 0.000 0.000 0.000 5.434 41.379 46.297 60.198 54.108 44.025
74.070 69.091 13.112 0.000 3.281 55.239 64.208 61.166 79.103 73.019 77.918 85.826 76.733 61.637 61.536 61.427 60.310 54.186 49.057 53.928 50.803 54.684 54.570 54.460 54.347 54.228 54.114 53.992 52.847 57.683 59.548 60.428 44.283 0.000 43.747 0.000 0.000 0.913 60.576 82.483 86.479 91.812 91.356 84.299 84.952 84.594 84.281 83.949 83.600 83.239 82.869 82.483 82.086 80.752 42.523 0.000 0.000 0.000 0.000 0.000 0.000 0.000 0.000 37.857 32.818 31.752 30.661 34.536 43.448 59.362 53.274 44.190 54.110
66.098 57.138 62.198 7.298 60.323 56.307 55.273 73.224 66.159 82.082 90.996 70.909 56.818 54.722 57.618 60.504 61.378 61.243 54.102 52.962 53.829 53.706 54.591 54.482 54.374 59.268 56.160 53.045 53.912 56.741 60.627 49.574 0.000 0.000 0.000 0.000 16.215 136.091 79.829 86.852 84.822 92.216 84.116 86.635 88.120 84.847 84.531 84.200 83.851 83.486 84.119 80.725 68.237 58.900 16.711 0.000 0.000 0.000 0.000 0.000 0.000 0.000 39.941 39.896 39.844 40.777 40.695 41.601 55.513 55.429 39.347 42.266 44.190
41.114 42.166 36.245 60.372 56.406 55.394 66.355 70.296 81.227 88.153 54.075 52.995 53.909 55.816 54.710 51.591 59.456 60.306 61.146 59.989 53.847 52.720 51.606 52.501 58.402 117.307 85.214 65.117 48.015 0.000 62.647 70.667 0.000 0.000 0.000 0.000 60.342 71.234 88.120 86.154 92.920 92.581 85.204 85.735 86.401 85.109 84.799 84.470 84.119 84.735 83.396 36.060 0.000 0.000 0.000 0.000 0.000 0.000 0.000 0.000 0.000 0.108 46.985 42.943 39.886 40.818 38.741 50.658 57.576 41.495 42.416 50.340 48.266
0.000 0.000 0.000 53.537 56.535 58.509 79.455 90.380 104.301 86.227 15.157 72.086 72.008 55.920 55.817 54.694 52.549 55.380 61.185 59.001 59.849 61.722 59.612 57.514 53.425 48.345 53.272 48.194 0.000 0.000 0.000 56.779 48.807 0.000 0.000 2.738 70.576 87.421 87.494 85.508 93.230 84.924 87.427 88.935 85.678 85.388 85.085 84.761 84.419 81.941 36.668 0.000 0.000 0.000 0.000 0.000 0.000 0.000 0.000 0.000 0.000 46.150 16.071 4.005 47.938 37.868 48.793 60.715 48.637 43.560 48.484 52.410 45.338
0.000 0.000 0.000 51.705 57.690 73.650 84.577 132.467 126.371 128.298 134.239 130.183 131.119 56.040 55.942 54.820 54.668 53.478 48.214 57.980 59.827 60.708 58.605 60.516 60.440 61.376 54.333 0.000 0.000 0.000 0.053 57.864 42.836 0.000 0.198 61.888 83.780 87.736 86.725 93.793 93.519 85.982 86.530 87.220 85.959 85.684 85.389 86.073 60.854 0.000 0.000 0.000 0.000 0.000 0.000 0.000 0.000 0.000 58.471 47.421 37.342 41.230 41.143 42.067 41.995 44.922 57.848 54.773 49.697 50.622 48.549 46.477 42.407
17.946 0.000 0.000 52.889 69.868 77.823 83.737 54.540 53.416 52.354 49.320 50.288 50.243 56.179 56.092 71.976 71.823 47.650 0.000 44.876 57.772 59.678 57.585 59.507 59.442 60.388 56.351 0.285 1.190 2.143 56.088 40.976 0.000 0.000 63.288 72.136 89.014 87.927 87.110 94.048 85.654 88.184 90.721 86.498 86.251 85.999 84.717 72.287 31.070 0.000 0.000 0.000 0.000 0.000 44.725 39.703 39.663 39.603 43.521 55.451 58.373 44.286 39.203 41.126 43.052 57.978 56.905 42.831 51.757 52.684 51.612 44.542 40.474
