results4_8e4_rain/res_4e8f-0043.wd
ncols         241
nrows         181
xllcorner     12693529.787448
yllcorner     3542525.717860
cellsize      155.156523
NODATA_value  -9999.000000
[rows 66 to 98 of 181, columns 74 to 147 of 241]
23.288 0.000 48.654 65.642 64.625 64.609 0.000 36.191 36.182 49.194 45.204 44.191 44.157 43.099 119.014 106.919 0.000 0.000 0.000 40.302 35.287 40.276 43.253 43.219 45.175 46.136 51.101 52.069 53.034 43.988 0.000 0.000 42.953 92.953 74.876 78.745 78.841 76.907 84.873 77.345 77.828 78.574 77.352 77.137 77.938 47.788 0.000 0.000 0.000 0.000 0.000 0.000 0.000 11.614 9.599 9.572 9.533 9.485 9.434 13.378 26.316 23.249 8.176 19.100 28.028 6.960 9.894 15.830 20.766 16.704 10.643 8.583 6.525 21.469
50.281 0.000 36.824 60.800 59.783 53.789 6.855 0.000 0.000 42.252 55.309 44.313 43.290 44.238 25.126 0.000 0.000 0.000 0.000 0.000 0.000 51.310 49.294 47.263 30.193 33.143 40.100 41.071 46.045 37.016 0.000 0.000 0.000 53.168 71.091 78.043 78.151 85.289 85.089 77.413 78.105 77.822 77.617 77.412 72.229 30.100 0.000 0.000 27.281 0.000 0.000 0.000 17.642 12.643 9.626 9.598 9.559 9.513 9.462 9.406 9.345 16.280 30.211 31.142 14.073 8.006 8.941 9.877 13.814 12.752 8.691 8.631 9.572 28.516
45.259 50.164 48.017 61.951 54.918 55.909 52.921 0.000 0.000 0.000 57.470 52.463 47.451 49.438 0.000 0.000 0.000 0.000 0.000 0.000 0.000 50.359 46.353 37.345 0.000 0.000 38.085 50.070 49.059 0.000 0.000 0.000 55.636 47.459 51.318 58.421 73.504 85.474 77.142 78.701 78.271 78.087 77.874 75.666 58.467 37.283 43.282 41.281 22.281 0.000 0.000 0.000 0.000 26.689 8.666 9.634 13.593 21.546 11.495 9.438 8.378 12.315 27.249 34.182 26.116 12.051 6.987 8.924 8.861 8.799 8.737 7.676 14.618 35.561
44.287 48.216 59.131 53.070 46.031 65.007 54.000 6.017 0.000 0.000 49.636 65.620 60.612 60.625 63.698 0.000 0.000 0.000 0.000 0.000 0.000 48.414 39.415 42.419 0.000 0.000 0.000 86.066 113.062 28.062 0.000 54.956 49.817 49.682 49.621 45.732 85.813 85.649 78.185 81.795 78.546 78.342 78.132 69.910 22.688 0.000 45.282 23.281 0.000 0.000 0.000 14.843 13.815 12.757 8.717 12.678 24.634 29.585 27.532 20.475 10.415 19.352 27.288 6.223 12.159 25.095 22.033 17.971 25.909 6.846 8.782 6.721 19.660 42.605
50.339 60.282 52.221 44.169 44.127 57.090 65.055 61.033 64.003 65.938 60.819 55.770 57.751 46.753 45.772 0.000 0.000 0.000 0.000 53.497 52.489 40.469 42.473 43.498 47.562 46.605 0.000 0.000 0.000 0.000 1.281 61.096 53.991 48.869 49.995 48.073 85.960 47.793 55.387 69.988 77.812 78.603 76.401 35.155 0.000 0.000 0.000 0.000 0.000 0.000 15.890 9.871 9.845 9.807 10.768 20.726 29.680 28.629 28.574 24.516 20.455 30.392 13.328 8.264 9.200 9.138 19.078 32.018 18.958 6.894 7.824 13.765 1.710 6.650
61.400 51.351 44.302 45.258 45.217 47.173 31.096 57.060 55.037 46.993 43.932 42.892 58.870 60.863 47.865 0.000 0.000 0.000 53.507 49.504 46.502 39.500 43.510 43.537 43.584 43.648 2.769 5.997 7.202 9.408 77.415 74.299 63.146 62.166 51.205 86.217 86.096 49.843 56.496 51.276 58.084 76.860 51.712 0.000 0.000 0.000 0.000 0.000 0.000 0.000 15.909 9.906 9.889 9.859 10.822 19.779 29.731 28.677 27.620 24.559 29.496 23.432 7.368 9.304 9.241 9.181 19.122 27.066 6.011 8.949 11.855 30.792 47.756 26.703
51.464 44.422 45.380 45.343 46.311 27.290 0.000 14.075 42.091 45.066 45.026 44.994 42.974 66.964 50.961 0.000 0.000 0.000 30.510 47.513 41.515 42.519 43.532 43.555 43.590 43.635 54.685 0.000 0.000 16.605 69.586 79.530 1.456 83.344 73.572 86.322 48.407 62.056 58.703 48.577 45.385 42.040 26.876 0.000 0.000 11.363 0.000 0.000 0.000 0.000 11.931 9.954 9.946 9.919 9.883 10.838 16.787 24.730 24.669 24.606 28.540 6.473 9.407 9.343 8.280 14.221 31.165 14.114 8.070 11.038 0.000 0.000 23.812 0.000
44.530 45.492 45.455 45.422 48.396 4.385 2.408 0.000 40.185 45.154 47.111 45.085 44.069 62.059 58.054 0.000 0.000 0.000 0.000 38.522 41.525 43.531 43.543 43.561 43.586 45.617 31.651 0.000 0.000 66.822 69.793 80.745 86.677 80.749 78.788 86.408 69.454 72.162 57.007 49.915 42.843 0.000 0.000 0.000 0.000 9.364 0.000 0.000 0.000 0.000 0.000 13.035 10.020 9.991 9.951 9.903 9.848 9.787 16.722 24.654 12.584 9.515 9.446 9.379 12.316 25.257 25.204 7.156 9.118 12.094 0.000 0.000 50.868 40.873
45.596 45.560 45.526 45.493 45.466 49.446 50.432 50.397 46.311 46.255 26.178 43.168 44.157 60.148 59.143 0.000 0.000 0.000 0.000 37.529 43.532 43.538 43.547 43.560 43.577 31.597 0.000 0.000 0.000 72.069 78.021 80.953 80.926 80.006 86.522 78.931 81.654 76.345 61.289 51.231 50.228 50.362 0.000 0.000 0.000 6.364 13.366 6.366 0.000 0.000 0.000 28.132 9.108 10.073 10.028 9.976 10.916 9.850 9.778 9.704 9.629 9.555 9.482 8.413 14.349 29.289 6.236 9.189 9.152 11.127 0.000 0.000 52.918 44.906
45.663 45.629 45.594 45.561 45.529 45.502 45.478 45.448 45.406 49.378 0.000 36.253 45.244 61.233 56.227 0.000 0.000 0.000 0.000 42.533 45.536 45.541 45.548 43.557 46.564 0.000 0.000 0.000 64.524 70.363 81.268 81.160 81.282 79.336 86.729 80.066 84.714 80.607 81.543 69.495 57.476 46.496 41.495 43.495 0.000 0.000 12.367 7.367 13.364 14.354 12.327 18.253 28.208 10.164 11.114 20.056 26.990 8.917 9.838 9.756 9.674 9.593 8.516 13.443 32.376 26.315 15.261 8.213 9.172 11.136 26.096 44.047 44.981 44.946
45.731 45.698 45.663 45.626 45.588 45.555 48.529 46.512 45.489 49.472 0.000 36.348 45.331 62.315 54.305 0.000 0.000 0.000 0.000 15.535 25.538 24.542 24.548 45.555 30.559 0.000 0.000 0.000 66.684 76.594 81.499 81.462 80.574 87.398 87.085 81.133 81.978 80.838 80.782 81.729 72.686 37.650 0.000 0.000 0.000 0.000 10.368 10.370 7.371 9.373 10.375 9.345 16.307 30.262 13.209 11.145 21.072 8.990 9.901 9.809 9.717 9.629 9.545 17.468 30.398 17.336 29.280 7.232 8.188 13.148 34.107 46.063 45.015 44.976
45.801 45.770 45.734 45.693 48.642 50.603 22.571 43.581 46.568 48.549 8.533 39.460 44.419 56.390 54.375 0.000 0.000 0.000 0.000 0.000 0.000 0.000 0.000 26.554 0.000 0.000 0.000 15.082 64.934 81.830 81.713 81.835 79.928 87.679 79.720 85.427 81.123 81.078 81.012 80.953 70.888 31.769 0.000 0.000 0.000 0.000 0.000 13.374 14.379 1.398 9.455 10.444 10.413 14.369 30.313 13.245 10.163 10.069 9.966 9.861 9.758 7.660 13.569 32.486 13.412 12.349 26.293 10.245 8.201 15.161 41.122 46.082 45.041 45.000
45.874 45.845 45.812 47.769 23.685 25.643 0.000 5.674 41.652 45.624 49.591 45.541 48.495 53.452 58.429 0.000 0.000 0.000 0.000 0.000 0.000 0.000 0.000 0.000 0.000 0.000 0.000 74.229 76.144 82.049 82.011 81.136 88.180 87.939 80.783 81.498 81.370 81.301 81.238 80.184 60.145 0.000 0.000 0.000 0.000 0.000 0.000 0.000 5.379 0.000 16.578 13.563 9.533 9.488 11.430 28.358 17.268 9.159 10.035 9.911 8.794 13.685 15.584 14.494 11.417 9.354 9.300 9.253 10.212 23.174 45.138 46.102 48.066 44.025
45.947 45.924 45.902 50.885 0.000 0.000 11.860 3.788 37.744 46.705 44.665 46.619 58.567 30.493 24.461 0.000 0.000 0.000 0.000 0.000 0.000 0.000 0.000 0.000 0.000 0.000 61.602 66.462 80.363 82.247 82.382 80.484 88.400 80.284 81.958 81.652 81.593 81.519 81.455 73.400 50.362 0.000 0.000 0.000 0.000 0.000 0.000 0.000 0.000 0.000 20.717 15.699 9.666 7.621 10.562 10.488 26.392 19.263 10.104 10.955 8.822 15.701 15.590 12.488 6.410 9.349 9.299 11.256 25.218 44.185 46.154 49.124 41.096 2.060
45.020 45.002 44.988 47.985 18.010 14.992 46.931 51.876 45.830 43.787 50.745 60.702 63.663 0.000 0.000 0.000 0.000 0.000 0.000 0.000 0.000 0.000 0.000 0.000 0.000 0.000 63.741 71.658 81.561 82.552 81.595 88.803 88.608 81.314 82.017 81.879 81.802 81.729 81.662 63.599 45.543 0.000 0.000 0.000 0.000 0.000 0.000 0.000 0.000 0.000 18.873 16.850 16.813 13.766 6.710 8.641 9.550 25.397 25.162 21.985 18.838 11.708 10.585 7.459 8.387 9.335 13.292 33.255 45.222 45.193 46.168 45.147 36.132 0.000
60.090 59.075 57.063 54.057 55.054 55.035 51.998 52.955 54.913 54.870 60.826 62.780 20.722 0.000 0.000 0.000 0.000 0.000 0.000 0.000 0.000 0.000 0.000 0.000 2.207 10.131 64.966 81.858 82.766 82.717 81.950 88.984 80.790 82.463 82.151 82.086 82.005 81.933 79.866 61.792 32.667 0.000 0.000 0.000 0.000 0.000 0.000 0.000 0.000 0.000 9.053 13.016 15.971 16.922 15.871 12.818 8.768 2.742 0.000 0.000 0.000 0.000 0.000 11.375 9.345 12.311 33.279 46.249 45.222 46.198 49.178 45.163 42.155 23.159
59.158 58.144 60.134 62.125 61.115 60.097 58.069 56.035 55.996 56.953 52.909 52.872 0.000 0.000 0.000 0.000 0.000 0.000 0.000 0.000 0.000 0.000 0.000 0.000 51.278 74.226 73.132 82.044 82.936 83.067 81.177 89.152 82.882 82.487 82.363 82.279 82.202 82.133 78.076 58.035 0.000 0.000 0.000 0.000 0.000 0.000 0.000 0.000 0.000 16.402 11.269 8.191 10.132 15.080 17.033 16.993 17.963 8.953 0.000 0.000 0.000 0.000 0.000 12.321 10.307 26.286 47.263 45.240 45.219 45.200 46.184 45.172 45.165 36.164
45.222 46.212 53.203 62.194 68.185 56.170 50.148 45.119 43.084 42.039 47.984 26.928 0.000 0.000 0.000 0.000 0.000 0.000 0.000 0.000 0.000 0.000 0.000 0.000 57.401 73.363 81.297 83.219 83.193 82.330 89.445 89.305 84.899 82.705 82.544 82.467 82.390 82.323 77.269 52.237 0.000 0.000 0.000 0.000 0.000 0.000 0.000 0.000 16.649 11.535 11.430 11.349 10.285 7.232 12.189 16.157 17.138 14.135 0.000 0.000 0.000 0.000 15.269 9.282 13.277 41.264 45.248 45.230 45.214 45.199 45.186 45.176 45.170 20.168
44.285 48.277 53.271 55.266 58.259 48.249 44.234 45.211 45.181 47.137 25.060 0.000 0.000 0.000 0.000 0.000 0.000 0.000 0.000 0.000 0.000 0.000 0.000 0.000 43.563 72.527 82.472 83.382 83.521 81.640 89.573 82.447 84.120 82.801 82.735 82.647 82.568 82.498 73.442 46.407 0.000 0.000 0.000 0.000 0.000 0.000 0.000 15.871 11.763 11.660 11.568 11.491 11.427 11.376 8.336 7.309 10.298 17.314 17.386 0.000 0.000 0.000 9.258 10.259 28.255 45.246 44.234 44.221 45.207 45.195 45.185 45.177 44.172 10.170
44.345 46.342 47.340 45.339 44.338 45.334 44.326 44.312 44.291 49.267 0.000 0.000 0.000 0.000 0.000 0.000 0.000 0.000 0.000 0.000 0.000 0.000 0.000 0.000 51.761 80.714 83.651 83.635 82.777 89.804 89.694 85.444 83.145 82.999 82.910 82.822 82.738 83.661 63.592 51.544 0.000 0.000 15.520 0.000 15.259 17.208 17.116 11.979 11.871 11.776 11.691 11.619 11.558 11.508 11.470 10.444 7.432 16.438 17.458 10.458 0.000 0.000 17.245 9.243 17.238 23.231 26.221 30.211 36.200 42.191 44.182 44.176 42.172 7.169
45.403 45.404 45.408 45.413 44.419 44.424 44.426 44.421 43.404 51.374 2.373 0.000 0.000 0.000 0.000 0.000 0.000 0.000 0.000 0.000 0.000 0.000 0.000 36.153 72.005 82.918 83.819 83.972 82.077 89.903 82.896 84.570 83.254 83.179 83.083 82.992 82.903 83.814 55.721 33.632 0.000 0.000 11.521 0.000 10.311 12.249 12.161 12.060 11.966 11.881 11.804 11.735 11.677 11.629 11.591 9.565 11.550 17.547 14.551 0.000 0.000 0.000 16.233 15.230 14.225 13.218 12.210 11.201 15.193 26.185 22.178 24.173 28.169 9.167
43.459 43.465 43.474 43.486 43.501 43.517 44.533 46.542 48.529 23.451 0.000 0.000 0.000 0.000 0.000 0.000 0.000 0.000 0.000 3.111 0.000 0.000 6.409 47.300 78.192 84.096 84.097 83.137 90.071 89.992 85.886 83.593 83.444 83.350 83.255 83.161 83.068 78.972 25.846 0.000 0.000 0.000 11.521 17.523 12.425 12.318 12.219 12.133 12.053 11.978 11.907 11.843 11.787 11.739 11.702 8.674 17.657 17.650 13.648 0.000 0.000 0.000 15.226 14.219 15.213 15.207 15.200 15.192 15.185 14.178 14.173 13.168 12.165 12.164
44.512 47.522 51.537 54.557 58.582 60.612 63.647 62.685 54.721 0.000 4.393 28.432 0.000 0.000 0.000 0.000 0.000 0.000 34.113 61.111 1.111 0.000 40.519 73.447 83.359 84.276 84.223 83.461 90.137 82.324 84.011 83.694 83.619 83.521 83.426 83.329 84.235 71.159 0.000 0.000 0.000 0.000 0.000 11.622 12.549 14.377 14.266 12.201 12.137 12.070 12.004 11.943 11.887 11.840 8.802 13.774 16.755 17.746 8.745 0.000 0.000 0.000 0.000 20.207 20.203 17.197 14.190 14.183 15.177 16.171 16.166 15.163 15.160 16.159
45.560 52.576 61.597 62.624 61.658 60.702 59.757 56.832 50.948 26.176 43.355 61.471 30.584 14.651 0.000 0.000 0.000 5.117 44.115 58.110 0.000 15.822 57.700 82.609 85.530 84.398 84.632 82.623 90.190 84.310 84.026 83.878 83.786 83.692 83.597 83.496 85.383 29.271 0.000 0.000 0.000 0.000 0.000 7.794 13.772 0.000 0.000 11.267 12.224 12.163 12.098 12.036 11.981 10.933 8.894 17.864 17.844 14.835 8.840 14.875 0.000 0.000 0.000 31.201 46.194 39.187 35.180 31.174 27.168 30.163 30.159 13.156 14.155 15.156
46.604 49.624 52.650 51.683 49.726 47.779 45.849 43.940 44.062 53.225 55.380 52.513 49.630 53.718 1.817 0.000 0.000 45.120 75.119 26.104 22.052 55.944 79.850 84.769 84.667 84.819 82.799 90.260 82.716 84.433 84.120 84.048 83.954 83.864 83.774 86.676 43.530 0.000 0.000 0.000 0.000 0.000 0.000 9.988 14.973 0.000 0.000 8.377 12.328 12.260 12.189 12.124 12.066 9.017 16.977 17.946 16.923 7.910 11.906 11.911 0.000 0.000 0.000 0.000 29.186 47.178 46.171 46.165 46.159 46.155 40.151 30.148 16.147 0.000
46.644 46.667 45.696 45.734 46.782 46.842 46.919 45.016 46.137 51.280 54.429 50.572 45.704 48.816 3.903 0.000 0.000 37.124 47.137 25.136 58.109 73.052 81.988 84.922 84.898 84.032 90.653 90.401 83.710 84.441 84.299 84.211 84.121 84.036 83.959 86.906 0.000 0.000 2.272 11.271 0.000 0.000 11.298 14.198 13.160 20.185 0.000 8.535 12.453 12.360 12.276 12.204 10.143 12.093 18.051 18.018 9.993 10.975 11.962 11.952 0.000 0.000 0.000 0.000 0.000 29.169 45.161 45.155 45.150 45.146 46.142 46.140 21.138 0.000
46.678 46.703 46.735 46.775 46.826 46.889 45.969 45.068 49.189 53.331 53.484 48.642 44.797 49.940 3.049 0.000 0.000 33.116 2.168 49.196 73.194 79.167 85.133 85.037 85.295 83.322 90.874 83.135 84.848 84.535 84.465 84.373 84.285 84.199 91.119 75.084 0.000 0.000 48.272 34.272 0.000 0.000 6.398 14.347 13.286 13.209 19.047 16.777 15.590 12.452 12.349 12.272 9.210 17.159 18.117 14.083 9.057 12.036 12.016 13.984 17.983 0.000 0.000 0.000 0.000 0.000 42.148 45.144 45.140 45.136 46.133 44.130 18.129 0.000
46.707 46.732 46.765 46.806 46.857 45.920 45.000 47.099 51.222 54.370 50.536 45.714 44.903 48.099 30.305 17.604 18.827 15.056 16.223 56.284 77.303 83.300 85.256 85.454 83.498 91.258 91.075 84.147 84.860 84.714 84.623 84.533 84.446 89.357 32.234 47.226 17.262 48.271 56.272 0.000 0.000 0.000 5.551 14.504 13.428 13.319 23.156 33.934 7.678 17.509 13.398 10.326 12.268 18.218 17.176 8.142 11.115 12.096 12.083 0.000 0.000 0.000 0.000 0.000 0.000 0.000 23.141 44.134 45.129 45.126 49.123 45.120 34.118 0.000
46.730 46.755 46.787 46.827 46.876 44.936 45.011 49.106 56.229 57.392 53.575 48.777 47.001 47.247 49.468 49.680 58.822 0.217 34.384 72.415 79.437 85.445 85.481 84.675 91.580 91.424 84.511 85.290 84.951 84.876 84.780 84.691 84.610 92.548 0.000 30.325 32.288 22.278 24.275 0.000 0.000 0.000 8.751 14.691 13.603 19.485 35.322 12.128 0.000 0.000 11.409 9.367 17.316 18.268 14.227 11.193 12.167 12.148 14.139 0.000 0.000 0.000 0.000 0.000 0.000 0.000 0.000 35.120 45.119 45.116 50.113 45.110 45.105 34.094
46.748 46.772 46.802 46.839 45.884 44.938 47.003 54.085 31.198 7.395 6.596 3.817 34.079 51.420 46.640 49.825 30.956 0.000 39.520 77.555 83.592 85.563 85.881 83.968 91.724 84.852 85.627 85.194 85.134 85.027 84.932 84.841 85.755 83.678 5.598 5.462 0.000 0.000 0.000 0.000 0.000 8.166 16.010 13.907 12.809 32.695 36.521 0.000 0.000 0.000 7.461 13.416 18.363 18.313 8.270 12.236 12.211 12.193 15.185 0.000 0.000 0.000 0.000 0.000 0.000 0.000 0.000 23.109 45.109 45.107 51.105 45.102 45.098 39.092
46.761 46.783 46.810 45.844 44.883 46.928 49.979 58.033 17.081 0.000 0.000 0.000 0.000 33.712 48.850 50.023 36.222 38.491 64.622 81.701 85.727 85.991 84.094 91.975 91.855 85.837 85.531 85.381 85.276 85.177 85.080 84.985 87.893 72.810 1.713 0.000 0.000 0.000 0.000 0.000 0.000 8.323 15.217 14.117 12.032 39.964 0.804 0.000 0.000 13.675 18.560 18.475 18.406 16.351 11.306 12.272 12.246 12.230 14.222 0.000 18.262 0.000 0.000 0.000 0.000 0.000 0.000 16.100 45.100 45.099 45.097 45.095 45.093 43.090
46.769 46.789 46.814 45.843 44.876 48.913 52.952 56.988 15.013 0.000 0.000 0.000 0.000 13.867 57.023 52.198 58.416 71.631 80.776 84.867 85.981 85.224 92.185 92.084 85.182 85.955 85.611 85.526 85.421 85.322 85.225 89.128 52.022 23.915 0.000 0.000 0.000 0.000 0.000 0.000 10.802 15.586 14.420 16.312 13.238 37.192 0.000 0.000 8.988 15.791 31.628 20.516 17.437 13.378 11.332 11.298 12.274 12.258 12.253 17.261 13.263 4.262 0.000 0.000 0.000 12.085 14.087 13.091 45.092 45.091 45.090 45.089 45.088 43.088
46.773 46.791 46.812 44.838 46.866 52.897 53.928 51.954 38.970 0.000 0.000 0.000 0.000 0.000 10.176 6.329 46.615 77.840 81.985 86.052 86.324 84.536 92.277 84.502 86.280 85.843 85.776 87.663 86.561 85.464 85.373 91.279 14.150 0.000 0.000 0.000 0.000 0.000 0.000 31.218 31.018 18.799 15.564 26.475 21.415 22.375 0.000 0.000 7.185 11.874 22.645 18.527 22.448 16.391 19.348 18.316 15.292 12.277 11.270 11.268 17.265 0.000 0.000 0.000 0.000 9.085 9.084 19.085 45.085 45.085 45.084 45.084 45.084 19.086
