results4_8e4_rain/res_4e8f-0236.wd
ncols         241
nrows         181
xllcorner     12693529.787448
yllcorner     3542525.717860
cellsize      155.156523
NODATA_value  -9999.000000
[rows 66 to 98 of 181, columns 146 to 218 of 241]
38.539 53.476 75.417 76.362 76.312 76.266 76.224 76.185 76.151 79.123 15.104 0.000 2.966 0.000 0.000 0.000 0.000 1.474 48.474 23.474 0.000 30.472 60.471 60.471 60.470 67.470 73.468 73.466 73.463 73.459 73.454 73.449 73.444 73.438 73.433 75.428 60.424 61.421 53.420 0.000 0.000 0.000 0.000 0.000 29.748 36.738 45.719 39.681 17.629 15.598 30.572 51.547 59.523 53.499 48.475 48.450 38.426 35.401 35.377 38.353 59.330 71.307 66.284 55.263 62.242 69.222 73.202 73.184 72.166 72.149 72.132 72.116 72.101
41.601 60.537 78.477 76.422 76.373 76.329 76.289 76.251 81.216 70.188 40.175 37.192 0.000 0.000 0.000 0.000 0.000 19.474 21.474 0.000 0.000 0.000 30.468 61.468 70.468 73.467 73.465 73.463 73.461 77.457 75.454 73.449 73.445 73.440 72.435 64.431 58.427 64.425 54.423 0.000 0.000 0.000 0.000 21.739 35.740 40.735 36.729 0.000 2.581 12.566 32.548 35.527 49.505 58.483 47.460 46.436 44.412 35.387 35.363 34.339 40.315 64.291 71.269 56.247 58.225 60.205 62.185 66.167 70.149 72.131 73.115 72.099 72.084
46.660 67.594 77.532 76.476 76.430 76.388 74.350 73.314 28.276 13.237 44.214 50.210 15.214 0.000 0.000 0.000 0.000 0.000 0.000 0.000 0.000 14.465 43.466 63.466 73.465 73.464 73.463 73.461 73.459 75.456 74.453 73.450 73.446 74.442 64.438 62.434 65.430 60.427 52.425 0.000 0.000 0.000 0.000 39.739 42.738 4.735 3.732 0.000 7.548 40.539 42.525 52.508 55.488 66.467 64.445 52.422 41.398 33.373 35.348 35.324 30.299 44.275 61.252 65.230 70.208 67.188 60.168 65.149 68.131 68.113 66.097 68.081 71.066
51.719 74.649 78.579 79.523 76.481 77.445 72.411 18.377 2.338 43.270 44.235 49.221 57.217 0.000 0.000 0.000 0.000 0.000 0.000 0.000 0.000 26.464 49.464 62.464 74.463 73.463 73.461 73.460 73.458 74.455 73.453 73.450 73.447 70.444 64.441 29.436 2.433 0.000 0.000 0.000 0.000 0.000 0.000 35.738 42.738 0.000 0.000 0.000 57.524 43.517 38.505 66.490 71.473 72.453 76.432 70.409 58.384 38.359 35.334 35.308 33.283 34.259 40.235 41.212 48.190 56.169 63.149 67.130 68.112 69.095 65.078 68.062 69.047
33.779 38.704 48.612 24.554 81.527 78.498 63.471 40.447 10.427 0.000 0.000 0.000 0.000 0.000 0.000 0.000 0.000 0.000 0.000 0.000 0.000 27.464 52.463 55.462 71.462 73.461 73.460 73.459 77.457 76.455 73.453 73.451 74.449 65.447 68.445 0.000 0.000 0.000 0.000 0.000 0.000 0.000 0.000 0.000 29.738 38.738 0.000 0.000 88.507 51.500 33.489 64.475 72.459 72.441 72.420 75.397 74.372 54.345 37.319 35.293 33.267 36.242 37.217 45.194 50.171 39.150 39.130 44.111 49.092 55.075 60.058 64.043 68.028
79.847 58.775 0.000 0.000 85.575 77.551 64.529 46.511 13.497 0.000 0.000 0.000 0.000 0.000 0.000 0.000 0.000 0.000 0.000 0.000 0.000 0.000 13.461 57.461 73.460 73.460 73.459 73.458 75.456 74.455 73.453 73.451 74.450 62.449 72.448 0.000 0.000 0.000 0.000 0.000 0.000 0.000 0.000 0.000 0.000 5.738 13.738 0.000 25.497 41.487 34.475 64.463 72.448 72.431 73.411 73.387 73.360 66.332 42.304 38.277 36.250 33.224 54.198 66.174 72.151 56.130 49.109 45.090 43.072 40.055 40.038 40.023 68.008
55.926 0.000 0.000 82.763 82.646 80.600 71.585 56.570 12.553 0.000 0.000 0.000 0.000 0.000 0.000 0.000 0.000 0.000 0.000 0.000 0.000 0.000 39.460 62.460 74.459 73.459 73.458 74.457 73.456 73.455 73.453 73.452 74.451 67.450 32.449 0.000 0.000 0.000 0.000 0.000 0.000 0.000 0.000 0.000 0.000 0.000 0.000 0.000 0.000 38.475 37.463 55.452 70.440 73.425 67.405 63.380 69.350 60.318 43.288 42.260 51.232 46.204 69.178 73.153 72.130 70.108 70.088 67.069 65.050 62.033 58.017 50.002 69.987
82.973 72.972 78.941 34.881 0.000 1.621 77.642 51.631 12.592 0.000 14.848 0.000 0.000 0.000 0.000 0.000 0.000 0.000 0.000 0.000 0.000 2.458 55.459 67.459 74.458 73.458 73.457 75.456 75.456 73.455 73.454 73.453 72.452 68.451 17.451 0.000 0.000 0.000 0.000 0.000 0.000 0.000 0.000 0.000 0.000 0.000 0.000 0.000 0.438 0.000 26.449 52.444 70.435 71.423 52.406 55.376 57.343 54.302 39.271 36.243 59.214 68.184 72.157 74.131 74.108 75.086 73.065 73.046 74.028 73.011 73.995 73.980 72.965
85.021 77.001 81.971 32.938 0.000 0.000 68.727 16.720 0.000 0.000 46.848 9.848 0.000 0.000 0.000 0.000 0.000 0.000 0.000 0.000 0.000 1.458 58.458 70.458 74.458 73.457 73.457 74.456 74.455 73.455 73.454 74.453 70.452 65.452 15.452 0.000 0.000 0.000 0.000 0.000 0.000 0.000 0.000 0.000 0.000 0.000 0.000 0.000 18.438 20.439 31.441 47.438 69.433 71.425 17.419 0.000 0.000 44.277 38.252 33.226 47.196 66.162 72.133 74.107 74.083 74.061 72.041 72.022 73.005 71.988 71.972 72.957 72.943
77.088 77.042 77.002 74.963 61.929 47.882 40.818 39.803 35.831 38.842 41.847 41.848 13.848 0.000 0.000 0.000 0.000 0.000 19.456 21.456 0.000 11.457 57.457 71.457 73.457 73.457 73.456 73.456 73.455 73.455 73.454 73.453 55.453 50.453 48.452 43.453 7.453 0.000 0.000 0.000 0.000 0.000 0.000 0.000 0.000 0.000 0.000 0.000 22.438 48.438 39.437 43.435 63.432 64.428 37.425 0.000 0.000 0.000 35.232 40.213 39.182 58.136 71.106 72.081 72.057 72.036 72.016 71.997 71.980 71.964 71.949 71.934 71.920
77.129 77.079 77.030 75.984 72.942 74.900 48.861 27.844 65.846 38.849 42.851 18.850 0.000 0.000 0.000 0.000 0.000 0.000 19.456 65.456 14.456 2.457 56.457 70.457 74.457 73.456 75.456 76.455 74.455 73.454 73.454 71.454 64.453 55.453 56.453 55.453 8.453 0.000 0.000 0.000 0.000 0.000 0.000 0.000 0.000 0.000 0.000 0.000 16.437 51.437 43.436 50.434 65.432 60.429 66.428 0.000 0.000 0.000 0.000 0.000 0.000 48.094 71.075 72.052 72.029 72.008 71.989 71.971 71.955 71.939 71.924 71.910 71.897
77.166 77.114 78.055 80.001 76.954 76.913 75.883 76.866 67.860 45.858 17.858 0.000 0.000 0.000 0.000 0.000 0.000 0.000 6.456 58.456 45.456 35.456 51.456 73.456 73.456 73.456 73.456 73.455 73.455 73.454 73.454 73.454 71.453 50.453 54.453 61.453 4.453 0.000 0.000 0.000 0.000 0.000 0.000 0.000 0.000 0.000 0.000 0.000 12.437 63.436 7.435 30.434 53.432 60.430 21.429 0.000 0.000 0.000 0.000 0.000 0.000 2.070 60.047 73.023 72.000 71.979 71.960 71.944 71.928 71.913 71.899 71.886 71.872
80.207 76.157 73.075 75.012 77.961 77.916 79.891 76.876 74.869 61.865 10.864 0.000 0.000 0.000 0.000 0.000 0.000 0.000 0.000 14.456 49.456 41.456 57.456 75.456 73.456 73.456 73.455 73.455 73.455 73.454 73.454 73.454 74.454 63.453 50.453 54.453 60.453 2.453 0.000 0.000 0.000 0.000 0.000 0.000 0.000 0.000 0.000 0.000 0.000 8.436 0.000 0.000 38.431 57.431 0.000 0.000 0.000 0.000 0.000 0.000 0.000 0.000 48.020 68.993 71.968 71.948 71.930 71.915 71.901 71.887 71.874 71.861 71.848
73.254 34.231 0.000 0.000 0.000 69.898 74.889 80.880 76.874 65.871 15.869 0.000 49.875 19.875 0.000 0.000 0.000 0.000 0.000 0.000 41.456 45.456 66.456 74.456 75.456 76.455 73.455 73.455 73.455 73.454 73.454 73.454 73.454 74.453 53.453 35.453 44.453 5.453 0.000 0.000 0.000 0.000 0.000 0.000 0.000 0.000 0.000 0.000 0.000 0.000 0.000 0.000 27.431 60.431 0.000 0.000 0.000 0.000 0.000 0.000 0.000 0.000 0.000 48.962 68.931 71.913 71.898 71.885 71.873 71.860 71.848 71.835 71.823
68.295 25.282 0.000 0.000 44.891 42.891 59.886 78.881 75.877 60.874 41.873 45.874 49.875 15.875 0.000 0.000 0.000 0.000 12.455 0.000 42.456 53.456 73.456 73.456 76.455 76.455 73.455 73.455 73.455 73.454 73.454 73.454 73.454 74.453 70.453 65.453 54.453 34.453 28.453 0.000 0.000 0.000 0.000 0.000 0.000 0.000 0.000 0.000 0.000 0.000 0.000 0.000 29.431 21.431 0.000 0.000 0.000 0.000 0.000 0.000 0.000 0.000 0.000 0.000 53.882 69.874 71.865 71.855 71.845 71.834 71.822 71.810 71.798
74.327 55.320 27.327 0.000 0.000 44.887 44.884 66.880 78.878 56.876 43.875 48.875 26.875 0.000 0.000 0.000 0.000 0.000 41.455 34.455 39.456 56.456 75.456 75.455 76.455 73.455 73.455 73.455 73.455 73.454 73.454 73.454 73.454 73.454 73.453 75.453 64.453 52.453 41.453 42.453 35.453 26.453 31.453 0.000 0.000 0.000 0.000 0.000 0.000 0.000 0.000 0.000 32.431 7.431 0.000 0.000 0.000 0.000 0.000 0.000 0.000 0.000 0.000 0.000 38.841 66.837 70.832 71.825 71.817 71.808 71.797 71.786 71.773
77.351 68.343 21.335 0.000 0.000 0.000 43.882 48.880 75.878 63.877 44.876 47.875 22.875 0.000 0.000 0.000 0.000 0.000 44.455 37.455 40.455 58.455 77.455 76.455 74.455 74.455 73.455 73.455 73.455 73.454 73.454 74.454 74.454 74.454 68.453 59.453 63.453 70.453 63.453 61.453 49.453 36.453 43.453 1.453 0.000 0.000 0.000 0.000 0.000 0.000 0.000 0.000 0.000 0.000 0.000 0.000 0.000 0.000 0.000 0.000 0.000 0.000 0.000 0.000 30.803 61.802 71.800 73.796 73.790 73.783 72.773 71.762 71.748
77.370 52.365 0.000 0.000 0.000 0.000 0.000 50.878 63.878 57.877 56.876 53.876 43.876 21.876 0.000 0.000 0.000 0.000 43.455 36.455 41.455 56.455 68.455 65.455 60.455 62.455 67.455 72.455 74.454 74.454 72.454 62.454 60.454 65.454 54.453 51.453 51.453 62.453 66.453 61.453 47.453 36.453 8.453 0.000 0.000 0.000 0.000 0.000 0.000 0.000 0.000 0.000 0.000 0.000 0.000 0.000 0.000 0.000 0.000 0.000 1.666 0.000 0.000 0.000 18.766 43.769 49.770 51.769 51.766 52.760 61.752 70.740 71.725
76.386 42.382 0.000 0.000 0.000 0.000 0.000 45.878 39.877 38.877 46.876 46.876 46.876 42.876 15.876 0.000 0.000 0.000 48.455 43.455 48.455 58.455 61.455 64.455 22.455 0.000 0.000 13.455 74.454 71.454 60.454 15.454 0.000 0.000 53.453 85.453 78.453 57.453 63.453 57.453 46.453 31.453 34.453 0.000 0.000 0.000 0.000 0.000 0.000 0.000 0.000 0.000 0.000 0.000 0.000 0.000 0.000 0.000 14.666 4.666 22.666 43.671 54.681 53.698 71.726 79.737 80.743 78.744 80.744 67.740 50.733 68.722 71.703
74.398 39.395 0.000 0.000 0.000 0.000 0.000 45.878 41.877 20.877 0.000 0.000 0.876 0.000 0.000 0.000 0.000 0.000 54.455 48.455 43.455 39.455 25.455 0.000 0.000 0.000 0.000 0.000 0.000 0.000 47.454 9.454 0.000 0.000 0.000 48.453 81.453 41.453 42.453 41.453 37.453 40.453 87.453 46.453 0.000 0.000 5.452 0.000 0.000 0.000 0.000 0.000 0.000 0.000 0.000 0.000 13.637 4.637 0.000 0.000 8.661 90.666 86.674 68.687 69.702 66.712 67.719 89.722 82.724 68.723 48.720 57.710 56.687
60.406 41.405 35.408 0.000 0.000 0.000 0.000 0.000 43.877 27.877 0.000 0.000 0.000 0.000 0.000 0.000 0.000 0.000 54.455 54.455 55.455 38.455 13.455 0.000 0.000 0.000 0.000 0.000 0.000 0.000 43.454 20.454 0.000 0.000 0.000 47.453 96.453 60.453 63.453 58.453 43.453 61.453 115.453 112.453 43.453 0.452 27.452 24.452 0.000 0.000 0.000 0.000 0.000 0.000 0.000 0.000 3.637 21.637 11.639 9.643 18.651 93.657 60.664 68.673 59.683 40.691 51.697 94.702 60.706 47.709 54.714 8.712 0.000
44.412 44.411 30.411 0.000 0.000 0.000 0.000 0.000 0.000 0.000 0.000 0.000 0.000 0.000 0.000 0.000 0.000 0.000 57.455 48.455 42.455 40.455 14.455 0.000 0.000 0.000 0.000 0.000 0.000 40.454 33.454 58.454 54.454 0.000 6.453 53.453 59.453 51.453 94.453 83.453 54.453 7.453 71.453 126.453 10.453 0.000 5.452 0.000 0.000 0.000 0.000 0.000 22.636 19.636 14.636 3.636 72.636 110.636 101.637 97.639 44.643 88.647 56.652 45.658 92.665 73.672 93.678 74.684 44.689 52.694 0.000 0.000 0.000
47.417 48.415 40.414 0.000 0.000 0.000 0.000 0.000 0.000 0.000 0.000 0.000 0.000 0.000 0.000 0.000 0.000 0.000 11.455 52.455 42.455 20.455 0.000 0.000 0.000 0.000 0.000 0.000 0.000 42.454 39.454 15.454 0.000 0.000 0.000 27.453 6.453 0.000 7.453 49.453 5.453 0.000 27.453 93.453 48.453 0.453 0.000 0.000 0.000 0.000 0.000 0.000 0.000 4.636 0.000 0.000 28.636 8.635 72.633 76.633 27.634 88.636 65.638 38.642 56.647 106.653 120.659 54.665 42.672 9.683 0.000 0.000 18.482
46.420 47.418 47.417 51.417 43.417 0.000 0.000 0.000 0.000 0.000 0.000 0.000 0.000 0.000 0.000 0.000 0.000 0.000 0.000 42.455 38.455 22.455 0.000 0.000 0.000 0.000 0.000 0.000 43.454 40.454 17.454 0.000 0.000 0.000 0.000 1.453 0.000 0.000 0.000 53.453 2.453 0.000 27.453 0.000 0.000 0.000 0.000 0.000 0.000 0.000 0.000 0.000 0.000 13.636 7.636 9.636 2.636 0.000 48.627 67.626 26.625 90.624 70.624 40.626 89.629 92.634 87.639 95.646 59.652 0.000 0.000 1.448 32.461
48.422 26.419 37.418 46.417 46.417 46.417 45.417 0.000 0.000 0.000 0.000 0.000 0.000 0.000 0.000 0.000 0.000 0.000 0.000 44.455 40.455 24.455 0.000 0.000 0.000 0.000 0.000 0.000 0.000 46.454 18.454 0.000 0.000 0.000 0.000 0.000 0.000 5.453 17.453 40.453 44.453 21.453 0.000 0.000 0.000 0.000 0.000 0.000 0.000 0.000 0.000 0.000 0.000 2.636 0.636 6.636 0.000 0.000 51.622 71.620 31.616 91.610 76.608 90.608 90.610 49.613 42.619 87.626 36.639 0.000 0.423 33.434 41.441
53.426 0.000 0.000 43.417 32.417 0.000 45.417 35.417 0.000 0.000 0.000 0.000 0.000 0.000 0.000 0.000 0.000 0.000 0.000 43.455 40.455 28.455 0.000 0.000 0.000 0.000 0.000 0.000 0.000 0.000 0.000 0.000 0.000 0.000 0.000 0.000 0.000 0.000 56.453 73.453 34.453 0.000 0.000 0.000 0.000 0.000 0.000 0.000 0.000 0.000 0.000 0.000 0.000 0.000 0.000 11.636 0.000 0.000 86.619 72.616 33.609 91.594 88.589 80.588 72.589 58.592 59.596 28.600 0.000 0.000 17.411 36.418 43.422
50.427 0.000 0.000 30.417 22.417 0.000 0.000 0.000 0.000 54.429 50.429 41.429 0.000 0.000 0.000 0.000 0.000 0.000 0.000 47.455 43.455 25.455 0.000 0.000 0.000 0.000 0.000 0.000 0.000 0.000 0.000 0.000 0.000 0.000 0.000 0.000 0.000 0.000 19.453 103.453 69.453 0.452 0.000 0.000 0.000 0.000 0.000 0.000 0.000 0.000 0.000 0.000 0.000 0.000 0.000 0.000 0.000 0.000 18.619 0.000 0.000 65.568 106.566 85.566 84.566 82.569 85.573 33.579 0.000 0.000 21.403 35.405 36.406
66.429 0.000 0.000 0.000 0.000 52.429 39.429 0.000 50.429 44.429 44.429 36.429 0.000 0.000 0.000 0.000 0.000 0.000 0.000 47.455 42.455 30.455 0.000 0.000 0.000 0.000 0.000 0.000 0.000 0.000 0.000 0.000 0.000 0.000 0.000 0.000 0.000 0.000 0.000 47.453 39.452 10.452 0.000 0.000 0.000 0.000 0.000 0.000 0.000 0.000 0.000 0.000 0.000 0.000 0.000 0.000 0.000 0.000 0.000 0.000 0.000 12.543 48.543 49.542 47.542 47.544 44.548 40.564 0.000 0.000 14.393 35.392 33.391
77.429 66.429 48.429 49.429 48.429 42.429 43.429 44.429 42.429 47.429 46.429 37.429 34.429 0.000 0.000 0.000 0.000 0.000 0.000 34.455 0.000 0.000 0.000 0.000 0.000 0.000 0.000 0.000 0.000 0.000 0.000 0.000 0.000 0.000 0.000 0.000 0.000 0.000 0.000 0.452 46.452 9.452 0.000 0.000 0.000 0.000 0.000 0.000 0.000 0.000 0.000 0.000 0.000 0.000 0.000 0.000 0.000 0.000 0.000 0.000 0.000 3.519 36.519 35.519 35.517 51.515 46.513 0.000 0.000 0.000 7.383 48.381 60.377
77.430 71.429 41.429 41.429 41.429 24.429 25.429 29.429 39.429 48.429 45.429 37.429 40.429 29.429 0.000 0.000 0.000 0.000 0.000 0.000 0.000 0.000 0.000 0.000 0.000 0.000 0.000 0.000 0.000 0.000 0.000 0.000 0.000 0.000 0.000 0.000 0.000 0.000 0.000 0.000 3.452 49.452 8.452 0.000 0.000 0.000 0.000 0.000 0.000 0.000 0.000 0.000 0.000 0.000 0.000 0.000 0.000 0.000 0.000 0.000 28.483 31.494 35.496 35.496 37.493 56.487 46.476 29.454 0.000 0.000 43.376 64.371 71.365
77.430 75.430 45.429 42.429 22.429 0.000 0.000 0.000 0.000 39.429 42.429 40.429 33.429 0.000 0.000 0.000 0.000 0.000 0.000 0.000 0.000 0.000 0.000 0.000 0.000 0.000 0.000 0.000 0.000 0.000 0.000 0.000 0.000 0.000 0.000 0.000 0.000 0.000 0.000 0.000 1.452 52.452 14.452 0.000 0.000 0.000 0.000 0.000 0.000 0.000 0.000 0.000 0.000 0.000 0.000 0.000 0.000 0.000 0.000 0.464 39.473 36.476 35.477 31.475 44.471 61.463 45.451 34.431 29.405 29.387 53.374 70.364 71.354
77.430 75.430 28.429 32.429 0.000 0.000 0.000 0.000 0.000 0.000 30.429 43.429 35.429 0.000 0.000 0.000 0.000 0.000 0.000 0.000 0.000 0.000 0.000 0.000 0.000 0.000 0.000 0.000 0.000 0.000 0.000 0.000 0.000 0.000 0.000 0.000 0.000 0.000 0.000 0.000 0.000 1.452 20.452 0.000 0.000 0.000 0.000 0.000 0.000 0.000 0.000 0.000 8.441 16.441 0.000 0.000 0.000 0.000 0.000 33.454 31.460 30.462 35.461 49.458 62.452 52.444 36.432 34.416 36.398 33.382 54.368 72.356 71.344
77.430 51.430 0.000 0.000 0.000 0.000 0.000 0.000 0.000 0.000 0.000 33.429 40.429 38.429 0.000 0.000 0.000 0.000 0.000 0.000 0.000 0.000 0.000 0.000 0.000 0.000 0.000 0.000 0.000 0.000 0.000 0.000 0.000 0.000 0.000 0.000 0.000 0.000 0.000 0.000 0.000 0.000 0.000 0.000 0.000 0.000 0.000 0.000 0.000 0.000 0.000 0.000 0.000 9.441 11.441 0.000 38.442 30.443 28.444 40.448 54.450 59.450 61.447 61.443 47.436 35.428 34.417 34.403 33.389 35.374 58.360 73.347 71.334
