results4_8e4_rain/res_4e8f-0110.wd
ncols         241
nrows         181
xllcorner     12693529.787448
yllcorner     3542525.717860
cellsize      155.156523
NODATA_value  -9999.000000
[rows 99 to 131 of 181, columns 0 to 72 of 241]
0.000 0.000 0.000 0.000 0.000 59.114 99.114 101.114 92.114 87.114 0.000 0.000 0.000 0.000 0.000 1.097 0.106 67.111 64.111 0.000 0.000 0.108 3.109 62.109 61.108 2.108 0.000 0.000 0.000 8.520 0.000 0.000 0.000 0.000 14.377 60.374 56.364 55.346 56.321 57.294 70.264 59.231 63.195 55.155 57.112 55.066 56.016 60.963 61.908 59.851 63.791 56.731 56.668 58.604 61.537 75.465 76.404 61.354 47.309 0.000 0.000 0.000 0.000 0.000 25.183 80.179 77.168 64.150 39.128 34.106 78.085 55.064 57.045
0.000 0.000 0.000 0.000 0.000 60.115 100.115 100.115 0.000 0.000 0.000 0.000 0.000 0.000 0.000 0.100 12.111 78.111 67.111 5.111 2.111 2.110 65.110 64.109 68.109 0.000 0.000 0.000 0.000 66.520 58.520 0.000 0.000 0.000 73.421 83.416 69.407 62.393 56.374 58.350 77.323 62.292 68.257 68.218 59.175 74.129 66.078 67.025 56.969 64.910 64.850 62.788 56.724 57.660 61.592 58.496 20.431 10.392 0.000 0.000 0.000 0.000 0.000 28.182 65.181 77.177 84.169 74.157 50.142 51.125 65.109 56.092 57.075
5.118 0.000 0.000 0.000 0.000 47.115 96.115 105.115 15.116 0.000 0.000 0.000 0.000 0.000 0.000 0.000 1.112 85.112 66.112 67.111 69.111 66.110 63.110 64.109 62.109 0.106 0.000 0.000 0.000 59.520 59.520 60.518 59.511 59.497 58.471 68.462 77.455 24.445 88.431 78.411 83.387 68.357 13.323 84.285 82.242 81.195 85.144 74.090 57.032 59.972 64.910 64.846 61.781 57.718 46.676 0.000 0.000 0.000 0.000 0.000 0.000 0.000 0.000 38.182 65.183 65.180 76.175 75.167 58.157 58.145 57.133 57.120 57.106
73.118 76.118 8.118 0.000 0.000 57.116 96.116 101.116 111.116 16.116 0.000 0.000 0.000 0.000 7.113 7.113 5.113 22.112 70.112 67.112 85.111 99.111 74.110 59.110 0.000 0.000 0.000 0.000 0.000 0.000 58.522 59.524 59.517 59.509 59.503 58.507 58.507 57.502 58.492 63.477 75.455 69.427 12.394 84.356 85.313 63.265 70.214 87.158 81.098 68.035 57.971 63.906 64.837 67.757 52.716 0.000 0.000 0.000 0.000 0.000 0.000 0.000 0.000 0.184 16.187 62.186 59.183 59.179 57.173 57.166 57.158 57.148 57.138
87.118 70.118 70.118 72.117 74.117 93.117 101.116 101.116 101.116 103.116 77.116 16.116 0.000 65.114 72.114 73.113 35.113 30.113 93.112 101.112 96.112 92.111 75.111 0.000 0.000 0.000 0.000 0.000 0.000 0.000 0.000 59.538 58.525 57.520 58.526 59.555 59.564 59.565 59.560 60.548 79.529 74.503 57.470 59.431 70.388 81.340 58.287 70.230 71.167 64.100 84.034 66.969 58.903 0.000 0.000 0.000 0.000 0.000 0.000 0.000 0.000 0.000 0.000 0.000 8.193 62.193 57.193 57.192 57.191 57.188 57.184 55.179 53.171
102.118 92.118 73.118 77.117 95.117 101.117 101.117 101.117 101.116 96.116 68.116 74.116 2.115 56.114 91.114 99.114 99.113 83.113 98.113 105.113 15.112 0.000 0.000 0.000 0.000 0.000 0.000 0.000 0.000 0.000 0.000 59.564 0.000 0.000 0.000 60.623 59.628 59.633 59.634 60.627 76.611 81.585 58.552 59.512 59.468 77.419 78.366 56.308 64.241 83.163 75.096 53.032 0.000 0.000 0.000 0.000 0.000 0.000 0.000 0.000 0.000 0.000 0.000 0.000 5.200 62.201 57.203 57.206 57.210 56.212 55.212 60.211 61.207
102.118 102.118 97.118 100.118 101.118 101.117 101.117 101.117 101.117 97.117 72.116 89.116 0.000 0.000 69.114 93.114 101.114 102.114 101.113 106.113 9.113 0.000 0.000 0.000 0.000 0.000 0.000 0.000 0.000 0.000 0.000 59.591 0.000 0.000 61.692 59.685 59.694 59.706 59.715 59.715 76.701 81.676 58.640 59.598 59.551 60.502 81.450 75.394 82.326 72.215 53.155 0.000 0.000 0.000 0.000 0.000 0.000 0.000 0.000 0.000 0.000 0.000 0.000 0.000 60.205 57.207 57.212 57.220 57.231 56.238 58.242 62.245 63.245
100.118 101.118 101.118 101.118 101.118 101.118 101.118 101.117 101.117 102.117 97.117 104.116 28.116 7.116 57.115 76.115 99.114 101.114 102.114 90.113 4.113 0.000 0.000 0.000 0.000 0.000 0.000 0.000 0.000 0.000 0.000 53.618 58.645 58.671 57.698 59.732 59.755 59.782 59.807 59.816 76.804 81.776 58.735 59.688 59.638 59.587 64.538 87.492 67.455 0.000 0.000 0.000 0.000 0.000 0.000 0.000 0.000 0.000 0.000 0.000 0.000 0.000 0.000 0.000 13.208 64.211 60.218 61.231 59.255 55.267 62.274 63.281 61.287
97.119 102.119 101.119 101.118 101.118 101.118 101.118 101.118 101.118 101.117 102.117 95.117 79.116 70.116 64.115 91.115 101.115 101.114 106.114 9.114 0.000 0.000 0.000 0.000 0.000 0.000 0.000 0.000 0.000 0.000 0.000 0.000 0.000 0.000 0.000 59.789 59.814 59.859 59.916 59.936 75.924 82.888 59.838 59.781 59.725 59.672 59.624 65.580 18.546 0.000 0.000 0.000 0.000 0.000 0.000 0.000 0.000 0.000 0.000 0.000 0.000 0.000 0.000 0.000 0.000 1.211 0.000 0.000 5.293 64.299 62.308 63.318 60.331
97.119 102.119 101.119 101.119 101.119 101.119 101.118 101.118 101.118 101.118 102.117 87.117 66.117 65.116 74.116 98.115 101.115 101.115 107.115 12.115 3.115 0.000 0.000 0.000 0.000 0.000 0.000 0.000 0.000 0.000 0.000 0.000 0.000 0.000 0.000 55.821 59.853 56.924 60.061 60.090 79.068 83.015 59.946 59.874 59.809 59.752 59.704 56.660 6.603 0.000 0.000 0.000 0.000 0.000 0.000 0.000 0.000 0.000 0.000 0.000 0.000 56.372 0.000 0.000 0.000 0.000 0.000 0.000 60.324 61.329 63.339 63.354 60.375
100.120 101.120 101.120 101.119 101.119 101.119 101.119 101.119 101.118 101.118 101.118 98.117 75.117 76.117 93.116 100.116 101.116 101.115 108.115 25.115 0.000 0.000 0.000 0.000 0.000 0.000 0.000 0.000 0.000 0.000 0.000 0.000 0.000 0.000 0.000 0.000 55.853 0.000 59.313 60.295 88.242 75.157 60.056 59.961 59.883 72.823 62.780 57.754 0.000 0.000 0.000 0.000 0.000 0.000 0.000 0.000 0.000 0.000 0.000 0.000 8.372 67.372 52.372 0.000 0.000 0.000 0.000 61.359 64.350 63.353 60.364 56.383 56.412
101.120 101.120 101.120 101.120 101.120 101.120 101.120 101.119 101.119 101.119 101.118 101.118 103.117 103.117 102.117 101.116 101.116 103.116 92.115 35.115 0.000 0.000 0.000 0.000 0.000 0.000 0.000 0.000 0.000 0.000 0.000 0.000 0.000 0.000 0.000 0.000 0.000 0.000 59.583 60.536 94.447 63.317 60.161 60.031 71.940 80.878 59.838 59.822 58.839 0.000 0.000 0.000 0.000 0.000 0.000 0.000 0.000 0.000 0.000 0.000 0.000 63.372 64.373 51.373 0.000 57.372 59.370 63.367 62.366 60.370 59.382 55.403 63.436
100.121 99.121 101.121 101.121 101.121 101.120 101.120 101.120 101.120 101.119 101.119 101.118 101.118 101.117 101.117 101.117 102.116 85.116 13.116 4.116 62.116 76.116 22.116 0.000 0.000 3.115 0.000 0.000 0.000 0.000 0.000 0.000 0.000 0.000 0.000 1.744 1.726 0.000 55.900 66.820 89.693 60.501 57.242 60.063 59.968 59.909 59.874 59.857 59.856 56.856 0.000 0.000 0.000 0.000 0.000 0.000 0.000 0.000 0.000 0.000 0.000 58.372 54.373 60.373 55.373 63.373 63.373 62.373 58.375 61.381 56.392 55.409 55.438
90.121 90.121 99.121 101.121 101.121 101.121 101.121 101.121 101.120 101.120 101.120 102.119 103.118 101.118 101.117 101.117 101.116 23.116 7.116 62.116 72.116 82.116 81.115 74.115 66.115 7.115 0.000 0.000 0.000 0.000 0.000 0.000 0.000 0.000 1.778 60.761 63.709 63.568 60.298 59.150 68.003 55.752 0.000 56.010 59.958 59.918 59.891 59.876 58.871 0.000 0.000 0.000 0.000 0.000 0.000 0.000 60.371 71.371 0.000 0.000 59.372 57.372 57.373 54.373 62.374 63.374 63.375 60.377 63.380 63.386 61.394 56.405 45.416
72.122 77.122 96.122 102.122 101.122 101.122 101.122 101.122 101.121 101.121 103.120 89.120 85.119 100.118 105.117 102.117 97.117 79.116 82.116 88.116 82.116 83.116 62.116 55.115 1.115 0.000 0.000 0.000 0.000 0.000 0.000 0.000 0.000 0.000 51.795 57.813 60.780 60.697 60.573 60.481 62.418 0.000 0.000 0.000 54.936 59.914 59.897 59.886 59.881 0.000 0.000 0.000 0.000 0.000 0.000 20.371 77.371 59.371 57.372 57.372 57.372 57.372 55.373 60.373 63.374 63.375 59.377 63.379 63.383 62.388 56.394 57.400 47.406
56.122 71.123 90.123 103.123 104.123 104.123 102.123 101.123 102.122 101.122 102.121 40.121 11.119 59.118 77.118 98.117 105.117 103.117 103.117 89.116 12.116 0.000 0.000 0.000 0.000 0.000 0.000 0.000 0.000 6.767 8.767 0.000 0.000 0.000 0.000 56.915 60.903 58.867 59.817 61.781 62.770 0.000 0.000 0.000 0.000 52.906 59.897 59.890 56.886 0.000 0.000 0.000 0.000 0.000 0.000 0.000 19.371 73.371 56.372 56.372 57.372 56.372 56.373 62.373 63.374 61.376 49.378 2.381 67.385 61.389 61.394 61.397 47.400
20.123 42.123 75.124 81.124 75.124 77.124 94.124 102.124 98.123 91.123 90.122 25.122 0.000 0.000 0.000 35.117 70.117 96.117 103.117 0.115 0.000 0.000 0.000 0.000 0.000 0.000 0.000 0.000 0.000 48.767 69.767 14.767 0.000 0.000 0.000 57.029 63.049 62.051 71.046 72.056 62.112 7.278 0.000 0.000 0.000 0.000 56.895 57.892 0.000 0.000 0.000 0.000 0.000 0.000 0.000 0.000 0.000 78.372 81.372 61.372 55.372 53.372 63.373 63.373 58.374 0.000 0.000 0.000 8.388 66.391 63.393 63.396 53.397
0.000 0.000 56.126 65.126 17.126 3.125 66.125 95.125 86.124 82.124 96.124 63.123 23.124 0.000 0.000 0.000 0.000 41.117 72.118 0.000 0.000 0.000 0.000 0.000 0.000 0.000 0.000 0.000 0.000 0.000 53.767 71.767 2.767 0.000 0.000 48.122 62.215 60.243 90.259 83.286 61.344 63.444 9.553 0.000 0.000 0.000 51.895 0.000 0.000 0.000 0.000 0.000 0.000 0.000 0.000 0.000 0.000 0.000 66.372 83.372 68.372 62.372 63.372 58.373 0.000 0.000 0.000 0.000 0.000 58.392 63.393 63.395 58.396
0.000 0.000 52.128 97.128 54.127 3.127 55.126 87.126 89.125 100.125 102.124 105.124 111.124 50.124 19.123 0.000 0.000 0.000 12.119 7.119 0.000 0.116 0.000 0.000 0.000 0.000 0.000 0.000 0.000 0.000 54.767 69.767 0.000 6.768 10.768 0.000 55.445 63.448 93.459 75.486 63.533 62.600 67.663 0.000 0.000 0.000 0.000 0.000 0.000 0.000 0.000 0.000 0.000 0.000 0.000 0.000 0.000 0.000 0.000 4.372 71.372 61.372 59.372 0.000 0.000 0.000 0.000 0.000 57.392 56.393 58.393 52.394 0.000
25.132 40.131 74.130 92.129 100.129 69.128 82.128 105.127 102.126 101.126 101.125 101.125 101.124 107.124 110.123 66.122 25.121 7.121 70.120 84.119 77.119 79.119 35.119 11.119 8.119 0.000 0.000 0.000 0.000 0.000 33.767 55.767 61.768 61.768 64.768 23.769 56.673 85.644 87.645 64.665 62.704 62.760 65.835 10.958 6.011 0.000 0.000 0.000 0.000 0.000 0.000 0.000 0.000 0.000 0.000 0.000 0.000 0.000 0.000 0.000 0.000 0.000 5.372 0.000 0.000 0.000 0.000 59.392 54.392 52.392 0.000 0.000 0.000
98.133 101.132 101.132 99.131 97.130 98.130 100.129 100.128 101.128 102.127 102.126 101.126 94.125 98.124 101.123 105.122 109.121 110.121 102.120 98.119 95.119 90.119 92.119 85.119 41.119 19.119 0.000 0.000 0.000 0.000 0.000 0.000 0.000 0.000 0.000 80.866 69.832 98.812 89.810 76.826 63.857 62.902 62.960 67.027 63.065 0.000 0.000 0.000 0.000 0.000 0.000 0.000 0.000 0.000 0.000 0.000 0.000 0.000 0.000 0.000 0.000 0.000 0.000 0.000 0.000 0.000 0.000 0.000 0.000 0.000 0.000 0.000 0.000
101.134 96.133 94.133 93.132 87.132 84.131 85.130 85.130 91.129 96.128 96.127 89.126 73.125 88.124 101.123 101.122 101.121 101.121 101.120 101.119 102.119 102.119 105.119 106.119 106.119 106.119 45.118 0.000 0.000 0.000 0.000 0.000 0.000 0.000 0.000 52.997 78.978 83.962 67.959 84.970 72.995 63.031 63.076 66.123 9.158 0.000 0.000 0.000 0.000 0.000 0.000 0.000 0.000 0.000 0.000 0.000 0.000 0.000 0.000 0.000 0.000 0.000 0.000 0.000 0.000 0.000 0.000 0.000 0.000 0.000 0.000 0.000 0.000
71.135 44.135 66.135 80.134 78.133 58.133 43.132 39.131 59.130 76.129 75.128 68.127 63.126 73.125 94.124 102.122 101.121 101.121 101.120 101.119 101.119 105.119 80.119 68.119 67.119 71.118 74.118 13.118 2.118 0.000 0.000 0.000 0.000 0.000 0.000 51.146 87.122 70.100 62.094 72.102 83.122 67.152 63.189 63.233 69.285 13.375 7.417 0.000 0.000 0.000 0.000 0.000 0.000 0.000 0.000 0.000 0.000 0.000 0.000 0.000 0.000 0.000 0.000 0.000 0.000 0.000 0.000 0.000 0.000 0.000 0.000 0.000 0.000
61.137 32.137 54.136 69.136 65.135 42.134 28.134 32.133 52.131 66.130 64.129 64.128 65.127 63.125 82.124 99.122 101.121 101.120 101.119 101.119 100.119 63.119 0.000 0.000 0.000 0.000 0.000 0.000 0.000 57.488 77.488 29.487 15.484 11.472 58.426 75.319 92.263 69.221 63.214 61.221 78.239 80.265 66.297 63.333 63.375 66.424 75.458 13.487 8.494 0.000 0.000 0.000 0.000 0.000 0.000 0.000 0.000 0.000 0.000 0.000 0.000 0.000 0.000 0.000 0.000 0.000 0.000 0.000 0.000 0.000 0.000 0.000 0.000
74.139 70.139 65.138 64.138 65.137 67.136 68.135 71.134 70.133 66.132 65.130 65.129 65.127 64.126 71.124 93.122 102.121 101.120 103.119 75.118 41.119 0.000 0.000 0.000 0.000 0.000 0.000 0.000 0.000 22.489 44.489 47.490 51.493 65.506 62.487 83.440 80.390 54.310 61.318 63.330 65.348 78.372 70.399 65.428 63.459 62.487 79.505 70.508 64.501 0.000 0.000 0.000 0.000 0.000 0.000 0.000 0.000 0.000 0.000 0.000 0.000 0.000 0.000 0.000 0.000 0.000 0.000 0.000 0.000 0.000 0.000 0.000 0.000
64.141 65.141 65.140 65.140 65.139 65.138 65.137 65.136 65.135 65.133 65.132 65.130 65.128 65.126 63.124 84.122 101.120 103.119 99.118 25.117 0.000 0.000 0.000 0.000 0.000 0.000 0.000 0.000 0.000 0.000 0.000 0.000 0.000 49.571 66.577 92.564 66.547 0.000 49.419 64.433 62.453 66.475 67.499 76.523 65.545 63.562 62.565 58.541 0.000 0.000 0.000 0.000 0.000 0.000 0.000 0.000 0.000 0.000 0.000 0.000 0.000 0.000 0.000 0.000 0.000 0.000 0.000 0.000 0.000 0.000 0.000 0.000 23.480
65.143 65.143 65.143 65.142 65.141 65.140 65.139 64.138 64.136 65.135 65.133 65.131 65.129 65.127 64.124 72.122 87.120 98.118 86.116 12.115 0.000 0.000 0.000 0.000 0.000 0.000 0.000 0.000 0.000 0.000 0.000 0.000 0.000 26.629 75.688 100.693 10.686 0.000 47.506 65.531 63.555 62.577 70.598 81.618 69.636 63.650 67.654 0.605 0.000 0.000 0.000 0.000 0.000 0.000 0.000 0.000 0.000 0.000 0.000 0.000 0.000 0.000 0.000 0.000 0.000 0.000 0.000 0.000 0.000 0.000 0.000 0.000 80.556
65.146 65.146 65.145 65.145 65.144 65.143 65.141 69.140 70.138 66.137 65.135 65.132 65.130 65.127 65.125 64.122 67.119 76.116 76.114 17.112 0.000 0.000 0.000 0.000 0.000 0.000 18.696 0.000 0.000 0.000 0.000 0.000 0.000 0.000 79.851 94.833 17.819 0.000 31.567 62.629 63.659 63.680 62.699 67.716 69.733 65.747 67.755 0.000 0.000 0.000 0.000 0.000 0.000 0.000 0.000 0.000 0.000 0.000 0.000 0.000 0.000 0.000 0.000 0.000 0.000 0.000 0.000 0.000 0.000 0.000 0.000 64.778 73.686
65.149 65.148 65.148 65.147 65.146 65.145 64.144 76.142 81.141 68.139 65.136 65.134 65.131 65.128 65.125 65.122 65.118 64.114 67.111 48.108 0.000 0.000 0.000 0.000 0.000 60.696 81.696 43.693 34.683 33.670 0.000 0.000 0.000 61.152 103.032 76.969 76.938 3.960 0.000 48.760 65.772 63.786 63.800 61.815 77.832 81.849 75.864 0.000 0.000 0.000 0.000 0.000 0.000 0.000 0.000 0.000 0.000 0.000 0.000 0.000 0.000 0.000 0.000 0.000 0.000 0.000 0.000 0.000 0.000 0.000 38.944 89.871 75.795
65.152 65.151 65.151 65.150 65.149 65.148 64.147 77.145 83.143 67.141 65.138 65.136 65.133 65.129 65.126 65.121 65.117 65.112 65.107 71.101 42.094 0.000 0.000 0.000 0.697 23.697 38.698 60.700 68.687 72.657 46.600 22.523 57.419 95.271 93.158 73.071 55.005 12.983 0.000 48.878 65.883 64.891 67.901 62.914 71.930 94.953 91.989 37.066 1.144 17.171 0.000 0.000 0.000 0.000 0.000 0.000 0.000 0.000 0.000 0.000 0.000 0.000 0.000 0.000 0.000 0.000 0.000 0.000 0.000 0.000 76.018 131.965 114.901
62.155 63.155 64.154 64.153 65.152 65.151 63.150 78.148 81.146 64.143 65.141 65.138 65.134 65.131 65.126 65.122 65.117 65.111 65.104 65.096 71.086 51.073 2.064 0.000 0.000 0.000 0.000 36.724 67.706 63.672 66.620 70.551 82.462 99.357 83.258 51.153 1.086 0.000 0.000 47.991 64.991 67.993 80.999 67.008 77.022 78.043 97.074 101.119 84.164 34.185 0.000 0.000 0.000 0.000 0.000 0.000 0.000 0.000 0.000 0.000 0.000 0.000 0.000 0.000 0.000 0.000 0.000 0.000 0.000 62.236 72.144 73.072 76.005
83.159 78.158 73.158 71.157 67.156 63.155 63.153 78.151 81.149 63.146 65.144 65.140 65.137 65.133 65.128 65.123 64.117 63.110 64.102 64.093 64.082 70.069 47.055 24.040 0.000 0.000 0.000 35.766 73.741 67.705 62.657 75.597 98.522 92.435 60.363 0.000 0.000 0.000 0.000 46.105 64.097 69.092 76.093 71.098 76.108 75.123 88.144 82.171 75.199 48.220 3.242 0.000 0.000 0.000 0.000 0.000 0.000 0.000 0.000 0.000 0.000 0.000 0.000 0.000 9.031 0.000 0.000 5.407 39.407 67.329 136.248 100.182 132.067
103.162 102.162 98.162 93.161 89.160 84.158 79.157 75.155 70.152 64.150 65.147 65.143 65.139 65.135 64.130 66.124 72.118 77.110 76.102 74.092 68.080 63.065 67.048 73.025 36.989 17.948 21.899 55.831 78.789 69.750 65.707 88.657 100.595 56.498 1.436 0.000 0.000 9.317 16.293 50.227 63.200 68.187 84.182 74.183 67.188 60.197 66.209 84.224 81.240 87.253 6.264 0.000 0.000 0.000 0.000 0.000 0.000 0.000 0.000 0.000 0.000 0.000 0.000 0.000 6.031 0.000 0.000 0.000 74.485 65.422 75.353 98.246 74.419
