results4_8e4_rain/res_4e8f-0192.wd
ncols         241
nrows         181
xllcorner     12693529.787448
yllcorner     3542525.717860
cellsize      155.156523
NODATA_value  -9999.000000
[rows 99 to 131 of 181, columns 73 to 145 of 241]
59.887 59.863 59.838 58.812 58.785 63.757 66.728 63.701 59.681 59.671 53.673 9.679 0.000 0.000 0.000 0.000 0.000 14.877 72.844 97.799 95.792 94.948 101.616 101.545 94.644 95.340 95.187 95.077 95.972 95.872 94.782 98.706 57.653 0.000 0.000 0.000 0.000 0.000 0.000 34.777 60.701 72.597 40.465 22.259 52.164 55.078 52.984 56.864 53.681 51.409 21.095 45.854 49.726 64.639 70.576 73.529 71.495 66.471 59.455 54.447 49.443 27.437 0.000 0.000 0.000 0.000 21.817 39.817 51.817 75.817 76.817 76.817 76.817
59.938 59.915 58.891 56.864 60.836 65.806 66.773 66.735 60.707 57.691 62.686 62.685 23.686 0.000 17.509 47.456 24.344 4.144 61.049 100.928 96.177 96.193 101.675 93.957 95.744 95.398 95.310 95.198 95.090 94.988 96.897 95.824 31.777 0.000 0.000 0.000 0.000 0.000 3.082 38.956 44.860 55.772 4.702 0.000 47.283 55.223 54.131 58.006 57.830 28.619 0.000 40.757 54.699 59.635 80.583 81.543 81.513 82.491 83.476 81.467 62.464 0.467 0.480 1.487 0.000 0.000 0.000 38.817 51.817 75.817 76.817 76.816 76.816
59.989 58.968 58.945 61.919 64.890 65.858 40.821 4.759 33.722 69.702 42.693 16.688 8.687 0.000 28.561 78.517 75.430 67.315 86.196 97.346 94.333 101.758 95.238 96.043 95.610 95.544 95.427 95.316 95.203 96.091 93.994 81.915 28.856 1.826 0.000 0.000 0.000 3.309 42.208 49.105 47.011 47.928 20.869 0.000 53.461 71.398 64.311 59.198 34.014 0.000 0.717 23.717 13.678 53.617 78.577 82.547 80.522 80.504 80.491 82.483 55.481 49.485 49.487 55.488 0.000 0.000 0.000 15.817 50.816 75.816 76.816 76.816 76.816
59.044 58.025 63.002 65.976 65.946 65.916 30.894 0.000 0.711 12.700 3.697 0.000 0.000 0.000 21.658 84.618 90.548 98.461 98.420 95.545 102.096 101.888 95.205 95.915 95.766 95.656 95.547 95.435 95.315 101.181 51.071 18.989 2.903 0.485 6.927 9.860 0.000 33.410 51.336 47.244 47.150 46.061 51.978 17.889 46.703 72.598 71.518 69.460 0.000 0.000 43.717 0.000 0.000 51.580 80.563 84.544 81.526 80.512 78.501 67.494 48.490 44.490 45.490 29.489 0.000 0.000 0.000 0.000 46.816 75.816 76.816 76.816 72.816
58.102 64.085 66.063 66.036 64.003 69.966 39.944 0.000 0.000 0.000 0.000 0.000 0.000 0.000 32.796 90.749 93.688 97.565 96.801 96.814 102.284 94.591 96.297 95.971 95.885 95.775 95.669 99.561 105.440 60.247 29.121 4.065 0.000 0.000 0.000 6.793 34.726 57.585 51.483 44.384 49.286 53.188 50.091 47.987 61.865 65.771 55.703 63.665 0.000 0.000 11.717 0.000 0.000 57.559 81.551 86.539 85.527 81.515 76.507 45.501 43.497 44.495 51.493 0.000 0.000 0.000 0.000 40.815 44.816 73.815 76.815 76.815 70.815
65.164 66.150 66.129 65.101 43.064 9.001 27.972 29.972 0.000 0.000 0.000 0.000 0.000 24.098 76.980 90.903 93.807 95.965 96.975 102.613 102.456 95.567 96.268 96.106 96.000 95.893 99.792 61.702 21.635 0.000 39.101 25.085 0.000 0.000 0.000 0.000 42.800 76.722 67.626 62.525 57.421 58.316 56.210 57.103 70.000 63.917 47.859 49.832 0.000 0.000 0.000 0.000 0.000 57.547 85.543 50.535 48.526 80.517 83.510 53.505 44.501 49.498 19.496 0.000 0.000 0.000 0.000 13.815 40.815 58.815 74.815 77.815 70.815
66.233 66.223 62.203 66.175 48.152 0.000 18.972 48.972 0.000 0.000 0.000 0.000 14.313 76.217 90.124 96.045 96.016 96.158 102.897 102.759 94.895 96.670 96.318 96.228 96.114 96.005 99.904 71.820 3.764 0.000 9.096 12.090 0.000 0.000 0.000 0.000 29.952 61.875 66.775 76.668 72.557 60.443 63.329 72.217 67.116 55.036 46.985 47.971 22.017 23.028 0.000 0.000 0.000 55.539 89.537 3.534 0.000 29.515 76.512 66.508 47.505 26.502 0.000 0.000 0.000 0.000 0.000 0.000 13.815 37.815 63.815 73.815 66.815
64.309 61.305 60.285 76.243 55.217 0.000 17.972 45.972 0.000 0.000 0.000 8.480 72.408 85.332 95.261 98.141 97.385 95.416 103.024 94.204 95.978 92.537 94.464 96.340 96.225 97.109 90.997 80.911 28.838 0.000 0.000 0.000 0.000 0.000 0.000 17.362 52.182 57.051 56.932 58.815 67.696 70.573 73.445 67.319 54.209 48.127 47.075 46.051 50.051 35.040 0.000 0.000 0.000 44.534 81.532 47.529 36.523 28.518 71.514 77.511 57.510 0.000 0.000 8.513 0.000 0.000 0.000 0.000 0.000 32.815 56.815 61.815 48.814
58.395 67.405 63.388 4.296 5.256 0.000 8.972 8.972 0.000 0.000 0.000 9.552 88.508 90.451 98.362 97.528 96.549 103.249 103.141 96.163 95.850 95.691 95.573 94.455 95.335 97.210 54.065 4.988 0.000 0.000 0.000 0.000 0.000 20.902 37.768 52.542 63.362 60.216 59.087 55.963 56.839 59.706 71.560 72.404 64.276 53.189 46.135 46.107 48.097 0.000 0.000 0.000 0.000 29.530 71.529 49.526 45.522 45.518 77.515 80.513 63.512 26.513 16.513 59.513 0.000 0.000 0.000 0.000 0.000 35.814 59.814 54.814 40.814
59.490 69.531 56.565 0.000 0.000 0.000 5.972 17.972 1.972 0.000 0.801 75.668 85.624 97.567 97.562 96.705 103.441 103.348 95.474 97.249 96.901 96.808 96.688 96.571 98.452 48.331 0.000 0.000 0.000 0.000 0.000 10.369 36.244 53.036 65.860 61.675 60.509 60.364 60.235 61.113 58.990 57.854 31.684 50.463 75.300 57.218 45.170 48.144 46.134 34.140 0.000 0.000 0.000 30.528 63.526 41.525 0.000 0.000 33.515 70.514 59.513 68.513 75.513 34.513 0.000 0.000 0.000 0.000 0.000 10.814 50.814 48.814 41.814
57.582 61.666 60.776 36.939 0.000 0.000 0.000 3.972 6.972 0.000 28.894 88.810 95.751 97.673 97.833 95.956 103.527 95.762 97.544 97.109 97.041 96.920 97.805 98.687 60.569 0.000 0.000 0.000 0.000 0.000 12.656 55.494 66.327 62.139 60.960 60.789 60.634 60.498 60.376 60.264 60.155 69.035 7.859 0.000 43.244 52.213 44.184 53.164 53.153 35.147 0.000 0.000 0.000 0.000 47.523 84.522 52.520 0.000 26.515 71.514 65.514 56.514 56.514 0.000 0.000 0.000 0.000 0.000 0.000 0.000 29.814 40.814 41.814
69.655 7.776 63.933 62.103 51.303 10.424 0.651 0.000 0.000 20.064 78.996 92.929 98.871 97.856 97.011 103.673 103.604 96.711 97.409 97.258 97.147 98.038 99.922 60.805 0.000 0.000 0.000 0.000 11.165 42.041 52.819 64.624 61.430 61.234 58.051 57.886 57.742 58.617 60.507 60.412 63.331 40.271 0.000 0.000 23.219 48.205 47.188 65.176 61.169 0.000 0.000 0.000 0.000 0.000 31.521 76.520 88.519 45.517 71.516 85.515 77.514 53.514 46.514 18.514 0.000 0.000 0.000 0.000 0.000 0.000 35.814 41.814 45.814
51.695 4.849 66.077 56.236 63.383 55.528 16.778 4.043 13.137 80.132 89.093 99.051 97.939 98.207 96.235 103.732 95.998 97.791 97.452 97.368 98.261 99.160 53.041 0.000 0.000 0.000 0.000 3.427 54.290 65.140 62.953 61.753 63.534 63.317 69.125 73.963 68.831 61.719 55.625 59.546 65.485 23.448 0.000 0.000 19.209 51.199 52.189 74.182 62.178 0.000 0.000 0.000 0.000 0.000 19.519 71.519 80.518 85.517 81.516 81.515 85.515 69.514 48.514 49.514 18.514 11.514 0.000 0.000 0.000 37.814 42.814 40.814 45.814
0.000 0.000 34.290 85.381 48.465 0.000 0.000 18.215 78.237 83.232 97.211 98.120 98.400 96.332 103.816 96.256 98.065 97.642 97.584 98.474 95.369 50.299 0.000 0.000 0.000 0.000 9.704 56.565 64.425 62.275 62.103 65.899 40.638 19.375 22.170 39.009 64.898 66.806 67.726 59.661 60.614 21.589 0.000 0.000 0.000 32.192 50.188 57.184 56.182 5.183 0.000 0.000 0.000 0.000 19.518 62.518 75.517 80.517 81.516 82.515 78.515 74.514 59.514 47.514 51.514 57.514 0.000 0.000 0.000 3.813 40.813 41.813 43.813
0.000 0.000 11.412 86.534 73.630 0.000 0.000 25.364 86.365 94.357 98.309 99.505 99.543 104.131 103.939 97.206 97.922 97.783 97.685 92.583 82.441 33.370 0.000 0.000 9.087 45.002 53.842 65.704 62.571 62.434 66.282 44.103 1.908 0.000 0.000 25.005 62.948 59.879 63.813 69.759 69.722 47.704 0.000 0.000 0.000 14.190 52.187 46.185 53.184 4.183 0.000 0.000 0.000 0.000 24.517 49.517 66.517 80.516 75.516 68.515 70.515 31.514 56.514 65.514 58.514 54.514 0.000 0.000 0.000 0.000 0.813 35.813 40.813
0.000 0.000 0.000 14.712 63.891 3.374 13.513 79.511 91.505 98.491 98.510 98.689 104.479 104.309 96.492 98.291 97.958 97.887 90.798 56.731 0.000 0.000 0.000 17.253 63.172 57.078 64.959 62.839 62.721 63.606 41.490 2.319 0.000 0.000 0.000 24.059 66.010 59.948 59.889 61.841 65.809 67.801 19.832 0.000 0.000 0.000 33.186 52.185 27.185 0.000 0.000 0.000 0.000 0.000 17.517 45.517 56.516 63.516 55.516 52.515 17.515 0.000 5.514 49.514 53.513 62.513 0.000 0.000 0.000 0.000 0.000 29.813 40.813
0.000 0.000 0.000 0.000 1.344 13.598 82.654 87.661 98.658 98.594 99.882 99.957 104.638 96.789 98.569 98.139 98.080 87.978 76.892 40.811 0.000 0.000 0.000 57.335 79.268 64.179 56.076 63.971 61.870 64.778 34.712 0.000 0.000 0.000 20.255 55.162 62.085 61.015 60.954 57.906 53.874 55.860 17.863 0.000 0.000 0.000 14.186 59.185 7.185 0.000 0.000 0.000 0.000 0.000 17.516 47.516 46.516 45.516 43.516 49.515 0.000 0.000 0.000 24.513 47.513 65.513 9.513 0.000 0.000 0.000 0.000 0.813 33.813
0.000 0.000 0.000 0.000 0.000 85.844 84.841 98.831 98.790 99.997 100.072 104.930 104.788 97.742 99.428 97.272 83.158 72.065 45.978 0.000 0.000 0.000 51.600 69.483 69.388 76.293 64.196 54.100 60.008 69.926 72.868 35.865 0.000 0.000 19.349 67.247 61.152 61.073 60.006 55.955 49.921 50.902 16.896 0.000 0.000 0.000 0.000 32.185 40.185 0.000 0.000 0.000 0.000 0.000 25.516 49.516 43.516 44.516 44.515 46.515 29.515 0.000 0.000 0.000 34.513 55.513 33.513 7.513 0.000 0.000 0.000 0.000 28.813
0.000 0.000 0.000 0.000 25.217 86.094 98.038 99.002 100.015 102.205 105.196 105.065 97.048 98.813 95.466 84.367 73.222 45.144 0.000 0.000 0.000 53.830 74.718 60.608 52.507 66.410 78.316 66.223 69.135 70.051 56.968 62.861 41.614 4.085 27.544 59.327 55.205 62.117 57.043 48.987 47.951 51.931 13.923 0.000 0.000 0.000 0.000 19.185 59.185 4.185 0.000 0.000 0.000 0.000 0.000 31.516 46.516 44.515 44.515 44.515 52.515 0.000 0.000 0.000 0.000 36.513 47.513 53.513 0.000 0.000 0.000 0.000 0.000
0.000 0.000 0.000 0.000 68.341 94.274 100.221 99.128 99.399 97.482 105.321 97.329 99.095 93.664 82.597 57.478 0.000 0.000 0.000 0.000 54.057 74.943 61.832 50.724 50.622 52.525 63.432 78.343 69.258 54.175 62.092 63.999 37.896 0.000 24.428 84.311 71.222 60.147 54.063 49.999 46.966 47.949 41.942 5.946 0.000 0.000 0.000 0.000 38.185 10.185 0.000 0.000 0.000 0.000 0.000 11.515 48.515 44.515 44.515 44.515 46.515 30.515 0.000 0.000 0.000 17.513 44.513 47.513 0.000 0.000 0.000 0.000 0.000
0.000 0.000 0.000 71.656 68.532 74.449 89.360 100.536 97.601 105.555 105.440 98.261 93.949 82.802 61.697 0.000 0.000 35.662 0.000 6.290 79.171 62.054 50.942 51.835 50.733 53.636 67.545 76.459 77.378 61.301 57.225 68.147 42.075 0.000 0.000 15.268 28.226 10.186 0.000 19.978 50.966 57.956 58.951 44.951 0.000 0.000 0.000 0.000 0.000 0.000 0.000 0.000 0.000 0.000 0.000 12.515 48.515 47.515 50.515 45.515 42.515 51.515 0.000 0.000 0.000 24.513 58.513 63.513 0.000 0.000 0.000 0.000 0.000
0.000 0.000 10.885 72.781 69.682 70.601 80.577 96.743 105.772 105.664 97.540 94.306 81.977 55.902 0.000 0.000 52.711 51.662 33.565 17.410 67.281 51.161 52.048 50.940 51.838 66.742 72.653 36.571 27.495 79.425 65.359 43.289 4.182 0.000 0.000 0.000 0.000 0.000 0.000 16.969 68.964 62.959 59.955 55.954 10.955 0.000 0.000 0.000 0.000 0.000 0.000 0.000 0.000 0.000 0.000 36.515 45.515 20.515 0.000 20.515 45.515 49.515 0.000 0.000 0.000 26.513 62.513 31.513 0.000 0.000 0.000 0.000 0.000
0.000 86.079 73.989 70.899 68.820 69.698 70.942 75.008 105.876 96.781 92.543 82.133 56.090 0.000 0.000 0.000 56.759 54.712 74.623 58.504 51.381 52.262 51.148 54.039 73.937 70.842 51.754 47.675 52.605 80.546 77.498 41.468 0.000 0.000 0.000 0.000 0.000 0.000 0.000 16.966 75.962 75.959 70.957 61.956 6.956 0.000 0.000 0.000 0.000 0.000 0.000 0.000 0.000 0.000 9.515 48.515 50.515 0.000 0.000 5.515 48.515 49.515 0.000 0.000 0.000 0.000 33.513 0.000 0.000 0.000 0.000 0.000 0.000
2.241 84.168 98.092 90.017 74.919 76.076 68.125 106.073 105.976 75.663 80.341 56.239 0.000 0.000 0.000 0.000 58.854 71.802 69.713 51.600 51.479 51.358 62.242 74.132 63.029 51.933 51.847 51.771 52.706 61.654 79.620 75.616 36.670 0.000 0.000 0.000 0.000 0.000 0.000 0.000 61.960 63.959 75.957 76.956 32.956 0.000 0.000 0.000 0.000 0.000 0.000 0.000 0.000 0.000 40.515 50.515 27.515 0.000 0.000 9.515 49.515 47.515 0.000 0.000 0.000 0.000 0.000 0.000 0.000 0.000 0.000 0.000 0.000
20.313 97.262 100.197 100.128 95.101 85.257 106.260 106.167 67.828 62.600 0.000 0.239 0.000 0.000 0.000 0.000 70.001 74.930 50.825 52.703 52.576 64.451 73.330 55.217 52.112 52.016 51.930 51.855 51.792 51.744 60.713 80.705 73.724 47.755 38.768 42.771 11.772 0.000 0.000 0.000 0.959 41.958 81.957 81.957 42.956 0.000 0.000 0.000 0.000 0.000 0.000 0.000 0.000 0.000 29.515 28.515 0.000 0.000 0.000 0.000 29.515 56.515 0.000 0.000 0.000 0.000 0.000 0.000 0.000 0.000 0.000 0.000 0.000
90.434 100.370 100.311 100.199 104.443 95.502 106.352 67.938 70.621 65.295 0.000 0.000 0.000 0.000 0.000 63.375 75.220 52.091 52.955 52.813 60.672 73.537 51.411 52.295 52.187 52.089 52.002 51.927 51.865 51.817 51.784 55.768 56.767 51.774 52.777 59.774 41.773 0.000 0.000 0.000 0.000 0.000 36.957 72.957 35.957 0.000 0.000 0.000 0.000 0.000 0.000 0.000 0.000 0.000 0.000 0.000 0.000 0.000 0.000 0.000 0.000 8.515 0.000 0.000 0.000 0.000 0.000 0.000 0.000 0.000 0.000 0.000 0.000
96.541 96.482 100.396 101.560 98.608 106.527 106.440 72.613 57.068 2.194 5.194 2.194 0.000 0.000 0.000 80.530 57.414 53.260 53.090 54.921 75.762 55.616 52.483 52.363 52.252 52.151 52.061 51.985 51.923 51.874 51.838 50.815 49.801 52.796 34.794 0.000 0.000 0.000 0.000 0.000 0.000 0.000 0.000 65.957 53.957 20.956 0.000 0.000 0.000 0.000 0.000 0.000 0.000 0.000 0.000 0.000 0.000 0.000 0.000 0.000 0.000 0.000 0.000 0.000 0.000 0.000 0.000 0.000 0.000 0.000 0.000 0.000 0.000
75.655 75.591 79.571 75.729 106.698 106.613 84.114 65.326 56.263 0.000 0.194 2.194 0.000 0.000 0.000 55.800 51.645 51.443 50.225 63.020 55.838 49.680 50.543 50.421 50.308 50.202 51.108 52.030 51.968 51.919 50.881 48.851 50.828 50.814 47.808 37.810 40.811 42.811 41.810 43.810 14.810 0.000 0.000 3.957 62.956 34.956 0.000 0.000 0.000 0.000 0.000 0.000 0.000 0.000 0.000 0.000 0.000 0.000 0.000 0.000 0.000 0.000 0.000 0.000 0.000 0.000 0.000 0.000 0.000 0.000 0.000 0.000 0.000
90.771 112.660 77.908 107.967 106.780 66.659 57.257 0.000 71.675 30.024 0.000 0.000 0.000 0.000 99.604 78.226 48.925 56.641 67.349 66.093 61.892 59.724 59.588 59.471 58.358 52.241 48.138 52.059 51.999 51.953 50.915 50.881 54.844 54.824 55.815 65.812 65.811 61.811 54.810 53.810 32.810 0.000 0.000 0.000 21.956 27.956 0.000 0.000 0.000 0.000 0.000 0.000 0.000 0.000 0.000 0.000 0.000 0.000 0.000 0.000 0.000 0.000 0.000 0.000 0.000 0.000 0.000 0.000 0.000 0.000 0.000 0.000 0.000
138.852 117.449 115.496 106.934 106.859 94.746 0.000 38.716 66.716 140.374 115.844 2.113 47.144 36.563 97.983 57.574 55.188 126.848 117.437 113.113 112.913 111.734 110.615 109.515 108.413 79.265 46.143 52.069 52.017 51.978 51.946 43.914 0.000 0.000 0.000 0.000 0.000 0.000 18.810 70.810 49.810 20.810 0.000 0.000 0.000 0.000 0.000 0.000 0.000 0.000 0.000 0.000 0.000 0.000 0.000 0.000 0.000 0.000 0.000 0.000 0.000 0.000 0.000 0.000 0.000 0.000 0.000 0.000 0.000 0.000 0.000 0.000 0.000
97.021 116.608 107.073 107.005 91.265 0.000 0.000 0.000 10.100 61.913 49.651 0.000 28.387 0.000 57.190 53.898 63.404 119.126 0.000 5.008 0.000 55.684 64.624 125.561 38.512 0.000 56.100 52.057 52.022 52.995 34.978 0.000 0.000 0.000 0.000 0.000 0.000 0.000 0.000 23.810 70.810 26.810 0.000 0.000 0.000 0.000 0.000 0.000 0.000 0.000 0.000 0.000 0.000 0.000 0.000 0.000 0.000 0.000 0.000 0.000 0.000 0.000 0.000 0.000 0.000 0.000 0.000 0.000 0.000 0.000 0.000 0.000 0.000
117.777 115.832 107.137 115.756 117.603 37.891 0.000 17.672 44.672 54.525 31.196 8.414 49.631 95.194 93.690 86.425 0.000 38.126 0.000 16.903 38.799 66.694 111.636 74.592 39.563 0.000 0.000 58.037 52.018 53.003 33.994 0.000 0.000 0.000 0.000 0.000 0.000 0.000 0.000 0.000 17.809 56.809 21.809 0.000 0.000 0.000 0.000 0.000 0.000 0.000 0.000 0.000 0.000 0.000 0.000 0.000 0.000 0.000 0.000 0.000 0.000 0.000 0.000 0.000 0.000 0.000 0.000 0.000 0.000 0.000 0.000 0.000 0.000
115.911 107.252 107.197 96.261 39.027 0.000 0.000 0.000 6.392 33.317 0.000 0.000 42.529 86.261 139.950 75.687 0.000 0.000 0.000 0.000 0.000 80.658 115.634 45.608 42.586 0.000 0.000 0.000 57.009 51.004 49.000 47.001 35.001 0.000 0.000 0.000 0.000 0.000 0.000 0.000 12.809 70.809 28.809 0.000 0.000 0.000 0.000 0.000 0.000 0.000 0.000 0.000 0.000 0.000 0.000 0.000 0.000 0.000 0.000 0.000 0.000 0.000 0.000 0.000 0.000 0.000 0.000 0.000 0.000 0.000 0.000 0.000 0.000
