results4_8e4_rain/res_4e8f-0207.wd
ncols         241
nrows         181
xllcorner     12693529.787448
yllcorner     3542525.717860
cellsize      155.156523
NODATA_value  -9999.000000
[rows 33 to 65 of 181, columns 146 to 218 of 241]
64.950 64.165 63.890 64.527 31.186 42.855 64.541 58.226 36.803 0.000 0.000 36.732 12.733 17.733 33.734 58.738 45.737 11.735 0.000 0.661 50.647 58.634 16.610 43.584 35.564 36.540 40.503 49.466 67.426 58.396 53.368 48.345 49.326 49.309 48.293 47.276 46.259 54.240 64.221 56.205 56.189 54.175 33.160 47.148 55.139 0.000 25.716 30.688 54.618 52.560 57.505 67.453 60.411 55.390 10.380 0.000 38.332 38.323 45.319 23.323 0.000 0.000 0.000 0.000 0.000 0.000 0.000 0.000 0.000 0.000 0.000 0.000 0.000
64.902 64.647 64.300 64.970 42.648 60.345 63.077 56.885 0.000 0.000 14.732 38.732 0.000 0.000 0.000 42.748 42.743 50.733 13.714 63.688 51.661 38.638 47.614 38.588 36.563 36.535 35.503 37.470 65.436 63.406 63.379 65.355 58.333 60.314 59.296 59.279 59.261 60.244 64.227 62.211 63.197 58.184 35.172 34.163 7.157 0.000 22.660 36.642 44.607 39.556 45.502 58.444 58.410 56.390 14.380 0.000 0.000 43.308 15.305 0.000 0.000 0.000 0.000 0.000 2.195 45.189 44.182 46.177 36.172 39.168 6.166 0.000 0.000
65.382 65.045 64.722 64.402 64.092 64.799 56.537 43.353 0.000 0.000 0.000 6.732 0.000 0.000 0.000 39.763 36.755 49.740 54.720 46.696 55.670 53.644 34.618 35.591 36.564 36.535 48.505 52.473 56.442 49.413 46.386 56.361 30.339 37.318 32.299 32.281 32.264 35.247 61.231 50.216 48.203 50.191 35.181 37.174 17.170 0.000 32.621 89.615 14.611 0.000 0.000 7.412 59.396 58.381 17.370 0.000 0.000 40.296 37.288 39.270 37.255 45.242 51.230 43.217 65.201 72.190 70.182 55.175 35.171 34.167 38.164 8.162 0.000
65.779 65.458 65.137 64.824 65.519 60.221 41.919 32.636 41.636 0.000 0.000 0.000 0.000 0.000 0.000 36.787 35.773 38.753 34.730 45.705 48.678 51.651 40.623 35.595 35.566 35.537 60.507 66.477 48.447 42.417 42.390 43.365 40.342 40.321 40.302 41.283 44.266 41.249 62.234 54.220 52.207 52.197 34.188 48.182 74.179 0.000 24.588 77.585 0.000 0.000 0.000 9.396 59.380 57.366 35.350 40.325 38.307 36.293 36.281 36.267 35.254 42.242 49.231 36.219 54.202 72.187 68.179 48.173 33.168 33.165 38.162 6.160 0.000
66.194 65.866 65.546 65.237 61.940 47.647 36.283 0.000 0.000 0.000 0.000 40.942 3.928 9.904 1.872 35.824 36.796 36.769 35.743 35.715 41.687 34.658 34.628 36.599 35.569 34.539 58.510 55.480 63.451 67.420 66.392 61.366 57.344 59.322 55.303 59.284 59.267 60.250 64.235 62.222 63.210 59.200 34.193 46.187 68.184 0.000 19.559 80.552 0.000 0.000 0.000 0.000 56.363 59.354 38.339 36.319 36.302 36.288 36.275 36.263 35.251 42.241 51.232 7.226 0.000 30.178 73.174 49.169 33.165 33.161 37.158 4.157 0.000
66.607 66.267 65.943 65.637 55.358 37.144 0.000 0.000 0.000 0.000 38.972 41.956 54.937 54.913 42.883 35.847 35.816 36.786 36.757 35.727 34.696 35.665 35.634 35.603 34.572 43.542 62.512 41.484 55.455 32.422 65.390 55.366 54.344 54.323 51.303 56.284 57.266 57.250 64.236 62.222 59.211 59.202 34.195 48.190 67.187 0.000 5.536 73.513 0.000 0.000 0.000 0.000 60.354 59.347 35.332 37.311 36.294 37.281 37.269 37.258 38.247 46.238 26.232 0.000 0.000 31.173 73.170 54.165 41.161 35.156 38.153 5.152 0.000
67.015 66.654 67.320 60.011 47.710 37.427 0.000 0.000 0.000 0.000 35.988 52.973 46.953 35.928 37.899 37.867 35.835 34.803 36.771 35.739 36.706 36.673 36.639 35.607 35.575 55.543 55.514 55.487 55.466 0.000 37.381 35.363 36.342 36.321 37.301 41.283 44.265 42.249 62.234 56.221 50.210 52.201 35.194 47.190 66.188 0.000 0.000 46.451 37.426 0.000 0.000 0.000 54.352 37.349 0.000 32.297 38.284 42.273 49.262 49.252 49.242 51.233 23.226 0.000 15.177 79.172 72.167 74.161 62.156 37.151 38.147 6.145 0.000
67.411 67.015 66.673 52.377 4.043 0.016 0.000 0.000 0.000 14.044 52.018 46.996 36.973 37.946 37.917 37.886 37.853 35.820 34.786 34.751 36.716 35.680 35.645 34.610 36.576 51.544 42.513 51.483 52.455 11.420 11.388 51.364 50.341 50.320 50.299 52.280 52.262 53.246 65.231 61.218 56.207 58.198 34.192 43.188 71.186 0.000 0.000 105.413 74.401 41.381 28.372 0.000 0.000 0.000 0.000 0.000 35.271 44.264 48.255 47.245 50.235 52.225 38.213 43.196 59.181 74.172 72.164 72.157 60.151 37.145 37.139 13.135 0.000
67.780 68.321 59.979 42.781 0.000 0.000 0.000 2.112 2.098 59.069 53.044 37.020 37.995 37.968 37.938 37.906 37.873 37.838 34.802 35.764 35.726 35.687 36.649 35.612 35.577 38.543 43.510 55.479 42.449 54.418 59.389 52.363 61.339 51.317 52.296 55.276 54.258 53.241 63.226 59.213 47.202 46.193 35.186 42.183 71.183 0.000 0.000 96.389 86.382 63.371 32.363 0.000 0.000 8.293 3.290 0.000 6.264 55.258 47.249 41.240 38.229 53.218 40.206 42.193 50.180 71.170 73.161 71.153 57.145 37.138 34.130 38.122 32.111
76.067 73.510 46.141 35.987 0.000 0.000 4.137 37.126 51.112 52.092 46.070 41.046 38.020 37.992 37.961 37.928 36.893 39.857 44.818 40.778 35.736 36.694 35.653 35.613 35.575 35.540 42.507 43.475 41.444 48.414 47.386 42.360 54.335 34.312 42.291 49.271 48.252 42.235 61.219 54.206 34.194 33.185 36.178 38.176 42.179 0.000 0.000 74.372 54.367 91.358 77.347 13.327 14.311 65.297 39.286 37.274 37.263 39.254 50.245 44.234 12.224 65.212 53.201 49.189 47.177 58.166 74.157 66.148 49.139 38.131 34.122 41.112 65.100
0.000 0.000 25.090 43.038 0.000 0.000 39.149 49.143 63.132 47.116 46.097 46.074 39.047 38.018 37.987 37.952 44.916 52.878 53.837 45.794 40.747 35.700 34.655 35.611 39.571 36.535 35.501 34.469 40.439 41.409 40.381 41.355 43.330 36.306 42.284 47.264 49.244 45.227 61.211 55.197 37.184 36.174 36.166 32.162 0.000 0.000 0.000 30.359 49.356 49.348 83.338 98.324 91.310 59.296 45.284 46.273 46.261 49.251 71.240 89.230 98.219 97.207 99.196 98.184 92.173 86.162 78.152 61.142 44.133 35.124 36.114 49.104 68.093
19.209 0.000 0.000 0.000 0.000 10.168 42.166 62.164 54.157 57.145 54.127 44.104 37.078 38.048 38.014 48.978 53.941 49.901 44.859 41.813 44.758 39.705 39.654 35.605 40.564 34.528 35.494 36.463 35.432 35.403 35.375 35.348 34.323 35.299 35.277 39.255 45.236 44.217 62.200 56.185 35.172 36.161 36.152 35.143 10.132 0.000 0.000 34.351 60.348 49.341 51.332 66.320 77.308 87.295 89.282 95.270 98.259 98.248 97.236 93.225 84.214 82.202 84.191 87.179 89.168 90.157 88.147 92.137 84.127 51.117 38.108 57.098 74.087
58.649 17.493 0.000 0.000 7.142 43.169 59.185 52.191 44.188 52.178 56.162 57.139 47.112 36.080 46.045 55.006 44.967 36.926 36.885 38.839 6.769 7.709 6.652 32.592 36.553 38.518 38.486 35.454 35.424 36.395 35.367 35.340 35.315 36.290 35.268 35.246 35.225 38.206 55.189 54.172 36.158 36.146 36.136 37.127 38.121 0.000 0.000 33.346 51.343 52.337 64.329 51.318 31.306 35.293 71.280 95.268 79.256 74.244 77.233 70.221 56.209 45.198 36.186 34.174 35.163 45.152 43.141 38.131 77.121 92.111 70.101 68.091 72.082
0.000 33.336 11.745 5.975 42.116 52.181 59.213 43.226 46.227 44.219 42.202 50.179 55.150 50.116 54.078 43.036 36.994 37.953 37.916 45.890 0.000 0.000 0.000 29.558 38.536 49.507 50.476 45.445 41.415 43.386 39.358 38.331 36.305 35.281 35.257 36.235 35.214 35.194 38.175 47.158 35.142 35.129 36.118 35.109 4.105 0.000 0.000 14.344 12.341 66.336 50.328 35.318 49.304 51.290 97.277 78.265 61.253 43.241 34.229 35.217 36.205 37.193 37.181 37.169 36.157 34.146 33.135 34.124 42.114 79.104 87.094 72.085 71.076
0.000 20.771 43.924 46.064 45.165 60.226 45.259 39.274 41.275 40.267 37.250 36.225 51.194 58.156 61.114 49.067 39.019 35.974 43.938 9.914 0.000 0.000 0.000 32.548 42.526 49.497 50.466 50.435 52.405 60.376 58.348 54.321 52.295 48.270 42.246 37.223 35.201 36.180 35.160 40.141 33.124 34.110 35.097 37.088 58.083 0.000 0.000 0.000 28.342 70.338 30.330 39.320 30.303 69.286 87.274 47.262 35.250 37.237 37.225 37.213 37.200 37.188 34.176 34.163 33.151 34.140 34.129 34.118 50.108 65.098 38.088 98.077 70.068
0.000 21.053 44.117 37.192 56.255 56.299 51.324 42.334 36.334 37.323 38.304 49.278 52.244 44.202 47.153 56.099 57.041 46.988 3.947 0.000 5.691 4.653 37.606 43.559 47.522 46.489 47.456 47.424 45.394 52.364 53.336 53.309 54.283 51.258 50.234 51.210 42.187 37.165 38.143 35.123 36.105 35.088 34.073 36.062 51.056 0.000 0.000 0.000 28.348 72.342 34.335 10.328 0.000 15.278 54.270 36.259 37.247 35.234 35.221 35.209 34.196 33.183 34.170 34.158 33.145 34.133 33.122 32.111 35.101 31.092 27.082 91.068 100.057
0.000 18.272 38.297 48.332 58.365 49.389 49.403 51.407 49.401 40.388 46.367 55.338 44.301 37.255 36.199 42.133 52.061 58.988 22.915 14.822 40.728 40.663 35.607 44.558 49.517 50.480 46.446 46.412 38.381 35.352 35.324 35.297 34.271 32.245 39.221 53.196 52.172 51.149 46.126 37.104 35.083 36.063 35.046 35.032 36.023 0.000 0.000 0.000 43.360 10.348 14.342 0.000 0.000 0.000 33.268 13.257 16.245 33.230 32.218 32.205 33.192 35.178 35.165 35.152 34.139 34.126 32.114 32.103 33.093 21.085 0.000 11.055 94.042
0.000 17.466 41.466 60.473 51.483 48.491 48.493 49.488 48.478 50.461 55.437 44.406 38.367 38.318 38.255 37.175 38.080 43.987 60.905 58.821 37.738 36.664 35.601 36.549 48.506 46.469 57.434 45.398 38.367 36.338 37.311 36.284 41.258 49.232 45.207 39.182 45.157 55.132 52.108 51.084 42.060 35.037 35.015 35.996 33.981 0.000 0.000 43.389 31.383 0.000 0.000 45.293 40.292 39.286 31.277 0.000 0.000 38.225 35.214 35.202 35.188 35.173 35.159 35.145 35.132 35.119 35.106 34.094 35.083 37.071 27.058 0.000 36.025
5.750 30.661 55.627 51.613 40.605 45.598 50.588 45.576 51.560 57.540 49.514 37.483 36.444 38.394 38.328 42.233 43.096 36.976 47.895 43.821 40.738 37.654 34.584 41.531 45.490 47.456 38.424 65.380 53.350 43.323 35.296 41.270 60.245 70.219 63.193 40.168 42.142 45.115 49.089 54.063 52.036 48.009 36.983 33.955 40.925 46.882 0.000 18.395 39.400 0.000 0.000 15.295 35.296 35.289 35.278 40.263 39.247 35.229 34.214 35.199 35.184 35.168 35.153 35.139 35.125 35.111 35.098 35.085 34.072 34.059 35.044 38.027 34.016
17.838 51.802 57.770 42.745 37.725 39.707 41.688 52.667 56.647 67.624 66.598 59.567 48.532 37.488 40.429 7.331 0.000 35.927 41.878 38.830 1.738 35.630 39.549 56.502 55.467 58.442 0.000 30.349 70.330 64.306 50.282 56.257 74.231 74.206 72.180 41.153 47.126 47.099 49.071 37.042 46.012 51.982 50.951 49.917 62.881 71.839 4.795 0.000 29.424 54.447 0.000 0.000 58.308 39.297 39.282 39.266 39.248 40.230 34.214 33.197 37.180 34.163 34.146 34.131 34.117 35.103 34.089 33.075 33.062 33.048 33.034 33.020 32.007
16.964 62.937 48.904 37.873 37.844 37.816 50.788 48.759 65.735 80.711 77.685 74.657 69.627 60.596 51.570 0.000 0.000 0.000 29.860 40.847 0.000 0.000 32.482 50.460 49.433 64.403 36.362 37.337 70.314 75.291 71.267 70.243 73.218 73.193 74.167 53.140 45.112 47.083 47.053 37.022 45.989 39.956 58.920 29.883 68.843 90.798 61.751 31.700 0.000 32.471 0.000 34.359 94.331 47.309 49.288 49.268 45.249 46.230 38.213 33.196 15.177 34.155 34.139 37.124 40.109 50.094 40.080 35.066 36.052 36.038 36.024 36.011 35.998
49.116 53.079 47.038 44.999 39.962 51.926 45.888 58.847 36.823 6.800 57.775 76.749 75.723 76.700 59.685 0.000 0.000 0.000 23.856 46.852 0.000 0.000 29.437 44.422 39.401 66.376 77.347 77.322 73.299 73.276 73.253 74.230 73.206 73.180 73.154 67.127 42.098 44.068 42.036 37.003 47.968 48.931 51.892 8.851 53.808 89.761 59.710 77.649 38.567 24.494 36.442 92.387 80.349 52.319 46.294 48.271 42.249 36.229 34.212 32.198 0.000 40.142 48.130 56.116 63.101 72.086 61.071 41.056 35.042 36.028 36.014 36.000 35.988
60.299 49.226 49.169 45.122 52.079 49.038 51.992 75.917 62.911 45.892 66.867 75.841 74.816 73.796 53.786 0.000 0.000 0.000 0.000 1.852 0.000 0.000 35.405 44.392 55.374 71.352 73.328 73.306 73.284 73.262 73.240 73.217 73.194 73.169 73.143 73.116 59.087 49.055 42.022 34.986 38.948 38.908 43.866 62.823 48.777 83.729 69.678 76.620 83.557 69.497 74.445 83.397 59.358 60.325 46.297 45.272 37.248 34.226 35.206 37.186 51.161 57.141 75.124 74.108 73.092 72.077 72.061 62.046 40.032 35.017 36.003 35.990 35.977
51.434 39.356 41.293 53.239 50.194 50.155 20.126 0.000 55.012 80.989 75.960 74.931 76.904 58.883 44.875 28.901 0.000 0.000 0.000 0.000 0.000 0.000 41.387 58.369 70.349 73.329 73.309 73.289 73.269 73.248 73.227 73.206 73.183 73.159 73.134 73.106 74.077 68.044 60.009 51.971 49.930 52.886 43.841 60.796 39.749 81.701 14.651 35.598 70.544 42.491 33.443 89.399 53.361 57.327 55.297 36.270 34.245 35.222 35.200 43.178 64.156 75.136 72.118 72.100 72.084 69.068 68.052 66.036 65.021 39.007 34.992 34.979 34.965
41.547 38.471 51.406 51.350 46.302 66.261 20.231 29.217 69.138 76.091 75.053 75.018 74.986 50.956 50.932 61.927 0.000 0.000 0.000 0.000 0.000 0.000 0.000 8.347 67.324 79.306 74.289 73.271 73.253 73.235 73.216 73.195 73.174 73.151 73.126 73.099 73.069 74.036 74.999 71.959 71.914 74.867 54.818 60.770 34.722 75.674 11.626 13.578 66.529 36.482 46.437 80.396 61.359 53.325 57.295 34.267 35.241 34.217 36.194 46.172 67.150 68.129 73.110 72.092 67.075 64.058 68.042 73.026 72.010 60.996 41.981 40.967 39.953
37.648 51.575 52.510 40.452 51.402 72.358 65.319 71.282 77.230 75.184 75.143 75.103 72.065 56.025 5.968 1.947 0.000 0.000 0.000 0.000 0.000 0.000 0.000 0.000 12.296 24.283 65.269 74.254 73.239 73.222 73.205 73.186 73.166 73.145 73.121 75.095 74.066 74.032 72.994 74.950 73.901 73.848 63.794 61.743 38.695 50.649 80.603 59.557 67.513 36.469 64.428 58.389 61.353 49.320 43.290 35.261 35.235 35.210 43.187 48.164 49.142 54.122 62.102 60.083 61.065 72.048 72.031 72.015 71.999 72.984 66.969 62.955 60.941
52.742 52.671 41.606 37.548 52.496 71.449 77.405 76.363 75.317 75.273 75.230 76.187 67.145 60.112 0.000 0.000 0.000 0.000 0.000 0.000 0.000 0.000 0.000 0.000 21.279 41.263 68.250 74.238 73.225 73.211 73.195 73.178 73.160 73.140 75.118 75.094 75.066 67.033 71.994 74.948 77.892 75.831 69.767 65.714 53.666 37.622 85.579 68.537 70.495 35.455 81.416 45.379 26.345 43.312 34.282 35.254 34.228 43.202 49.178 48.156 48.134 47.113 40.093 36.073 66.055 72.037 72.020 72.003 71.987 71.972 72.957 72.942 72.928
49.829 40.760 38.696 36.638 53.585 73.536 75.491 75.447 75.403 75.360 75.317 77.271 56.218 54.165 0.000 0.000 0.000 0.000 0.000 0.000 0.000 0.000 0.000 0.000 0.000 55.237 74.231 73.223 73.212 73.200 73.187 73.172 75.156 74.138 74.118 74.096 68.071 46.040 62.000 71.955 22.888 13.816 47.730 54.678 63.635 50.594 71.554 89.515 74.476 41.439 83.402 7.367 19.334 32.303 35.273 35.245 37.219 47.193 45.169 46.146 48.124 51.103 45.082 46.063 62.044 72.026 72.008 71.991 71.975 71.959 71.944 71.929 71.915
40.911 38.844 43.781 48.723 63.670 75.621 75.574 75.531 75.489 75.448 75.407 76.361 63.289 0.000 0.000 0.000 0.000 0.000 3.182 40.182 1.182 19.182 0.000 0.000 0.000 30.218 65.215 72.209 73.201 73.191 73.180 73.167 75.153 73.138 73.121 73.102 57.081 53.055 15.013 16.984 0.000 0.000 32.659 39.633 61.600 47.565 52.529 95.493 78.457 57.421 67.386 17.353 62.321 39.291 35.262 35.235 37.208 46.183 57.159 57.136 59.114 65.092 60.071 71.051 72.032 72.014 71.996 71.979 71.962 71.946 71.931 71.916 71.902
41.988 38.923 45.861 64.804 75.751 75.701 75.656 75.613 75.573 75.535 75.503 81.478 0.000 0.000 0.000 0.000 0.000 0.000 40.182 52.182 39.182 54.182 50.183 0.000 20.196 52.202 59.202 70.198 73.192 73.184 73.174 74.163 73.151 73.139 73.125 69.111 58.097 63.085 0.000 0.000 0.000 16.607 49.614 41.595 59.568 35.537 37.505 85.471 84.436 76.403 62.370 62.338 51.307 46.278 35.250 35.223 35.197 45.172 67.148 74.125 73.102 73.081 65.060 72.039 72.020 72.001 71.983 71.966 71.949 71.933 71.917 71.902 71.887
40.062 37.997 52.937 72.880 76.828 75.779 75.734 75.692 75.653 75.619 75.590 82.570 0.000 0.000 0.000 0.000 0.000 0.000 29.182 49.182 49.182 48.182 51.183 35.185 43.190 51.192 51.192 68.189 74.184 73.178 73.170 73.161 73.151 73.140 74.130 66.119 62.110 56.105 0.000 0.000 0.000 9.600 13.594 41.567 60.539 37.511 33.481 72.449 89.416 86.383 67.352 46.321 45.292 46.264 37.237 34.210 35.185 38.160 49.136 69.113 72.090 72.068 64.047 72.027 72.007 71.988 71.970 71.952 71.935 71.918 71.903 71.888 71.873
39.132 41.068 61.009 76.953 75.901 75.853 75.809 75.768 75.730 75.697 77.667 75.642 0.000 0.000 0.000 0.000 0.000 0.000 15.181 54.181 60.181 65.182 56.182 55.183 49.185 45.186 56.185 70.183 73.178 73.173 76.166 74.159 73.151 73.142 73.134 68.127 60.121 55.118 30.122 0.000 0.000 0.000 0.000 3.539 52.511 38.487 34.460 67.428 98.395 79.363 58.332 49.303 51.276 49.249 44.223 33.197 35.172 34.147 38.124 57.100 72.077 72.055 64.034 72.013 71.993 71.974 71.955 71.937 71.920 71.904 71.888 71.872 71.858
39.198 49.136 69.077 77.021 75.970 75.923 75.880 75.840 75.804 76.771 74.739 62.691 46.691 0.000 0.000 0.000 0.000 0.000 17.181 55.181 64.181 64.181 68.180 70.181 53.181 52.181 67.180 73.177 73.174 73.169 74.164 73.158 73.151 73.144 73.138 71.132 59.128 60.125 54.125 0.124 0.000 0.000 0.000 0.000 38.480 38.466 32.442 77.410 65.373 71.340 41.312 61.285 55.259 48.233 48.208 39.183 34.158 35.134 34.110 46.087 69.064 71.042 65.020 71.999 72.979 71.959 71.940 71.922 71.905 71.888 71.872 71.857 71.842
