results4_8e4_rain/res_4e8f-0135.wd
ncols         241
nrows         181
xllcorner     12693529.787448
yllcorner     3542525.717860
cellsize      155.156523
NODATA_value  -9999.000000
[rows 99 to 131 of 181, columns 73 to 145 of 241]
58.520 58.498 58.476 57.452 57.428 62.404 65.379 62.356 58.338 58.330 52.331 8.336 0.000 0.000 0.000 0.000 0.000 13.698 71.685 96.648 94.644 93.804 100.480 100.408 93.514 94.212 94.061 93.954 94.852 94.756 93.669 97.596 56.545 0.000 0.000 0.000 0.000 0.000 0.000 30.364 56.288 68.136 35.881 17.727 47.677 50.614 48.535 52.423 49.187 46.799 16.441 41.190 45.060 59.974 65.911 68.864 66.830 61.805 54.789 49.780 44.775 22.768 0.000 0.000 0.000 0.000 17.199 35.199 47.199 71.198 72.198 72.198 72.198
58.565 58.544 57.523 55.499 59.474 64.448 65.418 65.386 59.361 56.347 61.341 61.341 22.342 0.000 16.387 46.334 23.221 3.022 59.911 99.787 95.037 95.054 100.539 92.827 94.617 94.273 94.187 94.078 93.975 93.877 95.792 94.725 30.684 0.000 0.000 0.000 0.000 0.000 0.000 34.536 40.478 51.413 0.435 0.000 42.834 50.778 49.687 53.552 53.339 24.069 0.000 36.091 50.032 54.967 75.915 76.875 76.845 77.823 78.807 76.798 57.794 0.000 0.000 0.000 0.000 0.000 0.000 34.197 47.196 71.196 72.196 72.195 72.195
58.611 57.592 57.571 60.547 63.522 64.494 39.461 3.407 32.375 68.356 41.348 15.344 7.343 0.000 27.439 77.394 74.307 66.190 85.064 96.212 93.198 100.622 94.110 94.917 94.485 94.421 94.307 94.199 94.091 94.986 92.897 80.829 27.782 0.782 0.000 0.000 0.000 0.000 37.912 44.765 42.675 43.622 16.644 0.000 49.046 66.978 59.884 54.758 29.549 0.000 0.000 19.050 9.010 48.948 73.908 77.877 75.852 75.833 75.820 77.812 50.809 44.813 44.815 50.815 0.000 0.000 0.000 11.195 46.194 71.194 72.193 72.193 72.192
57.659 56.642 61.622 64.598 64.572 64.545 29.525 0.000 0.000 11.353 2.350 0.000 0.000 0.000 20.537 83.497 89.425 97.337 97.293 94.416 100.966 100.754 94.079 94.790 94.643 94.535 94.429 94.320 94.205 100.079 49.979 17.912 1.851 0.000 2.415 5.415 0.000 29.186 47.059 42.937 42.837 41.755 47.682 13.553 42.327 68.203 67.113 65.049 0.000 0.000 0.000 0.000 0.000 46.908 75.891 79.872 76.854 75.839 73.827 62.820 43.816 39.816 40.816 24.815 0.000 0.000 0.000 0.000 42.192 71.191 72.191 72.190 68.190
56.710 62.695 64.676 64.651 62.622 68.589 38.570 0.000 0.000 0.000 0.000 0.000 0.000 0.000 31.676 89.628 92.567 96.442 95.677 95.688 101.157 93.467 95.173 94.849 94.763 94.656 94.552 98.447 104.330 59.146 28.029 2.980 0.000 0.000 0.000 2.415 30.415 53.312 47.201 40.089 44.981 48.879 45.775 43.650 57.505 61.395 51.318 59.274 0.000 0.000 0.000 0.000 0.000 52.885 76.877 81.866 80.853 76.840 71.831 40.824 38.821 39.819 46.818 0.000 0.000 0.000 0.000 36.189 40.189 69.189 72.189 72.188 66.188
63.766 64.753 64.735 63.709 41.677 7.620 26.595 28.595 0.000 0.000 0.000 0.000 0.000 22.981 75.862 89.784 92.687 94.844 95.853 101.492 101.331 94.444 95.146 94.985 94.880 94.775 98.675 60.587 20.522 0.000 38.011 23.998 0.000 0.000 0.000 0.000 38.519 72.447 63.346 58.234 53.120 54.006 51.889 52.768 65.650 59.554 43.488 45.457 0.000 0.000 0.000 0.000 0.000 52.870 80.866 45.861 43.851 75.839 78.832 48.826 39.823 44.821 14.819 0.000 0.000 0.000 0.000 9.188 36.188 54.188 70.187 73.187 66.186
64.827 64.818 60.800 64.775 46.755 0.000 17.594 47.594 0.000 0.000 0.000 0.000 13.197 75.101 89.007 94.928 94.898 95.039 101.779 101.639 93.775 95.550 95.198 95.109 94.995 94.887 98.787 70.705 2.651 0.000 8.006 11.002 0.000 0.000 0.000 0.000 25.695 57.611 62.501 72.382 68.259 56.135 59.008 67.884 62.771 50.682 42.624 43.608 17.657 18.669 0.000 0.000 0.000 50.859 84.858 0.000 0.000 24.834 71.830 61.827 42.824 21.822 0.000 0.000 0.000 0.000 0.000 0.000 9.187 33.186 59.186 69.185 62.185
62.894 59.891 58.873 74.836 53.813 0.000 16.594 44.594 0.000 0.000 0.000 7.365 71.293 84.217 94.146 97.025 96.269 94.299 101.907 93.086 94.860 91.418 93.345 95.222 95.107 95.992 89.881 79.795 27.723 0.000 0.000 0.000 0.000 0.000 0.000 13.164 47.954 52.802 52.665 54.533 63.400 66.265 69.126 62.988 49.869 43.778 42.720 41.694 45.693 30.681 0.000 0.000 0.000 39.850 76.847 42.840 31.836 23.833 66.829 72.826 52.824 0.000 0.000 3.820 0.000 0.000 0.000 0.000 0.000 28.185 52.184 57.184 44.183
56.971 65.980 61.964 2.882 3.848 0.000 7.594 7.594 0.000 0.000 0.000 8.437 87.394 89.337 97.248 96.414 95.434 102.135 102.026 95.046 94.733 94.574 94.455 93.338 94.218 96.093 52.949 3.872 0.000 0.000 0.000 0.000 0.000 16.827 33.655 48.374 59.155 55.979 54.826 51.684 52.544 55.399 67.242 68.075 59.937 48.843 41.784 41.753 43.742 0.000 0.000 0.000 0.000 24.844 66.841 44.838 40.835 40.832 72.827 75.825 58.823 21.821 11.820 54.820 0.000 0.000 0.000 0.000 0.000 31.183 55.183 50.183 36.182
58.055 68.092 55.122 0.000 0.000 0.000 4.594 16.594 0.594 0.000 0.000 74.551 84.511 96.455 96.450 95.593 102.330 102.236 94.361 96.134 95.785 95.692 95.572 95.454 97.335 47.214 0.000 0.000 0.000 0.000 0.000 6.458 32.283 49.000 61.764 57.523 56.312 56.132 55.975 56.833 54.694 53.546 27.367 46.134 70.961 52.873 40.821 43.792 41.781 29.788 0.000 0.000 0.000 25.840 58.837 36.835 0.000 0.000 28.824 65.823 54.822 63.820 70.820 29.820 0.000 0.000 0.000 0.000 0.000 6.183 46.182 44.182 37.181
56.137 60.212 59.310 35.458 0.000 0.000 0.000 2.594 5.594 0.000 27.801 87.705 94.643 96.564 96.723 94.845 102.416 94.650 96.431 95.996 95.926 95.805 96.689 97.571 59.453 0.000 0.000 0.000 0.000 0.000 8.869 51.633 62.391 58.126 56.876 56.643 56.438 56.262 56.111 55.978 55.854 64.724 3.546 0.000 38.900 47.866 39.835 48.814 48.802 30.795 0.000 0.000 0.000 0.000 42.831 79.829 47.826 0.000 21.822 66.821 60.820 51.819 51.819 0.000 0.000 0.000 0.000 0.000 0.000 0.000 25.181 36.181 37.181
68.201 6.308 62.449 60.606 49.800 8.925 0.000 0.000 0.000 18.965 77.898 91.827 97.766 96.750 95.903 102.563 102.493 95.600 96.297 96.145 96.034 96.924 98.807 59.689 0.000 0.000 0.000 0.000 7.587 38.424 49.105 60.815 57.523 57.237 53.972 53.735 53.535 54.368 56.229 56.113 59.018 35.952 0.000 0.000 18.873 43.857 42.839 60.826 56.818 0.000 0.000 0.000 0.000 0.000 26.826 71.825 83.824 40.821 66.821 80.820 72.819 48.818 41.817 13.816 0.000 0.000 0.000 0.000 0.000 0.000 31.180 37.180 41.179
50.236 3.372 64.572 54.718 61.868 54.050 15.358 2.918 12.030 79.032 87.994 97.951 96.837 97.103 95.129 102.622 94.890 96.682 96.342 96.257 97.149 98.047 51.927 0.000 0.000 0.000 0.000 0.260 50.749 61.580 59.311 57.998 59.649 59.327 65.040 69.790 64.598 57.447 51.325 55.227 61.155 19.113 0.000 0.000 14.861 46.850 47.840 69.831 57.827 0.000 0.000 0.000 0.000 0.000 14.823 66.823 75.821 80.820 76.819 76.819 80.818 64.817 43.816 44.815 13.814 6.813 0.000 0.000 0.000 33.179 38.179 36.179 41.178
0.000 0.000 32.747 83.827 46.903 0.000 0.000 17.114 77.140 82.136 96.115 97.022 97.300 95.229 102.706 95.150 96.958 96.534 96.475 97.364 94.258 49.188 0.000 0.000 0.000 0.000 6.562 53.393 61.077 58.835 58.563 62.216 36.749 15.382 18.070 34.789 60.621 62.495 63.395 55.317 56.261 17.232 0.000 0.000 0.000 27.843 45.838 52.834 51.831 0.831 0.000 0.000 0.000 0.000 14.821 57.820 70.820 75.819 76.818 77.817 73.817 69.816 54.815 42.814 46.814 52.813 0.000 0.000 0.000 0.000 36.178 37.178 39.177
0.000 0.000 9.843 84.939 72.015 0.000 0.000 24.283 85.280 93.269 97.218 98.410 98.444 103.026 102.831 96.101 96.816 96.676 96.578 91.474 81.330 32.259 0.000 0.000 6.040 41.934 50.731 62.546 59.329 59.122 62.891 40.553 0.000 0.000 0.000 20.674 58.601 55.519 59.444 65.384 65.342 43.321 0.000 0.000 0.000 9.840 47.837 41.834 48.833 0.000 0.000 0.000 0.000 0.000 19.819 44.818 61.818 75.817 70.817 63.816 65.816 26.816 51.815 60.814 53.813 49.812 0.000 0.000 0.000 0.000 0.000 31.177 36.177
0.000 0.000 0.000 13.071 62.203 2.343 12.485 78.454 90.432 97.410 97.423 97.597 103.379 103.207 95.390 97.187 96.854 96.781 89.692 55.624 0.000 0.000 0.000 14.245 60.146 54.031 61.883 59.730 59.573 60.432 38.325 0.000 0.000 0.000 0.000 19.633 61.591 55.535 55.479 57.433 61.402 63.390 15.410 0.000 0.000 0.000 28.835 47.834 22.833 0.000 0.000 0.000 0.000 0.000 12.817 40.817 51.817 58.816 50.816 47.816 12.816 0.000 0.813 44.812 48.812 57.812 0.000 0.000 0.000 0.000 0.000 25.177 36.176
0.000 0.000 0.000 0.000 0.391 12.632 81.635 86.613 97.593 97.518 98.797 98.866 103.541 95.690 97.469 97.037 96.976 86.874 75.786 39.705 0.000 0.000 0.000 54.345 76.267 61.162 53.041 60.917 58.801 61.707 31.653 0.000 0.000 0.000 15.659 50.634 57.595 56.550 56.505 53.468 49.441 51.429 13.429 0.000 0.000 0.000 9.834 54.834 2.833 0.000 0.000 0.000 0.000 0.000 12.816 42.816 41.815 40.815 38.815 44.814 0.000 0.000 0.000 19.812 42.811 60.810 4.810 0.000 0.000 0.000 0.000 0.000 29.176
0.000 0.000 0.000 0.000 0.000 84.831 83.809 97.780 97.725 98.921 98.988 103.837 103.693 96.644 98.328 96.171 82.056 70.962 44.874 0.000 0.000 0.000 48.660 66.523 66.415 73.308 61.201 51.097 57.007 66.943 69.926 33.009 0.000 0.000 14.685 62.648 56.606 56.564 55.524 51.491 45.467 46.454 12.449 0.000 0.000 0.000 0.000 27.833 35.833 0.000 0.000 0.000 0.000 0.000 20.815 44.814 38.814 39.814 39.813 41.813 24.812 0.000 0.000 0.000 29.810 50.810 28.809 2.809 0.000 0.000 0.000 0.000 24.176
0.000 0.000 0.000 0.000 24.169 85.053 96.990 97.944 98.947 101.128 104.106 103.973 95.953 97.716 94.367 83.267 72.121 44.041 0.000 0.000 0.000 50.925 71.797 57.673 49.561 63.456 75.356 63.265 66.187 67.130 54.100 60.093 39.044 1.364 22.747 54.667 50.617 57.576 52.537 44.505 43.483 47.470 9.465 0.000 0.000 0.000 0.000 14.833 54.833 0.000 0.000 0.000 0.000 0.000 0.000 26.813 41.813 39.813 39.813 39.812 47.812 0.000 0.000 0.000 0.000 31.809 42.809 48.808 0.000 0.000 0.000 0.000 0.000
0.000 0.000 0.000 0.000 67.285 93.219 99.163 98.063 98.327 96.403 104.232 96.236 98.001 92.569 81.500 56.380 0.000 0.000 0.000 0.000 51.181 72.054 58.929 47.811 47.700 49.598 60.503 75.419 66.348 51.291 59.250 61.218 35.183 0.000 19.702 79.657 66.620 55.586 49.544 45.509 42.490 43.479 37.475 1.477 0.000 0.000 0.000 0.000 33.833 5.833 0.000 0.000 0.000 0.000 0.000 6.812 43.812 39.812 39.812 39.811 41.811 25.811 0.000 0.000 0.000 12.808 39.808 42.808 0.000 0.000 0.000 0.000 0.000
0.000 0.000 0.000 70.588 67.467 73.385 88.294 99.465 96.525 104.468 104.353 97.169 92.855 81.708 60.601 0.000 0.000 32.850 0.000 3.440 76.308 59.180 48.057 48.940 47.831 50.731 64.641 73.561 74.493 58.437 54.391 65.347 39.286 0.000 0.000 10.639 23.621 5.603 0.000 15.496 46.489 53.483 54.479 40.479 0.000 0.000 0.000 0.000 0.000 0.000 0.000 0.000 0.000 0.000 0.000 7.812 43.812 42.812 45.811 40.811 37.811 46.810 0.000 0.000 0.000 19.808 53.808 58.808 0.000 0.000 0.000 0.000 0.000
0.000 0.000 9.809 71.708 68.611 69.531 79.505 95.668 104.688 104.579 96.450 93.215 80.885 54.808 0.000 0.000 49.902 48.850 30.743 14.573 64.431 48.301 49.177 48.062 48.954 63.856 69.767 33.690 24.625 76.573 62.531 40.495 1.401 0.000 0.000 0.000 0.000 0.000 0.000 12.490 64.487 58.483 55.481 51.480 6.480 0.000 0.000 0.000 0.000 0.000 0.000 0.000 0.000 0.000 0.000 31.811 40.811 15.811 0.000 15.810 40.810 44.810 0.000 0.000 0.000 21.808 57.808 26.808 0.000 0.000 0.000 0.000 0.000
0.000 84.993 72.910 69.824 67.747 68.625 69.867 73.929 104.793 95.693 91.454 81.043 54.999 0.000 0.000 0.000 53.955 51.904 71.807 55.677 48.543 49.414 48.291 51.175 71.068 67.970 48.883 44.808 49.746 77.698 74.665 38.647 0.000 0.000 0.000 0.000 0.000 0.000 0.000 12.488 71.485 71.483 66.482 57.481 2.480 0.000 0.000 0.000 0.000 0.000 0.000 0.000 0.000 0.000 4.810 43.810 45.811 0.000 0.000 0.809 43.810 44.809 0.000 0.000 0.000 0.000 28.808 0.000 0.000 0.000 0.000 0.000 0.000
1.185 83.077 97.012 88.941 73.843 75.000 67.047 104.991 104.894 74.576 79.253 55.150 0.000 0.000 0.000 0.000 56.059 69.003 66.905 48.783 48.652 48.522 59.397 71.280 60.172 49.074 48.987 48.913 49.853 58.808 76.782 72.783 33.835 0.000 0.000 0.000 0.000 0.000 0.000 0.000 57.484 59.482 71.481 72.481 28.480 0.000 0.000 0.000 0.000 0.000 0.000 0.000 0.000 0.000 35.810 45.810 22.810 0.000 0.000 4.809 44.809 42.809 0.000 0.000 0.000 0.000 0.000 0.000 0.000 0.000 0.000 0.000 0.000
19.271 96.194 99.124 99.053 94.026 84.180 105.180 105.086 66.730 61.514 0.000 0.000 0.000 0.000 0.000 0.000 67.220 72.143 48.029 49.897 49.760 61.625 70.496 52.376 49.265 49.166 49.078 49.004 48.944 48.900 57.873 77.868 70.886 44.916 35.928 39.931 8.932 0.000 0.000 0.000 0.000 37.482 77.481 77.480 38.480 0.000 0.000 0.000 0.000 0.000 0.000 0.000 0.000 0.000 24.810 23.810 0.000 0.000 0.000 0.000 24.809 51.809 0.000 0.000 0.000 0.000 0.000 0.000 0.000 0.000 0.000 0.000 0.000
89.378 99.305 99.241 99.126 103.368 94.425 105.272 66.817 69.498 64.222 0.000 0.000 0.000 0.000 0.000 60.626 72.458 49.319 50.171 50.018 57.866 70.721 48.586 49.462 49.348 49.246 49.157 49.081 49.020 48.974 48.943 52.928 53.927 48.934 49.937 56.934 38.933 0.000 0.000 0.000 0.000 0.000 32.480 68.480 31.480 0.000 0.000 0.000 0.000 0.000 0.000 0.000 0.000 0.000 0.000 0.000 0.000 0.000 0.000 0.000 0.000 3.809 0.000 0.000 0.000 0.000 0.000 0.000 0.000 0.000 0.000 0.000 0.000
95.479 95.417 99.327 100.488 97.533 105.450 105.361 71.459 55.869 1.092 4.091 1.091 0.000 0.000 0.000 77.794 54.669 50.502 50.320 52.137 72.965 52.807 49.665 49.537 49.420 49.314 49.221 49.144 49.081 49.033 48.998 47.974 46.961 49.955 31.953 0.000 0.000 0.000 0.000 0.000 0.000 0.000 0.000 61.480 49.479 16.479 0.000 0.000 0.000 0.000 0.000 0.000 0.000 0.000 0.000 0.000 0.000 0.000 0.000 0.000 0.000 0.000 0.000 0.000 0.000 0.000 0.000 0.000 0.000 0.000 0.000 0.000 0.000
74.592 74.526 78.503 74.658 105.624 105.537 82.992 64.149 55.008 0.000 0.000 1.091 0.000 0.000 0.000 53.086 48.920 48.702 47.468 60.245 53.049 46.878 47.730 47.600 47.481 47.369 48.271 49.191 49.128 49.078 48.040 46.010 47.987 47.973 44.966 34.967 37.966 39.965 38.964 40.963 11.963 0.000 0.000 0.000 58.479 30.479 0.000 0.000 0.000 0.000 0.000 0.000 0.000 0.000 0.000 0.000 0.000 0.000 0.000 0.000 0.000 0.000 0.000 0.000 0.000 0.000 0.000 0.000 0.000 0.000 0.000 0.000 0.000
89.707 111.595 76.840 106.897 105.708 65.570 56.152 0.000 70.284 28.588 0.000 0.000 0.000 0.000 96.944 75.545 46.224 53.919 64.604 63.328 59.109 56.925 56.779 56.653 55.534 49.411 45.303 49.222 49.160 49.113 48.075 48.041 52.003 51.983 52.973 62.969 62.967 58.965 51.964 50.963 29.962 0.000 0.000 0.000 17.479 23.479 0.000 0.000 0.000 0.000 0.000 0.000 0.000 0.000 0.000 0.000 0.000 0.000 0.000 0.000 0.000 0.000 0.000 0.000 0.000 0.000 0.000 0.000 0.000 0.000 0.000 0.000 0.000
137.788 116.384 114.429 105.865 105.788 93.662 0.000 37.235 65.235 138.893 114.426 0.840 44.420 33.881 95.343 54.926 52.513 124.146 114.701 110.353 110.132 108.935 107.807 106.699 105.591 76.437 43.309 49.232 49.178 49.138 49.106 41.073 0.000 0.000 0.000 0.000 0.000 0.000 15.963 67.962 46.962 17.961 0.000 0.000 0.000 0.000 0.000 0.000 0.000 0.000 0.000 0.000 0.000 0.000 0.000 0.000 0.000 0.000 0.000 0.000 0.000 0.000 0.000 0.000 0.000 0.000 0.000 0.000 0.000 0.000 0.000 0.000 0.000
95.958 115.544 106.007 105.937 90.196 0.000 0.000 0.000 8.528 60.325 48.054 0.000 25.863 0.000 54.620 51.303 60.756 116.451 0.000 2.230 0.000 52.877 61.813 122.746 35.695 0.000 53.264 49.220 49.183 50.156 32.139 0.000 0.000 0.000 0.000 0.000 0.000 0.000 0.000 20.961 67.961 23.961 0.000 0.000 0.000 0.000 0.000 0.000 0.000 0.000 0.000 0.000 0.000 0.000 0.000 0.000 0.000 0.000 0.000 0.000 0.000 0.000 0.000 0.000 0.000 0.000 0.000 0.000 0.000 0.000 0.000 0.000 0.000
116.715 114.768 106.072 114.689 116.536 36.824 0.000 16.025 43.025 52.823 29.412 6.359 47.306 92.802 91.214 83.912 0.000 35.451 0.000 14.083 35.982 63.882 108.823 71.778 36.748 0.000 0.000 55.199 49.179 50.163 31.154 0.000 0.000 0.000 0.000 0.000 0.000 0.000 0.000 0.000 14.960 53.960 18.959 0.000 0.000 0.000 0.000 0.000 0.000 0.000 0.000 0.000 0.000 0.000 0.000 0.000 0.000 0.000 0.000 0.000 0.000 0.000 0.000 0.000 0.000 0.000 0.000 0.000 0.000 0.000 0.000 0.000 0.000
114.850 106.189 106.133 95.196 37.961 0.000 0.000 0.000 4.724 31.530 0.000 0.000 40.200 83.887 137.523 73.217 0.000 0.000 0.000 0.000 0.000 77.845 112.820 42.794 39.771 0.000 0.000 0.000 54.169 48.164 46.160 44.161 32.161 0.000 0.000 0.000 0.000 0.000 0.000 0.000 9.959 67.959 25.959 0.000 0.000 0.000 0.000 0.000 0.000 0.000 0.000 0.000 0.000 0.000 0.000 0.000 0.000 0.000 0.000 0.000 0.000 0.000 0.000 0.000 0.000 0.000 0.000 0.000 0.000 0.000 0.000 0.000 0.000
