results4_8e4_rain/res_4e8f-0126.wd
ncols         241
nrows         181
xllcorner     12693529.787448
yllcorner     3542525.717860
cellsize      155.156523
NODATA_value  -9999.000000
[rows 132 to 164 of 181, columns 0 to 72 of 241]
94.821 99.821 103.820 103.819 105.818 105.817 99.815 90.814 76.811 65.809 64.806 65.803 64.799 63.794 68.790 82.784 93.778 98.770 98.762 95.752 87.740 78.726 69.708 63.687 68.658 70.625 69.587 70.544 68.507 63.474 77.441 100.409 67.382 0.000 0.000 0.000 7.082 59.075 71.069 68.046 70.027 76.014 94.011 80.012 64.017 63.023 63.032 75.043 96.055 37.068 10.084 5.110 0.000 0.000 0.000 0.000 0.000 0.000 0.000 0.000 0.000 0.000 0.000 0.000 26.661 6.584 10.506 51.407 74.263 78.163 78.055 88.141 115.606
72.825 74.825 77.824 83.824 93.823 99.821 104.820 104.818 97.815 83.813 72.810 66.806 70.802 77.798 90.793 105.787 104.781 101.773 101.765 104.754 104.743 100.728 88.712 76.691 68.667 63.639 64.608 63.576 64.546 72.519 94.494 102.474 14.460 0.000 0.000 0.000 17.089 45.097 63.125 72.120 73.105 70.087 71.086 81.087 76.088 69.090 73.092 81.095 94.099 35.106 21.116 27.136 7.157 0.000 0.000 0.000 0.000 0.000 0.000 0.000 0.000 0.000 0.000 0.000 8.738 0.000 58.530 80.451 76.331 85.303 76.367 115.730 104.488
64.830 64.830 64.829 66.828 71.827 75.826 82.824 91.822 99.820 102.817 96.814 94.811 96.807 99.802 98.797 91.791 82.785 80.777 80.769 85.759 91.747 98.734 101.718 100.700 89.679 79.656 74.631 72.606 81.582 97.561 98.544 84.531 17.525 0.000 0.000 0.000 0.000 0.000 46.216 73.205 52.184 40.144 55.160 70.162 85.159 89.155 91.150 92.145 88.142 15.142 2.139 30.160 27.178 15.199 21.212 15.218 0.000 0.000 0.000 0.000 0.000 0.000 42.958 12.907 78.815 100.749 133.603 89.577 84.628 65.585 101.650 106.167 106.074
65.835 65.834 65.834 65.833 64.832 63.831 65.829 70.827 76.825 86.822 96.819 98.816 91.812 81.807 75.802 67.796 63.790 63.783 63.775 65.765 70.754 76.742 83.728 95.712 100.694 102.675 101.655 97.635 100.616 93.600 75.588 67.581 46.584 4.607 0.000 0.000 0.000 0.000 39.318 72.299 15.284 0.000 48.248 73.241 92.232 100.221 86.208 89.193 75.183 33.178 0.000 57.187 26.197 18.207 29.219 29.225 0.429 0.000 0.000 0.000 0.000 30.063 49.009 121.949 150.872 133.753 117.307 116.252 107.923 106.562 106.439 106.308 71.531
65.840 65.840 65.839 65.838 65.837 65.836 65.834 64.833 64.830 67.828 73.825 72.821 68.817 64.813 64.808 64.802 65.796 65.789 65.781 65.773 64.763 63.751 65.739 71.725 78.710 87.694 95.678 91.662 80.648 68.636 64.626 69.622 77.623 53.630 31.635 31.622 17.591 18.535 54.440 75.388 25.369 7.380 67.342 99.323 101.308 80.290 83.267 82.238 70.219 59.211 10.207 38.203 12.215 0.422 13.231 0.367 2.530 0.531 0.000 0.000 0.000 11.120 74.065 79.984 75.971 77.130 75.104 106.893 106.789 106.680 73.878 76.656 78.528
65.845 65.845 65.845 65.844 65.843 65.842 65.840 65.838 65.836 65.833 64.830 64.827 64.823 65.818 65.814 65.809 65.803 65.797 65.789 65.781 65.772 65.762 65.751 64.739 63.727 64.714 68.701 66.688 65.677 69.668 72.661 71.657 69.656 71.656 71.653 68.640 68.615 72.575 47.517 33.443 22.425 40.429 85.417 99.402 79.385 72.364 71.333 51.271 47.243 10.239 0.000 0.000 0.665 2.724 0.000 0.000 6.548 21.531 36.490 6.427 20.347 83.200 90.188 88.260 86.246 87.326 107.087 106.992 88.123 94.915 87.769 93.542 85.385
65.851 65.851 65.850 65.850 65.849 65.848 65.846 65.844 65.842 65.840 65.837 65.833 65.829 65.825 65.820 65.816 65.810 65.805 65.798 64.791 71.783 73.774 65.765 64.755 63.744 64.734 66.723 69.713 72.705 71.698 66.692 67.689 74.687 77.685 73.681 67.671 64.655 73.633 4.611 0.000 7.459 80.493 89.495 76.484 68.467 88.447 34.431 0.000 0.000 0.685 1.765 1.770 1.763 2.756 0.000 0.000 31.582 73.555 102.512 63.451 96.336 104.495 101.458 100.549 107.353 107.268 107.179 100.207 102.085 101.784 100.646 99.578 17.496
65.857 65.857 65.856 65.856 65.855 65.854 65.853 65.851 65.849 65.847 68.844 68.840 66.836 70.831 68.827 65.823 65.819 65.814 64.808 62.802 73.795 81.787 67.779 64.770 66.762 69.753 71.745 70.737 67.731 69.726 74.722 76.719 77.718 77.716 72.713 66.708 75.700 94.691 13.684 0.000 0.000 54.590 77.585 74.572 78.551 98.527 32.511 0.000 1.761 1.761 1.773 1.782 1.776 3.782 0.000 29.694 81.645 97.595 100.528 105.529 102.696 99.688 107.585 107.511 107.434 99.517 100.303 101.177 100.858 100.831 93.764 70.672 0.000
65.863 65.863 65.863 65.862 65.861 65.860 65.859 65.858 65.856 66.854 73.851 73.848 50.844 18.837 39.833 69.831 63.828 66.823 72.819 75.813 75.807 71.800 67.793 68.786 71.779 70.772 69.766 71.760 75.756 75.752 77.750 76.749 67.749 62.749 64.749 77.748 96.747 106.747 28.749 0.000 0.000 29.692 85.682 87.667 94.640 93.599 29.576 0.000 1.762 0.000 0.812 1.811 0.000 7.814 33.799 77.752 99.674 102.693 101.785 101.790 100.884 107.724 107.656 99.721 100.522 101.385 101.173 101.029 100.987 92.921 84.880 0.000 0.000
65.870 65.869 65.869 65.869 65.868 65.867 65.866 65.865 65.864 67.862 76.859 87.857 63.853 0.849 6.838 54.839 80.837 72.834 70.830 70.825 68.820 67.814 69.808 71.802 69.796 65.791 67.786 79.782 81.779 71.778 65.777 62.778 62.780 67.782 81.785 97.788 94.793 78.801 50.815 18.848 12.847 56.803 85.787 67.773 58.743 50.653 15.618 0.143 0.066 20.853 11.848 1.840 0.000 26.862 77.837 99.756 101.956 100.951 101.062 107.918 107.856 107.791 99.782 101.667 101.380 101.255 101.201 101.130 95.055 81.992 71.956 0.000 0.000
65.876 65.876 65.876 65.875 65.875 65.874 65.874 65.873 65.871 67.870 77.868 64.866 20.862 2.865 0.000 22.851 76.849 68.845 70.842 69.837 67.833 70.828 71.823 68.818 65.813 61.809 71.806 85.803 72.802 62.802 63.803 68.806 78.810 89.814 100.820 93.827 71.836 66.848 85.864 92.882 93.890 97.886 72.888 33.896 5.905 0.000 0.232 0.269 0.000 33.857 20.861 0.944 31.973 77.910 99.933 102.125 101.146 108.089 108.035 107.978 100.049 100.848 101.738 101.437 101.423 101.364 101.290 102.199 90.121 61.036 49.996 7.996 1.996
64.883 64.883 65.882 65.882 65.882 65.881 65.881 65.880 65.880 68.879 78.878 49.877 0.000 8.875 46.874 48.866 65.861 67.857 55.854 37.850 75.846 70.842 66.838 65.834 63.830 65.827 81.824 84.823 66.823 69.825 81.828 90.833 99.839 97.846 85.854 71.864 64.876 80.891 84.909 72.928 53.945 51.962 39.985 20.019 9.075 3.193 1.326 21.371 16.379 0.000 0.000 26.050 78.078 101.184 102.207 100.320 108.191 108.141 100.212 101.024 101.902 101.709 101.588 101.565 101.512 101.462 104.393 68.261 48.191 0.000 0.000 0.000 0.000
73.890 71.890 68.889 66.889 63.889 63.889 63.889 63.888 62.888 67.887 79.887 62.887 43.889 51.884 69.881 65.877 62.873 68.869 63.866 50.863 70.859 64.856 63.853 63.849 65.846 79.843 87.841 53.841 45.843 95.846 100.852 95.859 84.867 74.876 66.887 62.899 73.914 85.932 53.952 28.976 12.002 3.032 20.070 19.119 9.184 10.270 13.354 41.393 25.386 0.000 0.000 58.316 100.347 99.471 108.334 108.288 108.241 100.248 102.142 101.868 101.760 101.730 103.687 98.637 100.607 101.580 112.558 0.000 0.000 0.000 0.000 0.000 0.000
74.898 76.897 82.895 83.895 83.896 80.897 81.897 80.897 79.896 79.896 81.896 64.895 68.895 67.893 64.890 67.887 67.884 66.881 71.878 73.876 67.873 61.870 63.867 65.865 79.862 84.859 73.857 67.857 76.860 99.866 82.875 73.884 65.894 63.905 65.917 64.932 78.949 87.969 51.993 28.021 16.054 18.094 21.143 13.203 14.272 20.349 22.419 15.461 0.000 0.000 36.553 78.566 108.459 108.419 108.378 100.483 101.288 102.187 101.896 101.892 102.850 102.805 75.761 53.699 88.698 102.692 107.701 47.759 0.000 0.000 0.000 0.000 0.000
67.907 61.906 14.900 16.899 25.903 72.905 69.905 69.905 69.905 73.905 82.904 63.904 64.903 63.902 66.900 70.897 71.895 69.893 68.891 71.889 72.887 69.884 63.882 80.880 86.877 77.874 83.871 100.871 97.875 79.883 67.896 63.908 65.920 65.932 64.946 69.962 85.981 88.003 80.029 83.060 54.099 16.147 8.207 7.277 19.354 26.434 16.510 13.574 5.599 31.733 79.734 108.531 108.496 100.625 101.434 102.321 102.134 102.020 102.005 102.958 100.918 94.877 19.856 0.000 70.794 105.790 102.797 101.816 0.000 0.000 0.000 0.000 0.000
65.918 57.918 0.000 0.000 7.913 68.914 64.914 64.914 64.914 68.914 82.913 60.913 64.912 68.911 70.910 71.908 68.906 65.905 63.903 65.902 75.900 88.899 83.897 84.896 61.893 55.889 107.883 93.881 60.884 20.895 40.919 68.933 65.945 65.958 67.973 60.990 45.010 35.033 47.060 87.093 63.134 16.188 11.259 6.346 15.432 20.523 14.617 19.697 19.782 57.877 108.584 99.815 103.553 102.458 102.272 102.162 102.139 102.103 103.062 103.025 67.986 43.931 29.930 32.936 83.893 104.878 100.879 91.894 9.928 0.000 0.000 0.000 0.000
65.928 65.930 48.935 0.000 8.923 69.923 65.923 65.923 64.923 65.923 80.922 67.922 70.921 72.921 71.920 66.919 63.917 64.916 64.915 63.915 73.914 96.913 92.913 79.912 72.910 63.906 39.892 28.886 15.885 0.000 21.952 70.959 65.969 67.982 50.997 25.015 10.035 7.059 49.086 66.118 35.156 7.213 10.295 15.414 22.507 18.610 12.735 5.858 9.176 57.117 108.651 102.703 102.464 102.286 102.271 102.236 102.196 102.158 100.124 91.092 24.070 0.000 40.996 99.985 104.964 102.950 96.947 86.952 4.962 0.000 0.000 0.000 0.000
62.938 64.938 61.940 0.000 4.933 69.933 64.932 62.932 64.932 68.932 72.932 71.931 71.931 69.930 63.930 64.929 64.929 65.928 65.928 70.927 88.927 87.928 80.928 89.929 87.931 58.932 0.000 0.000 0.000 0.000 19.978 70.983 65.991 69.004 40.018 2.036 36.057 62.081 82.108 51.136 3.159 0.000 0.000 4.507 14.572 14.677 14.824 9.135 6.037 108.841 108.748 101.609 102.456 102.357 102.323 102.285 102.249 104.213 89.181 72.152 32.130 8.120 56.072 86.046 95.026 104.012 93.006 82.005 4.007 0.000 0.000 0.000 0.000
69.946 67.946 56.947 0.000 55.942 63.942 65.942 69.941 70.941 71.941 69.941 70.941 68.940 64.940 64.940 65.940 65.940 64.940 66.940 89.940 88.941 70.942 83.944 81.946 85.951 83.959 46.979 2.991 11.999 42.002 46.998 67.002 66.010 66.022 61.037 53.055 70.077 69.101 63.129 85.159 33.185 0.000 0.000 8.536 13.597 11.695 12.819 37.002 61.420 108.927 103.938 103.685 103.425 102.412 102.372 102.336 103.300 101.266 56.234 33.205 45.180 46.157 100.127 102.102 82.082 92.068 87.059 60.055 25.053 0.000 0.000 0.000 0.000
70.954 71.954 68.955 56.956 70.953 70.951 70.951 71.950 71.950 72.950 84.950 66.950 64.950 64.950 65.950 65.950 65.951 66.951 80.952 91.952 66.954 70.956 97.958 89.962 77.967 80.975 83.987 67.996 73.004 88.008 81.011 69.017 62.026 62.038 73.053 89.071 76.092 48.118 20.148 75.185 64.238 13.326 16.410 21.502 17.587 8.689 10.769 52.059 104.308 109.007 100.918 103.569 104.497 102.459 102.422 102.386 95.350 85.316 42.285 13.255 22.228 23.202 84.176 126.152 107.133 83.118 75.108 54.101 63.099 16.099 0.000 2.270 6.270
75.961 75.961 71.961 71.962 71.961 72.960 72.960 68.960 65.959 64.959 27.960 17.960 68.960 65.960 65.961 65.961 64.961 67.962 91.963 77.965 62.966 68.969 85.972 102.976 97.981 94.988 92.996 89.004 85.011 84.017 92.022 89.029 83.039 79.050 82.065 86.083 48.104 12.130 11.159 27.196 23.255 8.331 17.402 27.477 23.561 14.673 7.833 51.081 109.154 109.082 103.812 105.655 102.542 102.509 103.471 99.434 83.399 76.365 82.333 88.302 72.274 94.247 109.221 126.199 135.179 119.164 81.152 86.145 61.142 0.000 0.000 0.000 0.000
14.969 15.968 75.968 70.969 70.969 65.969 62.968 64.968 59.968 12.969 12.969 1.969 69.970 65.970 65.971 65.971 65.972 83.973 90.975 63.976 65.978 65.981 68.984 74.988 76.993 76.999 73.006 76.012 92.019 85.025 76.032 79.039 86.049 90.060 93.074 90.092 65.113 30.137 13.163 12.186 0.000 1.345 12.391 21.442 5.501 0.000 21.024 81.265 109.224 101.157 104.880 104.616 102.599 102.557 103.519 98.482 85.446 51.412 58.379 101.348 112.318 144.291 135.265 107.242 95.221 112.205 91.193 85.185 60.181 0.000 0.000 0.000 0.000
1.977 10.976 24.973 79.976 64.977 62.977 64.977 64.977 65.977 12.978 3.978 58.979 66.979 65.980 65.981 65.982 67.983 91.984 76.986 62.987 65.990 65.992 65.996 65.000 65.004 65.009 64.015 71.021 100.027 79.033 10.040 18.047 30.056 81.067 91.080 75.097 80.117 67.143 19.171 16.198 1.257 6.318 19.356 11.399 0.000 0.000 39.180 109.358 109.292 104.039 105.778 101.685 102.645 102.605 102.566 102.528 89.492 52.457 67.423 104.391 100.361 134.332 129.306 98.281 103.260 89.242 70.229 88.220 66.217 0.238 0.000 0.000 0.000
63.985 59.985 0.000 71.985 81.985 82.986 63.986 75.986 82.986 58.987 56.987 66.988 65.989 65.990 65.991 65.992 84.993 88.995 63.996 65.998 65.001 64.003 66.007 66.011 66.015 66.019 65.024 73.030 102.035 83.041 29.047 2.054 53.062 78.072 91.083 70.098 60.117 19.147 12.181 15.212 13.252 21.291 25.314 0.000 0.000 18.108 80.351 109.423 101.298 105.017 104.758 102.735 102.691 102.650 102.611 103.573 94.536 83.501 106.466 131.434 119.402 136.372 133.344 127.318 134.295 100.275 77.260 87.250 95.248 24.258 0.000 0.000 0.000
65.994 64.995 59.997 65.995 64.994 12.994 86.994 78.995 65.995 66.996 66.997 65.997 65.998 66.000 66.001 69.002 92.003 75.005 65.007 66.009 72.011 80.014 66.017 64.021 66.025 65.029 68.034 92.038 100.043 75.049 63.054 51.060 73.067 72.075 33.083 18.093 15.105 0.000 4.193 4.218 5.250 6.279 8.297 0.000 21.189 78.329 100.487 109.485 102.260 102.901 102.822 102.778 102.736 102.695 102.655 103.616 94.579 77.543 73.508 106.474 96.442 110.411 113.381 101.353 103.327 75.304 52.286 66.273 133.268 86.268 21.271 11.272 33.272
66.002 66.002 66.003 66.002 66.002 60.002 76.003 92.003 68.004 65.005 66.006 66.007 66.008 66.009 65.011 88.012 90.013 64.015 66.017 67.019 64.022 26.025 85.028 80.031 67.035 65.039 83.043 102.047 86.051 66.056 66.060 67.065 70.071 74.076 11.082 12.088 0.000 1.173 16.179 0.000 0.000 0.000 0.000 0.000 44.317 101.473 109.603 109.545 102.146 102.977 102.860 102.822 102.779 102.738 102.698 101.659 86.621 88.584 108.549 127.514 126.480 131.448 136.416 123.385 121.355 108.328 57.306 55.290 131.281 95.276 33.273 26.272 91.272
66.009 66.009 66.009 66.010 66.010 66.011 66.011 77.012 92.013 68.014 65.015 66.016 66.017 64.019 72.020 93.022 73.023 65.025 67.026 65.028 7.032 4.035 73.038 74.041 80.044 79.048 87.051 86.055 67.059 65.063 67.067 70.070 75.074 75.077 0.000 0.000 0.000 3.167 27.169 14.166 15.165 14.164 0.000 5.507 52.607 106.698 109.660 101.487 103.198 102.931 102.910 102.863 102.821 102.779 102.739 102.700 88.662 84.625 105.588 106.553 106.518 109.483 109.450 108.416 113.382 86.347 62.319 77.300 92.289 31.283 0.000 0.000 35.272
66.016 68.016 68.016 66.017 66.018 66.019 66.019 66.020 77.021 92.022 68.024 63.025 63.027 80.028 92.030 86.032 63.034 66.035 62.036 8.035 5.042 59.045 66.048 66.051 72.054 89.057 89.060 82.063 75.066 67.070 54.073 24.076 89.078 69.080 0.000 0.000 0.000 2.163 16.164 9.164 23.164 12.164 0.000 5.700 25.772 109.771 109.716 102.356 103.087 102.991 102.948 102.904 102.861 102.820 102.780 103.740 98.702 88.664 83.627 82.590 82.554 82.519 82.484 86.448 60.409 4.360 30.323 86.303 82.291 43.284 5.281 0.000 34.272
67.024 4.024 5.021 66.024 65.026 64.027 64.027 63.028 63.030 76.031 91.033 84.034 91.036 93.038 80.040 64.042 71.044 71.046 59.048 0.000 7.055 70.057 66.059 68.061 92.064 99.066 77.069 68.071 75.074 82.076 70.079 6.082 49.084 67.085 0.000 0.000 0.000 3.157 9.159 6.162 20.163 0.000 0.000 5.848 11.190 109.825 107.610 103.319 103.059 103.034 102.987 102.943 102.901 102.859 102.819 102.780 103.741 102.703 100.666 99.628 99.590 100.554 102.518 76.482 18.445 0.000 15.311 71.299 102.289 93.282 66.278 42.274 59.272
66.032 65.032 0.028 65.034 76.034 80.035 84.036 89.037 92.038 93.040 93.041 93.043 79.045 66.047 82.050 99.052 100.054 100.057 93.061 71.067 6.067 67.068 65.069 74.071 102.073 89.075 66.077 65.079 67.081 70.083 61.086 6.088 26.090 26.092 0.000 0.000 0.000 9.149 4.154 0.000 3.163 0.000 13.817 15.128 6.051 109.876 111.559 107.195 103.114 103.069 103.024 102.981 102.939 102.898 102.858 102.819 102.780 102.742 102.704 102.665 103.626 106.589 78.553 11.518 0.000 0.000 0.000 16.291 72.284 103.277 94.273 70.271 47.272
66.041 68.041 64.044 66.042 81.042 80.043 76.043 72.045 71.046 67.048 88.050 78.052 89.054 80.057 96.059 92.062 85.065 86.068 97.071 103.075 92.076 93.078 85.079 93.081 101.083 74.084 65.086 66.087 66.089 65.091 65.092 67.094 62.097 11.100 71.108 62.114 1.125 3.137 0.000 0.000 0.000 4.679 82.761 79.974 109.970 109.924 105.437 106.263 103.144 103.105 103.060 103.017 102.976 102.936 102.896 102.857 102.819 102.781 102.743 104.702 109.659 78.622 18.588 0.000 0.000 0.000 0.000 0.000 13.277 64.271 99.267 49.266 0.000
68.048 4.048 63.049 66.049 66.050 66.050 65.051 66.052 68.054 66.056 78.058 73.061 82.063 93.066 81.069 66.072 67.075 68.078 69.081 74.084 87.086 97.088 103.090 101.091 90.092 66.093 66.094 66.095 66.096 66.097 67.099 90.100 63.102 3.105 67.109 17.115 11.123 4.130 0.000 0.000 0.000 14.628 102.836 105.039 110.014 103.772 103.475 103.208 103.186 103.138 103.095 103.053 103.012 102.972 102.933 102.895 102.858 102.821 104.783 89.743 43.685 10.654 0.000 0.000 0.000 0.000 0.000 0.000 0.000 35.261 97.260 49.259 0.000
69.055 2.055 63.056 66.056 66.057 66.058 66.059 67.060 5.061 65.064 69.067 80.070 80.072 88.075 93.078 79.081 64.085 64.088 64.091 66.094 68.097 69.099 70.100 70.101 69.102 68.102 64.103 64.103 65.104 66.104 77.105 91.105 62.106 56.107 58.109 0.000 0.000 4.129 0.000 0.000 0.000 18.681 101.796 110.098 110.056 102.628 103.356 103.259 103.215 103.171 103.128 103.087 103.047 103.008 102.970 102.932 102.896 102.860 107.827 63.801 0.000 0.000 0.000 0.000 0.000 0.000 0.000 0.000 0.000 38.253 98.252 57.251 0.000
