results4_8e4_rain/res_4e8f-0070.wd
ncols         241
nrows         181
xllcorner     12693529.787448
yllcorner     3542525.717860
cellsize      155.156523
NODATA_value  -9999.000000
[rows 32 to 63 of 181, columns 148 to 221 of 241]
58.473 59.212 32.875 23.566 43.270 36.994 18.760 0.000 0.000 13.013 28.014 33.015 19.017 40.021 32.022 0.000 0.000 8.620 39.620 0.000 0.000 16.189 10.168 7.141 0.000 0.000 23.585 19.515 15.412 17.346 22.292 22.246 20.206 31.171 23.134 0.000 41.969 33.954 33.937 25.916 6.906 24.901 32.901 0.000 0.000 0.000 0.000 0.000 0.000 0.000 0.000 0.000 0.000 0.000 0.000 0.000 0.000 0.000 0.000 0.000 0.000 0.000 0.000 0.000 0.000 0.000 0.000 0.000 0.000 0.000 0.000 0.000 0.000 0.000
58.894 59.569 26.270 37.984 59.716 53.454 32.107 0.000 0.000 12.012 0.000 0.000 9.034 34.051 21.053 0.000 0.000 0.000 25.621 33.591 0.000 18.208 10.156 11.075 14.939 23.802 41.655 32.548 27.451 22.372 23.305 23.248 22.197 21.149 20.098 28.034 37.982 29.951 29.926 27.907 6.895 20.890 28.896 0.000 0.000 0.000 0.000 0.000 0.000 0.000 0.000 0.000 0.000 0.000 0.000 0.000 0.000 0.000 0.000 0.000 0.000 0.000 0.000 0.000 0.000 0.000 0.000 0.000 0.000 0.000 0.000 0.000 0.000 0.000
59.224 59.930 37.647 55.385 58.157 51.997 0.000 0.000 0.000 14.012 0.000 0.000 0.000 18.096 18.086 26.075 0.000 38.731 26.651 13.562 22.429 13.280 11.172 11.064 9.940 11.812 39.685 37.573 37.472 39.385 32.310 34.244 33.185 33.130 33.076 34.022 37.976 35.940 36.912 31.890 8.876 7.869 0.000 0.000 0.000 0.000 0.000 0.000 0.000 0.000 0.000 0.000 0.000 0.000 0.000 0.000 0.000 0.000 0.000 0.000 0.000 0.000 0.000 0.000 0.000 0.000 0.000 0.000 0.000 0.000 0.000 0.000 0.000 0.000
59.562 59.276 59.004 59.752 51.531 38.379 0.000 0.000 0.000 0.000 0.000 0.000 0.000 15.150 12.122 25.064 29.956 21.810 30.692 28.575 9.446 10.312 11.189 11.068 22.945 26.821 30.700 23.585 20.481 30.388 4.306 11.234 6.169 6.110 6.055 9.003 34.958 23.921 21.891 23.868 8.850 10.840 0.000 0.000 0.000 0.000 0.000 0.000 0.000 0.000 0.000 0.000 0.000 0.000 0.000 0.000 0.000 0.000 0.000 0.000 0.000 0.000 0.000 0.000 0.000 0.000 0.000 0.000 0.000 0.000 0.000 0.000 0.000 0.000
59.890 59.609 60.340 55.086 36.838 27.608 36.608 0.000 0.000 0.000 0.000 0.000 0.000 12.233 11.186 14.105 9.994 20.863 23.733 26.602 15.468 10.333 10.203 10.076 34.952 40.829 22.708 16.589 16.477 17.379 14.292 14.216 14.148 15.086 18.030 14.979 35.933 27.895 25.864 25.838 7.819 21.802 47.779 0.000 0.000 0.000 0.000 0.000 0.000 0.000 0.000 0.000 0.000 0.000 0.000 0.000 0.000 0.000 0.000 0.000 0.000 0.000 0.000 0.000 0.000 0.000 0.000 0.000 0.000 0.000 0.000 0.000 0.000 0.000
60.210 59.931 56.662 42.415 31.126 0.000 0.000 0.000 0.000 17.263 0.000 0.000 0.000 11.364 12.284 12.176 11.051 10.914 16.774 9.632 9.490 11.350 10.214 9.083 32.957 29.835 37.713 41.586 40.462 35.358 31.269 33.191 29.121 33.057 33.000 33.948 37.902 35.863 36.831 32.804 7.784 19.769 41.757 0.000 0.000 0.000 0.000 0.000 0.000 0.000 0.000 0.000 0.000 0.000 0.000 0.000 0.000 0.000 0.000 0.000 0.000 0.000 0.000 0.000 0.000 0.000 0.000 0.000 0.000 0.000 0.000 0.000 0.000 0.000
60.523 60.243 49.963 31.784 0.000 0.000 0.000 0.000 15.317 18.263 31.162 31.018 18.827 11.574 11.411 12.266 12.120 10.970 9.817 10.663 10.511 10.362 9.220 18.085 36.958 15.840 29.725 6.579 39.427 29.321 28.235 28.158 25.088 30.023 30.964 30.911 37.864 35.824 32.791 32.765 7.745 21.732 40.724 0.000 0.000 0.000 0.000 0.000 0.000 0.000 0.000 0.000 0.000 0.000 0.000 0.000 0.000 0.000 0.000 0.000 0.000 0.000 0.000 0.000 0.000 0.000 0.000 0.000 0.000 0.000 0.000 0.000 0.000 0.000
61.831 54.554 42.164 31.974 0.000 0.000 0.000 0.000 12.371 29.311 23.206 12.063 13.890 13.695 11.521 10.356 12.193 11.028 11.861 11.693 11.528 10.369 10.218 30.078 29.952 29.843 29.768 0.000 11.346 9.266 10.192 10.119 11.049 14.983 17.923 15.869 35.820 29.779 23.745 25.719 8.700 20.689 39.684 0.000 0.000 0.000 0.000 0.000 0.000 0.000 0.000 0.000 0.000 0.000 0.000 0.000 0.000 0.000 0.000 0.000 0.000 0.000 0.000 0.000 0.000 0.000 0.000 0.000 0.000 0.000 0.000 0.000 0.000 0.000
61.140 46.978 0.000 0.000 0.000 0.000 0.000 0.000 28.486 23.406 13.287 14.141 13.975 13.797 13.620 11.445 10.269 10.088 11.905 10.721 10.540 9.368 11.207 26.059 16.927 25.814 26.735 0.000 0.000 25.205 24.147 24.077 24.006 25.939 25.876 26.820 38.770 34.727 29.692 31.666 7.648 16.640 44.639 0.000 0.000 0.000 0.000 0.000 0.000 0.000 0.000 0.000 0.000 0.000 0.000 0.000 0.000 0.000 0.000 0.000 0.000 0.000 0.000 0.000 0.000 0.000 0.000 0.000 0.000 0.000 0.000 0.000 0.000 0.000
54.365 37.240 0.000 0.000 0.000 0.000 0.000 35.854 29.680 13.539 14.394 14.238 14.071 13.896 13.718 13.536 10.348 11.153 10.950 10.745 11.545 10.355 10.181 13.024 17.883 29.752 16.622 28.449 33.312 26.201 35.115 25.036 25.960 28.890 27.824 26.765 36.712 32.667 20.631 19.604 8.588 15.584 44.593 0.000 0.000 0.000 0.000 0.000 0.000 0.000 0.000 0.000 0.000 0.000 0.000 0.000 0.000 0.000 0.000 0.000 0.000 0.000 0.000 0.000 0.018 0.000 0.000 0.000 0.000 0.000 0.000 0.000 0.000 0.000
40.479 30.376 0.000 0.000 0.000 14.374 28.250 29.028 22.842 17.676 14.513 14.348 14.177 14.000 12.819 15.633 20.436 16.225 10.996 11.765 10.540 10.327 10.140 9.975 16.827 17.690 15.554 22.413 21.285 16.174 28.078 7.991 15.910 22.835 21.766 15.703 34.647 27.599 7.560 6.531 9.515 11.517 15.555 0.000 0.000 0.000 0.000 17.937 3.944 0.000 0.000 0.000 0.000 0.000 0.000 0.000 0.000 0.000 0.000 0.000 0.000 0.000 0.000 0.000 1.192 0.000 0.000 0.000 0.000 0.000 0.000 0.000 0.000 0.000
19.445 37.410 0.000 0.000 16.629 26.498 40.349 24.166 22.985 22.809 15.636 14.463 14.287 14.109 20.927 28.740 29.539 21.314 16.046 10.780 9.522 10.273 14.075 10.909 9.762 8.625 14.493 15.363 14.242 15.131 17.031 9.939 15.854 20.775 22.702 18.635 34.575 28.523 10.479 9.446 9.424 5.416 0.000 0.000 0.000 0.000 0.000 0.000 9.957 24.976 18.003 0.000 0.000 0.000 0.000 0.000 0.000 16.298 25.305 24.305 26.284 25.260 19.239 13.223 5.208 0.000 0.000 0.000 0.000 0.000 0.000 0.000 0.000 0.000
0.000 0.000 0.000 0.000 19.761 39.640 31.481 34.303 31.121 20.940 13.760 14.580 14.401 25.221 30.041 25.860 20.669 17.445 20.093 14.789 14.493 10.170 14.979 8.826 9.687 10.556 9.429 9.306 9.189 9.079 7.977 8.882 8.793 12.710 18.632 17.561 35.496 29.438 8.388 9.349 9.321 8.306 0.000 0.000 0.000 0.000 0.000 0.000 0.000 0.000 4.036 14.076 16.122 22.175 25.210 25.242 24.268 20.297 11.319 9.333 11.293 14.262 16.242 17.230 15.206 19.189 11.177 0.000 0.000 0.000 0.000 0.000 0.000 0.000
0.000 0.000 0.000 21.249 37.013 29.820 21.633 29.445 33.257 34.070 23.884 12.698 22.514 31.333 21.157 12.989 12.832 14.703 0.000 0.000 0.000 6.936 10.843 12.728 12.606 9.483 9.361 10.243 9.128 9.019 8.916 9.818 8.726 8.639 8.557 11.480 28.409 27.345 9.288 9.240 9.204 10.182 11.182 0.000 0.000 0.000 0.000 0.000 0.000 0.000 0.000 0.000 0.000 22.200 6.220 1.264 4.270 0.267 0.257 0.427 0.077 0.000 0.000 0.195 0.006 0.013 4.172 19.173 0.000 0.000 0.000 0.000 0.000 0.000
0.000 0.000 20.779 30.485 37.223 20.995 23.787 21.587 19.392 27.199 32.007 26.815 30.625 19.440 13.266 14.108 13.966 21.834 0.000 0.000 0.000 3.795 12.732 23.636 24.525 19.409 15.291 17.175 13.063 11.954 9.849 8.750 8.654 9.563 8.476 8.394 11.316 20.244 8.179 8.121 9.072 8.038 0.000 0.000 0.000 0.000 0.000 0.000 0.000 0.000 0.000 0.000 24.214 5.213 0.185 0.249 0.000 0.000 0.022 0.814 1.407 1.585 0.667 0.259 0.000 0.042 0.016 6.180 14.174 0.000 0.000 0.000 0.000 0.000
24.391 25.679 24.073 38.690 23.397 17.152 18.932 17.725 14.525 13.328 28.130 34.931 37.731 25.536 15.359 12.212 20.089 0.000 0.000 0.000 0.000 6.717 16.653 23.559 24.451 24.336 26.220 34.105 31.993 27.884 25.779 21.677 15.578 10.483 8.391 9.303 8.218 13.138 6.063 6.992 7.927 9.859 30.758 0.000 0.000 0.000 0.000 0.000 0.000 0.000 0.000 0.000 14.222 0.070 0.000 0.561 0.941 1.079 1.130 1.136 0.576 0.684 0.074 0.784 0.609 0.192 0.215 0.256 0.000 15.450 0.000 0.000 0.000 0.000
24.066 16.573 35.145 34.805 29.525 20.283 14.063 14.857 15.657 26.458 29.256 21.047 23.831 32.615 33.423 23.292 0.000 0.000 0.000 0.000 11.787 17.703 21.605 20.497 21.383 21.265 19.148 26.033 26.921 26.812 27.705 24.601 23.500 24.400 15.303 10.208 11.116 8.027 8.941 7.860 6.784 8.714 23.657 0.000 0.000 0.000 0.000 0.000 0.000 0.000 0.000 0.000 0.134 0.137 1.586 0.480 0.285 0.305 0.345 0.208 1.187 1.186 0.240 1.148 0.064 0.000 0.066 0.000 0.000 8.466 17.498 0.000 0.000 0.000
17.627 27.404 37.127 27.861 27.616 29.392 27.182 17.982 23.787 32.591 21.388 14.170 12.931 18.672 28.426 35.240 0.000 0.000 15.323 15.116 9.871 18.704 23.567 24.442 20.318 20.193 12.073 8.958 8.846 8.737 7.629 5.524 12.419 26.315 25.213 24.111 19.011 9.913 7.816 8.723 7.634 7.555 8.501 0.000 0.000 0.000 0.000 0.000 0.000 0.000 0.000 0.000 0.000 0.000 0.000 0.699 0.006 0.000 0.518 2.543 2.481 2.437 1.409 1.353 0.000 0.000 0.123 0.000 0.000 0.000 11.546 10.578 0.457 0.000
20.412 39.287 30.101 26.894 26.687 27.486 26.291 28.102 32.917 21.731 15.535 15.316 15.051 13.715 14.371 20.003 36.519 34.055 12.529 11.156 9.876 10.675 22.518 20.384 31.255 19.118 11.994 9.879 10.769 9.660 14.552 22.445 18.338 12.230 18.122 28.014 24.905 23.796 14.689 7.581 7.475 8.373 6.290 0.000 0.000 0.000 0.000 0.000 0.000 13.799 8.799 7.785 0.000 0.000 0.000 6.139 3.061 2.914 2.763 2.624 2.536 2.475 2.431 2.391 2.367 1.330 2.280 4.260 0.000 0.000 0.201 0.080 0.270 0.000
34.321 30.233 19.094 23.929 28.752 23.574 29.395 35.219 27.050 14.882 13.706 15.507 15.243 18.765 19.339 12.882 23.501 19.116 15.583 12.103 8.804 15.600 19.447 21.322 12.202 39.028 26.907 16.797 8.689 14.582 33.475 43.367 36.257 13.145 15.032 17.916 21.799 26.680 24.560 20.439 9.313 6.172 12.996 18.781 0.000 0.000 0.000 0.000 0.000 0.000 3.815 3.772 3.682 8.569 7.437 3.275 2.144 2.917 2.773 2.654 2.566 2.497 2.444 2.399 2.366 2.334 1.279 1.222 2.023 4.980 0.575 0.000 0.326 1.574
36.309 21.230 16.114 17.974 19.820 30.661 34.498 45.328 44.181 37.041 25.901 14.764 17.648 0.000 0.000 11.684 17.486 14.327 0.000 9.870 13.637 30.476 29.348 32.255 0.000 3.887 43.809 37.712 23.610 29.506 47.399 47.290 45.178 14.063 19.944 19.821 21.694 9.565 18.434 24.302 23.167 22.005 34.741 43.567 0.000 0.000 0.000 0.000 0.000 0.000 26.873 7.805 7.705 7.590 7.467 8.346 2.256 1.078 4.759 1.652 1.578 1.507 1.449 2.397 1.361 0.302 0.241 0.177 0.081 0.016 0.000 0.000 1.738 0.000
27.342 16.264 16.160 16.034 28.894 26.753 43.608 58.414 55.306 52.200 47.094 38.000 28.937 0.000 0.000 0.000 5.433 16.380 0.000 0.000 6.398 24.318 23.215 38.096 9.927 10.825 43.730 48.633 44.533 43.431 46.326 46.217 47.103 25.985 17.860 19.730 19.593 9.451 18.308 12.170 31.049 1.917 40.397 62.179 32.813 2.584 0.000 0.000 0.000 3.148 63.000 15.872 17.745 17.618 13.495 14.384 6.303 1.204 0.000 1.636 1.586 4.509 7.451 17.389 7.324 2.246 3.167 3.093 3.023 2.955 2.891 2.829 2.766 2.724
25.407 23.325 18.226 30.108 23.969 36.849 14.767 0.000 35.430 54.358 53.276 54.205 37.162 0.000 0.000 0.000 0.000 22.380 0.000 0.000 3.240 18.185 13.096 39.987 50.862 50.754 46.654 46.557 46.460 47.360 46.256 46.148 46.034 39.913 14.783 16.645 14.496 9.340 20.178 21.020 23.892 0.000 25.124 60.938 30.633 48.281 8.974 0.000 5.513 61.297 49.106 20.938 14.785 16.643 10.511 4.391 2.304 0.213 0.000 7.659 15.602 23.528 30.457 39.386 28.315 8.240 2.165 3.089 3.020 2.953 2.890 2.830 2.773 2.726
27.484 23.403 30.313 27.202 30.026 53.907 40.845 23.779 44.625 53.527 52.446 51.383 31.346 0.000 0.000 0.000 0.000 0.000 0.000 0.000 9.136 18.087 28.998 44.893 46.780 46.674 46.576 46.482 46.388 46.292 46.192 46.086 45.972 45.850 31.716 21.569 14.409 7.234 11.044 10.840 15.609 34.269 20.038 54.817 40.500 47.052 53.668 39.183 43.730 52.422 28.189 28.990 14.815 13.659 5.516 2.366 3.214 5.049 18.894 24.737 42.634 41.544 40.462 39.385 39.309 29.234 7.161 2.087 3.014 2.950 2.887 2.827 2.773 2.724
19.567 31.492 28.420 28.362 0.000 0.000 32.929 58.865 53.766 52.677 54.600 36.536 22.492 6.517 0.000 0.000 0.000 0.000 0.000 0.000 15.082 32.028 43.916 46.810 46.690 46.587 46.495 46.408 46.320 46.229 46.134 46.031 45.920 45.798 46.661 40.509 32.336 24.142 21.926 24.689 15.433 32.162 10.942 52.791 0.000 5.758 40.464 12.150 2.802 58.474 22.238 26.018 23.828 4.662 2.501 3.332 3.184 11.037 31.896 42.763 39.651 39.554 39.465 36.382 35.303 33.226 32.153 6.082 2.010 1.945 1.882 2.821 2.768 2.719
29.649 29.578 24.512 44.465 0.000 7.194 47.078 53.987 52.898 52.816 52.741 28.670 28.568 39.542 0.000 0.000 0.000 0.000 0.000 0.000 0.000 0.000 40.828 52.740 47.583 46.489 46.410 46.333 46.254 46.171 46.082 45.986 45.879 45.760 45.624 46.468 47.285 44.073 43.828 46.557 26.273 32.005 5.777 46.614 0.000 0.000 36.281 6.081 15.818 49.542 30.270 22.019 25.816 2.640 3.477 2.314 4.152 14.022 34.891 35.768 40.656 39.555 34.462 31.376 35.294 40.216 39.142 28.070 9.001 7.936 6.875 3.819 1.761 1.710
30.730 18.657 29.587 50.520 43.444 49.310 55.201 53.108 53.023 52.946 49.880 33.834 0.000 0.000 0.000 0.000 0.000 0.000 0.000 0.000 0.000 0.000 0.000 0.000 38.415 47.376 46.322 46.261 46.194 46.120 46.039 45.950 45.851 47.739 46.608 46.453 45.265 47.038 45.756 45.438 35.097 32.807 9.547 21.276 50.871 29.560 37.297 6.074 33.849 27.606 30.282 17.971 11.766 3.597 3.440 3.284 11.139 16.007 16.881 21.761 29.651 27.549 28.455 39.366 39.283 39.204 39.129 40.057 33.989 29.924 27.863 16.806 10.751 11.700
19.809 15.734 30.660 49.585 55.502 54.403 53.308 53.221 53.140 54.066 45.000 37.953 0.000 0.000 0.000 0.000 0.000 0.000 0.000 0.000 0.000 0.000 0.000 14.244 41.286 47.276 46.243 46.196 46.140 46.076 46.005 45.926 47.837 47.736 47.617 39.471 44.283 47.059 49.719 47.342 40.871 36.580 24.329 8.070 55.779 38.511 40.275 5.071 50.897 14.751 0.000 11.817 2.679 3.544 2.400 11.244 17.114 15.986 15.863 14.747 7.638 3.536 33.441 39.352 39.268 39.189 39.113 39.042 39.974 39.909 39.849 40.791 39.737 36.687
16.886 14.810 31.734 51.657 53.577 53.491 53.407 53.327 53.251 55.177 34.100 32.026 0.000 0.000 0.000 0.000 0.000 0.000 0.000 0.000 0.000 0.000 0.000 28.202 47.210 46.201 46.177 46.140 46.093 46.040 47.979 46.911 46.835 46.751 40.653 18.530 34.337 44.198 0.000 0.000 18.464 25.314 34.118 20.898 41.662 59.432 44.220 11.040 52.917 0.000 0.000 0.715 3.586 3.485 5.355 15.217 13.086 13.961 15.841 18.726 12.619 13.518 29.423 39.333 39.249 39.170 39.095 39.023 38.956 38.892 38.832 38.775 38.721 38.671
21.962 26.886 41.810 53.734 53.657 53.579 53.502 53.430 53.361 54.292 41.196 0.000 0.000 0.000 0.000 0.000 0.000 12.996 0.000 0.000 0.000 0.000 0.000 3.152 38.152 45.143 46.123 46.093 46.055 46.011 47.960 45.904 45.843 45.779 29.715 25.661 0.000 0.000 0.000 0.000 3.209 10.095 31.931 17.744 22.541 65.335 48.134 26.952 36.815 0.000 30.815 7.710 3.582 3.454 5.318 14.184 25.055 24.931 26.813 32.700 27.594 38.493 39.399 39.310 39.227 39.148 39.073 39.002 38.935 38.872 38.812 38.756 38.702 38.652
24.037 42.961 53.886 53.812 53.738 53.664 53.594 53.529 53.472 59.433 0.000 0.000 0.000 0.000 0.000 0.000 12.996 24.996 11.997 26.999 23.000 0.000 0.000 25.102 32.102 43.095 46.079 46.055 46.024 46.988 45.946 45.902 45.855 41.808 30.767 35.739 0.000 0.000 0.000 0.000 20.067 11.925 29.769 5.604 7.424 55.233 54.030 45.817 31.577 31.222 19.921 14.733 3.578 3.431 3.281 13.147 35.018 41.896 40.779 40.668 32.563 39.464 39.371 39.283 39.200 39.122 39.048 38.978 38.912 38.850 38.790 38.734 38.682 38.632
31.111 51.036 54.962 53.890 53.818 53.748 53.681 53.619 53.567 60.536 0.000 0.000 0.000 0.000 0.000 0.000 1.996 21.996 21.997 20.999 24.002 8.011 16.026 24.053 24.060 41.056 47.044 46.025 46.000 45.970 45.937 45.902 46.866 38.832 34.805 28.789 0.000 0.000 0.000 0.000 0.000 11.771 30.618 7.477 3.321 42.141 58.938 55.711 36.456 15.168 13.915 14.721 5.569 2.410 3.229 6.105 16.976 36.856 39.741 39.632 31.528 39.430 39.338 39.251 39.170 39.093 39.020 38.952 38.886 38.825 38.766 38.711 38.659 38.609
