results4_8e4_rain/res_4e8f-0149.wd
ncols         241
nrows         181
xllcorner     12693529.787448
yllcorner     3542525.717860
cellsize      155.156523
NODATA_value  -9999.000000
[rows 33 to 65 of 181, columns 73 to 145 of 241]
0.000 0.000 0.000 0.000 0.000 0.000 0.000 0.000 0.000 0.000 0.000 0.000 0.000 0.000 0.000 0.000 0.000 0.000 0.000 0.000 0.000 0.000 0.000 0.000 0.000 0.000 0.000 0.000 0.000 0.000 0.000 0.000 0.000 0.000 0.000 0.000 0.000 0.000 0.000 38.919 61.921 66.922 22.925 0.000 0.000 32.003 46.031 13.011 4.012 36.034 39.050 33.049 34.031 34.996 34.944 34.874 34.785 33.672 39.523 59.292 5.820 13.960 11.257 46.433 62.898 67.426 65.986 66.589 65.128 67.217 62.275 61.880 61.871
0.000 0.000 0.000 0.000 0.000 0.000 0.000 0.000 0.000 0.000 0.000 0.000 0.000 0.000 0.000 0.000 0.000 0.000 0.000 0.000 0.000 0.000 0.000 0.000 0.000 0.000 0.000 0.000 0.000 0.000 0.000 0.000 0.000 0.000 0.000 0.000 0.000 0.000 0.000 0.000 13.921 8.922 0.000 0.000 0.000 0.000 28.123 0.000 0.000 26.075 50.116 49.121 39.104 35.069 35.014 34.939 34.843 33.728 55.598 53.445 0.000 36.803 49.377 62.813 67.299 66.824 66.396 65.905 66.968 62.989 62.280 62.534 64.838
0.000 0.000 0.000 0.000 0.000 0.000 0.000 0.000 0.000 0.000 0.000 0.000 0.000 0.000 0.000 0.000 0.000 0.000 34.494 66.494 19.494 0.000 0.000 0.000 0.000 0.000 0.000 0.000 0.000 0.000 0.000 0.000 0.000 0.000 0.000 0.000 0.000 0.000 0.000 0.000 0.000 0.000 0.000 0.000 0.000 0.000 20.214 0.000 0.000 0.000 28.219 46.214 46.197 37.163 35.105 35.023 32.919 48.800 57.695 0.000 22.459 47.073 61.634 68.145 67.657 67.205 66.687 68.722 64.710 62.809 63.207 65.534 64.781
0.000 0.000 0.000 0.000 0.000 0.000 0.000 0.000 0.000 0.000 0.000 21.495 59.495 0.000 0.000 0.000 0.000 0.000 41.494 92.494 48.494 0.000 0.000 0.000 0.000 0.000 0.000 0.000 0.000 0.000 0.000 0.000 0.000 0.000 0.000 0.000 0.000 0.000 0.000 0.000 0.000 0.000 0.000 0.000 0.000 0.000 23.305 24.346 31.365 17.363 27.327 35.319 48.308 39.279 35.221 32.131 43.008 52.858 41.687 17.364 46.845 64.397 68.943 68.469 68.009 67.472 67.479 66.443 63.449 63.895 66.235 65.488 65.256
0.000 0.000 0.000 0.000 0.000 0.000 0.000 0.000 0.000 0.000 0.000 42.495 77.495 66.496 53.495 8.495 2.495 26.495 80.494 88.494 53.494 0.000 0.000 0.000 0.000 22.384 1.384 0.000 0.000 0.000 0.000 0.000 0.000 0.000 0.000 0.000 0.000 6.389 0.000 0.000 0.000 10.389 28.389 0.000 0.000 39.368 54.355 57.369 55.385 41.398 35.408 34.426 48.436 39.423 31.371 45.270 59.126 46.938 34.830 49.559 54.160 66.726 69.267 68.809 68.260 68.242 66.188 64.201 64.603 66.949 66.208 65.979 65.649
0.000 0.000 0.000 0.000 0.000 0.000 0.000 0.000 0.000 0.000 0.000 13.495 75.495 58.496 39.496 1.496 22.495 72.495 83.494 90.494 49.493 0.000 0.000 0.000 0.000 60.384 44.384 0.000 0.000 0.000 0.000 0.000 0.000 0.000 0.000 0.000 23.389 35.389 37.389 0.000 0.000 19.389 44.389 23.388 37.385 60.380 63.379 64.389 61.408 48.436 35.480 32.541 49.589 40.606 44.570 62.451 56.289 0.000 33.136 51.884 64.510 70.076 69.621 69.064 69.020 66.954 65.080 65.335 67.681 66.948 66.724 66.392 66.062
0.000 0.000 0.000 0.000 0.000 0.000 0.000 0.000 0.000 0.000 0.000 0.000 0.000 26.496 64.496 60.496 48.496 61.495 81.494 92.494 45.493 0.000 0.000 0.000 0.000 22.384 46.384 48.384 0.000 0.000 0.000 0.000 0.000 0.000 0.000 0.000 39.389 40.389 52.389 35.389 24.389 38.389 39.389 35.389 42.388 49.388 47.392 40.402 59.421 25.458 41.535 44.669 34.771 46.842 59.851 56.676 0.000 8.117 44.694 61.329 69.923 70.461 69.908 69.833 66.760 66.127 66.099 68.434 67.710 67.492 67.165 66.834 66.480
0.000 0.000 0.000 0.000 0.000 0.000 0.000 0.000 0.000 0.000 0.000 0.000 0.000 16.496 83.496 78.496 68.496 58.496 82.495 90.493 85.491 70.487 25.485 0.000 0.000 0.000 2.384 56.384 40.385 38.385 49.385 44.385 7.385 0.000 0.000 3.389 39.389 38.389 59.389 65.389 54.390 46.390 38.390 35.391 36.391 37.393 36.397 34.405 42.418 3.438 0.000 3.827 39.986 63.141 61.315 0.798 6.862 44.541 58.191 67.826 71.360 70.919 71.692 67.642 67.419 66.914 69.217 68.496 68.282 67.964 67.643 67.293 66.908
0.000 0.000 0.000 0.000 0.000 0.000 0.000 0.000 0.000 0.000 0.000 0.000 0.000 0.000 16.497 55.497 30.497 66.497 85.496 90.494 88.490 86.486 75.483 34.480 0.000 0.000 0.000 12.385 51.385 51.385 64.385 62.385 55.385 50.386 0.000 0.000 6.389 43.389 62.389 69.389 61.390 45.390 34.391 35.392 35.393 35.395 35.399 35.404 39.409 0.000 0.000 0.000 10.204 47.422 16.921 14.263 49.198 53.991 65.723 72.323 72.171 70.407 68.731 69.086 67.816 70.050 69.316 69.093 68.777 68.471 68.145 67.787 67.363
0.000 0.000 0.000 0.000 0.000 0.000 0.000 0.000 0.000 0.000 0.000 0.000 0.000 0.000 0.000 1.498 87.499 87.499 89.498 89.495 88.491 82.485 76.480 47.476 0.000 0.000 0.000 0.000 0.000 19.385 64.385 58.385 73.386 70.386 49.386 28.387 29.388 38.389 60.389 69.390 60.390 43.391 33.392 38.393 37.394 35.396 35.399 35.402 36.404 28.403 0.000 0.000 0.000 0.000 8.683 51.740 54.672 62.526 73.244 73.352 71.710 73.593 71.332 68.863 70.965 70.190 69.934 69.603 69.296 68.990 68.681 68.347 66.914
0.000 0.000 0.000 0.000 0.000 0.000 22.442 45.439 0.000 23.383 63.372 52.360 56.349 31.343 0.000 0.000 23.502 95.502 89.503 86.499 83.492 86.483 77.475 40.470 0.000 0.000 0.000 0.000 0.000 0.000 0.000 8.385 62.386 63.386 14.386 0.000 5.389 42.389 60.389 65.390 55.390 46.391 44.392 6.393 13.395 41.397 35.399 35.401 36.402 42.402 50.402 12.402 0.000 0.000 24.386 57.344 61.239 72.048 74.261 73.893 77.179 75.754 70.217 72.011 71.145 70.824 70.452 70.121 69.807 69.513 69.243 69.006 74.833
0.000 0.000 0.000 0.000 0.000 0.000 22.444 65.436 7.417 57.393 59.374 71.358 54.345 39.337 0.000 0.000 11.504 80.506 92.511 89.506 89.495 90.480 84.467 38.459 0.000 0.000 0.000 0.000 0.000 0.000 0.000 0.000 0.000 47.386 6.386 0.000 1.389 48.389 45.389 57.390 14.390 0.000 0.000 0.000 0.000 7.398 45.399 39.401 2.401 32.402 66.402 49.402 2.402 0.000 29.140 62.981 71.884 75.004 74.760 78.938 78.194 71.583 73.136 72.174 71.766 71.335 70.961 70.615 70.299 70.014 69.771 69.602 74.577
20.719 64.714 54.710 0.000 0.000 0.000 16.456 76.444 52.423 54.397 60.374 84.354 85.336 80.322 34.308 0.000 0.000 0.000 40.530 94.519 89.500 90.477 87.455 46.439 0.000 0.000 0.000 0.000 0.000 0.000 0.000 0.000 0.000 5.386 0.000 0.000 0.000 0.000 0.000 0.000 0.000 0.000 0.000 0.000 0.000 0.000 0.000 20.401 17.401 0.000 0.000 0.000 0.000 18.552 55.969 72.922 74.598 75.531 79.882 79.490 72.616 74.166 73.194 72.727 72.243 71.821 71.435 71.082 70.760 70.471 70.227 70.052 72.999
20.720 76.714 58.706 54.698 0.000 0.000 3.478 68.462 70.432 70.400 82.371 79.346 91.325 90.307 51.294 0.000 0.000 0.000 16.560 96.541 89.510 90.473 87.435 47.403 0.000 0.000 7.980 55.944 67.904 36.877 0.000 0.000 0.000 0.000 0.000 0.000 0.000 0.000 0.000 0.000 0.000 0.000 0.000 0.000 0.000 0.000 0.000 0.000 5.401 0.000 0.000 0.000 16.517 57.024 73.984 74.566 80.795 80.285 73.893 74.451 74.947 74.122 73.647 73.141 72.686 72.265 71.877 71.518 71.186 70.883 70.612 77.381 18.190
84.723 81.714 60.703 61.689 53.670 0.613 58.518 53.493 61.442 74.402 78.362 89.335 90.309 89.286 58.268 0.000 0.000 0.000 15.609 95.574 89.526 90.471 85.409 65.336 49.222 50.118 50.016 57.947 78.890 45.850 0.000 0.000 0.000 0.000 0.000 0.000 0.000 0.000 0.000 0.000 0.000 0.000 0.000 0.000 0.000 0.000 0.000 0.000 0.000 0.000 14.608 45.385 54.893 73.879 75.469 82.138 81.544 74.443 76.160 75.490 74.944 74.482 73.991 73.528 73.089 72.678 72.291 71.927 71.585 71.263 77.959 23.670 0.000
81.727 76.717 74.704 57.686 61.659 61.620 52.572 45.550 0.000 0.000 20.342 79.322 90.291 88.261 73.224 40.173 0.000 2.779 64.692 85.621 90.549 89.474 90.395 80.310 56.212 53.114 52.021 60.939 78.862 61.782 47.671 48.585 52.521 63.481 27.466 0.000 0.000 0.000 0.000 0.000 0.000 0.000 0.000 0.000 0.000 0.000 0.000 0.000 0.000 0.000 25.808 65.648 73.595 76.243 83.018 82.621 75.168 76.835 76.053 75.678 75.233 74.776 74.326 73.887 73.467 73.065 72.682 72.315 71.963 77.623 24.291 0.000 0.000
70.734 22.723 90.709 61.691 55.660 56.629 58.602 58.586 47.589 0.000 0.000 0.307 24.271 95.242 85.195 63.122 55.004 61.866 60.761 62.668 70.575 71.481 58.388 55.296 53.202 53.107 52.014 60.924 75.836 54.744 51.648 56.562 72.496 75.458 60.450 34.450 0.000 0.000 0.000 0.000 0.000 0.000 0.000 0.000 0.000 0.000 0.000 0.000 0.000 16.647 58.493 74.104 76.945 83.581 83.337 75.866 77.507 76.721 76.361 75.929 75.502 75.073 74.647 74.230 73.825 73.434 73.055 72.688 78.330 23.977 0.000 0.000 0.000
16.742 89.731 90.720 76.709 0.000 3.637 63.619 59.602 70.593 61.587 0.000 0.324 3.277 83.243 80.190 65.117 56.023 52.919 52.818 55.716 68.600 76.488 79.381 72.284 62.192 55.099 54.005 69.909 72.812 47.713 51.613 51.520 52.445 56.403 35.427 0.000 0.000 0.000 5.980 0.000 0.000 0.000 0.000 0.000 0.000 0.000 0.000 19.868 51.539 59.397 72.912 84.241 83.855 76.922 77.516 78.081 77.390 77.024 76.600 76.189 75.776 75.365 74.959 74.560 74.170 73.790 74.418 81.053 24.691 0.000 0.000 0.000 0.000
94.750 90.741 90.730 90.716 77.696 60.662 60.635 60.611 51.593 0.547 17.424 24.380 76.316 73.263 76.203 69.134 70.054 69.967 69.878 72.777 67.623 67.491 69.362 73.269 74.181 72.091 67.996 78.896 76.791 64.682 65.570 65.461 67.360 42.284 0.000 0.000 0.000 0.000 6.980 0.000 0.000 0.000 0.000 0.000 0.000 6.732 54.517 55.087 76.104 76.662 85.309 84.829 79.411 79.126 78.513 78.044 77.664 77.251 76.848 76.447 76.048 75.653 75.263 74.881 74.506 75.137 78.774 11.413 0.000 0.000 0.000 0.000 0.000
93.758 89.752 89.744 90.730 87.709 65.679 59.648 60.616 61.580 53.526 2.459 68.403 65.345 66.288 67.228 62.162 66.091 71.018 78.948 63.891 0.000 0.000 14.306 72.250 68.173 68.089 67.993 67.887 67.773 67.653 67.526 67.393 65.250 60.088 32.872 0.000 8.508 52.284 58.980 70.669 40.428 0.000 0.000 0.000 0.756 55.924 66.726 78.656 79.294 86.046 85.710 80.062 79.738 79.001 78.670 78.280 77.881 77.486 77.093 76.702 76.316 75.935 75.561 75.195 75.835 78.480 26.127 0.000 0.000 0.000 0.000 0.000 0.000
79.764 79.764 79.763 90.752 90.730 80.699 56.662 59.624 60.584 60.537 66.483 75.429 59.372 56.316 54.257 61.195 76.131 75.067 60.005 39.948 0.000 0.000 0.000 0.283 57.173 52.099 52.000 51.887 51.763 52.630 55.488 56.334 56.159 54.946 55.656 54.209 53.732 62.364 68.988 66.600 73.187 70.641 65.128 62.616 64.997 76.599 80.111 79.904 86.538 86.322 80.702 80.355 79.604 79.276 78.880 78.492 78.104 77.718 77.334 76.954 76.578 76.209 75.851 76.503 77.160 15.820 0.000 0.000 0.000 0.000 0.000 0.000 0.000
0.000 45.779 57.793 85.784 89.761 70.724 53.678 52.634 60.595 60.554 59.509 53.457 54.399 60.346 77.290 76.230 59.170 52.112 42.059 0.000 61.648 70.589 66.498 67.382 70.244 73.133 72.021 72.897 75.761 74.615 71.463 73.297 68.108 53.881 57.596 56.239 60.846 78.451 85.008 81.553 75.082 69.604 71.146 77.609 82.461 80.885 87.142 86.791 80.691 82.299 80.884 80.221 79.880 79.480 79.094 78.707 78.324 77.946 77.573 77.203 76.834 77.472 75.132 70.805 22.482 0.000 0.000 0.000 0.000 0.000 0.000 0.000 0.000
0.000 0.000 50.846 69.831 80.805 55.759 47.692 54.640 52.607 59.576 60.541 60.490 53.423 70.379 62.327 51.267 54.205 46.154 0.000 70.794 73.708 73.621 75.522 76.410 79.287 83.170 82.052 81.922 81.767 83.608 84.451 82.284 70.094 55.872 57.611 57.305 56.964 59.587 33.040 5.524 94.978 136.571 114.103 80.035 81.552 88.112 87.672 81.141 83.868 81.282 80.837 80.478 80.081 79.693 79.304 78.918 78.539 78.170 77.808 77.449 79.083 73.714 62.399 17.102 0.000 0.000 0.000 0.000 0.000 0.000 0.000 0.000 44.627
3.088 0.000 5.913 26.891 61.868 43.813 0.000 49.628 54.615 54.603 60.589 49.539 0.000 54.419 52.371 54.306 55.231 65.145 79.027 75.880 77.768 83.665 93.560 137.448 134.324 134.208 134.096 133.970 134.779 118.599 50.451 53.292 51.111 58.904 57.669 54.405 52.117 33.893 0.000 0.000 3.755 61.467 78.480 83.076 88.806 88.486 80.741 82.441 81.739 81.433 81.063 80.679 80.294 79.904 79.513 79.123 78.745 78.385 79.042 77.703 69.337 57.900 15.650 0.000 0.000 0.000 0.000 0.000 0.000 0.000 0.920 35.830 56.731
77.088 25.063 14.002 76.952 54.962 0.000 0.000 0.000 48.624 61.633 53.671 0.000 6.593 62.508 53.433 64.354 77.266 77.168 82.055 84.933 77.818 63.711 54.606 50.496 48.354 51.242 52.153 39.084 0.000 55.557 52.462 51.323 55.155 58.963 55.757 47.529 54.207 34.975 0.000 1.037 56.738 73.765 83.495 89.298 89.077 81.326 83.012 82.307 82.012 81.642 81.272 80.893 80.508 80.118 79.719 79.316 78.933 79.584 75.271 63.984 20.660 0.000 0.000 0.000 0.000 0.000 0.000 0.000 0.000 0.000 3.992 53.911 52.825
87.107 95.098 83.081 0.056 12.068 6.173 1.220 0.228 0.000 0.000 57.792 55.772 63.678 60.588 60.500 60.409 77.312 91.207 80.094 59.976 57.862 52.754 54.655 45.578 0.000 57.254 54.189 43.128 0.000 56.609 51.517 52.384 59.221 57.036 54.868 36.745 0.000 1.489 53.399 51.203 67.990 83.907 89.574 82.262 82.829 83.488 82.883 82.587 82.223 81.863 81.492 81.113 80.728 80.338 79.932 80.487 80.086 69.746 54.476 17.301 0.000 0.000 0.000 0.000 0.000 0.000 0.000 2.331 29.288 28.210 43.090 54.998 42.914
77.135 81.141 71.143 0.000 0.000 71.257 64.261 58.237 2.180 10.068 75.932 72.848 59.757 60.665 60.571 61.471 82.366 134.254 127.136 74.017 128.900 49.789 53.683 53.582 55.467 53.329 53.223 53.112 54.956 50.754 50.613 59.474 58.310 55.093 49.934 38.839 0.000 0.274 55.453 62.296 84.303 83.190 89.931 83.309 83.894 83.443 83.152 82.804 82.454 82.092 81.720 81.339 80.953 80.576 82.181 77.616 59.180 45.837 47.585 13.443 0.000 0.000 0.000 0.000 0.000 0.000 0.000 2.373 38.324 43.251 57.161 51.076 40.997
73.165 68.187 12.208 0.000 2.378 54.338 63.310 60.270 78.207 72.119 77.019 84.929 75.839 60.745 60.646 60.540 59.426 53.306 48.180 53.055 49.933 53.817 53.707 53.600 53.489 53.373 53.261 53.142 52.000 56.839 58.707 59.591 43.450 0.000 42.934 0.000 0.000 0.179 59.630 81.555 85.564 90.918 90.458 83.401 84.053 83.694 83.379 83.044 82.693 82.330 81.957 81.569 81.168 79.832 41.601 0.000 0.000 0.000 0.000 0.000 0.000 0.000 0.000 34.752 29.717 28.658 27.577 31.465 40.386 56.308 50.227 41.148 51.073
65.193 56.234 61.293 6.393 59.419 55.405 54.373 72.324 65.260 81.182 90.098 70.012 55.923 53.829 56.728 59.616 60.494 60.362 53.225 52.089 52.960 52.840 53.728 53.622 53.517 58.413 55.308 52.195 53.064 55.896 59.784 48.731 0.000 0.000 0.000 0.000 15.318 135.199 78.916 85.940 83.916 91.325 83.221 85.739 87.222 83.948 83.630 83.297 82.946 82.578 83.208 79.812 67.320 57.981 15.791 0.000 0.000 0.000 0.000 0.000 0.000 0.000 36.836 36.788 36.740 37.681 37.608 38.524 52.445 52.368 36.292 39.217 41.146
40.209 41.261 35.340 59.465 55.500 54.490 65.452 69.395 80.327 87.253 53.176 52.097 53.014 54.922 53.819 50.703 58.571 59.425 60.268 59.116 52.978 51.855 50.744 51.641 57.545 116.453 84.361 64.266 47.165 0.000 61.802 69.820 0.000 0.000 0.000 0.000 59.440 70.336 87.218 85.254 92.034 91.693 84.311 84.840 85.505 84.211 83.899 83.568 83.215 83.829 82.487 35.149 0.000 0.000 0.000 0.000 0.000 0.000 0.000 0.000 0.000 0.000 43.885 39.822 36.775 37.718 35.651 47.577 54.502 38.428 39.355 47.284 45.215
0.000 0.000 0.000 52.629 55.627 57.602 78.550 89.477 103.399 85.326 14.257 71.188 71.112 55.026 54.925 53.805 51.663 54.498 60.308 58.128 58.981 60.858 58.750 56.655 52.569 47.491 52.419 47.343 0.000 0.000 0.000 55.926 47.952 0.000 0.000 1.881 69.664 86.523 86.599 84.615 92.346 84.035 86.537 88.042 84.784 84.492 84.187 83.862 83.517 81.036 35.761 0.000 0.000 0.000 0.000 0.000 0.000 0.000 0.000 0.000 0.000 43.067 12.997 0.918 44.819 34.766 45.701 57.631 45.559 40.488 45.417 49.348 42.281
0.000 0.000 0.000 50.794 56.779 72.740 83.670 131.562 125.467 127.396 133.339 129.284 130.221 55.144 55.048 53.929 53.780 52.594 47.337 57.108 58.960 59.845 57.745 59.659 59.585 60.524 53.482 0.000 0.000 0.000 0.000 57.005 41.979 0.000 0.000 61.046 82.903 86.851 85.839 92.913 92.637 85.095 85.641 86.330 85.066 84.790 84.494 85.175 59.955 0.000 0.000 0.000 0.000 0.000 0.000 0.000 0.000 0.000 55.357 44.311 34.238 38.137 38.058 38.991 38.898 41.825 54.756 51.686 46.616 47.546 45.477 43.410 39.344
17.049 0.000 0.000 51.973 68.953 76.910 82.827 53.634 52.513 51.452 48.418 49.388 49.344 55.281 55.196 71.083 70.932 46.763 0.000 44.008 56.907 58.816 56.726 58.651 58.589 59.537 55.503 0.000 0.349 1.290 55.218 40.112 0.000 0.000 62.426 71.276 88.142 87.049 86.229 93.171 84.771 87.299 89.834 85.610 85.360 85.107 83.823 71.390 30.172 0.000 0.000 0.000 0.000 0.000 41.593 36.573 36.535 36.479 40.403 52.338 55.266 41.186 36.109 38.034 39.956 54.882 53.811 39.742 48.672 49.604 48.537 41.470 37.406
