results4_8e4_rain/res_4e8f-0137.wd
ncols         241
nrows         181
xllcorner     12693529.787448
yllcorner     3542525.717860
cellsize      155.156523
NODATA_value  -9999.000000
[rows 132 to 164 of 181, columns 0 to 72 of 241]
95.250 100.250 104.249 104.249 106.248 106.246 100.245 91.243 77.241 66.238 65.236 66.232 65.229 64.225 69.220 83.214 94.208 99.201 99.193 96.183 88.172 79.158 70.141 64.120 69.093 71.061 70.024 70.982 68.947 63.914 77.883 100.852 67.826 0.000 0.000 0.000 7.558 59.551 71.545 68.524 70.507 76.496 94.495 80.498 64.505 63.515 63.527 75.541 96.557 37.574 10.595 5.627 0.000 0.000 0.000 0.000 0.000 0.000 0.000 0.000 0.000 0.000 0.049 0.015 27.054 6.978 10.901 51.803 74.661 78.561 78.454 88.541 116.007
73.254 75.254 78.254 84.253 94.252 100.251 105.249 105.247 98.245 84.242 73.239 67.236 71.232 78.228 91.223 106.218 105.211 102.204 102.196 105.186 105.174 101.161 89.144 77.125 69.101 64.074 65.044 64.013 64.984 72.958 94.934 102.915 14.902 0.000 0.000 0.000 17.565 45.572 63.599 72.595 73.581 70.566 71.568 81.571 76.575 69.580 73.586 81.594 94.603 35.616 21.632 27.659 7.688 0.000 0.000 0.000 0.000 0.000 0.000 0.000 0.000 0.000 0.000 0.000 9.131 0.000 58.925 80.847 76.728 85.701 76.765 116.129 104.888
65.259 65.259 65.258 67.257 72.256 76.255 83.253 92.252 100.249 103.247 97.244 95.240 97.237 100.232 99.227 92.222 83.215 81.208 81.200 86.190 92.179 99.166 102.151 101.133 90.113 80.091 75.067 73.042 82.020 97.999 98.982 84.970 17.965 0.000 0.000 0.000 0.000 0.000 46.685 73.675 52.657 40.621 55.639 70.644 85.644 89.644 91.644 92.644 88.647 15.652 2.658 30.689 27.716 15.748 21.767 15.777 0.000 0.000 0.000 0.000 0.000 0.000 43.348 13.298 79.207 101.142 133.997 89.972 85.024 65.982 102.048 106.567 106.475
66.263 66.263 66.263 66.262 65.261 64.260 66.258 71.256 77.254 87.251 97.248 99.245 92.241 82.237 76.232 68.227 64.220 64.213 64.205 66.196 71.186 77.174 84.160 96.144 101.127 103.109 102.089 98.070 101.052 94.037 76.025 68.019 47.022 5.045 0.000 0.000 0.000 0.000 39.782 72.764 15.751 0.000 48.724 73.720 92.715 100.708 86.700 89.692 75.689 33.689 0.000 57.724 26.741 18.760 29.777 29.788 0.844 0.000 0.000 0.000 0.000 30.452 49.399 122.340 151.263 134.145 117.700 116.646 108.318 106.958 106.836 106.706 71.929
66.268 66.268 66.268 66.267 66.266 66.265 66.263 65.261 65.259 68.257 74.254 73.250 69.246 65.242 65.237 65.232 66.226 66.220 66.212 66.203 65.194 64.183 66.171 72.157 79.143 88.127 96.112 92.097 81.083 69.071 65.062 70.058 78.060 54.068 32.073 32.062 18.034 18.983 54.895 75.848 25.833 7.846 67.812 99.798 101.786 80.774 83.757 82.736 70.726 59.727 10.734 38.741 12.765 0.827 13.793 0.818 2.891 0.898 0.000 0.000 0.000 11.508 74.454 80.374 76.362 77.522 75.497 107.285 107.183 107.074 74.273 77.052 78.925
66.274 66.273 66.273 66.272 66.271 66.270 66.269 66.267 66.265 66.262 65.259 65.256 65.252 66.248 66.243 66.238 66.233 66.227 66.220 66.212 66.203 66.193 66.183 65.171 64.159 65.146 69.134 67.122 66.111 70.102 73.096 72.092 70.091 72.092 72.090 69.080 69.057 73.021 47.968 33.901 22.886 40.892 85.883 99.872 79.859 72.843 71.819 51.769 47.751 10.759 0.000 0.000 1.016 3.045 0.000 0.000 6.917 21.904 36.867 6.808 20.731 83.587 90.576 88.649 86.636 87.718 107.478 107.384 88.517 95.309 88.164 93.938 85.781
66.279 66.279 66.279 66.278 66.277 66.276 66.274 66.273 66.271 66.268 66.265 66.262 66.258 66.254 66.250 66.245 66.240 66.235 66.228 65.221 72.213 74.205 66.196 65.186 64.176 65.165 67.155 70.146 73.138 72.131 67.126 68.123 75.121 78.120 74.117 68.108 65.094 74.074 5.054 0.000 7.919 80.952 89.955 76.948 68.935 88.920 34.907 0.000 0.000 1.048 2.109 2.114 2.101 3.092 0.000 0.000 31.955 73.931 102.891 63.832 96.720 104.881 101.846 100.938 107.741 107.657 107.569 100.599 102.478 102.178 101.040 99.973 17.891
66.285 66.285 66.284 66.284 66.283 66.282 66.281 66.279 66.277 66.275 69.272 69.269 67.265 71.261 69.256 66.252 66.248 66.243 65.238 63.231 74.225 82.217 68.209 65.201 67.192 70.184 72.176 71.169 68.163 70.158 75.154 77.152 78.151 78.150 73.148 67.143 76.136 95.128 14.121 0.000 0.000 55.042 78.039 75.029 79.013 98.995 32.982 0.000 2.111 2.108 2.123 2.133 2.121 4.129 0.000 30.068 82.020 97.972 100.908 105.911 103.080 100.073 107.971 107.898 107.822 99.907 100.693 101.568 101.250 101.224 94.157 71.066 0.000
66.291 66.291 66.290 66.290 66.289 66.288 66.287 66.286 66.284 67.282 74.279 74.276 51.272 19.267 40.263 70.260 64.257 67.253 73.248 76.242 76.236 72.230 68.223 69.216 72.209 71.202 70.196 72.191 76.186 76.183 78.181 77.180 68.180 63.181 65.181 78.180 97.180 107.180 29.182 0.000 0.000 30.136 86.129 88.117 95.095 94.062 30.046 0.000 2.115 0.166 1.174 2.174 0.000 8.174 34.166 78.125 100.050 103.072 102.166 102.172 101.268 108.108 108.041 100.109 100.911 101.775 101.563 101.420 101.378 93.312 85.272 0.000 0.000
66.297 66.297 66.297 66.296 66.295 66.295 66.294 66.292 66.291 68.289 77.287 88.284 64.280 1.276 7.268 55.268 81.266 73.263 71.258 71.254 69.248 68.243 70.237 72.231 70.226 66.220 68.216 80.212 82.209 72.207 66.207 63.208 63.209 68.212 82.215 98.218 95.223 79.230 51.244 19.276 13.276 57.237 86.223 68.213 59.189 51.114 16.092 0.375 0.266 21.228 12.221 2.214 0.000 27.228 78.207 100.130 102.333 101.331 101.444 108.300 108.239 108.175 100.169 102.055 101.769 101.644 101.591 101.520 95.445 82.383 72.347 0.000 0.000
66.303 66.303 66.303 66.302 66.302 66.301 66.301 66.300 66.298 68.297 78.295 65.292 21.287 3.290 0.000 23.279 77.277 69.274 71.270 70.265 68.261 71.256 72.251 69.247 66.242 62.238 72.234 86.232 73.231 63.231 64.232 69.234 79.238 90.242 101.248 94.255 72.263 67.274 86.289 93.307 94.315 98.312 73.315 34.324 6.332 0.000 0.544 0.566 0.000 34.235 21.242 1.309 32.336 78.279 100.305 102.501 101.524 108.469 108.415 108.359 100.434 101.234 102.124 101.824 101.810 101.752 101.678 102.589 90.511 61.427 50.387 8.387 2.387
65.310 65.310 66.309 66.309 66.309 66.308 66.308 66.307 66.306 69.305 79.304 50.303 0.000 9.300 47.300 49.293 66.289 68.285 56.281 38.278 76.274 71.270 67.266 66.262 64.258 66.255 82.252 85.251 67.251 70.252 82.256 91.260 100.265 98.272 86.280 72.289 65.301 81.314 85.331 73.349 54.365 52.381 40.402 20.433 9.485 3.594 1.681 21.712 16.724 0.000 0.000 26.409 78.445 101.555 102.581 100.698 108.570 108.520 100.596 101.408 102.287 102.095 101.973 101.951 101.899 101.849 104.780 68.650 48.580 0.000 0.000 0.000 0.000
74.317 72.317 69.316 67.315 64.315 64.316 64.315 64.315 63.314 68.314 80.313 63.313 44.315 52.310 70.307 66.303 63.300 69.296 64.293 51.290 71.287 65.283 64.280 64.276 66.273 80.270 88.269 54.268 46.269 96.273 101.278 96.284 85.292 75.300 67.310 63.322 74.336 86.352 54.371 29.393 12.417 3.444 20.479 19.523 9.581 10.655 13.717 41.746 25.735 0.000 0.000 58.684 100.718 99.845 108.711 108.666 108.619 100.631 102.526 102.252 102.145 102.115 104.072 99.022 100.993 101.965 112.944 0.000 0.000 0.000 0.000 0.000 0.000
75.325 77.324 83.322 84.321 84.322 81.323 82.323 81.323 80.323 80.322 82.322 65.321 69.321 68.319 65.316 68.313 68.310 67.308 72.305 74.302 68.300 62.297 64.294 66.291 80.288 85.286 74.284 68.284 77.286 100.291 83.299 74.308 66.317 64.327 66.339 65.353 79.368 88.387 52.409 28.434 16.464 18.501 21.545 13.599 14.660 20.726 22.784 15.819 0.000 0.000 36.926 78.939 108.833 108.795 108.754 100.865 101.671 102.570 102.279 102.276 103.234 103.189 76.145 54.084 89.083 103.077 108.086 48.143 0.000 0.000 0.000 0.000 0.000
68.333 62.332 15.326 17.326 26.330 73.331 70.331 70.331 70.331 74.331 83.330 64.330 65.329 64.327 67.325 71.323 72.321 70.319 69.317 72.315 73.313 70.310 64.308 81.306 87.303 78.300 84.297 101.297 98.300 80.308 68.320 64.331 66.342 66.353 65.366 70.381 86.398 88.418 80.442 83.471 54.506 16.549 8.603 7.667 19.735 26.806 16.873 13.930 5.953 32.094 80.105 108.905 108.870 101.006 101.816 102.703 102.516 102.402 102.387 103.341 101.301 95.261 20.239 0.000 71.177 106.174 103.180 102.199 0.000 0.000 0.000 0.000 0.000
66.344 58.344 0.000 0.000 8.339 69.340 65.340 65.340 65.340 69.339 83.339 61.338 65.337 69.336 71.335 72.333 69.332 66.330 64.329 66.327 76.326 89.324 84.323 85.321 62.318 56.314 108.309 94.306 61.309 21.319 41.342 69.354 66.366 66.378 68.391 61.407 45.425 35.446 47.471 87.501 63.538 16.587 11.651 6.730 15.808 20.890 14.974 20.046 20.128 58.234 108.957 100.195 103.934 102.839 102.653 102.544 102.520 102.485 103.443 103.407 68.368 44.314 30.312 33.318 84.275 105.260 101.261 92.276 10.310 0.000 0.000 0.000 0.000
66.354 66.355 49.360 0.000 9.349 70.349 66.349 66.348 65.348 66.348 81.348 68.347 71.346 73.346 72.345 67.344 64.343 65.341 65.340 64.340 74.339 97.338 93.337 80.337 73.335 64.330 40.317 29.311 16.310 0.000 22.373 71.379 66.389 68.400 51.414 25.430 10.449 7.471 49.496 66.524 35.559 7.610 10.685 15.793 22.878 18.971 13.085 6.194 9.503 57.470 109.023 103.083 102.845 102.667 102.652 102.617 102.577 102.539 100.505 91.474 24.451 0.000 41.377 100.367 105.345 103.332 97.328 87.333 5.343 0.000 0.000 0.000 0.000
63.363 65.364 62.365 0.000 5.358 70.358 65.358 63.357 65.357 69.357 73.357 72.356 72.356 70.355 64.355 65.354 65.353 66.353 66.352 71.352 89.352 88.352 81.352 90.353 88.354 59.355 0.000 0.000 0.000 0.000 20.397 71.402 66.410 69.421 40.435 2.451 36.470 62.492 82.517 51.542 3.563 0.000 0.000 4.879 14.939 15.034 15.168 9.457 6.283 109.210 109.119 101.989 102.836 102.737 102.703 102.665 102.629 104.594 89.562 72.533 32.511 8.501 56.453 86.427 95.407 104.393 93.387 82.386 4.388 0.000 0.000 0.000 0.000
70.371 68.371 57.372 0.000 56.367 64.367 66.367 70.366 71.366 72.366 70.366 71.365 69.365 65.365 65.364 66.364 66.364 65.364 67.364 90.364 89.365 71.366 84.367 82.370 86.374 84.382 47.400 3.412 12.419 42.421 47.417 67.420 66.428 66.439 61.452 53.469 70.488 69.511 63.536 85.564 33.587 0.000 0.000 8.906 13.964 12.054 13.168 37.339 61.748 109.295 104.317 104.064 103.805 102.791 102.752 102.716 103.680 101.646 56.614 33.586 45.560 46.537 100.507 102.482 82.462 92.448 87.439 60.435 25.434 0.000 0.000 0.000 0.000
71.378 72.379 69.379 57.381 71.377 71.376 71.375 72.375 72.375 73.375 85.375 67.375 65.374 65.374 66.374 66.374 66.375 67.375 81.375 92.376 67.377 71.379 98.381 90.384 78.389 81.397 84.408 68.417 73.423 88.427 81.430 69.435 62.443 62.454 73.467 89.484 76.504 48.527 20.555 75.589 64.636 13.716 16.792 21.877 17.955 9.051 11.126 52.411 104.658 109.374 101.296 103.948 104.876 102.839 102.802 102.765 95.730 85.696 42.664 13.635 22.607 23.581 84.555 126.532 107.513 83.498 75.487 54.481 63.478 16.478 0.000 2.642 6.642
76.386 76.386 72.386 72.386 72.385 73.384 73.384 69.384 66.384 65.384 28.384 18.384 69.384 66.384 66.384 66.385 65.385 68.386 92.387 78.388 63.389 69.391 86.394 103.398 98.403 95.409 93.416 89.424 85.430 84.435 92.440 89.447 83.455 79.466 82.479 86.496 48.516 12.539 11.566 27.600 23.652 8.721 17.783 27.852 23.932 15.039 8.196 51.444 109.520 109.449 104.189 106.033 102.920 102.888 103.850 99.813 83.778 76.744 82.712 88.681 72.653 94.626 109.601 126.578 135.558 119.543 81.531 86.524 61.521 0.000 0.000 0.000 0.000
15.393 16.393 76.392 71.393 71.393 66.393 63.393 65.392 60.392 13.393 13.393 2.393 70.393 66.394 66.394 66.395 66.395 84.396 91.397 64.399 66.401 66.403 69.406 75.410 77.414 77.420 73.426 76.432 92.438 85.444 76.449 79.456 86.465 90.475 93.488 90.504 65.524 30.547 13.572 12.593 0.000 1.730 12.769 21.819 5.875 0.000 21.391 81.633 109.589 101.533 105.258 104.994 102.977 102.935 103.897 98.860 85.824 51.790 58.757 101.726 112.697 144.669 135.643 107.620 95.600 112.583 91.571 85.563 60.559 0.000 0.000 0.000 0.000
2.401 11.400 25.397 80.400 65.401 63.401 65.401 65.401 66.401 13.401 4.402 59.402 67.403 66.403 66.404 66.405 68.406 92.407 77.408 63.410 66.412 66.414 66.417 65.421 65.425 65.430 64.435 71.441 100.446 79.452 10.458 18.464 30.473 81.482 91.495 75.510 80.529 67.553 19.580 16.608 1.654 6.705 19.739 11.779 0.000 0.000 39.549 109.722 109.656 104.416 106.155 102.062 103.022 102.982 102.943 102.906 89.870 52.835 67.802 104.770 100.739 134.711 129.684 98.659 103.638 89.620 70.606 88.598 66.595 0.613 0.000 0.000 0.000
64.409 60.409 0.000 72.409 82.409 83.409 64.409 76.410 83.410 59.410 57.411 67.411 66.412 66.413 66.414 66.415 85.416 89.417 64.418 66.420 65.422 64.425 66.428 66.431 66.435 66.440 65.444 73.449 102.454 83.459 29.465 2.471 53.479 78.487 91.498 70.511 60.529 19.557 12.588 15.617 13.650 21.683 25.703 0.000 0.000 18.472 80.719 109.786 101.673 105.393 105.134 103.112 103.068 103.027 102.988 103.950 94.914 83.878 106.844 131.811 119.780 136.750 133.722 127.696 134.672 100.652 77.637 87.627 95.623 24.631 0.000 0.000 0.000
66.417 65.418 60.421 66.418 65.418 13.418 87.418 79.418 66.418 67.419 67.420 66.420 66.421 66.422 66.423 69.424 92.426 75.427 65.429 66.430 72.433 80.435 66.438 64.442 66.445 65.449 68.453 92.457 100.462 75.467 63.472 51.477 73.483 72.490 33.498 18.507 15.518 0.000 4.598 4.621 5.648 6.673 8.688 0.000 21.544 78.690 100.854 109.847 102.635 103.276 103.198 103.154 103.112 103.071 103.032 103.993 94.956 77.920 73.885 106.852 96.819 110.788 113.758 101.730 103.703 75.680 52.662 66.649 133.642 86.641 21.644 11.644 33.643
66.425 66.425 66.426 66.426 66.425 60.426 76.426 92.426 68.427 65.428 66.429 66.429 66.430 66.432 65.433 88.434 90.435 64.437 66.438 67.440 64.443 26.446 85.448 80.452 67.455 65.458 83.462 102.466 86.470 66.474 66.478 67.483 70.487 74.492 11.498 12.502 0.000 1.581 16.586 0.000 0.000 0.000 0.000 0.000 44.666 101.830 109.964 109.906 102.520 103.353 103.235 103.198 103.155 103.114 103.074 102.035 86.998 88.961 108.926 127.891 126.857 131.824 136.792 123.761 121.732 108.704 57.681 55.665 131.654 95.649 33.646 26.644 91.643
66.432 66.432 66.433 66.433 66.433 66.433 66.434 77.435 92.435 68.436 65.437 66.438 66.440 64.441 72.442 93.444 73.445 65.447 67.448 65.449 7.452 4.456 73.458 74.461 80.464 79.467 87.471 86.474 67.477 65.481 67.484 70.488 75.491 75.493 0.000 0.000 0.000 3.577 27.577 14.574 15.573 14.573 0.000 5.825 52.940 107.051 110.020 101.861 103.573 103.306 103.285 103.239 103.196 103.155 103.115 103.076 89.038 85.001 105.965 106.929 106.894 109.860 109.826 108.792 113.758 86.722 62.694 77.674 92.662 31.656 0.000 0.000 35.643
66.439 68.439 68.439 66.440 66.441 66.441 66.442 66.443 77.444 92.445 68.446 63.447 63.449 80.450 92.452 86.453 63.455 66.456 62.457 8.456 5.462 59.466 66.469 66.471 72.474 89.476 89.479 82.482 75.485 67.488 54.491 24.493 89.496 69.497 0.000 0.000 0.000 2.572 16.573 9.573 23.573 12.573 0.000 6.003 26.083 110.129 110.075 102.729 103.461 103.366 103.323 103.279 103.237 103.196 103.156 104.116 99.078 89.041 84.003 82.967 82.931 82.895 82.860 86.824 60.784 4.735 30.697 86.676 82.664 43.656 5.652 0.000 34.643
67.447 4.446 5.444 66.447 65.448 64.449 64.450 63.451 63.452 76.453 91.455 84.456 91.458 93.459 80.461 64.463 71.465 71.467 59.468 0.000 7.475 70.477 66.479 68.481 92.483 99.485 77.487 68.490 75.492 82.495 70.497 6.499 49.501 67.502 0.000 0.000 0.000 3.566 9.568 6.571 20.572 0.000 0.000 6.127 11.463 110.182 107.982 103.693 103.433 103.408 103.361 103.318 103.276 103.235 103.195 103.156 104.117 103.079 101.042 100.004 99.967 100.930 102.894 76.858 18.821 0.000 15.684 71.671 102.660 93.653 66.648 42.643 59.642
66.455 65.455 0.455 65.456 76.456 80.457 84.458 89.459 92.460 93.461 93.463 93.465 79.467 66.469 82.471 99.473 100.475 100.478 93.481 71.487 6.487 67.487 65.489 74.491 102.492 89.494 66.496 65.498 67.500 70.502 61.503 6.505 26.507 26.509 0.000 0.000 0.000 9.559 4.564 0.000 3.572 0.000 14.109 15.396 6.192 110.232 111.932 107.568 103.488 103.443 103.398 103.355 103.314 103.273 103.233 103.194 103.156 103.118 103.080 103.041 104.002 106.965 78.929 11.894 0.000 0.000 0.000 16.662 72.654 103.647 94.642 70.640 47.642
66.462 68.463 64.466 66.464 81.464 80.464 76.465 72.467 71.468 67.470 88.471 78.473 89.476 80.478 96.480 92.483 85.485 86.488 97.491 103.495 92.496 93.497 85.499 93.500 101.502 74.503 65.504 66.506 66.507 65.509 65.510 67.512 62.514 11.517 71.525 62.531 1.539 3.547 0.000 0.000 0.000 5.008 83.079 80.290 110.326 110.280 105.809 106.636 103.517 103.478 103.434 103.392 103.350 103.310 103.271 103.232 103.194 103.157 103.118 105.078 110.035 78.998 18.963 0.000 0.000 0.000 0.000 0.000 13.647 64.639 99.635 49.633 0.000
68.469 4.470 63.471 66.471 66.471 66.472 65.473 66.474 68.476 66.478 78.480 73.482 82.484 93.487 81.489 66.492 67.495 68.498 69.501 74.504 87.506 97.507 103.509 101.510 90.511 66.512 66.513 66.514 66.515 66.515 67.516 90.518 63.519 3.522 67.526 17.532 11.537 4.542 0.000 0.000 0.000 14.966 103.173 105.379 110.370 104.143 103.847 103.581 103.559 103.512 103.469 103.427 103.386 103.347 103.308 103.270 103.233 103.196 105.159 90.118 44.061 11.029 0.000 0.025 0.009 0.117 4.520 0.000 0.000 35.627 97.626 49.625 0.000
69.476 2.476 63.477 66.477 66.478 66.479 66.480 67.481 5.483 65.485 69.488 80.490 80.493 88.496 93.499 79.502 64.505 64.508 64.511 66.514 68.516 69.518 70.519 70.520 69.520 68.521 64.521 64.522 65.522 66.522 77.523 91.523 62.524 56.525 58.526 0.000 0.000 4.542 0.000 0.000 0.000 19.030 102.147 110.454 110.412 103.000 103.728 103.632 103.588 103.544 103.502 103.461 103.421 103.382 103.344 103.307 103.271 103.235 108.202 64.176 0.000 0.000 1.388 0.000 0.064 0.096 0.181 0.000 0.000 38.617 98.616 57.615 0.000
