results4_8e4_rain/res_4e8f-0135.wd
ncols         241
nrows         181
xllcorner     12693529.787448
yllcorner     3542525.717860
cellsize      155.156523
NODATA_value  -9999.000000
[rows 99 to 131 of 181, columns 0 to 72 of 241]
0.000 0.000 0.000 0.000 0.000 60.125 100.125 102.125 93.125 88.124 0.000 0.000 0.000 0.000 0.000 2.123 1.123 68.123 65.123 0.000 0.000 1.121 4.121 63.120 62.120 3.119 0.000 0.000 0.000 9.826 0.000 0.000 0.000 0.000 15.688 61.685 57.675 56.658 57.635 58.608 71.579 60.547 64.513 56.474 58.433 56.388 57.340 62.289 63.236 61.181 65.124 58.066 58.007 59.946 62.882 76.812 77.753 62.705 48.662 0.000 0.000 0.000 0.000 0.000 26.684 81.679 78.669 65.652 40.629 35.606 79.584 56.563 58.541
0.000 0.000 0.000 0.000 0.000 61.126 101.126 101.126 0.000 0.000 0.000 0.000 0.000 0.000 0.000 1.123 13.123 79.123 68.123 6.122 3.122 3.121 66.121 65.120 69.120 0.119 0.000 0.000 0.000 67.826 59.826 0.000 0.000 0.000 74.731 84.726 70.717 63.704 57.685 59.663 78.636 63.606 69.573 69.535 60.493 75.448 67.400 68.349 58.294 66.238 66.180 64.121 58.061 59.000 62.936 59.842 21.779 11.742 0.000 0.000 0.000 0.000 0.000 29.697 66.692 78.688 85.680 75.668 51.653 52.637 66.620 57.602 58.584
6.129 0.000 0.000 0.000 0.000 48.126 97.126 106.126 16.127 0.000 0.000 0.000 0.000 0.000 0.000 0.123 2.123 86.123 67.123 68.123 70.122 67.122 64.121 65.121 63.120 1.120 0.000 0.000 0.000 60.826 60.826 61.824 60.817 60.804 59.779 69.771 78.764 25.754 89.740 79.721 84.698 69.669 14.636 85.599 83.558 82.512 86.463 75.411 58.355 61.297 66.237 66.176 63.116 59.059 48.019 0.000 0.000 0.000 0.000 0.000 0.000 0.000 0.000 39.701 66.701 66.699 77.694 76.687 59.678 59.668 58.656 58.642 58.628
74.129 77.129 9.129 0.000 0.000 58.127 97.127 102.127 112.127 17.127 0.000 0.000 0.000 0.000 8.125 8.124 6.124 23.124 71.123 68.123 86.123 100.122 75.122 60.121 0.000 0.000 0.000 0.000 0.000 0.000 59.828 60.830 60.823 60.816 60.810 59.814 59.814 58.809 59.800 64.784 76.763 70.737 13.705 85.668 86.626 64.580 71.530 88.476 82.418 69.357 59.295 65.232 66.167 69.103 54.061 0.000 0.000 0.000 0.000 0.000 0.000 0.000 0.000 1.706 17.711 63.712 60.711 60.709 58.706 58.700 58.693 58.684 58.673
88.129 71.129 71.129 73.128 75.128 94.128 102.127 102.127 102.127 104.127 78.127 17.127 0.125 66.125 73.125 74.125 36.124 31.124 94.124 102.123 97.123 93.122 76.122 0.120 0.000 0.000 0.000 0.000 0.000 0.000 0.000 60.843 59.831 58.826 59.832 60.860 60.868 60.869 60.865 61.853 80.835 75.810 58.778 60.741 71.698 82.652 59.601 71.546 72.485 65.419 85.354 68.288 60.217 1.164 0.000 0.000 0.000 0.000 0.000 0.000 0.000 0.000 0.000 0.000 9.726 63.727 58.730 58.732 58.734 58.735 58.733 56.729 54.721
103.129 93.129 74.129 78.129 96.128 102.128 102.128 102.128 102.128 97.127 69.127 75.127 3.126 57.126 92.125 100.125 100.125 84.124 99.124 106.124 16.124 0.000 0.000 0.000 0.000 0.000 0.000 0.000 0.000 0.000 0.000 60.869 0.000 0.000 0.000 61.925 60.931 60.935 60.936 61.929 77.914 82.889 59.857 60.818 60.775 78.728 79.677 57.620 65.556 84.480 76.414 54.351 0.000 0.000 0.000 0.000 0.000 0.000 0.000 0.000 0.000 0.000 0.000 0.000 6.739 63.742 58.748 58.756 58.765 57.772 56.775 61.776 62.773
103.129 103.129 98.129 101.129 102.129 102.128 102.128 102.128 102.128 98.128 73.128 90.127 0.000 0.000 70.126 94.125 102.125 103.125 102.125 107.124 10.124 0.000 0.000 0.000 0.000 0.000 0.000 0.000 0.000 0.000 0.000 60.895 0.000 0.000 62.992 60.985 60.994 61.006 61.015 61.014 78.001 82.976 59.942 60.901 60.856 61.808 82.758 76.704 83.638 73.530 54.472 0.000 0.000 0.000 0.000 0.000 0.000 0.000 0.000 0.000 0.000 0.000 0.000 0.000 61.749 58.754 58.763 58.778 58.798 57.811 59.821 63.826 64.829
101.129 102.129 102.129 102.129 102.129 102.129 102.129 102.128 102.128 103.128 98.128 105.128 29.127 8.127 58.126 77.126 100.126 102.125 103.125 91.125 5.124 0.000 0.000 0.000 0.000 0.000 0.000 0.000 0.000 0.000 0.000 54.921 59.946 59.972 58.998 61.031 61.053 61.079 61.103 61.112 78.100 83.073 60.034 60.988 60.940 60.891 65.843 88.798 68.762 0.000 0.000 0.000 0.000 0.000 0.000 0.000 0.000 0.000 0.000 0.000 0.000 0.000 0.000 0.000 14.755 65.761 61.773 62.796 60.837 56.856 63.869 64.880 62.889
98.130 103.130 102.130 102.130 102.129 102.129 102.129 102.129 102.129 102.128 103.128 96.128 80.128 71.127 65.127 92.126 102.126 102.126 107.126 10.125 0.000 0.000 0.000 0.000 0.000 0.000 0.000 0.000 0.000 0.000 0.000 0.000 0.000 0.000 0.000 61.086 61.110 61.153 61.208 61.228 77.216 84.181 61.133 61.078 61.024 60.973 60.926 66.884 19.851 0.000 0.000 0.000 0.000 0.000 0.000 0.000 0.000 0.000 0.000 0.000 0.000 0.000 0.000 0.000 0.000 2.762 0.767 0.000 6.897 65.907 63.920 64.936 61.954
98.130 103.130 102.130 102.130 102.130 102.130 102.130 102.129 102.129 102.129 103.129 88.128 67.128 66.127 75.127 99.127 102.126 102.126 108.126 13.126 4.126 0.000 0.000 0.000 0.000 0.000 0.000 0.000 0.000 0.000 0.000 0.000 0.000 0.000 0.000 57.117 61.148 58.216 61.348 61.376 80.355 84.304 61.237 61.168 61.104 61.050 61.003 57.961 7.906 0.000 0.000 0.000 0.000 0.000 0.000 0.000 0.000 0.000 0.000 0.000 0.000 58.031 0.000 0.000 0.000 0.000 0.000 0.000 61.947 62.954 64.969 64.991 62.020
101.131 102.131 102.131 102.131 102.130 102.130 102.130 102.130 102.130 102.129 102.129 99.129 76.128 77.128 94.127 101.127 102.127 102.127 109.126 26.126 0.000 0.000 0.000 0.000 0.000 0.000 0.000 0.000 0.000 0.000 0.000 0.000 0.000 0.000 0.000 0.000 57.148 0.000 60.592 61.575 89.523 76.441 61.344 61.252 61.177 74.119 64.077 59.052 0.000 0.000 0.000 0.000 0.000 0.000 0.000 0.000 0.000 0.000 0.000 0.000 10.031 69.031 54.031 0.000 0.000 0.000 0.003 63.005 65.991 64.995 62.011 58.038 58.079
102.131 102.131 102.131 102.131 102.131 102.131 102.131 102.130 102.130 102.130 102.129 102.129 104.129 104.128 103.128 102.127 102.127 104.127 93.127 36.127 0.000 0.000 0.000 0.000 0.000 0.000 0.000 0.000 0.000 0.000 0.000 0.000 0.000 0.000 0.000 0.000 0.000 0.000 60.853 61.807 95.721 64.595 61.445 61.320 73.231 82.171 61.133 61.117 60.134 0.000 0.000 0.000 0.000 0.000 0.000 0.000 0.000 0.000 0.000 0.000 0.000 65.031 66.031 53.031 0.014 59.028 61.025 65.019 64.016 62.023 61.041 57.072 65.122
101.132 100.132 102.132 102.132 102.132 102.132 102.131 102.131 102.131 102.130 102.130 102.130 102.129 102.129 102.128 102.128 103.127 86.127 14.127 5.127 63.127 77.127 23.127 0.000 0.000 4.127 0.000 0.000 0.000 0.000 0.000 0.000 0.000 0.000 0.000 2.973 2.956 0.000 57.159 68.081 90.958 61.773 58.523 61.350 61.258 61.202 61.168 61.151 61.150 58.150 0.000 0.000 0.000 0.000 0.000 0.000 0.000 0.000 0.000 0.000 0.000 60.031 56.032 62.032 57.031 65.030 65.029 64.029 60.031 63.040 58.057 57.086 57.136
91.132 91.132 100.132 102.132 102.132 102.132 102.132 102.132 102.132 102.131 102.131 103.130 104.130 102.129 102.128 102.128 102.128 24.127 8.127 63.127 73.127 83.127 82.127 75.127 67.127 8.127 0.000 0.000 0.000 0.000 0.000 0.000 0.000 0.000 3.006 61.989 64.939 64.803 61.543 60.400 69.258 57.016 0.000 57.299 61.249 61.210 61.185 61.170 60.165 0.000 0.000 0.000 0.000 0.000 0.000 0.000 62.031 73.031 0.000 0.000 61.031 59.032 59.032 56.032 64.032 65.033 65.034 62.036 65.041 65.049 63.063 58.081 47.100
73.133 78.133 97.133 103.133 102.133 102.133 102.133 102.133 102.132 102.132 104.131 90.131 86.130 101.129 106.129 103.128 98.128 80.128 83.128 89.127 83.127 84.127 63.127 56.127 2.127 0.000 0.000 0.000 0.000 0.000 0.000 0.000 0.000 0.000 53.023 59.040 62.008 61.928 61.808 61.719 63.659 0.000 0.000 0.000 56.228 61.207 61.190 61.179 61.174 0.000 0.000 0.000 0.000 0.000 0.000 22.031 79.031 61.031 59.031 59.031 59.031 59.032 57.032 62.032 65.033 65.034 61.037 65.040 65.046 64.054 58.063 59.074 49.082
57.134 72.134 91.134 104.134 105.134 105.134 103.134 102.134 103.133 102.133 103.132 41.132 12.130 60.130 78.129 99.128 106.128 104.128 104.128 90.128 13.127 0.000 0.000 0.000 0.000 0.000 0.000 0.000 0.000 7.958 9.958 0.000 0.000 0.000 0.000 58.138 62.126 60.092 61.043 63.009 63.999 0.000 0.000 0.000 0.000 54.198 61.190 61.183 58.179 0.000 0.000 0.000 0.000 0.000 0.000 0.000 21.031 75.031 58.031 58.031 59.031 58.032 58.032 64.032 65.033 63.035 51.038 4.043 69.050 63.056 63.063 63.069 49.073
21.134 43.134 76.135 82.135 76.135 78.135 95.135 103.135 99.134 92.134 91.134 26.133 0.000 0.000 0.000 36.128 71.128 97.128 104.128 1.128 0.000 0.000 0.000 0.000 0.000 0.000 0.000 0.000 0.000 49.958 70.958 15.958 0.958 0.000 0.000 58.248 64.268 63.270 72.265 73.275 63.329 8.490 0.000 0.000 0.000 0.000 58.188 59.185 0.000 0.000 0.000 0.000 0.000 0.000 0.000 0.000 0.000 80.031 83.031 63.031 57.031 55.032 65.032 65.032 60.033 0.000 0.000 0.000 10.054 68.058 65.062 65.066 55.069
0.000 0.000 57.137 66.137 18.137 4.136 67.136 96.136 87.135 83.135 97.135 64.135 24.135 0.000 0.000 0.000 0.000 42.129 73.129 0.000 0.000 0.000 0.000 0.000 0.000 0.000 0.000 0.000 0.000 0.000 54.958 72.958 3.958 0.000 0.000 49.338 63.427 61.455 91.470 84.497 62.553 64.650 10.757 0.000 0.000 0.000 53.188 0.000 0.000 0.000 0.000 0.000 0.000 0.000 0.000 0.000 0.000 0.000 68.031 85.031 70.031 64.032 65.032 60.032 0.000 0.000 0.000 0.000 0.000 60.061 65.063 65.065 60.067
0.000 0.000 53.139 98.138 55.138 4.138 56.137 88.137 90.137 101.136 103.136 106.135 112.135 51.135 20.135 0.000 0.000 0.000 13.130 8.131 0.000 1.130 0.000 0.000 0.000 0.000 0.000 0.000 0.000 0.000 55.958 70.958 0.959 7.959 11.959 0.000 56.649 64.652 94.664 76.690 64.737 63.802 68.863 0.000 0.000 0.000 0.000 0.000 0.000 0.000 0.000 0.000 0.000 0.000 0.000 0.000 0.000 0.000 0.000 6.031 73.031 63.031 61.032 0.000 0.000 0.000 0.000 0.000 59.062 58.062 60.063 54.064 0.000
26.143 41.142 75.141 93.140 101.140 70.139 83.139 106.138 103.138 102.137 102.137 102.136 102.136 108.135 111.135 67.134 26.133 8.132 71.131 85.131 78.131 80.130 36.130 12.130 9.130 0.000 0.000 0.000 0.000 0.000 34.958 56.958 62.959 62.959 65.959 24.960 57.868 86.841 88.843 65.863 63.901 63.957 67.030 12.150 7.202 0.000 0.000 0.000 0.000 0.000 0.000 0.000 0.000 0.000 0.000 0.000 0.000 0.000 0.000 0.000 0.000 0.000 7.031 0.000 0.000 0.000 0.000 61.062 56.062 54.062 0.000 0.000 0.000
99.144 102.143 102.142 100.142 98.141 99.141 101.140 101.139 102.139 103.138 103.138 102.137 95.136 99.136 102.135 106.134 110.133 111.132 103.132 99.131 96.131 91.130 93.130 86.130 42.130 20.129 0.000 0.000 0.000 0.000 0.000 0.000 0.000 0.000 0.000 82.053 71.021 100.003 91.002 78.018 65.049 64.094 64.151 68.217 64.255 0.000 0.000 0.000 0.000 0.000 0.000 0.000 0.000 0.000 0.000 0.000 0.000 0.000 0.000 0.000 0.000 0.000 0.000 0.000 0.000 0.000 0.000 0.000 0.000 0.000 0.000 0.000 0.000
102.145 97.144 95.144 94.143 88.143 85.142 86.141 86.141 92.140 97.139 97.138 90.138 74.137 89.136 102.135 102.134 102.133 102.132 102.132 102.131 103.131 103.130 106.130 107.130 107.129 107.129 46.129 0.000 0.000 0.000 0.000 0.000 0.000 0.000 0.000 54.178 80.161 85.147 69.145 86.158 74.183 64.219 64.264 67.311 10.346 0.000 0.000 0.000 0.000 0.000 0.000 0.000 0.000 0.000 0.000 0.000 0.000 0.000 0.000 0.000 0.000 0.000 0.000 0.000 0.000 0.000 0.000 0.000 0.000 0.000 0.000 0.000 0.000
72.146 45.146 67.145 81.145 79.144 59.144 44.143 40.142 60.141 77.140 76.139 69.138 64.137 74.136 95.135 103.134 102.133 102.132 102.132 102.131 102.131 106.130 81.130 69.130 68.129 72.129 75.129 14.128 3.127 0.049 0.015 0.000 0.000 0.000 0.000 52.319 88.298 71.279 63.275 73.285 84.306 68.336 64.374 64.418 70.472 14.563 8.607 0.643 0.000 0.000 0.000 0.000 0.000 0.000 0.000 0.000 0.000 0.000 0.000 0.000 0.000 0.000 0.000 0.000 0.000 0.000 0.000 0.000 0.000 0.000 0.000 0.000 0.000
62.148 33.147 55.147 70.147 66.146 43.145 29.144 33.144 53.143 67.142 65.140 65.139 66.138 64.137 83.136 100.134 102.133 102.132 102.131 102.131 101.131 64.131 0.000 0.000 0.000 0.000 0.000 0.000 0.000 58.643 78.643 30.642 16.638 12.627 59.583 76.483 93.432 70.395 64.390 62.400 79.419 81.446 67.479 64.516 64.559 67.610 76.646 14.675 9.685 0.000 0.000 0.000 0.000 0.000 0.000 0.000 0.000 0.000 0.000 0.000 0.000 0.000 0.000 0.000 0.000 0.000 0.000 0.000 0.000 0.000 0.000 0.000 0.000
75.149 71.149 66.149 65.148 66.148 68.147 69.146 72.145 71.144 67.143 66.142 66.140 66.139 65.137 72.136 94.134 103.133 102.132 104.131 76.131 42.131 0.000 0.000 0.000 0.000 0.000 0.000 0.000 0.000 23.643 45.643 48.644 52.647 66.658 63.641 84.597 81.551 55.479 62.492 64.506 66.526 79.550 71.578 66.608 64.640 63.670 80.691 71.700 65.695 0.000 0.000 0.000 0.000 0.000 0.000 0.000 0.000 0.000 0.000 0.000 0.000 0.000 0.000 0.000 0.000 0.000 0.000 0.000 0.000 0.000 0.000 0.000 0.000
65.151 66.151 66.151 66.150 66.150 66.149 66.148 66.147 66.146 66.144 66.143 66.141 66.140 66.138 64.136 85.134 102.133 104.131 100.130 26.130 0.000 0.000 0.000 0.000 0.000 0.000 0.000 0.000 0.000 0.000 0.000 0.000 0.000 50.719 67.725 93.712 67.697 0.000 50.592 65.607 63.627 67.650 68.675 77.699 66.723 64.741 63.748 59.740 0.718 0.000 0.000 0.000 0.000 0.000 0.000 0.000 0.000 0.000 0.000 0.000 0.000 0.000 0.000 0.000 0.000 0.000 0.000 0.000 0.000 0.000 0.000 0.000 24.455
66.154 66.153 66.153 66.153 66.152 66.151 66.150 65.149 65.147 66.146 66.144 66.142 66.141 66.139 65.136 73.134 88.132 99.130 87.129 13.128 0.000 0.000 0.000 0.000 0.000 0.000 0.000 0.000 0.000 0.000 0.000 0.000 0.000 27.773 76.827 101.832 11.826 0.000 48.677 66.702 64.726 63.749 71.771 82.792 70.810 64.822 68.819 1.781 0.000 0.000 0.000 0.000 0.000 0.000 0.000 0.000 0.000 0.000 0.000 0.000 0.000 0.000 0.000 0.000 0.000 0.000 0.000 0.000 0.000 0.000 0.000 0.000 81.532
66.156 66.156 66.155 66.155 66.154 66.153 66.152 70.151 71.149 67.148 66.146 66.144 66.142 66.139 66.137 65.134 68.132 77.129 77.127 18.126 0.000 0.000 0.000 0.000 0.000 0.000 19.744 0.000 0.000 0.000 0.000 0.000 0.000 0.130 80.977 95.961 18.951 0.000 32.737 63.798 64.827 64.849 63.869 68.887 70.904 66.918 68.925 0.000 0.000 0.000 0.000 0.000 0.000 0.000 0.000 0.000 0.000 0.000 0.000 0.000 0.000 0.000 0.000 0.000 0.000 0.000 0.000 0.000 0.000 0.000 0.000 65.754 74.663
66.159 66.158 66.158 66.157 66.157 66.156 65.154 77.153 82.151 69.150 66.148 66.145 66.143 66.140 66.137 66.134 66.131 65.128 68.124 49.122 0.000 0.000 0.000 0.000 0.000 61.744 82.744 44.741 35.733 34.721 0.000 0.000 0.000 62.248 104.141 78.086 78.065 5.088 0.000 49.924 66.936 64.951 64.967 62.984 79.002 83.021 77.038 0.194 0.000 0.000 0.000 0.000 0.000 0.000 0.000 0.000 0.000 0.000 0.000 0.000 0.000 0.000 0.000 0.000 0.000 0.000 0.000 0.000 0.000 0.000 39.919 90.846 76.771
66.162 66.161 66.161 66.160 66.159 66.158 65.157 78.156 84.154 68.152 66.150 66.147 66.144 66.141 66.138 66.134 66.130 66.126 66.121 72.116 43.109 0.000 0.000 0.000 1.745 24.745 39.746 61.748 69.736 73.709 47.656 23.585 58.490 96.356 94.255 74.178 56.135 14.112 0.000 50.037 67.043 66.052 69.064 64.079 73.099 96.125 93.167 38.257 2.308 18.332 0.000 0.000 0.000 0.000 0.000 0.000 0.000 0.000 0.000 0.000 0.000 0.000 0.000 0.000 0.000 0.000 0.000 0.000 0.000 0.000 76.991 132.939 115.877
63.165 64.164 65.164 65.163 66.162 66.161 64.160 79.158 82.157 65.154 66.152 66.149 66.146 66.143 66.139 66.135 66.130 66.125 66.119 66.111 72.102 52.090 3.082 0.000 0.000 0.000 0.000 37.770 68.753 64.722 67.674 71.610 83.529 100.433 84.343 52.235 2.185 0.000 0.000 49.145 66.146 69.150 82.158 68.171 78.189 79.214 98.249 102.297 85.335 35.356 0.000 0.000 0.000 0.000 0.000 0.000 0.000 0.000 0.000 0.000 0.000 0.000 0.000 0.000 0.000 0.000 0.000 0.000 0.000 63.207 73.116 74.045 76.979
84.168 79.168 74.167 72.167 68.166 64.165 64.163 79.161 82.159 64.157 66.155 66.152 66.148 66.145 66.140 66.136 65.130 64.124 65.117 65.109 65.099 71.087 48.074 25.060 0.039 0.000 0.000 36.808 74.786 68.752 63.708 76.652 99.583 93.504 61.449 0.000 0.000 0.000 0.000 47.252 65.246 70.244 77.248 72.257 77.271 76.291 89.318 83.349 76.377 49.402 4.432 0.000 0.000 0.000 0.000 0.000 0.000 0.000 0.000 0.000 0.000 0.000 0.000 0.000 9.985 0.000 0.000 6.374 40.374 68.298 137.219 101.154 133.040
104.172 103.171 99.171 94.170 90.169 85.168 80.167 76.165 71.163 65.160 66.158 66.155 66.151 66.147 65.142 67.137 73.132 78.125 77.117 75.108 69.097 64.083 68.068 74.047 38.013 18.976 22.931 56.869 79.830 70.793 66.754 89.707 101.647 57.550 2.499 0.000 0.000 10.447 17.425 51.365 64.342 69.333 85.333 75.338 68.349 61.363 67.381 85.402 82.424 88.444 7.461 0.000 0.000 0.000 0.000 0.000 0.000 0.000 0.000 0.000 0.000 0.000 0.000 0.000 6.985 0.000 0.000 0.000 75.451 66.389 76.322 99.217 75.391
