results4_8e4_rain/res_4e8f-0130.wd
ncols         241
nrows         181
xllcorner     12693529.787448
yllcorner     3542525.717860
cellsize      155.156523
NODATA_value  -9999.000000
[rows 132 to 164 of 181, columns 0 to 72 of 241]
94.982 99.981 103.981 103.980 105.979 105.978 99.976 90.974 76.972 65.970 64.967 65.963 64.960 63.955 68.951 82.945 93.939 98.932 98.923 95.913 87.901 78.887 69.870 63.848 68.820 70.787 69.749 70.707 68.671 63.638 77.605 100.574 67.548 0.000 0.000 0.000 7.259 59.252 71.246 68.224 70.205 76.194 94.191 80.193 64.199 63.207 63.217 75.229 96.242 37.257 10.275 5.304 0.000 0.000 0.000 0.000 0.000 0.000 0.000 0.000 0.000 0.000 0.000 0.000 26.804 6.727 10.650 51.551 74.408 78.308 78.200 88.286 115.752
72.986 74.986 77.985 83.984 93.983 99.982 104.980 104.979 97.976 83.974 72.971 66.967 70.963 77.959 90.954 105.948 104.942 101.934 101.926 104.916 104.904 100.890 88.873 76.853 68.829 63.801 64.771 63.739 64.709 72.682 94.658 102.638 14.625 0.000 0.000 0.000 17.266 45.273 63.302 72.297 73.282 70.266 71.266 81.267 76.270 69.272 73.276 81.281 94.288 35.297 21.310 27.332 7.357 0.000 0.000 0.000 0.000 0.000 0.000 0.000 0.000 0.000 0.000 0.000 8.881 0.000 58.674 80.595 76.475 85.448 76.511 115.874 104.633
64.990 64.990 64.990 66.989 71.988 75.987 82.985 91.983 99.981 102.978 96.975 94.972 96.968 99.963 98.958 91.952 82.946 80.939 80.930 85.920 91.909 98.895 101.880 100.862 89.841 79.818 74.794 72.769 81.745 97.724 98.707 84.694 17.689 0.000 0.000 0.000 0.000 0.000 46.391 73.380 52.360 40.321 55.338 70.341 85.340 89.337 91.334 92.331 88.331 15.333 2.334 30.359 27.381 15.407 21.423 15.432 0.000 0.000 0.000 0.000 0.000 0.000 43.100 13.049 78.957 100.892 133.746 89.720 84.772 65.729 101.794 106.312 106.220
65.995 65.995 65.994 65.994 64.993 63.991 65.990 70.988 76.986 86.983 96.980 98.976 91.972 81.968 75.963 67.957 63.951 63.944 63.936 65.926 70.915 76.903 83.889 95.873 100.856 102.837 101.817 97.797 100.779 93.763 75.751 67.744 46.747 4.770 0.000 0.000 0.000 0.000 39.491 72.472 15.458 0.000 48.425 73.420 92.412 100.403 86.392 89.380 75.372 33.370 0.000 57.389 26.402 18.417 29.432 29.440 0.573 0.000 0.000 0.000 0.000 30.204 49.151 122.091 151.014 133.895 117.450 116.395 108.066 106.706 106.583 106.453 71.675
66.000 66.000 66.000 65.999 65.998 65.997 65.995 64.993 64.991 67.988 73.985 72.982 68.978 64.973 64.968 64.963 65.957 65.950 65.942 65.934 64.924 63.913 65.900 71.886 78.871 87.856 95.840 91.824 80.810 68.798 64.789 69.784 77.786 53.793 31.798 31.786 17.756 18.702 54.609 75.559 25.542 7.553 67.517 99.500 101.486 80.470 83.450 82.424 70.408 59.404 10.405 38.405 12.423 0.553 13.446 0.519 2.657 0.661 0.000 0.000 0.000 11.260 74.206 80.126 76.113 77.272 75.247 107.035 106.932 106.823 74.021 76.800 78.672
66.006 66.005 66.005 66.004 66.003 66.002 66.001 65.999 65.996 65.994 64.991 64.987 64.983 65.979 65.974 65.969 65.964 65.957 65.950 65.942 65.933 65.923 65.912 64.901 63.888 64.875 68.862 66.850 65.839 69.830 72.823 71.819 69.818 71.818 71.816 68.804 68.780 72.741 47.685 33.613 22.597 40.601 85.590 99.577 79.562 72.542 71.514 51.457 47.433 10.433 0.000 0.000 0.789 2.836 0.000 0.000 6.679 21.665 36.626 6.565 20.486 83.341 90.329 88.401 86.387 87.468 107.229 107.134 88.266 95.058 87.913 93.686 85.528
66.011 66.011 66.011 66.010 66.009 66.008 66.006 66.005 66.003 66.000 65.997 65.994 65.990 65.985 65.981 65.976 65.971 65.965 65.959 64.952 71.944 73.935 65.926 64.916 63.905 64.895 66.884 69.875 72.866 71.859 66.854 67.850 74.848 77.847 73.843 67.834 64.818 73.797 4.776 0.000 7.630 80.664 89.666 76.656 68.641 88.623 34.608 0.000 0.000 0.812 1.886 1.892 1.882 2.875 0.000 0.000 31.716 73.691 102.649 63.589 96.475 104.635 101.599 100.690 107.494 107.409 107.321 100.350 102.228 101.927 100.789 99.722 17.639
66.017 66.017 66.017 66.016 66.015 66.014 66.013 66.011 66.009 66.007 69.004 69.000 66.996 70.992 68.987 65.984 65.979 65.974 64.969 62.962 73.955 81.948 67.940 64.931 66.922 69.914 71.906 70.898 67.892 69.887 74.883 76.880 77.879 77.878 72.875 66.870 75.862 94.854 13.846 0.000 0.000 54.758 77.753 74.742 78.723 98.701 32.686 0.000 1.883 1.882 1.896 1.906 1.898 3.905 0.000 29.829 81.780 97.731 100.665 105.667 102.835 99.828 107.725 107.652 107.575 99.659 100.445 101.319 101.001 100.974 93.906 70.815 0.000
66.023 66.023 66.023 66.022 66.021 66.020 66.019 66.018 66.016 67.014 74.011 74.008 51.004 18.998 39.994 69.991 63.988 66.984 72.979 75.973 75.967 71.961 67.954 68.947 71.940 70.933 69.926 71.921 75.916 75.913 77.911 76.910 67.909 62.910 64.910 77.909 96.908 106.908 28.910 0.000 0.000 29.857 85.848 87.834 94.809 93.771 29.750 0.000 1.884 0.000 0.941 1.940 0.000 7.943 33.931 77.886 99.810 102.830 101.923 101.928 101.023 107.864 107.796 99.862 100.663 101.527 101.314 101.171 101.129 93.063 85.022 0.000 0.000
66.030 66.029 66.029 66.029 66.028 66.027 66.026 66.025 66.023 68.022 77.019 88.016 64.013 1.008 6.999 55.000 80.998 72.994 70.990 70.985 68.980 67.974 69.968 71.962 69.957 65.951 67.946 79.942 81.940 71.938 65.937 62.938 62.940 67.942 81.945 97.948 94.953 78.961 50.975 19.007 13.006 56.964 85.949 67.936 58.908 50.824 15.793 0.218 0.120 20.988 11.982 1.974 0.000 26.994 77.970 99.892 102.092 101.088 101.200 108.057 107.995 107.931 99.923 101.808 101.521 101.397 101.343 101.271 95.197 82.134 72.098 0.000 0.000
66.036 66.036 66.036 66.035 66.035 66.034 66.033 66.032 66.031 68.030 78.028 65.025 21.021 3.024 0.000 23.011 77.009 69.005 71.001 69.997 67.993 70.988 71.983 68.978 65.973 61.969 71.966 85.963 72.962 62.962 63.963 68.966 78.969 89.974 100.979 93.986 71.995 67.006 86.022 93.040 94.048 98.044 73.047 34.055 6.063 0.000 0.344 0.374 0.000 33.993 20.999 1.076 32.104 78.044 100.068 102.261 101.283 108.227 108.173 108.117 100.189 100.988 101.878 101.578 101.564 101.505 101.431 102.341 90.262 61.178 50.138 8.138 2.138
65.043 65.043 66.042 66.042 66.041 66.041 66.041 66.040 66.039 69.038 79.037 50.036 0.000 9.033 47.033 49.025 66.021 68.017 56.013 38.010 76.006 71.002 66.997 65.993 63.990 65.986 81.984 84.982 66.983 69.984 81.988 90.992 99.998 98.005 86.013 72.022 65.034 81.049 85.066 73.084 54.101 52.117 40.140 20.173 9.227 3.342 1.458 21.498 16.507 0.000 0.000 26.180 78.211 101.319 102.342 100.457 108.329 108.279 100.351 101.163 102.042 101.849 101.728 101.705 101.653 101.602 104.533 68.402 48.332 0.000 0.000 0.000 0.000
74.050 72.050 69.049 67.048 64.048 64.048 64.048 64.048 63.047 68.047 80.046 63.046 44.048 52.043 70.041 66.036 63.032 69.029 64.026 51.022 71.019 65.015 64.012 64.009 66.005 80.003 88.001 54.000 46.002 96.005 101.011 96.017 85.025 75.034 67.044 63.056 74.071 86.088 54.108 29.131 12.156 3.185 20.221 19.269 9.331 10.413 13.489 41.524 25.515 0.000 0.000 58.449 100.482 99.607 108.471 108.426 108.378 100.388 102.282 102.007 101.900 101.870 103.827 98.777 100.747 101.720 112.698 0.000 0.000 0.000 0.000 0.000 0.000
75.058 77.057 83.055 84.054 84.055 81.056 82.056 81.056 80.056 80.055 82.055 65.055 69.054 68.052 65.049 68.046 68.043 67.041 72.038 74.035 68.032 62.029 64.027 66.024 80.021 85.018 74.016 68.016 77.019 100.025 83.033 74.042 66.052 64.062 66.074 65.088 79.105 88.124 52.147 28.174 16.206 18.245 21.292 13.350 14.416 20.489 22.554 15.594 0.000 0.000 36.689 78.702 108.595 108.556 108.515 100.621 101.427 102.326 102.035 102.032 102.990 102.945 75.901 53.839 88.838 102.832 107.841 47.898 0.000 0.000 0.000 0.000 0.000
68.067 62.065 15.060 17.059 26.063 73.064 70.065 70.065 70.064 74.064 83.064 64.063 65.062 64.061 67.059 71.057 72.054 70.052 69.050 72.048 73.046 70.043 64.041 81.039 87.036 78.033 84.030 101.030 98.033 80.041 68.054 64.066 66.077 66.089 65.102 70.118 86.136 88.157 80.183 83.213 54.250 16.296 8.353 7.421 19.495 26.572 16.644 13.705 5.729 31.865 79.869 108.667 108.632 100.763 101.573 102.460 102.273 102.159 102.144 103.097 101.057 95.017 19.996 0.000 70.933 105.930 102.936 101.956 0.000 0.000 0.000 0.000 0.000
66.077 58.077 0.000 0.000 8.073 69.073 65.073 65.073 65.073 69.073 83.072 61.072 65.071 69.070 71.069 72.067 69.065 66.064 64.062 66.061 76.059 89.058 84.056 85.054 62.052 56.048 108.042 94.040 61.042 21.053 41.076 69.090 66.102 66.114 68.128 61.145 45.164 35.187 47.213 87.245 63.284 16.336 11.404 6.488 15.571 20.658 14.748 19.826 19.909 58.007 108.720 99.953 103.692 102.597 102.411 102.301 102.277 102.242 103.200 103.164 68.125 44.070 30.069 33.075 84.032 105.017 101.018 92.033 10.067 0.000 0.000 0.000 0.000
66.088 66.089 49.094 0.000 9.082 70.082 66.082 66.082 65.082 66.082 81.081 68.081 71.080 73.079 72.078 67.077 64.076 65.075 65.074 64.073 74.073 97.072 93.071 80.070 73.069 64.064 40.050 29.044 16.043 0.000 22.109 71.116 66.125 68.138 51.152 25.169 10.189 7.212 49.238 66.269 35.305 7.360 10.439 15.554 22.644 18.743 12.864 5.982 9.296 57.246 108.787 102.841 102.602 102.424 102.409 102.374 102.334 102.297 100.262 91.231 24.208 0.000 41.135 100.124 105.102 103.089 97.085 87.091 5.101 0.000 0.000 0.000 0.000
63.097 65.097 62.099 0.000 5.092 70.092 65.091 63.091 65.091 69.091 73.090 72.090 72.090 70.089 64.088 65.088 65.087 66.087 66.086 71.086 89.086 88.086 81.087 90.087 88.089 59.090 0.000 0.000 0.000 0.000 20.134 71.139 66.147 69.159 40.173 2.191 36.211 62.234 82.260 51.287 3.309 0.000 0.000 4.644 14.707 14.808 14.950 9.253 6.127 108.975 108.883 101.747 102.594 102.495 102.461 102.423 102.387 104.352 89.319 72.291 32.269 8.258 56.211 86.185 95.165 104.151 93.144 82.143 4.145 0.000 0.000 0.000 0.000
70.105 68.105 57.106 0.000 56.101 64.101 66.100 70.100 71.100 72.100 70.100 71.099 69.099 65.099 65.099 66.098 66.098 65.098 67.098 90.098 89.099 71.100 84.102 82.104 86.109 84.117 47.136 3.148 12.155 42.158 47.154 67.158 66.166 66.177 61.192 53.209 70.230 69.253 63.280 85.309 33.335 0.000 0.000 8.672 13.732 11.827 12.947 37.125 61.540 109.061 104.076 103.823 103.563 102.550 102.511 102.474 103.438 101.404 56.373 33.344 45.319 46.295 100.265 102.240 82.221 92.206 87.197 60.193 25.192 0.000 0.000 0.000 0.000
71.112 72.113 69.113 57.115 71.112 71.110 71.110 72.109 72.109 73.109 85.109 67.109 65.109 65.109 66.109 66.109 66.109 67.109 81.110 92.111 67.112 71.114 98.116 90.119 78.125 81.132 84.144 68.153 73.160 88.164 81.167 69.173 62.181 62.193 73.207 89.224 76.245 48.270 20.299 75.335 64.386 13.471 16.551 21.640 17.722 8.822 10.900 52.188 104.436 109.140 101.056 103.707 104.635 102.597 102.560 102.524 95.488 85.455 42.423 13.393 22.366 23.340 84.314 126.290 107.271 83.256 75.246 54.240 63.237 16.237 0.000 2.406 6.406
76.120 76.120 72.120 72.120 72.119 73.119 73.118 69.118 66.118 65.118 28.118 18.118 69.118 66.119 66.119 66.119 65.120 68.120 92.121 78.123 63.124 69.126 86.129 103.133 98.138 95.145 93.153 89.160 85.167 84.173 92.178 89.185 83.194 79.205 82.219 86.236 48.257 12.282 11.310 27.346 23.402 8.475 17.543 27.615 23.697 14.807 7.966 51.213 109.288 109.215 103.949 105.792 102.680 102.647 103.609 99.572 83.537 76.503 82.471 88.440 72.412 94.385 109.359 126.337 135.317 119.302 81.290 86.283 61.280 0.000 0.000 0.000 0.000
15.127 16.127 76.127 71.127 71.127 66.127 63.127 65.127 60.127 13.127 13.127 2.128 70.128 66.128 66.129 66.130 66.130 84.131 91.132 64.134 66.136 66.138 69.141 75.145 77.150 77.156 73.162 76.169 92.175 85.181 76.187 79.195 86.204 90.215 93.228 90.245 65.266 30.289 13.315 12.337 0.000 1.487 12.531 21.581 5.639 0.000 21.158 81.399 109.357 101.294 105.018 104.754 102.737 102.695 103.657 98.620 85.584 51.549 58.517 101.486 112.456 144.428 135.403 107.379 95.359 112.343 91.330 85.322 60.319 0.000 0.000 0.000 0.000
2.135 11.134 25.132 80.134 65.135 63.135 65.136 65.136 66.136 13.136 4.137 59.137 67.138 66.138 66.139 66.140 68.141 92.142 77.143 63.145 66.147 66.150 66.153 65.157 65.161 65.166 64.172 71.177 100.183 79.189 10.196 18.203 30.211 81.222 91.234 75.250 80.270 67.295 19.323 16.350 1.404 6.461 19.497 11.539 0.000 0.000 39.314 109.491 109.424 104.176 105.915 101.822 102.782 102.742 102.703 102.665 89.629 52.594 67.561 104.529 100.499 134.470 129.443 98.419 103.398 89.380 70.366 88.358 66.354 0.375 0.000 0.000 0.000
64.144 60.144 0.000 72.144 82.144 83.144 64.144 76.144 83.145 59.145 57.146 67.146 66.147 66.148 66.149 66.150 85.151 89.152 64.154 66.156 65.158 64.161 66.164 66.168 66.172 66.176 65.181 73.186 102.191 83.197 29.203 2.210 53.217 78.226 91.237 70.251 60.270 19.299 12.332 15.362 13.400 21.436 25.458 0.000 0.000 18.241 80.485 109.555 101.435 105.154 104.895 102.872 102.828 102.788 102.748 103.710 94.673 83.638 106.604 131.571 119.540 136.510 133.482 127.456 134.433 100.413 77.397 87.388 95.385 24.394 0.000 0.000 0.000
66.152 65.153 60.156 66.153 65.152 13.152 87.153 79.153 66.153 67.154 67.155 66.156 66.156 66.157 66.159 69.160 92.161 75.162 65.164 66.166 72.169 80.171 66.175 64.178 66.182 65.186 68.190 92.195 100.199 75.204 63.210 51.216 73.222 72.229 33.238 18.247 15.259 0.000 4.343 4.368 5.397 6.425 8.442 0.000 21.319 78.460 100.621 109.617 102.397 103.037 102.959 102.915 102.873 102.832 102.792 103.754 94.716 77.680 73.645 106.612 96.579 110.548 113.518 101.490 103.464 75.441 52.423 66.410 133.404 86.404 21.407 11.408 33.408
66.160 66.160 66.161 66.161 66.160 60.161 76.161 92.161 68.162 65.163 66.164 66.165 66.166 66.167 65.168 88.170 90.171 64.173 66.174 67.176 64.179 26.182 85.185 80.188 67.191 65.195 83.199 102.203 86.207 66.212 66.216 67.221 70.226 74.231 11.237 12.242 0.000 1.325 16.330 0.000 0.000 0.000 0.000 0.000 44.444 101.603 109.734 109.676 102.282 103.114 102.996 102.959 102.916 102.875 102.835 101.796 86.758 88.722 108.686 127.651 126.618 131.585 136.553 123.522 121.493 108.465 57.443 55.427 131.417 95.413 33.409 26.408 91.408
66.167 66.167 66.168 66.168 66.168 66.169 66.169 77.170 92.171 68.172 65.173 66.174 66.175 64.177 72.178 93.179 73.181 65.182 67.184 65.185 7.189 4.192 73.195 74.198 80.201 79.204 87.208 86.211 67.215 65.218 67.222 70.226 75.229 75.232 0.000 0.000 0.000 3.319 27.321 14.318 15.317 14.316 0.000 5.622 52.728 106.827 109.791 101.623 103.334 103.068 103.046 103.000 102.957 102.916 102.876 102.837 88.799 84.762 105.725 106.690 106.655 109.621 109.587 108.553 113.519 86.484 62.456 77.437 92.425 31.419 0.000 0.000 35.408
66.175 68.174 68.174 66.175 66.176 66.177 66.177 66.178 77.179 92.180 68.181 63.183 63.184 80.186 92.188 86.189 63.191 66.193 62.193 8.192 5.199 59.202 66.205 66.208 72.211 89.213 89.216 82.219 75.222 67.225 54.228 24.231 89.234 69.236 0.000 0.000 0.000 2.315 16.316 9.316 23.316 12.316 0.000 5.810 25.885 109.901 109.846 102.492 103.223 103.127 103.084 103.040 102.998 102.957 102.917 103.877 98.839 88.801 83.764 82.727 82.691 82.656 82.621 86.585 60.546 4.496 30.460 86.440 82.428 43.420 5.417 0.000 34.408
67.182 4.182 5.179 66.182 65.184 64.184 64.185 63.186 63.187 76.189 91.190 84.192 91.194 93.195 80.197 64.199 71.201 71.203 59.205 0.000 7.212 70.214 66.216 68.218 92.220 99.222 77.225 68.227 75.230 82.232 70.235 6.237 49.239 67.241 0.000 0.000 0.000 3.309 9.311 6.314 20.315 0.000 0.000 5.949 11.289 109.955 107.745 103.455 103.195 103.170 103.123 103.079 103.037 102.996 102.956 102.917 103.878 102.840 100.802 99.765 99.727 100.691 102.655 76.619 18.582 0.000 15.447 71.435 102.425 93.418 66.413 42.409 59.408
66.190 65.190 0.191 65.191 76.192 80.192 84.193 89.194 92.196 93.197 93.199 93.201 79.203 66.205 82.207 99.209 100.212 100.214 93.218 71.224 6.223 67.224 65.226 74.228 102.229 89.231 66.233 65.235 67.237 70.239 61.241 6.244 26.246 26.247 0.000 0.000 0.000 9.302 4.306 0.000 3.315 0.000 13.923 15.225 6.102 110.006 111.695 107.331 103.250 103.205 103.160 103.117 103.075 103.034 102.995 102.956 102.917 102.879 102.841 102.802 103.763 106.726 78.690 11.655 0.000 0.000 0.000 16.427 72.419 103.413 94.409 70.406 47.407
66.198 68.199 64.202 66.200 81.200 80.200 76.201 72.202 71.204 67.205 88.207 78.209 89.212 80.214 96.216 92.219 85.222 86.225 97.228 103.231 92.233 93.234 85.236 93.237 101.239 74.240 65.242 66.243 66.245 65.246 65.248 67.250 62.252 11.256 71.263 62.270 1.279 3.289 0.000 0.000 0.000 4.799 82.877 80.089 110.100 110.054 105.572 106.399 103.280 103.241 103.196 103.154 103.112 103.072 103.033 102.994 102.956 102.918 102.879 104.839 109.796 78.759 18.724 0.000 0.000 0.000 0.000 0.000 13.413 64.406 99.402 49.401 0.000
68.205 4.206 63.207 66.207 66.207 66.208 65.209 66.210 68.211 66.214 78.216 73.218 82.221 93.223 81.226 66.229 67.232 68.235 69.238 74.241 87.243 97.245 103.246 101.247 90.248 66.249 66.250 66.251 66.252 66.253 67.254 90.256 63.257 3.260 67.265 17.270 11.277 4.283 0.000 0.000 0.000 14.751 102.959 105.163 110.143 103.907 103.610 103.344 103.321 103.274 103.231 103.189 103.148 103.109 103.070 103.032 102.994 102.957 104.920 89.880 43.822 10.790 0.000 0.000 0.000 0.000 0.000 0.000 0.000 35.396 97.394 49.393 0.000
69.212 2.213 63.213 66.214 66.214 66.215 66.216 67.217 5.218 65.222 69.224 80.227 80.229 88.232 93.235 79.238 64.242 64.245 64.248 66.251 68.253 69.255 70.256 70.257 69.258 68.258 64.259 64.259 65.260 66.260 77.261 91.261 62.262 56.263 58.264 0.000 0.000 4.283 0.000 0.000 0.000 18.808 101.924 110.228 110.186 102.763 103.491 103.395 103.351 103.307 103.264 103.223 103.183 103.144 103.106 103.069 103.032 102.997 107.964 63.937 0.000 0.000 0.000 0.000 0.000 0.000 0.000 0.000 0.000 38.387 98.386 57.385 0.000
