results4_8e4_rain/res_4e8f-0130.wd
ncols         241
nrows         181
xllcorner     12693529.787448
yllcorner     3542525.717860
cellsize      155.156523
NODATA_value  -9999.000000
[rows 66 to 98 of 181, columns 146 to 218 of 241]
32.578 47.518 69.460 70.405 70.354 70.306 70.259 70.212 70.166 73.129 9.107 0.000 0.000 0.000 0.000 0.000 0.000 0.000 41.531 16.531 0.000 23.529 53.527 53.527 53.528 60.529 66.529 66.528 66.525 66.522 66.517 66.512 66.507 66.501 66.496 68.491 53.487 54.485 46.484 0.000 0.000 0.000 0.000 0.000 22.711 29.702 38.683 32.648 10.602 8.542 23.506 44.477 52.450 46.425 41.399 41.375 31.351 28.327 28.304 31.282 52.260 64.240 59.220 48.201 55.182 62.165 66.148 66.133 65.118 65.104 65.091 65.078 65.066
35.636 54.574 72.516 70.463 70.414 70.368 70.323 70.273 75.216 64.175 34.156 31.164 0.000 0.000 0.000 0.000 0.000 12.531 14.531 0.000 0.000 0.000 23.519 54.520 63.520 66.520 66.520 66.519 66.517 70.514 68.510 66.506 66.502 66.498 65.494 57.491 51.488 57.486 47.485 0.000 0.000 0.000 0.000 14.704 28.704 33.699 29.691 0.000 0.000 5.488 25.472 28.452 42.430 51.408 40.385 39.362 37.339 28.316 28.294 27.272 33.250 57.230 64.210 49.191 51.173 53.156 55.139 59.124 63.109 65.095 66.082 65.069 65.057
40.691 61.628 71.569 70.516 70.472 70.431 68.390 67.341 22.252 7.198 38.176 44.172 9.173 0.000 0.000 0.000 0.000 0.000 0.000 0.000 0.000 7.508 36.511 56.512 66.512 66.512 66.512 66.511 66.509 68.507 67.504 66.501 66.498 67.495 57.492 55.490 58.488 53.487 45.486 0.000 0.000 0.000 0.000 32.703 35.703 0.000 0.000 0.000 0.433 33.451 35.442 45.428 48.411 59.391 57.371 45.349 34.327 26.305 28.283 28.261 23.240 37.219 54.200 58.181 63.163 60.145 53.129 58.114 61.099 61.085 59.072 61.060 64.048
45.745 68.680 72.614 73.562 70.525 71.494 66.467 12.448 0.000 37.189 38.180 43.176 51.174 0.000 0.000 0.000 0.000 0.000 0.000 0.000 0.000 19.505 42.506 55.506 67.506 66.505 66.504 66.503 66.502 67.500 66.498 66.496 66.493 63.491 57.490 22.490 0.000 0.000 0.000 0.000 0.000 0.000 0.000 28.703 35.703 0.000 0.000 0.000 50.416 36.423 31.419 59.408 64.394 65.377 69.358 63.337 51.316 31.294 28.272 28.250 26.229 27.209 33.189 34.170 41.152 49.135 56.119 60.103 61.089 62.075 58.062 61.050 62.039
27.801 32.731 42.646 18.594 75.573 72.552 57.538 34.536 4.567 0.000 0.000 0.000 0.000 0.000 0.000 0.000 0.000 0.000 0.000 0.000 0.000 20.503 45.500 48.499 64.499 66.498 66.498 66.497 70.495 69.494 66.492 66.490 67.489 58.487 61.487 0.000 0.000 0.000 0.000 0.000 0.000 0.000 0.000 0.000 22.702 31.702 0.000 0.000 81.408 44.407 26.401 57.392 65.379 65.364 65.346 68.326 67.305 47.283 30.261 28.239 26.218 29.197 30.177 38.158 43.140 32.123 32.107 37.092 42.078 48.065 53.052 57.040 61.029
73.864 52.797 0.000 0.000 79.620 71.603 58.595 40.593 7.598 0.000 0.000 0.000 0.000 0.000 0.000 0.000 0.000 0.000 0.000 0.000 0.000 0.000 6.493 50.493 66.493 66.492 66.491 66.491 68.490 67.488 66.487 66.485 67.484 55.483 65.483 0.000 0.000 0.000 0.000 0.000 0.000 0.000 0.000 0.000 0.000 0.000 0.000 0.000 18.402 34.396 27.388 57.379 65.368 65.354 66.337 66.317 66.296 59.273 35.250 31.228 29.206 26.185 47.165 59.146 65.128 49.111 42.095 38.080 36.067 33.053 33.041 33.030 61.019
49.936 0.000 0.000 76.790 76.685 74.645 65.647 50.642 6.635 0.000 0.000 0.000 0.000 0.000 0.000 0.000 0.000 0.000 0.000 0.000 0.000 0.000 32.487 55.487 67.487 66.486 66.486 67.485 66.484 66.483 66.482 66.481 67.479 60.479 25.478 0.000 0.000 0.000 0.000 0.000 0.000 0.000 0.000 0.000 0.000 0.000 0.000 0.000 0.000 31.386 30.377 48.368 63.359 66.347 60.331 56.311 62.287 53.262 36.238 35.216 44.194 39.173 62.152 66.133 65.115 63.098 63.082 60.068 58.054 55.042 51.030 43.019 63.008
76.978 66.977 72.949 28.895 0.000 0.000 71.704 45.694 6.665 0.000 8.865 0.000 0.000 0.000 0.000 0.000 0.000 0.000 0.000 0.000 0.000 0.000 48.481 60.481 67.481 66.481 66.480 68.479 68.479 66.478 66.477 66.476 65.475 61.474 10.473 0.000 0.000 0.000 0.000 0.000 0.000 0.000 0.000 0.000 0.000 0.000 0.000 0.000 0.000 0.000 19.364 45.360 63.353 64.343 45.330 48.307 50.281 47.250 32.226 29.204 52.182 61.159 65.138 67.119 67.101 68.084 66.069 66.055 67.042 66.029 67.018 67.007 65.997
79.021 71.003 75.976 26.947 0.000 0.000 62.773 10.767 0.000 0.000 40.865 3.866 0.000 0.000 0.000 0.000 0.000 0.000 0.000 0.000 0.000 0.000 51.475 63.476 67.475 66.475 66.475 67.474 67.474 66.473 66.472 67.471 63.470 58.469 8.468 0.000 0.000 0.000 0.000 0.000 0.000 0.000 0.000 0.000 0.000 0.000 0.000 0.000 11.352 13.353 24.356 40.354 62.349 64.344 10.339 0.000 0.000 37.230 31.211 26.192 40.170 59.145 65.123 67.103 67.085 67.069 65.054 65.041 66.028 65.017 65.006 65.995 65.986
71.082 71.040 71.003 68.969 55.940 41.900 34.847 33.833 29.854 32.862 35.865 35.866 7.866 0.000 0.000 0.000 0.000 0.000 12.452 14.452 0.000 4.470 50.470 64.470 66.470 66.470 66.470 66.470 66.469 66.469 66.468 66.467 48.466 43.464 41.463 36.460 0.458 0.000 0.000 0.000 0.000 0.000 0.000 0.000 0.000 0.000 0.000 0.000 15.352 41.352 32.352 36.350 56.348 57.345 30.342 0.000 0.000 0.000 28.197 33.183 32.161 51.129 64.105 65.085 65.068 65.053 65.039 65.026 65.014 65.003 64.993 64.983 64.974
71.118 71.072 71.028 69.988 66.951 68.914 42.881 21.866 59.866 32.868 36.868 12.867 0.000 0.000 0.000 0.000 0.000 0.000 12.452 58.452 7.453 0.000 49.465 63.465 67.466 66.466 68.466 69.466 67.465 66.464 66.464 64.463 57.461 48.460 49.459 48.457 1.457 0.000 0.000 0.000 0.000 0.000 0.000 0.000 0.000 0.000 0.000 0.000 9.351 44.351 36.350 43.349 58.347 53.345 59.344 0.000 0.000 0.000 0.000 0.000 0.000 41.106 64.083 65.066 65.050 65.036 65.022 65.011 65.000 64.989 64.980 64.971 64.962
71.150 71.103 72.050 74.003 70.961 70.925 69.898 70.883 61.877 39.874 11.874 0.000 0.000 0.000 0.000 0.000 0.000 0.000 0.000 51.453 38.453 28.455 44.459 66.461 66.461 66.462 66.462 66.462 66.461 66.461 66.460 66.459 64.458 43.456 47.455 54.454 0.000 0.000 0.000 0.000 0.000 0.000 0.000 0.000 0.000 0.000 0.000 0.000 5.351 56.350 0.348 23.347 46.345 53.344 14.344 0.000 0.000 0.000 0.000 0.000 0.000 0.000 53.056 66.044 65.030 65.017 65.005 64.994 64.984 64.975 64.966 64.958 64.950
74.184 70.139 67.067 69.012 71.966 71.926 73.904 70.890 68.883 55.880 4.878 0.000 0.000 0.000 0.000 0.000 0.000 0.000 0.000 7.453 42.453 34.454 50.456 68.457 66.458 66.458 66.458 66.458 66.458 66.457 66.456 66.455 67.454 56.453 43.451 47.449 53.447 0.000 0.000 0.000 0.000 0.000 0.000 0.000 0.000 0.000 0.000 0.000 0.000 1.350 0.000 0.000 31.344 50.344 0.000 0.000 0.000 0.000 0.000 0.000 0.000 0.000 41.040 62.025 65.010 64.998 64.987 64.978 64.969 64.961 64.953 64.945 64.937
67.224 28.203 0.000 0.000 0.000 63.909 68.900 74.892 70.887 59.883 9.882 0.000 43.883 13.883 0.000 0.000 0.000 0.000 0.000 0.000 34.451 38.452 59.453 67.454 68.455 69.455 66.455 66.455 66.455 66.454 66.453 66.452 66.451 67.450 46.448 28.446 37.444 0.000 0.000 0.000 0.000 0.000 0.000 0.000 0.000 0.000 0.000 0.000 0.000 0.000 0.000 0.000 20.343 53.343 0.000 0.000 0.000 0.000 0.000 0.000 0.000 0.000 0.000 42.006 61.988 64.977 64.968 64.960 64.953 64.946 64.939 64.932 64.925
62.258 19.246 0.000 0.000 38.901 36.901 53.897 72.892 69.888 54.885 35.884 39.884 43.883 9.883 0.000 0.000 0.000 0.000 5.444 0.000 35.449 46.450 66.451 66.452 69.452 69.453 66.453 66.453 66.452 66.452 66.451 66.450 66.448 67.447 63.445 58.443 47.440 27.436 21.434 0.000 0.000 0.000 0.000 0.000 0.000 0.000 0.000 0.000 0.000 0.000 0.000 0.000 22.343 14.343 0.000 0.000 0.000 0.000 0.000 0.000 0.000 0.000 0.000 0.000 46.958 62.953 64.948 64.943 64.937 64.931 64.926 64.920 64.913
68.283 49.276 21.282 0.000 0.000 38.898 38.894 60.891 72.888 50.886 37.885 42.884 20.884 0.000 0.000 0.000 0.000 0.000 34.444 27.445 32.447 49.448 68.449 68.450 69.450 66.451 66.451 66.451 66.450 66.450 66.449 66.448 66.446 66.444 66.442 68.440 57.438 45.435 34.433 35.430 28.428 19.427 24.427 0.000 0.000 0.000 0.000 0.000 0.000 0.000 0.000 0.000 25.343 0.341 0.000 0.000 0.000 0.000 0.000 0.000 0.000 0.000 0.000 0.000 31.933 59.931 63.928 64.925 64.922 64.917 64.913 64.908 64.902
71.302 62.294 15.288 0.000 0.000 0.000 37.892 42.889 69.887 57.886 38.885 41.884 16.884 0.000 0.000 0.000 0.000 0.000 37.443 30.444 33.445 51.446 70.447 69.448 67.449 67.449 66.449 66.449 66.449 66.448 66.447 67.446 67.444 67.442 61.440 52.438 56.435 63.433 56.431 54.429 42.428 29.427 36.427 0.000 0.000 0.000 0.000 0.000 0.000 0.000 0.000 0.000 0.000 0.000 0.000 0.000 0.000 0.000 0.000 0.000 0.000 0.000 0.000 0.000 23.910 54.910 64.910 66.908 66.907 66.904 65.901 64.897 64.891
71.315 46.310 0.000 0.000 0.000 0.000 0.000 44.887 57.886 51.886 50.885 47.884 37.884 15.884 0.000 0.000 0.000 0.000 36.443 29.443 34.444 49.444 61.445 58.446 53.447 55.448 60.449 65.448 67.448 67.447 65.446 55.445 53.443 58.441 47.438 44.436 44.434 55.432 59.430 54.428 40.427 29.426 1.426 0.000 0.000 0.000 0.000 0.000 0.000 0.000 0.000 0.000 0.000 0.000 0.000 0.000 0.000 0.000 0.000 0.000 0.000 0.000 0.000 0.000 11.887 36.890 42.892 44.893 44.893 45.892 54.890 63.887 64.882
70.325 36.321 0.000 0.000 0.000 0.000 0.000 39.886 33.886 32.885 40.885 40.884 40.884 36.884 9.883 0.000 0.000 0.000 41.442 36.442 41.442 51.443 54.444 57.446 15.446 0.000 0.000 6.447 67.447 64.446 53.444 8.444 0.000 0.000 46.436 78.433 71.432 50.430 56.429 50.427 39.426 24.425 27.425 0.000 0.000 0.000 0.000 0.000 0.000 0.000 0.000 0.000 0.000 0.000 0.000 0.000 0.000 0.000 0.000 0.000 15.823 36.826 47.833 46.844 64.862 72.870 73.875 71.878 73.880 60.881 43.881 61.880 64.876
68.332 33.329 0.000 0.000 0.000 0.000 0.000 39.886 35.886 14.885 0.000 0.000 0.000 0.000 0.000 0.000 0.000 0.000 47.441 41.441 36.441 32.441 18.442 0.000 0.000 0.000 0.000 0.000 0.000 0.000 40.443 2.442 0.000 0.000 0.000 41.431 74.430 34.429 35.427 34.426 30.425 33.425 80.424 39.423 0.000 0.000 0.000 0.000 0.000 0.000 0.000 0.000 0.000 0.000 0.000 0.000 0.000 0.000 0.000 0.000 1.820 83.823 79.829 61.837 62.847 59.855 60.860 82.864 75.868 61.871 41.874 50.875 49.875
54.336 35.333 29.334 0.000 0.000 0.000 0.000 0.000 37.885 21.885 0.000 0.000 0.000 0.000 0.000 0.000 0.000 0.000 47.440 47.440 48.440 31.440 6.440 0.000 0.000 0.000 0.000 0.000 0.000 0.000 36.441 13.441 0.000 0.000 0.000 40.429 89.428 53.427 56.426 51.425 36.424 54.424 108.423 105.423 36.422 0.000 0.000 0.000 0.000 0.000 0.000 0.000 0.000 0.000 0.000 0.000 0.000 14.804 4.805 2.808 11.813 86.818 53.823 61.829 52.835 33.842 44.847 87.851 53.856 40.861 47.869 1.872 0.000
38.337 38.335 24.335 0.000 0.000 0.000 0.000 0.000 0.000 0.000 0.000 0.000 0.000 0.000 0.000 0.000 0.000 0.000 50.439 41.439 35.439 33.439 7.440 0.000 0.000 0.000 0.000 0.000 0.000 33.439 26.440 51.440 47.440 0.000 0.000 46.428 52.428 44.427 87.425 76.423 47.423 0.423 64.422 119.422 3.422 0.000 0.000 0.000 0.000 0.000 0.000 0.000 0.000 0.000 0.000 0.000 65.803 103.803 94.804 90.806 37.809 81.812 49.815 38.820 85.825 66.830 86.834 67.839 37.844 45.848 0.000 0.000 0.000
41.338 42.336 34.335 0.000 0.000 0.000 0.000 0.000 0.000 0.000 0.000 0.000 0.000 0.000 0.000 0.000 0.000 0.000 4.438 45.438 35.438 13.438 0.000 0.000 0.000 0.000 0.000 0.000 0.000 35.439 32.439 8.439 0.000 0.000 0.000 20.428 0.000 0.000 0.421 42.419 0.000 0.000 20.422 86.422 41.422 0.000 0.000 0.000 0.000 0.000 0.000 0.000 0.000 0.000 0.000 0.000 21.803 1.803 65.802 69.802 20.804 81.805 58.807 31.810 49.814 99.818 113.822 47.827 35.833 2.840 0.000 0.000 11.760
40.337 41.335 41.334 45.333 37.333 0.000 0.000 0.000 0.000 0.000 0.000 0.000 0.000 0.000 0.000 0.000 0.000 0.000 0.000 35.437 31.437 15.437 0.000 0.000 0.000 0.000 0.000 0.000 36.438 33.438 10.438 0.000 0.000 0.000 0.000 0.000 0.000 0.000 0.000 46.414 0.000 0.000 20.422 0.000 0.000 0.000 0.000 0.000 0.000 0.000 0.000 0.000 0.000 0.000 0.000 0.000 0.000 0.000 41.799 60.799 19.799 83.798 63.799 33.800 82.803 85.806 80.810 88.814 52.819 0.000 0.000 0.000 25.754
42.335 20.335 31.334 40.333 40.333 40.332 39.332 0.000 0.000 0.000 0.000 0.000 0.000 0.000 0.000 0.000 0.000 0.000 0.000 37.436 33.436 17.436 0.000 0.000 0.000 0.000 0.000 0.000 0.000 39.438 11.438 0.000 0.000 0.000 0.000 0.000 0.000 0.000 10.409 33.410 37.409 14.409 0.000 0.000 0.000 0.000 0.000 0.000 0.000 0.000 0.000 0.000 0.000 0.000 0.000 0.000 0.000 0.000 44.796 64.795 24.794 84.791 69.790 83.790 83.791 42.794 35.797 80.802 29.810 0.000 0.000 26.738 34.744
47.332 0.000 0.000 37.333 26.333 0.000 39.331 29.331 0.000 0.000 0.000 0.000 0.000 0.000 0.000 0.000 0.000 0.000 0.000 36.435 33.435 21.435 0.000 0.000 0.000 0.000 0.000 0.000 0.000 0.000 0.000 0.000 0.000 0.000 0.000 0.000 0.000 0.000 49.409 66.409 27.408 0.000 0.000 0.000 0.000 0.000 0.000 0.000 0.000 0.000 0.000 0.000 0.000 0.000 0.000 0.000 0.000 0.000 79.794 65.793 26.790 84.783 81.780 73.779 65.779 51.781 52.783 21.786 0.000 0.000 10.729 29.732 36.736
44.328 0.000 0.000 24.332 16.332 0.000 0.000 0.000 0.000 48.286 44.286 35.286 0.000 0.000 0.000 0.000 0.000 0.000 0.000 40.434 36.435 18.435 0.000 0.000 0.000 0.000 0.000 0.000 0.000 0.000 0.000 0.000 0.000 0.000 0.000 0.000 0.000 0.000 12.408 96.408 62.407 0.000 0.000 0.000 0.000 0.000 0.000 0.000 0.000 0.000 0.000 0.000 0.000 0.000 0.000 0.000 0.000 0.000 11.794 0.000 0.000 58.771 99.767 78.766 77.766 75.767 78.770 26.773 0.000 0.000 14.726 28.727 29.729
60.323 0.000 0.000 0.000 0.000 46.297 33.296 0.000 44.288 38.287 38.286 30.286 0.000 0.000 0.000 0.000 0.000 0.000 0.000 40.434 35.434 23.434 0.000 0.000 0.000 0.000 0.000 0.000 0.000 0.000 0.000 0.000 0.000 0.000 0.000 0.000 0.000 0.000 0.000 40.407 32.406 3.405 0.000 0.000 0.000 0.000 0.000 0.000 0.000 0.000 0.000 0.000 0.000 0.000 0.000 0.000 0.000 0.000 0.000 0.000 0.000 5.762 41.754 42.752 40.751 40.752 37.755 33.764 0.000 0.000 7.722 28.720 26.721
71.317 60.312 42.308 43.305 42.302 36.298 37.295 38.292 36.289 41.287 40.286 31.285 28.285 0.000 0.000 0.000 0.000 0.000 0.000 27.434 0.000 0.000 0.000 0.000 0.000 0.000 0.000 0.000 0.000 0.000 0.000 0.000 0.000 0.000 0.000 0.000 0.000 0.000 0.000 0.000 39.405 2.405 0.000 0.000 0.000 0.000 0.000 0.000 0.000 0.000 0.000 0.000 0.000 0.000 0.000 0.000 0.000 0.000 0.000 0.000 0.000 0.000 29.735 28.735 28.736 44.736 39.736 0.000 0.000 0.000 0.711 41.712 53.713
71.313 65.310 35.308 35.305 35.302 18.299 19.295 23.292 33.289 42.287 39.285 31.285 34.284 23.284 0.000 0.000 0.000 0.000 0.000 0.000 0.000 0.000 0.000 0.000 0.000 0.000 0.000 0.000 0.000 0.000 0.000 0.000 0.000 0.000 0.000 0.000 0.000 0.000 0.000 0.000 0.000 42.404 1.403 0.000 0.000 0.000 0.000 0.000 0.000 0.000 0.000 0.000 0.000 0.000 0.000 0.000 0.000 0.000 0.000 0.000 21.701 24.705 28.716 28.719 30.720 49.719 39.716 22.707 0.000 0.000 36.699 57.703 64.705
71.311 69.309 39.307 36.306 16.304 0.000 0.000 0.000 0.000 33.286 36.285 34.284 27.283 0.000 0.000 0.000 0.000 0.000 0.000 0.000 0.000 0.000 0.000 0.000 0.000 0.000 0.000 0.000 0.000 0.000 0.000 0.000 0.000 0.000 0.000 0.000 0.000 0.000 0.000 0.000 0.000 45.403 7.403 0.000 0.000 0.000 0.000 0.000 0.000 0.000 0.000 0.000 0.000 0.000 0.000 0.000 0.000 0.000 0.000 0.000 32.697 29.700 28.704 24.706 37.707 54.706 38.703 27.697 22.691 22.690 46.693 63.695 64.698
71.308 69.308 22.307 26.306 0.000 0.000 0.000 0.000 0.000 0.000 24.284 37.283 29.282 0.000 0.000 0.000 0.000 0.000 0.000 0.000 0.000 0.000 0.000 0.000 0.000 0.000 0.000 0.000 0.000 0.000 0.000 0.000 0.000 0.000 0.000 0.000 0.000 0.000 0.000 0.000 0.000 0.000 13.403 0.000 0.000 0.000 0.000 0.000 0.000 0.000 0.000 0.000 1.672 9.672 0.000 0.000 0.000 0.000 0.000 26.686 24.690 23.692 28.695 42.696 55.696 45.694 29.692 27.689 29.686 26.686 47.687 65.689 64.691
71.306 45.307 0.000 0.000 0.000 0.000 0.000 0.000 0.000 0.000 0.000 27.282 34.281 32.280 0.000 0.000 0.000 0.000 0.000 0.000 0.000 0.000 0.000 0.000 0.000 0.000 0.000 0.000 0.000 0.000 0.000 0.000 0.000 0.000 0.000 0.000 0.000 0.000 0.000 0.000 0.000 0.000 0.000 0.000 0.000 0.000 0.000 0.000 0.000 0.000 0.000 0.000 0.000 2.673 4.673 0.000 31.677 23.678 21.679 33.682 47.684 52.686 54.686 54.686 40.685 28.684 27.683 27.681 26.680 28.680 51.681 66.682 64.684
