results4_8e4_rain/res_4e8f-0050.wd
ncols         241
nrows         181
xllcorner     12693529.787448
yllcorner     3542525.717860
cellsize      155.156523
NODATA_value  -9999.000000
[rows 132 to 164 of 181, columns 0 to 73 of 241]
85.800 90.800 94.801 94.801 96.803 96.804 90.806 81.808 67.811 56.814 55.817 56.821 55.825 54.830 59.835 73.840 84.846 89.852 89.858 86.865 78.871 69.876 60.880 54.880 59.876 61.865 60.846 61.820 59.796 54.773 68.749 91.723 58.700 0.000 0.000 0.000 0.000 50.473 62.465 59.440 61.420 67.408 85.404 71.405 55.408 54.411 54.416 66.422 87.429 28.437 1.458 0.000 0.000 0.000 0.000 0.000 0.000 0.000 0.000 0.000 0.000 0.000 0.000 0.000 20.912 0.772 4.533 45.456 68.321 72.223 72.115 82.200 109.664 100.013
63.816 65.816 68.817 74.818 84.819 90.821 95.823 95.825 88.828 74.831 63.834 57.838 61.842 68.847 81.853 96.858 95.864 92.870 92.877 95.883 95.889 91.893 79.896 67.897 59.893 54.886 55.873 54.858 55.842 63.827 85.812 93.798 5.789 0.000 0.000 0.000 8.500 36.501 54.530 63.524 64.508 61.490 62.491 72.493 67.492 60.489 64.486 72.483 85.481 26.481 12.480 18.495 0.000 0.000 0.000 0.000 0.000 0.000 0.000 0.000 0.000 0.000 0.000 0.000 2.934 0.000 52.589 74.515 70.397 79.369 70.431 109.792 98.549 100.060
55.832 55.832 55.833 57.834 62.836 66.837 73.839 82.842 90.845 93.848 87.851 85.855 87.860 90.865 89.871 82.877 73.883 71.889 71.896 76.902 82.908 89.912 92.915 91.917 80.916 70.912 65.905 63.897 72.889 88.881 89.874 75.870 8.868 0.000 0.000 0.000 0.000 0.000 37.630 64.618 43.597 31.555 46.579 61.583 76.578 80.568 82.556 83.542 79.531 6.525 0.000 21.511 18.516 6.516 12.515 6.515 0.000 0.000 0.000 0.000 0.000 0.000 37.086 7.038 72.957 94.863 127.691 83.656 78.704 59.658 95.721 100.227 100.128 108.856
56.849 56.849 56.850 56.851 55.852 54.854 56.856 61.859 67.861 77.865 87.868 89.872 82.877 72.883 66.889 58.895 54.902 54.909 54.916 56.922 61.928 67.933 74.937 86.940 91.941 93.941 92.939 88.937 91.935 84.934 66.935 58.940 37.946 0.000 0.000 0.000 0.000 0.000 30.742 63.722 6.707 0.000 39.687 64.682 83.669 91.651 77.627 80.600 66.577 24.564 0.000 48.522 17.521 9.517 20.515 20.515 0.000 0.000 0.000 0.000 0.000 24.184 43.133 116.075 144.996 127.866 111.406 110.343 102.009 100.656 100.522 100.380 65.603 110.516
56.865 56.866 56.866 56.867 56.869 56.871 56.873 55.876 55.879 58.882 64.885 63.890 59.894 55.900 55.907 55.914 56.921 56.929 56.936 56.943 55.950 54.956 56.961 62.965 69.969 78.972 86.974 82.976 71.980 59.985 55.993 61.007 69.032 45.087 23.110 23.108 9.076 10.004 45.876 66.820 16.802 0.000 58.802 90.788 92.767 71.739 74.701 73.653 61.616 50.590 1.563 29.536 3.528 0.000 4.515 0.000 0.000 0.000 0.000 0.000 0.000 5.238 68.186 74.106 70.091 71.243 69.212 101.013 100.901 100.783 67.965 70.738 72.605 74.265
56.882 56.882 56.883 56.884 56.886 56.888 56.890 56.893 56.896 56.899 55.902 55.906 55.911 56.917 56.925 56.933 56.941 56.950 56.958 56.965 56.973 56.979 56.986 55.992 54.998 56.003 60.009 58.016 57.024 61.034 64.047 63.064 61.088 63.118 63.137 60.138 60.116 64.060 38.938 24.880 13.881 31.962 76.930 90.903 70.873 63.837 62.788 42.694 38.643 1.616 0.000 0.000 0.000 0.000 0.000 0.000 0.769 15.741 30.718 0.618 14.433 77.313 84.308 82.381 80.366 81.444 101.223 101.121 82.225 89.011 81.860 87.629 79.466 58.403
56.899 56.899 56.900 56.901 56.903 56.905 56.908 56.910 56.913 56.916 56.919 56.923 56.928 56.934 56.942 56.952 56.962 56.972 56.980 55.988 62.996 65.004 57.012 56.019 55.027 56.036 58.044 61.054 64.066 63.080 58.096 59.116 66.138 69.162 65.181 59.191 56.191 65.183 0.000 0.000 0.000 72.075 81.054 68.022 59.984 79.947 25.919 0.000 0.000 0.000 0.000 0.000 0.000 0.000 0.000 0.000 25.796 67.758 96.709 57.623 90.470 98.622 95.584 94.675 101.512 101.419 101.323 94.317 96.189 95.884 94.741 93.669 11.582 0.000
56.916 56.916 56.917 56.919 56.920 56.923 56.925 56.928 56.931 56.934 59.937 59.939 57.943 61.948 59.958 56.972 56.984 56.994 56.003 54.012 65.021 73.029 59.038 56.047 58.057 61.067 63.079 62.092 59.107 61.123 66.143 68.164 69.188 69.212 64.235 58.255 67.273 86.299 5.358 0.000 0.000 46.209 69.188 66.149 70.096 90.050 24.023 0.000 0.000 0.000 0.000 0.000 0.000 0.000 0.000 23.891 75.843 91.786 94.710 99.694 96.842 93.828 101.765 101.684 101.601 93.639 94.419 95.288 94.965 94.934 87.863 64.766 0.000 0.000
56.933 56.933 56.934 56.936 56.938 56.940 56.943 56.946 56.949 57.952 64.954 64.956 41.957 9.958 30.970 60.996 55.009 58.019 64.028 67.036 67.045 63.055 59.065 60.075 63.086 62.099 61.113 63.128 67.146 67.165 69.187 68.211 59.237 54.265 56.292 69.320 88.349 98.382 20.418 0.000 0.000 21.365 77.341 79.289 86.201 85.134 21.100 0.000 0.000 0.000 0.000 0.000 0.000 2.036 28.005 71.948 93.864 96.876 95.958 95.953 95.039 101.919 101.843 93.854 94.650 95.507 95.290 95.142 95.096 87.027 78.984 0.000 0.000 0.000
56.950 56.950 56.951 56.953 56.955 56.958 56.962 56.965 56.969 58.971 67.973 78.973 54.970 0.000 0.000 46.031 72.037 64.044 62.052 62.061 60.070 59.080 61.091 63.103 61.115 57.129 59.145 71.163 73.183 63.205 57.230 54.257 54.286 59.317 73.349 89.384 86.421 70.463 42.514 10.586 4.602 48.545 77.522 59.465 50.284 42.187 7.143 0.000 0.000 0.000 0.000 0.000 0.000 21.069 72.037 93.948 96.139 95.129 95.235 102.135 102.065 101.993 93.922 95.799 95.508 95.379 95.321 95.245 89.167 76.101 66.063 0.000 0.000 0.000
56.967 56.967 56.968 56.970 56.973 56.976 56.980 56.985 56.989 58.992 68.995 55.993 11.981 0.000 0.000 14.061 68.064 60.070 62.077 61.086 59.095 62.106 63.117 60.129 57.143 53.159 63.176 77.196 64.218 54.243 55.271 60.302 70.334 81.368 92.405 85.445 63.489 58.537 77.589 84.642 85.676 89.693 64.739 25.766 0.000 0.000 0.000 0.000 0.000 0.000 0.000 0.000 26.180 72.111 94.126 96.310 95.330 102.330 102.267 102.203 94.201 94.994 95.876 95.571 95.552 95.489 95.410 96.316 84.234 55.147 44.105 2.105 0.000 0.000
55.984 55.984 56.984 56.986 56.990 56.994 56.999 57.005 57.010 60.015 70.020 41.024 0.000 0.047 38.097 40.089 57.089 59.094 47.101 29.110 67.120 62.131 58.142 57.156 55.170 57.186 73.205 76.226 58.251 61.279 73.311 82.344 91.380 89.418 77.459 63.504 56.553 72.606 76.663 64.719 45.766 43.811 31.975 12.094 1.728 0.000 0.000 14.770 9.769 0.000 0.000 20.263 72.280 95.378 96.398 94.508 102.449 102.390 94.375 95.180 96.051 95.854 95.727 95.699 95.643 95.588 98.515 62.379 42.307 0.000 0.000 0.000 0.000 0.000
65.001 63.001 60.000 58.002 55.006 55.012 55.019 55.025 54.032 59.039 71.047 54.060 35.086 43.101 61.106 57.107 54.111 60.117 55.124 42.134 62.144 56.155 55.167 55.181 57.196 71.212 79.232 45.254 37.281 87.313 92.348 87.385 76.424 66.465 58.509 54.558 65.613 77.673 45.738 20.804 3.860 0.000 12.254 11.407 2.074 3.521 6.683 34.770 18.770 0.000 0.000 52.511 94.546 93.668 102.619 102.564 102.507 94.419 96.301 96.023 95.911 95.876 97.829 92.773 94.738 95.707 106.682 0.000 0.000 0.000 0.000 0.000 0.000 0.000
66.020 68.018 74.014 75.015 75.021 72.031 73.039 72.046 71.054 71.062 73.071 56.083 60.098 59.111 56.119 59.125 59.131 58.138 63.147 65.156 59.167 53.179 55.191 57.205 71.220 76.236 65.255 59.279 68.308 91.343 74.384 65.425 57.466 55.509 57.556 56.608 70.667 79.735 43.812 19.900 8.011 10.202 13.382 5.682 7.250 13.574 15.760 8.858 0.000 0.000 30.718 72.758 102.773 102.724 102.673 94.664 95.462 96.353 96.058 96.050 97.003 96.953 69.904 47.836 82.829 96.819 101.824 41.878 0.000 0.000 0.000 0.000 0.000 0.000
59.041 53.037 6.025 8.024 17.031 64.051 61.061 61.068 61.075 65.083 74.092 55.103 56.114 55.125 58.134 62.142 63.150 61.159 60.168 63.179 64.190 61.202 55.215 72.228 78.243 69.258 75.275 92.297 89.328 71.370 59.420 55.464 57.507 57.550 56.597 61.650 77.714 79.788 71.878 74.972 46.084 8.213 0.521 0.307 12.606 19.765 9.925 7.043 0.000 25.819 73.897 102.867 102.821 94.817 95.619 96.497 96.307 96.189 96.169 97.118 95.073 89.028 14.003 0.000 64.925 99.917 96.918 95.932 0.000 0.000 0.000 0.000 0.000 0.000
57.066 49.066 0.000 0.000 0.000 60.081 56.085 56.091 56.097 60.104 74.112 52.122 56.132 60.142 62.152 63.161 60.170 57.179 55.189 57.201 67.212 80.225 75.238 76.252 53.265 47.278 99.290 85.309 52.337 12.389 32.461 60.506 57.547 57.589 59.633 52.683 36.750 26.825 38.938 79.029 55.138 8.340 3.668 0.000 8.819 13.957 8.131 13.343 13.903 52.001 102.937 94.017 97.749 96.644 96.456 96.342 96.314 96.274 97.229 97.187 62.143 38.082 24.076 27.077 78.027 99.006 94.999 86.001 4.000 0.000 0.000 0.000 0.000 0.000
57.092 57.095 40.108 0.000 0.033 61.107 57.109 57.113 56.118 57.124 72.132 59.141 62.150 64.160 63.170 58.179 55.189 56.199 56.210 55.222 65.235 88.248 84.262 71.276 64.289 55.299 31.300 20.310 7.324 0.000 13.528 62.554 57.588 59.626 42.663 16.699 1.780 0.000 41.022 58.066 27.102 0.064 3.186 8.551 15.895 12.112 6.295 0.427 3.846 51.317 103.025 96.906 96.658 96.478 96.459 96.419 96.375 96.333 94.293 85.258 18.231 0.000 35.142 94.128 99.101 97.082 91.073 81.070 0.000 0.000 0.000 0.000 0.000 0.000
54.114 56.116 53.121 0.000 0.000 61.132 56.132 54.135 56.139 60.144 64.151 63.159 63.168 61.178 55.188 56.198 56.209 57.219 57.231 62.243 80.256 79.271 72.286 81.301 79.317 50.329 0.000 0.000 0.000 0.000 11.571 62.593 57.625 60.663 31.697 0.000 27.934 54.007 74.062 43.111 0.000 0.000 0.000 0.000 8.099 8.301 8.625 3.548 3.013 103.274 103.152 95.821 96.656 96.553 96.515 96.472 96.431 98.391 83.353 66.320 26.293 2.277 50.222 80.191 89.167 98.149 87.140 76.137 0.000 0.000 0.000 0.000 0.000 0.000
61.134 59.136 48.139 0.000 47.166 55.156 57.154 61.155 62.158 63.163 61.169 62.177 60.187 56.197 56.207 57.218 57.228 56.239 58.251 81.264 80.278 62.293 75.310 73.328 77.348 75.371 38.406 0.000 3.558 33.575 38.593 58.621 57.658 57.705 52.764 44.860 61.944 61.025 55.108 77.206 25.340 0.000 0.000 1.908 7.101 5.368 6.738 31.223 55.799 103.379 98.171 97.896 97.632 96.614 96.569 96.527 97.486 95.447 50.410 27.375 39.345 40.316 94.279 96.249 76.225 86.208 81.199 54.202 19.226 0.000 0.000 0.000 0.000 0.000
62.152 63.155 60.162 48.174 62.175 62.174 62.174 63.175 63.177 64.180 76.185 58.193 56.206 56.217 57.227 57.237 57.248 58.259 72.271 83.284 58.299 62.315 89.333 81.353 69.376 72.404 75.441 59.495 64.542 79.574 72.605 60.640 53.682 53.733 64.796 80.874 67.956 40.042 12.140 67.267 56.474 5.902 9.310 14.645 10.940 2.331 4.766 46.214 98.578 103.469 95.150 97.787 98.710 96.666 96.624 96.581 89.540 79.501 36.463 7.428 16.394 17.362 78.330 120.301 101.277 77.259 69.248 48.245 57.250 10.250 0.000 0.000 0.274 21.278
67.167 67.172 63.178 63.185 63.189 64.191 64.192 60.194 57.196 56.197 19.198 9.206 60.226 57.238 57.247 57.257 56.267 59.278 83.290 69.303 54.318 60.335 77.354 94.375 89.399 86.427 84.461 80.501 76.540 75.576 83.612 80.653 74.699 70.751 73.812 77.884 39.963 4.048 3.142 19.248 15.387 0.993 10.383 20.583 16.897 8.168 1.856 45.308 103.640 103.556 98.052 99.879 96.761 96.722 97.677 93.635 77.593 70.553 76.514 82.478 66.443 88.409 103.377 120.348 129.323 113.303 75.289 80.281 55.279 0.000 0.000 0.000 0.000 0.000
6.178 7.189 67.194 62.200 62.205 57.208 54.211 56.213 51.215 4.214 4.206 0.000 61.256 57.261 57.268 57.276 57.286 75.296 82.308 55.322 57.337 57.354 60.373 66.395 68.419 68.445 64.476 67.509 83.543 76.578 67.616 70.662 77.709 81.760 84.819 81.887 56.964 22.048 5.131 4.197 0.000 0.000 5.331 14.406 0.000 0.000 15.243 75.502 103.723 95.420 99.117 98.848 96.824 96.775 97.730 92.687 79.644 45.603 52.564 95.526 106.490 138.455 129.422 101.392 89.364 106.341 85.324 79.312 54.306 0.000 0.000 0.000 0.000 0.000
0.000 2.213 16.208 71.218 56.223 54.227 56.230 56.233 57.237 4.240 0.000 50.287 58.281 57.283 57.288 57.296 59.304 83.314 68.325 54.339 57.354 57.371 57.391 56.413 56.436 56.461 55.488 62.517 91.546 70.576 1.612 9.669 21.715 72.762 82.817 66.882 71.959 59.049 11.138 8.211 0.000 0.000 12.204 4.305 0.000 0.000 33.464 103.888 103.806 98.301 100.022 95.922 96.875 96.828 96.782 96.737 83.694 46.653 61.612 98.573 94.536 128.500 123.465 92.432 97.401 83.374 64.352 82.336 60.328 0.000 0.000 0.000 0.000 0.000
55.252 51.242 0.000 63.241 73.243 74.246 55.250 67.254 74.260 50.269 48.288 58.295 57.297 57.301 57.307 57.314 76.322 80.331 55.341 57.354 56.369 55.387 57.408 57.429 57.451 57.474 56.498 64.524 93.550 74.576 20.598 0.000 44.722 69.757 82.806 61.865 51.940 11.050 4.162 7.299 5.525 13.751 17.977 0.000 0.000 12.479 74.684 103.970 95.585 99.275 99.010 96.979 96.927 96.879 96.832 97.787 88.743 77.701 100.659 125.619 113.581 130.543 127.506 121.470 128.435 94.402 71.375 81.354 89.341 18.337 0.000 0.000 0.000 0.000
57.263 56.261 51.266 57.262 56.262 4.265 78.269 70.274 57.280 58.289 58.300 57.307 57.313 57.319 57.325 60.332 83.339 66.347 56.356 57.367 63.381 71.401 57.425 55.446 57.466 56.487 59.508 83.531 91.555 66.580 54.608 42.647 64.694 63.736 24.785 9.834 6.887 0.000 0.000 0.000 0.000 0.000 0.976 0.000 15.676 72.745 94.856 104.051 96.544 97.167 97.079 97.027 96.977 96.928 96.881 97.835 88.791 71.748 67.706 100.665 90.624 104.585 107.546 95.506 97.466 69.426 46.391 60.364 127.346 80.333 15.319 5.306 27.294 48.287
57.275 57.275 57.277 57.278 57.280 51.284 67.288 83.293 59.299 56.307 57.315 57.323 57.329 57.336 56.342 79.349 81.356 55.363 57.369 58.376 55.389 17.411 76.444 71.464 58.482 56.499 74.518 93.537 77.559 57.581 57.607 58.639 61.673 65.710 2.765 3.799 0.000 0.000 0.000 0.000 0.000 0.000 0.000 0.000 38.872 95.950 104.209 104.130 96.438 97.249 97.123 97.077 97.025 96.976 96.929 95.882 80.838 82.794 102.751 121.709 120.668 125.627 130.586 117.544 115.498 102.445 51.399 49.367 125.345 89.330 27.318 20.305 85.291 118.284
57.288 57.287 57.289 57.293 57.297 57.302 57.306 68.311 83.318 59.325 56.332 57.339 57.346 55.353 63.360 84.367 64.374 56.379 58.382 56.379 0.000 0.000 64.476 65.485 71.497 70.511 78.526 77.543 58.561 56.580 58.602 61.627 66.650 66.667 0.000 0.000 0.000 0.000 0.000 0.000 0.000 0.000 0.000 0.958 47.292 101.227 104.288 95.809 97.484 97.210 97.179 97.123 97.072 97.023 96.975 96.929 82.883 78.839 99.795 100.753 100.711 103.669 103.628 102.585 107.536 80.458 56.393 71.358 86.337 25.325 0.000 0.000 29.279 55.278
57.304 59.296 59.298 57.310 57.315 57.320 57.324 57.329 68.335 83.342 59.349 54.357 54.364 71.371 83.379 77.386 54.393 57.399 53.403 0.000 0.000 50.507 57.500 57.504 63.512 80.522 80.534 73.548 66.562 58.578 45.595 15.618 80.633 60.642 0.000 0.000 0.000 0.000 0.000 0.000 0.000 0.000 0.000 1.283 20.961 104.446 104.367 96.673 97.381 97.275 97.222 97.169 97.118 97.068 97.020 97.974 92.928 82.883 77.839 76.796 76.754 76.712 76.672 80.633 54.603 0.000 24.355 80.338 76.320 37.308 0.000 0.000 28.270 74.271
58.327 0.000 0.000 57.332 56.335 55.338 55.342 54.347 54.353 67.360 82.367 75.375 82.382 84.390 71.398 55.406 62.414 62.421 50.428 0.000 0.000 61.515 57.515 59.518 83.524 90.532 68.541 59.552 66.563 73.573 61.582 0.000 40.623 58.625 0.000 0.000 0.000 0.000 0.000 0.000 0.000 0.000 0.000 1.638 7.357 104.524 101.958 97.627 97.358 97.322 97.265 97.212 97.161 97.112 97.064 97.018 97.972 96.927 94.883 93.839 93.795 94.753 96.713 70.675 12.639 0.000 9.336 65.317 96.298 87.280 60.258 36.252 53.259 56.264
57.351 56.359 0.000 56.353 67.354 71.357 75.360 80.365 83.370 84.378 84.385 84.393 70.401 57.409 73.417 90.426 91.435 91.446 84.459 62.479 0.000 58.524 56.526 65.529 93.535 80.541 57.548 56.556 58.564 61.572 52.578 0.000 17.610 17.612 0.000 0.000 0.000 0.000 0.000 0.000 0.000 0.000 9.208 10.752 3.869 104.594 105.898 101.509 97.417 97.361 97.307 97.254 97.204 97.155 97.107 97.061 97.016 96.971 96.926 96.881 97.836 100.794 72.753 5.714 0.000 0.000 0.000 10.296 66.275 97.256 88.242 64.239 41.252 10.258
57.368 59.368 55.377 57.373 72.373 71.375 67.377 63.381 62.386 58.395 79.404 69.412 80.420 71.428 87.437 83.446 76.456 77.469 88.483 94.501 83.521 84.531 76.536 84.540 92.544 65.549 56.555 57.561 57.567 56.573 56.579 58.587 53.597 2.601 62.595 53.594 0.000 0.000 0.000 0.000 0.000 0.000 77.826 75.036 104.698 104.650 99.780 100.579 97.450 97.400 97.346 97.294 97.244 97.196 97.149 97.104 97.059 97.015 96.970 98.924 103.874 72.832 12.792 0.000 0.000 0.000 0.000 0.000 7.251 58.227 93.215 43.210 0.000 0.000
59.385 0.000 54.391 57.390 57.390 57.392 56.394 57.397 59.399 57.414 69.423 64.431 73.439 84.447 72.456 57.465 58.476 59.489 60.504 65.519 78.533 88.542 94.548 92.551 81.554 57.558 57.561 57.566 57.570 57.575 58.580 81.585 54.589 0.000 58.592 8.592 2.592 0.000 0.000 0.000 0.000 9.280 97.590 99.791 104.738 98.143 97.804 97.528 97.494 97.436 97.383 97.333 97.284 97.236 97.191 97.146 97.102 97.059 99.016 83.970 37.903 4.868 0.000 0.000 0.000 0.000 0.000 0.000 0.000 29.186 91.180 43.177 0.000 0.000
60.402 0.000 54.406 57.406 57.407 57.409 57.411 58.413 0.000 56.439 60.444 71.451 71.458 79.466 84.474 70.483 55.495 55.509 55.525 57.539 59.551 60.558 61.562 61.563 60.565 59.566 55.567 55.570 56.574 57.578 68.581 82.584 53.586 47.587 49.588 0.000 0.000 0.000 0.000 0.000 0.000 13.258 96.384 104.805 104.771 96.985 97.687 97.579 97.525 97.471 97.419 97.369 97.321 97.275 97.231 97.187 97.145 97.104 102.065 58.035 0.000 0.000 0.000 0.000 0.000 0.000 0.000 0.000 0.000 32.150 92.145 51.139 0.000 0.000
