results4_8e4_rain/res_4e8f-0076.wd
ncols         241
nrows         181
xllcorner     12693529.787448
yllcorner     3542525.717860
cellsize      155.156523
NODATA_value  -9999.000000
[rows 33 to 65 of 181, columns 146 to 218 of 241]
60.229 59.469 59.223 59.894 26.591 38.301 60.030 53.763 32.412 0.000 0.000 14.122 0.000 0.000 11.145 36.163 23.165 0.000 0.000 0.000 27.744 35.715 0.000 20.337 12.285 13.205 17.071 25.936 43.790 34.683 29.586 24.507 25.441 25.384 24.333 23.285 22.235 30.169 40.113 32.079 32.053 30.030 9.013 23.003 31.001 0.000 0.406 0.470 23.672 21.633 26.587 36.536 29.473 24.360 0.000 0.000 7.175 7.246 14.197 0.000 0.000 0.000 0.000 0.000 0.000 0.000 0.000 0.000 0.000 0.000 0.000 0.000 0.000
60.104 59.874 59.556 60.259 37.972 55.706 58.476 52.313 0.000 0.000 0.000 16.122 0.000 0.000 0.000 20.208 20.199 28.189 0.000 40.853 28.775 15.686 24.556 15.409 13.302 13.195 12.073 13.946 41.820 39.709 39.609 41.523 34.448 36.383 35.324 35.269 35.215 36.160 40.111 38.073 39.044 34.020 11.003 9.994 0.000 0.000 0.000 5.774 13.695 8.640 14.592 27.550 27.522 25.486 0.000 0.000 0.000 12.470 0.000 0.000 0.000 0.000 0.000 0.000 0.000 15.095 14.105 16.116 6.124 9.129 0.000 0.000 0.000
60.504 60.191 59.897 59.608 59.332 60.077 51.854 38.700 0.000 0.000 0.000 0.000 0.000 0.000 0.000 17.263 14.235 27.180 32.074 23.931 32.815 30.700 11.573 12.441 13.320 13.201 25.079 28.957 32.837 25.724 22.620 32.528 6.447 13.375 8.311 8.252 8.197 11.145 37.098 26.060 24.029 26.004 10.986 12.975 0.000 0.000 1.837 58.838 0.000 0.000 0.000 0.000 28.580 27.577 0.000 0.000 0.000 9.696 6.811 8.882 6.931 14.967 20.996 13.025 35.054 42.085 40.106 25.120 5.128 4.134 8.139 0.000 0.000
60.815 60.520 60.228 59.945 60.672 55.415 37.164 27.932 36.932 0.000 0.000 0.000 0.000 0.000 0.000 14.346 13.300 16.220 12.111 22.983 25.855 28.727 17.595 12.462 12.334 12.210 37.087 42.966 24.846 18.729 18.619 19.521 16.436 16.361 16.293 17.232 20.175 17.124 38.078 30.040 28.007 27.982 9.961 23.945 49.927 0.000 0.000 46.903 0.000 0.000 0.000 0.000 28.643 26.664 4.731 9.779 7.807 5.806 5.856 5.906 4.945 11.974 18.997 6.025 24.054 42.084 38.115 18.129 3.136 3.141 8.144 0.000 0.000
61.139 60.842 60.552 60.270 56.998 42.747 31.456 0.000 0.000 0.000 0.000 19.362 0.000 0.000 0.000 13.475 14.397 14.291 13.168 13.034 18.896 11.757 11.618 13.480 12.346 11.218 35.094 31.973 39.853 43.727 42.606 37.503 33.416 35.339 31.270 35.207 35.150 36.098 40.052 38.013 38.980 34.954 9.934 21.919 43.908 0.000 0.000 49.969 0.000 0.000 0.000 0.000 25.685 28.706 7.751 5.799 5.838 5.866 5.903 5.940 4.969 11.988 20.992 0.000 0.000 0.113 43.140 19.145 3.148 3.151 7.153 0.000 0.000
61.456 61.156 60.868 60.584 50.301 32.120 0.000 0.000 0.000 0.000 17.416 20.363 33.263 33.120 20.933 13.683 13.523 14.380 14.236 13.089 11.939 12.789 12.639 12.493 11.354 20.221 39.097 17.981 31.867 8.722 41.573 31.470 30.385 30.310 27.241 32.177 33.119 33.066 40.020 37.980 34.947 34.920 9.901 23.887 42.880 0.000 0.000 43.035 0.000 0.000 0.000 0.000 29.707 28.725 4.769 6.830 5.878 6.917 6.951 6.981 8.005 16.019 0.000 0.000 0.000 1.173 43.163 24.162 11.162 5.163 8.164 0.000 0.000
61.762 61.459 62.179 54.898 42.504 32.312 0.000 0.000 0.000 0.000 14.469 31.410 25.306 14.166 15.995 15.803 13.631 12.469 14.309 13.147 13.983 13.819 13.657 12.501 12.354 32.217 32.092 31.986 31.912 0.000 13.496 11.418 12.346 12.275 13.206 17.142 20.082 18.029 37.981 31.940 25.907 27.881 10.862 22.851 41.846 0.000 0.000 16.103 7.130 0.000 0.000 0.000 23.713 6.719 0.000 1.881 7.930 11.973 19.005 19.030 19.050 21.065 0.000 0.000 0.000 49.187 42.181 44.178 32.177 7.176 8.176 0.000 0.000
62.047 61.738 61.490 47.326 0.000 0.000 0.000 0.000 0.000 0.000 30.582 25.503 15.385 16.242 16.078 15.903 15.729 13.557 12.384 12.207 14.027 12.847 12.670 11.502 13.344 28.199 19.070 27.960 28.882 0.000 0.000 27.362 26.306 26.237 26.168 28.102 28.041 28.985 40.936 36.894 31.860 33.834 9.816 18.808 46.806 0.000 0.000 75.144 44.158 11.177 0.000 0.000 0.000 0.000 0.000 0.000 4.984 14.039 18.067 17.084 20.099 22.127 8.173 13.196 29.205 44.201 42.197 42.194 30.191 7.189 7.188 0.000 0.000
62.291 62.958 54.718 37.591 0.000 0.000 0.000 0.000 0.000 37.945 31.774 15.634 16.492 16.338 16.174 16.001 15.826 15.647 12.463 13.271 13.072 12.872 13.676 12.491 12.321 15.168 20.029 31.902 18.775 30.607 35.473 28.363 37.279 27.201 28.127 31.058 29.994 28.936 38.885 34.841 22.805 21.778 10.762 17.758 46.765 0.000 0.000 66.171 56.182 33.197 2.212 0.000 0.000 0.000 0.000 0.000 0.000 25.135 17.139 11.142 8.137 23.171 10.197 12.211 20.217 41.216 43.213 41.209 27.205 7.202 4.201 8.203 2.202
70.463 68.084 40.832 30.729 0.000 0.000 0.000 16.459 30.337 31.117 24.934 19.769 16.609 16.446 16.277 16.104 14.926 17.742 22.549 18.342 13.118 13.893 12.672 12.465 12.282 12.121 18.977 19.843 17.711 24.573 23.448 18.339 30.245 10.160 18.082 25.009 23.942 17.881 36.826 29.779 9.741 8.713 11.697 13.698 17.731 0.000 0.000 44.187 24.204 61.217 47.228 0.000 0.000 35.318 9.316 7.305 7.279 9.228 20.212 14.209 0.000 35.225 23.231 19.236 17.237 28.235 44.230 36.225 19.219 8.214 4.210 11.206 35.202
0.000 0.000 19.797 37.763 0.000 0.000 18.711 28.581 42.434 26.254 25.074 24.901 17.730 16.559 16.386 16.210 23.032 30.847 31.651 23.430 18.167 12.908 11.656 12.414 16.221 13.059 11.916 10.782 16.653 17.527 16.409 17.301 19.203 12.114 18.031 22.954 24.883 20.819 36.761 30.710 12.668 11.636 11.615 7.606 0.000 0.000 0.000 0.216 19.230 19.239 53.256 68.285 61.306 29.321 15.325 16.321 16.306 19.285 41.273 59.273 68.289 67.273 69.268 68.265 62.262 56.256 48.250 31.242 14.234 5.226 6.219 19.212 38.205
11.065 0.000 0.000 0.000 0.000 0.000 21.841 41.722 33.565 36.389 33.209 23.030 15.853 16.675 16.498 27.321 32.144 27.965 22.778 19.558 22.214 16.917 16.629 12.315 17.129 10.980 11.845 12.717 11.593 11.473 11.359 11.252 10.153 11.061 10.975 14.894 20.819 19.750 37.688 31.632 10.585 11.547 11.520 10.507 0.000 0.000 0.000 4.248 30.247 19.256 21.272 36.293 47.314 57.334 59.345 65.347 68.341 68.332 67.325 63.321 54.321 52.312 54.304 57.296 59.288 60.280 58.270 62.260 54.249 21.239 8.228 27.219 44.210
49.557 5.915 0.000 0.000 0.000 23.324 39.090 31.900 23.715 31.529 35.343 36.159 25.975 14.791 24.610 33.431 23.257 15.092 14.937 16.812 0.000 0.000 0.000 9.089 12.999 14.886 14.767 11.647 11.529 12.414 11.302 11.197 11.096 12.002 10.913 10.829 10.750 13.676 30.608 29.547 11.493 11.448 11.414 12.393 13.393 0.000 0.000 3.251 21.255 22.268 34.283 21.301 1.329 5.358 41.374 65.381 49.381 44.378 47.373 40.368 26.361 15.351 6.340 4.328 5.317 15.304 13.292 8.279 47.265 62.251 40.238 38.226 42.215
0.000 19.274 0.000 0.000 22.847 32.557 39.298 23.073 25.867 23.670 21.477 29.286 34.096 28.907 32.719 21.536 15.364 16.208 16.068 23.940 0.000 0.000 0.000 5.954 14.892 25.799 26.691 21.577 17.463 19.350 15.241 14.136 12.035 10.938 10.846 11.759 10.675 10.597 13.523 22.455 10.393 10.338 11.293 10.261 0.000 0.000 0.000 0.000 0.000 36.278 20.290 5.312 19.344 21.385 67.413 48.422 31.425 13.426 4.423 5.416 6.405 7.392 7.377 7.361 6.346 4.330 3.315 4.299 12.283 49.265 57.247 42.232 41.220
0.000 4.632 26.420 27.731 26.137 40.760 25.471 19.228 21.010 19.806 16.608 15.413 30.218 37.021 39.823 27.630 17.454 14.308 22.188 0.000 0.000 0.000 0.000 8.881 18.818 25.726 26.620 26.508 28.396 36.284 34.176 30.070 27.969 23.871 17.776 12.685 10.597 11.513 10.432 15.356 8.286 9.220 10.159 12.097 33.005 0.000 0.000 0.000 0.000 40.277 0.286 9.312 0.357 39.425 57.471 17.470 5.471 7.479 7.478 7.468 7.453 7.434 4.415 4.395 3.376 4.357 4.339 4.321 20.302 35.278 8.253 68.235 40.225
0.000 3.969 26.131 18.637 37.211 36.875 31.597 22.357 16.140 16.936 17.738 28.541 31.342 23.135 25.922 34.708 35.516 25.382 0.000 0.000 0.000 0.000 13.955 19.870 23.774 22.668 23.556 23.441 21.327 28.216 29.107 29.002 29.900 26.800 25.703 26.608 17.515 12.425 13.338 10.254 11.173 10.097 9.027 10.963 25.913 0.000 0.000 0.000 0.000 42.276 4.275 0.000 0.000 0.000 24.576 6.519 7.511 5.543 5.542 5.527 4.504 3.479 4.454 4.429 3.405 4.384 3.363 2.345 5.328 1.303 0.000 61.231 70.228
0.000 0.675 19.708 29.475 39.196 29.930 29.688 31.465 29.257 20.059 25.866 34.673 23.473 16.258 15.021 20.765 30.520 37.323 1.096 0.000 17.486 17.282 12.039 20.874 25.739 26.615 22.495 22.373 14.256 11.144 11.036 10.931 9.828 7.727 14.627 28.529 27.431 26.335 21.240 12.147 10.057 10.970 9.889 9.818 10.770 0.000 0.000 0.000 0.000 0.000 0.000 0.000 0.000 0.000 3.739 0.000 0.000 3.639 2.622 2.593 3.560 5.525 5.492 5.462 4.435 4.409 2.387 2.367 3.354 0.000 0.000 0.000 64.232
0.000 0.000 22.484 41.357 32.169 28.963 28.758 29.558 28.365 30.178 34.995 23.812 17.618 17.402 17.141 15.811 16.475 22.120 38.676 36.211 14.691 13.322 12.046 12.846 24.692 22.561 33.435 21.301 14.181 12.070 12.963 11.858 16.755 24.653 20.551 14.449 20.346 30.244 27.141 26.039 16.937 9.837 9.740 10.650 8.580 0.000 0.000 0.000 0.000 0.000 0.000 16.322 11.322 10.277 2.167 0.000 0.000 8.753 5.714 5.666 5.616 5.570 5.529 5.494 5.462 5.433 5.407 4.385 5.368 7.359 0.000 0.000 6.240
0.000 11.396 36.388 32.300 21.161 25.997 30.821 25.644 31.468 37.293 29.126 16.960 15.787 17.591 17.331 20.863 21.448 15.007 25.644 21.268 17.743 14.270 10.975 17.775 21.624 23.501 14.384 41.215 29.097 18.991 10.887 16.785 35.682 45.579 38.475 15.370 17.262 20.153 24.042 28.930 26.817 22.702 11.585 8.461 15.321 21.136 0.000 0.000 0.000 0.000 0.000 0.000 6.369 6.322 6.244 11.175 10.064 5.907 4.816 5.742 5.668 5.609 5.562 5.523 5.487 5.454 5.425 5.398 4.374 4.350 5.319 8.288 4.256
0.000 32.405 38.372 23.294 18.179 20.040 21.888 32.730 36.569 47.400 46.255 39.117 27.979 16.844 19.729 0.000 0.000 13.817 19.626 16.474 0.000 12.041 15.812 32.653 31.528 34.437 0.000 6.078 46.003 39.910 25.811 31.712 49.610 49.507 47.401 16.293 22.180 22.065 23.945 11.823 20.698 26.570 25.438 24.289 37.106 45.952 0.000 0.000 0.000 0.000 0.000 0.000 29.463 10.399 10.311 10.217 10.110 10.995 4.902 3.818 7.707 4.636 4.589 4.548 4.509 5.473 4.440 3.409 3.379 3.350 3.320 3.290 2.261
0.000 43.446 29.402 18.325 18.222 18.098 30.960 28.820 45.677 60.485 57.378 54.273 49.169 40.076 31.013 0.000 0.000 0.000 7.571 18.528 0.000 0.000 8.578 26.499 25.397 40.282 12.117 13.018 45.927 50.833 46.738 45.640 48.540 48.437 49.331 28.219 20.103 21.980 21.852 11.718 20.581 14.444 33.307 4.153 42.862 64.615 35.251 5.029 0.000 0.000 0.000 5.779 65.623 18.499 20.384 20.273 16.164 17.062 8.978 3.922 0.000 4.641 4.610 7.571 10.530 20.491 10.454 5.418 6.385 6.353 6.321 6.291 6.262
29.609 33.533 27.464 25.383 20.286 32.169 26.034 38.915 16.834 0.000 37.499 56.428 55.347 56.278 39.235 0.000 0.000 0.000 1.556 24.540 0.000 0.000 5.422 20.369 15.282 42.175 53.054 52.949 48.853 48.760 48.666 49.572 48.474 48.372 48.265 42.152 17.031 18.902 16.764 11.618 22.466 23.317 26.193 0.000 27.576 63.394 33.110 50.808 11.514 0.000 8.141 63.935 51.750 23.592 17.453 19.328 13.213 7.111 5.027 2.970 0.000 10.677 18.641 26.596 33.550 42.507 31.466 11.427 5.391 6.356 6.322 6.290 6.260
40.686 29.611 29.537 25.458 32.369 29.261 32.091 55.972 42.910 25.843 46.691 55.594 54.515 53.453 33.416 0.000 0.000 0.000 0.000 0.000 0.000 0.000 11.321 20.273 31.186 47.084 48.973 48.871 48.777 48.687 48.597 48.506 48.412 48.312 48.206 48.092 33.968 23.833 16.685 9.524 13.350 13.164 17.957 36.666 22.473 57.274 42.988 49.579 56.220 41.762 46.347 55.071 30.852 31.667 17.509 16.372 8.251 5.144 6.049 7.963 21.863 27.751 45.680 44.622 43.570 42.521 42.476 32.434 10.395 5.358 6.322 6.289 6.258
31.763 19.690 21.617 33.543 30.471 30.413 0.373 0.000 34.992 60.928 55.830 54.742 56.666 38.603 24.559 8.584 0.000 0.000 0.000 0.000 0.000 0.000 17.268 34.215 46.106 49.002 48.885 48.785 48.697 48.613 48.530 48.445 48.355 48.259 48.156 48.043 48.917 42.777 34.619 26.442 24.246 27.033 17.805 34.568 13.377 55.243 0.000 8.302 43.025 14.719 5.415 61.152 24.919 28.716 26.545 7.401 5.275 6.164 6.064 13.970 34.875 45.784 42.708 42.643 42.585 39.533 38.484 36.440 35.398 9.358 5.321 5.287 5.254
21.843 18.770 31.697 31.626 26.561 46.511 0.432 9.254 49.137 56.047 54.959 54.878 54.805 30.734 30.634 41.608 0.000 0.000 0.000 0.000 0.000 0.000 0.000 0.000 43.020 54.934 49.780 48.689 48.613 48.540 48.466 48.388 48.304 48.214 48.116 48.006 47.882 48.739 49.573 46.381 46.160 48.916 28.663 34.425 8.223 49.079 0.000 0.000 38.861 8.675 18.443 52.203 32.957 24.732 28.555 5.411 6.286 5.174 7.072 16.977 37.886 38.801 43.725 42.657 37.596 34.541 38.490 43.443 42.399 31.357 12.319 11.283 10.249
17.926 31.850 32.776 20.703 31.634 52.567 45.492 51.364 57.257 55.165 55.081 55.006 51.941 35.896 0.000 0.000 0.000 0.000 0.000 0.000 0.000 0.000 0.000 0.000 0.000 0.000 40.614 49.577 48.526 48.468 48.405 48.336 48.261 48.179 48.087 49.984 48.865 48.724 47.554 49.350 48.095 47.810 37.505 35.246 12.014 23.770 53.404 32.122 39.882 8.679 36.477 30.262 32.973 20.701 14.535 6.401 6.283 6.175 14.075 18.981 19.893 24.810 32.734 30.665 31.603 42.545 42.492 42.443 42.397 43.355 37.315 33.277 31.242
33.006 32.928 21.852 17.778 32.705 51.631 57.550 56.454 55.361 55.275 55.196 56.123 47.058 40.012 0.000 0.000 0.000 0.000 0.000 0.000 0.000 0.000 0.000 0.000 0.000 16.443 43.486 49.478 48.447 48.403 48.351 48.291 48.226 48.153 50.071 49.979 49.871 41.738 46.569 49.369 52.063 49.725 43.301 39.041 26.816 10.584 58.321 41.080 42.867 7.683 53.526 17.394 0.000 14.566 5.481 6.377 5.271 14.169 20.072 18.980 18.894 17.812 10.737 6.668 36.604 42.545 42.491 42.441 42.394 42.350 43.309 43.270 43.234
30.082 21.004 18.928 16.853 33.778 53.703 55.624 55.540 55.458 55.379 55.305 57.232 36.156 34.084 0.000 0.000 0.000 0.000 0.000 0.000 0.000 0.000 0.000 0.000 0.000 30.401 49.410 48.403 48.380 48.346 48.303 48.254 50.198 49.135 49.066 48.989 42.901 20.790 36.617 46.493 0.000 0.000 20.936 27.801 36.625 23.429 44.217 62.011 46.822 13.661 55.552 0.000 0.000 3.516 6.448 6.356 8.257 18.159 16.064 16.975 18.890 21.810 15.735 16.666 32.602 42.542 42.487 42.435 42.387 42.342 42.301 42.261 42.224
21.156 19.078 24.002 28.927 43.853 55.778 55.702 55.626 55.551 55.480 55.413 56.344 43.250 0.000 0.000 0.000 0.000 0.000 0.000 15.182 0.000 0.000 0.000 0.000 0.000 5.350 40.350 47.343 48.325 48.298 48.264 48.223 50.176 48.125 48.070 48.011 31.953 27.905 0.000 0.000 0.000 0.000 5.705 12.603 34.456 20.289 25.109 67.926 50.748 29.588 39.469 0.000 33.625 10.535 6.440 6.341 8.242 17.145 28.053 27.965 29.881 35.802 30.729 41.660 42.595 42.535 42.479 42.427 42.379 42.333 42.291 42.251 42.213
22.228 19.151 26.076 45.001 55.928 55.854 55.782 55.710 55.641 55.577 55.522 61.483 0.000 0.000 0.000 0.000 0.000 0.000 15.182 27.182 14.183 29.185 25.187 0.000 0.000 27.298 34.299 45.294 48.280 48.259 48.231 49.197 48.160 48.119 48.076 44.034 32.997 37.972 0.000 0.000 0.000 0.000 22.577 14.449 32.309 8.162 10.004 57.836 56.659 48.473 34.268 33.969 22.716 17.559 6.436 6.327 6.225 16.129 38.037 44.951 43.869 43.791 35.718 42.649 42.585 42.525 42.469 42.416 42.367 42.322 42.278 42.238 42.200
20.299 18.223 33.148 53.075 57.002 55.931 55.860 55.792 55.726 55.665 55.614 62.584 0.000 0.000 0.000 0.000 0.000 0.000 4.182 24.182 24.183 23.185 26.190 10.200 18.217 26.247 26.255 43.253 49.243 48.226 48.204 48.177 48.147 48.115 49.083 41.053 37.028 31.014 0.000 0.000 0.000 0.000 0.000 14.309 33.169 10.046 5.911 44.755 61.577 58.379 39.161 17.922 16.712 17.550 8.419 5.305 6.203 9.108 20.018 39.933 42.852 42.775 34.703 42.635 42.571 42.511 42.455 42.403 42.354 42.308 42.264 42.224 42.186
19.368 21.293 41.219 57.147 56.076 56.007 55.938 55.870 55.806 55.744 57.686 55.654 0.000 0.000 0.000 0.000 0.000 0.000 0.000 29.182 35.182 40.184 31.187 30.193 24.204 20.217 31.222 45.220 48.212 48.199 51.182 49.160 48.137 48.112 48.088 43.066 35.049 30.041 5.048 0.000 0.000 0.000 0.000 0.000 25.012 10.944 6.838 39.698 70.516 51.307 30.074 20.849 22.662 20.510 15.384 4.274 6.174 5.082 8.995 27.912 42.832 42.756 34.684 42.617 42.554 42.494 42.439 42.387 42.338 42.292 42.248 42.208 42.170
19.436 29.362 49.290 57.219 56.150 56.082 56.014 55.947 55.883 56.819 54.733 42.693 26.693 0.000 0.000 0.000 0.000 0.000 0.000 30.181 39.181 39.180 43.181 45.184 28.189 27.195 42.197 48.194 48.188 48.177 49.163 48.147 48.128 48.109 48.091 46.075 34.062 35.055 29.055 0.000 0.000 0.000 0.000 0.000 10.924 10.880 4.801 49.682 37.485 43.257 12.980 32.737 26.576 19.446 19.334 10.233 5.139 6.052 4.968 16.887 39.809 41.733 35.662 42.595 43.533 42.475 42.420 42.368 42.319 42.273 42.230 42.190 42.152
