results4_8e4_rain/res_4e8f-0058.wd
ncols         241
nrows         181
xllcorner     12693529.787448
yllcorner     3542525.717860
cellsize      155.156523
NODATA_value  -9999.000000
[rows 132 to 164 of 181, columns 0 to 73 of 241]
89.471 94.471 98.471 98.471 100.471 100.471 94.471 85.471 71.471 60.471 59.471 60.471 59.470 58.470 63.470 77.469 88.468 93.467 93.465 90.462 82.457 73.451 64.442 58.428 63.409 65.382 64.349 65.309 63.274 58.242 72.209 95.177 62.150 0.000 0.000 0.000 1.791 53.783 65.776 62.748 64.725 70.708 88.702 74.700 58.701 57.704 57.708 69.714 90.722 31.728 4.734 0.000 0.000 0.000 0.000 0.000 0.000 0.000 0.000 0.000 0.000 0.000 0.000 0.000 22.432 2.351 6.270 47.167 70.016 73.912 73.800 83.882 111.344 101.691
67.482 69.482 72.482 78.482 88.482 94.482 99.482 99.482 92.482 78.482 67.482 61.482 65.481 72.481 85.481 100.480 99.479 96.478 96.476 99.472 99.468 95.461 83.452 71.440 63.423 58.402 59.377 58.349 59.322 67.297 89.274 97.254 9.241 0.000 0.000 0.000 11.800 39.808 57.843 66.837 67.818 64.796 65.792 75.790 70.787 63.783 67.778 75.775 88.772 29.770 15.763 21.785 1.793 0.000 0.000 0.000 0.000 0.000 0.000 0.000 0.000 0.000 0.000 0.000 4.513 0.000 54.296 76.213 72.088 81.056 72.115 111.473 100.228 101.739
59.493 59.493 59.493 61.493 66.493 70.493 77.493 86.493 94.493 97.493 91.493 89.493 91.493 94.492 93.492 86.492 77.491 75.490 75.488 80.485 86.480 93.474 96.466 95.456 84.442 74.426 69.407 67.387 76.368 92.351 93.336 79.325 12.319 0.000 0.000 0.000 0.000 0.000 40.953 67.939 46.914 34.864 49.882 64.882 79.874 83.862 85.848 86.834 82.822 9.815 0.000 24.800 21.802 9.804 15.804 9.804 0.000 0.000 0.000 0.000 0.000 0.000 38.745 8.691 74.594 96.525 129.373 85.342 80.389 61.341 97.402 101.906 101.807 110.533
60.504 60.504 60.504 60.504 59.504 58.504 60.504 65.504 71.504 81.504 91.504 93.504 86.504 76.504 70.504 62.504 58.504 58.503 58.501 60.499 65.495 71.490 78.483 90.475 95.464 97.452 96.439 92.425 95.413 88.402 70.394 62.391 41.392 0.000 0.000 0.000 0.000 0.000 34.076 67.052 10.036 0.000 42.992 67.981 86.965 94.944 80.919 83.891 69.868 27.854 0.000 51.813 20.810 12.806 23.805 23.804 0.000 0.000 0.000 0.000 0.000 25.856 44.799 117.735 146.654 129.531 113.081 112.021 103.688 102.328 102.196 102.057 67.279 112.192
60.515 60.515 60.515 60.515 60.515 60.515 60.516 59.516 59.516 62.516 68.516 67.516 63.516 59.516 59.517 59.517 60.517 60.517 60.516 60.514 59.511 58.507 60.502 66.496 73.488 82.480 90.471 86.463 75.456 63.450 59.449 64.452 72.466 48.503 26.511 26.495 12.450 13.365 49.222 70.159 20.142 2.160 62.112 94.086 96.060 75.030 77.992 76.943 64.906 53.880 4.854 32.828 6.819 0.000 7.804 0.000 0.000 0.000 0.000 0.000 0.000 6.915 69.857 75.773 71.756 72.911 70.883 102.681 102.570 102.453 69.639 72.413 74.281 75.941
60.526 60.526 60.527 60.527 60.527 60.527 60.527 60.528 60.528 60.528 59.528 59.528 59.528 60.528 60.529 60.530 60.531 60.531 60.531 60.530 60.528 60.526 60.522 59.518 58.514 59.509 63.504 61.499 60.496 64.496 67.498 66.504 64.516 66.532 66.536 63.524 63.490 67.423 42.288 28.220 17.214 35.226 80.212 94.189 74.160 67.125 66.077 45.984 41.932 4.906 0.000 0.000 0.000 0.000 0.000 0.000 2.397 17.371 32.322 2.254 16.154 79.002 85.984 84.052 82.035 83.113 102.887 102.786 83.897 90.684 83.534 89.303 81.141 60.078
60.538 60.538 60.538 60.538 60.539 60.539 60.539 60.540 60.540 60.540 60.540 60.540 60.540 60.540 60.542 60.544 60.546 60.547 60.547 59.547 66.547 68.545 60.544 59.542 58.539 59.537 61.536 64.535 67.536 66.538 61.543 62.551 69.562 72.573 68.578 62.575 59.564 68.548 0.000 0.000 2.266 75.319 84.320 71.299 63.267 83.233 29.206 0.000 0.000 0.000 0.000 0.000 0.000 0.000 0.000 0.000 27.424 69.392 98.343 59.274 92.149 100.300 97.259 96.347 103.172 103.081 102.986 95.988 97.861 97.556 96.414 95.343 13.256 0.000
60.550 60.550 60.550 60.550 60.551 60.551 60.552 60.552 60.552 60.552 63.552 63.552 61.551 65.551 63.554 60.558 60.561 60.563 59.565 57.566 68.566 76.566 62.566 59.565 61.565 64.566 66.567 65.569 62.573 64.578 69.586 71.596 72.607 72.619 67.629 61.636 70.643 89.658 8.709 0.000 0.000 49.464 72.451 69.421 73.376 93.334 27.309 0.000 0.000 0.000 0.000 0.000 0.000 0.000 0.000 25.539 77.486 93.431 96.357 101.351 98.511 95.499 103.421 103.341 103.259 95.308 96.090 96.959 96.636 96.606 89.535 66.439 0.000 0.000
60.562 60.562 60.562 60.562 60.563 60.564 60.564 60.565 60.565 61.566 68.565 68.564 45.562 13.560 34.566 64.573 58.578 61.581 67.583 70.584 70.586 66.587 62.588 63.589 66.591 65.594 64.597 66.602 70.609 70.617 72.627 71.639 62.653 57.667 59.682 72.696 91.712 101.734 23.760 0.000 0.000 24.621 80.600 82.556 89.482 88.420 24.387 0.000 0.000 0.000 0.000 0.000 0.000 3.695 29.662 73.602 95.516 98.528 97.613 97.613 96.703 103.571 103.497 95.522 96.318 97.176 96.960 96.812 96.767 88.698 80.655 0.000 0.000 0.000
60.574 60.574 60.574 60.575 60.575 60.576 60.577 60.578 60.579 62.579 71.579 82.577 58.574 0.000 1.579 49.592 75.597 67.600 65.602 65.604 63.606 62.608 64.610 66.613 64.616 60.621 62.626 74.633 76.643 66.654 60.667 57.682 57.698 62.716 76.735 92.755 89.778 73.804 45.837 13.881 7.874 51.800 80.771 62.722 53.577 45.476 10.431 0.000 0.000 0.000 0.000 0.000 0.000 22.730 73.696 95.606 97.796 96.786 96.893 103.783 103.715 103.644 95.589 97.467 97.176 97.047 96.989 96.914 90.837 77.772 67.734 0.000 0.000 0.000
60.586 60.586 60.586 60.587 60.588 60.589 60.591 60.592 60.593 62.594 72.594 59.592 15.583 0.000 0.000 17.617 71.618 63.619 65.621 64.623 62.626 65.629 66.632 63.636 60.641 56.647 66.654 80.663 67.675 57.689 58.705 63.722 73.742 84.764 95.787 88.812 66.839 61.870 80.902 87.932 88.942 92.935 67.961 28.985 1.053 0.000 0.000 0.000 0.000 0.000 0.000 0.000 27.844 73.774 95.788 97.972 96.989 103.972 103.911 103.849 95.866 96.659 97.542 97.237 97.219 97.156 97.078 97.985 85.904 56.817 45.775 3.775 0.000 0.000
59.598 59.598 60.598 60.599 60.600 60.602 60.604 60.606 60.608 63.610 73.612 44.614 0.000 3.654 41.651 43.640 60.638 62.639 50.640 32.643 70.646 65.650 61.654 60.659 58.664 60.671 76.680 79.691 61.705 64.722 76.741 85.762 94.785 92.810 80.837 66.866 59.899 75.934 79.969 68.003 49.026 47.038 35.154 15.251 4.403 0.000 0.000 17.093 12.093 0.000 0.000 21.931 73.946 97.043 98.060 96.169 104.087 104.030 96.039 96.844 97.716 97.519 97.393 97.365 97.308 97.254 100.181 64.047 43.975 0.000 0.000 0.000 0.000 0.000
68.611 66.610 63.610 61.610 58.612 58.615 58.618 58.620 57.623 62.627 74.631 57.637 38.652 46.658 64.659 60.656 57.656 63.657 58.659 45.662 65.666 59.670 58.675 58.681 60.687 74.695 82.704 48.717 40.733 90.752 95.775 90.799 79.826 69.854 61.885 57.919 68.956 80.996 49.040 24.084 7.121 0.000 15.366 14.463 4.627 5.865 9.016 37.094 21.093 0.000 0.000 54.181 96.211 95.331 104.250 104.198 104.143 96.081 97.965 97.687 97.575 97.540 99.493 94.437 96.403 97.371 108.346 0.000 0.000 0.000 0.000 0.000 0.000 0.000
69.624 71.623 77.620 78.621 78.624 75.628 76.631 75.635 74.638 74.642 76.647 59.653 63.661 62.667 59.669 62.671 62.672 61.675 66.678 68.681 62.686 56.690 58.696 60.702 74.708 79.716 68.726 62.739 71.757 94.780 77.807 68.836 60.865 58.896 60.930 59.967 74.010 83.057 47.110 23.172 11.253 13.392 16.482 8.609 9.776 15.953 18.091 11.171 0.000 0.000 32.410 74.431 104.397 104.350 104.301 96.325 97.124 98.016 97.721 97.713 98.666 98.616 71.567 49.499 84.492 98.482 103.487 43.540 0.000 0.000 0.000 0.000 0.000 0.000
62.639 56.637 9.628 11.628 20.636 67.641 64.646 64.649 64.653 68.657 77.662 58.667 59.673 58.678 61.682 65.685 66.688 64.691 63.695 66.700 67.705 64.710 58.716 75.722 81.729 72.736 78.744 95.757 92.776 74.804 62.839 58.871 60.902 60.935 59.971 65.012 81.059 83.112 75.171 78.241 49.329 11.442 3.559 2.716 14.914 22.079 12.222 9.331 1.521 27.584 75.600 104.485 104.442 96.477 97.280 98.159 97.969 97.850 97.831 98.779 96.734 90.689 15.664 0.000 66.585 101.578 98.579 97.593 0.000 0.000 0.000 0.000 0.000 0.000
60.656 52.657 0.000 0.000 2.651 63.656 59.660 59.664 59.668 63.672 77.676 55.681 59.686 63.691 65.696 66.700 63.704 60.708 58.713 60.718 70.724 83.730 78.737 79.743 56.749 50.754 102.759 88.768 55.786 15.821 35.875 63.908 60.939 60.971 63.007 56.050 40.104 30.160 42.221 82.292 58.379 11.488 6.609 1.845 11.071 16.228 10.389 15.532 15.794 53.798 104.549 95.675 99.408 98.305 98.116 98.003 97.975 97.934 98.888 98.847 63.803 39.742 25.735 28.735 79.686 100.666 96.659 87.661 5.667 0.000 0.000 0.000 0.000 0.000
60.674 60.677 43.685 0.000 3.661 64.671 60.676 60.680 59.683 60.686 75.691 62.695 65.700 67.705 66.710 61.715 58.720 59.725 59.730 58.736 68.743 91.750 87.757 74.764 67.771 58.774 34.768 23.772 10.779 0.000 16.930 65.948 60.974 63.003 46.036 20.078 5.147 2.204 44.262 61.326 30.407 2.523 5.687 10.910 18.180 14.375 8.567 1.987 5.347 53.068 104.631 98.563 98.318 98.137 98.117 98.078 98.033 97.991 95.952 86.916 19.890 0.000 36.800 95.785 100.758 98.739 92.729 82.725 0.697 0.000 0.000 0.000 0.000 0.000
57.689 59.691 56.694 0.000 0.000 64.692 59.693 57.695 59.698 63.701 67.704 66.709 66.714 64.719 58.725 59.730 59.735 60.741 60.747 65.754 83.761 82.769 75.778 84.787 82.796 53.803 0.000 0.000 0.000 0.000 14.966 65.981 61.005 64.032 35.058 0.000 31.204 57.245 77.297 46.344 0.000 0.000 0.000 0.273 10.366 10.525 10.795 5.328 3.609 104.860 104.748 97.475 98.313 98.210 98.172 98.129 98.088 100.048 85.010 67.977 27.950 3.933 51.878 81.847 90.822 99.805 88.795 77.791 0.000 0.000 0.000 0.000 0.000 0.000
64.703 62.705 51.707 0.000 50.720 58.712 60.710 64.711 65.712 66.714 64.718 65.722 63.728 59.734 59.739 60.745 60.751 59.757 61.764 84.771 83.779 65.788 78.798 76.810 80.823 78.840 41.866 0.000 6.971 36.981 41.988 62.006 61.031 61.064 56.105 48.169 65.221 64.275 58.337 80.410 28.500 0.000 0.000 4.293 9.396 7.562 8.781 33.088 57.596 104.960 99.820 99.550 99.287 98.269 98.224 98.183 99.142 97.102 52.065 29.031 41.000 41.971 95.934 97.904 77.879 87.862 82.853 55.855 20.878 0.000 0.000 0.000 0.000 0.000
65.715 66.718 63.721 51.729 65.728 65.726 65.725 66.725 66.726 67.728 79.730 61.734 59.742 59.749 60.755 60.760 60.766 61.773 75.780 86.788 61.796 65.806 92.818 84.831 72.847 75.866 78.893 62.931 67.962 82.983 76.001 64.024 57.052 57.086 68.129 84.181 71.236 43.296 15.367 70.459 59.590 8.787 11.981 17.192 13.364 4.546 6.704 48.044 100.335 105.047 96.799 99.440 100.363 98.320 98.277 98.235 91.194 81.155 38.117 9.081 18.048 19.016 79.983 121.954 102.930 78.912 70.900 49.897 58.901 11.901 0.000 0.000 1.917 22.917
70.726 70.729 66.733 66.737 66.738 67.739 67.739 63.739 60.740 59.740 22.740 12.744 63.757 60.764 60.770 60.776 59.782 62.788 86.795 72.804 57.813 63.824 80.836 97.850 92.866 89.886 87.910 83.937 79.964 78.987 87.010 84.036 78.066 74.101 77.143 81.192 43.246 7.307 6.378 22.468 18.615 3.789 12.965 23.128 19.327 10.524 3.747 47.012 105.212 105.131 99.699 101.530 98.411 98.373 99.329 95.287 79.245 72.205 78.167 84.130 68.095 90.062 105.029 122.000 130.975 114.954 76.940 81.932 56.929 0.000 0.000 0.000 0.000 0.000
9.733 10.741 70.744 65.748 65.750 60.752 57.753 59.754 54.754 7.753 7.747 0.000 64.779 60.782 60.786 60.791 60.796 78.803 85.810 58.819 60.828 60.840 63.852 69.867 71.883 71.902 67.923 70.946 86.969 79.991 71.015 74.043 81.075 85.110 88.150 85.197 60.250 25.308 8.369 7.419 0.000 0.000 7.961 17.029 1.201 0.000 16.952 77.194 105.290 97.062 100.765 100.496 98.473 98.425 99.380 94.337 81.295 47.254 54.215 97.177 108.141 140.106 131.073 103.042 91.014 107.991 86.973 80.961 55.955 0.000 0.000 0.000 0.000 0.000
0.000 5.758 19.754 74.760 59.763 57.765 59.767 59.769 60.771 7.772 0.000 53.804 61.798 60.798 60.801 60.806 62.811 86.817 71.824 57.832 60.842 60.854 60.867 59.882 59.898 59.915 58.934 65.954 94.974 73.995 5.017 13.047 25.082 76.114 86.151 70.195 75.247 62.309 14.370 11.420 0.000 1.819 14.890 6.959 0.000 0.000 35.127 105.445 105.368 99.943 101.668 97.569 98.522 98.476 98.430 98.386 85.344 48.302 63.262 100.223 96.186 130.149 125.114 94.081 99.050 85.023 66.000 83.984 61.975 0.000 0.000 0.000 0.000 0.000
58.786 54.778 0.000 66.776 76.777 77.779 58.781 70.784 77.787 53.793 51.806 61.810 60.810 60.812 60.816 60.820 79.825 83.830 58.837 60.845 59.855 58.867 60.881 60.896 60.911 60.927 59.944 67.962 96.980 77.997 24.012 0.000 48.091 73.114 86.146 65.186 55.236 14.309 7.383 10.471 8.610 16.739 20.802 0.000 0.000 14.110 76.324 105.520 97.220 100.918 100.653 98.624 98.572 98.525 98.479 99.435 90.391 79.349 102.308 127.268 115.229 132.191 129.154 123.118 130.082 96.050 73.021 83.000 90.986 19.980 0.000 0.000 0.000 0.000
60.793 59.792 54.795 60.791 59.791 7.793 81.795 73.798 60.802 61.808 61.814 60.819 60.822 60.825 60.829 63.833 86.838 69.843 59.849 60.856 66.865 74.879 60.895 58.910 60.925 59.939 62.954 86.970 94.986 70.003 58.021 46.047 68.077 67.103 28.135 13.166 10.201 0.000 0.000 0.000 0.691 1.753 3.777 0.000 17.281 74.364 96.480 105.594 98.180 98.807 98.721 98.670 98.621 98.573 98.527 99.482 90.438 73.395 69.353 102.312 92.272 106.233 109.193 97.153 99.113 71.072 48.036 62.008 128.989 81.974 16.959 6.945 28.933 49.925
60.802 60.802 60.803 60.803 60.804 54.806 70.809 86.812 62.816 59.821 60.826 60.830 60.834 60.838 59.842 82.847 84.851 58.855 60.859 61.864 58.872 20.887 79.911 74.925 61.938 59.950 77.963 96.977 80.992 61.007 61.024 62.044 65.066 69.089 6.123 7.144 0.000 0.000 0.000 0.000 0.000 0.000 0.000 0.000 40.465 97.554 105.738 105.666 98.071 98.888 98.763 98.718 98.668 98.620 98.573 97.528 82.483 84.440 104.398 123.356 122.315 127.274 132.233 119.190 117.143 104.090 53.042 51.009 126.986 90.970 28.958 21.944 86.929 119.922
60.811 60.810 60.811 60.814 60.817 60.819 60.822 71.825 86.829 62.833 59.838 60.843 60.847 58.851 66.856 87.860 67.864 59.868 61.870 59.870 1.871 0.000 67.936 68.942 74.951 73.961 81.972 80.984 61.996 60.010 62.024 65.039 70.053 70.064 0.000 0.000 0.000 0.000 0.000 0.000 0.000 0.000 0.000 2.180 48.861 102.817 105.808 97.433 99.119 98.846 98.817 98.763 98.713 98.665 98.618 98.573 84.528 80.484 101.441 102.399 102.357 105.316 105.274 104.231 109.181 82.102 58.035 72.999 87.976 26.963 0.000 0.000 30.917 56.916
60.822 62.816 62.818 60.825 60.829 60.832 60.835 60.838 71.842 86.846 62.850 57.855 57.860 74.864 86.869 80.874 57.878 60.882 56.883 2.876 0.000 53.960 60.955 60.957 66.964 83.972 83.981 76.991 70.001 62.012 49.023 19.035 84.045 64.051 0.000 0.000 0.000 0.000 0.000 0.000 0.000 0.000 0.000 2.511 22.329 105.949 105.878 98.298 99.013 98.910 98.859 98.807 98.758 98.710 98.663 99.617 94.572 84.528 79.484 78.441 78.399 78.357 78.317 82.278 56.247 0.154 25.996 81.977 77.957 38.942 0.919 0.000 29.907 75.908
61.839 0.000 0.000 60.841 59.843 58.845 58.848 57.850 57.854 70.858 85.863 78.868 85.873 87.878 74.883 58.888 65.893 65.899 53.903 0.000 1.965 64.966 60.966 62.969 86.974 93.981 71.989 62.997 70.005 77.013 65.021 1.031 44.040 62.043 0.000 0.000 0.000 0.000 0.000 0.000 0.000 0.000 0.000 2.852 8.269 106.017 103.574 99.256 98.989 98.956 98.901 98.850 98.801 98.753 98.706 98.660 99.616 98.571 96.527 95.484 95.440 96.399 98.358 72.320 14.283 0.000 10.975 66.954 97.934 88.915 61.895 37.888 54.895 57.900
60.856 59.861 0.000 59.856 70.857 74.858 78.860 83.863 86.866 87.871 87.876 87.881 73.886 60.891 76.897 93.903 94.909 94.917 87.927 65.945 0.963 61.972 59.975 68.979 96.984 83.990 60.996 60.003 62.010 65.016 56.022 1.030 21.037 21.039 0.000 0.000 0.000 0.000 0.000 0.000 0.000 0.000 10.625 12.147 4.389 106.081 107.517 103.136 99.047 98.993 98.941 98.891 98.842 98.795 98.748 98.703 98.659 98.614 98.570 98.525 99.480 102.438 74.398 7.359 0.000 0.000 0.000 11.932 67.910 98.889 89.875 65.872 42.887 11.894
60.867 62.867 58.873 60.870 75.870 74.870 70.872 66.874 65.877 61.883 82.889 72.894 83.899 74.904 90.910 86.917 79.924 80.933 91.944 97.957 86.970 87.978 79.983 87.988 95.993 68.998 60.004 61.009 61.015 60.020 60.025 62.031 57.035 6.037 66.037 57.037 0.000 0.000 0.000 0.000 0.000 1.113 79.305 76.526 106.183 106.135 101.398 102.206 99.079 99.032 98.980 98.931 98.882 98.836 98.790 98.745 98.701 98.658 98.614 100.567 105.518 74.476 14.437 0.000 0.000 0.000 0.000 0.000 8.883 59.857 94.844 44.839 0.000 0.000
62.879 0.000 57.882 60.882 60.882 60.882 59.884 60.885 62.886 60.896 72.902 67.907 76.912 87.917 75.923 60.930 61.938 62.947 63.958 68.969 81.979 91.987 97.993 95.997 85.002 61.006 61.011 61.016 61.021 61.025 62.029 85.032 58.034 0.000 62.037 12.037 6.036 0.000 0.000 0.000 0.000 10.869 99.142 101.338 106.226 99.752 99.427 99.154 99.123 99.068 99.018 98.969 98.922 98.876 98.831 98.787 98.744 98.702 100.659 85.613 39.547 6.512 0.000 0.000 0.000 0.000 0.000 0.000 0.000 30.812 92.806 44.802 0.000 0.000
63.891 0.000 57.893 60.893 60.893 60.894 60.896 61.897 0.000 59.913 63.916 74.920 74.925 82.930 87.936 73.942 58.950 58.960 58.972 60.982 62.991 63.998 65.003 65.007 64.011 63.015 59.018 59.022 60.027 61.031 72.033 86.035 57.037 51.038 53.038 0.000 0.000 0.000 0.000 0.000 0.000 14.848 97.963 106.300 106.263 98.600 99.310 99.206 99.154 99.103 99.053 99.006 98.960 98.915 98.871 98.828 98.786 98.746 103.708 59.678 0.000 0.000 0.000 0.000 0.000 0.000 0.000 0.000 0.000 33.772 93.766 52.760 0.000 0.000
