results4_8e4_rain/res_4e8f-0218.wd
ncols         241
nrows         181
xllcorner     12693529.787448
yllcorner     3542525.717860
cellsize      155.156523
NODATA_value  -9999.000000
[rows 99 to 131 of 181, columns 0 to 72 of 241]
0.000 0.000 0.000 0.000 0.000 61.334 101.334 103.334 94.334 89.334 0.000 0.000 0.000 0.000 0.000 3.331 2.331 69.331 66.331 0.000 0.000 2.331 5.331 64.331 63.331 4.331 0.000 0.000 0.000 11.329 0.000 0.000 0.000 0.000 17.186 63.182 59.172 58.155 59.131 60.104 73.076 62.044 66.009 57.972 59.930 57.886 58.838 63.788 64.735 62.681 66.625 59.568 59.510 61.450 64.387 78.318 79.259 64.211 50.168 0.000 0.000 0.000 0.000 0.000 28.227 83.222 80.211 67.194 42.170 37.146 81.122 58.099 60.076
0.000 0.000 0.000 0.000 0.000 62.334 102.334 102.334 0.000 0.000 0.000 0.000 0.000 0.000 0.000 2.331 14.331 80.331 69.331 7.331 4.331 4.331 67.331 66.331 70.331 1.331 0.000 0.000 0.000 69.329 61.329 0.000 0.000 0.272 76.229 86.223 72.214 65.200 59.181 61.158 80.132 65.102 71.069 71.031 61.990 76.945 68.897 69.846 59.793 67.737 67.680 65.622 59.564 60.506 64.442 61.348 23.285 13.248 0.000 0.000 0.000 0.000 0.000 31.245 68.239 80.234 87.226 77.213 53.198 54.181 68.163 59.144 60.124
7.336 0.336 0.000 0.000 0.000 49.334 98.334 107.334 17.334 0.000 0.000 0.000 0.000 0.000 0.000 1.331 3.331 87.331 68.331 69.331 71.331 68.331 65.331 66.331 64.331 2.331 0.000 0.000 0.000 62.329 62.329 63.327 62.318 62.303 61.277 71.267 80.260 27.249 91.235 81.216 86.192 71.164 16.131 87.094 85.053 84.008 87.960 76.908 59.852 62.795 67.736 67.676 64.618 60.566 49.526 0.000 0.000 0.000 0.000 0.000 0.000 0.000 0.000 41.251 68.250 68.248 79.244 78.237 61.228 61.217 60.204 60.190 60.173
75.336 78.336 10.336 0.000 0.000 59.335 98.335 103.334 113.334 18.334 0.000 0.000 0.000 0.000 9.331 9.331 7.331 24.331 72.331 69.331 87.331 101.331 76.331 61.331 0.331 0.000 0.000 0.000 0.000 0.000 61.331 62.333 62.325 62.315 62.308 61.309 61.308 60.303 61.293 66.278 78.257 72.230 15.198 87.162 88.120 66.075 73.025 89.972 83.914 70.854 60.792 66.729 67.666 70.615 55.571 0.000 0.000 0.000 0.000 0.000 0.000 0.000 0.000 3.257 19.263 65.265 62.264 62.263 60.259 60.254 60.247 60.237 60.225
89.336 72.336 72.335 74.335 76.335 95.335 103.335 103.334 103.334 105.334 79.334 18.333 1.333 67.332 74.332 75.331 37.331 32.331 95.331 103.331 98.331 94.331 77.331 1.331 0.000 0.000 0.000 0.000 0.000 0.000 0.000 62.350 61.334 60.326 61.329 62.354 62.361 62.362 62.357 63.346 82.327 77.302 60.271 62.233 73.192 84.146 61.095 73.040 73.979 66.914 86.849 69.781 61.702 2.659 0.000 0.000 0.000 0.000 0.000 0.000 0.000 0.000 0.000 0.000 11.281 65.283 60.286 60.290 60.293 60.294 60.293 58.288 56.280
104.336 94.336 75.336 79.335 97.335 103.335 103.335 103.334 103.334 98.334 70.334 76.333 4.333 58.332 93.332 101.331 101.331 85.331 100.331 107.331 17.331 0.000 0.000 0.000 0.000 0.000 0.000 0.000 0.000 0.000 0.000 62.382 0.000 0.000 0.000 63.416 62.422 62.426 62.427 63.420 79.404 84.380 61.348 62.310 62.267 80.220 81.170 59.114 67.049 85.973 77.908 55.844 0.000 0.000 0.000 0.000 0.000 0.000 0.000 0.000 0.000 0.000 0.000 0.000 8.297 65.301 60.308 60.317 60.328 59.337 58.341 63.342 64.339
104.336 104.336 99.336 102.336 103.335 103.335 103.335 103.335 103.334 99.334 74.334 91.333 0.000 0.000 71.332 95.331 103.331 104.331 103.331 108.331 11.331 0.000 0.000 0.000 0.000 0.000 0.000 0.000 0.000 0.000 0.000 62.415 1.439 1.458 64.473 62.472 62.482 62.495 62.504 62.503 79.490 84.466 61.432 62.391 62.347 63.299 84.250 78.196 85.130 75.023 55.966 0.000 0.000 0.000 0.000 0.000 0.000 0.000 0.000 0.000 0.000 0.000 0.000 0.000 63.310 60.315 60.326 60.344 60.367 59.383 61.393 65.400 66.403
102.336 103.336 103.336 103.336 103.335 103.335 103.335 103.335 103.334 104.334 99.334 106.333 30.333 9.332 59.332 78.331 101.331 103.331 104.331 92.331 6.331 0.000 0.000 0.000 0.000 0.000 0.000 0.000 0.000 0.000 0.000 56.429 61.444 61.463 60.484 62.518 62.541 62.567 62.591 62.599 79.588 84.561 61.522 62.477 62.429 62.381 67.334 90.289 70.253 0.000 0.000 0.000 0.000 0.000 0.000 0.000 0.000 0.000 0.000 0.000 0.000 0.000 0.000 0.000 16.317 67.324 63.337 64.364 62.412 58.435 65.449 66.462 64.472
99.336 104.336 103.336 103.336 103.336 103.335 103.335 103.335 103.334 103.334 104.334 97.333 81.333 72.332 66.332 93.331 103.331 103.331 108.330 11.330 0.000 0.000 0.000 0.000 0.000 0.000 0.000 0.000 0.000 0.000 0.000 0.000 0.000 0.000 0.000 62.573 62.597 62.640 62.695 62.714 78.702 85.667 62.619 62.565 62.512 62.461 62.415 68.374 21.341 0.000 0.000 0.000 0.000 0.000 0.000 0.000 0.000 0.000 0.000 0.000 0.000 0.000 0.000 0.000 0.000 4.329 2.333 0.000 8.484 67.494 65.508 66.525 63.545
99.336 104.336 103.336 103.336 103.336 103.336 103.335 103.335 103.335 103.334 104.334 89.333 68.333 67.332 76.331 100.331 103.331 103.330 109.330 14.330 5.330 0.000 0.000 0.000 0.000 0.000 0.000 0.000 0.000 0.000 0.000 0.000 0.000 0.000 0.000 58.604 62.634 59.703 62.833 62.860 81.838 85.787 62.722 62.653 62.591 62.537 62.491 59.450 9.395 0.000 0.000 0.000 0.000 0.000 0.000 0.000 0.000 0.000 0.000 0.000 0.000 59.627 0.000 0.000 0.000 0.000 0.000 1.570 63.546 64.549 66.563 66.587 63.619
102.337 103.337 103.337 103.336 103.336 103.336 103.336 103.335 103.335 103.334 103.334 100.333 77.333 78.332 95.331 102.331 103.330 103.330 110.330 27.329 0.000 0.000 0.000 0.000 0.000 0.000 0.000 0.000 0.000 0.000 0.000 0.000 0.000 0.000 0.000 0.000 58.634 0.000 62.075 63.056 91.003 77.922 62.826 62.736 62.662 75.605 65.564 60.539 0.000 0.000 0.000 0.000 0.000 0.000 0.000 0.000 0.000 0.000 0.000 0.000 11.627 70.627 55.627 0.000 0.000 0.000 1.605 64.594 67.586 66.591 63.609 59.640 59.687
103.337 103.337 103.337 103.337 103.337 103.336 103.336 103.336 103.335 103.334 103.334 103.333 105.332 105.332 104.331 103.330 103.330 105.329 94.329 37.329 0.000 0.000 0.000 0.000 0.000 0.000 0.000 0.000 0.000 0.000 0.000 0.000 0.000 0.000 0.000 0.000 0.000 0.000 62.335 63.285 97.197 66.072 62.925 62.802 74.716 83.657 62.619 62.604 61.620 0.000 0.000 0.000 0.000 0.000 0.000 0.000 0.000 0.000 0.000 0.000 0.000 66.628 67.627 54.627 1.625 60.622 62.616 66.612 65.612 63.622 62.643 58.678 66.735
102.338 101.338 103.337 103.337 103.337 103.337 103.336 103.336 103.335 103.335 103.334 103.333 103.332 103.332 103.331 103.330 104.329 87.329 15.328 6.328 64.327 78.327 24.327 0.000 0.000 5.327 0.000 0.000 0.000 0.000 0.000 0.000 0.000 0.000 0.000 4.345 4.315 1.161 58.646 69.552 92.427 63.245 60.001 62.832 62.742 62.687 62.653 62.637 62.636 59.636 0.000 0.000 0.000 0.000 0.000 0.000 0.000 0.000 0.000 0.000 0.628 61.628 57.628 63.627 58.627 66.625 66.624 65.625 61.629 64.641 59.661 58.694 58.751
92.338 92.338 101.338 103.338 103.338 103.337 103.337 103.336 103.336 103.335 103.334 104.333 105.332 103.332 103.331 103.330 103.329 25.328 9.328 64.327 74.327 84.327 83.327 76.327 68.327 9.327 0.000 0.000 0.000 0.000 0.000 0.000 0.000 0.000 4.395 63.375 66.327 66.210 62.986 61.852 70.714 58.480 0.000 58.782 62.733 62.695 62.670 62.656 61.650 0.000 0.000 0.000 0.000 0.000 0.000 0.000 63.629 74.629 0.000 0.000 62.629 60.628 60.628 57.628 65.628 66.629 66.630 63.633 66.640 66.651 64.666 59.687 48.709
74.338 79.339 98.339 104.338 103.338 103.338 103.337 103.337 103.336 103.335 105.335 91.334 87.333 102.331 107.330 104.329 99.328 81.327 84.327 90.327 84.327 85.327 64.327 57.327 3.327 0.327 0.000 0.000 0.000 0.000 0.000 0.364 1.364 0.000 54.414 60.434 63.408 63.339 63.236 63.155 65.098 0.000 0.000 0.000 57.712 62.691 62.675 62.665 62.660 0.660 0.000 0.000 0.000 0.000 0.000 23.629 80.629 62.629 60.629 60.629 60.629 60.629 58.629 63.629 66.630 66.631 62.634 66.639 66.646 65.656 59.667 60.679 50.689
58.339 73.339 92.339 105.339 106.339 106.339 104.338 103.337 104.337 103.336 104.335 42.334 13.333 61.331 79.330 100.328 107.327 105.326 105.325 91.325 14.326 0.000 0.000 0.000 0.000 0.000 0.000 0.000 0.000 9.364 11.364 1.364 1.364 1.364 0.000 59.539 63.531 61.503 62.463 64.433 65.426 0.000 0.000 0.000 0.000 55.683 62.675 62.669 59.664 0.000 0.000 0.000 0.000 0.000 0.000 0.000 22.629 76.629 59.629 59.629 60.629 59.629 59.629 65.630 66.631 64.633 52.636 5.642 70.651 64.659 64.666 64.674 50.679
22.339 44.339 77.340 83.340 77.340 79.340 96.339 104.338 100.337 93.336 92.336 27.335 0.000 0.000 0.000 37.327 72.326 98.324 105.323 2.324 0.000 0.000 0.000 0.000 0.000 0.000 0.000 0.000 0.000 51.364 72.364 17.364 2.364 1.364 0.000 59.652 65.674 64.679 73.678 74.691 64.745 9.901 0.000 0.000 0.000 0.000 59.673 60.671 0.000 0.000 0.000 0.000 0.000 0.000 0.000 0.000 0.000 81.629 84.629 64.629 58.629 56.629 66.629 66.630 61.630 0.000 0.000 0.000 11.656 69.661 66.666 66.671 56.674
0.000 0.000 58.342 67.342 19.341 5.341 68.340 97.339 88.338 84.337 98.336 65.335 25.334 0.000 0.000 0.000 0.000 43.321 74.318 0.000 0.000 0.000 0.000 0.000 0.000 0.000 0.000 0.000 0.000 0.000 56.364 74.364 5.364 0.000 0.000 50.742 64.833 62.862 92.879 85.907 63.963 66.058 12.161 0.000 0.000 0.000 54.673 0.000 0.000 0.000 0.000 0.000 0.000 0.000 0.000 0.000 0.000 0.000 69.629 86.629 71.629 65.629 66.629 61.629 0.000 0.000 0.000 0.000 0.000 61.665 66.667 66.669 61.672
0.000 0.000 54.344 99.343 56.343 5.342 57.341 89.340 91.339 102.338 104.336 107.335 113.333 52.331 21.329 0.000 0.000 0.000 14.311 9.306 0.294 2.283 0.000 0.000 0.000 0.000 0.000 0.000 0.000 0.000 57.364 72.364 2.364 9.364 13.364 0.000 58.054 66.058 96.070 78.096 66.142 65.205 70.265 0.000 0.000 0.000 0.000 0.000 0.000 0.000 0.000 0.000 0.000 0.000 0.000 0.000 0.000 0.000 0.000 7.629 74.629 64.629 62.629 0.000 0.000 0.000 0.000 0.666 60.666 59.666 61.667 55.668 0.000
27.348 42.347 76.346 94.345 102.344 71.343 84.342 107.341 104.340 103.338 103.337 103.335 103.333 109.330 112.327 68.323 27.318 9.313 72.308 86.302 79.292 81.282 37.272 13.263 10.256 0.000 0.000 0.000 0.000 0.000 36.364 58.364 64.364 64.364 67.364 26.364 59.272 88.245 90.246 67.265 65.302 65.356 68.428 13.544 8.595 0.000 0.000 0.000 0.000 0.000 0.000 0.000 0.000 0.000 0.000 0.000 0.000 0.000 0.000 0.000 0.629 0.629 8.629 0.000 0.000 0.000 0.000 62.666 57.666 55.666 0.000 0.000 0.000
100.349 103.348 103.347 101.346 99.346 100.345 102.344 102.342 103.341 104.339 104.337 103.335 96.333 100.330 103.327 107.323 111.318 112.313 104.307 100.300 97.292 92.282 94.271 87.260 43.249 21.238 0.000 0.000 0.000 0.000 0.000 0.000 0.000 0.000 0.000 83.456 72.424 101.404 92.403 79.417 66.447 65.490 65.546 69.609 65.647 0.000 0.000 0.000 0.000 0.000 0.000 0.000 0.000 0.000 0.000 0.000 0.000 0.000 0.000 0.000 0.000 0.000 0.000 0.000 0.000 0.000 0.000 0.000 0.000 0.000 0.000 0.000 0.000
103.350 98.350 96.349 95.348 89.347 86.346 87.345 87.344 93.342 98.340 98.338 91.336 75.334 90.331 103.327 103.323 103.319 103.314 103.308 103.301 104.293 104.282 107.270 108.257 108.243 108.227 47.208 0.000 0.000 0.000 0.000 0.000 0.000 0.000 0.000 55.581 81.563 86.547 70.543 87.554 75.577 65.612 65.655 68.701 11.735 0.000 1.009 1.017 0.000 0.000 0.000 0.000 0.000 0.000 0.000 0.000 0.000 0.000 0.000 0.000 0.000 0.000 0.000 0.000 0.000 0.000 0.000 0.000 0.000 0.000 0.000 0.000 0.000
73.351 46.351 68.351 82.350 80.349 60.348 45.347 41.345 61.344 78.342 77.340 70.337 65.335 75.332 96.328 104.324 103.320 103.315 103.310 103.303 103.295 107.285 82.270 70.256 69.239 73.218 76.189 15.141 4.094 0.735 0.565 0.000 0.000 0.000 0.000 53.724 89.699 72.677 64.670 74.677 85.696 69.725 65.762 65.805 71.858 15.950 10.001 2.024 1.040 7.040 5.040 0.000 0.000 0.000 0.000 0.000 0.000 0.000 0.000 0.000 0.000 0.000 0.000 0.000 0.000 0.000 0.000 0.000 0.000 0.000 0.000 0.000 0.000
63.353 34.353 56.353 71.352 67.351 44.350 30.348 34.347 54.345 68.343 66.341 66.339 67.336 65.333 84.330 101.326 103.322 103.317 103.313 103.307 102.300 65.293 0.000 0.000 0.000 0.000 0.000 0.000 0.000 60.176 80.158 32.130 18.103 14.069 61.007 77.891 94.833 71.791 65.782 63.789 80.806 82.831 68.862 65.899 65.941 68.991 78.025 16.044 11.055 0.000 20.040 0.000 0.000 0.000 0.000 0.000 0.000 0.000 0.000 0.000 0.000 0.000 0.000 0.000 0.000 0.000 0.000 0.000 0.000 0.000 0.000 0.000 0.000
76.355 72.355 67.355 66.354 67.353 69.352 70.351 73.349 72.347 68.345 67.343 67.340 67.338 66.335 73.331 95.328 104.324 103.320 105.316 77.312 43.306 0.000 0.000 0.000 0.000 0.000 0.000 0.000 0.000 25.163 47.151 50.130 54.110 68.096 65.060 86.003 82.949 56.873 63.880 65.890 67.908 80.930 72.957 67.987 66.018 65.047 82.066 73.072 67.072 0.000 0.000 0.000 0.000 0.000 0.000 0.000 0.000 0.000 0.000 0.000 0.000 0.000 0.000 0.000 0.000 0.000 0.000 0.000 0.000 0.000 0.000 0.000 0.000
66.358 67.358 67.357 67.356 67.355 67.354 67.353 67.351 67.349 67.347 67.345 67.342 67.339 67.336 65.333 86.330 103.326 105.323 101.320 27.317 0.000 0.000 0.000 0.000 0.000 0.000 0.000 0.000 0.000 0.000 0.000 0.000 0.000 52.146 69.135 95.110 69.088 0.000 51.972 66.985 65.004 69.025 70.049 79.073 68.096 66.113 65.118 61.107 2.090 0.000 0.000 0.000 0.000 0.000 0.000 0.000 0.000 0.000 0.000 0.000 0.000 0.000 0.000 0.000 0.000 0.000 0.000 0.000 0.000 0.000 0.000 0.000 25.654
67.360 67.360 67.360 67.359 67.358 67.357 67.355 66.354 66.352 67.350 67.347 67.345 67.342 67.339 66.335 74.332 89.329 100.325 88.323 14.321 0.000 0.000 0.000 0.000 0.000 0.000 0.000 0.000 0.000 0.000 0.000 0.000 0.000 29.207 78.224 103.215 13.204 0.000 50.051 68.074 66.097 65.119 73.140 84.161 72.179 66.191 70.188 3.147 0.000 0.000 0.000 0.000 0.000 0.000 0.000 0.000 0.000 0.000 0.000 0.000 0.000 0.000 0.000 0.000 0.000 0.000 0.000 0.000 0.000 0.000 0.000 0.000 82.733
67.363 67.363 67.362 67.362 67.361 67.360 67.358 71.356 72.354 68.352 67.350 67.347 67.344 67.341 67.337 66.334 69.331 78.327 78.325 19.323 0.000 0.000 0.000 0.000 0.000 0.000 20.998 0.000 0.000 0.000 0.000 0.000 0.000 1.357 82.339 97.321 20.309 0.000 34.108 65.164 66.192 66.213 65.232 70.251 72.269 68.285 70.295 0.000 0.000 0.000 0.000 0.000 0.000 0.000 0.000 0.000 0.000 0.000 0.000 0.000 0.000 0.000 0.000 0.000 0.000 0.000 0.000 0.000 0.000 0.000 0.000 66.956 75.865
67.366 67.366 67.366 67.365 67.364 67.363 66.361 78.359 83.357 70.355 67.352 67.350 67.347 67.343 67.340 67.336 67.332 66.329 69.326 50.323 0.000 0.000 0.000 0.000 0.000 62.999 83.998 45.996 36.988 35.977 0.000 0.000 0.000 63.522 105.460 79.420 79.403 6.423 0.000 51.282 68.294 66.308 66.324 64.342 80.361 84.384 78.412 1.504 0.000 0.000 0.000 0.000 0.000 0.000 0.000 0.000 0.000 0.000 0.000 0.000 0.000 0.000 0.000 0.000 0.000 0.000 0.000 0.000 0.000 0.000 41.119 92.047 77.973
67.370 67.369 67.369 67.368 67.367 67.366 66.364 79.362 85.360 69.358 67.355 67.353 67.349 67.346 67.342 67.338 67.334 67.330 67.326 73.322 44.317 0.000 0.000 0.000 2.999 25.999 41.000 63.002 70.990 74.966 48.918 24.853 59.765 97.640 95.559 75.497 57.462 15.442 0.000 51.387 68.393 67.403 70.415 65.431 74.451 97.477 94.515 39.582 3.639 19.666 0.000 0.000 0.000 0.000 0.000 0.000 0.000 45.170 75.170 79.170 0.000 0.000 88.170 149.170 0.000 0.000 0.000 0.000 0.000 0.000 78.191 134.140 117.079
64.373 65.373 66.372 66.372 67.371 67.369 65.368 80.366 83.364 66.361 67.359 67.356 67.352 67.349 67.345 67.341 67.336 67.331 67.326 67.320 73.313 53.303 4.296 0.000 0.000 0.000 0.000 39.022 70.007 65.978 68.934 72.876 84.802 101.715 85.638 53.546 3.504 0.000 0.000 50.487 67.489 70.494 83.503 69.516 79.534 80.558 99.591 103.632 86.670 36.692 0.000 0.000 0.000 0.000 0.000 0.000 0.000 0.000 36.170 64.170 78.170 110.170 148.170 71.170 0.000 0.000 0.000 0.000 0.000 64.404 74.315 75.245 78.181
85.377 80.377 75.376 73.376 69.374 65.373 65.372 80.370 83.368 65.365 67.362 67.359 67.356 67.352 67.348 67.343 66.338 65.333 66.327 66.319 66.311 72.301 49.289 26.274 1.259 0.000 0.000 38.056 76.036 70.006 64.965 77.914 100.852 94.780 62.732 0.000 0.000 0.000 0.000 48.585 66.581 71.581 78.586 73.596 78.611 77.631 90.657 84.686 77.715 50.742 5.773 0.000 0.000 0.000 0.000 0.000 0.000 0.000 0.000 32.170 110.170 113.170 116.170 1.170 11.170 0.170 0.000 7.569 41.569 69.494 138.416 102.353 134.240
105.381 104.381 100.380 95.380 91.379 86.377 81.376 77.374 72.372 66.369 67.366 67.363 67.360 67.356 66.351 68.346 74.341 79.335 78.328 76.320 70.311 65.299 69.286 75.268 39.244 20.209 24.168 58.111 81.076 72.043 68.007 90.965 102.911 58.823 3.777 0.000 0.000 11.762 18.742 52.688 65.669 70.662 86.664 76.671 69.683 62.699 68.719 86.741 83.764 89.786 8.805 0.000 0.000 0.000 0.000 0.000 0.000 0.000 0.000 0.000 0.000 0.000 0.000 0.000 8.170 0.000 0.000 0.000 76.645 67.584 77.518 100.414 76.590
