results4_8e4_rain/res_4e8f-0188.wd
ncols         241
nrows         181
xllcorner     12693529.787448
yllcorner     3542525.717860
cellsize      155.156523
NODATA_value  -9999.000000
[rows 33 to 65 of 181, columns 73 to 145 of 241]
0.000 0.000 0.000 0.000 0.000 0.000 0.000 0.000 0.000 0.000 0.000 0.000 0.000 0.000 0.000 0.000 0.000 0.000 0.000 0.000 0.000 0.000 0.000 0.000 0.000 0.000 0.000 0.000 0.000 0.000 0.000 0.000 0.000 0.000 0.000 0.000 0.000 0.000 0.000 39.715 62.716 67.717 23.720 0.000 0.000 32.796 46.825 13.803 4.804 36.825 39.840 33.838 34.819 35.783 35.730 35.657 35.564 34.448 40.295 60.058 6.574 14.690 11.970 47.129 63.588 68.116 66.675 67.277 65.812 67.897 62.952 62.561 62.551
0.000 0.000 0.000 0.000 0.000 0.000 0.000 0.000 0.000 0.000 0.000 0.000 0.000 0.000 0.000 0.000 0.000 0.000 0.000 0.000 0.000 0.000 0.000 0.000 0.000 0.000 0.000 0.000 0.000 0.000 0.000 0.000 0.000 0.000 0.000 0.000 0.000 0.000 0.000 0.000 14.716 9.717 0.000 0.000 0.000 0.000 28.916 0.000 0.000 26.866 50.907 49.911 39.894 35.857 35.800 35.722 35.621 34.502 56.367 54.212 0.000 37.525 50.091 63.518 67.998 67.520 67.090 66.598 67.657 63.675 62.974 63.227 65.529
0.000 0.000 0.000 0.000 0.000 0.000 0.000 0.000 0.000 0.000 0.000 0.000 0.000 0.000 0.000 0.000 0.000 0.000 35.160 67.160 20.160 0.000 0.000 0.000 0.000 0.000 0.000 0.000 0.000 0.000 0.000 0.000 0.000 0.000 0.000 0.000 0.000 0.000 0.000 0.000 0.000 0.000 0.000 0.000 0.000 0.000 21.007 0.000 0.000 0.000 29.010 47.004 46.987 37.952 35.893 35.808 33.697 49.572 58.460 0.000 23.184 47.795 62.350 68.854 68.362 67.907 67.387 69.419 65.406 63.514 63.913 66.237 65.482
0.000 0.000 0.000 0.000 0.000 0.000 0.000 0.000 0.000 0.000 0.000 22.162 60.162 0.161 0.000 0.000 0.000 0.000 42.160 93.160 49.160 0.000 0.000 0.000 0.000 0.000 0.000 0.000 0.000 0.000 0.000 0.000 0.000 0.000 0.000 0.000 0.000 0.000 0.000 0.000 0.000 0.000 0.000 0.000 0.000 0.000 24.099 25.140 32.158 18.156 28.119 36.110 49.099 40.070 36.012 32.918 43.789 53.627 42.442 18.104 47.574 65.119 69.661 69.182 68.719 68.179 68.184 67.146 64.166 64.613 66.952 66.204 65.969
0.000 0.000 0.000 0.000 0.000 0.000 0.000 0.000 0.000 0.000 0.000 43.162 78.162 67.162 54.162 9.161 3.161 27.161 81.160 89.160 54.159 0.000 0.000 0.000 0.000 23.185 2.185 0.000 0.000 0.000 0.000 0.000 0.000 0.000 0.000 0.000 0.000 7.186 0.000 0.000 0.000 11.185 29.185 0.000 0.000 40.162 55.149 58.162 56.178 42.190 36.200 35.218 49.229 40.217 32.167 46.065 59.913 47.705 35.577 50.295 54.888 67.449 69.987 69.526 68.974 68.954 66.899 64.927 65.332 67.679 66.938 66.708 66.374
0.000 0.000 0.000 0.000 0.000 0.000 0.000 0.000 0.000 0.000 0.000 14.162 76.162 59.162 40.162 2.161 23.161 73.161 84.160 91.159 50.159 0.000 0.000 0.000 0.184 61.185 45.185 0.000 0.000 0.000 0.000 0.000 0.000 0.000 0.000 0.186 24.186 36.186 38.186 0.000 0.000 20.185 45.184 24.183 38.180 61.175 64.173 65.183 62.201 49.228 36.272 33.332 50.381 41.402 45.373 63.263 57.091 0.000 33.866 52.611 65.234 70.798 70.342 69.783 69.738 67.671 65.815 66.073 68.421 67.691 67.468 67.135 66.802
0.000 0.000 0.000 0.000 0.000 0.000 0.000 0.000 0.000 0.000 0.000 0.000 0.000 27.162 65.162 61.162 49.162 62.161 82.160 93.159 46.158 0.000 0.000 0.000 0.000 23.185 47.185 49.185 0.000 0.000 0.000 0.000 0.000 0.000 0.000 0.000 40.186 41.186 53.186 36.186 25.186 39.185 40.185 36.184 43.184 50.183 48.186 41.196 60.215 26.250 42.327 45.459 35.562 47.637 60.660 57.524 0.216 8.824 45.409 62.048 70.643 71.181 70.628 70.554 67.482 66.870 66.844 69.183 68.464 68.250 67.925 67.593 67.235
0.000 0.000 0.000 0.000 0.000 0.000 0.000 0.000 0.000 0.000 0.000 0.000 0.000 17.162 84.162 79.162 69.162 59.162 83.161 91.159 86.156 71.153 26.150 0.000 0.000 0.000 3.185 57.185 41.185 39.185 50.185 45.185 8.185 0.000 0.000 4.186 40.186 39.186 60.186 66.186 55.186 47.186 39.186 36.186 37.187 38.188 37.192 35.199 43.212 4.231 0.000 4.614 40.770 63.925 62.105 1.435 7.531 45.236 58.897 68.539 72.077 71.638 72.413 68.366 68.167 67.663 69.972 69.258 69.050 68.739 68.422 68.071 67.682
0.000 0.000 0.000 0.000 0.000 0.000 0.000 0.000 0.000 0.000 0.000 0.000 0.000 0.000 17.163 56.163 31.163 67.163 86.162 91.159 89.156 87.151 76.148 35.144 0.144 0.000 0.000 13.185 52.185 52.185 65.185 63.185 56.185 51.185 0.000 0.000 7.186 44.186 63.186 70.186 62.186 46.187 35.187 36.187 36.189 36.190 36.194 36.198 40.203 0.000 0.000 0.000 10.979 48.187 17.659 14.944 49.883 54.687 66.427 73.032 72.884 71.125 69.454 69.834 68.565 70.806 70.081 69.867 69.561 69.263 68.946 68.591 68.161
0.000 0.000 0.000 0.000 0.000 0.000 0.000 0.000 0.000 0.000 0.000 0.000 0.000 0.000 0.000 2.164 88.165 88.165 90.164 90.161 89.156 83.150 77.144 48.141 0.000 0.000 0.000 0.000 0.000 20.185 65.185 59.185 74.185 71.185 50.185 29.186 30.186 39.186 61.186 70.186 61.187 44.187 34.187 39.188 38.190 36.192 36.194 36.197 37.199 29.198 0.000 0.000 0.000 0.000 9.398 52.439 55.369 63.225 73.948 74.060 72.421 74.312 72.071 69.609 71.719 70.953 70.709 70.389 70.095 69.803 69.508 69.184 67.748
0.000 0.000 0.000 0.000 0.000 0.000 23.132 46.129 0.000 24.071 64.060 53.048 57.037 32.031 0.000 0.000 24.167 96.168 90.168 87.164 84.157 87.148 78.139 41.134 0.000 0.000 0.000 0.000 0.000 0.000 0.000 9.185 63.185 64.185 15.185 0.000 6.186 43.186 61.186 66.186 56.187 47.187 45.188 7.189 14.190 42.192 36.194 36.196 37.197 43.197 51.197 13.197 0.000 0.000 25.095 58.048 61.941 72.751 74.966 74.598 77.877 76.456 70.953 72.758 71.903 71.593 71.235 70.918 70.621 70.347 70.099 69.888 75.738
0.000 0.000 0.000 0.000 0.000 0.000 23.135 66.126 8.107 58.082 60.063 72.046 55.033 40.024 0.000 0.000 12.169 81.171 93.176 90.171 90.159 91.145 85.131 39.122 0.000 0.000 0.000 0.000 0.000 0.000 0.000 0.000 0.000 48.185 7.185 0.000 2.186 49.186 46.186 58.186 15.187 0.000 0.000 0.000 0.000 8.193 46.194 40.196 3.196 33.197 67.197 50.197 3.197 0.000 29.847 63.686 72.588 75.709 75.465 79.636 78.891 72.310 73.876 72.925 72.528 72.111 71.750 71.421 71.125 70.864 70.655 70.532 75.579
21.402 65.396 55.391 0.000 0.000 0.000 17.147 77.134 53.112 55.086 61.062 85.041 86.024 81.009 34.995 0.000 0.000 0.000 41.196 95.184 90.165 91.141 88.118 47.102 0.000 0.000 0.000 0.000 0.000 0.000 0.000 0.000 0.000 6.185 0.000 0.000 0.000 0.000 0.000 0.000 0.000 0.000 0.000 0.000 0.000 0.000 0.000 21.196 18.196 0.000 0.000 0.000 0.000 19.258 56.675 73.628 75.305 76.238 80.585 80.190 73.340 74.899 73.937 73.481 73.009 72.600 72.229 71.893 71.592 71.330 71.123 71.004 74.046
21.403 77.395 59.386 55.375 0.000 0.000 4.171 69.152 71.121 71.089 83.058 80.033 92.012 90.994 51.981 0.000 0.000 0.000 17.226 97.206 90.175 91.137 88.098 48.065 0.000 0.000 8.631 56.593 68.552 37.525 0.000 0.000 0.000 0.000 0.000 0.000 0.000 0.000 0.000 0.000 0.000 0.000 0.000 0.000 0.000 0.000 0.000 0.000 6.196 0.000 0.000 0.000 17.222 57.730 74.690 75.273 81.502 80.993 74.611 75.173 75.675 74.859 74.393 73.897 73.453 73.046 72.673 72.331 72.020 71.742 71.504 78.317 19.181
85.406 82.396 61.382 62.364 54.337 1.290 59.213 54.183 62.131 75.090 79.050 90.021 90.996 89.973 58.954 0.000 0.000 0.000 16.276 96.240 90.191 91.134 86.071 65.996 49.879 50.772 50.668 58.597 79.539 46.497 0.000 0.000 0.000 0.000 0.000 0.000 0.000 0.000 0.000 0.000 0.000 0.000 0.000 0.000 0.000 0.000 0.000 0.000 0.000 0.000 15.312 46.089 55.597 74.584 76.174 82.839 82.247 75.159 76.880 76.216 75.676 75.222 74.739 74.286 73.858 73.458 73.085 72.737 72.414 72.113 78.836 24.576 0.000
82.411 77.399 75.384 58.363 62.334 62.298 53.257 46.234 0.000 0.000 21.028 80.007 90.978 88.947 73.909 40.856 0.000 3.449 65.361 86.288 91.214 90.137 91.057 80.969 56.869 53.768 52.672 61.588 79.509 62.427 48.314 49.226 53.161 64.120 28.104 0.000 0.000 0.000 0.000 0.000 0.000 0.000 0.000 0.000 0.000 0.000 0.000 0.000 0.000 0.000 26.511 66.352 74.299 76.947 83.718 83.322 75.881 77.552 76.775 76.405 75.967 75.516 75.074 74.645 74.234 73.844 73.473 73.120 72.784 78.462 25.149 0.000 0.000
71.419 23.406 91.391 62.370 56.337 57.308 59.281 59.264 48.263 0.000 0.000 0.992 24.962 95.929 85.878 63.802 55.680 62.538 61.431 63.336 71.240 72.145 59.050 55.955 53.858 53.761 52.666 61.573 76.482 55.389 52.290 57.203 73.136 76.096 61.088 35.088 0.000 0.000 0.000 0.000 0.000 0.000 0.000 0.000 0.000 0.000 0.000 0.000 0.000 17.349 59.196 74.808 77.648 84.284 84.039 76.577 78.222 77.440 77.085 76.658 76.237 75.814 75.395 74.986 74.591 74.209 73.842 73.487 79.141 24.802 0.000 0.000 0.000
17.427 90.415 91.402 77.390 0.000 4.315 64.296 60.277 71.262 62.246 0.000 1.005 3.968 83.929 80.872 65.796 56.699 53.592 53.489 56.384 69.266 77.152 80.042 72.943 62.848 55.752 54.655 70.557 73.458 48.356 52.254 52.159 53.083 57.040 36.064 0.000 0.000 0.000 6.615 0.000 0.000 0.000 0.000 0.000 0.000 0.000 0.000 20.572 52.241 60.098 73.613 84.944 84.560 77.628 78.225 78.793 78.105 77.743 77.324 76.918 76.510 76.106 75.706 75.315 74.933 74.561 75.199 81.844 25.492 0.000 0.000 0.000 0.000
95.436 91.425 91.413 91.398 78.376 61.341 61.312 61.286 52.261 1.219 18.119 25.062 77.001 73.945 76.884 69.812 70.729 70.640 70.549 73.446 68.289 68.154 70.023 73.928 74.838 72.744 68.646 79.543 77.435 65.324 66.210 66.098 67.996 42.918 0.000 0.000 0.000 0.000 7.615 0.000 0.000 0.000 0.000 0.000 0.000 7.449 55.227 55.791 76.805 77.362 86.006 85.528 80.115 79.833 79.222 78.757 78.380 77.971 77.572 77.175 76.782 76.392 76.009 75.633 75.265 75.904 79.549 12.196 0.000 0.000 0.000 0.000 0.000
94.444 90.437 90.427 91.413 88.390 66.359 60.327 61.293 62.256 54.208 3.145 69.086 66.027 66.968 67.906 62.839 66.766 71.691 79.620 64.562 0.000 0.109 14.966 72.910 68.830 68.742 68.642 68.534 68.417 68.294 68.164 68.029 65.883 60.719 33.499 0.000 9.134 52.913 59.615 71.310 41.073 0.000 0.000 0.000 1.360 56.648 67.434 79.358 79.994 86.740 86.405 80.763 80.442 79.707 79.380 78.992 78.597 78.206 77.816 77.431 77.049 76.673 76.305 75.944 76.591 79.242 26.895 0.000 0.000 0.000 0.000 0.000 0.000
80.451 80.449 80.447 91.435 91.412 81.380 57.342 60.303 61.263 61.218 67.166 76.110 60.053 56.995 54.934 61.871 76.805 75.739 60.677 40.620 0.000 0.000 0.000 0.922 57.830 52.750 52.648 52.532 52.405 53.269 56.125 56.968 56.790 55.574 56.280 54.831 54.355 62.990 69.621 67.241 73.837 71.298 65.789 63.277 65.651 77.289 80.809 80.603 87.233 87.016 81.401 81.056 80.308 79.982 79.589 79.204 78.820 78.437 78.057 77.682 77.310 76.945 76.592 77.249 77.911 16.576 0.000 0.000 0.000 0.000 0.000 0.000 0.000
0.000 46.463 58.477 86.468 90.444 71.406 54.359 53.314 61.275 61.235 60.189 54.137 55.078 61.024 77.966 76.905 59.843 52.784 42.731 0.000 62.299 71.238 67.144 68.023 70.892 73.781 72.667 73.541 76.402 75.254 72.098 73.929 68.736 54.505 58.217 56.857 61.464 79.072 85.640 82.196 75.736 70.266 71.811 78.277 83.131 81.568 87.835 87.486 81.385 82.995 81.582 80.922 80.583 80.186 79.802 79.419 79.039 78.664 78.295 77.929 77.564 78.206 75.870 71.547 23.229 0.000 0.000 0.000 0.000 0.000 0.000 0.000 0.000
0.000 0.000 51.530 70.516 81.488 56.441 48.374 55.321 53.287 60.256 61.221 61.169 54.101 71.055 63.001 51.940 54.877 46.824 0.000 71.449 74.361 74.271 76.170 77.056 79.934 83.817 82.697 82.565 82.407 84.245 85.085 82.914 70.720 56.494 58.227 57.916 57.571 60.196 33.668 6.169 95.641 137.240 114.774 80.708 82.228 88.798 88.361 81.832 84.561 81.977 81.535 81.178 80.784 80.399 80.012 79.629 79.253 78.887 78.529 78.174 79.812 74.446 63.135 17.841 0.000 0.000 0.000 0.000 0.000 0.000 0.000 0.184 47.009
3.768 0.000 6.598 27.577 62.553 44.497 0.000 50.308 55.296 55.283 61.268 50.219 0.000 55.094 53.044 54.977 55.900 65.812 79.689 76.538 78.422 84.317 94.210 138.095 134.971 134.854 134.740 134.613 135.418 119.234 51.084 53.921 51.736 59.523 58.282 55.009 52.709 34.472 0.000 0.000 4.438 62.147 79.159 83.754 89.489 89.171 81.429 83.131 82.431 82.128 81.760 81.379 80.996 80.609 80.220 79.833 79.458 79.101 79.761 78.425 70.063 58.630 16.383 0.000 0.000 0.000 0.000 0.000 0.000 0.000 3.310 38.249 59.126
77.768 25.744 14.686 77.641 55.649 0.000 0.000 0.000 49.304 62.312 54.350 0.000 7.267 63.182 54.106 65.024 77.934 77.834 82.717 85.591 78.474 64.364 55.256 51.145 49.001 51.888 52.797 39.727 0.000 56.190 53.094 51.952 55.779 59.581 56.368 48.128 54.783 35.511 0.000 1.723 57.445 74.456 84.178 89.981 89.760 82.011 83.699 82.996 82.704 82.336 81.968 81.592 81.209 80.821 80.426 80.025 79.645 80.299 75.989 64.704 21.383 0.000 0.000 0.000 0.000 0.000 0.000 0.000 0.000 0.000 6.372 56.311 55.222
87.788 95.778 83.760 0.732 12.753 6.862 1.898 0.902 0.000 0.000 58.470 56.449 64.352 61.261 61.172 61.079 77.980 91.872 80.756 60.635 58.518 53.408 55.307 46.228 0.000 57.899 54.834 43.772 0.000 57.243 52.149 53.013 59.846 57.655 55.482 37.354 0.000 1.985 54.143 51.904 68.689 84.599 90.258 82.944 83.511 84.172 83.569 83.276 82.914 82.556 82.187 81.810 81.428 81.041 80.637 81.196 80.798 70.460 55.192 18.019 0.000 0.000 0.000 0.000 0.000 0.000 0.000 4.759 31.712 30.626 45.494 57.402 45.316
77.816 81.821 71.823 0.000 0.000 71.937 64.931 58.907 2.846 10.751 76.611 73.524 60.432 61.338 61.242 62.141 83.033 134.918 127.798 74.676 129.557 50.443 54.335 54.232 56.114 53.975 53.867 53.755 55.595 51.390 51.247 60.105 58.936 55.713 50.549 39.451 0.000 0.734 56.183 63.004 85.000 83.880 90.614 83.990 84.577 84.127 83.837 83.492 83.143 82.783 82.414 82.035 81.652 81.277 82.885 78.324 59.891 46.550 48.301 14.160 0.000 0.000 0.000 0.000 0.000 0.000 0.000 4.805 40.752 45.672 59.575 53.487 43.404
73.846 68.867 12.888 0.000 3.057 55.016 63.985 60.943 78.881 72.797 77.697 85.606 76.513 61.418 61.317 61.209 60.093 53.970 48.842 53.714 50.589 54.471 54.359 54.250 54.137 54.019 53.906 53.784 52.640 57.477 59.342 60.224 44.080 0.000 43.549 0.000 0.000 0.722 60.344 82.256 86.256 91.594 91.137 84.081 84.734 84.376 84.063 83.730 83.382 83.020 82.649 82.264 81.866 80.531 42.303 0.000 0.000 0.000 0.000 0.000 0.000 0.000 0.000 37.219 32.181 31.116 30.027 33.905 42.819 58.735 52.649 43.566 53.487
65.874 56.914 61.974 7.073 60.099 56.084 55.050 73.001 65.936 81.860 90.775 70.688 56.598 54.503 57.399 60.286 61.161 61.027 53.887 52.748 53.616 53.494 54.380 54.271 54.164 59.058 55.952 52.837 53.705 56.534 60.421 49.368 0.000 0.000 0.000 0.000 15.998 135.876 79.607 86.630 84.601 91.999 83.898 86.418 87.902 84.629 84.313 83.982 83.633 83.267 83.900 80.506 68.017 58.680 16.491 0.000 0.000 0.000 0.000 0.000 0.000 0.000 39.301 39.257 39.207 40.141 40.060 40.968 54.883 54.800 38.719 41.640 43.565
40.890 41.942 36.021 60.147 56.182 55.170 66.131 70.073 81.005 87.931 53.853 52.774 53.689 55.596 54.491 51.373 59.239 60.090 60.930 59.775 53.634 52.508 51.395 52.290 58.192 117.098 85.005 64.909 47.807 0.000 62.441 70.460 0.000 0.000 0.000 0.000 60.123 71.016 87.900 85.935 92.704 92.365 84.987 85.517 86.184 84.891 84.581 84.252 83.900 84.517 83.177 35.841 0.000 0.000 0.000 0.000 0.000 0.000 0.000 0.000 0.000 0.000 46.344 42.303 39.247 40.181 38.106 50.024 56.944 40.865 41.787 49.712 47.639
0.000 0.000 0.000 53.312 56.310 58.284 79.231 90.156 104.078 86.005 14.935 71.864 71.788 55.700 55.597 54.476 52.332 55.163 60.970 58.787 59.636 61.510 59.401 57.303 53.215 48.136 53.063 47.986 0.000 0.000 0.000 56.571 48.598 0.000 0.000 2.531 70.354 87.202 87.275 85.290 93.014 84.708 87.210 88.717 85.461 85.171 84.867 84.543 84.201 81.722 36.450 0.000 0.000 0.000 0.000 0.000 0.000 0.000 0.000 0.000 0.000 45.507 15.429 3.364 47.299 37.230 48.157 60.080 48.003 42.927 47.853 51.780 44.710
0.000 0.000 0.000 51.479 57.463 73.424 84.352 132.243 126.147 128.075 134.017 129.961 130.897 55.819 55.722 54.601 54.449 53.261 47.999 57.766 59.615 60.496 58.394 60.306 60.231 61.168 54.125 0.000 0.000 0.000 0.000 57.654 42.626 0.000 0.039 61.680 83.565 87.520 86.509 93.578 93.303 85.765 86.313 87.003 85.741 85.467 85.172 85.855 60.636 0.000 0.000 0.000 0.000 0.000 0.000 0.000 0.000 0.000 57.822 46.773 36.695 40.585 40.500 41.425 41.354 44.283 57.210 54.137 49.062 49.989 47.916 45.846 41.777
17.727 0.000 0.000 52.661 69.641 77.596 83.511 54.316 53.193 52.131 49.097 50.066 50.021 55.957 55.871 71.756 71.603 47.432 0.000 44.663 57.560 59.466 57.374 59.297 59.233 60.180 56.144 0.092 0.979 1.934 55.876 40.765 0.000 0.000 63.077 71.925 88.800 87.712 86.895 93.833 85.438 87.968 90.505 86.282 86.034 85.782 84.499 72.069 30.852 0.000 0.000 0.000 0.000 0.000 44.072 39.050 39.010 38.952 42.871 54.803 57.726 43.640 38.559 40.483 42.410 57.338 56.266 42.193 51.121 52.049 50.978 43.909 39.842
