results4_8e4_rain/res_4e8f-0207.wd
ncols         241
nrows         181
xllcorner     12693529.787448
yllcorner     3542525.717860
cellsize      155.156523
NODATA_value  -9999.000000
[rows 99 to 131 of 181, columns 73 to 145 of 241]
60.002 59.978 59.953 58.927 58.899 63.871 66.842 63.815 59.795 59.785 53.787 9.793 0.000 0.000 0.000 0.000 0.000 14.978 72.945 97.900 95.892 95.049 101.715 101.645 94.743 95.438 95.284 95.174 96.068 95.967 94.876 98.799 57.745 0.000 0.000 0.000 0.000 0.000 0.000 35.094 61.018 72.915 40.784 22.580 52.485 55.399 53.302 57.182 54.001 51.743 21.434 46.195 50.067 64.980 70.917 73.871 71.836 66.812 59.797 54.789 49.787 27.782 0.000 0.000 0.000 0.000 22.141 40.141 52.141 76.141 77.140 77.140 77.140
60.053 60.030 59.006 56.979 60.951 65.920 66.887 66.849 60.821 57.805 62.799 62.798 23.800 0.000 17.609 47.557 24.444 4.245 61.150 101.028 96.278 96.293 101.775 94.055 95.843 95.496 95.407 95.294 95.185 95.081 96.989 95.915 31.867 0.000 0.000 0.000 0.000 0.000 3.402 39.275 45.178 56.090 5.021 0.000 47.603 55.543 54.451 58.326 58.153 28.948 0.000 41.097 55.040 59.976 80.924 81.884 81.854 82.832 83.818 81.809 62.806 0.808 0.820 1.824 0.000 0.000 0.000 39.140 52.140 76.140 77.140 77.140 77.140
60.105 59.084 59.060 62.034 65.005 65.973 40.935 4.873 33.836 69.816 42.807 16.802 8.801 0.000 28.662 78.617 75.531 67.416 86.296 97.446 94.433 101.858 95.337 96.142 95.707 95.641 95.523 95.411 95.297 96.184 94.085 82.004 28.941 1.906 0.000 0.000 0.000 3.632 42.529 49.425 47.331 48.248 21.189 0.000 53.782 71.719 64.632 59.518 34.336 0.000 1.058 24.058 14.019 53.959 78.919 82.888 80.864 80.845 80.832 82.824 55.821 49.824 49.826 55.826 0.000 0.000 0.000 16.140 51.140 76.140 77.140 77.140 77.140
59.160 58.141 63.118 66.091 66.061 66.031 31.008 0.000 0.825 12.815 3.811 0.000 0.000 0.000 21.759 84.718 90.648 98.561 98.520 95.645 102.196 101.988 95.304 96.013 95.863 95.753 95.643 95.530 95.409 101.274 51.162 19.077 2.986 0.544 7.299 10.219 0.000 33.734 51.659 47.565 47.471 46.381 52.298 18.210 47.024 72.918 71.839 69.781 0.000 0.000 44.058 0.056 0.000 51.921 80.905 84.885 81.868 80.853 78.842 67.835 48.831 44.830 45.829 29.828 0.000 0.000 0.000 0.000 47.140 76.140 77.140 77.140 73.140
58.218 64.201 66.179 66.151 64.118 70.081 40.059 0.000 0.000 0.000 0.000 0.000 0.000 0.000 32.896 90.849 93.788 97.665 96.901 96.914 102.383 94.690 96.395 96.069 95.982 95.872 95.765 99.657 105.534 60.340 29.212 4.155 0.000 0.000 0.000 7.139 35.059 57.911 51.806 44.706 49.607 53.509 50.411 48.307 62.186 66.091 56.024 63.986 0.000 0.000 12.058 0.000 0.000 57.901 81.893 86.881 85.868 81.857 76.848 45.842 43.837 44.835 51.833 0.000 0.000 0.000 0.000 41.140 45.140 74.140 77.140 77.139 71.139
65.281 66.267 66.246 65.217 43.180 9.116 28.088 30.088 0.000 0.000 0.000 0.000 0.000 24.198 77.080 91.003 93.907 96.065 97.074 102.713 102.555 95.665 96.366 96.204 96.097 95.990 99.889 61.798 21.731 0.000 39.191 25.176 0.000 0.000 0.000 0.000 43.127 77.046 67.949 62.846 57.742 58.636 56.530 57.424 70.321 64.237 48.180 50.152 0.000 0.000 0.000 0.000 0.000 57.889 85.884 50.877 48.868 80.859 83.852 53.846 44.842 49.839 19.836 0.000 0.000 0.000 0.000 14.139 41.139 59.139 75.139 78.139 71.139
66.350 66.340 62.320 66.291 48.268 0.000 19.088 49.088 0.000 0.000 0.000 0.000 14.413 76.317 90.224 96.145 96.116 96.257 102.996 102.859 94.994 96.768 96.417 96.326 96.211 96.102 100.000 71.917 3.861 0.000 9.186 12.181 0.000 0.000 0.000 0.000 30.275 62.198 67.097 76.989 72.878 60.764 63.649 72.537 67.436 55.356 47.306 48.292 22.337 23.349 0.000 0.000 0.000 55.881 89.879 3.876 0.000 29.857 76.854 66.850 47.847 26.843 0.000 0.000 0.000 0.000 0.000 0.000 14.139 38.139 64.139 74.139 67.139
64.427 61.423 60.402 76.360 55.334 0.000 18.088 46.088 0.000 0.000 0.000 8.581 72.509 85.432 95.361 98.241 97.485 95.515 103.123 94.303 96.077 92.635 94.562 96.439 96.323 97.207 91.094 81.007 28.934 0.000 0.000 0.000 0.000 0.000 0.000 17.680 52.502 57.372 57.252 59.135 68.016 70.892 73.765 67.639 54.529 48.447 47.395 46.371 50.372 35.360 0.000 0.000 0.000 44.876 81.874 47.871 36.865 28.860 71.856 77.853 57.851 0.000 0.000 8.856 0.000 0.000 0.000 0.000 0.000 33.139 57.139 62.139 49.139
58.513 67.523 63.505 4.413 5.373 0.000 9.088 9.088 0.000 0.000 0.000 9.653 88.608 90.551 98.461 97.627 96.648 103.348 103.240 96.262 95.949 95.790 95.671 94.553 95.433 97.308 54.162 5.085 0.000 0.000 0.000 0.000 0.000 21.216 38.083 52.858 63.680 60.535 59.406 56.283 57.158 60.026 71.879 72.724 64.596 53.509 46.455 46.427 48.417 0.000 0.000 0.000 0.000 29.872 71.871 49.868 45.865 45.861 77.857 80.855 63.855 26.855 16.856 59.856 0.000 0.000 0.000 0.000 0.000 36.139 60.139 55.139 41.139
59.608 69.650 56.683 0.000 0.000 0.000 6.088 18.088 2.088 0.000 0.898 75.769 85.724 97.667 97.662 96.804 103.541 103.447 95.573 97.348 97.000 96.906 96.787 96.669 98.550 48.429 0.000 0.000 0.000 0.000 0.000 10.678 36.555 53.349 66.174 61.991 60.826 60.682 60.553 61.431 59.309 58.173 32.003 50.782 75.620 57.538 45.490 48.464 46.454 34.460 0.000 0.000 0.000 30.870 63.869 41.867 0.000 0.000 33.857 70.856 59.856 68.856 75.856 34.856 0.000 0.000 0.000 0.000 0.000 11.139 51.139 49.139 42.139
57.700 61.785 60.895 37.059 0.000 0.000 0.000 4.088 7.088 0.000 28.991 88.909 95.850 97.772 97.932 96.055 103.626 95.861 97.643 97.208 97.139 97.019 97.903 98.786 60.668 0.000 0.000 0.000 0.000 0.000 12.961 55.802 66.637 62.452 61.274 61.104 60.950 60.815 60.693 60.581 60.473 69.353 8.178 0.000 43.564 52.533 44.504 53.484 53.474 35.467 0.000 0.000 0.000 0.000 47.866 84.865 52.863 0.000 26.858 71.857 65.857 56.857 56.857 0.000 0.000 0.000 0.000 0.000 0.000 0.000 30.139 41.139 42.139
69.773 7.895 64.053 62.223 51.423 10.544 0.758 0.000 0.000 20.163 79.094 93.028 98.970 97.955 97.110 103.772 103.703 96.810 97.508 97.357 97.246 98.136 100.020 60.903 0.000 0.000 0.000 0.000 11.460 42.339 53.121 64.930 61.740 61.547 58.365 58.201 58.057 58.932 60.824 60.728 63.647 40.588 0.000 0.000 23.540 48.525 47.509 65.496 61.489 0.000 0.000 0.000 0.000 0.000 31.864 76.863 88.862 45.860 71.859 85.858 77.857 53.857 46.857 18.857 0.000 0.000 0.000 0.000 0.000 0.000 36.139 42.139 46.139
51.814 4.969 66.198 56.357 63.503 55.644 16.885 4.146 13.238 80.232 89.192 99.151 98.039 98.306 96.334 103.832 96.097 97.890 97.551 97.467 98.359 99.258 53.139 0.000 0.000 0.000 0.000 3.717 54.582 65.435 63.253 62.058 63.846 63.631 69.439 74.277 69.145 62.035 55.940 59.861 65.801 23.764 0.000 0.000 19.529 51.519 52.510 74.502 62.498 0.000 0.000 0.000 0.000 0.000 19.862 71.862 80.861 85.860 81.859 81.858 85.858 69.857 48.857 49.857 18.857 11.857 0.000 0.000 0.000 38.138 43.138 41.138 46.138
0.000 0.000 34.413 85.504 48.588 0.000 0.000 18.315 78.337 83.331 97.310 98.219 98.499 96.431 103.915 96.355 98.164 97.741 97.683 98.573 95.468 50.398 0.000 0.000 0.000 0.000 9.989 56.852 64.714 62.567 62.398 66.203 40.956 19.690 22.484 39.323 65.213 67.120 68.041 59.976 60.929 21.904 0.000 0.000 0.000 32.513 50.509 57.505 56.503 5.503 0.000 0.000 0.000 0.000 19.861 62.861 75.861 80.860 81.859 82.859 78.858 74.858 59.857 47.857 51.857 57.857 0.000 0.000 0.000 4.138 41.138 42.138 44.138
0.000 0.000 11.536 86.660 73.757 0.000 0.000 25.462 86.464 94.456 98.408 99.604 99.642 104.230 104.038 97.305 98.021 97.882 97.784 92.682 82.539 33.469 0.000 0.000 9.368 45.284 54.126 65.989 62.857 62.720 66.570 44.398 2.207 0.000 0.000 25.319 63.262 60.193 64.128 70.074 70.036 48.019 0.000 0.000 0.000 14.510 52.508 46.506 53.504 4.504 0.000 0.000 0.000 0.000 24.861 49.860 66.860 80.860 75.859 68.859 70.858 31.858 56.857 65.857 58.857 54.857 0.000 0.000 0.000 0.000 1.138 36.138 41.138
0.000 0.000 0.000 14.841 64.023 3.466 13.607 79.608 91.602 98.589 98.609 98.788 104.578 104.408 96.591 98.390 98.057 97.986 90.897 56.830 0.000 0.000 0.000 17.532 63.451 57.358 65.240 63.121 63.004 63.887 41.765 2.600 0.000 0.000 0.000 24.371 66.323 60.261 60.203 62.155 66.123 68.115 20.146 0.000 0.000 0.000 33.507 52.506 27.505 0.000 0.000 0.000 0.000 0.000 17.860 45.860 56.860 63.860 55.859 52.859 17.859 0.000 5.857 49.857 53.857 62.857 0.000 0.000 0.000 0.000 0.000 30.138 41.138
0.000 0.000 0.000 0.000 1.443 13.690 82.748 87.757 98.756 98.692 99.980 100.055 104.737 96.888 98.668 98.238 98.179 88.077 76.991 40.910 0.000 0.000 0.000 57.613 79.547 64.458 56.356 64.252 62.150 65.058 34.990 0.000 0.000 0.000 20.565 55.473 62.397 61.327 61.267 58.219 54.188 56.174 18.176 0.000 0.000 0.000 14.506 59.506 7.505 0.000 0.000 0.000 0.000 0.000 17.860 47.860 46.860 45.859 43.859 49.859 0.000 0.000 0.000 24.857 47.857 65.857 9.857 0.000 0.000 0.000 0.000 1.138 34.138
0.000 0.000 0.000 0.000 0.000 85.939 84.937 98.927 98.887 100.095 100.171 105.029 104.887 97.841 99.527 97.371 83.257 72.164 46.077 0.000 0.000 0.000 51.876 69.760 69.665 76.572 64.475 54.379 60.287 70.206 73.147 36.145 0.000 0.000 19.658 67.558 61.463 61.384 60.319 56.268 50.234 51.215 17.209 0.000 0.000 0.000 0.000 32.506 40.506 0.000 0.000 0.000 0.000 0.000 25.860 49.860 43.859 44.859 44.859 46.859 29.859 0.000 0.000 0.000 34.857 55.857 33.857 7.857 0.000 0.000 0.000 0.000 29.138
0.000 0.000 0.000 0.000 25.314 86.190 98.134 99.099 100.112 102.303 105.294 105.164 97.146 98.912 95.564 84.466 73.321 45.243 0.000 0.000 0.000 54.105 74.993 60.884 52.784 66.688 78.593 66.502 69.414 70.330 57.248 63.142 41.898 4.375 27.851 59.636 55.515 62.428 57.355 49.300 48.264 52.245 14.237 0.000 0.000 0.000 0.000 19.506 59.506 4.506 0.000 0.000 0.000 0.000 0.000 31.859 46.859 44.859 44.859 44.859 52.859 0.000 0.000 0.000 0.000 36.857 47.857 53.857 0.000 0.000 0.000 0.000 0.000
0.000 0.000 0.000 0.000 68.438 94.370 100.318 99.225 99.497 97.580 105.419 97.428 99.193 93.763 82.696 57.577 0.000 0.000 0.000 0.000 54.329 75.217 62.106 50.999 50.898 52.802 63.709 78.621 69.536 54.454 62.371 64.279 38.177 0.000 24.736 84.621 71.532 60.458 54.375 50.311 47.279 48.262 42.256 6.260 0.000 0.000 0.000 0.000 38.506 10.506 0.000 0.000 0.000 0.000 0.000 11.859 48.859 44.859 44.859 44.859 46.859 30.859 0.000 0.000 0.000 17.857 44.857 47.857 0.000 0.000 0.000 0.000 0.000
0.000 0.000 0.000 71.754 68.629 74.546 89.458 100.633 97.699 105.653 105.539 98.360 94.047 82.901 61.796 0.000 0.000 35.930 0.000 6.561 79.442 62.327 51.215 52.109 51.008 53.912 67.822 76.736 77.656 61.579 57.503 68.426 42.355 0.000 0.000 15.578 28.536 10.497 0.000 20.291 51.279 58.269 59.264 45.264 0.000 0.000 0.000 0.000 0.000 0.000 0.000 0.000 0.000 0.000 0.000 12.859 48.859 47.859 50.859 45.859 42.859 51.859 0.000 0.000 0.000 24.857 58.857 63.857 0.000 0.000 0.000 0.000 0.000
0.000 0.000 10.983 72.879 69.779 70.698 80.674 96.841 105.871 105.763 97.638 94.405 82.076 56.000 0.000 0.000 52.978 51.930 33.834 17.680 67.551 51.433 52.320 51.213 52.112 67.017 72.929 36.847 27.771 79.702 65.637 43.567 4.461 0.000 0.000 0.000 0.000 0.000 0.000 17.282 69.277 63.272 60.268 56.267 11.268 0.000 0.000 0.000 0.000 0.000 0.000 0.000 0.000 0.000 0.000 36.859 45.859 20.859 0.000 20.859 45.859 49.859 0.000 0.000 0.000 26.857 62.857 31.857 0.000 0.000 0.000 0.000 0.000
0.000 86.176 74.087 70.997 68.918 69.796 71.040 75.106 105.975 96.879 92.641 82.232 56.189 0.000 0.000 0.000 57.026 54.979 74.891 58.772 51.651 52.533 51.419 54.312 74.210 71.116 52.029 47.951 52.881 80.822 77.775 41.745 0.000 0.000 0.000 0.000 0.000 0.000 0.000 17.279 76.275 76.272 71.270 62.269 7.269 0.000 0.000 0.000 0.000 0.000 0.000 0.000 0.000 0.000 9.859 48.859 50.859 0.000 0.000 5.859 48.859 49.859 0.000 0.000 0.000 0.000 33.857 0.000 0.000 0.000 0.000 0.000 0.000
2.338 84.266 98.190 90.115 75.017 76.174 68.223 106.172 106.075 75.762 80.440 56.338 0.000 0.000 0.000 0.000 59.120 72.068 69.980 51.868 51.748 51.628 62.513 74.404 63.301 52.207 52.121 52.045 52.981 61.929 79.896 75.892 36.946 0.000 0.000 0.000 0.000 0.000 0.000 0.000 62.273 64.272 76.271 77.270 33.270 0.000 0.000 0.000 0.000 0.000 0.000 0.000 0.000 0.000 40.859 50.859 27.859 0.000 0.000 9.859 49.859 47.859 0.000 0.000 0.000 0.000 0.000 0.000 0.000 0.000 0.000 0.000 0.000
20.410 97.360 100.295 100.226 95.199 85.355 106.359 106.265 67.928 62.699 0.000 0.338 0.000 0.000 0.000 0.000 70.266 75.195 51.091 52.971 52.845 64.720 73.601 55.488 52.384 52.289 52.203 52.129 52.067 52.019 60.989 80.981 74.000 48.031 39.043 43.047 12.047 0.000 0.000 0.000 1.273 42.272 82.271 82.270 43.270 0.000 0.000 0.000 0.000 0.000 0.000 0.000 0.000 0.000 29.859 28.859 0.000 0.000 0.000 0.000 29.859 56.859 0.000 0.000 0.000 0.000 0.000 0.000 0.000 0.000 0.000 0.000 0.000
90.532 100.468 100.409 100.297 104.541 95.601 106.450 68.041 70.723 65.393 0.000 0.000 0.000 0.000 0.000 63.637 75.483 52.355 53.220 53.079 60.940 73.806 51.681 52.565 52.459 52.361 52.275 52.200 52.139 52.091 52.059 56.043 57.042 52.049 53.052 60.049 42.048 0.000 0.000 0.000 0.000 0.000 37.270 73.270 36.270 0.000 0.000 0.000 0.000 0.000 0.000 0.000 0.000 0.000 0.000 0.000 0.000 0.000 0.000 0.000 0.000 8.859 0.000 0.000 0.000 0.000 0.000 0.000 0.000 0.000 0.000 0.000 0.000
96.638 96.580 100.494 101.658 98.706 106.625 106.538 72.719 57.178 2.297 5.296 2.296 0.000 0.000 0.000 80.790 57.675 53.522 53.354 55.187 76.029 55.884 52.752 52.633 52.523 52.423 52.334 52.258 52.197 52.148 52.113 51.089 50.076 53.071 35.069 0.000 0.000 0.000 0.000 0.000 0.000 0.000 0.000 66.270 54.270 21.270 0.000 0.000 0.000 0.000 0.000 0.000 0.000 0.000 0.000 0.000 0.000 0.000 0.000 0.000 0.000 0.000 0.000 0.000 0.000 0.000 0.000 0.000 0.000 0.000 0.000 0.000 0.000
75.753 75.689 79.669 75.827 106.796 106.711 84.217 65.434 56.379 0.000 0.296 2.296 0.000 0.000 0.000 56.059 51.905 51.704 50.488 63.284 56.104 49.948 50.812 50.691 50.579 50.473 51.380 52.303 52.241 52.193 51.155 49.125 51.102 51.089 48.083 38.085 41.086 43.086 42.086 44.086 15.086 0.000 0.000 4.270 63.270 35.270 0.000 0.000 0.000 0.000 0.000 0.000 0.000 0.000 0.000 0.000 0.000 0.000 0.000 0.000 0.000 0.000 0.000 0.000 0.000 0.000 0.000 0.000 0.000 0.000 0.000 0.000 0.000
90.869 112.758 78.006 108.065 106.878 66.758 57.358 0.000 71.805 30.158 0.000 0.000 0.000 0.000 99.857 78.481 49.182 56.900 67.611 66.357 62.158 59.991 59.856 59.740 58.628 52.512 48.410 52.331 52.272 52.226 51.189 51.155 55.119 55.099 56.090 66.087 66.086 62.086 55.086 54.086 33.086 0.000 0.000 0.000 22.270 28.270 0.000 0.000 0.000 0.000 0.000 0.000 0.000 0.000 0.000 0.000 0.000 0.000 0.000 0.000 0.000 0.000 0.000 0.000 0.000 0.000 0.000 0.000 0.000 0.000 0.000 0.000 0.000
138.949 117.547 115.594 107.032 106.957 94.845 0.000 38.855 66.855 140.513 115.976 2.250 47.404 36.819 98.234 57.825 55.442 127.105 117.697 113.376 113.178 112.001 110.883 109.784 108.682 79.536 46.415 52.341 52.290 52.251 52.220 44.188 0.000 0.000 0.000 0.000 0.000 0.000 19.086 71.086 50.085 21.085 0.000 0.000 0.000 0.000 0.000 0.000 0.000 0.000 0.000 0.000 0.000 0.000 0.000 0.000 0.000 0.000 0.000 0.000 0.000 0.000 0.000 0.000 0.000 0.000 0.000 0.000 0.000 0.000 0.000 0.000 0.000
97.118 116.706 107.171 107.103 91.363 0.000 0.000 0.000 10.250 62.062 49.801 0.000 28.627 0.000 57.434 54.144 63.656 119.380 0.000 5.273 0.000 55.951 64.892 125.829 38.781 0.000 56.372 52.330 52.295 53.268 35.252 0.000 0.000 0.000 0.000 0.000 0.000 0.000 0.000 24.085 71.085 27.085 0.000 0.000 0.000 0.000 0.000 0.000 0.000 0.000 0.000 0.000 0.000 0.000 0.000 0.000 0.000 0.000 0.000 0.000 0.000 0.000 0.000 0.000 0.000 0.000 0.000 0.000 0.000 0.000 0.000 0.000 0.000
117.875 115.929 107.234 115.853 117.701 37.989 0.000 17.831 44.831 54.686 31.365 8.607 49.850 95.419 93.924 86.663 0.000 38.380 0.000 17.169 39.065 66.961 111.904 74.860 39.832 0.000 0.000 58.310 52.291 53.276 34.267 0.000 0.000 0.000 0.000 0.000 0.000 0.000 0.000 0.000 18.085 57.085 22.085 0.000 0.000 0.000 0.000 0.000 0.000 0.000 0.000 0.000 0.000 0.000 0.000 0.000 0.000 0.000 0.000 0.000 0.000 0.000 0.000 0.000 0.000 0.000 0.000 0.000 0.000 0.000 0.000 0.000 0.000
116.008 107.350 107.294 96.359 39.124 0.000 0.000 0.000 6.558 33.485 0.000 0.000 42.747 86.484 140.178 75.920 0.000 0.000 0.000 0.000 0.000 80.925 115.902 45.876 42.854 0.000 0.000 0.000 57.282 51.277 49.274 47.275 35.275 0.000 0.000 0.000 0.000 0.000 0.000 0.000 13.085 71.085 29.085 0.000 0.000 0.000 0.000 0.000 0.000 0.000 0.000 0.000 0.000 0.000 0.000 0.000 0.000 0.000 0.000 0.000 0.000 0.000 0.000 0.000 0.000 0.000 0.000 0.000 0.000 0.000 0.000 0.000 0.000
