results4_8e4_rain/res_4e8f-0043.wd
ncols         241
nrows         181
xllcorner     12693529.787448
yllcorner     3542525.717860
cellsize      155.156523
NODATA_value  -9999.000000
[rows 99 to 131 of 181, columns 74 to 147 of 241]
46.773 46.789 45.808 45.830 50.854 53.881 50.910 46.932 46.943 40.937 0.000 0.000 0.000 0.000 0.000 0.000 4.873 63.131 88.245 86.346 85.591 92.430 92.359 85.476 86.172 86.016 85.904 86.797 86.695 85.602 89.522 48.465 0.000 0.000 0.000 0.000 0.000 0.000 3.565 29.418 41.256 9.027 0.000 20.609 23.572 21.519 25.441 22.203 19.694 0.000 13.552 17.498 32.438 38.390 41.353 39.324 34.303 27.289 22.281 17.277 0.000 0.000 0.000 0.000 0.000 0.000 8.081 20.080 44.080 45.079 45.078 45.078 43.078 0.000
46.772 45.786 43.802 47.820 52.840 53.863 53.898 47.922 44.931 49.933 49.931 10.931 0.000 8.629 38.602 15.561 0.000 51.573 91.520 86.831 86.901 92.489 84.804 86.590 86.241 86.150 86.035 85.924 85.820 87.727 86.648 22.595 0.000 0.000 0.000 0.000 0.000 0.000 7.712 13.634 24.559 0.000 0.000 15.779 23.746 22.688 26.601 26.475 0.000 0.000 8.514 22.476 27.416 48.378 49.349 49.326 50.308 51.296 49.287 30.283 0.000 0.000 0.000 0.000 0.000 0.000 7.078 20.076 44.074 45.074 45.073 45.072 38.072 0.000
45.768 45.780 48.793 51.808 52.823 27.834 0.000 20.925 56.929 29.931 3.931 0.000 0.000 19.657 69.614 66.521 58.325 76.989 88.094 85.085 92.571 86.101 86.906 86.469 86.400 86.278 86.162 86.046 86.935 84.836 72.750 19.673 0.000 0.000 0.000 0.000 0.000 11.080 17.938 15.846 16.789 0.000 0.000 21.984 39.946 32.885 27.800 2.652 0.000 0.000 0.000 0.000 21.374 46.358 50.340 48.323 48.309 48.298 50.290 23.286 17.284 17.283 23.283 0.000 0.000 0.000 0.000 19.070 44.069 45.069 45.068 45.067 28.066 0.000
44.763 49.773 52.784 52.797 52.809 17.817 0.000 0.000 0.000 0.000 0.000 0.000 0.000 12.727 75.679 81.585 89.440 89.309 86.397 92.960 92.716 86.084 86.793 86.640 86.525 86.409 86.288 86.163 92.036 41.935 9.842 0.000 0.000 0.000 0.000 0.000 2.346 20.222 16.114 16.023 14.962 20.965 0.000 15.226 41.169 40.108 38.061 0.000 0.000 0.000 0.000 0.000 19.348 48.340 52.329 49.318 48.306 46.297 35.290 16.286 12.284 13.283 0.000 0.000 0.000 0.000 0.000 15.065 44.065 45.064 45.063 41.061 8.059 13.055
50.757 52.765 52.775 50.785 56.800 26.807 0.000 0.000 0.000 0.000 0.000 0.000 0.000 23.845 81.788 84.705 88.544 87.734 87.717 93.177 85.494 87.196 86.866 86.775 86.659 86.543 90.420 96.280 51.113 20.024 0.000 0.000 0.000 0.000 0.000 3.500 26.454 20.372 13.274 18.172 22.072 18.967 16.789 30.527 34.395 24.317 32.276 0.000 0.000 0.000 0.000 0.000 25.329 49.326 54.320 53.312 49.303 44.293 13.287 11.284 12.283 19.283 0.000 0.000 0.000 0.000 9.061 13.062 42.061 45.060 45.059 39.057 10.055 9.053
52.750 52.757 51.765 29.770 0.000 14.805 16.805 0.000 0.000 0.000 0.000 0.000 15.138 68.019 81.933 84.820 86.953 87.935 93.555 93.375 86.488 87.185 87.019 86.909 86.796 90.685 52.570 12.425 0.000 30.023 16.023 0.000 0.000 0.000 0.000 11.547 45.593 36.537 31.437 26.319 27.189 25.044 25.875 38.696 32.569 16.490 18.451 0.000 0.000 0.000 0.000 0.000 25.315 53.314 18.314 16.308 48.299 51.288 21.282 12.280 17.281 0.000 0.000 0.000 0.000 0.000 0.000 9.060 27.058 43.056 46.055 39.054 10.052 9.050
52.743 48.749 52.756 34.761 0.000 5.804 35.804 0.000 0.000 0.000 0.000 5.346 67.257 81.163 87.076 87.033 87.158 93.876 93.720 85.845 87.611 87.254 87.159 87.042 86.932 90.829 62.750 0.000 0.000 0.001 3.023 0.000 0.000 0.000 0.000 0.000 30.836 35.745 45.620 41.478 29.320 32.145 40.969 35.813 23.697 15.622 16.587 0.000 0.000 0.000 0.000 0.000 23.303 57.300 0.000 0.000 0.000 44.276 34.274 15.272 0.000 0.000 0.000 0.000 0.000 0.000 0.000 0.000 6.054 32.053 42.052 35.051 11.049 9.048
47.736 46.742 62.751 41.756 0.000 4.804 32.804 0.000 0.000 0.000 0.000 63.435 76.378 86.308 89.179 88.409 86.424 94.018 85.179 86.943 83.494 85.415 87.288 87.172 88.059 81.951 71.850 19.850 0.000 0.000 0.000 0.000 0.000 0.000 0.000 21.434 26.170 25.986 27.822 36.654 39.467 42.247 36.046 22.892 16.783 15.715 14.687 18.711 3.710 0.000 0.000 0.000 12.293 49.284 15.274 4.270 0.000 39.268 45.266 25.264 0.000 0.000 0.000 0.000 0.000 0.000 0.000 0.000 1.050 25.050 30.049 17.048 9.047 9.047
53.728 49.730 0.000 0.000 0.000 0.000 0.000 0.000 0.000 0.000 0.770 79.581 81.523 89.425 88.577 87.582 94.268 94.149 87.149 86.829 86.662 86.539 85.418 86.298 88.181 45.066 0.000 0.000 0.000 0.000 0.000 0.000 0.000 7.284 22.057 32.698 29.423 28.209 25.026 25.851 28.649 40.329 41.075 32.926 21.828 14.768 14.738 16.734 0.000 0.000 0.000 0.000 0.000 39.271 17.267 13.267 13.264 45.261 48.257 31.254 0.000 0.000 27.231 0.000 0.000 0.000 0.000 0.000 4.048 28.047 23.046 9.046 9.046 8.046
55.721 42.722 0.000 0.000 0.000 0.000 0.000 0.000 0.000 0.000 66.889 76.767 88.675 88.647 87.771 94.479 94.377 86.486 88.250 87.892 87.792 87.666 87.544 89.422 39.302 0.000 0.000 0.000 0.000 0.000 0.000 6.165 22.909 35.511 31.190 29.879 29.616 29.402 30.224 28.073 26.951 0.596 19.002 43.907 25.837 13.790 16.764 14.755 2.757 0.000 0.000 0.000 0.000 31.260 9.258 0.000 0.000 1.254 38.247 27.243 36.236 43.232 2.231 0.000 0.000 0.000 0.000 0.000 0.000 19.045 17.044 10.044 12.045 10.045
47.716 46.716 22.714 0.000 0.000 0.000 0.000 0.000 0.000 20.153 80.031 86.922 88.805 88.935 87.031 94.570 86.795 88.566 88.122 88.044 87.916 88.793 89.669 51.546 0.000 0.000 0.000 0.000 0.000 0.000 25.784 36.422 32.051 30.662 30.313 30.011 29.761 29.559 29.396 29.265 38.170 0.000 0.000 11.865 20.823 12.792 21.773 21.764 3.760 0.000 0.000 0.000 0.000 15.253 52.247 20.239 0.000 0.000 39.237 33.235 24.232 24.230 0.000 0.000 0.000 0.000 0.000 0.000 0.000 0.000 9.040 10.040 0.000 0.000
0.000 49.713 47.712 36.711 0.000 0.000 0.000 0.000 11.386 70.274 84.162 90.058 89.004 88.126 94.725 94.652 87.753 88.442 88.281 88.162 89.044 90.920 51.794 0.000 0.000 0.000 0.000 0.000 12.940 23.658 35.146 31.687 31.212 27.774 27.390 27.091 27.859 29.678 29.536 32.420 9.295 0.000 0.000 0.000 16.797 15.784 33.773 29.767 0.000 0.000 0.000 0.000 0.000 0.000 44.236 56.233 13.229 39.228 53.230 45.229 21.228 14.226 0.000 0.000 0.000 0.000 0.000 0.000 0.000 4.036 10.037 14.038 0.000 0.000
0.000 51.711 41.711 48.710 40.709 1.709 0.000 4.601 71.498 80.393 90.297 89.137 89.363 87.353 94.786 87.063 88.845 88.496 88.403 89.286 90.177 44.048 0.000 0.000 0.000 0.000 0.000 25.524 36.223 33.888 32.456 33.969 33.337 38.832 43.384 38.104 30.906 24.759 28.651 34.585 0.000 0.000 0.000 0.000 19.784 20.774 42.768 30.764 0.000 0.000 0.000 0.000 0.000 0.000 39.229 48.227 53.226 49.225 49.225 53.225 37.223 16.221 17.217 0.000 0.000 0.000 0.000 0.000 6.035 11.035 9.035 14.035 0.000 0.000
0.000 19.711 70.710 33.710 0.000 0.000 9.789 69.703 74.611 88.521 89.373 89.602 87.486 94.871 87.338 89.140 88.706 88.639 89.519 86.404 41.329 0.000 0.000 0.000 0.000 0.000 28.106 35.826 33.539 33.217 36.822 11.395 0.000 0.000 8.209 34.035 35.903 36.800 28.725 29.684 0.000 0.000 0.000 0.000 0.772 18.762 25.759 24.759 0.000 0.000 0.000 0.000 0.000 0.000 30.224 43.223 48.222 49.222 50.222 46.222 42.221 27.218 15.214 19.211 25.209 0.000 0.000 0.000 0.000 9.034 10.034 12.034 0.000 0.000
0.000 0.000 71.709 58.709 0.000 0.000 16.874 77.811 85.732 89.620 90.758 90.740 95.226 95.007 88.297 89.006 88.858 88.751 83.638 73.483 24.406 0.000 0.000 0.000 16.833 25.680 37.386 34.134 33.891 37.619 15.220 0.000 0.000 0.000 0.000 31.925 28.871 32.812 38.766 38.743 16.754 0.000 0.000 0.000 0.000 20.751 14.749 21.754 0.000 0.000 0.000 0.000 0.000 0.000 17.219 34.219 48.219 43.218 36.219 38.220 0.000 24.214 33.212 26.209 22.208 0.000 0.000 0.000 0.000 0.000 4.033 9.032 14.031 0.000
0.000 0.000 0.000 48.709 0.000 5.128 71.022 82.939 89.856 89.815 89.939 95.619 95.428 87.607 89.396 89.052 88.972 81.875 47.801 0.000 0.000 0.000 0.000 35.139 28.986 36.823 34.624 34.436 35.271 13.148 0.000 0.000 0.000 0.000 0.000 34.869 28.845 28.813 30.785 34.768 36.766 0.000 0.000 0.000 0.000 1.741 20.732 0.000 0.000 0.000 0.000 0.000 0.000 0.000 13.216 24.216 31.215 23.215 20.215 0.000 0.000 0.000 17.209 21.207 30.206 0.000 0.000 0.000 0.000 0.000 0.000 9.031 10.031 0.000
0.000 0.000 0.000 0.000 5.317 74.234 79.147 90.071 89.943 91.173 91.196 95.797 87.929 89.697 89.254 89.183 79.073 67.977 31.889 0.000 0.000 0.000 29.435 51.292 36.149 28.003 35.852 33.715 36.610 6.554 0.000 0.000 0.000 0.000 23.830 30.837 29.827 29.809 26.792 22.780 24.775 0.000 0.000 0.000 0.000 0.000 27.707 0.000 0.000 0.000 0.000 0.000 0.000 0.000 15.213 14.213 13.212 11.212 17.212 0.000 0.000 0.000 0.000 15.204 33.204 0.000 0.000 0.000 0.000 0.000 0.000 2.030 15.030 28.030
0.000 0.000 0.000 0.000 77.401 76.343 90.271 90.172 91.322 91.344 96.118 95.963 88.890 90.564 88.396 74.270 63.168 37.072 0.000 0.000 0.000 23.711 41.579 41.446 48.315 36.187 26.065 31.964 41.901 44.905 8.039 0.000 0.000 0.000 35.824 29.824 29.817 28.806 24.794 18.785 19.781 0.000 0.000 0.000 0.000 0.000 0.291 0.352 0.000 0.000 0.000 0.000 0.000 0.000 17.211 11.210 12.209 12.209 14.208 0.000 0.000 0.000 0.000 2.202 23.201 1.198 0.000 0.000 0.000 0.000 0.000 0.000 0.000 0.000
0.000 0.000 0.000 16.634 77.542 89.468 90.394 91.363 93.507 96.408 96.266 88.219 89.971 86.611 75.500 64.341 36.254 0.000 0.000 0.000 25.966 46.845 32.722 24.600 38.480 50.365 38.260 41.174 42.126 29.125 35.174 14.236 0.000 0.000 27.819 23.817 30.811 25.803 17.794 16.786 20.782 0.000 0.000 0.000 0.000 0.000 0.000 15.404 0.000 0.000 0.000 0.000 0.000 0.000 0.000 14.207 12.207 12.206 12.205 20.204 0.000 0.000 0.000 0.000 4.198 15.196 21.195 0.000 0.000 0.000 0.000 0.000 0.000 0.000
0.000 0.000 0.000 59.726 85.664 91.599 90.479 90.716 88.762 96.542 88.519 90.273 84.831 73.752 48.622 0.000 0.000 0.000 0.000 26.190 47.089 33.979 22.866 22.751 24.640 35.534 50.435 41.346 26.307 34.294 36.297 10.298 0.000 0.000 52.816 39.814 28.808 22.801 18.793 15.784 16.780 10.777 0.000 0.000 0.000 0.000 0.000 0.000 0.000 0.000 0.000 0.000 0.000 0.000 0.000 16.205 12.205 12.204 12.203 14.202 0.000 0.000 0.000 0.000 0.000 12.194 15.194 0.000 0.000 0.000 0.000 0.000 0.000 0.000
0.000 0.000 62.988 59.879 65.799 80.700 91.854 88.891 96.793 96.671 89.456 85.133 73.977 52.862 0.000 0.000 8.301 0.000 0.000 51.292 34.219 23.119 24.010 22.901 25.796 39.698 48.600 49.469 33.462 29.446 40.424 14.361 0.000 0.000 0.000 0.000 0.000 0.000 0.000 19.778 26.776 27.774 13.773 0.000 0.000 0.000 0.000 0.000 0.000 0.000 0.000 0.000 0.000 0.000 0.000 16.203 15.203 18.203 13.202 10.201 19.199 0.000 0.000 0.000 0.000 26.193 31.194 0.000 0.000 0.000 0.000 0.000 0.000 0.000
0.000 2.204 64.097 61.006 61.924 71.890 88.037 97.024 96.910 88.752 85.507 73.169 47.085 0.000 0.000 25.334 24.302 6.256 0.000 39.467 23.379 24.268 23.155 24.046 38.946 44.860 8.799 0.000 51.625 37.607 15.593 0.000 0.000 0.000 0.000 0.000 0.000 0.000 0.000 37.774 31.773 28.772 24.771 0.000 0.000 0.000 0.000 0.000 0.000 0.000 0.000 0.000 0.000 0.000 4.199 13.200 0.000 0.000 0.000 13.199 17.198 0.000 0.000 0.000 0.000 30.193 0.000 0.000 0.000 0.000 0.000 0.000 0.000 0.000
77.375 65.299 62.210 60.131 61.005 62.237 66.288 97.135 88.006 83.757 73.340 47.290 0.000 0.000 0.000 29.366 27.316 47.212 31.011 23.731 24.560 23.421 26.296 46.182 43.082 23.999 19.938 24.911 52.806 49.763 13.749 0.000 0.000 0.000 0.000 0.000 0.000 0.000 0.000 44.772 44.771 39.770 30.770 0.000 0.000 0.000 0.000 0.000 0.000 0.000 0.000 0.000 0.000 0.000 16.199 18.199 0.000 0.000 0.000 16.198 17.198 0.000 0.000 0.000 0.000 1.192 0.000 0.000 0.000 0.000 0.000 0.000 0.000 0.000
75.452 89.395 81.322 66.221 67.371 59.409 97.342 97.240 66.890 71.559 47.452 0.000 0.000 0.000 0.000 31.450 44.385 42.264 24.090 23.887 23.711 34.560 46.425 35.306 24.202 24.115 24.044 24.989 33.927 51.892 47.890 8.943 0.000 0.000 0.000 0.000 0.000 0.000 0.000 30.770 32.769 44.768 45.768 1.766 0.000 0.000 0.000 0.000 0.000 0.000 0.000 0.000 0.000 8.197 18.198 0.000 0.000 0.000 0.000 17.197 15.197 0.000 0.000 0.000 0.000 0.000 0.000 0.000 0.000 0.000 0.000 0.000 0.000 0.000
88.586 91.509 91.434 86.400 76.547 97.540 97.441 59.041 53.828 0.000 0.000 0.000 0.000 0.000 0.000 42.599 47.509 23.371 25.199 25.014 36.839 45.681 27.540 24.415 24.306 24.213 24.137 24.074 24.021 32.988 52.979 45.996 20.025 11.036 15.038 0.000 0.000 0.000 0.000 0.000 10.768 50.767 50.766 11.766 0.000 0.000 0.000 0.000 0.000 0.000 0.000 0.000 0.000 0.000 0.000 0.000 0.000 0.000 0.000 0.000 24.196 0.000 0.000 0.000 0.000 0.000 0.000 0.000 0.000 0.000 0.000 0.000 0.000 0.000
91.699 91.629 91.507 95.741 86.791 97.637 59.114 61.783 56.543 0.000 0.000 0.000 0.000 0.000 36.016 47.839 24.683 25.511 25.323 33.132 45.951 23.787 24.640 24.509 24.395 24.297 24.215 24.149 24.096 24.060 28.041 29.038 24.043 25.045 32.041 14.040 0.000 0.000 0.000 0.000 0.000 5.766 41.765 4.765 0.000 0.000 0.000 0.000 0.000 0.000 0.000 0.000 0.000 0.000 0.000 0.000 0.000 0.000 0.000 0.000 0.000 0.000 0.000 0.000 0.000 0.000 0.000 0.000 0.000 0.000 0.000 0.000 0.000 0.000
87.812 91.716 92.870 89.908 97.824 97.731 63.723 48.084 0.000 0.000 0.000 0.000 0.000 0.000 53.193 30.059 25.874 25.666 27.450 48.241 28.048 24.875 24.723 24.588 24.468 24.365 24.279 24.210 24.156 24.116 23.089 22.072 25.064 7.061 0.000 0.000 0.000 0.000 0.000 0.000 0.000 0.000 34.764 22.764 0.000 0.000 0.000 0.000 0.000 0.000 0.000 0.000 0.000 0.000 0.000 0.000 0.000 0.000 0.000 0.000 0.000 0.000 0.000 0.000 0.000 0.000 0.000 0.000 0.000 0.000 0.000 0.000 0.000 0.000
66.922 70.894 67.044 98.010 97.917 75.300 56.385 47.147 0.000 0.000 0.000 0.000 0.000 0.000 28.504 24.329 24.091 22.828 35.572 28.335 22.124 22.944 22.789 22.651 22.525 23.416 24.327 24.257 24.202 23.159 21.125 23.099 23.082 20.073 10.072 13.069 15.067 14.065 16.064 0.000 0.000 0.000 0.000 31.763 3.763 0.000 0.000 0.000 0.000 0.000 0.000 0.000 0.000 0.000 0.000 0.000 0.000 0.000 0.000 0.000 0.000 0.000 0.000 0.000 0.000 0.000 0.000 0.000 0.000 0.000 0.000 0.000 0.000 0.000
103.994 69.234 99.286 98.100 57.926 48.483 0.000 62.248 20.309 0.000 0.000 0.000 0.000 72.377 50.992 21.662 29.333 39.985 38.674 34.403 32.169 31.988 31.839 30.703 24.566 20.447 24.357 24.288 24.236 23.194 23.156 27.115 27.092 28.080 38.074 38.070 34.067 27.065 26.063 5.062 0.000 0.000 0.000 0.000 0.000 0.000 0.000 0.000 0.000 0.000 0.000 0.000 0.000 0.000 0.000 0.000 0.000 0.000 0.000 0.000 0.000 0.000 0.000 0.000 0.000 0.000 0.000 0.000 0.000 0.000 0.000 0.000 0.000 0.000
108.788 106.828 98.267 98.186 86.027 0.000 29.268 57.268 130.372 105.759 0.000 19.141 8.951 70.762 30.425 27.995 99.595 90.106 85.738 85.434 84.162 83.001 81.876 80.756 51.590 18.450 24.365 24.305 24.260 24.225 16.190 0.000 0.000 0.000 0.000 0.000 0.000 0.000 43.062 22.061 0.000 0.000 0.000 0.000 0.000 0.000 0.000 0.000 0.000 0.000 0.000 0.000 0.000 0.000 0.000 0.000 0.000 0.000 0.000 0.000 0.000 0.000 0.000 0.000 0.000 0.000 0.000 0.000 0.000 0.000 0.000 0.000 0.000 0.000
107.953 98.417 98.344 82.595 0.000 0.000 0.000 0.601 51.153 39.145 0.000 1.631 0.000 30.295 26.953 36.298 91.946 0.000 0.000 0.000 28.044 36.979 97.908 10.854 0.000 28.399 24.348 24.306 25.276 7.256 0.000 0.000 0.000 0.000 0.000 0.000 0.000 0.000 0.000 43.061 0.000 0.000 0.000 0.000 0.000 0.000 0.000 0.000 0.000 0.000 0.000 0.000 0.000 0.000 0.000 0.000 0.000 0.000 0.000 0.000 0.000 0.000 0.000 0.000 0.000 0.000 0.000 0.000 0.000 0.000 0.000 0.000 0.000 0.000
107.181 98.486 107.096 108.941 29.229 0.000 5.953 32.953 42.905 20.525 0.000 23.191 68.872 67.172 59.795 0.000 10.945 0.000 0.000 10.990 38.991 83.962 46.926 11.899 0.000 0.000 30.323 24.298 25.280 6.269 0.000 0.000 0.000 0.000 0.000 0.000 0.000 0.000 0.000 0.000 0.000 0.000 0.000 0.000 0.000 0.000 0.000 0.000 0.000 0.000 0.000 0.000 0.000 0.000 0.000 0.000 0.000 0.000 0.000 0.000 0.000 0.000 0.000 0.000 0.000 0.000 0.000 0.000 0.000 0.000 0.000 0.000 0.000 0.000
98.609 98.550 87.608 30.371 0.000 0.000 0.000 0.000 19.989 0.000 0.000 16.702 60.252 113.725 49.260 0.000 0.000 0.000 0.000 0.000 52.968 87.954 17.935 14.916 0.000 0.000 0.000 29.283 23.277 21.272 19.270 7.269 0.000 0.000 0.000 0.000 0.000 0.000 0.000 0.000 0.000 0.000 0.000 0.000 0.000 0.000 0.000 0.000 0.000 0.000 0.000 0.000 0.000 0.000 0.000 0.000 0.000 0.000 0.000 0.000 0.000 0.000 0.000 0.000 0.000 0.000 0.000 0.000 0.000 0.000 0.000 0.000 0.000 0.000
