results4_8e4_rain/res_4e8f-0231.wd
ncols         241
nrows         181
xllcorner     12693529.787448
yllcorner     3542525.717860
cellsize      155.156523
NODATA_value  -9999.000000
[rows 33 to 65 of 181, columns 146 to 218 of 241]
65.026 64.241 63.966 64.602 31.260 42.929 64.613 58.298 36.873 0.000 0.000 36.981 12.981 17.981 33.982 58.986 45.985 11.983 0.000 0.912 50.899 58.885 16.862 43.836 35.815 36.792 40.756 49.719 67.680 58.651 53.623 48.601 49.582 49.565 48.549 47.533 46.515 54.497 64.478 56.462 56.447 54.432 33.418 47.406 55.397 0.000 25.977 30.950 54.881 52.824 57.770 67.719 60.678 55.658 10.648 0.000 38.600 38.590 45.586 23.590 0.000 0.000 0.000 0.000 0.000 0.000 0.000 0.000 0.000 0.000 0.000 0.000 0.000
64.979 64.724 64.377 65.046 42.723 60.419 63.151 56.959 0.000 0.000 14.981 38.981 0.000 0.000 0.000 42.996 42.991 50.981 13.961 63.936 51.910 38.888 47.864 38.839 36.814 36.787 35.756 37.723 65.690 63.660 63.633 65.610 58.589 60.570 59.552 59.535 59.518 60.500 64.484 62.468 63.454 58.441 35.430 34.421 7.415 0.000 22.922 36.905 44.870 39.820 45.767 58.710 58.676 56.657 14.647 0.000 0.000 43.574 15.570 0.000 0.000 0.000 0.000 0.000 2.453 45.447 44.440 46.434 36.429 39.425 6.423 0.000 0.000
65.461 65.123 64.800 64.479 64.168 64.874 56.612 43.427 0.000 0.000 0.000 6.981 0.000 0.000 0.000 40.011 37.002 49.988 54.968 46.944 55.919 53.894 34.868 35.842 36.815 36.787 48.757 52.726 56.696 49.667 46.640 56.616 30.594 37.574 32.555 32.537 32.520 35.503 61.488 50.473 48.460 50.448 35.439 37.432 17.428 0.000 32.883 89.877 14.873 0.000 0.000 7.678 59.661 58.646 17.636 0.000 0.000 40.560 37.551 39.532 37.516 45.503 51.489 43.475 65.459 72.447 70.439 55.433 35.428 34.424 38.421 8.419 0.000
65.859 65.538 65.216 64.902 65.597 60.298 41.995 32.711 41.711 0.000 0.000 0.000 0.000 0.000 0.000 37.033 36.019 39.000 34.978 45.953 48.927 51.900 40.873 35.845 35.817 35.789 60.759 66.730 48.700 42.671 42.644 43.619 40.597 40.576 40.557 41.539 44.522 41.506 62.490 54.477 52.464 52.454 34.445 48.439 74.436 0.000 24.850 77.847 0.000 0.000 0.000 9.661 59.645 57.631 35.615 40.589 38.570 36.556 36.543 36.528 35.515 42.502 49.490 36.478 54.461 72.445 68.436 48.430 33.425 33.421 38.418 6.417 0.000
66.276 65.947 65.626 65.316 62.019 47.725 36.360 0.000 0.000 0.000 0.000 41.183 4.170 10.146 2.114 36.070 37.042 37.016 35.990 35.963 41.935 34.907 34.878 36.849 35.820 34.791 58.762 55.733 63.704 67.674 66.646 61.621 57.599 59.578 55.558 59.540 59.523 60.507 64.492 62.479 63.467 59.457 34.450 46.444 68.442 0.000 19.820 80.813 0.000 0.000 0.000 0.000 56.627 59.618 38.603 36.582 36.565 36.550 36.536 36.524 35.511 42.501 51.492 7.485 0.000 30.435 73.431 49.426 33.421 33.418 37.415 4.413 0.000
66.689 66.349 66.024 65.717 55.437 37.223 0.000 0.000 0.000 0.000 39.213 42.197 55.179 55.155 43.126 36.092 36.062 37.033 37.004 35.974 34.944 35.914 35.884 35.853 34.823 43.793 62.764 41.736 55.709 32.676 65.644 55.620 54.598 54.578 51.558 56.540 57.522 57.506 64.492 62.479 59.468 59.458 34.451 48.447 67.444 0.000 5.797 73.773 0.000 0.000 0.000 0.000 60.618 59.611 35.596 37.573 36.556 37.542 37.530 37.518 38.507 46.498 26.491 0.000 0.000 31.430 73.427 54.422 41.417 35.413 38.410 5.408 0.000
67.099 66.738 67.403 60.093 47.791 37.507 0.000 0.000 0.000 0.000 36.228 53.214 47.194 36.170 38.142 38.111 36.080 35.049 37.018 35.986 36.954 36.921 36.889 35.857 35.825 55.795 55.766 55.739 55.718 0.000 37.635 35.618 36.597 36.577 37.557 41.538 44.521 42.505 62.490 56.477 50.466 52.458 35.451 47.447 66.444 0.000 0.000 46.710 37.685 0.000 0.000 0.000 54.616 37.614 0.000 32.559 38.545 42.533 49.522 49.511 49.501 51.492 23.485 0.000 15.433 79.429 72.423 74.418 62.412 37.407 38.403 6.401 0.000
67.497 67.099 66.756 52.460 4.125 0.064 0.000 0.000 0.000 14.282 52.257 47.236 37.214 38.188 38.160 38.130 38.098 36.066 35.032 34.998 36.964 35.929 35.894 34.860 36.827 51.795 42.765 51.736 52.708 11.674 11.642 51.618 50.596 50.575 50.554 52.535 52.518 53.502 65.487 61.474 56.463 58.454 34.448 43.444 71.443 0.000 0.000 105.672 74.659 41.640 28.631 0.000 0.000 0.000 0.000 0.000 35.531 44.524 48.515 47.505 50.494 52.483 38.471 43.453 59.438 74.428 72.421 72.413 60.407 37.400 37.395 13.391 0.000
67.867 68.407 60.064 42.865 0.000 0.000 0.000 2.348 2.334 59.307 53.283 37.260 38.236 38.209 38.181 38.150 38.117 38.083 35.048 36.011 35.974 35.936 36.898 35.862 35.827 38.794 43.762 55.732 42.702 54.672 59.643 52.617 61.594 51.571 52.551 55.531 54.513 53.497 63.482 59.469 47.458 46.449 35.443 42.440 71.439 0.000 0.000 96.648 86.641 63.630 32.622 0.000 0.000 8.551 3.547 0.000 6.523 55.517 47.508 41.498 38.487 53.476 40.464 42.450 50.437 71.426 73.417 71.409 57.401 37.393 34.385 38.377 32.366
76.156 73.597 46.227 36.072 0.000 0.000 4.372 37.361 51.348 52.329 46.308 41.285 38.260 38.233 38.203 38.171 37.137 40.102 45.064 41.025 35.984 36.943 35.902 35.863 35.826 35.791 42.759 43.728 41.697 48.668 47.640 42.614 54.590 34.567 42.546 49.526 48.507 42.491 61.475 54.462 34.450 33.441 36.435 38.432 42.436 0.000 0.000 74.630 54.625 91.616 77.605 13.585 14.569 65.555 39.544 37.532 37.522 39.512 50.503 44.492 12.481 65.470 53.458 49.445 47.433 58.422 74.413 66.403 49.394 38.386 34.377 41.367 65.354
0.000 0.000 25.175 43.124 0.000 0.000 39.383 49.377 63.368 47.353 46.334 46.312 39.287 38.259 38.228 38.195 45.159 53.122 54.083 46.040 40.995 35.949 34.904 35.861 39.822 36.787 35.754 34.722 40.692 41.663 40.635 41.609 43.584 36.561 42.539 47.519 49.500 45.483 61.467 55.452 37.440 36.430 36.423 32.418 0.000 0.000 0.000 30.618 49.614 49.606 83.596 98.582 91.567 59.554 45.542 46.530 46.519 49.509 71.498 89.487 98.476 97.464 99.452 98.440 92.429 86.418 78.407 61.398 44.388 35.379 36.369 49.359 68.347
19.329 0.000 0.000 0.000 0.000 10.398 42.398 62.398 54.392 57.381 54.364 44.343 37.317 38.288 38.256 49.221 54.184 50.145 45.104 42.058 45.006 39.954 39.904 35.856 40.815 34.780 35.747 36.715 35.685 35.656 35.629 35.602 34.578 35.554 35.532 39.511 45.491 44.473 62.456 56.441 35.428 36.417 36.408 35.399 10.388 0.000 0.000 34.609 60.606 49.599 51.590 66.578 77.565 87.552 89.540 95.528 98.516 98.505 97.494 93.482 84.471 82.459 84.447 87.435 89.424 90.413 88.402 92.392 84.382 51.372 38.362 57.352 74.341
58.780 17.654 0.000 0.000 7.368 43.397 59.415 52.423 44.423 52.414 56.399 57.377 47.351 36.320 46.286 55.248 45.209 37.170 37.130 39.084 7.016 7.957 6.901 32.843 36.804 38.770 38.738 35.707 35.677 36.649 35.621 35.595 35.569 36.545 35.523 35.501 35.481 38.462 55.444 54.428 36.414 36.402 36.392 37.383 38.377 0.000 0.000 33.604 51.601 52.595 64.587 51.576 31.563 35.550 71.537 95.525 79.513 74.501 77.489 70.478 56.466 45.454 36.442 34.430 35.418 45.407 43.396 38.385 77.375 92.365 70.355 68.345 72.335
0.000 33.528 11.952 6.191 42.339 52.408 59.442 43.458 46.461 44.454 42.439 50.417 55.389 50.356 54.318 43.278 37.236 38.196 38.160 46.134 0.000 0.000 0.000 29.810 38.788 49.759 50.729 45.698 41.669 43.640 39.612 38.586 36.560 35.536 35.512 36.490 35.469 35.449 38.431 47.414 35.398 35.385 36.374 35.365 4.361 0.000 0.000 14.601 12.599 66.594 50.586 35.575 49.561 51.547 97.534 78.522 61.509 43.497 34.485 35.473 36.461 37.449 37.436 37.424 36.412 34.401 33.390 34.379 42.368 79.358 87.348 72.338 71.329
0.000 20.977 44.136 46.282 45.388 60.453 45.489 39.505 41.509 40.502 37.486 36.463 51.432 58.396 61.354 49.308 39.261 36.217 44.181 10.158 0.000 0.000 0.000 32.800 42.778 49.750 50.719 50.689 52.659 60.630 58.602 54.575 52.550 48.525 42.501 37.478 35.456 36.435 35.416 40.397 33.380 34.365 35.353 37.344 58.339 0.000 0.000 0.000 28.600 70.595 30.588 39.577 30.560 69.543 87.530 47.518 35.506 37.493 37.481 37.468 37.456 37.443 34.431 34.418 33.406 34.394 34.383 34.372 50.362 65.352 38.341 98.330 70.321
0.000 21.268 44.334 37.413 56.480 56.526 51.554 42.566 36.567 37.558 38.541 49.515 52.482 44.441 47.394 56.340 57.283 47.230 4.190 0.000 5.940 4.904 37.858 43.811 47.775 46.742 47.710 47.678 45.648 52.619 53.591 53.564 54.538 51.513 50.489 51.465 42.443 37.420 38.399 35.379 36.360 35.344 34.329 36.318 51.312 0.000 0.000 0.000 28.605 72.600 34.593 10.585 0.000 15.534 54.526 36.515 37.503 35.490 35.477 35.464 34.451 33.438 34.425 34.412 33.400 34.387 33.376 32.365 35.354 31.345 27.336 91.320 100.309
0.000 18.493 38.519 48.556 58.592 49.618 49.634 51.639 49.635 40.623 46.603 55.575 44.539 37.494 36.439 42.374 52.302 59.230 23.158 15.067 40.976 40.913 35.859 44.810 49.770 50.734 46.700 46.667 38.636 35.607 35.579 35.552 34.526 32.501 39.476 53.452 52.428 51.405 46.382 37.360 35.339 36.319 35.302 35.288 36.279 0.000 0.000 0.000 43.617 10.605 14.599 0.000 0.000 0.000 33.524 13.513 16.500 33.486 32.473 32.460 33.446 35.433 35.419 35.406 34.393 34.380 32.368 32.356 33.346 21.338 0.000 11.307 94.294
0.000 17.692 41.692 60.701 51.712 48.721 48.725 49.721 48.712 50.696 55.674 44.644 38.606 38.557 38.495 37.416 38.321 44.229 61.147 59.066 37.985 36.915 35.853 36.802 48.760 46.723 57.688 45.653 38.622 36.593 37.566 36.539 41.513 49.488 45.463 39.438 45.413 55.388 52.364 51.339 42.316 35.293 35.271 36.252 34.237 0.000 0.000 43.645 31.640 0.000 0.000 45.547 40.546 39.541 31.532 0.000 0.000 38.479 35.469 35.456 35.442 35.427 35.413 35.399 35.385 35.372 35.359 34.347 35.335 37.323 27.310 0.000 36.276
5.982 30.891 55.857 51.843 40.836 45.830 50.821 45.810 51.795 57.776 49.751 37.721 36.682 38.633 38.567 42.473 43.337 37.217 48.136 44.063 40.985 37.907 34.838 41.785 45.744 47.711 38.678 65.635 53.605 43.578 35.552 41.526 60.500 70.475 63.449 40.423 42.397 45.371 49.345 54.318 52.292 48.265 37.238 34.211 41.180 47.137 0.000 18.651 39.657 0.000 0.000 15.549 35.550 35.544 35.532 40.518 39.501 35.483 34.468 35.453 35.438 35.422 35.407 35.392 35.378 35.364 35.351 35.337 34.324 34.311 35.296 38.278 34.267
18.072 52.034 58.002 42.978 37.958 39.940 41.922 52.902 56.882 67.860 66.835 59.805 48.770 37.727 40.669 7.571 0.000 36.167 42.117 39.066 1.984 35.889 39.805 56.757 55.722 58.697 0.000 30.604 70.585 64.562 50.537 56.512 74.487 74.462 72.436 41.409 47.382 47.355 49.327 37.298 46.268 52.238 51.206 50.173 63.136 72.094 5.050 0.000 29.680 54.703 0.000 0.000 58.562 39.551 39.536 39.519 39.502 40.484 34.467 33.451 37.434 34.416 34.400 34.384 34.370 35.355 34.341 33.327 33.314 33.300 33.285 33.271 32.258
17.200 63.172 49.139 38.107 38.079 38.051 51.023 48.995 65.972 80.948 77.923 74.895 69.866 60.835 51.810 0.000 0.000 0.000 30.099 41.085 0.000 0.000 32.738 50.715 49.688 64.659 36.618 37.593 70.570 75.547 71.523 70.499 73.474 73.449 74.423 53.396 45.368 47.339 47.309 37.278 46.245 40.211 59.176 30.138 69.098 91.054 62.006 31.955 0.000 32.725 0.000 34.613 94.585 47.563 49.542 49.522 45.503 46.484 38.466 33.450 15.431 34.408 34.392 37.376 40.361 50.346 40.332 35.318 36.303 36.289 36.275 36.261 36.248
49.355 53.316 47.274 45.235 40.198 52.162 46.125 59.084 37.061 7.038 58.014 76.988 75.962 76.939 59.925 0.000 0.000 0.000 24.094 47.089 0.000 0.000 29.693 44.678 39.657 66.632 77.603 77.578 73.555 73.533 73.510 74.486 73.462 73.437 73.411 67.383 42.355 44.324 42.292 37.259 48.223 49.186 52.148 9.107 54.063 90.016 59.965 77.904 38.821 24.748 36.696 92.641 80.603 52.573 46.547 48.524 42.503 36.483 34.465 32.451 0.000 40.395 48.383 56.368 63.353 72.337 61.322 41.308 35.293 36.279 36.264 36.251 36.237
60.538 49.464 49.407 45.359 52.316 49.275 52.229 76.154 63.149 46.130 67.106 76.080 75.055 74.035 54.025 0.000 0.000 0.000 0.000 2.089 0.000 0.000 35.662 44.649 55.630 71.608 73.585 73.562 73.540 73.519 73.497 73.474 73.450 73.426 73.400 73.372 59.343 49.311 42.278 35.242 39.204 39.163 44.121 63.078 49.032 83.984 69.932 76.875 83.811 69.751 74.699 83.651 59.612 60.579 46.550 45.525 37.501 34.479 35.459 37.438 51.413 57.393 75.376 74.360 73.344 72.328 72.313 62.297 40.282 35.268 36.253 36.240 36.226
51.673 39.595 41.531 53.478 50.432 50.393 20.364 0.000 55.251 81.228 76.199 75.170 77.143 59.122 45.115 29.141 0.000 0.000 0.000 0.000 0.000 0.000 41.643 58.625 70.605 73.585 73.565 73.545 73.525 73.505 73.484 73.463 73.440 73.416 73.391 73.363 74.333 68.301 60.265 52.227 50.186 53.142 44.097 61.051 40.004 81.956 14.905 35.853 70.798 42.745 33.697 89.653 53.614 57.580 55.550 36.523 34.498 35.475 35.452 43.431 64.408 75.388 72.369 72.352 72.335 69.318 68.302 66.287 65.271 39.257 35.242 35.228 35.214
41.786 38.710 51.645 51.589 46.541 66.501 20.470 29.457 69.377 76.331 75.293 75.258 75.226 51.196 51.171 62.166 0.000 0.000 0.000 0.000 0.000 0.000 0.000 8.603 67.581 79.563 74.546 73.528 73.510 73.492 73.473 73.453 73.431 73.408 73.383 73.356 73.326 74.293 75.256 72.215 72.170 75.122 55.073 61.025 34.977 75.929 11.881 13.832 66.783 36.736 46.691 80.650 61.612 53.578 57.548 34.520 35.494 34.469 36.446 46.423 67.402 68.381 73.362 72.343 67.326 64.308 68.292 73.276 72.260 61.245 42.230 41.216 40.202
37.888 51.815 52.750 40.693 51.642 72.598 65.559 71.523 77.471 75.425 75.383 75.344 72.305 56.266 6.208 2.187 0.000 0.000 0.000 0.000 0.000 0.000 0.000 0.000 12.553 24.541 65.527 74.512 73.496 73.480 73.462 73.444 73.424 73.402 73.378 75.352 74.322 74.289 73.250 75.206 74.157 74.104 64.049 61.998 38.950 50.903 80.857 59.812 67.767 36.723 64.681 58.642 61.606 49.573 43.542 35.514 35.487 35.462 43.438 48.416 49.394 54.373 62.353 60.334 61.316 72.298 72.281 72.264 72.249 73.233 67.218 63.204 61.190
52.983 52.912 41.848 37.789 52.737 71.690 77.647 76.604 75.559 75.514 75.471 76.428 67.386 60.353 0.000 0.000 0.000 0.000 0.000 0.000 0.000 0.000 0.000 0.000 21.536 41.520 68.508 74.496 73.483 73.468 73.453 73.436 73.418 73.398 75.376 75.351 75.323 67.290 72.250 75.204 78.148 76.086 70.022 65.968 53.921 37.876 85.833 68.791 70.749 35.708 81.669 45.632 26.597 43.565 34.535 35.506 34.479 43.454 49.430 48.407 48.385 47.363 40.343 36.324 66.305 72.287 72.269 72.253 72.236 72.221 73.205 73.191 73.176
50.071 41.002 38.938 36.880 53.827 73.778 75.733 75.689 75.645 75.602 75.559 77.512 56.459 54.406 0.000 0.000 0.000 0.000 0.000 0.000 0.000 0.000 0.000 0.000 0.000 55.496 74.490 73.481 73.470 73.458 73.445 73.430 75.414 74.396 74.376 74.354 68.328 46.297 62.257 72.211 23.143 14.072 47.985 54.932 63.889 50.848 71.808 89.769 74.730 41.692 83.655 7.620 19.587 32.555 35.525 35.497 37.470 47.445 45.420 46.397 48.375 51.353 45.333 46.313 62.294 72.275 72.257 72.240 72.224 72.208 72.192 72.177 72.163
41.154 39.087 44.024 48.966 63.913 75.863 75.817 75.773 75.731 75.690 75.650 76.604 63.531 0.000 0.000 0.000 0.000 0.000 3.442 40.442 1.442 19.442 0.000 0.000 0.000 30.477 65.474 72.468 73.460 73.450 73.438 73.425 75.411 73.396 73.379 73.360 57.339 53.312 15.270 17.241 0.000 0.000 32.913 39.887 61.854 47.819 52.783 95.746 78.710 57.674 67.639 17.606 62.574 39.543 35.514 35.486 37.460 46.434 57.410 57.386 59.364 65.342 60.321 71.301 72.282 72.263 72.245 72.227 72.210 72.194 72.178 72.163 72.149
42.232 39.166 46.105 65.047 75.994 75.945 75.899 75.856 75.816 75.779 75.746 81.721 0.000 0.000 0.000 0.000 0.000 0.000 40.442 52.442 39.442 54.443 50.443 0.000 20.455 52.461 59.461 70.457 73.451 73.442 73.433 74.422 73.410 73.397 73.383 69.369 58.355 63.344 0.000 0.000 0.000 16.861 49.868 41.850 59.822 35.791 37.758 85.724 84.690 76.655 62.622 62.590 51.559 46.530 35.502 35.474 35.448 45.423 67.399 74.375 73.352 73.330 65.309 72.289 72.269 72.250 72.231 72.214 72.197 72.180 72.164 72.149 72.134
40.306 38.242 53.181 73.124 77.072 76.023 75.978 75.936 75.898 75.863 75.834 82.814 0.000 0.000 0.000 0.000 0.000 0.000 29.442 49.442 49.442 48.442 51.443 35.445 43.449 51.452 51.452 68.449 74.443 73.437 73.429 73.420 73.410 73.399 74.388 66.378 62.369 56.363 0.000 0.000 0.000 9.855 13.848 41.821 60.793 37.765 33.734 72.702 89.669 86.636 67.604 46.573 45.544 46.516 37.488 34.462 35.436 38.411 49.386 69.363 72.340 72.318 64.296 72.275 72.255 72.236 72.217 72.199 72.182 72.165 72.149 72.134 72.119
39.377 41.313 61.253 77.198 76.146 76.098 76.053 76.013 75.975 75.942 77.912 75.887 0.000 0.000 0.000 0.000 0.000 0.000 15.442 54.442 60.442 65.442 56.442 55.443 49.445 45.446 56.445 70.442 73.438 73.432 76.426 74.418 73.410 73.402 73.393 68.385 60.379 55.377 30.381 0.000 0.000 0.000 0.000 3.793 52.765 38.740 34.713 67.681 98.648 79.615 58.584 49.555 51.527 49.500 44.474 33.448 35.423 34.398 38.373 57.350 72.327 72.304 64.283 72.262 72.241 72.222 72.203 72.185 72.167 72.150 72.134 72.118 72.103
39.444 49.381 69.322 77.267 76.215 76.168 76.125 76.086 76.050 77.017 74.985 62.936 46.936 0.000 0.000 0.000 0.000 0.000 17.442 55.442 64.442 64.441 68.441 70.441 53.441 52.441 67.440 73.437 73.434 73.429 74.424 73.417 73.411 73.404 73.397 71.391 59.387 60.384 54.384 0.384 0.000 0.000 0.000 0.000 38.733 38.719 32.695 77.663 65.625 71.593 41.563 61.536 55.510 48.484 48.459 39.434 34.409 35.384 34.360 46.336 69.313 71.290 65.268 72.247 73.226 72.207 72.188 72.169 72.151 72.134 72.118 72.102 72.087
