results4_8e4_rain/res_4e8f-0236.wd
ncols         241
nrows         181
xllcorner     12693529.787448
yllcorner     3542525.717860
cellsize      155.156523
NODATA_value  -9999.000000
[rows 33 to 65 of 181, columns 73 to 145 of 241]
0.000 0.000 0.000 0.000 0.000 0.000 0.000 0.000 0.000 0.000 0.000 0.000 0.000 0.000 0.000 0.000 0.000 0.000 0.000 0.000 0.000 0.000 0.000 0.000 0.000 0.000 0.000 0.000 0.000 0.000 0.000 0.000 0.000 0.000 0.000 0.000 0.000 0.000 0.000 39.984 62.986 67.987 23.990 0.000 0.000 33.066 47.094 14.073 5.073 37.094 40.109 34.107 35.087 36.051 35.997 35.923 35.829 34.711 40.556 60.317 6.828 14.934 12.208 47.361 63.817 68.345 66.905 67.505 66.039 68.123 63.177 62.786 62.775
0.000 0.000 0.000 0.000 0.000 0.000 0.000 0.000 0.000 0.000 0.000 0.000 0.000 0.000 0.000 0.000 0.000 0.000 0.000 0.000 0.000 0.000 0.000 0.000 0.000 0.000 0.000 0.000 0.000 0.000 0.000 0.000 0.000 0.000 0.000 0.000 0.000 0.000 0.000 0.000 14.986 9.987 0.000 0.000 0.000 0.000 29.186 0.000 0.000 27.135 51.176 50.180 40.162 36.125 36.068 35.988 35.886 34.765 56.628 54.473 0.000 37.767 50.329 63.753 68.231 67.752 67.321 66.828 67.886 63.903 63.203 63.456 65.755
0.000 0.000 0.000 0.000 0.000 0.000 0.000 0.000 0.000 0.000 0.000 0.000 0.000 0.000 0.000 0.000 0.000 0.000 35.396 67.396 20.396 0.000 0.000 0.000 0.000 0.000 0.000 0.000 0.000 0.000 0.000 0.000 0.000 0.000 0.000 0.000 0.000 0.000 0.000 0.000 0.000 0.000 0.000 0.000 0.000 0.000 21.277 0.000 0.000 0.000 29.279 47.274 47.256 38.221 36.161 36.075 33.962 49.834 58.720 0.000 23.427 48.036 62.589 69.091 68.597 68.141 67.620 69.651 65.637 63.747 64.145 66.469 65.712
0.000 0.000 0.000 0.000 0.000 0.000 0.000 0.000 0.000 0.000 0.000 22.398 60.398 0.398 0.000 0.000 0.000 0.000 42.396 93.396 49.396 0.000 0.000 0.000 0.000 0.000 0.000 0.000 0.000 0.000 0.000 0.000 0.000 0.000 0.000 0.000 0.000 0.000 0.000 0.000 0.000 0.000 0.000 0.000 0.000 0.000 24.369 25.410 32.428 18.426 28.388 36.380 49.369 40.340 36.282 33.187 44.055 53.888 42.697 18.353 47.818 65.361 69.901 69.421 68.956 68.415 68.419 67.380 64.403 64.850 67.187 66.438 66.203
0.000 0.000 0.000 0.000 0.000 0.000 0.000 0.000 0.000 0.000 0.000 43.398 78.398 67.398 54.398 9.398 3.397 27.397 81.396 89.396 54.396 0.000 0.000 0.000 0.000 23.457 2.457 0.000 0.000 0.000 0.000 0.000 0.000 0.000 0.000 0.000 0.000 7.457 0.000 0.000 0.000 11.456 29.455 0.000 0.000 40.432 55.419 58.433 56.448 42.460 36.470 35.488 49.499 40.488 32.439 46.338 60.182 47.966 35.829 50.542 55.132 67.691 70.227 69.765 69.212 69.191 67.135 65.168 65.573 67.919 67.178 66.947 66.612
0.000 0.000 0.000 0.000 0.000 0.000 0.000 0.000 0.000 0.000 0.000 14.398 76.398 59.398 40.398 2.398 23.397 73.397 84.396 91.396 50.395 0.000 0.000 0.000 0.457 61.457 45.457 0.000 0.000 0.000 0.000 0.000 0.000 0.000 0.000 0.457 24.457 36.457 38.457 0.000 0.000 20.456 45.455 24.454 38.451 61.445 64.444 65.453 62.471 49.498 36.542 33.602 50.652 41.674 45.648 63.543 57.368 0.000 34.111 52.855 65.477 71.039 70.582 70.023 69.977 67.910 66.059 66.317 68.665 67.935 67.711 67.378 67.044
0.000 0.000 0.000 0.000 0.000 0.000 0.000 0.000 0.000 0.000 0.000 0.000 0.000 27.398 65.398 61.398 49.398 62.397 82.396 93.395 46.394 0.000 0.000 0.000 0.000 23.457 47.457 49.457 0.000 0.000 0.000 0.000 0.000 0.000 0.000 0.000 40.457 41.457 53.457 36.457 25.457 39.456 40.456 36.455 43.454 50.454 48.456 41.466 60.485 26.520 42.597 45.728 35.831 47.908 60.937 57.818 0.349 9.060 45.649 62.288 70.884 71.422 70.869 70.795 67.723 67.116 67.090 69.430 68.711 68.498 68.173 67.841 67.481
0.000 0.000 0.000 0.000 0.000 0.000 0.000 0.000 0.000 0.000 0.000 0.000 0.000 17.398 84.398 79.398 69.398 59.398 83.397 91.395 86.392 71.389 26.386 0.000 0.000 0.000 3.457 57.457 41.457 39.457 50.457 45.457 8.457 0.000 0.000 4.457 40.457 39.457 60.457 66.457 55.457 47.457 39.457 36.457 37.457 38.459 37.462 35.470 43.482 4.501 0.000 4.882 41.037 64.191 62.373 1.658 7.748 45.466 59.133 68.777 72.316 71.878 72.654 68.608 68.416 67.910 70.220 69.508 69.302 68.991 68.675 68.325 67.933
0.000 0.000 0.000 0.000 0.000 0.000 0.000 0.000 0.000 0.000 0.000 0.000 0.000 0.000 17.399 56.399 31.399 67.399 86.398 91.395 89.392 87.387 76.383 35.380 0.380 0.000 0.000 13.457 52.457 52.457 65.457 63.457 56.457 51.457 0.000 0.000 7.457 44.457 63.457 70.457 62.457 46.458 35.458 36.458 36.459 36.461 36.464 36.469 40.474 0.000 0.000 0.000 11.242 48.447 17.907 15.170 50.110 54.918 66.661 73.269 73.123 71.365 69.695 70.083 68.813 71.055 70.332 70.120 69.817 69.521 69.205 68.850 68.419
0.000 0.000 0.000 0.000 0.000 0.000 0.000 0.000 0.000 0.000 0.000 0.000 0.000 0.000 0.000 2.400 88.401 88.401 90.400 90.397 89.392 83.386 77.380 48.377 0.000 0.000 0.000 0.000 0.000 20.457 65.457 59.457 74.457 71.457 50.457 29.457 30.457 39.457 61.458 70.458 61.458 44.458 34.458 39.459 38.461 36.462 36.465 36.467 37.469 29.469 0.000 0.000 0.000 0.000 9.637 52.673 55.601 63.459 74.183 74.296 72.658 74.553 72.317 69.856 71.968 71.205 70.962 70.646 70.355 70.066 69.775 69.453 68.016
0.000 0.000 0.000 0.000 0.000 0.000 23.377 46.374 0.000 24.315 64.305 53.292 57.281 32.275 0.000 0.000 24.403 96.404 90.404 87.400 84.393 87.383 78.375 41.370 0.000 0.000 0.000 0.000 0.000 0.000 0.000 9.457 63.457 64.457 15.457 0.000 6.457 43.458 61.458 66.458 56.458 47.458 45.459 7.460 14.461 42.463 36.465 36.467 37.468 43.468 51.468 13.468 0.000 0.000 25.332 58.284 62.176 72.986 75.202 74.834 78.110 76.691 71.198 73.006 72.154 71.847 71.491 71.178 70.885 70.616 70.374 70.170 76.026
0.000 0.000 0.000 0.000 0.000 0.000 23.380 66.371 8.351 58.326 60.307 72.290 55.277 40.268 0.000 0.000 12.405 81.407 93.412 90.407 90.395 91.381 85.367 39.358 0.000 0.000 0.000 0.000 0.000 0.000 0.000 0.000 0.000 48.457 7.457 0.000 2.458 49.458 46.458 58.458 15.458 0.000 0.000 0.000 0.000 8.464 46.465 40.466 3.467 33.468 67.468 50.468 3.468 0.000 30.084 63.923 72.825 75.946 75.701 79.870 79.124 72.553 74.122 73.173 72.780 72.365 72.008 71.684 71.392 71.138 70.937 70.826 75.892
21.641 65.635 55.630 0.000 0.000 0.000 17.391 77.379 53.356 55.330 61.306 85.285 86.268 81.253 35.239 0.000 0.000 0.000 41.432 95.420 90.401 91.377 88.353 47.337 0.000 0.000 0.000 0.000 0.000 0.000 0.000 0.000 0.000 6.457 0.000 0.000 0.000 0.000 0.000 0.000 0.000 0.000 0.000 0.000 0.000 0.000 0.000 21.467 18.467 0.000 0.000 0.000 0.000 19.497 56.913 73.866 75.542 76.475 80.822 80.425 73.582 75.143 74.184 73.731 73.261 72.856 72.488 72.157 71.861 71.607 71.409 71.305 74.371
21.642 77.634 59.624 55.613 0.000 0.000 4.416 69.397 71.365 71.333 83.302 80.277 92.255 91.237 52.225 0.000 0.000 0.000 17.462 97.442 90.410 91.372 88.333 48.300 0.000 0.000 8.862 56.824 68.782 37.754 0.000 0.000 0.000 0.000 0.000 0.000 0.000 0.000 0.000 0.000 0.000 0.000 0.000 0.000 0.000 0.000 0.000 0.000 6.467 0.000 0.000 0.000 17.462 57.969 74.929 75.512 81.741 81.231 74.852 75.415 75.919 75.105 74.641 74.148 73.707 73.302 72.933 72.595 72.289 72.018 71.789 78.613 19.492
85.645 82.635 61.621 62.601 54.571 1.528 59.459 54.427 62.375 75.334 79.293 90.265 91.240 90.216 59.198 0.000 0.000 0.000 16.512 96.476 90.426 91.369 86.306 66.230 50.112 51.004 50.899 58.828 79.769 46.727 0.000 0.000 0.000 0.000 0.000 0.000 0.000 0.000 0.000 0.000 0.000 0.000 0.000 0.000 0.000 0.000 0.000 0.000 0.000 0.000 15.552 46.329 55.837 74.824 76.414 83.077 82.486 75.401 77.123 76.459 75.921 75.468 74.987 74.537 74.111 73.715 73.345 73.002 72.682 72.388 79.117 24.865 0.000
82.651 77.638 75.622 58.601 62.571 62.537 53.498 46.476 0.000 0.000 21.272 80.250 91.222 89.191 74.152 41.098 0.000 3.687 65.598 86.524 91.450 90.373 91.292 81.203 57.102 54.001 52.904 61.818 79.739 62.656 48.542 49.453 53.387 64.347 28.331 0.000 0.000 0.000 0.000 0.000 0.000 0.000 0.000 0.000 0.000 0.000 0.000 0.000 0.000 0.000 26.752 66.592 74.539 77.187 83.957 83.560 76.123 77.794 77.018 76.650 76.212 75.764 75.324 74.896 74.488 74.100 73.732 73.383 73.051 78.733 25.425 0.000 0.000
71.658 23.645 91.630 62.609 56.576 57.547 59.521 59.503 48.501 0.000 0.000 1.236 25.208 96.173 86.121 64.044 55.920 62.776 61.668 63.572 71.476 72.380 59.284 56.189 54.091 53.993 52.897 61.804 76.712 55.618 52.518 57.430 73.362 76.322 61.314 35.314 0.000 0.000 0.000 0.000 0.000 0.000 0.000 0.000 0.000 0.000 0.000 0.000 0.000 17.591 59.436 75.048 77.889 84.524 84.278 76.818 78.464 77.683 77.328 76.903 76.483 76.061 75.645 75.238 74.844 74.465 74.101 73.748 79.406 25.070 0.000 0.000 0.000
17.667 90.655 91.642 77.630 0.000 4.554 64.536 60.515 71.499 62.481 0.000 1.248 4.214 84.172 81.114 66.038 56.939 53.830 53.727 56.621 69.502 77.387 80.276 73.177 63.081 55.984 54.887 70.788 73.687 48.584 52.481 52.386 53.309 57.266 36.290 0.000 0.000 0.000 6.838 0.000 0.000 0.000 0.000 0.000 0.000 0.000 0.000 20.815 52.484 60.340 73.854 85.185 84.801 77.870 78.466 79.035 78.348 77.987 77.568 77.163 76.757 76.354 75.956 75.566 75.186 74.817 75.456 82.103 25.755 0.000 0.000 0.000 0.000
95.676 91.665 91.653 91.638 78.616 61.581 61.552 61.524 52.497 1.457 18.365 25.304 77.244 74.188 77.126 70.053 70.969 70.879 70.787 73.683 68.524 68.388 70.258 74.163 75.071 72.977 68.877 79.773 77.664 65.552 66.437 66.324 68.221 43.143 0.000 0.000 0.000 0.000 7.838 0.000 0.000 0.000 0.000 0.000 0.000 7.700 55.474 56.036 77.048 77.604 86.246 85.769 80.356 80.074 79.464 78.999 78.623 78.214 77.817 77.421 77.028 76.640 76.258 75.884 75.518 76.158 79.805 12.454 0.000 0.000 0.000 0.000 0.000
94.685 90.677 90.668 91.653 88.631 66.600 60.567 61.532 62.495 54.449 3.387 69.328 66.269 67.210 68.147 63.079 67.006 71.930 79.858 64.800 0.000 0.323 15.203 73.145 69.064 68.974 68.873 68.763 68.645 68.521 68.391 68.254 66.108 60.942 33.721 0.000 9.354 53.134 59.838 71.535 41.300 0.000 0.000 0.000 1.579 56.902 67.682 79.603 80.237 86.979 86.645 81.004 80.683 79.949 79.622 79.235 78.840 78.450 78.061 77.676 77.295 76.920 76.554 76.195 76.842 79.495 27.150 0.000 0.000 0.000 0.000 0.000 0.000
80.691 80.690 80.688 91.676 91.653 81.621 57.583 60.543 61.503 61.459 67.407 76.352 60.294 57.236 55.175 62.111 77.044 75.978 60.916 40.858 0.000 0.000 0.000 1.154 58.065 52.982 52.878 52.761 52.633 53.496 56.351 57.193 57.014 55.796 56.501 55.050 54.574 63.211 69.844 67.467 74.065 71.529 66.020 63.508 65.878 77.529 81.052 80.845 87.473 87.256 81.641 81.297 80.549 80.224 79.831 79.447 79.063 78.681 78.302 77.927 77.556 77.193 76.841 77.498 78.162 16.828 0.000 0.000 0.000 0.000 0.000 0.000 0.000
0.000 46.705 58.719 86.710 90.685 71.647 54.600 53.555 61.515 61.476 60.431 54.378 55.319 61.264 78.206 77.144 60.082 53.023 42.969 0.000 62.530 71.468 67.373 68.250 71.122 74.012 72.897 73.770 76.629 75.480 72.323 74.153 68.959 54.726 58.437 57.075 61.681 79.291 85.862 82.422 75.966 70.498 72.044 78.510 83.364 81.805 88.076 87.727 81.626 83.235 81.823 81.163 80.824 80.428 80.045 79.662 79.282 78.909 78.540 78.174 77.810 78.454 76.118 71.796 23.479 0.000 0.000 0.000 0.000 0.000 0.000 0.000 0.579
0.000 0.000 51.773 70.759 81.731 56.683 48.615 55.562 53.528 60.497 61.462 61.410 54.342 71.295 63.241 52.179 55.115 47.062 0.000 71.682 74.592 74.502 76.400 77.285 80.164 84.046 82.926 82.793 82.634 84.471 85.310 83.137 70.941 56.714 58.445 58.132 57.785 60.410 33.889 6.396 95.874 137.475 115.010 80.944 82.463 89.037 88.601 82.072 84.801 82.217 81.776 81.419 81.026 80.641 80.255 79.872 79.497 79.131 78.774 78.419 80.058 74.693 63.383 18.089 0.000 0.000 0.000 0.000 0.000 0.000 0.000 0.825 47.688
4.013 0.000 6.841 27.821 62.796 44.740 0.000 50.549 55.537 55.524 61.509 50.460 0.000 55.333 53.284 55.216 56.138 66.049 79.924 76.772 78.655 84.548 94.440 138.325 135.201 135.083 134.969 134.841 135.645 119.460 51.308 54.144 51.957 59.742 58.498 55.222 52.917 34.675 0.000 0.000 4.679 62.387 79.397 83.992 89.728 89.410 81.669 83.371 82.671 82.368 82.001 81.620 81.237 80.851 80.462 80.076 79.702 79.345 80.006 78.670 70.308 58.877 16.630 0.000 0.000 0.000 0.000 0.000 0.000 0.000 3.986 38.920 59.803
78.013 25.989 14.930 77.888 55.893 0.000 0.000 0.000 49.545 62.554 54.591 0.000 7.507 63.422 54.345 65.263 78.172 78.071 82.953 85.825 78.707 64.596 55.488 51.376 49.231 52.117 53.026 39.956 0.000 56.415 53.317 52.174 55.999 59.800 56.584 48.340 54.985 35.699 0.000 1.968 57.696 74.699 84.419 90.221 89.999 82.251 83.939 83.236 82.944 82.576 82.209 81.833 81.451 81.063 80.668 80.268 79.888 80.542 76.233 64.949 21.629 0.000 0.000 0.000 0.000 0.000 0.000 0.000 0.000 0.000 7.052 56.990 55.902
88.032 96.022 84.003 0.974 12.995 7.106 2.142 1.146 0.000 0.000 58.711 56.690 64.593 61.501 61.411 61.318 78.217 92.109 80.991 60.870 58.752 53.640 55.538 46.459 0.000 58.128 55.063 44.000 0.000 57.468 52.373 53.235 60.067 57.874 55.698 37.568 0.000 2.170 54.407 52.151 68.936 84.843 90.499 83.183 83.751 84.411 83.809 83.515 83.154 82.796 82.428 82.051 81.669 81.283 80.879 81.439 81.041 70.703 55.436 18.263 0.000 0.000 0.000 0.000 0.000 0.000 0.000 5.453 32.405 31.316 46.180 58.086 45.999
78.061 82.066 72.067 0.000 0.000 72.181 65.175 59.150 3.089 10.994 76.853 73.766 60.673 61.578 61.481 62.379 83.271 135.155 128.034 74.911 129.790 50.675 54.567 54.463 56.345 54.204 54.096 53.983 55.822 51.616 51.471 60.328 59.157 55.933 50.766 39.667 0.000 0.933 56.444 63.254 85.246 84.123 90.854 84.229 84.816 84.366 84.077 83.731 83.384 83.023 82.654 82.276 81.893 81.519 83.127 78.567 60.134 46.794 48.544 14.404 0.000 0.000 0.000 0.000 0.000 0.000 0.000 5.500 41.446 46.364 60.264 54.174 44.091
74.091 69.113 13.133 0.000 3.302 55.260 64.229 61.187 79.124 73.040 77.939 85.847 76.754 61.658 61.557 61.448 60.331 54.207 49.078 53.949 50.823 54.704 54.591 54.481 54.367 54.248 54.134 54.012 52.867 57.703 59.567 60.448 44.303 0.000 43.766 0.000 0.000 0.931 60.599 82.505 86.501 91.833 91.377 84.320 84.973 84.615 84.303 83.970 83.621 83.261 82.890 82.505 82.107 80.773 42.544 0.000 0.000 0.000 0.000 0.000 0.000 0.000 0.000 37.925 32.885 31.819 30.728 34.603 43.514 59.429 53.341 44.256 54.176
66.119 57.160 62.220 7.319 60.344 56.329 55.295 73.245 66.180 82.103 91.017 70.930 56.840 54.743 57.639 60.525 61.399 61.264 54.123 52.983 53.850 53.726 54.611 54.502 54.395 59.288 56.180 53.065 53.932 56.761 60.647 49.594 0.000 0.000 0.000 0.000 16.236 136.112 79.850 86.873 84.843 92.237 84.137 86.656 88.141 84.868 84.552 84.221 83.873 83.507 84.140 80.746 68.258 58.921 16.733 0.000 0.000 0.000 0.000 0.000 0.000 0.000 40.009 39.964 39.912 40.845 40.762 41.668 55.580 55.496 39.413 42.333 44.256
41.136 42.187 36.267 60.393 56.428 55.416 66.376 70.318 81.249 88.174 54.096 53.016 53.930 55.837 54.731 51.612 59.477 60.327 61.166 60.009 53.867 52.741 51.626 52.521 58.422 117.327 85.234 65.137 48.034 0.000 62.667 70.687 0.000 0.000 0.000 0.000 60.363 71.255 88.141 86.175 92.941 92.602 85.225 85.756 86.422 85.130 84.820 84.491 84.140 84.757 83.417 36.082 0.000 0.000 0.000 0.000 0.000 0.000 0.000 0.000 0.000 0.168 47.053 43.011 39.954 40.886 38.809 50.726 57.643 41.562 42.483 50.406 48.333
0.000 0.000 0.000 53.559 56.557 58.530 79.477 90.401 104.323 86.248 15.178 72.107 72.030 55.941 55.838 54.715 52.570 55.400 61.206 59.021 59.870 61.743 59.632 57.534 53.445 48.365 53.292 48.214 0.000 0.000 0.000 56.799 48.827 0.000 0.000 2.757 70.597 87.441 87.514 85.529 93.251 84.945 87.448 88.955 85.699 85.409 85.106 84.783 84.440 81.962 36.689 0.000 0.000 0.000 0.000 0.000 0.000 0.000 0.000 0.000 0.000 46.218 16.139 4.073 48.006 37.936 48.861 60.783 48.704 43.627 48.550 52.476 45.405
0.000 0.000 0.000 51.727 57.711 73.671 84.599 132.488 126.392 128.319 134.261 130.204 131.140 56.061 55.963 54.841 54.688 53.499 48.235 58.000 59.848 60.728 58.625 60.537 60.460 61.396 54.353 0.000 0.000 0.000 0.068 57.884 42.856 0.000 0.215 61.908 83.801 87.757 86.746 93.814 93.540 86.003 86.551 87.241 85.979 85.705 85.410 86.094 60.875 0.000 0.000 0.000 0.000 0.000 0.000 0.000 0.000 0.000 58.540 47.490 37.410 41.298 41.211 42.135 42.063 44.990 57.916 54.840 49.765 50.690 48.616 46.544 42.474
17.967 0.000 0.000 52.911 69.890 77.845 83.759 54.562 53.438 52.376 49.341 50.309 50.264 56.200 56.113 71.997 71.844 47.671 0.000 44.896 57.793 59.698 57.605 59.527 59.462 60.408 56.370 0.304 1.210 2.163 56.108 40.996 0.000 0.000 63.308 72.156 89.035 87.948 87.131 94.069 85.675 88.205 90.742 86.519 86.272 86.020 84.737 72.308 31.091 0.000 0.000 0.000 0.000 0.000 44.794 39.772 39.732 39.672 43.590 55.520 58.442 44.354 39.271 41.194 43.120 58.046 56.972 42.898 51.825 52.751 51.679 44.609 40.541
