results4_8e4_rain/res_4e8f-0026.wd
ncols         241
nrows         181
xllcorner     12693529.787448
yllcorner     3542525.717860
cellsize      155.156523
NODATA_value  -9999.000000
[rows 66 to 98 of 181, columns 75 to 149 of 241]
0.000 36.693 53.697 52.706 52.712 0.000 24.606 24.639 37.703 33.750 32.775 32.782 31.772 107.743 95.709 0.000 0.000 0.000 29.572 24.568 29.560 32.559 32.562 34.567 35.571 40.573 41.577 42.583 33.593 0.000 0.000 38.345 88.345 70.266 74.132 74.225 72.291 80.276 72.732 73.218 73.966 72.749 72.538 73.344 43.198 0.000 0.000 0.000 0.000 0.000 0.000 0.000 1.911 0.000 0.000 0.000 0.000 0.000 0.000 0.000 0.000 0.000 0.000 8.690 0.000 0.000 0.000 0.000 0.000 0.000 0.000 0.000 0.000 1.532 2.539
0.000 24.874 48.861 47.856 41.859 0.000 0.000 0.000 30.767 43.832 32.858 31.864 32.850 13.796 0.000 0.000 0.000 0.000 0.000 0.000 40.547 38.548 36.551 19.562 22.568 29.573 30.576 35.580 26.586 0.000 0.000 0.000 48.566 66.487 73.436 73.541 80.696 80.494 72.803 73.497 73.216 73.014 72.812 67.632 25.505 0.000 0.000 22.680 0.000 0.000 0.000 7.916 2.921 0.000 0.000 0.000 0.000 0.000 0.000 0.000 0.000 5.060 6.041 0.000 0.000 0.000 0.000 0.000 0.000 0.000 0.000 0.000 0.000 4.529 2.532
38.205 36.070 50.017 42.999 44.010 41.069 0.000 0.000 0.000 45.955 40.962 35.966 37.968 0.000 0.000 0.000 0.000 0.000 0.000 0.000 39.533 35.534 26.535 0.000 0.000 27.573 39.575 38.576 0.000 0.000 0.000 51.052 42.866 46.720 53.818 68.898 80.881 72.535 74.093 73.664 73.481 73.271 71.064 53.867 32.684 38.682 36.681 17.681 0.000 0.000 0.000 0.000 16.940 0.000 0.000 0.000 4.008 0.000 0.000 0.000 0.000 2.110 9.055 1.036 0.175 0.000 0.000 0.000 0.000 0.000 0.000 0.000 0.000 3.525 2.526
36.257 47.185 41.138 34.115 53.113 42.129 0.000 0.000 0.000 38.071 54.069 49.072 49.088 52.139 0.000 0.000 0.000 0.000 0.000 0.000 37.520 28.520 31.520 0.000 0.000 0.000 75.574 102.575 17.574 0.000 50.391 45.240 45.096 45.028 41.134 81.220 81.056 73.579 77.188 73.940 73.737 73.528 65.308 18.087 0.000 40.682 18.681 0.000 0.000 0.000 5.002 3.988 2.964 0.000 0.000 7.034 12.011 9.983 2.958 0.000 0.936 2.338 0.000 0.175 13.547 10.581 6.592 14.593 0.000 0.000 0.000 0.000 0.506 4.521 5.522
48.322 40.274 32.236 32.211 45.199 53.206 49.249 52.265 54.249 49.190 44.171 46.167 35.175 34.190 0.000 0.000 0.000 0.000 42.496 41.499 29.506 31.508 32.507 36.500 35.497 0.000 0.000 0.000 0.000 0.000 56.542 49.421 44.287 45.406 43.478 81.366 43.190 50.783 65.383 73.208 73.999 71.797 30.552 0.000 0.000 0.000 0.000 0.000 0.000 6.692 0.556 0.467 0.312 0.230 3.101 12.060 11.022 10.983 6.936 2.861 12.761 0.000 0.000 0.000 0.000 7.608 20.607 7.598 0.000 0.000 0.000 0.000 0.000 0.000 0.000
39.390 32.355 33.323 33.293 35.265 19.250 45.278 43.297 35.293 32.271 31.257 47.252 49.254 36.258 0.000 0.000 0.000 42.492 38.494 35.496 28.499 32.500 32.499 32.496 32.495 0.000 2.143 3.144 5.144 73.048 69.817 58.579 57.586 46.618 81.618 81.500 45.241 51.893 46.673 53.480 72.256 47.108 0.000 0.000 0.000 0.000 0.000 0.000 0.000 6.706 0.694 0.647 0.496 0.393 2.129 12.087 11.036 9.992 6.945 11.889 5.824 0.000 0.002 0.000 0.000 7.641 15.633 0.000 0.000 0.000 0.000 0.000 0.000 0.000 0.000
32.460 33.433 33.407 34.376 15.320 0.000 2.315 30.354 33.356 33.344 33.336 31.331 55.331 39.331 0.000 0.000 0.000 19.492 36.492 30.493 31.494 32.494 32.494 32.493 32.492 43.490 0.000 0.000 12.242 65.184 75.094 0.000 78.757 68.987 81.718 43.808 57.456 54.102 43.976 40.783 37.437 22.273 0.000 0.000 0.000 0.000 0.000 0.000 0.000 2.723 0.840 0.808 0.723 0.500 0.355 0.623 7.047 7.007 6.967 10.928 0.000 0.057 0.026 0.000 2.723 19.685 2.657 0.000 0.000 0.000 0.000 0.000 0.000 0.000 8.504
33.530 33.512 33.496 36.486 0.000 0.000 0.000 28.447 33.435 35.415 33.410 32.408 50.407 46.406 0.000 0.000 0.000 0.000 27.489 30.490 32.490 32.491 32.490 32.490 34.490 20.490 0.000 0.000 62.397 65.351 76.283 82.197 76.203 74.213 81.798 64.857 67.564 52.408 45.315 38.242 0.000 0.000 0.000 0.000 0.000 0.000 0.000 0.000 0.000 0.000 4.141 0.953 0.899 0.813 0.659 0.460 0.211 0.382 6.992 0.093 0.066 0.083 0.025 0.807 13.765 13.723 0.000 0.000 0.000 0.000 0.000 0.000 0.000 0.000 0.000
33.601 33.588 33.581 33.585 37.625 38.631 38.611 34.553 34.521 14.473 31.483 32.484 48.483 47.482 0.000 0.000 0.000 0.000 26.487 32.488 32.488 32.488 32.488 32.488 20.489 0.000 0.000 0.000 67.599 73.543 76.460 76.414 75.461 81.903 74.336 77.059 71.749 56.692 46.633 45.629 45.764 0.000 0.000 0.000 0.000 0.000 0.000 0.000 0.000 0.000 19.226 0.195 1.033 1.001 0.962 1.944 0.606 0.264 0.146 0.144 0.173 0.139 0.000 2.876 17.845 0.000 0.000 0.000 0.000 0.000 0.000 0.000 0.000 0.000 0.000
33.671 33.661 33.654 33.651 33.658 33.659 33.651 33.634 37.623 0.000 24.567 33.564 49.560 44.557 0.000 0.000 0.000 0.000 31.486 34.486 34.486 34.486 32.486 35.486 0.000 0.000 0.000 60.005 65.857 76.761 76.643 76.750 74.782 82.112 75.473 80.120 76.012 76.947 64.898 52.879 41.898 36.898 38.897 0.000 0.000 0.000 0.000 4.385 5.385 3.379 9.311 19.310 1.199 2.132 11.091 18.049 0.005 0.382 0.353 0.317 0.277 0.000 1.964 20.925 14.900 3.905 0.000 0.000 0.000 0.000 0.000 0.000 0.000 0.000 0.000
33.742 33.734 33.722 33.708 33.700 36.695 34.699 33.711 37.715 0.000 24.654 33.646 50.636 42.630 0.000 0.000 0.000 0.000 4.485 14.485 13.485 13.485 34.485 19.485 0.000 0.000 0.000 62.153 72.067 76.971 76.927 76.028 82.813 82.487 76.543 77.387 76.244 76.188 77.133 68.090 33.054 0.000 0.000 0.000 0.000 0.000 0.000 0.000 0.490 1.562 0.653 7.348 21.267 4.180 2.122 12.080 0.018 0.496 0.452 0.397 0.291 0.094 6.007 18.967 5.927 17.915 0.000 0.000 0.000 0.000 0.000 0.000 0.000 0.000 0.000
33.818 33.811 33.792 36.760 38.738 10.724 31.740 34.797 36.813 0.000 27.749 32.730 44.709 42.697 0.000 0.000 0.000 0.000 0.000 0.000 0.000 0.000 15.484 0.000 0.000 0.000 10.526 60.387 77.286 77.169 77.286 75.372 83.103 75.136 80.840 76.533 76.486 76.419 76.359 66.293 27.173 0.000 0.000 0.000 0.000 0.000 0.000 0.000 0.000 1.099 2.063 1.707 5.301 21.197 4.138 1.057 0.899 0.634 0.515 0.463 0.000 2.173 21.094 2.011 0.942 14.919 0.000 0.000 0.000 0.000 0.000 0.000 0.000 0.000 0.000
33.900 33.899 35.878 11.803 13.770 0.000 0.000 29.926 33.926 37.932 33.864 36.818 41.775 46.753 0.000 0.000 0.000 0.000 0.000 0.000 0.000 0.000 0.000 0.000 0.000 0.000 69.666 71.585 77.492 77.455 76.578 83.614 83.369 76.201 76.912 76.781 76.711 76.646 75.591 55.551 0.000 0.000 0.000 0.000 0.000 0.000 0.000 0.000 0.000 8.445 5.397 1.230 0.773 2.170 19.120 8.048 0.003 0.595 0.516 0.000 2.326 4.250 3.181 0.021 0.000 0.000 0.000 0.000 0.000 0.000 0.000 0.000 0.000 0.000 0.000
33.992 34.008 39.020 0.000 0.000 0.324 0.000 26.054 35.035 33.008 34.958 46.903 18.821 12.787 0.000 0.000 0.000 0.000 0.000 0.000 0.000 0.000 0.000 0.000 0.000 57.019 61.887 75.793 77.681 77.817 75.919 83.836 75.706 77.376 77.067 77.005 76.929 76.864 68.808 45.770 0.000 0.000 0.000 0.000 0.000 0.000 0.000 0.000 0.000 12.567 7.571 1.579 0.000 1.149 1.128 16.972 9.828 0.607 1.405 0.000 4.407 4.319 1.246 0.000 0.000 0.000 0.000 0.000 0.000 0.000 0.000 0.000 0.000 0.000 0.000
33.087 33.123 36.174 6.280 3.330 35.337 40.300 34.203 32.151 39.107 49.059 52.016 0.000 0.000 0.000 0.000 0.000 0.000 0.000 0.000 0.000 0.000 0.000 0.000 0.000 59.151 67.074 76.984 77.979 77.024 84.243 84.046 76.735 77.435 77.294 77.214 77.140 77.072 59.008 40.951 0.000 0.000 0.000 0.000 0.000 0.000 0.000 0.000 0.000 10.687 8.741 8.830 5.904 0.000 0.516 0.738 15.707 15.544 12.375 9.185 1.631 0.389 0.000 0.000 0.000 0.000 0.000 0.000 0.000 0.000 0.000 0.000 0.000 0.000 0.000
47.178 45.223 42.275 43.336 43.374 40.383 41.360 43.309 43.260 49.210 51.156 9.086 0.000 0.000 0.000 0.000 0.000 0.000 0.000 0.000 0.000 0.000 0.000 0.000 5.494 60.361 77.266 78.182 78.139 77.375 84.424 76.214 77.883 77.568 77.501 77.418 77.344 75.276 57.201 28.076 0.000 0.000 0.000 0.000 0.000 0.000 0.000 0.000 0.000 1.195 4.876 7.939 8.979 8.008 4.995 0.875 0.000 0.000 0.000 0.000 0.000 0.000 0.000 0.000 0.000 0.000 0.000 0.000 0.000 0.000 0.000 0.000 0.000 0.000 0.000
46.267 48.317 50.368 49.416 48.449 46.461 44.449 44.415 45.369 41.317 41.272 0.000 0.000 0.000 0.000 0.000 0.000 0.000 0.000 0.000 0.000 0.000 0.000 46.719 69.627 68.533 77.450 78.349 78.486 76.600 84.591 78.304 77.906 77.779 77.693 77.614 77.545 73.486 53.445 0.000 0.000 0.000 0.000 0.000 0.000 0.000 0.000 0.000 8.766 3.701 0.528 2.207 7.064 9.052 9.053 10.080 1.123 0.000 0.000 0.000 0.000 0.000 0.000 0.000 0.000 0.000 0.000 0.000 0.000 0.000 0.000 0.000 0.000 0.000 0.000
34.356 41.411 50.464 56.512 44.546 38.563 33.560 31.534 30.486 36.417 15.344 0.000 0.000 0.000 0.000 0.000 0.000 0.000 0.000 0.000 0.000 0.000 0.000 52.812 68.763 76.696 78.623 78.603 77.747 84.882 84.744 80.320 78.123 77.960 77.881 77.802 77.734 72.680 47.647 0.000 0.000 0.000 0.000 0.000 0.000 0.000 0.000 8.896 3.832 3.770 3.715 2.614 0.000 4.081 8.087 9.126 6.164 0.000 0.000 0.000 0.000 0.000 0.000 0.000 0.000 0.000 0.000 0.000 0.000 0.000 0.000 0.000 0.000 0.000 0.000
36.447 41.508 43.567 46.620 36.662 32.688 33.693 33.675 35.626 13.521 0.000 0.000 0.000 0.000 0.000 0.000 0.000 0.000 0.000 0.000 0.000 0.000 0.000 38.953 67.917 77.866 78.782 78.929 77.056 85.008 77.870 79.539 78.218 78.150 78.060 77.980 77.909 68.852 41.817 0.000 0.000 0.000 0.000 0.000 0.000 0.000 8.031 3.961 3.895 3.833 3.779 3.731 3.741 0.645 0.000 2.173 9.220 9.256 0.000 0.000 0.000 0.000 0.000 0.000 0.000 0.000 0.000 0.000 0.000 0.000 0.000 0.000 0.000 0.000 0.000
34.539 35.609 33.677 32.740 33.794 32.833 32.852 32.847 37.823 0.000 0.000 0.000 0.000 0.000 0.000 0.000 0.000 0.000 0.000 0.000 0.000 0.000 0.000 47.130 76.091 79.037 79.031 78.184 85.234 85.126 80.865 78.563 78.416 78.324 78.235 78.150 79.071 59.002 46.954 0.000 0.000 7.512 0.000 7.324 9.281 9.206 4.102 4.022 3.952 3.890 3.836 3.792 3.764 3.733 2.699 0.000 8.289 9.292 2.292 0.000 0.000 0.000 0.000 0.000 0.000 0.000 0.000 0.000 0.000 0.000 0.000 0.000 0.000 0.000 0.000
33.633 33.713 33.793 32.870 32.942 33.000 33.037 32.037 39.997 0.000 0.000 0.000 0.000 0.000 0.000 0.000 0.000 0.000 0.000 0.000 0.000 0.000 31.467 67.346 78.279 79.196 79.364 77.483 85.329 78.318 79.990 78.672 78.595 78.497 78.404 78.314 79.224 51.131 29.042 0.000 0.000 3.512 0.000 2.367 4.313 4.236 4.149 4.072 4.003 3.940 3.884 3.835 3.792 3.748 1.657 3.419 9.354 6.333 0.000 0.000 0.000 0.000 0.000 0.000 0.000 0.000 0.000 0.000 0.000 0.000 0.000 0.000 0.000 0.000 0.000
31.728 31.818 31.912 32.007 32.102 33.190 35.258 37.269 12.133 0.000 0.000 0.000 0.000 0.000 0.000 0.000 0.000 0.000 0.000 0.000 0.000 1.698 42.588 73.514 79.444 79.467 78.526 85.490 85.415 81.308 79.012 78.861 78.765 78.667 78.571 78.477 74.381 21.256 0.000 0.000 0.000 3.513 9.513 4.465 4.370 4.274 4.188 4.114 4.047 3.984 3.924 3.871 3.823 3.771 0.605 9.406 9.377 5.354 0.000 0.000 0.000 0.000 0.000 0.000 0.000 0.000 0.000 0.000 0.000 0.000 0.000 0.000 0.000 0.000 0.000
35.820 39.922 43.030 47.146 49.270 52.402 51.535 43.648 0.000 0.000 18.501 0.000 0.000 0.000 0.000 0.000 0.000 28.872 55.879 0.000 0.000 35.791 68.729 78.669 79.616 79.589 78.848 85.551 77.747 79.434 79.115 79.036 78.935 78.836 78.738 79.642 66.567 0.000 0.000 0.000 0.000 0.000 3.563 4.608 6.427 6.305 4.213 4.151 4.088 4.023 3.960 3.903 3.858 0.716 5.434 8.410 9.393 0.344 0.000 0.000 0.000 0.000 0.000 0.000 0.000 0.000 0.000 0.000 0.000 0.000 0.000 0.000 0.000 0.000 0.000
40.908 50.019 51.141 50.277 49.432 48.612 45.834 40.142 15.702 33.146 51.502 20.760 4.899 0.000 0.000 0.000 0.000 38.864 52.888 0.000 10.966 52.910 77.865 80.827 79.733 79.999 78.014 85.600 79.735 79.451 79.300 79.204 79.105 79.005 78.902 80.788 24.677 0.000 0.000 0.000 0.000 0.000 0.255 5.976 0.000 0.000 3.208 4.189 4.132 4.061 3.989 3.922 2.868 0.664 9.425 9.407 6.397 0.267 6.015 0.000 0.000 0.000 0.000 0.000 0.000 0.000 0.000 0.000 0.000 0.000 0.000 0.000 0.000 0.000 0.000
37.987 41.105 40.238 38.390 36.568 34.782 33.047 33.386 42.818 45.235 42.600 39.881 44.038 0.000 0.000 0.000 39.738 69.834 20.920 16.998 51.022 75.018 80.004 79.956 80.154 78.173 85.662 78.145 79.863 79.548 79.473 79.373 79.276 79.178 82.076 38.932 0.000 0.000 0.000 0.000 0.000 0.000 2.483 7.341 0.000 0.000 0.540 4.266 4.190 4.100 4.013 3.930 0.748 8.447 9.418 8.397 0.000 3.016 3.013 0.000 0.000 0.000 0.000 0.000 0.000 0.000 0.000 0.000 0.000 0.000 0.000 0.000 0.000 0.000 0.000
35.056 34.178 34.317 35.478 35.670 35.901 34.186 35.536 40.949 44.377 40.784 36.125 39.336 0.000 0.000 0.000 31.644 41.812 19.960 53.052 68.108 77.137 80.149 80.188 79.373 86.069 85.804 79.145 79.877 79.733 79.640 79.544 79.447 79.356 82.293 0.000 0.000 0.000 6.548 0.000 0.000 3.622 6.623 5.588 12.641 0.000 0.831 4.405 4.264 4.137 4.032 1.874 3.500 9.436 9.406 1.331 2.042 3.017 3.011 0.000 0.000 0.000 0.000 0.000 0.000 0.000 0.000 0.000 0.000 0.000 0.000 0.000 0.000 0.000 0.000
35.113 35.234 35.373 35.537 35.732 34.969 34.262 38.626 43.064 43.543 39.034 35.500 40.845 0.000 0.000 0.000 27.381 0.000 44.057 68.142 74.219 80.281 80.269 80.598 78.681 86.302 78.577 80.292 79.979 79.908 79.811 79.714 79.613 86.507 70.448 0.000 0.000 43.549 29.549 0.000 0.000 0.000 6.786 5.750 5.693 11.540 9.224 7.652 4.323 4.153 4.037 0.775 8.423 9.394 5.397 0.258 3.008 3.001 5.004 9.002 0.000 0.000 0.000 0.000 0.000 0.000 0.000 0.000 0.000 0.000 0.000 0.000 0.000 0.000 0.000
35.155 35.272 35.407 35.565 34.752 33.981 36.267 40.641 44.139 40.696 36.312 35.995 39.700 22.730 10.515 12.220 9.118 10.755 51.071 72.238 78.355 80.415 80.703 78.828 86.701 86.512 79.599 80.314 80.168 80.077 79.984 79.890 84.783 27.611 42.544 12.550 43.551 51.550 0.000 0.000 0.000 0.000 6.985 5.932 5.842 15.702 26.542 0.259 9.222 5.114 1.932 3.400 9.348 8.323 0.000 1.981 2.981 2.977 0.000 0.000 0.000 0.000 0.000 0.000 0.000 0.000 0.000 0.000 0.000 0.000 0.000 0.000 0.000 0.000 0.000
35.183 35.292 35.418 35.564 33.733 33.935 38.186 45.534 47.154 43.791 39.523 38.468 39.231 41.976 42.596 52.026 0.000 29.075 67.233 74.388 80.519 80.664 79.952 87.037 86.874 79.972 80.753 80.415 80.342 80.247 80.159 80.080 88.019 0.000 25.566 27.556 17.553 19.551 0.000 0.000 0.000 1.478 7.236 6.153 12.041 27.885 4.714 0.000 0.000 3.071 0.768 8.275 9.248 5.227 2.035 2.979 2.959 4.951 0.000 0.000 0.000 0.000 0.000 0.000 0.000 0.000 0.000 0.000 0.000 0.000 0.000 0.000 0.000 0.000 0.000
35.196 35.297 35.411 34.539 33.683 35.841 43.008 20.156 0.000 0.000 0.000 26.124 43.780 39.347 42.868 24.263 0.000 34.239 72.396 78.571 80.671 81.103 79.285 87.186 80.322 81.099 80.667 80.609 80.504 80.412 80.326 81.251 79.194 1.068 0.889 0.000 0.000 0.000 0.000 0.000 0.865 8.648 6.507 5.402 25.284 29.084 0.000 0.000 0.000 0.000 4.120 9.148 9.143 0.000 2.966 2.945 2.927 5.918 0.000 0.000 0.000 0.000 0.000 0.000 0.000 0.000 0.000 0.000 0.000 0.000 0.000 0.000 0.000 0.000 0.000
35.198 35.289 34.390 33.501 35.619 38.739 46.849 5.926 0.000 0.000 0.000 0.000 26.420 41.762 43.268 29.896 32.716 59.244 76.551 80.744 81.146 79.374 87.451 87.325 81.318 81.014 80.865 80.762 80.664 80.571 80.483 83.403 68.345 0.000 0.000 0.000 0.000 0.000 0.000 0.000 1.002 7.829 6.742 4.665 32.608 0.000 0.000 0.000 4.048 9.043 9.057 9.057 7.033 1.956 2.930 2.908 2.890 4.878 0.000 8.786 0.000 0.000 0.000 0.000 0.000 0.000 0.000 0.000 0.000 0.000 0.000 0.000 0.000 0.000 0.000
35.191 35.272 34.361 33.455 37.553 41.647 45.726 3.773 0.000 0.000 0.000 0.000 6.717 50.015 45.546 52.337 66.007 75.476 79.785 81.064 80.443 87.674 87.566 80.675 81.449 81.106 81.021 80.917 80.819 80.725 84.632 47.534 19.439 0.000 0.000 0.000 0.000 0.000 0.000 3.435 8.278 7.069 8.968 5.908 29.875 0.000 0.000 0.607 6.054 22.027 11.010 7.991 3.963 1.922 1.892 2.868 2.848 2.829 7.798 3.788 0.000 0.000 0.000 0.000 0.000 0.000 0.000 0.000 0.000 0.000 0.000 0.000 0.000 0.000 0.000
35.176 35.248 33.326 35.408 41.492 42.571 40.634 27.669 0.000 0.000 0.000 0.000 0.000 3.036 0.448 40.901 72.501 76.864 81.093 81.501 79.831 87.772 80.011 81.788 81.351 81.283 83.169 82.066 80.970 80.879 86.788 9.660 0.000 0.000 0.000 0.000 0.000 0.000 23.735 23.592 11.384 8.202 19.155 14.123 15.109 0.000 0.000 0.569 2.052 13.001 8.967 12.937 6.907 9.876 8.849 5.827 2.808 1.792 1.778 7.782 0.000 0.000 0.000 0.000 0.000 0.000 0.000 0.000 0.000 0.000 0.000 0.000 0.000 0.000 0.000
