results4_8e4_rain/res_4e8f-0223.wd
ncols         241
nrows         181
xllcorner     12693529.787448
yllcorner     3542525.717860
cellsize      155.156523
NODATA_value  -9999.000000
[rows 66 to 98 of 181, columns 146 to 218 of 241]
38.447 53.384 75.325 76.270 76.220 76.174 76.132 76.094 76.059 79.031 15.012 0.000 2.875 0.000 0.000 0.000 0.000 1.371 48.371 23.371 0.000 30.369 60.368 60.367 60.367 67.366 73.365 73.363 73.360 73.356 73.351 73.346 73.341 73.336 73.330 75.325 60.322 61.319 53.318 0.000 0.000 0.000 0.000 0.000 29.651 36.642 45.622 39.585 17.533 15.502 30.477 51.452 59.428 53.404 48.380 48.356 38.331 35.307 35.283 38.259 59.236 71.213 66.191 55.169 62.149 69.129 73.109 73.091 72.073 72.056 72.040 72.024 72.009
41.508 60.445 78.385 76.330 76.281 76.237 76.197 76.159 81.124 70.095 40.082 37.100 0.000 0.000 0.000 0.000 0.000 19.371 21.371 0.000 0.000 0.000 30.365 61.364 70.364 73.363 73.362 73.360 73.357 77.354 75.350 73.346 73.342 73.337 72.333 64.328 58.325 64.322 54.321 0.000 0.000 0.000 0.000 21.643 35.644 40.639 36.632 0.000 2.486 12.471 32.452 35.432 49.410 58.388 47.365 46.341 44.317 35.293 35.269 34.245 40.221 64.198 71.175 56.154 58.132 60.112 62.093 66.074 70.056 72.039 73.023 72.007 71.992
46.568 67.502 77.440 76.384 76.338 76.296 74.258 73.221 28.184 13.144 44.122 50.118 15.121 0.000 0.000 0.000 0.000 0.000 0.000 0.000 0.000 14.361 43.362 63.362 73.361 73.361 73.359 73.357 73.355 75.353 74.349 73.346 73.342 74.339 64.335 62.331 65.328 60.324 52.323 0.000 0.000 0.000 0.000 39.642 42.642 4.639 3.636 0.000 7.453 40.444 42.430 52.413 55.393 66.373 64.351 52.327 41.303 33.279 35.254 35.230 30.206 44.182 61.159 65.137 70.116 67.095 60.075 65.056 68.038 68.021 66.005 67.989 70.974
51.626 74.557 78.487 79.430 76.389 77.353 72.319 18.285 2.244 43.177 44.142 49.128 57.125 0.000 0.000 0.000 0.000 0.000 0.000 0.000 0.000 26.360 49.360 62.360 74.359 73.358 73.357 73.356 73.354 74.351 73.349 73.346 73.343 70.340 64.337 29.333 2.330 0.000 0.000 0.000 0.000 0.000 0.000 35.642 42.642 0.000 0.000 0.000 57.429 43.422 38.410 66.395 71.378 72.359 76.337 70.314 58.290 38.265 35.240 35.215 33.190 34.166 40.142 41.119 48.098 56.077 63.057 67.038 68.020 69.003 64.986 67.971 68.956
33.686 38.611 48.520 24.462 81.435 78.406 63.380 40.355 10.337 0.000 0.000 0.000 0.000 0.000 0.000 0.000 0.000 0.000 0.000 0.000 0.000 27.359 52.358 55.358 71.357 73.357 73.355 73.354 77.353 76.351 73.349 73.346 74.344 65.342 68.341 0.000 0.000 0.000 0.000 0.000 0.000 0.000 0.000 0.000 29.642 38.642 0.000 0.000 88.412 51.405 33.394 64.381 72.365 72.346 72.326 75.303 74.278 54.252 37.225 35.199 33.174 36.149 37.124 45.101 50.079 39.058 39.038 44.019 49.001 54.983 59.967 63.951 67.937
79.754 58.683 0.000 0.000 85.482 77.459 64.438 46.420 13.406 0.000 0.000 0.000 0.000 0.000 0.000 0.000 0.000 0.000 0.000 0.000 0.000 0.000 13.356 57.356 73.356 73.355 73.354 73.353 75.352 74.350 73.348 73.347 74.345 62.344 72.343 0.000 0.000 0.000 0.000 0.000 0.000 0.000 0.000 0.000 0.000 5.642 13.642 0.000 25.402 41.392 34.381 64.368 72.354 72.337 73.317 73.293 73.266 66.238 42.210 38.183 36.157 33.131 54.106 66.082 72.059 56.038 49.018 44.998 42.980 39.963 39.947 39.931 67.917
55.833 0.000 0.000 82.671 82.554 80.508 71.494 56.479 12.462 0.000 0.000 0.000 0.000 0.000 0.000 0.000 0.000 0.000 0.000 0.000 0.000 0.000 39.355 62.355 74.354 73.354 73.353 74.352 73.351 73.350 73.348 73.347 74.346 67.345 32.344 0.000 0.000 0.000 0.000 0.000 0.000 0.000 0.000 0.000 0.000 0.000 0.000 0.000 0.000 38.380 37.368 55.358 70.345 73.330 67.311 63.285 69.256 60.225 43.195 42.167 51.139 46.112 69.086 73.061 72.038 70.017 69.996 66.977 64.959 61.942 57.926 49.911 69.896
82.880 72.879 78.848 34.788 0.000 1.529 77.550 51.540 12.501 0.000 14.755 0.000 0.000 0.000 0.000 0.000 0.000 0.000 0.000 0.000 0.000 2.353 55.353 67.353 74.353 73.353 73.352 75.351 75.350 73.349 73.348 73.347 72.346 68.346 17.345 0.000 0.000 0.000 0.000 0.000 0.000 0.000 0.000 0.000 0.000 0.000 0.000 0.000 0.344 0.000 26.354 52.349 70.340 71.328 52.311 55.282 57.249 54.209 39.178 36.150 59.121 68.092 72.064 74.039 74.016 74.994 72.974 72.955 73.937 72.920 73.904 73.889 72.875
84.927 76.908 81.877 32.845 0.000 0.000 68.635 16.629 0.000 0.000 46.755 9.756 0.000 0.000 0.000 0.000 0.000 0.000 0.000 0.000 0.000 1.352 58.352 70.352 74.352 73.352 73.351 74.350 74.350 73.349 73.348 74.347 70.346 65.346 15.346 0.000 0.000 0.000 0.000 0.000 0.000 0.000 0.000 0.000 0.000 0.000 0.000 0.000 18.344 20.344 31.346 47.344 69.338 71.331 17.324 0.000 0.000 44.184 38.159 33.133 47.103 66.070 72.041 74.015 73.992 73.970 71.950 71.931 72.914 71.897 71.882 72.867 72.853
76.995 76.949 76.908 74.870 61.836 47.790 40.726 39.711 35.738 38.750 41.755 41.756 13.756 0.000 0.000 0.000 0.000 0.000 19.350 21.350 0.000 11.351 57.351 71.351 73.351 73.351 73.350 73.350 73.349 73.348 73.348 73.347 55.346 50.346 48.346 43.345 7.345 0.000 0.000 0.000 0.000 0.000 0.000 0.000 0.000 0.000 0.000 0.000 22.343 48.343 39.343 43.341 63.337 64.333 37.330 0.000 0.000 0.000 35.140 40.121 39.089 58.044 71.014 71.989 71.966 71.945 71.925 71.907 71.890 71.874 71.858 71.844 71.830
77.036 76.986 76.937 75.891 72.849 74.807 48.769 27.752 65.754 38.757 42.759 18.757 0.000 0.000 0.000 0.000 0.000 0.000 19.350 65.350 14.350 2.351 56.351 70.351 74.350 73.350 75.350 76.349 74.349 73.348 73.348 71.347 64.346 55.346 56.346 55.345 8.345 0.000 0.000 0.000 0.000 0.000 0.000 0.000 0.000 0.000 0.000 0.000 16.342 51.342 43.341 50.340 65.337 60.335 66.333 0.000 0.000 0.000 0.000 0.000 0.000 48.002 70.983 71.961 71.938 71.917 71.898 71.881 71.864 71.849 71.834 71.820 71.807
77.073 77.021 77.962 79.908 76.861 76.820 75.790 76.773 67.767 45.766 17.765 0.000 0.000 0.000 0.000 0.000 0.000 0.000 6.350 58.350 45.350 35.350 51.350 73.350 73.350 73.350 73.349 73.349 73.348 73.348 73.347 73.347 71.346 50.346 54.345 61.345 4.345 0.000 0.000 0.000 0.000 0.000 0.000 0.000 0.000 0.000 0.000 0.000 12.342 63.342 7.341 30.339 53.337 60.336 21.334 0.000 0.000 0.000 0.000 0.000 0.000 1.979 59.956 72.932 71.909 71.889 71.870 71.853 71.838 71.823 71.810 71.796 71.783
80.113 76.063 72.981 74.919 77.868 77.823 79.798 76.784 74.776 61.773 10.772 0.000 0.000 0.000 0.000 0.000 0.000 0.000 0.000 14.350 49.350 41.350 57.350 75.350 73.349 73.349 73.349 73.348 73.348 73.348 73.347 73.347 74.346 63.346 50.345 54.345 60.345 2.344 0.000 0.000 0.000 0.000 0.000 0.000 0.000 0.000 0.000 0.000 0.000 8.342 0.000 0.000 38.337 57.336 0.000 0.000 0.000 0.000 0.000 0.000 0.000 0.000 47.929 68.903 71.878 71.857 71.840 71.825 71.811 71.797 71.784 71.771 71.759
73.160 34.137 0.000 0.000 0.000 69.806 74.796 80.787 76.782 65.778 15.777 0.000 49.782 19.782 0.000 0.000 0.000 0.000 0.000 0.000 41.349 45.349 66.349 74.349 75.349 76.349 73.348 73.348 73.348 73.347 73.347 73.346 73.346 74.345 53.345 35.345 44.344 5.344 0.000 0.000 0.000 0.000 0.000 0.000 0.000 0.000 0.000 0.000 0.000 0.000 0.000 0.000 27.336 60.336 0.000 0.000 0.000 0.000 0.000 0.000 0.000 0.000 0.000 48.872 68.841 71.823 71.809 71.796 71.783 71.771 71.759 71.746 71.734
68.201 25.188 0.000 0.000 44.798 42.798 59.793 78.788 75.784 60.782 41.781 45.782 49.782 15.782 0.000 0.000 0.000 0.000 12.349 0.000 42.349 53.349 73.349 73.349 76.349 76.349 73.348 73.348 73.347 73.347 73.347 73.346 73.346 74.345 70.345 65.344 54.344 34.343 28.343 0.000 0.000 0.000 0.000 0.000 0.000 0.000 0.000 0.000 0.000 0.000 0.000 0.000 29.336 21.336 0.000 0.000 0.000 0.000 0.000 0.000 0.000 0.000 0.000 0.000 53.793 69.785 71.776 71.766 71.755 71.745 71.733 71.722 71.709
74.233 55.226 27.233 0.000 0.000 44.795 44.791 66.788 78.785 56.783 43.782 48.782 26.782 0.000 0.000 0.000 0.000 0.000 41.349 34.349 39.349 56.349 75.349 75.349 76.349 73.348 73.348 73.348 73.347 73.347 73.346 73.346 73.345 73.345 73.344 75.344 64.343 52.343 41.342 42.341 35.341 26.341 31.340 0.000 0.000 0.000 0.000 0.000 0.000 0.000 0.000 0.000 32.336 7.336 0.000 0.000 0.000 0.000 0.000 0.000 0.000 0.000 0.000 0.000 38.752 66.748 70.743 71.736 71.728 71.719 71.709 71.697 71.685
77.257 68.248 21.241 0.000 0.000 0.000 43.789 48.787 75.785 63.784 44.783 47.783 22.783 0.000 0.000 0.000 0.000 0.000 44.349 37.349 40.349 58.349 77.349 76.349 74.348 74.348 73.348 73.347 73.347 73.347 73.346 74.346 74.345 74.345 68.344 59.343 63.343 70.342 63.342 61.341 49.341 36.340 43.340 1.340 0.000 0.000 0.000 0.000 0.000 0.000 0.000 0.000 0.000 0.000 0.000 0.000 0.000 0.000 0.000 0.000 0.000 0.000 0.000 0.000 30.714 61.714 71.711 73.708 73.702 73.695 72.685 71.674 71.660
77.276 52.271 0.000 0.000 0.000 0.000 0.000 50.786 63.785 57.784 56.784 53.783 43.783 21.783 0.000 0.000 0.000 0.000 43.349 36.349 41.349 56.349 68.349 65.348 60.348 62.348 67.348 72.347 74.347 74.347 72.346 62.346 60.345 65.344 54.344 51.343 51.342 62.342 66.341 61.341 47.341 36.340 8.340 0.000 0.000 0.000 0.000 0.000 0.000 0.000 0.000 0.000 0.000 0.000 0.000 0.000 0.000 0.000 0.000 0.000 1.578 0.000 0.000 0.000 18.678 43.681 49.682 51.681 51.678 52.672 61.664 70.652 71.637
76.291 42.287 0.000 0.000 0.000 0.000 0.000 45.785 39.785 38.784 46.784 46.783 46.783 42.783 15.783 0.000 0.000 0.000 48.348 43.348 48.348 58.348 61.348 64.348 22.348 0.000 0.000 13.347 74.347 71.347 60.346 15.346 0.000 0.000 53.343 85.342 78.342 57.342 63.341 57.341 46.340 31.340 34.339 0.000 0.000 0.000 0.000 0.000 0.000 0.000 0.000 0.000 0.000 0.000 0.000 0.000 0.000 0.000 14.578 4.578 22.578 43.583 54.593 53.610 71.638 79.649 80.655 78.656 80.656 67.652 50.646 68.634 71.616
74.303 39.300 0.000 0.000 0.000 0.000 0.000 45.785 41.785 20.785 0.000 0.000 0.783 0.000 0.000 0.000 0.000 0.000 54.348 48.348 43.348 39.348 25.348 0.000 0.000 0.000 0.000 0.000 0.000 0.000 47.346 9.346 0.000 0.000 0.000 48.342 81.342 41.341 42.341 41.340 37.340 40.339 87.339 46.338 0.000 0.000 5.079 0.000 0.000 0.000 0.000 0.000 0.000 0.000 0.000 0.000 13.550 4.550 0.000 0.000 8.573 90.578 86.587 68.599 69.614 66.624 67.631 89.634 82.636 68.636 48.632 57.623 56.599
60.312 41.310 35.313 0.000 0.000 0.000 0.000 0.000 43.785 27.785 0.000 0.000 0.000 0.000 0.000 0.000 0.000 0.000 54.348 54.348 55.348 38.348 13.348 0.000 0.000 0.000 0.000 0.000 0.000 0.000 43.346 20.346 0.000 0.000 0.000 47.341 96.341 60.341 63.340 58.340 43.339 61.339 115.338 112.337 43.335 0.256 27.080 24.079 0.000 0.000 0.000 0.000 0.000 0.000 0.000 0.000 3.550 21.550 11.552 9.556 18.563 93.569 60.577 68.585 59.595 40.603 51.610 94.615 60.618 47.622 54.626 8.624 0.000
44.318 44.316 30.316 0.000 0.000 0.000 0.000 0.000 0.000 0.000 0.000 0.000 0.000 0.000 0.000 0.000 0.000 0.000 57.348 48.348 42.348 40.348 14.348 0.000 0.000 0.000 0.000 0.000 0.000 40.346 33.346 58.346 54.346 0.000 6.341 53.341 59.341 51.341 94.340 83.340 54.339 7.339 71.338 126.337 10.336 0.000 5.079 0.000 0.000 0.000 0.000 0.000 22.549 19.549 14.549 3.549 72.549 110.549 101.550 97.552 44.555 88.560 56.565 45.571 92.578 73.584 93.590 74.596 44.601 52.606 0.000 0.000 0.000
47.322 48.320 40.319 0.000 0.000 0.000 0.000 0.000 0.000 0.000 0.000 0.000 0.000 0.000 0.000 0.000 0.000 0.000 11.348 52.348 42.348 20.348 0.000 0.000 0.000 0.000 0.000 0.000 0.000 42.346 39.346 15.346 0.000 0.000 0.000 27.341 6.341 0.000 7.340 49.340 5.339 0.000 27.337 93.337 48.336 0.336 0.000 0.000 0.000 0.000 0.000 0.000 0.000 4.549 0.000 0.000 28.549 8.548 72.546 76.546 27.547 88.549 65.551 38.555 56.560 106.566 120.572 54.578 42.585 9.596 0.000 0.000 18.397
46.325 47.323 47.322 51.322 43.322 0.000 0.000 0.000 0.000 0.000 0.000 0.000 0.000 0.000 0.000 0.000 0.000 0.000 0.000 42.348 38.348 22.348 0.000 0.000 0.000 0.000 0.000 0.000 43.346 40.346 17.346 0.000 0.000 0.000 0.000 1.341 0.000 0.000 0.000 53.339 2.339 0.000 27.337 0.000 0.000 0.000 0.000 0.000 0.000 0.000 0.000 0.000 0.000 13.549 7.549 9.549 2.549 0.000 48.540 67.539 26.538 90.537 70.537 40.539 89.542 92.547 87.552 95.559 59.565 0.000 0.000 1.363 32.377
48.327 26.324 37.323 46.322 46.322 46.322 45.322 0.000 0.000 0.000 0.000 0.000 0.000 0.000 0.000 0.000 0.000 0.000 0.000 44.348 40.348 24.348 0.000 0.000 0.000 0.000 0.000 0.000 0.000 46.346 18.346 0.000 0.000 0.000 0.000 0.000 0.000 5.339 17.339 40.339 44.339 21.339 0.000 0.000 0.000 0.000 0.000 0.000 0.000 0.000 0.000 0.000 0.000 2.549 0.549 6.549 0.000 0.000 51.535 71.533 31.529 91.524 76.521 90.521 90.523 49.527 42.532 87.539 36.552 0.000 0.338 33.349 41.357
53.330 0.000 0.000 43.322 32.322 0.000 45.322 35.322 0.000 0.000 0.000 0.000 0.000 0.000 0.000 0.000 0.000 0.000 0.000 43.348 40.348 28.348 0.000 0.000 0.000 0.000 0.000 0.000 0.000 0.000 0.000 0.000 0.000 0.000 0.000 0.000 0.000 0.000 56.339 73.339 34.339 0.000 0.000 0.000 0.000 0.000 0.000 0.000 0.000 0.000 0.000 0.000 0.000 0.000 0.000 11.549 0.000 0.000 86.532 72.529 33.522 91.507 88.503 80.501 72.503 58.505 59.509 28.514 0.000 0.000 17.326 36.334 43.338
50.332 0.000 0.000 30.322 22.322 0.000 0.000 0.000 0.000 54.333 50.333 41.333 0.000 0.000 0.000 0.000 0.000 0.000 0.000 47.348 43.348 25.348 0.000 0.000 0.000 0.000 0.000 0.000 0.000 0.000 0.000 0.000 0.000 0.000 0.000 0.000 0.000 0.000 19.339 103.339 69.339 0.339 0.000 0.000 0.000 0.000 0.000 0.000 0.000 0.000 0.000 0.000 0.000 0.000 0.000 0.000 0.000 0.000 18.532 0.000 0.000 65.482 106.480 85.480 84.480 82.483 85.487 33.493 0.000 0.000 21.319 35.321 36.322
66.333 0.000 0.000 0.000 0.000 52.333 39.333 0.000 50.333 44.333 44.333 36.333 0.000 0.000 0.000 0.000 0.000 0.000 0.000 47.348 42.348 30.348 0.000 0.000 0.000 0.000 0.000 0.000 0.000 0.000 0.000 0.000 0.000 0.000 0.000 0.000 0.000 0.000 0.000 47.339 39.339 10.339 0.000 0.000 0.000 0.000 0.000 0.000 0.000 0.000 0.000 0.000 0.000 0.000 0.000 0.000 0.000 0.000 0.000 0.000 0.000 12.457 48.457 49.456 47.457 47.458 44.462 40.478 0.000 0.000 14.309 35.308 33.307
77.334 66.334 48.334 49.334 48.333 42.333 43.333 44.333 42.333 47.333 46.333 37.333 34.333 0.000 0.000 0.000 0.000 0.000 0.000 34.348 0.000 0.000 0.000 0.000 0.000 0.000 0.000 0.000 0.000 0.000 0.000 0.000 0.000 0.000 0.000 0.000 0.000 0.000 0.000 0.339 46.339 9.339 0.000 0.000 0.000 0.000 0.000 0.000 0.000 0.000 0.000 0.000 0.000 0.000 0.000 0.000 0.000 0.000 0.000 0.000 0.000 3.433 36.433 35.433 35.432 51.430 46.428 0.000 0.000 0.000 7.299 48.297 60.293
77.334 71.334 41.334 41.334 41.334 24.333 25.333 29.333 39.333 48.333 45.333 37.333 40.333 29.333 0.000 0.000 0.000 0.000 0.000 0.000 0.000 0.000 0.000 0.000 0.000 0.000 0.000 0.000 0.000 0.000 0.000 0.000 0.000 0.000 0.000 0.000 0.000 0.000 0.000 0.000 3.339 49.339 8.339 0.000 0.000 0.000 0.000 0.000 0.000 0.000 0.000 0.000 0.000 0.000 0.000 0.000 0.000 0.000 0.000 0.000 28.398 31.408 35.411 35.410 37.407 56.401 46.391 29.369 0.000 0.000 43.292 64.288 71.281
77.334 75.334 45.334 42.334 22.334 0.000 0.000 0.000 0.000 39.333 42.333 40.333 33.333 0.000 0.000 0.000 0.000 0.000 0.000 0.000 0.000 0.000 0.000 0.000 0.000 0.000 0.000 0.000 0.000 0.000 0.000 0.000 0.000 0.000 0.000 0.000 0.000 0.000 0.000 0.000 1.339 52.339 14.339 0.000 0.000 0.000 0.000 0.000 0.000 0.000 0.000 0.000 0.000 0.000 0.000 0.000 0.000 0.000 0.000 0.378 39.388 36.391 35.392 31.390 44.386 61.378 45.366 34.347 29.321 29.303 53.290 70.280 71.271
77.334 75.334 28.334 32.334 0.000 0.000 0.000 0.000 0.000 0.000 30.333 43.333 35.333 0.000 0.000 0.000 0.000 0.000 0.000 0.000 0.000 0.000 0.000 0.000 0.000 0.000 0.000 0.000 0.000 0.000 0.000 0.000 0.000 0.000 0.000 0.000 0.000 0.000 0.000 0.000 0.000 1.339 20.339 0.000 0.000 0.000 0.000 0.000 0.000 0.000 0.000 0.000 8.356 16.356 0.000 0.000 0.000 0.000 0.000 33.369 31.374 30.377 35.376 49.373 62.367 52.359 36.347 34.332 36.314 33.298 54.284 72.272 71.261
77.334 51.334 0.000 0.000 0.000 0.000 0.000 0.000 0.000 0.000 0.000 33.333 40.333 38.333 0.000 0.000 0.000 0.000 0.000 0.000 0.000 0.000 0.000 0.000 0.000 0.000 0.000 0.000 0.000 0.000 0.000 0.000 0.000 0.000 0.000 0.000 0.000 0.000 0.000 0.000 0.000 0.000 0.000 0.000 0.000 0.000 0.000 0.000 0.000 0.000 0.000 0.000 0.000 9.356 11.356 0.000 38.357 30.358 28.359 40.363 54.365 59.365 61.363 61.358 47.352 35.343 34.332 34.319 33.305 35.290 58.277 73.264 71.251
