results4_8e4_rain/res_4e8f-0195.wd
ncols         241
nrows         181
xllcorner     12693529.787448
yllcorner     3542525.717860
cellsize      155.156523
NODATA_value  -9999.000000
[rows 66 to 98 of 181, columns 73 to 145 of 241]
71.796 35.782 0.000 60.936 77.912 76.880 76.852 0.000 48.246 48.230 61.243 57.254 56.233 56.187 55.118 131.018 118.845 0.000 0.000 0.000 51.563 46.500 51.404 54.341 54.289 56.240 57.192 62.134 63.081 64.035 55.002 0.000 0.000 52.298 102.298 84.212 88.077 88.167 86.221 94.139 86.631 87.111 87.851 86.624 86.402 87.198 57.043 0.000 0.000 0.000 0.000 0.000 0.000 0.000 43.289 41.265 41.225 41.170 41.104 41.035 44.961 57.884 54.807 39.731 50.658 59.585 38.513 41.441 47.370 52.299 48.229 42.161 40.094
56.798 62.768 0.602 49.163 73.121 72.091 66.094 19.180 0.000 0.000 54.323 67.403 56.403 55.371 56.327 37.285 0.000 0.000 0.000 0.000 0.000 0.000 62.336 60.310 58.276 41.234 44.185 51.130 52.089 57.057 48.030 0.000 0.000 0.000 62.540 80.448 87.386 87.479 94.565 94.359 86.703 87.392 87.103 86.893 86.683 81.495 39.363 0.000 3.550 36.550 0.000 0.000 0.000 49.371 44.335 41.300 41.257 41.204 41.143 41.077 41.007 40.933 47.859 61.785 62.712 45.640 39.568 40.497 41.427 45.358 44.289 40.221 40.155
58.811 57.743 62.611 60.413 74.319 67.269 68.252 65.266 0.000 0.000 0.000 69.631 64.604 59.568 61.534 8.510 0.000 0.000 0.000 0.000 0.000 0.000 61.295 57.285 48.272 0.000 0.000 49.110 61.090 60.074 0.000 0.000 8.246 65.126 56.873 60.695 67.773 82.834 94.756 86.440 87.996 87.560 87.372 87.155 84.942 67.738 46.550 52.550 50.550 31.550 0.000 0.000 0.000 7.407 58.380 40.344 41.299 45.247 53.188 43.123 41.055 39.984 43.911 58.838 65.766 57.694 43.623 38.553 40.484 40.416 40.348 40.281 39.214
58.856 56.780 60.678 71.559 65.473 58.414 77.379 66.366 18.383 0.000 12.036 61.888 77.813 72.764 72.730 75.712 0.000 0.000 0.000 0.000 7.247 7.252 59.264 50.262 53.256 0.000 0.000 0.000 97.086 124.075 39.060 0.000 64.366 59.262 59.100 59.006 55.089 95.109 94.938 87.486 91.092 87.839 87.630 87.416 79.190 31.964 0.000 54.550 32.550 0.000 0.000 0.000 46.514 45.471 44.435 40.395 44.349 56.296 61.238 59.174 52.106 42.035 50.963 58.891 37.819 43.747 56.677 53.608 49.540 57.473 38.406 40.340 38.273
56.917 62.845 72.761 64.674 56.598 56.536 69.484 77.436 73.400 76.326 78.184 73.071 67.995 69.944 58.911 57.895 0.000 0.000 0.000 8.240 64.243 63.245 51.247 53.243 54.233 58.213 57.199 0.000 8.093 2.079 1.026 10.766 70.589 63.456 58.294 59.384 57.429 95.264 57.101 64.691 79.287 87.108 87.895 85.689 44.440 0.000 0.000 0.000 0.000 0.000 0.000 47.582 41.557 41.527 41.493 42.453 52.406 61.352 60.293 60.228 56.159 52.088 62.016 44.943 39.871 40.800 40.730 50.662 63.595 50.529 38.464 39.399 45.332
62.986 73.921 63.849 56.776 57.709 57.648 59.586 43.493 69.457 67.393 59.303 56.218 55.152 71.106 73.076 60.061 0.000 0.000 0.000 64.238 60.238 57.238 50.236 54.231 54.221 54.205 54.186 13.154 16.116 17.086 19.036 86.906 83.773 72.641 71.595 60.592 95.541 95.409 59.152 65.802 60.578 67.382 86.155 61.005 0.000 0.000 0.000 0.000 0.000 0.000 0.000 47.608 41.604 41.586 41.557 42.517 51.469 61.414 60.353 59.286 56.216 61.143 55.069 38.995 40.922 40.851 40.781 50.714 58.649 37.586 40.523 43.459 62.392
74.062 64.002 56.938 57.874 57.813 58.760 39.720 0.000 26.540 54.488 57.417 57.346 57.290 55.251 79.225 63.213 0.000 0.000 0.000 41.236 58.233 52.232 53.229 54.223 54.215 54.202 54.185 65.161 5.130 9.112 26.122 79.049 88.946 10.834 92.755 82.947 95.657 57.722 71.366 68.010 57.881 54.686 51.338 36.171 0.000 0.000 43.178 0.000 0.000 0.000 0.000 43.637 41.666 41.658 41.630 41.590 42.540 48.482 56.418 56.348 56.274 60.199 38.122 41.046 40.972 39.900 45.830 62.764 45.701 39.641 42.583 23.524 24.442
64.143 57.087 58.028 57.968 57.911 60.858 16.813 14.778 7.674 52.602 57.531 59.458 57.413 56.382 74.362 70.353 0.000 0.000 0.000 0.000 49.228 52.227 54.224 54.219 54.212 54.202 56.190 42.176 0.000 0.000 76.288 79.223 90.132 96.003 90.106 88.144 95.757 78.769 81.472 66.315 59.220 52.147 0.000 0.000 0.000 0.000 41.178 0.000 0.000 0.000 0.000 0.000 44.766 41.749 41.717 41.673 41.619 41.557 41.488 48.413 56.335 44.255 41.175 41.096 41.019 43.946 56.876 56.810 38.749 40.694 43.646 10.611 0.000
57.228 58.174 58.118 58.060 58.003 57.949 61.897 62.845 62.778 58.715 58.647 38.542 55.521 56.501 72.488 71.484 0.000 0.000 0.000 0.000 48.225 54.224 54.221 54.217 54.212 54.206 42.198 0.000 0.000 4.654 81.521 87.425 90.325 90.271 89.349 95.891 88.249 90.966 85.655 70.597 60.537 59.533 59.668 0.000 0.000 0.000 38.178 45.178 38.178 0.000 0.000 0.000 59.883 40.855 41.815 41.765 41.706 42.639 41.564 41.483 41.398 41.312 41.227 41.144 40.064 45.988 60.917 37.852 40.792 40.739 42.694 17.664 0.000
58.317 58.264 58.209 58.152 58.094 58.036 57.981 57.928 57.878 57.834 61.799 0.000 48.628 57.614 73.604 68.610 4.657 0.000 0.000 0.000 53.223 56.222 56.220 56.217 54.214 57.211 0.000 0.000 0.000 73.787 79.715 90.630 90.512 90.620 88.669 96.095 89.381 94.024 89.916 90.850 78.801 66.782 55.802 50.802 52.802 0.000 0.000 44.178 39.177 45.172 46.157 44.119 50.027 59.974 41.924 42.867 51.802 58.728 40.645 41.556 41.463 41.369 41.277 40.188 45.104 64.026 57.954 46.888 39.829 40.776 42.729 57.686 75.641
58.409 58.356 58.301 58.244 58.184 58.122 58.062 61.008 58.973 57.941 61.918 0.000 48.748 57.725 74.704 66.696 6.704 0.000 0.000 0.000 26.222 36.221 35.219 35.217 56.215 41.213 0.000 0.000 0.000 75.992 85.926 90.838 90.797 89.901 96.715 96.422 90.443 91.286 90.145 90.089 91.035 81.991 46.956 0.000 0.000 0.000 0.000 42.180 42.181 39.181 41.180 42.172 41.133 48.089 62.038 44.978 42.907 52.825 40.733 41.632 41.528 41.424 41.323 41.227 49.138 62.057 48.984 60.918 38.860 39.807 44.758 65.713 77.665
58.504 58.451 58.396 58.339 58.276 61.205 63.137 35.070 56.065 59.041 61.013 20.987 51.890 56.833 68.792 66.767 7.758 0.000 0.000 0.000 0.000 0.000 2.217 2.217 37.216 0.000 0.000 0.000 24.429 74.263 91.157 91.040 91.157 89.243 96.981 89.024 94.732 90.428 90.383 90.317 90.258 80.193 41.074 0.000 0.000 0.000 0.000 0.000 45.187 46.193 33.209 41.256 42.245 42.211 46.161 62.099 45.024 41.934 41.829 41.713 41.593 41.475 39.364 45.259 64.165 45.081 44.007 57.942 41.884 39.833 46.785 72.740 77.695
58.599 58.546 58.493 58.439 60.377 36.285 38.211 0.000 18.175 54.145 58.106 62.059 57.992 60.927 65.863 70.822 9.803 0.000 0.000 0.000 0.000 3.217 55.217 62.217 0.000 0.000 0.000 7.713 83.595 85.476 91.371 91.328 90.447 97.462 97.230 90.083 90.800 90.672 90.604 90.541 89.487 69.448 0.000 0.000 0.000 0.000 0.000 0.000 0.000 37.193 0.000 48.397 45.381 41.347 41.298 43.234 60.155 49.056 40.936 41.797 41.655 40.521 45.397 47.283 46.180 43.094 41.020 40.958 40.903 41.854 54.810 76.769 77.728
58.695 58.642 58.592 58.546 63.509 1.494 0.000 24.405 16.315 50.257 59.206 57.152 59.090 71.019 42.912 36.854 1.828 0.000 0.000 0.000 0.000 53.217 59.217 61.217 0.000 0.000 0.000 70.831 75.762 89.675 91.559 91.690 89.786 97.675 89.578 91.256 90.951 90.893 90.820 90.756 82.702 59.665 0.000 0.000 0.000 0.000 0.000 0.000 0.000 0.000 0.000 52.554 47.535 41.499 39.449 42.385 42.304 58.201 51.064 41.882 42.711 40.558 47.420 47.294 44.181 38.093 41.024 40.966 42.916 56.872 75.832 77.796 80.763
59.788 57.735 57.688 57.646 60.614 30.603 27.576 59.494 64.422 58.363 56.309 63.254 73.198 76.147 0.098 0.000 0.000 0.000 0.000 0.000 0.000 21.217 28.217 30.217 0.000 0.000 0.000 73.016 80.953 90.864 91.857 90.895 98.069 97.878 90.607 91.313 91.176 91.100 91.028 90.962 72.899 54.844 0.000 0.000 0.000 0.000 0.000 0.000 0.000 0.000 0.000 50.731 48.706 48.665 45.614 38.551 40.476 41.380 57.237 56.956 53.748 50.579 43.431 42.293 39.155 40.075 41.016 44.966 64.923 76.885 76.850 77.820 76.793
73.876 72.824 71.777 69.735 66.699 67.669 67.631 64.575 65.518 67.464 67.412 73.358 75.301 33.224 0.000 0.000 0.000 0.000 0.000 0.000 0.000 0.000 0.000 0.000 0.000 11.524 19.446 74.266 91.159 92.068 92.018 91.246 98.247 90.078 91.755 91.445 91.381 91.301 91.230 89.163 71.090 41.967 0.000 0.000 0.000 0.000 0.000 0.000 0.000 0.000 0.000 40.932 44.893 47.843 48.789 47.731 44.670 40.606 34.547 0.000 0.000 0.000 0.000 0.000 43.070 41.036 43.998 64.960 77.925 76.894 77.865 80.840 76.819
69.959 71.907 70.860 72.818 74.779 73.742 72.703 70.657 68.609 68.562 69.515 65.468 65.422 0.000 0.000 0.000 0.000 0.000 0.000 0.000 0.000 0.000 0.000 0.000 0.000 60.603 83.546 82.444 91.351 92.239 92.366 90.469 98.413 92.170 91.777 91.655 91.572 91.496 91.428 87.372 67.331 0.000 0.000 0.000 0.000 0.000 0.000 0.000 0.000 0.000 48.320 43.174 40.089 42.024 46.967 48.915 48.867 49.826 40.799 0.000 0.000 0.000 0.000 0.000 44.019 42.003 57.978 78.952 76.925 76.899 76.876 77.856 76.839
58.037 57.986 58.940 65.897 74.857 80.819 68.781 62.741 57.701 55.661 54.621 60.574 39.498 0.000 0.000 0.000 0.000 0.000 0.000 0.000 0.000 0.000 0.000 0.000 0.000 66.738 82.692 90.616 92.530 92.497 91.627 98.708 98.567 94.186 91.994 91.834 91.758 91.682 91.616 86.563 61.532 0.000 0.000 0.000 0.000 0.000 0.000 0.000 0.000 48.588 43.466 43.353 43.266 42.198 39.141 44.094 48.057 49.032 46.025 0.000 0.000 0.000 0.000 46.974 40.984 44.977 72.962 76.943 76.923 76.903 76.884 76.868 76.855
57.111 57.061 61.015 65.973 67.933 70.896 60.860 56.825 57.791 57.760 59.732 37.710 0.000 0.000 0.000 0.000 0.000 0.000 0.000 0.000 0.000 0.000 0.000 0.000 0.000 52.920 81.868 91.797 92.696 92.825 90.934 98.838 91.731 93.406 92.088 92.023 91.937 91.859 91.790 82.734 55.700 0.000 0.000 0.000 0.000 0.000 0.000 0.000 47.822 43.710 43.603 43.507 43.426 43.359 43.305 40.263 39.234 42.223 49.242 49.329 0.000 0.000 0.000 40.965 41.965 59.960 76.949 75.936 75.920 76.905 76.890 76.878 76.867
57.179 57.131 59.087 60.046 58.008 56.972 57.939 56.908 56.880 56.856 61.836 6.825 0.000 0.000 0.000 0.000 0.000 0.000 0.000 0.000 0.000 0.000 0.000 0.000 4.289 61.153 90.064 92.980 92.950 92.080 99.074 98.960 94.728 92.430 92.285 92.197 92.110 92.028 92.951 72.883 60.835 0.000 0.000 47.427 0.000 47.194 49.151 49.067 43.934 43.827 43.730 43.645 43.570 43.508 43.457 43.418 42.393 39.382 48.391 49.416 42.416 0.000 0.000 48.955 40.953 48.948 54.940 57.930 61.918 67.906 73.895 75.885 75.877
58.244 58.198 58.155 58.116 58.079 57.046 57.015 56.988 56.965 55.946 63.934 14.928 0.000 0.000 0.000 0.000 0.000 0.000 0.000 0.000 0.000 0.000 0.000 0.000 45.424 81.341 92.255 93.145 93.285 91.377 99.177 92.177 93.853 92.538 92.463 92.369 92.279 92.190 93.103 65.011 42.923 0.000 0.000 43.427 0.000 42.238 44.191 44.115 44.022 43.931 43.847 43.771 43.703 43.645 43.598 43.561 41.536 43.524 49.523 46.529 0.000 0.000 0.000 47.946 46.944 45.940 44.933 43.925 42.916 46.906 57.898 53.890 55.883
56.304 56.261 56.220 56.182 56.148 56.117 56.088 57.064 59.044 61.031 36.024 3.025 0.000 0.000 0.000 0.000 0.000 0.000 0.000 3.659 12.651 0.000 0.000 15.783 56.642 87.535 93.432 93.421 92.448 99.356 99.271 95.167 92.873 92.725 92.632 92.538 92.445 92.353 88.258 35.135 0.000 0.000 0.000 43.427 49.408 44.330 44.258 44.183 44.106 44.030 43.957 43.888 43.826 43.772 43.727 43.692 40.667 49.653 49.648 45.649 0.000 0.000 0.000 46.940 45.937 46.933 46.928 46.921 46.914 46.907 45.900 45.893 44.888
57.362 57.320 60.282 64.246 67.214 71.184 73.158 76.136 75.118 67.108 5.107 16.123 40.177 8.201 0.000 0.000 0.000 0.000 0.000 43.668 70.643 10.603 0.000 49.925 82.825 92.717 93.616 93.546 92.769 99.430 91.602 93.289 92.973 92.898 92.800 92.706 92.611 93.518 80.443 0.000 0.000 0.000 0.000 23.446 43.466 44.416 46.329 46.252 44.189 44.126 44.062 43.999 43.942 43.891 43.847 40.813 45.788 48.773 49.767 40.769 0.000 0.000 0.000 30.936 51.932 51.928 48.923 45.918 45.912 46.906 47.901 47.896 46.892
59.415 58.377 65.341 74.307 75.276 74.248 73.223 72.202 69.186 63.175 38.174 55.184 73.206 42.226 26.246 2.254 0.000 0.000 14.740 53.701 67.649 6.564 25.401 67.166 92.017 94.900 93.741 93.952 91.928 99.492 93.586 93.301 93.153 93.062 92.969 92.875 92.776 94.664 38.554 0.000 0.000 0.000 0.000 0.000 39.593 45.538 26.391 26.305 43.273 44.223 44.165 44.106 44.050 44.001 42.959 40.924 49.899 49.883 46.879 40.891 46.939 0.000 0.000 0.000 62.927 77.924 70.920 66.915 62.910 58.906 61.901 61.897 44.894
59.466 59.431 62.397 65.366 64.336 62.309 60.285 58.264 56.247 56.235 65.229 67.231 64.239 61.249 65.258 13.263 0.000 0.000 54.779 84.747 35.689 31.601 65.474 89.319 94.186 94.041 94.158 92.113 99.575 91.989 93.704 93.391 93.320 93.227 93.138 93.049 95.953 52.809 0.000 0.000 0.000 0.000 0.000 0.000 41.776 46.754 0.000 0.000 40.375 44.329 44.268 44.208 44.153 44.104 41.062 49.027 50.001 48.983 39.974 43.976 43.988 0.000 0.000 0.000 30.924 60.922 78.917 77.913 77.909 77.905 77.901 71.898 61.896
59.516 59.484 59.452 58.422 58.394 59.367 59.343 59.321 57.302 58.287 63.277 66.271 62.271 57.273 60.275 15.276 0.000 0.000 46.851 56.818 34.760 67.678 82.573 91.453 94.336 94.266 93.364 99.943 99.713 92.978 93.707 93.565 93.478 93.390 93.306 93.231 96.180 0.000 0.000 11.545 20.545 0.000 0.000 43.076 45.981 44.947 51.975 0.875 40.523 44.448 44.372 44.306 44.249 42.200 44.157 50.122 50.094 42.073 43.058 44.051 44.049 0.000 0.000 0.000 0.000 0.000 60.913 76.910 76.907 76.904 76.901 77.899 77.897
59.565 59.535 59.506 59.477 59.449 59.423 59.399 58.376 57.355 61.335 65.319 65.307 60.300 56.296 61.293 14.290 0.000 0.000 42.955 11.915 58.854 82.778 88.687 94.592 94.441 94.650 92.638 100.148 92.396 94.107 93.795 93.726 93.635 93.549 93.465 100.388 84.355 0.000 7.545 57.545 43.545 0.000 0.000 38.171 46.125 45.077 45.025 50.914 48.713 47.569 44.467 44.395 44.337 41.289 49.246 50.210 46.180 41.156 44.136 44.120 46.107 50.119 0.000 0.000 0.000 0.000 0.000 73.906 76.905 76.903 76.901 77.899 75.898
59.615 59.587 59.558 59.531 59.504 59.478 58.453 57.428 59.405 63.381 66.357 62.339 57.326 56.318 59.312 41.300 28.272 29.212 25.100 26.031 65.965 86.893 92.814 94.703 94.840 92.830 100.509 100.336 93.399 94.112 93.967 93.878 93.789 93.705 98.619 41.501 56.497 26.534 57.544 65.546 0.000 0.000 0.000 37.311 46.272 45.212 45.133 55.015 65.846 39.648 49.530 45.468 42.418 44.371 50.329 49.291 40.260 43.234 44.211 44.187 31.141 32.130 0.000 0.000 0.000 0.000 0.000 54.904 75.903 76.902 76.900 80.899 76.898
59.666 59.638 59.610 59.583 59.557 59.531 57.506 57.481 61.455 68.425 69.391 65.364 60.348 58.339 58.336 60.326 60.305 69.264 10.202 44.143 82.082 89.016 94.943 94.908 94.039 100.816 100.667 93.752 94.533 94.196 94.122 94.027 93.941 93.862 101.804 0.000 39.598 41.561 31.551 33.549 0.000 0.000 0.000 40.491 46.439 45.367 51.280 67.168 44.007 0.000 30.538 43.531 41.494 49.449 50.406 46.367 43.334 44.308 44.288 46.275 0.000 0.000 0.000 0.000 0.000 0.000 46.903 27.903 66.901 76.901 76.900 81.899 76.898
59.717 59.689 59.662 59.635 59.609 58.584 57.559 59.534 66.508 43.476 19.416 18.380 15.361 45.355 62.365 57.365 60.357 41.336 3.301 49.257 87.204 93.151 95.038 95.280 93.302 100.954 94.084 94.861 94.429 94.370 94.265 94.172 94.083 95.001 92.930 14.874 14.736 0.000 0.000 0.000 0.000 0.000 39.868 47.722 45.625 44.538 64.451 68.371 0.000 0.000 0.684 39.624 45.579 50.527 50.478 40.436 44.402 44.376 44.359 47.349 0.000 0.000 0.000 0.000 0.000 0.000 25.903 0.000 54.900 76.899 76.899 82.898 76.898
59.767 59.740 59.714 59.687 58.661 57.636 59.612 62.589 70.569 29.553 0.000 0.000 0.000 0.000 44.403 59.413 60.422 46.424 48.409 74.378 91.337 95.261 95.433 93.453 101.196 101.080 95.062 94.757 94.608 94.505 94.407 94.312 94.219 97.127 82.040 10.957 0.000 0.000 0.000 0.000 0.000 1.249 40.014 46.905 45.802 43.708 71.616 32.494 0.000 0.000 45.864 50.753 50.670 50.601 48.544 43.498 44.463 44.437 44.421 46.414 0.000 50.504 2.504 0.000 0.000 0.000 0.000 0.000 47.899 76.899 76.898 76.898 76.897
59.817 59.791 59.765 59.738 58.712 57.687 61.663 65.641 69.625 27.615 0.000 0.000 0.000 0.000 24.433 67.462 62.492 68.529 81.533 90.511 94.471 95.477 94.626 101.400 101.302 94.396 95.171 94.828 94.744 94.641 94.544 94.450 98.354 61.250 33.145 0.000 0.000 0.000 0.000 0.000 2.533 42.407 47.220 46.081 47.969 44.878 68.811 0.000 0.000 41.162 47.997 63.855 52.746 49.663 45.599 43.550 43.513 44.487 44.473 44.472 49.496 45.504 36.504 0.000 0.000 0.000 43.897 45.897 44.898 76.898 76.898 76.897 76.897
59.867 59.841 59.816 59.789 57.763 59.737 65.711 66.689 64.673 51.668 12.685 0.000 0.000 0.000 0.000 20.509 16.556 56.668 87.682 91.661 95.601 95.770 93.892 101.490 93.705 95.484 95.049 94.984 96.872 95.772 94.677 94.589 100.498 23.374 0.000 0.000 0.000 0.000 0.000 23.751 62.648 62.527 50.380 47.229 58.116 53.023 53.939 14.861 2.700 39.328 44.107 54.925 50.797 54.706 48.639 51.589 50.552 47.527 44.512 43.507 43.511 49.513 0.000 0.000 0.000 0.000 40.897 40.897 50.897 76.897 76.897 76.897 76.897
