results4_8e4_rain/res_4e8f-0222.wd
ncols         241
nrows         181
xllcorner     12693529.787448
yllcorner     3542525.717860
cellsize      155.156523
NODATA_value  -9999.000000
[rows 33 to 65 of 181, columns 73 to 145 of 241]
0.000 0.000 0.000 0.000 0.000 0.000 0.000 0.000 0.000 0.000 0.000 0.000 0.000 0.000 0.000 0.000 0.000 0.000 0.000 0.000 0.000 0.000 0.000 0.000 0.000 0.000 0.000 0.000 0.000 0.000 0.000 0.000 0.000 0.000 0.000 0.000 0.000 0.000 0.000 39.947 62.949 67.950 23.952 0.000 0.000 33.029 47.057 14.036 5.036 37.057 40.072 34.070 35.051 36.014 35.960 35.887 35.793 34.675 40.520 60.281 6.794 14.901 12.176 47.330 63.786 68.314 66.873 67.474 66.008 68.092 63.146 62.756 62.744
0.000 0.000 0.000 0.000 0.000 0.000 0.000 0.000 0.000 0.000 0.000 0.000 0.000 0.000 0.000 0.000 0.000 0.000 0.000 0.000 0.000 0.000 0.000 0.000 0.000 0.000 0.000 0.000 0.000 0.000 0.000 0.000 0.000 0.000 0.000 0.000 0.000 0.000 0.000 0.000 14.949 9.950 0.000 0.000 0.000 0.000 29.149 0.000 0.000 27.098 51.139 50.143 40.125 36.089 36.031 35.951 35.850 34.729 56.593 54.437 0.000 37.734 50.297 63.721 68.199 67.720 67.290 66.796 67.855 63.872 63.172 63.424 65.724
0.000 0.000 0.000 0.000 0.000 0.000 0.000 0.000 0.000 0.000 0.000 0.000 0.000 0.000 0.000 0.000 0.000 0.000 35.365 67.365 20.364 0.000 0.000 0.000 0.000 0.000 0.000 0.000 0.000 0.000 0.000 0.000 0.000 0.000 0.000 0.000 0.000 0.000 0.000 0.000 0.000 0.000 0.000 0.000 0.000 0.000 21.240 0.000 0.000 0.000 29.242 47.237 47.219 38.184 36.124 36.038 33.926 49.798 58.684 0.000 23.394 48.003 62.557 69.059 68.565 68.109 67.588 69.619 65.605 63.715 64.113 66.437 65.681
0.000 0.000 0.000 0.000 0.000 0.000 0.000 0.000 0.000 0.000 0.000 22.366 60.366 0.366 0.000 0.000 0.000 0.000 42.365 93.364 49.364 0.000 0.000 0.000 0.000 0.000 0.000 0.000 0.000 0.000 0.000 0.000 0.000 0.000 0.000 0.000 0.000 0.000 0.000 0.000 0.000 0.000 0.000 0.000 0.000 0.000 24.332 25.373 32.391 18.389 28.352 36.343 49.332 40.303 36.245 33.150 44.018 53.852 42.663 18.319 47.785 65.328 69.868 69.388 68.924 68.383 68.387 67.348 64.370 64.817 67.155 66.406 66.171
0.000 0.000 0.000 0.000 0.000 0.000 0.000 0.000 0.000 0.000 0.000 43.366 78.366 67.366 54.366 9.366 3.366 27.365 81.365 89.364 54.364 0.000 0.000 0.000 0.000 23.420 2.420 0.000 0.000 0.000 0.000 0.000 0.000 0.000 0.000 0.000 0.000 7.420 0.000 0.000 0.000 11.418 29.418 0.000 0.000 40.395 55.382 58.396 56.411 42.423 36.433 35.451 49.462 40.451 32.402 46.300 60.145 47.931 35.795 50.508 55.099 67.658 70.195 69.733 69.180 69.159 67.103 65.135 65.540 67.886 67.145 66.914 66.579
0.000 0.000 0.000 0.000 0.000 0.000 0.000 0.000 0.000 0.000 0.000 14.367 76.367 59.367 40.366 2.366 23.366 73.366 84.365 91.364 50.364 0.000 0.000 0.000 0.420 61.420 45.420 0.000 0.000 0.000 0.000 0.000 0.000 0.000 0.000 0.420 24.420 36.420 38.420 0.000 0.000 20.419 45.418 24.417 38.414 61.408 64.406 65.416 62.434 49.461 36.505 33.565 50.615 41.637 45.611 63.505 57.330 0.000 34.077 52.822 65.444 71.006 70.550 69.990 69.945 67.878 66.025 66.283 68.632 67.902 67.678 67.345 67.011
0.000 0.000 0.000 0.000 0.000 0.000 0.000 0.000 0.000 0.000 0.000 0.000 0.000 27.367 65.367 61.367 49.366 62.366 82.365 93.364 46.363 0.000 0.000 0.000 0.000 23.420 47.420 49.420 0.000 0.000 0.000 0.000 0.000 0.000 0.000 0.000 40.420 41.420 53.420 36.420 25.420 39.419 40.419 36.418 43.417 50.417 48.419 41.429 60.448 26.483 42.560 45.691 35.794 47.871 60.899 57.777 0.329 9.028 45.616 62.255 70.851 71.389 70.836 70.762 67.690 67.083 67.056 69.396 68.678 68.464 68.139 67.807 67.448
0.000 0.000 0.000 0.000 0.000 0.000 0.000 0.000 0.000 0.000 0.000 0.000 0.000 17.367 84.367 79.367 69.367 59.366 83.365 91.364 86.361 71.357 26.355 0.000 0.000 0.000 3.420 57.420 41.420 39.420 50.420 45.420 8.420 0.000 0.000 4.420 40.420 39.420 60.420 66.420 55.420 47.420 39.420 36.420 37.420 38.421 37.425 35.433 43.445 4.464 0.000 4.846 41.000 64.155 62.337 1.627 7.718 45.434 59.101 68.744 72.283 71.845 72.621 68.575 68.382 67.877 70.186 69.473 69.267 68.957 68.640 68.290 67.899
0.000 0.000 0.000 0.000 0.000 0.000 0.000 0.000 0.000 0.000 0.000 0.000 0.000 0.000 17.367 56.368 31.368 67.368 86.366 91.364 89.360 87.356 76.352 35.349 0.349 0.000 0.000 13.420 52.420 52.420 65.420 63.420 56.420 51.420 0.000 0.000 7.420 44.420 63.420 70.420 62.420 46.420 35.421 36.421 36.422 36.424 36.427 36.432 40.436 0.000 0.000 0.000 11.206 48.411 17.873 15.139 50.079 54.886 66.629 73.237 73.090 71.332 69.662 70.049 68.779 71.021 70.298 70.085 69.782 69.486 69.169 68.815 68.384
0.000 0.000 0.000 0.000 0.000 0.000 0.000 0.000 0.000 0.000 0.000 0.000 0.000 0.000 0.000 2.369 88.370 88.370 90.368 90.365 89.360 83.354 77.349 48.345 0.000 0.000 0.000 0.000 0.000 20.420 65.420 59.420 74.420 71.420 50.420 29.420 30.420 39.420 61.420 70.420 61.421 44.421 34.421 39.422 38.423 36.425 36.428 36.430 37.432 29.432 0.000 0.000 0.000 0.000 9.605 52.641 55.570 63.427 74.151 74.264 72.626 74.520 72.283 69.822 71.934 71.171 70.928 70.611 70.319 70.030 69.738 69.416 67.979
0.000 0.000 0.000 0.000 0.000 0.000 23.344 46.341 0.000 24.283 64.272 53.259 57.249 32.242 0.000 0.000 24.372 96.373 90.373 87.369 84.361 87.352 78.344 41.339 0.000 0.000 0.000 0.000 0.000 0.000 0.000 9.420 63.420 64.420 15.420 0.000 6.420 43.420 61.420 66.421 56.421 47.421 45.422 7.423 14.424 42.426 36.428 36.430 37.431 43.431 51.431 13.431 0.000 0.000 25.300 58.252 62.144 72.954 75.170 74.802 78.079 76.659 71.164 72.972 72.120 71.812 71.456 71.142 70.849 70.579 70.336 70.131 75.986
0.000 0.000 0.000 0.000 0.000 0.000 23.347 66.338 8.318 58.293 60.274 72.258 55.244 40.236 0.000 0.000 12.374 81.376 93.381 90.376 90.364 91.349 85.336 39.327 0.000 0.000 0.000 0.000 0.000 0.000 0.000 0.000 0.000 48.420 7.420 0.000 2.420 49.420 46.420 58.421 15.421 0.000 0.000 0.000 0.000 8.427 46.428 40.429 3.430 33.431 67.431 50.431 3.431 0.000 30.052 63.891 72.793 75.914 75.669 79.839 79.092 72.520 74.088 73.139 72.746 72.331 71.973 71.648 71.355 71.100 70.898 70.785 75.848
21.610 65.603 55.598 0.000 0.000 0.000 17.359 77.346 53.324 55.298 61.274 85.253 86.235 81.221 35.206 0.000 0.000 0.000 41.400 95.389 90.369 91.346 88.322 47.306 0.000 0.000 0.000 0.000 0.000 0.000 0.000 0.000 0.000 6.420 0.000 0.000 0.000 0.000 0.000 0.000 0.000 0.000 0.000 0.000 0.000 0.000 0.000 21.430 18.430 0.000 0.000 0.000 0.000 19.465 56.881 73.834 75.510 76.443 80.790 80.393 73.549 75.110 74.150 73.697 73.227 72.821 72.453 72.121 71.824 71.568 71.370 71.263 74.326
21.611 77.602 59.593 55.581 0.000 0.000 4.383 69.364 71.333 71.301 83.270 80.245 92.223 91.205 52.192 0.000 0.000 0.000 17.431 97.411 90.379 91.341 88.302 48.269 0.000 0.000 8.831 56.793 68.752 37.724 0.000 0.000 0.000 0.000 0.000 0.000 0.000 0.000 0.000 0.000 0.000 0.000 0.000 0.000 0.000 0.000 0.000 0.000 6.430 0.000 0.000 0.000 17.429 57.937 74.897 75.479 81.709 81.199 74.819 75.382 75.886 75.071 74.607 74.113 73.672 73.267 72.897 72.559 72.252 71.980 71.750 78.571 19.448
85.614 82.603 61.589 62.570 54.540 1.497 59.426 54.394 62.343 75.301 79.261 90.233 91.207 90.184 59.165 0.000 0.000 0.000 16.481 96.445 90.395 91.338 86.275 66.199 50.081 50.973 50.869 58.797 79.738 46.696 0.000 0.000 0.000 0.000 0.000 0.000 0.000 0.000 0.000 0.000 0.000 0.000 0.000 0.000 0.000 0.000 0.000 0.000 0.000 0.000 15.520 46.297 55.805 74.792 76.381 83.045 82.454 75.368 77.090 76.426 75.887 75.435 74.954 74.502 74.077 73.680 73.310 72.965 72.646 72.350 79.078 24.825 0.000
82.619 77.607 75.591 58.569 62.540 62.505 53.466 46.444 0.000 0.000 21.239 80.218 91.190 89.159 74.119 41.066 0.000 3.656 65.566 86.493 91.419 90.341 91.260 81.172 57.071 53.970 52.873 61.788 79.708 62.626 48.512 49.423 53.357 64.317 28.301 0.000 0.000 0.000 0.000 0.000 0.000 0.000 0.000 0.000 0.000 0.000 0.000 0.000 0.000 0.000 26.720 66.560 74.507 77.155 83.925 83.528 76.090 77.762 76.985 76.617 76.179 75.730 75.290 74.862 74.454 74.065 73.697 73.347 73.015 78.696 25.387 0.000 0.000
71.626 23.613 91.598 62.577 56.544 57.515 59.489 59.472 48.469 0.000 0.000 1.203 25.176 96.141 86.088 64.012 55.888 62.745 61.637 63.541 71.445 72.349 59.253 56.158 54.060 53.962 52.866 61.773 76.681 55.587 52.488 57.400 73.332 76.292 61.284 35.284 0.000 0.000 0.000 0.000 0.000 0.000 0.000 0.000 0.000 0.000 0.000 0.000 0.000 17.558 59.404 75.016 77.856 84.491 84.245 76.786 78.432 77.650 77.295 76.870 76.450 76.028 75.611 75.204 74.810 74.431 74.065 73.713 79.370 25.033 0.000 0.000 0.000
17.635 90.623 91.610 77.598 0.000 4.523 64.504 60.484 71.467 62.449 0.000 1.216 4.182 84.140 81.082 66.006 56.907 53.799 53.695 56.590 69.471 77.355 80.245 73.146 63.050 55.954 54.856 70.757 73.657 48.554 52.451 52.356 53.279 57.236 36.260 0.000 0.000 0.000 6.808 0.000 0.000 0.000 0.000 0.000 0.000 0.000 0.000 20.783 52.451 60.307 73.822 85.153 84.769 77.837 78.434 79.002 78.315 77.954 77.535 77.130 76.724 76.320 75.922 75.532 75.152 74.782 75.421 82.068 25.719 0.000 0.000 0.000 0.000
95.644 91.633 91.621 91.606 78.585 61.549 61.520 61.492 52.466 1.425 18.332 25.272 77.211 74.156 77.094 70.021 70.937 70.847 70.755 73.651 68.493 68.357 70.226 74.131 75.040 72.946 68.847 79.743 77.634 65.521 66.407 66.295 68.191 43.113 0.000 0.000 0.000 0.000 7.808 0.000 0.000 0.000 0.000 0.000 0.000 7.666 55.441 56.003 77.016 77.571 86.213 85.736 80.324 80.042 79.432 78.967 78.591 78.181 77.784 77.388 76.995 76.607 76.225 75.850 75.483 76.124 79.770 12.419 0.000 0.000 0.000 0.000 0.000
94.653 90.645 90.636 91.621 88.599 66.568 60.535 61.501 62.464 54.417 3.355 69.296 66.237 67.178 68.115 63.047 66.974 71.899 79.827 64.768 0.000 0.294 15.171 73.113 69.033 68.943 68.843 68.733 68.615 68.491 68.361 68.224 66.078 60.912 33.692 0.000 9.325 53.105 59.808 71.505 41.270 0.000 0.000 0.000 1.549 56.868 67.649 79.570 80.204 86.947 86.613 80.972 80.651 79.917 79.589 79.202 78.807 78.417 78.028 77.643 77.262 76.887 76.520 76.161 76.808 79.460 27.115 0.000 0.000 0.000 0.000 0.000 0.000
80.659 80.658 80.656 91.644 91.621 81.589 57.551 60.511 61.471 61.427 67.375 76.320 60.262 57.204 55.143 62.079 77.012 75.947 60.884 40.826 0.000 0.000 0.000 1.123 58.034 52.951 52.848 52.731 52.603 53.466 56.321 57.163 56.984 55.766 56.472 55.021 54.545 63.182 69.815 67.437 74.035 71.498 65.990 63.477 65.848 77.497 81.019 80.813 87.441 87.224 81.609 81.265 80.517 80.192 79.799 79.415 79.030 78.648 78.269 77.894 77.523 77.159 76.807 77.465 78.128 16.794 0.000 0.000 0.000 0.000 0.000 0.000 0.000
0.000 46.673 58.687 86.678 90.653 71.615 54.568 53.523 61.483 61.444 60.399 54.346 55.287 61.232 78.174 77.113 60.050 52.991 42.938 0.000 62.500 71.438 67.342 68.220 71.092 73.981 72.866 73.740 76.599 75.450 72.293 74.123 68.929 54.697 58.408 57.046 61.652 79.262 85.832 82.392 75.935 70.467 72.013 78.479 83.333 81.774 88.044 87.695 81.593 83.203 81.791 81.131 80.792 80.395 80.012 79.629 79.250 78.876 78.507 78.141 77.777 78.420 76.085 71.763 23.445 0.000 0.000 0.000 0.000 0.000 0.000 0.000 0.486
0.000 0.000 51.741 70.726 81.699 56.651 48.583 55.530 53.496 60.465 61.430 61.378 54.310 71.263 63.209 52.147 55.084 47.031 0.000 71.651 74.562 74.472 76.370 77.254 80.133 84.016 82.896 82.763 82.604 84.441 85.280 83.107 70.912 56.685 58.416 58.103 57.757 60.382 33.860 6.366 95.843 137.443 114.978 80.912 82.432 89.005 88.569 82.040 84.769 82.185 81.743 81.387 80.993 80.608 80.222 79.840 79.464 79.098 78.741 78.386 80.024 74.659 63.349 18.056 0.000 0.000 0.000 0.000 0.000 0.000 0.000 0.730 47.591
3.980 0.000 6.809 27.789 62.764 44.707 0.000 50.517 55.505 55.492 61.477 50.428 0.000 55.302 53.252 55.184 56.107 66.017 79.893 76.741 78.624 84.518 94.410 138.295 135.170 135.053 134.939 134.810 135.615 119.430 51.278 54.114 51.927 59.713 58.470 55.193 52.889 34.648 0.000 0.000 4.647 62.355 79.365 83.960 89.696 89.378 81.637 83.339 82.639 82.336 81.969 81.588 81.205 80.818 80.430 80.043 79.669 79.312 79.973 78.637 70.275 58.844 16.596 0.000 0.000 0.000 0.000 0.000 0.000 0.000 3.889 38.824 59.706
77.981 25.956 14.898 77.855 55.861 0.000 0.000 0.000 49.513 62.522 54.559 0.000 7.475 63.390 54.313 65.231 78.141 78.039 82.922 85.794 78.676 64.565 55.457 51.345 49.201 52.087 52.996 39.925 0.000 56.385 53.288 52.144 55.970 59.771 56.555 48.312 54.958 35.674 0.000 1.936 57.662 74.667 84.387 90.189 89.967 82.219 83.907 83.204 82.912 82.544 82.177 81.801 81.418 81.031 80.636 80.235 79.855 80.510 76.200 64.916 21.596 0.000 0.000 0.000 0.000 0.000 0.000 0.000 0.000 0.000 6.954 56.892 55.804
88.000 95.990 83.971 0.942 12.963 7.074 2.109 1.114 0.000 0.000 58.679 56.658 64.561 61.469 61.379 61.286 78.186 92.077 80.960 60.839 58.721 53.610 55.508 46.428 0.000 58.098 55.032 43.970 0.000 57.438 52.343 53.206 60.037 57.845 55.669 37.540 0.000 2.145 54.372 52.119 68.904 84.811 90.467 83.152 83.719 84.380 83.777 83.483 83.122 82.764 82.396 82.019 81.637 81.250 80.847 81.406 81.008 70.671 55.403 18.230 0.000 0.000 0.000 0.000 0.000 0.000 0.000 5.353 32.305 31.217 46.081 57.987 45.901
78.028 82.033 72.035 0.000 0.000 72.148 65.143 59.118 3.057 10.962 76.820 73.734 60.641 61.547 61.450 62.348 83.239 135.124 128.002 74.879 129.759 50.644 54.536 54.432 56.314 54.174 54.066 53.952 55.792 51.586 51.441 60.298 59.128 55.904 50.737 39.639 0.000 0.906 56.409 63.221 85.214 84.091 90.822 84.197 84.784 84.334 84.045 83.700 83.352 82.991 82.622 82.244 81.861 81.487 83.095 78.534 60.101 46.761 48.512 14.371 0.000 0.000 0.000 0.000 0.000 0.000 0.000 5.400 41.346 46.264 60.165 54.075 43.992
74.059 69.080 13.101 0.000 3.270 55.228 64.197 61.155 79.092 73.008 77.907 85.815 76.723 61.626 61.525 61.416 60.300 54.176 49.047 53.917 50.792 54.673 54.560 54.450 54.337 54.218 54.104 53.982 52.837 57.673 59.537 60.418 44.273 0.000 43.737 0.000 0.000 0.903 60.565 82.472 86.468 91.801 91.345 84.288 84.941 84.584 84.271 83.938 83.590 83.229 82.858 82.473 82.075 80.741 42.512 0.000 0.000 0.000 0.000 0.000 0.000 0.000 0.000 37.823 32.784 31.718 30.627 34.502 43.414 59.329 53.241 44.157 54.077
66.087 57.127 62.187 7.286 60.312 56.296 55.262 73.213 66.148 82.071 90.985 70.898 56.808 54.711 57.607 60.493 61.368 61.233 54.091 52.952 53.819 53.696 54.581 54.471 54.364 59.257 56.150 53.035 53.902 56.731 60.617 49.564 0.000 0.000 0.000 0.000 16.205 136.081 79.818 86.841 84.811 92.205 84.105 86.625 88.109 84.836 84.520 84.190 83.841 83.475 84.108 80.714 68.226 58.889 16.700 0.000 0.000 0.000 0.000 0.000 0.000 0.000 39.907 39.862 39.811 40.744 40.661 41.567 55.480 55.396 39.313 42.233 44.157
41.103 42.155 36.234 60.360 56.395 55.383 66.344 70.285 81.216 88.142 54.064 52.984 53.898 55.805 54.700 51.580 59.446 60.296 61.135 59.978 53.837 52.710 51.596 52.490 58.392 117.297 85.204 65.107 48.004 0.000 62.637 70.657 0.000 0.000 0.000 0.000 60.331 71.224 88.109 86.143 92.910 92.571 85.193 85.724 86.391 85.098 84.788 84.459 84.108 84.725 83.385 36.049 0.000 0.000 0.000 0.000 0.000 0.000 0.000 0.000 0.000 0.079 46.951 42.909 39.852 40.784 38.708 50.625 57.543 41.462 42.383 50.306 48.233
0.000 0.000 0.000 53.526 56.524 58.498 79.444 90.369 104.290 86.216 15.146 72.075 71.998 55.909 55.806 54.684 52.539 55.369 61.174 58.990 59.839 61.712 59.601 57.503 53.415 48.335 53.261 48.184 0.000 0.000 0.000 56.769 48.797 0.000 0.000 2.728 70.565 87.410 87.483 85.498 93.219 84.914 87.417 88.924 85.667 85.378 85.074 84.751 84.408 81.930 36.657 0.000 0.000 0.000 0.000 0.000 0.000 0.000 0.000 0.000 0.000 46.116 16.037 3.971 47.905 37.834 48.760 60.682 48.604 43.526 48.450 52.376 45.305
0.000 0.000 0.000 51.694 57.678 73.639 84.566 132.456 126.360 128.287 134.228 130.172 131.108 56.029 55.931 54.809 54.657 53.467 48.204 57.969 59.817 60.698 58.595 60.506 60.430 61.366 54.323 0.000 0.000 0.000 0.045 57.853 42.825 0.000 0.190 61.878 83.770 87.726 86.715 93.782 93.508 85.971 86.519 87.210 85.948 85.673 85.379 86.062 60.843 0.000 0.000 0.000 0.000 0.000 0.000 0.000 0.000 0.000 58.437 47.387 37.308 41.196 41.109 42.033 41.961 44.889 57.815 54.739 49.664 50.589 48.515 46.443 42.374
17.935 0.000 0.000 52.878 69.857 77.812 83.726 54.529 53.405 52.343 49.309 50.277 50.232 56.168 56.081 71.966 71.812 47.640 0.000 44.865 57.762 59.667 57.574 59.497 59.431 60.378 56.340 0.275 1.179 2.132 56.078 40.966 0.000 0.000 63.278 72.126 89.004 87.917 87.100 94.038 85.644 88.173 90.710 86.488 86.240 85.989 84.706 72.276 31.060 0.000 0.000 0.000 0.000 0.000 44.691 39.669 39.628 39.569 43.487 55.417 58.339 44.252 39.169 41.092 43.018 57.944 56.871 42.797 51.724 52.651 51.579 44.508 40.440
