results4_8e4_rain/res_4e8f-0218.wd
ncols         241
nrows         181
xllcorner     12693529.787448
yllcorner     3542525.717860
cellsize      155.156523
NODATA_value  -9999.000000
[rows 0 to 32 of 181, columns 146 to 218 of 241]
0.000 0.000 0.000 0.000 0.000 0.000 0.000 0.000 0.000 0.000 0.000 0.000 0.000 0.000 5.862 16.711 17.469 17.173 16.846 16.508 16.177 15.867 15.591 15.355 15.164 15.014 14.904 14.827 14.779 14.752 14.740 19.736 0.000 0.000 0.000 0.000 0.000 0.000 0.000 0.000 0.000 0.000 0.000 0.000 0.000 0.000 0.000 0.000 0.000 20.294 27.294 0.000 0.000 46.484 51.484 0.000 0.000 0.000 0.000 0.000 0.000 0.000 0.000 0.000 0.000 0.000 0.000 0.000 0.000 0.000 0.000 0.000 0.000
0.000 0.000 0.000 0.000 0.000 0.000 0.000 0.000 0.000 0.000 0.000 0.000 0.000 1.406 17.012 17.802 17.523 17.203 16.857 16.502 16.155 15.833 17.550 16.312 15.121 14.975 14.870 14.799 14.757 14.737 14.733 19.732 0.000 0.000 0.000 0.000 0.000 0.000 0.000 0.000 0.000 0.000 0.000 0.000 0.000 0.000 0.000 0.000 17.294 39.294 15.294 0.000 25.484 58.484 52.484 0.000 0.000 0.000 0.000 0.000 0.000 0.000 0.000 0.000 0.000 0.000 0.000 0.000 37.482 0.000 0.000 0.000 0.000
0.000 0.000 0.000 0.000 0.000 0.000 0.000 0.000 0.000 0.000 0.000 0.000 0.000 20.642 19.296 17.962 17.619 17.259 16.878 16.488 16.108 17.761 17.463 15.221 15.033 14.896 14.802 14.743 14.713 14.706 16.722 10.727 0.000 0.000 0.000 0.000 0.000 0.000 0.000 0.000 0.000 0.000 0.000 0.000 0.000 0.000 0.000 0.000 29.294 0.000 0.000 20.484 51.484 13.484 0.000 0.000 0.000 0.000 0.000 0.000 0.000 0.000 0.000 0.000 6.482 0.000 0.000 0.000 40.482 12.482 0.000 0.000 0.000
0.000 0.000 0.000 0.000 0.000 0.000 0.000 0.000 0.000 0.000 0.000 0.000 3.131 20.064 18.569 18.132 17.733 17.334 16.908 16.462 17.028 16.641 15.322 15.075 14.896 14.774 14.698 14.658 14.646 20.653 0.000 0.000 0.000 0.000 0.000 0.000 0.000 0.000 0.000 0.000 0.000 0.000 0.000 14.294 0.000 0.000 0.000 13.294 73.294 3.294 0.000 26.484 53.484 0.000 0.000 0.000 0.000 0.000 0.000 0.000 0.000 0.000 12.482 18.482 37.482 0.000 0.000 30.482 39.482 40.482 12.482 0.000 0.000
0.000 0.000 0.000 0.000 0.000 0.000 0.000 0.000 0.000 0.000 0.000 8.187 1.359 3.048 18.785 18.263 17.845 17.437 16.958 16.426 16.902 16.453 15.107 14.862 14.701 14.605 14.558 14.546 15.559 16.606 0.000 0.000 0.000 0.000 0.000 0.000 0.000 0.000 0.000 0.000 0.000 0.000 15.294 38.294 33.294 0.000 0.000 29.294 57.294 0.000 0.000 0.000 53.484 8.484 0.000 0.000 0.000 0.000 0.000 0.000 0.000 0.000 52.483 56.482 58.482 0.482 0.000 43.482 38.482 38.482 48.482 0.000 0.000
0.000 0.000 0.000 0.000 0.000 0.000 0.000 0.000 0.000 0.000 10.912 3.511 1.877 1.300 1.440 16.288 17.949 17.611 17.063 18.380 17.700 15.161 14.792 14.564 14.440 14.388 14.384 14.408 20.439 0.000 0.000 0.000 0.000 0.000 0.000 0.000 0.000 0.000 0.000 0.000 0.000 0.000 0.000 18.294 39.294 31.294 29.294 11.294 42.294 15.294 0.000 0.000 38.484 51.484 42.484 40.484 49.484 0.000 0.000 0.000 0.000 0.000 52.483 54.483 59.482 38.482 27.482 44.482 47.482 0.000 0.000 0.000 12.480
0.000 0.000 0.000 0.000 0.000 0.000 0.000 0.000 0.000 0.000 7.314 4.015 3.645 3.147 0.450 0.642 11.051 18.996 18.301 18.331 15.358 14.700 14.334 14.163 14.108 14.123 14.181 14.262 9.351 0.000 0.000 0.000 0.000 0.000 35.303 68.303 2.303 0.000 8.303 49.303 0.000 0.000 0.000 15.294 39.294 52.294 87.294 49.294 50.294 21.294 0.000 0.000 35.484 54.484 39.484 35.484 52.484 0.000 0.000 0.000 0.000 0.000 39.483 45.483 41.482 41.482 45.482 48.482 56.482 0.000 0.000 0.000 35.480
0.000 0.000 0.000 0.000 0.000 0.000 0.000 0.000 0.000 30.573 31.013 7.585 3.197 3.434 3.082 0.806 0.376 6.019 18.814 16.286 14.702 13.947 13.683 13.645 13.704 13.815 14.956 12.109 0.000 0.000 0.000 0.000 0.000 0.000 10.303 56.303 63.303 45.303 37.303 9.303 0.000 0.000 0.000 0.000 0.000 13.294 80.294 59.294 6.294 0.000 0.000 0.000 0.000 47.484 62.484 60.484 62.484 54.484 46.484 49.484 48.484 57.483 61.483 58.483 59.483 59.482 54.482 49.482 46.482 0.000 0.000 0.000 0.000
0.000 0.000 0.000 0.000 0.000 0.000 0.000 0.000 24.696 42.132 43.582 33.086 9.667 2.081 3.089 0.851 2.830 8.198 6.649 16.296 13.216 12.702 12.807 13.029 13.250 14.479 14.717 0.000 0.000 0.000 0.000 0.000 0.000 0.000 0.000 8.303 54.303 64.303 69.303 8.303 0.000 0.000 0.000 0.000 0.000 9.294 52.294 44.294 49.294 16.294 0.000 0.000 31.485 59.484 44.484 38.484 45.484 57.484 45.484 44.484 53.484 62.483 49.483 45.483 48.483 54.482 60.482 62.482 60.482 46.481 37.481 20.481 29.481
0.000 0.000 0.000 0.000 0.000 0.000 0.000 20.831 30.259 45.679 43.095 43.512 35.930 12.356 1.224 4.780 14.324 6.488 2.268 3.058 6.163 10.840 11.814 12.413 12.787 18.133 0.000 0.000 0.000 0.000 0.000 0.000 8.304 6.304 0.000 0.000 21.303 67.303 20.303 0.000 0.000 0.000 0.000 0.000 0.000 48.295 58.295 34.294 50.294 70.294 10.293 0.000 37.485 61.485 40.485 34.484 37.484 50.484 39.484 39.484 41.484 43.483 40.483 41.483 35.483 39.482 45.482 46.482 44.482 53.481 55.481 58.481 66.481
0.000 0.000 0.000 0.000 0.000 0.000 25.964 24.404 47.829 44.232 43.606 42.937 43.186 38.240 20.746 12.459 8.152 0.000 0.053 4.383 2.161 3.369 11.195 12.024 17.352 0.000 0.000 0.000 0.000 0.000 0.000 3.304 45.304 4.304 0.000 0.000 28.303 68.303 7.303 0.000 0.000 0.000 0.000 0.000 43.296 87.296 20.295 23.294 45.294 72.293 12.293 0.000 34.485 59.485 39.485 32.485 35.484 37.484 33.484 32.484 39.484 55.483 38.483 34.483 48.483 44.482 41.482 48.482 48.482 51.481 60.481 64.481 51.481
0.000 0.000 0.000 0.000 0.000 30.016 18.524 46.992 45.421 44.812 44.159 43.446 42.636 42.670 39.471 25.164 4.456 0.376 0.077 46.296 4.549 0.084 0.110 14.137 10.244 0.000 0.000 0.000 0.000 0.000 0.000 3.304 41.304 36.304 45.304 57.304 61.303 51.303 0.000 0.000 6.299 42.299 57.298 62.298 86.297 42.297 0.000 0.000 47.293 35.293 0.000 0.000 37.485 64.485 51.485 35.485 83.485 111.485 60.484 36.484 52.484 99.484 51.483 28.483 93.483 66.483 41.482 48.482 50.482 40.481 49.481 62.481 45.481
0.000 0.000 0.000 0.000 0.000 19.507 41.125 47.618 46.051 45.437 44.774 44.049 43.244 42.332 42.316 41.223 30.396 4.994 50.892 47.947 0.383 0.158 0.056 0.062 0.000 0.000 0.000 0.000 0.000 0.000 6.304 40.304 36.304 41.304 55.304 65.304 49.304 36.303 1.303 0.000 4.299 51.299 50.298 46.298 85.297 45.297 0.000 0.000 26.292 18.292 0.000 30.485 58.485 60.485 54.485 42.485 41.485 74.485 115.485 53.484 46.484 103.484 54.483 28.483 100.483 70.483 33.482 35.482 41.482 32.481 46.481 45.481 33.481
0.000 0.000 0.000 0.000 24.037 34.381 49.849 47.306 46.728 46.111 45.449 44.735 43.955 43.114 42.153 41.414 40.273 52.620 52.294 1.043 0.525 9.634 0.000 0.000 0.000 0.000 0.000 0.000 1.304 56.304 59.304 41.304 40.304 55.304 65.304 51.304 34.304 36.303 36.302 34.301 32.300 44.299 47.299 57.298 97.298 31.297 0.000 0.000 63.292 13.292 0.000 27.486 57.485 57.485 44.485 36.485 32.485 42.485 39.485 79.485 110.484 127.484 108.484 97.483 123.483 117.483 108.482 54.482 34.482 51.481 46.481 35.481 30.480
0.000 0.000 0.000 25.231 34.693 52.132 48.585 48.027 47.445 46.830 46.178 45.481 44.748 43.905 43.359 40.989 52.658 52.653 36.861 19.155 6.312 0.000 0.000 0.000 0.000 0.000 0.000 0.000 42.304 9.304 0.000 20.304 58.304 62.304 54.304 39.305 5.305 0.000 3.302 38.301 34.301 44.300 43.299 66.298 63.297 0.000 0.000 5.291 66.291 12.291 0.000 25.486 55.486 67.486 46.486 52.486 75.485 52.485 34.485 58.485 81.484 115.484 81.484 61.483 109.483 99.483 74.482 43.482 29.482 100.481 68.481 40.481 30.480
0.000 0.000 0.000 30.769 50.373 49.868 49.331 48.774 48.194 47.587 47.948 47.286 45.525 45.100 42.523 52.727 52.670 40.440 42.059 39.673 23.631 4.629 0.000 0.000 0.000 0.000 0.000 44.304 13.304 0.000 0.000 0.000 26.304 58.304 36.305 34.305 40.305 3.306 0.000 39.302 37.301 43.300 44.299 66.298 62.297 0.000 0.000 26.290 73.290 9.291 0.000 27.486 58.486 61.486 42.486 42.486 88.486 123.486 72.485 40.485 56.485 103.484 63.484 30.484 96.483 83.483 41.482 33.482 26.482 107.481 71.481 43.481 44.480
0.000 0.000 31.387 48.701 52.163 50.635 50.097 49.543 48.970 49.373 47.762 47.060 46.718 44.144 53.174 52.882 41.946 42.796 41.792 32.136 12.880 0.000 0.000 0.000 0.000 0.000 0.000 40.304 14.304 0.000 0.000 0.000 0.000 0.000 0.000 39.306 36.306 35.306 37.305 39.303 35.302 43.300 45.299 57.297 53.295 15.293 34.291 67.290 18.290 0.000 0.000 27.486 54.486 60.486 46.486 31.486 33.486 58.486 45.486 27.485 45.485 100.485 56.484 22.484 93.483 78.483 36.482 32.482 28.482 106.481 71.481 43.481 34.480
0.000 30.668 44.073 53.487 51.943 51.413 50.878 50.332 50.767 50.195 48.534 48.244 45.677 54.128 53.600 43.620 44.619 42.499 29.687 0.000 0.000 0.000 0.000 0.000 0.000 0.000 0.000 0.000 14.304 0.000 0.000 0.000 0.000 0.000 0.000 0.000 43.308 53.307 64.306 52.304 41.303 45.301 42.299 47.297 40.295 59.292 77.290 65.289 11.289 0.000 0.000 26.486 52.486 57.487 63.487 61.487 49.487 39.487 52.486 84.486 103.485 124.485 104.484 87.484 121.483 114.483 96.483 56.482 29.482 104.481 76.481 48.481 35.480
27.744 39.262 53.752 53.229 52.711 52.194 51.671 52.136 51.596 49.970 49.718 47.167 55.365 54.724 45.197 46.344 47.284 25.546 0.000 0.000 0.000 0.000 0.000 0.000 0.000 0.000 0.000 0.000 0.000 0.000 0.000 0.000 0.000 0.000 0.000 0.000 41.310 45.309 63.308 22.305 2.303 52.301 43.299 46.297 42.294 30.291 49.289 64.288 51.287 10.286 0.000 0.000 17.487 60.487 62.487 55.488 43.487 52.487 103.487 94.486 75.486 76.485 77.485 77.484 77.484 78.483 80.483 51.482 31.482 103.481 79.481 42.481 36.480
31.226 54.885 54.442 53.966 53.477 52.981 52.474 51.967 51.375 51.157 48.626 56.712 56.030 46.672 47.887 46.873 42.356 1.812 0.000 0.000 0.000 0.000 0.000 0.000 0.000 0.000 0.000 0.000 0.000 0.000 0.000 0.000 0.000 0.000 0.000 0.000 42.313 53.312 37.311 0.000 6.304 49.302 46.300 13.297 3.293 34.290 48.287 63.285 60.285 29.285 0.000 0.000 0.000 0.000 29.489 44.489 28.488 89.488 90.487 39.487 45.486 87.486 58.485 30.484 76.484 66.483 46.483 44.482 35.482 103.481 74.481 31.481 32.480
49.049 56.608 55.168 54.715 54.251 54.775 53.302 52.746 52.569 50.063 58.096 57.400 47.056 49.304 48.295 48.670 18.004 0.000 0.000 0.000 0.000 0.000 0.000 0.000 0.000 0.000 0.000 0.000 0.000 0.000 0.000 0.000 0.000 0.000 0.000 9.320 62.317 60.315 64.313 61.310 57.307 57.304 51.301 10.297 3.293 34.287 47.284 65.282 72.283 35.284 0.000 0.000 0.000 0.000 23.490 36.490 56.489 103.489 66.488 26.488 94.487 95.486 44.485 31.484 52.484 108.483 67.483 35.482 35.482 98.481 116.481 103.480 108.480
58.748 56.329 55.907 55.475 55.032 56.592 54.074 53.943 51.476 59.495 58.792 42.371 46.576 50.633 47.099 24.375 0.000 0.000 0.000 0.000 0.000 0.000 0.000 0.000 0.000 0.000 0.000 0.000 0.000 0.000 0.000 0.000 0.000 0.000 0.000 61.323 60.321 61.318 63.315 62.312 60.308 61.305 54.302 9.300 0.000 35.283 47.279 70.277 43.280 0.000 0.000 0.000 0.000 21.492 51.491 30.491 95.490 89.490 33.489 89.488 102.488 51.486 39.485 42.484 37.483 68.483 107.483 64.482 27.482 98.481 101.481 75.480 17.480
49.431 56.053 56.656 56.244 55.834 55.347 55.260 52.833 60.857 60.200 25.609 30.785 33.666 52.336 35.958 0.000 0.000 0.000 0.000 0.000 0.000 0.000 0.000 50.791 39.791 0.000 0.000 0.000 0.000 0.000 0.000 0.000 0.000 0.000 0.000 38.327 32.325 35.321 39.317 34.313 33.310 32.306 34.303 38.299 32.294 25.283 40.273 19.267 0.000 0.000 0.000 0.000 0.000 23.493 46.493 37.492 38.491 38.491 30.490 51.489 52.489 0.000 0.000 13.484 43.483 36.483 58.483 51.482 33.482 66.482 14.481 0.000 12.479
28.151 43.796 56.417 59.035 56.571 56.515 54.095 61.989 61.465 34.786 0.000 44.127 0.000 55.959 24.460 0.000 0.000 0.000 0.000 0.000 0.000 0.000 0.000 57.792 51.791 0.000 0.000 0.000 0.000 0.000 0.000 0.000 0.000 24.363 0.000 39.335 35.330 35.325 35.319 35.315 35.311 35.307 35.304 37.301 15.299 0.000 10.261 41.250 11.239 0.000 0.000 0.000 24.495 55.494 43.494 42.493 34.493 35.492 35.491 33.490 47.490 7.490 0.000 0.000 14.483 39.483 34.482 47.482 46.482 0.000 0.000 0.000 12.479
19.918 27.560 50.200 54.773 57.730 55.268 62.774 62.424 41.677 17.482 0.000 60.782 58.683 45.093 0.000 0.000 0.000 0.000 0.000 0.000 0.000 0.000 60.798 66.793 37.790 0.000 0.000 0.000 0.000 0.000 0.000 0.000 0.000 41.363 39.357 36.346 35.337 32.327 36.320 36.316 36.312 36.308 36.305 39.303 12.301 0.000 0.000 39.233 39.229 9.224 0.000 0.000 9.496 42.496 35.495 34.495 33.494 33.493 33.492 33.491 34.490 43.490 0.000 0.000 0.000 7.483 40.482 43.482 41.482 0.000 0.000 0.000 36.479
23.706 34.336 38.957 36.856 48.410 63.187 63.029 46.669 25.430 18.931 0.000 40.512 53.177 26.635 0.000 0.000 0.000 0.000 48.838 54.835 46.828 44.815 53.802 46.793 36.785 0.000 0.000 0.000 0.000 0.000 0.000 0.000 0.000 39.368 36.363 35.355 9.346 0.000 41.319 35.316 35.312 35.308 35.305 36.303 10.302 0.000 0.000 40.220 39.219 10.218 0.000 0.000 39.496 35.497 35.497 35.496 34.495 34.494 38.493 0.000 5.490 8.490 0.000 0.000 0.000 0.000 40.482 35.482 35.482 36.482 0.000 8.478 38.478
35.454 49.090 24.806 23.677 63.254 63.251 49.670 36.393 32.727 37.565 0.000 7.578 42.877 0.000 0.000 0.000 0.000 44.844 48.841 50.838 48.835 0.000 0.000 0.000 48.772 32.759 0.000 0.000 0.000 0.000 0.000 0.000 7.388 49.379 46.371 21.364 0.000 0.000 54.321 40.317 36.312 35.307 39.304 16.303 0.000 15.198 53.200 34.207 38.211 10.212 0.000 0.000 0.000 40.499 35.499 39.498 6.498 0.000 0.000 0.000 0.000 0.000 0.000 0.000 0.000 0.000 40.482 35.482 35.482 40.482 0.000 0.000 12.478
56.165 44.748 24.810 20.306 63.219 24.717 30.441 32.666 36.339 54.920 64.367 52.345 0.000 0.000 0.000 0.000 42.851 36.848 42.844 57.841 56.839 0.000 0.000 0.000 0.000 49.745 0.000 0.000 0.000 35.433 0.000 0.000 51.396 50.389 56.379 49.366 14.353 68.340 65.328 63.320 61.312 53.305 34.301 21.302 0.000 29.195 82.195 36.199 37.203 11.208 0.000 0.000 0.000 45.502 31.501 36.500 7.500 0.000 0.000 0.000 0.000 0.000 0.000 0.000 0.000 36.482 38.482 40.482 34.482 39.482 0.000 0.000 9.478
64.756 51.851 34.151 62.824 20.748 22.532 21.697 21.336 30.900 58.431 53.834 25.089 0.000 0.000 41.859 7.858 49.854 41.851 52.847 47.843 26.841 0.000 0.000 0.000 0.000 53.732 29.728 0.000 0.000 31.433 39.433 43.426 45.412 47.402 37.390 34.369 42.352 42.340 62.330 45.321 39.312 37.301 17.291 0.000 5.200 24.192 92.188 48.191 14.195 0.000 0.000 0.000 3.505 58.505 31.504 38.502 10.501 0.000 0.000 0.000 0.000 0.000 0.000 0.000 15.482 38.482 53.482 51.482 44.482 3.482 0.000 0.000 10.478
62.817 61.058 62.407 39.687 27.587 23.727 23.360 21.933 28.519 44.065 39.450 0.000 0.000 0.000 44.861 65.860 60.857 61.854 43.851 0.000 0.000 0.000 0.000 0.000 44.720 35.723 27.724 0.000 0.000 0.000 43.439 47.434 47.425 47.416 31.409 0.000 38.345 39.338 63.331 49.323 43.312 29.295 36.273 51.241 71.208 60.185 84.172 49.184 13.189 0.000 0.000 0.000 0.000 56.509 32.507 33.504 38.501 0.000 0.000 0.000 0.000 0.000 0.000 0.000 0.000 8.482 57.482 54.482 7.482 0.000 0.000 0.000 6.478
60.901 62.352 61.550 60.560 42.702 22.347 22.929 23.542 22.173 24.863 0.000 0.000 0.000 0.000 60.864 50.863 48.861 44.858 0.000 0.000 0.000 0.000 0.000 45.715 36.716 32.717 15.721 0.000 0.000 0.000 43.451 51.445 60.436 59.428 61.422 49.423 0.000 7.336 66.334 50.327 24.320 0.000 39.263 49.241 76.208 38.167 22.130 0.000 0.000 0.000 0.000 0.000 9.522 47.516 34.511 35.505 38.499 11.494 0.000 0.000 0.000 0.000 0.000 0.000 0.000 0.000 14.482 15.482 0.000 0.000 0.000 0.000 7.478
62.358 61.334 63.444 63.605 47.273 23.870 26.495 26.130 23.768 24.350 0.000 40.871 0.000 6.869 54.868 54.867 61.867 0.000 0.000 19.787 7.786 0.000 0.000 40.714 34.712 28.709 0.000 0.000 0.000 0.000 41.468 42.459 44.448 43.437 41.429 33.423 0.000 0.000 68.341 54.332 39.320 2.302 38.277 49.251 73.215 29.145 25.052 7.987 0.000 0.000 0.000 0.000 9.528 54.522 33.515 35.505 35.496 36.489 40.482 12.479 0.000 0.000 0.000 0.000 0.000 0.000 0.000 0.000 0.000 0.000 0.000 0.000 0.000
62.048 64.246 63.436 64.133 37.749 28.392 48.046 41.715 23.419 1.099 0.000 37.871 52.871 57.871 43.871 64.871 56.871 0.000 0.000 33.788 64.785 16.780 0.000 41.715 35.708 32.699 0.000 0.000 49.547 45.527 41.495 43.475 48.459 48.445 46.432 57.419 49.400 9.380 68.356 60.341 60.326 52.309 33.291 51.273 59.257 0.000 27.946 10.923 0.000 0.000 0.000 0.000 19.540 58.531 30.520 32.506 33.492 34.483 39.478 11.477 0.000 0.000 0.000 0.000 0.000 0.000 0.000 0.000 0.000 0.000 0.000 0.000 0.000
