results4_8e4_rain/res_4e8f-0191.wd
ncols         241
nrows         181
xllcorner     12693529.787448
yllcorner     3542525.717860
cellsize      155.156523
NODATA_value  -9999.000000
[rows 99 to 131 of 181, columns 73 to 145 of 241]
59.877 59.853 59.828 58.801 58.774 63.746 66.718 63.691 59.671 59.661 53.662 9.668 0.000 0.000 0.000 0.000 0.000 14.868 72.835 97.790 95.782 94.939 101.607 101.536 94.635 95.332 95.178 95.069 95.963 95.864 94.774 98.697 57.644 0.000 0.000 0.000 0.000 0.000 0.000 34.749 60.673 72.568 40.436 22.231 52.136 55.050 52.955 56.836 53.652 51.379 21.064 45.824 49.695 64.609 70.546 73.499 71.464 66.440 59.424 54.416 49.412 27.406 0.000 0.000 0.000 0.000 21.789 39.789 51.789 75.789 76.789 76.789 76.788
59.927 59.904 58.880 56.854 60.826 65.795 66.762 66.725 60.697 57.681 62.675 62.674 23.675 0.000 17.500 47.447 24.335 4.135 61.040 100.919 96.168 96.184 101.666 93.948 95.735 95.389 95.301 95.189 95.082 94.979 96.888 95.816 31.769 0.000 0.000 0.000 0.000 0.000 3.053 38.927 44.831 55.743 4.673 0.000 47.254 55.194 54.102 57.977 57.801 28.590 0.000 40.726 54.668 59.604 80.552 81.512 81.482 82.460 83.445 81.437 62.433 0.436 0.450 1.456 0.000 0.000 0.000 38.789 51.788 75.788 76.788 76.788 76.788
59.979 58.958 58.934 61.908 64.879 65.847 40.810 4.749 33.712 69.691 42.683 16.678 8.676 0.000 28.552 78.507 75.421 67.306 86.186 97.337 94.324 101.749 95.229 96.034 95.601 95.535 95.418 95.307 95.194 96.083 93.985 81.907 28.848 1.819 0.000 0.000 0.000 3.280 42.179 49.076 46.982 47.900 20.841 0.000 53.433 71.370 64.283 59.169 33.985 0.000 0.686 23.687 13.647 53.587 78.547 82.516 80.492 80.473 80.460 82.453 55.450 49.455 49.457 55.457 0.000 0.000 0.000 15.788 50.788 75.788 76.788 76.788 76.788
59.033 58.014 62.991 65.965 65.935 65.905 30.883 0.000 0.701 12.690 3.686 0.000 0.000 0.000 21.649 84.609 90.539 98.452 98.411 95.535 102.087 101.879 95.196 95.906 95.757 95.647 95.538 95.426 95.306 101.173 51.063 18.981 2.896 0.479 6.894 9.828 0.000 33.381 51.307 47.215 47.122 46.032 51.949 17.861 46.675 72.569 71.489 69.432 0.000 0.000 43.686 0.000 0.000 51.549 80.532 84.513 81.495 80.481 78.470 67.463 48.460 44.459 45.459 29.458 0.000 0.000 0.000 0.000 46.788 75.787 76.787 76.787 72.787
58.091 64.074 66.052 66.025 63.992 69.955 39.933 0.000 0.000 0.000 0.000 0.000 0.000 0.000 32.787 90.740 93.679 97.556 96.792 96.805 102.275 94.582 96.288 95.962 95.876 95.766 95.660 99.553 105.431 60.239 29.113 4.057 0.000 0.000 0.000 6.762 34.696 57.556 51.454 44.356 49.257 53.160 50.062 47.959 61.837 65.742 55.675 63.636 0.000 0.000 11.686 0.000 0.000 57.529 81.520 86.509 85.496 81.485 76.476 45.470 43.466 44.464 51.463 0.000 0.000 0.000 0.000 40.787 44.787 73.787 76.787 76.787 70.787
65.153 66.140 66.119 65.090 43.053 8.990 27.962 29.962 0.000 0.000 0.000 0.000 0.000 24.089 76.971 90.894 93.798 95.956 96.966 102.604 102.446 95.557 96.259 96.097 95.991 95.884 99.783 61.693 21.627 0.000 39.092 25.077 0.000 0.000 0.000 0.000 42.771 76.693 67.597 62.496 57.392 58.287 56.181 57.075 69.972 63.888 47.831 49.803 0.000 0.000 0.000 0.000 0.000 57.516 85.512 50.505 48.496 80.486 83.479 53.474 44.471 49.468 19.465 0.000 0.000 0.000 0.000 13.787 40.787 58.787 74.787 77.787 70.787
66.222 66.212 62.192 66.164 48.141 0.000 18.962 48.962 0.000 0.000 0.000 0.000 14.303 76.208 90.115 96.036 96.007 96.149 102.888 102.750 94.886 96.661 96.309 96.219 96.105 95.996 99.895 71.811 3.756 0.000 9.087 12.082 0.000 0.000 0.000 0.000 29.923 61.846 66.746 76.639 72.528 60.415 63.300 72.188 67.087 55.007 46.957 47.943 21.988 23.000 0.000 0.000 0.000 55.508 89.506 3.503 0.000 29.485 76.481 66.478 47.475 26.471 0.000 0.000 0.000 0.000 0.000 0.000 13.787 37.787 63.786 73.786 66.786
64.298 61.295 60.274 76.232 55.206 0.000 17.961 45.961 0.000 0.000 0.000 8.471 72.399 85.323 95.252 98.132 97.376 95.407 103.015 94.195 95.969 92.528 94.455 96.331 96.216 97.100 90.988 80.902 28.829 0.000 0.000 0.000 0.000 0.000 0.000 17.333 52.153 57.022 56.903 58.786 67.667 70.544 73.416 67.290 54.181 48.099 47.046 46.022 50.022 35.011 0.000 0.000 0.000 44.503 81.501 47.498 36.492 28.487 71.483 77.481 57.479 0.000 0.000 8.482 0.000 0.000 0.000 0.000 0.000 32.786 56.786 61.786 48.786
58.384 67.394 63.377 4.285 5.246 0.000 8.961 8.961 0.000 0.000 0.000 9.543 88.499 90.441 98.352 97.518 96.540 103.240 103.132 96.154 95.841 95.682 95.564 94.446 95.326 97.201 54.056 4.979 0.000 0.000 0.000 0.000 0.000 20.874 37.739 52.513 63.334 60.187 59.058 55.935 56.810 59.678 71.531 72.376 64.247 53.160 46.106 46.078 48.068 0.000 0.000 0.000 0.000 29.499 71.498 49.495 45.492 45.488 77.484 80.482 63.481 26.482 16.482 59.482 0.000 0.000 0.000 0.000 0.000 35.786 59.786 54.786 40.786
59.479 69.521 56.554 0.000 0.000 0.000 5.961 17.961 1.961 0.000 0.792 75.658 85.615 97.558 97.553 96.696 103.432 103.339 95.465 97.240 96.892 96.799 96.679 96.562 98.443 48.322 0.000 0.000 0.000 0.000 0.000 10.342 36.216 53.008 65.831 61.646 60.480 60.336 60.206 61.084 58.961 57.825 31.655 50.434 75.271 57.189 45.141 48.115 46.105 34.111 0.000 0.000 0.000 30.497 63.495 41.494 0.000 0.000 33.484 70.483 59.483 68.482 75.482 34.482 0.000 0.000 0.000 0.000 0.000 10.786 50.786 48.786 41.786
57.571 61.655 60.765 36.928 0.000 0.000 0.000 3.961 6.961 0.000 28.885 88.801 95.742 97.664 97.823 95.946 103.517 95.753 97.535 97.100 97.031 96.911 97.796 98.678 60.560 0.000 0.000 0.000 0.000 0.000 12.630 55.467 66.299 62.112 60.932 60.760 60.606 60.469 60.347 60.235 60.126 69.006 7.831 0.000 43.215 52.184 44.155 53.135 53.124 35.118 0.000 0.000 0.000 0.000 47.492 84.491 52.490 0.000 26.484 71.484 65.483 56.483 56.483 0.000 0.000 0.000 0.000 0.000 0.000 0.000 29.786 40.786 41.786
69.644 7.765 63.922 62.092 51.292 10.413 0.642 0.000 0.000 20.055 78.987 92.920 98.862 97.847 97.001 103.664 103.594 96.702 97.400 97.249 97.138 98.029 99.913 60.796 0.000 0.000 0.000 0.000 11.140 42.016 52.792 64.597 61.402 61.207 58.023 57.858 57.714 58.588 60.479 60.383 63.302 40.242 0.000 0.000 23.190 48.176 47.160 65.147 61.140 0.000 0.000 0.000 0.000 0.000 31.490 76.489 88.488 45.486 71.485 85.484 77.484 53.483 46.483 18.483 0.000 0.000 0.000 0.000 0.000 0.000 35.785 41.785 45.785
51.684 4.838 66.066 56.225 63.372 55.517 16.768 4.034 13.128 80.123 89.084 99.042 97.930 98.198 96.226 103.723 95.989 97.782 97.443 97.359 98.251 99.151 53.032 0.000 0.000 0.000 0.000 3.403 54.264 65.114 62.927 61.726 63.507 63.290 69.097 73.935 68.802 61.691 55.596 59.517 65.456 23.419 0.000 0.000 19.180 51.170 52.161 74.153 62.149 0.000 0.000 0.000 0.000 0.000 19.488 71.488 80.487 85.486 81.485 81.484 85.484 69.483 48.483 49.483 18.483 11.483 0.000 0.000 0.000 37.785 42.785 40.785 45.785
0.000 0.000 34.279 85.370 48.453 0.000 0.000 18.206 78.228 83.223 97.202 98.111 98.391 96.323 103.807 96.247 98.056 97.633 97.575 98.465 95.360 50.290 0.000 0.000 0.000 0.000 9.680 56.541 64.401 62.250 62.077 65.873 40.610 19.347 22.142 38.981 64.870 66.777 67.698 59.633 60.585 21.560 0.000 0.000 0.000 32.163 50.159 57.155 56.153 5.154 0.000 0.000 0.000 0.000 19.487 62.487 75.486 80.486 81.485 82.484 78.484 74.484 59.483 47.483 51.483 57.483 0.000 0.000 0.000 3.785 40.785 41.785 43.785
0.000 0.000 11.400 86.522 73.618 0.000 0.000 25.354 86.356 94.348 98.300 99.496 99.534 104.122 103.930 97.197 97.912 97.774 97.676 92.574 82.431 33.361 0.000 0.000 9.063 44.979 53.818 65.680 62.547 62.409 66.258 44.078 1.882 0.000 0.000 24.977 62.919 59.850 63.785 69.730 69.693 47.675 0.000 0.000 0.000 14.161 52.158 46.156 53.155 4.154 0.000 0.000 0.000 0.000 24.486 49.486 66.486 80.485 75.485 68.485 70.484 31.484 56.483 65.483 58.483 54.483 0.000 0.000 0.000 0.000 0.785 35.785 40.785
0.000 0.000 0.000 14.700 63.879 3.365 13.504 79.502 91.496 98.482 98.501 98.680 104.470 104.300 96.483 98.282 97.949 97.878 90.789 56.722 0.000 0.000 0.000 17.230 63.148 57.054 64.935 62.815 62.698 63.582 41.467 2.295 0.000 0.000 0.000 24.030 65.981 59.919 59.860 61.812 65.781 67.772 19.803 0.000 0.000 0.000 33.157 52.156 27.156 0.000 0.000 0.000 0.000 0.000 17.486 45.486 56.486 63.485 55.485 52.485 17.484 0.000 5.483 49.483 53.483 62.483 0.000 0.000 0.000 0.000 0.000 29.785 40.785
0.000 0.000 0.000 0.000 1.335 13.590 82.645 87.652 98.649 98.585 99.873 99.948 104.629 96.780 98.560 98.130 98.071 87.969 76.883 40.802 0.000 0.000 0.000 57.311 79.245 64.155 56.053 63.948 61.846 64.755 34.689 0.000 0.000 0.000 20.226 55.132 62.056 60.986 60.925 57.877 53.845 55.831 17.834 0.000 0.000 0.000 14.157 59.156 7.156 0.000 0.000 0.000 0.000 0.000 17.486 47.485 46.485 45.485 43.485 49.485 0.000 0.000 0.000 24.483 47.482 65.482 9.482 0.000 0.000 0.000 0.000 0.785 33.785
0.000 0.000 0.000 0.000 0.000 85.836 84.832 98.822 98.781 99.988 100.063 104.921 104.779 97.733 99.419 97.263 83.149 72.056 45.969 0.000 0.000 0.000 51.577 69.459 69.365 76.270 64.173 54.076 59.984 69.903 72.845 35.842 0.000 0.000 19.320 67.218 61.123 61.043 59.977 55.926 49.891 50.873 16.867 0.000 0.000 0.000 0.000 32.156 40.156 0.000 0.000 0.000 0.000 0.000 25.485 49.485 43.485 44.485 44.485 46.484 29.484 0.000 0.000 0.000 34.482 55.482 33.482 7.482 0.000 0.000 0.000 0.000 28.785
0.000 0.000 0.000 0.000 25.208 86.085 98.029 98.993 100.006 102.196 105.187 105.056 97.039 98.804 95.457 84.358 73.213 45.135 0.000 0.000 0.000 53.808 74.695 60.585 52.484 66.387 78.292 66.200 69.112 70.028 56.945 62.839 41.592 4.063 27.515 59.297 55.175 62.088 57.014 48.958 47.922 51.902 13.894 0.000 0.000 0.000 0.000 19.156 59.156 4.156 0.000 0.000 0.000 0.000 0.000 31.485 46.485 44.485 44.484 44.484 52.484 0.000 0.000 0.000 0.000 36.482 47.482 53.482 0.000 0.000 0.000 0.000 0.000
0.000 0.000 0.000 0.000 68.332 94.265 100.212 99.119 99.390 97.473 105.312 97.320 99.086 93.655 82.588 57.469 0.000 0.000 0.000 0.000 54.034 74.921 61.809 50.701 50.599 52.502 63.409 78.320 69.235 54.152 62.069 63.976 37.873 0.000 24.398 84.282 71.193 60.118 54.034 49.969 46.937 47.920 41.913 5.917 0.000 0.000 0.000 0.000 38.156 10.156 0.000 0.000 0.000 0.000 0.000 11.485 48.485 44.484 44.484 44.484 46.484 30.484 0.000 0.000 0.000 17.482 44.482 47.482 0.000 0.000 0.000 0.000 0.000
0.000 0.000 0.000 71.647 68.523 74.440 89.352 100.527 97.592 105.546 105.431 98.252 93.939 82.793 61.688 0.000 0.000 35.640 0.000 6.268 79.148 62.032 50.919 51.812 50.710 53.614 67.522 76.436 77.355 61.278 57.202 68.124 42.052 0.000 0.000 15.239 28.196 10.157 0.000 19.949 50.937 57.927 58.922 44.921 0.000 0.000 0.000 0.000 0.000 0.000 0.000 0.000 0.000 0.000 0.000 12.484 48.484 47.484 50.484 45.484 42.484 51.484 0.000 0.000 0.000 24.482 58.482 63.482 0.000 0.000 0.000 0.000 0.000
0.000 0.000 10.876 72.772 69.673 70.592 80.568 96.734 105.763 105.655 97.531 94.297 81.968 55.893 0.000 0.000 52.688 51.640 33.543 17.387 67.258 51.139 52.025 50.917 51.815 66.719 72.630 36.548 27.472 79.402 65.336 43.266 4.159 0.000 0.000 0.000 0.000 0.000 0.000 16.940 68.935 62.930 59.926 55.925 10.926 0.000 0.000 0.000 0.000 0.000 0.000 0.000 0.000 0.000 0.000 36.484 45.484 20.484 0.000 20.484 45.484 49.484 0.000 0.000 0.000 26.482 62.482 31.482 0.000 0.000 0.000 0.000 0.000
0.000 86.069 73.980 70.890 68.811 69.690 70.933 74.999 105.867 96.772 92.534 82.124 56.081 0.000 0.000 0.000 56.736 54.689 74.601 58.481 51.359 52.240 51.125 54.016 73.914 70.819 51.731 47.652 52.582 80.523 77.475 41.445 0.000 0.000 0.000 0.000 0.000 0.000 0.000 16.937 75.933 75.930 70.928 61.927 6.926 0.000 0.000 0.000 0.000 0.000 0.000 0.000 0.000 0.000 9.484 48.484 50.484 0.000 0.000 5.484 48.484 49.484 0.000 0.000 0.000 0.000 33.482 0.000 0.000 0.000 0.000 0.000 0.000
2.232 84.159 98.083 90.008 74.910 76.067 68.116 106.064 105.967 75.654 80.332 56.230 0.000 0.000 0.000 0.000 58.832 71.780 69.690 51.577 51.456 51.336 62.219 74.109 63.006 51.911 51.824 51.748 52.683 61.631 79.598 75.593 36.647 0.000 0.000 0.000 0.000 0.000 0.000 0.000 61.931 63.930 75.928 76.927 32.927 0.000 0.000 0.000 0.000 0.000 0.000 0.000 0.000 0.000 40.484 50.484 27.484 0.000 0.000 9.484 49.484 47.484 0.000 0.000 0.000 0.000 0.000 0.000 0.000 0.000 0.000 0.000 0.000
20.304 97.253 100.188 100.119 95.092 85.248 106.251 106.158 67.819 62.591 0.000 0.230 0.000 0.000 0.000 0.000 69.979 74.908 50.803 52.681 52.554 64.428 73.308 55.195 52.090 51.993 51.907 51.832 51.770 51.721 60.691 80.683 73.702 47.733 38.745 42.749 11.750 0.000 0.000 0.000 0.930 41.929 81.928 81.928 42.927 0.000 0.000 0.000 0.000 0.000 0.000 0.000 0.000 0.000 29.484 28.484 0.000 0.000 0.000 0.000 29.484 56.484 0.000 0.000 0.000 0.000 0.000 0.000 0.000 0.000 0.000 0.000 0.000
90.426 100.361 100.302 100.190 104.434 95.493 106.343 67.929 70.611 65.286 0.000 0.000 0.000 0.000 0.000 63.353 75.198 52.069 52.933 52.791 60.650 73.515 51.389 52.272 52.165 52.066 51.979 51.904 51.842 51.794 51.761 55.745 56.744 51.751 52.755 59.751 41.750 0.000 0.000 0.000 0.000 0.000 36.928 72.928 35.927 0.000 0.000 0.000 0.000 0.000 0.000 0.000 0.000 0.000 0.000 0.000 0.000 0.000 0.000 0.000 0.000 8.484 0.000 0.000 0.000 0.000 0.000 0.000 0.000 0.000 0.000 0.000 0.000
96.532 96.473 100.387 101.551 98.599 106.518 106.431 72.603 57.058 2.185 5.185 2.185 0.000 0.000 0.000 80.508 57.392 53.238 53.068 54.899 75.740 55.593 52.461 52.340 52.230 52.129 52.039 51.963 51.900 51.852 51.816 50.792 49.778 52.773 34.771 0.000 0.000 0.000 0.000 0.000 0.000 0.000 0.000 65.927 53.927 20.927 0.000 0.000 0.000 0.000 0.000 0.000 0.000 0.000 0.000 0.000 0.000 0.000 0.000 0.000 0.000 0.000 0.000 0.000 0.000 0.000 0.000 0.000 0.000 0.000 0.000 0.000 0.000
75.646 75.582 79.562 75.720 106.689 106.604 84.105 65.317 56.253 0.000 0.185 2.185 0.000 0.000 0.000 55.779 51.624 51.421 50.203 62.997 55.816 49.658 50.521 50.399 50.286 50.179 51.085 52.007 51.945 51.896 50.858 48.828 50.805 50.791 47.786 37.788 40.788 42.788 41.788 43.787 14.787 0.000 0.000 3.927 62.927 34.927 0.000 0.000 0.000 0.000 0.000 0.000 0.000 0.000 0.000 0.000 0.000 0.000 0.000 0.000 0.000 0.000 0.000 0.000 0.000 0.000 0.000 0.000 0.000 0.000 0.000 0.000 0.000
90.762 112.651 77.899 107.958 106.771 66.650 57.248 0.000 71.664 30.012 0.000 0.000 0.000 0.000 99.583 78.204 48.903 56.619 67.327 66.071 61.870 59.701 59.566 59.448 58.336 52.218 48.115 52.036 51.976 51.930 50.892 50.858 54.822 54.802 55.792 65.789 65.788 61.788 54.787 53.787 32.787 0.000 0.000 0.000 21.927 27.927 0.000 0.000 0.000 0.000 0.000 0.000 0.000 0.000 0.000 0.000 0.000 0.000 0.000 0.000 0.000 0.000 0.000 0.000 0.000 0.000 0.000 0.000 0.000 0.000 0.000 0.000 0.000
138.843 117.441 115.487 106.925 106.850 94.737 0.000 38.704 66.704 140.362 115.833 2.101 47.122 36.542 97.962 57.552 55.166 126.826 117.415 113.091 112.891 111.712 110.593 109.492 108.390 79.243 46.120 52.046 51.994 51.955 51.923 43.891 0.000 0.000 0.000 0.000 0.000 0.000 18.787 70.787 49.787 20.787 0.000 0.000 0.000 0.000 0.000 0.000 0.000 0.000 0.000 0.000 0.000 0.000 0.000 0.000 0.000 0.000 0.000 0.000 0.000 0.000 0.000 0.000 0.000 0.000 0.000 0.000 0.000 0.000 0.000 0.000 0.000
97.012 116.599 107.064 106.996 91.256 0.000 0.000 0.000 10.087 61.900 49.638 0.000 28.367 0.000 57.170 53.877 63.383 119.104 0.000 4.986 0.000 55.662 64.602 125.538 38.490 0.000 56.077 52.034 51.999 52.972 34.956 0.000 0.000 0.000 0.000 0.000 0.000 0.000 0.000 23.787 70.787 26.787 0.000 0.000 0.000 0.000 0.000 0.000 0.000 0.000 0.000 0.000 0.000 0.000 0.000 0.000 0.000 0.000 0.000 0.000 0.000 0.000 0.000 0.000 0.000 0.000 0.000 0.000 0.000 0.000 0.000 0.000 0.000
117.768 115.823 107.128 115.747 117.594 37.882 0.000 17.659 44.659 54.511 31.182 8.397 49.612 95.175 93.670 86.405 0.000 38.104 0.000 16.881 38.776 66.672 111.614 74.570 39.541 0.000 0.000 58.015 51.995 52.980 33.971 0.000 0.000 0.000 0.000 0.000 0.000 0.000 0.000 0.000 17.787 56.787 21.786 0.000 0.000 0.000 0.000 0.000 0.000 0.000 0.000 0.000 0.000 0.000 0.000 0.000 0.000 0.000 0.000 0.000 0.000 0.000 0.000 0.000 0.000 0.000 0.000 0.000 0.000 0.000 0.000 0.000 0.000
115.902 107.244 107.188 96.252 39.018 0.000 0.000 0.000 6.378 33.303 0.000 0.000 42.510 86.242 139.930 75.668 0.000 0.000 0.000 0.000 0.000 80.635 115.611 45.586 42.563 0.000 0.000 0.000 56.986 50.981 48.978 46.978 34.979 0.000 0.000 0.000 0.000 0.000 0.000 0.000 12.786 70.786 28.786 0.000 0.000 0.000 0.000 0.000 0.000 0.000 0.000 0.000 0.000 0.000 0.000 0.000 0.000 0.000 0.000 0.000 0.000 0.000 0.000 0.000 0.000 0.000 0.000 0.000 0.000 0.000 0.000 0.000 0.000
