results4_8e4_rain/res_4e8f-0104.wd
ncols         241
nrows         181
xllcorner     12693529.787448
yllcorner     3542525.717860
cellsize      155.156523
NODATA_value  -9999.000000
[rows 132 to 164 of 181, columns 0 to 72 of 241]
93.943 98.943 102.942 102.942 104.941 104.939 98.937 89.935 75.933 64.930 63.927 64.923 63.919 62.914 67.909 81.903 92.896 97.888 97.879 94.868 86.855 77.840 68.821 62.797 67.767 69.731 68.690 69.644 67.605 62.569 76.535 99.501 66.474 0.000 0.000 0.000 6.109 58.101 70.094 67.069 69.047 75.030 93.023 79.021 63.021 62.023 62.027 74.032 95.038 36.044 9.050 4.066 0.000 0.000 0.000 0.000 0.000 0.000 0.000 0.000 0.000 0.000 0.000 0.000 25.809 5.730 9.651 50.550 73.403 77.301 77.192 87.276 114.740
71.948 73.948 76.947 82.946 92.945 98.944 103.942 103.940 96.937 82.934 71.931 65.927 69.923 76.918 89.912 104.906 103.899 100.891 100.882 103.871 103.858 99.843 87.824 75.802 67.776 62.746 63.713 62.679 63.646 71.617 93.591 101.569 13.555 0.000 0.000 0.000 16.117 44.124 62.156 71.149 72.131 69.109 70.104 80.101 75.097 68.093 72.089 80.085 93.081 34.078 20.073 26.081 6.090 0.000 0.000 0.000 0.000 0.000 0.000 0.000 0.000 0.000 0.000 0.000 7.888 0.000 57.676 79.595 75.473 84.443 75.504 114.865 103.623
63.953 63.952 63.952 65.951 70.950 74.948 81.947 90.944 98.942 101.939 95.936 93.932 95.927 98.922 97.917 90.911 81.903 79.895 79.886 84.875 90.863 97.848 100.831 99.812 88.789 78.764 73.738 71.711 80.685 96.662 97.643 83.629 16.623 0.000 0.000 0.000 0.000 0.000 45.256 72.242 51.218 39.170 54.183 69.181 84.173 88.162 90.150 91.136 87.124 14.115 1.095 29.096 26.099 14.102 20.103 14.103 0.000 0.000 0.000 0.000 0.000 0.000 42.113 12.061 77.966 99.899 132.751 88.722 83.771 64.726 100.789 105.302 105.207
64.958 64.957 64.957 64.956 63.955 62.953 64.952 69.950 75.947 85.944 95.941 97.937 90.932 80.927 74.922 66.916 62.909 62.901 62.892 64.882 69.870 75.857 82.841 94.824 99.805 101.784 100.762 96.741 99.721 92.704 74.690 66.682 45.685 3.708 0.000 0.000 0.000 0.000 38.369 71.346 14.328 0.000 47.278 72.267 91.253 99.234 85.212 88.186 74.165 32.151 0.000 56.110 25.107 17.104 28.103 28.103 0.000 0.000 0.000 0.000 0.000 29.221 48.166 121.104 150.024 132.904 116.456 115.399 107.067 105.705 105.579 105.446 70.668
64.963 64.963 64.962 64.962 64.960 64.959 64.957 63.955 63.953 66.950 72.946 71.942 67.938 63.933 63.927 63.922 64.915 64.908 64.899 64.890 63.879 62.867 64.853 70.838 77.822 86.805 94.787 90.770 79.754 67.741 63.731 68.725 76.725 52.731 30.734 30.717 16.680 17.615 53.506 74.445 24.421 6.429 66.383 98.358 100.336 79.310 82.276 81.232 69.198 58.174 9.150 37.125 11.116 0.007 12.103 0.000 1.744 0.000 0.000 0.000 0.000 10.279 73.223 79.140 75.125 76.282 74.254 106.043 105.937 105.825 73.021 75.797 77.667
64.969 64.969 64.968 64.967 64.966 64.965 64.963 64.961 64.959 64.956 63.952 63.948 63.944 64.939 64.934 64.928 64.922 64.915 64.908 64.899 64.889 64.878 64.866 63.854 62.840 63.826 67.812 65.798 64.786 68.775 71.767 70.762 68.760 70.758 70.753 67.737 67.707 71.660 46.593 32.507 21.482 39.483 84.466 98.446 78.423 71.393 70.351 50.268 46.222 9.198 0.000 0.000 0.017 2.039 0.000 0.000 5.745 20.718 35.670 5.601 19.515 82.363 89.348 87.417 85.401 86.480 106.241 106.144 87.271 94.061 86.914 92.685 84.526
64.975 64.975 64.974 64.973 64.972 64.971 64.970 64.968 64.965 64.963 64.959 64.955 64.950 64.945 64.940 64.935 64.930 64.924 64.917 63.909 70.901 72.891 64.881 63.870 62.858 63.847 65.835 68.825 71.815 70.807 65.801 66.796 73.793 76.790 72.783 66.771 63.751 72.726 3.700 0.000 6.518 79.554 88.553 75.538 67.515 87.489 33.467 0.000 0.000 0.019 1.044 1.043 1.042 2.040 0.000 0.000 30.771 72.740 101.691 62.624 95.505 103.659 100.619 99.707 106.513 106.426 106.336 99.359 101.235 100.933 99.793 98.723 16.639
64.981 64.981 64.980 64.980 64.979 64.978 64.976 64.975 64.972 64.970 67.967 67.963 65.958 69.952 67.947 64.943 64.938 64.933 63.927 61.920 72.913 80.905 66.896 63.887 65.877 68.868 70.859 69.850 66.843 68.837 73.832 75.829 76.826 76.824 71.819 65.812 74.802 93.791 12.782 0.000 0.000 53.662 76.655 73.638 77.612 97.581 31.561 0.000 1.044 1.044 1.044 1.045 1.042 3.039 0.000 28.884 80.831 96.777 99.706 104.702 101.864 98.853 106.751 106.675 106.597 98.673 99.457 100.330 100.010 99.981 92.912 69.818 0.000
64.988 64.987 64.987 64.986 64.986 64.985 64.983 64.982 64.980 65.978 72.975 72.971 49.966 17.957 38.952 68.951 62.948 65.943 71.938 74.932 74.926 70.919 66.911 67.904 70.896 69.888 68.881 70.875 74.870 74.866 76.863 75.861 66.860 61.860 63.858 76.857 95.854 105.853 27.854 0.000 0.000 28.778 84.766 86.746 93.713 92.663 28.634 0.000 1.044 0.000 0.048 1.051 0.000 7.037 33.004 76.945 98.860 101.874 100.960 100.961 100.052 106.893 106.823 98.881 99.681 100.542 100.328 100.183 100.140 92.072 84.030 0.000 0.000
64.994 64.994 64.994 64.993 64.993 64.992 64.991 64.990 64.988 66.986 75.984 86.981 62.978 0.000 5.956 53.959 79.958 71.955 69.950 69.945 67.939 66.933 68.927 70.921 68.914 64.908 66.903 78.899 80.895 70.893 64.892 61.893 61.894 66.896 80.898 96.901 93.906 77.913 49.928 17.963 11.959 55.906 84.885 66.867 57.830 49.724 14.679 0.000 0.000 20.060 11.059 1.057 0.000 26.069 77.036 98.947 101.139 100.129 100.236 107.092 107.028 106.962 98.945 100.828 100.540 100.414 100.359 100.285 94.209 81.145 71.108 0.000 0.000
65.001 65.001 65.001 65.000 65.000 64.999 64.998 64.998 64.996 66.995 76.993 63.991 19.988 1.995 0.000 21.973 75.971 67.967 69.963 68.958 66.953 69.948 70.943 67.938 64.933 60.928 70.924 84.921 71.920 61.919 62.921 67.923 77.927 88.931 99.937 92.944 70.954 65.966 84.983 92.002 93.009 97.001 72.002 33.009 5.015 0.000 0.000 0.000 0.000 33.060 20.060 0.178 31.179 77.111 99.127 101.312 100.327 107.267 107.212 107.154 99.215 100.013 100.901 100.600 100.584 100.524 100.448 101.356 89.276 60.190 49.149 7.149 1.149
64.009 64.008 65.008 65.007 65.007 65.007 65.006 65.006 65.005 68.004 78.003 49.002 0.000 8.002 45.999 47.990 64.984 66.980 54.976 36.972 74.968 69.963 65.959 64.954 62.950 64.947 80.944 83.942 65.942 68.944 80.948 89.953 98.959 96.966 84.975 70.986 63.999 80.015 84.034 72.054 53.072 51.087 39.113 19.150 8.207 2.353 0.551 20.620 15.622 0.000 0.000 25.262 77.280 100.378 101.395 99.503 107.373 107.321 99.381 100.192 101.069 100.875 100.752 100.728 100.675 100.624 103.553 67.419 47.347 0.000 0.000 0.000 0.000
73.016 71.016 68.015 66.014 63.014 63.015 63.015 63.014 62.014 67.013 79.013 62.013 43.015 51.011 69.007 65.001 61.997 67.993 62.989 49.986 69.982 63.978 62.975 62.971 64.968 78.965 86.963 52.962 44.964 94.968 99.974 94.981 83.989 73.999 66.011 62.025 73.041 85.060 53.083 28.109 11.139 2.175 19.215 18.270 8.346 9.455 12.571 40.626 24.624 0.000 0.000 57.514 99.541 98.659 107.520 107.473 107.424 99.420 101.312 101.037 100.928 100.897 102.853 97.802 99.772 100.744 111.721 0.000 0.000 0.000 0.000 0.000 0.000
74.024 76.023 82.021 83.021 83.022 80.023 81.023 80.023 79.023 79.022 81.022 64.022 68.021 67.019 64.016 67.012 67.009 66.006 71.003 73.000 66.997 60.994 62.991 64.987 78.984 83.982 72.980 66.980 75.983 98.989 81.998 73.008 65.019 63.031 65.045 64.061 78.080 87.103 51.129 27.161 15.199 17.245 20.301 12.370 13.453 19.546 21.635 14.689 0.000 0.000 35.747 77.757 107.649 107.609 107.566 99.657 100.461 101.359 101.067 101.062 102.019 101.973 74.928 52.865 87.864 101.858 106.867 46.925 0.000 0.000 0.000 0.000 0.000
67.034 61.032 14.026 16.026 25.030 72.031 69.032 69.032 69.032 73.031 82.031 63.031 64.030 63.028 66.026 70.023 71.021 69.018 68.016 71.014 72.011 69.009 63.006 80.004 86.001 76.998 82.995 99.994 96.998 79.007 67.021 63.034 65.047 65.060 64.076 69.094 85.116 87.141 79.171 82.207 53.251 15.306 7.375 6.457 18.547 25.643 15.734 12.809 4.835 30.954 78.933 107.725 107.688 99.801 100.610 101.495 101.307 101.193 101.177 102.129 100.088 94.047 19.025 0.000 69.961 104.957 101.964 100.984 0.000 0.000 0.000 0.000 0.000
65.045 57.044 0.000 0.000 7.040 68.041 64.041 64.041 64.041 68.041 82.040 60.040 64.039 68.038 70.036 71.034 68.033 65.031 63.029 65.027 75.026 88.024 83.023 84.021 61.018 55.014 107.007 93.005 60.008 20.021 40.046 68.061 65.074 65.088 67.104 60.124 44.148 34.175 46.206 86.244 62.291 15.353 10.435 5.535 14.637 19.743 13.853 18.947 19.035 57.106 107.780 98.993 102.731 101.634 101.448 101.337 101.313 101.277 102.234 102.197 67.157 43.101 29.100 32.106 83.062 104.046 100.047 91.062 9.097 0.000 0.000 0.000 0.000
65.056 65.057 48.062 0.000 8.051 69.051 65.051 65.051 64.050 65.050 80.050 67.049 70.049 72.048 71.047 66.046 63.044 64.043 64.042 63.041 73.040 96.040 92.039 79.038 72.037 63.032 39.016 28.010 15.009 0.000 21.082 70.090 65.101 67.114 50.130 24.148 9.177 6.204 48.236 65.272 34.316 6.382 9.477 14.613 21.721 17.840 11.986 5.136 8.469 56.356 107.849 101.882 101.642 101.463 101.448 101.412 101.371 101.333 99.297 90.266 23.242 0.000 40.167 99.156 104.134 102.120 96.116 86.121 4.132 0.000 0.000 0.000 0.000
62.065 64.066 61.068 0.000 4.061 69.060 64.060 62.060 64.060 68.060 72.059 71.059 71.058 69.058 63.057 64.057 64.056 65.056 65.055 70.055 88.055 87.055 80.056 89.057 87.058 58.060 0.000 0.000 0.000 0.000 19.110 70.115 65.125 68.138 39.153 1.178 35.206 61.231 81.260 50.292 2.318 0.000 0.000 3.718 13.793 13.914 14.086 8.439 5.499 108.045 107.949 100.789 101.634 101.535 101.501 101.462 101.425 103.389 88.356 71.326 31.304 7.293 55.244 85.218 94.197 103.183 92.176 81.175 3.177 0.000 0.000 0.000 0.000
69.074 67.074 56.075 0.000 55.071 63.070 65.070 69.070 70.069 71.069 69.069 70.069 68.068 64.068 64.068 65.068 65.068 64.068 66.068 89.068 88.069 70.070 83.072 81.075 85.080 83.089 46.111 2.124 11.132 41.136 46.132 66.137 65.146 65.160 60.177 52.202 69.225 68.252 62.283 84.317 32.347 0.000 0.000 7.750 12.819 10.929 12.070 36.277 60.713 108.133 103.121 102.865 102.605 101.591 101.551 101.514 102.477 100.442 55.410 32.380 44.354 45.331 99.300 101.274 81.254 91.239 86.230 59.226 24.224 0.000 0.000 0.000 0.000
70.082 71.082 68.083 56.085 70.082 70.080 70.080 71.079 71.079 72.079 84.079 66.078 64.079 64.079 65.079 65.079 65.080 66.080 80.081 91.082 66.083 70.085 97.088 89.092 77.097 80.106 83.119 67.129 72.137 87.143 80.147 68.153 61.163 61.177 72.195 88.217 75.241 47.269 19.303 74.346 63.407 12.509 15.607 20.711 16.805 7.916 10.005 51.302 103.552 108.215 100.101 102.750 103.678 101.639 101.602 101.564 94.528 84.494 41.461 12.431 21.403 22.376 83.349 125.325 106.305 82.290 74.279 53.273 62.270 15.270 0.000 1.440 5.440
75.089 75.090 71.090 71.091 71.090 72.089 72.089 68.089 65.089 64.089 27.088 17.087 68.089 65.089 65.090 65.090 64.091 67.092 91.093 77.094 62.096 68.099 85.102 102.106 97.112 94.120 92.129 88.137 84.145 83.151 91.158 88.166 82.177 78.191 81.208 85.229 47.253 11.281 10.314 26.356 22.425 7.513 16.601 26.684 22.775 13.894 7.054 50.300 108.366 108.292 102.996 104.837 101.724 101.690 102.651 98.614 82.578 75.543 81.510 87.479 71.450 93.422 108.396 125.372 134.352 118.336 80.324 85.317 60.313 0.000 0.000 0.000 0.000
14.096 15.097 75.097 70.098 70.098 65.098 62.098 64.098 59.098 12.099 12.099 1.099 69.100 65.100 65.101 65.102 65.102 83.104 90.105 63.107 65.109 65.112 68.115 74.120 76.125 76.131 72.139 75.146 91.153 84.160 75.168 78.177 85.188 89.201 92.218 89.237 64.261 29.288 12.316 11.340 0.000 0.539 11.599 20.649 4.712 0.000 20.235 80.474 108.437 100.344 104.065 103.800 101.782 101.739 102.700 97.662 84.626 50.590 57.557 100.525 111.495 143.466 134.440 106.416 94.395 111.378 90.365 84.357 59.353 0.000 0.000 0.000 0.000
1.107 10.106 24.103 79.106 64.107 62.107 64.108 64.108 65.108 12.109 3.110 58.112 66.111 65.111 65.112 65.113 67.114 91.115 76.117 62.119 65.121 65.124 65.128 64.132 64.137 64.143 63.149 70.155 99.162 78.169 9.176 17.184 29.196 80.209 90.224 74.242 79.265 66.294 18.323 15.347 0.435 5.513 18.554 10.602 0.000 0.000 38.386 108.574 108.506 103.227 104.963 100.869 101.829 101.788 101.748 101.709 88.672 51.636 66.602 103.569 99.538 133.509 128.481 97.456 102.434 88.416 69.402 87.393 65.389 0.000 0.000 0.000 0.000
63.120 59.118 0.000 71.117 81.117 82.117 63.117 75.117 82.118 58.118 56.119 66.120 65.121 65.121 65.122 65.123 84.125 88.126 63.128 65.130 64.133 63.136 65.139 65.143 65.148 65.153 64.159 72.165 101.171 82.177 28.183 1.193 52.204 77.214 90.227 69.243 59.264 18.298 11.336 14.372 12.423 20.475 24.503 0.000 0.000 17.322 79.559 108.640 100.489 104.205 103.945 101.921 101.876 101.834 101.794 102.755 93.717 82.681 105.646 130.612 118.580 135.550 132.521 126.494 133.470 99.449 76.433 86.423 94.420 23.430 0.000 0.000 0.000
65.127 64.127 59.130 65.127 64.126 12.126 86.126 78.126 65.127 66.128 66.129 65.130 65.131 65.132 65.133 68.134 91.135 74.137 64.139 65.141 71.144 79.147 65.151 63.154 65.159 64.163 67.168 91.174 99.179 74.185 62.192 50.200 72.208 71.216 32.227 17.238 14.251 0.000 3.352 3.382 4.421 5.459 7.481 0.000 20.425 77.550 99.696 108.704 101.451 102.089 102.009 101.965 101.921 101.879 101.839 102.799 93.761 76.724 72.689 105.654 95.621 109.588 112.558 100.529 102.502 74.478 51.459 65.446 132.440 85.440 20.442 10.442 32.441
65.135 65.135 65.135 65.135 65.134 59.135 75.135 91.135 67.136 64.137 65.138 65.139 65.140 65.142 64.143 87.144 89.146 63.148 65.149 66.152 63.155 25.158 84.161 79.165 66.169 64.173 82.178 101.182 85.187 65.193 65.198 66.205 69.211 73.217 10.225 11.232 0.000 0.331 15.339 0.000 0.000 0.000 0.000 0.000 43.566 100.704 108.826 108.766 101.337 102.167 102.048 102.010 101.965 101.923 101.882 100.843 85.804 87.766 107.730 126.694 125.660 130.626 135.593 122.561 120.531 107.502 56.479 54.462 130.452 94.447 32.444 25.442 90.441
65.142 65.142 65.142 65.142 65.143 65.143 65.144 76.144 91.145 67.146 64.148 65.149 65.150 63.152 71.153 92.155 72.156 64.158 66.160 64.161 6.165 3.169 72.172 73.176 79.179 78.183 86.187 85.191 66.195 64.200 66.204 69.209 74.213 74.217 0.000 0.000 0.000 2.323 26.326 13.322 14.321 13.320 0.000 4.820 51.888 105.937 108.885 100.682 102.389 102.122 102.099 102.052 102.008 101.966 101.925 101.885 87.846 83.808 104.770 105.734 105.698 108.663 108.628 107.593 112.558 85.522 61.492 76.472 91.460 30.454 0.000 0.000 34.441
65.150 67.149 67.149 65.150 65.151 65.152 65.152 65.153 76.154 91.155 67.157 62.158 62.160 79.162 91.163 85.165 62.167 65.169 61.170 7.169 4.176 58.180 65.183 65.186 71.189 88.192 88.196 81.199 74.203 66.207 53.211 23.214 88.217 68.219 0.000 0.000 0.000 1.318 15.320 8.320 22.320 11.320 0.000 5.045 25.100 109.000 108.943 101.551 102.280 102.183 102.138 102.093 102.050 102.007 101.966 102.926 97.887 87.848 82.810 81.772 81.735 81.699 81.662 85.625 59.585 3.534 29.496 85.475 81.462 42.454 4.450 0.000 33.440
66.157 3.157 4.155 65.158 64.159 63.160 63.161 62.162 62.163 75.164 90.166 83.168 90.170 92.172 79.174 63.176 70.178 70.180 58.182 0.000 6.190 69.191 65.194 67.196 91.199 98.202 76.205 67.208 74.211 81.214 69.217 5.220 48.222 66.224 0.000 0.000 0.000 2.311 8.314 5.318 19.319 0.000 0.000 5.244 10.601 109.055 106.808 102.513 102.252 102.226 102.178 102.133 102.090 102.048 102.007 101.966 102.927 101.888 99.849 98.810 98.772 99.735 101.698 75.661 17.623 0.000 14.482 70.469 101.458 92.451 65.445 41.441 58.440
65.166 64.166 0.000 64.167 75.168 79.168 83.169 88.170 91.172 92.173 92.175 92.177 78.179 65.181 81.184 98.186 99.189 99.192 92.195 70.202 5.201 66.203 64.204 73.207 101.209 88.211 65.213 64.216 66.218 69.221 60.223 5.226 25.228 25.230 0.000 0.000 0.000 8.303 3.309 0.000 2.319 0.000 13.187 14.549 5.744 109.108 110.757 106.390 102.308 102.262 102.216 102.172 102.129 102.087 102.046 102.006 101.967 101.928 101.888 101.848 102.808 105.770 77.734 10.697 0.000 0.000 0.000 15.460 71.452 102.445 93.440 69.438 46.439
65.174 67.175 63.178 65.176 80.176 79.177 75.177 71.178 70.180 66.182 87.184 77.186 88.189 79.191 95.194 91.197 84.199 85.202 96.206 102.210 91.212 92.213 84.215 92.217 100.219 73.220 64.222 65.224 65.226 64.228 64.230 66.232 61.234 10.238 70.245 61.251 0.270 2.290 0.000 0.000 0.000 3.971 82.073 79.292 109.204 109.157 104.635 105.458 102.339 102.298 102.253 102.209 102.167 102.125 102.085 102.045 102.006 101.967 101.928 103.887 108.842 77.804 17.769 0.000 0.000 0.000 0.000 0.000 12.444 63.437 98.433 48.431 0.000
67.182 3.182 62.184 65.184 65.184 65.185 64.185 65.186 67.188 65.190 77.193 72.196 81.198 92.201 80.204 65.207 66.210 67.213 68.216 73.219 86.222 96.224 102.225 100.227 89.228 65.230 65.231 65.232 65.234 65.235 66.236 89.238 62.240 2.243 66.247 16.255 10.267 3.279 0.000 0.000 0.000 13.899 102.108 104.306 109.248 102.973 102.672 102.405 102.381 102.332 102.288 102.245 102.204 102.163 102.123 102.084 102.046 102.008 103.969 88.928 42.869 9.837 0.000 0.000 0.000 0.000 0.000 0.000 0.000 34.424 96.423 48.422 0.000
68.190 1.190 62.191 65.191 65.192 65.193 65.193 66.194 4.194 64.199 68.202 79.205 79.208 87.211 92.214 78.217 63.220 63.223 63.227 65.230 67.232 68.234 69.236 69.237 68.238 67.239 63.240 63.240 64.241 65.242 76.242 90.243 61.244 55.245 57.247 0.000 0.000 3.278 0.000 0.000 0.000 17.930 101.040 109.332 109.290 101.828 102.553 102.456 102.411 102.366 102.322 102.280 102.239 102.199 102.160 102.122 102.085 102.048 107.014 62.987 0.000 0.000 0.000 0.000 0.000 0.000 0.000 0.000 0.000 37.414 97.413 56.412 0.000
