results4_8e4_rain/res_4e8f-0214.wd
ncols         241
nrows         181
xllcorner     12693529.787448
yllcorner     3542525.717860
cellsize      155.156523
NODATA_value  -9999.000000
[rows 33 to 65 of 181, columns 146 to 218 of 241]
64.979 64.195 63.920 64.556 31.215 42.884 64.569 58.254 36.830 0.000 0.000 36.828 12.828 17.828 33.830 58.833 45.832 11.830 0.000 0.757 50.744 58.730 16.707 43.680 35.660 36.637 40.600 49.563 67.523 58.493 53.466 48.443 49.424 49.406 48.390 47.374 46.357 54.338 64.319 56.303 56.288 54.273 33.259 47.246 55.238 0.000 25.816 30.789 54.719 52.661 57.607 67.555 60.513 55.493 10.483 0.000 38.435 38.426 45.422 23.426 0.000 0.000 0.000 0.000 0.000 0.000 0.000 0.000 0.000 0.000 0.000 0.000 0.000
64.932 64.677 64.330 65.000 42.677 60.374 63.106 56.914 0.000 0.000 14.828 38.828 0.000 0.000 0.000 42.843 42.838 50.828 13.809 63.783 51.756 38.734 47.709 38.684 36.659 36.632 35.600 37.566 65.533 63.503 63.476 65.452 58.431 60.412 59.394 59.377 59.359 60.342 64.325 62.309 63.295 58.282 35.270 34.261 7.256 0.000 22.760 36.743 44.708 39.658 45.604 58.546 58.513 56.493 14.483 0.000 0.000 43.410 15.407 0.000 0.000 0.000 0.000 0.000 2.294 45.288 44.281 46.275 36.271 39.267 6.265 0.000 0.000
65.413 65.075 64.753 64.432 64.122 64.828 56.566 43.382 0.000 0.000 0.000 6.828 0.000 0.000 0.000 39.858 36.850 49.835 54.815 46.791 55.765 53.740 34.714 35.687 36.660 36.631 48.601 52.570 56.539 49.510 46.483 56.458 30.436 37.416 32.397 32.379 32.362 35.345 61.329 50.314 48.301 50.289 35.280 37.272 17.268 0.000 32.721 89.715 14.712 0.000 0.000 7.514 59.498 58.483 17.472 0.000 0.000 40.398 37.389 39.371 37.356 45.343 51.330 43.316 65.300 72.289 70.281 55.274 35.269 34.266 38.263 8.261 0.000
65.810 65.489 65.168 64.854 65.549 60.251 41.949 32.665 41.665 0.000 0.000 0.000 0.000 0.000 0.000 36.881 35.867 38.848 34.825 45.800 48.773 51.746 40.718 35.690 35.662 35.633 60.603 66.573 48.544 42.514 42.487 43.462 40.439 40.419 40.399 41.381 44.363 41.347 62.332 54.318 52.305 52.295 34.286 48.280 74.277 0.000 24.689 77.685 0.000 0.000 0.000 9.498 59.482 57.468 35.452 40.427 38.408 36.394 36.382 36.367 35.354 42.342 49.331 36.318 54.302 72.286 68.278 48.272 33.267 33.263 38.261 6.259 0.000
66.226 65.898 65.577 65.268 61.971 47.677 36.313 0.000 0.000 0.000 0.000 41.034 4.020 9.996 1.963 35.919 36.890 36.864 35.838 35.810 41.782 34.753 34.724 36.694 35.665 34.635 58.606 55.577 63.547 67.517 66.489 61.464 57.441 59.420 55.400 59.382 59.364 60.348 64.333 62.320 63.308 59.298 34.291 46.285 68.283 0.000 19.659 80.652 0.000 0.000 0.000 0.000 56.464 59.455 38.440 36.420 36.403 36.388 36.376 36.363 35.351 42.341 51.332 7.325 0.000 30.277 73.273 49.268 33.263 33.260 37.257 4.255 0.000
66.639 66.299 65.974 65.668 55.389 37.175 0.000 0.000 0.000 0.000 39.064 42.048 55.029 55.005 42.975 35.941 35.910 36.881 36.851 35.821 34.791 35.760 35.729 35.698 34.668 43.638 62.608 41.580 55.552 32.519 65.487 55.463 54.441 54.420 51.400 56.382 57.364 57.348 64.333 62.320 59.309 59.300 34.293 48.288 67.285 0.000 5.636 73.613 0.000 0.000 0.000 0.000 60.456 59.449 35.434 37.412 36.395 37.381 37.369 37.358 38.347 46.338 26.332 0.000 0.000 31.272 73.269 54.264 41.259 35.255 38.252 5.250 0.000
67.047 66.687 67.352 60.043 47.741 37.458 0.000 0.000 0.000 0.000 36.079 53.065 47.045 36.020 37.991 37.960 35.928 34.897 36.865 35.833 36.801 36.768 36.735 35.702 35.670 55.639 55.610 55.583 55.562 0.000 37.477 35.460 36.440 36.419 37.399 41.380 44.363 42.346 62.332 56.319 50.308 52.299 35.292 47.288 66.286 0.000 0.000 46.550 37.525 0.000 0.000 0.000 54.453 37.451 0.000 32.398 38.384 42.373 49.362 49.352 49.341 51.332 23.325 0.000 15.275 79.271 72.266 74.260 62.254 37.250 38.246 6.243 0.000
67.445 67.048 66.705 52.409 4.075 0.034 0.000 0.000 0.000 14.135 52.109 47.088 37.064 38.039 38.010 37.979 37.947 35.914 34.880 34.846 36.810 35.775 35.740 34.705 36.672 51.640 42.609 51.580 52.551 11.517 11.485 51.461 50.438 50.417 50.396 52.377 52.360 53.343 65.329 61.316 56.305 58.296 34.289 43.286 71.284 0.000 0.000 105.513 74.500 41.481 28.472 0.000 0.000 0.000 0.000 0.000 35.371 44.364 48.355 47.345 50.335 52.324 38.312 43.294 59.280 74.270 72.263 72.256 60.249 37.243 37.238 13.234 0.000
67.814 68.354 60.012 42.814 0.000 0.000 0.000 2.202 2.188 59.160 53.135 37.112 38.087 38.060 38.031 37.999 37.966 37.931 34.896 35.859 35.821 35.782 36.744 35.708 35.672 38.639 43.607 55.576 42.546 54.515 59.486 52.460 61.436 51.414 52.393 55.373 54.355 53.339 63.324 59.310 47.299 46.290 35.284 42.281 71.281 0.000 0.000 96.488 86.481 63.471 32.463 0.000 0.000 8.392 3.389 0.000 6.364 55.357 47.349 41.339 38.328 53.317 40.305 42.291 50.279 71.268 73.259 71.251 57.243 37.236 34.228 38.220 32.209
76.102 73.544 46.175 36.020 0.000 0.000 4.227 37.216 51.202 52.182 46.161 41.137 38.112 38.084 38.054 38.021 36.987 39.950 44.912 40.872 35.831 36.789 35.748 35.708 35.671 35.636 42.603 43.571 41.541 48.511 47.483 42.457 54.432 34.409 42.388 49.368 48.349 42.332 61.317 54.303 34.292 33.283 36.276 38.273 42.277 0.000 0.000 74.471 54.466 91.457 77.446 13.426 14.410 65.396 39.385 37.373 37.363 39.353 50.344 44.333 12.323 65.311 53.300 49.287 47.275 58.265 74.255 66.246 49.237 38.229 34.220 41.210 65.198
0.000 0.000 25.123 43.072 0.000 0.000 39.238 49.233 63.222 47.207 46.187 46.165 39.139 38.110 38.079 38.045 45.009 52.971 53.931 45.888 40.842 35.795 34.750 35.706 39.667 36.631 35.598 34.566 40.535 41.506 40.478 41.452 43.427 36.403 42.382 47.361 49.342 45.324 61.308 55.294 37.282 36.272 36.264 32.259 0.000 0.000 0.000 30.459 49.455 49.447 83.437 98.423 91.409 59.395 45.383 46.372 46.360 49.350 71.339 89.329 98.317 97.306 99.294 98.283 92.271 86.260 78.250 61.240 44.231 35.222 36.212 49.202 68.191
19.256 0.000 0.000 0.000 0.000 10.256 42.255 62.254 54.247 57.235 54.218 44.195 37.169 38.139 38.106 49.071 54.033 49.994 44.953 41.906 44.853 39.800 39.749 35.701 40.660 34.624 35.591 36.559 35.529 35.499 35.472 35.445 34.420 35.396 35.374 39.353 45.333 44.315 62.298 56.283 35.270 36.259 36.249 35.241 10.230 0.000 0.000 34.450 60.447 49.440 51.431 66.419 77.407 87.394 89.381 95.369 98.358 98.346 97.335 93.324 84.313 82.301 84.289 87.278 89.266 90.255 88.245 92.235 84.225 51.215 38.205 57.195 74.185
58.700 17.555 0.000 0.000 7.229 43.256 59.273 52.280 44.278 52.268 56.252 57.230 47.203 36.172 46.137 55.099 45.059 37.019 36.979 38.933 6.863 7.803 6.747 32.688 36.648 38.614 38.582 35.551 35.521 36.492 35.464 35.437 35.412 36.388 35.365 35.343 35.323 38.304 55.286 54.270 36.256 36.243 36.233 37.225 38.219 0.000 0.000 33.445 51.442 52.436 64.428 51.417 31.404 35.391 71.379 95.367 79.355 74.343 77.331 70.320 56.308 45.296 36.284 34.272 35.261 45.250 43.239 38.229 77.219 92.209 70.199 68.189 72.179
0.000 33.410 11.824 6.058 42.201 52.268 59.301 43.315 46.317 44.309 42.293 50.270 55.242 50.208 54.170 43.128 37.086 38.045 38.009 45.983 0.000 0.000 0.000 29.654 38.632 49.603 50.572 45.541 41.512 43.483 39.455 38.428 36.402 35.378 35.354 36.332 35.311 35.291 38.272 47.255 35.240 35.226 36.215 35.207 4.202 0.000 0.000 14.443 12.440 66.435 50.427 35.416 49.403 51.389 97.376 78.364 61.351 43.339 34.327 35.315 36.303 37.291 37.279 37.267 36.255 34.244 33.233 34.222 42.212 79.202 87.192 72.182 71.173
0.000 20.850 44.006 46.148 45.251 60.313 45.347 39.362 41.365 40.357 37.340 36.316 51.285 58.248 61.205 49.159 39.112 36.067 44.031 10.007 0.000 0.000 0.000 32.644 42.622 49.593 50.562 50.532 52.501 60.472 58.444 54.418 52.392 48.367 42.343 37.320 35.298 36.277 35.257 40.239 33.222 34.207 35.195 37.185 58.180 0.000 0.000 0.000 28.441 70.437 30.429 39.418 30.402 69.385 87.372 47.360 35.348 37.336 37.323 37.311 37.299 37.286 34.274 34.261 33.249 34.238 34.226 34.216 50.205 65.195 38.185 98.174 70.165
0.000 21.136 44.200 37.277 56.341 56.386 51.412 42.423 36.423 37.413 38.395 49.369 52.335 44.294 47.245 56.191 57.134 47.080 4.040 0.000 5.786 4.749 37.702 43.655 47.619 46.585 47.553 47.521 45.490 52.461 53.433 53.406 54.380 51.355 50.331 51.307 42.284 37.262 38.241 35.221 36.202 35.185 34.171 36.160 51.153 0.000 0.000 0.000 28.447 72.441 34.434 10.426 0.000 15.376 54.368 36.357 37.345 35.332 35.320 35.307 34.294 33.281 34.268 34.255 33.243 34.231 33.219 32.208 35.198 31.189 27.180 91.165 100.154
0.000 18.357 38.382 48.418 58.452 49.477 49.492 51.496 49.491 40.478 46.457 55.429 44.392 37.347 36.291 42.225 52.153 59.080 23.008 14.915 40.823 40.758 35.703 44.654 49.613 50.577 46.542 46.509 38.478 35.449 35.421 35.394 34.368 32.343 39.318 53.293 52.269 51.246 46.223 37.201 35.180 36.161 35.143 35.129 36.120 0.000 0.000 0.000 43.458 10.447 14.440 0.000 0.000 0.000 33.366 13.355 16.343 33.328 32.316 32.303 33.290 35.276 35.263 35.249 34.236 34.224 32.212 32.200 33.190 21.182 0.000 11.152 94.138
0.000 17.553 41.553 60.561 51.571 48.579 48.582 49.578 48.567 50.551 55.528 44.497 38.459 38.409 38.347 37.267 38.172 44.079 60.997 58.914 37.832 36.759 35.697 36.645 48.603 46.566 57.531 45.495 38.464 36.435 37.407 36.381 41.355 49.329 45.304 39.279 45.254 55.230 52.205 51.181 42.157 35.134 35.113 36.093 34.079 0.000 0.000 43.487 31.481 0.000 0.000 45.391 40.389 39.384 31.375 0.000 0.000 38.322 35.312 35.299 35.285 35.271 35.257 35.243 35.229 35.216 35.204 34.191 35.180 37.168 27.155 0.000 36.122
5.839 30.750 55.716 51.701 40.693 45.687 50.678 45.666 51.650 57.630 49.605 37.574 36.535 38.486 38.419 42.324 43.188 37.068 47.987 43.913 40.832 37.750 34.680 41.628 45.587 47.553 38.520 65.477 53.447 43.420 35.393 41.367 60.342 70.316 63.291 40.265 42.239 45.213 49.186 54.160 52.133 48.107 37.080 34.053 41.022 46.979 0.000 18.493 39.499 0.000 0.000 15.392 35.393 35.387 35.376 40.361 39.344 35.326 34.312 35.297 35.281 35.266 35.251 35.236 35.222 35.208 35.195 35.182 34.169 34.156 35.141 38.123 34.113
17.928 51.891 57.859 42.834 37.814 39.796 41.777 52.757 56.737 67.714 66.689 59.659 48.623 37.579 40.521 7.423 0.000 36.019 41.969 38.920 1.832 35.729 39.647 56.599 55.563 58.539 0.000 30.446 70.427 64.403 50.379 56.354 74.328 74.303 72.277 41.251 47.224 47.196 49.168 37.139 46.110 52.079 51.048 50.015 62.978 71.936 4.892 0.000 29.522 54.545 0.000 0.000 58.406 39.395 39.380 39.363 39.345 40.328 34.311 33.295 37.278 34.260 34.244 34.229 34.214 35.200 34.186 33.172 33.159 33.145 33.131 33.116 32.104
17.054 63.028 48.995 37.963 37.934 37.906 50.878 48.850 65.826 80.802 77.777 74.749 69.719 60.688 51.662 0.000 0.000 0.000 29.951 40.938 0.000 0.000 32.579 50.557 49.530 64.500 36.459 37.434 70.411 75.388 71.364 70.340 73.315 73.290 74.264 53.237 45.209 47.180 47.150 37.119 46.087 40.053 59.018 29.980 68.940 90.896 61.848 31.797 0.000 32.568 0.000 34.456 94.429 47.406 49.386 49.366 45.346 46.328 38.310 33.294 15.275 34.252 34.236 37.221 40.206 50.191 40.177 35.163 36.149 36.135 36.121 36.107 36.094
49.207 53.170 47.129 45.089 40.052 52.017 45.979 58.938 36.914 6.892 57.867 76.841 75.815 76.792 59.777 0.000 0.000 0.000 23.947 46.942 0.000 0.000 29.534 44.520 39.498 66.473 77.444 77.419 73.396 73.374 73.351 74.327 73.303 73.278 73.252 67.224 42.196 44.166 42.134 37.100 48.065 49.028 51.989 8.949 53.905 89.859 59.807 77.746 38.664 24.591 36.539 92.484 80.446 52.416 46.391 48.368 42.347 36.327 34.309 32.295 0.000 40.239 48.227 56.213 63.197 72.182 61.168 41.153 35.138 36.124 36.110 36.097 36.084
60.391 49.317 49.261 45.213 52.170 49.129 52.083 76.008 63.002 45.983 66.958 75.932 74.908 73.888 53.877 0.000 0.000 0.000 0.000 1.942 0.000 0.000 35.502 44.490 55.471 71.449 73.425 73.403 73.381 73.359 73.337 73.315 73.291 73.266 73.241 73.213 59.184 49.152 42.119 35.083 39.045 39.005 43.963 62.920 48.874 83.827 69.775 76.718 83.654 69.594 74.542 83.494 59.455 60.423 46.394 45.369 37.345 34.323 35.303 37.283 51.258 57.238 75.221 74.205 73.189 72.173 72.158 62.143 40.128 35.114 36.100 36.086 36.073
51.526 39.448 41.384 53.331 50.285 50.246 20.217 0.000 55.104 81.081 76.052 75.022 76.996 58.975 44.967 28.993 0.000 0.000 0.000 0.000 0.000 0.000 41.484 58.466 70.446 73.426 73.406 73.386 73.366 73.345 73.325 73.303 73.281 73.257 73.231 73.204 74.174 68.142 60.106 52.068 50.027 52.984 43.939 60.893 39.846 81.798 14.748 35.695 70.641 42.589 33.540 89.496 53.458 57.424 55.394 36.367 34.342 35.319 35.297 43.275 64.253 75.233 72.214 72.197 72.180 69.164 68.148 66.133 65.117 39.103 35.088 35.075 35.061
41.639 38.563 51.498 51.442 46.394 66.353 20.323 29.309 69.230 76.183 75.145 75.110 75.078 51.048 51.024 62.019 0.000 0.000 0.000 0.000 0.000 0.000 0.000 8.444 67.421 79.404 74.386 73.368 73.351 73.332 73.313 73.293 73.271 73.248 73.224 73.197 73.167 74.134 75.097 72.056 72.011 74.964 54.915 60.867 34.819 75.772 11.724 13.675 66.626 36.579 46.534 80.493 61.456 53.422 57.392 34.364 35.338 34.314 36.290 46.268 67.247 68.226 73.207 72.189 67.171 64.154 68.138 73.122 72.106 61.091 42.077 41.063 40.049
37.741 51.667 52.602 40.545 51.494 72.450 65.411 71.375 77.323 75.277 75.235 75.196 72.157 56.118 6.060 2.039 0.000 0.000 0.000 0.000 0.000 0.000 0.000 0.000 12.393 24.381 65.366 74.351 73.336 73.319 73.302 73.283 73.264 73.242 73.218 75.192 74.163 74.129 73.091 75.048 73.998 73.945 63.891 61.840 38.792 50.746 80.700 59.655 67.610 36.566 64.525 58.486 61.450 49.417 43.386 35.358 35.332 35.307 43.283 48.261 49.239 54.218 62.198 60.179 61.161 72.144 72.127 72.111 72.095 73.080 67.065 63.051 61.037
52.835 52.764 41.699 37.641 52.589 71.542 77.498 76.456 75.410 75.366 75.323 76.280 67.238 60.204 0.000 0.000 0.000 0.000 0.000 0.000 0.000 0.000 0.000 0.000 21.376 41.360 68.347 74.335 73.322 73.308 73.292 73.276 73.257 73.238 75.216 75.191 75.163 67.130 72.091 75.045 77.989 75.928 69.864 65.811 53.763 37.719 85.676 68.634 70.592 35.552 81.513 45.476 26.442 43.409 34.379 35.351 34.324 43.299 49.275 48.252 48.230 47.209 40.189 36.169 66.151 72.133 72.116 72.099 72.083 72.068 73.052 73.038 73.024
49.922 40.853 38.790 36.731 53.678 73.629 75.584 75.540 75.496 75.453 75.410 77.364 56.310 54.257 0.000 0.000 0.000 0.000 0.000 0.000 0.000 0.000 0.000 0.000 0.000 55.335 74.329 73.320 73.309 73.297 73.284 73.269 75.253 74.235 74.216 74.194 68.168 46.137 62.098 72.052 22.985 13.913 47.827 54.775 63.732 50.691 71.651 89.612 74.573 41.535 83.499 7.464 19.431 32.399 35.370 35.342 37.315 47.290 45.266 46.243 48.220 51.199 45.178 46.159 62.140 72.122 72.104 72.087 72.071 72.055 72.040 72.025 72.010
41.005 38.937 43.875 48.817 63.763 75.714 75.668 75.624 75.582 75.541 75.501 76.455 63.383 0.000 0.000 0.000 0.000 0.000 3.279 40.279 1.279 19.279 0.000 0.000 0.000 30.315 65.312 72.306 73.298 73.288 73.277 73.264 75.250 73.235 73.218 73.200 57.178 53.152 15.110 17.081 0.000 0.000 32.756 39.730 61.697 47.662 52.626 95.590 78.554 57.518 67.483 17.450 62.418 39.388 35.359 35.331 37.305 46.280 57.255 57.232 59.210 65.188 60.167 71.147 72.128 72.109 72.092 72.074 72.058 72.042 72.026 72.011 71.997
42.082 39.016 45.955 64.898 75.844 75.795 75.749 75.706 75.666 75.629 75.596 81.572 0.000 0.000 0.000 0.000 0.000 0.000 40.279 52.279 39.279 54.279 50.280 0.000 20.293 52.299 59.299 70.295 73.289 73.281 73.271 74.261 73.249 73.236 73.222 69.208 58.194 63.183 0.000 0.000 0.000 16.704 49.711 41.692 59.665 35.634 37.602 85.568 84.533 76.499 62.466 62.434 51.404 46.375 35.346 35.319 35.293 45.268 67.244 74.221 73.198 73.176 65.155 72.135 72.116 72.097 72.079 72.061 72.044 72.028 72.012 71.997 71.982
40.156 38.092 53.031 72.974 76.922 75.873 75.828 75.786 75.747 75.713 75.684 82.664 0.000 0.000 0.000 0.000 0.000 0.000 29.279 49.279 49.279 48.279 51.280 35.283 43.287 51.290 51.289 68.286 74.282 73.275 73.267 73.258 73.248 73.238 74.227 66.217 62.208 56.202 0.000 0.000 0.000 9.697 13.691 41.664 60.636 37.608 33.578 72.546 89.513 86.480 67.448 46.418 45.389 46.360 37.333 34.307 35.281 38.256 49.232 69.209 72.186 72.164 64.143 72.122 72.102 72.083 72.065 72.047 72.030 72.013 71.998 71.982 71.968
39.226 41.163 61.103 77.047 75.995 75.947 75.903 75.862 75.825 75.791 77.761 75.737 0.000 0.000 0.000 0.000 0.000 0.000 15.279 54.279 60.279 65.279 56.279 55.280 49.282 45.283 56.282 70.280 73.276 73.270 76.264 74.256 73.248 73.240 73.231 68.224 60.218 55.215 30.219 0.000 0.000 0.000 0.000 3.636 52.608 38.584 34.557 67.525 98.492 79.459 58.429 49.400 51.372 49.345 44.319 33.293 35.268 34.243 38.219 57.196 72.173 72.151 64.129 72.109 72.089 72.069 72.051 72.033 72.015 71.999 71.983 71.967 71.952
39.293 49.230 69.171 77.116 76.065 76.018 75.974 75.935 75.899 76.866 74.834 62.785 46.785 0.000 0.000 0.000 0.000 0.000 17.279 55.279 64.278 64.278 68.278 70.278 53.278 52.278 67.277 73.275 73.271 73.267 74.261 73.255 73.248 73.242 73.235 71.229 59.225 60.222 54.222 0.222 0.000 0.000 0.000 0.000 38.577 38.562 32.539 77.507 65.469 71.437 41.408 61.381 55.355 48.329 48.304 39.279 34.255 35.230 34.206 46.183 69.160 71.137 65.115 72.094 73.074 72.054 72.035 72.017 72.000 71.983 71.967 71.951 71.936
