results4_8e4_rain/res_4e8f-0094.wd
ncols         241
nrows         181
xllcorner     12693529.787448
yllcorner     3542525.717860
cellsize      155.156523
NODATA_value  -9999.000000
[rows 66 to 98 of 181, columns 73 to 145 of 241]
68.228 32.217 0.000 57.420 74.399 73.370 73.343 0.000 44.776 44.759 57.769 53.777 52.757 52.713 51.649 127.557 115.397 0.000 0.000 0.000 48.232 43.176 48.094 51.039 50.993 52.952 53.913 58.871 59.833 60.789 51.730 0.000 0.000 49.042 99.041 80.951 84.803 84.880 82.925 90.854 83.316 83.787 84.518 83.282 83.052 83.840 53.679 0.000 0.000 0.000 0.000 0.000 0.000 0.000 28.911 26.891 26.854 26.800 26.734 26.664 30.587 43.504 40.416 25.324 36.229 45.137 24.050 26.966 32.883 37.801 33.721 27.642 25.565
53.229 59.207 0.000 45.622 69.589 68.562 62.564 15.643 0.000 0.000 50.841 63.914 52.913 51.884 52.843 33.804 0.000 0.000 0.000 0.000 0.000 0.000 59.038 57.015 54.986 37.949 40.910 47.868 48.837 53.806 44.768 0.000 0.000 0.000 59.284 77.189 84.119 84.205 91.297 91.083 83.398 84.078 83.781 83.563 83.344 78.149 36.011 0.000 0.205 33.205 0.000 0.000 0.000 34.950 29.950 26.928 26.889 26.837 26.774 26.705 26.629 26.549 33.464 47.376 48.286 31.198 25.112 26.028 26.946 30.865 29.785 25.707 25.630
55.237 54.174 59.047 56.859 70.772 63.725 64.709 61.721 0.000 0.000 0.000 66.125 61.099 56.066 58.034 5.012 0.000 0.000 0.000 0.000 0.000 0.000 58.005 53.996 44.985 0.000 0.000 45.855 57.842 56.828 0.000 0.000 4.999 61.878 53.622 57.441 64.513 79.568 91.497 83.157 84.702 84.258 84.061 83.835 81.613 64.401 43.206 49.206 47.206 28.206 0.000 0.000 0.000 0.000 44.011 25.982 26.938 30.884 38.821 28.751 26.677 25.597 29.514 44.429 51.342 43.257 29.172 24.090 26.008 25.928 25.849 25.770 24.694
55.275 53.205 57.107 67.995 61.913 54.858 73.825 62.812 14.826 0.000 8.500 58.362 74.292 69.246 69.215 72.198 0.000 0.000 0.000 0.000 3.969 3.973 55.982 46.980 49.975 0.000 0.000 0.000 93.847 120.838 35.837 0.000 61.119 56.016 55.854 55.758 51.838 91.863 91.686 84.211 87.809 84.548 84.331 84.108 75.872 28.637 0.000 51.206 29.206 0.000 0.000 0.000 32.217 31.180 30.103 26.050 29.997 41.939 46.875 44.804 37.729 27.649 36.567 44.483 23.398 29.314 42.231 39.150 35.069 42.990 23.911 25.832 23.756
53.329 59.262 69.183 61.100 53.028 52.970 65.921 73.875 69.841 72.770 74.637 69.532 64.461 66.413 55.382 54.367 0.000 0.000 0.000 4.964 60.966 59.967 47.969 49.966 50.959 54.944 53.935 0.000 4.861 0.000 0.000 7.504 67.343 60.215 55.054 56.143 54.186 92.025 53.847 61.428 76.016 83.829 84.607 82.392 41.132 0.000 0.000 0.000 0.000 0.000 0.000 33.279 27.254 27.220 27.170 28.118 38.062 47.001 45.934 45.862 41.785 37.705 47.622 30.538 25.454 26.371 26.289 36.209 49.130 36.051 23.972 24.893 30.817
59.393 70.331 60.263 53.194 54.130 54.072 56.014 39.927 65.892 63.832 55.747 52.668 51.606 67.562 69.534 56.520 0.000 0.000 0.000 60.962 56.962 53.962 46.961 50.957 50.950 50.939 50.925 9.903 12.876 13.852 15.803 83.666 80.536 69.407 68.363 57.360 92.312 92.175 55.907 62.550 57.319 64.114 82.878 57.721 0.000 0.000 0.000 0.000 0.000 0.000 0.000 33.304 27.300 27.278 27.239 28.190 37.133 47.070 46.000 44.925 41.845 46.762 40.678 24.593 26.509 26.426 26.346 36.267 44.190 23.114 26.034 28.949 47.876
70.463 60.405 53.345 54.284 54.226 55.175 36.137 0.000 22.967 50.919 53.852 53.785 53.733 51.696 75.672 59.660 0.000 0.000 0.000 37.960 54.959 48.958 49.956 50.952 50.945 50.936 50.925 61.908 1.887 5.877 22.891 75.821 85.721 7.610 89.532 79.724 92.431 54.494 68.132 64.770 54.635 51.432 48.068 32.895 0.000 0.000 28.915 0.000 0.000 0.000 0.000 29.334 27.364 27.352 27.318 27.270 28.211 34.145 42.071 41.992 41.908 45.822 23.735 26.648 26.563 25.480 31.400 48.324 31.251 25.179 28.103 8.992 9.923
60.537 53.483 54.427 54.370 54.314 57.264 13.221 11.187 4.091 49.024 53.957 55.889 53.846 52.816 70.797 66.788 0.000 0.000 0.000 0.000 45.955 48.954 50.952 50.949 50.944 50.937 52.928 38.918 0.000 0.000 73.065 76.005 86.918 92.790 86.893 84.928 92.533 75.550 78.249 63.087 55.989 48.912 0.000 0.000 0.000 0.000 26.916 0.000 0.000 0.000 0.000 0.000 30.470 27.449 27.411 27.360 27.298 27.226 27.148 34.063 41.974 29.883 26.792 26.702 26.614 29.530 42.451 42.377 24.309 26.250 29.207 0.000 0.000
53.616 54.564 54.509 54.454 54.398 54.346 58.297 59.248 59.186 55.128 55.064 34.966 51.946 52.927 68.913 67.906 0.000 0.000 0.000 0.000 44.953 50.952 50.950 50.947 50.944 50.939 38.934 0.000 0.000 1.515 78.299 84.220 87.123 87.070 86.147 92.669 85.044 87.758 82.443 67.382 57.320 56.316 56.456 0.000 0.000 0.000 23.916 30.917 23.916 0.000 0.000 0.000 45.596 26.564 27.518 27.461 27.393 28.316 27.231 27.139 27.043 26.945 26.848 26.753 25.662 31.577 46.497 23.424 26.360 26.306 28.268 3.263 0.000
54.699 54.647 54.593 54.537 54.480 54.424 54.372 54.324 54.278 54.237 58.206 0.000 45.045 54.032 70.020 65.019 1.079 0.000 0.000 0.000 49.951 52.950 52.949 52.947 50.944 53.942 0.000 0.000 0.000 70.670 76.548 87.450 87.327 87.433 85.478 92.882 86.185 90.826 86.715 87.646 75.595 63.575 52.596 47.595 49.595 0.000 0.000 29.917 24.917 30.911 31.895 29.854 35.753 45.694 27.637 28.573 37.499 44.414 26.320 27.218 27.113 27.006 26.901 25.800 30.705 49.617 43.536 32.464 25.399 26.344 28.298 43.257 61.195
54.784 54.732 54.678 54.621 54.561 54.499 54.444 57.396 55.365 54.337 58.316 0.000 45.157 54.136 71.117 63.111 3.131 0.000 0.000 0.000 22.950 32.950 31.948 31.947 52.945 37.944 0.000 0.000 0.000 72.857 82.774 87.675 87.628 86.728 93.538 93.229 87.258 88.099 86.954 86.895 87.839 78.794 43.756 0.000 0.000 0.000 0.000 27.919 27.921 24.922 26.921 27.913 26.870 33.821 47.763 30.695 28.615 38.522 26.417 27.303 27.184 27.066 26.951 26.842 34.741 47.650 34.568 46.495 24.431 25.374 30.323 51.274 63.217
54.872 54.820 54.766 54.709 54.644 57.568 59.507 31.451 52.450 55.430 57.404 17.381 48.291 53.238 65.201 63.178 4.169 0.000 0.000 0.000 0.000 0.000 0.000 0.000 33.945 0.000 0.000 0.000 21.298 71.128 88.014 87.889 88.000 86.082 93.818 85.856 91.559 87.251 87.202 87.133 87.072 77.004 37.880 0.000 0.000 0.000 0.000 0.000 30.928 31.934 18.954 27.006 27.995 27.956 31.900 47.830 30.744 27.642 27.523 27.391 27.255 27.122 24.995 30.876 49.769 30.673 29.590 43.518 27.454 25.398 32.346 58.297 63.246
54.962 54.910 54.858 54.803 56.737 32.623 34.565 0.000 14.555 50.527 54.491 58.448 54.386 57.326 62.269 67.230 6.200 0.000 0.000 0.000 0.000 0.000 0.000 0.000 0.000 0.000 0.000 4.589 80.468 82.345 88.235 88.187 87.303 94.322 94.079 86.924 87.636 87.505 87.434 87.368 86.311 66.271 0.000 0.000 0.000 0.000 0.000 0.000 0.000 22.934 0.000 34.164 31.146 27.108 27.052 28.980 45.890 34.779 26.643 27.484 27.324 26.172 31.030 32.900 31.783 28.685 26.602 26.532 26.471 27.417 40.368 62.322 63.278
55.052 55.001 54.953 54.910 59.877 0.000 0.000 20.776 12.689 46.633 55.585 53.535 55.477 67.413 39.319 33.275 0.000 0.000 0.000 0.000 0.000 0.000 0.000 0.000 0.000 0.000 0.000 67.710 72.640 86.550 88.430 88.558 86.651 94.545 86.435 88.106 87.797 87.736 87.659 87.592 79.536 56.497 0.000 0.000 0.000 0.000 0.000 0.000 0.000 0.000 0.000 38.340 33.319 27.278 25.221 28.148 28.057 43.940 36.785 27.579 28.385 26.212 33.054 32.911 29.780 23.681 26.602 26.536 28.480 42.431 61.387 63.347 66.310
56.138 54.089 54.044 54.007 56.983 26.989 23.949 55.863 60.791 54.732 52.680 59.628 69.576 72.530 0.000 0.000 0.000 0.000 0.000 0.000 0.000 0.000 0.000 0.000 0.000 0.000 0.000 69.900 77.835 87.746 88.736 87.773 94.957 94.757 87.471 88.172 88.032 87.952 87.876 87.807 69.742 51.684 0.000 0.000 0.000 0.000 0.000 0.000 0.000 0.000 0.000 36.539 34.510 34.464 31.405 24.335 26.249 27.140 42.978 42.661 39.427 36.235 29.066 27.908 24.747 25.655 26.588 30.532 50.484 62.441 62.402 63.369 62.339
70.220 69.171 68.127 66.090 63.060 64.035 63.995 60.937 61.879 63.825 63.774 69.723 71.669 29.599 0.000 0.000 0.000 0.000 0.000 0.000 0.000 0.000 0.000 0.000 0.000 8.418 16.338 71.156 88.047 88.955 88.904 88.132 95.143 86.957 88.628 88.313 88.245 88.162 88.088 86.018 67.941 38.812 0.000 0.000 0.000 0.000 0.000 0.000 0.000 0.000 0.000 26.765 30.720 33.663 34.601 33.536 30.466 26.393 20.327 0.000 0.000 0.000 0.000 0.000 28.645 26.607 29.563 50.520 63.481 62.446 63.414 66.386 62.362
66.297 68.248 67.204 69.165 71.131 70.097 69.058 67.011 64.963 64.915 65.867 61.821 61.779 0.000 0.000 0.000 0.000 0.000 0.000 0.000 0.000 0.000 0.000 0.000 0.000 57.497 80.441 79.339 88.245 89.134 89.260 87.362 95.316 89.055 88.658 88.531 88.445 88.365 88.295 84.235 64.193 0.000 0.000 0.000 0.000 0.000 0.000 0.000 0.000 0.000 34.203 29.037 25.941 27.867 32.801 34.741 34.687 35.640 26.610 0.000 0.000 0.000 0.000 0.000 29.582 27.563 43.536 64.506 62.475 62.447 62.421 63.398 62.379
54.368 54.319 55.276 62.237 71.201 77.166 65.128 59.088 54.046 52.003 50.961 56.914 35.847 0.000 0.000 0.000 0.000 0.000 0.000 0.000 0.000 0.000 0.000 0.000 0.000 63.633 79.589 87.516 89.431 89.399 88.529 95.623 95.476 91.079 88.882 88.719 88.639 88.560 88.490 83.435 58.402 0.000 0.000 0.000 0.000 0.000 0.000 0.000 0.000 34.509 29.369 29.240 29.141 28.062 24.996 29.942 33.899 34.871 31.862 0.000 0.000 0.000 0.000 32.523 26.536 30.530 58.513 62.491 62.468 62.446 62.425 62.407 62.392
53.433 53.386 57.344 62.306 64.270 67.236 57.201 53.166 54.130 54.093 56.057 34.029 0.000 0.000 0.000 0.000 0.000 0.000 0.000 0.000 0.000 0.000 0.000 0.000 0.000 49.812 78.768 88.702 89.603 89.734 87.844 95.758 88.637 90.307 88.984 88.916 88.825 88.744 88.672 79.614 52.578 0.000 0.000 0.000 0.000 0.000 0.000 0.000 33.778 29.648 29.525 29.414 29.320 29.243 29.180 26.131 25.097 28.084 35.104 35.201 0.000 0.000 0.000 26.510 27.512 45.506 62.494 61.478 61.461 62.443 62.427 62.412 62.401
53.493 53.449 55.409 56.372 54.338 53.306 54.276 53.245 53.214 53.181 58.146 3.117 0.000 0.000 0.000 0.000 0.000 0.000 0.000 0.000 0.000 0.000 0.000 0.000 1.262 58.036 86.970 89.893 89.866 88.998 96.005 95.886 91.640 89.338 89.190 89.097 89.006 88.920 89.840 69.769 57.719 0.000 0.000 33.492 0.000 33.214 35.161 35.062 29.907 29.781 29.669 29.570 29.483 29.410 29.351 29.306 28.275 25.262 34.271 35.299 28.298 0.000 0.000 34.496 26.494 34.489 40.479 43.467 47.454 53.440 59.427 61.415 61.406
54.549 54.507 54.469 54.435 54.404 53.376 53.350 53.325 53.299 52.270 60.231 11.174 0.000 0.000 0.000 0.000 0.000 0.000 0.000 0.000 0.000 0.000 0.000 0.000 42.416 78.278 89.182 90.070 90.211 88.303 96.111 89.103 90.773 89.453 89.375 89.276 89.182 89.090 89.999 61.903 39.811 0.000 0.000 29.492 0.000 28.266 30.209 30.119 30.008 29.901 29.802 29.712 29.633 29.564 29.508 29.465 27.435 29.419 35.418 32.424 0.000 0.000 0.000 33.483 32.481 31.475 30.467 29.458 28.447 32.436 43.426 39.416 41.409
52.600 52.561 52.526 52.496 52.468 52.444 52.423 53.405 55.389 57.370 32.334 0.000 0.000 0.000 0.000 0.000 0.000 0.000 0.000 0.557 9.545 0.000 0.000 12.738 53.602 84.481 90.370 90.357 89.384 96.297 96.209 92.098 89.801 89.648 89.551 89.453 89.357 89.260 85.161 32.032 0.000 0.000 0.000 29.492 35.469 30.375 30.288 30.197 30.104 30.013 29.926 29.844 29.771 29.707 29.653 29.611 26.581 35.563 35.556 31.557 0.000 0.000 0.000 32.474 31.470 32.465 32.458 32.450 32.441 32.432 31.423 31.416 30.410
53.647 53.611 56.580 60.552 63.528 67.509 69.493 72.483 71.480 63.489 1.548 12.667 36.706 4.729 0.000 0.000 0.000 0.000 0.000 40.569 67.543 7.509 0.000 46.873 79.776 89.664 90.561 90.490 89.713 96.373 88.545 90.228 89.908 89.829 89.728 89.629 89.530 90.433 77.355 0.000 0.000 0.000 0.000 9.516 29.540 30.479 32.372 32.276 30.199 30.121 30.044 29.969 29.900 29.838 29.787 26.745 31.715 34.696 35.688 26.689 0.000 0.000 0.000 16.468 37.462 37.456 34.450 31.442 31.434 32.427 33.420 33.414 32.409
55.689 54.658 61.630 70.605 71.585 70.569 69.558 68.554 65.560 59.581 34.633 51.684 69.722 38.751 22.777 0.000 0.000 0.000 11.629 50.596 64.550 3.474 22.326 64.105 88.963 91.849 90.691 90.903 88.878 96.436 90.535 90.247 90.096 90.001 89.904 89.806 89.703 91.586 35.470 0.000 0.000 0.000 0.000 0.000 25.695 31.628 12.446 12.338 29.292 30.230 30.159 30.088 30.021 29.961 28.910 26.869 35.838 35.818 32.811 26.824 32.877 0.000 0.000 0.000 48.453 63.449 56.442 52.435 48.428 44.422 47.416 47.411 30.407
55.728 55.700 58.676 61.654 60.637 58.624 56.617 54.616 52.624 52.644 61.677 63.714 60.748 57.777 61.803 9.825 0.000 0.000 51.662 81.636 32.588 28.512 62.398 86.256 91.132 90.993 91.115 89.070 96.521 88.949 90.661 90.345 90.270 90.173 90.081 89.988 92.888 49.737 0.000 0.000 0.000 0.000 0.000 0.000 27.918 32.892 0.000 0.000 26.403 30.349 30.276 30.202 30.135 30.075 27.024 34.982 35.949 34.927 25.916 29.917 29.930 0.000 0.000 0.000 16.448 46.444 64.436 63.428 63.422 63.416 63.412 57.408 47.404
55.765 55.740 55.718 54.699 54.684 55.674 55.668 55.669 53.677 54.694 59.719 62.748 58.778 53.807 56.831 11.848 0.000 0.000 43.721 53.698 31.654 64.588 79.498 88.392 91.285 91.225 90.328 96.909 96.665 89.945 90.672 90.527 90.436 90.344 90.257 90.179 93.125 0.000 0.000 8.508 17.508 0.000 0.000 29.281 32.167 31.130 38.176 0.000 26.568 30.485 30.393 30.311 30.241 28.180 30.129 36.086 36.051 28.026 29.008 29.999 29.996 0.000 0.000 0.000 0.000 0.000 46.428 62.420 62.415 62.410 62.406 63.403 63.401
55.799 55.777 55.758 55.741 55.728 55.718 55.713 54.714 53.721 57.735 61.755 61.781 56.810 52.840 57.868 10.887 0.000 0.000 39.803 8.782 55.743 79.687 85.614 91.535 91.397 91.616 89.611 97.126 89.375 91.083 90.768 90.696 90.601 90.512 90.424 97.344 81.309 0.000 4.508 54.508 40.508 0.000 0.000 24.394 32.341 31.285 31.222 37.079 34.815 33.632 30.500 30.409 30.337 27.277 35.225 36.181 32.145 27.116 30.093 30.074 32.059 36.072 0.000 0.000 0.000 0.000 0.000 59.410 62.407 62.404 62.401 63.398 61.396
55.832 55.813 55.795 55.779 55.767 55.758 54.753 53.753 55.758 59.770 62.787 58.811 53.842 52.877 55.913 37.946 24.982 25.971 21.907 22.881 62.849 83.803 89.746 91.652 91.805 89.807 97.505 97.324 90.387 91.097 90.948 90.856 90.764 90.676 95.586 38.463 53.458 23.497 54.507 62.509 0.000 0.000 0.000 23.562 32.516 31.446 31.349 41.200 51.982 25.727 35.568 31.486 28.423 30.366 36.314 35.269 26.231 29.200 30.173 30.146 17.096 18.084 0.000 0.000 0.000 0.000 0.000 40.403 61.400 62.398 62.395 66.393 62.390
55.865 55.846 55.829 55.815 55.802 55.794 53.788 53.787 57.790 64.798 65.812 61.835 56.868 54.911 54.961 57.001 57.028 66.025 6.974 40.987 78.969 85.932 91.884 91.868 91.015 97.828 97.671 90.754 91.530 91.190 91.113 91.014 90.924 90.842 98.780 0.000 36.564 38.525 28.515 30.512 0.000 0.000 0.000 26.775 32.717 31.634 37.529 53.390 30.186 0.000 16.557 29.547 27.502 35.449 36.396 32.350 29.310 30.279 30.255 32.240 0.000 0.000 0.000 0.000 0.000 0.000 32.398 13.398 52.394 62.391 62.389 67.387 62.385
55.897 55.878 55.862 55.847 55.835 54.826 53.819 55.816 62.817 39.820 15.827 14.849 11.886 41.939 59.020 54.069 57.105 38.126 0.179 46.125 84.106 90.081 91.991 92.253 90.291 97.972 91.097 91.870 91.435 91.373 91.264 91.167 91.074 91.988 89.913 11.855 11.710 0.000 0.000 0.000 0.000 0.000 26.207 34.047 31.942 30.845 50.744 54.644 0.000 0.000 0.000 25.641 31.591 36.531 36.473 26.423 30.382 30.351 30.329 33.318 0.000 0.000 0.000 0.000 0.000 0.000 11.398 0.000 40.386 62.385 62.384 68.382 62.380
55.927 55.908 55.892 55.877 54.865 53.855 55.847 58.842 66.840 25.840 0.000 0.000 0.000 0.000 41.112 56.149 57.196 43.248 45.313 71.279 88.259 92.208 92.403 90.444 98.226 98.105 92.083 91.774 91.623 91.516 91.415 91.316 91.219 94.122 79.030 7.942 0.000 0.000 0.000 0.000 0.000 0.000 26.367 33.264 32.159 30.061 57.956 18.800 0.000 0.000 31.916 36.786 36.690 36.610 34.543 29.488 30.445 30.414 30.394 32.385 0.000 36.471 0.000 0.000 0.000 0.000 0.000 0.000 33.380 62.379 62.378 62.377 62.376
55.954 55.936 55.920 55.906 54.893 53.882 57.872 61.865 65.861 23.860 0.000 0.000 0.000 0.000 21.166 64.221 59.281 65.358 78.414 87.423 91.411 92.442 91.614 98.441 98.337 91.429 92.200 91.855 91.768 91.661 91.561 91.463 95.363 58.253 30.141 0.000 0.000 0.000 0.000 0.000 0.000 28.846 33.631 32.482 34.371 31.282 55.219 0.000 0.000 27.204 34.047 49.896 38.773 35.676 31.600 29.541 29.496 30.465 30.446 30.443 35.464 31.471 22.471 0.000 0.000 0.000 29.370 31.371 30.373 62.374 62.374 62.373 62.372
55.980 55.963 55.947 55.932 53.919 55.907 61.895 62.886 60.880 47.878 8.884 0.000 0.000 0.000 0.000 17.286 13.351 53.487 84.564 88.588 92.560 92.754 90.899 98.534 90.750 92.525 92.087 92.019 93.904 92.802 91.704 91.612 97.516 20.384 0.000 0.000 0.000 0.000 0.000 10.422 49.309 49.062 36.828 33.663 44.559 39.478 40.421 1.426 0.000 25.362 30.171 40.978 36.832 40.722 34.640 37.579 36.535 33.504 30.485 29.477 29.479 35.479 0.000 0.000 0.000 0.000 26.369 26.369 36.370 62.370 62.370 62.369 62.369
