results4_8e4_rain/res_4e8f-0237.wd
ncols         241
nrows         181
xllcorner     12693529.787448
yllcorner     3542525.717860
cellsize      155.156523
NODATA_value  -9999.000000
[rows 99 to 131 of 181, columns 0 to 72 of 241]
0.000 0.000 0.000 0.000 0.000 61.375 101.375 103.375 94.375 89.375 0.000 0.000 0.000 0.000 0.000 3.372 2.372 69.372 66.372 0.000 0.000 2.372 5.372 64.372 63.372 4.372 0.000 0.000 0.000 11.378 0.000 0.000 0.000 0.000 17.235 63.231 59.221 58.204 59.180 60.154 73.125 62.093 66.059 58.021 59.979 57.935 58.887 63.837 64.785 62.730 66.674 59.617 59.559 61.500 64.436 78.367 79.308 64.260 50.217 0.000 0.000 0.000 0.000 0.000 28.276 83.271 80.260 67.243 42.219 37.195 81.171 58.148 60.125
0.000 0.000 0.000 0.000 0.000 62.375 102.375 102.375 0.000 0.000 0.000 0.000 0.000 0.000 0.000 2.372 14.372 80.372 69.372 7.372 4.372 4.372 67.372 66.372 70.372 1.372 0.000 0.000 0.000 69.378 61.378 0.000 0.000 0.321 76.279 86.272 72.263 65.249 59.230 61.208 80.181 65.151 71.118 71.080 62.039 76.995 68.947 69.896 59.842 67.786 67.729 65.671 59.613 60.555 64.491 61.397 23.334 13.297 0.000 0.000 0.000 0.000 0.000 31.294 68.288 80.283 87.275 77.263 53.247 54.230 68.212 59.193 60.173
7.377 0.377 0.000 0.000 0.000 49.376 98.375 107.375 17.375 0.000 0.000 0.000 0.000 0.000 0.000 1.372 3.372 87.372 68.372 69.372 71.372 68.372 65.372 66.372 64.372 2.372 0.000 0.000 0.000 62.378 62.378 63.376 62.368 62.352 61.326 71.316 80.309 27.299 91.284 81.265 86.241 71.213 16.181 87.144 85.102 84.058 88.009 76.957 59.902 62.844 67.785 67.725 64.667 60.616 49.576 0.000 0.000 0.000 0.000 0.000 0.000 0.000 0.000 41.300 68.300 68.297 79.293 78.286 61.277 61.266 60.253 60.239 60.222
75.377 78.377 10.377 0.000 0.000 59.376 98.376 103.375 113.375 18.375 0.000 0.000 0.000 0.000 9.372 9.372 7.372 24.372 72.372 69.372 87.372 101.372 76.372 61.372 0.372 0.000 0.000 0.000 0.000 0.000 61.380 62.382 62.374 62.365 62.357 61.359 61.358 60.353 61.342 66.327 78.306 72.280 15.248 87.211 88.170 66.124 73.075 90.021 83.963 70.903 60.841 66.778 67.715 70.665 55.620 0.000 0.000 0.000 0.000 0.000 0.000 0.000 0.000 3.306 19.313 65.314 62.314 62.312 60.309 60.304 60.296 60.287 60.274
89.377 72.377 72.376 74.376 76.376 95.376 103.376 103.375 103.375 105.375 79.375 18.374 1.374 67.373 74.373 75.372 37.372 32.372 95.372 103.372 98.372 94.372 77.372 1.372 0.000 0.000 0.000 0.000 0.000 0.000 0.000 62.399 61.383 60.375 61.379 62.403 62.411 62.411 62.406 63.395 82.376 77.351 60.320 62.283 73.241 84.195 61.144 73.089 74.028 66.963 86.898 69.830 61.751 2.708 0.000 0.000 0.000 0.000 0.000 0.000 0.000 0.000 0.000 0.000 11.331 65.333 60.336 60.339 60.342 60.343 60.342 58.337 56.329
104.377 94.377 75.377 79.376 97.376 103.376 103.376 103.375 103.375 98.375 70.374 76.374 4.374 58.373 93.373 101.372 101.372 85.372 100.372 107.372 17.372 0.000 0.000 0.000 0.000 0.000 0.000 0.000 0.000 0.000 0.000 62.432 0.000 0.000 0.000 63.465 62.471 62.476 62.476 63.469 79.454 84.429 61.397 62.359 62.316 80.270 81.219 59.163 67.098 86.023 77.957 55.894 0.000 0.000 0.000 0.000 0.000 0.000 0.000 0.000 0.000 0.000 0.000 0.000 8.347 65.350 60.357 60.367 60.378 59.386 58.391 63.391 64.388
104.377 104.377 99.377 102.376 103.376 103.376 103.376 103.376 103.375 99.375 74.375 91.374 0.000 0.000 71.372 95.372 103.372 104.372 103.372 108.372 11.372 0.000 0.000 0.000 0.000 0.000 0.000 0.000 0.000 0.000 0.000 62.465 1.489 1.508 64.522 62.521 62.532 62.544 62.553 62.553 79.540 84.515 61.481 62.441 62.396 63.349 84.299 78.245 85.180 75.072 56.015 0.000 0.000 0.000 0.000 0.000 0.000 0.000 0.000 0.000 0.000 0.000 0.000 0.000 63.359 60.365 60.375 60.393 60.416 59.432 61.443 65.449 66.452
102.377 103.377 103.377 103.377 103.376 103.376 103.376 103.376 103.375 104.375 99.374 106.374 30.373 9.373 59.372 78.372 101.372 103.372 104.372 92.371 6.372 0.000 0.000 0.000 0.000 0.000 0.000 0.000 0.000 0.000 0.000 56.479 61.494 61.512 60.533 62.567 62.590 62.616 62.640 62.648 79.637 84.610 61.571 62.526 62.478 62.430 67.383 90.338 70.303 0.000 0.000 0.000 0.000 0.000 0.000 0.000 0.000 0.000 0.000 0.000 0.000 0.000 0.000 0.000 16.367 67.374 63.386 64.414 62.462 58.484 65.499 66.511 64.521
99.377 104.377 103.377 103.377 103.377 103.376 103.376 103.376 103.375 103.375 104.374 97.374 81.373 72.373 66.372 93.372 103.372 103.371 108.371 11.371 0.000 0.000 0.000 0.000 0.000 0.000 0.000 0.000 0.000 0.000 0.000 0.000 0.000 0.000 0.000 62.622 62.646 62.689 62.744 62.763 78.751 85.716 62.668 62.614 62.561 62.510 62.464 68.423 21.390 0.000 0.000 0.000 0.000 0.000 0.000 0.000 0.000 0.000 0.000 0.000 0.000 0.000 0.000 0.000 0.000 4.378 2.382 0.000 8.534 67.544 65.558 66.575 63.595
99.377 104.377 103.377 103.377 103.377 103.377 103.376 103.376 103.375 103.375 104.375 89.374 68.373 67.373 76.372 100.372 103.371 103.371 109.371 14.371 5.371 0.000 0.000 0.000 0.000 0.000 0.000 0.000 0.000 0.000 0.000 0.000 0.000 0.000 0.000 58.653 62.684 59.752 62.882 62.909 81.887 85.837 62.771 62.703 62.640 62.586 62.541 59.499 9.445 0.000 0.000 0.000 0.000 0.000 0.000 0.000 0.000 0.000 0.000 0.000 0.000 59.677 0.000 0.000 0.000 0.000 0.000 1.620 63.596 64.599 66.613 66.637 63.669
102.378 103.378 103.378 103.377 103.377 103.377 103.377 103.376 103.376 103.375 103.375 100.374 77.373 78.373 95.372 102.372 103.371 103.371 110.370 27.370 0.000 0.000 0.000 0.000 0.000 0.000 0.000 0.000 0.000 0.000 0.000 0.000 0.000 0.000 0.000 0.000 58.684 0.000 62.124 63.105 91.052 77.971 62.875 62.785 62.711 75.654 65.613 60.588 0.000 0.000 0.000 0.000 0.000 0.000 0.000 0.000 0.000 0.000 0.000 0.000 11.677 70.677 55.677 0.000 0.000 0.000 1.654 64.643 67.636 66.641 63.659 59.690 59.737
103.378 103.378 103.378 103.378 103.378 103.377 103.377 103.376 103.376 103.375 103.375 103.374 105.373 105.373 104.372 103.371 103.371 105.370 94.370 37.370 0.000 0.000 0.000 0.000 0.000 0.000 0.000 0.000 0.000 0.000 0.000 0.000 0.000 0.000 0.000 0.000 0.000 0.000 62.385 63.334 97.246 66.121 62.974 62.851 74.765 83.706 62.668 62.653 61.669 0.000 0.000 0.000 0.000 0.000 0.000 0.000 0.000 0.000 0.000 0.000 0.000 66.677 67.677 54.676 1.675 60.672 62.665 66.661 65.662 63.671 62.692 58.728 66.785
102.379 101.378 103.378 103.378 103.378 103.378 103.377 103.377 103.376 103.376 103.375 103.374 103.373 103.372 103.372 103.371 104.370 87.369 15.369 6.369 64.368 78.368 24.368 0.000 0.000 5.368 0.000 0.000 0.000 0.000 0.000 0.000 0.000 0.000 0.000 4.389 4.358 1.206 58.696 69.601 92.476 63.294 60.050 62.881 62.791 62.736 62.702 62.686 62.685 59.685 0.000 0.000 0.000 0.000 0.000 0.000 0.000 0.000 0.000 0.000 0.678 61.678 57.677 63.677 58.676 66.675 66.674 65.674 61.679 64.690 59.711 58.744 58.801
92.379 92.379 101.379 103.379 103.379 103.378 103.378 103.377 103.377 103.376 103.375 104.374 105.373 103.372 103.371 103.370 103.369 25.369 9.368 64.368 74.368 84.368 83.368 76.368 68.368 9.368 0.000 0.000 0.000 0.000 0.000 0.000 0.000 0.000 4.440 63.420 66.372 66.256 63.034 61.900 70.762 58.528 0.000 58.831 62.782 62.744 62.719 62.705 61.700 0.000 0.000 0.000 0.000 0.000 0.000 0.000 63.679 74.679 0.000 0.000 62.678 60.678 60.678 57.678 65.678 66.678 66.680 63.683 66.690 66.701 64.716 59.737 48.759
74.379 79.379 98.379 104.379 103.379 103.379 103.378 103.378 103.377 103.376 105.375 91.374 87.373 102.372 107.371 104.370 99.369 81.368 84.367 90.367 84.367 85.368 64.368 57.368 3.368 0.368 0.000 0.000 0.000 0.000 0.000 0.411 1.411 0.000 54.460 60.480 63.453 63.385 63.283 63.202 65.146 0.000 0.000 0.000 57.761 62.741 62.724 62.714 62.709 0.709 0.000 0.000 0.000 0.000 0.000 23.679 80.679 62.679 60.679 60.679 60.678 60.678 58.679 63.679 66.680 66.681 62.684 66.689 66.696 65.705 59.717 60.729 50.739
58.380 73.380 92.380 105.380 106.380 106.380 104.379 103.378 104.378 103.377 104.376 42.375 13.373 61.372 79.371 100.369 107.368 105.366 105.366 91.366 14.367 0.000 0.000 0.000 0.000 0.000 0.000 0.000 0.000 9.411 11.411 1.411 1.411 1.411 0.000 59.585 63.577 61.549 62.509 64.481 65.473 0.000 0.000 0.000 0.000 55.732 62.724 62.718 59.713 0.000 0.000 0.000 0.000 0.000 0.000 0.000 22.679 76.679 59.679 59.679 60.679 59.679 59.679 65.679 66.680 64.682 52.686 5.692 70.701 64.708 64.716 64.724 50.729
22.380 44.380 77.381 83.381 77.381 79.380 96.380 104.379 100.378 93.377 92.376 27.376 0.000 0.000 0.000 37.368 72.367 98.364 105.363 2.365 0.000 0.000 0.000 0.000 0.000 0.000 0.000 0.000 0.000 51.411 72.411 17.411 2.411 1.411 0.000 59.698 65.720 64.726 73.725 74.738 64.792 9.948 0.000 0.000 0.000 0.000 59.722 60.720 0.000 0.000 0.000 0.000 0.000 0.000 0.000 0.000 0.000 81.679 84.679 64.679 58.679 56.679 66.679 66.679 61.680 0.000 0.000 0.000 11.706 69.711 66.716 66.721 56.724
0.000 0.000 58.383 67.383 19.382 5.382 68.381 97.380 88.379 84.378 98.377 65.376 25.375 0.000 0.000 0.000 0.000 43.361 74.358 0.000 0.000 0.000 0.000 0.000 0.000 0.000 0.000 0.000 0.000 0.000 56.411 74.411 5.411 0.000 0.000 50.789 64.880 62.909 92.926 85.954 64.010 66.104 12.208 0.000 0.000 0.000 54.722 0.000 0.000 0.000 0.000 0.000 0.000 0.000 0.000 0.000 0.000 0.000 69.679 86.679 71.679 65.679 66.679 61.679 0.000 0.000 0.000 0.000 0.000 61.715 66.717 66.719 61.721
0.000 0.000 54.385 99.384 56.383 5.383 57.382 89.381 91.380 102.378 104.377 107.375 113.374 52.371 21.369 0.000 0.000 0.000 14.350 9.345 0.333 2.321 0.000 0.000 0.000 0.000 0.000 0.000 0.000 0.000 57.411 72.411 2.411 9.411 13.411 0.000 58.101 66.104 96.116 78.143 66.188 65.252 70.311 0.000 0.000 0.000 0.000 0.000 0.000 0.000 0.000 0.000 0.000 0.000 0.000 0.000 0.000 0.000 0.000 7.679 74.679 64.679 62.679 0.000 0.000 0.000 0.000 0.716 60.716 59.716 61.717 55.718 0.000
27.389 42.388 76.387 94.386 102.385 71.384 84.383 107.382 104.381 103.379 103.377 103.376 103.373 109.371 112.367 68.363 27.358 9.353 72.348 86.341 79.331 81.320 37.310 13.300 10.293 0.000 0.000 0.000 0.000 0.000 36.411 58.411 64.411 64.411 67.411 26.411 59.318 88.292 90.292 67.312 65.349 65.403 68.474 13.590 8.642 0.000 0.000 0.000 0.000 0.000 0.000 0.000 0.000 0.000 0.000 0.000 0.000 0.000 0.000 0.000 0.679 0.679 8.679 0.000 0.000 0.000 0.000 62.716 57.716 55.716 0.000 0.000 0.000
100.390 103.389 103.388 101.387 99.387 100.385 102.384 102.383 103.382 104.380 104.378 103.376 96.373 100.371 103.367 107.363 111.358 112.353 104.347 100.340 97.331 92.320 94.309 87.297 43.286 21.275 0.000 0.000 0.000 0.000 0.000 0.000 0.000 0.000 0.000 83.503 72.470 101.451 92.449 79.464 66.493 65.536 65.592 69.656 65.693 0.000 0.000 0.000 0.000 0.000 0.000 0.000 0.000 0.000 0.000 0.000 0.000 0.000 0.000 0.000 0.000 0.000 0.000 0.000 0.000 0.000 0.000 0.000 0.000 0.000 0.000 0.000 0.000
103.391 98.391 96.390 95.389 89.388 86.387 87.386 87.384 93.383 98.381 98.379 91.377 75.374 90.371 103.368 103.363 103.359 103.354 103.348 103.340 104.332 104.321 107.308 108.295 108.280 108.263 47.243 0.000 0.000 0.000 0.000 0.000 0.000 0.000 0.000 55.628 81.609 86.593 70.590 87.600 75.624 65.658 65.701 68.747 11.781 0.000 1.055 1.062 0.000 0.000 0.000 0.000 0.000 0.000 0.000 0.000 0.000 0.000 0.000 0.000 0.000 0.000 0.000 0.000 0.000 0.000 0.000 0.000 0.000 0.000 0.000 0.000 0.000
73.392 46.392 68.392 82.391 80.390 60.389 45.388 41.386 61.384 78.382 77.380 70.378 65.375 75.372 96.369 104.365 103.360 103.355 103.349 103.343 103.334 107.324 82.308 70.293 69.275 73.254 76.223 15.173 4.123 0.764 0.596 0.000 0.000 0.000 0.000 53.771 89.746 72.723 64.716 74.724 85.743 69.771 65.808 65.851 71.904 15.996 10.047 2.070 1.085 7.085 5.085 0.000 0.000 0.000 0.000 0.000 0.000 0.000 0.000 0.000 0.000 0.000 0.000 0.000 0.000 0.000 0.000 0.000 0.000 0.000 0.000 0.000 0.000
63.394 34.394 56.394 71.393 67.392 44.391 30.389 34.388 54.386 68.384 66.382 66.379 67.377 65.373 84.370 101.366 103.362 103.357 103.352 103.346 102.339 65.332 0.000 0.000 0.000 0.000 0.000 0.000 0.000 60.230 80.211 32.182 18.153 14.118 61.055 77.939 94.880 71.838 65.829 63.835 80.852 82.877 68.908 65.944 65.987 69.036 78.071 16.090 11.100 0.000 20.085 0.000 0.000 0.000 0.000 0.000 0.000 0.000 0.000 0.000 0.000 0.000 0.000 0.000 0.000 0.000 0.000 0.000 0.000 0.000 0.000 0.000 0.000
76.396 72.396 67.396 66.395 67.394 69.393 70.391 73.390 72.388 68.386 67.384 67.381 67.378 66.375 73.372 95.368 104.364 103.360 105.356 77.351 43.345 0.000 0.000 0.000 0.000 0.000 0.000 0.000 0.000 25.216 47.203 50.182 54.160 68.145 65.108 86.050 82.996 56.920 63.926 65.936 67.954 80.976 73.003 68.032 66.063 65.092 82.111 73.118 67.118 0.000 0.000 0.000 0.000 0.000 0.000 0.000 0.000 0.000 0.000 0.000 0.000 0.000 0.000 0.000 0.000 0.000 0.000 0.000 0.000 0.000 0.000 0.000 0.000
66.399 67.399 67.398 67.397 67.396 67.395 67.394 67.392 67.390 67.388 67.386 67.383 67.380 67.377 65.374 86.370 103.367 105.363 101.360 27.358 0.000 0.000 0.000 0.000 0.000 0.000 0.000 0.000 0.000 0.000 0.000 0.000 0.000 52.195 69.183 95.157 69.135 0.000 52.018 67.031 65.050 69.071 70.094 79.119 68.141 66.159 65.164 61.152 2.135 0.000 0.000 0.000 0.000 0.000 0.000 0.000 0.000 0.000 0.000 0.000 0.000 0.000 0.000 0.000 0.000 0.000 0.000 0.000 0.000 0.000 0.000 0.000 25.696
67.401 67.401 67.401 67.400 67.399 67.398 67.396 66.395 66.393 67.390 67.388 67.385 67.382 67.379 66.376 74.372 89.369 100.366 88.363 14.361 0.000 0.000 0.000 0.000 0.000 0.000 0.000 0.000 0.000 0.000 0.000 0.000 0.000 29.256 78.272 103.262 13.251 0.000 50.097 68.120 66.143 65.164 73.186 84.206 72.225 66.237 70.233 3.193 0.000 0.000 0.000 0.000 0.000 0.000 0.000 0.000 0.000 0.000 0.000 0.000 0.000 0.000 0.000 0.000 0.000 0.000 0.000 0.000 0.000 0.000 0.000 0.000 82.775
67.404 67.404 67.404 67.403 67.402 67.401 67.399 71.397 72.395 68.393 67.391 67.388 67.385 67.382 67.378 66.375 69.371 78.368 78.365 19.364 0.000 0.000 0.000 0.000 0.000 0.000 21.041 0.000 0.000 0.000 0.000 0.000 0.000 1.403 82.385 97.367 20.355 0.000 34.153 65.209 66.237 66.258 65.277 70.296 72.314 68.330 70.340 0.000 0.000 0.000 0.000 0.000 0.000 0.000 0.000 0.000 0.000 0.000 0.000 0.000 0.000 0.000 0.000 0.000 0.000 0.000 0.000 0.000 0.000 0.000 0.000 66.998 75.907
67.407 67.407 67.407 67.406 67.405 67.404 66.402 78.400 83.398 70.396 67.393 67.391 67.387 67.384 67.381 67.377 67.373 66.370 69.366 50.364 0.000 0.000 0.000 0.000 0.000 63.041 84.041 46.038 37.030 36.019 0.000 0.000 0.000 63.565 105.504 79.465 79.449 6.468 0.000 51.327 68.339 66.353 66.369 64.387 80.406 84.429 78.457 1.548 0.000 0.000 0.000 0.000 0.000 0.000 0.000 0.000 0.000 0.000 0.000 0.000 0.000 0.000 0.000 0.000 0.000 0.000 0.000 0.000 0.000 0.000 41.161 92.089 78.015
67.411 67.411 67.410 67.409 67.408 67.407 66.405 79.404 85.401 69.399 67.396 67.394 67.390 67.387 67.383 67.379 67.375 67.371 67.367 73.363 44.358 0.000 0.000 0.000 3.042 26.042 41.042 63.044 71.033 75.008 48.960 24.896 59.808 97.683 95.603 75.541 57.506 15.487 0.000 51.432 68.438 67.447 70.460 65.476 74.495 97.522 94.560 39.625 3.682 19.709 0.000 0.000 0.000 0.000 0.000 0.000 0.000 45.211 75.211 79.211 0.000 0.000 88.211 149.211 0.000 0.000 0.000 0.000 0.000 0.000 78.233 134.182 117.121
64.414 65.414 66.414 66.413 67.412 67.410 65.409 80.407 83.405 66.403 67.400 67.397 67.393 67.390 67.386 67.382 67.377 67.372 67.367 67.361 73.354 53.344 4.337 0.000 0.000 0.000 0.000 39.064 70.049 66.021 68.977 72.919 84.845 101.758 85.682 53.590 3.548 0.000 0.000 50.532 67.533 70.538 83.547 69.560 79.578 80.602 99.635 103.676 86.713 36.736 0.000 0.000 0.000 0.000 0.000 0.000 0.000 0.000 36.211 64.211 78.211 110.211 148.211 71.211 0.000 0.000 0.000 0.000 0.000 64.446 74.356 75.287 78.222
85.418 80.418 75.418 73.417 69.416 65.414 65.413 80.411 83.409 65.406 67.403 67.400 67.397 67.393 67.389 67.384 66.379 65.374 66.368 66.360 66.352 72.342 49.330 26.315 1.301 0.000 0.000 38.099 76.078 70.048 65.008 77.957 100.895 94.824 62.775 0.000 0.000 0.000 0.000 48.630 66.625 71.625 78.630 73.640 78.655 77.675 90.701 84.730 77.759 50.785 5.817 0.000 0.000 0.000 0.000 0.000 0.000 0.000 0.000 32.211 110.211 113.211 116.211 1.211 11.211 0.211 0.000 7.611 41.611 69.535 138.458 102.394 134.282
105.422 104.422 100.422 95.421 91.420 86.418 81.417 77.415 72.413 66.410 67.407 67.404 67.401 67.397 66.392 68.388 74.382 79.376 78.369 76.361 70.352 65.341 69.327 75.309 39.286 20.251 24.210 58.154 81.118 72.085 68.049 91.007 102.953 58.866 3.821 0.000 0.000 11.806 18.786 52.732 65.712 70.706 86.708 76.715 69.727 62.743 68.763 86.785 83.807 89.829 8.849 0.000 0.000 0.000 0.000 0.000 0.000 0.000 0.000 0.000 0.000 0.000 0.000 0.000 8.211 0.000 0.000 0.000 76.686 67.626 77.559 100.456 76.632
