results4_8e4_rain/res_4e8f-0207.wd
ncols         241
nrows         181
xllcorner     12693529.787448
yllcorner     3542525.717860
cellsize      155.156523
NODATA_value  -9999.000000
[rows 0 to 32 of 181, columns 146 to 218 of 241]
0.000 0.000 0.000 0.000 0.000 0.000 0.000 0.000 0.000 0.000 0.000 0.000 0.000 0.000 5.836 16.686 17.445 17.150 16.824 16.487 16.157 15.848 15.572 15.337 15.146 14.997 14.887 14.811 14.762 14.736 14.724 19.720 0.000 0.000 0.000 0.000 0.000 0.000 0.000 0.000 0.000 0.000 0.000 0.000 0.000 0.000 0.000 0.000 0.000 20.147 27.147 0.000 0.000 46.319 51.319 0.000 0.000 0.000 0.000 0.000 0.000 0.000 0.000 0.000 0.000 0.000 0.000 0.000 0.000 0.000 0.000 0.000 0.000
0.000 0.000 0.000 0.000 0.000 0.000 0.000 0.000 0.000 0.000 0.000 0.000 0.000 1.382 16.986 17.777 17.499 17.180 16.835 16.481 16.135 15.814 17.531 16.294 15.104 14.958 14.853 14.783 14.741 14.721 14.717 19.716 0.000 0.000 0.000 0.000 0.000 0.000 0.000 0.000 0.000 0.000 0.000 0.000 0.000 0.000 0.000 0.000 17.147 39.147 15.147 0.000 25.319 58.319 52.319 0.000 0.000 0.000 0.000 0.000 0.000 0.000 0.000 0.000 0.000 0.000 0.000 0.000 37.316 0.000 0.000 0.000 0.000
0.000 0.000 0.000 0.000 0.000 0.000 0.000 0.000 0.000 0.000 0.000 0.000 0.000 20.616 19.271 17.937 17.595 17.236 16.856 16.467 16.088 17.743 17.445 15.203 15.016 14.879 14.785 14.727 14.697 14.690 16.706 10.711 0.000 0.000 0.000 0.000 0.000 0.000 0.000 0.000 0.000 0.000 0.000 0.000 0.000 0.000 0.000 0.000 29.147 0.000 0.000 20.319 51.319 13.319 0.000 0.000 0.000 0.000 0.000 0.000 0.000 0.000 0.000 0.000 6.316 0.000 0.000 0.000 40.316 12.316 0.000 0.000 0.000
0.000 0.000 0.000 0.000 0.000 0.000 0.000 0.000 0.000 0.000 0.000 0.000 3.115 20.036 18.543 18.106 17.708 17.311 16.887 16.442 17.009 16.623 15.304 15.058 14.879 14.757 14.682 14.642 14.630 20.636 0.000 0.000 0.000 0.000 0.000 0.000 0.000 0.000 0.000 0.000 0.000 0.000 0.000 14.148 0.000 0.000 0.000 13.148 73.148 3.147 0.000 26.319 53.319 0.000 0.000 0.000 0.000 0.000 0.000 0.000 0.000 0.000 12.316 18.316 37.316 0.000 0.000 30.316 39.316 40.316 12.316 0.000 0.000
0.000 0.000 0.000 0.000 0.000 0.000 0.000 0.000 0.000 0.000 0.000 8.183 1.357 3.032 18.758 18.237 17.821 17.414 16.937 16.405 16.883 16.435 15.090 14.845 14.684 14.589 14.542 14.530 15.543 16.590 0.000 0.000 0.000 0.000 0.000 0.000 0.000 0.000 0.000 0.000 0.000 0.000 15.148 38.148 33.148 0.000 0.000 29.148 57.148 0.000 0.000 0.000 53.319 8.319 0.000 0.000 0.000 0.000 0.000 0.000 0.000 0.000 52.317 56.316 58.316 0.316 0.000 43.316 38.316 38.316 48.316 0.000 0.000
0.000 0.000 0.000 0.000 0.000 0.000 0.000 0.000 0.000 0.000 10.906 3.506 1.873 1.297 1.434 16.262 17.925 17.588 17.041 18.360 17.682 15.144 14.775 14.548 14.424 14.372 14.368 14.392 20.423 0.000 0.000 0.000 0.000 0.000 0.000 0.000 0.000 0.000 0.000 0.000 0.000 0.000 0.000 18.148 39.148 31.148 29.148 11.148 42.148 15.148 0.000 0.000 38.319 51.319 42.319 40.319 49.319 0.000 0.000 0.000 0.000 0.000 52.317 54.317 59.316 38.316 27.316 44.316 47.316 0.000 0.000 0.000 12.313
0.000 0.000 0.000 0.000 0.000 0.000 0.000 0.000 0.000 0.000 7.307 4.009 3.640 3.142 0.447 0.639 11.027 18.973 18.280 18.312 15.341 14.684 14.319 14.148 14.093 14.108 14.166 14.247 9.335 0.000 0.000 0.000 0.000 0.000 35.157 68.157 2.157 0.000 8.157 49.157 0.000 0.000 0.000 15.148 39.148 52.148 87.148 49.148 50.148 21.148 0.000 0.000 35.319 54.319 39.319 35.319 52.319 0.000 0.000 0.000 0.000 0.000 39.317 45.317 41.316 41.316 45.316 48.316 56.316 0.000 0.000 0.000 35.313
0.000 0.000 0.000 0.000 0.000 0.000 0.000 0.000 0.000 30.562 31.004 7.577 3.189 3.427 3.076 0.803 0.375 5.996 18.792 16.267 14.686 13.933 13.669 13.631 13.690 13.801 14.941 12.094 0.000 0.000 0.000 0.000 0.000 0.000 10.157 56.157 63.157 45.157 37.157 9.157 0.000 0.000 0.000 0.000 0.000 13.148 80.148 59.148 6.148 0.000 0.000 0.000 0.000 47.319 62.319 60.319 62.319 54.319 46.319 49.318 48.318 57.318 61.317 58.317 59.317 59.316 54.316 49.316 46.316 0.000 0.000 0.000 0.000
0.000 0.000 0.000 0.000 0.000 0.000 0.000 0.000 24.682 42.120 43.571 33.077 9.659 2.074 3.083 0.848 2.820 8.173 6.627 16.278 13.203 12.691 12.795 13.016 13.237 14.465 14.703 0.000 0.000 0.000 0.000 0.000 0.000 0.000 0.000 8.157 54.157 64.157 69.157 8.157 0.000 0.000 0.000 0.000 0.000 9.148 52.148 44.148 49.148 16.148 0.000 0.000 31.320 59.319 44.319 38.319 45.319 57.319 45.319 44.318 53.318 62.318 49.317 45.317 48.317 54.316 60.316 62.316 60.315 46.315 37.315 20.314 29.314
0.000 0.000 0.000 0.000 0.000 0.000 0.000 20.816 30.244 45.666 43.082 43.501 35.920 12.347 1.218 4.772 14.313 6.481 2.262 3.053 6.156 10.832 11.804 12.403 12.775 18.120 0.000 0.000 0.000 0.000 0.000 0.000 8.158 6.158 0.000 0.000 21.157 67.157 20.157 0.000 0.000 0.000 0.000 0.000 0.000 48.149 58.148 34.148 50.148 70.147 10.147 0.000 37.320 61.320 40.320 34.319 37.319 50.319 39.319 39.319 41.318 43.318 40.317 41.317 35.317 39.316 45.316 46.316 44.315 53.315 55.315 58.314 66.314
0.000 0.000 0.000 0.000 0.000 0.000 25.946 24.387 47.813 44.217 43.592 42.924 43.174 38.228 20.734 12.448 8.139 0.000 0.052 4.378 2.161 3.363 11.187 12.014 17.341 0.000 0.000 0.000 0.000 0.000 0.000 3.158 45.158 4.158 0.000 0.000 28.157 68.157 7.157 0.000 0.000 0.000 0.000 0.000 43.150 87.149 20.149 23.148 45.147 72.147 12.147 0.000 34.320 59.320 39.320 32.320 35.319 37.319 33.319 32.319 39.318 55.318 38.318 34.317 48.317 44.316 41.316 48.316 48.315 51.315 60.314 64.314 51.314
0.000 0.000 0.000 0.000 0.000 29.996 18.505 46.974 45.404 44.796 44.144 43.431 42.622 42.657 39.458 25.152 4.447 0.368 0.074 46.279 4.543 0.083 0.108 14.127 10.234 0.000 0.000 0.000 0.000 0.000 0.000 3.158 41.158 36.158 45.158 57.158 61.157 51.157 0.000 0.000 6.153 42.153 57.152 62.152 86.151 42.151 0.000 0.000 47.147 35.147 0.000 0.000 37.320 64.320 51.320 35.320 83.320 111.320 60.319 36.319 52.319 99.318 51.318 28.317 93.317 66.317 41.316 48.316 50.315 40.315 49.314 62.314 45.314
0.000 0.000 0.000 0.000 0.000 19.486 41.104 47.599 46.032 45.419 44.757 44.033 43.228 42.317 42.302 41.209 30.383 4.985 50.877 47.932 0.378 0.156 0.055 0.061 0.000 0.000 0.000 0.000 0.000 0.000 6.158 40.158 36.158 41.158 55.158 65.158 49.158 36.157 1.157 0.000 4.154 51.153 50.153 46.152 85.151 45.151 0.000 0.000 26.146 18.146 0.000 30.321 58.321 60.321 54.320 42.320 41.320 74.320 115.320 53.319 46.319 103.318 54.318 28.318 100.317 70.317 33.316 35.316 41.315 32.315 46.314 45.314 33.314
0.000 0.000 0.000 0.000 24.014 34.359 49.828 47.285 46.708 46.092 45.431 44.717 43.938 43.097 42.137 41.398 40.257 52.605 52.279 1.032 0.518 9.627 0.000 0.000 0.000 0.000 0.000 0.000 1.158 56.158 59.158 41.158 40.158 55.158 65.158 51.158 34.158 36.157 36.156 34.155 32.154 44.153 47.153 57.152 97.152 31.151 0.000 0.000 63.146 13.146 0.000 27.321 57.321 57.321 44.321 36.321 32.320 42.320 39.320 79.320 110.319 127.319 108.318 97.318 123.317 117.317 108.316 54.316 34.315 51.315 46.314 35.314 30.313
0.000 0.000 0.000 25.206 34.669 52.108 48.562 48.005 47.423 46.809 46.158 45.462 44.729 43.887 43.342 40.972 52.643 52.638 36.844 19.140 6.298 0.000 0.000 0.000 0.000 0.000 0.000 0.000 42.158 9.158 0.000 20.158 58.158 62.158 54.158 39.159 5.159 0.000 3.156 38.155 34.155 44.154 43.153 66.152 63.152 0.000 0.000 5.145 66.145 12.145 0.000 25.321 55.321 67.321 46.321 52.321 75.321 52.321 34.320 58.320 81.319 115.319 81.318 61.318 109.317 99.317 74.316 43.316 29.315 100.315 68.314 40.314 30.313
0.000 0.000 0.000 30.742 50.348 49.843 49.307 48.750 48.171 47.565 47.926 47.265 45.505 45.081 42.504 52.710 52.654 40.422 42.042 39.658 23.616 4.614 0.000 0.000 0.000 0.000 0.000 44.158 13.158 0.000 0.000 0.000 26.158 58.158 36.159 34.159 40.160 3.160 0.000 39.156 37.155 43.154 44.153 66.152 62.151 0.000 0.000 26.145 73.145 9.145 0.000 27.322 58.322 61.322 42.322 42.322 88.321 123.321 72.321 40.320 56.320 103.319 63.319 30.318 96.318 83.317 41.316 33.316 26.315 107.315 71.314 43.314 44.313
0.000 0.000 31.359 48.674 52.137 50.609 50.071 49.518 48.946 49.349 47.739 47.037 46.697 44.123 53.155 52.864 41.927 42.778 41.774 32.119 12.865 0.000 0.000 0.000 0.000 0.000 0.000 40.158 14.158 0.000 0.000 0.000 0.000 0.000 0.000 39.160 36.161 35.161 37.160 39.158 35.156 43.155 45.153 57.151 53.150 15.147 34.145 67.144 18.144 0.000 0.000 27.322 54.322 60.322 46.322 31.322 33.322 58.322 45.321 27.321 45.320 100.320 56.319 22.318 93.318 78.317 36.316 32.316 28.315 106.315 71.314 43.314 34.313
0.000 30.637 44.044 53.458 51.915 51.385 50.851 50.306 50.742 50.170 48.510 48.221 45.654 54.106 53.579 43.599 44.599 42.479 29.668 0.000 0.000 0.000 0.000 0.000 0.000 0.000 0.000 0.000 14.157 0.000 0.000 0.000 0.000 0.000 0.000 0.000 43.162 53.162 64.161 52.159 41.157 45.155 42.153 47.151 40.149 59.147 77.145 65.143 11.143 0.000 0.000 26.322 52.322 57.323 63.323 61.323 49.323 39.323 52.322 84.322 103.321 124.320 104.319 87.319 121.318 114.317 96.317 56.316 29.315 104.315 76.314 48.314 35.313
27.712 39.231 53.721 53.199 52.682 52.165 51.644 52.109 51.569 49.944 49.693 47.143 55.341 54.701 45.174 46.323 47.263 25.524 0.000 0.000 0.000 0.000 0.000 0.000 0.000 0.000 0.000 0.000 0.000 0.000 0.000 0.000 0.000 0.000 0.000 0.000 41.165 45.164 63.162 22.160 2.158 52.156 43.154 46.151 42.148 30.146 49.143 64.142 51.141 10.140 0.000 0.000 17.323 60.323 62.324 55.324 43.324 52.324 103.323 94.322 75.322 76.321 77.320 77.319 77.318 78.317 80.317 51.316 31.315 103.315 79.314 42.314 36.313
31.194 54.853 54.411 53.935 53.447 52.952 52.446 51.938 51.347 51.130 48.600 56.686 56.005 46.648 47.864 46.851 42.336 1.793 0.000 0.000 0.000 0.000 0.000 0.000 0.000 0.000 0.000 0.000 0.000 0.000 0.000 0.000 0.000 0.000 0.000 0.000 42.168 53.167 37.166 0.000 6.159 49.157 46.154 13.151 3.148 34.144 48.141 63.140 60.139 29.139 0.000 0.000 0.000 0.000 29.326 44.326 28.325 89.325 90.324 39.323 45.322 87.321 58.320 30.319 76.318 66.317 46.317 44.316 35.315 103.315 74.314 31.314 32.313
49.016 56.575 55.136 54.683 54.220 54.745 53.272 52.717 52.540 50.034 58.067 57.373 47.030 49.279 48.271 48.647 17.982 0.000 0.000 0.000 0.000 0.000 0.000 0.000 0.000 0.000 0.000 0.000 0.000 0.000 0.000 0.000 0.000 0.000 0.000 9.175 62.172 60.170 64.168 61.165 57.161 57.158 51.155 10.152 3.147 34.142 47.138 65.137 72.137 35.138 0.000 0.000 0.000 0.000 23.328 36.327 56.327 103.326 66.325 26.324 94.323 95.322 44.320 31.319 52.318 108.317 67.317 35.316 35.315 98.315 116.314 103.313 108.313
58.714 56.295 55.874 55.443 55.000 56.560 54.043 53.912 51.446 59.465 58.763 42.343 46.549 50.607 47.073 24.351 0.000 0.000 0.000 0.000 0.000 0.000 0.000 0.000 0.000 0.000 0.000 0.000 0.000 0.000 0.000 0.000 0.000 0.000 0.000 61.178 60.176 61.173 63.170 62.166 60.163 61.160 54.157 9.154 0.000 35.138 47.134 70.131 43.134 0.000 0.000 0.000 0.000 21.331 51.330 30.329 95.328 89.327 33.326 89.325 102.324 51.322 39.320 42.319 37.318 68.317 107.317 64.316 27.315 98.315 101.314 75.313 17.312
49.396 56.018 56.622 56.210 55.800 55.314 55.228 52.801 60.825 60.168 25.580 30.757 33.639 52.309 35.932 0.000 0.000 0.000 0.000 0.000 0.000 0.000 0.000 50.652 39.651 0.000 0.000 0.000 0.000 0.000 0.000 0.000 0.000 0.000 0.000 38.182 32.180 35.176 39.172 34.168 33.165 32.161 34.158 38.154 32.148 25.138 40.127 19.121 0.000 0.000 0.000 0.000 0.000 23.332 46.332 37.331 38.330 38.329 30.328 51.327 52.326 0.000 0.000 13.318 43.318 36.317 58.317 51.316 33.316 66.315 14.315 0.000 12.311
28.115 43.760 56.382 59.000 56.537 56.481 54.062 61.955 61.432 34.752 0.000 44.098 0.000 55.932 24.433 0.000 0.000 0.000 0.000 0.000 0.000 0.000 0.000 57.652 51.651 0.000 0.000 0.000 0.000 0.000 0.000 0.000 0.000 24.218 0.000 39.190 35.186 35.180 35.174 35.170 35.166 35.162 35.159 37.156 15.154 0.000 10.116 41.105 11.094 0.000 0.000 0.000 24.335 55.334 43.334 42.333 34.332 35.330 35.329 33.328 47.328 7.328 0.000 0.000 14.317 39.317 34.316 47.316 46.316 0.000 0.000 0.000 12.311
19.881 27.523 50.164 54.738 57.694 55.233 62.739 62.389 41.642 17.448 0.000 60.752 58.653 45.064 0.000 0.000 0.000 0.000 0.000 0.000 0.000 0.000 60.658 66.653 37.650 0.000 0.000 0.000 0.000 0.000 0.000 0.000 0.000 41.218 39.213 36.201 35.193 32.183 36.176 36.171 36.167 36.163 36.160 39.158 12.156 0.000 0.000 39.088 39.083 9.078 0.000 0.000 9.336 42.336 35.336 34.335 33.334 33.332 33.331 33.329 34.328 43.328 0.000 0.000 0.000 7.317 40.316 43.316 41.316 0.000 0.000 0.000 36.311
23.668 34.299 38.920 36.819 48.373 63.151 62.994 46.633 25.394 18.896 0.000 40.481 53.146 26.605 0.000 0.000 0.000 0.000 48.699 54.696 46.689 44.676 53.662 46.654 36.645 0.000 0.000 0.000 0.000 0.000 0.000 0.000 0.000 39.224 36.219 35.210 9.202 0.000 41.175 35.171 35.167 35.163 35.160 36.158 10.157 0.000 0.000 40.075 39.074 10.073 0.000 0.000 39.337 35.338 35.338 35.337 34.336 34.333 38.332 0.000 5.328 8.328 0.000 0.000 0.000 0.000 40.316 35.316 35.316 36.316 0.000 8.310 38.310
35.415 49.052 24.768 23.640 63.217 63.214 49.633 36.357 32.691 37.529 0.000 7.546 42.846 0.000 0.000 0.000 0.000 44.705 48.702 50.699 48.696 0.000 0.000 0.000 48.632 32.619 0.000 0.000 0.000 0.000 0.000 0.000 7.244 49.235 46.227 21.220 0.000 0.000 54.177 40.173 36.168 35.163 39.159 16.158 0.000 15.052 53.055 34.062 38.065 10.067 0.000 0.000 0.000 40.342 35.341 39.341 6.340 0.000 0.000 0.000 0.000 0.000 0.000 0.000 0.000 0.000 40.316 35.316 35.316 40.316 0.000 0.000 12.310
56.126 44.709 24.771 20.268 63.181 24.679 30.403 32.629 36.302 54.883 64.331 52.310 0.000 0.000 0.000 0.000 42.712 36.709 42.705 57.702 56.700 0.000 0.000 0.000 0.000 49.605 0.000 0.000 0.000 35.289 0.000 0.000 51.253 50.245 56.235 49.222 14.209 68.196 65.183 63.175 61.168 53.161 34.156 21.157 0.000 29.050 82.050 36.054 37.058 11.062 0.000 0.000 0.000 45.345 31.345 36.344 7.343 0.000 0.000 0.000 0.000 0.000 0.000 0.000 0.000 36.316 38.316 40.316 34.316 39.316 0.000 0.000 9.310
64.716 51.811 34.111 62.784 20.708 22.493 21.659 21.298 30.862 58.394 53.798 25.054 0.000 0.000 41.721 7.719 49.715 41.712 52.708 47.704 26.702 0.000 0.000 0.000 0.000 53.592 29.588 0.000 0.000 31.289 39.289 43.283 45.269 47.258 37.246 34.225 42.208 42.196 62.186 45.177 39.167 37.156 17.147 0.000 5.055 24.047 92.042 48.046 14.049 0.000 0.000 0.000 3.350 58.350 31.348 38.347 10.346 0.000 0.000 0.000 0.000 0.000 0.000 0.000 15.316 38.316 53.316 51.316 44.316 3.316 0.000 0.000 10.310
62.776 61.018 62.365 39.646 27.547 23.687 23.321 21.894 28.480 44.027 39.412 0.000 0.000 0.000 44.722 65.721 60.718 61.715 43.712 0.000 0.000 0.000 0.000 0.000 44.579 35.583 27.584 0.000 0.000 0.000 43.296 47.291 47.281 47.273 31.266 0.000 38.201 39.194 63.187 49.179 43.168 29.151 36.128 51.096 71.063 60.039 84.026 49.039 13.044 0.000 0.000 0.000 0.000 56.355 32.353 33.350 38.347 0.000 0.000 0.000 0.000 0.000 0.000 0.000 0.000 8.316 57.316 54.316 7.316 0.000 0.000 0.000 6.310
60.859 62.309 61.509 60.519 42.662 22.307 22.890 23.503 22.134 24.823 0.000 0.000 0.000 0.000 60.725 50.724 48.722 44.719 0.000 0.000 0.000 0.000 0.000 45.575 36.576 32.577 15.580 0.000 0.000 0.000 43.308 51.302 60.293 59.285 61.279 49.280 0.000 7.192 66.190 50.183 24.176 0.000 39.119 49.096 76.063 38.022 21.985 0.000 0.000 0.000 0.000 0.000 9.370 47.363 34.357 35.352 38.346 11.342 0.000 0.000 0.000 0.000 0.000 0.000 0.000 0.000 14.316 15.316 0.000 0.000 0.000 0.000 7.310
62.316 61.291 63.402 63.563 47.232 23.829 26.455 26.090 23.728 24.309 0.000 40.732 0.000 6.730 54.729 54.728 61.728 0.000 0.000 19.646 7.645 0.000 0.000 40.574 34.571 28.569 0.000 0.000 0.000 0.000 41.326 42.317 44.305 43.295 41.286 33.280 0.000 0.000 68.197 54.188 39.176 2.158 38.133 49.107 73.070 28.999 24.906 7.841 0.000 0.000 0.000 0.000 9.376 54.370 33.362 35.353 35.344 36.337 40.331 12.328 0.000 0.000 0.000 0.000 0.000 0.000 0.000 0.000 0.000 0.000 0.000 0.000 0.000
62.005 64.204 63.393 64.091 37.707 28.350 48.005 41.675 23.380 1.064 0.000 37.732 52.732 57.732 43.732 64.733 56.733 0.000 0.000 33.647 64.645 16.639 0.000 41.575 35.567 32.559 0.000 0.000 49.405 45.385 41.353 43.333 48.317 48.302 46.289 57.276 49.257 9.237 68.213 60.197 60.182 52.165 33.147 51.128 59.113 0.000 27.799 10.776 0.000 0.000 0.000 0.000 19.389 58.379 30.369 32.354 33.340 34.332 39.327 11.326 0.000 0.000 0.000 0.000 0.000 0.000 0.000 0.000 0.000 0.000 0.000 0.000 0.000
