results4_8e4_rain/res_4e8f-0026.wd
ncols         241
nrows         181
xllcorner     12693529.787448
yllcorner     3542525.717860
cellsize      155.156523
NODATA_value  -9999.000000
[rows 132 to 164 of 181, columns 0 to 74 of 241]
57.450 62.451 66.453 66.457 68.461 68.467 62.473 53.481 39.490 28.501 27.513 28.526 27.542 26.559 31.579 45.600 56.624 61.651 61.680 58.713 50.748 41.787 32.830 26.881 31.943 34.004 33.061 34.118 32.158 27.189 41.217 64.243 31.272 0.000 0.000 0.000 0.000 23.823 35.829 32.851 34.867 40.880 58.891 44.898 28.902 27.905 27.905 39.905 60.905 1.905 0.000 0.000 0.000 0.000 0.000 0.000 0.000 0.000 0.000 0.000 0.000 0.000 0.000 0.000 0.000 0.000 0.000 40.609 63.492 67.396 67.283 77.363 104.822 95.159 95.102
35.484 37.485 40.488 46.491 56.495 62.501 67.508 67.516 60.525 46.535 35.547 29.561 33.577 40.594 53.614 68.636 67.660 64.687 64.716 67.748 67.782 63.820 51.862 39.908 31.959 27.011 28.060 27.107 28.145 36.177 58.202 66.218 0.000 0.000 0.000 0.000 0.000 9.819 27.815 36.829 37.851 34.869 35.885 45.894 40.899 33.902 37.903 45.903 58.903 0.000 0.000 0.000 0.000 0.000 0.000 0.000 0.000 0.000 0.000 0.000 0.000 0.000 0.000 0.000 0.000 0.000 47.850 69.725 65.594 74.558 65.614 104.965 93.716 95.212 100.449
27.518 27.519 27.522 29.525 34.530 38.535 45.542 54.550 62.559 65.569 59.581 57.595 59.611 62.628 61.648 54.670 45.695 43.721 43.750 48.781 54.815 61.851 64.890 63.932 52.976 43.021 38.064 36.105 45.141 61.171 62.196 48.211 0.000 0.000 0.000 0.000 0.000 0.000 10.785 37.801 16.838 4.864 19.886 34.896 49.900 53.902 55.902 56.902 52.902 0.000 0.000 0.000 0.000 0.000 0.000 0.000 0.000 0.000 0.000 0.000 0.000 0.000 32.351 2.312 68.238 90.134 122.948 78.888 73.921 54.864 90.917 95.399 95.287 104.033 93.540
28.553 28.554 28.556 28.560 27.564 26.570 28.577 33.584 39.593 49.603 59.615 61.628 54.644 44.661 38.682 30.704 26.729 26.755 26.783 28.814 33.846 39.880 46.916 58.954 63.994 66.034 65.072 61.109 64.143 57.173 39.199 31.221 10.240 0.000 0.000 0.000 0.000 0.000 3.740 36.752 0.000 0.000 12.900 37.903 56.905 64.905 50.904 53.902 39.902 0.000 0.000 0.000 0.000 0.000 0.000 0.000 0.000 0.000 0.000 0.000 0.000 19.400 38.391 111.349 140.275 123.138 106.668 105.589 97.244 95.888 95.736 95.574 60.803 105.709 97.292
28.587 28.588 28.591 28.594 28.599 28.605 28.611 27.619 27.628 30.637 36.648 35.661 31.676 27.693 27.714 27.737 28.762 28.788 28.816 28.845 27.876 26.908 28.941 34.976 42.012 51.048 59.084 55.118 44.151 32.181 28.209 33.235 41.261 17.288 0.000 0.000 0.000 0.000 18.683 39.717 0.000 0.000 31.913 63.913 65.913 44.910 47.907 46.904 34.902 23.901 0.000 0.000 0.000 0.000 0.000 0.000 0.000 0.000 0.000 0.000 0.000 0.542 63.463 69.392 65.376 66.523 64.485 96.292 96.165 96.031 63.200 65.964 67.822 69.477 19.437
28.622 28.623 28.625 28.629 28.634 28.640 28.646 28.654 28.662 28.671 27.681 27.692 27.706 28.723 28.745 28.769 28.795 28.821 28.849 28.877 28.906 28.936 28.967 27.999 27.032 28.065 32.098 30.130 29.161 33.191 36.221 35.250 33.281 35.317 35.366 32.410 32.454 36.507 11.594 0.000 0.000 4.933 49.928 63.925 43.923 36.919 35.910 15.905 11.903 0.000 0.000 0.000 0.000 0.000 0.000 0.000 0.000 11.138 26.119 0.000 9.803 72.696 79.634 77.689 75.665 76.736 96.530 96.413 77.491 84.268 77.107 82.866 74.694 53.623 0.000
28.656 28.658 28.660 28.664 28.669 28.675 28.682 28.689 28.697 28.705 28.714 28.723 28.734 28.750 28.775 28.801 28.828 28.855 28.882 27.909 34.936 36.964 28.993 28.022 27.053 28.083 30.114 33.144 36.174 35.204 30.234 31.265 38.298 41.333 37.373 31.412 28.446 37.473 0.000 0.000 0.000 44.940 53.940 40.939 32.936 52.934 0.000 0.000 0.000 0.000 0.000 0.000 0.000 0.000 0.000 0.000 21.200 63.157 92.103 53.007 85.843 93.985 90.924 90.001 96.858 96.753 96.643 89.604 91.464 91.150 89.998 88.916 6.819 0.000 0.000
28.691 28.692 28.695 28.699 28.704 28.711 28.718 28.725 28.733 28.740 31.747 31.753 29.759 33.771 31.804 28.834 28.863 28.890 27.916 25.941 36.967 44.993 31.019 28.046 30.074 33.102 35.131 34.160 31.189 33.218 38.249 40.280 41.312 41.347 36.383 30.418 39.448 58.468 0.000 0.000 0.000 18.947 41.956 38.955 42.951 62.947 0.000 0.000 0.000 0.000 0.000 0.000 0.000 0.000 0.000 19.297 71.246 87.185 90.102 95.078 92.215 89.194 97.149 97.056 96.960 88.955 89.725 90.581 90.250 90.210 83.131 60.024 0.000 0.000 0.000
28.726 28.727 28.730 28.734 28.740 28.747 28.755 28.763 28.771 29.778 36.782 36.783 13.780 0.000 2.836 32.870 26.902 29.929 35.952 38.975 38.998 35.022 31.046 32.071 35.097 34.123 33.149 35.176 39.204 39.233 41.263 40.294 31.326 26.360 28.395 41.429 60.461 70.485 0.000 0.000 0.000 0.000 49.983 51.975 58.965 57.959 0.000 0.000 0.000 0.000 0.000 0.000 0.000 0.000 23.406 67.356 89.270 92.276 91.351 91.340 90.418 97.327 97.239 89.197 89.982 90.827 90.601 90.444 90.390 82.313 74.265 0.000 0.000 0.000 0.000
28.760 28.761 28.764 28.769 28.775 28.784 28.793 28.802 28.811 30.818 39.822 50.819 26.799 0.000 0.000 17.908 43.948 35.971 33.990 34.008 32.030 31.052 33.074 35.097 33.120 29.143 31.168 43.194 45.220 35.248 29.278 26.308 26.340 31.374 45.409 61.445 58.483 42.526 14.579 0.000 0.000 21.013 50.020 31.998 22.976 14.967 0.000 0.000 0.000 0.000 0.000 0.000 0.000 16.521 67.463 89.366 91.549 90.536 90.637 97.582 97.499 97.414 89.282 91.144 90.845 90.706 90.639 90.554 84.467 71.395 61.353 0.000 0.000 0.000 0.000
28.795 28.796 28.798 28.802 28.810 28.821 28.832 28.843 28.854 30.863 40.870 27.874 0.000 0.000 0.000 0.000 40.011 32.019 34.030 33.039 31.064 34.084 35.103 32.123 29.143 25.165 35.187 49.211 36.236 26.264 27.292 32.323 42.354 53.387 64.422 57.460 35.503 30.557 49.634 56.762 57.888 62.007 37.088 0.401 0.000 0.000 0.000 0.000 0.000 0.000 0.000 0.000 21.630 67.558 89.561 91.735 90.754 97.814 97.739 97.662 89.586 90.368 91.237 90.923 90.895 90.823 90.736 91.632 79.541 50.445 39.399 0.000 0.000 0.000 0.000
27.831 27.830 28.830 28.834 28.844 28.859 28.873 28.886 28.899 31.911 41.923 12.934 0.000 0.000 10.095 12.089 29.067 31.066 19.072 1.088 39.104 34.117 30.133 29.150 27.167 29.186 45.206 48.228 30.252 33.278 45.307 54.337 63.368 61.400 49.434 35.471 28.514 44.566 48.639 36.766 17.897 16.039 4.215 0.357 0.000 0.000 0.000 10.710 5.710 0.000 0.000 15.720 67.733 90.826 91.842 89.947 97.960 97.888 89.786 90.580 91.437 91.231 91.095 91.057 90.992 90.929 93.848 57.700 37.621 0.000 0.000 0.000 0.000 0.000 0.000
36.868 34.865 31.859 29.862 26.875 26.898 26.916 26.932 25.946 30.961 42.979 26.005 7.058 15.088 33.102 29.106 26.103 32.106 27.115 14.133 34.139 28.150 27.163 27.177 29.192 43.207 51.224 17.243 9.266 59.292 64.322 59.352 48.382 38.412 30.443 26.478 37.515 49.556 17.592 0.000 0.000 0.000 0.940 1.043 0.000 0.000 2.697 30.710 14.710 0.000 0.000 47.970 90.009 89.130 98.173 98.103 98.032 89.846 91.711 91.425 91.303 91.258 93.200 88.135 90.093 91.055 102.026 0.000 0.000 0.000 0.000 0.000 0.000 0.000 0.000
37.910 39.903 45.880 46.880 46.899 43.942 44.964 43.979 42.994 43.009 45.027 28.051 32.082 31.106 28.121 31.130 31.136 30.142 35.151 37.162 31.172 25.182 27.193 29.204 43.216 48.228 37.241 31.257 40.277 63.305 46.337 37.368 29.396 27.424 29.452 28.482 42.515 51.552 15.583 0.000 0.000 0.000 2.825 1.018 3.406 9.582 11.683 4.725 0.000 0.000 26.177 68.234 98.374 98.309 98.242 90.116 90.902 91.778 91.475 91.457 92.400 92.339 65.280 43.201 78.188 92.173 97.176 37.232 0.000 0.000 0.000 0.000 0.000 0.000 0.000
30.961 24.959 0.000 0.000 0.000 36.009 33.019 33.029 33.041 37.055 46.072 27.091 28.113 27.133 30.149 34.160 35.169 33.177 32.186 35.195 36.205 33.214 27.224 44.233 50.242 41.250 47.257 64.267 61.283 43.314 31.355 27.387 29.413 29.437 28.460 33.484 49.513 51.556 43.605 46.633 17.639 0.000 0.000 0.000 8.581 15.656 5.730 2.781 0.000 21.232 69.362 98.502 98.439 90.295 91.083 91.946 91.748 91.620 91.591 92.530 90.475 84.418 9.383 0.000 60.284 95.274 92.274 91.288 0.000 0.000 0.000 0.000 0.000 0.000 0.000
29.014 21.015 0.000 0.000 0.000 32.068 28.073 28.080 28.089 32.100 46.114 24.131 28.149 32.166 34.181 35.193 32.203 29.212 27.221 29.230 39.239 52.248 47.256 48.264 25.270 19.273 71.271 57.271 24.277 0.000 4.383 32.413 29.434 29.452 31.468 24.483 8.497 0.000 10.649 50.656 26.647 0.000 0.000 0.000 4.681 9.733 3.801 8.883 9.135 47.375 98.599 89.518 93.237 92.117 91.920 91.797 91.760 91.711 92.656 92.606 57.552 33.474 19.452 22.445 73.390 94.366 90.357 81.358 0.000 0.000 0.000 0.000 0.000 0.000 0.000
29.066 29.075 12.101 0.000 0.000 33.124 29.126 29.130 28.135 29.143 44.155 31.169 34.186 36.203 35.217 30.230 27.240 28.249 28.258 27.266 37.274 60.282 56.290 43.298 36.303 27.302 3.286 0.000 0.000 0.000 0.000 34.449 29.458 31.470 14.480 0.000 0.000 0.000 12.687 29.696 0.000 0.000 0.000 4.729 11.729 7.794 1.868 0.000 1.174 46.803 98.717 92.408 92.146 91.956 91.927 91.878 91.824 91.773 89.726 80.685 13.654 0.000 30.507 89.493 94.464 92.443 86.432 76.428 0.000 0.000 0.000 0.000 0.000 0.000 0.000
26.110 28.118 25.129 0.000 0.000 33.180 28.179 26.179 28.181 32.185 36.193 35.207 35.226 33.243 27.257 28.269 28.279 29.288 29.296 34.303 52.311 51.319 44.327 53.335 51.342 22.347 0.000 0.000 0.000 0.000 0.000 34.476 29.482 32.492 3.502 0.000 0.000 25.693 45.716 14.748 0.000 0.000 0.000 0.000 3.712 3.866 4.072 1.185 1.556 99.048 98.884 91.333 92.149 92.036 91.988 91.935 91.884 93.836 78.791 61.752 21.726 0.000 45.576 75.556 84.531 93.511 82.499 71.495 0.000 0.000 0.000 0.000 0.000 0.000 0.000
33.149 31.157 20.170 0.000 19.260 27.238 29.231 33.228 34.225 35.223 33.227 34.243 32.267 28.287 28.301 29.312 29.321 28.328 30.335 53.342 52.349 34.356 47.364 45.373 49.384 47.400 10.430 0.000 0.000 5.507 10.506 30.499 29.504 29.515 24.535 16.575 33.616 32.671 26.739 48.832 0.000 0.000 0.000 0.000 2.493 0.977 2.344 26.717 51.112 99.173 93.715 93.406 93.131 92.101 92.045 91.994 92.943 90.894 45.849 22.808 34.772 35.736 89.664 91.624 71.594 81.572 76.559 49.559 14.581 0.000 0.000 0.000 0.000 0.000 0.000
34.180 35.195 32.224 20.269 34.283 34.283 34.280 35.277 35.270 36.258 48.251 30.269 28.316 28.337 29.349 29.358 29.365 30.371 44.376 55.382 30.387 34.394 61.402 53.412 41.423 44.439 47.461 31.489 36.504 51.510 44.512 32.513 25.519 25.531 36.549 52.575 39.604 11.637 0.000 39.011 28.190 0.692 4.753 9.883 6.023 0.000 0.535 41.827 94.094 99.264 90.687 93.303 94.213 92.157 92.103 92.050 84.999 74.950 31.903 2.859 11.817 12.773 73.723 115.681 96.648 72.623 64.607 43.600 52.603 5.603 0.000 0.000 0.000 16.471 58.472
39.199 39.218 35.263 35.302 35.322 36.330 36.332 32.331 29.320 28.289 0.000 0.000 32.391 29.397 29.403 29.408 28.412 31.415 55.418 41.422 26.427 32.432 49.440 66.449 61.460 58.473 56.488 52.504 48.514 47.519 55.520 52.522 46.530 42.543 45.558 49.574 11.588 0.000 0.000 0.000 0.000 0.000 5.805 15.872 11.947 2.947 0.000 40.995 99.445 99.355 93.592 95.397 92.266 92.216 93.160 89.106 73.054 66.004 71.955 77.908 61.863 83.818 98.772 115.730 124.695 108.666 70.645 75.633 50.628 0.000 0.000 0.000 0.000 0.000 7.472
0.000 0.000 39.309 34.356 34.375 29.384 26.390 28.394 23.394 0.000 0.000 0.000 33.461 29.459 29.459 29.459 29.460 47.460 54.461 27.463 29.465 29.470 32.477 38.486 40.495 40.505 36.516 39.525 55.532 48.533 39.527 42.528 49.537 53.554 56.565 53.577 28.587 0.000 0.000 0.000 0.000 0.000 0.713 9.852 0.000 0.000 10.935 71.162 99.534 90.984 94.648 94.369 92.332 92.271 93.215 88.160 75.107 41.055 48.006 90.957 101.909 133.862 124.817 96.774 84.735 101.702 80.676 74.658 49.648 0.000 0.000 0.000 0.000 0.000 12.473
0.000 0.000 0.000 43.438 28.441 26.441 28.452 28.462 29.470 0.000 0.000 22.568 30.534 29.521 29.515 29.512 31.509 55.507 40.505 26.503 29.504 29.507 29.515 28.523 28.531 28.538 27.545 34.551 63.555 42.557 0.000 0.000 0.000 44.571 54.575 38.583 43.597 30.629 0.274 0.458 0.000 0.000 6.957 0.000 0.000 0.000 29.113 99.719 99.626 93.855 95.556 91.444 92.385 92.326 92.268 92.213 79.159 42.106 57.055 94.005 89.955 123.907 118.859 87.813 92.770 78.731 59.699 77.674 55.660 0.000 0.000 0.000 0.000 0.000 11.474
27.685 23.682 0.000 35.518 45.510 46.489 27.516 39.533 46.554 22.601 20.616 30.603 29.587 29.577 29.570 29.565 48.560 52.555 27.549 29.543 28.540 27.542 29.553 29.562 29.569 29.573 28.577 36.580 65.582 46.583 0.000 0.000 16.595 41.586 54.581 33.584 23.590 0.000 0.000 0.620 0.535 8.889 12.923 0.000 0.000 8.101 70.309 99.813 91.162 94.820 94.545 92.502 92.438 92.378 92.320 93.264 84.209 73.156 96.103 121.052 109.001 125.950 122.900 116.850 123.801 89.755 66.714 76.681 84.657 13.639 0.000 0.000 0.000 0.000 12.475
29.689 28.680 23.656 29.608 28.593 0.000 50.593 42.600 29.615 30.635 30.645 29.643 29.636 29.630 29.624 32.619 55.613 38.605 28.595 29.582 35.571 43.569 29.595 27.605 29.609 28.611 31.611 55.611 63.611 38.612 26.619 14.615 36.604 35.598 0.000 0.000 0.000 0.000 0.000 0.000 0.000 0.000 0.000 0.000 11.319 68.370 90.486 99.908 92.111 92.714 92.615 92.552 92.490 92.429 92.371 93.314 84.259 67.205 63.151 96.098 86.046 99.993 102.940 90.886 92.830 64.773 41.720 55.679 122.647 75.622 10.598 0.545 22.493 43.484 80.477
29.703 29.695 29.681 29.665 29.663 23.682 39.663 55.663 31.670 28.680 29.687 29.688 29.687 29.683 28.679 51.675 53.669 27.659 29.644 30.620 27.595 0.000 48.654 43.655 30.653 28.650 46.647 65.643 49.640 29.637 29.632 30.622 33.611 37.606 0.000 0.000 0.000 0.000 0.000 0.000 0.000 0.000 0.000 0.000 34.530 91.595 100.100 100.003 92.009 92.797 92.660 92.602 92.539 92.479 92.420 91.363 76.308 78.253 98.199 117.145 116.091 121.038 125.982 112.924 110.860 97.786 46.717 44.667 120.631 84.605 22.580 15.539 80.497 113.482 132.475
29.727 29.717 29.710 29.711 29.714 29.719 29.717 40.718 55.723 31.730 28.736 29.739 29.739 27.739 35.737 56.734 36.729 28.720 30.702 28.660 0.000 0.000 36.714 37.707 43.700 42.692 50.684 49.677 30.670 28.663 30.653 33.629 38.615 38.609 0.000 0.000 0.000 0.000 0.000 0.000 0.000 0.000 0.000 0.000 42.983 96.895 100.198 91.406 93.044 92.760 92.716 92.649 92.587 92.527 92.469 92.411 78.356 74.300 95.246 96.192 96.138 99.083 99.028 97.969 102.901 75.794 51.695 66.642 81.606 20.585 0.000 0.000 24.474 50.471 72.469
29.761 31.737 31.733 29.754 29.762 29.767 29.769 29.772 40.776 55.782 31.788 26.792 26.795 43.796 55.797 49.796 26.794 29.791 25.786 0.000 0.000 22.817 29.782 29.763 35.748 52.735 52.723 45.712 38.702 30.694 17.688 0.000 52.610 32.609 0.000 0.000 0.000 0.000 0.000 0.000 0.000 0.000 0.000 0.000 16.856 100.402 100.299 92.261 92.943 92.825 92.760 92.696 92.634 92.574 92.515 93.459 88.403 78.348 73.293 72.239 72.184 72.130 72.076 76.023 49.982 0.000 19.628 75.598 71.567 32.545 0.000 0.000 23.456 69.458 47.459
30.821 0.000 0.000 29.813 28.815 27.818 27.821 26.824 26.829 39.836 54.843 47.849 54.853 56.856 43.859 27.860 34.862 34.864 22.867 0.000 0.000 33.853 29.835 31.815 55.796 62.778 40.761 31.746 38.733 45.724 33.719 0.000 12.609 30.608 0.000 0.000 0.000 0.000 0.000 0.000 0.000 0.000 0.000 0.000 4.732 100.504 97.575 93.202 92.922 92.872 92.803 92.739 92.678 92.619 92.561 92.505 93.450 92.395 90.341 89.286 89.231 90.177 92.124 66.063 8.023 0.000 4.592 60.556 91.519 82.483 55.436 31.423 48.436 51.445 9.452
29.883 28.903 0.000 28.870 39.870 43.871 47.873 52.876 55.882 56.891 56.900 56.908 42.914 29.919 45.922 62.926 63.930 63.938 56.953 34.991 0.000 30.909 28.891 37.868 65.844 52.821 29.799 28.779 30.763 33.751 24.745 0.000 0.000 0.000 0.000 0.000 0.000 0.000 0.000 0.000 0.000 0.000 4.226 5.541 2.282 100.592 101.502 97.085 92.979 92.910 92.844 92.781 92.720 92.662 92.606 92.550 92.496 92.443 92.388 92.333 93.277 96.223 68.181 1.126 0.000 0.000 0.000 5.514 61.472 92.433 83.403 59.396 36.422 5.433 0.000
29.926 31.924 27.944 29.928 44.924 43.924 39.925 35.928 34.932 30.948 51.961 41.970 52.978 43.983 59.988 55.992 48.997 50.005 61.017 67.030 56.029 56.984 48.952 56.923 64.893 37.864 28.835 29.810 29.789 28.774 28.767 30.769 25.768 0.000 34.749 25.748 0.000 0.000 0.000 0.000 0.000 0.000 73.028 70.262 100.691 100.650 95.384 96.152 93.010 92.947 92.882 92.820 92.761 92.704 92.649 92.595 92.543 92.490 92.437 94.382 99.323 68.255 8.218 0.000 0.000 0.000 0.000 0.000 2.422 53.372 88.347 38.337 0.000 0.000 0.000
31.972 0.000 26.982 29.977 29.975 29.976 28.978 29.978 31.972 30.008 42.025 37.036 46.044 57.050 45.054 30.058 31.063 32.071 33.080 38.084 51.075 61.046 67.014 64.980 53.944 29.907 29.870 29.837 29.810 29.792 30.780 53.773 26.769 0.000 30.751 0.000 0.000 0.000 0.000 0.000 0.000 4.715 92.970 95.214 100.719 93.769 93.385 93.098 93.050 92.980 92.917 92.857 92.799 92.744 92.691 92.640 92.589 92.540 94.489 79.434 33.377 0.326 0.000 0.000 0.000 0.000 0.000 0.000 0.000 24.288 86.277 38.269 0.000 0.000 0.000
33.019 0.000 27.025 30.024 30.025 30.028 30.033 31.037 0.000 29.088 33.097 44.106 44.114 52.120 57.122 43.123 28.127 28.137 28.150 30.153 32.141 33.113 34.078 34.039 32.997 31.952 27.901 27.858 28.825 29.804 40.790 54.776 25.766 19.759 21.755 0.000 0.000 0.000 0.000 0.000 0.000 8.744 91.889 100.757 100.737 92.589 93.264 93.143 93.076 93.010 92.949 92.891 92.835 92.782 92.732 92.683 92.636 92.590 97.544 53.489 0.000 0.000 0.000 0.000 0.000 0.000 0.000 0.000 0.000 27.214 87.204 46.193 0.000 0.000 0.000
