results4_8e4_rain/res_4e8f-0104.wd
ncols         241
nrows         181
xllcorner     12693529.787448
yllcorner     3542525.717860
cellsize      155.156523
NODATA_value  -9999.000000
[rows 0 to 32 of 181, columns 146 to 218 of 241]
0.000 0.000 0.000 0.000 0.000 0.000 0.000 0.000 0.000 0.000 0.000 0.000 0.000 0.000 4.155 15.043 15.856 15.621 15.359 15.083 14.810 14.553 14.322 14.125 13.964 13.838 13.746 13.681 13.640 13.618 13.608 18.604 0.000 0.000 0.000 0.000 0.000 0.000 0.000 0.000 0.000 0.000 0.000 0.000 0.000 0.000 0.000 0.000 0.000 5.035 12.035 0.000 0.000 27.452 32.452 0.000 0.000 0.000 0.000 0.000 0.000 0.000 0.000 0.000 0.000 0.000 0.000 0.000 0.000 0.000 0.000 0.000 0.000
0.000 0.000 0.000 0.000 0.000 0.000 0.000 0.000 0.000 0.000 0.000 0.000 0.000 0.000 15.267 16.118 15.903 15.650 15.371 15.081 14.794 14.526 16.289 15.089 13.928 13.806 13.717 13.658 13.622 13.605 13.601 18.601 0.000 0.000 0.000 0.000 0.000 0.000 0.000 0.000 0.000 0.000 0.000 0.000 0.000 0.000 0.000 0.000 2.037 24.036 0.003 0.000 6.455 39.453 33.452 0.000 0.000 0.000 0.000 0.000 0.000 0.000 0.000 0.000 0.000 0.000 0.000 0.000 18.360 0.000 0.000 0.000 0.000
0.000 0.000 0.000 0.000 0.000 0.000 0.000 0.000 0.000 0.000 0.000 0.000 0.000 18.840 17.528 16.259 15.989 15.704 15.396 15.075 14.759 16.469 16.218 14.013 13.855 13.739 13.660 13.610 13.585 13.579 15.592 9.596 0.000 0.000 0.000 0.000 0.000 0.000 0.000 0.000 0.000 0.000 0.000 0.000 0.000 0.000 0.000 0.000 14.038 0.000 0.000 1.458 32.457 0.000 0.000 0.000 0.000 0.000 0.000 0.000 0.000 0.000 0.000 0.000 0.000 0.000 0.000 0.000 21.360 0.000 0.000 0.000 0.000
0.000 0.000 0.000 0.000 0.000 0.000 0.000 0.000 0.000 0.000 0.000 0.000 2.214 18.153 16.744 16.400 16.092 15.779 15.434 15.064 15.699 15.371 14.101 13.892 13.740 13.636 13.572 13.539 13.528 19.534 0.000 0.000 0.000 0.000 0.000 0.000 0.000 0.000 0.000 0.000 0.000 0.000 0.000 0.000 0.000 0.000 0.000 0.000 58.040 0.000 0.000 7.459 34.460 0.000 0.000 0.000 0.000 0.000 0.000 0.000 0.000 0.000 0.000 0.000 18.387 0.000 0.000 11.362 20.361 21.361 0.000 0.000 0.000
0.000 0.000 0.000 0.000 0.000 0.000 0.000 0.000 0.000 0.000 0.000 7.862 1.157 2.150 16.897 16.506 16.198 15.887 15.498 15.049 15.601 15.217 13.922 13.713 13.576 13.495 13.455 13.444 14.455 15.494 0.000 0.000 0.000 0.000 0.000 0.000 0.000 0.000 0.000 0.000 0.000 0.000 0.004 23.048 18.048 0.000 0.000 14.041 42.042 0.000 0.000 0.000 34.465 0.000 0.000 0.000 0.000 0.000 0.000 0.000 0.000 0.000 33.391 37.389 39.387 0.000 0.000 24.364 19.362 19.361 29.361 0.000 0.000
0.000 0.000 0.000 0.000 0.000 0.000 0.000 0.000 0.000 0.000 10.477 3.129 1.564 1.091 1.060 14.528 16.309 16.072 15.622 17.031 16.440 13.974 13.656 13.462 13.356 13.311 13.307 13.328 19.354 0.000 0.000 0.000 0.000 0.000 0.000 0.000 0.000 0.000 0.000 0.000 0.000 0.000 0.000 3.048 24.048 16.049 14.050 0.000 27.044 0.007 0.000 0.000 19.470 32.473 23.474 21.475 30.474 0.000 0.000 0.000 0.000 0.000 33.393 35.390 40.386 19.379 8.373 25.367 28.364 0.000 0.000 0.000 0.000
0.000 0.000 0.000 0.000 0.000 0.000 0.000 0.000 0.000 0.000 6.802 3.564 3.244 2.775 0.268 0.446 9.437 17.470 16.887 17.014 14.155 13.583 13.268 13.122 13.075 13.088 13.136 13.205 8.279 0.000 0.000 0.000 0.000 0.000 20.093 53.093 0.000 0.000 0.000 0.000 0.000 0.000 0.000 0.008 24.049 37.050 72.051 34.051 35.047 6.047 0.000 0.000 16.473 35.476 20.476 16.476 33.474 0.000 0.000 0.000 0.000 0.000 20.399 26.394 22.387 22.380 26.373 29.367 37.363 0.000 0.000 0.000 16.281
0.000 0.000 0.000 0.000 0.000 0.000 0.000 0.000 0.000 29.817 30.364 7.025 2.680 2.969 2.699 0.620 0.279 4.708 17.442 14.982 13.583 12.934 12.712 12.682 12.734 12.828 13.946 11.075 0.000 0.000 0.000 0.000 0.000 0.000 0.000 41.094 48.095 30.095 22.095 0.000 0.000 0.000 0.000 0.000 0.000 0.000 65.055 44.055 0.000 0.000 0.000 0.000 0.000 28.481 43.480 41.478 43.474 35.468 27.460 30.450 29.439 38.425 42.409 39.399 40.390 40.381 35.373 30.365 27.360 0.000 0.000 0.000 0.000
0.000 0.000 0.000 0.000 0.000 0.000 0.000 0.000 23.741 41.271 42.811 32.402 9.072 1.532 2.677 0.642 2.214 6.719 5.430 14.889 12.261 11.857 11.965 12.161 12.350 13.544 13.745 0.000 0.000 0.000 0.000 0.000 0.000 0.000 0.000 0.000 39.096 49.096 54.096 0.000 0.000 0.000 0.000 0.000 0.000 0.000 37.059 29.058 34.059 1.059 0.000 0.000 12.492 40.488 25.485 19.481 26.477 38.470 26.462 25.452 34.441 43.429 30.415 26.404 29.393 35.382 41.372 43.362 41.351 27.335 18.322 1.307 10.293
0.000 0.000 0.000 0.000 0.000 0.000 0.000 19.702 29.212 44.714 42.209 42.702 35.192 11.685 0.783 4.205 13.595 6.061 1.965 2.676 5.713 10.269 11.131 11.645 11.962 17.253 0.000 0.000 0.000 0.000 0.000 0.000 0.000 0.000 0.000 0.000 6.097 52.097 5.096 0.000 0.000 0.000 0.000 0.000 0.000 33.069 43.064 19.061 35.060 55.060 0.000 0.000 18.497 42.494 21.491 15.487 18.482 31.475 20.466 20.456 22.445 24.433 21.420 22.408 16.396 20.384 26.372 27.360 25.347 34.333 36.319 39.305 47.293
0.000 0.000 0.000 0.000 0.000 0.000 24.680 23.192 46.689 43.164 42.608 42.004 42.309 37.399 19.888 11.668 7.260 0.000 0.000 4.033 2.161 2.936 10.646 11.327 16.599 0.000 0.000 0.000 0.000 0.000 0.000 0.000 30.104 0.000 0.000 0.000 13.099 53.099 0.000 0.000 0.000 0.000 0.000 0.000 28.079 72.074 5.067 8.063 30.061 57.060 0.000 0.000 15.504 40.502 20.499 13.494 16.488 18.481 14.472 13.462 20.451 36.438 19.425 15.412 29.399 25.386 22.373 29.359 29.345 32.331 41.317 45.303 32.290
0.000 0.000 0.000 0.000 0.000 28.600 17.167 45.697 44.190 43.645 43.054 42.398 41.639 41.715 38.553 24.324 3.770 0.000 0.000 45.133 4.127 0.000 0.000 13.417 9.508 0.000 0.000 0.000 0.000 0.000 0.000 0.000 26.105 21.105 30.105 42.104 46.102 36.101 0.000 0.000 0.000 27.094 42.093 47.089 71.084 27.081 0.000 0.000 32.060 20.060 0.000 0.000 18.514 45.512 32.508 16.504 64.497 92.490 41.481 17.470 33.458 80.445 32.431 9.417 74.403 47.389 22.374 29.359 31.345 21.330 30.315 43.300 26.286
0.000 0.000 0.000 0.000 0.000 18.033 39.692 46.239 44.729 44.173 43.565 42.893 42.136 41.268 41.295 40.263 29.518 4.343 49.761 46.888 0.038 0.000 0.000 0.000 0.000 0.000 0.000 0.000 0.000 0.000 0.000 25.105 21.105 26.105 40.105 50.105 34.103 21.103 0.000 0.000 0.000 36.096 35.094 31.092 70.088 30.086 0.000 0.000 11.060 3.060 0.000 11.533 39.527 41.523 35.519 23.515 22.508 55.500 96.491 34.479 27.467 84.453 35.438 9.423 81.407 51.392 14.376 16.360 22.345 13.329 27.313 26.297 14.282
0.000 0.000 0.000 0.000 22.391 32.806 48.329 45.839 45.315 44.751 44.141 43.475 42.741 41.940 41.015 40.296 39.168 51.517 51.182 0.369 0.058 6.368 0.000 0.000 0.000 0.000 0.000 0.000 0.000 41.105 44.105 26.105 25.106 40.107 50.107 36.107 19.105 21.104 21.105 19.107 17.105 29.101 32.098 42.095 82.092 16.089 0.000 0.000 48.061 0.000 0.000 8.540 38.537 38.535 25.532 17.528 13.522 23.513 20.503 60.491 91.477 108.462 89.446 78.429 104.413 98.396 89.379 35.362 15.345 32.328 27.312 16.295 11.278
0.000 0.000 0.000 23.459 32.977 50.472 46.978 46.472 45.941 45.376 44.773 44.122 43.431 42.628 42.110 39.785 51.534 51.536 35.671 18.067 5.252 0.000 0.000 0.000 0.000 0.000 0.000 0.000 0.000 0.000 0.000 5.106 43.107 47.108 39.110 24.112 0.000 0.000 0.000 23.110 19.108 29.104 28.101 51.098 48.095 0.000 0.000 0.000 51.063 0.000 0.000 6.549 36.549 48.548 27.547 33.543 56.537 33.529 15.518 39.504 62.489 96.473 62.455 42.437 90.418 80.400 55.382 24.364 10.346 81.328 49.311 21.293 11.276
0.000 0.000 0.000 28.941 48.584 48.127 47.639 47.132 46.600 46.041 46.447 45.830 44.112 43.723 41.190 51.545 51.532 39.183 40.818 38.510 22.501 3.499 0.000 0.000 0.000 0.000 0.000 0.000 0.000 0.000 0.000 0.000 11.108 43.110 21.113 19.119 25.126 0.000 0.000 24.116 22.112 28.108 29.104 51.100 47.097 0.000 0.000 11.065 58.064 0.000 0.000 8.559 39.561 42.563 23.564 23.562 69.556 104.547 53.535 21.520 37.503 84.485 44.465 11.445 77.425 64.405 22.385 14.366 7.347 88.329 52.310 24.292 25.273
0.000 0.000 29.400 46.780 50.292 48.812 48.321 47.814 47.288 47.735 46.169 45.510 45.210 42.684 51.826 51.626 40.617 41.460 40.513 30.932 11.713 0.000 0.000 0.000 0.000 0.000 0.000 0.000 0.000 0.000 0.000 0.000 0.000 0.000 0.000 24.126 21.134 20.137 22.134 24.125 20.118 28.113 30.107 42.101 38.097 0.055 19.068 52.066 3.065 0.000 0.000 8.569 35.572 41.579 27.584 12.584 14.579 39.570 26.556 8.539 26.520 81.498 37.476 3.454 74.431 59.410 17.389 13.369 9.349 87.329 52.310 24.291 15.270
0.000 28.558 42.019 51.487 49.993 49.508 49.019 48.517 48.997 48.467 46.850 46.601 44.079 52.591 52.155 42.151 43.181 41.083 28.339 0.000 0.000 0.000 0.000 0.000 0.000 0.000 0.000 0.000 0.000 0.000 0.000 0.000 0.000 0.000 0.000 0.000 28.145 38.145 49.140 37.132 26.123 30.118 27.111 32.102 25.092 44.080 62.071 50.067 0.000 0.000 0.000 7.575 33.582 38.598 44.610 42.613 30.607 20.596 33.580 65.561 84.538 105.513 85.488 68.462 102.438 95.414 77.392 37.371 10.351 85.331 57.311 29.291 16.270
25.535 37.097 51.633 51.156 50.683 50.210 49.730 50.236 49.737 48.153 47.942 45.433 53.665 53.103 43.608 44.805 45.781 23.996 0.000 0.000 0.000 0.000 0.000 0.000 0.000 0.000 0.000 0.000 0.000 0.000 0.000 0.000 0.000 0.000 0.000 0.000 26.158 30.156 48.151 7.141 0.000 37.124 28.118 31.104 27.091 15.077 34.069 49.064 36.061 0.000 0.000 0.000 0.000 41.622 43.646 36.649 24.642 33.628 84.609 75.586 56.559 57.530 58.500 58.471 58.444 59.418 61.395 32.373 12.352 84.332 60.312 23.293 17.278
28.973 52.662 52.258 51.822 51.374 50.918 50.451 49.982 49.429 49.251 46.760 54.867 54.257 44.958 46.237 45.294 40.866 0.536 0.000 0.000 0.000 0.000 0.000 0.000 0.000 0.000 0.000 0.000 0.000 0.000 0.000 0.000 0.000 0.000 0.000 0.000 27.172 38.170 22.167 0.000 0.000 34.138 31.135 0.000 0.000 19.068 33.064 48.060 45.058 14.056 0.000 0.000 0.000 0.000 10.703 25.697 9.684 70.666 71.642 20.615 26.583 68.548 39.512 11.479 57.448 47.421 27.397 25.375 16.354 84.334 55.312 12.291 13.270
46.723 54.319 52.916 52.500 52.072 52.634 51.196 50.677 50.536 48.068 56.117 55.488 45.217 47.529 46.585 47.028 16.438 0.000 0.000 0.000 0.000 0.000 0.000 0.000 0.000 0.000 0.000 0.000 0.000 0.000 0.000 0.000 0.000 0.000 0.000 0.000 47.189 45.185 49.180 46.177 42.168 42.154 36.148 0.000 0.000 19.064 32.059 50.055 57.054 20.055 0.000 0.000 0.000 0.000 4.766 17.752 37.732 84.708 47.681 7.649 75.611 76.566 25.523 12.484 33.449 89.421 48.397 16.377 16.357 79.337 97.314 84.288 89.243
56.360 53.975 53.587 53.189 52.779 54.372 51.887 51.788 49.356 57.386 56.748 40.415 44.687 48.800 45.322 22.665 0.000 0.000 0.000 0.000 0.000 0.000 0.000 0.000 0.000 0.000 0.000 0.000 0.000 0.000 0.000 0.000 0.000 0.000 0.000 46.227 45.212 46.201 48.191 47.183 45.173 46.163 39.156 0.000 0.000 20.064 32.055 55.046 28.050 0.000 0.000 0.000 0.000 2.886 32.843 11.814 76.785 70.755 14.723 70.689 83.649 32.581 20.530 23.486 18.444 49.417 88.396 45.377 8.360 79.343 82.320 56.304 0.000
46.983 53.635 54.268 53.887 53.506 53.049 52.991 50.593 58.621 58.026 23.556 28.789 31.742 50.446 34.102 0.000 0.000 0.000 0.000 0.000 0.000 0.000 0.000 36.731 25.730 0.000 0.000 0.000 0.000 0.000 0.000 0.000 0.000 0.000 0.000 23.243 17.230 20.215 24.202 19.190 18.179 17.169 19.157 23.140 17.107 10.074 25.051 4.024 0.000 0.000 0.000 0.000 0.000 4.930 27.906 18.876 19.840 19.804 11.769 32.737 33.713 0.000 0.000 0.000 24.425 17.407 39.391 32.377 14.365 47.354 0.000 0.000 0.000
25.641 41.313 53.961 56.607 54.170 54.139 51.745 59.638 59.170 32.456 0.000 42.076 0.000 54.015 22.560 0.000 0.000 0.000 0.000 0.000 0.000 0.000 0.000 43.732 37.729 0.000 0.000 0.000 0.000 0.000 0.000 0.000 0.000 9.391 0.000 24.272 20.250 20.229 20.211 20.198 20.186 20.175 20.165 22.157 0.121 0.000 0.000 25.975 0.000 0.000 0.000 0.000 5.997 36.997 24.978 23.943 15.897 16.852 16.811 14.776 28.755 0.000 0.000 0.000 0.000 20.396 15.385 28.376 27.371 0.000 0.000 0.000 0.000
17.343 25.011 47.678 52.276 55.256 52.817 60.325 60.022 39.258 15.076 0.000 58.677 56.587 43.049 0.000 0.000 0.000 0.000 0.000 0.000 0.000 0.000 46.752 52.737 23.726 0.000 0.000 0.000 0.000 0.000 0.000 0.000 0.000 26.391 24.371 21.323 20.271 17.239 21.217 21.203 21.191 21.180 21.172 24.167 0.000 0.000 0.000 23.927 23.910 0.000 0.000 0.000 0.000 24.086 17.065 16.022 14.954 14.896 14.849 14.801 15.777 24.777 0.000 0.000 0.000 0.000 21.376 24.373 22.371 0.000 0.000 0.000 17.097
21.065 31.722 36.369 34.289 45.870 60.657 60.537 44.164 22.947 16.462 0.000 38.343 51.038 24.543 0.000 0.000 0.000 0.000 34.889 40.878 32.857 30.812 39.767 32.738 22.711 0.000 0.000 0.000 0.000 0.000 0.000 0.000 0.000 24.412 21.398 20.379 0.000 0.000 26.217 20.207 20.195 20.184 20.176 21.171 0.000 0.000 0.000 24.896 23.893 0.000 0.000 0.000 21.195 17.195 17.175 17.125 16.002 15.929 19.889 0.000 0.000 0.000 0.000 0.000 0.000 0.000 21.371 16.370 16.369 17.368 0.000 0.000 19.096
32.751 46.414 22.152 21.044 60.693 60.695 47.081 33.831 30.191 35.046 0.000 5.317 40.677 0.000 0.000 0.000 0.000 30.911 34.900 36.890 34.880 0.000 0.000 0.000 34.670 18.629 0.000 0.000 0.000 0.000 0.000 0.000 0.000 34.447 31.432 6.416 0.000 0.000 39.225 25.214 21.200 20.186 24.176 1.172 0.000 0.000 37.854 18.868 22.874 0.000 0.000 0.000 0.000 22.326 17.316 21.300 0.000 0.000 0.000 0.000 0.000 0.000 0.000 0.000 0.000 0.000 21.368 16.368 16.367 21.367 0.000 0.000 0.000
53.406 42.013 22.097 17.621 60.623 22.050 27.798 30.053 33.755 52.370 61.864 49.930 0.000 0.000 0.000 0.000 28.933 22.923 28.911 43.901 42.894 0.000 0.000 0.000 0.000 35.588 0.000 0.000 0.000 20.637 0.000 0.000 36.538 35.498 41.467 34.437 0.000 53.269 50.245 48.225 46.204 38.183 19.168 6.169 0.000 13.835 66.840 20.849 21.861 0.000 0.000 0.000 0.000 27.467 13.464 18.460 0.000 0.000 0.000 0.000 0.000 0.000 0.000 0.000 0.000 17.365 19.366 21.366 15.366 20.366 0.000 0.000 0.000
61.943 49.059 31.377 60.066 17.996 19.807 19.003 18.671 28.267 55.835 51.289 22.610 0.000 0.000 27.989 0.000 35.944 27.935 38.922 33.908 12.900 0.000 0.000 0.000 0.000 39.547 15.535 0.000 0.000 16.638 24.638 28.619 30.578 32.541 22.500 19.428 27.348 27.294 47.262 30.236 24.208 22.174 2.145 0.000 0.000 8.831 76.822 32.827 0.000 0.000 0.000 0.000 0.000 40.611 13.612 20.617 0.000 0.000 0.000 0.000 0.000 0.000 0.000 0.000 0.000 19.365 34.365 32.365 25.365 0.000 0.000 0.000 0.000
59.954 58.206 59.473 36.842 24.778 20.949 20.613 19.214 25.830 41.410 36.850 0.000 0.000 0.000 30.989 51.982 46.965 47.950 29.936 0.000 0.000 0.000 0.000 0.000 30.508 21.519 13.522 0.000 0.000 0.000 28.658 32.642 32.615 32.587 16.566 0.000 23.322 24.296 48.273 34.250 28.220 14.162 21.092 36.004 55.917 44.835 68.792 33.809 0.000 0.000 0.000 0.000 0.000 38.755 14.758 15.779 20.848 0.000 0.000 0.000 0.000 0.000 0.000 0.000 0.000 0.000 38.364 35.364 0.000 0.000 0.000 0.000 0.000
57.989 59.360 58.627 57.671 39.844 19.519 20.130 20.770 19.424 22.127 0.000 0.000 0.000 0.000 46.997 36.992 34.982 30.966 0.000 0.000 0.000 0.000 0.000 31.494 22.496 18.500 1.511 0.000 0.000 0.000 28.694 36.677 45.651 44.627 46.611 34.617 0.000 0.000 51.285 35.272 9.258 0.000 24.059 34.002 60.914 22.800 6.702 0.000 0.000 0.000 0.000 0.000 0.000 29.895 16.887 17.893 20.917 0.000 0.000 0.000 0.000 0.000 0.000 0.000 0.000 0.000 0.000 0.000 0.000 0.000 0.000 0.000 0.000
59.358 58.351 60.485 60.670 44.366 20.991 23.644 23.308 20.969 21.548 0.000 27.022 0.000 0.000 41.010 41.009 48.006 0.000 0.000 5.686 0.000 0.000 0.000 26.491 20.484 14.477 0.000 0.000 0.000 0.000 26.748 27.720 29.688 28.658 26.635 18.623 0.000 0.000 53.309 39.297 24.281 0.000 23.084 34.031 57.936 13.750 9.514 0.000 0.000 0.000 0.000 0.000 0.000 37.044 16.004 17.990 18.010 19.066 23.086 0.000 0.000 0.000 0.000 0.000 0.000 0.000 0.000 0.000 0.000 0.000 0.000 0.000 0.000
59.010 61.224 60.432 61.151 34.792 25.462 45.145 38.848 20.595 0.000 0.000 24.022 39.024 44.025 30.024 51.027 43.027 0.000 0.000 19.687 50.687 2.676 0.000 27.496 21.472 18.447 0.000 0.000 34.986 30.924 26.829 28.769 33.722 33.682 31.648 42.619 34.591 0.000 53.347 45.323 45.291 37.241 18.161 36.103 44.049 0.000 12.091 0.000 0.000 0.000 0.000 0.000 2.403 41.232 13.096 15.051 16.070 17.101 22.107 0.000 0.000 0.000 0.000 0.000 0.000 0.000 0.000 0.000 0.000 0.000 0.000 0.000 0.000
