results4_8e4_rain/res_4e8f-0210.wd
ncols         241
nrows         181
xllcorner     12693529.787448
yllcorner     3542525.717860
cellsize      155.156523
NODATA_value  -9999.000000
[rows 0 to 32 of 181, columns 146 to 218 of 241]
0.000 0.000 0.000 0.000 0.000 0.000 0.000 0.000 0.000 0.000 0.000 0.000 0.000 0.000 5.844 16.694 17.453 17.157 16.831 16.494 16.163 15.854 15.578 15.343 15.152 15.003 14.893 14.816 14.768 14.741 14.729 19.725 0.000 0.000 0.000 0.000 0.000 0.000 0.000 0.000 0.000 0.000 0.000 0.000 0.000 0.000 0.000 0.000 0.000 20.194 27.194 0.000 0.000 46.371 51.371 0.000 0.000 0.000 0.000 0.000 0.000 0.000 0.000 0.000 0.000 0.000 0.000 0.000 0.000 0.000 0.000 0.000 0.000
0.000 0.000 0.000 0.000 0.000 0.000 0.000 0.000 0.000 0.000 0.000 0.000 0.000 1.390 16.994 17.785 17.507 17.187 16.842 16.488 16.141 15.820 17.537 16.300 15.109 14.964 14.859 14.788 14.746 14.726 14.722 19.721 0.000 0.000 0.000 0.000 0.000 0.000 0.000 0.000 0.000 0.000 0.000 0.000 0.000 0.000 0.000 0.000 17.194 39.194 15.194 0.000 25.371 58.371 52.371 0.000 0.000 0.000 0.000 0.000 0.000 0.000 0.000 0.000 0.000 0.000 0.000 0.000 37.368 0.000 0.000 0.000 0.000
0.000 0.000 0.000 0.000 0.000 0.000 0.000 0.000 0.000 0.000 0.000 0.000 0.000 20.624 19.279 17.945 17.603 17.243 16.863 16.474 16.095 17.749 17.451 15.209 15.022 14.885 14.791 14.732 14.702 14.695 16.711 10.716 0.000 0.000 0.000 0.000 0.000 0.000 0.000 0.000 0.000 0.000 0.000 0.000 0.000 0.000 0.000 0.000 29.194 0.000 0.000 20.371 51.371 13.371 0.000 0.000 0.000 0.000 0.000 0.000 0.000 0.000 0.000 0.000 6.369 0.000 0.000 0.000 40.368 12.368 0.000 0.000 0.000
0.000 0.000 0.000 0.000 0.000 0.000 0.000 0.000 0.000 0.000 0.000 0.000 3.120 20.045 18.551 18.114 17.716 17.319 16.893 16.448 17.015 16.628 15.309 15.063 14.884 14.762 14.687 14.647 14.635 20.642 0.000 0.000 0.000 0.000 0.000 0.000 0.000 0.000 0.000 0.000 0.000 0.000 0.000 14.194 0.000 0.000 0.000 13.194 73.194 3.194 0.000 26.371 53.371 0.000 0.000 0.000 0.000 0.000 0.000 0.000 0.000 0.000 12.369 18.369 37.369 0.000 0.000 30.368 39.368 40.368 12.368 0.000 0.000
0.000 0.000 0.000 0.000 0.000 0.000 0.000 0.000 0.000 0.000 0.000 8.184 1.357 3.037 18.766 18.245 17.829 17.422 16.944 16.412 16.889 16.440 15.095 14.850 14.689 14.594 14.547 14.535 15.548 16.595 0.000 0.000 0.000 0.000 0.000 0.000 0.000 0.000 0.000 0.000 0.000 0.000 15.194 38.194 33.194 0.000 0.000 29.194 57.194 0.000 0.000 0.000 53.371 8.371 0.000 0.000 0.000 0.000 0.000 0.000 0.000 0.000 52.369 56.369 58.369 0.369 0.000 43.368 38.368 38.368 48.368 0.000 0.000
0.000 0.000 0.000 0.000 0.000 0.000 0.000 0.000 0.000 0.000 10.908 3.507 1.875 1.298 1.436 16.270 17.932 17.595 17.048 18.366 17.688 15.149 14.780 14.553 14.429 14.377 14.373 14.397 20.428 0.000 0.000 0.000 0.000 0.000 0.000 0.000 0.000 0.000 0.000 0.000 0.000 0.000 0.000 18.194 39.194 31.194 29.194 11.194 42.194 15.194 0.000 0.000 38.371 51.371 42.371 40.371 49.371 0.000 0.000 0.000 0.000 0.000 52.369 54.369 59.369 38.369 27.368 44.368 47.368 0.000 0.000 0.000 12.366
0.000 0.000 0.000 0.000 0.000 0.000 0.000 0.000 0.000 0.000 7.309 4.011 3.641 3.144 0.448 0.640 11.035 18.980 18.286 18.318 15.346 14.689 14.324 14.152 14.097 14.113 14.171 14.252 9.340 0.000 0.000 0.000 0.000 0.000 35.203 68.203 2.203 0.000 8.203 49.203 0.000 0.000 0.000 15.194 39.194 52.194 87.194 49.194 50.194 21.194 0.000 0.000 35.371 54.371 39.371 35.371 52.371 0.000 0.000 0.000 0.000 0.000 39.369 45.369 41.369 41.369 45.368 48.368 56.368 0.000 0.000 0.000 35.366
0.000 0.000 0.000 0.000 0.000 0.000 0.000 0.000 0.000 30.566 31.007 7.579 3.192 3.429 3.078 0.804 0.375 6.003 18.799 16.273 14.691 13.937 13.674 13.635 13.695 13.806 14.946 12.099 0.000 0.000 0.000 0.000 0.000 0.000 10.203 56.203 63.203 45.203 37.203 9.203 0.000 0.000 0.000 0.000 0.000 13.194 80.194 59.194 6.194 0.000 0.000 0.000 0.000 47.371 62.371 60.371 62.371 54.371 46.371 49.370 48.370 57.370 61.369 58.369 59.369 59.369 54.368 49.368 46.368 0.000 0.000 0.000 0.000
0.000 0.000 0.000 0.000 0.000 0.000 0.000 0.000 24.686 42.124 43.574 33.080 9.661 2.076 3.085 0.849 2.823 8.181 6.634 16.284 13.207 12.694 12.799 13.020 13.241 14.470 14.708 0.000 0.000 0.000 0.000 0.000 0.000 0.000 0.000 8.203 54.203 64.203 69.203 8.203 0.000 0.000 0.000 0.000 0.000 9.195 52.194 44.194 49.194 16.194 0.000 0.000 31.372 59.371 44.371 38.371 45.371 57.371 45.371 44.370 53.370 62.370 49.369 45.369 48.369 54.369 60.368 62.368 60.368 46.367 37.367 20.367 29.366
0.000 0.000 0.000 0.000 0.000 0.000 0.000 20.821 30.249 45.670 43.086 43.504 35.923 12.350 1.220 4.775 14.316 6.483 2.264 3.054 6.158 10.835 11.807 12.406 12.779 18.124 0.000 0.000 0.000 0.000 0.000 0.000 8.204 6.204 0.000 0.000 21.203 67.203 20.203 0.000 0.000 0.000 0.000 0.000 0.000 48.195 58.195 34.194 50.194 70.194 10.194 0.000 37.372 61.372 40.372 34.371 37.371 50.371 39.371 39.371 41.370 43.370 40.370 41.369 35.369 39.369 45.368 46.368 44.368 53.367 55.367 58.367 66.366
0.000 0.000 0.000 0.000 0.000 0.000 25.952 24.392 47.818 44.221 43.596 42.928 43.178 38.232 20.738 12.452 8.143 0.000 0.052 4.380 2.161 3.365 11.189 12.017 17.344 0.000 0.000 0.000 0.000 0.000 0.000 3.204 45.204 4.204 0.000 0.000 28.203 68.203 7.203 0.000 0.000 0.000 0.000 0.000 43.196 87.196 20.195 23.194 45.194 72.193 12.193 0.000 34.372 59.372 39.372 32.372 35.371 37.371 33.371 32.371 39.370 55.370 38.370 34.369 48.369 44.369 41.368 48.368 48.368 51.367 60.367 64.367 51.366
0.000 0.000 0.000 0.000 0.000 30.002 18.511 46.979 45.409 44.801 44.149 43.436 42.627 42.661 39.462 25.156 4.450 0.370 0.075 46.284 4.545 0.083 0.109 14.130 10.237 0.000 0.000 0.000 0.000 0.000 0.000 3.204 41.204 36.204 45.204 57.204 61.204 51.203 0.000 0.000 6.199 42.199 57.199 62.198 86.197 42.197 0.000 0.000 47.193 35.193 0.000 0.000 37.372 64.372 51.372 35.372 83.372 111.371 60.371 36.371 52.371 99.370 51.370 28.370 93.369 66.369 41.368 48.368 50.368 40.367 49.367 62.367 45.366
0.000 0.000 0.000 0.000 0.000 19.493 41.111 47.605 46.038 45.425 44.762 44.038 43.233 42.322 42.306 41.213 30.387 4.987 50.882 47.937 0.379 0.157 0.055 0.061 0.000 0.000 0.000 0.000 0.000 0.000 6.204 40.204 36.204 41.204 55.204 65.204 49.204 36.203 1.203 0.000 4.200 51.199 50.199 46.198 85.198 45.197 0.000 0.000 26.192 18.192 0.000 30.373 58.372 60.372 54.372 42.372 41.372 74.372 115.371 53.371 46.371 103.370 54.370 28.370 100.369 70.369 33.368 35.368 41.368 32.367 46.367 45.366 33.366
0.000 0.000 0.000 0.000 24.021 34.366 49.834 47.292 46.715 46.098 45.437 44.722 43.943 43.103 42.142 41.403 40.262 52.610 52.284 1.036 0.521 9.630 0.000 0.000 0.000 0.000 0.000 0.000 1.204 56.204 59.204 41.204 40.204 55.204 65.204 51.204 34.204 36.203 36.202 34.201 32.200 44.200 47.199 57.198 97.198 31.198 0.000 0.000 63.192 13.192 0.000 27.373 57.373 57.373 44.373 36.372 32.372 42.372 39.372 79.371 110.371 127.371 108.370 97.370 123.369 117.369 108.369 54.368 34.368 51.367 46.367 35.366 30.366
0.000 0.000 0.000 25.214 34.677 52.116 48.569 48.012 47.430 46.816 46.164 45.468 44.735 43.893 43.347 40.977 52.648 52.643 36.849 19.145 6.303 0.000 0.000 0.000 0.000 0.000 0.000 0.000 42.204 9.204 0.000 20.204 58.204 62.204 54.205 39.205 5.205 0.000 3.202 38.202 34.201 44.200 43.199 66.198 63.198 0.000 0.000 5.191 66.191 12.191 0.000 25.373 55.373 67.373 46.373 52.373 75.373 52.372 34.372 58.372 81.371 115.371 81.371 61.370 109.370 99.369 74.369 43.368 29.368 100.367 68.367 40.366 30.366
0.000 0.000 0.000 30.751 50.356 49.851 49.314 48.758 48.178 47.572 47.933 47.272 45.511 45.087 42.510 52.715 52.659 40.428 42.047 39.663 23.621 4.619 0.000 0.000 0.000 0.000 0.000 44.204 13.204 0.000 0.000 0.000 26.204 58.205 36.205 34.205 40.206 3.206 0.000 39.202 37.201 43.200 44.199 66.198 62.197 0.000 0.000 26.191 73.191 9.191 0.000 27.373 58.373 61.373 42.373 42.373 88.373 123.373 72.373 40.372 56.372 103.371 63.371 30.370 96.370 83.369 41.369 33.368 26.368 107.367 71.367 43.366 44.366
0.000 0.000 31.368 48.683 52.145 50.617 50.079 49.526 48.954 49.357 47.746 47.044 46.704 44.130 53.161 52.870 41.933 42.783 41.780 32.125 12.870 0.000 0.000 0.000 0.000 0.000 0.000 40.204 14.204 0.000 0.000 0.000 0.000 0.000 0.000 39.206 36.207 35.207 37.206 39.204 35.202 43.201 45.199 57.198 53.196 15.193 34.192 67.190 18.190 0.000 0.000 27.374 54.374 60.374 46.374 31.374 33.374 58.374 45.373 27.373 45.372 100.372 56.371 22.370 93.370 78.369 36.369 32.368 28.368 106.367 71.367 43.366 34.366
0.000 30.647 44.053 53.467 51.924 51.394 50.860 50.314 50.750 50.178 48.518 48.228 45.662 54.113 53.586 43.606 44.605 42.486 29.674 0.000 0.000 0.000 0.000 0.000 0.000 0.000 0.000 0.000 14.204 0.000 0.000 0.000 0.000 0.000 0.000 0.000 43.208 53.208 64.207 52.205 41.203 45.201 42.199 47.197 40.195 59.193 77.191 65.190 11.189 0.000 0.000 26.374 52.374 57.374 63.375 61.375 49.375 39.374 52.374 84.373 103.373 124.372 104.371 87.371 121.370 114.369 96.369 56.368 29.368 104.367 76.367 48.366 35.366
27.722 39.241 53.731 53.208 52.691 52.174 51.653 52.117 51.578 49.952 49.701 47.151 55.348 54.708 45.181 46.329 47.270 25.531 0.000 0.000 0.000 0.000 0.000 0.000 0.000 0.000 0.000 0.000 0.000 0.000 0.000 0.000 0.000 0.000 0.000 0.000 41.211 45.210 63.208 22.206 2.204 52.202 43.200 46.197 42.194 30.192 49.190 64.188 51.187 10.186 0.000 0.000 17.374 60.375 62.375 55.376 43.375 52.375 103.375 94.374 75.373 76.372 77.372 77.371 77.370 78.369 80.369 51.368 31.368 103.367 79.367 42.366 36.366
31.204 54.863 54.421 53.945 53.456 52.961 52.455 51.947 51.356 51.139 48.608 56.694 56.013 46.656 47.871 46.858 42.342 1.799 0.000 0.000 0.000 0.000 0.000 0.000 0.000 0.000 0.000 0.000 0.000 0.000 0.000 0.000 0.000 0.000 0.000 0.000 42.214 53.213 37.212 0.000 6.205 49.203 46.200 13.197 3.194 34.190 48.188 63.186 60.185 29.185 0.000 0.000 0.000 0.000 29.377 44.377 28.377 89.376 90.375 39.375 45.374 87.373 58.372 30.371 76.370 66.370 46.369 44.368 35.368 103.367 74.367 31.366 32.366
49.027 56.585 55.146 54.693 54.230 54.755 53.281 52.726 52.549 50.043 58.076 57.382 47.038 49.287 48.279 48.654 17.989 0.000 0.000 0.000 0.000 0.000 0.000 0.000 0.000 0.000 0.000 0.000 0.000 0.000 0.000 0.000 0.000 0.000 0.000 9.221 62.218 60.216 64.213 61.211 57.207 57.204 51.201 10.198 3.193 34.188 47.184 65.183 72.183 35.184 0.000 0.000 0.000 0.000 23.379 36.378 56.378 103.377 66.377 26.376 94.375 95.373 44.372 31.371 52.370 108.370 67.369 35.368 35.368 98.367 116.367 103.366 108.365
58.725 56.306 55.884 55.453 55.010 56.570 54.053 53.922 51.455 59.474 58.772 42.352 46.558 50.615 47.081 24.358 0.000 0.000 0.000 0.000 0.000 0.000 0.000 0.000 0.000 0.000 0.000 0.000 0.000 0.000 0.000 0.000 0.000 0.000 0.000 61.223 60.221 61.219 63.216 62.212 60.209 61.206 54.203 9.200 0.000 35.184 47.180 70.177 43.180 0.000 0.000 0.000 0.000 21.382 51.381 30.380 95.379 89.379 33.378 89.377 102.376 51.374 39.372 42.371 37.370 68.369 107.369 64.368 27.368 98.367 101.367 75.366 17.365
49.407 56.029 56.633 56.221 55.811 55.325 55.238 52.811 60.835 60.178 25.589 30.766 33.648 52.317 35.940 0.000 0.000 0.000 0.000 0.000 0.000 0.000 0.000 50.696 39.696 0.000 0.000 0.000 0.000 0.000 0.000 0.000 0.000 0.000 0.000 38.228 32.226 35.222 39.218 34.214 33.210 32.207 34.204 38.200 32.194 25.184 40.173 19.167 0.000 0.000 0.000 0.000 0.000 23.383 46.382 37.382 38.381 38.380 30.379 51.378 52.377 0.000 0.000 13.370 43.370 36.369 58.369 51.368 33.368 66.367 14.367 0.000 12.364
28.126 43.771 56.393 59.011 56.548 56.492 54.072 61.966 61.443 34.763 0.000 44.107 0.000 55.940 24.441 0.000 0.000 0.000 0.000 0.000 0.000 0.000 0.000 57.696 51.695 0.000 0.000 0.000 0.000 0.000 0.000 0.000 0.000 24.264 0.000 39.236 35.231 35.226 35.220 35.216 35.212 35.208 35.205 37.202 15.199 0.000 10.162 41.151 11.140 0.000 0.000 0.000 24.386 55.385 43.384 42.383 34.382 35.381 35.380 33.379 47.379 7.379 0.000 0.000 14.369 39.369 34.369 47.368 46.368 0.000 0.000 0.000 12.364
19.893 27.535 50.176 54.749 57.706 55.244 62.750 62.400 41.653 17.459 0.000 60.762 58.663 45.073 0.000 0.000 0.000 0.000 0.000 0.000 0.000 0.000 60.702 66.698 37.694 0.000 0.000 0.000 0.000 0.000 0.000 0.000 0.000 41.264 39.259 36.247 35.239 32.229 36.221 36.217 36.213 36.209 36.206 39.204 12.202 0.000 0.000 39.134 39.129 9.124 0.000 0.000 9.386 42.386 35.386 34.385 33.384 33.383 33.381 33.380 34.379 43.379 0.000 0.000 0.000 7.369 40.369 43.368 41.368 0.000 0.000 0.000 36.363
23.680 34.310 38.932 36.831 48.385 63.162 63.005 46.645 25.406 18.907 0.000 40.490 53.156 26.614 0.000 0.000 0.000 0.000 48.743 54.740 46.733 44.720 53.707 46.698 36.689 0.000 0.000 0.000 0.000 0.000 0.000 0.000 0.000 39.270 36.264 35.256 9.247 0.000 41.220 35.217 35.213 35.209 35.206 36.204 10.203 0.000 0.000 40.121 39.120 10.119 0.000 0.000 39.387 35.388 35.388 35.388 34.386 34.384 38.383 0.000 5.379 8.379 0.000 0.000 0.000 0.000 40.368 35.368 35.368 36.368 0.000 8.363 38.363
35.427 49.064 24.780 23.651 63.229 63.226 49.644 36.368 32.702 37.541 0.000 7.556 42.856 0.000 0.000 0.000 0.000 44.749 48.746 50.743 48.740 0.000 0.000 0.000 48.676 32.663 0.000 0.000 0.000 0.000 0.000 0.000 7.289 49.281 46.273 21.266 0.000 0.000 54.223 40.218 36.213 35.208 39.205 16.204 0.000 15.098 53.101 34.108 38.111 10.113 0.000 0.000 0.000 40.391 35.391 39.390 6.390 0.000 0.000 0.000 0.000 0.000 0.000 0.000 0.000 0.000 40.368 35.368 35.368 40.368 0.000 0.000 12.363
56.138 44.721 24.783 20.280 63.193 24.691 30.415 32.640 36.314 54.895 64.342 52.321 0.000 0.000 0.000 0.000 42.756 36.753 42.749 57.746 56.744 0.000 0.000 0.000 0.000 49.650 0.000 0.000 0.000 35.335 0.000 0.000 51.298 50.291 56.281 49.268 14.254 68.242 65.229 63.221 61.213 53.206 34.202 21.203 0.000 29.096 82.096 36.100 37.104 11.108 0.000 0.000 0.000 45.395 31.394 36.393 7.393 0.000 0.000 0.000 0.000 0.000 0.000 0.000 0.000 36.368 38.368 40.368 34.368 39.368 0.000 0.000 9.363
64.729 51.824 34.124 62.797 20.721 22.506 21.671 21.310 30.874 58.405 53.809 25.065 0.000 0.000 41.765 7.763 49.759 41.756 52.752 47.748 26.746 0.000 0.000 0.000 0.000 53.637 29.632 0.000 0.000 31.335 39.335 43.328 45.314 47.304 37.292 34.271 42.253 42.241 62.231 45.222 39.213 37.202 17.193 0.000 5.101 24.092 92.088 48.092 14.095 0.000 0.000 0.000 3.399 58.399 31.397 38.396 10.395 0.000 0.000 0.000 0.000 0.000 0.000 0.000 15.368 38.368 53.368 51.368 44.368 3.368 0.000 0.000 10.363
62.789 61.031 62.378 39.659 27.559 23.700 23.333 21.906 28.493 44.039 39.424 0.000 0.000 0.000 44.766 65.765 60.762 61.759 43.756 0.000 0.000 0.000 0.000 0.000 44.624 35.627 27.628 0.000 0.000 0.000 43.341 47.336 47.327 47.318 31.311 0.000 38.246 39.239 63.233 49.224 43.214 29.197 36.174 51.142 71.109 60.085 84.072 49.085 13.090 0.000 0.000 0.000 0.000 56.404 32.401 33.398 38.396 0.000 0.000 0.000 0.000 0.000 0.000 0.000 0.000 8.368 57.368 54.368 7.368 0.000 0.000 0.000 6.363
60.872 62.323 61.522 60.532 42.674 22.320 22.902 23.516 22.146 24.836 0.000 0.000 0.000 0.000 60.769 50.768 48.766 44.763 0.000 0.000 0.000 0.000 0.000 45.619 36.620 32.621 15.625 0.000 0.000 0.000 43.353 51.347 60.339 59.330 61.324 49.325 0.000 7.237 66.235 50.229 24.221 0.000 39.165 49.142 76.109 38.067 22.031 0.000 0.000 0.000 0.000 0.000 9.418 47.411 34.406 35.400 38.394 11.390 0.000 0.000 0.000 0.000 0.000 0.000 0.000 0.000 14.368 15.368 0.000 0.000 0.000 0.000 7.363
62.329 61.305 63.415 63.576 47.245 23.842 26.467 26.103 23.741 24.322 0.000 40.776 0.000 6.774 54.773 54.772 61.772 0.000 0.000 19.691 7.690 0.000 0.000 40.618 34.616 28.614 0.000 0.000 0.000 0.000 41.371 42.362 44.350 43.340 41.331 33.326 0.000 0.000 68.242 54.234 39.221 2.203 38.178 49.153 73.116 29.045 24.952 7.887 0.000 0.000 0.000 0.000 9.424 54.418 33.410 35.401 35.392 36.385 40.379 12.376 0.000 0.000 0.000 0.000 0.000 0.000 0.000 0.000 0.000 0.000 0.000 0.000 0.000
62.019 64.217 63.407 64.104 37.721 28.363 48.018 41.688 23.392 1.075 0.000 37.776 52.776 57.776 43.776 64.777 56.777 0.000 0.000 33.692 64.689 16.684 0.000 41.619 35.612 32.603 0.000 0.000 49.450 45.430 41.398 43.378 48.362 48.347 46.334 57.321 49.302 9.282 68.258 60.242 60.227 52.211 33.192 51.174 59.158 0.000 27.846 10.823 0.000 0.000 0.000 0.000 19.436 58.427 30.417 32.402 33.388 34.379 39.375 11.374 0.000 0.000 0.000 0.000 0.000 0.000 0.000 0.000 0.000 0.000 0.000 0.000 0.000
