results4_8e4_rain/res_4e8f-0225.wd
ncols         241
nrows         181
xllcorner     12693529.787448
yllcorner     3542525.717860
cellsize      155.156523
NODATA_value  -9999.000000
[rows 66 to 98 of 181, columns 73 to 145 of 241]
71.943 35.929 0.000 61.092 78.067 77.035 77.006 0.000 48.397 48.381 61.394 57.404 56.384 56.338 55.268 131.168 118.994 0.000 0.000 0.000 51.706 46.643 51.546 54.483 54.430 56.380 57.332 62.274 63.220 64.175 55.143 0.000 0.000 52.440 102.440 84.354 88.220 88.311 86.365 94.282 86.776 87.256 87.995 86.768 86.547 87.343 57.188 0.000 0.000 0.000 0.000 0.000 0.000 0.000 43.739 41.714 41.673 41.618 41.551 41.481 45.407 58.328 55.250 40.174 51.100 60.026 38.953 41.880 47.808 52.736 48.666 42.597 40.529
56.946 62.914 0.748 49.321 73.277 72.246 66.248 19.334 0.000 0.000 54.474 67.554 56.554 55.522 56.478 37.436 0.000 0.000 0.000 0.000 0.000 0.000 62.478 60.451 58.417 41.374 44.325 51.269 52.228 57.196 48.170 0.000 0.000 0.000 62.682 80.591 87.529 87.623 94.708 94.502 86.847 87.536 87.248 87.038 86.828 81.640 39.508 0.000 3.695 36.695 0.000 0.000 0.000 49.821 44.785 41.750 41.706 41.652 41.591 41.524 41.452 41.378 48.303 62.228 63.155 46.082 40.009 40.937 41.866 45.796 44.727 40.658 40.591
58.961 57.892 62.762 60.567 74.474 67.423 68.406 65.420 0.000 0.000 0.000 69.783 64.755 59.719 61.685 8.661 0.000 0.000 0.000 0.000 0.000 0.000 61.436 57.426 48.413 0.000 0.000 49.248 61.228 60.212 0.000 0.000 8.390 65.270 57.016 60.838 67.916 82.977 94.899 86.584 88.140 87.704 87.516 87.299 85.086 67.883 46.695 52.695 50.695 31.695 0.000 0.000 0.000 7.858 58.830 40.793 41.748 45.696 53.636 43.570 41.501 40.429 44.356 59.282 66.209 58.136 44.065 38.994 40.924 40.855 40.786 40.718 39.651
59.007 56.932 60.830 71.713 65.627 58.568 77.533 66.520 18.537 0.000 12.188 62.040 77.964 72.915 72.882 75.863 0.000 0.000 0.000 0.000 7.388 7.393 59.405 50.403 53.396 0.000 0.000 0.000 97.224 124.211 39.195 0.000 64.510 59.406 59.243 59.150 55.232 95.251 95.081 87.629 91.236 87.983 87.774 87.560 79.335 32.109 0.000 54.695 32.695 0.000 0.000 0.000 46.965 45.922 44.885 40.845 44.799 56.746 61.686 59.621 52.553 42.482 51.409 59.336 38.263 44.190 57.119 54.049 49.981 57.913 38.845 40.778 38.711
57.069 62.997 72.914 64.827 56.751 56.690 69.638 77.590 73.554 76.479 78.337 73.224 68.147 70.096 59.063 58.047 0.000 0.000 0.000 8.381 64.383 63.385 51.388 53.384 54.374 58.353 57.339 0.000 8.231 2.215 1.164 10.914 70.734 63.600 58.437 59.527 57.572 95.407 57.244 64.834 79.431 87.252 88.039 85.833 44.584 0.000 0.000 0.000 0.000 0.000 0.000 48.035 42.009 41.978 41.944 42.904 52.856 61.802 60.742 60.676 56.607 52.535 62.462 45.389 40.316 41.243 41.173 51.104 64.036 50.970 38.904 39.838 45.771
63.139 74.073 64.002 56.930 57.862 57.801 59.740 43.647 69.610 67.547 59.456 56.371 55.305 71.258 73.228 60.214 0.000 0.000 0.000 64.379 60.378 57.378 50.377 54.371 54.361 54.346 54.326 13.294 16.255 17.225 19.177 87.050 83.916 72.784 71.738 60.735 95.684 95.552 59.295 65.945 60.721 67.525 86.299 61.149 0.000 0.000 0.000 0.000 0.000 0.000 0.000 48.061 42.057 42.039 42.009 42.969 51.920 61.864 60.802 59.735 56.664 61.591 55.516 39.441 41.367 41.295 41.225 51.157 59.091 38.027 40.964 43.899 62.830
74.215 64.155 57.092 58.028 57.967 58.914 39.874 0.000 26.693 54.642 57.570 57.499 57.443 55.403 79.378 63.366 0.000 0.000 0.000 41.376 58.374 52.372 53.369 54.364 54.355 54.342 54.325 65.301 5.269 9.252 26.263 79.192 89.089 10.977 92.898 83.089 95.800 57.864 71.509 68.153 58.024 54.829 51.481 36.315 0.000 0.000 43.636 0.000 0.000 0.000 0.000 44.091 42.120 42.111 42.083 42.042 42.992 48.933 56.868 56.798 56.723 60.647 38.570 41.493 41.418 40.345 46.274 63.207 46.143 40.083 43.025 23.965 24.882
64.297 57.240 58.181 58.122 58.065 61.012 16.967 14.932 7.828 52.756 57.684 59.611 57.566 56.535 74.515 70.506 0.000 0.000 0.000 0.000 49.369 52.367 54.365 54.360 54.352 54.343 56.330 42.316 0.000 0.000 76.430 79.365 90.274 96.145 90.248 88.286 95.899 78.912 81.615 66.457 59.363 52.289 0.000 0.000 0.000 0.000 41.636 0.000 0.000 0.000 0.000 0.177 45.220 42.203 42.170 42.126 42.072 42.009 41.939 48.864 56.785 44.704 41.623 41.543 41.466 44.391 57.321 57.254 39.193 41.137 44.088 11.053 0.000
57.382 58.328 58.272 58.214 58.158 58.103 62.051 63.000 62.932 58.869 58.800 38.695 55.674 56.654 72.641 71.637 0.000 0.000 0.000 0.000 48.365 54.364 54.362 54.358 54.353 54.346 42.338 0.000 0.000 4.795 81.662 87.566 90.466 90.413 89.491 96.033 88.391 91.108 85.797 70.739 60.680 59.676 59.810 0.000 0.000 0.000 38.636 45.636 38.635 0.000 0.000 0.000 60.338 41.310 42.270 42.219 42.160 43.091 42.015 41.934 41.849 41.762 41.676 41.592 40.511 46.435 61.363 38.297 41.237 41.183 43.137 18.107 0.000
58.471 58.418 58.363 58.306 58.249 58.191 58.136 58.083 58.033 57.988 61.953 0.000 48.781 57.768 73.757 68.763 4.810 0.000 0.000 0.000 53.363 56.362 56.360 56.357 54.354 57.351 0.000 0.000 0.000 73.928 79.857 90.771 90.653 90.762 88.811 96.237 89.522 94.166 90.058 90.992 78.943 66.924 55.944 50.944 52.944 0.000 0.000 44.636 39.635 45.630 46.614 44.576 50.483 60.429 42.379 43.322 52.256 59.181 41.098 42.008 41.914 41.819 41.726 40.636 45.552 64.473 58.400 47.334 40.274 41.220 43.172 58.129 76.083
58.563 58.511 58.456 58.399 58.339 58.278 58.218 61.163 59.127 58.095 62.072 0.000 48.901 57.878 74.858 66.850 6.857 0.000 0.000 0.000 26.362 36.361 35.359 35.357 56.355 41.353 0.000 0.000 0.000 76.133 86.067 90.979 90.938 90.042 96.857 96.564 90.584 91.428 90.286 90.230 91.176 82.133 47.098 0.000 0.000 0.000 0.000 42.638 42.639 39.639 41.638 42.630 41.590 48.546 62.494 45.434 43.362 53.280 41.186 42.085 41.980 41.874 41.773 41.676 49.586 62.505 49.431 61.364 39.305 40.251 45.202 66.156 78.107
58.658 58.605 58.551 58.494 58.432 61.362 63.294 35.225 56.219 59.195 61.166 21.141 52.043 56.987 68.945 66.920 7.911 0.000 0.000 0.000 0.000 0.000 2.358 2.357 37.356 0.000 0.000 0.000 24.570 74.404 91.298 91.180 91.298 89.384 97.122 89.165 94.873 90.569 90.524 90.458 90.399 80.335 41.216 0.000 0.000 0.000 0.000 0.000 45.645 46.651 33.667 41.714 42.703 42.669 46.619 62.556 45.480 42.389 42.283 42.166 42.045 41.927 39.814 45.709 64.613 45.528 44.454 58.388 42.330 40.278 47.230 73.184 78.138
58.754 58.701 58.648 58.594 60.533 36.445 38.369 0.000 18.328 54.298 58.259 62.212 58.145 61.080 66.017 70.975 9.956 0.000 0.000 0.000 0.000 3.358 55.358 62.357 0.000 0.000 0.000 7.853 83.736 85.616 91.511 91.468 90.588 97.602 97.370 90.224 90.941 90.813 90.745 90.682 89.628 69.590 0.000 0.000 0.000 0.000 0.000 0.000 0.000 37.651 0.000 48.857 45.841 41.806 41.757 43.692 60.612 49.513 41.392 42.251 42.108 40.973 45.848 47.733 46.629 43.542 41.468 41.405 41.350 42.300 55.255 77.213 78.172
58.849 58.796 58.746 58.700 63.662 1.646 0.000 24.557 16.467 50.410 59.359 57.305 59.243 71.172 43.066 37.008 1.982 0.000 0.000 0.000 0.000 53.358 59.358 61.358 0.000 0.000 0.000 70.971 75.903 89.815 91.699 91.831 89.926 97.815 89.718 91.396 91.092 91.034 90.961 90.897 82.843 59.806 0.000 0.000 0.000 0.000 0.000 0.000 0.000 0.000 0.000 53.015 47.996 41.960 39.909 42.844 42.763 58.659 51.521 42.337 43.164 41.010 47.871 47.744 44.630 38.542 41.472 41.413 43.363 57.318 76.278 78.241 81.207
59.942 57.889 57.841 57.799 60.766 30.752 27.727 59.646 64.575 58.516 56.461 63.407 73.350 76.299 0.230 0.000 0.000 0.000 0.000 0.000 0.000 21.358 28.358 30.358 0.000 0.000 0.000 73.156 81.093 91.005 91.997 91.035 98.209 98.018 90.747 91.453 91.317 91.240 91.169 91.102 73.040 54.984 0.000 0.000 0.000 0.000 0.000 0.000 0.000 0.000 0.000 51.193 49.168 49.127 46.075 39.012 40.937 41.840 57.695 57.411 54.202 51.031 43.882 42.743 39.604 40.524 41.464 45.414 65.370 77.332 77.297 78.266 77.239
74.030 72.978 71.930 69.888 66.851 67.820 67.782 64.727 65.670 67.616 67.564 73.511 75.453 33.376 0.000 0.000 0.000 0.000 0.000 0.000 0.000 0.000 0.000 0.000 0.000 11.664 19.585 74.406 91.299 92.208 92.158 91.386 98.387 90.218 91.895 91.585 91.521 91.442 91.371 89.304 71.231 42.108 0.000 0.000 0.000 0.000 0.000 0.000 0.000 0.000 0.000 41.396 45.356 48.306 49.252 48.194 45.132 41.067 35.008 0.000 0.000 0.000 0.000 0.000 43.519 41.485 44.446 65.408 78.373 77.341 78.312 81.287 77.265
70.114 72.061 71.014 72.971 74.932 73.895 72.855 70.809 68.762 68.715 69.668 65.620 65.574 0.000 0.000 0.000 0.000 0.000 0.000 0.000 0.000 0.000 0.000 0.000 0.000 60.743 83.686 82.584 91.490 92.379 92.506 90.609 98.553 92.310 91.917 91.794 91.712 91.636 91.569 87.512 67.471 0.000 0.000 0.000 0.000 0.000 0.000 0.000 0.000 0.000 48.787 43.639 40.554 42.489 47.432 49.379 49.331 50.290 41.263 0.000 0.000 0.000 0.000 0.000 44.468 42.452 58.427 79.400 77.373 77.347 77.324 78.303 77.286
58.192 58.140 59.093 66.050 75.010 80.972 68.933 62.893 57.853 55.813 54.773 60.727 39.651 0.000 0.000 0.000 0.000 0.000 0.000 0.000 0.000 0.000 0.000 0.000 0.000 66.878 82.832 90.756 92.669 92.637 91.766 98.847 98.706 94.326 92.133 91.974 91.898 91.822 91.756 86.703 61.672 0.000 0.000 0.000 0.000 0.000 0.000 0.000 0.000 49.057 43.934 43.820 43.733 42.664 39.607 44.559 48.522 49.498 46.490 0.000 0.000 0.000 0.000 47.424 41.433 45.426 73.411 77.392 77.371 77.351 77.332 77.316 77.303
57.265 57.215 61.169 66.126 68.087 71.049 61.013 56.978 57.944 57.912 59.884 37.863 0.000 0.000 0.000 0.000 0.000 0.000 0.000 0.000 0.000 0.000 0.000 0.000 0.000 53.059 82.007 91.937 92.835 92.965 91.074 98.977 91.870 93.546 92.227 92.163 92.076 91.999 91.930 82.874 55.840 0.000 0.000 0.000 0.000 0.000 0.000 0.000 48.292 44.179 44.072 43.975 43.894 43.827 43.772 40.730 39.701 42.689 49.709 49.797 0.000 0.000 0.000 41.414 42.415 60.409 77.399 76.385 76.369 77.354 77.339 77.326 77.316
57.334 57.285 59.241 60.199 58.161 57.125 58.092 57.061 57.032 57.008 61.989 6.977 0.000 0.000 0.000 0.000 0.000 0.000 0.000 0.000 0.000 0.000 0.000 0.000 4.428 61.293 90.203 93.120 93.089 92.219 99.213 99.099 94.867 92.569 92.425 92.336 92.249 92.167 93.090 73.022 60.975 0.000 0.000 47.894 0.000 47.664 49.620 49.537 44.404 44.297 44.200 44.114 44.040 43.977 43.926 43.887 42.861 39.851 48.859 49.885 42.885 0.000 0.000 49.404 41.403 49.398 55.390 58.379 62.367 68.355 74.344 76.334 76.326
58.399 58.352 58.309 58.269 58.233 57.199 57.168 57.141 57.117 56.099 64.086 15.080 0.000 0.000 0.000 0.000 0.000 0.000 0.000 0.000 0.000 0.000 0.000 0.000 45.563 81.480 92.394 93.284 93.424 91.516 99.316 92.316 93.992 92.676 92.602 92.508 92.418 92.330 93.242 65.150 43.063 0.000 0.000 43.894 0.000 42.707 44.660 44.586 44.493 44.402 44.318 44.242 44.174 44.116 44.068 44.031 42.006 43.993 49.993 46.999 0.000 0.000 0.000 48.396 47.394 46.389 45.383 44.375 43.365 47.356 58.347 54.339 56.333
56.460 56.415 56.374 56.337 56.302 56.270 56.242 57.217 59.197 61.183 36.176 3.177 0.000 0.000 0.000 0.000 0.000 0.000 0.000 3.799 12.791 0.000 0.000 15.922 56.781 87.674 93.571 93.560 92.587 99.495 99.410 95.305 93.012 92.864 92.771 92.677 92.584 92.492 88.397 35.274 0.000 0.000 0.000 43.894 49.875 44.798 44.727 44.653 44.577 44.502 44.429 44.360 44.298 44.244 44.199 44.163 41.138 50.124 50.119 46.119 0.000 0.000 0.000 47.390 46.387 47.383 47.378 47.371 47.364 47.357 46.349 46.343 45.338
57.517 57.475 60.436 64.401 67.368 71.338 73.311 76.289 75.271 67.260 5.259 16.275 40.328 8.352 0.000 0.000 0.000 0.000 0.000 43.808 70.783 10.743 0.000 50.064 82.964 92.856 93.755 93.685 92.908 99.569 91.740 93.427 93.111 93.036 92.939 92.845 92.750 93.657 80.582 0.000 0.000 0.000 0.000 23.913 43.932 44.883 46.798 46.723 44.662 44.600 44.535 44.473 44.415 44.363 44.320 41.285 46.260 49.245 50.239 41.241 0.000 0.000 0.000 31.386 52.382 52.378 49.374 46.368 46.362 47.357 48.351 48.346 47.342
59.571 58.532 65.496 74.462 75.430 74.402 73.377 72.355 69.338 63.328 38.326 55.335 73.357 42.376 26.396 2.404 0.000 0.000 14.880 53.841 67.789 6.703 25.540 67.305 92.156 95.039 93.879 94.091 92.067 99.631 93.724 93.439 93.291 93.200 93.107 93.013 92.914 94.802 38.692 0.000 0.000 0.000 0.000 0.000 40.058 46.004 26.860 26.777 43.748 44.699 44.640 44.581 44.525 44.475 43.432 41.398 50.372 50.356 47.352 41.364 47.413 0.000 0.000 0.000 63.377 78.375 71.370 67.366 63.361 59.356 62.352 62.348 45.345
59.622 59.586 62.552 65.520 64.491 62.463 60.438 58.417 56.399 56.387 65.381 67.382 64.390 61.399 65.408 13.412 0.000 0.000 54.919 84.887 35.829 31.741 65.613 89.458 94.325 94.180 94.297 92.252 99.714 92.127 93.841 93.528 93.457 93.364 93.275 93.187 96.091 52.947 0.000 0.000 0.000 0.000 0.000 0.000 42.237 47.215 0.000 0.000 40.856 44.807 44.746 44.685 44.628 44.579 41.536 49.501 50.475 49.456 40.448 44.449 44.462 0.000 0.000 0.000 31.375 61.372 79.368 78.364 78.360 78.356 78.353 72.350 62.347
59.671 59.639 59.607 58.577 58.548 59.521 59.497 59.474 57.455 58.439 63.428 66.422 62.421 57.422 60.424 15.424 0.000 0.000 46.991 56.958 34.900 67.818 82.713 91.592 94.475 94.405 93.502 100.081 99.852 93.116 93.844 93.702 93.614 93.527 93.443 93.368 96.317 0.000 0.000 11.681 20.681 0.000 0.000 43.534 46.440 45.403 52.423 1.329 41.011 44.929 44.851 44.784 44.726 42.676 44.633 50.597 50.568 42.547 43.533 44.525 44.523 0.000 0.000 0.000 0.000 0.000 61.364 77.361 77.358 77.355 77.353 78.351 78.349
59.721 59.691 59.661 59.632 59.604 59.577 59.552 58.529 57.507 61.488 65.471 65.458 60.450 56.445 61.441 14.437 0.000 0.000 43.096 12.055 58.994 82.918 88.826 94.731 94.580 94.788 92.777 100.287 92.533 94.244 93.931 93.862 93.771 93.685 93.602 100.525 84.492 0.000 7.681 57.681 43.681 0.000 0.000 38.629 46.584 45.534 45.481 51.373 49.187 48.046 44.946 44.873 44.815 41.766 49.722 50.686 46.655 41.631 44.611 44.595 46.582 50.593 0.000 0.000 0.000 0.000 0.000 74.358 77.356 77.355 77.353 78.351 76.350
59.771 59.742 59.714 59.686 59.658 59.632 58.607 57.582 59.558 63.533 66.509 62.489 57.476 56.467 59.459 41.446 28.417 29.355 25.241 26.171 66.105 87.032 92.953 94.841 94.979 92.968 100.646 100.474 93.536 94.249 94.103 94.013 93.925 93.841 98.755 41.638 56.633 26.670 57.680 65.682 0.000 0.000 0.000 37.770 46.731 45.671 45.592 55.478 66.315 40.124 50.012 45.949 42.897 44.849 50.805 49.768 40.736 43.709 44.687 44.662 31.616 32.605 0.000 0.000 0.000 0.000 0.000 55.356 76.355 77.354 77.353 81.352 77.351
59.822 59.794 59.766 59.739 59.712 59.686 57.660 57.635 61.608 68.578 69.542 65.515 60.497 58.487 58.482 60.472 60.449 69.406 10.343 44.284 82.222 89.155 95.082 95.047 94.177 100.954 100.805 93.889 94.669 94.331 94.258 94.162 94.076 93.997 101.939 0.000 39.734 41.697 31.687 33.685 0.000 0.000 0.236 40.951 46.898 45.826 51.739 67.630 44.473 0.000 31.027 44.014 41.974 49.927 50.883 46.844 43.811 44.784 44.764 46.751 0.000 0.000 0.000 0.000 0.000 0.000 47.355 28.355 67.354 77.353 77.353 82.352 77.351
59.873 59.846 59.818 59.791 59.765 58.739 57.714 59.689 66.662 43.629 19.567 18.531 15.510 45.503 62.511 57.510 60.500 41.479 3.442 49.397 87.344 93.291 95.177 95.418 93.440 101.091 94.220 94.996 94.564 94.505 94.400 94.306 94.217 95.135 93.064 15.009 14.871 0.000 0.000 0.000 0.000 0.000 40.330 48.182 46.084 44.996 64.909 68.830 0.000 0.000 1.145 40.105 46.057 51.004 50.955 40.913 44.879 44.853 44.835 47.826 0.000 0.000 0.000 0.000 0.000 0.000 26.355 0.000 55.353 77.353 77.352 83.352 77.351
59.924 59.897 59.870 59.843 58.817 57.791 59.767 62.744 70.723 29.707 0.000 0.000 0.000 0.000 44.548 59.557 60.564 46.566 48.550 74.518 91.477 95.400 95.572 93.592 101.333 101.217 95.198 94.892 94.742 94.638 94.540 94.445 94.352 97.261 82.173 11.091 0.000 0.000 0.000 0.000 0.000 1.689 40.480 47.364 46.259 44.164 72.072 32.951 0.000 0.000 46.325 51.226 51.146 51.078 49.021 43.975 44.940 44.914 44.898 46.892 0.000 50.985 2.985 0.000 0.000 0.000 0.000 0.000 48.353 77.352 77.352 77.352 77.351
59.975 59.948 59.921 59.895 58.869 57.843 61.818 65.797 69.780 27.770 0.000 0.000 0.000 0.000 24.576 67.605 62.634 68.670 81.673 90.651 94.611 95.616 94.765 101.538 101.439 94.532 95.306 94.962 94.878 94.773 94.676 94.581 98.486 61.383 33.278 0.000 0.000 0.000 0.000 0.000 2.967 42.845 47.672 46.535 48.423 45.331 69.263 0.000 0.000 41.642 48.470 64.330 53.222 50.139 46.076 44.027 43.990 44.965 44.951 44.951 49.975 45.985 36.985 0.000 0.000 0.000 44.352 46.352 45.352 77.352 77.352 77.352 77.351
60.024 59.999 59.973 59.946 57.920 59.893 65.867 66.845 64.828 51.824 12.841 0.000 0.000 0.000 0.000 20.651 16.698 56.808 87.822 91.801 95.740 95.908 94.031 101.627 93.841 95.619 95.183 95.117 97.004 95.903 94.808 94.719 100.628 23.505 0.000 0.000 0.000 0.000 0.000 24.195 63.089 62.971 50.829 47.680 58.567 53.473 54.386 15.300 3.126 39.814 44.584 55.400 51.273 55.182 49.115 52.066 51.029 48.004 44.990 43.985 43.991 49.994 0.000 0.000 0.000 0.000 41.352 41.352 51.352 77.352 77.352 77.351 77.351
