results4_8e4_rain/res_4e8f-0225.wd
ncols         241
nrows         181
xllcorner     12693529.787448
yllcorner     3542525.717860
cellsize      155.156523
NODATA_value  -9999.000000
[rows 33 to 65 of 181, columns 73 to 145 of 241]
0.000 0.000 0.000 0.000 0.000 0.000 0.000 0.000 0.000 0.000 0.000 0.000 0.000 0.000 0.000 0.000 0.000 0.000 0.000 0.000 0.000 0.000 0.000 0.000 0.000 0.000 0.000 0.000 0.000 0.000 0.000 0.000 0.000 0.000 0.000 0.000 0.000 0.000 0.000 39.957 62.958 67.960 23.962 0.000 0.000 33.038 47.066 14.045 5.045 37.066 40.082 34.079 35.060 36.024 35.969 35.896 35.802 34.684 40.529 60.290 6.803 14.910 12.184 47.338 63.794 68.322 66.881 67.482 66.016 68.100 63.154 62.763 62.752
0.000 0.000 0.000 0.000 0.000 0.000 0.000 0.000 0.000 0.000 0.000 0.000 0.000 0.000 0.000 0.000 0.000 0.000 0.000 0.000 0.000 0.000 0.000 0.000 0.000 0.000 0.000 0.000 0.000 0.000 0.000 0.000 0.000 0.000 0.000 0.000 0.000 0.000 0.000 0.000 14.959 9.959 0.000 0.000 0.000 0.000 29.158 0.000 0.000 27.107 51.148 50.152 40.135 36.098 36.040 35.961 35.859 34.738 56.602 54.446 0.000 37.742 50.305 63.729 68.208 67.728 67.298 66.804 67.863 63.880 63.180 63.432 65.732
0.000 0.000 0.000 0.000 0.000 0.000 0.000 0.000 0.000 0.000 0.000 0.000 0.000 0.000 0.000 0.000 0.000 0.000 35.373 67.373 20.373 0.000 0.000 0.000 0.000 0.000 0.000 0.000 0.000 0.000 0.000 0.000 0.000 0.000 0.000 0.000 0.000 0.000 0.000 0.000 0.000 0.000 0.000 0.000 0.000 0.000 21.250 0.000 0.000 0.000 29.252 47.246 47.229 38.193 36.134 36.047 33.935 49.807 58.693 0.000 23.403 48.012 62.565 69.067 68.573 68.117 67.596 69.627 65.613 63.724 64.121 66.445 65.689
0.000 0.000 0.000 0.000 0.000 0.000 0.000 0.000 0.000 0.000 0.000 22.375 60.375 0.375 0.000 0.000 0.000 0.000 42.373 93.373 49.373 0.000 0.000 0.000 0.000 0.000 0.000 0.000 0.000 0.000 0.000 0.000 0.000 0.000 0.000 0.000 0.000 0.000 0.000 0.000 0.000 0.000 0.000 0.000 0.000 0.000 24.341 25.382 32.400 18.398 28.361 36.352 49.341 40.312 36.254 33.160 44.028 53.862 42.672 18.327 47.794 65.337 69.877 69.397 68.932 68.391 68.395 67.356 64.379 64.826 67.163 66.415 66.179
0.000 0.000 0.000 0.000 0.000 0.000 0.000 0.000 0.000 0.000 0.000 43.375 78.375 67.375 54.375 9.374 3.374 27.374 81.373 89.373 54.372 0.000 0.000 0.000 0.000 23.429 2.429 0.000 0.000 0.000 0.000 0.000 0.000 0.000 0.000 0.000 0.000 7.430 0.000 0.000 0.000 11.428 29.428 0.000 0.000 40.405 55.392 58.405 56.420 42.433 36.442 35.460 49.471 40.460 32.411 46.310 60.154 47.940 35.804 50.517 55.107 67.666 70.203 69.741 69.188 69.167 67.111 65.143 65.548 67.894 67.153 66.922 66.588
0.000 0.000 0.000 0.000 0.000 0.000 0.000 0.000 0.000 0.000 0.000 14.375 76.375 59.375 40.375 2.374 23.374 73.374 84.373 91.372 50.372 0.000 0.000 0.000 0.429 61.429 45.429 0.000 0.000 0.000 0.000 0.000 0.000 0.000 0.000 0.430 24.430 36.430 38.430 0.000 0.000 20.428 45.428 24.426 38.424 61.418 64.416 65.426 62.444 49.471 36.514 33.575 50.624 41.646 45.620 63.514 57.340 0.000 34.086 52.830 65.453 71.015 70.558 69.998 69.953 67.886 66.034 66.292 68.640 67.910 67.686 67.353 67.019
0.000 0.000 0.000 0.000 0.000 0.000 0.000 0.000 0.000 0.000 0.000 0.000 0.000 27.375 65.375 61.375 49.374 62.374 82.373 93.372 46.371 0.000 0.000 0.000 0.000 23.429 47.429 49.429 0.000 0.000 0.000 0.000 0.000 0.000 0.000 0.000 40.430 41.430 53.430 36.430 25.429 39.429 40.428 36.428 43.427 50.426 48.429 41.439 60.458 26.493 42.569 45.701 35.804 47.881 60.909 57.788 0.334 9.036 45.624 62.264 70.860 71.397 70.845 70.770 67.698 67.091 67.065 69.405 68.686 68.473 68.148 67.815 67.456
0.000 0.000 0.000 0.000 0.000 0.000 0.000 0.000 0.000 0.000 0.000 0.000 0.000 17.375 84.375 79.375 69.375 59.375 83.373 91.372 86.369 71.365 26.363 0.000 0.000 0.000 3.429 57.429 41.429 39.429 50.429 45.429 8.429 0.000 0.000 4.430 40.430 39.430 60.430 66.430 55.430 47.429 39.429 36.429 37.430 38.431 37.435 35.442 43.455 4.474 0.000 4.855 41.009 64.164 62.346 1.635 7.726 45.442 59.109 68.753 72.292 71.853 72.630 68.583 68.390 67.885 70.195 69.482 69.276 68.965 68.649 68.299 67.908
0.000 0.000 0.000 0.000 0.000 0.000 0.000 0.000 0.000 0.000 0.000 0.000 0.000 0.000 17.376 56.376 31.376 67.376 86.374 91.372 89.368 87.364 76.360 35.357 0.357 0.000 0.000 13.429 52.429 52.429 65.429 63.429 56.430 51.430 0.000 0.000 7.430 44.430 63.430 70.430 62.430 46.430 35.430 36.431 36.432 36.434 36.437 36.441 40.446 0.000 0.000 0.000 11.215 48.420 17.882 15.147 50.087 54.894 66.638 73.245 73.099 71.340 69.670 70.058 68.788 71.030 70.307 70.094 69.791 69.495 69.179 68.824 68.393
0.000 0.000 0.000 0.000 0.000 0.000 0.000 0.000 0.000 0.000 0.000 0.000 0.000 0.000 0.000 2.377 88.378 88.378 90.377 90.373 89.368 83.362 77.357 48.354 0.000 0.000 0.000 0.000 0.000 20.429 65.429 59.429 74.430 71.430 50.430 29.430 30.430 39.430 61.430 70.430 61.430 44.430 34.431 39.432 38.433 36.435 36.437 36.440 37.442 29.441 0.000 0.000 0.000 0.000 9.613 52.649 55.578 63.435 74.159 74.272 72.634 74.528 72.292 69.831 71.942 71.179 70.937 70.620 70.328 70.039 69.747 69.425 67.989
0.000 0.000 0.000 0.000 0.000 0.000 23.353 46.350 0.000 24.291 64.281 53.268 57.257 32.251 0.000 0.000 24.380 96.381 90.381 87.377 84.369 87.360 78.352 41.347 0.000 0.000 0.000 0.000 0.000 0.000 0.000 9.430 63.430 64.430 15.430 0.000 6.430 43.430 61.430 66.430 56.430 47.431 45.431 7.432 14.434 42.436 36.437 36.439 37.440 43.440 51.440 13.440 0.000 0.000 25.308 58.260 62.153 72.963 75.178 74.810 78.087 76.668 71.173 72.981 72.128 71.821 71.465 71.151 70.858 70.588 70.346 70.141 75.996
0.000 0.000 0.000 0.000 0.000 0.000 23.356 66.347 8.327 58.302 60.283 72.266 55.253 40.244 0.000 0.000 12.382 81.384 93.389 90.384 90.372 91.357 85.344 39.335 0.000 0.000 0.000 0.000 0.000 0.000 0.000 0.000 0.000 48.430 7.430 0.000 2.430 49.430 46.430 58.430 15.430 0.000 0.000 0.000 0.000 8.437 46.438 40.439 3.440 33.440 67.440 50.440 3.440 0.000 30.060 63.899 72.801 75.922 75.678 79.847 79.101 72.528 74.097 73.148 72.754 72.340 71.982 71.657 71.365 71.110 70.908 70.795 75.859
21.618 65.612 55.606 0.000 0.000 0.000 17.367 77.355 53.332 55.306 61.282 85.261 86.244 81.229 35.215 0.000 0.000 0.000 41.408 95.397 90.378 91.354 88.330 47.314 0.000 0.000 0.000 0.000 0.000 0.000 0.000 0.000 0.000 6.430 0.000 0.000 0.000 0.000 0.000 0.000 0.000 0.000 0.000 0.000 0.000 0.000 0.000 21.439 18.439 0.000 0.000 0.000 0.000 19.473 56.889 73.842 75.518 76.451 80.798 80.402 73.557 75.119 74.159 73.706 73.236 72.830 72.462 72.130 71.834 71.578 71.380 71.274 74.337
21.619 77.611 59.601 55.590 0.000 0.000 4.392 69.373 71.341 71.309 83.278 80.253 92.231 91.213 52.201 0.000 0.000 0.000 17.439 97.419 90.387 91.349 88.310 48.277 0.000 0.000 8.839 56.801 68.760 37.732 0.000 0.000 0.000 0.000 0.000 0.000 0.000 0.000 0.000 0.000 0.000 0.000 0.000 0.000 0.000 0.000 0.000 0.000 6.439 0.000 0.000 0.000 17.438 57.945 74.905 75.488 81.717 81.207 74.827 75.391 75.895 75.080 74.616 74.122 73.681 73.276 72.906 72.568 72.262 71.990 71.760 78.582 19.460
85.622 82.611 61.597 62.578 54.548 1.505 59.435 54.403 62.351 75.310 79.269 90.241 91.216 90.192 59.174 0.000 0.000 0.000 16.489 96.453 90.403 91.346 86.283 66.207 50.089 50.981 50.877 58.805 79.746 46.704 0.000 0.000 0.000 0.000 0.000 0.000 0.000 0.000 0.000 0.000 0.000 0.000 0.000 0.000 0.000 0.000 0.000 0.000 0.000 0.000 15.528 46.305 55.813 74.800 76.390 83.053 82.462 75.376 77.098 76.435 75.896 75.443 74.962 74.511 74.086 73.689 73.319 72.975 72.655 72.360 79.088 24.835 0.000
82.627 77.615 75.599 58.578 62.548 62.513 53.474 46.452 0.000 0.000 21.248 80.226 91.198 89.167 74.128 41.074 0.000 3.664 65.575 86.501 91.427 90.350 91.268 81.180 57.079 53.978 52.881 61.796 79.716 62.634 48.520 49.431 53.365 64.324 28.308 0.000 0.000 0.000 0.000 0.000 0.000 0.000 0.000 0.000 0.000 0.000 0.000 0.000 0.000 0.000 26.728 66.568 74.515 77.163 83.933 83.536 76.098 77.770 76.994 76.625 76.187 75.739 75.298 74.871 74.462 74.074 73.706 73.357 73.024 78.706 25.397 0.000 0.000
71.635 23.622 91.606 62.585 56.552 57.523 59.497 59.480 48.478 0.000 0.000 1.212 25.184 96.149 86.097 64.020 55.896 62.753 61.645 63.549 71.453 72.357 59.261 56.166 54.068 53.970 52.874 61.781 76.689 55.595 52.495 57.407 73.340 76.300 61.292 35.292 0.000 0.000 0.000 0.000 0.000 0.000 0.000 0.000 0.000 0.000 0.000 0.000 0.000 17.567 59.412 75.024 77.865 84.500 84.254 76.794 78.440 77.658 77.304 76.878 76.458 76.036 75.619 75.212 74.819 74.439 74.074 73.722 79.379 25.042 0.000 0.000 0.000
17.643 90.631 91.618 77.606 0.000 4.531 64.512 60.492 71.475 62.458 0.000 1.224 4.190 84.148 81.090 66.014 56.916 53.807 53.703 56.598 69.479 77.364 80.253 73.154 63.058 55.962 54.864 70.765 73.664 48.562 52.459 52.364 53.287 57.244 36.268 0.000 0.000 0.000 6.816 0.000 0.000 0.000 0.000 0.000 0.000 0.000 0.000 20.791 52.460 60.316 73.830 85.161 84.777 77.845 78.442 79.011 78.323 77.962 77.543 77.138 76.732 76.329 75.930 75.541 75.161 74.791 75.430 82.077 25.728 0.000 0.000 0.000 0.000
95.652 91.642 91.630 91.615 78.593 61.557 61.528 61.501 52.474 1.434 18.341 25.280 77.220 74.164 77.102 70.029 70.946 70.856 70.763 73.660 68.501 68.365 70.234 74.140 75.048 72.954 68.855 79.750 77.642 65.529 66.415 66.302 68.199 43.121 0.000 0.000 0.000 0.000 7.816 0.000 0.000 0.000 0.000 0.000 0.000 7.675 55.450 56.012 77.024 77.579 86.222 85.745 80.332 80.050 79.440 78.975 78.599 78.190 77.792 77.396 77.004 76.615 76.233 75.859 75.492 76.133 79.779 12.428 0.000 0.000 0.000 0.000 0.000
94.661 90.653 90.644 91.630 88.607 66.576 60.543 61.509 62.472 54.425 3.363 69.304 66.245 67.186 68.124 63.056 66.982 71.907 79.835 64.776 0.000 0.301 15.180 73.121 69.041 68.951 68.850 68.741 68.623 68.499 68.368 68.232 66.086 60.920 33.700 0.000 9.332 53.112 59.816 71.513 41.278 0.000 0.000 0.000 1.557 56.877 67.657 79.578 80.212 86.956 86.621 80.980 80.659 79.925 79.598 79.210 78.816 78.425 78.037 77.652 77.271 76.896 76.528 76.169 76.817 79.469 27.124 0.000 0.000 0.000 0.000 0.000 0.000
80.668 80.667 80.665 91.652 91.629 81.597 57.559 60.520 61.480 61.435 67.383 76.328 60.270 57.212 55.151 62.087 77.021 75.955 60.893 40.834 0.000 0.000 0.000 1.131 58.042 52.959 52.856 52.739 52.611 53.474 56.329 57.171 56.992 55.774 56.479 55.028 54.552 63.189 69.822 67.444 74.043 71.506 65.998 63.485 65.855 77.505 81.028 80.821 87.449 87.232 81.617 81.273 80.525 80.200 79.807 79.423 79.039 78.656 78.278 77.903 77.532 77.168 76.816 77.473 78.137 16.803 0.000 0.000 0.000 0.000 0.000 0.000 0.000
0.000 46.681 58.695 86.686 90.661 71.624 54.576 53.531 61.492 61.452 60.407 54.354 55.296 61.240 78.183 77.121 60.058 53.000 42.946 0.000 62.508 71.446 67.350 68.227 71.100 73.989 72.874 73.747 76.607 75.458 72.301 74.131 68.937 54.704 58.415 57.053 61.660 79.269 85.840 82.400 75.943 70.475 72.021 78.487 83.341 81.782 88.052 87.704 81.602 83.212 81.799 81.139 80.800 80.404 80.020 79.637 79.258 78.884 78.515 78.149 77.786 78.429 76.093 71.771 23.454 0.000 0.000 0.000 0.000 0.000 0.000 0.000 0.510
0.000 0.000 51.749 70.735 81.707 56.659 48.591 55.538 53.504 60.474 61.438 61.387 54.318 71.271 63.218 52.156 55.092 47.039 0.000 71.659 74.570 74.480 76.377 77.262 80.141 84.024 82.904 82.770 82.612 84.449 85.288 83.115 70.920 56.692 58.424 58.110 57.764 60.389 33.867 6.373 95.851 137.452 114.986 80.920 82.440 89.014 88.577 82.048 84.778 82.194 81.752 81.395 81.001 80.616 80.231 79.848 79.473 79.107 78.749 78.394 80.033 74.668 63.358 18.064 0.000 0.000 0.000 0.000 0.000 0.000 0.000 0.754 47.615
3.989 0.000 6.817 27.797 62.772 44.716 0.000 50.525 55.513 55.501 61.486 50.436 0.000 55.310 53.260 55.192 56.115 66.026 79.901 76.749 78.632 84.526 94.418 138.303 135.178 135.061 134.947 134.818 135.623 119.437 51.286 54.122 51.935 59.721 58.477 55.201 52.896 34.655 0.000 0.000 4.656 62.363 79.373 83.968 89.704 89.386 81.645 83.347 82.647 82.344 81.977 81.596 81.213 80.827 80.438 80.052 79.677 79.321 79.981 78.646 70.284 58.852 16.605 0.000 0.000 0.000 0.000 0.000 0.000 0.000 3.914 38.848 59.731
77.989 25.965 14.906 77.864 55.869 0.000 0.000 0.000 49.521 62.530 54.568 0.000 7.484 63.398 54.321 65.239 78.149 78.047 82.930 85.802 78.684 64.573 55.465 51.353 49.209 52.095 53.004 39.933 0.000 56.393 53.295 52.152 55.978 59.778 56.563 48.319 54.965 35.680 0.000 1.944 57.671 74.675 84.395 90.197 89.976 82.227 83.915 83.212 82.920 82.552 82.185 81.809 81.427 81.039 80.644 80.243 79.864 80.518 76.209 64.924 21.604 0.000 0.000 0.000 0.000 0.000 0.000 0.000 0.000 0.000 6.979 56.917 55.829
88.008 95.998 83.979 0.950 12.972 7.082 2.118 1.122 0.000 0.000 58.688 56.666 64.569 61.477 61.388 61.294 78.194 92.085 80.968 60.847 58.729 53.617 55.516 46.436 0.000 58.105 55.040 43.978 0.000 57.446 52.351 53.213 60.045 57.853 55.677 37.547 0.000 2.151 54.381 52.127 68.912 84.819 90.475 83.160 83.727 84.388 83.785 83.492 83.130 82.772 82.404 82.027 81.645 81.259 80.855 81.414 81.017 70.679 55.412 18.238 0.000 0.000 0.000 0.000 0.000 0.000 0.000 5.378 32.330 31.242 46.106 58.012 45.926
78.036 82.042 72.043 0.000 0.000 72.157 65.151 59.126 3.066 10.970 76.829 73.742 60.649 61.555 61.458 62.356 83.247 135.132 128.011 74.888 129.767 50.652 54.544 54.440 56.322 54.182 54.073 53.960 55.800 51.594 51.449 60.306 59.136 55.911 50.745 39.646 0.000 0.913 56.418 63.230 85.222 84.099 90.831 84.205 84.792 84.342 84.053 83.708 83.360 83.000 82.630 82.252 81.869 81.495 83.103 78.542 60.110 46.770 48.520 14.379 0.000 0.000 0.000 0.000 0.000 0.000 0.000 5.426 41.371 46.289 60.190 54.100 44.017
74.067 69.088 13.109 0.000 3.278 55.236 64.205 61.163 79.100 73.016 77.915 85.824 76.731 61.635 61.533 61.425 60.308 54.184 49.055 53.926 50.800 54.681 54.568 54.458 54.344 54.226 54.112 53.990 52.845 57.681 59.545 60.426 44.281 0.000 43.745 0.000 0.000 0.910 60.574 82.480 86.476 91.809 91.353 84.296 84.949 84.592 84.279 83.946 83.598 83.237 82.866 82.481 82.083 80.749 42.520 0.000 0.000 0.000 0.000 0.000 0.000 0.000 0.000 37.849 32.810 31.744 30.653 34.528 43.439 59.354 53.266 44.182 54.102
66.095 57.136 62.196 7.295 60.320 56.305 55.271 73.221 66.156 82.079 90.993 70.906 56.816 54.720 57.615 60.501 61.376 61.241 54.100 52.960 53.827 53.704 54.589 54.479 54.372 59.265 56.158 53.043 53.910 56.738 60.625 49.572 0.000 0.000 0.000 0.000 16.213 136.089 79.826 86.850 84.819 92.213 84.113 86.633 88.117 84.845 84.529 84.198 83.849 83.484 84.116 80.722 68.234 58.897 16.709 0.000 0.000 0.000 0.000 0.000 0.000 0.000 39.932 39.888 39.836 40.769 40.687 41.592 55.505 55.421 39.338 42.258 44.182
41.112 42.163 36.243 60.369 56.403 55.392 66.352 70.294 81.225 88.150 54.072 52.992 53.907 55.813 54.708 51.589 59.454 60.304 61.143 59.986 53.845 52.718 51.604 52.498 58.399 117.305 85.212 65.115 48.012 0.000 62.645 70.664 0.000 0.000 0.000 0.000 60.339 71.232 88.117 86.152 92.918 92.579 85.202 85.732 86.399 85.106 84.796 84.467 84.116 84.733 83.393 36.058 0.000 0.000 0.000 0.000 0.000 0.000 0.000 0.000 0.000 0.101 46.977 42.935 39.878 40.810 38.733 50.650 57.568 41.487 42.408 50.331 48.258
0.000 0.000 0.000 53.535 56.533 58.506 79.453 90.377 104.299 86.225 15.154 72.083 72.006 55.918 55.814 54.692 52.547 55.377 61.182 58.998 59.847 61.720 59.609 57.511 53.423 48.343 53.269 48.192 0.000 0.000 0.000 56.777 48.805 0.000 0.000 2.735 70.573 87.418 87.491 85.506 93.227 84.922 87.425 88.932 85.676 85.386 85.082 84.759 84.416 81.938 36.666 0.000 0.000 0.000 0.000 0.000 0.000 0.000 0.000 0.000 0.000 46.142 16.062 3.997 47.930 37.860 48.785 60.707 48.629 43.551 48.475 52.401 45.330
0.000 0.000 0.000 51.703 57.687 73.647 84.575 132.464 126.368 128.295 134.237 130.180 131.116 56.037 55.940 54.818 54.665 53.475 48.212 57.977 59.825 60.706 58.603 60.514 60.437 61.374 54.330 0.000 0.000 0.000 0.051 57.861 42.833 0.000 0.196 61.885 83.778 87.734 86.723 93.790 93.516 85.979 86.527 87.218 85.956 85.681 85.387 86.070 60.851 0.000 0.000 0.000 0.000 0.000 0.000 0.000 0.000 0.000 58.463 47.413 37.333 41.222 41.134 42.059 41.987 44.914 57.840 54.765 49.689 50.614 48.541 46.469 42.399
17.943 0.000 0.000 52.887 69.865 77.820 83.735 54.538 53.414 52.352 49.317 50.286 50.240 56.176 56.089 71.974 71.820 47.648 0.000 44.873 57.770 59.675 57.582 59.505 59.439 60.385 56.348 0.283 1.187 2.140 56.086 40.973 0.000 0.000 63.286 72.133 89.012 87.925 87.108 94.046 85.652 88.181 90.719 86.496 86.248 85.997 84.714 72.284 31.068 0.000 0.000 0.000 0.000 0.000 44.717 39.695 39.654 39.595 43.513 55.443 58.365 44.277 39.195 41.118 43.043 57.970 56.896 42.823 51.749 52.676 51.604 44.534 40.465
