results4_8e4_rain/res_4e8f-0042.wd
ncols         241
nrows         181
xllcorner     12693529.787448
yllcorner     3542525.717860
cellsize      155.156523
NODATA_value  -9999.000000
[rows 99 to 131 of 181, columns 0 to 73 of 241]
0.000 0.000 0.000 0.000 0.000 43.196 83.194 85.189 76.181 71.180 0.000 0.000 0.000 0.000 0.000 0.000 0.000 51.117 48.117 0.000 0.000 0.000 0.000 46.043 45.041 0.000 0.000 0.000 0.000 0.000 0.000 0.000 0.000 0.000 1.984 47.983 43.980 42.973 43.963 44.950 57.933 46.913 50.892 42.873 44.855 42.835 43.814 48.792 49.768 47.744 51.719 44.693 44.667 46.641 49.615 63.586 64.561 49.533 35.518 0.000 0.000 0.000 0.000 0.000 14.263 69.263 66.264 53.266 28.268 23.272 67.277 44.284 46.294 46.307
0.000 0.000 0.000 0.000 0.000 44.206 84.205 84.204 0.000 0.000 0.000 0.000 0.000 0.000 0.000 0.000 0.000 62.119 51.118 0.000 0.000 0.000 49.066 48.056 52.052 0.000 0.000 0.000 0.000 54.050 46.050 0.000 0.000 0.000 61.007 71.006 57.003 49.998 43.990 45.979 64.965 49.946 55.916 55.901 46.885 61.866 53.845 54.822 44.797 52.772 52.746 50.719 44.692 45.666 49.639 46.602 8.581 0.000 0.000 0.000 0.000 0.000 0.000 17.262 54.263 66.263 73.264 63.266 39.269 40.273 54.278 45.285 46.294 46.306
0.000 0.000 0.000 0.000 0.000 31.219 80.218 89.218 0.000 0.000 0.000 0.000 0.000 0.000 0.000 0.000 0.000 69.122 50.119 51.112 53.102 50.090 47.076 48.066 46.058 0.000 0.000 0.000 0.000 47.050 47.051 48.051 47.049 47.044 46.032 56.030 65.028 12.026 76.020 66.012 71.002 55.989 0.943 71.932 69.918 68.899 72.878 61.853 44.828 47.801 52.773 52.745 49.718 45.691 34.673 0.000 0.000 0.000 0.000 0.000 0.000 0.000 0.000 27.262 54.263 54.263 65.264 64.266 47.269 47.273 46.278 46.284 46.293 46.303
57.270 60.270 0.000 0.000 0.000 41.232 80.231 85.232 95.238 0.230 0.000 0.000 0.000 0.000 0.000 0.000 0.000 6.129 54.124 51.116 69.105 83.094 58.083 43.074 0.000 0.000 0.000 0.000 0.000 0.000 46.052 47.055 47.053 47.050 47.049 46.054 46.056 45.056 46.054 51.049 63.042 57.035 0.008 71.972 72.957 50.937 57.913 74.887 68.860 55.831 45.802 51.773 52.742 55.707 40.690 0.000 0.000 0.000 0.000 0.000 0.000 0.000 0.000 0.000 5.263 51.263 48.264 48.266 46.268 46.271 46.276 46.282 46.290 45.299
71.272 54.271 54.269 56.265 58.258 77.248 85.244 85.243 85.245 87.248 61.249 0.238 0.000 49.165 56.165 57.161 19.154 14.142 77.134 85.125 80.109 76.097 59.090 0.000 0.000 0.000 0.000 0.000 0.000 0.000 0.000 47.063 46.057 45.056 46.062 47.080 47.087 47.090 47.090 48.087 67.082 62.074 45.067 47.028 58.002 68.977 45.952 57.924 58.894 51.862 71.831 54.801 46.771 0.000 0.000 0.000 0.000 0.000 0.000 0.000 0.000 0.000 0.000 0.000 0.000 51.263 46.263 46.265 46.267 46.270 46.274 44.279 42.285 44.293
86.274 76.274 57.271 61.268 79.263 85.257 85.254 85.252 85.251 80.252 52.252 58.252 0.000 40.166 75.168 83.166 83.160 67.152 82.146 89.140 0.000 0.000 0.000 0.000 0.000 0.000 0.000 0.000 0.000 0.000 0.000 47.077 0.000 0.000 0.000 48.118 47.123 47.127 47.130 48.129 64.124 69.114 46.099 47.073 47.046 65.020 65.992 43.963 51.930 70.892 62.860 40.831 0.000 0.000 0.000 0.000 0.000 0.000 0.000 0.000 0.000 0.000 0.000 0.000 0.000 51.262 46.263 46.264 46.265 45.267 44.270 49.275 50.280 51.287
86.279 86.278 81.276 84.274 85.270 85.266 85.263 85.260 85.258 81.256 56.255 73.253 0.000 0.000 53.178 77.174 85.169 86.163 85.157 90.152 0.000 0.000 0.000 0.000 0.000 0.000 0.000 0.000 0.000 0.000 0.000 47.092 0.000 0.000 49.154 47.152 47.158 47.167 47.175 47.177 64.172 69.160 46.142 47.118 47.091 48.064 69.036 63.006 69.971 59.917 40.888 0.000 0.000 0.000 0.000 0.000 0.000 0.000 0.000 0.000 0.000 0.000 0.000 0.000 49.261 46.261 46.262 46.262 46.263 45.264 47.266 51.269 52.274 52.280
84.285 85.285 85.283 85.281 85.278 85.275 85.272 85.269 85.265 86.262 81.258 88.254 12.250 0.000 41.191 60.186 83.180 85.173 86.167 74.159 0.000 0.000 0.000 0.000 0.000 0.000 0.000 0.000 0.000 0.000 0.000 41.107 46.123 46.140 45.157 47.178 47.192 47.209 47.225 47.232 64.227 69.213 46.191 47.165 47.137 47.110 52.082 75.055 55.030 0.000 0.000 0.000 0.000 0.000 0.000 0.000 0.000 0.000 0.000 0.000 0.000 0.000 0.000 0.000 2.261 53.261 49.261 50.261 48.261 44.259 51.260 52.264 50.268 50.273
81.293 86.293 85.292 85.290 85.287 85.285 85.281 85.278 85.274 85.269 86.263 79.256 63.247 54.231 48.210 75.199 85.191 85.185 90.181 0.000 0.000 0.000 0.000 0.000 0.000 0.000 0.000 0.000 0.000 0.000 0.000 0.000 0.000 0.000 0.000 47.210 47.225 47.252 47.285 47.298 63.292 70.273 47.246 47.215 47.184 47.155 47.129 53.102 6.066 0.000 0.000 0.000 0.000 0.000 0.000 0.000 0.000 0.000 0.000 0.000 0.000 0.000 0.000 0.000 0.000 0.000 0.000 0.000 0.000 53.251 51.254 52.257 49.261 44.265
81.303 86.302 85.301 85.300 85.298 85.296 85.292 85.289 85.284 85.278 86.271 71.261 50.250 49.236 58.222 82.210 85.201 85.195 91.191 0.000 0.000 0.000 0.000 0.000 0.000 0.000 0.000 0.000 0.000 0.000 0.000 0.000 0.000 0.000 0.000 43.228 47.247 44.288 47.366 47.384 66.372 70.343 47.305 47.265 47.229 47.199 47.175 44.160 0.000 0.000 0.000 0.000 0.000 0.000 0.000 0.000 0.000 0.000 0.000 0.000 0.000 45.189 0.000 0.000 0.000 0.000 0.000 0.000 49.236 50.242 52.246 52.250 49.254 45.258
84.314 85.313 85.313 85.312 85.310 85.308 85.305 85.301 85.296 85.289 85.280 82.270 59.257 60.244 77.230 84.219 85.210 85.203 92.199 9.200 0.000 0.000 0.000 0.000 0.000 0.000 0.000 0.000 0.000 0.000 0.000 0.000 0.000 0.000 0.000 0.000 43.246 0.000 46.509 47.499 75.469 62.422 47.366 47.313 47.269 60.237 50.215 45.203 0.000 0.000 0.000 0.000 0.000 0.000 0.000 0.000 0.000 0.000 0.000 0.000 0.000 56.189 41.189 0.000 0.000 0.000 0.000 50.224 53.230 52.235 49.240 45.244 45.247 43.251
85.325 85.325 85.325 85.325 85.324 85.322 85.319 85.315 85.310 85.303 85.293 85.281 87.266 87.252 86.238 85.226 85.217 87.210 76.203 19.201 0.000 0.000 0.000 0.000 0.000 0.000 0.000 0.000 0.000 0.000 0.000 0.000 0.000 0.000 0.000 0.000 0.000 0.000 46.662 47.635 81.585 50.511 47.424 47.351 59.299 68.265 47.244 47.235 46.242 0.000 0.000 0.000 0.000 0.000 0.000 0.000 0.000 0.000 0.000 0.000 0.000 52.189 53.190 40.192 0.000 46.208 48.212 52.219 51.225 49.230 48.234 44.238 52.241 55.244
84.338 83.338 85.339 85.339 85.339 85.338 85.336 85.332 85.327 85.320 85.309 85.295 85.277 85.259 85.244 85.232 86.223 69.218 0.000 0.000 46.195 60.193 6.192 0.000 0.000 0.000 0.000 0.000 0.000 0.000 0.000 0.000 0.000 0.000 0.000 0.000 0.000 0.000 42.842 53.796 76.723 47.615 44.468 47.367 47.313 47.281 47.261 47.251 47.249 44.249 0.000 0.000 0.000 0.000 0.000 0.000 0.000 0.000 0.000 0.000 0.000 47.189 43.191 49.193 44.198 52.205 52.210 51.216 47.221 50.225 45.229 44.232 44.235 37.239
74.351 74.352 83.354 85.355 85.356 85.355 85.354 85.352 85.348 85.341 85.330 86.313 87.288 85.266 85.249 85.236 85.227 7.221 0.000 46.200 56.197 66.194 65.192 58.191 50.190 0.000 0.000 0.000 0.000 0.000 0.000 0.000 0.000 0.000 0.000 47.338 50.304 50.225 47.069 45.984 54.899 42.756 0.000 43.336 47.307 47.284 47.269 47.260 46.257 0.000 0.000 0.000 0.000 0.000 0.000 0.000 49.179 60.180 0.000 0.000 48.187 46.188 46.190 43.193 51.197 52.202 52.208 49.213 52.218 52.222 50.225 45.227 34.229 0.000
56.364 61.367 80.370 86.373 85.374 85.374 85.375 85.374 85.372 85.367 87.357 73.339 69.298 84.267 89.249 86.236 81.227 63.220 66.213 72.205 66.199 67.195 46.192 39.191 0.000 0.000 0.000 0.000 0.000 0.000 0.000 0.000 0.000 0.000 38.372 44.373 47.350 47.301 47.227 47.171 49.132 0.000 0.000 0.000 42.293 47.280 47.270 47.264 47.261 0.000 0.000 0.000 0.000 0.000 0.000 9.179 66.180 48.180 46.181 46.183 46.185 46.187 44.189 49.192 52.196 52.201 48.205 52.212 52.217 51.220 45.222 46.224 36.225 0.000
40.375 55.380 74.388 87.393 88.394 88.394 86.398 85.400 86.400 85.398 86.395 24.390 0.000 43.256 61.246 82.234 89.226 87.220 87.214 73.209 0.000 0.000 0.000 0.000 0.000 0.000 0.000 0.000 0.000 0.000 0.000 0.000 0.000 0.000 0.000 43.432 47.424 45.401 46.369 48.342 49.327 0.000 0.000 0.000 0.000 40.274 47.269 47.265 44.263 0.000 0.000 0.000 0.000 0.000 0.000 0.000 8.180 62.181 45.182 45.183 46.185 45.186 45.188 51.191 52.194 50.199 38.202 0.000 56.217 50.219 50.220 50.221 36.222 0.000
4.383 26.391 59.411 65.417 59.415 61.410 78.423 86.428 82.430 75.432 74.434 9.437 0.000 0.000 0.000 19.229 54.225 80.219 87.217 0.000 0.000 0.000 0.000 0.000 0.000 0.000 0.000 0.000 0.000 34.908 55.909 0.909 0.000 0.000 0.000 43.500 49.512 48.512 57.506 58.503 48.508 0.000 0.000 0.000 0.000 0.000 44.267 45.266 0.000 0.000 0.000 0.000 0.000 0.000 0.000 0.000 0.000 67.181 70.182 50.183 44.184 42.185 52.187 52.189 47.191 0.000 0.000 0.000 0.000 55.218 52.219 52.219 42.220 0.000
0.000 0.000 40.450 49.451 1.452 0.000 50.457 79.459 70.462 66.467 80.474 47.487 7.515 0.000 0.000 0.000 0.000 25.218 56.217 0.000 0.000 0.000 0.000 0.000 0.000 0.000 0.000 0.000 0.000 0.000 39.911 57.911 0.000 0.000 0.000 34.556 48.613 46.631 76.640 69.656 47.694 49.788 0.000 0.000 0.000 0.000 39.266 0.000 0.000 0.000 0.000 0.000 0.000 0.000 0.000 0.000 0.000 0.000 55.182 72.183 57.184 51.185 52.186 47.187 0.000 0.000 0.000 0.000 0.000 47.217 52.218 52.218 47.219 0.000
0.000 0.000 36.487 81.487 38.490 0.000 39.489 71.490 73.494 84.499 86.508 89.523 95.545 34.573 3.588 0.000 0.000 0.000 0.000 0.000 0.000 0.000 0.000 0.000 0.000 0.000 0.000 0.000 0.000 0.000 40.912 55.913 0.000 0.000 0.000 0.000 41.754 49.758 79.768 61.788 49.825 48.883 53.946 0.000 0.000 0.000 0.000 0.000 0.000 0.000 0.000 0.000 0.000 0.000 0.000 0.000 0.000 0.000 0.000 0.000 60.184 50.184 48.185 0.000 0.000 0.000 0.000 0.000 46.215 45.216 47.217 41.217 0.000 0.000
9.553 24.545 58.525 76.520 84.521 53.530 66.521 89.521 86.524 85.529 85.539 85.551 85.568 91.588 94.605 50.623 9.633 0.000 54.661 68.661 61.661 63.659 19.658 0.000 0.000 0.000 0.000 0.000 0.000 0.000 19.914 41.916 47.922 47.929 50.937 9.945 42.893 71.880 73.885 50.904 48.934 48.974 52.010 0.000 0.000 0.000 0.000 0.000 0.000 0.000 0.000 0.000 0.000 0.000 0.000 0.000 0.000 0.000 0.000 0.000 0.000 0.000 0.000 0.000 0.000 0.000 0.000 48.214 43.215 41.215 0.000 0.000 0.000 0.000
82.562 85.558 85.550 83.546 81.546 82.548 84.547 84.548 85.551 86.557 86.566 85.577 78.590 82.605 85.619 89.633 93.644 94.656 86.661 82.663 79.662 74.660 76.658 69.656 25.654 3.653 0.000 0.000 0.000 0.000 0.000 0.000 0.000 0.000 0.000 67.007 55.991 84.985 75.991 63.008 50.035 49.069 49.111 53.169 49.168 0.000 0.000 0.000 0.000 0.000 0.000 0.000 0.000 0.000 0.000 0.000 0.000 0.000 0.000 0.000 0.000 0.000 0.000 0.000 0.000 0.000 0.000 0.000 0.000 0.000 0.000 0.000 0.000 0.000
85.577 80.575 78.571 77.569 71.569 68.570 69.571 69.573 75.577 80.583 80.591 73.601 57.612 72.624 85.636 85.646 85.655 85.663 85.666 85.667 86.665 86.663 89.659 90.656 90.654 90.652 29.651 0.000 0.000 0.000 0.000 0.000 0.000 0.000 0.000 39.086 65.080 70.079 54.086 71.103 59.128 49.159 49.195 52.229 0.000 0.000 0.000 0.000 0.000 0.000 0.000 0.000 0.000 0.000 0.000 0.000 0.000 0.000 0.000 0.000 0.000 0.000 0.000 0.000 0.000 0.000 0.000 0.000 0.000 0.000 0.000 0.000 0.000 0.000
55.594 28.593 50.592 64.591 62.592 42.593 27.595 23.598 43.602 60.608 59.616 52.624 47.634 57.644 78.654 86.662 85.669 85.674 85.676 85.674 85.671 89.666 64.660 52.656 51.654 55.652 58.651 0.000 0.000 0.000 0.000 0.000 0.000 0.000 0.000 37.173 73.165 56.163 48.173 58.192 69.216 53.246 49.281 49.323 55.384 0.000 0.000 0.000 0.000 0.000 0.000 0.000 0.000 0.000 0.000 0.000 0.000 0.000 0.000 0.000 0.000 0.000 0.000 0.000 0.000 0.000 0.000 0.000 0.000 0.000 0.000 0.000 0.000 0.000
45.614 16.614 38.613 53.613 49.614 26.616 12.619 16.622 36.627 50.633 48.640 48.648 49.656 47.665 66.673 83.681 85.686 85.689 85.689 85.685 84.679 47.672 0.000 0.000 0.000 0.000 0.000 0.000 0.000 43.382 63.382 15.383 1.385 0.000 44.317 61.267 78.244 55.238 49.253 47.274 64.299 66.327 52.360 49.399 49.447 52.502 61.527 0.000 0.000 0.000 0.000 0.000 0.000 0.000 0.000 0.000 0.000 0.000 0.000 0.000 0.000 0.000 0.000 0.000 0.000 0.000 0.000 0.000 0.000 0.000 0.000 0.000 0.000 0.000
58.634 54.634 49.635 48.636 49.637 51.639 52.642 55.646 54.651 50.657 49.664 49.671 49.679 48.687 55.695 77.702 86.707 85.709 87.706 59.698 25.688 0.000 0.000 0.000 0.000 0.000 0.000 0.000 0.000 8.382 30.382 33.384 37.388 51.394 48.367 69.336 66.306 40.290 47.329 49.354 51.379 64.406 56.435 51.467 49.501 48.534 65.553 56.563 50.563 0.000 0.000 0.000 0.000 0.000 0.000 0.000 0.000 0.000 0.000 0.000 0.000 0.000 0.000 0.000 0.000 0.000 0.000 0.000 0.000 0.000 0.000 0.000 0.000 11.524
48.656 49.656 49.657 49.658 49.660 49.662 49.666 49.670 49.675 49.681 49.688 49.695 49.703 49.711 47.719 68.726 85.731 87.734 83.731 9.714 0.000 0.000 0.000 0.000 0.000 0.000 0.000 0.000 0.000 0.000 0.000 0.000 0.000 35.426 52.424 78.404 52.355 0.000 35.417 50.435 48.458 52.482 53.507 62.533 51.559 49.579 48.588 44.575 0.000 0.000 0.000 0.000 0.000 0.000 0.000 0.000 0.000 0.000 0.000 0.000 0.000 0.000 0.000 0.000 0.000 0.000 0.000 0.000 0.000 0.000 0.000 0.000 16.698 81.621
49.678 49.678 49.679 49.680 49.683 49.686 49.689 48.694 48.699 49.705 49.712 49.719 49.727 49.736 48.744 56.752 71.759 82.765 70.769 0.000 0.000 0.000 0.000 0.000 0.000 0.000 0.000 0.000 0.000 0.000 0.000 0.000 0.000 12.462 61.499 86.504 0.000 0.000 33.489 51.512 49.535 48.558 56.580 67.601 55.621 49.637 53.645 0.000 0.000 0.000 0.000 0.000 0.000 0.000 0.000 0.000 0.000 0.000 0.000 0.000 0.000 0.000 0.000 0.000 0.000 0.000 0.000 0.000 0.000 0.000 0.000 0.000 73.776 87.721
49.700 49.700 49.701 49.703 49.706 49.709 49.713 53.717 54.723 50.729 49.736 49.744 49.752 49.761 49.770 48.780 51.789 60.799 60.813 1.836 0.000 0.000 0.000 0.000 0.000 0.000 4.047 0.000 0.000 0.000 0.000 0.000 0.000 0.000 65.605 80.608 3.642 0.000 17.538 48.588 49.615 49.635 48.654 53.672 55.689 51.703 53.711 0.000 0.000 0.000 0.000 0.000 0.000 0.000 0.000 0.000 0.000 0.000 0.000 0.000 0.000 0.000 0.000 0.000 0.000 0.000 0.000 0.000 0.000 0.000 0.000 58.004 66.909 66.835
49.722 49.723 49.724 49.726 49.729 49.732 48.736 60.741 65.747 52.754 49.761 49.769 49.778 49.787 49.797 49.808 49.819 48.832 51.846 32.861 0.000 0.000 0.000 0.000 0.000 46.047 67.048 29.048 20.045 19.039 0.000 0.000 0.000 46.773 88.710 62.683 62.677 0.000 0.000 34.689 51.701 49.715 49.729 47.745 63.760 67.775 61.787 0.000 0.000 0.000 0.000 0.000 0.000 0.000 0.000 0.000 0.000 0.000 0.000 0.000 0.000 0.000 0.000 0.000 0.000 0.000 0.000 0.000 0.000 0.000 32.174 83.099 69.021 81.953
49.745 49.746 49.747 49.749 49.752 49.756 48.760 61.765 67.771 51.778 49.786 49.794 49.803 49.813 49.824 49.836 49.849 49.864 49.880 55.901 26.929 0.000 0.000 0.000 0.000 9.048 24.049 46.053 54.048 58.035 32.008 7.968 42.914 80.837 78.778 58.738 40.707 0.000 0.000 34.780 51.785 50.794 53.805 48.818 57.832 80.850 77.875 22.924 0.000 3.025 0.000 0.000 0.000 0.000 0.000 0.000 0.000 0.000 0.000 0.000 0.000 0.000 0.000 0.000 0.000 0.000 0.000 0.000 0.000 0.000 69.250 125.196 108.130 130.038
46.768 47.769 48.770 48.772 49.775 49.779 47.784 62.789 65.795 48.802 49.810 49.819 49.829 49.839 49.851 49.864 49.878 49.894 49.912 49.933 55.959 35.986 0.000 0.000 0.000 0.000 0.000 22.066 53.060 49.045 52.020 55.985 67.938 84.882 68.830 36.783 0.000 0.000 0.000 33.866 50.867 53.872 66.880 52.890 62.903 63.919 82.941 86.973 70.011 20.026 0.000 0.000 0.000 0.000 0.000 0.000 0.000 0.000 0.000 0.000 0.000 0.000 0.000 0.000 0.000 0.000 0.000 0.000 0.000 55.474 65.380 66.307 69.238 88.213
67.791 62.792 57.793 55.796 51.799 47.803 47.807 62.813 65.819 47.827 49.835 49.844 49.854 49.865 49.878 49.891 48.906 47.923 48.942 48.963 48.987 55.014 32.047 9.066 0.000 0.000 0.000 21.088 59.080 53.067 48.045 61.013 83.971 77.924 45.877 0.000 0.000 0.000 0.000 31.951 49.947 54.948 61.952 56.960 61.970 60.983 73.998 68.016 61.034 34.043 0.000 0.000 0.000 0.000 0.000 0.000 0.000 0.000 0.000 0.000 0.000 0.000 0.000 0.000 0.000 0.000 0.000 0.000 32.648 60.569 129.488 93.420 125.303 108.975
87.814 86.815 82.817 77.819 73.822 68.826 63.831 59.837 54.843 48.851 49.860 49.869 49.880 49.891 48.904 50.918 56.934 61.951 60.969 58.990 53.013 48.037 52.063 58.085 22.111 3.125 7.128 41.117 64.109 55.097 51.079 74.052 86.012 41.968 0.000 0.000 0.000 0.000 2.081 36.040 49.024 54.020 70.023 60.029 53.036 46.044 52.053 70.061 67.067 73.069 0.000 0.000 0.000 0.000 0.000 0.000 0.000 0.000 0.000 0.000 0.000 0.000 0.000 0.000 0.000 0.000 0.000 0.000 67.727 58.665 68.596 91.488 67.660 107.115
