results4_8e4_rain/res_4e8f-0233.wd
ncols         241
nrows         181
xllcorner     12693529.787448
yllcorner     3542525.717860
cellsize      155.156523
NODATA_value  -9999.000000
[rows 0 to 32 of 181, columns 146 to 218 of 241]
0.000 0.000 0.000 0.000 0.000 0.000 0.000 0.000 0.000 0.000 0.000 0.000 0.000 0.000 5.883 16.732 17.489 17.192 16.865 16.526 16.194 15.883 15.606 15.370 15.178 15.029 14.918 14.841 14.793 14.766 14.754 19.750 0.000 0.000 0.000 0.000 0.000 0.000 0.000 0.000 0.000 0.000 0.000 0.000 0.000 0.000 0.000 0.000 0.000 20.423 27.423 0.000 0.000 46.626 51.626 0.000 0.000 0.000 0.000 0.000 0.000 0.000 0.000 0.000 0.000 0.000 0.000 0.000 0.000 0.000 0.000 0.000 0.000
0.000 0.000 0.000 0.000 0.000 0.000 0.000 0.000 0.000 0.000 0.000 0.000 0.000 1.427 17.034 17.823 17.544 17.222 16.876 16.520 16.172 15.849 17.565 16.327 15.136 14.990 14.884 14.813 14.771 14.751 14.747 19.746 0.000 0.000 0.000 0.000 0.000 0.000 0.000 0.000 0.000 0.000 0.000 0.000 0.000 0.000 0.000 0.000 17.423 39.423 15.423 0.000 25.626 58.626 52.626 0.000 0.000 0.000 0.000 0.000 0.000 0.000 0.000 0.000 0.000 0.000 0.000 0.000 37.625 0.000 0.000 0.000 0.000
0.000 0.000 0.000 0.000 0.000 0.000 0.000 0.000 0.000 0.000 0.000 0.000 0.000 20.663 19.318 17.984 17.639 17.278 16.896 16.505 16.125 17.777 17.479 15.236 15.048 14.910 14.816 14.757 14.727 14.720 16.736 10.741 0.000 0.000 0.000 0.000 0.000 0.000 0.000 0.000 0.000 0.000 0.000 0.000 0.000 0.000 0.000 0.000 29.423 0.000 0.000 20.626 51.626 13.626 0.000 0.000 0.000 0.000 0.000 0.000 0.000 0.000 0.000 0.000 6.625 0.000 0.000 0.000 40.625 12.625 0.000 0.000 0.000
0.000 0.000 0.000 0.000 0.000 0.000 0.000 0.000 0.000 0.000 0.000 0.000 3.145 20.087 18.592 18.153 17.753 17.353 16.927 16.480 17.045 16.657 15.337 15.089 14.910 14.788 14.712 14.672 14.659 20.666 0.000 0.000 0.000 0.000 0.000 0.000 0.000 0.000 0.000 0.000 0.000 0.000 0.000 14.423 0.000 0.000 0.000 13.423 73.423 3.423 0.000 26.626 53.626 0.000 0.000 0.000 0.000 0.000 0.000 0.000 0.000 0.000 12.625 18.625 37.625 0.000 0.000 30.625 39.625 40.625 12.625 0.000 0.000
0.000 0.000 0.000 0.000 0.000 0.000 0.000 0.000 0.000 0.000 0.000 8.191 1.362 3.061 18.809 18.284 17.866 17.457 16.977 16.443 16.918 16.468 15.121 14.876 14.714 14.619 14.572 14.559 15.573 16.619 0.000 0.000 0.000 0.000 0.000 0.000 0.000 0.000 0.000 0.000 0.000 0.000 15.423 38.423 33.423 0.000 0.000 29.423 57.423 0.000 0.000 0.000 53.626 8.626 0.000 0.000 0.000 0.000 0.000 0.000 0.000 0.000 52.625 56.625 58.625 0.625 0.000 43.625 38.625 38.625 48.625 0.000 0.000
0.000 0.000 0.000 0.000 0.000 0.000 0.000 0.000 0.000 0.000 10.917 3.515 1.881 1.302 1.445 16.310 17.969 17.630 17.080 18.397 17.716 15.176 14.805 14.577 14.453 14.401 14.397 14.421 20.452 0.000 0.000 0.000 0.000 0.000 0.000 0.000 0.000 0.000 0.000 0.000 0.000 0.000 0.000 18.423 39.423 31.423 29.423 11.423 42.423 15.423 0.000 0.000 38.626 51.626 42.626 40.626 49.626 0.000 0.000 0.000 0.000 0.000 52.625 54.625 59.625 38.625 27.625 44.625 47.625 0.000 0.000 0.000 12.624
0.000 0.000 0.000 0.000 0.000 0.000 0.000 0.000 0.000 0.000 7.320 4.021 3.650 3.152 0.452 0.645 11.072 19.015 18.319 18.347 15.373 14.714 14.347 14.175 14.120 14.136 14.194 14.275 9.364 0.000 0.000 0.000 0.000 0.000 35.432 68.432 2.432 0.000 8.432 49.432 0.000 0.000 0.000 15.423 39.423 52.423 87.423 49.423 50.423 21.423 0.000 0.000 35.626 54.626 39.626 35.626 52.626 0.000 0.000 0.000 0.000 0.000 39.626 45.625 41.625 41.625 45.625 48.625 56.625 0.000 0.000 0.000 35.624
0.000 0.000 0.000 0.000 0.000 0.000 0.000 0.000 0.000 30.582 31.021 7.591 3.202 3.439 3.086 0.808 0.377 6.039 18.832 16.301 14.715 13.959 13.695 13.656 13.716 13.827 14.968 12.121 0.000 0.000 0.000 0.000 0.000 0.000 10.432 56.432 63.432 45.432 37.432 9.432 0.000 0.000 0.000 0.000 0.000 13.423 80.423 59.423 6.423 0.000 0.000 0.000 0.000 47.627 62.627 60.626 62.626 54.626 46.626 49.626 48.626 57.626 61.626 58.626 59.625 59.625 54.625 49.625 46.625 0.000 0.000 0.000 0.000
0.000 0.000 0.000 0.000 0.000 0.000 0.000 0.000 24.707 42.142 43.591 33.094 9.674 2.088 3.093 0.854 2.838 8.220 6.668 16.311 13.227 12.712 12.817 13.039 13.261 14.490 14.729 0.000 0.000 0.000 0.000 0.000 0.000 0.000 0.000 8.432 54.432 64.432 69.432 8.432 0.000 0.000 0.000 0.000 0.000 9.424 52.423 44.423 49.423 16.423 0.000 0.000 31.627 59.627 44.627 38.627 45.626 57.626 45.626 44.626 53.626 62.626 49.626 45.626 48.625 54.625 60.625 62.625 60.625 46.625 37.625 20.624 29.624
0.000 0.000 0.000 0.000 0.000 0.000 0.000 20.845 30.271 45.691 43.105 43.522 35.939 12.364 1.230 4.787 14.333 6.494 2.272 3.063 6.168 10.847 11.822 12.423 12.797 18.143 0.000 0.000 0.000 0.000 0.000 0.000 8.433 6.433 0.000 0.000 21.432 67.432 20.432 0.000 0.000 0.000 0.000 0.000 0.000 48.424 58.424 34.423 50.423 70.423 10.423 0.000 37.627 61.627 40.627 34.627 37.627 50.626 39.626 39.626 41.626 43.626 40.626 41.626 35.626 39.625 45.625 46.625 44.625 53.625 55.625 58.624 66.624
0.000 0.000 0.000 0.000 0.000 0.000 25.979 24.419 47.842 44.244 43.618 42.948 43.196 38.249 20.756 12.469 8.163 0.000 0.055 4.387 2.161 3.374 11.201 12.032 17.361 0.000 0.000 0.000 0.000 0.000 0.000 3.433 45.433 4.433 0.000 0.000 28.432 68.432 7.432 0.000 0.000 0.000 0.000 0.000 43.425 87.425 20.424 23.423 45.423 72.422 12.423 0.000 34.627 59.627 39.627 32.627 35.627 37.627 33.626 32.626 39.626 55.626 38.626 34.626 48.626 44.625 41.625 48.625 48.625 51.625 60.625 64.624 51.624
0.000 0.000 0.000 0.000 0.000 30.033 18.540 47.007 45.436 44.826 44.172 43.458 42.648 42.682 39.482 25.174 4.464 0.383 0.078 46.310 4.554 0.085 0.111 14.145 10.253 0.000 0.000 0.000 0.000 0.000 0.000 3.433 41.433 36.433 45.433 57.433 61.433 51.432 0.000 0.000 6.428 42.428 57.427 62.427 86.426 42.426 0.000 0.000 47.422 35.422 0.000 0.000 37.627 64.627 51.627 35.627 83.627 111.627 60.627 36.626 52.626 99.626 51.626 28.626 93.626 66.625 41.625 48.625 50.625 40.625 49.625 62.624 45.624
0.000 0.000 0.000 0.000 0.000 19.525 41.142 47.635 46.067 45.452 44.788 44.063 43.257 42.345 42.328 41.234 30.406 5.002 50.906 47.960 0.388 0.160 0.056 0.062 0.000 0.000 0.000 0.000 0.000 0.000 6.433 40.433 36.433 41.433 55.433 65.433 49.433 36.432 1.432 0.000 4.428 51.428 50.427 46.427 85.426 45.426 0.000 0.000 26.421 18.421 0.000 30.627 58.627 60.627 54.627 42.627 41.627 74.627 115.627 53.627 46.626 103.626 54.626 28.626 100.626 70.625 33.625 35.625 41.625 32.625 46.625 45.624 33.624
0.000 0.000 0.000 0.000 24.057 34.400 49.867 47.323 46.745 46.127 45.465 44.750 43.969 43.128 42.167 41.427 40.286 52.632 52.307 1.052 0.531 9.640 0.000 0.000 0.000 0.000 0.000 0.000 1.433 56.433 59.433 41.433 40.433 55.433 65.433 51.433 34.433 36.432 36.431 34.430 32.429 44.428 47.428 57.427 97.426 31.426 0.000 0.000 63.421 13.421 0.000 27.627 57.627 57.627 44.627 36.627 32.627 42.627 39.627 79.627 110.626 127.626 108.626 97.626 123.626 117.625 108.625 54.625 34.625 51.625 46.625 35.624 30.624
0.000 0.000 0.000 25.252 34.714 52.152 48.604 48.046 47.463 46.847 46.195 45.497 44.763 43.920 43.374 41.003 52.671 52.666 36.874 19.167 6.323 0.000 0.000 0.000 0.000 0.000 0.000 0.000 42.433 9.433 0.000 20.433 58.433 62.433 54.433 39.434 5.434 0.000 3.431 38.430 34.429 44.429 43.428 66.427 63.426 0.000 0.000 5.420 66.420 12.420 0.000 25.627 55.627 67.627 46.627 52.627 75.627 52.627 34.627 58.627 81.627 115.626 81.626 61.626 109.626 99.626 74.625 43.625 29.625 100.625 68.625 40.624 30.624
0.000 0.000 0.000 30.791 50.395 49.889 49.351 48.793 48.213 47.606 47.966 47.303 45.542 45.117 42.539 52.741 52.683 40.455 42.073 39.687 23.644 4.642 0.000 0.000 0.000 0.000 0.000 44.433 13.433 0.000 0.000 0.000 26.433 58.433 36.434 34.434 40.434 3.435 0.000 39.431 37.430 43.429 44.428 66.427 62.426 0.000 0.000 26.419 73.419 9.420 0.000 27.627 58.628 61.628 42.628 42.627 88.627 123.627 72.627 40.627 56.627 103.627 63.626 30.626 96.626 83.626 41.625 33.625 26.625 107.625 71.624 43.624 44.624
0.000 0.000 31.411 48.725 52.186 50.657 50.118 49.564 48.990 49.392 47.781 47.078 46.737 44.162 53.190 52.897 41.962 42.812 41.807 32.150 12.893 0.000 0.000 0.000 0.000 0.000 0.000 40.433 14.433 0.000 0.000 0.000 0.000 0.000 0.000 39.435 36.435 35.435 37.434 39.432 35.431 43.429 45.428 57.426 53.424 15.422 34.420 67.419 18.419 0.000 0.000 27.628 54.628 60.628 46.628 31.628 33.628 58.628 45.627 27.627 45.627 100.627 56.626 22.626 93.626 78.626 36.625 32.625 28.625 106.625 71.624 43.624 34.624
0.000 30.693 44.098 53.511 51.967 51.436 50.900 50.354 50.789 50.215 48.555 48.264 45.696 54.146 53.617 43.638 44.636 42.516 29.703 0.000 0.000 0.000 0.000 0.000 0.000 0.000 0.000 0.000 14.433 0.000 0.000 0.000 0.000 0.000 0.000 0.000 43.437 53.436 64.435 52.433 41.431 45.430 42.428 47.426 40.423 59.421 77.419 65.418 11.417 0.000 0.000 26.628 52.628 57.628 63.628 61.628 49.628 39.628 52.628 84.627 103.627 124.627 104.627 87.626 121.626 114.626 96.625 56.625 29.625 104.625 76.624 48.624 35.624
27.771 39.288 53.777 53.254 52.735 52.218 51.695 52.159 51.618 49.992 49.740 47.188 55.385 54.744 45.216 46.363 47.302 25.565 0.000 0.000 0.000 0.000 0.000 0.000 0.000 0.000 0.000 0.000 0.000 0.000 0.000 0.000 0.000 0.000 0.000 0.000 41.439 45.438 63.437 22.434 2.432 52.430 43.428 46.425 42.423 30.420 49.418 64.416 51.415 10.415 0.000 0.000 17.628 60.628 62.628 55.629 43.628 52.628 103.628 94.628 75.627 76.627 77.627 77.626 77.626 78.626 80.625 51.625 31.625 103.625 79.624 42.624 36.624
31.253 54.911 54.469 53.992 53.502 53.006 52.499 51.991 51.398 51.180 48.649 56.734 56.052 46.693 47.907 46.892 42.374 1.828 0.000 0.000 0.000 0.000 0.000 0.000 0.000 0.000 0.000 0.000 0.000 0.000 0.000 0.000 0.000 0.000 0.000 0.000 42.442 53.441 37.440 0.000 6.433 49.431 46.428 13.425 3.422 34.419 48.416 63.414 60.414 29.414 0.000 0.000 0.000 0.000 29.629 44.629 28.629 89.629 90.628 39.628 45.628 87.627 58.627 30.626 76.626 66.626 46.625 44.625 35.625 103.625 74.624 31.624 32.624
49.078 56.635 55.195 54.742 54.277 54.801 53.327 52.771 52.593 50.087 58.119 57.424 47.078 49.325 48.316 48.689 18.023 0.000 0.000 0.000 0.000 0.000 0.000 0.000 0.000 0.000 0.000 0.000 0.000 0.000 0.000 0.000 0.000 0.000 0.000 9.448 62.446 60.443 64.441 61.439 57.435 57.432 51.429 10.426 3.421 34.416 47.413 65.411 72.411 35.412 0.000 0.000 0.000 0.000 23.630 36.630 56.630 103.629 66.629 26.629 94.628 95.627 44.627 31.626 52.626 108.626 67.625 35.625 35.625 98.625 116.624 103.624 108.624
58.777 56.357 55.935 55.503 55.059 56.619 54.100 53.969 51.501 59.520 58.817 42.395 46.599 50.655 47.120 24.395 0.000 0.000 0.000 0.000 0.000 0.000 0.000 0.000 0.000 0.000 0.000 0.000 0.000 0.000 0.000 0.000 0.000 0.000 0.000 61.451 60.449 61.446 63.443 62.440 60.437 61.434 54.431 9.428 0.000 35.412 47.408 70.406 43.409 0.000 0.000 0.000 0.000 21.631 51.631 30.630 95.630 89.630 33.629 89.629 102.629 51.628 39.627 42.626 37.626 68.626 107.625 64.625 27.625 98.625 101.624 75.624 17.624
49.460 56.082 56.685 56.273 55.862 55.375 55.288 52.860 60.884 60.226 25.634 30.810 33.690 52.358 35.980 0.000 0.000 0.000 0.000 0.000 0.000 0.000 0.000 50.915 39.915 0.000 0.000 0.000 0.000 0.000 0.000 0.000 0.000 0.000 0.000 38.456 32.453 35.449 39.445 34.442 33.438 32.435 34.431 38.428 32.422 25.412 40.401 19.395 0.000 0.000 0.000 0.000 0.000 23.632 46.632 37.631 38.631 38.630 30.630 51.630 52.629 0.000 0.000 13.626 43.626 36.626 58.625 51.625 33.625 66.625 14.625 0.000 12.623
28.181 43.826 56.447 59.064 56.600 56.544 54.124 62.017 61.493 34.814 0.000 44.152 0.000 55.983 24.483 0.000 0.000 0.000 0.000 0.000 0.000 0.000 0.000 57.915 51.914 0.000 0.000 0.000 0.000 0.000 0.000 0.000 0.000 24.490 0.000 39.463 35.459 35.453 35.448 35.443 35.439 35.436 35.433 37.430 15.427 0.000 10.390 41.379 11.368 0.000 0.000 0.000 24.633 55.633 43.632 42.632 34.632 35.631 35.631 33.630 47.630 7.630 0.000 0.000 14.626 39.626 34.625 47.625 46.625 0.000 0.000 0.000 12.623
19.949 27.591 50.231 54.804 57.760 55.298 62.804 62.453 41.706 17.511 0.000 60.807 58.709 45.117 0.000 0.000 0.000 0.000 0.000 0.000 0.000 0.000 60.921 66.917 37.913 0.000 0.000 0.000 0.000 0.000 0.000 0.000 0.000 41.490 39.485 36.474 35.466 32.456 36.449 36.444 36.440 36.436 36.433 39.431 12.430 0.000 0.000 39.361 39.357 9.352 0.000 0.000 9.633 42.633 35.633 34.633 33.632 33.632 33.631 33.630 34.630 43.630 0.000 0.000 0.000 7.625 40.625 43.625 41.625 0.000 0.000 0.000 36.623
23.738 34.368 38.989 36.887 48.441 63.218 63.060 46.699 25.460 18.961 0.000 40.538 53.203 26.660 0.000 0.000 0.000 0.000 48.961 54.958 46.952 44.939 53.926 46.917 36.909 0.000 0.000 0.000 0.000 0.000 0.000 0.000 0.000 39.496 36.491 35.483 9.474 0.000 41.448 35.444 35.440 35.436 35.433 36.432 10.431 0.000 0.000 40.348 39.348 10.347 0.000 0.000 39.634 35.634 35.634 35.634 34.633 34.632 38.632 0.000 5.630 8.630 0.000 0.000 0.000 0.000 40.625 35.625 35.625 36.625 0.000 8.623 38.623
35.486 49.123 24.838 23.709 63.285 63.282 49.701 36.424 32.758 37.596 0.000 7.605 42.904 0.000 0.000 0.000 0.000 44.967 48.964 50.961 48.958 0.000 0.000 0.000 48.896 32.883 0.000 0.000 0.000 0.000 0.000 0.000 7.515 49.507 46.499 21.492 0.000 0.000 54.450 40.445 36.440 35.436 39.432 16.431 0.000 15.326 53.329 34.336 38.339 10.341 0.000 0.000 0.000 40.636 35.636 39.635 6.635 0.000 0.000 0.000 0.000 0.000 0.000 0.000 0.000 0.000 40.625 35.625 35.625 40.625 0.000 0.000 12.623
56.199 44.781 24.842 20.339 63.250 24.750 30.473 32.697 36.370 54.951 64.397 52.374 0.000 0.000 0.000 0.000 42.974 36.970 42.967 57.964 56.962 0.000 0.000 0.000 0.000 49.870 0.000 0.000 0.000 35.559 0.000 0.000 51.524 50.516 56.507 49.494 14.480 68.468 65.456 63.448 61.440 53.433 34.429 21.430 0.000 29.323 82.324 36.328 37.331 11.336 0.000 0.000 0.000 45.638 31.637 36.636 7.636 0.000 0.000 0.000 0.000 0.000 0.000 0.000 0.000 36.625 38.625 40.625 34.625 39.625 0.000 0.000 9.623
64.790 51.885 34.184 62.857 20.781 22.565 21.730 21.368 30.932 58.462 53.865 25.119 0.000 0.000 41.982 7.980 49.977 41.974 52.970 47.966 26.964 0.000 0.000 0.000 0.000 53.857 29.852 0.000 0.000 31.559 39.559 43.553 45.539 47.529 37.517 34.497 42.479 42.468 62.458 45.449 39.440 37.429 17.419 0.000 5.328 24.320 92.316 48.320 14.323 0.000 0.000 0.000 3.640 58.640 31.639 38.637 10.636 0.000 0.000 0.000 0.000 0.000 0.000 0.000 15.625 38.625 53.625 51.625 44.625 3.625 0.000 0.000 10.623
62.852 61.093 62.442 39.721 27.620 23.760 23.393 21.966 28.551 44.098 39.481 0.000 0.000 0.000 44.984 65.982 60.980 61.977 43.973 0.000 0.000 0.000 0.000 0.000 44.844 35.848 27.848 0.000 0.000 0.000 43.566 47.561 47.552 47.543 31.536 0.000 38.472 39.466 63.459 49.451 43.440 29.423 36.401 51.369 71.336 60.313 84.300 49.312 13.318 0.000 0.000 0.000 0.000 56.643 32.641 33.638 38.635 0.000 0.000 0.000 0.000 0.000 0.000 0.000 0.000 8.625 57.625 54.625 7.625 0.000 0.000 0.000 6.623
60.936 62.388 61.585 60.594 42.736 22.381 22.963 23.576 22.206 24.897 0.000 0.000 0.000 0.000 60.986 50.986 48.984 44.980 0.000 0.000 0.000 0.000 0.000 45.839 36.840 32.842 15.845 0.000 0.000 0.000 43.578 51.572 60.563 59.555 61.549 49.550 0.000 7.463 66.461 50.455 24.448 0.000 39.391 49.369 76.336 38.295 22.258 0.000 0.000 0.000 0.000 0.000 9.655 47.649 34.644 35.638 38.632 11.626 0.000 0.000 0.000 0.000 0.000 0.000 0.000 0.000 14.625 15.625 0.000 0.000 0.000 0.000 7.623
62.394 61.369 63.479 63.640 47.308 23.904 26.529 26.164 23.802 24.386 0.000 40.993 0.000 6.992 54.990 54.990 61.989 0.000 0.000 19.912 7.911 0.000 0.000 40.838 34.836 28.834 0.000 0.000 0.000 0.000 41.595 42.586 44.575 43.564 41.556 33.550 0.000 0.000 68.468 54.460 39.447 2.430 38.405 49.379 73.343 29.273 25.180 8.116 0.000 0.000 0.000 0.000 9.660 54.655 33.647 35.638 35.629 36.621 40.614 12.611 0.000 0.000 0.000 0.000 0.000 0.000 0.000 0.000 0.000 0.000 0.000 0.000 0.000
62.085 64.282 63.472 64.168 37.784 28.426 48.080 41.749 23.451 1.129 0.000 37.993 52.993 57.993 43.993 64.994 56.994 0.000 0.000 33.913 64.910 16.904 0.000 41.840 35.832 32.824 0.000 0.000 49.673 45.653 41.622 43.602 48.586 48.572 46.559 57.546 49.527 9.507 68.484 60.468 60.453 52.437 33.418 51.400 59.385 0.000 28.074 11.051 0.000 0.000 0.000 0.000 19.672 58.663 30.652 32.638 33.624 34.614 39.609 11.608 0.000 0.000 0.000 0.000 0.000 0.000 0.000 0.000 0.000 0.000 0.000 0.000 0.000
