results4_8e4_rain/res_4e8f-0049.wd
ncols         241
nrows         181
xllcorner     12693529.787448
yllcorner     3542525.717860
cellsize      155.156523
NODATA_value  -9999.000000
[rows 99 to 131 of 181, columns 74 to 147 of 241]
49.122 49.126 48.133 48.143 53.154 56.168 53.182 49.194 49.201 43.201 0.000 0.000 0.000 0.000 0.000 0.000 6.267 64.476 89.555 87.629 86.849 93.640 93.569 86.680 87.374 87.218 87.106 87.997 87.895 86.801 90.721 49.664 0.000 0.000 0.000 0.000 0.000 0.000 6.097 31.939 43.764 11.517 0.000 23.077 26.037 23.981 27.905 24.652 22.097 0.000 15.856 19.798 34.734 40.682 43.642 41.612 36.590 29.575 24.566 19.563 0.000 0.000 0.000 0.000 0.000 0.000 9.953 21.953 45.953 46.952 46.952 46.952 44.952 0.000
49.123 48.127 46.132 50.140 55.149 56.160 56.177 50.190 47.195 52.197 52.196 13.196 0.000 9.838 39.811 16.773 0.000 52.861 92.796 88.089 88.143 93.699 86.006 87.792 87.442 87.350 87.234 87.124 87.019 88.926 87.847 23.794 0.000 0.000 0.000 0.000 0.000 0.000 10.256 16.172 27.092 0.000 0.000 18.270 26.235 25.173 29.083 28.953 0.000 0.000 10.816 24.776 29.713 50.673 51.642 51.618 52.599 53.586 51.578 32.574 0.000 0.000 0.000 0.000 0.000 0.000 8.952 21.950 45.950 46.949 46.949 46.948 39.948 0.000
48.122 48.125 51.130 54.136 55.142 30.147 0.000 23.192 59.194 32.195 6.195 0.000 0.000 20.864 70.824 67.735 59.550 78.233 89.338 86.320 93.780 87.301 88.106 87.668 87.598 87.476 87.360 87.244 88.133 86.035 73.948 20.871 0.000 0.000 0.000 0.000 0.000 13.653 20.499 18.400 19.340 0.000 0.000 24.499 42.459 35.394 30.299 5.126 0.000 0.000 0.000 0.000 23.672 48.655 52.635 50.618 50.603 50.592 52.585 25.581 19.582 19.582 25.582 0.000 0.000 0.000 0.000 20.947 45.947 46.946 46.946 46.945 29.945 0.000
47.120 52.123 55.127 55.131 55.136 20.139 0.000 0.000 2.194 0.000 0.000 0.000 0.000 13.931 76.885 82.794 90.655 90.531 87.617 94.161 93.923 87.281 87.989 87.836 87.722 87.606 87.485 87.360 93.234 43.132 11.040 0.000 0.000 0.000 0.000 0.000 4.932 22.808 18.687 18.590 17.528 23.537 0.000 17.768 43.708 42.644 40.594 0.000 0.000 0.000 0.000 0.000 21.647 50.639 54.627 51.615 50.604 48.594 37.588 18.584 14.583 15.583 0.000 0.000 0.000 0.000 0.000 16.944 45.944 46.943 46.943 42.942 9.941 14.938
53.118 55.120 55.123 53.126 59.132 29.135 0.000 0.000 0.000 0.000 0.000 0.000 0.000 25.045 82.989 85.908 89.750 88.942 88.923 94.372 86.688 88.390 88.060 87.969 87.854 87.738 91.616 97.477 52.310 21.221 0.000 0.000 0.000 0.000 0.000 6.130 29.056 22.959 15.851 20.745 24.647 21.546 19.370 33.098 36.962 26.882 34.839 0.000 0.000 0.000 0.000 0.000 27.631 51.627 56.621 55.612 51.603 46.594 15.588 13.585 14.584 21.583 0.000 0.000 0.000 0.000 10.942 14.942 43.942 46.941 46.940 40.939 11.938 10.937
55.114 55.116 54.118 32.120 0.000 17.133 19.132 0.000 0.000 0.000 0.000 0.000 16.330 69.214 83.128 86.016 88.149 89.131 94.742 94.566 87.678 88.376 88.211 88.100 87.988 91.878 53.764 13.620 0.000 31.220 17.220 0.000 0.000 0.000 0.000 14.205 48.202 39.123 34.014 28.893 29.767 27.630 28.468 41.289 35.162 19.081 21.042 0.000 0.000 0.000 0.000 0.000 27.620 55.618 20.616 18.610 50.601 53.592 23.587 14.584 19.584 0.000 0.000 0.000 0.000 0.000 0.000 10.941 28.940 44.939 47.938 40.937 11.936 10.935
55.110 51.112 55.114 37.116 0.000 8.132 38.132 0.000 0.000 0.000 0.000 6.539 68.447 82.353 88.265 88.222 88.346 95.055 94.903 87.029 88.797 88.441 88.348 88.232 88.122 92.020 63.942 0.000 0.000 1.220 4.220 0.000 0.000 0.000 0.000 1.526 33.423 38.317 48.188 44.047 31.898 34.741 43.581 38.431 26.315 18.240 19.205 0.000 0.000 0.000 0.000 0.000 25.610 59.608 0.000 0.000 0.000 46.585 36.583 17.581 0.000 0.000 0.000 0.000 0.000 0.000 0.000 0.000 7.937 33.937 43.936 36.936 12.935 10.934
50.106 49.108 65.112 44.114 0.000 7.132 35.132 0.000 0.000 0.000 0.774 64.632 77.566 87.492 90.362 89.591 87.606 95.194 86.358 88.124 84.677 86.599 88.474 88.359 89.247 83.141 73.041 21.041 0.000 0.000 0.000 0.000 0.000 0.000 0.000 23.904 28.705 28.536 30.373 39.209 42.037 44.856 38.685 25.538 19.428 18.358 17.333 21.367 6.366 0.000 0.000 0.000 14.603 51.597 17.589 6.586 0.000 41.580 47.579 27.578 0.000 0.000 0.000 0.000 0.000 0.000 0.000 0.000 2.936 26.935 31.935 18.934 10.934 10.933
56.100 52.101 0.000 0.000 0.000 0.000 0.000 0.000 0.000 0.000 1.872 80.772 82.703 90.602 89.753 88.758 95.438 95.322 88.326 88.007 87.842 87.720 86.601 87.483 89.368 46.254 0.000 0.000 0.000 0.000 0.000 0.000 0.000 9.857 24.614 35.226 31.959 30.748 27.560 28.379 31.185 42.962 43.765 35.608 24.500 17.433 17.402 19.401 0.000 0.000 0.000 0.000 0.000 41.586 19.584 15.583 15.580 47.577 50.574 33.573 0.000 0.000 29.560 0.000 0.000 0.000 0.000 0.000 5.935 29.934 24.933 10.933 10.933 9.933
58.096 45.096 0.000 0.000 0.000 0.000 0.000 0.000 0.000 0.000 68.003 77.921 89.839 89.814 88.939 95.644 95.545 87.657 89.423 89.068 88.969 88.845 88.725 90.605 40.486 0.000 0.000 0.000 0.000 0.000 0.000 8.796 25.523 38.100 33.758 32.428 32.158 31.936 32.743 30.561 29.362 3.041 21.804 46.630 28.531 16.473 19.443 17.433 5.439 0.000 0.000 0.000 0.577 33.579 11.578 0.000 0.000 3.573 40.569 29.567 38.563 45.561 4.560 0.000 0.000 0.000 0.000 0.000 0.000 20.933 18.932 11.932 13.932 11.932
50.093 49.092 25.090 0.000 0.000 0.000 0.000 0.000 0.000 21.287 81.165 88.069 89.961 90.095 88.194 95.734 87.961 89.734 89.292 89.216 89.090 89.969 90.848 52.726 0.000 0.000 0.000 0.000 0.000 0.000 28.452 39.068 34.675 33.262 32.891 32.571 32.309 32.094 31.915 31.760 40.634 0.000 0.000 14.576 23.522 15.485 24.462 24.451 6.445 0.000 0.000 0.000 0.000 17.573 54.571 22.567 0.000 0.000 41.564 35.563 26.561 26.560 0.000 0.000 0.000 0.000 0.000 0.000 0.000 0.000 10.930 11.930 0.000 0.000
0.000 52.089 50.088 39.087 0.000 0.000 0.000 0.000 12.521 71.410 85.301 91.203 90.155 89.281 95.885 95.814 88.916 89.607 89.449 89.331 90.215 92.093 52.970 0.000 0.000 0.000 0.000 0.000 15.678 26.379 37.836 34.350 33.846 30.381 29.975 29.657 30.411 32.218 32.062 34.929 11.782 0.000 0.000 0.000 19.497 18.483 36.471 32.464 0.000 0.000 0.000 0.000 0.000 1.569 46.566 58.563 15.560 41.559 55.560 47.559 23.558 16.557 0.000 0.000 0.000 0.000 0.000 0.000 0.000 5.927 11.928 15.928 0.000 0.000
0.000 54.088 44.087 51.087 43.086 4.086 0.000 5.734 72.633 81.530 91.436 90.280 90.511 88.506 95.945 88.220 90.005 89.658 89.567 90.453 91.345 45.219 0.000 0.000 0.000 0.000 0.000 28.296 38.977 36.623 35.165 36.648 35.979 41.443 45.968 40.672 33.462 27.304 31.188 37.114 0.000 0.000 0.000 0.000 22.487 23.481 45.474 33.470 0.000 0.000 0.000 0.000 0.000 0.000 41.561 50.559 55.558 51.557 51.557 55.557 39.556 18.555 19.553 0.000 0.000 0.000 0.000 0.000 7.926 12.927 10.927 15.927 0.000 0.000
0.000 22.087 73.086 36.086 0.000 0.000 10.919 70.835 75.745 89.657 90.511 90.744 88.632 96.029 88.491 90.295 89.863 89.799 90.680 87.568 42.494 0.000 0.000 0.000 0.000 0.000 30.911 38.615 36.312 35.971 39.553 14.100 0.000 0.000 10.784 36.601 38.460 39.350 31.270 32.226 0.000 0.000 0.000 0.000 3.482 21.478 28.475 27.473 0.000 0.000 0.000 0.000 0.000 0.000 32.557 45.556 50.556 51.555 52.555 48.555 44.554 29.553 17.551 21.549 27.548 0.000 0.000 0.000 0.000 10.926 11.926 13.926 0.000 0.000
0.000 0.000 74.086 61.086 0.000 0.000 18.003 78.942 86.864 90.754 91.895 91.880 96.376 96.162 89.448 90.158 90.012 89.907 84.798 74.645 25.570 0.000 0.000 0.000 19.677 28.517 40.207 36.942 36.684 40.396 17.974 0.000 0.000 0.000 0.000 34.486 31.429 35.366 41.317 41.293 19.306 0.000 0.000 0.000 0.000 23.475 17.474 24.473 0.000 0.000 0.000 0.000 0.000 0.000 19.554 36.554 50.554 45.553 38.553 40.554 1.553 26.552 35.550 28.548 24.547 0.000 0.000 0.000 0.000 0.000 5.925 10.925 15.924 0.000
0.000 0.000 2.085 51.085 0.000 6.253 72.149 84.067 90.986 90.947 91.073 96.759 96.573 88.752 90.543 90.202 90.124 83.028 48.956 0.000 0.000 0.000 0.000 37.997 31.837 39.667 37.458 37.261 38.087 15.957 0.000 0.000 0.000 0.000 0.000 37.429 31.403 31.369 33.339 37.322 39.320 0.000 0.000 0.000 0.000 4.474 23.473 0.000 0.000 0.000 0.000 0.000 0.000 0.000 15.552 26.552 33.551 25.551 22.551 0.000 0.000 0.000 19.548 23.547 32.546 0.000 0.000 0.000 0.000 0.000 0.000 10.924 11.924 0.000
0.000 0.000 0.000 0.000 6.438 75.357 80.272 91.197 91.071 92.302 92.328 96.933 89.068 90.838 90.398 90.331 80.222 69.129 33.042 0.000 0.000 0.000 32.306 54.157 39.008 30.856 38.699 36.557 39.446 9.387 0.000 0.000 0.000 0.000 26.391 33.397 32.386 32.367 29.349 25.337 27.332 0.000 0.000 0.000 0.000 0.000 30.472 0.000 0.000 0.000 0.000 0.000 0.000 0.000 17.550 16.550 15.550 13.549 19.549 0.000 0.000 0.000 0.000 17.545 35.544 0.000 0.000 0.000 0.000 0.000 0.000 3.924 16.924 29.924
0.000 0.000 0.000 0.000 78.520 77.464 91.394 91.295 92.448 92.472 97.247 97.095 90.027 91.703 89.539 75.415 64.315 38.222 0.000 0.000 0.000 26.593 44.455 44.318 51.182 39.049 28.925 34.821 44.755 47.758 10.899 0.000 0.000 0.000 38.385 32.384 32.377 31.365 27.353 21.344 22.340 0.000 0.000 0.000 0.000 0.000 3.471 11.470 0.000 0.000 0.000 0.000 0.000 0.000 19.549 13.548 14.548 14.548 16.547 0.000 0.000 0.000 0.000 4.544 25.543 3.541 0.000 0.000 0.000 0.000 0.000 0.000 0.000 0.000
0.000 0.000 0.000 17.749 78.659 90.586 91.514 92.484 94.629 97.530 97.391 89.350 91.104 87.748 76.640 65.484 37.399 0.000 0.000 0.000 28.859 49.732 35.604 27.477 41.353 53.236 41.131 44.047 44.996 31.991 38.041 17.105 0.000 0.000 30.380 26.377 33.372 28.363 20.355 19.348 23.344 0.000 0.000 0.000 0.000 0.000 0.000 30.470 0.000 0.000 0.000 0.000 0.000 0.000 1.547 16.547 14.546 14.546 14.545 22.544 0.000 0.000 0.000 0.000 6.541 17.540 23.540 0.000 0.000 0.000 0.000 0.000 0.000 0.000
0.000 0.000 0.000 60.840 86.779 92.715 91.596 91.835 89.882 97.662 89.645 91.401 85.961 74.886 49.759 0.000 0.000 0.000 0.000 29.093 49.987 36.872 25.752 25.632 27.517 38.410 53.316 44.240 29.191 37.169 39.169 13.169 0.000 0.000 55.377 42.375 31.370 25.363 21.355 18.348 19.344 13.343 0.000 0.000 0.000 0.000 0.000 9.470 0.000 0.000 0.000 0.000 0.000 0.000 0.000 18.545 14.545 14.545 14.544 16.544 0.542 0.000 0.000 0.000 0.000 14.539 17.539 0.000 0.000 0.000 0.000 0.000 0.000 0.000
0.000 0.000 64.099 60.991 66.912 81.814 92.969 90.008 97.907 97.788 90.579 86.259 75.105 53.993 0.000 0.000 11.270 0.000 0.000 54.200 37.123 26.016 26.900 25.784 28.673 42.572 51.483 52.406 36.360 32.326 43.297 17.233 0.000 0.000 0.000 0.000 0.000 0.000 0.000 22.344 29.342 30.341 16.340 0.000 0.000 0.000 0.000 0.000 0.000 0.000 0.000 0.000 0.000 0.000 0.000 18.544 17.544 20.544 15.544 12.543 21.542 0.000 0.000 0.000 0.000 28.538 33.538 0.000 0.000 0.000 0.000 0.000 0.000 0.000
0.000 3.301 65.207 62.116 63.034 73.001 89.149 98.134 98.022 89.869 86.627 74.292 48.211 0.000 0.000 28.304 27.270 9.222 0.000 42.384 26.289 27.171 26.049 26.931 41.821 47.722 11.638 2.574 54.516 40.480 18.460 0.000 0.000 0.000 0.000 0.000 0.000 0.000 0.000 40.342 34.341 31.340 27.340 0.000 0.000 0.000 0.000 0.000 0.000 0.000 0.000 0.000 0.000 0.000 6.542 15.543 0.000 0.000 0.000 15.541 19.541 0.000 0.000 0.000 0.000 32.538 1.538 0.000 0.000 0.000 0.000 0.000 0.000 0.000
78.471 66.394 63.313 61.237 62.111 63.345 67.397 98.242 89.116 84.871 74.456 48.409 0.000 0.000 0.000 32.339 30.285 50.174 33.959 26.662 27.480 26.330 29.194 49.069 45.957 26.857 22.772 27.704 55.651 52.617 16.602 0.000 0.000 0.000 0.000 0.000 0.000 0.000 0.000 47.340 47.340 42.339 33.339 0.000 0.000 0.000 0.000 0.000 0.000 0.000 0.000 0.000 0.000 0.000 18.542 20.542 0.000 0.000 0.000 18.541 19.541 0.000 0.000 0.000 0.000 3.538 0.000 0.000 0.000 0.000 0.000 0.000 0.000 0.000
76.548 90.492 82.422 67.324 68.475 60.514 98.445 98.345 67.994 72.669 48.565 0.000 0.000 0.000 0.000 34.427 47.357 45.229 27.043 26.825 26.638 37.474 49.328 38.197 27.080 26.977 26.891 27.820 36.768 54.736 50.731 11.774 0.000 0.000 0.000 0.000 0.000 0.000 0.000 33.339 35.339 47.338 48.338 4.337 0.000 0.000 0.000 0.000 0.000 0.000 0.000 0.000 0.000 10.541 20.541 0.000 0.000 0.000 0.000 19.541 17.540 0.000 0.000 0.000 0.000 0.000 0.000 0.000 0.000 0.000 0.000 0.000 0.000 0.000
89.681 92.605 92.532 87.500 77.648 98.639 98.542 60.129 54.919 0.000 0.000 0.000 0.000 0.000 0.000 45.586 50.489 26.341 28.158 27.960 39.772 48.601 30.448 27.310 27.189 27.082 26.992 26.919 26.864 35.827 55.811 48.818 22.834 13.838 17.839 0.000 0.000 0.000 0.000 0.000 13.338 53.337 53.337 14.337 0.000 0.000 0.000 0.000 0.000 0.000 0.000 0.000 0.000 0.000 0.000 0.000 0.000 0.000 0.000 0.000 26.540 0.000 0.000 0.000 0.000 0.000 0.000 0.000 0.000 0.000 0.000 0.000 0.000 0.000
92.792 92.723 92.603 96.839 87.890 98.734 60.188 62.852 57.622 0.000 0.000 0.000 0.000 0.000 39.029 50.841 27.674 28.489 28.288 36.084 48.889 26.712 27.552 27.409 27.282 27.171 27.078 27.001 26.941 26.897 30.868 31.854 26.846 27.841 34.840 16.839 0.000 0.000 0.000 0.000 0.000 8.337 44.337 7.336 0.000 0.000 0.000 0.000 0.000 0.000 0.000 0.000 0.000 0.000 0.000 0.000 0.000 0.000 0.000 0.000 0.000 0.000 0.000 0.000 0.000 0.000 0.000 0.000 0.000 0.000 0.000 0.000 0.000 0.000
88.904 92.809 93.964 91.004 98.918 98.826 64.777 49.118 0.000 0.000 0.000 0.000 0.000 0.000 56.218 33.074 28.876 28.653 30.422 51.198 30.990 27.804 27.639 27.491 27.359 27.244 27.146 27.067 27.003 26.952 25.912 24.881 27.858 9.840 0.000 0.000 0.000 0.000 0.000 0.000 0.000 0.000 37.336 25.336 0.000 0.000 0.000 0.000 0.000 0.000 0.000 0.000 0.000 0.000 0.000 0.000 0.000 0.000 0.000 0.000 0.000 0.000 0.000 0.000 0.000 0.000 0.000 0.000 0.000 0.000 0.000 0.000 0.000 0.000
68.013 71.985 68.136 99.101 99.010 76.368 57.419 48.125 0.000 0.000 0.000 0.000 0.000 0.000 31.552 27.361 27.105 25.824 38.550 31.296 25.070 25.877 25.709 25.558 25.419 26.298 27.197 27.117 27.051 25.997 23.948 25.902 25.862 22.823 12.771 15.720 17.670 16.623 18.586 0.000 0.000 0.000 0.000 34.335 6.335 0.000 0.000 0.000 0.000 0.000 0.000 0.000 0.000 0.000 0.000 0.000 0.000 0.000 0.000 0.000 0.000 0.000 0.000 0.000 0.000 0.000 0.000 0.000 0.000 0.000 0.000 0.000 0.000 0.000
105.083 70.325 100.377 99.189 59.012 49.560 0.000 63.117 21.157 0.000 0.000 0.000 0.000 75.520 54.077 24.712 32.358 42.988 41.657 37.368 35.118 34.923 34.762 33.613 27.463 23.331 27.230 27.151 27.089 26.035 25.982 29.917 29.866 30.819 40.770 40.719 36.667 29.613 28.549 7.499 0.000 0.000 0.000 0.000 0.000 0.000 0.000 0.000 0.000 0.000 0.000 0.000 0.000 0.000 0.000 0.000 0.000 0.000 0.000 0.000 0.000 0.000 0.000 0.000 0.000 0.000 0.000 0.000 0.000 0.000 0.000 0.000 0.000 0.000
109.875 107.916 99.354 99.274 87.114 0.000 30.047 58.047 131.198 106.589 0.000 22.922 12.443 73.963 33.525 31.054 102.628 93.113 88.723 88.400 87.110 85.937 84.802 83.671 54.489 21.334 27.239 27.170 27.118 27.074 19.028 0.000 0.000 0.000 0.000 0.000 0.000 0.000 45.499 24.449 0.000 0.000 0.000 0.000 0.000 0.000 0.000 0.000 0.000 0.000 0.000 0.000 0.000 0.000 0.000 0.000 0.000 0.000 0.000 0.000 0.000 0.000 0.000 0.000 0.000 0.000 0.000 0.000 0.000 0.000 0.000 0.000 0.000 0.000
109.039 99.503 99.430 83.683 0.000 0.000 0.000 1.131 51.998 39.980 0.000 4.402 0.000 33.366 30.006 39.349 94.989 0.000 0.000 0.000 30.984 39.914 100.838 13.779 0.000 31.277 27.221 27.174 28.138 10.115 0.000 0.000 0.000 0.000 0.000 0.000 0.000 0.000 0.000 45.349 0.579 0.000 0.000 0.000 0.000 0.000 0.000 0.000 0.000 0.000 0.000 0.000 0.000 0.000 0.000 0.000 0.000 0.000 0.000 0.000 0.000 0.000 0.000 0.000 0.000 0.000 0.000 0.000 0.000 0.000 0.000 0.000 0.000 0.000
108.266 99.571 108.182 110.027 30.315 0.000 6.854 33.854 43.727 21.353 0.000 25.882 71.713 70.129 62.784 0.000 13.988 0.000 0.000 13.928 41.928 86.897 49.858 14.828 0.000 0.000 33.194 27.167 28.146 9.134 0.000 0.000 0.000 0.000 0.000 0.000 0.000 0.000 0.000 0.000 17.737 0.000 0.000 0.000 0.000 0.000 0.000 0.000 0.000 0.000 0.000 0.000 0.000 0.000 0.000 0.000 0.000 0.000 0.000 0.000 0.000 0.000 0.000 0.000 0.000 0.000 0.000 0.000 0.000 0.000 0.000 0.000 0.000 0.000
99.692 99.634 88.693 31.456 0.000 0.000 0.000 0.000 20.701 0.000 0.000 19.532 63.128 116.652 52.218 0.000 0.000 0.000 0.000 0.000 55.904 90.889 20.868 17.848 0.000 0.000 0.000 32.153 26.146 24.141 22.141 10.141 0.000 0.000 0.000 0.000 0.000 0.000 0.000 0.000 31.648 0.000 0.000 0.000 0.000 0.000 0.000 0.000 0.000 0.000 0.000 0.000 0.000 0.000 0.000 0.000 0.000 0.000 0.000 0.000 0.000 0.000 0.000 0.000 0.000 0.000 0.000 0.000 0.000 0.000 0.000 0.000 0.000 0.000
