results4_8e4_rain/res_4e8f-0233.wd
ncols         241
nrows         181
xllcorner     12693529.787448
yllcorner     3542525.717860
cellsize      155.156523
NODATA_value  -9999.000000
[rows 132 to 164 of 181, columns 0 to 72 of 241]
96.420 101.420 105.420 105.419 107.418 107.416 101.415 92.413 78.411 67.408 66.405 67.402 66.398 65.394 70.390 84.385 95.379 100.373 100.366 97.357 89.347 80.335 71.321 65.303 70.281 72.252 71.218 72.181 70.149 65.119 79.091 102.063 69.039 0.000 0.000 0.000 8.824 60.818 72.813 69.794 71.780 77.772 95.773 81.779 65.789 64.801 64.815 76.832 97.850 38.870 11.893 6.926 0.000 0.000 0.000 0.000 0.000 0.000 0.000 0.000 0.000 0.204 3.205 1.205 28.205 8.129 12.054 52.958 75.817 79.720 79.614 89.702 117.169
74.425 76.425 79.424 85.424 95.422 101.421 106.420 106.418 99.415 85.413 74.410 68.407 72.403 79.399 92.394 107.389 106.384 103.377 103.370 106.361 106.351 102.339 90.325 78.308 70.288 65.264 66.237 65.209 66.183 74.159 96.138 104.120 16.108 0.000 0.000 0.000 18.831 46.837 64.861 73.858 74.847 71.836 72.841 82.847 77.854 70.862 74.872 82.884 95.897 36.913 22.933 28.960 8.989 0.000 0.000 0.000 0.000 0.000 0.000 0.000 0.000 0.000 0.000 0.000 10.280 0.000 60.078 82.000 77.883 86.858 77.923 117.289 106.049
66.430 66.430 66.429 68.428 73.427 77.426 84.425 93.423 101.420 104.418 98.415 96.412 98.408 101.404 100.399 93.394 84.389 82.382 82.375 87.366 93.356 100.345 103.332 102.317 91.299 81.279 76.258 74.236 83.215 99.197 100.181 86.171 19.166 0.000 0.000 0.000 0.000 0.000 47.938 74.930 53.915 41.886 56.906 71.913 86.918 90.923 92.928 93.934 89.943 16.954 3.964 31.992 29.019 17.046 23.058 17.062 0.000 0.000 0.000 0.000 0.000 0.000 44.494 14.444 80.355 102.291 135.148 91.124 86.178 67.138 103.205 107.729 107.639
67.435 67.435 67.434 67.434 66.433 65.431 67.430 72.428 78.426 88.423 98.420 100.417 93.414 83.410 77.405 69.400 65.394 65.388 65.381 67.373 72.363 78.353 85.341 97.327 102.312 104.296 103.278 99.261 102.245 95.231 77.221 69.215 48.218 6.240 0.000 0.000 0.000 0.000 41.022 74.008 16.998 0.000 49.983 74.983 93.983 101.982 87.982 90.982 76.986 34.994 1.007 59.026 28.047 20.062 31.065 31.066 2.068 0.000 0.000 0.000 0.000 31.596 50.544 123.486 152.410 135.293 118.850 117.797 109.470 108.111 107.991 107.865 73.087
67.441 67.440 67.440 67.439 67.438 67.437 67.435 66.434 66.431 69.429 75.426 74.423 70.419 66.415 66.411 66.406 67.401 67.395 67.388 67.380 66.372 65.362 67.351 73.339 80.326 89.313 97.299 93.285 82.273 70.262 66.255 71.251 79.253 55.261 33.268 33.259 19.236 20.194 56.120 77.081 27.071 9.086 69.061 101.052 103.047 82.042 85.035 84.025 72.027 61.037 12.036 40.048 14.080 2.089 15.075 2.070 4.070 2.064 0.000 0.000 0.000 12.651 75.598 81.519 77.507 78.668 76.644 108.431 108.330 108.224 75.427 78.207 80.082
67.446 67.446 67.446 67.445 67.444 67.443 67.441 67.440 67.437 67.435 66.432 66.429 66.426 67.422 67.418 67.413 67.408 67.402 67.396 67.389 67.381 67.372 67.363 66.353 65.342 66.330 70.319 68.308 67.299 71.291 74.285 73.282 71.282 73.283 73.283 70.274 70.256 74.226 49.182 35.127 24.118 42.126 87.122 101.117 81.112 74.104 73.091 53.058 49.058 12.089 0.146 0.000 2.137 4.138 0.000 0.000 8.077 23.058 38.015 7.952 21.873 84.729 91.719 89.793 87.780 88.862 108.619 108.527 89.665 96.459 89.316 95.092 86.936
67.452 67.452 67.452 67.451 67.450 67.449 67.447 67.446 67.444 67.442 67.439 67.436 67.432 67.429 67.425 67.420 67.416 67.411 67.405 66.398 73.391 75.384 67.375 66.366 65.357 66.348 68.339 71.330 74.323 73.317 68.312 69.310 76.309 79.308 75.306 69.299 66.287 75.271 6.255 0.000 9.148 82.179 91.185 78.183 70.179 90.172 36.167 0.000 0.000 2.195 3.224 3.223 3.194 4.188 0.000 0.000 33.103 75.077 104.035 64.974 97.861 106.022 102.987 102.079 108.876 108.794 108.708 101.746 103.626 103.327 102.191 101.126 19.045
67.458 67.458 67.458 67.457 67.456 67.455 67.454 67.452 67.451 67.448 70.446 70.443 68.439 72.436 70.432 67.428 67.424 67.419 66.414 64.408 75.402 83.395 69.388 66.381 68.373 71.365 73.358 72.351 69.346 71.341 76.338 78.336 79.335 79.334 74.333 68.329 77.323 96.316 15.311 0.000 0.000 56.255 79.255 76.252 80.247 100.240 34.237 0.000 3.274 3.249 3.256 3.251 3.226 5.234 0.000 31.200 83.158 99.112 102.047 107.050 104.219 101.212 109.100 109.029 108.955 101.049 101.837 102.714 102.397 102.372 95.306 72.216 0.000
67.465 67.464 67.464 67.464 67.463 67.462 67.461 67.459 67.458 68.455 75.453 75.450 52.447 20.443 41.439 71.436 65.433 68.429 74.424 77.419 77.414 73.408 69.401 70.395 73.389 72.382 71.377 73.372 77.367 77.364 79.362 78.361 69.361 64.361 66.361 79.361 98.361 108.361 30.362 0.000 0.000 31.332 87.328 89.324 96.316 95.304 31.304 0.000 3.298 1.297 2.298 3.300 0.000 9.286 35.285 79.251 101.182 104.206 103.301 103.308 102.404 109.234 109.168 101.247 102.051 102.917 102.706 102.565 102.524 94.460 86.420 0.000 0.000
67.471 67.471 67.471 67.470 67.469 67.469 67.468 67.466 67.465 69.463 78.461 89.458 65.454 2.451 8.445 56.444 82.442 74.439 72.435 72.430 70.425 69.420 71.415 73.409 71.404 67.399 69.394 81.391 83.388 73.386 67.385 64.386 64.387 69.389 83.391 99.393 96.397 80.403 52.415 20.441 14.442 58.412 87.403 69.399 60.389 52.355 17.372 1.411 1.347 22.338 13.339 3.351 0.000 28.341 79.325 101.254 103.461 102.461 102.575 109.420 109.361 109.299 101.305 103.194 102.909 102.786 102.734 102.664 96.591 83.530 73.494 0.000 0.000
67.478 67.478 67.477 67.477 67.476 67.476 67.475 67.474 67.473 69.471 79.469 66.466 22.461 4.462 0.000 24.455 78.453 70.449 72.446 71.442 69.437 72.433 73.428 70.424 67.419 63.415 73.412 87.409 74.407 64.407 65.408 70.409 80.412 91.415 102.420 95.425 73.431 68.440 87.452 94.467 95.473 99.470 74.472 35.479 7.486 0.000 1.552 1.557 0.000 35.353 22.368 2.415 33.435 79.387 101.421 103.622 102.648 109.583 109.531 109.478 101.567 102.369 103.261 102.963 102.951 102.894 102.821 103.733 91.656 62.573 51.534 9.534 3.534
66.485 66.484 67.484 67.484 67.483 67.483 67.482 67.482 67.481 70.480 80.478 51.477 0.000 10.473 48.474 50.468 67.464 69.460 57.457 39.453 77.450 72.446 68.442 67.438 65.434 67.431 83.428 86.426 68.426 71.427 83.429 92.432 101.436 99.441 87.447 73.455 66.464 82.474 86.487 74.501 55.513 53.524 41.538 21.558 10.591 4.656 2.672 22.687 17.705 0.000 0.000 27.480 79.540 102.662 103.696 101.817 109.680 109.633 101.725 102.539 103.421 103.230 103.110 103.090 103.039 102.990 105.923 69.794 49.724 0.000 0.000 0.000 0.000
75.492 73.491 70.491 68.490 65.490 65.490 65.490 65.490 64.489 69.488 81.488 64.488 45.489 53.484 71.482 67.478 64.475 70.471 65.468 52.465 72.462 66.459 65.455 65.452 67.448 81.445 89.443 55.442 47.443 97.445 102.449 97.454 86.460 76.466 68.474 64.483 75.494 87.506 55.521 30.537 13.555 4.574 21.597 20.626 10.662 11.705 14.731 42.742 26.724 0.000 0.000 59.775 101.819 100.953 109.816 109.772 109.727 101.758 103.656 103.383 103.278 103.250 105.210 100.161 102.133 103.108 114.087 0.000 0.000 0.000 0.000 0.000 0.000
76.500 78.499 84.497 85.497 85.497 82.498 83.498 82.498 81.497 81.497 83.496 66.496 70.495 69.493 66.491 69.488 69.485 68.483 73.480 75.477 69.474 63.472 65.469 67.466 81.463 86.460 75.457 69.456 78.458 101.462 84.468 75.475 67.482 65.490 67.499 66.510 80.522 89.536 53.553 29.572 17.594 19.620 22.651 14.687 15.728 21.770 23.804 16.827 0.000 0.000 38.017 80.037 109.932 109.895 109.857 101.988 102.796 103.698 103.409 103.408 104.368 104.325 77.283 55.223 90.224 104.220 109.230 49.287 0.000 0.000 0.000 0.000 0.000
69.508 63.507 16.502 18.502 27.505 74.506 71.506 71.506 71.506 75.506 84.505 65.504 66.503 65.502 68.500 72.498 73.496 71.494 70.491 73.489 74.487 71.485 65.482 82.480 88.477 79.473 85.470 102.469 99.470 81.477 69.487 65.496 67.504 67.513 66.523 71.535 87.548 89.564 81.582 84.604 55.630 17.661 9.699 8.744 20.792 27.841 17.890 14.937 6.967 33.137 81.185 110.000 109.967 102.125 102.938 103.827 103.642 103.531 103.518 104.473 102.435 96.397 21.377 0.000 72.320 107.318 104.325 103.345 0.000 0.000 0.000 0.000 0.000
67.519 59.518 0.000 0.514 9.515 70.515 66.515 66.515 66.515 70.514 84.514 62.513 66.512 70.511 72.510 73.508 70.506 67.505 65.503 67.501 77.500 90.498 85.496 86.494 63.491 57.487 109.480 95.477 62.479 22.487 42.506 70.517 67.526 67.535 69.546 62.558 46.572 36.589 48.608 88.632 64.660 17.695 12.741 7.797 16.854 21.914 15.978 21.036 21.120 59.266 110.049 101.311 105.052 103.960 103.776 103.668 103.647 103.613 104.574 104.539 69.502 45.450 31.452 34.460 85.419 106.406 102.407 93.423 11.458 0.000 0.000 0.000 0.000
67.529 67.530 50.534 0.524 10.524 71.524 67.524 67.524 66.523 67.523 82.523 69.522 72.521 74.520 73.519 68.518 65.517 66.516 66.514 65.513 75.512 98.511 94.510 81.509 74.507 65.502 41.488 30.482 17.480 0.000 23.534 72.539 67.547 69.555 52.566 26.579 11.594 8.611 50.631 67.654 36.682 8.720 11.774 16.848 23.912 19.984 14.072 7.149 10.440 58.490 110.112 104.200 103.964 103.787 103.774 103.741 103.703 103.668 101.636 92.607 25.585 0.000 42.519 101.510 106.490 104.478 98.476 88.482 6.493 0.000 0.000 0.000 0.000
64.538 66.539 63.540 0.000 6.533 71.533 66.533 64.533 66.532 70.532 74.531 73.531 73.530 71.530 65.529 66.528 66.527 67.527 67.526 72.525 90.525 89.524 82.524 91.525 89.525 60.526 0.000 0.000 0.000 0.000 21.557 72.560 67.566 70.574 41.585 3.598 37.613 63.631 83.651 52.673 4.693 0.759 0.826 5.910 15.963 16.041 16.143 10.375 6.983 110.290 110.203 103.105 103.954 103.857 103.826 103.790 103.756 105.723 90.693 73.667 33.647 9.640 57.595 87.571 96.553 105.541 94.536 83.536 5.539 0.000 0.000 0.000 0.000
71.546 69.546 58.547 0.000 57.543 65.542 67.542 71.542 72.541 73.541 71.541 72.540 70.540 66.539 66.539 67.538 67.538 66.537 68.537 91.537 90.537 72.538 85.539 83.540 87.543 85.550 48.567 4.576 13.581 43.582 48.576 68.578 67.583 67.591 62.601 54.614 71.630 70.648 64.669 86.692 34.715 0.785 0.851 9.936 14.990 13.067 14.161 38.303 62.691 110.372 105.428 105.180 104.922 103.911 103.874 103.840 104.807 102.775 57.746 34.720 46.697 47.677 101.649 103.627 83.610 93.597 88.590 61.587 26.587 0.000 0.000 0.000 0.000
72.554 73.554 70.555 58.557 72.553 72.552 72.551 73.550 73.550 74.550 86.550 68.549 66.549 66.549 67.549 67.548 67.548 68.548 82.548 93.549 68.549 72.550 99.552 91.554 79.558 82.564 85.573 69.581 74.586 89.588 82.589 70.592 63.597 63.605 74.615 90.628 77.644 49.662 21.684 76.711 65.747 14.804 17.862 22.926 18.993 10.079 12.145 53.425 105.672 110.449 102.408 105.062 105.993 103.958 103.923 103.889 96.856 86.825 43.796 14.769 23.745 24.722 85.698 127.678 108.661 84.649 76.641 55.636 64.635 17.635 0.000 3.850 7.850
77.561 77.561 73.561 73.562 73.561 74.560 74.560 70.559 67.559 66.559 29.559 19.559 70.558 67.558 67.558 67.558 66.559 69.559 93.559 79.560 64.561 70.562 87.564 104.567 99.571 96.576 94.582 90.588 86.592 85.596 93.599 90.603 84.609 80.617 83.627 87.639 49.655 13.673 12.695 28.721 24.759 9.810 18.857 28.912 24.981 16.079 9.239 52.493 110.591 110.522 105.300 107.147 104.036 104.007 104.971 100.937 84.904 77.873 83.843 89.816 73.791 95.767 110.744 127.725 136.708 120.696 82.687 87.683 62.681 0.000 0.000 0.000 0.000
16.569 17.569 77.568 72.569 72.569 67.568 64.568 66.568 61.568 14.568 14.568 3.568 71.568 67.568 67.568 67.568 67.569 85.569 92.570 65.571 67.572 67.574 70.576 76.579 78.582 78.587 74.591 77.596 93.600 86.604 77.608 80.613 87.619 91.626 94.636 91.648 66.663 31.681 14.700 13.718 0.000 2.818 13.846 22.886 6.933 0.000 22.454 82.702 110.658 102.638 106.368 106.107 104.093 104.053 105.018 99.983 86.950 52.919 59.889 102.861 113.835 145.811 136.788 108.768 96.752 113.739 92.730 86.726 61.726 0.753 0.000 0.000 0.000
3.577 12.576 26.573 81.576 66.577 64.577 66.577 66.576 67.576 14.577 5.577 60.577 68.577 67.577 67.578 67.578 69.579 93.580 78.580 64.582 67.583 67.585 67.587 66.590 66.593 66.597 65.601 72.605 101.609 80.612 11.617 19.621 31.627 82.634 92.642 76.654 81.668 68.687 20.709 17.732 2.763 7.797 20.824 12.851 0.000 0.000 40.623 110.787 110.723 105.521 107.264 103.174 104.137 104.099 104.063 104.028 90.995 53.963 68.933 105.904 101.877 135.852 130.829 99.809 104.791 90.778 71.768 89.764 67.766 1.779 0.000 0.000 0.000
65.585 61.585 0.000 73.585 83.585 84.585 65.585 77.585 84.585 60.585 58.586 68.586 67.586 67.587 67.587 67.588 86.589 90.590 65.591 67.592 66.594 65.595 67.598 67.600 67.603 67.606 66.610 74.613 103.617 84.621 30.624 3.629 54.634 79.639 92.647 71.656 61.669 20.691 13.716 16.737 14.761 22.784 26.802 0.827 0.000 19.538 81.794 110.848 102.773 106.499 106.243 104.223 104.181 104.144 104.107 105.072 96.038 85.006 107.975 132.946 120.918 137.892 134.868 128.846 135.827 101.812 78.801 88.795 96.794 25.798 0.000 0.000 0.000
67.594 66.595 61.597 67.594 66.594 14.593 88.593 80.593 67.594 68.594 68.594 67.595 67.596 67.596 67.597 70.598 93.599 76.600 66.601 67.602 73.604 81.606 67.608 65.610 67.613 66.616 69.619 93.622 101.625 76.628 64.632 52.635 74.639 73.644 34.649 19.655 16.662 0.000 5.726 5.740 6.758 7.777 9.789 0.000 22.581 79.746 101.927 110.907 103.736 104.381 104.305 104.264 104.225 104.187 104.150 105.114 96.080 79.047 75.016 107.986 97.957 111.930 114.904 102.881 104.860 76.842 53.829 67.821 134.818 87.821 22.832 12.840 34.845
67.602 67.602 67.603 67.602 67.602 61.601 77.602 93.602 69.602 66.603 67.603 67.604 67.605 67.606 66.606 89.607 91.608 65.609 67.610 68.612 65.614 27.616 86.618 81.620 68.623 66.625 84.628 103.631 87.633 67.636 67.639 68.642 71.645 75.647 12.649 13.652 0.000 2.721 17.723 0.000 0.741 0.000 0.000 0.000 45.684 102.873 111.019 110.964 103.620 104.457 104.341 104.307 104.266 104.228 104.191 103.155 88.121 90.087 110.055 129.024 127.994 132.966 137.939 124.913 122.889 109.868 58.852 56.842 132.837 96.836 34.837 27.841 92.847
67.609 67.609 67.609 67.609 67.609 67.609 67.610 78.610 93.611 69.611 66.612 67.613 67.614 65.615 73.616 94.617 74.618 66.619 68.620 66.621 8.623 5.626 74.628 75.630 81.632 80.635 88.637 87.639 68.641 66.644 68.646 71.648 76.650 76.652 0.000 0.000 0.000 4.720 28.720 15.721 16.723 15.722 0.000 6.755 53.914 108.083 111.073 102.955 104.673 104.409 104.390 104.346 104.307 104.268 104.231 104.195 90.160 86.126 107.093 108.061 108.030 111.000 110.971 109.943 114.916 87.889 63.869 78.857 93.852 32.850 0.000 0.000 36.853
67.616 69.616 69.616 67.617 67.617 67.617 67.617 67.618 78.619 93.620 69.621 64.622 64.623 81.624 93.625 87.627 64.628 67.629 63.629 9.628 6.633 60.636 67.638 67.640 73.642 90.644 90.646 83.648 76.650 68.651 55.653 25.655 90.657 70.658 0.000 0.000 0.000 3.717 17.718 10.720 24.721 13.721 0.000 6.890 26.993 111.177 111.125 103.824 104.561 104.467 104.427 104.386 104.346 104.307 104.270 105.234 100.199 90.164 85.130 84.097 84.065 84.034 84.003 87.973 61.941 5.903 31.878 87.867 83.862 44.861 6.865 0.000 35.858
68.623 5.623 6.623 67.624 66.624 65.625 65.625 64.626 64.627 77.628 92.629 85.630 92.632 94.633 81.635 65.636 72.638 72.639 60.641 0.000 8.646 71.647 67.648 69.650 93.652 100.653 78.655 69.656 76.658 83.659 71.661 7.662 50.663 68.664 0.000 0.000 0.000 4.714 10.716 7.718 21.720 0.000 0.000 6.943 12.259 111.227 109.072 104.789 104.531 104.509 104.464 104.423 104.384 104.345 104.308 104.272 105.236 104.201 102.167 101.133 101.099 102.067 104.035 78.004 19.972 0.000 16.874 72.870 103.868 94.868 67.869 43.869 60.864
67.630 66.630 1.631 66.631 77.631 81.632 85.633 90.634 93.635 94.636 94.637 94.639 80.641 67.642 83.644 100.646 101.648 101.650 94.653 72.659 7.657 68.658 66.659 75.660 103.661 90.662 67.663 66.665 68.666 71.667 62.668 7.669 27.671 27.672 0.000 0.000 0.000 10.710 5.713 0.000 4.720 0.000 14.961 16.178 6.604 111.276 113.023 108.663 104.585 104.542 104.500 104.459 104.420 104.382 104.345 104.309 104.273 104.238 104.203 104.168 105.132 108.099 80.067 13.036 0.000 5.933 0.000 17.872 73.873 104.874 95.875 71.873 48.867
67.637 69.637 65.638 67.638 82.639 81.639 77.640 73.641 72.643 68.644 89.646 79.647 90.649 81.651 97.653 93.655 86.658 87.660 98.663 104.666 93.667 94.668 86.669 94.670 102.671 75.671 66.672 67.673 67.674 66.675 66.676 68.677 63.678 12.681 72.687 63.692 2.696 4.702 0.000 0.000 0.000 5.968 84.011 81.215 111.368 111.322 106.899 107.730 104.613 104.577 104.534 104.494 104.456 104.418 104.381 104.345 104.310 104.275 104.239 106.203 111.163 80.130 20.098 0.000 0.000 2.933 1.933 0.000 14.877 65.881 100.883 50.883 0.000
69.644 5.644 64.645 67.645 67.646 67.647 66.648 67.649 69.650 67.652 79.654 74.656 83.658 94.660 82.663 67.665 68.667 69.670 70.673 75.675 88.677 98.678 104.679 102.680 91.680 67.681 67.681 67.682 67.682 67.682 68.683 91.683 64.684 4.686 68.689 18.692 12.696 5.699 0.000 0.000 0.000 15.955 104.160 106.373 111.411 105.229 104.939 104.674 104.654 104.608 104.568 104.528 104.490 104.453 104.416 104.381 104.346 104.312 106.277 91.240 45.187 12.158 0.000 4.934 2.934 22.933 29.933 0.000 0.000 36.891 98.892 50.892 0.000
70.650 3.651 64.651 67.652 67.653 67.654 67.655 68.656 6.658 66.660 70.662 81.664 81.666 89.669 94.672 80.674 65.677 65.680 65.682 67.685 69.687 70.688 71.689 71.690 70.690 69.690 65.690 65.690 66.690 67.690 78.690 92.689 63.689 57.690 59.691 0.000 0.000 5.699 0.000 0.000 0.000 20.051 103.173 111.496 111.454 104.086 104.818 104.723 104.682 104.640 104.599 104.560 104.523 104.486 104.451 104.416 104.382 104.349 109.318 65.294 0.000 0.000 2.937 0.935 2.934 17.933 24.932 0.000 0.000 39.901 99.901 58.902 0.000
