results4_8e4_rain/res_4e8f-0104.wd
ncols         241
nrows         181
xllcorner     12693529.787448
yllcorner     3542525.717860
cellsize      155.156523
NODATA_value  -9999.000000
[rows 99 to 131 of 181, columns 73 to 145 of 241]
56.654 56.637 56.619 55.602 55.586 60.569 63.553 60.537 56.526 56.521 50.522 6.524 0.000 0.000 0.000 0.000 0.000 12.178 70.244 95.242 93.257 92.430 99.131 99.058 92.161 92.856 92.701 92.590 93.484 93.384 92.293 96.214 55.158 0.000 0.000 0.000 0.000 0.000 0.000 23.885 49.798 61.623 29.328 11.157 41.102 44.030 41.941 45.816 42.550 40.114 9.712 34.429 38.283 53.186 59.115 62.062 60.023 54.995 47.976 42.966 37.960 15.952 0.000 0.000 0.000 0.000 9.986 27.985 39.985 63.985 64.985 64.984 64.984
56.683 56.667 55.650 53.633 57.616 62.598 63.579 63.556 57.540 54.531 59.528 59.527 20.528 0.000 15.168 45.126 22.042 1.746 58.521 98.411 93.669 93.692 99.192 91.483 93.269 92.921 92.831 92.718 92.610 92.508 94.418 93.344 29.292 0.000 0.000 0.000 0.000 0.000 0.000 28.082 34.015 44.940 0.000 0.000 36.278 44.215 43.112 46.960 46.720 17.417 0.000 29.317 43.251 48.177 69.118 70.073 70.038 71.013 71.995 69.985 50.980 0.000 0.000 0.000 0.000 0.000 0.000 26.982 39.982 63.981 64.980 64.980 64.979
56.712 55.697 55.681 58.664 61.646 62.628 37.608 1.570 30.548 66.537 39.531 13.529 5.528 0.000 26.210 76.167 73.081 64.943 83.745 94.872 91.851 99.278 92.772 93.576 93.141 93.074 92.955 92.842 92.729 93.621 91.527 79.450 26.375 0.000 0.000 0.000 0.000 0.000 31.515 38.345 36.242 37.182 10.214 0.000 42.516 60.439 53.332 48.191 22.955 0.000 0.000 12.271 2.226 42.154 67.108 71.073 69.045 69.023 69.008 70.998 43.994 37.998 37.999 44.000 0.000 0.000 0.000 3.980 38.978 63.977 64.976 64.976 64.975
55.742 54.728 59.713 62.696 62.678 62.660 27.648 0.000 0.000 9.536 0.533 0.000 0.000 0.000 19.295 82.253 88.174 96.068 95.992 93.098 99.635 99.414 92.746 93.455 93.304 93.193 93.081 92.966 92.845 98.719 48.621 16.555 0.485 0.000 0.000 0.000 0.000 22.831 40.684 36.543 36.426 35.331 41.246 7.093 35.833 61.691 60.589 58.515 0.000 0.000 0.000 0.000 0.000 40.107 69.088 73.066 70.045 69.028 67.015 56.006 37.002 33.001 34.001 18.000 0.000 0.000 0.000 0.000 34.974 63.973 64.973 64.972 60.971
54.773 60.761 62.746 62.728 60.708 66.687 36.675 0.000 0.000 0.000 0.000 0.000 0.000 0.000 30.423 88.372 91.303 95.165 94.381 94.378 99.832 92.142 93.846 93.519 93.431 93.319 93.210 97.096 102.966 57.789 26.681 1.642 0.000 0.000 0.000 0.000 24.099 46.978 40.848 33.716 38.589 42.469 39.347 37.200 51.032 54.905 44.816 52.767 0.000 0.000 0.000 0.000 0.000 46.080 70.070 75.058 74.043 70.028 65.017 34.010 32.005 33.003 40.002 0.000 0.000 0.000 0.000 28.969 32.970 61.970 64.969 64.968 58.967
61.807 62.797 62.782 61.763 39.740 5.706 24.690 26.690 0.000 0.000 0.000 0.000 0.000 21.720 74.601 88.519 91.415 93.562 94.558 100.179 100.013 93.125 93.824 93.662 93.554 93.446 97.343 59.243 19.133 0.000 36.667 22.657 0.000 0.000 0.000 0.000 32.220 66.135 57.015 51.882 46.747 47.610 45.472 46.329 59.191 53.080 37.005 38.968 0.000 0.000 0.000 0.000 0.000 46.061 74.057 39.051 37.040 69.026 72.017 42.011 33.007 38.005 8.003 0.000 0.000 0.000 0.000 1.969 28.968 46.967 62.966 65.966 58.964
62.845 62.837 58.823 62.800 44.784 0.000 15.690 45.690 0.000 0.000 0.000 0.000 11.937 73.839 87.743 93.659 93.623 93.755 100.476 100.332 92.464 94.235 93.882 93.791 93.676 93.569 97.471 69.400 1.373 0.000 6.664 9.660 0.000 0.000 0.000 0.000 19.426 51.326 56.195 66.052 61.905 49.753 52.601 61.454 56.322 44.220 36.154 37.134 11.187 12.200 0.000 0.000 0.000 44.047 78.045 0.000 0.000 18.018 65.014 55.010 36.007 15.006 0.000 0.000 0.000 0.000 0.000 0.000 1.966 25.965 51.964 61.963 54.962
60.887 57.885 56.871 72.831 51.812 0.000 14.690 42.690 0.000 0.000 0.000 6.110 70.035 82.955 92.880 95.754 94.991 93.013 100.609 91.783 93.553 90.108 92.033 93.909 93.794 94.681 88.575 78.503 26.464 0.000 0.000 0.000 0.000 0.000 0.000 6.980 41.731 46.550 46.387 48.228 57.067 59.898 62.724 56.562 43.426 37.324 36.258 35.228 39.227 24.214 0.000 0.000 0.000 33.035 70.032 36.023 25.019 17.015 60.011 66.008 46.005 0.000 0.000 0.000 0.000 0.000 0.000 0.000 0.000 20.962 44.962 49.961 36.960
54.935 63.945 59.946 0.858 1.822 0.000 5.690 5.690 0.000 0.000 0.000 7.184 86.138 88.077 95.983 95.142 94.155 100.844 100.731 93.746 93.430 93.268 93.148 92.029 92.909 94.785 51.645 2.574 0.000 0.000 0.000 0.000 0.000 10.764 27.563 42.229 52.968 49.758 48.575 45.405 46.235 49.050 60.835 61.646 53.494 42.391 35.327 35.292 37.280 0.000 0.000 0.000 0.000 18.027 60.024 38.020 34.017 34.013 66.008 69.004 52.002 14.999 4.997 47.996 0.000 0.000 0.000 0.000 0.000 23.961 47.960 42.959 28.958
55.984 66.014 53.040 0.000 0.000 0.000 2.689 14.689 0.000 0.000 0.000 73.304 83.259 95.197 95.186 94.322 101.044 100.947 93.067 94.838 94.486 94.390 94.268 94.148 96.028 45.907 0.000 0.000 0.000 0.000 0.000 0.716 26.249 42.966 55.694 51.407 50.153 49.937 49.751 50.583 48.420 47.231 20.920 39.693 64.514 46.421 34.365 37.334 35.321 23.329 0.000 0.000 0.000 19.022 52.018 30.015 0.000 0.000 22.002 59.001 47.999 56.997 63.996 22.996 0.000 0.000 0.000 0.000 0.000 0.000 38.957 36.957 29.957
54.029 58.086 57.161 33.261 0.000 0.000 0.000 0.689 3.689 0.000 26.575 86.468 93.397 95.309 95.460 93.574 101.132 93.363 95.141 94.702 94.630 94.507 95.388 96.268 58.148 0.000 0.000 0.000 0.000 0.000 3.212 45.921 56.505 52.156 50.842 50.553 50.300 50.087 49.908 49.757 49.630 58.536 0.000 0.000 32.449 41.413 33.379 42.356 42.343 24.336 0.000 0.000 0.000 0.000 36.009 73.007 41.003 0.000 14.999 59.998 53.996 44.995 44.994 0.000 0.000 0.000 0.000 0.000 0.000 0.000 17.955 28.955 29.955
66.057 4.139 60.257 58.361 47.489 6.576 0.000 0.000 0.000 17.765 76.682 90.598 96.525 95.498 94.642 101.283 101.212 94.315 95.010 94.855 94.741 95.628 97.509 58.389 0.000 0.000 0.000 0.000 2.123 32.840 43.472 55.103 51.695 51.312 47.966 47.661 47.409 48.204 50.038 49.906 52.807 29.748 0.000 0.000 12.419 37.403 36.384 54.369 50.361 0.000 0.000 0.000 0.000 0.000 20.003 65.002 77.000 33.997 59.996 73.995 65.994 41.993 34.992 6.990 0.000 0.000 0.000 0.000 0.000 0.000 23.953 29.953 33.953
48.049 1.177 62.365 52.438 59.531 51.662 12.880 1.672 10.876 77.848 86.788 96.728 95.599 95.852 93.867 101.344 93.611 95.400 95.057 94.970 95.859 96.754 50.632 0.000 0.000 0.000 0.000 0.000 45.331 56.079 53.734 52.326 53.859 53.430 59.048 63.718 58.470 51.281 45.134 49.022 54.943 12.901 0.000 0.000 8.407 40.395 41.384 63.375 51.370 0.000 0.000 0.000 0.000 0.000 7.999 59.998 68.997 73.995 69.994 69.993 73.992 57.991 36.990 37.988 6.987 0.000 0.000 0.000 0.000 25.952 30.952 28.952 33.952
0.000 0.000 30.453 81.493 44.536 0.000 0.000 16.011 75.994 80.959 94.914 95.802 96.063 93.977 101.430 93.876 95.682 95.254 95.193 96.079 92.971 47.899 0.000 0.000 0.000 0.000 1.406 48.057 55.713 53.410 53.061 56.606 30.988 9.499 12.080 28.693 54.472 56.316 57.196 49.105 50.043 11.012 0.000 0.000 0.000 21.387 39.382 46.377 45.374 0.000 0.000 0.000 0.000 0.000 7.995 50.995 63.994 68.993 69.992 70.991 66.991 62.990 47.988 35.987 39.986 45.985 0.000 0.000 0.000 0.000 28.951 29.951 31.950
0.000 0.000 7.499 82.546 69.584 0.000 0.000 23.156 84.129 92.091 96.017 97.189 97.205 101.758 101.557 94.829 95.542 95.400 95.299 90.192 80.045 30.972 0.000 0.000 1.029 36.818 45.623 57.329 54.053 53.790 57.492 35.049 0.000 0.000 0.000 14.501 52.411 49.314 53.228 59.160 59.114 37.091 0.000 0.000 0.000 3.383 41.380 35.377 42.376 0.000 0.000 0.000 0.000 0.000 12.992 37.992 54.991 68.991 63.990 56.990 58.989 19.989 44.988 53.986 46.984 42.984 0.000 0.000 0.000 0.000 0.000 23.949 28.949
0.000 0.000 0.000 10.608 59.669 1.195 11.404 77.329 89.277 96.229 96.220 96.375 102.120 101.944 94.124 95.919 95.582 95.507 88.415 54.346 0.000 0.000 0.000 9.272 55.168 48.980 56.793 54.583 54.381 55.203 33.069 0.000 0.000 0.000 0.000 13.400 55.358 49.300 49.243 51.194 55.161 57.147 9.161 0.000 0.000 0.000 22.378 41.377 16.376 0.000 0.000 0.000 0.000 0.000 5.990 33.990 44.989 51.989 43.988 40.988 5.989 0.000 0.000 37.984 41.983 50.982 0.000 0.000 0.000 0.000 0.000 17.948 28.948
0.000 0.000 0.000 0.000 0.000 11.581 80.535 85.477 96.429 96.330 97.588 97.639 102.286 94.430 96.205 95.770 95.707 85.602 74.512 38.429 0.000 0.000 0.000 49.377 71.284 56.142 47.988 55.829 53.685 56.573 26.512 0.000 0.000 0.000 9.328 44.341 51.321 50.286 50.248 47.214 43.189 45.176 7.176 0.000 0.000 0.000 3.377 48.376 0.000 0.000 0.000 0.000 0.000 0.000 5.988 35.988 34.987 33.987 31.986 37.986 0.000 0.000 0.000 12.982 35.982 53.981 0.000 0.000 0.000 0.000 0.000 0.000 21.947
0.000 0.000 0.000 0.000 0.000 83.718 82.677 96.625 96.548 97.724 97.771 102.588 102.441 95.385 97.067 94.907 80.788 69.692 43.602 0.000 0.000 0.000 43.730 61.575 61.449 68.318 56.186 46.061 51.957 61.891 64.895 28.042 0.000 0.000 8.316 56.314 50.300 50.276 49.249 45.224 39.205 40.193 6.189 0.000 0.000 0.000 0.000 21.375 29.375 0.000 0.000 0.000 0.000 0.000 13.987 37.987 31.986 32.985 32.985 34.984 17.983 0.000 0.000 0.000 22.980 43.979 21.978 0.000 0.000 0.000 0.000 0.000 16.947
0.000 0.000 0.000 0.000 23.001 83.898 95.830 96.770 97.756 99.920 102.861 102.727 94.699 96.459 93.108 82.005 70.855 42.773 0.000 0.000 0.000 46.026 66.884 52.746 44.617 58.494 70.378 58.274 61.190 62.140 49.136 55.188 34.254 0.000 16.305 48.300 44.288 51.270 46.249 38.228 37.213 41.203 3.199 0.000 0.000 0.000 0.000 8.375 48.375 0.000 0.000 0.000 0.000 0.000 0.000 19.985 34.984 32.984 32.983 32.983 40.982 0.000 0.000 0.000 0.000 24.977 35.977 41.976 0.000 0.000 0.000 0.000 0.000
0.000 0.000 0.000 0.000 66.105 92.041 97.981 96.872 97.123 95.185 102.989 94.987 96.748 91.313 80.243 55.120 0.000 0.000 0.000 0.000 46.294 67.168 54.036 42.906 42.781 44.665 55.558 70.465 61.391 46.342 54.321 56.321 30.321 0.000 13.299 73.293 60.284 49.267 43.248 39.227 36.216 37.208 31.205 0.000 0.000 0.000 0.000 0.000 27.375 0.000 0.000 0.000 0.000 0.000 0.000 0.000 36.982 32.982 32.982 32.982 34.981 18.980 0.000 0.000 0.000 5.976 32.976 35.976 0.000 0.000 0.000 0.000 0.000
0.000 0.000 0.000 69.386 66.271 72.191 87.097 98.260 95.309 103.229 103.112 95.920 91.604 80.454 59.345 0.000 0.000 28.189 0.000 0.000 71.420 54.315 43.188 44.060 42.938 45.825 59.724 68.637 69.567 53.517 49.484 60.454 34.387 0.000 0.000 4.290 17.287 0.000 0.000 9.218 40.214 47.210 48.207 34.207 0.000 0.000 0.000 0.000 0.000 0.000 0.000 0.000 0.000 0.000 0.000 0.980 36.981 35.981 38.981 33.981 30.980 39.980 0.000 0.000 0.000 12.975 46.975 51.975 0.000 0.000 0.000 0.000 0.000
0.000 0.000 8.596 70.500 67.406 68.325 78.296 94.451 103.451 103.341 95.204 91.966 79.634 53.556 0.000 0.000 45.247 44.189 26.076 9.903 59.651 43.485 44.341 43.208 44.085 58.974 64.875 28.792 19.725 71.675 57.643 35.625 0.000 0.000 0.000 0.000 0.000 0.000 0.000 6.214 58.212 52.209 49.208 45.207 0.200 0.000 0.000 0.000 0.000 0.000 0.000 0.000 0.000 0.000 0.000 24.979 33.980 8.980 0.000 8.980 33.980 37.979 0.000 0.000 0.000 14.975 50.975 19.975 0.000 0.000 0.000 0.000 0.000
0.000 83.771 71.693 68.610 66.534 67.411 68.649 72.706 103.557 94.447 90.206 79.794 53.749 0.000 0.000 0.000 49.304 47.246 67.136 50.982 43.798 44.632 43.482 46.346 66.221 63.110 44.012 39.930 44.865 72.817 69.788 33.777 0.000 0.000 0.000 0.000 0.000 0.000 0.000 6.212 65.210 65.209 60.207 51.207 0.000 0.000 0.000 0.000 0.000 0.000 0.000 0.000 0.000 0.000 0.000 36.978 38.979 0.000 0.000 0.000 36.979 37.979 0.000 0.000 0.000 0.000 21.975 0.000 0.000 0.000 0.000 0.000 0.000
0.044 81.849 95.793 87.724 72.626 73.781 65.823 103.758 103.659 73.325 78.003 53.901 0.000 0.000 0.000 0.000 51.420 64.354 62.240 44.091 43.926 43.763 54.611 66.472 55.345 44.232 44.134 44.052 44.987 53.940 71.916 67.919 28.974 0.000 0.000 0.000 0.000 0.000 0.000 0.000 51.209 53.208 65.207 66.206 22.205 0.000 0.000 0.000 0.000 0.000 0.000 0.000 0.000 0.000 28.978 38.978 15.978 0.000 0.000 0.000 37.978 35.978 0.000 0.000 0.000 0.000 0.000 0.000 0.000 0.000 0.000 0.000 0.000
18.079 94.984 97.909 97.836 92.806 82.957 103.949 103.853 65.457 60.249 0.000 0.000 0.000 0.000 0.000 0.000 62.602 67.511 43.377 45.219 45.050 56.884 65.728 47.585 44.455 44.340 44.240 44.156 44.090 44.042 53.015 73.010 66.030 40.061 31.074 35.077 4.078 0.000 0.000 0.000 0.000 31.207 71.206 71.205 32.205 0.000 0.000 0.000 0.000 0.000 0.000 0.000 0.000 0.000 17.977 16.978 0.000 0.000 0.000 0.000 17.978 44.978 0.000 0.000 0.000 0.000 0.000 0.000 0.000 0.000 0.000 0.000 0.000
88.175 98.096 98.028 97.909 102.147 93.201 104.042 65.516 68.184 62.954 0.000 0.000 0.000 0.000 0.000 56.067 67.874 44.712 45.539 45.356 53.172 65.996 43.832 44.684 44.550 44.432 44.329 44.244 44.176 44.125 44.091 48.075 49.074 44.080 45.083 52.079 34.078 0.000 0.000 0.000 0.000 0.000 26.205 62.205 25.204 0.000 0.000 0.000 0.000 0.000 0.000 0.000 0.000 0.000 0.000 0.000 0.000 0.000 0.000 0.000 0.000 0.000 0.000 0.000 0.000 0.000 0.000 0.000 0.000 0.000 0.000 0.000 0.000
94.273 94.207 98.114 99.271 96.312 104.223 104.132 70.109 54.457 0.001 0.000 0.000 0.000 0.000 0.000 73.260 50.117 45.924 45.711 47.495 68.287 48.095 44.922 44.768 44.631 44.508 44.402 44.314 44.244 44.190 44.151 43.125 42.110 45.103 27.100 0.000 0.000 0.000 0.000 0.000 0.000 0.000 0.000 55.204 43.204 10.203 0.000 0.000 0.000 0.000 0.000 0.000 0.000 0.000 0.000 0.000 0.000 0.000 0.000 0.000 0.000 0.000 0.000 0.000 0.000 0.000 0.000 0.000 0.000 0.000 0.000 0.000 0.000
73.385 73.316 77.290 73.442 104.402 104.313 81.691 62.755 53.478 0.000 0.000 0.000 0.000 0.000 0.000 48.597 44.407 44.157 42.887 55.625 48.386 42.174 42.993 42.837 42.697 42.569 43.457 44.367 44.295 44.240 43.198 41.165 43.138 43.122 40.114 30.113 33.111 35.108 34.106 36.104 7.104 0.000 0.000 0.000 52.203 24.203 0.000 0.000 0.000 0.000 0.000 0.000 0.000 0.000 0.000 0.000 0.000 0.000 0.000 0.000 0.000 0.000 0.000 0.000 0.000 0.000 0.000 0.000 0.000 0.000 0.000 0.000 0.000
88.501 110.386 75.628 105.682 104.489 64.325 54.879 0.000 68.500 26.706 0.000 0.000 0.000 0.000 92.575 71.123 41.759 49.411 60.052 58.734 54.459 52.222 52.040 51.889 50.751 44.612 40.492 44.400 44.331 44.278 43.236 43.198 47.156 47.133 48.120 58.115 58.111 54.108 47.106 46.104 25.103 0.000 0.000 0.000 11.203 17.203 0.000 0.000 0.000 0.000 0.000 0.000 0.000 0.000 0.000 0.000 0.000 0.000 0.000 0.000 0.000 0.000 0.000 0.000 0.000 0.000 0.000 0.000 0.000 0.000 0.000 0.000 0.000
136.583 115.176 113.218 104.650 104.572 92.425 0.000 35.294 63.294 136.913 112.428 0.000 40.164 29.595 91.026 50.563 48.094 119.677 110.177 105.801 105.492 104.217 103.054 101.928 100.806 71.638 38.497 44.411 44.351 44.306 44.271 36.234 0.000 0.000 0.000 0.000 0.000 0.000 11.104 63.103 42.101 13.100 0.000 0.000 0.000 0.000 0.000 0.000 0.000 0.000 0.000 0.000 0.000 0.000 0.000 0.000 0.000 0.000 0.000 0.000 0.000 0.000 0.000 0.000 0.000 0.000 0.000 0.000 0.000 0.000 0.000 0.000 0.000
94.754 114.337 104.797 104.725 88.984 0.000 0.000 0.000 6.472 58.224 45.943 0.000 21.733 0.000 50.371 47.009 56.377 112.027 0.000 0.000 0.000 48.099 57.033 117.962 30.907 0.000 48.447 44.397 44.356 45.325 27.306 0.000 0.000 0.000 0.000 0.000 0.000 0.000 0.000 16.101 63.100 19.099 0.000 0.000 0.000 0.000 0.000 0.000 0.000 0.000 0.000 0.000 0.000 0.000 0.000 0.000 0.000 0.000 0.000 0.000 0.000 0.000 0.000 0.000 0.000 0.000 0.000 0.000 0.000 0.000 0.000 0.000 0.000
115.513 113.563 104.864 113.480 115.326 35.614 0.000 13.897 40.897 50.567 27.179 4.016 43.302 88.757 87.079 79.727 0.000 31.027 0.000 9.046 31.047 59.047 104.018 66.981 31.953 0.000 0.000 50.373 44.350 45.332 26.322 0.000 0.000 0.000 0.000 0.000 0.000 0.000 0.000 0.000 10.099 49.098 14.097 0.000 0.000 0.000 0.000 0.000 0.000 0.000 0.000 0.000 0.000 0.000 0.000 0.000 0.000 0.000 0.000 0.000 0.000 0.000 0.000 0.000 0.000 0.000 0.000 0.000 0.000 0.000 0.000 0.000 0.000
113.649 104.985 104.927 93.989 36.753 0.000 0.000 0.000 2.534 28.968 0.000 0.000 36.263 79.892 133.459 69.093 0.000 0.000 0.000 0.000 0.000 73.024 108.010 37.991 34.972 0.000 0.000 0.000 49.339 43.333 41.328 39.329 27.329 0.000 0.000 0.000 0.000 0.000 0.000 0.000 5.097 63.097 21.097 0.000 0.000 0.000 0.000 0.000 0.000 0.000 0.000 0.000 0.000 0.000 0.000 0.000 0.000 0.000 0.000 0.000 0.000 0.000 0.000 0.000 0.000 0.000 0.000 0.000 0.000 0.000 0.000 0.000 0.000
