results4_8e4_rain/res_4e8f-0043.wd
ncols         241
nrows         181
xllcorner     12693529.787448
yllcorner     3542525.717860
cellsize      155.156523
NODATA_value  -9999.000000
[rows 132 to 164 of 181, columns 0 to 73 of 241]
79.875 84.876 88.877 88.880 90.883 90.887 84.892 75.897 61.904 50.911 49.920 50.929 49.939 48.951 53.963 67.977 78.992 84.008 84.026 81.044 73.064 64.085 55.105 49.124 54.140 56.151 55.154 56.151 54.145 49.137 63.124 86.100 53.050 0.000 0.000 0.000 0.000 45.087 57.071 54.050 56.035 62.028 80.030 66.035 50.039 49.043 49.046 61.047 82.047 23.043 0.000 0.000 0.000 0.000 0.000 0.000 0.000 0.000 0.000 0.000 0.000 0.000 0.000 0.000 19.691 0.000 3.222 44.155 67.024 70.927 70.819 80.904 108.367 98.715
57.898 59.898 62.900 68.902 78.906 84.910 89.915 89.920 82.927 68.935 57.943 51.953 55.963 62.975 75.988 91.002 90.017 87.034 87.051 90.069 90.088 86.107 74.126 62.144 54.159 49.171 50.178 49.182 50.184 58.185 80.184 88.182 0.200 0.000 0.000 0.000 3.103 31.104 49.123 58.115 59.099 56.092 57.101 67.107 62.109 55.108 59.105 67.100 80.092 21.073 7.063 13.054 0.000 0.000 0.000 0.000 0.000 0.000 0.000 0.000 0.000 0.000 0.000 0.000 1.691 0.000 51.292 73.219 69.102 78.075 69.137 108.497 97.253 98.762
49.920 49.921 49.923 51.925 56.928 60.933 67.938 76.943 84.950 87.958 81.966 79.976 81.987 84.999 84.013 77.027 68.043 66.059 66.076 71.094 77.113 84.131 87.149 86.167 75.182 65.196 60.207 58.217 67.225 83.234 84.245 70.263 3.303 0.000 0.000 0.000 0.000 0.000 32.201 59.188 38.155 26.140 41.175 56.184 71.183 75.177 77.168 78.157 74.147 1.143 0.000 16.046 13.042 1.037 7.035 1.034 0.000 0.000 0.000 0.000 0.000 0.000 35.814 5.768 71.691 93.587 126.404 82.366 77.413 58.367 94.428 98.931 98.830 107.562
50.943 50.944 50.945 50.948 49.951 48.955 50.960 55.966 61.973 71.981 81.989 83.999 77.010 67.023 61.037 53.052 49.068 49.084 49.102 51.120 56.138 62.156 69.174 81.192 86.209 88.224 87.239 83.253 86.267 79.282 61.300 53.323 32.348 0.000 0.000 0.000 0.000 0.000 25.293 58.283 1.283 0.000 34.274 59.272 78.264 86.250 72.232 75.212 61.197 19.195 0.000 43.042 12.040 4.037 15.035 15.034 0.000 0.000 0.000 0.000 0.000 22.910 41.860 114.802 143.724 126.588 110.123 109.056 100.721 99.370 99.233 99.088 64.311 109.224
50.965 50.966 50.968 50.970 50.974 50.978 50.983 49.989 49.996 53.003 59.012 58.022 54.033 50.046 50.060 50.076 51.093 51.110 51.128 51.146 50.164 49.182 51.201 57.219 64.237 73.254 81.272 77.289 66.308 54.328 50.352 55.380 63.418 39.479 17.513 17.527 3.516 4.476 40.395 61.370 11.385 0.000 53.377 85.367 87.351 66.329 69.299 68.262 56.235 45.215 0.000 24.041 0.000 0.000 0.000 0.000 0.000 0.000 0.000 0.000 0.000 3.962 66.911 72.831 68.815 69.965 67.931 99.734 99.620 99.499 66.678 69.450 71.316 72.975
50.988 50.989 50.990 50.993 50.997 51.001 51.006 51.012 51.019 51.026 50.034 50.044 50.055 51.068 51.083 51.100 51.118 51.136 51.154 51.172 51.190 51.209 51.228 50.247 49.266 50.285 54.305 52.326 51.348 55.372 58.399 57.430 55.466 57.506 57.536 54.551 54.547 58.517 33.443 19.417 8.438 26.514 71.490 85.468 65.444 58.415 57.376 37.302 33.268 0.000 0.000 0.000 0.000 0.000 0.000 0.000 0.000 14.477 29.460 0.000 13.151 76.036 83.032 81.105 79.090 80.166 99.948 99.843 80.943 87.728 80.575 86.343 78.179 57.114
51.010 51.011 51.013 51.016 51.019 51.024 51.029 51.035 51.041 51.048 51.056 51.065 51.076 51.089 51.106 51.125 51.144 51.163 51.181 50.199 57.218 59.236 51.256 50.275 49.296 50.317 52.339 55.362 58.387 57.414 52.443 53.475 60.509 63.544 59.574 53.595 50.604 59.604 0.000 0.000 0.000 66.616 75.599 62.574 54.543 74.512 20.488 0.000 0.000 0.000 0.000 0.000 0.000 0.000 0.000 0.000 24.535 66.495 95.444 56.354 89.195 97.346 94.309 93.400 100.242 100.148 100.050 93.038 94.908 94.602 93.458 92.384 10.296 0.000
51.032 51.033 51.035 51.038 51.042 51.047 51.052 51.058 51.064 51.071 54.078 54.085 52.094 56.107 54.126 51.150 51.172 51.191 50.209 48.227 59.245 67.264 53.284 50.304 52.326 55.348 57.372 56.397 53.425 55.454 60.485 62.519 63.554 63.589 58.621 52.650 61.673 80.690 0.000 0.000 0.000 40.735 63.719 60.687 64.642 84.602 18.578 0.000 0.000 0.000 0.000 0.000 0.000 0.000 0.000 22.624 74.578 90.521 93.443 98.425 95.570 92.555 100.501 100.419 100.333 92.364 93.143 94.010 93.686 93.654 86.581 63.483 0.000 0.000
51.054 51.055 51.057 51.060 51.064 51.069 51.075 51.081 51.088 52.094 59.100 59.105 36.111 4.119 25.141 55.180 49.202 52.220 58.237 61.255 61.273 57.292 53.312 54.333 57.355 56.379 55.404 57.432 61.461 61.492 63.526 62.561 53.599 48.636 50.674 63.711 82.750 92.795 14.866 0.000 0.000 15.869 71.856 73.814 80.737 79.678 15.645 0.000 0.000 0.000 0.000 0.000 0.000 0.776 26.728 70.679 92.598 95.609 94.690 94.685 93.769 100.658 100.581 92.583 93.377 94.232 94.015 93.866 93.819 85.749 77.705 0.000 0.000 0.000
51.076 51.077 51.079 51.082 51.087 51.093 51.099 51.106 51.112 53.118 62.123 73.125 49.124 0.000 0.000 40.227 66.237 58.251 56.266 56.283 54.301 53.320 55.340 57.361 55.384 51.409 53.436 65.465 67.496 57.530 51.566 48.604 48.644 53.685 67.728 83.772 80.820 64.874 36.938 5.004 0.000 43.019 72.021 53.977 44.814 36.728 1.687 0.000 0.000 0.000 0.000 0.000 0.000 19.819 70.773 92.682 94.872 93.863 93.969 100.881 100.809 100.735 92.653 94.528 94.237 94.106 94.047 93.970 87.891 74.824 64.786 0.000 0.000 0.000
51.098 51.099 51.101 51.104 51.109 51.116 51.123 51.130 51.138 53.145 63.150 50.150 6.137 0.000 0.000 8.264 62.270 54.281 56.295 55.311 53.328 56.347 57.367 54.389 51.412 47.438 57.466 71.496 58.529 48.565 49.604 54.645 64.688 75.733 86.780 79.831 57.885 52.944 72.007 79.072 80.141 84.167 59.232 20.261 0.000 0.000 0.000 0.000 0.000 0.000 0.000 0.000 24.920 70.853 92.864 95.046 94.066 101.081 101.016 100.950 92.935 93.726 94.608 94.302 94.282 94.218 94.139 95.043 82.960 53.871 42.828 0.828 0.000 0.000
50.120 50.121 51.121 51.125 51.131 51.139 51.147 51.156 51.165 54.174 64.183 35.190 0.000 0.000 32.302 34.295 51.300 53.310 41.323 23.338 61.355 56.374 52.394 51.416 49.439 51.465 67.494 70.525 52.561 55.599 67.641 76.685 85.731 83.779 71.831 57.886 50.947 67.011 71.076 59.136 40.185 38.277 26.481 6.574 0.140 0.000 0.000 13.061 8.061 0.000 0.000 18.999 71.019 94.117 95.137 93.246 101.204 101.143 93.112 93.916 94.786 94.588 94.461 94.433 94.375 94.320 97.246 61.108 41.034 0.000 0.000 0.000 0.000 0.000
59.143 57.142 54.140 52.144 49.151 49.162 49.172 49.183 48.193 53.204 65.218 48.237 29.274 37.298 55.310 51.316 48.324 54.335 49.349 36.364 56.381 50.400 49.420 49.441 51.465 65.491 73.519 39.552 31.589 81.631 86.676 81.724 70.772 60.823 52.878 48.938 60.005 72.077 40.151 15.212 0.000 0.000 6.842 5.976 0.354 1.833 4.993 33.061 17.061 0.000 0.000 51.246 93.285 92.408 101.381 101.324 101.264 93.158 95.039 94.761 94.649 94.613 96.564 91.508 93.473 94.442 105.417 0.000 0.000 0.000 0.000 0.000 0.000 0.000
60.168 62.165 68.155 69.160 69.170 66.185 67.198 66.210 65.221 65.234 67.248 50.266 54.290 53.309 50.324 53.335 53.347 52.360 57.374 59.389 53.407 47.425 49.445 51.466 65.489 70.514 59.542 53.575 62.614 85.660 68.711 59.761 51.812 49.864 51.920 50.984 65.058 74.143 38.240 14.350 2.588 4.797 8.069 2.513 5.247 11.758 14.012 7.129 0.000 0.000 29.434 71.491 101.543 101.491 101.437 93.406 94.204 95.093 94.799 94.790 95.743 95.692 68.642 46.572 81.566 95.557 100.562 40.618 0.000 0.000 0.000 0.000 0.000 0.000
53.196 47.196 0.159 2.171 11.184 58.212 55.227 55.238 55.249 59.261 68.275 49.291 50.310 49.327 52.342 56.356 57.369 55.383 54.398 57.414 58.431 55.450 49.469 66.490 72.512 63.535 69.561 86.592 83.633 65.686 53.746 49.800 51.851 51.902 50.957 56.020 72.100 74.199 66.316 69.435 40.579 2.699 0.000 0.000 10.744 17.962 8.168 5.316 0.000 24.472 72.602 101.642 101.594 93.562 94.363 95.240 95.050 94.933 94.913 95.861 93.815 87.768 12.742 0.000 63.664 98.657 95.659 94.673 0.000 0.000 0.000 0.000 0.000 0.000
51.226 43.227 0.000 0.000 0.000 54.252 50.259 50.267 50.277 54.288 68.301 46.315 50.331 54.347 56.363 57.377 54.392 51.406 49.422 51.438 61.456 74.474 69.494 70.514 47.534 41.554 93.574 79.601 46.640 6.705 26.789 54.843 51.891 51.938 53.985 47.038 31.125 21.238 33.391 73.495 49.593 2.723 1.126 0.000 7.024 12.179 6.384 11.645 12.300 50.602 101.717 92.764 96.495 95.390 95.201 95.088 95.061 95.021 95.975 95.934 60.889 36.824 22.816 25.817 76.768 97.748 93.742 84.744 2.743 0.000 0.000 0.000 0.000 0.000
51.256 51.261 34.276 0.000 0.000 55.287 51.291 51.296 50.304 51.314 66.325 53.339 56.354 58.369 57.385 52.400 49.415 50.430 50.446 49.462 59.480 82.499 78.518 65.538 58.557 49.573 25.582 14.600 1.620 0.000 7.862 56.892 51.932 53.974 37.009 11.023 0.000 0.000 35.516 52.561 21.576 0.000 1.484 6.993 14.148 10.346 4.538 0.000 2.884 50.041 101.811 95.654 95.406 95.226 95.207 95.168 95.123 95.082 93.043 84.009 16.983 0.000 33.879 92.868 97.844 95.826 89.818 79.816 0.000 0.000 0.000 0.000 0.000 0.000
48.282 50.286 47.292 0.000 0.000 55.319 50.321 48.324 50.330 54.338 58.348 57.362 57.377 55.392 49.408 50.423 50.438 51.453 51.469 56.486 74.504 73.523 66.543 75.564 73.583 44.599 0.000 0.000 0.000 0.000 5.907 56.933 51.972 55.016 26.056 0.000 22.484 48.542 68.596 37.657 0.000 0.000 0.000 0.000 6.230 6.518 6.885 2.627 2.656 102.076 101.946 94.572 95.406 95.303 95.265 95.223 95.182 97.143 82.106 65.075 25.052 1.039 48.954 78.933 87.912 96.896 85.887 74.886 0.000 0.000 0.000 0.000 0.000 0.000
55.304 53.308 42.314 0.000 41.361 49.351 51.349 55.351 56.355 57.360 55.370 56.383 54.400 50.416 50.432 51.447 51.462 50.477 52.493 75.510 74.528 56.548 69.568 67.591 71.615 69.642 32.680 0.000 0.000 27.907 32.926 52.961 52.007 52.065 47.143 39.282 56.427 55.548 49.669 71.815 20.001 0.000 0.000 0.001 5.025 3.613 5.145 29.771 54.412 102.187 96.927 96.647 96.384 95.366 95.321 95.280 96.240 94.201 49.165 26.132 38.104 39.079 93.029 94.997 74.974 84.958 79.950 52.954 17.980 0.000 0.000 0.000 0.000 0.000
56.323 57.331 54.344 42.366 56.373 56.374 56.375 57.377 57.378 58.380 70.388 52.403 50.424 50.442 51.457 51.472 51.486 52.501 66.517 77.534 52.552 56.572 83.593 75.617 63.644 66.676 69.718 53.778 58.833 73.888 66.932 54.978 48.031 48.093 59.172 75.276 62.394 34.553 6.719 61.935 51.188 2.597 6.494 11.896 8.369 0.680 3.347 44.849 97.248 102.278 93.906 96.541 97.464 95.421 95.378 95.336 88.295 78.256 35.219 6.185 15.153 16.121 77.085 119.054 100.030 76.012 68.002 47.000 56.005 9.005 0.000 0.000 0.000 20.063
61.335 61.348 57.365 57.382 57.392 58.397 58.401 54.403 51.403 50.394 13.400 3.418 54.452 51.470 51.484 51.498 50.511 53.525 77.540 63.556 48.574 54.594 71.616 88.641 83.668 80.700 78.739 74.785 70.833 69.883 77.935 74.990 69.045 65.106 68.177 72.255 34.323 0.000 0.000 14.018 10.103 0.000 7.617 17.825 14.145 5.241 0.656 44.061 102.454 102.367 96.810 98.635 95.517 95.478 96.433 92.391 76.349 69.310 75.272 81.236 65.201 87.168 102.134 119.104 128.079 112.059 74.046 79.039 54.037 0.000 0.000 0.000 0.000 0.000
0.346 1.367 61.389 56.405 56.416 51.423 48.429 50.434 45.436 0.000 0.000 0.000 55.497 51.504 51.513 51.524 51.536 69.549 76.563 49.578 51.596 51.616 54.638 60.662 62.689 62.719 58.753 61.791 77.831 70.875 61.937 65.003 72.054 76.110 79.175 76.247 51.319 16.383 0.000 0.000 0.000 0.000 2.532 11.644 0.000 0.000 14.067 74.281 102.540 94.183 97.875 97.606 95.582 95.533 96.488 91.444 78.402 44.362 51.323 94.285 105.249 137.214 128.181 100.150 88.123 105.100 84.083 78.072 53.067 0.000 0.000 0.000 0.000 0.000
0.000 0.000 10.412 65.435 50.445 48.450 50.459 50.467 51.473 0.000 0.000 44.548 52.535 51.536 51.542 51.550 53.560 77.572 62.585 48.599 51.616 51.636 51.658 50.682 50.707 50.735 49.764 56.795 85.825 64.850 0.000 4.031 16.059 67.106 77.167 61.238 66.325 53.447 5.711 3.064 0.000 0.000 9.161 1.451 0.000 0.000 32.264 102.713 102.626 97.063 98.782 94.682 95.634 95.587 95.541 95.496 82.453 45.412 60.372 97.333 93.296 127.260 122.225 91.192 96.162 82.136 63.115 81.100 59.092 0.000 0.000 0.000 0.000 0.000
49.563 45.562 0.000 57.480 67.479 68.473 49.491 61.503 68.517 44.547 42.561 52.562 51.561 51.563 51.568 51.576 70.584 74.594 49.605 51.619 50.635 49.655 51.678 51.701 51.725 51.749 50.775 58.801 87.827 68.850 14.868 0.000 39.047 64.087 77.149 56.216 46.296 5.371 0.000 2.644 2.035 10.629 14.895 0.000 0.000 11.268 73.472 102.799 94.352 98.037 97.771 95.740 95.687 95.639 95.592 96.547 87.503 76.461 99.420 124.380 112.342 129.304 126.267 120.232 127.197 93.166 70.140 80.121 88.109 17.108 0.000 0.000 0.000 0.000
51.565 50.561 45.550 51.526 50.520 0.000 72.530 64.537 51.548 52.563 52.574 51.580 51.583 51.588 51.593 54.600 77.608 60.616 50.625 51.636 57.650 65.671 51.697 49.720 51.742 50.763 53.785 77.808 85.832 60.857 48.886 36.934 58.997 58.048 19.126 4.183 1.241 0.000 0.000 0.000 0.000 0.000 0.000 0.000 14.478 71.537 93.643 102.884 95.310 95.930 95.842 95.790 95.739 95.690 95.642 96.596 87.552 70.509 66.467 99.426 89.386 103.347 106.308 94.270 96.230 68.192 45.158 59.133 126.117 79.106 14.095 4.085 26.075 47.069
51.572 51.568 51.562 51.556 51.556 45.569 61.563 77.567 53.574 50.584 51.593 51.600 51.606 51.612 50.618 73.625 75.632 49.638 51.644 52.649 49.661 11.684 70.720 65.742 52.760 50.778 68.796 87.815 71.836 51.859 51.887 52.921 55.957 59.983 0.000 0.000 0.000 0.000 0.000 0.000 0.000 0.000 0.000 0.000 37.684 94.750 103.053 102.969 95.206 96.014 95.887 95.840 95.788 95.739 95.691 94.645 79.600 81.556 101.513 120.471 119.430 124.390 129.350 116.308 114.263 101.212 50.168 48.138 124.118 88.105 26.095 19.084 84.072 117.067
51.584 51.579 51.577 51.578 51.581 51.587 51.589 62.593 77.600 53.608 50.616 51.623 51.630 49.637 57.644 78.651 58.657 50.662 52.664 50.656 0.000 0.000 58.759 59.768 65.779 64.792 72.806 71.822 52.839 50.858 52.881 55.907 60.930 60.944 0.000 0.000 0.000 0.000 0.000 0.000 0.000 0.000 0.000 0.269 46.126 100.035 103.137 94.582 96.251 95.976 95.944 95.888 95.836 95.786 95.738 95.691 81.646 77.602 98.558 99.516 99.474 102.433 102.392 101.350 106.302 79.226 55.165 70.133 85.113 24.102 0.000 0.000 28.063 54.062
51.600 53.589 53.588 51.600 51.605 51.610 51.613 51.618 62.624 77.631 53.639 48.647 48.655 65.662 77.670 71.677 48.684 51.691 47.694 0.000 0.000 44.802 51.791 51.792 57.797 74.806 74.816 67.828 60.841 52.855 39.872 9.897 74.912 54.920 0.000 0.000 0.000 0.000 0.000 0.000 0.000 0.000 0.000 0.472 19.910 103.308 103.222 95.445 96.149 96.042 95.988 95.934 95.882 95.832 95.784 96.737 91.691 81.647 76.603 75.560 75.517 75.476 75.436 79.398 53.368 0.000 23.131 79.115 75.099 36.089 0.000 0.000 27.055 73.056
52.628 0.000 0.000 51.628 50.630 49.634 49.637 48.642 48.648 61.656 76.664 69.672 76.680 78.688 65.697 49.705 56.714 56.722 44.729 0.000 0.000 55.814 51.811 53.811 77.814 84.819 62.825 53.833 60.842 67.850 55.858 0.000 34.901 52.905 0.000 0.000 0.000 0.000 0.000 0.000 0.000 0.000 0.000 0.774 6.632 103.392 100.737 96.398 96.128 96.090 96.032 95.978 95.927 95.877 95.829 95.782 96.736 95.691 93.647 92.603 92.559 93.518 95.478 69.440 11.404 0.000 8.114 64.097 95.080 86.065 59.045 35.040 52.046 55.050
51.658 50.667 0.000 50.655 61.656 65.658 69.661 74.666 77.672 78.680 78.689 78.697 64.706 51.715 67.724 84.734 85.744 85.756 78.771 56.797 0.000 52.829 50.829 59.829 87.830 74.831 51.834 50.838 52.843 55.848 46.851 0.000 11.886 11.895 0.000 0.000 0.000 0.000 0.000 0.000 0.000 0.000 7.960 9.484 3.498 103.467 104.675 100.280 96.187 96.129 96.074 96.020 95.969 95.920 95.872 95.825 95.780 95.735 95.690 95.645 96.600 99.558 71.518 4.479 0.000 0.000 0.000 9.079 65.061 96.044 87.032 63.029 40.040 9.045
51.678 53.678 49.688 51.682 66.681 65.682 61.685 57.688 56.694 52.705 73.715 63.724 74.733 65.742 81.752 77.762 70.774 71.787 82.804 88.823 77.844 78.846 70.847 78.846 86.845 59.844 50.843 51.843 51.845 50.847 50.850 52.854 47.864 0.000 56.830 47.830 0.000 0.000 0.000 0.000 0.000 0.000 76.583 73.795 103.570 103.523 98.558 99.351 96.220 96.169 96.113 96.060 96.010 95.961 95.914 95.868 95.823 95.779 95.734 97.688 102.638 71.596 11.557 0.000 0.000 0.000 0.000 0.000 6.040 57.019 92.008 42.004 0.000 0.000
53.700 0.000 48.706 51.704 51.704 51.705 50.708 51.710 53.711 51.731 63.742 58.751 67.761 78.770 66.779 51.790 52.802 53.817 54.834 59.850 72.862 82.867 88.867 86.864 75.861 51.856 51.852 51.848 51.846 51.846 52.847 75.849 48.852 0.000 52.832 2.830 0.000 0.000 0.000 0.000 0.000 8.049 96.355 98.563 103.608 96.925 96.576 96.300 96.263 96.204 96.150 96.099 96.049 96.001 95.955 95.910 95.866 95.823 97.780 82.734 36.668 3.632 0.000 0.000 0.000 0.000 0.000 0.000 0.000 27.984 89.979 41.976 0.000 0.000
54.723 0.000 48.726 51.726 51.727 51.729 51.732 52.734 0.000 50.766 54.772 65.780 65.789 73.798 78.807 64.817 49.830 49.846 49.865 51.880 53.890 54.892 55.890 55.885 54.878 53.870 49.860 49.852 50.847 51.845 62.844 76.844 47.843 41.838 43.835 0.000 0.000 0.000 0.000 0.000 0.000 12.030 95.159 103.667 103.637 95.763 96.460 96.350 96.294 96.238 96.185 96.135 96.087 96.040 95.995 95.951 95.909 95.868 100.830 56.799 0.000 0.000 0.000 0.000 0.000 0.000 0.000 0.000 0.000 30.953 90.948 49.944 0.000 0.000
