results4_8e4_rain/res_4e8f-0227.wd
ncols         241
nrows         181
xllcorner     12693529.787448
yllcorner     3542525.717860
cellsize      155.156523
NODATA_value  -9999.000000
[rows 99 to 131 of 181, columns 73 to 145 of 241]
60.080 60.055 60.030 59.003 58.976 63.947 66.919 63.891 59.871 59.861 53.863 9.869 0.000 0.000 0.000 0.000 0.000 15.047 73.013 97.968 95.960 95.116 101.783 101.712 94.809 95.504 95.350 95.239 96.132 96.031 94.939 98.861 57.807 0.000 0.000 0.000 0.000 0.000 0.000 35.316 61.240 73.137 41.008 22.804 52.709 55.623 53.526 57.404 54.224 51.975 21.669 46.431 50.304 65.218 71.155 74.109 72.074 67.050 60.035 55.028 50.026 28.023 0.000 0.000 0.000 0.000 22.368 40.368 52.368 76.368 77.368 77.368 77.368
60.130 60.107 59.083 57.056 61.028 65.997 66.963 66.925 60.897 57.882 62.876 62.875 23.876 0.000 17.677 47.624 24.512 4.312 61.218 101.096 96.345 96.361 101.842 94.122 95.909 95.561 95.472 95.358 95.249 95.145 97.051 95.976 31.927 0.000 0.000 0.000 0.000 0.000 3.627 39.499 45.402 56.314 5.245 0.000 47.827 55.767 54.674 58.550 58.378 29.177 0.000 41.334 55.277 60.213 81.162 82.122 82.092 83.070 84.056 82.048 63.044 1.046 1.056 2.060 0.000 0.000 0.000 39.368 52.368 76.368 77.368 77.368 77.368
60.182 59.161 59.138 62.111 65.082 66.050 41.012 4.950 33.912 69.892 42.883 16.878 8.877 0.000 28.729 78.685 75.598 67.483 86.364 97.514 94.501 101.925 95.404 96.208 95.773 95.707 95.588 95.476 95.361 96.247 94.146 82.064 28.998 1.958 0.000 0.000 0.000 3.858 42.755 49.649 47.555 48.472 21.413 0.000 54.006 71.942 64.855 59.742 34.560 0.000 1.295 24.295 14.256 54.196 79.157 83.126 81.102 81.083 81.070 83.062 56.059 50.060 50.062 56.062 0.000 0.000 0.000 16.368 51.368 76.368 77.368 77.368 77.368
59.237 58.218 63.195 66.168 66.139 66.108 31.086 0.000 0.902 12.891 3.887 0.000 0.000 0.000 21.826 84.786 90.716 98.629 98.588 95.712 102.263 102.055 95.370 96.079 95.929 95.819 95.708 95.594 95.472 101.336 51.223 19.136 3.042 0.585 7.560 10.471 0.000 33.961 51.885 47.790 47.695 46.605 52.522 18.434 47.248 73.142 72.062 70.005 0.000 0.000 44.295 0.295 0.000 52.159 81.142 85.123 82.106 81.091 79.080 68.072 49.068 45.067 46.066 30.064 0.000 0.000 0.000 0.000 47.368 76.368 77.368 77.368 73.368
58.296 64.279 66.257 66.229 64.196 70.159 40.136 0.000 0.000 0.000 0.000 0.000 0.000 0.000 32.964 90.916 93.856 97.732 96.968 96.981 102.450 94.757 96.462 96.136 96.048 95.938 95.830 99.721 105.598 60.402 29.273 4.215 0.000 0.000 0.000 7.382 35.292 58.140 52.033 44.932 49.832 53.733 50.635 48.532 62.410 66.315 56.248 64.210 0.000 0.000 12.295 0.000 0.000 58.139 82.131 87.119 86.106 82.095 77.086 46.079 44.075 45.072 52.070 0.000 0.000 0.000 0.000 41.368 45.368 74.368 77.368 77.368 71.367
65.359 66.345 66.323 65.295 43.258 9.194 28.165 30.165 0.000 0.000 0.000 0.000 0.000 24.266 77.147 91.070 93.974 96.132 97.142 102.780 102.622 95.732 96.433 96.271 96.163 96.056 99.954 61.863 21.795 0.000 39.252 25.236 0.000 0.000 0.000 0.000 43.356 77.273 68.175 63.072 57.966 58.860 56.754 57.648 70.544 64.461 48.404 50.376 0.000 0.000 0.000 0.000 0.000 58.127 86.122 51.115 49.106 81.096 84.090 54.084 45.080 50.077 20.073 0.000 0.000 0.000 0.000 14.368 41.368 59.367 75.367 78.367 71.367
66.428 66.418 62.398 66.369 48.346 0.000 19.165 49.165 0.000 0.000 0.000 0.000 14.480 76.385 90.291 96.212 96.183 96.325 103.063 102.926 95.060 96.835 96.483 96.393 96.277 96.168 100.066 71.982 3.925 0.000 9.247 12.241 0.000 0.000 0.000 0.000 30.502 62.423 67.322 77.214 73.102 60.988 63.873 72.761 67.660 55.580 47.530 48.516 22.561 23.573 0.000 0.000 0.000 56.119 90.117 4.114 0.000 30.095 77.092 67.088 48.085 27.081 0.000 0.000 0.000 0.000 0.000 0.000 14.367 38.367 64.367 74.367 67.367
64.505 61.501 60.480 76.438 55.412 0.000 18.165 46.165 0.000 0.000 0.000 8.648 72.576 85.499 95.428 98.308 97.552 95.582 103.190 94.370 96.144 92.702 94.628 96.505 96.389 97.272 91.160 81.073 28.999 0.000 0.000 0.000 0.000 0.000 0.000 17.903 52.726 57.596 57.476 59.359 68.240 71.116 73.989 67.863 54.753 48.671 47.619 46.595 50.596 35.584 0.000 0.000 0.000 45.114 82.112 48.109 37.103 29.098 72.094 78.091 58.090 0.000 0.000 9.095 0.000 0.000 0.000 0.000 0.000 33.367 57.367 62.367 49.367
58.592 67.601 63.584 4.491 5.452 0.000 9.165 9.165 0.000 0.000 0.000 9.721 88.676 90.618 98.529 97.695 96.716 103.415 103.307 96.328 96.016 95.856 95.738 94.620 95.499 97.374 54.228 5.150 0.000 0.000 0.000 0.000 0.000 21.436 38.303 53.080 63.903 60.758 59.629 56.506 57.381 60.249 72.103 72.948 64.819 53.733 46.679 46.651 48.641 0.000 0.000 0.000 0.000 30.111 72.109 50.107 46.103 46.099 78.096 81.094 64.093 27.094 17.094 60.095 0.000 0.000 0.000 0.000 0.000 36.367 60.367 55.367 41.367
59.687 69.729 56.762 0.000 0.000 0.000 6.165 18.165 2.165 0.000 0.964 75.837 85.792 97.734 97.729 96.872 103.608 103.514 95.640 97.415 97.066 96.973 96.853 96.735 98.616 48.495 0.000 0.000 0.000 0.000 0.000 10.895 36.773 53.568 66.394 62.212 61.047 60.904 60.775 61.654 59.531 58.395 32.226 51.006 75.844 57.762 45.714 48.688 46.678 34.684 0.000 0.000 0.000 31.109 64.107 42.106 0.000 0.000 34.096 71.095 60.095 69.095 76.095 35.095 0.000 0.000 0.000 0.000 0.000 11.367 51.367 49.367 42.367
57.780 61.865 60.975 37.139 0.000 0.000 0.000 4.165 7.165 0.000 29.057 88.976 95.918 97.840 97.999 96.122 103.693 95.928 97.710 97.275 97.206 97.085 97.970 98.852 60.734 0.000 0.000 0.000 0.000 0.000 13.175 56.017 66.854 62.670 61.493 61.324 61.171 61.036 60.915 60.803 60.695 69.575 8.401 0.000 43.788 52.757 44.728 53.708 53.698 35.691 0.000 0.000 0.000 0.000 48.104 85.104 53.102 0.000 27.096 72.096 66.096 57.095 57.095 0.000 0.000 0.000 0.000 0.000 0.000 0.000 30.367 41.367 42.367
69.853 7.975 64.133 62.303 51.504 10.624 0.829 0.000 0.000 20.230 79.161 93.095 99.037 98.023 97.177 103.839 103.770 96.877 97.575 97.423 97.313 98.203 100.087 60.970 0.000 0.000 0.000 0.000 11.667 42.548 53.333 65.145 61.957 61.766 58.585 58.421 58.278 59.153 61.044 60.950 63.869 40.810 0.000 0.000 23.764 48.749 47.733 65.720 61.713 0.000 0.000 0.000 0.000 0.000 32.103 77.102 89.101 46.099 72.098 86.097 78.096 54.096 47.096 19.096 0.000 0.000 0.000 0.000 0.000 0.000 36.367 42.367 46.367
51.894 5.049 66.279 56.438 63.583 55.722 16.957 4.215 13.306 80.299 89.259 99.217 98.106 98.373 96.401 103.899 96.164 97.957 97.618 97.534 98.426 99.325 53.206 0.000 0.000 0.000 0.000 3.921 54.787 65.643 63.463 62.272 64.065 63.850 69.659 74.497 69.365 62.255 56.160 60.082 66.021 23.985 0.000 0.000 19.753 51.743 52.734 74.726 62.722 0.000 0.000 0.000 0.000 0.000 20.101 72.101 81.100 86.099 82.098 82.097 86.097 70.096 49.096 50.096 19.096 12.096 0.000 0.000 0.000 38.367 43.367 41.367 46.367
0.000 0.000 34.495 85.587 48.671 0.000 0.000 18.383 78.405 83.398 97.377 98.286 98.566 96.498 103.983 96.422 98.231 97.807 97.750 98.639 95.534 50.465 0.000 0.000 0.000 0.000 10.190 57.055 64.918 62.772 62.606 66.415 41.179 19.911 22.704 39.543 65.432 67.340 68.261 60.196 61.149 22.124 0.000 0.000 0.000 32.737 50.733 57.729 56.727 5.727 0.000 0.000 0.000 0.000 20.100 63.100 76.100 81.099 82.098 83.098 79.097 75.097 60.097 48.096 52.096 58.096 0.000 0.000 0.000 4.367 41.367 42.367 44.367
0.000 0.000 11.619 86.744 73.841 0.000 0.000 25.529 86.531 94.522 98.475 99.671 99.709 104.297 104.106 97.372 98.087 97.949 97.851 92.749 82.606 33.536 0.000 0.000 9.566 45.483 54.325 66.190 63.058 62.922 66.773 44.604 2.418 0.000 0.000 25.537 63.480 60.412 64.347 70.293 70.256 48.238 0.000 0.000 0.000 14.734 52.732 46.730 53.728 4.728 0.000 0.000 0.000 0.000 25.100 50.100 67.099 81.099 76.098 69.098 71.097 32.097 57.097 66.096 59.096 55.096 0.000 0.000 0.000 0.000 1.367 36.367 41.367
0.000 0.000 0.000 14.927 64.110 3.529 13.671 79.673 91.668 98.655 98.676 98.855 104.645 104.475 96.658 98.457 98.124 98.053 90.964 56.897 0.000 0.000 0.000 17.729 63.649 57.557 65.439 63.320 63.203 64.085 41.959 2.793 0.000 0.000 0.000 24.589 66.541 60.480 60.421 62.374 66.342 68.334 20.365 0.000 0.000 0.000 33.731 52.730 27.729 0.000 0.000 0.000 0.000 0.000 18.099 46.099 57.099 64.099 56.098 53.098 18.098 0.000 6.097 50.096 54.096 63.096 0.000 0.000 0.000 0.000 0.000 30.367 41.367
0.000 0.000 0.000 0.000 1.510 13.752 82.812 87.822 98.822 98.759 100.047 100.122 104.804 96.955 98.735 98.305 98.245 88.144 77.058 40.977 0.000 0.000 0.000 57.810 79.744 64.656 56.554 64.450 62.348 65.256 35.187 0.000 0.000 0.000 20.781 55.689 62.614 61.545 61.485 58.438 54.406 56.392 18.395 0.000 0.000 0.000 14.730 59.730 7.730 0.000 0.000 0.000 0.000 0.000 18.099 48.099 47.099 46.099 44.098 50.098 0.000 0.000 0.000 25.096 48.096 66.096 10.096 0.000 0.000 0.000 0.000 1.367 34.367
0.000 0.000 0.000 0.000 0.000 86.003 85.001 98.993 98.953 100.161 100.237 105.096 104.954 97.908 99.594 97.438 83.324 72.231 46.144 0.000 0.000 0.000 52.071 69.955 69.862 76.768 64.672 54.576 60.485 70.403 73.345 36.343 0.000 0.000 19.873 67.773 61.680 61.601 60.536 56.486 50.452 51.434 17.428 0.000 0.000 0.000 0.000 32.730 40.730 0.000 0.000 0.000 0.000 0.000 26.099 50.099 44.099 45.099 45.098 47.098 30.098 0.000 0.000 0.000 35.096 56.096 34.096 8.096 0.000 0.000 0.000 0.000 29.367
0.000 0.000 0.000 0.000 25.379 86.254 98.199 99.164 100.178 102.369 105.361 105.230 97.213 98.978 95.631 84.533 73.388 45.309 0.000 0.000 0.000 54.299 75.187 61.079 52.979 66.884 78.790 66.699 69.611 70.528 57.446 63.342 42.101 4.582 28.064 59.851 55.731 62.645 57.573 49.517 48.482 52.463 14.455 0.000 0.000 0.000 0.000 19.730 59.730 4.730 0.000 0.000 0.000 0.000 0.000 32.099 47.099 45.099 45.098 45.098 53.098 0.000 0.000 0.000 0.000 37.096 48.096 54.096 0.000 0.000 0.000 0.000 0.000
0.000 0.000 0.000 0.000 68.503 94.436 100.383 99.291 99.563 97.646 105.486 97.494 99.260 93.830 82.763 57.644 0.000 0.000 0.000 0.000 54.522 75.410 62.300 51.194 51.093 52.997 63.905 78.817 69.733 54.651 62.569 64.478 38.377 0.000 24.950 84.836 71.748 60.674 54.592 50.529 47.497 48.480 42.474 6.478 0.000 0.000 0.000 0.000 38.730 10.730 0.000 0.000 0.000 0.000 0.000 12.099 49.099 45.099 45.098 45.098 47.098 31.098 0.000 0.000 0.000 18.096 45.096 48.096 0.000 0.000 0.000 0.000 0.000
0.000 0.000 0.000 71.820 68.695 74.612 89.524 100.699 97.765 105.720 105.605 98.427 94.114 82.968 61.862 0.000 0.000 36.119 0.000 6.752 79.634 62.519 51.409 52.303 51.202 54.107 68.017 76.932 77.852 61.776 57.701 68.624 42.554 0.000 0.000 15.794 28.752 10.713 0.000 20.509 51.497 58.487 59.482 45.482 0.000 0.000 0.000 0.000 0.000 0.000 0.000 0.000 0.000 0.000 0.000 13.099 49.099 48.098 51.098 46.098 43.098 52.098 0.000 0.000 0.000 25.096 59.096 64.096 0.000 0.000 0.000 0.000 0.000
0.000 0.000 11.049 72.944 69.845 70.764 80.740 96.907 105.937 105.829 97.705 94.472 82.142 56.067 0.000 0.000 53.166 52.119 34.023 17.870 67.743 51.625 52.513 51.406 52.306 67.212 73.123 37.042 27.967 79.899 65.834 43.764 4.659 0.000 0.000 0.000 0.000 0.000 0.000 17.500 69.495 63.490 60.487 56.486 11.486 0.000 0.000 0.000 0.000 0.000 0.000 0.000 0.000 0.000 0.000 37.098 46.098 21.098 0.000 21.098 46.098 50.098 0.000 0.000 0.000 27.096 63.096 32.096 0.000 0.000 0.000 0.000 0.000
0.000 86.243 74.153 71.063 68.984 69.862 71.106 75.172 106.041 96.946 92.708 82.298 56.255 0.000 0.000 0.000 57.214 55.167 75.080 58.962 51.842 52.724 51.612 54.504 74.403 71.310 52.223 48.145 53.076 81.018 77.971 41.941 0.000 0.000 0.000 0.000 0.000 0.000 0.000 17.497 76.494 76.491 71.488 62.487 7.487 0.000 0.000 0.000 0.000 0.000 0.000 0.000 0.000 0.000 10.098 49.098 51.098 0.098 0.000 6.098 49.098 50.098 0.000 0.000 0.000 0.000 34.096 0.000 0.000 0.000 0.000 0.000 0.000
2.404 84.332 98.256 90.181 75.083 76.240 68.289 106.238 106.141 75.829 80.507 56.405 0.000 0.000 0.000 0.000 59.308 72.257 70.168 52.057 51.938 51.819 62.705 74.596 63.494 52.400 52.315 52.240 53.175 62.125 80.092 76.087 37.141 0.000 0.000 0.000 0.000 0.000 0.000 0.000 62.492 64.490 76.489 77.488 33.488 0.000 0.000 0.000 0.000 0.000 0.000 0.000 0.000 0.000 41.098 51.098 28.098 0.000 0.000 10.098 50.098 48.098 0.000 0.000 0.000 0.000 0.000 0.000 0.000 0.000 0.000 0.000 0.000
20.476 97.426 100.361 100.292 95.266 85.421 106.425 106.332 67.996 62.766 0.000 0.405 0.000 0.000 0.000 0.000 70.453 75.383 51.279 53.159 53.034 64.910 73.792 55.680 52.577 52.482 52.397 52.323 52.261 52.214 61.184 81.176 74.195 48.225 39.238 43.241 12.242 0.000 0.000 0.000 1.491 42.490 82.489 82.488 43.488 0.000 0.000 0.000 0.000 0.000 0.000 0.000 0.000 0.000 30.098 29.098 0.000 0.000 0.000 0.000 30.098 57.098 0.000 0.000 0.000 0.000 0.000 0.000 0.000 0.000 0.000 0.000 0.000
90.598 100.534 100.475 100.363 104.607 95.667 106.516 68.110 70.793 65.459 0.000 0.000 0.000 0.000 0.000 63.821 75.669 52.542 53.407 53.267 61.129 73.996 51.872 52.757 52.650 52.554 52.468 52.394 52.333 52.286 52.253 56.237 57.237 52.244 53.247 60.244 42.243 0.000 0.000 0.000 0.000 0.000 37.489 73.489 36.488 0.000 0.000 0.000 0.000 0.000 0.000 0.000 0.000 0.000 0.000 0.000 0.000 0.000 0.000 0.000 0.000 9.098 0.000 0.000 0.000 0.000 0.000 0.000 0.000 0.000 0.000 0.000 0.000
96.704 96.646 100.560 101.724 98.772 106.692 106.604 72.790 57.253 2.366 5.366 2.366 0.000 0.000 0.000 80.974 57.860 53.707 53.541 55.374 76.217 56.073 52.943 52.824 52.715 52.615 52.527 52.452 52.390 52.342 52.307 51.284 50.271 53.265 35.263 0.000 0.000 0.000 0.000 0.000 0.000 0.000 0.000 66.488 54.488 21.488 0.000 0.000 0.000 0.000 0.000 0.000 0.000 0.000 0.000 0.000 0.000 0.000 0.000 0.000 0.000 0.000 0.000 0.000 0.000 0.000 0.000 0.000 0.000 0.000 0.000 0.000 0.000
75.819 75.755 79.735 75.893 106.862 106.777 84.286 65.508 56.459 0.000 0.366 2.366 0.000 0.000 0.000 56.241 52.088 51.888 50.674 63.471 56.292 50.137 51.002 50.881 50.770 50.665 51.572 52.496 52.434 52.386 51.349 49.320 51.297 51.283 48.278 38.280 41.281 43.281 42.281 44.281 15.281 0.000 0.000 4.488 63.488 35.488 0.000 0.000 0.000 0.000 0.000 0.000 0.000 0.000 0.000 0.000 0.000 0.000 0.000 0.000 0.000 0.000 0.000 0.000 0.000 0.000 0.000 0.000 0.000 0.000 0.000 0.000 0.000
90.935 112.824 78.072 108.131 106.944 66.826 57.427 0.000 71.895 30.251 0.000 0.000 0.000 0.000 100.035 78.660 49.363 57.083 67.796 66.544 62.345 60.179 60.046 59.930 58.819 52.704 48.602 52.524 52.465 52.420 51.383 51.349 55.313 55.294 56.285 66.282 66.281 62.281 55.281 54.281 33.281 0.000 0.000 0.000 22.488 28.488 0.000 0.000 0.000 0.000 0.000 0.000 0.000 0.000 0.000 0.000 0.000 0.000 0.000 0.000 0.000 0.000 0.000 0.000 0.000 0.000 0.000 0.000 0.000 0.000 0.000 0.000 0.000
139.015 117.613 115.660 107.098 107.023 94.912 0.000 38.952 66.952 140.609 116.068 2.347 47.586 36.998 98.410 58.002 55.621 127.286 117.882 113.563 113.366 112.190 111.073 109.974 108.873 79.728 46.607 52.534 52.483 52.445 52.414 44.381 0.000 0.000 0.000 0.000 0.000 0.000 19.281 71.281 50.281 21.281 0.000 0.000 0.000 0.000 0.000 0.000 0.000 0.000 0.000 0.000 0.000 0.000 0.000 0.000 0.000 0.000 0.000 0.000 0.000 0.000 0.000 0.000 0.000 0.000 0.000 0.000 0.000 0.000 0.000 0.000 0.000
97.184 116.771 107.237 107.169 91.429 0.000 0.000 0.000 10.353 62.167 49.905 0.000 28.795 0.000 57.605 54.318 63.833 119.560 0.000 5.460 0.000 56.140 65.081 126.019 38.971 0.000 56.565 52.523 52.488 53.462 35.445 0.000 0.000 0.000 0.000 0.000 0.000 0.000 0.000 24.281 71.281 27.281 0.000 0.000 0.000 0.000 0.000 0.000 0.000 0.000 0.000 0.000 0.000 0.000 0.000 0.000 0.000 0.000 0.000 0.000 0.000 0.000 0.000 0.000 0.000 0.000 0.000 0.000 0.000 0.000 0.000 0.000 0.000
117.940 115.995 107.300 115.919 117.767 38.055 0.000 17.942 44.942 54.798 31.482 8.743 50.004 95.577 94.088 86.830 0.000 38.560 0.000 17.356 39.253 67.150 112.093 75.050 40.021 0.000 0.000 58.503 52.484 53.469 34.461 0.000 0.000 0.000 0.000 0.000 0.000 0.000 0.000 0.000 18.281 57.281 22.281 0.000 0.000 0.000 0.000 0.000 0.000 0.000 0.000 0.000 0.000 0.000 0.000 0.000 0.000 0.000 0.000 0.000 0.000 0.000 0.000 0.000 0.000 0.000 0.000 0.000 0.000 0.000 0.000 0.000 0.000
116.073 107.416 107.360 96.425 39.190 0.000 0.000 0.000 6.674 33.601 0.000 0.000 42.900 86.640 140.339 76.084 0.000 0.000 0.000 0.000 0.000 81.115 116.091 46.066 43.043 0.000 0.000 0.000 57.476 51.471 49.467 47.468 35.468 0.000 0.000 0.000 0.000 0.000 0.000 0.000 13.281 71.281 29.281 0.000 0.000 0.000 0.000 0.000 0.000 0.000 0.000 0.000 0.000 0.000 0.000 0.000 0.000 0.000 0.000 0.000 0.000 0.000 0.000 0.000 0.000 0.000 0.000 0.000 0.000 0.000 0.000 0.000 0.000
