results4_8e4_rain/res_4e8f-0050.wd
ncols         241
nrows         181
xllcorner     12693529.787448
yllcorner     3542525.717860
cellsize      155.156523
NODATA_value  -9999.000000
[rows 99 to 131 of 181, columns 74 to 147 of 241]
49.480 49.483 48.488 48.496 53.506 56.518 53.531 49.542 49.548 43.548 0.000 0.000 0.000 0.000 0.000 0.000 6.514 64.717 89.792 87.862 87.080 93.865 93.794 86.904 87.598 87.442 87.329 88.221 88.118 87.025 90.944 49.887 0.000 0.000 0.000 0.000 0.000 0.000 6.398 32.239 44.063 11.815 0.000 23.373 26.333 24.277 28.201 24.947 22.392 0.000 16.146 20.088 35.023 40.971 43.931 41.900 36.878 29.863 24.854 19.851 0.000 0.000 0.000 0.000 0.000 0.000 10.215 22.215 46.215 47.214 47.214 47.214 45.213 0.000
49.481 48.483 46.488 50.494 55.502 56.512 56.527 50.538 47.543 52.544 52.543 13.543 0.000 10.065 40.038 17.000 0.000 53.096 93.029 88.320 88.372 93.924 86.230 88.016 87.666 87.574 87.458 87.347 87.243 89.149 88.071 24.017 0.000 0.000 0.000 0.000 0.000 0.000 10.557 16.472 27.392 0.000 0.000 18.567 26.532 25.470 29.379 29.249 0.135 0.000 11.106 25.065 30.003 50.962 51.931 51.906 52.887 53.874 51.866 32.862 0.000 0.000 0.000 0.000 0.000 0.000 9.214 22.212 46.211 47.211 47.210 47.210 40.209 0.201
48.481 48.483 51.486 54.491 55.496 30.500 0.000 23.539 59.541 32.543 6.543 0.000 0.000 21.091 71.051 67.962 59.778 78.463 89.568 86.549 94.006 87.525 88.330 87.892 87.822 87.700 87.584 87.468 88.356 86.258 74.172 21.094 0.000 0.000 0.000 0.000 0.000 13.957 20.801 18.701 19.641 0.000 0.000 24.797 42.757 35.691 30.596 5.422 0.000 0.000 0.000 0.000 23.961 48.943 52.924 50.906 50.891 50.880 52.873 25.869 19.870 19.870 25.870 0.000 0.000 0.000 0.000 21.208 46.208 47.207 47.206 47.206 30.205 0.000
47.479 52.481 55.483 55.487 55.491 20.494 0.000 0.000 2.541 0.000 0.000 0.000 0.000 14.158 77.111 83.021 90.882 90.759 87.844 94.386 94.148 87.505 88.213 88.060 87.946 87.829 87.709 87.584 93.457 43.356 11.264 0.000 0.000 0.000 0.000 0.000 5.239 23.113 18.990 18.892 17.830 23.838 0.000 18.067 44.007 42.943 40.893 0.000 0.000 0.000 0.000 0.000 21.936 50.928 54.916 51.904 50.892 48.883 37.876 18.872 14.871 15.871 0.000 0.000 0.000 0.000 0.000 17.205 46.204 47.204 47.203 43.202 10.201 15.197
53.477 55.478 55.480 53.483 59.488 29.490 0.000 0.000 0.000 0.000 0.000 0.000 0.000 25.271 83.215 86.134 89.976 89.168 89.149 94.597 86.911 88.613 88.284 88.193 88.078 87.962 91.840 97.700 52.534 21.444 0.000 0.000 0.000 0.000 0.000 6.447 29.366 23.265 16.154 21.047 24.948 21.847 19.671 33.398 37.262 27.181 35.139 0.000 0.000 0.000 0.000 0.000 27.920 51.915 56.909 55.900 51.891 46.883 15.877 13.873 14.872 21.871 0.000 0.000 0.000 0.000 11.202 15.202 44.202 47.201 47.200 41.199 12.198 11.196
55.473 55.475 54.476 32.478 0.000 17.488 19.487 0.000 0.000 0.000 0.000 0.000 16.557 69.440 83.354 86.241 88.374 89.355 94.965 94.789 87.902 88.599 88.434 88.324 88.212 92.101 53.987 13.844 0.000 31.444 17.443 0.000 0.000 0.000 0.000 14.529 48.512 39.427 34.316 29.194 30.067 27.931 28.769 41.590 35.463 19.382 21.342 0.000 0.000 0.000 0.000 0.000 27.908 55.906 20.904 18.898 50.890 53.880 23.875 14.872 19.872 0.000 0.000 0.000 0.000 0.000 0.000 11.201 29.199 45.198 48.198 41.197 12.196 11.194
55.470 51.471 55.473 37.474 0.000 8.487 38.487 0.000 0.000 0.000 0.000 6.767 68.674 82.579 88.491 88.447 88.570 95.278 95.126 87.252 89.020 88.664 88.571 88.455 88.345 92.244 64.165 0.000 0.000 1.443 4.443 0.000 0.000 0.000 0.000 1.810 33.726 38.618 48.487 44.346 32.197 35.042 43.882 38.733 26.617 18.542 19.507 0.000 0.000 0.000 0.000 0.000 25.899 59.896 0.000 0.000 0.000 46.873 36.871 17.870 0.000 0.000 0.000 0.000 0.000 0.000 0.000 0.000 8.197 34.196 44.195 37.195 13.194 11.193
50.466 49.467 65.471 44.472 0.000 7.487 35.487 0.000 0.000 0.000 0.989 64.861 77.792 87.717 90.586 89.815 87.829 95.417 86.581 88.347 84.900 86.822 88.697 88.582 89.471 83.364 73.264 21.264 0.000 0.000 0.000 0.000 0.000 0.000 0.000 24.177 28.995 28.830 30.669 39.505 42.334 45.156 38.987 25.841 19.731 18.661 17.636 21.670 6.670 0.000 0.000 0.000 14.892 51.885 17.877 6.874 0.000 41.868 47.867 27.866 0.000 0.000 0.000 0.000 0.000 0.000 0.000 0.000 3.195 27.194 32.194 19.193 11.192 11.192
56.461 52.462 0.000 0.000 0.000 0.000 0.000 0.000 0.000 0.000 2.084 80.998 82.928 90.826 89.977 88.981 95.660 95.544 88.548 88.229 88.065 87.943 86.824 87.706 89.591 46.477 0.000 0.000 0.000 0.000 0.000 0.000 0.000 10.146 24.902 35.511 32.248 31.040 27.854 28.672 31.479 43.262 44.069 35.913 24.804 17.737 17.706 19.705 0.000 0.000 0.000 0.000 0.000 41.875 19.872 15.871 15.868 47.865 50.863 33.861 0.000 0.000 29.848 0.000 0.000 0.000 0.000 0.000 6.194 30.193 25.192 11.191 11.191 10.191
58.457 45.457 0.000 0.000 0.000 0.000 0.000 0.000 0.000 0.000 68.214 78.140 90.061 90.036 89.161 95.866 95.767 87.879 89.645 89.290 89.191 89.068 88.947 90.828 40.709 0.000 0.000 0.000 0.000 0.000 0.000 9.090 25.817 38.391 34.048 32.717 32.448 32.227 33.034 30.851 29.649 3.342 22.116 46.937 28.837 16.778 19.747 17.738 5.743 0.000 0.000 0.000 0.866 33.867 11.866 0.000 0.000 3.861 40.858 29.855 38.851 45.849 4.849 0.000 0.000 0.000 0.000 0.000 0.000 21.191 19.190 12.190 14.191 12.191
50.453 49.453 25.451 0.000 0.000 0.000 0.000 0.000 0.000 21.504 81.380 88.287 90.181 90.316 88.415 95.956 88.182 89.956 89.514 89.438 89.312 90.192 91.070 52.949 0.000 0.000 0.000 0.000 0.000 0.000 28.750 39.364 34.969 33.554 33.183 32.862 32.599 32.385 32.205 32.050 40.923 0.000 0.000 14.882 23.828 15.790 24.767 24.756 6.749 0.000 0.000 0.000 0.000 17.861 54.859 22.855 0.000 0.000 41.852 35.851 26.849 26.848 0.000 0.000 0.000 0.000 0.000 0.000 0.000 0.185 11.188 12.188 0.000 0.000
0.000 52.450 50.449 39.448 0.000 0.000 0.000 0.000 12.739 71.628 85.518 91.422 90.374 89.501 96.107 96.036 89.137 89.829 89.670 89.553 90.437 92.316 53.193 0.000 0.000 0.000 0.000 0.000 15.981 26.680 38.136 34.647 34.141 30.675 30.266 29.948 30.702 32.509 32.353 35.220 12.071 0.000 0.000 0.000 19.803 18.789 36.776 32.769 0.000 0.000 0.000 0.000 0.000 1.857 46.854 58.851 15.848 41.847 55.848 47.848 23.847 16.846 0.000 0.000 0.000 0.000 0.000 0.000 0.000 6.184 12.185 16.186 0.000 0.000
0.000 54.449 44.448 51.448 43.447 4.447 0.000 5.952 72.851 81.747 91.655 90.499 90.730 88.726 96.167 88.441 90.227 89.879 89.789 90.674 91.567 45.441 0.000 0.000 0.000 0.000 0.000 28.601 39.281 36.925 35.466 36.947 36.275 41.737 46.261 40.963 33.753 27.595 31.478 37.405 0.000 0.000 0.000 0.000 22.792 23.786 45.779 33.775 0.000 0.000 0.000 0.000 0.000 0.000 41.849 50.848 55.846 51.846 51.845 55.845 39.844 18.843 19.841 0.000 0.000 0.000 0.000 0.000 8.183 13.184 11.184 16.184 0.000 0.000
0.000 22.448 73.447 36.447 0.000 0.000 11.137 71.053 75.963 89.875 90.730 90.963 88.852 96.250 88.712 90.515 90.084 90.020 90.902 87.790 42.716 0.000 0.000 0.000 0.000 0.000 31.219 38.922 36.617 36.275 39.855 14.401 0.000 0.000 11.076 36.892 38.751 39.641 31.561 32.516 0.000 0.000 0.000 0.000 3.787 21.783 28.780 27.778 0.000 0.000 0.000 0.000 0.000 0.000 32.845 45.845 50.844 51.844 52.843 48.843 44.842 29.841 17.839 21.837 27.836 0.000 0.000 0.000 0.000 11.183 12.183 14.183 0.000 0.000
0.000 0.000 74.447 61.447 0.000 0.000 18.221 79.160 87.082 90.972 92.113 92.099 96.596 96.383 89.669 90.379 90.233 90.128 85.019 74.866 25.791 0.000 0.000 0.000 19.988 28.827 40.516 37.250 36.991 40.702 18.278 0.000 0.000 0.000 0.000 34.777 31.720 35.657 41.608 41.583 19.597 0.000 0.000 0.000 0.000 23.781 17.779 24.778 0.000 0.000 0.000 0.000 0.000 0.000 19.843 36.842 50.842 45.842 38.842 40.842 1.841 26.840 35.838 28.836 24.836 0.000 0.000 0.000 0.000 0.000 6.182 11.182 16.181 0.000
0.000 0.000 2.446 51.446 0.000 6.470 72.367 84.285 91.204 91.165 91.292 96.979 96.793 88.972 90.763 90.422 90.344 83.249 49.177 0.000 0.000 0.000 0.000 38.310 32.149 39.978 37.769 37.570 38.396 16.265 0.000 0.000 0.000 0.000 0.000 37.719 31.694 31.659 33.630 37.613 39.611 0.000 0.000 0.000 0.000 4.780 23.779 0.000 0.000 0.000 0.000 0.000 0.000 0.000 15.840 26.840 33.840 25.840 22.839 0.000 0.000 0.000 19.836 23.835 32.834 0.000 0.000 0.000 0.000 0.000 0.176 11.181 12.181 0.000
0.000 0.000 0.000 0.000 6.656 75.574 80.489 91.415 91.289 92.521 92.547 97.152 89.288 91.058 90.618 90.551 80.442 69.349 33.263 0.000 0.000 0.000 32.620 54.471 39.321 31.168 39.010 36.868 39.757 9.697 0.000 0.000 0.000 0.000 26.682 33.688 32.677 32.658 29.640 25.627 27.623 0.000 0.000 0.000 0.000 0.000 30.778 0.000 0.000 0.000 0.000 0.000 0.000 0.000 17.838 16.838 15.838 13.838 19.838 0.000 0.000 0.000 0.000 17.833 35.833 0.000 0.000 0.000 0.000 0.000 0.000 4.180 17.180 30.180
0.000 0.000 0.000 0.000 78.738 77.681 91.611 91.513 92.666 92.690 97.466 97.314 90.246 91.923 89.758 75.635 64.535 38.442 0.000 0.000 0.000 26.909 44.770 44.632 51.496 39.363 29.238 35.133 45.067 48.070 11.211 0.000 0.000 0.000 38.675 32.675 32.667 31.656 27.644 21.635 22.631 0.000 0.000 0.000 0.000 0.000 3.777 11.776 0.000 0.000 0.000 0.000 0.000 0.000 19.837 13.836 14.836 14.836 16.836 0.000 0.000 0.000 0.000 4.832 25.831 3.830 0.000 0.000 0.000 0.000 0.000 0.000 0.000 0.000
0.000 0.000 0.000 17.967 78.876 90.804 91.732 92.702 94.847 97.748 97.609 89.568 91.323 87.967 76.859 65.704 37.619 0.000 0.000 0.000 29.176 50.048 35.920 27.792 41.667 53.550 41.445 44.361 45.309 32.304 38.353 17.417 0.000 0.000 30.670 26.668 33.662 28.654 20.645 19.638 23.634 0.000 0.000 0.000 0.000 0.000 0.000 30.775 0.000 0.000 0.000 0.000 0.000 0.000 1.836 16.835 14.835 14.834 14.834 22.833 0.000 0.000 0.000 0.000 6.830 17.829 23.828 0.000 0.000 0.000 0.000 0.000 0.000 0.000
0.000 0.000 0.000 61.057 86.996 92.932 91.814 92.052 90.100 97.880 89.862 91.619 86.180 75.105 49.978 0.000 0.000 0.000 0.000 29.412 50.304 37.189 26.068 25.948 27.832 38.725 53.631 44.556 29.506 37.482 39.481 13.481 0.000 0.000 55.668 42.665 31.660 25.653 21.645 18.638 19.634 13.633 0.000 0.000 0.000 0.000 0.000 9.775 0.000 0.000 0.000 0.000 0.000 0.000 0.000 18.834 14.834 14.833 14.833 16.832 0.831 0.000 0.000 0.000 0.000 14.828 17.827 0.000 0.000 0.000 0.000 0.000 0.000 0.000
0.000 0.000 64.316 61.208 67.129 82.031 93.186 90.225 98.124 98.005 90.797 86.477 75.324 54.211 0.000 0.000 11.598 0.000 0.000 54.519 37.442 26.334 27.217 26.100 28.989 42.887 51.799 52.727 36.675 32.639 43.609 17.545 0.000 0.000 0.000 0.000 0.000 0.000 0.000 22.634 29.633 30.632 16.631 0.000 0.000 0.000 0.000 0.000 0.000 0.000 0.000 0.000 0.000 0.000 0.000 18.832 17.833 20.833 15.832 12.831 21.830 0.000 0.000 0.000 0.000 28.827 33.827 0.000 0.000 0.000 0.000 0.000 0.000 0.000
0.000 3.517 65.424 62.332 63.251 73.217 89.366 98.351 98.239 90.086 86.844 74.509 48.429 0.000 0.000 28.633 27.598 9.549 0.000 42.704 26.609 27.490 26.367 27.247 42.136 48.036 11.950 2.880 54.827 40.792 18.771 0.000 0.000 0.000 0.000 0.000 0.000 0.000 0.000 40.632 34.631 31.630 27.630 0.000 0.000 0.000 0.000 0.000 0.000 0.000 0.000 0.000 0.000 0.000 6.830 15.831 0.000 0.000 0.000 15.830 19.830 0.000 0.000 0.000 0.000 32.827 1.827 0.000 0.000 0.000 0.000 0.000 0.000 0.000
78.687 66.611 63.529 61.453 62.328 63.562 67.614 98.458 89.332 85.088 74.673 48.626 0.000 0.000 0.000 32.667 30.613 50.501 34.285 26.985 27.801 26.649 29.512 49.387 46.272 27.171 23.085 28.015 55.962 52.929 16.914 0.000 0.000 0.000 0.000 0.000 0.000 0.000 0.000 47.630 47.630 42.629 33.629 0.000 0.000 0.000 0.000 0.000 0.000 0.000 0.000 0.000 0.000 0.000 18.830 20.830 0.000 0.000 0.000 18.829 19.829 0.000 0.000 0.000 0.000 3.826 0.000 0.000 0.000 0.000 0.000 0.000 0.000 0.000
76.764 90.708 82.639 67.540 68.691 60.730 98.661 98.561 68.210 72.886 48.782 0.000 0.000 0.000 0.000 34.757 47.686 45.556 27.369 27.149 26.960 37.795 49.647 38.514 27.396 27.292 27.204 28.132 37.079 55.047 51.042 12.085 0.000 0.000 0.000 0.000 0.000 0.000 0.000 33.629 35.629 47.628 48.628 4.627 0.000 0.000 0.000 0.000 0.000 0.000 0.000 0.000 0.000 10.829 20.830 0.000 0.000 0.000 0.000 19.829 17.829 0.000 0.000 0.000 0.000 0.000 0.000 0.000 0.000 0.000 0.000 0.000 0.000 0.000
89.897 92.821 92.748 87.716 77.864 98.855 98.758 60.342 55.132 0.000 0.000 0.000 0.000 0.000 0.000 45.917 50.820 26.670 28.485 28.285 40.095 48.923 30.768 27.629 27.505 27.398 27.306 27.232 27.176 36.138 56.122 49.129 23.144 14.148 18.148 0.000 0.000 0.000 0.000 0.000 13.628 53.628 53.627 14.627 0.000 0.000 0.000 0.000 0.000 0.000 0.000 0.000 0.000 0.000 0.000 0.000 0.000 0.000 0.000 0.000 26.829 0.000 0.000 0.000 0.000 0.000 0.000 0.000 0.000 0.000 0.000 0.000 0.000 0.000
93.009 92.939 92.819 97.055 88.106 98.950 60.399 63.061 57.834 0.000 0.000 0.000 0.000 0.000 39.365 51.174 28.006 28.819 28.616 36.410 49.213 27.034 27.872 27.727 27.599 27.487 27.392 27.314 27.253 27.209 31.180 32.164 27.157 28.151 35.149 17.149 0.000 0.000 0.000 0.000 0.000 8.627 44.627 7.626 0.000 0.000 0.000 0.000 0.000 0.000 0.000 0.000 0.000 0.000 0.000 0.000 0.000 0.000 0.000 0.000 0.000 0.000 0.000 0.000 0.000 0.000 0.000 0.000 0.000 0.000 0.000 0.000 0.000 0.000
89.120 93.025 94.180 91.220 99.133 99.041 64.984 49.321 0.000 0.000 0.000 0.000 0.000 0.000 56.556 33.410 29.210 28.984 30.751 51.525 31.315 28.127 27.960 27.810 27.676 27.559 27.461 27.380 27.315 27.264 26.224 25.192 28.168 10.150 0.000 0.000 0.000 0.000 0.000 0.000 0.000 0.000 37.626 25.626 0.000 0.000 0.000 0.000 0.000 0.000 0.000 0.000 0.000 0.000 0.000 0.000 0.000 0.000 0.000 0.000 0.000 0.000 0.000 0.000 0.000 0.000 0.000 0.000 0.000 0.000 0.000 0.000 0.000 0.000
68.229 72.201 68.352 99.316 99.225 76.578 57.622 48.317 0.000 0.000 0.000 0.000 0.000 0.000 31.893 27.700 27.441 26.157 38.880 31.624 25.396 26.200 26.030 25.878 25.737 26.614 27.512 27.430 27.364 26.309 24.259 26.213 26.172 23.132 13.079 16.028 17.977 16.930 18.894 0.000 0.000 0.000 0.000 34.625 6.625 0.000 0.000 0.000 0.000 0.000 0.000 0.000 0.000 0.000 0.000 0.000 0.000 0.000 0.000 0.000 0.000 0.000 0.000 0.000 0.000 0.000 0.000 0.000 0.000 0.000 0.000 0.000 0.000 0.000
105.299 70.540 100.593 99.405 59.226 49.772 0.000 63.286 21.323 0.000 0.000 0.000 0.000 75.872 54.424 25.056 32.698 43.323 41.989 37.696 35.443 35.247 35.083 33.933 27.781 23.647 27.544 27.465 27.402 26.347 26.293 30.227 30.176 31.129 41.078 41.027 36.975 29.921 28.857 7.808 0.000 0.000 0.000 0.000 0.000 0.000 0.000 0.000 0.000 0.000 0.000 0.000 0.000 0.000 0.000 0.000 0.000 0.000 0.000 0.000 0.000 0.000 0.000 0.000 0.000 0.000 0.000 0.000 0.000 0.000 0.000 0.000 0.000 0.000
110.091 108.132 99.570 99.489 87.329 0.000 30.197 58.197 131.361 106.754 0.000 23.289 12.804 74.320 33.877 31.400 102.971 93.450 89.056 88.729 87.435 86.261 85.124 83.991 54.807 21.650 27.553 27.484 27.431 27.386 19.340 0.000 0.000 0.000 0.000 0.000 0.000 0.000 45.808 24.759 0.000 0.000 0.000 0.000 0.000 0.000 0.000 0.000 0.000 0.000 0.000 0.000 0.000 0.000 0.000 0.000 0.000 0.000 0.000 0.000 0.000 0.000 0.000 0.000 0.000 0.000 0.000 0.000 0.000 0.000 0.000 0.000 0.000 0.000
109.254 99.718 99.645 83.898 0.000 0.000 0.000 1.244 52.169 40.148 0.000 4.774 0.000 33.727 30.363 39.699 95.335 0.000 0.000 0.000 31.308 40.237 101.160 14.100 0.000 31.592 27.535 27.487 28.451 10.428 0.000 0.000 0.000 0.000 0.000 0.000 0.000 0.000 0.000 45.662 1.305 0.000 0.000 0.000 0.000 0.000 0.000 0.000 0.000 0.000 0.000 0.000 0.000 0.000 0.000 0.000 0.000 0.000 0.000 0.000 0.000 0.000 0.000 0.000 0.000 0.000 0.000 0.000 0.000 0.000 0.000 0.000 0.000 0.000
108.482 99.786 108.398 110.243 30.531 0.000 7.041 34.041 43.894 21.521 0.000 26.260 72.088 70.498 63.150 0.000 14.334 0.000 0.000 14.251 42.252 87.220 50.180 15.150 0.000 0.000 33.507 27.480 28.459 9.446 0.000 0.000 0.000 0.000 0.000 0.000 0.000 0.000 0.000 0.000 30.537 0.000 0.000 0.000 0.000 0.000 0.000 0.000 0.000 0.000 0.000 0.000 0.000 0.000 0.000 0.000 0.000 0.000 0.000 0.000 0.000 0.000 0.000 0.000 0.000 0.000 0.000 0.000 0.000 0.000 0.000 0.000 0.000 0.000
99.908 99.849 88.908 31.672 0.000 0.000 0.000 0.000 20.847 0.000 0.000 19.916 63.508 117.027 52.588 0.000 0.000 0.000 0.000 0.000 56.227 91.212 21.191 18.170 0.000 0.000 0.000 32.466 26.458 24.453 22.453 10.452 0.000 0.000 0.000 0.000 0.000 0.000 0.000 0.000 44.451 2.418 0.000 0.000 0.000 0.000 0.000 0.000 0.000 0.000 0.000 0.000 0.000 0.000 0.000 0.000 0.000 0.000 0.000 0.000 0.000 0.000 0.000 0.000 0.000 0.000 0.000 0.000 0.000 0.000 0.000 0.000 0.000 0.000
