results4_8e4_rain/res_4e8f-0126.wd
ncols         241
nrows         181
xllcorner     12693529.787448
yllcorner     3542525.717860
cellsize      155.156523
NODATA_value  -9999.000000
[rows 66 to 98 of 181, columns 73 to 145 of 241]
70.022 34.011 0.000 59.166 76.145 75.115 75.087 0.000 46.496 46.479 59.491 55.500 54.480 54.435 53.367 129.270 117.102 0.000 0.000 0.000 49.863 44.803 49.711 52.652 52.604 54.561 55.520 60.474 61.432 62.386 53.328 0.000 0.000 50.645 100.645 82.557 86.414 86.496 84.545 92.468 84.948 85.424 86.160 84.929 84.704 85.497 55.340 0.000 0.000 0.000 0.000 0.000 0.000 0.000 37.019 34.999 34.963 34.913 34.852 34.788 38.719 51.647 48.573 33.499 44.422 53.348 32.276 35.205 41.135 46.065 41.997 35.930 33.864
55.024 61.000 0.000 47.381 71.346 70.318 64.321 17.404 0.000 0.000 52.568 65.645 54.645 53.614 54.571 35.530 0.000 0.000 0.000 0.000 0.000 0.000 60.644 58.619 56.590 39.555 42.515 49.469 50.435 55.403 46.365 0.000 0.000 0.000 60.883 78.790 85.724 85.813 92.901 92.692 85.023 85.709 85.417 85.203 84.990 79.800 37.665 0.000 1.855 34.855 0.000 0.000 0.000 43.078 38.059 35.032 34.994 34.945 34.888 34.826 34.760 34.690 41.618 55.545 56.472 39.399 33.328 34.258 35.188 39.120 38.053 33.986 33.921
57.032 55.965 60.830 58.632 72.540 65.491 66.475 63.488 0.000 0.000 0.000 67.868 62.840 57.806 59.772 6.749 0.000 0.000 0.000 0.000 0.000 0.000 59.601 55.592 46.581 0.000 0.000 47.453 59.438 58.424 0.000 0.000 6.585 63.466 55.214 59.037 66.112 81.171 93.096 84.769 86.321 85.882 85.690 85.469 83.253 66.046 44.855 50.855 48.855 29.855 0.000 0.000 0.000 1.129 52.107 34.076 35.036 38.987 46.931 36.869 34.804 33.735 37.664 52.593 59.521 51.449 37.379 32.310 34.241 34.174 34.108 34.042 32.977
57.072 54.997 58.895 69.776 63.690 56.632 75.598 64.585 16.601 0.000 10.261 60.117 76.044 70.996 70.963 73.945 0.000 0.000 0.000 0.000 5.546 5.552 57.567 48.566 51.562 0.000 0.000 0.000 95.438 122.431 37.431 0.000 62.703 57.602 57.442 57.349 53.431 93.454 93.280 85.819 89.421 86.165 85.953 85.735 77.506 30.276 0.000 52.855 30.855 0.000 0.000 0.000 40.263 39.226 38.174 34.132 38.086 50.035 54.978 52.917 45.851 35.782 44.712 52.641 31.569 37.498 50.429 47.360 43.293 51.227 32.162 34.097 32.032
55.129 61.058 70.975 62.887 54.812 54.751 67.700 75.652 71.617 74.544 76.406 71.296 66.222 68.172 57.140 56.124 0.000 0.000 0.000 6.537 62.540 61.543 49.547 51.546 52.538 56.520 55.509 0.000 6.445 0.435 0.000 9.083 68.923 61.796 56.637 57.728 55.774 93.612 55.441 63.028 77.621 85.439 86.222 84.013 42.759 0.000 0.000 0.000 0.000 0.000 0.000 41.324 35.300 35.271 35.232 36.190 46.142 55.090 54.031 53.968 49.901 45.832 55.760 38.689 33.617 34.547 34.478 44.410 57.344 44.280 32.217 33.153 39.088
61.195 72.130 62.059 54.986 55.919 55.859 57.798 41.707 67.672 65.610 57.522 54.439 53.375 69.329 71.300 58.286 0.000 0.000 0.000 62.534 58.534 55.534 48.534 52.531 52.524 52.512 52.499 11.478 14.454 15.429 17.380 85.243 82.114 70.985 69.942 58.940 93.892 93.758 57.497 64.143 58.917 65.718 84.487 59.334 0.000 0.000 0.000 0.000 0.000 0.000 0.000 41.347 35.344 35.325 35.294 36.253 45.205 55.150 54.089 53.023 49.954 54.883 48.810 32.737 34.664 34.594 34.525 44.458 52.394 31.332 34.271 37.209 56.144
72.268 62.208 55.145 56.081 56.020 56.967 37.928 0.000 24.752 52.702 55.633 55.563 55.509 53.471 77.446 61.434 0.000 0.000 0.000 39.530 56.527 50.526 51.524 52.520 52.514 52.506 52.495 63.481 3.463 7.453 24.468 77.396 87.294 9.184 91.106 81.299 94.009 56.073 69.715 66.357 56.225 53.027 49.672 34.503 0.000 0.000 36.895 0.000 0.000 0.000 0.000 37.375 35.402 35.393 35.365 35.324 36.273 42.216 50.152 50.083 50.010 53.935 31.860 34.784 34.710 33.639 39.570 56.504 39.442 33.383 36.327 17.270 18.191
62.346 55.290 56.231 56.171 56.114 59.062 15.017 12.983 5.883 50.813 55.743 57.672 55.628 54.598 72.579 68.570 0.000 0.000 0.000 0.000 47.519 50.518 52.515 52.512 52.508 52.502 54.496 40.489 0.000 0.000 74.643 77.577 88.487 94.358 88.462 86.499 94.109 77.125 79.826 64.667 57.571 50.496 0.000 0.000 0.000 0.000 34.895 0.000 0.000 0.000 0.000 0.000 38.498 35.481 35.448 35.404 35.350 35.288 35.219 42.145 50.068 37.989 34.909 34.830 34.754 37.681 50.612 50.547 32.487 34.432 37.385 4.351 0.000
55.428 56.374 56.318 56.260 56.203 56.148 60.098 61.048 60.983 56.923 56.856 36.754 53.734 54.715 70.701 69.697 0.000 0.000 0.000 0.000 46.512 52.510 52.508 52.505 52.502 52.500 40.498 0.000 0.000 3.021 79.884 85.787 88.686 88.632 87.710 94.243 86.610 89.326 84.013 68.954 58.893 57.889 58.026 0.000 0.000 0.000 31.896 38.896 31.896 0.000 0.000 0.000 53.611 34.583 35.543 35.494 35.435 36.367 35.292 35.212 35.128 35.043 34.958 34.875 33.795 39.720 54.650 31.585 34.526 34.473 36.429 11.399 0.000
56.515 56.462 56.406 56.348 56.289 56.231 56.177 56.127 56.080 56.038 60.005 0.000 46.839 55.826 71.815 66.820 2.864 0.000 0.000 0.000 51.507 54.504 54.501 54.498 52.496 55.496 0.000 0.000 0.000 72.158 78.085 88.998 88.879 88.987 87.035 94.451 87.745 92.388 88.279 89.212 77.162 65.142 54.162 49.162 51.162 0.000 0.000 37.897 32.896 38.891 39.877 37.840 43.751 53.699 35.649 36.593 45.528 52.454 34.371 35.282 35.190 35.096 35.004 33.915 38.832 57.754 51.682 40.617 33.558 34.506 36.459 51.418 69.372
56.605 56.552 56.496 56.437 56.375 56.310 56.253 59.204 57.173 56.144 60.122 0.000 46.957 55.934 72.913 64.904 4.909 0.000 0.000 0.000 24.503 34.500 33.493 33.489 54.489 39.493 0.000 0.000 0.000 74.368 84.301 89.212 89.170 88.274 95.088 94.787 88.812 89.655 88.512 88.455 89.400 80.356 45.319 0.000 0.000 0.000 0.000 35.898 35.900 32.901 34.900 35.893 34.855 41.812 55.761 38.701 36.631 46.549 34.457 35.357 35.252 35.148 35.047 34.952 42.863 55.782 42.709 54.643 32.585 33.532 38.485 59.440 71.394
56.697 56.644 56.589 56.529 56.462 59.383 61.320 33.262 54.263 57.243 59.216 19.192 50.097 55.041 67.000 64.973 5.958 0.000 0.000 0.000 0.000 0.000 0.148 0.195 35.478 0.000 0.000 0.000 22.815 72.646 89.538 89.419 89.536 87.621 95.360 87.401 93.106 88.801 88.754 88.687 88.627 78.561 39.440 0.000 0.000 0.000 0.000 0.000 38.906 39.912 26.929 34.976 35.965 35.931 39.882 55.820 38.745 35.655 35.551 35.435 35.315 35.198 33.086 38.981 57.886 38.802 37.728 51.663 35.606 33.554 40.508 66.464 71.420
56.792 56.739 56.686 56.629 58.560 34.441 36.380 0.000 16.376 52.347 56.309 60.264 56.198 59.134 64.072 69.029 7.993 0.000 0.000 0.000 0.000 0.000 31.325 38.329 0.000 0.000 0.000 6.105 81.985 83.864 89.757 89.713 88.832 95.851 95.614 88.464 89.178 89.049 88.980 88.916 87.861 67.821 0.000 0.000 0.000 0.000 0.000 0.000 0.000 30.912 0.000 42.116 39.100 35.066 35.017 36.953 53.874 42.776 34.656 35.517 35.376 34.242 39.117 41.002 39.899 36.811 34.738 34.675 34.620 35.572 48.528 70.488 71.449
56.886 56.835 56.787 56.742 61.708 0.000 0.000 22.610 14.518 48.460 57.409 55.356 57.295 69.226 41.125 35.077 0.050 0.000 0.000 0.000 0.000 29.309 35.314 37.316 0.000 0.000 0.000 69.225 74.156 88.067 89.950 90.080 88.175 96.069 87.965 89.640 89.334 89.274 89.200 89.135 81.079 58.041 0.000 0.000 0.000 0.000 0.000 0.000 0.000 0.000 0.000 46.271 41.252 35.216 33.166 36.102 36.022 51.919 44.782 35.600 36.430 34.276 41.138 41.011 37.895 31.807 34.737 34.679 36.629 50.585 69.546 71.510 74.478
57.978 55.928 55.883 55.845 58.822 28.831 25.790 57.701 62.626 56.565 54.510 61.457 71.401 74.351 0.000 0.000 0.000 0.000 0.000 0.000 0.000 0.000 4.309 6.310 0.000 0.000 0.000 71.414 79.350 89.261 90.252 89.290 96.470 96.275 88.997 89.701 89.563 89.485 89.412 89.344 71.281 53.224 0.000 0.000 0.000 0.000 0.000 0.000 0.000 0.000 0.000 44.447 42.422 42.381 39.329 32.267 34.192 35.096 50.953 50.673 47.467 44.297 37.147 36.008 32.866 33.785 34.725 38.675 58.632 70.594 70.560 71.530 70.504
72.066 71.016 69.972 67.934 64.904 65.880 65.839 62.780 63.720 65.664 65.612 71.558 73.501 31.426 0.000 0.000 0.000 0.000 0.000 0.000 0.000 0.000 0.000 0.000 0.000 9.931 17.851 72.669 89.560 90.468 90.417 89.645 96.652 88.475 90.149 89.837 89.772 89.690 89.618 87.550 69.475 40.350 0.000 0.000 0.000 0.000 0.000 0.000 0.000 0.000 0.000 34.647 38.607 41.557 42.502 41.445 38.384 34.319 28.261 0.000 0.000 0.000 0.000 0.000 36.775 34.741 37.702 58.665 71.630 70.598 71.570 74.545 70.524
68.148 70.098 69.054 71.015 72.980 71.946 70.906 68.859 66.810 66.761 67.713 63.665 63.620 0.000 0.000 0.000 0.000 0.000 0.000 0.000 0.000 0.000 0.000 0.000 0.000 59.011 81.953 80.850 89.755 90.643 90.769 88.871 96.821 90.570 90.175 90.050 89.966 89.889 89.820 85.762 65.721 0.000 0.000 0.000 0.000 0.000 0.000 0.000 0.000 0.000 42.034 36.888 33.803 35.737 40.679 42.627 42.578 43.537 34.510 0.000 0.000 0.000 0.000 0.000 37.719 35.703 51.678 72.652 70.625 70.599 70.576 71.556 70.540
56.224 56.175 57.131 64.091 73.054 79.018 66.981 60.940 55.899 53.857 52.815 58.767 37.693 0.000 0.000 0.000 0.000 0.000 0.000 0.000 0.000 0.000 0.000 0.000 0.000 65.148 81.101 89.025 90.938 90.904 90.034 97.120 96.977 92.589 90.395 90.233 90.156 90.079 90.011 84.958 59.925 0.000 0.000 0.000 0.000 0.000 0.000 0.000 0.000 42.304 37.181 37.067 36.979 35.909 32.852 37.804 41.766 42.741 39.733 0.000 0.000 0.000 0.000 40.667 34.679 38.673 66.658 70.639 70.618 70.598 70.580 70.564 70.551
55.295 55.248 59.204 64.165 66.128 69.093 59.058 55.023 55.988 55.954 57.921 35.896 0.000 0.000 0.000 0.000 0.000 0.000 0.000 0.000 0.000 0.000 0.000 0.000 0.000 51.332 80.280 90.209 91.107 91.236 89.345 97.253 90.140 91.813 90.493 90.426 90.338 90.259 90.189 81.132 54.097 0.000 0.000 0.000 0.000 0.000 0.000 0.000 41.541 37.427 37.318 37.220 37.138 37.070 37.014 33.971 32.941 35.929 42.948 43.033 0.000 0.000 0.000 34.655 35.657 53.652 70.641 69.627 69.612 70.596 70.582 70.569 70.558
55.362 55.316 57.274 58.236 56.200 55.167 56.135 55.105 55.076 55.048 60.022 4.999 0.000 0.000 0.000 0.000 0.000 0.000 0.000 0.000 0.000 0.000 0.000 0.000 2.707 59.568 88.479 91.395 91.364 90.495 97.493 97.377 93.139 90.839 90.694 90.603 90.515 90.431 91.353 71.283 59.235 0.000 0.000 41.171 0.000 40.926 42.880 42.793 37.656 37.545 37.446 37.358 37.282 37.217 37.165 37.125 36.098 33.087 42.095 43.119 36.119 0.000 0.000 42.643 34.641 42.636 48.628 51.617 55.605 61.593 67.582 69.571 69.563
56.424 56.380 56.340 56.304 56.270 55.239 55.211 55.186 55.163 54.142 62.119 13.079 0.000 0.000 0.000 0.000 0.000 0.000 0.000 0.000 0.000 0.000 0.000 0.000 43.843 79.759 90.673 91.562 91.703 89.794 97.597 90.594 92.268 90.951 90.875 90.779 90.687 90.597 91.507 63.414 41.324 0.000 0.000 37.171 0.000 35.972 37.921 37.842 37.744 37.650 37.563 37.484 37.414 37.354 37.304 37.266 35.240 37.226 43.225 40.231 0.000 0.000 0.000 41.632 40.629 39.625 38.618 37.609 36.599 40.590 51.580 47.572 49.566
54.482 54.441 54.403 54.369 54.337 54.309 54.285 55.264 57.248 59.237 34.234 1.243 0.000 0.000 0.000 0.000 0.000 0.000 0.000 2.068 11.060 0.000 0.000 14.203 55.062 85.955 91.852 91.841 90.869 97.779 97.693 93.586 91.292 91.142 91.047 90.952 90.857 90.763 86.666 33.540 0.000 0.000 0.000 37.171 43.151 38.069 37.992 37.911 37.829 37.749 37.672 37.600 37.536 37.479 37.432 37.395 34.369 43.353 43.347 39.348 0.000 0.000 0.000 40.623 39.620 40.615 40.609 40.602 40.594 40.586 39.578 39.572 38.566
55.536 55.498 58.462 62.430 65.401 69.376 71.354 74.338 73.327 65.325 3.340 14.390 38.440 6.465 0.000 0.000 0.000 0.000 0.000 42.076 69.052 9.014 0.000 48.345 81.246 91.138 92.039 91.969 91.193 97.853 90.027 91.712 91.395 91.318 91.219 91.124 91.027 91.932 78.855 0.000 0.000 0.000 0.000 17.192 37.213 38.160 40.066 39.981 37.913 37.845 37.776 37.710 37.650 37.596 37.550 34.514 39.487 42.471 43.464 34.465 0.000 0.000 0.000 24.618 45.612 45.607 42.602 39.595 39.588 40.581 41.575 41.570 40.566
57.587 56.551 63.519 72.489 73.462 72.439 71.420 70.405 67.397 61.397 36.409 53.436 71.466 40.490 24.512 0.529 0.000 0.000 13.145 52.108 66.058 4.976 23.817 65.585 90.439 93.324 92.166 92.378 90.354 97.916 92.014 91.728 91.579 91.486 91.392 91.296 91.195 93.081 36.968 0.000 0.000 0.000 0.000 0.000 33.350 39.291 20.131 20.036 36.996 37.941 37.878 37.815 37.756 37.704 36.659 34.623 43.596 43.579 40.573 34.584 40.631 0.000 0.000 0.000 56.605 71.601 64.595 60.589 56.583 52.577 55.572 55.567 38.564
57.634 57.602 60.572 63.544 62.519 60.498 58.480 56.467 54.459 54.457 63.464 65.479 62.498 59.516 63.532 11.546 0.000 0.000 53.182 83.152 34.098 30.014 63.890 87.740 92.610 92.467 92.587 90.542 97.999 90.421 92.135 91.822 91.750 91.655 91.565 91.474 94.377 51.229 0.000 0.000 0.000 0.000 0.000 0.000 35.547 40.524 0.000 0.000 34.093 38.045 37.981 37.917 37.857 37.805 34.760 42.723 43.695 42.676 33.666 37.667 37.678 0.000 0.000 0.000 24.601 54.597 72.589 71.582 71.577 71.572 71.568 65.564 55.561
57.680 57.650 57.623 56.597 56.574 57.553 57.536 57.522 55.513 56.510 61.512 64.519 60.531 55.543 58.554 13.562 0.000 0.000 45.249 55.220 33.167 66.091 80.991 89.876 92.762 92.696 91.796 98.376 98.140 91.414 92.143 92.000 91.912 91.822 91.737 91.660 94.608 0.000 0.000 9.983 18.983 0.000 0.000 36.866 39.766 38.734 45.774 0.000 34.238 38.166 38.085 38.013 37.951 35.898 37.853 43.815 43.785 35.763 36.748 37.740 37.737 0.000 0.000 0.000 0.000 0.000 54.582 70.575 70.571 70.567 70.563 71.560 71.558
57.724 57.697 57.671 57.647 57.625 57.605 57.588 56.574 55.563 59.556 63.553 63.556 58.562 54.571 59.580 12.586 0.000 0.000 41.346 10.312 57.260 81.191 87.106 93.017 92.870 93.083 91.074 98.586 90.837 92.548 92.235 92.165 92.073 91.986 91.901 98.822 82.788 0.000 5.983 55.983 41.983 0.000 0.000 31.967 39.919 38.870 38.815 44.689 42.456 41.295 38.179 38.099 38.036 34.983 42.938 43.900 39.868 34.843 37.823 37.807 39.794 43.804 0.000 0.000 0.000 0.000 0.000 67.566 70.564 70.561 70.558 71.556 69.554
57.768 57.743 57.719 57.696 57.674 57.655 56.637 55.622 57.609 61.598 64.590 60.587 55.591 54.600 57.610 39.616 26.613 27.571 23.476 24.423 64.370 85.307 91.236 93.131 93.274 91.268 98.955 98.779 91.845 92.558 92.412 92.322 92.233 92.147 97.059 39.938 54.934 24.972 55.982 63.984 0.000 0.000 0.000 31.114 40.074 39.012 38.927 48.795 59.603 33.379 43.238 39.167 36.111 38.061 44.017 42.977 33.945 36.918 37.895 37.870 24.826 25.815 0.000 0.000 0.000 0.000 0.000 48.560 69.558 70.555 70.553 74.551 70.549
57.812 57.788 57.765 57.743 57.722 57.702 55.684 55.668 59.653 66.638 67.621 63.613 58.615 56.627 56.644 58.654 58.652 67.625 8.564 42.534 80.489 87.433 93.369 93.341 92.477 99.269 99.116 92.204 92.984 92.647 92.573 92.477 92.389 92.309 100.249 0.000 38.038 40.000 29.990 31.987 0.000 0.000 0.000 34.302 40.251 39.178 45.085 60.963 37.783 0.000 24.229 37.220 35.181 43.135 44.089 40.049 37.016 37.989 37.968 39.954 0.000 0.000 0.000 0.000 0.000 0.000 40.555 21.556 60.552 70.550 70.548 75.546 70.544
57.857 57.833 57.810 57.788 57.767 56.748 55.730 57.714 64.697 41.678 17.643 16.629 13.631 43.648 60.686 55.706 58.715 39.711 1.691 47.659 85.618 91.574 93.470 93.718 91.746 99.409 92.540 93.317 92.885 92.826 92.721 92.627 92.537 93.453 91.380 13.323 13.180 0.000 0.000 0.000 0.000 0.000 33.682 41.541 39.449 38.364 58.274 62.187 0.000 0.000 0.000 33.302 39.258 44.207 44.157 34.115 38.080 38.053 38.035 41.025 0.000 0.000 0.000 0.000 0.000 0.000 19.555 0.000 48.545 70.544 70.543 76.541 70.539
57.900 57.877 57.854 57.833 56.812 55.792 57.774 60.758 68.745 27.735 0.000 0.000 0.000 0.000 42.747 57.767 58.791 44.813 46.827 72.794 89.760 93.692 93.871 91.898 99.655 99.538 93.523 93.218 93.070 92.967 92.868 92.773 92.679 95.584 80.494 9.408 0.000 0.000 0.000 0.000 0.000 0.000 33.823 40.732 39.640 37.554 65.461 26.324 0.000 0.000 39.541 44.427 44.345 44.276 42.219 37.173 38.136 38.110 38.093 40.085 0.000 44.165 0.000 0.000 0.000 0.000 0.000 0.000 41.539 70.539 70.538 70.537 70.536
57.943 57.920 57.898 57.876 56.855 55.835 59.817 63.801 67.789 25.783 0.000 0.000 0.000 0.000 22.786 65.826 60.869 66.922 79.945 88.933 92.901 93.915 93.072 99.864 99.763 92.860 93.636 93.294 93.212 93.109 93.012 92.918 96.820 59.713 31.603 0.000 0.000 0.000 0.000 0.000 0.000 36.245 41.055 39.925 41.827 38.749 62.694 0.000 0.000 34.793 41.654 57.522 46.417 43.335 39.270 37.221 37.183 38.157 38.141 38.139 43.159 39.165 30.165 0.000 0.000 0.000 37.530 39.531 38.533 70.534 70.534 70.533 70.532
57.984 57.962 57.941 57.919 55.897 57.876 63.857 64.839 62.827 49.824 10.837 0.000 0.000 0.000 0.000 18.882 14.937 55.061 86.098 90.090 94.039 94.215 92.345 99.955 92.173 93.953 93.519 93.455 95.345 94.246 93.153 93.065 98.973 21.843 0.000 0.000 0.000 0.000 0.000 17.751 56.652 56.435 44.229 41.084 51.993 46.922 47.871 8.875 0.000 32.931 37.762 48.591 44.466 48.375 42.307 45.257 44.219 41.193 38.176 37.170 37.172 43.173 0.000 0.000 0.000 0.000 34.529 34.529 44.530 70.530 70.530 70.530 70.529
