results4_8e4_rain/res_4e8f-0214.wd
ncols         241
nrows         181
xllcorner     12693529.787448
yllcorner     3542525.717860
cellsize      155.156523
NODATA_value  -9999.000000
[rows 66 to 98 of 181, columns 146 to 218 of 241]
38.357 53.294 75.235 76.180 76.130 76.084 76.042 76.004 75.969 78.941 14.922 0.000 2.785 0.000 0.000 0.000 0.000 1.279 48.279 23.279 0.000 30.277 60.276 60.275 60.275 67.274 73.273 73.271 73.268 73.264 73.259 73.254 73.249 73.243 73.238 75.233 60.230 61.227 53.226 0.000 0.000 0.000 0.000 0.000 29.560 36.550 45.531 39.493 17.442 15.411 30.385 51.361 59.337 53.313 48.289 48.265 38.241 35.216 35.192 38.169 59.146 71.123 66.101 55.079 62.059 69.039 73.020 73.001 71.984 71.967 71.951 71.935 71.920
41.418 60.355 78.295 76.240 76.191 76.147 76.107 76.069 81.034 70.005 39.992 37.009 0.000 0.000 0.000 0.000 0.000 19.279 21.279 0.000 0.000 0.000 30.273 61.272 70.272 73.271 73.270 73.268 73.265 77.262 75.258 73.254 73.250 73.245 72.241 64.236 58.233 64.230 54.229 0.000 0.000 0.000 0.000 21.551 35.552 40.548 36.541 0.000 2.395 12.380 32.361 35.341 49.319 58.297 47.274 46.251 44.227 35.202 35.178 34.154 40.131 64.108 71.085 56.064 58.043 60.023 62.003 65.985 69.967 71.950 72.934 71.918 71.903
46.477 67.412 77.350 76.295 76.248 76.207 74.169 73.131 28.093 13.053 44.030 50.027 15.030 0.000 0.000 0.000 0.000 0.000 0.000 0.000 0.000 14.269 43.270 63.270 73.269 73.268 73.267 73.265 73.263 75.260 74.257 73.254 73.250 74.247 64.243 62.239 65.235 60.232 52.231 0.000 0.000 0.000 0.000 39.551 42.550 4.547 3.544 0.000 7.362 40.353 42.339 52.322 55.303 66.282 64.260 52.237 41.213 33.189 35.164 35.140 30.116 44.092 61.069 65.047 70.026 67.006 59.986 64.967 67.949 67.932 65.916 67.900 70.885
51.536 74.466 78.396 79.340 76.299 77.263 72.229 18.195 2.153 43.084 44.051 49.037 57.033 0.000 0.000 0.000 0.000 0.000 0.000 0.000 0.000 26.268 49.268 62.268 74.267 73.266 73.265 73.264 73.262 74.259 73.257 73.254 73.251 70.248 64.245 29.241 2.238 0.000 0.000 0.000 0.000 0.000 0.000 35.550 42.550 0.000 0.000 0.000 57.338 43.331 38.319 66.305 71.287 72.268 76.247 70.224 58.200 38.175 35.150 35.125 33.100 34.076 40.053 41.030 48.008 55.988 62.968 66.949 67.931 68.914 64.898 67.882 68.867
33.596 38.521 48.430 24.372 81.345 78.317 63.290 40.267 10.251 0.000 0.000 0.000 0.000 0.000 0.000 0.000 0.000 0.000 0.000 0.000 0.000 27.267 52.266 55.266 71.265 73.264 73.263 73.262 77.260 76.259 73.257 73.254 74.252 65.250 68.249 0.000 0.000 0.000 0.000 0.000 0.000 0.000 0.000 0.000 29.550 38.550 0.000 0.000 88.321 51.314 33.303 64.290 72.274 72.256 72.235 75.212 74.187 54.161 37.135 35.109 33.084 36.059 37.035 45.012 49.990 38.969 38.949 43.930 48.912 54.895 59.878 63.863 67.848
79.663 58.592 0.000 0.000 85.392 77.369 64.349 46.331 13.318 0.000 0.000 0.000 0.000 0.000 0.000 0.000 0.000 0.000 0.000 0.000 0.000 0.000 13.264 57.264 73.264 73.263 73.262 73.261 75.260 74.258 73.256 73.255 74.253 62.252 72.251 0.000 0.000 0.000 0.000 0.000 0.000 0.000 0.000 0.000 0.000 5.550 13.550 0.000 25.311 41.301 34.290 64.277 72.263 72.246 73.226 73.202 73.176 66.148 42.120 38.093 36.067 33.041 54.016 65.993 71.970 55.949 48.929 44.910 42.892 39.875 39.859 39.843 67.829
55.742 0.000 0.000 82.580 82.463 80.418 71.404 56.390 12.373 0.000 0.000 0.000 0.000 0.000 0.000 0.000 0.000 0.000 0.000 0.000 0.000 0.000 39.263 62.263 74.262 73.262 73.261 74.260 73.259 73.258 73.256 73.255 74.254 67.253 32.252 0.000 0.000 0.000 0.000 0.000 0.000 0.000 0.000 0.000 0.000 0.000 0.000 0.000 0.000 38.289 37.277 55.267 70.255 73.240 67.220 63.195 69.166 60.134 43.105 42.077 51.049 46.022 68.997 72.972 71.949 69.928 69.908 66.889 64.871 61.854 57.838 49.823 69.808
82.788 72.787 78.757 34.697 0.000 1.440 77.462 51.451 12.412 0.000 14.665 0.000 0.000 0.000 0.000 0.000 0.000 0.000 0.000 0.000 0.000 2.261 55.261 67.261 74.261 73.260 73.260 75.259 75.258 73.257 73.256 73.255 72.254 68.254 17.253 0.000 0.000 0.000 0.000 0.000 0.000 0.000 0.000 0.000 0.000 0.000 0.000 0.000 0.253 0.000 26.264 52.258 70.249 71.237 52.221 55.191 57.159 54.119 39.088 36.060 59.032 68.003 71.975 73.950 73.927 74.906 72.885 72.867 73.849 72.832 73.816 73.801 72.787
84.836 76.817 81.786 32.754 0.000 0.000 68.546 16.539 0.000 0.000 46.665 9.665 0.000 0.000 0.000 0.000 0.000 0.000 0.000 0.000 0.000 1.260 58.260 70.260 74.260 73.260 73.259 74.258 74.258 73.257 73.256 74.255 70.254 65.254 15.254 0.000 0.000 0.000 0.000 0.000 0.000 0.000 0.000 0.000 0.000 0.000 0.000 0.000 18.253 20.254 31.256 47.253 69.247 71.240 17.233 0.000 0.000 44.094 38.069 33.044 47.014 65.981 71.952 73.927 73.903 73.882 71.862 71.843 72.826 71.809 71.794 72.779 72.765
76.903 76.858 76.817 74.779 61.746 47.699 40.636 39.621 35.648 38.660 41.665 41.666 13.666 0.000 0.000 0.000 0.000 0.000 19.258 21.258 0.000 11.259 57.259 71.259 73.259 73.259 73.258 73.258 73.257 73.256 73.256 73.255 55.254 50.254 48.254 43.254 7.253 0.000 0.000 0.000 0.000 0.000 0.000 0.000 0.000 0.000 0.000 0.000 22.252 48.252 39.252 43.250 63.247 64.243 37.239 0.000 0.000 0.000 35.050 40.031 39.000 57.955 70.926 71.901 71.878 71.856 71.837 71.819 71.802 71.786 71.771 71.757 71.743
76.944 76.894 76.846 75.800 72.758 74.716 48.678 27.661 65.663 38.667 42.668 18.667 0.000 0.000 0.000 0.000 0.000 0.000 19.258 65.258 14.258 2.258 56.259 70.259 74.258 73.258 75.258 76.257 74.257 73.256 73.256 71.255 64.254 55.254 56.254 55.253 8.253 0.000 0.000 0.000 0.000 0.000 0.000 0.000 0.000 0.000 0.000 0.000 16.252 51.251 43.251 50.249 65.246 60.244 66.242 0.000 0.000 0.000 0.000 0.000 0.000 47.913 70.895 71.872 71.850 71.830 71.811 71.793 71.777 71.762 71.747 71.733 71.720
76.981 76.929 77.870 79.817 76.771 76.730 75.700 76.683 67.677 45.675 17.675 0.000 0.000 0.000 0.000 0.000 0.000 0.000 6.258 58.258 45.258 35.258 51.258 73.258 73.258 73.258 73.257 73.257 73.256 73.256 73.255 73.255 71.254 50.254 54.254 61.253 4.253 0.000 0.000 0.000 0.000 0.000 0.000 0.000 0.000 0.000 0.000 0.000 12.251 63.251 7.250 30.248 53.246 60.245 21.244 0.000 0.000 0.000 0.000 0.000 0.000 1.891 59.868 72.844 71.821 71.801 71.783 71.766 71.751 71.736 71.722 71.709 71.696
80.021 75.971 72.890 74.828 77.777 77.732 79.708 76.693 74.686 61.682 10.681 0.000 0.000 0.000 0.000 0.000 0.000 0.000 0.000 14.258 49.258 41.258 57.258 75.258 73.257 73.257 73.257 73.256 73.256 73.256 73.255 73.255 74.254 63.254 50.253 54.253 60.253 2.252 0.000 0.000 0.000 0.000 0.000 0.000 0.000 0.000 0.000 0.000 0.000 8.251 0.000 0.000 38.246 57.245 0.000 0.000 0.000 0.000 0.000 0.000 0.000 0.000 47.841 68.815 71.790 71.770 71.753 71.738 71.724 71.711 71.697 71.685 71.672
73.068 34.045 0.000 0.000 0.000 69.715 74.706 80.697 76.691 65.688 15.686 0.000 49.691 19.691 0.000 0.000 0.000 0.000 0.000 0.000 41.257 45.257 66.257 74.257 75.257 76.257 73.256 73.256 73.256 73.255 73.255 73.254 73.254 74.254 53.253 35.253 44.252 5.252 0.000 0.000 0.000 0.000 0.000 0.000 0.000 0.000 0.000 0.000 0.000 0.000 0.000 0.000 27.246 60.245 0.000 0.000 0.000 0.000 0.000 0.000 0.000 0.000 0.000 48.785 68.754 71.736 71.722 71.709 71.697 71.684 71.672 71.660 71.648
68.108 25.095 0.000 0.000 44.707 42.707 59.703 78.698 75.694 60.691 41.690 45.691 49.691 15.691 0.000 0.000 0.000 0.000 12.256 0.000 42.257 53.257 73.257 73.257 76.257 76.256 73.256 73.256 73.256 73.255 73.255 73.254 73.254 74.253 70.253 65.252 54.252 34.252 28.251 0.000 0.000 0.000 0.000 0.000 0.000 0.000 0.000 0.000 0.000 0.000 0.000 0.000 29.246 21.245 0.000 0.000 0.000 0.000 0.000 0.000 0.000 0.000 0.000 0.000 53.706 69.698 71.689 71.679 71.669 71.658 71.647 71.635 71.623
74.140 55.133 27.140 0.000 0.000 44.704 44.701 66.697 78.695 56.693 43.692 48.692 26.692 0.000 0.000 0.000 0.000 0.000 41.256 34.257 39.257 56.257 75.257 75.257 76.256 73.256 73.256 73.256 73.255 73.255 73.255 73.254 73.254 73.253 73.253 75.252 64.252 52.251 41.251 42.250 35.250 26.249 31.249 0.000 0.000 0.000 0.000 0.000 0.000 0.000 0.000 0.000 32.246 7.245 0.000 0.000 0.000 0.000 0.000 0.000 0.000 0.000 0.000 0.000 38.665 66.662 70.656 71.650 71.642 71.633 71.623 71.611 71.599
77.164 68.156 21.148 0.000 0.000 0.000 43.698 48.696 75.695 63.693 44.693 47.692 22.692 0.000 0.000 0.000 0.000 0.000 44.256 37.256 40.257 58.257 77.257 76.256 74.256 74.256 73.256 73.255 73.255 73.255 73.254 74.254 74.253 74.253 68.252 59.252 63.251 70.251 63.250 61.250 49.249 36.249 43.249 1.249 0.000 0.000 0.000 0.000 0.000 0.000 0.000 0.000 0.000 0.000 0.000 0.000 0.000 0.000 0.000 0.000 0.000 0.000 0.000 0.000 30.628 61.628 71.625 73.621 73.616 73.609 72.599 71.588 71.575
77.183 52.178 0.000 0.000 0.000 0.000 0.000 50.695 63.694 57.694 56.693 53.693 43.692 21.692 0.000 0.000 0.000 0.000 43.256 36.256 41.256 56.256 68.256 65.256 60.256 62.256 67.256 72.255 74.255 74.255 72.254 62.254 60.253 65.253 54.252 51.251 51.251 62.250 66.250 61.250 47.249 36.249 8.249 0.000 0.000 0.000 0.000 0.000 0.000 0.000 0.000 0.000 0.000 0.000 0.000 0.000 0.000 0.000 0.000 0.000 1.493 0.000 0.000 0.000 18.592 43.595 49.596 51.595 51.592 52.586 61.578 70.567 71.552
76.198 42.194 0.000 0.000 0.000 0.000 0.000 45.695 39.694 38.694 46.693 46.693 46.693 42.693 15.692 0.000 0.000 0.000 48.256 43.256 48.256 58.256 61.256 64.256 22.256 0.000 0.000 13.255 74.255 71.255 60.254 15.254 0.000 0.000 53.251 85.251 78.251 57.250 63.250 57.249 46.249 31.249 34.248 0.000 0.000 0.000 0.000 0.000 0.000 0.000 0.000 0.000 0.000 0.000 0.000 0.000 0.000 0.000 14.493 4.493 22.493 43.498 54.508 53.525 71.552 79.564 80.569 78.571 80.570 67.567 50.560 68.549 71.531
74.210 39.207 0.000 0.000 0.000 0.000 0.000 45.694 41.694 20.694 0.000 0.000 0.693 0.000 0.000 0.000 0.000 0.000 54.256 48.256 43.256 39.256 25.256 0.000 0.000 0.000 0.000 0.000 0.000 0.000 47.254 9.254 0.000 0.000 0.000 48.250 81.250 41.250 42.249 41.249 37.249 40.248 87.248 46.247 0.000 0.000 0.000 0.000 0.000 0.000 0.000 0.000 0.000 0.000 0.000 0.000 13.465 4.465 0.000 0.000 8.488 90.493 86.502 68.514 69.529 66.539 67.545 89.549 82.551 68.550 48.547 57.537 56.515
60.218 41.217 35.220 0.000 0.000 0.000 0.000 0.000 43.694 27.694 0.000 0.000 0.000 0.000 0.000 0.000 0.000 0.000 54.256 54.256 55.256 38.256 13.256 0.000 0.000 0.000 0.000 0.000 0.000 0.000 43.254 20.254 0.000 0.000 0.000 47.250 96.250 60.250 63.249 58.249 43.248 61.248 115.247 112.246 43.244 0.064 11.664 8.663 0.000 0.000 0.000 0.000 0.000 0.000 0.000 0.000 3.465 21.465 11.467 9.471 18.479 93.484 60.492 68.500 59.510 40.518 51.525 94.529 60.533 47.536 54.541 8.539 0.000
44.224 44.223 30.223 0.000 0.000 0.000 0.000 0.000 0.000 0.000 0.000 0.000 0.000 0.000 0.000 0.000 0.000 0.000 57.256 48.256 42.256 40.256 14.256 0.000 0.000 0.000 0.000 0.000 0.000 40.254 33.254 58.254 54.254 0.000 6.250 53.250 59.250 51.249 94.249 83.249 54.248 7.248 71.247 126.246 10.245 0.000 0.000 0.000 0.000 0.000 0.000 0.000 22.464 19.464 14.464 3.464 72.464 110.464 101.465 97.467 44.471 88.475 56.480 45.486 92.493 73.499 93.505 74.511 44.516 52.521 0.000 0.000 0.000
47.228 48.226 40.226 0.000 0.000 0.000 0.000 0.000 0.000 0.000 0.000 0.000 0.000 0.000 0.000 0.000 0.000 0.000 11.256 52.256 42.256 20.256 0.000 0.000 0.000 0.000 0.000 0.000 0.000 42.254 39.254 15.254 0.000 0.000 0.000 27.250 6.250 0.000 7.249 49.248 5.248 0.000 27.246 93.246 48.246 0.245 0.000 0.000 0.000 0.000 0.000 0.000 0.000 4.464 0.000 0.000 28.464 8.463 72.461 76.461 27.462 88.464 65.467 38.471 56.475 106.481 120.487 54.493 42.500 9.510 0.000 0.000 18.315
46.231 47.229 47.228 51.228 43.229 0.000 0.000 0.000 0.000 0.000 0.000 0.000 0.000 0.000 0.000 0.000 0.000 0.000 0.000 42.256 38.256 22.256 0.000 0.000 0.000 0.000 0.000 0.000 43.254 40.254 17.254 0.000 0.000 0.000 0.000 1.250 0.000 0.000 0.000 53.248 2.248 0.000 27.246 0.000 0.000 0.000 0.000 0.000 0.000 0.000 0.000 0.000 0.000 13.464 7.464 9.464 2.464 0.000 48.455 67.455 26.453 90.452 70.452 40.454 89.458 92.462 87.467 95.474 59.480 0.000 0.000 1.281 32.295
48.234 26.231 37.229 46.229 46.229 46.229 45.229 0.000 0.000 0.000 0.000 0.000 0.000 0.000 0.000 0.000 0.000 0.000 0.000 44.256 40.256 24.256 0.000 0.000 0.000 0.000 0.000 0.000 0.000 46.254 18.254 0.000 0.000 0.000 0.000 0.000 0.000 5.248 17.248 40.248 44.248 21.248 0.000 0.000 0.000 0.000 0.000 0.000 0.000 0.000 0.000 0.000 0.000 2.464 0.464 6.464 0.000 0.000 51.450 71.449 31.445 91.439 76.437 90.437 90.439 49.442 42.447 87.454 36.467 0.000 0.256 33.267 41.274
53.237 0.000 0.000 43.229 32.229 0.000 45.229 35.229 0.000 0.000 0.000 0.000 0.000 0.000 0.000 0.000 0.000 0.000 0.000 43.256 40.256 28.256 0.000 0.000 0.000 0.000 0.000 0.000 0.000 0.000 0.000 0.000 0.000 0.000 0.000 0.000 0.000 0.000 56.248 73.248 34.248 0.000 0.000 0.000 0.000 0.000 0.000 0.000 0.000 0.000 0.000 0.000 0.000 0.000 0.000 11.464 0.000 0.000 86.447 72.444 33.437 91.423 88.418 80.417 72.418 58.421 59.425 28.429 0.000 0.000 17.244 36.251 43.256
50.238 0.000 0.000 30.229 22.229 0.000 0.000 0.000 0.000 54.238 50.238 41.238 0.000 0.000 0.000 0.000 0.000 0.000 0.000 47.256 43.256 25.256 0.000 0.000 0.000 0.000 0.000 0.000 0.000 0.000 0.000 0.000 0.000 0.000 0.000 0.000 0.000 0.000 19.248 103.248 69.248 0.248 0.000 0.000 0.000 0.000 0.000 0.000 0.000 0.000 0.000 0.000 0.000 0.000 0.000 0.000 0.000 0.000 18.447 0.000 0.000 65.397 106.396 85.395 84.396 82.398 85.403 33.408 0.000 0.000 21.237 35.238 36.240
66.239 0.000 0.000 0.000 0.000 52.239 39.239 0.000 50.238 44.238 44.238 36.238 0.000 0.000 0.000 0.000 0.000 0.000 0.000 47.256 42.256 30.256 0.000 0.000 0.000 0.000 0.000 0.000 0.000 0.000 0.000 0.000 0.000 0.000 0.000 0.000 0.000 0.000 0.000 47.248 39.248 10.248 0.000 0.000 0.000 0.000 0.000 0.000 0.000 0.000 0.000 0.000 0.000 0.000 0.000 0.000 0.000 0.000 0.000 0.000 0.000 12.373 48.373 49.373 47.373 47.374 44.379 40.393 0.000 0.000 14.227 35.226 33.225
77.240 66.240 48.239 49.239 48.239 42.239 43.239 44.238 42.238 47.238 46.238 37.238 34.238 0.000 0.000 0.000 0.000 0.000 0.000 34.256 0.000 0.000 0.000 0.000 0.000 0.000 0.000 0.000 0.000 0.000 0.000 0.000 0.000 0.000 0.000 0.000 0.000 0.000 0.000 0.248 46.248 9.248 0.000 0.000 0.000 0.000 0.000 0.000 0.000 0.000 0.000 0.000 0.000 0.000 0.000 0.000 0.000 0.000 0.000 0.000 0.000 3.349 36.350 35.349 35.348 51.346 46.344 0.000 0.000 0.000 7.218 48.215 60.212
77.240 71.240 41.239 41.239 41.239 24.239 25.239 29.238 39.238 48.238 45.238 37.238 40.238 29.238 0.000 0.000 0.000 0.000 0.000 0.000 0.000 0.000 0.000 0.000 0.000 0.000 0.000 0.000 0.000 0.000 0.000 0.000 0.000 0.000 0.000 0.000 0.000 0.000 0.000 0.000 3.248 49.248 8.248 0.000 0.000 0.000 0.000 0.000 0.000 0.000 0.000 0.000 0.000 0.000 0.000 0.000 0.000 0.000 0.000 0.000 28.315 31.325 35.328 35.327 37.324 56.318 46.308 29.286 0.000 0.000 43.211 64.206 71.200
77.240 75.240 45.239 42.239 22.239 0.000 0.000 0.000 0.000 39.238 42.238 40.238 33.238 0.000 0.000 0.000 0.000 0.000 0.000 0.000 0.000 0.000 0.000 0.000 0.000 0.000 0.000 0.000 0.000 0.000 0.000 0.000 0.000 0.000 0.000 0.000 0.000 0.000 0.000 0.000 1.248 52.248 14.248 0.000 0.000 0.000 0.000 0.000 0.000 0.000 0.000 0.000 0.000 0.000 0.000 0.000 0.000 0.000 0.000 0.295 39.304 36.308 35.309 31.307 44.303 61.295 45.283 34.264 29.239 29.221 53.208 70.199 71.189
77.240 75.240 28.240 32.239 0.000 0.000 0.000 0.000 0.000 0.000 30.238 43.238 35.238 0.000 0.000 0.000 0.000 0.000 0.000 0.000 0.000 0.000 0.000 0.000 0.000 0.000 0.000 0.000 0.000 0.000 0.000 0.000 0.000 0.000 0.000 0.000 0.000 0.000 0.000 0.000 0.000 1.248 20.248 0.000 0.000 0.000 0.000 0.000 0.000 0.000 0.000 0.000 8.273 16.273 0.000 0.000 0.000 0.000 0.000 33.286 31.291 30.293 35.293 49.290 62.284 52.276 36.264 34.249 36.232 33.216 54.202 72.191 71.179
77.240 51.240 0.000 0.000 0.000 0.000 0.000 0.000 0.000 0.000 0.000 33.238 40.238 38.238 0.000 0.000 0.000 0.000 0.000 0.000 0.000 0.000 0.000 0.000 0.000 0.000 0.000 0.000 0.000 0.000 0.000 0.000 0.000 0.000 0.000 0.000 0.000 0.000 0.000 0.000 0.000 0.000 0.000 0.000 0.000 0.000 0.000 0.000 0.000 0.000 0.000 0.000 0.000 9.273 11.273 0.000 38.274 30.275 28.276 40.280 54.282 59.282 61.280 61.275 47.269 35.260 34.250 34.237 33.222 35.208 58.195 73.182 71.170
