results4_8e4_rain/res_4e8f-0055.wd
ncols         241
nrows         181
xllcorner     12693529.787448
yllcorner     3542525.717860
cellsize      155.156523
NODATA_value  -9999.000000
[rows 99 to 131 of 181, columns 74 to 147 of 241]
51.056 51.054 50.054 50.057 55.061 58.067 55.074 51.080 51.083 45.083 1.081 0.000 0.000 0.000 0.000 0.000 7.690 65.874 90.936 88.995 88.203 94.968 94.895 88.001 88.694 88.537 88.423 89.314 89.210 88.116 92.035 50.977 0.000 0.000 0.000 0.000 0.000 0.000 8.739 34.574 46.392 14.136 0.000 25.665 28.622 26.562 30.485 27.252 24.806 0.000 18.446 22.381 37.309 43.252 46.207 44.174 39.149 32.132 27.122 22.117 0.073 0.000 0.000 0.000 0.000 0.000 12.420 24.419 48.419 49.418 49.418 49.417 47.417 0.000
51.059 50.057 48.057 52.058 57.061 58.065 58.072 52.078 49.080 54.081 54.080 15.080 0.000 11.176 41.150 18.112 0.000 54.232 94.160 89.444 89.489 95.028 87.329 89.113 88.762 88.669 88.552 88.441 88.335 90.241 89.162 25.108 0.000 0.000 0.000 0.000 0.000 0.000 12.904 18.815 29.731 0.000 0.000 20.858 28.819 27.749 31.641 31.465 2.197 0.000 13.400 27.355 32.284 53.238 54.203 54.176 55.155 56.140 54.130 35.125 0.000 0.000 0.000 0.000 0.000 0.000 11.417 24.414 48.413 49.412 49.411 49.410 42.410 2.409
50.060 50.059 53.058 56.059 57.060 32.061 0.000 25.078 61.079 34.080 8.080 0.051 0.000 22.202 72.162 69.075 60.894 79.585 90.688 87.665 95.112 88.625 89.428 88.990 88.919 88.795 88.679 88.562 89.450 87.351 75.264 22.186 0.000 0.000 0.000 0.000 0.000 16.325 23.159 21.052 21.987 0.000 0.000 27.091 45.047 37.974 32.864 7.665 0.000 0.000 0.000 0.000 26.233 51.213 55.192 53.172 53.155 53.143 55.134 28.129 22.128 22.127 28.127 0.000 0.000 0.000 0.000 23.407 48.407 49.406 49.405 49.404 32.402 0.000
49.061 54.059 57.058 57.058 57.059 22.059 0.000 0.000 4.079 0.000 0.000 0.000 0.000 15.268 78.222 84.132 91.995 91.872 88.956 95.489 95.254 88.604 89.312 89.158 89.042 88.925 88.804 88.678 94.551 44.449 12.356 0.000 0.000 0.000 0.000 0.000 7.632 25.490 21.355 21.248 20.179 26.183 0.000 20.369 46.305 45.235 43.178 0.000 0.000 0.000 0.000 0.000 24.201 53.192 57.179 54.165 53.152 51.142 40.134 21.130 17.128 18.127 2.127 0.000 0.000 0.000 0.000 19.402 48.401 49.400 49.399 45.397 12.395 17.389
55.060 57.059 57.058 55.058 61.058 31.058 0.000 0.000 0.000 0.000 0.000 0.000 0.000 26.381 84.325 87.244 91.085 90.276 90.256 95.698 88.011 89.712 89.382 89.290 89.174 89.058 92.935 98.795 53.628 22.538 0.000 0.000 0.000 0.000 0.000 8.888 31.774 25.651 18.524 23.405 27.297 24.187 21.999 35.712 39.569 29.482 37.436 0.000 0.000 0.000 0.000 0.000 30.179 54.175 59.168 58.158 54.147 49.138 18.132 16.128 17.127 24.127 0.000 0.000 0.000 0.000 13.397 17.397 46.396 49.395 49.394 43.392 14.390 13.387
57.059 57.058 56.057 34.057 0.028 19.056 21.056 0.000 0.000 0.000 0.000 0.000 17.668 70.549 84.462 87.348 89.480 90.460 96.064 95.890 89.000 89.697 89.532 89.421 89.309 93.198 55.083 14.939 0.000 32.538 18.537 0.000 0.000 0.000 0.000 17.003 50.926 41.814 36.686 31.553 32.417 30.271 31.099 43.911 37.776 21.691 23.648 0.000 0.000 0.000 0.000 0.000 30.162 58.161 23.160 21.153 53.141 56.133 26.128 17.125 22.126 0.000 0.000 0.000 0.000 0.000 0.000 13.395 31.392 47.391 50.389 43.388 14.386 13.384
57.057 53.056 57.056 39.056 0.000 10.055 40.055 0.000 0.000 0.000 0.000 7.887 69.787 83.688 89.597 89.551 89.673 96.375 96.225 88.350 90.118 89.762 89.669 89.552 89.442 93.340 65.262 0.000 0.000 2.537 5.537 0.000 0.000 0.000 0.000 4.194 36.114 40.993 50.853 46.703 34.546 37.382 46.215 41.057 28.935 20.856 21.818 0.000 0.000 0.000 0.000 0.000 28.147 62.145 0.000 0.000 2.130 49.125 39.121 20.119 0.000 0.000 0.000 0.000 0.000 0.000 0.000 0.000 10.388 36.387 46.386 39.384 15.383 13.381
52.055 51.055 67.055 46.056 0.000 9.055 37.055 0.000 0.000 0.000 2.077 65.988 78.905 88.824 91.691 90.918 88.930 96.513 87.678 89.445 85.997 87.920 89.795 89.680 90.568 84.461 74.361 22.361 0.000 0.000 0.000 0.000 0.000 0.000 0.000 26.466 31.344 31.192 33.030 41.861 44.683 47.498 41.321 28.168 22.052 20.979 19.952 23.986 8.986 0.000 0.000 0.000 17.133 54.130 20.121 9.118 1.119 44.116 50.113 30.111 0.000 0.000 0.000 0.000 0.000 0.000 0.000 0.000 5.384 29.383 34.382 21.381 13.380 13.379
58.052 54.052 0.000 0.000 0.000 0.010 0.007 0.000 0.000 0.000 3.156 82.100 84.031 91.928 91.078 90.081 96.757 96.640 89.645 89.327 89.162 89.040 87.921 88.803 90.688 47.574 0.000 0.000 0.000 0.000 0.000 0.000 0.000 12.542 27.281 37.861 34.605 33.401 30.214 31.028 33.829 45.604 46.404 38.241 27.127 20.057 20.024 22.022 0.000 0.000 0.000 0.000 2.123 44.119 22.116 18.116 18.113 50.109 53.105 36.102 0.000 0.000 32.077 0.000 0.000 0.000 0.000 0.000 8.382 32.380 27.379 13.379 13.379 12.378
60.050 47.049 0.000 0.000 0.000 0.000 0.003 0.000 0.000 0.000 69.282 79.229 91.156 91.134 90.259 96.962 96.863 88.976 90.742 90.387 90.288 90.165 90.044 91.925 41.806 0.000 0.000 0.000 0.000 0.000 0.000 11.544 28.254 40.803 36.440 35.091 34.816 34.592 35.397 33.210 32.002 5.685 24.451 49.265 31.160 19.098 22.066 20.055 8.061 0.000 0.000 0.000 3.116 36.110 14.107 0.000 0.000 6.102 43.095 32.090 41.082 48.079 7.078 0.000 0.000 0.000 0.000 0.000 0.000 23.377 21.376 14.376 16.377 14.377
52.047 51.046 27.045 0.000 0.000 0.000 0.000 0.000 0.000 22.588 82.462 89.375 91.273 91.411 89.512 97.052 89.278 91.052 90.610 90.535 90.409 91.288 92.167 54.046 0.000 0.000 0.000 0.000 0.000 0.000 31.242 41.834 37.416 35.977 35.585 35.248 34.976 34.756 34.572 34.412 43.282 0.000 0.000 17.207 26.149 18.110 27.085 27.073 9.067 0.000 0.000 0.000 0.000 20.099 57.095 25.088 0.000 0.000 44.084 38.082 29.078 29.076 0.000 0.000 0.000 0.000 0.000 0.000 0.000 2.374 13.373 14.373 0.000 0.000
0.000 54.044 52.043 41.042 0.008 0.000 0.000 0.000 13.826 72.714 86.605 92.511 91.466 90.595 97.204 97.133 90.233 90.925 90.766 90.650 91.534 93.412 54.290 0.000 0.000 0.000 0.000 0.000 18.546 29.228 40.651 37.134 36.599 33.106 32.675 32.341 33.084 34.884 34.723 37.586 14.434 0.000 0.000 0.000 22.122 21.107 39.094 35.086 0.000 0.000 0.000 0.000 0.000 4.092 49.086 61.081 18.076 44.074 58.076 50.075 26.074 19.072 0.000 0.000 0.000 0.000 0.000 0.000 0.000 8.371 14.371 18.371 0.000 0.000
0.000 56.043 46.042 53.042 45.041 6.041 0.000 7.040 73.938 82.835 92.743 91.589 91.822 89.819 97.265 89.536 91.322 90.975 90.885 91.770 92.663 46.538 0.000 0.000 0.000 0.000 0.000 31.203 41.864 39.488 38.001 39.452 38.741 44.172 48.669 43.357 36.136 29.972 33.851 39.774 0.000 0.000 0.000 0.000 25.110 26.103 48.096 36.092 0.000 0.000 0.000 0.000 0.000 0.000 44.077 53.075 58.072 54.071 54.071 58.071 42.069 21.067 22.063 0.000 0.000 0.000 0.000 0.000 10.369 15.369 13.369 18.369 0.000 0.000
0.000 24.042 75.042 38.041 0.000 0.000 12.225 72.141 77.051 90.964 91.819 92.053 89.944 97.349 89.806 91.610 91.179 91.115 91.997 88.885 43.812 0.000 0.000 0.000 0.000 0.000 33.857 41.543 39.220 38.858 42.413 16.932 0.000 0.000 13.475 39.280 41.133 42.017 33.934 34.887 0.000 0.000 0.000 0.000 6.105 24.100 31.096 30.094 0.000 0.000 0.000 0.000 0.000 0.000 35.070 48.069 53.068 54.067 55.067 51.067 47.066 32.064 20.060 24.057 30.055 0.000 0.000 0.000 0.000 13.368 14.367 16.367 0.000 0.000
0.000 1.041 76.041 63.041 0.000 0.000 19.309 80.248 88.171 92.061 93.203 93.190 97.692 97.481 90.763 91.473 91.327 91.223 86.114 75.962 26.887 0.000 0.000 0.000 22.671 31.501 43.172 39.891 39.617 43.311 20.862 0.000 0.000 0.000 0.000 37.158 34.098 38.032 43.980 43.954 21.967 0.000 0.000 0.000 0.000 26.096 20.095 27.094 0.000 0.000 0.000 0.000 0.000 0.000 22.065 39.064 53.064 48.063 41.063 43.065 4.064 29.062 38.058 31.055 27.054 0.000 0.000 0.000 0.000 0.000 8.365 13.365 18.364 0.000
0.000 0.000 4.041 53.041 0.000 7.558 73.455 85.373 92.293 92.254 92.381 98.071 97.887 90.065 91.856 91.516 91.438 84.343 50.271 0.000 0.000 0.000 0.000 41.011 34.841 42.661 40.440 40.231 41.046 18.908 0.000 0.000 0.000 0.000 0.000 40.095 34.068 34.033 36.001 39.983 41.980 0.000 0.000 0.000 0.000 7.095 26.094 1.093 0.000 0.000 0.000 0.000 0.000 0.000 18.060 29.060 36.060 28.059 25.059 0.000 0.000 0.000 22.055 26.053 35.051 0.000 0.000 0.000 0.000 0.000 2.364 13.364 14.363 0.000
0.000 0.000 0.000 0.000 7.744 76.662 81.577 92.503 92.378 93.610 93.636 98.243 90.379 92.150 91.711 91.644 81.536 70.443 34.357 0.000 0.000 0.000 35.338 57.180 42.023 33.862 41.697 39.547 42.430 12.367 0.000 0.000 0.000 0.000 29.053 36.060 35.049 35.029 32.010 27.997 29.992 0.000 0.000 0.000 0.000 0.000 33.092 0.000 0.000 0.000 0.000 0.000 0.000 0.000 20.057 19.056 18.056 16.055 22.055 0.000 0.000 0.000 0.000 20.049 38.048 0.000 0.000 0.000 0.000 0.000 0.000 6.363 19.363 32.362
0.000 0.000 0.000 0.000 79.826 78.769 92.699 92.601 93.754 93.779 98.554 98.403 91.337 93.014 90.850 76.728 65.628 39.535 0.000 0.000 0.000 29.641 47.496 47.351 54.208 42.069 31.938 37.829 47.760 50.764 13.916 0.000 0.000 0.000 41.046 35.045 35.037 34.025 30.012 24.003 24.998 0.000 0.000 0.000 0.000 0.000 6.090 14.089 0.000 0.000 0.000 0.000 0.000 0.000 22.054 16.053 17.053 17.052 19.051 2.049 0.000 0.000 0.000 7.047 28.045 6.043 0.000 0.000 0.000 0.000 0.000 1.362 0.000 0.000
0.000 0.000 0.000 19.054 79.964 91.891 92.820 93.790 95.935 98.835 98.697 90.658 92.413 89.058 77.951 66.796 38.712 0.000 0.000 0.000 31.921 52.787 38.653 30.520 44.390 56.268 44.158 47.071 48.019 35.014 41.068 20.137 0.000 1.039 33.040 29.037 36.031 31.022 23.013 22.004 26.000 0.000 0.000 0.000 0.000 0.000 0.000 33.088 0.000 0.000 0.000 0.000 0.000 0.000 4.052 19.050 17.050 17.049 17.048 25.047 0.000 0.000 0.000 0.000 9.043 20.041 26.040 0.000 0.000 0.000 0.000 0.000 0.000 0.000
0.000 0.000 0.000 62.144 88.083 94.019 92.901 93.140 91.188 98.966 90.951 92.708 87.270 76.195 51.069 0.000 0.000 0.000 0.000 32.167 53.055 39.935 28.810 28.685 30.565 41.454 56.357 47.280 32.229 40.206 42.206 16.206 0.000 0.000 58.036 45.034 34.028 28.021 24.012 21.002 21.998 15.995 0.000 0.000 0.000 0.000 0.000 12.087 0.000 0.000 0.000 0.000 0.000 0.000 0.000 21.047 17.047 17.047 17.046 19.045 3.044 0.000 0.000 0.000 0.000 17.039 20.039 0.000 0.000 0.000 0.000 0.000 0.000 0.000
0.000 0.000 65.403 62.295 68.216 83.118 94.273 91.312 99.210 99.091 91.885 87.566 76.413 55.301 0.000 0.000 14.396 0.000 0.000 57.279 40.199 29.088 29.967 28.846 31.731 45.626 54.536 55.464 39.411 35.375 46.344 20.275 0.000 0.000 0.000 2.033 0.000 0.000 0.000 24.996 31.994 32.992 18.990 0.000 0.000 0.000 0.000 0.000 0.000 0.000 0.000 0.000 0.000 0.000 0.000 21.045 20.046 23.046 18.045 15.043 24.043 0.000 0.000 0.000 0.000 31.038 36.038 0.000 0.000 0.000 0.000 0.000 0.000 0.000
0.000 4.604 66.510 63.419 64.338 74.304 90.453 99.435 99.324 91.173 87.932 75.597 49.517 0.000 0.000 31.433 30.397 12.347 0.000 45.472 29.373 30.250 29.124 30.001 44.887 50.785 14.698 5.628 57.576 43.541 21.522 0.000 0.000 0.000 0.000 0.000 0.000 0.000 0.000 42.992 36.991 33.990 29.989 0.000 0.000 0.000 0.000 0.000 0.000 0.000 0.000 0.000 0.000 0.000 9.040 18.041 0.000 0.000 0.000 18.041 22.041 0.000 0.000 0.000 0.000 35.037 4.037 0.000 0.000 0.000 0.000 0.000 0.000 0.000
79.774 67.697 64.616 62.540 63.414 64.648 68.700 99.542 90.417 86.173 75.760 49.714 0.000 0.000 0.000 35.469 33.413 53.297 37.073 29.763 30.573 29.418 32.277 52.148 49.032 29.930 25.843 30.774 58.724 55.692 19.680 0.000 0.000 0.000 0.000 0.000 0.000 0.000 0.000 49.990 49.989 44.988 35.987 0.000 0.000 0.000 0.000 0.000 0.000 0.000 0.000 0.000 0.000 0.000 21.039 23.040 0.000 0.000 0.000 21.040 22.040 0.000 0.000 0.000 0.000 6.037 0.000 0.000 0.000 0.000 0.000 0.000 0.000 0.000
77.850 91.795 83.725 68.626 69.778 61.816 99.745 99.645 69.292 73.970 49.867 0.000 0.000 0.000 0.000 37.561 50.489 48.354 30.161 29.935 29.740 40.570 52.419 41.284 30.164 30.059 29.972 30.902 39.852 57.825 53.827 14.884 0.000 0.000 0.000 0.000 0.000 0.000 0.000 35.988 37.987 49.986 50.985 6.984 0.000 0.000 0.000 0.000 0.000 0.000 0.000 0.000 0.000 13.036 23.037 0.003 0.000 0.000 0.000 22.039 20.039 0.000 0.000 0.000 0.000 0.000 0.000 0.000 0.000 0.000 0.000 0.000 0.000 0.000
90.983 93.908 93.834 88.803 78.950 99.938 99.841 61.416 56.207 0.000 0.000 0.000 0.000 0.000 0.000 48.727 53.627 29.472 31.282 31.076 42.881 51.704 33.546 30.404 30.280 30.172 30.082 30.011 29.959 38.928 58.921 51.940 25.971 16.983 20.986 0.000 0.000 0.000 0.000 0.000 15.986 55.985 55.984 16.983 0.000 0.000 0.000 0.000 0.000 0.000 0.000 0.000 0.000 2.036 1.036 0.000 0.000 0.000 0.000 2.039 29.039 0.000 0.000 0.000 0.000 0.000 0.000 0.000 0.000 0.000 0.000 0.000 0.000 0.000
94.095 94.026 93.905 98.141 89.191 100.033 61.466 64.125 58.903 0.000 0.000 0.000 0.000 0.000 42.190 53.993 30.819 31.627 31.418 39.206 52.004 29.820 30.656 30.509 30.380 30.268 30.175 30.101 30.045 30.008 33.989 34.986 29.991 30.993 37.989 19.989 0.000 0.000 0.000 0.000 0.000 10.983 46.983 9.982 0.000 0.000 0.000 0.000 0.000 0.000 0.000 0.000 0.000 0.000 0.000 0.000 0.000 0.000 0.000 0.000 0.000 0.000 0.000 0.000 0.000 0.000 0.000 0.000 0.000 0.000 0.000 0.000 0.000 0.000
90.206 94.111 95.266 92.305 100.216 100.124 66.039 50.363 0.000 0.000 0.000 0.000 0.000 0.000 59.387 36.237 32.031 31.798 33.558 54.326 34.110 30.918 30.748 30.596 30.462 30.346 30.249 30.172 30.113 30.070 29.041 28.023 31.014 13.010 0.000 0.000 0.000 0.000 0.000 0.000 0.000 0.000 39.982 27.981 0.000 0.000 0.000 0.000 0.000 0.000 0.000 0.000 0.000 0.000 0.000 0.000 0.000 0.000 0.000 0.000 0.000 0.000 0.000 0.000 0.000 0.000 0.000 0.000 0.000 0.000 0.000 0.000 0.000 0.000
69.315 73.287 69.438 100.399 100.308 77.645 58.665 49.325 0.000 0.000 0.000 0.000 0.000 0.000 34.736 30.536 30.269 28.977 41.692 34.429 28.194 28.994 28.822 28.667 28.527 29.404 30.305 30.227 30.166 29.119 27.082 29.052 29.033 26.022 16.018 19.012 21.007 20.002 21.999 0.000 0.000 0.000 0.000 36.980 8.979 0.000 0.000 0.000 0.000 0.000 0.000 0.000 0.000 0.000 0.000 0.000 0.000 0.000 0.000 0.000 0.000 0.000 0.000 0.000 0.000 0.000 0.000 0.000 0.000 0.000 0.000 0.000 0.000 0.000
106.386 71.626 101.678 100.488 60.305 50.845 0.000 64.224 22.277 0.000 0.000 0.000 0.000 78.746 57.284 27.903 35.534 46.148 44.804 40.504 38.244 38.043 37.877 36.726 30.573 26.440 30.339 30.264 30.205 29.159 29.117 33.071 33.044 34.028 44.020 44.013 40.007 33.002 31.996 10.992 0.000 0.000 0.000 0.000 1.979 0.000 0.000 0.000 0.000 0.000 0.000 0.000 0.000 0.000 0.000 0.000 0.000 0.000 0.000 0.000 0.000 0.000 0.000 0.000 0.000 0.000 0.000 0.000 0.000 0.000 0.000 0.000 0.000 0.000
111.178 109.218 100.653 100.573 88.410 0.000 31.048 59.048 132.333 107.766 0.000 26.213 15.711 77.209 36.751 34.259 105.816 96.279 91.874 91.538 90.236 89.058 87.919 86.785 57.601 24.445 30.350 30.283 30.234 30.195 22.155 0.000 0.000 0.000 0.000 0.000 0.000 0.000 48.991 27.989 0.000 0.000 0.000 0.000 0.000 0.000 0.000 0.000 0.000 0.000 0.000 0.000 0.000 0.000 0.000 0.000 0.000 0.000 0.000 0.000 0.000 0.000 0.000 0.000 0.000 0.000 0.000 0.000 0.000 0.000 0.000 0.000 0.000 0.000
110.341 100.802 100.729 84.984 0.000 0.000 0.000 1.968 53.240 41.199 0.000 7.716 0.000 36.629 33.253 42.568 98.191 0.000 0.000 0.000 34.106 43.034 103.956 16.895 0.000 34.388 30.332 30.286 31.252 13.231 0.000 0.000 0.000 0.000 0.000 0.000 0.000 0.000 1.988 48.985 4.979 0.000 0.000 0.000 0.000 0.000 0.000 0.000 0.000 0.000 0.000 0.000 0.000 0.000 0.000 0.000 0.000 0.000 0.000 0.000 0.000 0.000 0.000 0.000 0.000 0.000 0.000 0.000 0.000 0.000 0.000 0.000 0.000 0.000
109.568 100.870 109.483 111.328 31.616 0.000 8.281 35.281 45.005 22.593 0.206 29.219 75.036 73.424 66.064 0.000 17.191 0.000 0.000 17.047 45.048 90.016 52.975 17.945 0.000 0.000 36.305 30.278 31.258 12.246 0.000 0.000 0.000 0.000 0.000 0.000 0.000 0.000 0.000 0.000 34.973 0.000 0.000 0.000 0.000 0.000 0.000 0.000 0.000 0.000 0.000 0.000 0.000 0.000 0.000 0.000 0.000 0.000 0.000 0.000 0.000 0.000 0.000 0.000 0.000 0.000 0.000 0.000 0.000 0.000 0.000 0.000 0.000 0.000
100.993 100.934 89.994 32.757 0.000 0.000 0.000 0.000 21.905 0.000 0.000 22.887 66.465 119.969 55.516 0.000 0.000 0.000 0.000 0.000 59.023 94.007 23.986 20.965 0.000 0.000 0.000 35.263 29.256 27.250 25.249 13.249 0.000 0.000 0.000 0.000 0.000 0.000 0.000 0.000 48.968 6.965 0.000 0.000 0.000 0.000 0.000 0.000 0.000 0.000 0.000 0.000 0.000 0.000 0.000 0.000 0.000 0.000 0.000 0.000 0.000 0.000 0.000 0.000 0.000 0.000 0.000 0.000 0.000 0.000 0.000 0.000 0.000 0.000
