results4_8e4_rain/res_4e8f-0217.wd
ncols         241
nrows         181
xllcorner     12693529.787448
yllcorner     3542525.717860
cellsize      155.156523
NODATA_value  -9999.000000
[rows 0 to 32 of 181, columns 146 to 218 of 241]
0.000 0.000 0.000 0.000 0.000 0.000 0.000 0.000 0.000 0.000 0.000 0.000 0.000 0.000 5.860 16.709 17.467 17.171 16.844 16.507 16.175 15.865 15.589 15.354 15.162 15.013 14.903 14.826 14.778 14.751 14.739 19.735 0.000 0.000 0.000 0.000 0.000 0.000 0.000 0.000 0.000 0.000 0.000 0.000 0.000 0.000 0.000 0.000 0.000 20.283 27.283 0.000 0.000 46.472 51.472 0.000 0.000 0.000 0.000 0.000 0.000 0.000 0.000 0.000 0.000 0.000 0.000 0.000 0.000 0.000 0.000 0.000 0.000
0.000 0.000 0.000 0.000 0.000 0.000 0.000 0.000 0.000 0.000 0.000 0.000 0.000 1.405 17.010 17.800 17.522 17.201 16.856 16.501 16.154 15.832 17.548 16.310 15.120 14.974 14.869 14.798 14.756 14.736 14.732 19.731 0.000 0.000 0.000 0.000 0.000 0.000 0.000 0.000 0.000 0.000 0.000 0.000 0.000 0.000 0.000 0.000 17.283 39.283 15.283 0.000 25.472 58.472 52.472 0.000 0.000 0.000 0.000 0.000 0.000 0.000 0.000 0.000 0.000 0.000 0.000 0.000 37.470 0.000 0.000 0.000 0.000
0.000 0.000 0.000 0.000 0.000 0.000 0.000 0.000 0.000 0.000 0.000 0.000 0.000 20.640 19.294 17.961 17.617 17.257 16.876 16.486 16.107 17.760 17.462 15.220 15.032 14.895 14.801 14.742 14.712 14.705 16.721 10.726 0.000 0.000 0.000 0.000 0.000 0.000 0.000 0.000 0.000 0.000 0.000 0.000 0.000 0.000 0.000 0.000 29.283 0.000 0.000 20.472 51.472 13.472 0.000 0.000 0.000 0.000 0.000 0.000 0.000 0.000 0.000 0.000 6.470 0.000 0.000 0.000 40.470 12.470 0.000 0.000 0.000
0.000 0.000 0.000 0.000 0.000 0.000 0.000 0.000 0.000 0.000 0.000 0.000 3.130 20.062 18.567 18.130 17.731 17.332 16.907 16.461 17.027 16.640 15.320 15.074 14.894 14.772 14.697 14.657 14.645 20.651 0.000 0.000 0.000 0.000 0.000 0.000 0.000 0.000 0.000 0.000 0.000 0.000 0.000 14.283 0.000 0.000 0.000 13.283 73.283 3.283 0.000 26.472 53.472 0.000 0.000 0.000 0.000 0.000 0.000 0.000 0.000 0.000 12.470 18.470 37.470 0.000 0.000 30.470 39.470 40.470 12.470 0.000 0.000
0.000 0.000 0.000 0.000 0.000 0.000 0.000 0.000 0.000 0.000 0.000 8.187 1.359 3.047 18.783 18.261 17.844 17.436 16.957 16.424 16.900 16.451 15.106 14.860 14.699 14.604 14.557 14.545 15.558 16.605 0.000 0.000 0.000 0.000 0.000 0.000 0.000 0.000 0.000 0.000 0.000 0.000 15.283 38.283 33.283 0.000 0.000 29.283 57.283 0.000 0.000 0.000 53.472 8.472 0.000 0.000 0.000 0.000 0.000 0.000 0.000 0.000 52.470 56.470 58.470 0.470 0.000 43.470 38.470 38.470 48.470 0.000 0.000
0.000 0.000 0.000 0.000 0.000 0.000 0.000 0.000 0.000 0.000 10.912 3.510 1.877 1.300 1.440 16.286 17.947 17.609 17.061 18.378 17.699 15.160 14.790 14.563 14.439 14.387 14.383 14.407 20.438 0.000 0.000 0.000 0.000 0.000 0.000 0.000 0.000 0.000 0.000 0.000 0.000 0.000 0.000 18.283 39.283 31.283 29.283 11.283 42.283 15.283 0.000 0.000 38.472 51.472 42.472 40.472 49.472 0.000 0.000 0.000 0.000 0.000 52.470 54.470 59.470 38.470 27.470 44.470 47.470 0.000 0.000 0.000 12.468
0.000 0.000 0.000 0.000 0.000 0.000 0.000 0.000 0.000 0.000 7.313 4.015 3.645 3.147 0.450 0.642 11.050 18.994 18.299 18.330 15.357 14.699 14.333 14.162 14.106 14.122 14.180 14.261 9.349 0.000 0.000 0.000 0.000 0.000 35.292 68.292 2.292 0.000 8.292 49.292 0.000 0.000 0.000 15.283 39.283 52.283 87.283 49.283 50.283 21.283 0.000 0.000 35.472 54.472 39.472 35.472 52.472 0.000 0.000 0.000 0.000 0.000 39.470 45.470 41.470 41.470 45.470 48.470 56.470 0.000 0.000 0.000 35.468
0.000 0.000 0.000 0.000 0.000 0.000 0.000 0.000 0.000 30.572 31.012 7.584 3.196 3.433 3.081 0.806 0.376 6.017 18.812 16.284 14.700 13.946 13.682 13.644 13.703 13.814 14.955 12.108 0.000 0.000 0.000 0.000 0.000 0.000 10.292 56.292 63.292 45.292 37.292 9.292 0.000 0.000 0.000 0.000 0.000 13.283 80.283 59.283 6.283 0.000 0.000 0.000 0.000 47.472 62.472 60.472 62.472 54.472 46.472 49.471 48.471 57.471 61.471 58.470 59.470 59.470 54.470 49.470 46.470 0.000 0.000 0.000 0.000
0.000 0.000 0.000 0.000 0.000 0.000 0.000 0.000 24.695 42.131 43.581 33.086 9.666 2.081 3.088 0.851 2.829 8.196 6.648 16.295 13.215 12.702 12.806 13.028 13.249 14.478 14.716 0.000 0.000 0.000 0.000 0.000 0.000 0.000 0.000 8.292 54.292 64.292 69.292 8.292 0.000 0.000 0.000 0.000 0.000 9.284 52.283 44.283 49.283 16.283 0.000 0.000 31.472 59.472 44.472 38.472 45.472 57.472 45.472 44.471 53.471 62.471 49.471 45.470 48.470 54.470 60.470 62.470 60.469 46.469 37.469 20.469 29.468
0.000 0.000 0.000 0.000 0.000 0.000 0.000 20.830 30.258 45.678 43.094 43.511 35.930 12.356 1.224 4.780 14.323 6.487 2.267 3.058 6.162 10.840 11.813 12.413 12.786 18.132 0.000 0.000 0.000 0.000 0.000 0.000 8.293 6.293 0.000 0.000 21.292 67.292 20.292 0.000 0.000 0.000 0.000 0.000 0.000 48.284 58.284 34.283 50.283 70.283 10.283 0.000 37.472 61.472 40.472 34.472 37.472 50.472 39.472 39.472 41.471 43.471 40.471 41.471 35.470 39.470 45.470 46.470 44.469 53.469 55.469 58.468 66.468
0.000 0.000 0.000 0.000 0.000 0.000 25.963 24.403 47.828 44.230 43.605 42.936 43.185 38.239 20.745 12.459 8.151 0.000 0.053 4.383 2.161 3.369 11.194 12.023 17.351 0.000 0.000 0.000 0.000 0.000 0.000 3.293 45.293 4.293 0.000 0.000 28.293 68.292 7.292 0.000 0.000 0.000 0.000 0.000 43.285 87.285 20.284 23.283 45.283 72.282 12.283 0.000 34.473 59.472 39.472 32.472 35.472 37.472 33.472 32.472 39.471 55.471 38.471 34.471 48.470 44.470 41.470 48.470 48.469 51.469 60.469 64.468 51.468
0.000 0.000 0.000 0.000 0.000 30.014 18.523 46.991 45.420 44.811 44.158 43.444 42.635 42.669 39.470 25.163 4.456 0.375 0.076 46.294 4.549 0.084 0.110 14.136 10.243 0.000 0.000 0.000 0.000 0.000 0.000 3.293 41.293 36.293 45.293 57.293 61.293 51.292 0.000 0.000 6.288 42.288 57.288 62.287 86.286 42.286 0.000 0.000 47.282 35.282 0.000 0.000 37.473 64.473 51.473 35.472 83.472 111.472 60.472 36.472 52.472 99.471 51.471 28.471 93.470 66.470 41.470 48.470 50.469 40.469 49.469 62.468 45.468
0.000 0.000 0.000 0.000 0.000 19.506 41.123 47.617 46.050 45.436 44.772 44.048 43.243 42.331 42.315 41.222 30.395 4.993 50.891 47.946 0.383 0.158 0.055 0.061 0.000 0.000 0.000 0.000 0.000 0.000 6.293 40.293 36.293 41.293 55.293 65.293 49.293 36.292 1.292 0.000 4.289 51.288 50.288 46.287 85.287 45.286 0.000 0.000 26.281 18.281 0.000 30.473 58.473 60.473 54.473 42.473 41.473 74.472 115.472 53.472 46.472 103.471 54.471 28.471 100.471 70.470 33.470 35.470 41.469 32.469 46.469 45.468 33.468
0.000 0.000 0.000 0.000 24.036 34.380 49.848 47.304 46.727 46.110 45.448 44.733 43.954 43.113 42.152 41.413 40.271 52.619 52.293 1.042 0.525 9.634 0.000 0.000 0.000 0.000 0.000 0.000 1.293 56.293 59.293 41.293 40.293 55.293 65.293 51.293 34.293 36.292 36.291 34.290 32.289 44.289 47.288 57.287 97.287 31.286 0.000 0.000 63.281 13.281 0.000 27.473 57.473 57.473 44.473 36.473 32.473 42.473 39.472 79.472 110.472 127.472 108.471 97.471 123.471 117.470 108.470 54.470 34.469 51.469 46.469 35.468 30.468
0.000 0.000 0.000 25.229 34.691 52.130 48.583 48.026 47.443 46.829 46.176 45.480 44.746 43.904 43.358 40.987 52.657 52.652 36.859 19.154 6.311 0.000 0.000 0.000 0.000 0.000 0.000 0.000 42.293 9.293 0.000 20.293 58.293 62.293 54.294 39.294 5.294 0.000 3.291 38.290 34.290 44.289 43.288 66.287 63.287 0.000 0.000 5.280 66.280 12.280 0.000 25.473 55.473 67.473 46.473 52.473 75.473 52.473 34.473 58.472 81.472 115.472 81.471 61.471 109.471 99.470 74.470 43.470 29.469 100.469 68.469 40.468 30.468
0.000 0.000 0.000 30.767 50.371 49.866 49.329 48.772 48.192 47.585 47.946 47.284 45.524 45.099 42.522 52.725 52.669 40.439 42.057 39.672 23.630 4.628 0.000 0.000 0.000 0.000 0.000 44.293 13.293 0.000 0.000 0.000 26.293 58.294 36.294 34.294 40.295 3.295 0.000 39.291 37.290 43.289 44.288 66.287 62.286 0.000 0.000 26.280 73.280 9.280 0.000 27.474 58.474 61.474 42.474 42.474 88.474 123.473 72.473 40.473 56.472 103.472 63.472 30.471 96.471 83.470 41.470 33.470 26.469 107.469 71.469 43.468 44.468
0.000 0.000 31.385 48.699 52.161 50.633 50.095 49.541 48.968 49.371 47.760 47.058 46.717 44.143 53.173 52.880 41.944 42.795 41.791 32.135 12.879 0.000 0.000 0.000 0.000 0.000 0.000 40.293 14.293 0.000 0.000 0.000 0.000 0.000 0.000 39.295 36.296 35.295 37.294 39.293 35.291 43.290 45.288 57.286 53.285 15.282 34.280 67.279 18.279 0.000 0.000 27.474 54.474 60.474 46.474 31.474 33.474 58.474 45.474 27.473 45.473 100.472 56.472 22.471 93.471 78.471 36.470 32.470 28.469 106.469 71.469 43.468 34.468
0.000 30.665 44.071 53.485 51.941 51.411 50.876 50.330 50.765 50.193 48.533 48.243 45.675 54.126 53.598 43.618 44.618 42.498 29.686 0.000 0.000 0.000 0.000 0.000 0.000 0.000 0.000 0.000 14.293 0.000 0.000 0.000 0.000 0.000 0.000 0.000 43.297 53.297 64.295 52.294 41.292 45.290 42.288 47.286 40.284 59.282 77.280 65.278 11.278 0.000 0.000 26.474 52.474 57.474 63.475 61.475 49.475 39.474 52.474 84.474 103.473 124.473 104.472 87.472 121.471 114.471 96.470 56.470 29.469 104.469 76.469 48.468 35.468
27.742 39.260 53.749 53.226 52.709 52.192 51.669 52.134 51.594 49.968 49.716 47.166 55.363 54.722 45.195 46.343 47.283 25.544 0.000 0.000 0.000 0.000 0.000 0.000 0.000 0.000 0.000 0.000 0.000 0.000 0.000 0.000 0.000 0.000 0.000 0.000 41.299 45.299 63.297 22.294 2.292 52.291 43.288 46.286 42.283 30.281 49.278 64.277 51.276 10.275 0.000 0.000 17.474 60.475 62.475 55.475 43.475 52.475 103.475 94.474 75.474 76.473 77.472 77.472 77.471 78.471 80.470 51.470 31.469 103.469 79.469 42.468 36.468
31.224 54.882 54.440 53.963 53.475 52.979 52.472 51.965 51.372 51.155 48.624 56.710 56.028 46.671 47.885 46.872 42.355 1.811 0.000 0.000 0.000 0.000 0.000 0.000 0.000 0.000 0.000 0.000 0.000 0.000 0.000 0.000 0.000 0.000 0.000 0.000 42.302 53.301 37.300 0.000 6.293 49.291 46.289 13.286 3.283 34.279 48.276 63.275 60.274 29.274 0.000 0.000 0.000 0.000 29.476 44.476 28.476 89.476 90.475 39.475 45.474 87.473 58.473 30.472 76.471 66.471 46.470 44.470 35.469 103.469 74.468 31.468 32.468
49.047 56.605 55.166 54.712 54.249 54.773 53.300 52.744 52.566 50.061 58.093 57.398 47.054 49.302 48.294 48.668 18.002 0.000 0.000 0.000 0.000 0.000 0.000 0.000 0.000 0.000 0.000 0.000 0.000 0.000 0.000 0.000 0.000 0.000 0.000 9.309 62.306 60.304 64.302 61.300 57.296 57.293 51.290 10.287 3.282 34.277 47.273 65.271 72.272 35.273 0.000 0.000 0.000 0.000 23.478 36.477 56.477 103.477 66.476 26.475 94.475 95.474 44.473 31.472 52.471 108.471 67.470 35.470 35.469 98.469 116.468 103.468 108.467
58.745 56.326 55.904 55.473 55.030 56.589 54.072 53.941 51.474 59.492 58.790 42.369 46.574 50.631 47.097 24.373 0.000 0.000 0.000 0.000 0.000 0.000 0.000 0.000 0.000 0.000 0.000 0.000 0.000 0.000 0.000 0.000 0.000 0.000 0.000 61.312 60.310 61.307 63.304 62.301 60.297 61.294 54.291 9.289 0.000 35.272 47.268 70.266 43.269 0.000 0.000 0.000 0.000 21.480 51.479 30.479 95.478 89.478 33.477 89.476 102.475 51.474 39.473 42.472 37.471 68.471 107.470 64.470 27.469 98.469 101.469 75.468 17.467
49.428 56.050 56.654 56.242 55.831 55.345 55.258 52.830 60.854 60.197 25.607 30.783 33.664 52.334 35.956 0.000 0.000 0.000 0.000 0.000 0.000 0.000 0.000 50.781 39.781 0.000 0.000 0.000 0.000 0.000 0.000 0.000 0.000 0.000 0.000 38.317 32.314 35.310 39.306 34.303 33.299 32.295 34.292 38.289 32.283 25.272 40.262 19.256 0.000 0.000 0.000 0.000 0.000 23.481 46.481 37.480 38.479 38.479 30.478 51.477 52.477 0.000 0.000 13.471 43.471 36.470 58.470 51.470 33.470 66.469 14.469 0.000 12.467
28.148 43.793 56.414 59.032 56.568 56.512 54.093 61.986 61.463 34.783 0.000 44.125 0.000 55.957 24.458 0.000 0.000 0.000 0.000 0.000 0.000 0.000 0.000 57.781 51.780 0.000 0.000 0.000 0.000 0.000 0.000 0.000 0.000 24.352 0.000 39.324 35.320 35.314 35.308 35.304 35.300 35.297 35.293 37.290 15.288 0.000 10.250 41.239 11.229 0.000 0.000 0.000 24.483 55.482 43.482 42.481 34.481 35.480 35.479 33.478 47.478 7.478 0.000 0.000 14.471 39.470 34.470 47.470 46.470 0.000 0.000 0.000 12.466
19.915 27.557 50.198 54.771 57.727 55.266 62.772 62.421 41.674 17.480 0.000 60.780 58.681 45.091 0.000 0.000 0.000 0.000 0.000 0.000 0.000 0.000 60.787 66.783 37.779 0.000 0.000 0.000 0.000 0.000 0.000 0.000 0.000 41.352 39.346 36.335 35.327 32.317 36.310 36.305 36.301 36.297 36.294 39.292 12.290 0.000 0.000 39.222 39.218 9.213 0.000 0.000 9.484 42.484 35.483 34.483 33.482 33.481 33.480 33.479 34.478 43.478 0.000 0.000 0.000 7.470 40.470 43.470 41.470 0.000 0.000 0.000 36.466
23.703 34.333 38.955 36.853 48.407 63.184 63.027 46.666 25.427 18.929 0.000 40.509 53.175 26.633 0.000 0.000 0.000 0.000 48.828 54.825 46.818 44.805 53.792 46.783 36.775 0.000 0.000 0.000 0.000 0.000 0.000 0.000 0.000 39.357 36.352 35.344 9.335 0.000 41.309 35.305 35.301 35.297 35.294 36.293 10.291 0.000 0.000 40.209 39.209 10.208 0.000 0.000 39.484 35.485 35.485 35.484 34.484 34.482 38.481 0.000 5.478 8.478 0.000 0.000 0.000 0.000 40.470 35.470 35.470 36.470 0.000 8.466 38.466
35.451 49.088 24.803 23.674 63.251 63.248 49.667 36.390 32.725 37.563 0.000 7.576 42.875 0.000 0.000 0.000 0.000 44.834 48.831 50.828 48.825 0.000 0.000 0.000 48.761 32.748 0.000 0.000 0.000 0.000 0.000 0.000 7.377 49.368 46.361 21.353 0.000 0.000 54.311 40.307 36.302 35.297 39.293 16.292 0.000 15.187 53.189 34.197 38.200 10.201 0.000 0.000 0.000 40.488 35.487 39.487 6.486 0.000 0.000 0.000 0.000 0.000 0.000 0.000 0.000 0.000 40.470 35.470 35.470 40.470 0.000 0.000 12.466
56.162 44.745 24.807 20.303 63.216 24.714 30.438 32.663 36.336 54.917 64.364 52.342 0.000 0.000 0.000 0.000 42.841 36.837 42.834 57.831 56.829 0.000 0.000 0.000 0.000 49.735 0.000 0.000 0.000 35.422 0.000 0.000 51.386 50.378 56.368 49.356 14.342 68.329 65.317 63.309 61.301 53.295 34.290 21.291 0.000 29.184 82.185 36.189 37.192 11.197 0.000 0.000 0.000 45.490 31.490 36.489 7.488 0.000 0.000 0.000 0.000 0.000 0.000 0.000 0.000 36.470 38.470 40.470 34.470 39.470 0.000 0.000 9.466
64.753 51.848 34.148 62.821 20.745 22.529 21.695 21.333 30.897 58.428 53.831 25.087 0.000 0.000 41.849 7.847 49.844 41.840 52.837 47.833 26.831 0.000 0.000 0.000 0.000 53.722 29.718 0.000 0.000 31.422 39.422 43.415 45.402 47.391 37.379 34.359 42.341 42.329 62.319 45.310 39.301 37.290 17.281 0.000 5.189 24.181 92.177 48.181 14.184 0.000 0.000 0.000 3.493 58.493 31.492 38.491 10.490 0.000 0.000 0.000 0.000 0.000 0.000 0.000 15.470 38.470 53.470 51.470 44.470 3.470 0.000 0.000 10.466
62.814 61.055 62.404 39.684 27.584 23.724 23.357 21.930 28.516 44.063 39.447 0.000 0.000 0.000 44.851 65.849 60.847 61.844 43.840 0.000 0.000 0.000 0.000 0.000 44.709 35.713 27.714 0.000 0.000 0.000 43.428 47.423 47.414 47.405 31.399 0.000 38.334 39.327 63.320 49.312 43.302 29.285 36.262 51.230 71.197 60.174 84.161 49.173 13.179 0.000 0.000 0.000 0.000 56.498 32.495 33.492 38.490 0.000 0.000 0.000 0.000 0.000 0.000 0.000 0.000 8.470 57.470 54.470 7.470 0.000 0.000 0.000 6.466
60.897 62.349 61.547 60.557 42.699 22.344 22.926 23.540 22.170 24.860 0.000 0.000 0.000 0.000 60.854 50.853 48.851 44.847 0.000 0.000 0.000 0.000 0.000 45.705 36.705 32.707 15.710 0.000 0.000 0.000 43.440 51.434 60.426 59.417 61.412 49.412 0.000 7.325 66.323 50.316 24.309 0.000 39.253 49.230 76.197 38.156 22.119 0.000 0.000 0.000 0.000 0.000 9.511 47.505 34.499 35.493 38.488 11.483 0.000 0.000 0.000 0.000 0.000 0.000 0.000 0.000 14.470 15.470 0.000 0.000 0.000 0.000 7.466
62.355 61.330 63.441 63.602 47.270 23.867 26.492 26.127 23.765 24.347 0.000 40.861 0.000 6.859 54.857 54.857 61.856 0.000 0.000 19.777 7.776 0.000 0.000 40.704 34.701 28.699 0.000 0.000 0.000 0.000 41.458 42.449 44.437 43.427 41.418 33.413 0.000 0.000 68.330 54.321 39.309 2.291 38.266 49.241 73.204 29.134 25.041 7.976 0.000 0.000 0.000 0.000 9.517 54.511 33.503 35.494 35.485 36.477 40.471 12.468 0.000 0.000 0.000 0.000 0.000 0.000 0.000 0.000 0.000 0.000 0.000 0.000 0.000
62.045 64.243 63.433 64.130 37.746 28.389 48.043 41.712 23.416 1.096 0.000 37.861 52.861 57.860 43.860 64.861 56.861 0.000 0.000 33.778 64.775 16.769 0.000 41.705 35.697 32.689 0.000 0.000 49.537 45.516 41.485 43.465 48.449 48.434 46.421 57.408 49.389 9.369 68.346 60.330 60.315 52.298 33.280 51.262 59.246 0.000 27.935 10.912 0.000 0.000 0.000 0.000 19.529 58.520 30.509 32.495 33.481 34.472 39.467 11.466 0.000 0.000 0.000 0.000 0.000 0.000 0.000 0.000 0.000 0.000 0.000 0.000 0.000
