results4_8e4_rain/res_4e8f-0070.wd
ncols         241
nrows         181
xllcorner     12693529.787448
yllcorner     3542525.717860
cellsize      155.156523
NODATA_value  -9999.000000
[rows 64 to 95 of 181, columns 74 to 147 of 241]
0.000 0.000 46.184 52.171 68.135 79.071 126.972 120.884 122.816 128.762 124.711 125.654 50.586 50.502 49.398 49.268 48.108 42.888 52.694 54.570 55.474 53.391 55.320 55.258 56.207 49.171 0.000 0.000 0.000 0.000 52.747 37.723 0.000 0.000 56.976 78.766 82.699 81.685 88.787 88.500 80.926 81.462 82.142 80.869 80.582 80.275 80.945 55.716 0.000 0.000 0.000 0.000 0.000 0.000 0.000 0.000 0.000 36.670 25.626 15.558 19.473 19.371 20.246 20.084 22.985 35.901 32.819 27.737 28.655 26.574 24.493 20.413 17.335 19.258
0.000 0.000 47.340 64.322 72.283 78.207 49.034 47.922 46.866 43.833 44.804 44.764 50.708 50.633 66.534 66.402 42.255 0.000 39.612 52.529 54.454 52.382 54.321 54.269 55.227 51.199 0.000 0.000 0.000 50.938 35.842 0.000 0.000 58.330 67.180 84.024 82.918 82.093 89.054 80.624 83.140 85.666 81.433 81.174 80.912 79.617 67.168 25.942 0.000 0.000 0.000 0.000 0.000 22.903 17.884 17.847 17.792 21.715 33.649 36.576 22.491 17.394 19.284 21.165 36.064 34.974 20.888 29.805 30.722 29.641 22.561 18.482 17.404 27.329
30.264 0.000 55.513 72.494 71.467 71.442 0.000 42.906 42.891 55.900 51.907 50.889 50.849 49.789 125.702 113.552 0.000 0.000 0.000 46.480 41.432 46.360 49.312 49.270 51.232 52.199 57.165 58.131 59.091 50.033 0.000 0.000 47.481 97.481 79.391 83.243 83.321 81.367 89.302 81.757 82.226 82.955 81.718 81.487 82.274 52.112 0.000 0.000 0.000 0.000 0.000 0.000 0.000 21.922 19.903 19.866 19.814 19.749 19.680 23.605 36.522 33.430 18.331 29.229 38.132 17.042 19.955 25.871 30.789 26.707 20.627 18.549 16.472 31.397
57.254 0.000 43.706 67.674 66.649 60.651 13.725 0.000 0.000 48.968 62.037 51.037 50.009 50.971 31.934 0.000 0.000 0.000 0.000 0.000 0.000 57.317 55.296 53.269 36.233 39.199 46.164 47.138 52.109 43.071 0.000 0.000 0.000 57.724 75.629 82.560 82.647 89.748 89.533 81.840 82.518 82.221 82.001 81.781 76.585 34.447 0.000 0.000 31.642 0.000 0.000 0.000 27.960 22.960 19.939 19.900 19.849 19.787 19.718 19.643 19.561 26.473 40.381 41.287 24.195 18.106 19.020 19.936 23.854 22.773 18.693 18.615 19.538 38.463
52.225 57.108 54.931 68.848 61.804 62.789 59.800 0.000 0.000 0.000 64.236 59.212 54.181 56.151 3.130 0.000 0.000 0.000 0.000 0.000 0.000 56.294 52.286 43.276 0.000 0.000 44.156 56.148 55.135 0.000 0.000 3.434 60.315 52.060 55.881 62.955 78.012 89.947 81.602 83.145 82.700 82.502 82.275 80.052 62.839 41.642 47.642 45.642 26.642 0.000 0.000 0.000 0.000 37.021 18.992 19.948 23.894 31.832 21.763 19.687 18.607 22.521 37.433 44.344 36.255 22.168 17.084 19.000 18.918 18.837 18.757 17.679 24.602 45.527
51.257 55.167 66.061 59.984 52.931 71.899 60.885 12.898 0.000 6.589 56.460 72.394 67.351 67.322 70.305 0.000 0.000 0.000 0.000 2.273 2.275 54.280 45.278 48.274 0.000 0.000 0.000 92.163 119.149 34.149 0.000 59.553 54.452 54.292 54.200 50.282 90.315 90.137 82.657 86.254 82.991 82.773 82.549 74.312 27.075 0.000 49.642 27.642 0.000 0.000 0.000 25.225 24.188 23.112 19.059 23.007 34.949 39.884 37.813 30.737 20.657 29.573 37.487 16.400 22.313 35.229 32.145 28.063 35.982 16.901 18.820 16.742 29.665 52.588
57.317 67.242 59.163 51.095 51.039 63.991 71.945 67.910 70.843 72.719 67.620 62.553 64.508 53.479 52.465 0.000 0.000 0.000 3.270 59.271 58.272 46.273 48.271 49.267 53.261 52.256 0.000 3.191 0.000 0.000 5.928 65.773 58.649 53.493 54.585 52.631 90.477 52.295 59.875 74.463 82.274 83.051 80.835 39.574 0.000 0.000 0.000 0.000 0.000 0.000 26.287 20.262 20.228 20.178 21.126 31.071 40.010 38.943 38.870 34.792 30.711 40.627 23.541 18.455 19.371 19.287 29.206 42.126 29.046 16.965 17.881 23.803 11.729 16.648
68.386 58.321 51.255 52.193 52.137 54.081 37.994 63.955 61.901 53.823 50.748 49.690 65.649 67.623 54.609 0.000 0.000 0.000 59.269 55.269 52.269 45.269 49.267 49.263 49.258 49.252 8.240 11.220 12.228 14.202 82.083 78.964 67.842 66.803 55.804 90.763 90.627 54.357 60.999 55.767 62.561 81.323 56.166 0.000 0.000 0.000 0.000 0.000 0.000 0.000 26.312 20.308 20.286 20.247 21.198 30.141 40.077 39.007 37.931 34.851 39.767 33.682 17.596 19.510 19.427 19.345 29.266 37.189 16.112 19.031 21.936 40.861 57.801 36.724
58.460 51.401 52.342 52.286 53.237 34.201 0.000 21.017 48.982 51.923 51.860 51.811 49.776 73.752 57.741 0.000 0.000 0.000 36.268 53.268 47.267 48.266 49.264 49.262 49.258 49.253 60.248 0.243 4.261 21.295 74.240 84.150 6.046 87.974 78.169 90.882 52.947 66.584 63.221 53.085 49.881 46.515 31.341 0.000 0.000 21.922 0.000 0.000 0.000 0.000 22.341 20.371 20.360 20.325 20.277 21.218 27.151 35.077 34.997 34.913 38.826 16.738 19.650 19.564 18.480 24.400 41.324 24.251 18.182 21.112 1.970 2.903 33.890 0.000
51.536 52.481 52.425 52.373 55.325 11.285 9.258 2.163 47.089 52.025 53.960 51.919 50.890 68.871 64.861 0.000 0.000 0.000 0.000 44.266 47.265 49.264 49.263 49.261 49.258 51.255 37.251 0.000 0.000 71.479 74.430 85.351 91.230 85.338 83.376 90.982 74.005 76.703 61.541 54.442 47.364 0.000 0.000 0.000 0.000 19.922 0.000 0.000 0.000 0.000 0.000 23.477 20.457 20.419 20.367 20.304 20.233 20.153 27.068 34.979 22.887 19.795 19.704 19.615 22.531 35.451 35.378 17.311 19.253 22.213 0.000 0.000 60.967 50.979
52.614 52.561 52.507 52.454 52.404 56.358 57.313 57.255 53.193 53.129 33.034 50.014 50.995 66.980 65.972 0.000 0.000 0.000 0.000 43.264 49.264 49.263 49.262 49.261 49.259 37.257 0.000 0.000 0.100 76.712 82.652 85.564 85.516 84.596 91.116 83.501 86.215 80.899 65.837 55.775 54.771 54.912 0.000 0.000 0.000 16.923 23.923 16.923 0.000 0.000 0.000 38.603 19.572 20.526 20.468 20.400 21.322 20.236 20.143 20.047 19.948 19.850 19.755 18.663 24.577 39.497 16.425 19.361 19.308 21.274 0.000 0.000 63.033 55.017
52.694 52.641 52.587 52.532 52.479 52.429 52.383 52.339 52.297 56.266 0.000 43.108 52.095 68.082 63.075 0.000 0.000 0.000 0.000 48.264 51.263 51.263 51.262 49.261 52.260 0.000 0.000 0.000 69.171 75.005 85.900 85.777 85.885 83.931 91.332 84.643 89.285 85.173 86.104 74.052 62.032 51.053 46.053 48.053 0.000 0.000 22.924 17.924 23.918 24.903 22.861 28.761 38.701 20.644 21.580 30.505 37.420 19.325 20.223 20.116 20.009 19.903 18.802 23.706 42.617 36.536 25.464 18.400 19.346 21.300 36.257 54.197 55.114 55.067
52.776 52.723 52.668 52.610 52.550 52.497 55.451 53.420 52.392 56.370 0.000 43.216 52.196 69.177 61.171 1.211 0.000 0.000 0.000 21.263 31.263 30.262 30.262 51.261 36.260 0.000 0.000 0.000 71.338 81.241 86.135 86.086 85.187 92.000 91.685 85.718 86.559 85.414 85.355 86.298 77.252 42.215 0.000 0.000 0.000 0.000 20.926 20.928 17.929 19.929 20.921 19.878 26.829 40.771 23.702 21.622 31.528 19.422 20.307 20.187 20.068 19.953 19.843 27.742 40.650 27.567 39.494 17.430 18.374 23.324 44.275 56.220 55.160 55.109
52.860 52.808 52.752 52.689 55.616 57.557 29.503 50.500 53.479 55.454 15.430 46.344 51.294 63.260 61.243 2.247 0.000 0.000 0.000 0.000 0.000 0.000 0.000 32.261 0.000 0.000 0.000 19.771 69.602 86.483 86.354 86.464 84.545 92.284 84.320 90.022 85.714 85.665 85.595 85.533 75.465 36.340 0.000 0.000 0.000 0.000 0.000 23.935 24.942 11.962 20.015 21.003 20.964 24.908 40.837 23.751 20.648 20.528 20.396 20.259 20.124 17.996 23.877 42.768 23.672 22.589 36.516 20.453 18.397 25.346 51.298 56.248 55.197 55.146
52.946 52.895 52.842 54.778 30.669 32.613 0.000 12.599 48.571 52.535 56.494 52.434 55.379 60.326 65.293 4.270 0.000 0.000 0.000 0.000 0.000 0.000 0.000 0.000 0.000 0.000 3.062 78.941 80.818 86.706 86.656 85.771 92.794 92.548 85.391 86.102 85.970 85.898 85.831 84.775 64.734 0.000 0.000 0.000 0.000 0.000 0.000 0.000 15.942 0.000 27.174 24.156 20.117 20.061 21.988 38.897 27.785 19.648 20.489 20.327 19.174 24.031 25.900 24.782 21.683 19.600 19.529 19.469 20.415 33.367 55.322 56.279 58.235 54.187
53.033 52.986 52.944 57.911 0.000 0.000 18.808 10.725 44.671 53.623 51.575 53.521 65.460 37.373 31.333 0.000 0.000 0.000 0.000 0.000 0.000 0.000 0.000 0.000 0.000 0.000 66.183 71.113 85.022 86.903 87.030 85.122 93.020 84.905 86.575 86.265 86.203 86.125 86.058 78.001 54.961 0.000 0.000 0.000 0.000 0.000 0.000 0.000 0.000 0.000 31.352 26.330 20.288 18.230 21.157 21.065 36.947 29.791 20.583 21.389 19.213 26.055 25.910 22.778 16.678 19.598 19.533 21.477 35.428 54.385 56.345 59.310 51.278 12.255
52.116 52.072 52.036 55.012 25.016 21.976 53.892 58.821 52.764 50.713 57.663 67.613 70.569 0.000 0.000 0.000 0.000 0.000 0.000 0.000 0.000 0.000 0.000 0.000 0.000 0.000 68.373 76.309 86.219 87.209 86.247 93.436 93.234 85.943 86.643 86.502 86.421 86.344 86.275 68.209 50.150 0.000 0.000 0.000 0.000 0.000 0.000 0.000 0.000 0.000 29.552 27.523 27.476 24.416 17.344 19.258 20.148 35.985 35.666 32.430 29.237 22.066 20.907 17.744 18.651 19.583 23.527 43.479 55.436 55.398 56.365 55.336 46.314 3.300
67.194 66.151 64.115 61.085 62.060 62.020 58.963 59.905 61.851 61.800 67.750 69.699 27.634 0.000 0.000 0.000 0.000 0.000 0.000 0.000 0.000 0.000 0.000 0.000 6.889 14.810 69.629 86.521 87.430 87.379 86.607 93.624 85.433 87.102 86.786 86.717 86.633 86.558 84.487 66.410 37.280 0.000 0.000 0.000 0.000 0.000 0.000 0.000 0.000 0.000 19.781 23.735 26.676 27.613 26.546 23.476 19.402 13.335 0.000 0.000 0.000 0.000 0.000 21.639 19.601 22.557 43.514 56.475 55.440 56.408 59.380 55.357 52.340 33.331
66.267 65.225 67.187 69.153 68.120 67.081 65.034 62.985 62.936 63.887 59.839 59.799 0.000 0.000 0.000 0.000 0.000 0.000 0.000 0.000 0.000 0.000 0.000 0.000 55.967 78.912 77.812 86.720 87.609 87.736 85.839 93.799 87.532 87.133 87.005 86.918 86.838 86.766 82.706 62.664 0.000 0.000 0.000 0.000 0.000 0.000 0.000 0.000 0.000 27.227 22.058 18.959 20.882 25.815 27.753 27.697 28.649 19.618 0.000 0.000 0.000 0.000 0.000 22.574 20.556 36.528 57.498 55.468 55.439 55.414 56.391 55.373 55.360 46.353
52.335 53.293 60.255 69.220 75.186 63.149 57.108 52.065 50.020 48.973 54.920 33.859 0.000 0.000 0.000 0.000 0.000 0.000 0.000 0.000 0.000 0.000 0.000 0.000 62.101 78.060 85.988 87.906 87.875 87.007 94.108 93.960 89.557 87.359 87.195 87.114 87.034 86.964 81.908 56.875 0.000 0.000 0.000 0.000 0.000 0.000 0.000 0.000 27.540 22.397 22.264 22.161 21.079 18.011 22.954 26.909 27.880 24.869 0.000 0.000 0.000 0.000 25.513 19.527 23.520 51.503 55.482 55.459 55.437 55.416 55.398 55.384 55.373 30.368
51.398 55.358 60.321 62.287 65.254 55.220 51.185 52.147 52.108 54.064 32.009 0.000 0.000 0.000 0.000 0.000 0.000 0.000 0.000 0.000 0.000 0.000 0.000 0.000 48.277 77.237 87.176 88.080 88.213 86.324 94.245 87.119 88.787 87.463 87.394 87.302 87.220 87.147 78.088 51.053 0.000 0.000 0.000 0.000 0.000 0.000 0.000 26.819 22.684 22.556 22.440 22.342 22.261 22.195 19.144 18.107 21.092 28.111 28.207 0.000 0.000 0.000 19.499 20.501 38.495 55.483 54.468 54.450 55.433 55.416 55.402 55.390 54.382 20.378
51.456 53.419 54.384 52.353 51.323 52.294 51.264 51.232 51.198 56.167 1.152 0.000 0.000 0.000 0.000 0.000 0.000 0.000 0.000 0.000 0.000 0.000 0.000 0.000 56.492 85.439 88.368 88.344 87.479 94.492 94.373 90.123 87.819 87.670 87.576 87.485 87.398 88.317 68.245 56.195 0.000 0.000 26.578 0.000 26.279 28.223 28.118 22.954 22.821 22.703 22.598 22.507 22.430 22.366 22.318 21.284 18.270 27.277 28.304 21.304 0.000 0.000 27.484 19.482 27.477 33.467 36.455 40.441 46.428 52.415 54.403 54.394 52.387 17.384
52.511 52.476 52.445 52.417 51.392 51.368 51.344 51.318 50.287 58.248 9.222 0.000 0.000 0.000 0.000 0.000 0.000 0.000 0.000 0.000 0.000 0.000 0.000 40.925 76.759 87.659 88.549 88.692 86.786 94.599 87.588 89.257 87.936 87.857 87.757 87.662 87.569 88.477 60.380 38.287 0.000 0.000 22.578 0.000 21.335 23.273 23.177 23.058 22.944 22.838 22.742 22.657 22.584 22.524 22.476 20.444 22.426 28.422 25.428 0.000 0.000 0.000 26.470 25.467 24.462 23.454 22.444 21.433 25.422 36.412 32.403 34.395 38.390 19.387
50.560 50.530 50.503 50.480 50.460 50.443 51.427 53.410 55.382 30.315 0.000 0.000 0.000 0.000 0.000 0.000 0.000 0.000 0.000 8.022 0.000 0.000 11.219 52.090 82.964 88.852 88.839 87.868 94.786 94.698 90.585 88.286 88.133 88.035 87.936 87.838 87.741 83.641 30.510 0.000 0.000 0.000 22.579 28.554 23.452 23.358 23.258 23.157 23.059 22.964 22.876 22.796 22.726 22.668 22.621 19.588 28.567 28.559 24.558 0.000 0.000 0.000 25.460 24.456 25.450 25.443 25.435 25.425 25.416 24.408 24.400 23.394 22.390 22.387
51.606 54.579 58.557 61.539 65.525 67.516 70.512 69.513 61.518 0.000 10.876 34.898 2.917 0.000 0.000 0.000 0.000 0.000 39.043 66.022 5.995 0.000 45.347 78.255 88.145 89.044 88.974 88.199 94.861 87.035 88.716 88.395 88.315 88.213 88.113 88.013 88.915 75.836 0.000 0.000 0.000 0.000 2.604 22.630 23.564 25.447 25.342 23.255 23.170 23.084 23.001 22.925 22.857 22.800 19.754 24.719 27.698 28.688 19.688 0.000 0.000 0.000 9.453 30.447 30.441 27.434 24.426 24.418 25.410 26.403 26.397 25.392 25.389 26.386
52.647 59.625 68.606 69.593 68.585 67.584 66.591 63.612 57.658 32.771 49.854 67.902 36.937 20.966 0.000 0.000 0.000 10.091 49.065 63.029 1.968 20.760 62.567 87.437 90.329 89.174 89.389 87.366 94.924 89.026 88.737 88.585 88.488 88.390 88.292 88.187 90.069 33.953 0.000 0.000 0.000 0.000 0.000 18.799 24.726 5.527 5.407 22.352 23.281 23.201 23.120 23.045 22.978 21.921 19.874 28.839 28.816 25.807 19.817 25.868 0.000 0.000 0.000 41.437 56.432 49.425 45.418 41.410 37.404 40.398 40.393 23.389 24.386 25.385
53.684 56.666 59.651 58.642 56.639 54.644 52.658 50.685 50.731 59.801 61.866 58.918 55.961 59.996 8.027 0.000 0.000 50.117 80.096 31.054 26.982 60.857 84.723 89.607 89.474 89.600 87.559 95.008 87.442 89.153 88.836 88.760 88.663 88.569 88.476 91.375 48.222 0.000 0.000 0.000 0.000 0.000 0.000 21.042 26.014 0.000 0.000 19.464 23.402 23.319 23.235 23.157 23.089 20.031 27.984 28.947 27.921 18.908 22.907 22.919 0.000 0.000 0.000 9.432 39.427 57.418 56.409 56.402 56.397 56.391 50.387 40.384 26.383 4.383
53.717 53.702 52.691 52.686 53.686 53.694 53.711 51.740 52.782 57.836 60.892 56.945 51.992 55.031 10.058 0.000 0.000 42.164 52.147 30.111 63.050 77.962 86.862 89.762 89.708 88.816 95.403 95.154 88.440 89.166 89.020 88.928 88.835 88.747 88.668 91.614 0.000 0.000 7.000 16.000 0.000 0.000 22.439 25.315 24.273 31.321 0.000 19.640 23.545 23.438 23.342 23.260 21.190 23.131 29.082 29.044 21.015 21.995 22.985 22.981 0.000 0.000 0.000 0.000 0.000 39.408 55.400 55.394 55.389 55.385 56.381 56.378 31.377 0.000
53.747 53.735 53.726 53.723 53.725 53.735 52.753 51.781 55.820 59.868 59.922 54.977 51.031 56.080 9.115 0.000 0.000 38.229 7.218 54.191 78.145 84.079 90.008 89.877 90.103 88.103 95.624 87.873 89.581 89.264 89.190 89.095 89.004 88.916 95.834 79.799 0.000 2.999 53.000 39.000 0.000 0.000 17.564 25.505 24.441 24.369 30.206 27.910 26.700 23.546 23.437 23.352 20.281 28.222 29.172 25.131 20.099 23.074 23.055 25.041 29.052 0.000 0.000 0.000 0.000 0.000 52.388 55.384 55.381 55.377 56.374 54.372 28.370 0.000
53.774 53.763 53.756 53.754 53.758 52.767 51.785 53.812 57.848 60.895 56.950 52.011 51.075 54.142 36.206 23.291 24.323 20.305 21.305 61.291 82.258 88.212 90.128 90.289 88.299 96.009 95.825 88.887 89.596 89.446 89.352 89.259 89.170 94.079 36.954 51.950 21.989 52.999 61.001 0.000 0.000 0.000 16.749 25.698 24.619 24.509 34.340 45.093 18.800 28.608 24.507 21.429 23.362 29.302 28.252 19.210 22.176 23.148 23.121 10.075 11.063 0.000 0.000 0.000 0.000 0.000 33.379 54.376 55.373 55.370 59.367 55.364 44.362 0.000
53.797 53.788 53.782 53.780 53.783 51.792 51.808 55.832 62.867 63.914 59.972 55.040 53.118 53.205 55.279 55.343 64.374 5.362 39.408 77.409 84.388 90.352 90.347 89.504 96.337 96.178 89.258 90.033 89.690 89.612 89.512 89.420 89.338 97.275 0.000 35.057 37.017 27.006 29.003 0.000 0.000 0.000 19.986 25.920 24.828 30.709 46.552 23.323 0.000 9.581 22.553 20.497 28.434 29.375 25.323 22.281 23.247 23.222 25.206 0.000 0.000 0.000 0.000 0.000 0.000 25.373 6.373 45.368 55.365 55.362 60.360 55.357 55.353 44.344
53.818 53.809 53.803 53.801 52.804 51.811 53.823 60.842 37.872 13.924 12.985 10.060 40.153 57.282 52.362 55.426 36.469 0.000 44.553 82.549 88.539 90.464 90.738 88.786 96.484 89.606 90.377 89.940 89.875 89.765 89.667 89.573 90.485 88.410 10.351 10.204 0.000 0.000 0.000 0.000 0.000 19.467 27.288 25.170 24.062 43.948 47.837 0.000 0.000 0.000 18.629 24.571 29.503 29.440 19.386 23.343 23.310 23.287 26.275 0.000 0.000 0.000 0.000 0.000 0.000 4.372 0.000 33.358 55.357 55.355 61.353 55.350 55.347 49.342
