results4_8e4_rain/res_4e8f-0218.wd
ncols         241
nrows         181
xllcorner     12693529.787448
yllcorner     3542525.717860
cellsize      155.156523
NODATA_value  -9999.000000
[rows 99 to 131 of 181, columns 73 to 145 of 241]
60.052 60.028 60.003 58.976 58.949 63.920 66.892 63.864 59.844 59.834 53.836 9.842 0.000 0.000 0.000 0.000 0.000 15.022 72.989 97.944 95.936 95.092 101.759 101.688 94.785 95.481 95.326 95.216 96.109 96.008 94.916 98.839 57.785 0.000 0.000 0.000 0.000 0.000 0.000 35.237 61.160 73.057 40.928 22.724 52.629 55.542 53.446 57.324 54.144 51.892 21.585 46.346 50.219 65.133 71.070 74.023 71.989 66.965 59.950 54.942 49.940 27.937 0.000 0.000 0.000 0.000 22.286 40.286 52.286 76.286 77.286 77.286 77.286
60.103 60.080 59.055 57.029 61.000 65.970 66.936 66.898 60.870 57.854 62.849 62.848 23.849 0.000 17.653 47.600 24.488 4.288 61.194 101.072 96.321 96.337 101.818 94.098 95.885 95.538 95.449 95.335 95.226 95.122 97.029 95.954 31.905 0.000 0.000 0.000 0.000 0.000 3.546 39.418 45.322 56.234 5.165 0.000 47.747 55.686 54.594 58.469 58.297 29.095 0.000 41.249 55.192 60.128 81.076 82.037 82.007 82.985 83.970 81.962 62.959 0.961 0.971 1.975 0.000 0.000 0.000 39.286 52.286 76.286 77.286 77.286 77.286
60.155 59.134 59.110 62.084 65.054 66.022 40.985 4.923 33.885 69.865 42.856 16.851 8.850 0.000 28.705 78.660 75.574 67.459 86.340 97.490 94.477 101.901 95.380 96.184 95.750 95.683 95.565 95.453 95.338 96.225 94.124 82.043 28.978 1.940 0.000 0.000 0.000 3.777 42.674 49.569 47.474 48.391 21.332 0.000 53.926 71.862 64.775 59.662 34.480 0.000 1.210 24.210 14.171 54.111 79.071 83.040 81.016 80.998 80.985 82.977 55.973 49.975 49.977 55.977 0.000 0.000 0.000 16.286 51.286 76.286 77.286 77.285 77.285
59.210 58.191 63.168 66.141 66.111 66.081 31.058 0.000 0.875 12.864 3.860 0.000 0.000 0.000 21.802 84.762 90.692 98.605 98.564 95.688 102.239 102.031 95.347 96.056 95.906 95.795 95.685 95.572 95.450 101.314 51.201 19.115 3.022 0.570 7.467 10.381 0.000 33.879 51.804 47.710 47.615 46.525 52.441 18.353 47.167 73.062 71.982 69.925 0.000 0.000 44.210 0.210 0.000 52.074 81.057 85.038 82.020 81.005 78.995 67.987 48.983 44.981 45.981 29.979 0.000 0.000 0.000 0.000 47.285 76.285 77.285 77.285 73.285
58.268 64.251 66.229 66.201 64.168 70.131 40.109 0.000 0.000 0.000 0.000 0.000 0.000 0.000 32.940 90.892 93.832 97.708 96.944 96.957 102.426 94.733 96.438 96.112 96.025 95.915 95.807 99.699 105.575 60.380 29.251 4.194 0.000 0.000 0.000 7.295 35.209 58.058 51.952 44.851 49.751 53.653 50.555 48.451 62.329 66.235 56.167 64.129 0.000 0.000 12.210 0.000 0.000 58.053 82.045 87.033 86.021 82.010 77.001 45.994 43.990 44.987 51.985 0.000 0.000 0.000 0.000 41.285 45.285 74.285 77.285 77.285 71.285
65.331 66.317 66.296 65.267 43.230 9.166 28.138 30.138 0.000 0.000 0.000 0.000 0.000 24.242 77.123 91.046 93.950 96.108 97.118 102.756 102.598 95.708 96.409 96.247 96.140 96.032 99.931 61.840 21.773 0.000 39.230 25.215 0.000 0.000 0.000 0.000 43.274 77.192 68.094 62.991 57.886 58.780 56.674 57.567 70.464 64.381 48.323 50.296 0.000 0.000 0.000 0.000 0.000 58.041 86.037 51.030 49.021 81.011 84.004 53.999 44.995 49.991 19.988 0.000 0.000 0.000 0.000 14.285 41.285 59.285 75.285 78.285 71.285
66.400 66.390 62.370 66.342 48.319 0.000 19.138 49.138 0.000 0.000 0.000 0.000 14.456 76.361 90.267 96.188 96.159 96.301 103.039 102.902 95.037 96.811 96.460 96.369 96.254 96.145 100.043 71.959 3.902 0.000 9.225 12.220 0.000 0.000 0.000 0.000 30.421 62.342 67.241 77.133 73.021 60.907 63.792 72.680 67.579 55.500 47.449 48.435 22.481 23.492 0.000 0.000 0.000 56.034 90.031 4.028 0.000 30.010 77.006 67.003 47.999 26.995 0.000 0.000 0.000 0.000 0.000 0.000 14.285 38.285 64.285 74.285 67.285
64.477 61.473 60.452 76.410 55.384 0.000 18.138 46.138 0.000 0.000 0.000 8.624 72.552 85.475 95.404 98.284 97.528 95.558 103.166 94.346 96.120 92.678 94.605 96.481 96.365 97.249 91.136 81.049 28.976 0.000 0.000 0.000 0.000 0.000 0.000 17.823 52.646 57.516 57.396 59.279 68.159 71.036 73.908 67.782 54.673 48.591 47.539 46.515 50.515 35.504 0.000 0.000 0.000 45.029 82.027 48.024 37.018 29.012 72.009 78.006 58.004 0.000 0.000 9.009 0.000 0.000 0.000 0.000 0.000 33.285 57.285 62.285 49.285
58.564 67.573 63.556 4.463 5.424 0.000 9.138 9.138 0.000 0.000 0.000 9.696 88.652 90.594 98.505 97.671 96.692 103.391 103.283 96.305 95.992 95.833 95.714 94.596 95.476 97.350 54.205 5.127 0.000 0.000 0.000 0.000 0.000 21.357 38.224 53.001 63.823 60.678 59.549 56.426 57.301 60.169 72.023 72.868 64.739 53.653 46.599 46.571 48.561 0.000 0.000 0.000 0.000 30.025 72.024 50.021 46.017 46.013 78.010 81.008 64.007 27.008 17.009 60.009 0.000 0.000 0.000 0.000 0.000 36.285 60.285 55.285 41.285
59.659 69.701 56.734 0.000 0.000 0.000 6.138 18.138 2.138 0.000 0.941 75.813 85.767 97.710 97.705 96.848 103.584 103.491 95.617 97.391 97.043 96.949 96.830 96.712 98.592 48.471 0.000 0.000 0.000 0.000 0.000 10.817 36.695 53.490 66.315 62.132 60.968 60.825 60.696 61.574 59.452 58.316 32.146 50.926 75.764 57.682 45.634 48.608 46.598 34.604 0.000 0.000 0.000 31.023 64.021 42.020 0.000 0.000 34.010 71.009 60.009 69.009 76.009 35.009 0.000 0.000 0.000 0.000 0.000 11.285 51.285 49.285 42.285
57.752 61.836 60.946 37.111 0.000 0.000 0.000 4.138 7.138 0.000 29.034 88.953 95.894 97.816 97.975 96.098 103.669 95.904 97.686 97.251 97.182 97.062 97.946 98.829 60.710 0.000 0.000 0.000 0.000 0.000 13.099 55.940 66.777 62.592 61.415 61.245 61.092 60.957 60.835 60.724 60.615 69.495 8.321 0.000 43.708 52.677 44.648 53.628 53.617 35.611 0.000 0.000 0.000 0.000 48.019 85.018 53.017 0.000 27.011 72.010 66.010 57.010 57.010 0.000 0.000 0.000 0.000 0.000 0.000 0.000 30.285 41.285 42.285
69.825 7.947 64.105 62.275 51.475 10.595 0.804 0.000 0.000 20.206 79.137 93.071 99.013 97.999 97.153 103.815 103.746 96.853 97.551 97.400 97.289 98.179 100.063 60.946 0.000 0.000 0.000 0.000 11.593 42.473 53.257 65.068 61.880 61.688 58.506 58.342 58.199 59.074 60.965 60.870 63.789 40.730 0.000 0.000 23.683 48.669 47.653 65.640 61.633 0.000 0.000 0.000 0.000 0.000 32.017 77.016 89.015 46.013 72.012 86.011 78.011 54.010 47.010 19.010 0.000 0.000 0.000 0.000 0.000 0.000 36.285 42.285 46.285
51.865 5.021 66.250 56.409 63.555 55.694 16.931 4.191 13.282 80.275 89.235 99.194 98.082 98.349 96.377 103.875 96.141 97.933 97.594 97.510 98.402 99.301 53.182 0.000 0.000 0.000 0.000 3.848 54.714 65.568 63.388 62.196 63.987 63.772 69.581 74.418 69.287 62.176 56.082 60.003 65.942 23.906 0.000 0.000 19.673 51.663 52.654 74.646 62.642 0.000 0.000 0.000 0.000 0.000 20.015 72.015 81.014 86.013 82.012 82.012 86.011 70.011 49.011 50.010 19.010 12.010 0.000 0.000 0.000 38.284 43.285 41.285 46.285
0.000 0.000 34.466 85.558 48.641 0.000 0.000 18.359 78.381 83.374 97.353 98.262 98.543 96.474 103.959 96.398 98.207 97.784 97.726 98.616 95.511 50.441 0.000 0.000 0.000 0.000 10.118 56.982 64.845 62.699 62.532 66.339 41.100 19.832 22.626 39.464 65.354 67.261 68.182 60.118 61.071 22.045 0.000 0.000 0.000 32.657 50.653 57.649 56.646 5.647 0.000 0.000 0.000 0.000 20.015 63.014 76.014 81.013 82.012 83.012 79.011 75.011 60.011 48.011 52.011 58.010 0.000 0.000 0.000 4.284 41.284 42.284 44.284
0.000 0.000 11.590 86.714 73.811 0.000 0.000 25.505 86.507 94.498 98.451 99.647 99.685 104.273 104.082 97.348 98.064 97.925 97.828 92.725 82.582 33.512 0.000 0.000 9.495 45.411 54.254 66.118 62.986 62.850 66.700 44.531 2.343 0.000 0.000 25.459 63.402 60.333 64.268 70.215 70.177 48.159 0.000 0.000 0.000 14.654 52.652 46.650 53.648 4.648 0.000 0.000 0.000 0.000 25.014 50.014 67.013 81.013 76.013 69.012 71.012 32.011 57.011 66.011 59.011 55.010 0.000 0.000 0.000 0.000 1.284 36.284 41.284
0.000 0.000 0.000 14.896 64.079 3.507 13.649 79.650 91.645 98.632 98.652 98.831 104.621 104.451 96.634 98.433 98.100 98.029 90.940 56.873 0.000 0.000 0.000 17.658 63.578 57.486 65.368 63.249 63.131 64.014 41.889 2.727 0.000 0.000 0.000 24.511 66.463 60.401 60.343 62.295 66.264 68.256 20.286 0.000 0.000 0.000 33.650 52.650 27.649 0.000 0.000 0.000 0.000 0.000 18.014 46.013 57.013 64.013 56.013 53.012 18.012 0.000 6.011 50.011 54.010 63.010 0.000 0.000 0.000 0.000 0.000 30.284 41.284
0.000 0.000 0.000 0.000 1.486 13.730 82.789 87.799 98.798 98.735 100.023 100.098 104.780 96.931 98.711 98.281 98.222 88.120 77.034 40.953 0.000 0.000 0.000 57.739 79.673 64.585 56.483 64.379 62.277 65.185 35.116 0.000 0.000 0.000 20.704 55.612 62.536 61.467 61.407 58.359 54.328 56.314 18.317 0.000 0.000 0.000 14.650 59.650 7.649 0.000 0.000 0.000 0.000 0.000 18.013 48.013 47.013 46.013 44.013 50.012 0.000 0.000 0.000 25.010 48.010 66.010 10.010 0.000 0.000 0.000 0.000 1.284 34.284
0.000 0.000 0.000 0.000 0.000 85.980 84.978 98.969 98.929 100.137 100.213 105.072 104.930 97.884 99.570 97.414 83.300 72.207 46.120 0.000 0.000 0.000 52.001 69.885 69.791 76.698 64.602 54.506 60.414 70.332 73.274 36.272 0.000 0.000 19.796 67.696 61.602 61.524 60.458 56.408 50.374 51.355 17.350 0.000 0.000 0.000 0.000 32.650 40.649 0.000 0.000 0.000 0.000 0.000 26.013 50.013 44.013 45.013 45.013 47.013 30.013 0.000 0.000 0.000 35.010 56.010 34.010 8.010 0.000 0.000 0.000 0.000 29.284
0.000 0.000 0.000 0.000 25.356 86.231 98.176 99.141 100.155 102.345 105.337 105.207 97.189 98.955 95.607 84.509 73.364 45.286 0.000 0.000 0.000 54.229 75.117 61.009 52.909 66.813 78.720 66.628 69.540 70.457 57.375 63.270 42.028 4.508 27.988 59.774 55.654 62.567 57.495 49.439 48.404 52.385 14.377 0.000 0.000 0.000 0.000 19.649 59.649 4.649 0.000 0.000 0.000 0.000 0.000 32.013 47.013 45.013 45.013 45.013 53.013 0.000 0.000 0.000 0.000 37.010 48.010 54.010 0.000 0.000 0.000 0.000 0.000
0.000 0.000 0.000 0.000 68.480 94.413 100.360 99.267 99.539 97.622 105.462 97.471 99.236 93.806 82.739 57.620 0.000 0.000 0.000 0.000 54.453 75.341 62.230 51.124 51.023 52.927 63.835 78.747 69.662 54.581 62.498 64.407 38.306 0.000 24.873 84.759 71.671 60.597 54.514 50.451 47.419 48.402 42.396 6.400 0.000 0.000 0.000 0.000 38.649 10.649 0.000 0.000 0.000 0.000 0.000 12.013 49.013 45.013 45.013 45.013 47.012 31.012 0.000 0.000 0.000 18.010 45.010 48.010 0.000 0.000 0.000 0.000 0.000
0.000 0.000 0.000 71.796 68.671 74.589 89.500 100.676 97.741 105.696 105.582 98.403 94.090 82.944 61.839 0.000 0.000 36.051 0.000 6.683 79.565 62.450 51.339 52.233 51.132 54.037 67.947 76.862 77.781 61.705 57.630 68.553 42.482 0.000 0.000 15.716 28.674 10.636 0.000 20.431 51.419 58.409 59.404 45.404 0.000 0.000 0.000 0.000 0.000 0.000 0.000 0.000 0.000 0.000 0.000 13.013 49.013 48.013 51.013 46.012 43.012 52.012 0.000 0.000 0.000 25.010 59.010 64.010 0.000 0.000 0.000 0.000 0.000
0.000 0.000 11.025 72.921 69.822 70.741 80.717 96.883 105.914 105.806 97.681 94.448 82.119 56.043 0.000 0.000 53.099 52.051 33.955 17.802 67.674 51.556 52.444 51.337 52.236 67.142 73.054 36.972 27.897 79.828 65.763 43.694 4.588 0.000 0.000 0.000 0.000 0.000 0.000 17.422 69.417 63.412 60.408 56.407 11.408 0.000 0.000 0.000 0.000 0.000 0.000 0.000 0.000 0.000 0.000 37.013 46.013 21.013 0.000 21.012 46.012 50.012 0.000 0.000 0.000 27.010 63.010 32.010 0.000 0.000 0.000 0.000 0.000
0.000 86.219 74.129 71.040 68.961 69.839 71.083 75.149 106.018 96.922 92.684 82.274 56.232 0.000 0.000 0.000 57.146 55.100 75.012 58.894 51.773 52.656 51.543 54.435 74.334 71.240 52.154 48.075 53.006 80.947 77.901 41.870 0.000 0.000 0.000 0.000 0.000 0.000 0.000 17.419 76.415 76.412 71.410 62.409 7.409 0.000 0.000 0.000 0.000 0.000 0.000 0.000 0.000 0.000 10.013 49.013 51.013 0.002 0.000 6.012 49.012 50.012 0.000 0.000 0.000 0.000 34.010 0.000 0.000 0.000 0.000 0.000 0.000
2.381 84.309 98.233 90.157 75.059 76.217 68.266 106.214 106.118 75.805 80.483 56.381 0.000 0.000 0.000 0.000 59.241 72.189 70.101 51.989 51.870 51.751 62.636 74.527 63.425 52.331 52.245 52.170 53.106 62.055 80.021 76.017 37.071 0.000 0.000 0.000 0.000 0.000 0.000 0.000 62.414 64.412 76.411 77.410 33.410 0.000 0.000 0.000 0.000 0.000 0.000 0.000 0.000 0.000 41.013 51.013 28.013 0.000 0.000 10.012 50.012 48.012 0.000 0.000 0.000 0.000 0.000 0.000 0.000 0.000 0.000 0.000 0.000
20.453 97.403 100.337 100.268 95.242 85.398 106.402 106.308 67.972 62.742 0.000 0.381 0.000 0.000 0.000 0.000 70.386 75.315 51.212 53.092 52.966 64.842 73.723 55.611 52.508 52.413 52.327 52.253 52.191 52.144 61.114 81.106 74.125 48.155 39.168 43.171 12.172 0.000 0.000 0.000 1.413 42.412 82.411 82.410 43.410 0.000 0.000 0.000 0.000 0.000 0.000 0.000 0.000 0.000 30.012 29.012 0.000 0.000 0.000 0.000 30.012 57.012 0.000 0.000 0.000 0.000 0.000 0.000 0.000 0.000 0.000 0.000 0.000
90.575 100.510 100.452 100.340 104.584 95.643 106.493 68.085 70.768 65.435 0.000 0.000 0.000 0.000 0.000 63.755 75.602 52.475 53.340 53.200 61.061 73.928 51.803 52.688 52.582 52.485 52.399 52.324 52.263 52.216 52.184 56.167 57.167 52.174 53.177 60.174 42.173 0.000 0.000 0.000 0.000 0.000 37.411 73.410 36.410 0.000 0.000 0.000 0.000 0.000 0.000 0.000 0.000 0.000 0.000 0.000 0.000 0.000 0.000 0.000 0.000 9.012 0.000 0.000 0.000 0.000 0.000 0.000 0.000 0.000 0.000 0.000 0.000
96.681 96.622 100.536 101.700 98.749 106.668 106.581 72.765 57.226 2.342 5.341 2.341 0.000 0.000 0.000 80.908 57.793 53.641 53.474 55.307 76.149 56.005 52.874 52.755 52.646 52.546 52.458 52.382 52.321 52.273 52.237 51.214 50.201 53.195 35.194 0.000 0.000 0.000 0.000 0.000 0.000 0.000 0.000 66.410 54.410 21.410 0.000 0.000 0.000 0.000 0.000 0.000 0.000 0.000 0.000 0.000 0.000 0.000 0.000 0.000 0.000 0.000 0.000 0.000 0.000 0.000 0.000 0.000 0.000 0.000 0.000 0.000 0.000
75.795 75.732 79.711 75.870 106.839 106.754 84.262 65.482 56.430 0.000 0.341 2.341 0.000 0.000 0.000 56.175 52.022 51.822 50.607 63.404 56.225 50.069 50.933 50.813 50.702 50.597 51.503 52.426 52.365 52.317 51.279 49.250 51.227 51.214 48.208 38.210 41.211 43.211 42.211 44.211 15.211 0.000 0.000 4.410 63.410 35.410 0.000 0.000 0.000 0.000 0.000 0.000 0.000 0.000 0.000 0.000 0.000 0.000 0.000 0.000 0.000 0.000 0.000 0.000 0.000 0.000 0.000 0.000 0.000 0.000 0.000 0.000 0.000
90.911 112.800 78.049 108.108 106.921 66.802 57.403 0.000 71.862 30.218 0.000 0.000 0.000 0.000 99.972 78.596 49.298 57.018 67.729 66.477 62.278 60.112 59.978 59.862 58.751 52.635 48.533 52.455 52.396 52.350 51.313 51.280 55.244 55.224 56.215 66.212 66.211 62.211 55.211 54.211 33.211 0.000 0.000 0.000 22.410 28.410 0.000 0.000 0.000 0.000 0.000 0.000 0.000 0.000 0.000 0.000 0.000 0.000 0.000 0.000 0.000 0.000 0.000 0.000 0.000 0.000 0.000 0.000 0.000 0.000 0.000 0.000 0.000
138.992 117.590 115.637 107.075 107.000 94.888 0.000 38.917 66.917 140.575 116.035 2.312 47.521 36.934 98.347 57.939 55.557 127.221 117.816 113.496 113.299 112.122 111.005 109.905 108.805 79.659 46.538 52.465 52.414 52.375 52.344 44.312 0.000 0.000 0.000 0.000 0.000 0.000 19.211 71.211 50.211 21.211 0.000 0.000 0.000 0.000 0.000 0.000 0.000 0.000 0.000 0.000 0.000 0.000 0.000 0.000 0.000 0.000 0.000 0.000 0.000 0.000 0.000 0.000 0.000 0.000 0.000 0.000 0.000 0.000 0.000 0.000 0.000
97.160 116.748 107.213 107.145 91.405 0.000 0.000 0.000 10.316 62.129 49.868 0.000 28.735 0.000 57.544 54.255 63.769 119.495 0.000 5.393 0.000 56.073 65.013 125.951 38.903 0.000 56.496 52.453 52.419 53.392 35.376 0.000 0.000 0.000 0.000 0.000 0.000 0.000 0.000 24.211 71.211 27.211 0.000 0.000 0.000 0.000 0.000 0.000 0.000 0.000 0.000 0.000 0.000 0.000 0.000 0.000 0.000 0.000 0.000 0.000 0.000 0.000 0.000 0.000 0.000 0.000 0.000 0.000 0.000 0.000 0.000 0.000 0.000
117.917 115.971 107.277 115.896 117.743 38.031 0.000 17.902 44.902 54.758 31.440 8.694 49.949 95.521 94.029 86.770 0.000 38.495 0.000 17.289 39.186 67.083 112.025 74.982 39.953 0.000 0.000 58.434 52.415 53.400 34.391 0.000 0.000 0.000 0.000 0.000 0.000 0.000 0.000 0.000 18.211 57.210 22.210 0.000 0.000 0.000 0.000 0.000 0.000 0.000 0.000 0.000 0.000 0.000 0.000 0.000 0.000 0.000 0.000 0.000 0.000 0.000 0.000 0.000 0.000 0.000 0.000 0.000 0.000 0.000 0.000 0.000 0.000
116.050 107.392 107.337 96.401 39.166 0.000 0.000 0.000 6.633 33.560 0.000 0.000 42.845 86.584 140.281 76.026 0.000 0.000 0.000 0.000 0.000 81.047 116.023 45.998 42.975 0.000 0.000 0.000 57.406 51.401 49.398 47.399 35.399 0.000 0.000 0.000 0.000 0.000 0.000 0.000 13.210 71.210 29.210 0.000 0.000 0.000 0.000 0.000 0.000 0.000 0.000 0.000 0.000 0.000 0.000 0.000 0.000 0.000 0.000 0.000 0.000 0.000 0.000 0.000 0.000 0.000 0.000 0.000 0.000 0.000 0.000 0.000 0.000
