results4_8e4_rain/res_4e8f-0224.wd
ncols         241
nrows         181
xllcorner     12693529.787448
yllcorner     3542525.717860
cellsize      155.156523
NODATA_value  -9999.000000
[rows 99 to 131 of 181, columns 0 to 72 of 241]
0.000 0.000 0.000 0.000 0.000 61.351 101.351 103.351 94.351 89.351 0.000 0.000 0.000 0.000 0.000 3.347 2.347 69.347 66.347 0.000 0.000 2.347 5.347 64.347 63.347 4.347 0.000 0.000 0.000 11.348 0.000 0.000 0.000 0.000 17.206 63.202 59.192 58.174 59.151 60.124 73.095 62.064 66.029 57.991 59.950 57.905 58.858 63.808 64.755 62.701 66.645 59.587 59.529 61.470 64.407 78.337 79.278 64.231 50.187 0.000 0.000 0.000 0.000 0.000 28.247 83.241 80.231 67.213 42.189 37.165 81.141 58.118 60.095
0.000 0.000 0.000 0.000 0.000 62.351 102.351 102.351 0.000 0.000 0.000 0.000 0.000 0.000 0.000 2.347 14.347 80.347 69.347 7.347 4.347 4.347 67.347 66.347 70.347 1.347 0.000 0.000 0.000 69.348 61.348 0.000 0.000 0.292 76.249 86.243 72.233 65.219 59.201 61.178 80.152 65.122 71.088 71.051 62.010 76.965 68.917 69.866 59.812 67.757 67.699 65.641 59.583 60.525 64.461 61.368 23.304 13.267 0.000 0.000 0.000 0.000 0.000 31.264 68.258 80.253 87.245 77.233 53.217 54.200 68.182 59.163 60.143
7.352 0.352 0.000 0.000 0.000 49.351 98.351 107.351 17.351 0.000 0.000 0.000 0.000 0.000 0.000 1.347 3.347 87.347 68.347 69.347 71.347 68.347 65.347 66.347 64.347 2.347 0.000 0.000 0.000 62.348 62.348 63.346 62.338 62.322 61.296 71.287 80.279 27.269 91.254 81.235 86.212 71.184 16.151 87.114 85.073 84.028 87.979 76.927 59.872 62.814 67.755 67.696 64.638 60.586 49.546 0.000 0.000 0.000 0.000 0.000 0.000 0.000 0.000 41.270 68.270 68.268 79.263 78.256 61.247 61.236 60.223 60.209 60.193
75.352 78.352 10.352 0.000 0.000 59.351 98.351 103.351 113.351 18.350 0.000 0.000 0.000 0.000 9.348 9.348 7.347 24.347 72.347 69.347 87.347 101.347 76.347 61.347 0.347 0.000 0.000 0.000 0.000 0.000 61.351 62.353 62.345 62.335 62.327 61.329 61.328 60.323 61.313 66.297 78.276 72.250 15.218 87.181 88.140 66.094 73.045 89.991 83.934 70.873 60.811 66.748 67.686 70.635 55.590 0.000 0.000 0.000 0.000 0.000 0.000 0.000 0.000 3.277 19.283 65.284 62.284 62.282 60.279 60.274 60.267 60.257 60.245
89.352 72.352 72.352 74.352 76.351 95.351 103.351 103.351 103.350 105.350 79.350 18.349 1.349 67.348 74.348 75.348 37.347 32.347 95.347 103.347 98.347 94.347 77.347 1.347 0.000 0.000 0.000 0.000 0.000 0.000 0.000 62.369 61.353 60.346 61.349 62.374 62.381 62.382 62.376 63.365 82.347 77.322 60.290 62.253 73.211 84.165 61.115 73.059 73.999 66.933 86.868 69.800 61.721 2.678 0.000 0.000 0.000 0.000 0.000 0.000 0.000 0.000 0.000 0.000 11.301 65.303 60.306 60.309 60.312 60.314 60.312 58.307 56.299
104.352 94.352 75.352 79.352 97.351 103.351 103.351 103.351 103.350 98.350 70.350 76.349 4.349 58.348 93.348 101.348 101.347 85.347 100.347 107.347 17.347 0.000 0.000 0.000 0.000 0.000 0.000 0.000 0.000 0.000 0.000 62.402 0.000 0.000 0.000 63.435 62.441 62.446 62.446 63.440 79.424 84.400 61.368 62.330 62.287 80.240 81.189 59.133 67.069 85.993 77.928 55.864 0.000 0.000 0.000 0.000 0.000 0.000 0.000 0.000 0.000 0.000 0.000 0.000 8.317 65.320 60.327 60.337 60.348 59.356 58.361 63.362 64.358
104.352 104.352 99.352 102.352 103.352 103.351 103.351 103.351 103.351 99.350 74.350 91.350 0.000 0.000 71.348 95.348 103.347 104.347 103.347 108.347 11.347 0.000 0.000 0.000 0.000 0.000 0.000 0.000 0.000 0.000 0.000 62.434 1.459 1.478 64.492 62.492 62.502 62.514 62.524 62.523 79.510 84.485 61.451 62.411 62.366 63.319 84.269 78.215 85.150 75.043 55.985 0.000 0.000 0.000 0.000 0.000 0.000 0.000 0.000 0.000 0.000 0.000 0.000 0.000 63.330 60.335 60.345 60.363 60.386 59.402 61.413 65.419 66.422
102.352 103.352 103.352 103.352 103.352 103.352 103.351 103.351 103.351 104.350 99.350 106.349 30.349 9.348 59.348 78.348 101.347 103.347 104.347 92.347 6.347 0.000 0.000 0.000 0.000 0.000 0.000 0.000 0.000 0.000 0.000 56.449 61.464 61.482 60.504 62.537 62.560 62.586 62.611 62.619 79.608 84.580 61.542 62.496 62.449 62.400 67.353 90.309 70.273 0.000 0.000 0.000 0.000 0.000 0.000 0.000 0.000 0.000 0.000 0.000 0.000 0.000 0.000 0.000 16.337 67.344 63.356 64.384 62.432 58.454 65.469 66.481 64.491
99.352 104.352 103.352 103.352 103.352 103.352 103.351 103.351 103.351 103.350 104.350 97.349 81.349 72.348 66.348 93.347 103.347 103.347 108.347 11.347 0.000 0.000 0.000 0.000 0.000 0.000 0.000 0.000 0.000 0.000 0.000 0.000 0.000 0.000 0.000 62.592 62.617 62.660 62.714 62.734 78.721 85.687 62.639 62.585 62.531 62.481 62.434 68.393 21.360 0.000 0.000 0.000 0.000 0.000 0.000 0.000 0.000 0.000 0.000 0.000 0.000 0.000 0.000 0.000 0.000 4.348 2.352 0.000 8.504 67.514 65.528 66.545 63.565
99.353 104.353 103.353 103.352 103.352 103.352 103.352 103.351 103.351 103.350 104.350 89.349 68.349 67.348 76.348 100.347 103.347 103.346 109.346 14.346 5.346 0.000 0.000 0.000 0.000 0.000 0.000 0.000 0.000 0.000 0.000 0.000 0.000 0.000 0.000 58.623 62.654 59.722 62.853 62.880 81.858 85.807 62.741 62.673 62.610 62.557 62.511 59.469 9.415 0.000 0.000 0.000 0.000 0.000 0.000 0.000 0.000 0.000 0.000 0.000 0.000 59.647 0.000 0.000 0.000 0.000 0.000 1.590 63.566 64.568 66.583 66.607 63.639
102.353 103.353 103.353 103.353 103.353 103.352 103.352 103.351 103.351 103.351 103.350 100.349 77.349 78.348 95.348 102.347 103.346 103.346 110.346 27.346 0.000 0.000 0.000 0.000 0.000 0.000 0.000 0.000 0.000 0.000 0.000 0.000 0.000 0.000 0.000 0.000 58.654 0.000 62.094 63.075 91.023 77.942 62.846 62.755 62.681 75.624 65.583 60.559 0.000 0.000 0.000 0.000 0.000 0.000 0.000 0.000 0.000 0.000 0.000 0.000 11.647 70.647 55.647 0.000 0.000 0.000 1.624 64.613 67.605 66.611 63.629 59.660 59.706
103.353 103.353 103.353 103.353 103.353 103.353 103.352 103.352 103.351 103.351 103.350 103.349 105.349 105.348 104.347 103.347 103.346 105.346 94.345 37.345 0.000 0.000 0.000 0.000 0.000 0.000 0.000 0.000 0.000 0.000 0.000 0.000 0.000 0.000 0.000 0.000 0.000 0.000 62.355 63.305 97.216 66.092 62.945 62.822 74.735 83.676 62.639 62.623 61.639 0.000 0.000 0.000 0.000 0.000 0.000 0.000 0.000 0.000 0.000 0.000 0.000 66.647 67.647 54.646 1.645 60.642 62.635 66.631 65.632 63.641 62.662 58.698 66.755
102.354 101.354 103.354 103.354 103.353 103.353 103.353 103.352 103.352 103.351 103.350 103.349 103.349 103.348 103.347 103.346 104.346 87.345 15.344 6.344 64.344 78.343 24.343 0.000 0.000 5.343 0.000 0.000 0.000 0.000 0.000 0.000 0.000 0.000 0.000 4.362 4.332 1.179 58.666 69.572 92.446 63.264 60.020 62.851 62.761 62.706 62.673 62.657 62.655 59.655 0.000 0.000 0.000 0.000 0.000 0.000 0.000 0.000 0.000 0.000 0.648 61.648 57.647 63.647 58.646 66.645 66.644 65.644 61.649 64.660 59.681 58.714 58.771
92.354 92.354 101.354 103.354 103.354 103.354 103.353 103.353 103.352 103.351 103.350 104.350 105.349 103.348 103.347 103.346 103.345 25.344 9.344 64.343 74.343 84.343 83.343 76.343 68.343 9.343 0.000 0.000 0.000 0.000 0.000 0.000 0.000 0.000 4.413 63.393 66.345 66.229 63.005 61.871 70.733 58.499 0.000 58.802 62.752 62.715 62.689 62.675 61.670 0.000 0.000 0.000 0.000 0.000 0.000 0.000 63.649 74.649 0.000 0.000 62.648 60.648 60.648 57.648 65.648 66.648 66.650 63.653 66.660 66.670 64.686 59.707 48.729
74.355 79.355 98.355 104.355 103.355 103.354 103.354 103.353 103.352 103.352 105.351 91.350 87.349 102.348 107.346 104.345 99.344 81.343 84.343 90.343 84.343 85.343 64.343 57.343 3.343 0.343 0.000 0.000 0.000 0.000 0.000 0.382 1.382 0.000 54.432 60.452 63.426 63.357 63.254 63.174 65.117 0.000 0.000 0.000 57.732 62.711 62.695 62.684 62.679 0.679 0.000 0.000 0.000 0.000 0.000 23.649 80.649 62.649 60.649 60.649 60.648 60.648 58.649 63.649 66.650 66.651 62.654 66.659 66.666 65.675 59.687 60.699 50.709
58.355 73.355 92.356 105.356 106.355 106.355 104.354 103.354 104.353 103.352 104.351 42.350 13.349 61.348 79.346 100.344 107.343 105.342 105.341 91.342 14.342 0.000 0.000 0.000 0.000 0.000 0.000 0.000 0.000 9.382 11.382 1.382 1.382 1.382 0.000 59.557 63.549 61.521 62.481 64.452 65.444 0.000 0.000 0.000 0.000 55.703 62.695 62.688 59.684 0.000 0.000 0.000 0.000 0.000 0.000 0.000 22.649 76.649 59.649 59.649 60.649 59.649 59.649 65.649 66.650 64.652 52.656 5.662 70.670 64.678 64.686 64.694 50.699
22.355 44.356 77.356 83.357 77.356 79.356 96.355 104.354 100.354 93.353 92.352 27.351 0.000 0.000 0.000 37.343 72.342 98.340 105.339 2.340 0.000 0.000 0.000 0.000 0.000 0.000 0.000 0.000 0.000 51.382 72.382 17.382 2.382 1.382 0.000 59.670 65.692 64.698 73.697 74.710 64.764 9.920 0.000 0.000 0.000 0.000 59.692 60.690 0.000 0.000 0.000 0.000 0.000 0.000 0.000 0.000 0.000 81.649 84.649 64.649 58.649 56.649 66.649 66.649 61.650 0.000 0.000 0.000 11.676 69.681 66.686 66.691 56.694
0.000 0.000 58.358 67.358 19.357 5.357 68.356 97.355 88.354 84.353 98.352 65.351 25.350 0.000 0.000 0.000 0.000 43.337 74.334 0.000 0.000 0.000 0.000 0.000 0.000 0.000 0.000 0.000 0.000 0.000 56.382 74.382 5.382 0.000 0.000 50.761 64.852 62.881 92.898 85.926 63.982 66.076 12.180 0.000 0.000 0.000 54.692 0.000 0.000 0.000 0.000 0.000 0.000 0.000 0.000 0.000 0.000 0.000 69.649 86.649 71.649 65.649 66.649 61.649 0.000 0.000 0.000 0.000 0.000 61.684 66.687 66.689 61.691
0.000 0.000 54.360 99.359 56.359 5.358 57.357 89.356 91.355 102.354 104.352 107.351 113.349 52.347 21.345 0.000 0.000 0.000 14.327 9.321 0.309 2.298 0.000 0.000 0.000 0.000 0.000 0.000 0.000 0.000 57.382 72.382 2.382 9.382 13.382 0.000 58.073 66.076 96.088 78.114 66.160 65.224 70.283 0.000 0.000 0.000 0.000 0.000 0.000 0.000 0.000 0.000 0.000 0.000 0.000 0.000 0.000 0.000 0.000 7.649 74.649 64.649 62.649 0.000 0.000 0.000 0.000 0.686 60.686 59.686 61.687 55.688 0.000
27.364 42.364 76.362 94.361 102.360 71.359 84.358 107.357 104.356 103.355 103.353 103.351 103.349 109.346 112.343 68.339 27.334 9.329 72.324 86.317 79.307 81.297 37.287 13.278 10.271 0.000 0.000 0.000 0.000 0.000 36.382 58.382 64.382 64.382 67.382 26.382 59.290 88.263 90.264 67.284 65.321 65.375 68.446 13.562 8.614 0.000 0.000 0.000 0.000 0.000 0.000 0.000 0.000 0.000 0.000 0.000 0.000 0.000 0.000 0.000 0.649 0.649 8.649 0.000 0.000 0.000 0.000 62.686 57.686 55.686 0.000 0.000 0.000
100.365 103.365 103.364 101.363 99.362 100.361 102.360 102.358 103.357 104.355 104.354 103.351 96.349 100.346 103.343 107.339 111.334 112.329 104.323 100.316 97.307 92.297 94.286 87.275 43.264 21.253 0.000 0.000 0.000 0.000 0.000 0.000 0.000 0.000 0.000 83.475 72.442 101.423 92.421 79.436 66.465 65.509 65.564 69.628 65.665 0.000 0.000 0.000 0.000 0.000 0.000 0.000 0.000 0.000 0.000 0.000 0.000 0.000 0.000 0.000 0.000 0.000 0.000 0.000 0.000 0.000 0.000 0.000 0.000 0.000 0.000 0.000 0.000
103.366 98.366 96.365 95.364 89.363 86.362 87.361 87.360 93.358 98.357 98.355 91.352 75.350 90.347 103.343 103.339 103.335 103.330 103.324 103.317 104.308 104.298 107.285 108.272 108.258 108.241 47.222 0.000 0.000 0.000 0.000 0.000 0.000 0.000 0.000 55.599 81.581 86.565 70.562 87.572 75.596 65.630 65.673 68.719 11.753 0.000 1.027 1.035 0.000 0.000 0.000 0.000 0.000 0.000 0.000 0.000 0.000 0.000 0.000 0.000 0.000 0.000 0.000 0.000 0.000 0.000 0.000 0.000 0.000 0.000 0.000 0.000 0.000
73.368 46.367 68.367 82.366 80.365 60.364 45.363 41.361 61.360 78.358 77.356 70.353 65.351 75.348 96.344 104.340 103.336 103.331 103.326 103.319 103.311 107.301 82.285 70.270 69.254 73.233 76.203 15.154 4.105 0.746 0.577 0.000 0.000 0.000 0.000 53.742 89.718 72.695 64.688 74.696 85.715 69.744 65.780 65.823 71.876 15.968 10.019 2.042 1.058 7.058 5.058 0.000 0.000 0.000 0.000 0.000 0.000 0.000 0.000 0.000 0.000 0.000 0.000 0.000 0.000 0.000 0.000 0.000 0.000 0.000 0.000 0.000 0.000
63.370 34.369 56.369 71.368 67.367 44.366 30.365 34.363 54.361 68.360 66.357 66.355 67.352 65.349 84.346 101.342 103.338 103.333 103.328 103.323 102.316 65.308 0.000 0.000 0.000 0.000 0.000 0.000 0.000 60.197 80.179 32.151 18.123 14.088 61.026 77.910 94.851 71.810 65.801 63.807 80.824 82.849 68.880 65.917 65.959 69.009 78.044 16.062 11.073 0.000 20.058 0.000 0.000 0.000 0.000 0.000 0.000 0.000 0.000 0.000 0.000 0.000 0.000 0.000 0.000 0.000 0.000 0.000 0.000 0.000 0.000 0.000 0.000
76.372 72.371 67.371 66.370 67.369 69.368 70.367 73.365 72.363 68.361 67.359 67.357 67.354 66.351 73.347 95.344 104.340 103.336 105.332 77.327 43.322 0.000 0.000 0.000 0.000 0.000 0.000 0.000 0.000 25.184 47.171 50.151 54.130 68.116 65.079 86.022 82.968 56.892 63.898 65.909 67.926 80.948 72.975 68.005 66.036 65.065 82.084 73.090 67.090 0.000 0.000 0.000 0.000 0.000 0.000 0.000 0.000 0.000 0.000 0.000 0.000 0.000 0.000 0.000 0.000 0.000 0.000 0.000 0.000 0.000 0.000 0.000 0.000
66.374 67.374 67.373 67.373 67.372 67.370 67.369 67.367 67.366 67.363 67.361 67.358 67.356 67.353 65.349 86.346 103.342 105.339 101.336 27.333 0.000 0.000 0.000 0.000 0.000 0.000 0.000 0.000 0.000 0.000 0.000 0.000 0.000 52.166 69.154 95.129 69.106 0.000 51.990 67.003 65.022 69.044 70.067 79.091 68.114 66.131 65.136 61.125 2.108 0.000 0.000 0.000 0.000 0.000 0.000 0.000 0.000 0.000 0.000 0.000 0.000 0.000 0.000 0.000 0.000 0.000 0.000 0.000 0.000 0.000 0.000 0.000 25.670
67.377 67.376 67.376 67.375 67.374 67.373 67.372 66.370 66.368 67.366 67.363 67.361 67.358 67.355 66.351 74.348 89.345 100.341 88.339 14.337 0.000 0.000 0.000 0.000 0.000 0.000 0.000 0.000 0.000 0.000 0.000 0.000 0.000 29.227 78.243 103.233 13.222 0.000 50.069 68.093 66.115 65.137 73.158 84.179 72.197 66.209 70.206 3.165 0.000 0.000 0.000 0.000 0.000 0.000 0.000 0.000 0.000 0.000 0.000 0.000 0.000 0.000 0.000 0.000 0.000 0.000 0.000 0.000 0.000 0.000 0.000 0.000 82.750
67.380 67.379 67.379 67.378 67.377 67.376 67.374 71.373 72.371 68.368 67.366 67.363 67.360 67.357 67.354 66.350 69.347 78.344 78.341 19.339 0.000 0.000 0.000 0.000 0.000 0.000 21.015 0.000 0.000 0.000 0.000 0.000 0.000 1.375 82.357 97.339 20.328 0.000 34.126 65.182 66.210 66.231 65.250 70.269 72.287 68.303 70.313 0.000 0.000 0.000 0.000 0.000 0.000 0.000 0.000 0.000 0.000 0.000 0.000 0.000 0.000 0.000 0.000 0.000 0.000 0.000 0.000 0.000 0.000 0.000 0.000 66.972 75.881
67.383 67.382 67.382 67.381 67.380 67.379 66.377 78.376 83.374 70.371 67.369 67.366 67.363 67.359 67.356 67.352 67.349 66.345 69.342 50.340 0.000 0.000 0.000 0.000 0.000 63.015 84.015 46.013 37.004 35.994 0.000 0.000 0.000 63.539 105.478 79.438 79.421 6.441 0.000 51.300 68.312 66.326 66.342 64.360 80.379 84.402 78.430 1.521 0.000 0.000 0.000 0.000 0.000 0.000 0.000 0.000 0.000 0.000 0.000 0.000 0.000 0.000 0.000 0.000 0.000 0.000 0.000 0.000 0.000 0.000 41.136 92.064 77.990
67.386 67.386 67.385 67.384 67.383 67.382 66.381 79.379 85.377 69.374 67.372 67.369 67.366 67.362 67.358 67.355 67.350 67.346 67.342 73.338 44.333 0.000 0.000 0.000 3.016 26.016 41.017 63.019 71.007 74.983 48.934 24.870 59.782 97.657 95.576 75.514 57.479 15.460 0.000 51.405 68.411 67.420 70.433 65.449 74.469 97.495 94.533 39.599 3.656 19.683 0.000 0.000 0.000 0.000 0.000 0.000 0.000 45.186 75.186 79.186 0.000 0.000 88.186 149.186 0.000 0.000 0.000 0.000 0.000 0.000 78.208 134.157 117.095
64.390 65.389 66.389 66.388 67.387 67.386 65.384 80.382 83.380 66.378 67.375 67.372 67.369 67.365 67.361 67.357 67.352 67.347 67.342 67.336 73.329 53.320 4.313 0.000 0.000 0.000 0.000 39.038 70.023 65.995 68.951 72.893 84.819 101.732 85.655 53.564 3.522 0.000 0.000 50.505 67.506 70.511 83.520 69.534 79.552 80.576 99.608 103.649 86.687 36.710 0.000 0.000 0.000 0.000 0.000 0.000 0.000 0.000 36.186 64.186 78.186 110.186 148.186 71.186 0.000 0.000 0.000 0.000 0.000 64.420 74.331 75.262 78.197
85.393 80.393 75.393 73.392 69.391 65.390 65.388 80.386 83.384 65.381 67.379 67.376 67.372 67.368 67.364 67.360 66.355 65.349 66.343 66.336 66.327 72.317 49.305 26.290 1.276 0.000 0.000 38.073 76.053 70.022 64.982 77.931 100.869 94.798 62.749 0.000 0.000 0.000 0.000 48.603 66.598 71.598 78.603 73.614 78.629 77.649 90.674 84.704 77.733 50.759 5.791 0.000 0.000 0.000 0.000 0.000 0.000 0.000 0.000 32.186 110.186 113.186 116.186 1.186 11.186 0.186 0.000 7.586 41.586 69.510 138.432 102.369 134.257
105.398 104.397 100.397 95.396 91.395 86.394 81.392 77.390 72.388 66.385 67.383 67.379 67.376 67.372 66.368 68.363 74.357 79.351 78.344 76.336 70.327 65.316 69.302 75.284 39.260 20.226 24.185 58.128 81.093 72.060 68.024 90.982 102.928 58.840 3.795 0.000 0.000 11.779 18.760 52.706 65.686 70.680 86.681 76.689 69.701 62.717 68.736 86.758 83.781 89.803 8.822 0.000 0.000 0.000 0.000 0.000 0.000 0.000 0.000 0.000 0.000 0.000 0.000 0.000 8.186 0.000 0.000 0.000 76.661 67.601 77.534 100.430 76.606
