results4_8e4_rain/res_4e8f-0110.wd
ncols         241
nrows         181
xllcorner     12693529.787448
yllcorner     3542525.717860
cellsize      155.156523
NODATA_value  -9999.000000
[rows 132 to 164 of 181, columns 0 to 72 of 241]
94.167 99.166 103.166 103.165 105.164 105.162 99.161 90.159 76.156 65.154 64.150 65.147 64.143 63.138 68.133 82.127 93.120 98.112 98.103 95.092 87.080 78.065 69.046 63.023 67.993 69.958 68.917 69.872 67.833 62.798 76.764 99.730 66.703 0.000 0.000 0.000 6.349 58.341 70.335 67.310 69.288 75.273 93.266 79.264 63.264 62.267 62.271 74.277 95.283 36.289 9.297 4.313 0.000 0.000 0.000 0.000 0.000 0.000 0.000 0.000 0.000 0.000 0.000 0.000 26.031 5.953 9.874 50.774 73.628 77.526 77.417 87.502 114.966
72.171 74.171 77.170 83.169 93.168 99.167 104.165 104.163 97.161 83.158 72.154 66.151 70.146 77.142 90.136 105.130 104.123 101.115 101.106 104.095 104.082 100.067 88.049 76.028 68.002 62.972 63.940 62.906 63.874 71.845 93.819 101.798 13.784 0.000 0.000 0.000 16.357 44.365 62.395 71.389 72.371 69.350 70.345 80.342 75.339 68.335 72.332 80.328 93.326 34.324 20.321 26.330 6.340 0.000 0.000 0.000 0.000 0.000 0.000 0.000 0.000 0.000 0.000 0.000 8.110 0.000 57.899 79.818 75.697 84.667 75.729 115.091 103.849
64.176 64.176 64.175 66.174 71.173 75.172 82.170 91.168 99.165 102.162 96.159 94.155 96.151 99.146 98.140 91.134 82.127 80.119 80.110 85.100 91.087 98.073 101.056 100.037 89.015 78.990 73.964 71.937 80.912 96.890 97.871 83.857 16.851 0.000 0.000 0.000 0.000 0.000 45.493 72.480 51.456 39.410 54.423 69.421 84.414 88.404 90.392 91.379 87.368 14.359 1.342 29.346 26.349 14.353 20.355 14.355 0.000 0.000 0.000 0.000 0.000 0.000 42.334 12.282 78.188 100.121 132.973 88.945 83.995 64.950 101.014 105.528 105.433
65.181 65.181 65.180 65.179 64.178 63.177 65.175 70.173 76.170 86.167 96.164 98.160 91.156 81.151 75.145 67.139 63.133 63.125 63.116 65.106 70.094 76.081 83.066 95.049 100.030 102.010 100.988 96.967 99.947 92.930 74.917 66.909 45.912 3.935 0.000 0.000 0.000 0.000 38.604 71.582 14.565 0.000 47.516 72.506 91.492 99.474 85.453 88.429 74.409 32.396 0.000 56.360 25.359 17.356 28.356 28.355 0.000 0.000 0.000 0.000 0.000 29.441 48.386 121.325 150.245 133.125 116.678 115.621 107.290 105.929 105.803 105.671 70.893
65.186 65.186 65.185 65.185 65.184 65.182 65.180 64.178 64.176 67.173 73.170 72.166 68.161 64.156 64.151 64.145 65.139 65.131 65.123 65.114 64.103 63.091 65.078 71.063 78.047 87.030 95.013 90.996 79.980 67.967 63.957 68.951 76.952 52.958 30.961 30.944 16.908 17.845 53.738 74.679 24.656 6.664 66.619 98.595 100.574 79.549 82.517 81.474 69.442 58.420 9.398 37.376 11.369 0.078 12.356 0.000 1.961 0.000 0.000 0.000 0.000 10.499 73.443 79.360 75.345 76.503 74.476 106.264 106.159 106.048 73.244 76.021 77.892
65.192 65.192 65.191 65.190 65.189 65.188 65.186 65.184 65.182 65.179 64.176 64.172 64.167 65.162 65.157 65.152 65.146 65.139 65.131 65.123 65.113 65.103 65.091 64.078 63.065 64.051 68.037 66.023 65.011 69.001 71.993 70.988 68.986 70.985 70.980 67.964 67.935 71.889 46.824 32.740 21.716 39.717 84.701 98.682 78.659 71.631 70.590 50.510 46.466 9.445 0.000 0.000 0.174 2.238 0.000 0.000 5.961 20.934 35.886 5.818 19.733 82.582 89.567 87.637 85.621 86.700 106.461 106.365 87.493 94.284 87.137 92.909 84.750
65.198 65.198 65.197 65.196 65.195 65.194 65.193 65.191 65.188 65.186 65.182 65.178 65.174 65.169 65.164 65.159 65.153 65.148 65.141 64.133 71.125 73.115 65.105 64.094 63.083 64.072 66.060 69.050 72.040 71.032 66.026 67.022 74.019 77.015 73.009 66.997 63.978 72.953 3.928 0.000 6.751 79.787 88.786 75.772 67.750 87.724 33.703 0.000 0.000 0.180 1.247 1.248 1.245 2.243 0.000 0.000 30.987 72.956 101.908 62.841 95.723 103.878 100.838 99.927 106.732 106.645 106.555 99.580 101.456 101.154 100.015 98.946 16.862
65.204 65.204 65.203 65.203 65.202 65.201 65.199 65.198 65.195 65.193 68.190 68.186 66.181 70.175 68.170 65.166 65.162 65.157 64.151 62.144 73.137 81.129 67.120 64.111 66.101 69.092 71.083 70.075 67.068 69.062 74.057 76.054 77.052 77.049 72.045 66.038 75.028 94.017 13.008 0.000 0.000 53.893 76.886 73.869 77.844 97.814 31.795 0.000 1.245 1.246 1.249 1.252 1.248 3.245 0.000 29.098 81.047 96.993 99.922 104.919 102.082 99.071 106.968 106.893 106.815 98.892 99.677 100.550 100.230 100.202 93.134 70.040 0.000
65.211 65.210 65.210 65.209 65.209 65.208 65.206 65.205 65.203 66.201 73.198 73.194 50.189 18.180 39.176 69.174 63.171 66.167 72.162 75.156 75.150 71.143 67.135 68.128 71.120 70.112 69.105 71.099 75.094 75.090 77.087 76.086 67.085 62.084 64.083 77.081 96.079 106.078 28.079 0.000 0.000 29.006 84.995 86.975 93.943 92.894 28.866 0.000 1.245 0.000 0.266 1.265 0.000 7.247 33.216 77.158 99.075 102.089 101.177 101.178 100.269 107.109 107.040 99.099 99.899 100.761 100.548 100.403 100.360 92.293 84.251 0.000 0.000
65.217 65.217 65.217 65.216 65.216 65.215 65.214 65.212 65.211 67.209 76.207 87.204 63.201 0.195 6.180 54.183 80.181 72.178 70.174 70.169 68.163 67.157 69.151 71.144 69.138 65.132 67.127 79.122 81.119 71.117 65.116 62.117 62.118 67.120 81.122 97.125 94.129 78.137 50.152 18.186 12.183 56.131 85.111 67.094 58.058 49.954 14.910 0.000 0.000 20.284 11.283 1.277 0.000 26.281 77.249 99.161 101.354 100.344 100.452 107.307 107.243 107.178 99.162 101.046 100.758 100.632 100.577 100.504 94.429 81.365 71.328 0.000 0.000
65.224 65.224 65.224 65.223 65.223 65.222 65.221 65.220 65.219 67.218 77.216 64.214 20.211 2.217 0.000 22.196 76.194 68.190 70.186 69.182 67.177 70.172 71.166 68.161 65.156 61.151 71.148 85.145 72.143 62.143 63.144 68.147 78.150 89.155 100.160 93.167 71.176 66.189 85.205 92.224 93.231 97.225 72.226 33.232 5.240 0.000 0.000 0.000 0.000 33.285 20.286 0.376 31.390 77.323 99.339 101.526 100.541 107.481 107.425 107.368 99.431 100.230 101.118 100.816 100.801 100.741 100.666 101.575 89.495 60.410 49.369 7.369 1.369
64.231 64.231 65.231 65.230 65.230 65.230 65.229 65.229 65.228 68.227 78.226 49.225 0.000 8.224 46.222 48.212 65.207 67.203 55.199 37.195 75.191 70.186 66.182 65.178 63.174 65.170 81.167 84.166 66.166 69.167 81.171 90.176 99.181 97.189 85.197 71.208 64.220 80.236 84.255 72.275 53.293 51.310 39.334 19.370 8.429 2.559 0.747 20.812 15.816 0.000 0.000 25.470 77.490 100.590 101.608 99.717 107.585 107.534 99.596 100.407 101.284 101.091 100.968 100.944 100.891 100.840 103.770 67.637 47.566 0.000 0.000 0.000 0.000
73.239 71.238 68.237 66.237 63.237 63.237 63.237 63.237 62.236 67.236 79.235 62.236 43.238 51.233 69.229 65.224 62.220 68.216 63.212 50.209 70.205 64.201 63.198 63.194 65.191 79.188 87.186 53.185 45.187 95.190 100.196 95.203 84.212 74.221 66.232 62.246 73.262 85.281 53.303 28.328 11.356 2.389 19.430 18.485 8.558 9.659 12.770 40.822 24.819 0.000 0.000 57.724 99.752 98.872 107.731 107.685 107.636 99.634 101.527 101.251 101.143 101.112 103.068 98.017 99.987 100.959 111.936 0.000 0.000 0.000 0.000 0.000 0.000
74.247 76.246 82.244 83.243 83.245 80.245 81.246 80.246 79.245 79.245 81.245 64.244 68.244 67.242 64.239 67.235 67.232 66.228 71.225 73.222 67.219 61.216 63.213 65.210 79.207 84.204 73.202 67.202 76.205 99.211 82.220 73.230 65.241 63.252 65.266 64.281 78.300 87.322 51.348 27.378 15.415 17.459 20.514 12.581 13.660 19.750 21.835 14.886 0.000 0.000 35.956 77.967 107.859 107.819 107.776 99.870 100.675 101.573 101.281 101.276 102.234 102.188 75.143 53.080 88.078 102.072 107.081 47.138 0.000 0.000 0.000 0.000 0.000
67.256 61.255 14.249 16.248 25.252 72.254 69.254 69.254 69.254 73.254 82.254 63.253 64.252 63.251 66.248 70.246 71.243 69.241 68.238 71.236 72.234 69.231 63.229 80.226 86.224 77.220 83.217 100.217 97.220 79.229 67.243 63.256 65.268 65.281 64.296 69.314 85.335 87.359 79.388 82.422 53.465 15.519 7.585 6.665 18.752 25.844 15.933 13.005 5.032 31.155 79.141 107.934 107.898 100.014 100.823 101.708 101.521 101.406 101.390 102.343 100.301 94.260 19.238 0.000 70.174 105.170 102.176 101.196 0.000 0.000 0.000 0.000 0.000
65.267 57.267 0.000 0.000 7.263 68.263 64.264 64.264 64.263 68.263 82.263 60.262 64.261 68.260 70.259 71.257 68.255 65.253 63.251 65.250 75.248 88.247 83.245 84.243 61.240 55.236 107.230 93.227 60.230 20.243 40.268 68.282 65.295 65.309 67.325 60.343 44.366 34.392 46.423 86.459 62.504 15.565 10.644 5.741 14.839 19.942 14.049 19.140 19.228 57.306 107.988 99.206 102.944 101.847 101.660 101.550 101.526 101.489 102.447 102.410 67.370 43.314 29.312 32.318 83.274 104.258 100.259 91.274 9.308 0.000 0.000 0.000 0.000
65.278 65.280 48.285 0.000 8.273 69.273 65.273 65.273 64.273 65.272 80.272 67.272 70.271 72.270 71.269 66.268 63.267 64.265 64.264 63.263 73.263 96.262 92.261 79.260 72.259 63.254 39.239 28.233 15.231 0.000 21.303 70.311 65.321 67.335 50.350 24.369 9.394 6.421 48.451 65.486 34.529 6.593 9.684 14.817 21.921 18.037 12.179 5.322 8.653 56.553 108.057 102.094 101.854 101.675 101.660 101.624 101.583 101.545 99.509 90.478 23.454 0.000 40.378 99.367 104.345 102.331 96.327 86.332 4.342 0.000 0.000 0.000 0.000
62.288 64.289 61.290 0.000 4.283 69.283 64.283 62.282 64.282 68.282 72.282 71.281 71.281 69.280 63.280 64.279 64.278 65.278 65.277 70.277 88.277 87.277 80.278 89.279 87.280 58.281 0.000 0.000 0.000 0.000 19.330 70.336 65.345 68.358 39.373 1.395 35.421 61.446 81.475 50.506 2.531 0.000 0.000 3.920 13.992 14.109 14.276 8.620 5.640 108.250 108.156 101.001 101.846 101.747 101.712 101.674 101.636 103.600 88.567 71.538 31.515 7.504 55.455 85.428 94.407 103.393 92.386 81.385 3.387 0.000 0.000 0.000 0.000
69.296 67.297 56.298 0.000 55.293 63.293 65.292 69.292 70.292 71.291 69.291 70.291 68.291 64.291 64.290 65.290 65.290 64.290 66.290 89.290 88.291 70.292 83.294 81.297 85.302 83.310 46.332 2.345 11.353 41.356 46.352 66.357 65.366 65.379 60.395 52.418 69.441 68.467 62.498 84.531 32.560 0.000 0.000 7.951 13.019 11.126 12.263 36.465 60.897 108.338 103.332 103.077 102.816 101.802 101.762 101.725 102.688 100.653 55.621 32.591 44.565 45.541 99.509 101.484 81.463 91.449 86.439 59.434 24.433 0.000 0.000 0.000 0.000
70.304 71.305 68.305 56.307 70.304 70.302 70.302 71.301 71.301 72.301 84.301 66.301 64.301 64.301 65.301 65.301 65.301 66.302 80.302 91.303 66.305 70.307 97.309 89.313 77.319 80.327 83.340 67.350 72.358 87.363 80.366 68.373 61.383 61.396 72.412 88.433 75.457 47.484 19.517 74.559 63.618 12.717 15.812 20.914 17.005 8.115 10.202 51.497 103.748 108.419 100.312 102.961 103.889 101.850 101.812 101.775 94.739 84.704 41.671 12.641 21.612 22.586 83.558 125.534 106.514 82.498 74.488 53.481 62.478 15.478 0.000 1.635 5.635
75.312 75.312 71.312 71.313 71.312 72.312 72.311 68.311 65.311 64.311 27.310 17.310 68.311 65.311 65.312 65.312 64.313 67.314 91.315 77.316 62.318 68.320 85.323 102.328 97.333 94.341 92.349 88.358 84.365 83.372 91.378 88.386 82.396 78.409 81.426 85.445 47.469 11.496 10.529 26.570 22.636 7.722 16.806 26.887 22.977 14.094 7.255 50.502 108.570 108.496 103.206 105.048 101.934 101.901 102.862 98.824 82.788 75.753 81.720 87.688 71.659 93.631 108.604 125.581 134.560 118.544 80.532 85.524 60.520 0.000 0.000 0.000 0.000
14.319 15.320 75.319 70.320 70.320 65.320 62.320 64.320 59.320 12.321 12.321 1.321 69.322 65.322 65.323 65.323 65.324 83.325 90.326 63.328 65.330 65.333 68.336 74.341 76.346 76.352 72.359 75.367 91.374 84.380 75.388 78.396 85.407 89.419 92.435 89.454 64.477 29.503 12.531 11.554 0.000 0.744 11.802 20.852 4.914 0.000 20.438 80.678 108.640 100.554 104.275 104.010 101.992 101.949 102.910 97.872 84.835 50.800 57.766 100.734 111.703 143.675 134.648 106.623 94.602 111.585 90.572 84.563 59.559 0.000 0.000 0.000 0.000
1.329 10.328 24.325 79.328 64.329 62.329 64.329 64.330 65.330 12.330 3.331 58.333 66.332 65.333 65.333 65.334 67.335 91.336 76.338 62.340 65.342 65.345 65.349 64.353 64.358 64.363 63.369 70.376 99.382 78.389 9.396 17.404 29.415 80.427 90.441 74.459 79.482 66.509 18.538 15.563 0.642 5.718 18.759 10.805 0.000 0.000 38.591 108.777 108.709 103.436 105.173 101.079 102.038 101.997 101.957 101.919 88.881 51.845 66.811 103.778 99.746 133.717 128.689 97.663 102.641 88.622 69.607 87.597 65.593 0.000 0.000 0.000 0.000
63.340 59.339 0.000 71.338 81.338 82.338 63.338 75.339 82.339 58.340 56.341 66.342 65.342 65.343 65.344 65.345 84.346 88.347 63.349 65.351 64.354 63.357 65.360 65.364 65.369 65.374 64.379 72.385 101.391 82.397 28.404 1.412 52.422 77.432 90.444 69.460 59.481 18.514 11.551 14.585 12.634 20.682 24.710 0.000 0.000 17.525 79.763 108.842 100.698 104.414 104.154 102.130 102.085 102.043 102.003 102.964 93.926 82.890 105.854 130.820 118.788 135.757 132.727 126.700 133.675 99.654 76.637 86.626 94.623 23.631 0.000 0.000 0.000
65.348 64.349 59.351 65.348 64.347 12.347 86.347 78.348 65.348 66.349 66.350 65.351 65.352 65.353 65.354 68.355 91.357 74.358 64.360 65.362 71.365 79.368 65.371 63.375 65.379 64.384 67.389 91.394 99.399 74.405 62.411 50.419 72.426 71.435 32.444 17.455 14.468 0.000 3.566 3.594 4.632 5.668 7.689 0.000 20.623 77.752 99.901 108.906 101.660 102.298 102.218 102.174 102.130 102.088 102.047 103.008 93.970 76.932 72.896 105.862 95.828 109.795 112.764 100.734 102.707 74.682 51.662 65.648 132.641 85.640 20.640 10.639 32.638
65.356 65.356 65.357 65.356 65.356 59.356 75.356 91.357 67.358 64.358 65.359 65.361 65.362 65.363 64.364 87.366 89.367 63.369 65.371 66.373 63.376 25.379 84.382 79.386 66.390 64.394 82.398 101.403 85.407 65.413 65.418 66.424 69.430 73.436 10.443 11.449 0.000 0.545 15.552 0.000 0.000 0.000 0.000 0.000 43.760 100.903 109.027 108.967 101.546 102.376 102.257 102.218 102.174 102.132 102.091 101.051 86.012 87.974 107.937 126.902 125.867 130.832 135.799 122.767 120.735 107.706 56.681 54.663 130.652 94.646 32.642 25.639 90.637
65.363 65.363 65.363 65.364 65.364 65.364 65.365 76.366 91.367 67.368 64.369 65.370 65.371 63.373 71.374 92.376 72.378 64.379 66.381 64.382 6.386 3.390 72.393 73.396 79.400 78.403 86.407 85.411 66.415 64.420 66.424 69.429 74.433 74.436 0.000 0.000 0.000 2.537 26.540 13.537 14.535 13.535 0.000 4.998 52.074 106.134 109.085 100.890 102.598 102.330 102.308 102.260 102.217 102.174 102.133 102.093 88.054 84.015 104.978 105.941 105.904 108.869 108.833 107.798 112.761 85.724 61.693 76.672 91.659 30.651 0.000 0.000 34.636
65.371 67.371 67.370 65.371 65.372 65.373 65.373 65.374 76.375 91.377 67.378 62.380 62.381 79.383 91.385 85.386 62.388 65.390 61.391 7.390 4.397 58.401 65.404 65.407 71.410 88.413 88.416 81.420 74.423 66.427 53.430 23.434 88.437 68.439 0.000 0.000 0.000 1.533 15.534 8.534 22.534 11.535 0.000 5.214 25.274 109.199 109.142 101.758 102.488 102.391 102.346 102.301 102.258 102.215 102.174 103.134 98.094 88.055 83.017 81.979 81.942 81.905 81.868 85.830 59.789 3.736 29.696 85.673 81.659 42.649 4.644 0.000 33.634
66.379 3.378 4.376 65.379 64.380 63.381 63.382 62.383 62.384 75.386 90.387 83.389 90.391 92.393 79.395 63.397 70.399 70.401 58.403 0.000 6.410 69.412 65.415 67.417 91.420 98.422 76.425 67.428 74.431 81.434 69.437 5.439 48.442 66.443 0.000 0.000 0.000 2.527 8.529 5.532 19.533 0.000 0.000 5.400 10.753 109.254 107.015 102.721 102.460 102.434 102.386 102.341 102.298 102.255 102.214 102.174 103.134 102.095 100.056 99.017 98.979 99.941 101.904 75.866 17.827 0.000 14.681 70.666 101.653 92.644 65.638 41.633 58.633
65.387 64.387 0.000 64.388 75.389 79.389 83.390 88.391 91.393 92.394 92.396 92.398 78.400 65.402 81.405 98.407 99.410 99.413 92.416 70.423 5.422 66.423 64.425 73.427 101.429 88.432 65.434 64.436 66.438 69.441 60.443 5.446 25.448 25.450 0.000 0.000 0.000 8.519 3.524 0.000 2.533 0.000 13.350 14.698 5.823 109.306 110.964 106.597 102.516 102.469 102.424 102.379 102.336 102.295 102.254 102.214 102.174 102.135 102.095 102.055 103.015 105.976 77.939 10.903 0.000 0.000 0.000 15.655 71.645 102.636 93.631 69.628 46.631
65.395 67.396 63.400 65.397 80.397 79.398 75.398 71.400 70.401 66.403 87.405 77.407 88.410 79.412 95.415 91.417 84.420 85.423 96.427 102.431 91.432 92.434 84.436 92.438 100.439 73.441 64.443 65.444 65.446 64.448 64.450 66.452 61.454 10.458 70.465 61.471 0.488 2.506 0.000 0.000 0.000 4.154 82.251 79.468 109.402 109.355 104.841 105.666 102.546 102.506 102.460 102.417 102.374 102.333 102.292 102.253 102.213 102.174 102.135 104.093 109.049 78.011 17.975 0.000 0.000 0.000 0.000 0.000 12.635 63.625 98.620 48.618 0.000
67.403 3.403 62.405 65.405 65.405 65.406 64.406 65.407 67.409 65.411 77.414 72.417 81.419 92.422 80.425 65.428 66.431 67.434 68.437 73.440 86.443 96.445 102.446 100.448 89.449 65.450 65.451 65.453 65.454 65.455 66.456 89.458 62.460 2.463 66.467 16.474 10.485 3.495 0.000 0.000 0.000 14.087 102.296 104.496 109.446 103.179 102.879 102.611 102.588 102.540 102.495 102.452 102.411 102.370 102.330 102.291 102.253 102.215 104.176 89.135 43.075 10.043 0.000 0.000 0.000 0.000 0.000 0.000 0.000 34.609 96.608 48.606 0.000
68.411 1.411 62.412 65.412 65.413 65.413 65.414 66.415 4.415 64.420 68.423 79.426 79.429 87.431 92.435 78.438 63.441 63.444 63.448 65.451 67.453 68.455 69.457 69.458 68.459 67.460 63.460 63.461 64.462 65.462 76.463 90.463 61.464 55.465 57.467 0.000 0.000 3.495 0.000 0.000 0.000 18.124 101.235 109.529 109.488 102.035 102.760 102.663 102.618 102.573 102.529 102.487 102.446 102.406 102.367 102.329 102.292 102.255 107.221 63.194 0.000 0.000 0.000 0.000 0.000 0.000 0.000 0.000 0.000 37.595 97.594 56.593 0.000
