results4_8e4_rain/res_4e8f-0229.wd
ncols         241
nrows         181
xllcorner     12693529.787448
yllcorner     3542525.717860
cellsize      155.156523
NODATA_value  -9999.000000
[rows 66 to 98 of 181, columns 146 to 218 of 241]
38.495 53.432 75.373 76.318 76.267 76.222 76.180 76.141 76.107 79.078 15.060 0.000 2.922 0.000 0.000 0.000 0.000 1.427 48.427 23.427 0.000 30.425 60.424 60.424 60.423 67.423 73.421 73.419 73.416 73.412 73.407 73.402 73.397 73.391 73.386 75.381 60.377 61.374 53.374 0.000 0.000 0.000 0.000 0.000 29.702 36.692 45.673 39.635 17.583 15.552 30.526 51.502 59.478 53.454 48.429 48.405 38.380 35.356 35.332 38.308 59.285 71.262 66.239 55.218 62.197 69.177 73.157 73.139 72.121 72.104 72.088 72.072 72.057
41.556 60.493 78.433 76.378 76.329 76.285 76.244 76.207 81.172 70.143 40.130 37.148 0.000 0.000 0.000 0.000 0.000 19.427 21.427 0.000 0.000 0.000 30.421 61.421 70.421 73.420 73.418 73.416 73.414 77.410 75.406 73.402 73.398 73.393 72.389 64.384 58.381 64.378 54.376 0.000 0.000 0.000 0.000 21.693 35.694 40.690 36.683 0.000 2.536 12.521 32.502 35.481 49.460 58.437 47.414 46.391 44.366 35.342 35.318 34.293 40.270 64.246 71.224 56.202 58.181 60.160 62.141 66.122 70.104 72.087 73.070 72.054 72.039
46.616 67.550 77.487 76.432 76.385 76.344 74.306 73.269 28.232 13.193 44.170 50.166 15.170 0.000 0.000 0.000 0.000 0.000 0.000 0.000 0.000 14.418 43.419 63.419 73.418 73.417 73.416 73.414 73.412 75.409 74.406 73.403 73.399 74.395 64.391 62.387 65.383 60.380 52.378 0.000 0.000 0.000 0.000 39.693 42.692 4.689 3.686 0.000 7.503 40.494 42.479 52.462 55.443 66.422 64.400 52.377 41.352 33.328 35.303 35.279 30.254 44.231 61.207 65.185 70.164 67.143 60.123 65.104 68.086 68.069 66.052 68.037 71.021
51.674 74.604 78.534 79.478 76.437 77.400 72.367 18.333 2.293 43.225 44.191 49.177 57.173 0.000 0.000 0.000 0.000 0.000 0.000 0.000 0.000 26.417 49.417 62.417 74.416 73.415 73.414 73.413 73.411 74.408 73.406 73.403 73.400 70.397 64.394 29.389 2.386 0.000 0.000 0.000 0.000 0.000 0.000 35.692 42.692 0.000 0.000 0.000 57.479 43.472 38.460 66.445 71.427 72.408 76.386 70.363 58.339 38.314 35.289 35.263 33.238 34.214 40.190 41.168 48.146 56.125 63.105 67.086 68.068 69.050 65.034 68.018 69.003
33.734 38.659 48.568 24.509 81.483 78.454 63.427 40.403 10.384 0.000 0.000 0.000 0.000 0.000 0.000 0.000 0.000 0.000 0.000 0.000 0.000 27.416 52.416 55.415 71.415 73.414 73.413 73.411 77.410 76.408 73.406 73.404 74.401 65.399 68.398 0.000 0.000 0.000 0.000 0.000 0.000 0.000 0.000 0.000 29.692 38.692 0.000 0.000 88.461 51.455 33.444 64.430 72.414 72.396 72.375 75.352 74.326 54.300 37.274 35.248 33.222 36.197 37.172 45.149 50.127 39.106 39.085 44.066 49.048 55.031 60.014 63.999 67.984
79.802 58.730 0.000 0.000 85.530 77.506 64.485 46.467 13.453 0.000 0.000 0.000 0.000 0.000 0.000 0.000 0.000 0.000 0.000 0.000 0.000 0.000 13.414 57.414 73.413 73.412 73.412 73.410 75.409 74.408 73.406 73.404 74.403 62.401 72.400 0.000 0.000 0.000 0.000 0.000 0.000 0.000 0.000 0.000 0.000 5.692 13.692 0.000 25.451 41.441 34.430 64.417 72.403 72.386 73.366 73.342 73.315 66.287 42.259 38.232 36.205 33.179 54.154 66.130 72.107 56.085 49.065 45.046 43.028 40.010 39.994 39.978 67.964
55.881 0.000 0.000 82.719 82.601 80.555 71.541 56.526 12.509 0.000 0.000 0.000 0.000 0.000 0.000 0.000 0.000 0.000 0.000 0.000 0.000 0.000 39.413 62.412 74.412 73.411 73.411 74.410 73.409 73.407 73.406 73.405 74.404 67.403 32.402 0.000 0.000 0.000 0.000 0.000 0.000 0.000 0.000 0.000 0.000 0.000 0.000 0.000 0.000 38.429 37.418 55.407 70.395 73.379 67.360 63.334 69.305 60.273 43.243 42.215 51.187 46.160 69.134 73.109 72.086 70.064 70.044 67.024 65.006 61.989 57.973 49.958 69.943
82.928 72.927 78.896 34.836 0.000 1.577 77.598 51.587 12.548 0.000 14.803 0.000 0.000 0.000 0.000 0.000 0.000 0.000 0.000 0.000 0.000 2.411 55.411 67.411 74.411 73.411 73.410 75.409 75.408 73.407 73.406 73.405 72.404 68.404 17.403 0.000 0.000 0.000 0.000 0.000 0.000 0.000 0.000 0.000 0.000 0.000 0.000 0.000 0.393 0.000 26.404 52.398 70.389 71.377 52.360 55.331 57.298 54.257 39.226 36.198 59.169 68.140 72.112 74.087 74.063 75.041 73.021 73.002 73.984 72.967 73.951 73.936 72.922
84.976 76.956 81.926 32.893 0.000 0.000 68.682 16.676 0.000 0.000 46.803 9.803 0.000 0.000 0.000 0.000 0.000 0.000 0.000 0.000 0.000 1.410 58.411 70.410 74.410 73.410 73.409 74.409 74.408 73.407 73.406 74.406 70.405 65.405 15.404 0.000 0.000 0.000 0.000 0.000 0.000 0.000 0.000 0.000 0.000 0.000 0.000 0.000 18.393 20.394 31.396 47.393 69.387 71.380 17.373 0.000 0.000 44.232 38.207 33.181 47.151 66.118 72.089 74.063 74.039 74.017 71.997 71.978 72.961 71.944 71.928 72.914 72.900
77.043 76.997 76.957 74.918 61.884 47.838 40.774 39.759 35.786 38.798 41.803 41.804 13.804 0.000 0.000 0.000 0.000 0.000 19.409 21.409 0.000 11.410 57.410 71.410 73.410 73.409 73.409 73.408 73.408 73.407 73.407 73.406 55.405 50.405 48.405 43.405 7.405 0.000 0.000 0.000 0.000 0.000 0.000 0.000 0.000 0.000 0.000 0.000 22.392 48.392 39.392 43.390 63.386 64.382 37.379 0.000 0.000 0.000 35.188 40.169 39.137 58.092 71.062 72.036 72.013 71.992 71.972 71.953 71.936 71.920 71.905 71.890 71.877
77.084 77.034 76.985 75.939 72.897 74.855 48.817 27.799 65.801 38.805 42.806 18.805 0.000 0.000 0.000 0.000 0.000 0.000 19.409 65.409 14.409 2.409 56.409 70.409 74.409 73.409 75.408 76.408 74.408 73.407 73.407 71.406 64.406 55.405 56.405 55.405 8.405 0.000 0.000 0.000 0.000 0.000 0.000 0.000 0.000 0.000 0.000 0.000 16.392 51.391 43.390 50.389 65.386 60.384 66.382 0.000 0.000 0.000 0.000 0.000 0.000 48.049 71.031 72.008 71.985 71.964 71.945 71.927 71.911 71.895 71.881 71.867 71.853
77.121 77.069 78.010 79.956 76.909 76.868 75.838 76.821 67.815 45.813 17.813 0.000 0.000 0.000 0.000 0.000 0.000 0.000 6.409 58.409 45.409 35.409 51.409 73.409 73.409 73.408 73.408 73.408 73.407 73.407 73.407 73.406 71.406 50.406 54.406 61.405 4.405 0.000 0.000 0.000 0.000 0.000 0.000 0.000 0.000 0.000 0.000 0.000 12.391 63.391 7.390 30.388 53.386 60.385 21.383 0.000 0.000 0.000 0.000 0.000 0.000 2.026 60.003 72.979 71.956 71.935 71.917 71.900 71.884 71.870 71.856 71.842 71.829
80.161 76.111 73.030 74.967 77.916 77.871 79.846 76.832 74.824 61.821 10.820 0.000 0.000 0.000 0.000 0.000 0.000 0.000 0.000 14.409 49.409 41.409 57.409 75.409 73.408 73.408 73.408 73.408 73.407 73.407 73.407 73.406 74.406 63.406 50.406 54.406 60.406 2.406 0.000 0.000 0.000 0.000 0.000 0.000 0.000 0.000 0.000 0.000 0.000 8.391 0.000 0.000 38.386 57.385 0.000 0.000 0.000 0.000 0.000 0.000 0.000 0.000 47.976 68.950 71.924 71.904 71.887 71.871 71.857 71.844 71.830 71.817 71.805
73.209 34.185 0.000 0.000 0.000 69.854 74.844 80.835 76.829 65.826 15.825 0.000 49.830 19.830 0.000 0.000 0.000 0.000 0.000 0.000 41.408 45.408 66.408 74.408 75.408 76.408 73.408 73.407 73.407 73.407 73.407 73.406 73.406 74.406 53.406 35.406 44.406 5.406 0.000 0.000 0.000 0.000 0.000 0.000 0.000 0.000 0.000 0.000 0.000 0.000 0.000 0.000 27.386 60.385 0.000 0.000 0.000 0.000 0.000 0.000 0.000 0.000 0.000 48.919 68.888 71.869 71.855 71.842 71.829 71.817 71.805 71.792 71.780
68.249 25.236 0.000 0.000 44.846 42.846 59.841 78.836 75.832 60.829 41.828 45.829 49.830 15.830 0.000 0.000 0.000 0.000 12.408 0.000 42.408 53.408 73.408 73.408 76.408 76.408 73.408 73.407 73.407 73.407 73.407 73.406 73.406 74.406 70.406 65.406 54.406 34.405 28.405 0.000 0.000 0.000 0.000 0.000 0.000 0.000 0.000 0.000 0.000 0.000 0.000 0.000 29.385 21.385 0.000 0.000 0.000 0.000 0.000 0.000 0.000 0.000 0.000 0.000 53.839 69.831 71.822 71.812 71.801 71.791 71.779 71.767 71.755
74.281 55.274 27.282 0.000 0.000 44.842 44.839 66.836 78.833 56.831 43.830 48.830 26.830 0.000 0.000 0.000 0.000 0.000 41.408 34.408 39.408 56.408 75.408 75.408 76.408 73.408 73.407 73.407 73.407 73.407 73.407 73.406 73.406 73.406 73.406 75.406 64.406 52.405 41.405 42.405 35.405 26.405 31.405 0.000 0.000 0.000 0.000 0.000 0.000 0.000 0.000 0.000 32.385 7.385 0.000 0.000 0.000 0.000 0.000 0.000 0.000 0.000 0.000 0.000 38.798 66.794 70.789 71.782 71.774 71.765 71.754 71.743 71.730
77.305 68.297 21.289 0.000 0.000 0.000 43.837 48.835 75.833 63.832 44.831 47.831 22.831 0.000 0.000 0.000 0.000 0.000 44.408 37.408 40.408 58.408 77.408 76.408 74.408 74.408 73.407 73.407 73.407 73.407 73.407 74.406 74.406 74.406 68.406 59.406 63.406 70.405 63.405 61.405 49.405 36.405 43.405 1.405 0.000 0.000 0.000 0.000 0.000 0.000 0.000 0.000 0.000 0.000 0.000 0.000 0.000 0.000 0.000 0.000 0.000 0.000 0.000 0.000 30.760 61.759 71.757 73.753 73.748 73.740 72.731 71.719 71.706
77.325 52.319 0.000 0.000 0.000 0.000 0.000 50.834 63.833 57.832 56.831 53.831 43.831 21.831 0.000 0.000 0.000 0.000 43.408 36.408 41.408 56.408 68.408 65.408 60.408 62.408 67.407 72.407 74.407 74.407 72.407 62.406 60.406 65.406 54.406 51.406 51.405 62.405 66.405 61.405 47.405 36.405 8.405 0.000 0.000 0.000 0.000 0.000 0.000 0.000 0.000 0.000 0.000 0.000 0.000 0.000 0.000 0.000 0.000 0.000 1.623 0.000 0.000 0.000 18.723 43.726 49.727 51.726 51.723 52.717 61.709 70.697 71.682
76.340 42.336 0.000 0.000 0.000 0.000 0.000 45.833 39.833 38.832 46.832 46.831 46.831 42.831 15.831 0.000 0.000 0.000 48.408 43.408 48.408 58.408 61.408 64.408 22.408 0.000 0.000 13.407 74.407 71.407 60.407 15.406 0.000 0.000 53.406 85.405 78.405 57.405 63.405 57.405 46.405 31.405 34.405 0.000 0.000 0.000 0.000 0.000 0.000 0.000 0.000 0.000 0.000 0.000 0.000 0.000 0.000 0.000 14.623 4.623 22.623 43.628 54.638 53.655 71.683 79.695 80.700 78.702 80.701 67.697 50.691 68.679 71.661
74.352 39.349 0.000 0.000 0.000 0.000 0.000 45.833 41.833 20.832 0.000 0.000 0.831 0.000 0.000 0.000 0.000 0.000 54.408 48.408 43.408 39.408 25.408 0.000 0.000 0.000 0.000 0.000 0.000 0.000 47.406 9.406 0.000 0.000 0.000 48.405 81.405 41.405 42.405 41.405 37.405 40.405 87.405 46.405 0.000 0.000 5.404 0.000 0.000 0.000 0.000 0.000 0.000 0.000 0.000 0.000 13.595 4.595 0.000 0.000 8.618 90.623 86.632 68.644 69.659 66.670 67.676 89.680 82.681 68.681 48.678 57.668 56.644
60.361 41.359 35.362 0.000 0.000 0.000 0.000 0.000 43.833 27.833 0.000 0.000 0.000 0.000 0.000 0.000 0.000 0.000 54.408 54.408 55.408 38.408 13.408 0.000 0.000 0.000 0.000 0.000 0.000 0.000 43.406 20.406 0.000 0.000 0.000 47.405 96.405 60.405 63.405 58.405 43.405 61.405 115.405 112.405 43.405 0.405 27.404 24.404 0.000 0.000 0.000 0.000 0.000 0.000 0.000 0.000 3.595 21.595 11.597 9.600 18.608 93.614 60.621 68.630 59.640 40.648 51.655 94.660 60.664 47.667 54.671 8.669 0.000
44.367 44.365 30.365 0.000 0.000 0.000 0.000 0.000 0.000 0.000 0.000 0.000 0.000 0.000 0.000 0.000 0.000 0.000 57.408 48.408 42.408 40.408 14.408 0.000 0.000 0.000 0.000 0.000 0.000 40.406 33.406 58.406 54.406 0.000 6.405 53.405 59.405 51.405 94.405 83.405 54.405 7.405 71.405 126.405 10.405 0.000 5.404 0.000 0.000 0.000 0.000 0.000 22.594 19.594 14.594 3.594 72.594 110.594 101.594 97.596 44.600 88.604 56.609 45.616 92.622 73.629 93.635 74.641 44.646 52.651 0.000 0.000 0.000
47.371 48.369 40.368 0.000 0.000 0.000 0.000 0.000 0.000 0.000 0.000 0.000 0.000 0.000 0.000 0.000 0.000 0.000 11.408 52.408 42.408 20.408 0.000 0.000 0.000 0.000 0.000 0.000 0.000 42.406 39.406 15.406 0.000 0.000 0.000 27.405 6.405 0.000 7.405 49.405 5.405 0.000 27.405 93.405 48.405 0.405 0.000 0.000 0.000 0.000 0.000 0.000 0.000 4.594 0.000 0.000 28.593 8.593 72.591 76.591 27.592 88.593 65.596 38.600 56.605 106.610 120.616 54.623 42.630 9.641 0.000 0.000 18.441
46.374 47.372 47.371 51.371 43.371 0.000 0.000 0.000 0.000 0.000 0.000 0.000 0.000 0.000 0.000 0.000 0.000 0.000 0.000 42.408 38.408 22.408 0.000 0.000 0.000 0.000 0.000 0.000 43.406 40.406 17.406 0.000 0.000 0.000 0.000 1.405 0.000 0.000 0.000 53.405 2.405 0.000 27.405 0.000 0.000 0.000 0.000 0.000 0.000 0.000 0.000 0.000 0.000 13.593 7.593 9.593 2.593 0.000 48.585 67.584 26.583 90.582 70.582 40.584 89.587 92.591 87.597 95.603 59.610 0.000 0.000 1.407 32.420
48.376 26.373 37.372 46.371 46.371 46.371 45.371 0.000 0.000 0.000 0.000 0.000 0.000 0.000 0.000 0.000 0.000 0.000 0.000 44.408 40.408 24.408 0.000 0.000 0.000 0.000 0.000 0.000 0.000 46.406 18.406 0.000 0.000 0.000 0.000 0.000 0.000 5.405 17.405 40.405 44.405 21.405 0.000 0.000 0.000 0.000 0.000 0.000 0.000 0.000 0.000 0.000 0.000 2.593 0.593 6.593 0.000 0.000 51.580 71.578 31.574 91.568 76.566 90.566 90.568 49.571 42.576 87.584 36.597 0.000 0.382 33.393 41.400
53.379 0.000 0.000 43.371 32.371 0.000 45.371 35.371 0.000 0.000 0.000 0.000 0.000 0.000 0.000 0.000 0.000 0.000 0.000 43.408 40.408 28.408 0.000 0.000 0.000 0.000 0.000 0.000 0.000 0.000 0.000 0.000 0.000 0.000 0.000 0.000 0.000 0.000 56.405 73.405 34.405 0.000 0.000 0.000 0.000 0.000 0.000 0.000 0.000 0.000 0.000 0.000 0.000 0.000 0.000 11.593 0.000 0.000 86.577 72.574 33.566 91.552 88.547 80.546 72.547 58.550 59.554 28.558 0.000 0.000 17.370 36.377 43.381
50.381 0.000 0.000 30.371 22.371 0.000 0.000 0.000 0.000 54.382 50.382 41.382 0.000 0.000 0.000 0.000 0.000 0.000 0.000 47.408 43.408 25.408 0.000 0.000 0.000 0.000 0.000 0.000 0.000 0.000 0.000 0.000 0.000 0.000 0.000 0.000 0.000 0.000 19.405 103.405 69.405 0.405 0.000 0.000 0.000 0.000 0.000 0.000 0.000 0.000 0.000 0.000 0.000 0.000 0.000 0.000 0.000 0.000 18.577 0.000 0.000 65.526 106.524 85.524 84.525 82.527 85.531 33.537 0.000 0.000 21.362 35.364 36.365
66.382 0.000 0.000 0.000 0.000 52.383 39.383 0.000 50.382 44.382 44.382 36.382 0.000 0.000 0.000 0.000 0.000 0.000 0.000 47.407 42.407 30.408 0.000 0.000 0.000 0.000 0.000 0.000 0.000 0.000 0.000 0.000 0.000 0.000 0.000 0.000 0.000 0.000 0.000 47.405 39.405 10.405 0.000 0.000 0.000 0.000 0.000 0.000 0.000 0.000 0.000 0.000 0.000 0.000 0.000 0.000 0.000 0.000 0.000 0.000 0.000 12.501 48.501 49.501 47.501 47.502 44.507 40.522 0.000 0.000 14.352 35.351 33.350
77.383 66.383 48.383 49.383 48.383 42.383 43.383 44.382 42.382 47.382 46.382 37.382 34.382 0.000 0.000 0.000 0.000 0.000 0.000 34.407 0.000 0.000 0.000 0.000 0.000 0.000 0.000 0.000 0.000 0.000 0.000 0.000 0.000 0.000 0.000 0.000 0.000 0.000 0.000 0.405 46.405 9.405 0.000 0.000 0.000 0.000 0.000 0.000 0.000 0.000 0.000 0.000 0.000 0.000 0.000 0.000 0.000 0.000 0.000 0.000 0.000 3.477 36.477 35.477 35.476 51.474 46.472 0.000 0.000 0.000 7.343 48.340 60.336
77.383 71.383 41.383 41.383 41.383 24.383 25.383 29.382 39.382 48.382 45.382 37.382 40.382 29.382 0.000 0.000 0.000 0.000 0.000 0.000 0.000 0.000 0.000 0.000 0.000 0.000 0.000 0.000 0.000 0.000 0.000 0.000 0.000 0.000 0.000 0.000 0.000 0.000 0.000 0.000 3.405 49.405 8.405 0.000 0.000 0.000 0.000 0.000 0.000 0.000 0.000 0.000 0.000 0.000 0.000 0.000 0.000 0.000 0.000 0.000 28.442 31.452 35.455 35.454 37.451 56.445 46.435 29.412 0.000 0.000 43.335 64.331 71.324
77.383 75.383 45.383 42.383 22.383 0.000 0.000 0.000 0.000 39.382 42.382 40.382 33.382 0.000 0.000 0.000 0.000 0.000 0.000 0.000 0.000 0.000 0.000 0.000 0.000 0.000 0.000 0.000 0.000 0.000 0.000 0.000 0.000 0.000 0.000 0.000 0.000 0.000 0.000 0.000 1.405 52.405 14.405 0.000 0.000 0.000 0.000 0.000 0.000 0.000 0.000 0.000 0.000 0.000 0.000 0.000 0.000 0.000 0.000 0.422 39.431 36.435 35.436 31.434 44.429 61.422 45.409 34.390 29.365 29.346 53.333 70.323 71.314
77.383 75.383 28.383 32.383 0.000 0.000 0.000 0.000 0.000 0.000 30.382 43.382 35.382 0.000 0.000 0.000 0.000 0.000 0.000 0.000 0.000 0.000 0.000 0.000 0.000 0.000 0.000 0.000 0.000 0.000 0.000 0.000 0.000 0.000 0.000 0.000 0.000 0.000 0.000 0.000 0.000 1.405 20.405 0.000 0.000 0.000 0.000 0.000 0.000 0.000 0.000 0.000 8.400 16.400 0.000 0.000 0.000 0.000 0.000 33.413 31.418 30.420 35.420 49.417 62.411 52.402 36.391 34.375 36.357 33.341 54.327 72.315 71.303
77.383 51.383 0.000 0.000 0.000 0.000 0.000 0.000 0.000 0.000 0.000 33.382 40.382 38.382 0.000 0.000 0.000 0.000 0.000 0.000 0.000 0.000 0.000 0.000 0.000 0.000 0.000 0.000 0.000 0.000 0.000 0.000 0.000 0.000 0.000 0.000 0.000 0.000 0.000 0.000 0.000 0.000 0.000 0.000 0.000 0.000 0.000 0.000 0.000 0.000 0.000 0.000 0.000 9.400 11.400 0.000 38.401 30.401 28.403 40.406 54.408 59.408 61.406 61.402 47.395 35.387 34.376 34.362 33.348 35.333 58.320 73.307 71.294
