results4_8e4_rain/res_4e8f-0223.wd
ncols         241
nrows         181
xllcorner     12693529.787448
yllcorner     3542525.717860
cellsize      155.156523
NODATA_value  -9999.000000
[rows 66 to 98 of 181, columns 73 to 145 of 241]
71.938 35.924 0.000 61.086 78.062 77.029 77.000 0.000 48.392 48.376 61.389 57.399 56.379 56.332 55.263 131.162 118.989 0.000 0.000 0.000 51.701 46.637 51.541 54.478 54.425 56.375 57.327 62.268 63.215 64.170 55.138 0.000 0.000 52.435 102.435 84.349 88.215 88.305 86.359 94.277 86.770 87.250 87.990 86.763 86.542 87.338 57.183 0.000 0.000 0.000 0.000 0.000 0.000 0.000 43.722 41.697 41.656 41.601 41.534 41.464 45.390 58.311 55.233 40.157 51.083 60.009 38.936 41.863 47.791 52.720 48.649 42.580 40.512
56.941 62.909 0.743 49.316 73.271 72.240 66.242 19.328 0.000 0.000 54.468 67.548 56.548 55.517 56.472 37.430 0.000 0.000 0.000 0.000 0.000 0.000 62.473 60.446 58.412 41.369 44.320 51.264 52.223 57.191 48.165 0.000 0.000 0.000 62.677 80.586 87.524 87.617 94.703 94.497 86.842 87.531 87.242 87.032 86.822 81.635 39.503 0.000 3.690 36.690 0.000 0.000 0.000 49.804 44.768 41.733 41.689 41.635 41.574 41.507 41.435 41.361 48.286 62.212 63.138 46.065 39.992 40.920 41.849 45.779 44.710 40.641 40.574
58.956 57.887 62.757 60.562 74.468 67.418 68.400 65.414 0.000 0.000 0.000 69.777 64.750 59.714 61.680 8.656 0.000 0.000 0.000 0.000 0.000 0.000 61.431 57.420 48.408 0.000 0.000 49.243 61.223 60.207 0.000 0.000 8.385 65.264 57.011 60.833 67.911 82.972 94.894 86.578 88.135 87.699 87.511 87.294 85.081 67.877 46.690 52.690 50.690 31.690 0.000 0.000 0.000 7.841 58.813 40.776 41.731 45.678 53.619 43.553 41.484 40.412 44.339 59.265 66.192 58.119 44.048 38.977 40.907 40.838 40.769 40.702 39.634
59.002 56.926 60.825 71.707 65.621 58.563 77.527 66.514 18.531 0.000 12.183 62.034 77.959 72.910 72.876 75.858 0.000 0.000 0.000 0.000 7.383 7.388 59.400 50.398 53.391 0.000 0.000 0.000 97.219 124.206 39.190 0.000 64.505 59.400 59.238 59.144 55.227 95.246 95.075 87.624 91.230 87.977 87.769 87.555 79.329 32.103 0.000 54.690 32.690 0.000 0.000 0.000 46.948 45.905 44.868 40.828 44.782 56.729 61.669 59.604 52.536 42.465 51.392 59.319 38.246 44.174 57.102 54.032 49.964 57.896 38.828 40.761 38.694
57.063 62.992 72.909 64.822 56.746 56.684 69.633 77.584 73.548 76.474 78.331 73.218 68.142 70.090 59.058 58.041 0.000 0.000 0.000 8.376 64.378 63.380 51.383 53.379 54.368 58.348 57.334 0.000 8.226 2.210 1.159 10.909 70.729 63.595 58.432 59.522 57.567 95.402 57.238 64.829 79.426 87.247 88.034 85.828 44.579 0.000 0.000 0.000 0.000 0.000 0.000 48.018 41.992 41.961 41.927 42.886 52.839 61.785 60.725 60.659 56.590 52.518 62.445 45.372 40.299 41.227 41.156 51.087 64.019 50.953 38.887 39.821 45.754
63.134 74.068 63.997 56.924 57.857 57.796 59.734 43.641 69.605 67.541 59.451 56.365 55.299 71.253 73.223 60.208 0.000 0.000 0.000 64.373 60.373 57.373 50.372 54.366 54.356 54.340 54.321 13.289 16.250 17.220 19.172 87.044 83.911 72.779 71.733 60.730 95.678 95.546 59.290 65.939 60.716 67.520 86.293 61.144 0.000 0.000 0.000 0.000 0.000 0.000 0.000 48.044 42.040 42.022 41.991 42.952 51.903 61.847 60.785 59.718 56.647 61.574 55.499 39.424 41.350 41.278 41.208 51.140 59.074 38.010 40.947 43.882 62.814
74.210 64.150 57.086 58.022 57.962 58.908 39.868 0.000 26.688 54.636 57.565 57.493 57.438 55.398 79.373 63.360 0.000 0.000 0.000 41.371 58.369 52.367 53.364 54.359 54.350 54.337 54.320 65.296 5.264 9.247 26.258 79.187 89.084 10.972 92.893 83.084 95.795 57.859 71.503 68.148 58.019 54.824 51.476 36.310 0.000 0.000 43.618 0.000 0.000 0.000 0.000 44.073 42.102 42.094 42.066 42.025 42.975 48.916 56.851 56.781 56.706 60.630 38.553 41.476 41.401 40.328 46.257 63.190 46.127 40.066 43.008 23.948 24.865
64.291 57.235 58.176 58.117 58.059 61.007 16.962 14.926 7.823 52.750 57.679 59.605 57.560 56.529 74.509 70.500 0.000 0.000 0.000 0.000 49.364 52.362 54.359 54.355 54.347 54.338 56.325 42.311 0.000 0.000 76.425 79.360 90.269 96.140 90.243 88.281 95.894 78.906 81.609 66.452 59.358 52.284 0.000 0.000 0.000 0.000 41.618 0.000 0.000 0.000 0.000 0.161 45.202 42.185 42.153 42.109 42.054 41.992 41.922 48.847 56.768 44.687 41.606 41.526 41.449 44.374 57.304 57.237 39.176 41.120 44.071 11.036 0.000
57.377 58.323 58.266 58.209 58.152 58.098 62.046 62.994 62.927 58.863 58.795 38.690 55.668 56.649 72.635 71.631 0.000 0.000 0.000 0.000 48.360 54.359 54.357 54.353 54.348 54.341 42.333 0.000 0.000 4.790 81.657 87.561 90.461 90.408 89.486 96.028 88.386 91.103 85.792 70.734 60.674 59.670 59.804 0.000 0.000 0.000 38.619 45.619 38.618 0.000 0.000 0.000 60.320 41.293 42.252 42.202 42.142 43.074 41.998 41.917 41.832 41.745 41.659 41.575 40.494 46.418 61.346 38.280 41.220 41.166 43.120 18.090 0.000
58.466 58.413 58.357 58.301 58.243 58.186 58.130 58.077 58.027 57.982 61.948 0.000 48.775 57.762 73.752 68.758 4.805 0.000 0.000 0.000 53.358 56.357 56.355 56.352 54.349 57.346 0.000 0.000 0.000 73.923 79.851 90.766 90.648 90.757 88.806 96.232 89.517 94.161 90.053 90.987 78.938 66.919 55.939 50.939 52.939 0.000 0.000 44.619 39.618 45.612 46.597 44.558 50.466 60.412 42.362 43.305 52.239 59.164 41.080 41.990 41.897 41.802 41.709 40.619 45.534 64.456 58.383 47.317 40.257 41.203 43.155 58.112 76.066
58.558 58.505 58.450 58.393 58.334 58.272 58.212 61.158 59.122 58.090 62.066 0.000 48.895 57.873 74.852 66.844 6.851 0.000 0.000 0.000 26.357 36.356 35.354 35.352 56.350 41.348 0.000 0.000 0.000 76.128 86.062 90.974 90.933 90.037 96.851 96.559 90.579 91.423 90.281 90.225 91.171 82.128 47.092 0.000 0.000 0.000 0.000 42.620 42.622 39.622 41.620 42.612 41.573 48.528 62.477 45.416 43.345 53.263 41.169 42.068 41.962 41.857 41.755 41.659 49.569 62.488 49.414 61.347 39.288 40.234 45.185 66.139 78.091
58.652 58.599 58.545 58.488 58.426 61.356 63.288 35.220 56.213 59.189 61.161 21.135 52.038 56.981 68.940 66.915 7.906 0.000 0.000 0.000 0.000 0.000 2.353 2.352 37.351 0.000 0.000 0.000 24.565 74.399 91.293 91.175 91.292 89.379 97.117 89.160 94.868 90.564 90.519 90.453 90.394 80.329 41.211 0.000 0.000 0.000 0.000 0.000 45.628 46.633 33.650 41.697 42.686 42.651 46.602 62.539 45.463 42.372 42.266 42.149 42.028 41.910 39.797 45.692 64.596 45.511 44.437 58.371 42.313 40.261 47.213 73.167 78.122
58.748 58.695 58.642 58.588 60.528 36.439 38.364 0.000 18.322 54.292 58.253 62.207 58.139 61.075 66.011 70.970 9.951 0.000 0.000 0.000 0.000 3.353 55.353 62.352 0.000 0.000 0.000 7.848 83.730 85.611 91.506 91.463 90.583 97.597 97.365 90.219 90.935 90.808 90.740 90.677 89.623 69.584 0.000 0.000 0.000 0.000 0.000 0.000 0.000 37.633 0.000 48.839 45.823 41.789 41.739 43.675 60.595 49.496 41.375 42.234 42.091 40.956 45.830 47.715 46.612 43.525 41.451 41.388 41.333 42.283 55.238 77.196 78.155
58.844 58.791 58.741 58.695 63.656 1.641 0.000 24.551 16.462 50.404 59.353 57.300 59.238 71.167 43.061 37.002 1.976 0.000 0.000 0.000 0.000 53.353 59.352 61.352 0.000 0.000 0.000 70.966 75.897 89.810 91.694 91.825 89.921 97.810 89.713 91.391 91.087 91.029 90.955 90.892 82.838 59.800 0.000 0.000 0.000 0.000 0.000 0.000 0.000 0.000 0.000 52.998 47.978 41.942 39.891 42.827 42.746 58.642 51.503 42.320 43.147 40.993 47.854 47.727 44.613 38.525 41.455 41.396 43.346 57.301 76.261 78.224 81.190
59.936 57.884 57.836 57.793 60.760 30.746 27.721 59.641 64.569 58.510 56.456 63.402 73.345 76.293 0.225 0.000 0.000 0.000 0.000 0.000 0.000 21.352 28.352 30.352 0.000 0.000 0.000 73.151 81.087 90.999 91.992 91.030 98.204 98.013 90.742 91.448 91.312 91.235 91.163 91.097 73.035 54.979 0.000 0.000 0.000 0.000 0.000 0.000 0.000 0.000 0.000 51.176 49.151 49.110 46.058 38.995 40.919 41.822 57.678 57.394 54.185 51.014 43.865 42.726 39.587 40.507 41.447 45.397 65.353 77.315 77.280 78.249 77.222
74.025 72.972 71.925 69.882 66.846 67.814 67.777 64.721 65.664 67.611 67.559 73.506 75.447 33.370 0.000 0.000 0.000 0.000 0.000 0.000 0.000 0.000 0.000 0.000 0.000 11.659 19.580 74.401 91.293 92.203 92.153 91.381 98.382 90.213 91.890 91.580 91.516 91.436 91.366 89.299 71.226 42.102 0.000 0.000 0.000 0.000 0.000 0.000 0.000 0.000 0.000 41.379 45.339 48.288 49.234 48.176 45.115 41.050 34.991 0.000 0.000 0.000 0.000 0.000 43.502 41.468 44.429 65.391 78.356 77.324 78.295 81.270 77.248
70.108 72.056 71.008 72.965 74.926 73.889 72.849 70.804 68.756 68.709 69.662 65.614 65.569 0.000 0.000 0.000 0.000 0.000 0.000 0.000 0.000 0.000 0.000 0.000 0.000 60.737 83.681 82.579 91.485 92.374 92.501 90.604 98.548 92.305 91.912 91.789 91.707 91.631 91.564 87.507 67.466 0.000 0.000 0.000 0.000 0.000 0.000 0.000 0.000 0.000 48.769 43.622 40.537 42.471 47.414 49.361 49.313 50.272 41.245 0.000 0.000 0.000 0.000 0.000 44.451 42.435 58.410 79.383 77.356 77.330 77.307 78.286 77.269
58.186 58.135 59.088 66.045 75.004 80.966 68.928 62.888 57.848 55.808 54.767 60.721 39.645 0.000 0.000 0.000 0.000 0.000 0.000 0.000 0.000 0.000 0.000 0.000 0.000 66.873 82.827 90.751 92.664 92.632 91.761 98.842 98.701 94.321 92.128 91.969 91.893 91.817 91.751 86.698 61.667 0.000 0.000 0.000 0.000 0.000 0.000 0.000 0.000 49.039 43.916 43.803 43.716 42.646 39.589 44.542 48.505 49.480 46.472 0.000 0.000 0.000 0.000 47.407 41.416 45.409 73.394 77.375 77.354 77.334 77.315 77.299 77.286
57.260 57.209 61.163 66.121 68.081 71.044 61.007 56.972 57.938 57.907 59.879 37.857 0.000 0.000 0.000 0.000 0.000 0.000 0.000 0.000 0.000 0.000 0.000 0.000 0.000 53.054 82.002 91.932 92.830 92.959 91.069 98.972 91.865 93.541 92.222 92.158 92.071 91.994 91.925 82.869 55.835 0.000 0.000 0.000 0.000 0.000 0.000 0.000 48.274 44.162 44.055 43.958 43.876 43.809 43.755 40.712 39.683 42.672 49.691 49.779 0.000 0.000 0.000 41.397 42.398 60.392 77.382 76.368 76.352 77.337 77.322 77.309 77.299
57.328 57.280 59.235 60.194 58.155 57.120 58.086 57.055 57.027 57.003 61.983 6.972 0.000 0.000 0.000 0.000 0.000 0.000 0.000 0.000 0.000 0.000 0.000 0.000 4.423 61.288 90.198 93.114 93.084 92.214 99.208 99.094 94.862 92.564 92.420 92.331 92.244 92.162 93.085 73.017 60.970 0.000 0.000 47.876 0.000 47.646 49.603 49.519 44.387 44.279 44.183 44.097 44.022 43.959 43.908 43.869 42.843 39.833 48.842 49.867 42.867 0.000 0.000 49.387 41.386 49.381 55.372 58.362 62.350 68.338 74.327 76.317 76.308
58.393 58.347 58.304 58.264 58.227 57.194 57.163 57.135 57.112 56.093 64.080 15.075 0.000 0.000 0.000 0.000 0.000 0.000 0.000 0.000 0.000 0.000 0.000 0.000 45.558 81.475 92.389 93.279 93.419 91.511 99.311 92.311 93.986 92.671 92.597 92.502 92.413 92.325 93.237 65.145 43.057 0.000 0.000 43.876 0.000 42.690 44.643 44.568 44.475 44.385 44.301 44.224 44.156 44.098 44.050 44.013 41.988 43.976 49.975 46.981 0.000 0.000 0.000 48.379 47.377 46.372 45.366 44.357 43.348 47.339 58.330 54.322 56.316
56.454 56.410 56.369 56.331 56.296 56.265 56.236 57.211 59.192 61.178 36.171 3.172 0.000 0.000 0.000 0.000 0.000 0.000 0.000 3.794 12.786 0.000 0.000 15.917 56.776 87.669 93.566 93.555 92.582 99.490 99.405 95.300 93.007 92.858 92.766 92.672 92.579 92.487 88.392 35.269 0.000 0.000 0.000 43.876 49.857 44.781 44.710 44.636 44.560 44.484 44.411 44.343 44.281 44.226 44.181 44.146 41.121 50.106 50.101 46.102 0.000 0.000 0.000 47.373 46.370 47.366 47.361 47.354 47.347 47.339 46.332 46.326 45.321
57.511 57.470 60.431 64.395 67.362 71.332 73.306 76.283 75.266 67.255 5.254 16.269 40.323 8.347 0.000 0.000 0.000 0.000 0.000 43.803 70.778 10.738 0.000 50.059 82.959 92.850 93.750 93.680 92.903 99.564 91.735 93.422 93.106 93.031 92.934 92.840 92.745 93.651 80.577 0.000 0.000 0.000 0.000 23.895 43.915 44.865 46.781 46.705 44.644 44.582 44.518 44.455 44.397 44.346 44.302 41.268 46.242 49.227 50.221 41.223 0.000 0.000 0.000 31.369 52.365 52.361 49.357 46.351 46.345 47.340 48.334 48.329 47.325
59.565 58.526 65.490 74.456 75.425 74.396 73.371 72.349 69.333 63.322 38.320 55.329 73.352 42.371 26.390 2.399 0.000 0.000 14.875 53.836 67.784 6.698 25.535 67.300 92.151 95.034 93.874 94.086 92.062 99.626 93.719 93.434 93.286 93.195 93.102 93.008 92.909 94.797 38.687 0.000 0.000 0.000 0.000 0.000 40.040 45.986 26.842 26.759 43.730 44.681 44.622 44.563 44.507 44.457 43.414 41.380 50.354 50.338 47.334 41.346 47.395 0.000 0.000 0.000 63.360 78.357 71.353 67.349 63.344 59.339 62.335 62.331 45.328
59.616 59.581 62.547 65.515 64.485 62.457 60.433 58.411 56.394 56.381 65.375 67.376 64.384 61.394 65.402 13.407 0.000 0.000 54.914 84.882 35.824 31.736 65.608 89.453 94.320 94.175 94.292 92.246 99.709 92.122 93.836 93.523 93.452 93.359 93.270 93.182 96.086 52.942 0.000 0.000 0.000 0.000 0.000 0.000 42.220 47.197 0.000 0.000 40.838 44.789 44.728 44.667 44.611 44.561 41.519 49.484 50.457 49.439 40.430 44.432 44.444 0.000 0.000 0.000 31.358 61.355 79.351 78.346 78.343 78.339 78.336 72.333 62.330
59.666 59.633 59.602 58.571 58.543 59.516 59.491 59.469 57.450 58.434 63.423 66.417 62.416 57.417 60.419 15.419 0.000 0.000 46.986 56.953 34.895 67.813 82.708 91.587 94.469 94.400 93.497 100.076 99.847 93.111 93.839 93.697 93.609 93.522 93.438 93.363 96.312 0.000 0.000 11.676 20.676 0.000 0.000 43.517 46.422 45.386 52.406 1.312 40.993 44.911 44.833 44.766 44.708 42.658 44.615 50.579 50.551 42.529 43.515 44.507 44.505 0.000 0.000 0.000 0.000 0.000 61.347 77.344 77.341 77.338 77.336 78.334 78.332
59.715 59.685 59.655 59.626 59.598 59.572 59.547 58.524 57.502 61.482 65.465 65.453 60.445 56.440 61.436 14.432 0.000 0.000 43.091 12.050 58.989 82.913 88.821 94.726 94.575 94.783 92.772 100.282 92.528 94.239 93.926 93.857 93.766 93.680 93.597 100.520 84.487 0.000 7.676 57.676 43.676 0.000 0.000 38.612 46.566 45.517 45.464 51.356 49.169 48.028 44.928 44.855 44.797 41.748 49.704 50.668 46.637 41.613 44.594 44.577 46.564 50.576 0.000 0.000 0.000 0.000 0.000 74.341 77.339 77.338 77.336 78.334 76.333
59.765 59.737 59.708 59.680 59.653 59.627 58.601 57.577 59.552 63.528 66.503 62.484 57.470 56.461 59.454 41.441 28.411 29.350 25.236 26.166 66.100 87.027 92.948 94.836 94.974 92.963 100.641 100.469 93.531 94.244 94.098 94.008 93.920 93.836 98.750 41.633 56.628 26.665 57.675 65.677 0.000 0.000 0.000 37.753 46.713 45.654 45.575 55.460 66.298 40.107 49.993 45.931 42.879 44.831 50.788 49.750 40.718 43.692 44.669 44.645 31.599 32.587 0.000 0.000 0.000 0.000 0.000 55.339 76.338 77.337 77.336 81.335 77.334
59.816 59.788 59.761 59.733 59.706 59.680 57.655 57.629 61.603 68.573 69.537 65.509 60.492 58.482 58.477 60.467 60.444 69.401 10.338 44.278 82.217 89.150 95.077 95.042 94.172 100.949 100.800 93.884 94.664 94.326 94.253 94.158 94.071 93.993 101.934 0.000 39.729 41.692 31.682 33.680 0.000 0.000 0.221 40.934 46.881 45.809 51.722 67.613 44.455 0.000 31.009 43.996 41.956 49.910 50.865 46.826 43.793 44.767 44.747 46.733 0.000 0.000 0.000 0.000 0.000 0.000 47.338 28.338 67.337 77.336 77.335 82.335 77.334
59.868 59.840 59.813 59.786 59.759 58.733 57.708 59.683 66.657 43.623 19.562 18.525 15.505 45.497 62.505 57.505 60.495 41.474 3.437 49.392 87.339 93.286 95.172 95.413 93.435 101.086 94.215 94.991 94.560 94.500 94.395 94.301 94.212 95.130 93.059 15.004 14.866 0.000 0.000 0.000 0.000 0.000 40.312 48.165 46.066 44.979 64.892 68.813 0.000 0.000 1.127 40.087 46.039 50.987 50.938 40.895 44.861 44.835 44.818 47.808 0.000 0.000 0.000 0.000 0.000 0.000 26.338 0.000 55.336 77.336 77.335 83.335 77.334
59.919 59.891 59.864 59.838 58.811 57.786 59.761 62.738 70.718 29.702 0.000 0.000 0.000 0.000 44.543 59.551 60.559 46.561 48.545 74.513 91.472 95.395 95.567 93.586 101.328 101.212 95.193 94.887 94.737 94.634 94.535 94.440 94.347 97.256 82.169 11.086 0.000 0.000 0.000 0.000 0.000 1.673 40.463 47.347 46.242 44.147 72.055 32.934 0.000 0.000 46.308 51.209 51.128 51.060 49.003 43.957 44.922 44.896 44.880 46.874 0.000 50.967 2.967 0.000 0.000 0.000 0.000 0.000 48.335 77.335 77.335 77.335 77.334
59.969 59.942 59.916 59.889 58.863 57.837 61.813 65.791 69.774 27.765 0.000 0.000 0.000 0.000 24.571 67.599 62.629 68.665 81.668 90.646 94.606 95.611 94.760 101.533 101.434 94.527 95.301 94.957 94.873 94.768 94.671 94.576 98.481 61.378 33.273 0.000 0.000 0.000 0.000 0.000 2.951 42.829 47.655 46.518 48.406 45.314 69.246 0.000 0.000 41.624 48.453 64.312 53.204 50.121 46.058 44.009 43.972 44.947 44.933 44.933 49.957 45.967 36.967 0.000 0.000 0.000 44.335 46.335 45.335 77.335 77.335 77.334 77.334
60.019 59.993 59.967 59.941 57.914 59.887 65.862 66.839 64.823 51.818 12.835 0.000 0.000 0.000 0.000 20.646 16.693 56.803 87.817 91.796 95.735 95.903 94.026 101.622 93.836 95.614 95.178 95.112 96.999 95.898 94.803 94.714 100.623 23.501 0.000 0.000 0.000 0.000 0.000 24.178 63.073 62.955 50.812 47.663 58.550 53.456 54.370 15.284 3.110 39.796 44.567 55.383 51.255 55.164 49.098 52.048 51.011 47.986 44.972 43.968 43.973 49.976 0.000 0.000 0.000 0.000 41.335 41.335 51.335 77.335 77.334 77.334 77.334
