results4_8e4_rain/res_4e8f-0027.wd
ncols         241
nrows         181
xllcorner     12693529.787448
yllcorner     3542525.717860
cellsize      155.156523
NODATA_value  -9999.000000
[rows 33 to 65 of 181, columns 75 to 149 of 241]
0.000 0.000 0.000 0.000 0.000 0.000 0.000 0.000 0.000 0.000 0.000 0.000 0.000 0.000 0.000 0.000 0.000 0.000 0.000 0.000 0.000 0.000 0.000 0.000 0.000 0.000 0.000 0.000 0.000 0.000 0.000 0.000 0.000 0.000 0.000 0.000 0.000 26.754 49.755 54.757 10.758 0.000 0.000 19.855 33.877 0.865 0.000 23.949 26.964 20.977 21.985 22.989 22.987 22.980 22.968 21.954 27.938 47.926 0.000 2.359 0.173 35.011 51.773 56.486 55.197 55.933 54.594 56.797 51.956 51.558 51.748 54.123 53.450 53.295 54.056
0.000 0.000 0.000 0.000 0.000 0.000 0.000 0.000 0.000 0.000 0.000 0.000 0.000 0.000 0.000 0.000 0.000 0.000 0.000 0.000 0.000 0.000 0.000 0.000 0.000 0.000 0.000 0.000 0.000 0.000 0.000 0.000 0.000 0.000 0.000 0.000 0.000 0.000 1.754 0.000 0.000 0.000 0.000 0.000 15.931 0.000 0.000 13.978 38.007 37.022 27.032 23.035 23.032 23.023 23.007 21.988 43.967 41.946 0.000 25.364 38.067 51.531 56.159 55.827 55.531 55.163 56.341 52.463 51.768 52.222 54.631 53.968 53.821 53.585 54.368
0.000 0.000 0.000 0.000 0.000 0.000 0.000 0.000 0.000 0.000 0.000 0.000 0.000 0.000 0.000 0.000 14.338 46.338 0.000 0.000 0.000 0.000 0.000 0.000 0.000 0.000 0.000 0.000 0.000 0.000 0.000 0.000 0.000 0.000 0.000 0.000 0.000 0.000 0.000 0.000 0.000 0.000 0.000 0.000 7.986 0.000 0.000 0.000 16.065 34.074 34.084 25.089 23.085 23.072 21.051 37.024 45.996 0.000 11.015 35.668 50.306 56.886 56.501 56.162 55.757 57.902 53.989 52.099 52.707 55.136 54.479 54.340 54.105 53.886 53.669
0.000 0.000 0.000 0.000 0.000 0.000 0.000 0.000 0.000 1.321 39.321 0.000 0.000 0.000 0.000 0.000 21.338 72.339 28.339 0.000 0.000 0.000 0.000 0.000 0.000 0.000 0.000 0.000 0.000 0.000 0.000 0.000 0.000 0.000 0.000 0.000 0.000 0.000 0.000 0.000 0.000 0.000 0.000 0.000 11.041 12.073 19.096 5.111 15.113 23.127 36.142 27.151 23.147 20.130 31.101 41.061 29.997 5.780 35.363 52.985 57.603 57.203 56.828 56.383 56.489 55.540 52.544 53.214 55.653 54.999 54.861 54.627 54.405 54.181 53.961
0.000 0.000 0.000 0.000 0.000 0.000 0.000 0.000 0.000 22.321 57.322 46.324 33.325 0.000 0.000 6.340 60.340 68.340 33.340 0.000 0.000 0.000 0.000 9.945 0.000 0.000 0.000 0.000 0.000 0.000 0.000 0.000 0.000 0.000 0.000 0.000 0.000 0.000 0.000 0.000 16.045 0.000 0.000 27.065 42.065 45.083 43.104 29.126 23.149 22.177 36.208 27.227 19.225 33.199 47.161 35.124 23.151 37.982 42.670 55.308 57.915 57.524 57.045 57.107 55.125 53.103 53.749 56.191 55.537 55.399 55.161 54.932 54.701 54.473 54.247
0.000 0.000 0.000 0.000 0.000 0.000 0.000 0.000 0.000 0.000 55.323 38.325 19.327 0.000 2.339 52.340 63.341 70.342 29.343 0.000 0.000 0.000 0.000 47.945 31.946 0.000 0.000 0.000 0.000 0.000 0.000 0.000 0.000 0.000 11.023 23.023 25.024 0.000 0.000 7.042 32.046 11.051 25.058 48.065 51.073 52.088 49.110 36.141 23.179 20.227 37.285 28.323 32.326 50.281 44.221 0.000 21.499 40.327 53.029 58.657 58.257 57.753 57.769 55.754 53.795 54.320 56.756 56.103 55.963 55.718 55.481 55.236 54.996 54.761 54.527
0.000 0.000 0.000 0.000 0.000 0.000 0.000 0.000 0.000 0.000 0.000 6.328 44.331 40.336 28.339 41.341 61.343 72.345 25.346 0.000 0.000 0.000 0.000 9.946 33.946 35.949 0.000 0.000 0.000 0.000 0.000 0.000 0.000 0.000 27.023 28.023 40.025 23.029 12.033 26.039 27.045 23.050 30.057 37.065 35.074 28.088 47.109 13.150 29.199 32.269 22.381 34.456 47.475 44.378 0.000 0.000 33.021 49.798 58.464 59.048 58.533 58.497 55.450 54.669 54.940 57.360 56.705 56.560 56.310 56.063 55.802 55.538 55.285 56.049 48.810
0.000 0.000 0.000 0.000 0.000 0.000 0.000 0.000 0.000 0.000 0.000 0.000 63.334 58.338 48.341 38.344 62.346 70.349 65.352 50.357 5.360 0.000 0.000 0.000 0.000 43.951 27.954 25.957 36.959 31.960 0.000 0.000 0.000 0.000 27.022 26.023 47.025 53.028 42.033 34.038 26.043 23.049 24.056 25.063 24.071 22.080 30.089 0.000 0.000 0.000 27.513 50.647 48.742 0.000 0.000 33.261 46.763 56.393 59.947 59.523 60.311 56.258 55.817 55.636 58.015 57.352 57.197 56.941 56.688 56.416 56.127 55.827 55.557 55.340 41.197
0.000 0.000 0.000 0.000 0.000 0.000 0.000 0.000 0.000 0.000 0.000 0.000 0.000 35.341 10.344 46.347 65.350 70.353 68.357 66.360 55.363 14.366 0.000 0.000 0.000 0.000 38.956 38.958 51.959 49.962 42.966 37.968 0.000 0.000 0.000 31.021 50.023 57.027 49.031 33.036 22.042 23.048 23.055 23.061 23.068 23.073 27.077 0.000 0.000 0.000 0.000 34.875 4.104 2.998 38.096 42.757 54.396 60.965 60.806 59.033 57.327 57.408 56.451 58.749 58.059 57.881 57.610 57.350 57.078 56.788 56.463 56.087 56.778 48.557 31.441
0.000 0.000 0.000 0.000 0.000 0.000 0.000 0.000 0.000 0.000 0.000 0.000 0.000 0.000 67.349 67.351 69.354 69.358 68.361 62.365 56.367 27.369 0.000 0.000 0.000 0.000 0.000 6.959 51.960 45.963 60.967 57.971 36.979 15.991 17.003 26.016 48.022 57.026 48.030 31.035 21.040 26.047 25.054 23.060 23.065 23.068 24.070 16.068 0.000 0.000 0.000 0.000 0.000 40.671 43.530 51.299 61.958 62.042 60.404 62.270 59.726 57.462 59.601 58.852 58.626 58.325 58.045 57.766 57.487 57.195 55.850 64.282 61.909 34.668 24.571
0.000 0.000 0.000 0.000 1.287 24.288 0.000 2.305 42.307 31.309 35.311 10.312 0.000 0.000 3.352 75.355 69.359 66.363 63.367 66.371 57.373 20.375 0.000 0.000 0.000 0.000 0.000 0.000 0.000 0.000 49.969 50.972 1.975 0.000 0.000 30.019 48.022 53.025 43.028 34.033 32.036 0.000 1.057 29.061 23.064 23.066 24.067 30.066 38.065 0.016 0.000 0.000 13.672 46.308 50.069 60.803 62.978 62.619 66.120 64.670 58.850 60.625 59.759 59.450 59.094 58.777 58.474 58.184 57.908 57.655 63.460 0.000 0.000 13.635 31.603
0.000 0.000 0.000 0.000 1.287 44.289 0.000 36.304 38.307 50.310 33.312 18.314 0.000 0.000 0.000 60.360 72.365 69.370 69.374 70.378 64.381 18.383 0.000 0.000 0.000 0.000 0.000 0.000 0.000 0.000 0.000 34.971 0.000 0.000 0.000 36.020 33.022 45.024 2.026 0.000 0.000 0.000 0.000 0.000 33.064 27.064 0.000 20.065 54.065 37.064 0.000 0.000 18.044 51.791 60.625 63.702 63.450 67.752 67.086 60.238 61.746 60.765 60.352 59.924 59.554 59.210 58.890 58.588 58.307 58.058 62.875 5.851 0.000 0.000 0.000
33.241 0.000 0.000 0.000 0.000 55.292 31.296 33.302 39.307 63.311 64.316 59.319 13.323 0.000 0.000 0.000 20.371 74.378 69.382 70.387 67.391 26.393 0.000 0.000 0.000 0.000 0.000 0.000 0.000 0.000 0.000 0.000 0.000 0.000 0.000 0.000 0.000 0.000 0.000 0.000 0.000 0.000 0.000 0.000 0.000 8.063 5.063 0.000 0.000 0.000 0.000 7.039 44.585 61.554 63.226 64.148 68.498 68.209 61.212 62.745 61.760 61.283 60.794 60.370 59.981 59.622 59.287 58.971 58.674 58.396 61.131 44.828 2.125 0.000 0.000
37.242 33.244 0.000 0.000 0.000 47.291 49.296 49.302 61.308 58.314 70.320 69.325 30.328 0.000 0.000 0.000 0.000 76.388 69.392 70.396 67.402 27.407 0.000 0.000 0.000 36.500 48.505 17.508 0.000 0.000 0.000 0.000 0.000 0.000 0.000 0.000 0.000 0.000 0.000 0.000 0.000 0.000 0.000 0.000 0.000 0.000 0.000 0.000 0.000 0.000 4.779 45.383 62.424 63.046 69.196 68.755 62.351 62.938 63.455 62.640 62.165 61.657 61.199 60.775 60.380 60.011 59.664 59.336 59.023 65.721 6.426 0.000 15.307 0.000 0.000
39.243 40.247 32.251 0.000 37.281 32.287 40.295 53.301 57.309 68.319 69.326 68.332 37.336 0.000 0.000 0.000 0.000 75.397 69.400 70.406 65.415 45.427 29.449 30.467 30.483 38.497 59.506 26.512 0.000 0.000 0.000 0.000 0.000 0.000 0.000 0.000 0.000 0.000 0.000 0.000 0.000 0.000 0.000 0.000 0.000 0.000 0.000 0.000 2.660 33.453 43.059 62.123 63.780 70.484 69.936 62.808 64.555 63.914 63.393 62.946 62.463 62.005 61.567 61.151 60.755 60.377 60.022 59.685 66.360 12.041 0.000 0.000 0.924 2.527 3.511
53.245 36.250 40.256 40.266 31.276 24.282 0.000 0.000 0.000 58.326 69.334 67.342 52.350 19.360 0.000 0.000 44.400 65.402 70.407 69.414 70.424 60.438 36.454 33.470 32.485 41.499 59.511 42.523 28.539 29.552 33.561 44.566 8.568 0.000 0.000 0.000 0.000 0.000 0.000 0.000 0.000 0.000 0.000 0.000 0.000 0.000 0.000 0.000 13.808 53.681 61.685 64.391 71.226 70.904 63.437 65.138 64.392 64.048 63.629 63.192 62.757 62.329 61.913 61.508 61.111 60.722 60.363 66.023 12.692 0.000 0.000 0.000 0.320 2.574 0.000
69.248 40.253 34.259 35.267 37.277 37.282 26.285 0.000 0.000 0.000 3.344 74.354 64.361 42.371 34.383 41.392 40.399 42.405 50.411 51.420 38.432 35.445 33.460 33.475 32.490 41.504 56.517 35.530 32.544 37.556 53.566 56.571 41.571 15.570 0.000 0.000 0.000 0.000 0.000 0.000 0.000 0.000 0.000 0.000 0.000 0.000 0.000 4.470 46.398 62.075 64.962 71.625 71.466 64.028 65.715 64.971 64.649 64.250 63.852 63.448 63.042 62.642 62.248 61.858 61.458 61.037 66.685 12.354 0.000 0.000 0.000 0.000 0.000 0.000 2.939
69.251 55.255 0.000 0.000 42.283 38.286 49.289 40.288 0.000 0.000 0.000 62.368 59.372 44.379 35.387 32.394 32.401 35.407 48.415 56.425 59.437 52.452 42.467 35.482 34.495 50.509 53.523 28.537 32.551 32.564 33.575 37.580 16.575 0.000 0.000 0.000 0.000 0.000 0.000 0.000 0.000 0.000 0.000 0.000 0.000 7.422 39.166 47.137 60.738 72.101 71.780 64.919 65.563 66.187 65.547 65.225 64.840 64.465 64.084 63.703 63.323 62.949 62.581 62.216 62.828 69.284 12.984 0.000 0.000 0.000 0.000 0.000 0.000 0.000 15.000
69.254 69.261 56.271 39.280 39.286 39.292 30.297 0.000 0.000 3.377 55.378 52.378 55.382 48.387 49.393 49.398 49.403 52.408 47.417 47.427 49.441 53.460 54.475 52.489 48.502 59.516 57.530 45.545 46.560 46.575 48.590 23.601 0.000 0.000 0.000 0.000 0.000 0.000 0.000 0.000 0.000 0.000 0.000 0.000 41.838 42.568 63.690 64.347 73.112 72.674 67.319 67.086 66.524 66.109 65.777 65.408 65.047 64.682 64.318 63.956 63.598 63.249 62.912 63.599 67.352 0.200 0.000 0.000 0.000 0.000 0.000 0.000 0.000 10.381 6.190
68.257 69.265 66.273 44.282 38.291 39.300 40.310 32.322 0.000 47.376 44.380 45.385 46.390 41.396 45.400 50.404 58.406 43.407 0.000 0.000 0.000 52.473 48.486 48.497 48.509 48.522 48.537 48.552 48.569 48.588 46.608 41.633 14.667 0.000 0.000 35.986 43.033 55.095 25.146 0.000 0.000 0.000 0.000 43.294 54.101 66.120 66.848 73.732 73.459 67.877 67.609 66.925 66.646 66.305 65.954 65.604 65.252 64.900 64.550 64.204 63.866 63.536 64.218 66.916 14.634 0.000 0.000 0.000 0.000 0.000 0.000 0.000 6.653 12.573 0.000
58.261 69.268 69.276 59.285 35.296 38.308 39.321 39.336 45.356 54.372 38.383 35.392 33.399 40.405 55.409 54.411 39.410 19.408 0.000 0.000 0.000 0.000 37.498 32.505 32.516 32.528 32.543 33.559 36.578 37.599 37.624 36.656 37.701 36.771 36.847 45.939 53.018 51.108 58.196 56.264 51.243 49.139 51.876 63.786 67.459 67.346 74.084 73.940 68.421 68.135 67.441 67.167 66.822 66.483 66.141 65.799 65.457 65.117 64.778 64.446 64.125 64.813 65.510 4.213 0.000 0.000 0.000 0.000 0.000 0.000 0.000 0.000 17.734 3.689 0.000
36.265 64.271 68.279 49.288 32.301 31.315 39.330 39.345 38.361 32.375 33.388 39.401 56.411 55.417 38.421 31.422 21.416 0.000 41.495 50.497 46.499 47.502 50.505 53.511 52.520 53.533 56.548 55.565 52.585 54.607 49.634 35.667 39.710 38.766 43.831 61.906 68.993 66.123 60.268 55.350 57.346 64.183 69.351 68.033 74.530 74.232 68.262 69.924 68.574 67.971 67.686 67.339 67.004 66.666 66.329 65.994 65.662 65.331 65.001 65.678 63.374 59.082 10.796 0.000 0.000 0.000 0.000 0.000 0.000 0.000 0.000 3.956 7.863 1.834 0.000
29.269 48.274 59.280 34.289 26.304 33.324 31.340 38.354 39.368 39.378 32.394 49.416 41.426 30.433 33.438 25.441 0.000 50.491 53.494 53.497 55.500 56.503 59.508 63.514 62.523 62.535 62.551 64.570 65.589 63.611 51.637 37.669 39.708 39.754 39.805 42.861 16.927 0.000 80.402 122.545 100.468 66.718 68.506 75.472 75.056 68.641 71.426 68.893 68.506 68.202 67.860 67.524 67.185 66.847 66.514 66.187 65.865 65.544 67.218 61.890 50.610 5.346 0.000 0.000 0.000 0.000 0.000 0.000 0.000 0.000 2.182 15.050 3.932 3.885 0.000
0.000 5.276 40.279 22.283 0.000 28.337 33.351 33.365 39.378 28.378 0.000 33.442 31.446 33.451 34.456 44.463 58.479 55.489 57.494 63.497 73.500 117.504 114.509 114.516 114.524 114.535 115.553 99.573 31.591 34.612 32.636 40.665 39.698 36.736 34.776 16.806 0.000 0.000 0.000 47.836 65.084 69.909 76.093 75.813 68.175 69.931 69.281 69.028 68.711 68.380 68.047 67.708 67.367 67.025 66.693 66.374 67.067 65.763 57.438 46.053 3.831 0.000 0.000 0.000 0.000 0.000 0.000 0.000 0.000 0.000 14.300 6.174 0.000 0.000 0.000
0.000 55.276 33.277 0.000 0.000 0.000 27.364 40.377 32.403 0.000 0.000 41.465 32.467 43.470 56.473 56.478 61.486 64.492 57.496 43.499 34.501 30.505 28.510 31.516 32.522 19.527 0.000 36.580 33.592 32.609 36.631 40.657 37.685 29.716 36.758 17.781 0.000 0.000 43.587 60.523 70.338 76.497 76.322 68.698 70.439 69.784 69.540 69.220 68.900 68.572 68.237 67.897 67.549 67.195 66.859 67.550 63.268 52.002 8.720 0.000 0.000 0.000 0.000 0.000 0.000 0.000 0.000 0.000 0.000 11.726 10.523 0.000 0.000 0.000 0.000
59.089 0.000 0.000 0.000 0.000 0.000 0.000 0.000 36.455 34.479 42.489 39.486 39.487 39.488 56.490 70.492 59.495 39.497 37.499 32.501 34.503 25.504 0.000 37.517 34.522 23.526 0.000 37.577 32.587 33.603 40.624 38.647 36.669 18.686 0.000 0.000 40.333 38.195 54.956 70.875 76.708 69.545 70.151 70.859 70.302 70.053 69.736 69.423 69.100 68.769 68.433 68.092 67.736 68.348 67.997 57.698 42.454 5.256 0.000 0.000 0.000 0.000 0.000 0.000 0.000 0.000 0.000 0.000 1.157 12.933 0.769 0.000 0.000 0.000 0.000
47.108 0.000 0.000 49.396 42.408 36.422 0.000 0.000 54.484 51.495 38.503 39.505 39.506 40.507 61.506 113.506 106.505 53.504 108.504 29.504 33.504 33.506 35.510 33.516 33.522 33.530 35.544 31.563 31.578 40.593 39.613 36.640 31.660 20.673 0.000 0.000 42.469 49.336 71.355 70.265 77.066 70.600 71.224 70.813 70.564 70.259 69.952 69.634 69.308 68.973 68.634 68.303 69.957 65.463 47.084 33.792 35.595 1.451 0.000 0.000 0.000 0.000 0.000 0.000 0.000 0.000 0.000 1.526 15.322 9.126 0.000 0.000 0.000 0.000 0.000
0.000 0.000 0.000 32.383 41.408 38.437 56.469 50.491 55.502 63.514 54.522 39.527 39.528 39.527 38.524 32.520 27.516 32.512 29.509 33.507 33.506 33.507 33.509 33.514 33.520 33.528 32.540 37.555 39.567 40.580 24.596 0.000 24.660 0.000 0.000 0.000 46.711 68.654 72.688 78.153 77.656 70.700 71.385 71.061 70.783 70.487 70.177 69.855 69.524 69.181 68.827 67.530 29.327 0.000 0.000 0.000 0.000 0.000 0.000 0.000 0.000 0.000 0.000 0.000 0.000 0.000 0.000 14.686 8.502 0.000 0.478 0.000 0.000 0.000 0.000
37.784 0.000 37.262 33.347 32.406 50.448 43.481 59.504 68.519 48.536 34.547 32.552 35.553 38.549 39.543 39.535 32.527 31.520 32.513 32.509 33.507 33.506 33.508 38.511 35.516 32.524 33.535 36.549 40.558 29.563 0.000 0.000 0.000 0.000 2.477 122.343 66.050 73.086 71.088 78.582 70.499 73.044 74.554 71.310 71.026 70.727 70.413 70.084 70.754 67.401 54.963 45.663 3.495 0.000 0.000 0.000 0.000 0.000 0.000 0.000 0.000 0.000 0.000 0.000 0.000 0.000 11.193 10.938 0.000 0.000 0.177 0.000 0.000 0.000 0.000
12.078 36.810 33.179 32.338 43.421 47.470 58.503 65.524 31.536 30.566 31.579 33.583 32.581 29.575 37.565 38.552 39.539 38.526 32.517 31.510 30.506 31.504 37.505 96.507 64.511 44.518 27.526 0.000 42.554 50.551 0.000 0.000 0.000 0.000 46.594 57.495 74.384 72.437 79.317 78.966 71.597 72.146 72.835 71.567 71.284 70.984 70.665 71.316 70.007 22.704 0.000 0.000 0.000 0.000 0.000 0.000 0.000 0.000 0.000 0.000 0.000 0.000 0.000 0.000 0.000 6.570 13.452 0.000 0.000 6.531 4.521 0.000 0.000 0.000 0.000
0.000 30.175 33.305 35.406 56.470 67.509 81.537 63.555 0.000 49.614 49.619 33.621 33.616 32.606 30.590 33.571 39.549 37.531 38.518 40.510 38.504 36.501 32.500 27.502 32.505 27.511 0.000 0.000 0.000 36.536 28.532 0.000 0.000 0.000 56.809 73.695 73.785 71.822 79.633 71.308 73.822 75.346 72.109 71.840 71.559 71.261 70.946 68.506 23.256 0.000 0.000 0.000 0.000 0.000 0.000 0.000 0.000 0.000 0.000 0.000 0.000 0.000 0.000 0.000 4.836 16.693 4.595 0.000 4.558 8.544 1.531 0.000 0.000 0.000 2.687
0.000 28.411 34.460 50.511 61.545 109.560 103.580 105.606 111.647 107.657 108.664 33.665 33.657 32.642 32.620 31.593 26.557 36.531 38.516 39.507 37.500 39.496 39.495 40.495 33.496 0.000 0.000 0.000 0.000 37.526 22.529 0.000 0.000 48.301 70.103 74.048 73.047 80.206 79.928 72.368 72.926 73.630 72.384 72.127 71.852 72.556 47.352 0.000 0.000 0.000 0.000 0.000 0.000 0.000 0.000 0.000 11.971 1.531 0.000 0.000 0.000 0.000 0.000 1.341 13.982 10.772 5.645 6.604 4.575 2.558 0.000 0.000 0.000 0.000 6.676
0.000 29.598 46.615 54.635 60.641 31.606 30.618 29.643 26.680 27.704 27.717 33.718 33.707 49.685 49.656 25.624 0.000 23.520 36.510 38.501 36.494 38.489 38.488 39.488 35.489 0.000 0.000 0.000 35.503 20.514 0.000 0.000 49.630 58.492 75.350 74.257 73.448 80.462 72.033 74.568 77.116 72.905 72.670 72.432 71.166 58.759 17.556 0.000 0.000 0.000 0.000 0.000 3.790 0.000 0.000 0.000 0.094 9.958 13.108 0.537 0.000 0.000 0.003 14.573 13.276 0.000 7.612 8.596 7.582 0.558 0.000 0.000 0.000 0.000 6.660
