results4_8e4_rain/res_4e8f-0015.wd
ncols         241
nrows         181
xllcorner     12693529.787448
yllcorner     3542525.717860
cellsize      155.156523
NODATA_value  -9999.000000
[rows 102 to 135 of 181, columns 0 to 74 of 241]
11.205 14.204 0.000 0.000 0.000 0.000 34.041 39.045 49.074 0.000 0.000 0.000 0.000 0.000 0.000 0.000 0.000 0.000 7.602 4.595 22.579 36.564 11.553 0.000 0.000 0.000 0.000 0.000 0.000 0.000 16.106 17.107 17.117 17.129 17.141 16.146 16.151 15.155 16.213 21.252 33.289 27.318 0.000 42.593 43.646 21.718 28.802 45.893 39.990 27.091 17.192 23.294 24.401 27.524 12.586 0.000 0.000 0.000 0.000 0.000 0.000 0.000 0.000 0.000 0.000 30.614 27.617 27.622 25.629 25.640 25.653 25.671 25.692 24.718 23.747
25.210 8.208 8.203 10.193 12.176 31.150 39.108 39.098 39.106 41.122 15.128 0.000 0.000 2.763 9.767 10.770 0.000 0.000 30.643 38.627 33.590 29.569 12.559 0.000 0.000 0.000 0.000 0.000 0.000 0.000 0.000 17.093 16.109 15.118 16.118 17.096 17.094 17.102 17.130 18.162 37.198 32.239 15.292 17.426 28.516 39.600 16.689 28.785 29.888 22.995 43.097 26.197 18.299 0.000 0.000 0.000 0.000 0.000 0.000 0.000 0.000 0.000 0.000 0.000 0.000 30.615 25.617 25.621 25.627 25.635 25.647 23.662 21.680 23.702 29.727
40.220 30.218 11.212 15.203 33.189 39.170 39.148 39.137 39.134 34.137 6.138 12.141 0.000 0.000 28.775 36.777 36.770 20.747 35.703 42.684 0.000 0.000 0.000 0.000 0.000 0.000 0.000 0.000 0.000 0.000 0.000 17.065 0.000 0.000 0.000 18.027 17.027 17.031 17.045 18.069 34.103 39.150 16.213 17.304 17.392 35.479 36.571 14.671 22.784 41.903 34.004 12.100 0.000 0.000 0.000 0.000 0.000 0.000 0.000 0.000 0.000 0.000 0.000 0.000 0.000 30.614 25.615 25.618 25.622 24.628 23.638 28.650 29.666 30.685 31.706
40.237 40.235 35.230 38.222 39.211 39.197 39.182 39.170 39.162 35.156 10.151 27.148 0.000 0.000 6.784 30.798 38.791 39.772 38.745 43.725 0.000 0.000 0.000 0.000 0.000 0.000 0.000 0.000 0.000 0.000 0.000 17.038 0.000 0.000 18.949 16.960 16.956 16.951 16.952 16.966 33.997 39.044 16.108 17.186 17.269 18.354 39.444 33.547 40.674 30.831 11.917 0.000 0.000 0.000 0.000 0.000 0.000 0.000 0.000 0.000 0.000 0.000 0.000 0.000 28.612 25.613 25.614 25.615 25.617 24.620 26.626 30.637 31.650 31.666 31.684
38.261 39.259 39.255 39.249 39.240 39.229 39.216 39.204 39.192 40.179 35.166 42.155 0.000 0.000 0.000 13.846 36.829 38.808 39.784 27.752 0.000 0.000 0.000 0.000 0.000 0.000 0.000 0.000 0.000 0.000 0.000 11.012 15.987 15.963 14.940 16.908 16.887 16.865 16.846 16.848 33.875 38.923 15.989 17.065 17.145 17.225 22.307 45.399 25.536 0.000 0.000 0.000 0.000 0.000 0.000 0.000 0.000 0.000 0.000 0.000 0.000 0.000 0.000 0.000 0.000 32.612 28.613 29.613 27.612 23.608 30.612 31.621 29.633 29.646 26.662
35.290 40.289 39.286 39.282 39.275 39.266 39.255 39.241 39.225 39.206 40.184 33.156 17.115 8.065 2.005 28.915 38.877 38.852 43.836 0.000 0.000 0.000 0.000 0.000 0.000 0.000 0.000 0.000 0.000 0.000 0.000 0.000 0.000 0.000 0.000 16.847 16.822 16.777 16.720 16.706 32.732 39.787 16.860 16.941 17.021 17.096 17.160 23.207 0.000 0.000 0.000 0.000 0.000 0.000 0.000 0.000 0.000 0.000 0.000 0.000 0.000 0.000 0.000 0.000 0.000 0.000 0.000 0.000 0.000 32.588 30.594 31.603 28.614 23.626 32.638
35.325 40.325 39.324 39.321 39.317 39.309 39.299 39.285 39.266 39.242 40.211 25.173 4.128 3.076 12.019 35.959 38.918 38.891 44.876 0.000 0.000 0.000 0.000 0.000 0.000 0.000 0.000 0.000 0.000 0.000 0.000 0.000 0.000 0.000 0.000 12.812 16.778 13.702 16.551 16.526 35.561 39.633 16.725 16.819 16.905 16.977 17.031 14.062 0.000 0.000 0.000 0.000 0.000 0.000 0.000 0.000 0.000 0.000 0.000 0.000 0.000 24.420 0.000 0.000 0.000 0.000 0.000 0.000 28.547 29.563 31.575 31.585 28.596 24.607 34.618
38.364 39.365 39.366 39.367 39.365 39.360 39.352 39.338 39.317 39.287 39.249 36.203 13.151 14.096 31.041 37.990 38.950 38.922 45.906 0.000 0.000 0.000 0.000 0.000 0.000 0.000 0.000 0.000 0.000 0.000 0.000 0.000 0.000 0.000 0.000 0.000 12.777 0.000 15.260 16.285 44.354 31.461 16.588 16.707 16.804 29.877 19.926 14.951 0.000 0.000 0.000 0.000 0.000 0.000 0.000 0.000 0.000 0.000 0.000 0.000 0.000 35.421 20.422 0.000 0.000 0.000 0.000 29.516 32.531 31.545 28.557 24.568 24.578 22.589 26.604
39.406 39.409 39.414 39.418 39.420 39.419 39.413 39.401 39.379 39.346 39.300 39.243 41.181 41.120 40.063 39.014 38.975 40.946 29.923 0.000 0.000 0.000 0.000 0.000 0.000 0.000 0.000 0.000 0.000 0.000 0.000 0.000 0.000 0.000 0.000 0.000 0.000 0.000 14.943 16.002 50.112 19.271 16.459 16.617 28.728 37.803 16.848 16.864 15.840 0.000 0.000 0.000 0.000 0.000 0.000 0.000 0.000 0.000 0.000 0.000 0.000 31.422 32.424 19.428 0.000 25.473 27.484 31.502 30.517 28.530 27.541 23.551 31.560 34.568 0.000
38.449 37.456 39.466 39.475 39.483 39.487 39.486 39.478 39.458 39.422 39.366 39.292 39.215 39.144 39.081 39.031 39.995 22.968 0.000 0.000 0.000 13.830 0.000 0.000 0.000 0.000 0.000 0.000 0.000 0.000 0.000 0.000 0.000 0.000 0.000 0.000 0.000 0.000 10.570 21.667 44.821 16.051 13.362 16.576 16.690 16.759 16.799 16.818 16.818 13.817 0.000 0.000 0.000 0.000 0.000 0.000 0.000 0.000 0.000 0.000 0.000 26.422 22.426 28.433 23.446 31.463 31.477 30.493 26.506 29.518 24.528 23.537 23.545 16.556 0.000
28.488 28.503 37.522 39.539 39.552 39.563 39.570 39.571 39.557 39.521 39.454 40.348 41.249 39.163 39.092 39.041 39.009 0.000 0.000 0.000 9.847 19.835 18.821 11.811 3.807 0.000 0.000 0.000 0.000 0.000 0.000 0.000 0.000 0.000 0.000 13.556 16.622 16.783 14.101 13.278 22.455 10.753 0.000 12.636 16.697 16.744 16.775 16.791 15.797 0.000 0.000 0.000 0.000 0.000 0.000 0.000 28.397 39.398 0.000 0.000 27.415 25.419 25.425 22.432 30.444 31.457 31.471 28.486 31.499 31.509 29.517 24.524 13.528 0.000 0.000
10.517 15.550 34.584 40.612 39.628 39.645 39.666 39.681 39.682 39.657 41.585 27.400 23.272 38.173 43.087 40.035 34.995 16.958 19.929 25.901 19.863 20.847 0.000 0.000 0.000 0.000 0.000 0.000 0.000 0.000 0.000 0.000 0.000 0.000 4.489 10.490 13.530 13.626 13.774 13.889 15.970 0.000 0.000 0.000 11.721 16.745 16.765 16.777 16.783 0.000 0.000 0.000 0.000 0.000 0.000 0.000 45.398 27.400 25.402 25.406 25.412 25.417 23.422 28.430 31.440 31.452 27.465 31.481 31.495 30.503 24.509 25.514 15.516 0.000 0.000
0.000 9.601 28.655 41.700 42.707 42.728 40.771 39.811 40.835 39.842 40.833 0.000 0.000 0.000 15.052 36.022 42.983 40.955 40.933 26.914 0.000 0.000 0.000 0.000 0.000 0.000 0.000 0.000 0.000 0.000 0.000 0.000 0.000 0.000 0.000 9.387 13.382 11.418 12.480 14.535 15.568 0.000 0.000 0.000 0.000 9.754 16.763 16.770 13.776 0.000 0.000 0.000 0.000 0.000 0.000 0.000 0.000 41.401 24.403 24.406 25.410 24.414 24.420 30.426 31.435 29.447 17.455 0.000 35.497 29.500 29.504 29.507 15.508 0.000 0.000
0.000 0.000 13.740 19.829 13.775 15.794 32.882 40.959 37.011 30.048 29.075 0.000 0.000 0.000 0.000 0.000 7.965 33.951 40.937 0.000 0.000 0.000 0.000 0.000 0.000 0.000 0.000 0.000 0.000 0.000 0.000 0.000 0.000 0.000 0.000 9.289 15.196 14.183 23.196 24.205 14.198 0.000 0.000 0.000 0.000 0.000 13.764 14.766 0.000 0.000 0.000 0.000 0.000 0.000 0.000 0.000 0.000 46.401 49.403 29.405 23.408 21.412 31.416 31.422 26.428 0.000 0.000 0.000 0.000 34.498 31.500 31.502 21.503 0.000 0.000
0.000 0.000 0.000 4.105 0.000 0.000 5.007 34.136 25.206 21.268 35.349 2.539 0.000 0.000 0.000 0.000 0.000 0.000 9.933 0.000 0.000 0.000 0.000 0.000 0.000 0.000 0.000 0.000 0.000 0.000 0.000 0.000 0.000 0.000 0.000 0.175 13.930 11.924 41.917 34.892 12.823 14.639 0.000 0.000 0.000 0.000 8.762 0.000 0.000 0.000 0.000 0.000 0.000 0.000 0.000 0.000 0.000 0.000 34.404 51.405 36.408 30.410 31.413 26.417 0.000 0.000 0.000 0.000 0.000 26.496 31.497 31.499 26.500 0.000 0.000
0.000 0.000 0.000 36.385 0.000 0.000 0.000 26.376 28.411 39.473 41.565 44.700 50.836 0.000 0.000 0.000 0.000 0.000 0.000 0.000 0.000 0.000 0.000 0.000 0.000 0.000 0.000 0.000 0.000 0.000 0.000 0.000 0.000 0.000 0.000 0.000 6.670 14.667 44.656 26.626 14.563 13.456 18.339 0.000 0.000 0.000 0.000 0.000 0.000 0.000 0.000 0.000 0.000 0.000 0.000 0.000 0.000 0.000 0.000 0.000 39.408 29.409 27.411 0.000 0.000 0.000 0.000 0.000 25.491 24.493 26.495 20.496 0.000 0.000 0.000
0.000 0.000 13.755 31.668 39.729 8.721 21.675 44.584 41.592 40.652 40.739 40.849 40.974 47.129 50.227 6.281 0.000 0.000 10.470 24.472 17.472 19.471 0.000 0.000 0.000 0.000 0.000 0.000 0.000 0.000 0.000 0.000 0.000 0.000 0.000 0.000 7.414 36.419 38.415 15.393 13.349 13.284 16.224 0.000 0.000 0.000 0.000 0.000 0.000 0.000 0.000 0.000 0.000 0.000 0.000 0.000 0.000 0.000 0.000 0.000 0.000 0.000 0.000 0.000 0.000 0.000 0.000 27.489 22.490 20.491 0.000 0.000 0.000 0.000 0.000
37.922 40.895 40.844 38.809 36.800 37.762 39.723 39.696 40.726 41.807 41.894 40.987 34.086 38.189 41.272 45.339 49.410 50.451 42.471 38.477 35.476 30.472 32.467 25.463 0.000 0.000 0.000 0.000 0.000 0.000 0.000 0.000 0.000 0.000 0.000 31.072 20.154 49.182 40.192 27.184 14.156 13.110 13.049 16.953 12.952 0.000 0.000 0.000 0.000 0.000 0.000 0.000 0.000 0.000 0.000 0.000 0.000 0.000 0.000 0.000 0.000 0.000 0.000 0.000 0.000 0.000 0.000 0.000 0.000 0.000 0.000 0.000 0.000 0.000 0.000
40.953 35.922 33.921 32.926 26.904 23.808 24.761 24.756 30.812 35.959 36.045 29.121 13.197 28.272 41.338 41.394 41.443 41.474 41.489 41.491 42.485 42.478 45.469 46.461 46.455 46.451 0.000 0.000 0.000 0.000 0.000 0.000 0.000 0.000 0.000 2.991 28.948 33.966 17.988 34.995 22.983 12.952 12.908 15.860 0.000 0.000 0.000 0.000 0.000 0.000 0.000 0.000 0.000 0.000 0.000 0.000 0.000 0.000 0.000 0.000 0.000 0.000 0.000 0.000 0.000 0.000 0.000 0.000 0.000 0.000 0.000 0.000 0.000 0.000 0.000
11.018 0.000 5.995 20.072 18.087 0.000 0.000 0.000 0.000 16.173 15.210 8.257 3.311 13.366 34.416 42.460 41.495 41.517 41.523 41.515 41.500 45.486 20.471 8.462 7.455 11.450 14.448 0.000 0.000 0.000 0.000 0.000 0.000 0.000 0.000 0.704 36.683 19.745 11.799 21.827 32.829 16.809 12.773 12.720 18.635 0.000 0.000 0.000 0.000 0.000 0.000 0.000 0.000 0.000 0.000 0.000 0.000 0.000 0.000 0.000 0.000 0.000 0.000 0.000 0.000 0.000 0.000 0.000 0.000 0.000 0.000 0.000 0.000 0.000 68.425
1.368 0.000 0.000 9.283 5.288 0.000 0.000 0.000 0.000 6.355 4.366 4.391 5.427 3.466 22.505 39.538 41.564 41.577 41.573 41.549 40.515 3.500 0.000 0.000 0.000 0.000 0.000 0.000 0.000 0.000 0.000 0.000 0.000 0.000 6.918 24.065 41.352 18.534 12.639 10.685 27.697 29.685 15.656 12.612 12.552 15.480 24.447 0.000 0.000 0.000 0.000 0.000 0.000 0.000 0.000 0.000 0.000 0.000 0.000 0.000 0.000 0.000 0.000 0.000 0.000 0.000 0.000 0.000 0.000 0.000 0.000 0.000 0.000 0.000 66.503
14.595 10.608 5.578 4.492 5.497 7.594 8.637 11.643 10.612 6.528 5.509 5.518 5.541 4.570 11.600 33.627 42.648 41.656 43.646 15.596 0.000 0.000 0.000 0.000 0.000 0.000 0.000 0.000 0.000 0.000 0.000 0.000 0.000 13.771 10.773 31.894 29.129 3.400 10.539 12.580 14.589 27.579 19.555 14.522 12.481 11.441 28.416 19.401 13.400 0.000 0.000 0.000 0.000 0.000 0.000 0.000 0.000 0.000 0.000 0.000 0.000 0.000 0.000 0.000 0.000 0.000 0.000 0.000 0.000 0.000 0.000 0.000 0.000 2.761 79.651
4.655 5.654 5.638 5.611 5.616 5.652 5.676 5.682 5.667 5.639 5.628 5.635 5.652 5.676 3.702 24.726 41.746 43.758 39.760 0.000 0.000 0.000 0.000 0.000 0.000 0.000 0.000 0.000 0.000 0.000 0.000 0.000 0.000 0.000 14.508 40.612 14.870 0.000 0.000 13.506 11.501 15.487 16.466 25.440 14.412 12.388 11.376 7.388 0.000 0.000 0.000 0.000 0.000 0.000 0.000 0.000 0.000 0.000 0.000 0.000 0.000 0.000 0.000 0.000 0.000 0.000 0.000 0.000 0.000 0.000 0.000 0.000 7.961 72.872 82.779
5.719 5.717 5.710 5.702 5.707 5.723 5.737 4.743 4.740 5.733 5.733 5.742 5.759 5.782 4.807 12.832 27.854 38.871 26.880 0.000 0.000 0.000 0.000 0.000 0.000 0.000 0.000 0.000 0.000 0.000 0.000 0.000 0.000 0.000 23.141 48.177 0.000 0.000 0.000 14.440 12.422 11.403 19.383 30.361 18.340 12.323 16.314 0.000 0.000 0.000 0.000 0.000 0.000 0.000 0.000 0.000 0.000 0.000 0.000 0.000 0.000 0.000 0.000 0.000 0.000 0.000 0.000 0.000 0.000 0.000 0.000 0.000 65.050 78.987 78.908
5.788 5.787 5.785 5.784 5.789 5.798 5.809 9.816 10.820 6.824 5.831 5.844 5.863 5.887 5.914 4.943 7.971 16.995 17.011 0.000 0.000 0.000 0.000 0.000 0.000 0.000 0.000 0.000 0.000 0.000 0.000 0.000 0.000 0.000 26.740 41.779 0.000 0.000 0.000 11.393 12.346 12.322 11.302 16.283 18.266 14.251 16.243 0.000 0.000 0.000 0.000 0.000 0.000 0.000 0.000 0.000 0.000 0.000 0.000 0.000 0.000 0.000 0.000 0.000 0.000 0.000 0.000 0.000 0.000 0.000 0.000 49.312 58.204 58.119 58.038
5.860 5.860 5.861 5.863 5.868 5.876 4.885 16.894 21.903 8.913 5.926 5.943 5.966 5.992 6.023 6.057 6.093 5.129 8.160 0.000 0.000 0.000 0.000 0.000 0.000 0.000 0.000 0.000 0.000 0.000 0.000 0.000 0.000 7.043 49.300 23.423 23.388 0.000 0.000 0.000 14.249 12.237 12.222 10.205 26.189 30.175 24.166 0.000 0.000 0.000 0.000 0.000 0.000 0.000 0.000 0.000 0.000 0.000 0.000 0.000 0.000 0.000 0.000 0.000 0.000 0.000 0.000 0.000 0.000 0.000 23.507 74.421 60.332 73.255 95.128
5.935 5.936 5.938 5.941 5.947 5.955 4.965 17.975 23.987 8.001 6.018 6.040 6.065 6.096 6.131 6.172 6.218 6.272 6.342 12.459 0.000 0.000 0.000 0.000 0.000 0.000 0.000 4.606 12.608 16.625 0.000 0.000 2.552 40.788 38.996 19.224 1.311 0.000 0.000 0.000 14.165 13.157 16.144 11.128 20.111 43.094 40.080 0.000 0.000 0.000 0.000 0.000 0.000 0.000 0.000 0.000 0.000 0.000 0.000 0.000 0.000 0.000 0.000 0.000 0.000 0.000 0.000 0.000 0.000 0.000 60.594 116.533 99.459 121.358 99.940
3.011 4.012 5.015 5.020 6.026 6.035 4.045 19.058 22.072 5.089 6.109 6.134 6.163 6.197 6.237 6.283 6.336 6.400 6.479 6.579 12.687 0.000 0.000 0.000 0.000 0.000 0.000 0.000 11.594 7.644 10.766 14.956 27.241 44.512 28.671 0.000 0.000 0.000 0.000 0.000 13.090 16.083 29.070 15.054 25.034 26.012 44.981 48.919 31.893 0.000 0.000 0.000 0.000 0.000 0.000 0.000 0.000 0.000 0.000 0.000 0.000 0.000 0.000 0.000 0.000 0.000 0.000 0.000 0.000 46.849 56.743 57.660 60.583 79.550 99.126
24.088 19.090 14.093 12.098 8.106 4.115 4.126 19.140 22.156 4.176 6.199 6.226 6.258 6.295 6.339 6.389 5.447 4.516 5.597 5.692 5.798 11.910 0.000 0.000 0.000 0.000 0.000 0.000 17.533 11.591 6.702 19.861 43.074 37.347 5.509 0.000 0.000 0.000 0.000 0.000 12.024 17.016 24.001 18.983 23.962 22.940 35.914 29.884 22.868 0.000 0.000 0.000 0.000 0.000 0.000 0.000 0.000 0.000 0.000 0.000 0.000 0.000 0.000 0.000 0.000 0.000 0.000 0.000 24.044 51.957 120.866 84.790 116.665 100.329 98.370
44.166 43.168 39.172 34.178 30.185 25.195 20.208 16.223 11.240 5.261 6.286 6.315 6.349 6.389 5.435 7.489 13.551 18.622 17.703 15.797 9.903 5.025 9.179 15.274 0.000 0.000 0.000 0.000 22.416 13.487 9.590 32.715 44.847 1.153 0.000 0.000 0.000 0.000 0.000 0.000 10.966 15.957 31.937 21.914 14.892 7.872 13.854 31.837 28.827 34.826 0.000 0.000 0.000 0.000 0.000 0.000 0.000 0.000 0.000 0.000 0.000 0.000 0.000 0.000 0.000 0.000 0.000 0.000 59.132 50.066 59.989 82.874 59.039 98.485 89.813
35.245 40.247 44.251 44.257 46.265 46.276 40.289 31.304 17.323 6.345 5.371 6.402 5.437 4.479 9.528 23.583 34.646 39.718 39.800 36.892 28.994 20.110 11.239 5.371 10.545 12.701 11.855 13.023 11.229 6.353 20.457 43.564 10.705 0.000 0.000 0.000 0.000 5.903 17.904 14.908 16.920 22.908 40.879 26.846 10.822 9.804 9.792 21.784 42.779 0.000 0.000 0.000 0.000 0.000 0.000 0.000 0.000 0.000 0.000 0.000 0.000 0.000 0.000 0.000 0.000 0.000 0.000 35.411 58.290 62.189 62.074 72.151 99.608 89.932 89.874
13.323 15.325 18.330 24.336 34.345 40.356 45.369 45.386 38.405 24.427 13.454 7.485 11.522 18.565 31.615 46.672 45.736 42.808 42.888 45.977 46.075 42.183 30.301 18.426 10.566 5.705 6.844 5.986 7.128 15.239 37.324 45.382 0.000 0.000 0.000 0.000 0.000 0.000 9.902 18.901 19.899 16.877 17.825 27.771 22.745 15.732 19.728 27.727 40.728 0.000 0.000 0.000 0.000 0.000 0.000 0.000 0.000 0.000 0.000 0.000 0.000 0.000 0.000 0.000 0.000 0.000 42.659 64.531 60.397 69.358 60.410 99.757 88.505 89.983 95.224
5.402 5.404 5.409 7.415 12.425 16.436 23.450 32.466 40.485 43.507 37.534 35.565 37.602 40.646 39.697 32.755 23.820 21.892 21.970 27.056 33.148 40.248 43.355 42.469 31.589 21.710 16.831 14.949 24.060 40.152 41.220 27.259 0.000 0.000 0.000 0.000 0.000 0.000 0.000 19.896 0.000 0.000 1.751 16.671 31.654 35.653 37.661 38.672 34.678 0.000 0.000 0.000 0.000 0.000 0.000 0.000 0.000 0.000 0.000 0.000 0.000 0.000 27.275 0.000 63.018 84.938 117.759 73.699 68.731 49.669 85.719 90.176 90.058 98.826 88.323
6.480 6.483 6.488 6.495 5.504 4.516 6.530 11.546 17.564 27.586 37.611 39.642 32.678 22.722 16.774 8.833 4.899 4.970 5.047 7.129 12.216 18.308 25.406 37.508 42.613 44.719 43.823 39.922 43.014 36.090 18.146 10.178 0.000 0.000 0.000 0.000 0.000 0.000 0.000 18.893 0.000 0.000 0.000 19.538 38.549 46.567 32.593 35.621 21.636 0.000 0.000 0.000 0.000 0.000 0.000 0.000 0.000 0.000 0.000 0.000 0.000 14.275 33.276 106.219 135.104 117.961 101.488 100.408 92.061 90.700 90.538 90.364 55.606 100.517 92.123
