results4_8e4_rain/res_4e8f-0192.wd
ncols         241
nrows         181
xllcorner     12693529.787448
yllcorner     3542525.717860
cellsize      155.156523
NODATA_value  -9999.000000
[rows 33 to 65 of 181, columns 146 to 218 of 241]
64.851 64.067 63.793 64.430 31.090 42.761 64.447 58.134 36.713 0.000 0.000 36.421 12.421 17.422 33.423 58.427 45.427 11.425 0.000 0.349 50.333 58.320 16.297 43.271 35.250 36.226 40.188 49.151 67.110 58.080 53.051 48.028 49.008 48.990 47.974 46.958 45.939 53.920 63.901 55.884 55.869 53.854 32.840 46.827 54.818 0.000 25.391 30.363 54.292 52.232 57.176 67.124 60.079 55.058 10.047 0.000 37.999 37.991 44.988 22.991 0.000 0.000 0.000 0.000 0.000 0.000 0.000 0.000 0.000 0.000 0.000 0.000 0.000
64.802 64.548 64.201 64.873 42.551 60.249 62.982 56.791 0.000 0.000 14.421 38.421 0.000 0.000 0.000 42.438 42.433 50.423 13.404 63.378 51.349 38.325 47.301 38.274 36.249 36.221 35.189 37.154 65.120 63.089 63.062 65.037 58.016 59.996 58.978 58.960 58.942 59.924 63.907 61.891 62.877 57.863 34.852 33.842 6.837 0.000 22.335 36.317 44.281 39.229 45.173 58.115 58.080 56.060 14.049 0.000 0.000 42.979 14.976 0.000 0.000 0.000 0.000 0.000 1.875 44.869 43.863 45.857 35.853 38.850 5.848 0.000 0.000
65.281 64.944 64.622 64.303 63.994 64.701 56.440 43.257 0.000 0.000 0.000 6.421 0.000 0.000 0.000 39.453 36.445 49.430 54.410 46.385 55.358 53.332 34.305 35.278 36.250 36.221 48.190 52.158 56.127 49.097 46.069 56.044 30.021 37.000 31.981 31.963 31.945 34.928 60.912 49.897 47.883 49.871 34.861 36.854 16.850 0.000 32.296 89.290 14.285 0.000 0.000 7.083 59.066 58.051 17.041 0.000 0.000 39.969 36.961 38.945 36.932 44.920 50.908 42.895 64.880 71.870 69.862 54.856 34.852 33.848 37.846 7.844 0.000
65.676 65.356 65.036 64.723 65.419 60.122 41.821 32.539 41.539 0.000 0.000 0.000 0.000 0.000 0.000 36.476 35.463 38.443 34.420 45.394 48.367 51.339 40.311 35.282 35.253 35.223 60.193 66.162 48.131 42.101 42.073 43.048 40.025 40.003 39.984 40.965 43.947 40.930 61.915 53.900 51.888 51.877 33.868 47.862 73.859 0.000 24.264 77.261 0.000 0.000 0.000 9.067 59.051 57.038 35.022 39.999 37.981 35.967 35.955 35.942 34.930 41.919 48.909 35.897 53.882 71.868 67.860 47.854 32.850 32.846 37.843 5.842 0.000
66.090 65.762 65.443 65.134 61.839 47.547 36.184 0.000 0.000 0.000 0.000 40.644 3.630 9.608 1.573 35.513 36.486 36.460 35.433 35.405 41.376 34.346 34.316 36.286 35.256 34.226 58.195 55.165 63.135 67.105 66.075 61.050 57.026 59.005 54.985 58.966 58.948 59.932 63.917 61.903 62.891 58.881 33.873 45.868 67.865 0.000 19.235 80.228 0.000 0.000 0.000 0.000 56.034 59.026 38.012 35.993 35.976 35.963 35.951 35.939 34.928 41.919 50.910 6.904 0.000 29.859 72.855 48.851 32.846 32.843 36.840 3.839 0.000
66.500 66.162 65.838 65.533 55.255 37.042 0.000 0.000 0.000 0.000 38.674 41.658 54.639 54.614 42.582 35.541 35.509 36.478 36.448 35.417 34.386 35.354 35.322 35.291 34.259 43.228 62.198 41.169 55.140 32.106 65.074 55.049 54.026 54.005 50.985 55.966 56.948 56.932 63.917 61.904 58.892 58.883 33.875 47.870 66.868 0.000 5.212 73.190 0.000 0.000 0.000 0.000 60.026 59.020 35.005 36.985 35.970 36.957 36.945 36.935 37.925 45.916 25.911 0.000 0.000 30.855 72.851 53.847 40.842 34.838 37.835 4.834 0.000
66.906 66.547 67.214 59.906 47.605 37.324 0.000 0.000 0.000 0.000 35.690 52.675 46.654 35.628 37.597 37.562 35.529 34.496 36.463 35.430 36.396 36.362 36.328 35.295 35.262 55.230 55.200 55.172 55.151 0.000 37.064 35.046 36.025 36.004 36.984 40.965 43.947 41.930 61.916 55.902 49.891 51.882 34.875 46.871 65.868 0.000 0.000 46.129 37.104 0.000 0.000 0.000 54.024 37.022 0.000 31.972 37.960 41.949 48.939 48.929 48.920 50.911 22.905 0.000 14.858 78.854 71.849 73.843 61.838 36.833 37.829 5.827 0.000
67.301 66.906 66.565 52.270 3.938 0.000 0.000 0.000 0.000 13.747 51.720 46.698 36.673 37.646 37.615 37.582 37.548 35.514 34.479 34.443 36.406 35.370 35.334 34.298 36.264 51.231 42.199 51.169 52.140 11.105 11.072 51.047 50.024 50.002 49.982 51.962 51.944 52.927 64.913 60.899 55.888 57.879 33.873 42.869 70.867 0.000 0.000 105.092 74.079 41.061 28.052 0.000 0.000 0.000 0.000 0.000 34.948 43.942 47.933 46.924 49.914 51.904 37.893 42.876 58.862 73.853 71.846 71.839 59.833 36.827 36.822 12.818 0.000
67.667 68.210 59.870 42.673 0.000 0.000 0.000 1.818 1.803 58.773 52.747 36.722 37.696 37.668 37.637 37.603 37.568 37.532 34.495 35.456 35.417 35.377 36.338 35.300 35.264 38.229 43.197 55.165 42.134 54.103 59.073 52.046 61.022 50.999 51.978 54.958 53.940 52.923 62.908 58.894 46.883 45.874 34.868 41.864 70.864 0.000 0.000 96.068 86.061 63.051 32.043 0.000 0.000 7.973 2.970 0.000 5.943 54.937 46.928 40.919 37.909 52.898 39.887 41.874 49.862 70.852 72.843 70.835 56.828 36.821 33.813 37.806 31.795
75.953 73.398 46.032 35.878 0.000 0.000 3.845 36.833 50.818 51.797 45.773 40.748 37.721 37.692 37.660 37.626 36.590 39.552 44.512 40.471 35.428 36.385 35.342 35.301 35.263 35.227 42.193 43.161 41.129 48.099 47.070 42.043 54.018 33.995 41.973 48.953 47.934 41.917 60.901 53.887 33.876 32.866 35.860 37.857 41.860 0.000 0.000 74.051 54.046 91.038 77.026 13.007 13.991 64.977 38.966 36.954 36.943 38.934 49.924 43.914 11.904 64.893 52.882 48.870 46.859 57.849 73.839 65.830 48.822 37.814 33.805 40.796 64.784
0.000 0.000 24.980 42.929 0.000 0.000 38.858 48.851 62.839 46.822 45.801 45.776 38.749 37.719 37.686 37.650 44.613 52.573 53.532 45.487 40.439 35.391 34.344 35.299 39.259 36.222 35.188 34.155 40.124 41.094 40.065 41.038 43.013 35.989 41.967 46.946 48.927 44.909 60.893 54.878 36.866 35.856 35.848 31.843 0.000 0.000 0.000 30.039 49.035 49.028 83.018 98.004 90.990 58.977 44.965 45.953 45.942 48.931 70.921 88.910 97.899 96.888 98.877 97.866 91.855 85.845 77.835 60.825 43.816 34.807 35.798 48.789 67.778
19.057 0.000 0.000 0.000 0.000 9.880 41.877 61.873 53.865 56.851 53.831 43.808 36.780 37.748 37.714 48.677 53.638 49.597 44.554 41.506 44.451 39.396 39.344 35.294 40.252 34.215 35.180 36.148 35.117 35.087 35.059 35.032 34.006 34.982 34.959 38.938 44.918 43.899 61.883 55.867 34.854 35.843 35.833 34.825 9.814 0.000 0.000 34.031 60.028 49.021 51.012 66.001 76.988 86.975 88.963 94.951 97.940 97.928 96.917 92.906 83.895 81.884 83.873 86.862 88.851 89.840 87.830 91.820 83.811 50.801 37.792 56.782 73.772
58.482 17.289 0.000 0.000 6.861 42.884 58.897 51.901 43.896 51.885 55.867 56.843 46.814 35.781 45.744 54.705 44.664 36.623 36.581 38.533 6.461 7.399 6.341 32.280 36.240 38.205 38.171 35.139 35.109 36.079 35.051 35.024 34.998 35.973 34.950 34.928 34.908 37.888 54.871 53.855 35.840 35.828 35.818 36.809 37.803 0.000 0.000 33.026 51.023 52.018 64.009 50.999 30.986 34.973 70.961 94.949 78.937 73.926 76.914 69.903 55.891 44.880 35.868 33.857 34.846 44.835 42.825 37.815 76.805 91.795 69.786 67.776 71.767
0.000 33.097 11.487 5.705 41.838 51.897 58.926 42.937 45.936 43.925 41.907 49.883 54.853 49.817 53.778 42.735 36.692 37.650 37.612 45.585 0.000 0.000 0.000 29.245 38.222 49.193 50.161 45.130 41.099 43.070 39.042 38.014 35.988 34.964 34.940 35.917 34.896 34.876 37.857 46.840 34.824 34.811 35.800 34.791 3.787 0.000 0.000 14.024 12.022 66.017 50.009 34.998 48.985 50.971 96.958 77.946 60.934 42.923 33.911 34.899 35.887 36.875 36.864 36.852 35.841 33.830 32.819 33.809 41.799 78.789 86.780 71.770 70.761
0.000 20.513 43.659 45.792 44.887 59.943 44.972 38.984 40.984 39.973 36.955 35.929 50.897 57.858 60.814 48.766 38.718 35.672 43.635 9.610 0.000 0.000 0.000 32.234 42.212 49.182 50.151 50.120 52.089 60.060 58.031 54.004 51.978 47.953 41.929 36.905 34.883 35.862 34.842 39.824 32.807 33.792 34.779 36.770 57.765 0.000 0.000 0.000 28.023 70.018 30.011 39.000 29.984 68.968 86.955 46.944 34.932 36.920 36.908 36.895 36.883 36.871 33.859 33.847 32.835 33.824 33.813 33.803 49.793 64.783 37.773 97.763 69.754
0.000 20.785 43.844 36.915 55.974 56.014 51.037 42.045 36.042 37.030 38.010 48.982 51.946 43.904 46.854 55.799 56.740 46.685 3.644 0.000 5.381 4.342 37.294 43.245 47.208 46.174 47.141 47.109 45.078 52.048 53.020 52.992 53.966 50.941 49.916 50.892 41.869 36.847 37.826 34.806 35.787 34.770 33.755 35.744 50.738 0.000 0.000 0.000 28.029 72.023 34.016 10.008 0.000 14.960 53.952 35.941 36.929 34.917 34.904 34.892 33.879 32.867 33.854 33.842 32.830 33.818 32.807 31.796 34.786 30.777 26.768 90.754 99.743
0.000 17.996 38.019 48.051 58.082 49.103 49.115 51.116 49.109 40.094 46.072 55.042 44.004 36.957 35.900 41.833 51.760 58.686 22.612 14.516 40.420 40.352 35.294 44.244 49.202 50.165 46.130 46.096 38.065 35.035 35.007 34.980 33.954 31.928 38.903 52.879 51.855 50.831 45.808 36.786 34.765 35.746 34.728 34.714 35.705 0.000 0.000 0.000 43.041 10.029 14.022 0.000 0.000 0.000 32.951 12.940 15.928 32.913 31.901 31.889 32.876 34.862 34.849 34.836 33.824 33.812 31.800 31.789 32.779 20.771 0.000 10.741 93.729
0.000 17.184 41.183 60.189 51.197 48.203 48.203 49.197 48.185 50.166 55.142 44.110 38.070 38.020 37.956 36.875 37.779 43.686 60.602 58.517 37.429 36.352 35.287 36.234 48.191 46.153 57.118 45.082 38.050 36.021 36.993 35.967 40.941 48.915 44.889 38.864 44.839 54.815 51.790 50.766 41.742 34.719 34.698 35.678 33.664 0.000 0.000 43.070 31.064 0.000 0.000 44.978 39.976 38.970 30.961 0.000 0.000 37.908 34.898 34.886 34.872 34.858 34.844 34.830 34.817 34.805 34.792 33.780 34.769 36.758 26.745 0.000 35.713
5.460 30.374 55.340 51.325 40.316 45.308 50.297 45.283 51.266 57.245 49.218 37.186 36.147 38.096 38.029 41.933 42.796 36.676 47.594 43.519 40.430 37.339 34.268 41.215 45.174 47.140 38.107 65.064 53.033 43.005 34.979 40.953 59.927 69.901 62.876 39.850 41.824 44.798 48.771 53.745 51.718 47.692 36.665 33.638 40.608 46.565 0.000 18.076 39.082 0.000 0.000 14.979 34.980 34.974 34.963 39.948 38.931 34.913 33.899 34.884 34.869 34.853 34.838 34.824 34.811 34.797 34.784 34.772 33.759 33.746 34.732 37.715 33.705
17.547 51.511 57.479 42.455 37.434 39.415 41.395 52.374 56.352 67.328 66.301 59.270 48.234 37.190 40.130 7.032 0.000 35.628 41.580 38.535 1.431 35.307 39.231 56.184 55.150 58.125 0.000 30.032 70.013 63.989 49.964 55.939 73.914 73.888 71.862 40.836 46.809 46.781 48.753 36.724 45.695 51.664 50.633 49.600 62.564 71.522 4.478 0.000 29.106 54.130 0.000 0.000 57.993 38.982 38.967 38.950 38.933 39.915 33.899 32.883 36.866 33.848 33.832 33.818 33.803 34.790 33.776 32.763 32.749 32.736 32.722 32.708 31.696
16.669 62.644 48.611 37.580 37.551 37.522 50.493 48.464 65.439 80.415 77.388 74.359 69.329 60.298 51.271 0.000 0.000 0.000 29.564 40.552 0.000 0.000 32.164 50.142 49.115 64.086 36.045 37.019 69.997 74.973 70.949 69.925 72.900 72.875 73.849 52.822 44.794 46.765 46.735 36.704 45.672 39.638 58.603 29.566 68.526 90.482 61.434 31.384 0.000 32.154 0.000 34.044 94.016 46.994 48.973 48.954 44.934 45.916 37.898 32.882 14.863 33.841 33.825 36.810 39.796 49.781 39.767 34.754 35.740 35.726 35.713 35.700 35.687
48.817 52.783 46.742 44.703 39.667 51.631 45.592 58.551 36.527 6.503 57.478 76.451 75.424 76.401 59.386 0.000 0.000 0.000 23.560 46.556 0.000 0.000 29.118 44.104 39.083 66.058 77.029 77.004 72.981 72.958 72.935 73.912 72.888 72.862 72.836 66.809 41.780 43.750 41.719 36.685 47.650 48.613 51.575 8.534 53.491 89.445 59.393 77.333 38.251 24.178 36.126 92.072 80.034 52.004 45.979 47.956 41.935 35.915 33.897 31.884 0.000 39.829 47.817 55.803 62.788 71.773 60.759 40.745 34.730 35.717 35.703 35.690 35.677
60.000 48.928 48.872 44.824 51.782 48.741 51.695 75.620 62.613 45.593 66.568 75.542 74.517 73.497 53.486 0.000 0.000 0.000 0.000 1.556 0.000 0.000 35.087 44.074 55.055 71.033 73.010 72.988 72.966 72.944 72.922 72.899 72.876 72.851 72.825 72.798 58.768 48.737 41.704 34.668 38.630 38.590 43.549 62.506 48.461 83.413 69.361 76.305 83.241 69.181 74.130 83.082 59.043 60.011 45.983 44.957 36.934 33.913 34.892 36.872 50.848 56.828 74.812 73.796 72.780 71.765 71.750 61.735 39.721 34.707 35.693 35.680 35.667
51.135 39.057 40.994 52.941 49.895 49.856 19.827 0.000 54.713 80.689 75.660 74.631 76.604 58.583 44.575 28.600 0.000 0.000 0.000 0.000 0.000 0.000 41.069 58.050 70.030 73.010 72.990 72.970 72.950 72.930 72.909 72.887 72.865 72.841 72.815 72.788 73.759 67.726 59.691 51.653 49.612 52.569 43.525 60.479 39.432 81.385 14.335 35.283 70.228 42.176 33.128 89.085 53.046 57.013 54.983 35.956 33.932 34.909 34.887 42.865 63.844 74.824 71.806 71.788 71.772 68.756 67.741 65.725 64.711 38.696 34.683 34.669 34.656
41.246 38.170 51.106 51.050 46.002 65.961 19.931 28.916 68.837 75.790 74.752 74.718 74.685 50.656 50.631 61.625 0.000 0.000 0.000 0.000 0.000 0.000 0.000 8.028 67.006 78.988 73.970 72.952 72.935 72.916 72.897 72.877 72.855 72.832 72.808 72.781 72.751 73.718 74.682 71.641 71.597 74.549 54.501 60.453 34.406 75.358 11.311 13.262 66.214 36.167 46.122 80.082 61.045 53.011 56.981 33.953 34.928 33.904 35.881 45.859 66.838 67.817 72.799 71.781 66.763 63.747 67.731 72.715 71.700 60.686 41.672 40.658 39.645
37.346 51.273 52.208 40.151 51.101 72.057 65.018 70.981 76.929 74.883 74.841 74.802 71.764 55.724 5.668 1.647 0.000 0.000 0.000 0.000 0.000 0.000 0.000 0.000 11.977 23.964 64.950 73.935 72.920 72.903 72.886 72.867 72.847 72.826 72.802 74.776 73.747 73.714 72.676 74.633 73.584 73.531 63.477 61.427 38.379 50.333 80.287 59.242 67.198 36.154 64.113 58.075 61.039 49.006 42.976 34.948 34.922 34.897 42.874 47.852 48.830 53.810 61.790 59.772 60.754 71.737 71.721 71.705 71.690 72.675 66.660 62.646 60.633
52.438 52.368 41.304 37.246 52.194 71.146 77.103 76.061 75.015 74.971 74.928 75.885 66.844 59.810 0.000 0.000 0.000 0.000 0.000 0.000 0.000 0.000 0.000 0.000 20.960 40.943 67.931 73.919 72.906 72.891 72.876 72.859 72.841 72.821 74.799 74.775 74.747 66.714 71.675 74.630 77.574 75.514 69.450 65.397 53.350 37.306 85.264 68.222 70.180 35.140 81.102 45.065 26.031 42.999 33.969 34.941 33.915 42.890 48.866 47.844 47.822 46.801 39.782 35.763 65.745 71.727 71.710 71.694 71.678 71.663 72.648 72.634 72.621
49.525 40.456 38.393 36.335 53.282 73.233 75.187 75.143 75.100 75.057 75.014 76.968 55.915 53.863 0.000 0.000 0.000 0.000 0.000 0.000 0.000 0.000 0.000 0.000 0.000 54.918 73.912 72.903 72.893 72.881 72.867 72.852 74.836 73.819 73.799 73.777 67.752 45.721 61.682 71.637 22.570 13.499 47.414 54.362 63.319 50.279 71.239 89.200 74.162 41.124 83.088 7.053 19.020 31.989 34.960 34.932 36.906 46.881 44.858 45.835 47.813 50.792 44.772 45.753 61.734 71.716 71.699 71.682 71.667 71.651 71.636 71.622 71.608
40.606 38.539 43.476 48.419 63.365 75.316 75.270 75.226 75.184 75.143 75.103 76.057 62.986 0.000 0.000 0.000 0.000 0.000 2.860 39.860 0.860 18.860 0.000 0.000 0.000 29.898 64.895 71.889 72.881 72.871 72.860 72.847 74.833 72.818 72.801 72.783 56.762 52.736 14.695 16.666 0.000 0.000 32.343 39.317 61.285 47.250 52.214 95.178 78.142 57.107 67.073 17.040 62.008 38.978 34.950 34.922 36.896 45.872 56.848 56.825 58.803 64.782 59.761 70.742 71.723 71.705 71.687 71.670 71.654 71.639 71.623 71.609 71.595
41.682 38.617 45.555 64.498 75.445 75.396 75.350 75.307 75.267 75.230 75.197 81.172 0.000 0.000 0.000 0.000 0.000 0.000 39.860 51.860 38.860 53.861 49.861 0.000 19.875 51.882 58.881 69.878 72.872 72.864 72.854 73.843 72.831 72.819 72.805 68.791 57.777 62.766 0.000 0.000 0.000 16.292 49.298 41.280 59.253 35.222 37.190 85.156 84.122 76.089 62.056 62.025 50.994 45.966 34.938 34.911 34.886 44.861 66.837 73.814 72.792 72.771 64.750 71.730 71.711 71.693 71.675 71.658 71.641 71.625 71.610 71.595 71.581
39.755 37.691 52.630 72.574 76.521 75.473 75.427 75.385 75.346 75.312 75.282 82.263 0.000 0.000 0.000 0.000 0.000 0.000 28.860 48.860 48.860 47.861 50.861 34.864 42.869 50.872 50.871 67.869 73.864 72.857 72.849 72.840 72.831 72.820 73.810 65.799 61.791 55.785 0.000 0.000 0.000 9.285 13.278 41.252 60.224 37.197 33.167 72.135 89.102 86.070 67.038 46.008 44.980 45.952 36.925 33.899 34.874 37.849 48.826 68.803 71.780 71.759 63.738 71.718 71.698 71.680 71.662 71.645 71.628 71.612 71.596 71.582 71.567
38.824 40.761 60.701 76.646 75.594 75.546 75.501 75.460 75.422 75.388 77.358 75.334 0.000 0.000 0.000 0.000 0.000 0.000 14.860 53.860 59.860 64.860 55.861 54.862 48.864 44.865 55.864 69.862 72.858 72.852 75.846 73.838 72.830 72.822 72.814 67.806 59.800 54.798 29.801 0.000 0.000 0.000 0.000 3.224 52.197 38.173 34.146 67.115 98.081 79.050 58.019 48.991 50.964 48.937 43.911 32.886 34.861 33.837 37.813 56.790 71.768 71.746 63.725 71.705 71.685 71.666 71.648 71.631 71.614 71.598 71.582 71.567 71.553
38.890 48.828 68.769 76.714 75.663 75.615 75.572 75.531 75.494 76.461 74.428 62.381 46.381 0.000 0.000 0.000 0.000 0.000 16.860 54.860 63.859 63.859 67.859 69.859 52.860 51.860 66.859 72.856 72.853 72.848 73.843 72.837 72.831 72.824 72.817 70.812 58.807 59.805 53.805 0.000 0.000 0.000 0.000 0.000 38.166 38.151 32.128 77.096 65.059 71.028 40.999 60.972 54.947 47.922 47.897 38.872 33.848 34.824 33.801 45.777 68.755 70.733 64.712 71.691 72.671 71.652 71.634 71.616 71.599 71.583 71.567 71.552 71.538
