results4_8e4_rain/res_4e8f-0203.wd
ncols         241
nrows         181
xllcorner     12693529.787448
yllcorner     3542525.717860
cellsize      155.156523
NODATA_value  -9999.000000
[rows 0 to 32 of 181, columns 146 to 218 of 241]
0.000 0.000 0.000 0.000 0.000 0.000 0.000 0.000 0.000 0.000 0.000 0.000 0.000 0.000 5.824 16.674 17.434 17.139 16.814 16.477 16.147 15.838 15.563 15.329 15.138 14.989 14.879 14.803 14.754 14.728 14.716 19.712 0.000 0.000 0.000 0.000 0.000 0.000 0.000 0.000 0.000 0.000 0.000 0.000 0.000 0.000 0.000 0.000 0.000 20.077 27.077 0.000 0.000 46.240 51.240 0.000 0.000 0.000 0.000 0.000 0.000 0.000 0.000 0.000 0.000 0.000 0.000 0.000 0.000 0.000 0.000 0.000 0.000
0.000 0.000 0.000 0.000 0.000 0.000 0.000 0.000 0.000 0.000 0.000 0.000 0.000 1.370 16.974 17.765 17.488 17.169 16.825 16.471 16.126 15.805 17.523 16.285 15.095 14.950 14.845 14.775 14.733 14.713 14.709 19.708 0.000 0.000 0.000 0.000 0.000 0.000 0.000 0.000 0.000 0.000 0.000 0.000 0.000 0.000 0.000 0.000 17.077 39.077 15.077 0.000 25.240 58.240 52.240 0.000 0.000 0.000 0.000 0.000 0.000 0.000 0.000 0.000 0.000 0.000 0.000 0.000 37.236 0.000 0.000 0.000 0.000
0.000 0.000 0.000 0.000 0.000 0.000 0.000 0.000 0.000 0.000 0.000 0.000 0.000 20.604 19.258 17.925 17.584 17.225 16.846 16.457 16.079 17.734 17.437 15.195 15.008 14.871 14.777 14.719 14.689 14.682 16.698 10.703 0.000 0.000 0.000 0.000 0.000 0.000 0.000 0.000 0.000 0.000 0.000 0.000 0.000 0.000 0.000 0.000 29.077 0.000 0.000 20.240 51.240 13.240 0.000 0.000 0.000 0.000 0.000 0.000 0.000 0.000 0.000 0.000 6.237 0.000 0.000 0.000 40.236 12.236 0.000 0.000 0.000
0.000 0.000 0.000 0.000 0.000 0.000 0.000 0.000 0.000 0.000 0.000 0.000 3.108 20.023 18.530 18.094 17.697 17.300 16.876 16.432 17.000 16.614 15.295 15.049 14.871 14.749 14.674 14.634 14.622 20.629 0.000 0.000 0.000 0.000 0.000 0.000 0.000 0.000 0.000 0.000 0.000 0.000 0.000 14.077 0.000 0.000 0.000 13.077 73.077 3.077 0.000 26.240 53.240 0.000 0.000 0.000 0.000 0.000 0.000 0.000 0.000 0.000 12.237 18.237 37.237 0.000 0.000 30.236 39.236 40.236 12.236 0.000 0.000
0.000 0.000 0.000 0.000 0.000 0.000 0.000 0.000 0.000 0.000 0.000 8.181 1.355 3.025 18.744 18.224 17.809 17.403 16.927 16.396 16.874 16.426 15.081 14.837 14.676 14.581 14.535 14.522 15.535 16.582 0.000 0.000 0.000 0.000 0.000 0.000 0.000 0.000 0.000 0.000 0.000 0.000 15.077 38.077 33.077 0.000 0.000 29.077 57.077 0.000 0.000 0.000 53.240 8.240 0.000 0.000 0.000 0.000 0.000 0.000 0.000 0.000 52.237 56.237 58.237 0.237 0.000 43.237 38.236 38.236 48.236 0.000 0.000
0.000 0.000 0.000 0.000 0.000 0.000 0.000 0.000 0.000 0.000 10.903 3.503 1.871 1.295 1.431 16.249 17.913 17.577 17.031 18.351 17.673 15.136 14.767 14.540 14.417 14.365 14.361 14.385 20.416 0.000 0.000 0.000 0.000 0.000 0.000 0.000 0.000 0.000 0.000 0.000 0.000 0.000 0.000 18.077 39.077 31.077 29.077 11.077 42.077 15.077 0.000 0.000 38.240 51.240 42.240 40.240 49.240 0.000 0.000 0.000 0.000 0.000 52.238 54.237 59.237 38.237 27.237 44.237 47.237 0.000 0.000 0.000 12.234
0.000 0.000 0.000 0.000 0.000 0.000 0.000 0.000 0.000 0.000 7.303 4.006 3.637 3.140 0.446 0.638 11.016 18.962 18.269 18.303 15.333 14.676 14.312 14.141 14.086 14.101 14.159 14.239 9.328 0.000 0.000 0.000 0.000 0.000 35.087 68.087 2.087 0.000 8.087 49.087 0.000 0.000 0.000 15.077 39.077 52.077 87.077 49.077 50.077 21.077 0.000 0.000 35.240 54.240 39.240 35.240 52.240 0.000 0.000 0.000 0.000 0.000 39.238 45.238 41.237 41.237 45.237 48.237 56.237 0.000 0.000 0.000 35.234
0.000 0.000 0.000 0.000 0.000 0.000 0.000 0.000 0.000 30.557 31.000 7.573 3.186 3.424 3.074 0.802 0.374 5.985 18.782 16.258 14.678 13.926 13.663 13.624 13.684 13.794 14.934 12.087 0.000 0.000 0.000 0.000 0.000 0.000 10.087 56.087 63.087 45.087 37.087 9.087 0.000 0.000 0.000 0.000 0.000 13.078 80.077 59.077 6.077 0.000 0.000 0.000 0.000 47.241 62.241 60.240 62.240 54.240 46.240 49.240 48.239 57.239 61.238 58.238 59.237 59.237 54.237 49.237 46.236 0.000 0.000 0.000 0.000
0.000 0.000 0.000 0.000 0.000 0.000 0.000 0.000 24.676 42.114 43.566 33.072 9.655 2.070 3.080 0.846 2.816 8.161 6.617 16.269 13.197 12.685 12.789 13.010 13.231 14.459 14.697 0.000 0.000 0.000 0.000 0.000 0.000 0.000 0.000 8.087 54.087 64.087 69.087 8.087 0.000 0.000 0.000 0.000 0.000 9.078 52.078 44.077 49.077 16.077 0.000 0.000 31.241 59.241 44.241 38.241 45.240 57.240 45.240 44.240 53.239 62.239 49.238 45.238 48.238 54.237 60.237 62.237 60.236 46.236 37.235 20.235 29.234
0.000 0.000 0.000 0.000 0.000 0.000 0.000 20.808 30.237 45.659 43.076 43.495 35.915 12.343 1.215 4.768 14.308 6.478 2.260 3.050 6.153 10.828 11.800 12.397 12.770 18.114 0.000 0.000 0.000 0.000 0.000 0.000 8.087 6.087 0.000 0.000 21.087 67.087 20.087 0.000 0.000 0.000 0.000 0.000 0.000 48.078 58.078 34.077 50.077 70.077 10.077 0.000 37.241 61.241 40.241 34.241 37.241 50.240 39.240 39.240 41.239 43.239 40.238 41.238 35.238 39.237 45.237 46.236 44.236 53.236 55.235 58.235 66.234
0.000 0.000 0.000 0.000 0.000 0.000 25.937 24.379 47.805 44.209 43.585 42.918 43.168 38.222 20.728 12.442 8.132 0.000 0.051 4.376 2.161 3.360 11.183 12.009 17.336 0.000 0.000 0.000 0.000 0.000 0.000 3.087 45.087 4.087 0.000 0.000 28.087 68.087 7.087 0.000 0.000 0.000 0.000 0.000 43.080 87.079 20.078 23.078 45.077 72.077 12.077 0.000 34.241 59.241 39.241 32.241 35.241 37.241 33.240 32.240 39.240 55.239 38.239 34.238 48.238 44.237 41.237 48.236 48.236 51.236 60.235 64.235 51.234
0.000 0.000 0.000 0.000 0.000 29.986 18.496 46.965 45.395 44.788 44.136 43.424 42.616 42.650 39.452 25.146 4.442 0.364 0.073 46.271 4.540 0.083 0.107 14.122 10.229 0.000 0.000 0.000 0.000 0.000 0.000 3.088 41.088 36.088 45.087 57.087 61.087 51.087 0.000 0.000 6.083 42.083 57.082 62.081 86.081 42.080 0.000 0.000 47.076 35.076 0.000 0.000 37.242 64.242 51.242 35.241 83.241 111.241 60.241 36.240 52.240 99.239 51.239 28.238 93.238 66.237 41.237 48.236 50.236 40.235 49.235 62.235 45.234
0.000 0.000 0.000 0.000 0.000 19.476 41.095 47.589 46.023 45.411 44.748 44.025 43.221 42.310 42.295 41.203 30.377 4.980 50.869 47.925 0.375 0.155 0.054 0.060 0.000 0.000 0.000 0.000 0.000 0.000 6.087 40.088 36.088 41.088 55.088 65.087 49.087 36.087 1.086 0.000 4.083 51.083 50.082 46.082 85.081 45.081 0.000 0.000 26.076 18.076 0.000 30.242 58.242 60.242 54.242 42.242 41.242 74.241 115.241 53.241 46.240 103.240 54.239 28.239 100.238 70.238 33.237 35.236 41.236 32.235 46.235 45.234 33.234
0.000 0.000 0.000 0.000 24.003 34.348 49.817 47.275 46.698 46.083 45.422 44.708 43.930 43.089 42.129 41.391 40.250 52.598 52.272 1.027 0.515 9.624 0.000 0.000 0.000 0.000 0.000 0.000 1.087 56.087 59.087 41.088 40.088 55.088 65.088 51.088 34.088 36.087 36.086 34.085 32.084 44.083 47.082 57.082 97.081 31.081 0.000 0.000 63.075 13.075 0.000 27.243 57.243 57.242 44.242 36.242 32.242 42.242 39.241 79.241 110.240 127.240 108.239 97.239 123.238 117.238 108.237 54.237 34.236 51.235 46.235 35.234 30.234
0.000 0.000 0.000 25.193 34.657 52.097 48.551 47.994 47.413 46.799 46.148 45.452 44.720 43.878 43.333 40.964 52.636 52.631 36.836 19.133 6.292 0.000 0.000 0.000 0.000 0.000 0.000 0.000 42.087 9.087 0.000 20.088 58.088 62.088 54.088 39.088 5.088 0.000 3.085 38.085 34.084 44.084 43.083 66.082 63.081 0.000 0.000 5.075 66.075 12.075 0.000 25.243 55.243 67.243 46.243 52.243 75.243 52.242 34.242 58.241 81.241 115.240 81.240 61.239 109.238 99.238 74.237 43.237 29.236 100.235 68.235 40.234 30.234
0.000 0.000 0.000 30.730 50.335 49.831 49.295 48.739 48.160 47.554 47.916 47.255 45.495 45.071 42.495 52.702 52.647 40.414 42.033 39.650 23.609 4.607 0.000 0.000 0.000 0.000 0.000 44.087 13.087 0.000 0.000 0.000 26.088 58.088 36.088 34.089 40.089 3.090 0.000 39.086 37.085 43.084 44.083 66.082 62.081 0.000 0.000 26.074 73.074 9.075 0.000 27.243 58.243 61.243 42.243 42.243 88.243 123.243 72.242 40.242 56.241 103.241 63.240 30.239 96.239 83.238 41.237 33.237 26.236 107.235 71.235 43.234 44.234
0.000 0.000 31.345 48.661 52.124 50.596 50.059 49.506 48.935 49.338 47.728 47.027 46.687 44.113 53.146 52.856 41.918 42.768 41.766 32.112 12.857 0.000 0.000 0.000 0.000 0.000 0.000 40.087 14.087 0.000 0.000 0.000 0.000 0.000 0.000 39.090 36.090 35.090 37.089 39.087 35.086 43.084 45.083 57.081 53.079 15.077 34.075 67.074 18.074 0.000 0.000 27.244 54.244 60.244 46.244 31.244 33.244 58.244 45.243 27.243 45.242 100.241 56.240 22.240 93.239 78.238 36.237 32.237 28.236 106.235 71.235 43.234 34.234
0.000 30.623 44.030 53.444 51.902 51.372 50.839 50.294 50.730 50.158 48.499 48.210 45.643 54.095 53.569 43.589 44.589 42.469 29.659 0.000 0.000 0.000 0.000 0.000 0.000 0.000 0.000 0.000 14.087 0.000 0.000 0.000 0.000 0.000 0.000 0.000 43.092 53.092 64.091 52.089 41.087 45.085 42.083 47.081 40.079 59.076 77.075 65.073 11.073 0.000 0.000 26.244 52.244 57.245 63.245 61.245 49.245 39.244 52.244 84.243 103.242 124.242 104.241 87.240 121.239 114.238 96.237 56.237 29.236 104.235 76.235 48.234 35.233
27.697 39.216 53.707 53.185 52.668 52.152 51.630 52.095 51.556 49.931 49.681 47.131 55.329 54.690 45.163 46.312 47.253 25.513 0.000 0.000 0.000 0.000 0.000 0.000 0.000 0.000 0.000 0.000 0.000 0.000 0.000 0.000 0.000 0.000 0.000 0.000 41.095 45.094 63.092 22.089 2.088 52.086 43.083 46.081 42.078 30.075 49.073 64.072 51.071 10.070 0.000 0.000 17.245 60.245 62.246 55.246 43.246 52.246 103.245 94.244 75.243 76.242 77.241 77.240 77.239 78.238 80.238 51.237 31.236 103.235 79.235 42.234 36.233
31.178 54.837 54.396 53.920 53.432 52.937 52.432 51.925 51.333 51.117 48.587 56.673 55.993 46.636 47.852 46.840 42.326 1.784 0.000 0.000 0.000 0.000 0.000 0.000 0.000 0.000 0.000 0.000 0.000 0.000 0.000 0.000 0.000 0.000 0.000 0.000 42.098 53.097 37.096 0.000 6.088 49.087 46.084 13.081 3.078 34.074 48.071 63.070 60.069 29.069 0.000 0.000 0.000 0.000 29.248 44.248 28.247 89.247 90.246 39.245 45.244 87.243 58.241 30.240 76.239 66.238 46.238 44.237 35.236 103.235 74.235 31.234 32.233
49.000 56.559 55.120 54.668 54.205 54.730 53.257 52.703 52.525 50.020 58.054 57.360 47.017 49.267 48.259 48.635 17.972 0.000 0.000 0.000 0.000 0.000 0.000 0.000 0.000 0.000 0.000 0.000 0.000 0.000 0.000 0.000 0.000 0.000 0.000 9.105 62.102 60.100 64.098 61.095 57.091 57.088 51.085 10.082 3.077 34.072 47.068 65.066 72.067 35.068 0.000 0.000 0.000 0.000 23.250 36.250 56.249 103.248 66.247 26.246 94.245 95.243 44.242 31.240 52.239 108.238 67.238 35.237 35.236 98.235 116.235 103.234 108.233
58.697 56.279 55.858 55.427 54.984 56.545 54.028 53.897 51.431 59.450 58.749 42.330 46.536 50.594 47.061 24.339 0.000 0.000 0.000 0.000 0.000 0.000 0.000 0.000 0.000 0.000 0.000 0.000 0.000 0.000 0.000 0.000 0.000 0.000 0.000 61.108 60.106 61.103 63.100 62.097 60.093 61.090 54.087 9.084 0.000 35.068 47.064 70.061 43.064 0.000 0.000 0.000 0.000 21.254 51.253 30.252 95.251 89.250 33.249 89.248 102.246 51.244 39.242 42.240 37.239 68.238 107.238 64.237 27.236 98.236 101.235 75.234 17.232
49.379 56.001 56.605 56.194 55.784 55.298 55.212 52.785 60.809 60.153 25.566 30.743 33.626 52.296 35.919 0.000 0.000 0.000 0.000 0.000 0.000 0.000 0.000 50.584 39.584 0.000 0.000 0.000 0.000 0.000 0.000 0.000 0.000 0.000 0.000 38.113 32.110 35.106 39.102 34.098 33.095 32.091 34.088 38.084 32.078 25.068 40.057 19.051 0.000 0.000 0.000 0.000 0.000 23.256 46.255 37.254 38.253 38.252 30.251 51.249 52.249 0.000 0.000 13.239 43.239 36.238 58.237 51.237 33.236 66.236 14.235 0.000 12.231
28.098 43.743 56.365 58.983 56.520 56.465 54.045 61.939 61.416 34.736 0.000 44.083 0.000 55.918 24.420 0.000 0.000 0.000 0.000 0.000 0.000 0.000 0.000 57.584 51.584 0.000 0.000 0.000 0.000 0.000 0.000 0.000 0.000 24.149 0.000 39.120 35.116 35.110 35.104 35.100 35.096 35.092 35.089 37.086 15.084 0.000 10.046 41.035 11.024 0.000 0.000 0.000 24.259 55.258 43.257 42.256 34.255 35.253 35.252 33.251 47.250 7.250 0.000 0.000 14.238 39.238 34.237 47.237 46.237 0.000 0.000 0.000 12.231
19.863 27.506 50.147 54.720 57.677 55.216 62.722 62.373 41.625 17.431 0.000 60.737 58.639 45.049 0.000 0.000 0.000 0.000 0.000 0.000 0.000 0.000 60.590 66.586 37.582 0.000 0.000 0.000 0.000 0.000 0.000 0.000 0.000 41.149 39.143 36.132 35.123 32.113 36.106 36.101 36.097 36.093 36.090 39.088 12.086 0.000 0.000 39.017 39.013 9.008 0.000 0.000 9.260 42.260 35.260 34.259 33.257 33.255 33.254 33.252 34.251 43.251 0.000 0.000 0.000 7.237 40.237 43.237 41.237 0.000 0.000 0.000 36.231
23.650 34.280 38.902 36.801 48.356 63.133 62.976 46.616 25.377 18.879 0.000 40.466 53.131 26.590 0.000 0.000 0.000 0.000 48.632 54.628 46.622 44.608 53.595 46.586 36.578 0.000 0.000 0.000 0.000 0.000 0.000 0.000 0.000 39.155 36.149 35.141 9.132 0.000 41.105 35.102 35.097 35.093 35.090 36.088 10.087 0.000 0.000 40.005 39.004 10.003 0.000 0.000 39.261 35.262 35.262 35.262 34.260 34.257 38.255 0.000 5.251 8.251 0.000 0.000 0.000 0.000 40.237 35.237 35.237 36.237 0.000 8.230 38.230
35.396 49.034 24.749 23.621 63.199 63.196 49.615 36.339 32.673 37.512 0.000 7.530 42.831 0.000 0.000 0.000 0.000 44.638 48.635 50.632 48.629 0.000 0.000 0.000 48.564 32.551 0.000 0.000 0.000 0.000 0.000 0.000 7.175 49.166 46.158 21.151 0.000 0.000 54.107 40.103 36.098 35.093 39.089 16.088 0.000 14.982 52.985 33.992 37.995 9.997 0.000 0.000 0.000 40.266 35.266 39.265 6.264 0.000 0.000 0.000 0.000 0.000 0.000 0.000 0.000 0.000 40.237 35.237 35.237 40.237 0.000 0.000 12.230
56.107 44.690 24.752 20.249 63.163 24.661 30.385 32.610 36.284 54.866 64.314 52.293 0.000 0.000 0.000 0.000 42.645 36.641 42.638 57.635 56.633 0.000 0.000 0.000 0.000 49.538 0.000 0.000 0.000 35.220 0.000 0.000 51.183 50.176 56.166 49.153 14.139 68.126 65.114 63.105 61.098 53.091 34.086 21.087 0.000 28.980 81.980 35.984 36.988 10.992 0.000 0.000 0.000 45.270 31.270 36.269 7.268 0.000 0.000 0.000 0.000 0.000 0.000 0.000 0.000 36.237 38.237 40.237 34.237 39.237 0.000 0.000 9.230
64.696 51.792 34.092 62.765 20.690 22.475 21.640 21.280 30.844 58.376 53.780 25.037 0.000 0.000 41.653 7.652 49.648 41.645 52.641 47.637 26.635 0.000 0.000 0.000 0.000 53.524 29.520 0.000 0.000 31.220 39.220 43.214 45.200 47.189 37.177 34.156 42.138 42.126 62.116 45.107 39.098 37.087 17.077 0.000 4.985 23.977 91.972 47.976 13.979 0.000 0.000 0.000 3.275 58.275 31.274 38.273 10.271 0.000 0.000 0.000 0.000 0.000 0.000 0.000 15.236 38.236 53.237 51.237 44.237 3.237 0.000 0.000 10.230
62.756 60.998 62.345 39.627 27.527 23.668 23.302 21.875 28.462 44.009 39.394 0.000 0.000 0.000 44.655 65.654 60.651 61.648 43.644 0.000 0.000 0.000 0.000 0.000 44.512 35.515 27.516 0.000 0.000 0.000 43.227 47.222 47.212 47.204 31.197 0.000 38.131 39.124 63.117 49.109 43.098 29.081 36.058 51.026 70.993 59.970 83.956 48.969 12.974 0.000 0.000 0.000 0.000 56.281 32.279 33.276 38.273 0.000 0.000 0.000 0.000 0.000 0.000 0.000 0.000 8.236 57.236 54.236 7.237 0.000 0.000 0.000 6.230
60.839 62.289 61.489 60.499 42.642 22.288 22.871 23.484 22.115 24.804 0.000 0.000 0.000 0.000 60.658 50.657 48.655 44.652 0.000 0.000 0.000 0.000 0.000 45.507 36.508 32.509 15.513 0.000 0.000 0.000 43.239 51.233 60.224 59.216 61.210 49.211 0.000 7.122 66.120 50.114 24.106 0.000 39.049 49.026 75.993 37.952 21.915 0.000 0.000 0.000 0.000 0.000 9.297 47.290 34.284 35.278 38.273 11.269 0.000 0.000 0.000 0.000 0.000 0.000 0.000 0.000 14.236 15.236 0.000 0.000 0.000 0.000 7.230
62.295 61.271 63.382 63.543 47.212 23.809 26.435 26.071 23.709 24.289 0.000 40.665 0.000 6.663 54.662 54.661 61.661 0.000 0.000 19.578 7.577 0.000 0.000 40.506 34.504 28.501 0.000 0.000 0.000 0.000 41.257 42.248 44.236 43.226 41.217 33.211 0.000 0.000 68.127 54.119 39.106 2.088 38.063 49.037 73.001 28.929 24.836 7.771 0.000 0.000 0.000 0.000 9.303 54.297 33.289 35.280 35.271 36.264 40.258 12.256 0.000 0.000 0.000 0.000 0.000 0.000 0.000 0.000 0.000 0.000 0.000 0.000 0.000
61.985 64.183 63.373 64.070 37.687 28.331 47.986 41.656 23.361 1.046 0.000 37.665 52.665 57.665 43.665 64.666 56.666 0.000 0.000 33.579 64.577 16.571 0.000 41.507 35.499 32.491 0.000 0.000 49.337 45.316 41.284 43.264 48.248 48.233 46.220 57.207 49.188 9.167 68.144 60.128 60.113 52.096 33.077 51.059 59.043 0.000 27.729 10.706 0.000 0.000 0.000 0.000 19.316 58.307 30.296 32.281 33.268 34.259 39.255 11.254 0.000 0.000 0.000 0.000 0.000 0.000 0.000 0.000 0.000 0.000 0.000 0.000 0.000
