results4_8e4_rain/res_4e8f.totaltm
ncols         241
nrows         181
xllcorner     12693529.787448
yllcorner     3542525.717860
cellsize      155.156523
NODATA_value  -9999.000000
[rows 31 to 61 of 181, columns 70 to 139 of 241]
0.000 0.000 0.000 0.000 0.000 0.000 0.000 0.000 0.000 0.000 0.000 0.000 0.000 0.000 0.000 0.000 0.000 0.000 0.000 0.000 0.000 0.000 0.000 0.000 0.000 0.000 0.000 0.000 0.000 0.000 0.000 0.000 0.000 0.000 0.000 0.000 0.000 0.000 0.000 0.000 0.000 613.287 640.777 638.721 644.535 644.573 644.882 644.921 644.958 640.372 639.624 641.118 646.952 646.929 646.758 647.005 647.064 647.041 647.028 647.354 647.407 647.813 649.279 649.516 637.279 0.000 527.509 655.018 655.384 659.006
0.000 0.000 0.000 0.000 0.000 0.000 0.000 0.000 0.000 0.000 0.000 0.000 0.000 0.000 0.000 0.000 0.000 0.000 0.000 0.000 0.000 0.000 0.000 0.000 0.000 0.000 0.000 0.000 0.000 0.000 0.000 0.000 0.000 0.000 0.000 0.000 0.000 0.000 0.000 0.000 0.000 0.000 621.208 634.720 643.346 644.545 536.249 640.897 646.790 646.873 646.925 646.969 647.014 647.017 646.997 647.064 647.125 647.092 647.072 647.192 647.354 646.662 649.552 649.535 0.000 0.000 654.116 655.618 658.219 659.465
0.000 0.000 0.000 0.000 0.000 0.000 0.000 0.000 0.000 0.000 0.000 0.000 0.000 0.000 0.000 0.000 0.000 0.000 0.000 0.000 0.000 0.000 0.000 0.000 0.000 0.000 0.000 0.000 0.000 0.000 0.000 0.000 0.000 0.000 0.000 0.000 0.000 0.000 0.000 0.000 0.000 0.000 642.181 643.159 643.325 621.207 0.000 0.000 637.108 646.273 592.911 469.403 647.305 647.530 645.613 647.030 647.178 647.138 647.119 647.172 647.208 648.032 649.905 534.289 604.686 591.148 654.364 657.954 659.573 659.598
0.000 0.000 0.000 0.000 0.000 0.000 0.000 0.000 0.000 0.000 0.000 0.000 0.000 0.000 0.000 0.000 0.000 0.000 0.000 0.000 0.000 0.000 0.000 0.000 0.000 0.000 0.000 0.000 0.000 0.000 0.000 0.000 0.000 0.000 0.000 0.000 0.000 0.000 0.000 0.000 0.000 0.000 0.000 596.915 565.443 0.000 0.000 0.000 0.000 629.086 0.000 0.000 627.258 647.858 647.879 647.544 647.221 647.182 647.166 647.224 647.262 650.094 649.923 0.000 651.805 654.818 657.736 659.598 659.638 659.711
0.000 0.000 0.000 0.000 0.000 0.000 0.000 0.000 0.000 0.000 0.000 0.000 0.000 0.000 0.000 0.000 0.000 0.000 0.000 0.000 0.000 631.138 649.536 586.569 0.000 0.000 0.000 0.000 0.000 0.000 0.000 0.000 0.000 0.000 0.000 0.000 0.000 0.000 0.000 0.000 0.000 0.000 0.000 0.000 0.000 0.000 0.000 0.000 0.000 616.793 0.000 0.000 0.000 632.026 647.898 647.922 647.435 647.220 647.171 647.120 650.064 650.577 0.000 632.344 654.354 657.122 659.664 659.687 659.736 659.809
0.000 0.000 0.000 0.000 0.000 0.000 0.000 0.000 0.000 0.000 0.000 0.000 0.000 0.000 592.689 635.417 180.379 0.000 0.000 0.000 0.000 639.382 651.611 644.808 0.000 0.000 0.000 0.000 0.000 0.000 0.000 0.000 0.000 0.000 0.000 0.000 0.000 0.000 0.000 0.000 0.000 0.000 0.000 0.000 0.000 0.000 0.000 0.000 0.000 621.749 623.408 637.733 609.229 629.770 647.226 648.013 647.811 647.229 646.668 648.491 650.592 650.626 617.544 654.305 657.853 659.737 659.744 659.783 659.846 659.890
0.000 0.000 0.000 0.000 0.000 0.000 0.000 0.000 0.000 0.000 0.000 0.000 0.000 0.000 634.171 637.204 637.257 637.303 524.988 393.193 612.972 650.654 651.629 646.913 0.000 0.000 0.000 0.000 619.782 329.354 0.000 0.000 0.000 0.000 0.000 0.000 0.000 0.000 0.000 0.000 522.498 0.000 0.000 0.000 576.893 632.134 0.000 0.000 644.513 646.080 646.922 646.969 647.002 647.040 647.086 648.036 647.891 641.925 648.724 650.585 650.634 650.684 654.832 655.645 658.426 659.812 659.827 659.882 659.964 660.660
0.000 0.000 0.000 0.000 0.000 0.000 0.000 0.000 0.000 0.000 0.000 0.000 0.000 0.000 561.654 637.240 637.305 637.374 340.538 595.639 650.019 651.001 651.717 645.504 0.000 0.000 0.000 177.915 624.600 624.614 0.000 0.000 0.000 0.000 0.000 0.000 0.000 0.000 178.267 621.306 639.110 639.471 0.000 0.000 614.258 643.764 621.555 644.214 646.522 646.748 646.906 646.941 646.965 646.963 641.924 648.121 648.142 648.569 650.068 650.088 0.000 650.392 655.284 657.674 659.930 659.879 659.920 659.982 660.737 663.889
0.000 0.000 0.000 0.000 0.000 0.000 0.000 0.000 0.000 0.000 0.000 0.000 0.000 0.000 0.000 0.000 612.933 647.603 647.507 644.823 648.814 650.773 651.829 642.425 0.000 0.000 0.000 0.000 619.815 624.698 624.764 0.000 0.000 0.000 0.000 0.000 0.000 0.000 0.000 639.799 639.959 641.453 639.124 622.217 643.245 643.803 643.843 644.876 645.609 645.416 644.654 646.482 626.111 646.940 647.118 647.142 648.763 649.769 649.787 231.520 558.669 653.955 657.114 659.623 660.043 659.941 660.034 660.080 663.889 660.005
0.000 0.000 0.000 0.000 0.000 0.000 0.000 0.000 0.000 0.000 0.000 0.000 0.000 0.000 0.000 0.000 575.571 648.063 648.091 648.119 648.147 650.900 651.862 651.308 649.910 608.512 0.000 0.000 0.000 380.189 625.053 625.078 624.687 626.560 625.715 539.722 0.000 0.000 432.668 639.748 639.660 642.313 643.682 643.719 643.759 643.798 643.840 644.044 644.208 644.049 642.902 644.894 435.954 0.000 464.479 647.989 649.721 649.745 325.925 537.500 653.994 656.574 658.238 660.197 660.163 660.158 660.156 663.889 660.080 659.965
0.000 0.000 0.000 0.000 0.000 0.000 0.000 0.000 0.000 0.000 0.000 0.000 0.000 0.000 0.000 0.000 0.000 575.592 647.271 624.741 649.574 651.338 651.912 651.729 651.459 650.276 631.233 175.792 0.000 0.000 588.370 626.855 626.907 628.574 628.612 627.565 626.777 0.000 0.000 522.676 640.405 642.735 643.648 643.678 642.066 642.134 643.777 643.840 643.843 643.844 643.834 644.513 0.000 0.000 0.000 576.495 648.754 613.805 613.977 654.915 655.735 657.441 660.293 660.324 660.282 660.231 663.889 660.156 660.041 659.929
0.000 0.000 0.000 0.000 0.000 0.000 0.000 0.000 0.000 0.000 0.000 0.000 0.000 0.000 0.000 0.000 0.000 0.000 340.440 651.709 651.761 651.981 651.946 651.772 650.958 650.366 643.913 0.000 0.000 0.000 0.000 0.000 613.820 628.615 628.646 631.808 631.905 631.970 632.046 633.873 639.661 642.494 643.578 642.520 640.440 638.936 643.748 643.795 643.773 643.775 643.762 644.050 632.227 0.000 0.000 0.000 0.000 576.049 655.369 655.853 657.108 660.372 660.410 661.096 663.889 663.889 660.231 660.116 660.005 659.901
0.000 0.000 0.000 0.000 0.000 0.000 0.000 0.000 0.000 592.373 641.264 0.000 595.209 647.536 646.014 646.581 624.224 0.000 0.000 598.751 651.989 652.001 651.693 651.112 651.724 650.464 638.515 0.000 0.000 0.000 0.000 0.000 0.000 0.000 555.555 629.360 629.533 597.739 0.000 504.077 640.252 642.485 643.020 641.778 640.794 640.549 522.864 593.718 643.728 643.691 643.686 643.992 643.956 643.924 588.936 0.000 0.000 640.033 656.268 656.916 659.401 660.488 661.885 663.889 663.889 660.328 660.209 660.092 659.983 659.883
295.665 0.000 0.000 0.000 0.000 0.000 0.000 0.000 0.000 592.376 648.318 511.233 647.176 647.565 648.771 646.619 635.872 0.000 0.000 550.136 650.699 652.203 652.233 652.267 652.357 651.300 636.471 0.000 0.000 0.000 0.000 0.000 0.000 0.000 0.000 0.000 626.233 522.363 0.000 329.711 640.659 640.685 641.998 598.002 0.000 0.000 0.000 0.000 540.285 643.644 643.635 381.371 638.347 643.898 643.330 380.884 0.000 647.338 657.039 658.923 660.553 661.953 663.889 663.889 660.413 660.296 660.181 660.070 659.966 659.870
645.778 645.797 576.071 586.356 645.042 644.135 0.000 0.000 0.000 572.129 648.571 645.985 646.612 647.733 649.394 649.451 649.241 629.320 0.000 0.000 0.000 638.524 652.268 652.297 652.395 651.927 643.311 0.000 0.000 0.000 0.000 0.000 0.000 0.000 0.000 0.000 503.693 0.000 0.000 0.000 0.000 0.000 0.000 0.000 0.000 0.000 0.000 0.000 0.000 0.000 616.681 608.763 0.000 0.000 0.000 0.000 624.900 655.968 659.050 660.624 661.995 663.889 663.889 660.489 660.372 660.259 660.150 660.046 659.949 659.861
644.536 645.829 646.049 586.415 645.973 644.575 644.155 0.000 0.000 436.878 648.589 648.694 648.720 649.183 649.199 649.661 649.674 645.607 0.000 0.000 0.000 575.756 652.337 652.347 652.431 651.939 644.311 0.000 0.000 522.612 649.260 652.847 635.891 0.000 0.000 0.000 0.000 0.000 0.000 0.000 0.000 0.000 0.000 0.000 0.000 0.000 0.000 0.000 0.000 0.000 0.000 504.232 0.000 0.000 0.000 618.053 656.069 659.156 660.712 663.889 663.889 660.583 660.499 660.402 660.304 660.207 660.112 660.020 659.934 659.854
0.000 644.641 646.332 646.314 646.233 644.914 645.134 644.058 293.210 646.293 646.330 647.880 648.932 649.145 649.616 649.677 649.691 647.470 0.000 0.000 0.000 571.778 652.361 652.379 652.460 651.629 649.589 646.157 646.766 646.880 649.801 653.431 644.202 0.000 0.000 0.000 0.000 0.000 0.000 0.000 0.000 0.000 0.000 0.000 0.000 0.000 0.000 0.000 0.000 0.000 0.000 0.000 0.000 607.730 653.758 655.677 658.840 660.796 663.889 663.889 660.669 660.549 660.438 660.341 660.251 660.164 660.080 659.999 659.922 659.849
297.359 644.730 646.350 646.293 645.980 645.943 645.163 645.793 645.872 645.904 641.244 0.000 0.000 586.610 649.207 649.692 649.703 648.958 637.194 0.000 412.653 649.464 651.592 652.460 652.478 652.460 650.796 647.835 647.854 647.909 650.533 653.460 650.675 646.164 646.848 648.118 648.542 621.478 0.000 0.000 0.000 0.000 0.000 0.000 0.000 0.000 0.000 0.000 0.000 0.000 0.000 0.000 0.000 639.946 657.094 658.634 660.875 663.889 663.889 660.754 660.635 660.519 660.409 660.309 660.219 660.137 660.059 659.986 659.915 659.847
644.551 646.305 646.370 645.547 592.287 647.167 645.134 644.510 644.951 646.760 646.776 642.436 0.000 0.000 273.698 598.184 649.875 649.894 648.323 647.297 648.737 648.783 649.242 652.075 652.489 648.667 648.055 647.790 647.863 647.907 650.544 653.481 648.999 648.454 648.668 649.214 649.172 648.434 633.548 0.000 0.000 0.000 0.000 0.000 0.000 0.000 0.000 0.000 0.000 0.000 0.000 0.000 617.817 656.325 659.111 660.930 663.889 663.889 660.836 660.718 660.601 660.490 660.386 660.289 660.201 660.121 660.048 659.979 659.912 659.846
644.555 646.481 646.565 572.164 647.049 647.228 646.102 0.000 442.209 647.447 647.350 647.317 646.898 0.000 275.565 428.746 649.892 649.921 648.659 647.254 646.754 646.819 647.604 651.217 652.620 652.736 652.755 650.154 648.612 648.673 653.031 653.499 646.146 648.597 648.724 649.252 649.196 635.030 0.000 0.000 0.000 506.272 0.000 0.000 0.000 0.000 0.000 0.000 0.000 0.000 625.464 655.059 656.477 658.909 663.889 663.889 660.930 660.847 660.752 660.654 660.554 660.456 660.361 660.272 660.189 660.113 660.042 659.975 659.910 659.860
645.738 646.568 646.587 647.188 647.227 647.303 647.372 647.402 647.430 647.475 647.515 643.979 289.481 576.336 598.196 649.084 649.120 649.952 649.983 650.532 650.599 650.635 651.047 651.114 651.240 652.411 652.930 653.399 653.487 653.549 653.916 653.964 652.761 653.815 653.873 654.268 642.484 0.000 0.000 0.000 0.000 518.668 0.000 0.000 0.000 0.000 0.000 0.000 522.526 655.506 655.659 659.018 660.068 663.889 663.889 662.230 660.959 660.835 660.715 660.613 660.518 660.427 660.340 660.258 660.179 660.107 660.039 659.972 659.924 659.883
623.906 646.543 621.688 647.094 647.125 647.166 647.343 647.377 647.396 647.407 647.549 647.722 645.430 395.932 648.484 648.506 648.590 648.671 648.415 649.571 650.555 650.617 649.343 0.000 177.148 566.961 653.137 653.295 653.555 653.750 653.908 654.006 654.093 654.182 654.268 654.322 654.366 633.277 0.000 538.034 654.309 655.731 656.702 648.956 0.000 0.000 0.000 317.918 655.796 657.090 659.758 661.148 663.889 663.889 662.266 661.022 660.909 660.797 660.687 660.585 660.491 660.404 660.323 660.246 660.173 660.103 660.034 659.984 659.944 641.784
644.251 645.271 645.311 646.296 646.334 646.374 647.300 647.346 647.365 646.528 647.497 647.773 647.834 648.262 648.463 647.669 647.331 646.888 648.239 650.435 650.506 648.148 637.375 0.000 0.000 0.000 276.922 650.769 648.251 648.421 648.566 648.682 649.244 650.918 654.131 654.345 654.415 654.690 654.483 654.552 656.129 656.911 656.725 657.472 657.283 656.739 656.504 656.842 659.039 660.632 661.193 663.889 663.889 662.296 661.084 660.970 660.861 660.757 660.656 660.559 660.469 660.387 660.310 660.237 660.166 660.096 660.043 659.998 615.901 0.000
0.000 0.000 0.000 0.000 641.138 644.611 646.738 647.187 645.750 644.797 644.846 647.713 647.773 647.632 646.474 646.882 647.741 648.263 648.326 648.368 646.347 639.284 0.000 651.144 651.884 651.617 651.761 652.209 652.449 652.439 652.509 652.632 652.615 652.588 654.227 654.292 653.929 655.067 655.013 655.870 657.592 657.918 657.956 657.991 657.184 657.459 658.959 660.729 661.283 663.889 663.889 661.899 662.296 661.129 661.021 660.914 660.813 660.716 660.622 660.533 660.450 660.374 660.300 660.228 660.176 659.942 658.304 633.880 0.000 0.000
375.722 422.469 456.846 0.000 0.000 643.503 645.631 646.456 644.411 642.561 645.440 645.516 647.517 647.966 647.838 646.631 648.455 647.899 646.398 648.422 642.456 0.000 651.865 652.354 652.396 652.534 652.594 652.709 652.846 652.899 652.989 653.071 654.474 654.598 654.632 654.659 654.687 655.124 655.179 655.230 655.719 638.771 512.162 658.952 659.586 659.620 659.655 661.351 663.889 663.889 661.953 661.883 661.179 661.069 660.960 660.860 660.766 660.676 660.590 660.510 660.435 660.362 660.287 660.238 659.164 656.792 619.594 0.000 0.000 0.000
613.699 616.098 625.122 422.171 0.000 492.946 606.472 644.960 639.663 0.000 643.551 647.232 647.274 648.095 643.724 0.000 648.495 647.270 648.440 648.858 651.316 652.441 652.467 652.613 652.808 653.014 654.268 654.290 654.322 654.351 654.374 654.444 654.460 648.711 650.350 650.398 655.022 655.066 654.447 653.594 637.300 0.000 0.000 456.685 656.447 659.266 662.087 663.889 663.889 661.317 661.219 661.178 661.083 660.987 660.893 660.804 660.720 660.639 660.563 660.493 660.422 660.369 660.223 657.728 656.089 614.280 0.000 0.000 0.000 0.000
616.533 625.602 628.264 625.138 590.758 558.045 644.217 644.240 0.000 0.000 0.000 643.221 648.097 648.154 0.000 504.515 650.764 647.955 651.216 652.164 652.244 652.486 652.572 652.589 651.292 648.961 646.785 645.791 647.545 648.271 638.161 0.000 650.773 650.324 650.412 654.177 654.959 654.668 648.787 653.524 637.434 0.000 322.902 655.900 658.066 662.126 663.889 663.889 661.383 661.269 661.163 661.080 660.997 660.914 660.833 660.756 660.682 660.611 660.545 660.477 660.423 659.400 656.886 628.995 0.000 0.000 0.000 0.000 0.000 0.000
627.517 626.829 628.410 628.470 628.847 626.113 254.114 545.995 500.263 328.260 266.581 0.000 0.000 649.372 648.968 650.766 650.797 650.838 650.874 652.052 652.433 652.442 650.906 650.613 647.878 648.874 642.807 0.000 649.629 649.738 641.605 0.000 650.725 650.375 651.194 654.727 654.752 654.259 638.443 0.000 381.947 655.457 655.064 657.267 661.460 663.889 661.454 661.388 661.294 661.200 661.107 661.018 660.936 660.862 660.792 660.724 660.658 660.595 660.550 660.487 657.694 655.514 619.308 0.000 0.000 0.000 0.000 0.000 0.000 0.000
627.915 628.499 628.658 628.674 628.926 624.027 0.000 0.000 649.542 649.562 649.331 380.946 536.099 650.438 650.474 650.499 650.807 650.854 650.967 652.055 652.425 652.434 651.926 651.916 646.191 648.465 648.522 649.452 649.592 649.889 650.073 650.253 648.879 649.046 654.608 654.631 653.953 649.294 639.930 0.000 293.624 655.839 656.664 660.979 661.541 663.889 661.480 661.365 661.251 661.153 661.060 660.976 660.903 660.837 660.772 660.708 660.646 660.607 660.017 656.270 653.864 654.128 599.894 0.000 0.000 0.000 0.000 0.000 0.000 0.000
627.015 627.254 628.854 628.926 629.025 548.023 0.000 388.963 648.464 649.586 649.606 650.127 650.139 650.487 650.723 650.746 650.769 650.815 650.854 650.722 647.850 644.039 647.843 646.164 648.313 648.445 648.864 649.357 649.825 650.072 650.241 650.331 653.939 654.474 654.574 643.064 0.000 643.318 0.000 0.000 288.261 656.419 659.964 662.203 663.889 663.889 661.509 661.380 661.224 661.106 661.020 660.954 660.891 660.829 660.763 660.696 660.471 652.639 0.000 0.000 0.000 0.000 0.000 0.000 0.000 0.000 571.599 549.703 542.524 532.384
625.756 624.837 628.941 629.001 629.130 629.273 501.215 648.962 648.626 648.578 650.051 649.876 650.351 650.477 650.063 648.984 648.502 649.133 650.656 650.677 650.612 647.703 647.306 647.575 647.618 648.326 648.456 648.738 649.968 650.169 650.295 651.111 653.797 654.449 646.993 0.000 0.000 0.000 0.000 605.614 659.283 659.308 661.550 661.647 663.889 661.574 661.498 661.436 661.104 661.054 661.004 660.948 660.889 660.843 660.263 657.196 656.080 611.885 0.000 0.000 0.000 0.000 0.000 0.000 0.000 577.804 578.598 579.227 579.181 579.206
