results4_8e4_rain/res_4e8f-0042.wd
ncols         241
nrows         181
xllcorner     12693529.787448
yllcorner     3542525.717860
cellsize      155.156523
NODATA_value  -9999.000000
[rows 132 to 164 of 181, columns 0 to 73 of 241]
78.837 83.838 87.840 87.842 89.846 89.850 83.855 74.861 60.867 49.875 48.884 49.894 48.905 47.917 52.930 66.944 77.960 82.977 82.996 80.016 72.037 63.060 54.082 48.103 53.123 55.136 54.143 55.143 53.141 48.136 62.125 85.103 52.057 0.000 0.000 0.000 0.000 44.139 56.124 53.104 55.090 61.086 79.090 65.097 49.102 48.106 48.109 60.109 81.106 22.098 0.000 0.000 0.000 0.000 0.000 0.000 0.000 0.000 0.000 0.000 0.000 0.000 0.000 0.000 19.539 0.000 3.069 44.001 66.870 70.772 70.664 80.749 108.212 98.559
56.861 58.861 61.863 67.866 77.869 83.873 88.878 88.884 81.891 67.899 56.908 50.918 54.929 61.942 74.955 89.970 88.986 86.004 86.022 89.042 89.062 85.083 73.104 61.123 53.141 48.156 49.166 48.173 49.177 57.180 79.181 87.181 0.000 0.000 0.000 0.000 2.154 30.154 48.172 57.163 58.146 55.144 56.157 66.166 61.170 54.170 58.167 66.161 79.149 20.120 6.111 12.102 0.000 0.000 0.000 0.000 0.000 0.000 0.000 0.000 0.000 0.000 0.000 0.000 1.539 0.000 51.139 73.065 68.948 77.920 68.982 108.342 97.098 98.606
48.884 48.885 48.886 50.889 55.892 59.897 66.902 75.908 83.915 86.923 80.932 78.942 80.954 83.966 82.981 75.996 67.012 65.030 65.048 70.067 76.087 83.107 86.127 85.146 74.164 64.180 59.194 57.205 66.216 82.227 83.240 69.259 2.300 0.000 0.000 0.000 0.000 0.000 31.246 58.232 37.190 25.187 40.229 55.242 70.243 74.238 76.230 77.220 73.212 0.208 0.000 15.095 12.092 0.034 6.082 0.021 0.000 0.000 0.000 0.000 0.000 0.000 35.663 5.617 71.539 93.435 126.252 82.212 77.259 58.213 94.274 98.775 98.674 107.406
49.907 49.908 49.910 49.912 48.916 47.920 49.925 54.932 60.939 70.947 80.956 82.966 75.978 65.991 60.005 52.021 48.038 48.056 48.074 50.093 55.112 61.132 68.152 80.171 85.190 87.207 86.224 82.240 85.256 78.273 60.292 52.316 31.342 0.000 0.000 0.000 0.000 0.000 24.335 57.328 0.342 0.000 33.330 58.329 77.323 85.311 71.294 74.277 60.268 18.278 0.000 42.091 11.089 3.085 14.083 14.082 0.000 0.000 0.000 0.000 0.000 22.759 41.709 114.651 143.572 126.436 109.971 108.903 100.568 99.216 99.079 98.933 64.157 109.069
49.930 49.931 49.933 49.936 49.939 49.944 49.949 48.955 48.962 51.970 57.979 56.989 53.001 49.014 49.029 49.046 50.063 50.082 50.100 50.119 49.139 48.158 50.178 56.198 63.217 72.236 80.256 76.275 65.295 53.317 49.342 54.372 62.411 38.474 16.511 16.529 2.526 3.497 39.431 60.419 10.453 0.000 52.432 84.423 86.408 65.388 68.361 67.327 55.305 44.291 0.000 23.091 0.000 0.000 0.000 0.000 0.000 0.000 0.000 0.000 0.000 3.812 66.760 72.680 68.664 69.814 67.779 99.582 99.467 99.346 66.525 69.297 71.162 72.822
49.953 49.954 49.956 49.959 49.963 49.967 49.972 49.979 49.986 49.993 49.002 49.012 49.023 50.037 50.053 50.071 50.089 50.108 50.127 50.146 50.165 50.185 50.205 49.225 48.246 49.267 53.288 51.310 50.333 54.359 57.387 56.419 54.457 56.499 56.532 53.551 53.554 57.533 32.475 18.463 7.495 25.569 70.545 84.524 64.500 57.472 56.435 36.365 32.335 0.000 0.000 0.000 0.000 0.000 0.000 0.000 0.000 14.329 29.311 0.000 13.001 75.886 82.882 80.954 78.939 80.015 99.797 99.692 80.790 87.575 80.423 86.190 78.026 56.960
49.976 49.977 49.979 49.982 49.986 49.991 49.996 50.002 50.009 50.016 50.024 50.034 50.045 50.058 50.076 50.096 50.116 50.135 50.154 49.173 56.192 58.212 50.233 49.253 48.275 49.297 51.320 54.345 57.371 56.399 51.429 52.463 59.498 62.535 58.567 52.591 49.605 58.608 0.000 0.000 0.000 65.669 74.653 61.629 53.598 73.567 19.543 0.000 0.000 0.000 0.000 0.000 0.000 0.000 0.000 0.000 24.386 66.346 95.296 56.205 89.045 97.196 94.159 93.250 100.092 99.998 99.899 92.886 94.756 94.450 93.305 92.232 10.143 0.000
49.999 50.000 50.002 50.005 50.009 50.014 50.020 50.026 50.033 50.040 53.047 53.055 51.064 55.077 53.096 50.122 50.144 50.163 49.182 47.201 58.220 66.240 52.260 49.282 51.304 54.328 56.352 55.379 52.407 54.437 59.469 61.504 62.540 62.577 57.611 51.642 60.667 79.686 0.000 0.000 0.000 39.786 62.771 59.741 63.696 83.655 17.627 0.000 0.000 0.000 0.000 0.000 0.000 0.000 0.000 22.476 74.429 90.372 93.295 98.276 95.421 92.406 100.352 100.270 100.184 92.213 92.992 93.858 93.534 93.502 86.429 63.331 0.000 0.000
50.022 50.023 50.025 50.028 50.032 50.038 50.044 50.050 50.057 51.063 58.069 58.075 35.080 3.090 24.112 54.152 48.174 51.193 57.211 60.229 60.248 56.268 52.288 53.310 56.333 55.358 54.384 56.412 60.442 60.474 62.508 61.545 52.582 47.621 49.660 62.698 81.738 91.783 13.853 0.000 0.000 14.918 70.906 72.867 79.792 78.732 14.684 0.000 0.000 0.000 0.000 0.000 0.000 0.630 26.579 70.531 92.450 95.461 94.542 94.536 93.620 100.510 100.433 92.433 93.227 94.082 93.864 93.715 93.667 85.597 77.553 0.000 0.000 0.000
50.044 50.045 50.047 50.051 50.056 50.061 50.068 50.075 50.082 52.088 61.093 72.096 48.094 0.000 0.000 39.199 65.210 57.224 55.240 55.257 53.276 52.295 54.316 56.338 54.361 50.387 52.414 64.443 66.475 56.509 50.546 47.584 47.625 52.666 66.710 82.755 79.803 63.858 35.923 3.992 0.000 42.062 71.069 53.030 43.872 35.796 0.743 0.000 0.000 0.000 0.000 0.000 0.000 19.674 70.626 92.535 94.725 93.715 93.821 100.734 100.662 100.587 92.504 94.378 94.087 93.956 93.897 93.819 87.740 74.673 64.634 0.000 0.000 0.000
50.067 50.068 50.069 50.073 50.078 50.085 50.093 50.101 50.109 52.116 62.121 49.121 5.107 0.000 0.000 7.237 61.244 53.255 55.269 54.285 52.303 55.322 56.343 53.365 50.389 46.415 56.443 70.474 57.507 47.543 48.582 53.623 63.666 74.711 85.758 78.809 56.863 51.923 70.989 78.062 79.151 83.200 58.280 19.313 0.000 0.000 0.000 0.000 0.000 0.000 0.000 0.000 24.774 70.707 92.718 94.899 93.919 100.935 100.871 100.804 92.786 93.578 94.458 94.152 94.132 94.068 93.989 94.893 82.809 53.719 42.677 0.676 0.000 0.000
49.089 49.090 50.091 50.094 50.101 50.109 50.118 50.127 50.137 53.146 63.155 34.162 0.000 0.000 31.276 33.269 50.274 52.284 40.297 22.313 60.330 55.349 51.369 50.391 48.415 50.441 66.470 69.502 51.537 54.576 66.617 75.661 84.706 82.754 70.805 56.860 49.919 65.983 70.049 58.117 39.192 37.309 25.536 5.630 0.104 0.000 0.000 12.947 7.947 0.000 0.000 18.854 70.873 93.971 94.991 93.100 101.059 100.998 92.964 93.768 94.637 94.439 94.312 94.283 94.225 94.170 97.095 60.957 40.883 0.000 0.000 0.000 0.000 0.000
58.113 56.112 53.110 51.113 48.122 48.133 48.144 48.155 47.166 52.177 64.191 47.210 28.248 36.272 54.284 50.290 47.299 53.310 48.323 35.339 55.356 49.375 48.395 48.416 50.440 64.466 72.495 38.528 30.565 80.606 85.651 80.698 69.745 59.795 51.848 47.907 58.971 71.040 39.110 14.165 0.000 0.000 5.925 5.039 0.289 1.729 4.883 32.947 16.947 0.000 0.000 51.100 93.139 92.262 101.238 101.180 101.120 93.011 94.891 94.613 94.500 94.464 96.415 91.359 93.324 94.292 105.266 0.000 0.000 0.000 0.000 0.000 0.000 0.000
59.138 61.135 67.124 68.129 68.142 65.158 66.171 65.183 64.195 64.207 66.222 49.240 53.264 52.284 49.299 52.310 52.322 51.334 56.349 58.364 52.381 46.400 48.420 50.441 64.463 69.488 58.516 52.550 61.589 84.635 67.684 58.734 50.783 48.834 50.888 49.948 64.019 73.098 37.184 13.270 1.608 3.985 7.200 2.311 5.140 11.643 13.896 7.011 0.000 0.000 29.289 71.346 101.401 101.348 101.294 93.260 94.057 94.946 94.651 94.643 95.595 95.543 68.493 46.423 81.417 95.407 100.412 40.468 0.000 0.000 0.000 0.000 0.000 0.000
52.167 46.167 0.000 1.143 10.160 57.186 54.201 54.212 54.224 58.236 67.250 48.266 49.285 48.302 51.317 55.331 56.344 54.358 53.373 56.389 57.406 54.425 48.444 65.464 71.486 62.508 68.534 85.566 82.608 64.660 52.718 48.770 50.820 50.869 49.922 54.982 71.058 73.151 65.260 68.372 39.525 1.841 0.000 0.000 10.629 17.844 8.047 5.192 0.000 24.327 72.457 101.501 101.452 93.417 94.217 95.094 94.904 94.786 94.766 95.714 93.667 87.620 12.593 0.000 63.514 98.507 95.509 94.523 0.000 0.000 0.000 0.000 0.000 0.000
50.198 42.199 0.000 0.000 0.000 53.228 49.234 49.243 49.252 53.263 67.276 45.291 49.307 53.323 55.338 56.353 53.367 50.382 48.397 50.414 60.431 73.449 68.468 69.488 46.507 40.526 92.546 78.573 45.618 5.679 25.759 53.811 50.858 50.903 52.949 45.999 30.082 20.189 32.335 72.434 48.528 1.867 0.999 0.000 6.903 12.056 6.257 11.511 12.152 50.458 101.577 92.620 96.350 95.244 95.055 94.942 94.914 94.874 95.828 95.786 60.741 36.676 22.666 25.668 76.618 97.598 93.592 84.594 2.594 0.000 0.000 0.000 0.000 0.000
50.228 50.233 33.249 0.000 0.000 54.264 50.267 50.273 49.280 50.290 65.301 52.315 55.330 57.346 56.361 51.376 48.391 49.406 49.422 48.438 58.455 81.474 77.493 64.512 57.530 48.545 24.551 13.564 0.590 0.000 6.830 55.859 50.897 52.937 35.972 9.985 0.000 0.000 34.457 51.500 20.514 0.000 1.386 6.885 14.025 10.219 4.410 0.000 2.786 49.904 101.671 95.509 95.261 95.080 95.061 95.022 94.977 94.935 92.896 83.862 16.836 0.000 33.729 92.718 97.694 95.676 89.668 79.666 0.000 0.000 0.000 0.000 0.000 0.000
47.254 49.258 46.265 0.000 0.000 54.297 49.298 47.302 49.307 53.315 57.326 56.339 56.354 54.369 48.385 49.400 49.415 50.430 50.446 55.462 73.480 72.498 65.518 74.538 72.557 43.572 0.000 0.000 0.000 0.000 4.873 55.897 50.935 53.978 25.016 0.000 21.430 47.487 67.538 36.597 0.000 0.000 0.000 0.000 6.093 6.386 6.753 2.557 2.620 101.939 101.807 94.428 95.261 95.158 95.120 95.077 95.036 96.996 81.960 64.928 24.906 0.892 48.803 78.783 87.762 96.746 85.737 74.736 0.000 0.000 0.000 0.000 0.000 0.000
54.277 52.282 41.289 0.000 40.341 48.330 50.328 54.330 55.333 56.339 54.348 55.361 53.378 49.394 49.410 50.425 50.439 49.454 51.470 74.487 73.504 55.523 68.543 66.565 70.588 68.615 31.652 0.000 0.000 26.873 31.891 51.924 50.969 51.025 46.101 38.234 55.375 54.492 48.611 70.754 18.937 0.000 0.000 0.000 4.867 3.481 5.021 29.639 54.273 102.050 96.784 96.503 96.239 95.220 95.176 95.134 96.093 94.054 49.018 25.985 37.957 38.933 92.880 94.848 74.825 84.808 79.800 52.804 17.829 0.000 0.000 0.000 0.000 0.000
55.295 56.304 53.320 41.345 55.353 55.354 55.355 56.356 56.358 57.359 69.367 51.382 49.403 49.421 50.436 50.450 50.465 51.479 65.494 76.511 51.528 55.548 82.568 74.592 62.618 65.649 68.690 52.749 57.801 72.855 65.897 53.941 46.991 47.052 58.128 74.228 61.344 33.498 5.660 60.872 50.120 2.355 6.352 11.746 8.210 0.589 3.222 44.719 97.111 102.142 93.762 96.397 97.319 95.275 95.232 95.190 88.149 78.110 35.073 6.038 15.006 15.973 76.936 118.905 99.880 75.863 67.852 46.850 55.855 8.855 0.000 0.000 0.000 19.908
60.307 60.318 56.344 56.363 56.373 57.379 57.382 53.384 50.383 49.373 12.379 2.397 53.432 50.450 50.464 50.477 49.490 52.504 76.518 62.534 47.552 53.571 70.592 87.616 82.642 79.674 77.711 73.756 69.801 68.849 76.900 73.952 68.005 64.064 67.132 71.208 33.274 0.000 0.000 12.954 9.037 0.000 7.475 17.678 13.982 5.058 0.560 43.931 102.318 102.231 96.667 98.491 95.372 95.333 96.288 92.245 76.203 69.163 75.125 81.089 65.054 87.020 101.986 118.955 127.930 111.910 73.896 78.888 53.887 0.000 0.000 0.000 0.000 0.000
0.000 0.343 60.376 55.390 55.399 50.406 47.412 49.416 44.419 0.000 0.000 0.000 54.478 50.485 50.494 50.505 50.516 68.528 75.542 48.557 50.574 50.593 53.614 59.638 61.664 61.693 57.726 60.762 76.800 69.843 60.902 63.964 71.013 75.067 78.130 75.199 50.270 15.331 0.000 0.000 0.000 0.000 2.394 11.509 0.000 0.000 13.935 74.146 102.404 94.040 97.731 97.462 95.437 95.387 96.342 91.298 78.256 44.215 51.176 94.138 105.102 137.066 128.032 100.001 87.973 104.950 83.933 77.922 52.916 0.000 0.000 0.000 0.000 0.000
0.000 0.000 9.398 64.421 49.430 47.434 49.443 49.451 50.458 0.000 0.000 43.533 51.519 50.519 50.524 50.532 52.542 76.553 61.565 47.579 50.595 50.614 50.635 49.658 49.683 49.709 48.737 55.767 84.796 63.819 0.000 2.991 15.018 66.062 76.121 60.191 65.277 52.392 4.639 2.369 0.000 0.000 8.989 1.309 0.000 0.000 32.127 102.577 102.491 96.920 98.638 94.538 95.490 95.442 95.395 95.350 82.307 45.265 60.225 97.186 93.148 127.112 122.076 91.043 96.012 81.986 62.964 80.949 58.941 0.000 0.000 0.000 0.000 0.000
48.553 44.552 0.000 56.467 66.466 67.459 48.477 60.489 67.503 43.534 41.547 51.548 50.546 50.547 50.552 50.559 69.567 73.576 48.587 50.599 49.614 48.634 50.656 50.678 50.701 50.724 49.749 57.774 86.798 67.821 13.838 0.000 38.007 63.044 76.102 55.167 45.255 4.323 0.000 2.246 1.868 10.490 14.739 0.000 0.000 11.130 73.334 102.664 94.210 97.893 97.627 95.596 95.543 95.494 95.447 96.401 87.357 76.314 99.273 124.233 112.194 129.156 126.118 120.082 127.048 93.016 69.989 79.969 87.958 16.956 0.000 0.000 0.000 0.000
50.555 49.551 44.539 50.515 49.509 0.000 71.517 63.524 50.535 51.551 51.561 50.567 50.570 50.574 50.579 53.585 76.592 59.600 49.608 50.617 56.631 64.651 50.676 48.698 50.719 49.739 52.760 76.782 84.804 59.828 47.855 35.901 57.959 57.006 18.076 3.122 0.177 0.000 0.000 0.000 0.000 0.000 0.000 0.000 14.341 71.399 93.504 102.750 95.167 95.786 95.698 95.645 95.594 95.545 95.497 96.451 87.406 70.362 66.320 99.279 89.238 103.199 106.160 94.120 96.081 68.041 45.007 58.982 125.965 78.954 13.942 3.931 25.921 46.915
50.563 50.559 50.553 50.545 50.546 44.558 60.552 76.555 52.563 49.573 50.582 50.589 50.594 50.599 49.605 72.611 74.618 48.623 50.628 51.632 48.642 10.664 69.700 64.721 51.738 49.755 67.772 86.790 70.809 50.831 50.857 51.889 54.922 58.946 0.000 0.000 0.000 0.000 0.000 0.000 0.000 0.000 0.000 0.000 37.548 94.612 102.920 102.835 95.063 95.870 95.743 95.696 95.643 95.594 95.545 94.499 79.453 81.409 101.366 120.324 119.283 124.242 129.201 116.159 114.113 101.062 50.017 47.986 123.966 87.952 25.942 18.930 83.918 116.912
50.575 50.570 50.568 50.569 50.572 50.578 50.579 61.583 76.590 52.597 49.605 50.612 50.619 48.625 56.632 77.638 57.644 49.649 51.650 49.640 0.000 0.000 57.740 58.748 64.759 63.770 71.783 70.798 51.814 49.831 51.852 54.876 59.897 59.910 0.000 0.000 0.000 0.000 0.000 0.000 0.000 0.000 0.000 0.225 45.993 99.898 103.004 94.440 96.108 95.833 95.800 95.743 95.691 95.641 95.593 95.546 81.500 77.455 98.411 99.368 99.326 102.285 102.244 101.201 106.152 79.075 55.013 69.980 84.960 23.949 0.000 0.000 27.908 53.907
50.592 52.580 52.579 50.591 50.597 50.601 50.605 50.609 61.615 76.623 52.630 47.638 47.645 64.652 76.660 70.667 47.674 50.679 46.683 0.000 0.000 43.786 50.774 50.774 56.778 73.786 73.795 66.805 59.816 51.830 38.845 8.867 73.881 53.888 0.000 0.000 0.000 0.000 0.000 0.000 0.000 0.000 0.000 0.412 19.789 103.176 103.090 95.303 96.006 95.898 95.844 95.789 95.737 95.687 95.638 96.591 91.545 81.500 76.456 75.412 75.369 75.328 75.288 79.250 53.219 0.000 22.978 78.962 74.945 35.935 0.000 0.000 26.900 72.901
51.622 0.000 0.000 50.621 49.624 48.627 48.630 47.635 47.641 60.648 75.656 68.664 75.672 77.680 64.688 48.696 55.705 55.713 43.720 0.000 0.000 54.799 50.796 52.795 76.797 83.800 61.805 52.812 59.819 66.826 54.833 0.000 33.871 51.875 0.000 0.000 0.000 0.000 0.000 0.000 0.000 0.000 0.000 0.699 6.548 103.261 100.595 96.255 95.984 95.946 95.888 95.834 95.782 95.731 95.683 95.636 96.590 95.544 93.500 92.455 92.412 93.370 95.329 69.291 11.255 0.000 7.961 63.943 94.926 85.909 58.889 34.884 51.891 54.895
50.653 49.663 0.000 49.650 60.650 64.652 68.655 73.660 76.666 77.674 77.683 77.691 63.700 50.708 66.717 83.727 84.737 84.749 77.764 55.790 0.000 51.817 49.816 58.814 86.814 73.814 50.816 49.818 51.821 54.825 45.828 0.000 10.858 10.866 0.000 0.000 0.000 0.000 0.000 0.000 0.000 0.000 7.807 9.326 3.455 103.336 104.532 100.137 96.043 95.985 95.929 95.876 95.824 95.774 95.726 95.679 95.634 95.588 95.543 95.498 96.452 99.410 71.370 4.330 0.000 0.000 0.000 8.924 64.905 95.888 86.875 62.872 39.884 8.889
50.674 52.674 48.685 50.678 65.677 64.678 60.680 56.684 55.689 51.700 72.710 62.719 73.728 64.737 80.747 76.757 69.769 70.782 81.798 87.818 76.837 77.837 69.836 77.834 85.831 58.828 49.826 50.824 50.824 49.825 49.827 51.830 46.839 0.000 55.807 46.807 0.000 0.000 0.000 0.000 0.000 0.000 76.433 73.646 103.439 103.392 98.415 99.207 96.076 96.024 95.969 95.916 95.865 95.816 95.768 95.722 95.677 95.632 95.587 97.540 102.490 71.448 11.409 0.000 0.000 0.000 0.000 0.000 5.883 56.862 91.851 41.846 0.000 0.000
52.698 0.000 47.703 50.702 50.701 50.702 49.705 50.707 52.708 50.728 62.739 57.749 66.758 77.767 65.776 50.787 51.799 52.814 53.830 58.845 71.857 81.860 87.858 85.854 74.849 50.842 50.836 50.830 50.827 50.825 51.825 74.826 47.828 0.000 51.809 1.807 0.000 0.000 0.000 0.000 0.000 7.903 96.209 98.417 103.476 96.784 96.433 96.156 96.119 96.060 96.006 95.954 95.904 95.856 95.809 95.764 95.720 95.677 97.633 82.586 36.520 3.484 0.000 0.000 0.000 0.000 0.000 0.000 0.000 27.825 89.820 41.816 0.000 0.000
53.721 0.000 47.725 50.724 50.725 50.727 50.730 51.732 0.000 49.765 53.771 64.779 64.788 72.797 77.805 63.815 48.828 48.844 48.863 50.878 52.887 53.888 54.884 54.877 53.868 52.858 48.845 48.835 49.828 50.825 61.823 75.822 46.821 40.815 42.812 0.000 0.000 0.000 0.000 0.000 0.000 11.885 95.015 103.535 103.505 95.620 96.316 96.206 96.149 96.093 96.040 95.990 95.941 95.894 95.849 95.805 95.763 95.721 100.683 56.651 0.000 0.000 0.000 0.000 0.000 0.000 0.000 0.000 0.000 30.793 90.788 49.783 0.000 0.000
