results4_8e4_rain/res_4e8f-0120.wd
ncols         241
nrows         181
xllcorner     12693529.787448
yllcorner     3542525.717860
cellsize      155.156523
NODATA_value  -9999.000000
[rows 0 to 32 of 181, columns 146 to 218 of 241]
0.000 0.000 0.000 0.000 0.000 0.000 0.000 0.000 0.000 0.000 0.000 0.000 0.000 0.000 4.680 15.558 16.356 16.103 15.821 15.527 15.236 14.962 14.717 14.508 14.338 14.205 14.107 14.038 13.995 13.971 13.961 18.957 0.000 0.000 0.000 0.000 0.000 0.000 0.000 0.000 0.000 0.000 0.000 0.000 0.000 0.000 0.000 0.000 0.000 10.761 17.761 0.000 0.000 35.036 40.036 0.000 0.000 0.000 0.000 0.000 0.000 0.000 0.000 0.000 0.000 0.000 0.000 0.000 0.000 0.000 0.000 0.000 0.000
0.000 0.000 0.000 0.000 0.000 0.000 0.000 0.000 0.000 0.000 0.000 0.000 0.000 0.282 15.802 16.639 16.406 16.133 15.834 15.524 15.218 14.933 16.682 15.470 14.300 14.170 14.077 14.014 13.976 13.958 13.954 18.953 0.000 0.000 0.000 0.000 0.000 0.000 0.000 0.000 0.000 0.000 0.000 0.000 0.000 0.000 0.000 0.000 7.762 29.761 5.761 0.000 14.038 47.037 41.036 0.000 0.000 0.000 0.000 0.000 0.000 0.000 0.000 0.000 0.000 0.000 0.000 0.000 25.982 0.000 0.000 0.000 0.000
0.000 0.000 0.000 0.000 0.000 0.000 0.000 0.000 0.000 0.000 0.000 0.000 0.000 19.415 18.080 16.789 16.497 16.188 15.858 15.515 15.180 16.872 16.606 14.390 14.223 14.100 14.016 13.963 13.937 13.930 15.944 9.949 0.000 0.000 0.000 0.000 0.000 0.000 0.000 0.000 0.000 0.000 0.000 0.000 0.000 0.000 0.000 0.000 19.763 0.000 0.000 9.039 40.038 2.038 0.000 0.000 0.000 0.000 0.000 0.000 0.000 0.000 0.000 0.000 0.000 0.000 0.000 0.000 28.982 0.982 0.000 0.000 0.000
0.000 0.000 0.000 0.000 0.000 0.000 0.000 0.000 0.000 0.000 0.000 0.000 2.461 18.756 17.316 16.941 16.604 16.265 15.894 15.500 16.114 15.767 14.481 14.261 14.100 13.991 13.923 13.888 13.877 19.883 0.000 0.000 0.000 0.000 0.000 0.000 0.000 0.000 0.000 0.000 0.000 0.000 0.000 4.766 0.000 0.000 0.000 3.765 63.765 0.000 0.000 15.039 42.040 0.000 0.000 0.000 0.000 0.000 0.000 0.000 0.000 0.000 0.999 6.999 25.998 0.000 0.000 18.983 27.983 28.982 0.982 0.000 0.000
0.000 0.000 0.000 0.000 0.000 0.000 0.000 0.000 0.000 0.000 0.000 7.965 1.219 2.392 17.485 17.054 16.713 16.372 15.955 15.479 16.007 15.602 14.291 14.071 13.926 13.841 13.799 13.788 14.799 15.841 0.000 0.000 0.000 0.000 0.000 0.000 0.000 0.000 0.000 0.000 0.000 0.000 5.766 28.766 23.767 0.000 0.000 19.766 47.766 0.000 0.000 0.000 42.043 0.000 0.000 0.000 0.000 0.000 0.000 0.000 0.000 0.000 41.000 44.999 46.998 0.000 0.000 31.984 26.984 26.983 36.982 0.000 0.000
0.000 0.000 0.000 0.000 0.000 0.000 0.000 0.000 0.000 0.000 10.608 3.251 1.662 1.155 1.166 15.076 16.824 16.557 16.073 17.452 16.833 14.344 14.010 13.805 13.694 13.647 13.643 13.664 19.692 0.000 0.000 0.000 0.000 0.000 0.000 0.000 0.000 0.000 0.000 0.000 0.000 0.000 0.000 8.767 29.767 21.768 19.768 1.768 32.767 5.767 0.000 0.000 27.046 40.048 31.049 29.049 38.049 0.000 0.000 0.000 0.000 0.000 41.002 43.000 47.998 26.994 15.990 32.987 35.985 0.000 0.000 0.000 0.938
0.000 0.000 0.000 0.000 0.000 0.000 0.000 0.000 0.000 0.000 6.959 3.704 3.369 2.891 0.322 0.503 9.948 17.959 17.329 17.424 14.530 13.931 13.601 13.446 13.397 13.411 13.462 13.534 8.613 0.000 0.000 0.000 0.000 0.000 25.800 58.801 0.000 0.000 0.000 0.000 0.000 0.000 0.000 5.767 29.768 42.769 77.769 39.769 40.768 11.767 0.000 0.000 24.048 43.050 28.050 24.050 41.049 0.000 0.000 0.000 0.000 0.000 28.005 34.002 29.999 29.994 33.990 36.987 44.985 0.000 0.000 0.000 23.938
0.000 0.000 0.000 0.000 0.000 0.000 0.000 0.000 0.000 30.048 30.563 7.198 2.840 3.112 2.817 0.676 0.307 5.017 17.859 15.385 13.931 13.249 13.015 12.982 13.037 13.136 14.261 11.398 0.000 0.000 0.000 0.000 0.000 0.000 0.800 46.801 53.802 35.802 27.802 0.000 0.000 0.000 0.000 0.000 0.000 3.770 70.772 49.772 0.000 0.000 0.000 0.000 0.000 36.053 51.053 49.051 51.049 43.046 35.041 38.035 37.029 46.021 50.012 47.005 48.000 47.995 42.990 37.986 34.983 0.000 0.000 0.000 0.000
0.000 0.000 0.000 0.000 0.000 0.000 0.000 0.000 24.032 41.534 43.047 32.613 9.257 1.702 2.803 0.703 2.397 7.116 5.772 15.327 12.558 12.121 12.228 12.432 12.631 13.836 14.048 0.000 0.000 0.000 0.000 0.000 0.000 0.000 0.000 0.000 44.803 54.803 59.803 0.000 0.000 0.000 0.000 0.000 0.000 0.000 42.776 34.776 39.777 6.777 0.000 0.000 20.060 48.057 33.056 27.053 34.051 46.047 34.042 33.036 42.030 51.023 38.015 34.008 37.002 42.996 48.990 50.984 48.978 34.969 25.961 8.954 17.947
0.000 0.000 0.000 0.000 0.000 0.000 0.000 20.045 29.530 45.008 42.479 42.950 35.419 11.894 0.913 4.373 13.821 6.184 2.050 2.787 5.853 10.448 11.345 11.885 12.220 17.528 0.000 0.000 0.000 0.000 0.000 0.000 0.000 0.000 0.000 0.000 11.804 57.804 10.803 0.000 0.000 0.000 0.000 0.000 0.000 38.784 48.780 24.778 40.778 60.778 0.777 0.000 26.062 50.061 29.059 23.057 26.054 39.050 28.045 28.039 30.032 32.025 29.018 30.011 24.004 27.997 33.990 34.983 32.976 41.968 43.960 46.953 54.947
0.000 0.000 0.000 0.000 0.000 0.000 25.069 23.559 47.035 43.488 42.911 42.288 42.576 37.655 20.145 11.898 7.504 0.000 0.000 4.139 2.161 3.072 10.819 11.545 16.834 0.000 0.000 0.000 0.000 0.000 0.000 0.000 35.809 0.000 0.000 0.000 18.806 58.805 0.000 0.000 0.000 0.000 0.000 0.000 33.792 77.788 10.782 13.780 35.779 62.778 2.778 0.000 23.067 48.066 28.064 21.061 24.058 26.053 22.048 21.042 28.036 44.028 27.021 23.013 37.006 32.998 29.991 36.983 36.975 39.967 48.959 52.952 39.945
0.000 0.000 0.000 0.000 0.000 29.028 17.578 46.089 44.563 43.999 43.389 42.716 41.942 42.004 38.829 24.575 3.977 0.007 0.000 45.483 4.254 0.031 0.039 13.642 9.738 0.000 0.000 0.000 0.000 0.000 0.000 0.000 31.810 26.810 35.809 47.809 51.807 41.807 0.000 0.000 0.000 32.803 47.802 52.800 76.796 32.793 0.000 0.000 37.779 25.779 0.000 0.000 26.073 53.071 40.069 24.066 72.063 100.058 49.053 25.047 41.040 88.032 40.024 17.016 82.008 55.000 29.992 36.983 38.975 28.967 37.959 50.951 33.943
0.000 0.000 0.000 0.000 0.000 18.478 40.125 46.657 45.130 44.556 43.931 43.244 42.472 41.589 41.603 40.552 29.782 4.539 50.107 47.207 0.138 0.059 0.020 0.022 0.000 0.000 0.000 0.000 0.000 0.000 0.000 30.810 26.810 31.810 45.810 55.810 39.809 26.808 0.000 0.000 0.000 41.805 40.803 36.801 75.799 35.797 0.000 0.000 16.780 8.780 0.000 19.084 47.080 49.078 43.076 31.073 30.069 63.064 104.059 42.052 35.045 92.037 43.028 17.020 89.011 59.002 21.993 23.984 29.975 20.966 34.958 33.949 21.941
0.000 0.000 0.000 0.000 22.888 33.282 48.788 46.282 45.742 45.163 44.537 43.856 43.108 42.295 41.360 40.635 39.505 51.862 51.528 0.550 0.194 9.291 0.000 0.000 0.000 0.000 0.000 0.000 0.000 46.809 49.810 31.810 30.811 45.811 55.812 41.811 24.810 26.810 26.811 24.812 22.811 34.808 37.806 47.803 87.801 21.799 0.000 0.000 53.782 3.781 0.000 16.088 46.087 46.085 33.083 25.081 21.077 31.072 28.066 68.059 99.051 116.042 97.033 86.023 112.014 106.004 96.994 42.985 22.975 39.966 34.957 23.948 18.939
0.000 0.000 0.000 23.993 33.495 50.973 47.463 46.942 46.395 45.816 45.197 44.533 43.829 43.014 42.488 40.151 51.884 51.885 36.041 18.415 5.597 0.000 0.000 0.000 0.000 0.000 0.000 0.000 0.000 0.000 0.000 10.811 48.811 52.812 44.814 29.815 0.000 0.000 0.000 28.814 24.813 34.811 33.808 56.806 53.804 0.000 0.000 0.000 56.784 2.782 0.000 14.094 44.094 56.093 35.092 41.090 64.086 41.081 23.074 47.066 70.058 104.048 70.038 50.027 98.017 88.006 62.996 31.986 17.976 88.966 56.957 28.947 18.938
0.000 0.000 0.000 29.492 49.124 48.652 48.150 47.627 47.081 46.508 46.901 46.270 44.539 44.139 41.594 51.907 51.883 39.568 41.202 38.877 22.861 3.859 0.000 0.000 0.000 0.000 0.000 0.000 0.000 0.000 0.000 0.000 16.812 48.813 26.816 24.820 30.825 0.000 0.000 29.819 27.816 33.814 34.811 56.808 52.806 0.000 0.000 16.789 63.787 0.000 0.000 16.100 47.101 50.102 31.102 31.100 77.097 112.091 61.084 29.076 45.066 92.055 52.043 19.032 85.020 72.009 29.998 21.987 14.977 95.966 59.956 31.946 32.936
0.000 0.000 29.999 47.359 50.857 49.362 48.857 48.336 47.795 48.230 46.650 45.978 45.666 43.125 52.235 52.009 41.022 41.867 40.906 31.308 12.081 0.000 0.000 0.000 0.000 0.000 0.000 0.000 0.000 0.000 0.000 0.000 0.000 0.000 0.000 29.825 26.831 25.833 27.831 29.825 25.820 33.817 35.814 47.810 43.805 5.800 24.795 57.791 8.789 0.000 0.000 16.106 43.108 49.111 35.113 20.113 22.110 47.104 34.096 16.086 34.075 89.062 45.050 11.037 82.024 67.012 25.000 20.988 16.977 94.967 59.956 31.946 22.935
0.000 29.194 42.638 52.090 50.581 50.083 49.580 49.065 49.531 48.988 47.358 47.097 44.562 53.056 52.592 42.596 43.616 41.512 28.750 0.000 0.000 0.000 0.000 0.000 0.000 0.000 0.000 0.000 0.000 0.000 0.000 0.000 0.000 0.000 0.000 0.000 33.839 43.839 54.836 42.830 31.824 35.821 32.817 37.812 30.806 49.799 67.795 55.791 1.790 0.000 0.000 15.111 41.116 46.121 52.128 50.129 38.126 28.120 41.110 73.099 92.085 113.071 93.056 76.041 110.027 103.014 85.001 44.989 17.978 92.967 64.956 36.946 23.935
26.201 37.749 52.271 51.781 51.294 50.808 50.315 50.809 50.298 48.701 48.478 45.957 54.178 53.593 44.089 45.272 46.237 24.458 0.000 0.000 0.000 0.000 0.000 0.000 0.000 0.000 0.000 0.000 0.000 0.000 0.000 0.000 0.000 0.000 0.000 0.000 31.848 35.846 53.843 12.837 0.000 42.825 33.822 36.816 32.806 20.798 39.793 54.790 41.788 0.786 0.000 0.000 6.123 49.130 51.147 44.150 32.146 41.138 92.127 83.113 64.097 65.080 66.063 66.046 66.030 67.016 69.003 39.990 19.979 91.967 67.956 30.946 24.939
29.652 53.331 52.916 52.468 52.007 51.540 51.061 50.580 50.016 49.826 47.323 55.424 54.792 45.477 46.737 45.775 41.325 0.904 0.000 0.000 0.000 0.000 0.000 0.000 0.000 0.000 0.000 0.000 0.000 0.000 0.000 0.000 0.000 0.000 0.000 0.000 32.858 43.856 27.854 0.000 0.000 39.833 36.830 3.824 0.000 24.793 38.790 53.788 50.786 19.785 0.000 0.000 0.000 0.000 18.181 33.178 17.171 78.160 79.146 28.130 34.111 76.090 47.069 19.049 65.032 55.017 35.004 32.991 23.979 91.967 62.956 19.944 20.936
47.424 55.008 53.594 53.167 52.729 53.279 51.831 51.301 51.149 48.669 56.713 56.065 45.772 48.066 47.103 47.528 16.918 0.000 0.000 0.000 0.000 0.000 0.000 0.000 0.000 0.000 0.000 0.000 0.000 0.000 0.000 0.000 0.000 0.000 0.000 0.000 52.870 50.867 54.864 51.862 47.856 47.846 41.840 0.832 0.000 24.790 37.787 55.784 62.784 25.785 0.000 0.000 0.000 0.000 12.218 25.210 45.199 92.185 55.168 15.150 83.127 84.100 33.074 20.051 41.032 97.017 56.004 23.991 23.980 86.968 104.955 91.940 96.924
57.079 54.684 54.286 53.878 53.458 55.040 52.546 52.438 49.995 58.021 57.364 41.005 45.258 49.355 45.860 23.184 0.000 0.000 0.000 0.000 0.000 0.000 0.000 0.000 0.000 0.000 0.000 0.000 0.000 0.000 0.000 0.000 0.000 0.000 0.000 51.895 50.885 51.878 53.872 52.867 50.860 51.853 44.848 0.000 0.000 25.791 37.784 60.778 33.781 0.000 0.000 0.000 0.000 10.289 40.264 19.247 84.230 78.212 22.193 78.173 91.149 40.108 28.077 31.048 26.030 57.015 96.003 52.992 15.981 86.969 89.956 63.938 5.918
47.720 54.363 54.988 54.597 54.207 53.741 53.674 51.268 59.294 58.681 24.175 29.391 32.323 51.017 34.664 0.000 0.000 0.000 0.000 0.000 0.000 0.000 0.000 41.913 30.912 0.000 0.000 0.000 0.000 0.000 0.000 0.000 0.000 0.000 0.000 28.905 22.897 25.888 29.880 24.873 23.865 22.858 24.851 28.843 22.828 15.800 30.780 9.764 0.000 0.000 0.000 0.000 0.000 12.315 35.301 26.283 27.262 27.241 19.220 40.201 41.187 0.000 0.000 2.036 32.023 25.012 47.001 39.992 21.983 54.972 2.964 0.000 0.896
26.397 42.061 54.701 57.338 54.893 54.854 52.453 60.346 59.861 33.158 0.000 42.695 0.000 54.602 23.134 0.000 0.000 0.000 0.000 0.000 0.000 0.000 0.000 48.913 42.912 0.000 0.000 0.000 0.000 0.000 0.000 0.000 0.000 14.999 0.000 29.924 25.910 25.898 25.887 25.879 25.871 25.863 25.856 27.849 5.842 0.000 0.757 31.733 1.719 0.000 0.000 0.000 13.355 44.355 32.343 31.323 23.296 24.269 24.245 22.224 36.212 0.000 0.000 0.000 3.016 28.009 22.998 35.992 34.988 0.000 0.000 0.000 0.883
18.119 25.779 48.438 53.028 56.001 53.555 61.062 60.745 39.986 15.801 0.000 59.312 57.220 43.666 0.000 0.000 0.000 0.000 0.000 0.000 0.000 0.000 51.926 57.916 28.909 0.000 0.000 0.000 0.000 0.000 0.000 0.000 0.000 31.999 29.986 26.956 25.924 22.905 26.893 26.885 26.876 26.868 26.861 29.855 2.849 0.000 0.000 29.709 29.706 0.000 0.000 0.000 0.000 31.407 24.395 23.369 22.329 22.295 22.267 22.239 23.225 32.225 0.000 0.000 0.000 0.000 28.992 31.990 29.988 0.000 0.000 0.000 24.876
21.861 32.510 37.148 35.062 46.635 61.417 61.286 44.918 23.695 17.206 0.000 38.997 51.683 25.174 0.000 0.000 0.000 0.000 40.013 46.006 37.992 35.964 44.936 37.917 27.900 0.000 0.000 0.000 0.000 0.000 0.000 0.000 0.000 30.013 27.003 25.990 0.000 0.000 31.897 25.890 25.881 25.873 25.866 26.861 0.855 0.000 0.000 30.690 29.689 0.680 0.000 0.000 28.471 24.471 24.459 24.430 23.358 23.314 27.291 0.000 0.000 0.000 0.000 0.000 0.000 0.000 28.989 23.988 23.987 24.986 0.000 0.000 26.874
33.566 47.221 22.952 21.837 61.461 61.462 47.861 34.603 30.955 35.805 0.000 5.998 41.341 0.000 0.000 0.000 0.000 36.027 40.020 42.013 40.007 0.000 0.000 0.000 39.874 23.849 0.000 0.000 0.000 0.000 0.000 0.000 0.000 40.037 37.025 12.011 0.000 0.000 44.908 30.898 26.887 25.876 29.868 6.864 0.000 5.658 43.661 24.671 28.674 0.672 0.000 0.000 0.000 29.548 24.542 28.533 0.000 0.000 0.000 0.000 0.000 0.000 0.000 0.000 0.000 0.000 28.987 23.986 23.986 28.986 0.000 0.000 0.873
54.238 42.837 22.915 18.430 61.403 22.854 28.595 30.840 34.534 53.138 62.617 50.657 0.000 0.000 0.000 0.000 34.041 28.034 34.027 49.020 48.016 0.000 0.000 0.000 0.000 40.823 0.000 0.000 0.000 26.175 0.000 0.000 42.102 41.073 47.048 40.018 4.988 58.958 55.928 53.909 51.892 43.876 24.865 11.865 0.000 19.655 72.655 26.660 27.663 1.664 0.000 0.000 0.000 34.631 20.629 25.627 0.000 0.000 0.000 0.000 0.000 0.000 0.000 0.000 0.000 24.984 26.985 28.985 22.985 27.985 0.000 0.000 0.000
62.791 49.901 32.214 60.898 18.826 20.630 19.816 19.475 29.060 56.616 52.055 23.356 0.000 0.000 33.077 0.000 41.048 33.042 44.034 39.025 18.020 0.000 0.000 0.000 0.000 44.798 20.790 0.000 0.000 22.175 30.175 34.162 36.132 38.105 28.076 25.027 32.987 32.960 52.937 35.917 29.896 27.873 7.852 0.000 0.000 14.651 82.645 38.650 4.653 0.000 0.000 0.000 0.000 47.716 20.717 27.720 0.000 0.000 0.000 0.000 0.000 0.000 0.000 0.000 3.984 26.984 41.984 39.984 32.985 0.000 0.000 0.000 0.000
60.818 59.067 60.361 37.703 25.627 21.789 21.442 20.035 26.640 42.209 37.632 0.000 0.000 0.000 36.077 57.073 52.061 53.052 35.043 0.000 0.000 0.000 0.000 0.000 35.774 26.781 18.782 0.000 0.000 0.000 34.190 38.178 38.159 38.139 22.124 0.000 28.972 29.958 53.942 39.926 33.905 19.866 26.820 41.762 61.706 50.653 74.626 39.641 3.647 0.000 0.000 0.000 0.000 45.800 21.803 22.816 27.859 0.000 0.000 0.000 0.000 0.000 0.000 0.000 0.000 0.000 45.984 42.984 0.000 0.000 0.000 0.000 0.000
58.869 60.268 59.513 58.546 40.709 20.375 20.977 21.608 20.252 22.947 0.000 0.000 0.000 0.000 52.082 42.079 40.073 36.062 0.000 0.000 0.000 0.000 0.000 36.766 27.767 23.770 6.776 0.000 0.000 0.000 34.215 42.204 51.186 50.169 52.158 40.164 0.000 0.000 56.949 40.940 14.930 0.000 29.799 39.761 66.704 28.630 12.566 0.000 0.000 0.000 0.000 0.000 0.000 36.881 23.878 24.884 27.902 0.943 0.000 0.000 0.000 0.000 0.000 0.000 0.000 0.000 2.983 3.983 0.000 0.000 0.000 0.000 0.000
60.267 59.255 61.382 61.560 45.247 21.863 24.509 24.163 21.814 22.381 0.000 32.101 0.000 0.000 46.091 46.090 53.088 0.000 0.000 10.912 0.000 0.000 0.000 31.765 25.760 19.755 0.000 0.000 0.000 0.000 32.253 33.235 35.212 34.192 32.177 24.169 0.000 0.000 58.965 44.956 29.946 0.000 28.815 39.780 63.718 19.596 15.442 0.000 0.000 0.000 0.000 0.000 0.000 43.966 22.945 24.938 24.951 25.981 30.001 2.006 0.000 0.000 0.000 0.000 0.000 0.000 0.000 0.000 0.000 0.000 0.000 0.000 0.000
59.931 62.141 61.343 62.056 35.690 26.352 46.027 39.721 21.461 0.000 0.000 29.101 44.101 49.101 35.100 56.102 48.102 0.000 0.000 24.912 55.912 7.904 0.000 32.769 26.753 23.735 0.000 0.000 40.419 36.376 32.310 34.270 39.237 39.210 37.187 48.168 40.150 0.092 58.990 50.974 50.952 42.919 23.866 41.828 49.793 0.000 18.163 1.016 0.000 0.000 0.000 0.000 9.153 48.073 19.997 21.973 22.984 24.004 29.016 1.019 0.000 0.000 0.000 0.000 0.000 0.000 0.000 0.000 0.000 0.000 0.000 0.000 0.000
