results4_8e4_rain/res_4e8f-0233.wd
ncols         241
nrows         181
xllcorner     12693529.787448
yllcorner     3542525.717860
cellsize      155.156523
NODATA_value  -9999.000000
[rows 99 to 131 of 181, columns 0 to 72 of 241]
0.000 0.000 0.000 0.000 0.000 61.369 101.369 103.369 94.369 89.369 0.000 0.000 0.000 0.000 0.000 3.366 2.366 69.366 66.366 0.000 0.000 2.365 5.365 64.365 63.365 4.365 0.000 0.000 0.000 11.371 0.000 0.000 0.000 0.000 17.228 63.224 59.214 58.196 59.173 60.146 73.117 62.086 66.051 58.013 59.972 57.927 58.880 63.830 64.777 62.723 66.667 59.610 59.551 61.492 64.429 78.359 79.300 64.253 50.209 0.000 0.000 0.000 0.000 0.000 28.269 83.263 80.253 67.235 42.211 37.187 81.163 58.140 60.117
0.000 0.000 0.000 0.000 0.000 62.369 102.369 102.369 0.000 0.000 0.000 0.000 0.000 0.000 0.000 2.366 14.366 80.366 69.366 7.365 4.365 4.365 67.365 66.365 70.365 1.365 0.000 0.000 0.000 69.371 61.371 0.000 0.000 0.313 76.271 86.265 72.255 65.241 59.223 61.200 80.174 65.144 71.110 71.073 62.032 76.987 68.939 69.888 59.834 67.779 67.721 65.663 59.605 60.547 64.483 61.390 23.326 13.290 0.000 0.000 0.000 0.000 0.000 31.286 68.280 80.275 87.267 77.255 53.239 54.222 68.204 59.185 60.165
7.370 0.370 0.000 0.000 0.000 49.369 98.369 107.369 17.369 0.000 0.000 0.000 0.000 0.000 0.000 1.366 3.366 87.366 68.366 69.365 71.365 68.365 65.365 66.365 64.365 2.365 0.000 0.000 0.000 62.371 62.371 63.368 62.360 62.344 61.318 71.309 80.301 27.291 91.276 81.257 86.234 71.206 16.173 87.136 85.095 84.050 88.001 76.949 59.894 62.836 67.777 67.718 64.660 60.608 49.568 0.000 0.000 0.000 0.000 0.000 0.000 0.000 0.000 41.292 68.292 68.290 79.285 78.278 61.269 61.258 60.245 60.231 60.215
75.370 78.370 10.370 0.000 0.000 59.369 98.369 103.369 113.369 18.369 0.000 0.000 0.000 0.000 9.366 9.366 7.366 24.366 72.366 69.365 87.365 101.365 76.365 61.365 0.365 0.000 0.000 0.000 0.000 0.000 61.373 62.375 62.367 62.357 62.349 61.351 61.350 60.345 61.335 66.319 78.299 72.272 15.240 87.203 88.162 66.116 73.067 90.013 83.956 70.895 60.833 66.770 67.708 70.657 55.612 0.000 0.000 0.000 0.000 0.000 0.000 0.000 0.000 3.299 19.305 65.306 62.306 62.304 60.301 60.296 60.289 60.279 60.267
89.370 72.370 72.370 74.370 76.370 95.369 103.369 103.369 103.369 105.369 79.368 18.368 1.367 67.367 74.366 75.366 37.366 32.366 95.365 103.365 98.365 94.365 77.365 1.365 0.000 0.000 0.000 0.000 0.000 0.000 0.000 62.391 61.375 60.368 61.371 62.396 62.403 62.404 62.398 63.387 82.369 77.344 60.312 62.275 73.233 84.187 61.137 73.081 74.021 66.955 86.890 69.822 61.743 2.700 0.000 0.000 0.000 0.000 0.000 0.000 0.000 0.000 0.000 0.000 11.323 65.325 60.328 60.331 60.335 60.336 60.334 58.330 56.322
104.370 94.370 75.370 79.370 97.370 103.370 103.369 103.369 103.369 98.368 70.368 76.368 4.367 58.367 93.366 101.366 101.366 85.366 100.365 107.365 17.365 0.000 0.000 0.000 0.000 0.000 0.000 0.000 0.000 0.000 0.000 62.424 0.000 0.000 0.000 63.457 62.463 62.468 62.468 63.462 79.446 84.422 61.390 62.352 62.309 80.262 81.211 59.155 67.091 86.015 77.950 55.886 0.000 0.000 0.000 0.000 0.000 0.000 0.000 0.000 0.000 0.000 0.000 0.000 8.339 65.343 60.349 60.359 60.370 59.378 58.383 63.384 64.381
104.370 104.370 99.370 102.370 103.370 103.370 103.369 103.369 103.369 99.368 74.368 91.368 0.000 0.000 71.366 95.366 103.366 104.365 103.365 108.365 11.365 0.000 0.000 0.000 0.000 0.000 0.000 0.000 0.000 0.000 0.000 62.457 1.481 1.500 64.514 62.514 62.524 62.536 62.546 62.545 79.532 84.507 61.473 62.433 62.388 63.341 84.291 78.237 85.172 75.065 56.007 0.000 0.000 0.000 0.000 0.000 0.000 0.000 0.000 0.000 0.000 0.000 0.000 0.000 63.352 60.357 60.367 60.385 60.409 59.425 61.435 65.442 66.444
102.371 103.371 103.370 103.370 103.370 103.370 103.370 103.369 103.369 104.369 99.368 106.368 30.367 9.367 59.366 78.366 101.366 103.365 104.365 92.365 6.365 0.000 0.000 0.000 0.000 0.000 0.000 0.000 0.000 0.000 0.000 56.471 61.486 61.504 60.526 62.559 62.582 62.608 62.633 62.641 79.630 84.602 61.564 62.519 62.471 62.422 67.375 90.331 70.295 0.000 0.000 0.000 0.000 0.000 0.000 0.000 0.000 0.000 0.000 0.000 0.000 0.000 0.000 0.000 16.359 67.366 63.379 64.406 62.454 58.477 65.491 66.503 64.513
99.371 104.371 103.371 103.370 103.370 103.370 103.370 103.369 103.369 103.369 104.368 97.368 81.367 72.367 66.366 93.366 103.365 103.365 108.365 11.365 0.000 0.000 0.000 0.000 0.000 0.000 0.000 0.000 0.000 0.000 0.000 0.000 0.000 0.000 0.000 62.614 62.639 62.682 62.736 62.756 78.743 85.709 62.661 62.607 62.553 62.503 62.456 68.415 21.382 0.000 0.000 0.000 0.000 0.000 0.000 0.000 0.000 0.000 0.000 0.000 0.000 0.000 0.000 0.000 0.000 4.370 2.374 0.000 8.526 67.536 65.550 66.567 63.587
99.371 104.371 103.371 103.371 103.371 103.370 103.370 103.370 103.369 103.369 104.368 89.368 68.367 67.366 76.366 100.365 103.365 103.365 109.364 14.364 5.364 0.000 0.000 0.000 0.000 0.000 0.000 0.000 0.000 0.000 0.000 0.000 0.000 0.000 0.000 58.645 62.676 59.744 62.875 62.902 81.880 85.829 62.763 62.695 62.632 62.579 62.533 59.491 9.437 0.000 0.000 0.000 0.000 0.000 0.000 0.000 0.000 0.000 0.000 0.000 0.000 59.669 0.000 0.000 0.000 0.000 0.000 1.612 63.588 64.591 66.605 66.629 63.661
102.371 103.371 103.371 103.371 103.371 103.371 103.370 103.370 103.369 103.369 103.368 100.368 77.367 78.366 95.366 102.365 103.365 103.364 110.364 27.364 0.000 0.000 0.000 0.000 0.000 0.000 0.000 0.000 0.000 0.000 0.000 0.000 0.000 0.000 0.000 0.000 58.676 0.000 62.116 63.097 91.045 77.964 62.868 62.777 62.703 75.646 65.605 60.581 0.000 0.000 0.000 0.000 0.000 0.000 0.000 0.000 0.000 0.000 0.000 0.000 11.669 70.669 55.669 0.000 0.000 0.000 1.647 64.635 67.628 66.633 63.651 59.682 59.729
103.372 103.372 103.372 103.371 103.371 103.371 103.371 103.370 103.370 103.369 103.368 103.368 105.367 105.366 104.366 103.365 103.364 105.364 94.363 37.363 0.000 0.000 0.000 0.000 0.000 0.000 0.000 0.000 0.000 0.000 0.000 0.000 0.000 0.000 0.000 0.000 0.000 0.000 62.377 63.327 97.238 66.114 62.967 62.844 74.757 83.698 62.661 62.645 61.661 0.000 0.000 0.000 0.000 0.000 0.000 0.000 0.000 0.000 0.000 0.000 0.000 66.669 67.669 54.668 1.667 60.664 62.658 66.653 65.654 63.664 62.685 58.720 66.777
102.372 101.372 103.372 103.372 103.372 103.371 103.371 103.370 103.370 103.369 103.369 103.368 103.367 103.366 103.365 103.364 104.364 87.363 15.363 6.362 64.362 78.361 24.361 0.000 0.000 5.361 0.000 0.000 0.000 0.000 0.000 0.000 0.000 0.000 0.000 4.382 4.351 1.199 58.688 69.594 92.468 63.286 60.042 62.873 62.783 62.728 62.695 62.679 62.677 59.677 0.000 0.000 0.000 0.000 0.000 0.000 0.000 0.000 0.000 0.000 0.670 61.670 57.670 63.669 58.668 66.667 66.666 65.666 61.671 64.683 59.703 58.737 58.793
92.373 92.373 101.373 103.372 103.372 103.372 103.371 103.371 103.370 103.370 103.369 104.368 105.367 103.366 103.365 103.364 103.363 25.362 9.362 64.362 74.361 84.361 83.361 76.361 68.361 9.361 0.000 0.000 0.000 0.000 0.000 0.000 0.000 0.000 4.433 63.413 66.365 66.249 63.026 61.892 70.755 58.521 0.000 58.824 62.774 62.737 62.711 62.697 61.692 0.000 0.000 0.000 0.000 0.000 0.000 0.000 63.671 74.671 0.000 0.000 62.670 60.670 60.670 57.670 65.670 66.671 66.672 63.675 66.682 66.693 64.709 59.729 48.751
74.373 79.373 98.373 104.373 103.373 103.372 103.372 103.371 103.371 103.370 105.369 91.368 87.367 102.366 107.365 104.363 99.362 81.361 84.361 90.361 84.361 85.361 64.361 57.361 3.361 0.361 0.000 0.000 0.000 0.000 0.000 0.403 1.403 0.000 54.453 60.472 63.446 63.378 63.275 63.195 65.138 0.000 0.000 0.000 57.754 62.733 62.717 62.706 62.701 0.701 0.000 0.000 0.000 0.000 0.000 23.671 80.671 62.671 60.671 60.671 60.671 60.671 58.671 63.671 66.672 66.673 62.676 66.681 66.688 65.698 59.709 60.721 50.731
58.373 73.374 92.374 105.374 106.374 106.373 104.373 103.372 104.371 103.370 104.369 42.368 13.367 61.366 79.364 100.363 107.361 105.360 105.359 91.360 14.360 0.000 0.000 0.000 0.000 0.000 0.000 0.000 0.000 9.403 11.403 1.403 1.403 1.403 0.000 59.578 63.570 61.542 62.502 64.473 65.466 0.000 0.000 0.000 0.000 55.725 62.717 62.710 59.706 0.000 0.000 0.000 0.000 0.000 0.000 0.000 22.671 76.671 59.671 59.671 60.671 59.671 59.671 65.672 66.673 64.675 52.678 5.684 70.693 64.701 64.709 64.716 50.721
22.374 44.374 77.375 83.375 77.375 79.374 96.373 104.373 100.372 93.371 92.370 27.369 0.000 0.000 0.000 37.361 72.360 98.358 105.357 2.358 0.000 0.000 0.000 0.000 0.000 0.000 0.000 0.000 0.000 51.403 72.403 17.403 2.403 1.403 0.000 59.691 65.713 64.719 73.717 74.731 64.785 9.941 0.000 0.000 0.000 0.000 59.714 60.712 0.000 0.000 0.000 0.000 0.000 0.000 0.000 0.000 0.000 81.671 84.671 64.671 58.671 56.671 66.671 66.672 61.672 0.000 0.000 0.000 11.698 69.704 66.708 66.713 56.716
0.000 0.000 58.376 67.376 19.376 5.375 68.374 97.374 88.373 84.371 98.370 65.369 25.368 0.000 0.000 0.000 0.000 43.355 74.352 0.000 0.000 0.000 0.000 0.000 0.000 0.000 0.000 0.000 0.000 0.000 56.403 74.403 5.403 0.000 0.000 50.782 64.872 62.902 92.919 85.947 64.002 66.097 12.200 0.000 0.000 0.000 54.714 0.000 0.000 0.000 0.000 0.000 0.000 0.000 0.000 0.000 0.000 0.000 69.671 86.671 71.671 65.671 66.671 61.671 0.000 0.000 0.000 0.000 0.000 61.707 66.709 66.711 61.714
0.000 0.000 54.378 99.378 56.377 5.376 57.375 89.374 91.373 102.372 104.371 107.369 113.367 52.365 21.363 0.000 0.000 0.000 14.344 9.339 0.327 2.315 0.000 0.000 0.000 0.000 0.000 0.000 0.000 0.000 57.403 72.403 2.403 9.403 13.403 0.000 58.094 66.097 96.109 78.135 66.181 65.244 70.304 0.000 0.000 0.000 0.000 0.000 0.000 0.000 0.000 0.000 0.000 0.000 0.000 0.000 0.000 0.000 0.000 7.671 74.671 64.671 62.671 0.000 0.000 0.000 0.000 0.708 60.708 59.708 61.709 55.710 0.000
27.383 42.382 76.380 94.379 102.379 71.378 84.377 107.376 104.374 103.373 103.371 103.369 103.367 109.364 112.361 68.356 27.352 9.347 72.342 86.335 79.325 81.314 37.304 13.294 10.287 0.000 0.000 0.000 0.000 0.000 36.403 58.403 64.403 64.403 67.403 26.403 59.311 88.284 90.285 67.305 65.342 65.396 68.467 13.583 8.634 0.000 0.000 0.000 0.000 0.000 0.000 0.000 0.000 0.000 0.000 0.000 0.000 0.000 0.000 0.000 0.671 0.671 8.671 0.000 0.000 0.000 0.000 62.708 57.708 55.708 0.000 0.000 0.000
100.383 103.383 103.382 101.381 99.380 100.379 102.378 102.377 103.375 104.374 104.372 103.370 96.367 100.364 103.361 107.357 111.352 112.347 104.341 100.334 97.324 92.314 94.303 87.292 43.281 21.269 0.000 0.000 0.000 0.000 0.000 0.000 0.000 0.000 0.000 83.496 72.463 101.444 92.442 79.456 66.486 65.529 65.585 69.648 65.686 0.000 0.000 0.000 0.000 0.000 0.000 0.000 0.000 0.000 0.000 0.000 0.000 0.000 0.000 0.000 0.000 0.000 0.000 0.000 0.000 0.000 0.000 0.000 0.000 0.000 0.000 0.000 0.000
103.385 98.384 96.384 95.383 89.382 86.381 87.379 87.378 93.377 98.375 98.373 91.370 75.368 90.365 103.361 103.357 103.353 103.347 103.341 103.334 104.325 104.315 107.302 108.289 108.274 108.257 47.238 0.000 0.000 0.000 0.000 0.000 0.000 0.000 0.000 55.620 81.602 86.586 70.583 87.593 75.616 65.651 65.694 68.740 11.774 0.000 1.047 1.055 0.000 0.000 0.000 0.000 0.000 0.000 0.000 0.000 0.000 0.000 0.000 0.000 0.000 0.000 0.000 0.000 0.000 0.000 0.000 0.000 0.000 0.000 0.000 0.000 0.000
73.386 46.386 68.385 82.384 80.384 60.382 45.381 41.380 61.378 78.376 77.374 70.372 65.369 75.366 96.362 104.358 103.354 103.349 103.343 103.337 103.328 107.318 82.302 70.287 69.270 73.248 76.218 15.168 4.118 0.759 0.591 0.000 0.000 0.000 0.000 53.764 89.739 72.716 64.709 74.716 85.735 69.764 65.801 65.844 71.896 15.988 10.040 2.063 1.078 7.078 5.078 0.000 0.000 0.000 0.000 0.000 0.000 0.000 0.000 0.000 0.000 0.000 0.000 0.000 0.000 0.000 0.000 0.000 0.000 0.000 0.000 0.000 0.000
63.388 34.388 56.387 71.386 67.385 44.384 30.383 34.381 54.380 68.378 66.375 66.373 67.370 65.367 84.364 101.360 103.356 103.351 103.346 103.340 102.333 65.326 0.000 0.000 0.000 0.000 0.000 0.000 0.000 60.221 80.203 32.174 18.146 14.110 61.048 77.932 94.872 71.831 65.822 63.828 80.845 82.870 68.901 65.937 65.980 69.029 78.064 16.083 11.093 0.000 20.078 0.000 0.000 0.000 0.000 0.000 0.000 0.000 0.000 0.000 0.000 0.000 0.000 0.000 0.000 0.000 0.000 0.000 0.000 0.000 0.000 0.000 0.000
76.390 72.390 67.389 66.389 67.388 69.386 70.385 73.383 72.382 68.380 67.377 67.375 67.372 66.369 73.365 95.362 104.358 103.354 105.350 77.345 43.339 0.000 0.000 0.000 0.000 0.000 0.000 0.000 0.000 25.208 47.195 50.174 54.152 68.138 65.101 86.043 82.989 56.913 63.919 65.929 67.946 80.969 72.996 68.025 66.056 65.085 82.104 73.111 67.111 0.000 0.000 0.000 0.000 0.000 0.000 0.000 0.000 0.000 0.000 0.000 0.000 0.000 0.000 0.000 0.000 0.000 0.000 0.000 0.000 0.000 0.000 0.000 0.000
66.392 67.392 67.392 67.391 67.390 67.389 67.387 67.386 67.384 67.382 67.379 67.377 67.374 67.371 65.367 86.364 103.360 105.357 101.354 27.351 0.000 0.000 0.000 0.000 0.000 0.000 0.000 0.000 0.000 0.000 0.000 0.000 0.000 52.187 69.176 95.150 69.127 0.000 52.011 67.024 65.042 69.064 70.087 79.111 68.134 66.151 65.157 61.145 2.128 0.000 0.000 0.000 0.000 0.000 0.000 0.000 0.000 0.000 0.000 0.000 0.000 0.000 0.000 0.000 0.000 0.000 0.000 0.000 0.000 0.000 0.000 0.000 25.689
67.395 67.395 67.394 67.394 67.393 67.391 67.390 66.388 66.386 67.384 67.382 67.379 67.376 67.373 66.370 74.366 89.363 100.360 88.357 14.355 0.000 0.000 0.000 0.000 0.000 0.000 0.000 0.000 0.000 0.000 0.000 0.000 0.000 29.249 78.264 103.254 13.243 0.000 50.090 68.113 66.136 65.157 73.179 84.199 72.217 66.230 70.226 3.186 0.000 0.000 0.000 0.000 0.000 0.000 0.000 0.000 0.000 0.000 0.000 0.000 0.000 0.000 0.000 0.000 0.000 0.000 0.000 0.000 0.000 0.000 0.000 0.000 82.769
67.398 67.398 67.397 67.396 67.395 67.394 67.393 71.391 72.389 68.387 67.384 67.381 67.378 67.375 67.372 66.368 69.365 78.362 78.359 19.357 0.000 0.000 0.000 0.000 0.000 0.000 21.034 0.000 0.000 0.000 0.000 0.000 0.000 1.396 82.378 97.360 20.348 0.000 34.146 65.202 66.230 66.251 65.270 70.289 72.307 68.323 70.333 0.000 0.000 0.000 0.000 0.000 0.000 0.000 0.000 0.000 0.000 0.000 0.000 0.000 0.000 0.000 0.000 0.000 0.000 0.000 0.000 0.000 0.000 0.000 0.000 66.991 75.900
67.401 67.401 67.400 67.399 67.398 67.397 66.396 78.394 83.392 70.390 67.387 67.384 67.381 67.378 67.374 67.371 67.367 66.363 69.360 50.358 0.000 0.000 0.000 0.000 0.000 63.034 84.034 46.032 37.024 36.013 0.000 0.000 0.000 63.558 105.497 79.458 79.442 6.461 0.000 51.320 68.332 66.346 66.362 64.380 80.399 84.422 78.450 1.541 0.000 0.000 0.000 0.000 0.000 0.000 0.000 0.000 0.000 0.000 0.000 0.000 0.000 0.000 0.000 0.000 0.000 0.000 0.000 0.000 0.000 0.000 41.155 92.083 78.008
67.404 67.404 67.404 67.403 67.402 67.401 66.399 79.397 85.395 69.393 67.390 67.387 67.384 67.380 67.377 67.373 67.369 67.365 67.360 73.356 44.352 0.000 0.000 0.000 3.035 26.035 41.036 63.038 71.026 75.002 48.954 24.889 59.801 97.677 95.596 75.534 57.499 15.480 0.000 51.425 68.431 67.440 70.453 65.469 74.489 97.515 94.553 39.618 3.676 19.702 0.000 0.000 0.000 0.000 0.000 0.000 0.000 45.204 75.204 79.204 0.000 0.000 88.204 149.204 0.000 0.000 0.000 0.000 0.000 0.000 78.227 134.175 117.114
64.408 65.408 66.407 66.406 67.405 67.404 65.403 80.401 83.399 66.396 67.393 67.390 67.387 67.383 67.380 67.375 67.371 67.366 67.360 67.355 73.347 53.338 4.331 0.000 0.000 0.000 0.000 39.057 70.042 66.014 68.970 72.912 84.838 101.752 85.675 53.584 3.541 0.000 0.000 50.525 67.526 70.531 83.540 69.553 79.572 80.596 99.628 103.669 86.706 36.729 0.000 0.000 0.000 0.000 0.000 0.000 0.000 0.000 36.204 64.204 78.204 110.204 148.204 71.204 0.000 0.000 0.000 0.000 0.000 64.439 74.350 75.280 78.216
85.412 80.412 75.411 73.410 69.409 65.408 65.406 80.404 83.402 65.400 67.397 67.394 67.391 67.387 67.383 67.378 66.373 65.367 66.361 66.354 66.346 72.335 49.324 26.309 1.294 0.000 0.000 38.092 76.072 70.041 65.001 77.950 100.888 94.817 62.769 0.000 0.000 0.000 0.000 48.623 66.618 71.618 78.623 73.633 78.648 77.669 90.694 84.723 77.752 50.779 5.810 0.000 0.000 0.000 0.000 0.000 0.000 0.000 0.000 32.204 110.204 113.204 116.204 1.204 11.204 0.204 0.000 7.604 41.604 69.529 138.451 102.388 134.275
105.416 104.416 100.415 95.414 91.413 86.412 81.410 77.409 72.406 66.404 67.401 67.398 67.394 67.390 66.386 68.381 74.376 79.370 78.363 76.355 70.346 65.334 69.321 75.303 39.279 20.245 24.203 58.147 81.112 72.079 68.043 91.001 102.947 58.859 3.814 0.000 0.000 11.799 18.779 52.725 65.706 70.699 86.701 76.709 69.720 62.736 68.756 86.778 83.801 89.823 8.842 0.000 0.000 0.000 0.000 0.000 0.000 0.000 0.000 0.000 0.000 0.000 0.000 0.000 8.204 0.000 0.000 0.000 76.680 67.619 77.553 100.449 76.625
