results4_8e4_rain/res_4e8f-0231.wd
ncols         241
nrows         181
xllcorner     12693529.787448
yllcorner     3542525.717860
cellsize      155.156523
NODATA_value  -9999.000000
[rows 66 to 98 of 181, columns 73 to 145 of 241]
71.957 35.943 0.000 61.106 78.082 77.049 77.020 0.000 48.412 48.395 61.408 57.419 56.398 56.352 55.282 131.182 119.008 0.000 0.000 0.000 51.720 46.656 51.560 54.496 54.443 56.394 57.345 62.287 63.233 64.188 55.157 0.000 0.000 52.453 102.453 84.367 88.234 88.324 86.378 94.296 86.790 87.269 88.009 86.782 86.561 87.357 57.202 0.000 0.000 0.000 0.000 0.000 0.000 0.000 43.785 41.760 41.719 41.664 41.596 41.527 45.452 58.374 55.296 40.219 51.145 60.071 38.998 41.925 47.853 52.782 48.711 42.642 40.574
56.960 62.928 0.762 49.336 73.292 72.260 66.262 19.348 0.000 0.000 54.488 67.568 56.568 55.536 56.492 37.450 0.000 0.000 0.000 0.000 0.000 0.000 62.491 60.464 58.430 41.387 44.338 51.282 52.241 57.209 48.183 0.000 0.000 0.000 62.696 80.605 87.543 87.636 94.722 94.516 86.861 87.550 87.262 87.052 86.841 81.654 39.522 0.000 3.709 36.709 0.000 0.000 0.000 49.868 44.831 41.796 41.752 41.698 41.636 41.569 41.498 41.424 48.349 62.274 63.200 46.127 40.054 40.983 41.911 45.841 44.772 40.703 40.636
58.975 57.906 62.776 60.582 74.488 67.438 68.421 65.434 0.000 0.000 0.000 69.797 64.769 59.734 61.699 8.676 0.000 0.000 0.000 0.000 0.000 0.000 61.449 57.439 48.426 0.000 0.000 49.262 61.241 60.225 0.000 0.000 8.404 65.283 57.029 60.852 67.930 82.990 94.913 86.597 88.154 87.718 87.530 87.313 85.100 67.896 46.709 52.709 50.709 31.709 0.000 0.000 0.000 7.904 58.876 40.839 41.794 45.741 53.682 43.616 41.547 40.475 44.401 59.328 66.254 58.182 44.110 39.039 40.969 40.900 40.831 40.764 39.696
59.021 56.946 60.844 71.727 65.641 58.583 77.548 66.534 18.551 0.000 12.203 62.054 77.979 72.930 72.896 75.877 0.000 0.000 0.000 0.000 7.401 7.406 59.418 50.416 53.410 0.000 0.000 0.000 97.237 124.224 39.208 0.000 64.524 59.419 59.257 59.163 55.246 95.265 95.094 87.643 91.249 87.996 87.788 87.574 79.349 32.122 0.000 54.709 32.709 0.000 0.000 0.000 47.012 45.968 44.931 40.891 44.845 56.792 61.732 59.667 52.599 42.527 51.455 59.381 38.308 44.236 57.165 54.095 50.026 57.958 38.891 40.823 38.756
57.083 63.011 72.928 64.841 56.766 56.704 69.653 77.604 73.568 76.494 78.351 73.238 68.162 70.110 59.077 58.061 0.000 0.000 0.000 8.394 64.397 63.399 51.401 53.397 54.387 58.366 57.353 0.000 8.244 2.228 1.177 10.928 70.748 63.614 58.451 59.540 57.586 95.421 57.257 64.848 79.444 87.266 88.053 85.847 44.598 0.000 0.000 0.000 0.000 0.000 0.000 48.081 42.055 42.025 41.990 42.950 52.902 61.848 60.788 60.722 56.653 52.581 62.508 45.434 40.361 41.289 41.218 51.149 64.082 51.015 38.950 39.883 45.816
63.153 74.088 64.017 56.944 57.877 57.816 59.754 43.661 69.625 67.561 59.471 56.385 55.319 71.272 73.243 60.228 0.000 0.000 0.000 64.392 60.392 57.392 50.390 54.385 54.375 54.359 54.339 13.307 16.268 17.238 19.190 87.063 83.930 72.798 71.752 60.749 95.697 95.565 59.309 65.958 60.735 67.539 86.312 61.163 0.000 0.000 0.000 0.000 0.000 0.000 0.000 48.107 42.103 42.085 42.055 43.015 51.966 61.911 60.848 59.781 56.710 61.637 55.562 39.487 41.413 41.341 41.270 51.202 59.136 38.072 41.009 43.945 62.876
74.230 64.170 57.106 58.042 57.982 58.928 39.888 0.000 26.708 54.656 57.585 57.513 57.458 55.418 79.392 63.380 0.000 0.000 0.000 41.390 58.387 52.386 53.383 54.377 54.368 54.355 54.338 65.314 5.283 9.266 26.276 79.205 89.103 10.990 92.912 83.103 95.813 57.878 71.522 68.167 58.038 54.843 51.495 36.329 0.000 0.000 43.682 0.000 0.000 0.000 0.000 44.137 42.166 42.157 42.129 42.089 43.038 48.979 56.914 56.844 56.769 60.693 38.616 41.539 41.464 40.390 46.320 63.253 46.189 40.128 43.070 24.010 24.927
64.311 57.255 58.196 58.137 58.079 61.027 16.982 14.946 7.843 52.770 57.699 59.625 57.580 56.549 74.529 70.520 0.000 0.000 0.000 0.000 49.382 52.381 54.378 54.373 54.366 54.356 56.344 42.329 0.000 0.000 76.443 79.378 90.288 96.159 90.262 88.300 95.913 78.925 81.628 66.471 59.376 52.303 0.000 0.000 0.000 0.000 41.682 0.000 0.000 0.000 0.000 0.221 45.266 42.249 42.217 42.172 42.118 42.055 41.985 48.910 56.831 44.750 41.669 41.589 41.512 44.437 57.367 57.300 39.238 41.182 44.133 11.099 0.000
57.397 58.343 58.286 58.229 58.172 58.118 62.066 63.014 62.947 58.883 58.815 38.710 55.688 56.669 72.655 71.651 0.000 0.000 0.000 0.000 48.379 54.378 54.375 54.371 54.366 54.359 42.352 0.000 0.000 4.809 81.676 87.580 90.480 90.427 89.505 96.047 88.404 91.122 85.811 70.753 60.693 59.689 59.823 0.000 0.000 0.000 38.682 45.682 38.682 0.000 0.000 0.000 60.384 41.356 42.316 42.266 42.206 43.138 42.062 41.980 41.895 41.808 41.722 41.637 40.557 46.480 61.409 38.343 41.282 41.228 43.183 18.152 0.000
58.486 58.433 58.377 58.321 58.263 58.206 58.150 58.097 58.047 58.002 61.968 0.000 48.795 57.782 73.772 68.778 4.825 0.000 0.000 0.000 53.377 56.376 56.373 56.371 54.367 57.364 0.000 0.000 0.000 73.942 79.870 90.785 90.667 90.775 88.825 96.251 89.536 94.180 90.072 91.006 78.957 66.937 55.957 50.957 52.957 0.000 0.000 44.683 39.682 45.676 46.661 44.622 50.530 60.476 42.425 43.368 52.303 59.228 41.144 42.054 41.960 41.865 41.772 40.682 45.597 64.519 58.446 47.380 40.320 41.266 43.218 58.175 76.128
58.578 58.525 58.470 58.413 58.354 58.292 58.232 61.178 59.142 58.110 62.086 0.000 48.915 57.893 74.872 66.864 6.871 0.000 0.000 0.000 26.376 36.374 35.372 35.370 56.368 41.366 0.000 0.000 0.000 76.146 86.080 90.992 90.951 90.055 96.870 96.577 90.598 91.441 90.300 90.244 91.190 82.147 47.111 0.000 0.000 0.000 0.000 42.684 42.686 39.686 41.684 42.676 41.637 48.592 62.541 45.480 43.409 53.326 41.233 42.131 42.026 41.921 41.819 41.722 49.632 62.550 49.477 61.410 39.351 40.297 45.248 66.202 78.153
58.672 58.619 58.565 58.508 58.447 61.377 63.308 35.240 56.233 59.209 61.181 21.155 52.058 57.001 68.960 66.935 7.926 0.000 0.000 0.000 0.000 0.000 2.371 2.371 37.369 0.000 0.000 0.000 24.583 74.417 91.312 91.194 91.311 89.397 97.136 89.179 94.887 90.583 90.538 90.472 90.413 80.348 41.230 0.000 0.000 0.000 0.000 0.000 45.692 46.697 33.714 41.761 42.750 42.715 46.665 62.603 45.526 42.435 42.330 42.212 42.091 41.973 39.860 45.755 64.659 45.574 44.500 58.434 42.376 40.324 47.276 73.230 78.184
58.768 58.715 58.662 58.608 60.548 36.460 38.384 0.000 18.342 54.312 58.273 62.227 58.159 61.094 66.031 70.990 9.971 0.000 0.000 0.000 0.000 3.371 55.371 62.371 0.000 0.000 0.000 7.866 83.749 85.630 91.525 91.482 90.601 97.615 97.384 90.238 90.954 90.827 90.759 90.696 89.642 69.603 0.000 0.000 0.000 0.000 0.000 0.000 0.000 37.697 0.000 48.903 45.887 41.853 41.803 43.739 60.659 49.560 41.438 42.297 42.155 41.019 45.894 47.779 46.675 43.588 41.514 41.451 41.395 42.346 55.301 77.259 78.218
58.864 58.811 58.761 58.715 63.676 1.661 0.000 24.571 16.482 50.424 59.373 57.320 59.258 71.186 43.081 37.022 1.997 0.000 0.000 0.000 0.000 53.371 59.371 61.371 0.000 0.000 0.000 70.984 75.916 89.829 91.713 91.844 89.940 97.829 89.732 91.410 91.105 91.047 90.974 90.910 82.856 59.819 0.000 0.000 0.000 0.000 0.000 0.000 0.000 0.000 0.000 53.062 48.043 42.006 39.956 42.891 42.810 58.706 51.567 42.383 43.211 41.056 47.917 47.790 44.676 38.588 41.518 41.459 43.409 57.364 76.324 78.287 81.253
59.956 57.904 57.856 57.813 60.780 30.766 27.741 59.661 64.589 58.530 56.476 63.421 73.365 76.313 0.243 0.000 0.000 0.000 0.000 0.000 0.000 21.371 28.371 30.371 0.000 0.000 0.000 73.170 81.106 91.018 92.010 91.049 98.222 98.031 90.760 91.467 91.330 91.254 91.182 91.116 73.054 54.998 0.000 0.000 0.000 0.000 0.000 0.000 0.000 0.000 0.000 51.240 49.215 49.174 46.122 39.059 40.984 41.886 57.742 57.458 54.249 51.078 43.928 42.789 39.650 40.570 41.510 45.460 65.416 77.378 77.343 78.312 77.285
74.045 72.992 71.945 69.902 66.866 67.834 67.796 64.741 65.684 67.630 67.578 73.525 75.467 33.390 0.000 0.000 0.000 0.000 0.000 0.000 0.000 0.000 0.000 0.000 0.000 11.677 19.599 74.419 91.312 92.221 92.171 91.399 98.400 90.231 91.909 91.598 91.535 91.455 91.384 89.317 71.244 42.121 0.000 0.000 0.000 0.000 0.000 0.000 0.000 0.000 0.000 41.443 45.403 48.353 49.299 48.241 45.179 41.114 35.055 0.000 0.000 0.000 0.000 0.000 43.565 41.531 44.492 65.454 78.419 77.387 78.358 81.333 77.311
70.128 72.076 71.028 72.985 74.946 73.909 72.869 70.823 68.776 68.729 69.682 65.634 65.589 0.000 0.000 0.000 0.000 0.000 0.000 0.000 0.000 0.000 0.000 0.000 0.000 60.756 83.699 82.597 91.504 92.392 92.519 90.622 98.566 92.323 91.930 91.808 91.725 91.650 91.582 87.525 67.485 0.000 0.000 0.000 0.000 0.000 0.000 0.000 0.000 0.000 48.834 43.687 40.602 42.536 47.479 49.426 49.378 50.337 41.310 0.000 0.000 0.000 0.000 0.000 44.514 42.498 58.473 79.446 77.419 77.393 77.370 78.349 77.332
58.206 58.155 59.108 66.064 75.024 80.986 68.947 62.908 57.867 55.828 54.787 60.741 39.665 0.000 0.000 0.000 0.000 0.000 0.000 0.000 0.000 0.000 0.000 0.000 0.000 66.891 82.845 90.769 92.683 92.650 91.779 98.860 98.719 94.339 92.147 91.987 91.911 91.835 91.769 86.717 61.685 0.000 0.000 0.000 0.000 0.000 0.000 0.000 0.000 49.104 43.981 43.868 43.780 42.711 39.654 44.607 48.569 49.545 46.537 0.000 0.000 0.000 0.000 47.470 41.479 45.472 73.457 77.438 77.417 77.397 77.379 77.362 77.349
57.280 57.229 61.183 66.141 68.101 71.063 61.027 56.992 57.958 57.927 59.899 37.877 0.000 0.000 0.000 0.000 0.000 0.000 0.000 0.000 0.000 0.000 0.000 0.000 0.000 53.073 82.020 91.950 92.848 92.978 91.087 98.990 91.883 93.559 92.241 92.176 92.090 92.012 91.943 82.887 55.853 0.000 0.000 0.000 0.000 0.000 0.000 0.000 48.339 44.227 44.120 44.023 43.941 43.874 43.820 40.777 39.748 42.737 49.756 49.844 0.000 0.000 0.000 41.460 42.461 60.455 77.445 76.431 76.415 77.400 77.385 77.372 77.362
57.348 57.300 59.255 60.214 58.175 57.140 58.106 57.075 57.047 57.022 62.003 6.992 0.000 0.000 0.000 0.000 0.000 0.000 0.000 0.000 0.000 0.000 0.000 0.000 4.441 61.306 90.217 93.133 93.103 92.233 99.226 99.112 94.880 92.582 92.438 92.349 92.263 92.180 93.103 73.036 60.988 0.000 0.000 47.941 0.000 47.711 49.668 49.584 44.452 44.344 44.248 44.162 44.087 44.025 43.974 43.934 42.909 39.898 48.907 49.933 42.933 0.000 0.000 49.450 41.449 49.444 55.436 58.425 62.413 68.401 74.390 76.380 76.372
58.413 58.367 58.324 58.284 58.247 57.214 57.183 57.155 57.132 56.113 64.100 15.094 0.000 0.000 0.000 0.000 0.000 0.000 0.000 0.000 0.000 0.000 0.000 0.000 45.576 81.493 92.408 93.297 93.437 91.529 99.329 92.329 94.005 92.690 92.615 92.521 92.431 92.343 93.255 65.163 43.076 0.000 0.000 43.941 0.000 42.755 44.708 44.633 44.540 44.450 44.366 44.289 44.221 44.163 44.115 44.079 42.053 44.041 50.040 47.047 0.000 0.000 0.000 48.442 47.440 46.436 45.429 44.421 43.412 47.402 58.393 54.385 56.379
56.474 56.430 56.389 56.351 56.316 56.284 56.256 57.231 59.211 61.197 36.191 3.191 0.000 0.000 0.000 0.000 0.000 0.000 0.000 3.813 12.804 0.000 0.000 15.935 56.794 87.687 93.584 93.573 92.600 99.508 99.423 95.319 93.025 92.877 92.784 92.690 92.597 92.505 88.411 35.287 0.000 0.000 0.000 43.941 49.922 44.845 44.775 44.701 44.625 44.550 44.477 44.408 44.346 44.292 44.246 44.211 41.186 50.171 50.166 46.167 0.000 0.000 0.000 47.436 46.433 47.429 47.424 47.417 47.410 47.403 46.396 46.389 45.384
57.531 57.490 60.451 64.415 67.382 71.352 73.325 76.303 75.285 67.275 5.274 16.289 40.342 8.366 0.000 0.000 0.000 0.000 0.000 43.821 70.796 10.756 0.000 50.077 82.978 92.869 93.768 93.698 92.921 99.582 91.753 93.440 93.124 93.049 92.952 92.858 92.763 93.670 80.595 0.000 0.000 0.000 0.000 23.960 43.979 44.930 46.845 46.770 44.710 44.647 44.583 44.521 44.463 44.411 44.368 41.333 46.308 49.292 50.287 41.288 0.000 0.000 0.000 31.432 52.428 52.425 49.420 46.414 46.409 47.403 48.397 48.392 47.388
59.585 58.546 65.510 74.476 75.445 74.416 73.391 72.369 69.353 63.342 38.340 55.349 73.371 42.390 26.410 2.418 0.000 0.000 14.893 53.854 67.802 6.717 25.554 67.318 92.169 95.052 93.893 94.104 92.080 99.644 93.737 93.452 93.304 93.213 93.120 93.026 92.927 94.816 38.705 0.000 0.000 0.000 0.000 0.000 40.104 46.051 26.907 26.824 43.796 44.747 44.688 44.629 44.573 44.523 43.480 41.446 50.420 50.404 47.399 41.411 47.460 0.000 0.000 0.000 63.423 78.421 71.417 67.412 63.407 59.403 62.398 62.394 45.391
59.637 59.601 62.567 65.535 64.505 62.477 60.453 58.431 56.414 56.401 65.395 67.396 64.404 61.413 65.422 13.426 0.000 0.000 54.933 84.900 35.842 31.754 65.626 89.471 94.338 94.193 94.310 92.265 99.727 92.140 93.854 93.541 93.470 93.377 93.288 93.200 96.104 52.960 0.000 0.000 0.000 0.000 0.000 0.000 42.284 47.261 0.000 0.000 40.904 44.856 44.794 44.733 44.676 44.627 41.584 49.549 50.522 49.504 40.495 44.497 44.509 0.000 0.000 0.000 31.421 61.419 79.414 78.410 78.406 78.402 78.399 72.396 62.393
59.686 59.654 59.622 58.592 58.563 59.536 59.511 59.489 57.469 58.454 63.443 66.437 62.435 57.436 60.438 15.438 0.000 0.000 47.004 56.972 34.913 67.831 82.726 91.606 94.488 94.418 93.516 100.095 99.865 93.129 93.857 93.715 93.627 93.540 93.456 93.381 96.330 0.000 0.000 11.694 20.694 0.000 0.000 43.581 46.486 45.449 52.468 1.375 41.061 44.978 44.899 44.832 44.774 42.724 44.681 50.645 50.616 42.595 43.581 44.573 44.571 0.000 0.000 0.000 0.000 0.000 61.411 77.407 77.404 77.402 77.399 78.397 78.395
59.735 59.705 59.676 59.646 59.619 59.592 59.567 58.543 57.522 61.502 65.485 65.472 60.464 56.459 61.455 14.451 0.000 0.000 43.109 12.068 59.008 82.931 88.839 94.744 94.593 94.801 92.790 100.300 92.546 94.257 93.944 93.875 93.784 93.698 93.615 100.538 84.505 0.000 7.693 57.694 43.694 0.000 0.000 38.676 46.630 45.580 45.526 51.420 49.234 48.095 44.994 44.922 44.864 41.814 49.770 50.734 46.703 41.679 44.659 44.643 46.630 50.641 0.000 0.000 0.000 0.000 0.000 74.404 77.403 77.401 77.399 78.398 76.396
59.786 59.757 59.728 59.700 59.673 59.647 58.621 57.596 59.572 63.547 66.523 62.504 57.490 56.481 59.473 41.460 28.430 29.368 25.255 26.185 66.118 87.046 92.966 94.855 94.992 92.981 100.659 100.487 93.549 94.262 94.115 94.026 93.938 93.853 98.768 41.650 56.646 26.683 57.693 65.695 0.000 0.000 0.000 37.817 46.777 45.717 45.638 55.524 66.363 40.172 50.060 45.997 42.945 44.897 50.853 49.816 40.784 43.757 44.735 44.710 31.664 32.653 0.000 0.000 0.000 0.000 0.000 55.402 76.402 77.400 77.399 81.398 77.397
59.837 59.809 59.781 59.753 59.727 59.700 57.675 57.649 61.623 68.592 69.557 65.529 60.511 58.501 58.496 60.486 60.462 69.420 10.357 44.297 82.236 89.168 95.095 95.060 94.190 100.967 100.818 93.902 94.682 94.344 94.270 94.175 94.088 94.010 101.951 0.000 39.747 41.710 31.700 33.697 0.000 0.000 0.276 40.998 46.944 45.872 51.785 67.676 44.519 0.000 31.077 44.062 42.022 49.976 50.931 46.892 43.859 44.832 44.812 46.799 0.000 0.000 0.000 0.000 0.000 0.000 47.402 28.402 67.401 77.400 77.399 82.398 77.398
59.888 59.860 59.833 59.806 59.779 58.753 57.728 59.703 66.677 43.643 19.582 18.545 15.524 45.517 62.524 57.524 60.514 41.492 3.456 49.411 87.357 93.304 95.190 95.432 93.453 101.104 94.233 95.009 94.577 94.518 94.412 94.319 94.230 95.148 93.077 15.022 14.884 0.000 0.000 0.000 0.000 0.000 40.375 48.228 46.129 45.042 64.955 68.876 0.000 0.000 1.192 40.153 46.105 51.052 51.003 40.961 44.927 44.901 44.883 47.874 0.000 0.000 0.000 0.000 0.000 0.000 26.402 0.000 55.400 77.399 77.399 83.398 77.398
59.939 59.912 59.885 59.858 58.832 57.806 59.781 62.758 70.738 29.722 0.000 0.000 0.000 0.000 44.562 59.570 60.578 46.579 48.563 74.531 91.490 95.413 95.585 93.605 101.346 101.230 95.211 94.904 94.755 94.651 94.553 94.457 94.365 97.273 82.186 11.104 0.000 0.000 0.000 0.000 0.000 1.733 40.527 47.410 46.304 44.210 72.117 32.997 0.000 0.000 46.371 51.274 51.193 51.125 49.069 44.023 44.987 44.962 44.946 46.940 0.017 51.033 3.033 0.000 0.000 0.000 0.000 0.000 48.399 77.399 77.399 77.398 77.398
59.989 59.963 59.936 59.910 58.883 57.857 61.833 65.811 69.794 27.785 0.000 0.000 0.000 0.000 24.590 67.618 62.648 68.684 81.687 90.664 94.624 95.630 94.778 101.551 101.452 94.544 95.319 94.975 94.890 94.786 94.688 94.594 98.498 61.395 33.291 0.000 0.000 0.000 0.000 0.000 3.011 42.888 47.717 46.580 48.468 45.376 69.308 0.000 0.000 41.690 48.518 64.377 53.270 50.187 46.123 44.074 44.038 45.013 44.999 44.999 50.024 46.033 37.033 0.000 0.000 0.000 44.398 46.398 45.399 77.399 77.398 77.398 77.398
60.039 60.013 59.987 59.961 57.934 59.908 65.882 66.859 64.843 51.838 12.855 0.000 0.000 0.000 0.000 20.665 16.711 56.821 87.836 91.814 95.753 95.921 94.044 101.640 93.854 95.632 95.196 95.130 97.016 95.916 94.820 94.731 100.640 23.518 0.000 0.000 0.000 0.000 0.000 24.239 63.134 63.015 50.873 47.725 58.612 53.518 54.431 15.344 3.168 39.863 44.632 55.448 51.320 55.230 49.163 52.114 51.077 48.052 45.038 44.034 44.039 50.042 0.000 0.000 0.000 0.000 41.398 41.398 51.398 77.398 77.398 77.398 77.398
