results4_8e4_rain/res_4e8f-0231.wd
ncols         241
nrows         181
xllcorner     12693529.787448
yllcorner     3542525.717860
cellsize      155.156523
NODATA_value  -9999.000000
[rows 132 to 164 of 181, columns 0 to 72 of 241]
96.417 101.417 105.416 105.415 107.414 107.413 101.411 92.409 78.407 67.405 66.402 67.399 66.395 65.391 70.386 84.381 95.376 100.369 100.362 97.354 89.344 80.332 71.317 65.300 70.277 72.248 71.215 72.177 70.145 65.116 79.087 102.059 69.036 0.000 0.000 0.000 8.821 60.815 72.809 69.790 71.776 77.768 95.769 81.775 65.785 64.797 64.811 76.828 97.846 38.866 11.889 6.923 0.000 0.000 0.000 0.000 0.000 0.000 0.000 0.000 0.000 0.201 3.201 1.201 28.201 8.126 12.050 52.954 75.814 79.716 79.610 89.698 117.165
74.421 76.421 79.421 85.420 95.419 101.418 106.416 106.414 99.412 85.409 74.406 68.403 72.399 79.395 92.391 107.386 106.380 103.373 103.366 106.357 106.347 102.335 90.321 78.305 70.284 65.260 66.234 65.206 66.179 74.156 96.134 104.116 16.105 0.000 0.000 0.000 18.827 46.833 64.858 73.854 74.844 71.833 72.837 82.843 77.850 70.859 74.868 82.880 95.894 36.910 22.929 28.956 8.986 0.000 0.000 0.000 0.000 0.000 0.000 0.000 0.000 0.000 0.000 0.000 10.276 0.000 60.074 81.997 77.879 86.854 77.920 117.285 106.046
66.426 66.426 66.426 68.425 73.424 77.423 84.421 93.419 101.417 104.414 98.411 96.408 98.405 101.400 100.396 93.391 84.385 82.378 82.371 87.363 93.353 100.341 103.328 102.313 91.295 81.275 76.254 74.232 83.212 99.193 100.178 86.167 19.162 0.000 0.000 0.000 0.000 0.000 47.934 74.926 53.911 41.882 56.902 71.910 86.914 90.919 92.924 93.930 89.939 16.950 3.961 31.989 29.015 17.042 23.054 17.058 0.000 0.000 0.000 0.000 0.000 0.000 44.490 14.441 80.351 102.287 135.144 91.120 86.174 67.134 103.201 107.725 107.635
67.432 67.431 67.431 67.430 66.429 65.428 67.426 72.424 78.422 88.420 98.417 100.414 93.410 83.406 77.401 69.396 65.391 65.384 65.377 67.369 72.360 78.349 85.337 97.324 102.308 104.292 103.275 99.258 102.242 95.228 77.217 69.212 48.215 6.236 0.000 0.000 0.000 0.000 41.018 74.004 16.994 0.000 49.979 74.979 93.979 101.979 87.978 90.978 76.983 34.990 1.004 59.023 28.043 20.058 31.061 31.063 2.065 0.000 0.000 0.000 0.000 31.593 50.540 123.482 152.406 135.289 118.846 117.794 109.466 108.107 107.988 107.861 73.084
67.437 67.437 67.436 67.436 67.435 67.433 67.432 66.430 66.428 69.425 75.423 74.419 70.416 66.412 66.408 66.403 67.397 67.391 67.384 67.377 66.368 65.358 67.348 73.336 80.323 89.309 97.295 93.282 82.269 70.259 66.251 71.248 79.249 55.257 33.264 33.256 19.233 20.190 56.116 77.078 27.067 9.082 69.057 101.048 103.043 82.039 85.031 84.022 72.023 61.033 12.033 40.044 14.076 2.085 15.071 2.067 4.066 2.061 0.000 0.000 0.000 12.648 75.594 81.515 77.504 78.665 76.641 108.427 108.327 108.221 75.423 78.204 80.078
67.443 67.442 67.442 67.441 67.440 67.439 67.438 67.436 67.434 67.431 66.429 66.426 66.422 67.418 67.414 67.409 67.404 67.399 67.392 67.385 67.378 67.369 67.359 66.349 65.338 66.327 70.316 68.305 67.295 71.287 74.281 73.278 71.278 73.280 73.279 70.271 70.252 74.222 49.178 35.123 24.114 42.123 87.119 101.114 81.108 74.101 73.087 53.054 49.054 12.085 0.143 0.000 2.134 4.134 0.000 0.000 8.074 23.055 38.011 7.948 21.870 84.726 91.715 89.789 87.776 88.859 108.615 108.523 89.662 96.455 89.313 95.088 86.933
67.449 67.448 67.448 67.447 67.446 67.445 67.444 67.442 67.440 67.438 67.435 67.432 67.429 67.425 67.421 67.417 67.412 67.407 67.401 66.395 73.388 75.380 67.372 66.363 65.354 66.344 68.335 71.327 74.319 73.313 68.309 69.306 76.305 79.304 75.302 69.295 66.284 75.267 6.251 0.000 9.145 82.175 91.181 78.180 70.175 90.169 36.163 0.000 0.000 2.191 3.220 3.219 3.190 4.185 0.000 0.000 33.100 75.074 104.031 64.970 97.858 106.019 102.983 102.075 108.873 108.790 108.705 101.742 103.623 103.323 102.187 101.122 19.041
67.455 67.454 67.454 67.453 67.453 67.452 67.450 67.449 67.447 67.445 70.442 70.439 68.436 72.432 70.428 67.424 67.420 67.416 66.411 64.405 75.399 83.392 69.385 66.377 68.369 71.362 73.354 72.348 69.342 71.338 76.334 78.332 79.331 79.331 74.329 68.325 77.320 96.313 15.307 0.000 0.000 56.252 79.251 76.248 80.243 100.236 34.233 0.000 3.270 3.246 3.252 3.248 3.223 5.230 0.000 31.197 83.154 99.108 102.044 107.047 104.216 101.208 109.096 109.025 108.951 101.046 101.834 102.710 102.394 102.368 95.303 72.213 0.000
67.461 67.461 67.460 67.460 67.459 67.458 67.457 67.456 67.454 68.452 75.449 75.446 52.443 20.439 41.435 71.432 65.429 68.425 74.421 77.415 77.410 73.404 69.398 70.391 73.385 72.379 71.373 73.368 77.364 77.361 79.359 78.358 69.357 64.358 66.358 79.357 98.357 108.357 30.359 0.000 0.000 31.328 87.325 89.320 96.312 95.300 31.300 0.000 3.294 1.294 2.294 3.296 0.000 9.282 35.282 79.248 101.178 104.203 103.298 103.305 102.400 109.231 109.165 101.244 102.047 102.913 102.703 102.561 102.521 94.456 86.416 0.000 0.000
67.468 67.467 67.467 67.466 67.466 67.465 67.464 67.463 67.461 69.459 78.457 89.454 65.450 2.447 8.441 56.441 82.438 74.435 72.431 72.427 70.422 69.417 71.411 73.406 71.400 67.395 69.391 81.387 83.384 73.382 67.382 64.382 64.383 69.385 83.387 99.390 96.394 80.400 52.411 20.438 14.438 58.408 87.399 69.395 60.385 52.351 17.368 1.407 1.343 22.334 13.335 3.347 0.000 28.337 79.321 101.250 103.457 102.458 102.572 109.417 109.357 109.295 101.302 103.190 102.905 102.782 102.730 102.660 96.587 83.526 73.491 0.000 0.000
67.474 67.474 67.474 67.473 67.473 67.472 67.471 67.470 67.469 69.468 79.466 66.463 22.457 4.458 0.000 24.451 78.449 70.446 72.442 71.438 69.434 72.429 73.425 70.420 67.416 63.412 73.408 87.405 74.404 64.403 65.404 70.406 80.408 91.412 102.416 95.421 73.428 68.437 87.449 94.463 95.470 99.467 74.469 35.475 7.483 0.000 1.548 1.554 0.000 35.349 22.365 2.412 33.432 79.384 101.417 103.619 102.645 109.580 109.528 109.474 101.563 102.365 103.258 102.959 102.947 102.890 102.818 103.729 91.652 62.569 51.530 9.530 3.530
66.481 66.481 67.480 67.480 67.480 67.479 67.479 67.478 67.477 70.476 80.475 51.474 0.000 10.470 48.471 50.464 67.460 69.457 57.453 39.450 77.446 72.442 68.438 67.434 65.430 67.427 83.424 86.423 68.422 71.423 83.425 92.428 101.433 99.438 87.444 73.451 66.460 82.471 86.484 74.497 55.510 53.520 41.535 21.555 10.587 4.653 2.669 22.684 17.702 0.000 0.000 27.476 79.536 102.659 103.692 101.813 109.677 109.629 101.721 102.535 103.417 103.226 103.107 103.086 103.036 102.987 105.919 69.790 49.721 0.000 0.000 0.000 0.000
75.488 73.488 70.487 68.487 65.487 65.487 65.487 65.486 64.485 69.485 81.484 64.484 45.485 53.481 71.478 67.474 64.471 70.468 65.465 52.462 72.458 66.455 65.452 65.448 67.445 81.442 89.440 55.439 47.439 97.441 102.445 97.450 86.456 76.463 68.470 64.479 75.490 87.503 55.517 30.534 13.551 4.570 21.594 20.623 10.659 11.701 14.728 42.739 26.721 0.000 0.000 59.772 101.815 100.950 109.812 109.769 109.724 101.755 103.652 103.380 103.275 103.247 105.206 100.158 102.130 103.104 114.083 0.000 0.000 0.000 0.000 0.000 0.000
76.496 78.495 84.493 85.493 85.494 82.494 83.494 82.494 81.494 81.493 83.493 66.492 70.492 69.489 66.487 69.484 69.482 68.479 73.476 75.474 69.471 63.468 65.465 67.462 81.459 86.456 75.454 69.453 78.454 101.458 84.465 75.471 67.479 65.487 67.496 66.506 80.518 89.533 53.549 29.568 17.591 19.617 22.648 14.684 15.724 21.766 23.801 16.824 0.000 0.000 38.013 80.033 109.929 109.892 109.853 101.984 102.793 103.695 103.405 103.404 104.364 104.321 77.279 55.220 90.221 104.216 109.226 49.284 0.000 0.000 0.000 0.000 0.000
69.505 63.503 16.498 18.498 27.501 74.502 71.503 71.503 71.502 75.502 84.501 65.501 66.500 65.498 68.496 72.494 73.492 71.490 70.488 73.486 74.483 71.481 65.479 82.476 88.473 79.470 85.466 102.465 99.467 81.473 69.483 65.492 67.501 67.510 66.520 71.531 87.545 89.560 81.579 84.600 55.626 17.658 9.696 8.740 20.788 27.838 17.887 14.934 6.964 33.134 81.182 109.997 109.964 102.122 102.934 103.824 103.639 103.527 103.514 104.470 102.431 96.393 21.374 0.000 72.317 107.314 104.321 103.342 0.000 0.000 0.000 0.000 0.000
67.515 59.515 0.000 0.510 9.511 70.511 66.511 66.511 66.511 70.511 84.510 62.509 66.509 70.507 72.506 73.504 70.503 67.501 65.499 67.498 77.496 90.494 85.492 86.490 63.487 57.483 109.477 95.474 62.475 22.484 42.503 70.513 67.522 67.531 69.542 62.554 46.569 36.585 48.605 88.628 64.656 17.692 12.738 7.793 16.851 21.911 15.975 21.033 21.117 59.262 110.045 101.308 105.049 103.957 103.772 103.664 103.643 103.610 104.570 104.536 69.499 45.447 31.448 34.457 85.415 106.402 102.404 93.419 11.454 0.000 0.000 0.000 0.000
67.525 67.526 50.531 0.520 10.520 71.520 67.520 67.520 66.520 67.519 82.519 69.518 72.518 74.517 73.516 68.514 65.513 66.512 66.511 65.510 75.509 98.508 94.506 81.505 74.503 65.498 41.484 30.478 17.477 0.000 23.530 72.536 67.543 69.552 52.563 26.575 11.590 8.608 50.628 67.651 36.678 8.716 11.770 16.845 23.909 19.981 14.069 7.146 10.437 58.487 110.109 104.196 103.960 103.784 103.771 103.738 103.700 103.664 101.632 92.603 25.582 0.000 42.515 101.506 106.486 104.474 98.472 88.478 6.489 0.000 0.000 0.000 0.000
64.534 66.535 63.536 0.000 6.530 71.530 66.529 64.529 66.529 70.528 74.528 73.527 73.527 71.526 65.525 66.525 66.524 67.523 67.522 72.522 90.521 89.521 82.521 91.521 89.521 60.522 0.000 0.000 0.000 0.000 21.553 72.556 67.562 70.571 41.581 3.594 37.609 63.627 83.647 52.669 4.690 0.756 0.823 5.907 15.960 16.038 16.140 10.372 6.981 110.287 110.200 103.101 103.951 103.853 103.822 103.786 103.752 105.719 90.689 73.663 33.644 9.636 57.591 87.568 96.549 105.537 94.532 83.532 5.535 0.000 0.000 0.000 0.000
71.542 69.543 58.543 0.000 57.539 65.539 67.538 71.538 72.538 73.537 71.537 72.537 70.536 66.536 66.535 67.535 67.534 66.534 68.534 91.533 90.534 72.534 85.535 83.537 87.540 85.546 48.563 4.573 13.578 43.578 48.573 68.574 67.579 67.587 62.598 54.611 71.626 70.644 64.665 86.688 34.711 0.782 0.848 9.933 14.987 13.064 14.158 38.300 62.688 110.369 105.424 105.177 104.919 103.908 103.871 103.837 104.803 102.772 57.742 34.716 46.693 47.673 101.646 103.623 83.606 93.594 88.587 61.584 26.583 0.000 0.000 0.000 0.000
72.550 73.550 70.551 58.553 72.549 72.548 72.547 73.547 73.546 74.546 86.546 68.546 66.545 66.545 67.545 67.545 67.545 68.545 82.545 93.545 68.546 72.547 99.548 91.551 79.555 82.561 85.570 69.577 74.582 89.584 82.585 70.588 63.594 63.601 74.612 90.625 77.640 49.659 21.681 76.707 65.744 14.801 17.858 22.923 18.990 10.076 12.142 53.421 105.669 110.445 102.404 105.059 105.990 103.954 103.920 103.885 96.853 86.821 43.792 14.765 23.741 24.718 85.695 127.674 108.657 84.645 76.637 55.633 64.631 17.631 0.000 3.846 7.846
77.558 77.558 73.558 73.558 73.557 74.556 74.556 70.556 67.555 66.555 29.555 19.555 70.555 67.555 67.555 67.555 66.555 69.555 93.556 79.556 64.557 70.559 87.561 104.564 99.567 96.572 94.579 90.584 86.589 85.592 93.595 90.599 84.605 80.613 83.623 87.636 49.651 13.670 12.691 28.717 24.756 9.806 18.854 28.909 24.977 16.075 9.236 52.490 110.588 110.518 105.296 107.143 104.033 104.003 104.967 100.933 84.900 77.869 83.840 89.812 73.787 95.763 110.741 127.721 136.705 120.692 82.684 87.679 62.678 0.000 0.000 0.000 0.000
16.565 17.565 77.564 72.565 72.565 67.565 64.564 66.564 61.564 14.564 14.564 3.564 71.564 67.564 67.565 67.565 67.565 85.566 92.566 65.567 67.569 67.570 70.572 76.575 78.579 78.583 74.588 77.592 93.597 86.601 77.604 80.609 87.615 91.623 94.632 91.645 66.660 31.677 14.697 13.714 0.000 2.814 13.843 22.882 6.930 0.000 22.451 82.698 110.655 102.635 106.365 106.103 104.089 104.050 105.014 99.980 86.947 52.915 59.885 102.857 113.831 145.807 136.785 108.765 96.748 113.735 92.726 86.722 61.723 0.750 0.000 0.000 0.000
3.573 12.572 26.570 81.572 66.573 64.573 66.573 66.573 67.573 14.573 5.573 60.573 68.574 67.574 67.574 67.575 69.575 93.576 78.577 64.578 67.579 67.581 67.583 66.586 66.589 66.593 65.597 72.601 101.605 80.609 11.613 19.618 31.623 82.630 92.639 76.650 81.665 68.684 20.705 17.728 2.760 7.794 20.821 12.848 0.000 0.000 40.619 110.783 110.720 105.517 107.260 103.170 104.133 104.096 104.060 104.025 90.991 53.960 68.929 105.901 101.874 135.849 130.826 99.805 104.788 90.774 71.764 89.760 67.762 1.775 0.000 0.000 0.000
65.582 61.582 0.000 73.581 83.581 84.581 65.581 77.581 84.581 60.582 58.582 68.582 67.583 67.583 67.584 67.584 86.585 90.586 65.587 67.588 66.590 65.592 67.594 67.597 67.600 67.603 66.606 74.610 103.613 84.617 30.621 3.625 54.630 79.636 92.643 71.653 61.666 20.687 13.712 16.734 14.757 22.781 26.798 0.824 0.000 19.535 81.791 110.845 102.770 106.496 106.239 104.220 104.178 104.140 104.104 105.069 96.035 85.002 107.972 132.942 120.914 137.888 134.864 128.843 135.824 101.808 78.797 88.791 96.791 25.794 0.000 0.000 0.000
67.590 66.591 61.594 67.591 66.590 14.590 88.590 80.590 67.590 68.590 68.591 67.591 67.592 67.593 67.593 70.594 93.595 76.596 66.597 67.598 73.600 81.602 67.604 65.607 67.609 66.612 69.615 93.618 101.622 76.625 64.628 52.632 74.636 73.640 34.645 19.651 16.658 0.000 5.723 5.737 6.755 7.774 9.786 0.000 22.578 79.743 101.923 110.904 103.733 104.378 104.302 104.261 104.221 104.183 104.146 105.111 96.077 79.044 75.012 107.982 97.953 111.926 114.901 102.877 104.856 76.839 53.825 67.817 134.815 87.817 22.829 12.836 34.841
67.598 67.598 67.599 67.598 67.598 61.598 77.598 93.598 69.599 66.599 67.600 67.600 67.601 67.602 66.603 89.604 91.605 65.606 67.607 68.608 65.610 27.612 86.614 81.617 68.619 66.622 84.624 103.627 87.630 67.633 67.635 68.638 71.641 75.644 12.646 13.648 0.000 2.718 17.719 0.000 0.737 0.000 0.000 0.000 45.681 102.870 111.016 110.961 103.616 104.453 104.338 104.303 104.263 104.225 104.188 103.152 88.117 90.084 110.052 129.020 127.991 132.962 137.935 124.909 122.885 109.864 58.848 56.838 132.833 96.832 34.833 27.837 92.843
67.605 67.605 67.606 67.606 67.606 67.606 67.606 78.606 93.607 69.608 66.608 67.609 67.610 65.611 73.612 94.613 74.614 66.615 68.616 66.617 8.620 5.622 74.624 75.627 81.629 80.631 88.633 87.636 68.638 66.640 68.643 71.645 76.647 76.648 0.000 0.000 0.000 4.716 28.717 15.717 16.719 15.718 0.000 6.752 53.911 108.080 111.070 102.952 104.669 104.405 104.387 104.343 104.303 104.265 104.228 104.192 90.157 86.123 107.090 108.058 108.027 110.997 110.968 109.939 114.912 87.885 63.865 78.854 93.848 32.846 0.000 0.000 36.849
67.612 69.613 69.613 67.613 67.613 67.613 67.614 67.614 78.615 93.616 69.617 64.618 64.619 81.620 93.622 87.623 64.624 67.625 63.626 9.624 6.630 60.632 67.635 67.636 73.638 90.640 90.642 83.644 76.646 68.648 55.650 25.652 90.653 70.654 0.000 0.000 0.000 3.714 17.715 10.716 24.717 13.718 0.000 6.887 26.990 111.174 111.122 103.821 104.557 104.464 104.423 104.382 104.342 104.304 104.267 105.230 100.195 90.161 85.127 84.094 84.062 84.030 84.000 87.969 61.937 5.899 31.875 87.863 83.858 44.858 6.861 0.000 35.854
68.620 5.620 6.620 67.620 66.621 65.621 65.622 64.622 64.623 77.624 92.625 85.627 92.628 94.630 81.631 65.633 72.634 72.636 60.637 0.000 8.642 71.643 67.645 69.646 93.648 100.649 78.651 69.652 76.654 83.656 71.657 7.659 50.660 68.661 0.000 0.000 0.000 4.711 10.712 7.715 21.716 0.000 0.000 6.941 12.257 111.224 109.069 104.785 104.527 104.505 104.461 104.420 104.380 104.342 104.305 104.268 105.233 104.198 102.163 101.129 101.096 102.063 104.032 78.000 19.969 0.000 16.871 72.867 103.865 94.864 67.865 43.865 60.860
67.627 66.627 1.627 66.627 77.628 81.628 85.629 90.630 93.631 94.632 94.634 94.635 80.637 67.639 83.640 100.642 101.644 101.647 94.649 72.655 7.654 68.654 66.655 75.656 103.657 90.659 67.660 66.661 68.662 71.663 62.665 7.666 27.667 27.668 0.000 0.000 0.000 10.706 5.709 0.000 4.716 0.000 14.959 16.176 6.603 111.273 113.020 108.660 104.581 104.538 104.497 104.456 104.417 104.379 104.341 104.305 104.270 104.235 104.199 104.164 105.129 108.095 80.063 13.032 0.000 5.929 0.000 17.868 73.869 104.870 95.871 71.869 48.863
67.634 69.634 65.634 67.635 82.635 81.636 77.637 73.638 72.639 68.640 89.642 79.644 90.646 81.648 97.650 93.652 86.654 87.657 98.659 104.662 93.663 94.664 86.665 94.666 102.667 75.668 66.669 67.669 67.670 66.671 66.672 68.673 63.674 12.677 72.684 63.688 2.693 4.698 0.000 0.000 0.000 5.965 84.008 81.212 111.364 111.319 106.896 107.726 104.610 104.573 104.531 104.491 104.452 104.414 104.378 104.342 104.306 104.271 104.236 106.199 111.159 80.126 20.095 0.000 0.000 2.929 1.928 0.000 14.873 65.877 100.879 50.879 0.000
69.640 5.640 64.641 67.641 67.642 67.643 66.644 67.645 69.647 67.648 79.650 74.652 83.654 94.657 82.659 67.661 68.664 69.666 70.669 75.671 88.673 98.674 104.675 102.676 91.677 67.677 67.678 67.678 67.678 67.679 68.679 91.680 64.681 4.682 68.686 18.689 12.692 5.695 0.000 0.000 0.000 15.952 104.157 106.370 111.408 105.225 104.935 104.670 104.650 104.605 104.564 104.525 104.486 104.449 104.413 104.377 104.343 104.308 106.274 91.237 45.184 12.155 0.000 4.930 2.929 22.929 29.928 0.000 0.000 36.887 98.888 50.888 0.000
70.647 3.647 64.647 67.648 67.649 67.650 67.651 68.653 6.654 66.656 70.658 81.660 81.663 89.665 94.668 80.671 65.673 65.676 65.679 67.681 69.683 70.684 71.685 71.686 70.686 69.686 65.686 65.687 66.687 67.686 78.686 92.686 63.686 57.686 59.687 0.000 0.000 5.695 0.000 0.000 0.000 20.048 103.170 111.493 111.450 104.083 104.814 104.720 104.678 104.636 104.596 104.557 104.519 104.483 104.447 104.412 104.378 104.345 109.315 65.290 0.000 0.000 2.932 0.931 2.929 17.929 24.928 0.000 0.000 39.897 99.897 58.897 0.000
