results4_8e4_rain/res_4e8f-0188.wd
ncols         241
nrows         181
xllcorner     12693529.787448
yllcorner     3542525.717860
cellsize      155.156523
NODATA_value  -9999.000000
[rows 33 to 65 of 181, columns 146 to 218 of 241]
64.813 64.029 63.755 64.393 31.053 42.724 64.411 58.099 36.679 0.000 0.000 36.308 12.308 17.308 33.310 58.314 45.313 11.312 0.000 0.235 50.219 58.206 16.183 43.156 35.135 36.112 40.074 49.036 66.995 57.964 52.936 47.912 48.892 48.875 47.858 46.841 45.823 53.804 63.785 55.768 55.753 53.737 32.723 46.710 54.701 0.000 25.272 30.244 54.173 52.113 57.056 67.003 59.958 54.937 9.926 0.000 37.877 37.870 44.867 22.870 0.000 0.000 0.000 0.000 0.000 0.000 0.000 0.000 0.000 0.000 0.000 0.000 0.000
64.763 64.510 64.163 64.835 42.514 60.212 62.945 56.755 0.000 0.000 14.308 38.308 0.000 0.000 0.000 42.324 42.320 50.310 13.291 63.265 51.235 38.211 47.186 38.160 36.135 36.107 35.074 37.040 65.005 62.974 62.946 64.922 57.900 59.880 58.862 58.844 58.826 59.808 63.791 61.775 62.760 57.747 34.735 33.726 6.720 0.000 22.216 36.198 44.162 39.109 45.053 57.994 57.959 55.939 13.928 0.000 0.000 42.858 14.856 0.000 0.000 0.000 0.000 0.000 1.758 44.752 43.746 45.741 35.736 38.733 5.731 0.000 0.000
65.241 64.905 64.584 64.264 63.956 64.664 56.403 43.220 0.000 0.000 0.000 6.308 0.000 0.000 0.000 39.340 36.331 49.317 54.297 46.272 55.245 53.218 34.191 35.164 36.136 36.107 48.075 52.043 56.012 48.981 45.953 55.928 29.905 36.885 31.865 31.847 31.829 34.812 60.795 49.780 47.767 49.755 34.745 36.737 16.733 0.000 32.177 89.171 14.166 0.000 0.000 6.962 58.946 57.931 16.920 0.000 0.000 39.849 36.842 38.826 36.813 44.802 50.790 42.778 64.763 71.753 69.746 54.740 34.735 33.732 37.729 7.727 0.000
65.636 65.316 64.997 64.684 65.381 60.084 41.784 32.502 41.502 0.000 0.000 0.000 0.000 0.000 0.000 36.363 35.349 38.330 34.307 45.281 48.254 51.225 40.197 35.168 35.139 35.109 60.078 66.047 48.016 41.986 41.958 42.932 39.909 39.888 39.868 40.849 43.831 40.814 61.799 53.784 51.772 51.761 33.752 47.746 73.742 0.000 24.145 77.142 0.000 0.000 0.000 8.947 58.931 56.917 34.902 39.879 37.861 35.848 35.836 35.824 34.812 41.801 48.791 35.780 53.765 71.751 67.743 47.738 32.733 32.730 37.727 5.726 0.000
66.049 65.722 65.403 65.095 61.800 47.508 36.146 0.000 0.000 0.000 0.000 40.536 3.522 9.501 1.463 35.399 36.373 36.347 35.321 35.292 41.263 34.233 34.203 36.172 35.142 34.111 58.081 55.051 63.021 66.990 65.960 60.934 56.911 58.889 54.869 58.850 58.832 59.816 63.800 61.787 62.775 58.765 33.757 45.751 67.748 0.000 19.116 80.110 0.000 0.000 0.000 0.000 55.914 58.906 37.892 35.874 35.857 35.844 35.832 35.821 34.810 41.801 50.793 6.786 0.000 29.743 72.739 48.734 32.730 32.726 36.724 3.722 0.000
66.459 66.121 65.798 65.493 55.215 37.002 0.000 0.000 0.000 0.000 38.565 41.549 54.530 54.505 42.472 35.430 35.396 36.366 36.335 35.304 34.273 35.241 35.209 35.177 34.145 43.114 62.084 41.054 55.025 31.991 64.958 54.934 53.911 53.890 50.869 55.850 56.832 56.816 63.801 61.787 58.776 58.766 33.759 47.754 66.752 0.000 5.094 73.072 0.000 0.000 0.000 0.000 59.906 58.900 34.886 36.866 35.851 36.838 36.827 36.817 37.807 45.799 25.793 0.000 0.000 30.738 72.735 53.731 40.726 34.722 37.719 4.717 0.000
66.865 66.506 67.173 59.865 47.565 37.284 0.000 0.000 0.000 0.000 35.581 52.566 46.545 35.518 37.487 37.451 35.417 34.384 36.351 35.317 36.283 36.249 36.215 35.181 35.148 55.116 55.085 55.058 55.036 0.000 36.949 34.931 35.910 35.889 36.868 40.849 43.831 41.814 61.800 55.786 49.775 51.766 34.759 46.754 65.752 0.000 0.000 46.011 36.986 0.000 0.000 0.000 53.904 36.902 0.000 31.854 37.842 41.831 48.821 48.812 48.802 50.794 22.788 0.000 14.742 78.737 71.732 73.727 61.722 36.717 37.713 5.711 0.000
67.259 66.864 66.524 52.229 3.897 0.000 0.000 0.000 0.000 13.638 51.612 46.589 36.564 37.537 37.505 37.472 37.437 35.402 34.367 34.330 36.294 35.257 35.220 34.184 36.150 51.116 42.085 51.054 52.025 10.990 10.957 50.932 49.909 49.887 49.866 51.846 51.828 52.812 64.797 60.783 55.772 57.763 33.757 42.752 70.751 0.000 0.000 104.975 73.962 40.943 27.935 0.000 0.000 0.000 0.000 0.000 34.830 43.824 47.816 46.806 49.797 51.787 37.776 42.760 58.746 73.737 71.730 71.723 59.717 36.711 36.706 12.702 0.000
67.624 68.168 59.828 42.631 0.000 0.000 0.000 1.711 1.696 58.665 52.639 36.614 37.587 37.558 37.527 37.493 37.457 37.421 34.383 35.344 35.304 35.265 36.225 35.187 35.150 38.115 43.082 55.051 42.019 53.988 58.958 51.931 60.907 50.884 51.863 54.843 53.824 52.807 62.792 58.778 46.767 45.758 34.752 41.748 70.748 0.000 0.000 95.951 85.944 62.933 31.926 0.000 0.000 7.857 2.853 0.000 5.825 54.819 46.811 40.802 37.792 52.781 39.770 41.757 49.745 70.735 72.727 70.719 56.712 36.705 33.698 37.690 31.679
75.909 73.356 45.989 35.836 0.000 0.000 3.739 36.727 50.711 51.689 45.665 40.640 37.612 37.583 37.550 37.515 36.479 39.441 44.401 40.359 35.315 36.272 35.229 35.188 35.149 35.113 42.078 43.046 41.015 47.984 46.955 41.928 53.903 33.880 41.858 48.837 47.818 41.801 60.785 53.771 33.760 32.750 35.744 37.741 41.744 0.000 0.000 73.934 53.929 90.921 76.909 12.890 13.875 64.860 38.850 36.837 36.826 38.817 49.807 43.797 11.787 64.776 52.765 48.754 46.742 57.732 73.723 65.715 48.706 37.698 33.690 40.680 64.669
0.000 0.000 24.938 42.887 0.000 0.000 38.752 48.744 62.732 46.714 45.693 45.668 38.640 37.609 37.576 37.540 44.502 52.462 53.420 45.375 40.327 35.278 34.231 35.186 39.145 36.108 35.073 34.040 40.009 40.979 39.950 40.923 42.898 35.874 41.851 46.831 48.811 44.793 60.777 54.762 36.750 35.740 35.732 31.727 0.000 0.000 0.000 29.922 48.918 48.911 82.901 97.887 90.873 58.860 44.848 45.836 45.825 48.814 70.804 88.793 97.783 96.772 98.761 97.750 91.739 85.729 77.719 60.710 43.701 34.692 35.683 48.673 67.663
18.999 0.000 0.000 0.000 0.000 9.776 41.772 61.767 53.758 56.743 53.724 43.699 36.671 37.639 37.604 48.567 53.527 49.486 44.442 41.394 44.338 39.283 39.231 35.180 40.138 34.100 35.066 36.033 35.002 34.972 34.944 34.916 33.891 34.867 34.844 38.822 44.802 43.784 61.767 55.752 34.738 35.727 35.717 34.709 9.698 0.000 0.000 33.914 59.911 48.905 50.895 65.884 76.871 86.859 88.846 94.834 97.823 97.812 96.801 92.790 83.779 81.768 83.757 86.745 88.735 89.724 87.714 91.704 83.695 50.686 37.677 56.667 73.657
58.420 17.214 0.000 0.000 6.758 42.780 58.792 51.795 43.790 51.778 55.759 56.735 46.705 35.672 45.635 54.595 44.554 36.512 36.470 38.422 6.349 7.287 6.228 32.166 36.126 38.090 38.057 35.025 34.994 35.964 34.936 34.908 34.883 35.858 34.835 34.813 34.792 37.773 54.755 53.739 35.724 35.712 35.702 36.693 37.687 0.000 0.000 32.909 50.906 51.901 63.893 50.882 30.870 34.857 70.844 94.832 78.821 73.809 76.798 69.786 55.775 44.764 35.752 33.741 34.730 44.719 42.709 37.699 76.689 91.680 69.670 67.661 71.652
0.000 33.009 11.393 5.607 41.736 51.794 58.821 42.831 45.829 43.818 41.800 49.775 54.744 49.708 53.668 42.626 36.582 37.539 37.502 45.474 0.000 0.000 0.000 29.131 38.108 49.078 50.047 45.015 40.984 42.955 38.926 37.899 35.873 34.848 34.824 35.802 34.780 34.760 37.741 46.724 34.709 34.695 35.684 34.676 3.671 0.000 0.000 13.907 11.905 65.900 49.892 34.881 48.868 50.855 96.842 77.830 60.818 42.806 33.795 34.783 35.771 36.759 36.748 36.736 35.725 33.714 32.704 33.693 41.684 78.674 86.664 71.655 70.646
0.000 20.419 43.562 45.692 44.785 59.839 44.868 38.879 40.878 39.867 36.847 35.821 50.788 57.749 60.705 48.657 38.608 35.562 43.524 9.499 0.000 0.000 0.000 32.120 42.097 49.068 50.036 50.005 51.974 59.944 57.916 53.889 51.862 47.837 41.813 36.790 34.767 35.746 34.726 39.708 32.691 33.676 34.663 36.654 57.649 0.000 0.000 0.000 27.906 69.902 29.894 38.884 29.868 68.851 86.839 46.827 34.816 36.804 36.792 36.780 36.767 36.755 33.743 33.732 32.720 33.709 33.698 33.687 49.678 64.668 37.658 97.648 69.639
0.000 20.686 43.745 36.814 55.872 55.911 50.932 41.939 35.936 36.923 37.902 48.874 51.838 43.795 46.745 55.689 56.630 46.575 3.534 0.000 5.268 4.229 37.180 43.131 47.094 46.059 47.026 46.994 44.963 51.933 52.904 52.877 53.851 50.825 49.801 50.777 41.754 36.731 37.710 34.690 35.671 34.654 33.640 35.629 50.622 0.000 0.000 0.000 27.912 71.906 33.899 9.892 0.000 14.843 53.836 35.825 36.813 34.801 34.789 34.776 33.764 32.751 33.739 33.726 32.714 33.703 32.692 31.681 34.671 30.662 26.653 90.639 99.628
0.000 17.895 37.917 47.949 57.978 48.999 49.010 51.011 49.003 39.987 45.964 54.934 43.895 36.848 35.791 41.724 51.650 58.576 22.502 14.405 40.307 40.238 35.180 44.129 49.087 50.050 46.015 45.981 37.950 34.920 34.892 34.865 33.838 31.813 38.787 52.763 51.739 50.715 45.693 36.670 34.649 35.630 34.613 34.598 35.590 0.000 0.000 0.000 42.924 9.912 13.906 0.000 0.000 0.000 32.835 12.824 15.812 32.798 31.786 31.773 32.760 34.747 34.734 34.721 33.709 33.696 31.685 31.674 32.664 20.657 0.000 10.627 93.614
0.000 17.081 41.080 60.085 51.093 48.098 48.097 49.091 48.078 50.059 55.034 44.002 37.962 37.911 37.847 36.766 37.670 43.576 60.492 58.406 37.317 36.238 35.173 36.119 48.076 46.038 57.003 44.967 37.935 35.906 36.878 35.851 40.825 48.799 44.774 38.749 44.724 54.699 51.674 50.650 41.626 34.604 34.582 35.563 33.548 0.000 0.000 42.954 30.948 0.000 0.000 44.862 39.861 38.855 30.846 0.000 0.000 37.793 34.783 34.770 34.757 34.743 34.729 34.715 34.702 34.690 34.677 33.666 34.654 36.643 26.631 0.000 35.599
5.355 30.269 55.236 51.220 40.211 45.202 50.191 45.177 51.159 57.137 49.111 37.078 36.038 37.987 37.920 41.824 42.687 36.567 47.485 43.409 40.317 37.224 34.153 41.100 45.059 47.025 37.992 64.948 52.917 42.890 34.863 40.837 59.811 69.786 62.760 39.734 41.708 44.682 48.656 53.629 51.603 47.576 36.550 33.522 40.492 46.449 0.000 17.960 38.966 0.000 0.000 14.864 34.865 34.859 34.847 39.833 38.816 34.798 33.783 34.769 34.754 34.738 34.723 34.709 34.696 34.682 34.670 34.657 33.645 33.632 34.618 37.601 33.591
17.441 51.405 57.373 42.349 37.328 39.308 41.288 52.266 56.244 67.220 66.193 59.162 48.125 37.081 40.021 6.923 0.000 35.519 41.472 38.428 1.320 35.189 39.115 56.069 55.034 58.010 0.000 29.916 69.897 63.873 49.848 55.823 73.798 73.772 71.746 40.720 46.693 46.665 48.637 36.608 45.579 51.549 50.518 49.485 62.448 71.407 4.363 0.000 28.990 54.015 0.000 0.000 57.878 38.867 38.852 38.835 38.818 39.800 33.784 32.767 36.751 33.733 33.718 33.703 33.689 34.675 33.662 32.648 32.635 32.622 32.608 32.594 31.583
16.562 62.537 48.504 37.473 37.444 37.415 50.386 48.357 65.331 80.306 77.280 74.251 69.220 60.189 51.162 0.000 0.000 0.000 29.456 40.444 0.000 0.000 32.048 50.026 48.999 63.970 35.929 36.904 69.881 74.858 70.834 69.809 72.784 72.759 73.733 52.706 44.678 46.649 46.619 36.588 45.556 39.523 58.487 29.450 68.410 90.366 61.319 31.268 0.000 32.039 0.000 33.929 93.901 46.879 48.858 48.839 44.819 45.801 37.784 32.767 14.748 33.727 33.711 36.696 39.681 49.667 39.653 34.639 35.626 35.612 35.599 35.586 35.574
48.709 52.675 46.635 44.596 39.559 51.523 45.484 58.443 36.418 6.394 57.369 76.342 75.315 76.292 59.277 0.000 0.000 0.000 23.452 46.448 0.000 0.000 29.002 43.989 38.967 65.942 76.913 76.889 72.865 72.843 72.820 73.796 72.772 72.747 72.720 66.693 41.665 43.635 41.603 36.570 47.535 48.498 51.459 8.419 53.376 89.329 59.278 77.218 38.136 24.063 36.011 91.957 79.919 51.890 45.864 47.841 41.820 35.800 33.783 31.769 0.000 39.714 47.703 55.688 62.674 71.659 60.645 40.631 34.617 35.603 35.589 35.576 35.564
59.891 48.819 48.764 44.716 51.673 48.632 51.587 75.511 62.504 45.484 66.459 75.432 74.407 73.387 53.376 0.000 0.000 0.000 0.000 1.448 0.000 0.000 34.971 43.958 54.939 70.918 72.894 72.872 72.850 72.828 72.806 72.783 72.760 72.735 72.709 72.682 58.653 48.621 41.588 34.552 38.515 38.475 43.433 62.390 48.345 83.298 69.246 76.189 83.126 69.066 74.015 82.967 58.928 59.896 45.868 44.843 36.819 33.798 34.778 36.758 50.734 56.714 74.697 73.682 72.666 71.651 71.636 61.621 39.607 34.593 35.580 35.566 35.554
51.025 38.947 40.885 52.832 49.786 49.747 19.718 0.000 54.604 80.580 75.551 74.521 76.494 58.473 44.465 28.490 0.000 0.000 0.000 0.000 0.000 0.000 40.953 57.934 69.914 72.894 72.874 72.854 72.834 72.814 72.793 72.771 72.749 72.725 72.700 72.672 73.643 67.610 59.575 51.537 49.497 52.454 43.409 60.364 39.317 81.269 14.220 35.167 70.113 42.061 33.013 88.970 52.932 56.898 54.869 35.842 33.817 34.794 34.772 42.751 63.729 74.709 71.691 71.674 71.658 68.642 67.627 65.612 64.597 38.583 34.569 34.556 34.543
41.136 38.060 50.996 50.940 45.892 65.852 19.821 28.806 68.727 75.681 74.643 74.608 74.576 50.546 50.521 61.515 0.000 0.000 0.000 0.000 0.000 0.000 0.000 7.912 66.890 78.872 73.854 72.836 72.818 72.800 72.781 72.761 72.739 72.716 72.692 72.665 72.635 73.602 74.566 71.525 71.481 74.434 54.386 60.338 34.290 75.243 11.196 13.147 66.099 36.052 46.008 79.967 60.930 52.897 56.866 33.839 34.813 33.789 35.767 45.745 66.723 67.703 72.685 71.667 66.650 63.633 67.617 72.602 71.587 60.573 41.558 40.545 39.532
37.236 51.163 52.098 40.041 50.991 71.946 64.908 70.871 76.819 74.773 74.731 74.692 71.654 55.615 5.559 1.537 0.000 0.000 0.000 0.000 0.000 0.000 0.000 0.000 11.861 23.848 64.834 73.819 72.803 72.787 72.770 72.751 72.731 72.710 72.686 74.660 73.631 73.598 72.560 74.517 73.468 73.415 63.362 61.311 38.264 50.218 80.172 59.127 67.083 36.040 63.999 57.960 60.925 48.892 42.862 34.834 34.808 34.783 42.760 47.738 48.716 53.696 61.677 59.658 60.641 71.624 71.607 71.592 71.576 72.562 66.547 62.533 60.520
52.328 52.257 41.193 37.135 52.083 71.036 76.992 75.950 74.904 74.860 74.817 75.775 66.733 59.700 0.000 0.000 0.000 0.000 0.000 0.000 0.000 0.000 0.000 0.000 20.844 40.827 67.815 73.802 72.789 72.775 72.760 72.743 72.725 72.705 74.683 74.659 74.631 66.598 71.560 74.514 77.459 75.398 69.335 65.282 53.235 37.191 85.149 68.107 70.066 35.025 80.987 44.951 25.916 42.885 33.855 34.827 33.801 42.776 48.752 47.730 47.708 46.688 39.668 35.649 65.631 71.614 71.597 71.581 71.565 71.550 72.536 72.522 72.508
49.413 40.345 38.282 36.224 53.171 73.122 75.076 75.032 74.989 74.946 74.903 76.857 55.805 53.752 0.000 0.000 0.000 0.000 0.000 0.000 0.000 0.000 0.000 0.000 0.000 54.801 73.795 72.787 72.776 72.764 72.751 72.736 74.720 73.702 73.683 73.661 67.636 45.605 61.566 71.521 22.454 13.384 47.298 54.247 63.204 50.164 71.124 89.085 74.047 41.010 82.973 6.939 18.906 31.875 34.846 34.818 36.792 46.767 44.744 45.721 47.699 50.678 44.658 45.639 61.621 71.603 71.586 71.570 71.554 71.538 71.524 71.509 71.496
40.494 38.427 43.365 48.307 63.254 75.205 75.158 75.115 75.073 75.032 74.991 75.946 62.875 0.000 0.000 0.000 0.000 0.000 2.743 39.743 0.743 18.743 0.000 0.000 0.000 29.781 64.778 71.773 72.765 72.755 72.743 72.731 74.717 72.702 72.685 72.667 56.646 52.620 14.578 16.550 0.000 0.000 32.228 39.203 61.170 47.135 52.100 95.064 78.028 56.993 66.958 16.925 61.894 38.864 34.835 34.808 36.782 45.758 56.734 56.711 58.689 64.668 59.648 70.628 71.610 71.592 71.574 71.558 71.542 71.526 71.511 71.497 71.483
41.570 38.505 45.444 64.387 75.334 75.284 75.238 75.195 75.155 75.118 75.085 81.061 0.000 0.000 0.000 0.000 0.000 0.000 39.743 51.743 38.743 53.743 49.744 0.000 19.758 51.765 58.765 69.761 72.755 72.747 72.737 73.727 72.715 72.702 72.689 68.675 57.661 62.650 0.000 0.000 0.000 16.177 49.183 41.165 59.138 35.108 37.075 85.042 84.008 75.974 61.942 61.910 50.880 45.851 34.824 34.797 34.772 44.747 66.723 73.701 72.679 72.657 64.637 71.617 71.598 71.580 71.562 71.545 71.529 71.513 71.498 71.483 71.469
39.642 37.578 52.518 72.462 76.409 75.360 75.315 75.273 75.234 75.199 75.170 82.151 0.000 0.000 0.000 0.000 0.000 0.000 28.743 48.743 48.743 47.743 50.744 34.747 42.752 50.755 50.755 67.752 73.747 72.740 72.733 72.724 72.714 72.704 73.693 65.683 61.674 55.668 0.000 0.000 0.000 9.170 13.164 41.137 60.110 37.082 33.052 72.021 88.988 85.955 66.924 45.894 44.865 45.838 36.811 33.785 34.760 37.736 48.712 68.689 71.667 71.646 63.625 71.605 71.586 71.567 71.549 71.532 71.516 71.500 71.484 71.470 71.455
38.711 40.648 60.589 76.533 75.482 75.433 75.389 75.347 75.309 75.275 77.245 75.221 0.000 0.000 0.000 0.000 0.000 0.000 14.743 53.743 59.743 64.743 55.743 54.745 48.747 44.748 55.747 69.745 72.741 72.735 75.729 73.722 72.714 72.705 72.697 67.690 59.684 54.681 29.685 0.000 0.000 0.000 0.000 3.110 52.082 38.058 34.031 67.000 97.967 78.935 57.905 48.877 50.849 48.823 43.797 32.772 34.747 33.723 37.700 56.677 71.655 71.633 63.612 71.592 71.573 71.554 71.536 71.518 71.502 71.486 71.470 71.455 71.441
38.777 48.715 68.656 76.601 75.550 75.503 75.459 75.418 75.381 76.347 74.315 62.268 46.268 0.000 0.000 0.000 0.000 0.000 16.742 54.742 63.742 63.742 67.742 69.742 52.742 51.743 66.742 72.739 72.736 72.732 73.726 72.720 72.714 72.707 72.701 70.695 58.690 59.688 53.688 0.000 0.000 0.000 0.000 0.000 38.051 38.037 32.014 76.982 64.946 70.913 40.885 60.858 54.833 47.808 47.783 38.759 33.734 34.711 33.687 45.664 68.642 70.620 64.599 71.579 72.559 71.540 71.522 71.504 71.487 71.471 71.455 71.441 71.426
