results4_8e4_rain/res_4e8f-0208.wd
ncols         241
nrows         181
xllcorner     12693529.787448
yllcorner     3542525.717860
cellsize      155.156523
NODATA_value  -9999.000000
[rows 132 to 164 of 181, columns 0 to 72 of 241]
96.348 101.348 105.347 105.346 107.345 107.344 101.342 92.341 78.338 67.336 66.333 67.330 66.326 65.322 70.318 84.313 95.307 100.301 100.293 97.285 89.275 80.263 71.248 65.230 70.207 72.178 71.145 72.107 70.075 65.045 79.016 101.988 68.965 0.000 0.000 0.000 8.748 60.742 72.737 69.718 71.703 77.696 95.697 81.703 65.712 64.724 64.738 76.755 97.773 38.793 11.816 6.850 0.000 0.000 0.000 0.000 0.000 0.000 0.000 0.000 0.000 0.132 3.132 1.133 28.133 8.057 11.982 52.885 75.745 79.647 79.541 89.630 117.096
74.353 76.352 79.352 85.351 95.350 101.349 106.347 106.345 99.343 85.340 74.338 68.334 72.331 79.327 92.322 107.317 106.311 103.305 103.297 106.288 106.278 102.266 90.252 78.235 70.215 65.191 66.164 65.136 66.109 74.085 96.064 104.046 16.034 0.000 0.000 0.000 18.754 46.761 64.785 73.782 74.771 71.760 72.764 82.770 77.778 70.786 74.796 82.807 95.821 36.837 22.856 28.884 8.914 0.000 0.000 0.000 0.000 0.000 0.000 0.000 0.000 0.000 0.000 0.000 10.208 0.000 60.006 81.928 77.811 86.785 77.851 117.216 105.977
66.357 66.357 66.357 68.356 73.355 77.354 84.352 93.350 101.348 104.345 98.343 96.339 98.336 101.332 100.327 93.322 84.316 82.310 82.302 87.294 93.284 100.272 103.259 102.243 91.226 81.206 76.184 74.162 83.142 99.123 100.108 86.097 19.092 0.000 0.000 0.000 0.000 0.000 47.862 74.854 53.839 41.810 56.830 71.837 86.842 90.846 92.851 93.858 89.866 16.877 3.887 31.917 28.943 16.971 22.984 16.988 0.000 0.000 0.000 0.000 0.000 0.000 44.422 14.372 80.283 102.219 135.076 91.052 86.106 67.065 103.133 107.656 107.566
67.363 67.362 67.362 67.361 66.360 65.359 67.357 72.355 78.353 88.351 98.348 100.345 93.341 83.337 77.332 69.327 65.322 65.315 65.308 67.300 72.291 78.280 85.268 97.254 102.239 104.222 103.205 99.188 102.172 95.158 77.147 69.142 48.145 6.166 0.000 0.000 0.000 0.000 40.947 73.932 16.923 0.000 49.908 74.907 93.907 101.906 87.906 90.905 76.910 34.917 0.932 58.951 27.972 19.987 30.991 30.993 1.995 0.000 0.000 0.000 0.000 31.525 50.472 123.414 152.338 135.221 118.778 117.725 109.398 108.039 107.919 107.793 73.015
67.368 67.368 67.367 67.366 67.366 67.364 67.363 66.361 66.359 69.356 75.354 74.350 70.347 66.343 66.338 66.334 67.328 67.322 67.315 67.308 66.299 65.289 67.278 73.266 80.253 89.240 97.226 93.212 82.200 70.189 66.181 71.178 79.180 55.188 33.194 33.186 19.163 20.120 56.045 77.007 26.996 9.011 68.986 100.977 102.972 81.967 84.959 83.949 71.950 60.960 11.961 39.972 14.005 2.015 15.001 1.997 3.997 1.992 0.000 0.000 0.000 12.580 75.526 81.447 77.436 78.597 76.572 108.359 108.259 108.153 75.355 78.135 80.009
67.374 67.373 67.373 67.372 67.371 67.370 67.369 67.367 67.365 67.362 66.360 66.357 66.353 67.349 67.345 67.340 67.335 67.330 67.323 67.316 67.308 67.300 67.290 66.280 65.269 66.257 70.246 68.235 67.226 71.217 74.212 73.209 71.209 73.210 73.210 70.201 70.183 74.152 49.108 35.053 24.044 42.052 87.048 101.043 81.037 74.029 73.015 52.982 48.981 12.011 0.088 0.000 2.065 4.065 0.000 0.000 8.005 22.986 37.943 7.880 21.802 84.658 91.647 89.721 87.709 88.791 108.547 108.455 89.594 96.387 89.244 95.019 86.864
67.379 67.379 67.379 67.378 67.377 67.376 67.375 67.373 67.371 67.369 67.366 67.363 67.360 67.356 67.352 67.348 67.343 67.338 67.332 66.326 73.318 75.311 67.302 66.293 65.284 66.275 68.266 71.257 74.250 73.244 68.239 69.237 76.236 79.235 75.233 69.226 66.214 75.198 6.181 0.000 9.074 82.105 91.111 78.109 70.104 90.097 36.092 0.000 0.000 2.124 3.153 3.151 3.122 4.116 0.000 0.000 33.031 75.006 103.963 64.903 97.790 105.951 102.915 102.007 108.805 108.723 108.637 101.674 103.554 103.255 102.119 101.053 18.973
67.385 67.385 67.385 67.384 67.383 67.382 67.381 67.380 67.378 67.375 70.373 70.370 68.367 72.363 70.359 67.355 67.351 67.347 66.341 64.336 75.329 83.322 69.315 66.308 68.300 71.292 73.285 72.278 69.273 71.268 76.265 78.263 79.262 79.261 74.260 68.256 77.251 96.244 15.238 0.000 0.000 56.182 79.182 76.178 80.172 100.165 34.162 0.000 3.200 3.176 3.184 3.179 3.154 5.162 0.000 31.129 83.086 99.040 101.976 106.979 104.148 101.140 109.029 108.958 108.884 100.978 101.766 102.642 102.326 102.300 95.234 72.144 0.000
67.392 67.392 67.391 67.391 67.390 67.389 67.388 67.386 67.385 68.383 75.380 75.377 52.374 20.370 41.366 71.363 65.360 68.356 74.351 77.346 77.341 73.335 69.328 70.322 73.316 72.309 71.304 73.299 77.294 77.291 79.289 78.288 69.288 64.289 66.289 79.289 98.288 108.288 30.290 0.000 0.000 31.259 87.256 89.251 96.242 95.229 31.229 0.000 3.224 1.225 2.226 3.228 0.000 9.215 35.214 79.180 101.111 104.135 103.230 103.237 102.333 109.164 109.098 101.176 101.980 102.845 102.635 102.493 102.452 94.388 86.348 0.000 0.000
67.398 67.398 67.398 67.397 67.397 67.396 67.395 67.394 67.392 69.390 78.388 89.385 65.381 2.378 8.372 56.372 82.369 74.366 72.362 72.357 70.352 69.347 71.342 73.336 71.331 67.326 69.322 81.318 83.315 73.313 67.313 64.313 64.314 69.316 83.318 99.321 96.325 80.331 52.343 20.370 14.371 58.340 87.331 69.327 60.316 52.280 17.296 1.340 1.275 22.267 13.267 3.279 0.000 28.270 79.254 101.183 103.390 102.390 102.504 109.350 109.290 109.228 101.234 103.122 102.837 102.714 102.662 102.592 96.519 83.458 73.423 0.000 0.000
67.405 67.405 67.404 67.404 67.403 67.403 67.402 67.401 67.400 69.398 79.396 66.393 22.388 4.389 0.000 24.382 78.380 70.376 72.373 71.369 69.364 72.360 73.355 70.351 67.346 63.342 73.339 87.336 74.335 64.334 65.335 70.337 80.340 91.343 102.347 95.353 73.360 68.369 87.381 94.396 95.402 99.400 74.402 35.409 7.416 0.000 1.486 1.492 0.000 35.282 22.297 2.344 33.364 79.317 101.350 103.551 102.577 109.513 109.461 109.407 101.496 102.298 103.190 102.891 102.879 102.822 102.749 103.661 91.584 62.501 51.462 9.462 3.462
66.412 66.411 67.411 67.411 67.410 67.410 67.409 67.409 67.408 70.407 80.406 51.404 0.000 10.401 48.401 50.395 67.391 69.387 57.384 39.380 77.377 72.373 68.369 67.365 65.361 67.358 83.355 86.353 68.353 71.354 83.356 92.360 101.364 99.369 87.375 73.383 66.392 82.403 86.416 74.430 55.443 53.454 41.469 21.490 10.523 4.591 2.610 22.626 17.644 0.000 0.000 27.411 79.470 102.592 103.625 101.746 109.611 109.563 101.654 102.468 103.349 103.159 103.039 103.018 102.968 102.919 105.851 69.722 49.653 0.000 0.000 0.000 0.000
75.419 73.418 70.418 68.417 65.417 65.417 65.417 65.417 64.416 69.415 81.415 64.415 45.416 53.411 71.409 67.405 64.402 70.399 65.395 52.392 72.389 66.386 65.382 65.379 67.376 81.373 89.370 55.369 47.370 97.373 102.377 97.382 86.388 76.394 68.402 64.411 75.422 87.435 55.450 30.467 13.485 4.505 21.529 20.559 10.596 11.640 14.668 42.680 26.662 0.000 0.000 59.705 101.749 100.883 109.746 109.703 109.658 101.688 103.585 103.312 103.207 103.179 105.138 100.090 102.062 103.036 114.015 0.000 0.000 0.000 0.000 0.000 0.000
76.427 78.426 84.424 85.423 85.424 82.425 83.425 82.425 81.424 81.424 83.423 66.423 70.422 69.420 66.418 69.415 69.412 68.410 73.407 75.404 69.401 63.399 65.396 67.393 81.390 86.387 75.385 69.384 78.385 101.389 84.396 75.403 67.410 65.418 67.428 66.438 80.451 89.465 53.482 29.502 17.524 19.551 22.583 14.620 15.662 21.705 23.741 16.765 0.000 0.000 37.948 79.968 109.863 109.826 109.788 101.917 102.726 103.627 103.338 103.337 104.297 104.253 77.211 55.151 90.152 104.148 109.158 49.215 0.000 0.000 0.000 0.000 0.000
69.435 63.434 16.429 18.428 27.432 74.433 71.433 71.433 71.433 75.432 84.432 65.431 66.430 65.429 68.427 72.425 73.423 71.421 70.418 73.416 74.414 71.412 65.409 82.407 88.404 79.400 85.397 102.396 99.398 81.404 69.414 65.424 67.432 67.441 66.452 71.463 87.477 89.493 81.512 84.534 55.560 17.592 9.632 8.677 20.726 27.777 17.827 14.875 6.904 33.072 81.118 109.931 109.899 102.055 102.867 103.757 103.572 103.460 103.447 104.402 102.363 96.325 21.306 0.000 72.248 107.245 104.253 103.273 0.000 0.000 0.000 0.000 0.000
67.445 59.445 0.000 0.440 9.441 70.442 66.442 66.442 66.441 70.441 84.441 62.440 66.439 70.438 72.436 73.435 70.433 67.432 65.430 67.428 77.427 90.425 85.423 86.421 63.418 57.414 109.408 95.405 62.406 22.415 42.434 70.445 67.454 67.463 69.474 62.487 46.501 36.518 48.538 88.562 64.590 17.627 12.674 7.731 16.789 21.851 15.916 20.975 21.058 59.201 109.980 101.241 104.982 103.890 103.705 103.597 103.576 103.542 104.503 104.468 69.431 45.379 31.380 34.388 85.347 106.333 102.335 93.350 11.385 0.000 0.000 0.000 0.000
67.456 67.457 50.461 0.451 10.451 71.451 67.451 67.451 66.450 67.450 82.449 69.449 72.448 74.447 73.446 68.445 65.444 66.443 66.441 65.440 75.439 98.438 94.437 81.436 74.434 65.429 41.415 30.409 17.408 0.000 23.462 72.467 67.475 69.484 52.495 26.508 11.523 8.540 50.561 67.584 36.612 8.651 11.706 16.783 23.849 19.921 14.011 7.090 10.382 58.427 110.044 104.130 103.893 103.717 103.704 103.670 103.632 103.597 101.564 92.535 25.514 0.000 42.447 101.438 106.418 104.405 98.403 88.409 6.420 0.000 0.000 0.000 0.000
64.465 66.465 63.467 0.000 6.460 71.460 66.460 64.459 66.459 70.459 74.458 73.458 73.457 71.457 65.456 66.455 66.454 67.453 67.453 72.452 90.452 89.452 82.452 91.452 89.452 60.453 0.000 0.000 0.000 0.000 21.485 72.488 67.494 70.503 41.514 3.527 37.542 63.560 83.580 52.602 4.623 0.692 0.761 5.847 15.900 15.979 16.082 10.318 6.940 110.223 110.135 103.035 103.884 103.787 103.755 103.719 103.685 105.652 90.621 73.595 33.575 9.568 57.522 87.499 96.480 105.468 94.463 83.463 5.465 0.000 0.000 0.000 0.000
71.473 69.473 58.474 0.000 57.470 65.469 67.469 71.468 72.468 73.468 71.467 72.467 70.467 66.466 66.466 67.465 67.465 66.464 68.464 91.464 90.464 72.465 85.466 83.467 87.471 85.477 48.494 4.504 13.509 43.510 48.504 68.506 67.511 67.519 62.530 54.543 71.559 70.577 64.598 86.622 34.645 0.718 0.786 9.873 14.927 13.005 14.100 38.243 62.632 110.305 105.358 105.110 104.852 103.841 103.804 103.769 104.736 102.704 57.674 34.648 46.625 47.605 101.577 103.554 83.537 93.524 88.517 61.514 26.514 0.000 0.000 0.000 0.000
72.481 73.481 70.482 58.483 72.480 72.478 72.478 73.477 73.477 74.477 86.476 68.476 66.476 66.476 67.475 67.475 67.475 68.475 82.475 93.476 68.476 72.477 99.479 91.482 79.486 82.492 85.501 69.508 74.513 89.516 82.517 70.520 63.525 63.534 74.544 90.557 77.573 49.592 21.614 76.641 65.678 14.737 17.796 22.861 18.929 10.016 12.082 53.362 105.609 110.381 102.338 104.992 105.923 103.887 103.853 103.818 96.785 86.754 43.724 14.697 23.673 24.649 85.626 127.605 108.588 84.576 76.567 55.563 64.561 17.561 0.000 3.771 7.771
77.488 77.488 73.488 73.489 73.488 74.487 74.486 70.486 67.486 66.486 29.485 19.485 70.485 67.485 67.485 67.485 66.485 69.486 93.486 79.487 64.488 70.489 87.491 104.494 99.498 96.503 94.510 90.515 86.520 85.524 93.527 90.531 84.537 80.545 83.556 87.569 49.584 13.603 12.625 28.651 24.691 9.742 18.791 28.847 24.916 16.014 9.174 52.428 110.524 110.454 105.230 107.077 103.966 103.936 104.900 100.866 84.833 77.802 83.772 89.744 73.719 95.694 110.672 127.652 136.635 120.622 82.614 87.609 62.607 0.000 0.000 0.000 0.000
16.496 17.495 77.495 72.495 72.495 67.495 64.495 66.495 61.494 14.494 14.494 3.494 71.495 67.495 67.495 67.495 67.496 85.496 92.497 65.498 67.499 67.501 70.503 76.506 78.510 78.514 74.519 77.524 93.528 86.532 77.536 80.541 87.547 91.555 94.565 91.577 66.592 31.611 14.630 13.648 0.000 2.750 13.780 22.820 6.868 0.000 22.388 82.635 110.591 102.569 106.298 106.037 104.023 103.983 104.947 99.913 86.879 52.848 59.818 102.789 113.763 145.738 136.715 108.695 96.678 113.665 92.656 86.651 61.652 0.679 0.000 0.000 0.000
3.503 12.503 26.500 81.503 66.503 64.503 66.503 66.503 67.503 14.503 5.503 60.504 68.504 67.504 67.505 67.505 69.506 93.506 78.507 64.509 67.510 67.512 67.514 66.517 66.520 66.524 65.528 72.532 101.536 80.540 11.544 19.549 31.555 82.562 92.571 76.583 81.598 68.617 20.639 17.662 2.694 7.729 20.757 12.785 0.000 0.000 40.556 110.720 110.656 105.452 107.194 103.104 104.067 104.029 103.993 103.958 90.924 53.892 68.861 105.832 101.805 135.780 130.756 99.736 104.718 90.704 71.694 89.689 67.691 1.704 0.000 0.000 0.000
65.512 61.512 0.000 73.512 83.512 84.512 65.512 77.512 84.512 60.512 58.512 68.513 67.513 67.514 67.514 67.515 86.516 90.516 65.518 67.519 66.520 65.522 67.525 67.527 67.530 67.534 66.537 74.541 103.544 84.548 30.552 3.557 54.562 79.568 92.575 71.585 61.598 20.620 13.646 16.668 14.692 22.716 26.733 0.760 0.000 19.471 81.727 110.782 102.704 106.430 106.173 104.153 104.111 104.073 104.037 105.001 95.967 84.935 107.904 132.874 120.846 137.819 134.795 128.773 135.754 101.738 78.726 88.720 96.719 25.723 0.000 0.000 0.000
67.520 66.521 61.524 67.521 66.520 14.520 88.520 80.520 67.520 68.521 68.521 67.522 67.522 67.523 67.524 70.524 93.525 76.526 66.527 67.529 73.531 81.533 67.535 65.537 67.540 66.543 69.546 93.549 101.553 76.556 64.559 52.563 74.567 73.572 34.577 19.583 16.591 0.000 5.656 5.671 6.689 7.709 9.721 0.000 22.516 79.680 101.859 110.841 103.667 104.312 104.236 104.195 104.155 104.116 104.079 105.044 96.009 78.976 74.944 107.914 97.885 111.857 114.831 102.807 104.786 76.768 53.754 67.746 134.743 87.745 22.755 12.762 34.767
67.528 67.528 67.529 67.528 67.528 61.528 77.528 93.528 69.529 66.529 67.530 67.531 67.531 67.532 66.533 89.534 91.535 65.536 67.537 68.538 65.540 27.543 86.545 81.547 68.550 66.552 84.555 103.558 87.561 67.564 67.567 68.570 71.573 75.575 12.578 13.580 0.000 2.650 17.652 0.000 0.670 0.000 0.000 0.000 45.620 102.808 110.953 110.898 103.551 104.387 104.272 104.237 104.197 104.158 104.121 103.085 88.050 90.016 109.984 128.952 127.922 132.893 137.866 124.839 122.815 109.793 58.777 56.766 132.761 96.759 34.759 27.763 92.769
67.535 67.536 67.536 67.536 67.536 67.536 67.536 78.537 93.537 69.538 66.539 67.539 67.540 65.541 73.543 94.544 74.545 66.546 68.547 66.547 8.550 5.553 74.555 75.557 81.559 80.562 88.564 87.566 68.569 66.571 68.574 71.576 76.578 76.580 0.000 0.000 0.000 4.648 28.649 15.649 16.651 15.650 0.000 6.697 53.853 108.019 111.007 102.887 104.604 104.340 104.321 104.277 104.237 104.198 104.161 104.125 90.089 86.055 107.022 107.990 107.958 110.928 110.898 109.870 114.841 87.814 63.793 78.781 93.774 32.772 0.000 0.000 36.774
67.543 69.543 69.543 67.543 67.543 67.544 67.544 67.545 78.545 93.546 69.547 64.548 64.549 81.551 93.552 87.553 64.554 67.556 63.556 9.554 6.560 60.563 67.565 67.567 73.569 90.571 90.573 83.575 76.577 68.579 55.581 25.583 90.584 70.585 0.000 0.000 0.000 3.646 17.647 10.648 24.649 13.650 0.000 6.835 26.936 111.112 111.060 103.756 104.492 104.398 104.358 104.316 104.276 104.238 104.200 105.164 100.128 90.093 85.059 84.026 83.993 83.962 83.931 87.900 61.867 5.828 31.802 87.790 83.784 44.783 6.786 0.000 35.778
68.550 5.550 6.550 67.550 66.551 65.551 65.552 64.553 64.553 77.554 92.556 85.557 92.558 94.560 81.561 65.563 72.564 72.566 60.567 0.000 8.573 71.574 67.575 69.577 93.578 100.580 78.582 69.583 76.585 83.586 71.588 7.590 50.591 68.592 0.000 0.000 0.000 4.643 10.644 7.647 21.648 0.000 0.000 6.892 12.210 111.162 109.004 104.720 104.462 104.439 104.395 104.354 104.314 104.275 104.238 104.201 105.166 104.131 102.096 101.061 101.028 101.995 103.963 77.931 19.899 0.000 16.797 72.792 103.789 94.789 67.789 43.788 60.783
67.557 66.557 1.557 66.557 77.558 81.559 85.559 90.560 93.561 94.563 94.564 94.565 80.567 67.569 83.571 100.573 101.575 101.577 94.580 72.585 7.584 68.584 66.585 75.587 103.588 90.589 67.590 66.592 68.593 71.594 62.595 7.597 27.598 27.599 0.000 0.000 0.000 10.638 5.641 0.000 4.648 0.000 14.908 16.129 6.579 111.211 112.955 108.594 104.516 104.473 104.431 104.390 104.351 104.312 104.275 104.239 104.203 104.167 104.132 104.096 105.061 108.027 79.995 12.963 0.000 5.842 0.000 17.793 73.793 104.793 95.794 71.792 48.786
67.564 69.564 65.565 67.565 82.565 81.566 77.567 73.568 72.569 68.571 89.572 79.574 90.576 81.578 97.580 93.582 86.584 87.587 98.590 104.593 93.594 94.594 86.595 94.596 102.597 75.598 66.599 67.600 67.601 66.602 66.603 68.604 63.605 12.608 72.615 63.619 2.624 4.629 0.000 0.000 0.000 5.908 83.953 81.157 111.302 111.257 106.831 107.661 104.544 104.508 104.465 104.425 104.386 104.348 104.311 104.275 104.240 104.204 104.169 106.132 111.092 80.058 20.026 0.000 0.000 2.842 1.842 0.000 14.796 65.799 100.800 50.800 0.000
69.570 5.571 64.571 67.572 67.572 67.573 66.574 67.575 69.577 67.578 79.580 74.582 83.584 94.587 82.589 67.591 68.594 69.597 70.599 75.602 88.603 98.604 104.605 102.606 91.607 67.607 67.608 67.608 67.609 67.609 68.610 91.610 64.611 4.613 68.616 18.620 12.623 5.626 0.000 0.000 0.000 15.893 104.099 106.311 111.346 105.161 104.870 104.605 104.585 104.540 104.499 104.459 104.421 104.383 104.347 104.311 104.276 104.241 106.207 91.169 45.116 12.087 0.000 4.842 2.842 22.842 29.841 0.000 0.000 36.807 98.807 50.807 0.000
70.577 3.577 64.578 67.578 67.579 67.580 67.581 68.583 6.584 66.586 70.588 81.591 81.593 89.595 94.598 80.601 65.604 65.606 65.609 67.611 69.613 70.615 71.616 71.616 70.617 69.617 65.617 65.617 66.617 67.617 78.616 92.616 63.616 57.617 59.618 0.000 0.000 5.626 0.000 0.000 0.000 19.987 103.109 111.431 111.388 104.018 104.750 104.655 104.613 104.571 104.531 104.492 104.454 104.417 104.381 104.346 104.312 104.279 109.248 65.223 0.000 0.000 2.845 0.843 2.842 17.842 24.841 0.000 0.000 39.814 99.814 58.815 0.000
