results4_8e4_rain/res_4e8f-0208.wd
ncols         241
nrows         181
xllcorner     12693529.787448
yllcorner     3542525.717860
cellsize      155.156523
NODATA_value  -9999.000000
[rows 0 to 32 of 181, columns 146 to 218 of 241]
0.000 0.000 0.000 0.000 0.000 0.000 0.000 0.000 0.000 0.000 0.000 0.000 0.000 0.000 5.839 16.689 17.448 17.152 16.827 16.490 16.159 15.850 15.574 15.339 15.148 14.999 14.889 14.813 14.764 14.738 14.726 19.722 0.000 0.000 0.000 0.000 0.000 0.000 0.000 0.000 0.000 0.000 0.000 0.000 0.000 0.000 0.000 0.000 0.000 20.163 27.163 0.000 0.000 46.337 51.337 0.000 0.000 0.000 0.000 0.000 0.000 0.000 0.000 0.000 0.000 0.000 0.000 0.000 0.000 0.000 0.000 0.000 0.000
0.000 0.000 0.000 0.000 0.000 0.000 0.000 0.000 0.000 0.000 0.000 0.000 0.000 1.384 16.989 17.780 17.502 17.183 16.838 16.484 16.137 15.816 17.533 16.296 15.106 14.960 14.855 14.785 14.743 14.723 14.718 19.718 0.000 0.000 0.000 0.000 0.000 0.000 0.000 0.000 0.000 0.000 0.000 0.000 0.000 0.000 0.000 0.000 17.163 39.163 15.163 0.000 25.337 58.337 52.337 0.000 0.000 0.000 0.000 0.000 0.000 0.000 0.000 0.000 0.000 0.000 0.000 0.000 37.334 0.000 0.000 0.000 0.000
0.000 0.000 0.000 0.000 0.000 0.000 0.000 0.000 0.000 0.000 0.000 0.000 0.000 20.619 19.273 17.940 17.598 17.238 16.859 16.469 16.091 17.745 17.447 15.205 15.018 14.881 14.787 14.729 14.699 14.692 16.708 10.713 0.000 0.000 0.000 0.000 0.000 0.000 0.000 0.000 0.000 0.000 0.000 0.000 0.000 0.000 0.000 0.000 29.163 0.000 0.000 20.337 51.337 13.337 0.000 0.000 0.000 0.000 0.000 0.000 0.000 0.000 0.000 0.000 6.334 0.000 0.000 0.000 40.334 12.334 0.000 0.000 0.000
0.000 0.000 0.000 0.000 0.000 0.000 0.000 0.000 0.000 0.000 0.000 0.000 3.117 20.039 18.546 18.109 17.711 17.314 16.889 16.444 17.011 16.625 15.306 15.060 14.881 14.759 14.683 14.644 14.631 20.638 0.000 0.000 0.000 0.000 0.000 0.000 0.000 0.000 0.000 0.000 0.000 0.000 0.000 14.164 0.000 0.000 0.000 13.164 73.164 3.164 0.000 26.337 53.337 0.000 0.000 0.000 0.000 0.000 0.000 0.000 0.000 0.000 12.335 18.335 37.334 0.000 0.000 30.334 39.334 40.334 12.334 0.000 0.000
0.000 0.000 0.000 0.000 0.000 0.000 0.000 0.000 0.000 0.000 0.000 8.183 1.357 3.034 18.761 18.240 17.824 17.417 16.939 16.408 16.885 16.437 15.092 14.847 14.686 14.591 14.544 14.532 15.545 16.592 0.000 0.000 0.000 0.000 0.000 0.000 0.000 0.000 0.000 0.000 0.000 0.000 15.164 38.164 33.164 0.000 0.000 29.164 57.164 0.000 0.000 0.000 53.337 8.337 0.000 0.000 0.000 0.000 0.000 0.000 0.000 0.000 52.335 56.335 58.334 0.334 0.000 43.334 38.334 38.334 48.334 0.000 0.000
0.000 0.000 0.000 0.000 0.000 0.000 0.000 0.000 0.000 0.000 10.907 3.506 1.874 1.297 1.435 16.265 17.927 17.591 17.044 18.362 17.684 15.146 14.777 14.550 14.426 14.374 14.370 14.394 20.425 0.000 0.000 0.000 0.000 0.000 0.000 0.000 0.000 0.000 0.000 0.000 0.000 0.000 0.000 18.164 39.164 31.164 29.164 11.164 42.164 15.164 0.000 0.000 38.337 51.337 42.337 40.337 49.337 0.000 0.000 0.000 0.000 0.000 52.335 54.335 59.334 38.334 27.334 44.334 47.334 0.000 0.000 0.000 12.332
0.000 0.000 0.000 0.000 0.000 0.000 0.000 0.000 0.000 0.000 7.307 4.010 3.640 3.143 0.447 0.639 11.030 18.975 18.282 18.314 15.343 14.686 14.321 14.149 14.094 14.110 14.168 14.249 9.337 0.000 0.000 0.000 0.000 0.000 35.173 68.173 2.173 0.000 8.173 49.173 0.000 0.000 0.000 15.164 39.164 52.164 87.164 49.164 50.164 21.164 0.000 0.000 35.337 54.337 39.337 35.337 52.337 0.000 0.000 0.000 0.000 0.000 39.335 45.335 41.335 41.334 45.334 48.334 56.334 0.000 0.000 0.000 35.332
0.000 0.000 0.000 0.000 0.000 0.000 0.000 0.000 0.000 30.563 31.005 7.578 3.190 3.428 3.077 0.804 0.375 5.998 18.795 16.269 14.688 13.934 13.671 13.633 13.692 13.803 14.943 12.096 0.000 0.000 0.000 0.000 0.000 0.000 10.173 56.173 63.173 45.173 37.173 9.173 0.000 0.000 0.000 0.000 0.000 13.164 80.164 59.164 6.164 0.000 0.000 0.000 0.000 47.337 62.337 60.337 62.337 54.337 46.337 49.336 48.336 57.336 61.335 58.335 59.335 59.334 54.334 49.334 46.334 0.000 0.000 0.000 0.000
0.000 0.000 0.000 0.000 0.000 0.000 0.000 0.000 24.684 42.122 43.572 33.078 9.660 2.075 3.083 0.848 2.821 8.176 6.630 16.280 13.204 12.692 12.797 13.018 13.238 14.467 14.705 0.000 0.000 0.000 0.000 0.000 0.000 0.000 0.000 8.173 54.173 64.173 69.173 8.173 0.000 0.000 0.000 0.000 0.000 9.164 52.164 44.164 49.164 16.164 0.000 0.000 31.338 59.337 44.337 38.337 45.337 57.337 45.337 44.336 53.336 62.336 49.335 45.335 48.335 54.334 60.334 62.334 60.334 46.333 37.333 20.332 29.332
0.000 0.000 0.000 0.000 0.000 0.000 0.000 20.817 30.246 45.667 43.084 43.502 35.921 12.348 1.219 4.773 14.314 6.482 2.263 3.053 6.157 10.833 11.805 12.404 12.776 18.122 0.000 0.000 0.000 0.000 0.000 0.000 8.174 6.174 0.000 0.000 21.173 67.173 20.173 0.000 0.000 0.000 0.000 0.000 0.000 48.165 58.164 34.164 50.164 70.163 10.163 0.000 37.338 61.338 40.338 34.337 37.337 50.337 39.337 39.337 41.336 43.336 40.335 41.335 35.335 39.334 45.334 46.334 44.333 53.333 55.333 58.332 66.332
0.000 0.000 0.000 0.000 0.000 0.000 25.948 24.389 47.815 44.218 43.593 42.926 43.175 38.229 20.735 12.449 8.140 0.000 0.052 4.379 2.161 3.364 11.188 12.015 17.342 0.000 0.000 0.000 0.000 0.000 0.000 3.174 45.174 4.174 0.000 0.000 28.173 68.173 7.173 0.000 0.000 0.000 0.000 0.000 43.166 87.166 20.165 23.164 45.163 72.163 12.163 0.000 34.338 59.338 39.338 32.338 35.337 37.337 33.337 32.337 39.336 55.336 38.336 34.335 48.335 44.335 41.334 48.334 48.333 51.333 60.333 64.332 51.332
0.000 0.000 0.000 0.000 0.000 29.998 18.507 46.976 45.406 44.798 44.145 43.432 42.624 42.658 39.460 25.153 4.448 0.369 0.075 46.281 4.544 0.083 0.108 14.128 10.235 0.000 0.000 0.000 0.000 0.000 0.000 3.174 41.174 36.174 45.174 57.174 61.173 51.173 0.000 0.000 6.169 42.169 57.168 62.168 86.167 42.167 0.000 0.000 47.163 35.163 0.000 0.000 37.338 64.338 51.338 35.338 83.338 111.337 60.337 36.337 52.337 99.336 51.336 28.335 93.335 66.335 41.334 48.334 50.333 40.333 49.333 62.332 45.332
0.000 0.000 0.000 0.000 0.000 19.489 41.107 47.601 46.035 45.421 44.759 44.035 43.230 42.319 42.303 41.211 30.385 4.986 50.878 47.934 0.378 0.157 0.055 0.061 0.000 0.000 0.000 0.000 0.000 0.000 6.174 40.174 36.174 41.174 55.174 65.174 49.174 36.173 1.173 0.000 4.169 51.169 50.169 46.168 85.167 45.167 0.000 0.000 26.162 18.162 0.000 30.339 58.339 60.338 54.338 42.338 41.338 74.338 115.338 53.337 46.337 103.336 54.336 28.336 100.335 70.335 33.334 35.334 41.333 32.333 46.333 45.332 33.332
0.000 0.000 0.000 0.000 24.016 34.361 49.830 47.287 46.710 46.094 45.433 44.719 43.940 43.099 42.139 41.400 40.259 52.607 52.281 1.034 0.519 9.628 0.000 0.000 0.000 0.000 0.000 0.000 1.174 56.174 59.174 41.174 40.174 55.174 65.174 51.174 34.174 36.173 36.172 34.171 32.170 44.169 47.169 57.168 97.168 31.167 0.000 0.000 63.162 13.162 0.000 27.339 57.339 57.339 44.339 36.339 32.338 42.338 39.338 79.337 110.337 127.337 108.336 97.336 123.335 117.335 108.334 54.334 34.333 51.333 46.332 35.332 30.332
0.000 0.000 0.000 25.208 34.672 52.111 48.564 48.008 47.426 46.812 46.160 45.464 44.731 43.889 43.343 40.974 52.645 52.640 36.846 19.142 6.300 0.000 0.000 0.000 0.000 0.000 0.000 0.000 42.174 9.174 0.000 20.174 58.174 62.174 54.174 39.175 5.175 0.000 3.172 38.171 34.171 44.170 43.169 66.168 63.168 0.000 0.000 5.161 66.161 12.161 0.000 25.339 55.339 67.339 46.339 52.339 75.339 52.339 34.338 58.338 81.337 115.337 81.336 61.336 109.335 99.335 74.334 43.334 29.333 100.333 68.332 40.332 30.332
0.000 0.000 0.000 30.745 50.350 49.846 49.309 48.753 48.174 47.567 47.929 47.268 45.507 45.083 42.506 52.712 52.656 40.424 42.043 39.660 23.618 4.616 0.000 0.000 0.000 0.000 0.000 44.174 13.174 0.000 0.000 0.000 26.174 58.174 36.175 34.175 40.176 3.176 0.000 39.172 37.171 43.170 44.169 66.168 62.167 0.000 0.000 26.161 73.161 9.161 0.000 27.340 58.340 61.340 42.340 42.340 88.339 123.339 72.339 40.338 56.338 103.337 63.337 30.336 96.336 83.335 41.334 33.334 26.333 107.333 71.332 43.332 44.331
0.000 0.000 31.362 48.677 52.139 50.612 50.074 49.521 48.949 49.352 47.742 47.040 46.699 44.126 53.157 52.866 41.929 42.780 41.776 32.121 12.866 0.000 0.000 0.000 0.000 0.000 0.000 40.174 14.174 0.000 0.000 0.000 0.000 0.000 0.000 39.176 36.177 35.177 37.176 39.174 35.172 43.171 45.169 57.167 53.166 15.163 34.161 67.160 18.160 0.000 0.000 27.340 54.340 60.340 46.340 31.340 33.340 58.340 45.339 27.339 45.338 100.338 56.337 22.336 93.336 78.335 36.335 32.334 28.333 106.333 71.332 43.332 34.331
0.000 30.641 44.047 53.461 51.919 51.388 50.854 50.309 50.745 50.173 48.513 48.224 45.657 54.108 53.582 43.601 44.601 42.481 29.670 0.000 0.000 0.000 0.000 0.000 0.000 0.000 0.000 0.000 14.174 0.000 0.000 0.000 0.000 0.000 0.000 0.000 43.178 53.178 64.177 52.175 41.173 45.171 42.169 47.167 40.165 59.163 77.161 65.159 11.159 0.000 0.000 26.340 52.340 57.341 63.341 61.341 49.341 39.340 52.340 84.339 103.339 124.338 104.337 87.337 121.336 114.335 96.335 56.334 29.333 104.333 76.332 48.332 35.331
27.716 39.234 53.725 53.202 52.685 52.169 51.647 52.112 51.572 49.947 49.696 47.145 55.343 54.704 45.176 46.325 47.265 25.526 0.000 0.000 0.000 0.000 0.000 0.000 0.000 0.000 0.000 0.000 0.000 0.000 0.000 0.000 0.000 0.000 0.000 0.000 41.181 45.180 63.178 22.176 2.174 52.172 43.170 46.167 42.164 30.162 49.159 64.158 51.157 10.156 0.000 0.000 17.341 60.341 62.342 55.342 43.342 52.341 103.341 94.340 75.339 76.339 77.338 77.337 77.336 78.335 80.335 51.334 31.333 103.333 79.332 42.332 36.331
31.197 54.856 54.415 53.938 53.450 52.955 52.449 51.942 51.350 51.133 48.603 56.689 56.008 46.651 47.866 46.854 42.338 1.795 0.000 0.000 0.000 0.000 0.000 0.000 0.000 0.000 0.000 0.000 0.000 0.000 0.000 0.000 0.000 0.000 0.000 0.000 42.184 53.183 37.182 0.000 6.174 49.173 46.170 13.167 3.164 34.160 48.157 63.156 60.155 29.155 0.000 0.000 0.000 0.000 29.343 44.343 28.343 89.342 90.342 39.341 45.340 87.339 58.338 30.337 76.336 66.335 46.335 44.334 35.333 103.333 74.332 31.332 32.331
49.020 56.579 55.139 54.687 54.223 54.748 53.275 52.720 52.543 50.037 58.070 57.376 47.033 49.282 48.274 48.649 17.985 0.000 0.000 0.000 0.000 0.000 0.000 0.000 0.000 0.000 0.000 0.000 0.000 0.000 0.000 0.000 0.000 0.000 0.000 9.191 62.188 60.186 64.183 61.181 57.177 57.174 51.171 10.168 3.163 34.158 47.154 65.153 72.153 35.154 0.000 0.000 0.000 0.000 23.345 36.345 56.344 103.344 66.343 26.342 94.341 95.340 44.338 31.337 52.336 108.335 67.335 35.334 35.334 98.333 116.332 103.332 108.331
58.718 56.299 55.877 55.446 55.003 56.563 54.046 53.915 51.449 59.468 58.766 42.346 46.552 50.610 47.076 24.353 0.000 0.000 0.000 0.000 0.000 0.000 0.000 0.000 0.000 0.000 0.000 0.000 0.000 0.000 0.000 0.000 0.000 0.000 0.000 61.193 60.191 61.189 63.186 62.182 60.179 61.176 54.173 9.170 0.000 35.154 47.150 70.147 43.150 0.000 0.000 0.000 0.000 21.349 51.347 30.347 95.346 89.345 33.344 89.343 102.342 51.340 39.338 42.337 37.336 68.335 107.335 64.334 27.334 98.333 101.332 75.331 17.330
49.399 56.022 56.626 56.214 55.804 55.318 55.231 52.804 60.828 60.172 25.583 30.760 33.642 52.312 35.934 0.000 0.000 0.000 0.000 0.000 0.000 0.000 0.000 50.667 39.667 0.000 0.000 0.000 0.000 0.000 0.000 0.000 0.000 0.000 0.000 38.198 32.196 35.192 39.188 34.184 33.180 32.177 34.174 38.170 32.164 25.154 40.143 19.137 0.000 0.000 0.000 0.000 0.000 23.350 46.349 37.348 38.348 38.347 30.346 51.345 52.344 0.000 0.000 13.336 43.336 36.335 58.335 51.334 33.334 66.333 14.333 0.000 12.330
28.119 43.764 56.386 59.004 56.540 56.485 54.065 61.959 61.436 34.756 0.000 44.101 0.000 55.935 24.436 0.000 0.000 0.000 0.000 0.000 0.000 0.000 0.000 57.667 51.666 0.000 0.000 0.000 0.000 0.000 0.000 0.000 0.000 24.234 0.000 39.206 35.201 35.196 35.190 35.186 35.182 35.178 35.175 37.172 15.169 0.000 10.132 41.121 11.110 0.000 0.000 0.000 24.353 55.352 43.351 42.350 34.349 35.348 35.347 33.346 47.345 7.345 0.000 0.000 14.335 39.335 34.334 47.334 46.334 0.000 0.000 0.000 12.329
19.885 27.527 50.168 54.741 57.698 55.237 62.743 62.393 41.646 17.452 0.000 60.755 58.657 45.067 0.000 0.000 0.000 0.000 0.000 0.000 0.000 0.000 60.673 66.669 37.665 0.000 0.000 0.000 0.000 0.000 0.000 0.000 0.000 41.234 39.229 36.217 35.209 32.199 36.191 36.187 36.183 36.179 36.176 39.173 12.172 0.000 0.000 39.103 39.099 9.094 0.000 0.000 9.354 42.353 35.353 34.352 33.351 33.349 33.348 33.347 34.346 43.346 0.000 0.000 0.000 7.335 40.334 43.334 41.334 0.000 0.000 0.000 36.329
23.672 34.303 38.924 36.823 48.377 63.155 62.998 46.637 25.398 18.900 0.000 40.484 53.150 26.608 0.000 0.000 0.000 0.000 48.714 54.711 46.704 44.691 53.678 46.669 36.660 0.000 0.000 0.000 0.000 0.000 0.000 0.000 0.000 39.240 36.234 35.226 9.217 0.000 41.190 35.187 35.183 35.179 35.176 36.174 10.173 0.000 0.000 40.090 39.090 10.089 0.000 0.000 39.355 35.356 35.355 35.355 34.353 34.351 38.349 0.000 5.346 8.346 0.000 0.000 0.000 0.000 40.334 35.334 35.334 36.334 0.000 8.329 38.329
35.419 49.056 24.772 23.644 63.221 63.218 49.637 36.361 32.695 37.533 0.000 7.549 42.849 0.000 0.000 0.000 0.000 44.721 48.717 50.714 48.711 0.000 0.000 0.000 48.647 32.634 0.000 0.000 0.000 0.000 0.000 0.000 7.260 49.251 46.243 21.236 0.000 0.000 54.193 40.189 36.183 35.179 39.175 16.174 0.000 15.068 53.071 34.078 38.081 10.083 0.000 0.000 0.000 40.359 35.358 39.358 6.357 0.000 0.000 0.000 0.000 0.000 0.000 0.000 0.000 0.000 40.334 35.334 35.334 40.334 0.000 0.000 12.329
56.130 44.713 24.775 20.272 63.186 24.683 30.407 32.633 36.306 54.887 64.335 52.314 0.000 0.000 0.000 0.000 42.727 36.724 42.720 57.717 56.715 0.000 0.000 0.000 0.000 49.621 0.000 0.000 0.000 35.305 0.000 0.000 51.268 50.261 56.251 49.238 14.224 68.212 65.199 63.191 61.183 53.176 34.172 21.173 0.000 29.066 82.066 36.070 37.074 11.078 0.000 0.000 0.000 45.362 31.362 36.361 7.360 0.000 0.000 0.000 0.000 0.000 0.000 0.000 0.000 36.334 38.334 40.334 34.334 39.334 0.000 0.000 9.328
64.720 51.815 34.116 62.789 20.713 22.498 21.663 21.302 30.866 58.398 53.802 25.058 0.000 0.000 41.736 7.734 49.730 41.727 52.723 47.719 26.717 0.000 0.000 0.000 0.000 53.607 29.603 0.000 0.000 31.305 39.305 43.299 45.285 47.274 37.262 34.241 42.223 42.211 62.201 45.192 39.183 37.172 17.163 0.000 5.071 24.062 92.058 48.062 14.065 0.000 0.000 0.000 3.367 58.367 31.365 38.364 10.363 0.000 0.000 0.000 0.000 0.000 0.000 0.000 15.334 38.334 53.334 51.334 44.334 3.334 0.000 0.000 10.328
62.781 61.022 62.370 39.651 27.551 23.691 23.325 21.898 28.485 44.031 39.417 0.000 0.000 0.000 44.737 65.736 60.734 61.730 43.727 0.000 0.000 0.000 0.000 0.000 44.595 35.598 27.599 0.000 0.000 0.000 43.312 47.306 47.297 47.288 31.282 0.000 38.216 39.209 63.203 49.194 43.184 29.167 36.144 51.112 71.079 60.055 84.042 49.055 13.060 0.000 0.000 0.000 0.000 56.372 32.369 33.366 38.364 0.000 0.000 0.000 0.000 0.000 0.000 0.000 0.000 8.334 57.334 54.334 7.334 0.000 0.000 0.000 6.328
60.864 62.314 61.514 60.523 42.666 22.312 22.894 23.507 22.138 24.828 0.000 0.000 0.000 0.000 60.740 50.739 48.737 44.734 0.000 0.000 0.000 0.000 0.000 45.590 36.591 32.592 15.596 0.000 0.000 0.000 43.324 51.318 60.309 59.301 61.295 49.295 0.000 7.207 66.205 50.199 24.191 0.000 39.135 49.112 76.079 38.037 22.001 0.000 0.000 0.000 0.000 0.000 9.386 47.380 34.374 35.368 38.363 11.358 0.000 0.000 0.000 0.000 0.000 0.000 0.000 0.000 14.334 15.334 0.000 0.000 0.000 0.000 7.328
62.321 61.296 63.406 63.568 47.237 23.834 26.459 26.095 23.733 24.314 0.000 40.748 0.000 6.746 54.744 54.744 61.743 0.000 0.000 19.662 7.661 0.000 0.000 40.589 34.587 28.584 0.000 0.000 0.000 0.000 41.341 42.332 44.321 43.310 41.301 33.296 0.000 0.000 68.213 54.204 39.192 2.174 38.148 49.123 73.086 29.015 24.922 7.857 0.000 0.000 0.000 0.000 9.393 54.387 33.379 35.370 35.361 36.354 40.347 12.345 0.000 0.000 0.000 0.000 0.000 0.000 0.000 0.000 0.000 0.000 0.000 0.000 0.000
62.010 64.208 63.398 64.095 37.712 28.355 48.010 41.680 23.384 1.067 0.000 37.748 52.747 57.747 43.747 64.748 56.748 0.000 0.000 33.662 64.660 16.655 0.000 41.590 35.583 32.574 0.000 0.000 49.421 45.400 41.369 43.349 48.332 48.318 46.305 57.291 49.273 9.252 68.229 60.213 60.198 52.181 33.162 51.144 59.129 0.000 27.815 10.792 0.000 0.000 0.000 0.000 19.405 58.396 30.385 32.371 33.357 34.348 39.343 11.343 0.000 0.000 0.000 0.000 0.000 0.000 0.000 0.000 0.000 0.000 0.000 0.000 0.000
