results4_8e4_rain/res_4e8f-0222.wd
ncols         241
nrows         181
xllcorner     12693529.787448
yllcorner     3542525.717860
cellsize      155.156523
NODATA_value  -9999.000000
[rows 99 to 131 of 181, columns 0 to 72 of 241]
0.000 0.000 0.000 0.000 0.000 61.346 101.346 103.346 94.346 89.346 0.000 0.000 0.000 0.000 0.000 3.342 2.342 69.342 66.342 0.000 0.000 2.342 5.342 64.342 63.342 4.342 0.000 0.000 0.000 11.342 0.000 0.000 0.000 0.000 17.200 63.196 59.186 58.168 59.145 60.118 73.089 62.058 66.023 57.985 59.944 57.899 58.852 63.802 64.749 62.695 66.639 59.581 59.523 61.464 64.401 78.331 79.272 64.225 50.181 0.000 0.000 0.000 0.000 0.000 28.241 83.235 80.225 67.207 42.183 37.159 81.135 58.112 60.089
0.000 0.000 0.000 0.000 0.000 62.346 102.346 102.346 0.000 0.000 0.000 0.000 0.000 0.000 0.000 2.342 14.342 80.342 69.342 7.342 4.342 4.342 67.342 66.342 70.342 1.342 0.000 0.000 0.000 69.342 61.342 0.000 0.000 0.286 76.243 86.237 72.227 65.213 59.195 61.172 80.146 65.116 71.082 71.045 62.004 76.959 68.911 69.860 59.806 67.751 67.693 65.635 59.577 60.519 64.455 61.362 23.298 13.261 0.000 0.000 0.000 0.000 0.000 31.258 68.252 80.247 87.239 77.227 53.211 54.194 68.176 59.157 60.137
7.347 0.347 0.000 0.000 0.000 49.346 98.346 107.346 17.346 0.000 0.000 0.000 0.000 0.000 0.000 1.342 3.342 87.342 68.342 69.342 71.342 68.342 65.342 66.342 64.342 2.342 0.000 0.000 0.000 62.342 62.342 63.340 62.332 62.316 61.290 71.281 80.273 27.263 91.248 81.229 86.206 71.178 16.145 87.108 85.067 84.022 87.973 76.921 59.866 62.808 67.749 67.690 64.632 60.580 49.540 0.000 0.000 0.000 0.000 0.000 0.000 0.000 0.000 41.264 68.264 68.262 79.257 78.250 61.241 61.230 60.217 60.203 60.187
75.347 78.347 10.347 0.000 0.000 59.346 98.346 103.346 113.346 18.345 0.000 0.000 0.000 0.000 9.343 9.343 7.342 24.342 72.342 69.342 87.342 101.342 76.342 61.342 0.342 0.000 0.000 0.000 0.000 0.000 61.345 62.347 62.339 62.329 62.321 61.323 61.322 60.317 61.307 66.291 78.270 72.244 15.212 87.175 88.134 66.088 73.039 89.985 83.928 70.867 60.805 66.742 67.680 70.629 55.584 0.000 0.000 0.000 0.000 0.000 0.000 0.000 0.000 3.271 19.277 65.278 62.278 62.276 60.273 60.268 60.261 60.251 60.239
89.347 72.347 72.347 74.347 76.346 95.346 103.346 103.346 103.345 105.345 79.345 18.344 1.344 67.343 74.343 75.343 37.342 32.342 95.342 103.342 98.342 94.342 77.342 1.342 0.000 0.000 0.000 0.000 0.000 0.000 0.000 62.363 61.347 60.340 61.343 62.367 62.375 62.375 62.370 63.359 82.341 77.316 60.284 62.247 73.205 84.159 61.109 73.053 73.993 66.927 86.862 69.794 61.715 2.672 0.000 0.000 0.000 0.000 0.000 0.000 0.000 0.000 0.000 0.000 11.295 65.297 60.300 60.303 60.306 60.308 60.306 58.301 56.293
104.347 94.347 75.347 79.347 97.346 103.346 103.346 103.346 103.345 98.345 70.345 76.344 4.344 58.343 93.343 101.343 101.342 85.342 100.342 107.342 17.342 0.000 0.000 0.000 0.000 0.000 0.000 0.000 0.000 0.000 0.000 62.396 0.000 0.000 0.000 63.429 62.435 62.440 62.440 63.434 79.418 84.394 61.362 62.324 62.281 80.234 81.183 59.127 67.063 85.987 77.922 55.858 0.000 0.000 0.000 0.000 0.000 0.000 0.000 0.000 0.000 0.000 0.000 0.000 8.311 65.314 60.321 60.331 60.342 59.350 58.355 63.355 64.352
104.347 104.347 99.347 102.347 103.347 103.346 103.346 103.346 103.346 99.345 74.345 91.345 0.000 0.000 71.343 95.343 103.342 104.342 103.342 108.342 11.342 0.000 0.000 0.000 0.000 0.000 0.000 0.000 0.000 0.000 0.000 62.428 1.453 1.472 64.486 62.486 62.496 62.508 62.518 62.517 79.504 84.479 61.445 62.405 62.360 63.313 84.263 78.209 85.144 75.037 55.979 0.000 0.000 0.000 0.000 0.000 0.000 0.000 0.000 0.000 0.000 0.000 0.000 0.000 63.324 60.329 60.339 60.357 60.380 59.396 61.407 65.413 66.416
102.347 103.347 103.347 103.347 103.347 103.347 103.346 103.346 103.346 104.345 99.345 106.344 30.344 9.343 59.343 78.343 101.342 103.342 104.342 92.342 6.342 0.000 0.000 0.000 0.000 0.000 0.000 0.000 0.000 0.000 0.000 56.443 61.458 61.476 60.498 62.531 62.554 62.580 62.605 62.613 79.602 84.574 61.536 62.490 62.443 62.394 67.347 90.303 70.267 0.000 0.000 0.000 0.000 0.000 0.000 0.000 0.000 0.000 0.000 0.000 0.000 0.000 0.000 0.000 16.331 67.338 63.350 64.378 62.426 58.448 65.463 66.475 64.485
99.347 104.347 103.347 103.347 103.347 103.347 103.346 103.346 103.346 103.345 104.345 97.344 81.344 72.343 66.343 93.342 103.342 103.342 108.342 11.342 0.000 0.000 0.000 0.000 0.000 0.000 0.000 0.000 0.000 0.000 0.000 0.000 0.000 0.000 0.000 62.586 62.611 62.654 62.708 62.728 78.715 85.681 62.633 62.579 62.525 62.475 62.428 68.387 21.354 0.000 0.000 0.000 0.000 0.000 0.000 0.000 0.000 0.000 0.000 0.000 0.000 0.000 0.000 0.000 0.000 4.342 2.346 0.000 8.498 67.507 65.522 66.539 63.559
99.348 104.348 103.348 103.347 103.347 103.347 103.347 103.346 103.346 103.345 104.345 89.344 68.344 67.343 76.343 100.342 103.342 103.341 109.341 14.341 5.341 0.000 0.000 0.000 0.000 0.000 0.000 0.000 0.000 0.000 0.000 0.000 0.000 0.000 0.000 58.617 62.648 59.716 62.847 62.874 81.852 85.801 62.735 62.667 62.604 62.551 62.505 59.463 9.409 0.000 0.000 0.000 0.000 0.000 0.000 0.000 0.000 0.000 0.000 0.000 0.000 59.641 0.000 0.000 0.000 0.000 0.000 1.584 63.560 64.562 66.577 66.601 63.633
102.348 103.348 103.348 103.348 103.348 103.347 103.347 103.346 103.346 103.346 103.345 100.344 77.344 78.343 95.343 102.342 103.341 103.341 110.341 27.341 0.000 0.000 0.000 0.000 0.000 0.000 0.000 0.000 0.000 0.000 0.000 0.000 0.000 0.000 0.000 0.000 58.648 0.000 62.088 63.069 91.017 77.936 62.840 62.749 62.675 75.618 65.577 60.553 0.000 0.000 0.000 0.000 0.000 0.000 0.000 0.000 0.000 0.000 0.000 0.000 11.641 70.641 55.641 0.000 0.000 0.000 1.618 64.607 67.599 66.605 63.623 59.654 59.700
103.348 103.348 103.348 103.348 103.348 103.348 103.347 103.347 103.346 103.346 103.345 103.344 105.344 105.343 104.342 103.342 103.341 105.341 94.340 37.340 0.000 0.000 0.000 0.000 0.000 0.000 0.000 0.000 0.000 0.000 0.000 0.000 0.000 0.000 0.000 0.000 0.000 0.000 62.349 63.299 97.210 66.086 62.939 62.816 74.729 83.670 62.633 62.617 61.633 0.000 0.000 0.000 0.000 0.000 0.000 0.000 0.000 0.000 0.000 0.000 0.000 66.641 67.641 54.640 1.639 60.636 62.629 66.625 65.626 63.635 62.656 58.692 66.749
102.349 101.349 103.349 103.349 103.348 103.348 103.348 103.347 103.347 103.346 103.345 103.345 103.344 103.343 103.342 103.341 104.341 87.340 15.340 6.339 64.339 78.338 24.338 0.000 0.000 5.338 0.000 0.000 0.000 0.000 0.000 0.000 0.000 0.000 0.000 4.357 4.327 1.174 58.659 69.566 92.441 63.258 60.014 62.845 62.755 62.700 62.667 62.651 62.649 59.649 0.000 0.000 0.000 0.000 0.000 0.000 0.000 0.000 0.000 0.000 0.642 61.641 57.641 63.641 58.640 66.639 66.638 65.638 61.643 64.654 59.675 58.708 58.765
92.349 92.349 101.349 103.349 103.349 103.349 103.348 103.348 103.347 103.346 103.345 104.345 105.344 103.343 103.342 103.341 103.340 25.339 9.339 64.338 74.338 84.338 83.338 76.338 68.338 9.338 0.000 0.000 0.000 0.000 0.000 0.000 0.000 0.000 4.407 63.388 66.339 66.223 62.999 61.865 70.727 58.493 0.000 58.796 62.746 62.709 62.683 62.669 61.664 0.000 0.000 0.000 0.000 0.000 0.000 0.000 63.643 74.643 0.000 0.000 62.642 60.642 60.642 57.642 65.642 66.642 66.644 63.647 66.654 66.664 64.680 59.701 48.723
74.350 79.350 98.350 104.350 103.350 103.349 103.349 103.348 103.347 103.347 105.346 91.345 87.344 102.343 107.341 104.340 99.339 81.338 84.338 90.338 84.338 85.338 64.338 57.338 3.338 0.338 0.000 0.000 0.000 0.000 0.000 0.377 1.377 0.000 54.427 60.447 63.420 63.352 63.249 63.168 65.111 0.000 0.000 0.000 57.726 62.705 62.689 62.678 62.673 0.673 0.000 0.000 0.000 0.000 0.000 23.643 80.643 62.643 60.643 60.642 60.642 60.642 58.642 63.643 66.644 66.645 62.648 66.653 66.660 65.669 59.681 60.693 50.703
58.350 73.350 92.351 105.351 106.350 106.350 104.349 103.349 104.348 103.347 104.346 42.345 13.344 61.343 79.341 100.339 107.338 105.337 105.336 91.337 14.337 0.000 0.000 0.000 0.000 0.000 0.000 0.000 0.000 9.377 11.377 1.377 1.377 1.377 0.000 59.551 63.543 61.516 62.475 64.446 65.439 0.000 0.000 0.000 0.000 55.697 62.689 62.682 59.678 0.000 0.000 0.000 0.000 0.000 0.000 0.000 22.643 76.643 59.643 59.643 60.643 59.643 59.643 65.643 66.644 64.646 52.650 5.656 70.664 64.672 64.680 64.688 50.693
22.350 44.351 77.351 83.352 77.351 79.351 96.350 104.349 100.349 93.348 92.347 27.346 0.000 0.000 0.000 37.338 72.337 98.335 105.334 2.335 0.000 0.000 0.000 0.000 0.000 0.000 0.000 0.000 0.000 51.377 72.377 17.377 2.377 1.377 0.000 59.664 65.686 64.692 73.691 74.704 64.758 9.914 0.000 0.000 0.000 0.000 59.686 60.684 0.000 0.000 0.000 0.000 0.000 0.000 0.000 0.000 0.000 81.643 84.643 64.643 58.643 56.643 66.643 66.643 61.644 0.000 0.000 0.000 11.670 69.675 66.680 66.685 56.687
0.000 0.000 58.353 67.353 19.352 5.352 68.351 97.350 88.349 84.348 98.347 65.346 25.345 0.000 0.000 0.000 0.000 43.332 74.329 0.000 0.000 0.000 0.000 0.000 0.000 0.000 0.000 0.000 0.000 0.000 56.377 74.377 5.377 0.000 0.000 50.755 64.846 62.875 92.892 85.920 63.976 66.070 12.174 0.000 0.000 0.000 54.686 0.000 0.000 0.000 0.000 0.000 0.000 0.000 0.000 0.000 0.000 0.000 69.643 86.643 71.643 65.643 66.643 61.643 0.000 0.000 0.000 0.000 0.000 61.678 66.681 66.683 61.685
0.000 0.000 54.355 99.354 56.354 5.353 57.352 89.351 91.350 102.349 104.347 107.346 113.344 52.342 21.340 0.000 0.000 0.000 14.322 9.317 0.304 2.293 0.000 0.000 0.000 0.000 0.000 0.000 0.000 0.000 57.377 72.377 2.377 9.377 13.377 0.000 58.067 66.071 96.083 78.109 66.154 65.218 70.277 0.000 0.000 0.000 0.000 0.000 0.000 0.000 0.000 0.000 0.000 0.000 0.000 0.000 0.000 0.000 0.000 7.643 74.643 64.643 62.643 0.000 0.000 0.000 0.000 0.679 60.679 59.679 61.681 55.682 0.000
27.359 42.359 76.357 94.356 102.355 71.354 84.353 107.352 104.351 103.350 103.348 103.346 103.344 109.341 112.338 68.334 27.329 9.324 72.319 86.312 79.302 81.293 37.282 13.273 10.266 0.000 0.000 0.000 0.000 0.000 36.377 58.377 64.377 64.377 67.377 26.377 59.284 88.258 90.258 67.278 65.315 65.369 68.440 13.557 8.608 0.000 0.000 0.000 0.000 0.000 0.000 0.000 0.000 0.000 0.000 0.000 0.000 0.000 0.000 0.000 0.643 0.643 8.643 0.000 0.000 0.000 0.000 62.679 57.679 55.679 0.000 0.000 0.000
100.360 103.360 103.359 101.358 99.357 100.356 102.355 102.353 103.352 104.350 104.349 103.347 96.344 100.341 103.338 107.334 111.329 112.324 104.318 100.311 97.302 92.292 94.281 87.270 43.260 21.248 0.000 0.000 0.000 0.000 0.000 0.000 0.000 0.000 0.000 83.469 72.437 101.417 92.415 79.430 66.459 65.503 65.558 69.622 65.659 0.000 0.000 0.000 0.000 0.000 0.000 0.000 0.000 0.000 0.000 0.000 0.000 0.000 0.000 0.000 0.000 0.000 0.000 0.000 0.000 0.000 0.000 0.000 0.000 0.000 0.000 0.000 0.000
103.361 98.361 96.360 95.359 89.358 86.357 87.356 87.355 93.353 98.352 98.350 91.347 75.345 90.342 103.338 103.334 103.330 103.325 103.319 103.312 104.303 104.293 107.281 108.268 108.253 108.237 47.218 0.000 0.000 0.000 0.000 0.000 0.000 0.000 0.000 55.594 81.575 86.560 70.556 87.566 75.590 65.625 65.668 68.714 11.748 0.000 1.021 1.029 0.000 0.000 0.000 0.000 0.000 0.000 0.000 0.000 0.000 0.000 0.000 0.000 0.000 0.000 0.000 0.000 0.000 0.000 0.000 0.000 0.000 0.000 0.000 0.000 0.000
73.363 46.362 68.362 82.361 80.360 60.359 45.358 41.356 61.355 78.353 77.351 70.348 65.346 75.343 96.339 104.335 103.331 103.326 103.321 103.314 103.306 107.296 82.281 70.266 69.249 73.228 76.199 15.150 4.102 0.743 0.574 0.000 0.000 0.000 0.000 53.737 89.712 72.690 64.683 74.690 85.709 69.738 65.774 65.817 71.870 15.962 10.013 2.037 1.052 7.052 5.052 0.000 0.000 0.000 0.000 0.000 0.000 0.000 0.000 0.000 0.000 0.000 0.000 0.000 0.000 0.000 0.000 0.000 0.000 0.000 0.000 0.000 0.000
63.365 34.364 56.364 71.363 67.362 44.361 30.360 34.358 54.356 68.355 66.352 66.350 67.347 65.344 84.341 101.337 103.333 103.328 103.323 103.318 102.311 65.303 0.000 0.000 0.000 0.000 0.000 0.000 0.000 60.191 80.173 32.145 18.117 14.082 61.020 77.905 94.846 71.804 65.795 63.802 80.819 82.844 68.875 65.911 65.954 69.003 78.038 16.057 11.067 0.000 20.052 0.000 0.000 0.000 0.000 0.000 0.000 0.000 0.000 0.000 0.000 0.000 0.000 0.000 0.000 0.000 0.000 0.000 0.000 0.000 0.000 0.000 0.000
76.367 72.366 67.366 66.365 67.364 69.363 70.362 73.360 72.358 68.356 67.354 67.352 67.349 66.346 73.342 95.339 104.335 103.331 105.327 77.323 43.317 0.000 0.000 0.000 0.000 0.000 0.000 0.000 0.000 25.178 47.165 50.144 54.124 68.110 65.073 86.016 82.962 56.886 63.892 65.903 67.920 80.943 72.970 67.999 66.030 65.059 82.078 73.085 67.085 0.000 0.000 0.000 0.000 0.000 0.000 0.000 0.000 0.000 0.000 0.000 0.000 0.000 0.000 0.000 0.000 0.000 0.000 0.000 0.000 0.000 0.000 0.000 0.000
66.369 67.369 67.368 67.368 67.367 67.365 67.364 67.362 67.361 67.358 67.356 67.354 67.351 67.348 65.344 86.341 103.337 105.334 101.331 27.329 0.000 0.000 0.000 0.000 0.000 0.000 0.000 0.000 0.000 0.000 0.000 0.000 0.000 52.160 69.148 95.123 69.101 0.000 51.985 66.998 65.016 69.038 70.061 79.086 68.108 66.126 65.131 61.119 2.102 0.000 0.000 0.000 0.000 0.000 0.000 0.000 0.000 0.000 0.000 0.000 0.000 0.000 0.000 0.000 0.000 0.000 0.000 0.000 0.000 0.000 0.000 0.000 25.665
67.372 67.371 67.371 67.370 67.369 67.368 67.367 66.365 66.363 67.361 67.358 67.356 67.353 67.350 66.346 74.343 89.340 100.337 88.334 14.332 0.000 0.000 0.000 0.000 0.000 0.000 0.000 0.000 0.000 0.000 0.000 0.000 0.000 29.221 78.237 103.228 13.217 0.000 50.064 68.087 66.110 65.131 73.153 84.173 72.192 66.204 70.200 3.160 0.000 0.000 0.000 0.000 0.000 0.000 0.000 0.000 0.000 0.000 0.000 0.000 0.000 0.000 0.000 0.000 0.000 0.000 0.000 0.000 0.000 0.000 0.000 0.000 82.745
67.374 67.374 67.374 67.373 67.372 67.371 67.369 71.368 72.366 68.363 67.361 67.358 67.355 67.352 67.349 66.345 69.342 78.339 78.336 19.334 0.000 0.000 0.000 0.000 0.000 0.000 21.010 0.000 0.000 0.000 0.000 0.000 0.000 1.370 82.352 97.333 20.322 0.000 34.120 65.176 66.204 66.225 65.245 70.263 72.281 68.297 70.307 0.000 0.000 0.000 0.000 0.000 0.000 0.000 0.000 0.000 0.000 0.000 0.000 0.000 0.000 0.000 0.000 0.000 0.000 0.000 0.000 0.000 0.000 0.000 0.000 66.967 75.876
67.378 67.377 67.377 67.376 67.375 67.374 66.372 78.371 83.369 70.366 67.364 67.361 67.358 67.355 67.351 67.347 67.344 66.340 69.337 50.335 0.000 0.000 0.000 0.000 0.000 63.010 84.010 46.008 36.999 35.988 0.000 0.000 0.000 63.534 105.472 79.433 79.416 6.435 0.000 51.294 68.306 66.321 66.337 64.354 80.374 84.396 78.424 1.516 0.000 0.000 0.000 0.000 0.000 0.000 0.000 0.000 0.000 0.000 0.000 0.000 0.000 0.000 0.000 0.000 0.000 0.000 0.000 0.000 0.000 0.000 41.131 92.059 77.985
67.381 67.381 67.380 67.379 67.378 67.377 66.376 79.374 85.372 69.369 67.367 67.364 67.361 67.357 67.353 67.350 67.345 67.341 67.337 73.333 44.328 0.000 0.000 0.000 3.011 26.011 41.011 63.014 71.002 74.977 48.929 24.865 59.777 97.652 95.571 75.509 57.474 15.455 0.000 51.400 68.405 67.415 70.427 65.443 74.463 97.489 94.527 39.594 3.651 19.678 0.000 0.000 0.000 0.000 0.000 0.000 0.000 45.181 75.181 79.181 0.000 0.000 88.181 149.181 0.000 0.000 0.000 0.000 0.000 0.000 78.203 134.152 117.090
64.385 65.384 66.384 66.383 67.382 67.381 65.379 80.377 83.375 66.373 67.370 67.367 67.364 67.360 67.356 67.352 67.347 67.342 67.337 67.331 73.324 53.315 4.307 0.000 0.000 0.000 0.000 39.033 70.018 65.990 68.946 72.888 84.814 101.727 85.650 53.558 3.516 0.000 0.000 50.499 67.501 70.506 83.515 69.528 79.546 80.570 99.603 103.644 86.682 36.704 0.000 0.000 0.000 0.000 0.000 0.000 0.000 0.000 36.181 64.181 78.181 110.181 148.181 71.181 0.000 0.000 0.000 0.000 0.000 64.415 74.326 75.256 78.192
85.388 80.388 75.388 73.387 69.386 65.384 65.383 80.381 83.379 65.376 67.374 67.371 67.367 67.363 67.359 67.355 66.350 65.344 66.338 66.331 66.322 72.312 49.300 26.285 1.271 0.000 0.000 38.068 76.048 70.017 64.977 77.926 100.864 94.792 62.744 0.000 0.000 0.000 0.000 48.598 66.593 71.593 78.598 73.608 78.623 77.644 90.669 84.698 77.727 50.754 5.785 0.000 0.000 0.000 0.000 0.000 0.000 0.000 0.000 32.181 110.181 113.181 116.181 1.181 11.181 0.181 0.000 7.581 41.581 69.505 138.427 102.364 134.252
105.393 104.392 100.392 95.391 91.390 86.389 81.387 77.385 72.383 66.380 67.378 67.374 67.371 67.367 66.363 68.358 74.352 79.346 78.339 76.331 70.322 65.311 69.297 75.279 39.255 20.221 24.179 58.123 81.088 72.055 68.019 90.976 102.922 58.835 3.789 0.000 0.000 11.774 18.754 52.700 65.681 70.674 86.676 76.684 69.696 62.711 68.731 86.753 83.776 89.798 8.817 0.000 0.000 0.000 0.000 0.000 0.000 0.000 0.000 0.000 0.000 0.000 0.000 0.000 8.181 0.000 0.000 0.000 76.656 67.596 77.529 100.425 76.601
