results4_8e4_rain/res_4e8f-0224.wd
ncols         241
nrows         181
xllcorner     12693529.787448
yllcorner     3542525.717860
cellsize      155.156523
NODATA_value  -9999.000000
[rows 132 to 164 of 181, columns 0 to 72 of 241]
96.402 101.402 105.401 105.400 107.399 107.398 101.396 92.394 78.392 67.390 66.387 67.384 66.380 65.376 70.372 84.367 95.361 100.355 100.347 97.339 89.329 80.317 71.302 65.285 70.262 72.233 71.200 72.162 70.130 65.100 79.072 102.044 69.020 0.000 0.000 0.000 8.805 60.799 72.794 69.775 71.760 77.753 95.754 81.760 65.769 64.781 64.795 76.812 97.830 38.850 11.873 6.907 0.000 0.000 0.000 0.000 0.000 0.000 0.000 0.000 0.000 0.186 3.186 1.186 28.186 8.111 12.036 52.939 75.799 79.701 79.595 89.683 117.150
74.407 76.406 79.406 85.405 95.404 101.403 106.401 106.399 99.397 85.394 74.392 68.388 72.385 79.381 92.376 107.371 106.365 103.359 103.351 106.342 106.332 102.321 90.306 78.290 70.269 65.245 66.219 65.190 66.164 74.140 96.119 104.101 16.089 0.000 0.000 0.000 18.811 46.817 64.842 73.839 74.828 71.817 72.821 82.827 77.834 70.843 74.853 82.864 95.878 36.894 22.913 28.941 8.970 0.000 0.000 0.000 0.000 0.000 0.000 0.000 0.000 0.000 0.000 0.000 10.261 0.000 60.059 81.982 77.865 86.839 77.905 117.270 106.031
66.412 66.411 66.411 68.410 73.409 77.408 84.406 93.404 101.402 104.399 98.397 96.393 98.390 101.386 100.381 93.376 84.370 82.364 82.356 87.348 93.338 100.326 103.313 102.298 91.280 81.260 76.239 74.217 83.196 99.178 100.163 86.152 19.147 0.000 0.000 0.000 0.000 0.000 47.918 74.910 53.896 41.866 56.886 71.894 86.899 90.903 92.908 93.915 89.923 16.934 3.945 31.973 28.999 17.027 23.039 17.043 0.000 0.000 0.000 0.000 0.000 0.000 44.476 14.426 80.336 102.272 135.129 91.105 86.159 67.119 103.186 107.710 107.620
67.417 67.416 67.416 67.415 66.414 65.413 67.411 72.409 78.407 88.405 98.402 100.399 93.395 83.391 77.387 69.381 65.376 65.370 65.362 67.354 72.345 78.334 85.322 97.309 102.293 104.277 103.260 99.242 102.226 95.213 77.202 69.196 48.200 6.221 0.000 0.000 0.000 0.000 41.002 73.988 16.979 0.000 49.964 74.963 93.963 101.963 87.962 90.962 76.967 34.974 0.988 59.007 28.028 20.043 31.046 31.048 2.050 0.000 0.000 0.000 0.000 31.578 50.525 123.467 152.391 135.274 118.831 117.779 109.451 108.093 107.973 107.846 73.069
67.422 67.422 67.421 67.421 67.420 67.418 67.417 66.415 66.413 69.410 75.408 74.404 70.401 66.397 66.393 66.388 67.382 67.376 67.369 67.362 66.353 65.343 67.333 73.321 80.308 89.294 97.280 93.267 82.254 70.244 66.236 71.233 79.234 55.242 33.249 33.241 19.218 20.175 56.101 77.062 27.052 9.067 69.042 101.033 103.028 82.023 85.016 84.006 72.007 61.017 12.017 40.029 14.061 2.070 15.056 2.052 4.051 2.046 0.000 0.000 0.000 12.633 75.580 81.500 77.489 78.650 76.626 108.413 108.312 108.206 75.408 78.189 80.063
67.428 67.428 67.427 67.426 67.425 67.424 67.423 67.421 67.419 67.417 66.414 66.411 66.407 67.403 67.399 67.395 67.389 67.384 67.377 67.370 67.363 67.354 67.344 66.334 65.323 66.312 70.301 68.290 67.280 71.272 74.266 73.263 71.263 73.265 73.264 70.256 70.237 74.207 49.163 35.108 24.099 42.107 87.103 101.098 81.093 74.085 73.072 53.039 49.038 12.069 0.131 0.000 2.119 4.119 0.000 0.000 8.059 23.040 37.996 7.934 21.855 84.711 91.701 89.774 87.762 88.844 108.600 108.509 89.647 96.440 89.298 95.073 86.918
67.434 67.433 67.433 67.432 67.431 67.430 67.429 67.427 67.425 67.423 67.420 67.417 67.414 67.410 67.406 67.402 67.397 67.392 67.386 66.380 73.373 75.365 67.357 66.348 65.339 66.329 68.320 71.312 74.304 73.298 68.294 69.291 76.290 79.289 75.287 69.280 66.269 75.252 6.236 0.000 9.129 82.160 91.166 78.164 70.159 90.153 36.148 0.000 0.000 2.177 3.206 3.204 3.175 4.170 0.000 0.000 33.085 75.059 104.017 64.956 97.843 106.004 102.968 102.061 108.858 108.776 108.690 101.727 103.608 103.309 102.172 101.107 19.026
67.440 67.440 67.439 67.439 67.438 67.437 67.435 67.434 67.432 67.430 70.427 70.424 68.421 72.417 70.413 67.409 67.405 67.401 66.396 64.390 75.384 83.377 69.370 66.362 68.354 71.347 73.339 72.333 69.327 71.323 76.319 78.317 79.316 79.316 74.314 68.310 77.305 96.298 15.292 0.000 0.000 56.236 79.236 76.233 80.228 100.221 34.218 0.000 3.255 3.230 3.237 3.233 3.208 5.215 0.000 31.182 83.139 99.094 102.029 107.032 104.201 101.193 109.082 109.011 108.937 101.031 101.819 102.696 102.379 102.353 95.288 72.198 0.000
67.446 67.446 67.445 67.445 67.444 67.443 67.442 67.441 67.439 68.437 75.434 75.431 52.428 20.424 41.420 71.417 65.414 68.410 74.406 77.401 77.395 73.389 69.383 70.376 73.370 72.364 71.358 73.353 77.349 77.346 79.344 78.343 69.343 64.343 66.343 79.343 98.342 108.342 30.344 0.000 0.000 31.313 87.310 89.305 96.297 95.285 31.285 0.000 3.279 1.279 2.279 3.281 0.000 9.268 35.267 79.233 101.163 104.188 103.283 103.290 102.386 109.216 109.150 101.229 102.033 102.898 102.688 102.546 102.506 94.441 86.401 0.000 0.000
67.453 67.452 67.452 67.452 67.451 67.450 67.449 67.448 67.446 69.445 78.442 89.439 65.435 2.432 8.426 56.426 82.424 74.420 72.416 72.412 70.407 69.402 71.396 73.391 71.385 67.380 69.376 81.372 83.369 73.368 67.367 64.367 64.368 69.370 83.372 99.375 96.379 80.385 52.396 20.423 14.424 58.393 87.384 69.380 60.370 52.336 17.352 1.393 1.329 22.319 13.320 3.332 0.000 28.322 79.306 101.235 103.442 102.443 102.557 109.402 109.343 109.281 101.287 103.175 102.891 102.768 102.716 102.646 96.572 83.511 73.476 0.000 0.000
67.459 67.459 67.459 67.458 67.458 67.457 67.456 67.455 67.454 69.453 79.451 66.448 22.442 4.443 0.000 24.436 78.434 70.431 72.427 71.423 69.419 72.414 73.410 70.405 67.401 63.397 73.393 87.390 74.389 64.388 65.389 70.391 80.393 91.397 102.401 95.406 73.413 68.422 87.434 94.449 95.455 99.452 74.454 35.461 7.468 0.000 1.535 1.540 0.000 35.335 22.350 2.397 33.417 79.369 101.403 103.604 102.630 109.565 109.513 109.460 101.548 102.350 103.243 102.944 102.932 102.875 102.803 103.714 91.637 62.555 51.515 9.515 3.515
66.466 66.466 67.465 67.465 67.465 67.464 67.464 67.463 67.462 70.461 80.460 51.459 0.000 10.455 48.456 50.449 67.445 69.442 57.438 39.435 77.431 72.427 68.423 67.419 65.415 67.412 83.409 86.408 68.407 71.408 83.410 92.414 101.418 99.423 87.429 73.436 66.445 82.456 86.469 74.483 55.495 53.506 41.520 21.541 10.573 4.639 2.657 22.671 17.690 0.000 0.000 27.462 79.522 102.644 103.678 101.799 109.663 109.615 101.706 102.521 103.402 103.212 103.092 103.071 103.021 102.972 105.905 69.775 49.706 0.000 0.000 0.000 0.000
75.473 73.473 70.472 68.472 65.472 65.472 65.472 65.471 64.470 69.470 81.469 64.469 45.470 53.466 71.463 67.460 64.456 70.453 65.450 52.447 72.443 66.440 65.437 65.433 67.430 81.427 89.425 55.424 47.424 97.427 102.431 97.435 86.441 76.448 68.456 64.465 75.475 87.488 55.503 30.519 13.537 4.556 21.580 20.609 10.645 11.688 14.715 42.726 26.708 0.000 0.000 59.757 101.801 100.935 109.798 109.755 109.709 101.740 103.638 103.365 103.260 103.232 105.191 100.143 102.115 103.089 114.068 0.000 0.000 0.000 0.000 0.000 0.000
76.481 78.480 84.478 85.478 85.479 82.479 83.479 82.479 81.479 81.478 83.478 66.477 70.477 69.474 66.472 69.469 69.467 68.464 73.461 75.459 69.456 63.453 65.450 67.447 81.444 86.441 75.439 69.438 78.439 101.443 84.450 75.457 67.464 65.472 67.481 66.492 80.504 89.518 53.535 29.554 17.576 19.602 22.633 14.670 15.711 21.753 23.788 16.811 0.000 0.000 37.999 80.019 109.915 109.878 109.839 101.969 102.778 103.680 103.391 103.389 104.350 104.307 77.265 55.205 90.206 104.201 109.211 49.269 0.000 0.000 0.000 0.000 0.000
69.490 63.488 16.483 18.483 27.486 74.487 71.488 71.488 71.487 75.487 84.486 65.486 66.485 65.483 68.481 72.479 73.477 71.475 70.473 73.471 74.468 71.466 65.464 82.461 88.458 79.455 85.451 102.450 99.452 81.458 69.468 65.477 67.486 67.495 66.505 71.517 87.530 89.546 81.564 84.586 55.612 17.643 9.682 8.727 20.775 27.825 17.874 14.921 6.951 33.120 81.168 109.982 109.950 102.107 102.920 103.809 103.624 103.512 103.499 104.455 102.416 96.378 21.359 0.000 72.302 107.299 104.306 103.327 0.000 0.000 0.000 0.000 0.000
67.500 59.500 0.000 0.495 9.496 70.496 66.496 66.496 66.496 70.496 84.495 62.494 66.494 70.492 72.491 73.489 70.488 67.486 65.484 67.483 77.481 90.479 85.477 86.475 63.472 57.468 109.462 95.459 62.460 22.469 42.488 70.498 67.507 67.517 69.527 62.540 46.554 36.571 48.590 88.614 64.642 17.678 12.724 7.780 16.837 21.898 15.962 21.021 21.104 59.249 110.031 101.293 105.034 103.942 103.758 103.650 103.628 103.595 104.556 104.521 69.484 45.432 31.433 34.442 85.400 106.387 102.389 93.404 11.439 0.000 0.000 0.000 0.000
67.510 67.511 50.516 0.505 10.505 71.505 67.505 67.505 66.505 67.504 82.504 69.503 72.503 74.502 73.501 68.499 65.498 66.497 66.496 65.495 75.494 98.493 94.491 81.490 74.488 65.483 41.470 30.463 17.462 0.000 23.516 72.521 67.528 69.537 52.548 26.561 11.576 8.593 50.613 67.636 36.664 8.702 11.756 16.832 23.896 19.968 14.056 7.134 10.425 58.474 110.094 104.182 103.946 103.769 103.756 103.723 103.685 103.650 101.617 92.588 25.567 0.000 42.500 101.491 106.471 104.459 98.457 88.463 6.474 0.000 0.000 0.000 0.000
64.519 66.520 63.521 0.000 6.515 71.514 66.514 64.514 66.514 70.513 74.513 73.512 73.512 71.511 65.510 66.510 66.509 67.508 67.507 72.507 90.506 89.506 82.506 91.506 89.506 60.507 0.000 0.000 0.000 0.000 21.538 72.542 67.548 70.556 41.567 3.580 37.595 63.613 83.633 52.655 4.675 0.742 0.810 5.894 15.947 16.025 16.127 10.361 6.972 110.273 110.186 103.087 103.936 103.839 103.808 103.772 103.738 105.705 90.674 73.648 33.629 9.621 57.576 87.553 96.534 105.522 94.517 83.517 5.520 0.000 0.000 0.000 0.000
71.527 69.528 58.528 0.000 57.524 65.524 67.523 71.523 72.523 73.522 71.522 72.522 70.521 66.521 66.520 67.520 67.519 66.519 68.519 91.518 90.519 72.519 85.520 83.522 87.525 85.531 48.548 4.558 13.563 43.563 48.558 68.559 67.565 67.573 62.583 54.596 71.612 70.630 64.651 86.674 34.697 0.768 0.835 9.920 14.974 13.051 14.145 38.288 62.676 110.355 105.410 105.162 104.904 103.893 103.856 103.822 104.789 102.757 57.727 34.701 46.679 47.658 101.631 103.608 83.591 93.579 88.572 61.569 26.568 0.000 0.000 0.000 0.000
72.535 73.535 70.536 58.538 72.534 72.533 72.532 73.532 73.531 74.531 86.531 68.531 66.530 66.530 67.530 67.530 67.530 68.530 82.530 93.530 68.531 72.532 99.533 91.536 79.540 82.546 85.555 69.562 74.567 89.570 82.570 70.573 63.579 63.587 74.597 90.610 77.626 49.644 21.666 76.693 65.730 14.787 17.845 22.909 18.977 10.063 12.129 53.408 105.656 110.432 102.390 105.044 105.975 103.940 103.905 103.871 96.838 86.807 43.777 14.751 23.726 24.703 85.680 127.659 108.642 84.630 76.622 55.618 64.616 17.616 0.000 3.830 7.830
77.543 77.543 73.543 73.543 73.542 74.541 74.541 70.541 67.540 66.540 29.540 19.540 70.540 67.540 67.540 67.540 66.540 69.540 93.541 79.541 64.542 70.544 87.546 104.549 99.552 96.558 94.564 90.569 86.574 85.577 93.581 90.585 84.591 80.599 83.609 87.621 49.637 13.655 12.677 28.703 24.742 9.793 18.841 28.896 24.964 16.062 9.223 52.477 110.574 110.504 105.282 107.129 104.018 103.989 104.953 100.919 84.886 77.855 83.825 89.798 73.772 95.748 110.726 127.706 136.690 120.677 82.668 87.664 62.662 0.000 0.000 0.000 0.000
16.550 17.550 77.549 72.550 72.550 67.550 64.549 66.549 61.549 14.549 14.549 3.549 71.549 67.549 67.550 67.550 67.550 85.551 92.551 65.552 67.554 67.555 70.557 76.560 78.564 78.568 74.573 77.578 93.582 86.586 77.590 80.594 87.600 91.608 94.618 91.630 66.645 31.663 14.683 13.700 0.000 2.801 13.829 22.869 6.916 0.000 22.437 82.685 110.641 102.620 106.350 106.089 104.075 104.035 105.000 99.965 86.932 52.901 59.871 102.843 113.816 145.792 136.770 108.750 96.733 113.720 92.711 86.707 61.707 0.734 0.000 0.000 0.000
3.558 12.557 26.555 81.557 66.558 64.558 66.558 66.558 67.558 14.558 5.558 60.558 68.558 67.559 67.559 67.560 69.560 93.561 78.562 64.563 67.564 67.566 67.569 66.571 66.574 66.578 65.582 72.586 101.590 80.594 11.598 19.603 31.608 82.615 92.624 76.636 81.650 68.669 20.691 17.714 2.746 7.780 20.807 12.834 0.000 0.000 40.605 110.770 110.706 105.503 107.246 103.156 104.119 104.081 104.045 104.010 90.977 53.945 68.915 105.886 101.859 135.834 130.811 99.790 104.773 90.759 71.749 89.745 67.747 1.760 0.000 0.000 0.000
65.566 61.566 0.000 73.566 83.566 84.566 65.566 77.566 84.566 60.567 58.567 68.567 67.568 67.568 67.569 67.569 86.570 90.571 65.572 67.573 66.575 65.577 67.579 67.582 67.585 67.588 66.591 74.595 103.598 84.602 30.606 3.610 54.615 79.621 92.628 71.638 61.651 20.673 13.698 16.719 14.743 22.767 26.784 0.810 0.000 19.521 81.777 110.831 102.756 106.481 106.225 104.205 104.163 104.126 104.089 105.054 96.020 84.988 107.957 132.927 120.899 137.873 134.849 128.827 135.809 101.793 78.782 88.776 96.775 25.779 0.000 0.000 0.000
67.575 66.576 61.578 67.576 66.575 14.575 88.575 80.575 67.575 68.575 68.576 67.576 67.577 67.578 67.578 70.579 93.580 76.581 66.582 67.583 73.585 81.587 67.589 65.592 67.594 66.597 69.600 93.603 101.607 76.610 64.613 52.617 74.621 73.625 34.630 19.636 16.644 0.000 5.708 5.723 6.740 7.760 9.772 0.000 22.564 79.729 101.909 110.890 103.718 104.363 104.287 104.246 104.207 104.169 104.132 105.096 96.062 79.029 74.997 107.967 97.938 111.911 114.886 102.862 104.841 76.823 53.810 67.802 134.799 87.802 22.813 12.820 34.825
67.583 67.583 67.584 67.583 67.583 61.583 77.583 93.583 69.583 66.584 67.585 67.585 67.586 67.587 66.588 89.589 91.590 65.591 67.592 68.593 65.595 27.597 86.599 81.602 68.604 66.607 84.609 103.612 87.615 67.618 67.620 68.623 71.626 75.629 12.631 13.634 0.000 2.703 17.704 0.000 0.723 0.000 0.000 0.000 45.668 102.856 111.003 110.947 103.602 104.439 104.324 104.289 104.249 104.210 104.173 103.137 88.103 90.069 110.037 129.006 127.976 132.947 137.920 124.894 122.870 109.849 58.833 56.822 132.817 96.816 34.817 27.821 92.827
67.590 67.590 67.591 67.591 67.590 67.591 67.591 78.591 93.592 69.592 66.593 67.594 67.595 65.596 73.597 94.598 74.599 66.600 68.601 66.602 8.605 5.607 74.609 75.612 81.614 80.616 88.618 87.621 68.623 66.625 68.628 71.630 76.632 76.633 0.000 0.000 0.000 4.701 28.702 15.703 16.704 15.704 0.000 6.740 53.898 108.067 111.056 102.938 104.655 104.391 104.372 104.329 104.289 104.250 104.213 104.177 90.142 86.108 107.075 108.043 108.012 110.982 110.953 109.924 114.897 87.870 63.850 78.838 93.832 32.830 0.000 0.000 36.832
67.597 69.597 69.598 67.598 67.598 67.598 67.599 67.599 78.600 93.601 69.602 64.603 64.604 81.605 93.607 87.608 64.609 67.610 63.611 9.609 6.615 60.617 67.620 67.621 73.623 90.625 90.627 83.629 76.631 68.633 55.635 25.637 90.638 70.639 0.000 0.000 0.000 3.699 17.700 10.701 24.703 13.703 0.000 6.876 26.978 111.160 111.109 103.807 104.543 104.450 104.409 104.368 104.328 104.290 104.252 105.216 100.181 90.146 85.112 84.079 84.047 84.015 83.985 87.954 61.922 5.883 31.859 87.847 83.842 44.841 6.845 0.000 35.837
68.604 5.605 6.605 67.605 66.605 65.606 65.607 64.607 64.608 77.609 92.610 85.612 92.613 94.614 81.616 65.618 72.619 72.621 60.622 0.000 8.627 71.628 67.630 69.631 93.633 100.634 78.636 69.638 76.639 83.641 71.642 7.644 50.645 68.646 0.000 0.000 0.000 4.696 10.698 7.700 21.701 0.000 0.000 6.930 12.247 111.211 109.055 104.771 104.513 104.491 104.446 104.405 104.366 104.327 104.290 104.254 105.218 104.183 102.149 101.114 101.081 102.048 104.017 77.985 19.954 0.000 16.855 72.850 103.848 94.848 67.849 43.848 60.843
67.612 66.612 1.612 66.612 77.613 81.613 85.614 90.615 93.616 94.617 94.619 94.620 80.622 67.624 83.625 100.627 101.629 101.631 94.634 72.640 7.639 68.639 66.640 75.641 103.642 90.644 67.645 66.646 68.647 71.648 62.650 7.651 27.652 27.653 0.000 0.000 0.000 10.691 5.694 0.000 4.701 0.000 14.948 16.165 6.598 111.259 113.006 108.645 104.567 104.524 104.482 104.442 104.402 104.364 104.327 104.291 104.255 104.220 104.185 104.149 105.114 108.080 80.049 13.017 0.000 5.910 0.000 17.851 73.852 104.854 95.854 71.852 48.846
67.618 69.619 65.619 67.619 82.620 81.621 77.622 73.623 72.624 68.625 89.627 79.629 90.631 81.633 97.635 93.637 86.639 87.642 98.644 104.647 93.648 94.649 86.650 94.651 102.652 75.653 66.654 67.654 67.655 66.656 66.657 68.658 63.660 12.662 72.669 63.674 2.678 4.683 0.000 0.000 0.000 5.953 83.996 81.200 111.351 111.306 106.881 107.712 104.596 104.559 104.517 104.477 104.438 104.400 104.363 104.327 104.292 104.257 104.221 106.184 111.145 80.111 20.080 0.000 0.000 2.910 1.910 0.000 14.856 65.860 100.861 50.861 0.000
69.625 5.625 64.626 67.626 67.627 67.628 66.629 67.630 69.632 67.633 79.635 74.637 83.639 94.641 82.644 67.646 68.649 69.651 70.654 75.656 88.658 98.659 104.660 102.661 91.662 67.662 67.662 67.663 67.663 67.664 68.664 91.665 64.666 4.667 68.671 18.674 12.677 5.680 0.000 0.000 0.000 15.939 104.144 106.357 111.394 105.211 104.921 104.656 104.636 104.591 104.550 104.510 104.472 104.435 104.398 104.363 104.328 104.294 106.259 91.222 45.169 12.140 0.000 4.911 2.910 22.910 29.909 0.000 0.000 36.870 98.870 50.870 0.000
70.632 3.632 64.632 67.633 67.634 67.635 67.636 68.637 6.639 66.641 70.643 81.645 81.648 89.650 94.653 80.656 65.658 65.661 65.664 67.666 69.668 70.669 71.670 71.671 70.671 69.671 65.671 65.671 66.671 67.671 78.671 92.671 63.671 57.671 59.672 0.000 0.000 5.680 0.000 0.000 0.000 20.034 103.157 111.479 111.437 104.069 104.800 104.706 104.664 104.622 104.582 104.543 104.505 104.469 104.433 104.398 104.364 104.331 109.300 65.276 0.000 0.000 2.913 0.912 2.911 17.910 24.909 0.000 0.000 39.879 99.879 58.879 0.000
