results4_8e4_rain/res_4e8f-0055.wd
ncols         241
nrows         181
xllcorner     12693529.787448
yllcorner     3542525.717860
cellsize      155.156523
NODATA_value  -9999.000000
[rows 132 to 164 of 181, columns 0 to 73 of 241]
88.426 93.426 97.426 97.426 99.427 99.427 93.428 84.428 70.429 59.429 58.430 59.431 58.432 57.433 62.434 76.435 87.435 92.436 92.436 89.436 81.434 72.431 63.425 57.414 62.398 64.376 63.345 64.309 62.277 57.246 71.215 94.184 61.158 0.000 0.000 0.000 0.829 52.817 64.811 61.785 63.762 69.746 87.740 73.739 57.740 56.743 56.747 68.754 89.761 30.770 3.785 0.000 0.000 0.000 0.000 0.000 0.000 0.000 0.000 0.000 0.000 0.000 0.000 0.000 21.887 1.784 5.661 46.566 69.419 73.317 73.206 83.289 110.752 101.099
66.438 68.438 71.438 77.438 87.439 93.439 98.439 98.440 91.441 77.442 66.442 60.443 64.444 71.445 84.446 99.447 98.448 95.449 95.449 98.448 98.446 94.442 82.436 70.427 62.414 57.396 58.374 57.349 58.324 66.302 88.280 96.262 8.250 0.000 0.000 0.000 10.842 38.846 56.880 65.873 66.854 63.833 64.830 74.829 69.826 62.822 66.818 74.815 87.813 28.812 14.809 20.829 0.839 0.000 0.000 0.000 0.000 0.000 0.000 0.000 0.000 0.000 0.000 0.000 3.951 0.000 53.696 75.615 71.493 80.461 71.521 110.880 99.636 101.146
58.450 58.450 58.450 60.450 65.451 69.451 76.452 85.452 93.453 96.454 90.455 88.456 90.457 93.458 92.459 85.461 76.462 74.463 74.463 79.462 85.460 92.457 95.452 94.444 83.434 73.420 68.405 66.388 75.371 91.356 92.343 78.334 11.329 0.000 0.000 0.000 0.000 0.000 39.988 66.974 45.950 33.901 48.920 63.921 78.914 82.903 84.889 85.875 81.864 8.858 0.000 23.846 20.850 8.852 14.852 8.852 0.000 0.000 0.000 0.000 0.000 0.000 38.159 8.107 74.014 95.938 128.781 84.748 79.795 60.748 96.809 101.313 101.215 109.941
59.462 59.462 59.462 59.463 58.463 57.464 59.464 64.465 70.466 80.466 90.467 92.468 85.470 75.471 69.473 61.474 57.476 57.477 57.478 59.478 64.476 70.474 77.470 89.464 94.457 96.448 95.437 91.427 94.417 87.408 69.403 61.402 40.404 0.000 0.000 0.000 0.000 0.000 33.110 66.087 9.071 0.000 42.029 67.020 86.006 93.985 79.961 82.933 68.911 26.897 0.000 50.859 19.857 11.854 22.852 22.852 0.000 0.000 0.000 0.000 0.000 25.266 44.211 117.149 146.068 128.943 112.490 111.430 103.096 101.739 101.606 101.465 66.688 111.601
59.474 59.474 59.475 59.475 59.476 59.476 59.477 58.478 58.478 61.479 67.480 66.481 62.483 58.484 58.486 58.489 59.491 59.493 59.494 59.494 58.494 57.493 59.490 65.487 72.482 81.477 89.471 85.465 74.461 62.458 58.459 63.466 71.482 47.525 25.537 25.524 11.481 12.398 48.256 69.193 19.175 1.196 61.147 93.127 95.103 74.073 77.035 75.986 63.949 52.923 3.899 31.874 5.865 0.000 6.852 0.000 0.000 0.000 0.000 0.000 0.000 6.323 69.268 75.185 71.168 72.323 70.294 102.093 101.982 101.865 69.049 71.822 73.690 75.350
59.487 59.487 59.487 59.488 59.488 59.489 59.490 59.491 59.491 59.492 58.493 58.494 58.496 59.497 59.500 59.503 59.506 59.509 59.511 59.512 59.513 59.513 59.512 58.511 57.509 58.506 62.504 60.503 59.503 63.505 66.510 65.520 63.535 65.555 65.563 62.554 62.522 66.457 41.322 27.255 16.250 34.290 79.263 93.237 73.207 66.170 65.121 45.027 40.975 3.949 0.000 0.000 0.000 0.000 0.000 0.000 1.824 16.800 31.758 1.681 15.548 78.407 85.393 83.463 81.446 82.524 102.301 102.199 83.307 90.094 82.944 88.713 80.550 59.487
59.500 59.500 59.500 59.501 59.502 59.502 59.503 59.504 59.505 59.506 59.506 59.507 59.508 59.510 59.514 59.518 59.523 59.526 59.529 58.531 65.533 67.534 59.535 58.535 57.536 58.536 60.538 63.540 66.543 65.549 60.557 61.569 68.582 71.597 67.606 61.607 58.598 67.584 0.000 0.000 1.325 74.390 83.380 70.353 62.316 82.280 28.252 0.000 0.000 0.000 0.000 0.000 0.000 0.000 0.000 0.000 26.848 68.817 97.768 58.693 91.558 99.709 96.669 95.758 102.587 102.495 102.400 95.399 97.271 96.966 95.824 94.752 12.665 0.000
59.513 59.513 59.513 59.514 59.515 59.516 59.517 59.518 59.519 59.519 62.520 62.520 60.520 64.522 62.527 59.534 59.540 59.544 58.548 56.551 67.553 75.556 61.558 58.560 60.563 63.566 65.570 64.575 61.582 63.591 68.602 70.615 71.630 71.645 66.658 60.669 69.679 88.698 7.752 0.000 0.000 48.531 71.514 68.477 72.426 92.382 26.355 0.000 0.000 0.000 0.000 0.000 0.000 0.000 0.000 24.958 76.906 92.851 95.777 100.768 97.923 94.910 102.838 102.758 102.675 94.720 95.501 96.369 96.047 96.016 88.945 65.849 0.000 0.000
59.526 59.526 59.527 59.527 59.528 59.529 59.531 59.532 59.533 60.534 67.534 67.533 44.532 12.530 33.537 63.552 57.559 60.564 66.568 69.571 69.575 65.578 61.582 62.585 65.590 64.595 63.602 65.609 69.619 69.631 71.644 70.660 61.677 56.695 58.713 71.732 90.752 100.777 22.806 0.000 0.000 23.691 79.666 81.616 88.531 87.466 23.432 0.000 0.000 0.000 0.000 0.000 0.000 3.111 29.078 73.019 94.934 97.946 97.030 97.029 96.117 102.989 102.915 94.934 95.730 96.587 96.371 96.223 96.178 88.109 80.066 0.000 0.000 0.000
59.539 59.539 59.540 59.541 59.542 59.543 59.545 59.546 59.548 61.549 70.549 81.547 57.544 0.000 0.557 48.577 74.581 66.585 64.588 64.592 62.596 61.600 63.605 65.610 63.616 59.623 61.632 73.642 75.654 65.669 59.685 56.704 56.724 61.746 75.769 91.793 88.820 72.852 44.890 12.944 6.944 50.874 79.845 61.789 52.616 44.519 9.475 0.000 0.000 0.000 0.000 0.000 0.000 22.145 73.111 95.022 97.212 96.203 96.309 103.203 103.134 103.063 95.002 96.879 96.588 96.459 96.401 96.325 90.248 77.182 67.145 0.000 0.000 0.000
59.552 59.553 59.553 59.554 59.555 59.557 59.559 59.561 59.563 61.565 71.566 58.564 14.554 0.000 0.000 16.602 70.603 62.606 64.609 63.613 61.618 64.623 65.628 62.635 59.642 55.651 65.661 79.673 66.688 56.705 57.725 62.746 72.770 83.795 94.822 87.852 65.885 60.921 79.959 86.997 88.015 92.018 67.052 28.079 0.334 0.000 0.000 0.000 0.000 0.000 0.000 0.000 27.258 73.189 95.203 97.387 96.405 103.394 103.333 103.270 95.279 96.072 96.955 96.650 96.631 96.568 96.490 97.396 85.315 56.228 45.186 3.186 0.000 0.000
58.566 58.566 59.566 59.567 59.569 59.571 59.574 59.577 59.580 62.583 72.586 43.588 0.000 2.638 40.636 42.626 59.625 61.626 49.630 31.634 69.639 64.645 60.651 59.658 57.667 59.676 75.688 78.702 60.719 63.739 75.762 84.787 93.814 91.843 79.874 65.909 58.946 74.987 79.029 67.070 48.103 46.129 34.266 14.390 3.600 0.000 0.000 16.338 11.338 0.000 0.000 21.344 73.360 96.457 97.475 95.585 103.510 103.453 95.453 96.258 97.129 96.932 96.805 96.777 96.721 96.666 99.593 63.459 43.387 0.000 0.000 0.000 0.000 0.000
67.580 65.579 62.579 60.580 57.582 57.586 57.589 57.593 56.597 61.601 73.606 56.615 37.633 45.641 63.643 59.642 56.643 62.646 57.650 44.654 64.660 58.666 57.673 57.681 59.690 73.700 81.713 47.729 39.748 89.771 94.798 89.826 78.856 68.888 60.923 56.962 68.005 80.051 48.102 23.153 6.196 0.000 14.494 13.617 3.824 5.090 8.256 36.339 20.338 0.000 0.000 53.594 95.626 94.746 103.677 103.623 103.568 95.496 97.379 97.101 96.989 96.954 98.906 93.850 95.815 96.784 107.759 0.000 0.000 0.000 0.000 0.000 0.000 0.000
68.594 70.593 76.590 77.591 77.595 74.600 75.604 74.609 73.613 73.618 75.624 58.632 62.642 61.650 58.655 61.657 61.660 60.664 65.669 67.674 61.681 55.687 57.695 59.703 73.712 78.723 67.735 61.752 70.773 93.800 76.832 67.864 59.897 57.932 59.969 59.012 73.059 82.112 46.173 22.243 10.334 12.489 15.599 7.760 8.991 15.191 17.339 10.422 0.000 0.000 31.818 73.844 103.826 103.778 103.729 95.740 96.539 97.430 97.135 97.126 98.080 98.029 70.980 48.912 83.905 97.895 102.899 42.952 0.000 0.000 0.000 0.000 0.000 0.000
61.610 55.608 8.599 10.599 19.608 66.615 63.620 63.625 63.630 67.635 76.641 57.648 58.655 57.662 60.668 64.672 65.677 63.682 62.688 65.694 66.701 63.708 57.716 74.725 80.734 71.743 77.754 94.770 91.792 73.825 61.865 57.901 59.936 59.972 59.011 64.056 80.108 82.167 74.235 77.313 48.408 10.533 2.653 1.897 14.188 21.344 11.485 8.591 0.909 26.973 75.006 103.916 103.872 95.893 96.695 97.574 97.383 97.265 97.245 98.193 96.148 90.103 15.078 0.000 65.999 100.991 97.992 97.006 0.000 0.000 0.000 0.000 0.000 0.000
59.630 51.630 0.000 0.000 1.626 62.631 58.637 58.641 58.646 62.651 76.656 54.663 58.670 62.676 64.682 65.688 62.694 59.700 57.706 59.713 69.721 82.729 77.738 78.746 55.755 49.762 101.769 87.781 54.802 14.843 34.902 62.940 59.974 60.009 62.048 55.094 39.151 29.211 41.289 81.364 57.454 10.583 5.727 1.096 10.368 15.511 9.669 14.826 15.192 53.187 103.983 95.092 98.824 97.721 97.531 97.418 97.390 97.349 98.303 98.262 63.218 39.157 25.149 28.149 79.100 100.079 96.072 87.073 5.073 0.000 0.000 0.000 0.000 0.000
59.649 59.652 42.661 0.000 2.637 63.648 59.654 59.658 58.662 59.667 74.672 61.678 64.684 66.691 65.697 60.704 57.710 58.717 58.724 57.732 67.740 90.749 86.759 73.768 66.777 57.782 33.778 22.784 9.793 0.000 15.962 64.982 60.011 62.043 45.079 19.121 4.190 1.274 43.348 60.401 29.460 1.637 4.897 10.169 17.466 13.664 7.848 1.399 4.798 52.452 104.067 97.980 97.734 97.552 97.533 97.493 97.449 97.406 95.367 86.331 19.304 0.000 36.214 95.199 100.172 98.154 92.144 82.141 0.107 0.000 0.000 0.000 0.000 0.000
56.666 58.668 55.671 0.000 0.000 63.671 58.672 56.675 58.678 62.682 66.687 65.693 65.699 63.706 57.713 58.720 58.727 59.734 59.742 64.750 82.760 81.770 74.781 83.792 81.803 52.812 0.000 0.000 0.000 0.000 14.001 65.018 60.044 63.075 34.103 0.000 30.269 56.328 76.384 45.432 0.000 0.000 0.000 0.000 9.662 9.831 10.121 4.703 3.384 104.302 104.187 96.893 97.730 97.626 97.588 97.545 97.504 99.464 84.426 67.392 27.365 3.348 51.293 81.262 90.237 99.219 88.209 77.207 0.000 0.000 0.000 0.000 0.000 0.000
63.681 61.682 50.685 0.000 49.701 57.692 59.691 63.692 64.694 65.697 63.701 64.707 62.714 58.721 58.729 59.736 59.743 58.751 60.759 83.769 82.779 64.790 77.802 75.816 79.831 77.850 40.880 0.000 6.000 36.012 41.023 61.044 60.073 60.109 55.156 47.230 64.291 63.356 57.428 79.511 27.617 0.000 0.000 3.568 8.690 6.876 8.120 32.457 56.981 104.404 99.240 98.968 98.704 97.685 97.641 97.599 98.558 96.518 51.481 28.446 40.415 41.386 95.349 97.319 77.294 87.277 82.268 55.270 20.293 0.000 0.000 0.000 0.000 0.000
64.694 65.697 62.701 50.709 64.709 64.707 64.707 65.707 65.709 66.711 78.714 60.720 58.729 58.737 59.745 59.752 59.760 60.768 74.776 85.786 60.797 64.809 91.823 83.838 71.856 74.879 77.909 61.952 66.989 82.013 75.035 63.062 56.094 56.134 67.183 83.244 70.307 42.378 14.461 69.568 58.724 7.963 11.195 16.447 12.654 3.862 6.051 47.418 99.728 104.493 96.219 98.858 99.781 97.737 97.694 97.652 90.611 80.571 37.533 8.497 17.464 18.431 79.399 121.370 102.345 78.327 70.315 49.312 58.316 11.316 0.000 0.000 1.329 22.329
69.706 69.709 65.713 65.718 65.720 66.721 66.722 62.723 59.724 58.724 21.725 11.730 62.746 59.754 59.761 59.768 58.776 61.784 85.793 71.803 56.814 62.827 79.842 96.858 91.877 88.900 86.927 82.959 78.989 78.017 86.043 83.074 77.109 73.150 76.198 80.254 42.317 6.388 5.470 21.575 17.749 2.970 12.175 22.370 18.619 9.843 3.088 46.418 104.660 104.577 99.119 100.948 97.830 97.791 98.747 94.704 78.662 71.622 77.583 83.547 67.511 89.478 104.445 121.416 130.390 114.369 76.355 81.347 56.344 0.000 0.000 0.000 0.000 0.000
8.714 9.722 69.725 64.730 64.733 59.735 56.737 58.738 53.739 6.738 6.732 0.000 63.769 59.773 59.778 59.784 59.791 77.799 84.808 57.819 59.830 59.844 62.859 68.876 70.895 70.916 66.941 69.967 85.994 79.021 70.049 73.082 80.119 84.159 87.205 84.258 59.319 24.387 7.456 6.514 0.000 0.000 7.168 16.238 0.494 0.000 16.340 76.595 104.740 96.484 100.185 99.916 97.892 97.843 98.799 93.755 80.713 46.672 53.632 96.594 107.558 139.522 130.489 102.458 90.430 107.406 86.388 80.376 55.370 0.000 0.000 0.000 0.000 0.000
0.000 4.740 18.736 73.744 58.747 56.750 58.752 58.754 59.757 6.759 0.000 52.795 60.789 59.791 59.795 59.800 61.807 85.814 70.823 56.833 59.845 59.859 59.875 58.892 58.910 58.930 57.952 64.975 93.999 73.023 4.050 12.085 24.125 75.162 85.205 69.256 74.315 61.385 13.454 10.510 0.000 0.992 14.092 6.164 0.000 0.000 34.536 104.898 104.819 99.365 101.089 96.989 97.942 97.895 97.849 97.805 84.762 47.720 62.680 99.640 95.603 129.566 124.531 93.497 98.466 84.438 65.416 83.399 61.390 0.000 0.000 0.000 0.000 0.000
57.771 53.763 0.000 65.761 75.763 76.765 57.767 69.771 76.775 52.782 50.796 60.801 59.803 59.806 59.810 59.815 78.821 82.828 57.837 59.846 58.858 57.873 59.890 59.907 59.925 59.943 58.963 66.983 96.004 77.025 23.042 0.000 47.134 72.160 85.198 64.244 54.301 13.384 6.467 9.562 7.710 15.858 19.968 0.000 0.000 13.536 75.746 104.975 96.645 100.340 100.075 98.044 97.992 97.945 97.898 98.853 89.810 78.767 101.726 126.686 114.646 131.608 128.571 122.534 129.499 95.465 72.437 82.415 90.401 19.395 0.000 0.000 0.000 0.000
59.779 58.778 53.782 59.778 58.778 6.780 80.783 72.786 59.791 60.797 60.806 59.811 59.815 59.820 59.824 62.829 85.835 68.842 58.849 59.857 65.869 73.885 59.904 57.922 59.938 58.955 61.972 85.991 94.010 69.029 57.051 45.081 67.116 66.148 27.184 12.221 9.261 0.000 0.000 0.000 0.000 0.909 2.954 0.000 16.720 73.797 95.909 105.052 97.604 98.230 98.143 98.091 98.042 97.993 97.946 98.901 89.857 72.813 68.771 101.730 91.690 105.650 108.610 96.570 98.529 70.488 47.452 61.424 128.404 81.390 16.374 6.359 28.347 49.338
59.789 59.788 59.790 59.790 59.792 53.794 69.797 85.801 61.806 58.812 59.818 59.823 59.828 59.833 58.838 81.843 83.849 57.854 59.860 60.866 57.876 19.894 78.921 73.938 60.952 58.967 76.982 95.998 80.015 60.033 60.053 61.077 64.103 68.130 5.170 6.195 0.000 0.000 0.000 0.000 0.000 0.000 0.000 0.000 39.911 96.993 105.201 105.127 97.496 98.311 98.185 98.140 98.089 98.040 97.993 96.947 81.903 83.859 103.816 122.774 121.732 126.691 131.650 118.607 116.560 103.506 52.458 50.424 126.401 90.386 28.372 21.358 86.343 119.335
59.799 59.798 59.799 59.802 59.805 59.808 59.812 70.816 85.820 61.825 58.831 59.836 59.842 57.847 65.852 86.858 66.863 58.867 60.870 58.871 0.873 0.000 66.949 67.956 73.966 72.978 80.991 80.004 61.019 59.034 61.051 64.070 69.088 69.101 0.000 0.000 0.000 0.000 0.000 0.000 0.000 0.000 0.000 1.745 48.320 102.263 105.274 96.862 98.544 98.270 98.240 98.185 98.135 98.086 98.039 97.993 83.948 79.903 100.860 101.817 101.775 104.733 104.692 103.648 108.598 81.518 57.450 72.415 87.392 26.379 0.000 0.000 30.330 56.328
59.811 61.805 61.806 59.815 59.819 59.822 59.826 59.830 70.834 85.839 61.844 56.850 56.856 73.861 85.867 79.872 56.878 59.882 55.883 1.877 0.000 52.975 59.969 59.972 65.979 82.988 82.999 76.010 69.022 61.035 48.048 18.065 83.078 63.085 0.000 0.000 0.000 0.000 0.000 0.000 0.000 0.000 0.000 2.092 21.868 105.421 105.347 97.726 98.439 98.334 98.282 98.230 98.180 98.131 98.083 99.037 93.992 83.947 78.904 77.860 77.818 77.776 77.735 81.697 55.665 0.000 25.411 81.392 77.373 38.360 0.333 0.000 29.320 75.321
60.829 0.000 0.000 59.832 58.834 57.837 57.840 56.843 56.848 69.853 84.858 77.864 84.870 86.875 73.881 57.888 64.894 64.900 52.904 0.000 0.980 63.981 59.981 61.984 85.990 92.998 71.007 62.016 69.025 76.034 64.041 0.028 43.074 61.076 0.000 0.000 0.000 0.000 0.000 0.000 0.000 0.000 0.000 2.456 7.975 105.492 103.005 98.683 98.415 98.380 98.325 98.273 98.223 98.174 98.127 98.081 99.036 97.991 95.947 94.903 94.859 95.817 97.777 71.738 13.701 0.000 10.390 66.369 97.349 88.329 61.306 37.300 54.308 57.313
59.847 58.853 0.000 58.848 69.849 73.851 77.853 82.857 85.861 86.866 86.872 86.878 72.884 59.890 75.896 92.903 93.911 93.919 86.930 64.947 0.000 60.988 58.990 67.995 96.000 83.007 60.014 59.022 61.029 64.036 55.041 0.021 20.068 20.069 0.000 0.000 0.000 0.000 0.000 0.000 0.000 0.000 10.161 11.694 4.189 105.558 106.947 102.563 98.473 98.419 98.366 98.314 98.265 98.217 98.170 98.124 98.079 98.034 97.990 97.945 98.899 101.857 73.817 6.777 0.000 0.000 0.000 11.346 67.324 98.303 89.288 65.285 42.300 11.306
59.860 61.860 57.867 59.864 74.863 73.864 69.866 65.869 64.873 60.880 81.886 71.892 82.898 73.905 89.911 85.919 78.927 79.937 90.949 96.964 85.982 86.992 78.998 87.003 95.009 68.015 59.021 60.028 60.035 59.041 59.047 61.054 56.061 5.064 65.063 56.062 0.000 0.000 0.000 0.000 0.000 0.623 78.810 76.025 105.661 105.613 100.829 101.633 98.506 98.458 98.405 98.354 98.305 98.258 98.212 98.166 98.122 98.078 98.033 99.987 104.937 73.895 13.856 0.000 0.000 0.000 0.000 0.000 8.297 59.271 94.258 44.253 0.000 0.000
61.873 0.000 56.877 59.876 59.876 59.878 58.879 59.881 61.882 59.894 71.901 66.907 75.913 86.919 74.926 59.933 60.942 61.953 62.965 67.978 80.991 91.000 97.007 95.013 84.018 60.023 60.029 60.035 60.040 60.046 61.051 84.055 57.059 0.000 61.062 11.062 5.062 0.000 0.000 0.000 0.000 10.313 98.607 100.805 105.703 99.186 98.856 98.582 98.549 98.493 98.442 98.392 98.344 98.298 98.253 98.208 98.165 98.122 100.079 85.033 38.967 5.931 0.000 0.000 0.000 0.000 0.000 0.000 0.000 30.226 92.220 44.216 0.000 0.000
62.886 0.000 56.889 59.888 59.889 59.890 59.892 60.894 0.000 58.913 62.916 73.922 73.927 81.933 86.940 72.947 57.956 57.968 57.981 59.993 62.004 63.012 64.018 64.022 63.027 62.031 58.036 58.041 59.047 60.052 71.055 85.058 56.060 50.062 52.062 0.000 0.000 0.000 0.000 0.000 0.000 14.292 97.412 105.775 105.739 98.032 98.739 98.634 98.581 98.528 98.478 98.429 98.382 98.337 98.293 98.250 98.207 98.167 103.128 59.098 0.000 0.000 0.000 0.000 0.000 0.000 0.000 0.000 0.000 33.187 93.181 52.175 0.000 0.000
