results4_8e4_rain/res_4e8f-0121.wd
ncols         241
nrows         181
xllcorner     12693529.787448
yllcorner     3542525.717860
cellsize      155.156523
NODATA_value  -9999.000000
[rows 66 to 98 of 181, columns 146 to 218 of 241]
30.743 45.682 67.622 68.567 68.515 68.465 68.417 68.369 68.322 71.284 7.262 0.000 0.000 0.000 0.000 0.000 0.000 0.000 39.171 14.172 0.000 21.169 51.166 51.167 51.168 58.169 64.169 64.167 64.164 64.160 64.155 64.148 64.142 64.135 64.128 66.123 51.118 52.115 44.114 0.000 0.000 0.000 0.000 0.000 20.158 27.146 36.123 30.080 8.024 5.951 20.907 41.871 49.839 43.807 38.776 38.746 28.717 25.688 25.661 28.633 49.607 61.582 56.558 45.534 52.512 59.491 63.471 63.452 62.434 62.417 62.401 62.386 62.371
33.800 52.738 70.679 68.625 68.575 68.528 68.481 68.430 73.373 62.330 32.311 29.319 0.000 0.000 0.000 0.000 0.000 10.171 12.171 0.000 0.000 0.000 21.157 52.158 61.158 64.159 64.158 64.157 64.154 68.151 66.147 64.142 64.137 64.132 63.127 55.123 49.119 55.117 45.116 0.000 0.000 0.000 0.000 12.148 26.149 31.143 27.133 0.000 0.000 2.886 22.866 25.841 39.814 48.787 37.759 36.731 34.703 25.675 25.648 24.621 30.595 54.570 61.546 46.523 48.501 50.480 52.460 56.441 60.423 62.406 63.390 62.375 62.361
38.856 59.792 69.732 68.678 68.632 68.591 66.549 65.499 20.408 5.354 36.332 42.327 7.328 0.000 0.000 0.000 0.000 0.000 0.000 0.000 0.000 5.145 34.148 54.149 64.150 64.150 64.149 64.147 64.145 66.142 65.139 64.135 64.132 65.128 55.125 53.122 56.120 51.118 43.117 0.000 0.000 0.000 0.000 30.148 33.148 0.000 0.000 0.000 0.000 30.840 32.830 42.812 45.791 56.767 54.742 42.716 31.689 23.662 25.635 25.609 20.583 34.558 51.534 55.511 60.489 57.468 50.448 55.430 58.412 58.395 56.379 58.364 61.350
43.910 66.844 70.777 71.724 68.686 69.654 64.627 10.607 0.000 35.345 36.336 41.331 49.330 0.000 0.000 0.000 0.000 0.000 0.000 0.000 0.000 17.141 40.142 53.142 65.142 64.141 64.140 64.139 64.137 65.135 64.132 64.129 64.127 61.124 55.123 20.122 0.000 0.000 0.000 0.000 0.000 0.000 0.000 26.148 33.148 0.000 0.000 0.000 47.796 33.806 28.801 56.788 61.770 62.749 66.726 60.701 48.675 28.649 25.622 25.596 23.570 24.545 30.521 31.498 38.476 46.455 53.436 57.417 58.400 59.383 55.368 58.353 59.339
25.966 30.895 40.809 16.756 73.733 70.712 55.697 32.696 2.727 0.000 0.000 0.000 0.000 0.000 0.000 0.000 0.000 0.000 0.000 0.000 0.000 18.138 43.135 46.134 62.134 64.133 64.132 64.131 68.130 67.128 64.126 64.124 65.122 56.120 59.119 0.000 0.000 0.000 0.000 0.000 0.000 0.000 0.000 0.000 20.147 29.147 0.000 0.000 78.787 41.786 23.779 54.768 62.752 62.734 62.712 65.688 64.662 44.636 27.609 25.582 23.556 26.531 27.507 35.484 40.462 29.442 29.422 34.404 39.387 45.371 50.355 54.341 58.328
72.029 50.962 0.000 0.000 77.781 69.763 56.755 38.753 5.758 0.000 0.000 0.000 0.000 0.000 0.000 0.000 0.000 0.000 0.000 0.000 0.000 0.000 4.127 48.127 64.127 64.126 64.125 64.124 66.123 65.121 64.120 64.118 65.117 53.115 63.115 0.000 0.000 0.000 0.000 0.000 0.000 0.000 0.000 0.000 0.000 0.000 0.000 0.000 15.780 31.772 24.763 54.752 62.739 62.722 63.701 63.677 63.651 56.623 32.595 28.568 26.542 23.517 44.493 56.469 62.448 46.427 39.408 35.390 33.373 30.357 30.343 30.329 58.315
48.101 0.000 0.000 74.951 74.845 72.805 63.806 48.802 4.795 0.000 0.000 0.000 0.000 0.000 0.000 0.000 0.000 0.000 0.000 0.000 0.000 0.000 30.120 53.120 65.120 64.119 64.119 65.118 64.117 64.115 64.114 64.113 65.111 58.110 23.110 0.000 0.000 0.000 0.000 0.000 0.000 0.000 0.000 0.000 0.000 0.000 0.000 0.000 0.000 28.761 27.749 45.740 60.728 63.713 57.694 53.669 59.641 50.610 33.581 32.554 41.528 36.502 59.477 63.454 62.432 60.412 60.393 57.375 55.359 52.343 48.329 40.316 60.303
75.142 65.140 71.112 27.057 0.000 0.000 69.864 43.854 4.824 0.000 7.024 0.000 0.000 0.000 0.000 0.000 0.000 0.000 0.000 0.000 0.000 0.000 46.113 58.113 65.113 64.113 64.112 66.111 66.111 64.110 64.108 64.107 63.106 59.105 8.105 0.000 0.000 0.000 0.000 0.000 0.000 0.000 0.000 0.000 0.000 0.000 0.000 0.000 0.000 0.000 16.734 42.729 60.721 61.709 42.693 45.665 47.634 44.595 29.566 26.540 49.513 58.486 62.460 64.437 64.415 65.395 63.376 63.359 64.344 63.329 64.315 64.302 63.290
77.184 69.166 74.138 25.109 0.000 0.000 60.932 8.926 0.000 0.000 39.024 2.024 0.000 0.000 0.000 0.000 0.000 0.000 0.000 0.000 0.000 0.000 49.107 61.107 65.107 64.107 64.106 65.106 65.105 64.104 64.103 65.102 61.101 56.100 6.099 0.000 0.000 0.000 0.000 0.000 0.000 0.000 0.000 0.000 0.000 0.000 0.000 0.000 8.721 10.722 21.725 37.722 59.717 61.710 7.704 0.000 0.000 34.572 28.549 23.525 37.499 56.469 62.442 64.418 64.396 64.377 62.359 62.343 63.328 62.313 62.300 63.288 63.276
69.245 69.203 69.166 67.131 54.101 40.061 33.007 31.993 28.013 31.021 34.024 34.025 6.025 0.000 0.000 0.000 0.000 0.000 10.079 12.080 0.000 2.100 48.101 62.101 64.101 64.101 64.101 64.100 64.100 64.099 64.098 64.097 46.096 41.095 39.093 34.090 0.000 0.000 0.000 0.000 0.000 0.000 0.000 0.000 0.000 0.000 0.000 0.000 12.720 38.720 29.720 33.718 53.715 54.711 27.708 0.000 0.000 0.000 25.532 30.515 29.488 48.450 61.420 62.397 62.376 62.357 62.341 62.325 62.311 62.298 62.285 62.273 62.262
69.282 69.235 69.191 68.149 65.112 67.075 41.041 20.025 58.025 31.027 35.027 11.026 0.000 0.000 0.000 0.000 0.000 0.000 10.080 56.080 5.080 0.000 47.094 61.095 65.096 64.096 66.096 67.096 65.095 64.094 64.093 62.092 55.091 46.090 47.088 46.087 0.000 0.000 0.000 0.000 0.000 0.000 0.000 0.000 0.000 0.000 0.000 0.000 6.719 41.719 33.718 40.716 55.714 50.711 56.710 0.000 0.000 0.000 0.000 0.000 0.000 38.422 61.394 62.373 62.354 62.337 62.321 62.307 62.293 62.281 62.269 62.258 62.248
69.314 69.266 70.213 72.164 69.122 69.085 68.058 69.042 60.036 38.033 10.032 0.000 0.000 0.000 0.000 0.000 0.000 0.000 0.000 49.080 36.081 26.084 42.088 64.090 64.091 64.091 64.091 64.091 64.091 64.090 64.089 64.088 62.087 41.086 45.084 52.083 0.000 0.000 0.000 0.000 0.000 0.000 0.000 0.000 0.000 0.000 0.000 0.000 2.719 53.719 0.000 20.714 43.712 50.711 11.710 0.000 0.000 0.000 0.000 0.000 0.000 0.000 50.361 63.347 62.330 62.315 62.300 62.287 62.275 62.264 62.253 62.243 62.234
72.348 68.302 65.229 67.173 70.127 70.086 72.063 69.050 67.042 54.039 3.037 0.000 0.000 0.000 0.000 0.000 0.000 0.000 0.000 5.080 40.080 32.082 48.084 66.086 64.087 64.087 64.087 64.087 64.087 64.086 64.085 64.084 65.083 54.082 41.080 45.078 51.075 0.000 0.000 0.000 0.000 0.000 0.000 0.000 0.000 0.000 0.000 0.000 0.000 0.000 0.000 0.000 28.711 47.711 0.000 0.000 0.000 0.000 0.000 0.000 0.000 0.000 38.343 59.324 62.306 62.291 62.278 62.267 62.257 62.247 62.237 62.228 62.219
65.388 26.366 0.000 0.000 0.000 62.068 67.060 73.051 69.045 58.042 8.040 0.000 42.041 12.041 0.000 0.000 0.000 0.000 0.000 0.000 32.079 36.080 57.081 65.082 66.083 67.084 64.084 64.084 64.083 64.083 64.082 64.081 64.080 65.078 44.076 26.074 35.072 0.000 0.000 0.000 0.000 0.000 0.000 0.000 0.000 0.000 0.000 0.000 0.000 0.000 0.000 0.000 17.710 50.710 0.000 0.000 0.000 0.000 0.000 0.000 0.000 0.000 0.000 39.302 59.279 62.266 62.255 62.246 62.238 62.229 62.221 62.213 62.205
60.421 17.408 0.000 0.000 37.060 35.060 52.056 71.051 68.046 53.043 34.042 38.042 42.041 8.041 0.000 0.000 0.000 0.000 3.070 0.000 33.076 44.077 64.078 64.079 67.080 67.081 64.081 64.081 64.081 64.080 64.079 64.078 64.077 65.075 61.073 56.071 45.068 25.064 19.062 0.000 0.000 0.000 0.000 0.000 0.000 0.000 0.000 0.000 0.000 0.000 0.000 0.000 19.710 11.710 0.000 0.000 0.000 0.000 0.000 0.000 0.000 0.000 0.000 0.000 44.243 60.238 62.232 62.225 62.219 62.212 62.205 62.198 62.190
66.446 47.438 19.444 0.000 0.000 37.056 37.053 59.049 71.046 49.044 36.043 41.042 19.042 0.000 0.000 0.000 0.000 0.000 32.070 25.071 30.073 47.075 66.076 66.077 67.078 64.078 64.079 64.079 64.078 64.078 64.077 64.075 64.074 64.072 64.070 66.068 55.065 43.062 32.060 33.057 26.056 17.055 22.054 0.000 0.000 0.000 0.000 0.000 0.000 0.000 0.000 0.000 22.709 0.000 0.000 0.000 0.000 0.000 0.000 0.000 0.000 0.000 0.000 0.000 29.213 57.211 61.208 62.204 62.200 62.195 62.190 62.184 62.177
69.463 60.456 13.450 0.000 0.000 0.000 36.050 41.047 68.045 56.044 37.043 40.042 15.042 0.000 0.000 0.000 0.000 0.000 35.070 28.070 31.072 49.073 68.074 67.075 65.076 65.077 64.077 64.077 64.076 64.076 64.075 65.074 65.072 65.070 59.068 50.065 54.063 61.061 54.058 52.056 40.055 27.054 34.054 0.000 0.000 0.000 0.000 0.000 0.000 0.000 0.000 0.000 0.000 0.000 0.000 0.000 0.000 0.000 0.000 0.000 0.000 0.000 0.000 0.000 21.186 52.186 62.185 64.184 64.182 64.179 63.176 62.171 62.164
69.477 44.471 0.000 0.000 0.000 0.000 0.000 43.045 56.044 50.043 49.043 46.042 36.042 14.041 0.000 0.000 0.000 0.000 34.069 27.069 32.070 47.071 59.072 56.073 51.075 53.076 58.076 63.076 65.075 65.074 63.073 53.072 51.071 56.069 45.066 42.063 42.061 53.059 57.057 52.055 38.054 27.053 0.000 0.000 0.000 0.000 0.000 0.000 0.000 0.000 0.000 0.000 0.000 0.000 0.000 0.000 0.000 0.000 0.000 0.000 0.000 0.000 0.000 0.000 9.158 34.161 40.164 42.165 42.165 43.165 52.163 61.160 62.154
68.486 34.482 0.000 0.000 0.000 0.000 0.000 38.044 32.044 31.043 39.043 39.042 39.042 35.041 8.041 0.000 0.000 0.000 39.068 34.068 39.068 49.069 52.070 55.072 13.073 0.000 0.000 4.075 65.074 62.073 51.071 6.072 0.000 0.000 44.063 76.061 69.059 48.057 54.056 48.054 37.053 22.052 25.051 0.000 0.000 0.000 0.000 0.000 0.000 0.000 0.000 0.000 0.000 0.000 0.000 0.000 0.000 0.000 0.000 0.000 13.089 34.089 45.095 44.107 62.128 70.138 71.143 69.147 71.150 58.151 41.152 59.151 62.147
66.491 31.488 0.000 0.000 0.000 0.000 0.000 38.044 34.043 13.043 0.000 0.000 0.000 0.000 0.000 0.000 0.000 0.000 45.066 39.067 34.067 30.067 16.068 0.000 0.000 0.000 0.000 0.000 0.000 0.000 38.067 0.041 0.000 0.000 0.000 39.058 72.057 32.056 33.054 32.053 28.052 31.051 78.050 37.049 0.000 0.000 0.000 0.000 0.000 0.000 0.000 0.000 0.000 0.000 0.000 0.000 0.000 0.000 0.000 0.000 0.000 81.084 77.089 59.098 60.110 57.119 58.125 80.130 73.135 59.139 39.143 48.147 47.147
52.494 33.492 27.492 0.000 0.000 0.000 0.000 0.000 36.043 20.043 0.000 0.000 0.000 0.000 0.000 0.000 0.000 0.000 45.065 45.065 46.065 29.066 4.066 0.000 0.000 0.000 0.000 0.000 0.000 0.000 34.064 11.063 0.000 0.000 0.000 38.056 87.055 51.054 54.053 49.052 34.051 52.051 106.050 103.049 34.049 0.000 0.000 0.000 0.000 0.000 0.000 0.000 0.000 0.000 0.000 0.000 0.000 12.049 2.049 0.023 9.066 84.073 51.080 59.087 50.095 31.102 42.109 85.114 51.121 38.128 45.136 0.000 0.000
36.495 36.493 22.492 0.000 0.000 0.000 0.000 0.000 0.000 0.000 0.000 0.000 0.000 0.000 0.000 0.000 0.000 0.000 48.064 39.064 33.064 31.064 5.065 0.000 0.000 0.000 0.000 0.000 0.000 31.061 24.062 49.062 45.062 0.000 0.000 44.055 50.055 42.054 85.052 74.050 45.051 0.000 62.049 117.048 1.048 0.000 0.000 0.000 0.000 0.000 0.000 0.000 0.000 0.000 0.000 0.000 63.048 101.049 92.050 88.053 35.059 79.064 47.070 36.075 83.081 64.087 84.093 65.099 35.105 43.116 0.000 0.000 0.000
39.495 40.493 32.492 0.000 0.000 0.000 0.000 0.000 0.000 0.000 0.000 0.000 0.000 0.000 0.000 0.000 0.000 0.000 2.063 43.063 33.063 11.063 0.000 0.000 0.000 0.000 0.000 0.000 0.000 33.061 30.061 6.062 0.000 0.000 0.000 18.055 0.000 0.000 0.000 40.046 0.000 0.000 18.048 84.048 39.048 0.000 0.000 0.000 0.000 0.000 0.000 0.000 0.000 0.000 0.000 0.000 19.048 0.000 63.048 67.050 18.053 79.056 56.059 29.063 47.068 97.072 111.077 45.082 33.086 0.079 0.000 0.000 9.009
38.493 39.492 39.491 43.490 35.489 0.000 0.000 0.000 0.000 0.000 0.000 0.000 0.000 0.000 0.000 0.000 0.000 0.000 0.000 33.062 29.062 13.062 0.000 0.000 0.000 0.000 0.000 0.000 34.060 31.061 8.061 0.000 0.000 0.000 0.000 0.000 0.000 0.000 0.000 44.043 0.000 0.000 18.048 0.000 0.000 0.000 0.000 0.000 0.000 0.000 0.000 0.000 0.000 0.000 0.000 0.000 0.000 0.000 39.046 58.046 17.047 81.047 61.049 31.051 80.054 83.058 78.062 86.067 50.071 0.000 0.000 0.000 23.001
40.491 18.491 29.490 38.489 38.489 38.488 37.487 0.000 0.000 0.000 0.000 0.000 0.000 0.000 0.000 0.000 0.000 0.000 0.000 35.061 31.061 15.061 0.000 0.000 0.000 0.000 0.000 0.000 0.000 37.060 9.060 0.000 0.000 0.000 0.000 0.000 0.000 0.000 8.039 31.039 35.038 12.038 0.000 0.000 0.000 0.000 0.000 0.000 0.000 0.000 0.000 0.000 0.000 0.000 0.000 0.000 0.000 0.000 42.043 62.043 22.041 82.039 67.038 81.038 81.040 40.043 33.047 78.052 27.062 0.000 0.000 23.983 31.989
45.487 0.000 0.000 35.489 24.489 0.000 37.487 27.487 0.000 0.000 0.000 0.000 0.000 0.000 0.000 0.000 0.000 0.000 0.000 34.060 31.060 19.060 0.000 0.000 0.000 0.000 0.000 0.000 0.000 0.000 0.000 0.000 0.000 0.000 0.000 0.000 0.000 0.000 47.038 64.038 25.038 0.000 0.000 0.000 0.000 0.000 0.000 0.000 0.000 0.000 0.000 0.000 0.000 0.000 0.000 0.000 0.000 0.000 77.041 63.040 24.036 82.029 79.025 71.024 63.025 49.027 50.030 19.033 0.000 0.000 7.972 26.976 33.980
42.481 0.000 0.000 22.489 14.488 0.000 0.000 0.000 0.000 46.430 42.430 33.429 0.000 0.000 0.000 0.000 0.000 0.000 0.000 38.059 34.059 16.059 0.000 0.000 0.000 0.000 0.000 0.000 0.000 0.000 0.000 0.000 0.000 0.000 0.000 0.000 0.000 0.000 10.038 94.037 60.037 0.000 0.000 0.000 0.000 0.000 0.000 0.000 0.000 0.000 0.000 0.000 0.000 0.000 0.000 0.000 0.000 0.000 9.041 0.000 0.000 56.014 97.011 76.009 75.009 73.010 76.014 24.018 0.000 0.000 11.969 25.969 26.971
58.475 0.000 0.000 0.000 0.000 44.443 31.442 0.000 42.432 36.431 36.430 28.429 0.000 0.000 0.000 0.000 0.000 0.000 0.000 38.059 33.059 21.059 0.000 0.000 0.000 0.000 0.000 0.000 0.000 0.000 0.000 0.000 0.000 0.000 0.000 0.000 0.000 0.000 0.000 38.037 30.037 1.036 0.000 0.000 0.000 0.000 0.000 0.000 0.000 0.000 0.000 0.000 0.000 0.000 0.000 0.000 0.000 0.000 0.000 0.000 0.000 3.004 38.994 39.991 37.991 37.993 34.996 31.007 0.000 0.000 4.965 25.962 23.962
69.467 58.461 40.456 41.453 40.449 34.444 35.441 36.437 34.433 39.431 38.429 29.429 26.428 0.000 0.000 0.000 0.000 0.000 0.000 25.059 0.000 0.000 0.000 0.000 0.000 0.000 0.000 0.000 0.000 0.000 0.000 0.000 0.000 0.000 0.000 0.000 0.000 0.000 0.000 0.000 37.036 0.004 0.000 0.000 0.000 0.000 0.000 0.000 0.000 0.000 0.000 0.000 0.000 0.000 0.000 0.000 0.000 0.000 0.000 0.000 0.000 0.000 26.972 25.972 25.972 41.973 36.973 0.000 0.000 0.000 0.000 38.950 50.952
69.463 63.459 33.456 33.453 33.449 16.445 17.441 21.437 31.434 40.431 37.429 29.428 32.427 21.427 0.000 0.000 0.000 0.000 0.000 0.000 0.000 0.000 0.000 0.000 0.000 0.000 0.000 0.000 0.000 0.000 0.000 0.000 0.000 0.000 0.000 0.000 0.000 0.000 0.000 0.000 0.000 0.001 0.000 0.000 0.000 0.000 0.000 0.000 0.000 0.000 0.000 0.000 0.000 0.000 0.000 0.000 0.000 0.000 0.000 0.000 18.931 21.936 25.949 25.953 27.954 46.953 36.949 19.938 0.000 0.000 33.930 54.937 61.941
69.460 67.458 37.456 34.453 14.451 0.000 0.000 0.000 0.000 31.429 34.428 32.427 25.427 0.000 0.000 0.000 0.000 0.000 0.000 0.000 0.000 0.000 0.000 0.000 0.000 0.000 0.000 0.000 0.000 0.000 0.000 0.000 0.000 0.000 0.000 0.000 0.000 0.000 0.000 0.000 0.000 0.000 0.000 0.000 0.000 0.000 0.000 0.000 0.000 0.000 0.000 0.000 0.000 0.000 0.000 0.000 0.000 0.000 0.000 0.000 29.925 26.929 25.934 21.937 34.938 51.937 35.933 24.927 19.920 19.919 43.923 60.928 61.931
69.457 67.456 20.455 24.454 0.000 0.000 0.000 0.000 0.000 0.000 22.427 35.426 27.425 0.000 0.000 0.000 0.000 0.000 0.000 0.000 0.000 0.000 0.000 0.000 0.000 0.000 0.000 0.000 0.000 0.000 0.000 0.000 0.000 0.000 0.000 0.000 0.000 0.000 0.000 0.000 0.000 0.000 0.000 0.000 0.000 0.000 0.000 0.000 0.000 0.000 0.000 0.000 0.000 0.000 0.000 0.000 0.000 0.000 0.000 23.913 21.917 20.920 25.923 39.924 52.924 42.923 26.920 24.917 26.914 23.914 44.916 62.919 61.923
69.454 43.455 0.000 0.000 0.000 0.000 0.000 0.000 0.000 0.000 0.000 25.425 32.424 30.423 0.000 0.000 0.000 0.000 0.000 0.000 0.000 0.000 0.000 0.000 0.000 0.000 0.000 0.000 0.000 0.000 0.000 0.000 0.000 0.000 0.000 0.000 0.000 0.000 0.000 0.000 0.000 0.000 0.000 0.000 0.000 0.000 0.000 0.000 0.000 0.000 0.000 0.000 0.000 0.000 1.900 0.000 28.902 20.903 18.905 30.908 44.911 49.912 51.913 51.913 37.912 25.910 24.909 24.907 23.906 25.907 48.908 63.911 61.914
