results4_8e4_rain/res_4e8f-0121.wd
ncols         241
nrows         181
xllcorner     12693529.787448
yllcorner     3542525.717860
cellsize      155.156523
NODATA_value  -9999.000000
[rows 66 to 98 of 181, columns 73 to 145 of 241]
69.758 33.747 0.000 58.910 75.888 74.859 74.831 0.000 46.243 46.226 59.238 55.247 54.227 54.182 53.115 129.019 116.852 0.000 0.000 0.000 49.631 44.572 49.483 52.425 52.378 54.334 55.294 60.249 61.208 62.163 53.102 0.000 0.000 50.412 100.411 82.323 86.179 86.260 84.308 92.232 84.709 85.185 85.920 84.689 84.463 85.256 55.098 0.000 0.000 0.000 0.000 0.000 0.000 0.000 35.954 33.936 33.902 33.854 33.794 33.731 37.663 50.591 47.517 32.443 43.367 52.293 31.221 34.149 40.079 45.010 40.941 34.874 32.808
54.760 60.736 0.000 47.123 71.088 70.060 64.063 17.146 0.000 0.000 52.314 65.391 54.391 53.360 54.317 35.277 0.000 0.000 0.000 0.000 0.000 0.000 60.421 58.396 56.367 39.330 42.290 49.245 50.211 55.179 46.140 0.000 0.000 0.000 60.651 78.557 85.490 85.578 92.666 92.457 84.785 85.470 85.178 84.964 84.750 79.559 37.424 0.000 1.614 34.614 0.000 0.000 0.000 41.990 36.990 33.970 33.935 33.888 33.832 33.770 33.704 33.634 40.562 54.490 55.416 38.344 32.272 33.202 34.133 38.064 36.997 32.930 32.865
56.768 55.701 60.568 58.371 72.280 65.232 66.215 63.228 0.000 0.000 0.000 67.612 62.585 57.550 59.517 6.494 0.000 0.000 0.000 0.000 0.000 0.000 59.382 55.373 46.362 0.000 0.000 47.230 59.214 58.201 0.000 0.000 6.355 63.235 54.983 58.804 65.879 80.936 92.861 84.533 86.084 85.644 85.451 85.230 83.013 65.806 44.615 50.614 48.614 29.614 0.000 0.000 0.000 0.114 51.045 33.018 33.979 37.931 45.875 35.814 33.748 32.680 36.609 51.537 58.465 50.393 36.323 31.253 33.185 33.118 33.051 32.985 31.920
56.808 54.733 58.631 69.514 63.429 56.371 75.337 64.324 16.340 0.000 10.003 59.859 75.786 70.739 70.707 73.689 0.000 0.000 0.000 0.000 5.337 5.341 57.353 48.352 51.347 0.000 0.000 0.000 95.216 122.208 37.208 0.000 62.474 57.372 57.211 57.117 53.198 93.220 93.046 85.583 89.185 85.928 85.716 85.497 77.267 30.036 0.000 52.614 30.614 0.000 0.000 0.000 39.228 38.195 37.126 33.079 37.033 48.981 53.924 51.862 44.796 34.727 43.657 51.585 30.514 36.443 49.373 46.304 42.237 50.171 31.105 33.040 30.975
54.864 60.793 70.711 62.624 54.549 54.489 67.438 75.391 71.356 74.283 76.146 71.037 65.963 67.913 56.882 55.866 0.000 0.000 0.000 6.330 62.332 61.334 49.337 51.335 52.326 56.309 55.298 0.000 6.226 0.214 0.000 8.856 68.694 61.567 56.407 57.497 55.541 93.379 55.207 62.794 77.386 85.203 85.986 83.775 42.521 0.000 0.000 0.000 0.000 0.000 0.000 40.284 34.261 34.231 34.187 35.141 45.091 54.037 52.978 52.914 48.847 44.777 54.706 37.633 32.562 33.491 33.421 43.354 56.288 43.223 31.159 32.095 38.031
60.929 71.865 61.794 54.723 55.656 55.596 57.536 41.446 67.410 65.348 57.261 54.178 53.115 69.070 71.041 58.027 0.000 0.000 0.000 62.327 58.327 55.327 48.326 52.323 52.315 52.303 52.288 11.264 14.236 15.209 17.157 85.017 81.886 70.756 69.712 58.709 93.660 93.526 57.263 63.909 58.682 65.482 84.251 59.098 0.000 0.000 0.000 0.000 0.000 0.000 0.000 40.307 34.303 34.283 34.248 35.205 44.155 54.099 53.037 51.971 48.901 53.829 47.755 31.682 33.609 33.538 33.468 43.402 51.337 30.275 33.214 36.152 55.086
72.002 61.942 54.879 55.816 55.756 56.703 37.664 0.000 24.489 52.439 55.371 55.302 55.248 53.210 77.185 61.173 0.000 0.000 0.000 39.325 56.322 50.321 51.319 52.315 52.308 52.299 52.286 63.269 3.246 7.233 24.244 77.170 87.067 8.955 90.877 81.068 93.777 55.841 69.483 66.124 55.992 52.793 49.437 34.267 0.000 0.000 35.852 0.000 0.000 0.000 0.000 36.333 34.360 34.350 34.319 34.277 35.225 41.166 49.100 49.030 48.957 52.882 30.805 33.729 33.655 32.583 38.513 55.447 38.385 32.326 35.269 16.212 17.133
62.079 55.023 55.965 55.906 55.849 58.797 14.753 12.718 5.619 50.549 55.481 57.410 55.366 54.336 72.317 68.308 0.000 0.000 0.000 0.000 47.317 50.316 52.313 52.310 52.304 52.297 54.289 40.279 0.000 0.000 74.418 77.351 88.259 94.130 88.233 86.269 93.877 76.893 79.594 64.434 57.338 50.263 0.000 0.000 0.000 0.000 33.852 0.000 0.000 0.000 0.000 0.000 37.454 34.436 34.403 34.357 34.302 34.239 34.169 41.094 49.016 36.935 33.855 33.776 33.699 36.625 49.555 49.490 31.429 33.374 36.327 3.293 0.000
55.161 56.107 56.051 55.994 55.937 55.883 59.832 60.783 60.719 56.658 56.593 36.491 53.471 54.452 70.439 69.434 0.000 0.000 0.000 0.000 46.312 52.311 52.309 52.306 52.302 52.298 40.293 0.000 0.000 2.795 79.658 85.560 88.459 88.404 87.481 94.011 86.379 89.095 83.782 68.723 58.662 57.658 57.795 0.000 0.000 0.000 30.853 37.853 30.853 0.000 0.000 0.000 52.567 33.539 34.498 34.448 34.387 35.319 34.243 34.161 34.076 33.990 33.904 33.820 32.740 38.664 53.593 30.527 33.468 33.415 35.370 10.340 0.000
56.247 56.194 56.138 56.081 56.022 55.965 55.911 55.862 55.815 55.773 59.740 0.000 46.575 55.562 71.551 66.556 2.600 0.000 0.000 0.000 51.309 54.308 54.305 54.303 52.301 55.299 0.000 0.000 0.000 71.932 77.858 88.772 88.652 88.759 86.806 94.220 87.515 92.158 88.048 88.981 76.931 64.911 53.932 48.932 50.931 0.000 0.000 36.854 31.853 37.848 38.834 36.797 42.708 52.655 34.604 35.547 44.482 51.406 33.322 34.232 34.138 34.044 33.951 32.861 37.776 56.697 50.625 39.559 32.500 33.447 35.400 50.358 68.312
56.336 56.283 56.228 56.169 56.107 56.044 55.986 58.937 56.907 55.878 59.856 0.000 46.692 55.669 72.649 64.639 4.644 0.000 0.000 0.000 24.308 34.306 33.302 33.300 54.298 39.299 0.000 0.000 0.000 74.142 84.075 88.985 88.943 88.046 94.859 94.558 88.583 89.425 88.282 88.225 89.169 80.125 45.089 0.000 0.000 0.000 0.000 34.856 34.858 31.858 33.857 34.850 33.812 40.768 54.717 37.657 35.585 45.502 33.409 34.307 34.202 34.096 33.994 33.897 41.807 54.725 41.651 53.585 31.526 32.473 37.425 58.380 70.333
56.428 56.375 56.320 56.261 56.194 59.116 61.053 32.995 53.996 56.976 58.950 18.926 49.831 54.776 66.734 64.707 5.693 0.000 0.000 0.000 0.000 0.000 0.062 0.087 35.294 0.000 0.000 0.000 22.590 72.420 89.312 89.193 89.309 87.394 95.132 87.172 92.878 88.572 88.525 88.458 88.398 78.331 39.210 0.000 0.000 0.000 0.000 0.000 37.863 38.869 25.887 33.934 34.923 34.889 38.839 54.777 37.700 34.609 34.503 34.386 34.265 34.146 32.032 37.927 56.830 37.745 36.670 50.604 34.546 32.495 39.448 65.403 70.359
56.522 56.469 56.416 56.360 58.291 34.173 36.113 0.000 16.108 52.079 56.041 59.996 55.931 58.868 63.806 68.763 7.728 0.000 0.000 0.000 0.000 0.000 4.213 11.215 0.000 0.000 0.000 5.880 81.759 83.638 89.531 89.487 88.606 95.624 95.387 88.236 88.950 88.821 88.751 88.687 87.632 67.592 0.000 0.000 0.000 0.000 0.000 0.000 0.000 29.869 0.000 41.075 38.059 34.025 33.975 35.911 52.830 41.731 33.610 34.469 34.326 33.190 38.063 39.947 38.842 35.754 33.679 33.616 33.561 34.512 47.468 69.427 70.387
56.615 56.564 56.516 56.472 61.438 0.000 0.000 22.340 14.248 48.191 57.140 55.088 57.027 68.959 40.859 34.811 0.000 0.000 0.000 0.000 0.000 2.207 8.209 10.211 0.000 0.000 0.000 69.000 73.930 87.841 89.724 89.854 87.949 95.843 87.738 89.413 89.107 89.047 88.972 88.907 80.851 57.813 0.000 0.000 0.000 0.000 0.000 0.000 0.000 0.000 0.000 45.232 40.213 34.176 32.125 35.061 34.979 50.875 43.737 34.553 35.380 33.225 40.084 39.956 36.839 30.749 33.678 33.619 35.569 49.524 68.484 70.449 73.416
57.707 55.656 55.611 55.574 58.551 28.559 25.519 57.431 62.356 56.295 54.241 61.187 71.132 74.083 0.000 0.000 0.000 0.000 0.000 0.000 0.000 0.000 0.000 0.000 0.000 0.000 0.000 71.189 79.124 89.035 90.027 89.065 96.246 96.050 88.771 89.475 89.336 89.258 89.184 89.117 71.053 52.996 0.000 0.000 0.000 0.000 0.000 0.000 0.000 0.000 0.000 43.409 41.384 41.342 38.290 31.227 33.151 34.054 49.909 49.627 46.417 43.245 36.094 34.952 31.808 32.725 33.665 37.614 57.571 69.532 69.498 70.467 69.441
71.793 70.743 69.699 67.662 64.632 65.608 65.567 62.508 63.449 65.393 65.341 71.288 73.232 31.157 0.000 0.000 0.000 0.000 0.000 0.000 0.000 0.000 0.000 0.000 0.000 9.706 17.626 72.444 89.335 90.243 90.192 89.420 96.428 88.250 89.924 89.611 89.546 89.464 89.391 87.323 69.248 40.122 0.000 0.000 0.000 0.000 0.000 0.000 0.000 0.000 0.000 33.611 37.571 40.520 41.465 40.407 37.345 33.280 27.221 0.000 0.000 0.000 0.000 0.000 35.715 33.681 36.641 57.603 70.568 69.536 70.507 73.482 69.461
67.874 69.825 68.781 70.742 72.707 71.674 70.634 68.587 66.538 66.489 67.441 63.393 63.349 0.000 0.000 0.000 0.000 0.000 0.000 0.000 0.000 0.000 0.000 0.000 0.000 58.785 81.728 80.625 89.531 90.418 90.545 88.647 96.597 90.345 89.949 89.825 89.740 89.663 89.594 85.536 65.494 0.000 0.000 0.000 0.000 0.000 0.000 0.000 0.000 0.000 41.003 35.854 32.769 34.702 39.644 41.590 41.542 42.500 33.473 0.000 0.000 0.000 0.000 0.000 36.657 34.641 50.616 71.589 69.562 69.536 69.513 70.493 69.476
55.950 55.901 56.858 63.818 72.781 78.745 66.708 60.667 55.626 53.584 52.542 58.494 37.421 0.000 0.000 0.000 0.000 0.000 0.000 0.000 0.000 0.000 0.000 0.000 0.000 64.923 80.876 88.800 90.713 90.680 89.810 96.897 96.753 92.364 90.170 90.008 89.931 89.853 89.786 84.732 59.699 0.000 0.000 0.000 0.000 0.000 0.000 0.000 0.000 41.275 36.151 36.036 35.947 34.876 31.818 36.769 40.731 41.706 38.698 0.000 0.000 0.000 0.000 39.604 33.616 37.610 65.595 69.575 69.555 69.535 69.516 69.500 69.486
55.020 54.973 58.930 63.891 65.854 68.819 58.784 54.749 55.714 55.680 57.647 35.621 0.000 0.000 0.000 0.000 0.000 0.000 0.000 0.000 0.000 0.000 0.000 0.000 0.000 51.106 80.055 89.984 90.883 91.012 89.121 97.030 89.916 91.589 90.268 90.202 90.113 90.034 89.963 80.906 53.872 0.000 0.000 0.000 0.000 0.000 0.000 0.000 40.515 36.400 36.290 36.190 36.107 36.038 35.982 32.938 31.908 34.896 41.914 42.001 0.000 0.000 0.000 33.592 34.593 52.588 69.577 68.563 68.547 69.532 69.517 69.504 69.493
55.086 55.041 56.999 57.961 55.926 54.893 55.861 54.831 54.802 54.774 59.746 4.721 0.000 0.000 0.000 0.000 0.000 0.000 0.000 0.000 0.000 0.000 0.000 0.000 2.496 59.341 88.254 91.171 91.141 90.271 97.271 97.155 92.916 90.616 90.470 90.379 90.291 90.206 91.128 71.058 59.010 0.000 0.000 40.153 0.000 39.905 41.858 41.770 36.631 36.519 36.419 36.330 36.252 36.188 36.135 36.094 35.067 32.055 41.063 42.088 35.088 0.000 0.000 41.578 33.577 41.572 47.563 50.552 54.540 60.528 66.516 68.506 68.497
56.148 56.104 56.064 56.028 55.995 54.965 54.937 54.912 54.889 53.868 61.843 12.796 0.000 0.000 0.000 0.000 0.000 0.000 0.000 0.000 0.000 0.000 0.000 0.000 43.627 79.537 90.450 91.340 91.480 89.572 97.375 90.372 92.045 90.728 90.652 90.555 90.463 90.373 91.283 63.189 41.099 0.000 0.000 36.154 0.000 34.952 36.900 36.820 36.721 36.626 36.537 36.457 36.386 36.325 36.275 36.236 34.210 36.196 42.194 39.200 0.000 0.000 0.000 40.567 39.564 38.559 37.552 36.543 35.534 39.524 50.514 46.506 48.499
54.205 54.164 54.126 54.093 54.062 54.035 54.011 54.991 56.975 58.965 33.962 0.976 0.000 0.000 0.000 0.000 0.000 0.000 0.000 1.841 10.833 0.000 0.000 13.983 54.842 85.734 91.630 91.619 90.647 97.558 97.471 93.364 91.069 90.919 90.824 90.728 90.634 90.539 86.442 33.316 0.000 0.000 0.000 36.154 42.133 37.050 36.972 36.890 36.807 36.726 36.648 36.575 36.509 36.452 36.404 36.367 33.340 42.324 42.318 38.318 0.000 0.000 0.000 39.557 38.554 39.549 39.543 39.535 39.527 39.519 38.511 38.505 37.499
55.258 55.220 58.185 62.154 65.125 69.101 71.080 74.064 73.055 65.055 3.073 14.131 38.180 6.205 0.000 0.000 0.000 0.000 0.000 41.849 68.825 8.787 0.000 48.124 81.025 90.917 91.817 91.748 90.972 97.632 89.805 91.491 91.172 91.096 90.997 90.901 90.804 91.708 78.632 0.000 0.000 0.000 0.000 16.175 36.196 37.142 39.047 38.961 36.891 36.822 36.753 36.686 36.624 36.570 36.524 33.487 38.460 41.443 42.436 33.437 0.000 0.000 0.000 23.552 44.546 44.541 41.535 38.528 38.521 39.514 40.508 40.502 39.498
57.308 56.272 63.240 72.211 73.185 72.163 71.145 70.132 67.126 61.128 36.143 53.174 71.205 40.230 24.252 0.271 0.000 0.000 12.917 51.880 65.831 4.750 23.593 65.363 90.217 93.103 91.945 92.157 90.133 97.694 91.793 91.507 91.358 91.264 91.170 91.074 90.972 92.858 36.745 0.000 0.000 0.000 0.000 0.000 32.335 38.275 19.113 19.016 35.975 36.920 36.856 36.792 36.733 36.679 35.634 33.597 42.570 42.552 39.546 33.557 39.605 0.000 0.000 0.000 55.538 70.534 63.528 59.521 55.515 51.509 54.504 54.499 37.496
57.354 57.322 60.292 63.266 62.242 60.221 58.205 56.193 54.187 54.188 63.198 65.216 62.237 59.256 63.274 11.290 0.000 0.000 52.953 82.924 33.870 29.788 63.666 87.517 92.387 92.246 92.366 90.321 97.778 90.201 91.915 91.601 91.528 91.434 91.343 91.252 94.154 51.006 0.000 0.000 0.000 0.000 0.000 0.000 34.535 39.511 0.000 0.000 33.074 37.025 36.960 36.895 36.834 36.781 33.736 41.698 42.670 41.650 32.640 36.641 36.652 0.000 0.000 0.000 23.534 53.530 71.521 70.514 70.508 70.503 70.499 64.495 54.492
57.398 57.369 57.342 56.317 56.295 57.276 57.260 57.248 55.242 56.240 61.245 64.255 60.269 55.284 58.297 13.307 0.000 0.000 45.019 54.991 32.939 65.865 80.767 89.653 92.540 92.475 91.575 98.156 97.919 91.194 91.923 91.779 91.691 91.601 91.516 91.439 94.387 0.000 0.000 9.762 18.762 0.000 0.000 35.859 38.758 37.724 44.765 0.000 33.221 37.148 37.065 36.992 36.929 34.875 36.829 42.791 42.761 34.738 35.722 36.714 36.712 0.000 0.000 0.000 0.000 0.000 53.514 69.506 69.501 69.497 69.493 70.490 70.488
57.440 57.414 57.389 57.366 57.345 57.327 57.311 56.299 55.290 59.286 63.286 63.292 58.301 54.313 59.325 12.333 0.000 0.000 41.114 10.082 57.032 80.965 86.882 92.794 92.649 92.863 90.854 98.367 90.617 92.328 92.015 91.945 91.853 91.765 91.680 98.601 82.567 0.000 5.762 55.762 41.762 0.000 0.000 30.961 38.913 37.863 37.807 43.679 41.442 40.279 37.161 37.079 37.015 33.961 41.915 42.876 38.844 33.819 36.798 36.782 38.769 42.779 0.000 0.000 0.000 0.000 0.000 66.496 69.494 69.490 69.487 70.485 68.483
57.483 57.459 57.435 57.413 57.393 57.375 56.359 55.346 57.335 61.327 64.322 60.323 55.331 54.343 57.357 39.367 26.369 27.331 23.240 24.191 64.141 85.080 91.011 92.908 93.053 91.048 98.737 98.560 91.626 92.339 92.192 92.102 92.013 91.926 96.838 39.717 54.713 24.751 55.761 63.763 0.000 0.000 0.000 30.111 39.070 38.007 37.921 47.787 58.592 32.364 42.221 38.148 35.091 37.040 42.995 41.955 32.921 35.894 36.871 36.846 23.802 24.790 0.000 0.000 0.000 0.000 0.000 47.489 68.486 69.484 69.481 73.479 69.477
57.525 57.502 57.480 57.458 57.439 57.421 55.405 55.390 59.378 66.365 67.352 63.349 58.356 56.371 56.393 58.408 58.409 67.385 8.324 42.300 80.260 87.207 93.145 93.119 92.257 99.052 98.899 91.986 92.766 92.428 92.353 92.257 92.169 92.089 100.029 0.000 37.817 39.779 29.769 31.766 0.000 0.000 0.000 33.302 39.249 38.176 44.081 59.957 36.774 0.000 23.211 36.201 34.161 42.114 43.068 39.027 35.993 36.965 36.945 38.931 0.000 0.000 0.000 0.000 0.000 0.000 39.484 20.484 59.480 69.477 69.475 74.473 69.471
57.568 57.545 57.523 57.502 57.482 56.464 55.448 57.433 64.420 41.403 17.373 16.365 13.371 43.393 60.438 55.461 58.475 39.475 1.458 47.427 85.390 91.349 93.247 93.497 91.527 99.192 92.323 93.099 92.668 92.608 92.502 92.408 92.317 93.233 91.160 13.103 12.960 0.000 0.000 0.000 0.000 0.000 32.688 40.545 38.451 37.364 57.273 61.185 0.000 0.000 0.000 32.284 38.240 43.187 43.137 33.093 37.058 37.031 37.012 40.002 0.000 0.000 0.000 0.000 0.000 0.000 18.484 0.000 47.472 69.471 69.469 75.468 69.466
57.609 57.587 57.565 57.544 56.525 55.507 57.490 60.476 68.464 27.455 0.000 0.000 0.000 0.000 42.503 57.526 58.553 44.579 46.602 72.566 89.534 93.468 93.650 91.679 99.440 99.322 93.306 93.000 92.852 92.749 92.650 92.554 92.460 95.365 80.274 9.189 0.000 0.000 0.000 0.000 0.000 0.000 32.832 39.739 38.645 36.557 64.463 25.324 0.000 0.000 38.526 43.411 43.327 43.257 41.199 36.152 37.115 37.087 37.070 39.062 0.000 43.142 0.000 0.000 0.000 0.000 0.000 0.000 40.465 69.465 69.464 69.463 69.461
57.649 57.627 57.606 57.586 56.566 55.547 59.530 63.516 67.505 25.499 0.000 0.000 0.000 0.000 22.545 65.586 60.632 66.688 79.716 88.706 92.677 93.693 92.852 99.649 99.548 92.644 93.420 93.077 92.995 92.891 92.794 92.699 96.602 59.494 31.384 0.000 0.000 0.000 0.000 0.000 0.000 35.261 40.068 38.934 40.835 37.755 61.699 0.000 0.000 33.782 40.641 56.507 45.400 42.316 38.251 36.200 36.162 37.135 37.119 37.116 42.136 38.143 29.142 0.000 0.000 0.000 36.455 38.456 37.459 69.459 69.459 69.458 69.458
57.689 57.667 57.647 57.626 55.606 57.586 63.568 64.552 62.540 49.537 10.550 0.000 0.000 0.000 0.000 18.643 14.700 54.825 85.867 89.865 93.816 93.995 92.126 99.740 91.958 93.737 93.303 93.239 95.128 94.029 92.936 92.847 98.754 21.624 0.000 0.000 0.000 0.000 0.000 16.776 55.676 55.454 43.245 40.096 51.003 45.931 46.879 7.883 0.000 31.922 36.750 47.576 43.449 47.356 41.288 44.236 43.198 40.171 37.154 36.147 36.150 42.150 0.000 0.000 0.000 0.000 33.454 33.454 43.455 69.455 69.455 69.454 69.454
