results4_8e4_rain/res_4e8f-0210.wd
ncols         241
nrows         181
xllcorner     12693529.787448
yllcorner     3542525.717860
cellsize      155.156523
NODATA_value  -9999.000000
[rows 99 to 131 of 181, columns 73 to 145 of 241]
60.018 59.994 59.969 58.942 58.915 63.887 66.858 63.831 59.810 59.801 53.802 9.808 0.000 0.000 0.000 0.000 0.000 14.992 72.959 97.914 95.906 95.062 101.729 101.658 94.756 95.452 95.298 95.187 96.081 95.980 94.889 98.811 57.757 0.000 0.000 0.000 0.000 0.000 0.000 35.139 61.063 72.960 40.829 22.625 52.530 55.444 53.348 57.227 54.047 51.790 21.482 46.242 50.115 65.028 70.966 73.919 71.884 66.860 59.845 54.837 49.835 27.831 0.000 0.000 0.000 0.000 22.187 40.186 52.186 76.186 77.186 77.186 77.186
60.069 60.046 59.021 56.995 60.967 65.936 66.902 66.865 60.837 57.821 62.815 62.814 23.815 0.000 17.623 47.571 24.458 4.258 61.164 101.042 96.292 96.307 101.789 94.069 95.856 95.509 95.420 95.307 95.198 95.094 97.002 95.927 31.879 0.000 0.000 0.000 0.000 0.000 3.447 39.320 45.224 56.136 5.066 0.000 47.649 55.588 54.496 58.371 58.198 28.994 0.000 41.145 55.088 60.024 80.972 81.932 81.902 82.880 83.866 81.857 62.854 0.856 0.867 1.872 0.000 0.000 0.000 39.186 52.186 76.186 77.186 77.186 77.186
60.121 59.100 59.076 62.050 65.020 65.989 40.951 4.889 33.851 69.831 42.823 16.818 8.816 0.000 28.675 78.631 75.545 67.429 86.310 97.460 94.447 101.871 95.351 96.155 95.721 95.655 95.536 95.425 95.310 96.197 94.098 82.017 28.952 1.916 0.000 0.000 0.000 3.677 42.575 49.470 47.376 48.293 21.234 0.000 53.827 71.764 64.677 59.564 34.381 0.000 1.106 24.106 14.067 54.007 78.967 82.936 80.912 80.893 80.880 82.873 55.869 49.872 49.873 55.874 0.000 0.000 0.000 16.186 51.186 76.186 77.186 77.186 77.186
59.175 58.156 63.134 66.107 66.077 66.047 31.024 0.000 0.841 12.831 3.827 0.000 0.000 0.000 21.772 84.732 90.662 98.575 98.534 95.658 102.210 102.001 95.317 96.026 95.877 95.767 95.657 95.543 95.422 101.287 51.174 19.089 2.998 0.552 7.352 10.270 0.000 33.780 51.704 47.611 47.516 46.427 52.343 18.255 47.069 72.963 71.884 69.826 0.000 0.000 44.106 0.105 0.000 51.969 80.953 84.933 81.916 80.901 78.890 67.883 48.879 44.878 45.877 29.875 0.000 0.000 0.000 0.000 47.186 76.186 77.186 77.186 73.186
58.234 64.217 66.195 66.167 64.134 70.097 40.075 0.000 0.000 0.000 0.000 0.000 0.000 0.000 32.910 90.863 93.802 97.679 96.915 96.927 102.397 94.704 96.409 96.083 95.996 95.886 95.779 99.670 105.547 60.353 29.224 4.167 0.000 0.000 0.000 7.188 35.106 57.958 51.852 44.752 49.652 53.554 50.456 48.353 62.231 66.136 56.069 64.031 0.000 0.000 12.106 0.000 0.000 57.949 81.941 86.929 85.916 81.905 76.896 45.890 43.885 44.883 51.881 0.000 0.000 0.000 0.000 41.185 45.186 74.186 77.185 77.185 71.185
65.297 66.283 66.262 65.233 43.196 9.132 28.104 30.104 0.000 0.000 0.000 0.000 0.000 24.212 77.094 91.016 93.920 96.078 97.088 102.727 102.569 95.679 96.380 96.218 96.111 96.004 99.902 61.812 21.744 0.000 39.204 25.188 0.000 0.000 0.000 0.000 43.173 77.092 67.995 62.892 57.787 58.681 56.575 57.469 70.366 64.282 48.225 50.198 0.000 0.000 0.000 0.000 0.000 57.937 85.933 50.925 48.916 80.907 83.900 53.895 44.890 49.887 19.884 0.000 0.000 0.000 0.000 14.185 41.185 59.185 75.185 78.185 71.185
66.366 66.356 62.336 66.307 48.284 0.000 19.104 49.104 0.000 0.000 0.000 0.000 14.427 76.331 90.238 96.159 96.130 96.271 103.010 102.872 95.007 96.782 96.430 96.340 96.225 96.116 100.014 71.930 3.874 0.000 9.198 12.193 0.000 0.000 0.000 0.000 30.321 62.243 67.143 77.034 72.923 60.809 63.694 72.582 67.481 55.402 47.351 48.337 22.383 23.394 0.000 0.000 0.000 55.929 89.927 3.924 0.000 29.905 76.902 66.898 47.895 26.891 0.000 0.000 0.000 0.000 0.000 0.000 14.185 38.185 64.185 74.185 67.185
64.443 61.439 60.418 76.376 55.350 0.000 18.104 46.104 0.000 0.000 0.000 8.594 72.522 85.445 95.375 98.255 97.499 95.529 103.137 94.317 96.091 92.649 94.575 96.452 96.336 97.220 91.108 81.021 28.947 0.000 0.000 0.000 0.000 0.000 0.000 17.725 52.547 57.417 57.298 59.180 68.061 70.938 73.810 67.684 54.575 48.493 47.440 46.417 50.417 35.405 0.000 0.000 0.000 44.924 81.922 47.919 36.913 28.908 71.904 77.901 57.900 0.000 0.000 8.904 0.000 0.000 0.000 0.000 0.000 33.185 57.185 62.185 49.185
58.529 67.539 63.521 4.429 5.389 0.000 9.103 9.103 0.000 0.000 0.000 9.666 88.622 90.564 98.475 97.641 96.662 103.362 103.254 96.275 95.962 95.803 95.685 94.567 95.447 97.321 54.176 5.098 0.000 0.000 0.000 0.000 0.000 21.261 38.128 52.903 63.725 60.580 59.451 56.328 57.203 60.071 71.925 72.769 64.641 53.554 46.501 46.472 48.463 0.000 0.000 0.000 0.000 29.921 71.919 49.917 45.913 45.909 77.905 80.904 63.903 26.904 16.904 59.904 0.000 0.000 0.000 0.000 0.000 36.185 60.185 55.185 41.185
59.624 69.666 56.699 0.000 0.000 0.000 6.103 18.103 2.103 0.000 0.912 75.783 85.738 97.680 97.675 96.818 103.554 103.461 95.587 97.362 97.013 96.920 96.800 96.682 98.563 48.442 0.000 0.000 0.000 0.000 0.000 10.722 36.599 53.394 66.219 62.035 60.871 60.727 60.598 61.476 59.354 58.218 32.048 50.828 75.665 57.583 45.536 48.509 46.499 34.506 0.000 0.000 0.000 30.919 63.917 41.916 0.000 0.000 33.905 70.905 59.904 68.904 75.904 34.904 0.000 0.000 0.000 0.000 0.000 11.185 51.185 49.185 42.185
57.717 61.801 60.911 37.075 0.000 0.000 0.000 4.103 7.103 0.000 29.005 88.923 95.864 97.786 97.946 96.069 103.639 95.875 97.656 97.222 97.153 97.032 97.917 98.799 60.681 0.000 0.000 0.000 0.000 0.000 13.005 55.845 66.681 62.496 61.318 61.149 60.995 60.859 60.738 60.626 60.518 69.398 8.223 0.000 43.610 52.578 44.549 53.530 53.519 35.512 0.000 0.000 0.000 0.000 47.914 84.913 52.912 0.000 26.906 71.905 65.905 56.905 56.905 0.000 0.000 0.000 0.000 0.000 0.000 0.000 30.185 41.185 42.185
69.790 7.911 64.069 62.240 51.440 10.560 0.772 0.000 0.000 20.176 79.108 93.042 98.984 97.969 97.124 103.786 103.717 96.823 97.521 97.370 97.260 98.150 100.034 60.917 0.000 0.000 0.000 0.000 11.502 42.381 53.164 64.974 61.784 61.591 58.410 58.246 58.102 58.977 60.868 60.773 63.692 40.633 0.000 0.000 23.585 48.570 47.554 65.542 61.535 0.000 0.000 0.000 0.000 0.000 31.912 76.911 88.910 45.909 71.907 85.906 77.906 53.905 46.905 18.905 0.000 0.000 0.000 0.000 0.000 0.000 36.185 42.185 46.185
51.830 4.985 66.215 56.374 63.520 55.660 16.900 4.160 13.252 80.245 89.206 99.164 98.052 98.320 96.348 103.845 96.111 97.904 97.564 97.481 98.373 99.272 53.153 0.000 0.000 0.000 0.000 3.758 54.623 65.477 63.296 62.101 63.891 63.675 69.484 74.322 69.190 62.079 55.985 59.906 65.845 23.809 0.000 0.000 19.575 51.565 52.555 74.548 62.543 0.000 0.000 0.000 0.000 0.000 19.911 71.910 80.909 85.908 81.907 81.907 85.906 69.906 48.906 49.906 18.906 11.906 0.000 0.000 0.000 38.184 43.184 41.185 46.184
0.000 0.000 34.430 85.521 48.605 0.000 0.000 18.329 78.351 83.345 97.323 98.233 98.513 96.444 103.929 96.368 98.178 97.754 97.697 98.586 95.481 50.412 0.000 0.000 0.000 0.000 10.030 56.893 64.756 62.609 62.440 66.246 41.002 19.735 22.529 39.368 65.257 67.165 68.086 60.021 60.974 21.949 0.000 0.000 0.000 32.558 50.554 57.550 56.548 5.548 0.000 0.000 0.000 0.000 19.910 62.909 75.909 80.908 81.908 82.907 78.906 74.906 59.906 47.906 51.906 57.906 0.000 0.000 0.000 4.184 41.184 42.184 44.184
0.000 0.000 11.553 86.677 73.774 0.000 0.000 25.476 86.477 94.469 98.422 99.618 99.655 104.244 104.052 97.319 98.034 97.896 97.798 92.696 82.553 33.483 0.000 0.000 9.408 45.324 54.166 66.030 62.898 62.761 66.611 44.440 2.250 0.000 0.000 25.363 63.306 60.237 64.172 70.118 70.081 48.063 0.000 0.000 0.000 14.556 52.553 46.551 53.550 4.549 0.000 0.000 0.000 0.000 24.909 49.909 66.908 80.908 75.908 68.907 70.907 31.906 56.906 65.906 58.906 54.905 0.000 0.000 0.000 0.000 1.184 36.184 41.184
0.000 0.000 0.000 14.859 64.041 3.479 13.620 79.621 91.616 98.602 98.623 98.802 104.591 104.422 96.605 98.403 98.071 98.000 90.911 56.843 0.000 0.000 0.000 17.572 63.491 57.399 65.281 63.161 63.044 63.927 41.804 2.640 0.000 0.000 0.000 24.416 66.367 60.306 60.247 62.199 66.168 68.160 20.190 0.000 0.000 0.000 33.552 52.551 27.551 0.000 0.000 0.000 0.000 0.000 17.909 45.908 56.908 63.908 55.908 52.907 17.907 0.000 5.906 49.906 53.905 62.905 0.000 0.000 0.000 0.000 0.000 30.184 41.184
0.000 0.000 0.000 0.000 1.456 13.703 82.761 87.771 98.769 98.706 99.994 100.069 104.751 96.902 98.682 98.251 98.192 88.091 77.004 40.924 0.000 0.000 0.000 57.653 79.587 64.498 56.396 64.292 62.190 65.098 35.030 0.000 0.000 0.000 20.609 55.517 62.441 61.371 61.311 58.263 54.232 56.218 18.221 0.000 0.000 0.000 14.552 59.551 7.551 0.000 0.000 0.000 0.000 0.000 17.908 47.908 46.908 45.908 43.908 49.907 0.000 0.000 0.000 24.905 47.905 65.905 9.905 0.000 0.000 0.000 0.000 1.184 34.184
0.000 0.000 0.000 0.000 0.000 85.952 84.950 98.941 98.900 100.108 100.184 105.043 104.901 97.855 99.540 97.385 83.271 72.178 46.091 0.000 0.000 0.000 51.916 69.799 69.705 76.611 64.515 54.419 60.327 70.246 73.187 36.185 0.000 0.000 19.701 67.601 61.507 61.428 60.363 56.312 50.278 51.260 17.254 0.000 0.000 0.000 0.000 32.551 40.551 0.000 0.000 0.000 0.000 0.000 25.908 49.908 43.908 44.908 44.908 46.907 29.907 0.000 0.000 0.000 34.905 55.905 33.905 7.905 0.000 0.000 0.000 0.000 29.184
0.000 0.000 0.000 0.000 25.327 86.203 98.147 99.112 100.126 102.316 105.308 105.177 97.160 98.925 95.578 84.479 73.335 45.256 0.000 0.000 0.000 54.144 75.032 60.923 52.823 66.727 78.633 66.542 69.454 70.370 57.288 63.183 41.939 4.417 27.894 59.680 55.559 62.472 57.399 49.344 48.308 52.289 14.281 0.000 0.000 0.000 0.000 19.551 59.551 4.551 0.000 0.000 0.000 0.000 0.000 31.908 46.908 44.908 44.908 44.907 52.907 0.000 0.000 0.000 0.000 36.905 47.905 53.905 0.000 0.000 0.000 0.000 0.000
0.000 0.000 0.000 0.000 68.451 94.384 100.331 99.238 99.510 97.593 105.433 97.441 99.207 93.777 82.710 57.590 0.000 0.000 0.000 0.000 54.368 75.256 62.145 51.039 50.938 52.841 63.749 78.661 69.576 54.494 62.411 64.319 38.218 0.000 24.779 84.664 71.576 60.502 54.419 50.355 47.323 48.306 42.300 6.304 0.000 0.000 0.000 0.000 38.551 10.551 0.000 0.000 0.000 0.000 0.000 11.908 48.908 44.908 44.907 44.907 46.907 30.907 0.000 0.000 0.000 17.905 44.905 47.905 0.000 0.000 0.000 0.000 0.000
0.000 0.000 0.000 71.767 68.642 74.560 89.471 100.647 97.712 105.667 105.552 98.374 94.061 82.915 61.809 0.000 0.000 35.968 0.000 6.599 79.481 62.366 51.255 52.148 51.047 53.952 67.861 76.776 77.695 61.619 57.543 68.466 42.395 0.000 0.000 15.622 28.580 10.541 0.000 20.335 51.323 58.314 59.309 45.308 0.000 0.000 0.000 0.000 0.000 0.000 0.000 0.000 0.000 0.000 0.000 12.908 48.908 47.907 50.907 45.907 42.907 51.907 0.000 0.000 0.000 24.905 58.905 63.905 0.000 0.000 0.000 0.000 0.000
0.000 0.000 10.996 72.892 69.793 70.712 80.688 96.854 105.884 105.777 97.652 94.418 82.089 56.014 0.000 0.000 53.016 51.968 33.872 17.718 67.590 51.472 52.359 51.252 52.151 67.056 72.968 36.886 27.811 79.742 65.677 43.607 4.501 0.000 0.000 0.000 0.000 0.000 0.000 17.326 69.321 63.316 60.313 56.312 11.312 0.000 0.000 0.000 0.000 0.000 0.000 0.000 0.000 0.000 0.000 36.907 45.907 20.907 0.000 20.907 45.907 49.907 0.000 0.000 0.000 26.905 62.905 31.905 0.000 0.000 0.000 0.000 0.000
0.000 86.190 74.100 71.011 68.932 69.810 71.054 75.119 105.988 96.893 92.655 82.245 56.202 0.000 0.000 0.000 57.064 55.017 74.929 58.811 51.690 52.572 51.458 54.351 74.249 71.155 52.068 47.990 52.921 80.862 77.815 41.784 0.000 0.000 0.000 0.000 0.000 0.000 0.000 17.323 76.320 76.317 71.314 62.313 7.313 0.000 0.000 0.000 0.000 0.000 0.000 0.000 0.000 0.000 9.907 48.907 50.907 0.000 0.000 5.907 48.907 49.907 0.000 0.000 0.000 0.000 33.905 0.000 0.000 0.000 0.000 0.000 0.000
2.352 84.280 98.204 90.128 75.030 76.188 68.236 106.185 106.088 75.776 80.454 56.352 0.000 0.000 0.000 0.000 59.158 72.107 70.018 51.906 51.786 51.667 62.552 74.442 63.340 52.246 52.160 52.085 53.020 61.969 79.936 75.931 36.985 0.000 0.000 0.000 0.000 0.000 0.000 0.000 62.318 64.316 76.315 77.314 33.314 0.000 0.000 0.000 0.000 0.000 0.000 0.000 0.000 0.000 40.907 50.907 27.907 0.000 0.000 9.907 49.907 47.907 0.000 0.000 0.000 0.000 0.000 0.000 0.000 0.000 0.000 0.000 0.000
20.424 97.374 100.308 100.239 95.213 85.369 106.372 106.279 67.942 62.713 0.000 0.351 0.000 0.000 0.000 0.000 70.304 75.233 51.129 53.009 52.883 64.758 73.639 55.527 52.423 52.328 52.243 52.168 52.106 52.058 61.028 81.020 74.039 48.070 39.083 43.086 12.087 0.000 0.000 0.000 1.317 42.316 82.315 82.314 43.314 0.000 0.000 0.000 0.000 0.000 0.000 0.000 0.000 0.000 29.907 28.907 0.000 0.000 0.000 0.000 29.907 56.907 0.000 0.000 0.000 0.000 0.000 0.000 0.000 0.000 0.000 0.000 0.000
90.546 100.481 100.423 100.311 104.555 95.614 106.463 68.055 70.738 65.406 0.000 0.000 0.000 0.000 0.000 63.674 75.521 52.393 53.258 53.117 60.978 73.844 51.720 52.604 52.497 52.400 52.314 52.239 52.178 52.131 52.098 56.082 57.081 52.088 53.092 60.088 42.088 0.000 0.000 0.000 0.000 0.000 37.315 73.314 36.314 0.000 0.000 0.000 0.000 0.000 0.000 0.000 0.000 0.000 0.000 0.000 0.000 0.000 0.000 0.000 0.000 8.907 0.000 0.000 0.000 0.000 0.000 0.000 0.000 0.000 0.000 0.000 0.000
96.652 96.593 100.507 101.671 98.719 106.639 106.552 72.733 57.193 2.311 5.311 2.311 0.000 0.000 0.000 80.827 57.712 53.560 53.392 55.224 76.067 55.922 52.791 52.672 52.562 52.462 52.373 52.297 52.236 52.188 52.152 51.129 50.115 53.110 35.108 0.000 0.000 0.000 0.000 0.000 0.000 0.000 0.000 66.314 54.314 21.314 0.000 0.000 0.000 0.000 0.000 0.000 0.000 0.000 0.000 0.000 0.000 0.000 0.000 0.000 0.000 0.000 0.000 0.000 0.000 0.000 0.000 0.000 0.000 0.000 0.000 0.000 0.000
75.766 75.703 79.682 75.841 106.810 106.725 84.231 65.449 56.396 0.000 0.311 2.311 0.000 0.000 0.000 56.095 51.942 51.741 50.526 63.322 56.143 49.986 50.850 50.729 50.618 50.512 51.419 52.342 52.280 52.232 51.194 49.165 51.142 51.128 48.123 38.125 41.125 43.125 42.125 44.125 15.125 0.000 0.000 4.314 63.314 35.314 0.000 0.000 0.000 0.000 0.000 0.000 0.000 0.000 0.000 0.000 0.000 0.000 0.000 0.000 0.000 0.000 0.000 0.000 0.000 0.000 0.000 0.000 0.000 0.000 0.000 0.000 0.000
90.882 112.771 78.020 108.079 106.892 66.772 57.372 0.000 71.823 30.177 0.000 0.000 0.000 0.000 99.893 78.517 49.219 56.937 67.648 66.395 62.196 60.029 59.895 59.778 58.667 52.551 48.448 52.370 52.311 52.265 51.228 51.194 55.158 55.139 56.129 66.127 66.126 62.125 55.125 54.125 33.125 0.000 0.000 0.000 22.314 28.314 0.000 0.000 0.000 0.000 0.000 0.000 0.000 0.000 0.000 0.000 0.000 0.000 0.000 0.000 0.000 0.000 0.000 0.000 0.000 0.000 0.000 0.000 0.000 0.000 0.000 0.000 0.000
138.963 117.561 115.608 107.046 106.971 94.859 0.000 38.875 66.875 140.533 115.995 2.269 47.441 36.855 98.270 57.861 55.478 127.142 117.735 113.414 113.216 112.039 110.921 109.822 108.721 79.575 46.454 52.380 52.329 52.290 52.259 44.227 0.000 0.000 0.000 0.000 0.000 0.000 19.125 71.125 50.125 21.125 0.000 0.000 0.000 0.000 0.000 0.000 0.000 0.000 0.000 0.000 0.000 0.000 0.000 0.000 0.000 0.000 0.000 0.000 0.000 0.000 0.000 0.000 0.000 0.000 0.000 0.000 0.000 0.000 0.000 0.000 0.000
97.131 116.719 107.184 107.116 91.376 0.000 0.000 0.000 10.271 62.083 49.822 0.000 28.661 0.000 57.469 54.179 63.691 119.417 0.000 5.310 0.000 55.990 64.930 125.868 38.819 0.000 56.411 52.369 52.334 53.307 35.291 0.000 0.000 0.000 0.000 0.000 0.000 0.000 0.000 24.125 71.125 27.125 0.000 0.000 0.000 0.000 0.000 0.000 0.000 0.000 0.000 0.000 0.000 0.000 0.000 0.000 0.000 0.000 0.000 0.000 0.000 0.000 0.000 0.000 0.000 0.000 0.000 0.000 0.000 0.000 0.000 0.000 0.000
117.888 115.942 107.248 115.867 117.714 38.002 0.000 17.854 44.854 54.708 31.388 8.635 49.881 95.451 93.957 86.697 0.000 38.417 0.000 17.207 39.103 67.000 111.942 74.899 39.870 0.000 0.000 58.349 52.330 53.315 34.306 0.000 0.000 0.000 0.000 0.000 0.000 0.000 0.000 0.000 18.125 57.125 22.125 0.000 0.000 0.000 0.000 0.000 0.000 0.000 0.000 0.000 0.000 0.000 0.000 0.000 0.000 0.000 0.000 0.000 0.000 0.000 0.000 0.000 0.000 0.000 0.000 0.000 0.000 0.000 0.000 0.000 0.000
116.021 107.363 107.308 96.372 39.138 0.000 0.000 0.000 6.582 33.508 0.000 0.000 42.778 86.516 140.211 75.954 0.000 0.000 0.000 0.000 0.000 80.964 115.940 45.914 42.892 0.000 0.000 0.000 57.322 51.316 49.313 47.314 35.314 0.000 0.000 0.000 0.000 0.000 0.000 0.000 13.125 71.125 29.125 0.000 0.000 0.000 0.000 0.000 0.000 0.000 0.000 0.000 0.000 0.000 0.000 0.000 0.000 0.000 0.000 0.000 0.000 0.000 0.000 0.000 0.000 0.000 0.000 0.000 0.000 0.000 0.000 0.000 0.000
