results4_8e4_rain/res_4e8f-0220.wd
ncols         241
nrows         181
xllcorner     12693529.787448
yllcorner     3542525.717860
cellsize      155.156523
NODATA_value  -9999.000000
[rows 66 to 98 of 181, columns 73 to 145 of 241]
71.929 35.915 0.000 61.077 78.052 77.020 76.991 0.000 48.383 48.367 61.380 57.390 56.370 56.323 55.254 131.154 118.980 0.000 0.000 0.000 51.692 46.629 51.533 54.469 54.416 56.367 57.318 62.260 63.206 64.161 55.130 0.000 0.000 52.426 102.426 84.340 88.206 88.297 86.351 94.269 86.762 87.242 87.981 86.754 86.533 87.329 57.174 0.000 0.000 0.000 0.000 0.000 0.000 0.000 43.694 41.669 41.628 41.573 41.506 41.437 45.362 58.284 55.206 40.130 51.056 59.982 38.909 41.836 47.764 52.693 48.622 42.553 40.486
56.932 62.900 0.734 49.306 73.262 72.231 66.233 19.319 0.000 0.000 54.459 67.539 56.539 55.508 56.463 37.421 0.000 0.000 0.000 0.000 0.000 0.000 62.464 60.437 58.403 41.360 44.311 51.255 52.215 57.183 48.156 0.000 0.000 0.000 62.669 80.577 87.515 87.609 94.694 94.489 86.833 87.522 87.234 87.024 86.814 81.626 39.494 0.000 3.681 36.681 0.000 0.000 0.000 49.777 44.740 41.705 41.661 41.608 41.546 41.479 41.408 41.334 48.259 62.184 63.111 46.038 39.965 40.894 41.823 45.752 44.683 40.615 40.547
58.947 57.878 62.748 60.553 74.459 67.409 68.391 65.405 0.000 0.000 0.000 69.768 64.741 59.705 61.671 8.647 0.000 0.000 0.000 0.000 0.000 0.000 61.422 57.412 48.399 0.000 0.000 49.235 61.215 60.199 0.000 0.000 8.376 65.256 57.002 60.824 67.902 82.963 94.885 86.570 88.126 87.690 87.502 87.285 85.072 67.869 46.681 52.681 50.681 31.681 0.000 0.000 0.000 7.813 58.786 40.749 41.704 45.651 53.591 43.526 41.457 40.385 44.312 59.238 66.165 58.092 44.021 38.950 40.880 40.811 40.743 40.675 39.608
58.993 56.917 60.816 71.698 65.612 58.553 77.518 66.505 18.522 0.000 12.174 62.025 77.950 72.901 72.867 75.849 0.000 0.000 0.000 0.000 7.374 7.379 59.391 50.389 53.383 0.000 0.000 0.000 97.210 124.198 39.182 0.000 64.496 59.392 59.229 59.136 55.218 95.237 95.067 87.615 91.222 87.969 87.760 87.546 79.321 32.095 0.000 54.681 32.681 0.000 0.000 0.000 46.920 45.877 44.841 40.801 44.754 56.701 61.642 59.577 52.508 42.437 51.364 59.291 38.218 44.146 57.075 54.005 49.937 57.869 38.802 40.734 38.667
57.054 62.982 72.899 64.812 56.737 56.675 69.623 77.575 73.539 76.464 78.322 73.209 68.133 70.081 59.048 58.032 0.000 0.000 0.000 8.367 64.370 63.372 51.374 53.370 54.360 58.339 57.326 0.000 8.218 2.202 1.151 10.900 70.720 63.586 58.423 59.513 57.558 95.393 57.230 64.821 79.417 87.238 88.025 85.819 44.570 0.000 0.000 0.000 0.000 0.000 0.000 47.990 41.964 41.933 41.899 42.859 52.811 61.757 60.697 60.632 56.563 52.491 62.418 45.344 40.271 41.199 41.129 51.060 63.992 50.926 38.860 39.794 45.727
63.124 74.059 63.988 56.915 57.848 57.787 59.725 43.632 69.595 67.532 59.441 56.356 55.290 71.243 73.214 60.199 0.000 0.000 0.000 64.365 60.365 57.365 50.363 54.358 54.348 54.332 54.312 13.280 16.241 17.211 19.163 87.036 83.902 72.770 71.724 60.721 95.670 95.538 59.281 65.931 60.707 67.512 86.285 61.135 0.000 0.000 0.000 0.000 0.000 0.000 0.000 48.016 42.012 41.994 41.964 42.924 51.876 61.820 60.758 59.690 56.620 61.546 55.472 39.397 41.323 41.251 41.181 51.113 59.047 37.983 40.920 43.855 62.787
74.201 64.140 57.077 58.013 57.952 58.899 39.859 0.000 26.679 54.627 57.556 57.484 57.429 55.389 79.363 63.351 0.000 0.000 0.000 41.363 58.360 52.359 53.356 54.350 54.341 54.328 54.311 65.287 5.256 9.239 26.249 79.178 89.075 10.963 92.884 83.076 95.786 57.850 71.495 68.139 58.010 54.815 51.467 36.301 0.000 0.000 43.590 0.000 0.000 0.000 0.000 44.046 42.075 42.066 42.038 41.997 42.947 48.889 56.823 56.753 56.679 60.603 38.525 41.449 41.373 40.300 46.230 63.163 46.099 40.039 42.981 23.921 24.838
64.282 57.226 58.167 58.107 58.050 60.997 16.952 14.917 7.814 52.741 57.670 59.596 57.551 56.520 74.500 70.491 0.000 0.000 0.000 0.000 49.355 52.354 54.351 54.346 54.339 54.329 56.317 42.302 0.000 0.000 76.416 79.351 90.261 96.131 90.235 88.272 95.886 78.898 81.601 66.443 59.349 52.276 0.000 0.000 0.000 0.000 41.590 0.000 0.000 0.000 0.000 0.135 45.175 42.158 42.125 42.081 42.027 41.964 41.894 48.819 56.740 44.660 41.579 41.499 41.421 44.347 57.277 57.210 39.149 41.092 44.044 11.009 0.000
57.368 58.313 58.257 58.200 58.143 58.088 62.037 62.985 62.918 58.854 58.786 38.680 55.659 56.639 72.626 71.622 0.000 0.000 0.000 0.000 48.352 54.351 54.348 54.344 54.339 54.333 42.325 0.000 0.000 4.782 81.648 87.553 90.453 90.399 89.478 96.019 88.377 91.094 85.784 70.726 60.666 59.662 59.796 0.000 0.000 0.000 38.590 45.590 38.590 0.000 0.000 0.000 60.292 41.265 42.224 42.174 42.115 43.046 41.971 41.889 41.804 41.717 41.631 41.547 40.466 46.390 61.319 38.253 41.192 41.138 43.093 18.063 0.000
58.457 58.404 58.348 58.291 58.234 58.176 58.121 58.068 58.018 57.973 61.938 0.000 48.766 57.753 73.743 68.749 4.796 0.000 0.000 0.000 53.350 56.349 56.346 56.344 54.340 57.338 0.000 0.000 0.000 73.915 79.843 90.758 90.640 90.748 88.797 96.224 89.509 94.153 90.044 90.978 78.929 66.910 55.930 50.930 52.930 0.000 0.000 44.591 39.590 45.584 46.569 44.530 50.438 60.384 42.334 43.277 52.211 59.136 41.053 41.963 41.869 41.774 41.681 40.592 45.507 64.428 58.356 47.290 40.230 41.176 43.128 58.085 76.039
58.549 58.496 58.441 58.384 58.324 58.263 58.203 61.148 59.113 58.081 62.057 0.000 48.886 57.863 74.843 66.835 6.842 0.000 0.000 0.000 26.349 36.348 35.346 35.344 56.342 41.340 0.000 0.000 0.000 76.119 86.053 90.965 90.924 90.028 96.843 96.550 90.571 91.414 90.273 90.217 91.163 82.119 47.084 0.000 0.000 0.000 0.000 42.592 42.594 39.594 41.592 42.584 41.545 48.500 62.449 45.389 43.317 53.235 41.141 42.040 41.935 41.830 41.728 41.631 49.542 62.460 49.386 61.320 39.261 40.207 45.158 66.112 78.063
58.643 58.590 58.536 58.479 58.417 61.347 63.279 35.210 56.204 59.180 61.152 21.126 52.028 56.972 68.931 66.906 7.896 0.000 0.000 0.000 0.000 0.000 2.344 2.344 37.343 0.000 0.000 0.000 24.556 74.390 91.285 91.167 91.284 89.370 97.109 89.152 94.859 90.556 90.511 90.444 90.386 80.321 41.202 0.000 0.000 0.000 0.000 0.000 45.599 46.605 33.622 41.669 42.658 42.623 46.574 62.511 45.435 42.344 42.238 42.121 42.000 41.882 39.769 45.664 64.569 45.484 44.409 58.344 42.286 40.234 47.186 73.140 78.094
58.739 58.686 58.633 58.579 60.518 36.430 38.354 0.000 18.313 54.283 58.244 62.198 58.130 61.065 66.002 70.961 9.941 0.000 0.000 0.000 0.000 3.344 55.344 62.344 0.000 0.000 0.000 7.840 83.722 85.603 91.498 91.455 90.574 97.588 97.357 90.211 90.927 90.800 90.731 90.669 89.615 69.576 0.000 0.000 0.000 0.000 0.000 0.000 0.000 37.605 0.000 48.811 45.795 41.761 41.711 43.647 60.567 49.468 41.347 42.206 42.063 40.928 45.803 47.688 46.585 43.497 41.424 41.360 41.305 42.256 55.211 77.169 78.128
58.834 58.782 58.732 58.685 63.647 1.632 0.000 24.542 16.453 50.395 59.344 57.291 59.228 71.157 43.052 36.993 1.967 0.000 0.000 0.000 0.000 53.344 59.344 61.344 0.000 0.000 0.000 70.957 75.889 89.802 91.686 91.817 89.913 97.802 89.705 91.383 91.078 91.020 90.947 90.883 82.829 59.792 0.000 0.000 0.000 0.000 0.000 0.000 0.000 0.000 0.000 52.970 47.950 41.914 39.863 42.799 42.717 58.614 51.475 42.292 43.119 40.965 47.826 47.699 44.585 38.497 41.427 41.369 43.318 57.274 76.234 78.197 81.163
59.927 57.875 57.826 57.784 60.751 30.738 27.712 59.632 64.560 58.501 56.447 63.392 73.336 76.284 0.217 0.000 0.000 0.000 0.000 0.000 0.000 21.344 28.344 30.344 0.000 0.000 0.000 73.143 81.079 90.991 91.983 91.022 98.196 98.004 90.733 91.440 91.303 91.227 91.155 91.089 73.026 54.971 0.000 0.000 0.000 0.000 0.000 0.000 0.000 0.000 0.000 51.147 49.122 49.081 46.029 38.967 40.891 41.794 57.650 57.366 54.157 50.986 43.837 42.699 39.559 40.479 41.419 45.369 65.326 77.287 77.252 78.222 77.195
74.016 72.963 71.915 69.873 66.837 67.805 67.768 64.712 65.655 67.601 67.549 73.496 75.438 33.361 0.000 0.000 0.000 0.000 0.000 0.000 0.000 0.000 0.000 0.000 0.000 11.650 19.572 74.393 91.285 92.194 92.144 91.373 98.374 90.205 91.882 91.571 91.508 91.428 91.357 89.290 71.217 42.094 0.000 0.000 0.000 0.000 0.000 0.000 0.000 0.000 0.000 41.350 45.310 48.260 49.206 48.148 45.086 41.022 34.963 0.000 0.000 0.000 0.000 0.000 43.474 41.440 44.402 65.364 78.329 77.296 78.268 81.242 77.221
70.099 72.047 70.999 72.956 74.917 73.880 72.840 70.795 68.747 68.700 69.653 65.605 65.560 0.000 0.000 0.000 0.000 0.000 0.000 0.000 0.000 0.000 0.000 0.000 0.000 60.729 83.672 82.570 91.477 92.365 92.493 90.595 98.539 92.296 91.903 91.781 91.698 91.623 91.555 87.498 67.458 0.000 0.000 0.000 0.000 0.000 0.000 0.000 0.000 0.000 48.741 43.593 40.508 42.443 47.386 49.333 49.285 50.244 41.217 0.000 0.000 0.000 0.000 0.000 44.423 42.407 58.383 79.355 77.328 77.303 77.279 78.259 77.242
58.177 58.126 59.079 66.035 74.995 80.957 68.919 62.879 57.838 55.799 54.758 60.712 39.636 0.000 0.000 0.000 0.000 0.000 0.000 0.000 0.000 0.000 0.000 0.000 0.000 66.864 82.818 90.742 92.656 92.623 91.753 98.833 98.692 94.312 92.120 91.960 91.885 91.809 91.742 86.690 61.658 0.000 0.000 0.000 0.000 0.000 0.000 0.000 0.000 49.010 43.888 43.774 43.687 42.618 39.561 44.513 48.476 49.452 46.444 0.000 0.000 0.000 0.000 47.379 41.389 45.382 73.366 77.347 77.327 77.307 77.288 77.272 77.258
57.250 57.200 61.154 66.111 68.072 71.034 60.998 56.963 57.929 57.898 59.870 37.848 0.000 0.000 0.000 0.000 0.000 0.000 0.000 0.000 0.000 0.000 0.000 0.000 0.000 53.046 81.994 91.923 92.822 92.951 91.060 98.963 91.857 93.532 92.214 92.149 92.063 91.985 91.916 82.860 55.827 0.000 0.000 0.000 0.000 0.000 0.000 0.000 48.245 44.133 44.026 43.929 43.847 43.780 43.726 40.684 39.654 42.643 49.663 49.751 0.000 0.000 0.000 41.370 42.370 60.365 77.354 76.340 76.324 77.309 77.294 77.282 77.271
57.319 57.271 59.226 60.185 58.146 57.111 58.077 57.046 57.018 56.993 61.974 6.963 0.000 0.000 0.000 0.000 0.000 0.000 0.000 0.000 0.000 0.000 0.000 0.000 4.414 61.279 90.190 93.106 93.076 92.206 99.200 99.086 94.853 92.555 92.411 92.323 92.236 92.154 93.077 73.009 60.962 0.000 0.000 47.848 0.000 47.617 49.574 49.490 44.358 44.250 44.154 44.068 43.993 43.931 43.880 43.841 42.815 39.804 48.813 49.839 42.839 0.000 0.000 49.360 41.358 49.353 55.345 58.334 62.322 68.310 74.299 76.289 76.281
58.384 58.337 58.294 58.255 58.218 57.184 57.154 57.126 57.103 56.084 64.071 15.065 0.000 0.000 0.000 0.000 0.000 0.000 0.000 0.000 0.000 0.000 0.000 0.000 45.550 81.467 92.381 93.271 93.411 91.503 99.302 92.303 93.978 92.663 92.589 92.494 92.404 92.316 93.228 65.137 43.049 0.000 0.000 43.848 0.000 42.661 44.614 44.539 44.446 44.356 44.272 44.195 44.127 44.069 44.021 43.985 41.959 43.947 49.946 46.953 0.000 0.000 0.000 48.351 47.349 46.345 45.338 44.330 43.321 47.311 58.302 54.295 56.288
56.445 56.400 56.360 56.322 56.287 56.255 56.227 57.202 59.182 61.168 36.162 3.162 0.000 0.000 0.000 0.000 0.000 0.000 0.000 3.786 12.777 0.000 0.000 15.909 56.767 87.661 93.558 93.546 92.574 99.482 99.397 95.292 92.999 92.850 92.757 92.663 92.571 92.478 88.384 35.260 0.000 0.000 0.000 43.848 49.828 44.752 44.681 44.607 44.531 44.455 44.382 44.314 44.252 44.197 44.152 44.117 41.092 50.077 50.072 46.073 0.000 0.000 0.000 47.345 46.342 47.338 47.333 47.326 47.319 47.312 46.305 46.299 45.294
57.502 57.460 60.422 64.386 67.353 71.323 73.296 76.274 75.256 67.246 5.245 16.260 40.313 8.338 0.000 0.000 0.000 0.000 0.000 43.794 70.769 10.729 0.000 50.050 82.951 92.842 93.742 93.672 92.895 99.555 91.727 93.414 93.097 93.022 92.925 92.831 92.736 93.643 80.569 0.000 0.000 0.000 0.000 23.867 43.886 44.837 46.752 46.676 44.615 44.553 44.489 44.426 44.368 44.317 44.273 41.239 46.213 49.198 50.192 41.194 0.000 0.000 0.000 31.341 52.337 52.334 49.329 46.324 46.318 47.312 48.306 48.301 47.297
59.556 58.517 65.481 74.447 75.416 74.387 73.362 72.340 69.324 63.313 38.311 55.320 73.343 42.362 26.382 2.390 0.000 0.000 14.867 53.827 67.776 6.690 25.527 67.291 92.142 95.026 93.866 94.078 92.054 99.617 93.711 93.426 93.278 93.186 93.093 93.000 92.901 94.789 38.679 0.000 0.000 0.000 0.000 0.000 40.012 45.958 26.813 26.730 43.701 44.652 44.593 44.534 44.478 44.428 43.385 41.351 50.325 50.309 47.305 41.317 47.366 0.000 0.000 0.000 63.332 78.330 71.326 67.321 63.316 59.312 62.307 62.303 45.300
59.607 59.571 62.538 65.506 64.476 62.448 60.423 58.402 56.385 56.372 65.366 67.367 64.375 61.385 65.393 13.398 0.000 0.000 54.906 84.873 35.816 31.727 65.600 89.445 94.311 94.166 94.284 92.238 99.701 92.113 93.828 93.515 93.444 93.351 93.262 93.173 96.078 52.933 0.000 0.000 0.000 0.000 0.000 0.000 42.192 47.169 0.000 0.000 40.808 44.760 44.699 44.637 44.581 44.532 41.489 49.455 50.428 49.410 40.401 44.403 44.415 0.000 0.000 0.000 31.330 61.328 79.323 78.319 78.315 78.311 78.308 72.305 62.302
59.657 59.624 59.592 58.562 58.533 59.507 59.482 59.460 57.440 58.425 63.414 66.408 62.407 57.408 60.410 15.410 0.000 0.000 46.978 56.945 34.886 67.804 82.699 91.579 94.461 94.392 93.489 100.068 99.839 93.102 93.831 93.689 93.601 93.513 93.430 93.355 96.304 0.000 0.000 11.668 20.668 0.000 0.000 43.489 46.394 45.358 52.379 1.284 40.963 44.881 44.804 44.736 44.679 42.629 44.586 50.550 50.522 42.500 43.486 44.478 44.476 0.000 0.000 0.000 0.000 0.000 61.319 77.316 77.313 77.311 77.308 78.306 78.304
59.706 59.676 59.646 59.617 59.589 59.563 59.538 58.514 57.493 61.473 65.456 65.444 60.436 56.431 61.427 14.423 0.000 0.000 43.082 12.041 58.981 82.905 88.813 94.718 94.566 94.775 92.763 100.273 92.520 94.231 93.918 93.849 93.758 93.672 93.589 100.511 84.478 0.000 7.667 57.668 43.668 0.000 0.000 38.584 46.538 45.489 45.436 51.328 49.140 47.999 44.898 44.826 44.768 41.718 49.675 50.639 46.608 41.584 44.565 44.548 46.535 50.547 0.000 0.000 0.000 0.000 0.000 74.313 77.312 77.310 77.308 78.306 76.305
59.756 59.727 59.699 59.671 59.644 59.617 58.592 57.567 59.543 63.518 66.494 62.475 57.461 56.453 59.445 41.432 28.403 29.341 25.228 26.158 66.092 87.019 92.940 94.828 94.966 92.955 100.633 100.461 93.522 94.236 94.089 94.000 93.912 93.827 98.742 41.624 56.620 26.657 57.667 65.669 0.000 0.000 0.000 37.725 46.685 45.625 45.547 55.432 66.269 40.077 49.964 45.901 42.849 44.802 50.758 49.721 40.689 43.662 44.640 44.615 31.570 32.558 0.000 0.000 0.000 0.000 0.000 55.311 76.310 77.309 77.308 81.307 77.306
59.807 59.779 59.751 59.724 59.697 59.671 57.645 57.620 61.593 68.563 69.528 65.500 60.483 58.473 58.468 60.458 60.435 69.393 10.330 44.270 82.209 89.142 95.069 95.033 94.164 100.940 100.791 93.876 94.656 94.318 94.244 94.149 94.063 93.984 101.926 0.000 39.721 41.684 31.674 33.671 0.000 0.000 0.197 40.906 46.852 45.781 51.694 67.584 44.427 0.000 30.979 43.966 41.926 49.880 50.836 46.797 43.764 44.737 44.717 46.704 0.000 0.000 0.000 0.000 0.000 0.000 47.310 28.310 67.309 77.308 77.308 82.307 77.306
59.858 59.831 59.803 59.776 59.750 58.724 57.699 59.674 66.647 43.614 19.553 18.516 15.496 45.488 62.497 57.496 60.487 41.465 3.429 49.384 87.331 93.277 95.164 95.405 93.427 101.078 94.207 94.983 94.551 94.492 94.387 94.293 94.204 95.122 93.051 14.996 14.858 0.000 0.000 0.000 0.000 0.000 40.284 48.137 46.038 44.951 64.864 68.785 0.000 0.000 1.098 40.057 46.010 50.957 50.908 40.866 44.832 44.806 44.788 47.779 0.000 0.000 0.000 0.000 0.000 0.000 26.310 0.000 55.308 77.308 77.307 83.307 77.306
59.909 59.882 59.855 59.828 58.802 57.777 59.752 62.729 70.708 29.693 0.000 0.000 0.000 0.000 44.534 59.543 60.551 46.552 48.536 74.505 91.463 95.387 95.558 93.578 101.320 101.204 95.185 94.879 94.729 94.626 94.527 94.432 94.339 97.248 82.161 11.078 0.000 0.000 0.000 0.000 0.000 1.646 40.435 47.319 46.214 44.119 72.027 32.906 0.000 0.000 46.280 51.180 51.099 51.031 48.974 43.928 44.892 44.867 44.851 46.844 0.000 50.937 2.937 0.000 0.000 0.000 0.000 0.000 48.307 77.307 77.307 77.307 77.306
59.959 59.933 59.906 59.880 58.854 57.828 61.803 65.782 69.765 27.755 0.000 0.000 0.000 0.000 24.562 67.591 62.621 68.657 81.660 90.638 94.597 95.603 94.751 101.525 101.426 94.518 95.293 94.949 94.865 94.760 94.663 94.569 98.473 61.370 33.265 0.000 0.000 0.000 0.000 0.000 2.924 42.802 47.628 46.490 48.378 45.286 69.218 0.000 0.000 41.595 48.424 64.283 53.175 50.092 46.029 43.980 43.943 44.918 44.904 44.904 49.928 45.937 36.937 0.000 0.000 0.000 44.307 46.307 45.307 77.307 77.307 77.307 77.306
60.009 59.984 59.958 59.931 57.905 59.878 65.852 66.830 64.813 51.809 12.826 0.000 0.000 0.000 0.000 20.638 16.684 56.795 87.809 91.787 95.727 95.895 94.017 101.614 93.828 95.606 95.170 95.104 96.991 95.890 94.795 94.706 100.616 23.493 0.000 0.000 0.000 0.000 0.000 24.151 63.046 62.927 50.785 47.635 58.523 53.428 54.342 15.257 3.084 39.766 44.537 55.353 51.226 55.135 49.068 52.019 50.982 47.957 44.943 43.938 43.944 49.946 0.000 0.000 0.000 0.000 41.307 41.307 51.307 77.307 77.307 77.306 77.306
