results4_8e4_rain/res_4e8f-0149.wd
ncols         241
nrows         181
xllcorner     12693529.787448
yllcorner     3542525.717860
cellsize      155.156523
NODATA_value  -9999.000000
[rows 132 to 164 of 181, columns 0 to 72 of 241]
95.631 100.631 104.630 104.629 106.628 106.627 100.626 91.624 77.622 66.619 65.616 66.613 65.610 64.605 69.601 83.596 94.590 99.583 99.575 96.565 88.554 79.541 70.525 64.505 69.478 71.447 70.411 71.371 69.337 64.306 78.275 101.245 68.220 0.000 0.000 0.000 7.973 59.966 71.961 68.940 70.924 76.915 94.915 80.919 64.928 63.939 63.952 75.968 96.986 38.004 11.027 6.061 0.000 0.000 0.000 0.000 0.000 0.000 0.000 0.000 0.000 0.000 2.403 0.403 27.404 7.332 11.260 52.164 75.024 78.926 78.819 88.907 116.373
73.635 75.635 78.634 84.634 94.633 100.631 105.630 105.628 98.626 84.623 73.620 67.617 71.613 78.609 91.604 106.599 105.593 102.586 102.578 105.568 105.557 101.544 89.528 77.509 69.487 64.461 65.432 64.402 65.374 73.348 95.325 103.306 15.293 0.000 0.000 0.000 17.980 45.986 64.013 73.009 73.996 70.983 71.986 81.991 76.996 70.003 74.011 82.021 95.033 36.047 22.065 28.095 8.126 0.000 0.000 0.000 0.000 0.000 0.000 0.000 0.000 0.000 0.000 0.000 9.484 0.000 59.285 81.208 77.091 86.065 77.130 116.495 105.255
65.639 65.639 65.639 67.638 72.637 76.636 83.634 92.632 100.630 103.628 97.625 95.621 97.618 100.613 99.608 92.603 83.597 81.590 81.582 86.572 92.562 99.549 102.534 101.517 90.498 80.476 75.453 73.430 82.408 98.388 99.371 85.360 18.354 0.000 0.000 0.000 0.000 0.000 47.095 74.086 53.070 41.036 56.055 71.061 86.064 90.066 92.068 93.071 89.077 16.085 3.093 31.127 28.157 16.188 22.206 16.215 0.000 0.000 0.000 0.000 0.000 0.000 43.707 13.656 79.564 101.501 134.358 90.333 85.387 66.346 102.412 106.934 106.843
66.644 66.644 66.643 66.643 65.642 64.640 66.639 71.637 77.635 87.632 97.629 99.626 92.622 82.618 76.613 68.608 64.602 64.595 64.587 66.578 71.568 77.557 84.543 96.528 101.512 103.494 102.475 98.457 101.439 94.424 76.413 68.407 47.410 5.433 0.000 0.000 0.000 0.000 40.187 73.171 16.160 0.000 49.138 74.135 93.132 101.128 87.124 90.120 76.120 34.123 0.145 58.166 27.185 19.203 30.215 30.223 1.241 0.000 0.000 0.000 0.000 30.811 49.758 122.699 151.622 134.505 118.061 117.008 108.680 107.322 107.201 107.072 72.295
66.649 66.649 66.648 66.648 66.647 66.645 66.644 65.642 65.640 68.637 74.635 73.631 69.628 65.623 65.619 65.614 66.608 66.601 66.594 66.586 65.576 64.566 66.554 72.541 79.527 88.512 96.497 92.482 81.469 69.458 65.449 70.445 78.447 54.455 32.461 32.452 18.425 19.378 55.295 76.251 26.238 8.252 68.222 100.210 102.201 81.192 84.180 83.163 71.158 60.165 11.175 39.185 13.214 1.242 14.228 1.237 3.258 1.261 0.000 0.000 0.000 11.867 74.813 80.733 76.721 77.882 75.858 107.647 107.545 107.437 74.638 77.417 79.290
66.654 66.654 66.654 66.653 66.652 66.651 66.649 66.648 66.645 66.643 65.640 65.637 65.633 66.629 66.625 66.620 66.614 66.608 66.602 66.594 66.585 66.576 66.566 65.554 64.543 65.530 69.518 67.507 66.496 70.488 73.481 72.478 70.478 72.479 72.478 69.468 69.447 73.413 48.364 34.301 23.289 41.296 86.289 100.281 80.271 73.258 72.239 52.196 48.186 11.203 0.000 0.000 1.361 3.375 0.000 0.000 7.279 22.264 37.226 7.167 21.089 83.946 90.935 89.009 86.996 88.078 107.838 107.744 88.879 95.672 88.528 94.302 86.146
66.660 66.660 66.659 66.658 66.658 66.656 66.655 66.653 66.651 66.649 66.646 66.643 66.639 66.636 66.631 66.627 66.622 66.616 66.610 65.603 72.596 74.587 66.578 65.569 64.559 65.549 67.539 70.530 73.522 72.515 67.511 68.508 75.506 78.505 74.503 68.495 65.482 74.464 5.445 0.000 8.322 81.354 90.358 77.353 69.343 89.332 35.322 0.000 0.000 1.411 2.452 2.456 2.437 3.427 0.000 0.000 32.314 74.290 103.249 64.190 97.079 105.240 102.205 101.297 108.099 108.016 107.928 100.961 102.840 102.540 101.403 100.337 18.255
66.665 66.665 66.665 66.664 66.663 66.662 66.661 66.659 66.658 66.655 69.653 69.650 67.646 71.642 69.638 66.634 66.630 66.625 65.619 63.613 74.606 82.599 68.591 65.583 67.575 70.567 72.559 71.552 68.546 70.541 75.538 77.536 78.535 78.534 73.532 67.528 76.522 95.514 14.508 0.000 0.000 55.439 78.437 75.430 79.418 99.404 33.395 0.000 2.474 2.462 2.475 2.479 2.462 4.469 0.000 30.422 82.376 98.329 101.265 106.269 103.438 100.432 108.327 108.255 108.179 100.267 101.054 101.930 101.612 101.586 94.519 71.429 0.000
66.671 66.671 66.671 66.670 66.669 66.669 66.667 66.666 66.664 67.662 74.660 74.656 51.653 19.649 40.645 70.642 64.638 67.634 73.629 76.624 76.618 72.612 68.605 69.598 72.591 71.585 70.579 72.573 76.569 76.566 78.564 77.563 68.563 63.563 65.564 78.563 97.563 107.563 29.565 0.000 0.000 30.527 86.521 88.512 95.495 94.470 30.459 0.000 2.486 0.512 1.523 2.524 0.000 8.519 34.515 78.477 100.405 103.428 102.522 102.530 101.626 108.463 108.396 100.468 101.270 102.134 101.923 101.780 101.739 93.674 85.634 0.000 0.000
66.677 66.677 66.677 66.676 66.676 66.675 66.674 66.673 66.671 68.669 77.667 88.664 64.660 1.657 7.650 55.650 81.647 73.644 71.640 71.635 69.630 68.624 70.619 72.613 70.607 66.602 68.598 80.594 82.591 72.589 66.589 63.589 63.591 68.593 82.596 98.599 95.604 79.611 51.624 19.654 13.655 57.620 86.608 68.600 59.582 51.521 16.512 0.667 0.583 21.575 12.570 2.570 0.000 27.574 78.556 100.482 102.686 101.686 101.800 108.653 108.593 108.529 100.527 102.414 102.128 102.004 101.951 101.880 95.806 82.745 72.709 0.000 0.000
66.684 66.684 66.683 66.683 66.682 66.682 66.681 66.680 66.679 68.677 78.675 65.672 21.667 3.668 0.000 23.660 77.658 69.654 71.651 70.646 68.642 71.637 72.632 69.628 66.623 62.619 72.616 86.613 73.612 63.611 64.613 69.615 79.618 90.622 101.627 94.634 72.642 67.652 86.666 93.683 94.691 98.689 73.692 34.700 6.709 0.000 0.849 0.863 0.000 34.586 21.597 1.652 32.676 78.624 100.654 102.852 101.877 108.820 108.767 108.712 100.791 101.591 102.482 102.182 102.169 102.111 102.038 102.949 90.871 61.788 50.748 8.748 2.748
65.690 65.690 66.690 66.689 66.689 66.689 66.688 66.687 66.686 69.685 79.684 50.683 0.000 9.679 47.680 49.673 66.669 68.665 56.662 38.658 76.654 71.650 67.646 66.642 64.638 66.635 82.633 85.631 67.631 70.632 82.635 91.639 100.644 98.650 86.658 72.666 65.677 81.690 85.705 73.722 54.738 52.752 40.771 20.800 9.846 3.945 1.994 22.021 17.035 0.000 0.000 26.742 78.786 101.901 102.931 101.049 108.920 108.871 100.951 101.764 102.644 102.452 102.331 102.309 102.258 102.208 105.140 69.010 48.940 0.000 0.000 0.000 0.000
74.697 72.697 69.696 67.696 64.696 64.696 64.695 64.695 63.694 68.694 80.693 63.693 44.694 52.690 70.687 66.683 63.680 69.676 64.673 51.670 71.667 65.663 64.660 64.657 66.653 80.651 88.649 54.648 46.649 96.652 101.657 96.663 85.670 75.678 67.687 63.697 74.710 86.725 54.743 29.763 12.785 3.810 20.841 19.881 9.932 10.995 14.040 42.063 26.049 0.000 0.000 59.025 101.063 100.193 109.059 109.015 108.968 100.986 102.882 102.608 102.501 102.472 104.430 99.380 101.351 102.324 113.303 0.000 0.000 0.000 0.000 0.000 0.000
75.705 77.704 83.702 84.701 84.702 81.703 82.703 81.703 80.703 80.702 82.701 65.701 69.700 68.698 65.696 68.693 68.690 67.688 72.685 74.682 68.679 62.677 64.674 66.671 80.668 85.665 74.663 68.663 77.665 100.670 83.677 74.685 66.694 64.703 66.714 65.727 79.741 88.758 52.778 28.802 16.829 18.862 21.903 13.951 15.005 21.062 23.111 16.141 0.000 0.000 37.270 79.284 109.180 109.142 109.102 101.218 102.025 102.925 102.635 102.632 103.591 103.546 76.503 54.442 89.441 103.435 108.445 48.501 0.000 0.000 0.000 0.000 0.000
68.713 62.712 15.706 17.706 26.709 73.711 70.711 70.711 70.711 74.710 83.710 64.709 65.708 64.707 67.705 71.703 72.701 70.699 69.696 72.694 73.692 70.690 64.688 81.685 87.682 78.679 84.676 101.676 98.678 80.685 68.697 64.707 66.717 66.728 65.740 70.753 86.769 88.788 80.810 83.836 54.868 16.907 8.956 8.014 20.076 27.139 17.198 14.252 6.276 32.425 80.446 109.251 109.217 101.359 102.169 103.057 102.871 102.758 102.743 103.697 101.657 95.618 20.597 0.000 71.535 106.532 103.539 102.558 0.000 0.000 0.000 0.000 0.000
66.723 58.723 0.000 0.000 8.719 69.719 65.720 65.719 65.719 69.719 83.718 61.718 65.717 69.716 71.714 72.713 69.711 66.710 64.708 66.706 76.705 89.703 84.702 85.700 62.697 56.693 108.687 94.685 61.687 21.697 41.718 69.730 66.740 66.751 68.764 61.778 45.795 35.815 47.838 87.865 63.899 16.943 12.002 7.073 16.145 21.219 15.295 20.362 20.444 58.561 109.301 100.547 104.287 103.193 103.007 102.898 102.875 102.840 103.799 103.763 68.724 44.670 30.669 33.676 84.633 105.619 101.620 92.635 10.668 0.000 0.000 0.000 0.000
66.734 66.735 49.740 0.000 9.728 70.728 66.728 66.728 65.728 66.727 81.727 68.726 71.726 73.725 72.724 67.723 64.722 65.721 65.720 64.719 74.718 97.717 93.716 80.715 73.713 64.709 40.695 29.689 16.688 0.000 22.748 71.754 66.762 68.773 51.786 25.801 10.818 7.838 49.861 66.887 35.919 7.965 11.034 16.133 23.211 19.296 13.401 6.499 9.802 57.794 109.367 103.435 103.197 103.020 103.005 102.971 102.931 102.894 100.860 91.830 24.807 0.000 41.735 100.725 105.703 103.690 97.687 87.692 5.702 0.000 0.000 0.000 0.000
63.742 65.743 62.745 0.000 5.737 70.737 65.737 63.737 65.736 69.736 73.736 72.735 72.735 70.734 64.734 65.733 65.732 66.732 66.731 71.731 89.730 88.730 81.731 90.731 88.732 59.733 0.000 0.000 0.000 0.000 20.771 71.775 66.783 69.793 40.805 2.821 36.838 62.859 82.881 51.904 3.924 0.083 0.147 5.214 15.269 15.358 15.480 9.751 6.507 109.551 109.461 102.341 103.188 103.090 103.057 103.019 102.983 104.949 89.917 72.889 32.867 8.857 56.810 86.785 95.765 104.752 93.745 82.744 4.747 0.000 0.000 0.000 0.000
70.750 68.751 57.751 0.000 56.747 64.746 66.746 70.746 71.745 72.745 70.745 71.744 69.744 65.744 65.743 66.743 66.743 65.742 67.742 90.743 89.743 71.744 84.745 82.747 86.751 84.758 47.776 3.787 12.793 42.795 47.791 67.794 66.800 66.810 61.823 53.838 70.856 69.877 63.900 85.925 33.948 0.096 0.164 9.240 14.295 12.379 13.486 37.646 62.048 109.635 104.667 104.416 104.157 103.144 103.105 103.070 104.034 102.001 56.970 33.941 45.917 46.894 100.864 102.840 82.821 92.807 87.798 60.794 25.793 0.000 0.000 0.000 0.000
71.758 72.758 69.759 57.760 71.757 71.755 71.755 72.754 72.754 73.754 85.754 67.754 65.753 65.753 66.753 66.753 66.753 67.753 81.754 92.754 67.755 71.757 98.759 90.762 78.766 81.773 84.783 68.792 73.798 88.801 81.803 69.808 62.815 62.825 73.837 89.853 76.871 48.893 20.918 75.949 64.993 14.067 17.137 22.215 18.289 9.381 11.451 52.734 104.980 109.713 101.647 104.299 105.228 103.191 103.155 103.119 96.084 86.051 43.019 13.990 22.963 23.938 84.912 126.890 107.871 83.856 75.846 54.840 63.838 16.838 0.000 3.009 7.009
76.765 76.765 72.765 72.765 72.764 73.764 73.763 69.763 66.763 65.763 28.763 18.763 69.763 66.763 66.763 66.763 65.763 68.764 92.765 78.766 63.767 69.769 86.771 103.775 98.779 95.785 93.792 89.799 85.804 84.809 92.814 89.819 83.827 79.837 82.849 86.864 48.883 12.904 11.930 27.961 24.008 9.071 18.129 28.193 24.269 15.372 8.528 51.777 109.859 109.788 104.540 106.384 103.272 103.240 104.203 100.167 84.132 77.098 83.067 89.037 73.009 94.983 109.958 126.935 135.917 119.901 81.891 86.884 61.881 0.000 0.000 0.000 0.000
15.772 16.772 76.771 71.772 71.772 66.772 63.772 65.771 60.771 13.771 13.772 2.772 70.772 66.772 66.773 66.773 66.774 84.774 91.775 64.777 66.778 66.780 69.783 75.786 77.790 77.796 73.801 76.807 92.812 85.817 76.823 79.829 86.836 90.846 93.858 90.873 65.891 30.913 13.936 12.957 0.000 2.079 13.114 22.161 6.215 0.000 21.728 81.972 109.927 101.882 105.608 105.345 103.329 103.287 104.250 99.213 86.178 52.144 59.112 102.082 113.053 145.026 136.001 107.978 95.958 112.942 91.931 85.923 60.920 0.000 0.000 0.000 0.000
2.780 11.779 25.776 80.779 65.780 63.780 65.780 65.780 66.780 13.780 4.780 59.781 67.781 66.782 66.782 66.783 68.784 92.785 77.786 63.787 66.789 66.791 66.794 65.797 65.801 65.805 64.810 71.815 100.820 79.825 10.831 18.837 30.844 81.853 91.864 75.878 80.896 67.919 19.945 16.973 2.011 7.053 20.086 12.124 0.000 0.000 39.889 110.058 109.993 104.764 106.504 102.412 103.373 103.334 103.296 103.259 90.223 53.189 68.156 105.125 101.095 135.067 130.041 99.017 103.997 89.979 70.966 88.959 66.957 0.974 0.000 0.000 0.000
64.788 60.788 0.000 72.788 82.788 83.788 64.788 76.788 83.788 59.789 57.789 67.790 66.790 66.791 66.792 66.793 85.793 89.795 64.796 66.798 65.799 64.802 66.805 66.808 66.811 66.815 65.819 73.824 102.828 83.833 29.838 2.844 53.850 78.858 91.868 70.880 60.896 19.922 12.952 15.978 14.008 22.036 26.054 0.097 0.000 18.810 81.059 110.121 102.021 105.742 105.484 103.462 103.419 103.379 103.340 104.303 95.267 84.232 107.199 132.166 120.136 137.107 134.079 128.054 135.031 101.012 77.997 87.988 95.985 24.991 0.000 0.000 0.000
66.796 65.797 60.800 66.797 65.796 13.796 87.796 79.797 66.797 67.797 67.798 66.799 66.799 66.800 66.801 69.802 92.803 75.804 65.806 66.807 72.810 80.812 66.815 64.818 66.821 65.824 68.828 92.832 100.836 75.840 63.845 51.850 73.855 72.861 33.868 18.877 15.886 0.000 4.961 4.982 6.005 7.027 9.041 0.000 21.872 79.024 101.193 110.182 102.983 103.625 103.547 103.504 103.463 103.422 103.383 104.346 95.309 78.274 74.240 107.207 97.175 111.144 114.115 102.088 104.062 76.040 53.022 67.010 134.004 87.004 22.008 12.009 34.010
66.804 66.804 66.805 66.804 66.804 60.804 76.804 92.805 68.805 65.806 66.807 66.808 66.808 66.809 65.811 88.812 90.813 64.814 66.815 67.817 64.819 26.822 85.825 80.827 67.830 65.834 83.837 102.840 86.844 66.847 66.851 67.855 70.859 74.864 11.868 12.872 0.000 1.946 16.950 0.000 0.000 0.000 0.000 0.000 44.988 102.160 110.297 110.241 102.867 103.701 103.584 103.547 103.505 103.465 103.426 102.387 87.351 89.315 109.280 128.246 127.213 132.181 137.149 124.119 122.091 109.064 58.042 56.027 132.018 96.013 34.010 27.010 92.010
66.811 66.811 66.811 66.812 66.812 66.812 66.812 77.813 92.814 68.814 65.815 66.816 66.817 64.819 72.820 93.821 73.822 65.824 67.825 65.826 7.829 4.832 73.834 74.837 80.840 79.842 87.845 86.848 67.851 65.854 67.858 70.861 75.864 75.866 0.000 0.000 0.000 3.942 27.943 14.940 15.939 14.939 0.000 6.119 53.248 107.377 110.353 102.206 103.920 103.654 103.634 103.588 103.546 103.506 103.466 103.428 89.391 85.354 106.319 107.284 107.249 110.216 110.183 109.150 114.117 87.083 63.056 78.037 93.026 32.021 0.000 0.000 36.010
66.818 68.818 68.818 66.819 66.819 66.820 66.820 66.821 77.822 92.823 68.824 63.825 63.826 80.828 92.829 86.831 63.832 66.833 62.834 8.833 5.839 59.842 66.844 66.847 72.849 89.851 89.854 82.856 75.859 67.861 54.864 24.867 89.869 69.870 0.000 0.000 0.000 2.938 16.939 9.939 23.939 12.939 0.000 6.284 26.371 110.460 110.407 103.075 103.809 103.714 103.671 103.628 103.586 103.546 103.506 104.468 99.430 89.393 84.357 83.321 83.285 83.251 83.216 87.181 61.143 5.095 31.060 87.041 83.029 44.023 6.020 0.000 35.011
67.825 4.825 5.824 66.826 65.827 64.827 64.828 63.829 63.830 76.831 91.832 84.834 91.835 93.837 80.839 64.840 71.842 71.844 59.845 0.000 7.851 70.853 66.854 68.856 92.858 99.860 77.862 68.864 75.866 82.868 70.871 6.873 49.874 67.876 0.000 0.000 0.000 3.933 9.935 6.937 20.938 0.000 0.000 6.385 11.715 110.512 108.327 104.039 103.780 103.756 103.709 103.667 103.625 103.585 103.545 103.507 104.469 103.432 101.395 100.358 100.321 101.285 103.250 77.215 19.179 0.000 16.048 72.037 103.028 94.021 67.017 43.013 60.012
66.833 65.833 0.833 65.834 76.834 80.835 84.836 89.837 92.838 93.839 93.841 93.842 79.844 66.846 82.848 99.850 100.852 100.855 93.858 71.864 6.862 67.863 65.864 74.866 102.867 89.869 66.871 65.872 67.874 70.876 61.877 6.879 26.881 26.882 0.000 0.000 0.000 9.927 4.931 0.000 3.938 0.000 14.379 15.643 6.323 110.562 112.277 107.914 103.835 103.790 103.746 103.704 103.663 103.623 103.584 103.545 103.507 103.470 103.432 103.394 104.356 107.319 79.284 12.250 0.000 4.965 0.000 17.030 73.023 104.017 95.014 71.011 48.011
66.840 68.841 64.843 66.842 81.842 80.842 76.843 72.844 71.846 67.847 88.849 78.851 89.853 80.855 96.857 92.859 85.862 86.865 97.867 103.871 92.872 93.873 85.874 93.875 101.877 74.878 65.879 66.880 66.881 65.883 65.884 67.885 62.887 11.891 71.898 62.903 1.909 3.916 0.000 0.000 0.000 5.311 83.374 80.583 110.655 110.610 106.154 106.982 103.864 103.825 103.782 103.740 103.699 103.660 103.621 103.583 103.545 103.508 103.470 105.431 110.388 79.352 19.318 0.000 0.000 1.965 0.965 0.000 14.017 65.012 100.009 50.007 0.000
68.847 4.847 63.848 66.848 66.849 66.849 65.851 66.852 68.853 66.855 78.857 73.859 82.861 93.864 81.866 66.869 67.872 68.874 69.877 74.880 87.881 97.883 103.884 101.885 90.886 66.887 66.887 66.888 66.889 66.890 67.890 90.891 63.893 3.895 67.899 17.904 11.908 4.912 0.000 0.000 0.000 15.279 103.486 105.694 110.699 104.486 104.192 103.927 103.905 103.858 103.816 103.775 103.735 103.696 103.658 103.620 103.583 103.547 105.510 90.471 44.414 11.383 0.000 3.965 1.965 21.965 28.965 0.000 0.000 36.003 98.002 50.001 0.000
69.853 2.854 63.854 66.855 66.855 66.856 66.858 67.859 5.861 65.863 69.865 80.867 80.870 88.872 93.875 79.878 64.881 64.884 64.887 66.889 68.891 69.893 70.894 70.895 69.895 68.896 64.896 64.896 65.896 66.896 77.897 91.897 62.897 56.898 58.899 0.000 0.000 4.912 0.000 0.000 0.000 19.353 102.472 110.783 110.741 103.343 104.073 103.977 103.934 103.891 103.849 103.809 103.769 103.731 103.694 103.657 103.621 103.586 108.553 64.527 0.000 0.000 1.967 0.000 1.965 16.965 23.965 0.000 0.000 38.996 98.996 57.995 0.000
