results4_8e4_rain/res_4e8f-0076.wd
ncols         241
nrows         181
xllcorner     12693529.787448
yllcorner     3542525.717860
cellsize      155.156523
NODATA_value  -9999.000000
[rows 33 to 65 of 181, columns 73 to 145 of 241]
0.000 0.000 0.000 0.000 0.000 0.000 0.000 0.000 0.000 0.000 0.000 0.000 0.000 0.000 0.000 0.000 0.000 0.000 0.000 0.000 0.000 0.000 0.000 0.000 0.000 0.000 0.000 0.000 0.000 0.000 0.000 0.000 0.000 0.000 0.000 0.000 0.000 0.000 0.000 35.268 58.268 63.270 19.271 0.000 0.000 28.329 42.351 9.334 0.339 32.364 35.372 29.368 30.352 31.323 31.280 31.223 31.155 30.076 35.986 55.868 2.516 9.502 7.008 42.335 58.851 63.409 61.996 62.626 61.190 63.305 58.384 57.953 57.946
0.000 0.000 0.000 0.000 0.000 0.000 0.000 0.000 0.000 0.000 0.000 0.000 0.000 0.000 0.000 0.000 0.000 0.000 0.000 0.000 0.000 0.000 0.000 0.000 0.000 0.000 0.000 0.000 0.000 0.000 0.000 0.000 0.000 0.000 0.000 0.000 0.000 0.000 0.000 0.000 10.269 5.269 0.000 0.000 0.000 0.000 24.420 0.000 0.000 22.393 46.422 45.423 35.408 31.376 31.327 31.260 31.177 30.085 51.996 49.932 0.000 32.541 45.187 58.697 63.229 62.784 62.381 61.913 62.998 59.037 58.285 58.534 60.852
0.000 0.000 0.000 0.000 0.000 0.000 0.000 0.000 0.000 0.000 0.000 0.000 0.000 0.000 0.000 0.000 0.000 0.000 30.636 62.636 15.636 0.000 0.000 0.000 0.000 0.000 0.000 0.000 0.000 0.000 0.000 0.000 0.000 0.000 0.000 0.000 0.000 0.000 0.000 0.000 0.000 0.000 0.000 0.000 0.000 0.000 16.489 0.000 0.000 0.000 24.499 42.495 42.480 33.448 31.393 31.313 29.209 45.089 53.981 0.000 18.375 42.933 57.501 64.039 63.577 63.147 62.649 64.702 60.705 58.748 59.132 61.468 60.725
0.000 0.000 0.000 0.000 0.000 0.000 0.000 0.000 0.000 0.000 0.000 17.637 55.637 0.000 0.000 0.000 0.000 0.000 37.636 88.636 44.636 0.000 0.000 0.000 0.000 0.000 0.000 0.000 0.000 0.000 0.000 0.000 0.000 0.000 0.000 0.000 0.000 0.000 0.000 0.000 0.000 0.000 0.000 0.000 0.000 0.000 19.558 20.590 27.606 13.607 23.582 31.577 44.569 35.542 31.484 28.389 39.257 49.083 37.859 13.427 42.816 60.316 64.847 64.375 63.925 63.399 63.420 62.391 59.327 59.750 62.091 61.348 61.127
0.000 0.000 0.000 0.000 0.000 0.000 0.000 0.000 0.000 0.000 0.000 38.637 73.637 62.637 49.637 4.637 0.000 22.637 76.636 84.636 49.636 0.000 0.000 0.000 0.000 18.607 0.000 0.000 0.000 0.000 0.000 0.000 0.000 0.000 0.000 0.000 0.000 2.614 0.000 0.000 0.000 6.615 24.615 0.000 0.000 35.603 50.595 53.607 51.621 37.634 31.644 30.662 44.678 35.666 27.611 41.503 55.348 43.125 30.944 45.605 50.146 62.670 65.189 64.721 64.170 64.156 62.100 60.023 60.394 62.731 61.984 61.758 61.440
0.000 0.000 0.000 0.000 0.000 0.000 0.000 0.000 0.000 0.000 0.000 9.637 71.637 54.637 35.637 0.000 18.637 68.637 79.637 86.636 45.636 0.000 0.000 0.000 0.000 56.607 40.607 0.000 0.000 0.000 0.000 0.000 0.000 0.000 0.000 0.000 19.614 31.614 33.614 0.000 0.000 15.615 40.615 19.615 33.614 56.611 59.612 60.621 57.637 44.662 31.698 28.750 45.814 36.833 40.791 58.665 52.506 0.000 29.188 47.905 60.494 66.026 65.547 64.973 64.921 62.843 60.852 61.072 63.398 62.645 62.410 62.081 61.767
0.000 0.000 0.000 0.000 0.000 0.000 0.000 0.000 0.000 0.000 0.000 0.000 0.000 22.637 60.637 56.638 44.638 57.638 77.637 88.636 41.636 0.000 0.000 0.000 0.000 18.607 42.608 44.608 0.000 0.000 0.000 0.000 0.000 0.000 0.000 0.000 35.614 36.614 48.614 31.615 20.615 34.615 35.616 31.616 38.616 45.616 43.620 36.628 55.645 21.681 37.735 40.827 30.994 43.063 56.054 52.860 0.000 4.133 40.714 57.332 65.899 66.408 65.829 65.735 62.638 61.859 61.800 64.103 63.342 63.095 62.751 62.419 62.086
0.000 0.000 0.000 0.000 0.000 0.000 0.000 0.000 0.000 0.000 0.000 0.000 0.000 12.637 79.638 74.638 64.638 54.638 78.638 86.637 81.635 66.632 21.631 0.000 0.000 0.000 0.000 52.608 36.608 34.608 45.609 40.609 3.609 0.000 0.000 0.000 35.614 34.614 55.614 61.615 50.615 42.616 34.616 31.617 32.618 33.619 32.622 30.627 38.633 0.000 0.000 0.180 36.272 59.369 57.504 0.000 2.992 40.553 54.202 63.820 67.330 66.860 67.607 63.523 63.127 62.599 64.859 64.086 63.823 63.462 63.110 62.753 62.396
0.000 0.000 0.000 0.000 0.000 0.000 0.000 0.000 0.000 0.000 0.000 0.000 0.000 0.000 12.638 51.639 26.640 62.640 81.639 86.637 84.635 82.632 71.629 30.627 0.000 0.000 0.000 8.608 47.608 47.608 60.609 58.609 51.609 46.609 0.000 0.000 2.614 39.614 58.614 65.615 57.615 41.616 30.616 31.617 31.618 31.620 31.622 31.625 35.628 0.000 0.000 0.000 6.455 43.638 13.089 10.414 45.307 50.036 61.740 68.317 68.139 66.342 64.629 64.800 63.506 65.690 64.893 64.604 64.221 63.849 63.471 63.088 62.697
0.000 0.000 0.000 0.000 0.000 0.000 0.000 0.000 0.000 0.000 0.000 0.000 0.000 0.000 0.000 0.000 83.642 83.642 85.641 85.639 84.635 78.631 72.627 43.624 0.000 0.000 0.000 0.000 0.000 15.609 60.609 54.609 69.609 66.610 45.611 24.612 25.613 34.614 56.614 65.615 56.615 39.616 29.617 34.618 33.619 31.620 31.622 31.624 32.625 24.625 0.000 0.000 0.000 0.000 4.802 47.846 50.751 58.570 69.263 69.349 67.686 69.492 67.107 64.584 66.628 65.782 65.451 65.037 64.640 64.239 63.836 63.433 62.013
0.000 0.000 0.000 0.000 0.000 0.000 18.453 41.452 0.000 19.415 59.407 48.397 52.389 27.384 0.000 0.000 19.644 91.644 85.645 82.642 79.637 82.630 73.624 36.620 0.000 0.000 0.000 0.000 0.000 0.000 0.000 4.609 58.609 59.610 10.610 0.000 1.614 38.614 56.614 61.615 51.615 42.616 40.617 2.618 9.619 37.621 31.622 31.623 32.624 38.624 46.624 8.624 0.000 0.000 20.470 53.418 57.295 68.083 70.276 69.897 73.220 71.761 66.000 67.719 66.776 66.375 65.916 65.485 65.057 64.630 64.204 63.793 69.459
0.000 0.000 0.000 0.000 0.000 0.000 18.454 61.452 3.441 53.423 55.409 67.396 50.385 35.379 0.000 0.000 7.645 76.647 88.652 85.648 85.640 86.628 80.618 34.611 0.000 0.000 0.000 0.000 0.000 0.000 0.000 0.000 0.000 43.610 2.610 0.000 0.000 44.614 41.614 53.615 10.615 0.000 0.000 0.000 0.000 3.621 41.622 35.622 0.000 28.624 62.624 45.624 0.000 0.000 25.198 59.031 67.921 71.026 70.771 74.982 74.242 67.428 68.900 67.859 67.372 66.855 66.383 65.925 65.473 65.019 64.556 64.075 68.573
16.718 60.716 50.714 0.000 0.000 0.000 12.457 72.460 48.447 50.428 56.410 80.393 81.378 76.367 30.356 0.000 0.000 0.000 36.667 90.659 85.645 86.627 83.608 42.596 0.000 0.000 0.000 0.000 0.000 0.000 0.000 0.000 0.000 1.610 0.000 0.000 0.000 0.000 0.000 0.000 0.000 0.000 0.000 0.000 0.000 0.000 0.000 16.622 13.622 0.000 0.000 0.000 0.000 14.589 52.008 68.954 70.619 71.541 75.900 75.523 68.494 69.977 68.936 68.394 67.829 67.318 66.831 66.360 65.892 65.419 64.925 64.379 66.691
16.718 72.715 54.712 50.707 0.000 0.000 0.000 64.484 66.460 66.434 78.408 75.387 87.369 86.354 47.344 0.000 0.000 0.000 12.691 92.677 85.654 86.625 83.594 43.568 0.000 0.000 4.215 52.183 64.149 33.126 0.000 0.000 0.000 0.000 0.000 0.000 0.000 0.000 0.000 0.000 0.000 0.000 0.000 0.000 0.000 0.000 0.000 0.000 1.622 0.000 0.000 0.000 12.553 53.058 70.014 70.588 76.791 76.279 69.817 70.346 70.792 69.912 69.372 68.795 68.261 67.753 67.266 66.790 66.317 65.840 65.347 71.823 12.257
80.720 77.716 56.711 57.703 49.692 0.000 54.574 49.532 57.477 70.437 74.402 85.378 86.356 85.337 54.323 0.000 0.000 0.000 11.728 91.705 85.669 86.625 81.574 61.514 45.419 46.331 46.246 54.187 75.138 42.103 0.000 0.000 0.000 0.000 0.000 0.000 0.000 0.000 0.000 0.000 0.000 0.000 0.000 0.000 0.000 0.000 0.000 0.000 0.000 0.000 10.656 41.429 50.931 69.911 71.497 78.178 77.569 70.384 72.068 71.362 70.772 70.258 69.706 69.176 68.663 68.169 67.688 67.216 66.747 66.277 72.798 18.311 0.000
77.723 72.719 70.712 53.701 57.682 57.652 48.616 41.594 0.000 0.000 16.385 75.367 86.340 84.316 69.288 36.249 0.000 0.000 60.787 81.746 86.692 85.631 86.565 76.494 52.412 49.330 48.250 57.180 75.114 58.045 43.949 44.874 48.818 59.784 23.770 0.000 0.000 0.000 0.000 0.000 0.000 0.000 0.000 0.000 0.000 0.000 0.000 0.000 0.000 0.000 21.860 61.695 69.635 72.278 79.069 78.669 71.131 72.765 71.951 71.539 71.051 70.544 70.038 69.538 69.048 68.570 68.101 67.639 67.180 72.721 19.259 0.000 0.000
66.728 18.724 86.718 57.707 51.683 52.659 54.643 54.634 43.643 0.000 0.000 0.000 20.319 91.299 81.265 59.210 51.120 58.018 56.888 58.802 66.721 67.641 54.562 51.484 49.405 49.325 48.246 57.169 72.092 51.013 47.929 52.854 68.797 71.763 56.756 30.756 0.000 0.000 0.000 0.000 0.000 0.000 0.000 0.000 0.000 0.000 0.000 0.000 0.000 12.718 54.554 70.155 72.988 79.627 79.388 71.850 73.462 72.646 72.253 71.785 71.316 70.840 70.363 69.889 69.421 68.961 68.508 68.059 73.612 19.166 0.000 0.000 0.000
12.734 85.733 86.730 72.725 0.000 0.000 59.662 55.655 66.653 57.653 0.000 0.000 0.000 79.296 76.262 61.207 52.132 49.045 48.946 51.851 64.748 72.651 75.559 68.477 58.398 51.320 50.239 66.157 69.073 43.987 47.899 47.818 48.752 52.715 31.736 0.000 0.000 0.000 2.417 0.000 0.000 0.000 0.000 0.000 0.000 0.000 0.000 15.964 47.630 55.477 68.981 80.285 79.891 72.941 73.519 74.059 73.341 72.945 72.489 72.043 71.591 71.137 70.683 70.233 69.787 69.347 69.910 76.477 20.045 0.000 0.000 0.000 0.000
90.742 86.743 86.743 86.739 73.734 56.716 56.688 56.671 47.662 0.000 13.403 20.403 72.376 69.326 72.279 65.224 66.158 66.083 66.001 68.909 63.771 63.655 65.544 69.466 70.392 68.316 64.235 75.148 73.056 60.961 61.863 61.767 63.678 38.610 0.000 0.000 0.000 0.000 3.417 0.000 0.000 0.000 0.000 0.000 0.000 2.865 50.618 51.188 72.200 72.752 81.403 80.904 75.448 75.145 74.512 74.020 73.615 73.173 72.739 72.304 71.868 71.433 71.001 70.573 70.149 70.728 74.310 6.893 0.000 0.000 0.000 0.000 0.000
89.749 85.755 85.758 86.755 83.746 61.727 55.703 56.681 57.660 49.641 0.000 64.430 61.399 62.354 63.306 58.251 62.192 67.128 75.065 60.013 0.000 0.000 10.498 68.451 64.389 64.318 64.235 64.143 64.044 63.938 63.827 63.709 61.582 56.438 29.244 0.000 4.963 48.736 55.417 67.072 36.795 0.000 0.000 0.000 0.000 52.047 62.842 74.767 75.400 82.159 81.816 76.124 75.779 75.022 74.670 74.256 73.832 73.410 72.988 72.566 72.145 71.727 71.315 70.908 71.506 74.106 21.708 0.000 0.000 0.000 0.000 0.000 0.000
75.756 75.771 75.780 86.778 86.766 76.745 52.716 55.687 56.658 56.622 62.563 71.488 55.435 52.387 50.337 57.285 72.229 71.173 56.118 36.065 0.000 0.000 0.000 0.000 53.395 48.331 48.245 48.146 48.037 48.920 51.796 52.660 52.505 51.314 52.051 50.641 50.189 58.830 65.442 63.005 69.518 66.900 61.348 58.815 61.187 72.750 76.242 76.026 82.653 82.438 76.786 76.418 75.648 75.300 74.882 74.472 74.059 73.647 73.236 72.826 72.419 72.016 71.624 72.240 72.861 11.484 0.000 0.000 0.000 0.000 0.000 0.000 0.000
0.000 41.792 53.813 81.812 85.797 66.768 49.731 48.695 56.662 56.627 55.580 49.523 50.468 56.421 73.372 72.321 55.268 48.217 38.167 0.000 57.830 66.778 62.696 63.593 66.466 69.367 68.267 69.159 72.038 70.911 67.777 69.631 64.463 50.261 54.006 52.683 57.322 74.952 81.517 77.986 71.373 65.831 67.347 73.798 78.640 77.047 83.261 82.901 76.806 78.403 76.970 76.289 75.928 75.508 75.100 74.691 74.285 73.882 73.482 73.085 72.687 73.295 70.924 66.567 18.214 0.000 0.000 0.000 0.000 0.000 0.000 0.000 0.000
0.000 0.000 46.866 65.861 76.840 51.801 43.743 50.699 48.670 55.642 56.607 56.556 49.493 66.455 58.410 47.358 50.305 42.261 0.000 66.958 69.883 69.806 71.718 72.618 75.508 79.403 78.299 78.183 78.047 79.908 80.770 78.623 66.455 52.261 54.031 53.762 53.464 56.140 29.687 2.062 91.155 132.728 110.270 76.210 77.729 84.277 83.819 77.274 79.989 77.388 76.927 76.549 76.134 75.726 75.316 74.908 74.506 74.113 73.728 73.343 74.950 69.551 58.211 12.889 0.000 0.000 0.000 0.000 0.000 0.000 0.000 0.000 27.760
0.000 0.000 1.946 22.926 57.902 39.852 0.000 45.687 50.676 50.664 56.649 45.603 0.000 50.497 48.455 50.398 51.333 61.260 75.161 72.034 73.936 79.846 89.753 133.653 130.543 130.440 130.340 130.229 131.060 114.902 46.773 49.634 47.476 55.296 54.094 50.870 48.633 30.457 0.000 0.000 0.068 57.531 74.617 79.243 84.989 84.663 76.897 78.582 77.865 77.545 77.158 76.756 76.352 75.943 75.531 75.119 74.719 74.337 74.972 73.610 65.218 53.750 11.481 0.000 0.000 0.000 0.000 0.000 0.000 0.000 0.000 18.902 39.834
73.164 21.131 10.064 72.994 50.992 0.000 0.000 0.000 44.683 57.690 49.722 0.000 2.657 58.581 49.515 60.445 73.369 73.285 78.188 81.082 73.982 59.888 50.795 46.698 44.572 47.473 48.394 35.333 0.000 51.869 48.786 47.665 51.518 55.353 52.178 43.991 50.741 31.599 0.000 0.000 52.863 69.889 79.646 85.484 85.264 77.502 79.174 78.455 78.145 77.760 77.373 76.977 76.573 76.163 75.744 75.319 74.914 75.545 71.213 59.907 16.563 0.000 0.000 0.000 0.000 0.000 0.000 0.000 0.000 0.000 0.000 36.969 35.913
83.181 91.166 79.146 0.000 8.080 2.198 0.000 0.000 0.000 0.000 53.829 51.815 59.733 56.655 56.578 56.498 73.414 87.322 76.224 56.123 54.023 48.929 50.842 41.774 0.000 53.487 50.430 39.376 0.000 52.919 47.838 48.721 55.580 53.420 51.276 33.173 0.000 0.000 49.467 47.343 64.141 80.068 85.757 78.463 79.023 79.669 79.051 78.742 78.363 77.988 77.600 77.204 76.801 76.392 75.965 76.497 76.075 65.715 50.429 13.243 0.000 0.000 0.000 0.000 0.000 0.000 0.000 0.000 12.359 11.313 26.226 38.094 26.005
73.206 77.208 67.207 0.000 0.000 67.300 60.325 54.322 0.000 6.041 71.949 68.883 55.807 56.727 56.644 57.557 78.465 130.367 123.265 70.161 125.059 45.962 49.870 49.781 51.680 49.558 49.464 49.366 51.228 47.049 46.925 55.803 54.659 51.471 46.333 35.253 0.000 0.000 51.590 58.459 80.481 79.378 86.125 79.516 80.094 79.632 79.328 78.967 78.602 78.224 77.836 77.438 77.034 76.639 78.225 73.632 55.172 41.811 43.544 9.394 0.000 0.000 0.000 0.000 0.000 0.000 0.000 0.000 21.406 26.353 40.273 34.175 24.087
69.234 64.250 8.268 0.000 0.000 50.363 59.353 56.320 74.247 68.133 73.042 80.963 71.884 56.801 56.714 56.621 55.522 49.416 44.307 49.197 46.091 49.990 49.894 49.800 49.703 49.600 49.501 49.395 48.269 53.126 55.009 55.906 39.783 0.000 39.333 0.000 0.000 0.000 55.817 77.752 81.772 87.164 86.681 79.618 80.261 79.891 79.564 79.215 78.850 78.472 78.082 77.677 77.259 75.906 37.665 0.000 0.000 0.000 0.000 0.000 0.000 0.000 0.000 17.816 12.802 11.768 10.711 14.626 23.506 39.420 33.336 24.248 34.164
61.258 52.293 57.345 2.436 55.466 51.435 50.404 68.357 61.289 77.204 86.122 66.043 51.964 49.881 52.791 55.692 56.585 56.470 49.349 48.230 49.118 49.013 49.916 49.822 49.731 54.638 51.545 48.444 49.327 52.177 56.078 45.032 0.000 0.000 0.000 0.000 11.567 131.444 75.145 82.170 80.151 87.588 79.464 81.970 83.441 80.155 79.825 79.478 79.113 78.730 79.344 75.930 63.417 54.062 11.864 0.000 0.000 0.000 0.000 0.000 0.000 0.000 19.835 19.830 19.823 20.792 20.738 21.663 35.572 35.487 19.403 22.319 24.236
36.273 37.317 31.386 55.496 51.526 50.510 61.471 65.415 76.346 83.272 49.198 48.125 49.049 50.966 49.875 46.772 54.656 55.528 56.390 55.257 49.137 48.030 46.933 47.844 53.759 112.677 80.596 60.510 43.418 0.000 58.094 66.111 0.000 0.000 0.000 0.000 55.693 66.593 83.474 81.512 88.328 87.972 80.564 81.082 81.736 80.430 80.105 79.761 79.393 79.991 78.634 31.282 0.000 0.000 0.000 0.000 0.000 0.000 0.000 0.000 0.000 0.000 26.840 22.846 19.867 20.840 18.785 30.715 37.634 21.552 22.470 30.388 28.307
0.000 0.000 0.000 48.635 51.633 53.606 74.556 85.485 99.411 81.340 10.274 67.208 67.139 51.062 50.971 49.865 47.740 50.594 56.428 54.271 55.143 57.036 54.943 52.860 48.785 43.717 48.652 43.581 0.000 0.000 0.000 52.206 44.230 0.000 0.000 0.000 65.917 82.797 82.877 80.894 88.652 80.313 82.801 84.295 81.026 80.723 80.405 80.066 79.707 77.206 31.920 0.000 0.000 0.000 0.000 0.000 0.000 0.000 0.000 0.000 0.000 26.488 0.000 0.000 27.962 17.915 28.850 40.776 28.698 23.617 28.536 32.456 25.377
0.000 0.000 0.000 46.778 52.763 68.726 79.660 127.560 121.471 123.403 129.348 125.296 126.239 51.169 51.084 49.977 49.845 48.681 43.455 53.256 55.128 56.028 53.943 55.869 55.805 56.752 49.715 0.000 0.000 0.000 0.000 53.278 38.254 0.000 0.000 57.438 79.227 83.160 82.144 89.244 88.956 81.381 81.917 82.595 81.321 81.033 80.724 81.393 56.163 0.000 0.000 0.000 0.000 0.000 0.000 0.000 0.000 0.000 38.683 27.639 17.572 21.488 21.387 22.264 22.104 25.007 37.924 34.844 29.763 30.683 28.603 26.523 22.445
12.882 0.000 0.000 47.935 64.916 72.876 78.799 49.623 48.510 47.453 44.420 45.390 45.350 51.293 51.217 67.116 66.982 42.831 0.000 40.170 53.084 55.006 52.931 54.868 54.814 55.770 51.741 0.000 0.000 0.000 51.470 36.374 0.000 0.000 58.794 67.643 84.486 83.379 82.554 89.512 81.081 83.596 86.121 81.887 81.628 81.364 80.068 67.617 26.390 0.000 0.000 0.000 0.000 0.000 24.913 19.895 19.858 19.803 23.727 35.662 38.590 24.506 19.410 21.301 23.184 38.084 36.995 22.911 31.829 32.749 31.669 24.590 20.512
