results4_8e4_rain/res_4e8f-0070.wd
ncols         241
nrows         181
xllcorner     12693529.787448
yllcorner     3542525.717860
cellsize      155.156523
NODATA_value  -9999.000000
[rows 128 to 159 of 181, columns 0 to 73 of 241]
62.855 62.855 62.855 62.854 62.854 62.853 61.852 74.851 80.849 64.848 62.846 62.844 62.842 62.839 62.837 62.834 62.830 62.827 62.823 68.820 39.816 0.000 0.000 0.000 0.000 21.424 36.425 58.428 66.414 70.382 44.320 20.235 55.120 92.956 90.829 70.732 52.645 10.625 0.000 46.541 63.547 62.555 65.566 60.580 69.598 92.621 89.658 34.732 0.000 14.896 0.000 0.000 0.000 0.000 0.000 0.000 0.000 0.000 0.000 0.000 0.000 0.000 0.000 0.000 0.000 0.000 0.000 0.000 0.000 0.000 74.027 129.974 112.909 134.817
59.861 60.860 61.860 61.860 62.859 62.858 60.857 75.856 78.854 61.852 62.850 62.848 62.846 62.843 62.840 62.837 62.833 62.829 62.824 62.818 68.812 48.805 0.000 0.000 0.000 0.000 0.000 34.454 65.435 61.398 64.342 68.266 80.169 97.051 80.939 48.835 0.000 0.000 0.000 45.667 62.667 65.669 78.675 64.685 74.701 75.723 94.756 98.806 81.868 31.896 0.000 0.000 0.000 0.000 0.000 0.000 0.000 0.000 0.000 0.000 0.000 0.000 0.000 0.000 0.000 0.000 0.000 0.000 0.000 60.250 70.156 71.082 74.014 92.989
80.866 75.866 70.866 68.865 64.864 60.863 60.862 75.861 78.859 60.857 62.855 62.853 62.850 62.847 62.844 62.840 61.836 60.831 61.825 61.818 61.809 67.799 44.783 21.771 0.000 0.000 0.000 33.498 71.473 65.435 60.384 73.319 96.238 90.140 58.039 0.000 0.000 0.000 0.000 43.793 61.784 66.780 73.780 68.786 73.797 72.813 85.837 79.869 72.902 45.924 0.954 0.000 0.000 0.000 0.000 0.000 0.000 0.000 0.000 0.000 0.000 0.000 0.000 0.000 7.063 0.000 0.000 3.424 37.424 65.344 134.262 98.194 130.077 113.749
100.872 99.872 95.871 90.871 86.870 81.869 76.868 72.866 67.865 61.863 62.861 62.858 62.855 62.852 61.848 63.844 69.839 74.834 73.827 71.819 65.809 60.797 64.780 70.759 34.726 15.687 19.638 53.568 76.525 67.484 63.440 86.388 98.325 54.233 0.000 0.000 0.000 7.028 14.001 47.928 60.898 65.884 81.880 71.881 64.887 57.897 63.911 81.929 78.948 84.964 3.982 0.000 0.000 0.000 0.000 0.000 0.000 0.000 0.000 0.000 0.000 0.000 0.000 0.000 4.063 0.000 0.000 0.000 72.504 63.440 73.369 96.260 72.431 111.886
91.878 96.878 100.877 100.877 102.876 102.875 96.874 87.872 73.871 62.869 61.866 62.864 61.861 60.857 65.854 79.849 90.844 95.838 95.831 92.822 84.811 75.798 66.781 60.760 65.732 67.698 66.658 67.613 65.574 60.538 74.503 97.469 64.441 0.000 0.000 0.000 4.063 56.055 68.048 65.020 66.997 72.980 90.974 76.972 60.973 59.976 59.981 71.988 92.995 34.003 7.010 2.026 0.000 0.000 0.000 0.000 0.000 0.000 0.000 0.000 0.000 0.000 0.000 0.000 24.063 3.983 7.903 48.800 71.650 75.546 75.435 85.518 112.980 103.328
69.884 71.884 74.884 80.883 90.882 96.881 101.880 101.879 94.877 80.875 69.873 63.870 67.867 74.863 87.859 102.855 101.850 98.843 98.836 101.827 101.817 97.803 85.787 73.768 65.744 60.715 61.684 60.650 61.619 69.591 91.565 99.544 11.530 0.000 0.000 0.000 14.072 42.080 60.114 69.108 70.088 67.066 68.063 78.060 73.057 66.054 70.050 78.047 91.044 32.041 18.031 24.042 4.052 0.000 0.000 0.000 0.000 0.000 0.000 0.000 0.000 0.000 0.000 0.000 6.144 0.000 55.928 77.846 73.721 82.689 73.749 113.108 101.864 103.376
61.891 61.891 61.890 63.890 68.889 72.888 79.887 88.885 96.884 99.882 93.879 91.876 93.873 96.870 95.866 88.861 79.856 77.850 77.843 82.834 88.824 95.812 98.797 97.780 86.759 76.736 71.711 69.686 78.662 94.641 95.623 81.611 14.605 0.000 0.000 0.000 0.000 0.000 43.222 70.208 49.183 37.133 52.150 67.150 82.142 86.131 88.118 89.104 85.093 12.086 0.000 27.059 24.061 12.064 18.065 12.065 0.000 0.000 0.000 0.000 0.000 0.000 40.374 10.320 76.224 98.155 131.004 86.974 82.021 62.974 99.035 103.542 103.445 112.168
62.898 62.898 62.897 62.897 61.896 60.895 62.894 67.892 73.891 83.889 93.886 95.883 88.880 78.877 72.873 64.869 60.864 60.858 60.851 62.843 67.834 73.823 80.810 92.795 97.778 99.759 98.740 94.720 97.702 90.687 72.675 64.670 43.676 1.706 0.000 0.000 0.000 0.000 36.344 69.320 12.303 0.000 45.256 70.246 89.231 97.211 83.187 86.160 72.138 30.124 0.000 54.074 23.071 15.067 26.066 26.066 0.000 0.000 0.000 0.000 0.000 27.484 46.427 119.365 148.283 131.161 114.711 113.652 105.319 103.958 103.828 103.691 68.913 113.827
62.905 62.905 62.905 62.904 62.903 62.902 62.901 61.900 61.898 64.896 70.894 69.891 65.888 61.885 61.881 61.877 62.872 62.867 62.861 62.854 61.845 60.835 62.824 68.812 75.798 84.783 92.768 88.753 77.740 65.729 61.722 66.719 74.723 50.735 28.742 28.727 14.687 15.614 51.489 72.427 22.406 4.420 64.372 96.347 98.324 77.296 80.260 79.211 67.174 56.148 7.119 35.091 9.081 0.000 10.066 0.000 0.001 0.000 0.000 0.000 0.000 8.543 71.486 77.402 73.385 74.540 72.512 104.305 104.196 104.081 71.272 74.046 75.915 77.576
62.913 62.913 62.912 62.912 62.911 62.910 62.909 62.908 62.906 62.904 61.901 61.899 61.896 62.892 62.889 62.886 62.882 62.877 62.872 62.865 62.858 62.850 62.840 61.830 60.819 61.807 65.796 63.785 62.776 66.768 69.764 68.762 66.764 68.767 68.765 65.751 65.720 69.665 44.572 30.491 19.474 37.481 82.466 96.446 76.422 69.390 68.344 48.251 44.200 7.174 0.000 0.000 0.000 0.311 0.000 0.000 4.018 18.991 33.941 3.872 17.784 80.630 87.612 85.680 83.662 84.740 104.508 104.409 85.527 92.315 85.166 90.936 82.775 61.712
62.920 62.920 62.920 62.920 62.919 62.918 62.917 62.916 62.914 62.912 62.910 62.907 62.904 62.901 62.898 62.895 62.892 62.888 62.884 61.878 68.872 70.865 62.857 61.849 60.840 61.832 63.823 66.816 69.809 68.805 63.802 64.802 71.803 74.804 70.802 64.793 61.776 70.755 1.743 0.000 4.519 77.563 86.565 73.551 65.526 85.498 31.474 0.000 0.000 0.000 0.000 0.000 0.000 0.312 0.000 0.000 29.045 71.013 99.963 60.895 93.774 101.927 98.885 97.973 104.788 104.698 104.605 97.618 99.492 99.188 98.046 96.975 14.889 0.000
62.928 62.928 62.928 62.928 62.927 62.927 62.926 62.924 62.923 62.921 65.919 65.916 63.912 67.908 65.906 62.905 62.903 62.900 61.896 59.892 70.887 78.881 64.875 61.869 63.862 66.856 68.850 67.845 64.841 66.839 71.839 73.840 74.842 74.844 69.844 63.842 72.838 91.835 10.844 0.000 0.000 51.689 74.682 71.664 75.636 95.602 29.579 0.000 0.000 0.000 0.000 0.000 0.000 1.315 0.000 27.160 79.106 95.051 97.979 102.973 100.135 97.123 105.032 104.955 104.874 96.936 97.719 98.589 98.268 98.238 91.167 68.072 0.000 0.000
62.937 62.937 62.936 62.936 62.936 62.935 62.934 62.934 62.932 63.930 70.928 70.925 47.921 15.914 36.914 66.915 60.915 63.913 69.910 72.907 72.902 68.898 64.893 65.888 68.884 67.879 66.876 68.873 72.872 72.872 74.874 73.877 64.881 59.886 61.890 74.894 93.898 103.904 25.913 0.000 0.000 26.821 82.809 84.788 91.751 90.695 26.662 0.000 0.000 0.000 0.000 0.000 0.000 5.315 31.282 75.222 97.136 100.149 99.234 99.234 98.325 105.180 105.107 97.149 97.946 98.806 98.590 98.444 98.399 90.330 82.287 0.000 0.000 0.000
62.945 62.945 62.945 62.945 62.944 62.944 62.944 62.943 62.942 64.941 73.939 84.936 60.932 0.000 3.921 51.927 77.928 69.927 67.925 67.922 65.918 64.915 66.911 68.908 66.905 62.902 64.901 76.900 78.901 68.904 62.908 59.914 59.920 64.928 78.936 94.945 91.956 75.970 47.991 16.029 10.024 53.965 82.947 64.929 55.885 47.764 12.713 0.000 0.000 0.000 0.000 0.000 0.000 24.349 75.315 97.226 99.416 98.406 98.513 105.386 105.320 105.251 97.215 99.095 98.806 98.678 98.621 98.546 92.469 79.404 69.366 0.000 0.000 0.000
62.954 62.954 62.953 62.953 62.953 62.953 62.953 62.953 62.952 64.952 74.950 61.947 17.939 0.000 0.000 19.946 73.944 65.942 67.940 66.937 64.935 67.932 68.930 65.928 62.926 58.925 68.925 82.926 69.929 59.934 60.941 65.949 75.958 86.969 97.981 90.995 69.011 64.030 83.051 90.073 91.079 95.069 70.083 31.095 3.099 0.000 0.000 0.000 0.000 0.000 0.000 0.000 29.464 75.393 97.407 99.591 98.607 105.569 105.511 105.450 97.489 98.285 99.171 98.867 98.850 98.788 98.711 99.618 87.537 58.449 47.408 5.408 0.000 0.000
61.962 61.962 62.962 62.962 62.962 62.963 62.963 62.963 62.963 65.963 75.963 46.963 0.000 5.981 43.977 45.965 62.960 64.957 52.955 34.953 72.951 67.950 63.948 62.947 60.946 62.946 78.947 81.950 63.955 66.963 78.972 87.983 96.995 95.009 83.025 69.043 62.063 78.086 82.111 70.134 51.148 49.148 37.223 17.270 6.312 0.608 0.000 18.955 13.955 0.000 0.000 23.551 75.566 98.662 99.678 97.786 105.680 105.625 97.660 98.468 99.342 99.147 99.022 98.996 98.942 98.888 101.817 65.681 45.609 0.000 0.000 0.000 0.000 0.000
70.972 68.971 65.970 63.971 60.971 60.972 60.973 60.974 59.974 64.975 76.976 59.979 40.986 48.986 66.983 62.978 59.975 65.972 60.971 47.969 67.968 61.967 60.966 60.965 62.965 76.966 84.968 50.973 42.979 92.989 98.002 93.015 82.031 72.048 64.067 60.089 71.113 83.141 51.172 26.204 9.232 0.340 17.389 16.449 6.553 7.753 10.887 38.955 22.955 0.000 0.000 55.804 97.829 96.947 105.836 105.786 105.734 97.701 99.589 99.312 99.202 99.169 101.124 96.070 98.038 99.009 109.986 0.000 0.000 0.000 0.000 0.000 0.000 0.000
71.981 73.980 79.978 80.978 80.981 77.982 78.984 77.985 76.985 76.986 78.988 61.990 65.993 64.994 61.993 64.990 64.988 63.987 68.986 70.985 64.984 58.984 60.984 62.984 76.984 81.985 70.987 64.992 74.001 97.014 80.030 71.047 63.065 61.084 63.106 62.131 76.160 85.194 49.232 25.278 13.340 15.442 18.500 10.584 11.696 17.837 19.953 13.023 0.000 0.000 34.048 76.053 105.974 105.931 105.885 97.942 98.744 99.638 99.345 99.339 100.294 100.246 73.199 51.134 86.130 100.123 105.131 45.189 0.000 0.000 0.000 0.000 0.000 0.000
64.992 58.990 11.984 13.984 22.990 69.993 66.994 66.995 66.996 70.998 79.999 61.001 62.002 61.003 64.003 68.002 69.001 67.001 66.000 69.000 70.000 67.001 61.001 78.002 84.002 75.002 81.004 98.008 95.018 77.035 65.057 61.077 63.097 63.118 62.142 67.170 83.203 85.241 77.285 80.338 51.406 13.493 5.583 4.690 16.813 23.945 14.066 11.162 3.205 29.290 77.247 106.057 106.017 98.091 98.896 99.778 99.589 99.473 99.455 100.406 98.363 92.320 17.297 0.000 68.227 103.222 100.227 99.246 0.000 0.000 0.000 0.000 0.000 0.000
63.005 55.005 0.000 0.000 5.003 66.004 62.005 62.006 62.007 66.009 80.010 58.011 62.013 66.014 68.014 69.014 66.015 63.015 61.015 63.016 73.017 86.018 81.019 82.020 59.020 53.019 105.017 91.019 58.028 18.050 38.086 66.109 63.129 63.150 65.174 58.203 42.242 32.282 44.328 84.383 60.453 13.542 8.650 3.781 12.919 18.062 12.207 17.329 17.428 55.464 106.116 97.286 101.021 99.922 99.734 99.622 99.596 99.557 100.513 100.474 65.433 41.374 27.371 30.375 81.329 102.312 98.310 89.322 7.352 0.000 0.000 0.000 0.000 0.000
63.017 63.019 46.026 0.000 6.016 67.016 63.017 63.018 62.019 63.020 78.021 65.022 68.023 70.025 69.026 64.027 61.028 62.029 62.030 61.031 71.033 94.035 90.037 77.039 70.040 61.038 37.026 26.024 13.026 0.000 19.130 68.142 63.159 65.178 48.200 22.227 7.278 4.319 46.363 63.413 32.479 4.572 7.695 12.864 20.021 16.179 10.367 3.567 6.908 54.734 106.192 100.174 99.932 99.752 99.735 99.697 99.654 99.614 97.577 88.544 21.519 0.000 38.437 97.425 102.401 100.385 94.379 84.381 2.382 0.000 0.000 0.000 0.000 0.000
60.028 62.030 59.032 0.000 2.028 67.028 62.028 60.029 62.030 66.030 70.031 69.033 69.034 67.036 61.038 62.039 62.041 63.042 63.044 68.046 86.049 85.052 78.055 87.059 85.062 56.066 0.000 0.000 0.000 0.000 17.163 68.172 63.187 66.205 37.222 0.000 33.324 59.353 79.391 48.427 0.482 0.000 0.000 2.037 12.122 12.269 12.491 6.919 4.366 106.403 106.300 99.084 99.926 99.825 99.789 99.748 99.709 101.671 86.636 69.605 29.581 5.567 53.516 83.488 92.465 101.450 90.441 79.439 1.442 0.000 0.000 0.000 0.000 0.000
67.038 65.039 54.041 0.000 53.039 61.039 63.040 67.040 68.040 69.041 67.042 68.043 66.046 62.048 62.050 63.052 63.054 62.056 64.058 87.061 86.064 68.068 81.073 79.078 83.086 81.097 44.117 0.155 9.182 39.186 44.186 64.195 63.211 63.232 58.261 50.307 67.341 66.378 60.422 82.472 30.531 0.000 0.000 6.061 11.145 9.281 10.456 34.704 59.169 106.497 101.422 101.160 100.898 99.882 99.840 99.801 100.762 98.725 53.691 30.659 42.631 43.605 97.572 99.544 79.523 89.507 84.497 57.494 22.501 0.000 0.000 0.000 0.000 0.000
68.047 69.048 66.051 54.054 68.051 68.051 68.051 69.051 69.051 70.052 82.052 64.053 62.057 62.059 63.062 63.064 63.067 64.069 78.072 89.075 64.079 68.084 95.090 87.097 75.106 78.118 81.136 65.161 70.179 85.190 78.199 66.212 59.230 59.253 70.282 86.318 73.356 45.397 17.446 72.507 61.595 10.729 13.860 19.000 15.118 6.255 8.366 49.679 101.936 106.582 98.402 101.047 101.973 99.932 99.892 99.853 92.814 82.778 39.743 10.710 19.680 20.651 81.622 123.596 104.574 80.557 72.546 51.541 60.540 13.540 0.000 0.000 3.659 24.659
73.055 73.057 69.059 69.061 69.061 70.061 70.062 66.062 63.062 62.063 25.062 15.061 66.068 63.072 63.074 63.077 62.079 65.082 89.086 75.089 60.094 66.099 83.105 100.113 95.123 92.135 90.150 86.167 82.183 81.196 89.209 86.225 80.244 76.268 79.296 83.329 45.367 9.408 8.456 24.517 20.615 5.732 14.851 24.960 21.075 12.221 5.397 48.647 106.740 106.663 101.300 103.136 100.020 99.985 100.943 96.903 80.865 73.828 79.792 85.759 69.727 91.697 106.668 123.643 132.620 116.603 78.590 83.582 58.579 0.000 0.000 0.000 0.000 0.000
12.060 13.066 73.068 68.070 68.071 63.072 60.073 62.073 57.074 10.074 10.072 0.000 67.084 63.085 63.087 63.089 63.092 81.095 88.099 61.103 63.108 63.113 66.120 72.128 74.137 74.148 70.161 73.175 89.189 82.203 73.217 76.234 83.255 87.278 90.305 87.336 62.373 27.414 10.455 9.489 0.000 0.000 9.853 18.916 2.995 0.000 18.570 78.810 106.815 98.656 102.368 102.101 100.081 100.035 100.994 95.953 82.914 48.876 55.840 98.806 109.773 141.742 132.713 104.686 92.663 109.643 88.629 82.619 57.614 0.000 0.000 0.000 0.000 0.000
0.000 8.079 22.075 77.080 62.082 60.083 62.084 62.085 63.086 10.087 1.091 56.101 64.098 63.098 63.100 63.102 65.105 89.108 74.111 60.116 63.121 63.126 63.133 62.141 62.150 62.160 61.171 68.183 97.196 76.208 7.222 15.239 27.262 78.284 88.309 72.339 77.375 64.418 16.462 13.495 0.000 3.740 16.793 8.855 0.000 0.000 36.723 106.960 106.888 101.538 103.269 99.172 100.129 100.085 100.042 100.001 86.962 49.923 64.886 101.851 97.817 131.785 126.754 95.726 100.701 86.679 67.662 85.651 63.645 0.000 0.000 0.000 0.000 0.000
61.102 57.096 0.000 69.093 79.093 80.094 61.095 73.096 80.098 56.100 54.105 64.108 63.108 63.110 63.111 63.114 82.117 86.120 61.124 63.128 62.133 61.139 63.146 63.153 63.161 63.171 62.181 70.191 99.202 80.213 26.222 0.000 50.272 75.287 88.308 67.335 57.370 16.423 9.480 12.533 10.613 18.686 22.725 0.000 0.000 15.678 77.902 107.031 98.807 102.514 102.252 100.226 100.177 100.133 100.090 101.048 92.008 80.969 103.931 128.895 116.860 133.826 130.793 124.763 131.735 97.711 74.691 84.677 92.670 21.675 0.000 0.000 0.000 0.000
63.108 62.107 57.109 63.105 62.104 10.104 84.105 76.107 63.109 64.111 64.114 63.117 63.119 63.121 63.123 66.125 89.128 72.132 62.135 63.140 69.145 77.150 63.157 61.165 63.172 62.181 65.190 89.199 97.209 72.220 60.232 48.249 70.267 69.283 30.303 15.324 12.347 0.000 1.508 1.549 2.620 3.667 5.696 0.000 18.819 75.920 98.047 107.099 99.768 100.401 100.319 100.271 100.225 100.180 100.136 101.094 92.053 75.014 70.975 103.937 93.901 107.865 110.831 98.798 100.766 72.738 49.713 63.696 130.685 83.680 18.676 8.671 30.666 51.663
63.115 63.115 63.115 63.114 63.114 57.115 73.116 89.117 65.119 62.122 63.124 63.127 63.129 63.131 62.134 85.137 87.140 61.143 63.147 64.151 61.156 23.160 82.169 77.176 64.183 62.190 80.198 99.207 83.216 63.226 63.236 64.249 67.262 71.276 8.296 9.310 0.000 0.000 13.500 0.000 0.000 0.000 0.000 0.000 41.985 99.093 107.231 107.166 99.657 100.481 100.359 100.317 100.270 100.225 100.181 99.139 84.097 86.057 106.018 124.979 123.941 128.904 133.867 120.831 118.795 105.760 54.730 52.708 128.693 92.684 30.677 23.671 88.665 121.662
63.123 63.122 63.122 63.123 63.124 63.125 63.126 74.128 89.130 65.132 62.134 63.137 63.140 61.142 69.145 90.148 70.151 62.154 64.157 62.161 4.167 1.174 70.181 71.187 77.193 76.199 84.207 83.214 64.222 62.230 64.239 67.248 72.257 72.264 0.000 0.000 0.000 0.492 24.493 11.490 12.489 11.489 0.000 3.436 50.354 104.342 107.295 99.011 100.708 100.437 100.412 100.361 100.315 100.269 100.225 100.183 86.141 82.100 103.059 104.020 103.981 106.942 106.904 105.864 110.823 83.777 59.738 74.712 89.695 28.685 0.000 0.000 32.660 58.659
63.131 65.129 65.130 63.131 63.133 63.134 63.136 63.138 74.140 89.142 65.145 60.147 60.150 77.153 89.156 83.159 60.162 63.165 59.168 5.170 2.180 56.188 63.192 63.197 69.202 86.208 86.214 79.221 72.228 64.235 51.242 21.248 86.254 66.258 0.000 0.000 0.000 0.000 13.489 6.489 20.489 9.489 0.000 3.722 23.643 107.421 107.358 99.877 100.600 100.500 100.452 100.404 100.358 100.312 100.268 101.225 96.183 86.142 81.101 80.060 80.020 79.980 79.940 83.900 57.856 1.787 27.734 83.708 79.690 40.678 2.668 0.000 31.656 77.657
