results4_8e4_rain/res_4e8f-0224.wd
ncols         241
nrows         181
xllcorner     12693529.787448
yllcorner     3542525.717860
cellsize      155.156523
NODATA_value  -9999.000000
[rows 33 to 65 of 181, columns 146 to 218 of 241]
65.010 64.226 63.950 64.586 31.244 42.913 64.598 58.283 36.858 0.000 0.000 36.926 12.926 17.926 33.928 58.931 45.930 11.928 0.000 0.856 50.843 58.829 16.806 43.780 35.759 36.736 40.700 49.663 67.623 58.594 53.566 48.544 49.525 49.508 48.492 47.476 46.458 54.440 64.421 56.405 56.390 54.375 33.361 47.348 55.340 0.000 25.920 30.893 54.824 52.766 57.712 67.661 60.620 55.600 10.589 0.000 38.542 38.532 45.529 23.532 0.000 0.000 0.000 0.000 0.000 0.000 0.000 0.000 0.000 0.000 0.000 0.000 0.000
64.963 64.708 64.361 65.030 42.707 60.404 63.135 56.943 0.000 0.000 14.926 38.926 0.000 0.000 0.000 42.941 42.936 50.926 13.906 63.881 51.855 38.833 47.809 38.783 36.758 36.731 35.700 37.666 65.633 63.603 63.577 65.553 58.532 60.513 59.495 59.478 59.461 60.443 64.426 62.411 63.397 58.384 35.372 34.363 7.358 0.000 22.864 36.847 44.812 39.762 45.709 58.652 58.619 56.599 14.589 0.000 0.000 43.516 15.513 0.000 0.000 0.000 0.000 0.000 2.397 45.391 44.384 46.378 36.373 39.369 6.367 0.000 0.000
65.444 65.107 64.784 64.463 64.152 64.858 56.596 43.412 0.000 0.000 0.000 6.926 0.000 0.000 0.000 39.956 36.947 49.933 54.913 46.889 55.863 53.838 34.813 35.786 36.759 36.731 48.701 52.670 56.639 49.610 46.583 56.559 30.537 37.517 32.498 32.480 32.463 35.446 61.430 50.416 48.403 50.391 35.381 37.374 17.370 0.000 32.825 89.819 14.816 0.000 0.000 7.620 59.604 58.589 17.578 0.000 0.000 40.503 37.494 39.475 37.460 45.446 51.433 43.419 65.403 72.391 70.383 55.377 35.372 34.368 38.365 8.363 0.000
65.842 65.521 65.200 64.886 65.581 60.282 41.979 32.696 41.696 0.000 0.000 0.000 0.000 0.000 0.000 36.979 35.965 38.946 34.923 45.898 48.872 51.845 40.817 35.790 35.761 35.733 60.703 66.673 48.644 42.615 42.588 43.563 40.540 40.520 40.500 41.482 44.465 41.448 62.433 54.419 52.407 52.397 34.388 48.382 74.379 0.000 24.792 77.789 0.000 0.000 0.000 9.604 59.588 57.573 35.557 40.532 38.513 36.499 36.486 36.471 35.458 42.445 49.434 36.421 54.404 72.389 68.380 48.374 33.369 33.365 38.363 6.361 0.000
66.259 65.930 65.609 65.299 62.002 47.709 36.344 0.000 0.000 0.000 0.000 41.130 4.116 10.092 2.060 36.016 36.987 36.962 35.935 35.908 41.880 34.852 34.823 36.794 35.764 34.735 58.706 55.677 63.648 67.618 66.589 61.564 57.542 59.521 55.501 59.483 59.466 60.450 64.435 62.421 63.410 59.400 34.392 46.387 68.384 0.000 19.763 80.756 0.000 0.000 0.000 0.000 56.570 59.561 38.545 36.525 36.507 36.493 36.480 36.467 35.455 42.444 51.435 7.428 0.000 30.379 73.375 49.370 33.366 33.362 37.359 4.357 0.000
66.672 66.332 66.007 65.701 55.421 37.207 0.000 0.000 0.000 0.000 39.159 42.144 55.125 55.101 43.072 36.038 36.007 36.978 36.949 35.919 34.889 35.859 35.828 35.798 34.767 43.737 62.708 41.680 55.652 32.619 65.588 55.564 54.542 54.521 51.501 56.483 57.465 57.449 64.435 62.422 59.411 59.401 34.394 48.389 67.387 0.000 5.740 73.716 0.000 0.000 0.000 0.000 60.561 59.554 35.539 37.516 36.499 37.485 37.473 37.461 38.450 46.441 26.435 0.000 0.000 31.374 73.371 54.366 41.361 35.357 38.354 5.352 0.000
67.081 66.720 67.385 60.075 47.774 37.490 0.000 0.000 0.000 0.000 36.175 53.161 47.141 36.116 38.088 38.057 36.026 34.994 36.963 35.931 36.899 36.866 36.834 35.801 35.770 55.739 55.710 55.683 55.662 0.000 37.578 35.561 36.540 36.520 37.500 41.481 44.464 42.448 62.433 56.420 50.409 52.400 35.394 47.389 66.387 0.000 0.000 46.653 37.628 0.000 0.000 0.000 54.559 37.556 0.000 32.502 38.488 42.477 49.466 49.455 49.445 51.435 23.428 0.000 15.377 79.373 72.368 74.362 62.356 37.351 38.347 6.345 0.000
67.479 67.082 66.739 52.442 4.108 0.053 0.000 0.000 0.000 14.230 52.204 47.183 37.160 38.135 38.106 38.076 38.044 36.011 34.978 34.943 36.909 35.874 35.839 34.804 36.771 51.739 42.709 51.680 52.651 11.617 11.586 51.562 50.539 50.518 50.497 52.478 52.461 53.445 65.430 61.417 56.406 58.397 34.391 43.387 71.385 0.000 0.000 105.616 74.603 41.583 28.574 0.000 0.000 0.000 0.000 0.000 35.474 44.467 48.458 47.448 50.438 52.427 38.415 43.397 59.382 74.372 72.365 72.358 60.351 37.345 37.339 13.335 0.000
67.849 68.389 60.046 42.847 0.000 0.000 0.000 2.296 2.282 59.255 53.230 37.207 38.183 38.156 38.127 38.096 38.063 38.029 34.993 35.956 35.919 35.881 36.843 35.807 35.771 38.738 43.706 55.676 42.646 54.615 59.586 52.560 61.537 51.515 52.494 55.474 54.456 53.440 63.425 59.412 47.401 46.392 35.386 42.382 71.382 0.000 0.000 96.591 86.584 63.573 32.565 0.000 0.000 8.495 3.491 0.000 6.467 55.460 47.452 41.442 38.431 53.420 40.408 42.394 50.381 71.370 73.361 71.353 57.345 37.337 34.330 38.322 32.310
76.138 73.578 46.209 36.054 0.000 0.000 4.320 37.309 51.296 52.277 46.255 41.232 38.207 38.180 38.150 38.117 37.083 40.047 45.010 40.970 35.929 36.887 35.846 35.807 35.770 35.735 42.703 43.671 41.641 48.611 47.583 42.557 54.533 34.510 42.489 49.469 48.450 42.433 61.418 54.405 34.393 33.384 36.377 38.375 42.378 0.000 0.000 74.574 54.569 91.560 77.548 13.529 14.513 65.498 39.488 37.476 37.465 39.456 50.446 44.436 12.425 65.414 53.402 49.389 47.377 58.367 74.357 66.348 49.339 38.330 34.321 41.311 65.299
0.000 0.000 25.157 43.106 0.000 0.000 39.331 49.326 63.316 47.301 46.282 46.260 39.234 38.206 38.175 38.141 45.106 53.068 54.028 45.985 40.940 35.893 34.848 35.806 39.766 36.731 35.697 34.666 40.635 41.606 40.578 41.552 43.528 36.504 42.483 47.462 49.443 45.425 61.410 55.395 37.383 36.373 36.366 32.361 0.000 0.000 0.000 30.561 49.557 49.550 83.539 98.525 91.511 59.498 45.486 46.474 46.463 49.452 71.442 89.431 98.420 97.408 99.396 98.385 92.373 86.362 78.352 61.342 44.333 35.323 36.314 49.303 68.292
19.304 0.000 0.000 0.000 0.000 10.347 42.347 62.346 54.341 57.329 54.312 44.290 37.264 38.235 38.202 49.167 54.130 50.091 45.050 42.004 44.951 39.898 39.848 35.800 40.760 34.724 35.691 36.659 35.629 35.600 35.572 35.546 34.521 35.497 35.475 39.454 45.434 44.416 62.399 56.384 35.371 36.360 36.351 35.342 10.331 0.000 0.000 34.553 60.549 49.543 51.534 66.522 77.509 87.496 89.484 95.472 98.460 98.449 97.438 93.426 84.415 82.403 84.391 87.379 89.368 90.357 88.346 92.336 84.326 51.316 38.306 57.296 74.286
58.752 17.619 0.000 0.000 7.319 43.347 59.365 52.372 44.371 52.362 56.346 57.325 47.298 36.267 46.232 55.195 45.156 37.116 37.075 39.030 6.961 7.902 6.845 32.787 36.748 38.714 38.682 35.651 35.621 36.592 35.564 35.538 35.513 36.489 35.466 35.444 35.424 38.405 55.387 54.371 36.357 36.345 36.335 37.326 38.320 0.000 0.000 33.547 51.545 52.539 64.530 51.519 31.507 35.494 71.481 95.469 79.457 74.445 77.433 70.422 56.410 45.398 36.386 34.374 35.362 45.351 43.340 38.330 77.320 92.310 70.300 68.290 72.280
0.000 33.486 11.907 6.144 42.290 52.358 59.392 43.407 46.409 44.402 42.387 50.365 55.336 50.303 54.265 43.224 37.182 38.142 38.106 46.080 0.000 0.000 0.000 29.754 38.732 49.703 50.672 45.642 41.612 43.583 39.555 38.529 36.503 35.479 35.455 36.433 35.412 35.392 38.374 47.357 35.341 35.328 36.317 35.308 4.303 0.000 0.000 14.545 12.543 66.537 50.529 35.519 49.505 51.491 97.478 78.466 61.453 43.441 34.429 35.417 36.405 37.393 37.381 37.369 36.357 34.345 33.334 34.323 42.313 79.303 87.293 72.283 71.274
0.000 20.932 44.090 46.234 45.339 60.403 45.438 39.455 41.457 40.450 37.434 36.410 51.380 58.343 61.301 49.255 39.208 36.163 44.127 10.104 0.000 0.000 0.000 32.743 42.722 49.693 50.663 50.632 52.602 60.573 58.545 54.518 52.493 48.468 42.444 37.421 35.399 36.378 35.359 40.340 33.323 34.308 35.296 37.287 58.282 0.000 0.000 0.000 28.544 70.539 30.531 39.521 30.504 69.487 87.474 47.462 35.450 37.438 37.425 37.413 37.400 37.388 34.375 34.363 33.351 34.339 34.327 34.317 50.306 65.296 38.286 98.275 70.266
0.000 21.221 44.287 37.365 56.431 56.476 51.503 42.516 36.516 37.507 38.489 49.463 52.430 44.389 47.341 56.287 57.230 47.176 4.136 0.000 5.885 4.848 37.802 43.754 47.719 46.685 47.653 47.621 45.591 52.562 53.534 53.507 54.481 51.456 50.432 51.408 42.385 37.363 38.342 35.322 36.303 35.286 34.272 36.261 51.255 0.000 0.000 0.000 28.549 72.543 34.536 10.529 0.000 15.478 54.470 36.459 37.447 35.434 35.421 35.408 34.395 33.382 34.369 34.357 33.344 34.332 33.320 32.309 35.299 31.290 27.280 91.265 100.254
0.000 18.445 38.470 48.507 58.542 49.568 49.583 51.588 49.584 40.572 46.551 55.523 44.487 37.442 36.386 42.321 52.249 59.176 23.104 15.012 40.921 40.858 35.803 44.754 49.713 50.677 46.643 46.610 38.579 35.550 35.522 35.495 34.469 32.444 39.419 53.395 52.371 51.347 46.325 37.303 35.282 36.262 35.245 35.230 36.222 0.000 0.000 0.000 43.560 10.549 14.543 0.000 0.000 0.000 33.468 13.457 16.445 33.430 32.417 32.404 33.391 35.377 35.364 35.350 34.337 34.325 32.313 32.301 33.291 21.283 0.000 11.252 94.239
0.000 17.643 41.643 60.651 51.662 48.671 48.674 49.670 48.661 50.644 55.622 44.592 38.553 38.504 38.442 37.363 38.267 44.175 61.093 59.011 37.930 36.859 35.797 36.746 48.703 46.666 57.632 45.596 38.565 36.536 37.509 36.482 41.456 49.431 45.405 39.380 45.356 55.331 52.306 51.282 42.259 35.236 35.214 36.195 34.180 0.000 0.000 43.589 31.583 0.000 0.000 45.492 40.490 39.485 31.476 0.000 0.000 38.424 35.413 35.400 35.386 35.372 35.358 35.344 35.330 35.317 35.304 34.292 35.280 37.268 27.255 0.000 36.222
5.931 30.841 55.807 51.793 40.785 45.779 50.770 45.759 51.744 57.724 49.699 37.669 36.630 38.581 38.515 42.420 43.284 37.164 48.083 44.009 40.930 37.850 34.781 41.728 45.687 47.654 38.621 65.578 53.548 43.521 35.494 41.469 60.443 70.417 63.392 40.366 42.340 45.314 49.288 54.261 52.235 48.208 37.181 34.154 41.123 47.081 0.000 18.595 39.600 0.000 0.000 15.493 35.494 35.488 35.477 40.462 39.445 35.427 34.413 35.398 35.382 35.366 35.351 35.337 35.323 35.309 35.295 35.282 34.269 34.256 35.241 38.223 34.213
18.021 51.984 57.951 42.927 37.907 39.889 41.871 52.851 56.831 67.808 66.783 59.753 48.718 37.674 40.616 7.518 0.000 36.114 42.064 39.014 1.930 35.832 39.748 56.700 55.664 58.640 0.000 30.547 70.528 64.505 50.480 56.455 74.430 74.404 72.378 41.352 47.325 47.298 49.269 37.241 46.211 52.181 51.149 50.116 63.080 72.038 4.993 0.000 29.623 54.646 0.000 0.000 58.506 39.496 39.481 39.464 39.446 40.428 34.412 33.396 37.378 34.361 34.344 34.329 34.315 35.300 34.286 33.273 33.259 33.245 33.231 33.216 32.204
17.148 63.121 49.088 38.056 38.027 38.000 50.972 48.944 65.920 80.896 77.871 74.843 69.813 60.783 51.757 0.000 0.000 0.000 30.046 41.032 0.000 0.000 32.680 50.658 49.631 64.601 36.561 37.535 70.513 75.490 71.466 70.441 73.417 73.391 74.365 53.338 45.311 47.282 47.252 37.220 46.188 40.154 59.119 30.082 69.041 90.997 61.949 31.898 0.000 32.669 0.000 34.557 94.529 47.507 49.487 49.467 45.447 46.428 38.411 33.394 15.375 34.353 34.336 37.321 40.306 50.291 40.277 35.263 36.249 36.234 36.220 36.207 36.194
49.303 53.265 47.223 45.183 40.146 52.111 46.073 59.032 37.009 6.986 57.962 76.935 75.910 76.887 59.872 0.000 0.000 0.000 24.041 47.037 0.000 0.000 29.635 44.621 39.600 66.574 77.546 77.521 73.498 73.475 73.452 74.429 73.404 73.379 73.353 67.326 42.297 44.267 42.235 37.202 48.166 49.129 52.091 9.050 54.007 89.960 59.908 77.848 38.765 24.692 36.640 92.585 80.547 52.517 46.492 48.469 42.447 36.427 34.409 32.396 0.000 40.339 48.327 56.313 63.298 72.282 61.267 41.253 35.238 36.224 36.210 36.196 36.183
60.486 49.412 49.355 45.307 52.264 49.223 52.178 76.102 63.097 46.078 67.053 76.027 75.003 73.983 53.973 0.000 0.000 0.000 0.000 2.037 0.000 0.000 35.604 44.591 55.572 71.550 73.527 73.504 73.483 73.461 73.439 73.416 73.393 73.368 73.342 73.315 59.285 49.254 42.220 35.184 39.146 39.106 44.064 63.021 48.976 83.928 69.876 76.819 83.755 69.695 74.643 83.595 59.556 60.523 46.495 45.469 37.446 34.424 35.403 37.383 51.358 57.338 75.321 74.305 73.289 72.273 72.258 62.243 40.228 35.213 36.199 36.185 36.172
51.621 39.543 41.479 53.426 50.380 50.341 20.312 0.000 55.199 81.176 76.147 75.118 77.091 59.070 45.063 29.088 0.000 0.000 0.000 0.000 0.000 0.000 41.586 58.567 70.548 73.528 73.508 73.487 73.467 73.447 73.426 73.405 73.382 73.358 73.333 73.305 74.276 68.243 60.208 52.170 50.128 53.085 44.040 60.994 39.947 81.899 14.849 35.796 70.742 42.689 33.641 89.597 53.559 57.525 55.495 36.468 34.443 35.419 35.397 43.375 64.353 75.333 72.314 72.297 72.280 69.264 68.248 66.232 65.217 39.202 35.188 35.174 35.160
41.734 38.658 51.593 51.537 46.489 66.448 20.418 29.405 69.325 76.278 75.240 75.206 75.173 51.144 51.119 62.114 0.000 0.000 0.000 0.000 0.000 0.000 0.000 8.545 67.523 79.505 74.488 73.470 73.452 73.434 73.415 73.395 73.373 73.350 73.325 73.298 73.268 74.235 75.198 72.157 72.113 75.065 55.016 60.968 34.920 75.873 11.825 13.776 66.727 36.680 46.635 80.594 61.556 53.523 57.492 34.464 35.438 34.414 36.391 46.368 67.347 68.326 73.307 72.288 67.271 64.254 68.237 73.221 72.206 61.191 42.176 41.162 40.148
37.836 51.763 52.698 40.641 51.590 72.546 65.507 71.471 77.419 75.372 75.331 75.291 72.253 56.213 6.156 2.135 0.000 0.000 0.000 0.000 0.000 0.000 0.000 0.000 12.495 24.483 65.468 74.454 73.438 73.422 73.404 73.386 73.366 73.344 73.320 75.294 74.265 74.231 73.193 75.149 74.100 74.047 63.992 61.941 38.893 50.847 80.801 59.755 67.710 36.667 64.625 58.587 61.551 49.517 43.487 35.458 35.432 35.407 43.383 48.360 49.339 54.318 62.298 60.279 61.261 72.243 72.226 72.210 72.194 73.179 67.164 63.149 61.135
52.931 52.860 41.795 37.737 52.685 71.638 77.594 76.552 75.506 75.462 75.419 76.376 67.334 60.300 0.000 0.000 0.000 0.000 0.000 0.000 0.000 0.000 0.000 0.000 21.478 41.462 68.450 74.437 73.424 73.410 73.395 73.378 73.360 73.340 75.318 75.293 75.265 67.232 72.193 75.146 78.090 76.029 69.965 65.912 53.864 37.820 85.777 68.734 70.693 35.652 81.613 45.576 26.542 43.509 34.479 35.451 34.424 43.399 49.375 48.352 48.330 47.309 40.288 36.269 66.250 72.232 72.215 72.198 72.182 72.166 73.151 73.137 73.122
50.019 40.950 38.886 36.828 53.775 73.726 75.680 75.636 75.593 75.550 75.506 77.460 56.406 54.353 0.000 0.000 0.000 0.000 0.000 0.000 0.000 0.000 0.000 0.000 0.000 55.437 74.431 73.422 73.412 73.400 73.386 73.372 75.355 74.338 74.318 74.296 68.270 46.239 62.199 72.154 23.086 14.015 47.928 54.876 63.833 50.792 71.752 89.713 74.674 41.636 83.599 7.564 19.531 32.500 35.470 35.442 37.415 47.390 45.365 46.342 48.320 51.298 45.278 46.258 62.239 72.221 72.203 72.186 72.169 72.154 72.138 72.123 72.109
41.102 39.034 43.971 48.913 63.860 75.811 75.764 75.721 75.679 75.638 75.597 76.551 63.479 0.000 0.000 0.000 0.000 0.000 3.382 40.382 1.383 19.383 0.000 0.000 0.000 30.418 65.415 72.409 73.401 73.391 73.379 73.367 75.353 73.337 73.320 73.302 57.281 53.254 15.212 17.183 0.000 0.000 32.857 39.831 61.798 47.763 52.727 95.690 78.654 57.618 67.584 17.550 62.518 39.488 35.459 35.431 37.405 46.379 57.355 57.332 59.309 65.287 60.267 71.246 72.227 72.208 72.190 72.173 72.156 72.140 72.125 72.109 72.095
42.180 39.114 46.052 64.995 75.941 75.892 75.846 75.803 75.763 75.726 75.693 81.668 0.000 0.000 0.000 0.000 0.000 0.000 40.382 52.382 39.383 54.383 50.383 0.000 20.396 52.402 59.402 70.398 73.392 73.384 73.374 74.363 73.351 73.338 73.325 69.311 58.297 63.285 0.000 0.000 0.000 16.805 49.812 41.793 59.766 35.735 37.702 85.668 84.634 76.600 62.567 62.535 51.504 46.475 35.446 35.419 35.393 45.368 67.344 74.320 73.298 73.276 65.255 72.234 72.215 72.196 72.177 72.160 72.143 72.126 72.110 72.095 72.080
40.254 38.189 53.128 73.072 77.019 75.970 75.925 75.883 75.845 75.810 75.781 82.761 0.000 0.000 0.000 0.000 0.000 0.000 29.382 49.382 49.382 48.383 51.384 35.386 43.390 51.393 51.392 68.389 74.384 73.378 73.370 73.361 73.351 73.340 74.330 66.319 62.310 56.304 0.000 0.000 0.000 9.798 13.792 41.765 60.737 37.709 33.679 72.646 89.613 86.580 67.548 46.518 45.489 46.460 37.433 34.406 35.381 38.356 49.332 69.308 72.285 72.263 64.242 72.221 72.201 72.182 72.163 72.146 72.128 72.112 72.096 72.080 72.065
39.324 41.260 61.201 77.145 76.093 76.045 76.000 75.960 75.922 75.889 77.859 75.834 0.000 0.000 0.000 0.000 0.000 0.000 15.382 54.382 60.382 65.382 56.383 55.384 49.385 45.386 56.385 70.383 73.379 73.373 76.367 74.359 73.351 73.343 73.334 68.327 60.321 55.318 30.322 0.000 0.000 0.000 0.000 3.737 52.709 38.684 34.657 67.626 98.592 79.560 58.529 49.500 51.472 49.445 44.419 33.393 35.368 34.343 38.319 57.295 72.272 72.250 64.228 72.207 72.187 72.168 72.149 72.131 72.113 72.097 72.080 72.065 72.050
39.391 49.328 69.269 77.214 76.162 76.115 76.072 76.033 75.997 76.964 74.932 62.883 46.883 0.000 0.000 0.000 0.000 0.000 17.382 55.382 64.382 64.381 68.381 70.381 53.382 52.381 67.380 73.378 73.374 73.370 74.364 73.358 73.351 73.345 73.338 71.332 59.328 60.325 54.325 0.325 0.000 0.000 0.000 0.000 38.677 38.663 32.640 77.607 65.570 71.537 41.508 61.481 55.455 48.429 48.404 39.379 34.354 35.329 34.305 46.282 69.259 71.236 65.214 72.193 73.172 72.153 72.134 72.115 72.098 72.081 72.065 72.049 72.034
