results4_8e4_rain/res_4e8f-0191.wd
ncols         241
nrows         181
xllcorner     12693529.787448
yllcorner     3542525.717860
cellsize      155.156523
NODATA_value  -9999.000000
[rows 0 to 32 of 181, columns 146 to 218 of 241]
0.000 0.000 0.000 0.000 0.000 0.000 0.000 0.000 0.000 0.000 0.000 0.000 0.000 0.000 5.774 16.625 17.386 17.093 16.770 16.436 16.107 15.800 15.527 15.293 15.103 14.955 14.846 14.770 14.722 14.695 14.684 19.679 0.000 0.000 0.000 0.000 0.000 0.000 0.000 0.000 0.000 0.000 0.000 0.000 0.000 0.000 0.000 0.000 0.000 19.793 26.793 0.000 0.000 45.926 50.926 0.000 0.000 0.000 0.000 0.000 0.000 0.000 0.000 0.000 0.000 0.000 0.000 0.000 0.000 0.000 0.000 0.000 0.000
0.000 0.000 0.000 0.000 0.000 0.000 0.000 0.000 0.000 0.000 0.000 0.000 0.000 1.321 16.922 17.716 17.440 17.124 16.782 16.430 16.086 15.767 17.486 16.250 15.061 14.917 14.812 14.742 14.700 14.680 14.676 19.675 0.000 0.000 0.000 0.000 0.000 0.000 0.000 0.000 0.000 0.000 0.000 0.000 0.000 0.000 0.000 0.000 16.793 38.793 14.793 0.000 24.926 57.926 51.926 0.000 0.000 0.000 0.000 0.000 0.000 0.000 0.000 0.000 0.000 0.000 0.000 0.000 36.921 0.000 0.000 0.000 0.000
0.000 0.000 0.000 0.000 0.000 0.000 0.000 0.000 0.000 0.000 0.000 0.000 0.000 20.553 19.207 17.876 17.536 17.179 16.802 16.416 16.040 17.696 17.401 15.160 14.974 14.838 14.745 14.686 14.656 14.650 16.665 10.670 0.000 0.000 0.000 0.000 0.000 0.000 0.000 0.000 0.000 0.000 0.000 0.000 0.000 0.000 0.000 0.000 28.793 0.000 0.000 19.926 50.926 12.926 0.000 0.000 0.000 0.000 0.000 0.000 0.000 0.000 0.000 0.000 5.922 0.000 0.000 0.000 39.921 11.921 0.000 0.000 0.000
0.000 0.000 0.000 0.000 0.000 0.000 0.000 0.000 0.000 0.000 0.000 0.000 3.076 19.969 18.477 18.044 17.649 17.255 16.833 16.391 16.961 16.577 15.260 15.015 14.838 14.717 14.641 14.602 14.590 20.596 0.000 0.000 0.000 0.000 0.000 0.000 0.000 0.000 0.000 0.000 0.000 0.000 0.000 13.794 0.000 0.000 0.000 12.794 72.794 2.794 0.000 25.926 52.926 0.000 0.000 0.000 0.000 0.000 0.000 0.000 0.000 0.000 11.922 17.922 36.922 0.000 0.000 29.921 38.921 39.921 11.921 0.000 0.000
0.000 0.000 0.000 0.000 0.000 0.000 0.000 0.000 0.000 0.000 0.000 8.172 1.349 2.994 18.689 18.173 17.761 17.358 16.884 16.356 16.836 16.390 15.047 14.804 14.644 14.549 14.503 14.491 15.504 16.550 0.000 0.000 0.000 0.000 0.000 0.000 0.000 0.000 0.000 0.000 0.000 0.000 14.794 37.794 32.794 0.000 0.000 28.794 56.794 0.000 0.000 0.000 52.926 7.927 0.000 0.000 0.000 0.000 0.000 0.000 0.000 0.000 51.922 55.922 57.922 0.000 0.000 42.921 37.921 37.921 47.921 0.000 0.000
0.000 0.000 0.000 0.000 0.000 0.000 0.000 0.000 0.000 0.000 10.891 3.493 1.863 1.290 1.419 16.198 17.865 17.532 16.989 18.311 17.637 15.102 14.735 14.509 14.386 14.334 14.330 14.354 20.385 0.000 0.000 0.000 0.000 0.000 0.000 0.000 0.000 0.000 0.000 0.000 0.000 0.000 0.000 17.794 38.794 30.794 28.794 10.794 41.794 14.794 0.000 0.000 37.927 50.927 41.927 39.927 48.927 0.000 0.000 0.000 0.000 0.000 51.922 53.922 58.922 37.922 26.921 43.921 46.921 0.000 0.000 0.000 11.917
0.000 0.000 0.000 0.000 0.000 0.000 0.000 0.000 0.000 0.000 7.289 3.994 3.626 3.130 0.441 0.632 10.968 18.916 18.227 18.265 15.298 14.645 14.281 14.111 14.056 14.071 14.129 14.209 9.297 0.000 0.000 0.000 0.000 0.000 34.803 67.803 1.803 0.000 7.803 48.803 0.000 0.000 0.000 14.794 38.794 51.794 86.794 48.794 49.794 20.794 0.000 0.000 34.927 53.927 38.927 34.927 51.927 0.000 0.000 0.000 0.000 0.000 38.923 44.923 40.922 40.922 44.922 47.921 55.921 0.000 0.000 0.000 34.917
0.000 0.000 0.000 0.000 0.000 0.000 0.000 0.000 0.000 30.536 30.982 7.558 3.172 3.411 3.063 0.797 0.371 5.938 18.740 16.221 14.647 13.897 13.635 13.597 13.656 13.766 14.905 12.057 0.000 0.000 0.000 0.000 0.000 0.000 9.803 55.803 62.803 44.803 36.803 8.803 0.000 0.000 0.000 0.000 0.000 12.794 79.794 58.794 5.794 0.000 0.000 0.000 0.000 46.927 61.927 59.927 61.927 53.926 45.926 48.925 47.925 56.924 60.923 57.923 58.922 58.922 53.922 48.921 45.921 0.000 0.000 0.000 0.000
0.000 0.000 0.000 0.000 0.000 0.000 0.000 0.000 24.649 42.091 43.544 33.054 9.639 2.055 3.068 0.840 2.797 8.111 6.573 16.233 13.171 12.662 12.766 12.986 13.205 14.432 14.669 0.000 0.000 0.000 0.000 0.000 0.000 0.000 0.000 7.803 53.804 63.804 68.804 7.803 0.000 0.000 0.000 0.000 0.000 8.795 51.794 43.794 48.794 15.794 0.000 0.000 30.928 58.927 43.927 37.927 44.927 56.927 44.926 43.926 52.925 61.924 48.924 44.923 47.923 53.922 59.921 61.921 59.920 45.920 36.919 19.918 28.918
0.000 0.000 0.000 0.000 0.000 0.000 0.000 20.776 30.208 45.632 43.052 43.473 35.895 12.325 1.202 4.751 14.287 6.464 2.250 3.038 6.141 10.813 11.781 12.376 12.746 18.089 0.000 0.000 0.000 0.000 0.000 0.000 7.805 5.805 0.000 0.000 20.804 66.804 19.804 0.000 0.000 0.000 0.000 0.000 0.000 47.795 57.795 33.794 49.794 69.794 9.794 0.000 36.928 60.928 39.928 33.927 36.927 49.927 38.926 38.926 40.925 42.925 39.924 40.923 34.923 38.922 44.921 45.921 43.920 52.920 54.919 57.918 65.918
0.000 0.000 0.000 0.000 0.000 0.000 25.901 24.345 47.773 44.179 43.557 42.892 43.143 38.199 20.704 12.420 8.106 0.000 0.048 4.366 2.161 3.348 11.168 11.990 17.315 0.000 0.000 0.000 0.000 0.000 0.000 2.805 44.805 3.805 0.000 0.000 27.804 67.804 6.804 0.000 0.000 0.000 0.000 0.000 42.797 86.796 19.795 22.794 44.794 71.794 11.794 0.000 33.928 58.928 38.928 31.928 34.927 36.927 32.927 31.926 38.926 54.925 37.924 33.924 47.923 43.922 40.922 47.921 47.920 50.919 59.919 63.918 50.917
0.000 0.000 0.000 0.000 0.000 29.946 18.457 46.928 45.361 44.755 44.105 43.394 42.588 42.624 39.426 25.122 4.423 0.348 0.069 46.238 4.528 0.080 0.104 14.101 10.208 0.000 0.000 0.000 0.000 0.000 0.000 2.805 40.805 35.805 44.805 56.804 60.804 50.804 0.000 0.000 5.800 41.800 56.799 61.799 85.798 41.797 0.000 0.000 46.793 34.793 0.000 0.000 36.929 63.929 50.929 34.928 82.928 110.928 59.927 35.927 51.926 98.925 50.925 27.924 92.923 65.922 40.922 47.921 49.920 39.919 48.919 61.918 44.917
0.000 0.000 0.000 0.000 0.000 19.435 41.054 47.551 45.986 45.375 44.714 43.993 43.190 42.280 42.266 41.176 30.353 4.962 50.838 47.895 0.365 0.151 0.053 0.059 0.000 0.000 0.000 0.000 0.000 0.000 5.805 39.805 35.805 40.805 54.805 64.805 48.804 35.804 0.804 0.000 3.801 50.800 49.800 45.799 84.798 44.798 0.000 0.000 25.793 17.793 0.000 29.930 57.929 59.929 53.929 41.929 40.928 73.928 114.928 52.927 45.926 102.926 53.925 27.924 99.923 69.923 32.922 34.921 40.920 31.919 45.919 44.918 32.917
0.000 0.000 0.000 0.000 23.956 34.304 49.774 47.233 46.659 46.044 45.385 44.673 43.895 43.056 42.098 41.359 40.219 52.568 52.242 1.007 0.501 9.611 0.000 0.000 0.000 0.000 0.000 0.000 0.804 55.804 58.804 40.805 39.805 54.805 64.805 50.805 33.805 35.804 35.803 33.802 31.801 43.801 46.800 56.799 96.799 30.798 0.000 0.000 62.792 12.792 0.000 26.930 56.930 56.930 43.930 35.930 31.929 41.929 38.928 78.928 109.927 126.926 107.925 96.924 122.924 116.923 107.922 53.921 33.920 50.919 45.919 34.918 29.917
0.000 0.000 0.000 25.143 34.608 52.050 48.505 47.951 47.371 46.758 46.109 45.414 44.683 43.842 43.298 40.930 52.605 52.601 36.804 19.105 6.265 0.000 0.000 0.000 0.000 0.000 0.000 0.000 41.804 8.804 0.000 19.805 57.805 61.805 53.805 38.806 4.806 0.000 2.803 37.803 33.802 43.801 42.800 65.799 62.799 0.000 0.000 4.792 65.792 11.792 0.000 24.931 54.931 66.931 45.930 51.930 74.930 51.930 33.929 57.928 80.927 114.927 80.926 60.925 108.924 98.923 73.922 42.921 28.920 99.919 67.918 39.918 29.917
0.000 0.000 0.000 30.678 50.285 49.782 49.247 48.693 48.115 47.511 47.874 47.214 45.455 45.032 42.458 52.670 52.615 40.379 41.999 39.619 23.579 4.577 0.000 0.000 0.000 0.000 0.000 43.804 12.804 0.000 0.000 0.000 25.805 57.805 35.806 33.806 39.807 2.807 0.000 38.803 36.803 42.802 43.800 65.799 61.798 0.000 0.000 25.792 72.792 8.792 0.000 26.931 57.931 60.931 41.931 41.931 87.931 122.930 71.930 39.929 55.928 102.927 62.926 29.925 95.924 82.923 40.922 32.921 25.920 106.919 70.918 42.918 43.917
0.000 0.000 31.289 48.606 52.071 50.545 50.009 49.457 48.887 49.292 47.683 46.983 46.644 44.072 53.108 52.820 41.881 42.731 41.730 32.079 12.826 0.000 0.000 0.000 0.000 0.000 0.000 39.804 13.804 0.000 0.000 0.000 0.000 0.000 0.000 38.807 35.808 34.808 36.807 38.805 34.804 42.802 44.801 56.799 52.797 14.795 33.793 66.792 17.791 0.000 0.000 26.932 53.932 59.932 45.932 30.932 32.932 57.932 44.931 26.930 44.929 99.928 55.927 21.926 92.924 77.923 35.922 31.921 27.920 105.919 70.918 42.917 33.917
0.000 30.563 43.971 53.388 51.847 51.318 50.786 50.242 50.680 50.109 48.451 48.163 45.598 54.052 53.529 43.548 44.549 42.430 29.621 0.000 0.000 0.000 0.000 0.000 0.000 0.000 0.000 0.000 13.804 0.000 0.000 0.000 0.000 0.000 0.000 0.000 42.810 52.810 63.808 51.806 40.805 44.803 41.801 46.799 39.797 58.794 76.792 64.791 10.790 0.000 0.000 25.932 51.933 56.933 62.934 60.934 48.934 38.933 51.932 83.931 102.930 123.929 103.927 86.926 120.925 113.924 95.922 55.921 28.920 103.919 75.918 47.917 34.916
27.634 39.154 53.646 53.126 52.610 52.095 51.575 52.042 51.504 49.880 49.630 47.082 55.281 54.644 45.118 46.269 47.210 25.468 0.000 0.000 0.000 0.000 0.000 0.000 0.000 0.000 0.000 0.000 0.000 0.000 0.000 0.000 0.000 0.000 0.000 0.000 40.813 44.812 62.810 21.807 1.806 51.804 42.801 45.799 41.796 29.793 48.791 63.789 50.789 9.788 0.000 0.000 16.933 59.934 61.935 54.936 42.935 51.935 102.934 93.932 74.931 75.929 76.928 76.926 76.925 77.924 79.923 50.921 30.920 102.919 78.918 41.917 35.916
31.114 54.774 54.334 53.859 53.373 52.879 52.374 51.868 51.278 51.063 48.534 56.621 55.943 46.588 47.806 46.796 42.284 1.746 0.000 0.000 0.000 0.000 0.000 0.000 0.000 0.000 0.000 0.000 0.000 0.000 0.000 0.000 0.000 0.000 0.000 0.000 41.816 52.815 36.814 0.000 5.807 48.805 45.802 12.799 2.796 33.792 47.789 62.787 59.787 28.787 0.000 0.000 0.000 0.000 28.938 43.938 27.937 88.937 89.935 38.934 44.932 86.930 57.928 29.927 75.925 65.924 45.923 43.921 34.920 102.919 73.918 30.917 31.916
48.934 56.494 55.056 54.605 54.143 54.669 53.197 52.644 52.468 49.964 57.997 57.306 46.965 49.217 48.211 48.589 17.928 0.000 0.000 0.000 0.000 0.000 0.000 0.000 0.000 0.000 0.000 0.000 0.000 0.000 0.000 0.000 0.000 0.000 0.000 8.824 61.821 59.818 63.816 60.814 56.809 56.806 50.803 9.800 2.795 33.790 46.786 64.784 71.785 34.786 0.000 0.000 0.000 0.000 22.942 35.941 55.940 102.939 65.937 25.936 93.934 94.931 43.929 30.927 51.925 107.924 66.923 34.921 34.920 97.919 115.918 102.917 107.915
58.629 56.212 55.792 55.362 54.920 56.482 53.965 53.836 51.371 59.390 58.691 42.274 46.483 50.542 47.011 24.291 0.000 0.000 0.000 0.000 0.000 0.000 0.000 0.000 0.000 0.000 0.000 0.000 0.000 0.000 0.000 0.000 0.000 0.000 0.000 60.826 59.824 60.822 62.818 61.815 59.811 60.808 53.805 8.803 0.000 34.786 46.782 69.779 42.782 0.000 0.000 0.000 0.000 20.948 50.945 29.944 94.943 88.941 32.940 88.938 101.936 50.932 38.929 41.927 36.925 67.924 106.922 63.922 26.921 97.919 100.918 74.917 16.915
49.309 55.933 56.537 56.127 55.718 55.233 55.148 52.722 60.746 60.092 25.508 30.687 33.571 52.242 35.866 0.000 0.000 0.000 0.000 0.000 0.000 0.000 0.000 50.311 39.311 0.000 0.000 0.000 0.000 0.000 0.000 0.000 0.000 0.000 0.000 37.832 31.829 34.825 38.821 33.817 32.813 31.810 33.806 37.803 31.797 24.786 39.775 18.769 0.000 0.000 0.000 0.000 0.000 22.950 45.949 36.947 37.946 37.944 29.942 50.940 51.939 0.000 0.000 12.925 42.924 35.923 57.922 50.922 32.921 65.920 13.919 0.000 11.913
28.026 43.672 56.295 58.914 56.452 56.397 53.978 61.872 61.351 34.670 0.000 44.025 0.000 55.863 24.366 0.000 0.000 0.000 0.000 0.000 0.000 0.000 0.000 57.312 51.311 0.000 0.000 0.000 0.000 0.000 0.000 0.000 0.000 23.869 0.000 38.839 34.835 34.829 34.823 34.819 34.815 34.811 34.808 36.805 14.802 0.000 9.764 40.753 10.742 0.000 0.000 0.000 23.955 54.953 42.952 41.950 33.949 34.947 34.944 32.943 46.942 6.942 0.000 0.000 13.924 38.923 33.922 46.922 45.921 0.000 0.000 0.000 11.913
19.790 27.433 50.075 54.649 57.607 55.146 62.652 62.304 41.557 17.363 0.000 60.678 58.579 44.992 0.000 0.000 0.000 0.000 0.000 0.000 0.000 0.000 60.318 66.313 37.309 0.000 0.000 0.000 0.000 0.000 0.000 0.000 0.000 40.869 38.863 35.852 34.843 31.832 35.825 35.820 35.816 35.812 35.809 38.806 11.805 0.000 0.000 38.736 38.732 8.727 0.000 0.000 8.956 41.956 34.956 33.954 32.952 32.949 32.947 32.944 33.942 42.942 0.000 0.000 0.000 6.922 39.922 42.922 40.921 0.000 0.000 0.000 35.912
23.575 34.206 38.829 36.728 48.284 63.061 62.905 46.545 25.307 18.809 0.000 40.404 53.071 26.531 0.000 0.000 0.000 0.000 48.360 54.356 46.350 44.336 53.322 46.313 36.305 0.000 0.000 0.000 0.000 0.000 0.000 0.000 0.000 38.875 35.869 34.861 8.852 0.000 40.824 34.821 34.817 34.813 34.809 35.807 9.806 0.000 0.000 39.723 38.722 9.721 0.000 0.000 38.958 34.960 34.960 34.959 33.956 33.952 37.949 0.000 4.942 7.942 0.000 0.000 0.000 0.000 39.921 34.921 34.921 35.921 0.000 7.912 37.912
35.319 48.957 24.674 23.546 63.126 63.123 49.541 36.266 32.601 37.440 0.000 7.466 42.768 0.000 0.000 0.000 0.000 44.366 48.363 50.360 48.357 0.000 0.000 0.000 48.291 32.278 0.000 0.000 0.000 0.000 0.000 0.000 6.895 48.886 45.878 20.871 0.000 0.000 53.827 39.822 35.817 34.812 38.809 15.807 0.000 14.701 52.704 33.711 37.714 9.715 0.000 0.000 0.000 39.966 34.965 38.964 5.963 0.000 0.000 0.000 0.000 0.000 0.000 0.000 0.000 0.000 39.921 34.921 34.921 39.921 0.000 0.000 11.912
56.028 44.612 24.675 20.173 63.089 24.585 30.310 32.536 36.211 54.793 64.242 52.225 0.000 0.000 0.000 0.000 42.373 36.370 42.366 57.363 56.361 0.000 0.000 0.000 0.000 49.264 0.000 0.000 0.000 34.942 0.000 0.000 50.905 49.897 55.887 48.873 13.859 67.846 64.834 62.825 60.817 52.810 33.806 20.806 0.000 28.698 81.699 35.703 36.706 10.711 0.000 0.000 0.000 44.972 30.971 35.970 6.969 0.000 0.000 0.000 0.000 0.000 0.000 0.000 0.000 35.921 37.921 39.921 33.921 38.921 0.000 0.000 8.911
64.616 51.712 34.013 62.687 20.612 22.398 21.564 21.204 30.769 58.302 53.708 24.966 0.000 0.000 41.382 7.380 49.376 41.373 52.369 47.365 26.363 0.000 0.000 0.000 0.000 53.251 29.247 0.000 0.000 30.942 38.942 42.936 44.921 46.910 36.898 33.877 41.858 41.846 61.836 44.827 38.817 36.806 16.797 0.000 4.704 23.696 91.691 47.695 13.698 0.000 0.000 0.000 2.978 57.978 30.977 37.976 9.974 0.000 0.000 0.000 0.000 0.000 0.000 0.000 14.921 37.921 52.921 50.921 43.921 2.921 0.000 0.000 9.911
62.675 60.917 62.262 39.546 27.448 23.590 23.225 21.798 28.385 43.933 39.320 0.000 0.000 0.000 44.384 65.382 60.380 61.376 43.373 0.000 0.000 0.000 0.000 0.000 44.238 35.242 27.243 0.000 0.000 0.000 42.949 46.944 46.934 46.925 30.918 0.000 37.851 38.844 62.838 48.829 42.818 28.801 35.778 50.746 70.713 59.688 83.675 48.688 12.693 0.000 0.000 0.000 0.000 55.986 31.984 32.981 37.978 0.000 0.000 0.000 0.000 0.000 0.000 0.000 0.000 7.921 56.921 53.921 6.921 0.000 0.000 0.000 5.911
60.756 62.205 61.407 60.418 42.562 22.208 22.792 23.406 22.036 24.725 0.000 0.000 0.000 0.000 60.387 50.386 48.384 44.380 0.000 0.000 0.000 0.000 0.000 45.233 36.234 32.236 15.239 0.000 0.000 0.000 42.962 50.956 59.947 58.938 60.932 48.933 0.000 6.843 65.841 49.834 23.826 0.000 38.769 48.746 75.712 37.671 21.633 0.000 0.000 0.000 0.000 0.000 9.005 46.997 33.991 34.985 37.980 10.977 0.000 0.000 0.000 0.000 0.000 0.000 0.000 0.000 13.921 14.921 0.000 0.000 0.000 0.000 6.911
62.211 61.187 63.299 63.461 47.131 23.729 26.355 25.992 23.630 24.207 0.000 40.394 0.000 6.392 54.391 54.390 61.390 0.000 0.000 19.303 7.302 0.000 0.000 40.233 34.230 28.228 0.000 0.000 0.000 0.000 40.980 41.970 43.959 42.948 40.939 32.934 0.000 0.000 67.848 53.839 38.827 1.809 37.783 48.757 72.720 28.648 24.554 7.489 0.000 0.000 0.000 0.000 9.013 54.006 32.998 34.988 34.980 35.974 39.969 11.967 0.000 0.000 0.000 0.000 0.000 0.000 0.000 0.000 0.000 0.000 0.000 0.000 0.000
61.899 64.098 63.289 63.987 37.605 28.249 47.905 41.577 23.285 0.976 0.000 37.394 52.394 57.394 43.394 64.395 56.395 0.000 0.000 33.303 64.302 16.297 0.000 41.234 35.226 32.217 0.000 0.000 49.061 45.040 41.008 42.987 47.971 47.956 45.943 56.929 48.910 8.889 67.865 59.849 59.833 51.817 32.798 50.779 58.763 0.000 27.447 10.423 0.000 0.000 0.000 0.000 19.027 58.017 30.006 31.991 32.978 33.970 38.966 10.965 0.000 0.000 0.000 0.000 0.000 0.000 0.000 0.000 0.000 0.000 0.000 0.000 0.000
