results4_8e4_rain/res_4e8f-0137.wd
ncols         241
nrows         181
xllcorner     12693529.787448
yllcorner     3542525.717860
cellsize      155.156523
NODATA_value  -9999.000000
[rows 99 to 131 of 181, columns 0 to 72 of 241]
0.000 0.000 0.000 0.000 0.000 60.200 100.200 102.200 93.200 88.200 0.000 0.000 0.000 0.000 0.000 2.198 1.198 68.198 65.198 0.000 0.000 1.196 4.196 63.195 62.195 3.195 0.000 0.000 0.000 9.919 0.000 0.000 0.000 0.000 15.782 61.779 57.769 56.752 57.728 58.702 71.673 60.641 64.607 56.569 58.527 56.482 57.434 62.384 63.331 61.276 65.219 58.161 58.102 60.041 62.977 76.908 77.848 62.801 48.757 0.000 0.000 0.000 0.000 0.000 26.786 81.781 78.771 65.753 40.731 35.708 79.686 56.664 58.643
0.000 0.000 0.000 0.000 0.000 61.201 101.201 101.201 0.000 0.000 0.000 0.000 0.000 0.000 0.000 1.198 13.198 79.198 68.198 6.198 3.197 3.197 66.196 65.196 69.195 0.195 0.000 0.000 0.000 67.919 59.919 0.000 0.000 0.000 74.825 84.820 70.811 63.797 57.779 59.756 78.730 63.700 69.666 69.629 60.588 75.543 67.494 68.443 58.389 66.333 66.275 64.216 58.156 59.096 63.031 59.938 21.875 11.838 0.000 0.000 0.000 0.000 0.000 29.799 66.795 78.790 85.782 75.770 51.755 52.739 66.722 57.704 58.686
6.204 0.000 0.000 0.000 0.000 48.201 97.201 106.201 16.202 0.000 0.000 0.000 0.000 0.000 0.000 0.198 2.198 86.198 67.198 68.198 70.197 67.197 64.196 65.196 63.196 1.196 0.000 0.000 0.000 60.919 60.919 61.918 60.911 60.898 59.873 69.864 78.858 25.848 89.834 79.815 84.791 69.763 14.730 85.693 83.652 82.606 86.557 75.505 58.449 61.391 66.332 66.271 63.211 59.155 48.114 0.000 0.000 0.000 0.000 0.000 0.000 0.000 0.000 39.804 66.803 66.801 77.797 76.790 59.781 59.770 58.758 58.745 58.730
74.204 77.204 9.204 0.000 0.000 58.202 97.202 102.202 112.202 17.202 0.000 0.000 0.000 0.000 8.200 8.199 6.199 23.199 71.198 68.198 86.198 100.197 75.197 60.196 0.000 0.000 0.000 0.000 0.000 0.000 59.921 60.923 60.917 60.909 60.904 59.907 59.907 58.903 59.893 64.878 76.857 70.830 13.798 85.761 86.720 64.674 71.624 88.570 82.512 69.451 59.389 65.326 66.261 69.199 54.157 0.000 0.000 0.000 0.000 0.000 0.000 0.000 0.000 1.809 17.814 63.815 60.814 60.812 58.809 58.804 58.797 58.788 58.776
88.204 71.204 71.204 73.203 75.203 94.203 102.202 102.202 102.202 104.202 78.202 17.202 0.201 66.200 73.200 74.200 36.199 31.199 94.199 102.198 97.198 93.197 76.197 0.196 0.000 0.000 0.000 0.000 0.000 0.000 0.000 60.937 59.924 58.920 59.926 60.953 60.962 60.963 60.958 61.947 80.928 75.903 58.871 60.834 71.792 82.746 59.695 71.639 72.578 65.513 85.448 68.382 60.309 1.258 0.000 0.000 0.000 0.000 0.000 0.000 0.000 0.000 0.000 0.000 9.829 63.831 58.833 58.836 58.838 58.839 58.837 56.832 54.825
103.204 93.204 74.204 78.204 96.203 102.203 102.203 102.203 102.203 97.202 69.202 75.202 3.201 57.201 92.200 100.200 100.200 84.199 99.199 106.199 16.199 0.000 0.000 0.000 0.000 0.000 0.000 0.000 0.000 0.000 0.000 60.962 0.000 0.000 0.000 62.019 61.024 61.029 61.029 62.022 78.007 82.982 59.950 60.912 60.869 78.822 79.770 57.714 65.649 84.573 76.508 54.445 0.000 0.000 0.000 0.000 0.000 0.000 0.000 0.000 0.000 0.000 0.000 0.000 6.842 63.845 58.851 58.859 58.869 57.876 56.880 61.880 62.877
103.204 103.204 98.204 101.204 102.204 102.203 102.203 102.203 102.203 98.203 73.202 90.202 0.000 0.000 70.201 94.200 102.200 103.200 102.200 107.199 10.199 0.000 0.000 0.000 0.000 0.000 0.000 0.000 0.000 0.000 0.000 60.988 0.038 0.064 63.085 61.078 61.087 61.099 61.108 61.107 78.094 83.069 60.035 60.994 60.949 61.902 82.851 76.797 83.731 73.624 54.566 0.000 0.000 0.000 0.000 0.000 0.000 0.000 0.000 0.000 0.000 0.000 0.000 0.000 61.853 58.858 58.867 58.882 58.902 57.916 59.926 63.932 64.934
101.204 102.204 102.204 102.204 102.204 102.204 102.204 102.203 102.203 103.203 98.203 105.203 29.202 8.202 58.201 77.201 100.201 102.200 103.200 91.200 5.199 0.000 0.000 0.000 0.000 0.000 0.000 0.000 0.000 0.000 0.000 55.014 60.040 60.065 59.091 61.124 61.146 61.172 61.196 61.204 78.193 83.166 60.127 61.081 61.033 60.984 65.937 88.892 68.856 0.000 0.000 0.000 0.000 0.000 0.000 0.000 0.000 0.000 0.000 0.000 0.000 0.000 0.000 0.000 14.859 65.865 61.877 62.900 60.942 56.962 63.975 64.987 62.996
98.205 103.205 102.205 102.204 102.204 102.204 102.204 102.204 102.204 102.203 103.203 96.203 80.202 71.202 65.202 92.201 102.201 102.201 107.200 10.200 0.000 0.000 0.000 0.000 0.000 0.000 0.000 0.000 0.000 0.000 0.000 0.000 0.000 0.000 0.000 61.179 61.203 61.246 61.301 61.321 77.309 84.274 61.225 61.171 61.117 61.066 61.019 66.977 19.944 0.000 0.000 0.000 0.000 0.000 0.000 0.000 0.000 0.000 0.000 0.000 0.000 0.000 0.000 0.000 0.000 2.867 0.872 0.000 7.003 66.014 64.027 65.043 62.061
98.205 103.205 102.205 102.205 102.205 102.205 102.204 102.204 102.204 102.204 103.203 88.203 67.203 66.202 75.202 99.202 102.201 102.201 108.201 13.201 4.201 0.000 0.000 0.000 0.000 0.000 0.000 0.000 0.000 0.000 0.000 0.000 0.000 0.000 0.000 57.210 61.241 58.309 61.441 61.469 80.447 84.396 61.330 61.261 61.197 61.143 61.096 58.054 7.999 0.000 0.000 0.000 0.000 0.000 0.000 0.000 0.000 0.000 0.000 0.000 0.000 58.140 0.000 0.000 0.000 0.000 0.000 0.088 62.055 63.062 65.077 65.099 62.128
101.206 102.206 102.206 102.205 102.205 102.205 102.205 102.205 102.204 102.204 102.204 99.204 76.203 77.203 94.202 101.202 102.202 102.201 109.201 26.201 0.000 0.000 0.000 0.000 0.000 0.000 0.000 0.000 0.000 0.000 0.000 0.000 0.000 0.000 0.000 0.000 57.240 0.000 60.684 61.666 89.615 76.533 61.436 61.344 61.269 74.211 64.170 59.145 0.000 0.000 0.000 0.000 0.000 0.000 0.000 0.000 0.000 0.000 0.000 0.000 10.140 69.140 54.140 0.000 0.000 0.000 0.122 63.113 66.098 65.103 62.119 58.147 58.188
102.206 102.206 102.206 102.206 102.206 102.206 102.206 102.205 102.205 102.205 102.204 102.204 104.204 104.203 103.203 102.202 102.202 104.202 93.202 36.202 0.000 0.000 0.000 0.000 0.000 0.000 0.000 0.000 0.000 0.000 0.000 0.000 0.000 0.000 0.000 0.000 0.000 0.000 60.944 61.899 95.812 64.687 61.537 61.412 73.324 82.264 61.226 61.210 60.226 0.000 0.000 0.000 0.000 0.000 0.000 0.000 0.000 0.000 0.000 0.000 0.000 65.140 66.140 53.140 0.138 59.136 61.134 65.127 64.124 62.131 61.149 57.181 65.232
101.207 100.207 102.207 102.207 102.207 102.206 102.206 102.206 102.206 102.205 102.205 102.204 102.204 102.203 102.203 102.203 103.202 86.202 14.202 5.202 63.202 77.202 23.202 0.000 0.000 4.201 0.000 0.000 0.000 0.000 0.000 0.000 0.000 0.000 0.000 3.061 3.045 0.012 57.249 68.172 91.049 61.864 58.615 61.442 61.350 61.294 61.260 61.244 61.243 58.243 0.000 0.000 0.000 0.000 0.000 0.000 0.000 0.000 0.000 0.000 0.000 60.140 56.140 62.140 57.140 65.139 65.138 64.137 60.140 63.149 58.166 57.196 57.246
91.207 91.207 100.207 102.207 102.207 102.207 102.207 102.207 102.206 102.206 102.206 103.205 104.204 102.204 102.203 102.203 102.203 24.202 8.202 63.202 73.202 83.202 82.202 75.202 67.202 8.201 0.000 0.000 0.000 0.000 0.000 0.000 0.000 0.000 3.095 62.078 65.028 64.892 61.632 60.490 69.349 57.106 0.000 57.392 61.341 61.303 61.277 61.263 60.257 0.000 0.000 0.000 0.000 0.000 0.000 0.000 62.140 73.140 0.000 0.000 61.140 59.140 59.140 56.141 64.141 65.141 65.142 62.144 65.149 65.158 63.172 58.190 47.209
73.208 78.208 97.208 103.208 102.208 102.208 102.208 102.208 102.207 102.207 104.206 90.206 86.205 101.204 106.204 103.203 98.203 80.203 83.202 89.202 83.202 84.202 63.202 56.202 2.202 0.000 0.000 0.000 0.000 0.000 0.000 0.000 0.002 0.000 53.112 59.128 62.097 62.017 61.898 61.809 63.748 0.000 0.000 0.000 56.320 61.299 61.283 61.272 61.267 0.000 0.000 0.000 0.000 0.000 0.000 22.140 79.140 61.140 59.140 59.140 59.140 59.140 57.141 62.141 65.142 65.143 61.145 65.149 65.155 64.163 58.172 59.183 49.192
57.208 72.209 91.209 104.209 105.209 105.209 103.209 102.208 103.208 102.208 103.207 41.207 12.205 60.204 78.204 99.203 106.203 104.203 104.203 90.202 13.202 0.000 0.000 0.000 0.000 0.000 0.000 0.000 0.000 8.044 10.044 0.031 0.022 0.004 0.000 58.226 62.215 60.181 61.132 63.098 64.088 0.000 0.000 0.000 0.000 54.291 61.282 61.276 58.271 0.000 0.000 0.000 0.000 0.000 0.000 0.000 21.140 75.140 58.140 58.140 59.140 58.140 58.141 64.141 65.142 63.144 51.147 4.151 69.159 63.165 63.172 63.178 49.183
21.209 43.209 76.210 82.210 76.210 78.210 95.210 103.209 99.209 92.209 91.208 26.208 0.000 0.000 0.000 36.203 71.203 97.203 104.203 1.203 0.000 0.000 0.000 0.000 0.000 0.000 0.000 0.000 0.000 50.044 71.044 16.044 1.044 0.021 0.000 58.336 64.356 63.358 72.353 73.363 63.418 8.578 0.000 0.000 0.000 0.000 58.280 59.278 0.000 0.000 0.000 0.000 0.000 0.000 0.000 0.000 0.000 80.140 83.140 63.140 57.140 55.140 65.141 65.141 60.142 0.000 0.000 0.000 10.163 68.167 65.172 65.175 55.178
0.000 0.000 57.212 66.212 18.212 4.211 67.211 96.211 87.210 83.210 97.209 64.209 24.210 0.000 0.000 0.000 0.000 42.203 73.204 0.000 0.000 0.000 0.000 0.000 0.000 0.000 0.000 0.000 0.000 0.000 55.044 73.044 4.045 0.000 0.000 49.426 63.515 61.543 91.558 84.585 62.641 64.738 10.844 0.000 0.000 0.000 53.280 0.000 0.000 0.000 0.000 0.000 0.000 0.000 0.000 0.000 0.000 0.000 68.140 85.140 70.140 64.140 65.140 60.141 0.000 0.000 0.000 0.000 0.000 60.170 65.172 65.174 60.176
0.000 0.000 53.214 98.213 55.213 4.213 56.212 88.212 90.211 101.211 103.210 106.210 112.210 51.210 20.209 0.000 0.000 0.000 13.205 8.205 0.000 1.204 0.000 0.000 0.000 0.000 0.000 0.000 0.000 0.000 56.045 71.045 1.045 8.045 12.046 0.000 56.737 64.740 94.751 76.778 64.824 63.889 68.950 0.000 0.000 0.000 0.000 0.000 0.000 0.000 0.000 0.000 0.000 0.000 0.000 0.000 0.000 0.000 0.000 6.140 73.140 63.140 61.140 0.000 0.000 0.000 0.000 0.000 59.171 58.171 60.172 54.173 0.000
26.218 41.217 75.216 93.215 101.214 70.214 83.213 106.213 103.212 102.212 102.211 102.211 102.210 108.210 111.209 67.208 26.207 8.206 71.205 85.205 78.204 80.204 36.204 12.203 9.203 0.000 0.000 0.000 0.000 0.000 35.045 57.045 63.045 63.046 66.046 25.047 57.955 86.929 88.930 65.950 63.988 64.044 67.117 12.237 7.289 0.000 0.000 0.000 0.000 0.000 0.000 0.000 0.000 0.000 0.000 0.000 0.000 0.000 0.000 0.000 0.000 0.000 7.140 0.000 0.000 0.000 0.000 61.171 56.171 54.171 0.000 0.000 0.000
99.218 102.218 102.217 100.216 98.216 99.215 101.215 101.214 102.214 103.213 103.212 102.212 95.211 99.210 102.209 106.208 110.207 111.207 103.206 99.205 96.205 91.204 93.204 86.203 42.203 20.202 0.000 0.000 0.000 0.000 0.000 0.000 0.000 0.000 0.000 82.139 71.108 100.090 91.089 78.105 65.136 64.181 64.238 68.304 64.342 0.000 0.000 0.000 0.000 0.000 0.000 0.000 0.000 0.000 0.000 0.000 0.000 0.000 0.000 0.000 0.000 0.000 0.000 0.000 0.000 0.000 0.000 0.000 0.000 0.000 0.000 0.000 0.000
102.219 97.219 95.219 94.218 88.217 85.217 86.216 86.215 92.215 97.214 97.213 90.212 74.211 89.210 102.210 102.209 102.208 102.207 102.206 102.205 103.205 103.204 106.204 107.203 107.202 107.202 46.201 0.000 0.000 0.000 0.000 0.000 0.000 0.000 0.000 54.264 80.247 85.233 69.232 86.244 74.270 64.306 64.351 67.398 10.433 0.000 0.000 0.000 0.000 0.000 0.000 0.000 0.000 0.000 0.000 0.000 0.000 0.000 0.000 0.000 0.000 0.000 0.000 0.000 0.000 0.000 0.000 0.000 0.000 0.000 0.000 0.000 0.000
72.221 45.220 67.220 81.220 79.219 59.218 44.218 40.217 60.216 77.215 76.214 69.213 64.212 74.211 95.210 103.209 102.208 102.207 102.206 102.205 102.205 106.204 81.204 69.203 68.202 72.202 75.201 14.199 3.197 0.084 0.031 0.000 0.000 0.000 0.000 52.405 88.383 71.365 63.361 73.371 84.392 68.423 64.461 64.505 70.558 14.649 8.695 0.730 0.000 0.000 0.000 0.000 0.000 0.000 0.000 0.000 0.000 0.000 0.000 0.000 0.000 0.000 0.000 0.000 0.000 0.000 0.000 0.000 0.000 0.000 0.000 0.000 0.000
62.222 33.222 55.222 70.221 66.221 43.220 29.219 33.218 53.217 67.216 65.215 65.214 66.213 64.211 83.210 100.209 102.208 102.207 102.206 102.205 101.205 64.204 0.000 0.000 0.000 0.000 0.000 0.000 0.000 58.731 78.730 30.728 16.724 12.712 59.669 76.568 93.517 70.481 64.476 62.486 79.505 81.532 67.565 64.602 64.646 67.696 76.732 14.761 9.771 0.000 0.000 0.000 0.000 0.000 0.000 0.000 0.000 0.000 0.000 0.000 0.000 0.000 0.000 0.000 0.000 0.000 0.000 0.000 0.000 0.000 0.000 0.000 0.000
75.224 71.224 66.224 65.223 66.222 68.222 69.221 72.220 71.219 67.218 66.216 66.215 66.213 65.212 72.210 94.209 103.208 102.206 104.205 76.205 42.205 0.000 0.000 0.000 0.000 0.000 0.000 0.000 0.000 23.730 45.730 48.730 52.733 66.744 63.726 84.682 81.636 55.565 62.578 64.592 66.611 79.636 71.664 66.694 64.726 63.756 80.777 71.786 65.782 0.000 0.000 0.000 0.000 0.000 0.000 0.000 0.000 0.000 0.000 0.000 0.000 0.000 0.000 0.000 0.000 0.000 0.000 0.000 0.000 0.000 0.000 0.000 0.000
65.226 66.226 66.226 66.225 66.224 66.224 66.223 66.222 66.220 66.219 66.217 66.216 66.214 66.212 64.211 85.209 102.207 104.206 100.205 26.204 0.000 0.000 0.000 0.000 0.000 0.000 0.000 0.000 0.000 0.000 0.000 0.000 0.000 50.804 67.809 93.797 67.781 0.000 50.677 65.692 63.713 67.736 68.760 77.785 66.808 64.826 63.833 59.826 0.804 0.000 0.000 0.000 0.000 0.000 0.000 0.000 0.000 0.000 0.000 0.000 0.000 0.000 0.000 0.000 0.000 0.000 0.000 0.000 0.000 0.000 0.000 0.000 24.525
66.228 66.228 66.228 66.227 66.226 66.226 66.225 65.223 65.222 66.221 66.219 66.217 66.215 66.213 65.211 73.209 88.207 99.205 87.203 13.203 0.000 0.000 0.000 0.000 0.000 0.000 0.000 0.000 0.000 0.000 0.000 0.000 0.000 27.858 76.911 101.915 11.910 0.000 48.762 66.787 64.812 63.834 71.856 82.877 70.896 64.907 68.904 1.865 0.000 0.000 0.000 0.000 0.000 0.000 0.000 0.000 0.000 0.000 0.000 0.000 0.000 0.000 0.000 0.000 0.000 0.000 0.000 0.000 0.000 0.000 0.000 0.000 81.603
66.231 66.230 66.230 66.230 66.229 66.228 66.227 70.225 71.224 67.222 66.220 66.218 66.216 66.214 66.211 65.209 68.206 77.204 77.202 18.200 0.000 0.000 0.000 0.000 0.000 0.000 19.821 0.000 0.000 0.000 0.000 0.000 0.000 0.188 81.059 96.044 19.034 0.000 32.822 63.883 64.912 64.934 63.954 68.972 70.990 67.003 69.010 0.000 0.000 0.000 0.000 0.000 0.000 0.000 0.000 0.000 0.000 0.000 0.000 0.000 0.000 0.000 0.000 0.000 0.000 0.000 0.000 0.000 0.000 0.000 0.000 65.825 74.733
66.233 66.233 66.233 66.232 66.231 66.230 65.229 77.228 82.226 69.224 66.222 66.220 66.217 66.215 66.212 66.209 66.206 65.202 68.199 49.197 0.000 0.000 0.000 0.000 0.000 61.821 82.821 44.819 35.810 34.798 0.000 0.000 0.000 62.327 104.222 78.168 78.147 5.170 0.000 50.008 67.021 65.036 65.052 63.069 79.087 83.106 77.124 0.271 0.000 0.000 0.000 0.000 0.000 0.000 0.000 0.000 0.000 0.000 0.000 0.000 0.000 0.000 0.000 0.000 0.000 0.000 0.000 0.000 0.000 0.000 39.989 90.916 76.841
66.236 66.236 66.236 66.235 66.234 66.233 65.232 78.230 84.228 68.226 66.224 66.222 66.219 66.216 66.213 66.209 66.205 66.201 66.196 72.191 43.184 0.000 0.000 0.000 1.822 24.822 39.823 61.825 69.813 73.786 47.734 23.663 58.569 96.435 94.335 74.258 56.216 14.193 0.000 50.121 67.127 66.136 69.149 64.164 73.183 96.210 93.252 38.341 2.393 18.417 0.000 0.000 0.000 0.000 0.000 0.000 0.000 0.000 0.000 0.000 0.000 0.000 0.000 0.014 0.000 0.000 0.000 0.000 0.000 0.000 77.062 133.010 115.947
63.239 64.239 65.239 65.238 66.237 66.236 64.235 79.233 82.231 65.229 66.227 66.224 66.221 66.217 66.214 66.209 66.205 66.199 66.193 66.186 72.177 52.165 3.157 0.000 0.000 0.000 0.000 37.847 68.830 64.799 67.751 71.688 83.607 100.512 84.422 52.315 2.266 0.000 0.000 49.229 66.230 69.234 82.243 68.255 78.273 79.298 98.334 102.382 85.420 35.442 0.000 0.000 0.000 0.000 0.000 0.000 0.000 0.000 0.000 0.000 0.000 0.000 0.047 0.002 0.000 0.000 0.000 0.000 0.000 63.277 73.186 74.115 77.050
84.243 79.242 74.242 72.241 68.240 64.239 64.238 79.236 82.234 64.232 66.229 66.226 66.223 66.219 66.215 66.210 65.205 64.199 65.192 65.183 65.173 71.162 48.149 25.135 0.114 0.000 0.000 36.885 74.863 68.829 63.785 76.730 99.661 93.582 61.527 0.000 0.000 0.000 0.000 47.336 65.330 70.328 77.332 72.341 77.356 76.376 89.402 83.434 76.463 49.488 4.518 0.000 0.000 0.000 0.000 0.000 0.000 0.000 0.000 0.000 0.000 0.000 0.005 0.004 10.054 0.000 0.000 6.444 40.444 68.368 137.289 101.224 133.110
104.246 103.246 99.246 94.245 90.244 85.243 80.241 76.239 71.237 65.235 66.232 66.229 66.226 66.222 65.217 67.212 73.206 78.199 77.192 75.182 69.172 64.158 68.143 74.122 38.089 19.052 23.007 56.945 79.906 70.870 66.831 89.784 101.725 57.628 2.578 0.000 0.000 10.529 17.508 51.448 64.425 69.416 85.416 75.422 68.433 61.447 67.466 85.488 82.509 88.530 7.548 0.000 0.000 0.000 0.000 0.000 0.000 0.000 0.000 0.000 0.000 0.000 0.000 0.000 7.054 0.000 0.000 0.000 75.521 66.459 76.392 99.287 75.461
