results4_8e4_rain/res_4e8f.totaltm
ncols         241
nrows         181
xllcorner     12693529.787448
yllcorner     3542525.717860
cellsize      155.156523
NODATA_value  -9999.000000
[rows 62 to 92 of 181, columns 70 to 139 of 241]
616.828 602.678 619.845 619.956 629.224 629.330 648.962 649.007 648.693 649.903 650.069 650.333 650.409 647.864 647.333 647.833 649.035 648.511 646.153 649.956 650.426 650.391 650.132 647.531 647.404 646.682 647.460 648.508 650.121 650.166 650.219 645.251 0.000 654.421 654.398 0.000 0.000 0.000 0.000 656.436 657.747 661.593 661.658 663.889 663.889 661.609 661.468 661.364 661.089 661.052 661.005 660.952 660.908 660.775 649.860 0.000 0.000 0.000 0.000 0.000 0.000 0.000 0.000 0.000 70.632 579.418 579.543 579.698 579.500 575.880
602.801 0.000 0.000 0.000 0.000 0.000 647.520 649.078 649.399 650.340 650.485 650.640 650.419 561.683 650.104 650.102 649.118 649.062 648.483 647.476 648.250 650.334 649.844 649.779 649.712 649.269 648.978 647.613 644.583 647.616 644.867 0.000 0.000 0.000 653.782 646.149 0.000 0.000 375.473 657.695 661.541 661.645 661.748 663.889 661.682 661.600 661.533 661.177 661.136 661.081 661.021 660.959 660.373 650.193 0.000 0.000 0.000 0.000 0.000 0.000 0.000 0.000 0.000 0.000 587.930 419.724 271.326 588.047 572.058 590.979
0.000 0.000 0.000 0.000 0.000 0.000 645.604 649.313 650.244 651.108 651.091 650.984 650.977 650.970 650.937 650.931 649.173 649.125 648.458 648.270 647.828 643.215 649.205 649.652 649.547 649.135 649.108 649.068 649.036 647.607 0.000 0.000 0.000 85.303 653.736 641.149 0.000 156.339 656.656 660.134 661.628 661.747 663.889 663.889 661.715 661.564 661.452 661.182 661.143 661.093 661.049 656.378 0.000 0.000 0.000 0.000 0.000 0.000 0.000 0.000 0.000 591.014 589.125 566.070 587.990 587.846 587.917 588.118 589.568 593.752
0.000 0.000 0.000 570.113 0.000 0.000 646.934 650.151 651.160 651.138 648.380 647.569 646.394 643.339 644.444 644.385 649.221 649.173 649.147 649.076 642.507 0.000 641.129 648.999 649.267 648.983 648.976 648.929 648.945 648.611 175.057 278.317 335.188 647.387 639.342 0.000 0.000 656.782 657.929 661.618 661.683 661.783 663.889 661.776 661.701 661.640 661.278 661.236 661.178 660.940 657.825 645.208 0.000 0.000 0.000 0.000 0.000 592.401 584.948 584.593 584.210 591.083 591.008 590.905 589.427 579.666 586.739 588.859 593.582 593.613
0.000 0.000 570.210 649.008 626.205 0.000 649.641 651.164 651.187 651.156 0.000 642.456 642.516 649.505 649.536 649.338 649.277 649.187 649.164 649.037 0.000 0.000 0.000 646.545 642.589 646.539 647.713 647.644 648.611 648.578 648.547 648.510 648.474 647.460 0.000 0.000 655.369 660.116 660.147 661.655 661.761 661.855 663.889 661.803 661.681 661.591 661.301 661.246 661.206 655.978 0.000 0.000 0.000 0.000 0.000 0.000 0.000 592.449 591.555 591.446 591.325 591.188 590.929 590.209 590.836 590.880 586.670 591.494 593.548 576.966
0.000 0.000 645.083 649.033 649.343 248.960 642.700 651.182 651.206 651.173 576.596 0.000 0.000 648.810 651.056 649.392 649.196 649.406 630.981 0.000 0.000 0.000 0.000 0.000 0.000 647.581 647.651 647.577 638.572 641.180 646.469 646.631 648.066 644.014 0.000 0.000 0.000 656.831 659.340 661.268 661.854 663.889 663.889 661.829 661.706 661.566 661.416 661.301 659.736 651.526 0.000 412.073 645.309 0.000 0.000 0.000 592.954 592.979 591.560 591.451 591.324 591.141 590.684 589.101 588.448 590.920 592.246 592.194 590.238 585.029
0.000 0.000 640.059 649.345 649.378 650.725 650.189 651.266 651.220 651.262 651.081 0.000 0.000 0.000 651.186 651.215 650.205 650.777 517.799 0.000 0.000 0.000 0.000 0.000 0.000 647.352 647.078 643.811 0.000 0.000 645.341 648.016 648.046 0.000 0.000 529.711 657.271 656.869 657.130 657.669 660.401 663.889 661.879 661.776 661.653 661.516 661.400 660.694 657.269 653.861 653.821 653.475 645.386 0.000 0.000 0.000 329.505 595.266 588.139 591.323 591.269 592.969 590.226 588.587 587.472 589.718 592.290 592.253 591.838 591.867
0.000 479.777 648.548 649.421 649.339 650.789 651.423 651.344 651.022 651.598 651.196 573.375 0.000 543.591 650.768 651.913 651.931 651.902 651.878 0.000 0.000 0.000 0.000 507.952 508.011 647.205 646.074 646.006 0.000 0.000 0.000 647.994 648.031 636.585 0.000 658.061 657.299 657.244 657.175 656.804 663.889 663.889 661.900 661.835 661.514 661.424 661.370 659.144 646.345 0.000 653.776 646.527 0.000 0.000 0.000 595.435 595.492 595.348 588.234 591.234 594.080 595.411 594.883 592.704 589.136 592.399 592.361 573.435 591.867 594.661
518.425 649.390 649.434 649.468 651.185 651.533 651.484 651.416 651.184 651.622 651.598 651.489 651.556 651.629 651.654 651.679 651.946 650.313 649.894 0.000 0.000 0.000 519.492 646.408 646.462 646.499 646.445 646.373 646.310 645.914 0.000 521.486 338.954 278.586 564.221 658.829 657.917 657.085 657.221 657.288 663.889 657.172 658.156 659.098 661.135 661.370 660.729 653.385 0.000 0.000 0.000 0.000 0.000 0.000 595.789 595.541 595.599 595.488 595.440 595.549 595.620 595.530 595.438 594.272 592.703 593.599 590.086 586.931 589.387 588.558
649.310 649.413 648.743 651.276 651.642 651.592 651.539 651.760 651.692 651.648 637.215 651.353 651.273 651.273 650.759 649.070 651.998 652.052 650.738 0.000 0.000 0.000 645.875 645.899 645.405 644.603 646.374 646.266 646.124 645.898 585.334 605.057 610.309 619.286 660.487 660.520 659.054 658.933 657.581 663.889 663.889 657.317 658.296 657.218 657.208 660.723 656.589 0.000 0.000 0.000 0.000 0.000 0.000 0.000 595.922 595.900 595.794 595.672 595.618 595.654 595.776 595.691 595.549 595.166 595.253 593.637 581.632 591.207 590.297 589.346
648.957 649.466 651.366 651.709 651.693 651.654 651.851 651.832 651.779 632.140 0.000 597.567 648.463 651.317 651.249 651.161 649.090 652.173 651.235 0.000 0.000 0.000 638.332 645.515 644.727 644.780 646.252 646.143 646.003 645.819 645.742 475.398 538.289 637.639 659.750 661.521 567.544 661.930 660.490 663.889 657.531 658.923 658.555 657.050 656.234 655.277 649.916 0.000 0.000 573.427 0.000 0.000 0.000 0.000 596.000 596.107 595.952 595.811 595.700 595.723 595.838 595.769 595.639 595.468 595.371 574.717 592.834 592.116 587.239 592.631
651.439 651.488 651.740 651.751 651.743 651.916 651.921 651.914 651.890 566.824 557.630 506.052 646.832 651.378 651.339 651.154 650.821 652.192 652.003 0.000 0.000 0.000 0.000 643.746 644.680 645.928 646.106 646.003 645.862 645.778 639.282 0.000 0.000 659.410 659.779 661.814 661.950 661.989 662.078 663.889 660.011 660.214 658.339 657.300 655.759 0.000 0.000 0.000 0.000 573.606 0.000 0.000 0.000 0.000 85.467 599.938 596.110 595.932 595.818 595.820 595.909 595.765 595.701 595.626 594.325 593.833 593.421 592.746 592.434 595.881
651.659 651.942 651.775 651.794 651.963 651.977 651.996 652.003 651.934 651.896 651.849 651.794 651.573 651.545 631.059 649.116 650.540 652.211 652.134 0.000 0.000 0.000 0.000 643.428 645.492 645.741 645.924 645.839 645.692 639.279 0.000 0.000 473.134 660.074 661.131 661.903 661.984 662.079 663.889 662.078 662.006 660.862 658.845 657.516 657.359 657.301 0.000 0.000 0.000 573.791 582.555 573.911 0.000 0.000 0.000 601.523 593.603 595.948 595.940 595.936 596.185 595.911 595.754 595.401 594.565 594.243 593.859 587.669 592.707 596.114
651.944 651.965 651.813 652.008 652.012 652.032 652.068 652.095 652.014 651.929 651.837 651.741 651.619 651.582 0.000 642.191 650.302 652.284 652.166 445.366 0.000 0.000 0.000 644.624 645.498 645.655 645.812 645.634 645.603 0.000 0.000 0.000 659.109 659.827 661.913 661.983 662.063 662.150 663.889 662.096 662.387 661.861 661.822 659.784 658.379 656.559 655.185 655.133 0.000 0.000 582.822 582.974 599.791 601.601 601.770 601.620 604.008 596.087 597.556 597.519 597.479 591.559 595.464 595.109 594.832 594.539 587.903 592.457 596.526 596.138
651.961 651.992 652.029 652.075 652.058 652.083 652.128 652.166 652.094 651.992 651.926 651.730 651.643 651.617 0.000 642.335 650.296 652.393 652.193 492.574 0.000 0.000 0.000 608.171 632.463 631.130 631.130 645.492 638.317 0.000 0.000 0.000 659.327 660.773 661.987 662.065 662.157 663.889 663.889 662.516 662.442 661.886 661.816 661.757 660.238 654.195 0.000 0.000 0.000 0.000 582.178 583.103 583.299 594.808 601.948 600.351 604.088 604.043 599.964 597.554 597.503 591.783 595.466 595.272 595.024 594.726 594.327 596.563 596.548 594.475
651.849 652.037 652.086 652.139 652.102 652.130 652.175 652.206 652.183 652.152 625.054 650.201 651.610 651.566 582.370 646.064 650.380 652.420 652.217 505.743 0.000 0.000 0.000 0.000 0.000 341.764 342.590 633.801 0.000 0.000 0.000 634.530 659.186 661.991 662.064 662.148 662.234 663.889 662.179 662.475 661.964 661.873 661.795 661.720 659.930 652.375 0.000 0.000 0.000 0.000 0.000 582.916 583.198 552.391 602.141 604.399 604.196 604.072 603.997 599.958 595.928 595.804 595.650 595.466 595.216 585.622 596.677 597.276 592.514 592.055
651.893 652.085 652.139 652.191 652.147 652.170 652.206 652.294 626.564 629.461 0.000 571.763 648.431 651.382 651.955 652.002 652.473 652.448 652.422 524.813 0.000 0.000 0.000 0.000 304.828 342.444 344.072 0.000 0.000 0.000 524.563 660.352 660.691 662.060 662.144 662.239 663.889 663.889 662.207 662.083 661.964 661.868 661.786 661.556 658.647 0.000 0.000 0.000 0.000 0.000 0.000 0.000 565.528 0.000 607.991 607.219 602.104 601.767 601.405 601.396 599.378 591.546 595.466 595.269 589.086 597.005 597.494 597.301 591.687 588.867
651.838 652.115 652.114 652.237 652.191 652.174 652.209 652.433 302.321 0.000 592.367 564.881 644.036 651.732 651.800 652.250 652.971 636.541 628.493 316.103 0.000 0.000 0.000 0.000 329.791 342.583 342.446 0.000 0.000 0.000 658.824 659.359 661.486 662.128 662.218 662.305 663.889 662.259 662.157 662.056 661.959 661.871 661.789 660.270 657.311 0.000 0.000 0.000 0.000 0.000 0.000 0.000 0.000 0.000 608.857 607.798 602.243 590.741 595.914 595.831 599.363 599.119 595.263 597.223 589.026 597.621 597.558 592.712 571.306 588.644
652.670 652.997 652.670 652.355 652.125 652.127 652.128 652.459 612.850 601.227 652.348 652.788 652.209 651.761 652.654 653.121 653.106 156.132 0.000 0.000 0.000 0.000 0.000 0.000 312.656 315.876 316.745 0.000 0.000 0.000 659.076 659.962 661.833 662.200 662.304 663.889 663.889 662.282 662.169 662.064 661.970 661.882 661.800 659.028 656.400 0.000 0.000 0.000 0.000 0.000 0.000 0.000 0.000 0.000 608.942 609.035 609.193 607.239 585.814 595.421 595.310 599.104 599.078 598.897 598.664 597.659 595.091 584.038 583.648 588.422
653.469 653.575 653.610 653.648 653.679 653.707 653.639 653.176 653.321 653.338 652.904 652.999 653.351 653.346 653.312 653.272 621.712 0.000 0.000 0.000 0.000 0.000 0.000 0.000 0.000 0.000 0.000 0.000 573.369 620.951 659.219 661.844 662.166 662.243 662.328 663.889 662.353 662.273 662.183 662.087 661.991 661.900 661.433 658.828 652.812 0.000 0.000 0.000 0.000 0.000 0.000 0.000 0.000 0.000 608.250 608.128 609.284 609.218 608.743 606.788 595.426 559.187 0.000 0.000 0.000 0.000 0.000 583.859 582.960 588.291
652.949 653.120 653.120 653.395 653.707 653.736 653.947 654.309 654.381 654.443 654.429 654.452 654.327 654.213 652.900 652.830 0.000 0.000 0.000 0.000 0.000 0.000 0.000 0.000 0.000 0.000 0.000 0.000 657.535 660.127 660.157 661.914 662.233 662.308 662.380 663.889 662.648 662.349 662.244 662.130 662.019 661.919 660.981 658.379 0.000 0.000 0.000 0.000 0.000 0.000 0.000 0.000 0.000 610.621 610.519 602.818 609.350 609.281 609.196 609.036 608.929 595.236 0.000 0.000 0.000 0.000 0.000 583.605 580.639 588.179
652.992 653.146 653.118 653.071 652.988 652.871 654.039 654.219 654.463 654.487 654.478 654.499 652.454 651.252 652.399 631.787 0.000 0.000 0.000 0.000 0.000 0.000 0.000 0.000 0.000 0.000 0.000 0.000 658.330 660.157 661.629 662.228 662.301 662.381 663.889 663.889 662.908 662.359 662.257 662.144 662.033 661.931 660.817 657.614 0.000 0.000 0.000 0.000 0.000 0.000 0.000 0.000 610.823 610.725 610.734 610.703 609.466 590.020 605.691 608.136 608.451 607.209 0.000 0.000 0.000 0.000 572.824 572.929 579.885 588.074
653.563 653.565 653.157 652.961 652.905 653.871 654.203 654.273 654.489 654.524 654.530 654.588 654.509 654.451 629.350 0.000 0.000 0.000 0.000 0.000 0.000 0.000 0.000 0.000 0.000 0.000 0.000 0.000 656.277 660.094 661.993 662.289 662.360 662.427 663.889 662.685 662.648 662.367 662.265 662.148 662.036 661.934 660.193 656.680 0.000 0.000 0.000 0.000 0.000 0.000 0.000 610.946 610.931 610.980 610.948 610.898 610.834 610.749 602.983 590.077 600.298 607.158 607.075 0.000 0.000 0.000 567.888 572.515 579.843 587.933
654.178 654.198 654.184 653.016 652.994 653.993 654.270 654.340 654.407 654.564 654.604 654.643 654.559 654.502 492.574 0.000 0.000 0.000 0.000 0.000 0.000 0.000 0.000 0.000 0.000 0.000 0.000 465.833 657.716 661.438 662.281 662.353 662.428 663.889 663.889 662.934 662.404 662.322 662.229 662.129 662.027 661.961 659.030 657.528 0.000 0.000 609.422 0.000 610.413 610.953 611.000 611.052 611.280 611.279 611.195 611.098 611.006 610.901 610.781 609.450 590.079 606.965 606.995 596.937 0.000 0.000 573.545 567.889 574.380 576.075
654.209 654.241 654.285 653.760 653.892 654.150 654.333 654.458 654.528 654.603 654.661 654.704 654.303 654.434 557.545 0.000 0.000 0.000 0.000 0.000 0.000 0.000 0.000 0.000 0.000 0.000 0.000 654.356 660.051 662.074 662.336 662.407 662.474 663.889 662.718 662.684 662.412 662.316 662.213 662.113 662.017 661.953 658.121 653.207 0.000 0.000 609.511 0.000 608.416 611.065 611.069 611.390 611.758 611.682 611.512 611.330 611.179 611.043 610.907 608.301 608.196 608.112 606.099 0.000 0.000 0.000 573.600 573.655 573.705 573.433
654.240 654.278 654.339 653.809 653.896 653.996 654.046 654.103 654.164 654.236 654.708 654.900 655.038 627.535 383.723 0.000 0.000 0.000 0.000 0.000 0.000 0.000 430.535 577.030 0.000 0.000 602.858 657.103 660.993 662.325 662.393 662.473 663.889 663.889 662.957 662.448 662.368 662.278 662.184 662.092 662.004 661.094 649.516 0.000 0.000 0.000 609.712 611.443 611.492 611.369 611.313 611.813 612.297 612.150 611.906 611.627 611.383 611.188 611.024 603.165 608.112 607.957 605.315 0.000 0.000 0.000 573.272 573.180 573.654 573.670
654.323 654.347 654.612 654.488 654.593 654.964 655.219 655.389 655.626 656.009 655.965 655.938 655.968 464.952 569.933 637.948 514.063 0.000 0.000 0.000 0.000 0.000 646.980 648.817 557.387 0.000 655.702 660.258 662.158 662.380 662.432 662.493 663.889 662.507 662.456 662.391 662.319 662.240 662.156 662.073 662.015 659.879 0.000 0.000 0.000 0.000 489.800 609.899 611.557 611.619 612.069 612.270 612.729 612.548 612.288 611.968 611.629 611.347 603.721 604.977 606.977 607.789 592.535 0.000 0.000 0.000 537.977 573.530 573.613 573.623
654.582 655.005 655.136 655.242 654.795 655.584 655.904 656.000 656.037 656.072 655.931 655.971 656.015 635.134 655.737 657.081 640.813 611.586 340.756 0.000 0.000 590.483 647.789 648.918 508.308 635.881 658.591 661.894 662.416 662.446 662.497 662.535 663.889 662.750 662.502 662.414 662.312 662.221 662.137 662.058 662.006 651.588 0.000 0.000 0.000 0.000 0.000 595.766 611.748 508.831 508.387 609.669 613.068 612.870 612.609 612.282 611.894 609.576 603.784 607.665 607.505 605.928 592.464 593.731 0.000 0.000 0.000 573.478 573.587 573.606
654.979 655.140 655.271 655.385 655.489 655.655 655.954 656.016 656.062 656.104 655.955 655.961 656.058 656.930 657.079 657.095 657.108 657.253 556.886 0.000 0.000 647.830 649.010 648.976 645.781 658.427 661.263 662.417 662.459 662.511 662.572 663.889 662.535 662.503 662.434 662.357 662.277 662.197 662.120 662.074 656.179 0.000 0.000 0.000 0.000 0.000 0.000 606.387 612.656 0.000 0.000 601.683 613.342 613.139 612.877 612.545 612.124 603.990 606.786 607.847 606.764 590.184 594.024 593.836 0.000 0.000 0.000 537.783 571.261 573.579
655.078 655.251 655.383 655.503 655.618 655.726 655.038 655.228 656.086 656.151 656.219 656.262 656.461 656.833 657.000 656.798 656.528 657.273 570.340 0.000 0.000 647.142 649.050 649.100 658.714 660.286 661.689 662.475 662.521 662.576 663.889 663.889 662.552 662.470 662.392 662.320 662.249 662.177 662.106 662.059 0.000 0.000 572.873 623.838 0.000 0.000 608.891 613.019 612.882 613.481 191.694 602.178 613.562 613.365 613.100 612.741 608.412 608.308 608.227 608.045 594.429 594.318 594.207 594.021 0.000 0.000 0.000 0.000 0.000 571.177
655.245 655.321 655.468 655.602 655.727 655.837 655.929 656.003 656.069 656.142 656.194 656.243 656.710 657.002 656.975 656.649 656.494 657.409 570.586 0.000 0.000 646.934 569.636 657.592 660.332 661.202 662.493 662.539 662.592 662.630 663.889 662.592 662.518 662.446 662.374 662.303 662.233 662.164 662.126 660.369 0.000 520.711 644.671 643.496 0.000 0.000 583.239 613.194 613.312 613.563 617.228 616.643 616.027 613.557 613.239 612.673 604.369 608.220 608.111 604.467 592.265 594.208 594.059 593.975 593.901 0.000 0.000 0.000 0.000 0.000
