results4_8e4_rain/res_4e8f-0120.wd
ncols         241
nrows         181
xllcorner     12693529.787448
yllcorner     3542525.717860
cellsize      155.156523
NODATA_value  -9999.000000
[rows 66 to 98 of 181, columns 73 to 145 of 241]
69.705 33.694 0.000 58.858 75.837 74.807 74.780 0.000 46.193 46.176 59.187 55.196 54.176 54.131 53.065 128.969 116.802 0.000 0.000 0.000 49.584 44.525 49.437 52.379 52.331 54.288 55.248 60.203 61.161 62.116 53.056 0.000 0.000 50.363 100.363 82.275 86.130 86.211 84.259 92.183 84.660 85.135 85.870 84.639 84.413 85.205 55.048 0.000 0.000 0.000 0.000 0.000 0.000 0.000 35.726 33.708 33.674 33.626 33.566 33.503 37.435 50.362 47.288 32.214 43.138 52.064 30.991 33.920 39.850 44.780 40.711 34.644 32.577
54.706 60.683 0.000 47.071 71.036 70.008 64.011 17.093 0.000 0.000 52.263 65.340 54.340 53.309 54.266 35.226 0.000 0.000 0.000 0.000 0.000 0.000 60.375 58.351 56.321 39.284 42.243 49.199 50.165 55.133 46.094 0.000 0.000 0.000 60.602 78.508 85.441 85.529 92.617 92.408 84.736 85.421 85.128 84.914 84.700 79.508 37.373 0.000 1.564 34.564 0.000 0.000 0.000 41.761 36.761 33.742 33.707 33.660 33.604 33.542 33.475 33.406 40.334 54.261 55.187 38.114 32.043 32.972 33.903 37.834 36.767 32.700 32.634
56.715 55.648 60.515 58.319 72.227 65.179 66.163 63.176 0.000 0.000 0.000 67.560 62.533 57.499 59.466 6.443 0.000 0.000 0.000 0.000 0.000 0.000 59.337 55.328 46.317 0.000 0.000 47.184 59.168 58.154 0.000 0.000 6.307 63.188 54.934 58.756 65.830 80.888 92.813 84.484 86.035 85.595 85.402 85.181 82.963 65.756 44.564 50.564 48.564 29.564 0.000 0.000 0.000 0.000 50.817 32.790 33.751 37.703 45.647 35.586 33.520 32.451 36.380 51.308 58.236 50.164 36.094 31.024 32.956 32.888 32.821 32.755 31.690
56.754 54.680 58.578 69.461 63.376 56.319 75.285 64.272 16.287 0.000 9.950 59.807 75.735 70.687 70.655 73.637 0.000 0.000 0.000 0.000 5.293 5.297 57.309 48.307 51.302 0.000 0.000 0.000 95.170 122.162 37.162 0.000 62.426 57.324 57.163 57.069 53.150 93.172 92.998 85.534 89.136 85.879 85.666 85.448 77.217 29.986 0.000 52.564 30.564 0.000 0.000 0.000 39.002 37.969 36.899 32.852 36.805 48.753 53.696 51.634 44.568 34.499 43.428 51.357 30.285 36.214 49.144 46.075 42.007 49.941 30.876 32.810 30.745
54.810 60.740 70.658 62.571 54.496 54.436 67.385 75.338 71.303 74.231 76.093 70.984 65.911 67.861 56.830 55.814 0.000 0.000 0.000 6.286 62.288 61.291 49.293 51.290 52.282 56.265 55.254 0.000 6.180 0.168 0.000 8.809 68.647 61.519 56.359 57.449 55.493 93.330 55.159 62.745 77.337 85.154 85.936 83.726 42.472 0.000 0.000 0.000 0.000 0.000 0.000 40.058 34.035 34.005 33.960 34.913 44.864 53.810 52.750 52.687 48.619 44.549 54.477 37.405 32.333 33.262 33.192 43.124 56.058 42.994 30.930 31.866 37.801
60.876 71.811 61.741 54.669 55.603 55.543 57.483 41.393 67.357 65.296 57.208 54.126 53.062 69.017 70.988 57.974 0.000 0.000 0.000 62.284 58.284 55.284 48.283 52.279 52.271 52.259 52.244 11.220 14.191 15.163 17.110 84.970 81.838 70.709 69.664 58.662 93.612 93.478 57.215 63.861 58.634 65.434 84.202 59.049 0.000 0.000 0.000 0.000 0.000 0.000 0.000 40.080 34.076 34.057 34.022 34.978 43.928 53.871 52.809 51.743 48.673 53.601 47.527 31.453 33.380 33.309 33.239 43.172 51.108 30.045 32.984 35.922 54.856
71.948 61.888 54.826 55.762 55.703 56.650 37.611 0.000 24.436 52.386 55.318 55.249 55.196 53.157 77.133 61.121 0.000 0.000 0.000 39.282 56.279 50.278 51.276 52.272 52.265 52.255 52.242 63.224 3.201 7.187 24.198 77.123 87.020 8.908 90.829 81.021 93.729 55.793 69.434 66.076 55.943 52.744 49.388 34.218 0.000 0.000 35.627 0.000 0.000 0.000 0.000 36.107 34.134 34.123 34.093 34.050 34.998 40.938 48.873 48.803 48.729 52.654 30.577 33.501 33.426 32.354 38.284 55.218 38.155 32.096 35.040 15.982 16.903
62.025 54.969 55.911 55.852 55.795 58.743 14.699 12.665 5.566 50.496 55.428 57.357 55.314 54.284 72.264 68.255 0.000 0.000 0.000 0.000 47.274 50.273 52.270 52.267 52.261 52.254 54.245 40.235 0.000 0.000 74.371 77.304 88.212 94.083 88.185 86.221 93.829 76.845 79.546 64.386 57.290 50.215 0.000 0.000 0.000 0.000 33.627 0.000 0.000 0.000 0.000 0.000 37.228 34.210 34.176 34.131 34.075 34.012 33.942 40.867 48.788 36.708 33.627 33.547 33.470 36.396 49.326 49.261 31.200 33.144 36.097 3.063 0.000
55.107 56.053 55.997 55.940 55.883 55.829 59.779 60.729 60.665 56.605 56.539 36.438 53.418 54.399 70.386 69.381 0.000 0.000 0.000 0.000 46.270 52.269 52.267 52.264 52.260 52.255 40.250 0.000 0.000 2.748 79.611 85.513 88.411 88.357 87.434 93.963 86.332 89.047 83.734 68.675 58.614 57.610 57.747 0.000 0.000 0.000 30.627 37.628 30.628 0.000 0.000 0.000 52.341 33.313 34.272 34.221 34.161 35.092 34.016 33.934 33.849 33.762 33.676 33.592 32.511 38.435 53.364 30.298 33.238 33.185 35.141 10.111 0.000
56.192 56.139 56.084 56.027 55.968 55.911 55.857 55.808 55.761 55.719 59.687 0.000 46.522 55.509 71.498 66.503 2.547 0.000 0.000 0.000 51.267 54.266 54.264 54.261 52.259 55.257 0.000 0.000 0.000 71.885 77.811 88.725 88.605 88.712 86.759 94.172 87.468 92.111 88.001 88.933 76.883 64.863 53.884 48.884 50.884 0.000 0.000 36.629 31.628 37.623 38.609 36.572 42.482 52.429 34.379 35.321 44.255 51.180 33.096 34.005 33.911 33.816 33.723 32.633 37.548 56.469 50.396 39.330 32.271 33.218 35.171 50.128 68.082
56.281 56.228 56.173 56.115 56.053 55.989 55.932 58.883 56.853 55.824 59.802 0.000 46.638 55.616 72.595 64.586 4.591 0.000 0.000 0.000 24.266 34.264 33.261 33.259 54.257 39.257 0.000 0.000 0.000 74.095 84.028 88.938 88.896 87.999 94.812 94.510 88.535 89.378 88.235 88.177 89.122 80.078 45.041 0.000 0.000 0.000 0.000 34.630 34.632 31.633 33.632 34.625 33.587 40.543 54.492 37.431 35.359 45.276 33.182 34.080 33.974 33.869 33.766 33.669 41.579 54.496 41.422 53.356 31.297 32.244 37.196 58.150 70.104
56.373 56.320 56.265 56.206 56.139 59.061 60.998 32.941 53.942 56.921 58.895 18.871 49.777 54.722 66.681 64.654 5.640 0.000 0.000 0.000 0.000 0.000 0.051 0.071 35.254 0.000 0.000 0.000 22.543 72.373 89.265 89.146 89.262 87.347 95.085 87.125 92.830 88.525 88.478 88.410 88.350 78.284 39.162 0.000 0.000 0.000 0.000 0.000 37.638 38.644 25.662 33.709 34.698 34.664 38.614 54.551 37.475 34.383 34.277 34.159 34.038 33.918 31.805 37.699 56.602 37.516 36.441 50.375 34.317 32.265 39.218 65.174 70.130
56.467 56.414 56.361 56.305 58.237 34.119 36.059 0.000 16.053 52.024 55.987 59.942 55.876 58.814 63.752 68.709 7.674 0.000 0.000 0.000 0.000 0.000 1.267 8.268 0.000 0.000 0.000 5.833 81.713 83.591 89.484 89.440 88.559 95.578 95.340 88.189 88.903 88.774 88.704 88.640 87.585 67.545 0.000 0.000 0.000 0.000 0.000 0.000 0.000 29.644 0.000 40.850 37.834 33.800 33.750 35.686 52.605 41.506 33.384 34.242 34.099 32.963 37.836 39.719 38.614 35.525 33.450 33.387 33.331 34.282 47.238 69.197 70.158
56.560 56.509 56.461 56.417 61.383 0.000 0.000 22.285 14.194 48.136 57.086 55.033 56.973 68.905 40.805 34.757 0.000 0.000 0.000 0.000 0.000 0.000 5.264 7.265 0.000 0.000 0.000 68.953 73.884 87.795 89.678 89.808 87.903 95.796 87.692 89.366 89.060 89.000 88.925 88.859 80.804 57.766 0.000 0.000 0.000 0.000 0.000 0.000 0.000 0.000 0.000 45.008 39.989 33.952 31.901 34.836 34.754 50.650 43.511 34.327 35.154 32.998 39.857 39.727 36.610 30.520 33.449 33.390 35.339 49.295 68.255 70.219 73.186
57.651 55.601 55.556 55.519 58.496 28.504 25.464 57.376 62.301 56.240 54.186 61.133 71.078 74.028 0.000 0.000 0.000 0.000 0.000 0.000 0.000 0.000 0.000 0.000 0.000 0.000 0.000 71.142 79.078 88.989 89.980 89.019 96.199 96.004 88.724 89.428 89.289 89.211 89.137 89.070 71.006 52.949 0.000 0.000 0.000 0.000 0.000 0.000 0.000 0.000 0.000 43.185 41.160 41.119 38.066 31.003 32.927 33.829 49.684 49.401 46.191 43.018 35.866 34.724 31.579 32.497 33.436 37.385 57.341 69.302 69.268 70.238 69.212
71.738 70.688 69.644 67.606 64.577 65.553 65.512 62.453 63.394 65.338 65.286 71.233 73.177 31.103 0.000 0.000 0.000 0.000 0.000 0.000 0.000 0.000 0.000 0.000 0.000 9.659 17.579 72.397 89.288 90.196 90.146 89.374 96.381 88.203 89.877 89.564 89.499 89.417 89.344 87.276 69.201 40.075 0.000 0.000 0.000 0.000 0.000 0.000 0.000 0.000 0.000 33.388 37.348 40.297 41.242 40.183 37.121 33.056 26.996 0.000 0.000 0.000 0.000 0.000 35.486 33.452 36.412 57.374 70.338 69.306 70.277 73.252 69.231
67.819 69.769 68.725 70.686 72.652 71.618 70.578 68.531 66.482 66.434 67.386 63.338 63.294 0.000 0.000 0.000 0.000 0.000 0.000 0.000 0.000 0.000 0.000 0.000 0.000 58.739 81.682 80.578 89.484 90.372 90.498 88.601 96.551 90.298 89.903 89.778 89.694 89.616 89.547 85.489 65.447 0.000 0.000 0.000 0.000 0.000 0.000 0.000 0.000 0.000 40.781 35.632 32.546 34.479 39.421 41.367 41.318 42.277 33.249 0.000 0.000 0.000 0.000 0.000 36.428 34.412 50.387 71.360 69.332 69.307 69.283 70.263 69.246
55.894 55.845 56.802 63.762 72.725 78.690 66.652 60.612 55.570 53.529 52.486 58.439 37.366 0.000 0.000 0.000 0.000 0.000 0.000 0.000 0.000 0.000 0.000 0.000 0.000 64.876 80.830 88.754 90.667 90.634 89.763 96.851 96.707 92.318 90.124 89.962 89.884 89.807 89.739 84.685 59.653 0.000 0.000 0.000 0.000 0.000 0.000 0.000 0.000 41.054 35.929 35.814 35.725 34.654 31.595 36.547 40.509 41.483 38.475 0.000 0.000 0.000 0.000 39.374 33.386 37.380 65.365 69.346 69.325 69.305 69.286 69.270 69.256
54.964 54.917 58.874 63.835 65.798 68.763 58.729 54.694 55.659 55.624 57.591 35.565 0.000 0.000 0.000 0.000 0.000 0.000 0.000 0.000 0.000 0.000 0.000 0.000 0.000 51.059 80.008 89.938 90.836 90.966 89.075 96.984 89.870 91.542 90.222 90.155 90.067 89.988 89.917 80.860 53.825 0.000 0.000 0.000 0.000 0.000 0.000 0.000 40.295 36.179 36.069 35.969 35.885 35.816 35.760 32.716 31.686 34.674 41.692 41.779 0.000 0.000 0.000 33.362 34.363 52.358 69.348 68.333 68.318 69.302 69.287 69.274 69.263
55.030 54.984 56.943 57.905 55.870 54.837 55.806 54.775 54.746 54.718 59.690 4.664 0.000 0.000 0.000 0.000 0.000 0.000 0.000 0.000 0.000 0.000 0.000 0.000 2.451 59.293 88.207 91.125 91.095 90.225 97.225 97.109 92.870 90.570 90.423 90.333 90.244 90.160 91.081 71.012 58.963 0.000 0.000 39.935 0.000 39.686 41.639 41.550 36.411 36.299 36.198 36.109 36.031 35.966 35.913 35.872 34.845 31.834 40.841 41.866 34.866 0.000 0.000 41.349 33.347 41.342 47.334 50.323 54.310 60.298 66.286 68.276 68.267
56.091 56.048 56.008 55.972 55.939 54.909 54.881 54.856 54.833 53.812 61.787 12.739 0.000 0.000 0.000 0.000 0.000 0.000 0.000 0.000 0.000 0.000 0.000 0.000 43.583 79.491 90.404 91.294 91.434 89.526 97.330 90.326 91.999 90.682 90.606 90.509 90.417 90.327 91.237 63.143 41.053 0.000 0.000 35.935 0.000 34.733 36.681 36.601 36.501 36.406 36.317 36.236 36.165 36.104 36.054 36.015 33.988 35.975 41.973 38.979 0.000 0.000 0.000 40.337 39.334 38.330 37.322 36.313 35.304 39.294 50.284 46.276 48.269
54.148 54.107 54.070 54.036 54.006 53.978 53.955 54.935 56.919 58.909 33.907 0.922 0.000 0.000 0.000 0.000 0.000 0.000 0.000 1.794 10.786 0.000 0.000 13.938 54.797 85.689 91.585 91.573 90.601 97.512 97.426 93.318 91.023 90.873 90.778 90.682 90.587 90.493 86.396 33.269 0.000 0.000 0.000 35.936 41.915 36.831 36.753 36.671 36.588 36.506 36.428 36.355 36.289 36.232 36.184 36.146 33.119 42.103 42.097 38.098 0.000 0.000 0.000 39.328 38.324 39.319 39.313 39.305 39.297 39.289 38.281 38.275 37.269
55.201 55.163 58.128 62.097 65.069 69.045 71.024 74.009 73.000 65.000 3.018 14.078 38.127 6.152 0.000 0.000 0.000 0.000 0.000 41.802 68.778 8.741 0.000 48.078 80.980 90.872 91.772 91.702 90.926 97.586 89.760 91.445 91.127 91.050 90.951 90.855 90.758 91.662 78.586 0.000 0.000 0.000 0.000 15.957 35.978 36.924 38.828 38.742 36.672 36.603 36.534 36.466 36.404 36.350 36.303 33.266 38.239 41.222 42.216 33.217 0.000 0.000 0.000 23.322 44.316 44.311 41.305 38.298 38.291 39.284 40.278 40.272 39.268
57.251 56.215 63.183 72.154 73.129 72.107 71.089 70.076 67.070 61.073 36.089 53.120 71.152 40.176 24.199 0.219 0.000 0.000 12.870 51.833 65.785 4.703 23.547 65.317 90.172 93.057 91.899 92.112 90.088 97.649 91.747 91.461 91.312 91.219 91.124 91.028 90.927 92.812 36.699 0.000 0.000 0.000 0.000 0.000 32.118 38.057 18.894 18.798 35.756 36.701 36.637 36.573 36.513 36.459 35.414 33.377 42.349 42.332 39.326 33.337 39.385 0.000 0.000 0.000 55.308 70.304 63.298 59.291 55.285 51.279 54.273 54.269 37.265
57.296 57.265 60.235 63.209 62.185 60.165 58.149 56.137 54.132 54.133 63.144 65.162 62.183 59.203 63.221 11.237 0.000 0.000 52.906 82.877 33.824 29.741 63.620 87.471 92.342 92.200 92.320 90.276 97.732 90.155 91.869 91.555 91.483 91.388 91.297 91.207 94.109 50.960 0.000 0.000 0.000 0.000 0.000 0.000 34.318 39.294 0.000 0.000 32.855 36.807 36.741 36.675 36.615 36.561 33.516 41.478 42.450 41.430 32.420 36.421 36.432 0.000 0.000 0.000 23.304 53.300 71.291 70.284 70.278 70.273 70.268 64.265 54.262
57.340 57.311 57.284 56.260 56.238 57.219 57.204 57.192 55.186 56.185 61.190 64.201 60.216 55.231 58.245 13.254 0.000 0.000 44.972 54.944 32.893 65.818 80.720 89.607 92.494 92.429 91.530 98.111 97.873 91.149 91.877 91.734 91.645 91.556 91.470 91.393 94.341 0.000 0.000 9.717 18.717 0.000 0.000 35.643 38.541 37.508 44.549 0.000 33.003 36.929 36.846 36.773 36.710 34.656 36.610 42.571 42.541 34.518 35.503 36.494 36.492 0.000 0.000 0.000 0.000 0.000 53.283 69.276 69.271 69.267 69.263 70.260 70.257
57.382 57.356 57.332 57.309 57.288 57.270 57.254 56.243 55.235 59.231 63.231 63.237 58.248 54.260 59.273 12.281 0.000 0.000 41.066 10.034 56.985 80.918 86.836 92.748 92.603 92.817 90.809 98.322 90.572 92.283 91.970 91.900 91.807 91.720 91.634 98.555 82.521 0.000 5.716 55.717 41.717 0.000 0.000 30.745 38.697 37.647 37.591 43.462 41.225 40.061 36.942 36.860 36.796 33.742 41.696 42.657 38.625 33.599 36.579 36.562 38.549 42.560 0.000 0.000 0.000 0.000 0.000 66.266 69.263 69.260 69.257 70.254 68.252
57.424 57.400 57.377 57.355 57.335 57.317 56.302 55.289 57.279 61.272 64.267 60.269 55.277 54.290 57.305 39.315 26.319 27.282 23.191 24.143 64.094 85.034 90.965 92.863 93.008 91.003 98.692 98.515 91.581 92.294 92.147 92.057 91.967 91.881 96.793 39.672 54.668 24.706 55.716 63.718 0.000 0.000 0.000 29.896 38.855 37.792 37.705 47.571 58.375 32.146 42.002 37.929 34.872 36.821 42.776 41.736 32.702 35.675 36.651 36.627 23.582 24.571 0.000 0.000 0.000 0.000 0.000 47.258 68.256 69.253 69.251 73.248 69.246
57.466 57.443 57.421 57.400 57.380 57.363 55.347 55.333 59.321 66.309 67.297 63.295 58.302 56.319 56.342 58.357 58.359 67.336 8.275 42.252 80.213 87.161 93.099 93.073 92.212 99.007 98.854 91.941 92.721 92.383 92.308 92.212 92.124 92.044 99.984 0.000 37.772 39.734 29.723 31.720 0.000 0.000 0.000 33.087 39.035 37.961 43.866 59.741 36.558 0.000 22.992 35.982 33.943 41.895 42.849 38.808 35.774 36.746 36.725 38.711 0.000 0.000 0.000 0.000 0.000 0.000 39.253 20.254 59.249 69.247 69.245 74.242 69.240
57.508 57.486 57.464 57.443 57.424 56.406 55.390 57.376 64.362 41.347 17.318 16.310 13.318 43.341 60.387 55.411 58.425 39.427 1.410 47.379 85.343 91.303 93.201 93.452 91.482 99.148 92.278 93.055 92.623 92.563 92.457 92.363 92.272 93.188 91.115 13.058 12.915 0.000 0.000 0.000 0.000 0.000 32.475 40.331 38.237 37.150 57.059 60.970 0.000 0.000 0.000 32.066 38.021 42.968 42.918 32.875 36.839 36.812 36.793 39.783 0.000 0.000 0.000 0.000 0.000 0.000 18.253 0.000 47.241 69.240 69.239 75.237 69.235
57.549 57.527 57.505 57.485 56.466 55.448 57.432 60.418 68.406 27.398 0.000 0.000 0.000 0.000 42.453 57.476 58.504 44.532 46.555 72.520 89.487 93.422 93.604 91.634 99.396 99.277 93.261 92.956 92.807 92.704 92.605 92.509 92.414 95.320 80.229 9.143 0.000 0.000 0.000 0.000 0.000 0.000 32.619 39.526 38.432 36.343 64.249 25.109 0.000 0.000 38.308 43.193 43.109 43.039 40.981 35.933 36.896 36.869 36.851 38.844 0.000 42.924 0.000 0.000 0.000 0.000 0.000 0.000 40.234 69.234 69.233 69.232 69.230
57.589 57.567 57.546 57.526 56.506 55.488 59.471 63.457 67.446 25.441 0.000 0.000 0.000 0.000 22.495 65.537 60.583 66.640 79.669 88.660 92.631 93.648 92.807 99.605 99.504 92.600 93.375 93.033 92.950 92.846 92.749 92.654 96.556 59.448 31.339 0.000 0.000 0.000 0.000 0.000 0.000 35.050 39.856 38.722 40.622 37.542 61.486 0.000 0.000 33.565 40.424 56.289 45.182 42.098 38.032 35.982 35.943 36.916 36.900 36.897 41.917 37.924 28.924 0.000 0.000 0.000 36.224 38.225 37.228 69.228 69.228 69.228 69.227
57.628 57.607 57.586 57.566 55.546 57.526 63.508 64.492 62.481 49.478 10.490 0.000 0.000 0.000 0.000 18.594 14.651 54.777 85.820 89.818 93.771 93.950 92.082 99.696 91.914 93.693 93.259 93.194 95.083 93.984 92.891 92.802 98.709 21.579 0.000 0.000 0.000 0.000 0.000 16.567 55.466 55.243 43.033 39.884 50.791 45.718 46.666 7.670 0.000 31.706 36.534 47.359 43.231 47.139 41.070 44.018 42.979 39.952 36.935 35.929 35.931 41.931 0.000 0.000 0.000 0.000 33.223 33.223 43.224 69.224 69.224 69.223 69.223
