results4_8e4_rain/res_4e8f-0055.wd
ncols         241
nrows         181
xllcorner     12693529.787448
yllcorner     3542525.717860
cellsize      155.156523
NODATA_value  -9999.000000
[rows 66 to 98 of 181, columns 74 to 147 of 241]
27.486 0.000 52.754 69.737 68.712 68.689 0.000 40.173 40.158 53.167 49.173 48.151 48.103 47.027 122.918 110.794 0.000 0.000 0.000 43.883 38.845 43.793 46.753 46.715 48.675 49.641 54.608 55.575 56.538 47.485 0.000 0.000 45.373 95.373 77.288 81.147 81.232 79.285 87.234 79.695 80.171 80.907 79.677 79.453 80.246 50.090 0.000 0.000 0.000 0.000 0.000 0.000 0.000 16.077 14.061 14.030 13.986 13.931 13.873 17.810 30.740 27.664 12.581 23.497 32.417 11.342 14.271 20.201 25.133 21.066 15.001 12.936 10.873 25.812
54.477 0.000 40.944 64.914 63.890 57.892 10.963 0.000 0.000 46.234 59.302 48.300 47.264 48.198 29.065 0.000 0.000 0.000 0.000 0.000 0.000 54.773 52.755 50.727 33.682 36.643 43.607 44.581 49.553 40.519 0.000 0.000 0.000 55.605 73.518 80.457 80.551 87.666 87.458 79.771 80.456 80.165 79.951 79.738 74.548 32.414 0.000 0.000 29.602 0.000 0.000 0.000 22.109 17.110 14.091 14.059 14.015 13.963 13.905 13.842 13.773 20.700 34.623 35.544 18.468 12.395 13.323 14.254 18.185 17.118 13.051 12.987 13.924 32.863
49.450 54.337 52.165 66.085 59.042 60.026 57.035 0.000 0.000 0.000 61.502 56.482 51.456 53.436 0.493 0.000 0.000 0.000 0.000 0.000 0.000 53.773 49.765 40.756 0.000 0.000 41.597 53.588 52.576 0.000 0.000 1.321 58.142 49.924 53.760 60.844 75.910 87.858 79.518 81.069 80.630 80.438 80.217 78.001 60.794 39.603 45.602 43.602 24.602 0.000 0.000 0.000 0.000 31.162 13.137 14.100 18.054 26.001 15.942 13.879 12.811 16.739 31.665 38.591 30.517 16.445 11.374 13.305 13.237 13.168 13.101 12.036 18.973 39.913
48.483 52.397 63.294 57.220 50.168 69.134 58.116 10.124 0.000 3.843 53.723 69.668 64.643 64.649 67.722 0.000 0.000 0.000 0.000 0.000 0.000 51.780 42.778 45.776 0.000 0.000 0.000 89.597 116.586 31.586 0.000 57.453 52.316 52.159 52.074 48.165 88.212 88.041 80.567 84.170 80.913 80.701 80.484 72.254 25.024 0.000 47.602 25.602 0.000 0.000 0.000 19.337 18.305 17.240 13.195 17.150 29.100 34.045 31.985 24.921 14.853 23.782 31.709 10.637 16.565 29.494 26.425 22.356 30.288 11.219 13.148 11.082 24.021 46.962
54.542 64.472 56.397 48.331 48.276 61.225 69.173 65.132 68.071 69.963 64.878 59.826 61.800 50.796 49.814 0.000 0.000 0.000 0.795 56.795 55.793 43.790 45.790 46.795 50.810 49.820 0.000 0.790 0.000 0.000 3.773 63.636 56.511 51.357 52.456 50.510 88.367 50.192 57.778 72.371 80.188 80.971 78.761 37.508 0.000 0.000 0.000 0.000 0.000 0.000 20.390 14.369 14.340 14.297 15.253 25.205 34.153 33.095 33.033 28.967 24.898 34.826 17.754 12.682 13.611 13.542 23.474 36.408 23.341 11.271 12.192 18.124 6.068 11.012
65.613 55.552 48.490 49.432 49.379 51.320 35.218 61.160 59.119 51.059 48.001 46.959 62.933 64.923 51.924 0.000 0.000 0.000 56.796 52.796 49.796 42.796 46.798 46.804 46.815 46.831 5.861 8.911 9.983 11.998 79.911 76.810 65.696 64.663 53.670 88.640 88.510 52.247 58.894 53.667 60.468 79.236 54.084 0.000 0.000 0.000 0.000 0.000 0.000 0.000 20.412 14.408 14.389 14.356 15.314 24.265 34.210 33.150 32.085 29.016 33.945 27.872 11.799 13.727 13.656 13.588 23.523 31.461 10.399 13.330 16.226 35.155 52.115 31.064
55.688 48.633 49.580 49.530 50.487 31.457 0.000 18.173 46.186 49.153 49.109 49.074 47.051 71.039 55.034 0.000 0.000 0.000 33.797 50.797 44.798 45.799 46.802 46.808 46.816 46.827 57.840 0.000 2.044 19.101 72.064 81.988 3.894 85.829 76.031 88.751 50.825 64.467 61.109 50.977 47.779 44.423 29.253 0.000 0.000 15.938 0.000 0.000 0.000 0.000 16.438 14.464 14.454 14.424 14.383 15.332 21.274 29.210 29.141 29.069 32.994 10.919 13.844 13.770 12.700 18.633 35.570 18.513 12.463 15.427 0.000 0.000 28.174 0.000
48.764 49.714 49.665 49.620 52.584 8.565 6.587 0.000 44.298 49.260 51.208 49.179 48.159 66.146 62.141 0.000 0.000 0.000 0.000 41.799 44.800 46.802 46.805 46.809 46.815 48.823 34.831 0.000 0.000 69.297 72.256 83.187 89.074 83.189 81.234 88.845 71.877 74.580 59.420 52.324 45.249 0.000 0.000 0.000 0.000 13.939 0.000 0.000 0.000 0.000 0.000 17.556 14.538 14.505 14.460 14.406 14.344 14.275 21.201 29.124 17.045 13.965 13.887 13.811 16.740 29.673 29.612 11.558 13.515 16.488 0.000 0.000 55.233 45.241
49.842 49.794 49.746 49.702 49.663 53.633 54.609 54.557 50.448 50.379 30.287 47.273 48.259 64.248 63.242 0.000 0.000 0.000 0.000 40.801 46.801 46.803 46.805 46.808 46.812 34.817 0.000 0.000 0.000 74.534 80.479 83.398 83.357 82.444 88.969 81.364 84.082 78.769 63.710 53.649 52.645 52.783 0.000 0.000 0.000 10.940 17.941 10.941 0.000 0.000 0.000 32.666 13.638 14.598 14.548 14.489 15.421 14.346 14.265 14.181 14.096 14.011 13.928 12.849 18.775 33.707 10.646 13.593 13.550 15.522 0.000 0.000 57.285 49.271
49.920 49.873 49.825 49.779 49.734 49.695 49.658 49.615 49.559 53.522 0.000 40.368 49.356 65.344 60.337 0.000 0.000 0.000 0.000 45.802 48.802 48.803 48.805 46.807 49.809 0.000 0.000 0.000 66.989 72.827 83.726 83.610 83.725 81.778 89.180 82.502 87.146 83.037 83.970 71.920 59.900 48.920 43.920 45.920 0.000 0.000 16.942 11.942 17.938 18.925 16.890 22.803 32.751 14.702 15.646 24.580 31.506 13.423 14.334 14.240 14.146 14.054 12.966 17.882 36.805 30.736 19.673 12.619 13.571 15.529 30.483 48.426 49.352 49.311
49.999 49.952 49.903 49.853 49.801 49.755 52.715 50.685 49.651 53.627 0.000 40.474 49.455 66.436 58.425 0.000 0.000 0.000 0.000 18.802 28.803 27.804 27.805 48.807 33.808 0.000 0.000 0.000 69.152 79.059 83.960 83.917 83.024 89.847 89.534 83.573 84.416 83.272 83.215 84.160 75.115 40.079 0.000 0.000 0.000 0.000 14.944 14.947 11.948 13.948 14.942 13.906 20.863 34.812 17.753 15.682 25.600 13.507 14.406 14.301 14.196 14.095 13.998 21.909 34.829 21.757 33.693 11.637 12.587 17.541 38.493 50.442 49.388 49.343
50.080 50.033 49.984 49.928 52.862 54.810 26.761 47.758 50.735 52.709 12.685 43.600 48.553 60.520 58.503 0.000 0.000 0.000 0.000 0.000 0.000 0.000 0.000 29.806 0.000 0.000 0.000 17.561 67.407 84.298 84.177 84.293 82.381 90.129 82.167 87.872 83.565 83.518 83.450 83.389 73.322 34.200 0.000 0.000 0.000 0.000 0.000 17.953 18.959 5.977 14.025 15.016 14.982 18.933 34.871 17.795 14.704 14.599 14.482 14.362 14.243 12.130 18.024 36.928 17.844 16.770 30.706 14.650 12.600 19.554 45.508 50.462 49.415 49.369
50.163 50.118 50.070 52.012 27.912 29.860 0.000 9.851 45.823 49.788 53.747 49.689 52.637 57.588 62.563 1.563 0.000 0.000 0.000 0.000 0.000 0.000 0.000 0.000 0.000 0.000 0.927 76.716 78.620 84.520 84.477 83.599 90.634 90.391 83.234 83.947 83.816 83.746 83.681 82.625 62.585 0.000 0.000 0.000 0.000 0.000 0.000 0.000 9.959 0.000 21.166 18.151 14.117 14.067 16.003 32.923 21.824 13.704 14.563 14.420 13.285 18.158 20.041 18.936 15.848 13.774 13.711 13.657 14.610 27.566 49.525 50.484 52.442 48.396
50.246 50.205 50.168 55.139 0.000 0.000 16.052 7.972 41.919 50.873 48.826 50.773 62.716 34.634 28.599 0.000 0.000 0.000 0.000 0.000 0.000 0.000 0.000 0.000 0.000 0.000 64.062 68.937 82.838 84.720 84.851 82.949 90.857 82.741 84.414 84.105 84.044 83.968 83.902 75.846 52.808 0.000 0.000 0.000 0.000 0.000 0.000 0.000 0.000 0.000 25.324 20.304 14.267 12.216 15.151 15.070 30.966 23.828 14.645 15.473 13.318 20.177 20.047 16.928 10.838 13.767 13.709 15.659 29.615 48.576 50.540 53.507 45.474 6.435
49.326 49.288 49.257 52.238 22.246 19.210 51.132 56.065 50.009 47.959 54.911 64.862 67.820 0.000 0.000 0.000 0.000 0.000 0.000 0.000 0.000 0.000 0.000 0.000 0.000 0.000 66.216 74.135 84.039 85.028 84.068 91.267 91.068 83.775 84.477 84.337 84.257 84.183 84.114 66.050 47.992 0.000 0.000 0.000 0.000 0.000 0.000 0.000 0.000 0.000 23.501 21.475 21.433 18.380 11.317 13.240 14.143 29.999 29.718 26.509 23.337 16.185 15.041 11.893 12.809 13.748 17.698 37.655 49.617 49.583 50.554 49.530 40.513 0.000
64.402 63.365 61.334 58.310 59.290 59.254 56.201 57.146 59.094 59.044 64.995 66.945 24.883 0.000 0.000 0.000 0.000 0.000 0.000 0.000 0.000 0.000 0.000 0.000 4.699 12.624 67.451 84.341 85.247 85.197 84.426 91.451 83.258 84.929 84.615 84.548 84.465 84.392 82.322 64.247 35.119 0.000 0.000 0.000 0.000 0.000 0.000 0.000 0.000 0.000 13.704 17.662 20.610 21.554 20.495 17.432 13.367 7.307 0.000 0.000 0.000 0.000 0.000 15.792 13.757 16.718 37.680 50.646 49.614 50.587 53.564 49.546 46.536 27.540
63.473 62.437 64.405 66.377 65.349 64.315 62.272 60.226 60.178 61.129 57.080 57.041 0.000 0.000 0.000 0.000 0.000 0.000 0.000 0.000 0.000 0.000 0.000 0.000 53.774 76.721 75.624 84.533 85.422 85.551 83.656 91.623 85.354 84.957 84.831 84.745 84.666 84.596 80.537 60.495 0.000 0.000 0.000 0.000 0.000 0.000 0.000 0.000 0.000 21.100 15.949 12.861 14.792 19.732 21.677 21.627 22.584 13.557 0.000 0.000 0.000 0.000 0.000 16.727 14.711 30.687 51.660 49.634 49.609 49.587 50.568 49.554 49.546 40.544
49.539 50.505 57.473 66.444 72.415 60.383 54.347 49.307 47.263 46.213 52.155 31.098 0.000 0.000 0.000 0.000 0.000 0.000 0.000 0.000 0.000 0.000 0.000 0.000 59.902 75.863 83.794 85.713 85.684 84.817 91.924 91.780 87.375 85.179 85.016 84.937 84.858 84.789 79.735 54.702 0.000 0.000 0.000 0.000 0.000 0.000 0.000 0.000 21.380 16.251 16.132 16.040 14.966 11.905 16.855 20.814 21.788 18.779 0.000 0.000 0.000 0.000 19.663 13.678 17.673 45.659 49.640 49.620 49.601 49.583 49.568 49.557 49.550 24.547
48.602 52.569 57.539 59.512 62.485 52.457 48.426 49.392 49.353 51.306 29.230 0.000 0.000 0.000 0.000 0.000 0.000 0.000 0.000 0.000 0.000 0.000 0.000 0.000 46.071 75.033 84.974 85.881 86.016 84.131 92.057 84.930 86.600 85.278 85.210 85.121 85.040 84.969 75.911 48.876 0.000 0.000 0.000 0.000 0.000 0.000 0.000 20.631 16.509 16.393 16.289 16.201 16.128 16.069 13.022 11.989 14.975 21.991 22.076 0.000 0.000 0.000 13.648 14.650 32.646 49.635 48.622 48.606 49.591 49.577 49.565 49.556 48.550 14.547
48.660 50.630 51.603 49.579 48.556 49.533 48.509 48.482 48.453 53.426 0.000 0.000 0.000 0.000 0.000 0.000 0.000 0.000 0.000 0.000 0.000 0.000 0.000 0.000 54.278 83.228 86.160 86.140 85.277 92.296 92.181 87.930 85.629 85.481 85.389 85.299 85.214 86.135 66.064 54.015 0.000 0.000 20.362 0.000 20.069 22.012 21.908 16.754 16.632 16.524 16.429 16.346 16.277 16.220 16.176 15.145 12.131 21.137 22.161 15.160 0.000 0.000 21.630 13.629 21.624 27.616 30.605 34.593 40.581 46.570 48.560 48.552 46.547 11.544
49.714 49.688 49.665 49.645 48.627 48.611 48.594 48.575 47.550 55.521 6.520 0.000 0.000 0.000 0.000 0.000 0.000 0.000 0.000 0.000 0.000 0.000 0.000 38.691 74.534 85.440 86.335 86.482 84.581 92.399 85.390 87.060 85.742 85.665 85.567 85.473 85.382 86.291 58.196 36.106 0.000 0.000 16.362 0.000 15.127 17.058 16.959 16.845 16.740 16.644 16.557 16.480 16.414 16.359 16.316 14.286 16.269 22.265 19.270 0.000 0.000 0.000 20.615 19.612 18.607 17.599 16.590 15.580 19.570 30.561 26.553 28.547 32.542 13.539
47.764 47.742 47.724 47.709 47.698 47.690 48.682 50.673 52.652 27.586 0.000 0.000 0.000 0.000 0.000 0.000 0.000 0.000 0.000 5.833 0.000 0.000 8.967 49.848 80.730 86.625 86.619 85.653 92.577 92.493 88.383 86.086 85.935 85.839 85.742 85.646 85.550 81.452 28.324 0.000 0.000 0.000 16.363 22.364 17.255 17.135 17.025 16.929 16.840 16.755 16.675 16.603 16.540 16.486 16.444 13.413 22.394 22.385 18.384 0.000 0.000 0.000 19.602 18.598 19.592 19.585 19.576 19.568 19.559 18.551 18.545 17.540 16.536 16.534
48.811 51.792 55.779 58.770 62.766 64.767 67.773 66.784 58.797 0.000 8.225 32.248 0.294 0.000 0.000 0.000 0.000 0.000 36.838 63.834 3.833 0.000 43.086 76.005 85.905 86.812 86.750 85.980 92.648 84.827 86.511 86.191 86.113 86.013 85.916 85.817 86.721 73.643 0.000 0.000 0.000 0.000 0.000 16.475 17.394 19.202 19.077 17.006 16.935 16.861 16.787 16.718 16.656 16.603 13.560 18.529 21.508 22.498 13.498 0.000 0.000 0.000 3.594 24.587 24.580 21.572 18.563 18.555 19.548 20.541 20.535 19.532 19.529 20.529
49.852 56.839 65.830 66.827 65.829 64.839 63.859 60.893 54.957 30.097 47.203 65.269 34.331 18.370 0.000 0.000 0.000 7.854 46.843 60.829 0.000 18.430 60.286 85.178 88.084 86.939 87.162 85.145 92.706 86.815 86.528 86.378 86.284 86.187 86.090 85.988 87.872 31.758 0.000 0.000 0.000 0.000 0.000 12.668 18.644 0.000 0.000 16.082 17.034 16.967 16.894 16.825 16.763 15.710 13.667 22.634 22.612 19.603 13.611 19.654 0.000 0.000 0.000 35.574 50.569 43.560 39.551 35.543 31.535 34.530 34.525 17.522 18.521 19.525
50.890 53.880 56.876 55.877 53.885 51.902 49.930 47.974 48.039 57.132 59.220 56.294 53.358 57.409 5.451 0.000 0.000 47.865 77.850 28.812 24.723 58.574 82.451 87.348 87.227 87.363 85.330 92.783 85.226 86.940 86.624 86.551 86.455 86.363 86.271 89.172 46.022 0.000 0.000 0.000 0.000 0.000 0.000 14.886 19.870 0.000 0.000 13.208 17.154 17.077 16.999 16.927 16.862 13.808 21.763 22.728 21.704 12.690 16.689 16.699 0.000 0.000 0.000 3.568 33.561 51.548 50.537 50.529 50.523 50.517 44.513 34.511 20.510 0.000
50.923 50.917 49.916 49.921 50.933 50.954 50.987 49.033 50.095 55.171 58.252 54.328 49.398 52.456 7.494 0.000 0.000 39.892 49.880 27.847 60.783 75.691 84.597 87.506 87.462 86.578 93.177 92.927 86.222 86.950 86.805 86.715 86.624 86.537 86.459 89.406 0.000 0.000 4.784 13.784 0.000 0.000 16.230 19.120 18.080 25.109 0.000 13.387 17.295 17.191 17.099 17.020 14.953 16.896 22.850 22.813 14.785 15.766 16.756 16.753 0.000 0.000 0.000 0.000 0.000 33.535 49.522 49.514 49.509 49.504 50.501 50.498 25.497 0.000
50.952 50.948 50.950 50.957 50.972 50.995 50.029 49.075 53.135 57.208 57.287 52.369 48.450 53.523 6.576 0.000 0.000 35.931 4.931 51.912 75.872 81.810 87.745 87.623 87.858 85.867 93.398 85.651 87.361 87.045 86.973 86.879 86.790 86.703 93.623 77.588 0.000 0.783 50.784 36.784 0.000 0.000 11.341 19.285 18.220 18.139 23.963 21.660 20.449 17.294 17.185 17.101 14.032 21.975 22.927 18.888 13.858 16.835 16.817 18.804 22.813 0.000 0.000 0.000 0.000 0.000 46.502 49.498 49.494 49.490 50.487 48.485 22.483 0.000
50.977 50.975 50.978 50.987 51.003 50.026 49.060 51.105 55.164 58.237 54.321 49.412 48.509 51.609 33.711 20.853 21.936 17.971 18.999 59.001 79.980 85.942 87.867 88.037 86.057 93.782 93.599 86.663 87.374 87.225 87.133 87.041 86.953 91.864 34.741 49.736 19.773 50.783 58.785 0.000 0.000 0.000 10.508 19.458 18.378 18.265 28.091 38.841 12.547 22.350 18.246 15.168 17.102 23.044 21.996 12.956 15.924 16.898 16.873 3.833 4.823 0.000 0.000 0.000 0.000 0.000 27.486 48.481 49.479 49.477 53.474 49.471 38.469 0.000
50.999 50.998 51.002 51.010 51.025 49.047 49.078 53.121 60.178 61.257 57.347 52.450 50.566 50.694 52.807 52.913 61.985 3.016 37.094 75.114 82.106 88.082 88.087 87.253 94.107 93.950 87.031 87.807 87.466 87.389 87.290 87.200 87.118 95.057 0.000 32.841 34.802 24.791 26.788 0.000 0.000 0.000 13.726 19.662 18.570 24.451 40.294 17.068 0.000 3.316 16.281 14.224 22.162 23.106 19.056 16.016 16.984 16.960 18.946 0.000 0.000 0.000 0.000 0.000 0.000 8.187 0.228 39.463 49.464 49.464 54.461 49.458 49.452 38.439
51.017 51.016 51.020 51.028 50.041 49.060 51.086 58.122 35.173 11.264 10.361 7.474 37.611 54.793 49.910 53.006 34.075 0.000 42.246 80.254 86.257 88.194 88.479 86.538 94.252 87.375 88.147 87.711 87.648 87.540 87.443 87.350 88.263 86.189 8.131 7.986 0.000 0.000 0.000 0.000 0.000 13.180 21.008 18.894 17.788 37.677 41.568 0.000 0.000 0.000 12.340 18.284 23.219 23.159 13.109 17.068 17.036 17.015 20.003 0.000 0.000 0.000 0.000 0.000 0.000 0.000 0.000 27.452 49.453 49.452 55.450 49.447 49.442 43.435
51.031 51.030 51.033 50.040 49.051 51.066 54.085 62.107 21.128 0.000 0.000 0.000 0.000 36.958 52.033 53.128 39.233 41.367 67.389 84.408 88.389 88.613 86.680 94.506 94.385 88.360 88.051 87.899 87.791 87.689 87.590 87.493 90.397 75.305 4.218 0.000 0.000 0.000 0.000 0.000 0.000 13.352 20.234 19.118 17.012 44.900 5.734 0.000 0.000 18.593 23.456 23.353 23.271 21.205 16.151 17.110 17.079 17.059 19.050 0.000 23.099 0.000 0.000 0.000 0.000 0.000 0.000 20.442 49.442 49.442 49.441 49.439 49.436 47.432
51.042 51.041 51.043 50.048 49.056 53.068 57.081 61.094 19.104 0.000 0.000 0.000 0.000 17.048 60.138 55.239 61.364 74.478 83.539 87.567 88.633 87.835 94.719 94.616 87.707 88.478 88.131 88.044 87.936 87.835 87.737 91.636 54.527 26.416 0.000 0.000 0.000 0.000 0.000 0.000 15.885 20.644 19.457 21.332 18.241 42.178 0.000 0.000 13.965 20.731 36.536 25.403 22.308 18.237 16.183 16.142 17.112 17.094 17.087 22.097 18.099 9.099 0.000 0.000 0.000 16.426 18.427 17.432 49.433 49.433 49.432 49.431 49.430 47.430
51.050 51.049 51.050 49.053 51.060 57.068 58.077 56.085 43.089 4.086 0.000 0.000 0.000 0.000 13.231 9.325 49.506 80.644 84.719 88.731 88.958 87.131 94.812 87.029 88.804 88.365 88.296 90.180 89.076 87.978 87.885 93.789 16.658 0.000 0.000 0.000 0.000 0.000 0.000 36.350 36.127 23.881 20.617 31.514 26.443 27.394 0.000 0.000 12.200 16.829 27.557 23.415 27.321 21.253 24.201 23.163 20.135 17.117 16.108 16.106 22.102 0.000 0.000 0.000 0.000 13.425 13.424 23.425 49.426 49.425 49.425 49.424 49.425 23.427
