results4_8e4_rain/res_4e8f-0237.wd
ncols         241
nrows         181
xllcorner     12693529.787448
yllcorner     3542525.717860
cellsize      155.156523
NODATA_value  -9999.000000
[rows 66 to 98 of 181, columns 146 to 218 of 241]
38.544 53.482 75.422 76.367 76.317 76.271 76.229 76.191 76.157 79.128 15.109 0.000 2.971 0.000 0.000 0.000 0.000 1.480 48.480 23.480 0.000 30.478 60.477 60.477 60.476 67.475 73.474 73.472 73.469 73.465 73.460 73.455 73.449 73.444 73.438 75.434 60.430 61.427 53.426 0.000 0.000 0.000 0.000 0.000 29.753 36.744 45.724 39.686 17.635 15.603 30.578 51.553 59.529 53.505 48.480 48.456 38.431 35.407 35.383 38.359 59.335 71.312 66.290 55.268 62.247 69.227 73.208 73.189 72.171 72.154 72.138 72.122 72.107
41.606 60.542 78.482 76.428 76.379 76.334 76.294 76.256 81.222 70.193 40.180 37.198 0.000 0.000 0.000 0.000 0.000 19.480 21.480 0.000 0.000 0.000 30.474 61.474 70.473 73.473 73.471 73.469 73.466 77.463 75.459 73.455 73.451 73.446 72.441 64.437 58.433 64.430 54.429 0.000 0.000 0.000 0.000 21.745 35.746 40.741 36.734 0.000 2.587 12.572 32.553 35.533 49.511 58.489 47.465 46.442 44.417 35.393 35.368 34.344 40.320 64.297 71.274 56.252 58.231 60.211 62.191 66.172 70.154 72.137 73.120 72.104 72.089
46.666 67.600 77.537 76.482 76.435 76.394 74.356 73.319 28.282 13.242 44.220 50.216 15.219 0.000 0.000 0.000 0.000 0.000 0.000 0.000 0.000 14.471 43.472 63.472 73.471 73.470 73.469 73.467 73.465 75.462 74.459 73.455 73.452 74.448 64.444 62.440 65.436 60.432 52.431 0.000 0.000 0.000 0.000 39.744 42.744 4.741 3.737 0.000 7.554 40.545 42.531 52.513 55.494 66.473 64.451 52.427 41.403 33.379 35.354 35.329 30.305 44.281 61.258 65.235 70.214 67.193 60.173 65.154 68.136 68.119 66.102 68.086 71.071
51.724 74.654 78.584 79.528 76.486 77.450 72.416 18.383 2.343 43.275 44.240 49.226 57.223 0.000 0.000 0.000 0.000 0.000 0.000 0.000 0.000 26.470 49.470 62.470 74.469 73.468 73.467 73.466 73.464 74.461 73.459 73.456 73.453 70.450 64.447 29.442 2.439 0.000 0.000 0.000 0.000 0.000 0.000 35.744 42.744 0.000 0.000 0.000 57.530 43.523 38.511 66.496 71.478 72.459 76.437 70.414 58.390 38.365 35.339 35.314 33.289 34.264 40.241 41.218 48.196 56.175 63.155 67.136 68.117 69.100 65.083 68.068 69.053
33.784 38.709 48.618 24.559 81.532 78.504 63.477 40.452 10.432 0.000 0.000 0.000 0.000 0.000 0.000 0.000 0.000 0.000 0.000 0.000 0.000 27.469 52.469 55.468 71.468 73.467 73.466 73.464 77.463 76.461 73.459 73.457 74.454 65.452 68.451 0.000 0.000 0.000 0.000 0.000 0.000 0.000 0.000 0.000 29.744 38.744 0.000 0.000 88.513 51.506 33.495 64.481 72.465 72.447 72.426 75.402 74.377 54.351 37.324 35.298 33.272 36.247 37.223 45.199 50.177 39.156 39.135 44.116 49.098 55.080 60.064 64.048 68.033
79.852 58.781 0.000 0.000 85.580 77.556 64.535 46.516 13.502 0.000 0.000 0.000 0.000 0.000 0.000 0.000 0.000 0.000 0.000 0.000 0.000 0.000 13.467 57.467 73.466 73.466 73.465 73.463 75.462 74.461 73.459 73.457 74.456 62.454 72.453 0.000 0.000 0.000 0.000 0.000 0.000 0.000 0.000 0.000 0.000 5.744 13.744 0.000 25.503 41.492 34.481 64.469 72.454 72.437 73.416 73.392 73.366 66.337 42.309 38.282 36.255 33.229 54.204 66.180 72.157 56.135 49.115 45.096 43.077 40.060 40.044 40.028 68.013
55.931 0.000 0.000 82.769 82.652 80.606 71.591 56.575 12.558 0.000 0.000 0.000 0.000 0.000 0.000 0.000 0.000 0.000 0.000 0.000 0.000 0.000 39.466 62.465 74.465 73.464 73.464 74.463 73.462 73.460 73.459 73.458 74.457 67.456 32.455 0.000 0.000 0.000 0.000 0.000 0.000 0.000 0.000 0.000 0.000 0.000 0.000 0.000 0.000 38.480 37.469 55.458 70.446 73.430 67.411 63.385 69.356 60.324 43.294 42.265 51.237 46.210 69.184 73.159 72.136 70.114 70.093 67.074 65.056 62.039 58.022 50.007 69.992
82.978 72.977 78.947 34.886 0.000 1.626 77.647 51.636 12.597 0.000 14.853 0.000 0.000 0.000 0.000 0.000 0.000 0.000 0.000 0.000 0.000 2.464 55.464 67.464 74.464 73.464 73.463 75.462 75.461 73.460 73.459 73.458 72.458 68.457 17.457 0.000 0.000 0.000 0.000 0.000 0.000 0.000 0.000 0.000 0.000 0.000 0.000 0.000 0.444 0.000 26.455 52.449 70.440 71.428 52.411 55.382 57.348 54.308 39.277 36.248 59.219 68.190 72.162 74.137 74.113 75.091 73.071 73.051 74.033 73.016 74.000 73.985 72.971
85.026 77.007 81.976 32.944 0.000 0.000 68.732 16.726 0.000 0.000 46.853 9.854 0.000 0.000 0.000 0.000 0.000 0.000 0.000 0.000 0.000 1.464 58.464 70.464 74.463 73.463 73.462 74.462 74.461 73.460 73.460 74.459 70.458 65.458 15.458 0.000 0.000 0.000 0.000 0.000 0.000 0.000 0.000 0.000 0.000 0.000 0.000 0.000 18.444 20.445 31.447 47.444 69.438 71.431 17.424 0.000 0.000 44.282 38.257 33.231 47.201 66.168 72.138 74.112 74.089 74.067 72.047 72.028 73.010 71.993 71.978 72.963 72.949
77.094 77.048 77.007 74.969 61.935 47.888 40.824 39.809 35.836 38.848 41.853 41.854 13.854 0.000 0.000 0.000 0.000 0.000 19.462 21.462 0.000 11.463 57.463 71.463 73.463 73.462 73.462 73.462 73.461 73.460 73.460 73.459 55.459 50.458 48.458 43.458 7.459 0.000 0.000 0.000 0.000 0.000 0.000 0.000 0.000 0.000 0.000 0.000 22.443 48.443 39.443 43.441 63.437 64.433 37.430 0.000 0.000 0.000 35.238 40.219 39.187 58.141 71.111 72.086 72.063 72.041 72.021 72.003 71.985 71.969 71.954 71.939 71.926
77.135 77.085 77.035 75.990 72.947 74.905 48.867 27.850 65.851 38.855 42.857 18.855 0.000 0.000 0.000 0.000 0.000 0.000 19.462 65.462 14.462 2.462 56.463 70.462 74.462 73.462 75.462 76.461 74.461 73.460 73.460 71.459 64.459 55.459 56.459 55.459 8.459 0.000 0.000 0.000 0.000 0.000 0.000 0.000 0.000 0.000 0.000 0.000 16.443 51.442 43.441 50.440 65.437 60.435 66.433 0.000 0.000 0.000 0.000 0.000 0.000 48.099 71.080 72.057 72.035 72.014 71.994 71.976 71.960 71.944 71.930 71.915 71.902
77.172 77.120 78.061 80.007 76.960 76.919 75.888 76.871 67.865 45.864 17.863 0.000 0.000 0.000 0.000 0.000 0.000 0.000 6.462 58.462 45.462 35.462 51.462 73.462 73.462 73.462 73.461 73.461 73.461 73.460 73.460 73.460 71.459 50.459 54.459 61.459 4.459 0.000 0.000 0.000 0.000 0.000 0.000 0.000 0.000 0.000 0.000 0.000 12.442 63.442 7.441 30.439 53.437 60.436 21.434 0.000 0.000 0.000 0.000 0.000 0.000 2.076 60.052 73.028 72.005 71.984 71.966 71.949 71.933 71.919 71.905 71.891 71.878
80.212 76.162 73.080 75.018 77.966 77.921 79.896 76.882 74.874 61.871 10.870 0.000 0.000 0.000 0.000 0.000 0.000 0.000 0.000 14.462 49.462 41.462 57.462 75.462 73.462 73.461 73.461 73.461 73.461 73.460 73.460 73.460 74.459 63.459 50.459 54.459 60.459 2.459 0.000 0.000 0.000 0.000 0.000 0.000 0.000 0.000 0.000 0.000 0.000 8.442 0.000 0.000 38.437 57.436 0.000 0.000 0.000 0.000 0.000 0.000 0.000 0.000 48.026 68.999 71.973 71.953 71.936 71.920 71.906 71.892 71.879 71.866 71.853
73.260 34.236 0.000 0.000 0.000 69.904 74.894 80.886 76.880 65.876 15.875 0.000 49.880 19.880 0.000 0.000 0.000 0.000 0.000 0.000 41.462 45.462 66.462 74.462 75.461 76.461 73.461 73.461 73.461 73.460 73.460 73.460 73.459 74.459 53.459 35.459 44.459 5.459 0.000 0.000 0.000 0.000 0.000 0.000 0.000 0.000 0.000 0.000 0.000 0.000 0.000 0.000 27.437 60.436 0.000 0.000 0.000 0.000 0.000 0.000 0.000 0.000 0.000 48.968 68.937 71.918 71.904 71.891 71.878 71.866 71.853 71.841 71.828
68.300 25.287 0.000 0.000 44.896 42.896 59.892 78.886 75.882 60.880 41.879 45.880 49.880 15.880 0.000 0.000 0.000 0.000 12.461 0.000 42.462 53.462 73.461 73.461 76.461 76.461 73.461 73.461 73.460 73.460 73.460 73.460 73.459 74.459 70.459 65.459 54.459 34.459 28.459 0.000 0.000 0.000 0.000 0.000 0.000 0.000 0.000 0.000 0.000 0.000 0.000 0.000 29.436 21.436 0.000 0.000 0.000 0.000 0.000 0.000 0.000 0.000 0.000 0.000 53.888 69.880 71.870 71.860 71.850 71.839 71.828 71.816 71.803
74.333 55.325 27.333 0.000 0.000 44.893 44.889 66.886 78.883 56.881 43.880 48.880 26.880 0.000 0.000 0.000 0.000 0.000 41.461 34.461 39.461 56.461 75.461 75.461 76.461 73.461 73.461 73.461 73.460 73.460 73.460 73.460 73.460 73.459 73.459 75.459 64.459 52.459 41.459 42.459 35.459 26.459 31.459 0.000 0.000 0.000 0.000 0.000 0.000 0.000 0.000 0.000 32.436 7.436 0.000 0.000 0.000 0.000 0.000 0.000 0.000 0.000 0.000 0.000 38.846 66.843 70.837 71.830 71.822 71.813 71.802 71.791 71.778
77.357 68.348 21.341 0.000 0.000 0.000 43.887 48.885 75.883 63.882 44.881 47.881 22.881 0.000 0.000 0.000 0.000 0.000 44.461 37.461 40.461 58.461 77.461 76.461 74.461 74.461 73.461 73.461 73.460 73.460 73.460 74.460 74.460 74.459 68.459 59.459 63.459 70.459 63.459 61.459 49.459 36.459 43.459 1.459 0.000 0.000 0.000 0.000 0.000 0.000 0.000 0.000 0.000 0.000 0.000 0.000 0.000 0.000 0.000 0.000 0.000 0.000 0.000 0.000 30.808 61.808 71.805 73.801 73.796 73.788 72.779 71.767 71.754
77.376 52.371 0.000 0.000 0.000 0.000 0.000 50.884 63.883 57.882 56.882 53.881 43.881 21.881 0.000 0.000 0.000 0.000 43.461 36.461 41.461 56.461 68.461 65.461 60.461 62.461 67.461 72.460 74.460 74.460 72.460 62.460 60.460 65.459 54.459 51.459 51.459 62.459 66.459 61.459 47.459 36.459 8.459 0.000 0.000 0.000 0.000 0.000 0.000 0.000 0.000 0.000 0.000 0.000 0.000 0.000 0.000 0.000 0.000 0.000 1.671 0.000 0.000 0.000 18.771 43.774 49.775 51.774 51.771 52.765 61.757 70.745 71.730
76.391 42.387 0.000 0.000 0.000 0.000 0.000 45.883 39.883 38.883 46.882 46.882 46.881 42.881 15.881 0.000 0.000 0.000 48.461 43.461 48.461 58.461 61.461 64.461 22.461 0.000 0.000 13.460 74.460 71.460 60.460 15.460 0.000 0.000 53.459 85.459 78.459 57.459 63.459 57.459 46.459 31.459 34.459 0.000 0.000 0.000 0.000 0.000 0.000 0.000 0.000 0.000 0.000 0.000 0.000 0.000 0.000 0.000 14.671 4.671 22.671 43.676 54.686 53.703 71.731 79.743 80.748 78.750 80.749 67.745 50.739 68.727 71.708
74.403 39.400 0.000 0.000 0.000 0.000 0.000 45.883 41.883 20.883 0.000 0.000 0.881 0.000 0.000 0.000 0.000 0.000 54.461 48.461 43.461 39.461 25.461 0.000 0.000 0.000 0.000 0.000 0.000 0.000 47.460 9.460 0.000 0.000 0.000 48.459 81.459 41.459 42.459 41.459 37.459 40.459 87.459 46.459 0.000 0.000 5.458 0.000 0.000 0.000 0.000 0.000 0.000 0.000 0.000 0.000 13.642 4.642 0.000 0.000 8.666 90.671 86.679 68.692 69.707 66.717 67.724 89.728 82.729 68.729 48.725 57.715 56.692
60.412 41.411 35.414 0.000 0.000 0.000 0.000 0.000 43.883 27.883 0.000 0.000 0.000 0.000 0.000 0.000 0.000 0.000 54.461 54.461 55.461 38.461 13.461 0.000 0.000 0.000 0.000 0.000 0.000 0.000 43.460 20.460 0.000 0.000 0.000 47.459 96.459 60.459 63.459 58.459 43.459 61.459 115.459 112.459 43.459 0.458 27.458 24.458 0.000 0.000 0.000 0.000 0.000 0.000 0.000 0.000 3.642 21.642 11.644 9.648 18.656 93.662 60.669 68.678 59.688 40.696 51.703 94.708 60.711 47.714 54.719 8.717 0.000
44.418 44.416 30.417 0.000 0.000 0.000 0.000 0.000 0.000 0.000 0.000 0.000 0.000 0.000 0.000 0.000 0.000 0.000 57.461 48.461 42.461 40.461 14.461 0.000 0.000 0.000 0.000 0.000 0.000 40.460 33.460 58.460 54.460 0.000 6.459 53.459 59.459 51.459 94.459 83.459 54.459 7.459 71.459 126.459 10.459 0.000 5.458 0.000 0.000 0.000 0.000 0.000 22.641 19.641 14.641 3.641 72.641 110.641 101.642 97.644 44.648 88.652 56.657 45.663 92.670 73.677 93.683 74.689 44.694 52.699 0.000 0.000 0.000
47.422 48.420 40.420 0.000 0.000 0.000 0.000 0.000 0.000 0.000 0.000 0.000 0.000 0.000 0.000 0.000 0.000 0.000 11.461 52.461 42.461 20.461 0.000 0.000 0.000 0.000 0.000 0.000 0.000 42.460 39.460 15.460 0.000 0.000 0.000 27.459 6.459 0.000 7.459 49.459 5.459 0.000 27.459 93.459 48.459 0.459 0.000 0.000 0.000 0.000 0.000 0.000 0.000 4.641 0.000 0.000 28.641 8.640 72.638 76.638 27.639 88.641 65.644 38.648 56.652 106.658 120.664 54.670 42.678 9.688 0.000 0.000 18.487
46.425 47.423 47.422 51.423 43.423 0.000 0.000 0.000 0.000 0.000 0.000 0.000 0.000 0.000 0.000 0.000 0.000 0.000 0.000 42.461 38.461 22.461 0.000 0.000 0.000 0.000 0.000 0.000 43.460 40.460 17.460 0.000 0.000 0.000 0.000 1.459 0.000 0.000 0.000 53.459 2.459 0.000 27.459 0.000 0.000 0.000 0.000 0.000 0.000 0.000 0.000 0.000 0.000 13.641 7.641 9.641 2.641 0.000 48.632 67.631 26.630 90.629 70.629 40.631 89.634 92.639 87.644 95.651 59.658 0.000 0.000 1.453 32.466
48.428 26.425 37.423 46.423 46.423 46.423 45.423 0.000 0.000 0.000 0.000 0.000 0.000 0.000 0.000 0.000 0.000 0.000 0.000 44.461 40.461 24.461 0.000 0.000 0.000 0.000 0.000 0.000 0.000 46.460 18.460 0.000 0.000 0.000 0.000 0.000 0.000 5.458 17.458 40.458 44.458 21.458 0.000 0.000 0.000 0.000 0.000 0.000 0.000 0.000 0.000 0.000 0.000 2.641 0.641 6.641 0.000 0.000 51.627 71.625 31.621 91.616 76.613 90.613 90.615 49.619 42.624 87.631 36.644 0.000 0.428 33.439 41.446
53.431 0.000 0.000 43.423 32.423 0.000 45.423 35.423 0.000 0.000 0.000 0.000 0.000 0.000 0.000 0.000 0.000 0.000 0.000 43.461 40.461 28.461 0.000 0.000 0.000 0.000 0.000 0.000 0.000 0.000 0.000 0.000 0.000 0.000 0.000 0.000 0.000 0.000 56.458 73.458 34.458 0.000 0.000 0.000 0.000 0.000 0.000 0.000 0.000 0.000 0.000 0.000 0.000 0.000 0.000 11.641 0.000 0.000 86.624 72.621 33.614 91.599 88.594 80.593 72.594 58.597 59.601 28.605 0.000 0.000 17.416 36.423 43.427
50.433 0.000 0.000 30.423 22.423 0.000 0.000 0.000 0.000 54.434 50.434 41.434 0.000 0.000 0.000 0.000 0.000 0.000 0.000 47.461 43.461 25.461 0.000 0.000 0.000 0.000 0.000 0.000 0.000 0.000 0.000 0.000 0.000 0.000 0.000 0.000 0.000 0.000 19.458 103.458 69.458 0.458 0.000 0.000 0.000 0.000 0.000 0.000 0.000 0.000 0.000 0.000 0.000 0.000 0.000 0.000 0.000 0.000 18.624 0.000 0.000 65.573 106.571 85.571 84.572 82.574 85.578 33.584 0.000 0.000 21.408 35.410 36.411
66.434 0.000 0.000 0.000 0.000 52.435 39.435 0.000 50.434 44.434 44.434 36.434 0.000 0.000 0.000 0.000 0.000 0.000 0.000 47.461 42.461 30.461 0.000 0.000 0.000 0.000 0.000 0.000 0.000 0.000 0.000 0.000 0.000 0.000 0.000 0.000 0.000 0.000 0.000 47.458 39.458 10.458 0.000 0.000 0.000 0.000 0.000 0.000 0.000 0.000 0.000 0.000 0.000 0.000 0.000 0.000 0.000 0.000 0.000 0.000 0.000 12.548 48.548 49.548 47.548 47.549 44.554 40.569 0.000 0.000 14.398 35.397 33.396
77.435 66.435 48.435 49.435 48.435 42.435 43.435 44.435 42.435 47.434 46.434 37.434 34.434 0.000 0.000 0.000 0.000 0.000 0.000 34.461 0.000 0.000 0.000 0.000 0.000 0.000 0.000 0.000 0.000 0.000 0.000 0.000 0.000 0.000 0.000 0.000 0.000 0.000 0.000 0.458 46.458 9.458 0.000 0.000 0.000 0.000 0.000 0.000 0.000 0.000 0.000 0.000 0.000 0.000 0.000 0.000 0.000 0.000 0.000 0.000 0.000 3.524 36.524 35.524 35.522 51.520 46.518 0.000 0.000 0.000 7.388 48.386 60.382
77.435 71.435 41.435 41.435 41.435 24.435 25.435 29.435 39.435 48.434 45.434 37.434 40.434 29.434 0.000 0.000 0.000 0.000 0.000 0.000 0.000 0.000 0.000 0.000 0.000 0.000 0.000 0.000 0.000 0.000 0.000 0.000 0.000 0.000 0.000 0.000 0.000 0.000 0.000 0.000 3.458 49.458 8.458 0.000 0.000 0.000 0.000 0.000 0.000 0.000 0.000 0.000 0.000 0.000 0.000 0.000 0.000 0.000 0.000 0.000 28.488 31.499 35.502 35.501 37.498 56.492 46.481 29.459 0.000 0.000 43.381 64.376 71.370
77.435 75.435 45.435 42.435 22.435 0.000 0.000 0.000 0.000 39.434 42.434 40.434 33.434 0.000 0.000 0.000 0.000 0.000 0.000 0.000 0.000 0.000 0.000 0.000 0.000 0.000 0.000 0.000 0.000 0.000 0.000 0.000 0.000 0.000 0.000 0.000 0.000 0.000 0.000 0.000 1.458 52.458 14.458 0.000 0.000 0.000 0.000 0.000 0.000 0.000 0.000 0.000 0.000 0.000 0.000 0.000 0.000 0.000 0.000 0.469 39.478 36.481 35.482 31.481 44.476 61.468 45.456 34.437 29.411 29.392 53.379 70.369 71.359
77.435 75.435 28.435 32.435 0.000 0.000 0.000 0.000 0.000 0.000 30.434 43.434 35.434 0.000 0.000 0.000 0.000 0.000 0.000 0.000 0.000 0.000 0.000 0.000 0.000 0.000 0.000 0.000 0.000 0.000 0.000 0.000 0.000 0.000 0.000 0.000 0.000 0.000 0.000 0.000 0.000 1.458 20.458 0.000 0.000 0.000 0.000 0.000 0.000 0.000 0.000 0.000 8.446 16.446 0.000 0.000 0.000 0.000 0.000 33.459 31.465 30.467 35.466 49.463 62.457 52.449 36.437 34.421 36.403 33.387 54.373 72.361 71.349
77.435 51.435 0.000 0.000 0.000 0.000 0.000 0.000 0.000 0.000 0.000 33.434 40.434 38.434 0.000 0.000 0.000 0.000 0.000 0.000 0.000 0.000 0.000 0.000 0.000 0.000 0.000 0.000 0.000 0.000 0.000 0.000 0.000 0.000 0.000 0.000 0.000 0.000 0.000 0.000 0.000 0.000 0.000 0.000 0.000 0.000 0.000 0.000 0.000 0.000 0.000 0.000 0.000 9.446 11.446 0.000 38.447 30.448 28.449 40.453 54.455 59.455 61.453 61.448 47.442 35.433 34.422 34.408 33.394 35.379 58.365 73.352 71.339
