results4_8e4_rain/res_4e8f-0135.wd
ncols         241
nrows         181
xllcorner     12693529.787448
yllcorner     3542525.717860
cellsize      155.156523
NODATA_value  -9999.000000
[rows 66 to 98 of 181, columns 73 to 145 of 241]
70.478 34.467 0.000 59.612 76.591 75.562 75.534 0.000 46.942 46.926 59.938 55.949 54.929 54.884 53.817 129.719 117.550 0.000 0.000 0.000 50.312 45.252 50.161 53.102 53.053 55.008 55.966 60.918 61.874 62.826 53.772 0.000 0.000 51.058 101.058 82.970 86.829 86.913 84.963 92.885 85.368 85.844 86.582 85.352 85.128 85.922 55.765 0.000 0.000 0.000 0.000 0.000 0.000 0.000 38.676 36.653 36.615 36.564 36.502 36.438 40.370 53.297 50.224 35.150 46.075 55.002 33.930 36.860 42.791 47.723 43.656 37.590 35.525
55.479 61.455 0.000 47.830 71.795 70.767 64.770 17.855 0.000 0.000 53.017 66.095 55.095 54.064 55.021 35.980 0.000 0.000 0.000 0.000 0.000 0.000 61.098 59.073 57.042 40.004 42.961 49.913 50.878 55.844 46.808 0.000 0.000 0.000 61.297 79.204 86.139 86.229 93.316 93.108 85.442 86.128 85.837 85.625 85.412 80.223 38.089 0.000 2.278 35.278 0.000 0.000 0.000 44.753 39.719 36.686 36.645 36.596 36.538 36.476 36.410 36.340 43.269 57.197 58.124 41.053 34.982 35.913 36.845 40.778 39.712 35.647 35.583
57.488 56.420 61.284 59.084 72.991 65.942 66.926 63.939 0.000 0.000 0.000 68.319 63.292 58.257 60.224 7.201 0.000 0.000 0.000 0.000 0.000 0.000 60.059 56.050 47.038 0.000 0.000 47.897 59.880 58.866 0.000 0.000 7.000 63.881 55.629 59.451 66.527 81.585 93.509 85.185 86.738 86.300 86.109 85.889 83.674 66.468 45.278 51.278 49.278 30.278 0.000 0.000 0.000 2.787 53.761 35.727 36.685 40.635 48.579 38.518 36.453 35.385 39.315 54.244 61.173 53.102 39.033 33.965 35.898 35.832 35.767 35.702 34.638
57.528 55.453 59.349 70.229 64.143 57.085 76.050 65.038 17.054 0.000 10.715 60.570 76.496 71.448 71.416 74.398 0.000 0.000 0.000 0.000 6.015 6.020 58.031 49.029 52.023 0.000 0.000 0.000 95.880 122.873 37.873 0.000 63.119 58.017 57.856 57.763 53.845 93.866 93.693 86.234 89.837 86.582 86.371 86.154 77.926 30.697 0.000 53.278 31.278 0.000 0.000 0.000 41.888 40.847 39.813 35.775 39.731 51.681 56.625 54.564 47.499 37.431 46.362 54.292 33.221 39.151 52.083 49.016 44.950 52.885 33.821 35.757 33.694
55.586 61.514 71.430 63.342 55.266 55.205 68.154 76.106 72.071 74.999 76.860 71.749 66.675 68.625 57.593 56.577 0.000 0.000 0.000 7.008 63.011 62.013 50.015 52.012 53.002 56.984 55.972 0.000 6.887 0.876 0.000 9.501 69.339 62.211 57.051 58.141 56.186 94.023 55.854 63.442 78.036 85.855 86.639 84.430 43.178 0.000 0.000 0.000 0.000 0.000 0.000 42.953 36.929 36.900 36.868 37.830 47.785 56.733 55.676 55.614 51.548 47.480 57.410 40.339 35.269 36.199 36.131 46.065 59.001 45.937 33.875 34.812 40.749
61.652 72.587 62.515 55.442 56.375 56.314 58.253 42.162 68.126 66.065 57.976 54.893 53.829 69.784 71.754 58.740 0.000 0.000 0.000 63.006 59.006 56.006 49.005 53.000 52.991 52.977 52.960 11.932 14.898 15.866 17.807 85.663 82.530 71.400 70.355 59.352 94.302 94.169 57.909 64.556 59.330 66.132 84.902 59.750 0.000 0.000 0.000 0.000 0.000 0.000 0.000 42.978 36.974 36.957 36.929 37.891 46.845 56.792 55.733 54.668 51.601 56.530 50.459 34.387 36.316 36.246 36.178 46.113 54.050 32.989 35.929 38.869 57.804
72.726 62.665 55.602 56.537 56.477 57.423 38.384 0.000 25.208 53.157 56.088 56.019 55.964 53.926 77.901 61.889 0.000 0.000 0.000 40.004 57.002 51.001 51.998 52.993 52.985 52.974 52.958 63.937 3.908 7.889 24.893 77.815 87.710 9.597 91.518 81.710 94.419 56.483 70.126 66.768 56.637 53.440 50.087 34.918 0.000 0.000 38.523 0.000 0.000 0.000 0.000 39.005 37.034 37.026 36.999 36.960 37.912 43.856 51.794 51.726 51.655 55.582 33.508 36.434 36.361 35.291 41.223 58.159 41.098 35.040 37.985 18.929 19.851
62.804 55.748 56.689 56.629 56.571 59.519 15.474 13.440 6.339 51.269 56.200 58.128 56.084 55.054 73.035 69.026 0.000 0.000 0.000 0.000 47.998 50.996 52.994 52.989 52.983 52.974 54.963 40.950 0.000 0.000 75.060 77.993 88.900 94.770 88.872 86.909 94.519 77.533 80.235 65.076 57.980 50.906 0.000 0.000 0.000 0.000 36.523 0.000 0.000 0.000 0.000 0.000 40.129 37.113 37.082 37.039 36.987 36.927 36.860 43.788 51.712 39.635 36.557 36.480 36.405 39.333 52.265 52.201 34.142 36.089 39.042 6.009 0.000
55.888 56.833 56.776 56.718 56.661 56.606 60.556 61.505 61.441 57.380 57.314 37.211 54.191 55.172 71.158 70.154 0.000 0.000 0.000 0.000 46.994 52.993 52.991 52.987 52.983 52.977 40.970 0.000 0.000 3.431 80.295 86.198 89.096 89.042 88.119 94.653 87.017 89.733 84.421 69.362 59.302 58.298 58.433 0.000 0.000 0.000 33.523 40.524 33.523 0.000 0.000 0.000 55.241 36.215 37.176 37.128 37.071 38.005 36.932 36.854 36.771 36.688 36.604 36.523 35.445 41.372 56.303 33.239 36.181 36.130 38.087 13.057 0.000
56.975 56.921 56.865 56.807 56.748 56.690 56.636 56.586 56.539 56.496 60.464 0.000 47.296 56.283 72.273 67.278 3.323 0.000 0.000 0.000 51.992 54.991 54.989 54.987 52.984 55.981 0.000 0.000 0.000 72.566 78.493 89.406 89.287 89.394 87.442 94.860 88.151 92.795 88.685 89.618 77.569 65.549 54.569 49.569 51.569 0.000 0.000 39.524 34.523 40.519 41.505 39.468 45.380 55.329 37.280 38.226 47.163 54.090 36.010 36.923 36.832 36.741 36.650 35.564 40.482 59.405 53.335 42.272 35.214 36.163 38.117 53.077 71.033
57.065 57.012 56.956 56.897 56.834 56.770 56.712 59.663 57.632 56.603 60.581 0.000 47.415 56.393 73.372 65.362 5.368 0.000 0.000 0.000 24.991 34.990 33.989 33.987 54.985 39.983 0.000 0.000 0.000 74.774 84.707 89.618 89.575 88.679 95.492 95.193 89.217 90.060 88.917 88.860 89.805 80.761 45.725 0.000 0.000 0.000 0.000 37.526 37.528 34.528 36.527 37.520 36.483 43.440 57.391 40.332 38.264 48.184 36.094 36.996 36.894 36.792 36.693 36.600 44.513 57.433 44.362 56.298 34.241 35.189 40.143 61.099 73.054
57.159 57.105 57.050 56.990 56.923 59.844 61.780 33.722 54.723 57.702 59.676 19.652 50.556 55.500 67.459 65.432 6.418 0.000 0.000 0.000 0.000 0.000 0.987 0.986 35.985 0.000 0.000 0.000 23.216 73.048 89.941 89.823 89.939 88.024 95.762 87.803 93.509 89.204 89.158 89.091 89.032 78.966 39.846 0.000 0.000 0.000 0.000 0.000 40.533 41.539 28.556 36.601 37.591 37.558 41.510 57.450 40.376 37.288 37.186 37.073 36.956 36.841 34.731 40.629 59.536 40.453 39.381 53.318 37.262 35.212 42.166 68.123 73.080
57.254 57.201 57.148 57.091 59.022 34.903 36.842 0.000 16.837 52.807 56.769 60.724 56.657 59.594 64.531 69.488 8.455 0.000 0.000 0.000 0.000 1.986 53.986 60.986 0.000 0.000 0.000 6.504 82.385 84.264 90.158 90.114 89.233 96.250 96.014 88.865 89.580 89.452 89.382 89.318 88.264 68.224 0.000 0.000 0.000 0.000 0.000 0.000 0.000 32.539 0.000 43.739 40.724 36.690 36.642 38.580 55.503 44.407 36.290 37.153 37.015 35.884 40.762 42.649 41.549 38.463 36.391 36.330 36.277 37.229 50.187 72.147 73.109
57.349 57.298 57.249 57.205 62.170 0.190 0.000 23.072 14.979 48.921 57.870 55.817 57.756 69.686 41.584 35.533 0.498 0.000 0.000 0.000 0.000 51.986 57.986 59.986 0.000 0.000 0.000 69.623 74.554 88.466 90.349 90.479 88.574 96.466 88.364 90.040 89.734 89.675 89.601 89.536 81.481 58.444 0.000 0.000 0.000 0.000 0.000 0.000 0.000 0.000 0.000 47.892 42.873 36.838 34.789 37.726 37.648 53.547 46.413 37.235 38.068 35.918 42.783 42.659 39.546 33.460 36.391 36.335 38.286 52.243 71.205 73.170 76.138
58.442 56.391 56.346 56.308 59.284 29.292 26.253 58.164 63.089 57.027 54.973 61.919 71.863 74.812 0.000 0.000 0.000 0.000 0.000 0.000 0.000 19.986 26.986 28.986 0.000 0.000 0.000 71.811 79.747 89.658 90.649 89.688 96.866 96.672 89.395 90.100 89.962 89.885 89.812 89.745 71.681 53.625 0.000 0.000 0.000 0.000 0.000 0.000 0.000 0.000 0.000 46.064 44.040 44.000 40.949 33.888 35.815 36.721 52.581 52.307 49.104 45.938 38.792 37.656 34.518 35.439 36.380 40.331 60.289 72.252 72.219 73.189 72.164
72.530 71.480 70.435 68.397 65.367 66.343 66.302 63.243 64.183 66.128 66.075 72.022 73.964 31.888 0.000 0.000 0.000 0.000 0.000 0.000 0.000 0.000 0.000 0.000 0.000 10.324 18.245 73.064 89.955 90.863 90.813 90.041 97.046 88.871 90.546 90.235 90.170 90.089 90.017 87.949 69.875 40.750 0.000 0.000 0.000 0.000 0.000 0.000 0.000 0.000 0.000 36.261 40.222 43.172 44.119 43.063 40.003 35.940 29.883 0.000 0.000 0.000 0.000 0.000 38.430 36.397 39.359 60.322 73.288 72.257 73.229 76.205 72.185
68.612 70.563 69.518 71.479 73.443 72.410 71.370 69.323 67.273 67.225 68.177 64.129 64.084 0.000 0.000 0.000 0.000 0.000 0.000 0.000 0.000 0.000 0.000 0.000 0.000 59.404 82.347 81.244 90.149 91.037 91.164 89.266 97.214 90.965 90.571 90.447 90.363 90.286 90.218 86.160 66.119 0.000 0.000 0.000 0.000 0.000 0.000 0.000 0.000 0.000 43.641 38.497 35.414 37.349 42.293 44.241 44.194 45.154 36.127 0.000 0.000 0.000 0.000 0.000 39.376 37.360 53.336 74.310 72.284 72.259 72.236 73.217 72.200
56.689 56.640 57.596 64.556 73.519 79.483 67.445 61.404 56.363 54.322 53.280 59.233 38.158 0.000 0.000 0.000 0.000 0.000 0.000 0.000 0.000 0.000 0.000 0.000 0.000 65.541 81.494 89.418 91.331 91.298 90.427 97.512 97.369 92.983 90.790 90.629 90.552 90.475 90.408 85.355 60.322 0.000 0.000 0.000 0.000 0.000 0.000 0.000 0.000 43.905 38.784 38.673 38.587 37.518 34.462 39.415 43.378 44.354 41.346 0.000 0.000 0.000 0.000 42.326 36.337 40.331 68.317 72.298 72.278 72.259 72.241 72.225 72.212
55.761 55.713 59.670 64.630 66.593 69.557 59.522 55.487 56.453 56.420 58.389 36.365 0.000 0.000 0.000 0.000 0.000 0.000 0.000 0.000 0.000 0.000 0.000 0.000 0.000 51.724 80.671 90.601 91.499 91.628 89.737 97.643 90.532 92.206 90.887 90.821 90.733 90.655 90.584 81.528 54.494 0.000 0.000 0.000 0.000 0.000 0.000 0.000 43.138 39.026 38.919 38.823 38.742 38.676 38.622 35.579 34.550 37.538 44.556 44.641 0.000 0.000 0.000 36.315 37.316 55.311 72.301 71.287 71.272 72.257 72.243 72.230 72.220
55.829 55.782 57.740 58.701 56.665 55.632 56.600 55.569 55.541 55.515 60.491 5.473 0.000 0.000 0.000 0.000 0.000 0.000 0.000 0.000 0.000 0.000 0.000 0.000 3.095 59.959 88.870 91.786 91.755 90.885 97.883 97.767 93.531 91.232 91.087 90.997 90.909 90.825 91.747 71.678 59.630 0.000 0.000 42.754 0.000 42.514 44.469 44.384 39.250 39.141 39.044 38.958 38.884 38.821 38.770 38.730 37.704 34.693 43.701 44.725 37.725 0.000 0.000 44.303 36.302 44.297 50.289 53.278 57.267 63.255 69.243 71.234 71.225
56.892 56.847 56.807 56.770 56.736 55.704 55.676 55.650 55.627 54.607 62.589 13.562 0.000 0.000 0.000 0.000 0.000 0.000 0.000 0.000 0.000 0.000 0.000 0.000 44.232 80.148 91.063 91.952 92.092 90.184 97.986 90.984 92.658 91.342 91.267 91.171 91.080 90.991 91.902 63.808 41.719 0.000 0.000 38.755 0.000 37.560 39.510 39.433 39.337 39.245 39.159 39.082 39.013 38.954 38.906 38.869 36.843 38.830 44.828 41.834 0.000 0.000 0.000 43.293 42.290 41.286 40.279 39.271 38.261 42.252 53.243 49.235 51.229
54.951 54.909 54.870 54.835 54.803 54.774 54.749 55.727 57.710 59.698 34.694 1.700 0.000 0.000 0.000 0.000 0.000 0.000 0.000 2.462 11.454 0.000 0.000 14.592 55.450 86.344 92.241 92.230 91.258 98.167 98.081 93.976 91.682 91.532 91.438 91.343 91.249 91.156 87.060 33.934 0.000 0.000 0.000 38.755 44.735 39.654 39.579 39.500 39.420 39.342 39.266 39.196 39.133 39.078 39.032 38.995 35.970 44.954 44.949 40.949 0.000 0.000 0.000 42.284 41.282 42.277 42.271 42.264 42.256 42.249 41.241 41.235 40.230
56.006 55.967 58.931 62.898 65.868 69.841 71.818 74.800 73.787 65.782 3.791 14.828 38.880 6.905 0.000 0.000 0.000 0.000 0.000 42.470 69.446 9.407 0.000 48.734 81.635 91.527 92.427 92.357 91.581 98.241 90.414 92.101 91.783 91.708 91.610 91.514 91.418 92.323 79.247 0.000 0.000 0.000 0.000 18.775 38.796 39.743 41.652 41.569 39.502 39.435 39.368 39.304 39.244 39.192 39.147 36.112 41.086 44.070 45.063 36.064 0.000 0.000 0.000 26.279 47.275 47.270 44.264 41.258 41.251 42.245 43.239 43.234 42.230
58.058 57.022 63.988 72.957 73.929 72.905 71.883 70.867 67.856 61.853 36.860 53.880 71.908 40.930 24.953 0.967 0.000 0.000 13.540 52.503 66.452 5.368 24.208 65.975 90.827 93.712 92.553 92.765 90.741 98.303 92.401 92.115 91.967 91.875 91.781 91.686 91.585 93.472 37.360 0.000 0.000 0.000 0.000 0.000 34.930 40.872 21.715 21.622 38.583 39.530 39.468 39.407 39.349 39.298 38.254 36.219 45.193 45.176 42.170 36.181 42.227 0.000 0.000 0.000 58.267 73.264 66.258 62.252 58.247 54.241 57.236 57.232 40.229
58.107 58.073 61.042 64.014 62.987 60.964 58.944 56.928 54.917 54.912 63.915 65.925 62.941 59.956 63.970 11.980 0.000 0.000 53.578 83.547 34.492 30.406 64.281 88.129 92.998 92.854 92.973 90.928 98.386 90.807 92.521 92.208 92.137 92.043 91.953 91.863 94.766 51.619 0.000 0.000 0.000 0.000 0.000 0.000 37.122 42.099 0.000 0.000 35.678 39.632 39.569 39.506 39.448 39.397 36.353 44.317 45.290 44.271 35.261 39.262 39.274 0.000 0.000 0.000 26.264 56.260 74.253 73.247 73.242 73.237 73.233 67.230 57.227
58.153 58.123 58.095 57.068 57.043 58.020 58.001 57.985 55.972 56.965 61.963 64.966 60.973 55.982 58.991 13.996 0.000 0.000 45.647 55.617 33.562 66.483 81.382 90.265 93.149 93.082 92.181 98.760 98.526 91.799 92.528 92.386 92.298 92.209 92.124 92.048 94.996 0.000 0.000 10.369 19.369 0.000 0.000 38.434 41.336 40.304 47.344 0.000 35.820 39.750 39.670 39.600 39.540 37.488 39.444 45.407 45.378 37.356 38.342 39.334 39.331 0.000 0.000 0.000 0.000 0.000 56.247 72.240 72.236 72.232 72.229 73.226 73.224
58.199 58.172 58.145 58.120 58.096 58.074 58.054 57.037 56.023 60.012 64.005 64.002 59.004 55.009 60.014 13.017 0.000 0.000 41.747 10.711 57.656 81.584 87.496 93.405 93.257 93.468 91.458 98.969 91.220 92.931 92.619 92.550 92.458 92.372 92.287 99.209 83.175 0.000 6.369 56.369 42.369 0.000 0.000 33.532 41.486 40.438 40.384 46.261 44.034 42.876 39.763 39.684 39.623 36.572 44.528 45.490 41.460 36.435 39.416 39.400 41.387 45.398 0.000 0.000 0.000 0.000 0.000 69.232 72.230 72.227 72.225 73.223 71.221
58.246 58.220 58.194 58.170 58.147 58.125 57.105 56.087 58.071 62.055 65.042 61.034 56.033 55.036 58.041 40.041 27.030 27.983 23.883 24.824 64.766 85.699 91.625 93.518 93.659 91.651 99.335 99.160 92.227 92.941 92.795 92.706 92.617 92.532 97.444 40.324 55.320 25.358 56.368 64.370 0.000 0.000 0.000 32.676 41.637 40.577 40.493 50.365 61.177 34.958 44.821 40.752 37.697 39.649 45.605 44.567 35.535 38.509 39.486 39.462 26.419 27.408 0.000 0.000 0.000 0.000 0.000 50.227 71.225 72.223 72.220 76.218 72.217
58.293 58.268 58.243 58.219 58.196 58.175 56.155 56.136 60.117 67.097 68.074 64.060 59.056 57.061 57.072 59.076 59.067 68.036 8.978 42.935 80.884 87.824 93.757 93.726 92.860 99.647 99.496 92.584 93.365 93.028 92.955 92.860 92.773 92.694 100.634 0.000 38.424 40.386 30.376 32.373 0.000 0.000 0.000 35.860 41.810 40.738 46.648 62.528 39.353 0.000 25.812 38.803 36.766 44.720 45.676 41.637 38.605 39.578 39.558 41.545 0.000 0.000 0.000 0.000 0.000 0.000 42.223 23.223 62.220 72.218 72.216 77.214 72.212
58.340 58.315 58.290 58.267 58.245 57.223 56.203 58.184 65.164 42.140 18.097 17.076 14.071 44.080 61.109 56.123 59.126 40.117 2.092 48.056 86.010 91.963 93.855 94.101 92.127 99.786 92.918 93.696 93.266 93.207 93.103 93.010 92.920 93.836 91.764 13.707 13.565 0.000 0.000 0.000 0.000 0.000 35.231 43.093 41.003 39.920 59.833 63.747 0.000 0.000 0.000 34.884 40.842 45.791 45.743 35.702 39.668 39.642 39.624 42.614 0.000 0.000 0.000 0.000 0.000 0.000 21.223 0.000 50.214 72.213 72.212 78.210 72.209
58.386 58.361 58.337 58.314 57.292 56.270 58.250 61.232 69.216 28.205 0.000 0.000 0.000 0.000 43.163 58.180 59.198 45.213 47.215 73.184 90.148 94.077 94.254 92.279 100.031 99.914 93.900 93.596 93.449 93.347 93.249 93.155 93.061 95.967 80.877 9.792 0.000 0.000 0.000 0.000 0.000 0.000 35.369 42.280 41.190 39.105 67.015 27.881 0.000 0.000 41.118 46.007 45.926 45.860 43.804 38.759 39.723 39.697 39.681 41.674 0.000 45.753 0.000 0.000 0.000 0.000 0.000 0.000 43.209 72.208 72.208 72.207 72.206
58.431 58.407 58.384 58.361 57.338 56.316 60.296 64.278 68.264 26.257 0.000 0.000 0.000 0.000 23.199 66.236 61.275 67.322 80.337 89.322 93.287 94.298 93.452 100.238 100.138 93.236 94.013 93.672 93.590 93.488 93.392 93.299 97.202 60.095 31.986 0.000 0.000 0.000 0.000 0.000 0.000 37.779 42.595 41.468 43.372 40.296 64.242 0.000 0.000 36.364 43.229 59.100 47.997 44.917 40.854 38.806 38.769 39.744 39.729 39.727 44.746 40.753 31.753 0.000 0.000 0.000 39.201 41.202 40.204 72.204 72.204 72.204 72.203
58.476 58.453 58.430 58.406 56.383 58.360 64.339 65.320 63.306 50.302 11.316 0.000 0.000 0.000 0.000 19.289 15.342 55.463 86.490 90.477 94.422 94.596 92.722 100.328 92.547 94.327 93.895 93.832 95.722 94.625 93.533 93.446 99.354 22.225 0.000 0.000 0.000 0.000 0.000 19.269 58.173 57.964 45.766 42.624 53.534 48.465 49.415 10.419 0.000 34.499 39.334 50.167 46.045 49.957 43.891 46.842 45.805 42.779 39.764 38.757 38.760 44.760 0.000 0.000 0.000 0.000 36.200 36.200 46.201 72.201 72.201 72.201 72.200
