results4_8e4_rain/res_4e8f-0042.wd
ncols         241
nrows         181
xllcorner     12693529.787448
yllcorner     3542525.717860
cellsize      155.156523
NODATA_value  -9999.000000
[rows 33 to 65 of 181, columns 74 to 147 of 241]
0.000 0.000 0.000 0.000 0.000 0.000 0.000 0.000 0.000 0.000 0.000 0.000 0.000 0.000 0.000 0.000 0.000 0.000 0.000 0.000 0.000 0.000 0.000 0.000 0.000 0.000 0.000 0.000 0.000 0.000 0.000 0.000 0.000 0.000 0.000 0.000 0.000 0.000 31.364 54.365 59.365 15.366 0.000 0.000 24.423 38.439 5.428 0.000 28.458 31.464 25.464 26.455 27.437 27.411 27.377 27.339 26.304 32.282 52.280 0.000 5.300 3.091 38.428 55.050 59.683 58.335 59.023 57.640 59.805 54.929 54.523 54.618 56.949 56.235
0.000 0.000 0.000 0.000 0.000 0.000 0.000 0.000 0.000 0.000 0.000 0.000 0.000 0.000 0.000 0.000 0.000 0.000 0.000 0.000 0.000 0.000 0.000 0.000 0.000 0.000 0.000 0.000 0.000 0.000 0.000 0.000 0.000 0.000 0.000 0.000 0.000 0.000 0.000 6.365 1.365 0.000 0.000 0.000 0.000 20.487 0.000 0.000 18.479 42.499 41.501 31.492 27.470 27.436 27.390 27.334 26.277 48.240 46.260 0.000 28.510 41.251 54.816 59.418 59.037 58.693 58.280 59.417 55.502 54.786 55.143 57.510 56.807 56.622
0.000 0.000 0.000 0.000 0.000 0.000 0.000 0.000 0.000 0.000 0.000 0.000 0.000 0.000 0.000 0.000 0.000 23.456 55.456 8.456 0.000 0.000 0.000 0.000 0.000 0.000 0.000 0.000 0.000 0.000 0.000 0.000 0.000 0.000 0.000 0.000 0.000 0.000 0.000 0.000 0.000 0.000 0.000 0.000 0.000 12.535 0.000 0.000 0.000 20.553 38.550 38.540 29.516 27.474 27.412 25.329 41.231 50.140 0.000 14.428 38.978 53.586 60.170 59.762 59.386 58.940 61.044 57.093 55.176 55.680 58.066 57.369 57.191 56.920
0.000 0.000 0.000 0.000 0.000 0.000 0.000 0.000 0.000 0.000 10.451 48.451 0.000 0.000 0.000 0.000 0.000 30.457 81.457 37.457 0.000 0.000 0.000 0.000 0.000 0.000 0.000 0.000 0.000 0.000 0.000 0.000 0.000 0.000 0.000 0.000 0.000 0.000 0.000 0.000 0.000 0.000 0.000 0.000 0.000 15.584 16.608 23.621 9.625 19.610 27.608 40.602 31.580 27.533 24.454 35.339 45.177 33.950 9.494 38.879 56.388 60.946 60.512 60.105 59.624 59.691 58.707 55.682 56.237 58.631 57.935 57.759 57.489 57.233
0.000 0.000 0.000 0.000 0.000 0.000 0.000 0.000 0.000 0.000 31.451 66.451 55.452 42.452 0.000 0.000 15.457 69.457 77.457 42.457 0.000 0.000 0.000 0.000 14.581 0.000 0.000 0.000 0.000 0.000 0.000 0.000 0.000 0.000 0.000 0.000 0.000 0.000 0.000 0.000 2.613 20.613 0.000 0.000 31.613 46.609 49.619 47.631 33.643 27.653 26.668 40.680 31.670 23.624 37.534 51.397 39.188 26.990 41.653 46.206 58.748 61.293 60.857 60.341 60.367 58.350 56.304 56.822 59.215 58.518 58.339 58.064 57.802 57.540
0.000 0.000 0.000 0.000 0.000 0.000 0.000 0.000 0.000 0.000 2.451 64.451 47.452 28.453 0.000 11.458 61.458 72.458 79.458 38.458 0.000 0.000 0.000 0.000 52.581 36.582 0.000 0.000 0.000 0.000 0.000 0.000 0.000 0.000 0.000 15.607 27.607 29.607 0.000 0.000 11.613 36.613 15.615 29.616 52.617 55.619 56.628 53.642 40.663 27.692 24.732 41.781 32.796 36.761 54.658 48.528 0.000 25.167 43.924 56.545 62.103 61.650 61.103 61.082 59.035 57.061 57.442 59.827 59.127 58.943 58.659 58.386 58.111 57.843
0.000 0.000 0.000 0.000 0.000 0.000 0.000 0.000 0.000 0.000 0.000 0.000 15.454 53.455 49.456 37.458 50.459 70.459 81.459 34.460 0.000 0.000 0.000 0.000 14.582 38.582 40.583 0.000 0.000 0.000 0.000 0.000 0.000 0.000 0.000 31.607 32.607 44.607 27.609 16.610 30.612 31.613 27.615 34.617 41.619 39.624 32.632 51.646 17.676 33.719 36.789 26.915 38.971 51.965 48.811 0.000 0.475 36.588 53.329 61.947 62.485 61.929 61.858 58.783 57.998 58.112 60.477 59.773 59.580 59.286 58.999 58.704 58.413 58.137
0.000 0.000 0.000 0.000 0.000 0.000 0.000 0.000 0.000 0.000 0.000 0.000 5.455 72.456 67.457 57.459 47.460 71.461 79.461 74.461 59.462 14.462 0.000 0.000 0.000 0.000 48.583 32.584 30.585 41.585 36.586 0.000 0.000 0.000 0.000 31.607 30.607 51.607 57.608 46.610 38.611 30.613 27.615 28.618 29.620 28.624 26.629 34.635 0.000 0.000 0.000 32.120 55.210 53.316 0.000 0.000 36.710 50.246 59.869 63.397 62.944 63.705 59.631 59.205 58.856 61.179 60.464 60.258 59.953 59.653 59.342 59.021 58.699 58.412
0.000 0.000 0.000 0.000 0.000 0.000 0.000 0.000 0.000 0.000 0.000 0.000 0.000 5.457 44.458 19.461 55.462 74.463 79.463 77.463 75.463 64.463 23.462 0.000 0.000 0.000 4.584 43.584 43.585 56.586 54.586 47.588 42.588 0.000 0.000 0.000 35.606 54.607 61.608 53.610 37.611 26.613 27.615 27.618 27.620 27.623 27.626 31.629 0.000 0.000 0.000 2.292 39.434 8.772 6.441 41.521 46.190 57.839 64.402 64.227 62.435 60.721 60.836 59.714 61.958 61.218 60.987 60.664 60.351 60.028 59.695 59.339 58.950 59.631
0.000 0.000 0.000 0.000 0.000 0.000 0.000 0.000 0.000 0.000 0.000 0.000 0.000 0.000 0.000 76.464 76.465 78.466 78.466 77.465 71.464 65.463 36.462 0.000 0.000 0.000 0.000 0.000 11.585 56.586 50.587 65.588 62.589 41.592 20.596 21.600 30.604 52.606 61.608 52.609 35.611 25.613 30.615 29.618 27.620 27.623 27.624 28.625 20.625 0.000 0.000 0.000 0.000 1.270 44.030 46.930 54.714 65.377 65.452 63.794 65.615 63.150 60.756 62.849 62.055 61.780 61.425 61.090 60.753 60.415 60.070 58.690 67.133 64.759
0.000 0.000 0.000 0.000 0.000 10.826 33.826 0.000 11.813 51.812 40.810 44.809 19.808 0.000 0.000 12.466 84.468 78.470 75.470 72.469 75.466 66.463 29.462 0.000 0.000 0.000 0.000 0.000 0.000 0.000 0.587 54.589 55.589 6.591 0.000 0.000 34.606 52.606 57.607 47.609 38.610 36.611 0.000 5.619 33.621 27.622 27.623 28.624 34.624 42.624 4.623 0.000 0.000 16.960 49.671 53.466 64.213 66.386 66.008 69.403 67.950 62.155 63.903 63.002 62.650 62.245 61.875 61.512 61.157 60.809 60.479 66.217 0.000 0.000
0.000 0.000 0.000 0.000 0.000 10.826 53.826 0.000 45.814 47.812 59.810 42.808 27.807 0.000 0.000 0.468 69.472 81.477 78.476 78.473 79.468 73.463 27.460 0.000 0.000 0.000 0.000 0.000 0.000 0.000 0.000 0.000 39.589 0.000 0.000 0.000 40.606 37.606 49.607 6.608 0.000 0.000 0.000 0.000 0.000 37.622 31.623 0.000 24.624 58.624 41.623 0.000 0.000 21.433 55.198 64.043 67.122 66.858 71.095 70.395 63.560 65.050 64.042 63.594 63.125 62.708 62.311 61.928 61.553 61.184 60.822 65.483 8.221 0.000
52.864 42.864 0.000 0.000 0.000 4.827 64.827 40.824 42.818 48.814 72.810 73.808 68.806 22.804 0.000 0.000 0.000 29.489 83.486 78.479 79.470 76.461 35.455 0.000 0.000 0.000 0.000 0.000 0.000 0.000 0.000 0.000 0.000 0.000 0.000 0.000 0.000 0.000 0.000 0.000 0.000 0.000 0.000 0.000 0.000 0.000 12.622 9.622 0.000 0.000 0.000 0.000 10.555 48.057 65.012 66.673 67.588 71.919 71.590 64.574 66.084 65.072 64.566 64.042 63.578 63.145 62.733 62.336 61.945 61.552 61.143 63.671 46.959 3.985
64.865 46.865 42.866 0.000 0.000 0.000 56.833 58.827 58.820 70.814 67.810 79.807 78.804 39.802 0.000 0.000 0.000 5.505 85.498 78.487 79.473 76.458 36.445 0.000 0.000 0.000 45.240 57.227 26.217 0.000 0.000 0.000 0.000 0.000 0.000 0.000 0.000 0.000 0.000 0.000 0.000 0.000 0.000 0.000 0.000 0.000 0.000 0.000 0.000 0.000 0.000 8.376 48.942 65.950 66.549 72.703 72.231 65.795 66.355 66.839 65.994 65.489 64.949 64.457 63.996 63.560 63.142 62.737 62.337 61.937 68.527 9.099 0.000 16.998
69.865 48.866 49.866 41.867 0.000 46.853 41.844 49.831 62.821 66.814 77.809 78.806 77.802 46.799 0.000 0.000 0.000 4.528 84.516 78.498 79.476 74.452 54.422 38.377 39.335 39.293 47.253 68.225 35.206 0.000 0.000 0.000 0.000 0.000 0.000 0.000 0.000 0.000 0.000 0.000 0.000 0.000 0.000 0.000 0.000 0.000 0.000 0.000 0.000 6.328 37.131 46.693 65.722 67.349 74.028 73.456 66.299 68.016 67.346 66.792 66.314 65.800 65.310 64.838 64.389 63.957 63.540 63.133 62.731 69.331 14.929 0.000 0.000 2.034
64.867 62.867 45.868 49.867 49.866 40.863 33.860 0.000 0.000 8.811 67.808 78.804 76.801 61.794 28.782 0.000 0.000 53.562 74.541 79.514 78.483 79.450 69.415 45.375 42.334 41.293 50.252 68.215 51.177 37.126 38.084 42.053 53.033 17.026 0.000 0.000 0.000 0.000 0.000 0.000 0.000 0.000 0.000 0.000 0.000 0.000 0.000 0.000 0.000 17.502 57.366 65.346 68.025 74.834 74.479 66.977 68.648 67.871 67.495 67.045 66.575 66.108 65.647 65.199 64.764 64.340 63.926 63.522 69.124 15.728 0.000 0.000 0.000 1.017
10.868 78.869 49.870 43.868 44.869 46.872 46.874 35.881 0.000 0.000 0.000 12.803 83.803 73.792 51.772 43.734 50.685 49.618 51.574 59.532 60.492 47.452 44.414 42.374 42.334 41.292 50.249 65.207 44.163 41.116 46.074 62.042 65.022 50.018 24.018 0.000 0.000 0.000 0.000 0.000 0.000 0.000 0.000 0.000 0.000 0.000 0.000 0.000 8.247 50.137 65.785 68.651 75.300 75.107 67.622 69.275 68.499 68.145 67.714 67.283 66.846 66.407 65.972 65.546 65.127 64.714 64.303 69.907 15.515 0.000 0.000 0.000 0.000 0.000
77.870 78.872 64.874 0.000 0.000 51.883 47.885 58.887 49.887 0.000 0.000 0.000 71.815 68.801 53.778 44.745 41.703 41.653 44.603 57.550 65.500 68.454 61.413 51.375 44.335 43.292 59.247 62.200 37.151 41.101 41.055 42.017 45.996 25.007 0.000 0.000 0.000 0.000 0.000 0.000 0.000 0.000 0.000 0.000 0.000 0.000 11.320 43.033 50.952 64.514 75.854 75.502 68.598 69.213 69.800 69.125 68.770 68.353 67.945 67.532 67.116 66.701 66.290 65.885 65.486 66.087 72.666 16.286 0.000 0.000 0.000 0.000 0.000 0.000
78.873 78.876 78.880 65.887 48.891 48.892 48.895 39.897 0.000 5.877 12.877 64.866 61.841 64.820 57.796 58.765 58.729 58.686 61.638 56.564 56.504 58.450 62.412 63.377 61.338 57.294 68.246 66.194 54.140 55.084 55.028 56.977 31.937 0.000 0.000 0.000 0.000 0.000 0.000 0.000 0.000 0.000 0.000 0.000 0.000 45.812 46.498 67.577 68.190 76.907 76.443 71.042 70.779 70.185 69.736 69.372 68.970 68.576 68.179 67.782 67.385 66.991 66.602 66.219 66.843 70.481 3.142 0.000 0.000 0.000 0.000 0.000 0.000 0.000
77.875 77.879 78.884 75.889 53.894 47.899 48.905 49.911 41.919 0.000 56.890 53.880 54.863 55.843 50.820 54.792 59.760 67.726 52.698 0.000 0.000 3.429 61.408 57.384 57.347 57.302 57.250 57.192 57.131 57.066 56.998 54.924 49.840 22.728 0.000 0.000 42.644 49.482 61.263 31.080 0.000 0.000 0.000 0.000 47.388 58.118 70.078 70.758 77.585 77.282 71.649 71.347 70.631 70.320 69.948 69.564 69.182 68.798 68.414 68.032 67.652 67.277 66.909 67.546 70.188 17.834 0.000 0.000 0.000 0.000 0.000 0.000 0.000 20.398
67.878 67.882 78.887 78.892 68.899 44.906 47.914 48.922 48.927 54.927 63.913 47.900 44.887 42.870 49.849 64.824 63.794 48.762 28.730 0.000 0.000 0.000 0.000 46.403 41.366 41.316 41.258 41.194 42.126 45.053 45.973 45.882 44.770 45.617 44.379 44.121 52.807 59.538 57.229 63.896 61.486 56.109 53.730 56.243 67.955 71.503 71.324 77.999 77.824 72.241 71.919 71.193 70.886 70.509 70.139 69.766 69.393 69.021 68.649 68.279 67.913 67.558 68.210 68.867 7.527 0.000 0.000 0.000 0.000 0.000 0.000 0.000 0.000 31.427
33.881 45.885 73.889 77.895 58.902 41.913 40.925 48.935 48.942 47.942 41.933 42.923 48.915 65.902 64.883 47.859 40.832 30.797 0.000 50.690 59.658 55.609 56.543 59.459 62.398 61.338 62.273 65.201 64.126 61.046 62.960 57.861 43.741 47.591 46.399 51.178 68.925 75.634 72.218 65.791 60.450 62.132 68.723 73.691 72.208 78.516 78.191 72.157 73.791 72.404 71.768 71.449 71.071 70.704 70.335 69.968 69.604 69.242 68.882 68.521 69.165 66.830 62.506 14.187 0.000 0.000 0.000 0.000 0.000 0.000 0.000 0.000 17.540 21.488
0.000 38.888 57.891 68.896 43.904 35.918 42.938 40.953 47.963 48.967 48.956 41.942 58.949 50.940 39.921 42.898 34.878 0.000 59.764 62.721 62.677 64.624 65.562 68.493 72.429 71.365 71.295 71.213 73.129 74.047 71.960 59.860 45.744 47.607 47.447 47.269 50.079 23.857 0.000 85.598 127.414 105.104 71.163 72.786 79.485 79.054 72.572 75.325 72.762 72.343 72.008 71.634 71.267 70.898 70.530 70.167 69.812 69.463 69.115 70.759 65.398 54.090 8.798 0.000 0.000 0.000 0.000 0.000 0.000 0.000 0.000 15.643 28.593 17.543
0.000 0.000 14.891 49.894 31.899 0.000 37.957 42.975 42.992 49.005 37.980 0.000 43.001 40.987 42.964 43.936 53.905 67.868 64.806 66.755 72.704 82.650 126.589 123.521 123.459 123.399 123.331 124.225 108.132 40.055 42.971 40.876 48.768 47.647 44.513 42.371 24.267 0.000 0.000 0.000 52.378 69.530 74.235 80.140 79.843 72.139 73.863 73.184 72.903 72.556 72.195 71.832 71.463 71.091 70.720 70.359 70.014 70.684 69.356 61.001 49.577 7.333 0.000 0.000 0.000 0.000 0.000 0.000 0.000 0.000 6.736 27.692 19.646 7.598
12.872 1.882 64.888 42.891 0.000 0.000 0.000 37.000 50.025 42.083 0.000 0.000 51.066 42.043 53.012 65.976 65.937 70.892 73.840 66.788 52.736 43.682 39.624 37.545 40.488 41.441 28.404 0.000 45.119 42.069 40.995 44.906 48.805 45.700 37.587 44.437 25.352 0.000 0.000 47.825 64.833 74.621 80.575 80.385 72.690 74.401 73.719 73.447 73.100 72.752 72.396 72.032 71.662 71.284 70.900 70.535 71.201 66.901 55.624 12.313 0.000 0.000 0.000 0.000 0.000 0.000 0.000 0.000 0.000 0.000 24.780 23.745 9.701 6.654
82.883 70.887 0.000 0.000 0.000 0.000 0.000 0.000 0.000 46.219 44.251 52.226 49.155 49.108 49.065 66.021 79.975 68.926 48.873 46.820 41.769 43.720 34.680 0.000 46.509 43.474 32.440 0.000 46.157 41.106 42.034 48.946 46.848 44.760 26.698 0.000 0.000 44.447 42.324 59.122 75.057 80.807 73.574 74.162 74.846 74.263 73.990 73.648 73.309 72.960 72.603 72.239 71.870 71.484 72.062 71.680 61.354 46.096 8.928 0.000 0.000 0.000 0.000 0.000 0.000 0.000 0.000 0.069 0.000 13.926 25.860 13.807 5.758 19.709
68.908 58.898 0.000 0.000 59.705 52.698 46.687 0.000 0.000 64.323 61.308 48.272 49.220 49.169 50.119 71.069 123.016 115.962 62.907 117.852 38.799 42.748 42.698 44.642 42.564 42.505 42.444 44.359 40.245 40.166 49.089 47.998 44.881 39.796 28.747 0.000 0.000 46.569 53.442 75.472 74.384 81.159 74.621 75.227 74.795 74.525 74.198 73.869 73.527 73.176 72.816 72.451 72.094 73.719 69.183 50.768 37.441 39.200 5.064 0.000 0.000 0.000 0.000 0.000 0.000 0.000 0.000 9.121 14.075 27.993 21.925 11.868 20.814 20.764
55.964 0.089 0.000 0.000 42.713 51.702 48.676 66.624 60.551 65.443 73.385 64.335 49.283 49.229 49.175 48.118 42.060 37.000 41.941 38.883 42.828 42.775 42.721 42.665 42.601 42.538 42.470 41.390 46.298 48.223 49.158 33.078 0.000 32.795 0.000 0.000 0.000 50.789 72.733 76.766 82.195 81.718 74.713 75.382 75.040 74.744 74.429 74.098 73.754 73.401 73.034 72.655 71.336 33.118 0.000 0.000 0.000 0.000 0.000 0.000 0.000 0.000 5.442 0.437 0.000 0.000 2.224 11.168 27.111 21.045 11.982 21.924 17.869 8.817
44.059 49.181 0.000 47.733 43.732 42.721 60.692 53.645 69.585 78.514 58.455 44.402 42.348 45.291 48.232 49.170 49.105 42.038 40.973 41.912 41.856 42.802 42.749 42.695 47.637 44.577 41.510 42.433 45.334 49.271 38.242 0.000 0.000 0.000 0.000 6.502 126.386 70.104 77.142 75.141 82.611 74.516 77.049 78.547 75.288 74.988 74.672 74.340 73.991 74.641 71.265 58.799 49.477 7.297 0.000 0.000 0.000 0.000 0.000 0.000 0.000 7.444 7.443 7.436 8.409 8.358 9.281 23.217 23.156 7.094 10.034 11.976 8.921 6.868
29.122 23.304 47.610 43.733 42.764 53.756 57.726 68.682 75.629 41.574 40.521 41.469 43.415 42.357 39.293 47.225 48.151 49.074 48.002 41.938 40.881 39.828 40.778 46.728 105.676 73.622 53.561 36.497 0.000 51.285 59.299 0.000 0.000 0.000 0.000 50.619 61.527 78.421 76.474 83.326 82.984 75.606 76.146 76.825 75.545 75.248 74.934 74.598 75.231 73.906 26.585 0.000 0.000 0.000 0.000 0.000 0.000 0.000 0.000 0.000 0.000 14.446 10.449 7.457 8.432 6.385 18.324 25.263 9.203 10.142 18.084 16.026 9.971 6.918
0.000 0.000 40.792 43.826 45.835 66.815 77.774 91.726 73.678 2.631 59.586 59.538 43.486 43.427 42.360 40.285 43.200 49.107 47.023 47.956 49.901 47.853 45.807 41.763 36.718 41.673 36.617 0.000 0.000 0.000 45.369 37.386 0.000 0.000 0.000 60.828 77.717 77.810 75.846 83.636 75.316 77.826 79.343 76.097 75.818 75.526 75.216 74.887 72.428 27.167 0.000 0.000 0.000 0.000 0.000 0.000 0.000 0.000 0.000 0.000 13.872 0.000 0.000 15.513 5.477 16.426 28.368 16.309 11.249 16.190 20.132 13.075 8.020 5.967
0.000 0.000 38.941 44.945 60.933 71.897 119.830 113.770 115.724 121.687 117.652 118.613 43.565 43.507 42.436 42.355 41.259 36.131 46.027 47.963 48.916 46.875 48.836 48.798 49.762 42.735 0.000 0.000 0.000 0.000 46.422 31.404 0.000 0.000 52.306 74.113 78.061 77.061 84.198 83.925 76.372 76.926 77.625 76.372 76.107 75.823 76.518 51.307 0.000 0.000 0.000 0.000 0.000 0.000 0.000 0.000 0.000 26.010 14.979 4.932 8.872 8.802 9.716 9.606 12.536 25.475 22.414 17.355 18.295 16.236 14.179 10.122 7.067 9.014
0.000 0.000 40.087 57.079 65.058 71.008 41.879 40.801 39.763 36.742 37.724 37.696 43.655 43.598 59.524 59.440 35.349 0.000 32.990 45.954 47.923 45.896 47.865 47.831 48.796 44.772 0.000 0.000 0.000 44.566 29.494 0.000 0.000 53.626 62.491 79.353 78.263 77.454 84.451 76.035 78.569 81.113 76.898 76.658 76.415 75.141 62.725 21.516 0.000 0.000 0.000 0.000 0.000 12.175 7.162 7.135 7.096 11.042 22.995 25.944 11.885 6.817 8.741 10.659 25.587 24.523 10.461 19.400 20.341 19.282 12.225 8.168 7.113 17.060
