results4_8e4_rain/res_4e8f-0217.wd
ncols         241
nrows         181
xllcorner     12693529.787448
yllcorner     3542525.717860
cellsize      155.156523
NODATA_value  -9999.000000
[rows 99 to 131 of 181, columns 0 to 72 of 241]
0.000 0.000 0.000 0.000 0.000 61.331 101.331 103.331 94.331 89.331 0.000 0.000 0.000 0.000 0.000 3.328 2.328 69.328 66.328 0.000 0.000 2.328 5.328 64.328 63.328 4.328 0.000 0.000 0.000 11.325 0.000 0.000 0.000 0.000 17.182 63.178 59.168 58.151 59.127 60.101 73.072 62.040 66.006 57.968 59.927 57.882 58.835 63.784 64.732 62.677 66.621 59.564 59.506 61.447 64.383 78.314 79.255 64.207 50.164 0.000 0.000 0.000 0.000 0.000 28.224 83.218 80.208 67.190 42.166 37.142 81.118 58.095 60.072
0.000 0.000 0.000 0.000 0.000 62.331 102.331 102.331 0.000 0.000 0.000 0.000 0.000 0.000 0.000 2.328 14.328 80.328 69.328 7.328 4.328 4.328 67.328 66.328 70.328 1.328 0.000 0.000 0.000 69.325 61.325 0.000 0.000 0.269 76.225 86.219 72.210 65.196 59.177 61.155 80.128 65.098 71.065 71.027 61.986 76.942 68.894 69.843 59.789 67.733 67.676 65.618 59.560 60.502 64.438 61.344 23.281 13.244 0.000 0.000 0.000 0.000 0.000 31.241 68.235 80.230 87.222 77.210 53.194 54.177 68.159 59.140 60.120
7.332 0.332 0.000 0.000 0.000 49.331 98.331 107.331 17.331 0.000 0.000 0.000 0.000 0.000 0.000 1.328 3.328 87.328 68.328 69.328 71.328 68.328 65.328 66.328 64.328 2.328 0.000 0.000 0.000 62.325 62.325 63.323 62.314 62.299 61.273 71.263 80.256 27.246 91.231 81.212 86.188 71.160 16.128 87.091 85.050 84.005 87.956 76.904 59.849 62.791 67.732 67.672 64.614 60.563 49.523 0.000 0.000 0.000 0.000 0.000 0.000 0.000 0.000 41.247 68.247 68.244 79.240 78.233 61.224 61.213 60.200 60.186 60.170
75.332 78.332 10.332 0.000 0.000 59.331 98.331 103.331 113.331 18.331 0.000 0.000 0.000 0.000 9.328 9.328 7.328 24.328 72.328 69.328 87.328 101.328 76.328 61.328 0.328 0.000 0.000 0.000 0.000 0.000 61.327 62.329 62.321 62.312 62.304 61.306 61.305 60.299 61.289 66.274 78.253 72.227 15.195 87.158 88.117 66.071 73.022 89.968 83.910 70.850 60.788 66.725 67.662 70.612 55.567 0.000 0.000 0.000 0.000 0.000 0.000 0.000 0.000 3.253 19.260 65.261 62.261 62.259 60.256 60.251 60.243 60.234 60.221
89.333 72.332 72.332 74.332 76.332 95.332 103.332 103.331 103.331 105.331 79.330 18.330 1.330 67.329 74.329 75.328 37.328 32.328 95.328 103.328 98.328 94.328 77.328 1.328 0.000 0.000 0.000 0.000 0.000 0.000 0.000 62.346 61.330 60.322 61.325 62.350 62.358 62.358 62.353 63.342 82.324 77.298 60.267 62.230 73.188 84.142 61.091 73.036 73.976 66.910 86.845 69.777 61.698 2.655 0.000 0.000 0.000 0.000 0.000 0.000 0.000 0.000 0.000 0.000 11.278 65.280 60.283 60.286 60.289 60.290 60.289 58.284 56.276
104.333 94.333 75.332 79.332 97.332 103.332 103.332 103.331 103.331 98.331 70.330 76.330 4.330 58.329 93.329 101.328 101.328 85.328 100.328 107.328 17.328 0.000 0.000 0.000 0.000 0.000 0.000 0.000 0.000 0.000 0.000 62.378 0.000 0.000 0.000 63.412 62.418 62.423 62.423 63.416 79.401 84.376 61.344 62.306 62.264 80.217 81.166 59.110 67.045 85.970 77.904 55.841 0.000 0.000 0.000 0.000 0.000 0.000 0.000 0.000 0.000 0.000 0.000 0.000 8.294 65.297 60.304 60.314 60.325 59.333 58.337 63.338 64.335
104.333 104.333 99.333 102.332 103.332 103.332 103.332 103.331 103.331 99.331 74.330 91.330 0.000 0.000 71.328 95.328 103.328 104.328 103.328 108.328 11.328 0.000 0.000 0.000 0.000 0.000 0.000 0.000 0.000 0.000 0.000 62.411 1.435 1.455 64.469 62.468 62.479 62.491 62.500 62.500 79.487 84.462 61.428 62.388 62.343 63.296 84.246 78.192 85.127 75.019 55.962 0.000 0.000 0.000 0.000 0.000 0.000 0.000 0.000 0.000 0.000 0.000 0.000 0.000 63.306 60.312 60.322 60.340 60.363 59.379 61.390 65.396 66.399
102.333 103.333 103.333 103.333 103.332 103.332 103.332 103.332 103.331 104.331 99.330 106.330 30.329 9.329 59.329 78.328 101.328 103.328 104.327 92.327 6.328 0.000 0.000 0.000 0.000 0.000 0.000 0.000 0.000 0.000 0.000 56.426 61.440 61.459 60.481 62.514 62.537 62.563 62.587 62.595 79.584 84.557 61.518 62.473 62.425 62.377 67.330 90.285 70.250 0.000 0.000 0.000 0.000 0.000 0.000 0.000 0.000 0.000 0.000 0.000 0.000 0.000 0.000 0.000 16.314 67.321 63.333 64.361 62.409 58.431 65.446 66.458 64.468
99.333 104.333 103.333 103.333 103.333 103.332 103.332 103.332 103.331 103.331 104.330 97.330 81.329 72.329 66.328 93.328 103.328 103.327 108.327 11.327 0.000 0.000 0.000 0.000 0.000 0.000 0.000 0.000 0.000 0.000 0.000 0.000 0.000 0.000 0.000 62.569 62.593 62.637 62.691 62.710 78.698 85.664 62.615 62.562 62.508 62.457 62.411 68.370 21.337 0.000 0.000 0.000 0.000 0.000 0.000 0.000 0.000 0.000 0.000 0.000 0.000 0.000 0.000 0.000 0.000 4.325 2.329 0.000 8.480 67.490 65.504 66.522 63.541
99.333 104.333 103.333 103.333 103.333 103.333 103.332 103.332 103.331 103.331 104.331 89.330 68.329 67.329 76.328 100.328 103.327 103.327 109.327 14.327 5.327 0.000 0.000 0.000 0.000 0.000 0.000 0.000 0.000 0.000 0.000 0.000 0.000 0.000 0.000 58.600 62.631 59.699 62.829 62.857 81.834 85.784 62.718 62.650 62.587 62.533 62.488 59.446 9.392 0.000 0.000 0.000 0.000 0.000 0.000 0.000 0.000 0.000 0.000 0.000 0.000 59.624 0.000 0.000 0.000 0.000 0.000 1.566 63.542 64.545 66.559 66.583 63.616
102.334 103.334 103.334 103.333 103.333 103.333 103.333 103.332 103.332 103.331 103.331 100.330 77.329 78.329 95.328 102.328 103.327 103.327 110.326 27.326 0.000 0.000 0.000 0.000 0.000 0.000 0.000 0.000 0.000 0.000 0.000 0.000 0.000 0.000 0.000 0.000 58.631 0.000 62.071 63.052 91.000 77.919 62.823 62.732 62.658 75.601 65.560 60.535 0.000 0.000 0.000 0.000 0.000 0.000 0.000 0.000 0.000 0.000 0.000 0.000 11.624 70.624 55.624 0.000 0.000 0.000 1.601 64.590 67.582 66.588 63.606 59.636 59.683
103.334 103.334 103.334 103.334 103.334 103.333 103.333 103.332 103.332 103.331 103.331 103.330 105.329 105.329 104.328 103.327 103.327 105.326 94.326 37.326 0.000 0.000 0.000 0.000 0.000 0.000 0.000 0.000 0.000 0.000 0.000 0.000 0.000 0.000 0.000 0.000 0.000 0.000 62.331 63.281 97.193 66.069 62.922 62.798 74.712 83.653 62.616 62.600 61.616 0.000 0.000 0.000 0.000 0.000 0.000 0.000 0.000 0.000 0.000 0.000 0.000 66.624 67.624 54.623 1.621 60.618 62.612 66.608 65.608 63.618 62.639 58.674 66.731
102.334 101.334 103.334 103.334 103.334 103.334 103.333 103.333 103.332 103.332 103.331 103.330 103.329 103.329 103.328 103.327 104.326 87.326 15.325 6.325 64.324 78.324 24.324 0.000 0.000 5.324 0.000 0.000 0.000 0.000 0.000 0.000 0.000 0.000 0.000 4.342 4.311 1.158 58.642 69.549 92.423 63.241 59.997 62.828 62.738 62.683 62.649 62.633 62.632 59.632 0.000 0.000 0.000 0.000 0.000 0.000 0.000 0.000 0.000 0.000 0.624 61.624 57.624 63.624 58.623 66.622 66.620 65.621 61.626 64.637 59.657 58.691 58.747
92.335 92.335 101.335 103.335 103.335 103.334 103.334 103.333 103.333 103.332 103.331 104.330 105.329 103.328 103.327 103.327 103.326 25.325 9.324 64.324 74.324 84.324 83.324 76.324 68.324 9.324 0.000 0.000 0.000 0.000 0.000 0.000 0.000 0.000 4.391 63.372 66.324 66.207 62.982 61.848 70.711 58.476 0.000 58.779 62.729 62.691 62.666 62.652 61.647 0.000 0.000 0.000 0.000 0.000 0.000 0.000 63.625 74.625 0.000 0.000 62.625 60.625 60.625 57.625 65.625 66.625 66.626 63.630 66.636 66.647 64.663 59.684 48.705
74.335 79.335 98.335 104.335 103.335 103.335 103.334 103.334 103.333 103.332 105.331 91.331 87.329 102.328 107.327 104.326 99.325 81.324 84.324 90.323 84.324 85.324 64.324 57.324 3.324 0.324 0.000 0.000 0.000 0.000 0.000 0.360 1.360 0.000 54.411 60.431 63.404 63.336 63.232 63.151 65.095 0.000 0.000 0.000 57.708 62.688 62.672 62.661 62.656 0.656 0.000 0.000 0.000 0.000 0.000 23.625 80.625 62.625 60.625 60.625 60.625 60.625 58.625 63.625 66.626 66.628 62.630 66.635 66.643 65.652 59.663 60.676 50.685
58.336 73.336 92.336 105.336 106.336 106.336 104.335 103.334 104.334 103.333 104.332 42.331 13.330 61.328 79.327 100.325 107.324 105.323 105.322 91.322 14.323 0.000 0.000 0.000 0.000 0.000 0.000 0.000 0.000 9.360 11.360 1.360 1.360 1.360 0.000 59.535 63.527 61.499 62.459 64.430 65.422 0.000 0.000 0.000 0.000 55.680 62.671 62.665 59.661 0.000 0.000 0.000 0.000 0.000 0.000 0.000 22.625 76.625 59.625 59.625 60.625 59.625 59.625 65.626 66.627 64.629 52.633 5.638 70.647 64.655 64.663 64.670 50.675
22.336 44.336 77.337 83.337 77.337 79.336 96.336 104.335 100.334 93.333 92.332 27.332 0.000 0.000 0.000 37.324 72.323 98.321 105.320 2.321 0.000 0.000 0.000 0.000 0.000 0.000 0.000 0.000 0.000 51.360 72.360 17.360 2.360 1.360 0.000 59.648 65.670 64.676 73.675 74.688 64.742 9.898 0.000 0.000 0.000 0.000 59.669 60.667 0.000 0.000 0.000 0.000 0.000 0.000 0.000 0.000 0.000 81.625 84.625 64.625 58.625 56.625 66.626 66.626 61.626 0.000 0.000 0.000 11.652 69.658 66.663 66.667 56.670
0.000 0.000 58.339 67.339 19.338 5.338 68.337 97.336 88.335 84.334 98.333 65.332 25.331 0.000 0.000 0.000 0.000 43.318 74.315 0.000 0.000 0.000 0.000 0.000 0.000 0.000 0.000 0.000 0.000 0.000 56.360 74.360 5.360 0.000 0.000 50.739 64.830 62.859 92.876 85.904 63.959 66.054 12.158 0.000 0.000 0.000 54.669 0.000 0.000 0.000 0.000 0.000 0.000 0.000 0.000 0.000 0.000 0.000 69.625 86.625 71.625 65.625 66.626 61.626 0.000 0.000 0.000 0.000 0.000 61.661 66.663 66.666 61.668
0.000 0.000 54.340 99.340 56.339 5.339 57.338 89.337 91.336 102.335 104.333 107.332 113.330 52.328 21.326 0.000 0.000 0.000 14.308 9.303 0.291 2.280 0.000 0.000 0.000 0.000 0.000 0.000 0.000 0.000 57.360 72.360 2.360 9.360 13.360 0.000 58.051 66.054 96.066 78.092 66.138 65.202 70.261 0.000 0.000 0.000 0.000 0.000 0.000 0.000 0.000 0.000 0.000 0.000 0.000 0.000 0.000 0.000 0.000 7.625 74.625 64.625 62.625 0.000 0.000 0.000 0.000 0.662 60.662 59.662 61.663 55.664 0.000
27.345 42.344 76.343 94.342 102.341 71.340 84.339 107.338 104.337 103.335 103.334 103.332 103.330 109.327 112.324 68.320 27.315 9.310 72.305 86.299 79.289 81.279 37.269 13.260 10.253 0.000 0.000 0.000 0.000 0.000 36.360 58.360 64.360 64.360 67.360 26.360 59.268 88.241 90.242 67.262 65.299 65.353 68.424 13.541 8.592 0.000 0.000 0.000 0.000 0.000 0.000 0.000 0.000 0.000 0.000 0.000 0.000 0.000 0.000 0.000 0.625 0.625 8.625 0.000 0.000 0.000 0.000 62.662 57.662 55.662 0.000 0.000 0.000
100.346 103.345 103.344 101.343 99.342 100.342 102.340 102.339 103.338 104.336 104.334 103.332 96.330 100.327 103.324 107.320 111.315 112.310 104.304 100.297 97.289 92.279 94.268 87.257 43.247 21.235 0.000 0.000 0.000 0.000 0.000 0.000 0.000 0.000 0.000 83.453 72.420 101.401 92.399 79.414 66.443 65.487 65.542 69.606 65.643 0.000 0.000 0.000 0.000 0.000 0.000 0.000 0.000 0.000 0.000 0.000 0.000 0.000 0.000 0.000 0.000 0.000 0.000 0.000 0.000 0.000 0.000 0.000 0.000 0.000 0.000 0.000 0.000
103.347 98.346 96.346 95.345 89.344 86.343 87.342 87.341 93.339 98.337 98.335 91.333 75.331 90.328 103.324 103.320 103.316 103.311 103.305 103.298 104.290 104.280 107.267 108.254 108.240 108.224 47.206 0.000 0.000 0.000 0.000 0.000 0.000 0.000 0.000 55.577 81.559 86.543 70.540 87.550 75.574 65.608 65.652 68.698 11.732 0.000 1.005 1.013 0.000 0.000 0.000 0.000 0.000 0.000 0.000 0.000 0.000 0.000 0.000 0.000 0.000 0.000 0.000 0.000 0.000 0.000 0.000 0.000 0.000 0.000 0.000 0.000 0.000
73.348 46.348 68.348 82.347 80.346 60.345 45.344 41.342 61.340 78.339 77.337 70.334 65.332 75.328 96.325 104.321 103.317 103.312 103.307 103.300 103.292 107.282 82.267 70.253 69.236 73.216 76.187 15.139 4.091 0.733 0.563 0.000 0.000 0.000 0.000 53.720 89.695 72.673 64.666 74.674 85.693 69.722 65.758 65.801 71.854 15.946 9.997 2.021 1.036 7.036 5.036 0.000 0.000 0.000 0.000 0.000 0.000 0.000 0.000 0.000 0.000 0.000 0.000 0.000 0.000 0.000 0.000 0.000 0.000 0.000 0.000 0.000 0.000
63.350 34.350 56.349 71.349 67.348 44.347 30.345 34.344 54.342 68.340 66.338 66.336 67.333 65.330 84.326 101.323 103.319 103.314 103.309 103.304 102.297 65.290 0.000 0.000 0.000 0.000 0.000 0.000 0.000 60.172 80.154 32.126 18.099 14.065 61.003 77.888 94.829 71.788 65.779 63.785 80.802 82.827 68.859 65.895 65.938 68.987 78.022 16.041 11.052 0.000 20.036 0.000 0.000 0.000 0.000 0.000 0.000 0.000 0.000 0.000 0.000 0.000 0.000 0.000 0.000 0.000 0.000 0.000 0.000 0.000 0.000 0.000 0.000
76.352 72.352 67.352 66.351 67.350 69.349 70.347 73.346 72.344 68.342 67.340 67.337 67.334 66.331 73.328 95.325 104.321 103.317 105.313 77.309 43.303 0.000 0.000 0.000 0.000 0.000 0.000 0.000 0.000 25.159 47.147 50.126 54.106 68.092 65.057 85.999 82.946 56.870 63.876 65.887 67.904 80.927 72.953 67.983 66.014 65.043 82.062 73.069 67.069 0.000 0.000 0.000 0.000 0.000 0.000 0.000 0.000 0.000 0.000 0.000 0.000 0.000 0.000 0.000 0.000 0.000 0.000 0.000 0.000 0.000 0.000 0.000 0.000
66.355 67.354 67.354 67.353 67.352 67.351 67.350 67.348 67.346 67.344 67.342 67.339 67.336 67.333 65.330 86.327 103.323 105.320 101.317 27.314 0.000 0.000 0.000 0.000 0.000 0.000 0.000 0.000 0.000 0.000 0.000 0.000 0.000 52.143 69.131 95.106 69.084 0.000 51.969 66.982 65.000 69.022 70.045 79.070 68.092 66.110 65.115 61.103 2.086 0.000 0.000 0.000 0.000 0.000 0.000 0.000 0.000 0.000 0.000 0.000 0.000 0.000 0.000 0.000 0.000 0.000 0.000 0.000 0.000 0.000 0.000 0.000 25.651
67.357 67.357 67.357 67.356 67.355 67.354 67.352 66.351 66.349 67.346 67.344 67.341 67.339 67.335 66.332 74.329 89.326 100.322 88.320 14.318 0.000 0.000 0.000 0.000 0.000 0.000 0.000 0.000 0.000 0.000 0.000 0.000 0.000 29.204 78.220 103.211 13.200 0.000 50.048 68.071 66.094 65.116 73.137 84.157 72.176 66.188 70.185 3.144 0.000 0.000 0.000 0.000 0.000 0.000 0.000 0.000 0.000 0.000 0.000 0.000 0.000 0.000 0.000 0.000 0.000 0.000 0.000 0.000 0.000 0.000 0.000 0.000 82.730
67.360 67.360 67.359 67.359 67.358 67.356 67.355 71.353 72.351 68.349 67.347 67.344 67.341 67.338 67.334 66.331 69.328 78.324 78.322 19.320 0.000 0.000 0.000 0.000 0.000 0.000 20.995 0.000 0.000 0.000 0.000 0.000 0.000 1.354 82.335 97.317 20.306 0.000 34.104 65.160 66.189 66.209 65.229 70.248 72.266 68.281 70.291 0.000 0.000 0.000 0.000 0.000 0.000 0.000 0.000 0.000 0.000 0.000 0.000 0.000 0.000 0.000 0.000 0.000 0.000 0.000 0.000 0.000 0.000 0.000 0.000 66.953 75.862
67.363 67.363 67.362 67.362 67.361 67.359 66.358 78.356 83.354 70.352 67.349 67.347 67.343 67.340 67.337 67.333 67.329 66.326 69.323 50.320 0.000 0.000 0.000 0.000 0.000 62.995 83.995 45.993 36.984 35.973 0.000 0.000 0.000 63.519 105.457 79.417 79.400 6.419 0.000 51.278 68.290 66.305 66.321 64.339 80.358 84.380 78.408 1.500 0.000 0.000 0.000 0.000 0.000 0.000 0.000 0.000 0.000 0.000 0.000 0.000 0.000 0.000 0.000 0.000 0.000 0.000 0.000 0.000 0.000 0.000 41.116 92.044 77.970
67.367 67.366 67.366 67.365 67.364 67.363 66.361 79.359 85.357 69.355 67.352 67.349 67.346 67.343 67.339 67.335 67.331 67.327 67.323 73.318 44.314 0.000 0.000 0.000 2.996 25.996 40.996 62.999 70.987 74.962 48.914 24.849 59.762 97.637 95.555 75.493 57.458 15.439 0.000 51.384 68.390 67.399 70.412 65.428 74.447 97.474 94.512 39.578 3.636 19.662 0.000 0.000 0.000 0.000 0.000 0.000 0.000 45.166 75.166 79.166 0.000 0.000 88.166 149.166 0.000 0.000 0.000 0.000 0.000 0.000 78.188 134.137 117.076
64.370 65.370 66.369 66.369 67.368 67.366 65.365 80.363 83.361 66.358 67.356 67.353 67.349 67.346 67.342 67.338 67.333 67.328 67.323 67.317 73.310 53.300 4.293 0.000 0.000 0.000 0.000 39.018 70.003 65.975 68.931 72.873 84.799 101.712 85.635 53.543 3.500 0.000 0.000 50.484 67.485 70.490 83.499 69.513 79.531 80.555 99.587 103.629 86.666 36.689 0.000 0.000 0.000 0.000 0.000 0.000 0.000 0.000 36.166 64.166 78.166 110.166 148.166 71.166 0.000 0.000 0.000 0.000 0.000 64.401 74.311 75.242 78.177
85.374 80.374 75.373 73.372 69.371 65.370 65.368 80.367 83.364 65.362 67.359 67.356 67.353 67.349 67.345 67.340 66.335 65.330 66.323 66.316 66.308 72.297 49.286 26.271 1.256 0.000 0.000 38.053 76.033 70.002 64.962 77.911 100.849 94.777 62.729 0.000 0.000 0.000 0.000 48.582 66.577 71.577 78.582 73.593 78.608 77.628 90.653 84.683 77.712 50.738 5.770 0.000 0.000 0.000 0.000 0.000 0.000 0.000 0.000 32.166 110.166 113.166 116.166 1.166 11.167 0.166 0.000 7.566 41.566 69.491 138.413 102.350 134.237
105.378 104.378 100.377 95.377 91.375 86.374 81.373 77.371 72.368 66.366 67.363 67.360 67.356 67.353 66.348 68.343 74.338 79.332 78.325 76.317 70.308 65.296 69.282 75.265 39.241 20.206 24.165 58.108 81.073 72.040 68.004 90.961 102.907 58.820 3.774 0.000 0.000 11.759 18.739 52.685 65.665 70.659 86.661 76.668 69.680 62.696 68.715 86.738 83.760 89.783 8.802 0.000 0.000 0.000 0.000 0.000 0.000 0.000 0.000 0.000 0.000 0.000 0.000 0.000 8.167 0.000 0.000 0.000 76.642 67.581 77.515 100.411 76.587
