results4_8e4_rain/res_4e8f-0055.wd
ncols         241
nrows         181
xllcorner     12693529.787448
yllcorner     3542525.717860
cellsize      155.156523
NODATA_value  -9999.000000
[rows 99 to 131 of 181, columns 0 to 73 of 241]
0.000 0.000 0.000 0.000 0.000 53.167 93.166 95.164 86.160 81.158 0.000 0.000 0.000 0.000 0.000 0.000 0.000 61.149 58.149 0.000 0.000 0.000 0.000 56.111 55.110 0.000 0.000 0.000 0.000 2.624 0.000 0.000 0.000 0.000 8.482 54.478 50.468 49.450 50.426 51.398 64.368 53.336 57.300 49.260 51.217 49.170 50.121 55.069 56.014 53.958 57.899 50.840 50.779 52.716 55.651 69.581 70.522 55.474 41.431 0.000 0.000 0.000 0.000 0.000 19.143 74.142 71.138 58.125 33.113 28.099 72.087 49.075 51.066 51.060
0.000 0.000 0.000 0.000 0.000 54.171 94.171 94.171 0.000 0.000 0.000 0.000 0.000 0.000 0.000 0.000 6.149 72.150 61.150 0.000 0.000 0.000 59.124 58.119 62.117 0.000 0.000 0.000 0.000 60.624 52.624 0.000 0.000 0.000 67.527 77.522 63.513 56.499 50.480 52.457 71.430 56.399 62.363 62.324 53.281 68.235 60.184 61.131 51.075 59.017 58.957 56.896 50.834 51.771 55.705 52.611 14.548 4.511 0.000 0.000 0.000 0.000 0.000 22.126 59.129 71.128 78.123 68.115 44.105 45.095 59.085 50.076 51.068 51.063
0.000 0.000 0.000 0.000 0.000 41.176 90.177 99.177 9.180 0.000 0.000 0.000 0.000 0.000 0.000 0.000 0.000 79.151 60.150 61.147 63.143 60.137 57.130 58.125 56.120 0.000 0.000 0.000 0.000 53.624 53.625 54.624 53.617 53.604 52.578 62.569 71.563 18.553 82.539 72.520 77.495 62.466 7.432 78.393 76.350 75.302 79.251 68.197 51.139 54.079 59.017 58.954 55.890 51.829 40.787 0.000 0.000 0.000 0.000 0.000 0.000 0.000 0.000 32.123 59.120 59.118 70.113 69.106 52.099 52.090 51.082 51.075 51.069 51.064
67.195 70.195 2.195 0.000 0.000 51.182 90.181 95.182 105.183 10.185 0.000 0.000 0.000 0.000 1.167 1.167 0.000 16.154 64.152 61.149 79.145 93.140 68.134 53.129 0.000 0.000 0.000 0.000 0.000 0.000 52.627 53.630 53.624 53.616 53.611 52.616 52.617 51.612 52.603 57.587 69.566 63.538 6.505 78.466 79.422 57.374 64.322 81.265 75.205 62.142 52.078 58.013 58.945 61.867 46.826 0.000 0.000 0.000 0.000 0.000 0.000 0.000 0.000 0.000 10.112 56.109 53.105 53.099 51.093 51.086 51.079 51.073 51.068 50.064
81.196 64.195 64.195 66.194 68.191 87.188 95.186 95.186 95.186 97.187 71.189 10.189 0.000 59.169 66.168 67.167 29.164 24.160 87.156 95.153 90.149 86.142 69.138 0.000 0.000 0.000 0.000 0.000 0.000 0.000 0.000 53.644 52.632 51.627 52.635 53.666 53.676 53.677 53.673 54.662 73.643 68.617 51.583 53.544 64.500 75.451 52.397 64.338 65.274 58.207 78.141 61.076 53.010 0.000 0.000 0.000 0.000 0.000 0.000 0.000 0.000 0.000 0.000 0.000 2.107 56.102 51.098 51.093 51.087 51.081 51.076 49.071 47.066 49.063
96.197 86.197 67.196 71.195 89.193 95.191 95.190 95.189 95.189 90.190 62.190 68.190 0.000 50.169 85.170 93.169 93.167 77.164 92.161 99.158 9.155 0.000 0.000 0.000 0.000 0.000 0.000 0.000 0.000 0.000 0.000 53.672 0.000 0.000 0.000 54.737 53.743 53.749 53.750 54.744 70.728 75.702 52.668 53.628 53.582 71.532 72.477 50.417 58.348 77.270 69.203 47.139 0.000 0.000 0.000 0.000 0.000 0.000 0.000 0.000 0.000 0.000 0.000 0.000 0.000 56.094 51.092 51.088 51.083 50.077 49.072 54.067 55.064 56.061
96.199 96.198 91.198 94.197 95.196 95.195 95.194 95.193 95.192 91.192 66.192 83.192 0.000 0.000 63.174 87.173 95.171 96.168 95.165 100.163 3.159 0.000 0.000 0.000 0.000 0.000 0.000 0.000 0.000 0.000 0.000 53.700 0.000 0.000 55.808 53.802 53.811 53.825 53.836 53.836 70.823 75.797 52.760 53.717 53.669 54.618 75.563 69.503 76.432 66.321 47.262 0.000 0.000 0.000 0.000 0.000 0.000 0.000 0.000 0.000 0.000 0.000 0.000 0.000 54.089 51.089 51.088 51.084 51.078 50.072 52.067 56.064 57.061 57.059
94.201 95.201 95.200 95.200 95.199 95.198 95.197 95.196 95.196 96.195 91.194 98.193 22.192 1.187 51.180 70.177 93.175 95.173 96.171 84.169 0.000 0.000 0.000 0.000 0.000 0.000 0.000 0.000 0.000 0.000 0.000 47.728 52.757 52.786 51.815 53.851 53.876 53.904 53.932 53.941 70.930 75.901 52.860 53.811 53.759 53.707 58.654 81.602 61.555 0.000 0.000 0.000 0.000 0.000 0.000 0.000 0.000 0.000 0.000 0.000 0.000 0.000 0.000 0.000 7.088 58.088 54.085 55.081 53.075 49.067 56.062 57.059 55.057 55.056
91.204 96.204 95.204 95.203 95.202 95.202 95.201 95.200 95.199 95.198 96.197 89.195 73.193 64.190 58.185 85.182 95.180 95.178 100.176 3.175 0.000 0.000 0.000 0.000 0.000 0.000 0.000 0.000 0.000 0.000 0.000 0.000 0.000 0.000 0.000 53.911 53.938 53.985 54.046 54.068 70.056 77.019 53.967 53.909 53.851 53.796 53.746 59.696 12.632 0.000 0.000 0.000 0.000 0.000 0.000 0.000 0.000 0.000 0.000 0.000 0.000 0.000 0.000 0.000 0.000 0.000 0.000 0.000 0.000 58.057 56.056 57.054 54.053 49.053
91.208 96.207 95.207 95.207 95.206 95.206 95.205 95.204 95.203 95.202 96.200 81.198 60.196 59.193 68.190 92.187 95.184 95.182 101.181 6.179 0.000 0.000 0.000 0.000 0.000 0.000 0.000 0.000 0.000 0.000 0.000 0.000 0.000 0.000 0.000 49.945 53.979 51.054 54.198 54.229 73.206 77.152 54.080 54.007 53.939 53.882 53.836 50.804 0.730 0.000 0.000 0.000 0.000 0.000 0.000 0.000 0.000 0.000 0.000 0.000 0.000 50.014 0.000 0.000 0.000 0.000 0.000 0.000 54.044 55.048 57.049 57.050 54.050 50.050
94.211 95.211 95.211 95.211 95.211 95.210 95.210 95.209 95.208 95.206 95.204 92.202 69.200 70.197 87.194 94.191 95.189 95.187 102.185 19.183 0.000 0.000 0.000 0.000 0.000 0.000 0.000 0.000 0.000 0.000 0.000 0.000 0.000 0.000 0.000 0.000 49.978 0.000 53.463 54.445 82.389 69.301 54.197 54.098 54.018 66.957 56.915 51.892 0.000 0.000 0.000 0.000 0.000 0.000 0.000 0.000 0.000 0.000 0.000 0.000 2.014 61.014 46.014 0.000 0.000 0.000 0.000 55.036 58.039 57.043 54.044 50.045 50.046 48.047
95.216 95.216 95.216 95.216 95.216 95.215 95.215 95.214 95.213 95.211 95.209 95.207 97.204 97.201 96.198 95.196 95.194 97.192 86.189 29.186 0.000 0.000 0.000 0.000 0.000 0.000 0.000 0.000 0.000 0.000 0.000 0.000 0.000 0.000 0.000 0.000 0.000 0.000 53.747 54.698 88.604 57.468 54.307 54.171 66.077 75.013 53.974 53.958 52.974 0.000 0.000 0.000 0.000 0.000 0.000 0.000 0.000 0.000 0.000 0.000 0.000 57.014 58.015 45.016 0.000 51.026 53.028 57.033 56.036 54.039 53.040 49.042 57.043 60.044
94.220 93.221 95.221 95.221 95.221 95.221 95.221 95.220 95.219 95.217 95.215 95.212 95.209 95.206 95.203 95.200 96.199 79.197 7.195 0.000 56.203 70.203 16.202 0.000 0.000 0.000 0.000 0.000 0.000 0.000 0.000 0.000 0.000 0.000 0.000 0.000 0.000 0.000 50.081 60.996 83.862 54.661 51.391 54.204 54.105 54.045 54.009 53.992 53.990 50.990 0.000 0.000 0.000 0.000 0.000 0.000 0.000 0.000 0.000 0.000 0.000 52.015 48.015 54.017 49.020 57.024 57.027 56.030 52.033 55.036 50.037 49.039 49.040 42.042
84.225 84.226 93.226 95.227 95.227 95.227 95.227 95.226 95.225 95.224 95.221 96.218 97.214 95.210 95.207 95.205 95.204 17.203 1.203 56.205 66.204 76.203 75.202 68.202 60.201 1.200 0.000 0.000 0.000 0.000 0.000 0.000 0.000 0.000 0.000 54.992 57.930 57.784 54.499 53.343 62.187 49.924 0.000 50.150 54.095 54.054 54.027 54.011 53.005 0.000 0.000 0.000 0.000 0.000 0.000 0.000 54.009 65.009 0.000 0.000 53.013 51.014 51.015 48.017 56.019 57.022 57.025 54.029 57.031 57.033 55.035 50.036 39.037 0.000
66.230 71.231 90.232 96.233 95.234 95.234 95.234 95.234 95.233 95.232 97.229 83.225 79.219 94.214 99.211 96.209 91.208 73.209 76.209 82.207 76.206 77.204 56.203 49.202 0.000 0.000 0.000 0.000 0.000 0.000 0.000 0.000 0.000 0.000 46.055 52.055 55.013 54.923 54.790 54.690 56.621 0.000 0.000 0.000 49.072 54.050 54.032 54.021 54.015 0.000 0.000 0.000 0.000 0.000 0.000 14.009 71.009 53.009 51.010 51.011 51.012 51.013 49.015 54.016 57.019 57.021 53.024 57.028 57.030 56.032 50.033 51.034 41.034 0.000
50.234 65.236 84.239 97.241 98.241 98.241 96.242 95.242 96.242 95.241 96.239 34.235 5.223 53.217 71.213 92.212 99.213 97.215 97.215 83.210 6.208 0.000 0.000 0.000 0.000 0.000 0.000 0.000 0.000 1.056 3.057 0.000 0.000 0.000 0.000 51.160 55.145 53.105 54.048 56.005 56.985 0.000 0.000 0.000 0.000 47.040 54.031 54.024 51.020 0.000 0.000 0.000 0.000 0.000 0.000 0.000 13.009 67.010 50.010 50.011 51.012 50.013 50.014 56.016 57.017 55.020 43.022 0.000 61.031 55.031 55.032 55.032 41.033 0.000
14.237 36.240 69.247 75.249 69.249 71.247 88.250 96.252 92.252 85.252 84.252 19.251 0.000 0.000 0.000 29.214 64.216 90.222 97.227 0.000 0.000 0.000 0.000 0.000 0.000 0.000 0.000 0.000 0.000 43.057 64.057 9.057 0.000 0.000 0.000 51.281 57.303 56.303 65.294 66.297 56.330 1.602 0.000 0.000 0.000 0.000 51.029 52.026 0.000 0.000 0.000 0.000 0.000 0.000 0.000 0.000 0.000 72.010 75.010 55.011 49.012 47.012 57.013 57.015 52.016 0.000 0.000 0.000 2.031 60.031 57.031 57.031 47.032 0.000
0.000 0.000 50.260 59.261 11.261 0.000 60.262 89.262 80.263 76.263 90.265 57.268 17.277 0.000 0.000 0.000 0.000 35.232 66.243 0.000 0.000 0.000 0.000 0.000 0.000 0.000 0.000 0.000 0.000 0.000 48.058 66.058 0.000 0.000 0.000 42.381 56.481 54.511 84.528 77.559 55.630 57.791 3.893 0.000 0.000 0.000 46.028 0.000 0.000 0.000 0.000 0.000 0.000 0.000 0.000 0.000 0.000 0.000 60.010 77.011 62.011 56.012 57.013 52.014 0.000 0.000 0.000 0.000 0.000 52.030 57.030 57.031 52.031 0.000
0.000 0.000 46.274 91.273 48.273 0.000 49.273 81.273 83.273 94.274 96.276 99.280 105.286 44.294 13.297 0.000 0.000 0.000 6.270 1.282 0.000 0.000 0.000 0.000 0.000 0.000 0.000 0.000 0.000 0.000 49.059 64.059 0.000 1.068 5.070 0.000 49.729 57.734 87.748 69.781 57.841 56.929 61.996 0.000 0.000 0.000 0.000 0.000 0.000 0.000 0.000 0.000 0.000 0.000 0.000 0.000 0.000 0.000 0.000 0.000 65.012 55.012 53.012 0.000 0.000 0.000 0.000 0.000 51.029 50.030 52.030 46.030 0.000 0.000
19.299 34.296 68.288 86.285 94.285 63.288 76.285 99.284 96.284 95.285 95.287 95.289 95.293 101.298 104.301 60.304 19.304 1.300 64.290 78.294 71.298 73.300 29.300 5.300 2.300 0.000 0.000 0.000 0.000 0.000 28.060 50.061 56.064 56.067 59.070 18.075 50.974 79.946 81.949 58.975 57.023 57.089 60.166 5.275 0.384 0.000 0.000 0.000 0.000 0.000 0.000 0.000 0.000 0.000 0.000 0.000 0.000 0.000 0.000 0.000 0.000 0.000 0.000 0.000 0.000 0.000 0.000 53.029 48.029 46.029 0.000 0.000 0.000 0.000
92.303 95.301 95.297 93.296 91.295 92.295 94.294 94.293 95.294 96.295 96.296 95.298 88.301 92.304 95.306 99.307 103.307 104.305 96.301 92.301 89.302 84.302 86.301 79.300 35.300 13.299 0.000 0.000 0.000 0.000 0.000 0.000 0.000 0.000 0.000 75.181 64.146 93.127 84.129 71.149 58.186 57.239 57.304 61.380 57.454 0.000 0.000 0.000 0.000 0.000 0.000 0.000 0.000 0.000 0.000 0.000 0.000 0.000 0.000 0.000 0.000 0.000 0.000 0.000 0.000 0.000 0.000 0.000 0.000 0.000 0.000 0.000 0.000 0.000
95.308 90.307 88.306 87.305 81.304 78.304 79.303 79.303 85.303 90.304 90.305 83.307 67.309 82.311 95.312 95.313 95.312 95.311 95.309 95.307 96.306 96.304 99.302 100.301 100.300 100.299 39.299 0.000 0.000 0.000 0.000 0.000 0.000 0.000 0.000 47.321 73.303 78.289 62.289 79.305 67.335 57.378 57.430 60.486 3.534 0.000 0.000 0.000 0.000 0.000 0.000 0.000 0.000 0.000 0.000 0.000 0.000 0.000 0.000 0.000 0.000 0.000 0.000 0.000 0.000 0.000 0.000 0.000 0.000 0.000 0.000 0.000 0.000 0.000
65.316 38.315 60.314 74.313 72.313 52.313 37.312 33.312 53.313 70.313 69.314 62.316 57.317 67.318 88.319 96.319 95.319 95.318 95.316 95.313 95.311 99.307 74.304 62.301 61.300 65.299 68.299 7.298 0.000 0.000 0.000 0.000 0.000 0.000 0.000 45.480 81.456 64.436 56.434 66.447 77.472 61.508 57.552 57.602 63.661 7.754 1.801 0.000 0.000 0.000 0.000 0.000 0.000 0.000 0.000 0.000 0.000 0.000 0.000 0.000 0.000 0.000 0.000 0.000 0.000 0.000 0.000 0.000 0.000 0.000 0.000 0.000 0.000 0.000
55.324 26.323 48.323 63.322 59.322 36.322 22.322 26.322 46.322 60.323 58.324 58.324 59.325 57.326 76.327 93.327 95.326 95.325 95.323 95.321 94.316 57.312 0.000 0.000 0.000 0.000 0.000 0.000 0.000 51.836 71.836 23.836 9.833 5.821 52.774 69.663 86.606 63.567 57.564 55.576 72.599 74.630 60.667 57.709 57.756 60.808 69.845 7.874 2.881 0.000 0.000 0.000 0.000 0.000 0.000 0.000 0.000 0.000 0.000 0.000 0.000 0.000 0.000 0.000 0.000 0.000 0.000 0.000 0.000 0.000 0.000 0.000 0.000 0.000
68.332 64.332 59.332 58.332 59.331 61.331 62.331 65.331 64.332 60.332 59.333 59.334 59.334 58.335 65.335 87.336 96.335 95.334 97.333 69.330 35.323 0.000 0.000 0.000 0.000 0.000 0.000 0.000 0.000 16.836 38.837 41.838 45.843 59.857 56.838 77.790 74.740 48.662 55.678 57.696 59.718 72.746 64.778 59.811 57.845 56.876 73.894 64.896 58.888 0.000 0.000 0.000 0.000 0.000 0.000 0.000 0.000 0.000 0.000 0.000 0.000 0.000 0.000 0.000 0.000 0.000 0.000 0.000 0.000 0.000 0.000 0.000 0.000 14.079
58.341 59.341 59.341 59.341 59.341 59.341 59.341 59.341 59.342 59.342 59.343 59.343 59.344 59.344 57.345 78.345 95.345 97.344 93.343 19.342 0.000 0.000 0.000 0.000 0.000 0.000 0.000 0.000 0.000 0.000 0.000 0.000 0.000 43.926 60.933 86.920 60.902 0.000 43.792 58.810 56.833 60.859 61.886 70.913 59.938 57.957 56.960 52.928 0.000 0.000 0.000 0.000 0.000 0.000 0.000 0.000 0.000 0.000 0.000 0.000 0.000 0.000 0.000 0.000 0.000 0.000 0.000 0.000 0.000 0.000 0.000 0.000 19.251 84.175
59.351 59.351 59.351 59.351 59.351 59.351 59.351 58.351 58.352 59.352 59.353 59.353 59.354 59.354 58.355 66.355 81.355 92.355 80.355 6.355 0.000 0.000 0.000 0.000 0.000 0.000 0.000 0.000 0.000 0.000 0.000 0.000 0.000 20.987 70.049 95.054 5.046 0.000 41.889 59.918 57.946 56.971 64.995 76.018 64.038 58.054 62.061 0.000 0.000 0.000 0.000 0.000 0.000 0.000 0.000 0.000 0.000 0.000 0.000 0.000 0.000 0.000 0.000 0.000 0.000 0.000 0.000 0.000 0.000 0.000 0.000 0.000 76.328 90.273
59.361 59.361 59.361 59.361 59.361 59.361 59.361 63.361 64.362 60.362 59.363 59.363 59.364 59.364 59.365 58.365 61.366 70.366 70.367 11.367 0.000 0.000 0.000 0.000 0.000 0.000 13.126 0.000 0.000 0.000 0.000 0.000 0.000 0.000 74.222 89.201 12.183 0.000 25.958 57.027 58.061 58.085 57.106 62.126 64.144 60.159 62.169 0.000 0.000 0.000 0.000 0.000 0.000 0.000 0.000 0.000 0.000 0.000 0.000 0.000 0.000 0.000 0.000 0.000 0.000 0.000 0.000 0.000 0.000 0.000 0.000 60.553 69.459 69.386
59.371 59.371 59.371 59.371 59.371 59.371 58.372 70.372 75.372 62.373 59.373 59.374 59.374 59.375 59.376 59.376 59.377 58.378 61.379 42.380 0.000 0.000 0.000 0.000 0.000 55.126 76.126 38.124 29.114 28.101 0.000 0.000 0.000 55.546 97.416 71.345 71.303 0.000 0.000 43.172 60.186 58.202 58.218 56.235 72.252 76.271 70.287 0.000 0.000 0.000 0.000 0.000 0.000 0.000 0.000 0.000 0.000 0.000 0.000 0.000 0.000 0.000 0.000 0.000 0.000 0.000 0.000 0.000 0.000 0.000 34.721 85.646 71.569 84.502
59.381 59.381 59.381 59.381 59.382 59.382 58.382 71.383 77.383 61.384 59.384 59.385 59.385 59.386 59.387 59.387 59.388 59.389 59.391 65.394 36.401 0.000 0.000 0.000 0.000 18.127 33.128 55.132 63.118 67.088 41.029 16.948 51.836 89.676 87.553 67.460 49.381 7.381 0.000 43.304 60.309 59.318 62.329 57.343 66.361 89.384 86.421 31.494 0.000 11.651 0.000 0.000 0.000 0.000 0.000 0.000 0.000 0.000 0.000 0.000 0.000 0.000 0.000 0.000 0.000 0.000 0.000 0.000 0.000 0.000 71.796 127.742 110.677 132.586
56.392 57.392 58.392 58.392 59.392 59.393 57.393 72.394 75.394 58.395 59.395 59.396 59.397 59.397 59.398 59.399 59.400 59.401 59.402 59.405 65.408 45.412 0.000 0.000 0.000 0.000 0.000 31.157 62.139 58.105 61.052 64.979 76.884 93.769 77.660 45.560 0.000 0.000 0.000 42.430 59.430 62.432 75.439 61.449 71.464 72.486 91.518 95.567 78.626 28.652 0.000 0.000 0.000 0.000 0.000 0.000 0.000 0.000 0.000 0.000 0.000 0.000 0.000 0.000 0.000 0.000 0.000 0.000 0.000 58.020 67.925 68.852 71.783 90.758
77.403 72.403 67.403 65.403 61.404 57.404 57.404 72.405 75.405 57.406 59.407 59.407 59.408 59.409 59.410 59.410 58.411 57.412 58.413 58.414 58.415 64.416 41.415 18.411 0.000 0.000 0.000 30.199 68.177 62.142 57.094 70.032 92.953 86.857 54.759 0.000 0.000 0.000 0.000 40.557 58.548 63.543 70.544 65.550 70.561 69.577 82.600 76.630 69.661 42.678 0.000 0.000 0.000 0.000 0.000 0.000 0.000 0.000 0.000 0.000 0.000 0.000 0.000 0.000 4.886 0.000 0.000 1.193 35.194 63.114 132.032 95.964 127.847 111.519
97.414 96.414 92.414 87.415 83.415 78.415 73.416 69.416 64.417 58.418 59.418 59.419 59.420 59.421 58.422 60.422 66.423 71.424 70.424 68.424 62.424 57.422 61.417 67.408 31.390 12.363 16.324 50.265 73.227 64.191 60.150 83.102 95.040 50.949 0.000 0.000 0.000 3.791 10.765 44.692 57.663 62.649 78.645 68.646 61.652 54.662 60.675 78.692 75.709 81.721 0.754 0.000 0.000 0.000 0.000 0.000 0.000 0.000 0.000 0.000 0.000 0.000 0.000 0.000 1.886 0.000 0.000 0.000 70.274 61.210 71.139 94.031 70.202 109.657
