results4_8e4_rain/res_4e8f-0166.wd
ncols         241
nrows         181
xllcorner     12693529.787448
yllcorner     3542525.717860
cellsize      155.156523
NODATA_value  -9999.000000
[rows 132 to 164 of 181, columns 0 to 72 of 241]
95.980 100.980 104.980 104.979 106.978 106.977 100.975 91.973 77.971 66.969 65.966 66.963 65.959 64.955 69.950 83.945 94.939 99.933 99.925 96.916 88.905 79.893 70.877 64.858 69.833 71.803 70.768 71.729 69.696 64.666 78.636 101.607 68.583 0.000 0.000 0.000 8.352 60.345 72.340 69.320 71.305 77.297 95.297 81.303 65.311 64.323 64.337 76.354 97.371 38.391 11.414 6.448 0.000 0.000 0.000 0.000 0.000 0.000 0.000 0.000 0.000 0.000 2.715 0.715 27.715 7.651 11.588 52.497 75.361 79.265 79.160 89.248 116.716
73.985 75.985 78.984 84.983 94.982 100.981 105.979 105.977 98.975 84.973 73.970 67.967 71.963 78.959 91.954 106.949 105.943 102.936 102.928 105.919 105.908 101.896 89.881 77.863 69.841 64.816 65.788 64.759 65.732 73.707 95.685 103.666 15.654 0.000 0.000 0.000 18.358 46.365 64.390 73.387 74.375 71.363 72.367 82.372 77.379 70.386 74.395 82.406 95.419 36.434 22.453 28.482 8.512 0.000 0.000 0.000 0.000 0.000 0.000 0.000 0.000 0.000 0.000 0.000 9.804 0.000 59.617 81.542 77.427 86.403 77.470 116.836 105.597
65.989 65.989 65.989 67.988 72.987 76.985 83.984 92.982 100.980 103.977 97.974 95.971 97.967 100.963 99.959 92.953 83.947 81.940 81.933 86.924 92.913 99.901 102.887 101.871 90.852 80.831 75.809 73.786 82.765 98.746 99.730 85.718 18.713 0.000 0.000 0.000 0.000 0.000 47.470 74.461 53.446 41.414 56.434 71.441 86.445 90.448 92.452 93.456 89.464 16.473 3.482 31.514 28.543 16.572 22.587 16.593 0.000 0.000 0.000 0.000 0.000 0.000 44.039 13.987 79.893 101.833 134.691 90.668 85.724 66.685 102.752 107.277 107.186
66.994 66.994 66.993 66.993 65.992 64.990 66.989 71.987 77.985 87.982 97.979 99.976 92.972 82.968 76.964 68.958 64.953 64.946 64.938 66.930 71.920 77.909 84.896 96.882 101.866 103.848 102.830 98.812 101.796 94.781 76.770 68.764 47.768 5.789 0.000 0.000 0.000 0.000 40.558 73.543 16.532 0.000 49.514 74.513 93.511 101.509 87.507 90.505 76.507 34.512 0.530 58.552 27.571 19.588 30.595 30.599 1.606 0.000 0.000 0.000 0.000 31.145 50.091 123.031 151.954 134.838 118.396 117.344 109.018 107.662 107.542 107.414 72.636
66.999 66.999 66.998 66.998 66.997 66.996 66.994 65.992 65.990 68.988 74.985 73.981 69.978 65.974 65.969 65.964 66.959 66.952 66.945 66.937 65.928 64.918 66.906 72.894 79.880 88.866 96.851 92.837 81.824 69.813 65.805 70.802 78.803 54.811 32.818 32.809 18.784 19.739 55.661 76.620 26.608 8.623 68.595 100.585 102.578 81.571 84.561 83.548 71.547 60.555 11.561 39.572 13.603 1.617 14.605 1.606 3.612 1.610 0.000 0.000 0.000 12.201 75.147 81.067 77.055 78.217 76.193 107.985 107.883 107.776 74.978 77.758 79.631
67.005 67.004 67.004 67.003 67.002 67.001 67.000 66.998 66.996 66.993 65.990 65.987 65.984 66.980 66.975 66.971 66.965 66.959 66.953 66.945 66.937 66.928 66.918 65.907 64.896 65.884 69.872 67.861 66.851 70.843 73.837 72.833 70.833 72.834 72.834 69.824 69.805 73.773 48.726 34.668 23.657 41.665 86.660 100.653 80.645 73.635 72.619 52.581 48.576 11.601 0.000 0.000 1.695 3.700 0.000 0.000 7.625 22.608 37.566 7.505 21.426 84.281 91.270 89.343 87.331 88.413 108.174 108.081 89.218 96.011 88.868 94.642 86.486
67.010 67.010 67.009 67.009 67.008 67.007 67.005 67.004 67.002 66.999 66.997 66.993 66.990 66.986 66.982 66.978 66.973 66.967 66.961 65.955 72.947 74.939 66.930 65.921 64.912 65.902 67.892 70.884 73.876 72.869 67.865 68.862 75.861 78.860 74.857 68.850 65.838 74.821 5.803 0.000 8.689 81.720 90.725 77.722 69.715 89.706 35.698 0.000 0.000 1.757 2.786 2.787 2.762 3.753 0.000 0.000 32.655 74.630 103.588 64.528 97.415 105.576 102.540 101.632 108.434 108.351 108.264 101.299 103.179 102.879 101.743 100.677 18.596
67.016 67.016 67.015 67.015 67.014 67.013 67.011 67.010 67.008 67.006 70.003 70.000 67.997 71.993 69.989 66.985 66.981 66.976 65.971 63.965 74.958 82.951 68.943 65.936 67.928 70.920 72.912 71.905 68.899 70.895 75.891 77.889 78.888 78.887 73.886 67.882 76.876 95.869 14.863 0.000 0.000 55.801 78.800 75.795 79.786 99.775 33.770 0.000 2.823 2.805 2.815 2.813 2.791 4.798 0.000 30.757 82.713 98.667 101.602 106.605 103.774 100.767 108.660 108.588 108.513 100.604 101.391 102.267 101.950 101.924 94.858 71.768 0.000
67.022 67.022 67.021 67.021 67.020 67.019 67.018 67.016 67.015 68.013 75.010 75.007 52.004 20.000 40.996 70.993 64.989 67.985 73.980 76.975 76.969 72.963 68.957 69.950 72.943 71.937 70.931 72.926 76.922 76.918 78.916 77.915 68.915 63.916 65.916 78.916 97.915 107.915 29.917 0.000 0.000 30.883 86.879 88.872 95.859 94.840 30.835 0.000 2.842 0.853 1.859 2.860 0.000 8.849 34.846 78.810 100.739 103.763 102.858 102.865 101.961 108.795 108.729 100.804 101.606 102.471 102.260 102.118 102.077 94.013 85.972 0.000 0.000
67.028 67.028 67.027 67.027 67.026 67.026 67.025 67.023 67.022 69.020 78.018 89.015 65.011 2.008 8.001 56.001 81.998 73.995 71.991 71.986 69.981 68.976 70.970 72.965 70.959 66.954 68.949 80.946 82.943 72.941 66.940 63.941 63.942 68.944 82.947 98.950 95.954 79.960 51.973 20.001 14.002 57.970 86.960 68.954 59.939 51.892 16.895 0.981 0.910 21.903 12.900 2.908 0.000 27.903 78.886 100.814 103.020 102.020 102.134 108.984 108.923 108.861 100.862 102.750 102.464 102.341 102.288 102.218 96.144 83.083 73.047 0.000 0.000
67.034 67.034 67.034 67.033 67.033 67.032 67.032 67.031 67.029 69.028 79.026 66.023 22.017 4.018 0.000 24.011 78.009 70.005 72.002 70.997 68.993 71.988 72.984 69.979 66.974 62.970 72.967 86.964 73.963 63.962 64.963 69.965 79.968 90.972 101.977 94.983 72.990 68.000 87.013 94.029 95.036 99.034 74.037 35.044 7.053 0.000 1.151 1.161 0.000 34.917 21.931 1.976 33.000 78.951 100.984 103.184 102.209 109.149 109.097 109.042 101.125 101.926 102.818 102.519 102.506 102.448 102.375 103.287 91.209 62.126 51.087 9.087 3.087
66.041 66.041 67.040 67.040 67.040 67.039 67.039 67.038 67.037 70.036 80.035 51.034 0.000 10.030 48.030 50.024 67.020 69.016 57.013 39.009 77.005 72.001 67.997 66.993 64.989 66.986 82.983 85.982 67.982 70.983 82.985 91.989 100.994 98.999 87.006 73.014 66.024 82.036 86.050 74.065 55.079 53.092 41.109 21.134 10.174 4.257 2.291 22.312 17.328 0.000 0.000 27.056 79.108 102.228 103.260 101.379 109.248 109.199 101.285 102.098 102.979 102.787 102.667 102.645 102.594 102.545 105.477 69.347 49.278 0.000 0.000 0.000 0.000
75.048 73.048 70.047 68.046 65.046 65.046 65.046 65.046 64.045 69.044 81.044 64.043 45.045 53.040 71.038 67.034 64.030 70.027 65.024 52.021 72.018 66.014 65.011 65.007 67.004 81.001 88.999 54.998 46.999 97.002 102.006 97.012 86.018 76.025 68.034 64.044 75.055 87.069 55.085 30.104 13.124 4.146 21.174 20.209 10.253 11.306 14.343 42.360 26.344 0.000 0.000 59.346 101.387 100.519 109.385 109.341 109.296 101.319 103.215 102.942 102.836 102.807 104.766 99.717 101.688 102.662 113.640 0.000 0.000 0.000 0.000 0.000 0.000
76.056 78.055 84.053 85.052 85.053 82.054 83.054 82.054 81.053 81.053 83.052 66.052 70.051 69.049 66.046 69.044 69.041 68.038 73.035 75.033 69.030 63.027 65.024 67.021 81.018 86.016 75.013 69.013 78.015 101.019 84.026 75.033 67.041 65.050 67.060 66.071 80.085 89.101 53.119 29.140 17.165 19.195 22.231 14.274 15.322 21.372 23.414 16.441 0.000 0.000 37.592 79.608 109.504 109.467 109.427 101.550 102.358 103.258 102.968 102.966 103.926 103.882 76.839 54.778 89.778 103.773 108.783 48.840 0.000 0.000 0.000 0.000 0.000
69.064 63.063 16.057 18.057 27.060 74.061 71.062 71.062 71.062 75.061 84.061 65.060 66.059 65.057 68.056 72.053 73.051 71.049 70.047 73.045 74.043 71.040 65.038 82.035 88.032 79.029 85.026 102.025 99.027 81.034 69.045 65.054 67.064 67.074 66.085 71.097 87.112 89.129 81.149 84.173 55.202 17.238 9.282 8.334 20.389 27.446 17.501 14.550 6.577 32.733 80.765 109.574 109.540 101.689 102.501 103.389 103.203 103.091 103.077 104.031 101.992 95.953 20.933 0.000 71.873 106.870 103.877 102.897 0.000 0.000 0.000 0.000 0.000
67.074 59.074 0.000 0.069 9.070 70.070 66.070 66.070 66.070 70.070 84.069 62.068 66.068 70.066 72.065 73.063 70.062 67.060 65.058 67.057 77.055 90.053 85.052 86.050 63.047 57.043 109.037 95.034 62.036 22.045 42.065 70.076 67.086 67.096 69.108 62.121 46.137 36.155 48.176 88.201 64.232 17.273 12.326 7.390 16.455 21.523 15.594 20.656 20.738 58.866 109.624 100.877 104.617 103.524 103.338 103.230 103.208 103.173 104.133 104.098 69.060 45.006 31.006 34.014 84.972 105.957 101.959 92.974 11.008 0.000 0.000 0.000 0.000
67.085 67.086 50.091 0.080 10.079 71.079 67.079 67.079 66.079 67.078 82.078 69.077 72.076 74.076 73.074 68.073 65.072 66.071 66.070 65.069 75.068 98.067 94.066 81.065 74.063 65.058 41.045 30.039 17.037 0.000 23.094 72.099 67.107 69.117 52.129 26.143 11.159 8.178 50.199 67.223 36.253 8.295 11.357 16.446 23.518 19.597 13.694 6.782 10.079 58.095 109.688 103.765 103.528 103.351 103.337 103.303 103.264 103.228 101.194 92.165 25.142 0.000 42.072 101.063 106.042 104.029 98.026 88.032 6.042 0.000 0.000 0.000 0.000
64.093 66.094 63.096 0.000 6.088 71.088 66.088 64.088 66.087 70.087 74.087 73.086 73.085 71.085 65.084 66.083 66.083 67.082 67.081 72.081 90.080 89.080 82.080 91.081 89.081 60.082 0.000 0.000 0.000 0.000 21.117 72.120 67.127 70.136 41.148 3.162 37.179 63.197 83.219 52.241 4.260 0.354 0.431 5.519 15.573 15.656 15.769 10.023 6.714 109.870 109.781 102.670 103.519 103.421 103.388 103.352 103.316 105.283 90.251 73.224 33.203 9.194 57.148 87.123 96.104 105.091 94.085 83.085 5.087 0.000 0.000 0.000 0.000
71.101 69.102 58.102 0.000 57.098 65.097 67.097 71.096 72.096 73.096 71.095 72.095 70.095 66.094 66.094 67.093 67.093 66.093 68.092 91.092 90.093 72.093 85.094 83.096 87.100 85.107 48.124 4.134 13.140 43.141 48.136 68.138 67.144 67.153 62.165 54.179 71.196 70.215 64.237 86.261 34.283 0.379 0.455 9.546 14.599 12.680 13.780 37.932 62.327 109.953 104.995 104.746 104.487 103.475 103.437 103.402 104.367 102.335 57.304 34.277 46.253 47.231 101.202 103.179 83.160 93.147 88.139 61.135 26.134 0.000 0.000 0.000 0.000
72.109 73.109 70.110 58.111 72.108 72.106 72.106 73.105 73.105 74.105 86.104 68.104 66.104 66.104 67.103 67.103 67.103 68.103 82.104 93.104 68.105 72.106 99.108 91.111 79.115 82.121 85.131 69.139 74.144 89.147 82.149 70.152 63.159 63.168 74.179 90.193 77.210 49.230 21.254 76.283 65.324 14.391 17.456 22.527 18.597 9.686 11.753 53.034 105.280 110.031 101.975 104.628 105.558 103.522 103.486 103.451 96.417 86.384 43.354 14.326 23.300 24.276 85.251 127.229 108.211 84.197 76.188 55.183 64.181 17.181 0.000 3.369 7.369
77.116 77.116 73.116 73.116 73.115 74.115 74.114 70.114 67.113 66.113 29.113 19.113 70.113 67.113 67.113 67.113 66.114 69.114 93.114 79.115 64.116 70.118 87.120 104.123 99.127 96.133 94.139 90.146 86.151 85.155 93.159 90.164 84.170 80.179 83.191 87.205 49.222 13.242 12.265 28.294 24.338 9.395 18.449 28.509 24.580 15.680 8.837 52.088 110.175 110.104 104.868 106.713 103.602 103.571 104.534 100.499 84.465 77.432 83.401 89.373 73.346 95.320 110.296 127.275 136.257 120.243 82.233 87.227 62.225 0.000 0.000 0.000 0.000
16.123 17.123 77.122 72.123 72.123 67.123 64.122 66.122 61.122 14.122 14.122 3.122 71.122 67.123 67.123 67.123 67.124 85.124 92.125 65.126 67.128 67.129 70.132 76.135 78.139 78.143 74.149 77.154 93.159 86.163 77.168 80.173 87.180 91.189 94.200 91.213 66.230 31.250 14.271 13.290 0.000 2.403 13.435 22.479 6.530 0.000 22.043 82.288 110.243 102.208 105.936 105.674 103.658 103.618 104.581 99.545 86.511 52.478 59.447 102.418 113.390 145.364 136.340 108.318 96.300 113.285 92.274 86.268 61.266 0.295 0.000 0.000 0.000
3.131 12.130 26.127 81.130 66.131 64.131 66.131 66.131 67.131 14.131 5.131 60.131 68.132 67.132 67.132 67.133 69.134 93.134 78.135 64.137 67.138 67.140 67.143 66.146 66.149 66.153 65.158 72.162 101.167 80.171 11.176 19.181 31.188 82.196 92.206 76.219 81.235 68.256 20.280 17.306 2.341 7.380 20.410 12.443 0.000 0.000 40.206 110.373 110.308 105.091 106.832 102.741 103.703 103.664 103.627 103.591 90.556 53.523 68.491 105.461 101.432 135.405 130.380 99.358 104.338 90.323 71.311 89.305 67.304 1.320 0.000 0.000 0.000
65.139 61.139 0.000 73.139 83.139 84.139 65.139 77.139 84.139 60.139 58.140 68.140 67.141 67.141 67.142 67.143 86.143 90.144 65.145 67.147 66.149 65.151 67.153 67.156 67.159 67.163 66.167 74.171 103.175 84.179 30.183 3.188 54.194 79.201 92.210 71.221 61.235 20.259 13.287 16.311 14.338 22.364 26.382 0.415 0.000 19.124 81.377 110.435 102.346 106.069 105.811 103.791 103.748 103.709 103.671 104.635 95.600 84.566 107.533 132.502 120.473 137.445 134.419 128.395 135.374 101.356 78.343 88.335 96.333 25.338 0.000 0.000 0.000
67.147 66.148 61.151 67.148 66.147 14.147 88.147 80.147 67.148 68.148 68.148 67.149 67.150 67.150 67.151 70.152 93.153 76.154 66.155 67.157 73.159 81.161 67.163 65.166 67.169 66.172 69.176 93.179 101.183 76.186 64.190 52.195 74.200 73.205 34.211 19.218 16.227 0.000 5.297 5.315 6.336 7.356 9.369 0.000 22.178 79.336 101.510 110.495 103.308 103.952 103.874 103.832 103.792 103.752 103.714 104.677 95.642 78.607 74.574 107.542 97.512 111.483 114.455 102.429 104.405 76.385 53.369 67.359 134.354 87.355 22.362 12.365 34.368
67.155 67.155 67.156 67.155 67.155 61.155 77.155 93.156 69.156 66.156 67.157 67.158 67.159 67.160 66.161 89.162 91.163 65.164 67.165 68.166 65.168 27.171 86.173 81.176 68.178 66.181 84.184 103.187 87.190 67.194 67.197 68.201 71.204 75.208 12.211 13.215 0.000 2.286 17.289 0.000 0.311 0.000 0.000 0.000 45.289 102.468 110.609 110.553 103.192 104.027 103.911 103.875 103.834 103.794 103.756 102.719 87.683 89.648 109.614 128.581 127.549 132.519 137.489 124.461 122.434 109.410 58.390 56.377 132.369 96.366 34.365 27.366 92.369
67.162 67.162 67.163 67.163 67.163 67.163 67.163 78.164 93.164 69.165 66.166 67.167 67.168 65.169 73.170 94.171 74.172 66.173 68.174 66.175 8.178 5.181 74.183 75.185 81.188 80.190 88.193 87.195 68.198 66.201 68.204 71.206 76.209 76.211 0.000 0.000 0.000 4.283 28.283 15.282 16.282 15.282 0.000 6.394 53.536 107.682 110.664 102.530 104.245 103.980 103.960 103.915 103.875 103.835 103.797 103.759 89.723 85.687 106.653 107.619 107.586 110.554 110.522 109.491 114.460 87.429 63.405 78.389 93.380 32.376 0.000 0.000 36.371
67.169 69.169 69.169 67.170 67.170 67.170 67.171 67.172 78.172 93.173 69.174 64.175 64.177 81.178 93.179 87.181 64.182 67.183 63.183 9.182 6.188 60.191 67.193 67.195 73.197 90.199 90.201 83.204 76.206 68.208 55.210 25.213 90.214 70.216 0.000 0.000 0.000 3.279 17.280 10.281 24.281 13.282 0.000 6.546 26.640 110.770 110.717 103.399 104.133 104.039 103.998 103.955 103.914 103.875 103.836 104.799 99.762 89.726 84.690 83.656 83.622 83.588 83.555 87.522 61.486 5.442 31.411 87.395 83.386 44.382 6.382 0.000 35.373
68.176 5.176 6.175 67.177 66.177 65.178 65.179 64.179 64.180 77.181 92.183 85.184 92.185 94.187 81.188 65.190 72.192 72.193 60.195 0.000 8.200 71.201 67.203 69.205 93.206 100.208 78.210 69.212 76.214 83.215 71.217 7.219 50.221 68.222 0.000 0.000 0.000 4.275 10.277 7.279 21.280 0.000 0.000 6.627 11.950 110.821 108.649 104.363 104.104 104.081 104.035 103.993 103.953 103.913 103.875 103.837 104.800 103.764 101.728 100.692 100.657 101.622 103.588 77.555 19.520 0.000 16.402 72.394 103.387 94.384 67.381 43.379 60.376
67.183 66.184 1.184 66.184 77.185 81.185 85.186 90.187 93.188 94.190 94.191 94.192 80.194 67.196 83.198 100.200 101.202 101.204 94.207 72.213 7.211 68.212 66.213 75.214 103.216 90.217 67.218 66.220 68.221 71.223 62.224 7.226 27.227 27.229 0.000 0.000 0.000 10.270 5.273 0.000 4.280 0.000 14.631 15.874 6.445 110.871 112.599 108.238 104.159 104.115 104.072 104.030 103.990 103.951 103.912 103.875 103.838 103.801 103.765 103.728 104.690 107.655 79.622 12.588 0.000 5.382 0.000 17.390 73.386 104.384 95.382 71.380 48.377
67.191 69.191 65.192 67.192 82.192 81.193 77.194 73.195 72.196 68.197 89.199 79.201 90.203 81.205 97.207 93.209 86.211 87.214 98.217 104.220 93.221 94.222 86.223 94.224 102.225 75.226 66.227 67.228 67.229 66.230 66.231 68.232 63.234 12.237 72.244 63.249 2.254 4.260 0.000 0.000 0.000 5.595 83.650 80.856 110.963 110.918 106.476 107.305 104.188 104.150 104.107 104.066 104.026 103.987 103.949 103.912 103.875 103.839 103.802 105.764 110.722 79.687 19.654 0.000 0.000 2.382 1.382 0.000 14.385 65.383 100.382 50.381 0.000
69.197 5.198 64.198 67.199 67.199 67.200 66.201 67.202 69.204 67.205 79.207 74.209 83.211 94.214 82.216 67.218 68.221 69.224 70.226 75.229 88.230 98.232 104.233 102.234 91.234 67.235 67.235 67.236 67.236 67.237 68.238 91.238 64.240 4.242 68.245 18.249 12.253 5.257 0.000 0.000 0.000 15.571 103.777 105.987 111.007 104.807 104.515 104.250 104.229 104.183 104.141 104.100 104.061 104.023 103.985 103.949 103.913 103.877 105.841 90.803 44.748 11.717 0.000 4.382 2.382 22.382 29.382 0.000 0.000 36.382 98.381 50.381 0.000
70.204 3.204 64.204 67.205 67.206 67.207 67.208 68.209 6.211 66.213 70.215 81.217 81.220 89.222 94.225 80.228 65.230 65.233 65.236 67.238 69.240 70.242 71.243 71.243 70.244 69.244 65.244 65.244 66.244 67.244 78.244 92.244 63.244 57.245 59.246 0.000 0.000 5.257 0.000 0.000 0.000 19.655 102.775 111.091 111.049 103.665 104.395 104.300 104.257 104.215 104.174 104.134 104.095 104.058 104.021 103.985 103.950 103.916 108.884 64.858 0.000 0.000 2.382 0.382 2.382 17.382 24.382 0.000 0.000 39.381 99.381 58.380 0.000
