results4_8e4_rain/res_4e8f-0224.wd
ncols         241
nrows         181
xllcorner     12693529.787448
yllcorner     3542525.717860
cellsize      155.156523
NODATA_value  -9999.000000
[rows 66 to 98 of 181, columns 73 to 145 of 241]
71.941 35.926 0.000 61.089 78.064 77.032 77.003 0.000 48.395 48.378 61.391 57.402 56.381 56.335 55.266 131.165 118.991 0.000 0.000 0.000 51.704 46.640 51.544 54.480 54.427 56.378 57.329 62.271 63.217 64.172 55.141 0.000 0.000 52.437 102.437 84.351 88.218 88.308 86.362 94.280 86.773 87.253 87.993 86.766 86.544 87.340 57.186 0.000 0.000 0.000 0.000 0.000 0.000 0.000 43.730 41.706 41.665 41.609 41.542 41.472 45.398 58.320 55.242 40.166 51.091 60.018 38.945 41.872 47.800 52.728 48.658 42.588 40.521
56.944 62.912 0.745 49.318 73.274 72.243 66.245 19.331 0.000 0.000 54.471 67.551 56.551 55.519 56.475 37.433 0.000 0.000 0.000 0.000 0.000 0.000 62.475 60.448 58.414 41.371 44.322 51.266 52.226 57.194 48.167 0.000 0.000 0.000 62.680 80.588 87.527 87.620 94.705 94.500 86.844 87.533 87.245 87.035 86.825 81.638 39.505 0.000 3.693 36.693 0.000 0.000 0.000 49.813 44.777 41.741 41.697 41.644 41.582 41.515 41.444 41.370 48.295 62.220 63.146 46.073 40.001 40.929 41.858 45.788 44.718 40.650 40.583
58.958 57.890 62.759 60.565 74.471 67.421 68.403 65.417 0.000 0.000 0.000 69.780 64.752 59.717 61.682 8.659 0.000 0.000 0.000 0.000 0.000 0.000 61.433 57.423 48.410 0.000 0.000 49.246 61.225 60.209 0.000 0.000 8.387 65.267 57.013 60.836 67.914 82.974 94.897 86.581 88.137 87.702 87.513 87.296 85.083 67.880 46.693 52.693 50.693 31.693 0.000 0.000 0.000 7.849 58.822 40.785 41.740 45.687 53.627 43.562 41.493 40.421 44.347 59.274 66.201 58.128 44.056 38.985 40.915 40.846 40.778 40.710 39.643
59.005 56.929 60.827 71.710 65.624 58.565 77.530 66.517 18.534 0.000 12.186 62.037 77.962 72.913 72.879 75.860 0.000 0.000 0.000 0.000 7.385 7.390 59.402 50.400 53.394 0.000 0.000 0.000 97.221 124.209 39.193 0.000 64.507 59.403 59.241 59.147 55.230 95.249 95.078 87.627 91.233 87.980 87.772 87.558 79.332 32.106 0.000 54.693 32.693 0.000 0.000 0.000 46.957 45.913 44.877 40.837 44.790 56.737 61.678 59.613 52.544 42.473 51.400 59.327 38.254 44.182 57.111 54.041 49.972 57.904 38.837 40.770 38.702
57.066 62.994 72.911 64.824 56.749 56.687 69.635 77.587 73.551 76.476 78.334 73.221 68.145 70.093 59.060 58.044 0.000 0.000 0.000 8.378 64.381 63.383 51.385 53.381 54.371 58.350 57.337 0.000 8.229 2.213 1.162 10.912 70.732 63.597 58.435 59.524 57.569 95.404 57.241 64.832 79.428 87.249 88.036 85.830 44.581 0.000 0.000 0.000 0.000 0.000 0.000 48.026 42.000 41.970 41.935 42.895 52.848 61.793 60.733 60.668 56.599 52.527 62.454 45.380 40.307 41.235 41.164 51.095 64.028 50.962 38.896 39.830 45.762
63.136 74.071 64.000 56.927 57.860 57.799 59.737 43.644 69.607 67.544 59.453 56.368 55.302 71.255 73.225 60.211 0.000 0.000 0.000 64.376 60.376 57.376 50.374 54.369 54.359 54.343 54.323 13.291 16.252 17.222 19.174 87.047 83.914 72.782 71.736 60.732 95.681 95.549 59.293 65.942 60.719 67.523 86.296 61.146 0.000 0.000 0.000 0.000 0.000 0.000 0.000 48.052 42.048 42.030 42.000 42.960 51.912 61.856 60.794 59.727 56.656 61.582 55.508 39.433 41.359 41.287 41.216 51.148 59.082 38.018 40.955 43.891 62.822
74.213 64.152 57.089 58.025 57.964 58.911 39.871 0.000 26.691 54.639 57.568 57.496 57.440 55.401 79.375 63.363 0.000 0.000 0.000 41.374 58.371 52.370 53.367 54.361 54.352 54.339 54.322 65.298 5.267 9.250 26.260 79.189 89.087 10.974 92.895 83.087 95.797 57.862 71.506 68.150 58.022 54.827 51.478 36.312 0.000 0.000 43.627 0.000 0.000 0.000 0.000 44.082 42.111 42.102 42.075 42.034 42.983 48.925 56.860 56.789 56.715 60.639 38.561 41.485 41.409 40.336 46.266 63.199 46.135 40.075 43.016 23.956 24.873
64.294 57.238 58.179 58.119 58.062 61.009 16.964 14.929 7.826 52.753 57.682 59.608 57.563 56.532 74.512 70.503 0.000 0.000 0.000 0.000 49.366 52.365 54.362 54.357 54.350 54.340 56.328 42.313 0.000 0.000 76.427 79.362 90.272 96.143 90.246 88.284 95.897 78.909 81.612 66.455 59.360 52.287 0.000 0.000 0.000 0.000 41.627 0.000 0.000 0.000 0.000 0.169 45.211 42.194 42.162 42.117 42.063 42.000 41.931 48.855 56.777 44.696 41.615 41.535 41.457 44.383 57.312 57.246 39.184 41.128 44.080 11.045 0.000
57.380 58.325 58.269 58.212 58.155 58.100 62.049 62.997 62.930 58.866 58.798 38.692 55.671 56.651 72.638 71.634 0.000 0.000 0.000 0.000 48.363 54.362 54.359 54.355 54.350 54.344 42.336 0.000 0.000 4.793 81.660 87.564 90.464 90.410 89.489 96.031 88.388 91.106 85.795 70.737 60.677 59.673 59.807 0.000 0.000 0.000 38.627 45.627 38.627 0.000 0.000 0.000 60.329 41.301 42.261 42.211 42.151 43.083 42.007 41.925 41.840 41.753 41.667 41.583 40.502 46.426 61.355 38.289 41.228 41.174 43.129 18.098 0.000
58.469 58.416 58.360 58.303 58.246 58.189 58.133 58.080 58.030 57.985 61.950 0.000 48.778 57.765 73.755 68.761 4.808 0.000 0.000 0.000 53.361 56.360 56.358 56.355 54.352 57.349 0.000 0.000 0.000 73.926 79.854 90.769 90.651 90.759 88.809 96.235 89.520 94.164 90.055 90.990 78.941 66.921 55.941 50.941 52.941 0.000 0.000 44.628 39.627 45.621 46.606 44.567 50.475 60.421 42.370 43.313 52.248 59.173 41.089 41.999 41.905 41.810 41.717 40.628 45.543 64.464 58.392 47.325 40.265 41.212 43.164 58.121 76.074
58.561 58.508 58.453 58.396 58.337 58.275 58.215 61.161 59.125 58.093 62.069 0.000 48.898 57.875 74.855 66.847 6.854 0.000 0.000 0.000 26.360 36.359 35.357 35.355 56.353 41.351 0.000 0.000 0.000 76.130 86.064 90.976 90.935 90.039 96.854 96.561 90.582 91.425 90.284 90.228 91.174 82.131 47.095 0.000 0.000 0.000 0.000 42.629 42.631 39.631 41.629 42.621 41.582 48.537 62.486 45.425 43.354 53.271 41.178 42.076 41.971 41.866 41.764 41.668 49.578 62.496 49.422 61.356 39.297 40.243 45.194 66.147 78.099
58.655 58.602 58.548 58.491 58.429 61.359 63.291 35.222 56.216 59.192 61.164 21.138 52.040 56.984 68.943 66.918 7.908 0.000 0.000 0.000 0.000 0.000 2.355 2.355 37.354 0.000 0.000 0.000 24.567 74.401 91.296 91.178 91.295 89.381 97.120 89.163 94.871 90.567 90.522 90.456 90.397 80.332 41.214 0.000 0.000 0.000 0.000 0.000 45.636 46.642 33.659 41.706 42.695 42.660 46.610 62.548 45.471 42.380 42.275 42.157 42.037 41.918 39.805 45.700 64.605 45.520 44.445 58.380 42.322 40.269 47.222 73.176 78.130
58.751 58.698 58.645 58.591 60.530 36.442 38.367 0.000 18.325 54.295 58.256 62.210 58.142 61.077 66.014 70.973 9.953 0.000 0.000 0.000 0.000 3.355 55.355 62.355 0.000 0.000 0.000 7.851 83.733 85.614 91.509 91.466 90.585 97.600 97.368 90.222 90.938 90.811 90.743 90.680 89.626 69.587 0.000 0.000 0.000 0.000 0.000 0.000 0.000 37.642 0.000 48.848 45.832 41.798 41.748 43.684 60.603 49.504 41.383 42.242 42.100 40.965 45.839 47.724 46.621 43.533 41.460 41.396 41.341 42.292 55.247 77.205 78.164
58.846 58.794 58.744 58.697 63.659 1.644 0.000 24.554 16.465 50.407 59.356 57.303 59.240 71.169 43.064 37.005 1.979 0.000 0.000 0.000 0.000 53.355 59.355 61.355 0.000 0.000 0.000 70.968 75.900 89.813 91.697 91.828 89.924 97.813 89.716 91.394 91.089 91.031 90.958 90.895 82.840 59.803 0.000 0.000 0.000 0.000 0.000 0.000 0.000 0.000 0.000 53.007 47.987 41.951 39.900 42.835 42.754 58.650 51.512 42.328 43.156 41.001 47.862 47.736 44.621 38.533 41.463 41.405 43.354 57.310 76.269 78.233 81.199
59.939 57.887 57.838 57.796 60.763 30.749 27.724 59.644 64.572 58.513 56.459 63.404 73.348 76.296 0.228 0.000 0.000 0.000 0.000 0.000 0.000 21.355 28.355 30.355 0.000 0.000 0.000 73.154 81.090 91.002 91.994 91.033 98.207 98.015 90.744 91.451 91.314 91.238 91.166 91.100 73.038 54.982 0.000 0.000 0.000 0.000 0.000 0.000 0.000 0.000 0.000 51.185 49.159 49.118 46.066 39.004 40.928 41.831 57.686 57.403 54.194 51.023 43.873 42.735 39.595 40.515 41.455 45.406 65.362 77.323 77.288 78.258 77.231
74.028 72.975 71.927 69.885 66.849 67.817 67.779 64.724 65.667 67.613 67.561 73.508 75.450 33.373 0.000 0.000 0.000 0.000 0.000 0.000 0.000 0.000 0.000 0.000 0.000 11.661 19.583 74.404 91.296 92.205 92.155 91.384 98.384 90.216 91.893 91.582 91.519 91.439 91.368 89.301 71.228 42.105 0.000 0.000 0.000 0.000 0.000 0.000 0.000 0.000 0.000 41.388 45.348 48.297 49.243 48.185 45.123 41.059 35.000 0.000 0.000 0.000 0.000 0.000 43.511 41.477 44.438 65.400 78.365 77.333 78.304 81.278 77.257
70.111 72.059 71.011 72.968 74.929 73.892 72.852 70.806 68.759 68.712 69.665 65.617 65.572 0.000 0.000 0.000 0.000 0.000 0.000 0.000 0.000 0.000 0.000 0.000 0.000 60.740 83.683 82.581 91.488 92.376 92.504 90.606 98.550 92.307 91.914 91.792 91.709 91.634 91.566 87.509 67.469 0.000 0.000 0.000 0.000 0.000 0.000 0.000 0.000 0.000 48.778 43.631 40.546 42.480 47.423 49.370 49.322 50.281 41.254 0.000 0.000 0.000 0.000 0.000 44.459 42.443 58.419 79.392 77.364 77.339 77.315 78.295 77.278
58.189 58.138 59.091 66.047 75.007 80.969 68.930 62.891 57.850 55.811 54.770 60.724 39.648 0.000 0.000 0.000 0.000 0.000 0.000 0.000 0.000 0.000 0.000 0.000 0.000 66.875 82.829 90.753 92.667 92.634 91.764 98.844 98.703 94.323 92.131 91.971 91.896 91.820 91.753 86.701 61.669 0.000 0.000 0.000 0.000 0.000 0.000 0.000 0.000 49.048 43.925 43.812 43.724 42.655 39.598 44.551 48.513 49.489 46.481 0.000 0.000 0.000 0.000 47.415 41.425 45.418 73.402 77.383 77.363 77.343 77.324 77.308 77.294
57.262 57.212 61.166 66.123 68.084 71.046 61.010 56.975 57.941 57.910 59.882 37.860 0.000 0.000 0.000 0.000 0.000 0.000 0.000 0.000 0.000 0.000 0.000 0.000 0.000 53.057 82.005 91.934 92.832 92.962 91.071 98.974 91.868 93.543 92.225 92.160 92.074 91.996 91.927 82.871 55.838 0.000 0.000 0.000 0.000 0.000 0.000 0.000 48.283 44.171 44.064 43.966 43.885 43.818 43.764 40.721 39.692 42.681 49.700 49.788 0.000 0.000 0.000 41.406 42.406 60.401 77.390 76.376 76.361 77.345 77.331 77.318 77.307
57.331 57.283 59.238 60.197 58.158 57.123 58.089 57.058 57.030 57.005 61.986 6.975 0.000 0.000 0.000 0.000 0.000 0.000 0.000 0.000 0.000 0.000 0.000 0.000 4.425 61.290 90.201 93.117 93.087 92.217 99.211 99.097 94.864 92.566 92.422 92.334 92.247 92.164 93.088 73.020 60.972 0.000 0.000 47.885 0.000 47.655 49.612 49.528 44.396 44.288 44.192 44.106 44.031 43.968 43.917 43.878 42.852 39.842 48.851 49.876 42.876 0.000 0.000 49.396 41.394 49.389 55.381 58.370 62.359 68.347 74.335 76.325 76.317
58.396 58.349 58.306 58.267 58.230 57.196 57.166 57.138 57.115 56.096 64.083 15.077 0.000 0.000 0.000 0.000 0.000 0.000 0.000 0.000 0.000 0.000 0.000 0.000 45.561 81.478 92.392 93.282 93.422 91.514 99.313 92.314 93.989 92.674 92.600 92.505 92.415 92.327 93.239 65.148 43.060 0.000 0.000 43.885 0.000 42.699 44.651 44.577 44.484 44.394 44.310 44.233 44.165 44.107 44.059 44.022 41.997 43.985 49.984 46.990 0.000 0.000 0.000 48.387 47.385 46.381 45.374 44.366 43.357 47.348 58.339 54.331 56.324
56.457 56.413 56.372 56.334 56.299 56.267 56.239 57.214 59.194 61.180 36.174 3.174 0.000 0.000 0.000 0.000 0.000 0.000 0.000 3.797 12.788 0.000 0.000 15.920 56.778 87.672 93.569 93.557 92.585 99.493 99.408 95.303 93.009 92.861 92.768 92.674 92.582 92.489 88.395 35.271 0.000 0.000 0.000 43.885 49.866 44.789 44.719 44.645 44.569 44.493 44.420 44.352 44.290 44.235 44.190 44.155 41.130 50.115 50.110 46.111 0.000 0.000 0.000 47.381 46.379 47.375 47.369 47.363 47.355 47.348 46.341 46.335 45.330
57.514 57.472 60.434 64.398 67.365 71.335 73.308 76.286 75.268 67.258 5.257 16.272 40.325 8.349 0.000 0.000 0.000 0.000 0.000 43.805 70.780 10.740 0.000 50.061 82.962 92.853 93.753 93.683 92.906 99.566 91.738 93.425 93.108 93.033 92.936 92.842 92.747 93.654 80.580 0.000 0.000 0.000 0.000 23.904 43.923 44.874 46.789 46.714 44.653 44.591 44.527 44.464 44.406 44.355 44.311 41.277 46.251 49.236 50.230 41.232 0.000 0.000 0.000 31.377 52.374 52.370 49.365 46.360 46.354 47.348 48.343 48.338 47.334
59.568 58.529 65.493 74.459 75.428 74.399 73.374 72.352 69.336 63.325 38.323 55.332 73.354 42.373 26.393 2.401 0.000 0.000 14.878 53.838 67.787 6.701 25.538 67.302 92.153 95.037 93.877 94.088 92.064 99.628 93.722 93.436 93.289 93.197 93.104 93.011 92.912 94.800 38.690 0.000 0.000 0.000 0.000 0.000 40.049 45.995 26.851 26.768 43.739 44.690 44.631 44.572 44.516 44.466 43.423 41.389 50.363 50.347 47.343 41.355 47.404 0.000 0.000 0.000 63.369 78.366 71.362 67.357 63.353 59.348 62.344 62.340 45.336
59.619 59.584 62.550 65.518 64.488 62.460 60.435 58.414 56.396 56.384 65.378 67.379 64.387 61.396 65.405 13.409 0.000 0.000 54.917 84.884 35.827 31.738 65.611 89.456 94.322 94.177 94.295 92.249 99.711 92.124 93.839 93.526 93.455 93.362 93.273 93.184 96.089 52.944 0.000 0.000 0.000 0.000 0.000 0.000 42.229 47.206 0.000 0.000 40.847 44.798 44.737 44.676 44.620 44.570 41.528 49.493 50.466 49.448 40.439 44.441 44.453 0.000 0.000 0.000 31.366 61.364 79.359 78.355 78.351 78.348 78.344 72.341 62.338
59.669 59.636 59.605 58.574 58.545 59.519 59.494 59.472 57.452 58.437 63.426 66.420 62.418 57.420 60.421 15.422 0.000 0.000 46.989 56.956 34.897 67.815 82.710 91.590 94.472 94.403 93.500 100.079 99.849 93.113 93.842 93.700 93.612 93.524 93.440 93.365 96.314 0.000 0.000 11.679 20.679 0.000 0.000 43.526 46.431 45.394 52.415 1.321 41.002 44.920 44.842 44.775 44.717 42.667 44.624 50.588 50.560 42.538 43.524 44.516 44.514 0.000 0.000 0.000 0.000 0.000 61.356 77.352 77.350 77.347 77.344 78.342 78.340
59.718 59.688 59.658 59.629 59.601 59.575 59.550 58.526 57.505 61.485 65.468 65.455 60.447 56.443 61.439 14.435 0.000 0.000 43.093 12.052 58.992 82.915 88.824 94.729 94.577 94.786 92.774 100.284 92.530 94.241 93.929 93.860 93.769 93.683 93.599 100.522 84.489 0.000 7.678 57.679 43.679 0.000 0.000 38.621 46.575 45.526 45.472 51.365 49.178 48.038 44.937 44.864 44.807 41.757 49.714 50.677 46.646 41.622 44.603 44.586 46.573 50.585 0.000 0.000 0.000 0.000 0.000 74.349 77.348 77.346 77.344 78.343 76.342
59.768 59.740 59.711 59.683 59.656 59.629 58.604 57.579 59.555 63.530 66.506 62.487 57.473 56.464 59.457 41.444 28.414 29.352 25.239 26.169 66.103 87.030 92.951 94.839 94.977 92.966 100.644 100.472 93.533 94.246 94.100 94.011 93.923 93.838 98.752 41.635 56.631 26.668 57.677 65.679 0.000 0.000 0.000 37.762 46.722 45.662 45.584 55.469 66.307 40.116 50.003 45.940 42.888 44.840 50.797 49.759 40.727 43.701 44.678 44.654 31.608 32.596 0.000 0.000 0.000 0.000 0.000 55.348 76.347 77.346 77.344 81.343 77.342
59.819 59.791 59.764 59.736 59.709 59.683 57.658 57.632 61.605 68.575 69.540 65.512 60.494 58.485 58.480 60.469 60.446 69.404 10.341 44.281 82.220 89.153 95.080 95.044 94.174 100.951 100.802 93.886 94.667 94.329 94.255 94.160 94.073 93.995 101.936 0.000 39.731 41.695 31.685 33.682 0.000 0.000 0.229 40.943 46.889 45.817 51.731 67.621 44.464 0.000 31.018 44.005 41.965 49.919 50.874 46.835 43.802 44.776 44.756 46.742 0.000 0.000 0.000 0.000 0.000 0.000 47.347 28.347 67.346 77.345 77.344 82.343 77.343
59.871 59.843 59.816 59.789 59.762 58.736 57.711 59.686 66.659 43.626 19.565 18.528 15.507 45.500 62.508 57.507 60.498 41.476 3.440 49.395 87.342 93.288 95.175 95.416 93.438 101.089 94.218 94.994 94.562 94.502 94.397 94.304 94.215 95.132 93.062 15.006 14.869 0.000 0.000 0.000 0.000 0.000 40.321 48.174 46.075 44.987 64.901 68.821 0.000 0.000 1.136 40.096 46.048 50.996 50.947 40.905 44.870 44.844 44.827 47.817 0.000 0.000 0.000 0.000 0.000 0.000 26.347 0.000 55.345 77.344 77.344 83.343 77.343
59.921 59.894 59.867 59.841 58.814 57.789 59.764 62.741 70.721 29.705 0.000 0.000 0.000 0.000 44.545 59.554 60.562 46.563 48.548 74.516 91.474 95.398 95.569 93.589 101.331 101.215 95.196 94.889 94.740 94.636 94.538 94.443 94.350 97.258 82.171 11.089 0.000 0.000 0.000 0.000 0.000 1.681 40.472 47.355 46.250 44.156 72.063 32.942 0.000 0.000 46.316 51.218 51.137 51.069 49.012 43.966 44.931 44.905 44.889 46.883 0.000 50.976 2.976 0.000 0.000 0.000 0.000 0.000 48.344 77.344 77.344 77.343 77.343
59.972 59.945 59.919 59.892 58.866 57.840 61.816 65.794 69.777 27.768 0.000 0.000 0.000 0.000 24.574 67.602 62.632 68.668 81.671 90.649 94.608 95.614 94.762 101.535 101.436 94.529 95.303 94.960 94.875 94.771 94.673 94.579 98.484 61.380 33.276 0.000 0.000 0.000 0.000 0.000 2.959 42.837 47.664 46.526 48.414 45.322 69.255 0.000 0.000 41.633 48.462 64.321 53.213 50.130 46.067 44.018 43.981 44.956 44.942 44.942 49.967 45.976 36.976 0.000 0.000 0.000 44.343 46.343 45.344 77.343 77.343 77.343 77.343
60.022 59.996 59.970 59.944 57.917 59.890 65.865 66.842 64.826 51.821 12.838 0.000 0.000 0.000 0.000 20.649 16.695 56.806 87.820 91.798 95.737 95.906 94.028 101.625 93.839 95.617 95.181 95.115 97.002 95.901 94.806 94.716 100.626 23.503 0.000 0.000 0.000 0.000 0.000 24.187 63.081 62.963 50.820 47.671 58.559 53.464 54.378 15.292 3.118 39.805 44.576 55.392 51.264 55.173 49.107 52.057 51.021 47.995 44.981 43.977 43.982 49.985 0.000 0.000 0.000 0.000 41.343 41.343 51.343 77.343 77.343 77.343 77.343
