results4_8e4_rain/res_4e8f-0237.wd
ncols         241
nrows         181
xllcorner     12693529.787448
yllcorner     3542525.717860
cellsize      155.156523
NODATA_value  -9999.000000
[rows 33 to 65 of 181, columns 73 to 145 of 241]
0.000 0.000 0.000 0.000 0.000 0.000 0.000 0.000 0.000 0.000 0.000 0.000 0.000 0.000 0.000 0.000 0.000 0.000 0.000 0.000 0.000 0.000 0.000 0.000 0.000 0.000 0.000 0.000 0.000 0.000 0.000 0.000 0.000 0.000 0.000 0.000 0.000 0.000 0.000 39.986 62.988 67.989 23.992 0.000 0.000 33.068 47.096 14.075 5.075 37.096 40.111 34.109 35.089 36.053 35.998 35.925 35.831 34.713 40.558 60.319 6.830 14.936 12.210 47.363 63.819 68.347 66.906 67.507 66.041 68.125 63.178 62.788 62.777
0.000 0.000 0.000 0.000 0.000 0.000 0.000 0.000 0.000 0.000 0.000 0.000 0.000 0.000 0.000 0.000 0.000 0.000 0.000 0.000 0.000 0.000 0.000 0.000 0.000 0.000 0.000 0.000 0.000 0.000 0.000 0.000 0.000 0.000 0.000 0.000 0.000 0.000 0.000 0.000 14.988 9.989 0.000 0.000 0.000 0.000 29.188 0.000 0.000 27.137 51.178 50.182 40.164 36.127 36.070 35.990 35.888 34.767 56.630 54.474 0.000 37.768 50.331 63.755 68.233 67.754 67.323 66.829 67.888 63.905 63.205 63.457 65.757
0.000 0.000 0.000 0.000 0.000 0.000 0.000 0.000 0.000 0.000 0.000 0.000 0.000 0.000 0.000 0.000 0.000 0.000 35.398 67.398 20.397 0.000 0.000 0.000 0.000 0.000 0.000 0.000 0.000 0.000 0.000 0.000 0.000 0.000 0.000 0.000 0.000 0.000 0.000 0.000 0.000 0.000 0.000 0.000 0.000 0.000 21.279 0.000 0.000 0.000 29.281 47.276 47.258 38.223 36.163 36.077 33.964 49.836 58.722 0.000 23.429 48.038 62.591 69.093 68.599 68.143 67.622 69.653 65.639 63.749 64.147 66.470 65.714
0.000 0.000 0.000 0.000 0.000 0.000 0.000 0.000 0.000 0.000 0.000 22.400 60.400 0.400 0.000 0.000 0.000 0.000 42.398 93.398 49.397 0.000 0.000 0.000 0.000 0.000 0.000 0.000 0.000 0.000 0.000 0.000 0.000 0.000 0.000 0.000 0.000 0.000 0.000 0.000 0.000 0.000 0.000 0.000 0.000 0.000 24.371 25.412 32.430 18.427 28.390 36.382 49.371 40.342 36.284 33.189 44.057 53.890 42.699 18.355 47.820 65.363 69.903 69.422 68.958 68.416 68.420 67.382 64.404 64.852 67.189 66.440 66.205
0.000 0.000 0.000 0.000 0.000 0.000 0.000 0.000 0.000 0.000 0.000 43.400 78.400 67.399 54.399 9.399 3.399 27.398 81.398 89.397 54.397 0.000 0.000 0.000 0.000 23.459 2.459 0.000 0.000 0.000 0.000 0.000 0.000 0.000 0.000 0.000 0.000 7.459 0.000 0.000 0.000 11.458 29.457 0.000 0.000 40.434 55.421 58.435 56.450 42.462 36.472 35.490 49.501 40.490 32.441 46.340 60.184 47.968 35.831 50.544 55.134 67.693 70.229 69.767 69.214 69.193 67.137 65.169 65.574 67.920 67.179 66.948 66.614
0.000 0.000 0.000 0.000 0.000 0.000 0.000 0.000 0.000 0.000 0.000 14.400 76.400 59.400 40.400 2.399 23.399 73.399 84.398 91.397 50.397 0.000 0.000 0.000 0.459 61.459 45.459 0.000 0.000 0.000 0.000 0.000 0.000 0.000 0.000 0.459 24.459 36.459 38.459 0.000 0.000 20.458 45.457 24.456 38.453 61.447 64.446 65.455 62.473 49.500 36.544 33.604 50.654 41.676 45.650 63.545 57.370 0.000 34.113 52.857 65.479 71.041 70.584 70.024 69.979 67.912 66.060 66.318 68.667 67.937 67.713 67.380 67.046
0.000 0.000 0.000 0.000 0.000 0.000 0.000 0.000 0.000 0.000 0.000 0.000 0.000 27.400 65.400 61.400 49.399 62.399 82.398 93.397 46.396 0.000 0.000 0.000 0.000 23.459 47.459 49.459 0.000 0.000 0.000 0.000 0.000 0.000 0.000 0.000 40.459 41.459 53.459 36.459 25.459 39.458 40.458 36.457 43.456 50.456 48.458 41.468 60.487 26.522 42.599 45.730 35.833 47.910 60.939 57.820 0.350 9.062 45.650 62.290 70.886 71.424 70.871 70.796 67.725 67.118 67.092 69.431 68.713 68.500 68.175 67.842 67.483
0.000 0.000 0.000 0.000 0.000 0.000 0.000 0.000 0.000 0.000 0.000 0.000 0.000 17.400 84.400 79.400 69.400 59.399 83.398 91.397 86.394 71.390 26.388 0.000 0.000 0.000 3.459 57.459 41.459 39.459 50.459 45.459 8.459 0.000 0.000 4.459 40.459 39.459 60.459 66.459 55.459 47.459 39.459 36.459 37.459 38.461 37.464 35.472 43.484 4.503 0.000 4.884 41.039 64.193 62.375 1.659 7.749 45.467 59.135 68.778 72.318 71.880 72.656 68.609 68.417 67.912 70.222 69.509 69.303 68.993 68.677 68.326 67.935
0.000 0.000 0.000 0.000 0.000 0.000 0.000 0.000 0.000 0.000 0.000 0.000 0.000 0.000 17.400 56.401 31.401 67.401 86.399 91.397 89.393 87.389 76.385 35.382 0.382 0.000 0.000 13.459 52.459 52.459 65.459 63.459 56.459 51.459 0.000 0.000 7.459 44.459 63.459 70.459 62.460 46.460 35.460 36.460 36.461 36.463 36.466 36.471 40.476 0.000 0.000 0.000 11.243 48.448 17.909 15.172 50.112 54.919 66.663 73.271 73.124 71.366 69.696 70.085 68.815 71.057 70.334 70.122 69.819 69.523 69.207 68.852 68.421
0.000 0.000 0.000 0.000 0.000 0.000 0.000 0.000 0.000 0.000 0.000 0.000 0.000 0.000 0.000 2.402 88.403 88.403 90.401 90.398 89.393 83.387 77.382 48.378 0.000 0.000 0.000 0.000 0.000 20.459 65.459 59.459 74.459 71.459 50.459 29.459 30.459 39.459 61.460 70.460 61.460 44.460 34.460 39.461 38.463 36.464 36.467 36.469 37.471 29.471 0.000 0.000 0.000 0.000 9.639 52.674 55.603 63.460 74.185 74.298 72.660 74.554 72.319 69.858 71.969 71.207 70.964 70.648 70.357 70.068 69.777 69.455 68.018
0.000 0.000 0.000 0.000 0.000 0.000 23.378 46.375 0.000 24.317 64.306 53.294 57.283 32.276 0.000 0.000 24.405 96.406 90.406 87.402 84.394 87.385 78.377 41.372 0.000 0.000 0.000 0.000 0.000 0.000 0.000 9.459 63.459 64.459 15.459 0.000 6.460 43.460 61.460 66.460 56.460 47.460 45.461 7.462 14.463 42.465 36.467 36.469 37.470 43.470 51.470 13.470 0.000 0.000 25.334 58.285 62.178 72.988 75.204 74.836 78.112 76.693 71.200 73.008 72.156 71.849 71.493 71.180 70.887 70.618 70.376 70.172 76.028
0.000 0.000 0.000 0.000 0.000 0.000 23.381 66.373 8.353 58.328 60.308 72.292 55.278 40.270 0.000 0.000 12.407 81.409 93.414 90.409 90.397 91.382 85.368 39.360 0.000 0.000 0.000 0.000 0.000 0.000 0.000 0.000 0.000 48.459 7.459 0.000 2.460 49.460 46.460 58.460 15.460 0.000 0.000 0.000 0.000 8.466 46.467 40.468 3.469 33.470 67.470 50.470 3.470 0.000 30.086 63.925 72.826 75.948 75.703 79.872 79.126 72.554 74.123 73.175 72.782 72.367 72.010 71.686 71.394 71.140 70.939 70.828 75.894
21.643 65.637 55.631 0.000 0.000 0.000 17.393 77.381 53.358 55.332 61.308 85.287 86.269 81.255 35.240 0.000 0.000 0.000 41.433 95.422 90.402 91.378 88.355 47.339 0.000 0.000 0.000 0.000 0.000 0.000 0.000 0.000 0.000 6.459 0.000 0.000 0.000 0.000 0.000 0.000 0.000 0.000 0.000 0.000 0.000 0.000 0.000 21.469 18.469 0.000 0.000 0.000 0.000 19.499 56.915 73.868 75.544 76.477 80.823 80.427 73.583 75.145 74.185 73.733 73.263 72.857 72.490 72.159 71.863 71.609 71.411 71.307 74.374
21.644 77.636 59.626 55.615 0.000 0.000 4.418 69.398 71.367 71.335 83.304 80.279 92.257 91.239 52.226 0.000 0.000 0.000 17.464 97.444 90.412 91.374 88.335 48.302 0.000 0.000 8.863 56.825 68.784 37.756 0.000 0.000 0.000 0.000 0.000 0.000 0.000 0.000 0.000 0.000 0.000 0.000 0.000 0.000 0.000 0.000 0.000 0.000 6.469 0.000 0.000 0.000 17.463 57.971 74.931 75.513 81.743 81.233 74.854 75.417 75.921 75.106 74.643 74.149 73.709 73.304 72.935 72.597 72.291 72.020 71.791 78.615 19.494
85.647 82.636 61.622 62.603 54.573 1.530 59.461 54.429 62.377 75.336 79.295 90.267 91.242 90.218 59.199 0.000 0.000 0.000 16.514 96.478 90.428 91.371 86.308 66.232 50.114 51.006 50.901 58.829 79.770 46.728 0.000 0.000 0.000 0.000 0.000 0.000 0.000 0.000 0.000 0.000 0.000 0.000 0.000 0.000 0.000 0.000 0.000 0.000 0.000 0.000 15.554 46.331 55.839 74.826 76.415 83.079 82.487 75.402 77.124 76.461 75.922 75.470 74.989 74.539 74.113 73.717 73.347 73.004 72.684 72.390 79.119 24.867 0.000
82.653 77.640 75.624 58.603 62.573 62.538 53.500 46.478 0.000 0.000 21.274 80.252 91.224 89.193 74.153 41.100 0.000 3.689 65.600 86.526 91.451 90.374 91.293 81.205 57.103 54.002 52.905 61.820 79.741 62.658 48.544 49.455 53.389 64.348 28.332 0.000 0.000 0.000 0.000 0.000 0.000 0.000 0.000 0.000 0.000 0.000 0.000 0.000 0.000 0.000 26.754 66.594 74.541 77.189 83.958 83.562 76.124 77.796 77.020 76.651 76.214 75.765 75.325 74.898 74.490 74.102 73.734 73.385 73.053 78.735 25.427 0.000 0.000
71.660 23.647 91.631 62.611 56.577 57.549 59.523 59.505 48.503 0.000 0.000 1.237 25.210 96.175 86.122 64.046 55.922 62.778 61.670 63.574 71.478 72.382 59.286 56.191 54.093 53.995 52.898 61.805 76.713 55.619 52.519 57.431 73.364 76.324 61.316 35.316 0.000 0.000 0.000 0.000 0.000 0.000 0.000 0.000 0.000 0.000 0.000 0.000 0.000 17.593 59.438 75.050 77.891 84.525 84.279 76.820 78.466 77.684 77.330 76.905 76.485 76.063 75.646 75.240 74.846 74.467 74.103 73.750 79.408 25.072 0.000 0.000 0.000
17.669 90.657 91.644 77.631 0.000 4.556 64.537 60.517 71.500 62.482 0.000 1.250 4.216 84.174 81.116 66.039 56.941 53.832 53.728 56.623 69.504 77.388 80.278 73.179 63.083 55.986 54.888 70.789 73.689 48.586 52.483 52.388 53.310 57.268 36.292 0.000 0.000 0.000 6.839 0.000 0.000 0.000 0.000 0.000 0.000 0.000 0.000 20.817 52.486 60.342 73.856 85.187 84.803 77.871 78.468 79.037 78.350 77.988 77.570 77.165 76.759 76.355 75.957 75.568 75.188 74.818 75.458 82.105 25.757 0.000 0.000 0.000 0.000
95.678 91.667 91.655 91.640 78.618 61.582 61.553 61.526 52.499 1.459 18.367 25.306 77.245 74.190 77.127 70.055 70.971 70.881 70.788 73.685 68.526 68.390 70.259 74.164 75.073 72.978 68.879 79.775 77.666 65.553 66.439 66.326 68.223 43.145 0.000 0.000 0.000 0.000 7.839 0.000 0.000 0.000 0.000 0.000 0.000 7.701 55.476 56.038 77.050 77.605 86.247 85.770 80.358 80.076 79.466 79.001 78.625 78.216 77.819 77.423 77.030 76.642 76.260 75.886 75.520 76.160 79.806 12.456 0.000 0.000 0.000 0.000 0.000
94.686 90.679 90.670 91.655 88.632 66.601 60.568 61.534 62.497 54.451 3.389 69.330 66.271 67.212 68.149 63.081 67.007 71.932 79.860 64.801 0.000 0.325 15.205 73.146 69.065 68.976 68.875 68.765 68.647 68.523 68.392 68.255 66.109 60.944 33.723 0.000 9.356 53.136 59.839 71.536 41.302 0.000 0.000 0.000 1.580 56.904 67.683 79.604 80.238 86.981 86.647 81.006 80.685 79.951 79.624 79.236 78.842 78.451 78.063 77.678 77.297 76.922 76.555 76.196 76.844 79.497 27.151 0.000 0.000 0.000 0.000 0.000 0.000
80.693 80.692 80.690 91.678 91.655 81.622 57.584 60.545 61.505 61.460 67.409 76.354 60.296 57.238 55.177 62.112 77.046 75.980 60.918 40.859 0.000 0.000 0.000 1.156 58.066 52.984 52.880 52.763 52.635 53.498 56.352 57.194 57.015 55.797 56.503 55.052 54.576 63.212 69.846 67.468 74.067 71.530 66.022 63.509 65.879 77.531 81.054 80.847 87.475 87.258 81.643 81.299 80.551 80.226 79.833 79.449 79.065 78.683 78.304 77.929 77.558 77.195 76.843 77.500 78.164 16.830 0.000 0.000 0.000 0.000 0.000 0.000 0.000
0.000 46.706 58.721 86.711 90.687 71.649 54.602 53.557 61.517 61.477 60.432 54.380 55.321 61.266 78.208 77.146 60.083 53.025 42.971 0.000 62.532 71.470 67.374 68.251 71.124 74.013 72.898 73.772 76.631 75.482 72.325 74.155 68.960 54.728 58.438 57.076 61.683 79.293 85.863 82.424 75.967 70.499 72.046 78.511 83.366 81.807 88.078 87.729 81.627 83.237 81.825 81.165 80.826 80.429 80.046 79.663 79.284 78.910 78.541 78.176 77.812 78.455 76.120 71.798 23.481 0.000 0.000 0.000 0.000 0.000 0.000 0.000 0.584
0.000 0.000 51.775 70.760 81.733 56.685 48.617 55.563 53.529 60.499 61.464 61.412 54.343 71.297 63.243 52.181 55.117 47.064 0.000 71.684 74.594 74.504 76.402 77.286 80.165 84.048 82.928 82.794 82.636 84.473 85.311 83.139 70.943 56.715 58.447 58.133 57.786 60.412 33.891 6.397 95.876 137.476 115.011 80.945 82.465 89.039 88.602 82.074 84.803 82.219 81.777 81.421 81.027 80.642 80.257 79.874 79.499 79.133 78.776 78.421 80.059 74.694 63.384 18.091 0.000 0.000 0.000 0.000 0.000 0.000 0.000 0.830 47.694
4.015 0.000 6.843 27.823 62.798 44.741 0.000 50.551 55.538 55.526 61.511 50.462 0.000 55.335 53.286 55.218 56.140 66.051 79.926 76.773 78.656 84.550 94.442 138.327 135.203 135.085 134.971 134.842 135.647 119.461 51.309 54.145 51.958 59.744 58.500 55.223 52.918 34.677 0.000 0.000 4.681 62.388 79.399 83.994 89.730 89.411 81.671 83.372 82.673 82.370 82.002 81.622 81.239 80.852 80.464 80.078 79.703 79.347 80.007 78.672 70.310 58.879 16.632 0.000 0.000 0.000 0.000 0.000 0.000 0.000 3.991 38.925 59.809
78.015 25.990 14.932 77.890 55.895 0.000 0.000 0.000 49.547 62.555 54.593 0.000 7.509 63.423 54.347 65.264 78.174 78.072 82.955 85.827 78.709 64.597 55.489 51.377 49.233 52.119 53.028 39.957 0.000 56.417 53.319 52.176 56.001 59.802 56.586 48.341 54.987 35.700 0.000 1.970 57.697 74.701 84.421 90.223 90.001 82.253 83.940 83.238 82.946 82.578 82.211 81.835 81.452 81.065 80.670 80.269 79.890 80.544 76.235 64.951 21.630 0.000 0.000 0.000 0.000 0.000 0.000 0.000 0.000 0.000 7.057 56.995 55.907
88.034 96.024 84.005 0.976 12.997 7.108 2.143 1.148 0.000 0.000 58.713 56.692 64.594 61.503 61.413 61.319 78.219 92.110 80.993 60.871 58.753 53.642 55.540 46.461 0.000 58.130 55.064 44.002 0.000 57.470 52.374 53.237 60.068 57.876 55.700 37.570 0.000 2.171 54.409 52.153 68.938 84.845 90.501 83.185 83.752 84.413 83.810 83.517 83.156 82.798 82.429 82.053 81.671 81.284 80.881 81.440 81.043 70.705 55.438 18.265 0.000 0.000 0.000 0.000 0.000 0.000 0.000 5.458 32.410 31.321 46.185 58.091 46.004
78.062 82.067 72.069 0.000 0.000 72.182 65.177 59.152 3.091 10.996 76.854 73.767 60.674 61.580 61.483 62.381 83.272 135.157 128.035 74.912 129.792 50.677 54.568 54.464 56.346 54.206 54.098 53.984 55.824 51.617 51.473 60.330 59.159 55.934 50.768 39.669 0.000 0.934 56.446 63.256 85.248 84.125 90.856 84.231 84.817 84.368 84.079 83.733 83.385 83.025 82.656 82.278 81.895 81.521 83.129 78.568 60.136 46.796 48.546 14.405 0.000 0.000 0.000 0.000 0.000 0.000 0.000 5.506 41.451 46.369 60.270 54.180 44.096
74.093 69.114 13.135 0.000 3.304 55.262 64.231 61.189 79.126 73.042 77.941 85.849 76.756 61.660 61.558 61.450 60.333 54.209 49.080 53.950 50.825 54.706 54.592 54.482 54.369 54.250 54.136 54.014 52.869 57.704 59.569 60.450 44.304 0.000 43.768 0.000 0.000 0.933 60.600 82.506 86.502 91.835 91.378 84.321 84.974 84.617 84.304 83.971 83.623 83.262 82.892 82.507 82.109 80.775 42.546 0.000 0.000 0.000 0.000 0.000 0.000 0.000 0.000 37.930 32.891 31.825 30.734 34.608 43.520 59.434 53.346 44.261 54.181
66.121 57.161 62.221 7.321 60.346 56.331 55.297 73.247 66.182 82.105 91.019 70.932 56.841 54.745 57.641 60.526 61.401 61.266 54.124 52.984 53.852 53.728 54.613 54.503 54.396 59.289 56.182 53.067 53.934 56.762 60.649 49.596 0.000 0.000 0.000 0.000 16.238 136.113 79.852 86.875 84.845 92.238 84.138 86.658 88.143 84.870 84.554 84.223 83.874 83.509 84.142 80.748 68.260 58.923 16.735 0.000 0.000 0.000 0.000 0.000 0.000 0.000 40.014 39.970 39.917 40.850 40.768 41.673 55.586 55.502 39.419 42.338 44.262
41.138 42.189 36.268 60.395 56.429 55.417 66.378 70.320 81.250 88.176 54.098 53.018 53.932 55.838 54.733 51.614 59.479 60.329 61.168 60.011 53.869 52.742 51.628 52.523 58.424 117.329 85.236 65.139 48.036 0.000 62.669 70.688 0.000 0.000 0.000 0.000 60.364 71.257 88.143 86.177 92.943 92.604 85.227 85.757 86.424 85.132 84.821 84.493 84.142 84.758 83.419 36.083 0.000 0.000 0.000 0.000 0.000 0.000 0.000 0.000 0.000 0.173 47.059 43.016 39.959 40.891 38.814 50.731 57.649 41.568 42.488 50.412 48.338
0.000 0.000 0.000 53.561 56.559 58.532 79.478 90.403 104.324 86.250 15.180 72.109 72.031 55.943 55.840 54.717 52.572 55.402 61.207 59.023 59.871 61.744 59.634 57.535 53.447 48.367 53.293 48.216 0.000 0.000 0.000 56.801 48.829 0.000 0.000 2.758 70.599 87.443 87.516 85.531 93.252 84.947 87.450 88.957 85.701 85.411 85.107 84.784 84.442 81.964 36.691 0.000 0.000 0.000 0.000 0.000 0.000 0.000 0.000 0.000 0.000 46.223 16.144 4.078 48.012 37.941 48.866 60.788 48.710 43.632 48.556 52.482 45.410
0.000 0.000 0.000 51.729 57.713 73.673 84.601 132.490 126.394 128.321 134.262 130.206 131.141 56.063 55.965 54.843 54.690 53.500 48.236 58.002 59.849 60.730 58.627 60.538 60.462 61.398 54.354 0.000 0.000 0.000 0.069 57.885 42.857 0.000 0.216 61.910 83.802 87.759 86.748 93.815 93.541 86.004 86.552 87.243 85.981 85.707 85.412 86.096 60.877 0.000 0.000 0.000 0.000 0.000 0.000 0.000 0.000 0.000 58.545 47.495 37.415 41.304 41.216 42.141 42.068 44.996 57.921 54.846 49.770 50.695 48.621 46.549 42.480
17.968 0.000 0.000 52.913 69.891 77.846 83.761 54.563 53.439 52.377 49.343 50.311 50.266 56.202 56.115 71.999 71.845 47.673 0.000 44.898 57.794 59.699 57.606 59.529 59.463 60.409 56.372 0.306 1.212 2.165 56.110 40.998 0.000 0.000 63.310 72.158 89.036 87.950 87.133 94.070 85.677 88.206 90.744 86.521 86.273 86.022 84.739 72.309 31.093 0.000 0.000 0.000 0.000 0.000 44.800 39.778 39.737 39.678 43.595 55.525 58.447 44.360 39.277 41.200 43.125 58.052 56.978 42.904 51.830 52.757 51.685 44.615 40.546
