results4_8e4_rain/res_4e8f-0050.wd
ncols         241
nrows         181
xllcorner     12693529.787448
yllcorner     3542525.717860
cellsize      155.156523
NODATA_value  -9999.000000
[rows 33 to 65 of 181, columns 148 to 221 of 241]
56.977 57.681 24.409 36.150 57.907 51.668 30.350 0.000 0.000 4.950 0.000 0.000 1.966 26.976 13.975 0.000 0.000 0.000 18.588 26.563 0.000 11.233 3.184 4.094 7.994 16.886 34.765 25.676 20.594 15.527 16.468 16.418 15.375 14.330 13.281 21.215 31.157 23.126 23.107 21.093 0.015 0.475 0.612 0.000 0.000 0.000 0.000 0.000 0.000 0.000 0.000 0.000 0.000 0.000 0.000 0.000 0.000 0.000 0.000 0.000 0.000 0.000 0.000 0.000 0.000 0.000 0.000 0.000 0.000 0.000 0.000 0.000 0.000 0.000
57.293 58.025 35.766 53.527 56.318 50.171 0.000 0.000 0.000 6.950 0.000 0.000 0.000 11.000 10.990 18.975 0.000 31.680 19.614 6.539 15.427 6.297 4.201 4.104 3.003 4.899 32.794 30.701 30.618 32.548 25.478 27.417 26.372 26.324 26.271 27.207 31.162 29.130 30.103 25.076 2.032 0.564 0.000 0.000 0.000 0.000 0.000 0.000 0.000 0.000 0.000 0.000 0.000 0.000 0.000 0.000 0.000 0.000 0.000 0.000 0.000 0.000 0.000 0.000 0.000 0.000 0.000 0.000 0.000 0.000 0.000 0.000 0.000 0.000
57.619 57.356 57.105 57.872 49.669 36.527 0.000 0.000 0.000 0.000 0.000 0.000 0.000 8.035 5.011 17.961 22.868 14.747 23.649 21.553 2.446 3.325 4.222 4.119 16.016 19.914 23.813 16.716 13.630 23.571 0.000 4.400 0.000 0.000 0.000 2.182 28.156 17.128 15.101 17.074 2.040 4.009 0.000 0.000 0.000 0.000 0.000 0.000 0.000 0.000 0.000 0.000 0.000 0.000 0.000 0.000 0.000 0.000 0.000 0.000 0.000 0.000 0.000 0.000 0.000 0.000 0.000 0.000 0.000 0.000 0.000 0.000 0.000 0.000
57.936 57.676 58.426 53.189 34.957 25.742 34.742 0.000 0.000 0.000 0.000 0.000 0.000 5.095 4.057 6.990 2.898 13.790 16.684 19.577 8.466 3.351 3.242 3.133 28.028 33.929 15.828 9.719 9.617 10.535 7.450 7.385 7.321 8.267 11.222 8.183 29.152 21.125 19.100 19.079 1.049 15.025 41.027 0.000 0.000 0.000 0.000 0.000 0.000 0.000 0.000 0.000 0.000 0.000 0.000 0.000 0.000 0.000 0.000 0.000 0.000 0.000 0.000 0.000 0.000 0.000 0.000 0.000 0.000 0.000 0.000 0.000 0.000 0.000
58.247 57.986 54.734 40.501 29.229 0.000 0.000 0.000 0.000 9.895 0.000 0.000 0.000 4.194 5.131 5.044 3.943 3.832 9.719 2.605 2.491 4.372 3.263 2.145 26.034 22.945 30.851 34.718 33.584 28.501 24.430 26.368 22.311 26.260 26.215 27.177 31.146 29.119 30.096 26.078 1.052 13.031 35.028 0.000 0.000 0.000 0.000 0.000 0.000 0.000 0.000 0.000 0.000 0.000 0.000 0.000 0.000 0.000 0.000 0.000 0.000 0.000 0.000 0.000 0.000 0.000 0.000 0.000 0.000 0.000 0.000 0.000 0.000 0.000
58.552 58.287 48.022 29.852 0.000 0.000 0.000 0.000 7.937 10.895 23.816 23.703 11.555 4.358 4.229 5.114 4.998 3.878 2.756 3.633 3.511 3.392 2.269 11.146 30.049 8.969 22.912 0.000 32.501 22.457 21.403 21.348 18.295 23.246 24.203 24.166 31.135 29.109 26.088 26.072 1.049 15.032 34.028 0.000 0.000 0.000 0.000 0.000 0.000 0.000 0.000 0.000 0.000 0.000 0.000 0.000 0.000 0.000 0.000 0.000 0.000 0.000 0.000 0.000 0.000 0.000 0.000 0.000 0.000 0.000 0.000 0.000 0.000 0.000
59.853 52.589 40.215 30.033 0.000 0.000 0.000 0.000 4.980 21.933 15.851 4.740 6.604 6.452 4.315 3.186 5.057 3.927 4.794 4.662 4.529 3.397 3.267 23.149 23.048 22.968 22.919 0.000 4.462 2.424 3.377 3.326 4.275 8.227 11.185 9.149 29.119 23.095 17.075 19.059 2.042 14.029 33.024 0.000 0.000 0.000 0.000 0.000 0.000 0.000 0.000 0.000 0.000 0.000 0.000 0.000 0.000 0.000 0.000 0.000 0.000 0.000 0.000 0.000 0.000 0.000 0.000 0.000 0.000 0.000 0.000 0.000 0.000 0.000
59.156 45.001 0.000 0.000 0.000 0.000 0.000 0.000 21.070 16.007 5.914 6.800 6.671 6.532 6.394 4.257 3.119 2.978 4.834 3.689 3.549 2.401 4.252 19.135 10.028 18.938 19.875 0.000 0.000 18.398 17.357 17.305 17.251 19.204 19.162 20.127 32.099 28.076 23.061 25.048 1.028 10.018 38.016 0.000 0.000 0.000 0.000 0.000 0.000 0.000 0.000 0.000 0.000 0.000 0.000 0.000 0.000 0.000 0.000 0.000 0.000 0.000 0.000 0.000 0.000 0.000 0.000 0.000 0.000 0.000 0.000 0.000 0.000 0.000
52.379 35.257 0.000 0.000 0.000 0.000 0.000 28.359 22.223 6.112 6.999 6.878 6.747 6.611 6.471 6.330 3.184 4.032 3.874 3.714 4.553 3.393 3.242 6.110 10.991 22.881 9.770 21.622 26.508 19.415 28.350 18.286 19.223 22.175 21.134 20.100 30.072 26.052 14.043 13.032 2.006 9.005 38.006 0.000 0.000 0.000 0.000 0.000 0.000 0.000 0.000 0.000 0.000 0.000 0.000 0.000 0.000 0.000 0.000 0.000 0.000 0.000 0.000 0.000 0.000 0.000 0.000 0.000 0.000 0.000 0.000 0.000 0.000 0.000
38.492 28.391 0.000 0.000 0.000 6.766 20.669 21.495 15.350 10.220 7.093 6.964 6.830 6.693 5.552 8.407 13.255 9.092 3.917 4.740 3.559 3.377 3.215 3.073 9.945 10.827 8.703 15.588 14.488 9.404 21.340 1.256 9.179 16.139 15.100 9.066 28.038 21.018 1.006 0.001 2.971 4.992 8.999 0.000 0.000 0.000 0.000 0.000 0.000 0.000 0.000 0.000 0.000 0.000 0.000 0.000 0.000 0.000 0.000 0.000 0.000 0.000 0.000 0.000 0.000 0.000 0.000 0.000 0.000 0.000 0.000 0.000 0.000 0.000
17.458 35.424 0.000 0.000 8.966 18.863 32.747 16.604 15.462 15.325 8.190 7.055 6.918 6.779 13.638 21.492 22.338 14.166 8.964 3.769 2.564 3.343 7.167 4.021 2.891 1.762 7.628 8.539 7.453 8.375 10.299 3.208 9.148 14.102 16.061 12.027 27.997 21.969 3.934 2.912 2.917 0.000 0.000 0.000 0.000 0.000 0.000 0.000 0.000 0.000 0.000 0.000 0.000 0.000 0.000 0.000 0.000 0.000 0.000 0.000 0.000 0.000 0.000 0.000 0.000 0.000 0.000 0.000 0.000 0.000 0.000 0.000 0.000 0.000
0.000 0.000 0.000 0.000 12.069 31.975 23.851 26.712 23.570 13.429 6.288 7.148 7.007 17.867 22.727 18.587 13.440 10.269 13.003 7.776 7.556 3.328 8.091 1.930 2.778 3.671 2.576 2.490 2.410 2.343 1.252 2.154 2.105 6.059 12.018 10.983 28.953 22.928 1.904 2.884 2.869 1.843 0.000 0.000 0.000 0.000 0.000 0.000 0.000 0.000 0.000 0.000 0.000 0.000 0.000 0.000 0.000 0.000 0.000 0.000 0.000 0.000 0.000 0.000 0.000 0.000 0.000 0.000 0.000 0.000 0.000 0.000 0.000 0.000
0.000 0.000 0.000 13.449 29.266 22.117 13.971 21.825 25.678 26.532 16.386 5.241 15.097 23.956 13.819 5.688 5.567 7.468 0.000 0.000 0.000 0.215 3.872 5.778 5.694 2.604 2.517 3.434 2.355 2.279 2.188 3.118 2.060 2.011 1.970 4.936 21.907 20.885 2.871 2.852 2.832 3.817 4.816 0.000 0.000 0.000 0.000 0.000 0.000 0.000 0.000 0.000 0.000 0.000 0.000 0.000 0.000 0.000 0.000 0.000 0.000 0.000 0.000 0.000 0.000 0.000 0.000 0.000 0.000 0.000 0.000 0.000 0.000 0.000
0.000 0.000 12.860 22.633 29.430 13.254 16.093 13.937 11.785 19.635 24.484 19.334 23.185 12.040 5.904 6.781 6.670 14.569 0.000 0.000 0.000 0.000 5.743 16.689 17.617 12.536 8.454 10.374 6.298 5.223 3.147 2.074 2.007 2.947 1.907 1.874 4.853 13.836 1.843 1.823 2.791 1.772 0.000 0.000 0.000 0.000 0.000 0.000 0.000 0.000 0.000 0.000 0.000 0.000 0.000 0.000 0.000 0.000 0.000 0.000 0.000 0.000 0.000 0.000 0.000 0.000 0.000 0.000 0.000 0.000 0.000 0.000 0.000 0.000
16.121 17.555 16.087 30.793 15.568 9.379 11.208 10.048 6.892 5.738 20.583 27.426 30.269 18.116 7.977 4.862 12.766 0.000 0.000 0.000 0.000 0.000 9.670 16.619 17.548 17.470 19.390 27.312 25.239 21.169 19.099 15.023 8.939 3.876 1.824 2.772 1.763 6.763 0.000 0.705 1.709 3.663 24.628 0.000 0.000 0.000 0.000 0.000 0.000 0.000 0.000 0.000 0.000 0.000 0.000 0.000 0.000 0.000 0.000 0.000 0.000 0.000 0.000 0.000 0.000 0.000 0.000 0.000 0.000 0.000 0.000 0.000 0.000 0.000
15.794 8.457 27.141 26.884 21.671 12.484 6.314 7.154 7.997 18.842 21.683 13.519 16.349 25.179 26.027 15.923 0.000 0.000 0.000 0.000 4.822 10.737 14.649 13.569 14.489 14.406 12.324 19.247 20.177 20.115 21.059 17.981 16.861 17.788 8.721 3.676 4.624 1.596 2.510 1.499 0.577 2.602 17.594 0.000 0.000 0.000 0.000 0.000 0.000 0.000 0.000 0.000 0.000 0.000 0.000 0.000 0.000 0.000 0.000 0.000 0.000 0.000 0.000 0.000 0.000 0.000 0.000 0.000 0.000 0.000 0.000 0.000 0.000 0.000
9.497 19.339 29.135 19.934 19.747 21.574 19.411 10.255 16.103 24.949 13.790 6.618 5.429 11.224 21.029 27.882 0.000 0.000 8.330 8.152 2.908 11.741 16.619 17.521 13.432 13.343 5.254 2.174 2.104 2.053 1.005 0.000 5.738 19.695 18.641 17.588 12.532 3.473 1.448 2.438 1.443 1.506 2.552 0.000 0.000 0.000 0.000 0.000 0.000 0.000 0.000 0.000 0.000 0.000 0.000 0.000 0.000 0.000 0.000 0.000 0.000 0.000 0.000 0.000 0.000 0.000 0.000 0.000 0.000 0.000 0.000 0.000 0.000 0.000
12.359 31.267 22.126 18.969 18.810 19.653 18.502 20.354 25.209 14.063 7.909 7.735 7.525 6.258 6.985 12.693 29.306 26.933 5.509 4.206 2.929 3.701 15.566 13.464 24.377 12.279 5.170 3.073 3.985 2.882 7.775 15.693 11.659 5.613 11.560 21.504 18.444 17.382 8.321 1.325 1.342 2.409 0.379 0.000 0.000 0.000 0.000 0.000 0.000 3.071 0.392 0.366 0.000 0.000 0.000 2.104 0.000 0.000 0.000 0.000 0.000 0.000 0.000 0.000 0.000 0.000 0.000 0.000 0.000 0.000 0.000 0.000 0.000 0.000
26.313 22.243 11.135 16.007 20.869 15.729 21.589 27.450 19.318 7.186 6.047 7.890 7.680 11.299 11.961 5.598 16.295 11.983 8.567 5.211 1.896 8.600 12.482 14.392 5.332 32.229 20.076 9.983 1.894 7.793 26.716 36.647 29.593 6.539 8.483 11.423 15.359 20.291 18.214 14.119 3.057 0.178 6.527 12.499 0.000 0.000 0.000 0.000 0.000 0.000 0.208 0.252 0.420 5.452 4.450 0.327 0.000 0.000 0.000 0.000 0.000 0.000 0.000 0.000 0.000 0.000 0.000 0.000 0.000 0.000 0.000 0.000 0.000 0.000
28.324 13.258 8.166 10.054 11.932 22.805 26.676 37.541 36.426 29.316 18.206 7.097 10.005 0.000 0.000 4.445 10.292 7.136 0.000 3.005 6.780 23.507 22.372 25.292 0.000 0.000 36.923 30.866 16.787 22.719 40.651 40.586 38.527 7.470 13.410 13.348 15.281 3.208 12.126 18.036 16.934 15.738 28.541 37.471 0.000 0.000 0.000 0.000 0.000 0.000 23.470 4.467 4.464 4.459 4.455 5.452 0.000 0.000 0.000 0.000 0.000 0.000 0.000 0.000 0.000 0.000 0.000 0.000 0.000 0.000 0.000 0.000 0.000 0.000
19.367 8.301 8.215 8.112 20.998 18.884 35.768 50.612 47.529 44.446 39.363 30.288 21.238 0.000 0.000 0.000 0.000 9.135 0.000 0.000 0.000 17.277 16.208 31.112 2.956 3.865 36.828 41.774 37.710 36.646 39.583 39.521 40.462 19.402 11.341 13.278 13.210 3.134 12.047 5.967 24.906 0.000 34.429 56.375 27.293 0.000 0.000 0.000 0.000 0.000 59.484 12.477 14.470 14.465 10.460 11.457 3.456 0.000 0.000 0.000 0.000 0.000 0.000 0.000 0.000 0.000 0.000 0.000 0.000 0.000 0.000 0.000 0.000 0.000
17.435 15.364 10.281 22.182 16.066 28.966 6.899 0.000 27.633 46.576 45.511 46.455 29.421 0.000 0.000 0.000 0.000 15.135 0.000 0.000 0.000 11.118 6.071 32.993 43.893 43.811 39.751 39.692 39.633 40.574 39.514 39.456 39.397 33.337 8.276 10.213 8.147 3.073 13.963 14.880 17.818 0.000 19.371 55.308 25.212 43.075 3.978 0.000 1.588 57.543 45.506 17.488 11.477 13.470 7.465 1.460 0.000 0.000 0.000 0.000 0.000 0.000 0.000 0.000 0.000 0.000 0.000 0.000 0.000 0.000 0.000 0.000 0.000 0.000
19.510 15.441 22.364 19.270 22.117 46.016 32.964 15.914 36.793 45.716 44.652 43.601 23.570 0.000 0.000 0.000 0.000 0.000 0.000 0.000 1.989 11.007 21.966 37.896 39.813 39.736 39.672 39.614 39.557 39.502 39.446 39.391 39.334 39.275 25.214 15.151 8.092 0.991 4.852 4.773 9.668 28.502 14.376 49.275 35.174 42.035 48.882 34.748 39.632 48.549 24.511 25.491 11.480 10.473 2.469 0.000 0.000 0.000 0.000 0.000 0.000 0.000 0.000 0.000 0.000 0.000 0.000 0.000 0.000 0.000 0.000 0.000 0.000 0.000
11.589 23.525 20.464 20.416 0.000 0.000 25.028 50.985 45.911 44.841 46.780 28.728 14.688 0.000 0.000 0.000 0.000 0.000 0.000 0.000 7.972 24.956 36.889 39.816 39.726 39.651 39.589 39.534 39.482 39.431 39.380 39.328 39.274 39.217 40.155 34.086 26.005 17.891 15.794 18.693 9.582 26.462 5.359 47.243 0.000 0.923 35.769 7.730 0.000 54.511 18.498 22.487 20.480 1.476 0.000 0.000 0.000 0.000 0.000 0.000 0.000 0.000 0.000 0.000 0.000 0.000 0.000 0.000 0.000 0.000 0.000 0.000 0.000 0.000
21.668 21.607 16.553 36.514 0.000 0.000 39.136 46.088 45.023 44.959 44.901 20.844 20.765 31.765 0.000 0.000 0.000 0.000 0.000 0.000 0.000 0.000 33.821 45.754 40.625 39.553 39.499 39.452 39.406 39.361 39.316 39.268 39.218 39.164 39.104 40.035 40.953 37.852 37.743 40.626 20.505 26.405 0.286 41.097 0.000 0.000 31.671 1.626 11.499 45.487 26.484 18.480 22.477 0.000 0.139 0.000 0.000 0.000 0.000 0.000 0.000 0.000 0.000 0.000 0.000 2.139 1.140 0.000 0.000 0.000 0.000 0.000 0.000 0.000
22.744 10.682 21.626 42.575 35.526 41.435 47.292 45.207 45.136 45.073 42.019 25.982 0.000 0.000 0.000 0.000 0.000 0.000 0.000 0.000 0.000 0.000 0.000 0.000 31.468 40.439 39.405 39.368 39.331 39.293 39.254 39.212 39.167 41.118 40.063 39.999 38.920 40.822 39.701 39.562 29.407 27.255 4.065 15.947 45.773 24.659 32.609 1.577 29.457 23.456 26.471 14.473 8.471 0.324 0.200 0.039 0.026 0.017 0.002 0.000 0.000 0.000 0.000 1.136 1.137 1.140 1.143 2.148 0.000 0.000 0.000 0.000 0.000 0.000
11.817 7.754 22.693 41.633 47.569 46.488 45.392 45.311 45.240 46.177 37.121 30.082 0.000 0.000 0.000 0.000 0.000 0.000 0.000 0.000 0.000 0.000 0.000 7.309 34.340 40.333 39.312 39.287 39.259 39.228 39.195 39.160 41.122 41.080 41.033 32.977 37.907 40.818 43.678 41.515 35.308 31.144 18.991 2.855 50.712 33.597 35.525 0.460 46.365 10.410 0.000 8.472 0.000 0.236 0.000 0.026 0.044 0.000 0.000 0.000 0.000 0.000 0.000 1.136 1.138 1.142 1.147 1.155 2.168 2.174 2.181 3.186 2.189 0.000
8.888 6.823 23.759 43.695 45.629 45.555 45.478 45.405 45.338 47.274 26.207 24.145 0.000 0.000 0.000 0.000 0.000 0.000 0.000 0.000 0.000 0.000 0.000 21.280 40.252 39.240 39.227 39.210 39.189 39.166 41.140 40.112 40.082 40.048 34.012 11.970 27.914 37.865 0.000 0.000 13.165 20.023 28.900 15.771 36.625 54.492 39.376 6.246 48.223 0.000 0.000 0.000 0.017 0.082 0.044 0.079 0.000 0.000 0.000 0.000 0.000 0.000 0.000 1.137 1.140 1.145 1.151 1.159 1.169 1.177 1.185 1.191 1.197 1.203
13.957 18.891 33.826 45.761 45.695 45.627 45.559 45.494 45.434 46.373 33.290 0.000 0.000 0.000 0.000 0.000 0.000 5.806 0.000 0.000 0.000 0.000 0.000 0.000 31.148 38.149 39.146 39.137 39.124 39.108 41.089 39.067 39.045 39.021 22.998 18.979 0.000 0.000 0.000 0.000 0.000 4.883 26.817 12.704 17.528 60.369 43.243 22.130 32.059 0.000 26.389 3.365 0.000 0.014 0.005 0.001 0.000 0.000 0.000 0.000 0.000 0.058 1.135 1.138 1.142 1.148 1.155 1.164 1.173 1.183 1.192 1.199 1.206 1.211
16.025 34.959 45.894 45.829 45.764 45.700 45.637 45.579 45.530 51.495 0.000 0.000 0.000 0.000 0.000 0.000 5.806 17.807 4.809 19.812 15.815 0.000 0.000 17.990 25.044 36.064 39.071 39.070 39.063 40.053 39.040 39.026 39.010 34.994 23.980 28.971 0.000 0.000 0.000 0.000 14.811 6.811 24.782 0.685 2.407 50.213 49.098 40.974 26.825 26.580 15.414 10.341 0.000 0.000 0.000 0.000 0.000 0.000 0.000 0.000 0.000 1.133 1.135 1.139 1.144 1.151 1.160 1.169 1.180 1.191 1.201 1.211 1.218 1.224
23.092 43.026 46.961 45.897 45.833 45.771 45.711 45.656 45.610 52.583 0.000 0.000 0.000 0.000 0.000 0.000 0.000 14.808 14.810 13.814 16.819 0.847 8.895 16.938 16.974 33.995 40.005 39.009 39.007 39.002 38.995 38.986 39.976 31.967 27.959 21.954 0.000 0.000 0.000 0.000 0.000 6.771 25.731 2.695 0.000 37.041 53.964 50.844 31.689 10.501 9.346 10.247 1.125 0.000 0.000 0.000 0.000 0.000 0.000 0.000 0.000 1.134 1.136 1.141 1.147 1.155 1.165 1.176 1.188 1.201 1.213 1.225 1.234 1.241
31.157 47.092 46.027 45.964 45.901 45.840 45.780 45.724 47.673 45.645 0.000 0.000 0.000 0.000 0.000 0.000 0.000 19.809 25.811 30.815 21.822 20.837 14.866 10.895 21.919 35.937 38.948 38.954 41.956 39.955 38.952 38.948 38.944 33.940 25.936 20.933 0.000 0.000 0.000 0.000 0.000 0.000 17.679 3.661 0.000 31.947 62.873 43.750 22.586 13.392 15.223 13.088 7.961 0.000 0.000 0.000 0.000 0.000 0.000 0.000 0.000 1.135 1.138 1.143 1.151 1.160 1.170 1.183 1.197 1.212 1.227 1.242 1.253 1.262
39.221 47.157 46.094 46.031 45.969 45.907 45.846 46.788 44.713 32.679 16.678 0.000 0.000 0.000 0.000 0.000 0.000 20.809 29.811 29.813 33.816 35.823 18.838 17.856 32.873 38.887 38.898 38.904 39.908 38.911 38.912 38.912 38.913 36.913 24.913 25.910 19.901 0.000 0.000 0.000 0.000 0.000 3.644 3.611 0.000 41.927 29.833 35.699 5.514 25.257 19.066 11.923 11.800 2.677 0.000 0.000 0.000 0.000 0.000 0.000 0.000 1.136 2.139 1.145 1.155 1.164 1.176 1.191 1.207 1.225 1.244 1.263 1.277 1.287
