results4_8e4_rain/res_4e8f-0229.wd
ncols         241
nrows         181
xllcorner     12693529.787448
yllcorner     3542525.717860
cellsize      155.156523
NODATA_value  -9999.000000
[rows 132 to 164 of 181, columns 0 to 72 of 241]
96.413 101.413 105.412 105.411 107.410 107.409 101.407 92.405 78.403 67.401 66.398 67.395 66.391 65.387 70.383 84.378 95.372 100.366 100.358 97.350 89.340 80.328 71.314 65.296 70.273 72.244 71.211 72.173 70.141 65.112 79.083 102.055 69.032 0.000 0.000 0.000 8.817 60.810 72.805 69.786 71.772 77.764 95.765 81.771 65.781 64.793 64.807 76.824 97.842 38.862 11.885 6.919 0.000 0.000 0.000 0.000 0.000 0.000 0.000 0.000 0.000 0.197 3.197 1.197 28.197 8.122 12.047 52.950 75.810 79.712 79.606 89.695 117.161
74.418 76.417 79.417 85.416 95.415 101.414 106.412 106.410 99.408 85.405 74.403 68.399 72.396 79.392 92.387 107.382 106.376 103.370 103.362 106.354 106.343 102.332 90.318 78.301 70.280 65.256 66.230 65.202 66.176 74.152 96.130 104.112 16.101 0.000 0.000 0.000 18.823 46.829 64.854 73.850 74.840 71.829 72.833 82.839 77.846 70.854 74.864 82.876 95.890 36.905 22.925 28.952 8.982 0.000 0.000 0.000 0.000 0.000 0.000 0.000 0.000 0.000 0.000 0.000 10.272 0.000 60.070 81.993 77.876 86.850 77.916 117.281 106.042
66.423 66.422 66.422 68.421 73.420 77.419 84.417 93.415 101.413 104.410 98.408 96.404 98.401 101.397 100.392 93.387 84.381 82.375 82.367 87.359 93.349 100.338 103.324 102.309 91.291 81.271 76.250 74.228 83.208 99.189 100.174 86.163 19.158 0.000 0.000 0.000 0.000 0.000 47.930 74.922 53.907 41.878 56.898 71.906 86.910 90.915 92.920 93.926 89.935 16.946 3.956 31.985 29.011 17.038 23.050 17.054 0.000 0.000 0.000 0.000 0.000 0.000 44.487 14.437 80.347 102.283 135.140 91.116 86.171 67.130 103.197 107.721 107.631
67.428 67.427 67.427 67.426 66.425 65.424 67.422 72.420 78.418 88.416 98.413 100.410 93.406 83.402 77.398 69.393 65.387 65.381 65.373 67.365 72.356 78.345 85.333 97.320 102.304 104.288 103.271 99.254 102.238 95.224 77.213 69.208 48.211 6.232 0.000 0.000 0.000 0.000 41.014 74.000 16.990 0.000 49.975 74.975 93.975 101.974 87.974 90.974 76.978 34.986 1.000 59.019 28.039 20.054 31.057 31.059 2.061 0.000 0.000 0.000 0.000 31.589 50.536 123.478 152.402 135.285 118.842 117.790 109.462 108.104 107.984 107.857 73.080
67.433 67.433 67.432 67.432 67.431 67.429 67.428 66.426 66.424 69.422 75.419 74.416 70.412 66.408 66.404 66.399 67.393 67.387 67.381 67.373 66.364 65.355 67.344 73.332 80.319 89.305 97.291 93.278 82.265 70.255 66.247 71.244 79.246 55.253 33.260 33.252 19.229 20.186 56.112 77.074 27.063 9.078 69.053 101.044 103.039 82.034 85.027 84.018 72.019 61.029 12.029 40.040 14.072 2.081 15.067 2.063 4.062 2.057 0.000 0.000 0.000 12.644 75.590 81.511 77.500 78.661 76.637 108.423 108.323 108.217 75.419 78.200 80.074
67.439 67.439 67.438 67.437 67.436 67.435 67.434 67.432 67.430 67.428 66.425 66.422 66.418 67.414 67.410 67.406 67.401 67.395 67.389 67.381 67.374 67.365 67.355 66.345 65.334 66.323 70.312 68.301 67.291 71.283 74.277 73.274 71.274 73.276 73.275 70.267 70.248 74.218 49.174 35.119 24.110 42.119 87.115 101.110 81.104 74.097 73.083 53.050 49.050 12.081 0.140 0.000 2.130 4.131 0.000 0.000 8.070 23.051 38.007 7.945 21.866 84.722 91.712 89.785 87.773 88.855 108.611 108.519 89.658 96.451 89.309 95.084 86.929
67.445 67.444 67.444 67.443 67.443 67.441 67.440 67.438 67.436 67.434 67.431 67.428 67.425 67.421 67.417 67.413 67.408 67.403 67.397 66.391 73.384 75.376 67.368 66.359 65.350 66.340 68.331 71.323 74.315 73.309 68.305 69.302 76.301 79.300 75.298 69.292 66.280 75.263 6.247 0.000 9.141 82.171 91.177 78.176 70.171 90.165 36.159 0.000 0.000 2.188 3.217 3.215 3.186 4.181 0.000 0.000 33.096 75.070 104.027 64.967 97.854 106.015 102.979 102.071 108.869 108.787 108.701 101.738 103.619 103.320 102.183 101.118 19.037
67.451 67.451 67.450 67.450 67.449 67.448 67.446 67.445 67.443 67.441 70.438 70.435 68.432 72.428 70.424 67.421 67.416 67.412 66.407 64.401 75.395 83.388 69.381 66.373 68.365 71.358 73.351 72.344 69.338 71.334 76.330 78.328 79.327 79.327 74.325 68.322 77.316 96.309 15.304 0.000 0.000 56.248 79.248 76.245 80.239 100.232 34.229 0.000 3.266 3.242 3.248 3.244 3.219 5.226 0.000 31.193 83.150 99.104 102.040 107.043 104.212 101.204 109.093 109.022 108.947 101.042 101.830 102.707 102.390 102.364 95.299 72.209 0.000
67.457 67.457 67.457 67.456 67.455 67.454 67.453 67.452 67.450 68.448 75.445 75.442 52.439 20.435 41.431 71.429 65.425 68.421 74.417 77.412 77.406 73.400 69.394 70.388 73.381 72.375 71.369 73.364 77.360 77.357 79.355 78.354 69.354 64.354 66.354 79.354 98.353 108.353 30.355 0.000 0.000 31.324 87.321 89.316 96.308 95.296 31.296 0.000 3.290 1.290 2.290 3.292 0.000 9.279 35.278 79.244 101.174 104.199 103.294 103.301 102.397 109.227 109.161 101.240 102.044 102.909 102.699 102.557 102.517 94.452 86.412 0.000 0.000
67.464 67.463 67.463 67.463 67.462 67.461 67.460 67.459 67.457 69.456 78.453 89.450 65.446 2.443 8.437 56.437 82.435 74.431 72.427 72.423 70.418 69.413 71.407 73.402 71.397 67.392 69.387 81.383 83.380 73.379 67.378 64.378 64.379 69.381 83.383 99.386 96.390 80.396 52.407 20.434 14.435 58.404 87.395 69.391 60.381 52.347 17.364 1.404 1.339 22.330 13.331 3.343 0.000 28.333 79.317 101.246 103.453 102.454 102.568 109.413 109.353 109.291 101.298 103.186 102.901 102.778 102.727 102.657 96.583 83.522 73.487 0.000 0.000
67.470 67.470 67.470 67.469 67.469 67.468 67.467 67.466 67.465 69.464 79.462 66.459 22.453 4.454 0.000 24.447 78.445 70.442 72.438 71.434 69.430 72.425 73.421 70.416 67.412 63.408 73.404 87.401 74.400 64.399 65.400 70.402 80.404 91.408 102.412 95.417 73.424 68.433 87.445 94.460 95.466 99.463 74.465 35.472 7.479 0.000 1.545 1.550 0.000 35.346 22.361 2.408 33.428 79.380 101.414 103.615 102.641 109.576 109.524 109.470 101.559 102.361 103.254 102.955 102.943 102.886 102.814 103.725 91.648 62.566 51.526 9.526 3.526
66.477 66.477 67.476 67.476 67.476 67.475 67.475 67.474 67.473 70.472 80.471 51.470 0.000 10.466 48.467 50.460 67.456 69.453 57.449 39.446 77.442 72.438 68.434 67.430 65.427 67.423 83.420 86.419 68.418 71.419 83.421 92.425 101.429 99.434 87.440 73.447 66.456 82.467 86.480 74.494 55.506 53.517 41.531 21.551 10.584 4.649 2.666 22.680 17.699 0.000 0.000 27.473 79.533 102.655 103.689 101.809 109.673 109.625 101.717 102.532 103.413 103.222 103.103 103.082 103.032 102.983 105.916 69.786 49.717 0.000 0.000 0.000 0.000
75.484 73.484 70.483 68.483 65.483 65.483 65.483 65.482 64.482 69.481 81.480 64.480 45.482 53.477 71.474 67.471 64.467 70.464 65.461 52.458 72.454 66.451 65.448 65.444 67.441 81.438 89.436 55.435 47.435 97.438 102.442 97.446 86.452 76.459 68.467 64.476 75.486 87.499 55.513 30.530 13.547 4.567 21.590 20.619 10.655 11.698 14.724 42.736 26.717 0.000 0.000 59.768 101.812 100.946 109.808 109.765 109.720 101.751 103.649 103.376 103.271 103.243 105.202 100.154 102.126 103.100 114.079 0.000 0.000 0.000 0.000 0.000 0.000
76.492 78.491 84.489 85.489 85.490 82.490 83.491 82.490 81.490 81.489 83.489 66.488 70.488 69.486 66.483 69.480 69.478 68.475 73.472 75.470 69.467 63.464 65.461 67.458 81.455 86.452 75.450 69.449 78.450 101.454 84.461 75.468 67.475 65.483 67.492 66.502 80.515 89.529 53.546 29.565 17.587 19.613 22.644 14.680 15.721 21.763 23.798 16.821 0.000 0.000 38.010 80.030 109.925 109.888 109.850 101.980 102.789 103.691 103.401 103.400 104.360 104.317 77.276 55.216 90.217 104.212 109.222 49.280 0.000 0.000 0.000 0.000 0.000
69.501 63.499 16.494 18.494 27.497 74.499 71.499 71.499 71.498 75.498 84.497 65.497 66.496 65.494 68.493 72.490 73.488 71.486 70.484 73.482 74.479 71.477 65.475 82.472 88.469 79.466 85.462 102.461 99.463 81.469 69.479 65.488 67.497 67.506 66.516 71.527 87.541 89.557 81.575 84.597 55.622 17.654 9.692 8.737 20.785 27.835 17.883 14.931 6.961 33.130 81.178 109.993 109.960 102.118 102.930 103.820 103.635 103.523 103.510 104.466 102.427 96.389 21.370 0.000 72.313 107.310 104.317 103.338 0.000 0.000 0.000 0.000 0.000
67.511 59.511 0.000 0.506 9.507 70.507 66.507 66.507 66.507 70.507 84.506 62.506 66.505 70.503 72.502 73.500 70.499 67.497 65.495 67.494 77.492 90.490 85.488 86.486 63.483 57.479 109.473 95.470 62.471 22.480 42.499 70.509 67.518 67.528 69.538 62.550 46.565 36.582 48.601 88.624 64.652 17.688 12.734 7.790 16.847 21.908 15.972 21.030 21.113 59.259 110.042 101.304 105.045 103.953 103.768 103.661 103.639 103.606 104.567 104.532 69.495 45.443 31.444 34.453 85.411 106.398 102.400 93.416 11.450 0.000 0.000 0.000 0.000
67.521 67.522 50.527 0.516 10.516 71.516 67.516 67.516 66.516 67.515 82.515 69.514 72.514 74.513 73.512 68.510 65.509 66.508 66.507 65.506 75.505 98.504 94.503 81.501 74.499 65.494 41.481 30.475 17.473 0.000 23.527 72.532 67.539 69.548 52.559 26.572 11.586 8.604 50.624 67.647 36.675 8.713 11.767 16.841 23.906 19.978 14.066 7.143 10.434 58.484 110.105 104.193 103.956 103.780 103.767 103.734 103.696 103.661 101.628 92.599 25.578 0.000 42.511 101.503 106.482 104.471 98.468 88.474 6.485 0.000 0.000 0.000 0.000
64.530 66.531 63.532 0.000 6.526 71.526 66.525 64.525 66.525 70.524 74.524 73.523 73.523 71.522 65.521 66.521 66.520 67.519 67.518 72.518 90.517 89.517 82.517 91.517 89.518 60.518 0.000 0.000 0.000 0.000 21.549 72.552 67.559 70.567 41.578 3.590 37.606 63.623 83.643 52.665 4.686 0.752 0.820 5.904 15.957 16.035 16.136 10.369 6.979 110.283 110.196 103.097 103.947 103.850 103.818 103.783 103.748 105.716 90.685 73.659 33.640 9.632 57.587 87.564 96.545 105.533 94.528 83.528 5.531 0.000 0.000 0.000 0.000
71.538 69.539 58.540 0.000 57.535 65.535 67.534 71.534 72.534 73.533 71.533 72.533 70.532 66.532 66.531 67.531 67.530 66.530 68.530 91.530 90.530 72.530 85.531 83.533 87.536 85.543 48.559 4.569 13.574 43.574 48.569 68.570 67.576 67.584 62.594 54.607 71.622 70.640 64.661 86.684 34.708 0.778 0.845 9.929 14.984 13.061 14.155 38.297 62.685 110.365 105.421 105.173 104.915 103.904 103.867 103.833 104.799 102.768 57.738 34.712 46.690 47.669 101.642 103.619 83.602 93.590 88.583 61.580 26.579 0.000 0.000 0.000 0.000
72.546 73.547 70.547 58.549 72.545 72.544 72.543 73.543 73.543 74.542 86.542 68.542 66.542 66.541 67.541 67.541 67.541 68.541 82.541 93.541 68.542 72.543 99.544 91.547 79.551 82.557 85.566 69.573 74.578 89.581 82.581 70.584 63.590 63.598 74.608 90.621 77.636 49.655 21.677 76.704 65.740 14.798 17.855 22.919 18.986 10.073 12.138 53.418 105.666 110.442 102.400 105.055 105.986 103.950 103.916 103.882 96.849 86.818 43.788 14.762 23.737 24.714 85.691 127.670 108.654 84.641 76.633 55.629 64.627 17.627 0.000 3.842 7.842
77.554 77.554 73.554 73.554 73.553 74.553 74.552 70.552 67.551 66.551 29.551 19.551 70.551 67.551 67.551 67.551 66.551 69.551 93.552 79.552 64.553 70.555 87.557 104.560 99.563 96.569 94.575 90.580 86.585 85.588 93.591 90.596 84.602 80.609 83.620 87.632 49.648 13.666 12.687 28.713 24.752 9.803 18.851 28.906 24.974 16.072 9.233 52.487 110.584 110.515 105.292 107.139 104.029 103.999 104.964 100.929 84.897 77.865 83.836 89.809 73.783 95.759 110.737 127.717 136.701 120.688 82.680 87.675 62.674 0.000 0.000 0.000 0.000
16.561 17.561 77.560 72.561 72.561 67.561 64.561 66.560 61.560 14.560 14.560 3.560 71.560 67.560 67.561 67.561 67.561 85.562 92.562 65.563 67.565 67.566 70.569 76.571 78.575 78.579 74.584 77.589 93.593 86.597 77.601 80.605 87.611 91.619 94.629 91.641 66.656 31.674 14.693 13.710 0.000 2.811 13.839 22.879 6.926 0.000 22.447 82.695 110.651 102.631 106.361 106.100 104.085 104.046 105.010 99.976 86.943 52.911 59.882 102.854 113.827 145.803 136.781 108.761 96.744 113.731 92.722 86.718 61.719 0.746 0.000 0.000 0.000
3.569 12.568 26.566 81.568 66.569 64.569 66.569 66.569 67.569 14.569 5.569 60.569 68.570 67.570 67.570 67.571 69.571 93.572 78.573 64.574 67.576 67.577 67.580 66.582 66.585 66.589 65.593 72.597 101.601 80.605 11.609 19.614 31.619 82.626 92.635 76.646 81.661 68.680 20.702 17.724 2.756 7.790 20.817 12.844 0.000 0.000 40.616 110.780 110.716 105.514 107.257 103.166 104.129 104.092 104.056 104.021 90.988 53.956 68.925 105.897 101.870 135.845 130.822 99.801 104.784 90.770 71.760 89.756 67.758 1.771 0.000 0.000 0.000
65.578 61.578 0.000 73.578 83.578 84.577 65.577 77.577 84.578 60.578 58.578 68.578 67.579 67.579 67.580 67.581 86.581 90.582 65.583 67.584 66.586 65.588 67.590 67.593 67.596 67.599 66.602 74.606 103.609 84.613 30.617 3.621 54.626 79.632 92.639 71.649 61.662 20.683 13.708 16.730 14.754 22.777 26.795 0.820 0.000 19.531 81.787 110.841 102.766 106.492 106.235 104.216 104.174 104.136 104.100 105.065 96.031 84.999 107.968 132.938 120.911 137.884 134.860 128.839 135.820 101.804 78.793 88.787 96.787 25.790 0.000 0.000 0.000
67.586 66.587 61.590 67.587 66.586 14.586 88.586 80.586 67.586 68.586 68.587 67.587 67.588 67.589 67.589 70.590 93.591 76.592 66.593 67.594 73.596 81.598 67.600 65.603 67.606 66.608 69.611 93.615 101.618 76.621 64.624 52.628 74.632 73.636 34.641 19.647 16.655 0.000 5.719 5.733 6.751 7.770 9.782 0.000 22.574 79.739 101.920 110.900 103.729 104.374 104.298 104.257 104.218 104.179 104.142 105.107 96.073 79.040 75.008 107.978 97.949 111.922 114.897 102.873 104.852 76.835 53.821 67.813 134.811 87.813 22.824 12.832 34.837
67.594 67.594 67.595 67.594 67.594 61.594 77.594 93.594 69.595 66.595 67.596 67.596 67.597 67.598 66.599 89.600 91.601 65.602 67.603 68.604 65.606 27.608 86.611 81.613 68.615 66.618 84.620 103.623 87.626 67.629 67.632 68.634 71.637 75.640 12.642 13.645 0.000 2.714 17.715 0.000 0.733 0.000 0.000 0.000 45.677 102.866 111.013 110.957 103.613 104.449 104.334 104.299 104.259 104.221 104.184 103.148 88.113 90.080 110.048 129.017 127.987 132.958 137.931 124.905 122.881 109.860 58.844 56.834 132.829 96.828 34.829 27.833 92.839
67.601 67.602 67.602 67.602 67.602 67.602 67.602 78.602 93.603 69.604 66.604 67.605 67.606 65.607 73.608 94.609 74.610 66.611 68.612 66.613 8.616 5.618 74.621 75.623 81.625 80.627 88.629 87.632 68.634 66.636 68.639 71.641 76.643 76.644 0.000 0.000 0.000 4.712 28.713 15.713 16.715 15.715 0.000 6.749 53.908 108.077 111.066 102.948 104.666 104.402 104.383 104.339 104.300 104.261 104.224 104.188 90.153 86.119 107.086 108.054 108.023 110.993 110.964 109.936 114.908 87.881 63.861 78.850 93.844 32.842 0.000 0.000 36.845
67.609 69.609 69.609 67.609 67.609 67.609 67.610 67.611 78.611 93.612 69.613 64.614 64.615 81.616 93.618 87.619 64.620 67.621 63.622 9.620 6.626 60.629 67.631 67.633 73.634 90.636 90.638 83.640 76.642 68.644 55.646 25.648 90.649 70.650 0.000 0.000 0.000 3.710 17.711 10.712 24.713 13.714 0.000 6.884 26.987 111.170 111.119 103.817 104.553 104.460 104.420 104.378 104.339 104.300 104.263 105.227 100.191 90.157 85.123 84.090 84.058 84.026 83.996 87.965 61.933 5.895 31.870 87.859 83.854 44.853 6.857 0.000 35.849
68.616 5.616 6.616 67.616 66.617 65.617 65.618 64.618 64.619 77.620 92.622 85.623 92.624 94.626 81.627 65.629 72.630 72.632 60.633 0.000 8.638 71.639 67.641 69.642 93.644 100.646 78.647 69.649 76.650 83.652 71.653 7.655 50.656 68.657 0.000 0.000 0.000 4.707 10.709 7.711 21.712 0.000 0.000 6.938 12.254 111.221 109.065 104.782 104.524 104.501 104.457 104.416 104.376 104.338 104.301 104.264 105.229 104.194 102.160 101.125 101.092 102.059 104.028 77.996 19.965 0.000 16.866 72.862 103.860 94.860 67.861 43.860 60.855
67.623 66.623 1.623 66.623 77.624 81.625 85.625 90.626 93.627 94.629 94.630 94.631 80.633 67.635 83.636 100.638 101.640 101.643 94.646 72.651 7.650 68.650 66.651 75.652 103.654 90.655 67.656 66.657 68.658 71.659 62.661 7.662 27.663 27.665 0.000 0.000 0.000 10.702 5.705 0.000 4.712 0.000 14.956 16.173 6.602 111.269 113.016 108.656 104.578 104.535 104.493 104.452 104.413 104.375 104.338 104.301 104.266 104.231 104.196 104.160 105.125 108.091 80.060 13.028 0.000 5.924 0.000 17.863 73.865 104.866 95.867 71.865 48.859
67.630 69.630 65.630 67.631 82.631 81.632 77.633 73.634 72.635 68.637 89.638 79.640 90.642 81.644 97.646 93.648 86.650 87.653 98.655 104.658 93.659 94.660 86.661 94.662 102.663 75.664 66.665 67.666 67.666 66.667 66.668 68.669 63.671 12.673 72.680 63.685 2.689 4.694 0.000 0.000 0.000 5.962 84.005 81.209 111.361 111.316 106.892 107.723 104.606 104.569 104.527 104.487 104.448 104.411 104.374 104.338 104.302 104.267 104.232 106.195 111.156 80.122 20.091 0.000 0.000 2.924 1.924 0.000 14.869 65.873 100.874 50.874 0.000
69.636 5.637 64.637 67.637 67.638 67.639 66.640 67.641 69.643 67.644 79.646 74.648 83.650 94.653 82.655 67.657 68.660 69.662 70.665 75.667 88.669 98.670 104.671 102.672 91.673 67.673 67.674 67.674 67.674 67.675 68.675 91.676 64.677 4.679 68.682 18.685 12.688 5.691 0.000 0.000 0.000 15.949 104.154 106.367 111.404 105.221 104.931 104.667 104.646 104.601 104.561 104.521 104.483 104.445 104.409 104.374 104.339 104.304 106.270 91.233 45.180 12.151 0.000 4.925 2.924 22.924 29.923 0.000 0.000 36.883 98.883 50.883 0.000
70.643 3.643 64.644 67.644 67.645 67.646 67.647 68.649 6.650 66.652 70.654 81.656 81.659 89.661 94.664 80.667 65.670 65.672 65.675 67.677 69.679 70.681 71.682 71.682 70.683 69.683 65.682 65.683 66.683 67.682 78.682 92.682 63.682 57.682 59.683 0.000 0.000 5.691 0.000 0.000 0.000 20.044 103.167 111.489 111.447 104.079 104.811 104.716 104.675 104.633 104.592 104.553 104.516 104.479 104.443 104.409 104.375 104.342 109.311 65.287 0.000 0.000 2.927 0.926 2.924 17.924 24.923 0.000 0.000 39.892 99.892 58.893 0.000
