results4_8e4_rain/res_4e8f-0137.wd
ncols         241
nrows         181
xllcorner     12693529.787448
yllcorner     3542525.717860
cellsize      155.156523
NODATA_value  -9999.000000
[rows 66 to 98 of 181, columns 73 to 145 of 241]
70.572 34.561 0.000 59.705 76.683 75.654 75.626 0.000 47.033 47.017 60.030 56.040 55.021 54.976 53.908 129.811 117.642 0.000 0.000 0.000 50.400 45.340 50.249 53.190 53.140 55.095 56.053 61.004 61.960 62.911 53.859 0.000 0.000 51.143 101.143 83.055 86.914 86.999 85.049 92.970 85.454 85.931 86.668 85.439 85.215 86.009 55.853 0.000 0.000 0.000 0.000 0.000 0.000 0.000 38.998 36.975 36.937 36.886 36.825 36.761 40.692 53.620 50.546 35.473 46.397 55.324 34.253 37.183 43.114 48.046 43.979 37.913 35.849
55.574 61.549 0.000 47.923 71.888 70.860 64.863 17.948 0.000 0.000 53.108 66.187 55.187 54.156 55.113 36.072 0.000 0.000 0.000 0.000 0.000 0.000 61.185 59.160 57.129 40.091 43.048 50.000 50.964 55.931 46.895 0.000 0.000 0.000 61.382 79.289 86.224 86.314 93.401 93.193 85.528 86.215 85.924 85.712 85.499 80.310 38.176 0.000 2.365 35.365 0.000 0.000 0.000 45.075 40.041 37.008 36.968 36.918 36.861 36.798 36.732 36.663 43.591 57.519 58.447 41.375 35.305 36.236 37.168 41.101 40.035 35.970 35.906
57.582 56.514 61.378 59.177 73.084 66.035 67.019 64.032 0.000 0.000 0.000 68.411 63.384 58.349 60.316 7.293 0.000 0.000 0.000 0.000 0.000 0.000 60.147 56.137 47.126 0.000 0.000 47.983 59.966 58.952 0.000 0.000 7.084 63.966 55.713 59.535 66.612 81.670 93.594 85.271 86.824 86.386 86.195 85.976 83.761 66.555 45.365 51.365 49.365 30.365 0.000 0.000 0.000 3.109 54.084 36.049 37.007 40.957 48.901 38.840 36.775 35.707 39.637 54.567 61.496 53.425 39.356 34.288 36.221 36.155 36.090 36.026 34.962
57.623 55.547 59.443 70.323 64.236 57.178 76.144 65.131 17.148 0.000 10.808 60.663 76.589 71.541 71.508 74.490 0.000 0.000 0.000 0.000 6.102 6.106 58.118 49.116 52.110 0.000 0.000 0.000 95.966 122.959 37.959 0.000 63.203 58.101 57.940 57.847 53.929 93.950 93.778 86.319 89.923 86.668 86.457 86.240 78.012 30.783 0.000 53.365 31.365 0.000 0.000 0.000 42.210 41.169 40.135 36.097 40.054 52.004 56.948 54.887 47.822 37.754 46.685 54.614 33.544 39.474 52.406 49.339 45.273 53.208 34.144 36.081 34.018
55.680 61.608 71.524 63.436 55.360 55.298 68.247 76.200 72.165 75.092 76.953 71.843 66.768 68.718 57.686 56.670 0.000 0.000 0.000 7.095 63.098 62.100 50.102 52.098 53.089 57.070 56.058 0.000 6.973 0.961 0.000 9.586 69.424 62.296 57.135 58.226 56.271 94.108 55.939 63.527 78.122 85.940 86.725 84.516 43.264 0.000 0.000 0.000 0.000 0.000 0.000 43.275 37.251 37.222 37.190 38.152 48.107 57.056 55.999 55.937 51.871 47.803 57.733 40.662 35.592 36.522 36.455 46.388 59.324 46.261 34.199 35.136 41.073
61.747 72.681 62.609 55.536 56.469 56.408 58.347 42.256 68.220 66.158 58.070 54.987 53.922 69.877 71.848 58.833 0.000 0.000 0.000 63.093 59.093 56.093 49.092 53.087 53.078 53.064 53.046 12.018 14.984 15.951 17.892 85.748 82.615 71.484 70.439 59.437 94.387 94.253 57.993 64.641 59.415 66.217 84.988 59.836 0.000 0.000 0.000 0.000 0.000 0.000 0.000 43.300 37.296 37.279 37.251 38.213 47.167 57.114 56.055 54.991 51.923 56.853 50.781 34.710 36.639 36.569 36.502 46.436 54.374 33.313 36.253 39.193 58.128
72.820 62.760 55.696 56.632 56.571 57.517 38.478 0.000 25.302 53.251 56.182 56.112 56.058 54.019 77.995 61.983 0.000 0.000 0.000 40.091 57.089 51.087 52.085 53.080 53.072 53.060 53.045 64.023 3.994 7.974 24.977 77.899 87.794 9.681 91.603 81.794 94.503 56.568 70.210 66.853 56.722 53.525 50.172 35.004 0.000 0.000 38.844 0.000 0.000 0.000 0.000 39.328 37.356 37.348 37.321 37.282 38.234 44.178 52.116 52.049 51.978 55.905 33.831 36.757 36.684 35.614 41.547 58.482 41.421 35.364 38.309 19.253 20.175
62.899 55.843 56.783 56.724 56.666 59.613 15.569 13.534 6.434 51.363 56.294 58.222 56.178 55.148 73.129 69.120 0.000 0.000 0.000 0.000 48.084 51.083 53.080 53.076 53.069 53.061 55.050 41.036 0.000 0.000 75.144 78.077 88.984 94.854 88.956 86.993 94.603 77.618 80.319 65.161 58.065 50.991 0.000 0.000 0.000 0.000 36.844 0.000 0.000 0.000 0.000 0.000 40.451 37.435 37.404 37.361 37.309 37.249 37.183 44.111 52.035 39.957 36.879 36.803 36.728 39.656 52.589 52.525 34.466 36.413 39.366 6.334 0.000
55.983 56.928 56.871 56.813 56.756 56.701 60.650 61.600 61.535 57.474 57.408 37.305 54.285 55.266 71.252 70.248 0.000 0.000 0.000 0.000 47.081 53.080 53.078 53.074 53.069 53.064 41.057 0.000 0.000 3.514 80.379 86.282 89.180 89.126 88.203 94.737 87.101 89.817 84.505 69.446 59.386 58.382 58.518 0.000 0.000 0.000 33.845 40.845 33.845 0.000 0.000 0.000 55.563 36.537 37.498 37.450 37.393 38.327 37.254 37.176 37.094 37.010 36.927 36.846 35.769 41.695 56.626 33.563 36.505 36.454 38.411 13.382 0.000
57.070 57.016 56.960 56.902 56.843 56.785 56.731 56.680 56.633 56.591 60.558 0.000 47.391 56.378 72.367 67.372 3.417 0.000 0.000 0.000 52.079 55.078 55.076 55.073 53.070 56.068 0.000 0.000 0.000 72.649 78.576 89.490 89.370 89.478 87.526 94.944 88.235 92.878 88.769 89.702 77.653 65.633 54.653 49.653 51.653 0.000 0.000 39.846 34.845 40.840 41.826 39.790 45.702 55.650 37.602 38.548 47.485 54.412 36.332 37.245 37.155 37.063 36.973 35.887 40.805 59.729 53.659 42.596 35.538 36.487 38.441 53.401 71.357
57.160 57.107 57.051 56.992 56.930 56.865 56.807 59.758 57.727 56.697 60.675 0.000 47.509 56.487 73.466 65.457 5.462 0.000 0.000 0.000 25.078 35.077 34.075 34.073 55.071 40.070 0.000 0.000 0.000 74.857 84.790 89.701 89.659 88.762 95.575 95.277 89.300 90.143 89.001 88.944 89.889 80.845 45.809 0.000 0.000 0.000 0.000 37.847 37.849 34.849 36.848 37.841 36.804 43.762 57.712 40.654 38.586 48.506 36.416 37.318 37.216 37.115 37.016 36.923 44.836 57.757 44.686 56.622 34.565 35.514 40.467 61.424 73.379
57.254 57.201 57.145 57.085 57.018 59.940 61.875 33.817 54.818 57.797 59.771 19.747 50.651 55.595 67.553 65.526 6.513 0.000 0.000 0.000 0.000 0.000 1.074 1.073 36.072 0.000 0.000 0.000 23.299 73.131 90.024 89.905 90.022 88.107 95.845 87.886 93.593 89.288 89.242 89.175 89.115 79.049 39.929 0.000 0.000 0.000 0.000 0.000 40.855 41.860 28.877 36.923 37.913 37.879 41.832 57.771 40.698 37.610 37.508 37.395 37.278 37.163 35.054 40.952 59.859 40.777 39.705 53.642 37.586 35.536 42.491 68.448 73.405
57.349 57.296 57.243 57.186 59.117 34.999 36.937 0.000 16.932 52.902 56.864 60.819 56.752 59.688 64.625 69.582 8.551 0.000 0.000 0.000 0.000 2.073 54.073 61.073 0.000 0.000 0.000 6.586 82.467 84.347 90.240 90.196 89.315 96.332 96.097 88.948 89.663 89.535 89.465 89.402 88.347 68.308 0.000 0.000 0.000 0.000 0.000 0.000 0.000 32.860 0.000 44.060 41.044 37.011 36.964 38.901 55.824 44.729 36.612 37.475 37.338 36.207 41.085 42.973 41.872 38.787 36.716 36.654 36.601 37.554 50.512 72.472 73.434
57.445 57.393 57.344 57.300 62.266 0.276 0.000 23.167 15.074 49.016 57.965 55.912 57.851 69.781 41.678 35.627 0.592 0.000 0.000 0.000 0.000 52.073 58.073 60.073 0.000 0.000 0.000 69.705 74.636 88.548 90.431 90.562 88.657 96.548 88.447 90.123 89.817 89.758 89.684 89.619 81.564 58.527 0.000 0.000 0.000 0.000 0.000 0.000 0.000 0.000 0.000 48.213 43.194 37.159 35.110 38.047 37.969 53.868 46.735 37.557 38.391 36.241 43.106 42.982 39.870 33.784 36.716 36.659 38.611 52.568 71.529 73.495 76.463
58.537 56.487 56.441 56.403 59.379 29.387 26.347 58.259 63.184 57.123 55.068 62.014 71.958 74.907 0.000 0.000 0.000 0.000 0.000 0.000 0.000 20.073 27.073 29.073 0.000 0.000 0.000 71.893 79.828 89.740 90.731 89.770 96.947 96.754 89.478 90.183 90.045 89.967 89.895 89.828 71.764 53.708 0.000 0.000 0.000 0.000 0.000 0.000 0.000 0.000 0.000 46.384 44.360 44.320 41.270 34.209 36.136 37.042 52.902 52.629 49.427 46.261 39.116 37.980 34.842 35.763 36.705 40.656 60.614 72.577 72.544 73.515 72.489
72.625 71.575 70.531 68.492 65.462 66.438 66.397 63.338 64.278 66.223 66.170 72.117 74.059 31.983 0.000 0.000 0.000 0.000 0.000 0.000 0.000 0.000 0.000 0.000 0.000 10.406 18.326 73.145 90.037 90.945 90.895 90.123 97.128 88.953 90.629 90.317 90.252 90.171 90.100 88.032 69.958 40.833 0.000 0.000 0.000 0.000 0.000 0.000 0.000 0.000 0.000 36.581 40.542 43.493 44.439 43.383 40.323 36.261 30.203 0.000 0.000 0.000 0.000 0.000 38.755 36.722 39.684 60.647 73.613 72.582 73.555 76.530 72.510
68.708 70.658 69.614 71.574 73.539 72.505 71.465 69.418 67.369 67.321 68.273 64.224 64.179 0.000 0.000 0.000 0.000 0.000 0.000 0.000 0.000 0.000 0.000 0.000 0.000 59.485 82.428 81.325 90.231 91.119 91.245 89.348 97.295 91.047 90.653 90.529 90.445 90.369 90.300 86.243 66.202 0.000 0.000 0.000 0.000 0.000 0.000 0.000 0.000 0.000 43.960 38.816 35.733 37.669 42.613 44.561 44.514 45.474 36.448 0.000 0.000 0.000 0.000 0.000 39.701 37.685 53.661 74.635 72.609 72.584 72.562 73.542 72.526
56.785 56.736 57.692 64.651 73.614 79.578 67.540 61.500 56.459 54.418 53.376 59.329 38.254 0.000 0.000 0.000 0.000 0.000 0.000 0.000 0.000 0.000 0.000 0.000 0.000 65.622 81.575 89.499 91.412 91.379 90.508 97.593 97.450 93.065 90.872 90.711 90.634 90.557 90.490 85.437 60.405 0.000 0.000 0.000 0.000 0.000 0.000 0.000 0.000 44.224 39.103 38.992 38.906 37.838 34.781 39.735 43.698 44.674 41.666 0.000 0.000 0.000 0.000 42.652 36.663 40.657 68.642 72.623 72.604 72.584 72.566 72.551 72.538
55.857 55.809 59.766 64.726 66.688 69.653 59.618 55.583 56.548 56.515 58.485 36.461 0.000 0.000 0.000 0.000 0.000 0.000 0.000 0.000 0.000 0.000 0.000 0.000 0.000 51.805 80.753 90.682 91.580 91.709 89.818 97.724 90.613 92.288 90.968 90.903 90.815 90.736 90.666 81.610 54.576 0.000 0.000 0.000 0.000 0.000 0.000 0.000 43.456 39.344 39.238 39.142 39.061 38.995 38.941 35.898 34.869 37.858 44.876 44.960 0.000 0.000 0.000 36.641 37.642 55.637 72.627 71.613 71.598 72.583 72.569 72.556 72.546
55.925 55.878 57.836 58.797 56.761 55.727 56.695 55.665 55.637 55.611 60.588 5.570 0.000 0.000 0.000 0.000 0.000 0.000 0.000 0.000 0.000 0.000 0.000 0.000 3.176 60.040 88.951 91.867 91.836 90.966 97.963 97.848 93.612 91.313 91.168 91.078 90.991 90.907 91.829 71.760 59.712 0.000 0.000 43.071 0.000 42.831 44.787 44.701 39.568 39.459 39.363 39.276 39.202 39.139 39.088 39.049 38.023 35.012 44.020 45.044 38.044 0.000 0.000 44.629 36.627 44.623 50.615 53.604 57.593 63.581 69.569 71.560 71.552
56.988 56.944 56.903 56.866 56.831 55.800 55.771 55.745 55.722 54.703 62.685 13.661 0.000 0.000 0.000 0.000 0.000 0.000 0.000 0.000 0.000 0.000 0.000 0.000 44.312 80.229 91.143 92.033 92.173 90.265 98.067 91.065 92.739 91.423 91.348 91.252 91.161 91.072 91.983 63.890 41.801 0.000 0.000 39.071 0.000 37.876 39.827 39.750 39.654 39.562 39.477 39.400 39.331 39.273 39.225 39.187 37.162 39.148 45.147 42.153 0.000 0.000 0.000 43.619 42.616 41.612 40.605 39.597 38.587 42.578 53.569 49.561 51.555
55.047 55.005 54.967 54.931 54.899 54.870 54.844 55.822 57.805 59.793 34.789 1.794 0.000 0.000 0.000 0.000 0.000 0.000 0.000 2.544 11.536 0.000 0.000 14.673 55.531 86.425 92.322 92.311 91.338 98.248 98.162 94.057 91.762 91.613 91.519 91.424 91.331 91.237 87.141 34.016 0.000 0.000 0.000 39.071 45.051 39.971 39.896 39.817 39.737 39.659 39.584 39.514 39.451 39.396 39.350 39.314 36.288 45.273 45.267 41.268 0.000 0.000 0.000 42.611 41.608 42.603 42.597 42.590 42.583 42.575 41.568 41.561 40.556
56.103 56.063 59.027 62.994 65.964 69.937 71.914 74.895 73.882 65.876 3.884 14.918 38.971 6.996 0.000 0.000 0.000 0.000 0.000 42.552 69.528 9.489 0.000 48.815 81.716 91.607 92.507 92.438 91.661 98.321 90.495 92.181 91.864 91.788 91.690 91.595 91.499 92.404 79.329 0.000 0.000 0.000 0.000 19.092 39.112 40.060 41.968 41.886 39.819 39.752 39.686 39.621 39.562 39.510 39.465 36.430 41.404 44.388 45.382 36.383 0.000 0.000 0.000 26.606 47.601 47.596 44.591 41.584 41.578 42.572 43.566 43.561 42.556
58.155 57.118 64.084 73.053 74.025 73.000 71.979 70.962 67.950 61.946 36.952 53.972 71.999 41.021 25.043 1.057 0.000 0.000 13.623 52.585 66.534 5.450 24.289 66.056 90.908 93.792 92.634 92.846 90.821 98.384 92.481 92.196 92.048 91.956 91.862 91.767 91.666 93.553 37.441 0.000 0.000 0.000 0.000 0.000 35.246 41.188 22.032 21.939 38.900 39.846 39.786 39.724 39.667 39.616 38.572 36.537 45.511 45.494 42.488 36.499 42.545 0.000 0.000 0.000 58.594 73.590 66.585 62.579 58.573 54.568 57.563 57.559 40.556
58.204 58.170 61.139 64.110 63.084 61.060 59.040 57.023 55.012 55.006 64.008 66.017 63.032 60.046 64.060 12.070 0.000 0.000 53.661 83.630 34.574 30.488 64.363 88.210 93.078 92.935 93.053 91.008 98.467 90.887 92.602 92.288 92.217 92.123 92.033 91.944 94.847 51.700 0.000 0.000 0.000 0.000 0.000 0.000 37.437 42.415 0.000 0.000 35.995 39.948 39.886 39.823 39.765 39.714 36.671 44.635 45.607 44.589 35.579 39.580 39.592 0.000 0.000 0.000 26.590 56.587 74.580 73.574 73.568 73.564 73.560 67.557 57.554
58.251 58.221 58.192 57.164 57.139 58.116 58.096 58.080 56.067 57.058 62.055 65.058 61.064 56.073 59.080 14.085 0.000 0.000 45.730 55.699 33.644 66.565 81.463 90.345 93.230 93.162 92.261 98.840 98.606 91.879 92.608 92.466 92.378 92.289 92.205 92.129 95.077 0.000 0.000 10.449 19.449 0.000 0.000 38.749 41.651 40.619 47.659 0.000 36.137 40.066 39.987 39.917 39.857 37.805 39.761 45.725 45.696 37.674 38.659 39.651 39.649 0.000 0.000 0.000 0.000 0.000 56.573 72.567 72.563 72.559 72.556 73.553 73.551
58.297 58.269 58.242 58.217 58.192 58.170 58.150 57.133 56.118 60.106 64.098 64.094 59.095 55.099 60.104 13.106 0.000 0.000 41.830 10.794 57.738 81.665 87.578 93.486 93.337 93.548 91.538 99.049 91.299 93.011 92.699 92.630 92.539 92.452 92.368 99.289 83.256 0.000 6.449 56.450 42.449 0.000 0.000 33.846 41.800 40.752 40.698 46.576 44.349 43.192 40.079 40.001 39.940 36.889 44.845 45.808 41.777 36.752 39.733 39.717 41.704 45.715 0.000 0.000 0.000 0.000 0.000 69.560 72.557 72.555 72.552 73.550 71.548
58.344 58.318 58.292 58.267 58.244 58.222 57.201 56.183 58.165 62.149 65.135 61.126 56.123 55.126 58.130 40.129 27.117 28.069 23.967 24.907 64.848 85.781 91.706 93.598 93.739 91.731 99.414 99.240 92.306 93.020 92.875 92.786 92.697 92.612 97.524 40.405 55.401 25.438 56.448 64.450 0.000 0.000 0.000 32.990 41.951 40.891 40.808 50.679 61.492 35.274 45.137 41.068 38.014 39.965 45.922 44.884 35.852 38.826 39.804 39.780 26.737 27.726 0.000 0.000 0.000 0.000 0.000 50.554 71.552 72.550 72.548 76.546 72.544
58.391 58.366 58.341 58.317 58.294 58.272 56.251 56.231 60.212 67.191 68.167 64.152 59.147 57.150 57.160 59.163 59.153 68.122 9.064 43.019 80.966 87.905 93.837 93.806 92.940 99.726 99.575 92.663 93.445 93.108 93.035 92.940 92.853 92.773 100.714 0.000 38.504 40.466 30.456 32.453 0.000 0.000 0.000 36.173 42.123 41.052 46.962 62.842 39.667 0.000 26.128 39.120 37.082 45.037 45.993 41.954 38.922 39.895 39.875 41.862 0.000 0.000 0.000 0.000 0.000 0.000 42.550 23.551 62.547 72.545 72.544 77.542 72.540
58.439 58.413 58.389 58.365 58.342 57.321 56.300 58.280 65.260 42.235 18.190 17.168 14.161 44.170 61.197 56.209 59.211 40.201 2.175 48.138 86.092 92.044 93.935 94.181 92.206 99.865 92.997 93.775 93.345 93.287 93.182 93.089 93.000 93.916 91.843 13.787 13.645 0.000 0.000 0.000 0.000 0.000 35.543 43.406 41.316 40.233 60.146 64.061 0.000 0.000 0.000 35.200 41.158 46.108 46.060 36.019 39.985 39.959 39.941 42.931 0.000 0.000 0.000 0.000 0.000 0.000 21.550 0.000 50.542 72.541 72.540 78.538 72.537
58.485 58.460 58.436 58.413 57.390 56.368 58.348 61.329 69.313 28.301 0.000 0.000 0.000 0.000 43.249 58.265 59.283 45.296 47.295 73.265 90.229 94.158 94.334 92.358 100.109 99.992 93.979 93.675 93.528 93.426 93.329 93.234 93.141 96.047 80.957 9.872 0.000 0.000 0.000 0.000 0.000 0.000 35.681 42.592 41.502 39.418 67.328 28.194 0.000 0.000 41.433 46.323 46.242 46.176 44.120 39.075 40.040 40.014 39.998 41.991 0.000 46.070 0.000 0.000 0.000 0.000 0.000 0.000 43.537 72.536 72.536 72.535 72.534
58.531 58.507 58.483 58.460 57.437 56.415 60.394 64.376 68.362 26.354 0.000 0.000 0.000 0.000 23.285 66.320 61.358 67.405 80.418 89.403 93.367 94.378 93.531 100.316 100.216 93.314 94.091 93.750 93.669 93.567 93.472 93.378 97.282 60.175 32.066 0.000 0.000 0.000 0.000 0.000 0.000 38.090 42.907 41.780 43.684 40.608 64.553 0.000 0.000 36.678 43.543 59.415 48.313 45.233 41.171 39.123 39.086 40.061 40.046 40.044 45.064 41.070 32.070 0.000 0.000 0.000 39.529 41.530 40.532 72.533 72.532 72.532 72.531
58.576 58.553 58.530 58.506 56.483 58.460 64.437 65.418 63.404 50.400 11.415 0.000 0.000 0.000 0.000 19.373 15.426 55.546 86.572 90.557 94.502 94.675 92.801 100.406 92.625 94.406 93.973 93.910 95.801 94.704 93.612 93.525 99.434 22.304 0.000 0.000 0.000 0.000 0.000 19.573 58.480 58.273 46.078 42.936 53.846 48.775 49.725 10.729 0.000 34.812 39.648 50.482 46.361 50.273 44.207 47.158 46.122 43.096 40.081 39.075 39.077 45.077 0.000 0.000 0.000 0.000 36.529 36.529 46.529 72.530 72.529 72.529 72.529
