results4_8e4_rain/res_4e8f-0226.wd
ncols         241
nrows         181
xllcorner     12693529.787448
yllcorner     3542525.717860
cellsize      155.156523
NODATA_value  -9999.000000
[rows 132 to 164 of 181, columns 0 to 72 of 241]
96.407 101.406 105.406 105.405 107.404 107.403 101.401 92.399 78.397 67.394 66.392 67.388 66.385 65.381 70.376 84.371 95.366 100.359 100.352 97.343 89.333 80.322 71.307 65.289 70.267 72.238 71.204 72.167 70.135 65.105 79.076 102.048 69.025 0.000 0.000 0.000 8.810 60.804 72.799 69.780 71.765 77.758 95.759 81.765 65.774 64.786 64.800 76.817 97.835 38.855 11.878 6.912 0.000 0.000 0.000 0.000 0.000 0.000 0.000 0.000 0.000 0.191 3.191 1.191 28.191 8.116 12.040 52.944 75.803 79.706 79.600 89.688 117.155
74.411 76.411 79.410 85.410 95.409 101.407 106.406 106.404 99.402 85.399 74.396 68.393 72.389 79.385 92.381 107.376 106.370 103.363 103.356 106.347 106.337 102.325 90.311 78.294 70.274 65.250 66.223 65.195 66.169 74.145 96.124 104.106 16.094 0.000 0.000 0.000 18.816 46.822 64.847 73.844 74.833 71.822 72.826 82.832 77.839 70.848 74.858 82.869 95.883 36.899 22.918 28.946 8.975 0.000 0.000 0.000 0.000 0.000 0.000 0.000 0.000 0.000 0.000 0.000 10.266 0.000 60.064 81.987 77.869 86.844 77.909 117.275 106.036
66.416 66.416 66.415 68.415 73.414 77.412 84.411 93.409 101.407 104.404 98.401 96.398 98.394 101.390 100.386 93.381 84.375 82.368 82.361 87.352 93.343 100.331 103.318 102.303 91.285 81.265 76.244 74.222 83.201 99.183 100.167 86.156 19.152 0.000 0.000 0.000 0.000 0.000 47.923 74.915 53.901 41.871 56.891 71.899 86.904 90.908 92.913 93.919 89.928 16.939 3.950 31.978 29.004 17.032 23.044 17.048 0.000 0.000 0.000 0.000 0.000 0.000 44.480 14.430 80.341 102.277 135.134 91.110 86.164 67.124 103.191 107.715 107.625
67.421 67.421 67.421 67.420 66.419 65.418 67.416 72.414 78.412 88.409 98.407 100.403 93.400 83.396 77.391 69.386 65.381 65.374 65.367 67.359 72.350 78.339 85.327 97.313 102.298 104.282 103.264 99.247 102.231 95.217 77.207 69.201 48.204 6.226 0.000 0.000 0.000 0.000 41.007 73.993 16.983 0.000 49.969 74.968 93.968 101.968 87.967 90.967 76.972 34.979 0.993 59.012 28.032 20.047 31.051 31.052 2.054 0.000 0.000 0.000 0.000 31.583 50.530 123.472 152.396 135.279 118.836 117.783 109.456 108.097 107.978 107.851 73.073
67.427 67.427 67.426 67.425 67.424 67.423 67.422 66.420 66.418 69.415 75.412 74.409 70.406 66.402 66.397 66.392 67.387 67.381 67.374 67.366 66.358 65.348 67.337 73.325 80.313 89.299 97.285 93.271 82.259 70.248 66.241 71.237 79.239 55.247 33.254 33.245 19.222 20.180 56.105 77.067 27.057 9.072 69.047 101.038 103.033 82.028 85.021 84.011 72.012 61.022 12.022 40.033 14.066 2.074 15.061 2.056 4.056 2.050 0.000 0.000 0.000 12.637 75.584 81.505 77.494 78.655 76.630 108.417 108.317 108.211 75.413 78.193 80.068
67.432 67.432 67.432 67.431 67.430 67.429 67.427 67.426 67.424 67.421 66.418 66.415 66.412 67.408 67.404 67.399 67.394 67.388 67.382 67.375 67.367 67.359 67.349 66.339 65.328 66.316 70.305 68.294 67.285 71.277 74.271 73.268 71.268 73.269 73.269 70.260 70.242 74.212 49.168 35.113 24.104 42.112 87.108 101.103 81.098 74.090 73.077 53.044 49.043 12.074 0.134 0.000 2.123 4.124 0.000 0.000 8.063 23.045 38.001 7.938 21.859 84.716 91.705 89.779 87.766 88.848 108.605 108.513 89.652 96.445 89.302 95.078 86.922
67.438 67.438 67.438 67.437 67.436 67.435 67.434 67.432 67.430 67.428 67.425 67.422 67.418 67.415 67.411 67.406 67.402 67.397 67.391 66.384 73.377 75.370 67.361 66.353 65.343 66.334 68.325 71.316 74.309 73.303 68.298 69.296 76.295 79.294 75.292 69.285 66.273 75.257 6.241 0.000 9.134 82.165 91.171 78.169 70.164 90.158 36.152 0.000 0.000 2.181 3.210 3.209 3.180 4.175 0.000 0.000 33.089 75.064 104.021 64.960 97.847 106.008 102.973 102.065 108.862 108.780 108.695 101.732 103.612 103.313 102.177 101.112 19.031
67.444 67.444 67.444 67.443 67.442 67.441 67.440 67.439 67.437 67.434 70.432 70.429 68.425 72.422 70.418 67.414 67.410 67.405 66.400 64.395 75.388 83.382 69.374 66.367 68.359 71.351 73.344 72.338 69.332 71.327 76.324 78.322 79.321 79.320 74.319 68.315 77.309 96.303 15.297 0.000 0.000 56.241 79.241 76.238 80.232 100.226 34.223 0.000 3.260 3.235 3.242 3.237 3.212 5.220 0.000 31.186 83.144 99.098 102.034 107.037 104.206 101.198 109.086 109.015 108.941 101.035 101.823 102.700 102.384 102.358 95.292 72.203 0.000
67.451 67.451 67.450 67.450 67.449 67.448 67.447 67.445 67.444 68.442 75.439 75.436 52.433 20.429 41.425 71.422 65.419 68.415 74.410 77.405 77.400 73.394 69.388 70.381 73.375 72.368 71.363 73.358 77.353 77.350 79.348 78.347 69.347 64.347 66.348 79.347 98.347 108.347 30.348 0.000 0.000 31.318 87.314 89.310 96.302 95.289 31.290 0.000 3.284 1.283 2.284 3.286 0.000 9.272 35.271 79.237 101.168 104.193 103.288 103.295 102.390 109.221 109.155 101.234 102.037 102.903 102.692 102.551 102.510 94.446 86.406 0.000 0.000
67.457 67.457 67.457 67.456 67.456 67.455 67.454 67.453 67.451 69.449 78.447 89.444 65.440 2.437 8.431 56.431 82.428 74.425 72.421 72.416 70.411 69.406 71.401 73.395 71.390 67.385 69.381 81.377 83.374 73.372 67.372 64.372 64.373 69.375 83.377 99.380 96.383 80.389 52.401 20.428 14.428 58.398 87.389 69.385 60.375 52.341 17.357 1.397 1.333 22.324 13.325 3.337 0.000 28.327 79.311 101.240 103.447 102.447 102.562 109.407 109.347 109.285 101.292 103.180 102.895 102.772 102.720 102.650 96.577 83.516 73.481 0.000 0.000
67.464 67.464 67.463 67.463 67.462 67.462 67.461 67.460 67.459 69.457 79.455 66.452 22.447 4.448 0.000 24.441 78.439 70.435 72.432 71.428 69.423 72.419 73.414 70.410 67.405 63.401 73.398 87.395 74.394 64.393 65.394 70.395 80.398 91.402 102.406 95.411 73.418 68.427 87.439 94.453 95.459 99.457 74.459 35.465 7.473 0.000 1.539 1.544 0.000 35.339 22.355 2.402 33.422 79.374 101.407 103.608 102.635 109.570 109.518 109.464 101.553 102.355 103.248 102.949 102.937 102.880 102.807 103.719 91.642 62.559 51.520 9.520 3.520
66.471 66.471 67.470 67.470 67.469 67.469 67.469 67.468 67.467 70.466 80.465 51.463 0.000 10.460 48.460 50.454 67.450 69.446 57.443 39.439 77.436 72.432 68.428 67.424 65.420 67.417 83.414 86.412 68.412 71.413 83.415 92.418 101.422 99.428 87.434 73.441 66.450 82.461 86.473 74.488 55.500 53.510 41.525 21.545 10.578 4.644 2.661 22.675 17.694 0.000 0.000 27.467 79.526 102.649 103.682 101.803 109.667 109.619 101.711 102.525 103.407 103.216 103.097 103.076 103.026 102.977 105.909 69.780 49.711 0.000 0.000 0.000 0.000
75.478 73.478 70.477 68.476 65.476 65.476 65.476 65.476 64.475 69.474 81.474 64.474 45.475 53.470 71.468 67.464 64.461 70.458 65.454 52.451 72.448 66.445 65.441 65.438 67.435 81.432 89.429 55.428 47.429 97.431 102.435 97.440 86.446 76.453 68.460 64.469 75.480 87.493 55.507 30.524 13.541 4.561 21.584 20.613 10.650 11.692 14.719 42.730 26.712 0.000 0.000 59.762 101.805 100.940 109.802 109.759 109.714 101.745 103.642 103.370 103.265 103.237 105.196 100.148 102.120 103.094 114.073 0.000 0.000 0.000 0.000 0.000 0.000
76.486 78.485 84.483 85.483 85.484 82.484 83.484 82.484 81.484 81.483 83.482 66.482 70.481 69.479 66.477 69.474 69.471 68.469 73.466 75.463 69.460 63.458 65.455 67.452 81.449 86.446 75.443 69.443 78.444 101.448 84.454 75.461 67.469 65.477 67.486 66.496 80.508 89.523 53.539 29.559 17.581 19.607 22.638 14.674 15.715 21.757 23.792 16.815 0.000 0.000 38.003 80.024 109.919 109.882 109.844 101.974 102.783 103.684 103.395 103.394 104.354 104.311 77.269 55.209 90.210 104.206 109.216 49.274 0.000 0.000 0.000 0.000 0.000
69.494 63.493 16.488 18.488 27.491 74.492 71.492 71.492 71.492 75.492 84.491 65.490 66.490 65.488 68.486 72.484 73.482 71.480 70.477 73.475 74.473 71.471 65.468 82.466 88.463 79.459 85.456 102.455 99.457 81.463 69.473 65.482 67.490 67.499 66.510 71.521 87.535 89.550 81.569 84.590 55.616 17.648 9.686 8.731 20.779 27.829 17.878 14.925 6.955 33.125 81.172 109.987 109.954 102.112 102.924 103.814 103.629 103.517 103.504 104.459 102.421 96.383 21.363 0.000 72.306 107.304 104.311 103.331 0.000 0.000 0.000 0.000 0.000
67.505 59.505 0.000 0.500 9.501 70.501 66.501 66.501 66.501 70.500 84.500 62.499 66.498 70.497 72.496 73.494 70.492 67.491 65.489 67.487 77.486 90.484 85.482 86.480 63.477 57.473 109.467 95.464 62.465 22.473 42.492 70.503 67.512 67.521 69.532 62.544 46.559 36.575 48.595 88.618 64.646 17.682 12.728 7.784 16.841 21.902 15.966 21.024 21.108 59.253 110.036 101.298 105.039 103.947 103.762 103.654 103.633 103.600 104.560 104.526 69.489 45.437 31.438 34.446 85.405 106.392 102.393 93.409 11.444 0.000 0.000 0.000 0.000
67.515 67.516 50.520 0.510 10.510 71.510 67.510 67.510 66.509 67.509 82.509 69.508 72.507 74.506 73.505 68.504 65.503 66.502 66.500 65.499 75.498 98.497 94.496 81.495 74.493 65.488 41.474 30.468 17.467 0.000 23.520 72.526 67.533 69.542 52.553 26.565 11.580 8.598 50.618 67.641 36.668 8.707 11.761 16.836 23.900 19.972 14.060 7.138 10.429 58.478 110.099 104.186 103.950 103.774 103.761 103.728 103.690 103.654 101.622 92.593 25.572 0.000 42.505 101.496 106.476 104.464 98.462 88.468 6.479 0.000 0.000 0.000 0.000
64.524 66.525 63.526 0.000 6.519 71.519 66.519 64.519 66.518 70.518 74.518 73.517 73.516 71.516 65.515 66.514 66.513 67.513 67.512 72.511 90.511 89.511 82.511 91.511 89.511 60.512 0.000 0.000 0.000 0.000 21.543 72.546 67.552 70.561 41.571 3.584 37.599 63.617 83.637 52.659 4.680 0.746 0.814 5.898 15.951 16.029 16.131 10.364 6.975 110.277 110.190 103.091 103.941 103.843 103.812 103.776 103.742 105.709 90.679 73.653 33.633 9.626 57.581 87.557 96.539 105.527 94.522 83.522 5.524 0.000 0.000 0.000 0.000
71.532 69.532 58.533 0.000 57.529 65.528 67.528 71.528 72.527 73.527 71.527 72.526 70.526 66.525 66.525 67.524 67.524 66.523 68.523 91.523 90.523 72.524 85.525 83.526 87.530 85.536 48.553 4.562 13.567 43.568 48.562 68.564 67.569 67.577 62.588 54.601 71.616 70.634 64.655 86.678 34.701 0.772 0.839 9.924 14.978 13.055 14.149 38.291 62.680 110.359 105.414 105.167 104.909 103.898 103.861 103.826 104.793 102.761 57.732 34.706 46.683 47.663 101.635 103.613 83.596 93.583 88.576 61.573 26.573 0.000 0.000 0.000 0.000
72.540 73.540 70.541 58.543 72.539 72.538 72.537 73.536 73.536 74.536 86.536 68.535 66.535 66.535 67.535 67.534 67.534 68.534 82.534 93.535 68.535 72.536 99.538 91.540 79.544 82.551 85.560 69.567 74.572 89.574 82.575 70.578 63.583 63.591 74.602 90.615 77.630 49.649 21.671 76.698 65.734 14.792 17.849 22.913 18.981 10.067 12.133 53.413 105.660 110.436 102.394 105.049 105.980 103.944 103.910 103.875 96.843 86.811 43.782 14.755 23.731 24.708 85.684 127.664 108.647 84.635 76.627 55.622 64.621 17.621 0.000 3.835 7.835
77.547 77.547 73.548 73.548 73.547 74.546 74.546 70.545 67.545 66.545 29.545 19.545 70.545 67.544 67.544 67.545 66.545 69.545 93.545 79.546 64.547 70.548 87.550 104.553 99.557 96.562 94.568 90.574 86.579 85.582 93.585 90.589 84.595 80.603 83.613 87.626 49.641 13.660 12.681 28.707 24.746 9.797 18.845 28.900 24.968 16.066 9.227 52.481 110.578 110.509 105.286 107.133 104.023 103.993 104.957 100.923 84.890 77.859 83.830 89.802 73.777 95.753 110.731 127.711 136.694 120.682 82.673 87.668 62.667 0.000 0.000 0.000 0.000
16.555 17.555 77.554 72.555 72.555 67.554 64.554 66.554 61.554 14.554 14.554 3.554 71.554 67.554 67.554 67.554 67.555 85.555 92.556 65.557 67.558 67.560 70.562 76.565 78.568 78.573 74.577 77.582 93.586 86.590 77.594 80.599 87.605 91.613 94.622 91.634 66.650 31.668 14.687 13.704 0.000 2.805 13.834 22.873 6.920 0.000 22.442 82.689 110.645 102.625 106.355 106.093 104.079 104.040 105.004 99.970 86.937 52.905 59.875 102.847 113.821 145.797 136.774 108.754 96.738 113.725 92.716 86.711 61.712 0.739 0.000 0.000 0.000
3.563 12.562 26.559 81.562 66.563 64.563 66.563 66.562 67.562 14.563 5.563 60.563 68.563 67.564 67.564 67.564 69.565 93.566 78.567 64.568 67.569 67.571 67.573 66.576 66.579 66.583 65.587 72.591 101.595 80.599 11.603 19.607 31.613 82.620 92.629 76.640 81.655 68.674 20.695 17.718 2.750 7.784 20.811 12.839 0.000 0.000 40.610 110.774 110.710 105.508 107.250 103.160 104.123 104.086 104.050 104.015 90.981 53.950 68.919 105.890 101.863 135.838 130.815 99.795 104.777 90.763 71.754 89.749 67.751 1.764 0.000 0.000 0.000
65.571 61.571 0.000 73.571 83.571 84.571 65.571 77.571 84.571 60.571 58.572 68.572 67.572 67.573 67.573 67.574 86.575 90.576 65.577 67.578 66.580 65.582 67.584 67.586 67.589 67.593 66.596 74.599 103.603 84.607 30.611 3.615 54.620 79.626 92.633 71.642 61.656 20.677 13.702 16.724 14.747 22.771 26.789 0.814 0.000 19.525 81.781 110.835 102.760 106.486 106.229 104.210 104.168 104.130 104.094 105.058 96.025 84.992 107.961 132.932 120.904 137.878 134.854 128.832 135.813 101.798 78.787 88.781 96.780 25.784 0.000 0.000 0.000
67.580 66.581 61.583 67.580 66.580 14.579 88.579 80.579 67.580 68.580 68.580 67.581 67.582 67.582 67.583 70.584 93.585 76.586 66.587 67.588 73.590 81.592 67.594 65.597 67.599 66.602 69.605 93.608 101.611 76.615 64.618 52.622 74.626 73.630 34.635 19.641 16.648 0.000 5.713 5.727 6.745 7.764 9.776 0.000 22.569 79.733 101.914 110.895 103.723 104.368 104.292 104.251 104.211 104.173 104.136 105.101 96.067 79.034 75.002 107.972 97.943 111.916 114.890 102.867 104.846 76.828 53.815 67.807 134.804 87.807 22.818 12.825 34.830
67.588 67.588 67.589 67.588 67.588 61.587 77.588 93.588 69.588 66.589 67.589 67.590 67.591 67.592 66.592 89.593 91.594 65.595 67.596 68.598 65.600 27.602 86.604 81.606 68.609 66.611 84.614 103.617 87.619 67.622 67.625 68.628 71.631 75.634 12.636 13.638 0.000 2.708 17.709 0.000 0.727 0.000 0.000 0.000 45.672 102.860 111.007 110.952 103.607 104.443 104.328 104.293 104.253 104.215 104.178 103.142 88.107 90.074 110.041 129.010 127.980 132.952 137.925 124.899 122.875 109.854 58.838 56.827 132.822 96.821 34.822 27.826 92.832
67.595 67.595 67.595 67.595 67.595 67.595 67.596 78.596 93.597 69.597 66.598 67.599 67.600 65.601 73.602 94.603 74.604 66.605 68.606 66.607 8.609 5.612 74.614 75.616 81.618 80.621 88.623 87.625 68.628 66.630 68.632 71.635 76.637 76.638 0.000 0.000 0.000 4.706 28.707 15.707 16.709 15.708 0.000 6.744 53.902 108.071 111.060 102.942 104.660 104.395 104.377 104.333 104.293 104.255 104.218 104.182 90.147 86.113 107.080 108.047 108.016 110.986 110.957 109.929 114.901 87.874 63.855 78.843 93.837 32.835 0.000 0.000 36.838
67.602 69.602 69.602 67.602 67.603 67.603 67.603 67.604 78.605 93.606 69.607 64.608 64.609 81.610 93.611 87.613 64.614 67.615 63.615 9.614 6.619 60.622 67.624 67.626 73.628 90.630 90.632 83.634 76.636 68.638 55.640 25.641 90.643 70.644 0.000 0.000 0.000 3.704 17.705 10.706 24.707 13.708 0.000 6.880 26.982 111.165 111.113 103.811 104.547 104.454 104.413 104.372 104.333 104.294 104.257 105.220 100.185 90.151 85.117 84.084 84.051 84.020 83.989 87.959 61.927 5.888 31.864 87.852 83.847 44.846 6.850 0.000 35.842
68.609 5.609 6.609 67.610 66.610 65.611 65.611 64.612 64.613 77.614 92.615 85.616 92.618 94.619 81.621 65.622 72.624 72.625 60.627 0.000 8.632 71.633 67.635 69.636 93.638 100.639 78.641 69.642 76.644 83.645 71.647 7.648 50.650 68.651 0.000 0.000 0.000 4.701 10.702 7.705 21.706 0.000 0.000 6.934 12.250 111.215 109.059 104.776 104.518 104.495 104.451 104.410 104.370 104.332 104.295 104.258 105.223 104.188 102.153 101.119 101.085 102.053 104.021 77.990 19.958 0.000 16.860 72.855 103.853 94.853 67.854 43.853 60.848
67.616 66.616 1.617 66.617 77.617 81.618 85.619 90.620 93.621 94.622 94.623 94.625 80.627 67.628 83.630 100.632 101.634 101.636 94.639 72.645 7.643 68.644 66.645 75.646 103.647 90.648 67.649 66.651 68.652 71.653 62.654 7.656 27.657 27.658 0.000 0.000 0.000 10.696 5.699 0.000 4.706 0.000 14.951 16.169 6.599 111.263 113.010 108.650 104.572 104.529 104.487 104.446 104.407 104.369 104.332 104.295 104.260 104.225 104.189 104.154 105.118 108.085 80.053 13.022 0.000 5.916 0.000 17.856 73.858 104.859 95.859 71.858 48.851
67.623 69.623 65.624 67.624 82.625 81.625 77.626 73.627 72.629 68.630 89.632 79.633 90.635 81.637 97.639 93.641 86.644 87.646 98.649 104.652 93.653 94.654 86.655 94.656 102.657 75.658 66.658 67.659 67.660 66.661 66.662 68.663 63.664 12.667 72.673 63.678 2.683 4.688 0.000 0.000 0.000 5.956 84.000 81.204 111.355 111.310 106.886 107.717 104.600 104.563 104.521 104.481 104.442 104.404 104.368 104.332 104.296 104.261 104.226 106.189 111.149 80.116 20.085 0.000 0.000 2.916 1.915 0.000 14.862 65.866 100.867 50.867 0.000
69.630 5.630 64.631 67.631 67.632 67.633 66.634 67.635 69.636 67.638 79.640 74.642 83.644 94.646 82.648 67.651 68.653 69.656 70.659 75.661 88.663 98.664 104.665 102.666 91.666 67.667 67.667 67.668 67.668 67.668 68.669 91.669 64.670 4.672 68.675 18.678 12.682 5.685 0.000 0.000 0.000 15.943 104.148 106.361 111.398 105.215 104.925 104.661 104.640 104.595 104.554 104.515 104.476 104.439 104.403 104.367 104.333 104.298 106.264 91.227 45.174 12.145 0.000 4.917 2.916 22.916 29.915 0.000 0.000 36.875 98.876 50.876 0.000
70.636 3.637 64.637 67.638 67.638 67.639 67.641 68.642 6.644 66.646 70.648 81.650 81.652 89.655 94.658 80.660 65.663 65.666 65.668 67.671 69.673 70.674 71.675 71.676 70.676 69.676 65.676 65.676 66.676 67.676 78.676 92.675 63.676 57.676 59.677 0.000 0.000 5.685 0.000 0.000 0.000 20.039 103.161 111.483 111.441 104.073 104.805 104.710 104.669 104.627 104.586 104.547 104.510 104.473 104.437 104.402 104.368 104.335 109.305 65.280 0.000 0.000 2.919 0.918 2.916 17.916 24.915 0.000 0.000 39.884 99.885 58.885 0.000
