results4_8e4_rain/res_4e8f-0126.wd
ncols         241
nrows         181
xllcorner     12693529.787448
yllcorner     3542525.717860
cellsize      155.156523
NODATA_value  -9999.000000
[rows 66 to 98 of 181, columns 146 to 218 of 241]
31.800 46.738 68.679 69.624 69.572 69.523 69.475 69.427 69.381 72.343 8.321 0.000 0.000 0.000 0.000 0.000 0.000 0.000 40.482 15.482 0.000 22.480 52.477 52.477 52.479 59.480 65.480 65.478 65.476 65.472 65.467 65.462 65.456 65.450 65.445 67.440 52.436 53.433 45.432 0.000 0.000 0.000 0.000 0.000 21.597 28.586 37.566 31.528 9.479 7.414 22.375 43.344 51.315 45.287 40.260 40.234 30.208 27.182 27.158 30.134 51.111 63.088 58.067 47.046 54.027 61.008 64.990 64.974 63.958 63.943 63.928 63.915 63.902
34.857 53.795 71.736 69.682 69.633 69.586 69.539 69.489 74.431 63.389 33.370 30.378 0.000 0.000 0.000 0.000 0.000 11.481 13.481 0.000 0.000 0.000 22.469 53.469 62.470 65.470 65.470 65.468 65.466 69.463 67.460 65.455 65.451 65.447 64.443 56.439 50.436 56.435 46.434 0.000 0.000 0.000 0.000 13.588 27.589 32.583 28.574 0.000 0.000 4.356 24.339 27.317 41.293 50.269 39.244 38.220 36.195 27.171 27.146 26.123 32.100 56.078 63.056 48.036 50.017 51.998 53.980 57.964 61.948 63.933 64.919 63.906 63.893
39.913 60.850 70.789 69.736 69.691 69.649 67.608 66.558 21.467 6.413 37.391 43.387 8.388 0.000 0.000 0.000 0.000 0.000 0.000 0.000 0.000 6.457 35.460 55.461 65.461 65.461 65.461 65.460 65.458 67.455 66.452 65.449 65.446 66.443 56.440 54.438 57.437 52.435 44.434 0.000 0.000 0.000 0.000 31.588 34.588 0.000 0.000 0.000 0.000 32.316 34.307 44.291 47.272 58.252 56.229 44.206 33.182 25.159 27.135 27.112 22.089 36.067 53.045 57.025 62.006 58.987 51.970 56.953 59.938 59.923 57.909 59.896 62.883
44.967 67.901 71.835 72.782 69.744 70.713 65.686 11.666 0.000 36.404 37.395 42.390 50.389 0.000 0.000 0.000 0.000 0.000 0.000 0.000 0.000 18.454 41.454 54.454 66.454 65.453 65.453 65.451 65.450 66.448 65.446 65.443 65.441 62.439 56.438 21.438 0.000 0.000 0.000 0.000 0.000 0.000 0.000 27.588 34.587 0.000 0.000 0.000 49.277 35.286 30.281 58.270 63.254 64.236 68.215 62.193 50.170 30.147 27.123 27.100 25.077 26.055 32.034 33.014 39.994 47.976 54.958 58.942 59.927 60.912 56.898 59.885 60.873
27.024 31.953 41.867 17.814 74.792 71.771 56.757 33.755 3.787 0.000 0.000 0.000 0.000 0.000 0.000 0.000 0.000 0.000 0.000 0.000 0.000 19.451 44.448 47.447 63.446 65.446 65.445 65.444 69.443 68.441 65.439 65.438 66.436 57.434 60.434 0.000 0.000 0.000 0.000 0.000 0.000 0.000 0.000 0.000 21.587 30.587 0.000 0.000 80.269 43.268 25.262 56.252 64.239 64.222 64.203 67.182 66.159 46.135 29.111 27.088 25.065 28.043 29.022 37.001 41.982 30.964 30.946 35.930 40.915 46.901 51.887 55.875 59.863
73.087 52.020 0.000 0.000 78.840 70.822 57.815 39.812 6.818 0.000 0.000 0.000 0.000 0.000 0.000 0.000 0.000 0.000 0.000 0.000 0.000 0.000 5.440 49.440 65.439 65.439 65.438 65.437 67.436 66.435 65.433 65.432 66.431 54.430 64.429 0.000 0.000 0.000 0.000 0.000 0.000 0.000 0.000 0.000 0.000 0.000 0.000 0.000 17.263 33.256 26.248 56.238 64.226 64.211 65.193 65.172 65.149 58.124 34.099 30.076 28.053 25.030 46.008 57.988 63.969 47.950 40.934 36.918 34.903 31.889 31.876 31.863 59.852
49.160 0.000 0.000 76.011 75.905 73.865 64.867 49.862 5.855 0.000 0.000 0.000 0.000 0.000 0.000 0.000 0.000 0.000 0.000 0.000 0.000 0.000 31.433 54.433 66.433 65.432 65.432 66.431 65.430 65.429 65.428 65.426 66.425 59.424 24.424 0.000 0.000 0.000 0.000 0.000 0.000 0.000 0.000 0.000 0.000 0.000 0.000 0.000 0.000 30.246 29.236 47.227 62.217 65.204 59.187 55.165 61.140 52.113 35.087 34.063 43.040 38.017 60.995 64.974 63.954 61.937 61.920 58.904 56.890 53.876 49.863 41.851 61.840
76.201 66.200 72.172 28.118 0.000 0.000 70.925 44.915 5.885 0.000 8.087 0.000 0.000 0.000 0.000 0.000 0.000 0.000 0.000 0.000 0.000 0.000 47.427 59.427 66.426 65.426 65.426 67.425 67.424 65.423 65.422 65.421 64.420 60.419 9.419 0.000 0.000 0.000 0.000 0.000 0.000 0.000 0.000 0.000 0.000 0.000 0.000 0.000 0.000 0.000 18.222 44.218 62.210 63.200 44.186 47.161 49.134 46.100 31.074 28.050 51.026 60.002 63.980 65.958 65.939 66.921 64.905 64.890 65.876 64.863 65.851 65.839 64.828
78.245 70.227 75.199 26.170 0.000 0.000 61.994 9.988 0.000 0.000 40.087 3.087 0.000 0.000 0.000 0.000 0.000 0.000 0.000 0.000 0.000 0.000 50.420 62.420 66.420 65.420 65.420 66.419 66.419 65.418 65.417 66.416 62.415 57.414 7.413 0.000 0.000 0.000 0.000 0.000 0.000 0.000 0.000 0.000 0.000 0.000 0.000 0.000 10.210 12.211 23.214 39.212 61.207 63.201 9.195 0.000 0.000 36.079 30.058 25.037 39.014 57.987 63.963 65.942 65.923 65.905 63.890 63.875 64.862 63.849 63.837 64.826 64.816
70.306 70.264 70.227 68.193 55.163 41.123 34.069 33.055 29.075 32.084 35.087 35.088 7.088 0.000 0.000 0.000 0.000 0.000 11.394 13.394 0.000 3.414 49.414 63.415 65.415 65.415 65.415 65.414 65.414 65.413 65.412 65.411 47.410 42.408 40.407 35.404 0.000 0.000 0.000 0.000 0.000 0.000 0.000 0.000 0.000 0.000 0.000 0.000 14.210 40.210 31.210 35.208 55.205 56.202 29.199 0.000 0.000 0.000 27.043 32.028 31.004 49.970 62.944 63.923 63.904 63.888 63.873 63.859 63.847 63.835 63.824 63.813 63.804
70.343 70.297 70.252 69.211 66.174 68.137 42.103 21.087 59.088 32.089 36.090 12.089 0.000 0.000 0.000 0.000 0.000 0.000 11.394 57.394 6.395 0.000 48.408 62.409 66.409 65.410 67.410 68.409 66.409 65.408 65.407 63.406 56.405 47.404 48.402 47.401 0.398 0.000 0.000 0.000 0.000 0.000 0.000 0.000 0.000 0.000 0.000 0.000 8.209 43.209 35.208 42.206 57.204 52.202 58.201 0.000 0.000 0.000 0.000 0.000 0.000 39.945 62.920 63.901 63.885 63.869 63.855 63.843 63.831 63.820 63.810 63.800 63.791
70.375 70.327 71.274 73.226 70.184 70.147 69.120 70.105 61.098 39.096 11.095 0.000 0.000 0.000 0.000 0.000 0.000 0.000 0.000 50.395 37.395 27.398 43.402 65.404 65.405 65.405 65.405 65.405 65.405 65.404 65.403 65.402 63.401 42.399 46.398 53.397 0.000 0.000 0.000 0.000 0.000 0.000 0.000 0.000 0.000 0.000 0.000 0.000 4.209 55.208 0.000 22.204 45.203 52.202 13.201 0.000 0.000 0.000 0.000 0.000 0.000 0.000 51.891 64.878 63.864 63.849 63.837 63.825 63.814 63.805 63.795 63.786 63.778
73.409 69.364 66.291 68.235 71.189 71.148 73.126 70.112 68.105 55.102 4.100 0.000 0.000 0.000 0.000 0.000 0.000 0.000 0.000 6.395 41.395 33.396 49.398 67.400 65.401 65.401 65.401 65.401 65.401 65.400 65.399 65.398 66.397 55.395 42.394 46.391 52.388 0.000 0.000 0.000 0.000 0.000 0.000 0.000 0.000 0.000 0.000 0.000 0.000 0.200 0.000 0.000 30.202 49.201 0.000 0.000 0.000 0.000 0.000 0.000 0.000 0.000 39.874 60.858 63.842 63.828 63.817 63.807 63.798 63.789 63.781 63.772 63.764
66.450 27.428 0.000 0.000 0.000 63.131 68.123 74.114 70.109 59.105 9.104 0.000 43.105 13.105 0.000 0.000 0.000 0.000 0.000 0.000 33.393 37.394 58.395 66.396 67.397 68.398 65.398 65.398 65.397 65.397 65.396 65.395 65.393 66.392 45.390 27.388 36.386 0.000 0.000 0.000 0.000 0.000 0.000 0.000 0.000 0.000 0.000 0.000 0.000 0.000 0.000 0.000 19.201 52.201 0.000 0.000 0.000 0.000 0.000 0.000 0.000 0.000 0.000 40.838 60.818 63.806 63.796 63.788 63.781 63.773 63.766 63.759 63.751
61.483 18.471 0.000 0.000 38.123 36.123 53.119 72.114 69.110 54.107 35.105 39.105 43.105 9.105 0.000 0.000 0.000 0.000 4.385 0.000 34.391 45.392 65.393 65.394 68.394 68.395 65.395 65.395 65.395 65.394 65.393 65.392 65.390 66.388 62.386 57.384 46.381 26.377 20.375 0.000 0.000 0.000 0.000 0.000 0.000 0.000 0.000 0.000 0.000 0.000 0.000 0.000 21.201 13.201 0.000 0.000 0.000 0.000 0.000 0.000 0.000 0.000 0.000 0.000 45.786 61.781 63.775 63.769 63.763 63.758 63.751 63.745 63.738
67.509 48.502 20.508 0.000 0.000 38.119 38.116 60.113 72.110 50.108 37.106 42.106 20.105 0.000 0.000 0.000 0.000 0.000 33.385 26.386 31.388 48.389 67.390 67.391 68.392 65.393 65.393 65.393 65.392 65.392 65.391 65.389 65.388 65.386 65.383 67.381 56.378 44.375 33.373 34.370 27.368 18.367 23.367 0.000 0.000 0.000 0.000 0.000 0.000 0.000 0.000 0.000 24.200 0.000 0.000 0.000 0.000 0.000 0.000 0.000 0.000 0.000 0.000 0.000 30.759 58.757 62.754 63.750 63.747 63.742 63.738 63.732 63.726
70.527 61.520 14.513 0.000 0.000 0.000 37.113 42.111 69.109 57.108 38.107 41.106 16.106 0.000 0.000 0.000 0.000 0.000 36.384 29.385 32.386 50.387 69.388 68.389 66.390 66.391 65.391 65.391 65.391 65.390 65.389 66.387 66.386 66.384 60.381 51.378 55.376 62.373 55.371 53.369 41.368 28.367 35.366 0.000 0.000 0.000 0.000 0.000 0.000 0.000 0.000 0.000 0.000 0.000 0.000 0.000 0.000 0.000 0.000 0.000 0.000 0.000 0.000 0.000 22.734 53.734 63.733 65.732 65.730 65.728 64.725 63.720 63.715
70.541 45.536 0.000 0.000 0.000 0.000 0.000 44.109 57.108 51.107 50.106 47.106 37.106 15.105 0.000 0.000 0.000 0.000 35.383 28.384 33.385 48.386 60.387 57.388 52.389 54.390 59.390 64.390 66.389 66.388 64.387 54.386 52.385 57.382 46.379 43.376 43.374 54.372 58.370 53.368 39.367 28.366 0.364 0.000 0.000 0.000 0.000 0.000 0.000 0.000 0.000 0.000 0.000 0.000 0.000 0.000 0.000 0.000 0.000 0.000 0.000 0.000 0.000 0.000 10.709 35.712 41.714 43.715 43.715 44.715 53.713 62.710 63.705
69.551 35.547 0.000 0.000 0.000 0.000 0.000 39.108 33.108 32.107 40.106 40.106 40.105 36.105 9.105 0.000 0.000 0.000 40.382 35.383 40.383 50.384 53.385 56.387 14.388 0.000 0.000 5.389 66.388 63.387 52.386 7.385 0.000 0.000 45.376 77.373 70.371 49.370 55.368 49.367 38.365 23.364 26.363 0.000 0.000 0.000 0.000 0.000 0.000 0.000 0.000 0.000 0.000 0.000 0.000 0.000 0.000 0.000 0.000 0.000 14.644 35.645 46.652 45.663 63.682 71.691 72.696 70.699 72.701 59.702 42.703 60.702 63.698
67.557 32.554 0.000 0.000 0.000 0.000 0.000 39.108 35.107 14.107 0.000 0.000 0.000 0.000 0.000 0.000 0.000 0.000 46.381 40.381 35.382 31.382 17.383 0.000 0.000 0.000 0.000 0.000 0.000 0.000 39.383 1.383 0.000 0.000 0.000 40.370 73.369 33.368 34.367 33.365 29.364 32.363 79.363 38.362 0.000 0.000 0.000 0.000 0.000 0.000 0.000 0.000 0.000 0.000 0.000 0.000 0.000 0.000 0.000 0.000 0.636 82.641 78.647 60.655 61.666 58.674 59.680 81.684 74.688 60.691 40.695 49.698 48.698
53.561 34.559 28.559 0.000 0.000 0.000 0.000 0.000 37.107 21.107 0.000 0.000 0.000 0.000 0.000 0.000 0.000 0.000 46.380 46.380 47.380 30.381 5.381 0.000 0.000 0.000 0.000 0.000 0.000 0.000 35.381 12.381 0.000 0.000 0.000 39.368 88.368 52.367 55.365 50.364 35.363 53.363 107.362 104.361 35.361 0.000 0.000 0.000 0.000 0.000 0.000 0.000 0.000 0.000 0.000 0.000 0.000 13.617 3.618 1.620 10.626 85.633 52.639 60.645 51.653 32.659 43.665 86.670 52.675 39.680 46.688 0.692 0.000
37.563 37.560 23.560 0.000 0.000 0.000 0.000 0.000 0.000 0.000 0.000 0.000 0.000 0.000 0.000 0.000 0.000 0.000 49.379 40.379 34.379 32.379 6.380 0.000 0.000 0.000 0.000 0.000 0.000 32.379 25.380 50.380 46.380 0.000 0.000 45.367 51.367 43.366 86.364 75.362 46.362 0.000 63.361 118.361 2.360 0.000 0.000 0.000 0.000 0.000 0.000 0.000 0.000 0.000 0.000 0.000 64.615 102.616 93.616 89.618 36.621 80.626 48.630 37.635 84.641 65.646 85.651 66.657 36.662 44.667 0.000 0.000 0.000
40.563 41.561 33.560 0.000 0.000 0.000 0.000 0.000 0.000 0.000 0.000 0.000 0.000 0.000 0.000 0.000 0.000 0.000 3.378 44.378 34.378 12.378 0.000 0.000 0.000 0.000 0.000 0.000 0.000 34.379 31.379 7.379 0.000 0.000 0.000 19.367 0.000 0.000 0.000 41.356 0.000 0.000 19.360 85.360 40.360 0.000 0.000 0.000 0.000 0.000 0.000 0.000 0.000 0.000 0.000 0.000 20.615 0.615 64.614 68.615 19.616 80.619 57.621 30.625 48.629 98.633 112.638 46.643 34.649 1.658 0.000 0.000 10.575
39.562 40.560 40.559 44.558 36.558 0.000 0.000 0.000 0.000 0.000 0.000 0.000 0.000 0.000 0.000 0.000 0.000 0.000 0.000 34.377 30.377 14.377 0.000 0.000 0.000 0.000 0.000 0.000 35.378 32.378 9.378 0.000 0.000 0.000 0.000 0.000 0.000 0.000 0.000 45.352 0.000 0.000 19.360 0.000 0.000 0.000 0.000 0.000 0.000 0.000 0.000 0.000 0.000 0.000 0.000 0.000 0.000 0.000 40.611 59.611 18.611 82.611 62.612 32.614 81.617 84.620 79.625 87.629 51.634 0.000 0.000 0.000 24.568
41.560 19.560 30.559 39.558 39.557 39.557 38.556 0.000 0.000 0.000 0.000 0.000 0.000 0.000 0.000 0.000 0.000 0.000 0.000 36.376 32.376 16.376 0.000 0.000 0.000 0.000 0.000 0.000 0.000 38.378 10.378 0.000 0.000 0.000 0.000 0.000 0.000 0.000 9.346 32.347 36.346 13.345 0.000 0.000 0.000 0.000 0.000 0.000 0.000 0.000 0.000 0.000 0.000 0.000 0.000 0.000 0.000 0.000 43.608 63.607 23.606 83.603 68.602 82.603 82.604 41.607 34.611 79.616 28.625 0.000 0.000 25.552 33.558
46.557 0.000 0.000 36.558 25.557 0.000 38.556 28.556 0.000 0.000 0.000 0.000 0.000 0.000 0.000 0.000 0.000 0.000 0.000 35.375 32.375 20.375 0.000 0.000 0.000 0.000 0.000 0.000 0.000 0.000 0.000 0.000 0.000 0.000 0.000 0.000 0.000 0.000 48.345 65.345 26.345 0.000 0.000 0.000 0.000 0.000 0.000 0.000 0.000 0.000 0.000 0.000 0.000 0.000 0.000 0.000 0.000 0.000 78.606 64.605 25.602 83.594 80.591 72.590 64.591 50.593 51.596 20.599 0.000 0.000 9.542 28.546 35.549
43.552 0.000 0.000 23.557 15.557 0.000 0.000 0.000 0.000 47.508 43.508 34.508 0.000 0.000 0.000 0.000 0.000 0.000 0.000 39.374 35.374 17.374 0.000 0.000 0.000 0.000 0.000 0.000 0.000 0.000 0.000 0.000 0.000 0.000 0.000 0.000 0.000 0.000 11.344 95.344 61.343 0.000 0.000 0.000 0.000 0.000 0.000 0.000 0.000 0.000 0.000 0.000 0.000 0.000 0.000 0.000 0.000 0.000 10.606 0.000 0.000 57.581 98.578 77.576 76.576 74.578 77.581 25.585 0.000 0.000 13.539 27.540 28.542
59.547 0.000 0.000 0.000 0.000 45.520 32.519 0.000 43.510 37.509 37.508 29.508 0.000 0.000 0.000 0.000 0.000 0.000 0.000 39.374 34.374 22.374 0.000 0.000 0.000 0.000 0.000 0.000 0.000 0.000 0.000 0.000 0.000 0.000 0.000 0.000 0.000 0.000 0.000 39.343 31.342 2.341 0.000 0.000 0.000 0.000 0.000 0.000 0.000 0.000 0.000 0.000 0.000 0.000 0.000 0.000 0.000 0.000 0.000 0.000 0.000 4.572 40.563 41.561 39.561 39.562 36.565 32.575 0.000 0.000 6.536 27.533 25.533
70.541 59.535 41.531 42.528 41.525 35.521 36.518 37.515 35.511 40.509 39.508 30.507 27.506 0.000 0.000 0.000 0.000 0.000 0.000 26.374 0.000 0.000 0.000 0.000 0.000 0.000 0.000 0.000 0.000 0.000 0.000 0.000 0.000 0.000 0.000 0.000 0.000 0.000 0.000 0.000 38.341 1.340 0.000 0.000 0.000 0.000 0.000 0.000 0.000 0.000 0.000 0.000 0.000 0.000 0.000 0.000 0.000 0.000 0.000 0.000 0.000 0.000 28.543 27.543 27.544 43.544 38.544 0.000 0.000 0.000 0.000 40.523 52.524
70.537 64.534 34.531 34.528 34.525 17.521 18.518 22.515 32.512 41.509 38.507 30.507 33.506 22.506 0.000 0.000 0.000 0.000 0.000 0.000 0.000 0.000 0.000 0.000 0.000 0.000 0.000 0.000 0.000 0.000 0.000 0.000 0.000 0.000 0.000 0.000 0.000 0.000 0.000 0.000 0.000 41.338 0.336 0.000 0.000 0.000 0.000 0.000 0.000 0.000 0.000 0.000 0.000 0.000 0.000 0.000 0.000 0.000 0.000 0.000 20.506 23.511 27.522 27.526 29.527 48.526 38.523 21.513 0.000 0.000 35.505 56.511 63.515
70.534 68.532 38.530 35.529 15.527 0.000 0.000 0.000 0.000 32.508 35.507 33.506 26.505 0.000 0.000 0.000 0.000 0.000 0.000 0.000 0.000 0.000 0.000 0.000 0.000 0.000 0.000 0.000 0.000 0.000 0.000 0.000 0.000 0.000 0.000 0.000 0.000 0.000 0.000 0.000 0.000 44.337 6.337 0.000 0.000 0.000 0.000 0.000 0.000 0.000 0.000 0.000 0.000 0.000 0.000 0.000 0.000 0.000 0.000 0.000 31.501 28.504 27.509 23.512 36.513 53.511 37.508 26.503 21.496 21.495 45.499 62.503 63.506
70.532 68.531 21.530 25.529 0.000 0.000 0.000 0.000 0.000 0.000 23.506 36.505 28.504 0.000 0.000 0.000 0.000 0.000 0.000 0.000 0.000 0.000 0.000 0.000 0.000 0.000 0.000 0.000 0.000 0.000 0.000 0.000 0.000 0.000 0.000 0.000 0.000 0.000 0.000 0.000 0.000 0.000 12.337 0.000 0.000 0.000 0.000 0.000 0.000 0.000 0.000 0.000 0.471 8.474 0.000 0.000 0.000 0.000 0.000 25.489 23.494 22.496 27.499 41.500 54.500 44.499 28.497 26.494 28.491 25.491 46.493 64.495 63.498
70.529 44.530 0.000 0.000 0.000 0.000 0.000 0.000 0.000 0.000 0.000 26.504 33.503 31.502 0.000 0.000 0.000 0.000 0.000 0.000 0.000 0.000 0.000 0.000 0.000 0.000 0.000 0.000 0.000 0.000 0.000 0.000 0.000 0.000 0.000 0.000 0.000 0.000 0.000 0.000 0.000 0.000 0.000 0.000 0.000 0.000 0.000 0.000 0.000 0.000 0.000 0.000 0.000 1.474 3.475 0.000 30.479 22.480 20.482 32.485 46.488 51.489 53.490 53.490 39.489 27.488 26.486 26.485 25.484 27.484 50.486 65.488 63.491
