results4_8e4_rain/res_4e8f-0094.wd
ncols         241
nrows         181
xllcorner     12693529.787448
yllcorner     3542525.717860
cellsize      155.156523
NODATA_value  -9999.000000
[rows 66 to 98 of 181, columns 146 to 218 of 241]
23.490 38.417 60.348 61.282 61.220 61.161 61.103 61.045 60.988 63.943 0.000 0.000 0.000 0.000 0.000 0.000 0.000 0.000 29.311 4.312 0.000 11.309 41.305 41.305 41.306 48.306 54.305 54.301 54.296 54.288 54.278 54.267 54.255 54.243 54.232 56.222 41.214 42.209 34.208 0.000 0.000 0.000 0.000 0.000 9.145 16.129 25.101 19.064 0.000 0.000 9.461 30.416 38.362 32.308 27.254 27.202 17.152 14.104 14.057 17.012 37.969 49.928 44.889 33.851 40.816 47.783 51.752 51.723 50.696 50.670 50.646 50.624 50.603
26.555 45.483 63.414 61.350 61.292 61.237 61.184 61.128 66.065 55.003 25.002 22.001 0.000 0.000 0.000 0.000 0.000 0.306 2.311 0.000 0.000 0.000 11.295 42.295 51.294 54.293 54.291 54.288 54.283 58.276 56.269 54.260 54.251 54.242 53.233 45.225 39.218 45.214 35.212 0.000 0.000 0.000 0.000 1.133 15.134 20.125 16.113 0.000 0.000 0.000 11.366 14.344 28.309 37.267 26.222 25.176 23.130 14.085 14.040 12.997 18.955 42.915 49.876 34.840 36.805 38.773 40.742 44.713 48.686 50.661 51.637 50.615 50.595
31.619 52.545 62.475 61.413 61.361 61.313 59.268 58.217 13.141 0.000 29.001 35.001 0.000 0.000 0.000 0.000 0.000 0.000 0.000 0.000 0.000 0.000 24.285 44.284 54.283 54.282 54.279 54.276 54.272 56.267 55.261 54.254 54.247 55.240 45.234 43.227 46.220 41.216 33.214 0.000 0.000 0.000 0.000 19.132 22.132 0.000 0.000 0.000 0.000 19.271 21.294 31.286 34.262 45.229 43.191 31.150 20.108 12.065 14.022 13.980 8.939 22.900 39.862 43.827 48.793 45.761 38.731 43.702 46.676 46.651 44.627 46.606 49.585
36.681 59.604 63.528 64.468 61.425 62.388 57.356 3.333 0.000 28.000 29.000 34.000 42.000 0.000 0.000 0.000 0.000 0.000 0.000 0.000 0.000 7.275 30.276 43.275 55.273 54.271 54.269 54.266 54.262 55.258 54.253 54.248 54.243 51.238 45.234 10.231 0.000 0.000 0.000 0.000 0.000 0.000 0.000 15.132 22.131 0.000 0.000 0.000 36.239 22.248 17.253 45.245 50.225 51.197 55.164 49.126 37.086 17.045 14.003 13.963 11.923 12.884 18.847 19.812 26.779 34.747 41.717 45.690 46.664 47.639 43.616 46.595 47.575
18.744 23.663 33.565 9.505 66.482 63.457 48.437 25.425 0.000 0.000 0.000 0.000 0.000 0.000 0.000 0.000 0.000 0.000 0.000 0.000 0.000 8.273 33.272 36.266 52.263 54.261 54.259 54.257 58.254 57.250 54.247 54.243 55.239 46.236 49.234 0.000 0.000 0.000 0.000 0.000 0.000 0.000 0.000 0.000 9.131 18.130 0.000 0.000 67.230 30.229 12.225 43.215 51.197 51.172 51.141 54.105 53.066 33.025 15.985 13.944 11.905 14.867 15.831 23.796 28.763 17.732 17.703 22.676 27.650 33.626 38.604 42.583 46.564
64.815 43.739 0.000 0.000 70.542 62.521 49.511 31.505 0.000 0.000 0.000 0.000 0.000 0.000 0.000 0.000 0.000 0.000 0.000 0.000 0.000 0.000 0.000 38.253 54.252 54.251 54.250 54.248 56.246 55.243 54.240 54.237 55.235 43.233 53.233 0.000 0.000 0.000 0.000 0.000 0.000 0.000 0.000 0.000 0.000 0.000 0.000 0.000 4.222 20.214 13.205 43.193 51.175 51.152 52.122 52.087 52.048 45.007 20.966 16.926 14.887 11.849 32.813 44.778 50.746 34.715 27.687 23.660 21.636 18.612 18.591 18.570 46.551
40.903 0.000 0.000 67.752 67.623 65.575 56.581 41.578 0.000 0.000 0.000 0.000 0.000 0.000 0.000 0.000 0.000 0.000 0.000 0.000 0.000 0.000 20.237 43.241 55.243 54.242 54.242 55.240 54.238 54.236 54.234 54.232 55.230 48.229 13.231 0.000 0.000 0.000 0.000 0.000 0.000 0.000 0.000 0.000 0.000 0.000 0.000 0.000 0.000 17.201 16.188 34.176 49.161 52.139 46.110 42.074 48.033 38.988 21.946 20.906 29.867 24.829 47.793 51.759 50.727 48.697 48.669 45.644 43.620 40.597 36.576 28.557 48.538
67.969 57.975 63.946 19.882 0.000 0.000 62.661 36.648 0.000 0.000 0.000 0.000 0.000 0.000 0.000 0.000 0.000 0.000 0.000 0.000 0.000 0.000 36.232 48.234 55.235 54.235 54.234 56.233 56.231 54.230 54.228 54.226 53.225 49.224 0.000 0.000 0.000 0.000 0.000 0.000 0.000 0.000 0.000 0.000 0.000 0.000 0.000 0.000 0.000 0.000 5.171 31.164 49.152 50.135 31.103 34.066 36.022 32.967 17.925 14.886 37.847 46.809 50.772 52.737 52.706 53.677 51.650 51.625 52.602 51.581 52.561 52.542 51.524
70.030 62.011 66.980 17.947 0.000 0.000 53.755 1.754 0.000 0.000 31.874 0.000 0.000 0.000 0.000 0.000 0.000 0.000 0.000 0.000 0.000 0.000 39.226 51.227 55.227 54.228 54.227 55.226 55.225 54.224 54.222 55.220 51.219 46.218 0.000 0.000 0.000 0.000 0.000 0.000 0.000 0.000 0.000 0.000 0.000 0.000 0.000 0.000 0.000 0.000 10.161 26.157 48.150 50.144 0.000 0.000 0.000 22.933 16.900 11.866 25.828 44.786 50.748 52.714 52.683 52.655 50.630 50.606 51.584 50.563 50.544 51.526 51.509
62.110 62.059 62.017 59.980 46.950 32.908 25.849 24.843 20.863 23.871 26.874 26.875 0.000 0.000 0.000 0.000 0.000 0.000 0.186 2.197 0.000 0.000 38.220 52.221 54.221 54.221 54.221 54.220 54.219 54.218 54.217 54.215 36.213 31.210 29.205 24.203 0.000 0.000 0.000 0.000 0.000 0.000 0.000 0.000 0.000 0.000 0.000 0.000 1.152 27.153 18.155 22.153 42.149 43.146 16.146 0.000 0.000 0.000 13.876 18.852 17.813 36.761 49.720 50.687 50.658 50.632 50.607 50.585 50.564 50.545 50.527 50.510 50.494
62.155 62.100 62.049 61.004 57.964 59.925 33.889 12.875 50.875 23.877 27.876 3.875 0.000 0.000 0.000 0.000 0.000 0.000 0.187 46.198 0.000 0.000 37.214 51.215 55.215 54.215 56.215 57.215 55.214 54.213 54.211 52.210 45.208 36.205 37.203 36.201 0.000 0.000 0.000 0.000 0.000 0.000 0.000 0.000 0.000 0.000 0.000 0.000 0.000 30.152 22.152 29.150 44.148 39.146 45.146 0.000 0.000 0.000 0.000 0.000 0.000 26.723 49.685 50.657 50.630 50.606 50.584 50.563 50.544 50.526 50.509 50.493 50.478
62.192 62.137 63.076 65.023 61.977 61.937 60.909 61.893 52.887 30.884 2.880 0.000 0.000 0.000 0.000 0.000 0.000 0.000 0.000 39.199 26.200 16.203 32.207 54.209 54.210 54.210 54.210 54.210 54.209 54.208 54.207 54.205 52.203 31.201 35.199 42.198 0.000 0.000 0.000 0.000 0.000 0.000 0.000 0.000 0.000 0.000 0.000 0.000 0.000 42.152 0.000 9.148 32.147 39.146 0.133 0.000 0.000 0.000 0.000 0.000 0.000 0.000 38.642 51.624 50.601 50.579 50.559 50.540 50.522 50.506 50.490 50.475 50.461
65.232 61.180 58.097 60.034 62.983 62.940 64.916 61.902 59.895 46.891 0.000 0.000 0.000 0.000 0.000 0.000 0.000 0.000 0.000 0.000 30.200 22.201 38.203 56.205 54.206 54.206 54.206 54.206 54.205 54.204 54.203 54.201 55.200 44.198 31.196 35.193 41.191 0.000 0.000 0.000 0.000 0.000 0.000 0.000 0.000 0.000 0.000 0.000 0.000 0.000 0.000 0.000 17.145 36.145 0.000 0.000 0.000 0.000 0.000 0.000 0.000 0.000 26.619 47.595 50.571 50.551 50.532 50.516 50.500 50.485 50.471 50.458 50.445
58.278 19.253 0.000 0.000 0.000 54.922 59.913 65.904 61.899 50.896 0.896 0.000 34.896 4.896 0.000 0.000 0.000 0.000 0.000 0.000 22.198 26.199 47.200 55.201 56.202 57.202 54.202 54.202 54.202 54.201 54.199 54.198 54.196 55.194 34.192 16.190 25.188 0.000 0.000 0.000 0.000 0.000 0.000 0.000 0.000 0.000 0.000 0.000 0.000 0.000 0.000 0.000 6.144 39.144 0.000 0.000 0.000 0.000 0.000 0.000 0.000 0.000 0.000 27.567 47.539 50.521 50.505 50.491 50.477 50.464 50.452 50.440 50.428
53.316 10.302 0.000 0.000 29.913 27.914 44.909 63.904 60.900 45.898 26.897 30.897 34.896 0.896 0.000 0.000 0.000 0.000 0.000 0.000 23.195 34.196 54.197 54.198 57.199 57.199 54.199 54.199 54.199 54.198 54.196 54.195 54.193 55.191 51.189 46.186 35.184 15.180 9.177 0.000 0.000 0.000 0.000 0.000 0.000 0.000 0.000 0.000 0.000 0.000 0.000 0.000 8.143 0.130 0.000 0.000 0.000 0.000 0.000 0.000 0.000 0.000 0.000 0.000 32.498 48.488 50.476 50.465 50.454 50.443 50.433 50.422 50.411
59.345 40.337 12.343 0.000 0.000 29.910 29.906 51.903 63.900 41.898 28.897 33.897 11.896 0.000 0.000 0.000 0.000 0.000 22.189 15.190 20.192 37.193 56.195 56.196 57.196 54.197 54.197 54.197 54.196 54.195 54.194 54.193 54.191 54.189 54.186 56.184 45.181 33.178 22.176 23.173 16.171 7.170 12.170 0.000 0.000 0.000 0.000 0.000 0.000 0.000 0.000 0.000 11.143 0.000 0.000 0.000 0.000 0.000 0.000 0.000 0.000 0.000 0.000 0.000 17.468 45.458 49.448 50.439 50.431 50.423 50.414 50.405 50.395
62.366 53.357 6.350 0.000 0.000 0.000 28.904 33.901 60.900 48.898 29.897 32.897 7.896 0.000 0.000 0.000 0.000 0.000 25.188 18.189 21.190 39.191 58.192 57.194 55.194 55.195 54.195 54.195 54.194 54.193 54.192 55.191 55.189 55.187 49.184 40.181 44.179 51.176 44.174 42.172 30.171 17.170 24.170 0.000 0.000 0.000 0.000 0.000 0.000 0.000 0.000 0.000 0.000 0.000 0.000 0.000 0.000 0.000 0.000 0.000 0.000 0.000 0.000 0.000 9.447 40.427 50.419 52.413 52.408 52.403 51.396 50.389 50.380
62.381 37.375 0.000 0.000 0.000 0.000 0.000 35.899 48.899 42.898 41.897 38.897 28.896 6.896 0.000 0.000 0.000 0.000 24.187 17.188 22.188 37.189 49.191 46.192 41.193 43.194 48.194 53.194 55.193 55.192 53.191 43.190 41.188 46.185 35.182 32.179 32.177 43.174 47.173 42.171 28.170 17.169 0.000 0.000 0.000 0.000 0.000 0.000 0.000 0.000 0.000 0.000 0.000 0.000 0.000 0.000 0.000 0.000 0.000 0.000 0.000 0.000 0.000 0.000 0.000 22.386 28.387 30.387 30.386 31.384 40.381 49.375 50.367
61.392 27.388 0.000 0.000 0.000 0.000 0.000 30.898 24.898 23.898 31.897 31.897 31.896 27.896 0.895 0.000 0.000 0.000 29.186 24.186 29.187 39.188 42.189 45.191 3.192 0.000 0.000 0.000 55.192 52.191 41.189 0.000 0.000 0.000 34.179 66.176 59.174 38.173 44.171 38.170 27.169 12.168 15.167 0.000 0.000 0.000 0.000 0.000 0.000 0.000 0.000 0.000 0.000 0.000 0.000 0.000 0.000 0.000 0.000 0.000 1.281 22.282 33.287 32.298 50.315 58.344 59.356 57.362 59.365 46.367 29.367 47.365 50.359
59.399 24.396 0.000 0.000 0.000 0.000 0.000 30.898 26.898 5.898 0.000 0.000 0.000 0.000 0.000 0.000 0.000 0.000 35.184 29.185 24.185 20.186 6.187 0.000 0.000 0.000 0.000 0.000 0.000 0.000 28.186 0.000 0.000 0.000 0.000 29.173 62.172 22.171 23.170 22.169 18.168 21.167 68.166 27.165 0.000 0.000 0.000 0.000 0.000 0.000 0.000 0.000 0.000 0.000 0.000 0.000 0.000 0.000 0.000 0.000 0.000 69.277 65.282 47.291 48.304 45.320 46.332 68.340 61.346 47.351 27.356 36.360 35.359
45.404 26.401 20.402 0.000 0.000 0.000 0.000 0.000 28.897 12.897 0.000 0.000 0.000 0.000 0.000 0.000 0.000 0.000 35.183 35.183 36.183 19.184 0.000 0.000 0.000 0.000 0.000 0.000 0.000 0.000 24.183 1.182 0.000 0.000 0.000 28.172 77.171 41.170 44.169 39.167 24.167 42.166 96.165 93.165 24.164 0.000 0.000 0.000 0.000 0.000 0.000 0.000 0.000 0.000 0.000 0.000 0.000 0.226 0.000 0.000 0.000 72.268 39.273 47.281 38.290 19.301 30.311 73.320 39.328 26.337 33.346 0.000 0.000
29.405 29.403 15.402 0.000 0.000 0.000 0.000 0.000 0.000 0.000 0.000 0.000 0.000 0.000 0.000 0.000 0.000 0.000 38.182 29.182 23.182 21.182 0.000 0.000 0.000 0.000 0.000 0.000 0.000 21.180 14.181 39.181 35.181 0.000 0.000 34.171 40.170 32.169 75.168 64.166 35.166 0.000 52.164 107.164 0.000 0.000 0.000 0.000 0.000 0.000 0.000 0.000 0.000 0.000 0.000 0.000 51.235 89.236 80.237 76.240 23.245 67.255 35.262 24.268 71.276 52.284 72.292 53.300 23.309 31.323 0.000 0.000 0.000
32.406 33.404 25.403 0.000 0.000 0.000 0.000 0.000 0.000 0.000 0.000 0.000 0.000 0.000 0.000 0.000 0.000 0.000 0.000 33.180 23.180 1.180 0.000 0.000 0.000 0.000 0.000 0.000 0.000 23.180 20.180 0.000 0.000 0.000 0.000 8.170 0.000 0.000 0.000 30.162 0.000 0.000 8.164 74.164 29.163 0.000 0.000 0.000 0.000 0.000 0.000 0.000 0.000 0.000 0.000 0.000 7.235 0.000 51.236 55.238 6.241 67.246 44.250 17.255 35.261 85.267 99.274 33.280 21.286 0.000 0.000 0.000 0.000
31.405 32.403 32.402 36.401 28.400 0.000 0.000 0.000 0.000 0.000 0.000 0.000 0.000 0.000 0.000 0.000 0.000 0.000 0.000 23.178 19.178 3.178 0.000 0.000 0.000 0.000 0.000 0.000 24.179 21.179 0.000 0.000 0.000 0.000 0.000 0.000 0.000 0.000 0.000 34.159 0.000 0.000 8.163 0.000 0.000 0.000 0.000 0.000 0.000 0.000 0.000 0.000 0.000 0.000 0.000 0.000 0.000 0.000 27.234 46.235 5.236 69.237 49.239 19.242 68.246 71.250 66.256 74.262 38.268 0.000 0.000 0.000 11.179
33.403 11.402 22.402 31.400 31.400 31.399 30.399 0.000 0.000 0.000 0.000 0.000 0.000 0.000 0.000 0.000 0.000 0.000 0.000 25.177 21.177 5.177 0.000 0.000 0.000 0.000 0.000 0.000 0.000 27.179 0.000 0.000 0.000 0.000 0.000 0.000 0.000 0.000 0.000 21.156 25.155 2.154 0.000 0.000 0.000 0.000 0.000 0.000 0.000 0.000 0.000 0.000 0.000 0.000 0.000 0.000 0.000 0.000 30.232 50.231 10.230 70.228 55.227 69.227 69.229 28.233 21.238 66.245 15.256 0.000 0.000 12.162 20.169
38.399 0.000 0.000 28.400 17.400 0.000 30.398 20.398 0.000 0.000 0.000 0.000 0.000 0.000 0.000 0.000 0.000 0.000 0.000 24.176 21.176 9.176 0.000 0.000 0.000 0.000 0.000 0.000 0.000 0.000 0.000 0.000 0.000 0.000 0.000 0.000 0.000 0.000 37.154 54.154 15.154 0.000 0.000 0.000 0.000 0.000 0.000 0.000 0.000 0.000 0.000 0.000 0.000 0.000 0.000 0.000 0.000 0.000 65.230 51.229 12.226 70.219 67.213 59.212 51.212 37.215 38.219 7.223 0.000 0.000 0.000 15.156 22.159
35.395 0.000 0.000 15.400 7.400 0.000 0.000 0.000 0.000 39.345 35.345 26.344 0.000 0.000 0.000 0.000 0.000 0.000 0.000 28.175 24.175 6.175 0.000 0.000 0.000 0.000 0.000 0.000 0.000 0.000 0.000 0.000 0.000 0.000 0.000 0.000 0.000 0.000 0.145 84.153 50.153 0.000 0.000 0.000 0.000 0.000 0.000 0.000 0.000 0.000 0.000 0.000 0.000 0.000 0.000 0.000 0.000 0.000 0.000 0.000 0.000 44.208 85.197 64.194 63.194 61.196 64.200 12.205 0.000 0.000 0.106 14.147 15.149
51.389 0.000 0.000 0.000 0.000 37.358 24.357 0.000 35.347 29.346 29.345 21.344 0.000 0.000 0.000 0.000 0.000 0.000 0.000 28.175 23.175 11.175 0.000 0.000 0.000 0.000 0.000 0.000 0.000 0.000 0.000 0.000 0.000 0.000 0.000 0.000 0.000 0.000 0.000 28.153 20.153 0.000 0.000 0.000 0.000 0.000 0.000 0.000 0.000 0.000 0.000 0.000 0.000 0.000 0.000 0.000 0.000 0.000 0.000 0.000 0.000 0.000 27.173 28.173 26.173 26.176 23.180 19.192 0.000 0.000 0.000 14.137 12.138
62.381 51.375 33.371 34.367 33.363 27.359 28.356 29.352 27.348 32.346 31.344 22.344 19.343 0.000 0.000 0.000 0.000 0.000 0.000 15.175 0.000 0.000 0.000 0.000 0.000 0.000 0.000 0.000 0.000 0.000 0.000 0.000 0.000 0.000 0.000 0.000 0.000 0.000 0.000 0.000 27.153 0.000 0.000 0.000 0.000 0.000 0.000 0.000 0.000 0.000 0.000 0.000 0.000 0.000 0.000 0.000 0.000 0.000 0.000 0.000 0.000 0.000 15.150 14.151 14.152 30.153 25.153 0.000 0.000 0.000 0.000 27.125 39.127
62.377 56.374 26.370 26.367 26.364 9.360 10.356 14.352 24.349 33.346 30.344 22.343 25.342 14.342 0.000 0.000 0.000 0.000 0.000 0.000 0.000 0.000 0.000 0.000 0.000 0.000 0.000 0.000 0.000 0.000 0.000 0.000 0.000 0.000 0.000 0.000 0.000 0.000 0.000 0.000 0.000 0.000 0.000 0.000 0.000 0.000 0.000 0.000 0.000 0.000 0.000 0.000 0.000 0.000 0.000 0.000 0.000 0.000 0.000 0.000 7.106 10.111 14.125 14.130 16.132 35.131 25.127 8.114 0.000 0.000 22.104 43.112 50.116
62.374 60.372 30.370 27.368 7.366 0.000 0.000 0.000 0.000 24.344 27.343 25.342 18.342 0.000 0.000 0.000 0.000 0.000 0.000 0.000 0.000 0.000 0.000 0.000 0.000 0.000 0.000 0.000 0.000 0.000 0.000 0.000 0.000 0.000 0.000 0.000 0.000 0.000 0.000 0.000 0.000 0.000 0.000 0.000 0.000 0.000 0.000 0.000 0.000 0.000 0.000 0.000 0.000 0.000 0.000 0.000 0.000 0.000 0.000 0.000 18.100 15.104 14.110 10.113 23.114 40.113 24.109 13.102 8.094 8.093 32.097 49.102 50.106
62.371 60.371 13.370 17.369 0.000 0.000 0.000 0.000 0.000 0.000 15.342 28.341 20.340 0.000 0.000 0.000 0.000 0.000 0.000 0.000 0.000 0.000 0.000 0.000 0.000 0.000 0.000 0.000 0.000 0.000 0.000 0.000 0.000 0.000 0.000 0.000 0.000 0.000 0.000 0.000 0.000 0.000 0.000 0.000 0.000 0.000 0.000 0.000 0.000 0.000 0.000 0.000 0.000 0.000 0.000 0.000 0.000 0.000 0.000 12.086 10.091 9.094 14.097 28.099 41.099 31.098 15.095 13.091 15.088 12.087 33.090 51.093 50.096
62.369 36.370 0.000 0.000 0.000 0.000 0.000 0.000 0.000 0.000 0.000 18.340 25.339 23.338 0.000 0.000 0.000 0.000 0.000 0.000 0.000 0.000 0.000 0.000 0.000 0.000 0.000 0.000 0.000 0.000 0.000 0.000 0.000 0.000 0.000 0.000 0.000 0.000 0.000 0.000 0.000 0.000 0.000 0.000 0.000 0.000 0.000 0.000 0.000 0.000 0.000 0.000 0.000 0.000 0.000 0.000 17.074 9.075 7.077 19.081 33.084 38.086 40.087 40.086 26.086 14.084 13.082 13.081 12.079 14.080 37.082 52.084 50.087
