results4_8e4_rain/res_4e8f-0130.wd
ncols         241
nrows         181
xllcorner     12693529.787448
yllcorner     3542525.717860
cellsize      155.156523
NODATA_value  -9999.000000
[rows 99 to 131 of 181, columns 73 to 145 of 241]
58.241 58.220 58.198 57.176 57.153 62.129 65.106 62.083 58.067 58.058 52.060 8.064 0.000 0.000 0.000 0.000 0.000 13.469 71.467 96.433 94.432 93.593 100.270 100.199 93.304 94.002 93.850 93.743 94.640 94.543 93.456 97.382 56.330 0.000 0.000 0.000 0.000 0.000 0.000 29.549 55.471 67.315 35.050 16.898 46.850 49.786 47.707 51.594 48.355 45.961 15.598 40.344 44.213 59.125 65.061 68.014 65.979 60.954 53.937 48.928 43.924 21.916 0.000 0.000 0.000 0.000 16.305 34.304 46.304 70.304 71.304 71.303 71.303
58.284 58.265 57.243 55.221 59.197 64.171 65.143 65.112 59.089 56.075 61.070 61.069 22.070 0.000 16.188 46.136 23.024 2.823 59.703 99.577 94.827 94.844 100.330 92.619 94.408 94.063 93.977 93.867 93.763 93.665 95.579 94.511 30.468 0.000 0.000 0.000 0.000 0.000 0.000 33.725 39.666 50.599 0.000 0.000 42.010 49.954 48.862 52.725 52.509 23.235 0.000 35.243 49.184 54.118 75.066 76.025 75.994 76.971 77.956 75.947 56.942 0.000 0.000 0.000 0.000 0.000 0.000 33.302 46.302 70.301 71.301 71.301 71.300
58.329 57.310 57.290 60.267 63.243 64.216 39.184 3.133 32.102 68.083 41.076 15.072 7.071 0.000 27.240 77.195 74.108 65.989 84.859 96.005 92.990 100.413 93.902 94.709 94.276 94.212 94.097 93.989 93.880 94.775 92.685 80.616 27.564 0.563 0.000 0.000 0.000 0.000 37.109 43.960 41.869 42.817 15.848 0.000 48.227 66.157 59.062 53.934 28.722 0.000 0.000 18.202 8.162 48.099 73.058 77.026 75.001 74.982 74.968 76.960 49.957 43.961 43.962 49.963 0.000 0.000 0.000 10.301 45.299 70.299 71.298 71.298 71.297
57.375 56.358 61.339 64.316 64.291 64.265 29.246 0.000 0.000 11.081 2.078 0.000 0.000 0.000 20.337 83.296 89.224 97.135 97.089 94.211 100.759 100.546 93.872 94.583 94.435 94.327 94.220 94.110 93.994 99.868 49.769 17.704 1.638 0.000 1.622 4.622 0.000 28.388 46.259 42.135 42.034 40.951 46.879 12.745 41.513 67.387 66.295 64.229 0.000 0.000 0.000 0.000 0.000 46.058 75.041 79.021 76.002 74.987 72.976 61.968 42.964 38.964 39.964 23.963 0.000 0.000 0.000 0.000 41.297 70.296 71.296 71.295 67.294
56.424 62.409 64.390 64.367 62.339 68.307 38.289 0.000 0.000 0.000 0.000 0.000 0.000 0.000 31.476 89.428 92.366 96.240 95.474 95.484 100.951 93.261 94.967 94.642 94.556 94.448 94.343 98.238 104.119 58.935 27.819 2.770 0.000 0.000 0.000 1.622 29.622 52.517 46.404 39.289 44.180 48.076 44.971 42.843 56.694 60.581 50.502 58.458 0.000 0.000 0.000 0.000 0.000 52.034 76.026 81.014 80.001 75.989 70.979 39.972 37.968 38.967 45.966 0.000 0.000 0.000 0.000 35.293 39.294 68.294 71.293 71.293 65.292
63.477 64.465 64.447 63.422 41.391 7.337 26.312 28.312 0.000 0.000 0.000 0.000 0.000 22.782 75.662 89.583 92.486 94.642 95.650 101.288 101.126 94.239 94.941 94.780 94.674 94.568 98.468 60.379 20.308 0.000 37.801 23.788 0.000 0.000 0.000 0.000 37.728 71.654 62.551 57.436 52.320 53.204 51.085 51.961 64.840 58.742 42.675 44.643 0.000 0.000 0.000 0.000 0.000 52.019 80.015 45.009 42.999 74.987 77.980 47.974 38.971 43.969 13.967 0.000 0.000 0.000 0.000 8.293 35.293 53.292 69.292 72.291 65.290
64.535 64.526 60.509 64.485 46.466 0.000 17.312 47.312 0.000 0.000 0.000 0.000 12.998 74.902 88.808 94.728 94.697 94.838 101.576 101.436 93.571 95.345 94.994 94.904 94.790 94.682 98.582 70.502 2.454 0.000 7.797 10.792 0.000 0.000 0.000 0.000 24.908 56.822 61.709 71.586 67.461 55.333 58.205 67.078 61.963 49.872 41.813 42.796 16.846 17.858 0.000 0.000 0.000 50.007 84.006 0.000 0.000 23.982 70.978 60.974 41.972 20.970 0.000 0.000 0.000 0.000 0.000 0.000 8.291 32.290 58.290 68.289 61.289
62.600 59.596 58.579 74.543 53.521 0.000 16.312 44.312 0.000 0.000 0.000 7.167 71.095 84.018 93.946 96.825 96.069 94.098 101.705 92.883 94.657 91.214 93.141 95.018 94.903 95.788 89.677 79.593 27.523 0.000 0.000 0.000 0.000 0.000 0.000 12.390 47.173 52.017 51.876 53.739 62.603 65.465 68.322 62.183 49.061 42.969 41.910 40.883 44.883 29.870 0.000 0.000 0.000 38.998 75.995 41.988 30.983 22.980 65.976 71.973 51.972 0.000 0.000 2.966 0.000 0.000 0.000 0.000 0.000 27.289 51.288 56.288 43.287
56.673 65.681 61.666 2.588 3.555 0.000 7.312 7.312 0.000 0.000 0.000 8.239 87.196 89.138 97.049 96.214 95.234 101.934 101.824 94.844 94.530 94.371 94.252 93.134 94.014 95.889 52.745 3.669 0.000 0.000 0.000 0.000 0.000 16.080 32.900 47.607 58.379 55.196 54.038 50.892 51.749 54.600 66.438 67.269 59.129 48.034 40.975 40.943 42.932 0.000 0.000 0.000 0.000 23.991 65.989 43.985 39.982 39.979 71.974 74.972 57.970 20.968 10.967 53.966 0.000 0.000 0.000 0.000 0.000 30.287 54.287 49.286 35.286
57.753 67.788 54.817 0.000 0.000 0.000 4.312 16.312 0.311 0.000 0.000 74.354 84.314 96.257 96.252 95.394 102.129 102.035 94.159 95.933 95.583 95.489 95.369 95.251 97.131 47.010 0.000 0.000 0.000 0.000 0.000 5.744 31.559 48.261 61.012 56.760 55.539 55.351 55.189 56.042 53.900 52.748 26.561 45.328 70.153 52.064 40.012 42.983 40.971 28.978 0.000 0.000 0.000 24.987 57.984 35.982 0.000 0.000 27.971 64.970 53.968 62.967 69.966 28.966 0.000 0.000 0.000 0.000 0.000 5.286 45.286 43.285 36.285
55.831 59.903 58.997 35.139 0.000 0.000 0.000 2.311 5.311 0.000 27.606 87.509 94.446 96.367 96.525 94.646 102.216 94.450 96.230 95.794 95.724 95.603 96.487 97.368 59.250 0.000 0.000 0.000 0.000 0.000 8.178 50.929 61.672 57.392 56.127 55.881 55.666 55.482 55.324 55.187 55.060 63.932 2.763 0.000 38.091 47.057 39.026 48.004 47.992 29.985 0.000 0.000 0.000 0.000 41.977 78.976 46.973 0.000 20.968 65.968 59.967 50.966 50.965 0.000 0.000 0.000 0.000 0.000 0.000 0.000 24.284 35.284 36.284
67.892 5.995 62.130 60.281 49.468 8.592 0.000 0.000 0.000 18.771 77.703 91.632 97.570 96.553 95.706 102.363 102.294 95.400 96.097 95.944 95.833 96.722 98.605 59.487 0.000 0.000 0.000 0.000 6.938 37.766 48.428 60.120 56.811 56.507 53.225 52.973 52.761 53.585 55.440 55.320 58.223 35.156 0.000 0.000 18.064 43.048 42.030 60.016 56.009 0.000 0.000 0.000 0.000 0.000 25.973 70.972 82.970 39.968 65.967 79.966 71.965 47.964 40.963 12.962 0.000 0.000 0.000 0.000 0.000 0.000 30.283 36.283 40.283
49.926 3.055 64.245 54.386 61.532 53.715 15.021 2.721 11.838 78.840 87.801 97.757 96.642 96.906 94.931 102.423 94.691 96.483 96.142 96.057 96.948 97.846 51.725 0.000 0.000 0.000 0.000 0.000 50.110 60.932 58.648 57.314 58.943 58.600 64.292 69.024 63.819 56.659 50.532 54.431 60.356 18.313 0.000 0.000 14.052 46.041 47.031 69.022 57.017 0.000 0.000 0.000 0.000 0.000 13.969 65.969 74.968 79.966 75.966 75.965 79.964 63.963 42.962 43.961 12.960 5.959 0.000 0.000 0.000 32.282 37.282 35.282 40.282
0.000 0.000 32.411 83.487 46.560 0.000 0.000 16.931 76.953 81.946 95.923 96.829 97.105 95.033 102.508 94.951 96.759 96.335 96.276 97.164 94.057 48.987 0.000 0.000 0.000 0.000 5.976 52.798 60.461 58.205 57.916 61.546 36.048 14.656 17.321 34.013 59.833 61.700 62.596 54.515 55.458 16.428 0.000 0.000 0.000 27.033 45.029 52.024 51.022 0.001 0.000 0.000 0.000 0.000 13.967 56.966 69.966 74.965 75.964 76.964 72.963 68.962 53.961 41.960 45.959 51.959 0.000 0.000 0.000 0.000 35.281 36.281 38.281
0.000 0.000 9.500 84.590 71.661 0.000 0.000 24.100 85.095 93.080 97.027 98.217 98.250 102.828 102.633 95.903 96.618 96.478 96.379 91.275 81.130 32.059 0.000 0.000 5.476 41.365 50.153 61.959 58.730 58.511 62.266 39.906 0.000 0.000 0.000 19.875 57.799 54.714 58.637 64.576 64.533 42.512 0.000 0.000 0.000 9.030 47.027 41.025 48.024 0.000 0.000 0.000 0.000 0.000 18.965 43.964 60.964 74.963 69.963 62.963 64.962 25.962 50.961 59.959 52.958 48.958 0.000 0.000 0.000 0.000 0.000 30.280 35.280
0.000 0.000 0.000 12.711 61.833 2.154 12.312 78.273 90.248 97.222 97.233 97.405 103.183 103.010 95.193 96.990 96.656 96.583 89.493 55.425 0.000 0.000 0.000 13.690 59.586 53.467 61.313 59.153 58.990 59.842 37.730 0.000 0.000 0.000 0.000 18.814 60.774 54.719 54.664 56.618 60.587 62.575 14.592 0.000 0.000 0.000 28.026 47.025 22.024 0.000 0.000 0.000 0.000 0.000 11.963 39.963 50.962 57.962 49.962 46.962 11.962 0.000 0.000 43.958 47.957 56.957 0.000 0.000 0.000 0.000 0.000 24.280 35.279
0.000 0.000 0.000 0.000 0.261 12.467 81.461 86.433 97.409 97.330 98.607 98.674 103.346 95.494 97.272 96.840 96.779 86.676 75.588 39.506 0.000 0.000 0.000 53.793 75.713 60.604 52.479 60.352 58.233 61.137 31.083 0.000 0.000 0.000 14.805 49.794 56.763 55.723 55.682 52.646 48.621 50.609 12.609 0.000 0.000 0.000 9.025 54.024 2.024 0.000 0.000 0.000 0.000 0.000 11.962 41.961 40.961 39.961 37.960 43.960 0.000 0.000 0.000 18.957 41.956 59.956 3.955 0.000 0.000 0.000 0.000 0.000 28.279
0.000 0.000 0.000 0.000 0.000 84.657 83.630 97.598 97.540 98.733 98.798 103.643 103.498 96.448 98.132 95.975 81.859 70.764 44.676 0.000 0.000 0.000 48.119 65.978 65.867 72.757 60.648 50.543 56.453 66.391 69.383 32.484 0.000 0.000 13.816 61.793 55.762 55.728 54.694 50.665 44.643 45.631 11.626 0.000 0.000 0.000 0.000 27.024 35.024 0.000 0.000 0.000 0.000 0.000 19.961 43.960 37.960 38.960 38.959 40.959 23.958 0.000 0.000 0.000 28.956 49.955 27.954 1.954 0.000 0.000 0.000 0.000 23.279
0.000 0.000 0.000 0.000 23.986 84.872 96.808 97.760 98.761 100.939 103.912 103.780 95.758 97.521 94.172 83.071 71.924 43.844 0.000 0.000 0.000 50.392 71.260 57.133 49.018 62.911 74.811 62.720 65.644 66.592 53.572 59.585 38.578 0.967 21.850 53.800 49.765 56.733 51.702 43.675 42.656 46.645 8.640 0.000 0.000 0.000 0.000 14.023 54.023 0.000 0.000 0.000 0.000 0.000 0.000 25.959 40.959 38.959 38.958 38.958 46.957 0.000 0.000 0.000 0.000 30.954 41.954 47.954 0.000 0.000 0.000 0.000 0.000
0.000 0.000 0.000 0.000 67.101 93.035 98.978 97.877 98.139 96.213 104.039 96.042 97.806 92.374 81.305 56.184 0.000 0.000 0.000 0.000 50.654 71.524 58.397 47.275 47.163 49.059 59.964 74.881 65.812 50.761 58.728 60.708 34.685 0.000 18.820 78.790 65.765 54.739 48.706 44.677 41.661 42.652 36.648 0.650 0.000 0.000 0.000 0.000 33.023 5.023 0.000 0.000 0.000 0.000 0.000 5.958 42.958 38.958 38.957 38.957 40.957 24.956 0.000 0.000 0.000 11.953 38.953 41.953 0.000 0.000 0.000 0.000 0.000
0.000 0.000 0.000 70.401 67.281 73.199 88.108 99.277 96.336 104.276 104.160 96.976 92.661 81.513 60.406 0.000 0.000 32.338 0.000 2.920 75.785 58.654 47.528 48.409 47.299 50.198 64.107 73.028 73.963 57.911 53.872 64.834 38.770 0.000 0.000 9.777 22.765 4.752 0.000 14.666 45.660 52.655 53.652 39.652 0.000 0.000 0.000 0.000 0.000 0.000 0.000 0.000 0.000 0.000 0.000 6.957 42.957 41.957 44.957 39.956 36.956 45.956 0.000 0.000 0.000 18.953 52.953 57.953 0.000 0.000 0.000 0.000 0.000
0.000 0.000 9.620 71.520 68.424 69.343 79.317 95.479 104.496 104.387 96.257 93.022 80.691 54.614 0.000 0.000 49.392 48.338 30.230 14.055 63.911 47.777 48.652 47.534 48.425 63.326 69.238 33.162 24.099 76.050 62.013 39.986 0.895 0.000 0.000 0.000 0.000 0.000 0.000 11.661 63.658 57.655 54.653 50.653 5.653 0.000 0.000 0.000 0.000 0.000 0.000 0.000 0.000 0.000 0.000 30.956 39.957 14.957 0.000 14.956 39.956 43.955 0.000 0.000 0.000 20.953 56.953 25.953 0.000 0.000 0.000 0.000 0.000
0.000 84.803 72.721 69.635 67.558 68.436 69.678 73.740 104.602 95.501 91.261 80.850 54.805 0.000 0.000 0.000 53.446 51.393 71.295 55.162 48.026 48.894 47.768 50.650 70.542 67.443 48.356 44.282 49.222 77.176 74.146 38.132 0.000 0.000 0.000 0.000 0.000 0.000 0.000 11.659 70.657 70.655 65.654 56.653 1.653 0.000 0.000 0.000 0.000 0.000 0.000 0.000 0.000 0.000 3.956 42.956 44.956 0.000 0.000 0.000 42.955 43.955 0.000 0.000 0.000 0.000 27.953 0.000 0.000 0.000 0.000 0.000 0.000
1.001 82.885 96.823 88.752 73.654 74.811 66.857 104.800 104.703 74.384 79.060 54.957 0.000 0.000 0.000 0.000 55.552 68.495 66.395 48.270 48.137 48.004 58.877 70.758 59.648 48.549 48.462 48.389 49.330 58.287 76.262 72.264 33.315 0.000 0.000 0.000 0.000 0.000 0.000 0.000 56.656 58.654 70.653 71.653 27.653 0.000 0.000 0.000 0.000 0.000 0.000 0.000 0.000 0.000 34.955 44.956 21.956 0.000 0.000 3.954 43.954 41.954 0.000 0.000 0.000 0.000 0.000 0.000 0.000 0.000 0.000 0.000 0.000
19.088 96.007 98.935 98.865 93.837 83.991 104.990 104.895 66.535 61.321 0.000 0.000 0.000 0.000 0.000 0.000 66.716 71.638 47.522 49.387 49.247 61.109 69.978 51.855 48.744 48.643 48.555 48.481 48.422 48.378 57.353 77.348 70.366 44.396 35.408 39.411 8.411 0.000 0.000 0.000 0.000 36.654 76.653 76.652 37.652 0.000 0.000 0.000 0.000 0.000 0.000 0.000 0.000 0.000 23.955 22.955 0.000 0.000 0.000 0.000 23.954 50.954 0.000 0.000 0.000 0.000 0.000 0.000 0.000 0.000 0.000 0.000 0.000
89.192 99.118 99.054 98.938 103.179 94.236 105.082 66.619 69.299 64.031 0.000 0.000 0.000 0.000 0.000 60.130 71.960 48.817 49.667 49.511 57.355 70.207 48.069 48.943 48.828 48.725 48.635 48.559 48.498 48.453 48.422 52.408 53.407 48.413 49.416 56.413 38.412 0.000 0.000 0.000 0.000 0.000 31.652 67.652 30.652 0.000 0.000 0.000 0.000 0.000 0.000 0.000 0.000 0.000 0.000 0.000 0.000 0.000 0.000 0.000 0.000 2.954 0.000 0.000 0.000 0.000 0.000 0.000 0.000 0.000 0.000 0.000 0.000
95.293 95.230 99.140 100.300 97.344 105.260 105.171 71.255 55.657 0.902 3.901 0.901 0.000 0.000 0.000 77.301 54.174 50.005 49.819 51.633 72.456 52.295 49.149 49.019 48.900 48.793 48.700 48.622 48.560 48.511 48.477 47.453 46.440 49.434 31.432 0.000 0.000 0.000 0.000 0.000 0.000 0.000 0.000 60.652 48.651 15.651 0.000 0.000 0.000 0.000 0.000 0.000 0.000 0.000 0.000 0.000 0.000 0.000 0.000 0.000 0.000 0.000 0.000 0.000 0.000 0.000 0.000 0.000 0.000 0.000 0.000 0.000 0.000
74.406 74.339 78.315 74.470 105.435 105.348 82.794 63.940 54.784 0.000 0.000 0.901 0.000 0.000 0.000 52.599 48.431 48.210 46.971 59.745 52.543 46.367 47.215 47.082 46.961 46.849 47.750 48.670 48.606 48.557 47.519 45.490 47.466 47.452 44.445 34.446 37.445 39.444 38.442 40.441 11.441 0.000 0.000 0.000 57.651 29.651 0.000 0.000 0.000 0.000 0.000 0.000 0.000 0.000 0.000 0.000 0.000 0.000 0.000 0.000 0.000 0.000 0.000 0.000 0.000 0.000 0.000 0.000 0.000 0.000 0.000 0.000 0.000
89.521 111.408 76.653 106.709 105.520 65.379 55.957 0.000 70.033 28.327 0.000 0.000 0.000 0.000 96.469 75.066 45.741 53.431 64.112 62.832 58.605 56.414 56.262 56.134 55.014 48.890 44.782 48.700 48.639 48.592 47.554 47.520 51.482 51.462 52.452 62.448 62.445 58.444 51.442 50.441 29.441 0.000 0.000 0.000 16.651 22.651 0.000 0.000 0.000 0.000 0.000 0.000 0.000 0.000 0.000 0.000 0.000 0.000 0.000 0.000 0.000 0.000 0.000 0.000 0.000 0.000 0.000 0.000 0.000 0.000 0.000 0.000 0.000
137.602 116.198 114.242 105.677 105.601 93.472 0.000 36.966 64.966 138.623 114.161 0.643 43.945 33.409 94.873 54.453 52.035 123.663 114.214 109.866 109.630 108.420 107.287 106.178 105.070 75.916 42.788 48.711 48.657 48.617 48.585 40.552 0.000 0.000 0.000 0.000 0.000 0.000 15.441 67.440 46.440 17.439 0.000 0.000 0.000 0.000 0.000 0.000 0.000 0.000 0.000 0.000 0.000 0.000 0.000 0.000 0.000 0.000 0.000 0.000 0.000 0.000 0.000 0.000 0.000 0.000 0.000 0.000 0.000 0.000 0.000 0.000 0.000
95.772 115.358 105.820 105.750 90.009 0.000 0.000 0.000 8.244 60.037 47.762 0.000 25.418 0.000 54.161 50.839 60.282 115.973 0.000 1.709 0.000 52.350 61.288 122.222 35.171 0.000 52.743 48.698 48.662 49.634 31.617 0.000 0.000 0.000 0.000 0.000 0.000 0.000 0.000 20.440 67.439 23.439 0.000 0.000 0.000 0.000 0.000 0.000 0.000 0.000 0.000 0.000 0.000 0.000 0.000 0.000 0.000 0.000 0.000 0.000 0.000 0.000 0.000 0.000 0.000 0.000 0.000 0.000 0.000 0.000 0.000 0.000 0.000
116.530 114.582 105.885 114.503 116.349 36.638 0.000 15.731 42.731 52.517 29.090 5.990 46.891 92.374 90.771 83.461 0.000 34.973 0.000 13.498 35.421 63.343 108.292 71.250 36.221 0.000 0.000 54.678 48.657 49.642 30.632 0.000 0.000 0.000 0.000 0.000 0.000 0.000 0.000 0.000 14.438 53.438 18.437 0.000 0.000 0.000 0.000 0.000 0.000 0.000 0.000 0.000 0.000 0.000 0.000 0.000 0.000 0.000 0.000 0.000 0.000 0.000 0.000 0.000 0.000 0.000 0.000 0.000 0.000 0.000 0.000 0.000 0.000
114.664 106.003 105.946 95.010 37.775 0.000 0.000 0.000 4.431 31.211 0.000 0.000 39.781 83.460 137.087 72.774 0.000 0.000 0.000 0.000 0.000 77.310 112.288 42.264 39.242 0.000 0.000 0.000 53.648 47.643 45.639 43.639 31.639 0.000 0.000 0.000 0.000 0.000 0.000 0.000 9.438 67.437 25.437 0.000 0.000 0.000 0.000 0.000 0.000 0.000 0.000 0.000 0.000 0.000 0.000 0.000 0.000 0.000 0.000 0.000 0.000 0.000 0.000 0.000 0.000 0.000 0.000 0.000 0.000 0.000 0.000 0.000 0.000
