results4_8e4_rain/res_4e8f-0213.wd
ncols         241
nrows         181
xllcorner     12693529.787448
yllcorner     3542525.717860
cellsize      155.156523
NODATA_value  -9999.000000
[rows 66 to 98 of 181, columns 73 to 145 of 241]
71.904 35.890 0.000 61.050 78.026 76.994 76.965 0.000 48.357 48.341 61.354 57.364 56.344 56.298 55.228 131.128 118.954 0.000 0.000 0.000 51.668 46.604 51.508 54.445 54.392 56.343 57.294 62.236 63.183 64.137 55.106 0.000 0.000 52.402 102.402 84.316 88.182 88.272 86.326 94.244 86.737 87.217 87.956 86.730 86.508 87.304 57.149 0.000 0.000 0.000 0.000 0.000 0.000 0.000 43.616 41.592 41.551 41.495 41.428 41.359 45.285 58.207 55.129 40.053 50.979 59.906 38.833 41.760 47.688 52.617 48.547 42.478 40.410
56.907 62.876 0.709 49.279 73.235 72.205 66.207 19.293 0.000 0.000 54.434 67.513 56.513 55.482 56.438 37.396 0.000 0.000 0.000 0.000 0.000 0.000 62.440 60.413 58.379 41.336 44.287 51.231 52.191 57.159 48.132 0.000 0.000 0.000 62.644 80.553 87.491 87.584 94.670 94.464 86.808 87.497 87.209 86.999 86.789 81.601 39.469 0.000 3.656 36.656 0.000 0.000 0.000 49.698 44.662 41.627 41.583 41.530 41.468 41.402 41.331 41.257 48.182 62.107 63.034 45.961 39.889 40.817 41.746 45.676 44.607 40.539 40.472
58.921 57.853 62.722 60.526 74.432 67.382 68.365 65.379 0.000 0.000 0.000 69.742 64.715 59.679 61.645 8.621 0.000 0.000 0.000 0.000 0.000 0.000 61.398 57.388 48.375 0.000 0.000 49.211 61.191 60.175 0.000 0.000 8.351 65.231 56.977 60.800 67.878 82.938 94.861 86.545 88.101 87.666 87.477 87.260 85.047 67.844 46.656 52.656 50.656 31.656 0.000 0.000 0.000 7.735 58.707 40.671 41.626 45.573 53.513 43.448 41.379 40.308 44.234 59.161 66.088 58.016 43.944 38.873 40.804 40.735 40.667 40.599 39.532
58.967 56.891 60.790 71.672 65.585 58.527 77.492 66.479 18.496 0.000 12.148 61.999 77.924 72.875 72.841 75.823 0.000 0.000 0.000 0.000 7.350 7.355 59.367 50.365 53.359 0.000 0.000 0.000 97.187 124.175 39.159 0.000 64.471 59.367 59.205 59.111 55.194 95.213 95.042 87.591 91.197 87.944 87.736 87.522 79.296 32.070 0.000 54.656 32.656 0.000 0.000 0.000 46.842 45.798 44.762 40.722 44.676 56.623 61.564 59.499 52.431 42.360 51.287 59.214 38.141 44.069 56.998 53.929 49.860 57.792 38.725 40.658 38.591
57.028 62.957 72.873 64.786 56.710 56.649 69.597 77.549 73.513 76.438 78.296 73.183 68.107 70.055 59.023 58.006 0.000 0.000 0.000 8.343 64.346 63.348 51.350 53.346 54.336 58.315 57.302 0.000 8.194 2.179 1.127 10.875 70.695 63.561 58.399 59.489 57.534 95.369 57.205 64.796 79.392 87.213 88.000 85.794 44.545 0.000 0.000 0.000 0.000 0.000 0.000 47.911 41.885 41.855 41.821 42.780 52.733 61.679 60.619 60.554 56.485 52.413 62.340 45.267 40.194 41.122 41.052 50.983 63.916 50.850 38.784 39.718 45.651
63.098 74.033 63.961 56.889 57.822 57.760 59.699 43.606 69.569 67.506 59.415 56.330 55.264 71.217 73.188 60.173 0.000 0.000 0.000 64.341 60.341 57.341 50.339 54.334 54.324 54.308 54.288 13.257 16.218 17.188 19.139 87.011 83.878 72.746 71.700 60.697 95.646 95.513 59.257 65.906 60.683 67.487 86.260 61.110 0.000 0.000 0.000 0.000 0.000 0.000 0.000 47.937 41.933 41.915 41.885 42.845 51.797 61.741 60.680 59.612 56.542 61.468 55.394 39.319 41.246 41.174 41.104 51.036 58.970 37.906 40.843 43.779 62.711
74.175 64.114 57.051 57.987 57.926 58.873 39.833 0.000 26.652 54.601 57.529 57.458 57.402 55.363 79.337 63.325 0.000 0.000 0.000 41.339 58.336 52.335 53.332 54.326 54.317 54.304 54.287 65.264 5.232 9.215 26.225 79.154 89.051 10.939 92.860 83.051 95.762 57.826 71.471 68.115 57.986 54.791 51.443 36.276 0.000 0.000 43.511 0.000 0.000 0.000 0.000 43.966 41.996 41.987 41.959 41.919 42.869 48.810 56.745 56.675 56.601 60.525 38.448 41.371 41.296 40.223 46.153 63.086 46.022 39.962 42.904 23.844 24.761
64.256 57.199 58.141 58.081 58.024 60.971 16.926 14.891 7.787 52.715 57.643 59.570 57.525 56.494 74.474 70.465 0.000 0.000 0.000 0.000 49.331 52.330 54.327 54.322 54.315 54.305 56.293 42.278 0.000 0.000 76.392 79.327 90.236 96.107 90.210 88.248 95.861 78.874 81.577 66.419 59.325 52.251 0.000 0.000 0.000 0.000 41.511 0.000 0.000 0.000 0.000 0.065 45.096 42.079 42.047 42.002 41.948 41.885 41.816 48.741 56.662 44.582 41.501 41.421 41.344 44.270 57.199 57.133 39.072 41.016 43.967 10.932 0.000
57.341 58.287 58.231 58.173 58.117 58.062 62.010 62.958 62.891 58.828 58.760 38.654 55.633 56.613 72.600 71.596 0.000 0.000 0.000 0.000 48.328 54.327 54.324 54.320 54.315 54.309 42.301 0.000 0.000 4.757 81.624 87.529 90.428 90.375 89.453 95.995 88.353 91.070 85.759 70.701 60.641 59.638 59.772 0.000 0.000 0.000 38.511 45.511 38.511 0.000 0.000 0.000 60.213 41.186 42.146 42.095 42.036 42.968 41.892 41.811 41.726 41.639 41.553 41.469 40.389 46.313 61.241 38.175 41.115 41.061 43.016 17.986 0.000
58.430 58.377 58.322 58.265 58.207 58.150 58.094 58.042 57.991 57.947 61.912 0.000 48.740 57.727 73.717 68.723 4.769 0.000 0.000 0.000 53.326 56.325 56.322 56.320 54.316 57.314 0.000 0.000 0.000 73.891 79.819 90.734 90.615 90.724 88.773 96.199 89.484 94.128 90.020 90.954 78.905 66.886 55.906 50.906 52.906 0.000 0.000 44.511 39.510 45.505 46.489 44.451 50.359 60.305 42.255 43.198 52.132 59.057 40.974 41.884 41.790 41.696 41.603 40.514 45.429 64.351 58.278 47.212 40.152 41.099 43.051 58.008 75.962
58.522 58.470 58.415 58.357 58.298 58.236 58.176 61.122 59.086 58.054 62.031 0.000 48.860 57.837 74.817 66.809 6.816 0.000 0.000 0.000 26.325 36.324 35.322 35.320 56.318 41.316 0.000 0.000 0.000 76.095 86.029 90.941 90.900 90.004 96.819 96.526 90.547 91.390 90.248 90.192 91.138 82.095 47.060 0.000 0.000 0.000 0.000 42.513 42.514 39.514 41.513 42.505 41.466 48.421 62.370 45.309 43.238 53.156 41.063 41.961 41.856 41.751 41.650 41.553 49.464 62.382 49.309 61.243 39.183 40.130 45.081 66.035 77.986
58.617 58.564 58.509 58.453 58.391 61.320 63.252 35.184 56.178 59.154 61.126 21.100 52.002 56.946 68.904 66.879 7.870 0.000 0.000 0.000 0.000 0.000 2.320 2.320 37.319 0.000 0.000 0.000 24.532 74.366 91.260 91.143 91.260 89.346 97.085 89.128 94.835 90.531 90.486 90.420 90.362 80.297 41.178 0.000 0.000 0.000 0.000 0.000 45.520 46.526 33.543 41.589 42.578 42.544 46.494 62.431 45.355 42.265 42.159 42.042 41.922 41.803 39.691 45.586 64.491 45.406 44.332 58.266 42.208 40.156 47.108 73.063 78.017
58.713 58.660 58.607 58.553 60.492 36.403 38.327 0.000 18.287 54.257 58.218 62.172 58.104 61.039 65.976 70.934 9.915 0.000 0.000 0.000 0.000 3.320 55.320 62.320 0.000 0.000 0.000 7.816 83.698 85.579 91.474 91.431 90.550 97.564 97.333 90.186 90.903 90.776 90.707 90.644 89.591 69.552 0.000 0.000 0.000 0.000 0.000 0.000 0.000 37.526 0.000 48.731 45.715 41.681 41.631 43.567 60.487 49.388 41.268 42.127 41.985 40.850 45.724 47.610 46.507 43.419 41.346 41.283 41.228 42.178 55.134 77.092 78.051
58.808 58.755 58.705 58.659 63.621 1.606 0.000 24.516 16.427 50.369 59.318 57.265 59.202 71.131 43.025 36.967 1.941 0.000 0.000 0.000 0.000 53.320 59.320 61.320 0.000 0.000 0.000 70.933 75.865 89.778 91.662 91.793 89.889 97.778 89.681 91.359 91.054 90.996 90.923 90.859 82.805 59.768 0.000 0.000 0.000 0.000 0.000 0.000 0.000 0.000 0.000 52.890 47.870 41.834 39.783 42.719 42.638 58.534 51.396 42.213 43.041 40.886 47.748 47.621 44.507 38.419 41.349 41.291 43.241 57.196 76.156 78.119 81.086
59.901 57.848 57.800 57.758 60.726 30.712 27.687 59.606 64.534 58.475 56.421 63.366 73.310 76.258 0.194 0.000 0.000 0.000 0.000 0.000 0.000 21.320 28.320 30.320 0.000 0.000 0.000 73.119 81.055 90.967 91.959 90.998 98.172 97.980 90.709 91.416 91.279 91.203 91.131 91.065 73.002 54.947 0.000 0.000 0.000 0.000 0.000 0.000 0.000 0.000 0.000 51.067 49.042 49.001 45.949 38.887 40.811 41.714 57.570 57.287 54.078 50.908 43.759 42.620 39.481 40.401 41.341 45.292 65.248 77.209 77.175 78.144 77.117
73.989 72.937 71.889 69.847 66.811 67.780 67.742 64.686 65.629 67.575 67.523 73.470 75.412 33.335 0.000 0.000 0.000 0.000 0.000 0.000 0.000 0.000 0.000 0.000 0.000 11.627 19.548 74.369 91.261 92.170 92.120 91.349 98.350 90.181 91.858 91.547 91.484 91.404 91.333 89.266 71.193 42.070 0.000 0.000 0.000 0.000 0.000 0.000 0.000 0.000 0.000 41.270 45.230 48.180 49.125 48.067 45.006 40.941 34.882 0.000 0.000 0.000 0.000 0.000 43.396 41.362 44.324 65.286 78.251 77.219 78.190 81.165 77.143
70.073 72.020 70.973 72.930 74.891 73.854 72.814 70.769 68.721 68.674 69.627 65.579 65.534 0.000 0.000 0.000 0.000 0.000 0.000 0.000 0.000 0.000 0.000 0.000 0.000 60.705 83.649 82.547 91.453 92.342 92.469 90.571 98.515 92.272 91.879 91.757 91.674 91.599 91.531 87.474 67.434 0.000 0.000 0.000 0.000 0.000 0.000 0.000 0.000 0.000 48.659 43.512 40.427 42.362 47.305 49.252 49.204 50.163 41.136 0.000 0.000 0.000 0.000 0.000 44.345 42.329 58.305 79.277 77.250 77.225 77.201 78.181 77.164
58.151 58.099 59.052 66.009 74.969 80.931 68.893 62.853 57.812 55.773 54.732 60.686 39.610 0.000 0.000 0.000 0.000 0.000 0.000 0.000 0.000 0.000 0.000 0.000 0.000 66.841 82.794 90.718 92.632 92.599 91.729 98.810 98.669 94.288 92.096 91.936 91.861 91.785 91.719 86.666 61.634 0.000 0.000 0.000 0.000 0.000 0.000 0.000 0.000 48.929 43.806 43.693 43.606 42.537 39.480 44.432 48.395 49.371 46.363 0.000 0.000 0.000 0.000 47.301 41.310 45.304 73.288 77.269 77.249 77.229 77.210 77.194 77.180
57.224 57.174 61.128 66.085 68.046 71.008 60.972 56.937 57.903 57.872 59.844 37.822 0.000 0.000 0.000 0.000 0.000 0.000 0.000 0.000 0.000 0.000 0.000 0.000 0.000 53.022 81.970 91.900 92.798 92.927 91.036 98.940 91.833 93.509 92.190 92.126 92.039 91.962 91.892 82.836 55.803 0.000 0.000 0.000 0.000 0.000 0.000 0.000 48.164 44.051 43.944 43.847 43.766 43.699 43.645 40.602 39.573 42.562 49.581 49.669 0.000 0.000 0.000 41.292 42.292 60.287 77.276 76.262 76.246 77.231 77.216 77.204 77.193
57.293 57.244 59.200 60.158 58.120 57.084 58.051 57.020 56.992 56.967 61.948 6.937 0.000 0.000 0.000 0.000 0.000 0.000 0.000 0.000 0.000 0.000 0.000 0.000 4.391 61.256 90.166 93.082 93.052 92.182 99.176 99.062 94.830 92.532 92.387 92.299 92.212 92.130 93.053 72.985 60.938 0.000 0.000 47.766 0.000 47.536 49.492 49.409 44.276 44.168 44.072 43.986 43.912 43.849 43.798 43.759 42.733 39.723 48.732 49.757 42.757 0.000 0.000 49.281 41.280 49.275 55.267 58.256 62.244 68.232 74.221 76.211 76.203
58.357 58.311 58.268 58.228 58.192 57.158 57.128 57.100 57.077 56.058 64.045 15.040 0.000 0.000 0.000 0.000 0.000 0.000 0.000 0.000 0.000 0.000 0.000 0.000 45.526 81.443 92.357 93.247 93.387 91.479 99.279 92.279 93.954 92.639 92.565 92.470 92.380 92.292 93.205 65.113 43.025 0.000 0.000 43.766 0.000 42.579 44.532 44.457 44.364 44.274 44.190 44.113 44.045 43.987 43.940 43.903 41.878 43.865 49.864 46.871 0.000 0.000 0.000 48.273 47.271 46.266 45.260 44.252 43.243 47.233 58.224 54.216 56.210
56.418 56.374 56.333 56.296 56.261 56.229 56.201 57.176 59.156 61.142 36.136 3.137 0.000 0.000 0.000 0.000 0.000 0.000 0.000 3.762 12.754 0.000 0.000 15.885 56.744 87.637 93.534 93.523 92.550 99.458 99.373 95.268 92.975 92.826 92.734 92.640 92.547 92.455 88.360 35.237 0.000 0.000 0.000 43.766 49.747 44.670 44.599 44.525 44.449 44.373 44.300 44.232 44.170 44.115 44.070 44.035 41.010 49.995 49.990 45.991 0.000 0.000 0.000 47.267 46.264 47.260 47.255 47.248 47.241 47.234 46.227 46.220 45.215
57.475 57.434 60.395 64.360 67.327 71.297 73.270 76.248 75.230 67.220 5.219 16.234 40.288 8.312 0.000 0.000 0.000 0.000 0.000 43.770 70.745 10.706 0.000 50.027 82.927 92.818 93.718 93.648 92.871 99.532 91.703 93.390 93.074 92.999 92.902 92.808 92.713 93.619 80.545 0.000 0.000 0.000 0.000 23.786 43.805 44.756 46.670 46.594 44.533 44.470 44.406 44.344 44.286 44.234 44.191 41.156 46.131 49.116 50.110 41.112 0.000 0.000 0.000 31.263 52.259 52.255 49.251 46.245 46.239 47.234 48.228 48.223 47.219
59.529 58.491 65.454 74.421 75.389 74.361 73.336 72.314 69.298 63.287 38.285 55.295 73.317 42.336 26.356 2.364 0.000 0.000 14.843 53.804 67.752 6.666 25.503 67.268 92.119 95.002 93.842 94.054 92.030 99.594 93.687 93.402 93.255 93.163 93.070 92.976 92.877 94.765 38.655 0.000 0.000 0.000 0.000 0.000 39.931 45.877 26.732 26.648 43.619 44.569 44.510 44.451 44.395 44.345 43.303 41.269 50.243 50.227 47.223 41.235 47.284 0.000 0.000 0.000 63.254 78.252 71.247 67.243 63.238 59.233 62.229 62.225 45.222
59.581 59.545 62.511 65.479 64.449 62.422 60.397 58.376 56.359 56.346 65.340 67.342 64.350 61.359 65.368 13.372 0.000 0.000 54.882 84.850 35.792 31.704 65.576 89.421 94.287 94.143 94.260 92.214 99.677 92.090 93.804 93.491 93.420 93.327 93.238 93.150 96.054 52.910 0.000 0.000 0.000 0.000 0.000 0.000 42.111 47.089 0.000 0.000 40.724 44.677 44.615 44.555 44.499 44.449 41.407 49.372 50.345 49.327 40.318 44.320 44.332 0.000 0.000 0.000 31.252 61.249 79.244 78.240 78.236 78.233 78.229 72.226 62.224
59.630 59.598 59.566 58.536 58.507 59.480 59.456 59.434 57.414 58.399 63.388 66.382 62.381 57.382 60.384 15.385 0.000 0.000 46.954 56.921 34.863 67.781 82.676 91.555 94.437 94.368 93.465 100.044 99.815 93.079 93.808 93.665 93.578 93.490 93.406 93.331 96.280 0.000 0.000 11.645 20.645 0.000 0.000 43.409 46.314 45.279 52.301 1.205 40.878 44.798 44.720 44.653 44.596 42.546 44.503 50.468 50.439 42.418 43.403 44.396 44.394 0.000 0.000 0.000 0.000 0.000 61.241 77.238 77.235 77.232 77.230 78.227 78.225
59.679 59.649 59.620 59.591 59.563 59.536 59.511 58.488 57.467 61.447 65.430 65.418 60.410 56.405 61.402 14.398 0.000 0.000 43.058 12.017 58.957 82.881 88.789 94.694 94.543 94.751 92.740 100.250 92.496 94.207 93.895 93.826 93.735 93.649 93.565 100.488 84.455 0.000 7.644 57.645 43.645 0.000 0.000 38.504 46.459 45.410 45.356 51.248 49.057 47.916 44.815 44.743 44.685 41.635 49.592 50.556 46.526 41.501 44.482 44.466 46.453 50.464 0.000 0.000 0.000 0.000 0.000 74.234 77.233 77.231 77.229 78.228 76.227
59.729 59.701 59.672 59.644 59.617 59.591 58.566 57.541 59.517 63.492 66.469 62.449 57.436 56.427 59.420 41.407 28.378 29.317 25.204 26.134 66.068 86.995 92.916 94.804 94.942 92.931 100.610 100.437 93.499 94.212 94.066 93.977 93.889 93.804 98.718 41.601 56.597 26.634 57.644 65.646 0.000 0.000 0.000 37.645 46.605 45.546 45.467 55.352 66.187 39.995 49.880 45.818 42.766 44.719 50.675 49.638 40.606 43.580 44.557 44.533 31.487 32.475 0.000 0.000 0.000 0.000 0.000 55.233 76.232 77.230 77.229 81.228 77.227
59.780 59.753 59.725 59.697 59.671 59.645 57.619 57.594 61.567 68.537 69.502 65.475 60.457 58.448 58.443 60.433 60.410 69.368 10.306 44.246 82.185 89.118 95.045 95.010 94.140 100.917 100.768 93.852 94.633 94.295 94.221 94.126 94.040 93.961 101.903 0.000 39.698 41.661 31.651 33.648 0.000 0.000 0.132 40.825 46.773 45.701 51.614 67.504 44.346 0.000 30.894 43.882 41.843 49.797 50.753 46.714 43.681 44.655 44.635 46.621 0.000 0.000 0.000 0.000 0.000 0.000 47.231 28.232 67.231 77.230 77.229 82.228 77.227
59.832 59.804 59.777 59.750 59.723 58.698 57.672 59.648 66.621 43.588 19.527 18.491 15.470 45.463 62.472 57.471 60.462 41.441 3.405 49.360 87.307 93.253 95.140 95.381 93.403 101.054 94.184 94.960 94.528 94.469 94.364 94.271 94.181 95.099 93.028 14.973 14.835 0.000 0.000 0.000 0.000 0.000 40.205 48.057 45.959 44.871 64.784 68.705 0.000 0.000 1.018 39.974 45.927 50.874 50.825 40.783 44.749 44.723 44.705 47.696 0.000 0.000 0.000 0.000 0.000 0.000 26.231 0.000 55.229 77.229 77.228 83.228 77.228
59.882 59.855 59.828 59.802 58.776 57.750 59.726 62.703 70.682 29.666 0.000 0.000 0.000 0.000 44.509 59.518 60.526 46.528 48.512 74.481 91.440 95.363 95.535 93.555 101.296 101.181 95.162 94.856 94.706 94.603 94.504 94.409 94.317 97.225 82.138 11.055 0.000 0.000 0.000 0.000 0.000 1.569 40.354 47.239 46.134 44.040 71.948 32.826 0.000 0.000 46.200 51.098 51.016 50.948 48.891 43.845 44.810 44.784 44.768 46.761 0.000 50.854 2.854 0.000 0.000 0.000 0.000 0.000 48.229 77.228 77.228 77.228 77.227
59.933 59.906 59.880 59.853 58.827 57.801 61.777 65.755 69.738 27.729 0.000 0.000 0.000 0.000 24.538 67.566 62.596 68.633 81.636 90.614 94.573 95.579 94.728 101.501 101.402 94.495 95.270 94.926 94.842 94.738 94.640 94.546 98.451 61.347 33.242 0.000 0.000 0.000 0.000 0.000 2.848 42.727 47.550 46.411 48.299 45.207 69.140 0.000 0.000 41.512 48.342 64.201 53.092 50.010 45.946 43.897 43.860 44.835 44.821 44.821 49.845 45.854 36.854 0.000 0.000 0.000 44.228 46.228 45.228 77.228 77.228 77.228 77.227
59.982 59.957 59.931 59.905 57.878 59.851 65.826 66.803 64.787 51.782 12.799 0.000 0.000 0.000 0.000 20.613 16.660 56.771 87.785 91.764 95.703 95.871 93.994 101.591 93.805 95.583 95.147 95.081 96.969 95.868 94.773 94.684 100.593 23.470 0.000 0.000 0.000 0.000 0.000 24.074 62.969 62.850 50.707 47.557 58.444 53.350 54.265 15.180 3.010 39.682 44.455 55.271 51.143 55.052 48.986 51.936 50.899 47.874 44.860 43.855 43.860 49.863 0.000 0.000 0.000 0.000 41.228 41.228 51.228 77.228 77.227 77.227 77.227
