results4_8e4_rain/res_4e8f-0076.wd
ncols         241
nrows         181
xllcorner     12693529.787448
yllcorner     3542525.717860
cellsize      155.156523
NODATA_value  -9999.000000
[rows 132 to 164 of 181, columns 0 to 72 of 241]
92.492 97.492 101.491 101.491 103.490 103.489 97.487 88.485 74.483 63.481 62.478 63.475 62.471 61.467 66.463 80.457 91.451 96.444 96.436 93.426 85.414 76.399 67.381 61.358 66.328 68.293 67.251 68.205 66.165 61.128 75.093 98.059 65.031 0.000 0.000 0.000 4.649 56.641 68.633 65.606 67.583 73.566 91.558 77.556 61.557 60.560 60.564 72.571 93.578 34.584 7.590 2.606 0.000 0.000 0.000 0.000 0.000 0.000 0.000 0.000 0.000 0.000 0.000 0.000 24.527 4.447 8.366 49.264 72.114 76.011 75.899 85.983 113.445
70.498 72.498 75.497 81.496 91.495 97.494 102.493 102.491 95.489 81.486 70.483 64.480 68.476 75.472 88.467 103.462 102.456 99.449 99.440 102.430 102.418 98.403 86.386 74.365 66.339 61.309 62.276 61.242 62.209 70.180 92.154 100.132 12.118 0.000 0.000 0.000 14.657 42.666 60.700 69.693 70.673 67.650 68.646 78.643 73.640 66.636 70.632 78.628 91.625 32.621 18.611 24.622 4.632 0.000 0.000 0.000 0.000 0.000 0.000 0.000 0.000 0.000 0.000 0.000 6.607 0.000 56.391 78.309 74.185 83.154 74.213 113.573 102.329
62.504 62.504 62.503 64.502 69.501 73.500 80.499 89.497 97.495 100.492 94.489 92.486 94.482 97.478 96.473 89.468 80.461 78.454 78.446 83.436 89.424 96.411 99.395 98.376 87.354 77.329 72.303 70.276 79.251 95.229 96.210 82.197 15.191 0.000 0.000 0.000 0.000 0.000 43.807 70.793 49.767 37.716 52.732 67.730 82.723 86.711 88.698 89.685 85.673 12.666 0.000 27.639 24.641 12.645 18.645 12.646 0.000 0.000 0.000 0.000 0.000 0.000 40.837 10.783 76.687 98.619 131.468 87.437 82.485 63.438 99.500 104.007 103.910
63.510 63.510 63.509 63.509 62.508 61.506 63.505 68.503 74.501 84.498 94.495 96.492 89.488 79.484 73.479 65.474 61.468 61.461 61.453 63.444 68.433 74.421 81.406 93.390 98.371 100.351 99.331 95.310 98.290 91.274 73.261 65.255 44.259 2.286 0.000 0.000 0.000 0.000 36.929 69.905 12.886 0.000 45.835 70.824 89.809 97.790 83.766 86.739 72.717 30.703 0.000 54.653 23.651 15.647 26.646 26.646 0.000 0.000 0.000 0.000 0.000 27.947 46.890 119.827 148.746 131.624 115.174 114.116 105.783 104.421 104.292 104.155 69.378
63.517 63.516 63.516 63.515 63.514 63.513 63.512 62.510 62.508 65.505 71.502 70.499 66.495 62.491 62.486 62.481 63.476 63.469 63.462 63.454 62.444 61.433 63.420 69.406 76.391 85.374 93.358 89.342 78.327 66.315 62.306 67.302 75.304 51.313 29.318 29.302 15.263 16.194 52.075 73.011 22.987 4.997 64.949 96.923 98.900 77.872 80.836 79.789 67.752 56.726 7.699 35.671 9.661 0.000 10.646 0.000 0.479 0.000 0.000 0.000 0.000 9.006 71.948 77.864 73.848 75.003 72.975 104.766 104.658 104.543 71.735 74.511 76.379
63.523 63.523 63.523 63.522 63.521 63.520 63.519 63.517 63.515 63.512 62.509 62.506 62.502 63.498 63.494 63.489 63.484 63.479 63.472 63.464 63.456 63.446 63.435 62.423 61.411 62.398 66.385 64.372 63.361 67.352 70.346 69.343 67.342 69.343 69.340 66.325 66.294 70.243 45.166 31.077 20.054 38.057 83.040 97.019 76.994 69.963 68.918 48.828 44.777 7.752 0.000 0.000 0.000 0.775 0.000 0.000 4.479 19.452 34.403 4.333 18.246 81.092 88.074 86.142 84.125 85.203 104.969 104.870 85.991 92.779 85.630 91.400 83.239
63.531 63.530 63.530 63.529 63.529 63.528 63.526 63.525 63.523 63.520 63.517 63.514 63.510 63.506 63.502 63.498 63.494 63.489 63.483 62.476 69.469 71.460 63.451 62.442 61.431 62.421 64.411 67.402 70.394 69.387 64.383 65.380 72.379 75.378 71.374 65.363 62.344 71.320 2.302 0.000 5.094 78.135 87.136 74.120 66.096 86.068 32.044 0.000 0.000 0.000 0.000 0.000 0.000 0.775 0.000 0.000 29.506 71.474 100.425 61.357 94.236 102.389 99.347 98.435 105.247 105.158 105.065 98.081 99.956 99.652 98.510 97.440 15.353
63.538 63.538 63.537 63.537 63.536 63.535 63.534 63.533 63.531 63.528 66.526 66.522 64.518 68.513 66.509 63.507 63.504 63.500 62.495 60.489 71.483 79.476 65.468 62.460 64.452 67.444 69.437 68.430 65.425 67.421 72.418 74.417 75.417 75.416 70.414 64.409 73.401 92.391 11.385 0.000 0.000 52.254 75.247 72.229 76.201 96.168 30.146 0.000 0.000 0.000 0.000 0.000 0.000 1.776 0.000 27.621 79.568 95.513 98.440 103.435 100.596 97.584 105.491 105.413 105.333 97.399 98.182 99.053 98.732 98.702 91.631 68.536 0.000
63.546 63.545 63.545 63.545 63.544 63.543 63.542 63.541 63.539 64.537 71.535 71.531 48.526 16.519 37.517 67.516 61.515 64.512 70.508 73.503 73.498 69.492 65.486 66.479 69.473 68.467 67.462 69.457 73.454 73.452 75.452 74.453 65.454 60.456 62.457 75.458 94.458 104.459 26.463 0.000 0.000 27.381 83.369 85.348 92.312 91.258 27.226 0.000 0.000 0.000 0.000 0.000 0.000 5.776 31.743 75.683 97.597 100.610 99.696 99.696 98.786 105.637 105.565 97.611 98.410 99.269 99.054 98.908 98.863 90.794 82.752 0.000 0.000
63.553 63.553 63.553 63.553 63.552 63.552 63.551 63.550 63.549 65.547 74.545 85.542 61.538 0.000 4.522 52.527 78.527 70.525 68.521 68.517 66.513 65.508 67.503 69.498 67.493 63.489 65.486 77.483 79.482 69.483 63.484 60.487 60.491 65.496 79.502 95.508 92.515 76.526 48.543 16.582 10.577 54.520 83.500 65.482 56.441 48.325 13.275 0.000 0.000 0.000 0.000 0.000 0.000 24.810 75.776 97.686 99.877 98.867 98.974 105.842 105.776 105.708 97.677 99.559 99.270 99.142 99.086 99.011 92.933 79.869 69.831 0.000 0.000
63.561 63.561 63.561 63.561 63.561 63.560 63.560 63.559 63.558 65.557 75.555 62.553 18.547 0.562 0.000 20.544 74.542 66.539 68.536 67.532 65.528 68.525 69.521 66.517 63.513 59.511 69.509 83.508 70.509 60.512 61.516 66.521 76.528 87.536 98.545 91.556 69.569 64.584 83.604 90.625 91.630 95.620 70.631 31.640 3.644 0.000 0.000 0.000 0.000 0.000 0.000 0.000 29.924 75.854 97.868 100.052 99.068 106.024 105.966 105.906 97.951 98.748 99.634 99.331 99.315 99.253 99.177 100.083 88.001 58.914 47.872 5.872 0.000
62.570 62.569 63.569 63.569 63.569 63.569 63.569 63.569 63.568 66.568 76.567 47.567 0.000 6.578 44.574 46.563 63.557 65.554 53.551 35.547 73.544 68.541 64.538 63.535 61.533 63.531 79.531 82.532 64.534 67.539 79.546 88.554 97.564 95.575 83.588 69.602 62.620 78.640 82.662 70.684 51.698 49.700 37.761 17.805 6.850 1.085 0.000 19.430 14.430 0.000 0.000 24.012 76.026 99.122 100.138 98.246 106.133 106.079 98.121 98.930 99.805 99.610 99.487 99.461 99.407 99.354 102.283 66.147 46.074 0.000 0.000 0.000 0.000
71.578 69.578 66.577 64.577 61.577 61.578 61.578 61.579 60.579 65.579 77.579 60.581 41.586 49.584 67.581 63.575 60.571 66.568 61.565 48.563 68.560 62.558 61.556 61.554 63.552 77.551 85.551 51.553 43.558 93.565 98.574 93.585 82.598 72.612 64.628 60.646 71.668 83.693 51.721 26.751 9.779 0.853 17.910 16.968 7.063 8.238 11.366 39.430 23.430 0.000 0.000 56.264 98.289 97.407 106.288 106.238 106.187 98.162 100.051 99.775 99.666 99.633 101.589 96.536 98.505 99.476 110.453 0.000 0.000 0.000 0.000 0.000 0.000
72.587 74.586 80.584 81.584 81.586 78.587 79.588 78.589 77.589 77.589 79.590 62.591 66.593 65.592 62.590 65.587 65.584 64.582 69.580 71.578 65.576 59.574 61.573 63.571 77.570 82.569 71.570 65.572 74.578 97.588 80.601 71.616 63.630 61.647 63.665 62.687 76.713 85.743 49.777 25.819 13.874 15.961 19.015 11.094 12.196 18.323 20.430 13.494 0.000 0.000 34.509 76.512 106.424 106.380 106.335 98.402 99.205 100.100 99.807 99.802 100.758 100.711 73.665 51.600 86.598 100.592 105.601 45.659 0.000 0.000 0.000 0.000 0.000
65.598 59.596 12.590 14.590 23.595 70.597 67.598 67.599 67.599 71.600 80.600 61.601 62.602 61.601 64.600 68.599 69.597 67.596 66.594 69.593 70.592 67.591 61.590 78.589 84.588 75.587 81.586 98.588 95.595 77.609 65.628 61.645 63.662 63.680 62.700 67.724 83.754 85.788 77.827 80.875 51.936 14.014 6.097 5.195 17.306 24.426 14.537 11.625 3.655 29.755 77.707 106.504 106.465 98.550 99.357 100.240 100.051 99.935 99.918 100.870 98.827 92.785 17.762 0.000 68.696 103.692 100.698 99.718 0.000 0.000 0.000 0.000 0.000
63.610 55.610 0.000 0.000 5.607 66.608 62.609 62.609 62.610 66.610 80.611 58.611 62.612 66.612 68.611 69.611 66.610 63.609 61.608 63.608 73.608 86.608 81.607 82.607 59.606 53.603 105.599 91.599 58.606 18.623 38.656 66.675 63.692 63.710 65.731 58.756 42.791 32.827 44.869 84.918 60.981 14.063 9.163 4.284 13.408 18.538 12.671 17.784 17.877 55.919 106.563 97.745 101.481 100.382 100.194 100.083 100.058 100.020 100.977 100.938 65.897 41.840 27.838 30.843 81.798 102.782 98.782 89.797 7.832 0.000 0.000 0.000 0.000
63.622 63.623 46.629 0.000 6.619 67.619 63.620 63.620 62.620 63.621 78.621 65.622 68.622 70.623 69.623 64.623 61.623 62.623 62.623 61.623 71.624 94.624 90.625 77.626 70.625 61.622 37.608 26.604 13.605 0.000 19.697 68.707 63.721 65.738 48.757 22.779 7.825 4.862 46.902 63.948 33.007 5.093 8.209 13.370 20.503 16.648 10.823 4.009 7.359 55.182 106.637 100.633 100.391 100.212 100.195 100.159 100.116 100.077 98.041 89.008 21.984 0.000 38.905 97.894 102.871 100.856 94.852 84.857 2.866 0.000 0.000 0.000 0.000
60.632 62.633 59.635 0.000 2.630 67.630 62.630 60.631 62.631 66.631 70.632 69.632 69.633 67.634 61.634 62.635 62.635 63.636 63.637 68.638 86.639 85.641 78.643 87.646 85.648 56.651 0.000 0.000 0.000 0.000 17.728 68.735 63.748 66.764 37.779 0.000 33.869 59.895 79.929 48.964 1.008 0.000 0.000 2.500 12.585 12.729 12.938 7.351 4.645 106.844 106.743 99.543 100.385 100.285 100.250 100.210 100.171 102.134 87.100 70.070 30.046 6.034 53.984 83.957 92.935 101.920 90.913 79.911 1.914 0.000 0.000 0.000 0.000
67.641 65.642 54.643 0.000 53.641 61.641 63.641 67.641 68.642 69.642 67.642 68.643 66.644 62.645 62.646 63.647 63.648 62.649 64.651 87.652 86.654 68.657 81.661 79.665 83.671 81.682 44.703 0.730 9.749 39.753 44.751 64.759 63.772 63.790 58.815 50.856 67.886 66.918 60.957 83.001 31.048 0.000 0.000 6.529 11.611 9.740 10.905 35.142 59.595 106.936 101.879 101.619 101.357 100.342 100.301 100.263 101.225 99.189 54.155 31.124 43.097 44.073 98.040 100.014 79.992 89.977 84.967 57.963 22.962 0.000 0.000 0.000 0.000
68.650 69.651 66.653 54.656 68.653 68.652 68.652 69.652 69.652 70.652 82.652 64.652 62.654 62.656 63.658 63.659 63.661 64.662 78.664 89.666 64.669 68.673 95.677 87.683 75.691 78.702 81.718 65.736 70.750 85.759 78.766 66.776 59.791 59.811 70.836 86.868 73.900 45.936 17.979 73.033 62.111 11.232 14.351 19.478 15.587 6.716 8.819 50.126 102.380 107.021 98.859 101.506 102.432 100.392 100.353 100.314 93.277 83.241 40.207 11.176 20.146 21.118 82.090 124.065 105.044 81.028 73.017 52.010 61.007 14.007 0.000 0.157 4.160
73.657 73.659 69.661 69.663 69.662 70.662 70.663 66.663 63.663 62.663 25.663 15.660 66.665 63.668 63.670 63.671 62.673 65.675 89.677 75.680 60.684 66.688 83.693 100.699 95.707 92.717 90.730 86.743 82.756 81.766 89.777 86.789 80.806 76.826 79.850 83.879 45.911 9.948 8.990 25.043 21.129 6.235 15.343 25.442 21.549 12.684 5.852 49.099 107.177 107.100 101.756 103.594 100.479 100.445 101.404 97.365 81.327 74.291 80.257 86.224 70.194 92.165 107.137 124.113 133.091 117.074 79.062 84.054 59.050 0.000 0.000 0.000 0.000
12.662 13.668 73.669 68.671 68.672 63.672 60.673 62.673 57.674 10.675 10.675 0.000 67.679 63.680 63.682 63.683 63.685 81.688 88.690 61.693 63.697 63.702 66.707 72.713 74.721 74.730 70.741 73.752 89.763 82.774 73.785 76.799 83.817 87.836 90.859 87.887 62.918 27.953 10.989 10.019 0.000 0.000 10.344 19.401 3.475 0.000 19.024 79.262 107.250 99.110 102.825 102.559 100.539 100.495 101.454 96.415 83.376 49.340 56.305 99.271 110.240 142.210 133.182 105.157 93.134 110.116 89.102 83.093 58.089 0.000 0.000 0.000 0.000
0.000 8.680 22.676 77.680 62.682 60.683 62.683 62.684 63.685 10.686 1.689 56.695 64.692 63.692 63.694 63.695 65.697 89.700 74.703 60.706 63.710 63.715 63.720 62.726 62.734 62.742 61.751 68.761 97.771 76.781 7.792 15.805 27.825 78.844 88.865 72.890 77.921 64.958 16.996 14.024 0.000 4.237 17.287 9.344 0.000 0.000 37.173 107.393 107.322 101.992 103.725 99.630 100.587 100.544 100.503 100.463 87.424 50.387 65.351 102.317 98.284 132.253 127.224 96.197 101.174 87.154 68.138 86.128 64.123 0.000 0.000 0.000 0.000
61.702 57.696 0.000 69.693 79.693 80.693 61.694 73.695 80.696 56.697 54.700 64.702 63.703 63.704 63.705 63.707 82.709 86.712 61.715 63.718 62.722 61.727 63.732 63.738 63.745 63.753 62.761 70.770 99.779 80.787 26.795 0.000 50.836 75.848 88.866 67.888 57.918 16.963 10.012 13.057 11.121 19.187 23.223 0.000 0.000 16.123 78.350 107.463 99.260 102.970 102.708 100.683 100.635 100.592 100.550 101.510 92.470 81.432 104.396 129.360 117.327 134.294 131.264 125.235 132.209 98.187 75.169 85.157 93.153 22.161 0.000 0.000 0.000
63.708 62.707 57.709 63.704 62.703 10.703 84.704 76.705 63.706 64.708 64.710 63.712 63.713 63.715 63.716 66.718 89.721 72.723 62.726 63.730 69.734 77.739 63.744 61.750 63.756 62.763 65.770 89.778 97.787 72.795 60.805 48.820 70.834 69.847 30.863 15.880 12.899 0.000 2.034 2.070 3.119 4.167 6.195 0.000 19.255 76.362 98.493 107.530 100.221 100.856 100.774 100.728 100.682 100.639 100.596 101.555 92.515 75.477 71.439 104.403 94.368 108.334 111.301 99.270 101.241 73.215 50.194 64.179 131.171 84.169 19.168 9.166 31.164
63.715 63.714 63.715 63.713 63.713 57.713 73.714 89.715 65.716 62.718 63.720 63.721 63.723 63.725 62.727 85.729 87.732 61.734 63.737 64.741 61.745 23.750 82.755 77.761 64.767 62.773 80.779 99.787 83.794 63.802 63.811 64.822 67.832 71.843 8.858 9.869 0.000 0.000 14.020 0.000 0.000 0.000 0.000 0.000 42.415 99.530 107.659 107.595 100.109 100.935 100.814 100.774 100.728 100.684 100.641 99.600 84.559 86.520 106.482 125.444 124.408 129.372 134.337 121.303 119.270 106.239 55.213 53.194 129.182 93.175 31.170 24.167 89.164
63.722 63.722 63.722 63.722 63.722 63.723 63.723 74.725 89.726 65.728 62.730 63.732 63.734 61.736 69.738 90.740 70.743 62.745 64.748 62.751 4.756 1.761 70.766 71.771 77.777 76.782 84.788 83.794 64.801 62.808 64.816 67.823 72.830 72.836 0.000 0.000 0.000 1.006 25.007 12.001 12.999 11.999 0.000 3.789 50.778 104.775 107.721 99.460 101.161 100.891 100.867 100.817 100.772 100.728 100.685 100.643 86.602 82.562 103.523 104.485 104.447 107.410 107.373 106.336 111.297 84.258 60.225 75.202 90.188 29.180 0.000 0.000 33.162
63.730 65.729 65.729 63.730 63.731 63.732 63.733 63.734 74.736 89.737 65.739 60.742 60.744 77.746 89.749 83.751 60.754 63.756 59.758 5.759 2.767 56.773 63.777 63.782 69.786 86.791 86.797 79.802 72.808 64.814 51.820 21.825 86.830 66.834 0.000 0.000 0.000 0.000 13.998 6.998 20.998 9.998 0.000 4.070 24.042 107.844 107.783 100.328 101.052 100.953 100.907 100.860 100.814 100.770 100.727 101.685 96.644 86.604 81.564 80.524 80.485 80.447 80.408 84.369 58.325 2.270 28.227 84.203 80.187 41.177 3.170 0.000 32.160
64.738 1.737 2.735 63.738 62.740 61.741 61.742 60.744 60.745 73.747 88.749 81.752 88.754 90.757 77.759 61.762 68.765 68.768 56.770 0.000 4.782 67.785 63.788 65.792 89.796 96.800 74.805 65.810 72.814 79.819 67.824 3.829 46.832 64.835 0.000 0.000 0.000 0.980 6.990 3.995 17.996 0.000 0.000 4.316 9.659 107.904 105.591 101.289 101.026 100.998 100.948 100.901 100.856 100.812 100.769 100.727 101.686 100.645 98.604 97.564 97.524 98.484 100.445 74.406 16.366 0.000 13.211 69.194 100.181 91.171 64.164 40.158 57.158
63.746 62.746 0.000 62.749 73.749 77.750 81.751 86.753 89.754 90.757 90.759 90.762 76.764 63.767 79.770 96.773 97.777 97.780 90.785 68.793 3.794 64.796 62.799 71.802 99.806 86.809 63.813 62.817 64.821 67.825 58.829 3.833 23.836 23.838 0.000 0.000 0.000 6.971 1.980 0.000 0.996 0.000 12.208 13.635 5.237 107.960 109.538 105.167 101.083 101.034 100.987 100.941 100.896 100.852 100.810 100.768 100.727 100.686 100.645 100.603 101.561 104.521 76.483 9.444 0.000 0.000 0.000 14.183 70.171 101.162 92.155 68.153 45.156
63.755 65.756 61.760 63.758 78.758 77.759 73.760 69.762 68.763 64.766 85.769 75.771 86.774 77.777 93.781 89.784 82.788 83.791 94.796 100.801 89.804 90.806 82.809 90.812 98.815 71.818 62.821 63.824 63.828 62.831 62.834 64.837 59.840 8.844 68.852 59.857 0.000 0.932 0.000 0.000 0.000 2.883 81.014 78.241 108.059 108.011 103.418 104.236 101.114 101.072 101.025 100.979 100.935 100.892 100.850 100.808 100.768 100.727 100.686 102.643 107.596 76.557 16.520 0.000 0.000 0.000 0.000 0.000 11.160 62.149 97.144 47.141 0.000
65.763 1.761 60.766 63.766 63.767 63.768 62.769 63.770 65.772 63.775 75.778 70.781 79.785 90.788 78.791 63.795 64.798 65.802 66.807 71.811 84.814 94.817 100.819 98.822 87.824 63.827 63.829 63.832 63.834 63.837 64.839 87.842 60.844 0.848 64.855 14.862 8.875 1.888 0.000 0.000 0.000 12.783 100.994 103.186 108.103 101.761 101.452 101.183 101.158 101.107 101.061 101.016 100.973 100.930 100.889 100.848 100.808 100.769 102.729 87.686 41.624 8.590 0.000 0.000 0.000 0.000 0.000 0.000 0.000 33.131 95.129 47.127 0.000
66.773 0.000 60.775 63.775 63.776 63.776 63.777 64.778 2.778 62.784 66.788 77.791 77.795 85.798 90.801 76.805 61.809 61.813 61.817 63.821 65.825 66.828 67.830 67.832 66.834 65.835 61.837 61.839 62.841 63.843 74.845 88.846 59.848 53.851 55.853 0.000 0.000 1.888 0.000 0.000 0.000 16.782 99.887 108.184 108.143 100.614 101.335 101.236 101.189 101.142 101.096 101.052 101.010 100.968 100.928 100.888 100.849 100.811 105.775 61.747 0.000 0.000 0.000 0.000 0.000 0.000 0.000 0.000 0.000 36.115 96.114 55.112 0.000
