results4_8e4_rain/res_4e8f-0210.wd
ncols         241
nrows         181
xllcorner     12693529.787448
yllcorner     3542525.717860
cellsize      155.156523
NODATA_value  -9999.000000
[rows 33 to 65 of 181, columns 73 to 145 of 241]
0.000 0.000 0.000 0.000 0.000 0.000 0.000 0.000 0.000 0.000 0.000 0.000 0.000 0.000 0.000 0.000 0.000 0.000 0.000 0.000 0.000 0.000 0.000 0.000 0.000 0.000 0.000 0.000 0.000 0.000 0.000 0.000 0.000 0.000 0.000 0.000 0.000 0.000 0.000 39.896 62.897 67.899 23.901 0.000 0.000 32.978 47.006 13.985 4.985 37.006 40.021 34.019 35.000 35.964 35.910 35.836 35.743 34.625 40.471 60.233 6.746 14.855 12.131 47.286 63.743 68.271 66.831 67.431 65.966 68.050 63.104 62.714 62.703
0.000 0.000 0.000 0.000 0.000 0.000 0.000 0.000 0.000 0.000 0.000 0.000 0.000 0.000 0.000 0.000 0.000 0.000 0.000 0.000 0.000 0.000 0.000 0.000 0.000 0.000 0.000 0.000 0.000 0.000 0.000 0.000 0.000 0.000 0.000 0.000 0.000 0.000 0.000 0.000 14.898 9.899 0.000 0.000 0.000 0.000 29.098 0.000 0.000 27.047 51.088 50.092 40.075 36.038 35.981 35.901 35.800 34.679 56.543 54.388 0.000 37.688 50.252 63.677 68.156 67.677 67.247 66.753 67.812 63.830 63.129 63.382 65.682
0.000 0.000 0.000 0.000 0.000 0.000 0.000 0.000 0.000 0.000 0.000 0.000 0.000 0.000 0.000 0.000 0.000 0.000 35.321 67.321 20.321 0.000 0.000 0.000 0.000 0.000 0.000 0.000 0.000 0.000 0.000 0.000 0.000 0.000 0.000 0.000 0.000 0.000 0.000 0.000 0.000 0.000 0.000 0.000 0.000 0.000 21.189 0.000 0.000 0.000 29.192 47.186 47.169 38.133 36.074 35.988 33.876 49.749 58.636 0.000 23.349 47.958 62.512 69.015 68.521 68.065 67.545 69.576 65.562 63.672 64.070 66.394 65.638
0.000 0.000 0.000 0.000 0.000 0.000 0.000 0.000 0.000 0.000 0.000 22.323 60.323 0.322 0.000 0.000 0.000 0.000 42.321 93.321 49.320 0.000 0.000 0.000 0.000 0.000 0.000 0.000 0.000 0.000 0.000 0.000 0.000 0.000 0.000 0.000 0.000 0.000 0.000 0.000 0.000 0.000 0.000 0.000 0.000 0.000 24.281 25.322 32.340 18.338 28.301 36.292 49.281 40.252 36.194 33.100 43.968 53.803 42.615 18.272 47.739 65.283 69.823 69.344 68.880 68.339 68.343 67.305 64.326 64.773 67.111 66.362 66.127
0.000 0.000 0.000 0.000 0.000 0.000 0.000 0.000 0.000 0.000 0.000 43.323 78.323 67.323 54.322 9.322 3.322 27.322 81.321 89.321 54.320 0.000 0.000 0.000 0.000 23.368 2.368 0.000 0.000 0.000 0.000 0.000 0.000 0.000 0.000 0.000 0.000 7.369 0.000 0.000 0.000 11.367 29.367 0.000 0.000 40.344 55.331 58.345 56.360 42.373 36.382 35.400 49.411 40.400 32.350 46.249 60.094 47.882 35.748 50.462 55.053 67.613 70.150 69.688 69.135 69.115 67.059 65.090 65.495 67.841 67.100 66.869 66.535
0.000 0.000 0.000 0.000 0.000 0.000 0.000 0.000 0.000 0.000 0.000 14.323 76.323 59.323 40.323 2.322 23.322 73.322 84.321 91.320 50.320 0.000 0.000 0.000 0.368 61.368 45.368 0.000 0.000 0.000 0.000 0.000 0.000 0.000 0.000 0.369 24.369 36.369 38.369 0.000 0.000 20.368 45.367 24.366 38.363 61.357 64.355 65.365 62.383 49.411 36.454 33.515 50.564 41.586 45.559 63.452 57.278 0.000 34.032 52.776 65.399 70.961 70.505 69.945 69.900 67.833 65.980 66.238 68.586 67.856 67.632 67.299 66.966
0.000 0.000 0.000 0.000 0.000 0.000 0.000 0.000 0.000 0.000 0.000 0.000 0.000 27.323 65.323 61.323 49.322 62.322 82.321 93.320 46.319 0.000 0.000 0.000 0.000 23.368 47.368 49.368 0.000 0.000 0.000 0.000 0.000 0.000 0.000 0.000 40.369 41.369 53.369 36.369 25.369 39.368 40.368 36.367 43.366 50.365 48.368 41.378 60.397 26.433 42.509 45.641 35.744 47.820 60.847 57.722 0.303 8.984 45.571 62.211 70.806 71.344 70.792 70.717 67.645 67.037 67.010 69.350 68.632 68.418 68.093 67.760 67.402
0.000 0.000 0.000 0.000 0.000 0.000 0.000 0.000 0.000 0.000 0.000 0.000 0.000 17.323 84.323 79.323 69.323 59.322 83.321 91.320 86.317 71.313 26.311 0.000 0.000 0.000 3.368 57.368 41.368 39.368 50.368 45.368 8.369 0.000 0.000 4.369 40.369 39.369 60.369 66.369 55.369 47.369 39.369 36.369 37.369 38.370 37.374 35.382 43.395 4.414 0.000 4.795 40.950 64.105 62.287 1.585 7.678 45.392 59.057 68.700 72.239 71.800 72.576 68.530 68.336 67.830 70.140 69.427 69.220 68.909 68.593 68.243 67.852
0.000 0.000 0.000 0.000 0.000 0.000 0.000 0.000 0.000 0.000 0.000 0.000 0.000 0.000 17.323 56.324 31.324 67.324 86.322 91.320 89.316 87.312 76.308 35.305 0.305 0.000 0.000 13.368 52.368 52.368 65.368 63.369 56.369 51.369 0.000 0.000 7.369 44.369 63.369 70.369 62.369 46.369 35.370 36.370 36.371 36.373 36.376 36.381 40.385 0.000 0.000 0.000 11.156 48.363 17.827 15.097 50.037 54.843 66.586 73.193 73.046 71.287 69.617 70.003 68.733 70.975 70.251 70.038 69.734 69.438 69.121 68.766 68.336
0.000 0.000 0.000 0.000 0.000 0.000 0.000 0.000 0.000 0.000 0.000 0.000 0.000 0.000 0.000 2.325 88.326 88.326 90.325 90.321 89.316 83.311 77.305 48.302 0.000 0.000 0.000 0.000 0.000 20.368 65.368 59.369 74.369 71.369 50.369 29.369 30.369 39.369 61.369 70.369 61.369 44.370 34.370 39.371 38.372 36.374 36.377 36.379 37.381 29.381 0.000 0.000 0.000 0.000 9.560 52.598 55.526 63.384 74.107 74.220 72.582 74.475 72.238 69.776 71.887 71.124 70.880 70.563 70.271 69.981 69.688 69.365 67.929
0.000 0.000 0.000 0.000 0.000 0.000 23.298 46.296 0.000 24.237 64.227 53.214 57.203 32.197 0.000 0.000 24.328 96.329 90.329 87.325 84.317 87.308 78.300 41.295 0.000 0.000 0.000 0.000 0.000 0.000 0.000 9.369 63.369 64.369 15.369 0.000 6.369 43.369 61.369 66.369 56.370 47.370 45.371 7.372 14.373 42.375 36.377 36.378 37.380 43.380 51.380 13.380 0.000 0.000 25.256 58.208 62.101 72.911 75.126 74.758 78.035 76.616 71.119 72.926 72.073 71.765 71.409 71.094 70.799 70.529 70.285 70.078 75.932
0.000 0.000 0.000 0.000 0.000 0.000 23.301 66.293 8.273 58.248 60.229 72.212 55.199 40.190 0.000 0.000 12.330 81.332 93.337 90.332 90.320 91.305 85.292 39.283 0.000 0.000 0.000 0.000 0.000 0.000 0.000 0.000 0.000 48.369 7.369 0.000 2.369 49.369 46.369 58.369 15.369 0.000 0.000 0.000 0.000 8.376 46.377 40.378 3.379 33.379 67.380 50.380 3.380 0.000 30.008 63.847 72.749 75.870 75.625 79.795 79.049 72.475 74.042 73.093 72.699 72.283 71.925 71.599 71.305 71.049 70.845 70.730 75.789
21.565 65.559 55.553 0.000 0.000 0.000 17.313 77.301 53.278 55.252 61.228 85.207 86.190 81.175 35.161 0.000 0.000 0.000 41.356 95.345 90.326 91.302 88.278 47.262 0.000 0.000 0.000 0.000 0.000 0.000 0.000 0.000 0.000 6.369 0.000 0.000 0.000 0.000 0.000 0.000 0.000 0.000 0.000 0.000 0.000 0.000 0.000 21.379 18.379 0.000 0.000 0.000 0.000 19.420 56.837 73.789 75.466 76.399 80.746 80.350 73.504 75.065 74.104 73.651 73.180 72.773 72.404 72.072 71.774 71.517 71.316 71.207 74.265
21.566 77.558 59.548 55.537 0.000 0.000 4.337 69.319 71.287 71.255 83.224 80.199 92.178 91.159 52.147 0.000 0.000 0.000 17.387 97.367 90.335 91.297 88.258 48.225 0.000 0.000 8.788 56.750 68.709 37.681 0.000 0.000 0.000 0.000 0.000 0.000 0.000 0.000 0.000 0.000 0.000 0.000 0.000 0.000 0.000 0.000 0.000 0.000 6.379 0.000 0.000 0.000 17.385 57.892 74.853 75.435 81.665 81.155 74.774 75.337 75.841 75.025 74.561 74.067 73.625 73.219 72.849 72.510 72.202 71.928 71.697 78.516 19.390
85.569 82.558 61.544 62.526 54.496 1.452 59.380 54.349 62.297 75.256 79.215 90.187 91.162 90.139 59.120 0.000 0.000 0.000 16.437 96.401 90.351 91.294 86.231 66.156 50.038 50.930 50.826 58.754 79.696 46.653 0.000 0.000 0.000 0.000 0.000 0.000 0.000 0.000 0.000 0.000 0.000 0.000 0.000 0.000 0.000 0.000 0.000 0.000 0.000 0.000 15.475 46.252 55.760 74.747 76.337 83.001 82.409 75.323 77.045 76.381 75.842 75.389 74.907 74.456 74.030 73.632 73.261 72.916 72.595 72.299 79.025 24.771 0.000
82.574 77.562 75.546 58.525 62.495 62.460 53.421 46.399 0.000 0.000 21.194 80.173 91.144 89.113 74.074 41.021 0.000 3.611 65.522 86.449 91.375 90.298 91.217 81.129 57.028 53.927 52.830 61.745 79.666 62.583 48.470 49.381 53.315 64.275 28.259 0.000 0.000 0.000 0.000 0.000 0.000 0.000 0.000 0.000 0.000 0.000 0.000 0.000 0.000 0.000 26.675 66.516 74.462 77.110 83.880 83.484 76.045 77.717 76.940 76.571 76.133 75.684 75.243 74.815 74.406 74.017 73.649 73.298 72.965 78.645 25.335 0.000 0.000
71.582 23.569 91.553 62.533 56.499 57.470 59.444 59.427 48.425 0.000 0.000 1.158 25.130 96.095 86.043 63.967 55.843 62.700 61.593 63.497 71.401 72.305 59.209 56.114 54.017 53.919 52.823 61.730 76.639 55.545 52.445 57.358 73.290 76.250 61.242 35.242 0.000 0.000 0.000 0.000 0.000 0.000 0.000 0.000 0.000 0.000 0.000 0.000 0.000 17.514 59.360 74.971 77.812 84.447 84.201 76.741 78.387 77.605 77.250 76.824 76.404 75.982 75.564 75.157 74.763 74.383 74.017 73.664 79.320 24.983 0.000 0.000 0.000
17.590 90.578 91.565 77.553 0.000 4.478 64.459 60.439 71.423 62.406 0.000 1.170 4.136 84.095 81.037 65.961 56.863 53.754 53.651 56.545 69.427 77.312 80.202 73.103 63.007 55.910 54.813 70.714 73.614 48.512 52.409 52.314 53.237 57.194 36.218 0.000 0.000 0.000 6.767 0.000 0.000 0.000 0.000 0.000 0.000 0.000 0.000 20.738 52.407 60.263 73.777 85.108 84.724 77.792 78.389 78.958 78.270 77.909 77.489 77.084 76.678 76.274 75.875 75.485 75.105 74.734 75.373 82.019 25.670 0.000 0.000 0.000 0.000
95.599 91.588 91.576 91.561 78.540 61.504 61.475 61.448 52.422 1.381 18.286 25.227 77.166 74.111 77.048 69.976 70.893 70.803 70.711 73.607 68.449 68.314 70.183 74.088 74.997 72.903 68.804 79.700 77.591 65.479 66.365 66.253 68.149 43.072 0.000 0.000 0.000 0.000 7.767 0.000 0.000 0.000 0.000 0.000 0.000 7.620 55.396 55.958 76.971 77.526 86.169 85.692 80.279 79.997 79.387 78.922 78.546 78.136 77.739 77.342 76.949 76.561 76.178 75.804 75.436 76.076 79.722 12.371 0.000 0.000 0.000 0.000 0.000
94.608 90.600 90.591 91.576 88.554 66.523 60.490 61.456 62.419 54.372 3.310 69.251 66.192 67.133 68.071 63.003 66.929 71.854 79.782 64.724 0.000 0.253 15.127 73.070 68.989 68.900 68.800 68.690 68.573 68.449 68.319 68.182 66.036 60.871 33.651 0.000 9.284 53.064 59.767 71.463 41.228 0.000 0.000 0.000 1.509 56.821 67.603 79.525 80.159 86.903 86.569 80.927 80.606 79.872 79.544 79.157 78.762 78.372 77.983 77.597 77.216 76.841 76.474 76.114 76.761 79.413 27.068 0.000 0.000 0.000 0.000 0.000 0.000
80.614 80.613 80.611 91.599 91.576 81.544 57.506 60.467 61.427 61.382 67.330 76.275 60.217 57.159 55.098 62.034 76.968 75.902 60.840 40.782 0.000 0.000 0.000 1.080 57.990 52.908 52.805 52.688 52.560 53.424 56.279 57.121 56.943 55.725 56.431 54.980 54.504 63.141 69.774 67.395 73.993 71.456 65.947 63.435 65.806 77.453 80.975 80.768 87.396 87.180 81.565 81.220 80.472 80.147 79.754 79.370 78.985 78.603 78.224 77.849 77.477 77.113 76.761 77.418 78.081 16.747 0.000 0.000 0.000 0.000 0.000 0.000 0.000
0.000 46.627 58.642 86.632 90.608 71.570 54.523 53.478 61.439 61.399 60.354 54.301 55.243 61.187 78.130 77.068 60.006 52.947 42.893 0.000 62.457 71.395 67.300 68.178 71.049 73.939 72.824 73.697 76.557 75.408 72.252 74.082 68.888 54.656 58.367 57.006 61.612 79.222 85.791 82.351 75.893 70.424 71.971 78.436 83.290 81.730 88.000 87.651 81.549 83.159 81.746 81.086 80.747 80.350 79.967 79.584 79.205 78.830 78.461 78.095 77.731 78.374 76.039 71.716 23.399 0.000 0.000 0.000 0.000 0.000 0.000 0.000 0.366
0.000 0.000 51.695 70.681 81.653 56.606 48.538 55.485 53.451 60.420 61.385 61.333 54.265 71.219 63.165 52.103 55.039 46.987 0.000 71.608 74.519 74.429 76.327 77.212 80.090 83.973 82.853 82.720 82.562 84.399 85.238 83.066 70.871 56.644 58.376 58.063 57.717 60.342 33.819 6.324 95.800 137.400 114.935 80.869 82.389 88.961 88.524 81.996 84.725 82.141 81.699 81.342 80.948 80.563 80.177 79.795 79.419 79.053 78.696 78.340 79.979 74.614 63.303 18.010 0.000 0.000 0.000 0.000 0.000 0.000 0.000 0.607 47.462
3.934 0.000 6.763 27.743 62.718 44.662 0.000 50.472 55.460 55.447 61.432 50.383 0.000 55.257 53.208 55.140 56.062 65.973 79.850 76.697 78.581 84.475 94.367 138.252 135.128 135.010 134.896 134.768 135.573 119.388 51.236 54.073 51.886 59.673 58.429 55.154 52.851 34.611 0.000 0.000 4.603 62.311 79.321 83.916 89.652 89.334 81.593 83.294 82.595 82.292 81.924 81.543 81.160 80.774 80.385 79.998 79.624 79.267 79.927 78.592 70.230 58.798 16.551 0.000 0.000 0.000 0.000 0.000 0.000 0.000 3.762 38.698 59.578
77.935 25.910 14.852 77.809 55.815 0.000 0.000 0.000 49.468 62.477 54.514 0.000 7.431 63.345 54.269 65.187 78.096 77.995 82.878 85.751 78.633 64.522 55.414 51.303 49.158 52.044 52.953 39.883 0.000 56.344 53.246 52.103 55.929 59.731 56.516 48.273 54.921 35.639 0.000 1.891 57.616 74.622 84.343 90.145 89.923 82.175 83.863 83.160 82.868 82.500 82.132 81.756 81.374 80.986 80.591 80.190 79.810 80.465 76.155 64.870 21.550 0.000 0.000 0.000 0.000 0.000 0.000 0.000 0.000 0.000 6.826 56.764 55.676
87.954 95.944 83.925 0.897 12.918 7.028 2.064 1.068 0.000 0.000 58.634 56.613 64.516 61.425 61.335 61.242 78.142 92.033 80.916 60.795 58.678 53.566 55.465 46.386 0.000 58.055 54.990 43.928 0.000 57.397 52.302 53.165 59.996 57.805 55.629 37.500 0.000 2.110 54.324 52.073 68.858 84.766 90.423 83.108 83.675 84.336 83.733 83.439 83.078 82.720 82.351 81.975 81.592 81.206 80.802 81.361 80.963 70.625 55.358 18.185 0.000 0.000 0.000 0.000 0.000 0.000 0.000 5.222 32.174 31.086 45.951 57.858 45.772
77.982 81.987 71.989 0.000 0.000 72.103 65.098 59.072 3.012 10.917 76.775 73.689 60.596 61.502 61.405 62.303 83.195 135.080 127.959 74.836 129.716 50.601 54.493 54.389 56.271 54.131 54.023 53.910 55.750 51.544 51.400 60.257 59.087 55.863 50.697 39.599 0.000 0.869 56.361 63.175 85.168 84.046 90.778 84.153 84.740 84.290 84.001 83.655 83.307 82.947 82.578 82.199 81.816 81.442 83.050 78.489 60.056 46.716 48.467 14.326 0.000 0.000 0.000 0.000 0.000 0.000 0.000 5.269 41.215 46.133 60.035 53.945 43.862
74.013 69.034 13.055 0.000 3.224 55.182 64.152 61.109 79.047 72.963 77.862 85.770 76.678 61.582 61.480 61.372 60.256 54.132 49.003 53.874 50.749 54.630 54.517 54.407 54.294 54.175 54.062 53.940 52.795 57.631 59.496 60.377 44.232 0.000 43.697 0.000 0.000 0.864 60.518 82.426 86.423 91.757 91.301 84.244 84.897 84.540 84.227 83.894 83.545 83.184 82.813 82.428 82.030 80.696 42.467 0.000 0.000 0.000 0.000 0.000 0.000 0.000 0.000 37.690 32.651 31.585 30.495 34.370 43.283 59.198 53.110 44.026 53.947
66.041 57.081 62.141 7.241 60.266 56.251 55.217 73.167 66.103 82.025 90.940 70.853 56.763 54.667 57.563 60.449 61.324 61.189 54.048 52.908 53.776 53.652 54.538 54.428 54.321 59.215 56.108 52.993 53.860 56.689 60.575 49.522 0.000 0.000 0.000 0.000 16.161 136.037 79.773 86.796 84.767 92.161 84.061 86.581 88.065 84.792 84.476 84.145 83.796 83.431 84.064 80.670 68.182 58.844 16.656 0.000 0.000 0.000 0.000 0.000 0.000 0.000 39.773 39.729 39.677 40.610 40.529 41.435 55.348 55.264 39.182 42.102 44.026
41.057 42.109 36.188 60.315 56.349 55.337 66.298 70.240 81.171 88.097 54.019 52.939 53.854 55.760 54.655 51.536 59.401 60.251 61.091 59.935 53.793 52.667 51.553 52.448 58.349 117.254 85.161 65.065 47.962 0.000 62.595 70.615 0.000 0.000 0.000 0.000 60.287 71.180 88.065 86.099 92.866 92.527 85.150 85.680 86.347 85.054 84.744 84.415 84.064 84.680 83.341 36.005 0.000 0.000 0.000 0.000 0.000 0.000 0.000 0.000 0.000 0.000 46.817 42.775 39.718 40.651 38.574 50.492 57.410 41.330 42.251 50.175 48.101
0.000 0.000 0.000 53.480 56.478 58.452 79.398 90.323 104.245 86.171 15.101 72.030 71.953 55.864 55.761 54.639 52.494 55.325 61.131 58.947 59.796 61.669 59.559 57.460 53.372 48.292 53.219 48.142 0.000 0.000 0.000 56.727 48.755 0.000 0.000 2.687 70.521 87.366 87.439 85.454 93.176 84.870 87.373 88.880 85.624 85.334 85.030 84.707 84.364 81.886 36.613 0.000 0.000 0.000 0.000 0.000 0.000 0.000 0.000 0.000 0.000 45.982 15.902 3.837 47.771 37.701 48.626 60.549 48.471 43.394 48.318 52.244 45.173
0.000 0.000 0.000 51.648 57.632 73.593 84.520 132.410 126.314 128.242 134.183 130.127 131.063 55.984 55.887 54.765 54.612 53.423 48.160 57.926 59.774 60.655 58.552 60.463 60.387 61.324 54.280 0.000 0.000 0.000 0.015 57.811 42.783 0.000 0.155 61.835 83.726 87.682 86.671 93.739 93.465 85.928 86.476 87.166 85.904 85.629 85.335 86.018 60.799 0.000 0.000 0.000 0.000 0.000 0.000 0.000 0.000 0.000 58.301 47.251 37.172 41.061 40.974 41.899 41.827 44.755 57.681 54.606 49.531 50.456 48.383 46.311 42.242
17.891 0.000 0.000 52.832 69.810 77.766 83.680 54.483 53.360 52.298 49.263 50.232 50.187 56.123 56.036 71.921 71.767 47.595 0.000 44.822 57.719 59.624 57.532 59.454 59.389 60.335 56.298 0.235 1.136 2.089 56.035 40.923 0.000 0.000 63.235 72.083 88.961 87.874 87.056 93.994 85.600 88.130 90.667 86.444 86.196 85.945 84.662 72.232 31.016 0.000 0.000 0.000 0.000 0.000 44.554 39.532 39.492 39.433 43.351 55.281 58.204 44.116 39.034 40.957 42.883 57.810 56.737 42.663 51.590 52.517 51.446 44.376 40.308
