results4_8e4_rain/res_4e8f-0203.wd
ncols         241
nrows         181
xllcorner     12693529.787448
yllcorner     3542525.717860
cellsize      155.156523
NODATA_value  -9999.000000
[rows 66 to 98 of 181, columns 73 to 145 of 241]
71.854 35.840 0.000 60.997 77.973 76.941 76.912 0.000 48.305 48.289 61.302 57.312 56.292 56.246 55.177 131.077 118.903 0.000 0.000 0.000 51.619 46.556 51.460 54.397 54.344 56.295 57.246 62.189 63.135 64.089 55.058 0.000 0.000 52.353 102.353 84.267 88.133 88.223 86.277 94.195 86.688 87.167 87.907 86.680 86.458 87.254 57.100 0.000 0.000 0.000 0.000 0.000 0.000 0.000 43.462 41.437 41.396 41.341 41.275 41.206 45.132 58.054 54.976 39.901 50.827 59.754 38.681 41.609 47.538 52.467 48.397 42.328 40.261
56.856 62.826 0.659 49.225 73.182 72.152 66.154 19.240 0.000 0.000 54.382 67.462 56.462 55.430 56.386 37.344 0.000 0.000 0.000 0.000 0.000 0.000 62.392 60.365 58.331 41.288 44.240 51.184 52.143 57.111 48.084 0.000 0.000 0.000 62.595 80.504 87.442 87.535 94.621 94.415 86.759 87.448 87.160 86.949 86.739 81.552 39.419 0.000 3.607 36.607 0.000 0.000 0.000 49.544 44.508 41.472 41.429 41.376 41.315 41.248 41.177 41.104 48.029 61.955 62.882 45.809 39.737 40.666 41.595 45.526 44.457 40.389 40.322
58.870 57.801 62.670 60.473 74.379 67.329 68.312 65.326 0.000 0.000 0.000 69.691 64.663 59.627 61.593 8.569 0.000 0.000 0.000 0.000 0.000 0.000 61.350 57.340 48.327 0.000 0.000 49.164 61.144 60.128 0.000 0.000 8.302 65.182 56.928 60.751 67.829 82.889 94.812 86.496 88.052 87.616 87.428 87.211 84.998 67.794 46.607 52.607 50.607 31.607 0.000 0.000 0.000 7.580 58.553 40.516 41.471 45.419 53.359 43.295 41.226 40.154 44.081 59.008 65.936 57.863 43.792 38.722 40.652 40.584 40.516 40.449 39.382
58.915 56.840 60.738 71.619 65.533 58.474 77.439 66.426 18.443 0.000 12.096 61.947 77.872 72.823 72.789 75.771 0.000 0.000 0.000 0.000 7.302 7.307 59.319 50.317 53.311 0.000 0.000 0.000 97.140 124.128 39.113 0.000 64.422 59.318 59.156 59.062 55.145 95.164 94.993 87.542 91.148 87.895 87.687 87.472 79.247 32.020 0.000 54.607 32.607 0.000 0.000 0.000 46.687 45.643 44.607 40.567 44.521 56.469 61.409 59.345 52.277 42.206 51.134 59.061 37.989 43.917 56.846 53.777 49.709 57.641 38.574 40.508 38.441
56.976 62.904 72.821 64.734 56.658 56.596 69.544 77.496 73.460 76.386 78.244 73.131 68.055 70.003 58.971 57.954 0.000 0.000 0.000 8.295 64.297 63.300 51.302 53.298 54.288 58.267 57.254 0.000 8.147 2.132 1.080 10.824 70.646 63.512 58.350 59.439 57.485 95.320 57.156 64.747 79.343 87.164 87.951 85.745 44.496 0.000 0.000 0.000 0.000 0.000 0.000 47.756 41.730 41.700 41.665 42.625 52.578 61.525 60.465 60.400 56.331 52.260 62.187 45.114 40.041 40.970 40.900 50.831 63.764 50.698 38.633 39.567 45.500
63.046 73.980 63.909 56.836 57.769 57.708 59.646 43.553 69.517 67.453 59.363 56.278 55.212 71.165 73.135 60.121 0.000 0.000 0.000 64.293 60.293 57.292 50.291 54.286 54.276 54.260 54.240 13.209 16.170 17.140 19.091 86.962 83.829 72.697 71.651 60.648 95.597 95.465 59.208 65.857 60.634 67.438 86.211 61.061 0.000 0.000 0.000 0.000 0.000 0.000 0.000 47.781 41.778 41.760 41.730 42.690 51.642 61.587 60.525 59.458 56.388 61.315 55.240 39.166 41.093 41.021 40.951 50.883 58.818 37.755 40.692 43.628 62.560
74.122 64.062 56.998 57.934 57.873 58.820 39.780 0.000 26.600 54.548 57.477 57.406 57.350 55.311 79.285 63.273 0.000 0.000 0.000 41.290 58.288 52.287 53.284 54.278 54.269 54.256 54.239 65.216 5.184 9.167 26.177 79.105 89.002 10.890 92.811 83.002 95.713 57.777 71.422 68.066 57.937 54.742 51.393 36.227 0.000 0.000 43.353 0.000 0.000 0.000 0.000 43.811 41.840 41.832 41.804 41.763 42.713 48.655 56.590 56.520 56.446 60.371 38.294 41.218 41.143 40.070 46.000 62.934 45.870 39.810 42.752 23.693 24.610
64.203 57.147 58.088 58.028 57.971 60.918 16.873 14.838 7.735 52.662 57.591 59.518 57.473 56.441 74.422 70.413 0.000 0.000 0.000 0.000 49.283 52.282 54.279 54.274 54.267 54.257 56.245 42.230 0.000 0.000 76.344 79.278 90.188 96.058 90.161 88.199 95.812 78.825 81.528 66.370 59.276 52.202 0.000 0.000 0.000 0.000 41.353 0.000 0.000 0.000 0.000 0.000 44.940 41.923 41.891 41.846 41.792 41.730 41.661 48.586 56.508 44.427 41.347 41.268 41.190 44.116 57.046 56.980 38.919 40.863 43.815 10.780 0.000
57.289 58.235 58.178 58.121 58.064 58.009 61.957 62.906 62.839 58.775 58.707 38.602 55.581 56.561 72.548 71.543 0.000 0.000 0.000 0.000 48.280 54.278 54.276 54.272 54.267 54.261 42.253 0.000 0.000 4.709 81.576 87.480 90.380 90.326 89.405 95.946 88.304 91.021 85.711 70.653 60.593 59.589 59.723 0.000 0.000 0.000 38.353 45.353 38.353 0.000 0.000 0.000 60.057 41.029 41.989 41.939 41.880 42.812 41.737 41.656 41.571 41.485 41.399 41.315 40.235 46.159 61.088 38.022 40.962 40.909 42.864 17.833 0.000
58.378 58.324 58.269 58.212 58.154 58.097 58.041 57.989 57.939 57.894 61.860 0.000 48.687 57.674 73.664 68.670 4.717 0.000 0.000 0.000 53.278 56.276 56.274 56.272 54.268 57.265 0.000 0.000 0.000 73.842 79.770 90.685 90.567 90.675 88.725 96.150 89.436 94.080 89.971 90.905 78.856 66.837 55.857 50.857 52.857 0.000 0.000 44.354 39.353 45.347 46.332 44.294 50.202 60.148 42.098 43.041 51.976 58.901 40.818 41.729 41.635 41.541 41.449 40.360 45.275 64.197 58.125 47.059 39.999 40.946 42.899 57.856 75.810
58.470 58.417 58.362 58.304 58.245 58.183 58.123 61.069 59.034 58.002 61.978 0.000 48.807 57.785 74.764 66.756 6.764 0.000 0.000 0.000 26.277 36.275 35.273 35.271 56.269 41.267 0.000 0.000 0.000 76.047 85.981 90.893 90.852 89.956 96.770 96.477 90.498 91.342 90.200 90.144 91.090 82.047 47.011 0.000 0.000 0.000 0.000 42.355 42.357 39.357 41.355 42.347 41.308 48.264 62.213 45.153 43.082 52.999 40.907 41.806 41.701 41.596 41.495 41.399 49.310 62.228 49.155 61.089 39.030 39.977 44.928 65.882 77.834
58.564 58.511 58.456 58.399 58.337 61.266 63.198 35.131 56.125 59.101 61.073 21.047 51.950 56.893 68.852 66.827 7.818 0.000 0.000 0.000 0.000 0.000 2.272 2.271 37.270 0.000 0.000 0.000 24.484 74.318 91.212 91.095 91.212 89.298 97.036 89.079 94.787 90.483 90.438 90.372 90.313 80.248 41.130 0.000 0.000 0.000 0.000 0.000 45.362 46.368 33.385 41.432 42.421 42.386 46.337 62.274 45.198 42.108 42.003 41.886 41.766 41.648 39.536 45.432 64.336 45.252 44.178 58.113 42.055 40.003 46.956 72.910 77.865
58.660 58.607 58.554 58.500 60.438 36.348 38.273 0.000 18.235 54.205 58.166 62.119 58.051 60.987 65.923 70.882 9.863 0.000 0.000 0.000 0.000 3.272 55.272 62.272 0.000 0.000 0.000 7.768 83.650 85.531 91.426 91.383 90.502 97.516 97.285 90.138 90.855 90.727 90.659 90.596 89.542 69.503 0.000 0.000 0.000 0.000 0.000 0.000 0.000 37.368 0.000 48.573 45.557 41.523 41.474 43.410 60.330 49.231 41.111 41.971 41.829 40.694 45.569 47.455 46.352 43.265 41.192 41.129 41.074 42.025 54.981 76.939 77.898
58.755 58.703 58.653 58.607 63.569 1.554 0.000 24.464 16.374 50.317 59.266 57.212 59.150 71.079 42.973 36.914 1.888 0.000 0.000 0.000 0.000 53.272 59.272 61.272 0.000 0.000 0.000 70.885 75.817 89.730 91.614 91.745 89.841 97.730 89.633 91.311 91.006 90.948 90.875 90.811 82.757 59.720 0.000 0.000 0.000 0.000 0.000 0.000 0.000 0.000 0.000 52.731 47.712 41.676 39.625 42.561 42.480 58.377 51.239 42.056 42.885 40.731 47.593 47.466 44.353 38.265 41.195 41.137 43.087 57.043 76.003 77.966 80.933
59.848 57.796 57.748 57.706 60.674 30.661 27.635 59.554 64.482 58.423 56.368 63.314 73.258 76.206 0.148 0.000 0.000 0.000 0.000 0.000 0.000 21.272 28.272 30.272 0.000 0.000 0.000 73.071 81.007 90.919 91.911 90.950 98.124 97.933 90.661 91.368 91.231 91.155 91.083 91.017 72.954 54.898 0.000 0.000 0.000 0.000 0.000 0.000 0.000 0.000 0.000 50.908 48.883 48.842 45.790 38.728 40.653 41.556 57.412 57.130 53.922 50.752 43.603 42.465 39.327 40.247 41.187 45.138 65.094 77.056 77.021 77.991 76.964
73.936 72.884 71.837 69.795 66.759 67.728 67.690 64.634 65.577 67.523 67.471 73.418 75.360 33.283 0.000 0.000 0.000 0.000 0.000 0.000 0.000 0.000 0.000 0.000 0.000 11.579 19.500 74.321 91.213 92.122 92.072 91.301 98.302 90.133 91.810 91.499 91.436 91.356 91.285 89.218 71.145 42.022 0.000 0.000 0.000 0.000 0.000 0.000 0.000 0.000 0.000 41.110 45.070 48.020 48.966 47.908 44.847 40.783 34.724 0.000 0.000 0.000 0.000 0.000 43.242 41.208 44.169 65.132 78.097 77.065 78.036 81.011 76.990
70.020 71.968 70.921 72.878 74.839 73.802 72.762 70.716 68.669 68.622 69.575 65.527 65.482 0.000 0.000 0.000 0.000 0.000 0.000 0.000 0.000 0.000 0.000 0.000 0.000 60.657 83.601 82.499 91.405 92.294 92.421 90.523 98.468 92.225 91.832 91.709 91.627 91.551 91.483 87.426 67.386 0.000 0.000 0.000 0.000 0.000 0.000 0.000 0.000 0.000 48.499 43.352 40.267 42.202 47.145 49.093 49.045 50.004 40.977 0.000 0.000 0.000 0.000 0.000 44.191 42.175 58.150 79.123 77.096 77.071 77.047 78.027 77.010
58.098 58.047 59.000 65.957 74.917 80.879 68.840 62.800 57.760 55.721 54.680 60.634 39.558 0.000 0.000 0.000 0.000 0.000 0.000 0.000 0.000 0.000 0.000 0.000 0.000 66.793 82.747 90.671 92.584 92.552 91.681 98.762 98.621 94.241 92.048 91.889 91.813 91.737 91.671 86.618 61.586 0.000 0.000 0.000 0.000 0.000 0.000 0.000 0.000 48.768 43.645 43.532 43.445 42.376 39.319 44.272 48.235 49.211 46.203 0.000 0.000 0.000 0.000 47.146 41.156 45.149 73.134 77.115 77.094 77.074 77.056 77.040 77.026
57.171 57.121 61.075 66.033 67.993 70.956 60.920 56.885 57.851 57.820 59.791 37.770 0.000 0.000 0.000 0.000 0.000 0.000 0.000 0.000 0.000 0.000 0.000 0.000 0.000 52.974 81.922 91.852 92.750 92.880 90.989 98.892 91.785 93.461 92.142 92.078 91.991 91.914 91.845 82.789 55.755 0.000 0.000 0.000 0.000 0.000 0.000 0.000 48.002 43.890 43.783 43.686 43.605 43.538 43.484 40.442 39.413 42.401 49.421 49.508 0.000 0.000 0.000 41.137 42.138 60.132 77.121 76.107 76.092 77.077 77.062 77.049 77.039
57.240 57.191 59.147 60.106 58.068 57.032 57.999 56.968 56.940 56.915 61.896 6.884 0.000 0.000 0.000 0.000 0.000 0.000 0.000 0.000 0.000 0.000 0.000 0.000 4.343 61.208 90.119 93.035 93.004 92.134 99.128 99.014 94.782 92.484 92.340 92.251 92.164 92.082 93.005 72.937 60.890 0.000 0.000 47.606 0.000 47.374 49.331 49.247 44.114 44.007 43.911 43.825 43.750 43.688 43.637 43.598 42.572 39.562 48.570 49.596 42.596 0.000 0.000 49.127 41.125 49.120 55.112 58.102 62.090 68.078 74.067 76.057 76.048
58.304 58.258 58.215 58.176 58.139 57.106 57.075 57.048 57.024 56.006 63.993 14.987 0.000 0.000 0.000 0.000 0.000 0.000 0.000 0.000 0.000 0.000 0.000 0.000 45.478 81.395 92.309 93.199 93.339 91.431 99.231 92.232 93.907 92.592 92.518 92.423 92.333 92.245 93.157 65.065 42.977 0.000 0.000 43.606 0.000 42.418 44.371 44.296 44.202 44.112 44.028 43.951 43.884 43.826 43.778 43.741 41.716 43.704 49.703 46.709 0.000 0.000 0.000 48.118 47.116 46.112 45.105 44.097 43.088 47.079 58.070 54.062 56.056
56.365 56.321 56.280 56.243 56.208 56.177 56.148 57.124 59.104 61.090 36.084 3.085 0.000 0.000 0.000 0.000 0.000 0.000 0.000 3.714 12.706 0.000 0.000 15.837 56.696 87.589 93.486 93.475 92.502 99.411 99.325 95.221 92.927 92.779 92.686 92.592 92.499 92.407 88.313 35.189 0.000 0.000 0.000 43.606 49.586 44.509 44.438 44.363 44.287 44.211 44.138 44.069 44.007 43.953 43.908 43.873 40.848 49.833 49.828 45.829 0.000 0.000 0.000 47.112 46.110 47.105 47.100 47.093 47.086 47.079 46.072 46.066 45.061
57.422 57.381 60.342 64.307 67.274 71.244 73.218 76.195 75.178 67.168 5.167 16.183 40.236 8.260 0.000 0.000 0.000 0.000 0.000 43.722 70.697 10.658 0.000 49.979 82.880 92.771 93.670 93.600 92.824 99.484 91.656 93.343 93.026 92.952 92.854 92.760 92.665 93.572 80.497 0.000 0.000 0.000 0.000 23.625 43.644 44.595 46.509 46.432 44.370 44.307 44.243 44.181 44.123 44.072 44.028 40.994 45.969 48.954 49.948 40.950 0.000 0.000 0.000 31.108 52.104 52.101 49.096 46.090 46.085 47.079 48.073 48.068 47.064
59.476 58.438 65.401 74.368 75.337 74.308 73.283 72.262 69.245 63.235 38.233 55.243 73.265 42.285 26.305 2.313 0.000 0.000 14.795 53.756 67.704 6.618 25.455 67.220 92.071 94.954 93.795 94.006 91.982 99.546 93.640 93.355 93.207 93.116 93.023 92.929 92.830 94.718 38.608 0.000 0.000 0.000 0.000 0.000 39.771 45.717 26.570 26.486 43.455 44.405 44.347 44.288 44.232 44.182 43.140 41.106 50.080 50.065 47.060 41.072 47.121 0.000 0.000 0.000 63.099 78.097 71.092 67.088 63.083 59.078 62.074 62.070 45.067
59.527 59.492 62.458 65.426 64.397 62.369 60.345 58.324 56.306 56.294 65.288 67.290 64.298 61.308 65.317 13.321 0.000 0.000 54.834 84.802 35.744 31.656 65.528 89.373 94.240 94.095 94.213 92.167 99.629 92.043 93.757 93.444 93.373 93.280 93.191 93.103 96.007 52.863 0.000 0.000 0.000 0.000 0.000 0.000 41.953 46.930 0.000 0.000 40.559 44.512 44.451 44.391 44.335 44.286 41.244 49.209 50.182 49.164 40.155 44.157 44.169 0.000 0.000 0.000 31.097 61.094 79.089 78.085 78.081 78.078 78.074 72.071 62.068
59.577 59.544 59.513 58.483 58.454 59.428 59.403 59.381 57.362 58.347 63.336 66.331 62.330 57.331 60.333 15.334 0.000 0.000 46.906 56.873 34.815 67.733 82.628 91.508 94.390 94.321 93.418 99.997 99.767 93.032 93.761 93.618 93.531 93.443 93.359 93.284 96.233 0.000 0.000 11.598 20.598 0.000 0.000 43.252 46.157 45.122 52.147 1.049 40.710 44.632 44.556 44.489 44.432 42.382 44.340 50.304 50.276 42.254 43.240 44.233 44.230 0.000 0.000 0.000 0.000 0.000 61.086 77.082 77.080 77.077 77.074 78.072 78.070
59.626 59.596 59.566 59.538 59.510 59.484 59.459 58.436 57.414 61.395 65.379 65.366 60.359 56.354 61.351 14.347 0.000 0.000 43.010 11.969 58.909 82.833 88.741 94.646 94.495 94.704 92.692 100.202 92.449 94.160 93.848 93.779 93.688 93.602 93.519 100.441 84.408 0.000 7.598 57.598 43.598 0.000 0.000 38.346 46.301 45.253 45.200 51.090 48.894 47.752 44.650 44.578 44.521 41.471 49.429 50.392 46.362 41.338 44.319 44.302 46.289 50.301 0.000 0.000 0.000 0.000 0.000 74.079 77.078 77.076 77.074 78.072 76.071
59.676 59.648 59.619 59.591 59.564 59.538 58.513 57.489 59.465 63.440 66.417 62.398 57.385 56.376 59.369 41.357 28.329 29.268 25.155 26.085 66.020 86.947 92.868 94.757 94.895 92.884 100.562 100.390 93.452 94.166 94.020 93.931 93.842 93.758 98.672 41.555 56.550 26.587 57.597 65.599 0.000 0.000 0.000 37.487 46.448 45.388 45.309 55.193 66.026 39.831 49.715 45.652 42.601 44.554 50.511 49.474 40.442 43.416 44.394 44.369 31.324 32.312 0.000 0.000 0.000 0.000 0.000 55.077 76.076 77.075 77.074 81.072 77.071
59.727 59.699 59.671 59.644 59.618 59.592 57.566 57.541 61.515 68.485 69.450 65.423 60.406 58.397 58.393 60.383 60.361 69.320 10.257 44.198 82.137 89.070 94.997 94.962 94.093 100.870 100.721 93.806 94.586 94.249 94.175 94.080 93.993 93.915 101.856 0.000 39.651 41.614 31.604 33.602 0.000 0.000 0.019 40.667 46.615 45.543 51.456 67.345 44.186 0.000 30.725 43.716 41.678 49.633 50.589 46.550 43.517 44.491 44.471 46.457 0.000 0.000 0.000 0.000 0.000 0.000 47.076 28.076 67.075 77.074 77.073 82.072 77.072
59.778 59.751 59.723 59.697 59.670 58.645 57.619 59.595 66.569 43.536 19.475 18.439 15.419 45.413 62.422 57.422 60.413 41.392 3.356 49.312 87.259 93.206 95.092 95.334 93.356 101.007 94.137 94.914 94.482 94.423 94.318 94.225 94.136 95.053 92.982 14.927 14.789 0.000 0.000 0.000 0.000 0.000 40.046 47.899 45.801 44.714 64.627 68.547 0.000 0.000 0.859 39.808 45.762 50.710 50.661 40.619 44.585 44.559 44.541 47.532 0.000 0.000 0.000 0.000 0.000 0.000 26.076 0.000 55.073 77.073 77.072 83.072 77.071
59.829 59.802 59.775 59.748 58.722 57.697 59.672 62.650 70.629 29.614 0.000 0.000 0.000 0.000 44.460 59.469 60.477 46.479 48.464 74.433 91.392 95.315 95.487 93.507 101.249 101.134 95.115 94.809 94.660 94.557 94.459 94.364 94.271 97.180 82.092 11.009 0.000 0.000 0.000 0.000 0.000 1.418 40.193 47.081 45.977 43.883 71.791 32.669 0.000 0.000 46.041 50.935 50.852 50.784 48.727 43.681 44.646 44.620 44.604 46.597 0.000 50.689 2.689 0.000 0.000 0.000 0.000 0.000 48.072 77.072 77.072 77.072 77.071
59.879 59.852 59.826 59.800 58.774 57.748 61.724 65.702 69.685 27.676 0.000 0.000 0.000 0.000 24.489 67.518 62.548 68.584 81.588 90.566 94.526 95.532 94.680 101.454 101.355 94.449 95.224 94.880 94.797 94.692 94.595 94.501 98.406 61.302 33.197 0.000 0.000 0.000 0.000 0.000 2.696 42.577 47.394 46.255 48.143 45.051 68.984 0.000 0.000 41.347 48.179 64.038 52.929 49.846 45.782 43.733 43.696 44.671 44.656 44.656 49.680 45.689 36.689 0.000 0.000 0.000 44.071 46.071 45.072 77.072 77.072 77.071 77.071
59.929 59.903 59.877 59.851 57.824 59.798 65.772 66.750 64.734 51.729 12.746 0.000 0.000 0.000 0.000 20.565 16.612 56.722 87.737 91.716 95.655 95.824 93.946 101.544 93.758 95.537 95.101 95.036 96.923 95.823 94.728 94.639 100.549 23.425 0.000 0.000 0.000 0.000 0.000 23.921 62.816 62.698 50.552 47.402 58.289 53.195 54.111 15.029 2.863 39.515 44.291 55.107 50.980 54.889 48.822 51.772 50.735 47.710 44.695 43.691 43.695 49.697 0.000 0.000 0.000 0.000 41.071 41.071 51.071 77.071 77.071 77.071 77.071
