results4_8e4_rain/res_4e8f-0166.wd
ncols         241
nrows         181
xllcorner     12693529.787448
yllcorner     3542525.717860
cellsize      155.156523
NODATA_value  -9999.000000
[rows 33 to 65 of 181, columns 73 to 145 of 241]
0.000 0.000 0.000 0.000 0.000 0.000 0.000 0.000 0.000 0.000 0.000 0.000 0.000 0.000 0.000 0.000 0.000 0.000 0.000 0.000 0.000 0.000 0.000 0.000 0.000 0.000 0.000 0.000 0.000 0.000 0.000 0.000 0.000 0.000 0.000 0.000 0.000 0.000 0.000 39.398 62.399 67.400 23.403 0.000 0.000 32.480 46.508 13.487 4.488 36.509 39.525 33.523 34.505 35.469 35.417 35.345 35.254 34.139 39.988 59.753 6.275 14.401 11.688 46.854 63.316 67.844 66.404 67.006 65.542 67.629 62.686 62.293 62.283
0.000 0.000 0.000 0.000 0.000 0.000 0.000 0.000 0.000 0.000 0.000 0.000 0.000 0.000 0.000 0.000 0.000 0.000 0.000 0.000 0.000 0.000 0.000 0.000 0.000 0.000 0.000 0.000 0.000 0.000 0.000 0.000 0.000 0.000 0.000 0.000 0.000 0.000 0.000 0.000 14.399 9.400 0.000 0.000 0.000 0.000 28.600 0.000 0.000 26.550 50.591 49.596 39.579 35.543 35.487 35.409 35.311 34.194 56.061 53.907 0.000 37.240 49.809 63.240 67.722 67.245 66.816 66.325 67.386 63.405 62.701 62.954 65.257
0.000 0.000 0.000 0.000 0.000 0.000 0.000 0.000 0.000 0.000 0.000 0.000 0.000 0.000 0.000 0.000 0.000 0.000 34.899 66.899 19.899 0.000 0.000 0.000 0.000 0.000 0.000 0.000 0.000 0.000 0.000 0.000 0.000 0.000 0.000 0.000 0.000 0.000 0.000 0.000 0.000 0.000 0.000 0.000 0.000 0.000 20.691 0.000 0.000 0.000 28.695 46.689 46.672 37.637 35.579 35.495 33.387 49.264 58.156 0.000 22.897 47.510 62.067 68.574 68.084 67.630 67.111 69.144 65.132 63.236 63.635 65.960 65.206
0.000 0.000 0.000 0.000 0.000 0.000 0.000 0.000 0.000 0.000 0.000 21.901 59.901 0.000 0.000 0.000 0.000 0.000 41.900 92.899 48.899 0.000 0.000 0.000 0.000 0.000 0.000 0.000 0.000 0.000 0.000 0.000 0.000 0.000 0.000 0.000 0.000 0.000 0.000 0.000 0.000 0.000 0.000 0.000 0.000 0.000 23.782 24.823 31.842 17.840 27.803 35.794 48.783 39.754 35.696 32.604 43.478 53.321 42.142 17.810 47.285 64.834 69.377 68.901 68.439 67.900 67.906 66.869 63.883 64.330 66.669 65.922 65.688
0.000 0.000 0.000 0.000 0.000 0.000 0.000 0.000 0.000 0.000 0.000 42.901 77.901 66.901 53.901 8.901 2.901 26.900 80.900 88.899 53.899 0.000 0.000 0.000 0.000 22.866 1.866 0.000 0.000 0.000 0.000 0.000 0.000 0.000 0.000 0.000 0.000 6.868 0.000 0.000 0.000 10.867 28.867 0.000 0.000 39.845 54.832 57.846 55.862 41.874 35.884 34.902 48.913 39.900 31.849 45.747 59.598 47.400 35.281 50.004 54.600 67.163 69.703 69.243 68.692 68.673 66.618 64.641 65.045 67.391 66.651 66.421 66.089
0.000 0.000 0.000 0.000 0.000 0.000 0.000 0.000 0.000 0.000 0.000 13.901 75.901 58.901 39.901 1.901 22.901 72.900 83.900 90.899 49.899 0.000 0.000 0.000 0.000 60.866 44.866 0.000 0.000 0.000 0.000 0.000 0.000 0.000 0.000 0.000 23.868 35.868 37.868 0.000 0.000 19.867 44.867 23.866 37.863 60.858 63.857 64.867 61.885 48.912 35.956 33.017 50.065 41.084 45.052 62.938 56.769 0.000 33.577 52.324 64.948 70.512 70.057 69.499 69.455 67.388 65.525 65.782 68.130 67.398 67.174 66.842 66.511
0.000 0.000 0.000 0.000 0.000 0.000 0.000 0.000 0.000 0.000 0.000 0.000 0.000 26.901 64.901 60.901 48.901 61.901 81.900 92.899 45.898 0.000 0.000 0.000 0.000 22.866 46.866 48.866 0.000 0.000 0.000 0.000 0.000 0.000 0.000 0.000 39.868 40.868 52.868 35.868 24.868 38.868 39.868 35.867 42.867 49.866 47.869 40.879 59.898 25.934 42.011 45.144 35.247 47.320 60.336 57.183 0.087 8.546 45.127 61.764 70.359 70.897 70.344 70.270 67.197 66.577 66.550 68.888 68.167 67.951 67.626 67.294 66.937
0.000 0.000 0.000 0.000 0.000 0.000 0.000 0.000 0.000 0.000 0.000 0.000 0.000 16.902 83.902 78.902 68.902 58.901 82.900 90.899 85.896 70.892 25.890 0.000 0.000 0.000 2.866 56.866 40.866 38.866 49.866 44.866 7.866 0.000 0.000 3.868 39.868 38.868 59.868 65.868 54.868 46.869 38.869 35.869 36.869 37.871 36.875 34.883 42.896 3.915 0.000 4.301 40.458 63.613 61.791 1.178 7.272 44.964 58.619 68.258 71.794 71.354 72.129 68.081 67.872 67.368 69.674 68.957 68.747 68.433 68.115 67.764 67.376
0.000 0.000 0.000 0.000 0.000 0.000 0.000 0.000 0.000 0.000 0.000 0.000 0.000 0.000 16.902 55.903 30.903 66.903 85.901 90.899 88.896 86.891 75.888 34.884 0.000 0.000 0.000 12.866 51.866 51.866 64.866 62.866 55.866 50.866 0.000 0.000 6.868 43.868 62.868 69.869 61.869 45.869 34.870 35.870 35.871 35.873 35.877 35.881 39.886 0.000 0.000 0.000 10.671 47.883 17.367 14.677 49.615 54.414 66.150 72.753 72.603 70.842 69.169 69.539 68.270 70.508 69.779 69.562 69.252 68.951 68.630 68.274 67.846
0.000 0.000 0.000 0.000 0.000 0.000 0.000 0.000 0.000 0.000 0.000 0.000 0.000 0.000 0.000 1.904 87.905 87.905 89.904 89.901 88.896 82.890 76.885 47.881 0.000 0.000 0.000 0.000 0.000 19.866 64.866 58.866 73.866 70.866 49.867 28.867 29.868 38.868 60.868 69.869 60.869 43.869 33.870 38.871 37.873 35.875 35.877 35.880 36.882 28.881 0.000 0.000 0.000 0.000 9.116 52.165 55.096 62.950 73.671 73.781 72.141 74.029 71.780 69.315 71.422 70.653 70.403 70.080 69.780 69.483 69.182 68.854 67.419
0.000 0.000 0.000 0.000 0.000 0.000 22.862 45.859 0.000 23.802 63.791 52.779 56.768 31.762 0.000 0.000 23.907 95.908 89.908 86.904 83.897 86.888 77.880 40.875 0.000 0.000 0.000 0.000 0.000 0.000 0.000 8.866 62.866 63.866 14.867 0.000 5.868 42.868 60.868 65.869 55.869 46.870 44.870 6.872 13.873 41.875 35.877 35.879 36.880 42.880 50.880 12.880 0.000 0.000 24.815 57.771 61.665 72.475 74.689 74.320 77.602 76.179 70.663 72.464 71.604 71.290 70.927 70.604 70.300 70.018 69.762 69.540 75.381
0.000 0.000 0.000 0.000 0.000 0.000 22.865 65.856 7.837 57.812 59.793 71.777 54.764 39.755 0.000 0.000 11.909 80.911 92.916 89.911 89.899 90.885 84.872 38.863 0.000 0.000 0.000 0.000 0.000 0.000 0.000 0.000 0.000 47.866 6.867 0.000 1.868 48.868 45.868 57.869 14.869 0.000 0.000 0.000 0.000 7.876 45.877 39.879 2.879 32.880 66.880 49.880 2.880 0.000 29.568 63.408 72.311 75.432 75.187 79.361 78.616 72.023 73.584 72.629 72.228 71.805 71.439 71.104 70.799 70.529 70.306 70.165 75.184
21.136 65.131 55.126 0.000 0.000 0.000 16.876 76.864 52.842 54.817 60.793 84.772 85.755 80.740 34.726 0.000 0.000 0.000 40.935 94.924 89.905 90.882 87.859 46.843 0.000 0.000 0.000 0.000 0.000 0.000 0.000 0.000 0.000 5.866 0.000 0.000 0.000 0.000 0.000 0.000 0.000 0.000 0.000 0.000 0.000 0.000 0.000 20.879 17.879 0.000 0.000 0.000 0.000 18.980 56.397 73.350 75.026 75.959 80.308 79.914 73.055 74.610 73.644 73.184 72.707 72.293 71.916 71.574 71.264 70.992 70.770 70.629 73.634
21.137 77.130 59.121 55.111 0.000 0.000 3.900 68.882 70.852 70.820 82.789 79.764 91.743 90.725 51.712 0.000 0.000 0.000 16.965 96.946 89.915 90.877 87.839 47.806 0.000 0.000 8.376 56.339 68.298 37.271 0.000 0.000 0.000 0.000 0.000 0.000 0.000 0.000 0.000 0.000 0.000 0.000 0.000 0.000 0.000 0.000 0.000 0.000 5.879 0.000 0.000 0.000 16.944 57.452 74.412 74.995 81.223 80.714 74.328 74.889 75.388 74.569 74.099 73.599 73.151 72.738 72.359 72.011 71.691 71.403 71.153 77.948 18.791
85.140 82.130 61.118 62.102 54.077 1.026 58.941 53.913 61.862 74.821 78.781 89.753 90.727 89.704 58.686 0.000 0.000 0.000 16.015 95.980 89.931 90.875 85.812 65.738 49.622 50.516 50.413 58.343 79.285 46.244 0.000 0.000 0.000 0.000 0.000 0.000 0.000 0.000 0.000 0.000 0.000 0.000 0.000 0.000 0.000 0.000 0.000 0.000 0.000 0.000 15.034 45.811 55.319 74.306 75.896 82.563 81.970 74.877 76.596 75.930 75.387 74.930 74.444 73.987 73.555 73.151 72.772 72.418 72.087 71.778 78.490 24.219 0.000
82.145 77.134 75.119 58.099 62.071 62.033 52.989 45.967 0.000 0.000 20.760 79.739 90.709 88.679 73.641 40.589 0.000 3.187 65.099 86.027 90.954 89.878 90.798 80.711 56.612 53.513 52.417 61.334 79.256 62.175 48.063 48.975 52.910 63.870 27.854 0.000 0.000 0.000 0.000 0.000 0.000 0.000 0.000 0.000 0.000 0.000 0.000 0.000 0.000 0.000 26.234 66.074 74.021 76.669 83.442 83.046 75.600 77.269 76.490 76.119 75.677 75.224 74.779 74.346 73.932 73.537 73.161 72.803 72.461 78.132 24.811 0.000 0.000
71.153 23.140 91.125 62.106 56.073 57.043 59.016 58.999 48.000 0.000 0.000 0.723 24.691 95.660 85.611 63.536 55.415 62.275 61.169 63.075 70.980 71.885 58.791 55.697 53.601 53.505 52.411 61.319 76.229 55.137 52.039 56.952 72.885 75.846 60.838 34.838 0.000 0.000 0.000 0.000 0.000 0.000 0.000 0.000 0.000 0.000 0.000 0.000 0.000 17.072 58.918 74.530 77.371 84.007 83.762 76.297 77.940 77.156 76.799 76.371 75.947 75.522 75.100 74.688 74.289 73.904 73.532 73.172 78.822 24.477 0.000 0.000 0.000
17.161 90.149 91.137 77.125 0.000 4.050 64.032 60.014 71.001 61.988 0.000 0.737 3.698 83.660 80.605 65.531 56.435 53.328 53.227 56.123 69.006 76.892 79.783 72.685 62.591 55.496 54.401 70.304 73.205 48.104 52.003 51.909 52.833 56.791 35.815 0.000 0.000 0.000 6.365 0.000 0.000 0.000 0.000 0.000 0.000 0.000 0.000 20.294 51.964 59.821 73.337 84.667 84.282 77.350 77.945 78.512 77.823 77.460 77.038 76.630 76.221 75.814 75.412 75.017 74.632 74.257 74.891 81.532 25.177 0.000 0.000 0.000 0.000
95.169 91.159 91.147 91.132 78.111 61.076 61.048 61.023 52.000 0.957 17.847 24.796 76.733 73.678 76.618 69.547 70.465 70.377 70.286 73.184 68.028 67.895 69.764 73.670 74.581 72.489 68.392 79.290 77.183 65.072 65.960 65.849 67.747 42.670 0.000 0.000 0.000 0.000 7.366 0.000 0.000 0.000 0.000 0.000 0.000 7.165 54.946 55.513 76.528 77.085 85.731 85.253 79.837 79.554 78.943 78.476 78.098 77.687 77.287 76.888 76.492 76.101 75.715 75.337 74.966 75.602 79.243 11.887 0.000 0.000 0.000 0.000 0.000
94.178 90.170 90.161 91.147 88.124 66.094 60.062 61.029 61.992 53.942 2.877 68.819 65.760 66.702 67.641 62.574 66.502 71.428 79.357 64.299 0.000 0.000 14.708 72.651 68.573 68.486 68.388 68.281 68.165 68.043 67.914 67.780 65.635 60.472 33.254 0.000 8.888 52.666 59.366 71.058 40.820 0.000 0.000 0.000 1.117 56.361 67.154 79.081 79.718 86.466 86.131 80.487 80.164 79.429 79.100 78.711 78.315 77.922 77.531 77.144 76.760 76.382 76.012 75.649 76.293 78.941 26.592 0.000 0.000 0.000 0.000 0.000 0.000
80.184 80.183 80.180 91.168 91.146 81.114 57.077 60.038 60.998 60.952 66.899 75.844 59.787 56.729 54.670 61.607 76.541 75.476 60.415 40.357 0.000 0.000 0.000 0.669 57.572 52.495 52.394 52.279 52.154 53.019 55.876 56.720 56.543 55.328 56.036 54.587 54.110 62.744 69.373 66.989 73.581 71.039 65.529 63.017 65.394 77.016 80.533 80.327 86.959 86.742 81.125 80.779 80.030 79.704 79.309 78.924 78.537 78.153 77.772 77.395 77.022 76.655 76.300 76.955 77.615 16.278 0.000 0.000 0.000 0.000 0.000 0.000 0.000
0.000 46.196 58.210 86.201 90.177 71.139 54.093 53.049 61.009 60.969 59.924 53.871 54.813 60.759 77.702 76.641 59.580 52.522 42.468 0.000 62.045 70.985 66.891 67.773 70.638 73.528 72.414 73.289 76.151 75.004 71.850 73.682 68.490 54.261 57.974 56.615 61.222 78.829 85.391 81.943 75.478 70.005 71.549 78.014 82.867 81.298 87.561 87.212 81.111 82.720 81.307 80.646 80.306 79.907 79.523 79.138 78.757 78.381 78.010 77.642 77.276 77.917 75.579 71.255 22.935 0.000 0.000 0.000 0.000 0.000 0.000 0.000 0.000
0.000 0.000 51.262 70.248 81.221 56.174 48.107 55.055 53.021 59.991 60.955 60.904 53.836 70.791 62.738 51.677 54.614 46.562 0.000 71.193 74.105 74.017 75.917 76.803 79.681 83.564 82.445 82.313 82.157 83.996 84.837 82.667 70.475 56.251 57.986 57.677 57.333 59.957 33.421 5.915 95.380 136.976 114.509 80.443 81.961 88.527 88.089 81.559 84.288 81.703 81.260 80.902 80.507 80.120 79.733 79.349 78.972 78.604 78.245 77.888 79.525 74.157 62.845 17.550 0.000 0.000 0.000 0.000 0.000 0.000 0.000 0.000 46.073
3.497 0.000 6.328 27.307 62.284 44.229 0.000 50.042 55.030 55.018 61.003 49.953 0.000 54.830 52.781 54.715 55.638 65.551 79.430 76.281 78.166 84.062 93.956 137.842 134.718 134.601 134.488 134.361 135.168 118.986 50.836 53.675 51.491 59.281 58.042 54.772 52.477 34.245 0.000 0.000 4.168 61.878 78.891 83.487 89.219 88.900 81.158 82.858 82.158 81.854 81.485 81.103 80.719 80.331 79.941 79.553 79.177 78.819 79.478 78.141 69.776 58.342 16.094 0.000 0.000 0.000 0.000 0.000 0.000 0.000 2.365 37.306 58.187
77.498 25.474 14.416 77.369 55.379 0.000 0.000 0.000 49.038 62.047 54.085 0.000 7.004 62.919 53.843 64.762 77.673 77.574 82.459 85.334 78.218 64.108 55.002 50.892 48.748 51.635 52.545 39.475 0.000 55.942 52.846 51.706 55.534 59.339 56.129 47.894 54.558 35.302 0.000 1.451 57.165 74.183 83.908 89.711 89.490 81.741 83.428 82.724 82.431 82.062 81.694 81.316 80.933 80.544 80.147 79.745 79.364 80.017 75.706 64.420 21.098 0.000 0.000 0.000 0.000 0.000 0.000 0.000 0.000 0.000 5.425 55.366 54.279
87.517 95.508 83.491 0.463 12.484 6.592 1.631 0.636 0.000 0.000 58.205 56.185 64.089 60.998 60.909 60.817 77.719 91.612 80.497 60.378 58.262 53.152 55.052 45.974 0.000 57.646 54.582 43.520 0.000 56.995 51.902 52.767 59.601 57.413 55.242 37.116 0.000 1.786 53.849 51.627 68.413 84.326 89.988 82.675 83.242 83.902 83.298 83.004 82.641 82.282 81.913 81.535 81.152 80.764 80.359 80.916 80.517 70.178 54.910 17.736 0.000 0.000 0.000 0.000 0.000 0.000 0.000 3.801 30.756 29.672 44.543 56.454 44.370
77.545 81.551 71.554 0.000 0.000 71.669 64.666 58.641 2.581 10.486 76.346 73.260 60.168 61.075 60.979 61.879 82.772 134.658 127.539 74.418 129.300 50.187 54.080 53.978 55.861 53.722 53.615 53.503 55.345 51.142 50.999 59.858 58.691 55.471 50.308 39.212 0.000 0.530 55.893 62.724 84.724 83.607 90.344 83.721 84.307 83.857 83.567 83.220 82.871 82.510 82.140 81.760 81.376 81.001 82.608 78.045 59.610 46.269 48.019 13.877 0.000 0.000 0.000 0.000 0.000 0.000 0.000 3.846 39.794 44.716 58.622 52.536 42.455
73.575 68.597 12.618 0.000 2.789 54.748 63.719 60.677 78.615 72.532 77.432 85.341 76.250 61.155 61.054 60.947 59.833 53.710 48.583 53.456 50.333 54.215 54.104 53.995 53.884 53.766 53.654 53.533 52.390 57.227 59.093 59.976 43.833 0.000 43.308 0.000 0.000 0.498 60.061 81.979 85.982 91.327 90.869 83.812 84.465 84.107 83.793 83.459 83.110 82.748 82.376 81.990 81.591 80.255 42.026 0.000 0.000 0.000 0.000 0.000 0.000 0.000 0.000 36.251 31.213 30.150 29.063 32.943 41.859 57.778 51.693 42.612 52.535
65.603 56.644 61.704 6.804 59.830 55.816 54.783 72.734 65.670 81.594 90.509 70.423 56.334 54.239 57.136 60.024 60.900 60.767 53.628 52.490 53.360 53.238 54.125 54.017 53.911 58.806 55.700 52.586 53.454 56.284 60.172 49.119 0.000 0.000 0.000 0.000 15.731 135.611 79.334 86.357 84.330 91.732 83.631 86.150 87.634 84.360 84.043 83.712 83.362 82.995 83.627 80.232 67.742 58.404 16.215 0.000 0.000 0.000 0.000 0.000 0.000 0.000 38.331 38.288 38.239 39.174 39.096 40.005 53.922 53.841 37.762 40.685 42.611
40.619 41.672 35.751 59.878 55.913 54.902 65.863 69.806 80.738 87.665 53.588 52.509 53.424 55.332 54.228 51.111 58.978 59.830 60.671 59.517 53.377 52.253 51.140 52.036 57.939 116.845 84.753 64.657 47.556 0.000 62.191 70.209 0.000 0.000 0.000 0.000 59.854 70.748 87.631 85.666 92.439 92.099 84.720 85.250 85.916 84.623 84.312 83.982 83.630 84.245 82.905 35.568 0.000 0.000 0.000 0.000 0.000 0.000 0.000 0.000 0.000 0.000 45.373 41.333 38.278 39.213 37.140 49.060 55.981 39.904 40.828 48.754 46.683
0.000 0.000 0.000 53.042 56.041 58.015 78.963 89.889 103.811 85.738 14.669 71.599 71.523 55.436 55.334 54.213 52.070 54.903 60.711 58.529 59.380 61.255 59.146 57.049 52.963 47.884 52.811 47.734 0.000 0.000 0.000 56.318 48.346 0.000 0.000 2.274 70.082 86.934 87.008 85.024 92.750 84.442 86.944 88.451 85.193 84.903 84.598 84.274 83.931 81.451 36.178 0.000 0.000 0.000 0.000 0.000 0.000 0.000 0.000 0.000 0.000 44.533 14.456 2.393 46.329 36.261 47.189 59.115 47.040 41.965 46.892 50.820 43.751
0.000 0.000 0.000 51.209 57.194 73.155 84.084 131.975 125.880 127.809 133.751 129.696 130.632 55.555 55.458 54.338 54.187 53.000 47.740 57.508 59.359 60.241 58.140 60.053 59.978 60.916 53.873 0.000 0.000 0.000 0.000 57.400 42.373 0.000 0.000 61.430 83.304 87.256 86.244 93.315 93.040 85.500 86.048 86.737 85.475 85.199 84.904 85.587 60.367 0.000 0.000 0.000 0.000 0.000 0.000 0.000 0.000 0.000 56.842 45.794 35.717 39.609 39.525 40.453 40.383 43.313 56.242 53.170 48.097 49.025 46.954 44.885 40.817
17.465 0.000 0.000 52.390 69.370 77.326 83.242 54.048 52.926 51.865 48.831 49.800 49.756 55.693 55.607 71.493 71.341 47.170 0.000 44.407 57.305 59.212 57.120 59.044 58.981 59.928 55.893 0.000 0.731 1.684 55.618 40.509 0.000 0.000 62.820 71.668 88.541 87.451 86.632 93.571 85.174 87.703 90.240 86.016 85.768 85.516 84.232 71.801 30.584 0.000 0.000 0.000 0.000 0.000 43.087 38.066 38.026 37.969 41.890 53.823 56.747 42.663 37.584 39.509 41.438 56.367 55.296 41.225 50.154 51.084 50.015 42.947 38.881
