results4_8e4_rain/res_4e8f-0191.wd
ncols         241
nrows         181
xllcorner     12693529.787448
yllcorner     3542525.717860
cellsize      155.156523
NODATA_value  -9999.000000
[rows 33 to 65 of 181, columns 146 to 218 of 241]
64.842 64.059 63.784 64.422 31.082 42.752 64.439 58.126 36.705 0.000 0.000 36.394 12.394 17.395 33.396 58.400 45.400 11.398 0.000 0.322 50.306 58.293 16.270 43.243 35.222 36.199 40.161 49.123 67.082 58.052 53.023 48.000 48.980 48.963 47.946 46.930 45.912 53.893 63.873 55.857 55.841 53.826 32.812 46.799 54.790 0.000 25.363 30.335 54.264 52.204 57.148 67.095 60.051 55.029 10.019 0.000 37.970 37.962 44.960 22.962 0.000 0.000 0.000 0.000 0.000 0.000 0.000 0.000 0.000 0.000 0.000 0.000 0.000
64.793 64.539 64.193 64.864 42.542 60.240 62.973 56.782 0.000 0.000 14.394 38.394 0.000 0.000 0.000 42.411 42.406 50.396 13.377 63.352 51.322 38.298 47.273 38.247 36.222 36.194 35.161 37.127 65.093 63.062 63.034 65.010 57.988 59.968 58.950 58.932 58.915 59.897 63.879 61.863 62.849 57.836 34.824 33.814 6.809 0.000 22.306 36.289 44.252 39.200 45.145 58.086 58.051 56.031 14.021 0.000 0.000 42.950 14.948 0.000 0.000 0.000 0.000 0.000 1.847 44.841 43.835 45.830 35.825 38.822 5.820 0.000 0.000
65.272 64.935 64.613 64.294 63.985 64.692 56.432 43.248 0.000 0.000 0.000 6.394 0.000 0.000 0.000 39.426 36.418 49.403 54.383 46.358 55.331 53.305 34.278 35.251 36.223 36.194 48.163 52.131 56.099 49.069 46.041 56.016 29.993 36.973 31.953 31.935 31.917 34.900 60.884 49.869 47.855 49.843 34.833 36.826 16.822 0.000 32.268 89.261 14.257 0.000 0.000 7.054 59.038 58.022 17.012 0.000 0.000 39.941 36.933 38.917 36.904 44.892 50.880 42.867 64.853 71.842 69.835 54.829 34.824 33.821 37.818 7.816 0.000
65.667 65.347 65.027 64.714 65.411 60.113 41.813 32.530 41.530 0.000 0.000 0.000 0.000 0.000 0.000 36.449 35.436 38.416 34.393 45.367 48.340 51.312 40.283 35.255 35.225 35.196 60.165 66.134 48.104 42.074 42.046 43.020 39.997 39.976 39.956 40.937 43.919 40.903 61.887 53.873 51.860 51.849 33.841 47.834 73.831 0.000 24.236 77.232 0.000 0.000 0.000 9.038 59.023 57.009 34.994 39.970 37.952 35.939 35.927 35.914 34.902 41.891 48.881 35.870 53.854 71.840 67.832 47.826 32.822 32.818 37.816 5.814 0.000
66.080 65.753 65.433 65.125 61.830 47.538 36.175 0.000 0.000 0.000 0.000 40.618 3.604 9.582 1.547 35.486 36.459 36.433 35.406 35.378 41.349 34.319 34.289 36.259 35.229 34.198 58.168 55.138 63.108 67.077 66.048 61.022 56.999 58.977 54.957 58.938 58.921 59.904 63.889 61.875 62.863 58.853 33.845 45.840 67.837 0.000 19.207 80.200 0.000 0.000 0.000 0.000 56.006 58.997 37.983 35.965 35.948 35.934 35.922 35.911 34.900 41.891 50.883 6.876 0.000 29.832 72.828 48.823 32.819 32.815 36.812 3.811 0.000
66.491 66.152 65.829 65.524 55.246 37.033 0.000 0.000 0.000 0.000 38.648 41.632 54.613 54.588 42.555 35.515 35.482 36.451 36.421 35.390 34.359 35.327 35.295 35.263 34.232 43.201 62.171 41.142 55.113 32.079 65.046 55.022 53.999 53.978 50.957 55.938 56.921 56.904 63.889 61.876 58.864 58.855 33.848 47.843 66.840 0.000 5.184 73.162 0.000 0.000 0.000 0.000 59.998 58.991 34.977 36.957 35.941 36.929 36.917 36.907 37.897 45.888 25.883 0.000 0.000 30.827 72.824 53.819 40.815 34.811 37.808 4.806 0.000
66.897 66.537 67.204 59.896 47.596 37.314 0.000 0.000 0.000 0.000 35.664 52.649 46.628 35.601 37.570 37.536 35.502 34.469 36.436 35.403 36.369 36.335 36.301 35.268 35.235 55.203 55.173 55.145 55.123 0.000 37.037 35.019 35.998 35.977 36.956 40.937 43.919 41.903 61.888 55.875 49.863 51.854 34.847 46.843 65.841 0.000 0.000 46.101 37.076 0.000 0.000 0.000 53.995 36.993 0.000 31.944 37.932 41.921 48.911 48.901 48.892 50.883 22.877 0.000 14.830 78.826 71.821 73.816 61.810 36.806 37.802 5.800 0.000
67.291 66.896 66.555 52.261 3.929 0.000 0.000 0.000 0.000 13.721 51.694 46.672 36.647 37.620 37.589 37.556 37.522 35.487 34.452 34.416 36.379 35.343 35.307 34.271 36.236 51.203 42.172 51.142 52.112 11.077 11.045 51.020 49.997 49.975 49.954 51.935 51.916 52.900 64.885 60.872 55.861 57.852 33.845 42.841 70.839 0.000 0.000 105.064 74.052 41.033 28.024 0.000 0.000 0.000 0.000 0.000 34.920 43.914 47.905 46.896 49.886 51.876 37.865 42.849 58.835 73.826 71.818 71.812 59.806 36.800 36.795 12.791 0.000
67.657 68.201 59.860 42.663 0.000 0.000 0.000 1.792 1.777 58.748 52.721 36.696 37.670 37.642 37.610 37.577 37.542 37.506 34.468 35.430 35.390 35.350 36.311 35.273 35.237 38.202 43.169 55.138 42.107 54.075 59.045 52.019 60.995 50.972 51.951 54.931 53.912 52.895 62.880 58.867 46.855 45.846 34.840 41.837 70.836 0.000 0.000 96.040 86.033 63.023 32.015 0.000 0.000 7.946 2.942 0.000 5.915 54.909 46.900 40.891 37.881 52.870 39.859 41.846 49.834 70.824 72.815 70.808 56.800 36.793 33.786 37.778 31.767
75.943 73.388 46.022 35.868 0.000 0.000 3.820 36.807 50.792 51.771 45.747 40.722 37.695 37.666 37.634 37.599 36.563 39.525 44.486 40.444 35.401 36.358 35.315 35.274 35.236 35.200 42.166 43.133 41.102 48.072 47.043 42.016 53.991 33.968 41.946 48.925 47.906 41.889 60.874 53.860 33.848 32.839 35.832 37.829 41.833 0.000 0.000 74.023 54.019 91.010 76.999 12.979 13.964 64.949 38.939 36.926 36.915 38.906 49.896 43.886 11.876 64.865 52.854 48.842 46.831 57.821 73.812 65.803 48.795 37.786 33.778 40.769 64.757
0.000 0.000 24.970 42.919 0.000 0.000 38.832 48.825 62.813 46.796 45.775 45.750 38.723 37.693 37.659 37.624 44.586 52.547 53.505 45.460 40.412 35.364 34.317 35.272 39.232 36.195 35.160 34.128 40.096 41.066 40.038 41.011 42.985 35.962 41.939 46.919 48.899 44.881 60.865 54.851 36.838 35.828 35.820 31.816 0.000 0.000 0.000 30.011 49.008 49.000 82.990 97.976 90.962 58.949 44.937 45.925 45.914 48.903 70.893 88.882 97.872 96.861 98.850 97.838 91.827 85.817 77.807 60.798 43.789 34.780 35.771 48.761 67.750
19.043 0.000 0.000 0.000 0.000 9.855 41.852 61.848 53.839 56.825 53.806 43.782 36.754 37.722 37.688 48.650 53.611 49.570 44.527 41.479 44.424 39.369 39.317 35.267 40.225 34.187 35.153 36.121 35.089 35.060 35.031 35.004 33.979 34.954 34.932 38.910 44.890 43.872 61.855 55.840 34.826 35.815 35.806 34.797 9.787 0.000 0.000 34.003 60.000 48.994 50.984 65.973 76.960 86.948 88.935 94.923 97.912 97.901 96.890 92.879 83.868 81.856 83.845 86.834 88.823 89.812 87.802 91.793 83.783 50.774 37.765 56.755 73.745
58.468 17.272 0.000 0.000 6.836 42.859 58.872 51.876 43.871 51.859 55.841 56.817 46.788 35.755 45.718 54.679 44.638 36.596 36.554 38.507 6.434 7.373 6.314 32.253 36.212 38.177 38.144 35.112 35.081 36.052 35.023 34.996 34.970 35.946 34.923 34.901 34.880 37.861 54.843 53.827 35.813 35.800 35.790 36.782 37.776 0.000 0.000 32.998 50.995 51.990 63.982 50.971 30.958 34.946 70.933 94.921 78.909 73.898 76.886 69.875 55.864 44.852 35.841 33.829 34.818 44.808 42.797 37.787 76.777 91.768 69.758 67.749 71.740
0.000 33.076 11.464 5.682 41.813 51.873 58.901 42.911 45.910 43.900 41.882 49.857 54.827 49.791 53.752 42.709 36.665 37.623 37.586 45.559 0.000 0.000 0.000 29.218 38.195 49.165 50.134 45.103 41.072 43.042 39.014 37.987 35.961 34.936 34.912 35.890 34.868 34.848 37.829 46.812 34.797 34.783 35.772 34.764 3.759 0.000 0.000 13.996 11.994 65.989 49.981 34.970 48.957 50.943 96.931 77.919 60.907 42.895 33.883 34.871 35.860 36.848 36.836 36.825 35.813 33.802 32.792 33.781 41.772 78.762 86.752 71.743 70.734
0.000 20.491 43.636 45.768 44.862 59.918 44.947 38.959 40.958 39.948 36.929 35.903 50.871 57.832 60.788 48.740 38.691 35.645 43.608 9.583 0.000 0.000 0.000 32.207 42.184 49.155 50.124 50.092 52.062 60.032 58.004 53.976 51.950 47.925 41.901 36.878 34.856 35.834 34.814 39.796 32.779 33.764 34.752 36.742 57.737 0.000 0.000 0.000 27.995 69.991 29.983 38.973 29.957 68.940 86.928 46.916 34.904 36.892 36.880 36.868 36.856 36.844 33.832 33.820 32.808 33.797 33.786 33.775 49.765 64.756 37.746 97.735 69.726
0.000 20.761 43.821 36.891 55.950 55.989 51.012 42.020 36.017 37.004 37.984 48.956 51.921 43.878 46.828 55.772 56.714 46.659 3.618 0.000 5.354 4.315 37.266 43.218 47.181 46.147 47.114 47.081 45.050 52.021 52.992 52.965 53.939 50.913 49.889 50.865 41.842 36.819 37.798 34.778 35.759 34.742 33.728 35.717 50.711 0.000 0.000 0.000 28.001 71.995 33.988 9.981 0.000 14.932 53.924 35.914 36.902 34.889 34.877 34.864 33.852 32.839 33.827 33.814 32.802 33.791 32.779 31.769 34.759 30.750 26.741 90.726 99.716
0.000 17.972 37.994 48.027 58.057 49.078 49.090 51.091 49.084 40.069 46.046 55.016 43.978 36.931 35.874 41.807 51.733 58.659 22.586 14.489 40.393 40.325 35.267 44.216 49.174 50.137 46.103 46.069 38.037 35.008 34.980 34.952 33.926 31.901 38.875 52.851 51.827 50.803 45.781 36.759 34.738 35.718 34.701 34.686 35.678 0.000 0.000 0.000 43.013 10.001 13.995 0.000 0.000 0.000 32.923 12.912 15.900 32.886 31.874 31.861 32.848 34.835 34.822 34.809 33.796 33.784 31.773 31.762 32.752 20.744 0.000 10.714 93.702
0.000 17.160 41.158 60.164 51.172 48.178 48.178 49.171 48.159 50.141 55.116 44.084 38.044 37.994 37.930 36.849 37.753 43.660 60.576 58.490 37.403 36.325 35.260 36.207 48.163 46.126 57.091 45.055 38.023 35.994 36.966 35.939 40.913 48.887 44.862 38.837 44.812 54.787 51.762 50.738 41.715 34.692 34.670 35.651 33.636 0.000 0.000 43.043 31.037 0.000 0.000 44.950 39.949 38.943 30.934 0.000 0.000 37.881 34.871 34.858 34.845 34.831 34.817 34.803 34.790 34.777 34.765 33.753 34.742 36.731 26.718 0.000 35.686
5.435 30.349 55.315 51.300 40.291 45.282 50.272 45.258 51.240 57.219 49.193 37.160 36.121 38.070 38.003 41.907 42.770 36.650 47.568 43.493 40.403 37.312 34.240 41.188 45.146 47.112 38.080 65.036 53.005 42.978 34.951 40.925 59.900 69.874 62.848 39.822 41.796 44.770 48.744 53.717 51.691 47.664 36.638 33.610 40.580 46.537 0.000 18.049 39.055 0.000 0.000 14.952 34.953 34.946 34.935 39.921 38.904 34.886 33.871 34.856 34.841 34.826 34.811 34.797 34.783 34.770 34.757 34.744 33.732 33.719 34.705 37.688 33.678
17.521 51.486 57.454 42.429 37.409 39.389 41.369 52.348 56.326 67.302 66.275 59.244 48.208 37.163 40.104 7.006 0.000 35.602 41.555 38.510 1.405 35.279 39.203 56.157 55.122 58.097 0.000 30.004 69.985 63.961 49.936 55.911 73.886 73.860 71.834 40.808 46.781 46.754 48.725 36.697 45.667 51.637 50.606 49.573 62.536 71.495 4.451 0.000 29.079 54.103 0.000 0.000 57.965 38.955 38.940 38.923 38.905 39.888 33.871 32.855 36.838 33.821 33.805 33.790 33.776 34.762 33.749 32.736 32.722 32.709 32.695 32.681 31.669
16.644 62.618 48.586 37.554 37.525 37.497 50.468 48.438 65.413 80.389 77.362 74.333 69.303 60.272 51.245 0.000 0.000 0.000 29.538 40.526 0.000 0.000 32.136 50.114 49.087 64.058 36.017 36.992 69.969 74.946 70.922 69.897 72.873 72.847 73.821 52.794 44.766 46.738 46.708 36.677 45.644 39.611 58.575 29.538 68.498 90.454 61.407 31.356 0.000 32.127 0.000 34.017 93.989 46.967 48.946 48.926 44.907 45.888 37.871 32.855 14.836 33.814 33.798 36.783 39.769 49.754 39.740 34.727 35.713 35.699 35.686 35.673 35.660
48.791 52.757 46.717 44.678 39.641 51.605 45.567 58.525 36.501 6.477 57.451 76.425 75.398 76.375 59.360 0.000 0.000 0.000 23.534 46.530 0.000 0.000 29.091 44.077 39.056 66.030 77.002 76.977 72.954 72.931 72.908 73.884 72.860 72.835 72.809 66.781 41.753 43.723 41.691 36.658 47.623 48.586 51.547 8.507 53.464 89.417 59.366 77.306 38.223 24.151 36.099 92.044 80.007 51.977 45.952 47.929 41.908 35.888 33.870 31.857 0.000 39.802 47.790 55.776 62.761 71.746 60.732 40.717 34.703 35.690 35.676 35.663 35.650
59.974 48.902 48.846 44.799 51.756 48.715 51.669 75.594 62.587 45.567 66.542 75.515 74.490 73.470 53.460 0.000 0.000 0.000 0.000 1.530 0.000 0.000 35.059 44.047 55.028 71.006 72.982 72.960 72.938 72.916 72.894 72.871 72.848 72.823 72.797 72.770 58.741 48.710 41.676 34.640 38.603 38.563 43.521 62.478 48.433 83.385 69.334 76.277 83.214 69.154 74.102 83.055 59.016 59.984 45.955 44.930 36.907 33.885 34.865 36.845 50.821 56.801 74.784 73.769 72.753 71.738 71.723 61.708 39.694 34.680 35.666 35.653 35.640
51.108 39.030 40.968 52.915 49.869 49.830 19.801 0.000 54.687 80.663 75.634 74.605 76.578 58.557 44.549 28.574 0.000 0.000 0.000 0.000 0.000 0.000 41.041 58.023 70.003 72.983 72.962 72.942 72.922 72.902 72.881 72.860 72.837 72.813 72.788 72.760 73.731 67.699 59.664 51.625 49.585 52.542 43.497 60.451 39.405 81.357 14.307 35.255 70.201 42.149 33.101 89.057 53.019 56.986 54.956 35.929 33.904 34.881 34.860 42.838 63.817 74.797 71.778 71.761 71.745 68.729 67.714 65.698 64.684 38.669 34.656 34.642 34.629
41.219 38.144 51.079 51.024 45.975 65.935 19.904 28.890 68.811 75.764 74.726 74.691 74.659 50.630 50.605 61.599 0.000 0.000 0.000 0.000 0.000 0.000 0.000 8.000 66.978 78.960 73.942 72.925 72.907 72.888 72.869 72.849 72.828 72.805 72.780 72.753 72.723 73.691 74.654 71.613 71.569 74.522 54.474 60.426 34.378 75.331 11.283 13.235 66.186 36.139 46.095 80.054 61.017 52.984 56.954 33.926 34.900 33.876 35.854 45.832 66.810 67.790 72.771 71.754 66.736 63.720 67.704 72.688 71.673 60.659 41.645 40.631 39.618
37.320 51.247 52.182 40.125 51.074 72.030 64.991 70.954 76.903 74.856 74.815 74.776 71.737 55.698 5.642 1.621 0.000 0.000 0.000 0.000 0.000 0.000 0.000 0.000 11.949 23.937 64.922 73.907 72.892 72.875 72.858 72.840 72.820 72.798 72.775 74.749 73.719 73.686 72.648 74.605 73.556 73.503 63.450 61.399 38.351 50.305 80.260 59.215 67.170 36.127 64.086 58.048 61.012 48.979 42.949 34.921 34.895 34.870 42.847 47.825 48.803 53.783 61.763 59.745 60.727 71.710 71.694 71.678 71.663 72.648 66.633 62.620 60.606
52.412 52.341 41.277 37.219 52.167 71.120 77.077 76.034 74.988 74.944 74.901 75.859 66.817 59.784 0.000 0.000 0.000 0.000 0.000 0.000 0.000 0.000 0.000 0.000 20.932 40.915 67.903 73.891 72.878 72.864 72.848 72.831 72.813 72.794 74.772 74.747 74.719 66.687 71.648 74.602 77.547 75.486 69.423 65.370 53.323 37.279 85.236 68.194 70.153 35.113 81.074 45.038 26.004 42.972 33.942 34.914 33.888 42.863 48.839 47.817 47.795 46.774 39.755 35.736 65.718 71.700 71.683 71.667 71.651 71.636 72.622 72.608 72.594
49.498 40.429 38.366 36.308 53.255 73.206 75.161 75.117 75.073 75.030 74.987 76.941 55.889 53.836 0.000 0.000 0.000 0.000 0.000 0.000 0.000 0.000 0.000 0.000 0.000 54.890 73.884 72.875 72.865 72.853 72.839 72.825 74.809 73.791 73.771 73.750 67.724 45.693 61.654 71.609 22.543 13.472 47.386 54.334 63.291 50.251 71.212 89.173 74.134 41.097 83.061 7.026 18.993 31.962 34.933 34.905 36.879 46.854 44.830 45.808 47.786 50.765 44.745 45.726 61.707 71.689 71.672 71.656 71.640 71.624 71.609 71.595 71.581
40.579 38.512 43.450 48.392 63.339 75.289 75.243 75.199 75.157 75.117 75.076 76.031 62.960 0.000 0.000 0.000 0.000 0.000 2.832 39.832 0.832 18.832 0.000 0.000 0.000 29.870 64.867 71.861 72.853 72.843 72.832 72.819 74.805 72.790 72.774 72.755 56.734 52.708 14.667 16.638 0.000 0.000 32.316 39.290 61.257 47.223 52.187 95.151 78.115 57.080 67.046 17.013 61.981 38.951 34.923 34.895 36.869 45.845 56.821 56.798 58.776 64.755 59.734 70.715 71.696 71.678 71.660 71.644 71.627 71.612 71.597 71.582 71.568
41.655 38.590 45.529 64.471 75.418 75.369 75.323 75.280 75.240 75.203 75.170 81.146 0.000 0.000 0.000 0.000 0.000 0.000 39.832 51.832 38.832 53.833 49.833 0.000 19.847 51.854 58.854 69.850 72.844 72.836 72.826 73.815 72.804 72.791 72.777 68.764 57.750 62.738 0.000 0.000 0.000 16.264 49.271 41.253 59.226 35.195 37.163 85.129 84.095 76.062 62.029 61.998 50.967 45.938 34.911 34.884 34.858 44.834 66.810 73.787 72.765 72.744 64.723 71.703 71.684 71.666 71.648 71.631 71.615 71.599 71.584 71.569 71.555
39.728 37.664 52.603 72.547 76.495 75.446 75.400 75.358 75.319 75.285 75.255 82.236 0.000 0.000 0.000 0.000 0.000 0.000 28.832 48.832 48.832 47.833 50.834 34.836 42.841 50.844 50.844 67.841 73.836 72.829 72.821 72.813 72.803 72.792 73.782 65.772 61.763 55.757 0.000 0.000 0.000 9.258 13.251 41.224 60.197 37.169 33.139 72.108 89.075 86.043 67.011 45.981 44.952 45.925 36.898 33.872 34.847 37.822 48.799 68.776 71.753 71.732 63.711 71.691 71.672 71.653 71.635 71.618 71.601 71.585 71.570 71.555 71.541
38.797 40.734 60.674 76.619 75.567 75.519 75.474 75.433 75.395 75.361 77.331 75.307 0.000 0.000 0.000 0.000 0.000 0.000 14.832 53.832 59.832 64.832 55.833 54.834 48.836 44.837 55.836 69.834 72.830 72.824 75.818 73.811 72.803 72.794 72.786 67.778 59.773 54.770 29.773 0.000 0.000 0.000 0.000 3.197 52.169 38.145 34.118 67.087 98.054 79.022 57.992 48.964 50.936 48.910 43.884 32.859 34.834 33.810 37.786 56.763 71.741 71.719 63.698 71.678 71.659 71.640 71.621 71.604 71.587 71.571 71.555 71.541 71.526
38.863 48.801 68.742 76.687 75.636 75.588 75.545 75.504 75.467 76.434 74.401 62.354 46.354 0.000 0.000 0.000 0.000 0.000 16.832 54.832 63.831 63.831 67.831 69.831 52.832 51.832 66.831 72.828 72.825 72.821 73.815 72.809 72.803 72.796 72.789 70.784 58.779 59.777 53.777 0.000 0.000 0.000 0.000 0.000 38.138 38.124 32.101 77.069 65.032 71.000 40.972 60.945 54.920 47.894 47.870 38.845 33.821 34.797 33.774 45.751 68.728 70.706 64.685 71.665 72.645 71.626 71.607 71.590 71.573 71.556 71.541 71.526 71.511
