results3/res_3e8f-0154.wd
ncols         241
nrows         181
xllcorner     12693529.787448
yllcorner     3542525.717860
cellsize      155.156523
NODATA_value  -9999.000000
[rows 99 to 131 of 181, columns 73 to 145 of 241]
59.286 59.263 59.239 58.214 58.187 63.160 66.133 63.107 59.088 59.078 53.080 9.085 0.000 0.000 0.000 0.000 0.000 14.345 72.313 97.269 95.263 94.420 101.091 101.020 94.124 94.823 94.672 94.565 95.462 95.366 94.279 98.207 57.155 0.000 0.000 0.000 0.000 0.000 0.000 32.743 58.674 70.552 38.391 20.192 50.108 53.032 50.947 54.834 51.610 49.242 18.897 43.653 47.527 62.443 68.381 71.336 69.302 64.278 57.263 52.254 47.250 25.242 0.000 0.000 0.000 0.000 19.713 37.713 49.713 73.713 74.712 74.712 74.712
59.335 59.313 58.290 56.264 60.237 65.208 66.176 66.140 60.113 57.097 62.091 62.090 23.092 0.000 16.983 46.931 23.817 3.615 60.521 100.400 95.650 95.667 101.150 93.436 95.226 94.882 94.796 94.687 94.583 94.485 96.400 95.333 31.292 0.000 0.000 0.000 0.000 0.000 1.091 36.898 42.828 53.749 2.703 0.000 45.237 53.179 52.088 55.956 55.754 26.498 0.000 38.557 52.500 57.437 78.387 79.348 79.318 80.297 81.282 79.273 60.270 0.000 0.000 0.000 0.000 0.000 0.000 36.712 49.711 73.711 74.711 74.711 74.710
59.385 58.365 58.342 61.317 64.289 65.258 40.223 4.163 33.128 69.107 42.098 16.094 8.093 0.000 28.036 77.991 74.905 66.789 85.669 96.820 93.808 101.232 94.717 95.524 95.092 95.029 94.914 94.807 94.698 95.592 93.501 81.433 28.387 1.378 0.000 0.000 0.000 1.350 40.223 47.089 44.992 45.912 18.860 0.000 51.423 69.359 62.269 57.150 31.952 0.000 0.000 21.518 11.479 51.420 76.380 80.350 78.326 78.308 78.295 80.288 53.285 47.291 47.293 53.293 0.000 0.000 0.000 13.711 48.710 73.710 74.710 74.709 74.709
58.438 57.419 62.397 65.372 65.343 65.314 30.293 0.000 0.116 12.104 3.101 0.000 0.000 0.000 21.134 84.094 90.023 97.936 97.895 95.020 101.573 101.363 94.685 95.396 95.249 95.142 95.035 94.926 94.811 100.683 50.581 18.509 2.444 0.188 4.747 7.732 0.000 31.451 49.351 45.241 45.140 44.048 49.963 15.868 44.674 70.564 69.482 67.421 0.000 0.000 0.000 0.000 0.000 49.382 78.365 82.346 79.329 78.315 76.304 65.297 46.294 42.294 43.294 27.294 0.000 0.000 0.000 0.000 44.709 73.708 74.708 74.708 70.707
57.494 63.478 65.456 65.430 63.398 69.363 39.341 0.000 0.000 0.000 0.000 0.000 0.000 0.000 32.272 90.225 93.165 97.041 96.278 96.291 101.761 94.071 95.777 95.453 95.369 95.261 95.157 99.052 104.935 59.749 28.630 3.579 0.000 0.000 0.000 4.717 32.702 55.592 49.490 42.384 47.280 51.178 48.076 45.968 59.841 63.742 53.672 61.632 0.000 0.000 0.000 0.000 0.000 55.360 79.352 84.341 83.328 79.317 74.309 43.303 41.299 42.297 49.297 0.000 0.000 0.000 0.000 38.707 42.707 71.707 74.707 74.707 68.706
64.554 65.541 65.521 64.493 42.458 8.396 27.369 29.369 0.000 0.000 0.000 0.000 0.000 23.576 76.457 90.380 93.284 95.442 96.452 102.092 101.934 95.047 95.749 95.589 95.484 95.379 99.280 61.192 21.127 0.000 38.611 24.597 0.000 0.000 0.000 0.000 40.797 74.726 65.631 60.526 55.417 56.307 54.197 55.086 67.979 61.892 45.832 47.804 0.000 0.000 0.000 0.000 0.000 55.347 83.343 48.336 46.327 78.317 81.311 51.306 42.302 47.300 17.298 0.000 0.000 0.000 0.000 11.707 38.707 56.706 72.706 75.706 68.705
65.621 65.611 61.592 65.565 47.543 0.000 18.368 48.368 0.000 0.000 0.000 0.000 13.790 75.695 89.602 95.523 95.494 95.636 102.377 102.239 94.375 96.151 95.800 95.711 95.598 95.491 99.391 71.309 3.254 0.000 8.607 11.602 0.000 0.000 0.000 0.000 27.963 59.885 64.782 74.671 70.555 58.437 61.318 70.201 65.097 53.014 44.962 45.947 19.993 21.005 0.000 0.000 0.000 53.338 87.336 1.332 0.000 27.314 74.311 64.307 45.305 24.302 0.000 0.000 0.000 0.000 0.000 0.000 11.706 35.705 61.705 71.705 64.704
63.695 60.691 59.671 75.631 54.606 0.000 17.368 45.368 0.000 0.000 0.000 7.957 71.886 84.810 94.739 97.620 96.864 94.895 102.504 93.685 95.459 92.018 93.946 95.824 95.709 96.595 90.484 80.398 28.326 0.000 0.000 0.000 0.000 0.000 0.000 15.400 50.208 55.069 54.943 56.820 65.696 68.567 71.435 65.305 52.192 46.107 45.053 44.028 48.028 33.016 0.000 0.000 0.000 42.331 79.329 45.325 34.320 26.315 69.311 75.308 55.307 0.000 0.000 6.306 0.000 0.000 0.000 0.000 0.000 30.704 54.704 59.704 46.704
57.778 66.788 62.771 3.682 4.644 0.000 8.368 8.368 0.000 0.000 0.000 9.028 87.985 89.929 97.841 97.007 96.029 102.730 102.622 95.644 95.332 95.173 95.055 93.938 94.819 96.695 53.551 4.475 0.000 0.000 0.000 0.000 0.000 18.992 35.842 50.593 61.398 58.240 57.101 53.970 54.840 57.702 69.551 70.392 62.259 51.170 44.114 44.085 46.075 0.000 0.000 0.000 0.000 27.326 69.325 47.322 43.319 43.315 75.311 78.309 61.307 24.306 14.306 57.306 0.000 0.000 0.000 0.000 0.000 33.704 57.703 52.703 38.703
58.870 68.911 55.943 0.000 0.000 0.000 5.368 17.368 1.368 0.000 0.306 75.142 85.101 97.046 97.042 96.185 102.923 102.830 94.956 96.731 96.383 96.290 96.171 96.054 97.935 47.815 0.000 0.000 0.000 0.000 0.000 8.528 34.382 51.142 63.941 59.734 58.550 58.391 58.251 59.121 56.992 55.850 29.677 48.451 73.284 55.199 43.150 46.123 44.112 32.119 0.000 0.000 0.000 28.324 61.321 39.319 0.000 0.000 31.309 68.308 57.307 66.306 73.306 32.306 0.000 0.000 0.000 0.000 0.000 8.703 48.703 46.703 39.703
56.959 61.041 60.148 36.308 0.000 0.000 0.000 3.368 6.368 0.000 28.384 88.292 95.231 97.153 97.313 95.437 103.008 95.244 97.026 96.591 96.523 96.402 97.287 98.170 60.053 0.000 0.000 0.000 0.000 0.000 10.870 53.675 64.475 60.254 59.046 58.851 58.676 58.524 58.391 58.270 58.155 67.031 5.854 0.000 41.226 50.193 42.164 51.143 51.132 33.125 0.000 0.000 0.000 0.000 45.316 82.315 50.313 0.000 24.308 69.307 63.306 54.306 54.306 0.000 0.000 0.000 0.000 0.000 0.000 0.000 27.702 38.702 39.702
69.030 7.147 63.300 61.468 50.669 9.793 0.133 0.000 0.000 19.546 78.480 92.412 98.353 97.338 96.492 103.154 103.085 96.193 96.891 96.740 96.630 97.520 99.404 60.287 0.000 0.000 0.000 0.000 9.478 40.334 51.066 62.826 59.588 59.355 56.139 55.946 55.780 56.639 58.518 58.415 61.328 38.266 0.000 0.000 21.200 46.185 45.168 63.155 59.148 0.000 0.000 0.000 0.000 0.000 29.313 74.312 86.311 43.309 69.307 83.307 75.306 51.305 44.305 16.304 0.000 0.000 0.000 0.000 0.000 0.000 33.701 39.701 43.701
51.069 4.218 65.437 55.594 62.747 54.916 16.209 3.503 12.611 79.612 88.576 98.534 97.422 97.690 95.717 103.214 95.481 97.274 96.934 96.851 97.743 98.642 52.523 0.000 0.000 0.000 0.000 1.863 52.622 63.458 61.232 59.977 61.696 61.437 67.209 72.015 66.860 59.733 53.628 57.542 63.477 21.438 0.000 0.000 17.189 49.179 50.169 72.161 60.156 0.000 0.000 0.000 0.000 0.000 17.310 69.310 78.309 83.308 79.307 79.306 83.306 67.305 46.304 47.304 16.303 9.303 0.000 0.000 0.000 35.701 40.701 38.701 43.701
0.000 0.000 33.637 84.724 47.807 0.000 0.000 17.690 77.717 82.714 96.694 97.604 97.884 95.815 103.297 95.739 97.548 97.125 97.067 97.956 94.851 49.782 0.000 0.000 0.000 0.000 8.195 55.042 62.834 60.646 60.428 64.154 38.781 17.488 20.247 37.043 62.912 64.807 65.719 57.649 58.598 19.571 0.000 0.000 0.000 30.171 48.167 55.163 54.161 3.161 0.000 0.000 0.000 0.000 17.309 60.308 73.308 78.307 79.306 80.306 76.305 72.305 57.304 45.303 49.303 55.303 0.000 0.000 0.000 1.701 38.700 39.700 41.700
0.000 0.000 10.749 85.860 72.949 0.000 0.000 24.850 85.851 93.842 97.795 98.990 99.027 103.614 103.421 96.689 97.405 97.266 97.169 92.066 81.923 32.853 0.000 0.000 7.622 43.528 52.349 64.192 61.026 60.862 64.680 42.428 0.289 0.000 0.000 23.000 60.936 57.862 61.793 67.736 67.697 45.678 0.000 0.000 0.000 12.169 50.166 44.164 51.162 2.162 0.000 0.000 0.000 0.000 22.307 47.307 64.307 78.306 73.306 66.305 68.305 29.304 54.303 63.303 56.302 52.302 0.000 0.000 0.000 0.000 0.000 33.700 38.700
0.000 0.000 0.000 14.020 63.180 2.902 13.027 79.010 90.997 97.980 97.998 98.176 103.964 103.793 95.976 97.775 97.442 97.371 90.282 56.214 0.000 0.000 0.000 15.805 61.716 55.613 63.482 61.349 61.218 62.097 40.000 0.810 0.000 0.000 0.000 22.019 63.973 57.912 57.854 59.807 63.775 65.765 17.792 0.000 0.000 0.000 31.164 50.164 25.163 0.000 0.000 0.000 0.000 0.000 15.306 43.306 54.306 61.305 53.305 50.305 15.305 0.000 3.303 47.302 51.302 60.302 0.000 0.000 0.000 0.000 0.000 27.700 38.699
0.000 0.000 0.000 0.000 0.859 13.131 82.168 87.164 98.154 98.086 99.371 99.444 104.124 96.275 98.054 97.623 97.564 87.462 76.375 40.295 0.000 0.000 0.000 55.894 77.823 62.727 54.617 62.505 60.399 63.310 33.253 0.000 0.000 0.000 18.156 53.086 60.022 58.961 58.905 55.861 51.831 53.817 15.819 0.000 0.000 0.000 12.164 57.163 5.163 0.000 0.000 0.000 0.000 0.000 15.305 45.305 44.305 43.304 41.304 47.304 0.000 0.000 0.000 22.302 45.301 63.301 7.301 0.000 0.000 0.000 0.000 0.000 31.699
0.000 0.000 0.000 0.000 0.000 85.360 84.350 98.333 98.286 99.489 99.562 104.417 104.275 97.228 98.913 96.757 82.642 71.549 45.462 0.000 0.000 0.000 50.181 68.055 67.954 74.855 62.753 52.654 58.564 68.490 71.449 34.477 0.000 0.000 17.226 65.147 59.070 59.003 57.946 53.901 47.870 48.853 14.847 0.000 0.000 0.000 0.000 30.163 38.163 0.000 0.000 0.000 0.000 0.000 23.305 47.304 41.304 42.304 42.304 44.303 27.303 0.000 0.000 0.000 32.301 53.301 31.300 5.300 0.000 0.000 0.000 0.000 26.699
0.000 0.000 0.000 0.000 24.720 85.599 97.541 98.501 99.511 101.697 104.684 104.553 96.534 98.299 94.951 83.852 72.707 44.628 0.000 0.000 0.000 52.426 73.307 59.191 51.085 64.984 76.887 64.796 67.712 68.638 55.575 61.505 40.329 2.686 25.375 57.205 53.108 60.036 54.975 46.926 45.895 49.878 11.871 0.000 0.000 0.000 0.000 17.163 57.163 2.163 0.000 0.000 0.000 0.000 0.000 29.303 44.303 42.303 42.303 42.303 50.303 0.000 0.000 0.000 0.000 34.300 45.300 51.300 0.000 0.000 0.000 0.000 0.000
0.000 0.000 0.000 0.000 67.841 93.774 99.720 98.625 98.893 96.973 104.809 96.816 98.581 93.150 82.083 56.963 0.000 0.000 0.000 0.000 52.666 73.546 60.429 49.316 49.210 51.111 62.017 76.929 67.849 52.776 60.709 62.639 36.563 0.000 22.283 82.191 69.120 58.059 51.990 47.935 44.907 45.892 39.887 3.890 0.000 0.000 0.000 0.000 36.163 8.163 0.000 0.000 0.000 0.000 0.000 9.303 46.303 42.303 42.303 42.302 44.302 28.302 0.000 0.000 0.000 15.300 42.300 45.300 0.000 0.000 0.000 0.000 0.000
0.000 0.000 0.000 71.151 68.028 73.946 88.857 100.030 97.094 105.044 104.929 97.749 93.436 82.289 61.183 0.000 0.000 34.300 0.000 4.911 77.785 60.664 49.546 50.435 49.329 52.231 66.139 75.055 75.979 59.909 55.844 66.780 40.720 0.000 0.000 13.157 26.123 8.091 0.000 17.917 48.907 55.898 56.894 42.893 0.000 0.000 0.000 0.000 0.000 0.000 0.000 0.000 0.000 0.000 0.000 10.302 46.302 45.302 48.302 43.302 40.302 49.302 0.000 0.000 0.000 22.299 56.299 61.299 0.000 0.000 0.000 0.000 0.000
0.000 0.000 10.377 72.274 69.176 70.096 80.071 96.236 105.262 105.154 97.028 93.794 81.464 55.389 0.000 0.000 51.350 50.300 32.198 16.036 65.901 49.777 50.659 49.547 50.442 65.345 71.255 35.174 26.102 78.037 63.979 41.917 2.818 0.000 0.000 0.000 0.000 0.000 0.000 14.909 66.905 60.900 57.897 53.895 8.896 0.000 0.000 0.000 0.000 0.000 0.000 0.000 0.000 0.000 0.000 34.302 43.302 18.302 0.000 18.302 43.301 47.301 0.000 0.000 0.000 24.299 60.299 29.299 0.000 0.000 0.000 0.000 0.000
0.000 85.566 73.480 70.392 68.314 69.192 70.435 74.500 105.367 96.269 92.031 81.621 55.578 0.000 0.000 0.000 55.400 53.351 73.259 57.134 50.007 50.883 49.764 52.652 72.547 69.450 50.362 46.284 51.216 79.160 76.117 40.089 0.000 0.000 0.000 0.000 0.000 0.000 0.000 14.906 73.903 73.900 68.898 59.897 4.896 0.000 0.000 0.000 0.000 0.000 0.000 0.000 0.000 0.000 7.302 46.302 48.302 0.000 0.000 3.301 46.301 47.301 0.000 0.000 0.000 0.000 31.299 0.000 0.000 0.000 0.000 0.000 0.000
1.743 83.653 97.583 89.509 74.411 75.569 67.617 105.564 105.467 75.152 79.830 55.728 0.000 0.000 0.000 0.000 57.500 70.446 68.353 50.235 50.110 49.985 60.864 72.750 61.644 50.547 50.460 50.384 51.320 60.270 78.238 74.235 35.289 0.000 0.000 0.000 0.000 0.000 0.000 0.000 59.901 61.899 73.898 74.897 30.897 0.000 0.000 0.000 0.000 0.000 0.000 0.000 0.000 0.000 38.301 48.302 25.302 0.000 0.000 7.301 47.301 45.301 0.000 0.000 0.000 0.000 0.000 0.000 0.000 0.000 0.000 0.000 0.000
19.821 96.758 99.690 99.621 94.594 84.749 105.752 105.658 67.311 62.088 0.000 0.000 0.000 0.000 0.000 0.000 68.654 73.579 49.470 51.344 51.212 63.081 71.957 53.840 50.732 50.634 50.547 50.471 50.409 50.361 59.332 79.324 72.343 46.374 37.387 41.390 10.391 0.000 0.000 0.000 0.000 39.898 79.898 79.897 40.897 0.000 0.000 0.000 0.000 0.000 0.000 0.000 0.000 0.000 27.301 26.301 0.000 0.000 0.000 0.000 27.301 54.301 0.000 0.000 0.000 0.000 0.000 0.000 0.000 0.000 0.000 0.000 0.000
89.936 99.868 99.807 99.693 103.936 94.995 105.843 67.410 70.091 64.789 0.000 0.000 0.000 0.000 0.000 62.043 73.882 50.747 51.606 51.458 59.312 72.173 50.042 50.922 50.811 50.711 50.622 50.545 50.483 50.435 50.403 54.386 55.385 50.392 51.396 58.392 40.391 0.000 0.000 0.000 0.000 0.000 34.897 70.897 33.897 0.000 0.000 0.000 0.000 0.000 0.000 0.000 0.000 0.000 0.000 0.000 0.000 0.000 0.000 0.000 0.000 6.301 0.000 0.000 0.000 0.000 0.000 0.000 0.000 0.000 0.000 0.000 0.000
96.040 95.979 99.892 101.054 98.101 106.019 105.932 72.068 56.502 1.670 4.669 1.669 0.000 0.000 0.000 79.203 56.083 51.923 51.747 53.571 74.406 54.255 51.118 50.993 50.879 50.776 50.684 50.606 50.543 50.494 50.458 49.434 48.420 51.414 33.412 0.000 0.000 0.000 0.000 0.000 0.000 0.000 0.000 63.896 51.896 18.896 0.000 0.000 0.000 0.000 0.000 0.000 0.000 0.000 0.000 0.000 0.000 0.000 0.000 0.000 0.000 0.000 0.000 0.000 0.000 0.000 0.000 0.000 0.000 0.000 0.000 0.000 0.000
75.153 75.089 79.067 75.224 106.192 106.106 83.585 64.770 55.669 0.000 0.000 1.669 0.000 0.000 0.000 54.485 50.324 50.114 48.888 61.674 54.486 48.322 49.180 49.054 48.938 48.828 49.732 50.652 50.589 50.539 49.501 47.470 49.446 49.432 46.426 36.428 39.428 41.427 40.426 42.426 13.426 0.000 0.000 1.896 60.896 32.896 0.000 0.000 0.000 0.000 0.000 0.000 0.000 0.000 0.000 0.000 0.000 0.000 0.000 0.000 0.000 0.000 0.000 0.000 0.000 0.000 0.000 0.000 0.000 0.000 0.000 0.000 0.000
90.269 112.157 77.405 107.463 106.275 66.146 56.736 0.000 71.013 29.341 0.000 0.000 0.000 0.000 98.314 76.926 47.616 55.321 66.018 64.752 60.542 58.368 58.227 58.106 56.990 50.869 46.763 50.682 50.621 50.574 49.535 49.501 53.463 53.443 54.433 64.430 64.428 60.427 53.426 52.426 31.425 0.000 0.000 0.000 19.896 25.896 0.000 0.000 0.000 0.000 0.000 0.000 0.000 0.000 0.000 0.000 0.000 0.000 0.000 0.000 0.000 0.000 0.000 0.000 0.000 0.000 0.000 0.000 0.000 0.000 0.000 0.000 0.000
138.350 116.947 114.993 106.430 106.354 94.235 0.000 38.009 66.009 139.669 115.173 1.464 45.817 35.260 96.703 56.290 53.891 125.538 116.109 111.772 111.564 110.378 109.255 108.152 107.046 77.894 44.768 50.692 50.639 50.599 50.567 42.534 0.000 0.000 0.000 0.000 0.000 0.000 17.426 69.425 48.425 19.425 0.000 0.000 0.000 0.000 0.000 0.000 0.000 0.000 0.000 0.000 0.000 0.000 0.000 0.000 0.000 0.000 0.000 0.000 0.000 0.000 0.000 0.000 0.000 0.000 0.000 0.000 0.000 0.000 0.000 0.000 0.000
96.519 116.106 106.570 106.501 90.761 0.000 0.000 0.000 9.347 61.153 48.889 0.000 27.163 0.000 55.946 52.642 62.120 117.829 0.000 3.663 0.000 54.327 63.265 124.199 37.149 0.000 54.724 50.680 50.644 51.616 33.599 0.000 0.000 0.000 0.000 0.000 0.000 0.000 0.000 22.425 69.424 25.424 0.000 0.000 0.000 0.000 0.000 0.000 0.000 0.000 0.000 0.000 0.000 0.000 0.000 0.000 0.000 0.000 0.000 0.000 0.000 0.000 0.000 0.000 0.000 0.000 0.000 0.000 0.000 0.000 0.000 0.000 0.000
117.276 115.329 106.634 115.253 117.100 37.388 0.000 16.878 43.878 53.709 30.341 7.425 48.509 94.039 92.493 85.209 0.000 36.829 0.000 15.555 37.446 65.337 110.277 73.231 38.202 0.000 0.000 56.660 50.639 51.624 32.615 0.000 0.000 0.000 0.000 0.000 0.000 0.000 0.000 0.000 16.424 55.424 20.424 0.000 0.000 0.000 0.000 0.000 0.000 0.000 0.000 0.000 0.000 0.000 0.000 0.000 0.000 0.000 0.000 0.000 0.000 0.000 0.000 0.000 0.000 0.000 0.000 0.000 0.000 0.000 0.000 0.000 0.000
115.409 106.751 106.695 95.759 38.524 0.000 0.000 0.000 5.579 32.462 0.000 0.000 41.407 85.116 138.778 74.494 0.000 0.000 0.000 0.000 0.000 79.299 114.275 44.248 41.225 0.000 0.000 0.000 55.630 49.625 47.621 45.622 33.622 0.000 0.000 0.000 0.000 0.000 0.000 0.000 11.424 69.424 27.423 0.000 0.000 0.000 0.000 0.000 0.000 0.000 0.000 0.000 0.000 0.000 0.000 0.000 0.000 0.000 0.000 0.000 0.000 0.000 0.000 0.000 0.000 0.000 0.000 0.000 0.000 0.000 0.000 0.000 0.000
