results3/res_3e8f-0115.wd
ncols         241
nrows         181
xllcorner     12693529.787448
yllcorner     3542525.717860
cellsize      155.156523
NODATA_value  -9999.000000
[rows 33 to 65 of 181, columns 146 to 218 of 241]
62.556 61.782 61.521 62.173 28.850 40.540 62.247 55.958 34.575 0.000 0.000 26.667 2.667 7.669 23.672 48.683 35.683 1.681 0.000 0.000 40.467 48.437 6.383 33.321 25.271 26.216 30.130 39.044 56.949 47.880 42.815 37.763 38.719 38.681 37.648 36.615 35.579 43.525 53.465 45.428 45.397 43.362 22.324 36.288 44.244 0.000 14.192 19.025 42.900 40.780 45.661 55.540 48.411 43.344 0.000 0.000 26.163 26.193 33.205 11.205 0.000 0.000 0.000 0.000 0.000 0.000 0.000 0.000 0.000 0.000 0.000 0.000 0.000
62.469 62.226 61.892 62.577 40.272 57.987 60.737 54.561 0.000 0.000 4.666 28.666 0.000 0.000 0.000 32.710 32.701 40.680 3.638 53.581 41.508 28.451 37.393 28.331 26.271 26.206 25.131 27.052 54.973 52.902 52.839 54.783 47.735 49.693 48.654 48.616 48.577 49.532 53.487 51.450 52.418 47.389 24.362 23.345 0.000 0.000 11.052 24.982 32.897 27.780 33.662 46.547 46.441 44.393 2.392 0.000 0.000 31.246 3.251 0.000 0.000 0.000 0.000 0.000 0.000 33.361 32.361 34.361 24.361 27.361 0.000 0.000 0.000
62.910 62.584 62.274 61.967 61.673 62.398 54.155 40.986 0.000 0.000 0.000 0.000 0.000 0.000 0.000 29.746 26.730 39.699 44.654 36.597 45.532 43.469 24.405 25.340 26.275 26.207 38.135 42.061 45.988 38.918 35.854 45.797 19.747 26.701 21.659 21.619 21.580 24.539 50.501 39.467 37.437 39.412 24.393 26.384 6.394 0.000 20.982 77.954 2.925 0.000 0.000 0.000 47.412 46.397 5.391 0.000 0.000 28.295 25.303 27.331 25.345 33.354 39.358 31.359 53.361 60.361 58.362 43.362 23.362 22.361 26.361 0.000 0.000
63.265 62.956 62.647 62.346 63.055 57.776 39.500 30.243 39.243 0.000 0.000 0.000 0.000 0.000 0.000 26.799 25.774 28.734 24.681 35.620 38.554 41.487 30.419 25.350 25.282 25.212 50.141 56.070 37.999 31.929 31.863 32.805 29.753 29.706 29.663 30.622 33.583 30.546 51.511 43.479 41.452 41.430 23.414 37.405 63.405 0.000 12.940 65.927 0.000 0.000 0.000 0.000 47.398 45.391 23.384 28.372 26.358 24.336 24.335 24.344 23.352 30.358 37.361 24.360 42.361 60.363 56.363 36.363 21.362 21.362 26.362 0.000 0.000
63.636 63.322 63.014 62.714 59.425 45.152 33.826 0.000 0.000 0.000 0.000 31.380 0.000 0.235 0.000 25.877 26.835 26.780 25.717 25.650 31.579 24.506 24.434 26.361 25.289 24.218 48.148 45.079 53.009 56.935 55.865 50.806 46.754 48.708 44.664 48.624 48.586 49.550 53.517 51.487 52.462 48.442 23.427 35.418 57.415 0.000 7.913 68.886 0.000 0.000 0.000 0.000 44.391 47.387 26.382 24.375 24.367 24.358 24.356 24.359 23.362 30.365 39.367 0.000 0.000 18.365 61.365 37.364 21.363 21.362 25.362 0.000 0.000
64.003 63.682 63.373 63.072 52.779 34.580 0.000 0.000 0.000 0.000 29.413 32.381 45.323 45.242 33.137 25.997 25.909 26.833 26.758 25.682 24.605 25.526 25.448 25.371 24.297 33.224 52.155 31.089 45.023 21.938 54.857 44.800 43.751 43.706 40.664 45.624 46.586 46.551 53.520 51.492 48.468 48.449 23.435 37.426 56.422 0.000 0.000 61.818 0.000 0.000 0.000 0.000 48.388 47.386 23.382 25.378 24.376 25.373 25.372 25.373 26.374 34.374 14.375 0.000 0.000 19.369 61.368 42.366 29.364 23.363 26.362 0.000 0.000
64.363 64.032 64.724 57.422 45.038 34.809 0.000 0.000 0.000 0.000 26.445 43.407 37.346 26.267 28.172 28.066 25.972 24.886 26.801 25.717 26.631 26.546 26.462 25.380 25.301 45.227 45.159 45.099 45.055 0.000 26.825 24.786 25.744 25.702 26.660 30.621 33.584 31.550 51.519 45.492 39.469 41.451 24.438 36.429 55.425 0.000 0.000 34.751 25.724 0.000 0.000 0.000 42.387 25.386 0.000 20.381 26.385 30.388 37.388 37.387 37.385 39.384 11.383 0.000 3.379 67.374 60.371 62.368 50.365 25.363 26.362 0.000 0.000
64.707 64.357 64.068 49.855 1.561 0.000 0.000 0.000 0.000 4.576 42.515 37.456 27.388 28.307 28.217 28.122 28.028 25.936 24.845 24.752 26.659 25.565 25.473 24.385 26.302 41.225 32.155 41.093 42.044 0.940 0.847 40.776 39.739 39.697 39.656 41.616 41.579 42.545 54.515 50.488 45.466 47.449 23.436 32.428 60.425 0.000 0.000 93.711 62.697 29.676 16.667 0.000 0.000 0.000 0.000 0.000 23.395 32.405 36.405 35.402 38.397 40.394 26.391 31.390 47.384 62.379 60.374 60.370 48.366 25.363 25.360 1.356 0.000
65.016 65.623 57.337 40.180 0.000 0.000 0.000 0.000 0.000 49.637 43.583 27.516 28.441 28.358 28.269 28.176 28.082 27.987 24.890 25.789 25.686 25.582 26.481 25.385 25.297 28.216 33.143 45.074 32.007 43.926 48.853 41.788 50.738 40.692 41.649 44.609 43.572 42.538 52.507 48.481 36.459 35.441 24.429 31.423 60.421 0.000 0.000 84.686 74.678 51.666 20.657 0.000 0.000 0.000 0.000 0.000 0.000 43.432 35.426 29.418 26.406 41.403 28.399 30.394 38.388 59.383 61.377 59.372 45.367 25.362 22.358 26.353 20.349
73.247 70.782 43.475 33.348 0.000 0.000 0.000 27.937 41.872 42.752 36.666 31.585 28.502 28.416 28.325 28.232 27.137 30.039 34.938 30.830 25.714 26.597 25.485 25.379 25.285 25.201 32.125 33.054 30.985 37.914 36.847 31.786 43.733 23.685 31.640 38.599 37.561 31.527 50.496 43.469 23.447 22.429 25.418 27.413 31.417 0.000 0.000 62.668 42.663 79.652 65.639 1.614 2.591 53.570 27.549 25.526 25.500 27.466 38.449 32.440 0.425 53.413 41.407 37.400 35.394 46.387 62.380 54.374 37.368 26.362 22.357 29.351 53.345
0.000 0.000 22.433 40.391 0.000 0.000 30.073 40.003 53.926 37.832 36.743 36.656 29.567 28.477 28.385 28.290 35.195 43.097 43.993 35.878 30.742 25.609 24.481 25.360 29.262 26.178 25.103 24.033 29.965 30.899 29.836 30.777 32.723 25.674 31.628 36.586 38.548 34.512 50.481 44.453 26.430 25.412 25.399 21.393 0.000 0.000 0.000 18.657 37.652 37.643 71.630 86.611 79.591 47.572 33.551 34.530 34.507 37.484 59.466 77.453 86.443 85.427 87.416 86.407 80.399 74.391 66.383 49.376 32.369 23.362 24.356 37.350 56.343
15.142 0.000 0.000 0.000 0.000 1.249 33.144 53.077 44.997 47.909 44.818 34.727 27.635 28.541 28.446 39.350 44.255 40.159 35.060 31.946 34.768 29.616 29.472 25.318 30.224 24.148 25.077 26.009 24.944 24.880 24.820 24.762 23.709 24.659 24.613 28.570 34.531 33.495 51.462 45.433 24.409 25.389 25.375 24.368 0.000 0.000 0.000 22.650 48.646 37.638 39.626 54.610 65.592 75.574 77.555 83.535 86.515 86.495 85.478 81.464 72.450 70.437 72.425 75.414 77.404 78.395 76.386 80.378 72.370 39.362 26.355 45.348 62.342
54.120 11.753 0.000 0.000 0.000 34.334 50.248 43.164 35.078 42.987 46.894 47.800 37.704 26.607 36.508 45.410 35.315 27.225 27.144 29.078 0.000 0.000 0.000 22.217 26.170 28.111 28.048 24.984 24.921 25.860 24.801 24.744 24.691 25.642 24.595 24.551 24.511 27.473 44.439 43.409 25.383 25.361 25.345 26.336 27.335 0.000 0.000 21.648 39.645 40.638 52.627 39.611 19.594 23.577 59.559 83.541 67.523 62.505 65.489 58.473 44.459 33.445 24.432 22.420 23.409 33.398 31.389 26.379 65.371 80.362 58.355 56.347 60.340
0.000 26.386 4.229 0.000 33.572 43.453 50.350 34.255 37.162 35.068 32.973 40.875 45.775 40.673 44.570 33.467 27.371 28.284 28.210 36.145 0.000 0.000 0.000 19.163 28.129 39.078 40.019 34.958 30.897 32.837 28.779 27.724 25.671 24.621 24.574 25.530 24.488 24.449 27.414 36.381 24.352 24.328 25.308 24.294 0.000 0.000 0.000 2.648 0.654 54.644 38.632 23.615 37.597 39.580 85.564 66.548 49.531 31.514 22.498 23.482 24.467 25.453 25.439 25.426 24.413 22.402 21.391 22.381 30.371 67.362 75.354 60.345 59.338
0.000 13.176 36.073 37.883 36.692 51.556 36.445 30.344 32.247 31.150 28.053 26.953 41.849 48.741 51.630 39.519 29.416 26.330 34.269 0.220 0.000 0.000 0.000 22.143 32.105 39.052 39.993 39.932 41.871 49.812 47.755 43.700 41.648 37.598 31.550 26.505 24.463 25.422 24.385 29.350 22.318 23.290 24.264 26.240 47.208 0.000 0.000 0.000 16.680 58.660 18.642 27.619 18.599 57.583 75.570 35.555 23.539 25.523 25.507 25.491 25.475 25.460 22.445 22.431 21.417 22.405 22.393 22.382 38.372 53.362 26.353 86.343 58.334
0.000 13.069 36.003 28.886 47.755 47.636 42.529 33.428 27.331 28.234 29.136 40.035 42.928 34.813 37.691 46.564 47.444 37.352 0.000 0.000 0.000 0.000 27.226 33.160 37.097 36.034 36.970 36.906 34.845 41.786 42.729 42.675 43.623 40.573 39.525 40.479 31.435 26.393 27.353 24.316 25.281 24.249 23.220 25.195 40.176 0.000 0.000 0.000 16.706 60.675 22.658 0.000 0.000 3.581 42.580 24.563 25.547 23.532 23.516 23.500 22.483 21.467 22.451 22.436 21.421 22.407 21.395 20.383 23.372 19.363 15.352 79.341 88.327
0.000 10.029 29.984 39.903 49.805 40.705 40.606 42.510 40.415 31.320 37.223 46.122 35.013 27.893 26.756 32.602 42.444 49.281 13.073 4.872 30.670 30.473 25.291 34.177 39.090 40.016 35.946 35.879 27.816 24.757 24.701 24.647 23.596 21.546 28.498 42.451 41.406 40.362 35.320 26.279 24.241 25.205 24.172 24.144 25.125 0.000 0.000 0.000 31.763 0.000 2.658 0.000 0.000 0.000 21.605 1.574 4.553 21.542 20.527 20.510 21.492 23.474 23.456 23.440 22.424 22.409 20.396 20.383 21.372 9.364 0.000 0.000 82.313
0.000 9.035 33.000 51.937 42.858 39.771 39.682 40.591 39.500 41.407 46.314 35.217 29.112 28.989 28.839 27.645 28.450 34.256 51.066 48.874 27.664 26.458 25.289 26.165 38.071 35.993 46.921 34.847 27.783 25.725 26.670 25.618 30.567 38.517 34.469 28.422 34.375 44.329 41.285 40.241 31.199 24.158 24.119 25.083 23.056 0.000 0.000 31.835 19.821 0.000 0.000 33.707 28.704 27.688 19.657 0.000 0.000 26.556 23.540 23.521 23.500 23.480 23.461 23.443 23.426 23.410 23.396 22.382 23.369 25.358 15.347 0.000 24.304
0.000 22.077 47.043 42.988 31.919 36.841 41.759 36.673 42.585 48.495 40.409 28.321 27.226 29.115 28.964 32.688 33.455 27.228 38.060 33.894 30.655 27.408 24.242 31.124 35.035 36.964 27.897 54.807 42.745 32.690 24.638 30.587 49.537 59.488 52.440 29.392 31.344 34.296 38.249 43.202 41.156 37.110 26.063 23.014 29.960 35.891 0.000 6.850 27.864 0.000 0.000 3.712 23.716 23.702 23.679 28.658 27.627 23.585 22.557 23.533 23.509 23.486 23.465 23.446 23.428 23.411 23.395 23.380 22.365 22.351 23.337 26.318 22.303
9.206 43.154 49.107 34.052 28.988 30.916 32.839 43.758 47.672 58.581 57.506 50.433 39.357 28.281 31.215 0.000 0.000 26.141 32.054 28.986 0.000 25.277 29.146 46.054 44.982 47.931 0.000 19.739 59.700 53.653 39.604 45.556 63.507 63.459 61.410 30.362 36.313 36.263 38.213 26.163 35.113 41.062 40.009 38.951 51.880 60.821 0.000 0.000 17.923 42.982 0.000 0.000 46.747 27.726 27.699 27.669 27.637 28.602 22.572 21.544 25.516 22.490 22.468 22.448 22.429 23.411 22.394 21.377 21.362 21.346 21.330 21.314 20.299
8.259 54.226 40.180 29.126 29.064 28.997 41.924 39.847 56.766 71.649 68.602 65.547 60.489 51.436 42.400 0.000 0.000 0.000 20.029 31.010 0.000 0.000 22.010 39.966 38.909 53.847 25.760 26.709 59.664 64.618 60.571 59.524 62.477 62.430 63.381 42.332 34.282 36.231 36.178 26.124 35.070 29.016 47.962 18.900 57.788 79.694 50.557 20.473 0.000 21.042 0.000 22.855 82.800 35.758 37.720 37.684 33.649 34.616 26.585 21.556 3.521 22.492 22.470 25.449 28.429 38.410 28.392 23.374 24.358 24.341 24.325 24.309 24.294
40.345 44.310 38.262 36.207 31.147 43.083 37.014 49.941 27.895 0.000 48.705 67.663 66.616 67.575 50.550 0.000 0.000 0.000 14.022 37.016 0.000 0.000 18.920 33.890 28.842 55.787 66.726 66.674 62.628 62.583 62.539 63.494 62.448 62.401 62.354 56.304 31.253 33.200 31.144 26.087 37.028 37.970 40.923 0.000 42.680 78.609 48.503 66.390 27.239 13.101 25.011 80.910 68.840 40.785 34.739 36.698 30.661 24.626 22.596 20.573 0.000 28.487 36.470 44.449 51.429 60.409 49.390 29.371 23.354 24.337 24.320 24.304 24.289
51.467 40.407 40.350 36.293 43.235 40.174 43.107 67.008 53.978 36.949 57.849 66.787 65.737 64.698 44.675 0.000 0.000 0.000 0.000 0.000 0.000 0.000 24.859 33.832 44.783 60.732 62.682 62.635 62.591 62.549 62.506 62.464 62.420 62.375 62.328 62.278 48.226 38.171 31.113 24.050 27.985 27.915 32.836 51.723 37.642 72.559 58.458 65.344 72.225 58.114 63.021 71.935 47.864 48.805 34.754 33.710 25.669 22.633 23.599 25.568 39.534 45.499 63.473 62.450 61.428 60.407 60.387 50.368 28.349 23.332 24.315 24.298 24.283
42.564 30.500 32.440 44.381 41.325 41.272 11.231 0.000 46.059 72.020 66.955 65.898 67.848 49.806 35.776 19.794 0.000 0.000 0.000 0.000 0.000 0.000 30.827 47.795 59.726 62.677 62.634 62.593 62.554 62.514 62.475 62.435 62.393 62.350 62.304 62.255 63.203 57.146 49.085 41.018 38.946 41.868 32.784 49.692 28.607 70.525 3.428 24.304 59.203 31.110 22.025 77.946 41.877 45.816 43.763 24.717 22.675 23.636 23.601 31.567 52.534 63.503 60.475 60.450 60.426 57.404 56.383 54.364 53.345 27.326 23.309 23.292 23.276
32.655 29.589 42.527 42.468 37.412 57.359 11.314 20.277 60.180 67.116 66.056 66.001 65.951 41.902 41.830 52.812 0.000 0.000 0.000 0.000 0.000 0.000 0.000 0.000 56.650 68.617 63.584 62.550 62.516 62.481 62.445 62.408 62.369 62.328 62.284 62.236 62.184 63.127 64.063 60.991 60.913 63.829 43.740 49.652 23.571 64.507 0.397 2.239 55.175 25.099 35.022 68.948 49.880 41.820 45.767 22.720 23.677 22.637 24.601 34.566 55.533 56.503 61.474 60.448 55.424 52.401 56.379 61.359 60.339 49.321 30.303 29.286 28.270
28.744 42.676 43.612 31.551 42.494 63.440 56.389 62.336 68.269 66.208 66.151 66.099 63.054 47.022 0.000 0.000 0.000 0.000 0.000 0.000 0.000 0.000 0.000 0.000 1.575 13.558 54.534 63.507 62.478 62.448 62.416 62.383 62.347 62.309 62.267 64.222 63.171 63.113 62.048 63.972 62.887 62.793 52.697 50.605 27.518 39.432 69.321 48.234 56.160 25.087 53.016 46.945 49.876 37.817 31.765 23.718 23.675 23.636 31.599 36.564 37.531 42.500 50.472 48.445 49.420 60.397 60.374 60.353 60.333 61.315 55.296 51.279 49.263
43.828 43.758 32.693 28.632 43.574 62.518 68.464 67.410 66.352 66.296 66.242 67.191 58.144 51.110 0.000 0.000 0.000 0.000 0.000 0.000 0.000 0.000 0.000 0.000 10.537 30.509 57.488 63.467 62.443 62.418 62.390 62.360 62.328 62.293 64.255 64.213 64.165 56.109 61.043 63.964 66.868 64.762 58.648 54.553 42.466 26.382 74.294 57.215 59.142 24.075 70.011 33.940 14.863 31.808 22.759 23.713 22.671 31.631 37.595 36.560 36.527 35.496 28.468 24.441 54.415 60.391 60.369 60.347 60.327 60.308 61.289 61.272 61.255
40.906 31.836 29.771 27.710 44.651 64.595 66.541 66.488 66.434 66.382 66.330 68.278 47.220 45.165 0.000 0.000 0.000 0.000 0.000 0.000 0.000 0.000 0.000 0.000 0.000 44.453 63.443 62.428 62.410 62.389 62.366 62.340 64.312 63.281 63.248 63.210 57.167 35.115 51.050 60.974 11.860 2.738 36.583 43.491 52.412 39.336 60.260 78.188 63.121 30.060 72.014 0.000 7.829 20.792 23.748 23.705 25.664 35.625 33.589 34.554 36.522 39.491 33.462 34.435 50.409 60.385 60.362 60.340 60.320 60.300 60.282 60.264 60.247
31.979 29.911 34.846 39.785 54.727 66.671 66.617 66.565 66.515 66.467 66.420 67.370 54.295 0.000 0.000 0.000 0.000 0.000 0.000 29.294 0.000 8.297 0.000 0.000 0.000 19.406 54.402 61.394 62.380 62.364 62.345 62.323 64.299 62.273 62.244 62.213 46.178 42.135 4.068 6.021 0.000 0.000 21.464 28.417 50.355 36.289 41.222 84.157 67.093 46.031 55.970 5.893 50.832 27.783 23.738 23.696 25.655 34.617 45.581 45.547 47.514 53.484 48.455 59.428 60.402 60.378 60.355 60.333 60.312 60.292 60.274 60.256 60.239
33.049 29.982 36.918 55.857 66.799 66.744 66.692 66.642 66.595 66.551 66.514 72.486 0.000 0.000 0.000 0.000 0.000 0.000 29.294 41.294 28.296 43.297 39.299 0.000 9.345 41.364 48.368 59.363 62.354 62.341 62.326 63.308 62.288 62.267 62.244 58.220 47.197 52.178 0.000 0.000 0.000 5.393 38.393 30.358 48.302 24.243 26.184 74.124 73.064 65.003 50.942 50.878 39.821 34.772 23.726 23.684 23.644 33.607 55.571 62.538 61.506 61.475 53.447 60.419 60.394 60.369 60.346 60.324 60.303 60.283 60.265 60.247 60.230
31.115 29.049 43.987 63.927 67.870 66.816 66.764 66.715 66.670 66.630 66.597 73.576 0.000 0.000 0.000 0.000 0.000 0.000 18.294 38.294 38.295 37.297 40.301 24.310 32.326 40.337 40.341 57.339 63.332 62.322 62.310 62.295 62.279 62.262 63.244 55.227 51.212 45.202 0.000 0.000 0.000 0.000 2.358 30.322 49.251 26.198 22.147 61.092 78.034 74.975 55.916 34.858 33.804 34.756 25.712 22.671 23.632 26.595 37.560 57.527 60.496 60.466 52.437 60.410 60.384 60.360 60.337 60.315 60.294 60.274 60.255 60.237 60.220
30.179 32.114 52.053 67.994 66.938 66.884 66.833 66.785 66.741 66.702 68.669 66.644 0.000 0.000 0.000 0.000 0.000 0.000 4.293 43.294 49.295 54.296 45.299 44.304 38.312 34.318 45.320 59.318 62.313 62.306 65.296 63.284 62.271 62.258 62.245 57.232 49.223 44.217 19.220 0.000 0.000 0.000 0.000 0.000 41.181 27.153 23.113 56.063 87.008 67.948 46.888 37.833 39.782 37.736 32.694 21.655 23.617 22.582 26.548 45.515 60.484 60.455 52.427 60.400 60.374 60.350 60.327 60.305 60.284 60.264 60.245 60.227 60.210
30.241 40.177 60.116 68.058 67.003 66.951 66.900 66.852 66.807 67.768 65.733 53.688 37.688 0.000 0.000 0.000 0.000 0.000 6.293 44.293 53.294 53.293 57.294 59.296 42.300 41.303 56.303 62.302 62.298 62.292 63.284 62.275 62.265 62.254 62.244 60.235 48.228 49.224 43.224 0.000 0.000 0.000 0.000 0.000 27.139 27.121 21.088 66.041 53.985 59.921 29.857 49.803 43.756 36.714 36.674 27.637 22.602 23.567 22.534 34.503 57.472 59.443 53.415 60.388 61.363 60.339 60.316 60.294 60.273 60.253 60.235 60.217 60.200
