results3/res_3e8f-0097.wd
ncols         241
nrows         181
xllcorner     12693529.787448
yllcorner     3542525.717860
cellsize      155.156523
NODATA_value  -9999.000000
[rows 132 to 164 of 181, columns 0 to 72 of 241]
93.668 98.668 102.667 102.667 104.665 104.664 98.662 89.660 75.658 64.655 63.652 64.648 63.644 62.639 67.634 81.628 92.621 97.613 97.604 94.593 86.580 77.564 68.546 62.522 67.491 69.455 68.413 69.367 67.327 62.291 76.256 99.222 66.195 0.000 0.000 0.000 5.822 57.814 69.808 66.781 68.759 74.743 92.736 78.733 62.733 61.736 61.740 73.745 94.752 35.757 8.763 3.779 0.000 0.000 0.000 0.000 0.000 0.000 0.000 0.000 0.000 0.000 0.000 0.000 25.547 5.468 9.389 50.287 73.140 77.037 76.927 87.011 114.475
71.673 73.673 76.672 82.671 92.670 98.669 103.667 103.665 96.662 82.659 71.656 65.652 69.648 76.643 89.638 104.631 103.624 100.616 100.607 103.596 103.583 99.567 87.549 75.527 67.500 62.470 63.437 62.402 63.369 71.340 93.313 101.292 13.278 0.000 0.000 0.000 15.830 43.838 61.871 70.864 71.845 68.822 69.818 79.814 74.811 67.807 71.802 79.799 92.796 33.792 19.786 25.795 5.804 0.000 0.000 0.000 0.000 0.000 0.000 0.000 0.000 0.000 0.000 0.000 7.627 0.000 57.413 79.332 75.210 84.179 75.240 114.601 103.358
63.678 63.677 63.677 65.676 70.675 74.673 81.672 90.670 98.667 101.664 95.661 93.657 95.652 98.648 97.642 90.636 81.629 79.621 79.611 84.600 90.588 97.573 100.556 99.536 88.514 78.489 73.462 71.434 80.409 96.386 97.366 83.353 16.346 0.000 0.000 0.000 0.000 0.000 44.972 71.958 50.934 38.885 53.898 68.896 83.889 87.878 89.865 90.851 86.840 13.831 0.809 28.810 25.813 13.816 19.816 13.817 0.000 0.000 0.000 0.000 0.000 0.000 41.853 11.800 77.706 99.638 132.489 88.459 83.509 64.463 100.525 105.037 104.941
64.683 64.683 64.682 64.681 63.680 62.679 64.677 69.675 75.672 85.669 95.666 97.662 90.658 80.653 74.647 66.641 62.634 62.626 62.617 64.607 69.595 75.582 82.566 94.549 99.530 101.509 100.487 96.465 99.445 92.428 74.414 66.406 45.409 3.433 0.000 0.000 0.000 0.000 38.088 71.064 14.046 0.000 46.995 71.984 90.969 98.951 84.928 87.902 73.881 31.867 0.000 55.824 24.821 16.818 27.817 27.817 0.000 0.000 0.000 0.000 0.000 28.962 47.906 120.844 149.764 132.643 116.194 115.137 106.805 105.443 105.316 105.181 70.404
64.688 64.688 64.688 64.687 64.686 64.684 64.683 63.681 63.678 66.675 72.672 71.668 67.663 63.658 63.653 63.647 64.640 64.633 64.625 64.615 63.604 62.592 64.578 70.563 77.547 86.530 94.512 90.495 79.479 67.466 63.456 68.450 76.450 52.456 30.459 30.442 16.404 17.339 53.227 74.165 24.141 6.149 66.102 98.077 100.054 79.028 81.994 80.949 68.915 57.890 8.865 36.840 10.830 0.000 11.817 0.000 1.487 0.000 0.000 0.000 0.000 10.020 72.963 78.880 74.865 76.021 73.993 105.782 105.676 105.563 72.758 75.535 77.404
64.694 64.694 64.693 64.693 64.692 64.690 64.689 64.687 64.684 64.681 63.678 63.674 63.669 64.664 64.659 64.654 64.648 64.641 64.633 64.625 64.615 64.604 64.592 63.579 62.565 63.551 67.537 65.523 64.511 68.501 71.493 70.487 68.485 70.484 70.479 67.463 67.432 71.385 46.316 32.228 21.203 39.204 84.187 98.166 78.142 71.113 70.070 49.986 45.938 8.914 0.000 0.000 0.000 1.778 0.000 0.000 5.487 20.461 35.412 5.343 19.257 82.105 89.088 87.157 85.141 86.219 105.982 105.884 87.010 93.800 86.652 92.423 84.263
64.700 64.700 64.700 64.699 64.698 64.697 64.695 64.693 64.691 64.688 64.685 64.681 64.676 64.671 64.666 64.661 64.656 64.650 64.643 63.635 70.626 72.617 64.607 63.596 62.584 63.573 65.561 68.551 71.541 70.533 65.527 66.522 73.519 76.516 72.510 66.497 63.477 72.451 3.425 0.000 6.240 79.276 88.275 75.260 67.237 87.210 33.188 0.000 0.000 0.000 0.777 0.777 0.778 1.778 0.000 0.000 30.514 72.483 101.434 62.367 95.247 103.401 100.360 99.448 106.255 106.168 106.077 99.099 100.974 100.672 99.531 98.462 16.376
64.707 64.706 64.706 64.705 64.705 64.703 64.702 64.700 64.698 64.696 67.692 67.688 65.683 69.677 67.673 64.669 64.664 64.659 63.653 61.647 72.639 80.631 66.622 63.613 65.603 68.594 70.585 69.577 66.569 68.564 73.559 75.556 76.553 76.551 71.547 65.539 74.529 93.518 12.509 0.000 0.000 53.386 76.379 73.361 77.335 97.304 31.283 0.000 0.776 0.776 0.776 0.777 0.778 2.779 0.000 28.627 80.575 96.520 99.448 104.444 101.607 98.595 106.494 106.418 106.339 98.414 99.198 100.070 99.750 99.721 92.651 69.557 0.000
64.713 64.713 64.713 64.712 64.711 64.710 64.709 64.708 64.706 65.704 72.701 72.697 49.692 17.683 38.678 68.677 62.674 65.670 71.665 74.659 74.652 70.645 66.638 67.630 70.622 69.615 68.608 70.602 74.597 74.593 76.590 75.589 66.588 61.587 63.586 76.585 95.583 105.582 27.583 0.000 0.000 28.504 84.492 86.471 93.437 92.387 28.358 0.000 0.776 0.000 0.000 0.776 0.000 6.779 32.747 76.688 98.604 101.617 100.703 100.704 99.795 106.638 106.567 98.623 99.423 100.284 100.069 99.924 99.880 91.812 83.770 0.000 0.000
64.720 64.720 64.720 64.719 64.719 64.718 64.717 64.716 64.714 66.712 75.710 86.707 62.704 0.000 5.682 53.686 79.684 71.681 69.677 69.672 67.666 66.660 68.654 70.647 68.641 64.635 66.630 78.626 80.623 70.621 64.620 61.621 61.622 66.624 80.627 96.630 93.635 77.643 49.658 17.694 11.689 55.634 84.613 66.595 57.556 49.449 14.403 0.000 0.000 19.775 10.775 0.776 0.000 25.813 76.780 98.691 100.883 99.873 99.980 106.838 106.774 106.707 98.687 100.571 100.283 100.156 100.100 100.026 93.950 80.886 70.849 0.000 0.000
64.727 64.727 64.727 64.726 64.726 64.725 64.725 64.724 64.723 66.721 76.719 63.717 19.714 1.721 0.000 21.700 75.697 67.694 69.690 68.685 66.680 69.675 70.670 67.665 64.660 60.655 70.651 84.649 71.647 61.648 62.649 67.652 77.656 88.661 99.667 92.675 70.684 65.697 84.714 91.734 92.739 96.730 71.732 32.739 4.744 0.000 0.000 0.000 0.000 32.775 19.775 0.008 30.925 76.856 98.871 101.056 100.071 107.015 106.959 106.900 98.959 99.757 100.645 100.343 100.327 100.267 100.191 101.098 89.017 59.931 48.890 6.890 0.889
63.735 63.734 64.734 64.733 64.733 64.733 64.733 64.732 64.731 67.730 77.730 48.729 0.000 7.728 45.726 47.716 64.711 66.707 54.703 36.699 74.695 69.691 65.686 64.682 62.678 64.674 80.672 83.670 65.671 68.673 80.677 89.682 98.688 96.696 84.706 70.717 63.731 79.747 83.767 71.788 52.805 50.815 38.847 18.884 7.938 2.096 0.318 20.389 15.390 0.000 0.000 25.011 77.027 100.124 101.140 99.248 107.121 107.069 99.126 99.936 100.813 100.619 100.496 100.472 100.419 100.367 103.296 67.161 47.089 0.000 0.000 0.000 0.000
72.742 70.742 67.741 65.741 62.741 62.741 62.741 62.741 61.740 66.740 78.739 61.740 42.742 50.737 68.734 64.728 61.724 67.720 62.717 49.713 69.709 63.706 62.702 62.699 64.695 78.693 86.691 52.690 44.692 94.697 99.703 94.711 83.720 73.730 65.742 61.757 72.774 84.794 52.818 27.845 10.876 1.914 18.955 18.012 8.092 9.214 12.334 40.392 24.391 0.000 0.000 57.262 99.288 98.406 107.270 107.222 107.173 99.165 101.057 100.781 100.673 100.642 102.598 97.546 99.516 100.488 111.465 0.000 0.000 0.000 0.000 0.000 0.000
73.751 75.749 81.747 82.747 82.748 79.749 80.749 79.750 78.749 78.749 80.749 63.749 67.748 66.746 63.743 66.740 66.736 65.733 70.730 72.727 66.724 60.721 62.718 64.715 78.713 83.710 72.708 66.708 75.712 98.718 81.728 72.738 64.750 62.762 64.777 63.794 77.814 86.838 50.866 26.900 14.941 16.993 20.047 12.118 13.204 19.304 21.397 14.454 0.000 0.000 35.497 77.506 107.401 107.359 107.316 99.403 100.207 101.104 100.812 100.808 101.765 101.718 74.673 52.610 87.609 101.603 106.612 46.671 0.000 0.000 0.000 0.000 0.000
66.760 60.758 13.753 15.752 24.756 71.758 68.758 68.759 68.758 72.758 81.758 62.757 63.757 62.755 65.753 69.751 70.748 68.746 67.743 70.741 71.739 68.737 62.735 79.732 85.729 76.726 82.724 99.723 96.727 78.737 66.752 62.765 64.778 64.793 63.809 68.828 84.851 86.878 78.909 81.947 52.994 15.053 7.123 6.208 18.302 25.402 15.497 12.574 4.600 30.713 78.686 107.477 107.440 99.548 100.357 101.241 101.054 100.939 100.923 101.875 99.833 93.792 18.771 0.000 69.707 104.703 101.710 100.730 0.000 0.000 0.000 0.000 0.000
64.771 56.771 0.000 0.000 6.767 67.768 63.768 63.768 63.768 67.768 81.767 59.767 63.766 67.765 69.764 70.762 67.760 64.758 62.757 64.755 74.754 87.752 82.751 83.749 60.747 54.742 106.736 92.734 59.738 19.751 39.777 67.793 64.806 64.821 66.837 59.858 43.884 33.913 45.946 85.985 62.035 15.100 10.185 5.289 14.394 19.505 13.619 18.716 18.804 56.868 107.533 98.741 102.478 101.381 101.194 101.084 101.060 101.023 101.981 101.943 66.903 42.847 28.846 31.852 82.808 103.793 99.794 90.809 8.844 0.000 0.000 0.000 0.000
64.782 64.784 47.789 0.000 7.777 68.777 64.778 64.777 63.777 64.777 79.777 66.776 69.776 71.775 70.774 65.773 62.772 63.771 63.770 62.769 72.769 95.768 91.768 78.767 71.765 62.761 38.745 27.739 14.738 0.000 20.814 69.822 64.833 66.847 49.863 23.882 8.914 5.943 47.976 65.014 34.060 6.129 9.227 14.368 21.480 17.604 11.756 4.911 8.248 56.120 107.603 101.629 101.389 101.210 101.195 101.159 101.118 101.080 99.044 90.013 22.989 0.000 39.914 98.903 103.881 101.867 95.863 85.868 3.879 0.000 0.000 0.000 0.000
61.792 63.793 60.794 0.000 3.788 68.787 63.787 61.787 63.787 67.787 71.786 70.786 70.786 68.785 62.785 63.785 63.784 64.784 64.783 69.783 87.783 86.784 79.785 88.786 86.787 57.789 0.000 0.000 0.000 0.000 18.842 69.848 64.858 67.871 38.885 0.914 34.946 60.971 81.001 50.034 2.062 0.000 0.000 3.477 13.554 13.679 13.858 8.222 5.327 107.801 107.704 100.537 101.382 101.282 101.248 101.209 101.172 103.136 88.103 71.074 31.051 7.041 54.992 84.965 93.945 102.931 91.924 80.923 2.925 0.000 0.000 0.000 0.000
68.800 66.801 55.802 0.000 54.798 62.798 64.797 68.797 69.797 70.796 68.796 69.796 67.796 63.796 63.796 64.796 64.796 63.796 65.796 88.797 87.798 69.799 82.801 80.804 84.810 82.819 45.841 1.855 10.864 40.868 45.865 65.870 64.880 64.894 59.913 51.941 68.965 67.992 62.024 84.059 32.091 0.000 0.000 7.508 12.580 10.693 11.839 36.052 60.491 107.890 102.870 102.613 102.353 101.339 101.299 101.262 102.225 100.190 55.158 32.128 44.102 45.079 99.048 101.022 81.002 90.987 85.978 58.974 23.973 0.000 0.000 0.000 0.000
69.808 70.809 67.810 55.812 69.809 69.808 69.807 70.807 70.807 71.806 83.806 65.805 63.806 63.807 64.807 64.807 64.808 65.808 79.809 90.810 65.812 69.814 96.817 88.821 76.827 79.836 82.849 66.860 71.869 86.875 79.879 67.886 60.897 60.912 71.931 87.954 74.980 47.009 19.044 74.089 63.152 12.257 15.360 20.468 16.564 7.678 9.769 51.067 103.318 107.972 99.850 102.499 103.427 101.388 101.350 101.313 94.277 84.242 41.209 12.179 21.151 22.125 83.098 125.074 106.054 82.039 74.028 53.022 62.019 15.019 0.000 1.195 5.195
74.815 74.816 70.817 70.818 70.817 71.817 71.817 67.816 64.816 63.816 26.816 16.814 67.816 64.817 64.818 64.819 63.819 66.820 90.822 76.823 61.825 67.828 84.831 101.836 96.842 93.850 91.859 87.868 83.876 82.884 90.891 87.899 81.911 77.926 80.944 84.966 46.992 11.021 10.055 26.099 22.170 7.261 16.353 26.439 22.533 13.654 6.814 50.059 108.124 108.050 102.746 104.586 101.473 101.439 102.400 98.363 82.326 75.292 81.259 87.228 71.198 93.171 108.145 125.121 134.101 118.085 80.074 85.066 60.063 0.000 0.000 0.000 0.000
13.822 14.824 74.824 69.826 69.826 64.826 61.826 63.826 58.826 11.827 11.827 0.827 68.828 64.829 64.829 64.830 64.831 82.832 89.834 62.836 64.838 64.841 67.845 73.849 75.855 75.862 71.870 74.877 90.885 83.892 74.900 77.910 84.922 88.936 91.954 88.975 63.999 29.027 12.057 11.081 0.000 0.293 11.354 20.404 4.468 0.000 19.991 80.230 108.196 100.095 103.814 103.550 101.532 101.488 102.449 97.411 84.375 50.340 57.306 100.274 111.244 143.216 134.189 106.165 94.145 111.128 90.115 84.107 59.103 0.000 0.000 0.000 0.000
0.835 9.834 23.831 78.834 63.835 61.835 63.836 63.836 64.836 11.837 2.838 57.841 65.840 64.840 64.840 64.841 66.842 90.844 75.846 61.848 64.850 64.853 64.857 63.862 63.867 63.873 62.880 69.887 98.894 77.901 8.908 16.917 28.931 79.944 89.960 73.979 79.003 66.033 18.063 15.086 0.191 5.265 18.307 10.355 0.000 0.000 38.141 108.334 108.265 102.977 104.713 100.619 101.579 101.537 101.497 101.459 88.422 51.386 66.352 103.319 99.288 133.259 128.231 97.206 102.184 88.166 69.152 87.143 65.140 0.000 0.000 0.000 0.000
62.849 58.846 0.000 70.845 80.845 81.845 62.845 74.845 81.846 57.847 55.848 65.849 64.850 64.850 64.851 64.852 83.853 87.855 62.857 64.859 63.862 62.865 64.869 64.873 64.878 64.884 63.890 71.896 100.902 81.909 27.915 0.926 51.939 76.949 89.963 68.980 59.002 18.037 11.077 14.114 12.168 20.223 24.253 0.000 0.000 17.080 79.315 108.400 100.240 103.955 103.695 101.671 101.626 101.584 101.544 102.505 93.467 82.431 105.396 130.362 118.330 135.300 132.271 126.244 133.220 99.200 76.184 86.175 94.172 23.183 0.000 0.000 0.000
64.856 63.856 58.858 64.855 63.854 11.854 85.854 77.855 64.855 65.856 65.857 64.859 64.859 64.860 64.862 67.863 90.864 73.866 63.868 64.870 70.873 78.877 64.880 62.885 64.889 63.894 66.899 90.905 98.911 73.917 61.924 49.934 71.942 70.951 31.962 16.974 13.988 0.000 3.094 3.125 4.166 5.206 7.230 0.000 20.190 77.311 99.453 108.465 101.202 101.840 101.760 101.715 101.672 101.630 101.589 102.550 93.511 76.474 72.439 105.404 95.371 109.339 112.308 100.279 102.253 74.230 51.211 65.198 132.192 85.193 20.196 10.196 32.196
64.864 64.864 64.864 64.863 64.863 58.863 74.863 90.864 66.865 63.866 64.867 64.868 64.869 64.871 63.872 86.873 88.875 62.877 64.879 65.881 62.884 24.888 83.891 78.895 65.899 63.904 81.909 100.914 84.919 64.925 64.931 65.938 68.945 72.952 9.960 10.967 0.000 0.069 15.080 0.000 0.000 0.000 0.000 0.000 43.335 100.468 108.588 108.527 101.089 101.918 101.799 101.761 101.716 101.674 101.633 100.593 85.554 87.517 107.480 126.445 125.410 130.377 135.344 122.313 120.282 107.254 56.231 54.215 130.206 94.201 32.198 25.197 90.197
64.871 64.871 64.871 64.871 64.871 64.872 64.872 75.873 90.874 66.875 63.876 64.878 64.879 62.881 70.882 91.884 71.886 63.887 65.889 63.891 5.895 2.898 71.902 72.906 78.910 77.914 85.918 84.922 65.927 63.932 65.937 68.942 73.947 73.950 0.000 0.000 0.000 2.063 26.066 13.062 14.060 13.060 0.000 4.611 51.667 105.703 108.647 100.435 102.141 101.874 101.851 101.803 101.759 101.717 101.676 101.636 87.597 83.558 104.521 105.484 105.449 108.413 108.379 107.344 112.309 85.274 61.245 76.226 91.214 30.208 0.000 0.000 34.197
64.878 66.878 66.878 64.879 64.879 64.880 64.881 64.882 75.883 90.884 66.886 61.887 61.889 78.891 90.893 84.894 61.896 64.898 60.899 6.898 3.905 57.910 64.913 64.916 70.920 87.923 87.927 80.930 73.934 65.939 52.943 22.947 87.950 67.952 0.000 0.000 0.000 1.057 15.059 8.059 22.059 11.059 0.000 4.846 24.893 108.763 108.706 101.303 102.032 101.935 101.890 101.845 101.801 101.759 101.717 102.677 97.638 87.599 82.561 81.523 81.486 81.450 81.414 85.377 59.337 3.287 29.249 85.229 81.217 42.209 4.206 0.000 33.197
65.886 2.886 3.883 64.886 63.888 62.889 62.890 61.891 61.892 74.893 89.895 82.897 89.899 91.901 78.903 62.905 69.907 69.909 57.911 0.000 5.919 68.921 64.924 66.926 90.929 97.932 75.935 66.939 73.942 80.945 68.949 4.952 47.955 65.956 0.000 0.000 0.000 2.049 8.053 5.056 19.058 0.000 0.000 5.060 10.420 108.819 106.562 102.266 102.005 101.978 101.930 101.885 101.842 101.799 101.758 101.718 102.678 101.639 99.600 98.562 98.523 99.486 101.449 75.412 17.374 0.000 14.237 70.224 101.214 92.207 65.202 41.198 58.197
64.895 63.895 0.000 63.896 74.897 78.897 82.898 87.899 90.901 91.902 91.904 91.906 77.908 64.911 80.913 97.916 98.918 98.921 91.925 69.932 4.931 65.932 63.934 72.937 100.939 87.942 64.944 63.947 65.950 68.952 59.955 4.958 24.960 24.962 0.000 0.000 0.000 8.041 3.047 0.000 2.058 0.000 12.994 14.371 5.649 108.873 110.510 106.143 102.061 102.014 101.968 101.924 101.881 101.839 101.798 101.758 101.718 101.679 101.640 101.600 102.559 105.522 77.485 10.449 0.000 0.000 0.000 15.216 71.209 102.202 93.198 69.196 46.196
64.903 66.904 62.907 64.905 79.905 78.906 74.906 70.908 69.909 65.911 86.913 76.916 87.918 78.921 94.923 90.926 83.929 84.932 95.935 101.939 90.941 91.943 83.945 91.947 99.949 72.951 63.953 64.955 64.957 63.959 63.961 65.964 60.966 9.970 69.977 60.982 0.005 2.027 0.000 0.000 0.000 3.753 81.862 79.082 108.969 108.922 104.388 105.211 102.091 102.051 102.005 101.961 101.919 101.877 101.837 101.797 101.758 101.719 101.679 103.638 108.593 77.556 17.520 0.000 0.000 0.000 0.000 0.000 12.202 63.195 98.192 48.190 0.000
66.911 2.910 61.913 64.913 64.913 64.914 63.915 64.915 66.917 64.920 76.922 71.925 80.928 91.930 79.933 64.936 65.939 66.942 67.946 72.949 85.951 95.954 101.955 99.957 88.959 64.960 64.961 64.963 64.965 64.966 65.968 88.969 61.971 1.974 65.980 15.988 10.001 3.014 0.000 0.000 0.000 13.675 101.885 104.081 109.013 102.727 102.425 102.158 102.134 102.085 102.041 101.998 101.956 101.915 101.875 101.836 101.797 101.759 103.721 88.680 42.620 9.588 0.000 0.000 0.000 0.000 0.000 0.000 0.000 34.185 96.184 48.183 0.000
67.919 0.920 61.920 64.921 64.921 64.922 64.923 65.923 3.923 63.928 67.932 78.934 78.937 86.940 91.943 77.946 62.950 62.953 62.956 64.960 66.962 67.964 68.966 68.967 67.968 66.969 62.970 62.971 63.972 64.973 75.974 89.974 60.976 54.977 56.979 0.000 0.000 3.014 0.000 0.000 0.000 17.698 100.807 109.096 109.055 101.583 102.307 102.210 102.164 102.119 102.075 102.033 101.992 101.952 101.913 101.874 101.837 101.800 106.766 62.739 0.000 0.000 0.000 0.000 0.000 0.000 0.000 0.000 0.000 37.177 97.176 56.175 0.000
