results3/res_3e8f-0170.wd
ncols         241
nrows         181
xllcorner     12693529.787448
yllcorner     3542525.717860
cellsize      155.156523
NODATA_value  -9999.000000
[rows 99 to 131 of 181, columns 0 to 72 of 241]
0.000 0.000 0.000 0.000 0.000 60.988 100.988 102.988 93.987 88.987 0.000 0.000 0.000 0.000 0.000 2.985 1.985 68.985 65.985 0.000 0.000 1.984 4.984 63.984 62.984 3.984 0.000 0.000 0.000 10.904 0.000 0.000 0.000 0.000 16.762 62.759 58.749 57.732 58.708 59.682 72.653 61.622 65.587 57.549 59.508 57.463 58.416 63.366 64.313 62.259 66.203 59.146 59.088 61.028 63.965 77.896 78.836 63.789 49.746 0.000 0.000 0.000 0.000 0.000 27.803 82.798 79.787 66.769 41.746 36.722 80.699 57.676 59.653
0.000 0.000 0.000 0.000 0.000 61.988 101.988 101.988 0.000 0.000 0.000 0.000 0.000 0.000 0.000 1.985 13.985 79.985 68.985 6.985 3.985 3.984 66.984 65.984 69.984 0.984 0.000 0.000 0.000 68.904 60.904 0.000 0.000 0.000 75.805 85.799 71.790 64.777 58.758 60.736 79.709 64.680 70.646 70.609 61.568 76.523 68.475 69.424 59.370 67.315 67.257 65.200 59.141 60.083 64.019 60.926 22.863 12.826 0.000 0.000 0.000 0.000 0.000 30.820 67.814 79.809 86.801 76.789 52.773 53.756 67.739 58.720 59.701
6.989 0.000 0.000 0.000 0.000 48.988 97.988 106.988 16.988 0.000 0.000 0.000 0.000 0.000 0.000 0.985 2.985 86.985 67.985 68.985 70.985 67.984 64.984 65.984 63.984 1.984 0.000 0.000 0.000 61.904 61.904 62.902 61.894 61.879 60.853 70.844 79.836 26.826 90.812 80.793 85.770 70.741 15.709 86.672 84.631 83.586 87.537 76.485 59.430 62.372 67.313 67.254 64.196 60.144 49.104 0.000 0.000 0.000 0.000 0.000 0.000 0.000 0.000 40.825 67.825 67.823 78.818 77.811 60.802 60.791 59.779 59.765 59.749
74.989 77.989 9.989 0.000 0.000 58.988 97.988 102.988 112.988 17.988 0.000 0.000 0.000 0.000 8.986 8.985 6.985 23.985 71.985 68.985 86.985 100.985 75.984 60.984 0.000 0.000 0.000 0.000 0.000 0.000 60.906 61.908 61.900 61.891 61.884 60.886 60.885 59.880 60.870 65.855 77.834 71.808 14.776 86.739 87.698 65.652 72.603 89.549 83.492 70.431 60.369 66.306 67.244 70.193 55.149 0.000 0.000 0.000 0.000 0.000 0.000 0.000 0.000 2.831 18.837 64.839 61.838 61.836 59.833 59.828 59.821 59.812 59.800
88.989 71.989 71.989 73.989 75.989 94.989 102.988 102.988 102.988 104.988 78.988 17.987 0.987 66.986 73.986 74.986 36.985 31.985 94.985 102.985 97.985 93.985 76.984 0.984 0.000 0.000 0.000 0.000 0.000 0.000 0.000 61.923 60.908 59.902 60.906 61.931 61.939 61.939 61.934 62.923 81.905 76.880 59.848 61.811 72.769 83.723 60.673 72.618 73.557 66.491 86.426 69.358 61.279 2.236 0.000 0.000 0.000 0.000 0.000 0.000 0.000 0.000 0.000 0.000 10.855 64.857 59.859 59.863 59.866 59.867 59.866 57.861 55.853
103.990 93.989 74.989 78.989 96.989 102.989 102.989 102.988 102.988 97.988 69.988 75.987 3.987 57.986 92.986 100.986 100.985 84.985 99.985 106.985 16.985 0.000 0.000 0.000 0.000 0.000 0.000 0.000 0.000 0.000 0.000 61.953 0.000 0.000 0.000 62.994 61.999 62.004 62.004 62.998 78.982 83.958 60.926 61.888 61.845 79.798 80.747 58.691 66.627 85.551 77.486 55.422 0.000 0.000 0.000 0.000 0.000 0.000 0.000 0.000 0.000 0.000 0.000 0.000 7.870 64.874 59.880 59.890 59.900 58.908 57.913 62.914 63.911
103.990 103.990 98.990 101.989 102.989 102.989 102.989 102.989 102.988 98.988 73.988 90.988 0.000 0.000 70.986 94.986 102.986 103.985 102.985 107.985 10.985 0.000 0.000 0.000 0.000 0.000 0.000 0.000 0.000 0.000 0.000 61.983 1.013 1.036 64.053 62.051 62.060 62.073 62.082 62.081 79.068 84.044 61.010 61.969 61.925 62.877 83.827 77.773 84.708 74.601 55.543 0.000 0.000 0.000 0.000 0.000 0.000 0.000 0.000 0.000 0.000 0.000 0.000 0.000 62.883 59.888 59.898 59.915 59.938 58.954 60.964 64.970 65.973
101.990 102.990 102.990 102.990 102.989 102.989 102.989 102.989 102.988 103.988 98.988 105.988 29.987 8.987 58.986 77.986 100.986 102.985 103.985 91.985 5.985 0.000 0.000 0.000 0.000 0.000 0.000 0.000 0.000 0.000 0.000 56.002 61.020 61.041 60.063 62.096 62.119 62.145 62.169 62.177 79.166 84.139 61.100 62.055 62.007 61.959 66.911 89.867 69.831 0.000 0.000 0.000 0.000 0.000 0.000 0.000 0.000 0.000 0.000 0.000 0.000 0.000 0.000 0.000 15.890 66.897 62.909 63.935 61.982 58.004 65.019 66.031 64.041
98.990 103.990 102.990 102.990 102.990 102.989 102.989 102.989 102.989 102.988 103.988 96.988 80.987 71.987 65.986 92.986 102.986 102.985 107.985 10.985 0.000 0.000 0.000 0.000 0.000 0.000 0.000 0.000 0.000 0.000 0.000 0.000 0.000 0.000 0.000 62.151 62.175 62.218 62.272 62.292 78.280 85.245 62.197 62.143 62.090 62.039 61.993 67.952 20.919 0.000 0.000 0.000 0.000 0.000 0.000 0.000 0.000 0.000 0.000 0.000 0.000 0.000 0.000 0.000 0.000 3.901 1.905 0.000 8.052 67.062 65.076 66.093 63.113
98.990 103.990 102.990 102.990 102.990 102.990 102.989 102.989 102.989 102.989 103.988 88.988 67.987 66.987 75.986 99.986 102.986 102.985 108.985 13.985 4.985 0.000 0.000 0.000 0.000 0.000 0.000 0.000 0.000 0.000 0.000 0.000 0.000 0.000 0.000 58.182 62.212 59.280 62.411 62.438 81.416 85.366 62.300 62.232 62.169 62.115 62.069 59.028 8.973 0.000 0.000 0.000 0.000 0.000 0.000 0.000 0.000 0.000 0.000 0.000 0.000 59.196 0.000 0.000 0.000 0.000 0.000 1.137 63.111 64.115 66.130 66.154 63.185
101.991 102.991 102.991 102.990 102.990 102.990 102.990 102.989 102.989 102.989 102.988 99.988 76.987 77.987 94.986 101.986 102.985 102.985 109.985 26.985 0.000 0.000 0.000 0.000 0.000 0.000 0.000 0.000 0.000 0.000 0.000 0.000 0.000 0.000 0.000 0.000 58.212 0.000 61.651 62.633 90.582 77.501 62.405 62.314 62.240 75.183 65.142 60.117 0.000 0.000 0.000 0.000 0.000 0.000 0.000 0.000 0.000 0.000 0.000 0.000 11.196 70.196 55.196 0.000 0.000 0.000 1.175 64.163 67.153 66.158 63.176 59.206 59.251
102.991 102.991 102.991 102.991 102.991 102.990 102.990 102.990 102.989 102.989 102.989 102.988 104.987 104.987 103.986 102.986 102.985 104.985 93.985 36.985 0.000 0.000 0.000 0.000 0.000 0.000 0.000 0.000 0.000 0.000 0.000 0.000 0.000 0.000 0.000 0.000 0.000 0.000 61.910 62.863 96.776 65.652 62.504 62.381 74.294 83.235 62.198 62.182 61.198 0.000 0.000 0.000 0.000 0.000 0.000 0.000 0.000 0.000 0.000 0.000 0.000 66.196 67.196 54.196 1.194 60.191 62.186 66.180 65.180 63.188 62.209 58.243 66.299
101.992 100.992 102.991 102.991 102.991 102.991 102.991 102.990 102.990 102.989 102.989 102.988 102.988 102.987 102.986 102.986 103.985 86.985 14.984 5.984 63.984 77.984 23.984 0.000 0.000 4.983 0.000 0.000 0.000 0.000 0.000 0.000 0.000 0.000 0.000 3.962 3.938 0.778 58.217 69.131 92.008 62.825 59.580 62.410 62.320 62.265 62.231 62.215 62.214 59.214 0.000 0.000 0.000 0.000 0.000 0.000 0.000 0.000 0.000 0.000 0.196 61.196 57.196 63.196 58.195 66.194 66.193 65.193 61.197 64.207 59.227 58.259 58.315
91.992 91.992 100.992 102.992 102.992 102.991 102.991 102.991 102.990 102.990 102.989 103.988 104.988 102.987 102.986 102.985 102.985 24.984 8.984 63.984 73.984 83.984 82.983 75.983 67.983 8.983 0.000 0.000 0.000 0.000 0.000 0.000 0.000 0.000 4.005 62.987 65.938 65.814 62.575 61.438 70.299 58.062 0.000 58.361 62.311 62.274 62.248 62.234 61.229 0.000 0.000 0.000 0.000 0.000 0.000 0.000 63.197 74.197 0.000 0.000 62.197 60.197 60.197 57.197 65.197 66.197 66.198 63.201 66.207 66.217 64.232 59.253 48.274
73.992 78.993 97.993 103.993 102.992 102.992 102.992 102.991 102.991 102.990 104.990 90.989 86.988 101.987 106.986 103.985 98.984 80.984 83.983 89.983 83.983 84.983 63.983 56.983 2.983 0.000 0.000 0.000 0.000 0.000 0.000 0.000 0.960 0.000 54.023 60.041 63.013 62.940 62.830 62.746 64.688 0.000 0.000 0.000 57.291 62.270 62.254 62.243 62.238 0.238 0.000 0.000 0.000 0.000 0.000 23.197 80.197 62.197 60.197 60.197 60.197 60.197 58.197 63.198 66.198 66.200 62.202 66.207 66.213 65.222 59.233 60.245 50.255
57.993 72.993 91.993 104.993 105.993 105.993 103.992 102.992 103.991 102.991 103.990 41.989 12.988 60.987 78.986 99.985 106.984 104.983 104.983 90.983 13.983 0.000 0.000 0.000 0.000 0.000 0.000 0.000 0.000 8.960 10.960 0.960 0.960 0.960 0.000 59.143 63.133 61.103 62.059 64.028 65.019 0.000 0.000 0.000 0.000 55.262 62.253 62.247 59.243 0.000 0.000 0.000 0.000 0.000 0.000 0.000 22.197 76.197 59.197 59.197 60.197 59.197 59.197 65.198 66.199 64.201 52.204 5.209 70.218 64.225 64.233 64.240 50.245
21.993 43.993 76.994 82.994 76.994 78.994 95.993 103.993 99.992 92.991 91.991 26.990 0.000 0.000 0.000 36.984 71.983 97.982 104.981 1.982 0.000 0.000 0.000 0.000 0.000 0.000 0.000 0.000 0.000 50.960 71.960 16.960 1.960 0.960 0.000 59.254 65.275 64.279 73.276 74.287 64.341 9.498 0.000 0.000 0.000 0.000 59.251 60.249 0.000 0.000 0.000 0.000 0.000 0.000 0.000 0.000 0.000 81.197 84.197 64.197 58.197 56.197 66.198 66.198 61.198 0.000 0.000 0.000 11.223 69.228 66.233 66.237 56.240
0.000 0.000 57.996 66.996 18.995 4.995 67.994 96.994 87.993 83.992 97.991 64.991 24.990 0.000 0.000 0.000 0.000 42.980 73.979 0.000 0.000 0.000 0.000 0.000 0.000 0.000 0.000 0.000 0.000 0.000 55.960 73.960 4.960 0.000 0.000 50.343 64.433 62.461 92.477 85.505 63.560 65.655 11.759 0.000 0.000 0.000 54.251 0.000 0.000 0.000 0.000 0.000 0.000 0.000 0.000 0.000 0.000 0.000 69.197 86.197 71.197 65.197 66.197 61.198 0.000 0.000 0.000 0.000 0.000 61.231 66.233 66.235 61.237
0.000 0.000 53.997 98.997 55.997 4.996 56.995 88.994 90.994 101.993 103.992 106.991 112.990 51.988 20.987 0.000 0.000 0.000 13.974 8.971 0.000 1.956 0.000 0.000 0.000 0.000 0.000 0.000 0.000 0.000 56.960 71.960 1.960 8.961 12.961 0.000 57.653 65.656 95.668 77.694 65.740 64.804 69.864 0.000 0.000 0.000 0.000 0.000 0.000 0.000 0.000 0.000 0.000 0.000 0.000 0.000 0.000 0.000 0.000 7.197 74.197 64.197 62.197 0.000 0.000 0.000 0.000 0.232 60.232 59.232 61.233 55.234 0.000
27.001 42.001 75.999 93.999 101.998 70.997 83.996 106.996 103.995 102.993 102.992 102.991 102.989 108.988 111.985 67.982 26.979 8.976 71.973 85.969 78.962 80.956 36.950 12.944 9.940 0.000 0.000 0.000 0.000 0.000 35.960 57.960 63.960 63.961 66.961 25.961 58.869 87.843 89.844 66.864 64.901 64.956 68.027 13.145 8.196 0.000 0.000 0.000 0.000 0.000 0.000 0.000 0.000 0.000 0.000 0.000 0.000 0.000 0.000 0.000 0.197 0.197 8.197 0.000 0.000 0.000 0.000 62.232 57.232 55.232 0.000 0.000 0.000
100.002 103.002 103.001 101.000 98.999 99.999 101.998 101.997 102.996 103.994 103.993 102.991 95.990 99.988 102.985 106.982 110.979 111.976 103.972 99.968 96.962 91.956 93.949 86.942 42.936 20.929 0.000 0.000 0.000 0.000 0.000 0.000 0.000 0.000 0.000 83.053 72.021 101.002 92.001 79.016 66.046 65.090 65.146 69.210 65.248 0.000 0.000 0.000 0.000 0.000 0.000 0.000 0.000 0.000 0.000 0.000 0.000 0.000 0.000 0.000 0.000 0.000 0.000 0.000 0.000 0.000 0.000 0.000 0.000 0.000 0.000 0.000 0.000
103.003 98.003 96.002 95.002 89.001 86.000 86.999 86.998 92.997 97.995 97.994 90.992 74.990 89.988 102.986 102.983 102.980 102.976 102.973 102.968 103.963 103.956 106.949 107.941 107.932 107.922 46.910 0.000 0.000 0.000 0.000 0.000 0.000 0.000 0.000 55.177 81.159 86.144 70.142 87.153 75.177 65.213 65.256 68.303 11.337 0.000 0.612 0.620 0.000 0.000 0.000 0.000 0.000 0.000 0.000 0.000 0.000 0.000 0.000 0.000 0.000 0.000 0.000 0.000 0.000 0.000 0.000 0.000 0.000 0.000 0.000 0.000 0.000
73.005 46.004 68.004 82.003 80.002 60.001 45.000 40.999 60.998 77.996 76.995 69.993 64.991 74.989 95.986 103.983 102.980 102.977 102.974 102.969 102.964 106.958 81.949 69.940 68.930 72.917 75.899 14.869 3.840 0.513 0.344 0.000 0.000 0.000 0.000 53.318 89.295 72.274 64.269 74.277 85.297 69.327 65.364 65.407 71.461 15.553 9.603 1.628 0.646 6.646 4.646 0.000 0.000 0.000 0.000 0.000 0.000 0.000 0.000 0.000 0.000 0.000 0.000 0.000 0.000 0.000 0.000 0.000 0.000 0.000 0.000 0.000 0.000
63.006 34.006 56.006 71.005 67.004 44.003 30.002 34.001 53.999 67.998 65.996 65.994 66.992 64.990 83.987 100.984 102.981 102.978 102.975 102.971 101.967 64.963 0.000 0.000 0.000 0.000 0.000 0.000 0.000 59.718 79.706 31.689 17.671 13.645 60.591 77.483 94.427 71.388 65.382 63.390 80.408 82.433 68.465 65.502 65.545 68.595 77.630 15.650 10.663 0.000 19.646 0.000 0.000 0.000 0.000 0.000 0.000 0.000 0.000 0.000 0.000 0.000 0.000 0.000 0.000 0.000 0.000 0.000 0.000 0.000 0.000 0.000 0.000
76.008 72.008 67.007 66.007 67.006 69.005 70.004 73.003 72.001 67.999 66.997 66.995 66.993 65.991 72.988 94.985 103.983 102.980 104.977 76.974 42.971 0.000 0.000 0.000 0.000 0.000 0.000 0.000 0.000 24.710 46.702 49.690 53.678 67.674 64.646 85.594 82.544 56.471 63.480 65.492 67.511 80.534 72.561 67.591 65.622 64.652 81.671 72.678 66.679 0.000 0.000 0.000 0.000 0.000 0.000 0.000 0.000 0.000 0.000 0.000 0.000 0.000 0.000 0.000 0.000 0.000 0.000 0.000 0.000 0.000 0.000 0.000 0.000
66.010 67.010 67.010 67.009 67.008 67.007 67.006 67.004 67.003 67.001 66.999 66.997 66.994 66.992 64.989 85.987 102.984 104.981 100.979 26.977 0.000 0.000 0.000 0.000 0.000 0.000 0.000 0.000 0.000 0.000 0.000 0.000 0.000 51.728 68.723 94.703 68.684 0.000 51.575 66.589 64.608 68.631 69.654 78.679 67.702 65.719 64.724 60.713 1.696 0.000 0.000 0.000 0.000 0.000 0.000 0.000 0.000 0.000 0.000 0.000 0.000 0.000 0.000 0.000 0.000 0.000 0.000 0.000 0.000 0.000 0.000 0.000 25.290
67.013 67.012 67.012 67.011 67.010 67.009 67.008 66.007 66.005 67.003 67.001 66.999 66.996 66.993 65.991 73.988 88.985 99.982 87.980 13.979 0.000 0.000 0.000 0.000 0.000 0.000 0.000 0.000 0.000 0.000 0.000 0.000 0.000 28.786 77.816 102.812 12.804 0.000 49.656 67.680 65.704 64.726 72.747 83.768 71.786 65.798 69.794 2.754 0.000 0.000 0.000 0.000 0.000 0.000 0.000 0.000 0.000 0.000 0.000 0.000 0.000 0.000 0.000 0.000 0.000 0.000 0.000 0.000 0.000 0.000 0.000 0.000 82.369
67.015 67.015 67.014 67.014 67.013 67.012 67.010 71.009 72.007 68.005 67.003 67.000 66.998 66.995 66.992 65.989 68.986 77.983 77.980 18.979 0.000 0.000 0.000 0.000 0.000 0.000 20.634 0.000 0.000 0.000 0.000 0.000 0.000 0.969 81.943 96.926 19.915 0.000 33.714 64.771 65.800 65.821 64.841 69.860 71.877 67.892 69.901 0.000 0.000 0.000 0.000 0.000 0.000 0.000 0.000 0.000 0.000 0.000 0.000 0.000 0.000 0.000 0.000 0.000 0.000 0.000 0.000 0.000 0.000 0.000 0.000 66.591 75.500
67.018 67.018 67.017 67.017 67.016 67.014 66.013 78.011 83.010 70.008 67.005 67.003 67.000 66.997 66.993 66.990 66.987 65.983 68.980 49.978 0.000 0.000 0.000 0.000 0.000 62.635 83.634 45.632 36.624 35.613 0.000 0.000 0.000 63.155 105.078 79.033 79.015 6.036 0.000 50.892 67.904 65.919 65.935 63.952 79.971 83.992 78.017 1.122 0.000 0.000 0.000 0.000 0.000 0.000 0.000 0.000 0.000 0.000 0.000 0.000 0.000 0.000 0.000 0.000 0.000 0.000 0.000 0.000 0.000 0.000 40.754 91.682 77.608
67.021 67.021 67.020 67.020 67.019 67.017 66.016 79.014 85.012 69.010 67.008 67.005 67.002 66.999 66.995 66.991 66.987 66.983 66.979 72.974 43.968 0.000 0.000 0.000 2.636 25.636 40.636 62.638 70.627 74.601 48.552 24.486 59.396 97.269 95.181 75.114 57.077 15.056 0.000 51.000 68.006 67.015 70.028 65.043 74.063 97.090 94.130 39.205 3.260 19.286 0.000 0.000 0.000 0.000 0.000 0.000 0.000 0.000 21.188 25.190 0.000 0.000 34.217 95.219 0.000 0.000 0.000 0.000 0.000 0.000 77.826 133.775 116.714
64.024 65.024 66.024 66.023 67.022 67.021 65.019 80.017 83.015 66.013 67.010 67.008 67.004 67.001 66.997 66.993 66.988 66.983 66.977 66.971 72.963 52.953 3.945 0.000 0.000 0.000 0.000 38.659 69.643 65.614 68.569 72.509 84.433 101.344 85.263 53.166 3.122 0.000 0.000 50.102 67.103 70.108 83.117 69.130 79.149 80.173 99.207 103.252 86.289 36.312 0.000 0.000 0.000 0.000 0.000 0.000 0.000 0.000 0.000 10.195 24.202 56.209 94.217 17.224 0.000 0.000 0.000 0.000 0.000 64.038 73.949 74.880 77.816
85.028 80.028 75.027 73.026 69.025 65.024 65.023 80.021 83.019 65.016 67.014 67.011 67.007 67.003 66.999 66.995 65.990 64.984 65.977 65.970 65.960 71.949 48.938 25.923 0.905 0.000 0.000 37.694 75.674 69.642 64.601 77.549 100.484 94.411 62.360 0.000 0.000 0.000 0.000 48.203 66.198 71.197 78.202 73.212 78.228 77.248 90.274 84.305 77.334 50.361 5.392 0.000 0.000 0.000 0.000 0.000 0.000 0.000 0.000 0.000 56.205 59.211 62.220 0.120 10.704 0.000 0.000 7.203 41.203 69.128 138.050 101.988 133.875
105.032 104.031 100.031 95.030 91.029 86.028 81.026 77.024 72.022 66.020 67.017 67.014 67.010 67.006 66.002 67.997 73.992 78.985 77.978 75.970 69.959 64.947 68.933 74.914 38.887 19.852 23.809 57.751 80.714 71.681 67.644 90.600 102.545 58.454 3.407 0.000 0.000 11.384 18.364 52.308 65.288 70.281 86.282 76.290 69.301 62.317 68.337 86.359 83.382 89.404 8.423 0.000 0.000 0.000 0.000 0.000 0.000 0.000 0.000 0.000 0.000 0.000 0.000 0.000 7.733 0.000 0.000 0.000 76.277 67.218 77.152 100.049 76.225
