results3/res_3e8f-0061.wd
ncols         241
nrows         181
xllcorner     12693529.787448
yllcorner     3542525.717860
cellsize      155.156523
NODATA_value  -9999.000000
[rows 99 to 131 of 181, columns 0 to 73 of 241]
0.000 0.000 0.000 0.000 0.000 55.120 95.119 97.118 88.116 83.115 0.000 0.000 0.000 0.000 0.000 0.000 0.000 63.108 60.108 0.000 0.000 0.000 0.000 58.082 57.082 0.000 0.000 0.000 0.000 4.292 0.000 0.000 0.000 0.000 10.146 56.141 52.130 51.112 52.086 53.057 66.025 54.991 58.953 50.911 52.865 50.816 51.764 56.708 57.650 55.590 59.528 52.464 52.399 54.332 57.263 71.188 72.124 57.073 43.026 0.000 0.000 0.000 0.000 0.000 20.599 75.599 72.594 59.579 34.564 29.548 73.532 50.518 52.506 52.497
0.000 0.000 0.000 0.000 0.000 56.123 96.122 96.122 0.000 0.000 0.000 0.000 0.000 0.000 0.000 0.000 8.108 74.109 63.108 1.108 0.000 0.000 61.091 60.088 64.086 0.000 0.000 0.000 0.000 62.292 54.292 0.000 0.000 0.000 69.192 79.186 65.176 58.162 52.141 54.117 73.088 58.055 64.018 63.977 54.932 69.883 61.830 62.774 52.714 60.653 60.589 58.524 52.458 53.391 57.320 54.220 16.152 6.112 0.000 0.000 0.000 0.000 0.000 23.581 60.584 72.583 79.577 69.567 45.556 46.543 60.531 51.519 52.509 52.501
1.137 0.000 0.000 0.000 0.000 43.126 92.126 101.126 11.128 0.000 0.000 0.000 0.000 0.000 0.000 0.000 0.000 81.110 62.109 63.107 65.104 62.100 59.095 60.091 58.089 0.000 0.000 0.000 0.000 55.292 55.293 56.291 55.284 55.270 54.244 64.235 73.228 20.217 84.202 74.181 79.155 64.125 9.089 80.048 78.002 76.953 80.899 69.842 52.781 55.718 60.652 60.586 57.518 53.452 42.407 0.000 0.000 0.000 0.000 0.000 0.000 0.000 0.000 33.577 60.574 60.571 71.566 70.558 53.548 53.538 52.528 52.519 52.510 52.503
69.137 72.137 4.137 0.000 0.000 53.129 92.129 97.129 107.130 12.131 0.000 0.000 0.000 0.000 3.119 3.118 1.116 18.112 66.110 63.108 81.105 95.102 70.098 55.095 0.000 0.000 0.000 0.000 0.000 0.000 54.295 55.297 55.291 55.283 55.278 54.282 54.282 53.278 54.267 59.251 71.228 65.199 8.164 80.123 81.078 59.027 65.973 82.914 76.851 63.785 53.717 59.648 60.576 63.492 48.450 0.000 0.000 0.000 0.000 0.000 0.000 0.000 0.000 0.000 11.564 57.561 54.556 54.550 52.542 52.534 52.525 52.517 52.510 51.504
83.138 66.137 66.137 68.136 70.135 89.133 97.132 97.131 97.132 99.132 73.133 12.133 0.000 61.120 68.119 69.119 31.117 26.115 89.113 97.110 92.108 88.103 71.100 0.000 0.000 0.000 0.000 0.000 0.000 0.000 0.000 55.313 54.299 53.295 54.302 55.333 55.343 55.344 55.339 56.327 75.307 70.279 53.245 55.204 66.157 77.107 54.051 65.990 66.924 59.853 79.783 62.715 54.645 0.000 0.000 0.000 0.000 0.000 0.000 0.000 0.000 0.000 0.000 0.000 3.558 57.553 52.549 52.543 52.537 52.529 52.522 50.516 48.509 50.504
98.138 88.138 69.138 73.137 91.136 97.135 97.134 97.134 97.134 92.134 64.134 70.134 0.000 52.120 87.121 95.120 95.119 79.117 94.115 101.113 11.112 0.000 0.000 0.000 0.000 0.000 0.000 0.000 0.000 0.000 0.000 55.341 0.000 0.000 0.000 56.405 55.412 55.417 55.418 56.411 72.394 77.367 54.332 55.290 55.242 73.190 74.134 52.073 60.002 78.920 70.849 48.782 0.000 0.000 0.000 0.000 0.000 0.000 0.000 0.000 0.000 0.000 0.000 0.000 0.548 57.546 52.542 52.538 52.532 51.525 50.519 55.513 56.508 57.504
98.140 98.139 93.139 96.139 97.138 97.137 97.136 97.136 97.135 93.135 68.135 85.135 0.000 0.000 65.124 89.123 97.122 98.120 97.118 102.117 5.114 0.000 0.000 0.000 0.000 0.000 0.000 0.000 0.000 0.000 0.000 55.370 0.000 0.000 57.479 55.472 55.482 55.495 55.506 55.505 72.491 77.464 54.426 55.381 55.331 56.279 77.224 71.164 78.092 67.974 48.912 0.000 0.000 0.000 0.000 0.000 0.000 0.000 0.000 0.000 0.000 0.000 0.000 0.000 55.540 52.541 52.538 52.533 52.527 51.521 53.515 57.510 58.506 58.503
96.141 97.141 97.141 97.140 97.140 97.139 97.138 97.138 97.137 98.137 93.136 100.135 24.134 3.132 53.128 72.126 95.124 97.123 98.122 86.121 0.105 0.000 0.000 0.000 0.000 0.000 0.000 0.000 0.000 0.000 0.000 49.398 54.427 54.456 53.486 55.522 55.548 55.577 55.604 55.613 72.601 77.571 54.528 55.477 55.424 55.370 60.317 83.268 63.229 0.000 0.000 0.000 0.000 0.000 0.000 0.000 0.000 0.000 0.000 0.000 0.000 0.000 0.000 0.000 8.539 59.539 55.536 56.531 54.524 50.516 57.511 58.507 56.504 56.501
93.143 98.143 97.143 97.142 97.142 97.141 97.141 97.140 97.140 97.139 98.138 91.137 75.135 66.133 60.131 87.129 97.127 97.126 102.125 5.124 0.000 0.000 0.000 0.000 0.000 0.000 0.000 0.000 0.000 0.000 0.000 0.000 0.000 0.000 0.000 55.584 55.611 55.659 55.721 55.743 71.730 78.691 55.637 55.577 55.517 55.460 55.408 61.362 14.326 0.000 0.000 0.000 0.000 0.000 0.000 0.000 0.000 0.000 0.000 0.000 0.000 0.000 0.000 0.000 0.000 0.000 0.000 0.000 0.509 59.507 57.505 58.503 55.501 50.499
93.145 98.145 97.145 97.145 97.144 97.144 97.143 97.143 97.142 97.141 98.140 83.139 62.137 61.136 70.134 94.132 97.130 97.129 103.128 8.127 0.000 0.000 0.000 0.000 0.000 0.000 0.000 0.000 0.000 0.000 0.000 0.000 0.000 0.000 0.000 51.618 55.653 52.729 55.877 55.908 74.884 78.827 55.753 55.676 55.606 55.545 55.494 52.447 2.386 0.000 0.000 0.000 0.000 0.000 0.000 0.000 0.000 0.000 0.000 0.000 0.000 51.474 0.000 0.000 0.000 0.000 0.000 0.000 55.497 56.500 58.500 58.500 55.499 51.498
96.148 97.148 97.148 97.147 97.147 97.147 97.146 97.146 97.145 97.144 97.143 94.141 71.140 72.138 89.136 96.135 97.133 97.132 104.131 21.130 0.000 0.000 0.000 0.000 0.000 0.000 0.000 0.000 0.000 0.000 0.000 0.000 0.000 0.000 0.000 0.000 51.652 0.000 55.148 56.129 84.071 70.981 55.872 55.770 55.686 68.621 58.574 53.547 0.000 0.000 0.000 0.000 0.000 0.000 0.000 0.000 0.000 0.000 0.000 0.000 3.474 62.474 47.474 0.000 0.000 0.000 0.000 56.490 59.493 58.495 55.496 51.496 51.496 49.496
97.150 97.150 97.150 97.150 97.150 97.150 97.150 97.149 97.148 97.147 97.146 97.144 99.142 99.141 98.139 97.137 97.136 99.135 88.134 31.132 0.000 0.000 0.000 0.000 0.000 0.000 0.000 0.000 0.000 0.000 0.000 0.000 0.000 0.000 0.000 0.000 0.000 0.000 55.439 56.389 90.292 59.152 55.985 55.845 67.746 76.679 55.637 55.619 54.636 0.000 0.000 0.000 0.000 0.000 0.000 0.000 0.000 0.000 0.000 0.000 0.000 58.474 59.474 46.475 0.000 52.483 54.485 58.488 57.490 55.492 54.493 50.494 58.494 61.494
96.153 95.154 97.154 97.154 97.154 97.154 97.153 97.153 97.152 97.151 97.149 97.148 97.145 97.143 97.142 97.140 98.139 81.138 9.138 0.134 58.141 72.141 18.140 0.000 0.000 0.000 0.000 0.000 0.000 0.000 0.000 0.000 0.000 0.000 0.000 0.000 0.000 0.000 51.781 62.694 85.557 56.350 53.071 55.878 55.775 55.712 55.674 55.656 55.654 52.654 0.000 0.000 0.000 0.000 0.000 0.000 0.000 0.000 0.000 0.000 0.000 53.474 49.475 55.476 50.478 58.481 58.483 57.486 53.488 56.490 51.491 50.492 50.492 43.493
86.156 86.157 95.157 97.157 97.158 97.157 97.157 97.157 97.156 97.155 97.153 98.151 99.149 97.146 97.144 97.143 97.142 19.142 3.141 58.142 68.141 78.141 77.140 70.140 62.139 3.139 0.000 0.000 0.000 0.000 0.000 0.000 0.000 0.000 0.000 56.710 59.646 59.499 56.209 55.051 63.892 51.621 0.000 51.821 55.765 55.722 55.693 55.676 54.670 0.000 0.000 0.000 0.000 0.000 0.000 0.000 55.470 66.470 0.000 0.000 54.473 52.474 52.475 49.476 57.478 58.480 58.482 55.485 58.487 58.488 56.489 51.490 40.490 0.000
68.159 73.160 92.161 98.161 97.162 97.162 97.162 97.161 97.161 97.160 99.158 85.156 81.152 96.149 101.146 98.145 93.145 75.145 78.144 84.143 78.142 79.141 58.140 51.140 0.000 0.000 0.000 0.000 0.000 0.000 0.000 0.000 0.000 0.000 47.773 53.773 56.731 56.640 56.507 56.407 58.340 0.000 0.000 0.000 50.741 55.717 55.698 55.686 55.681 0.000 0.000 0.000 0.000 0.000 0.000 15.470 72.470 54.470 52.471 52.471 52.472 52.473 50.474 55.475 58.477 58.479 54.481 58.484 58.486 57.487 51.488 52.488 42.488 0.000
52.162 67.163 86.165 99.166 100.166 100.166 98.167 97.167 98.166 97.166 98.164 36.162 7.154 55.150 73.148 94.147 101.147 99.148 99.148 85.145 8.144 0.000 0.000 0.000 0.000 0.000 0.000 0.000 0.000 2.786 4.786 0.000 0.000 0.000 0.000 52.880 56.865 54.825 55.770 57.732 58.721 0.000 0.000 0.000 0.000 48.707 55.698 55.691 52.686 0.000 0.000 0.000 0.000 0.000 0.000 0.000 14.470 68.470 51.471 51.471 52.472 51.473 51.474 57.475 58.476 56.478 44.480 0.000 62.486 56.486 56.487 56.487 42.487 0.000
16.164 38.166 71.170 77.172 71.172 73.170 90.172 98.173 94.173 87.172 86.172 21.172 0.000 0.000 0.000 31.148 66.150 92.153 99.156 0.000 0.000 0.000 0.000 0.000 0.000 0.000 0.000 0.000 0.000 44.786 65.786 10.786 0.000 0.000 0.000 53.001 59.023 58.024 67.018 68.030 58.090 3.270 0.000 0.000 0.000 0.000 52.695 53.693 0.000 0.000 0.000 0.000 0.000 0.000 0.000 0.000 0.000 73.471 76.471 56.471 50.472 48.472 58.473 58.474 53.475 0.000 0.000 0.000 3.486 61.486 58.486 58.486 48.487 0.000
0.000 0.000 52.179 61.179 13.179 0.000 62.179 91.179 82.179 78.179 92.180 59.182 19.187 0.000 0.000 0.000 0.000 37.159 68.166 0.000 0.000 0.000 0.000 0.000 0.000 0.000 0.000 0.000 0.000 0.000 49.787 67.787 0.000 0.000 0.000 44.101 58.201 56.232 86.248 79.278 57.341 59.449 5.568 0.000 0.000 0.000 47.695 0.000 0.000 0.000 0.000 0.000 0.000 0.000 0.000 0.000 0.000 0.000 61.471 78.471 63.472 57.472 58.473 53.473 0.000 0.000 0.000 0.000 0.000 53.486 58.486 58.486 53.486 0.000
0.000 0.000 48.187 93.187 50.187 0.000 51.186 83.186 85.186 96.186 98.187 101.189 107.192 46.197 15.199 0.000 0.000 0.000 8.183 3.188 0.000 0.000 0.000 0.000 0.000 0.000 0.000 0.000 0.000 0.000 50.787 65.787 0.000 2.793 6.794 0.000 51.450 59.453 89.466 71.495 59.546 58.619 63.687 0.000 0.000 0.000 0.000 0.000 0.000 0.000 0.000 0.000 0.000 0.000 0.000 0.000 0.000 0.000 0.000 0.000 66.472 56.472 54.472 0.000 0.000 0.000 0.000 0.000 52.485 51.485 53.485 47.486 0.000 0.000
21.204 36.202 70.197 88.195 96.195 65.196 78.194 101.193 98.192 97.193 97.193 97.195 97.197 103.199 106.201 62.202 21.201 3.199 66.194 80.195 73.197 75.198 31.198 7.198 4.198 0.000 0.000 0.000 0.000 0.000 29.788 51.789 57.791 57.793 60.795 19.798 52.695 81.665 83.666 60.689 58.731 58.793 61.874 7.007 2.068 0.000 0.000 0.000 0.000 0.000 0.000 0.000 0.000 0.000 0.000 0.000 0.000 0.000 0.000 0.000 0.000 0.000 0.471 0.000 0.000 0.000 0.000 54.484 49.485 47.485 0.000 0.000 0.000 0.000
94.206 97.205 97.203 95.201 93.201 94.201 96.200 96.199 97.199 98.199 98.199 97.200 90.201 94.203 97.204 101.204 105.203 106.202 98.199 94.199 91.199 86.199 88.199 81.198 37.198 15.198 0.000 0.000 0.000 0.000 0.000 0.000 0.000 0.000 0.000 76.904 65.868 94.847 85.846 72.863 59.897 58.947 59.010 63.083 59.126 0.000 0.000 0.000 0.000 0.000 0.000 0.000 0.000 0.000 0.000 0.000 0.000 0.000 0.000 0.000 0.000 0.000 0.000 0.000 0.000 0.000 0.000 0.000 0.000 0.000 0.000 0.000 0.000 0.000
97.210 92.209 90.208 89.207 83.207 80.206 81.205 81.205 87.205 92.205 92.205 85.206 69.206 84.207 97.207 97.207 97.206 97.205 97.204 97.202 98.202 98.201 101.199 102.199 102.198 102.198 41.197 0.000 0.000 0.000 0.000 0.000 0.000 0.000 0.000 49.045 75.026 80.010 64.007 81.020 69.048 59.088 59.137 62.189 5.227 0.000 0.000 0.000 0.000 0.000 0.000 0.000 0.000 0.000 0.000 0.000 0.000 0.000 0.000 0.000 0.000 0.000 0.000 0.000 0.000 0.000 0.000 0.000 0.000 0.000 0.000 0.000 0.000 0.000
67.215 40.214 62.214 76.213 74.212 54.212 39.211 35.211 55.211 72.211 71.211 64.211 59.211 69.211 90.211 98.211 97.210 97.209 97.208 97.206 97.204 101.203 76.200 64.199 63.198 67.198 70.197 9.197 0.000 0.000 0.000 0.000 0.000 0.000 0.000 47.206 83.181 66.159 58.153 68.163 79.186 63.219 59.261 59.308 65.366 9.464 3.508 0.000 0.000 0.000 0.000 0.000 0.000 0.000 0.000 0.000 0.000 0.000 0.000 0.000 0.000 0.000 0.000 0.000 0.000 0.000 0.000 0.000 0.000 0.000 0.000 0.000 0.000 0.000
57.220 28.220 50.219 65.219 61.218 38.218 24.218 28.217 48.217 62.217 60.217 60.216 61.216 59.216 78.216 95.215 97.215 97.213 97.212 97.210 96.208 59.205 0.000 0.000 0.000 0.000 0.000 0.000 0.000 53.573 73.573 25.572 11.569 7.556 54.507 71.392 88.334 65.291 59.284 57.294 74.315 76.343 62.378 59.418 59.464 62.517 71.553 9.584 4.591 0.000 0.000 0.000 0.000 0.000 0.000 0.000 0.000 0.000 0.000 0.000 0.000 0.000 0.000 0.000 0.000 0.000 0.000 0.000 0.000 0.000 0.000 0.000 0.000 0.000
70.226 66.226 61.225 60.225 61.225 63.224 64.224 67.223 66.223 62.223 61.222 61.222 61.222 60.221 67.221 89.220 98.219 97.218 99.217 71.215 37.211 0.000 0.000 0.000 0.000 0.000 0.000 0.000 0.000 18.573 40.573 43.575 47.579 61.593 58.573 79.523 76.470 50.387 57.399 59.414 61.435 74.461 66.491 61.523 59.556 58.587 75.605 66.606 60.599 0.000 0.000 0.000 0.000 0.000 0.000 0.000 0.000 0.000 0.000 0.000 0.000 0.000 0.000 0.000 0.000 0.000 0.000 0.000 0.000 0.000 0.000 0.000 0.000 15.193
60.232 61.232 61.232 61.231 61.231 61.231 61.230 61.230 61.229 61.229 61.229 61.228 61.228 61.227 59.226 80.226 97.225 99.224 95.223 21.222 0.000 0.000 0.000 0.000 0.000 0.000 0.000 0.000 0.000 0.000 0.000 0.000 0.000 45.663 62.671 88.656 62.638 0.000 45.512 60.528 58.550 62.575 63.601 72.627 61.652 59.670 58.672 54.639 0.000 0.000 0.000 0.000 0.000 0.000 0.000 0.000 0.000 0.000 0.000 0.000 0.000 0.000 0.000 0.000 0.000 0.000 0.000 0.000 0.000 0.000 0.000 0.000 20.365 85.289
61.238 61.238 61.238 61.238 61.238 61.237 61.237 60.236 60.236 61.235 61.235 61.234 61.234 61.233 60.232 68.231 83.230 94.230 82.229 8.228 0.000 0.000 0.000 0.000 0.000 0.000 0.000 0.000 0.000 0.000 0.000 0.000 0.000 22.726 71.790 96.794 6.786 0.000 43.608 61.636 59.663 58.688 66.711 77.733 65.753 59.768 63.775 0.000 0.000 0.000 0.000 0.000 0.000 0.000 0.000 0.000 0.000 0.000 0.000 0.000 0.000 0.000 0.000 0.000 0.000 0.000 0.000 0.000 0.000 0.000 0.000 0.000 77.442 91.387
61.245 61.245 61.245 61.245 61.244 61.244 61.244 65.243 66.243 62.242 61.241 61.241 61.240 61.239 61.238 60.237 63.236 72.235 72.234 13.234 0.000 0.000 0.000 0.000 0.000 0.000 14.898 0.000 0.000 0.000 0.000 0.000 0.000 0.000 75.967 90.946 13.927 0.000 27.677 58.746 59.779 59.802 58.823 63.842 65.860 61.875 63.885 0.000 0.000 0.000 0.000 0.000 0.000 0.000 0.000 0.000 0.000 0.000 0.000 0.000 0.000 0.000 0.000 0.000 0.000 0.000 0.000 0.000 0.000 0.000 0.000 61.666 70.573 70.500
61.252 61.252 61.252 61.252 61.252 61.251 60.251 72.250 77.250 64.249 61.248 61.248 61.247 61.246 61.245 61.243 61.242 60.241 63.240 44.240 0.000 0.000 0.000 0.000 0.000 56.899 77.898 39.896 30.886 29.872 0.000 0.000 0.000 57.300 99.167 73.093 73.050 0.089 0.000 44.891 61.905 59.920 59.936 57.952 73.970 77.988 72.004 0.000 0.000 0.000 0.000 0.000 0.000 0.000 0.000 0.000 0.000 0.000 0.000 0.000 0.000 0.000 0.000 0.000 0.000 0.000 0.000 0.000 0.000 0.000 35.835 86.760 72.683 85.616
61.260 61.260 61.259 61.259 61.259 61.258 60.258 73.258 79.257 63.256 61.255 61.255 61.254 61.252 61.251 61.250 61.248 61.247 61.246 67.245 38.246 0.000 0.000 0.000 0.000 19.900 34.900 56.904 64.890 68.858 42.797 18.713 53.597 91.433 89.307 69.211 51.130 9.130 0.000 45.023 62.028 61.037 64.048 59.062 68.079 91.103 88.140 33.214 0.000 13.375 0.000 0.000 0.000 0.000 0.000 0.000 0.000 0.000 0.000 0.000 0.000 0.000 0.000 0.000 0.000 0.000 0.000 0.000 0.000 0.000 72.910 128.856 111.791 133.699
58.267 59.267 60.267 60.267 61.267 61.266 59.266 74.265 77.264 60.264 61.263 61.262 61.261 61.260 61.258 61.257 61.255 61.253 61.251 61.249 67.247 47.244 0.000 0.000 0.000 0.000 0.000 32.929 63.911 59.875 62.819 66.744 78.647 95.529 79.417 47.314 0.000 0.000 0.000 44.150 61.149 64.152 77.158 63.168 73.183 74.205 93.238 97.288 80.348 30.375 0.000 0.000 0.000 0.000 0.000 0.000 0.000 0.000 0.000 0.000 0.000 0.000 0.000 0.000 0.000 0.000 0.000 0.000 0.000 59.133 69.039 69.965 72.896 91.871
79.275 74.275 69.275 67.275 63.274 59.274 59.274 74.273 77.272 59.272 61.271 61.270 61.268 61.267 61.265 61.264 60.261 59.259 60.256 60.253 60.248 66.242 43.233 20.224 0.000 0.000 0.000 31.974 69.949 63.912 58.862 71.797 94.717 88.618 56.517 0.000 0.000 0.000 0.000 42.277 60.268 65.263 72.264 67.269 72.280 71.297 84.320 78.351 71.383 44.402 0.000 0.000 0.000 0.000 0.000 0.000 0.000 0.000 0.000 0.000 0.000 0.000 0.000 0.000 5.950 0.000 0.000 2.308 36.308 64.228 133.146 97.078 128.960 112.632
99.283 98.283 94.283 89.283 85.283 80.282 75.282 71.281 66.281 60.280 61.279 61.278 61.276 61.275 60.273 62.271 68.269 73.266 72.262 70.258 64.252 59.243 63.232 69.216 33.189 14.155 18.109 52.043 75.001 65.962 61.918 84.867 96.804 52.711 0.000 0.000 0.000 5.513 12.486 46.413 59.383 64.369 80.365 70.366 63.371 56.381 62.395 80.412 77.431 83.448 2.471 0.000 0.000 0.000 0.000 0.000 0.000 0.000 0.000 0.000 0.000 0.000 0.000 0.000 2.950 0.000 0.000 0.000 71.388 62.324 72.253 95.144 71.315 110.769
