results3/res_3e8f-0054.wd
ncols         241
nrows         181
xllcorner     12693529.787448
yllcorner     3542525.717860
cellsize      155.156523
NODATA_value  -9999.000000
[rows 132 to 164 of 181, columns 0 to 73 of 241]
87.995 92.995 96.996 96.996 98.996 98.997 92.998 83.999 70.000 59.001 58.002 59.004 58.005 57.007 62.008 76.010 87.012 92.014 92.015 89.016 81.016 72.014 63.010 57.002 61.988 63.967 62.939 63.904 61.874 56.845 70.815 93.785 60.759 0.000 0.000 0.000 0.451 52.438 64.433 61.407 63.384 69.369 87.364 73.363 57.365 56.368 56.373 68.379 89.387 30.396 3.414 0.000 0.000 0.000 0.000 0.000 0.000 0.000 0.000 0.000 0.000 0.000 0.000 0.000 21.693 1.581 5.439 46.347 69.203 73.102 72.991 83.075 110.538 100.886
66.008 68.008 71.008 77.009 87.009 93.010 98.011 98.012 91.013 77.014 66.015 60.017 64.018 71.020 84.022 99.024 98.026 95.028 95.029 98.029 98.029 94.027 82.023 70.015 62.003 56.987 57.967 56.944 57.921 65.900 87.880 95.862 7.850 0.000 0.000 0.000 10.466 38.468 56.501 65.494 66.476 63.455 64.454 74.453 69.451 62.448 66.444 74.441 87.439 28.439 14.436 20.455 0.466 0.000 0.000 0.000 0.000 0.000 0.000 0.000 0.000 0.000 0.000 0.000 3.750 0.000 53.478 75.399 71.277 80.246 71.307 110.666 99.422 100.933
58.021 58.021 58.021 60.022 65.022 69.023 76.024 85.025 93.026 96.027 90.029 88.030 90.032 93.034 92.036 85.038 76.040 74.042 74.044 79.044 85.044 92.042 95.039 94.033 83.024 73.012 67.998 65.983 74.968 90.954 91.943 77.934 10.930 0.000 0.000 0.000 0.000 0.000 39.608 66.595 45.571 33.523 48.544 63.545 78.539 82.528 84.515 85.501 81.490 8.484 0.000 23.473 20.479 8.480 14.480 8.480 0.000 0.000 0.000 0.000 0.000 0.000 37.947 7.896 73.806 95.726 128.566 84.533 79.580 60.534 96.595 101.100 101.001 109.727
59.034 59.034 59.034 59.035 58.035 57.036 59.037 64.038 70.039 80.040 90.042 92.044 85.046 75.048 69.050 61.053 57.055 57.058 57.060 59.061 64.061 70.060 77.058 89.054 94.048 96.040 95.032 91.022 94.014 87.007 69.003 61.003 40.006 0.000 0.000 0.000 0.000 0.000 32.728 65.706 8.689 0.000 41.653 66.645 85.631 93.611 79.587 82.559 68.537 26.523 0.000 50.487 19.485 11.482 22.480 22.480 0.000 0.000 0.000 0.000 0.000 25.052 43.998 116.937 145.857 128.731 112.276 111.216 102.882 101.526 101.393 101.252 66.474 111.387
59.047 59.047 59.047 59.048 59.049 59.050 59.051 58.052 58.053 61.054 67.056 66.057 62.059 58.062 58.065 58.068 59.071 59.074 59.077 59.078 58.079 57.079 59.079 65.077 72.074 81.070 89.065 85.061 74.058 62.057 58.060 63.067 71.086 47.130 25.145 25.134 11.093 12.012 47.872 68.810 18.792 0.820 60.769 92.752 94.729 73.700 76.662 75.612 63.575 52.550 3.526 31.502 5.493 0.000 6.480 0.000 0.000 0.000 0.000 0.000 0.000 6.109 69.054 74.972 70.956 72.110 70.081 101.880 101.769 101.652 68.835 71.609 73.476 75.136
59.060 59.061 59.061 59.062 59.062 59.063 59.064 59.065 59.067 59.068 58.069 58.071 58.073 59.076 59.079 59.083 59.088 59.091 59.094 59.097 59.099 59.100 59.101 58.101 57.100 58.100 62.099 60.099 59.101 63.104 66.111 65.122 63.139 65.161 65.171 62.164 62.134 66.070 40.938 26.872 15.868 33.923 78.892 92.865 72.834 65.798 64.748 44.654 40.601 3.575 0.000 0.000 0.000 0.000 0.000 0.000 1.616 16.592 31.554 1.471 15.327 78.191 85.179 83.249 81.233 82.311 102.089 101.987 83.094 89.881 82.730 88.499 80.337 59.274
59.074 59.074 59.075 59.075 59.076 59.077 59.078 59.080 59.081 59.082 59.083 59.084 59.086 59.089 59.093 59.099 59.105 59.109 59.113 58.117 65.120 67.122 59.124 58.126 57.128 58.130 60.133 63.136 66.142 65.149 60.159 61.172 68.187 71.204 67.215 61.217 58.210 67.197 0.000 0.000 0.956 74.027 83.012 69.983 61.945 81.908 27.880 0.000 0.000 0.000 0.000 0.000 0.000 0.000 0.000 0.000 26.640 68.609 97.559 58.482 91.343 99.494 96.455 95.544 102.375 102.283 102.188 95.186 97.058 96.753 95.611 94.539 12.452 0.000
59.088 59.088 59.088 59.089 59.090 59.091 59.093 59.094 59.095 59.096 62.097 62.098 60.099 64.101 62.107 59.116 59.123 59.129 58.133 56.137 67.141 75.145 61.148 58.152 60.156 63.160 65.166 64.172 61.181 63.191 68.204 70.219 71.235 71.252 66.267 60.280 69.292 88.312 7.368 0.000 0.000 48.166 71.147 68.108 72.056 92.011 25.984 0.000 0.000 0.000 0.000 0.000 0.000 0.000 0.000 24.748 76.697 92.641 95.567 100.557 97.710 94.697 102.626 102.546 102.463 94.507 95.288 96.156 95.834 95.803 88.732 65.636 0.000 0.000
59.101 59.102 59.102 59.103 59.104 59.106 59.107 59.109 59.110 60.111 67.112 67.112 44.111 12.109 33.117 63.135 57.143 60.149 66.154 69.159 69.163 65.167 61.172 62.177 65.183 64.190 63.198 65.207 69.218 69.231 71.247 70.264 61.283 56.303 58.323 71.343 90.366 100.392 22.423 0.000 0.000 23.325 79.300 81.248 88.161 87.095 23.061 0.000 0.000 0.000 0.000 0.000 0.000 2.899 28.867 72.808 94.723 97.735 96.819 96.817 95.904 102.778 102.704 94.721 95.517 96.374 96.158 96.010 95.964 87.895 79.852 0.000 0.000 0.000
59.115 59.116 59.116 59.117 59.119 59.120 59.122 59.124 59.126 61.127 70.128 81.126 57.123 0.000 0.129 48.163 74.167 66.171 64.175 64.180 62.185 61.190 63.196 65.203 63.210 59.218 61.228 73.240 75.254 65.270 59.288 56.308 56.330 61.354 75.379 91.405 88.435 72.469 44.510 12.569 6.574 50.508 79.481 61.424 52.245 44.148 9.104 0.000 0.000 0.000 0.000 0.000 0.000 21.933 72.900 94.810 97.001 95.991 96.098 102.993 102.924 102.852 94.789 96.665 96.375 96.245 96.188 96.112 90.034 76.969 66.931 0.000 0.000 0.000
59.129 59.129 59.130 59.131 59.133 59.135 59.138 59.140 59.142 61.144 71.145 58.143 14.133 0.000 0.000 16.189 70.190 62.193 64.197 63.202 61.207 64.213 65.220 62.228 59.236 55.246 65.258 79.272 66.288 56.307 57.328 62.351 72.376 83.404 94.433 87.465 65.500 60.538 79.580 86.623 87.646 91.653 66.692 27.722 0.118 0.000 0.000 0.000 0.000 0.000 0.000 0.000 27.046 72.976 94.991 97.174 96.193 103.184 103.123 103.060 95.066 95.859 96.742 96.437 96.418 96.355 96.277 97.183 85.102 56.014 44.973 2.973 0.000 0.000
58.143 58.143 59.144 59.145 59.147 59.150 59.153 59.156 59.160 62.163 72.166 43.169 0.000 2.224 40.222 42.213 59.212 61.214 49.218 31.223 69.229 64.236 60.243 59.252 57.261 59.272 75.285 78.301 60.319 63.341 75.365 84.392 93.421 91.452 79.485 65.521 58.561 74.605 78.651 66.696 47.733 45.766 33.914 14.048 3.276 0.000 0.000 16.045 11.045 0.000 0.000 21.131 73.148 96.244 97.263 95.372 103.301 103.243 95.240 96.045 96.916 96.719 96.593 96.564 96.508 96.453 99.380 63.246 43.174 0.000 0.000 0.000 0.000 0.000
67.158 65.157 62.157 60.158 57.161 57.165 57.169 57.173 56.177 61.182 73.188 56.198 37.217 45.227 63.230 59.230 56.231 62.234 57.239 44.244 64.251 58.258 57.266 57.275 59.285 73.297 81.311 47.328 39.348 89.373 94.401 89.431 78.463 68.497 60.534 56.575 67.620 79.669 47.723 22.777 5.824 0.000 14.148 13.282 3.507 4.787 7.959 36.046 20.045 0.000 0.000 53.381 95.413 94.534 103.468 103.414 103.359 95.283 97.166 96.888 96.776 96.741 98.693 93.637 95.602 96.571 107.546 0.000 0.000 0.000 0.000 0.000 0.000 0.000
68.173 70.172 76.169 77.170 77.174 74.180 75.185 74.190 73.195 73.201 75.207 58.216 62.227 61.236 58.241 61.245 61.249 60.253 65.258 67.265 61.272 55.280 57.288 59.298 73.308 78.319 67.333 61.351 70.374 93.402 76.436 67.470 59.504 57.541 59.580 58.624 72.674 81.730 45.794 21.867 9.962 12.123 15.250 7.425 8.683 14.894 17.047 10.133 0.000 0.000 31.602 73.630 103.618 103.570 103.521 95.528 96.327 97.217 96.922 96.914 97.867 97.817 70.768 48.699 83.692 97.682 102.687 42.740 0.000 0.000 0.000 0.000 0.000 0.000
61.190 55.187 8.178 10.178 19.186 66.196 63.202 63.207 63.212 67.218 76.225 57.232 58.241 57.249 60.255 64.260 65.266 63.271 62.278 65.285 66.293 63.301 57.310 74.319 80.329 71.340 77.352 94.369 91.393 73.428 61.469 57.507 59.543 59.581 58.622 63.668 79.721 81.782 73.855 76.936 48.034 10.159 2.302 1.585 13.908 21.059 11.201 8.306 0.690 26.749 74.789 103.709 103.665 95.681 96.483 97.361 97.171 97.052 97.032 97.981 95.935 89.890 14.865 0.000 65.786 100.778 97.779 96.793 0.000 0.000 0.000 0.000 0.000 0.000
59.210 51.210 0.000 0.000 1.208 62.215 58.220 58.225 58.230 62.235 76.241 54.248 58.256 62.263 64.270 65.276 62.283 59.289 57.297 59.304 69.313 82.322 77.332 78.341 55.351 49.359 101.367 87.381 54.403 14.446 34.507 62.547 59.582 59.619 61.659 54.705 38.762 28.823 40.910 80.987 57.078 10.216 5.380 0.818 10.096 15.234 9.392 14.557 14.965 52.961 103.777 94.880 98.612 97.508 97.319 97.205 97.177 97.137 98.091 98.049 63.005 38.944 24.937 27.937 78.887 99.867 95.859 86.860 4.860 0.000 0.000 0.000 0.000 0.000
59.231 59.234 42.244 0.000 2.224 63.233 59.238 59.242 58.247 59.252 74.257 61.264 64.271 66.278 65.285 60.292 57.300 58.307 58.315 57.324 67.333 90.343 86.353 73.364 66.373 57.379 33.376 22.383 9.393 0.000 15.568 64.590 59.619 61.653 44.689 18.731 3.800 0.897 42.975 60.024 29.076 1.298 4.591 9.883 17.189 13.389 7.572 1.182 4.593 52.225 103.861 97.768 97.521 97.340 97.321 97.281 97.236 97.194 95.154 86.119 19.092 0.000 36.001 94.987 99.960 97.941 91.932 81.929 0.000 0.000 0.000 0.000 0.000 0.000
56.248 58.250 55.254 0.000 0.000 63.256 58.258 56.260 58.264 62.268 66.273 65.279 65.286 63.294 57.301 58.309 58.317 59.325 59.333 64.343 82.353 81.364 74.376 83.388 81.400 52.409 0.000 0.000 0.000 0.000 13.608 64.626 59.653 62.685 33.715 0.000 29.888 55.955 76.011 45.059 0.000 0.000 0.000 0.000 9.389 9.563 9.862 4.462 3.305 104.099 103.983 96.681 97.517 97.414 97.376 97.333 97.292 99.251 84.213 67.180 27.153 3.136 51.081 81.050 90.025 99.007 87.997 76.994 0.000 0.000 0.000 0.000 0.000 0.000
63.264 61.266 50.269 0.000 49.287 57.278 59.276 63.278 64.280 65.283 63.288 64.294 62.302 58.310 58.318 59.326 59.334 58.342 60.351 83.361 82.372 64.384 77.398 75.412 79.428 77.449 40.479 0.000 5.605 35.618 40.630 60.652 59.683 59.721 54.770 46.847 63.911 62.980 57.055 79.141 27.253 0.000 0.000 3.286 8.415 6.610 7.867 32.218 56.751 104.202 99.029 98.756 98.492 97.474 97.429 97.387 98.346 96.306 51.269 28.234 40.203 41.174 95.137 97.107 77.082 87.065 82.056 55.058 20.081 0.000 0.000 0.000 0.000 0.000
64.279 65.281 62.286 50.295 64.295 64.293 64.293 65.294 65.296 66.298 78.302 60.308 58.318 58.326 59.335 59.342 59.351 60.359 74.369 85.379 60.391 64.404 91.419 83.435 71.454 74.478 77.510 61.555 66.593 81.619 74.642 62.670 55.705 55.746 66.797 82.861 69.927 42.001 14.088 69.199 58.365 7.634 10.890 16.158 12.376 3.595 5.804 47.184 99.504 104.291 96.008 98.646 99.569 97.525 97.483 97.440 90.399 80.359 37.321 8.285 17.252 18.219 79.187 121.157 102.133 78.115 70.103 49.100 58.104 11.104 0.000 0.000 1.117 22.117
69.291 69.295 65.299 65.304 65.307 66.308 66.308 62.310 59.311 58.312 21.313 11.318 62.335 59.344 59.352 59.359 58.367 61.376 85.386 71.397 56.409 62.423 79.438 96.455 91.476 88.499 86.528 82.561 78.593 77.622 85.651 82.683 76.719 72.762 75.812 79.871 41.937 6.011 5.095 21.202 17.374 2.646 11.880 22.078 18.339 9.565 2.850 46.201 104.459 104.376 98.908 100.737 97.619 97.580 98.535 94.492 78.451 71.410 77.372 83.335 67.299 89.266 104.233 121.204 130.178 114.157 76.143 81.135 56.132 0.000 0.000 0.000 0.000 0.000
8.299 9.308 69.312 64.317 64.320 59.322 56.324 58.326 53.327 6.326 6.319 0.000 63.359 59.364 59.369 59.376 59.384 77.392 84.402 57.413 59.425 59.440 62.456 68.474 70.494 70.516 66.542 69.570 85.598 78.626 69.656 72.690 79.729 83.771 86.820 83.875 58.939 24.010 7.081 6.140 0.000 0.000 6.867 15.936 0.237 0.000 16.123 76.379 104.539 96.274 99.974 99.705 97.681 97.632 98.587 93.543 80.501 46.460 53.420 96.382 107.346 139.311 130.277 102.246 90.218 107.195 86.176 80.164 55.158 0.000 0.000 0.000 0.000 0.000
0.000 4.327 18.323 73.331 58.335 56.337 58.340 58.343 59.345 6.348 0.000 52.386 60.380 59.382 59.386 59.392 61.399 85.407 70.417 56.428 59.441 59.455 59.472 58.490 58.510 58.531 57.554 64.578 93.603 72.629 3.656 11.694 23.735 74.774 84.819 68.872 73.934 61.007 13.080 10.138 0.000 0.677 13.784 5.860 0.000 0.000 34.324 104.699 104.619 99.155 100.878 96.778 97.731 97.684 97.638 97.593 84.550 47.508 62.468 99.429 95.391 129.354 124.319 93.285 98.254 84.226 65.204 83.187 61.178 0.000 0.000 0.000 0.000 0.000
57.359 53.351 0.000 65.349 75.351 76.353 57.356 69.360 76.364 52.372 50.387 60.392 59.394 59.397 59.402 59.408 78.414 82.422 57.431 59.441 58.454 57.470 59.487 59.506 59.524 59.544 58.564 66.586 95.608 76.629 22.648 0.000 46.744 71.772 84.812 63.860 53.919 13.007 6.093 9.193 7.350 15.507 19.641 0.000 0.000 13.327 75.536 104.777 96.436 100.130 99.864 97.834 97.782 97.734 97.687 98.642 89.598 78.556 101.514 126.474 114.435 131.396 128.359 122.322 129.287 95.254 72.225 82.203 90.189 19.184 0.000 0.000 0.000 0.000
59.368 58.367 53.371 59.367 58.367 6.369 80.372 72.376 59.381 60.388 60.397 59.403 59.407 59.412 59.417 62.422 85.429 68.435 58.443 59.453 65.465 73.482 59.502 57.521 59.538 58.556 61.574 85.593 93.613 68.634 56.657 44.689 66.725 65.758 26.797 11.835 8.877 0.000 0.000 0.000 0.000 0.577 2.633 0.000 16.514 73.589 95.701 104.854 97.395 98.020 97.933 97.881 97.831 97.782 97.735 98.690 89.645 72.602 68.560 101.519 91.478 105.438 108.398 96.358 98.317 70.276 47.240 61.212 128.192 81.178 16.162 6.148 28.135 49.127
59.378 59.378 59.379 59.380 59.381 53.384 69.387 85.391 61.397 58.403 59.409 59.415 59.421 59.426 58.431 81.437 83.443 57.449 59.454 60.461 57.472 19.491 78.520 73.537 60.553 58.568 76.584 95.601 79.618 59.637 59.659 60.684 63.711 67.740 4.781 5.808 0.000 0.000 0.000 0.000 0.000 0.000 0.000 0.000 39.706 96.787 105.005 104.930 97.287 98.101 97.975 97.930 97.878 97.830 97.782 96.736 81.691 83.648 103.605 122.562 121.521 126.480 131.438 118.395 116.348 103.294 52.246 50.213 126.190 90.174 28.161 21.146 86.131 119.123
59.388 59.387 59.388 59.392 59.395 59.399 59.402 70.406 85.411 61.417 58.423 59.429 59.435 57.440 65.446 86.452 66.457 58.462 60.465 58.466 0.467 0.000 66.548 67.556 73.567 72.579 80.593 79.607 60.622 58.639 60.657 63.676 68.695 68.709 0.000 0.000 0.000 0.000 0.000 0.000 0.000 0.000 0.000 1.585 48.117 102.058 105.080 96.654 98.334 98.061 98.030 97.975 97.925 97.876 97.828 97.782 83.737 79.692 100.649 101.606 101.564 104.522 104.480 103.437 108.386 81.306 57.239 72.203 87.181 26.168 0.000 0.000 30.118 56.117
59.401 61.395 61.396 59.405 59.410 59.413 59.417 59.421 70.426 85.431 61.437 56.443 56.449 73.455 85.461 79.467 56.473 59.477 55.479 1.472 0.000 52.576 59.570 59.573 65.580 82.590 82.601 75.613 68.626 60.639 47.653 17.671 82.684 62.691 0.000 0.000 0.000 0.000 0.000 0.000 0.000 0.000 0.000 1.933 21.690 105.229 105.154 97.518 98.230 98.125 98.072 98.020 97.969 97.920 97.873 98.826 93.781 83.736 78.692 77.649 77.606 77.564 77.524 81.485 55.454 0.000 25.199 81.180 77.162 38.149 0.120 0.000 29.108 75.109
60.420 0.000 0.000 59.424 58.426 57.428 57.431 56.435 56.440 69.445 84.451 77.457 84.464 86.470 73.476 57.483 64.490 64.496 52.501 0.000 0.580 63.582 59.582 61.586 85.592 92.600 70.609 61.619 68.629 75.638 63.645 0.000 42.680 60.682 0.000 0.000 0.000 0.000 0.000 0.000 0.000 0.000 0.000 2.303 7.854 105.301 102.798 98.474 98.206 98.171 98.115 98.063 98.013 97.964 97.917 97.870 98.825 97.780 95.736 94.691 94.648 95.606 97.565 71.526 13.490 0.000 10.178 66.158 97.137 88.118 61.094 37.088 54.096 57.101
59.439 58.445 0.000 58.440 69.441 73.443 77.446 82.449 85.454 86.459 86.466 86.472 72.478 59.485 75.492 92.499 93.507 93.516 86.527 64.545 0.000 60.589 58.591 67.596 95.602 82.609 59.617 58.625 60.633 63.640 54.645 0.000 19.673 19.675 0.000 0.000 0.000 0.000 0.000 0.000 0.000 0.000 9.986 11.522 4.125 105.368 106.740 102.355 98.265 98.209 98.156 98.105 98.055 98.006 97.959 97.913 97.868 97.823 97.779 97.733 98.688 101.646 73.605 6.566 0.000 0.000 0.000 11.135 67.112 98.091 89.076 65.073 42.088 11.094
59.452 61.452 57.459 59.456 74.456 73.457 69.459 65.462 64.466 60.474 81.480 71.487 82.493 73.500 89.507 85.515 78.524 79.535 90.547 96.563 85.583 86.593 78.600 86.605 94.611 67.617 58.624 59.631 59.638 58.645 58.651 60.659 55.666 4.669 64.667 55.667 0.000 0.000 0.000 0.000 0.000 0.449 78.625 75.838 105.472 105.424 100.622 101.425 98.297 98.248 98.195 98.144 98.095 98.048 98.001 97.956 97.911 97.867 97.822 99.776 104.726 73.684 13.645 0.000 0.000 0.000 0.000 0.000 8.086 59.060 94.046 44.041 0.000 0.000
61.465 0.000 56.470 59.469 59.470 59.471 58.473 59.475 61.476 59.488 71.496 66.502 75.508 86.515 74.522 59.531 60.540 61.551 62.564 67.578 80.592 90.602 96.609 94.615 83.620 59.626 59.632 59.638 59.644 59.650 60.655 83.660 56.663 0.000 60.666 10.666 4.666 0.000 0.000 0.000 0.000 10.110 98.411 100.609 105.513 98.980 98.648 98.373 98.341 98.284 98.233 98.183 98.134 98.088 98.042 97.998 97.954 97.911 99.868 84.822 38.756 5.720 0.000 0.000 0.000 0.000 0.000 0.000 0.000 30.015 92.009 44.004 0.000 0.000
62.479 0.000 56.482 59.482 59.483 59.484 59.486 60.488 0.000 58.508 62.512 73.518 73.524 81.530 86.537 72.545 57.555 57.567 57.581 59.594 61.605 62.613 63.620 63.625 62.629 61.634 57.639 57.645 58.651 59.656 70.660 84.662 55.664 49.666 51.666 0.000 0.000 0.000 0.000 0.000 0.000 14.089 97.211 105.584 105.548 97.825 98.531 98.425 98.372 98.319 98.268 98.219 98.172 98.127 98.082 98.039 97.997 97.956 102.918 58.888 0.000 0.000 0.000 0.000 0.000 0.000 0.000 0.000 0.000 32.975 92.970 51.964 0.000 0.000
