results3/res_3e8f-0169.wd
ncols         241
nrows         181
xllcorner     12693529.787448
yllcorner     3542525.717860
cellsize      155.156523
NODATA_value  -9999.000000
[rows 66 to 98 of 181, columns 146 to 218 of 241]
37.062 52.000 73.942 74.888 74.838 74.791 74.745 74.702 74.660 77.626 13.605 0.000 1.484 0.000 0.000 0.000 0.000 0.000 46.886 21.886 0.000 28.884 58.883 58.883 58.883 65.882 71.881 71.880 71.877 71.873 71.869 71.864 71.859 71.854 71.849 73.844 58.840 59.838 51.837 0.000 0.000 0.000 0.000 0.000 28.192 35.183 44.165 38.131 16.086 14.043 29.015 49.991 57.967 51.944 46.921 46.898 36.876 33.853 33.830 36.808 57.786 69.765 64.745 53.725 60.706 67.687 71.670 71.653 70.637 70.621 70.606 70.592 70.579
40.121 59.060 77.001 74.948 74.899 74.854 74.811 74.765 79.715 68.678 38.661 35.672 0.000 0.000 0.000 0.000 0.000 17.886 19.886 0.000 0.000 0.000 28.879 59.879 68.879 71.878 71.877 71.875 71.873 75.870 73.867 71.863 71.859 71.854 70.850 62.846 56.843 62.841 52.840 0.000 0.000 0.000 0.000 20.184 34.184 39.180 35.174 0.000 1.017 11.003 30.988 33.969 47.949 56.928 45.907 44.885 42.863 33.840 33.817 32.795 38.773 62.752 69.731 54.711 56.692 58.673 60.656 64.639 68.622 70.607 71.592 70.578 70.564
45.179 66.116 76.055 75.002 74.957 74.917 72.877 71.832 26.759 11.710 42.688 48.684 13.686 0.000 0.000 0.000 0.000 0.000 0.000 0.000 0.000 12.874 41.875 61.876 71.875 71.875 71.874 71.872 71.870 73.868 72.865 71.862 71.858 72.855 62.852 60.848 63.845 58.842 50.841 0.000 0.000 0.000 0.000 38.183 41.182 3.180 2.177 0.000 5.971 38.972 40.963 50.949 53.932 64.913 62.893 50.872 39.850 31.827 33.805 33.782 28.760 42.738 59.717 63.697 68.677 65.658 58.641 63.623 66.607 66.592 64.577 66.563 69.549
50.236 73.169 77.102 78.049 75.011 75.979 70.950 16.927 0.877 41.715 42.697 47.690 55.688 0.000 0.000 0.000 0.000 0.000 0.000 0.000 0.000 24.873 47.873 60.873 72.872 71.872 71.871 71.869 71.868 72.866 71.863 71.861 71.858 68.856 62.853 27.850 0.847 0.000 0.000 0.000 0.000 0.000 0.000 34.183 41.182 0.000 0.000 0.000 55.955 41.952 36.944 64.932 69.917 70.899 74.880 68.859 56.837 36.815 33.791 33.769 31.746 32.724 38.702 39.682 46.662 54.643 61.625 65.608 66.591 67.576 63.561 66.547 67.533
32.294 37.222 47.135 23.081 80.059 77.036 62.019 39.011 9.027 0.000 0.000 0.000 0.000 0.000 0.000 0.000 0.000 0.000 0.000 0.000 0.000 25.872 50.871 53.870 69.870 71.869 71.868 71.867 75.865 74.864 71.862 71.860 72.858 63.856 66.855 0.000 0.000 0.000 0.000 0.000 0.000 0.000 0.000 0.000 28.182 37.182 0.000 0.000 86.942 49.937 31.929 62.917 70.904 70.888 70.869 73.848 72.826 52.802 35.778 33.755 31.732 34.709 35.687 43.666 48.646 37.626 37.608 42.591 47.575 53.559 58.544 62.530 66.517
78.360 57.291 0.000 0.000 84.108 76.089 63.078 45.072 12.071 0.000 0.000 0.000 0.000 0.000 0.000 0.000 0.000 0.000 0.000 0.000 0.000 0.000 11.868 55.868 71.867 71.867 71.866 71.865 73.864 72.862 71.861 71.859 72.858 60.857 70.856 0.000 0.000 0.000 0.000 0.000 0.000 0.000 0.000 0.000 0.000 4.182 12.182 0.000 23.934 39.926 32.916 62.906 70.893 70.878 71.860 71.839 71.815 64.790 40.765 36.741 34.717 31.693 52.671 64.649 70.628 54.609 47.591 43.573 41.557 38.542 38.527 38.513 66.500
54.436 0.000 0.000 81.287 81.176 79.133 70.133 55.126 11.115 0.000 0.000 0.000 0.000 0.000 0.000 0.000 0.000 0.000 0.000 0.000 0.000 0.000 37.865 60.865 72.865 71.864 71.864 72.863 71.862 71.861 71.860 71.858 72.857 65.857 30.856 0.000 0.000 0.000 0.000 0.000 0.000 0.000 0.000 0.000 0.000 0.000 0.000 0.000 0.000 36.915 35.905 53.896 68.885 71.872 65.855 61.832 67.806 58.778 41.751 40.726 49.701 44.677 67.653 71.631 70.610 68.590 68.572 65.555 63.539 60.524 56.509 48.496 68.483
81.483 71.483 77.455 33.399 0.000 0.168 76.195 50.183 11.149 0.000 13.375 0.000 0.000 0.000 0.000 0.000 0.000 0.000 0.000 0.000 0.000 0.863 53.863 65.863 72.863 71.862 71.862 73.861 73.860 71.860 71.859 71.858 70.857 66.856 15.856 0.000 0.000 0.000 0.000 0.000 0.000 0.000 0.000 0.000 0.000 0.000 0.000 0.000 0.000 0.000 24.893 50.888 68.880 69.870 50.855 53.829 55.800 52.764 37.737 34.711 57.686 66.660 70.635 72.612 72.590 73.571 71.553 71.536 72.520 71.505 72.491 72.477 71.465
83.529 75.512 80.483 31.453 0.000 0.000 67.269 15.263 0.000 0.000 45.375 8.375 0.000 0.000 0.000 0.000 0.000 0.000 0.000 0.000 0.000 0.000 56.861 68.861 72.861 71.861 71.860 72.860 72.859 71.858 71.858 72.857 68.856 63.856 13.855 0.000 0.000 0.000 0.000 0.000 0.000 0.000 0.000 0.000 0.000 0.000 0.000 0.000 16.883 18.883 29.885 45.883 67.878 69.872 15.866 0.000 0.000 42.742 36.719 31.697 45.671 64.641 70.614 72.591 72.569 72.550 70.532 70.515 71.500 70.485 70.471 71.458 71.446
75.594 75.551 75.513 73.478 60.449 46.407 39.350 38.336 34.360 37.370 40.374 40.375 12.375 0.000 0.000 0.000 0.000 0.000 17.855 19.855 0.000 9.859 55.859 69.859 71.859 71.859 71.859 71.858 71.858 71.857 71.857 71.856 53.855 48.855 46.854 41.853 5.853 0.000 0.000 0.000 0.000 0.000 0.000 0.000 0.000 0.000 0.000 0.000 20.882 46.882 37.882 41.880 61.877 62.874 35.871 0.000 0.000 0.000 33.703 38.686 37.659 56.620 69.591 70.567 70.546 70.527 70.510 70.494 70.479 70.465 70.451 70.439 70.427
75.633 75.586 75.540 74.499 71.460 73.422 47.388 26.372 64.374 37.376 41.378 17.376 0.000 0.000 0.000 0.000 0.000 0.000 17.855 63.855 12.855 0.857 54.858 68.858 72.858 71.858 73.858 74.857 72.857 71.856 71.856 69.855 62.855 53.854 54.853 53.853 6.853 0.000 0.000 0.000 0.000 0.000 0.000 0.000 0.000 0.000 0.000 0.000 14.881 49.881 41.880 48.879 63.877 58.875 64.873 0.000 0.000 0.000 0.000 0.000 0.000 46.589 69.563 70.541 70.521 70.503 70.486 70.471 70.457 70.443 70.431 70.419 70.407
75.667 75.619 76.564 78.515 75.472 75.434 74.407 75.391 66.386 44.384 16.384 0.000 0.000 0.000 0.000 0.000 0.000 0.000 4.855 56.855 43.855 33.856 49.856 71.857 71.857 71.857 71.856 71.856 71.856 71.855 71.855 71.854 69.854 48.853 52.853 59.852 2.852 0.000 0.000 0.000 0.000 0.000 0.000 0.000 0.000 0.000 0.000 0.000 10.881 61.881 5.880 28.878 51.877 58.875 19.874 0.000 0.000 0.000 0.000 0.000 0.000 0.561 58.530 71.513 70.495 70.477 70.462 70.447 70.434 70.421 70.409 70.398 70.387
78.705 74.658 71.583 73.525 76.478 76.437 78.414 75.401 73.394 60.390 9.389 0.000 0.000 0.000 0.000 0.000 0.000 0.000 0.000 12.855 47.855 39.855 55.855 73.856 71.856 71.856 71.855 71.855 71.855 71.854 71.854 71.854 72.853 61.853 48.852 52.852 58.851 0.850 0.000 0.000 0.000 0.000 0.000 0.000 0.000 0.000 0.000 0.000 0.000 6.880 0.000 0.000 36.876 55.876 0.000 0.000 0.000 0.000 0.000 0.000 0.000 0.000 46.509 67.488 70.467 70.450 70.436 70.423 70.411 70.399 70.388 70.377 70.366
71.749 32.727 0.000 0.000 0.000 68.420 73.412 79.404 75.398 64.395 14.394 0.000 48.397 18.397 0.000 0.000 0.000 0.000 0.000 0.000 39.854 43.854 64.855 72.855 73.855 74.855 71.855 71.854 71.854 71.854 71.853 71.853 71.852 72.852 51.851 33.851 42.850 3.850 0.000 0.000 0.000 0.000 0.000 0.000 0.000 0.000 0.000 0.000 0.000 0.000 0.000 0.000 25.876 58.876 0.000 0.000 0.000 0.000 0.000 0.000 0.000 0.000 0.000 47.462 67.436 70.420 70.408 70.397 70.387 70.376 70.366 70.356 70.345
66.786 23.774 0.000 0.000 43.413 41.413 58.409 77.404 74.400 59.398 40.397 44.397 48.397 14.397 0.000 0.000 0.000 0.000 10.852 0.000 40.854 51.854 71.854 71.854 74.854 74.854 71.854 71.854 71.853 71.853 71.853 71.852 71.852 72.851 68.851 63.850 52.850 32.849 26.849 0.000 0.000 0.000 0.000 0.000 0.000 0.000 0.000 0.000 0.000 0.000 0.000 0.000 27.876 19.875 0.000 0.000 0.000 0.000 0.000 0.000 0.000 0.000 0.000 0.000 52.394 68.388 70.380 70.371 70.363 70.354 70.344 70.334 70.324
72.816 53.808 25.815 0.000 0.000 43.410 43.407 65.403 77.401 55.399 42.398 47.398 25.398 0.000 0.000 0.000 0.000 0.000 39.852 32.852 37.853 54.853 73.853 73.853 74.853 71.853 71.853 71.853 71.853 71.853 71.852 71.852 71.851 71.851 71.850 73.850 62.849 50.849 39.848 40.847 33.847 24.846 29.846 0.000 0.000 0.000 0.000 0.000 0.000 0.000 0.000 0.000 30.875 5.875 0.000 0.000 0.000 0.000 0.000 0.000 0.000 0.000 0.000 0.000 37.359 65.356 69.352 70.346 70.339 70.332 70.323 70.314 70.303
75.837 66.829 19.822 0.000 0.000 0.000 42.404 47.402 74.401 62.399 43.399 46.398 21.398 0.000 0.000 0.000 0.000 0.000 42.852 35.852 38.852 56.853 75.853 74.853 72.853 72.853 71.853 71.853 71.853 71.852 71.852 72.851 72.851 72.850 66.850 57.849 61.849 68.848 61.848 59.847 47.847 34.846 41.846 0.000 0.000 0.000 0.000 0.000 0.000 0.000 0.000 0.000 0.000 0.000 0.000 0.000 0.000 0.000 0.000 0.000 0.000 0.000 0.000 0.000 29.327 60.326 70.325 72.321 72.317 72.311 71.303 70.294 70.283
75.854 50.849 0.000 0.000 0.000 0.000 0.000 49.401 62.400 56.400 55.399 52.398 42.398 20.398 0.000 0.000 0.000 0.000 41.852 34.852 39.852 54.852 66.852 63.853 58.853 60.853 65.853 70.852 72.852 72.852 70.852 60.851 58.851 63.850 52.849 49.849 49.848 60.848 64.847 59.847 45.846 34.846 6.846 0.000 0.000 0.000 0.000 0.000 0.000 0.000 0.000 0.000 0.000 0.000 0.000 0.000 0.000 0.000 0.000 0.000 0.207 0.000 0.000 0.000 17.295 42.298 48.299 50.298 50.296 51.292 60.285 69.276 70.263
74.868 40.864 0.000 0.000 0.000 0.000 0.000 44.400 38.400 37.400 45.399 45.399 45.398 41.398 14.398 0.000 0.000 0.000 46.851 41.852 46.852 56.852 59.852 62.852 20.852 0.000 0.000 11.852 72.852 69.852 58.851 13.851 0.000 0.000 51.849 83.848 76.848 55.847 61.847 55.846 44.846 29.846 32.846 0.000 0.000 0.000 0.000 0.000 0.000 0.000 0.000 0.000 0.000 0.000 0.000 0.000 0.000 0.000 13.208 3.208 21.208 42.213 53.222 52.236 70.260 78.271 79.275 77.277 79.277 66.274 49.269 67.260 70.246
72.877 37.875 0.000 0.000 0.000 0.000 0.000 44.400 40.400 19.400 0.000 0.000 0.000 0.000 0.000 0.000 0.000 0.000 52.851 46.851 41.851 37.851 23.851 0.000 0.000 0.000 0.000 0.000 0.000 0.000 45.851 7.851 0.000 0.000 0.000 46.847 79.847 39.847 40.846 39.846 35.846 38.846 85.846 44.845 0.000 0.000 0.000 0.000 0.000 0.000 0.000 0.000 0.000 0.000 0.000 0.000 12.183 3.183 0.000 0.000 7.204 89.208 85.216 67.227 68.240 65.249 66.255 88.258 81.260 67.260 47.258 56.250 55.232
58.885 39.883 33.885 0.000 0.000 0.000 0.000 0.000 42.400 26.400 0.000 0.000 0.000 0.000 0.000 0.000 0.000 0.000 52.851 52.851 53.851 36.851 11.851 0.000 0.000 0.000 0.000 0.000 0.000 0.000 41.850 18.850 0.000 0.000 0.000 45.847 94.847 58.846 61.846 56.846 41.846 59.845 113.845 110.845 41.845 0.000 0.000 0.000 0.000 0.000 0.000 0.000 0.000 0.000 0.000 0.000 2.183 20.183 10.185 8.188 17.195 92.201 59.207 67.215 58.224 39.231 50.237 93.241 59.245 46.248 53.252 7.251 0.000
42.889 42.887 28.887 0.000 0.000 0.000 0.000 0.000 0.000 0.000 0.000 0.000 0.000 0.000 0.000 0.000 0.000 0.000 55.851 46.851 40.851 38.851 12.851 0.000 0.000 0.000 0.000 0.000 0.000 38.850 31.850 56.850 52.850 0.000 4.846 51.846 57.846 49.846 92.846 81.845 52.845 5.845 69.845 124.845 8.845 0.000 0.000 0.000 0.000 0.000 0.000 0.000 21.181 18.181 13.181 2.182 71.182 109.182 100.183 96.185 43.189 87.192 55.197 44.202 91.208 72.214 92.220 73.225 43.230 51.234 0.000 0.000 0.000
45.892 46.890 38.890 0.000 0.000 0.000 0.000 0.000 0.000 0.000 0.000 0.000 0.000 0.000 0.000 0.000 0.000 0.000 9.851 50.850 40.850 18.850 0.000 0.000 0.000 0.000 0.000 0.000 0.000 40.850 37.850 13.850 0.000 0.000 0.000 25.846 4.846 0.000 5.845 47.845 3.845 0.000 25.845 91.845 46.845 0.000 0.000 0.000 0.000 0.000 0.000 0.000 0.000 3.181 0.000 0.000 27.182 7.181 71.180 75.180 26.181 87.183 64.186 37.189 55.194 105.198 119.204 53.209 41.216 8.225 0.000 0.000 17.068
44.894 45.892 45.891 49.891 41.891 0.000 0.000 0.000 0.000 0.000 0.000 0.000 0.000 0.000 0.000 0.000 0.000 0.000 0.000 40.850 36.850 20.850 0.000 0.000 0.000 0.000 0.000 0.000 41.850 38.850 15.850 0.000 0.000 0.000 0.000 0.000 0.000 0.000 0.000 51.844 0.844 0.000 25.845 0.000 0.000 0.000 0.000 0.000 0.000 0.000 0.000 0.000 0.000 12.181 6.181 8.181 1.181 0.000 47.175 66.175 25.174 89.173 69.173 39.175 88.178 91.182 86.187 94.193 58.198 0.000 0.000 0.028 31.052
46.895 24.893 35.892 44.891 44.891 44.891 43.891 0.000 0.000 0.000 0.000 0.000 0.000 0.000 0.000 0.000 0.000 0.000 0.000 42.850 38.850 22.850 0.000 0.000 0.000 0.000 0.000 0.000 0.000 44.850 16.850 0.000 0.000 0.000 0.000 0.000 0.000 3.843 15.843 38.843 42.843 19.843 0.000 0.000 0.000 0.000 0.000 0.000 0.000 0.000 0.000 0.000 0.000 1.181 0.000 5.181 0.000 0.000 50.171 70.169 30.166 90.162 75.160 89.160 89.162 48.165 41.170 86.176 35.187 0.000 0.000 32.020 40.031
51.897 0.000 0.000 41.891 30.891 0.000 43.891 33.891 0.000 0.000 0.000 0.000 0.000 0.000 0.000 0.000 0.000 0.000 0.000 41.850 38.850 26.850 0.000 0.000 0.000 0.000 0.000 0.000 0.000 0.000 0.000 0.000 0.000 0.000 0.000 0.000 0.000 0.000 54.843 71.843 32.843 0.000 0.000 0.000 0.000 0.000 0.000 0.000 0.000 0.000 0.000 0.000 0.000 0.000 0.000 10.181 0.000 0.000 85.168 71.166 32.160 90.148 87.144 79.143 71.144 57.147 58.150 27.154 0.000 0.000 16.003 35.009 42.015
48.897 0.000 0.000 28.891 20.891 0.000 0.000 0.000 0.000 52.885 48.885 39.885 0.000 0.000 0.000 0.000 0.000 0.000 0.000 45.850 41.850 23.850 0.000 0.000 0.000 0.000 0.000 0.000 0.000 0.000 0.000 0.000 0.000 0.000 0.000 0.000 0.000 0.000 17.842 101.842 67.842 0.000 0.000 0.000 0.000 0.000 0.000 0.000 0.000 0.000 0.000 0.000 0.000 0.000 0.000 0.000 0.000 0.000 17.168 0.000 0.000 64.126 105.125 84.125 83.125 81.128 84.131 32.136 0.000 0.000 19.997 33.999 35.001
64.896 0.000 0.000 0.000 0.000 50.888 37.888 0.000 48.885 42.885 42.885 34.885 0.000 0.000 0.000 0.000 0.000 0.000 0.000 45.850 40.850 28.850 0.000 0.000 0.000 0.000 0.000 0.000 0.000 0.000 0.000 0.000 0.000 0.000 0.000 0.000 0.000 0.000 0.000 45.842 37.842 8.842 0.000 0.000 0.000 0.000 0.000 0.000 0.000 0.000 0.000 0.000 0.000 0.000 0.000 0.000 0.000 0.000 0.000 0.000 0.000 11.105 47.105 48.105 46.105 46.107 43.111 39.123 0.000 0.000 12.989 33.989 31.988
75.895 64.893 46.892 47.891 46.890 40.889 41.888 42.887 40.886 45.885 44.885 35.885 32.884 0.000 0.000 0.000 0.000 0.000 0.000 32.849 0.000 0.000 0.000 0.000 0.000 0.000 0.000 0.000 0.000 0.000 0.000 0.000 0.000 0.000 0.000 0.000 0.000 0.000 0.000 0.000 44.842 7.842 0.000 0.000 0.000 0.000 0.000 0.000 0.000 0.000 0.000 0.000 0.000 0.000 0.000 0.000 0.000 0.000 0.000 0.000 0.000 2.085 35.086 34.085 34.084 50.083 45.081 0.000 0.000 0.000 5.981 46.980 58.977
75.894 69.893 39.892 39.891 39.890 22.889 23.888 27.887 37.886 46.885 43.885 35.884 38.884 27.884 0.000 0.000 0.000 0.000 0.000 0.000 0.000 0.000 0.000 0.000 0.000 0.000 0.000 0.000 0.000 0.000 0.000 0.000 0.000 0.000 0.000 0.000 0.000 0.000 0.000 0.000 1.842 47.841 6.841 0.000 0.000 0.000 0.000 0.000 0.000 0.000 0.000 0.000 0.000 0.000 0.000 0.000 0.000 0.000 0.000 0.000 27.055 30.064 34.067 34.066 36.064 55.059 45.051 28.033 0.000 0.000 41.975 62.971 69.967
75.893 73.892 43.892 40.891 20.891 0.000 0.000 0.000 0.000 37.885 40.884 38.884 31.884 0.000 0.000 0.000 0.000 0.000 0.000 0.000 0.000 0.000 0.000 0.000 0.000 0.000 0.000 0.000 0.000 0.000 0.000 0.000 0.000 0.000 0.000 0.000 0.000 0.000 0.000 0.000 0.000 50.841 12.841 0.000 0.000 0.000 0.000 0.000 0.000 0.000 0.000 0.000 0.000 0.000 0.000 0.000 0.000 0.000 0.000 0.000 38.047 35.050 34.051 30.049 43.046 60.040 44.030 33.015 27.995 27.981 51.971 68.964 69.958
75.892 73.892 26.892 30.891 0.000 0.000 0.000 0.000 0.000 0.000 28.884 41.884 33.884 0.000 0.000 0.000 0.000 0.000 0.000 0.000 0.000 0.000 0.000 0.000 0.000 0.000 0.000 0.000 0.000 0.000 0.000 0.000 0.000 0.000 0.000 0.000 0.000 0.000 0.000 0.000 0.000 0.000 18.841 0.000 0.000 0.000 0.000 0.000 0.000 0.000 0.000 0.000 7.018 15.018 0.000 0.000 0.000 0.000 0.000 32.030 30.035 29.037 34.037 48.034 61.030 51.023 35.014 33.002 34.988 31.976 52.966 70.957 69.949
75.892 49.892 0.000 0.000 0.000 0.000 0.000 0.000 0.000 0.000 0.000 31.884 38.883 36.883 0.000 0.000 0.000 0.000 0.000 0.000 0.000 0.000 0.000 0.000 0.000 0.000 0.000 0.000 0.000 0.000 0.000 0.000 0.000 0.000 0.000 0.000 0.000 0.000 0.000 0.000 0.000 0.000 0.000 0.000 0.000 0.000 0.000 0.000 0.000 0.000 0.000 0.000 0.000 8.018 10.018 0.000 37.020 29.020 27.022 39.025 53.027 58.027 60.025 60.022 46.017 34.010 33.001 32.991 31.980 33.969 56.959 71.950 69.941
