results3/res_3e8f-0078.wd
ncols         241
nrows         181
xllcorner     12693529.787448
yllcorner     3542525.717860
cellsize      155.156523
NODATA_value  -9999.000000
[rows 99 to 131 of 181, columns 0 to 72 of 241]
0.000 0.000 0.000 0.000 0.000 57.557 97.557 99.557 90.556 85.556 0.000 0.000 0.000 0.000 0.000 0.000 0.000 65.521 62.517 0.000 0.000 0.000 1.529 60.528 59.528 0.527 0.000 0.000 0.000 6.585 0.000 0.000 0.000 0.000 12.434 58.429 54.418 53.399 54.372 55.342 68.310 57.275 61.236 53.194 55.147 53.097 54.044 58.987 59.928 57.866 61.803 54.737 54.670 56.602 59.530 73.452 74.386 59.333 45.285 0.000 0.000 0.000 0.000 0.000 22.874 77.870 74.858 61.836 36.813 31.790 75.769 52.750 54.733
0.000 0.000 0.000 0.000 0.000 58.558 98.558 98.558 0.000 0.000 0.000 0.000 0.000 0.000 0.000 0.000 10.526 76.526 65.525 3.528 0.530 0.530 63.530 62.529 66.529 0.000 0.000 0.000 0.000 64.585 56.585 0.000 0.000 0.000 71.481 81.474 67.464 60.449 54.428 56.403 75.374 60.341 66.303 66.261 57.215 72.165 64.111 65.054 54.993 62.930 62.865 60.799 54.730 55.661 59.589 56.485 18.415 8.374 0.000 0.000 0.000 0.000 0.000 25.850 62.854 74.851 81.841 71.826 47.809 48.791 62.774 53.758 54.743
3.564 0.000 0.000 0.000 0.000 45.559 94.559 103.559 13.560 0.000 0.000 0.000 0.000 0.000 0.000 0.000 0.000 83.531 64.531 65.531 67.532 64.532 61.531 62.530 60.529 0.000 0.000 0.000 0.000 57.585 57.585 58.583 57.575 57.561 56.533 66.524 75.516 22.505 86.489 76.468 81.442 66.411 11.374 82.333 80.287 79.236 83.182 72.123 55.061 57.996 62.930 62.861 59.792 55.724 44.678 0.000 0.000 0.000 0.000 0.000 0.000 0.000 0.000 35.846 62.842 62.838 73.830 72.819 55.806 55.792 54.778 54.764 54.752
71.564 74.564 6.564 0.000 0.000 55.560 94.560 99.560 109.560 14.560 0.000 0.000 0.000 0.000 5.543 5.542 3.540 20.536 68.535 65.534 83.534 97.533 72.532 57.531 0.000 0.000 0.000 0.000 0.000 0.000 56.587 57.589 57.582 57.574 57.568 56.572 56.572 55.567 56.556 61.539 73.515 67.486 10.450 82.409 83.362 61.312 68.256 85.196 79.132 66.064 55.995 61.925 62.851 65.766 50.722 0.000 0.000 0.000 0.000 0.000 0.000 0.000 0.000 0.000 13.831 59.828 56.822 56.813 54.803 54.792 54.781 54.770 54.759
85.564 68.564 68.564 70.563 72.563 91.562 99.561 99.561 99.560 101.560 75.560 14.560 0.000 63.545 70.545 71.543 33.542 28.540 91.538 99.537 94.536 90.534 73.533 0.000 0.000 0.000 0.000 0.000 0.000 0.000 0.000 57.604 56.591 55.586 56.592 57.623 57.632 57.633 57.628 58.615 77.595 72.567 55.532 57.490 68.443 79.392 56.335 68.274 69.206 62.134 82.063 64.993 56.922 0.000 0.000 0.000 0.000 0.000 0.000 0.000 0.000 0.000 0.000 0.000 5.823 59.821 54.816 54.810 54.802 54.793 54.784 52.775 50.767
100.564 90.564 71.564 75.564 93.563 99.562 99.562 99.561 99.561 94.561 66.560 72.559 0.553 54.546 89.546 97.545 97.544 81.542 96.541 103.540 13.539 0.000 0.000 0.000 0.000 0.000 0.000 0.000 0.000 0.000 0.000 57.633 0.000 0.000 0.000 58.696 57.702 57.707 57.708 58.700 74.683 79.655 56.620 57.577 57.529 75.476 76.420 54.357 62.285 81.201 73.130 51.061 0.000 0.000 0.000 0.000 0.000 0.000 0.000 0.000 0.000 0.000 0.000 0.000 2.818 59.816 54.812 54.807 54.801 53.794 52.788 57.781 58.774
100.565 100.565 95.564 98.564 99.564 99.563 99.563 99.562 99.561 95.561 70.560 87.560 0.000 0.000 67.548 91.547 99.546 100.545 99.544 104.543 7.542 0.000 0.000 0.000 0.000 0.000 0.000 0.000 0.000 0.000 0.000 57.661 0.000 0.000 59.770 57.762 57.772 57.785 57.795 57.795 74.780 79.752 56.714 57.669 57.619 58.566 79.510 73.449 80.377 70.257 51.193 0.000 0.000 0.000 0.000 0.000 0.000 0.000 0.000 0.000 0.000 0.000 0.000 0.000 57.815 54.813 54.810 54.806 54.801 53.796 55.791 59.786 60.781
98.565 99.565 99.565 99.565 99.564 99.564 99.563 99.563 99.562 100.561 95.560 102.559 26.558 5.555 55.552 74.550 97.549 99.547 100.546 88.545 2.543 0.000 0.000 0.000 0.000 0.000 0.000 0.000 0.000 0.000 0.000 51.690 56.719 56.748 55.777 57.813 57.838 57.867 57.894 57.903 74.891 79.860 56.817 57.766 57.712 57.658 62.605 85.555 65.515 0.000 0.000 0.000 0.000 0.000 0.000 0.000 0.000 0.000 0.000 0.000 0.000 0.000 0.000 0.000 10.813 61.812 57.809 58.805 56.801 52.798 59.795 60.792 58.789
95.566 100.566 99.566 99.566 99.565 99.565 99.564 99.564 99.563 99.562 100.561 93.560 77.558 68.556 62.554 89.552 99.551 99.550 104.549 7.548 0.000 0.000 0.000 0.000 0.000 0.000 0.000 0.000 0.000 0.000 0.000 0.000 0.000 0.000 0.000 57.874 57.901 57.950 58.011 58.033 74.019 80.981 57.926 57.866 57.805 57.748 57.696 63.650 16.613 0.000 0.000 0.000 0.000 0.000 0.000 0.000 0.000 0.000 0.000 0.000 0.000 0.000 0.000 0.000 0.000 0.000 0.000 0.000 2.800 61.799 59.798 60.797 57.797
95.567 100.567 99.567 99.567 99.566 99.566 99.565 99.565 99.564 99.563 100.562 85.561 64.559 63.557 72.556 96.554 99.553 99.552 105.551 10.551 1.551 0.000 0.000 0.000 0.000 0.000 0.000 0.000 0.000 0.000 0.000 0.000 0.000 0.000 0.000 53.909 57.943 55.020 58.167 58.198 77.174 81.117 58.043 57.966 57.895 57.834 57.783 54.736 4.674 0.000 0.000 0.000 0.000 0.000 0.000 0.000 0.000 0.000 0.000 0.000 0.000 53.794 0.000 0.000 0.000 0.000 0.000 0.000 57.800 58.800 60.801 60.802 57.804
98.568 99.568 99.568 99.568 99.567 99.567 99.566 99.566 99.565 99.564 99.563 96.562 73.560 74.559 91.557 98.556 99.555 99.554 106.553 23.553 0.000 0.000 0.000 0.000 0.000 0.000 0.000 0.000 0.000 0.000 0.000 0.000 0.000 0.000 0.000 0.000 53.943 0.000 57.438 58.419 86.361 73.270 58.162 58.059 57.975 70.911 60.864 55.836 0.000 0.000 0.000 0.000 0.000 0.000 0.000 0.000 0.000 0.000 0.000 0.000 5.794 64.794 49.794 0.000 0.000 0.000 0.000 58.800 61.801 60.802 57.803 53.806 53.810
99.569 99.569 99.569 99.569 99.569 99.568 99.568 99.567 99.566 99.565 99.564 99.563 101.562 101.560 100.559 99.558 99.557 101.556 90.555 33.555 0.000 0.000 0.000 0.000 0.000 0.000 0.000 0.000 0.000 0.000 0.000 0.000 0.000 0.000 0.000 0.000 0.000 0.000 57.728 58.678 92.582 61.442 58.275 58.135 70.036 78.969 57.927 57.909 56.927 0.000 0.000 0.000 0.000 0.000 0.000 0.000 0.000 0.000 0.000 0.000 0.000 60.794 61.794 48.795 0.000 54.798 56.799 60.800 59.801 57.802 56.804 52.807 60.812
98.570 97.570 99.570 99.570 99.570 99.570 99.569 99.569 99.568 99.567 99.566 99.565 99.563 99.562 99.560 99.559 100.558 83.558 11.557 2.557 60.558 74.558 20.558 0.000 0.000 1.557 0.000 0.000 0.000 0.000 0.000 0.000 0.000 0.000 0.000 0.000 0.000 0.000 54.069 64.983 87.846 58.640 55.361 58.168 58.066 58.003 57.965 57.947 57.945 54.945 0.000 0.000 0.000 0.000 0.000 0.000 0.000 0.000 0.000 0.000 0.000 55.794 51.795 57.795 52.796 60.798 60.799 59.800 55.801 58.803 53.804 52.807 52.811
88.572 88.572 97.572 99.572 99.572 99.572 99.571 99.571 99.570 99.569 99.568 100.566 101.565 99.563 99.562 99.560 99.560 21.559 5.559 60.558 70.558 80.558 79.558 72.558 64.557 5.557 0.000 0.000 0.000 0.000 0.000 0.000 0.000 0.000 0.030 58.997 61.934 61.786 58.497 57.339 66.181 53.910 0.000 54.112 58.056 58.013 57.984 57.968 56.962 0.000 0.000 0.000 0.000 0.000 0.000 0.000 57.792 68.792 0.000 0.000 56.794 54.794 54.794 51.795 59.796 60.797 60.798 57.800 60.801 60.803 58.804 53.806 42.807
70.573 75.573 94.574 100.574 99.574 99.573 99.573 99.573 99.572 99.571 101.570 87.568 83.566 98.564 103.563 100.562 95.561 77.560 80.560 86.559 80.559 81.558 60.558 53.558 0.000 0.000 0.000 0.000 0.000 0.000 0.000 0.000 0.000 0.000 50.060 56.060 59.018 58.927 58.794 58.694 60.627 0.000 0.000 0.000 53.032 58.008 57.990 57.978 57.972 0.000 0.000 0.000 0.000 0.000 0.000 17.792 74.792 56.792 54.793 54.793 54.793 54.794 52.794 57.795 60.796 60.797 56.798 60.800 60.801 59.802 53.803 54.804 44.805
54.574 69.575 88.575 101.576 102.576 102.576 100.575 99.575 100.574 99.573 100.572 38.571 9.567 57.565 75.563 96.562 103.562 101.562 101.562 87.560 10.559 0.000 0.000 0.000 0.000 0.000 0.000 0.000 0.000 5.078 7.078 0.000 0.000 0.000 0.000 55.166 59.151 57.111 58.057 60.018 61.007 0.000 0.000 0.000 0.000 50.999 57.990 57.982 54.977 0.000 0.000 0.000 0.000 0.000 0.000 0.000 16.792 70.792 53.793 53.793 54.793 53.794 53.794 59.795 60.795 58.796 46.797 0.000 64.802 58.802 58.803 58.804 44.804
18.575 40.576 73.578 79.578 73.578 75.578 92.578 100.577 96.577 89.576 88.576 23.575 0.000 0.000 0.000 33.563 68.563 94.564 101.565 0.000 0.000 0.000 0.000 0.000 0.000 0.000 0.000 0.000 0.000 47.078 68.078 13.078 0.000 0.000 0.000 55.287 61.309 60.310 69.304 70.315 60.375 5.554 0.000 0.000 0.000 0.000 54.987 55.985 0.000 0.000 0.000 0.000 0.000 0.000 0.000 0.000 0.000 75.792 78.793 58.793 52.793 50.793 60.794 60.794 55.795 0.000 0.000 0.000 5.802 63.802 60.803 60.803 50.803
0.000 0.000 54.581 63.581 15.581 1.581 64.580 93.580 84.579 80.579 94.579 61.579 21.581 0.000 0.000 0.000 0.000 39.566 70.569 0.000 0.000 0.000 0.000 0.000 0.000 0.000 0.000 0.000 0.000 0.000 52.078 70.078 1.078 0.000 0.000 46.387 60.486 58.517 88.533 81.562 59.625 61.732 7.850 0.000 0.000 0.000 49.987 0.000 0.000 0.000 0.000 0.000 0.000 0.000 0.000 0.000 0.000 0.000 63.793 80.793 65.793 59.793 60.793 55.794 0.000 0.000 0.000 0.000 0.000 55.802 60.803 60.803 55.803
0.000 0.000 50.585 95.584 52.584 1.584 53.583 85.583 87.582 98.582 100.582 103.582 109.583 48.584 17.584 0.000 0.000 0.000 10.575 5.577 0.000 0.000 0.000 0.000 0.000 0.000 0.000 0.000 0.000 0.000 53.078 68.078 0.000 5.080 9.080 0.000 53.734 61.737 91.749 73.778 61.829 60.901 65.968 0.000 0.000 0.000 0.000 0.000 0.000 0.000 0.000 0.000 0.000 0.000 0.000 0.000 0.000 0.000 0.000 1.793 68.793 58.793 56.793 0.000 0.000 0.000 0.000 0.000 54.802 53.802 55.802 49.803 0.000
23.593 38.592 72.589 90.588 98.587 67.587 80.586 103.585 100.585 99.584 99.584 99.584 99.584 105.585 108.585 64.584 23.583 5.582 68.579 82.579 75.580 77.581 33.581 9.581 6.580 0.000 0.000 0.000 0.000 0.000 32.078 54.078 60.079 60.080 63.081 22.082 54.978 83.948 85.949 62.971 61.013 61.073 64.154 9.286 4.344 0.000 0.000 0.000 0.000 0.000 0.000 0.000 0.000 0.000 0.000 0.000 0.000 0.000 0.000 0.000 0.000 0.000 2.793 0.000 0.000 0.000 0.000 56.802 51.802 49.802 0.000 0.000 0.000
96.594 99.593 99.592 97.591 95.590 96.589 98.589 98.588 99.587 100.587 100.587 99.586 92.586 96.586 99.585 103.585 107.584 108.583 100.581 96.581 93.581 88.581 90.581 83.581 39.580 17.580 0.000 0.000 0.000 0.000 0.000 0.000 0.000 0.000 0.000 79.186 68.150 97.129 88.127 75.144 62.177 61.226 61.289 65.361 61.402 0.000 0.000 0.000 0.000 0.000 0.000 0.000 0.000 0.000 0.000 0.000 0.000 0.000 0.000 0.000 0.000 0.000 0.000 0.000 0.000 0.000 0.000 0.000 0.000 0.000 0.000 0.000 0.000
99.596 94.595 92.594 91.594 85.593 82.592 83.591 83.591 89.590 94.589 94.589 87.588 71.588 86.587 99.586 99.586 99.585 99.584 99.583 99.582 100.582 100.581 103.581 104.581 104.580 104.580 43.580 0.000 0.000 0.000 0.000 0.000 0.000 0.000 0.000 51.326 77.307 82.290 66.287 83.300 71.326 61.366 61.414 64.465 7.502 0.000 0.000 0.000 0.000 0.000 0.000 0.000 0.000 0.000 0.000 0.000 0.000 0.000 0.000 0.000 0.000 0.000 0.000 0.000 0.000 0.000 0.000 0.000 0.000 0.000 0.000 0.000 0.000
69.598 42.598 64.597 78.596 76.596 56.595 41.594 37.593 57.593 74.592 73.591 66.590 61.589 71.589 92.588 100.587 99.586 99.585 99.584 99.583 99.582 103.582 78.581 66.581 65.580 69.580 72.580 11.580 0.580 0.000 0.000 0.000 0.000 0.000 0.000 49.486 85.461 68.438 60.432 70.441 81.463 65.496 61.536 61.583 67.640 11.737 5.781 0.000 0.000 0.000 0.000 0.000 0.000 0.000 0.000 0.000 0.000 0.000 0.000 0.000 0.000 0.000 0.000 0.000 0.000 0.000 0.000 0.000 0.000 0.000 0.000 0.000 0.000
59.601 30.600 52.600 67.599 63.599 40.598 26.597 30.596 50.595 64.594 62.593 62.592 63.591 61.590 80.589 97.588 99.587 99.586 99.585 99.584 98.583 61.582 0.000 0.000 0.000 0.000 0.000 0.000 0.000 55.853 75.853 27.852 13.849 9.836 56.786 73.672 90.612 67.569 61.561 59.570 76.590 78.618 64.652 61.692 61.737 64.789 73.825 11.855 6.862 0.000 0.000 0.000 0.000 0.000 0.000 0.000 0.000 0.000 0.000 0.000 0.000 0.000 0.000 0.000 0.000 0.000 0.000 0.000 0.000 0.000 0.000 0.000 0.000
72.604 68.603 63.603 62.602 63.602 65.601 66.600 69.599 68.598 64.597 63.596 63.595 63.593 62.592 69.590 91.589 100.588 99.586 101.585 73.584 39.584 0.000 0.000 0.000 0.000 0.000 0.000 0.000 0.000 20.853 42.854 45.855 49.858 63.872 60.852 81.802 78.748 52.664 59.675 61.688 63.709 76.734 68.763 63.795 61.828 60.858 77.875 68.877 62.870 0.000 0.000 0.000 0.000 0.000 0.000 0.000 0.000 0.000 0.000 0.000 0.000 0.000 0.000 0.000 0.000 0.000 0.000 0.000 0.000 0.000 0.000 0.000 0.000
62.607 63.607 63.606 63.606 63.605 63.604 63.603 63.602 63.601 63.600 63.598 63.597 63.595 63.594 61.592 82.590 99.589 101.587 97.586 23.585 0.000 0.000 0.000 0.000 0.000 0.000 0.000 0.000 0.000 0.000 0.000 0.000 0.000 47.941 64.949 90.934 64.915 0.000 47.785 62.800 60.822 64.846 65.871 74.897 63.921 61.939 60.941 56.909 0.000 0.000 0.000 0.000 0.000 0.000 0.000 0.000 0.000 0.000 0.000 0.000 0.000 0.000 0.000 0.000 0.000 0.000 0.000 0.000 0.000 0.000 0.000 0.000 22.074
63.610 63.610 63.610 63.609 63.609 63.608 63.607 62.605 62.604 63.603 63.601 63.599 63.598 63.596 62.594 70.592 85.590 96.588 84.586 10.585 0.000 0.000 0.000 0.000 0.000 0.000 0.000 0.000 0.000 0.000 0.000 0.000 0.000 25.004 74.067 99.071 9.064 0.000 45.879 63.906 61.933 60.957 68.980 80.001 68.021 62.036 66.042 0.000 0.000 0.000 0.000 0.000 0.000 0.000 0.000 0.000 0.000 0.000 0.000 0.000 0.000 0.000 0.000 0.000 0.000 0.000 0.000 0.000 0.000 0.000 0.000 0.000 79.150
63.614 63.614 63.614 63.613 63.612 63.611 63.610 67.609 68.607 64.606 63.604 63.602 63.600 63.598 63.595 62.593 65.590 74.588 74.586 15.585 0.000 0.000 0.000 0.000 0.000 0.000 17.164 0.000 0.000 0.000 0.000 0.000 0.000 0.000 78.242 93.221 16.205 0.000 29.946 61.014 62.046 62.069 61.089 66.108 68.125 64.140 66.150 0.000 0.000 0.000 0.000 0.000 0.000 0.000 0.000 0.000 0.000 0.000 0.000 0.000 0.000 0.000 0.000 0.000 0.000 0.000 0.000 0.000 0.000 0.000 0.000 63.375 72.281
63.618 63.618 63.617 63.617 63.616 63.615 62.614 74.613 79.611 66.609 63.607 63.605 63.603 63.600 63.597 63.594 63.591 62.588 65.585 46.583 0.000 0.000 0.000 0.000 0.000 59.165 80.164 42.162 33.151 32.137 0.000 0.000 0.000 59.570 101.439 75.367 75.329 2.350 0.000 47.156 64.169 62.184 62.199 60.215 76.233 80.250 74.266 0.000 0.000 0.000 0.000 0.000 0.000 0.000 0.000 0.000 0.000 0.000 0.000 0.000 0.000 0.000 0.000 0.000 0.000 0.000 0.000 0.000 0.000 0.000 37.543 88.468 74.391
63.622 63.622 63.622 63.621 63.620 63.619 62.618 75.616 81.615 65.613 63.611 63.608 63.605 63.602 63.599 63.596 63.592 63.588 63.583 69.578 40.573 0.000 0.000 0.000 0.000 22.166 37.167 59.170 67.155 71.123 45.062 20.978 55.863 93.701 91.576 71.479 53.393 11.372 0.000 47.285 64.290 63.298 66.309 61.322 70.340 93.363 90.399 35.472 0.000 15.635 0.000 0.000 0.000 0.000 0.000 0.000 0.000 0.000 0.000 0.000 0.000 0.000 0.000 0.000 0.000 0.000 0.000 0.000 0.000 0.000 74.617 130.564 113.499
60.627 61.627 62.626 62.626 63.625 63.624 61.622 76.621 79.619 62.617 63.614 63.612 63.609 63.605 63.602 63.597 63.593 63.588 63.582 63.575 69.567 49.558 0.546 0.000 0.000 0.000 0.000 35.195 66.176 62.140 65.084 69.008 80.912 97.795 81.684 49.582 0.000 0.000 0.000 46.408 63.408 66.410 79.416 65.426 75.440 76.462 95.495 99.544 82.606 32.635 0.000 0.000 0.000 0.000 0.000 0.000 0.000 0.000 0.000 0.000 0.000 0.000 0.000 0.000 0.000 0.000 0.000 0.000 0.000 60.840 70.746 71.672 74.604
81.632 76.631 71.631 69.630 65.629 61.628 61.627 76.625 79.623 61.621 63.618 63.615 63.612 63.609 63.604 63.600 62.594 61.588 62.581 62.573 62.563 68.551 45.534 22.521 0.000 0.000 0.000 34.239 72.214 66.176 61.125 74.060 96.980 90.883 58.784 0.000 0.000 0.000 0.000 44.532 62.524 67.518 74.519 69.524 74.534 73.551 86.574 80.605 73.639 46.664 1.686 0.000 0.000 0.000 0.000 0.000 0.000 0.000 0.000 0.000 0.000 0.000 0.000 0.000 7.651 0.000 0.000 4.014 38.014 65.934 134.852 98.784 130.667
101.637 100.637 96.636 91.635 87.634 82.633 77.632 73.630 68.628 62.626 63.623 63.620 63.616 63.612 62.608 64.603 70.597 75.590 74.582 72.573 66.562 61.547 65.530 71.507 35.471 16.431 20.380 54.309 77.265 68.224 64.180 87.128 99.066 54.974 0.000 0.000 0.000 7.764 14.738 48.665 61.636 66.622 82.616 72.617 65.623 58.632 64.646 82.663 79.682 85.696 4.707 0.000 0.000 0.000 0.000 0.000 0.000 0.000 0.000 0.000 0.000 0.000 0.000 0.000 4.651 0.000 0.000 0.000 73.093 64.029 73.958 96.850 73.021
