results3/res_3e8f-0078.wd
ncols         241
nrows         181
xllcorner     12693529.787448
yllcorner     3542525.717860
cellsize      155.156523
NODATA_value  -9999.000000
[rows 33 to 65 of 181, columns 73 to 145 of 241]
0.000 0.000 0.000 0.000 0.000 0.000 0.000 0.000 0.000 0.000 0.000 0.000 0.000 0.000 0.000 0.000 0.000 0.000 0.000 0.000 0.000 0.000 0.000 0.000 0.000 0.000 0.000 0.000 0.000 0.000 0.000 0.000 0.000 0.000 0.000 0.000 0.000 0.000 0.000 35.368 58.369 63.371 19.372 0.000 0.000 28.432 42.454 9.437 0.442 32.468 35.476 29.473 30.457 31.428 31.385 31.328 31.258 30.178 36.085 55.961 2.611 9.659 7.154 42.473 58.988 63.545 62.131 62.759 61.322 63.436 58.514 58.083 58.076
0.000 0.000 0.000 0.000 0.000 0.000 0.000 0.000 0.000 0.000 0.000 0.000 0.000 0.000 0.000 0.000 0.000 0.000 0.000 0.000 0.000 0.000 0.000 0.000 0.000 0.000 0.000 0.000 0.000 0.000 0.000 0.000 0.000 0.000 0.000 0.000 0.000 0.000 0.000 0.000 10.370 5.370 0.000 0.000 0.000 0.000 24.524 0.000 0.000 22.498 46.527 45.529 35.514 31.483 31.434 31.367 31.283 30.190 52.099 50.030 0.000 32.687 45.330 58.836 63.366 62.920 62.516 62.047 63.131 59.169 58.418 58.666 60.983
0.000 0.000 0.000 0.000 0.000 0.000 0.000 0.000 0.000 0.000 0.000 0.000 0.000 0.000 0.000 0.000 0.000 0.000 30.796 62.796 15.796 0.000 0.000 0.000 0.000 0.000 0.000 0.000 0.000 0.000 0.000 0.000 0.000 0.000 0.000 0.000 0.000 0.000 0.000 0.000 0.000 0.000 0.000 0.000 0.000 0.000 16.595 0.000 0.000 0.000 24.606 42.602 42.587 33.555 31.501 31.421 29.318 45.199 54.092 0.000 18.511 43.073 57.641 64.178 63.715 63.284 62.785 64.837 60.839 58.883 59.267 61.602 60.859
0.000 0.000 0.000 0.000 0.000 0.000 0.000 0.000 0.000 0.000 0.000 17.796 55.796 0.000 0.000 0.000 0.000 0.000 37.796 88.796 44.796 0.000 0.000 0.000 0.000 0.000 0.000 0.000 0.000 0.000 0.000 0.000 0.000 0.000 0.000 0.000 0.000 0.000 0.000 0.000 0.000 0.000 0.000 0.000 0.000 0.000 19.665 20.698 27.714 13.716 23.690 31.685 44.678 35.651 31.593 28.500 39.369 49.197 37.978 13.554 42.949 60.453 64.984 64.513 64.063 63.536 63.556 62.527 59.465 59.887 62.228 61.484 61.263
0.000 0.000 0.000 0.000 0.000 0.000 0.000 0.000 0.000 0.000 0.000 38.796 73.796 62.796 49.796 4.796 0.000 22.796 76.796 84.796 49.796 0.000 0.000 0.000 0.000 18.715 0.000 0.000 0.000 0.000 0.000 0.000 0.000 0.000 0.000 0.000 0.000 2.722 0.000 0.000 0.000 6.723 24.723 0.000 0.000 35.711 50.703 53.715 51.729 37.742 31.753 30.772 44.788 35.776 27.722 41.615 55.462 43.242 31.068 45.734 50.279 62.805 65.325 64.858 64.307 64.293 62.237 60.162 60.533 62.870 62.123 61.897 61.578
0.000 0.000 0.000 0.000 0.000 0.000 0.000 0.000 0.000 0.000 0.000 9.796 71.796 54.797 35.797 0.000 18.797 68.797 79.796 86.796 45.796 0.000 0.000 0.000 0.000 56.715 40.715 0.000 0.000 0.000 0.000 0.000 0.000 0.000 0.000 0.000 19.722 31.722 33.722 0.000 0.000 15.723 40.723 19.723 33.722 56.719 59.720 60.729 57.746 44.772 31.808 28.861 45.925 36.945 40.903 58.778 52.620 0.000 29.317 48.036 60.627 66.161 65.683 65.110 65.059 62.981 60.993 61.214 63.540 62.787 62.552 62.222 61.908
0.000 0.000 0.000 0.000 0.000 0.000 0.000 0.000 0.000 0.000 0.000 0.000 0.000 22.797 60.797 56.797 44.797 57.797 77.797 88.796 41.795 0.000 0.000 0.000 0.000 18.715 42.715 44.715 0.000 0.000 0.000 0.000 0.000 0.000 0.000 0.000 35.722 36.722 48.722 31.723 20.723 34.723 35.724 31.724 38.724 45.725 43.728 36.737 55.754 21.790 37.846 40.939 31.106 43.176 56.168 52.973 0.000 4.270 40.848 57.465 66.034 66.544 65.966 65.873 62.777 62.002 61.943 64.246 63.486 63.240 62.896 62.563 62.229
0.000 0.000 0.000 0.000 0.000 0.000 0.000 0.000 0.000 0.000 0.000 0.000 0.000 12.797 79.797 74.798 64.798 54.798 78.797 86.796 81.794 66.792 21.790 0.000 0.000 0.000 0.000 52.716 36.716 34.716 45.716 40.716 3.717 0.000 0.000 0.000 35.722 34.722 55.722 61.723 50.723 42.724 34.724 31.725 32.726 33.727 32.730 30.736 38.742 0.000 0.000 0.275 36.385 59.484 57.621 0.000 3.118 40.693 54.337 63.955 67.466 66.996 67.744 63.661 63.272 62.742 65.004 64.232 63.969 63.609 63.259 62.901 62.543
0.000 0.000 0.000 0.000 0.000 0.000 0.000 0.000 0.000 0.000 0.000 0.000 0.000 0.000 12.798 51.798 26.799 62.799 81.798 86.797 84.794 82.791 71.788 30.786 0.000 0.000 0.000 8.716 47.716 47.716 60.716 58.717 51.717 46.717 0.000 0.000 2.722 39.722 58.722 65.723 57.723 41.724 30.725 31.725 31.727 31.728 31.731 31.734 35.736 0.000 0.000 0.000 6.570 43.754 13.210 10.537 45.429 50.168 61.874 68.452 68.275 66.479 64.767 64.944 63.650 65.835 65.039 64.752 64.371 64.000 63.623 63.241 62.849
0.000 0.000 0.000 0.000 0.000 0.000 0.000 0.000 0.000 0.000 0.000 0.000 0.000 0.000 0.000 0.000 83.801 83.801 85.801 85.798 84.795 78.790 72.786 43.784 0.000 0.000 0.000 0.000 0.000 15.716 60.716 54.717 69.717 66.717 45.718 24.720 25.721 34.722 56.722 65.723 56.723 39.724 29.725 34.726 33.727 31.729 31.730 31.732 32.734 24.733 0.000 0.000 0.000 0.000 4.927 47.972 50.879 58.701 69.396 69.483 67.822 69.631 67.249 64.728 66.772 65.929 65.599 65.188 64.792 64.393 63.993 63.591 62.171
0.000 0.000 0.000 0.000 0.000 0.000 18.623 41.623 0.000 19.585 59.576 48.566 52.558 27.552 0.000 0.000 19.803 91.804 85.804 82.802 79.796 82.789 73.783 36.779 0.000 0.000 0.000 0.000 0.000 0.000 0.000 4.717 58.717 59.717 10.718 0.000 1.722 38.722 56.722 61.723 51.723 42.724 40.725 2.726 9.727 37.729 31.730 31.731 32.733 38.733 46.733 8.733 0.000 0.000 20.598 53.547 57.426 68.215 70.410 70.031 73.354 71.896 66.142 67.862 66.922 66.523 66.066 65.637 65.212 64.788 64.366 63.959 69.630
0.000 0.000 0.000 0.000 0.000 0.000 18.624 61.622 3.611 53.593 55.578 67.565 50.554 35.547 0.000 0.000 7.805 76.807 88.811 85.808 85.799 86.788 80.777 34.770 0.000 0.000 0.000 0.000 0.000 0.000 0.000 0.000 0.000 43.717 2.718 0.000 0.000 44.722 41.722 53.723 10.723 0.000 0.000 0.000 0.000 3.730 41.730 35.731 0.000 28.733 62.733 45.733 0.000 0.000 25.329 59.163 68.054 71.160 70.906 75.117 74.376 67.568 69.042 68.004 67.518 67.003 66.534 66.079 65.631 65.181 64.723 64.250 68.761
16.895 60.892 50.890 0.000 0.000 0.000 12.627 72.630 48.617 50.598 56.579 80.562 81.547 76.535 30.524 0.000 0.000 0.000 36.827 90.819 85.804 86.786 83.768 42.755 0.000 0.000 0.000 0.000 0.000 0.000 0.000 0.000 0.000 1.717 0.000 0.000 0.000 0.000 0.000 0.000 0.000 0.000 0.000 0.000 0.000 0.000 0.000 16.731 13.730 0.000 0.000 0.000 0.000 14.724 52.142 69.088 70.754 71.676 76.036 75.659 68.634 70.118 69.079 68.539 67.976 67.468 66.983 66.514 66.051 65.582 65.095 64.558 66.888
16.895 72.892 54.888 50.884 0.000 0.000 0.000 64.655 66.631 66.603 78.577 75.556 87.537 86.522 47.512 0.000 0.000 0.000 12.850 92.837 85.813 86.784 83.753 43.726 0.000 0.000 4.370 52.338 64.304 33.280 0.000 0.000 0.000 0.000 0.000 0.000 0.000 0.000 0.000 0.000 0.000 0.000 0.000 0.000 0.000 0.000 0.000 0.000 1.730 0.000 0.000 0.000 12.690 53.195 70.150 70.724 76.929 76.416 69.957 70.486 70.933 70.054 69.516 68.940 68.409 67.903 67.418 66.945 66.476 66.003 65.516 72.000 12.444
80.897 77.893 56.887 57.879 49.868 0.000 54.746 49.704 57.647 70.607 74.571 85.547 86.524 85.505 54.491 0.000 0.000 0.000 11.888 91.865 85.828 86.784 81.733 61.672 45.576 46.488 46.401 54.342 75.293 42.257 0.000 0.000 0.000 0.000 0.000 0.000 0.000 0.000 0.000 0.000 0.000 0.000 0.000 0.000 0.000 0.000 0.000 0.000 0.000 0.000 10.795 41.568 51.069 70.049 71.634 78.315 77.706 70.523 72.208 71.503 70.914 70.400 69.850 69.322 68.811 68.318 67.840 67.371 66.905 66.438 72.965 18.482 0.000
77.900 72.896 70.889 53.877 57.857 57.827 48.789 41.767 0.000 0.000 16.553 75.536 86.507 84.483 69.455 36.415 0.000 0.000 60.948 81.907 86.851 85.790 86.724 76.651 52.569 49.486 48.406 57.335 75.268 58.198 44.102 45.026 48.970 59.935 23.921 0.000 0.000 0.000 0.000 0.000 0.000 0.000 0.000 0.000 0.000 0.000 0.000 0.000 0.000 0.000 21.999 61.834 69.774 72.416 79.207 78.807 71.271 72.905 72.091 71.680 71.193 70.687 70.183 69.684 69.196 68.719 68.253 67.793 67.337 72.880 19.422 0.000 0.000
66.905 18.901 86.895 57.883 51.858 52.834 54.817 54.807 43.817 0.000 0.000 0.000 20.486 91.466 81.431 59.375 51.284 58.180 57.050 58.962 66.880 67.800 54.721 51.642 49.562 49.481 48.401 57.323 72.246 51.166 48.082 53.006 68.948 71.914 56.907 30.907 0.000 0.000 0.000 0.000 0.000 0.000 0.000 0.000 0.000 0.000 0.000 0.000 0.000 12.858 54.693 70.294 73.127 79.766 79.526 71.990 73.602 72.786 72.394 71.926 71.459 70.984 70.507 70.035 69.569 69.111 68.659 68.212 73.768 19.324 0.000 0.000 0.000
12.911 85.910 86.907 72.902 0.000 0.000 59.836 55.829 66.827 57.827 0.000 0.000 0.000 79.462 76.427 61.372 52.296 49.208 49.108 52.012 64.908 72.810 75.717 68.634 58.555 51.476 50.394 66.312 69.227 44.140 48.052 47.970 48.903 52.866 31.887 0.000 0.000 0.000 2.558 0.000 0.000 0.000 0.000 0.000 0.000 0.000 0.000 16.107 47.771 55.617 69.121 80.425 80.031 73.080 73.659 74.199 73.481 73.086 72.631 72.185 71.734 71.281 70.828 70.379 69.935 69.495 70.060 76.629 20.198 0.000 0.000 0.000 0.000
90.919 86.920 86.920 86.916 73.910 56.892 56.863 56.845 47.835 0.000 13.570 20.570 72.543 69.492 72.445 65.389 66.322 66.246 66.163 69.070 63.931 63.814 65.702 69.623 70.549 68.472 64.390 75.302 73.210 61.114 62.016 61.918 63.829 38.760 0.000 0.000 0.000 0.000 3.558 0.000 0.000 0.000 0.000 0.000 0.000 2.997 50.764 51.331 72.342 72.893 81.542 81.043 75.588 75.285 74.652 74.161 73.755 73.314 72.881 72.446 72.011 71.577 71.146 70.718 70.295 70.876 74.459 7.044 0.000 0.000 0.000 0.000 0.000
89.927 85.933 85.936 86.933 83.922 61.903 55.878 56.854 57.833 49.814 0.000 64.597 61.566 62.521 63.471 58.416 62.356 67.291 75.228 60.175 0.000 0.000 10.655 68.608 64.545 64.473 64.390 64.297 64.197 64.090 63.978 63.860 61.732 56.586 29.392 0.000 5.104 48.877 55.558 67.215 36.939 0.000 0.000 0.000 0.000 52.183 62.983 74.909 75.541 82.298 81.955 76.264 75.919 75.162 74.810 74.397 73.973 73.552 73.129 72.708 72.288 71.871 71.460 71.054 71.652 74.254 21.856 0.000 0.000 0.000 0.000 0.000 0.000
75.934 75.949 75.958 86.956 86.943 76.921 52.891 55.861 56.831 56.794 62.733 71.656 55.603 52.553 50.503 57.449 72.393 71.337 56.281 36.228 0.000 0.000 0.000 0.000 53.551 48.487 48.400 48.300 48.190 49.073 51.947 52.810 52.654 51.461 52.197 50.785 50.330 58.970 65.582 63.147 69.663 67.046 61.492 58.959 61.328 72.890 76.382 76.167 82.794 82.578 76.926 76.559 75.789 75.440 75.023 74.613 74.200 73.788 73.378 72.968 72.561 72.160 71.768 72.385 73.006 11.630 0.000 0.000 0.000 0.000 0.000 0.000 0.000
0.000 41.971 53.992 81.991 85.974 66.944 49.906 48.868 56.834 56.798 55.750 49.691 50.635 56.587 73.538 72.485 55.432 48.381 38.331 0.000 57.989 66.936 62.854 63.750 66.622 69.522 68.422 69.313 72.191 71.063 67.928 69.780 64.612 50.408 54.152 52.826 57.463 75.091 81.654 78.129 71.521 65.978 67.492 73.941 78.782 77.187 83.403 83.042 76.947 78.544 77.110 76.429 76.068 75.648 75.241 74.832 74.426 74.023 73.624 73.227 72.830 73.438 71.068 66.711 18.359 0.000 0.000 0.000 0.000 0.000 0.000 0.000 0.000
0.000 0.000 47.050 66.041 77.018 51.978 43.918 50.872 48.841 55.812 56.776 56.725 49.660 66.621 58.575 47.523 50.469 42.424 0.000 67.118 70.042 69.964 71.876 72.775 75.664 79.559 78.453 78.337 78.200 80.059 80.921 78.772 66.604 52.408 54.176 53.905 53.605 56.276 29.813 2.193 91.313 132.877 110.416 76.353 77.871 84.417 83.960 77.415 80.129 77.528 77.067 76.690 76.275 75.867 75.457 75.049 74.648 74.255 73.870 73.485 75.093 69.695 58.355 13.033 0.000 0.000 0.000 0.000 0.000 0.000 0.000 0.000 28.480
0.000 0.000 2.125 23.104 58.081 40.029 0.000 45.859 50.847 50.834 56.818 45.772 0.000 50.662 48.620 50.562 51.496 61.422 75.322 72.194 74.095 80.004 89.911 133.810 130.699 130.595 130.495 130.383 131.212 115.054 46.924 49.784 47.624 55.443 54.239 51.013 48.775 30.597 0.000 0.000 0.169 57.677 74.761 79.385 85.130 84.803 77.037 78.722 78.005 77.685 77.298 76.897 76.493 76.083 75.671 75.260 74.861 74.479 75.114 73.752 65.361 53.893 11.624 0.000 0.000 0.000 0.000 0.000 0.000 0.000 0.000 19.620 40.554
73.337 21.303 10.234 73.170 51.172 0.000 0.000 0.000 44.853 57.860 49.891 0.000 2.822 58.746 49.679 60.609 73.532 73.447 78.349 81.242 74.142 60.047 50.953 46.856 44.728 47.629 48.549 35.488 0.000 52.020 48.937 47.815 51.667 55.500 52.324 44.135 50.883 31.740 0.000 0.000 53.006 70.032 79.789 85.625 85.404 77.642 79.314 78.595 78.286 77.900 77.514 77.117 76.714 76.304 75.885 75.460 75.056 75.686 71.355 60.049 16.705 0.000 0.000 0.000 0.000 0.000 0.000 0.000 0.000 0.000 0.000 37.687 36.631
83.354 91.339 79.317 0.000 8.265 2.368 0.000 0.000 0.000 0.000 53.996 51.982 59.899 56.820 56.742 56.662 73.577 87.485 76.386 56.283 54.183 49.087 51.000 41.931 0.000 53.642 50.585 39.531 0.000 53.070 47.988 48.871 55.729 53.568 51.423 33.319 0.000 0.000 49.608 47.485 64.283 80.210 85.898 78.603 79.163 79.810 79.192 78.882 78.504 78.128 77.741 77.344 76.941 76.533 76.106 76.638 76.216 65.856 50.571 13.385 0.000 0.000 0.000 0.000 0.000 0.000 0.000 0.000 13.071 12.026 26.940 38.810 26.722
73.379 77.380 67.379 0.000 0.000 67.461 60.489 54.487 0.000 6.208 72.115 69.050 55.972 56.892 56.808 57.721 78.628 130.529 123.426 70.321 125.219 46.121 50.028 49.938 51.837 49.713 49.619 49.520 51.381 47.201 47.076 55.953 54.808 51.619 46.480 35.400 0.000 0.000 51.731 58.600 80.622 79.519 86.266 79.656 80.234 79.772 79.468 79.107 78.742 78.364 77.976 77.578 77.175 76.780 78.366 73.773 55.313 41.952 43.686 9.536 0.000 0.000 0.000 0.000 0.000 0.000 0.000 0.000 22.118 27.065 40.986 34.890 24.803
69.407 64.423 8.439 0.000 0.000 50.527 59.518 56.485 74.413 68.300 73.208 81.129 72.049 56.966 56.879 56.785 55.685 49.579 44.468 49.358 46.251 50.149 50.052 49.957 49.859 49.755 49.656 49.549 48.422 53.278 55.160 56.057 39.933 0.000 39.480 0.000 0.000 0.000 55.957 77.893 81.913 87.304 86.822 79.758 80.401 80.031 79.704 79.356 78.991 78.612 78.223 77.818 77.399 76.047 37.806 0.000 0.000 0.000 0.000 0.000 0.000 0.000 0.000 18.522 13.509 12.475 11.419 15.335 24.217 40.132 34.048 24.962 34.878
61.431 52.465 57.517 2.605 55.634 51.602 50.570 68.523 61.455 77.370 86.288 66.209 52.130 50.046 52.955 55.856 56.748 56.632 49.511 48.391 49.277 49.172 50.073 49.979 49.887 54.794 51.700 48.599 49.481 52.330 56.230 45.183 0.000 0.000 0.000 0.000 11.707 131.584 75.285 82.310 80.291 87.728 79.604 82.110 83.581 80.295 79.965 79.619 79.253 78.870 79.484 76.070 63.557 54.203 12.004 0.000 0.000 0.000 0.000 0.000 0.000 0.000 20.541 20.536 20.529 21.499 21.445 22.371 36.282 36.197 20.114 23.032 24.950
36.445 37.489 31.557 55.666 51.695 50.677 61.638 65.582 76.513 83.439 49.365 48.291 49.215 51.132 50.040 46.936 54.820 55.690 56.552 55.417 49.296 48.188 47.091 48.001 53.915 112.833 80.751 60.665 43.573 0.000 58.246 66.263 0.000 0.000 0.000 0.000 55.832 66.733 83.613 81.652 88.467 88.112 80.704 81.222 81.875 80.570 80.245 79.901 79.533 80.131 78.774 31.422 0.000 0.000 0.000 0.000 0.000 0.000 0.000 0.000 0.000 0.000 27.546 23.552 20.573 21.546 19.492 31.422 38.343 22.262 23.181 31.100 29.020
0.000 0.000 0.000 48.805 51.802 53.775 74.724 85.653 99.578 81.507 10.440 67.375 67.306 51.227 51.137 50.030 47.904 50.757 56.589 54.431 55.302 57.194 55.100 53.017 48.941 43.872 48.807 43.736 0.000 0.000 0.000 52.358 44.382 0.000 0.000 0.000 66.057 82.937 83.016 81.034 88.791 80.452 82.940 84.435 81.166 80.862 80.544 80.206 79.847 77.346 32.060 0.000 0.000 0.000 0.000 0.000 0.000 0.000 0.000 0.000 0.000 27.187 0.000 0.000 28.667 18.620 29.556 41.484 29.406 24.326 29.246 33.167 26.089
0.000 0.000 0.000 46.948 52.933 68.896 79.829 127.728 121.639 123.570 129.515 125.463 126.405 51.335 51.249 50.142 50.009 48.845 43.616 53.416 55.287 56.186 54.100 56.025 55.961 56.907 49.870 0.000 0.000 0.000 0.000 53.430 38.406 0.000 0.000 57.578 79.366 83.299 82.283 89.382 89.095 81.520 82.056 82.735 81.460 81.173 80.864 81.532 56.303 0.000 0.000 0.000 0.000 0.000 0.000 0.000 0.000 0.000 39.380 28.337 18.271 22.187 22.088 22.966 22.808 25.711 38.629 35.550 30.471 31.391 29.312 27.234 23.157
13.058 0.000 0.000 48.105 65.087 73.046 78.969 49.792 48.678 47.620 44.587 45.558 45.517 51.460 51.383 67.281 67.147 42.996 0.000 40.329 53.243 55.164 53.088 55.023 54.969 55.925 51.896 0.000 0.000 0.000 51.622 36.526 0.000 0.000 58.933 67.782 84.626 83.519 82.693 89.650 81.220 83.735 86.261 82.027 81.767 81.504 80.207 67.756 26.530 0.000 0.000 0.000 0.000 0.000 25.608 20.590 20.554 20.499 24.424 36.360 39.288 25.205 20.110 22.002 23.887 38.788 37.700 23.617 32.536 33.456 32.377 25.299 21.223
