results3/res_3e8f-0173.wd
ncols         241
nrows         181
xllcorner     12693529.787448
yllcorner     3542525.717860
cellsize      155.156523
NODATA_value  -9999.000000
[rows 132 to 164 of 181, columns 0 to 72 of 241]
96.072 101.072 105.071 105.070 107.069 107.068 101.066 92.065 78.062 67.060 66.057 67.054 66.050 65.046 70.042 84.036 95.031 100.024 100.016 97.007 88.997 79.984 70.969 64.950 69.926 71.896 70.862 71.823 69.790 64.760 78.730 101.701 68.677 0.000 0.000 0.000 8.450 60.443 72.438 69.418 71.403 77.395 95.396 81.401 65.410 64.422 64.436 76.452 97.470 38.490 11.513 6.547 0.000 0.000 0.000 0.000 0.000 0.000 0.000 0.000 0.000 0.000 2.795 0.795 27.795 7.734 11.674 52.585 75.449 79.354 79.249 89.338 116.806
74.076 76.076 79.075 85.075 95.074 101.072 106.071 106.069 99.067 85.064 74.061 68.058 72.054 79.050 92.045 107.040 106.034 103.027 103.020 106.011 106.000 101.988 89.973 77.955 69.934 64.909 65.881 64.852 65.825 73.801 95.778 103.760 15.748 0.000 0.000 0.000 18.456 46.462 64.488 73.484 74.473 71.461 72.465 82.470 77.477 70.485 74.494 82.505 95.518 36.533 22.552 28.581 8.611 0.000 0.000 0.000 0.000 0.000 0.000 0.000 0.000 0.000 0.000 0.000 9.887 0.000 59.704 81.630 77.516 86.492 77.559 116.926 105.687
66.081 66.081 66.080 68.079 73.078 77.077 84.075 93.074 101.071 104.069 98.066 96.063 98.059 101.055 100.050 93.045 84.039 82.032 82.024 87.015 93.005 99.993 102.979 101.963 90.945 80.924 75.902 73.879 82.858 98.839 99.823 85.812 18.807 0.000 0.000 0.000 0.000 0.000 47.566 74.558 53.543 41.512 56.531 71.538 86.542 90.546 92.550 93.555 89.563 16.572 3.581 31.613 28.641 16.670 22.684 16.690 0.000 0.000 0.000 0.000 0.000 0.000 44.126 14.074 79.979 101.920 134.779 90.756 85.813 66.774 102.842 107.367 107.277
67.086 67.085 67.085 67.084 66.083 65.082 67.080 72.078 78.076 88.074 98.071 100.068 93.064 83.060 77.055 69.050 65.044 65.038 65.030 67.022 72.012 78.001 84.988 96.974 101.958 103.941 102.923 98.905 101.889 94.874 76.863 68.858 47.861 5.882 0.000 0.000 0.000 0.000 40.654 73.639 16.628 0.000 49.611 74.610 93.608 101.607 87.605 90.603 76.606 34.612 0.629 58.650 27.670 19.686 30.692 30.695 1.700 0.000 0.000 0.000 0.000 31.233 50.178 123.119 152.041 134.926 118.484 117.433 109.107 107.752 107.631 107.504 72.727
67.091 67.091 67.090 67.089 67.088 67.087 67.086 66.084 66.082 69.079 75.076 74.073 70.069 66.065 66.061 66.056 67.050 67.044 67.037 67.029 66.020 65.010 66.998 72.986 79.973 88.958 96.944 92.930 81.917 69.906 65.898 70.895 78.896 54.904 32.911 32.902 18.878 19.833 55.755 76.715 26.703 8.718 68.691 100.681 102.675 81.668 84.659 83.647 71.646 60.655 11.660 39.670 13.702 1.714 14.702 1.701 3.705 1.701 0.000 0.000 0.000 12.289 75.235 81.155 77.143 78.305 76.281 108.074 107.972 107.866 75.067 77.847 79.721
67.096 67.096 67.095 67.095 67.094 67.093 67.091 67.089 67.087 67.085 66.082 66.079 66.075 67.071 67.067 67.062 67.057 67.051 67.045 67.037 67.029 67.020 67.010 65.999 64.988 65.976 69.965 67.953 66.943 70.935 73.929 72.926 70.926 72.927 72.926 69.917 69.898 73.866 48.820 34.762 23.752 41.760 86.755 100.749 80.742 73.732 72.716 52.680 48.676 11.702 0.000 0.000 1.784 3.787 0.000 0.000 7.716 22.698 37.656 7.594 21.515 84.369 91.358 89.432 87.419 88.501 108.263 108.170 89.307 96.100 88.957 94.732 86.576
67.102 67.102 67.101 67.100 67.100 67.098 67.097 67.095 67.093 67.091 67.088 67.085 67.082 67.078 67.074 67.069 67.065 67.059 67.053 66.046 73.039 75.031 67.022 66.013 65.004 65.994 67.985 70.976 73.968 72.962 67.957 68.954 75.953 78.952 74.950 68.943 65.931 74.914 5.896 0.000 8.783 81.815 90.820 77.817 69.810 89.802 35.795 0.000 0.000 1.846 2.875 2.875 2.848 3.840 0.000 0.000 32.745 74.719 103.677 64.617 97.504 105.664 102.628 101.720 108.522 108.439 108.353 101.388 103.268 102.969 101.832 100.766 18.685
67.108 67.107 67.107 67.106 67.106 67.105 67.103 67.102 67.100 67.097 70.095 70.092 68.088 72.085 70.081 67.077 67.072 67.068 66.062 64.056 75.050 83.043 69.035 66.028 68.020 71.012 73.004 71.997 68.991 70.987 75.983 77.981 78.980 78.980 73.978 67.974 76.968 95.961 14.955 0.000 0.000 55.895 78.894 75.889 79.881 99.871 33.866 0.000 2.914 2.894 2.904 2.901 2.878 4.885 0.000 30.846 82.802 98.756 101.691 106.694 103.863 100.855 108.748 108.676 108.601 100.693 101.480 102.357 102.040 102.014 94.948 71.858 0.000
67.114 67.113 67.113 67.112 67.112 67.111 67.110 67.108 67.107 68.104 75.102 75.099 52.095 20.092 41.087 71.084 65.081 68.077 74.072 77.067 77.061 73.055 69.049 70.042 73.035 72.029 71.023 73.018 77.014 77.010 79.008 78.007 69.007 64.008 66.008 79.007 98.007 108.007 30.009 0.000 0.000 30.975 86.971 88.965 95.953 94.936 30.932 0.000 2.934 0.942 1.946 2.948 0.000 8.936 34.934 78.898 100.828 103.852 102.947 102.953 102.049 108.883 108.817 100.892 101.695 102.560 102.349 102.207 102.167 94.102 86.062 0.000 0.000
67.120 67.120 67.119 67.119 67.118 67.117 67.116 67.115 67.114 69.112 78.109 89.106 65.102 2.099 8.093 56.093 82.090 74.087 72.083 72.078 70.073 69.068 71.062 73.057 71.051 67.046 69.041 81.037 83.035 73.033 67.032 64.033 64.034 69.036 83.038 99.041 96.045 80.052 52.064 20.092 14.093 58.061 87.051 69.045 60.032 51.987 16.994 1.067 0.998 21.990 12.988 2.997 0.000 27.991 78.974 100.902 103.108 102.108 102.222 109.071 109.011 108.948 100.951 102.838 102.553 102.430 102.377 102.307 96.233 83.172 73.137 0.000 0.000
67.126 67.126 67.126 67.125 67.125 67.124 67.123 67.122 67.121 69.120 79.118 66.115 22.109 4.110 0.000 24.103 78.101 70.097 72.093 71.089 69.085 72.080 73.076 70.071 67.066 63.062 73.059 87.056 74.054 64.054 65.055 70.057 80.060 91.063 102.068 95.074 73.081 68.090 87.103 94.119 95.126 99.123 74.126 35.133 7.142 0.000 1.232 1.241 0.000 35.004 22.018 2.063 33.086 79.038 101.071 103.271 102.297 109.236 109.183 109.129 101.213 102.015 102.907 102.607 102.594 102.537 102.464 103.376 91.298 62.215 51.176 9.176 3.176
66.133 66.133 67.132 67.132 67.132 67.131 67.131 67.130 67.129 70.128 80.127 51.126 0.000 10.121 48.122 50.116 67.112 69.108 57.105 39.101 77.097 72.093 68.089 67.085 65.081 67.078 83.075 86.074 68.073 71.074 83.077 92.080 101.085 99.090 87.097 73.105 66.114 82.126 86.140 74.155 55.168 53.181 41.197 21.221 10.259 4.338 2.369 22.388 17.405 0.000 0.000 27.140 79.194 102.314 103.347 101.467 109.334 109.286 101.372 102.186 103.067 102.876 102.755 102.734 102.683 102.634 105.566 69.436 49.367 0.000 0.000 0.000 0.000
75.140 73.139 70.139 68.138 65.138 65.138 65.138 65.138 64.137 69.136 81.136 64.135 45.137 53.132 71.130 67.126 64.122 70.119 65.116 52.113 72.109 66.106 65.103 65.099 67.096 81.093 89.091 55.090 47.091 97.093 102.097 97.103 86.109 76.116 68.124 64.134 75.145 87.159 55.175 30.193 13.212 4.234 21.261 20.294 10.336 11.387 14.422 42.438 26.421 0.000 0.000 59.431 101.473 100.606 109.471 109.427 109.382 101.407 103.303 103.030 102.925 102.896 104.855 99.806 101.777 102.751 113.730 0.000 0.000 0.000 0.000 0.000 0.000
76.148 78.147 84.145 85.144 85.145 82.146 83.146 82.146 81.145 81.145 83.144 66.144 70.143 69.141 66.138 69.136 69.133 68.130 73.127 75.125 69.122 63.119 65.116 67.113 81.110 86.107 75.105 69.104 78.106 101.110 84.117 75.124 67.132 65.141 67.150 66.161 80.175 89.190 53.208 29.229 17.253 19.282 22.317 14.358 15.405 21.453 23.493 16.519 0.000 0.000 37.677 79.694 109.590 109.553 109.513 101.638 102.445 103.346 103.056 103.054 104.014 103.970 76.928 54.867 89.867 103.862 108.872 48.929 0.000 0.000 0.000 0.000 0.000
69.156 63.155 16.149 18.149 27.152 74.153 71.154 71.154 71.153 75.153 84.152 65.152 66.151 65.149 68.147 72.145 73.143 71.141 70.139 73.137 74.134 71.132 65.130 82.127 88.124 79.121 85.118 102.117 99.119 81.125 69.136 65.145 67.154 67.164 66.175 71.187 87.202 89.218 81.238 84.262 55.290 17.325 9.367 8.418 20.471 27.527 17.579 14.629 6.655 32.814 80.850 109.659 109.626 101.777 102.588 103.477 103.291 103.179 103.165 104.120 102.081 96.042 21.022 0.000 71.963 106.960 103.967 102.987 0.000 0.000 0.000 0.000 0.000
67.166 59.166 0.000 0.161 9.162 70.162 66.162 66.162 66.162 70.162 84.161 62.160 66.159 70.158 72.157 73.155 70.154 67.152 65.150 67.149 77.147 90.145 85.143 86.141 63.139 57.134 109.128 95.126 62.127 22.136 42.156 70.167 67.176 67.186 69.198 62.211 46.226 36.244 48.265 88.289 64.320 17.359 12.410 7.473 16.536 21.603 15.671 20.733 20.815 58.947 109.709 100.964 104.704 103.611 103.426 103.317 103.295 103.261 104.221 104.186 69.148 45.095 31.095 34.103 85.061 106.047 102.048 93.064 11.098 0.000 0.000 0.000 0.000
67.177 67.178 50.183 0.172 10.171 71.171 67.171 67.171 66.171 67.170 82.170 69.169 72.168 74.167 73.166 68.165 65.164 66.163 66.162 65.161 75.160 98.159 94.158 81.156 74.154 65.150 41.136 30.130 17.129 0.000 23.184 72.190 67.198 69.207 52.219 26.232 11.248 8.266 50.287 67.312 36.340 8.382 11.442 16.528 23.598 19.676 13.770 6.856 10.152 58.175 109.773 103.852 103.615 103.438 103.424 103.391 103.352 103.316 101.283 92.253 25.231 0.000 42.162 101.152 106.132 104.119 98.116 88.122 6.133 0.000 0.000 0.000 0.000
64.185 66.186 63.188 0.000 6.180 71.180 66.180 64.180 66.179 70.179 74.179 73.178 73.177 71.177 65.176 66.175 66.174 67.174 67.173 72.172 90.172 89.172 82.172 91.172 89.173 60.173 0.000 0.000 0.000 0.000 21.207 72.211 67.217 70.226 41.238 3.252 37.268 63.286 83.307 52.329 4.349 0.434 0.511 5.599 15.652 15.734 15.845 10.094 6.769 109.954 109.866 102.757 103.606 103.508 103.476 103.439 103.404 105.371 90.340 73.312 33.292 9.283 57.237 87.213 96.194 105.181 94.175 83.175 5.177 0.000 0.000 0.000 0.000
71.193 69.194 58.194 0.000 57.190 65.189 67.189 71.188 72.188 73.188 71.187 72.187 70.187 66.186 66.186 67.185 67.185 66.184 68.184 91.184 90.184 72.185 85.186 83.188 87.191 85.198 48.215 4.225 13.231 43.232 48.227 68.229 67.235 67.243 62.255 54.268 71.285 70.304 64.326 86.349 34.371 0.460 0.535 9.625 14.679 12.758 13.857 38.007 62.400 110.037 105.082 104.833 104.574 103.562 103.524 103.490 104.455 102.423 57.392 34.365 46.342 47.320 101.292 103.268 83.250 93.237 88.229 61.226 26.225 0.000 0.000 0.000 0.000
72.201 73.201 70.202 58.203 72.200 72.198 72.198 73.197 73.197 74.197 86.196 68.196 66.196 66.196 67.195 67.195 67.195 68.195 82.195 93.196 68.196 72.198 99.199 91.202 79.206 82.213 85.222 69.230 74.235 89.238 82.239 70.243 63.249 63.257 74.269 90.283 77.299 49.319 21.342 76.371 65.410 14.476 17.539 22.608 18.678 9.765 11.832 53.113 105.359 110.114 102.062 104.715 105.645 103.609 103.573 103.539 96.505 86.473 43.442 14.414 23.389 24.365 85.340 127.319 108.301 84.288 76.279 55.273 64.271 17.271 0.000 3.466 7.466
77.208 77.208 73.208 73.209 73.207 74.207 74.206 70.206 67.206 66.205 29.205 19.205 70.205 67.205 67.205 67.205 66.205 69.206 93.206 79.207 64.208 70.210 87.212 104.215 99.219 96.224 94.231 90.237 86.242 85.246 93.249 90.254 84.261 80.269 83.280 87.294 49.311 13.330 12.353 28.381 24.424 9.480 18.532 28.591 24.662 15.761 8.918 52.169 110.258 110.188 104.954 106.800 103.689 103.658 104.621 100.586 84.553 77.520 83.490 89.461 73.435 95.410 110.386 127.365 136.347 120.334 82.324 87.318 62.316 0.000 0.000 0.000 0.000
16.215 17.215 77.214 72.215 72.215 67.215 64.214 66.214 61.214 14.214 14.214 3.214 71.214 67.215 67.215 67.215 67.215 85.216 92.217 65.218 67.219 67.221 70.223 76.226 78.230 78.235 74.240 77.245 93.249 86.254 77.258 80.264 87.270 91.279 94.289 91.303 66.319 31.338 14.359 13.378 0.000 2.488 13.519 22.562 6.612 0.000 22.126 82.371 110.326 102.294 106.023 105.760 103.745 103.705 104.668 99.633 86.599 52.566 59.535 102.506 113.479 145.453 136.429 108.408 96.390 113.376 92.365 86.360 61.358 0.387 0.000 0.000 0.000
3.223 12.222 26.220 81.222 66.223 64.223 66.223 66.223 67.223 14.223 5.223 60.223 68.224 67.224 67.224 67.225 69.225 93.226 78.227 64.228 67.230 67.232 67.234 66.237 66.241 66.245 65.249 72.253 101.258 80.262 11.267 19.272 31.278 82.286 92.296 76.308 81.324 68.344 20.368 17.393 2.427 7.465 20.495 12.526 0.000 0.000 40.290 110.456 110.391 105.177 106.919 102.828 103.790 103.751 103.714 103.678 90.644 53.611 68.579 105.549 101.521 135.495 130.470 99.448 104.429 90.414 71.403 89.396 67.397 1.412 0.000 0.000 0.000
65.231 61.231 0.000 73.231 83.231 84.231 65.231 77.231 84.231 60.232 58.232 68.232 67.233 67.233 67.234 67.234 86.235 90.236 65.237 67.239 66.240 65.242 67.245 67.248 67.251 67.254 66.258 74.262 103.266 84.270 30.274 3.279 54.285 79.291 92.299 71.310 61.324 20.348 13.375 16.398 14.425 22.450 26.468 0.498 0.000 19.207 81.460 110.518 102.431 106.155 105.898 103.877 103.835 103.796 103.758 104.722 95.687 84.654 107.622 132.591 120.562 137.534 134.509 128.485 135.465 101.447 78.435 88.427 96.425 25.430 0.000 0.000 0.000
67.240 66.240 61.243 67.240 66.240 14.239 88.239 80.239 67.240 68.240 68.241 67.241 67.242 67.242 67.243 70.244 93.245 76.246 66.247 67.249 73.250 81.253 67.255 65.258 67.260 66.264 69.267 93.270 101.274 76.277 64.281 52.285 74.290 73.295 34.301 19.308 16.316 0.000 5.385 5.402 6.422 7.442 9.455 0.000 22.259 79.418 101.593 110.578 103.394 104.038 103.961 103.919 103.878 103.839 103.801 104.765 95.730 78.695 74.663 107.631 97.601 111.572 114.545 102.519 104.496 76.477 53.461 67.451 134.447 87.448 22.456 12.460 34.463
67.247 67.248 67.248 67.248 67.247 61.247 77.247 93.248 69.248 66.249 67.249 67.250 67.251 67.252 66.253 89.254 91.255 65.256 67.257 68.258 65.260 27.262 86.265 81.267 68.270 66.273 84.276 103.279 87.282 67.285 67.288 68.291 71.295 75.298 12.301 13.304 0.000 2.375 17.378 0.000 0.399 0.000 0.000 0.000 45.368 102.549 110.691 110.635 103.278 104.113 103.997 103.962 103.920 103.881 103.843 102.806 87.771 89.736 109.702 128.670 127.638 132.608 137.579 124.551 122.525 109.501 58.483 56.470 132.463 96.460 34.459 27.461 92.465
67.254 67.255 67.255 67.255 67.255 67.255 67.255 78.256 93.256 69.257 66.258 67.259 67.260 65.261 73.262 94.263 74.264 66.265 68.266 66.267 8.270 5.272 74.275 75.277 81.279 80.282 88.284 87.287 68.289 66.292 68.295 71.297 76.300 76.301 0.000 0.000 0.000 4.373 28.373 15.372 16.373 15.372 0.000 6.466 53.612 107.763 110.746 102.615 104.331 104.066 104.046 104.002 103.961 103.922 103.884 103.846 89.810 85.775 106.741 107.707 107.675 110.643 110.612 109.582 114.551 87.521 63.498 78.483 93.475 32.471 0.000 0.000 36.468
67.261 69.261 69.262 67.262 67.262 67.263 67.263 67.264 78.264 93.265 69.266 64.267 64.269 81.270 93.271 87.272 64.274 67.275 63.275 9.274 6.279 60.282 67.285 67.287 73.289 90.291 90.293 83.295 76.297 68.299 55.301 25.304 90.305 70.306 0.000 0.000 0.000 3.369 17.370 10.371 24.371 13.372 0.000 6.615 26.710 110.852 110.799 103.484 104.219 104.125 104.084 104.041 104.001 103.961 103.923 104.886 99.849 89.814 84.779 83.744 83.710 83.677 83.645 87.612 61.577 5.534 31.505 87.490 83.482 44.478 6.479 0.000 35.470
68.269 5.268 6.268 67.269 66.270 65.270 65.271 64.272 64.272 77.274 92.275 85.276 92.277 94.279 81.280 65.282 72.284 72.285 60.286 0.000 8.292 71.293 67.295 69.296 93.298 100.300 78.301 69.303 76.305 83.307 71.308 7.310 50.312 68.313 0.000 0.000 0.000 4.365 10.367 7.369 21.370 0.000 0.000 6.690 12.012 110.903 108.734 104.448 104.190 104.167 104.121 104.080 104.039 104.000 103.962 103.924 104.888 103.851 101.816 100.780 100.745 101.711 103.678 77.645 19.611 0.000 16.497 72.489 103.484 94.481 67.479 43.477 60.474
67.276 66.276 1.276 66.277 77.277 81.278 85.278 90.279 93.280 94.282 94.283 94.285 80.286 67.288 83.290 100.292 101.294 101.296 94.299 72.305 7.303 68.304 66.305 75.306 103.307 90.309 67.310 66.311 68.313 71.314 62.315 7.317 27.318 27.320 0.000 0.000 0.000 10.360 5.364 0.000 4.370 0.000 14.697 15.935 6.477 110.952 112.684 108.323 104.244 104.200 104.158 104.116 104.076 104.037 103.999 103.962 103.925 103.889 103.853 103.816 104.779 107.744 79.711 12.678 0.000 5.494 0.000 17.487 73.484 104.482 95.481 71.479 48.475
67.283 69.283 65.284 67.284 82.284 81.285 77.286 73.287 72.288 68.290 89.291 79.293 90.295 81.297 97.299 93.301 86.303 87.306 98.309 104.312 93.313 94.314 86.315 94.316 102.317 75.318 66.318 67.319 67.320 66.321 66.322 68.324 63.325 12.328 72.335 63.340 2.345 4.351 0.000 0.000 0.000 5.670 83.722 80.928 111.044 110.999 106.560 107.390 104.273 104.236 104.193 104.152 104.112 104.074 104.036 103.999 103.963 103.926 103.890 105.852 110.811 79.776 19.743 0.000 0.000 2.494 1.494 0.000 14.483 65.483 100.482 50.481 0.000
69.289 5.290 64.290 67.291 67.291 67.292 66.293 67.294 69.296 67.297 79.299 74.301 83.303 94.306 82.308 67.310 68.313 69.316 70.318 75.320 88.322 98.323 104.324 102.325 91.326 67.326 67.327 67.328 67.328 67.329 68.329 91.330 64.331 4.333 68.336 18.340 12.344 5.348 0.000 0.000 0.000 15.648 103.854 106.065 111.088 104.891 104.600 104.335 104.314 104.268 104.227 104.186 104.147 104.109 104.072 104.035 104.000 103.964 105.929 90.890 44.836 11.806 0.000 4.494 2.494 22.494 29.494 0.000 0.000 36.484 98.484 50.483 0.000
70.296 3.296 64.297 67.297 67.298 67.299 67.300 68.301 6.303 66.305 70.307 81.309 81.312 89.314 94.317 80.320 65.322 65.325 65.328 67.330 69.332 70.333 71.334 71.335 70.335 69.336 65.335 65.336 66.336 67.336 78.336 92.336 63.336 57.337 59.337 0.000 0.000 5.348 0.000 0.000 0.000 19.734 102.855 111.172 111.130 103.749 104.480 104.385 104.342 104.300 104.259 104.219 104.181 104.144 104.107 104.071 104.036 104.002 108.971 64.946 0.000 0.000 2.495 0.494 2.494 17.494 24.494 0.000 0.000 39.485 99.485 58.485 0.000
