results3/res_3e8f-0088.wd
ncols         241
nrows         181
xllcorner     12693529.787448
yllcorner     3542525.717860
cellsize      155.156523
NODATA_value  -9999.000000
[rows 0 to 32 of 181, columns 146 to 218 of 241]
0.000 0.000 0.000 0.000 0.000 0.000 0.000 0.000 0.000 0.000 0.000 0.000 0.000 0.000 3.629 14.526 15.353 15.136 14.892 14.635 14.379 14.137 13.921 13.735 13.584 13.466 13.378 13.318 13.279 13.258 13.248 18.245 0.000 0.000 0.000 0.000 0.000 0.000 0.000 0.000 0.000 0.000 0.000 0.000 0.000 0.000 0.000 0.000 0.000 0.000 0.000 0.000 0.000 0.000 0.000 0.000 0.000 0.000 0.000 0.000 0.000 0.000 0.000 0.000 0.000 0.000 0.000 0.000 0.000 0.000 0.000 0.000 0.000
0.000 0.000 0.000 0.000 0.000 0.000 0.000 0.000 0.000 0.000 0.000 0.000 0.000 0.000 14.732 15.596 15.398 15.163 14.904 14.633 14.364 14.113 15.890 14.702 13.551 13.435 13.352 13.295 13.262 13.246 13.243 18.242 0.000 0.000 0.000 0.000 0.000 0.000 0.000 0.000 0.000 0.000 0.000 0.000 0.000 0.000 0.000 0.000 0.000 0.000 0.000 0.000 0.000 0.000 0.000 0.000 0.000 0.000 0.000 0.000 0.000 0.000 0.000 0.000 0.000 0.000 0.000 0.000 1.326 0.000 0.000 0.000 0.000
0.000 0.000 0.000 0.000 0.000 0.000 0.000 0.000 0.000 0.000 0.000 0.000 0.000 18.260 16.973 15.726 15.479 15.215 14.929 14.629 14.333 16.060 15.823 13.631 13.482 13.373 13.298 13.251 13.227 13.221 15.234 9.238 0.000 0.000 0.000 0.000 0.000 0.000 0.000 0.000 0.000 0.000 0.000 0.000 0.000 0.000 0.000 0.000 8.693 0.000 0.000 0.000 16.717 0.000 0.000 0.000 0.000 0.000 0.000 0.000 0.000 0.000 0.000 0.000 0.000 0.000 0.000 0.000 4.327 0.000 0.000 0.000 0.000
0.000 0.000 0.000 0.000 0.000 0.000 0.000 0.000 0.000 0.000 0.000 0.000 1.999 17.548 16.172 15.857 15.576 15.289 14.969 14.622 15.278 14.969 13.714 13.516 13.373 13.276 13.215 13.183 13.173 19.179 0.000 0.000 0.000 0.000 0.000 0.000 0.000 0.000 0.000 0.000 0.000 0.000 0.000 0.000 0.000 0.000 0.000 0.000 52.693 0.000 0.000 0.000 18.718 0.000 0.000 0.000 0.000 0.000 0.000 0.000 0.000 0.000 0.000 0.000 1.793 0.000 0.000 0.000 3.328 4.328 0.000 0.000 0.000
0.000 0.000 0.000 0.000 0.000 0.000 0.000 0.000 0.000 0.000 0.000 7.763 1.097 1.939 16.309 15.956 15.679 15.395 15.035 14.612 15.189 14.825 13.546 13.348 13.219 13.142 13.104 13.094 14.105 15.142 0.000 0.000 0.000 0.000 0.000 0.000 0.000 0.000 0.000 0.000 0.000 0.000 0.000 17.695 12.695 0.000 0.000 8.693 36.693 0.000 0.000 0.000 18.719 0.000 0.000 0.000 0.000 0.000 0.000 0.000 0.000 0.000 16.840 20.819 22.793 0.000 0.000 7.336 2.330 2.328 12.327 0.000 0.000
0.000 0.000 0.000 0.000 0.000 0.000 0.000 0.000 0.000 0.000 10.349 3.012 1.467 1.029 0.962 13.977 15.789 15.579 15.163 16.603 16.040 13.597 13.296 13.111 13.011 12.969 12.966 12.984 19.009 0.000 0.000 0.000 0.000 0.000 0.000 0.000 0.000 0.000 0.000 0.000 0.000 0.000 0.000 0.000 18.695 10.696 8.696 0.000 21.694 0.000 0.000 0.000 3.720 16.722 7.714 5.698 14.683 0.000 0.000 0.000 0.000 0.000 16.861 18.825 23.769 2.702 0.000 8.343 11.327 0.000 0.000 0.000 0.000
0.000 0.000 0.000 0.000 0.000 0.000 0.000 0.000 0.000 0.000 6.650 3.429 3.118 2.658 0.216 0.393 8.919 16.970 16.436 16.595 13.772 13.227 12.929 12.790 12.746 12.758 12.804 12.869 7.939 0.000 0.000 0.000 0.000 0.000 14.711 47.711 0.000 0.000 0.000 0.000 0.000 0.000 0.000 0.000 18.695 31.696 66.697 28.697 29.695 0.694 0.000 0.000 0.725 19.731 4.724 0.696 17.668 0.000 0.000 0.000 0.000 0.000 3.919 9.852 5.754 5.637 9.486 12.366 20.310 0.000 0.000 0.000 0.000
0.000 0.000 0.000 0.000 0.000 0.000 0.000 0.000 0.000 29.594 30.171 6.856 2.523 2.828 2.583 0.566 0.252 4.404 17.014 14.569 13.227 12.611 12.403 12.375 12.424 12.513 13.625 10.747 0.000 0.000 0.000 0.000 0.000 0.000 0.000 35.711 42.712 24.712 16.712 0.000 0.000 0.000 0.000 0.000 0.000 0.000 59.698 38.698 0.000 0.000 0.000 0.000 0.000 12.750 27.733 25.694 27.648 19.585 11.514 14.433 13.339 22.217 26.045 22.910 23.760 23.605 18.455 13.326 10.237 0.000 0.000 0.000 0.000
0.000 0.000 0.000 0.000 0.000 0.000 0.000 0.000 23.461 41.017 42.583 32.198 8.890 1.366 2.556 0.583 2.020 6.316 5.076 14.439 11.956 11.587 11.696 11.883 12.063 13.246 13.435 0.000 0.000 0.000 0.000 0.000 0.000 0.000 0.000 0.000 33.712 43.713 48.712 0.000 0.000 0.000 0.000 0.000 0.000 0.000 31.700 23.700 28.700 0.000 0.000 0.000 0.000 24.786 9.764 3.701 10.646 22.594 10.523 9.448 18.367 27.266 14.136 9.983 12.770 18.568 24.406 26.245 24.077 9.872 0.700 0.000 0.000
0.000 0.000 0.000 0.000 0.000 0.000 0.000 19.371 28.905 44.430 41.948 42.462 34.971 11.482 0.661 4.039 13.345 5.930 1.877 2.567 5.570 10.084 10.911 11.399 11.698 16.972 0.000 0.000 0.000 0.000 0.000 0.000 0.000 0.000 0.000 0.000 0.714 46.714 0.000 0.000 0.000 0.000 0.000 0.000 0.000 27.707 37.702 13.701 29.701 49.701 0.000 0.000 2.843 26.844 5.837 0.000 2.641 15.623 4.538 4.467 6.417 8.345 5.251 6.116 0.026 3.493 9.357 10.171 7.953 16.691 18.358 21.113 28.945
0.000 0.000 0.000 0.000 0.000 0.000 24.304 22.838 46.356 42.851 42.315 41.730 42.052 37.157 19.654 11.473 7.078 0.000 0.000 3.929 2.161 2.797 10.467 11.103 16.358 0.000 0.000 0.000 0.000 0.000 0.000 0.000 24.718 0.000 0.000 0.000 7.716 47.716 0.000 0.000 0.000 0.000 0.000 0.000 22.713 66.711 0.000 2.701 24.701 51.701 0.000 0.000 0.000 24.910 4.904 0.000 0.741 2.721 0.000 0.000 4.489 20.448 3.406 0.000 12.678 8.554 5.357 12.130 11.875 14.581 23.248 27.037 13.892
0.000 0.000 0.000 0.000 0.000 28.187 16.771 45.319 43.831 43.304 42.731 42.092 41.350 41.442 38.296 24.094 3.577 0.000 0.000 44.795 4.006 0.000 0.000 13.188 9.273 0.000 0.000 0.000 0.000 0.000 0.000 0.000 20.719 15.719 24.719 36.718 40.717 30.717 0.000 0.000 0.000 21.718 36.718 41.717 65.715 21.714 0.000 0.000 26.702 14.702 0.000 0.000 3.017 29.982 16.966 0.950 48.861 76.814 25.801 1.751 17.603 64.553 16.519 0.000 57.804 30.687 5.387 12.119 13.836 3.512 12.018 24.894 7.815
0.000 0.000 0.000 0.000 0.000 17.603 39.274 45.837 44.344 43.804 43.213 42.557 41.815 40.961 41.004 39.992 29.271 4.158 49.428 46.583 0.000 0.000 0.000 0.000 0.000 0.000 0.000 0.000 0.000 0.000 0.000 19.719 15.719 20.719 34.719 44.719 28.718 15.718 0.000 0.000 0.000 30.719 29.719 25.718 64.716 24.716 0.000 0.000 5.704 0.000 0.000 0.000 24.052 26.037 20.019 7.989 6.908 39.873 80.830 18.778 11.700 68.641 19.599 0.000 65.046 35.005 0.000 0.151 4.839 0.000 8.519 7.706 0.000
0.000 0.000 0.000 0.000 21.912 32.347 47.885 45.411 44.903 44.355 43.760 43.109 42.388 41.601 40.687 39.974 38.845 51.180 50.845 0.211 0.000 0.000 0.000 0.000 0.000 0.000 0.000 0.000 0.000 35.718 38.718 20.719 19.719 34.720 44.720 30.720 13.719 15.719 15.721 13.722 11.722 23.721 26.720 36.719 76.718 10.717 0.000 0.000 42.706 0.000 0.000 0.000 23.103 23.095 10.082 2.071 0.000 7.942 4.868 44.832 75.778 92.715 73.636 62.511 88.329 82.283 73.365 19.382 0.000 12.585 7.834 0.000 0.000
0.000 0.000 0.000 22.942 32.476 49.988 46.510 46.019 45.503 44.953 44.363 43.726 43.049 42.257 41.748 39.432 51.191 51.195 35.308 17.713 4.894 0.000 0.000 0.000 0.000 0.000 0.000 0.000 0.000 0.000 0.000 0.000 37.720 41.721 33.722 18.723 0.000 0.000 0.000 17.724 13.724 23.723 22.721 45.720 42.720 0.000 0.000 0.000 45.708 0.000 0.000 0.000 21.162 33.157 12.146 18.128 41.125 18.087 0.078 23.904 46.864 80.805 46.721 26.569 74.475 64.434 39.431 8.406 0.000 61.337 29.399 1.281 0.000
0.000 0.000 0.000 28.408 48.063 47.620 47.147 46.653 46.136 45.590 46.010 45.406 43.700 43.323 40.802 51.194 51.188 38.807 40.441 38.143 22.136 3.134 0.000 0.000 0.000 0.000 0.000 0.000 0.000 0.000 0.000 0.000 5.721 37.721 15.723 13.726 19.730 0.000 0.000 18.727 16.726 22.724 23.723 45.722 41.721 0.000 0.000 5.713 52.710 0.000 0.000 0.000 24.226 27.227 8.216 8.168 54.162 89.193 38.178 6.017 21.970 68.920 28.875 0.000 61.569 48.547 6.519 0.000 0.000 68.027 32.067 4.128 5.502
0.000 0.000 28.820 46.220 49.747 48.281 47.804 47.311 46.797 47.258 45.705 45.058 44.771 42.259 51.431 51.257 40.226 41.065 40.127 30.558 11.344 0.000 0.000 0.000 0.000 0.000 0.000 0.000 0.000 0.000 0.000 0.000 0.000 0.000 0.000 18.730 15.734 14.736 16.735 18.731 14.728 22.726 24.725 36.723 32.722 0.000 13.717 46.716 0.000 0.000 0.000 0.000 20.291 26.308 12.325 0.000 0.000 24.344 11.327 0.000 11.079 66.030 21.985 0.000 58.686 43.667 1.662 0.000 0.000 66.678 31.716 3.775 0.000
0.000 27.943 41.421 50.904 49.424 48.954 48.477 47.989 48.481 47.964 46.358 46.122 43.613 52.143 51.733 41.720 42.759 40.669 27.938 0.000 0.000 0.000 0.000 0.000 0.000 0.000 0.000 0.000 0.000 0.000 0.000 0.000 0.000 0.000 0.000 0.000 22.740 32.739 43.738 31.734 20.730 24.728 21.726 26.724 19.722 38.720 56.718 44.717 0.000 0.000 0.000 0.000 18.340 23.389 29.451 27.565 15.573 5.514 18.459 50.390 69.237 90.137 70.051 52.954 86.823 79.771 61.766 21.780 0.000 64.292 36.345 8.482 0.000
24.891 36.466 51.015 50.552 50.092 49.631 49.164 49.682 49.196 47.623 47.424 44.927 53.169 52.630 43.141 44.351 45.339 23.556 0.000 0.000 0.000 0.000 0.000 0.000 0.000 0.000 0.000 0.000 0.000 0.000 0.000 0.000 0.000 0.000 0.000 0.000 20.746 24.745 42.742 1.738 0.000 31.730 22.728 25.725 21.722 9.720 28.719 43.718 30.718 0.000 0.000 0.000 0.000 26.457 28.526 21.671 9.641 18.679 69.605 60.476 41.341 42.231 43.129 42.988 42.882 43.829 45.805 16.794 0.000 62.854 38.889 2.235 0.000
28.317 52.014 51.621 51.197 50.761 50.317 49.861 49.404 48.862 48.695 46.216 54.329 53.738 44.453 45.749 44.823 40.412 0.212 0.000 0.000 0.000 0.000 0.000 0.000 0.000 0.000 0.000 0.000 0.000 0.000 0.000 0.000 0.000 0.000 0.000 0.000 21.753 32.751 16.749 0.000 0.000 28.734 25.732 0.000 0.000 13.720 27.719 42.719 39.718 8.718 0.000 0.000 0.000 0.000 0.000 10.953 0.000 55.957 56.808 5.568 11.420 53.317 24.248 0.000 41.887 31.860 11.832 9.797 0.360 62.381 33.315 0.000 0.000
46.045 53.652 52.260 51.854 51.438 52.010 50.583 50.075 49.944 47.487 55.539 54.929 44.676 47.005 46.078 46.539 15.967 0.000 0.000 0.000 0.000 0.000 0.000 0.000 0.000 0.000 0.000 0.000 0.000 0.000 0.000 0.000 0.000 0.000 0.000 0.000 41.763 39.759 43.754 40.750 36.745 36.738 30.736 0.000 0.000 13.720 26.720 44.719 51.719 14.718 0.000 0.000 0.000 0.000 0.000 3.274 23.557 70.384 33.104 0.000 60.454 61.369 10.298 0.000 17.920 73.892 32.867 0.794 0.355 56.945 74.676 60.898 64.797
55.663 53.289 52.911 52.523 52.123 53.725 51.250 51.161 48.738 56.771 56.152 39.840 44.130 48.259 44.795 22.157 0.000 0.000 0.000 0.000 0.000 0.000 0.000 0.000 0.000 0.000 0.000 0.000 0.000 0.000 0.000 0.000 0.000 0.000 0.000 40.787 39.776 40.767 42.759 41.752 39.745 40.740 33.737 0.000 0.000 14.721 26.721 49.719 22.719 0.000 0.000 0.000 0.000 0.000 20.256 0.000 63.013 56.918 0.526 55.680 68.575 17.407 5.278 8.129 2.980 33.922 72.891 29.879 0.000 56.745 59.548 33.223 0.000
46.269 52.930 53.573 53.200 52.828 52.380 52.330 49.942 57.970 57.393 22.953 28.199 31.173 49.887 33.552 0.000 0.000 0.000 0.000 0.000 0.000 0.000 0.000 31.554 20.552 0.000 0.000 0.000 0.000 0.000 0.000 0.000 0.000 0.000 0.000 17.798 11.787 14.775 18.763 13.753 12.745 11.739 13.735 17.731 11.727 4.723 19.722 0.000 0.000 0.000 0.000 0.000 0.000 0.000 15.256 6.030 6.565 6.396 0.000 17.764 18.759 0.000 0.000 0.000 8.952 1.924 23.899 16.883 0.000 24.745 0.000 0.000 0.000
24.909 40.589 53.246 55.900 53.471 53.448 51.061 58.955 58.502 31.780 0.000 41.463 0.000 53.437 21.996 0.000 0.000 0.000 0.000 0.000 0.000 0.000 0.000 38.556 32.551 0.000 0.000 0.000 0.000 0.000 0.000 0.000 0.000 3.924 0.000 18.820 14.801 14.782 14.765 14.752 14.743 14.737 14.733 16.731 0.000 0.000 0.000 20.100 0.000 0.000 0.000 0.000 0.000 24.667 12.483 11.269 2.941 3.705 3.669 1.081 13.939 0.000 0.000 0.000 0.000 4.923 0.000 12.870 11.866 0.000 0.000 0.000 0.000
16.592 24.268 46.942 51.548 54.536 52.105 59.614 59.325 38.556 14.378 0.000 58.041 55.959 42.439 0.000 0.000 0.000 0.000 0.000 0.000 0.000 0.000 41.583 47.562 18.546 0.000 0.000 0.000 0.000 0.000 0.000 0.000 0.000 20.925 18.905 15.861 14.816 11.787 15.762 15.748 15.739 15.733 15.730 18.729 0.000 0.000 0.000 18.100 18.100 0.000 0.000 0.000 0.000 11.851 4.740 3.579 2.321 2.084 1.870 1.301 1.474 10.474 0.000 0.000 0.000 0.000 5.858 8.863 6.863 0.000 0.000 0.000 0.000
20.295 30.960 35.614 33.542 45.132 59.924 59.814 43.438 22.227 15.747 0.000 37.676 50.400 23.919 0.000 0.000 0.000 0.000 29.774 35.759 27.729 25.667 34.604 27.563 17.524 0.000 0.000 0.000 0.000 0.000 0.000 0.000 0.000 18.945 15.930 14.902 0.000 0.000 20.749 14.741 14.732 14.726 14.724 15.727 0.000 0.000 0.000 19.100 18.100 0.000 0.000 0.000 9.146 5.147 5.049 4.898 3.513 3.269 7.141 0.000 0.000 0.000 0.000 0.000 0.000 0.000 5.853 0.854 0.854 1.850 0.000 0.000 0.000
31.962 45.633 21.378 20.277 59.953 59.955 46.331 33.089 29.457 34.319 0.000 4.690 40.045 0.000 0.000 0.000 0.000 25.805 29.790 31.775 29.761 0.000 0.000 0.000 29.464 13.404 0.000 0.000 0.000 0.000 0.000 0.000 0.000 28.980 25.967 0.950 0.000 0.000 33.743 19.734 15.722 14.715 18.715 0.000 0.000 0.000 32.101 13.101 17.100 0.000 0.000 0.000 0.000 10.541 5.410 9.450 0.000 0.000 0.000 0.000 0.000 0.000 0.000 0.000 0.000 0.000 5.849 0.849 0.850 5.849 0.000 0.000 0.000
52.599 41.213 21.305 16.838 59.871 21.276 27.031 29.296 33.009 51.636 61.149 49.248 0.000 0.000 0.000 0.000 23.834 17.820 23.805 38.790 37.780 0.000 0.000 0.000 0.000 30.345 0.000 0.000 0.000 15.171 0.000 0.000 31.069 30.029 35.998 28.970 0.000 47.769 44.748 42.728 40.709 32.697 13.705 0.705 0.000 8.105 61.102 15.101 16.100 0.000 0.000 0.000 0.000 16.065 2.083 7.043 0.000 0.000 0.000 0.000 0.000 0.000 0.000 0.000 0.000 1.845 3.846 5.845 0.000 4.848 0.000 0.000 0.000
61.120 48.242 30.566 59.261 17.194 19.015 18.220 17.899 27.506 55.089 50.561 21.905 0.000 0.000 22.908 0.000 30.848 22.836 33.820 28.800 7.790 0.000 0.000 0.000 0.000 34.285 10.270 0.000 0.000 11.171 19.171 23.151 25.108 27.069 17.027 13.950 21.853 21.790 41.752 24.722 18.690 16.657 0.000 0.000 0.000 3.108 71.102 27.100 0.000 0.000 0.000 0.000 0.000 29.572 2.616 9.596 0.000 0.000 0.000 0.000 0.000 0.000 0.000 0.000 0.000 3.844 18.844 16.844 9.843 0.000 0.000 0.000 0.000
59.115 57.370 58.610 36.011 23.959 20.141 19.814 18.426 25.053 40.647 36.104 0.000 0.000 0.000 25.908 46.898 41.875 42.857 24.838 0.000 0.000 0.000 0.000 0.000 25.219 16.241 8.255 0.000 0.000 0.000 23.192 27.174 27.144 27.113 11.090 0.000 17.819 18.786 42.749 28.717 22.673 8.584 15.422 30.309 50.205 39.117 63.096 28.098 0.000 0.000 0.000 0.000 0.000 28.035 4.097 5.129 10.348 0.000 0.000 0.000 0.000 0.000 0.000 0.000 0.000 0.000 22.844 19.844 0.000 0.000 0.000 0.000 0.000
57.135 58.477 57.770 56.826 39.009 18.694 19.315 19.965 18.629 21.342 0.000 0.000 0.000 0.000 41.918 31.912 29.898 25.877 0.000 0.000 0.000 0.000 0.000 26.191 17.198 13.204 0.000 0.000 0.000 0.000 23.231 31.210 40.180 39.150 41.130 29.130 0.000 0.000 45.741 29.723 3.702 0.000 18.374 28.300 55.188 17.060 0.978 0.000 0.000 0.000 0.000 0.000 0.000 19.437 6.441 7.476 10.568 0.000 0.000 0.000 0.000 0.000 0.000 0.000 0.000 0.000 0.000 0.000 0.000 0.000 0.000 0.000 0.000
58.473 57.475 59.617 59.811 43.516 20.150 22.813 22.486 20.157 20.749 0.000 21.949 0.000 0.000 35.934 35.933 42.929 0.000 0.000 0.586 0.000 0.000 0.000 21.183 15.179 9.172 0.000 0.000 0.000 0.000 21.290 22.257 24.216 23.179 21.148 13.131 0.000 0.000 47.750 33.732 18.710 0.000 17.401 28.327 52.189 7.897 3.429 0.000 0.000 0.000 0.000 0.000 0.000 26.835 5.754 7.766 7.880 9.096 13.178 0.000 0.000 0.000 0.000 0.000 0.000 0.000 0.000 0.000 0.000 0.000 0.000 0.000 0.000
58.118 60.337 59.551 60.278 33.927 24.605 44.297 38.008 19.764 0.000 0.000 18.949 33.950 38.951 24.952 45.956 37.957 0.000 0.000 14.588 45.588 0.000 0.000 22.181 16.161 13.135 0.000 0.000 29.573 25.498 21.383 23.310 28.251 28.199 26.154 37.114 29.074 0.000 47.779 39.746 39.697 31.615 12.502 30.419 38.344 0.000 5.548 0.000 0.000 0.000 0.000 0.000 0.000 31.314 3.013 4.956 6.088 7.232 12.260 0.000 0.000 0.000 0.000 0.000 0.000 0.000 0.000 0.000 0.000 0.000 0.000 0.000 0.000
