results3/res_3e8f-0088.wd
ncols         241
nrows         181
xllcorner     12693529.787448
yllcorner     3542525.717860
cellsize      155.156523
NODATA_value  -9999.000000
[rows 99 to 131 of 181, columns 0 to 72 of 241]
0.000 0.000 0.000 0.000 0.000 58.197 98.197 100.197 91.197 86.196 0.000 0.000 0.000 0.000 0.000 0.000 0.000 66.194 63.194 0.000 0.000 0.000 2.191 61.190 60.190 1.189 0.000 0.000 0.000 7.319 0.000 0.000 0.000 0.000 13.171 59.166 55.156 54.137 55.111 56.082 69.051 58.016 61.978 53.937 55.891 53.842 54.790 59.735 60.677 58.616 62.554 55.490 55.424 57.357 60.287 74.211 75.146 60.095 46.047 0.000 0.000 0.000 0.000 0.000 23.731 78.727 75.715 62.693 37.670 32.647 76.625 53.605 55.587
0.000 0.000 0.000 0.000 0.000 59.198 99.198 99.198 0.000 0.000 0.000 0.000 0.000 0.000 0.000 0.000 11.194 77.194 66.194 4.194 1.193 1.192 64.191 63.191 67.190 0.000 0.000 0.000 0.000 65.319 57.319 0.000 0.000 0.000 72.217 82.211 68.201 61.186 55.166 57.142 76.113 61.080 67.044 67.002 57.957 72.908 64.856 65.800 55.741 63.679 63.615 61.550 55.483 56.416 60.345 57.243 19.175 9.135 0.000 0.000 0.000 0.000 0.000 26.714 63.717 75.713 82.704 72.689 48.672 49.654 63.637 54.620 55.604
4.202 0.000 0.000 0.000 0.000 46.199 95.199 104.199 14.199 0.000 0.000 0.000 0.000 0.000 0.000 0.000 0.194 84.195 65.194 66.194 68.194 65.193 62.192 63.191 61.191 0.000 0.000 0.000 0.000 58.319 58.319 59.317 58.310 58.296 57.268 67.259 76.252 23.241 87.226 77.205 82.180 67.149 12.113 83.072 81.027 79.978 83.925 72.868 55.807 58.744 63.678 63.611 60.543 56.477 45.432 0.000 0.000 0.000 0.000 0.000 0.000 0.000 0.000 36.711 63.709 63.705 74.698 73.687 56.675 56.661 55.647 55.634 55.620
72.202 75.202 7.202 0.000 0.000 56.200 95.200 100.200 110.200 15.200 0.000 0.000 0.000 0.000 6.197 6.197 4.196 21.195 69.195 66.194 84.194 98.193 73.192 58.192 0.000 0.000 0.000 0.000 0.000 0.000 57.321 58.323 58.317 58.309 58.302 57.306 57.306 56.301 57.290 62.274 74.251 68.222 11.187 83.147 84.102 62.052 68.998 85.939 79.876 66.810 56.743 62.674 63.601 66.518 51.475 0.000 0.000 0.000 0.000 0.000 0.000 0.000 0.000 0.000 14.703 60.700 57.695 57.687 55.679 55.669 55.658 55.648 55.637
86.202 69.202 69.202 71.202 73.201 92.200 100.200 100.200 100.200 102.200 76.200 15.200 0.000 64.197 71.197 72.197 34.196 29.196 92.195 100.195 95.194 91.193 74.193 0.000 0.000 0.000 0.000 0.000 0.000 0.000 0.000 58.338 57.325 56.320 57.326 58.356 58.366 58.367 58.361 59.349 78.329 73.302 56.267 58.226 69.181 80.130 57.075 69.015 69.949 62.878 82.809 65.740 57.671 0.000 0.000 0.000 0.000 0.000 0.000 0.000 0.000 0.000 0.000 0.000 6.699 60.697 55.694 55.689 55.684 55.677 55.669 53.662 51.653
101.202 91.202 72.202 76.202 94.201 100.201 100.201 100.201 100.201 95.200 67.200 73.200 1.199 55.198 90.198 98.197 98.197 82.196 97.196 104.196 14.195 0.000 0.000 0.000 0.000 0.000 0.000 0.000 0.000 0.000 0.000 58.366 0.000 0.000 0.000 59.427 58.433 58.438 58.439 59.432 75.415 80.388 57.353 58.311 58.264 76.213 77.157 55.096 63.026 81.944 73.874 51.807 0.000 0.000 0.000 0.000 0.000 0.000 0.000 0.000 0.000 0.000 0.000 0.000 3.698 60.697 55.695 55.692 55.690 54.686 53.681 58.676 59.670
101.202 101.202 96.202 99.202 100.202 100.202 100.201 100.201 100.201 96.201 71.201 88.200 0.000 0.000 68.198 92.198 100.197 101.197 100.197 105.196 8.196 0.000 0.000 0.000 0.000 0.000 0.000 0.000 0.000 0.000 0.000 58.394 0.000 0.000 60.500 58.493 58.502 58.515 58.525 58.524 75.510 80.483 57.446 58.401 58.352 59.300 80.246 74.187 81.115 70.999 51.936 0.000 0.000 0.000 0.000 0.000 0.000 0.000 0.000 0.000 0.000 0.000 0.000 0.000 58.697 55.697 55.696 55.696 55.696 54.696 56.694 60.692 61.689
99.203 100.203 100.203 100.202 100.202 100.202 100.202 100.202 100.201 101.201 96.201 103.201 27.200 6.200 56.199 75.198 98.198 100.198 101.197 89.197 3.196 0.000 0.000 0.000 0.000 0.000 0.000 0.000 0.000 0.000 0.000 52.422 57.450 57.478 56.507 58.542 58.567 58.594 58.621 58.630 75.618 80.588 57.546 58.496 58.443 58.390 63.338 86.290 66.251 0.000 0.000 0.000 0.000 0.000 0.000 0.000 0.000 0.000 0.000 0.000 0.000 0.000 0.000 0.000 11.697 62.697 58.698 59.699 57.705 53.706 60.707 61.708 59.708
96.203 101.203 100.203 100.203 100.203 100.203 100.202 100.202 100.202 100.202 101.201 94.201 78.201 69.200 63.199 90.199 100.199 100.198 105.198 8.198 0.000 0.000 0.000 0.000 0.000 0.000 0.000 0.000 0.000 0.000 0.000 0.000 0.000 0.000 0.000 58.602 58.628 58.675 58.735 58.757 74.744 81.706 58.653 58.594 58.534 58.479 58.428 64.383 17.347 0.000 0.000 0.000 0.000 0.000 0.000 0.000 0.000 0.000 0.000 0.000 0.000 0.000 0.000 0.000 0.000 0.000 0.000 0.000 3.716 62.718 60.720 61.724 58.729
96.204 101.204 100.204 100.204 100.203 100.203 100.203 100.203 100.202 100.202 101.202 86.201 65.201 64.200 73.200 97.200 100.199 100.199 106.199 11.198 2.198 0.000 0.000 0.000 0.000 0.000 0.000 0.000 0.000 0.000 0.000 0.000 0.000 0.000 0.000 54.636 58.669 55.744 58.887 58.918 77.895 81.839 58.766 58.691 58.622 58.563 58.512 55.467 5.407 0.000 0.000 0.000 0.000 0.000 0.000 0.000 0.000 0.000 0.000 0.000 0.000 54.737 0.000 0.000 0.000 0.000 0.000 0.000 58.726 59.728 61.732 61.738 58.748
99.204 100.204 100.204 100.204 100.204 100.204 100.204 100.203 100.203 100.203 100.202 97.202 74.201 75.201 92.200 99.200 100.200 100.199 107.199 24.199 0.000 0.000 0.000 0.000 0.000 0.000 0.000 0.000 0.000 0.000 0.000 0.000 0.000 0.000 0.000 0.000 54.669 0.000 58.152 59.134 87.077 73.989 58.883 58.783 58.701 71.638 61.592 56.565 0.000 0.000 0.000 0.000 0.000 0.000 0.000 0.000 0.000 0.000 0.000 0.000 6.737 65.737 50.737 0.000 0.000 0.000 0.000 59.737 62.735 61.737 58.742 54.750 54.763
100.205 100.205 100.205 100.205 100.205 100.205 100.204 100.204 100.204 100.204 100.203 100.203 102.202 102.201 101.201 100.201 100.200 102.200 91.200 34.200 0.000 0.000 0.000 0.000 0.000 0.000 0.000 0.000 0.000 0.000 0.000 0.000 0.000 0.000 0.000 0.000 0.000 0.000 58.436 59.387 93.293 62.156 58.993 58.856 70.760 79.695 58.654 58.636 57.654 0.000 0.000 0.000 0.000 0.000 0.000 0.000 0.000 0.000 0.000 0.000 0.000 61.737 62.737 49.738 0.000 55.740 57.740 61.740 60.740 58.742 57.747 53.756 61.770
99.206 98.206 100.206 100.206 100.206 100.206 100.205 100.205 100.205 100.204 100.204 100.203 100.203 100.202 100.201 100.201 101.201 84.200 12.200 3.200 61.200 75.200 21.200 0.000 0.000 2.199 0.000 0.000 0.000 0.000 0.000 0.000 0.000 0.000 0.000 0.656 0.636 0.000 54.769 65.685 88.551 59.350 56.077 58.889 58.789 58.728 58.691 58.673 58.672 55.671 0.000 0.000 0.000 0.000 0.000 0.000 0.000 0.000 0.000 0.000 0.000 56.737 52.737 58.738 53.739 61.740 61.740 60.741 56.743 59.745 54.750 53.757 53.767
89.207 89.207 98.207 100.207 100.207 100.207 100.206 100.206 100.206 100.205 100.205 101.204 102.203 100.203 100.202 100.201 100.201 22.201 6.200 61.200 71.200 81.200 80.200 73.200 65.200 6.199 0.000 0.000 0.000 0.000 0.000 0.000 0.000 0.000 0.703 59.676 62.615 62.469 59.187 58.032 66.878 54.614 0.000 54.834 58.779 58.737 58.709 58.693 57.688 0.000 0.000 0.000 0.000 0.000 0.000 0.000 58.736 69.736 0.000 0.000 57.737 55.737 55.737 52.738 60.739 61.740 61.741 58.742 61.744 61.747 59.750 54.754 43.758
71.207 76.207 95.208 101.208 100.208 100.208 100.207 100.207 100.207 100.206 102.206 88.205 84.204 99.203 104.202 101.202 96.201 78.201 81.201 87.201 81.200 82.200 61.200 54.200 0.199 0.000 0.000 0.000 0.000 0.000 0.000 0.000 0.000 0.000 50.728 56.734 59.695 59.607 59.477 59.379 61.314 0.000 0.000 0.000 53.756 58.733 58.715 58.704 58.698 0.000 0.000 0.000 0.000 0.000 0.000 18.735 75.736 57.736 55.736 55.736 55.737 55.737 53.737 58.738 61.739 61.740 57.741 61.743 61.745 60.747 54.750 55.752 45.754
55.208 70.208 89.209 102.209 103.209 103.209 101.209 100.208 101.208 100.208 101.207 39.206 10.204 58.203 76.202 97.202 104.202 102.202 102.201 88.201 11.201 0.000 0.000 0.000 0.000 0.000 0.000 0.000 0.000 5.731 7.731 0.000 0.000 0.000 0.000 55.839 59.825 57.786 58.733 60.695 61.684 0.000 0.000 0.000 0.000 51.724 58.715 58.708 55.703 0.000 0.000 0.000 0.000 0.000 0.000 0.000 17.736 71.736 54.736 54.736 55.736 54.737 54.737 60.738 61.738 59.740 47.740 0.743 65.747 59.748 59.749 59.751 45.752
19.208 41.209 74.210 80.210 74.211 76.210 93.210 101.210 97.209 90.209 89.209 24.208 0.000 0.000 0.000 34.202 69.202 95.202 102.202 0.000 0.000 0.000 0.000 0.000 0.000 0.000 0.000 0.000 0.000 47.731 68.731 13.731 0.000 0.000 0.000 55.957 61.979 60.980 69.974 70.985 61.044 6.218 0.000 0.000 0.000 0.000 55.713 56.710 0.000 0.000 0.000 0.000 0.000 0.000 0.000 0.000 0.000 76.736 79.736 59.736 53.736 51.737 61.737 61.737 56.738 0.000 0.000 0.000 6.747 64.748 61.749 61.750 51.751
0.000 0.000 55.212 64.212 16.212 2.212 65.212 94.211 85.211 81.210 95.210 62.210 22.211 0.000 0.000 0.000 0.000 40.203 71.204 0.000 0.000 0.000 0.000 0.000 0.000 0.000 0.000 0.000 0.000 0.000 52.731 70.731 1.731 0.000 0.000 47.055 61.152 59.182 89.198 82.227 60.287 62.392 8.508 0.000 0.000 0.000 50.712 0.000 0.000 0.000 0.000 0.000 0.000 0.000 0.000 0.000 0.000 0.000 64.736 81.736 66.736 60.736 61.737 56.737 0.000 0.000 0.000 0.000 0.000 56.749 61.749 61.750 56.750
0.000 0.000 51.215 96.214 53.214 2.214 54.213 86.213 88.212 99.212 101.211 104.211 110.211 49.211 18.211 0.000 0.000 0.000 11.206 6.206 0.000 0.000 0.000 0.000 0.000 0.000 0.000 0.000 0.000 0.000 53.731 68.731 0.000 5.733 9.733 0.000 54.394 62.397 92.409 74.437 62.487 61.557 66.623 0.000 0.000 0.000 0.000 0.000 0.000 0.000 0.000 0.000 0.000 0.000 0.000 0.000 0.000 0.000 0.000 2.736 69.736 59.736 57.736 0.000 0.000 0.000 0.000 0.000 55.749 54.749 56.749 50.749 0.000
24.220 39.219 73.217 91.216 99.216 68.215 81.215 104.214 101.214 100.213 100.213 100.212 100.212 106.212 109.211 65.210 24.209 6.208 69.207 83.207 76.207 78.207 34.207 10.207 7.206 0.000 0.000 0.000 0.000 0.000 32.732 54.732 60.732 60.733 63.733 22.734 55.633 84.604 86.604 63.625 61.666 61.725 64.804 9.933 4.989 0.000 0.000 0.000 0.000 0.000 0.000 0.000 0.000 0.000 0.000 0.000 0.000 0.000 0.000 0.000 0.000 0.000 3.736 0.000 0.000 0.000 0.000 57.748 52.748 50.749 0.000 0.000 0.000
97.220 100.220 100.219 98.218 96.218 97.217 99.216 99.216 100.215 101.215 101.214 100.213 93.213 97.212 100.211 104.210 108.210 109.209 101.208 97.207 94.207 89.207 91.207 84.207 40.206 18.206 0.000 0.000 0.000 0.000 0.000 0.000 0.000 0.000 0.000 79.836 68.801 97.780 88.778 75.794 62.827 61.874 61.935 66.005 62.046 0.000 0.000 0.000 0.000 0.000 0.000 0.000 0.000 0.000 0.000 0.000 0.000 0.000 0.000 0.000 0.000 0.000 0.000 0.000 0.000 0.000 0.000 0.000 0.000 0.000 0.000 0.000 0.000
100.222 95.221 93.221 92.220 86.220 83.219 84.218 84.217 90.217 95.216 95.215 88.214 72.213 87.213 100.212 100.211 100.210 100.209 100.208 100.208 101.207 101.207 104.207 105.207 105.206 105.206 44.206 0.000 0.000 0.000 0.000 0.000 0.000 0.000 0.000 51.973 77.954 82.938 66.934 83.946 71.972 62.010 62.057 65.107 8.143 0.000 0.000 0.000 0.000 0.000 0.000 0.000 0.000 0.000 0.000 0.000 0.000 0.000 0.000 0.000 0.000 0.000 0.000 0.000 0.000 0.000 0.000 0.000 0.000 0.000 0.000 0.000 0.000
70.223 43.223 65.223 79.222 77.222 57.221 42.220 38.219 58.218 75.217 74.216 67.215 62.214 72.213 93.212 101.211 100.210 100.209 100.208 100.208 100.207 104.207 79.207 67.207 66.206 70.206 73.206 12.206 1.206 0.000 0.000 0.000 0.000 0.000 0.000 50.130 86.105 69.082 61.076 71.084 82.106 66.137 62.177 62.222 68.277 12.371 6.414 0.000 0.000 0.000 0.000 0.000 0.000 0.000 0.000 0.000 0.000 0.000 0.000 0.000 0.000 0.000 0.000 0.000 0.000 0.000 0.000 0.000 0.000 0.000 0.000 0.000 0.000
60.225 31.225 53.225 68.224 64.224 41.223 27.222 31.221 51.220 65.219 63.218 63.216 64.215 62.214 81.213 98.211 100.210 100.209 100.208 100.208 99.207 62.207 0.000 0.000 0.000 0.000 0.000 0.000 0.000 56.489 76.489 28.488 14.485 10.472 57.424 74.311 91.253 68.210 62.202 60.210 77.229 79.256 65.290 62.328 62.372 65.423 74.458 12.487 7.494 0.000 0.000 0.000 0.000 0.000 0.000 0.000 0.000 0.000 0.000 0.000 0.000 0.000 0.000 0.000 0.000 0.000 0.000 0.000 0.000 0.000 0.000 0.000 0.000
73.228 69.227 64.227 63.226 64.226 66.225 67.224 70.223 69.222 65.221 64.219 64.218 64.216 63.215 70.213 92.211 101.210 100.209 102.208 74.207 40.207 0.000 0.000 0.000 0.000 0.000 0.000 0.000 0.000 21.489 43.490 46.491 50.494 64.507 61.488 82.438 79.386 53.303 60.312 62.325 64.345 77.369 69.397 64.428 62.460 61.489 78.507 69.509 63.501 0.000 0.000 0.000 0.000 0.000 0.000 0.000 0.000 0.000 0.000 0.000 0.000 0.000 0.000 0.000 0.000 0.000 0.000 0.000 0.000 0.000 0.000 0.000 0.000
63.230 64.230 64.229 64.229 64.228 64.227 64.226 64.225 64.224 64.222 64.221 64.219 64.217 64.215 62.214 83.212 100.210 102.208 98.207 24.206 0.000 0.000 0.000 0.000 0.000 0.000 0.000 0.000 0.000 0.000 0.000 0.000 0.000 48.576 65.583 91.568 65.550 0.000 48.419 63.434 61.455 65.478 66.503 75.528 64.551 62.568 61.571 57.540 0.000 0.000 0.000 0.000 0.000 0.000 0.000 0.000 0.000 0.000 0.000 0.000 0.000 0.000 0.000 0.000 0.000 0.000 0.000 0.000 0.000 0.000 0.000 0.000 22.607
64.233 64.232 64.232 64.231 64.231 64.230 64.229 63.227 63.226 64.224 64.222 64.221 64.218 64.216 63.214 71.212 86.210 97.208 85.206 11.205 0.000 0.000 0.000 0.000 0.000 0.000 0.000 0.000 0.000 0.000 0.000 0.000 0.000 25.637 74.698 99.703 9.696 0.000 46.511 64.537 62.563 61.586 69.608 80.629 68.648 62.662 66.669 0.000 0.000 0.000 0.000 0.000 0.000 0.000 0.000 0.000 0.000 0.000 0.000 0.000 0.000 0.000 0.000 0.000 0.000 0.000 0.000 0.000 0.000 0.000 0.000 0.000 79.683
64.236 64.235 64.235 64.234 64.233 64.232 64.231 68.230 69.228 65.226 64.224 64.222 64.220 64.217 64.215 63.212 66.209 75.206 75.204 16.203 0.000 0.000 0.000 0.000 0.000 0.000 17.772 0.000 0.000 0.000 0.000 0.000 0.000 0.000 78.870 93.850 16.834 0.000 30.576 61.641 62.673 62.695 61.714 66.733 68.750 64.764 66.773 0.000 0.000 0.000 0.000 0.000 0.000 0.000 0.000 0.000 0.000 0.000 0.000 0.000 0.000 0.000 0.000 0.000 0.000 0.000 0.000 0.000 0.000 0.000 0.000 63.907 72.814
64.239 64.238 64.238 64.237 64.236 64.235 63.234 75.233 80.231 67.229 64.227 64.224 64.221 64.218 64.215 64.212 64.208 63.205 66.202 47.199 0.000 0.000 0.000 0.000 0.000 59.773 80.772 42.770 33.759 32.746 0.000 0.000 0.000 60.191 102.063 75.993 75.956 2.977 0.000 47.779 64.792 62.807 62.822 60.837 76.854 80.871 74.887 0.000 0.000 0.000 0.000 0.000 0.000 0.000 0.000 0.000 0.000 0.000 0.000 0.000 0.000 0.000 0.000 0.000 0.000 0.000 0.000 0.000 0.000 0.000 38.074 89.000 74.923
64.242 64.242 64.241 64.241 64.240 64.239 63.237 76.236 82.234 66.231 64.229 64.226 64.223 64.220 64.216 64.212 64.208 64.203 64.198 70.193 41.185 0.000 0.000 0.000 0.000 22.774 37.774 59.777 67.763 71.732 45.671 21.589 56.478 94.319 92.197 72.103 54.019 11.998 0.000 47.905 64.910 63.918 66.928 61.941 70.958 93.981 91.016 36.087 0.203 16.242 0.000 0.000 0.000 0.000 0.000 0.000 0.000 0.000 0.000 0.000 0.000 0.000 0.000 0.000 0.000 0.000 0.000 0.000 0.000 0.000 75.149 131.095 114.031
61.246 62.245 63.245 63.244 64.243 64.242 62.241 77.239 80.237 63.234 64.232 64.229 64.225 64.222 64.218 64.213 64.208 64.202 64.196 64.188 70.178 50.167 1.156 0.000 0.000 0.000 0.000 35.802 66.783 62.748 65.693 69.619 81.525 98.411 82.304 50.203 0.150 0.000 0.000 47.025 64.025 67.027 80.032 66.042 76.056 77.077 96.109 100.157 83.216 33.243 0.000 0.000 0.000 0.000 0.000 0.000 0.000 0.000 0.000 0.000 0.000 0.000 0.000 0.000 0.000 0.000 0.000 0.000 0.000 61.370 71.277 72.204 75.135
82.250 77.249 72.249 70.248 66.247 62.246 62.244 77.242 80.240 62.238 64.235 64.232 64.228 64.224 64.219 64.214 63.208 62.202 63.194 63.185 63.174 69.160 46.145 23.130 0.000 0.000 0.000 34.846 72.821 66.783 61.733 74.669 97.591 91.497 59.404 0.000 0.000 0.000 0.000 45.146 63.137 68.132 75.132 70.137 75.147 74.163 87.186 81.216 74.248 47.272 2.293 0.000 0.000 0.000 0.000 0.000 0.000 0.000 0.000 0.000 0.000 0.000 0.000 0.000 8.177 0.000 0.000 4.543 38.543 66.464 135.382 99.315 131.198
102.254 101.254 97.253 92.252 88.251 83.250 78.248 74.246 69.244 63.241 64.238 64.235 64.231 64.227 63.222 65.216 71.210 76.203 75.194 73.184 67.171 62.157 66.138 72.115 36.078 17.037 20.985 54.915 77.871 68.830 64.786 87.735 99.673 55.581 0.511 0.000 0.000 8.371 15.345 49.275 62.246 67.232 83.227 73.228 66.233 59.242 65.255 83.272 80.289 86.304 5.314 0.000 0.000 0.000 0.000 0.000 0.000 0.000 0.000 0.000 0.000 0.000 0.000 0.000 5.177 0.000 0.000 0.000 73.622 64.559 74.488 97.380 73.552
