results3/res_3e8f-0187.wd
ncols         241
nrows         181
xllcorner     12693529.787448
yllcorner     3542525.717860
cellsize      155.156523
NODATA_value  -9999.000000
[rows 99 to 131 of 181, columns 0 to 72 of 241]
0.000 0.000 0.000 0.000 0.000 61.150 101.150 103.150 94.150 89.150 0.000 0.000 0.000 0.000 0.000 3.147 2.147 69.147 66.147 0.000 0.000 2.147 5.146 64.146 63.146 4.146 0.000 0.000 0.000 11.105 0.000 0.000 0.000 0.000 16.963 62.959 58.949 57.932 58.909 59.882 72.853 61.822 65.787 57.749 59.708 57.664 58.616 63.566 64.513 62.459 66.403 59.346 59.288 61.228 64.165 78.096 79.037 63.989 49.946 0.000 0.000 0.000 0.000 0.000 28.004 82.999 79.988 66.971 41.947 36.923 80.900 57.877 59.854
0.000 0.000 0.000 0.000 0.000 62.150 102.150 102.150 0.000 0.000 0.000 0.000 0.000 0.000 0.000 2.147 14.147 80.147 69.147 7.147 4.147 4.147 67.147 66.146 70.146 1.146 0.000 0.000 0.000 69.105 61.105 0.000 0.000 0.057 76.006 86.000 71.991 64.977 58.958 60.936 79.910 64.880 70.846 70.809 61.768 76.723 68.675 69.624 59.571 67.515 67.458 65.400 59.342 60.284 64.220 61.126 23.063 13.026 0.000 0.000 0.000 0.000 0.000 31.021 68.016 80.010 87.002 76.990 52.975 53.958 67.940 58.921 59.901
7.151 0.151 0.000 0.000 0.000 49.150 98.150 107.150 17.150 0.000 0.000 0.000 0.000 0.000 0.000 1.147 3.147 87.147 68.147 69.147 71.147 68.147 65.147 66.146 64.146 2.146 0.000 0.000 0.000 62.105 62.105 63.103 62.095 62.080 61.054 71.044 80.037 27.027 91.012 80.993 85.970 70.942 15.909 86.872 84.831 83.786 87.737 76.685 59.630 62.572 67.513 67.454 64.396 60.344 49.304 0.000 0.000 0.000 0.000 0.000 0.000 0.000 0.000 41.027 68.027 68.024 79.020 78.013 61.004 60.993 59.981 59.966 59.950
75.151 78.151 10.151 0.000 0.000 59.150 98.150 103.150 113.150 18.150 0.000 0.000 0.000 0.000 9.147 9.147 7.147 24.147 72.147 69.147 87.147 101.147 76.147 61.147 0.146 0.000 0.000 0.000 0.000 0.000 61.107 62.109 62.102 62.092 62.085 61.086 61.086 60.081 61.071 66.055 78.034 72.008 14.976 86.939 87.898 65.853 72.803 89.750 83.692 70.631 60.569 66.506 67.444 70.393 55.349 0.000 0.000 0.000 0.000 0.000 0.000 0.000 0.000 3.033 19.039 65.041 62.040 62.038 60.035 60.030 60.023 60.014 60.001
89.151 72.151 72.151 74.151 76.151 95.151 103.150 103.150 103.150 105.150 79.149 18.149 1.149 67.148 74.148 75.147 37.147 32.147 95.147 103.147 98.147 94.147 77.147 1.147 0.000 0.000 0.000 0.000 0.000 0.000 0.000 62.125 61.110 60.103 61.106 62.131 62.139 62.139 62.134 63.123 82.105 77.080 60.048 62.011 72.969 83.923 60.873 72.818 73.757 66.691 86.626 69.559 61.480 2.437 0.000 0.000 0.000 0.000 0.000 0.000 0.000 0.000 0.000 0.000 11.057 65.059 60.062 60.065 60.068 60.069 60.068 58.063 56.055
104.151 94.151 75.151 79.151 97.151 103.151 103.150 103.150 103.150 98.150 70.149 76.149 4.149 58.148 93.148 101.147 101.147 85.147 100.147 107.147 17.147 0.000 0.000 0.000 0.000 0.000 0.000 0.000 0.000 0.000 0.000 62.157 0.000 0.000 0.000 63.194 62.199 62.204 62.204 63.198 79.182 84.158 61.126 62.088 62.045 79.998 80.947 58.891 66.827 85.751 77.686 55.622 0.000 0.000 0.000 0.000 0.000 0.000 0.000 0.000 0.000 0.000 0.000 0.000 8.073 65.076 60.083 60.092 60.103 59.111 58.116 63.117 64.114
104.152 104.151 99.151 102.151 103.151 103.151 103.151 103.150 103.150 99.150 74.150 91.149 0.000 0.000 71.148 95.147 103.147 104.147 103.147 108.147 11.147 0.000 0.000 0.000 0.000 0.000 0.000 0.000 0.000 0.000 0.000 62.188 1.215 1.236 64.252 62.250 62.260 62.272 62.282 62.281 79.268 84.243 61.209 62.169 62.124 63.077 84.027 77.973 84.908 74.801 55.743 0.000 0.000 0.000 0.000 0.000 0.000 0.000 0.000 0.000 0.000 0.000 0.000 0.000 63.085 60.090 60.101 60.118 60.141 59.157 61.167 65.174 66.177
102.152 103.152 103.152 103.151 103.151 103.151 103.151 103.151 103.150 104.150 99.150 106.149 30.149 9.148 59.148 78.147 101.147 103.147 104.147 92.147 6.147 0.000 0.000 0.000 0.000 0.000 0.000 0.000 0.000 0.000 0.000 56.204 61.221 61.240 60.263 62.295 62.319 62.344 62.369 62.377 79.366 84.338 61.300 62.255 62.207 62.158 67.111 90.067 70.031 0.000 0.000 0.000 0.000 0.000 0.000 0.000 0.000 0.000 0.000 0.000 0.000 0.000 0.000 0.000 16.092 67.099 63.112 64.139 62.186 58.208 65.223 66.235 64.245
99.152 104.152 103.152 103.152 103.151 103.151 103.151 103.151 103.150 103.150 104.150 97.149 81.149 72.148 66.148 93.147 103.147 103.147 108.147 11.147 0.000 0.000 0.000 0.000 0.000 0.000 0.000 0.000 0.000 0.000 0.000 0.000 0.000 0.000 0.000 62.350 62.375 62.418 62.472 62.491 78.479 85.445 62.397 62.343 62.289 62.239 62.193 68.151 21.118 0.000 0.000 0.000 0.000 0.000 0.000 0.000 0.000 0.000 0.000 0.000 0.000 0.000 0.000 0.000 0.000 4.103 2.108 0.000 8.256 67.266 65.280 66.298 63.317
99.152 104.152 103.152 103.152 103.152 103.151 103.151 103.151 103.151 103.150 104.150 89.149 68.149 67.148 76.148 100.147 103.147 103.147 109.146 14.146 5.146 0.000 0.000 0.000 0.000 0.000 0.000 0.000 0.000 0.000 0.000 0.000 0.000 0.000 0.000 58.381 62.412 59.480 62.610 62.637 81.616 85.565 62.499 62.431 62.369 62.315 62.269 59.227 9.173 0.000 0.000 0.000 0.000 0.000 0.000 0.000 0.000 0.000 0.000 0.000 0.000 59.400 0.000 0.000 0.000 0.000 0.000 1.342 63.317 64.320 66.335 66.359 63.391
102.152 103.152 103.152 103.152 103.152 103.152 103.152 103.151 103.151 103.150 103.150 100.149 77.149 78.148 95.148 102.147 103.147 103.146 110.146 27.146 0.000 0.000 0.000 0.000 0.000 0.000 0.000 0.000 0.000 0.000 0.000 0.000 0.000 0.000 0.000 0.000 58.412 0.000 61.851 62.833 90.781 77.700 62.604 62.514 62.439 75.382 65.341 60.317 0.000 0.000 0.000 0.000 0.000 0.000 0.000 0.000 0.000 0.000 0.000 0.000 11.400 70.400 55.400 0.000 0.000 0.000 1.378 64.367 67.358 66.363 63.381 59.411 59.457
103.153 103.153 103.153 103.153 103.152 103.152 103.152 103.151 103.151 103.151 103.150 103.149 105.149 105.148 104.148 103.147 103.146 105.146 94.146 37.146 0.000 0.000 0.000 0.000 0.000 0.000 0.000 0.000 0.000 0.000 0.000 0.000 0.000 0.000 0.000 0.000 0.000 0.000 62.110 63.062 96.975 65.850 62.703 62.580 74.493 83.434 62.397 62.381 61.397 0.000 0.000 0.000 0.000 0.000 0.000 0.000 0.000 0.000 0.000 0.000 0.000 66.400 67.400 54.400 1.398 60.395 62.389 66.384 65.384 63.393 62.414 58.449 66.505
102.153 101.153 103.153 103.153 103.153 103.153 103.152 103.152 103.151 103.151 103.150 103.150 103.149 103.148 103.147 103.147 104.146 87.146 15.145 6.145 64.145 78.144 24.144 0.000 0.000 5.144 0.000 0.000 0.000 0.000 0.000 0.000 0.000 0.000 0.000 4.142 4.115 0.958 58.418 69.330 92.205 63.023 59.779 62.609 62.519 62.464 62.431 62.415 62.413 59.413 0.000 0.000 0.000 0.000 0.000 0.000 0.000 0.000 0.000 0.000 0.401 61.401 57.400 63.400 58.399 66.398 66.397 65.397 61.401 64.412 59.432 58.465 58.521
92.154 92.154 101.154 103.154 103.153 103.153 103.153 103.152 103.152 103.151 103.150 104.150 105.149 103.148 103.147 103.146 103.146 25.145 9.145 64.144 74.144 84.144 83.144 76.144 68.144 9.144 0.000 0.000 0.000 0.000 0.000 0.000 0.000 0.000 4.188 63.169 66.121 66.001 62.768 61.632 70.494 58.259 0.000 58.560 62.510 62.473 62.447 62.433 61.428 0.000 0.000 0.000 0.000 0.000 0.000 0.000 63.401 74.401 0.000 0.000 62.401 60.401 60.401 57.401 65.401 66.401 66.403 63.406 66.412 66.422 64.438 59.458 48.480
74.154 79.154 98.154 104.154 103.154 103.154 103.153 103.153 103.152 103.152 105.151 91.150 87.149 102.148 107.147 104.146 99.145 81.144 84.144 90.144 84.144 85.144 64.144 57.144 3.144 0.144 0.000 0.000 0.000 0.000 0.000 0.149 1.149 0.000 54.207 60.226 63.199 63.128 63.021 62.938 64.881 0.000 0.000 0.000 57.490 62.469 62.453 62.442 62.437 0.437 0.000 0.000 0.000 0.000 0.000 23.401 80.401 62.401 60.401 60.401 60.401 60.401 58.402 63.402 66.403 66.404 62.407 66.411 66.418 65.427 59.438 60.450 50.460
58.155 73.155 92.155 105.155 106.155 106.154 104.154 103.153 104.153 103.152 104.151 42.150 13.149 61.148 79.147 100.145 107.144 105.143 105.143 91.143 14.143 0.000 0.000 0.000 0.000 0.000 0.000 0.000 0.000 9.149 11.149 1.149 1.149 1.149 0.000 59.329 63.320 61.291 62.248 64.218 65.210 0.000 0.000 0.000 0.000 55.461 62.453 62.446 59.442 0.000 0.000 0.000 0.000 0.000 0.000 0.000 22.401 76.401 59.401 59.401 60.402 59.402 59.402 65.402 66.403 64.405 52.409 5.414 70.423 64.430 64.438 64.445 50.450
22.155 44.155 77.156 83.156 77.156 79.155 96.155 104.154 100.153 93.153 92.152 27.151 0.000 0.000 0.000 37.144 72.144 98.142 105.141 2.142 0.000 0.000 0.000 0.000 0.000 0.000 0.000 0.000 0.000 51.149 72.149 17.149 2.149 1.149 0.000 59.440 65.462 64.467 73.464 74.477 64.531 9.687 0.000 0.000 0.000 0.000 59.451 60.448 0.000 0.000 0.000 0.000 0.000 0.000 0.000 0.000 0.000 81.401 84.402 64.402 58.402 56.402 66.402 66.402 61.403 0.000 0.000 0.000 11.428 69.433 66.438 66.442 56.445
0.000 0.000 58.157 67.157 19.157 5.156 68.156 97.155 88.154 84.153 98.152 65.151 25.151 0.000 0.000 0.000 0.000 43.140 74.137 0.000 0.000 0.000 0.000 0.000 0.000 0.000 0.000 0.000 0.000 0.000 56.149 74.149 5.149 0.000 0.000 50.531 64.621 62.649 92.666 85.693 63.749 65.844 11.947 0.000 0.000 0.000 54.451 0.000 0.000 0.000 0.000 0.000 0.000 0.000 0.000 0.000 0.000 0.000 69.402 86.402 71.402 65.402 66.402 61.402 0.000 0.000 0.000 0.000 0.000 61.436 66.438 66.441 61.443
0.000 0.000 54.159 99.159 56.158 5.157 57.157 89.156 91.155 102.154 104.153 107.151 113.150 52.148 21.146 0.000 0.000 0.000 14.132 9.128 0.118 2.108 0.000 0.000 0.000 0.000 0.000 0.000 0.000 0.000 57.149 72.149 2.149 9.149 13.149 0.000 57.841 65.844 95.856 77.882 65.928 64.991 70.051 0.000 0.000 0.000 0.000 0.000 0.000 0.000 0.000 0.000 0.000 0.000 0.000 0.000 0.000 0.000 0.000 7.402 74.402 64.402 62.402 0.000 0.000 0.000 0.000 0.437 60.437 59.437 61.438 55.439 0.000
27.163 42.163 76.161 94.160 102.160 71.159 84.158 107.157 104.156 103.154 103.153 103.152 103.150 109.148 112.145 68.141 27.137 9.133 72.129 86.124 79.116 81.108 37.100 13.093 10.088 0.000 0.000 0.000 0.000 0.000 36.149 58.149 64.149 64.149 67.149 26.149 59.058 88.031 90.032 67.052 65.089 65.143 68.215 13.331 8.383 0.000 0.000 0.000 0.000 0.000 0.000 0.000 0.000 0.000 0.000 0.000 0.000 0.000 0.000 0.000 0.402 0.402 8.402 0.000 0.000 0.000 0.000 62.437 57.437 55.437 0.000 0.000 0.000
100.164 103.163 103.163 101.162 99.161 100.160 102.159 102.158 103.157 104.155 104.154 103.152 96.150 100.148 103.145 107.141 111.138 112.133 104.129 100.123 97.116 92.108 94.100 87.091 43.082 21.074 0.000 0.000 0.000 0.000 0.000 0.000 0.000 0.000 0.000 83.241 72.209 101.190 92.189 79.203 66.233 65.277 65.333 69.397 65.434 0.000 0.000 0.000 0.000 0.000 0.000 0.000 0.000 0.000 0.000 0.000 0.000 0.000 0.000 0.000 0.000 0.000 0.000 0.000 0.000 0.000 0.000 0.000 0.000 0.000 0.000 0.000 0.000
103.165 98.165 96.164 95.163 89.162 86.162 87.160 87.159 93.158 98.156 98.155 91.153 75.150 90.148 103.145 103.142 103.138 103.134 103.129 103.124 104.117 104.109 107.099 108.089 108.078 108.065 47.050 0.000 0.000 0.000 0.000 0.000 0.000 0.000 0.000 55.365 81.348 86.332 70.329 87.340 75.364 65.399 65.442 68.489 11.523 0.000 0.797 0.805 0.000 0.000 0.000 0.000 0.000 0.000 0.000 0.000 0.000 0.000 0.000 0.000 0.000 0.000 0.000 0.000 0.000 0.000 0.000 0.000 0.000 0.000 0.000 0.000 0.000
73.166 46.166 68.166 82.165 80.164 60.163 45.162 41.161 61.159 78.158 77.156 70.154 65.151 75.149 96.146 104.142 103.139 103.135 103.130 103.125 103.119 107.111 82.099 70.087 69.074 73.058 76.035 14.997 3.959 0.613 0.440 0.000 0.000 0.000 0.000 53.507 89.483 72.462 64.456 74.464 85.484 69.513 65.550 65.593 71.646 15.738 9.789 1.812 0.829 6.829 4.829 0.000 0.000 0.000 0.000 0.000 0.000 0.000 0.000 0.000 0.000 0.000 0.000 0.000 0.000 0.000 0.000 0.000 0.000 0.000 0.000 0.000 0.000
63.168 34.168 56.167 71.167 67.166 44.165 30.164 34.162 54.161 68.159 66.157 66.155 67.152 65.150 84.147 101.144 103.140 103.137 103.133 103.128 102.123 65.117 0.000 0.000 0.000 0.000 0.000 0.000 0.000 59.931 79.916 31.894 17.872 13.843 60.785 77.673 94.616 71.576 65.569 63.576 80.593 82.619 68.650 65.687 65.730 68.779 77.814 15.833 10.845 0.000 19.829 0.000 0.000 0.000 0.000 0.000 0.000 0.000 0.000 0.000 0.000 0.000 0.000 0.000 0.000 0.000 0.000 0.000 0.000 0.000 0.000 0.000 0.000
76.170 72.170 67.169 66.169 67.168 69.167 70.166 73.164 72.162 68.161 67.159 67.156 67.154 66.151 73.148 95.145 104.142 103.138 105.135 77.132 43.127 0.000 0.000 0.000 0.000 0.000 0.000 0.000 0.000 24.921 46.911 49.895 53.879 67.871 64.839 85.784 82.733 56.658 63.666 65.678 67.696 80.719 72.746 67.775 65.806 64.836 81.855 72.862 66.862 0.000 0.000 0.000 0.000 0.000 0.000 0.000 0.000 0.000 0.000 0.000 0.000 0.000 0.000 0.000 0.000 0.000 0.000 0.000 0.000 0.000 0.000 0.000 0.000
66.172 67.172 67.172 67.171 67.170 67.169 67.168 67.166 67.164 67.162 67.160 67.158 67.155 67.153 65.150 86.147 103.143 105.141 101.138 27.136 0.000 0.000 0.000 0.000 0.000 0.000 0.000 0.000 0.000 0.000 0.000 0.000 0.000 51.923 68.915 94.893 68.872 0.000 51.760 66.774 64.793 68.815 69.838 78.862 67.885 65.902 64.908 60.896 1.879 0.000 0.000 0.000 0.000 0.000 0.000 0.000 0.000 0.000 0.000 0.000 0.000 0.000 0.000 0.000 0.000 0.000 0.000 0.000 0.000 0.000 0.000 0.000 25.455
67.175 67.174 67.174 67.173 67.172 67.171 67.170 66.168 66.167 67.165 67.162 67.160 67.157 67.154 66.151 74.148 89.145 100.142 88.140 14.138 0.000 0.000 0.000 0.000 0.000 0.000 0.000 0.000 0.000 0.000 0.000 0.000 0.000 28.982 78.006 103.000 12.990 0.000 49.840 67.864 65.887 64.909 72.930 83.951 71.969 65.981 69.977 2.937 0.000 0.000 0.000 0.000 0.000 0.000 0.000 0.000 0.000 0.000 0.000 0.000 0.000 0.000 0.000 0.000 0.000 0.000 0.000 0.000 0.000 0.000 0.000 0.000 82.534
67.177 67.177 67.177 67.176 67.175 67.174 67.172 71.171 72.169 68.167 67.165 67.162 67.159 67.156 67.153 66.150 69.146 78.143 78.141 19.139 0.000 0.000 0.000 0.000 0.000 0.000 20.803 0.000 0.000 0.000 0.000 0.000 0.000 1.149 82.127 97.110 20.099 0.000 33.897 64.954 65.982 66.003 65.023 70.042 72.059 68.075 70.084 0.000 0.000 0.000 0.000 0.000 0.000 0.000 0.000 0.000 0.000 0.000 0.000 0.000 0.000 0.000 0.000 0.000 0.000 0.000 0.000 0.000 0.000 0.000 0.000 66.756 75.665
67.180 67.180 67.180 67.179 67.178 67.177 66.175 78.174 83.172 70.169 67.167 67.164 67.161 67.158 67.155 67.151 67.148 66.144 69.141 50.139 0.000 0.000 0.000 0.000 0.000 62.804 83.803 45.801 36.793 35.782 0.000 0.000 0.000 63.326 105.256 79.213 79.196 6.216 0.000 51.073 68.085 66.100 66.116 64.133 80.153 84.174 78.200 1.299 0.000 0.000 0.000 0.000 0.000 0.000 0.000 0.000 0.000 0.000 0.000 0.000 0.000 0.000 0.000 0.000 0.000 0.000 0.000 0.000 0.000 0.000 40.919 91.847 77.773
67.183 67.183 67.183 67.182 67.181 67.180 66.178 79.177 85.175 69.172 67.170 67.167 67.164 67.160 67.157 67.153 67.149 67.145 67.140 73.136 44.131 0.000 0.000 0.000 2.804 25.804 40.805 62.807 70.796 74.771 48.722 24.656 59.568 97.442 95.357 75.292 57.256 15.236 0.000 51.180 68.186 67.195 70.208 65.223 74.243 97.270 94.309 39.380 3.436 19.462 0.000 0.000 0.000 0.000 0.000 0.000 0.000 43.387 73.389 77.391 0.000 0.000 86.424 147.427 0.000 0.000 0.000 0.000 0.000 0.000 77.991 133.940 116.879
64.187 65.187 66.186 66.185 67.184 67.183 65.182 80.180 83.178 66.175 67.173 67.170 67.167 67.163 67.159 67.155 67.150 67.145 67.140 67.133 73.126 53.116 4.108 0.000 0.000 0.000 0.000 38.827 69.812 65.783 68.739 72.680 84.605 101.517 85.437 53.343 3.299 0.000 0.000 50.281 67.282 70.287 83.296 69.309 79.328 80.352 99.385 103.428 86.466 36.488 0.000 0.000 0.000 0.000 0.000 0.000 0.000 0.000 34.391 62.396 76.403 108.413 146.423 69.432 0.000 0.000 0.000 0.000 0.000 64.202 74.113 75.044 77.980
85.191 80.190 75.190 73.189 69.188 65.187 65.185 80.183 83.181 65.179 67.176 67.173 67.170 67.166 67.162 67.157 66.152 65.146 66.140 66.132 66.123 72.113 49.101 26.086 1.070 0.000 0.000 37.863 75.842 69.811 64.770 77.719 100.655 94.583 62.533 0.000 0.000 0.000 0.000 48.380 66.376 71.375 78.380 73.391 78.406 77.426 90.452 84.482 77.511 50.537 5.569 0.000 0.000 0.000 0.000 0.000 0.000 0.000 0.000 30.399 108.405 111.413 114.426 0.430 10.850 0.000 0.000 7.366 41.366 69.291 138.214 102.152 134.040
105.194 104.194 100.194 95.193 91.192 86.191 81.189 77.187 72.185 66.182 67.180 67.176 67.173 67.169 66.165 68.160 74.154 79.148 78.141 76.133 70.123 65.111 69.097 75.079 39.053 20.018 23.976 57.918 80.882 71.849 67.812 90.770 102.715 58.625 3.579 0.000 0.000 11.559 18.539 52.485 65.465 70.458 86.459 76.467 69.479 62.494 68.514 86.536 83.559 89.581 8.600 0.000 0.000 0.000 0.000 0.000 0.000 0.000 0.000 0.000 0.000 0.000 0.000 0.000 7.884 0.000 0.000 0.000 76.440 67.381 77.316 100.213 76.390
