results3/res_3e8f.max
ncols         241
nrows         181
xllcorner     12693529.787448
yllcorner     3542525.717860
cellsize      155.156523
NODATA_value  -9999.000000
[rows 66 to 98 of 181, columns 73 to 145 of 241]
71.865 35.851 0.000 61.009 77.985 76.953 76.924 0.000 48.317 48.301 61.314 57.325 56.304 56.258 55.189 131.089 118.915 0.000 0.000 0.000 51.630 46.567 51.471 54.408 54.355 56.306 57.258 62.200 63.146 64.100 55.069 0.000 0.000 52.365 102.365 84.278 88.185 88.235 89.489 116.532 88.025 87.179 87.920 86.692 86.470 87.266 57.111 0.000 0.000 0.000 0.000 0.000 0.000 0.000 43.497 41.473 41.432 41.377 41.310 41.241 45.167 58.089 55.012 39.936 50.862 59.789 38.716 41.644 47.572 52.501 48.431 42.363 40.295
56.868 62.837 0.671 49.238 73.195 72.164 66.166 19.252 0.000 0.000 54.394 67.474 56.474 55.442 56.398 37.356 0.000 0.000 0.000 0.000 0.000 0.000 62.403 60.376 58.342 41.300 44.251 51.195 52.154 57.122 48.095 0.000 0.000 0.000 62.607 80.520 87.453 89.038 116.948 116.736 88.414 87.459 87.183 86.961 86.751 81.563 39.431 0.000 3.618 36.618 0.000 0.000 0.000 49.579 44.543 41.508 41.465 41.412 41.350 41.284 41.213 41.139 48.064 61.990 62.917 45.844 39.772 40.701 41.630 45.560 44.491 40.423 40.357
58.882 57.813 62.682 60.486 74.392 67.342 68.325 65.338 0.000 0.000 0.000 69.703 64.675 59.639 61.605 8.581 0.000 0.000 0.000 0.000 0.000 0.000 61.361 57.351 48.338 0.000 0.000 49.175 61.155 60.139 0.000 0.000 8.314 65.194 56.940 60.802 67.840 86.094 117.168 89.697 88.063 87.672 87.439 87.223 85.009 67.806 46.618 52.618 50.618 31.618 0.000 0.000 0.000 7.616 58.588 40.552 41.507 45.454 53.395 43.330 41.261 40.190 44.117 59.044 65.971 57.899 43.827 38.757 40.687 40.619 40.551 40.483 39.416
58.927 56.852 60.750 71.632 65.545 58.487 77.452 66.438 18.456 0.000 12.108 61.959 77.884 72.835 72.801 75.783 0.000 0.000 0.000 0.000 7.313 7.318 59.330 50.328 53.322 0.000 0.000 0.000 97.150 124.139 39.124 0.000 64.433 59.329 59.172 59.074 56.651 117.622 117.393 89.047 91.159 87.911 87.698 87.484 79.258 32.032 0.000 54.618 32.618 0.000 0.000 0.000 46.722 45.679 44.643 40.603 44.557 56.504 61.445 59.381 52.313 42.242 51.169 59.097 38.024 43.952 56.882 53.812 49.744 57.676 38.609 40.543 38.476
56.989 62.917 72.833 64.746 56.670 56.608 69.557 77.508 73.473 76.398 78.256 73.143 68.067 70.015 58.983 57.966 0.000 0.000 0.000 8.306 64.309 63.311 51.313 53.309 54.299 58.278 57.265 0.000 8.158 2.143 1.091 10.836 70.658 63.523 58.406 59.451 60.707 117.860 60.365 64.758 79.395 87.176 87.963 85.757 44.507 0.000 0.000 0.000 0.000 0.000 0.000 47.791 41.766 41.735 41.701 42.661 52.614 61.560 60.500 60.435 56.367 52.295 62.222 45.149 40.077 41.005 40.935 50.866 63.799 50.733 38.668 39.602 45.535
63.058 73.993 63.921 56.849 57.781 57.720 59.659 43.565 69.529 67.466 59.375 56.290 55.224 71.177 73.148 60.133 0.000 0.000 0.000 64.304 60.304 57.304 50.302 54.297 54.287 54.271 54.252 13.220 16.181 17.151 19.102 86.973 83.840 72.720 71.662 62.318 118.355 118.104 60.722 65.869 60.650 67.449 86.222 61.073 0.000 0.000 0.000 0.000 0.000 0.000 0.000 47.817 41.814 41.796 41.766 42.726 51.678 61.622 60.561 59.494 56.423 61.350 55.276 39.202 41.128 41.056 40.986 50.919 58.853 37.790 40.727 43.663 62.595
74.134 64.074 57.010 57.946 57.886 58.832 39.792 0.000 26.612 54.560 57.489 57.418 57.362 55.323 79.297 63.285 0.000 0.000 0.000 41.302 58.299 52.298 53.295 54.289 54.280 54.268 54.251 65.227 5.195 9.178 26.188 79.116 89.014 10.902 92.822 84.355 118.617 61.005 71.433 68.118 57.948 54.754 51.405 36.239 0.000 0.000 43.390 0.000 0.000 0.000 0.000 43.847 41.876 41.868 41.840 41.799 42.749 48.691 56.626 56.556 56.482 60.406 38.329 41.253 41.178 40.105 46.035 62.969 45.905 39.845 42.788 23.728 24.645
64.215 57.159 58.100 58.041 57.983 60.931 16.886 14.850 7.747 52.675 57.603 59.530 57.485 56.454 74.434 70.425 0.000 0.000 0.000 0.000 49.294 52.293 54.290 54.285 54.278 54.268 56.256 42.241 0.000 0.000 76.355 79.290 90.199 96.111 90.173 91.471 118.893 80.354 81.539 66.387 59.287 52.214 0.000 0.000 0.000 0.000 41.390 0.000 0.000 0.000 0.000 0.000 44.976 41.959 41.927 41.882 41.828 41.766 41.697 48.622 56.543 44.463 41.382 41.303 41.226 44.152 57.082 57.016 38.954 40.898 43.850 10.816 0.000
57.301 58.247 58.190 58.133 58.076 58.021 61.970 62.918 62.851 58.788 58.719 38.614 55.593 56.573 72.560 71.556 0.000 0.000 0.000 0.000 48.291 54.290 54.287 54.283 54.278 54.272 42.264 0.000 0.000 4.720 81.587 87.491 90.396 90.338 90.941 119.279 91.574 91.033 85.763 70.664 60.604 59.600 59.734 0.000 0.000 0.000 38.390 45.390 38.389 0.000 0.000 0.000 60.093 41.066 42.025 41.975 41.916 42.848 41.773 41.691 41.607 41.520 41.434 41.351 40.271 46.195 61.124 38.058 40.998 40.944 42.899 17.869 0.000
58.390 58.337 58.281 58.224 58.167 58.109 58.054 58.001 57.951 57.906 61.872 0.000 48.700 57.687 73.676 68.682 4.729 0.000 0.000 0.000 53.289 56.288 56.286 56.283 54.280 57.277 0.000 0.000 0.000 73.853 79.782 90.696 90.619 90.687 91.974 119.452 90.803 94.091 89.984 90.917 78.868 66.849 55.868 50.868 52.868 0.000 0.000 44.390 39.389 45.384 46.368 44.330 50.238 60.185 42.134 43.078 52.012 58.938 40.854 41.765 41.671 41.577 41.484 40.395 45.311 64.232 58.160 47.094 40.035 40.981 42.934 57.891 75.845
58.482 58.429 58.374 58.317 58.257 58.195 58.135 61.081 59.046 58.014 61.990 0.000 48.820 57.797 74.777 66.768 6.776 0.000 0.000 0.000 26.288 36.287 35.285 35.283 56.281 41.279 0.000 0.000 0.000 76.058 85.992 90.909 90.863 91.479 119.672 119.557 92.179 91.353 90.223 90.155 91.101 82.058 47.022 0.000 0.000 0.000 0.000 42.392 42.393 39.393 41.392 42.384 41.345 48.300 62.249 45.189 43.118 53.036 40.943 41.842 41.737 41.632 41.531 41.435 49.345 62.264 49.191 61.125 39.066 40.012 44.964 65.917 77.869
58.576 58.523 58.469 58.412 58.350 61.279 63.211 35.143 56.137 59.113 61.085 21.060 51.962 56.906 68.864 66.839 7.830 0.000 0.000 0.000 0.000 0.000 2.283 2.283 37.282 0.000 0.000 0.000 24.495 74.329 91.223 91.146 91.223 92.518 119.795 92.320 94.798 90.540 90.449 90.384 90.324 80.259 41.141 0.000 0.000 0.000 0.000 0.000 45.399 46.404 33.421 41.468 42.457 42.423 46.373 62.311 45.235 42.144 42.039 41.922 41.802 41.684 39.572 45.467 64.372 45.288 44.213 58.148 42.090 40.039 46.991 72.946 77.900
58.672 58.619 58.566 58.512 60.451 36.360 38.286 0.000 18.247 54.217 58.178 62.131 58.064 60.999 65.935 70.894 9.875 0.000 0.000 0.000 0.000 3.283 55.283 62.283 0.000 0.000 0.000 7.779 83.661 85.542 91.441 91.394 92.012 120.057 119.924 91.649 90.866 90.743 90.670 90.607 89.554 69.515 0.000 0.000 0.000 0.000 0.000 0.000 0.000 37.404 0.000 48.610 45.594 41.560 41.510 43.446 60.366 49.268 41.147 42.007 41.865 40.730 45.605 47.491 46.388 43.301 41.227 41.165 41.110 42.061 55.016 76.974 77.933
58.768 58.715 58.665 58.619 63.581 1.566 0.000 24.476 16.387 50.329 59.278 57.225 59.162 71.091 42.985 36.926 1.901 0.000 0.000 0.000 0.000 53.283 59.283 61.283 0.000 0.000 0.000 70.896 75.829 89.741 91.669 91.756 93.046 120.197 92.847 91.322 91.057 90.959 90.886 90.822 82.768 59.731 0.000 0.000 0.000 0.000 0.000 0.000 0.000 0.000 0.000 52.768 47.748 41.712 39.662 42.597 42.516 58.413 51.275 42.092 42.921 40.767 47.628 47.502 44.388 38.301 41.231 41.173 43.123 57.078 76.038 78.002 80.968
59.860 57.808 57.760 57.718 60.686 30.673 27.647 59.566 64.494 58.435 56.381 63.326 73.270 76.218 0.158 0.000 0.000 0.000 0.000 0.000 0.000 21.283 28.283 30.283 0.000 0.000 0.000 73.082 81.018 90.942 91.923 92.607 120.489 120.341 92.166 91.379 91.247 91.166 91.094 91.028 72.965 54.910 0.000 0.000 0.000 0.000 0.000 0.000 0.000 0.000 0.000 50.945 48.920 48.879 45.827 38.765 40.689 41.593 57.449 57.166 53.958 50.788 43.639 42.501 39.362 40.282 41.223 45.173 65.130 77.091 77.057 78.026 76.999
73.949 72.896 71.849 69.807 66.771 67.740 67.702 64.646 65.589 67.535 67.483 73.430 75.372 33.295 0.000 0.000 0.000 0.000 0.000 0.000 0.000 0.000 0.000 0.000 0.000 11.590 19.511 74.332 91.225 92.135 92.084 92.638 120.641 93.348 91.821 91.551 91.447 91.367 91.296 89.229 71.156 42.033 0.000 0.000 0.000 0.000 0.000 0.000 0.000 0.000 0.000 41.147 45.107 48.057 49.003 47.945 44.884 40.819 34.761 0.000 0.000 0.000 0.000 0.000 43.278 41.244 44.205 65.167 78.132 77.100 78.072 81.046 77.025
70.032 71.980 70.933 72.890 74.851 73.814 72.774 70.729 68.681 68.634 69.587 65.539 65.494 0.000 0.000 0.000 0.000 0.000 0.000 0.000 0.000 0.000 0.000 0.000 0.000 60.669 83.612 82.510 91.416 92.345 92.432 93.737 120.800 93.562 91.843 91.721 91.638 91.562 91.494 87.437 67.397 0.000 0.000 0.000 0.000 0.000 0.000 0.000 0.000 0.000 48.536 43.389 40.304 42.239 47.182 49.129 49.081 50.041 41.014 0.000 0.000 0.000 0.000 0.000 44.226 42.210 58.186 79.159 77.132 77.106 77.083 78.063 77.046
58.110 58.059 59.012 65.969 74.929 80.891 68.853 62.813 57.772 55.733 54.692 60.646 39.570 0.000 0.000 0.000 0.000 0.000 0.000 0.000 0.000 0.000 0.000 0.000 0.000 66.804 82.758 90.682 92.600 92.563 93.185 121.135 120.965 95.897 92.059 91.911 91.824 91.748 91.682 86.629 61.597 0.000 0.000 0.000 0.000 0.000 0.000 0.000 0.000 48.805 43.683 43.569 43.482 42.413 39.356 44.309 48.272 49.248 46.240 0.000 0.000 0.000 0.000 47.182 41.192 45.185 73.170 77.150 77.130 77.110 77.092 77.075 77.062
57.183 57.133 61.087 66.045 68.006 70.968 60.932 56.897 57.863 57.832 59.804 37.782 0.000 0.000 0.000 0.000 0.000 0.000 0.000 0.000 0.000 0.000 0.000 0.000 0.000 52.985 81.934 91.863 92.801 92.891 94.198 121.311 94.989 93.472 92.198 92.089 92.003 91.925 91.856 82.800 55.766 0.000 0.000 0.000 0.000 0.000 0.000 0.000 48.039 43.927 43.820 43.723 43.642 43.575 43.521 40.479 39.450 42.439 49.458 49.546 0.000 0.000 0.000 41.173 42.173 60.168 77.157 76.143 76.128 77.112 77.098 77.085 77.075
57.252 57.204 59.159 60.118 58.080 57.044 58.011 56.980 56.952 56.927 61.908 6.897 0.000 0.000 0.000 0.000 0.000 0.000 0.000 0.000 0.000 0.000 0.000 0.000 4.354 61.219 90.130 93.050 93.016 93.643 121.675 121.491 96.290 92.495 92.355 92.262 92.175 92.093 93.016 72.948 60.901 0.000 0.000 47.643 0.000 47.412 49.368 49.284 44.152 44.044 43.948 43.862 43.787 43.725 43.674 43.635 42.609 39.599 48.608 49.633 42.633 0.000 0.000 49.163 41.161 49.156 55.148 58.137 62.126 68.114 74.102 76.092 76.084
58.317 58.270 58.228 58.188 58.152 57.118 57.087 57.060 57.037 56.018 64.005 15.000 0.000 0.000 0.000 0.000 0.000 0.000 0.000 0.000 0.000 0.000 0.000 0.000 45.489 81.407 92.321 93.256 93.350 94.660 121.866 95.445 93.918 92.643 92.529 92.434 92.344 92.256 93.168 65.076 42.989 0.000 0.000 43.643 0.000 42.455 44.408 44.333 44.240 44.149 44.065 43.989 43.921 43.863 43.815 43.779 41.754 43.741 49.740 46.747 0.000 0.000 0.000 48.154 47.152 46.148 45.141 44.133 43.124 47.114 58.105 54.098 56.091
56.378 56.333 56.293 56.255 56.220 56.189 56.161 57.136 59.116 61.102 36.096 3.097 0.000 0.000 0.000 0.000 0.000 0.000 0.000 3.725 12.717 0.000 0.000 15.849 56.707 87.601 93.510 93.486 94.176 122.265 122.062 96.738 92.938 92.795 92.697 92.603 92.510 92.418 88.324 35.200 0.000 0.000 0.000 43.643 49.624 44.546 44.475 44.400 44.324 44.248 44.175 44.107 44.045 43.991 43.946 43.910 40.885 49.871 49.866 45.866 0.000 0.000 0.000 47.148 46.145 47.141 47.136 47.129 47.122 47.115 46.108 46.101 45.096
57.435 57.393 60.355 64.319 67.286 71.256 73.230 76.208 75.190 67.180 5.179 16.195 40.248 8.272 0.000 0.000 0.000 0.000 0.000 43.734 70.709 10.669 0.000 49.990 82.891 92.783 93.681 93.611 94.177 122.477 94.890 93.354 93.078 92.963 92.866 92.771 92.676 93.583 80.509 0.000 0.000 0.000 0.000 23.662 43.681 44.632 46.546 46.469 44.408 44.345 44.281 44.218 44.160 44.109 44.066 41.032 46.006 48.991 49.985 40.987 0.000 0.000 0.000 31.144 52.140 52.136 49.132 46.126 46.120 47.114 48.109 48.104 47.100
59.489 58.450 65.414 74.380 75.349 74.321 73.295 72.274 69.258 63.247 38.245 55.255 73.277 42.297 26.317 2.325 0.000 0.000 14.806 53.767 67.715 6.629 25.466 67.231 92.083 94.965 93.889 94.017 95.270 122.701 95.171 93.366 93.223 93.127 93.034 92.940 92.841 94.729 38.619 0.000 0.000 0.000 0.000 0.000 39.808 45.754 26.608 26.523 43.493 44.443 44.385 44.325 44.270 44.220 43.178 41.143 50.118 50.102 47.097 41.109 47.158 0.000 0.000 0.000 63.135 78.132 71.128 67.124 63.119 59.114 62.110 62.106 45.102
59.540 59.504 62.471 65.439 64.409 62.382 60.357 58.336 56.318 56.306 65.300 67.302 64.310 61.320 65.329 13.333 0.000 0.000 54.845 84.813 35.755 31.667 65.539 89.385 94.251 94.150 94.224 95.592 123.017 95.304 93.768 93.496 93.384 93.292 93.202 93.114 96.018 52.874 0.000 0.000 0.000 0.000 0.000 0.000 41.989 46.967 0.000 0.000 40.597 44.550 44.489 44.429 44.373 44.324 41.281 49.247 50.220 49.202 40.193 44.195 44.207 0.000 0.000 0.000 31.133 61.130 79.125 78.121 78.117 78.114 78.110 72.107 62.104
59.589 59.557 59.525 58.495 58.467 59.440 59.415 59.393 57.374 58.359 63.348 66.343 62.342 57.343 60.345 15.346 0.000 0.000 46.917 56.884 34.826 67.744 82.639 91.520 94.401 94.332 94.951 123.247 123.159 94.569 93.771 93.635 93.542 93.454 93.370 93.295 96.244 0.000 0.000 11.609 20.609 0.000 0.000 43.288 46.193 45.158 52.183 1.085 40.748 44.670 44.594 44.527 44.470 42.420 44.377 50.342 50.313 42.292 43.278 44.270 44.268 0.000 0.000 0.000 0.000 0.000 61.122 77.118 77.115 77.113 77.110 78.108 78.106
59.638 59.609 59.579 59.550 59.522 59.496 59.471 58.448 57.427 61.407 65.391 65.378 60.371 56.366 61.363 14.359 0.000 0.000 43.021 11.981 58.920 82.844 88.754 94.657 94.588 94.715 95.952 123.343 95.710 94.171 93.900 93.790 93.699 93.613 93.529 100.452 84.419 0.000 7.609 57.609 43.609 0.000 0.000 38.383 46.337 45.289 45.236 51.127 48.932 47.790 44.688 44.616 44.559 41.509 49.466 50.430 46.400 41.376 44.356 44.340 46.327 50.338 0.000 0.000 0.000 0.000 0.000 74.115 77.113 77.112 77.110 78.108 76.107
59.688 59.660 59.632 59.604 59.577 59.550 58.525 57.501 59.477 63.453 66.429 62.410 57.397 56.388 59.381 41.369 28.340 29.279 25.166 26.097 66.031 86.959 92.879 94.811 94.906 96.284 123.555 123.446 94.979 94.177 94.036 93.941 93.853 93.769 98.683 41.565 56.561 26.598 57.608 65.610 0.000 0.000 0.000 37.523 46.484 45.424 45.346 55.229 66.063 39.868 49.753 45.691 42.639 44.592 50.549 49.512 40.480 43.454 44.431 44.407 31.361 32.350 0.000 0.000 0.000 0.000 0.000 55.113 76.112 77.111 77.110 81.108 77.107
59.739 59.712 59.684 59.657 59.630 59.604 57.579 57.553 61.527 68.497 69.462 65.435 60.418 58.409 58.405 60.395 60.373 69.331 10.268 44.209 82.148 89.082 95.009 94.973 95.614 123.787 123.669 97.209 94.597 94.304 94.186 94.091 94.004 93.926 101.867 0.000 39.662 41.625 31.615 33.612 0.000 0.000 0.042 40.703 46.651 45.579 51.493 67.382 44.222 0.000 30.764 43.754 41.716 49.671 50.627 46.588 43.555 44.529 44.509 46.495 0.000 0.000 0.000 0.000 0.000 0.000 47.112 28.112 67.111 77.110 77.109 82.108 77.108
59.791 59.763 59.736 59.709 59.683 58.657 57.632 59.607 66.581 43.548 19.487 18.451 15.431 45.425 62.433 57.433 60.425 41.403 3.368 49.323 87.271 93.217 95.185 95.345 96.606 123.910 97.388 94.925 94.575 94.434 94.330 94.235 94.146 95.064 92.993 14.938 14.800 0.000 0.000 0.000 0.000 0.000 40.083 47.935 45.837 44.750 64.663 68.583 0.000 0.000 0.895 39.847 45.800 50.748 50.699 40.657 44.623 44.597 44.579 47.570 0.000 0.000 0.000 0.000 0.000 0.000 26.112 0.000 55.109 77.109 77.109 83.108 77.108
59.841 59.814 59.787 59.761 58.735 57.709 59.685 62.662 70.642 29.626 0.000 0.000 0.000 0.000 44.471 59.481 60.489 46.491 48.475 74.444 91.403 95.371 95.498 96.908 124.173 124.038 96.636 94.820 94.672 94.568 94.469 94.374 94.282 97.190 82.103 11.020 0.000 0.000 0.000 0.000 0.000 1.453 40.230 47.118 46.013 43.919 71.827 32.705 0.000 0.000 46.078 50.973 50.890 50.822 48.765 43.719 44.683 44.658 44.642 46.635 0.000 50.727 2.727 0.000 0.000 0.000 0.000 0.000 48.109 77.108 77.108 77.108 77.107
59.891 59.865 59.839 59.812 58.786 57.760 61.736 65.715 69.698 27.688 0.000 0.000 0.000 0.000 24.500 67.529 62.559 68.596 81.599 90.577 94.542 95.543 96.206 124.457 124.313 97.847 95.234 94.934 94.807 94.703 94.606 94.512 98.416 61.312 33.208 0.000 0.000 0.000 0.000 0.000 2.731 42.611 47.430 46.291 48.179 45.087 69.020 0.000 0.000 41.385 48.217 64.075 52.967 49.884 45.820 43.771 43.734 44.708 44.694 44.694 49.718 45.727 36.727 0.000 0.000 0.000 44.107 46.107 45.108 77.108 77.108 77.107 77.107
59.941 59.916 59.890 59.863 57.837 59.810 65.785 66.762 64.746 51.742 12.758 0.000 0.000 0.000 0.000 20.576 16.623 56.734 87.748 91.727 95.706 95.835 97.200 124.607 97.014 95.547 95.194 95.046 96.935 95.834 94.739 94.650 100.559 23.436 0.000 0.000 0.000 0.000 0.000 23.956 62.851 62.733 50.588 47.438 58.325 53.231 54.146 15.064 2.897 39.554 44.329 55.145 51.018 54.926 48.860 51.810 50.773 47.748 44.733 43.729 43.733 49.736 0.000 0.000 0.000 0.000 41.107 41.107 51.107 77.107 77.107 77.107 77.107
