results3/res_3e8f-0141.wd
ncols         241
nrows         181
xllcorner     12693529.787448
yllcorner     3542525.717860
cellsize      155.156523
NODATA_value  -9999.000000
[rows 99 to 131 of 181, columns 0 to 72 of 241]
0.000 0.000 0.000 0.000 0.000 60.342 100.342 102.342 93.341 88.341 0.000 0.000 0.000 0.000 0.000 2.339 1.339 68.339 65.339 0.000 0.000 1.338 4.337 63.337 62.337 3.336 0.000 0.000 0.000 10.096 0.000 0.000 0.000 0.000 15.959 61.955 57.946 56.929 57.905 58.879 71.850 60.818 64.784 56.746 58.704 56.660 57.612 62.561 63.509 61.454 65.397 58.340 58.281 60.220 63.157 77.087 78.028 62.981 48.937 0.000 0.000 0.000 0.000 0.000 26.976 81.971 78.961 65.944 40.921 35.898 79.875 56.853 58.832
0.000 0.000 0.000 0.000 0.000 61.342 101.342 101.342 0.000 0.000 0.000 0.000 0.000 0.000 0.000 1.339 13.339 79.339 68.339 6.339 3.339 3.338 66.338 65.337 69.337 0.337 0.000 0.000 0.000 68.096 60.096 0.000 0.000 0.000 75.001 84.996 70.987 63.974 57.955 59.933 78.907 63.877 69.843 69.806 60.764 75.720 67.672 68.620 58.566 66.510 66.453 64.394 58.335 59.275 63.211 60.118 22.054 12.018 0.000 0.000 0.000 0.000 0.000 29.990 66.986 78.981 85.973 75.961 51.946 52.930 66.912 57.895 58.876
6.345 0.000 0.000 0.000 0.000 48.343 97.343 106.343 16.343 0.000 0.000 0.000 0.000 0.000 0.000 0.340 2.340 86.340 67.339 68.339 70.339 67.338 64.338 65.338 63.337 1.337 0.000 0.000 0.000 61.096 61.096 62.094 61.087 61.074 60.049 70.040 79.034 26.024 90.010 79.991 84.968 69.939 14.907 85.870 83.828 82.783 86.734 75.682 58.627 61.569 66.509 66.449 63.389 59.335 48.294 0.000 0.000 0.000 0.000 0.000 0.000 0.000 0.000 39.995 66.995 66.993 77.988 76.982 59.973 59.962 58.950 58.936 58.921
74.345 77.345 9.345 0.000 0.000 58.343 97.343 102.343 112.343 17.343 0.000 0.000 0.000 0.000 8.341 8.341 6.340 23.340 71.340 68.339 86.339 100.339 75.338 60.338 0.000 0.000 0.000 0.000 0.000 0.000 60.098 61.100 61.093 61.086 61.080 60.083 60.083 59.079 60.069 65.054 77.033 71.007 13.975 85.938 86.896 64.851 71.801 88.747 82.689 69.628 59.566 65.503 66.439 69.380 54.337 0.000 0.000 0.000 0.000 0.000 0.000 0.000 0.000 2.001 18.006 64.007 61.006 61.004 59.001 58.996 58.989 58.980 58.969
88.345 71.345 71.345 73.345 75.344 94.344 102.344 102.343 102.343 104.343 78.343 17.343 0.342 66.342 73.341 74.341 36.341 31.340 94.340 102.340 97.339 93.339 76.339 0.338 0.000 0.000 0.000 0.000 0.000 0.000 0.000 61.113 60.101 59.096 60.102 61.129 61.138 61.139 61.134 62.122 81.104 76.079 59.047 61.010 71.968 82.922 59.871 71.816 72.755 65.690 85.625 68.558 60.484 1.435 0.000 0.000 0.000 0.000 0.000 0.000 0.000 0.000 0.000 0.000 10.022 64.023 59.026 59.029 59.031 59.032 59.031 57.026 55.019
103.345 93.345 74.345 78.345 96.344 102.344 102.344 102.344 102.344 97.344 69.343 75.343 3.342 57.342 92.342 100.341 100.341 84.341 99.340 106.340 16.340 0.000 0.000 0.000 0.000 0.000 0.000 0.000 0.000 0.000 0.000 61.140 0.000 0.000 0.000 62.194 61.200 61.204 61.205 62.198 78.182 83.158 60.126 61.088 61.045 78.998 79.947 57.890 65.826 84.750 76.685 54.621 0.000 0.000 0.000 0.000 0.000 0.000 0.000 0.000 0.000 0.000 0.000 0.000 7.036 64.039 59.045 59.053 59.063 58.071 57.075 62.075 63.073
103.345 103.345 98.345 101.345 102.345 102.345 102.344 102.344 102.344 98.344 73.344 90.343 0.000 0.000 70.342 94.342 102.341 103.341 102.341 107.341 10.340 0.000 0.000 0.000 0.000 0.000 0.000 0.000 0.000 0.000 0.000 61.166 0.211 0.238 63.260 61.254 61.262 61.274 61.283 61.282 78.269 83.245 60.211 61.170 61.125 62.077 83.027 76.973 83.908 73.800 54.742 0.000 0.000 0.000 0.000 0.000 0.000 0.000 0.000 0.000 0.000 0.000 0.000 0.000 62.047 59.051 59.061 59.077 59.098 58.112 60.122 64.128 65.131
101.345 102.345 102.345 102.345 102.345 102.345 102.345 102.345 102.344 103.344 98.344 105.344 29.343 8.343 58.342 77.342 100.342 102.341 103.341 91.341 5.341 0.000 0.000 0.000 0.000 0.000 0.000 0.000 0.000 0.000 0.000 55.191 60.216 60.241 59.266 61.299 61.321 61.347 61.371 61.379 78.368 83.341 60.302 61.257 61.208 61.160 66.112 89.067 69.031 0.000 0.000 0.000 0.000 0.000 0.000 0.000 0.000 0.000 0.000 0.000 0.000 0.000 0.000 0.000 15.053 66.059 62.071 63.096 61.139 57.159 64.173 65.184 63.194
98.346 103.346 102.346 102.346 102.345 102.345 102.345 102.345 102.345 102.344 103.344 96.344 80.344 71.343 65.343 92.342 102.342 102.342 107.342 10.341 0.000 0.000 0.000 0.000 0.000 0.000 0.000 0.000 0.000 0.000 0.000 0.000 0.000 0.000 0.000 61.354 61.378 61.421 61.475 61.495 77.483 84.449 61.400 61.346 61.292 61.241 61.194 67.153 20.120 0.000 0.000 0.000 0.000 0.000 0.000 0.000 0.000 0.000 0.000 0.000 0.000 0.000 0.000 0.000 0.000 3.061 1.066 0.000 7.202 66.212 64.226 65.243 62.261
98.346 103.346 102.346 102.346 102.346 102.346 102.346 102.345 102.345 102.345 103.345 88.344 67.344 66.343 75.343 99.343 102.342 102.342 108.342 13.342 4.342 0.000 0.000 0.000 0.000 0.000 0.000 0.000 0.000 0.000 0.000 0.000 0.000 0.000 0.000 57.384 61.415 58.484 61.615 61.643 80.621 84.570 61.504 61.435 61.372 61.318 61.271 58.230 8.175 0.000 0.000 0.000 0.000 0.000 0.000 0.000 0.000 0.000 0.000 0.000 0.000 58.342 0.000 0.000 0.000 0.000 0.000 0.286 62.255 63.262 65.277 65.300 62.330
101.347 102.347 102.347 102.347 102.346 102.346 102.346 102.346 102.346 102.345 102.345 99.345 76.344 77.344 94.343 101.343 102.343 102.342 109.342 26.342 0.000 0.000 0.000 0.000 0.000 0.000 0.000 0.000 0.000 0.000 0.000 0.000 0.000 0.000 0.000 0.000 57.415 0.000 60.857 61.840 89.788 76.707 61.610 61.519 61.444 74.386 64.345 59.320 0.000 0.000 0.000 0.000 0.000 0.000 0.000 0.000 0.000 0.000 0.000 0.000 10.342 69.342 54.342 0.000 0.000 0.000 0.324 63.313 66.299 65.304 62.320 58.349 58.392
102.347 102.347 102.347 102.347 102.347 102.347 102.347 102.346 102.346 102.346 102.345 102.345 104.345 104.344 103.344 102.343 102.343 104.343 93.343 36.342 0.000 0.000 0.000 0.000 0.000 0.000 0.000 0.000 0.000 0.000 0.000 0.000 0.000 0.000 0.000 0.000 0.000 0.000 61.116 62.071 95.985 64.860 61.711 61.586 73.498 82.439 61.401 61.385 60.401 0.000 0.000 0.000 0.000 0.000 0.000 0.000 0.000 0.000 0.000 0.000 0.000 65.342 66.342 53.342 0.340 59.338 61.335 65.328 64.326 62.333 61.352 57.384 65.436
101.348 100.348 102.348 102.348 102.348 102.347 102.347 102.347 102.347 102.346 102.346 102.345 102.345 102.344 102.344 102.344 103.343 86.343 14.343 5.343 63.343 77.343 23.343 0.000 0.000 4.342 0.000 0.000 0.000 0.000 0.000 0.000 0.000 0.000 0.000 3.227 3.210 0.104 57.421 68.343 91.221 62.037 58.788 61.616 61.525 61.469 61.435 61.419 61.417 58.417 0.000 0.000 0.000 0.000 0.000 0.000 0.000 0.000 0.000 0.000 0.000 60.342 56.342 62.342 57.342 65.341 65.340 64.339 60.342 63.351 58.369 57.399 57.451
91.348 91.348 100.348 102.348 102.348 102.348 102.348 102.348 102.347 102.347 102.346 103.346 104.345 102.345 102.344 102.344 102.343 24.343 8.343 63.343 73.343 83.343 82.342 75.342 67.342 8.342 0.000 0.000 0.000 0.000 0.000 0.000 0.000 0.000 3.261 62.245 65.195 65.060 61.802 60.660 69.519 57.278 0.000 57.566 61.516 61.478 61.452 61.437 60.432 0.000 0.000 0.000 0.000 0.000 0.000 0.000 62.342 73.342 0.000 0.000 61.342 59.342 59.343 56.343 64.343 65.343 65.344 62.346 65.352 65.361 63.374 58.393 47.413
73.349 78.349 97.349 103.349 102.349 102.349 102.349 102.348 102.348 102.348 104.347 90.347 86.346 101.345 106.344 103.344 98.344 80.343 83.343 89.343 83.343 84.343 63.342 56.342 2.342 0.000 0.000 0.000 0.000 0.000 0.000 0.000 0.205 0.000 53.278 59.295 62.264 62.184 62.066 61.977 63.917 0.000 0.000 0.000 56.495 61.474 61.457 61.447 61.442 0.000 0.000 0.000 0.000 0.000 0.000 22.342 79.342 61.342 59.342 59.342 59.342 59.342 57.343 62.343 65.344 65.345 61.347 65.351 65.357 64.365 58.375 59.386 49.395
57.349 72.350 91.350 104.350 105.350 105.350 103.350 102.349 103.349 102.349 103.348 41.347 12.346 60.345 78.344 99.344 106.344 104.343 104.343 90.343 13.343 0.000 0.000 0.000 0.000 0.000 0.000 0.000 0.000 8.208 10.208 0.207 0.207 0.206 0.000 58.393 62.382 60.347 61.300 63.266 64.256 0.000 0.000 0.000 0.000 54.465 61.457 61.451 58.446 0.000 0.000 0.000 0.000 0.000 0.000 0.000 21.342 75.342 58.342 58.342 59.342 58.343 58.343 64.343 65.344 63.346 51.349 4.354 69.361 63.368 63.375 63.381 49.386
21.350 43.350 76.351 82.351 76.351 78.351 95.351 103.350 99.350 92.350 91.349 26.349 0.000 0.000 0.000 36.344 71.344 97.343 104.343 1.343 0.000 0.000 0.000 0.000 0.000 0.000 0.000 0.000 0.000 50.208 71.208 16.208 1.208 0.207 0.000 58.502 64.522 63.524 72.519 73.530 63.584 8.743 0.000 0.000 0.000 0.000 58.455 59.453 0.000 0.000 0.000 0.000 0.000 0.000 0.000 0.000 0.000 80.342 83.342 63.342 57.342 55.343 65.343 65.343 60.344 0.000 0.000 0.000 10.366 68.370 65.375 65.378 55.381
0.000 0.000 57.353 66.353 18.352 4.352 67.352 96.351 87.351 83.350 97.350 64.350 24.350 0.000 0.000 0.000 0.000 42.344 73.344 0.000 0.000 0.000 0.000 0.000 0.000 0.000 0.000 0.000 0.000 0.000 55.209 73.209 4.209 0.000 0.000 49.592 63.681 61.708 91.724 84.751 62.807 64.903 11.009 0.000 0.000 0.000 53.455 0.000 0.000 0.000 0.000 0.000 0.000 0.000 0.000 0.000 0.000 0.000 68.342 85.342 70.342 64.342 65.343 60.343 0.000 0.000 0.000 0.000 0.000 60.373 65.375 65.377 60.379
0.000 0.000 53.354 98.354 55.354 4.353 56.353 88.352 90.352 101.351 103.351 106.351 112.350 51.350 20.350 0.000 0.000 0.000 13.344 8.344 0.000 1.342 0.000 0.000 0.000 0.000 0.000 0.000 0.000 0.000 56.209 71.209 1.209 8.209 12.210 0.000 56.902 64.905 94.916 76.943 64.989 64.053 69.114 0.000 0.000 0.000 0.000 0.000 0.000 0.000 0.000 0.000 0.000 0.000 0.000 0.000 0.000 0.000 0.000 6.342 73.342 63.342 61.342 0.000 0.000 0.000 0.000 0.000 59.374 58.374 60.375 54.376 0.000
26.358 41.358 75.356 93.356 101.355 70.355 83.354 106.354 103.353 102.352 102.352 102.351 102.351 108.350 111.349 67.348 26.347 8.346 71.345 85.344 78.343 80.342 36.341 12.340 9.339 0.000 0.000 0.000 0.000 0.000 35.209 57.209 63.209 63.210 66.210 25.211 58.119 87.093 89.094 66.114 64.153 64.208 67.281 12.400 7.452 0.000 0.000 0.000 0.000 0.000 0.000 0.000 0.000 0.000 0.000 0.000 0.000 0.000 0.000 0.000 0.000 0.000 7.342 0.000 0.000 0.000 0.000 61.374 56.374 54.374 0.000 0.000 0.000
99.359 102.359 102.358 100.357 98.357 99.356 101.355 101.355 102.354 103.353 103.353 102.352 95.351 99.350 102.349 106.348 110.347 111.346 103.345 99.344 96.343 91.342 93.341 86.340 42.338 20.337 0.000 0.000 0.000 0.000 0.000 0.000 0.000 0.000 0.000 82.303 71.271 100.253 91.253 78.269 65.300 64.344 64.401 68.467 64.505 0.000 0.000 0.000 0.000 0.000 0.000 0.000 0.000 0.000 0.000 0.000 0.000 0.000 0.000 0.000 0.000 0.000 0.000 0.000 0.000 0.000 0.000 0.000 0.000 0.000 0.000 0.000 0.000
102.360 97.360 95.359 94.359 88.358 85.357 86.357 86.356 92.355 97.354 97.354 90.353 74.352 89.351 102.350 102.348 102.347 102.346 102.345 102.344 103.343 103.342 106.341 107.339 107.338 107.336 46.335 0.000 0.000 0.000 0.000 0.000 0.000 0.000 0.000 54.427 80.410 85.396 69.395 86.407 74.433 64.469 64.514 67.561 10.595 0.000 0.000 0.000 0.000 0.000 0.000 0.000 0.000 0.000 0.000 0.000 0.000 0.000 0.000 0.000 0.000 0.000 0.000 0.000 0.000 0.000 0.000 0.000 0.000 0.000 0.000 0.000 0.000
72.361 45.361 67.361 81.360 79.360 59.359 44.358 40.357 60.357 77.356 76.355 69.353 64.352 74.351 95.350 103.349 102.347 102.346 102.345 102.344 102.343 106.342 81.341 69.339 68.338 72.336 75.333 14.328 3.324 0.155 0.070 0.000 0.000 0.000 0.000 52.568 88.546 71.527 63.524 73.533 84.555 68.585 64.623 64.667 70.721 14.812 8.858 0.891 0.000 0.000 0.000 0.000 0.000 0.000 0.000 0.000 0.000 0.000 0.000 0.000 0.000 0.000 0.000 0.000 0.000 0.000 0.000 0.000 0.000 0.000 0.000 0.000 0.000
62.363 33.363 55.362 70.362 66.361 43.361 29.360 33.359 53.358 67.357 65.356 65.354 66.353 64.352 83.350 100.349 102.347 102.346 102.345 102.344 101.343 64.343 0.000 0.000 0.000 0.000 0.000 0.000 0.000 58.900 78.897 30.894 16.889 12.876 59.831 76.730 93.679 70.643 64.638 62.648 79.668 81.694 67.727 64.764 64.808 67.858 76.894 14.921 9.932 0.000 0.000 0.000 0.000 0.000 0.000 0.000 0.000 0.000 0.000 0.000 0.000 0.000 0.000 0.000 0.000 0.000 0.000 0.000 0.000 0.000 0.000 0.000 0.000
75.365 71.365 66.364 65.364 66.363 68.362 69.361 72.360 71.359 67.358 66.357 66.355 66.354 65.352 72.351 94.349 103.347 102.346 104.345 76.344 42.344 0.000 0.000 0.000 0.000 0.000 0.000 0.000 0.000 23.899 45.897 48.896 52.897 66.907 63.888 84.843 81.797 55.727 62.739 64.754 66.773 79.797 71.825 66.856 64.888 63.918 80.938 71.947 65.944 0.000 0.000 0.000 0.000 0.000 0.000 0.000 0.000 0.000 0.000 0.000 0.000 0.000 0.000 0.000 0.000 0.000 0.000 0.000 0.000 0.000 0.000 0.000 0.000
65.367 66.367 66.366 66.366 66.365 66.364 66.363 66.362 66.361 66.359 66.358 66.356 66.355 66.353 64.351 85.349 102.347 104.346 100.344 26.344 0.000 0.000 0.000 0.000 0.000 0.000 0.000 0.000 0.000 0.000 0.000 0.000 0.000 50.966 67.970 93.957 67.941 0.000 50.839 65.853 63.874 67.897 68.921 77.946 66.969 64.987 63.994 59.986 0.965 0.000 0.000 0.000 0.000 0.000 0.000 0.000 0.000 0.000 0.000 0.000 0.000 0.000 0.000 0.000 0.000 0.000 0.000 0.000 0.000 0.000 0.000 0.000 24.659
66.369 66.369 66.368 66.368 66.367 66.366 66.365 65.364 65.363 66.361 66.359 66.358 66.356 66.353 65.351 73.349 88.347 99.345 87.343 13.343 0.000 0.000 0.000 0.000 0.000 0.000 0.000 0.000 0.000 0.000 0.000 0.000 0.000 28.021 77.070 102.074 12.068 0.000 48.923 66.948 64.972 63.995 72.017 83.038 71.056 65.068 69.065 2.025 0.000 0.000 0.000 0.000 0.000 0.000 0.000 0.000 0.000 0.000 0.000 0.000 0.000 0.000 0.000 0.000 0.000 0.000 0.000 0.000 0.000 0.000 0.000 0.000 81.736
66.371 66.371 66.371 66.370 66.369 66.368 66.367 70.366 71.365 67.363 66.361 66.359 66.357 66.354 66.352 65.349 68.346 77.344 77.342 18.340 0.000 0.000 0.000 0.000 0.000 0.000 19.966 0.000 0.000 0.000 0.000 0.000 0.000 0.308 81.216 96.201 19.190 0.000 32.983 64.043 65.072 65.094 64.114 69.132 71.150 67.164 69.171 0.000 0.000 0.000 0.000 0.000 0.000 0.000 0.000 0.000 0.000 0.000 0.000 0.000 0.000 0.000 0.000 0.000 0.000 0.000 0.000 0.000 0.000 0.000 0.000 65.958 74.867
66.374 66.374 66.373 66.373 66.372 66.371 65.370 77.368 82.367 69.365 66.363 66.360 66.358 66.355 66.352 66.349 66.346 65.343 68.340 49.337 0.000 0.000 0.000 0.000 0.000 61.967 82.966 44.964 35.955 34.943 0.000 0.000 0.000 62.476 104.375 78.322 78.301 5.324 0.000 50.168 67.180 65.195 65.211 63.228 79.247 83.266 77.285 0.421 0.000 0.000 0.000 0.000 0.000 0.000 0.000 0.000 0.000 0.000 0.000 0.000 0.000 0.000 0.000 0.000 0.000 0.000 0.000 0.000 0.000 0.000 40.123 91.050 76.975
66.377 66.377 66.376 66.376 66.375 66.374 65.372 78.371 84.369 68.367 66.365 66.362 66.360 66.356 66.353 66.349 66.345 66.341 66.337 72.331 43.325 0.000 0.000 0.000 1.967 24.967 39.968 61.971 69.958 73.932 47.880 23.810 58.717 96.585 94.486 74.411 56.369 14.347 0.000 50.280 67.286 66.295 69.308 64.323 73.343 96.369 93.412 38.499 2.551 18.576 0.000 0.000 0.000 0.000 0.000 0.000 0.000 0.000 0.000 0.000 0.000 0.000 0.000 0.792 0.000 0.000 0.000 0.000 0.000 0.000 77.195 133.143 116.081
63.380 64.380 65.379 65.379 66.378 66.377 64.375 79.374 82.372 65.370 66.367 66.364 66.361 66.358 66.354 66.350 66.345 66.340 66.334 66.327 72.318 52.306 3.298 0.000 0.000 0.000 0.000 37.992 68.976 64.945 67.898 71.835 83.755 100.661 84.572 52.467 2.418 0.000 0.000 49.387 66.388 69.392 82.401 68.414 78.432 79.457 98.493 102.541 85.579 35.601 0.000 0.000 0.000 0.000 0.000 0.000 0.000 0.000 0.000 0.000 0.000 0.000 2.788 0.011 0.000 0.000 0.000 0.000 0.000 63.410 73.319 74.249 77.183
84.383 79.383 74.383 72.382 68.381 64.380 64.378 79.377 82.375 64.372 66.370 66.367 66.364 66.360 66.356 66.351 65.346 64.340 65.333 65.324 65.315 71.303 48.290 25.277 0.255 0.000 0.000 37.029 75.008 68.975 63.931 76.876 99.808 93.730 61.676 0.000 0.000 0.000 0.000 47.492 65.487 70.485 77.490 72.499 77.514 76.535 89.561 83.593 76.622 49.648 4.678 0.000 0.000 0.000 0.000 0.000 0.000 0.000 0.000 0.000 0.000 0.000 0.027 0.018 10.180 0.000 0.000 6.577 40.577 68.500 137.422 101.357 133.244
104.387 103.387 99.386 94.385 90.384 85.383 80.382 76.380 71.378 65.376 66.373 66.370 66.366 66.362 65.358 67.353 73.347 78.340 77.333 75.324 69.313 64.300 68.284 74.264 38.232 19.195 23.150 57.089 80.051 71.015 66.976 89.930 101.871 57.776 2.726 0.000 0.000 10.684 17.662 51.604 64.581 69.573 85.573 75.579 68.590 61.606 67.625 85.647 82.669 88.690 7.709 0.000 0.000 0.000 0.000 0.000 0.000 0.000 0.000 0.000 0.000 0.000 0.000 0.000 7.181 0.000 0.000 0.000 75.653 66.592 76.524 99.420 75.595
