results3/res_3e8f-0105.wd
ncols         241
nrows         181
xllcorner     12693529.787448
yllcorner     3542525.717860
cellsize      155.156523
NODATA_value  -9999.000000
[rows 132 to 164 of 181, columns 0 to 72 of 241]
93.981 98.981 102.980 102.979 104.978 104.977 98.975 89.973 75.970 64.968 63.964 64.961 63.956 62.952 67.946 81.940 92.934 97.926 97.916 94.906 86.893 77.877 68.859 62.835 67.805 69.769 68.728 69.682 67.643 62.607 76.573 99.539 66.512 0.000 0.000 0.000 6.148 58.140 70.134 67.108 69.086 75.070 93.063 79.061 63.061 62.063 62.067 74.072 95.078 36.084 9.090 4.106 0.000 0.000 0.000 0.000 0.000 0.000 0.000 0.000 0.000 0.000 0.000 0.000 25.845 5.767 9.688 50.587 73.440 77.338 77.228 87.313 114.777
71.985 73.985 76.984 82.984 92.982 98.981 103.979 103.977 96.975 82.972 71.968 65.965 69.960 76.955 89.950 104.944 103.937 100.929 100.919 103.908 103.895 99.880 87.862 75.840 67.814 62.784 63.751 62.716 63.684 71.655 93.629 101.607 13.593 0.000 0.000 0.000 16.156 44.164 62.195 71.189 72.170 69.148 70.144 80.140 75.137 68.133 72.128 80.124 93.121 34.118 20.114 26.122 6.130 0.000 0.000 0.000 0.000 0.000 0.000 0.000 0.000 0.000 0.000 0.000 7.924 0.000 57.712 79.632 75.510 84.480 75.541 114.902 103.660
63.990 63.990 63.989 65.988 70.987 74.986 81.984 90.982 98.979 101.976 95.973 93.969 95.965 98.960 97.954 90.948 81.941 79.933 79.924 84.913 90.900 97.886 100.869 99.849 88.827 78.802 73.775 71.748 80.723 96.700 97.681 83.667 16.661 0.000 0.000 0.000 0.000 0.000 45.295 72.281 51.257 39.209 54.223 69.221 84.213 88.202 90.189 91.176 87.164 14.155 1.135 29.137 26.139 14.142 20.143 14.143 0.000 0.000 0.000 0.000 0.000 0.000 42.149 12.097 78.003 99.935 132.787 88.758 83.808 64.763 100.826 105.338 105.244
64.995 64.995 64.994 64.994 63.992 62.991 64.989 69.987 75.984 85.982 95.978 97.974 90.970 80.965 74.959 66.953 62.946 62.938 62.929 64.919 69.908 75.894 82.879 94.862 99.842 101.822 100.800 96.779 99.759 92.741 74.728 66.720 45.722 3.746 0.000 0.000 0.000 0.000 38.408 71.385 14.367 0.000 47.317 72.307 91.292 99.274 85.251 88.226 74.205 32.191 0.000 56.150 25.147 17.144 28.144 28.143 0.000 0.000 0.000 0.000 0.000 29.257 48.202 121.140 150.060 132.940 116.492 115.435 107.104 105.742 105.616 105.482 70.704
65.001 65.000 65.000 64.999 64.998 64.996 64.995 63.993 63.990 66.987 72.984 71.980 67.975 63.970 63.965 63.959 64.952 64.945 64.937 64.927 63.916 62.904 64.891 70.876 77.859 86.842 94.825 90.808 79.792 67.779 63.768 68.763 76.763 52.769 30.771 30.754 16.718 17.653 53.544 74.484 24.460 6.468 66.422 98.397 100.375 79.349 82.316 81.272 69.238 58.214 9.190 37.165 11.157 0.017 12.144 0.000 1.780 0.000 0.000 0.000 0.000 10.315 73.259 79.176 75.161 76.318 74.290 106.079 105.973 105.861 73.057 75.834 77.703
65.006 65.006 65.005 65.005 65.004 65.002 65.001 64.999 64.996 64.993 63.990 63.986 63.981 64.976 64.971 64.966 64.959 64.953 64.945 64.936 64.927 64.916 64.904 63.891 62.877 63.863 67.849 65.836 64.823 68.813 71.805 70.800 68.797 70.796 70.791 67.775 67.745 71.698 46.631 32.545 21.521 39.522 84.505 98.485 78.462 71.432 70.390 50.308 46.261 9.238 0.000 0.000 0.042 2.074 0.000 0.000 5.780 20.753 35.705 5.637 19.551 82.399 89.384 87.453 85.437 86.516 106.277 106.180 87.308 94.098 86.950 92.722 84.562
65.012 65.012 65.012 65.011 65.010 65.009 65.007 65.005 65.003 65.000 64.997 64.993 64.988 64.983 64.978 64.973 64.967 64.961 64.954 63.947 70.938 72.929 64.918 63.907 62.896 63.884 65.873 68.862 71.853 70.844 65.838 66.834 73.830 76.827 72.821 66.809 63.789 72.763 3.738 0.000 6.557 79.593 88.592 75.577 67.554 87.528 33.506 0.000 0.000 0.045 1.079 1.079 1.077 2.075 0.000 0.000 30.806 72.775 101.727 62.660 95.541 103.695 100.655 99.743 106.549 106.462 106.372 99.395 101.271 100.969 99.829 98.760 16.675
65.018 65.018 65.018 65.017 65.016 65.015 65.014 65.012 65.010 65.007 68.004 68.000 65.995 69.989 67.984 64.980 64.976 64.971 63.965 61.958 72.950 80.942 66.933 63.924 65.915 68.905 70.896 69.888 66.880 68.874 73.870 75.866 76.864 76.861 71.857 65.850 74.840 93.828 12.819 0.000 0.000 53.700 76.693 73.676 77.650 97.620 31.599 0.000 1.079 1.079 1.080 1.081 1.077 3.074 0.000 28.919 80.867 96.813 99.741 104.737 101.900 98.888 106.786 106.711 106.632 98.709 99.493 100.366 100.046 100.017 92.948 69.854 0.000
65.025 65.025 65.024 65.024 65.023 65.022 65.021 65.019 65.017 66.015 73.012 73.008 50.003 17.994 38.990 68.988 62.985 65.981 71.976 74.970 74.963 70.956 66.949 67.941 70.933 69.926 68.919 70.912 74.907 74.903 76.900 75.899 66.898 61.897 63.896 76.894 95.892 105.891 27.892 0.000 0.000 28.816 84.804 86.784 93.751 92.701 28.673 0.000 1.079 0.000 0.088 1.088 0.000 7.072 33.039 76.980 98.896 101.909 100.996 100.997 100.088 106.929 106.859 98.917 99.717 100.578 100.364 100.219 100.176 92.108 84.066 0.000 0.000
65.032 65.031 65.031 65.031 65.030 65.029 65.028 65.027 65.025 67.023 76.021 87.018 63.016 0.009 5.993 53.997 79.995 71.992 69.988 69.982 67.977 66.971 68.964 70.958 68.952 64.946 66.940 78.936 80.933 70.930 64.930 61.930 61.931 66.933 80.935 96.938 93.943 77.950 49.966 18.000 11.996 55.943 84.923 66.905 57.867 49.762 14.717 0.000 0.000 20.099 11.098 1.095 0.000 26.105 77.071 98.982 101.174 100.164 100.272 107.127 107.064 106.997 98.980 100.864 100.576 100.450 100.394 100.321 94.245 81.181 71.144 0.000 0.000
65.039 65.038 65.038 65.038 65.037 65.037 65.036 65.035 65.034 67.032 77.031 64.029 20.025 2.032 0.000 22.011 76.008 68.004 70.000 68.996 66.991 69.986 70.980 67.975 64.970 60.965 70.961 84.958 71.957 61.957 62.958 67.960 77.964 88.969 99.974 92.981 70.991 66.003 85.019 92.039 93.046 97.038 72.039 33.046 5.052 0.000 0.000 0.000 0.000 33.099 20.099 0.209 31.214 77.146 99.162 101.347 100.362 107.302 107.247 107.189 99.250 100.049 100.937 100.635 100.620 100.560 100.484 101.392 89.312 60.226 49.185 7.185 1.185
64.046 64.046 65.045 65.045 65.044 65.044 65.044 65.043 65.042 68.041 78.040 49.040 0.000 8.039 46.037 48.027 65.022 67.017 55.013 37.009 75.005 70.001 65.996 64.992 62.988 64.984 80.981 83.980 65.980 68.981 80.985 89.990 98.996 97.003 85.012 71.023 64.036 80.051 84.070 72.091 53.109 51.124 39.150 19.186 8.244 2.389 0.583 20.652 15.654 0.000 0.000 25.296 77.315 100.413 101.430 99.539 107.408 107.356 99.416 100.227 101.104 100.910 100.788 100.764 100.711 100.659 103.589 67.455 47.383 0.000 0.000 0.000 0.000
73.053 71.053 68.052 66.052 63.052 63.052 63.052 63.052 62.051 67.051 79.050 62.050 43.052 51.048 69.044 65.039 62.034 68.030 63.027 50.023 70.019 64.016 63.012 63.008 65.005 79.002 87.000 52.999 45.001 95.005 100.011 95.018 84.026 74.036 66.048 62.061 73.078 85.097 53.120 28.146 11.175 2.210 19.251 18.306 8.381 9.488 12.604 40.658 24.656 0.000 0.000 57.548 99.576 98.694 107.555 107.508 107.459 99.455 101.347 101.072 100.964 100.932 102.889 97.837 99.807 100.779 111.757 0.000 0.000 0.000 0.000 0.000 0.000
74.062 76.061 82.059 83.058 83.059 80.060 81.060 80.060 79.060 79.060 81.059 64.059 68.059 67.056 64.053 67.050 67.046 66.043 71.040 73.037 67.034 61.031 63.028 65.025 79.022 84.019 73.017 67.017 76.020 99.026 82.035 73.045 65.056 63.068 65.081 64.097 78.116 87.139 51.166 27.197 15.235 17.281 20.336 12.405 13.487 19.580 21.668 14.722 0.000 0.000 35.781 77.791 107.684 107.643 107.600 99.692 100.497 101.394 101.102 101.097 102.055 102.008 74.964 52.900 87.899 101.893 106.902 46.960 0.000 0.000 0.000 0.000 0.000
67.071 61.069 14.063 16.063 25.067 72.069 69.069 69.069 69.069 73.069 82.068 63.068 64.067 63.065 66.063 70.061 71.058 69.055 68.053 71.051 72.048 69.046 63.044 80.041 86.038 77.035 83.032 100.031 97.035 79.044 67.058 63.071 65.084 65.097 64.112 69.130 85.152 87.177 79.207 82.242 53.286 15.341 7.410 6.491 18.581 25.676 15.767 12.841 4.868 30.987 78.967 107.759 107.723 99.836 100.645 101.530 101.342 101.228 101.212 102.164 100.123 94.082 19.060 0.000 69.996 104.992 101.999 101.019 0.000 0.000 0.000 0.000 0.000
65.082 57.082 0.000 0.000 7.078 68.078 64.078 64.078 64.078 68.078 82.078 60.077 64.076 68.075 70.073 71.072 68.070 65.068 63.066 65.065 75.063 88.061 83.060 84.058 61.055 55.051 107.045 93.042 60.045 20.058 40.083 68.098 65.111 65.125 67.141 60.160 44.184 34.211 46.242 86.280 62.326 15.388 10.470 5.569 14.670 19.776 13.885 18.979 19.067 57.139 107.814 99.028 102.766 101.669 101.482 101.372 101.348 101.311 102.269 102.232 67.192 43.136 29.134 32.141 83.096 104.081 100.082 91.097 9.132 0.000 0.000 0.000 0.000
65.093 65.094 48.100 0.000 8.088 69.088 65.088 65.088 64.088 65.087 80.087 67.086 70.086 72.085 71.084 66.083 63.082 64.080 64.079 63.078 73.078 96.077 92.076 79.075 72.074 63.069 39.053 28.047 15.046 0.000 21.119 70.127 65.138 67.151 50.167 24.185 9.213 6.240 48.271 65.307 34.351 6.417 9.511 14.646 21.754 17.873 12.018 5.167 8.500 56.388 107.883 101.916 101.677 101.498 101.482 101.447 101.406 101.367 99.332 90.300 23.277 0.000 40.201 99.191 104.168 102.154 96.151 86.156 4.166 0.000 0.000 0.000 0.000
62.102 64.103 61.105 0.000 4.098 69.098 64.098 62.097 64.097 68.097 72.096 71.096 71.096 69.095 63.095 64.094 64.093 65.093 65.092 70.092 88.092 87.092 80.093 89.094 87.095 58.097 0.000 0.000 0.000 0.000 19.147 70.152 65.162 68.174 39.189 1.214 35.241 61.266 81.296 50.327 2.354 0.000 0.000 3.752 13.826 13.946 14.118 8.469 5.522 108.078 107.983 100.824 101.669 101.569 101.535 101.497 101.459 103.424 88.390 71.361 31.339 7.328 55.279 85.252 94.232 103.218 92.211 81.209 3.211 0.000 0.000 0.000 0.000
69.111 67.111 56.112 0.000 55.108 63.108 65.107 69.107 70.107 71.106 69.106 70.106 68.106 64.106 64.105 65.105 65.105 64.105 66.105 89.105 88.106 70.107 83.109 81.112 85.117 83.126 46.147 2.161 11.169 41.172 46.169 66.173 65.183 65.196 60.214 52.238 69.261 68.288 62.319 84.352 32.383 0.000 0.000 7.783 12.852 10.962 12.102 36.308 60.743 108.167 103.155 102.900 102.639 101.626 101.585 101.548 102.512 100.477 55.444 32.415 44.389 45.365 99.334 101.309 81.288 91.274 86.264 59.260 24.259 0.000 0.000 0.000 0.000
70.119 71.119 68.120 56.122 70.119 70.117 70.117 71.117 71.116 72.116 84.116 66.115 64.116 64.116 65.116 65.116 65.117 66.117 80.118 91.119 66.120 70.122 97.125 89.129 77.134 80.143 83.155 67.166 72.174 87.179 80.183 68.190 61.200 61.214 72.231 88.253 75.277 47.305 19.339 74.381 63.442 12.543 15.641 20.745 16.838 7.949 10.038 51.334 103.584 108.248 100.135 102.785 103.713 101.674 101.636 101.599 94.563 84.528 41.496 12.465 21.437 22.411 83.384 125.360 106.340 82.324 74.314 53.307 62.304 15.304 0.000 1.472 5.472
75.126 75.127 71.127 71.128 71.127 72.127 72.126 68.126 65.126 64.126 27.125 17.124 68.126 65.127 65.127 65.128 64.128 67.129 91.130 77.131 62.133 68.136 85.139 102.143 97.149 94.156 92.165 88.174 84.182 83.188 91.195 88.203 82.214 78.227 81.244 85.265 47.289 11.317 10.350 26.392 22.460 7.547 16.635 26.717 22.808 13.927 7.087 50.333 108.399 108.325 103.030 104.872 101.758 101.725 102.686 98.648 82.612 75.577 81.544 87.513 71.484 93.456 108.430 125.407 134.387 118.370 80.359 85.351 60.347 0.000 0.000 0.000 0.000
14.133 15.134 75.134 70.135 70.136 65.136 62.136 64.136 59.136 12.136 12.136 1.136 69.137 65.137 65.138 65.139 65.139 83.141 90.142 63.144 65.146 65.149 68.152 74.156 76.162 76.168 72.176 75.183 91.190 84.197 75.204 78.213 85.224 89.238 92.254 89.273 64.297 29.324 12.352 11.375 0.000 0.573 11.632 20.683 4.745 0.000 20.268 80.507 108.470 100.379 104.099 103.835 101.817 101.774 102.735 97.697 84.660 50.625 57.591 100.559 111.529 143.501 134.474 106.450 94.429 111.412 90.399 84.391 59.387 0.000 0.000 0.000 0.000
1.144 10.143 24.140 79.143 64.144 62.145 64.145 64.145 65.145 12.146 3.147 58.149 66.148 65.148 65.149 65.150 67.151 91.152 76.154 62.156 65.158 65.161 65.164 64.169 64.174 64.179 63.186 70.192 99.199 78.206 9.213 17.221 29.233 80.245 90.260 74.279 79.301 66.330 18.359 15.382 0.469 5.547 18.588 10.635 0.000 0.000 38.419 108.607 108.540 103.261 104.998 100.904 101.863 101.822 101.782 101.744 88.707 51.671 66.637 103.604 99.573 133.543 128.516 97.490 102.468 88.450 69.436 87.426 65.422 0.000 0.000 0.000 0.000
63.156 59.155 0.000 71.154 81.154 82.154 63.154 75.154 82.155 58.155 56.156 66.157 65.158 65.158 65.159 65.160 84.162 88.163 63.165 65.167 64.170 63.173 65.176 65.180 65.185 65.190 64.196 72.201 101.207 82.214 28.220 1.230 52.240 77.250 90.263 69.279 59.300 18.334 11.372 14.407 12.458 20.509 24.538 0.000 0.000 17.355 79.592 108.673 100.523 104.239 103.979 101.956 101.910 101.869 101.828 102.789 93.752 82.715 105.680 130.647 118.614 135.584 132.555 126.528 133.504 99.483 76.467 86.457 94.454 23.463 0.000 0.000 0.000
65.164 64.164 59.167 65.164 64.163 12.163 86.163 78.163 65.164 66.165 66.166 65.167 65.168 65.169 65.170 68.171 91.172 74.174 64.176 65.178 71.181 79.184 65.187 63.191 65.196 64.200 67.205 91.210 99.216 74.222 62.228 50.237 72.244 71.253 32.263 17.274 14.287 0.000 3.388 3.417 4.456 5.494 7.516 0.000 20.457 77.583 99.730 108.737 101.485 102.124 102.044 101.999 101.956 101.914 101.873 102.834 93.796 76.759 72.723 105.688 95.655 109.623 112.592 100.563 102.536 74.512 51.493 65.479 132.473 85.473 20.475 10.475 32.474
65.172 65.172 65.173 65.172 65.172 59.172 75.172 91.173 67.173 64.174 65.175 65.176 65.177 65.179 64.180 87.181 89.183 63.185 65.186 66.188 63.191 25.195 84.198 79.202 66.206 64.210 82.214 101.219 85.224 65.229 65.235 66.241 69.247 73.254 10.261 11.268 0.000 0.367 15.374 0.000 0.000 0.000 0.000 0.000 43.598 100.737 108.859 108.799 101.371 102.201 102.082 102.044 102.000 101.958 101.917 100.877 85.838 87.801 107.764 126.728 125.694 130.660 135.627 122.595 120.565 107.536 56.512 54.496 130.486 94.480 32.477 25.475 90.474
65.179 65.179 65.179 65.179 65.180 65.180 65.181 76.181 91.182 67.183 64.185 65.186 65.187 63.189 71.190 92.192 72.193 64.195 66.197 64.198 6.202 3.206 72.209 73.212 79.216 78.220 86.224 85.228 66.232 64.236 66.241 69.246 74.250 74.253 0.000 0.000 0.000 2.359 26.362 13.358 14.357 13.356 0.000 4.849 51.918 105.969 108.918 100.716 102.424 102.156 102.133 102.086 102.042 102.000 101.959 101.919 87.880 83.842 104.804 105.768 105.732 108.697 108.662 107.627 112.591 85.555 61.525 76.505 91.493 30.487 0.000 0.000 34.473
65.187 67.186 67.186 65.187 65.188 65.189 65.189 65.190 76.191 91.192 67.194 62.195 62.197 79.199 91.200 85.202 62.204 65.206 61.207 7.206 4.213 58.217 65.220 65.223 71.226 88.229 88.233 81.236 74.240 66.243 53.247 23.251 88.254 68.256 0.000 0.000 0.000 1.354 15.355 8.356 22.356 11.356 0.000 5.073 25.129 109.033 108.975 101.585 102.314 102.217 102.172 102.127 102.084 102.042 102.000 102.960 97.921 87.882 82.844 81.806 81.769 81.733 81.696 85.659 59.619 3.568 29.529 85.508 81.494 42.487 4.482 0.000 33.473
66.194 3.194 4.192 65.195 64.196 63.197 63.198 62.199 62.200 75.201 90.203 83.205 90.207 92.209 79.211 63.213 70.215 70.217 58.219 0.000 6.226 69.228 65.231 67.233 91.236 98.239 76.241 67.244 74.247 81.250 69.253 5.256 48.259 66.260 0.000 0.000 0.000 2.347 8.350 5.353 19.354 0.000 0.000 5.270 10.626 109.088 106.842 102.547 102.286 102.260 102.212 102.167 102.124 102.082 102.041 102.001 102.961 101.922 99.883 98.845 98.806 99.769 101.732 75.695 17.657 0.000 14.515 70.502 101.491 92.483 65.478 41.473 58.472
65.203 64.203 0.000 64.204 75.205 79.205 83.206 88.207 91.209 92.210 92.212 92.214 78.216 65.218 81.221 98.223 99.226 99.229 92.232 70.239 5.238 66.239 64.241 73.243 101.246 88.248 65.250 64.253 66.255 69.257 60.260 5.262 25.265 25.267 0.000 0.000 0.000 8.339 3.345 0.000 2.354 0.000 13.214 14.573 5.757 109.141 110.791 106.424 102.342 102.296 102.250 102.206 102.163 102.121 102.080 102.040 102.001 101.962 101.922 101.882 102.842 105.804 77.767 10.731 0.000 0.000 0.000 15.493 71.484 102.477 93.472 69.470 46.471
65.211 67.212 63.215 65.213 80.213 79.214 75.214 71.215 70.217 66.219 87.221 77.223 88.226 79.228 95.231 91.233 84.236 85.239 96.243 102.247 91.248 92.250 84.252 92.254 100.255 73.257 64.259 65.261 65.263 64.265 64.267 66.269 61.271 10.275 70.282 61.287 0.306 2.326 0.000 0.000 0.000 4.001 82.102 79.321 109.237 109.190 104.669 105.492 102.373 102.332 102.287 102.243 102.201 102.159 102.119 102.079 102.040 102.001 101.962 103.921 108.876 77.838 17.803 0.000 0.000 0.000 0.000 0.000 12.476 63.468 98.464 48.462 0.000
67.219 3.219 62.221 65.221 65.221 65.222 64.222 65.223 67.225 65.227 77.230 72.233 81.235 92.238 80.241 65.244 66.247 67.250 68.253 73.256 86.259 96.261 102.262 100.264 89.265 65.266 65.268 65.269 65.270 65.272 66.273 89.274 62.276 2.279 66.284 16.292 10.303 3.315 0.000 0.000 0.000 13.930 102.139 104.337 109.281 103.007 102.706 102.438 102.415 102.366 102.322 102.279 102.238 102.197 102.157 102.118 102.080 102.042 104.003 88.962 42.903 9.871 0.000 0.000 0.000 0.000 0.000 0.000 0.000 34.456 96.454 48.453 0.000
68.227 1.227 62.228 65.228 65.229 65.229 65.230 66.231 4.231 64.236 68.239 79.242 79.245 87.248 92.251 78.254 63.257 63.260 63.264 65.267 67.269 68.271 69.273 69.274 68.275 67.276 63.276 63.277 64.278 65.279 76.279 90.280 61.281 55.282 57.284 0.000 0.000 3.315 0.000 0.000 0.000 17.961 101.072 109.364 109.322 101.862 102.587 102.490 102.445 102.400 102.356 102.314 102.273 102.233 102.194 102.156 102.119 102.082 107.048 63.021 0.000 0.000 0.000 0.000 0.000 0.000 0.000 0.000 0.000 37.445 97.444 56.443 0.000
