results3/res_3e8f-0084.wd
ncols         241
nrows         181
xllcorner     12693529.787448
yllcorner     3542525.717860
cellsize      155.156523
NODATA_value  -9999.000000
[rows 99 to 131 of 181, columns 0 to 72 of 241]
0.000 0.000 0.000 0.000 0.000 57.973 97.973 99.973 90.972 85.972 0.000 0.000 0.000 0.000 0.000 0.000 0.000 65.970 62.970 0.000 0.000 0.000 1.965 60.965 59.964 0.963 0.000 0.000 0.000 7.045 0.000 0.000 0.000 0.000 12.895 58.891 54.880 53.861 54.835 55.805 68.774 57.739 61.701 53.659 55.613 53.563 54.511 59.455 60.396 58.335 62.272 55.208 55.142 57.074 60.003 73.926 74.861 59.809 45.761 0.000 0.000 0.000 0.000 0.000 23.408 78.404 75.392 62.369 37.346 32.323 76.301 53.281 55.263
0.000 0.000 0.000 0.000 0.000 58.974 98.974 98.974 0.000 0.000 0.000 0.000 0.000 0.000 0.000 0.000 10.970 76.970 65.970 3.969 0.969 0.967 63.966 62.965 66.965 0.000 0.000 0.000 0.000 65.045 57.045 0.000 0.000 0.000 71.941 81.935 67.926 60.911 54.890 56.866 75.837 60.804 66.766 66.725 57.680 72.630 64.577 65.520 55.461 63.398 63.334 61.268 55.201 56.133 60.061 56.959 18.890 8.849 0.000 0.000 0.000 0.000 0.000 26.388 63.391 75.387 82.378 72.363 48.345 49.327 63.310 54.293 55.278
3.978 0.000 0.000 0.000 0.000 45.975 94.975 103.975 13.975 0.000 0.000 0.000 0.000 0.000 0.000 0.000 0.000 83.970 64.970 65.970 67.969 64.968 61.967 62.966 60.966 0.000 0.000 0.000 0.000 58.045 58.045 59.043 58.035 58.021 56.994 66.984 75.977 22.966 86.950 76.930 81.904 66.873 11.837 82.796 80.750 79.700 83.647 72.589 55.528 58.464 63.398 63.330 60.262 56.195 45.149 0.000 0.000 0.000 0.000 0.000 0.000 0.000 0.000 36.385 63.381 63.377 74.369 73.359 56.346 56.332 55.318 55.304 55.291
71.978 74.978 6.978 0.000 0.000 55.975 94.975 99.975 109.976 14.976 0.000 0.000 0.000 0.000 5.972 5.972 3.972 20.971 68.970 65.970 83.969 97.968 72.968 57.967 0.000 0.000 0.000 0.000 0.000 0.000 57.047 58.049 58.042 58.034 58.028 57.031 57.032 56.027 57.016 61.999 73.976 67.947 10.912 82.871 83.825 61.775 68.720 85.661 79.598 66.531 56.463 62.393 63.320 66.236 51.193 0.000 0.000 0.000 0.000 0.000 0.000 0.000 0.000 0.000 14.373 60.370 57.364 57.357 55.347 55.337 55.326 55.315 55.304
85.978 68.978 68.978 70.978 72.977 91.976 99.976 99.976 99.976 101.976 75.976 14.976 0.000 63.973 70.973 71.972 33.972 28.972 91.971 99.970 94.970 90.969 73.968 0.000 0.000 0.000 0.000 0.000 0.000 0.000 0.000 58.064 57.050 56.045 57.052 58.082 58.092 58.093 58.087 59.075 78.055 73.027 55.992 57.951 68.905 79.854 56.798 68.737 69.671 62.599 82.529 65.460 57.390 0.000 0.000 0.000 0.000 0.000 0.000 0.000 0.000 0.000 0.000 0.000 6.368 60.366 55.362 55.356 55.349 55.342 55.334 53.325 51.317
100.978 90.978 71.978 75.978 93.977 99.977 99.977 99.977 99.976 94.976 66.976 72.976 0.975 54.973 89.973 97.973 97.973 81.972 96.972 103.971 13.971 0.000 0.000 0.000 0.000 0.000 0.000 0.000 0.000 0.000 0.000 58.092 0.000 0.000 0.000 59.154 58.160 58.165 58.166 59.158 75.141 80.114 57.079 58.037 57.989 75.938 76.881 54.820 62.749 81.666 73.595 51.528 0.000 0.000 0.000 0.000 0.000 0.000 0.000 0.000 0.000 0.000 0.000 0.000 3.365 60.363 55.361 55.357 55.353 54.348 53.342 58.336 59.330
100.978 100.978 95.978 98.978 99.978 99.978 99.977 99.977 99.977 95.977 70.977 87.976 0.000 0.000 67.974 91.973 99.973 100.973 99.972 104.972 7.972 0.000 0.000 0.000 0.000 0.000 0.000 0.000 0.000 0.000 0.000 58.120 0.000 0.000 60.227 58.220 58.229 58.242 58.252 58.252 75.237 80.210 57.172 58.128 58.078 59.026 79.971 73.911 80.839 70.721 51.658 0.000 0.000 0.000 0.000 0.000 0.000 0.000 0.000 0.000 0.000 0.000 0.000 0.000 58.363 55.362 55.360 55.359 55.357 54.354 56.351 60.348 61.344
98.979 99.979 99.979 99.979 99.978 99.978 99.978 99.978 99.977 100.977 95.977 102.977 26.976 5.976 55.975 74.974 97.974 99.973 100.973 88.973 2.972 0.000 0.000 0.000 0.000 0.000 0.000 0.000 0.000 0.000 0.000 52.149 57.177 57.206 56.234 58.270 58.295 58.323 58.350 58.358 75.346 80.316 57.273 58.223 58.170 58.116 63.064 86.015 65.975 0.000 0.000 0.000 0.000 0.000 0.000 0.000 0.000 0.000 0.000 0.000 0.000 0.000 0.000 0.000 11.362 62.362 58.361 59.360 57.361 53.361 60.360 61.359 59.359
95.979 100.979 99.979 99.979 99.979 99.979 99.979 99.978 99.978 99.978 100.977 93.977 77.977 68.976 62.975 89.975 99.974 99.974 104.974 7.974 0.000 0.000 0.000 0.000 0.000 0.000 0.000 0.000 0.000 0.000 0.000 0.000 0.000 0.000 0.000 58.330 58.357 58.405 58.465 58.487 74.473 81.435 58.382 58.322 58.262 58.206 58.155 64.109 17.072 0.000 0.000 0.000 0.000 0.000 0.000 0.000 0.000 0.000 0.000 0.000 0.000 0.000 0.000 0.000 0.000 0.000 0.000 0.000 3.368 62.368 60.369 61.371 58.374
95.980 100.980 99.980 99.980 99.980 99.979 99.979 99.979 99.979 99.978 100.978 85.978 64.977 63.976 72.976 96.975 99.975 99.975 105.974 10.974 1.974 0.000 0.000 0.000 0.000 0.000 0.000 0.000 0.000 0.000 0.000 0.000 0.000 0.000 0.000 54.364 58.398 55.474 58.619 58.649 77.626 81.570 58.496 58.420 58.351 58.291 58.240 55.194 5.133 0.000 0.000 0.000 0.000 0.000 0.000 0.000 0.000 0.000 0.000 0.000 0.000 54.378 0.000 0.000 0.000 0.000 0.000 0.000 58.374 59.375 61.378 61.382 58.389
98.981 99.981 99.981 99.980 99.980 99.980 99.980 99.980 99.979 99.979 99.979 96.978 73.978 74.977 91.977 98.976 99.976 99.975 106.975 23.975 0.000 0.000 0.000 0.000 0.000 0.000 0.000 0.000 0.000 0.000 0.000 0.000 0.000 0.000 0.000 0.000 54.398 0.000 57.886 58.867 86.810 73.721 58.614 58.513 58.430 71.366 61.320 56.293 0.000 0.000 0.000 0.000 0.000 0.000 0.000 0.000 0.000 0.000 0.000 0.000 6.378 65.378 50.378 0.000 0.000 0.000 0.000 59.381 62.379 61.381 58.384 54.390 54.400
99.981 99.981 99.981 99.981 99.981 99.981 99.981 99.981 99.980 99.980 99.979 99.979 101.978 101.978 100.977 99.977 99.976 101.976 90.976 33.976 0.000 0.000 0.000 0.000 0.000 0.000 0.000 0.000 0.000 0.000 0.000 0.000 0.000 0.000 0.000 0.000 0.000 0.000 58.173 59.123 93.028 61.890 58.725 58.587 70.490 79.424 58.382 58.365 57.383 0.000 0.000 0.000 0.000 0.000 0.000 0.000 0.000 0.000 0.000 0.000 0.000 61.378 62.378 49.378 0.000 55.381 57.381 61.382 60.382 58.384 57.388 53.395 61.405
98.982 97.982 99.982 99.982 99.982 99.982 99.982 99.982 99.981 99.981 99.980 99.980 99.979 99.978 99.978 99.977 100.977 83.976 11.976 2.976 60.976 74.976 20.976 0.000 0.000 1.976 0.000 0.000 0.000 0.000 0.000 0.000 0.000 0.000 0.000 0.405 0.384 0.000 54.509 65.424 88.289 59.085 55.810 58.620 58.519 58.458 58.420 58.402 58.400 55.400 0.000 0.000 0.000 0.000 0.000 0.000 0.000 0.000 0.000 0.000 0.000 56.378 52.378 58.379 53.380 61.381 61.382 60.383 56.384 59.386 54.390 53.395 53.402
88.983 88.983 97.983 99.983 99.983 99.983 99.983 99.983 99.982 99.982 99.981 100.980 101.980 99.979 99.978 99.978 99.977 21.977 5.977 60.976 70.976 80.976 79.976 72.976 64.976 5.976 0.000 0.000 0.000 0.000 0.000 0.000 0.000 0.000 0.454 59.424 62.362 62.216 58.931 57.775 66.619 54.352 0.000 54.565 58.509 58.467 58.439 58.422 57.417 0.000 0.000 0.000 0.000 0.000 0.000 0.000 58.376 69.376 0.000 0.000 57.377 55.378 55.378 52.379 60.379 61.380 61.382 58.383 61.385 61.387 59.390 54.393 43.396
70.984 75.984 94.984 100.984 99.984 99.984 99.984 99.984 99.983 99.983 101.982 87.981 83.980 98.979 103.979 100.978 95.978 77.977 80.977 86.977 80.976 81.976 60.976 53.976 0.000 0.000 0.000 0.000 0.000 0.000 0.000 0.000 0.000 0.000 50.482 56.485 59.444 59.355 59.224 59.126 61.059 0.000 0.000 0.000 53.486 58.463 58.445 58.433 58.427 0.000 0.000 0.000 0.000 0.000 0.000 18.376 75.376 57.376 55.376 55.377 55.377 55.377 53.378 58.378 61.379 61.380 57.382 61.383 61.386 60.387 54.389 55.391 45.393
54.985 69.985 88.985 101.986 102.986 102.986 100.985 99.985 100.985 99.984 100.984 38.983 9.981 57.980 75.979 96.978 103.978 101.978 101.978 87.977 10.977 0.000 0.000 0.000 0.000 0.000 0.000 0.000 0.000 5.490 7.490 0.000 0.000 0.000 0.000 55.590 59.575 57.536 58.483 60.445 61.433 0.000 0.000 0.000 0.000 51.453 58.444 58.437 55.432 0.000 0.000 0.000 0.000 0.000 0.000 0.000 17.376 71.376 54.376 54.377 55.377 54.377 54.378 60.378 61.379 59.380 47.381 0.383 65.387 59.388 59.389 59.390 45.391
18.985 40.986 73.987 79.987 73.987 75.987 92.987 100.987 96.986 89.986 88.985 23.985 0.000 0.000 0.000 33.978 68.978 94.979 101.979 0.000 0.000 0.000 0.000 0.000 0.000 0.000 0.000 0.000 0.000 47.490 68.490 13.490 0.000 0.000 0.000 55.710 61.731 60.732 69.726 70.737 60.796 5.973 0.000 0.000 0.000 0.000 55.442 56.439 0.000 0.000 0.000 0.000 0.000 0.000 0.000 0.000 0.000 76.376 79.376 59.377 53.377 51.377 61.377 61.378 56.378 0.000 0.000 0.000 6.387 64.388 61.389 61.389 51.390
0.000 0.000 54.989 63.989 15.989 1.989 64.989 93.988 84.988 80.988 94.987 61.987 21.988 0.000 0.000 0.000 0.000 39.980 70.981 0.000 0.000 0.000 0.000 0.000 0.000 0.000 0.000 0.000 0.000 0.000 52.491 70.491 1.491 0.000 0.000 46.808 60.906 58.936 88.952 81.981 60.043 62.149 8.265 0.000 0.000 0.000 50.442 0.000 0.000 0.000 0.000 0.000 0.000 0.000 0.000 0.000 0.000 0.000 64.376 81.377 66.377 60.377 61.377 56.377 0.000 0.000 0.000 0.000 0.000 56.388 61.388 61.389 56.389
0.000 0.000 50.992 95.992 52.991 1.991 53.990 85.990 87.989 98.989 100.989 103.989 109.989 48.989 17.989 0.000 0.000 0.000 10.983 5.984 0.000 0.000 0.000 0.000 0.000 0.000 0.000 0.000 0.000 0.000 53.491 68.491 0.000 5.493 9.493 0.000 54.151 62.154 92.165 74.194 62.244 61.315 66.382 0.000 0.000 0.000 0.000 0.000 0.000 0.000 0.000 0.000 0.000 0.000 0.000 0.000 0.000 0.000 0.000 2.377 69.377 59.377 57.377 0.000 0.000 0.000 0.000 0.000 55.388 54.388 56.388 50.389 0.000
23.997 38.997 72.995 90.994 98.993 67.993 80.992 103.992 100.991 99.991 99.990 99.990 99.990 105.989 108.989 64.988 23.987 5.986 68.985 82.985 75.985 77.985 33.984 9.984 6.984 0.000 0.000 0.000 0.000 0.000 32.491 54.491 60.492 60.492 63.493 22.494 55.392 84.362 86.362 63.384 61.425 61.485 64.565 9.695 4.752 0.000 0.000 0.000 0.000 0.000 0.000 0.000 0.000 0.000 0.000 0.000 0.000 0.000 0.000 0.000 0.000 0.000 3.377 0.000 0.000 0.000 0.000 57.388 52.388 50.388 0.000 0.000 0.000
96.998 99.998 99.997 97.996 95.995 96.995 98.994 98.993 99.993 100.992 100.992 99.991 92.990 96.990 99.989 103.988 107.987 108.987 100.986 96.985 93.985 88.985 90.985 83.984 39.984 17.984 0.000 0.000 0.000 0.000 0.000 0.000 0.000 0.000 0.000 79.597 68.561 97.540 88.538 75.554 62.587 61.636 61.697 65.768 61.809 0.000 0.000 0.000 0.000 0.000 0.000 0.000 0.000 0.000 0.000 0.000 0.000 0.000 0.000 0.000 0.000 0.000 0.000 0.000 0.000 0.000 0.000 0.000 0.000 0.000 0.000 0.000 0.000
99.999 94.999 92.999 91.998 85.997 82.997 83.996 83.995 89.994 94.994 94.993 87.992 71.991 86.990 99.990 99.989 99.988 99.987 99.986 99.985 100.985 100.985 103.985 104.984 104.984 104.984 43.984 0.000 0.000 0.000 0.000 0.000 0.000 0.000 0.000 51.735 77.716 82.699 66.696 83.708 71.735 61.773 61.821 64.871 7.908 0.000 0.000 0.000 0.000 0.000 0.000 0.000 0.000 0.000 0.000 0.000 0.000 0.000 0.000 0.000 0.000 0.000 0.000 0.000 0.000 0.000 0.000 0.000 0.000 0.000 0.000 0.000 0.000
70.001 43.001 65.001 79.000 76.999 56.999 41.998 37.997 57.996 74.995 73.994 66.993 61.992 71.991 92.990 100.989 99.988 99.987 99.986 99.986 99.985 103.985 78.985 66.984 65.984 69.984 72.984 11.984 0.984 0.000 0.000 0.000 0.000 0.000 0.000 49.893 85.868 68.845 60.839 70.848 81.870 65.901 61.941 61.987 68.043 12.138 6.182 0.000 0.000 0.000 0.000 0.000 0.000 0.000 0.000 0.000 0.000 0.000 0.000 0.000 0.000 0.000 0.000 0.000 0.000 0.000 0.000 0.000 0.000 0.000 0.000 0.000 0.000
60.003 31.003 53.003 68.002 64.002 41.001 27.000 30.999 50.998 64.997 62.996 62.995 63.993 61.992 80.991 97.990 99.988 99.987 99.986 99.986 98.985 61.985 0.000 0.000 0.000 0.000 0.000 0.000 0.000 56.256 76.256 28.255 14.251 10.238 57.190 74.076 91.018 67.974 61.967 59.975 76.994 79.022 65.055 62.094 62.139 65.190 74.225 12.255 7.262 0.000 0.000 0.000 0.000 0.000 0.000 0.000 0.000 0.000 0.000 0.000 0.000 0.000 0.000 0.000 0.000 0.000 0.000 0.000 0.000 0.000 0.000 0.000 0.000
73.006 69.005 64.005 63.005 64.004 66.003 67.002 70.001 69.000 64.999 63.997 63.996 63.995 62.993 69.991 91.990 100.988 99.987 101.986 73.986 39.986 0.000 0.000 0.000 0.000 0.000 0.000 0.000 0.000 21.256 43.256 46.257 50.261 64.274 61.255 82.205 79.152 53.068 60.078 62.091 64.111 77.136 69.165 64.196 62.228 61.258 78.275 69.277 63.269 0.000 0.000 0.000 0.000 0.000 0.000 0.000 0.000 0.000 0.000 0.000 0.000 0.000 0.000 0.000 0.000 0.000 0.000 0.000 0.000 0.000 0.000 0.000 0.000
63.008 64.008 64.008 64.007 64.006 64.006 64.005 64.003 64.002 64.001 63.999 63.998 63.996 63.994 61.992 82.990 99.989 101.987 97.986 23.985 0.000 0.000 0.000 0.000 0.000 0.000 0.000 0.000 0.000 0.000 0.000 0.000 0.000 48.343 65.350 91.336 65.317 0.000 48.186 63.201 61.223 65.246 66.271 75.296 64.320 62.337 61.340 57.308 0.000 0.000 0.000 0.000 0.000 0.000 0.000 0.000 0.000 0.000 0.000 0.000 0.000 0.000 0.000 0.000 0.000 0.000 0.000 0.000 0.000 0.000 0.000 0.000 22.411
64.011 64.011 64.010 64.010 64.009 64.008 64.007 63.006 63.004 64.003 64.001 63.999 63.997 63.995 62.993 70.991 85.988 96.986 84.985 10.984 0.000 0.000 0.000 0.000 0.000 0.000 0.000 0.000 0.000 0.000 0.000 0.000 0.000 25.405 74.467 99.472 9.464 0.000 46.279 64.306 62.332 61.355 69.378 80.399 68.418 62.432 66.439 0.000 0.000 0.000 0.000 0.000 0.000 0.000 0.000 0.000 0.000 0.000 0.000 0.000 0.000 0.000 0.000 0.000 0.000 0.000 0.000 0.000 0.000 0.000 0.000 0.000 79.487
64.014 64.014 64.013 64.013 64.012 64.011 64.010 68.008 69.007 65.005 64.003 64.001 63.999 63.996 63.994 62.991 65.988 74.986 74.983 15.982 0.000 0.000 0.000 0.000 0.000 0.000 17.552 0.000 0.000 0.000 0.000 0.000 0.000 0.000 78.640 93.620 16.603 0.000 30.345 61.411 62.443 62.465 61.485 66.504 68.521 64.535 66.545 0.000 0.000 0.000 0.000 0.000 0.000 0.000 0.000 0.000 0.000 0.000 0.000 0.000 0.000 0.000 0.000 0.000 0.000 0.000 0.000 0.000 0.000 0.000 0.000 63.711 72.618
64.017 64.017 64.017 64.016 64.015 64.014 63.013 75.011 80.010 67.008 64.005 64.003 64.000 63.998 63.994 63.991 63.988 62.984 65.981 46.978 0.000 0.000 0.000 0.000 0.000 59.552 80.552 42.549 33.539 32.525 0.000 0.000 0.000 59.964 101.835 75.764 75.726 2.747 0.000 47.551 64.564 62.578 62.594 60.610 76.626 80.644 74.659 0.000 0.000 0.000 0.000 0.000 0.000 0.000 0.000 0.000 0.000 0.000 0.000 0.000 0.000 0.000 0.000 0.000 0.000 0.000 0.000 0.000 0.000 0.000 37.879 88.805 74.727
64.021 64.021 64.020 64.020 64.019 64.017 63.016 76.014 82.013 66.010 64.008 64.005 64.002 63.999 63.996 63.992 63.988 63.983 63.978 69.973 40.966 0.000 0.000 0.000 0.000 22.553 37.554 59.557 67.542 71.511 45.450 21.367 56.254 94.094 91.970 71.875 53.790 11.768 0.000 47.678 64.683 63.691 66.701 61.715 70.732 93.754 90.790 35.861 0.002 16.022 0.000 0.000 0.000 0.000 0.000 0.000 0.000 0.000 0.000 0.000 0.000 0.000 0.000 0.000 0.000 0.000 0.000 0.000 0.000 0.000 74.953 130.900 113.835
61.025 62.024 63.024 63.023 64.022 64.021 62.020 77.018 80.016 63.014 64.011 64.008 64.005 64.001 63.997 63.993 63.988 63.982 63.976 63.968 69.959 49.948 0.936 0.000 0.000 0.000 0.000 35.582 66.563 62.527 65.471 69.397 81.302 98.187 82.077 49.976 0.000 0.000 0.000 46.799 63.799 66.801 79.807 65.816 75.831 76.852 95.884 99.933 82.994 33.022 0.000 0.000 0.000 0.000 0.000 0.000 0.000 0.000 0.000 0.000 0.000 0.000 0.000 0.000 0.000 0.000 0.000 0.000 0.000 61.175 71.081 72.008 74.940
82.029 77.029 72.028 70.027 66.026 62.025 62.024 77.022 80.020 62.017 64.014 64.011 64.008 64.004 63.999 63.994 62.988 61.982 62.974 62.965 62.954 68.941 45.925 22.910 0.000 0.000 0.000 34.626 72.601 66.562 61.512 74.448 97.369 91.273 59.177 0.000 0.000 0.000 0.000 44.922 62.913 67.908 74.908 69.913 74.923 73.939 86.962 80.993 74.026 47.050 2.071 0.000 0.000 0.000 0.000 0.000 0.000 0.000 0.000 0.000 0.000 0.000 0.000 0.000 7.984 0.000 0.000 4.348 38.348 66.269 135.187 99.120 131.003
102.033 101.033 97.032 92.032 88.031 83.029 78.028 74.026 69.024 63.021 64.018 64.015 64.011 64.007 63.002 64.996 70.990 75.983 74.974 72.964 66.952 61.937 65.919 71.896 35.859 16.818 20.766 54.695 77.651 68.610 64.566 87.515 99.452 55.361 0.297 0.000 0.000 8.150 15.124 49.052 62.023 67.009 83.004 73.005 66.010 59.019 65.033 83.050 80.067 86.082 5.092 0.000 0.000 0.000 0.000 0.000 0.000 0.000 0.000 0.000 0.000 0.000 0.000 0.000 4.984 0.000 0.000 0.000 73.428 64.364 74.293 97.185 73.357
