results3/res_3e8f-0125.wd
ncols         241
nrows         181
xllcorner     12693529.787448
yllcorner     3542525.717860
cellsize      155.156523
NODATA_value  -9999.000000
[rows 66 to 98 of 181, columns 146 to 218 of 241]
31.603 46.541 68.482 69.427 69.375 69.326 69.278 69.230 69.183 72.146 8.123 0.000 0.000 0.000 0.000 0.000 0.000 0.000 40.213 15.213 0.000 22.210 52.207 52.207 52.208 59.209 65.209 65.208 65.206 65.202 65.198 65.192 65.187 65.181 65.176 67.171 52.167 53.165 45.164 0.000 0.000 0.000 0.000 0.000 21.319 28.309 37.288 31.249 9.199 7.132 22.093 43.060 51.031 45.002 39.974 39.947 29.921 26.895 26.869 29.845 50.821 62.798 57.776 46.755 53.734 60.715 64.697 64.680 63.663 63.648 63.633 63.619 63.606
34.660 53.598 71.539 69.485 69.436 69.389 69.342 69.292 74.234 63.192 33.172 30.181 0.000 0.000 0.000 0.000 0.000 11.212 13.213 0.000 0.000 0.000 22.197 53.197 62.198 65.198 65.198 65.197 65.195 69.192 67.188 65.184 65.180 65.176 64.172 56.170 50.167 56.166 46.165 0.000 0.000 0.000 0.000 13.311 27.312 32.306 28.297 0.000 0.000 4.073 24.055 27.033 41.009 49.984 38.958 37.933 35.908 26.882 26.858 25.833 31.810 55.787 62.765 47.744 49.724 51.705 53.687 57.669 61.653 63.638 64.623 63.609 63.596
39.716 60.652 70.592 69.539 69.493 69.452 67.411 66.360 21.270 6.215 37.194 43.189 8.190 0.000 0.000 0.000 0.000 0.000 0.000 0.000 0.000 6.183 35.187 55.188 65.188 65.188 65.188 65.186 65.185 67.182 66.179 65.176 65.173 66.171 56.169 54.168 57.167 52.166 44.166 0.000 0.000 0.000 0.000 31.311 34.311 0.000 0.000 0.000 0.000 32.032 34.022 44.007 46.987 57.966 55.943 43.919 32.895 24.870 26.846 26.822 21.798 35.775 52.754 56.733 61.713 58.694 51.676 56.658 59.642 59.627 57.613 59.599 62.586
44.770 67.704 71.638 72.585 69.547 70.515 65.488 11.469 0.000 36.206 37.197 42.193 50.191 0.000 0.000 0.000 0.000 0.000 0.000 0.000 0.000 18.179 41.179 54.179 66.179 65.179 65.178 65.177 65.175 66.173 65.171 65.169 65.166 62.165 56.164 21.166 0.000 0.000 0.000 0.000 0.000 0.000 0.000 27.310 34.310 0.000 0.000 0.000 48.993 35.001 29.996 57.984 62.968 63.949 67.929 61.906 49.882 29.858 26.834 26.810 24.786 25.763 31.741 32.720 39.700 47.682 54.664 58.647 59.631 60.616 56.602 59.588 60.576
26.827 31.756 41.670 17.617 74.595 71.574 56.559 33.558 3.589 0.000 0.000 0.000 0.000 0.000 0.000 0.000 0.000 0.000 0.000 0.000 0.000 19.176 44.172 47.171 63.171 65.170 65.169 65.168 69.167 68.165 65.163 65.161 66.159 57.158 60.157 0.000 0.000 0.000 0.000 0.000 0.000 0.000 0.000 0.000 21.310 30.310 0.000 0.000 79.984 42.983 24.977 55.967 63.953 63.936 63.916 66.894 65.870 45.846 28.821 26.797 24.774 27.751 28.729 36.708 41.688 30.669 30.651 35.634 40.619 46.604 51.590 55.577 59.565
72.889 51.822 0.000 0.000 78.642 70.625 57.617 39.615 6.620 0.000 0.000 0.000 0.000 0.000 0.000 0.000 0.000 0.000 0.000 0.000 0.000 0.000 5.163 49.163 65.162 65.162 65.161 65.160 67.158 66.157 65.155 65.153 66.152 54.151 64.150 0.000 0.000 0.000 0.000 0.000 0.000 0.000 0.000 0.000 0.000 0.000 0.000 0.000 16.977 32.971 25.962 55.952 63.940 63.924 64.906 64.884 64.860 57.834 33.809 29.784 27.761 24.737 45.715 57.694 63.674 47.655 40.638 36.621 34.606 31.591 31.578 31.565 59.553
48.962 0.000 0.000 75.814 75.708 73.667 64.669 49.665 5.657 0.000 0.000 0.000 0.000 0.000 0.000 0.000 0.000 0.000 0.000 0.000 0.000 0.000 31.155 54.155 66.154 65.154 65.153 66.152 65.150 65.149 65.147 65.146 66.144 59.143 24.143 0.000 0.000 0.000 0.000 0.000 0.000 0.000 0.000 0.000 0.000 0.000 0.000 0.000 0.000 29.960 28.950 46.941 61.930 64.917 58.899 54.877 60.851 51.823 34.796 33.771 42.747 37.723 60.701 64.679 63.659 61.641 61.623 58.607 56.592 53.578 49.565 41.553 61.541
76.004 66.002 71.974 27.920 0.000 0.000 70.727 44.717 5.687 0.000 7.889 0.000 0.000 0.000 0.000 0.000 0.000 0.000 0.000 0.000 0.000 0.000 47.147 59.147 66.146 65.146 65.145 67.144 67.143 65.141 65.140 65.138 64.137 60.135 9.134 0.000 0.000 0.000 0.000 0.000 0.000 0.000 0.000 0.000 0.000 0.000 0.000 0.000 0.000 0.000 17.936 43.931 61.924 62.913 43.898 46.873 48.844 45.809 30.782 27.758 50.733 59.709 63.685 65.663 65.643 66.625 64.608 64.592 65.578 64.564 65.552 65.540 64.529
78.047 70.029 75.001 25.972 0.000 0.000 61.796 9.790 0.000 0.000 39.889 2.889 0.000 0.000 0.000 0.000 0.000 0.000 0.000 0.000 0.000 0.000 50.139 62.139 66.139 65.139 65.138 66.137 66.136 65.134 65.132 66.131 62.129 57.127 7.126 0.000 0.000 0.000 0.000 0.000 0.000 0.000 0.000 0.000 0.000 0.000 0.000 0.000 9.924 11.925 22.927 38.925 60.920 62.914 8.908 0.000 0.000 35.788 29.766 24.745 38.720 57.693 63.668 65.646 65.626 65.608 63.592 63.577 64.563 63.550 63.538 64.526 64.516
70.108 70.066 70.029 67.995 54.965 40.925 33.871 32.857 28.877 31.886 34.889 34.890 6.889 0.000 0.000 0.000 0.000 0.000 11.110 13.110 0.000 3.132 49.132 63.132 65.132 65.132 65.131 65.130 65.129 65.127 65.125 65.123 47.121 42.119 40.116 35.111 0.000 0.000 0.000 0.000 0.000 0.000 0.000 0.000 0.000 0.000 0.000 0.000 13.923 39.924 30.924 34.922 54.919 55.915 28.912 0.000 0.000 0.000 26.750 31.735 30.710 49.675 62.648 63.626 63.607 63.590 63.574 63.560 63.547 63.535 63.523 63.513 63.503
70.145 70.099 70.054 69.013 65.976 67.939 41.905 20.890 58.890 31.891 35.892 11.891 0.000 0.000 0.000 0.000 0.000 0.000 11.110 57.110 6.110 0.000 48.125 62.126 66.126 65.126 67.125 68.124 66.123 65.121 65.119 63.117 56.114 47.111 48.108 47.106 0.070 0.000 0.000 0.000 0.000 0.000 0.000 0.000 0.000 0.000 0.000 0.000 7.923 42.923 34.922 41.920 56.917 51.915 57.914 0.000 0.000 0.000 0.000 0.000 0.000 39.649 62.623 63.604 63.586 63.570 63.556 63.543 63.531 63.519 63.509 63.499 63.489
70.177 70.129 71.076 73.028 69.986 69.949 68.922 69.907 60.900 38.898 10.897 0.000 0.000 0.000 0.000 0.000 0.000 0.000 0.000 50.110 37.111 27.113 43.118 65.120 65.120 65.120 65.119 65.118 65.117 65.115 65.113 65.110 63.107 42.104 46.101 53.099 0.000 0.000 0.000 0.000 0.000 0.000 0.000 0.000 0.000 0.000 0.000 0.000 3.922 54.922 0.000 21.918 44.916 51.915 12.914 0.000 0.000 0.000 0.000 0.000 0.000 0.000 51.593 64.580 63.564 63.550 63.536 63.524 63.513 63.503 63.494 63.484 63.475
73.211 69.166 66.093 68.037 70.991 70.950 72.928 69.914 67.907 54.904 3.902 0.000 0.000 0.000 0.000 0.000 0.000 0.000 0.000 6.110 41.110 33.111 49.113 67.115 65.115 65.115 65.114 65.113 65.112 65.110 65.107 65.104 66.101 55.097 42.093 46.089 52.083 0.000 0.000 0.000 0.000 0.000 0.000 0.000 0.000 0.000 0.000 0.000 0.000 0.000 0.000 0.000 29.915 48.915 0.000 0.000 0.000 0.000 0.000 0.000 0.000 0.000 39.576 60.559 63.542 63.528 63.516 63.506 63.496 63.487 63.478 63.470 63.462
66.252 27.230 0.000 0.000 0.000 62.933 67.924 73.916 69.910 58.907 8.905 0.000 42.907 12.907 0.000 0.000 0.000 0.000 0.000 0.000 33.108 37.109 58.110 66.111 67.111 68.111 65.110 65.109 65.107 65.105 65.102 65.099 65.095 66.091 45.086 27.081 36.077 0.000 0.000 0.000 0.000 0.000 0.000 0.000 0.000 0.000 0.000 0.000 0.000 0.000 0.000 0.000 18.914 51.914 0.000 0.000 0.000 0.000 0.000 0.000 0.000 0.000 0.000 40.537 60.516 63.504 63.494 63.486 63.478 63.470 63.463 63.455 63.448
61.285 18.273 0.000 0.000 37.925 35.925 52.921 71.916 68.912 53.909 34.907 38.907 42.907 8.907 0.000 0.000 0.000 0.000 4.100 0.000 34.106 45.106 65.107 65.108 68.108 68.107 65.106 65.105 65.103 65.101 65.098 65.094 65.090 66.085 62.080 57.074 46.067 26.057 20.051 0.000 0.000 0.000 0.000 0.000 0.000 0.000 0.000 0.000 0.000 0.000 0.000 0.000 20.914 12.914 0.000 0.000 0.000 0.000 0.000 0.000 0.000 0.000 0.000 0.000 45.483 61.478 63.472 63.466 63.460 63.454 63.448 63.441 63.434
67.311 48.303 20.309 0.000 0.000 37.921 37.918 59.914 71.912 49.909 36.908 41.907 19.907 0.000 0.000 0.000 0.000 0.000 33.100 26.101 31.103 48.104 67.105 67.105 68.105 65.105 65.104 65.102 65.100 65.097 65.094 65.090 65.085 65.080 65.074 67.067 56.060 44.052 33.046 34.039 27.034 18.032 23.032 0.000 0.000 0.000 0.000 0.000 0.000 0.000 0.000 0.000 23.914 0.000 0.000 0.000 0.000 0.000 0.000 0.000 0.000 0.000 0.000 0.000 30.455 58.453 62.450 63.446 63.442 63.438 63.433 63.428 63.421
70.329 61.321 14.315 0.000 0.000 0.000 36.915 41.913 68.911 56.909 37.908 40.908 15.907 0.000 0.000 0.000 0.000 0.000 36.100 29.100 32.101 50.102 69.103 68.103 66.103 66.103 65.101 65.100 65.097 65.095 65.091 66.087 66.082 66.076 60.068 51.061 55.054 62.047 55.042 53.036 41.033 28.031 35.031 0.000 0.000 0.000 0.000 0.000 0.000 0.000 0.000 0.000 0.000 0.000 0.000 0.000 0.000 0.000 0.000 0.000 0.000 0.000 0.000 0.000 22.429 53.429 63.428 65.427 65.425 65.423 64.420 63.415 63.409
70.342 45.337 0.000 0.000 0.000 0.000 0.000 43.911 56.910 50.909 49.908 46.908 36.907 14.907 0.000 0.000 0.000 0.000 35.099 28.099 33.100 48.100 60.101 57.102 52.102 54.101 59.100 64.098 66.096 66.093 64.090 54.086 52.080 57.073 46.062 43.054 43.048 54.042 58.037 53.032 39.029 28.028 0.003 0.000 0.000 0.000 0.000 0.000 0.000 0.000 0.000 0.000 0.000 0.000 0.000 0.000 0.000 0.000 0.000 0.000 0.000 0.000 0.000 0.000 10.403 35.406 41.408 43.409 43.409 44.409 53.407 62.404 63.399
69.352 35.348 0.000 0.000 0.000 0.000 0.000 38.910 32.909 31.909 39.908 39.908 39.907 35.907 8.907 0.000 0.000 0.000 40.098 35.098 40.098 50.099 53.099 56.101 14.101 0.000 0.000 5.096 66.094 63.092 52.089 7.087 0.000 0.000 45.054 77.047 70.041 49.036 55.031 49.027 38.025 23.023 26.020 0.000 0.000 0.000 0.000 0.000 0.000 0.000 0.000 0.000 0.000 0.000 0.000 0.000 0.000 0.000 0.000 0.000 14.335 35.336 46.342 45.354 63.374 71.383 72.389 70.392 72.394 59.396 42.397 60.396 63.392
67.358 32.355 0.000 0.000 0.000 0.000 0.000 38.909 34.909 13.909 0.000 0.000 0.000 0.000 0.000 0.000 0.000 0.000 46.097 40.097 35.097 31.097 17.098 0.000 0.000 0.000 0.000 0.000 0.000 0.000 39.086 1.086 0.000 0.000 0.000 40.038 73.034 33.030 34.025 33.021 29.019 32.019 79.018 38.017 0.000 0.000 0.000 0.000 0.000 0.000 0.000 0.000 0.000 0.000 0.000 0.000 0.000 0.000 0.000 0.000 0.326 82.331 78.337 60.346 61.357 58.365 59.372 81.376 74.380 60.384 40.388 49.392 48.392
53.362 34.359 28.360 0.000 0.000 0.000 0.000 0.000 36.909 20.909 0.000 0.000 0.000 0.000 0.000 0.000 0.000 0.000 46.096 46.096 47.096 30.096 5.096 0.000 0.000 0.000 0.000 0.000 0.000 0.000 35.084 12.084 0.000 0.000 0.000 39.032 88.029 52.024 55.018 50.012 35.013 53.016 107.017 104.016 35.016 0.000 0.000 0.000 0.000 0.000 0.000 0.000 0.000 0.000 0.000 0.000 0.000 13.303 3.304 1.308 10.314 85.322 52.328 60.335 51.343 32.350 43.356 86.361 52.367 39.373 46.381 0.385 0.000
37.363 37.361 23.360 0.000 0.000 0.000 0.000 0.000 0.000 0.000 0.000 0.000 0.000 0.000 0.000 0.000 0.000 0.000 49.095 40.095 34.095 32.095 6.096 0.000 0.000 0.000 0.000 0.000 0.000 32.082 25.083 50.083 46.083 0.000 0.000 45.029 51.026 43.021 86.012 74.996 46.005 0.000 63.016 118.016 2.016 0.000 0.000 0.000 0.000 0.000 0.000 0.000 0.000 0.000 0.000 0.000 64.302 102.303 93.303 89.305 36.309 80.314 48.319 37.324 84.330 65.336 85.341 66.347 36.353 44.359 0.000 0.000 0.000
40.363 41.361 33.361 0.000 0.000 0.000 0.000 0.000 0.000 0.000 0.000 0.000 0.000 0.000 0.000 0.000 0.000 0.000 3.094 44.094 34.094 12.094 0.000 0.000 0.000 0.000 0.000 0.000 0.000 34.082 31.082 7.083 0.000 0.000 0.000 19.028 0.000 0.000 0.000 40.957 0.000 0.000 19.015 85.015 40.015 0.000 0.000 0.000 0.000 0.000 0.000 0.000 0.000 0.000 0.000 0.000 20.302 0.300 64.301 68.302 19.304 80.306 57.309 30.313 48.317 98.322 112.327 46.332 34.338 1.348 0.000 0.000 10.262
39.362 40.361 40.360 44.359 36.358 0.000 0.000 0.000 0.000 0.000 0.000 0.000 0.000 0.000 0.000 0.000 0.000 0.000 0.000 34.093 30.093 14.093 0.000 0.000 0.000 0.000 0.000 0.000 35.081 32.082 9.082 0.000 0.000 0.000 0.000 0.000 0.000 0.000 0.000 44.919 0.000 0.000 19.015 0.000 0.000 0.000 0.000 0.000 0.000 0.000 0.000 0.000 0.000 0.000 0.000 0.000 0.000 0.000 40.298 59.298 18.298 82.299 62.300 32.302 81.305 84.308 79.313 87.318 51.323 0.000 0.000 0.000 24.255
41.360 19.360 30.359 39.359 39.358 39.357 38.357 0.000 0.000 0.000 0.000 0.000 0.000 0.000 0.000 0.000 0.000 0.000 0.000 36.092 32.092 16.092 0.000 0.000 0.000 0.000 0.000 0.000 0.000 38.081 10.081 0.000 0.000 0.000 0.000 0.000 0.000 0.000 8.872 31.880 35.869 12.869 0.000 0.000 0.000 0.000 0.000 0.000 0.000 0.000 0.000 0.000 0.000 0.000 0.000 0.000 0.000 0.000 43.295 63.294 23.293 83.290 68.289 82.289 82.291 41.294 34.298 79.303 28.313 0.000 0.000 25.237 33.244
46.357 0.000 0.000 36.358 25.358 0.000 38.357 28.356 0.000 0.000 0.000 0.000 0.000 0.000 0.000 0.000 0.000 0.000 0.000 35.091 32.091 20.091 0.000 0.000 0.000 0.000 0.000 0.000 0.000 0.000 0.000 0.000 0.000 0.000 0.000 0.000 0.000 0.000 47.863 64.863 25.858 0.000 0.000 0.000 0.000 0.000 0.000 0.000 0.000 0.000 0.000 0.000 0.000 0.000 0.000 0.000 0.000 0.000 78.293 64.292 25.288 83.281 80.277 72.276 64.277 50.279 51.282 20.285 0.000 0.000 9.228 28.231 35.235
43.352 0.000 0.000 23.358 15.358 0.000 0.000 0.000 0.000 47.307 43.306 34.306 0.000 0.000 0.000 0.000 0.000 0.000 0.000 39.091 35.091 17.091 0.000 0.000 0.000 0.000 0.000 0.000 0.000 0.000 0.000 0.000 0.000 0.000 0.000 0.000 0.000 0.000 10.856 94.849 60.843 0.000 0.000 0.000 0.000 0.000 0.000 0.000 0.000 0.000 0.000 0.000 0.000 0.000 0.000 0.000 0.000 0.000 10.293 0.000 0.000 57.267 98.263 77.261 76.262 74.263 77.266 25.270 0.000 0.000 13.224 27.225 28.227
59.347 0.000 0.000 0.000 0.000 45.319 32.318 0.000 43.308 37.307 37.306 29.306 0.000 0.000 0.000 0.000 0.000 0.000 0.000 39.091 34.091 22.091 0.000 0.000 0.000 0.000 0.000 0.000 0.000 0.000 0.000 0.000 0.000 0.000 0.000 0.000 0.000 0.000 0.000 38.835 30.822 1.805 0.000 0.000 0.000 0.000 0.000 0.000 0.000 0.000 0.000 0.000 0.000 0.000 0.000 0.000 0.000 0.000 0.000 0.000 0.000 4.257 40.248 41.245 39.245 39.246 36.250 32.260 0.000 0.000 6.221 27.217 25.218
70.340 59.334 41.330 42.327 41.324 35.320 36.317 37.313 35.310 40.308 39.306 30.305 27.305 0.000 0.000 0.000 0.000 0.000 0.000 26.091 0.000 0.000 0.000 0.000 0.000 0.000 0.000 0.000 0.000 0.000 0.000 0.000 0.000 0.000 0.000 0.000 0.000 0.000 0.000 0.000 37.805 0.686 0.000 0.000 0.000 0.000 0.000 0.000 0.000 0.000 0.000 0.000 0.000 0.000 0.000 0.000 0.000 0.000 0.000 0.000 0.000 0.000 28.226 27.226 27.227 43.227 38.227 0.000 0.000 0.000 0.000 40.206 52.208
70.336 64.333 34.330 34.327 34.324 17.320 18.317 22.313 32.310 41.307 38.306 30.305 33.304 22.304 0.000 0.000 0.000 0.000 0.000 0.000 0.000 0.000 0.000 0.000 0.000 0.000 0.000 0.000 0.000 0.000 0.000 0.000 0.000 0.000 0.000 0.000 0.000 0.000 0.000 0.000 0.000 39.928 0.000 0.000 0.000 0.000 0.000 0.000 0.000 0.000 0.000 0.000 0.000 0.000 0.000 0.000 0.000 0.000 0.000 0.000 20.186 23.192 27.204 27.208 29.209 48.208 38.205 21.194 0.000 0.000 35.187 56.194 63.197
70.333 68.331 38.330 35.328 15.326 0.000 0.000 0.000 0.000 32.306 35.305 33.304 26.304 0.000 0.000 0.000 0.000 0.000 0.000 0.000 0.000 0.000 0.000 0.000 0.000 0.000 0.000 0.000 0.000 0.000 0.000 0.000 0.000 0.000 0.000 0.000 0.000 0.000 0.000 0.000 0.000 42.904 4.888 0.000 0.000 0.000 0.000 0.000 0.000 0.000 0.000 0.000 0.000 0.000 0.000 0.000 0.000 0.000 0.000 0.000 31.181 28.185 27.190 23.193 36.194 53.193 37.189 26.184 21.177 21.176 45.180 62.185 63.188
70.331 68.330 21.329 25.328 0.000 0.000 0.000 0.000 0.000 0.000 23.304 36.303 28.303 0.000 0.000 0.000 0.000 0.000 0.000 0.000 0.000 0.000 0.000 0.000 0.000 0.000 0.000 0.000 0.000 0.000 0.000 0.000 0.000 0.000 0.000 0.000 0.000 0.000 0.000 0.000 0.000 0.000 10.880 0.000 0.000 0.000 0.000 0.000 0.000 0.000 0.000 0.000 0.127 8.150 0.000 0.000 0.000 0.000 0.000 25.169 23.173 22.176 27.179 41.180 54.180 44.179 28.177 26.174 28.171 25.171 46.173 64.177 63.180
70.328 44.329 0.000 0.000 0.000 0.000 0.000 0.000 0.000 0.000 0.000 26.302 33.301 31.300 0.000 0.000 0.000 0.000 0.000 0.000 0.000 0.000 0.000 0.000 0.000 0.000 0.000 0.000 0.000 0.000 0.000 0.000 0.000 0.000 0.000 0.000 0.000 0.000 0.000 0.000 0.000 0.000 0.000 0.000 0.000 0.000 0.000 0.000 0.000 0.000 0.000 0.000 0.000 1.152 3.154 0.000 30.158 22.159 20.161 32.164 46.167 51.169 53.170 53.169 39.169 27.167 26.166 26.165 25.164 27.164 50.166 65.169 63.172
