results3/res_3e8f-0088.wd
ncols         241
nrows         181
xllcorner     12693529.787448
yllcorner     3542525.717860
cellsize      155.156523
NODATA_value  -9999.000000
[rows 99 to 131 of 181, columns 73 to 145 of 241]
55.570 55.555 55.541 54.528 54.517 59.505 62.494 59.482 55.474 55.470 49.470 5.471 0.000 0.000 0.000 0.000 0.000 11.345 69.456 94.476 92.505 91.688 98.408 98.333 91.435 92.128 91.971 91.857 92.749 92.646 91.552 95.472 54.414 0.000 0.000 0.000 0.000 0.000 0.000 20.168 46.077 57.896 25.587 7.410 37.353 40.279 38.187 42.060 38.784 36.331 5.916 30.628 34.468 49.351 55.270 58.212 56.170 51.141 44.121 39.110 34.104 12.096 0.000 0.000 0.000 0.000 5.966 23.965 35.964 59.964 60.963 60.963 60.962
55.589 55.575 54.562 52.549 56.538 61.526 62.513 62.492 56.480 53.475 58.473 58.472 19.473 0.000 14.528 44.492 21.428 1.096 57.760 97.664 92.930 92.958 98.470 90.761 92.545 92.195 92.103 91.987 91.876 91.772 93.678 92.601 28.547 0.000 0.000 0.000 0.000 0.000 0.000 24.373 30.304 41.226 0.000 0.000 32.537 40.471 39.366 43.209 42.961 13.646 0.000 25.537 39.446 44.333 65.266 66.219 66.183 67.157 68.139 66.128 47.123 0.000 0.000 0.000 0.000 0.000 0.000 22.963 35.961 59.960 60.960 60.959 60.958
55.607 54.595 54.582 57.570 60.558 61.548 36.539 0.504 29.480 65.476 38.474 12.473 4.473 0.000 25.563 75.522 72.436 64.282 83.036 94.150 91.125 98.557 92.055 92.858 92.420 92.350 92.229 92.113 91.997 92.886 90.789 78.706 25.626 0.000 0.000 0.000 0.000 0.000 27.824 34.648 32.540 33.477 6.511 0.000 38.786 56.705 49.595 44.449 19.205 0.000 0.000 8.537 0.000 38.270 63.242 67.213 65.187 65.166 65.151 67.141 40.137 34.141 34.142 40.142 0.000 0.000 0.000 0.000 34.957 59.957 60.956 60.955 60.955
54.625 53.614 58.602 61.590 61.578 61.568 26.561 0.000 0.000 8.476 0.000 0.000 0.000 0.000 18.639 81.595 87.513 95.393 95.297 92.391 98.922 98.697 92.032 92.739 92.587 92.473 92.358 92.239 92.114 97.987 47.886 15.806 0.000 0.000 0.000 0.000 0.000 19.153 37.000 32.853 32.732 31.633 37.545 3.386 32.116 57.969 56.862 54.786 0.000 0.000 0.000 0.000 0.000 36.234 65.221 69.203 66.185 65.169 63.157 52.148 33.144 29.143 30.143 14.142 0.000 0.000 0.000 0.000 30.954 59.953 60.953 60.952 56.951
53.644 59.634 61.622 61.610 59.597 65.584 35.577 0.000 0.000 0.000 0.000 0.000 0.000 0.000 29.760 87.707 90.632 94.485 93.690 93.678 99.124 91.434 93.136 92.807 92.717 92.603 92.490 96.370 102.233 57.061 25.963 0.925 0.000 0.000 0.000 0.000 20.431 43.306 37.171 30.033 34.902 38.777 35.650 33.498 47.323 51.191 41.099 49.047 0.000 0.000 0.000 0.000 0.000 42.212 66.205 71.195 70.182 66.169 61.159 30.152 28.147 29.145 36.144 0.000 0.000 0.000 0.000 24.951 28.951 57.951 60.950 60.949 54.948
60.663 61.655 61.643 60.630 38.615 4.595 23.586 25.586 0.000 0.000 0.000 0.000 0.000 21.053 73.933 87.849 90.741 92.880 93.868 99.479 99.309 92.419 93.117 92.953 92.844 92.734 96.627 58.520 18.386 0.000 35.955 21.948 0.000 0.000 0.000 0.000 28.557 62.469 53.345 48.207 43.066 43.924 41.780 42.632 55.489 49.374 33.295 35.258 0.000 0.000 0.000 0.000 0.000 42.196 70.193 35.189 33.179 65.166 68.158 38.152 29.149 34.147 4.145 0.000 0.000 0.000 0.000 0.000 24.949 42.948 58.947 61.946 54.945
61.685 61.678 57.667 61.651 43.640 0.000 14.585 44.585 0.000 0.000 0.000 0.000 11.271 73.172 87.074 92.986 92.945 93.072 99.782 99.635 91.763 93.533 93.179 93.086 92.971 92.863 96.766 68.696 0.678 0.000 5.952 8.950 0.000 0.000 0.000 0.000 15.771 47.668 52.532 62.384 58.231 46.074 48.915 57.762 52.626 40.519 32.451 33.430 7.486 8.499 0.000 0.000 0.000 40.184 74.182 0.000 0.000 14.159 61.155 51.151 32.148 11.147 0.000 0.000 0.000 0.000 0.000 0.000 0.000 21.945 47.945 57.944 50.943
59.709 56.706 55.696 71.667 50.653 0.000 13.585 41.585 0.000 0.000 0.000 5.447 69.371 82.288 92.210 95.080 94.312 92.329 99.917 91.087 92.856 89.410 91.333 93.208 93.093 93.981 87.877 77.807 25.791 0.000 0.000 0.000 0.000 0.000 0.000 3.345 38.087 42.901 42.732 44.567 53.399 56.225 59.044 52.875 39.733 33.627 32.559 31.528 35.527 20.513 0.000 0.000 0.000 29.173 66.170 32.163 21.158 13.156 56.152 62.149 42.147 0.000 0.000 0.000 0.000 0.000 0.000 0.000 0.000 16.943 40.943 45.942 32.941
53.735 62.742 58.745 0.000 0.653 0.000 4.585 4.585 0.000 0.000 0.000 6.523 85.475 87.411 95.313 94.467 93.475 100.156 100.042 93.052 92.735 92.572 92.451 91.331 92.211 94.089 50.955 1.886 0.000 0.000 0.000 0.000 0.000 7.147 23.943 38.602 49.333 46.117 44.928 41.752 42.576 45.383 57.159 57.963 49.805 38.698 31.631 31.595 33.582 0.000 0.000 0.000 0.000 14.166 56.163 34.159 30.157 30.154 62.149 65.146 48.143 11.140 1.138 44.137 0.000 0.000 0.000 0.000 0.000 19.942 43.941 38.940 24.940
54.762 64.780 51.797 0.000 0.000 0.000 1.585 13.585 0.000 0.000 0.000 72.647 82.599 94.533 94.517 93.647 100.360 100.262 92.378 94.147 93.793 93.696 93.573 93.452 95.332 45.211 0.000 0.000 0.000 0.000 0.000 0.000 22.621 39.351 52.080 47.788 46.527 46.304 46.112 46.938 44.768 43.572 17.248 36.012 60.826 42.729 30.671 33.638 31.625 19.633 0.000 0.000 0.000 15.161 48.157 26.155 0.000 0.000 18.144 55.142 44.141 53.139 60.137 19.137 0.000 0.000 0.000 0.000 0.000 0.000 34.939 32.939 25.938
52.785 56.819 55.866 31.925 0.000 0.000 0.000 0.000 0.000 0.000 25.934 85.819 92.741 94.647 94.792 92.900 100.450 92.678 94.454 94.013 93.940 93.815 94.695 95.574 57.453 0.000 0.000 0.000 0.000 0.000 0.054 42.244 52.891 48.555 47.240 46.943 46.683 46.462 46.276 46.119 45.987 54.890 0.000 0.000 28.758 37.721 29.686 38.662 38.649 20.641 0.000 0.000 0.000 0.000 32.150 69.148 37.144 0.000 11.140 56.139 50.138 41.137 41.136 0.000 0.000 0.000 0.000 0.000 0.000 0.000 13.937 24.937 25.937
64.796 2.846 58.923 56.984 46.059 5.110 0.000 0.000 0.000 17.145 76.050 89.954 95.872 94.838 93.975 100.603 100.531 93.631 94.324 94.168 94.053 94.938 96.818 57.696 0.000 0.000 0.000 0.000 0.000 29.431 40.128 51.597 48.144 47.740 44.379 44.062 43.799 44.586 46.413 46.276 49.172 26.111 0.000 0.000 8.728 33.711 32.691 50.675 46.666 0.000 0.000 0.000 0.000 0.000 16.144 61.143 73.141 30.138 56.138 70.137 62.136 38.135 31.133 3.132 0.000 0.000 0.000 0.000 0.000 0.000 19.935 25.935 29.935
46.781 0.000 60.997 51.030 58.082 50.161 11.291 1.076 10.301 77.241 86.163 96.088 94.948 95.193 93.200 100.665 92.932 94.718 94.373 94.285 95.172 96.066 49.942 0.000 0.000 0.000 0.000 0.000 42.073 52.735 50.356 48.871 50.349 49.883 55.476 60.127 54.866 47.668 41.515 45.398 51.315 9.271 0.000 0.000 4.715 36.703 37.691 59.681 47.676 0.000 0.000 0.000 0.000 0.000 4.140 56.139 65.138 70.137 66.136 66.135 70.134 54.133 33.132 34.130 3.129 0.000 0.000 0.000 0.000 21.934 26.934 24.934 29.934
0.000 0.000 29.037 80.057 43.079 0.000 0.000 15.456 75.412 80.353 94.290 95.163 95.412 93.317 100.752 93.199 95.003 94.574 94.512 95.396 92.285 47.213 0.000 0.000 0.000 0.000 0.000 44.733 52.412 50.078 49.692 53.182 27.499 5.965 8.515 25.104 50.871 52.706 53.580 45.485 46.421 7.387 0.000 0.000 0.000 17.696 35.689 42.683 41.680 0.000 0.000 0.000 0.000 0.000 4.137 47.136 60.135 65.135 66.134 67.133 63.132 59.132 44.130 32.129 36.128 42.127 0.000 0.000 0.000 0.000 24.933 25.933 27.933
0.000 0.000 6.059 81.080 68.098 0.000 0.000 22.579 83.537 91.481 95.391 96.550 96.552 101.085 100.881 94.154 94.865 94.721 94.618 89.511 79.361 30.287 0.000 0.000 0.000 33.576 42.396 54.054 50.762 50.476 54.150 31.666 0.000 0.000 0.000 10.902 48.807 45.705 49.615 55.543 55.495 33.470 0.000 0.000 0.000 0.000 37.685 31.683 38.682 0.000 0.000 0.000 0.000 0.000 9.134 34.134 51.133 65.133 60.132 53.132 55.131 16.131 41.130 50.128 43.127 39.126 0.000 0.000 0.000 0.000 0.000 19.932 24.931
0.000 0.000 0.000 9.108 58.135 0.659 10.839 76.744 88.677 95.613 95.590 95.732 101.453 101.274 93.452 95.245 94.906 94.830 87.737 53.666 0.000 0.000 0.000 6.069 51.967 45.756 53.558 51.326 51.107 51.914 29.768 0.000 0.000 0.000 0.000 9.796 51.752 45.691 45.630 47.580 51.544 53.529 5.542 0.000 0.000 0.000 18.684 37.682 12.682 0.000 0.000 0.000 0.000 0.000 2.132 30.132 41.131 48.131 40.130 37.130 2.131 0.000 0.000 34.126 38.125 47.125 0.000 0.000 0.000 0.000 0.000 13.931 24.930
0.000 0.000 0.000 0.000 0.000 11.021 79.955 84.882 95.820 95.707 96.953 96.992 101.620 93.761 95.534 95.098 95.033 84.926 73.835 37.751 0.000 0.000 0.000 46.172 68.075 52.922 44.756 52.584 50.427 53.305 23.239 0.000 0.000 0.000 5.721 40.734 47.714 46.677 46.637 43.600 39.574 41.559 3.556 0.000 0.000 0.000 0.000 44.681 0.000 0.000 0.000 0.000 0.000 0.000 2.130 32.130 31.130 30.129 28.129 34.128 0.000 0.000 0.000 9.125 32.124 50.123 0.000 0.000 0.000 0.000 0.000 0.000 17.930
0.000 0.000 0.000 0.000 0.000 83.129 82.079 96.018 95.929 97.093 97.129 101.926 101.777 94.718 96.397 94.236 80.115 69.017 42.926 0.000 0.000 0.000 40.531 58.372 58.240 65.101 52.960 42.826 48.713 58.641 61.644 24.798 0.000 0.000 4.708 52.707 46.692 46.667 45.639 41.612 35.591 36.578 2.567 0.000 0.000 0.000 0.000 17.680 25.680 0.000 0.000 0.000 0.000 0.000 10.129 34.129 28.128 29.127 29.127 31.126 14.125 0.000 0.000 0.000 19.123 40.121 18.120 0.000 0.000 0.000 0.000 0.000 12.930
0.000 0.000 0.000 0.000 22.384 83.287 95.217 96.150 97.128 99.283 102.202 102.066 94.034 95.793 92.439 81.335 70.183 42.100 0.000 0.000 0.000 42.836 63.690 49.546 41.412 55.282 67.159 55.047 57.957 58.903 45.897 51.952 31.021 0.000 12.697 44.692 40.680 47.661 42.639 34.618 33.602 37.594 0.000 0.000 0.000 0.000 0.000 4.680 44.680 0.000 0.000 0.000 0.000 0.000 0.000 16.128 31.127 29.126 29.126 29.125 37.125 0.000 0.000 0.000 0.000 21.120 32.119 38.119 0.000 0.000 0.000 0.000 0.000
0.000 0.000 0.000 0.000 65.481 91.419 97.356 96.242 96.487 94.542 102.331 94.324 96.084 90.648 79.575 54.451 0.000 0.000 0.000 0.000 43.113 63.983 50.846 39.711 39.581 41.458 52.345 67.246 58.167 43.115 51.091 53.091 27.091 0.000 9.691 69.686 56.675 45.658 39.638 35.618 32.607 33.601 27.602 0.000 0.000 0.000 0.000 0.000 23.679 0.000 0.000 0.000 0.000 0.000 0.000 0.000 33.125 29.125 29.124 29.124 31.124 15.123 0.000 0.000 0.000 2.119 29.119 32.118 0.000 0.000 0.000 0.000 0.000
0.000 0.000 0.000 68.750 65.639 71.560 86.463 97.622 94.666 102.572 102.455 95.258 90.941 79.790 58.680 0.000 0.000 25.042 0.000 0.000 68.244 51.135 40.003 40.869 39.742 42.623 56.517 65.425 66.351 50.298 46.262 57.231 31.161 0.000 0.000 0.680 13.675 0.000 0.000 5.610 36.606 43.603 44.602 30.602 0.000 0.000 0.000 0.000 0.000 0.000 0.000 0.000 0.000 0.000 0.000 0.000 33.124 32.124 35.124 30.123 27.123 36.122 0.000 0.000 0.000 9.118 43.118 48.118 0.000 0.000 0.000 0.000 0.000
0.000 0.000 7.956 69.861 66.769 67.687 77.656 93.808 102.796 102.685 94.544 91.305 78.971 52.893 0.000 0.000 42.102 41.042 22.924 6.745 56.483 40.310 41.161 40.022 40.894 55.777 61.674 25.586 16.515 68.463 54.429 32.410 0.000 0.000 0.000 0.000 0.000 0.000 0.000 2.607 54.605 48.603 45.602 41.601 0.000 0.000 0.000 0.000 0.000 0.000 0.000 0.000 0.000 0.000 0.000 21.122 30.122 5.123 0.000 5.123 30.122 34.122 0.000 0.000 0.000 11.118 47.118 16.118 0.000 0.000 0.000 0.000 0.000
0.000 83.129 71.051 67.969 65.893 66.769 68.005 72.059 102.903 93.787 89.545 79.132 53.087 0.000 0.000 0.000 46.161 44.101 63.986 47.827 40.635 41.463 40.307 43.165 63.035 59.918 40.816 36.730 41.661 69.611 66.581 30.569 0.000 0.000 0.000 0.000 0.000 0.000 0.000 2.605 61.604 61.602 56.601 47.601 0.000 0.000 0.000 0.000 0.000 0.000 0.000 0.000 0.000 0.000 0.000 33.121 35.121 0.000 0.000 0.000 33.121 34.121 0.000 0.000 0.000 0.000 18.118 0.000 0.000 0.000 0.000 0.000 0.000
0.000 81.206 95.150 87.081 71.982 73.135 65.175 103.104 103.005 72.663 77.342 53.239 0.000 0.000 0.000 0.000 48.282 61.213 59.094 40.940 40.768 40.599 51.441 63.295 52.163 41.045 40.943 40.856 41.788 50.740 68.714 64.717 25.775 0.000 0.000 0.000 0.000 0.000 0.000 0.000 47.602 49.601 61.601 62.600 18.599 0.000 0.000 0.000 0.000 0.000 0.000 0.000 0.000 0.000 25.120 35.121 12.121 0.000 0.000 0.000 34.121 32.121 0.000 0.000 0.000 0.000 0.000 0.000 0.000 0.000 0.000 0.000 0.000
17.435 94.339 97.264 97.191 92.160 82.309 103.296 103.200 64.789 59.581 0.000 0.000 0.000 0.000 0.000 0.000 59.471 64.377 40.237 42.072 41.897 53.725 62.562 44.412 41.277 41.157 41.053 40.965 40.896 40.846 49.817 69.811 62.832 36.865 27.878 31.881 0.882 0.000 0.000 0.000 0.000 27.601 67.600 67.599 28.599 0.000 0.000 0.000 0.000 0.000 0.000 0.000 0.000 0.000 14.120 13.120 0.000 0.000 0.000 0.000 14.121 41.121 0.000 0.000 0.000 0.000 0.000 0.000 0.000 0.000 0.000 0.000 0.000
87.531 97.451 97.383 97.263 101.500 92.551 103.390 64.841 67.504 62.279 0.000 0.000 0.000 0.000 0.000 52.954 64.754 41.586 42.406 42.215 50.024 62.840 40.670 41.515 41.376 41.253 41.146 41.056 40.985 40.932 40.897 44.879 45.878 40.885 41.888 48.884 30.884 0.000 0.000 0.000 0.000 0.000 22.599 58.599 21.598 0.000 0.000 0.000 0.000 0.000 0.000 0.000 0.000 0.000 0.000 0.000 0.000 0.000 0.000 0.000 0.000 0.000 0.000 0.000 0.000 0.000 0.000 0.000 0.000 0.000 0.000 0.000 0.000
93.629 93.562 97.468 98.624 95.664 103.573 103.481 69.421 53.753 0.000 0.000 0.000 0.000 0.000 0.000 70.155 47.006 42.806 42.584 44.359 65.143 44.943 41.763 41.603 41.460 41.332 41.221 41.129 41.056 41.000 40.959 39.932 38.916 41.909 23.906 0.000 0.000 0.000 0.000 0.000 0.000 0.000 0.000 51.598 39.598 6.597 0.000 0.000 0.000 0.000 0.000 0.000 0.000 0.000 0.000 0.000 0.000 0.000 0.000 0.000 0.000 0.000 0.000 0.000 0.000 0.000 0.000 0.000 0.000 0.000 0.000 0.000 0.000
72.741 72.671 76.644 72.795 103.753 103.663 81.018 62.054 52.735 0.000 0.000 0.000 0.000 0.000 0.000 45.505 41.308 41.048 39.767 52.495 45.246 39.025 39.837 39.674 39.528 39.395 40.278 41.184 41.110 41.052 40.008 37.973 39.945 39.928 36.920 26.919 29.917 31.914 30.912 32.910 3.909 0.000 0.000 0.000 48.597 20.597 0.000 0.000 0.000 0.000 0.000 0.000 0.000 0.000 0.000 0.000 0.000 0.000 0.000 0.000 0.000 0.000 0.000 0.000 0.000 0.000 0.000 0.000 0.000 0.000 0.000 0.000 0.000
87.857 109.741 74.983 105.035 103.841 63.668 54.213 0.000 67.676 25.850 0.000 0.000 0.000 0.000 89.518 68.052 38.674 46.313 56.939 55.608 51.321 49.075 48.885 48.728 47.584 41.440 37.314 41.219 41.147 41.092 40.048 40.008 43.964 43.940 44.927 54.921 54.917 50.914 43.911 42.909 21.909 0.000 0.000 0.000 7.597 13.597 0.000 0.000 0.000 0.000 0.000 0.000 0.000 0.000 0.000 0.000 0.000 0.000 0.000 0.000 0.000 0.000 0.000 0.000 0.000 0.000 0.000 0.000 0.000 0.000 0.000 0.000 0.000
135.940 114.532 112.573 104.005 103.925 91.772 0.000 34.421 62.421 136.026 111.540 0.000 37.122 26.553 87.984 47.510 45.024 116.590 107.069 102.678 102.356 101.070 99.900 98.769 97.642 68.467 35.320 41.230 41.167 41.121 41.083 33.045 0.000 0.000 0.000 0.000 0.000 0.000 7.910 59.908 38.907 9.906 0.000 0.000 0.000 0.000 0.000 0.000 0.000 0.000 0.000 0.000 0.000 0.000 0.000 0.000 0.000 0.000 0.000 0.000 0.000 0.000 0.000 0.000 0.000 0.000 0.000 0.000 0.000 0.000 0.000 0.000 0.000
94.111 113.694 104.152 104.080 88.338 0.000 0.000 0.000 5.563 57.293 45.054 0.000 18.692 0.000 47.356 43.982 53.320 108.955 0.000 0.000 0.000 44.947 53.878 114.804 27.747 0.000 45.267 41.215 41.172 42.140 24.120 0.000 0.000 0.000 0.000 0.000 0.000 0.000 0.000 12.907 59.906 15.905 0.000 0.000 0.000 0.000 0.000 0.000 0.000 0.000 0.000 0.000 0.000 0.000 0.000 0.000 0.000 0.000 0.000 0.000 0.000 0.000 0.000 0.000 0.000 0.000 0.000 0.000 0.000 0.000 0.000 0.000 0.000
114.871 112.920 104.220 112.836 114.682 34.970 0.000 12.974 39.974 49.528 26.330 2.977 40.261 85.785 84.103 76.740 0.000 27.955 0.000 5.892 27.892 55.892 100.862 63.824 28.795 0.000 0.000 47.190 41.166 42.148 23.137 0.000 0.000 0.000 0.000 0.000 0.000 0.000 0.000 0.000 6.904 45.904 10.903 0.000 0.000 0.000 0.000 0.000 0.000 0.000 0.000 0.000 0.000 0.000 0.000 0.000 0.000 0.000 0.000 0.000 0.000 0.000 0.000 0.000 0.000 0.000 0.000 0.000 0.000 0.000 0.000 0.000 0.000
113.007 104.343 104.284 93.346 36.110 0.000 0.000 0.000 1.534 27.516 0.000 0.000 33.384 76.991 130.532 66.136 0.000 0.000 0.000 0.000 0.000 69.869 104.854 34.834 31.814 0.000 0.000 0.000 46.155 40.148 38.143 36.144 24.144 0.000 0.000 0.000 0.000 0.000 0.000 0.000 1.903 59.903 17.902 0.000 0.000 0.000 0.000 0.000 0.000 0.000 0.000 0.000 0.000 0.000 0.000 0.000 0.000 0.000 0.000 0.000 0.000 0.000 0.000 0.000 0.000 0.000 0.000 0.000 0.000 0.000 0.000 0.000 0.000
