results3/res_3e8f-0097.wd
ncols         241
nrows         181
xllcorner     12693529.787448
yllcorner     3542525.717860
cellsize      155.156523
NODATA_value  -9999.000000
[rows 99 to 131 of 181, columns 0 to 72 of 241]
0.000 0.000 0.000 0.000 0.000 58.614 98.614 100.614 91.613 86.613 0.000 0.000 0.000 0.000 0.000 0.000 0.000 66.611 63.611 0.000 0.000 0.000 2.609 61.608 60.608 1.607 0.000 0.000 0.000 7.847 0.000 0.000 0.000 0.000 13.701 59.697 55.687 54.668 55.643 56.615 69.584 58.550 62.513 54.472 56.428 54.380 55.329 60.274 61.218 59.158 63.097 56.035 55.970 57.904 60.835 74.761 75.698 60.647 46.600 0.000 0.000 0.000 0.000 0.000 24.362 79.358 76.346 63.326 38.303 33.280 77.259 54.238 56.219
0.000 0.000 0.000 0.000 0.000 59.614 99.614 99.614 0.000 0.000 0.000 0.000 0.000 0.000 0.000 0.000 11.611 77.611 66.611 4.611 1.611 1.610 64.609 63.609 67.608 0.000 0.000 0.000 0.000 65.847 57.847 0.000 0.000 0.000 72.746 82.741 68.731 61.717 55.697 57.673 76.645 61.613 67.577 67.537 58.493 73.445 65.393 66.338 56.280 64.220 64.157 62.093 56.028 56.961 60.892 57.793 19.726 9.686 0.000 0.000 0.000 0.000 0.000 27.352 64.353 76.349 83.340 73.326 49.310 50.293 64.276 55.259 56.242
4.617 0.000 0.000 0.000 0.000 46.615 95.615 104.615 14.615 0.000 0.000 0.000 0.000 0.000 0.000 0.000 0.612 84.612 65.611 66.611 68.611 65.610 62.610 63.609 61.609 0.000 0.000 0.000 0.000 58.847 58.847 59.845 58.838 58.824 57.797 67.788 76.781 23.771 87.756 77.735 82.710 67.680 12.645 83.605 81.561 80.513 84.461 73.405 56.345 59.283 64.219 64.153 61.087 57.022 45.978 0.000 0.000 0.000 0.000 0.000 0.000 0.000 0.000 37.350 64.349 64.346 75.339 74.330 57.318 57.305 56.292 56.279 56.265
72.617 75.617 7.617 0.000 0.000 56.615 95.615 100.615 110.616 15.616 0.000 0.000 0.000 0.000 6.613 6.613 4.613 21.612 69.612 66.611 84.611 98.610 73.610 58.610 0.000 0.000 0.000 0.000 0.000 0.000 57.849 58.851 58.845 58.837 58.830 57.834 57.834 56.829 57.819 62.803 74.780 68.752 11.718 83.678 84.634 62.585 69.532 86.475 80.413 67.348 57.282 63.215 64.144 67.062 52.020 0.000 0.000 0.000 0.000 0.000 0.000 0.000 0.000 0.000 15.347 61.345 58.341 58.335 56.327 56.319 56.309 56.299 56.288
86.617 69.617 69.617 71.617 73.617 92.616 100.616 100.616 100.616 102.616 76.616 15.616 0.000 64.614 71.614 72.613 34.613 29.613 92.612 100.612 95.611 91.611 74.610 0.000 0.000 0.000 0.000 0.000 0.000 0.000 0.000 58.866 57.853 56.848 57.854 58.883 58.892 58.893 58.888 59.876 78.857 73.830 56.796 58.756 69.711 80.662 57.608 69.549 70.484 63.415 83.347 66.280 58.212 0.000 0.000 0.000 0.000 0.000 0.000 0.000 0.000 0.000 0.000 0.000 7.348 61.347 56.345 56.342 56.338 56.333 56.327 54.320 52.312
101.618 91.617 72.617 76.617 94.617 100.617 100.616 100.616 100.616 95.616 67.616 73.616 1.615 55.614 90.614 98.614 98.613 82.613 97.613 104.612 14.612 0.000 0.000 0.000 0.000 0.000 0.000 0.000 0.000 0.000 0.000 58.893 0.000 0.000 0.000 59.953 58.959 58.964 58.964 59.957 75.941 80.914 57.880 58.839 58.793 76.743 77.689 55.629 63.560 82.480 74.411 52.345 0.000 0.000 0.000 0.000 0.000 0.000 0.000 0.000 0.000 0.000 0.000 0.000 4.350 61.350 56.350 56.350 56.350 55.348 54.346 59.342 60.337
101.618 101.618 96.618 99.617 100.617 100.617 100.617 100.617 100.616 96.616 71.616 88.616 0.000 0.000 68.614 92.614 100.614 101.613 100.613 105.613 8.613 0.000 0.000 0.000 0.000 0.000 0.000 0.000 0.000 0.000 0.000 58.920 0.000 0.000 61.024 59.017 59.026 59.039 59.048 59.048 76.034 81.007 57.971 58.927 58.879 59.829 80.775 74.717 81.648 71.533 52.472 0.000 0.000 0.000 0.000 0.000 0.000 0.000 0.000 0.000 0.000 0.000 0.000 0.000 59.352 56.353 56.354 56.358 56.362 55.365 57.366 61.366 62.364
99.618 100.618 100.618 100.618 100.618 100.617 100.617 100.617 100.617 101.617 96.616 103.616 27.616 6.616 56.615 75.614 98.614 100.614 101.614 89.613 3.613 0.000 0.000 0.000 0.000 0.000 0.000 0.000 0.000 0.000 0.000 52.948 57.976 58.003 57.031 59.065 59.090 59.117 59.143 59.151 76.140 81.111 58.069 59.020 58.969 58.917 63.866 86.818 66.780 0.000 0.000 0.000 0.000 0.000 0.000 0.000 0.000 0.000 0.000 0.000 0.000 0.000 0.000 0.000 12.353 63.354 59.358 60.364 58.378 54.383 61.387 62.391 60.394
96.618 101.618 100.618 100.618 100.618 100.618 100.618 100.618 100.617 100.617 101.617 94.616 78.616 69.616 63.615 90.615 100.615 100.614 105.614 8.614 0.000 0.000 0.000 0.000 0.000 0.000 0.000 0.000 0.000 0.000 0.000 0.000 0.000 0.000 0.000 59.124 59.150 59.196 59.255 59.276 75.263 82.226 59.174 59.116 59.058 59.004 58.954 64.909 17.874 0.000 0.000 0.000 0.000 0.000 0.000 0.000 0.000 0.000 0.000 0.000 0.000 0.000 0.000 0.000 0.000 0.354 0.000 0.000 4.400 63.404 61.409 62.416 59.425
96.619 101.619 100.619 100.619 100.619 100.618 100.618 100.618 100.618 100.617 101.617 86.617 65.616 64.616 73.616 97.615 100.615 100.615 106.615 11.614 2.614 0.000 0.000 0.000 0.000 0.000 0.000 0.000 0.000 0.000 0.000 0.000 0.000 0.000 0.000 55.157 59.190 56.263 59.404 59.434 78.411 82.356 59.285 59.212 59.144 59.086 59.037 55.992 5.933 0.000 0.000 0.000 0.000 0.000 0.000 0.000 0.000 0.000 0.000 0.000 0.000 55.446 0.000 0.000 0.000 0.000 0.000 0.000 59.419 60.422 62.429 62.439 59.455
99.619 100.619 100.619 100.619 100.619 100.619 100.619 100.619 100.618 100.618 100.618 97.617 74.617 75.616 92.616 99.616 100.615 100.615 107.615 24.615 0.000 0.000 0.000 0.000 0.000 0.000 0.000 0.000 0.000 0.000 0.000 0.000 0.000 0.000 0.000 0.000 55.190 0.000 58.663 59.645 87.590 74.503 59.399 59.301 59.221 72.159 62.115 57.088 0.000 0.000 0.000 0.000 0.000 0.000 0.000 0.000 0.000 0.000 0.000 0.000 7.446 66.446 51.446 0.000 0.000 0.000 0.000 60.440 63.435 62.437 59.445 55.458 55.479
100.620 100.620 100.620 100.620 100.620 100.620 100.619 100.619 100.619 100.619 100.618 100.618 102.617 102.617 101.616 100.616 100.616 102.615 91.615 34.615 0.000 0.000 0.000 0.000 0.000 0.000 0.000 0.000 0.000 0.000 0.000 0.000 0.000 0.000 0.000 0.000 0.000 0.000 58.941 59.893 93.801 62.667 59.507 59.373 71.279 80.215 59.175 59.158 58.175 0.000 0.000 0.000 0.000 0.000 0.000 0.000 0.000 0.000 0.000 0.000 0.000 62.446 63.446 50.446 0.000 56.447 58.446 62.445 61.444 59.448 58.456 54.469 62.491
99.621 98.621 100.621 100.621 100.620 100.620 100.620 100.620 100.620 100.619 100.619 100.618 100.618 100.617 100.617 100.616 101.616 84.616 12.616 3.615 61.615 75.615 21.615 0.000 0.000 2.615 0.000 0.000 0.000 0.000 0.000 0.000 0.000 0.000 0.000 1.136 1.117 0.000 55.268 66.185 89.054 59.856 56.590 59.406 59.308 59.248 59.212 59.194 59.193 56.192 0.000 0.000 0.000 0.000 0.000 0.000 0.000 0.000 0.000 0.000 0.000 57.446 53.446 59.446 54.447 62.447 62.448 61.448 57.450 60.453 55.460 54.471 54.488
89.621 89.621 98.621 100.621 100.621 100.621 100.621 100.621 100.620 100.620 100.619 101.619 102.618 100.618 100.617 100.617 100.616 22.616 6.616 61.616 71.616 81.615 80.615 73.615 65.615 6.615 0.000 0.000 0.000 0.000 0.000 0.000 0.000 0.000 1.177 60.155 63.097 62.954 59.676 58.525 67.374 55.115 0.000 55.352 59.298 59.257 59.229 59.214 58.208 0.000 0.000 0.000 0.000 0.000 0.000 0.000 59.444 70.445 0.000 0.000 58.446 56.446 56.446 53.447 61.447 62.448 62.449 59.450 62.453 62.456 60.462 55.468 44.475
71.622 76.622 95.622 101.622 100.622 100.622 100.622 100.622 100.621 100.621 102.620 88.620 84.619 99.618 104.617 101.617 96.617 78.616 81.616 87.616 81.616 82.615 61.615 54.615 0.615 0.000 0.000 0.000 0.000 0.000 0.000 0.000 0.000 0.000 51.199 57.210 60.174 60.088 59.960 59.865 61.800 0.000 0.000 0.000 54.275 59.253 59.235 59.224 59.219 0.000 0.000 0.000 0.000 0.000 0.000 19.444 76.445 58.445 56.445 56.445 56.445 56.446 54.446 59.447 62.447 62.448 58.450 62.452 62.454 61.458 55.461 56.465 46.468
55.622 70.623 89.623 102.623 103.623 103.623 101.623 100.623 101.622 100.622 101.621 39.621 10.619 58.618 76.618 97.617 104.617 102.617 102.616 88.616 11.616 0.000 0.000 0.000 0.000 0.000 0.000 0.000 0.000 6.189 8.189 0.000 0.000 0.000 0.000 56.313 60.300 58.263 59.211 61.174 62.163 0.000 0.000 0.000 0.000 52.244 59.235 59.228 56.223 0.000 0.000 0.000 0.000 0.000 0.000 0.000 18.445 72.445 55.445 55.445 56.445 55.446 55.446 61.446 62.447 60.448 48.450 1.452 66.456 60.458 60.461 60.463 46.465
19.623 41.623 74.624 80.624 74.624 76.624 93.624 101.624 97.623 90.623 89.622 24.622 0.000 0.000 0.000 34.617 69.617 95.617 102.617 0.000 0.000 0.000 0.000 0.000 0.000 0.000 0.000 0.000 0.000 48.189 69.189 14.189 0.000 0.000 0.000 56.430 62.451 61.453 70.447 71.457 61.515 6.686 0.000 0.000 0.000 0.000 56.233 57.230 0.000 0.000 0.000 0.000 0.000 0.000 0.000 0.000 0.000 77.445 80.445 60.445 54.445 52.445 62.446 62.446 57.447 0.000 0.000 0.000 7.457 65.459 62.461 62.462 52.463
0.000 0.000 55.626 64.626 16.626 2.626 65.625 94.625 85.624 81.624 95.624 62.624 22.624 0.000 0.000 0.000 0.000 40.617 71.618 0.000 0.000 0.000 0.000 0.000 0.000 0.000 0.000 0.000 0.000 0.000 53.189 71.189 2.189 0.000 0.000 47.526 61.621 59.650 89.666 82.694 60.753 62.856 8.969 0.000 0.000 0.000 51.233 0.000 0.000 0.000 0.000 0.000 0.000 0.000 0.000 0.000 0.000 0.000 65.445 82.445 67.445 61.445 62.446 57.446 0.000 0.000 0.000 0.000 0.000 57.460 62.461 62.461 57.462
0.000 0.000 51.628 96.628 53.627 2.627 54.627 86.626 88.626 99.625 101.625 104.624 110.624 49.624 18.624 0.000 0.000 0.000 11.619 6.619 0.000 0.000 0.000 0.000 0.000 0.000 0.000 0.000 0.000 0.000 54.189 69.189 0.000 6.190 10.190 0.000 54.858 62.861 92.873 74.900 62.949 62.017 67.082 0.000 0.000 0.000 0.000 0.000 0.000 0.000 0.000 0.000 0.000 0.000 0.000 0.000 0.000 0.000 0.000 3.445 70.445 60.445 58.445 0.000 0.000 0.000 0.000 0.000 56.460 55.460 57.460 51.461 0.000
24.632 39.632 73.630 91.630 99.629 68.628 81.628 104.627 101.627 100.626 100.626 100.625 100.625 106.624 109.624 65.623 24.622 6.621 69.620 83.620 76.619 78.619 34.619 10.619 7.619 0.000 0.000 0.000 0.000 0.000 33.189 55.189 61.190 61.190 64.191 23.191 56.092 85.063 87.063 64.084 62.124 62.182 65.259 10.385 5.440 0.000 0.000 0.000 0.000 0.000 0.000 0.000 0.000 0.000 0.000 0.000 0.000 0.000 0.000 0.000 0.000 0.000 4.445 0.000 0.000 0.000 0.000 58.460 53.460 51.460 0.000 0.000 0.000
97.633 100.633 100.632 98.631 96.631 97.630 99.629 99.629 100.628 101.627 101.627 100.626 93.625 97.624 100.624 104.623 108.622 109.621 101.620 97.620 94.619 89.619 91.619 84.619 40.619 18.619 0.000 0.000 0.000 0.000 0.000 0.000 0.000 0.000 0.000 80.291 69.256 98.236 89.234 76.249 63.281 62.328 62.387 66.456 62.496 0.000 0.000 0.000 0.000 0.000 0.000 0.000 0.000 0.000 0.000 0.000 0.000 0.000 0.000 0.000 0.000 0.000 0.000 0.000 0.000 0.000 0.000 0.000 0.000 0.000 0.000 0.000 0.000
100.634 95.634 93.633 92.633 86.632 83.632 84.631 84.630 90.629 95.628 95.628 88.627 72.626 87.625 100.624 100.623 100.622 100.621 100.620 100.620 101.619 101.619 104.619 105.619 105.619 105.619 44.619 0.000 0.000 0.000 0.000 0.000 0.000 0.000 0.000 52.425 78.407 83.390 67.387 84.398 72.424 62.461 62.507 65.555 8.591 0.000 0.000 0.000 0.000 0.000 0.000 0.000 0.000 0.000 0.000 0.000 0.000 0.000 0.000 0.000 0.000 0.000 0.000 0.000 0.000 0.000 0.000 0.000 0.000 0.000 0.000 0.000 0.000
70.636 43.636 65.635 79.635 77.634 57.633 42.632 38.632 58.631 75.630 74.629 67.627 62.626 72.625 93.624 101.623 100.622 100.621 100.620 100.620 100.619 104.619 79.619 67.619 66.619 70.619 73.619 12.619 1.619 0.000 0.000 0.000 0.000 0.000 0.000 50.579 86.554 69.532 61.525 71.534 82.554 66.585 62.623 62.668 68.722 12.814 6.856 0.000 0.000 0.000 0.000 0.000 0.000 0.000 0.000 0.000 0.000 0.000 0.000 0.000 0.000 0.000 0.000 0.000 0.000 0.000 0.000 0.000 0.000 0.000 0.000 0.000 0.000
60.637 31.637 53.637 68.636 64.636 41.635 27.634 31.633 51.632 65.631 63.630 63.628 64.627 62.626 81.624 98.623 100.622 100.621 100.620 100.619 99.619 62.619 0.000 0.000 0.000 0.000 0.000 0.000 0.000 56.932 76.931 28.931 14.927 10.915 57.867 74.757 91.699 68.657 62.649 60.657 77.675 79.701 65.734 62.772 62.815 65.864 74.898 12.927 7.934 0.000 0.000 0.000 0.000 0.000 0.000 0.000 0.000 0.000 0.000 0.000 0.000 0.000 0.000 0.000 0.000 0.000 0.000 0.000 0.000 0.000 0.000 0.000 0.000
73.639 69.639 64.639 63.638 64.638 66.637 67.636 70.635 69.634 65.632 64.631 64.629 64.628 63.626 70.625 92.623 101.621 100.620 102.619 74.619 40.619 0.000 0.000 0.000 0.000 0.000 0.000 0.000 0.000 21.932 43.932 46.933 50.937 64.949 61.930 82.882 79.830 53.748 60.757 62.769 64.788 77.812 69.839 64.870 62.901 61.929 78.946 69.948 63.941 0.000 0.000 0.000 0.000 0.000 0.000 0.000 0.000 0.000 0.000 0.000 0.000 0.000 0.000 0.000 0.000 0.000 0.000 0.000 0.000 0.000 0.000 0.000 0.000
63.642 64.641 64.641 64.641 64.640 64.639 64.638 64.637 64.635 64.634 64.632 64.630 64.629 64.627 62.625 83.623 100.621 102.619 98.618 24.618 0.000 0.000 0.000 0.000 0.000 0.000 0.000 0.000 0.000 0.000 0.000 0.000 0.000 49.016 66.023 92.009 65.991 0.000 48.861 63.875 61.895 65.918 66.942 75.967 64.990 63.007 62.009 57.979 0.000 0.000 0.000 0.000 0.000 0.000 0.000 0.000 0.000 0.000 0.000 0.000 0.000 0.000 0.000 0.000 0.000 0.000 0.000 0.000 0.000 0.000 0.000 0.000 22.983
64.644 64.644 64.643 64.643 64.642 64.641 64.640 63.639 63.637 64.635 64.634 64.632 64.630 64.627 63.625 71.623 86.620 97.618 85.617 11.616 0.000 0.000 0.000 0.000 0.000 0.000 0.000 0.000 0.000 0.000 0.000 0.000 0.000 26.076 75.137 100.142 10.134 0.000 46.950 64.976 63.001 62.023 70.045 81.066 69.084 63.098 67.105 0.072 0.000 0.000 0.000 0.000 0.000 0.000 0.000 0.000 0.000 0.000 0.000 0.000 0.000 0.000 0.000 0.000 0.000 0.000 0.000 0.000 0.000 0.000 0.000 0.000 80.060
64.647 64.647 64.646 64.645 64.645 64.644 64.642 68.641 69.639 65.637 64.635 64.633 64.631 64.628 64.625 63.622 66.620 75.617 75.614 16.613 0.000 0.000 0.000 0.000 0.000 0.000 18.185 0.000 0.000 0.000 0.000 0.000 0.000 0.000 79.305 94.286 17.270 0.000 31.014 62.077 63.108 63.130 62.149 67.167 69.184 65.198 67.207 0.000 0.000 0.000 0.000 0.000 0.000 0.000 0.000 0.000 0.000 0.000 0.000 0.000 0.000 0.000 0.000 0.000 0.000 0.000 0.000 0.000 0.000 0.000 0.000 64.283 73.190
64.650 64.649 64.649 64.648 64.647 64.646 63.645 75.643 80.642 67.639 64.637 64.635 64.632 64.629 64.626 64.622 64.619 63.615 66.611 47.609 0.000 0.000 0.000 0.000 0.000 60.186 81.185 43.182 34.172 33.159 0.000 0.000 0.000 60.618 102.494 76.426 76.391 3.412 0.000 48.212 65.225 63.239 63.253 61.269 77.286 81.303 75.318 0.000 0.000 0.000 0.000 0.000 0.000 0.000 0.000 0.000 0.000 0.000 0.000 0.000 0.000 0.000 0.000 0.000 0.000 0.000 0.000 0.000 0.000 0.000 38.450 89.376 75.299
64.653 64.653 64.652 64.651 64.650 64.649 63.648 76.646 82.644 66.642 64.639 64.637 64.633 64.630 64.626 64.622 64.618 64.613 64.608 70.602 41.594 0.000 0.000 0.000 0.185 23.186 38.187 60.190 68.176 72.145 46.086 22.006 56.897 94.743 92.625 72.533 54.455 12.434 0.000 48.334 65.339 64.347 67.357 62.370 71.387 94.409 91.445 36.518 0.616 16.652 0.000 0.000 0.000 0.000 0.000 0.000 0.000 0.000 0.000 0.000 0.000 0.000 0.000 0.000 0.000 0.000 0.000 0.000 0.000 0.000 75.524 131.471 114.406
61.656 62.656 63.655 63.655 64.654 64.652 62.651 77.649 80.647 63.645 64.642 64.639 64.635 64.632 64.627 64.623 64.617 64.611 64.605 64.597 70.587 50.574 1.564 0.000 0.000 0.000 0.000 36.214 67.196 63.161 66.107 70.035 81.943 98.833 82.729 50.627 0.557 0.000 0.000 47.452 64.451 67.453 80.459 66.468 76.482 77.503 96.534 100.581 83.634 33.659 0.000 0.000 0.000 0.000 0.000 0.000 0.000 0.000 0.000 0.000 0.000 0.000 0.000 0.000 0.000 0.000 0.000 0.000 0.000 61.745 71.651 72.579 75.511
82.660 77.660 72.659 70.658 66.657 62.656 62.654 77.652 80.650 62.648 64.645 64.641 64.638 64.634 64.629 64.624 63.618 62.611 63.603 63.593 63.582 69.569 46.554 23.539 0.000 0.000 0.000 35.257 73.232 67.195 62.146 75.084 98.007 91.915 59.831 0.000 0.000 0.000 0.000 45.569 63.561 68.556 75.556 70.561 75.571 74.586 87.608 81.637 74.667 47.690 2.711 0.000 0.000 0.000 0.000 0.000 0.000 0.000 0.000 0.000 0.000 0.000 0.000 0.000 8.547 0.000 0.000 4.917 38.917 66.838 135.757 99.690 131.574
102.664 101.664 97.663 92.662 88.661 83.660 78.658 74.656 69.654 63.651 64.648 64.645 64.641 64.636 63.631 65.625 71.619 76.611 75.602 73.592 67.580 62.565 66.547 72.524 36.487 17.445 21.394 55.325 78.281 69.241 65.198 88.147 100.085 55.991 0.921 0.000 0.000 8.789 15.764 49.696 62.667 67.654 83.649 73.649 66.654 59.663 65.676 83.691 80.708 86.722 5.732 0.000 0.000 0.000 0.000 0.000 0.000 0.000 0.000 0.000 0.000 0.000 0.000 0.000 5.547 0.000 0.000 0.000 73.996 64.932 74.862 97.755 73.927
