results3/res_3e8f-0082.wd
ncols         241
nrows         181
xllcorner     12693529.787448
yllcorner     3542525.717860
cellsize      155.156523
NODATA_value  -9999.000000
[rows 99 to 131 of 181, columns 73 to 145 of 241]
55.077 55.063 55.050 54.040 54.030 59.022 62.013 59.004 54.998 54.995 48.995 4.996 0.000 0.000 0.000 0.000 0.000 10.966 69.096 94.125 92.160 91.348 98.076 98.001 91.102 91.794 91.637 91.522 92.413 92.309 91.214 95.133 54.075 0.000 0.000 0.000 0.000 0.000 0.000 18.597 44.503 56.315 23.992 5.802 35.733 38.655 36.563 40.433 37.156 34.703 4.286 28.997 32.836 47.719 53.637 56.579 54.537 49.506 42.487 37.475 32.470 10.462 0.000 0.000 0.000 0.000 4.337 22.336 34.335 58.335 59.334 59.334 59.333
55.091 55.078 54.067 52.056 56.047 61.038 62.028 62.011 56.002 52.998 57.997 57.996 18.996 0.000 14.230 44.198 21.142 0.812 57.411 97.321 92.590 92.621 98.139 90.431 92.214 91.862 91.769 91.652 91.541 91.435 93.341 92.262 28.208 0.000 0.000 0.000 0.000 0.000 0.000 22.809 28.740 39.662 0.000 0.000 30.903 38.841 37.738 41.582 41.333 12.018 0.000 23.905 37.814 42.700 63.632 64.584 64.548 65.522 66.504 64.493 45.488 0.000 0.000 0.000 0.000 0.000 0.000 21.334 34.331 58.330 59.330 59.329 59.328
55.105 54.093 54.082 57.072 60.063 61.055 36.049 0.018 29.000 64.998 37.997 11.997 3.996 0.000 25.262 75.221 72.135 63.975 82.708 93.818 90.792 98.226 91.726 92.528 92.090 92.019 91.896 91.779 91.662 92.550 90.452 78.366 25.287 0.000 0.000 0.000 0.000 0.000 26.265 33.089 30.985 31.931 4.982 0.000 37.137 55.068 47.966 42.822 17.578 0.000 0.000 6.905 0.000 36.635 61.607 65.577 63.551 63.530 63.514 65.505 38.500 32.503 32.504 38.504 0.000 0.000 0.000 0.000 33.327 58.326 59.325 59.324 59.324
54.118 53.107 58.097 61.087 61.078 61.070 26.065 0.000 0.000 7.998 0.000 0.000 0.000 0.000 18.335 81.290 87.205 95.081 94.975 92.065 98.594 98.367 91.703 92.410 92.257 92.142 92.026 91.905 91.779 97.652 47.550 15.463 0.000 0.000 0.000 0.000 0.000 17.592 35.441 31.297 31.182 30.094 36.033 1.891 30.439 56.330 55.236 53.164 0.000 0.000 0.000 0.000 0.000 34.598 63.585 67.567 64.549 63.532 61.520 50.511 31.506 27.505 28.505 12.504 0.000 0.000 0.000 0.000 29.323 58.322 59.321 59.320 55.319
53.130 59.121 61.111 61.101 59.092 65.082 35.077 0.000 0.000 0.000 0.000 0.000 0.000 0.000 29.453 87.398 90.322 94.170 93.370 93.355 98.798 91.107 92.809 92.479 92.388 92.273 92.159 96.037 101.897 56.727 25.633 0.598 0.000 0.000 0.000 0.000 18.865 41.743 35.612 28.477 33.351 37.231 34.109 31.947 45.715 49.576 39.485 47.434 0.000 0.000 0.000 0.000 0.000 40.575 64.568 69.558 68.545 64.531 59.521 28.514 26.509 27.507 34.506 0.000 0.000 0.000 0.000 23.319 27.319 56.319 59.318 59.317 53.315
60.143 61.136 61.126 60.116 38.105 4.090 23.083 25.083 0.000 0.000 0.000 0.000 0.000 20.743 73.624 87.539 90.428 92.565 93.549 99.155 98.985 92.094 92.792 92.627 92.517 92.407 96.298 58.188 18.046 0.000 35.628 21.625 0.000 0.000 0.000 0.000 26.986 60.904 51.784 46.651 41.512 42.372 40.225 41.066 53.900 47.774 31.692 33.654 0.000 0.000 0.000 0.000 0.000 40.558 68.555 33.551 31.541 63.528 66.519 36.514 27.510 32.508 2.507 0.000 0.000 0.000 0.000 0.000 23.317 41.316 57.315 60.314 53.312
61.157 61.151 57.143 61.131 43.122 0.000 14.083 44.083 0.000 0.000 0.000 0.000 10.962 72.862 86.763 92.674 92.631 92.756 99.461 99.313 91.441 93.210 92.855 92.762 92.646 92.538 96.440 68.369 0.362 0.000 5.627 8.626 0.000 0.000 0.000 0.000 14.192 46.101 50.972 60.828 56.676 44.518 47.354 56.193 51.044 38.930 30.857 31.835 5.893 6.907 0.000 0.000 0.000 38.545 72.543 0.000 0.000 12.519 59.515 49.511 30.509 9.508 0.000 0.000 0.000 0.000 0.000 0.000 0.000 20.312 46.312 56.311 49.310
59.173 56.170 55.162 71.141 50.132 0.000 13.083 41.082 0.000 0.000 0.000 5.139 69.062 81.979 91.899 94.768 93.998 92.013 99.597 90.766 92.534 89.087 91.010 92.885 92.770 93.658 87.555 77.480 25.473 0.000 0.000 0.000 0.000 0.000 0.000 1.892 36.488 41.335 41.177 43.014 51.846 54.669 57.482 51.306 38.156 32.043 30.971 29.938 33.937 18.922 0.000 0.000 0.000 27.533 64.530 30.522 19.518 11.515 54.512 60.508 40.506 0.000 0.000 0.000 0.000 0.000 0.000 0.000 0.000 15.310 39.309 44.308 31.308
53.190 62.193 58.194 0.000 0.126 0.000 4.082 4.082 0.000 0.000 0.000 6.216 85.167 87.102 95.002 94.155 93.161 99.838 99.723 92.732 92.414 92.251 92.129 91.009 91.890 93.770 50.641 1.566 0.000 0.000 0.000 0.000 0.000 5.676 22.478 37.155 47.809 44.577 43.384 40.206 41.027 43.829 55.599 56.394 48.229 37.116 30.046 30.008 31.995 0.000 0.000 0.000 0.000 12.525 54.522 32.518 28.516 28.513 60.507 63.504 46.502 9.498 0.000 42.493 0.000 0.000 0.000 0.000 0.000 18.308 42.307 37.306 23.306
54.207 64.218 51.228 0.000 0.000 0.000 1.082 13.082 0.000 0.000 0.000 72.342 82.293 94.225 94.206 93.335 100.044 99.944 92.060 93.827 93.473 93.375 93.252 93.132 95.011 44.890 0.000 0.000 0.000 0.000 0.000 0.000 21.142 37.874 50.603 46.307 45.018 44.779 44.578 45.399 43.225 42.023 15.689 34.444 59.250 41.148 29.088 32.053 30.040 18.048 0.000 0.000 0.000 13.520 46.515 24.513 0.000 0.000 16.501 53.500 42.498 51.496 58.493 17.493 0.000 0.000 0.000 0.000 0.000 0.000 33.305 31.304 24.304
52.222 56.243 55.273 31.310 0.000 0.000 0.000 0.000 0.000 0.000 25.636 85.517 92.436 94.340 94.482 92.587 100.134 92.361 94.136 93.695 93.621 93.495 94.375 95.254 57.132 0.000 0.000 0.000 0.000 0.000 0.000 40.765 51.411 47.074 45.754 45.450 45.176 44.944 44.750 44.587 44.451 53.351 0.000 0.000 27.179 36.140 28.103 37.078 37.064 19.056 0.000 0.000 0.000 0.000 30.507 67.505 35.501 0.000 9.497 54.496 48.495 39.493 39.492 0.000 0.000 0.000 0.000 0.000 0.000 0.000 12.302 23.302 24.303
64.229 2.260 58.309 56.348 45.397 4.431 0.000 0.000 0.000 16.856 75.755 89.655 95.569 94.531 93.665 100.288 100.215 93.315 94.007 93.850 93.734 94.619 96.498 57.376 0.000 0.000 0.000 0.000 0.000 27.961 38.655 50.120 46.664 46.256 42.889 42.565 42.292 43.070 44.891 44.749 47.642 24.579 0.000 0.000 7.147 32.129 31.108 49.091 45.082 0.000 0.000 0.000 0.000 0.000 14.501 59.499 71.497 28.494 54.494 68.493 60.492 36.490 29.489 1.487 0.000 0.000 0.000 0.000 0.000 0.000 18.301 24.301 28.301
46.220 0.000 60.354 50.376 57.411 49.466 10.556 0.822 10.031 76.958 85.871 95.790 94.645 94.886 92.890 100.350 92.616 94.403 94.057 93.968 94.854 95.748 49.623 0.000 0.000 0.000 0.000 0.000 40.608 51.267 48.885 47.395 48.868 48.396 53.983 58.627 53.359 46.154 39.995 43.874 49.789 7.744 0.000 0.000 3.134 35.121 36.108 58.098 46.092 0.000 0.000 0.000 0.000 0.000 2.496 54.495 63.494 68.492 64.491 64.490 68.489 52.488 31.487 32.485 1.483 0.000 0.000 0.000 0.000 20.299 25.299 23.299 28.299
0.000 0.000 28.379 79.391 42.405 0.000 0.000 15.194 75.139 80.070 93.998 94.865 95.109 93.009 100.437 92.885 94.689 94.259 94.196 95.079 91.968 46.895 0.000 0.000 0.000 0.000 0.000 43.273 50.949 48.613 48.223 51.708 26.018 4.478 7.021 23.601 49.362 51.192 52.062 43.965 44.898 5.863 0.000 0.000 0.000 16.113 34.106 41.100 40.097 0.000 0.000 0.000 0.000 0.000 2.493 45.492 58.491 63.490 64.489 65.488 61.487 57.486 42.485 30.483 34.482 40.480 0.000 0.000 0.000 0.000 23.298 24.298 26.297
0.000 0.000 5.391 80.403 67.414 0.000 0.000 22.307 83.258 91.195 95.098 96.251 96.248 100.772 100.568 93.840 94.551 94.406 94.303 89.195 79.044 29.970 0.000 0.000 0.000 32.124 40.942 52.597 49.303 49.014 52.686 30.197 0.000 0.000 0.000 9.394 47.296 44.191 48.098 54.024 53.973 31.948 0.000 0.000 0.000 0.000 36.102 30.100 37.098 0.000 0.000 0.000 0.000 0.000 7.490 32.489 49.488 63.487 58.486 51.486 53.486 14.485 39.484 48.482 41.480 37.480 0.000 0.000 0.000 0.000 0.000 18.296 23.296
0.000 0.000 0.000 8.418 57.433 0.433 10.569 76.468 88.394 95.324 95.295 95.432 101.142 100.962 93.140 94.932 94.593 94.516 87.422 53.351 0.000 0.000 0.000 4.622 50.518 44.305 52.106 49.871 49.651 50.456 28.308 0.000 0.000 0.000 0.000 8.285 50.239 44.176 44.114 46.061 50.024 52.008 4.020 0.000 0.000 0.000 17.100 36.099 11.098 0.000 0.000 0.000 0.000 0.000 0.485 28.486 39.485 46.485 38.484 35.484 0.484 0.000 0.000 32.479 36.479 45.478 0.000 0.000 0.000 0.000 0.000 12.295 23.295
0.000 0.000 0.000 0.000 0.000 10.752 79.680 84.600 95.533 95.415 96.656 96.690 101.310 93.450 95.223 94.785 94.720 84.613 73.521 37.436 0.000 0.000 0.000 44.726 66.628 51.473 43.305 51.132 48.974 51.851 21.783 0.000 0.000 0.000 4.208 39.221 46.200 45.162 45.120 42.083 38.055 40.039 2.032 0.000 0.000 0.000 0.000 43.097 0.000 0.000 0.000 0.000 0.000 0.000 0.482 30.483 29.483 28.482 26.482 32.481 0.000 0.000 0.000 7.478 30.477 48.476 0.000 0.000 0.000 0.000 0.000 0.000 16.294
0.000 0.000 0.000 0.000 0.000 82.849 81.796 95.731 95.638 96.798 96.829 101.617 101.468 94.407 96.086 93.924 79.803 68.704 42.613 0.000 0.000 0.000 39.088 56.928 56.794 63.654 51.512 41.376 47.262 57.189 60.192 23.347 0.000 0.000 3.194 51.193 45.177 45.152 44.122 40.095 34.074 35.061 1.047 0.000 0.000 0.000 0.000 16.096 24.096 0.000 0.000 0.000 0.000 0.000 8.481 32.481 26.481 27.480 27.480 29.479 12.478 0.000 0.000 0.000 17.475 38.474 16.472 0.000 0.000 0.000 0.000 0.000 11.293
0.000 0.000 0.000 0.000 22.093 82.999 94.927 95.859 96.833 98.984 101.894 101.758 93.725 95.482 92.129 81.023 69.870 41.787 0.000 0.000 0.000 41.396 62.248 48.103 39.968 53.836 65.711 53.599 56.508 57.453 44.448 50.503 29.573 0.000 11.183 43.178 39.165 46.145 41.123 33.101 32.085 36.077 0.000 0.000 0.000 0.000 0.000 3.096 43.096 0.000 0.000 0.000 0.000 0.000 0.000 14.480 29.479 27.478 27.478 27.477 35.477 0.000 0.000 0.000 0.000 19.472 30.471 36.470 0.000 0.000 0.000 0.000 0.000
0.000 0.000 0.000 0.000 65.187 91.125 97.062 95.946 96.189 94.240 102.024 94.016 95.775 90.338 79.265 54.140 0.000 0.000 0.000 0.000 41.675 62.544 49.406 38.269 38.137 40.013 50.899 65.799 56.720 41.667 49.643 51.643 25.643 0.000 8.177 68.171 55.159 44.142 38.122 34.102 31.090 32.084 26.084 0.000 0.000 0.000 0.000 0.000 22.095 0.000 0.000 0.000 0.000 0.000 0.000 0.000 31.477 27.477 27.477 27.476 29.476 13.475 0.000 0.000 0.000 0.469 27.470 30.469 0.000 0.000 0.000 0.000 0.000
0.000 0.000 0.000 68.452 65.342 71.263 86.166 97.323 94.365 102.266 102.148 94.950 90.632 79.480 58.370 0.000 0.000 23.615 0.000 0.000 66.807 49.697 38.564 39.429 38.300 41.180 55.073 63.980 64.906 48.852 44.816 55.784 29.713 0.000 0.000 0.000 12.159 0.000 0.000 4.094 35.089 42.085 43.084 29.083 0.000 0.000 0.000 0.000 0.000 0.000 0.000 0.000 0.000 0.000 0.000 0.000 31.475 30.476 33.476 28.475 25.475 34.474 0.000 0.000 0.000 7.468 41.469 46.469 0.000 0.000 0.000 0.000 0.000
0.000 0.000 7.656 69.562 66.469 67.388 77.356 93.506 102.490 102.379 94.236 90.996 78.663 52.584 0.000 0.000 40.675 39.615 21.496 5.314 55.050 38.875 39.723 38.583 39.454 54.336 60.231 24.142 15.071 67.018 52.984 30.964 0.000 0.000 0.000 0.000 0.000 0.000 0.000 1.089 53.086 47.085 44.083 40.083 0.000 0.000 0.000 0.000 0.000 0.000 0.000 0.000 0.000 0.000 0.000 19.473 28.474 3.475 0.000 3.474 28.474 32.474 0.000 0.000 0.000 9.468 45.468 14.468 0.000 0.000 0.000 0.000 0.000
0.000 82.827 70.750 67.668 65.592 66.467 67.703 71.755 102.597 93.479 89.236 78.824 52.778 0.000 0.000 0.000 44.735 42.674 62.558 46.397 39.203 40.029 38.871 41.727 61.596 58.478 39.375 35.288 40.218 68.167 65.137 29.125 0.000 0.000 0.000 0.000 0.000 0.000 0.000 1.086 60.085 60.084 55.083 46.082 0.000 0.000 0.000 0.000 0.000 0.000 0.000 0.000 0.000 0.000 0.000 31.473 33.473 0.000 0.000 0.000 31.473 32.473 0.000 0.000 0.000 0.000 16.468 0.000 0.000 0.000 0.000 0.000 0.000
0.000 80.904 94.848 86.779 71.680 72.832 64.872 102.798 102.699 72.354 77.033 52.931 0.000 0.000 0.000 0.000 46.857 59.788 57.667 39.512 39.337 39.166 50.006 61.859 50.725 39.606 39.502 39.415 40.346 49.297 67.271 63.274 24.332 0.000 0.000 0.000 0.000 0.000 0.000 0.000 46.083 48.083 60.082 61.081 17.080 0.000 0.000 0.000 0.000 0.000 0.000 0.000 0.000 0.000 23.472 33.472 10.472 0.000 0.000 0.000 32.473 30.473 0.000 0.000 0.000 0.000 0.000 0.000 0.000 0.000 0.000 0.000 0.000
17.133 94.037 96.962 96.889 91.857 82.006 102.991 102.895 64.478 59.269 0.000 0.000 0.000 0.000 0.000 0.000 58.049 62.953 38.812 40.645 40.468 52.293 61.128 42.977 39.840 39.718 39.613 39.525 39.455 39.404 48.375 68.369 61.390 35.423 26.436 30.439 0.000 0.000 0.000 0.000 0.000 26.082 66.081 66.080 27.080 0.000 0.000 0.000 0.000 0.000 0.000 0.000 0.000 0.000 12.471 11.472 0.000 0.000 0.000 0.000 12.472 39.472 0.000 0.000 0.000 0.000 0.000 0.000 0.000 0.000 0.000 0.000 0.000
87.228 97.149 97.080 96.960 101.196 92.247 103.085 64.528 67.188 61.966 0.000 0.000 0.000 0.000 0.000 51.539 63.336 40.165 40.982 40.790 48.596 61.410 39.237 40.081 39.940 39.815 39.707 39.616 39.544 39.491 39.455 43.438 44.436 39.443 40.446 47.443 29.442 0.000 0.000 0.000 0.000 0.000 21.080 57.080 20.079 0.000 0.000 0.000 0.000 0.000 0.000 0.000 0.000 0.000 0.000 0.000 0.000 0.000 0.000 0.000 0.000 0.000 0.000 0.000 0.000 0.000 0.000 0.000 0.000 0.000 0.000 0.000 0.000
93.326 93.260 97.165 98.321 95.360 103.268 103.176 69.103 53.429 0.000 0.000 0.000 0.000 0.000 0.000 68.742 45.591 41.388 41.163 42.935 63.716 43.513 40.331 40.169 40.024 39.895 39.783 39.690 39.616 39.559 39.518 38.490 37.474 40.467 22.464 0.000 0.000 0.000 0.000 0.000 0.000 0.000 0.000 50.079 38.078 5.078 0.000 0.000 0.000 0.000 0.000 0.000 0.000 0.000 0.000 0.000 0.000 0.000 0.000 0.000 0.000 0.000 0.000 0.000 0.000 0.000 0.000 0.000 0.000 0.000 0.000 0.000 0.000
72.439 72.369 76.341 72.492 103.449 103.359 80.705 61.730 52.397 0.000 0.000 0.000 0.000 0.000 0.000 44.096 39.897 39.634 38.348 51.073 43.820 37.596 38.405 38.240 38.092 37.957 38.840 39.745 39.670 39.612 38.567 36.532 38.504 38.487 35.478 25.477 28.475 30.472 29.469 31.468 2.467 0.000 0.000 0.000 47.078 19.078 0.000 0.000 0.000 0.000 0.000 0.000 0.000 0.000 0.000 0.000 0.000 0.000 0.000 0.000 0.000 0.000 0.000 0.000 0.000 0.000 0.000 0.000 0.000 0.000 0.000 0.000 0.000
87.555 109.438 74.680 104.732 103.537 63.362 53.903 0.000 67.308 25.471 0.000 0.000 0.000 0.000 88.122 66.651 37.268 44.902 55.523 54.187 49.896 47.646 47.453 47.293 46.148 40.003 35.876 39.780 39.707 39.652 38.607 38.567 42.523 42.498 43.485 53.479 53.475 49.472 42.469 41.467 20.466 0.000 0.000 0.000 6.078 12.077 0.000 0.000 0.000 0.000 0.000 0.000 0.000 0.000 0.000 0.000 0.000 0.000 0.000 0.000 0.000 0.000 0.000 0.000 0.000 0.000 0.000 0.000 0.000 0.000 0.000 0.000 0.000
135.637 114.230 112.270 103.702 103.622 91.466 0.000 34.035 62.035 135.635 111.151 0.000 35.725 25.159 86.593 46.116 43.623 115.183 105.654 101.257 100.930 99.639 98.467 97.333 96.205 67.030 33.881 39.791 39.728 39.681 39.643 31.605 0.000 0.000 0.000 0.000 0.000 0.000 6.467 58.466 37.465 8.463 0.000 0.000 0.000 0.000 0.000 0.000 0.000 0.000 0.000 0.000 0.000 0.000 0.000 0.000 0.000 0.000 0.000 0.000 0.000 0.000 0.000 0.000 0.000 0.000 0.000 0.000 0.000 0.000 0.000 0.000 0.000
93.809 113.392 103.850 103.777 88.035 0.000 0.000 0.000 5.163 56.884 44.668 0.000 17.292 0.000 45.976 42.597 51.924 107.554 0.000 0.000 0.000 43.512 52.443 113.368 26.310 0.000 43.828 39.776 39.732 40.700 22.680 0.000 0.000 0.000 0.000 0.000 0.000 0.000 0.000 11.464 58.463 14.462 0.000 0.000 0.000 0.000 0.000 0.000 0.000 0.000 0.000 0.000 0.000 0.000 0.000 0.000 0.000 0.000 0.000 0.000 0.000 0.000 0.000 0.000 0.000 0.000 0.000 0.000 0.000 0.000 0.000 0.000 0.000
114.569 112.618 103.918 112.533 114.379 34.667 0.000 12.569 39.569 49.072 25.967 2.588 38.858 84.418 82.739 75.372 0.000 26.553 0.000 4.454 26.454 54.454 99.424 62.386 27.357 0.000 0.000 45.751 39.726 40.708 21.697 0.000 0.000 0.000 0.000 0.000 0.000 0.000 0.000 0.000 5.462 44.461 9.460 0.000 0.000 0.000 0.000 0.000 0.000 0.000 0.000 0.000 0.000 0.000 0.000 0.000 0.000 0.000 0.000 0.000 0.000 0.000 0.000 0.000 0.000 0.000 0.000 0.000 0.000 0.000 0.000 0.000 0.000
112.706 104.041 103.982 93.044 35.807 0.000 0.000 0.000 1.136 26.867 0.000 0.000 32.060 75.658 129.189 64.780 0.000 0.000 0.000 0.000 0.000 68.427 103.414 33.394 30.376 0.000 0.000 0.000 44.715 38.708 36.703 34.703 22.703 0.000 0.000 0.000 0.000 0.000 0.000 0.000 0.460 58.459 16.459 0.000 0.000 0.000 0.000 0.000 0.000 0.000 0.000 0.000 0.000 0.000 0.000 0.000 0.000 0.000 0.000 0.000 0.000 0.000 0.000 0.000 0.000 0.000 0.000 0.000 0.000 0.000 0.000 0.000 0.000
