results3/res_3e8f-0124.wd
ncols         241
nrows         181
xllcorner     12693529.787448
yllcorner     3542525.717860
cellsize      155.156523
NODATA_value  -9999.000000
[rows 66 to 98 of 181, columns 146 to 218 of 241]
31.400 46.339 68.280 69.225 69.173 69.124 69.075 69.028 68.981 71.944 7.921 0.000 0.000 0.000 0.000 0.000 0.000 0.000 39.976 14.976 0.000 21.973 51.970 51.970 51.971 58.973 64.973 64.971 64.969 64.965 64.960 64.954 64.948 64.942 64.936 66.932 51.928 52.925 44.924 0.000 0.000 0.000 0.000 0.000 21.048 28.037 37.015 30.975 8.923 6.855 21.814 42.781 50.750 44.721 39.692 39.664 29.637 26.610 26.584 29.558 50.534 62.510 57.487 46.466 53.445 60.425 64.406 64.388 63.371 63.355 63.340 63.326 63.312
34.458 53.396 71.337 69.283 69.233 69.186 69.140 69.089 74.032 62.990 32.970 29.978 0.000 0.000 0.000 0.000 0.000 10.976 12.976 0.000 0.000 0.000 21.961 52.961 61.962 64.962 64.962 64.960 64.958 68.955 66.951 64.947 64.942 64.938 63.934 55.931 49.928 55.926 45.926 0.000 0.000 0.000 0.000 13.039 27.040 32.034 28.024 0.000 0.000 3.794 23.776 26.752 40.727 49.702 38.676 37.650 35.623 26.597 26.572 25.547 31.522 55.499 62.476 47.454 49.434 51.414 53.395 57.378 61.361 63.345 64.330 63.316 63.302
39.513 60.450 70.389 69.336 69.291 69.249 67.208 66.158 21.067 6.013 36.991 42.987 7.988 0.000 0.000 0.000 0.000 0.000 0.000 0.000 0.000 5.947 34.951 54.952 64.952 64.952 64.952 64.950 64.948 66.946 65.943 64.939 64.936 65.933 55.931 53.929 56.928 51.927 43.926 0.000 0.000 0.000 0.000 31.039 34.039 0.000 0.000 0.000 0.000 31.752 33.742 43.726 46.706 57.683 55.660 43.635 32.610 24.585 26.559 26.535 21.510 35.487 52.464 56.443 61.422 58.402 51.384 56.366 59.349 59.334 57.319 59.305 62.291
44.568 67.501 71.435 72.382 69.344 70.312 65.286 11.266 0.000 36.004 36.995 41.990 49.989 0.000 0.000 0.000 0.000 0.000 0.000 0.000 0.000 17.944 40.944 53.944 65.944 64.943 64.943 64.941 64.940 65.937 64.935 64.932 64.930 61.928 55.927 20.928 0.000 0.000 0.000 0.000 0.000 0.000 0.000 27.038 34.038 0.000 0.000 0.000 48.711 34.720 29.715 57.703 62.686 63.667 67.645 61.622 49.597 29.572 26.547 26.522 24.498 25.474 31.452 32.430 39.409 47.390 54.371 58.354 59.337 60.322 56.307 59.293 60.280
26.624 31.553 41.467 17.414 74.392 71.371 56.356 33.355 3.386 0.000 0.000 0.000 0.000 0.000 0.000 0.000 0.000 0.000 0.000 0.000 0.000 18.940 43.937 46.936 62.936 64.935 64.934 64.933 68.931 67.930 64.928 64.925 65.924 56.922 59.921 0.000 0.000 0.000 0.000 0.000 0.000 0.000 0.000 0.000 21.038 30.038 0.000 0.000 79.703 42.701 24.695 55.684 63.670 63.652 63.632 66.609 65.585 45.560 28.534 26.509 24.485 27.461 28.438 36.417 41.396 30.376 30.358 35.341 40.325 46.309 51.295 55.281 59.269
72.686 51.619 0.000 0.000 78.439 70.422 57.414 39.412 6.417 0.000 0.000 0.000 0.000 0.000 0.000 0.000 0.000 0.000 0.000 0.000 0.000 0.000 4.929 48.928 64.928 64.927 64.926 64.925 66.924 65.922 64.920 64.919 65.917 53.916 63.915 0.000 0.000 0.000 0.000 0.000 0.000 0.000 0.000 0.000 0.000 0.000 0.000 0.000 16.696 32.689 25.680 55.670 63.657 63.641 64.622 64.599 64.574 57.548 33.521 29.496 27.471 24.447 45.424 57.402 63.381 47.362 40.344 36.327 34.311 31.296 31.282 31.269 59.257
48.759 0.000 0.000 75.610 75.505 73.464 64.466 49.461 5.454 0.000 0.000 0.000 0.000 0.000 0.000 0.000 0.000 0.000 0.000 0.000 0.000 0.000 30.921 53.921 65.920 64.919 64.919 65.918 64.916 64.915 64.913 64.912 65.910 58.909 23.908 0.000 0.000 0.000 0.000 0.000 0.000 0.000 0.000 0.000 0.000 0.000 0.000 0.000 0.000 29.678 28.667 46.658 61.647 64.633 58.615 54.592 60.565 51.535 34.508 33.482 42.457 37.433 60.409 64.387 63.366 61.347 61.329 58.312 56.297 53.282 49.269 41.256 61.244
75.800 65.799 71.771 27.716 0.000 0.000 70.524 44.514 5.484 0.000 7.685 0.000 0.000 0.000 0.000 0.000 0.000 0.000 0.000 0.000 0.000 0.000 46.913 58.913 65.913 64.912 64.911 66.910 66.909 64.908 64.906 64.905 63.903 59.902 8.901 0.000 0.000 0.000 0.000 0.000 0.000 0.000 0.000 0.000 0.000 0.000 0.000 0.000 0.000 0.000 17.653 43.648 61.640 62.629 43.614 46.588 48.558 45.522 30.494 27.468 50.443 59.417 63.393 65.370 65.349 66.330 64.313 64.297 65.282 64.268 65.255 65.242 64.231
77.843 69.825 74.797 25.768 0.000 0.000 61.592 9.586 0.000 0.000 39.685 2.685 0.000 0.000 0.000 0.000 0.000 0.000 0.000 0.000 0.000 0.000 49.906 61.906 65.906 64.905 64.905 65.904 65.903 64.901 64.900 65.898 61.896 56.895 6.894 0.000 0.000 0.000 0.000 0.000 0.000 0.000 0.000 0.000 0.000 0.000 0.000 0.000 9.641 11.642 22.644 38.642 60.637 62.630 8.624 0.000 0.000 35.499 29.477 24.455 38.429 57.401 63.375 65.352 65.331 65.313 63.296 63.280 64.266 63.253 63.240 64.228 64.217
69.904 69.862 69.825 67.791 54.761 40.721 33.667 32.653 28.673 31.682 34.685 34.685 6.685 0.000 0.000 0.000 0.000 0.000 10.878 12.878 0.000 2.899 48.899 62.900 64.899 64.899 64.899 64.898 64.896 64.895 64.893 64.891 46.890 41.887 39.885 34.880 0.000 0.000 0.000 0.000 0.000 0.000 0.000 0.000 0.000 0.000 0.000 0.000 13.640 39.640 30.640 34.638 54.635 55.631 28.629 0.000 0.000 0.000 26.461 31.445 30.418 49.382 62.354 63.331 63.311 63.294 63.278 63.263 63.249 63.237 63.225 63.214 63.203
69.941 69.895 69.850 68.809 65.772 67.735 41.701 20.685 58.685 31.687 35.688 11.687 0.000 0.000 0.000 0.000 0.000 0.000 10.878 56.878 5.879 0.000 47.893 61.893 65.893 64.893 66.893 67.892 65.891 64.889 64.887 62.885 55.883 46.881 47.878 46.876 0.000 0.000 0.000 0.000 0.000 0.000 0.000 0.000 0.000 0.000 0.000 0.000 7.639 42.639 34.638 41.636 56.634 51.632 57.630 0.000 0.000 0.000 0.000 0.000 0.000 39.355 62.328 63.308 63.290 63.273 63.258 63.244 63.232 63.220 63.209 63.199 63.189
69.973 69.925 70.872 72.824 69.782 69.745 68.718 69.702 60.696 38.694 10.693 0.000 0.000 0.000 0.000 0.000 0.000 0.000 0.000 49.879 36.879 26.882 42.886 64.887 64.888 64.888 64.888 64.887 64.885 64.884 64.882 64.879 62.877 41.874 45.871 52.869 0.000 0.000 0.000 0.000 0.000 0.000 0.000 0.000 0.000 0.000 0.000 0.000 3.639 54.639 0.000 21.634 44.633 51.632 12.631 0.000 0.000 0.000 0.000 0.000 0.000 0.000 51.296 64.283 63.267 63.251 63.238 63.225 63.214 63.203 63.193 63.184 63.175
73.007 68.962 65.889 67.833 70.787 70.746 72.724 69.710 67.703 54.699 3.698 0.000 0.000 0.000 0.000 0.000 0.000 0.000 0.000 5.879 40.879 32.880 48.882 66.883 64.883 64.883 64.883 64.882 64.881 64.879 64.877 64.874 65.871 54.868 41.865 45.861 51.855 0.000 0.000 0.000 0.000 0.000 0.000 0.000 0.000 0.000 0.000 0.000 0.000 0.000 0.000 0.000 29.632 48.631 0.000 0.000 0.000 0.000 0.000 0.000 0.000 0.000 39.278 60.260 63.243 63.228 63.216 63.205 63.195 63.186 63.177 63.168 63.160
66.047 27.025 0.000 0.000 0.000 62.729 67.720 73.712 69.706 58.703 8.701 0.000 42.702 12.702 0.000 0.000 0.000 0.000 0.000 0.000 32.877 36.877 57.879 65.879 66.880 67.880 64.879 64.878 64.876 64.874 64.872 64.869 64.866 65.862 44.858 26.854 35.850 0.000 0.000 0.000 0.000 0.000 0.000 0.000 0.000 0.000 0.000 0.000 0.000 0.000 0.000 0.000 18.631 51.631 0.000 0.000 0.000 0.000 0.000 0.000 0.000 0.000 0.000 40.238 60.216 63.203 63.193 63.184 63.176 63.168 63.161 63.153 63.145
61.080 18.068 0.000 0.000 37.720 35.721 52.716 71.711 68.707 53.704 34.703 38.703 42.702 8.702 0.000 0.000 0.000 0.000 3.869 0.000 33.874 44.875 64.876 64.876 67.876 67.876 64.876 64.874 64.873 64.871 64.868 64.865 64.861 65.857 61.852 56.847 45.841 25.832 19.827 0.000 0.000 0.000 0.000 0.000 0.000 0.000 0.000 0.000 0.000 0.000 0.000 0.000 20.630 12.631 0.000 0.000 0.000 0.000 0.000 0.000 0.000 0.000 0.000 0.000 45.181 61.175 63.169 63.163 63.157 63.151 63.145 63.138 63.131
67.106 48.098 20.104 0.000 0.000 37.717 37.714 59.710 71.707 49.705 36.704 41.703 19.703 0.000 0.000 0.000 0.000 0.000 32.869 25.870 30.872 47.873 66.873 66.874 67.874 64.874 64.873 64.872 64.870 64.868 64.865 64.861 64.857 64.852 64.847 66.841 55.835 43.828 32.823 33.816 26.813 17.811 22.810 0.000 0.000 0.000 0.000 0.000 0.000 0.000 0.000 0.000 23.630 0.000 0.000 0.000 0.000 0.000 0.000 0.000 0.000 0.000 0.000 0.000 30.151 58.149 62.146 63.142 63.138 63.134 63.129 63.124 63.117
70.124 61.116 14.110 0.000 0.000 0.000 36.711 41.708 68.706 56.705 37.704 40.703 15.703 0.000 0.000 0.000 0.000 0.000 35.868 28.869 31.870 49.871 68.871 67.872 65.872 65.872 64.871 64.869 64.867 64.865 64.862 65.859 65.854 65.849 59.842 50.836 54.830 61.824 54.819 52.814 40.811 27.809 34.810 0.000 0.000 0.000 0.000 0.000 0.000 0.000 0.000 0.000 0.000 0.000 0.000 0.000 0.000 0.000 0.000 0.000 0.000 0.000 0.000 0.000 22.123 53.123 63.123 65.122 65.120 65.118 64.115 63.110 63.104
70.137 45.132 0.000 0.000 0.000 0.000 0.000 43.706 56.706 50.705 49.704 46.703 36.703 14.703 0.000 0.000 0.000 0.000 34.867 27.868 32.868 47.869 59.870 56.870 51.871 53.871 58.870 63.868 65.866 65.864 63.861 53.858 51.853 56.846 45.837 42.830 42.824 53.819 57.814 52.811 38.808 27.806 0.000 0.000 0.000 0.000 0.000 0.000 0.000 0.000 0.000 0.000 0.000 0.000 0.000 0.000 0.000 0.000 0.000 0.000 0.000 0.000 0.000 0.000 10.095 35.098 41.101 43.102 43.103 44.103 53.102 62.099 63.093
69.146 35.143 0.000 0.000 0.000 0.000 0.000 38.705 32.705 31.704 39.704 39.703 39.703 35.702 8.702 0.000 0.000 0.000 39.866 34.867 39.867 49.868 52.868 55.870 13.870 0.000 0.000 4.866 65.865 62.863 51.860 6.858 0.000 0.000 44.830 76.823 69.818 48.814 54.809 48.806 37.804 22.802 25.800 0.000 0.000 0.000 0.000 0.000 0.000 0.000 0.000 0.000 0.000 0.000 0.000 0.000 0.000 0.000 0.000 0.000 14.024 35.024 46.030 45.043 63.064 71.074 72.080 70.084 72.087 59.089 42.090 60.090 63.086
67.153 32.149 0.000 0.000 0.000 0.000 0.000 38.705 34.705 13.704 0.000 0.000 0.000 0.000 0.000 0.000 0.000 0.000 45.865 39.866 34.866 30.866 16.867 0.000 0.000 0.000 0.000 0.000 0.000 0.000 38.857 0.857 0.000 0.000 0.000 39.815 72.812 32.808 33.804 32.800 28.799 31.799 78.798 37.797 0.000 0.000 0.000 0.000 0.000 0.000 0.000 0.000 0.000 0.000 0.000 0.000 0.000 0.000 0.000 0.000 0.001 82.018 78.024 60.033 61.046 58.055 59.061 81.067 74.072 60.076 40.081 49.085 48.086
53.156 34.154 28.154 0.000 0.000 0.000 0.000 0.000 36.704 20.704 0.000 0.000 0.000 0.000 0.000 0.000 0.000 0.000 45.865 45.865 46.865 29.865 4.865 0.000 0.000 0.000 0.000 0.000 0.000 0.000 34.855 11.855 0.000 0.000 0.000 38.810 87.808 51.803 54.798 49.792 34.793 52.796 106.797 103.797 34.796 0.000 0.000 0.000 0.000 0.000 0.000 0.000 0.000 0.000 0.000 0.000 0.000 12.986 2.987 0.991 9.999 85.007 52.014 60.022 51.030 32.038 43.045 86.051 52.057 39.063 46.072 0.047 0.000
37.157 37.155 23.154 0.000 0.000 0.000 0.000 0.000 0.000 0.000 0.000 0.000 0.000 0.000 0.000 0.000 0.000 0.000 48.864 39.864 33.864 31.864 5.864 0.000 0.000 0.000 0.000 0.000 0.000 31.853 24.854 49.854 45.854 0.000 0.000 44.807 50.805 42.800 85.792 74.778 45.786 0.000 62.796 117.796 1.796 0.000 0.000 0.000 0.000 0.000 0.000 0.000 0.000 0.000 0.000 0.000 63.986 101.986 92.986 88.989 35.993 79.999 48.004 37.010 84.016 65.022 85.028 66.034 36.041 44.049 0.000 0.000 0.000
40.157 41.155 33.154 0.000 0.000 0.000 0.000 0.000 0.000 0.000 0.000 0.000 0.000 0.000 0.000 0.000 0.000 0.000 2.863 43.863 33.863 11.863 0.000 0.000 0.000 0.000 0.000 0.000 0.000 33.853 30.853 6.853 0.000 0.000 0.000 18.807 0.000 0.000 0.000 40.743 0.000 0.000 18.796 84.796 39.796 0.000 0.000 0.000 0.000 0.000 0.000 0.000 0.000 0.000 0.000 0.000 19.985 0.000 63.984 67.985 18.987 79.990 56.993 29.997 48.002 98.007 112.012 46.018 34.024 1.036 0.000 0.000 9.947
39.156 40.154 40.154 44.152 36.152 0.000 0.000 0.000 0.000 0.000 0.000 0.000 0.000 0.000 0.000 0.000 0.000 0.000 0.000 33.862 29.862 13.862 0.000 0.000 0.000 0.000 0.000 0.000 34.852 31.853 8.853 0.000 0.000 0.000 0.000 0.000 0.000 0.000 0.000 44.708 0.000 0.000 18.796 0.000 0.000 0.000 0.000 0.000 0.000 0.000 0.000 0.000 0.000 0.000 0.000 0.000 0.000 0.000 39.981 58.981 17.981 81.981 61.982 31.985 80.988 83.992 78.997 87.002 51.007 0.000 0.000 0.000 23.939
41.154 19.154 30.153 39.152 39.151 39.151 38.150 0.000 0.000 0.000 0.000 0.000 0.000 0.000 0.000 0.000 0.000 0.000 0.000 35.861 31.861 15.861 0.000 0.000 0.000 0.000 0.000 0.000 0.000 37.852 9.852 0.000 0.000 0.000 0.000 0.000 0.000 0.000 8.665 31.673 35.663 12.663 0.000 0.000 0.000 0.000 0.000 0.000 0.000 0.000 0.000 0.000 0.000 0.000 0.000 0.000 0.000 0.000 42.978 62.977 22.975 82.972 67.971 81.971 81.973 40.976 33.980 78.986 27.997 0.000 0.000 24.919 32.926
46.150 0.000 0.000 36.152 25.151 0.000 38.150 28.150 0.000 0.000 0.000 0.000 0.000 0.000 0.000 0.000 0.000 0.000 0.000 34.860 31.860 19.860 0.000 0.000 0.000 0.000 0.000 0.000 0.000 0.000 0.000 0.000 0.000 0.000 0.000 0.000 0.000 0.000 47.658 64.657 25.652 0.000 0.000 0.000 0.000 0.000 0.000 0.000 0.000 0.000 0.000 0.000 0.000 0.000 0.000 0.000 0.000 0.000 77.976 63.974 24.970 82.961 79.957 71.956 63.957 49.959 50.962 19.966 0.000 0.000 8.908 27.912 34.916
43.145 0.000 0.000 23.151 15.151 0.000 0.000 0.000 0.000 47.098 43.097 34.097 0.000 0.000 0.000 0.000 0.000 0.000 0.000 38.860 34.860 16.860 0.000 0.000 0.000 0.000 0.000 0.000 0.000 0.000 0.000 0.000 0.000 0.000 0.000 0.000 0.000 0.000 10.651 94.644 60.638 0.000 0.000 0.000 0.000 0.000 0.000 0.000 0.000 0.000 0.000 0.000 0.000 0.000 0.000 0.000 0.000 0.000 9.975 0.000 0.000 56.946 97.942 76.940 75.940 73.941 76.945 24.949 0.000 0.000 12.904 26.905 27.907
59.140 0.000 0.000 0.000 0.000 45.110 32.109 0.000 43.100 37.098 37.097 29.097 0.000 0.000 0.000 0.000 0.000 0.000 0.000 38.859 33.860 21.860 0.000 0.000 0.000 0.000 0.000 0.000 0.000 0.000 0.000 0.000 0.000 0.000 0.000 0.000 0.000 0.000 0.000 38.631 30.618 1.599 0.000 0.000 0.000 0.000 0.000 0.000 0.000 0.000 0.000 0.000 0.000 0.000 0.000 0.000 0.000 0.000 0.000 0.000 0.000 3.935 39.924 40.921 38.921 38.922 35.926 31.938 0.000 0.000 5.900 26.896 24.897
70.133 59.127 41.122 42.119 41.115 35.111 36.108 37.104 35.101 40.099 39.097 30.096 27.096 0.000 0.000 0.000 0.000 0.000 0.000 25.859 0.000 0.000 0.000 0.000 0.000 0.000 0.000 0.000 0.000 0.000 0.000 0.000 0.000 0.000 0.000 0.000 0.000 0.000 0.000 0.000 37.601 0.284 0.000 0.000 0.000 0.000 0.000 0.000 0.000 0.000 0.000 0.000 0.000 0.000 0.000 0.000 0.000 0.000 0.000 0.000 0.000 0.000 27.899 26.900 26.900 42.901 37.901 0.000 0.000 0.000 0.000 39.883 51.885
70.128 64.125 34.122 34.119 34.116 17.112 18.108 22.105 32.101 41.098 38.097 30.096 33.095 22.095 0.000 0.000 0.000 0.000 0.000 0.000 0.000 0.000 0.000 0.000 0.000 0.000 0.000 0.000 0.000 0.000 0.000 0.000 0.000 0.000 0.000 0.000 0.000 0.000 0.000 0.000 0.000 25.074 0.000 0.000 0.000 0.000 0.000 0.000 0.000 0.000 0.000 0.000 0.000 0.000 0.000 0.000 0.000 0.000 0.000 0.000 19.855 22.861 26.874 26.879 28.880 47.879 37.875 20.864 0.000 0.000 34.859 55.868 62.873
70.125 68.123 38.121 35.120 15.118 0.000 0.000 0.000 0.000 32.097 35.096 33.095 26.095 0.000 0.000 0.000 0.000 0.000 0.000 0.000 0.000 0.000 0.000 0.000 0.000 0.000 0.000 0.000 0.000 0.000 0.000 0.000 0.000 0.000 0.000 0.000 0.000 0.000 0.000 0.000 0.000 28.057 0.000 0.000 0.000 0.000 0.000 0.000 0.000 0.000 0.000 0.000 0.000 0.000 0.000 0.000 0.000 0.000 0.000 0.000 30.849 27.853 26.859 22.862 35.863 52.862 36.858 25.852 20.845 20.845 44.851 61.857 62.862
70.123 68.122 21.121 25.120 0.000 0.000 0.000 0.000 0.000 0.000 23.095 36.094 28.093 0.000 0.000 0.000 0.000 0.000 0.000 0.000 0.000 0.000 0.000 0.000 0.000 0.000 0.000 0.000 0.000 0.000 0.000 0.000 0.000 0.000 0.000 0.000 0.000 0.000 0.000 0.000 0.000 0.000 0.000 0.000 0.000 0.000 0.000 0.000 0.000 0.000 0.000 0.000 0.000 7.818 0.000 0.000 0.000 0.000 0.000 24.835 22.840 21.843 26.846 40.848 53.848 43.846 27.844 25.841 27.839 24.839 45.843 63.847 62.852
70.120 44.121 0.000 0.000 0.000 0.000 0.000 0.000 0.000 0.000 0.000 26.093 33.092 31.091 0.000 0.000 0.000 0.000 0.000 0.000 0.000 0.000 0.000 0.000 0.000 0.000 0.000 0.000 0.000 0.000 0.000 0.000 0.000 0.000 0.000 0.000 0.000 0.000 0.000 0.000 0.000 0.000 0.000 0.000 0.000 0.000 0.000 0.000 0.000 0.000 0.000 0.000 0.000 0.819 2.820 0.000 29.824 21.825 19.827 31.830 45.833 50.834 52.835 52.835 38.834 26.832 25.831 25.830 24.829 26.831 49.834 64.838 62.842
