results3/res_3e8f-0125.wd
ncols         241
nrows         181
xllcorner     12693529.787448
yllcorner     3542525.717860
cellsize      155.156523
NODATA_value  -9999.000000
[rows 99 to 131 of 181, columns 73 to 145 of 241]
57.968 57.947 57.926 56.905 56.883 61.861 64.838 61.817 57.801 57.793 51.794 7.799 0.000 0.000 0.000 0.000 0.000 13.241 71.251 96.222 94.223 93.386 100.066 99.995 93.099 93.797 93.645 93.537 94.434 94.336 93.248 97.174 56.121 0.000 0.000 0.000 0.000 0.000 0.000 28.666 54.587 66.428 34.158 16.003 45.953 48.888 46.807 50.692 47.449 45.050 14.681 39.423 43.289 58.200 64.136 67.088 65.052 60.026 53.010 48.000 42.995 20.988 0.000 0.000 0.000 0.000 15.327 33.326 45.326 69.326 70.326 70.325 70.325
58.009 57.990 56.969 54.948 58.925 63.901 64.874 64.844 58.822 55.809 60.804 60.803 21.804 0.000 16.001 45.950 22.843 2.626 59.495 99.370 94.621 94.638 100.126 92.415 94.204 93.859 93.772 93.662 93.557 93.459 95.372 94.303 30.258 0.000 0.000 0.000 0.000 0.000 0.000 32.845 38.785 49.717 0.000 0.000 41.115 49.058 47.964 51.825 51.606 22.328 0.000 34.321 48.260 53.193 74.140 75.098 75.067 76.044 77.028 75.018 56.014 0.000 0.000 0.000 0.000 0.000 0.000 32.324 45.324 69.323 70.323 70.322 70.322
58.051 57.033 57.014 59.992 62.968 63.943 38.913 2.864 31.834 67.817 40.810 14.806 6.805 0.000 27.052 77.007 73.920 65.797 84.660 95.803 92.787 100.210 93.700 94.506 94.073 94.008 93.893 93.784 93.675 94.569 92.478 80.408 27.351 0.351 0.000 0.000 0.000 0.000 36.238 43.085 40.992 41.938 14.968 0.000 47.335 65.264 58.167 53.037 27.821 0.000 0.000 17.279 7.237 47.173 72.131 76.099 74.074 74.054 74.040 76.032 49.028 43.033 43.034 49.034 0.000 0.000 0.000 9.322 44.321 69.320 70.320 70.319 70.319
57.095 56.079 61.060 64.038 64.014 63.989 28.971 0.000 0.000 10.814 1.812 0.000 0.000 0.000 20.147 83.106 89.033 96.941 96.891 94.011 100.558 100.343 93.670 94.381 94.232 94.124 94.016 93.906 93.789 99.663 49.564 17.501 1.432 0.000 0.762 3.763 0.000 27.524 45.392 41.264 41.160 40.074 45.999 11.861 40.625 66.496 65.403 63.336 0.000 0.000 0.000 0.000 0.000 45.131 74.114 78.094 75.075 74.059 72.047 61.040 42.036 38.035 39.035 23.035 0.000 0.000 0.000 0.000 40.318 69.317 70.317 70.316 66.315
56.141 62.127 64.109 64.086 62.060 68.030 38.012 0.000 0.000 0.000 0.000 0.000 0.000 0.000 31.284 89.236 92.173 96.045 95.277 95.285 100.750 93.060 94.766 94.441 94.355 94.246 94.140 98.034 103.913 58.730 27.614 2.566 0.000 0.000 0.000 0.764 28.765 51.657 45.540 38.421 43.308 47.201 44.092 41.960 55.808 59.693 49.612 57.567 0.000 0.000 0.000 0.000 0.000 51.107 75.099 80.087 79.073 75.060 70.051 39.044 37.040 38.038 45.037 0.000 0.000 0.000 0.000 34.314 38.315 67.315 70.315 70.314 64.313
63.191 64.180 64.162 63.139 41.109 7.058 26.035 28.034 0.000 0.000 0.000 0.000 0.000 22.589 75.469 89.390 92.292 94.447 95.453 101.088 100.926 94.039 94.740 94.579 94.473 94.367 98.266 60.176 20.098 0.000 37.597 23.584 0.000 0.000 0.000 0.000 36.874 70.798 61.691 56.572 51.452 52.330 50.207 51.080 63.955 57.855 41.787 43.754 0.000 0.000 0.000 0.000 0.000 51.091 79.087 44.082 42.071 74.059 77.051 47.045 38.042 43.040 13.038 0.000 0.000 0.000 0.000 7.314 34.314 52.313 68.312 71.312 64.311
64.246 64.238 60.222 64.199 46.180 0.000 17.034 47.034 0.000 0.000 0.000 0.000 12.805 74.709 88.614 94.534 94.503 94.642 101.378 101.238 93.372 95.146 94.794 94.704 94.590 94.482 98.383 70.304 2.262 0.000 7.592 10.588 0.000 0.000 0.000 0.000 24.060 55.971 60.853 70.726 66.595 54.462 57.327 66.196 61.078 48.985 40.926 41.908 15.957 16.970 0.000 0.000 0.000 49.079 83.077 0.000 0.000 23.053 70.049 60.045 41.042 20.041 0.000 0.000 0.000 0.000 0.000 0.000 7.312 31.311 57.311 67.310 60.309
62.308 59.304 58.287 74.254 53.233 0.000 16.034 44.034 0.000 0.000 0.000 6.975 70.902 83.825 93.753 96.632 95.874 93.902 101.508 92.685 94.458 91.015 92.942 94.818 94.703 95.588 89.478 79.395 27.329 0.000 0.000 0.000 0.000 0.000 0.000 11.559 46.334 51.172 51.025 52.883 61.741 64.595 67.444 61.300 48.176 42.083 41.023 39.995 43.995 28.982 0.000 0.000 0.000 38.069 75.066 41.059 30.054 22.051 65.047 71.044 51.042 0.000 0.000 2.036 0.000 0.000 0.000 0.000 0.000 26.309 50.309 55.308 42.308
56.376 65.384 61.370 2.296 3.264 0.000 7.034 7.034 0.000 0.000 0.000 8.047 87.003 88.946 96.856 96.020 95.039 101.738 101.628 94.646 94.332 94.172 94.053 92.935 93.815 95.690 52.547 3.471 0.000 0.000 0.000 0.000 0.000 15.279 32.090 46.785 57.547 54.357 53.192 50.040 50.891 53.732 65.555 66.383 58.243 47.147 40.087 40.055 42.044 0.000 0.000 0.000 0.000 23.062 65.059 43.056 39.053 39.050 71.045 74.042 57.040 20.037 10.036 53.036 0.000 0.000 0.000 0.000 0.000 29.308 53.307 48.307 34.307
57.452 67.486 54.513 0.000 0.000 0.000 4.034 16.034 0.013 0.000 0.000 74.163 84.122 96.065 96.059 95.200 101.934 101.839 93.963 95.736 95.386 95.291 95.171 95.052 96.933 46.812 0.000 0.000 0.000 0.000 0.000 4.976 30.782 47.468 60.207 55.942 54.712 54.516 54.348 55.196 53.049 51.888 25.661 44.436 69.264 51.176 39.124 42.094 40.083 28.090 0.000 0.000 0.000 24.058 57.054 35.052 0.000 0.000 27.041 64.039 53.038 62.037 69.036 28.036 0.000 0.000 0.000 0.000 0.000 4.307 44.306 42.306 35.306
55.526 59.594 58.684 34.819 0.000 0.000 0.000 2.033 5.033 0.000 27.417 87.319 94.255 96.175 96.332 94.452 102.020 94.254 96.034 95.598 95.528 95.406 96.289 97.171 59.052 0.000 0.000 0.000 0.000 0.000 7.435 50.171 60.901 56.605 55.326 55.067 54.841 54.649 54.487 54.346 54.223 63.109 1.920 0.000 37.203 46.169 38.138 47.116 47.104 29.097 0.000 0.000 0.000 0.000 41.047 78.046 46.043 0.000 20.038 65.037 59.036 50.035 50.034 0.000 0.000 0.000 0.000 0.000 0.000 0.000 23.304 34.304 35.304
67.583 5.681 61.810 59.954 49.134 8.254 0.000 0.000 0.000 18.584 77.515 91.443 97.380 96.361 95.513 102.169 102.099 95.205 95.901 95.748 95.636 96.525 98.408 59.289 0.000 0.000 0.000 0.000 6.237 37.055 47.698 59.373 56.046 55.724 52.426 52.159 51.936 52.753 54.603 54.481 57.385 34.322 0.000 0.000 17.175 42.160 41.142 59.128 55.120 0.000 0.000 0.000 0.000 0.000 25.043 70.041 82.039 39.037 65.036 79.035 71.035 47.034 40.033 12.031 0.000 0.000 0.000 0.000 0.000 0.000 29.303 35.303 39.303
49.615 2.736 63.920 54.053 61.194 53.374 14.674 2.531 11.653 78.654 87.614 97.568 96.451 96.715 94.739 102.229 94.497 96.288 95.946 95.861 96.752 97.649 51.529 0.000 0.000 0.000 0.000 0.000 49.419 60.231 57.930 56.578 58.185 57.820 63.494 68.209 62.992 55.824 49.692 53.589 59.515 17.473 0.000 0.000 13.164 45.153 46.142 68.134 56.129 0.000 0.000 0.000 0.000 0.000 13.039 65.038 74.037 79.036 75.035 75.034 79.033 63.032 42.031 43.030 12.029 5.028 0.000 0.000 0.000 31.302 36.302 34.302 39.302
0.000 0.000 32.074 83.145 46.214 0.000 0.000 16.759 76.773 81.763 95.737 96.641 96.915 94.841 102.313 94.757 96.565 96.140 96.081 96.968 93.862 48.791 0.000 0.000 0.000 0.000 5.330 52.144 59.789 57.519 57.214 60.823 35.295 13.879 16.521 33.190 58.998 60.859 61.752 53.669 54.612 15.581 0.000 0.000 0.000 26.145 44.140 51.136 50.133 0.000 0.000 0.000 0.000 0.000 13.036 56.036 69.035 74.034 75.033 76.033 72.032 68.031 53.030 41.029 45.028 51.027 0.000 0.000 0.000 0.000 34.301 35.301 37.301
0.000 0.000 9.156 84.239 71.305 0.000 0.000 23.925 84.916 92.897 96.841 98.030 98.060 102.635 102.439 95.709 96.424 96.283 96.184 91.080 80.935 31.863 0.000 0.000 4.853 40.738 49.516 61.313 58.073 57.843 61.585 39.203 0.000 0.000 0.000 19.031 56.952 53.864 57.786 63.724 63.681 41.660 0.000 0.000 0.000 8.142 46.139 40.136 47.135 0.000 0.000 0.000 0.000 0.000 18.034 43.033 60.033 74.032 69.032 62.031 64.031 25.031 50.030 59.028 52.027 48.027 0.000 0.000 0.000 0.000 0.000 29.300 34.300
0.000 0.000 0.000 12.350 61.460 1.972 12.144 78.099 90.069 97.040 97.048 97.217 102.991 102.818 95.000 96.797 96.462 96.389 89.299 55.230 0.000 0.000 0.000 13.076 58.968 52.845 60.685 58.519 58.348 59.194 37.078 0.000 0.000 0.000 0.000 17.952 59.913 53.859 53.806 55.761 59.730 61.717 13.732 0.000 0.000 0.000 27.137 46.136 21.135 0.000 0.000 0.000 0.000 0.000 11.032 39.032 50.031 57.031 49.030 46.030 11.031 0.000 0.000 43.026 47.026 56.026 0.000 0.000 0.000 0.000 0.000 23.300 34.299
0.000 0.000 0.000 0.000 0.150 12.307 81.292 86.258 97.230 97.148 98.421 98.486 103.154 95.302 97.080 96.647 96.586 86.482 75.394 39.312 0.000 0.000 0.000 53.183 75.100 59.988 51.859 59.728 57.606 60.509 30.455 0.000 0.000 0.000 13.911 48.913 55.890 54.854 54.816 51.783 47.759 49.747 11.747 0.000 0.000 0.000 8.136 53.136 1.135 0.000 0.000 0.000 0.000 0.000 11.031 41.030 40.030 39.029 37.029 43.029 0.000 0.000 0.000 18.026 41.025 59.024 3.023 0.000 0.000 0.000 0.000 0.000 27.299
0.000 0.000 0.000 0.000 0.000 84.486 83.457 97.421 97.359 98.550 98.611 103.452 103.308 96.257 97.940 95.782 81.666 70.571 44.482 0.000 0.000 0.000 47.520 65.374 65.260 72.148 60.036 49.930 55.840 65.780 68.779 31.897 0.000 0.000 12.910 60.899 54.878 54.851 53.823 49.797 43.777 44.766 10.762 0.000 0.000 0.000 0.000 26.135 34.135 0.000 0.000 0.000 0.000 0.000 19.030 43.029 37.028 38.028 38.028 40.027 23.026 0.000 0.000 0.000 28.024 49.023 27.023 1.022 0.000 0.000 0.000 0.000 22.299
0.000 0.000 0.000 0.000 23.808 84.695 96.631 97.580 98.578 100.755 103.723 103.590 95.567 97.329 93.980 82.879 71.731 43.651 0.000 0.000 0.000 49.800 70.665 56.535 48.418 62.309 74.207 62.116 65.042 65.994 52.983 59.015 38.045 0.567 20.919 52.895 48.873 55.851 50.826 42.803 41.787 45.777 7.773 0.000 0.000 0.000 0.000 13.135 53.134 0.000 0.000 0.000 0.000 0.000 0.000 25.027 40.027 38.027 38.027 38.026 46.026 0.000 0.000 0.000 0.000 30.022 41.022 47.021 0.000 0.000 0.000 0.000 0.000
0.000 0.000 0.000 0.000 66.921 92.855 98.797 97.695 97.955 96.027 103.850 95.852 97.615 92.183 81.113 55.992 0.000 0.000 0.000 0.000 50.065 70.934 57.806 46.682 46.568 48.462 59.367 74.284 65.218 50.171 58.146 60.136 34.125 0.000 17.903 77.886 64.871 53.852 47.827 43.804 40.791 41.783 35.780 0.000 0.000 0.000 0.000 0.000 32.134 4.134 0.000 0.000 0.000 0.000 0.000 5.026 42.026 38.026 38.026 38.025 40.025 24.024 0.000 0.000 0.000 11.021 38.021 41.021 0.000 0.000 0.000 0.000 0.000
0.000 0.000 0.000 70.217 67.098 73.017 87.925 99.093 96.150 104.087 103.971 96.785 92.471 81.322 60.215 0.000 0.000 31.783 0.000 2.361 75.196 58.068 46.941 47.820 46.708 49.606 63.515 72.437 73.373 57.326 53.292 64.260 38.194 0.000 0.000 8.878 21.870 3.861 0.000 13.795 44.790 51.785 52.783 38.783 0.000 0.000 0.000 0.000 0.000 0.000 0.000 0.000 0.000 0.000 0.000 6.025 42.025 41.025 44.025 39.025 36.024 45.024 0.000 0.000 0.000 18.021 52.021 57.021 0.000 0.000 0.000 0.000 0.000
0.000 0.000 9.435 71.336 68.240 69.159 79.132 95.293 104.308 104.199 96.068 92.832 80.501 54.424 0.000 0.000 48.838 47.784 29.674 13.498 63.338 47.199 48.070 46.950 47.839 62.739 68.650 32.575 23.514 75.468 61.436 39.416 0.339 0.000 0.000 0.000 0.000 0.000 0.000 10.790 62.788 56.786 53.784 49.783 4.783 0.000 0.000 0.000 0.000 0.000 0.000 0.000 0.000 0.000 0.000 30.025 39.025 14.025 0.000 14.024 39.024 43.023 0.000 0.000 0.000 20.021 56.021 25.021 0.000 0.000 0.000 0.000 0.000
0.000 84.616 72.535 69.450 67.373 68.251 69.492 73.553 104.413 95.311 91.071 80.660 54.615 0.000 0.000 0.000 52.893 50.839 70.739 54.602 47.458 48.321 47.191 50.071 69.960 66.860 47.773 43.699 48.639 76.595 73.568 37.557 0.000 0.000 0.000 0.000 0.000 0.000 0.000 10.789 69.787 69.785 64.784 55.783 0.783 0.000 0.000 0.000 0.000 0.000 0.000 0.000 0.000 0.000 3.024 42.024 44.024 0.000 0.000 0.000 42.023 43.023 0.000 0.000 0.000 0.000 27.020 0.000 0.000 0.000 0.000 0.000 0.000
0.820 82.698 96.637 88.566 73.469 74.625 66.670 104.612 104.514 74.194 78.870 54.767 0.000 0.000 0.000 0.000 55.001 67.942 65.840 47.711 47.572 47.435 58.304 70.181 59.069 47.969 47.881 47.808 48.749 57.707 75.684 71.687 32.738 0.000 0.000 0.000 0.000 0.000 0.000 0.000 55.786 57.785 69.784 70.783 26.783 0.000 0.000 0.000 0.000 0.000 0.000 0.000 0.000 0.000 34.024 44.024 21.024 0.000 0.000 3.022 43.022 41.022 0.000 0.000 0.000 0.000 0.000 0.000 0.000 0.000 0.000 0.000 0.000
18.907 95.823 98.750 98.679 93.651 83.804 104.802 104.708 66.343 61.130 0.000 0.000 0.000 0.000 0.000 0.000 66.169 71.088 46.969 48.831 48.685 60.543 69.407 51.282 48.167 48.065 47.976 47.902 47.842 47.799 56.774 76.770 69.788 43.817 34.829 38.832 7.833 0.000 0.000 0.000 0.000 35.784 75.783 75.783 36.782 0.000 0.000 0.000 0.000 0.000 0.000 0.000 0.000 0.000 23.023 22.023 0.000 0.000 0.000 0.000 23.022 50.022 0.000 0.000 0.000 0.000 0.000 0.000 0.000 0.000 0.000 0.000 0.000
89.010 98.934 98.869 98.752 102.993 94.049 104.895 66.422 69.100 63.841 0.000 0.000 0.000 0.000 0.000 59.592 71.417 48.272 49.118 48.957 56.796 69.643 47.501 48.371 48.253 48.148 48.057 47.981 47.920 47.874 47.844 51.829 52.829 47.835 48.838 55.835 37.834 0.000 0.000 0.000 0.000 0.000 30.783 66.782 29.782 0.000 0.000 0.000 0.000 0.000 0.000 0.000 0.000 0.000 0.000 0.000 0.000 0.000 0.000 0.000 0.000 2.022 0.000 0.000 0.000 0.000 0.000 0.000 0.000 0.000 0.000 0.000 0.000
95.110 95.046 98.955 100.114 97.158 105.073 104.984 71.050 55.443 0.715 3.714 0.714 0.000 0.000 0.000 76.766 53.637 49.464 49.274 51.082 71.900 51.733 48.583 48.448 48.327 48.218 48.123 48.044 47.981 47.933 47.898 46.875 45.862 48.856 30.853 0.000 0.000 0.000 0.000 0.000 0.000 0.000 0.000 59.782 47.781 14.781 0.000 0.000 0.000 0.000 0.000 0.000 0.000 0.000 0.000 0.000 0.000 0.000 0.000 0.000 0.000 0.000 0.000 0.000 0.000 0.000 0.000 0.000 0.000 0.000 0.000 0.000 0.000
74.222 74.155 78.130 74.285 105.249 105.162 82.597 63.730 54.554 0.000 0.000 0.714 0.000 0.000 0.000 52.071 47.899 47.674 46.431 59.198 51.989 45.806 46.649 46.512 46.388 46.274 47.174 48.093 48.029 47.979 46.941 44.911 46.888 46.873 43.867 33.867 36.866 38.864 37.863 39.861 10.861 0.000 0.000 0.000 56.781 28.781 0.000 0.000 0.000 0.000 0.000 0.000 0.000 0.000 0.000 0.000 0.000 0.000 0.000 0.000 0.000 0.000 0.000 0.000 0.000 0.000 0.000 0.000 0.000 0.000 0.000 0.000 0.000
89.337 111.224 76.468 106.524 105.334 65.189 55.764 0.000 69.769 28.050 0.000 0.000 0.000 0.000 95.958 74.547 45.216 52.902 63.577 62.291 58.053 55.852 55.694 55.562 54.439 48.315 44.206 48.123 48.061 48.014 46.976 46.941 50.904 50.883 51.873 61.869 61.866 57.864 50.862 49.861 28.860 0.000 0.000 0.000 15.781 21.781 0.000 0.000 0.000 0.000 0.000 0.000 0.000 0.000 0.000 0.000 0.000 0.000 0.000 0.000 0.000 0.000 0.000 0.000 0.000 0.000 0.000 0.000 0.000 0.000 0.000 0.000 0.000
137.419 116.014 114.057 105.492 105.415 93.284 0.000 36.680 64.680 138.333 113.872 0.446 43.443 32.906 94.368 53.943 51.517 123.139 113.684 109.336 109.081 107.855 106.715 105.603 104.493 75.340 42.211 48.134 48.080 48.039 48.007 39.974 0.000 0.000 0.000 0.000 0.000 0.000 14.861 66.860 45.860 16.859 0.000 0.000 0.000 0.000 0.000 0.000 0.000 0.000 0.000 0.000 0.000 0.000 0.000 0.000 0.000 0.000 0.000 0.000 0.000 0.000 0.000 0.000 0.000 0.000 0.000 0.000 0.000 0.000 0.000 0.000 0.000
95.588 115.174 105.635 105.565 89.824 0.000 0.000 0.000 7.941 59.728 47.448 0.000 24.944 0.000 53.667 50.339 59.770 115.455 0.000 1.150 0.000 51.770 60.708 121.642 34.592 0.000 52.166 48.121 48.084 49.057 31.039 0.000 0.000 0.000 0.000 0.000 0.000 0.000 0.000 19.859 66.859 22.858 0.000 0.000 0.000 0.000 0.000 0.000 0.000 0.000 0.000 0.000 0.000 0.000 0.000 0.000 0.000 0.000 0.000 0.000 0.000 0.000 0.000 0.000 0.000 0.000 0.000 0.000 0.000 0.000 0.000 0.000 0.000
116.346 114.398 105.701 114.318 116.165 36.453 0.000 15.416 42.416 52.189 28.744 5.595 46.446 91.914 90.294 82.977 0.000 34.455 0.000 12.844 34.796 62.748 107.706 70.666 35.639 0.000 0.000 54.100 48.080 49.064 30.055 0.000 0.000 0.000 0.000 0.000 0.000 0.000 0.000 0.000 13.858 52.857 17.857 0.000 0.000 0.000 0.000 0.000 0.000 0.000 0.000 0.000 0.000 0.000 0.000 0.000 0.000 0.000 0.000 0.000 0.000 0.000 0.000 0.000 0.000 0.000 0.000 0.000 0.000 0.000 0.000 0.000 0.000
114.481 105.820 105.762 94.826 37.590 0.000 0.000 0.000 4.117 30.870 0.000 0.000 39.331 83.001 136.618 72.298 0.000 0.000 0.000 0.000 0.000 76.719 111.701 41.679 38.659 0.000 0.000 0.000 53.070 47.065 45.061 43.061 31.061 0.000 0.000 0.000 0.000 0.000 0.000 0.000 8.857 66.857 24.856 0.000 0.000 0.000 0.000 0.000 0.000 0.000 0.000 0.000 0.000 0.000 0.000 0.000 0.000 0.000 0.000 0.000 0.000 0.000 0.000 0.000 0.000 0.000 0.000 0.000 0.000 0.000 0.000 0.000 0.000
