results3/res_3e8f-0187.wd
ncols         241
nrows         181
xllcorner     12693529.787448
yllcorner     3542525.717860
cellsize      155.156523
NODATA_value  -9999.000000
[rows 33 to 65 of 181, columns 146 to 218 of 241]
64.804 64.021 63.747 64.385 31.045 42.716 64.403 58.090 36.671 0.000 0.000 36.277 12.277 17.278 33.279 58.284 45.283 11.281 0.000 0.205 50.188 58.175 16.152 43.126 35.105 36.081 40.043 49.005 66.964 57.933 52.904 47.881 48.861 48.843 47.827 46.810 45.792 53.773 63.753 55.737 55.721 53.706 32.691 46.678 54.670 0.000 25.240 30.212 54.140 52.080 57.024 66.970 59.925 54.904 9.893 0.000 37.844 37.837 44.834 22.837 0.000 0.000 0.000 0.000 0.000 0.000 0.000 0.000 0.000 0.000 0.000 0.000 0.000
64.754 64.501 64.154 64.826 42.505 60.203 62.937 56.746 0.000 0.000 14.277 38.277 0.000 0.000 0.000 42.294 42.289 50.279 13.260 63.235 51.205 38.181 47.156 38.130 36.104 36.076 35.043 37.009 64.974 62.943 62.915 64.890 57.869 59.849 58.831 58.813 58.795 59.777 63.759 61.743 62.729 57.715 34.703 33.694 6.689 0.000 22.184 36.166 44.129 39.077 45.021 57.962 57.926 55.906 13.895 0.000 0.000 42.826 14.823 0.000 0.000 0.000 0.000 0.000 1.726 44.720 43.714 45.709 35.705 38.701 5.700 0.000 0.000
65.232 64.896 64.575 64.256 63.947 64.655 56.394 43.211 0.000 0.000 0.000 6.277 0.000 0.000 0.000 39.309 36.301 49.287 54.266 46.242 55.214 53.188 34.161 35.133 36.105 36.076 48.045 52.013 55.981 48.950 45.922 55.897 29.874 36.853 31.834 31.816 31.798 34.780 60.764 49.749 47.735 49.723 34.713 36.706 16.702 0.000 32.145 89.139 14.134 0.000 0.000 6.930 58.913 57.898 16.888 0.000 0.000 39.817 36.810 38.794 36.781 44.770 50.758 42.746 64.732 71.721 69.714 54.708 34.704 33.700 37.698 7.696 0.000
65.627 65.307 64.987 64.675 65.372 60.075 41.775 32.493 41.493 0.000 0.000 0.000 0.000 0.000 0.000 36.332 35.319 38.300 34.277 45.251 48.223 51.195 40.166 35.137 35.108 35.078 60.047 66.016 47.985 41.955 41.927 42.901 39.878 39.857 39.837 40.818 43.800 40.783 61.767 53.753 51.740 51.729 33.721 47.714 73.711 0.000 24.113 77.110 0.000 0.000 0.000 8.914 58.898 56.885 34.870 39.846 37.829 35.815 35.804 35.792 34.780 41.769 48.759 35.748 53.733 71.719 67.711 47.706 32.701 32.698 37.695 5.694 0.000
66.040 65.713 65.394 65.086 61.791 47.499 36.137 0.000 0.000 0.000 0.000 40.507 3.493 9.472 1.434 35.369 36.343 36.317 35.290 35.262 41.232 34.202 34.172 36.142 35.111 34.081 58.050 55.020 62.990 66.959 65.929 60.903 56.880 58.858 54.838 58.819 58.801 59.784 63.769 61.755 62.743 58.733 33.725 45.720 67.717 0.000 19.084 80.078 0.000 0.000 0.000 0.000 55.882 58.873 37.859 35.841 35.825 35.811 35.800 35.788 34.778 41.769 50.761 6.754 0.000 29.711 72.707 48.702 32.698 32.695 36.692 3.691 0.000
66.450 66.112 65.788 65.484 55.206 36.993 0.000 0.000 0.000 0.000 38.536 41.520 54.501 54.476 42.442 35.400 35.366 36.336 36.305 35.274 34.242 35.210 35.178 35.146 34.114 43.083 62.053 41.024 54.995 31.960 64.927 54.903 53.880 53.858 50.838 55.819 56.801 56.785 63.770 61.756 58.745 58.735 33.728 47.723 66.720 0.000 5.062 73.040 0.000 0.000 0.000 0.000 59.873 58.867 34.853 36.834 35.818 36.806 36.795 36.784 37.775 45.767 25.761 0.000 0.000 30.707 72.703 53.699 40.694 34.691 37.688 4.686 0.000
66.855 66.496 67.163 59.856 47.556 37.275 0.000 0.000 0.000 0.000 35.552 52.537 46.516 35.489 37.457 37.421 35.387 34.354 36.321 35.287 36.253 36.218 36.184 35.150 35.117 55.085 55.055 55.027 55.005 0.000 36.918 34.900 35.879 35.858 36.837 40.818 43.800 41.783 61.768 55.755 49.744 51.735 34.728 46.723 65.721 0.000 0.000 45.979 36.955 0.000 0.000 0.000 53.871 36.869 0.000 31.821 37.809 41.799 48.789 48.780 48.770 50.762 22.756 0.000 14.710 78.706 71.701 73.695 61.690 36.686 37.682 5.679 0.000
67.249 66.854 66.514 52.220 3.888 0.000 0.000 0.000 0.000 13.609 51.583 46.560 36.535 37.507 37.476 37.442 37.407 35.372 34.336 34.300 36.263 35.226 35.190 34.154 36.119 51.086 42.054 51.024 51.994 10.959 10.926 50.901 49.878 49.856 49.835 51.815 51.797 52.780 64.765 60.752 55.741 57.732 33.725 42.721 70.720 0.000 0.000 104.943 73.930 40.912 27.903 0.000 0.000 0.000 0.000 0.000 34.798 43.792 47.784 46.774 49.765 51.755 37.744 42.728 58.714 73.705 71.698 71.692 59.685 36.680 36.675 12.671 0.000
67.614 68.158 59.818 42.621 0.000 0.000 0.000 1.683 1.667 58.636 52.610 36.585 37.558 37.529 37.497 37.463 37.428 37.391 34.353 35.314 35.274 35.234 36.195 35.156 35.120 38.085 43.052 55.020 41.989 53.957 58.927 51.900 60.876 50.853 51.831 54.811 53.793 52.776 62.761 58.747 46.736 45.727 34.720 41.717 70.716 0.000 0.000 95.919 85.912 62.902 31.894 0.000 0.000 7.825 2.821 0.000 5.793 54.787 46.779 40.770 37.760 52.749 39.738 41.725 49.713 70.704 72.695 70.687 56.680 36.673 33.666 37.658 31.648
75.899 73.345 45.979 35.826 0.000 0.000 3.711 36.698 50.683 51.660 45.636 40.611 37.583 37.553 37.521 37.486 36.449 39.411 44.371 40.329 35.285 36.241 35.198 35.157 35.118 35.082 42.048 43.015 40.984 47.953 46.924 41.897 53.872 33.849 41.827 48.806 47.787 41.770 60.754 53.740 33.728 32.719 35.712 37.710 41.713 0.000 0.000 73.902 53.897 90.889 76.878 12.859 13.843 64.828 38.818 36.805 36.794 38.785 49.775 43.765 11.755 64.745 52.733 48.722 46.711 57.701 73.692 65.683 48.675 37.667 33.658 40.649 64.637
0.000 0.000 24.928 42.877 0.000 0.000 38.724 48.716 62.704 46.686 45.664 45.639 38.611 37.580 37.547 37.511 44.472 52.432 53.390 45.345 40.297 35.248 34.200 35.155 39.115 36.077 35.042 34.010 39.978 40.948 39.919 40.892 42.867 35.843 41.820 46.799 48.780 44.762 60.746 54.731 36.719 35.709 35.701 31.696 0.000 0.000 0.000 29.890 48.887 48.879 82.869 97.855 90.841 58.828 44.816 45.804 45.793 48.782 70.772 88.762 97.751 96.740 98.729 97.718 91.707 85.697 77.687 60.678 43.669 34.660 35.651 48.642 67.631
18.985 0.000 0.000 0.000 0.000 9.748 41.744 61.739 53.730 56.715 53.695 43.670 36.642 37.610 37.575 48.537 53.498 49.456 44.413 41.364 44.308 39.253 39.200 35.150 40.107 34.070 35.035 36.002 34.971 34.941 34.913 34.885 33.860 34.836 34.813 38.791 44.771 43.753 61.736 55.720 34.707 35.696 35.686 34.678 9.667 0.000 0.000 33.882 59.879 48.873 50.864 65.852 76.840 86.827 88.815 94.803 97.791 97.780 96.769 92.758 83.747 81.736 83.725 86.714 88.703 89.693 87.683 91.673 83.664 50.654 37.645 56.636 73.626
58.404 17.195 0.000 0.000 6.731 42.752 58.764 51.767 43.762 51.749 55.730 56.706 46.677 35.643 45.606 54.566 44.525 36.483 36.440 38.392 6.319 7.257 6.197 32.136 36.095 38.060 38.026 34.994 34.963 35.933 34.905 34.877 34.852 35.827 34.804 34.782 34.761 37.741 54.724 53.707 35.693 35.681 35.670 36.662 37.656 0.000 0.000 32.877 50.875 51.869 63.861 50.850 30.838 34.825 70.813 94.801 78.789 73.777 76.766 69.755 55.743 44.732 35.721 33.709 34.698 44.688 42.678 37.668 76.658 91.649 69.639 67.630 71.621
0.000 32.986 11.368 5.581 41.709 51.767 58.794 42.803 45.801 43.790 41.771 49.746 54.715 49.679 53.639 42.596 36.552 37.510 37.472 45.444 0.000 0.000 0.000 29.101 38.077 49.047 50.016 44.984 40.954 42.924 38.895 37.868 35.842 34.817 34.793 35.771 34.749 34.729 37.710 46.693 34.677 34.664 35.653 34.644 3.639 0.000 0.000 13.875 11.873 65.868 49.860 34.850 48.837 50.823 96.810 77.798 60.786 42.775 33.763 34.751 35.740 36.728 36.716 36.705 35.694 33.683 32.672 33.662 41.652 78.643 86.633 71.624 70.615
0.000 20.394 43.537 45.666 44.758 59.812 44.840 38.851 40.849 39.838 36.819 35.792 50.759 57.720 60.676 48.627 38.578 35.532 43.494 9.469 0.000 0.000 0.000 32.089 42.067 49.037 50.006 49.974 51.943 59.913 57.885 53.858 51.831 47.806 41.782 36.759 34.736 35.715 34.695 39.677 32.660 33.645 34.632 36.623 57.618 0.000 0.000 0.000 27.875 69.870 29.863 38.852 29.836 68.820 86.807 46.796 34.784 36.772 36.760 36.748 36.736 36.724 33.712 33.700 32.688 33.677 33.666 33.656 49.646 64.637 37.627 97.616 69.608
0.000 20.660 43.719 36.788 55.845 55.883 50.904 41.911 35.907 36.894 37.873 48.845 51.809 43.766 46.716 55.660 56.601 46.546 3.504 0.000 5.237 4.198 37.149 43.100 47.063 46.029 46.995 46.963 44.932 51.902 52.873 52.846 53.820 50.794 49.769 50.746 41.722 36.700 37.679 34.659 35.640 34.623 33.608 35.597 50.591 0.000 0.000 0.000 27.881 71.875 33.868 9.860 0.000 14.812 53.804 35.793 36.782 34.769 34.757 34.745 33.732 32.720 33.707 33.695 32.683 33.671 32.660 31.650 34.640 30.631 26.622 90.608 99.597
0.000 17.868 37.890 47.922 57.951 48.971 48.982 50.982 48.974 39.959 45.936 54.905 43.866 36.819 35.762 41.695 51.621 58.546 22.472 14.375 40.277 40.208 35.149 44.099 49.056 50.019 45.984 45.950 37.919 34.889 34.861 34.833 33.807 31.781 38.756 52.732 51.708 50.684 45.661 36.639 34.618 35.599 34.581 34.567 35.558 0.000 0.000 0.000 42.893 9.880 13.874 0.000 0.000 0.000 32.804 12.792 15.780 32.766 31.754 31.742 32.729 34.716 34.702 34.690 33.677 33.665 31.654 31.643 32.633 20.625 0.000 10.595 93.583
0.000 17.054 41.053 60.058 51.065 48.070 48.069 49.062 48.049 50.030 55.005 43.973 37.933 37.882 37.818 36.737 37.640 43.547 60.463 58.376 37.287 36.208 35.142 36.089 48.045 46.007 56.972 44.936 37.904 35.875 36.847 35.820 40.794 48.768 44.743 38.717 44.692 54.668 51.643 50.619 41.595 34.572 34.551 35.531 33.517 0.000 0.000 42.923 30.917 0.000 0.000 44.831 39.830 38.824 30.814 0.000 0.000 37.762 34.752 34.739 34.725 34.711 34.697 34.684 34.671 34.658 34.646 33.635 34.623 36.612 26.600 0.000 35.568
5.327 30.241 55.208 51.192 40.183 45.174 50.163 45.148 51.130 57.109 49.082 37.049 36.009 37.958 37.891 41.795 42.658 36.538 47.456 43.379 40.287 37.194 34.122 41.069 45.028 46.994 37.961 64.917 52.886 42.859 34.832 40.806 59.780 69.755 62.729 39.703 41.677 44.651 48.624 53.598 51.572 47.545 36.518 33.491 40.461 46.418 0.000 17.929 38.935 0.000 0.000 14.832 34.834 34.827 34.816 39.802 38.785 34.767 33.752 34.737 34.722 34.707 34.692 34.678 34.664 34.651 34.638 34.626 33.614 33.601 34.587 37.570 33.560
17.413 51.377 57.345 42.320 37.300 39.280 41.259 52.238 56.216 67.192 66.164 59.133 48.096 37.052 39.992 6.893 0.000 35.490 41.443 38.399 1.290 35.158 39.083 56.038 55.003 57.978 0.000 29.885 69.866 63.842 49.817 55.792 73.767 73.741 71.715 40.689 46.662 46.634 48.606 36.577 45.548 51.518 50.486 49.453 62.417 71.375 4.332 0.000 28.959 53.983 0.000 0.000 57.846 38.836 38.821 38.804 38.786 39.769 33.752 32.736 36.719 33.702 33.686 33.672 33.658 34.644 33.630 32.617 32.604 32.591 32.577 32.563 31.552
16.534 62.508 48.476 37.445 37.415 37.387 50.357 48.328 65.303 80.278 77.251 74.222 69.191 60.160 51.133 0.000 0.000 0.000 29.427 40.415 0.000 0.000 32.017 49.995 48.968 63.939 35.898 36.873 69.850 74.826 70.803 69.778 72.753 72.728 73.702 52.675 44.647 46.618 46.588 36.557 45.525 39.491 58.456 29.419 68.379 90.335 61.288 31.237 0.000 32.007 0.000 33.898 93.870 46.848 48.827 48.807 44.788 45.770 37.752 32.736 14.717 33.695 33.679 36.665 39.650 49.636 39.622 34.608 35.595 35.581 35.568 35.555 35.543
48.681 52.646 46.606 44.567 39.530 51.494 45.456 58.414 36.389 6.366 57.340 76.313 75.286 76.263 59.248 0.000 0.000 0.000 23.423 46.419 0.000 0.000 28.971 43.957 38.936 65.911 76.882 76.857 72.834 72.811 72.788 73.765 72.740 72.715 72.689 66.662 41.633 43.603 41.572 36.538 47.503 48.467 51.428 8.388 53.345 89.298 59.247 77.187 38.104 24.032 35.980 91.925 79.888 51.858 45.833 47.810 41.789 35.769 33.752 31.738 0.000 39.683 47.672 55.657 62.643 71.628 60.614 40.599 34.586 35.572 35.558 35.545 35.533
59.862 48.790 48.735 44.687 51.645 48.604 51.558 75.482 62.476 45.455 66.430 75.403 74.378 73.358 53.347 0.000 0.000 0.000 0.000 1.419 0.000 0.000 34.940 43.927 54.908 70.886 72.863 72.840 72.819 72.797 72.775 72.752 72.728 72.704 72.678 72.651 58.621 48.590 41.557 34.521 38.483 38.444 43.402 62.359 48.314 83.266 69.215 76.158 83.095 69.035 73.983 82.936 58.897 59.865 45.837 44.811 36.788 33.767 34.747 36.727 50.703 56.683 74.666 73.650 72.635 71.620 71.605 61.590 39.576 34.562 35.549 35.535 35.523
50.996 38.918 40.856 52.803 49.757 49.718 19.689 0.000 54.575 80.551 75.522 74.492 76.465 58.444 44.436 28.460 0.000 0.000 0.000 0.000 0.000 0.000 40.922 57.903 69.883 72.863 72.843 72.823 72.803 72.782 72.762 72.740 72.718 72.694 72.668 72.641 73.611 67.579 59.544 51.506 49.465 52.422 43.378 60.332 39.286 81.238 14.188 35.136 70.082 42.030 32.982 88.939 52.900 56.867 54.837 35.811 33.786 34.763 34.741 42.720 63.698 74.678 71.660 71.643 71.627 68.611 67.596 65.581 64.566 38.552 34.538 34.525 34.512
41.107 38.031 50.967 50.911 45.863 65.823 19.792 28.777 68.698 75.651 74.613 74.579 74.546 50.517 50.492 61.485 0.000 0.000 0.000 0.000 0.000 0.000 0.000 7.881 66.858 78.840 73.823 72.805 72.787 72.769 72.749 72.729 72.708 72.685 72.660 72.634 72.604 73.571 74.534 71.494 71.450 74.403 54.354 60.307 34.259 75.212 11.164 13.116 66.068 36.021 45.976 79.936 60.899 52.865 56.835 33.808 34.782 33.758 35.735 45.714 66.692 67.672 72.654 71.636 66.619 63.602 67.586 72.571 71.556 60.542 41.528 40.514 39.501
37.206 51.133 52.069 40.012 50.961 71.917 64.878 70.841 76.789 74.743 74.702 74.663 71.625 55.586 5.530 1.508 0.000 0.000 0.000 0.000 0.000 0.000 0.000 0.000 11.829 23.817 64.803 73.788 72.772 72.756 72.738 72.720 72.700 72.678 72.655 74.629 73.600 73.567 72.529 74.486 73.437 73.384 63.331 61.280 38.232 50.186 80.141 59.096 67.052 36.009 63.967 57.929 60.893 48.861 42.831 34.803 34.777 34.752 42.729 47.707 48.685 53.665 61.646 59.627 60.610 71.593 71.577 71.561 71.546 72.531 66.517 62.503 60.489
52.298 52.228 41.164 37.106 52.054 71.007 76.963 75.921 74.875 74.831 74.788 75.746 66.704 59.671 0.000 0.000 0.000 0.000 0.000 0.000 0.000 0.000 0.000 0.000 20.812 40.796 67.783 73.771 72.758 72.744 72.728 72.711 72.693 72.674 74.652 74.628 74.600 66.567 71.528 74.483 77.427 75.367 69.304 65.251 53.204 37.160 85.118 68.076 70.034 34.994 80.956 44.920 25.885 42.853 33.824 34.796 33.770 42.745 48.721 47.699 47.677 46.657 39.637 35.618 65.600 71.583 71.566 71.550 71.534 71.519 72.505 72.491 72.477
49.384 40.315 38.252 36.194 53.141 73.092 75.047 75.003 74.959 74.916 74.873 76.828 55.775 53.723 0.000 0.000 0.000 0.000 0.000 0.000 0.000 0.000 0.000 0.000 0.000 54.770 73.764 72.755 72.745 72.733 72.719 72.705 74.689 73.671 73.652 73.630 67.604 45.574 61.535 71.490 22.423 13.352 47.267 54.216 63.173 50.133 71.093 89.054 74.016 40.979 82.942 6.908 18.875 31.844 34.815 34.787 36.761 46.736 44.713 45.690 47.668 50.647 44.627 45.608 61.590 71.572 71.555 71.539 71.523 71.508 71.493 71.479 71.465
40.464 38.397 43.335 48.278 63.224 75.175 75.129 75.085 75.043 75.002 74.962 75.917 62.846 0.000 0.000 0.000 0.000 0.000 2.711 39.711 0.711 18.712 0.000 0.000 0.000 29.750 64.747 71.741 72.733 72.723 72.712 72.699 74.685 72.670 72.654 72.635 56.614 52.588 14.547 16.518 0.000 0.000 32.197 39.171 61.139 47.104 52.069 95.033 77.997 56.961 66.927 16.894 61.863 38.833 34.804 34.777 36.751 45.727 56.703 56.680 58.658 64.637 59.617 70.598 71.579 71.561 71.544 71.527 71.511 71.495 71.480 71.466 71.452
41.540 38.475 45.414 64.357 75.304 75.254 75.208 75.165 75.125 75.088 75.055 81.031 0.000 0.000 0.000 0.000 0.000 0.000 39.711 51.711 38.711 53.712 49.712 0.000 19.727 51.733 58.733 69.730 72.723 72.715 72.706 73.695 72.683 72.671 72.657 68.643 57.630 62.618 0.000 0.000 0.000 16.146 49.152 41.134 59.107 35.077 37.044 85.011 83.977 75.943 61.911 61.879 50.849 45.820 34.793 34.766 34.741 44.716 66.692 73.670 72.648 72.626 64.606 71.586 71.567 71.549 71.531 71.515 71.498 71.483 71.467 71.453 71.439
39.612 37.549 52.488 72.432 76.380 75.331 75.285 75.243 75.204 75.169 75.140 82.121 0.000 0.000 0.000 0.000 0.000 0.000 28.711 48.711 48.711 47.712 50.713 34.715 42.720 50.723 50.723 67.720 73.715 72.709 72.701 72.692 72.683 72.672 73.662 65.651 61.643 55.637 0.000 0.000 0.000 9.139 13.132 41.106 60.079 37.051 33.021 71.990 88.957 85.924 66.893 45.863 44.834 45.807 36.780 33.754 34.729 37.705 48.681 68.658 71.636 71.615 63.594 71.574 71.555 71.536 71.519 71.501 71.485 71.469 71.454 71.439 71.425
38.681 40.618 60.559 76.504 75.452 75.403 75.359 75.317 75.279 75.245 77.215 75.191 0.000 0.000 0.000 0.000 0.000 0.000 14.711 53.711 59.711 64.711 55.712 54.713 48.715 44.716 55.716 69.713 72.709 72.704 75.697 73.690 72.682 72.674 72.666 67.658 59.652 54.650 29.653 0.000 0.000 0.000 0.000 3.079 52.051 38.027 34.000 66.969 97.936 78.904 57.874 48.846 50.818 48.792 43.766 32.741 34.717 33.693 37.669 56.646 71.624 71.602 63.582 71.561 71.542 71.523 71.505 71.488 71.471 71.455 71.440 71.425 71.411
38.747 48.685 68.626 76.571 75.520 75.473 75.429 75.388 75.351 76.317 74.285 62.238 46.238 0.000 0.000 0.000 0.000 0.000 16.711 54.711 63.711 63.710 67.710 69.710 52.711 51.711 66.710 72.708 72.704 72.700 73.695 72.689 72.682 72.675 72.669 70.663 58.659 59.656 53.657 0.000 0.000 0.000 0.000 0.000 38.020 38.006 31.983 76.951 64.915 70.883 40.854 60.827 54.802 47.777 47.752 38.728 33.704 34.680 33.656 45.634 68.611 70.590 64.568 71.548 72.528 71.509 71.491 71.474 71.457 71.441 71.425 71.410 71.396
