results3/res_3e8f-0141.wd
ncols         241
nrows         181
xllcorner     12693529.787448
yllcorner     3542525.717860
cellsize      155.156523
NODATA_value  -9999.000000
[rows 132 to 164 of 181, columns 0 to 72 of 241]
95.391 100.391 104.390 104.389 106.388 106.387 100.386 91.384 77.382 66.379 65.376 66.373 65.369 64.365 69.361 83.355 94.349 99.342 99.334 96.324 88.313 79.299 70.283 64.262 69.235 71.203 70.167 71.126 69.091 64.059 78.028 100.997 67.972 0.000 0.000 0.000 7.712 59.705 71.700 68.678 70.662 76.652 94.651 80.655 64.663 63.673 63.686 75.701 96.717 37.735 10.757 5.790 0.000 0.000 0.000 0.000 0.000 0.000 0.000 0.000 0.000 0.000 2.178 0.180 27.183 7.108 11.032 51.935 74.793 78.694 78.587 88.674 116.140
73.395 75.395 78.394 84.393 94.392 100.391 105.390 105.388 98.386 84.383 73.380 67.377 71.373 78.369 91.364 106.358 105.352 102.345 102.337 105.327 105.316 101.302 89.286 77.267 69.243 64.217 65.187 64.157 65.128 73.102 95.079 103.059 15.046 0.000 0.000 0.000 17.719 45.726 63.753 72.749 73.736 70.721 71.723 81.727 76.732 69.738 73.745 81.753 94.764 35.777 21.795 27.823 7.853 0.000 0.000 0.000 0.000 0.000 0.000 0.000 0.000 0.000 0.000 0.000 9.260 0.000 59.056 80.978 76.860 85.833 76.897 116.261 105.021
65.399 65.399 65.399 67.398 72.397 76.396 83.394 92.392 100.390 103.387 97.384 95.381 97.377 100.373 99.368 92.363 83.356 81.349 81.341 86.331 92.320 99.307 102.292 101.275 90.255 80.233 75.209 73.185 82.163 98.143 99.126 85.114 18.109 0.000 0.000 0.000 0.000 0.000 46.838 73.828 52.810 40.775 55.794 70.799 85.801 89.801 91.802 92.804 88.808 15.814 2.821 30.855 27.883 15.915 21.935 15.945 0.000 0.000 0.000 0.000 0.000 0.000 43.479 13.428 79.337 101.273 134.128 90.103 85.156 66.114 102.180 106.700 106.608
66.404 66.404 66.403 66.402 65.401 64.400 66.399 71.397 77.395 87.392 97.389 99.386 92.382 82.378 76.373 68.367 64.361 64.354 64.346 66.337 71.327 77.315 84.301 96.286 101.269 103.251 102.232 98.213 101.195 94.180 76.168 68.162 47.165 5.188 0.000 0.000 0.000 0.000 39.932 72.915 15.903 0.000 48.878 73.874 92.870 100.865 86.858 89.852 75.850 33.852 0.000 57.891 26.909 18.928 29.944 29.955 0.989 0.000 0.000 0.000 0.000 30.582 49.529 122.470 151.393 134.276 117.831 116.778 108.449 107.090 106.968 106.839 72.061
66.409 66.409 66.408 66.407 66.406 66.405 66.404 65.402 65.400 68.397 74.394 73.391 69.387 65.383 65.378 65.373 66.367 66.360 66.353 66.344 65.335 64.324 66.312 72.299 79.284 88.269 96.254 92.239 81.225 69.214 65.205 70.201 78.203 54.211 32.217 32.206 18.179 19.129 55.043 75.998 25.983 7.996 67.965 99.951 101.940 80.929 83.914 82.895 70.887 59.891 10.900 38.909 12.935 0.981 13.959 0.977 3.021 1.027 0.000 0.000 0.000 11.638 74.584 80.504 76.492 77.653 75.628 107.416 107.314 107.206 74.405 77.184 79.057
66.414 66.414 66.413 66.413 66.412 66.411 66.409 66.407 66.405 66.403 65.400 65.397 65.393 66.389 66.384 66.379 66.374 66.368 66.361 66.353 66.344 66.335 66.324 65.313 64.300 65.288 69.276 67.264 66.253 70.244 73.238 72.234 70.234 72.235 72.233 69.223 69.201 73.166 48.114 34.049 23.036 41.042 86.034 100.024 80.012 72.997 71.975 51.928 47.913 10.925 0.000 0.000 1.140 3.162 0.000 0.000 7.046 22.033 36.996 6.937 20.860 83.717 90.706 88.780 86.767 87.848 107.608 107.514 88.648 95.440 88.296 94.070 85.913
66.420 66.419 66.419 66.418 66.417 66.416 66.415 66.413 66.411 66.409 66.406 66.403 66.399 66.395 66.391 66.386 66.381 66.375 66.369 65.362 72.354 74.346 66.337 65.327 64.317 65.307 67.297 70.288 73.279 72.273 67.268 68.265 75.263 78.262 74.259 68.251 65.237 74.218 5.199 0.000 8.068 81.101 90.105 77.098 69.087 89.073 35.061 0.000 0.000 1.178 2.231 2.237 2.221 3.211 0.000 0.000 32.083 74.060 103.020 63.961 96.850 105.011 101.976 101.068 107.871 107.787 107.699 100.730 102.609 102.309 101.172 100.105 18.023
66.425 66.425 66.425 66.424 66.423 66.422 66.421 66.419 66.417 66.415 69.412 69.409 67.406 71.401 69.397 66.393 66.389 66.384 65.378 63.372 74.365 82.358 68.350 65.342 67.334 70.325 72.317 71.310 68.304 70.299 75.296 77.294 78.292 78.291 73.289 67.285 76.279 95.271 14.264 0.000 0.000 55.189 78.186 75.178 79.163 99.146 33.135 0.000 2.241 2.234 2.249 2.257 2.243 4.251 0.000 30.195 82.148 98.101 101.037 106.040 103.210 100.203 108.100 108.027 107.951 100.037 100.824 101.699 101.381 101.355 94.288 71.197 0.000
66.431 66.431 66.431 66.430 66.429 66.428 66.427 66.426 66.424 67.422 74.419 74.416 51.413 19.408 40.404 70.401 64.397 67.393 73.388 76.383 76.377 72.371 68.364 69.357 72.350 71.343 70.337 72.332 76.328 76.324 78.322 77.321 68.321 63.322 65.322 78.322 97.321 107.322 29.323 0.000 0.000 30.280 86.274 88.263 95.243 94.213 30.199 0.000 2.247 0.288 1.300 2.300 0.000 8.298 34.292 78.252 100.178 103.200 102.294 102.301 101.398 108.237 108.170 100.239 101.041 101.905 101.693 101.550 101.509 93.443 85.403 0.000 0.000
66.437 66.437 66.437 66.436 66.436 66.435 66.434 66.433 66.431 68.429 77.427 88.424 64.420 1.417 7.409 55.409 81.407 73.403 71.399 71.394 69.389 68.384 70.378 72.372 70.366 66.361 68.357 80.353 82.350 72.348 66.348 63.349 63.350 68.352 82.355 98.359 95.363 79.371 51.384 19.415 13.416 57.378 86.366 68.356 59.334 51.265 16.247 0.474 0.374 21.354 12.347 2.342 0.000 27.353 78.333 100.257 102.460 101.459 101.572 108.428 108.367 108.303 100.298 102.185 101.898 101.774 101.721 101.650 95.576 82.514 72.478 0.000 0.000
66.444 66.444 66.443 66.443 66.442 66.442 66.441 66.440 66.439 68.437 78.435 65.432 21.427 3.429 0.000 23.420 77.417 69.414 71.410 70.406 68.401 71.397 72.392 69.387 66.383 62.378 72.375 86.372 73.371 63.371 64.372 69.375 79.378 90.382 101.388 94.394 72.403 67.414 86.428 93.446 94.454 98.451 73.454 34.463 6.472 0.000 0.653 0.672 0.000 34.362 21.370 1.433 32.459 78.403 100.431 102.628 101.652 108.596 108.543 108.487 100.563 101.363 102.254 101.954 101.940 101.882 101.808 102.719 90.641 61.558 50.518 8.518 2.518
65.450 65.450 66.450 66.449 66.449 66.449 66.448 66.447 66.446 69.445 79.444 50.443 0.000 9.440 47.440 49.433 66.429 68.425 56.422 38.418 76.414 71.410 67.406 66.402 64.398 66.395 82.392 85.391 67.391 70.393 82.396 91.400 100.405 98.412 86.419 72.428 65.439 81.453 85.469 73.487 54.503 52.518 40.538 20.569 9.618 3.724 1.796 21.825 16.838 0.000 0.000 26.530 78.568 101.680 102.708 100.825 108.697 108.647 100.724 101.537 102.416 102.224 102.103 102.080 102.028 101.978 104.910 68.780 48.710 0.000 0.000 0.000 0.000
74.457 72.457 69.456 67.455 64.456 64.456 64.455 64.455 63.455 68.454 80.453 63.453 44.455 52.450 70.447 66.443 63.440 69.436 64.433 51.430 71.427 65.423 64.420 64.417 66.413 80.411 88.409 54.408 46.409 96.413 101.418 96.424 85.431 75.439 67.449 63.460 74.474 86.490 54.508 29.529 12.552 3.579 20.612 19.655 9.710 10.780 13.836 41.862 25.850 0.000 0.000 58.808 100.843 99.971 108.837 108.792 108.745 100.760 102.655 102.380 102.274 102.244 104.202 99.152 101.122 102.095 113.073 0.000 0.000 0.000 0.000 0.000 0.000
75.465 77.464 83.462 84.461 84.462 81.463 82.463 81.463 80.463 80.462 82.462 65.461 69.461 68.458 65.456 68.453 68.450 67.448 72.445 74.442 68.440 62.437 64.434 66.431 80.428 85.426 74.424 68.423 77.426 100.431 83.439 74.447 66.456 64.466 66.477 65.490 79.506 88.524 52.545 28.569 16.599 18.634 21.677 13.728 14.787 20.850 22.904 15.937 0.000 0.000 37.050 79.064 108.959 108.920 108.880 100.993 101.799 102.698 102.407 102.404 103.363 103.318 76.274 54.213 89.212 103.206 108.215 48.272 0.000 0.000 0.000 0.000 0.000
68.473 62.472 15.466 17.466 26.470 73.471 70.471 70.471 70.471 74.471 83.470 64.469 65.469 64.467 67.465 71.463 72.461 70.459 69.457 72.455 73.452 70.450 64.448 81.446 87.443 78.440 84.437 101.436 98.439 80.447 68.459 64.470 66.480 66.491 65.504 70.518 86.535 88.554 80.578 83.605 54.639 16.681 8.733 7.794 19.860 26.928 16.992 14.047 6.071 32.214 80.229 109.030 108.996 101.134 101.944 102.831 102.644 102.531 102.516 103.469 101.429 95.389 20.368 0.000 71.306 106.303 103.309 102.328 0.000 0.000 0.000 0.000 0.000
66.484 58.484 0.000 0.000 8.479 69.480 65.480 65.480 65.479 69.479 83.479 61.478 65.477 69.476 71.475 72.473 69.472 66.470 64.468 66.467 76.465 89.464 84.462 85.460 62.458 56.454 108.448 94.446 61.448 21.458 41.480 69.493 66.504 66.515 68.528 61.544 45.561 35.582 47.606 87.635 63.671 16.718 11.780 6.856 15.931 21.010 15.091 20.162 20.243 58.353 109.082 100.322 104.062 102.967 102.781 102.672 102.648 102.613 103.572 103.535 68.496 44.442 30.441 33.447 84.404 105.389 101.390 92.405 10.438 0.000 0.000 0.000 0.000
66.494 66.495 49.500 0.000 9.488 70.488 66.488 66.488 65.488 66.488 81.487 68.487 71.486 73.485 72.484 67.483 64.482 65.481 65.480 64.479 74.478 97.478 93.477 80.476 73.474 64.470 40.456 29.450 16.449 0.000 22.511 71.517 66.526 68.538 51.551 25.567 10.585 7.606 49.630 66.658 35.691 7.740 10.813 15.917 23.000 19.090 13.200 6.305 9.612 57.587 109.147 103.211 102.972 102.794 102.779 102.745 102.705 102.667 100.633 91.602 24.579 0.000 41.506 100.496 105.474 103.461 97.457 87.462 5.472 0.000 0.000 0.000 0.000
63.503 65.503 62.505 0.000 5.498 70.498 65.497 63.497 65.497 69.497 73.496 72.496 72.495 70.495 64.494 65.494 65.493 66.492 66.492 71.491 89.491 88.491 81.492 90.492 88.493 59.494 0.000 0.000 0.000 0.000 20.535 71.539 66.547 69.558 40.571 2.587 36.606 62.627 82.651 51.675 3.695 0.000 0.000 5.002 15.060 15.153 15.282 9.564 6.365 109.333 109.243 102.116 102.963 102.864 102.831 102.793 102.757 104.722 89.690 72.661 32.639 8.629 56.581 86.556 95.536 104.522 93.515 82.514 4.516 0.000 0.000 0.000 0.000
70.511 68.511 57.512 0.000 56.507 64.507 66.506 70.506 71.506 72.505 70.505 71.505 69.505 65.504 65.504 66.504 66.503 65.503 67.503 90.504 89.504 71.505 84.506 82.509 86.513 84.520 47.539 3.550 12.557 42.559 47.555 67.558 66.565 66.575 61.589 53.605 70.624 69.646 63.670 85.696 33.720 0.000 0.007 9.029 14.085 12.173 13.284 37.451 61.857 109.418 104.443 104.192 103.932 102.919 102.880 102.844 103.808 101.774 56.742 33.714 45.688 46.665 100.635 102.610 82.591 92.577 87.568 60.563 25.562 0.000 0.000 0.000 0.000
71.518 72.518 69.519 57.521 71.517 71.516 71.515 72.515 72.514 73.514 85.514 67.514 65.514 65.514 66.514 66.514 66.514 67.514 81.515 92.515 67.516 71.518 98.520 90.523 78.528 81.535 84.546 68.555 73.561 88.565 81.567 69.572 62.580 62.590 73.604 89.620 76.639 48.662 20.688 75.721 64.767 13.845 16.918 22.000 18.077 9.172 11.244 52.529 104.775 109.497 101.423 104.075 105.003 102.966 102.929 102.893 95.857 85.824 42.792 13.763 22.735 23.710 84.683 126.660 107.641 83.626 75.616 54.610 63.607 16.607 0.000 2.770 6.770
76.525 76.525 72.525 72.526 72.525 73.524 73.524 69.523 66.523 65.523 28.523 18.523 69.523 66.523 66.524 66.524 65.524 68.525 92.526 78.527 63.528 69.530 86.533 103.536 98.541 95.547 93.555 89.562 85.568 84.573 92.578 89.584 83.592 79.602 82.615 86.631 48.651 12.673 11.700 27.733 23.783 8.849 17.909 27.977 24.054 15.160 8.317 51.565 109.643 109.571 104.316 106.160 103.047 103.015 103.977 99.941 83.905 76.872 82.839 88.809 72.781 94.754 109.729 126.706 135.686 119.671 81.659 86.652 61.649 0.000 0.000 0.000 0.000
15.533 16.532 76.532 71.532 71.532 66.532 63.532 65.532 60.532 13.532 13.532 2.532 70.533 66.533 66.533 66.534 66.535 84.535 91.537 64.538 66.540 66.542 69.545 75.548 77.553 77.558 73.564 76.570 92.576 85.581 76.587 79.593 86.602 90.612 93.624 90.640 65.659 30.682 13.706 12.727 0.000 1.858 12.894 21.944 5.999 0.000 21.513 81.756 109.711 101.659 105.384 105.121 103.104 103.062 104.024 98.987 85.952 51.918 58.885 101.854 112.825 144.797 135.771 107.748 95.728 112.711 91.699 85.691 60.688 0.000 0.000 0.000 0.000
2.540 11.539 25.537 80.540 65.540 63.540 65.540 65.540 66.541 13.541 4.541 59.542 67.542 66.543 66.543 66.544 68.545 92.546 77.547 63.549 66.551 66.553 66.556 65.559 65.563 65.568 64.573 71.578 100.584 79.589 10.595 18.602 30.609 81.619 91.631 75.645 80.664 67.688 19.715 16.743 1.785 6.831 19.865 11.904 0.000 0.000 39.672 109.844 109.778 104.542 106.281 102.189 103.149 103.109 103.070 103.033 89.997 52.962 67.929 104.897 100.867 134.838 129.812 98.787 103.766 89.748 70.734 88.726 66.723 0.741 0.000 0.000 0.000
64.548 60.549 0.000 72.549 82.549 83.549 64.549 76.549 83.549 59.550 57.550 67.551 66.551 66.552 66.553 66.554 85.555 89.556 64.557 66.559 65.561 64.564 66.567 66.570 66.574 66.578 65.582 73.587 102.592 83.597 29.602 2.608 53.615 78.624 91.634 70.647 60.664 19.691 12.722 15.750 13.781 21.812 25.831 0.000 0.000 18.595 80.843 109.907 101.799 105.520 105.261 103.239 103.195 103.154 103.115 104.077 95.041 84.005 106.971 131.939 119.908 136.878 133.850 127.824 134.800 100.780 77.765 87.755 95.751 24.758 0.000 0.000 0.000
66.557 65.558 60.560 66.558 65.557 13.557 87.557 79.557 66.558 67.558 67.559 66.560 66.560 66.561 66.562 69.563 92.565 75.566 65.567 66.569 72.571 80.574 66.577 64.580 66.583 65.587 68.591 92.595 100.600 75.604 63.609 51.614 73.620 72.627 33.634 18.643 15.654 0.000 4.732 4.754 5.779 6.803 8.817 0.000 21.663 78.811 100.977 109.968 102.761 103.402 103.324 103.281 103.239 103.198 103.159 104.120 95.083 78.047 74.013 106.979 96.947 110.915 113.886 101.857 103.831 75.808 52.790 66.777 133.770 86.769 21.771 11.772 33.771
66.564 66.565 66.565 66.565 66.565 60.565 76.565 92.566 68.566 65.567 66.568 66.569 66.570 66.571 65.572 88.573 90.574 64.576 66.577 67.579 64.581 26.584 85.587 80.590 67.593 65.596 83.600 102.604 86.607 66.611 66.615 67.620 70.624 74.629 11.634 12.639 0.000 1.715 16.720 0.000 0.000 0.000 0.000 0.000 44.782 101.949 110.085 110.027 102.646 103.479 103.361 103.324 103.281 103.240 103.201 102.162 87.125 89.088 109.053 128.018 126.985 131.952 136.920 123.889 121.859 108.832 57.809 55.792 131.782 95.777 33.774 26.772 91.771
66.572 66.572 66.572 66.572 66.572 66.573 66.573 77.574 92.575 68.575 65.576 66.577 66.579 64.580 72.581 93.583 73.584 65.585 67.587 65.588 7.591 4.594 73.597 74.600 80.602 79.605 87.608 86.612 67.615 65.618 67.622 70.625 75.628 75.630 0.000 0.000 0.000 3.711 27.712 14.709 15.708 14.708 0.000 5.931 53.051 107.169 110.140 101.986 103.698 103.432 103.411 103.365 103.323 103.282 103.242 103.203 89.165 85.128 106.092 107.056 107.021 109.987 109.954 108.920 113.885 86.850 62.821 77.802 92.790 31.784 0.000 0.000 35.771
66.579 68.579 68.578 66.579 66.580 66.580 66.581 66.582 77.583 92.584 68.585 63.586 63.588 80.589 92.591 86.592 63.594 66.595 62.596 8.595 5.601 59.604 66.607 66.609 72.612 89.614 89.617 82.620 75.622 67.625 54.628 24.631 89.633 69.634 0.000 0.000 0.000 2.706 16.707 9.707 23.707 12.707 0.000 6.105 26.187 110.249 110.195 102.855 103.587 103.491 103.449 103.405 103.363 103.322 103.282 104.243 99.205 89.167 84.130 83.094 83.058 83.022 82.987 86.951 60.912 4.862 30.825 86.804 82.792 43.784 5.780 0.000 34.771
67.586 4.586 5.584 66.586 65.587 64.588 64.589 63.590 63.591 76.592 91.594 84.595 91.597 93.598 80.600 64.602 71.604 71.606 59.607 0.000 7.614 70.615 66.617 68.619 92.621 99.623 77.625 68.628 75.630 82.632 70.634 6.637 49.638 67.640 0.000 0.000 0.000 3.701 9.703 6.706 20.706 0.000 0.000 6.221 11.554 110.301 108.107 103.818 103.558 103.534 103.487 103.444 103.402 103.361 103.321 103.282 104.244 103.206 101.168 100.131 100.094 101.057 103.022 76.985 18.949 0.000 15.812 71.799 102.788 93.781 66.776 42.771 59.770
66.594 65.594 0.594 65.595 76.595 80.596 84.597 89.598 92.599 93.600 93.602 93.604 79.605 66.607 82.609 99.612 100.614 100.616 93.620 71.626 6.625 67.626 65.627 74.629 102.630 89.632 66.634 65.635 67.637 70.639 61.641 6.643 26.645 26.646 0.000 0.000 0.000 9.694 4.699 0.000 3.706 0.000 14.207 15.485 6.240 110.352 112.057 107.693 103.613 103.568 103.524 103.481 103.440 103.399 103.360 103.321 103.282 103.244 103.206 103.168 104.129 107.092 79.056 12.021 0.000 0.000 0.000 16.790 72.782 103.775 94.771 70.768 47.770
66.601 68.602 64.604 66.603 81.603 80.603 76.604 72.605 71.607 67.608 88.610 78.612 89.614 80.616 96.619 92.621 85.624 86.627 97.630 103.633 92.634 93.635 85.637 93.638 101.639 74.641 65.642 66.643 66.645 65.646 65.648 67.649 62.651 11.655 71.662 62.668 1.675 3.683 0.000 0.000 0.000 5.118 83.186 80.396 110.445 110.399 105.934 106.761 103.642 103.604 103.560 103.517 103.476 103.436 103.397 103.359 103.321 103.283 103.245 105.205 110.161 79.125 19.091 0.000 0.000 0.000 0.000 0.000 13.775 64.767 99.763 49.761 0.000
68.608 4.609 63.610 66.610 66.610 66.611 65.612 66.613 68.615 66.616 78.618 73.621 82.623 93.625 81.628 66.631 67.633 68.636 69.639 74.642 87.644 97.645 103.647 101.648 90.649 66.650 66.650 66.651 66.652 66.653 67.654 90.655 63.657 3.659 67.663 17.668 11.674 4.678 0.000 0.000 0.000 15.079 103.287 105.493 110.489 104.267 103.972 103.706 103.684 103.637 103.594 103.553 103.512 103.473 103.434 103.396 103.359 103.322 105.285 90.245 44.188 11.156 0.000 0.347 0.018 11.100 18.098 0.000 0.000 35.755 97.754 49.753 0.000
69.615 2.615 63.616 66.616 66.617 66.618 66.619 67.620 5.622 65.624 69.626 80.629 80.632 88.634 93.637 79.640 64.643 64.646 64.649 66.652 68.654 69.656 70.657 70.658 69.658 68.659 64.659 64.659 65.660 66.660 77.660 91.660 62.661 56.662 58.663 0.000 0.000 4.678 0.000 0.000 0.000 19.147 102.264 110.573 110.531 103.124 103.853 103.757 103.713 103.670 103.627 103.587 103.547 103.508 103.470 103.433 103.397 103.362 108.329 64.302 0.000 0.000 1.477 0.000 0.095 6.104 13.100 0.000 0.000 38.745 98.744 57.743 0.000
