results3/res_3e8f-0066.wd
ncols         241
nrows         181
xllcorner     12693529.787448
yllcorner     3542525.717860
cellsize      155.156523
NODATA_value  -9999.000000
[rows 128 to 159 of 181, columns 0 to 73 of 241]
62.267 62.266 62.266 62.266 62.265 62.264 61.264 74.263 80.261 64.260 62.259 62.257 62.255 62.253 62.251 62.248 62.246 62.243 62.240 68.237 39.235 0.000 0.000 0.000 0.000 20.857 35.858 57.861 65.847 69.815 43.753 19.669 54.554 92.389 90.263 70.166 52.082 10.069 0.000 45.976 62.981 61.990 65.001 60.015 69.032 92.056 89.093 34.167 0.000 14.329 0.000 0.000 0.000 0.000 0.000 0.000 0.000 0.000 0.000 0.000 0.000 0.000 0.000 0.000 0.000 0.000 0.000 0.000 0.000 0.000 73.600 129.546 112.481 134.390
59.272 60.272 61.272 61.272 62.271 62.270 60.269 75.268 78.267 61.266 62.264 62.262 62.260 62.258 62.255 62.253 62.249 62.246 62.242 62.238 68.233 48.227 0.000 0.000 0.000 0.000 0.000 33.887 64.868 60.832 63.776 67.700 79.603 96.485 80.372 48.269 0.000 0.000 0.000 45.102 62.102 65.104 78.110 64.121 74.136 75.158 94.191 98.241 81.302 31.329 0.000 0.000 0.000 0.000 0.000 0.000 0.000 0.000 0.000 0.000 0.000 0.000 0.000 0.000 0.000 0.000 0.000 0.000 0.000 59.823 69.729 70.655 73.586 92.562
80.279 75.278 70.278 68.278 64.277 60.276 60.275 75.274 78.273 60.271 62.270 62.268 62.266 62.263 62.260 62.257 61.253 60.249 61.244 61.238 61.231 67.222 44.208 21.198 0.000 0.000 0.000 32.932 70.907 64.869 59.818 72.753 95.672 89.574 57.473 0.000 0.000 0.000 0.000 43.229 61.220 66.215 73.216 68.221 73.232 72.249 85.272 79.303 72.336 45.356 0.392 0.000 0.000 0.000 0.000 0.000 0.000 0.000 0.000 0.000 0.000 0.000 0.000 0.000 6.637 0.000 0.000 2.997 36.997 64.917 133.835 97.767 129.650 113.322
100.285 99.285 95.285 90.284 86.283 81.283 76.282 72.281 67.279 61.278 62.276 62.274 62.272 62.269 61.266 63.262 69.258 74.253 73.248 71.241 65.232 60.221 64.206 70.187 34.156 15.118 19.070 53.001 75.958 66.918 62.874 85.823 97.759 53.667 0.000 0.000 0.000 6.464 13.437 47.364 60.334 65.320 81.316 71.317 64.323 57.333 63.347 81.365 78.383 84.401 3.423 0.000 0.000 0.000 0.000 0.000 0.000 0.000 0.000 0.000 0.000 0.000 0.000 0.000 3.637 0.000 0.000 0.000 72.077 63.013 72.942 95.833 72.004 111.459
91.292 96.292 100.291 100.291 102.290 102.289 96.288 87.287 73.286 62.284 61.282 62.280 61.278 60.275 65.272 79.268 90.264 95.259 95.252 92.245 84.235 75.223 66.208 60.188 65.162 67.129 66.090 67.046 65.008 59.972 73.938 96.904 63.876 0.000 0.000 0.000 3.499 55.491 67.484 64.456 66.433 72.417 90.410 76.409 60.410 59.413 59.418 71.425 92.432 33.440 6.449 1.466 0.000 0.000 0.000 0.000 0.000 0.000 0.000 0.000 0.000 0.000 0.000 0.000 23.637 3.557 7.476 48.373 71.224 75.120 75.008 85.091 112.553 102.901
69.299 71.299 74.298 80.298 90.297 96.296 101.295 101.294 94.293 80.291 69.289 63.287 67.285 74.282 87.279 102.275 101.270 98.265 98.259 101.251 101.241 97.230 85.215 73.197 65.174 60.147 61.117 60.084 61.054 69.026 91.000 98.979 10.965 0.000 0.000 0.000 13.508 41.516 59.551 68.544 69.525 66.503 67.500 77.498 72.495 65.491 69.487 77.484 90.482 31.479 17.470 23.483 3.492 0.000 0.000 0.000 0.000 0.000 0.000 0.000 0.000 0.000 0.000 0.000 5.718 0.000 55.501 77.419 73.295 82.263 73.322 112.681 101.437 102.949
61.306 61.306 61.306 63.305 68.305 72.304 79.303 88.302 96.300 99.299 93.297 91.294 93.292 96.289 95.286 88.282 79.278 77.273 77.267 82.259 88.250 95.239 98.225 97.209 86.190 76.169 71.145 69.120 78.097 94.077 95.059 81.047 14.041 0.000 0.000 0.000 0.000 0.000 42.659 69.645 48.620 36.570 51.588 66.588 81.581 85.569 87.556 88.542 84.531 11.524 0.000 26.499 23.502 11.505 17.505 11.505 0.000 0.000 0.000 0.000 0.000 0.000 39.948 9.895 75.798 97.730 130.578 86.547 81.595 62.548 98.609 103.115 103.018 111.741
62.314 62.314 62.313 62.313 61.312 60.311 62.310 67.309 73.308 83.306 93.304 95.302 88.300 78.297 72.294 64.290 60.286 60.282 60.276 62.269 67.260 73.251 80.239 92.225 97.209 99.192 98.174 94.156 97.139 90.124 72.113 64.108 43.111 1.151 0.000 0.000 0.000 0.000 35.780 68.757 11.741 0.000 44.695 69.685 88.670 96.650 82.626 85.599 71.576 29.562 0.000 53.514 22.511 14.507 25.506 25.505 0.000 0.000 0.000 0.000 0.000 27.059 46.002 118.939 147.857 130.735 114.285 113.226 104.893 103.532 103.402 103.264 68.487 113.400
62.321 62.321 62.321 62.321 62.320 62.319 62.319 61.317 61.316 64.314 70.312 69.310 65.308 61.305 61.302 61.299 62.296 62.291 62.286 62.280 61.273 60.264 62.254 68.243 75.230 84.217 92.203 88.190 77.178 65.168 61.162 66.161 74.168 50.187 28.194 28.177 14.135 15.057 50.926 71.863 21.844 3.860 63.813 95.788 97.764 76.736 79.699 78.650 66.613 55.587 6.559 34.531 8.521 0.000 9.506 0.000 0.000 0.000 0.000 0.000 0.000 8.118 71.060 76.976 72.959 74.115 72.086 103.880 103.771 103.656 70.845 73.620 75.488 77.149
62.330 62.329 62.329 62.329 62.328 62.328 62.327 62.326 62.324 62.323 61.321 61.319 61.316 62.314 62.311 62.309 62.306 62.302 62.298 62.293 62.286 62.279 62.271 61.262 60.252 61.242 65.232 63.223 62.215 66.209 69.206 68.206 66.211 68.218 68.217 65.203 65.170 69.111 44.002 29.926 18.913 36.923 81.909 95.889 75.863 68.830 67.784 47.691 43.639 6.613 0.000 0.000 0.000 0.000 0.000 0.000 3.593 18.566 33.517 3.447 17.359 80.205 87.187 85.255 83.237 84.315 104.084 103.985 85.101 91.889 84.740 90.509 82.348 61.285
62.338 62.338 62.338 62.337 62.337 62.336 62.336 62.335 62.333 62.332 62.330 62.328 62.325 62.323 62.321 62.319 62.317 62.314 62.311 61.306 68.301 70.295 62.289 61.282 60.275 61.268 63.261 66.255 69.250 68.247 63.246 64.248 71.252 74.255 70.255 64.248 61.233 70.214 1.206 0.000 3.961 77.009 86.011 72.995 64.969 84.939 30.914 0.000 0.000 0.000 0.000 0.000 0.000 0.000 0.000 0.000 28.620 70.588 99.539 60.470 93.350 101.502 98.460 97.548 104.365 104.275 104.182 97.192 99.066 98.761 97.620 96.549 14.462 0.000
62.347 62.346 62.346 62.346 62.346 62.345 62.345 62.344 62.343 62.341 65.339 65.337 63.334 67.331 65.330 62.330 62.329 62.327 61.324 59.321 70.317 78.312 64.308 61.303 63.297 66.293 68.288 67.285 64.283 66.283 71.285 73.288 74.292 74.297 69.300 63.300 72.300 91.303 10.326 0.000 0.000 51.140 74.132 71.111 75.079 95.043 29.020 0.000 0.000 0.000 0.000 0.000 0.000 0.891 0.000 26.736 78.682 94.627 97.554 102.549 99.710 96.698 104.611 104.533 104.451 96.511 97.293 98.163 97.841 97.811 90.741 67.645 0.000 0.000
62.355 62.355 62.355 62.355 62.355 62.355 62.354 62.354 62.353 63.351 70.349 70.347 47.343 15.337 36.339 66.341 60.341 63.341 69.339 72.336 72.333 68.330 64.327 65.323 68.320 67.317 66.315 68.315 72.315 72.317 74.321 73.327 64.333 59.340 61.347 74.354 93.362 103.373 25.387 0.000 0.000 26.279 82.265 84.239 91.193 90.135 26.103 0.000 0.000 0.000 0.000 0.000 0.000 4.891 30.858 74.798 96.712 99.724 98.810 98.810 97.901 104.759 104.686 96.723 97.520 98.379 98.164 98.017 97.972 89.903 81.861 0.000 0.000 0.000
62.364 62.364 62.364 62.364 62.364 62.364 62.364 62.364 62.363 64.362 73.360 84.358 60.354 0.000 3.346 51.354 77.356 69.355 67.354 67.352 65.350 64.348 66.346 68.344 66.342 62.341 64.341 76.343 78.346 68.350 62.357 59.364 59.374 64.384 78.395 94.408 91.422 75.439 47.463 15.502 9.496 53.433 82.412 64.387 55.319 47.202 12.152 0.000 0.000 0.000 0.000 0.000 0.000 23.925 74.892 96.802 98.992 97.982 98.089 104.967 104.900 104.831 96.789 98.669 98.379 98.251 98.194 98.119 92.042 78.977 68.940 0.000 0.000 0.000
62.373 62.373 62.373 62.373 62.374 62.374 62.374 62.374 62.374 64.373 74.372 61.369 17.362 0.000 0.000 19.373 73.372 65.371 67.370 66.369 64.367 67.366 68.365 65.364 62.363 58.364 68.366 82.369 69.374 59.381 60.390 65.401 75.413 86.427 97.442 90.459 68.478 63.500 82.524 89.547 90.553 94.544 69.561 30.577 2.592 0.000 0.000 0.000 0.000 0.000 0.000 0.000 29.040 74.970 96.984 99.167 98.184 105.151 105.092 105.031 97.064 97.860 98.744 98.441 98.423 98.361 98.284 99.191 87.109 58.022 46.981 4.981 0.000 0.000
61.383 61.383 62.383 62.383 62.383 62.384 62.385 62.385 62.385 65.386 75.386 46.386 0.000 5.409 43.405 45.394 62.389 64.387 52.386 34.385 72.384 67.384 63.383 62.384 60.384 62.386 78.389 81.394 63.401 66.411 78.423 87.436 96.451 94.468 82.487 68.508 61.532 77.558 81.585 69.611 50.626 48.628 36.713 16.770 5.830 0.195 0.000 18.502 13.502 0.000 0.000 23.127 75.142 98.238 99.255 97.363 105.263 105.208 97.235 98.043 98.916 98.720 98.596 98.569 98.514 98.460 101.388 65.253 45.181 0.000 0.000 0.000 0.000 0.000
70.392 68.392 65.391 63.392 60.393 60.394 60.395 60.396 59.397 64.398 76.400 59.403 40.412 48.413 66.412 62.407 59.404 65.403 60.402 47.401 67.401 61.401 60.402 60.403 62.404 76.407 84.411 50.417 42.426 92.438 97.453 92.470 81.488 71.508 63.530 59.555 70.583 82.615 50.649 25.684 8.713 0.000 16.894 15.960 6.077 7.294 10.432 38.502 22.502 0.000 0.000 55.379 97.406 96.524 105.421 105.370 105.317 97.277 99.164 98.887 98.776 98.743 100.696 95.642 97.609 98.579 109.556 0.000 0.000 0.000 0.000 0.000 0.000 0.000
71.403 73.402 79.400 80.400 80.402 77.404 78.406 77.408 76.409 76.410 78.413 61.415 65.419 64.421 61.421 64.420 64.418 63.418 68.417 70.418 64.418 58.419 60.420 62.422 76.423 81.426 70.430 64.437 73.448 96.463 79.482 70.502 62.523 60.546 62.571 61.599 75.632 84.669 48.712 24.762 12.830 14.944 18.008 10.100 11.224 17.376 19.499 12.573 0.000 0.000 33.621 75.629 105.561 105.516 105.470 97.518 98.320 99.213 98.919 98.913 99.867 99.819 72.771 50.705 85.701 99.693 104.700 44.756 0.000 0.000 0.000 0.000 0.000 0.000
64.414 58.412 11.406 13.406 22.412 69.415 66.417 66.419 66.421 70.422 79.424 60.427 61.429 60.431 63.432 67.432 68.432 66.432 65.433 68.434 69.435 66.436 60.438 77.440 83.442 74.444 80.447 97.453 94.465 76.485 64.511 60.534 62.557 62.581 61.608 66.639 82.676 84.718 76.766 79.825 50.899 12.995 5.093 4.209 16.343 23.486 13.616 10.720 2.780 28.848 76.818 105.644 105.604 97.668 98.473 99.354 99.165 99.048 99.029 99.980 97.936 91.892 16.869 0.000 67.796 102.791 99.794 98.812 0.000 0.000 0.000 0.000 0.000 0.000
62.428 54.428 0.000 0.000 4.426 65.428 61.429 61.431 61.432 65.434 79.436 57.438 61.440 65.442 67.443 68.444 65.445 62.447 60.448 62.450 72.452 85.454 80.456 81.458 58.460 52.461 104.460 90.464 57.476 17.501 37.541 65.566 62.589 62.613 64.640 57.673 41.716 31.761 43.811 83.871 59.947 13.044 8.161 3.301 12.454 17.609 11.762 16.889 17.002 55.038 105.705 96.864 100.599 99.498 99.310 99.197 99.171 99.132 100.088 100.048 65.005 40.946 26.942 29.944 80.897 101.879 97.876 88.885 6.911 0.000 0.000 0.000 0.000 0.000
62.441 62.443 45.450 0.000 5.438 66.440 62.441 62.442 61.444 62.445 77.447 64.449 67.451 69.453 68.455 63.457 60.459 61.461 61.463 60.465 70.468 93.471 89.474 76.478 69.480 60.479 36.469 25.469 12.472 0.000 18.588 67.601 62.620 64.642 47.667 21.698 6.754 3.799 45.847 62.901 31.974 4.074 7.205 12.379 19.562 15.733 9.931 3.150 6.484 54.314 105.782 99.752 99.509 99.329 99.311 99.273 99.229 99.189 97.151 88.117 21.092 0.000 38.007 96.995 101.970 99.953 93.945 83.943 1.936 0.000 0.000 0.000 0.000 0.000
59.453 61.454 58.456 0.000 1.452 66.453 61.453 59.454 61.455 65.457 69.458 68.460 68.463 66.465 60.468 61.470 61.472 62.475 62.478 67.481 85.484 84.488 77.493 86.498 84.503 55.507 0.000 0.000 0.000 0.000 16.620 67.631 62.648 65.669 36.688 0.000 32.802 58.834 78.876 47.914 0.002 0.000 0.000 1.592 11.683 11.833 12.066 6.502 4.124 105.997 105.892 98.663 99.503 99.401 99.365 99.324 99.284 101.246 86.210 69.178 29.153 5.138 53.086 83.057 92.034 101.017 90.008 79.006 1.009 0.000 0.000 0.000 0.000 0.000
66.463 64.464 53.466 0.000 52.466 60.465 62.465 66.466 67.467 68.468 66.469 67.471 65.474 61.477 61.480 62.483 62.486 61.489 63.492 86.496 85.500 67.505 80.511 78.518 82.527 80.539 43.560 0.000 8.635 38.641 43.643 63.654 62.673 62.697 57.728 49.779 66.818 65.860 59.908 81.964 30.032 0.000 0.000 5.615 10.705 8.847 10.031 34.293 58.778 106.093 101.002 100.738 100.476 99.459 99.416 99.377 100.337 98.300 53.264 30.232 42.203 43.176 97.142 99.114 79.091 89.075 84.065 57.065 22.077 0.000 0.000 0.000 0.000 0.000
67.472 68.474 65.476 53.481 67.478 67.477 67.477 68.477 68.478 69.478 81.479 63.481 61.486 61.490 62.493 62.496 62.499 63.503 77.507 88.511 63.516 67.522 94.529 86.537 74.547 77.561 80.581 64.609 69.630 84.644 77.656 65.671 58.692 58.718 69.750 85.791 72.833 44.879 16.933 72.002 61.101 10.248 13.392 18.546 14.673 5.819 7.940 49.262 101.526 106.179 97.982 100.626 101.551 99.509 99.469 99.428 92.389 82.352 39.316 10.283 19.251 20.222 81.191 123.165 104.142 80.125 72.114 51.110 60.111 13.111 0.000 0.000 3.198 24.198
72.481 72.483 68.485 68.488 68.488 69.488 69.489 65.489 62.489 61.489 24.488 14.489 65.498 62.503 62.506 62.509 61.513 64.516 88.520 74.525 59.531 65.537 82.545 99.554 94.565 91.578 89.595 85.615 81.633 80.649 88.665 85.683 79.705 75.732 78.764 82.801 44.843 8.890 7.943 24.011 20.121 5.250 14.383 24.502 20.626 11.784 4.970 48.227 106.338 106.260 100.880 102.715 99.598 99.562 100.520 96.479 80.440 73.402 79.366 85.331 69.299 91.268 106.238 123.211 132.188 116.170 78.156 83.149 58.146 0.000 0.000 0.000 0.000 0.000
11.486 12.492 72.494 67.497 67.498 62.499 59.500 61.501 56.501 9.500 9.496 0.000 66.515 62.517 62.520 62.522 62.526 80.530 87.534 60.539 62.545 62.551 65.559 71.568 73.579 73.592 69.607 72.623 88.639 81.655 72.672 75.692 82.715 86.741 89.772 86.807 61.848 26.894 9.940 8.978 0.000 0.000 9.387 18.455 2.540 0.000 18.149 78.392 106.414 98.238 101.948 101.680 99.659 99.613 100.570 95.529 82.489 48.451 55.414 98.378 109.344 141.312 132.282 104.254 92.229 109.209 88.193 82.183 57.178 0.000 0.000 0.000 0.000 0.000
0.000 7.506 21.503 76.507 61.509 59.511 61.512 61.513 62.514 9.515 0.522 55.535 63.531 62.531 62.533 62.535 64.539 88.542 73.547 59.552 62.558 62.565 62.573 61.582 61.592 61.604 60.617 67.631 96.645 75.660 6.675 14.696 26.722 77.747 87.775 71.808 76.849 63.897 15.946 12.984 0.000 3.267 16.324 8.389 0.000 0.000 36.306 106.561 106.488 101.119 102.849 98.752 99.707 99.663 99.619 99.578 86.537 49.498 64.460 101.424 97.389 131.355 126.323 95.294 100.267 86.244 67.225 85.212 63.206 0.000 0.000 0.000 0.000 0.000
60.530 56.524 0.000 68.521 78.521 79.522 60.523 72.525 79.527 55.531 53.539 63.542 62.542 62.543 62.545 62.548 81.551 85.555 60.559 62.564 61.570 60.577 62.585 62.594 62.604 62.614 61.626 69.638 98.651 79.663 25.674 0.000 49.731 74.748 87.773 66.803 56.842 15.900 8.962 12.028 10.128 18.210 22.252 0.000 0.000 15.267 77.489 106.633 98.391 102.096 101.833 99.805 99.756 99.711 99.667 100.625 91.584 80.544 103.505 128.468 116.431 133.396 130.363 124.331 131.301 97.274 74.251 84.235 92.227 21.228 0.000 0.000 0.000 0.000
62.536 61.535 56.537 62.534 61.533 9.534 83.535 75.537 62.539 63.543 63.547 62.550 62.552 62.554 62.557 65.560 88.563 71.567 61.571 62.576 68.581 76.588 62.597 60.606 62.615 61.624 64.635 88.646 96.657 71.669 59.683 47.702 69.723 68.742 29.765 14.789 11.815 0.000 0.993 1.049 2.147 3.193 5.222 0.000 18.416 75.513 97.637 106.702 99.352 99.983 99.899 99.851 99.804 99.758 99.714 100.671 91.629 74.589 70.549 103.511 93.473 107.436 110.401 98.366 100.331 72.299 49.272 63.251 130.237 83.230 18.223 8.215 30.209 51.204
62.544 62.543 62.544 62.543 62.544 56.545 72.546 88.548 64.551 61.554 62.557 62.560 62.563 62.565 61.568 84.571 86.575 60.578 62.582 63.587 60.592 22.597 81.608 76.617 63.625 61.634 79.643 98.653 82.663 62.674 62.686 63.701 66.716 70.733 7.757 8.773 0.000 0.000 12.979 0.000 0.000 0.000 0.000 0.000 41.587 98.690 106.837 106.770 99.241 100.063 99.940 99.898 99.850 99.804 99.759 98.716 83.674 85.632 105.592 124.553 123.514 128.476 133.438 120.400 118.361 105.320 54.285 52.260 128.242 92.231 30.223 23.215 88.206 121.203
62.551 62.551 62.551 62.552 62.554 62.555 62.557 73.559 88.561 64.564 61.567 62.570 62.573 60.576 68.580 89.583 69.586 61.590 63.594 61.597 3.603 0.613 69.623 70.629 76.635 75.643 83.651 82.659 63.668 61.678 63.688 66.698 71.709 71.716 0.000 0.000 0.000 0.000 23.974 10.971 11.970 10.970 0.000 3.102 49.962 103.943 106.902 98.597 100.291 100.020 99.993 99.942 99.894 99.848 99.804 99.760 85.717 81.676 102.634 103.594 103.554 106.515 106.475 105.435 110.391 83.336 59.289 74.260 89.241 28.230 0.000 0.000 32.200 58.199
62.560 64.557 64.558 62.561 62.563 62.565 62.567 62.569 73.572 88.575 64.578 59.581 59.584 76.587 88.591 82.594 59.598 62.602 58.605 4.606 1.619 55.631 62.634 62.639 68.645 85.652 85.658 78.666 71.673 63.681 50.689 20.697 85.703 65.707 0.000 0.000 0.000 0.000 12.971 5.971 19.970 8.970 0.000 3.383 23.282 107.031 106.967 99.463 100.184 100.082 100.034 99.985 99.938 99.892 99.847 100.803 95.760 85.718 80.676 79.635 79.594 79.554 79.514 83.474 57.434 1.346 27.275 83.251 79.232 40.218 2.206 0.000 31.194 77.195
