results3/res_3e8f-0045.wd
ncols         241
nrows         181
xllcorner     12693529.787448
yllcorner     3542525.717860
cellsize      155.156523
NODATA_value  -9999.000000
[rows 33 to 65 of 181, columns 74 to 147 of 241]
0.000 0.000 0.000 0.000 0.000 0.000 0.000 0.000 0.000 0.000 0.000 0.000 0.000 0.000 0.000 0.000 0.000 0.000 0.000 0.000 0.000 0.000 0.000 0.000 0.000 0.000 0.000 0.000 0.000 0.000 0.000 0.000 0.000 0.000 0.000 0.000 0.000 0.000 31.862 54.862 59.863 15.863 0.000 0.000 24.920 38.935 5.924 0.000 28.953 31.959 25.958 26.948 27.929 27.901 27.866 27.827 26.790 32.767 52.766 0.000 5.680 3.454 38.863 55.466 60.089 58.734 59.417 58.029 60.189 55.309 54.901 54.985 57.311 56.592
0.000 0.000 0.000 0.000 0.000 0.000 0.000 0.000 0.000 0.000 0.000 0.000 0.000 0.000 0.000 0.000 0.000 0.000 0.000 0.000 0.000 0.000 0.000 0.000 0.000 0.000 0.000 0.000 0.000 0.000 0.000 0.000 0.000 0.000 0.000 0.000 0.000 0.000 0.000 6.862 1.862 0.000 0.000 0.000 0.000 20.984 0.000 0.000 18.974 42.994 41.996 31.985 27.962 27.926 27.878 27.819 26.760 48.722 46.744 0.000 28.906 41.647 55.231 59.831 59.445 59.096 58.678 59.810 55.891 55.172 55.517 57.878 57.171 56.980
0.000 0.000 0.000 0.000 0.000 0.000 0.000 0.000 0.000 0.000 0.000 0.000 0.000 0.000 0.000 0.000 0.000 24.502 56.502 9.502 0.000 0.000 0.000 0.000 0.000 0.000 0.000 0.000 0.000 0.000 0.000 0.000 0.000 0.000 0.000 0.000 0.000 0.000 0.000 0.000 0.000 0.000 0.000 0.000 0.000 13.033 0.000 0.000 0.000 21.049 39.046 39.034 30.009 27.965 27.899 25.812 41.710 50.615 0.000 14.853 39.392 53.997 60.584 60.175 59.796 59.345 61.445 57.490 55.570 56.061 58.441 57.739 57.556 57.281
0.000 0.000 0.000 0.000 0.000 0.000 0.000 0.000 0.000 0.000 11.497 49.497 0.000 0.000 0.000 0.000 0.000 31.502 82.502 38.502 0.000 0.000 0.000 0.000 0.000 0.000 0.000 0.000 0.000 0.000 0.000 0.000 0.000 0.000 0.000 0.000 0.000 0.000 0.000 0.000 0.000 0.000 0.000 0.000 0.000 16.083 17.107 24.120 10.123 20.107 28.104 41.097 32.074 28.024 24.942 35.821 45.652 34.415 9.943 39.313 56.812 61.365 60.929 60.520 60.036 60.100 59.112 56.085 56.625 59.013 58.312 58.131 57.855 57.595
0.000 0.000 0.000 0.000 0.000 0.000 0.000 0.000 0.000 0.000 32.497 67.497 56.498 43.498 0.000 0.000 16.502 70.502 78.502 43.502 0.000 0.000 0.000 0.000 15.082 0.000 0.000 0.000 0.000 0.000 0.000 0.000 0.000 0.000 0.000 0.000 0.000 0.000 0.000 0.000 3.113 21.113 0.000 0.000 32.112 47.108 50.118 48.130 34.142 28.152 27.166 41.178 32.166 24.117 38.022 51.879 39.660 27.450 42.102 46.645 59.179 61.718 61.279 60.760 60.782 58.762 56.715 57.217 59.603 58.901 58.716 58.436 58.170 57.904
0.000 0.000 0.000 0.000 0.000 0.000 0.000 0.000 0.000 0.000 3.497 65.498 48.499 29.499 0.000 12.503 62.503 73.503 80.503 39.503 0.000 0.000 0.000 0.000 53.083 37.083 0.000 0.000 0.000 0.000 0.000 0.000 0.000 0.000 0.000 16.107 28.107 30.107 0.000 0.000 12.113 37.113 16.115 30.116 53.116 56.119 57.127 54.141 41.163 28.192 25.233 42.281 33.294 37.256 55.150 49.015 0.000 25.622 44.371 56.985 62.537 62.079 61.529 61.504 59.454 57.480 57.844 60.222 59.516 59.326 59.037 58.759 58.479 58.208
0.000 0.000 0.000 0.000 0.000 0.000 0.000 0.000 0.000 0.000 0.000 0.000 16.500 54.500 50.502 38.503 51.504 71.504 82.504 35.504 0.000 0.000 0.000 0.000 15.083 39.083 41.084 0.000 0.000 0.000 0.000 0.000 0.000 0.000 0.000 32.107 33.107 45.108 28.109 17.110 31.112 32.113 28.115 35.117 42.119 40.123 33.131 52.146 18.176 34.219 37.291 27.421 39.473 52.464 49.307 0.000 0.843 37.045 53.776 62.387 62.920 62.361 62.286 59.208 58.426 58.521 60.878 60.167 59.968 59.669 59.376 59.077 58.782 58.503
0.000 0.000 0.000 0.000 0.000 0.000 0.000 0.000 0.000 0.000 0.000 0.000 6.500 73.501 68.503 58.504 48.505 72.505 80.505 75.505 60.505 15.505 0.000 0.000 0.000 0.000 49.084 33.085 31.086 42.086 37.087 0.074 0.000 0.000 0.000 32.107 31.107 52.107 58.109 47.110 39.112 31.113 28.115 29.117 30.120 29.124 27.129 35.134 0.000 0.000 0.000 32.639 55.715 53.820 0.000 0.000 37.138 50.688 60.311 63.836 63.379 64.138 60.063 59.640 59.271 61.588 60.865 60.653 60.341 60.035 59.718 59.393 59.068 58.778
0.000 0.000 0.000 0.000 0.000 0.000 0.000 0.000 0.000 0.000 0.000 0.000 0.000 6.502 45.503 20.506 56.507 75.507 80.507 78.507 76.506 65.505 24.505 0.000 0.000 0.000 5.085 44.085 44.086 57.086 55.087 48.088 43.089 0.000 0.000 0.000 36.106 55.107 62.108 54.110 38.111 27.113 28.115 28.118 28.120 28.123 28.126 32.128 0.000 0.000 0.000 2.783 39.926 9.280 6.913 41.975 46.632 58.281 64.842 64.665 62.871 61.156 61.277 60.136 62.373 61.625 61.388 61.058 60.737 60.408 60.069 59.709 59.318 59.997
0.000 0.000 0.000 0.000 0.000 0.000 0.000 0.000 0.000 0.000 0.000 0.000 0.000 0.000 0.000 77.509 77.510 79.510 79.510 78.509 72.507 66.505 37.504 0.000 0.000 0.000 0.000 0.000 12.086 57.087 51.088 66.089 63.090 42.093 21.097 22.101 31.105 53.107 62.108 53.109 36.111 26.113 31.115 30.118 28.120 28.122 28.124 29.125 21.124 0.000 0.000 0.000 0.000 1.637 44.485 47.378 55.157 65.818 65.891 64.230 66.048 63.591 61.182 63.270 62.469 62.187 61.826 61.483 61.138 60.792 60.440 59.055 67.500 65.125
0.000 0.000 0.000 0.000 0.000 11.934 34.934 0.000 12.915 52.913 41.911 45.909 20.907 0.000 0.000 13.511 85.513 79.514 76.514 73.511 76.508 67.505 30.503 0.000 0.000 0.000 0.000 0.000 0.000 0.000 1.088 55.089 56.090 7.091 0.000 0.000 35.106 53.107 58.108 48.109 39.110 37.111 0.000 6.119 34.120 28.122 28.123 29.124 35.124 43.123 5.123 0.000 0.000 17.355 50.103 53.907 64.655 66.827 66.446 69.830 68.375 62.584 64.328 63.422 63.064 62.653 62.275 61.905 61.541 61.183 60.844 66.573 0.000 0.000
0.000 0.000 0.000 0.000 0.000 11.934 54.934 0.000 46.917 48.914 60.911 43.908 28.906 0.000 0.000 1.513 70.516 82.521 79.520 79.515 80.509 74.504 28.500 0.000 0.000 0.000 0.000 0.000 0.000 0.000 0.000 0.000 40.090 0.000 0.000 0.000 41.106 38.107 50.107 7.108 0.000 0.000 0.000 0.000 0.115 38.122 32.122 0.000 25.124 59.123 42.123 0.000 0.000 21.859 55.635 64.485 67.565 67.301 71.531 70.826 63.992 65.480 64.467 64.015 63.540 63.116 62.712 62.321 61.937 61.556 61.179 65.819 8.527 0.000
53.979 43.980 0.000 0.000 0.000 5.934 65.935 41.930 43.921 49.916 73.911 74.907 69.904 23.901 0.000 0.000 0.000 30.533 84.529 79.521 80.511 77.501 36.493 0.000 0.000 0.000 0.000 0.000 0.000 0.000 0.000 0.000 0.000 0.000 0.000 0.000 0.000 0.000 0.000 0.000 0.000 0.000 0.000 0.000 0.000 0.000 13.122 10.122 0.000 0.000 0.000 0.000 11.010 48.503 65.458 67.120 68.035 72.366 72.032 65.012 66.518 65.503 64.992 64.464 63.994 63.555 63.137 62.731 62.330 61.924 61.498 63.999 47.234 4.176
65.980 47.981 43.982 0.000 0.000 0.000 57.941 59.933 59.924 71.916 68.910 80.905 79.901 40.899 0.000 0.000 0.000 6.550 86.543 79.529 80.513 77.495 37.480 0.000 0.000 0.000 46.239 58.225 27.213 0.000 0.000 0.000 0.000 0.000 0.000 0.000 0.000 0.000 0.000 0.000 0.000 0.000 0.000 0.000 0.000 0.000 0.000 0.000 0.000 0.000 0.000 8.846 49.406 66.408 67.005 73.162 72.686 66.246 66.801 67.281 66.431 65.922 65.377 64.881 64.414 63.973 63.549 63.136 62.726 62.314 68.890 9.444 0.000 17.172
70.981 49.982 50.983 42.984 0.000 47.968 42.956 50.938 63.926 67.915 78.909 79.903 78.898 47.894 0.000 0.000 0.000 5.576 85.562 79.541 80.516 75.487 55.452 39.399 40.349 40.301 48.254 69.223 36.201 0.000 0.000 0.000 0.000 0.000 0.000 0.000 0.000 0.000 0.000 0.000 0.000 0.000 0.000 0.000 0.000 0.000 0.000 0.000 0.000 6.815 37.615 47.170 66.194 67.816 74.495 73.918 66.756 68.470 67.795 67.237 66.754 66.235 65.740 65.264 64.810 64.374 63.951 63.536 63.127 69.716 15.303 0.000 0.000 2.162
65.982 63.984 46.985 50.985 50.984 41.980 34.977 0.000 0.000 9.911 68.906 79.900 77.894 62.885 29.870 0.000 0.000 54.614 75.590 80.558 79.522 80.484 70.443 46.396 43.348 42.300 51.254 69.211 52.168 38.109 39.061 43.026 54.004 17.995 0.000 0.000 0.000 0.000 0.000 0.000 0.000 0.000 0.000 0.000 0.000 0.000 0.000 0.000 0.000 17.993 57.854 65.828 68.504 75.310 74.950 67.443 69.109 68.327 67.947 67.492 67.018 66.546 66.080 65.627 65.188 64.761 64.343 63.933 69.527 16.122 0.000 0.000 0.000 1.113
11.984 79.987 50.989 44.987 45.988 47.992 47.995 37.003 0.000 0.000 0.000 13.897 84.895 74.881 52.856 44.810 51.754 50.677 52.626 60.578 61.531 48.485 45.440 43.394 43.346 42.298 51.249 66.200 45.150 42.097 47.050 63.013 65.991 50.986 24.986 0.000 0.000 0.000 0.000 0.000 0.000 0.000 0.000 0.000 0.000 0.000 0.000 0.000 8.750 50.634 66.277 69.139 75.787 75.589 68.096 69.745 68.963 68.604 68.169 67.733 67.290 66.847 66.407 65.976 65.554 65.139 64.729 70.326 15.927 0.000 0.000 0.000 0.000 0.000
78.988 79.992 65.996 0.000 0.000 53.006 49.008 60.011 51.010 0.000 0.000 0.000 72.906 69.889 54.862 45.822 42.773 42.715 45.659 58.597 66.539 69.486 62.439 52.393 45.346 44.297 60.245 63.192 38.136 42.080 42.028 42.985 46.961 25.973 0.000 0.000 0.000 0.000 0.000 0.000 0.000 0.000 0.000 0.000 0.000 0.000 11.841 43.549 51.461 65.016 76.352 75.996 69.086 69.696 70.278 69.597 69.237 68.815 68.403 67.984 67.563 67.143 66.727 66.317 65.912 66.512 73.107 16.717 0.000 0.000 0.000 0.000 0.000 0.000
79.992 79.999 80.006 67.016 50.020 50.019 50.020 41.022 0.000 6.977 13.977 65.963 62.934 65.909 58.880 59.844 59.802 59.753 62.697 57.613 57.544 59.480 63.436 64.394 62.349 58.298 69.243 67.185 55.123 56.060 55.997 57.938 32.894 0.000 0.000 0.000 0.000 0.000 0.000 0.000 0.000 0.000 0.000 0.000 0.000 46.342 47.023 68.097 68.703 77.413 76.946 71.537 71.269 70.671 70.217 69.847 69.440 69.041 68.639 68.237 67.835 67.436 67.041 66.652 67.267 70.889 3.525 0.000 0.000 0.000 0.000 0.000 0.000 0.142
78.997 79.006 80.014 77.021 55.026 49.029 50.032 51.035 43.042 0.000 57.991 54.978 55.957 56.934 51.906 55.873 60.836 68.798 53.765 0.000 0.000 4.455 62.430 58.399 58.357 58.305 58.246 58.181 58.112 58.039 57.962 55.878 50.784 23.658 0.000 0.000 43.440 50.258 62.013 31.807 0.000 0.000 0.000 0.000 47.933 58.655 70.607 71.281 78.101 77.793 72.152 71.845 71.124 70.808 70.431 70.042 69.655 69.266 68.878 68.490 68.105 67.725 67.351 67.981 70.615 18.252 0.000 0.000 0.000 0.000 0.000 0.000 0.000 21.173
69.004 69.014 80.023 80.029 70.034 46.038 49.043 50.047 50.048 56.042 65.019 49.002 45.984 43.962 50.937 65.906 64.873 49.836 29.800 0.000 0.000 0.000 0.000 47.417 42.375 42.318 42.253 42.182 43.105 46.022 46.933 46.830 45.704 46.532 45.265 44.975 53.622 60.321 57.974 64.602 62.146 56.735 54.329 56.819 68.510 72.043 71.857 78.525 78.345 72.753 72.426 71.693 71.381 71.000 70.625 70.247 69.869 69.491 69.115 68.740 68.369 68.008 68.655 69.307 7.961 0.000 0.000 0.000 0.000 0.000 0.000 0.000 0.000 32.214
35.014 47.025 75.034 79.040 60.044 43.048 42.055 50.061 50.063 49.058 43.043 44.026 50.014 66.996 65.972 48.944 41.913 31.874 0.000 51.732 60.697 56.641 57.569 60.476 63.408 62.341 63.268 66.188 65.103 62.014 63.917 58.805 44.671 48.502 47.286 52.039 69.754 76.428 72.960 66.480 61.099 62.750 69.318 74.265 72.764 79.053 78.723 72.682 74.310 72.918 72.276 71.953 71.569 71.197 70.824 70.451 70.082 69.716 69.351 68.985 69.625 67.284 62.956 14.631 0.000 0.000 0.000 0.000 0.000 0.000 0.000 0.000 18.362 22.295
0.000 40.036 59.048 70.052 45.053 37.057 44.069 42.079 49.085 50.084 50.068 43.048 60.049 52.035 41.012 43.984 35.960 0.000 60.816 63.767 63.717 65.658 66.589 69.512 73.440 72.369 72.291 72.199 74.105 75.013 72.915 60.803 46.673 48.520 48.340 48.140 50.928 24.678 0.000 86.256 128.041 105.710 71.749 73.355 80.028 79.593 73.103 75.851 73.283 72.859 72.519 72.140 71.768 71.394 71.021 70.653 70.293 69.940 69.587 71.226 65.860 54.547 9.251 0.000 0.000 0.000 0.000 0.000 0.000 0.000 0.000 16.492 29.429 18.367
0.000 0.000 16.072 51.067 33.060 0.000 39.085 44.101 44.115 50.126 39.097 0.000 44.101 42.083 44.056 45.022 54.984 68.937 65.865 67.805 73.747 83.686 127.618 124.542 124.472 124.405 124.329 125.211 109.107 41.020 43.927 41.820 49.699 48.564 45.414 43.255 25.139 0.000 0.000 0.000 52.977 70.119 74.811 80.689 80.389 72.676 74.396 73.712 73.425 73.074 72.708 72.340 71.966 71.589 71.213 70.847 70.498 71.163 69.831 61.471 50.042 7.795 0.000 0.000 0.000 0.000 0.000 0.000 0.000 0.000 7.609 28.555 20.497 8.438
14.162 3.147 66.101 44.083 0.000 0.000 0.000 38.125 51.149 43.208 0.000 0.000 52.170 43.143 54.106 67.064 67.017 71.963 74.901 67.840 53.781 44.720 40.655 38.566 41.502 42.449 29.408 0.000 46.090 43.034 41.952 45.852 49.740 46.622 38.496 45.328 26.233 0.000 0.000 48.399 65.412 75.197 81.131 80.937 73.233 74.939 74.253 73.976 73.624 73.272 72.911 72.542 72.167 71.785 71.395 71.025 71.687 67.383 56.103 12.787 0.000 0.000 0.000 0.000 0.000 0.000 0.000 0.000 0.000 0.000 25.664 24.621 10.566 7.508
84.182 72.180 0.000 1.083 0.000 0.000 0.000 0.000 0.000 47.348 45.378 53.347 50.266 50.212 50.162 67.111 81.056 69.998 49.936 47.875 42.815 44.759 35.715 0.000 47.521 44.482 33.445 0.000 47.130 42.074 42.994 49.897 47.787 45.689 27.620 0.000 0.000 45.014 42.892 59.691 75.626 81.366 74.126 74.710 75.389 74.803 74.525 74.179 73.836 73.482 73.120 72.751 72.377 71.986 72.559 72.172 61.842 46.581 9.411 0.000 0.000 0.000 0.000 0.000 0.000 0.000 0.000 1.081 0.026 14.844 26.763 14.698 6.638 20.578
70.213 60.211 0.000 0.000 60.893 53.884 47.870 0.000 0.000 65.459 62.440 49.397 50.337 50.278 51.220 72.161 124.100 117.036 63.972 118.908 39.847 43.788 43.730 45.666 43.580 43.514 43.446 45.352 41.226 41.138 50.053 48.953 45.823 40.729 29.674 0.000 0.000 47.135 54.008 76.038 74.949 81.720 75.172 75.775 75.340 75.065 74.735 74.401 74.055 73.700 73.335 72.965 72.604 74.225 69.681 51.261 37.930 39.686 5.548 0.000 0.000 0.000 0.000 0.000 0.000 0.000 0.000 10.082 15.026 28.926 22.844 12.773 21.709 21.647
57.265 1.289 0.000 0.000 43.903 52.888 49.857 67.796 61.711 66.590 74.524 65.466 50.405 50.343 50.279 49.214 43.146 38.076 43.007 39.940 43.876 43.814 43.753 43.689 43.618 43.548 43.473 42.384 47.283 49.200 50.129 34.041 0.000 33.728 0.000 0.000 0.000 51.355 73.298 77.330 82.754 82.277 75.264 75.930 75.586 75.286 74.967 74.632 74.284 73.927 73.556 73.172 71.849 33.628 0.000 0.000 0.000 0.000 0.000 0.000 0.000 0.000 6.464 1.460 0.443 0.000 3.206 12.139 28.070 21.990 12.913 22.843 18.777 9.714
45.336 50.420 0.000 48.935 44.928 43.910 61.874 54.819 70.748 79.668 59.600 45.538 43.475 46.410 49.341 50.269 50.193 43.116 42.040 42.969 42.903 43.840 43.780 43.718 48.654 45.588 42.515 43.430 46.321 50.252 39.220 0.000 0.000 0.000 0.000 7.069 126.954 70.670 77.707 75.704 83.170 75.072 77.602 79.097 75.835 75.531 75.212 74.876 74.524 75.169 71.789 59.317 49.992 7.810 0.000 0.000 0.000 0.000 0.000 0.000 0.000 8.469 8.466 8.459 9.427 9.367 10.274 24.198 24.124 8.050 10.977 12.908 9.842 7.778
30.393 24.549 48.834 44.943 43.964 54.949 58.910 69.857 76.796 42.732 41.670 42.610 44.547 43.480 40.407 48.328 49.242 50.153 49.069 42.993 41.926 40.865 41.807 47.751 106.693 74.634 54.569 37.499 0.000 52.266 60.280 0.000 0.000 0.000 0.000 51.187 62.094 78.987 77.039 83.887 83.543 76.162 76.700 77.375 76.093 75.793 75.475 75.136 75.765 74.437 27.113 0.000 0.000 0.000 0.000 0.000 0.000 0.000 0.000 0.000 0.000 15.471 11.474 8.484 9.454 7.399 19.326 26.253 10.181 11.109 19.039 16.970 10.904 7.841
0.000 0.000 42.010 45.037 47.039 68.011 78.962 92.904 74.848 3.793 60.740 60.685 44.625 44.557 43.480 41.393 44.296 50.187 48.089 49.010 50.944 48.887 46.834 42.784 37.735 42.686 37.627 0.000 0.000 0.000 46.354 38.373 0.000 0.000 0.000 61.398 78.286 78.377 76.411 84.197 75.876 78.384 79.898 76.649 76.368 76.073 75.760 75.428 72.965 27.701 0.000 0.000 0.000 0.000 0.000 0.000 0.000 0.000 0.000 0.000 14.970 0.000 0.000 16.550 6.507 17.448 29.379 17.308 12.237 17.167 21.098 14.030 8.965 6.901
0.000 0.000 40.158 46.159 62.141 73.097 121.020 114.951 116.898 122.854 118.812 119.766 44.710 44.643 43.563 43.470 42.360 37.212 47.089 49.012 49.954 47.905 49.859 49.816 50.776 43.748 0.000 0.000 0.000 0.000 47.410 32.391 0.000 0.000 52.880 74.685 78.631 77.629 84.761 84.487 76.932 77.484 78.181 76.926 76.658 76.372 77.064 51.851 0.000 0.000 0.000 0.000 0.000 0.000 0.000 0.000 0.000 27.129 16.093 6.039 9.970 9.888 10.788 10.659 13.578 26.506 23.434 18.364 19.293 17.224 15.155 11.089 8.024 9.961
0.000 0.000 41.307 58.298 66.272 72.214 43.072 41.983 40.938 37.912 38.889 38.855 44.807 44.742 60.659 60.564 36.462 0.000 34.043 46.997 48.956 46.919 48.882 48.844 49.807 45.781 0.000 0.000 0.000 45.561 30.485 0.000 0.000 54.204 63.067 79.927 78.835 78.024 85.015 76.598 79.131 81.673 77.456 77.214 76.968 75.692 63.273 22.062 0.000 0.000 0.000 0.000 0.000 13.318 8.302 8.272 8.228 12.165 24.112 27.053 12.984 7.906 9.818 11.722 26.638 25.563 11.490 20.419 21.349 20.279 13.212 9.145 8.081 18.018
