results3/res_3e8f-0167.wd
ncols         241
nrows         181
xllcorner     12693529.787448
yllcorner     3542525.717860
cellsize      155.156523
NODATA_value  -9999.000000
[rows 132 to 164 of 181, columns 0 to 72 of 241]
95.995 100.995 104.994 104.994 106.993 106.991 100.990 91.988 77.986 66.983 65.980 66.977 65.973 64.969 69.965 83.960 94.954 99.947 99.939 96.930 88.920 79.907 70.892 64.873 69.848 71.818 70.783 71.744 69.711 64.681 78.651 101.622 68.598 0.000 0.000 0.000 8.367 60.361 72.356 69.336 71.321 77.312 95.313 81.318 65.327 64.339 64.353 76.369 97.387 38.407 11.430 6.464 0.000 0.000 0.000 0.000 0.000 0.000 0.000 0.000 0.000 0.000 2.727 0.727 27.727 7.664 11.601 52.511 75.375 79.279 79.174 89.263 116.730
73.999 75.999 78.999 84.998 94.997 100.996 105.994 105.992 98.990 84.987 73.984 67.981 71.978 78.973 91.969 106.963 105.957 102.951 102.943 105.934 105.923 101.910 89.895 77.877 69.856 64.831 65.803 64.774 65.747 73.722 95.700 103.681 15.669 0.000 0.000 0.000 18.374 46.380 64.406 73.402 74.391 71.379 72.382 82.388 77.394 70.402 74.411 82.422 95.435 36.450 22.469 28.498 8.528 0.000 0.000 0.000 0.000 0.000 0.000 0.000 0.000 0.000 0.000 0.000 9.817 0.000 59.631 81.556 77.441 86.418 77.484 116.850 105.611
66.004 66.004 66.003 68.002 73.001 77.000 83.999 92.997 100.994 103.992 97.989 95.986 97.982 100.978 99.973 92.968 83.962 81.955 81.947 86.938 92.928 99.916 102.902 101.886 90.867 80.846 75.824 73.801 82.780 98.761 99.745 85.733 18.728 0.000 0.000 0.000 0.000 0.000 47.485 74.477 53.461 41.430 56.449 71.456 86.460 90.464 92.467 93.472 89.480 16.489 3.498 31.530 28.558 16.588 22.602 16.609 0.000 0.000 0.000 0.000 0.000 0.000 44.053 14.001 79.907 101.847 134.705 90.682 85.738 66.699 102.767 107.291 107.200
67.009 67.009 67.008 67.007 66.006 65.005 67.003 72.002 77.999 87.997 97.994 99.991 92.987 82.983 76.978 68.973 64.967 64.961 64.953 66.944 71.935 77.923 84.911 96.896 101.880 103.863 102.845 98.827 101.811 94.796 76.785 68.779 47.783 5.804 0.000 0.000 0.000 0.000 40.573 73.558 16.547 0.000 49.529 74.528 93.527 101.525 87.522 90.520 76.523 34.528 0.546 58.567 27.587 19.604 30.610 30.615 1.621 0.000 0.000 0.000 0.000 31.159 50.105 123.045 151.968 134.852 118.410 117.358 109.032 107.676 107.556 107.428 72.651
67.014 67.014 67.013 67.012 67.011 67.010 67.009 66.007 66.005 69.002 74.999 73.996 69.992 65.988 65.984 65.979 66.973 66.967 66.960 66.952 65.943 64.932 66.921 72.909 79.895 88.881 96.866 92.852 81.839 69.828 65.820 70.816 78.818 54.826 32.833 32.824 18.799 19.754 55.676 76.635 26.623 8.638 68.610 100.600 102.593 81.586 84.577 83.564 71.562 60.571 11.577 39.588 13.619 1.633 14.621 1.621 3.627 1.624 0.000 0.000 0.000 12.215 75.161 81.081 77.069 78.231 76.207 107.999 107.897 107.790 74.992 77.772 79.646
67.019 67.019 67.018 67.018 67.017 67.016 67.014 67.012 67.010 67.008 66.005 66.002 65.998 66.994 66.990 66.985 66.980 66.974 66.967 66.960 66.952 66.943 66.933 65.922 64.911 65.899 69.887 67.876 66.866 70.857 73.851 72.848 70.848 72.849 72.848 69.839 69.820 73.788 48.741 34.683 23.672 41.680 86.675 100.668 80.661 73.651 72.634 52.597 48.592 11.617 0.000 0.000 1.709 3.714 0.000 0.000 7.639 22.622 37.580 7.519 21.440 84.295 91.284 89.357 87.345 88.427 108.188 108.095 89.232 96.025 88.882 94.656 86.501
67.025 67.025 67.024 67.023 67.023 67.021 67.020 67.018 67.016 67.014 67.011 67.008 67.005 67.001 66.997 66.992 66.987 66.982 66.976 65.969 72.962 74.954 66.945 65.936 64.926 65.917 67.907 70.898 73.891 72.884 67.880 68.877 75.876 78.875 74.872 68.865 65.853 74.836 5.818 0.000 8.704 81.735 90.740 77.737 69.730 89.721 35.714 0.000 0.000 1.771 2.800 2.801 2.776 3.767 0.000 0.000 32.669 74.644 103.602 64.542 97.429 105.590 102.554 101.646 108.448 108.365 108.278 101.313 103.193 102.893 101.757 100.691 18.610
67.031 67.030 67.030 67.029 67.028 67.027 67.026 67.025 67.023 67.020 70.018 70.015 68.011 72.008 70.004 67.000 66.995 66.991 65.985 63.979 74.973 82.966 68.958 65.950 67.942 70.934 72.927 71.920 68.914 70.909 75.906 77.904 78.903 78.902 73.900 67.897 76.891 95.884 14.878 0.000 0.000 55.816 78.815 75.810 79.801 99.791 33.785 0.000 2.838 2.819 2.829 2.827 2.805 4.811 0.000 30.771 82.727 98.681 101.617 106.620 103.788 100.781 108.674 108.602 108.527 100.618 101.406 102.282 101.965 101.939 94.873 71.782 0.000
67.037 67.036 67.036 67.035 67.035 67.034 67.033 67.031 67.029 68.027 75.025 75.022 52.018 20.015 41.010 71.007 65.004 68.000 73.995 76.990 76.984 72.978 68.971 69.965 72.958 71.952 70.946 72.941 76.936 76.933 78.931 77.930 68.930 63.930 65.931 78.930 97.930 107.930 29.932 0.000 0.000 30.898 86.893 88.886 95.874 94.856 30.851 0.000 2.857 0.867 1.873 2.874 0.000 8.863 34.860 78.824 100.753 103.777 102.872 102.879 101.975 108.809 108.743 100.818 101.621 102.486 102.275 102.132 102.092 94.027 85.986 0.000 0.000
67.043 67.043 67.042 67.042 67.041 67.040 67.039 67.038 67.037 69.035 78.032 89.029 65.025 2.022 8.016 56.016 82.013 74.010 72.005 72.001 69.996 68.990 70.985 72.979 70.974 66.969 68.964 80.960 82.957 72.956 66.955 63.955 63.957 68.959 82.961 98.964 95.968 79.975 51.987 20.016 14.017 57.984 86.974 68.968 59.954 51.907 16.911 0.995 0.924 21.917 12.914 2.922 0.000 27.917 78.900 100.828 103.034 102.034 102.148 108.998 108.937 108.875 100.876 102.764 102.478 102.355 102.302 102.232 96.158 83.097 73.061 0.000 0.000
67.049 67.049 67.049 67.048 67.048 67.047 67.046 67.045 67.044 69.042 79.040 66.037 22.032 4.033 0.000 24.026 78.023 70.020 72.016 71.012 69.008 72.003 72.998 69.994 66.989 62.985 72.982 86.979 73.977 63.977 64.978 69.980 79.983 90.987 101.991 94.997 73.004 68.014 87.027 94.043 95.050 99.048 74.051 35.058 7.067 0.000 1.164 1.174 0.000 34.931 21.944 1.990 33.013 78.965 100.997 103.197 102.223 109.163 109.110 109.056 101.139 101.940 102.832 102.533 102.520 102.462 102.389 103.301 91.223 62.140 51.101 9.101 3.101
66.056 66.055 67.055 67.055 67.054 67.054 67.053 67.053 67.052 70.051 80.049 51.048 0.000 10.044 48.045 50.038 67.034 69.031 57.027 39.024 77.020 72.016 68.012 67.008 65.004 67.001 82.998 85.997 67.996 70.997 83.000 92.003 101.008 99.014 87.020 73.028 66.038 82.050 86.064 74.080 55.094 53.106 41.123 21.148 10.188 4.270 2.303 22.324 17.340 0.000 0.000 27.070 79.122 102.241 103.273 101.393 109.262 109.213 101.299 102.112 102.993 102.801 102.681 102.659 102.608 102.559 105.491 69.361 49.292 0.000 0.000 0.000 0.000
75.063 73.062 70.061 68.061 65.061 65.061 65.061 65.060 64.060 69.059 81.058 64.058 45.060 53.055 71.052 67.049 64.045 70.042 65.039 52.036 72.032 66.029 65.025 65.022 67.019 81.016 89.014 55.013 47.014 97.016 102.021 97.026 86.032 76.040 68.048 64.058 75.070 87.084 55.100 30.118 13.138 4.160 21.188 20.222 10.266 11.319 14.355 42.372 26.356 0.000 0.000 59.360 101.401 100.533 109.399 109.355 109.309 101.333 103.229 102.956 102.850 102.821 104.780 99.731 101.702 102.676 113.655 0.000 0.000 0.000 0.000 0.000 0.000
76.070 78.069 84.067 85.067 85.068 82.068 83.069 82.068 81.068 81.067 83.067 66.066 70.066 69.063 66.061 69.058 69.056 68.053 73.050 75.047 69.045 63.042 65.039 67.036 81.033 86.030 75.028 69.027 78.029 101.034 84.040 75.048 67.056 65.064 67.074 66.086 80.099 89.115 53.133 29.154 17.179 19.209 22.245 14.287 15.335 21.385 23.427 16.453 0.000 0.000 37.605 79.622 109.518 109.481 109.441 101.564 102.372 103.272 102.982 102.980 103.940 103.896 76.853 54.792 89.792 103.787 108.797 48.854 0.000 0.000 0.000 0.000 0.000
69.079 63.077 16.072 18.071 27.075 74.076 71.077 71.077 71.076 75.076 84.075 65.075 66.074 65.072 68.070 72.068 73.066 71.064 70.062 73.059 74.057 71.055 65.053 82.050 88.047 79.044 85.041 102.040 99.042 81.049 69.059 65.069 67.078 67.088 66.099 71.112 87.126 89.143 81.164 84.187 55.216 17.252 9.296 8.347 20.402 27.459 17.513 14.563 6.589 32.746 80.779 109.587 109.554 101.703 102.515 103.403 103.217 103.105 103.091 104.046 102.006 95.967 20.947 0.000 71.888 106.885 103.891 102.911 0.000 0.000 0.000 0.000 0.000
67.089 59.089 0.000 0.084 9.085 70.085 66.085 66.085 66.085 70.084 84.084 62.083 66.082 70.081 72.080 73.078 70.076 67.075 65.073 67.071 77.070 90.068 85.066 86.064 63.062 57.057 109.052 95.049 62.051 22.060 42.079 70.091 67.100 67.110 69.122 62.135 46.151 36.169 48.190 88.215 64.246 17.287 12.339 7.403 16.468 21.536 15.606 20.668 20.750 58.879 109.637 100.891 104.631 103.537 103.352 103.244 103.221 103.187 104.147 104.112 69.074 45.020 31.020 34.028 84.986 105.972 101.973 92.988 11.022 0.000 0.000 0.000 0.000
67.099 67.101 50.106 0.095 10.094 71.094 67.094 67.094 66.093 67.093 82.092 69.092 72.091 74.090 73.089 68.088 65.087 66.086 66.084 65.083 75.082 98.081 94.081 81.079 74.077 65.073 41.059 30.053 17.052 0.000 23.108 72.114 67.122 69.132 52.143 26.157 11.173 8.192 50.213 67.238 36.267 8.309 11.371 16.459 23.531 19.609 13.706 6.794 10.091 58.108 109.702 103.779 103.542 103.365 103.351 103.317 103.278 103.242 101.208 92.179 25.157 0.000 42.087 101.077 106.056 104.044 98.041 88.046 6.057 0.000 0.000 0.000 0.000
64.108 66.109 63.111 0.000 6.103 71.103 66.103 64.102 66.102 70.102 74.101 73.101 73.100 71.100 65.099 66.098 66.097 67.096 67.096 72.095 90.095 89.095 82.095 91.095 89.096 60.097 0.000 0.000 0.000 0.000 21.131 72.135 67.142 70.151 41.162 3.176 37.193 63.212 83.233 52.255 4.274 0.366 0.444 5.532 15.586 15.669 15.781 10.034 6.723 109.883 109.795 102.684 103.533 103.435 103.402 103.366 103.330 105.297 90.265 73.238 33.217 9.208 57.162 87.138 96.119 105.106 94.100 83.099 5.102 0.000 0.000 0.000 0.000
71.116 69.116 58.117 0.000 57.112 65.112 67.111 71.111 72.111 73.110 71.110 72.110 70.109 66.109 66.108 67.108 67.108 66.107 68.107 91.107 90.107 72.108 85.109 83.111 87.114 85.121 48.138 4.149 13.154 43.155 48.151 68.153 67.159 67.168 62.179 54.193 71.210 70.229 64.251 86.275 34.297 0.391 0.468 9.559 14.612 12.692 13.792 37.944 62.339 109.966 105.009 104.760 104.501 103.489 103.451 103.416 104.381 102.349 57.318 34.291 46.267 47.245 101.216 103.193 83.174 93.161 88.153 61.150 26.149 0.000 0.000 0.000 0.000
72.124 73.124 70.124 58.126 72.122 72.121 72.120 73.120 73.119 74.119 86.119 68.119 66.119 66.118 67.118 67.118 67.118 68.118 82.118 93.119 68.119 72.121 99.122 91.125 79.129 82.136 85.145 69.153 74.159 89.162 82.163 70.167 63.173 63.182 74.193 90.208 77.224 49.244 21.268 76.297 65.338 14.405 17.469 22.540 18.610 9.698 11.766 53.046 105.292 110.044 101.989 104.642 105.572 103.536 103.500 103.465 96.431 86.398 43.368 14.340 23.314 24.290 85.265 127.243 108.225 84.212 76.202 55.197 64.195 17.195 0.000 3.385 7.385
77.131 77.131 73.131 73.131 73.130 74.129 74.129 70.128 67.128 66.128 29.128 19.128 70.128 67.128 67.128 67.128 66.128 69.129 93.129 79.130 64.131 70.133 87.135 104.138 99.142 96.147 94.154 90.160 86.165 85.169 93.173 90.178 84.185 80.194 83.205 87.219 49.236 13.256 12.279 28.308 24.352 9.409 18.462 28.522 24.593 15.693 8.850 52.101 110.188 110.118 104.881 106.727 103.616 103.585 104.548 100.513 84.479 77.446 83.415 89.387 73.360 95.335 110.311 127.289 136.272 120.257 82.248 87.242 62.239 0.000 0.000 0.000 0.000
16.138 17.138 77.137 72.138 72.138 67.137 64.137 66.137 61.137 14.137 14.137 3.137 71.137 67.137 67.137 67.138 67.138 85.139 92.140 65.141 67.142 67.144 70.146 76.149 78.153 78.158 74.163 77.168 93.173 86.178 77.182 80.188 87.194 91.203 94.214 91.228 66.244 31.264 14.285 13.304 0.000 2.417 13.449 22.492 6.543 0.000 22.056 82.301 110.256 102.222 105.950 105.688 103.672 103.631 104.595 99.559 86.525 52.492 59.461 102.432 113.404 145.378 136.354 108.332 96.314 113.299 92.289 86.283 61.281 0.310 0.000 0.000 0.000
3.146 12.145 26.142 81.145 66.145 64.145 66.145 66.145 67.145 14.145 5.146 60.146 68.146 67.147 67.147 67.148 69.148 93.149 78.150 64.151 67.153 67.155 67.157 66.160 66.164 66.168 65.172 72.177 101.181 80.186 11.190 19.196 31.202 82.210 92.220 76.233 81.249 68.270 20.294 17.320 2.355 7.393 20.424 12.456 0.000 0.000 40.220 110.386 110.322 105.105 106.846 102.755 103.717 103.678 103.641 103.605 90.570 53.537 68.505 105.475 101.446 135.419 130.395 99.372 104.353 90.337 71.326 89.319 67.319 1.335 0.000 0.000 0.000
65.154 61.154 0.000 73.154 83.154 84.154 65.154 77.154 84.154 60.154 58.154 68.155 67.155 67.156 67.157 67.157 86.158 90.159 65.160 67.162 66.163 65.165 67.168 67.171 67.174 67.177 66.181 74.185 103.189 84.193 30.198 3.203 54.209 79.216 92.224 71.235 61.250 20.274 13.301 16.325 14.352 22.378 26.396 0.428 0.000 19.138 81.390 110.448 102.359 106.083 105.825 103.804 103.762 103.723 103.685 104.649 95.613 84.580 107.547 132.516 120.487 137.459 134.433 128.409 135.388 101.370 78.357 88.349 96.347 25.353 0.000 0.000 0.000
67.162 66.163 61.166 67.163 66.162 14.162 88.162 80.162 67.162 68.163 68.163 67.164 67.164 67.165 67.166 70.167 93.168 76.169 66.170 67.171 73.173 81.176 67.178 65.181 67.184 66.187 69.190 93.194 101.197 76.201 64.205 52.209 74.214 73.219 34.225 19.233 16.241 0.000 5.311 5.329 6.350 7.370 9.383 0.000 22.191 79.349 101.523 110.508 103.322 103.965 103.888 103.846 103.805 103.766 103.728 104.691 95.656 78.621 74.588 107.556 97.526 111.497 114.469 102.443 104.420 76.400 53.384 67.373 134.369 87.370 22.377 12.380 34.383
67.170 67.170 67.171 67.170 67.170 61.170 77.170 93.170 69.171 66.171 67.172 67.173 67.173 67.174 66.175 89.176 91.177 65.178 67.180 68.181 65.183 27.185 86.188 81.190 68.193 66.196 84.199 103.202 87.205 67.208 67.212 68.215 71.219 75.222 12.226 13.229 0.000 2.300 17.303 0.000 0.325 0.000 0.000 0.000 45.301 102.481 110.622 110.566 103.206 104.041 103.925 103.889 103.848 103.808 103.770 102.733 87.697 89.662 109.628 128.595 127.564 132.533 137.503 124.475 122.448 109.424 58.405 56.392 132.384 96.381 34.380 27.381 92.384
67.177 67.177 67.177 67.177 67.177 67.178 67.178 78.178 93.179 69.180 66.180 67.181 67.182 65.183 73.185 94.186 74.187 66.188 68.189 66.190 8.193 5.195 74.198 75.200 81.202 80.205 88.207 87.210 68.213 66.215 68.218 71.221 76.223 76.225 0.000 0.000 0.000 4.297 28.298 15.296 16.297 15.296 0.000 6.405 53.548 107.695 110.677 102.543 104.259 103.994 103.974 103.929 103.889 103.849 103.810 103.773 89.737 85.701 106.667 107.633 107.600 110.568 110.537 109.506 114.475 87.444 63.420 78.404 93.395 32.391 0.000 0.000 36.386
67.184 69.184 69.184 67.184 67.185 67.185 67.186 67.186 78.187 93.188 69.189 64.190 64.191 81.193 93.194 87.195 64.197 67.198 63.198 9.197 6.202 60.205 67.208 67.210 73.212 90.214 90.216 83.218 76.220 68.223 55.225 25.227 90.229 70.230 0.000 0.000 0.000 3.294 17.295 10.295 24.296 13.296 0.000 6.557 26.651 110.783 110.730 103.413 104.147 104.053 104.011 103.969 103.928 103.888 103.850 104.812 99.776 89.740 84.704 83.670 83.636 83.602 83.569 87.536 61.501 5.457 31.426 87.410 83.401 44.397 6.397 0.000 35.389
68.191 5.191 6.190 67.191 66.192 65.193 65.193 64.194 64.195 77.196 92.197 85.199 92.200 94.202 81.203 65.205 72.206 72.208 60.209 0.000 8.215 71.216 67.218 69.219 93.221 100.223 78.225 69.226 76.228 83.230 71.232 7.234 50.235 68.236 0.000 0.000 0.000 4.290 10.291 7.294 21.295 0.000 0.000 6.637 11.960 110.834 108.662 104.377 104.118 104.095 104.049 104.007 103.966 103.927 103.888 103.851 104.814 103.778 101.742 100.706 100.671 101.636 103.603 77.569 19.535 0.000 16.417 72.409 103.403 94.399 67.397 43.395 60.391
67.198 66.198 1.199 66.199 77.200 81.200 85.201 90.202 93.203 94.204 94.206 94.207 80.209 67.211 83.212 100.214 101.216 101.219 94.222 72.227 7.226 68.227 66.228 75.229 103.230 90.232 67.233 66.234 68.236 71.237 62.239 7.240 27.242 27.243 0.000 0.000 0.000 10.284 5.288 0.000 4.295 0.000 14.641 15.884 6.450 110.883 112.613 108.251 104.172 104.128 104.086 104.044 104.004 103.964 103.926 103.889 103.852 103.815 103.779 103.742 104.705 107.670 79.636 12.602 0.000 5.399 0.000 17.405 73.402 104.399 95.397 71.395 48.393
67.205 69.206 65.207 67.206 82.207 81.207 77.208 73.209 72.211 68.212 89.214 79.216 90.217 81.219 97.222 93.224 86.226 87.229 98.231 104.234 93.235 94.236 86.237 94.239 102.240 75.241 66.241 67.242 67.243 66.244 66.246 68.247 63.249 12.252 72.258 63.264 2.269 4.275 0.000 0.000 0.000 5.607 83.661 80.867 110.976 110.930 106.489 107.319 104.201 104.164 104.121 104.080 104.040 104.001 103.963 103.926 103.889 103.853 103.816 105.778 110.736 79.701 19.669 0.000 0.000 2.399 1.399 0.000 14.400 65.399 100.397 50.397 0.000
69.212 5.212 64.213 67.213 67.214 67.215 66.216 67.217 69.218 67.220 79.222 74.224 83.226 94.228 82.231 67.233 68.236 69.238 70.241 75.243 88.245 98.246 104.247 102.248 91.249 67.249 67.250 67.251 67.251 67.252 68.252 91.253 64.254 4.256 68.260 18.264 12.268 5.271 0.000 0.000 0.000 15.583 103.789 106.000 111.019 104.820 104.529 104.263 104.242 104.196 104.155 104.114 104.075 104.037 103.999 103.963 103.927 103.891 105.855 90.817 44.762 11.731 0.000 4.400 2.400 22.399 29.399 0.000 0.000 36.398 98.397 50.397 0.000
70.218 3.219 64.219 67.220 67.220 67.221 67.223 68.224 6.226 66.228 70.230 81.232 81.234 89.237 94.240 80.242 65.245 65.248 65.251 67.253 69.255 70.256 71.257 71.258 70.258 69.258 65.258 65.259 66.259 67.259 78.259 92.259 63.259 57.260 59.261 0.000 0.000 5.271 0.000 0.000 0.000 19.667 102.788 111.104 111.062 103.678 104.408 104.313 104.271 104.228 104.187 104.147 104.109 104.071 104.035 103.999 103.963 103.929 108.898 64.872 0.000 0.000 2.400 0.400 2.400 17.400 24.399 0.000 0.000 39.397 99.397 58.397 0.000
