results3/res_3e8f-0078.wd
ncols         241
nrows         181
xllcorner     12693529.787448
yllcorner     3542525.717860
cellsize      155.156523
NODATA_value  -9999.000000
[rows 66 to 98 of 181, columns 73 to 145 of 241]
67.058 31.048 0.000 56.282 73.262 72.234 72.208 0.000 43.662 43.646 56.656 52.664 51.645 51.604 50.542 126.454 114.300 0.000 0.000 0.000 47.191 42.139 47.063 50.012 49.968 51.929 52.893 57.855 58.819 59.777 50.718 0.000 0.000 48.085 98.084 79.994 83.845 83.922 81.967 89.899 82.354 82.822 83.551 82.313 82.081 82.867 52.705 0.000 0.000 0.000 0.000 0.000 0.000 0.000 24.627 22.608 22.572 22.521 22.457 22.390 26.316 39.235 36.145 21.048 31.948 40.854 19.766 22.682 28.600 33.520 29.442 23.364 21.288
52.059 58.038 0.000 44.478 68.445 67.420 61.422 14.498 0.000 0.000 49.726 62.796 51.796 50.768 51.728 32.691 0.000 0.000 0.000 0.000 0.000 0.000 58.014 55.992 53.964 36.928 39.891 46.853 47.824 52.794 43.756 0.000 0.000 0.000 58.329 76.233 83.163 83.250 90.346 90.130 82.438 83.116 82.817 82.596 82.376 77.179 35.040 0.000 0.000 32.236 0.000 0.000 0.000 30.665 25.665 22.643 22.606 22.555 22.494 22.427 22.353 22.273 29.187 43.097 44.005 26.915 20.829 21.745 22.663 26.583 25.505 21.428 21.352
54.067 53.008 57.887 55.706 69.622 62.578 63.562 60.574 0.000 0.000 0.000 65.000 59.975 54.943 56.912 3.891 0.000 0.000 0.000 0.000 0.000 0.000 56.987 52.978 43.968 0.000 0.000 44.842 56.831 55.818 0.000 0.000 4.045 60.925 52.668 56.487 63.560 78.615 90.547 82.202 83.744 83.298 83.099 82.871 80.648 63.434 42.237 48.237 46.236 27.236 0.000 0.000 0.000 0.000 39.725 21.696 22.653 26.600 34.539 24.470 22.397 21.317 25.234 40.147 47.060 38.973 24.888 19.806 21.725 21.645 21.567 21.490 20.415
54.105 52.039 55.946 66.838 60.760 53.707 72.675 61.662 13.676 0.000 7.361 57.228 73.161 68.117 68.086 71.070 0.000 0.000 0.000 0.000 2.959 2.962 54.969 45.966 48.962 0.000 0.000 0.000 92.841 119.830 34.829 0.000 60.165 55.063 54.901 54.806 50.887 90.917 90.737 83.258 86.854 83.590 83.371 83.146 74.909 27.671 0.000 50.236 28.236 0.000 0.000 0.000 27.925 26.889 25.813 21.762 25.710 37.653 42.590 40.520 33.445 23.366 32.284 40.199 19.114 25.030 37.946 34.865 30.785 38.707 19.629 21.551 19.476
52.163 58.097 68.021 59.941 51.872 51.815 64.768 72.723 68.690 71.622 73.493 68.392 63.323 65.277 54.247 53.232 0.000 0.000 0.000 3.955 59.957 58.958 46.959 48.957 49.951 53.941 52.934 0.000 3.862 0.000 0.000 6.547 66.388 59.262 54.102 55.193 53.237 91.080 52.898 60.477 75.063 82.874 83.650 81.433 40.171 0.000 0.000 0.000 0.000 0.000 0.000 28.986 22.961 22.928 22.879 23.828 33.773 42.713 41.647 41.575 37.499 33.419 43.336 26.252 21.168 22.085 22.003 31.923 44.845 31.767 19.689 20.611 26.537
58.228 69.166 59.100 52.033 52.971 52.915 54.858 38.774 64.739 62.681 54.600 51.523 50.463 66.420 68.393 55.380 0.000 0.000 0.000 59.954 55.954 52.954 45.953 49.951 49.945 49.937 49.927 8.910 11.883 12.872 14.834 82.706 79.581 68.456 67.414 56.413 91.368 91.231 54.960 61.601 56.369 63.162 81.924 56.766 0.000 0.000 0.000 0.000 0.000 0.000 0.000 29.011 23.006 22.985 22.947 23.898 32.842 42.780 41.710 40.636 37.557 42.474 36.390 20.305 22.221 22.139 22.058 31.980 39.904 18.829 21.751 24.666 43.595
69.297 59.240 52.180 53.120 53.064 54.014 34.977 0.000 21.812 49.765 52.701 52.636 52.586 50.549 74.525 58.514 0.000 0.000 0.000 36.953 53.952 47.951 48.949 49.947 49.942 49.936 49.928 60.919 0.900 4.898 21.924 74.862 84.767 6.660 88.585 78.778 91.488 53.551 67.188 63.825 53.688 50.483 47.116 31.941 0.000 0.000 24.612 0.000 0.000 0.000 0.000 25.040 23.069 23.058 23.024 22.977 23.919 29.853 37.779 37.701 37.618 41.532 19.445 22.358 22.273 21.190 27.111 44.035 26.963 20.893 23.818 4.709 5.643
59.370 52.316 53.260 53.204 53.150 56.101 12.059 10.025 2.932 47.867 52.802 54.736 52.694 51.665 69.646 65.636 0.000 0.000 0.000 0.000 44.949 47.948 49.947 49.945 49.941 49.937 51.931 37.925 0.000 0.000 72.103 75.050 85.968 91.843 85.949 83.985 91.590 74.610 77.308 62.145 55.045 47.968 0.000 0.000 0.000 0.000 22.612 0.000 0.000 0.000 0.000 0.000 26.174 23.154 23.116 23.065 23.003 22.933 22.854 29.770 37.682 25.591 22.500 22.410 22.323 25.239 38.161 38.087 20.021 21.963 24.921 0.000 0.000
52.447 53.395 53.341 53.286 53.232 53.180 57.132 58.085 58.025 53.968 53.906 33.811 50.791 51.771 67.757 66.749 0.000 0.000 0.000 0.000 43.947 49.947 49.945 49.944 49.941 49.938 37.935 0.000 0.000 0.627 77.336 83.270 86.178 86.128 85.206 91.725 84.107 86.820 81.504 66.442 56.379 55.375 55.517 0.000 0.000 0.000 19.613 26.613 19.614 0.000 0.000 0.000 41.298 22.267 23.222 23.165 23.098 24.021 22.936 22.844 22.748 22.651 22.554 22.460 21.369 27.284 42.205 19.133 22.069 22.017 23.982 0.000 0.000
53.527 53.475 53.422 53.367 53.311 53.257 53.205 53.158 53.113 53.073 57.043 0.000 43.886 52.873 68.860 63.854 0.000 0.000 0.000 0.000 48.946 51.946 51.945 51.943 49.942 52.940 0.000 0.000 0.000 69.772 75.617 86.513 86.390 86.496 84.541 91.941 85.250 89.891 85.779 86.709 74.657 62.637 51.658 46.658 48.658 0.000 0.000 25.615 20.614 26.609 27.594 25.553 31.454 41.395 23.339 24.275 33.202 40.117 22.023 22.922 22.817 22.710 22.606 21.505 26.410 45.322 39.242 28.170 21.107 22.053 24.008 38.967 56.909
53.610 53.558 53.505 53.449 53.390 53.329 53.275 56.228 54.198 53.170 57.149 0.000 43.995 52.975 69.957 61.954 1.985 0.000 0.000 0.000 21.946 31.945 30.944 30.943 51.942 36.941 0.000 0.000 0.000 71.944 81.850 86.746 86.696 85.796 92.607 92.294 86.325 87.166 86.020 85.961 86.904 77.858 42.821 0.000 0.000 0.000 0.000 23.616 23.619 20.620 22.619 23.612 22.570 29.521 43.464 26.396 24.316 34.224 22.119 23.005 22.887 22.769 22.654 22.545 30.445 43.353 30.272 42.200 20.136 21.081 26.031 46.983 58.930
53.695 53.644 53.590 53.534 53.470 56.396 58.336 30.281 51.279 54.259 56.234 16.211 47.124 52.074 64.039 62.019 3.015 0.000 0.000 0.000 0.000 0.000 0.000 0.000 32.942 0.000 0.000 0.000 20.381 70.211 87.092 86.964 87.074 85.154 92.891 84.927 90.629 86.320 86.271 86.201 86.139 76.071 36.946 0.000 0.000 0.000 0.000 0.000 26.625 27.632 14.652 22.705 23.693 23.655 27.600 43.530 26.444 23.342 23.224 23.092 22.957 22.823 20.696 26.578 45.470 26.375 25.292 39.220 23.158 21.102 28.053 54.005 58.957
53.782 53.731 53.680 53.625 55.560 31.450 33.393 0.000 13.380 49.353 53.317 57.276 53.216 56.159 61.105 66.070 5.042 0.000 0.000 0.000 0.000 0.000 0.000 0.000 0.000 0.000 0.000 3.672 79.551 81.427 87.315 87.265 86.380 93.401 93.155 85.998 86.709 86.577 86.505 86.438 85.381 65.340 0.000 0.000 0.000 0.000 0.000 0.000 0.000 18.632 0.000 29.862 26.844 22.806 22.751 24.679 41.589 30.478 22.342 23.184 23.024 21.872 26.731 28.600 27.483 24.385 22.302 22.232 22.172 23.119 36.072 58.028 58.986
53.869 53.819 53.771 53.728 58.695 0.000 0.000 19.593 11.509 45.455 54.407 52.359 54.304 66.242 38.153 32.111 0.000 0.000 0.000 0.000 0.000 0.000 0.000 0.000 0.000 0.000 0.000 66.793 71.723 85.632 87.512 87.639 85.731 93.627 85.513 87.183 86.873 86.810 86.732 86.665 78.608 55.568 0.000 0.000 0.000 0.000 0.000 0.000 0.000 0.000 0.000 34.038 29.016 22.975 20.918 23.846 23.755 39.638 32.484 23.278 24.085 21.911 28.754 28.609 25.478 19.378 22.299 22.235 24.179 38.131 57.088 59.049 62.015
54.953 52.903 52.859 52.822 55.798 25.802 22.762 54.678 59.607 53.550 51.498 58.448 68.398 71.353 0.000 0.000 0.000 0.000 0.000 0.000 0.000 0.000 0.000 0.000 0.000 0.000 0.000 68.984 76.919 86.829 87.819 86.856 94.043 93.841 86.551 87.251 87.109 87.028 86.952 86.882 68.816 50.757 0.000 0.000 0.000 0.000 0.000 0.000 0.000 0.000 0.000 32.235 30.207 30.161 27.102 20.031 21.946 22.837 38.676 38.360 35.126 31.934 24.764 23.605 20.443 21.351 22.283 26.228 46.180 58.137 58.100 59.067 58.039
69.032 67.983 66.939 64.902 61.872 62.847 62.806 59.749 60.692 62.638 62.588 68.538 70.487 28.420 0.000 0.000 0.000 0.000 0.000 0.000 0.000 0.000 0.000 0.000 0.000 7.502 15.423 70.241 87.133 88.041 87.989 87.217 94.231 86.041 87.710 87.394 87.325 87.241 87.166 85.095 67.018 37.887 0.000 0.000 0.000 0.000 0.000 0.000 0.000 0.000 0.000 22.462 26.416 29.359 30.297 29.232 26.162 22.089 16.023 0.000 0.000 0.000 0.000 0.000 24.338 22.299 25.255 46.213 59.174 58.139 59.108 62.081 58.059
65.105 67.057 66.013 67.975 69.940 68.907 67.867 65.821 63.772 63.724 64.677 60.631 60.591 0.000 0.000 0.000 0.000 0.000 0.000 0.000 0.000 0.000 0.000 0.000 0.000 56.581 79.526 78.424 87.332 88.220 88.347 86.449 94.406 88.140 87.742 87.614 87.526 87.446 87.375 83.315 63.272 0.000 0.000 0.000 0.000 0.000 0.000 0.000 0.000 0.000 29.900 24.734 21.637 23.562 28.497 30.436 30.382 31.335 22.304 0.000 0.000 0.000 0.000 0.000 25.271 23.253 39.226 60.196 58.166 58.138 58.112 59.090 58.072
53.173 53.125 54.083 61.044 70.008 75.973 63.936 57.895 52.852 50.809 49.765 55.718 34.654 0.000 0.000 0.000 0.000 0.000 0.000 0.000 0.000 0.000 0.000 0.000 0.000 62.716 78.674 86.602 88.518 88.487 87.618 94.716 94.568 90.166 87.968 87.803 87.723 87.643 87.573 82.517 57.483 0.000 0.000 0.000 0.000 0.000 0.000 0.000 0.000 30.206 25.066 24.936 24.836 23.757 20.691 25.636 29.593 30.565 27.555 0.000 0.000 0.000 0.000 28.208 22.223 26.216 54.200 58.179 58.156 58.134 58.113 58.095 58.081
52.235 52.189 56.148 61.110 63.075 66.042 56.007 51.971 52.934 52.895 54.857 32.820 0.000 0.000 0.000 0.000 0.000 0.000 0.000 0.000 0.000 0.000 0.000 0.000 0.000 48.893 77.853 87.790 88.693 88.824 86.935 94.853 87.728 89.396 88.072 88.003 87.911 87.829 87.756 78.697 51.661 0.000 0.000 0.000 0.000 0.000 0.000 0.000 29.477 25.346 25.222 25.110 25.016 24.938 24.874 21.825 20.790 23.776 30.796 30.892 0.000 0.000 0.000 22.194 23.196 41.190 58.179 57.163 57.146 58.128 58.112 58.098 58.086
52.292 52.249 54.210 55.174 53.142 52.111 53.080 52.049 52.016 51.981 56.946 1.926 0.000 0.000 0.000 0.000 0.000 0.000 0.000 0.000 0.000 0.000 0.000 0.000 0.412 57.111 86.055 88.983 88.958 88.091 95.102 94.982 90.732 88.429 88.279 88.186 88.094 88.007 88.926 68.854 56.804 0.000 0.000 29.202 0.000 28.919 30.866 30.765 25.608 25.480 25.367 25.266 25.178 25.105 25.045 24.998 23.967 20.953 29.961 30.989 23.989 0.000 0.000 30.178 22.176 30.171 36.161 39.149 43.136 49.122 55.109 57.097 57.088
53.344 53.304 53.268 53.236 53.206 52.179 52.154 52.128 52.100 51.066 59.020 9.974 0.000 0.000 0.000 0.000 0.000 0.000 0.000 0.000 0.000 0.000 0.000 0.000 41.538 77.375 88.275 89.164 89.305 87.398 95.209 88.198 89.867 88.546 88.467 88.367 88.272 88.179 89.086 60.989 38.896 0.000 0.000 25.203 0.000 23.972 25.914 25.822 25.709 25.601 25.500 25.409 25.328 25.258 25.201 25.157 23.126 25.110 31.107 28.114 0.000 0.000 0.000 29.164 28.161 27.155 26.147 25.137 24.126 28.115 39.105 35.095 37.088
51.391 51.355 51.322 51.294 51.269 51.247 51.228 52.210 54.191 56.162 31.097 0.000 0.000 0.000 0.000 0.000 0.000 0.000 0.000 0.000 8.631 0.000 0.000 11.840 52.709 83.582 89.468 89.454 88.482 95.397 95.308 91.195 88.896 88.743 88.645 88.546 88.448 88.350 84.251 31.120 0.000 0.000 0.000 25.203 31.180 26.084 25.995 25.901 25.806 25.713 25.624 25.541 25.466 25.400 25.345 25.302 22.271 31.252 31.245 27.245 0.000 0.000 0.000 28.152 27.149 28.143 28.135 28.127 28.117 28.108 27.100 27.092 26.086
52.434 52.402 55.373 59.349 62.328 66.312 68.300 71.293 70.291 62.295 0.452 11.609 35.633 3.652 0.000 0.000 0.000 0.000 0.000 39.655 66.631 6.599 0.000 45.972 78.877 88.764 89.661 89.589 88.813 95.473 87.645 89.327 89.005 88.925 88.823 88.724 88.623 89.525 76.446 0.000 0.000 0.000 0.000 5.227 25.252 26.190 28.080 27.982 25.902 25.822 25.742 25.665 25.594 25.531 25.478 22.435 27.404 30.384 31.376 22.376 0.000 0.000 0.000 12.145 33.139 33.132 30.125 27.117 27.109 28.101 29.094 29.087 28.082
54.473 53.445 60.420 69.399 70.383 69.373 68.368 67.371 64.386 58.425 33.524 50.596 68.639 37.671 21.699 0.000 0.000 0.000 10.710 49.680 63.638 2.568 21.409 63.198 88.061 90.949 89.792 90.004 87.979 95.537 89.637 89.348 89.195 89.099 89.001 88.902 88.797 90.679 34.562 0.000 0.000 0.000 0.000 0.000 21.412 27.343 8.156 8.045 24.996 25.932 25.858 25.784 25.715 25.653 24.600 22.558 31.525 31.505 28.497 22.509 28.561 0.000 0.000 0.000 44.128 59.123 52.116 48.108 44.100 40.093 43.087 43.082 26.078
54.508 54.484 57.463 60.446 59.434 57.427 55.427 53.436 51.458 51.496 60.556 62.612 59.657 56.695 60.726 8.753 0.000 0.000 50.740 80.716 31.672 27.600 61.487 85.350 90.230 90.094 90.217 88.173 95.621 88.053 89.764 89.447 89.371 89.273 89.180 89.086 91.985 48.832 0.000 0.000 0.000 0.000 0.000 0.000 23.640 28.613 0.000 0.000 22.107 26.051 25.975 25.899 25.828 25.766 22.713 30.670 31.636 30.613 21.600 25.601 25.613 0.000 0.000 0.000 12.123 42.118 60.107 59.098 59.091 59.085 59.079 53.075 43.072
54.540 54.519 54.501 53.488 53.479 54.475 54.478 54.490 52.512 53.546 58.591 61.639 57.684 52.724 55.758 10.780 0.000 0.000 42.793 52.774 30.735 63.674 78.588 87.486 90.384 90.326 89.432 96.015 95.768 89.051 89.777 89.631 89.539 89.446 89.358 89.278 92.224 0.000 0.000 7.611 16.611 0.000 0.000 25.013 27.897 26.858 33.904 0.000 22.275 26.189 26.093 26.007 25.934 23.871 25.817 31.772 31.736 23.709 24.691 25.681 25.678 0.000 0.000 0.000 0.000 0.000 42.097 58.087 58.081 58.076 58.071 59.068 59.065
54.569 54.551 54.536 54.525 54.518 54.516 54.521 53.533 52.554 56.585 60.624 60.669 55.715 51.760 56.801 9.830 0.000 0.000 38.866 7.851 54.820 78.771 84.704 90.630 90.497 90.720 88.718 96.235 88.484 90.191 89.875 89.801 89.706 89.615 89.527 96.445 80.410 0.000 3.610 53.611 39.611 0.000 0.000 20.131 28.075 27.017 26.951 32.802 30.529 29.339 26.201 26.104 26.029 22.966 30.912 31.866 27.828 22.798 25.774 25.755 27.740 31.752 0.000 0.000 0.000 0.000 0.000 55.074 58.070 58.066 58.063 59.059 57.057
54.597 54.581 54.568 54.558 54.552 54.551 53.556 52.568 54.587 58.615 61.652 57.697 52.747 51.801 54.856 36.908 23.974 24.990 20.954 21.944 61.924 82.887 88.837 90.750 90.908 88.915 96.620 96.436 89.498 90.207 90.057 89.963 89.870 89.781 94.690 37.565 52.561 22.600 53.610 61.612 0.000 0.000 0.000 19.304 28.256 27.183 27.082 36.927 47.701 21.435 31.267 27.180 24.113 26.052 31.998 30.951 21.912 24.880 25.853 25.825 12.776 13.764 0.000 0.000 0.000 0.000 0.000 36.064 57.060 58.057 58.054 62.050 58.048
54.623 54.608 54.596 54.587 54.581 54.580 52.584 52.594 56.611 63.637 64.673 60.719 55.775 53.840 53.913 55.974 56.024 65.042 6.015 40.049 78.043 85.017 90.977 90.968 90.121 96.947 96.789 89.869 90.644 90.301 90.223 90.123 90.031 89.949 97.886 0.000 35.668 37.628 27.618 29.615 0.000 0.000 0.000 22.525 28.463 27.377 33.267 49.123 25.912 0.000 12.252 25.237 23.189 31.133 32.078 28.030 24.989 25.957 25.932 27.916 0.000 0.000 0.000 0.000 0.000 0.000 28.056 9.057 48.051 58.048 58.045 63.042 58.038
54.647 54.633 54.621 54.612 54.606 53.605 52.607 54.614 61.627 38.647 14.684 13.732 10.793 40.872 57.983 53.051 56.105 37.140 0.000 45.192 83.183 89.168 91.088 91.357 89.402 97.094 90.216 90.987 90.550 90.486 90.376 90.278 90.184 91.096 89.021 10.962 10.815 0.000 0.000 0.000 0.000 0.000 21.975 29.807 27.696 26.594 46.488 50.385 0.000 0.000 0.000 21.328 27.275 32.212 32.152 22.101 26.058 26.026 26.004 28.992 0.000 0.000 0.000 0.000 0.000 0.000 7.056 0.000 36.040 58.038 58.036 64.034 58.031
54.669 54.655 54.643 54.634 53.628 52.625 54.625 57.628 65.635 24.642 0.000 0.000 0.000 0.000 40.095 55.144 56.204 42.273 44.360 70.345 87.338 91.298 91.503 89.554 97.351 97.228 91.203 90.893 90.739 90.631 90.528 90.427 90.329 93.232 78.138 7.050 0.000 0.000 0.000 0.000 0.000 0.000 22.143 29.032 27.920 25.816 53.706 14.546 0.000 0.000 27.607 32.471 32.371 32.288 30.219 25.162 26.118 26.086 26.065 28.055 0.000 32.135 0.000 0.000 0.000 0.000 0.000 0.000 29.030 58.030 58.028 58.027 58.025
54.688 54.674 54.662 54.653 53.646 52.642 56.640 60.640 64.642 22.644 0.000 0.000 0.000 0.000 20.159 63.224 58.296 64.386 77.463 86.491 90.493 91.537 90.721 97.569 97.464 90.553 91.322 90.974 90.886 90.777 90.675 90.575 94.474 57.363 29.251 0.000 0.000 0.000 0.000 0.000 0.000 24.654 29.422 28.260 30.138 27.042 50.975 0.000 0.000 22.913 29.742 45.580 34.451 31.351 27.272 25.212 25.166 26.134 26.114 26.110 31.129 27.135 18.135 0.000 0.000 0.000 25.015 27.017 26.021 58.022 58.021 58.020 58.019
54.704 54.691 54.679 54.670 52.662 54.657 60.652 61.649 59.648 46.648 7.650 0.000 0.000 0.000 0.000 16.296 12.368 52.514 83.616 87.661 91.649 91.856 90.011 97.664 89.878 91.651 91.211 91.141 93.024 91.919 90.820 90.725 96.629 19.496 0.000 0.000 0.000 0.000 0.000 6.277 45.155 44.887 32.631 29.447 40.329 35.240 36.178 0.000 0.000 21.084 25.870 36.654 32.503 36.391 30.308 33.247 32.202 29.170 26.150 25.141 25.142 31.142 0.000 0.000 0.000 0.000 22.014 22.015 32.015 58.016 58.015 58.015 58.014
