results3/res_3e8f-0030.wd
ncols         241
nrows         181
xllcorner     12693529.787448
yllcorner     3542525.717860
cellsize      155.156523
NODATA_value  -9999.000000
[rows 33 to 65 of 181, columns 75 to 149 of 241]
0.000 0.000 0.000 0.000 0.000 0.000 0.000 0.000 0.000 0.000 0.000 0.000 0.000 0.000 0.000 0.000 0.000 0.000 0.000 0.000 0.000 0.000 0.000 0.000 0.000 0.000 0.000 0.000 0.000 0.000 0.000 0.000 0.000 0.000 0.000 0.000 0.000 28.220 51.221 56.222 12.224 0.000 0.000 21.312 35.332 2.321 0.000 25.391 28.404 22.413 23.415 24.410 24.398 24.379 24.356 23.332 29.313 49.303 0.000 3.259 0.983 35.981 52.714 57.407 56.102 56.825 55.473 57.666 52.814 52.416 52.578 54.940 54.256 54.089 54.838
0.000 0.000 0.000 0.000 0.000 0.000 0.000 0.000 0.000 0.000 0.000 0.000 0.000 0.000 0.000 0.000 0.000 0.000 0.000 0.000 0.000 0.000 0.000 0.000 0.000 0.000 0.000 0.000 0.000 0.000 0.000 0.000 0.000 0.000 0.000 0.000 0.000 0.000 3.221 0.000 0.000 0.000 0.000 0.000 17.389 0.000 0.000 15.419 39.447 38.459 28.461 24.455 24.439 24.414 24.381 23.345 45.315 43.309 0.000 26.312 39.022 52.488 57.103 56.755 56.445 56.063 57.229 53.340 52.640 53.066 55.463 54.789 54.632 54.385 55.157
0.000 0.000 0.000 0.000 0.000 0.000 0.000 0.000 0.000 0.000 0.000 0.000 0.000 0.000 0.000 0.000 16.782 48.782 1.782 0.000 0.000 0.000 0.000 0.000 0.000 0.000 0.000 0.000 0.000 0.000 0.000 0.000 0.000 0.000 0.000 0.000 0.000 0.000 0.000 0.000 0.000 0.000 0.000 0.000 9.446 0.000 0.000 0.000 17.508 35.514 35.516 26.510 24.491 24.456 22.408 38.350 47.295 0.000 12.036 36.656 51.279 57.849 57.450 57.097 56.678 58.810 54.885 52.987 53.566 55.983 55.315 55.165 54.920 54.691 54.464
0.000 0.000 0.000 0.000 0.000 0.000 0.000 0.000 0.000 3.769 41.769 0.000 0.000 0.000 0.000 0.000 23.783 74.783 30.783 0.000 0.000 0.000 0.000 0.000 0.000 0.000 0.000 0.000 0.000 0.000 0.000 0.000 0.000 0.000 0.000 0.000 0.000 0.000 0.000 0.000 0.000 0.000 0.000 0.000 12.504 13.535 20.556 6.568 16.563 24.572 37.581 28.579 24.557 21.513 32.446 42.353 31.220 6.909 36.417 53.997 58.591 58.173 57.783 57.324 57.416 56.456 53.450 54.087 56.513 55.848 55.700 55.455 55.223 54.991 54.763
0.000 0.000 0.000 0.000 0.000 0.000 0.000 0.000 0.000 24.769 59.770 48.771 35.772 0.000 0.000 8.784 62.784 70.784 35.784 0.000 0.000 0.000 0.000 11.439 0.000 0.000 0.000 0.000 0.000 0.000 0.000 0.000 0.000 0.000 0.000 0.000 0.000 0.000 0.000 0.000 17.519 0.000 0.000 28.532 43.530 46.546 44.566 30.586 24.605 23.631 37.657 28.667 20.647 34.593 48.510 36.396 24.325 39.089 43.725 56.327 58.909 58.499 58.005 58.053 56.059 54.027 54.636 57.064 56.399 56.249 56.000 55.763 55.523 55.286 55.054
0.000 0.000 0.000 0.000 0.000 0.000 0.000 0.000 0.000 0.000 57.771 40.772 21.774 0.000 4.784 54.785 65.785 72.786 31.786 0.000 0.000 0.000 0.000 49.439 33.439 0.000 0.000 0.000 0.000 0.000 0.000 0.000 0.000 0.000 12.501 24.502 26.502 0.000 0.000 8.517 33.520 12.524 26.529 49.534 52.540 53.554 50.574 37.604 24.641 21.690 38.749 29.784 33.773 51.700 45.605 0.000 22.596 41.397 54.069 59.671 59.251 58.730 58.732 56.705 54.738 55.220 57.643 56.977 56.824 56.569 56.321 56.068 55.820 55.579 55.338
0.000 0.000 0.000 0.000 0.000 0.000 0.000 0.000 0.000 0.000 0.000 8.774 46.777 42.781 30.784 43.786 63.787 74.789 27.790 0.000 0.000 0.000 0.000 11.439 35.440 37.442 0.000 0.000 0.000 0.000 0.000 0.000 0.000 0.000 28.501 29.502 41.503 24.506 13.510 27.515 28.519 24.524 31.529 38.535 36.543 29.555 48.575 14.615 30.665 33.740 23.865 35.948 48.962 45.831 0.000 0.000 34.065 50.833 59.484 60.052 59.523 59.474 56.416 55.629 55.854 58.259 57.591 57.433 57.171 56.913 56.642 56.370 56.111 56.870 49.626
0.000 0.000 0.000 0.000 0.000 0.000 0.000 0.000 0.000 0.000 0.000 0.000 65.780 60.783 50.786 40.788 64.790 72.792 67.794 52.799 7.801 0.000 0.000 0.000 0.000 45.444 29.446 27.447 38.449 33.450 0.000 0.000 0.000 0.000 28.501 27.501 48.503 54.506 43.509 35.514 27.518 24.523 25.528 26.534 25.541 23.549 31.557 0.000 0.000 0.000 29.024 52.182 50.295 0.000 0.000 34.243 47.765 57.399 60.948 60.516 61.295 57.235 56.794 56.563 58.927 58.249 58.081 57.812 57.546 57.263 56.966 56.660 56.385 56.163 42.018
0.000 0.000 0.000 0.000 0.000 0.000 0.000 0.000 0.000 0.000 0.000 0.000 0.000 37.785 12.788 48.791 67.793 72.796 70.798 68.801 57.803 16.805 0.000 0.000 0.000 1.445 40.446 40.448 53.450 51.452 44.455 39.457 0.000 0.000 0.000 32.500 51.502 58.505 50.509 34.513 23.517 24.522 24.528 24.533 24.538 24.543 28.547 0.000 0.000 0.000 0.000 36.462 5.742 3.917 39.029 43.717 55.374 61.950 61.791 60.015 58.307 58.396 57.390 59.673 58.969 58.777 58.492 58.218 57.932 57.631 57.297 56.918 57.605 49.381 32.265
0.000 0.000 0.000 0.000 0.000 0.000 0.000 0.000 0.000 0.000 0.000 0.000 0.000 0.000 69.792 69.795 71.797 71.800 70.803 64.805 58.807 29.808 0.000 0.000 0.000 0.000 0.000 8.449 53.450 47.453 62.456 59.460 38.466 17.476 18.486 27.496 49.501 58.504 49.507 32.511 22.516 27.522 26.528 24.532 24.536 24.539 25.541 17.539 0.000 0.000 0.000 0.000 0.000 41.532 44.451 52.248 62.923 63.013 61.374 63.229 60.710 58.408 60.535 59.774 59.535 59.219 58.925 58.631 58.336 58.030 56.676 65.110 62.736 35.493 25.395
0.000 0.000 0.000 0.000 3.857 26.857 0.000 4.866 44.866 33.867 37.868 12.869 0.000 0.000 5.795 77.798 71.802 68.805 65.808 68.810 59.811 22.812 0.000 0.000 0.000 0.000 0.000 0.000 0.000 0.000 51.458 52.460 3.463 0.000 0.000 31.499 49.501 54.503 44.506 35.510 33.513 0.000 2.530 30.532 24.535 24.537 25.538 31.537 39.536 1.536 0.000 0.000 14.612 47.231 51.006 61.755 63.939 63.581 67.056 65.607 59.797 61.566 60.691 60.371 60.002 59.670 59.351 59.045 58.750 58.478 64.265 0.000 0.000 14.460 32.428
0.000 0.000 0.000 0.000 3.857 46.858 0.000 38.865 40.866 52.868 35.869 20.870 0.000 0.000 0.000 62.802 74.807 71.811 71.814 72.816 66.817 20.818 0.000 0.000 0.000 0.000 0.000 0.000 0.000 0.000 0.000 36.459 0.000 0.000 0.000 37.500 34.501 46.503 3.504 0.000 0.000 0.000 0.000 0.000 34.535 28.535 0.000 21.537 55.536 38.536 0.000 0.000 19.002 52.744 61.580 64.662 64.412 68.703 68.029 61.189 62.693 61.705 61.283 60.845 60.462 60.104 59.767 59.447 59.143 58.866 63.643 6.559 0.000 0.000 0.000
35.832 0.000 0.000 0.000 0.000 57.861 33.863 35.865 41.867 65.869 66.871 61.873 15.875 0.000 0.000 0.000 22.813 76.819 71.822 72.824 69.824 28.825 0.000 0.000 0.000 0.000 0.000 0.000 0.000 0.000 0.000 0.000 0.000 0.000 0.000 0.000 0.000 0.000 0.000 0.000 0.000 0.000 0.000 0.000 0.000 9.535 6.534 0.000 0.000 0.000 0.000 8.034 45.566 62.528 64.196 65.118 69.470 69.171 62.173 63.700 62.709 62.225 61.727 61.292 60.891 60.519 60.167 59.832 59.510 59.199 61.882 45.476 2.682 0.000 0.000
39.834 35.836 0.000 0.000 0.000 49.862 51.863 51.865 63.868 60.871 72.874 71.876 32.878 0.000 0.000 0.000 0.000 78.832 71.832 72.832 69.832 29.833 0.000 0.000 0.000 38.847 50.847 19.847 0.000 0.000 0.000 0.000 0.000 0.000 0.000 0.000 0.000 0.000 0.000 0.000 0.000 0.000 0.000 0.000 0.000 0.000 0.000 0.000 0.000 0.000 5.799 46.391 63.422 64.037 70.191 69.742 63.333 63.913 64.422 63.600 63.117 62.601 62.134 61.700 61.294 60.912 60.549 60.203 59.868 66.539 7.211 0.000 15.802 0.000 0.000
41.836 42.839 34.842 0.000 39.860 34.862 42.864 55.866 59.870 70.873 71.877 70.881 39.883 0.000 0.000 0.000 0.000 77.845 71.843 72.841 67.841 47.842 31.846 32.848 32.849 40.848 61.847 28.847 0.000 0.000 0.000 0.000 0.000 0.000 0.000 0.000 0.000 0.000 0.000 0.000 0.000 0.000 0.000 0.000 0.000 0.000 0.000 0.000 3.685 34.502 44.091 63.144 64.792 71.489 70.934 63.802 65.541 64.894 64.364 63.910 63.419 62.953 62.506 62.081 61.674 61.286 60.917 60.563 67.219 12.879 0.000 0.000 1.177 3.473 4.685
55.838 38.842 42.846 42.853 33.859 26.863 0.000 0.000 1.873 60.876 71.882 69.888 54.891 21.896 0.000 0.000 46.870 67.860 72.854 71.850 72.848 62.848 38.849 35.850 34.850 43.849 61.848 44.847 30.846 31.844 35.843 46.842 10.841 0.000 0.000 0.000 0.000 0.000 0.000 0.000 0.000 0.000 0.000 0.000 0.000 0.000 0.000 0.000 14.846 54.724 62.723 65.421 72.249 71.917 64.443 66.138 65.384 65.032 64.605 64.161 63.718 63.281 62.856 62.443 62.037 61.640 61.268 66.914 13.566 0.000 0.000 0.000 0.438 3.550 0.000
71.841 42.844 36.848 37.854 39.863 39.867 28.871 0.000 0.000 0.000 5.889 76.896 66.899 44.900 36.899 43.893 42.881 44.871 52.863 53.858 40.855 37.854 35.854 35.854 34.853 43.852 58.850 37.848 34.847 39.845 55.843 58.842 43.841 17.840 0.000 0.000 0.000 0.000 0.000 0.000 0.000 0.000 0.000 0.000 0.000 0.000 0.000 5.536 47.453 63.124 66.006 72.666 72.497 65.049 66.727 65.976 65.646 65.239 64.834 64.421 64.007 63.598 63.196 62.797 62.391 61.968 67.603 13.259 0.000 0.000 0.000 0.000 0.000 0.000 5.691
71.844 57.847 0.000 0.000 44.870 40.873 51.875 42.875 0.000 0.000 0.000 64.910 61.910 46.908 37.905 34.899 34.890 37.880 50.871 58.864 61.860 54.859 44.859 37.858 36.857 52.855 55.853 30.850 34.848 34.845 35.843 39.842 18.841 0.000 0.000 0.000 0.000 0.000 0.000 0.000 0.000 0.000 0.000 0.000 0.000 8.522 40.257 48.214 61.804 73.163 72.834 65.962 66.599 67.214 66.565 66.235 65.842 65.459 65.070 64.680 64.292 63.909 63.532 63.158 63.764 70.236 13.920 0.000 0.000 0.000 0.000 0.000 0.000 0.000 17.717
71.848 71.853 58.863 41.870 41.875 41.880 32.884 0.000 0.000 5.934 57.932 54.925 57.922 50.919 51.915 51.909 51.900 54.891 49.876 49.868 51.864 55.863 56.864 54.864 50.862 61.859 59.856 47.853 48.850 48.847 50.844 25.842 0.000 0.000 0.000 0.000 0.000 0.000 0.000 0.000 0.000 0.000 0.000 0.000 42.958 43.677 64.788 65.433 74.185 73.740 68.373 68.133 67.563 67.139 66.800 66.423 66.053 65.681 65.309 64.939 64.572 64.214 63.866 64.540 68.272 0.971 0.000 0.000 0.000 0.000 0.000 0.000 0.000 12.946 8.830
70.851 71.857 68.865 46.873 40.880 41.888 42.897 34.908 0.000 49.937 46.937 47.936 48.934 43.931 47.927 52.921 60.913 45.906 0.000 0.000 0.000 54.868 50.872 50.871 50.868 50.864 50.860 50.856 50.852 50.848 48.844 43.840 16.837 0.000 0.000 37.796 44.790 56.780 26.770 0.000 0.000 0.000 0.000 44.446 55.233 67.236 67.952 74.820 74.540 68.945 68.668 67.976 67.689 67.340 66.981 66.623 66.263 65.904 65.547 65.193 64.846 64.507 65.179 67.865 15.568 0.000 0.000 0.000 0.000 0.000 0.000 0.000 9.117 15.064 0.002
60.854 71.861 71.868 61.877 37.886 40.897 41.908 41.920 47.934 56.941 40.945 37.947 35.948 42.946 57.942 56.935 41.925 21.915 0.000 0.000 0.000 0.000 39.886 34.882 34.876 34.871 34.865 35.859 38.854 39.849 39.845 38.839 39.833 38.825 38.815 47.803 54.793 52.781 59.761 57.706 52.594 50.419 53.099 64.958 68.598 68.468 75.189 75.037 69.502 69.206 68.504 68.221 67.868 67.522 67.173 66.823 66.474 66.126 65.780 65.440 65.110 65.790 66.478 5.171 0.000 0.000 0.000 0.000 0.000 0.000 0.000 0.000 20.172 6.131 0.000
38.858 66.864 70.871 51.880 34.891 33.905 41.918 41.931 40.942 34.949 35.955 41.962 58.965 57.964 40.960 33.952 23.939 0.000 43.959 52.952 48.940 49.925 52.905 55.894 54.885 55.877 58.870 57.863 54.857 56.852 51.846 37.840 41.834 40.826 45.818 63.808 70.799 67.789 61.788 56.761 58.676 65.450 70.567 69.207 75.655 75.350 69.362 71.017 69.658 69.046 68.752 68.397 68.054 67.708 67.364 67.022 66.683 66.346 66.009 66.677 64.366 60.066 11.772 0.000 0.000 0.000 0.000 0.000 0.000 0.000 0.000 6.419 10.271 4.159 2.009
31.862 50.867 61.872 36.881 28.896 35.915 33.930 40.943 41.954 41.958 34.964 51.981 43.986 32.985 35.981 27.978 0.000 52.977 55.967 55.957 57.945 58.931 61.915 65.903 64.893 64.884 64.875 66.867 67.860 65.854 53.848 39.842 41.836 41.829 41.821 44.814 18.806 0.000 81.838 123.897 101.760 67.961 69.706 76.604 76.184 69.752 72.528 69.987 69.591 69.279 68.929 68.585 68.238 67.893 67.552 67.219 66.892 66.565 68.232 62.895 51.608 6.337 0.000 0.000 0.000 0.000 0.000 0.000 0.000 0.000 4.760 17.568 6.337 6.173 1.827
0.000 7.869 42.872 24.876 0.000 30.930 35.945 35.960 41.973 30.965 0.000 36.014 34.013 36.009 37.004 46.999 60.999 57.987 59.976 65.964 75.952 119.938 116.923 116.912 116.902 116.892 117.879 101.870 33.863 36.857 34.851 42.845 41.838 38.832 36.826 18.821 0.000 0.000 0.000 49.104 66.328 71.122 77.234 76.949 69.295 71.042 70.384 70.123 69.798 69.460 69.118 68.772 68.423 68.074 67.734 67.410 68.099 66.792 58.460 47.063 4.836 0.000 0.000 0.000 0.000 0.000 0.000 0.000 0.000 0.000 16.954 8.760 0.000 0.000 9.529
0.000 57.869 35.870 0.000 0.000 0.000 29.961 42.978 35.013 0.000 0.000 44.049 35.043 46.035 59.027 59.018 64.010 66.998 59.986 45.973 36.960 32.947 30.929 33.919 34.910 21.905 0.000 38.871 35.867 34.861 38.854 42.848 39.842 31.836 38.829 19.825 0.000 0.000 44.778 61.732 71.540 77.648 77.468 69.825 71.558 70.896 70.644 70.317 69.990 69.654 69.311 68.963 68.607 68.245 67.901 68.587 64.304 53.043 9.751 0.000 0.000 0.000 0.000 0.000 0.000 0.000 0.000 0.000 0.000 14.521 13.343 0.000 0.000 7.995 7.649
62.672 0.000 0.000 0.000 0.000 0.000 0.000 0.000 39.090 37.115 45.114 42.090 42.075 42.063 59.050 73.038 62.025 42.011 39.996 34.983 36.970 27.960 0.000 39.923 36.917 25.912 0.000 39.877 34.872 35.865 42.858 40.851 38.845 20.842 0.000 0.000 41.492 39.359 56.128 72.052 77.865 70.682 71.283 71.985 71.421 71.165 70.842 70.522 70.192 69.854 69.510 69.161 68.797 69.399 69.039 58.732 43.489 6.325 0.000 0.000 0.000 0.000 0.000 0.000 0.000 0.000 0.000 0.000 3.862 15.701 3.556 0.000 8.697 9.345 0.000
50.687 0.000 0.000 52.226 45.230 39.234 0.000 0.000 57.142 54.143 41.137 42.122 42.106 43.091 64.075 116.058 109.041 56.024 111.007 31.992 35.977 35.964 37.951 35.935 35.924 35.914 37.903 33.888 33.879 42.871 41.863 38.854 33.848 22.844 0.000 0.000 43.625 50.494 72.516 71.426 78.221 71.735 72.354 71.938 71.683 71.372 71.059 70.735 70.402 70.060 69.714 69.376 71.022 66.514 48.123 34.816 36.593 2.469 0.000 0.000 0.000 0.000 0.000 0.000 0.000 0.000 0.000 4.210 18.024 11.866 1.726 10.410 10.052 0.000 0.000
0.000 0.000 0.000 35.222 44.232 41.239 59.238 53.224 58.192 66.180 57.169 42.155 42.138 42.120 41.101 35.080 30.058 35.037 32.018 36.000 35.984 35.969 35.955 35.942 35.930 35.919 34.907 39.895 41.885 42.878 26.870 0.000 26.847 0.000 0.000 0.000 47.862 69.805 73.839 79.294 78.802 71.833 72.514 72.185 71.902 71.601 71.285 70.957 70.621 70.271 69.910 68.606 30.399 0.000 0.000 0.000 0.000 0.000 0.000 0.000 0.000 0.000 0.000 0.000 0.000 0.000 1.771 17.397 11.161 2.007 11.940 7.674 0.000 0.000 0.000
41.160 0.000 40.162 36.209 35.237 53.251 46.252 62.243 71.225 51.215 37.204 35.190 38.173 41.152 42.128 42.102 35.076 34.050 35.027 35.007 35.989 35.974 35.960 40.947 37.935 34.925 35.913 38.899 42.890 31.885 0.000 0.000 0.000 0.000 3.606 123.488 67.196 74.232 72.232 79.719 71.633 74.175 75.682 72.434 72.145 71.842 71.523 71.189 71.853 68.493 56.048 46.742 4.570 0.000 0.000 0.000 0.000 0.000 0.000 0.000 0.000 0.000 0.000 0.000 0.000 0.439 14.018 13.713 0.000 0.813 2.682 0.013 0.000 0.000 3.447
15.364 39.871 36.116 35.215 46.258 50.275 61.279 68.271 34.249 33.252 34.244 36.230 35.211 32.187 40.158 41.126 42.093 41.061 35.034 34.012 32.993 33.977 39.963 98.952 66.941 46.931 29.922 0.000 44.889 52.889 0.000 0.000 0.000 0.000 47.727 58.633 75.524 73.577 80.449 80.100 72.729 73.276 73.962 72.691 72.404 72.100 71.776 72.422 71.109 23.801 0.000 0.000 0.000 0.000 0.000 0.000 0.000 0.000 0.000 0.000 0.000 0.000 0.000 0.000 0.000 9.605 16.423 0.404 1.387 9.226 7.095 1.092 0.000 0.277 19.407
0.000 33.134 36.217 38.276 59.306 70.315 84.316 66.315 0.000 52.300 52.291 36.276 36.255 35.227 33.192 36.153 42.108 40.069 41.038 43.014 40.995 38.979 34.966 29.955 34.947 29.939 0.000 0.000 0.000 38.894 30.895 0.000 0.000 0.000 57.943 74.831 74.922 72.959 80.764 72.440 74.953 76.475 73.235 72.964 72.680 72.379 72.060 69.615 24.362 0.000 0.000 0.000 0.000 0.000 0.000 0.000 0.000 0.000 0.000 6.779 0.000 0.000 7.890 0.000 8.004 19.800 7.648 2.604 7.506 11.374 4.256 0.000 0.000 7.329 27.357
0.000 31.315 37.344 53.368 64.375 112.362 106.356 108.358 114.373 110.357 111.346 36.330 36.306 35.273 35.233 34.184 29.120 39.067 41.035 42.012 39.994 41.979 41.967 42.958 35.952 0.000 0.000 0.000 0.000 39.899 24.897 0.000 0.000 49.433 71.236 75.182 74.181 81.333 81.057 73.499 74.056 74.759 73.511 73.251 72.974 73.676 48.470 0.000 0.000 0.000 0.000 0.000 0.000 0.000 0.000 0.000 19.155 8.142 0.000 1.779 1.509 2.044 1.890 4.518 17.209 13.944 8.767 9.672 7.587 5.507 1.396 0.000 0.000 15.308 31.321
0.000 32.467 49.475 57.478 63.464 34.404 33.387 32.390 29.405 30.410 30.406 36.392 36.366 52.328 52.282 28.233 0.000 26.046 39.025 41.006 38.989 40.976 40.966 41.958 37.953 0.000 0.000 0.000 37.914 22.906 0.000 0.000 50.760 59.623 76.481 75.389 74.580 81.589 73.164 75.699 78.245 74.033 73.797 73.558 72.289 59.880 18.675 0.000 0.000 0.000 0.000 0.000 5.396 0.371 0.335 0.280 4.167 16.130 19.059 4.973 0.000 1.034 2.923 17.706 16.370 2.009 10.805 11.730 10.664 3.607 0.009 0.000 3.260 23.277 31.290
