results3/res_3e8f-0198.wd
ncols         241
nrows         181
xllcorner     12693529.787448
yllcorner     3542525.717860
cellsize      155.156523
NODATA_value  -9999.000000
[rows 132 to 164 of 181, columns 0 to 72 of 241]
96.292 101.291 105.291 105.290 107.289 107.288 101.286 92.284 78.282 67.280 66.277 67.274 66.270 65.266 70.261 84.256 95.251 100.244 100.237 97.228 89.218 80.206 71.192 65.173 70.150 72.121 71.088 72.050 70.017 64.988 78.959 101.930 68.907 0.000 0.000 0.000 8.689 60.683 72.678 69.658 71.644 77.636 95.637 81.643 65.652 64.664 64.679 76.695 97.714 38.733 11.757 6.791 0.000 0.000 0.000 0.000 0.000 0.000 0.000 0.000 0.000 0.076 3.077 1.077 28.077 8.002 11.927 52.830 75.689 79.592 79.486 89.574 117.041
74.296 76.296 79.295 85.295 95.294 101.292 106.291 106.289 99.287 85.284 74.281 68.278 72.274 79.270 92.266 107.261 106.255 103.248 103.241 106.232 106.222 102.210 90.196 78.178 70.158 65.134 66.107 65.078 66.052 74.028 96.006 103.988 15.976 0.000 0.000 0.000 18.695 46.701 64.726 73.723 74.712 71.701 72.705 82.711 77.718 70.726 74.736 82.748 95.761 36.777 22.797 28.825 8.855 0.000 0.000 0.000 0.000 0.000 0.000 0.000 0.000 0.000 0.000 0.000 10.153 0.000 59.950 81.873 77.755 86.730 77.795 117.161 105.921
66.301 66.301 66.300 68.300 73.299 77.297 84.296 93.294 101.292 104.289 98.286 96.283 98.279 101.275 100.271 93.266 84.260 82.253 82.246 87.237 93.227 100.216 103.202 102.187 91.169 81.149 76.127 74.105 83.084 99.066 100.050 86.039 19.035 0.000 0.000 0.000 0.000 0.000 47.803 74.795 53.781 41.751 56.771 71.778 86.783 90.787 92.792 93.798 89.807 16.817 3.828 31.857 28.885 16.913 22.926 16.931 0.000 0.000 0.000 0.000 0.000 0.000 44.367 14.317 80.228 102.164 135.021 90.996 86.050 67.010 103.077 107.601 107.510
67.306 67.306 67.305 67.305 66.304 65.302 67.301 72.299 78.297 88.294 98.291 100.288 93.285 83.281 77.276 69.271 65.265 65.259 65.252 67.244 72.234 78.223 85.211 97.197 102.182 104.165 103.148 99.131 102.115 95.101 77.090 69.085 48.088 6.109 0.000 0.000 0.000 0.000 40.888 73.874 16.864 0.000 49.849 74.848 93.848 101.847 87.846 90.846 76.850 34.857 0.872 58.893 27.913 19.929 30.933 30.935 1.938 0.000 0.000 0.000 0.000 31.470 50.417 123.359 152.283 135.166 118.723 117.670 109.342 107.984 107.864 107.737 72.959
67.311 67.311 67.311 67.310 67.309 67.308 67.306 66.305 66.302 69.300 75.297 74.294 70.290 66.286 66.282 66.277 67.272 67.266 67.259 67.251 66.242 65.233 67.222 73.210 80.197 89.183 97.169 93.155 82.143 70.132 66.124 71.121 79.123 55.131 33.138 33.129 19.106 20.063 55.988 76.949 26.938 8.953 68.928 100.918 102.913 81.908 84.900 83.890 71.890 60.900 11.902 39.914 13.946 1.957 14.943 1.940 3.941 1.936 0.000 0.000 0.000 12.525 75.471 81.392 77.381 78.542 76.517 108.304 108.203 108.097 75.299 78.080 79.954
67.317 67.317 67.316 67.316 67.315 67.314 67.312 67.310 67.308 67.306 66.303 66.300 66.297 67.293 67.289 67.284 67.279 67.273 67.267 67.260 67.252 67.243 67.233 66.223 65.212 66.201 70.189 68.178 67.169 71.161 74.155 73.152 71.152 73.153 73.153 70.144 70.126 74.095 49.051 34.995 23.986 41.994 86.990 100.985 80.979 73.971 72.957 52.922 48.921 11.951 0.049 0.000 2.010 4.010 0.000 0.000 7.949 22.931 37.888 7.825 21.747 84.603 91.592 89.666 87.653 88.736 108.493 108.400 89.538 96.332 89.189 94.964 86.809
67.323 67.323 67.322 67.322 67.321 67.320 67.318 67.317 67.315 67.312 67.310 67.307 67.303 67.299 67.295 67.291 67.286 67.281 67.275 66.269 73.262 75.254 67.246 66.237 65.228 66.218 68.209 71.201 74.193 73.187 68.183 69.180 76.179 79.178 75.176 69.169 66.158 75.141 6.125 0.000 9.017 82.047 91.053 78.051 70.046 90.039 36.033 0.000 0.000 2.070 3.098 3.097 3.068 4.062 0.000 0.000 32.976 74.951 103.908 64.848 97.735 105.896 102.860 101.953 108.750 108.668 108.582 101.619 103.499 103.200 102.064 100.998 18.917
67.329 67.329 67.328 67.328 67.327 67.326 67.325 67.323 67.321 67.319 70.316 70.313 68.310 72.306 70.302 67.299 67.295 67.290 66.285 64.279 75.273 83.266 69.259 66.251 68.243 71.236 73.228 72.222 69.216 71.212 76.208 78.206 79.206 79.205 74.203 68.200 77.194 96.187 15.182 0.000 0.000 56.125 79.125 76.121 80.115 100.107 34.104 0.000 3.144 3.121 3.129 3.125 3.100 5.107 0.000 31.074 83.031 98.985 101.921 106.924 104.093 101.086 108.975 108.904 108.829 100.923 101.711 102.587 102.270 102.245 95.179 72.089 0.000
67.335 67.335 67.335 67.334 67.333 67.332 67.331 67.330 67.328 68.326 75.324 75.321 52.317 20.314 41.309 71.307 65.303 68.299 74.295 77.290 77.284 73.278 69.272 70.265 73.259 72.253 71.247 73.242 77.238 77.235 79.233 78.232 69.232 64.232 66.233 79.232 98.232 108.232 30.234 0.000 0.000 31.203 87.199 89.194 96.185 95.171 31.170 0.000 3.167 1.169 2.171 3.174 0.000 9.160 35.160 79.125 101.056 104.080 103.175 103.182 102.278 109.109 109.043 101.121 101.925 102.790 102.579 102.438 102.397 94.333 86.292 0.000 0.000
67.342 67.341 67.341 67.341 67.340 67.339 67.338 67.337 67.335 69.334 78.331 89.328 65.324 2.321 8.315 56.315 82.313 74.309 72.305 72.301 70.296 69.291 71.285 73.280 71.275 67.270 69.265 81.261 83.259 73.257 67.256 64.257 64.258 69.260 83.262 99.265 96.269 80.275 52.287 20.314 14.315 58.285 87.276 69.271 60.260 52.223 17.236 1.286 1.221 22.213 13.213 3.224 0.000 28.215 79.199 101.128 103.335 102.336 102.450 109.296 109.236 109.174 101.179 103.067 102.782 102.659 102.607 102.537 96.464 83.403 73.367 0.000 0.000
67.348 67.348 67.348 67.347 67.347 67.346 67.345 67.344 67.343 69.342 79.340 66.337 22.331 4.332 0.000 24.325 78.323 70.320 72.316 71.312 69.308 72.303 73.299 70.294 67.290 63.286 73.282 87.280 74.278 64.278 65.279 70.281 80.283 91.287 102.291 95.297 73.304 68.313 87.325 94.341 95.347 99.345 74.347 35.354 7.362 0.000 1.436 1.442 0.000 35.228 22.242 2.289 33.310 79.262 101.296 103.497 102.523 109.459 109.408 109.354 101.441 102.243 103.135 102.836 102.824 102.767 102.694 103.606 91.529 62.446 51.407 9.407 3.407
66.355 66.355 67.354 67.354 67.354 67.353 67.353 67.352 67.351 70.350 80.349 51.348 0.000 10.344 48.345 50.338 67.334 69.331 57.327 39.324 77.320 72.316 68.312 67.308 65.305 67.301 83.299 86.297 68.297 71.298 83.300 92.304 101.308 99.313 87.320 73.327 66.336 82.348 86.361 74.375 55.388 53.400 41.415 21.437 10.471 4.541 2.563 22.579 17.597 0.000 0.000 27.357 79.416 102.538 103.571 101.692 109.557 109.509 101.599 102.413 103.295 103.104 102.984 102.963 102.913 102.864 105.796 69.667 49.597 0.000 0.000 0.000 0.000
75.362 73.362 70.361 68.360 65.361 65.361 65.360 65.360 64.359 69.359 81.358 64.358 45.359 53.355 71.352 67.348 64.345 70.342 65.339 52.336 72.332 66.329 65.326 65.322 67.319 81.316 89.314 55.313 47.314 97.316 102.320 97.326 86.332 76.339 68.347 64.356 75.367 87.380 55.395 30.412 13.430 4.451 21.476 20.506 10.545 11.590 14.619 42.632 26.615 0.000 0.000 59.652 101.695 100.829 109.693 109.650 109.604 101.633 103.530 103.258 103.152 103.124 105.083 100.035 102.006 102.980 113.959 0.000 0.000 0.000 0.000 0.000 0.000
76.370 78.369 84.367 85.367 85.368 82.368 83.368 82.368 81.368 81.367 83.367 66.366 70.366 69.363 66.361 69.358 69.356 68.353 73.350 75.348 69.345 63.342 65.339 67.336 81.333 86.330 75.328 69.328 78.329 101.333 84.340 75.347 67.354 65.363 67.372 66.383 80.396 89.410 53.428 29.447 17.470 19.498 22.530 14.568 15.611 21.655 23.692 16.716 0.000 0.000 37.895 79.914 109.810 109.773 109.735 101.863 102.671 103.573 103.283 103.282 104.242 104.198 77.156 55.096 90.097 104.092 109.102 49.160 0.000 0.000 0.000 0.000 0.000
69.379 63.377 16.372 18.371 27.375 74.376 71.376 71.376 71.376 75.376 84.375 65.375 66.374 65.372 68.370 72.368 73.366 71.364 70.362 73.360 74.357 71.355 65.353 82.350 88.347 79.344 85.341 102.340 99.342 81.348 69.358 65.368 67.376 67.386 66.396 71.408 87.422 89.438 81.457 84.480 55.506 17.539 9.579 8.626 20.676 27.728 17.778 14.826 6.856 33.022 81.066 109.879 109.846 102.001 102.813 103.702 103.517 103.405 103.392 104.347 102.308 96.270 21.250 0.000 72.193 107.190 104.197 103.217 0.000 0.000 0.000 0.000 0.000
67.389 59.389 0.000 0.384 9.385 70.385 66.385 66.385 66.385 70.384 84.384 62.383 66.382 70.381 72.380 73.378 70.377 67.375 65.373 67.372 77.370 90.368 85.367 86.364 63.362 57.357 109.351 95.349 62.350 22.359 42.378 70.389 67.398 67.408 69.419 62.431 46.446 36.463 48.484 88.507 64.536 17.574 12.622 7.680 16.739 21.802 15.868 20.927 21.011 59.152 109.928 101.187 104.928 103.836 103.651 103.543 103.521 103.488 104.448 104.413 69.376 45.324 31.324 34.332 85.291 106.277 102.279 93.295 11.329 0.000 0.000 0.000 0.000
67.399 67.400 50.405 0.394 10.394 71.394 67.394 67.394 66.393 67.393 82.393 69.392 72.391 74.390 73.389 68.388 65.387 66.386 66.385 65.384 75.383 98.382 94.381 81.379 74.377 65.373 41.359 30.353 17.352 0.000 23.406 72.412 67.419 69.428 52.440 26.453 11.468 8.486 50.506 67.530 36.558 8.597 11.654 16.733 23.799 19.873 13.964 7.044 10.337 58.378 109.991 104.076 103.839 103.663 103.649 103.616 103.578 103.542 101.510 92.480 25.459 0.000 42.391 101.382 106.362 104.350 98.347 88.353 6.364 0.000 0.000 0.000 0.000
64.408 66.409 63.410 0.000 6.403 71.403 66.403 64.403 66.402 70.402 74.402 73.401 73.401 71.400 65.399 66.398 66.398 67.397 67.396 72.396 90.395 89.395 82.395 91.395 89.396 60.396 0.000 0.000 0.000 0.000 21.429 72.432 67.439 70.447 41.458 3.472 37.487 63.505 83.526 52.548 4.568 0.640 0.711 5.798 15.851 15.931 16.036 10.274 6.907 110.171 110.083 102.981 103.830 103.732 103.701 103.665 103.630 105.597 90.567 73.540 33.520 9.512 57.467 87.443 96.424 105.412 94.407 83.407 5.409 0.000 0.000 0.000 0.000
71.416 69.417 58.417 0.000 57.413 65.412 67.412 71.411 72.411 73.411 71.411 72.410 70.410 66.409 66.409 67.408 67.408 66.408 68.407 91.407 90.408 72.408 85.409 83.411 87.414 85.421 48.438 4.448 13.453 43.454 48.448 68.450 67.456 67.464 62.475 54.488 71.504 70.523 64.544 86.567 34.590 0.667 0.736 9.824 14.878 12.956 14.052 38.197 62.587 110.253 105.305 105.056 104.798 103.787 103.749 103.715 104.681 102.649 57.620 34.593 46.570 47.549 101.521 103.498 83.481 93.468 88.461 61.458 26.457 0.000 0.000 0.000 0.000
72.424 73.424 70.425 58.426 72.423 72.421 72.421 73.420 73.420 74.420 86.420 68.419 66.419 66.419 67.419 67.419 67.418 68.418 82.419 93.419 68.420 72.421 99.422 91.425 79.429 82.435 85.445 69.452 74.457 89.460 82.461 70.464 63.470 63.478 74.489 90.502 77.518 49.537 21.560 76.587 65.625 14.685 17.745 22.811 18.880 9.967 12.033 53.313 105.560 110.330 102.284 104.939 105.869 103.833 103.798 103.764 96.731 86.699 43.669 14.642 23.617 24.594 85.570 127.549 108.532 84.519 76.511 55.506 64.504 17.504 0.000 3.710 7.710
77.431 77.431 73.431 73.432 73.431 74.430 74.429 70.429 67.429 66.429 29.429 19.428 70.428 67.428 67.428 67.429 66.429 69.429 93.430 79.430 64.431 70.433 87.435 104.438 99.442 96.447 94.453 90.459 86.464 85.468 93.471 90.475 84.482 80.490 83.500 87.514 49.529 13.548 12.570 28.597 24.638 9.690 18.740 28.796 24.866 15.964 9.124 52.378 110.472 110.403 105.176 107.023 103.912 103.882 104.846 100.812 84.778 77.747 83.717 89.689 73.663 95.639 110.616 127.596 136.579 120.566 82.557 87.552 62.550 0.000 0.000 0.000 0.000
16.439 17.438 77.438 72.438 72.438 67.438 64.438 66.438 61.438 14.438 14.438 3.438 71.438 67.438 67.438 67.438 67.439 85.439 92.440 65.441 67.443 67.444 70.447 76.449 78.453 78.458 74.462 77.467 93.472 86.476 77.480 80.485 87.491 91.499 94.509 91.522 66.538 31.556 14.576 13.594 0.000 2.698 13.728 22.769 6.817 0.000 22.337 82.584 110.540 102.515 106.245 105.983 103.969 103.929 104.893 99.858 86.825 52.793 59.763 102.734 113.707 145.682 136.660 108.639 96.622 113.608 92.599 86.594 61.594 0.621 0.000 0.000 0.000
3.446 12.446 26.443 81.446 66.446 64.446 66.446 66.446 67.446 14.446 5.447 60.447 68.447 67.447 67.448 67.448 69.449 93.450 78.451 64.452 67.453 67.455 67.458 66.460 66.464 66.468 65.472 72.476 101.480 80.484 11.488 19.493 31.499 82.507 92.516 76.528 81.543 68.562 20.585 17.609 2.641 7.677 20.705 12.734 0.000 0.000 40.504 110.669 110.605 105.398 107.141 103.050 104.013 103.975 103.938 103.903 90.869 53.837 68.806 105.777 101.750 135.724 130.700 99.679 104.661 90.647 71.636 89.631 67.633 1.647 0.000 0.000 0.000
65.455 61.455 0.000 73.455 83.455 84.455 65.455 77.455 84.455 60.455 58.455 68.456 67.456 67.457 67.457 67.458 86.459 90.460 65.461 67.462 66.464 65.466 67.468 67.471 67.474 67.477 66.481 74.484 103.488 84.492 30.496 3.501 54.506 79.512 92.520 71.530 61.544 20.566 13.592 16.614 14.639 22.663 26.681 0.708 0.000 19.420 81.675 110.730 102.651 106.376 106.119 104.100 104.058 104.019 103.982 104.947 95.913 84.880 107.849 132.819 120.790 137.764 134.739 128.717 135.697 101.681 78.669 88.662 96.661 25.665 0.000 0.000 0.000
67.463 66.464 61.467 67.464 66.463 14.463 88.463 80.463 67.463 68.464 68.464 67.465 67.465 67.466 67.467 70.468 93.469 76.470 66.471 67.472 73.474 81.476 67.478 65.481 67.484 66.487 69.490 93.493 101.496 76.500 64.503 52.507 74.512 73.516 34.522 19.528 16.536 0.000 5.602 5.617 6.636 7.656 9.668 0.000 22.466 79.629 101.808 110.790 103.614 104.258 104.182 104.141 104.101 104.062 104.025 104.989 95.955 78.921 74.889 107.859 97.829 111.801 114.775 102.751 104.729 76.711 53.696 67.688 134.684 87.686 22.696 12.702 34.706
67.471 67.471 67.472 67.471 67.471 61.471 77.471 93.471 69.472 66.472 67.473 67.474 67.474 67.475 66.476 89.477 91.478 65.479 67.480 68.482 65.484 27.486 86.488 81.491 68.493 66.496 84.499 103.502 87.504 67.507 67.510 68.514 71.517 75.520 12.522 13.525 0.000 2.595 17.597 0.000 0.616 0.000 0.000 0.000 45.571 102.757 110.903 110.847 103.498 104.334 104.219 104.183 104.143 104.104 104.067 103.030 87.995 89.962 109.929 128.897 127.867 132.837 137.809 124.783 122.758 109.736 58.719 56.707 132.702 96.700 34.700 27.703 92.708
67.478 67.479 67.479 67.479 67.479 67.479 67.479 78.480 93.480 69.481 66.482 67.483 67.483 65.485 73.486 94.487 74.488 66.489 68.490 66.491 8.493 5.496 74.498 75.501 81.503 80.505 88.507 87.510 68.512 66.515 68.517 71.520 76.522 76.524 0.000 0.000 0.000 4.593 28.594 15.594 16.595 15.595 0.000 6.652 53.806 107.969 110.956 102.834 104.551 104.286 104.267 104.223 104.183 104.145 104.107 104.070 90.035 86.001 106.967 107.934 107.903 110.872 110.842 109.813 114.784 87.756 63.735 78.722 93.715 32.712 0.000 0.000 36.712
67.486 69.486 69.486 67.486 67.486 67.487 67.487 67.488 78.488 93.489 69.490 64.491 64.492 81.494 93.495 87.496 64.498 67.499 63.499 9.498 6.503 60.506 67.508 67.510 73.512 90.514 90.516 83.518 76.520 68.522 55.524 25.526 90.528 70.529 0.000 0.000 0.000 3.591 17.591 10.593 24.594 13.594 0.000 6.792 26.892 111.061 111.009 103.703 104.439 104.345 104.304 104.263 104.223 104.184 104.146 105.109 100.074 90.039 85.004 83.971 83.938 83.906 83.875 87.843 61.810 5.770 31.743 87.730 83.724 44.722 6.724 0.000 35.717
68.493 5.493 6.492 67.493 66.494 65.494 65.495 64.496 64.496 77.497 92.499 85.500 92.501 94.503 81.504 65.506 72.508 72.509 60.510 0.000 8.516 71.517 67.519 69.520 93.522 100.523 78.525 69.527 76.528 83.530 71.532 7.533 50.535 68.536 0.000 0.000 0.000 4.587 10.589 7.591 21.592 0.000 0.000 6.853 12.171 111.112 108.952 104.667 104.409 104.386 104.342 104.300 104.260 104.222 104.184 104.147 105.111 104.076 102.041 101.006 100.972 101.939 103.907 77.875 19.842 0.000 16.738 72.732 103.729 94.727 67.727 43.726 60.721
67.500 66.500 1.500 66.500 77.501 81.502 85.502 90.503 93.504 94.506 94.507 94.509 80.510 67.512 83.514 100.516 101.518 101.520 94.523 72.529 7.527 68.528 66.529 75.530 103.531 90.532 67.534 66.535 68.536 71.538 62.539 7.540 27.542 27.543 0.000 0.000 0.000 10.582 5.585 0.000 4.592 0.000 14.867 16.091 6.559 111.160 112.902 108.542 104.463 104.420 104.378 104.337 104.297 104.259 104.221 104.185 104.149 104.113 104.077 104.042 105.006 107.972 79.939 12.907 0.000 5.771 0.000 17.732 73.731 104.731 95.731 71.729 48.724
67.507 69.507 65.508 67.508 82.508 81.509 77.510 73.511 72.512 68.514 89.515 79.517 90.519 81.521 97.523 93.525 86.527 87.530 98.533 104.536 93.537 94.538 86.539 94.540 102.541 75.542 66.542 67.543 67.544 66.545 66.546 68.547 63.549 12.552 72.558 63.563 2.568 4.573 0.000 0.000 0.000 5.862 83.908 81.112 111.252 111.207 106.778 107.609 104.492 104.455 104.412 104.372 104.333 104.295 104.258 104.221 104.185 104.150 104.114 106.077 111.037 80.003 19.971 0.000 0.000 2.771 1.771 0.000 14.733 65.735 100.736 50.735 0.000
69.513 5.514 64.514 67.515 67.515 67.516 66.517 67.518 69.520 67.521 79.523 74.525 83.527 94.530 82.532 67.535 68.537 69.540 70.542 75.545 88.546 98.548 104.549 102.550 91.550 67.551 67.551 67.552 67.552 67.553 68.553 91.554 64.555 4.557 68.560 18.563 12.567 5.570 0.000 0.000 0.000 15.846 104.051 106.263 111.296 105.108 104.818 104.553 104.532 104.487 104.446 104.406 104.367 104.330 104.293 104.257 104.222 104.187 106.153 91.115 45.061 12.032 0.000 4.771 2.771 22.771 29.771 0.000 0.000 36.742 98.742 50.742 0.000
70.520 3.520 64.521 67.521 67.522 67.523 67.524 68.526 6.527 66.529 70.531 81.533 81.536 89.538 94.541 80.544 65.547 65.549 65.552 67.554 69.556 70.558 71.559 71.560 70.560 69.560 65.560 65.560 66.560 67.560 78.560 92.560 63.560 57.560 59.561 0.000 0.000 5.570 0.000 0.000 0.000 19.938 103.060 111.381 111.338 103.966 104.697 104.602 104.561 104.518 104.478 104.439 104.401 104.364 104.328 104.293 104.258 104.225 109.194 65.169 0.000 0.000 2.773 0.772 2.771 17.771 24.770 0.000 0.000 39.748 99.748 58.748 0.000
