results3/res_3e8f-0167.wd
ncols         241
nrows         181
xllcorner     12693529.787448
yllcorner     3542525.717860
cellsize      155.156523
NODATA_value  -9999.000000
[rows 33 to 65 of 181, columns 146 to 218 of 241]
64.564 63.782 63.510 64.150 30.812 42.485 64.175 57.866 36.451 0.000 0.000 35.364 11.365 16.365 32.367 57.372 44.372 10.370 0.000 0.000 49.272 57.259 15.234 42.206 34.183 35.158 39.117 48.077 66.032 56.999 51.968 46.943 47.922 47.903 46.885 45.868 44.848 52.828 62.807 54.790 54.773 52.755 31.737 45.723 53.713 0.000 24.260 29.230 53.154 51.090 56.028 65.970 58.919 53.895 8.883 0.000 36.832 36.829 43.827 21.828 0.000 0.000 0.000 0.000 0.000 0.000 0.000 0.000 0.000 0.000 0.000 0.000 0.000
64.510 64.258 63.914 64.588 42.269 59.969 62.705 56.516 0.000 0.000 13.364 37.364 0.000 0.000 0.000 41.383 41.379 49.369 12.350 62.324 50.291 37.265 46.239 37.210 35.183 35.153 34.118 36.081 64.044 62.010 61.980 63.954 56.930 58.909 57.890 57.871 57.852 58.832 62.814 60.797 61.781 56.766 33.752 32.741 5.735 0.000 21.202 35.183 43.143 38.086 44.026 56.962 56.924 54.902 12.890 0.000 0.000 41.824 13.822 0.000 0.000 0.000 0.000 0.000 0.751 43.745 42.741 44.737 34.733 37.731 4.729 0.000 0.000
64.985 64.650 64.330 64.013 63.707 64.417 56.158 42.977 0.000 0.000 0.000 5.364 0.000 0.000 0.000 38.399 35.391 48.377 53.356 45.331 54.301 52.273 33.244 34.215 35.185 35.153 47.120 51.085 55.051 48.018 44.988 54.961 28.937 35.914 30.894 30.874 30.855 33.836 59.819 48.803 46.788 48.774 33.763 35.755 15.750 0.000 31.164 88.156 13.150 0.000 0.000 5.930 57.912 56.897 15.887 0.000 0.000 38.822 35.816 37.806 35.797 43.788 49.779 41.769 63.758 70.747 68.741 53.736 33.732 32.730 36.728 6.726 0.000
65.375 65.057 64.739 64.429 65.128 59.833 41.536 32.256 41.256 0.000 0.000 0.000 0.000 0.000 0.000 35.422 34.411 37.392 33.368 44.341 47.311 50.281 39.251 34.219 34.188 34.156 59.123 65.089 47.056 41.024 40.994 41.966 38.941 38.918 38.897 39.877 42.857 39.839 60.823 52.807 50.793 50.781 32.772 46.765 72.761 0.000 23.133 76.129 0.000 0.000 0.000 7.915 57.900 55.886 33.873 38.853 36.838 34.824 34.815 34.806 33.797 40.788 47.780 34.771 52.758 70.746 66.739 46.735 31.731 31.728 36.726 4.724 0.000
65.784 65.458 65.141 64.836 61.543 47.253 35.895 0.000 0.000 0.000 0.000 39.643 2.631 8.616 0.558 34.458 35.437 35.412 34.384 34.354 40.322 33.290 33.257 35.225 34.192 33.159 57.126 54.094 62.061 66.028 64.996 59.968 55.943 57.920 53.898 57.878 57.859 58.841 62.825 60.810 61.797 57.786 32.777 44.771 66.768 0.000 18.105 79.099 0.000 0.000 0.000 0.000 54.885 57.877 36.865 34.849 34.835 34.823 34.813 34.804 33.796 40.789 49.782 5.777 0.000 28.739 71.736 47.732 31.728 31.725 35.723 2.722 0.000
66.188 65.853 65.531 65.230 54.954 36.743 0.000 0.000 0.000 0.000 37.671 40.655 53.635 53.608 41.563 34.506 34.468 35.434 35.401 34.368 33.334 34.299 34.264 34.230 33.196 42.162 61.129 40.098 54.067 31.030 63.995 53.968 52.944 52.921 49.899 54.879 55.860 55.842 62.826 60.811 57.799 57.789 32.781 46.775 65.773 0.000 4.083 72.062 0.000 0.000 0.000 0.000 58.877 57.872 33.860 35.844 34.831 35.821 35.811 35.803 36.795 44.788 24.783 0.000 0.000 29.736 71.733 52.729 39.725 33.722 36.719 3.718 0.000
66.588 66.232 66.902 59.597 47.300 37.022 0.000 0.000 0.000 0.000 34.686 51.670 45.647 34.617 36.578 36.534 34.494 33.456 35.420 34.383 35.346 35.309 35.272 34.235 34.199 54.165 54.132 54.101 54.078 0.000 35.985 33.966 34.943 34.920 35.898 39.878 42.859 40.841 60.825 54.811 48.799 50.789 33.781 45.776 64.774 0.000 0.000 45.004 35.980 0.000 0.000 0.000 52.876 35.874 0.000 30.834 36.825 40.817 47.808 47.800 47.792 49.785 21.780 0.000 13.740 77.736 70.731 72.727 60.722 35.718 36.715 4.712 0.000
66.976 66.585 66.248 51.957 3.629 0.000 0.000 0.000 0.000 12.744 50.718 45.694 35.666 36.634 36.598 36.557 36.517 34.478 33.438 33.398 35.358 34.318 34.278 33.239 35.201 50.165 41.131 50.098 51.067 10.029 9.994 49.967 48.942 48.919 48.896 50.876 50.856 51.838 63.822 59.808 54.796 56.787 32.780 41.775 69.773 0.000 0.000 103.969 72.957 39.939 26.931 0.000 0.000 0.000 0.000 0.000 33.818 42.813 46.805 45.797 48.789 50.780 36.771 41.757 57.744 72.736 70.730 70.724 58.718 35.713 35.708 11.705 0.000
67.336 67.885 59.549 42.354 0.000 0.000 0.000 0.849 0.828 57.771 51.747 35.720 36.690 36.657 36.620 36.581 36.541 36.499 33.457 34.414 34.371 34.327 35.284 34.242 34.202 37.164 42.129 54.094 41.061 53.027 57.995 50.966 59.940 49.916 50.893 53.872 52.852 51.834 61.818 57.804 45.792 44.782 33.775 40.771 69.771 0.000 0.000 94.946 84.940 61.930 30.922 0.000 0.000 6.854 1.851 0.000 4.817 53.811 45.803 39.795 36.786 51.776 38.766 40.755 48.744 69.736 71.728 69.721 55.714 35.708 32.701 36.694 30.685
75.615 73.069 45.708 35.556 0.000 0.000 2.883 35.870 49.847 50.809 44.779 39.749 36.718 36.683 36.646 36.606 35.565 38.522 43.477 39.431 34.383 35.335 34.288 34.243 34.201 34.162 41.125 42.090 40.056 47.023 45.992 40.963 52.937 32.912 40.888 47.867 46.847 40.828 59.812 52.797 32.785 31.775 34.768 36.765 40.768 0.000 0.000 72.930 52.926 89.918 75.907 11.888 12.872 63.858 37.847 35.834 35.821 37.811 48.802 42.793 10.783 63.773 51.763 47.753 45.743 56.734 72.725 64.717 47.710 36.702 32.695 39.686 63.676
0.000 0.000 24.657 42.607 0.000 0.000 37.897 47.886 61.867 45.840 44.811 44.781 37.748 36.712 36.674 36.633 43.590 51.546 52.499 44.449 39.396 34.343 33.291 34.242 38.197 35.157 34.119 33.084 39.050 40.018 38.987 39.958 41.931 34.906 40.882 45.860 47.839 43.821 59.804 53.788 35.775 34.765 34.756 30.751 0.000 0.000 0.000 28.919 47.916 47.909 81.898 96.885 89.871 57.858 43.846 44.834 44.822 47.811 69.801 87.791 96.781 95.771 97.760 96.750 90.740 84.731 76.722 59.713 42.705 33.697 34.689 47.680 66.670
18.586 0.000 0.000 0.000 0.000 8.933 40.922 60.911 52.894 55.872 52.845 42.815 35.781 36.744 36.704 47.662 52.618 48.572 43.524 40.470 43.409 38.348 38.290 34.235 39.189 33.149 34.111 35.076 34.043 34.011 33.980 33.951 32.924 33.898 33.874 37.852 43.831 42.811 60.793 54.777 33.764 34.752 34.742 33.733 8.723 0.000 0.000 32.912 58.909 47.903 49.894 64.882 75.870 85.857 87.845 93.833 96.821 96.810 95.800 91.789 82.779 80.768 82.758 85.747 87.737 88.728 86.718 90.709 82.701 49.692 36.684 55.675 72.666
57.962 16.640 0.000 0.000 5.933 41.944 57.946 50.941 42.928 50.908 54.883 55.852 45.818 34.779 44.737 53.692 43.647 35.600 35.553 37.501 5.420 6.352 5.287 31.220 35.176 37.137 37.101 34.067 34.034 35.002 33.972 33.943 33.916 34.890 33.865 33.842 33.820 36.800 53.782 52.765 34.750 34.737 34.726 35.718 36.712 0.000 0.000 31.907 49.905 50.899 62.891 49.881 29.869 33.856 69.844 93.832 77.821 72.809 75.798 68.787 54.776 43.766 34.755 32.744 33.734 43.724 41.715 36.705 75.696 90.687 68.679 66.670 70.662
0.000 32.318 10.643 4.821 40.921 50.963 57.978 41.979 44.969 42.951 40.925 48.894 53.858 48.817 52.772 41.725 35.676 36.630 36.589 44.558 0.000 0.000 0.000 28.181 37.156 48.124 49.090 44.056 40.024 41.992 37.962 36.933 34.906 33.879 33.855 34.831 33.808 33.787 36.768 45.750 33.734 33.720 34.709 33.700 2.695 0.000 0.000 12.906 10.904 64.899 48.891 33.881 47.868 49.855 95.843 76.831 59.819 41.808 32.797 33.785 34.774 35.763 35.752 35.741 34.731 32.720 31.710 32.701 40.692 77.683 85.674 70.665 69.657
0.000 19.671 42.791 44.897 43.970 59.009 44.026 38.027 40.018 39.000 35.974 34.942 49.903 56.859 59.810 47.758 37.704 34.654 42.613 8.586 0.000 0.000 0.000 31.168 41.144 48.112 49.079 49.045 51.012 58.981 56.951 52.922 50.894 46.868 40.843 35.818 33.795 34.773 33.753 38.734 31.716 32.701 33.688 35.679 56.673 0.000 0.000 0.000 26.906 68.902 28.894 37.884 28.868 67.852 85.841 45.830 33.818 35.807 35.795 35.784 35.772 35.761 32.749 32.738 31.727 32.716 32.706 32.696 48.687 63.678 36.669 96.659 68.650
0.000 19.905 42.953 36.008 55.051 55.077 50.088 41.087 35.076 36.056 37.029 47.995 50.955 42.907 45.852 54.791 55.728 45.669 2.624 0.000 4.330 3.286 36.232 42.179 46.139 45.103 46.067 46.033 44.000 50.968 51.938 51.910 52.882 49.856 48.830 49.805 40.781 35.758 36.736 33.715 34.696 33.679 32.664 34.653 49.647 0.000 0.000 0.000 26.913 70.907 32.900 8.892 0.000 13.846 52.839 34.829 35.817 33.806 33.794 33.782 32.770 31.758 32.746 32.734 31.723 32.712 31.701 30.691 33.682 29.673 25.664 89.651 98.642
0.000 17.090 37.107 47.130 57.150 48.161 48.163 50.156 48.142 39.120 45.092 54.056 43.013 35.961 34.899 40.828 50.749 57.670 21.590 13.484 39.374 39.296 34.232 43.176 48.131 49.092 45.055 45.019 36.986 33.955 33.925 33.896 32.869 30.842 37.816 51.791 50.766 49.742 44.718 35.696 33.674 34.654 33.637 33.622 34.613 0.000 0.000 0.000 41.927 8.913 12.907 0.000 0.000 0.000 31.841 11.829 14.817 31.804 30.793 30.780 31.768 33.755 33.743 33.730 32.718 32.707 30.696 30.686 31.676 19.669 0.000 9.640 92.629
0.000 16.259 40.255 59.255 50.256 47.254 47.247 48.234 47.215 49.191 54.161 43.124 37.079 37.025 36.957 35.871 36.770 42.672 59.582 57.487 36.385 35.294 34.221 35.164 47.118 45.078 56.041 44.003 36.970 34.939 35.910 34.882 39.855 47.828 43.802 37.776 43.750 53.725 50.700 49.675 40.651 33.628 33.606 34.586 32.572 0.000 0.000 41.960 29.953 0.000 0.000 43.875 38.873 37.867 29.856 0.000 0.000 36.802 33.792 33.779 33.766 33.752 33.739 33.726 33.714 33.702 33.690 32.679 33.668 35.658 25.647 0.000 34.616
4.512 29.432 54.398 50.380 39.366 44.353 49.336 44.317 50.294 56.268 48.237 36.200 35.156 37.102 37.031 40.931 41.789 35.665 46.580 42.498 39.386 36.272 33.196 40.141 44.098 46.063 37.029 63.983 51.951 41.922 33.894 39.867 58.841 68.814 61.787 38.761 40.734 43.708 47.681 52.654 50.627 46.600 35.573 32.546 39.515 45.472 0.000 16.966 37.973 0.000 0.000 13.876 33.878 33.871 33.860 38.846 37.829 33.809 32.794 33.779 33.764 33.750 33.735 33.722 33.708 33.696 33.684 33.672 32.660 32.648 33.635 36.620 32.610
16.593 50.559 56.527 41.500 36.477 38.453 40.429 51.403 55.377 66.349 65.318 58.284 47.244 36.196 39.134 6.033 0.000 34.620 40.575 37.539 0.408 34.214 38.149 55.105 54.070 57.045 0.000 28.949 68.929 62.904 48.878 54.852 72.826 72.800 70.773 39.746 45.719 45.691 47.662 35.633 44.603 50.572 49.541 48.508 61.471 70.429 3.385 0.000 28.000 53.027 0.000 0.000 56.892 37.881 37.866 37.849 37.831 38.813 32.796 31.780 35.763 32.746 32.731 32.717 32.703 33.690 32.677 31.664 31.652 31.640 31.627 31.614 30.603
15.707 61.682 47.650 36.618 36.586 36.555 49.523 47.491 64.462 79.434 76.404 73.372 68.339 59.305 50.278 0.000 0.000 0.000 28.562 39.552 0.000 0.000 31.081 49.060 48.033 63.003 34.960 35.935 68.911 73.887 69.862 68.837 71.812 71.786 72.759 51.732 43.703 45.674 45.644 35.612 44.580 38.546 57.511 28.473 67.433 89.388 60.340 30.289 0.000 31.054 0.000 32.945 92.917 45.894 47.873 47.853 43.834 44.815 36.797 31.781 13.761 32.741 32.725 35.711 38.697 48.683 38.670 33.657 34.644 34.631 34.619 34.606 34.595
47.847 51.814 45.774 43.734 38.696 50.658 44.618 57.574 35.546 5.520 56.492 75.462 74.434 75.409 58.393 0.000 0.000 0.000 22.558 45.555 0.000 0.000 28.035 43.021 37.999 64.973 75.944 75.918 71.894 71.871 71.847 72.823 71.798 71.772 71.746 65.718 40.689 42.659 40.627 35.593 46.558 47.521 50.482 7.442 52.398 88.351 58.299 76.238 37.155 23.081 35.029 90.974 78.935 50.906 44.880 46.857 40.836 34.816 32.798 30.784 0.000 38.730 46.719 54.705 61.691 70.677 59.663 39.649 33.636 34.623 34.611 34.598 34.586
59.021 47.951 47.896 43.849 50.805 47.763 50.716 74.640 61.630 44.608 65.580 74.552 73.525 72.504 52.492 0.000 0.000 0.000 0.000 0.555 0.000 0.000 34.002 42.989 53.970 69.947 71.923 71.900 71.877 71.855 71.832 71.809 71.785 71.760 71.734 71.706 57.676 47.645 40.611 33.576 37.538 37.498 42.456 61.413 47.367 82.319 68.267 75.210 82.146 68.085 73.033 81.985 57.946 58.913 44.885 43.859 35.836 32.814 33.794 35.775 49.751 55.731 73.715 72.700 71.685 70.670 70.656 60.642 38.628 33.615 34.602 34.589 34.578
50.150 38.074 40.012 51.960 48.914 48.874 18.844 0.000 53.726 79.701 74.670 73.640 75.612 57.589 43.579 27.600 0.000 0.000 0.000 0.000 0.000 0.000 39.983 56.964 68.943 71.922 71.902 71.881 71.860 71.839 71.818 71.796 71.773 71.749 71.723 71.696 72.666 66.633 58.598 50.560 48.519 51.476 42.432 59.386 38.339 80.291 13.241 34.188 69.134 41.081 32.032 87.988 51.950 55.916 53.886 34.859 32.835 33.812 33.790 41.769 62.748 73.728 70.710 70.694 70.678 67.663 66.648 64.633 63.620 37.606 33.593 33.580 33.568
40.257 37.183 50.119 50.064 45.016 64.974 18.943 27.926 67.846 74.799 73.760 73.725 73.692 49.662 49.636 60.621 0.000 0.000 0.000 0.000 0.000 0.000 0.000 6.940 65.917 77.898 72.880 71.862 71.843 71.824 71.805 71.784 71.763 71.740 71.715 71.688 71.658 72.625 73.588 70.548 70.503 73.456 53.408 59.360 33.313 74.265 10.217 12.169 65.120 35.072 45.028 78.986 59.949 51.915 55.885 32.857 33.832 32.808 34.785 44.764 65.743 66.723 71.705 70.687 65.671 62.655 66.640 71.625 70.611 59.597 40.584 39.571 38.558
36.353 50.282 51.218 39.161 50.110 71.066 64.026 69.988 75.935 73.889 73.847 73.808 70.770 54.732 4.681 0.652 0.000 0.000 0.000 0.000 0.000 0.000 0.000 0.000 10.886 22.873 63.858 72.843 71.827 71.810 71.792 71.774 71.754 71.732 71.708 73.682 72.653 72.620 71.582 73.539 72.490 72.438 62.384 60.334 37.286 49.240 79.194 58.149 66.104 35.061 63.019 56.980 59.944 47.912 41.881 33.853 33.827 33.803 41.780 46.758 47.737 52.717 60.698 58.680 59.663 70.647 70.631 70.616 70.601 71.587 65.574 61.561 59.548
51.442 51.373 40.309 36.252 51.200 70.152 76.108 75.065 74.019 73.974 73.931 74.889 65.848 58.815 0.000 0.000 0.000 0.000 0.000 0.000 0.000 0.000 0.000 0.000 19.868 39.850 66.837 72.825 71.811 71.797 71.781 71.764 71.746 71.726 73.704 73.680 73.652 65.620 70.581 73.536 76.481 74.421 68.358 64.305 52.258 36.214 84.171 67.129 69.088 34.047 80.008 43.972 24.937 41.905 32.875 33.847 32.821 41.796 47.773 46.751 46.730 45.710 38.690 34.672 64.655 70.638 70.622 70.607 70.592 70.577 71.564 71.550 71.538
48.525 39.457 37.395 35.337 52.284 72.235 74.189 74.144 74.100 74.057 74.014 75.969 54.917 52.866 0.000 0.000 0.000 0.000 0.000 0.000 0.000 0.000 0.000 0.000 0.000 53.822 72.816 71.807 71.797 71.785 71.771 71.756 73.740 72.723 72.703 72.681 66.656 44.626 60.587 70.543 21.477 12.406 46.321 53.270 62.227 49.187 70.148 88.109 73.070 40.032 81.995 5.961 17.927 30.896 33.867 33.839 35.813 45.789 43.765 44.743 46.722 49.701 43.682 44.663 60.646 70.629 70.612 70.597 70.581 70.567 70.553 70.539 70.527
39.603 37.537 42.476 47.418 62.365 74.315 74.268 74.224 74.181 74.140 74.100 75.055 61.986 0.000 0.000 0.000 0.000 0.000 1.755 38.755 0.000 17.756 0.000 0.000 0.000 28.801 63.798 70.792 71.784 71.774 71.763 71.750 73.736 71.721 71.704 71.686 55.665 51.640 13.599 15.571 0.000 0.000 31.252 38.226 60.194 46.159 51.124 94.088 77.051 56.016 65.981 15.948 60.916 37.886 33.857 33.830 35.805 44.780 55.757 55.734 57.713 63.692 58.673 69.654 70.636 70.619 70.602 70.586 70.571 70.556 70.542 70.528 70.515
40.677 37.613 44.552 63.495 74.442 74.392 74.346 74.302 74.261 74.223 74.190 80.166 0.000 0.000 0.000 0.000 0.000 0.000 38.755 50.756 37.756 52.756 48.757 0.000 18.774 50.782 57.782 68.779 71.773 71.765 71.756 72.745 71.733 71.721 71.707 67.693 56.680 61.668 0.000 0.000 0.000 15.201 48.208 40.190 58.163 34.133 36.100 84.067 83.033 74.998 60.965 60.933 49.903 44.874 33.846 33.820 33.794 43.770 65.747 72.725 71.703 71.683 63.663 70.644 70.626 70.608 70.591 70.575 70.559 70.545 70.530 70.516 70.503
38.748 36.685 51.625 71.569 75.516 74.466 74.420 74.377 74.337 74.301 74.272 81.252 0.000 0.000 0.000 0.000 0.000 0.000 27.755 47.755 47.756 46.756 49.758 33.761 41.767 49.771 49.771 66.769 72.764 71.757 71.750 71.741 71.731 71.721 72.711 64.700 60.691 54.686 0.000 0.000 0.000 8.195 12.188 40.162 59.135 36.108 32.078 71.047 88.014 84.980 65.948 44.917 43.888 44.860 35.834 32.808 33.783 36.759 47.736 67.714 70.693 70.672 62.652 70.633 70.614 70.597 70.580 70.563 70.548 70.533 70.518 70.504 70.491
37.815 39.753 59.694 75.639 74.586 74.537 74.491 74.448 74.408 74.373 76.343 74.319 0.000 0.000 0.000 0.000 0.000 0.000 13.755 52.755 58.755 63.756 54.757 53.758 47.761 43.763 54.762 68.760 71.757 71.751 74.745 72.738 71.730 71.722 71.714 66.706 58.700 53.698 28.701 0.000 0.000 0.000 0.000 2.135 51.109 37.085 33.059 66.028 96.995 77.961 56.930 47.900 49.872 47.846 42.820 31.795 33.771 32.748 36.725 55.703 70.682 70.661 62.641 70.621 70.603 70.585 70.568 70.551 70.535 70.520 70.505 70.491 70.478
37.880 47.818 67.760 75.705 74.654 74.605 74.560 74.516 74.476 75.440 73.407 61.363 45.363 0.000 0.000 0.000 0.000 0.000 15.755 53.755 62.755 62.755 66.755 68.755 51.756 50.756 65.756 71.754 71.751 71.746 72.741 71.735 71.729 71.723 71.716 69.710 57.706 58.704 52.704 0.000 0.000 0.000 0.000 0.000 37.079 37.065 31.043 76.013 63.977 69.940 39.909 59.881 53.855 46.830 46.806 37.782 32.759 33.736 32.713 44.691 67.670 69.649 63.629 70.609 71.590 70.572 70.555 70.538 70.522 70.507 70.492 70.478 70.465
