results3/res_3e8f-0117.wd
ncols         241
nrows         181
xllcorner     12693529.787448
yllcorner     3542525.717860
cellsize      155.156523
NODATA_value  -9999.000000
[rows 99 to 131 of 181, columns 73 to 145 of 241]
57.476 57.456 57.437 56.417 56.397 61.377 64.357 61.338 57.324 57.317 51.318 7.322 0.000 0.000 0.000 0.000 0.000 12.842 70.873 95.853 93.859 93.026 99.714 99.642 92.746 93.443 93.290 93.181 94.077 93.978 92.889 96.814 55.760 0.000 0.000 0.000 0.000 0.000 0.000 27.029 52.947 64.782 32.504 14.343 44.291 47.223 45.139 49.021 45.770 43.359 12.980 37.714 41.576 56.484 62.418 65.368 63.331 58.305 51.287 46.278 41.273 19.265 0.000 0.000 0.000 0.000 13.506 31.506 43.505 67.505 68.505 68.504 68.504
57.512 57.494 56.475 54.455 58.435 63.413 64.389 64.362 58.343 55.331 60.327 60.326 21.327 0.000 15.685 45.637 22.538 2.289 59.129 99.009 94.262 94.282 99.774 92.064 93.851 93.505 93.418 93.307 93.201 93.101 95.014 93.943 29.896 0.000 0.000 0.000 0.000 0.000 0.000 31.215 37.152 48.081 0.000 0.000 39.456 47.397 46.300 50.157 49.931 20.645 0.000 32.608 46.546 51.477 72.421 73.379 73.346 74.322 75.306 73.296 54.291 0.000 0.000 0.000 0.000 0.000 0.000 30.503 43.502 67.502 68.501 68.501 68.500
57.550 56.533 56.515 59.495 62.473 63.450 38.424 2.380 31.354 67.338 40.332 14.328 6.328 0.000 26.732 76.688 73.601 65.473 84.314 95.452 92.434 99.858 93.350 94.155 93.721 93.656 93.539 93.429 93.319 94.212 92.121 80.050 26.984 0.000 0.000 0.000 0.000 0.000 34.622 41.463 39.366 40.309 13.339 0.000 45.682 63.608 56.508 51.375 26.153 0.000 0.000 15.565 5.522 45.456 70.412 74.379 72.353 72.332 72.318 74.309 47.305 41.309 41.310 47.311 0.000 0.000 0.000 7.501 42.499 67.498 68.498 68.497 68.496
56.588 55.573 60.556 63.536 63.514 63.492 28.476 0.000 0.000 10.337 1.334 0.000 0.000 0.000 19.824 82.782 88.708 96.610 96.551 93.666 100.209 99.993 93.321 94.031 93.882 93.773 93.664 93.552 93.433 99.307 49.210 17.150 1.076 0.000 0.000 0.000 0.000 25.921 43.782 39.649 39.539 38.449 44.369 10.225 38.981 64.847 63.750 61.681 0.000 0.000 0.000 0.000 0.000 43.412 72.393 76.373 73.353 72.337 70.325 59.317 40.312 36.312 37.312 21.311 0.000 0.000 0.000 0.000 38.495 67.495 68.494 68.494 64.493
55.629 61.616 63.599 63.578 61.554 67.527 37.512 0.000 0.000 0.000 0.000 0.000 0.000 0.000 30.958 88.908 91.843 95.712 94.938 94.942 100.404 92.714 94.418 94.093 94.006 93.896 93.789 97.680 103.556 58.374 27.260 2.213 0.000 0.000 0.000 0.000 27.173 50.059 43.937 36.812 41.693 45.580 42.464 40.326 54.168 58.048 47.965 55.918 0.000 0.000 0.000 0.000 0.000 49.386 73.377 78.365 77.351 73.338 68.328 37.320 35.316 36.314 43.313 0.000 0.000 0.000 0.000 32.491 36.492 65.492 68.491 68.491 62.490
62.674 63.663 63.647 62.625 40.598 6.552 25.532 27.531 0.000 0.000 0.000 0.000 0.000 22.259 75.140 89.060 91.960 94.112 95.115 100.745 100.581 93.694 94.394 94.232 94.126 94.019 97.918 59.824 19.735 0.000 37.243 23.230 0.000 0.000 0.000 0.000 35.287 69.207 60.094 54.969 49.841 50.712 48.582 49.448 62.318 56.214 40.143 42.109 0.000 0.000 0.000 0.000 0.000 49.369 77.365 42.360 40.349 72.336 75.327 45.322 36.318 41.316 11.315 0.000 0.000 0.000 0.000 5.491 32.490 50.490 66.489 69.488 62.487
63.723 63.715 59.699 63.677 45.659 0.000 16.531 46.531 0.000 0.000 0.000 0.000 12.476 74.379 88.284 94.202 94.169 94.306 101.037 100.895 93.028 94.802 94.449 94.359 94.244 94.137 98.038 69.962 1.929 0.000 7.239 10.234 0.000 0.000 0.000 0.000 22.481 54.387 59.263 69.129 64.990 52.847 55.704 64.566 59.442 47.346 39.284 40.265 14.315 15.328 0.000 0.000 0.000 47.356 81.354 0.000 0.000 21.329 68.325 58.321 39.318 18.317 0.000 0.000 0.000 0.000 0.000 0.000 5.489 29.488 55.487 65.486 58.485
61.777 58.775 57.759 73.723 52.704 0.000 15.531 43.531 0.000 0.000 0.000 6.646 70.573 83.495 93.422 96.299 95.539 93.565 101.168 92.344 94.116 90.673 92.598 94.475 94.360 95.245 89.136 79.057 26.999 0.000 0.000 0.000 0.000 0.000 0.000 10.006 44.770 49.598 49.444 51.293 60.142 62.984 65.820 59.668 46.540 40.444 39.382 38.354 42.353 27.340 0.000 0.000 0.000 36.345 73.342 39.334 28.330 20.326 63.322 69.319 49.317 0.000 0.000 0.306 0.000 0.000 0.000 0.000 0.000 24.485 48.485 53.484 40.483
55.839 64.848 60.839 1.754 2.729 0.000 6.531 6.531 0.000 0.000 0.000 7.719 86.675 88.616 96.524 95.687 94.704 101.399 101.288 94.306 93.991 93.830 93.711 92.593 93.473 95.348 52.205 3.131 0.000 0.000 0.000 0.000 0.000 13.765 30.565 45.243 55.993 52.793 51.620 48.460 49.300 52.126 63.926 64.748 56.605 45.508 38.447 38.414 40.403 0.000 0.000 0.000 0.000 21.338 63.335 41.331 37.328 37.325 69.320 72.316 55.314 18.311 8.310 51.309 0.000 0.000 0.000 0.000 0.000 27.483 51.483 46.482 32.482
56.905 66.938 53.966 0.000 0.000 0.000 3.531 15.531 0.000 0.000 0.000 73.836 83.794 95.735 95.727 94.867 101.597 101.501 93.624 95.396 95.045 94.950 94.829 94.710 96.591 46.469 0.000 0.000 0.000 0.000 0.000 3.503 29.296 45.964 58.688 54.409 53.166 52.960 52.784 53.625 51.472 50.295 24.008 42.793 67.624 49.536 37.483 40.454 38.442 26.449 0.000 0.000 0.000 22.333 55.329 33.326 0.000 0.000 25.315 62.313 51.312 60.310 67.309 26.309 0.000 0.000 0.000 0.000 0.000 2.482 42.481 40.481 33.481
54.969 59.034 58.120 34.244 0.000 0.000 0.000 1.531 4.530 0.000 27.096 86.995 93.928 95.846 96.001 94.119 101.684 93.917 95.696 95.259 95.188 95.066 95.948 96.829 58.710 0.000 0.000 0.000 0.000 0.000 5.989 48.709 59.422 55.108 53.813 53.539 53.301 53.099 52.930 52.787 52.666 61.576 0.423 0.000 35.562 44.528 36.497 45.475 45.463 27.456 0.000 0.000 0.000 0.000 39.321 76.320 44.316 0.000 18.312 63.311 57.310 48.308 48.307 0.000 0.000 0.000 0.000 0.000 0.000 0.000 21.480 32.479 33.479
67.015 5.109 61.237 59.368 48.532 7.642 0.000 0.000 0.000 18.270 77.197 91.120 97.054 96.033 95.182 101.833 101.762 94.868 95.564 95.410 95.298 96.186 98.068 58.949 0.000 0.000 0.000 0.000 4.840 35.647 46.268 57.923 54.575 54.234 50.917 50.634 50.398 51.206 53.050 52.926 55.832 32.776 0.000 0.000 15.535 40.519 39.501 57.487 53.479 0.000 0.000 0.000 0.000 0.000 23.316 68.315 80.313 37.310 63.309 77.309 69.308 45.306 38.305 10.304 0.000 0.000 0.000 0.000 0.000 0.000 27.478 33.478 37.478
49.030 2.151 63.349 53.460 60.586 52.752 14.028 2.195 11.351 78.344 87.298 97.247 96.127 96.387 94.408 101.893 94.161 95.951 95.609 95.524 96.413 97.310 51.189 0.000 0.000 0.000 0.000 0.000 48.033 58.834 56.515 55.140 56.722 56.335 61.987 66.683 61.453 54.277 48.139 52.034 57.960 15.920 0.000 0.000 11.523 43.512 44.501 66.493 54.488 0.000 0.000 0.000 0.000 0.000 11.312 63.311 72.310 77.308 73.308 73.307 77.306 61.305 40.304 41.302 10.301 3.300 0.000 0.000 0.000 29.476 34.477 32.477 37.476
0.000 0.000 31.478 82.538 45.599 0.000 0.000 16.469 76.472 81.454 95.422 96.320 96.591 94.513 101.978 94.423 96.230 95.804 95.745 96.631 93.524 48.453 0.000 0.000 0.000 0.000 3.998 50.801 58.426 56.140 55.816 59.400 33.839 12.396 15.013 31.657 57.454 59.308 60.196 52.112 53.054 14.024 0.000 0.000 0.000 24.504 42.499 49.495 48.492 0.000 0.000 0.000 0.000 0.000 11.309 54.308 67.307 72.307 73.306 74.305 70.304 66.304 51.302 39.301 43.300 49.299 0.000 0.000 0.000 0.000 32.476 33.475 35.475
0.000 0.000 8.547 83.617 70.672 0.000 0.000 23.629 84.613 92.588 96.526 97.709 97.734 102.302 102.104 95.375 96.089 95.948 95.848 90.743 80.598 31.525 0.000 0.000 3.549 39.428 48.195 59.981 56.728 56.484 60.211 37.805 0.000 0.000 0.000 17.480 55.397 52.306 56.226 62.163 62.120 40.098 0.000 0.000 0.000 6.501 44.498 38.495 45.494 0.000 0.000 0.000 0.000 0.000 16.306 41.306 58.305 72.305 67.304 60.304 62.303 23.303 48.302 57.300 50.299 46.299 0.000 0.000 0.000 0.000 0.000 27.474 32.474
0.000 0.000 0.000 11.709 60.801 1.667 11.860 77.804 89.766 96.729 96.732 96.896 102.661 102.486 94.668 96.464 96.128 96.055 88.964 54.895 0.000 0.000 0.000 11.782 57.670 51.541 59.373 57.199 57.020 57.859 35.737 0.000 0.000 0.000 0.000 16.386 58.347 52.293 52.240 54.195 58.164 60.151 12.165 0.000 0.000 0.000 25.496 44.495 19.494 0.000 0.000 0.000 0.000 0.000 9.304 37.304 48.303 55.303 47.302 44.302 9.303 0.000 0.000 41.298 45.298 54.297 0.000 0.000 0.000 0.000 0.000 21.473 32.473
0.000 0.000 0.000 0.000 0.005 12.030 81.003 85.959 96.924 96.835 98.104 98.163 102.824 94.971 96.748 96.314 96.252 86.149 75.060 38.977 0.000 0.000 0.000 51.895 73.808 58.692 50.558 58.422 56.296 59.196 29.141 0.000 0.000 0.000 12.319 47.331 54.313 53.281 53.245 50.213 46.190 48.178 10.178 0.000 0.000 0.000 6.495 51.494 0.000 0.000 0.000 0.000 0.000 0.000 9.302 39.302 38.302 37.301 35.301 41.301 0.000 0.000 0.000 16.297 39.297 57.296 1.295 0.000 0.000 0.000 0.000 0.000 25.472
0.000 0.000 0.000 0.000 0.000 84.194 83.159 97.117 97.050 98.235 98.291 103.124 102.978 95.926 97.609 95.450 81.333 70.237 44.148 0.000 0.000 0.000 46.244 64.094 63.976 70.861 58.745 48.636 54.544 64.486 67.491 30.626 0.000 0.000 11.307 59.306 53.293 53.272 52.246 48.223 42.205 43.195 9.191 0.000 0.000 0.000 0.000 24.493 32.493 0.000 0.000 0.000 0.000 0.000 17.301 41.300 35.300 36.300 36.299 38.299 21.298 0.000 0.000 0.000 26.295 47.294 25.294 0.000 0.000 0.000 0.000 0.000 20.472
0.000 0.000 0.000 0.000 23.501 84.392 96.326 97.271 98.265 100.437 103.395 103.262 95.237 96.999 93.649 82.547 71.399 43.318 0.000 0.000 0.000 48.531 69.394 55.261 47.141 61.030 72.925 60.833 63.759 64.715 51.712 57.761 36.822 0.000 19.297 51.292 47.282 54.266 49.246 41.227 40.213 44.204 6.200 0.000 0.000 0.000 0.000 11.493 51.493 0.000 0.000 0.000 0.000 0.000 0.000 23.299 38.299 36.298 36.298 36.297 44.297 0.000 0.000 0.000 0.000 28.293 39.293 45.292 0.000 0.000 0.000 0.000 0.000
0.000 0.000 0.000 0.000 66.610 92.545 98.486 97.381 97.638 95.707 103.523 95.523 97.286 91.853 80.783 55.661 0.000 0.000 0.000 0.000 48.794 69.668 56.541 45.416 45.299 47.191 58.094 73.011 63.945 48.901 56.882 58.883 32.883 0.000 16.291 76.285 63.277 52.265 46.246 42.227 39.216 40.209 34.206 0.000 0.000 0.000 0.000 0.000 30.492 2.492 0.000 0.000 0.000 0.000 0.000 3.297 40.297 36.297 36.297 36.296 38.296 22.295 0.000 0.000 0.000 9.292 36.292 39.292 0.000 0.000 0.000 0.000 0.000
0.000 0.000 0.000 69.900 66.783 72.702 87.609 98.776 95.830 103.761 103.645 96.457 92.142 80.993 59.885 0.000 0.000 30.605 0.000 1.165 73.920 56.808 45.684 46.562 45.447 48.343 62.250 71.171 72.108 56.063 52.033 63.006 36.944 0.000 0.000 7.280 20.276 2.270 0.000 12.219 43.214 50.211 51.208 37.208 0.000 0.000 0.000 0.000 0.000 0.000 0.000 0.000 0.000 0.000 0.000 4.296 40.296 39.296 42.296 37.296 34.295 43.295 0.000 0.000 0.000 16.292 50.292 55.292 0.000 0.000 0.000 0.000 0.000
0.000 0.000 9.116 71.017 67.922 68.842 78.814 94.973 103.982 103.873 95.740 92.503 80.172 54.094 0.000 0.000 47.660 46.605 28.495 12.325 62.113 45.960 46.825 45.701 46.586 61.483 67.392 31.315 22.254 74.209 60.180 38.163 0.000 0.000 0.000 0.000 0.000 0.000 0.000 9.215 61.213 55.210 52.209 48.208 3.208 0.000 0.000 0.000 0.000 0.000 0.000 0.000 0.000 0.000 0.000 28.296 37.296 12.296 0.000 12.295 37.294 41.294 0.000 0.000 0.000 18.291 54.291 23.291 0.000 0.000 0.000 0.000 0.000
0.000 84.294 72.214 69.130 67.054 67.931 69.171 73.231 104.088 94.983 90.742 80.331 54.286 0.000 0.000 0.000 51.715 49.660 69.556 53.412 46.247 47.095 45.957 48.830 68.714 65.610 46.520 42.444 47.384 75.341 72.315 36.305 0.000 0.000 0.000 0.000 0.000 0.000 0.000 9.213 68.211 68.210 63.209 54.208 0.000 0.000 0.000 0.000 0.000 0.000 0.000 0.000 0.000 0.000 1.294 40.295 42.295 0.000 0.000 0.000 40.294 41.294 0.000 0.000 0.000 0.000 25.291 0.000 0.000 0.000 0.000 0.000 0.000
0.510 82.373 96.315 88.245 73.148 74.303 66.348 104.287 104.189 73.864 78.541 54.438 0.000 0.000 0.000 0.000 53.826 66.764 64.657 46.519 46.367 46.218 57.077 68.947 57.830 46.725 46.634 46.558 47.498 56.455 74.433 70.436 31.487 0.000 0.000 0.000 0.000 0.000 0.000 0.000 54.210 56.209 68.208 69.208 25.207 0.000 0.000 0.000 0.000 0.000 0.000 0.000 0.000 0.000 32.294 42.294 19.295 0.000 0.000 1.293 41.293 39.293 0.000 0.000 0.000 0.000 0.000 0.000 0.000 0.000 0.000 0.000 0.000
18.594 95.503 98.430 98.358 93.329 83.482 104.478 104.383 66.007 60.797 0.000 0.000 0.000 0.000 0.000 0.000 64.999 69.914 45.788 47.641 47.485 59.331 68.186 50.053 46.932 46.825 46.733 46.656 46.594 46.550 55.525 75.520 68.539 42.568 33.580 37.583 6.584 0.000 0.000 0.000 0.000 34.208 74.208 74.207 35.207 0.000 0.000 0.000 0.000 0.000 0.000 0.000 0.000 0.000 21.294 20.294 0.000 0.000 0.000 0.000 21.293 48.293 0.000 0.000 0.000 0.000 0.000 0.000 0.000 0.000 0.000 0.000 0.000
88.693 98.616 98.549 98.431 102.671 93.726 104.570 66.077 68.753 63.507 0.000 0.000 0.000 0.000 0.000 58.438 70.256 47.104 47.942 47.771 55.600 68.436 46.284 47.146 47.022 46.912 46.817 46.737 46.674 46.627 46.596 50.581 51.580 46.586 47.589 54.585 36.584 0.000 0.000 0.000 0.000 0.000 29.207 65.207 28.206 0.000 0.000 0.000 0.000 0.000 0.000 0.000 0.000 0.000 0.000 0.000 0.000 0.000 0.000 0.000 0.000 0.289 0.000 0.000 0.000 0.000 0.000 0.000 0.000 0.000 0.000 0.000 0.000
94.792 94.727 98.635 99.793 96.836 104.750 104.660 70.692 55.067 0.401 3.400 0.399 0.000 0.000 0.000 75.620 52.485 48.304 48.105 49.902 70.708 50.529 47.368 47.225 47.097 46.983 46.885 46.803 46.738 46.688 46.652 45.628 44.614 47.607 29.604 0.000 0.000 0.000 0.000 0.000 0.000 0.000 0.000 58.206 46.206 13.205 0.000 0.000 0.000 0.000 0.000 0.000 0.000 0.000 0.000 0.000 0.000 0.000 0.000 0.000 0.000 0.000 0.000 0.000 0.000 0.000 0.000 0.000 0.000 0.000 0.000 0.000 0.000
73.904 73.836 77.811 73.964 104.927 104.839 82.252 63.359 54.145 0.000 0.000 0.398 0.000 0.000 0.000 50.937 46.758 46.524 45.270 58.025 50.802 44.604 45.435 45.289 45.159 45.040 45.936 46.852 46.786 46.735 45.695 43.664 45.640 45.625 42.617 32.617 35.615 37.613 36.610 38.609 9.608 0.000 0.000 0.000 55.205 27.205 0.000 0.000 0.000 0.000 0.000 0.000 0.000 0.000 0.000 0.000 0.000 0.000 0.000 0.000 0.000 0.000 0.000 0.000 0.000 0.000 0.000 0.000 0.000 0.000 0.000 0.000 0.000
89.019 110.905 76.149 106.204 105.012 64.860 55.427 0.000 69.288 27.542 0.000 0.000 0.000 0.000 94.857 73.432 44.089 51.763 62.426 61.128 56.870 54.649 54.479 54.338 53.210 47.081 42.968 46.883 46.819 46.770 45.731 45.695 49.657 49.635 50.624 60.618 60.615 56.613 49.610 48.608 27.608 0.000 0.000 0.000 14.205 20.205 0.000 0.000 0.000 0.000 0.000 0.000 0.000 0.000 0.000 0.000 0.000 0.000 0.000 0.000 0.000 0.000 0.000 0.000 0.000 0.000 0.000 0.000 0.000 0.000 0.000 0.000 0.000
137.100 115.695 113.738 105.172 105.094 92.957 0.000 36.155 64.155 137.798 113.334 0.129 42.375 31.829 93.283 52.845 50.403 122.012 112.543 108.190 107.902 106.645 105.493 104.375 103.261 74.105 40.973 46.894 46.838 46.796 46.763 38.729 0.000 0.000 0.000 0.000 0.000 0.000 13.609 65.607 44.606 15.605 0.000 0.000 0.000 0.000 0.000 0.000 0.000 0.000 0.000 0.000 0.000 0.000 0.000 0.000 0.000 0.000 0.000 0.000 0.000 0.000 0.000 0.000 0.000 0.000 0.000 0.000 0.000 0.000 0.000 0.000 0.000
95.271 114.855 105.316 105.245 89.504 0.000 0.000 0.000 7.381 59.160 46.875 0.000 23.916 0.000 52.601 49.260 58.668 114.340 0.000 0.102 0.000 50.535 59.474 120.407 33.356 0.000 50.927 46.880 46.842 47.814 29.796 0.000 0.000 0.000 0.000 0.000 0.000 0.000 0.000 18.606 65.605 21.605 0.000 0.000 0.000 0.000 0.000 0.000 0.000 0.000 0.000 0.000 0.000 0.000 0.000 0.000 0.000 0.000 0.000 0.000 0.000 0.000 0.000 0.000 0.000 0.000 0.000 0.000 0.000 0.000 0.000 0.000 0.000
116.029 114.080 105.382 113.999 115.846 36.134 0.000 14.828 41.829 51.585 28.131 4.933 45.457 90.907 89.260 81.929 0.000 33.340 0.000 11.489 33.488 61.487 106.460 69.425 34.399 0.000 0.000 52.858 46.837 47.821 28.811 0.000 0.000 0.000 0.000 0.000 0.000 0.000 0.000 0.000 12.604 51.603 16.603 0.000 0.000 0.000 0.000 0.000 0.000 0.000 0.000 0.000 0.000 0.000 0.000 0.000 0.000 0.000 0.000 0.000 0.000 0.000 0.000 0.000 0.000 0.000 0.000 0.000 0.000 0.000 0.000 0.000 0.000
114.164 105.502 105.444 94.507 37.272 0.000 0.000 0.000 3.519 30.222 0.000 0.000 38.351 82.005 135.603 71.265 0.000 0.000 0.000 0.000 0.000 75.466 110.453 40.434 37.417 0.000 0.000 0.000 51.827 45.821 43.817 41.817 29.817 0.000 0.000 0.000 0.000 0.000 0.000 0.000 7.603 65.602 23.602 0.000 0.000 0.000 0.000 0.000 0.000 0.000 0.000 0.000 0.000 0.000 0.000 0.000 0.000 0.000 0.000 0.000 0.000 0.000 0.000 0.000 0.000 0.000 0.000 0.000 0.000 0.000 0.000 0.000 0.000
