results3/res_3e8f-0154.wd
ncols         241
nrows         181
xllcorner     12693529.787448
yllcorner     3542525.717860
cellsize      155.156523
NODATA_value  -9999.000000
[rows 33 to 65 of 181, columns 73 to 145 of 241]
0.000 0.000 0.000 0.000 0.000 0.000 0.000 0.000 0.000 0.000 0.000 0.000 0.000 0.000 0.000 0.000 0.000 0.000 0.000 0.000 0.000 0.000 0.000 0.000 0.000 0.000 0.000 0.000 0.000 0.000 0.000 0.000 0.000 0.000 0.000 0.000 0.000 0.000 0.000 39.088 62.089 67.091 23.093 0.000 0.000 32.171 46.199 13.179 4.180 36.201 39.217 33.216 34.198 35.163 35.111 35.040 34.950 33.837 39.687 59.455 5.981 14.116 11.409 46.582 63.046 67.574 66.134 66.737 65.275 67.363 62.421 62.026 62.017
0.000 0.000 0.000 0.000 0.000 0.000 0.000 0.000 0.000 0.000 0.000 0.000 0.000 0.000 0.000 0.000 0.000 0.000 0.000 0.000 0.000 0.000 0.000 0.000 0.000 0.000 0.000 0.000 0.000 0.000 0.000 0.000 0.000 0.000 0.000 0.000 0.000 0.000 0.000 0.000 14.089 9.090 0.000 0.000 0.000 0.000 28.291 0.000 0.000 26.242 50.283 49.288 39.271 35.236 35.181 35.105 35.008 33.892 55.761 53.608 0.000 36.958 49.530 62.964 67.449 66.973 66.545 66.054 67.116 63.136 62.430 62.683 64.987
0.000 0.000 0.000 0.000 0.000 0.000 0.000 0.000 0.000 0.000 0.000 0.000 0.000 0.000 0.000 0.000 0.000 0.000 34.640 66.640 19.640 0.000 0.000 0.000 0.000 0.000 0.000 0.000 0.000 0.000 0.000 0.000 0.000 0.000 0.000 0.000 0.000 0.000 0.000 0.000 0.000 0.000 0.000 0.000 0.000 0.000 20.382 0.000 0.000 0.000 28.386 46.381 46.364 37.330 35.272 35.189 33.084 48.964 57.857 0.000 22.614 47.228 61.788 68.297 67.808 67.356 66.838 68.872 64.860 62.960 63.359 65.685 64.932
0.000 0.000 0.000 0.000 0.000 0.000 0.000 0.000 0.000 0.000 0.000 21.642 59.642 0.000 0.000 0.000 0.000 0.000 41.640 92.640 48.640 0.000 0.000 0.000 0.000 0.000 0.000 0.000 0.000 0.000 0.000 0.000 0.000 0.000 0.000 0.000 0.000 0.000 0.000 0.000 0.000 0.000 0.000 0.000 0.000 0.000 23.473 24.514 31.533 17.531 27.495 35.486 48.475 39.446 35.389 32.297 43.174 53.021 41.847 17.522 47.001 64.551 69.097 68.622 68.162 67.624 67.630 66.594 63.603 64.050 66.389 65.642 65.409
0.000 0.000 0.000 0.000 0.000 0.000 0.000 0.000 0.000 0.000 0.000 42.642 77.642 66.642 53.642 8.641 2.641 26.641 80.640 88.640 53.640 0.000 0.000 0.000 0.000 22.554 1.554 0.000 0.000 0.000 0.000 0.000 0.000 0.000 0.000 0.000 0.000 6.558 0.000 0.000 0.000 10.557 28.557 0.000 0.000 39.536 54.523 57.537 55.553 41.566 35.575 34.593 48.604 39.591 31.539 45.438 59.292 47.101 34.989 49.717 54.316 66.881 69.422 68.963 68.413 68.395 66.340 64.357 64.760 67.106 66.365 66.136 65.805
0.000 0.000 0.000 0.000 0.000 0.000 0.000 0.000 0.000 0.000 0.000 13.642 75.642 58.642 39.642 1.642 22.641 72.641 83.640 90.640 49.639 0.000 0.000 0.000 0.000 60.554 44.554 0.000 0.000 0.000 0.000 0.000 0.000 0.000 0.000 0.000 23.558 35.558 37.558 0.000 0.000 19.557 44.557 23.556 37.554 60.548 63.547 64.557 61.576 48.604 35.648 32.708 49.756 40.774 44.739 62.622 56.457 0.000 33.292 52.040 64.665 70.230 69.776 69.218 69.174 67.108 65.238 65.494 67.840 67.108 66.884 66.552 66.221
0.000 0.000 0.000 0.000 0.000 0.000 0.000 0.000 0.000 0.000 0.000 0.000 0.000 26.642 64.642 60.642 48.642 61.641 81.640 92.639 45.639 0.000 0.000 0.000 0.000 22.554 46.554 48.554 0.000 0.000 0.000 0.000 0.000 0.000 0.000 0.000 39.558 40.558 52.558 35.558 24.558 38.558 39.558 35.557 42.557 49.556 47.560 40.570 59.589 25.625 41.703 44.836 34.939 47.010 60.021 56.853 0.000 8.269 44.848 61.483 70.078 70.615 70.063 69.988 66.915 66.287 66.259 68.595 67.872 67.655 67.329 66.997 66.642
0.000 0.000 0.000 0.000 0.000 0.000 0.000 0.000 0.000 0.000 0.000 0.000 0.000 16.642 83.642 78.642 68.642 58.642 82.641 90.639 85.637 70.633 25.631 0.000 0.000 0.000 2.554 56.554 40.554 38.554 49.554 44.554 7.554 0.000 0.000 3.557 39.558 38.558 59.558 65.558 54.558 46.558 38.559 35.559 36.560 37.561 36.565 34.573 42.586 3.606 0.000 3.994 40.152 63.308 61.483 0.930 7.009 44.692 58.343 67.979 71.514 71.073 71.847 67.798 67.580 67.075 69.379 68.660 68.447 68.130 67.810 67.460 67.074
0.000 0.000 0.000 0.000 0.000 0.000 0.000 0.000 0.000 0.000 0.000 0.000 0.000 0.000 16.643 55.643 30.643 66.643 85.642 90.640 88.636 86.632 75.628 34.625 0.000 0.000 0.000 12.554 51.554 51.554 64.554 62.554 55.555 50.555 0.000 0.000 6.557 43.558 62.558 69.558 61.558 45.559 34.559 35.560 35.561 35.564 35.567 35.572 39.577 0.000 0.000 0.000 10.369 47.585 17.079 14.411 49.347 54.141 65.875 72.475 72.324 70.561 68.886 69.247 67.977 70.213 69.480 69.259 68.946 68.641 68.317 67.960 67.534
0.000 0.000 0.000 0.000 0.000 0.000 0.000 0.000 0.000 0.000 0.000 0.000 0.000 0.000 0.000 1.644 87.645 87.645 89.644 89.641 88.636 82.631 76.625 47.622 0.000 0.000 0.000 0.000 0.000 19.554 64.554 58.555 73.555 70.555 49.555 28.556 29.557 38.558 60.558 69.558 60.559 43.559 33.560 38.561 37.563 35.565 35.567 35.570 36.572 28.571 0.000 0.000 0.000 0.000 8.836 51.891 54.823 62.677 73.396 73.505 71.863 73.748 71.491 69.024 71.127 70.354 70.101 69.772 69.467 69.165 68.859 68.527 67.093
0.000 0.000 0.000 0.000 0.000 0.000 22.594 45.591 0.000 23.534 63.524 52.511 56.501 31.494 0.000 0.000 23.648 95.648 89.649 86.645 83.638 86.629 77.621 40.616 0.000 0.000 0.000 0.000 0.000 0.000 0.000 8.555 62.555 63.555 14.555 0.000 5.557 42.558 60.558 65.558 55.559 46.559 44.560 6.561 13.563 41.565 35.567 35.569 36.570 42.570 50.570 12.570 0.000 0.000 24.538 57.496 61.391 72.200 74.413 74.045 77.329 75.905 70.375 72.172 71.308 70.989 70.621 70.292 69.982 69.692 69.427 69.195 75.027
0.000 0.000 0.000 0.000 0.000 0.000 22.596 65.588 7.569 57.544 59.526 71.510 54.496 39.488 0.000 0.000 11.650 80.652 92.657 89.652 89.640 90.626 84.613 38.604 0.000 0.000 0.000 0.000 0.000 0.000 0.000 0.000 0.000 47.555 6.555 0.000 1.558 48.558 45.558 57.558 14.558 0.000 0.000 0.000 0.000 7.566 45.568 39.569 2.570 32.570 66.570 49.570 2.570 0.000 29.292 63.133 72.036 75.156 74.912 79.089 78.344 71.739 73.295 72.335 71.930 71.502 71.130 70.789 70.476 70.196 69.961 69.801 74.792
20.871 64.866 54.862 0.000 0.000 0.000 16.608 76.596 52.574 54.549 60.525 84.505 85.487 80.473 34.459 0.000 0.000 0.000 40.676 94.665 89.646 90.623 87.600 46.584 0.000 0.000 0.000 0.000 0.000 0.000 0.000 0.000 0.000 5.555 0.000 0.000 0.000 0.000 0.000 0.000 0.000 0.000 0.000 0.000 0.000 0.000 0.000 20.569 17.569 0.000 0.000 0.000 0.000 18.704 56.121 73.074 74.750 75.683 80.033 79.641 72.772 74.324 73.353 72.889 72.408 71.988 71.606 71.256 70.938 70.655 70.419 70.257 73.224
20.872 76.865 58.857 54.848 0.000 0.000 3.631 68.614 70.583 70.552 82.522 79.497 91.476 90.458 51.445 0.000 0.000 0.000 16.706 96.687 89.656 90.619 87.580 47.548 0.000 0.000 8.122 56.086 68.046 37.018 0.000 0.000 0.000 0.000 0.000 0.000 0.000 0.000 0.000 0.000 0.000 0.000 0.000 0.000 0.000 0.000 0.000 0.000 5.569 0.000 0.000 0.000 16.669 57.176 74.136 74.719 80.947 80.437 74.047 74.607 75.104 74.281 73.808 73.303 72.851 72.433 72.048 71.693 71.365 71.068 70.804 77.582 18.403
84.875 81.866 60.854 61.839 53.818 0.763 58.671 53.645 61.594 74.553 78.514 89.486 90.460 89.437 58.419 0.000 0.000 0.000 15.755 95.720 89.672 90.616 85.554 65.481 49.366 50.261 50.159 58.089 79.032 45.991 0.000 0.000 0.000 0.000 0.000 0.000 0.000 0.000 0.000 0.000 0.000 0.000 0.000 0.000 0.000 0.000 0.000 0.000 0.000 0.000 14.759 45.537 55.044 74.031 75.621 82.289 81.695 74.597 76.315 75.646 75.102 74.641 74.152 73.691 73.254 72.845 72.462 72.101 71.763 71.445 78.147 23.865 0.000
81.879 76.869 74.855 57.836 61.808 61.770 52.723 45.701 0.000 0.000 20.493 79.473 90.442 88.412 73.375 40.323 0.000 2.926 64.839 85.767 90.695 89.619 90.540 80.454 56.356 53.258 52.164 61.081 79.003 61.923 47.812 48.725 52.661 63.621 27.605 0.000 0.000 0.000 0.000 0.000 0.000 0.000 0.000 0.000 0.000 0.000 0.000 0.000 0.000 0.000 25.959 65.800 73.746 76.394 83.168 82.772 75.322 76.989 76.208 75.834 75.391 74.935 74.487 74.050 73.632 73.232 72.852 72.488 72.140 77.804 24.475 0.000 0.000
70.886 22.875 90.861 61.842 55.810 56.780 58.752 58.736 47.738 0.000 0.000 0.457 24.422 95.393 85.345 63.272 55.152 62.013 60.908 62.815 70.721 71.627 58.533 55.440 53.345 53.250 52.157 61.066 75.977 54.885 51.788 56.702 72.636 75.597 60.590 34.590 0.000 0.000 0.000 0.000 0.000 0.000 0.000 0.000 0.000 0.000 0.000 0.000 0.000 16.798 58.644 74.256 77.096 83.732 83.488 76.019 77.661 76.876 76.517 76.086 75.660 75.232 74.808 74.392 73.990 73.601 73.224 72.860 78.504 24.154 0.000 0.000 0.000
16.894 89.883 90.871 76.860 0.000 3.787 63.769 59.751 70.741 61.733 0.000 0.472 3.429 83.393 80.339 65.266 56.172 53.066 52.965 55.862 68.746 76.634 79.526 72.429 62.335 55.242 54.147 70.051 72.953 47.853 51.753 51.660 52.584 56.543 35.566 0.000 0.000 0.000 6.118 0.000 0.000 0.000 0.000 0.000 0.000 0.000 0.000 20.019 51.690 59.548 73.063 84.392 84.007 77.074 77.669 78.234 77.544 77.178 76.755 76.345 75.934 75.524 75.119 74.722 74.334 73.956 74.586 81.223 24.863 0.000 0.000 0.000 0.000
94.902 90.893 90.882 90.867 77.846 60.812 60.785 60.760 51.740 0.695 17.577 24.530 76.467 73.413 76.353 69.283 70.202 70.115 70.025 72.924 67.769 67.636 69.507 73.414 74.325 72.234 68.139 79.038 76.932 64.822 65.710 65.600 67.499 42.422 0.000 0.000 0.000 0.000 7.118 0.000 0.000 0.000 0.000 0.000 0.000 6.885 54.669 55.238 76.254 76.812 85.459 84.980 79.562 79.278 78.666 78.198 77.819 77.406 77.004 76.603 76.206 75.812 75.424 75.043 74.669 75.302 78.940 11.581 0.000 0.000 0.000 0.000 0.000
93.910 89.904 89.895 90.881 87.859 65.830 59.798 60.765 61.729 53.677 2.610 68.554 65.495 66.437 67.377 62.311 66.239 71.166 79.095 64.038 0.000 0.000 14.450 72.394 68.317 68.232 68.135 68.029 67.914 67.793 67.666 67.532 65.388 60.226 33.009 0.000 8.644 52.421 59.118 70.808 40.568 0.000 0.000 0.000 0.883 56.079 66.878 78.806 79.444 86.195 85.860 80.213 79.889 79.153 78.823 78.433 78.035 77.641 77.248 76.859 76.473 76.093 75.721 75.356 75.998 78.644 26.292 0.000 0.000 0.000 0.000 0.000 0.000
79.917 79.916 79.915 90.903 90.881 80.849 56.812 59.774 60.734 60.687 66.634 75.579 59.522 56.465 54.406 61.343 76.279 75.214 60.153 40.096 0.000 0.000 0.000 0.420 57.316 52.241 52.142 52.028 51.903 52.770 55.628 56.473 56.297 55.083 55.792 54.345 53.867 62.500 69.126 66.739 73.328 70.783 65.271 62.759 65.138 76.747 80.261 80.054 86.688 86.471 80.853 80.506 79.756 79.428 79.033 78.645 78.258 77.872 77.490 77.111 76.736 76.367 76.011 76.663 77.322 15.983 0.000 0.000 0.000 0.000 0.000 0.000 0.000
0.000 45.930 57.944 85.935 89.911 70.874 53.828 52.784 60.745 60.704 59.659 53.606 54.549 60.495 77.439 76.379 59.318 52.260 42.206 0.000 61.791 70.732 66.640 67.523 70.386 73.275 72.162 73.038 75.901 74.755 71.602 73.435 68.245 54.017 57.732 56.374 60.981 78.587 85.145 81.693 75.223 69.747 71.290 77.753 82.606 81.032 87.291 86.940 80.841 82.449 81.034 80.372 80.031 79.632 79.246 78.860 78.478 78.101 77.728 77.359 76.991 77.630 75.291 70.964 22.643 0.000 0.000 0.000 0.000 0.000 0.000 0.000 0.000
0.000 0.000 50.996 69.982 80.955 55.909 47.843 54.790 52.757 59.726 60.691 60.639 53.572 70.527 62.475 51.415 54.353 46.301 0.000 70.938 73.851 73.764 75.664 76.552 79.429 83.312 82.193 82.062 81.907 83.748 84.590 82.422 70.231 56.008 57.745 57.438 57.096 59.720 33.176 5.664 95.121 136.715 114.248 80.180 81.698 88.259 87.820 81.289 84.017 81.431 80.987 80.628 80.233 79.845 79.457 79.071 78.693 78.324 77.964 77.605 79.240 73.871 62.558 17.261 0.000 0.000 0.000 0.000 0.000 0.000 0.000 0.000 45.137
3.234 0.000 6.063 27.041 62.018 43.963 0.000 49.778 54.765 54.753 60.738 49.689 0.000 54.568 52.519 54.453 55.378 65.291 79.172 76.025 77.912 83.808 93.703 137.590 134.466 134.350 134.237 134.111 134.919 118.738 50.589 53.430 51.248 59.039 57.803 54.537 52.247 34.020 0.000 0.000 3.902 61.613 78.627 83.223 88.953 88.633 80.889 82.589 81.888 81.583 81.213 80.830 80.445 80.056 79.665 79.276 78.898 78.539 79.197 77.858 69.493 58.057 15.807 0.000 0.000 0.000 0.000 0.000 0.000 0.000 1.429 36.352 57.245
77.235 25.210 14.151 77.102 55.113 0.000 0.000 0.000 48.774 61.783 53.821 0.000 6.741 62.657 53.581 64.501 77.413 77.315 82.201 85.077 77.962 63.854 54.748 50.639 48.496 51.384 52.294 39.225 0.000 55.695 52.600 51.461 55.291 59.098 55.891 47.660 54.333 35.093 0.000 1.184 56.890 73.914 83.642 89.445 89.224 81.474 83.160 82.455 82.161 81.791 81.422 81.044 80.659 80.269 79.871 79.468 79.086 79.737 75.426 64.139 20.816 0.000 0.000 0.000 0.000 0.000 0.000 0.000 0.000 0.000 4.495 54.424 53.338
87.254 95.245 83.229 0.200 12.218 6.324 1.368 0.375 0.000 0.000 57.941 55.921 63.826 60.736 60.648 60.557 77.459 91.353 80.239 60.121 58.006 52.898 54.798 45.720 0.000 57.395 54.331 43.269 0.000 56.748 51.655 52.522 59.358 57.172 55.002 36.879 0.000 1.594 53.559 51.354 68.141 84.056 89.721 82.409 82.976 83.635 83.030 82.735 82.372 82.012 81.642 81.263 80.879 80.489 80.083 80.640 80.239 69.899 54.630 17.455 0.000 0.000 0.000 0.000 0.000 0.000 0.000 2.848 29.805 28.724 43.601 55.511 43.427
77.282 81.288 71.291 0.000 0.000 71.405 64.407 58.381 2.322 10.220 76.082 72.997 59.906 60.813 60.718 61.619 82.512 134.400 127.282 74.162 129.044 49.932 53.826 53.724 55.609 53.471 53.364 53.253 55.096 50.894 50.752 59.612 58.447 55.229 50.068 38.973 0.000 0.358 55.610 62.448 84.453 83.339 90.078 83.455 84.041 83.590 83.299 82.952 82.602 82.240 81.869 81.488 81.103 80.727 82.333 77.768 59.333 45.990 47.739 13.597 0.000 0.000 0.000 0.000 0.000 0.000 0.000 2.892 38.842 43.767 57.675 51.590 41.510
73.312 68.334 12.355 0.000 2.526 54.485 63.457 60.416 78.354 72.268 77.169 85.078 75.987 60.893 60.793 60.687 59.573 53.452 48.326 53.199 50.077 53.961 53.850 53.742 53.631 53.515 53.403 53.283 52.140 56.979 58.846 59.729 43.588 0.000 43.068 0.000 0.000 0.287 59.783 81.706 85.713 91.064 90.604 83.547 84.199 83.840 83.526 83.192 82.841 82.479 82.106 81.718 81.319 79.982 41.752 0.000 0.000 0.000 0.000 0.000 0.000 0.000 0.000 35.280 30.244 29.184 28.101 31.986 40.905 56.825 50.744 41.664 51.588
65.340 56.381 61.441 6.540 59.567 55.552 54.520 72.472 65.408 81.331 90.246 70.160 56.072 53.977 56.875 59.763 60.641 60.508 53.370 52.234 53.104 52.983 53.871 53.764 53.659 58.554 55.449 52.336 53.204 56.035 59.923 48.871 0.000 0.000 0.000 0.000 15.466 135.346 79.065 86.089 84.063 91.470 83.367 85.885 87.369 84.094 83.777 83.444 83.094 82.727 83.357 79.961 67.470 58.132 15.942 0.000 0.000 0.000 0.000 0.000 0.000 0.000 37.363 37.317 37.268 38.207 38.132 39.046 52.965 52.887 36.810 39.734 41.662
40.356 41.408 35.487 59.613 55.649 54.638 65.600 69.543 80.475 87.401 53.325 52.246 53.162 55.070 53.967 50.850 58.718 59.571 60.414 59.260 53.122 51.998 50.886 51.783 57.687 116.594 84.502 64.407 47.306 0.000 61.942 69.960 0.000 0.000 0.000 0.000 59.587 70.483 87.365 85.400 92.178 91.838 84.457 84.986 85.651 84.358 84.046 83.715 83.362 83.977 82.635 35.298 0.000 0.000 0.000 0.000 0.000 0.000 0.000 0.000 0.000 0.000 44.409 40.355 37.305 38.245 36.175 48.099 55.023 38.948 39.874 47.801 45.732
0.000 0.000 0.000 52.777 55.776 57.750 78.698 89.625 103.548 85.475 14.406 71.336 71.260 55.174 55.072 53.952 51.810 54.644 60.453 58.273 59.125 61.001 58.893 56.797 52.711 47.632 52.560 47.484 0.000 0.000 0.000 56.067 48.094 0.000 0.000 2.020 69.813 86.670 86.745 84.760 92.490 84.180 86.682 88.187 84.930 84.638 84.333 84.008 83.664 81.183 35.909 0.000 0.000 0.000 0.000 0.000 0.000 0.000 0.000 0.000 0.000 43.581 13.509 1.436 45.351 35.293 46.225 58.153 46.080 41.008 45.936 49.866 42.799
0.000 0.000 0.000 50.943 56.928 72.889 83.819 131.711 125.616 127.545 133.488 129.432 130.369 55.292 55.196 54.077 53.927 52.741 47.482 57.253 59.104 59.988 57.887 59.801 59.727 60.665 53.623 0.000 0.000 0.000 0.000 57.147 42.120 0.000 0.000 61.183 83.046 86.996 85.983 93.056 92.781 85.239 85.786 86.475 85.212 84.936 84.640 85.321 60.101 0.000 0.000 0.000 0.000 0.000 0.000 0.000 0.000 0.000 55.878 44.831 34.757 38.654 38.573 39.503 39.420 42.349 55.279 52.208 47.137 48.067 45.997 43.929 39.863
17.201 0.000 0.000 52.123 69.103 77.060 82.976 53.783 52.661 51.601 48.567 49.537 49.493 55.430 55.345 71.231 71.080 46.910 0.000 44.152 57.051 58.958 56.868 58.793 58.730 59.678 55.643 0.000 0.486 1.432 55.362 40.255 0.000 0.000 62.567 71.416 88.284 87.192 86.373 93.313 84.914 87.443 89.978 85.754 85.505 85.253 83.968 71.536 30.319 0.000 0.000 0.000 0.000 0.000 42.117 37.097 37.058 37.002 40.925 52.859 55.786 41.704 36.626 38.552 40.476 55.404 54.334 40.264 49.194 50.125 49.057 41.990 37.925
