results3/res_3e8f-0093.wd
ncols         241
nrows         181
xllcorner     12693529.787448
yllcorner     3542525.717860
cellsize      155.156523
NODATA_value  -9999.000000
[rows 99 to 131 of 181, columns 73 to 145 of 241]
55.936 55.920 55.904 54.890 54.877 59.864 62.850 59.837 55.828 55.823 49.823 5.825 0.000 0.000 0.000 0.000 0.000 11.622 69.719 94.731 92.755 91.935 98.648 98.574 91.676 92.370 92.213 92.101 92.993 92.891 91.798 95.718 54.660 0.000 0.000 0.000 0.000 0.000 0.000 21.319 47.228 59.048 26.741 8.565 38.508 41.435 39.343 43.215 39.942 37.492 7.080 31.794 35.635 50.520 56.440 59.382 57.341 52.311 45.292 40.281 35.276 13.267 0.000 0.000 0.000 0.000 7.144 25.143 37.143 61.143 62.142 62.142 62.141
55.958 55.943 54.929 52.915 56.901 61.887 62.872 62.849 56.836 53.830 58.827 58.826 19.827 0.000 14.741 44.704 21.633 1.309 58.014 97.913 93.176 93.202 98.710 91.001 92.786 92.436 92.345 92.230 92.120 92.016 93.924 92.847 28.793 0.000 0.000 0.000 0.000 0.000 0.000 25.523 31.454 42.376 0.000 0.000 33.691 41.626 40.521 44.364 44.118 14.805 0.000 26.704 40.614 45.502 66.436 67.389 67.354 68.328 69.311 67.300 48.295 0.000 0.000 0.000 0.000 0.000 0.000 24.141 37.140 61.140 62.139 62.138 62.138
55.980 54.966 54.952 57.939 60.925 61.912 36.900 0.862 29.838 65.832 38.829 12.827 4.827 0.000 25.779 75.737 72.651 64.503 83.272 94.391 91.367 98.797 92.294 93.097 92.660 92.591 92.470 92.355 92.241 93.130 91.034 78.952 25.873 0.000 0.000 0.000 0.000 0.000 28.970 35.795 33.689 34.626 7.660 0.000 39.939 57.858 50.749 45.603 20.360 0.000 0.000 9.704 0.000 39.440 64.413 68.384 66.358 66.337 66.322 68.313 41.309 35.313 35.315 41.315 0.000 0.000 0.000 1.139 36.137 61.136 62.136 62.135 62.135
55.002 53.989 58.976 61.962 61.949 61.936 26.928 0.000 0.000 8.832 0.000 0.000 0.000 0.000 18.858 81.815 87.733 95.618 95.529 92.626 99.159 98.935 92.269 92.977 92.825 92.712 92.598 92.481 92.357 98.230 48.131 16.056 0.026 0.000 0.000 0.000 0.000 20.297 38.146 34.000 33.879 32.781 38.693 4.535 33.267 59.120 58.014 55.939 0.000 0.000 0.000 0.000 0.000 37.406 66.393 70.375 67.357 66.341 64.329 53.321 34.317 30.316 31.316 15.315 0.000 0.000 0.000 0.000 32.134 61.134 62.133 62.132 58.131
54.025 60.014 62.001 61.986 59.971 65.956 35.947 0.000 0.000 0.000 0.000 0.000 0.000 0.000 29.981 87.929 90.856 94.712 93.920 93.911 99.360 91.669 93.372 93.044 92.954 92.841 92.729 96.612 102.476 57.303 26.202 1.163 0.000 0.000 0.000 0.000 21.574 44.450 38.315 31.178 36.048 39.924 36.798 34.646 48.473 52.341 42.250 50.199 0.000 0.000 0.000 0.000 0.000 43.384 67.377 72.367 71.354 67.342 62.332 31.325 29.320 30.319 37.318 0.000 0.000 0.000 0.000 26.131 30.132 59.131 62.130 62.130 56.129
61.049 62.040 62.027 61.011 38.994 4.969 23.958 25.958 0.000 0.000 0.000 0.000 0.000 21.275 74.156 88.073 90.966 93.108 94.098 99.712 99.543 92.654 93.353 93.189 93.080 92.971 96.866 58.761 18.634 0.000 36.191 22.183 0.000 0.000 0.000 0.000 29.699 63.611 54.488 49.351 44.211 45.070 42.927 43.780 56.637 50.523 34.445 36.408 0.000 0.000 0.000 0.000 0.000 43.369 71.366 36.361 34.352 66.339 69.331 39.326 30.322 35.320 5.319 0.000 0.000 0.000 0.000 0.000 26.130 44.129 60.128 63.127 56.126
62.076 62.069 58.056 62.037 44.024 0.000 14.957 44.957 0.000 0.000 0.000 0.000 11.493 73.394 87.297 93.211 93.171 93.300 100.013 99.867 91.996 93.767 93.413 93.321 93.206 93.098 97.001 68.932 0.910 0.000 6.189 9.186 0.000 0.000 0.000 0.000 16.911 48.809 53.674 63.527 59.375 47.219 50.061 58.909 53.774 41.668 33.600 34.580 8.634 9.648 0.000 0.000 0.000 41.357 75.356 0.000 0.000 15.333 62.329 52.325 33.323 12.321 0.000 0.000 0.000 0.000 0.000 0.000 0.000 23.126 49.126 59.125 52.124
60.107 57.104 56.093 72.057 51.040 0.000 13.957 41.957 0.000 0.000 0.000 5.668 69.592 82.511 92.434 95.305 94.539 92.557 100.148 91.319 93.088 89.642 91.566 93.441 93.326 94.213 88.110 78.042 26.018 0.000 0.000 0.000 0.000 0.000 0.000 4.481 39.226 44.040 43.872 45.708 54.542 57.369 60.189 54.022 40.881 34.775 33.708 32.676 36.676 21.662 0.000 0.000 0.000 30.348 67.345 33.337 22.333 14.330 57.327 63.324 43.322 0.000 0.000 0.000 0.000 0.000 0.000 0.000 0.000 18.125 42.124 47.123 34.123
54.141 63.149 59.153 0.099 1.041 0.000 4.957 4.957 0.000 0.000 0.000 6.744 85.696 87.633 95.536 94.692 93.702 100.385 100.272 93.283 92.966 92.804 92.683 91.563 92.443 94.320 51.182 2.116 0.000 0.000 0.000 0.000 0.000 8.279 25.076 39.737 50.470 47.255 46.067 42.892 43.717 46.526 58.304 59.109 50.952 39.845 32.779 32.743 34.731 0.000 0.000 0.000 0.000 15.341 57.338 35.334 31.332 31.329 63.324 66.321 49.319 12.316 2.315 45.315 0.000 0.000 0.000 0.000 0.000 21.123 45.122 40.122 26.122
55.175 65.198 52.219 0.000 0.000 0.000 1.957 13.957 0.000 0.000 0.000 72.866 82.820 94.755 94.740 93.872 100.588 100.490 92.608 94.377 94.024 93.927 93.804 93.684 95.563 45.442 0.000 0.000 0.000 0.000 0.000 0.000 23.752 40.482 53.212 48.922 47.662 47.441 47.249 48.077 45.908 44.714 18.392 37.158 61.973 43.876 31.819 34.786 32.774 20.781 0.000 0.000 0.000 16.337 49.333 27.330 0.000 0.000 19.320 56.318 45.317 54.315 61.314 20.315 0.000 0.000 0.000 0.000 0.000 0.000 36.121 34.120 27.120
53.205 57.248 56.307 32.381 0.000 0.000 0.000 0.000 0.000 0.000 26.148 86.036 92.960 94.868 95.015 93.125 100.677 92.906 94.683 94.243 94.170 94.045 94.926 95.805 57.684 0.000 0.000 0.000 0.000 0.000 0.951 43.389 54.023 49.685 48.370 48.075 47.816 47.597 47.413 47.257 47.126 56.030 0.000 0.000 29.905 38.868 30.834 39.810 39.797 21.789 0.000 0.000 0.000 0.000 33.326 70.324 38.321 0.000 12.317 57.316 51.315 42.314 42.313 0.000 0.000 0.000 0.000 0.000 0.000 0.000 15.119 26.119 27.119
65.219 3.283 59.379 57.455 46.549 5.612 0.000 0.000 0.000 17.352 76.261 90.169 96.090 95.058 94.198 100.830 100.758 93.859 94.553 94.397 94.282 95.168 97.048 57.926 0.000 0.000 0.000 0.000 0.079 30.513 41.206 52.709 49.265 48.865 45.507 45.192 44.931 45.720 47.548 47.412 50.310 27.249 0.000 0.000 9.875 34.858 33.838 51.823 47.814 0.000 0.000 0.000 0.000 0.000 17.321 62.320 74.318 31.315 57.315 71.314 63.313 39.312 32.311 4.310 0.000 0.000 0.000 0.000 0.000 0.000 21.118 27.118 31.118
47.203 0.340 61.470 51.513 58.579 50.675 11.835 1.268 10.493 77.444 86.372 96.302 95.165 95.413 93.423 100.892 93.158 94.946 94.601 94.513 95.401 96.295 50.172 0.000 0.000 0.000 0.000 0.000 43.156 53.819 51.445 49.974 51.463 51.003 56.601 61.256 55.998 48.801 42.649 46.533 52.452 10.408 0.000 0.000 5.863 37.851 38.839 60.829 48.824 0.000 0.000 0.000 0.000 0.000 5.317 57.316 66.315 71.314 67.313 67.312 71.311 55.311 34.310 35.308 4.307 0.000 0.000 0.000 0.000 23.116 28.117 26.117 31.116
0.000 0.000 29.524 80.550 43.578 0.000 0.000 15.641 75.607 80.556 94.498 95.377 95.630 93.537 100.978 93.425 95.230 94.801 94.739 95.624 92.514 47.441 0.000 0.000 0.000 0.000 0.000 45.812 53.493 51.163 50.781 54.281 28.609 7.084 9.639 26.233 52.002 53.839 54.714 46.621 47.556 8.523 0.000 0.000 0.000 18.843 36.837 43.831 42.828 0.000 0.000 0.000 0.000 0.000 5.314 48.314 61.313 66.312 67.311 68.311 64.310 60.309 45.308 33.307 37.306 43.305 0.000 0.000 0.000 0.000 26.116 27.115 29.115
0.000 0.000 6.553 81.582 68.606 0.000 0.000 22.772 83.735 91.685 95.600 96.763 96.770 101.310 101.107 94.379 95.091 94.947 94.845 89.738 79.589 30.515 0.000 0.000 0.000 34.649 43.470 55.131 51.842 51.559 55.237 32.759 0.000 0.000 0.000 12.033 49.939 46.838 50.749 56.678 56.630 34.606 0.000 0.000 0.000 0.838 38.834 32.832 39.830 0.000 0.000 0.000 0.000 0.000 10.312 35.312 52.311 66.310 61.310 54.310 56.309 17.309 42.308 51.306 44.305 40.305 0.000 0.000 0.000 0.000 0.000 21.114 26.114
0.000 0.000 0.000 9.620 58.659 0.832 11.029 76.941 88.878 95.819 95.801 95.947 101.676 101.497 93.676 95.470 95.132 95.056 87.963 53.893 0.000 0.000 0.000 7.138 53.036 46.827 54.631 52.401 52.184 52.993 30.848 0.000 0.000 0.000 0.000 10.928 52.885 46.824 46.764 48.714 52.679 54.664 6.678 0.000 0.000 0.000 19.832 38.831 13.830 0.000 0.000 0.000 0.000 0.000 3.310 31.310 42.309 49.309 41.309 38.308 3.309 0.000 0.000 35.304 39.304 48.304 0.000 0.000 0.000 0.000 0.000 15.114 26.113
0.000 0.000 0.000 0.000 0.000 11.210 80.150 85.082 96.024 95.916 97.165 97.208 101.842 93.984 95.758 95.322 95.258 85.152 74.061 37.977 0.000 0.000 0.000 47.240 69.144 53.992 45.828 53.657 51.502 54.381 24.315 0.000 0.000 0.000 6.854 41.867 48.847 47.810 47.770 44.735 40.709 42.695 4.693 0.000 0.000 0.000 0.831 45.830 0.000 0.000 0.000 0.000 0.000 0.000 3.309 33.308 32.308 31.307 29.307 35.307 0.000 0.000 0.000 10.304 33.303 51.302 0.000 0.000 0.000 0.000 0.000 0.000 19.113
0.000 0.000 0.000 0.000 0.000 83.327 82.280 96.222 96.137 97.304 97.344 102.147 101.999 94.941 96.621 94.460 80.340 69.242 43.152 0.000 0.000 0.000 41.596 59.439 59.308 66.170 54.030 43.897 49.785 59.714 62.716 25.869 0.000 0.000 5.841 53.840 47.825 47.801 46.772 42.746 36.726 37.713 3.705 0.000 0.000 0.000 0.000 18.829 26.829 0.000 0.000 0.000 0.000 0.000 11.308 35.307 29.307 30.306 30.306 32.305 15.304 0.000 0.000 0.000 20.302 41.301 19.300 0.000 0.000 0.000 0.000 0.000 14.112
0.000 0.000 0.000 0.000 22.591 83.492 95.422 96.358 97.339 99.496 102.422 102.287 94.257 96.015 92.663 81.558 70.407 42.325 0.000 0.000 0.000 43.898 64.753 50.611 42.478 56.349 68.227 56.116 59.027 59.973 46.968 53.022 32.091 0.000 13.830 45.825 41.813 48.795 43.773 35.752 34.736 38.727 0.721 0.000 0.000 0.000 0.000 5.829 45.829 0.000 0.000 0.000 0.000 0.000 0.000 17.306 32.305 30.305 30.304 30.304 38.304 0.000 0.000 0.000 0.000 22.299 33.299 39.298 0.000 0.000 0.000 0.000 0.000
0.000 0.000 0.000 0.000 65.690 91.628 97.566 96.453 96.700 94.757 102.551 94.546 96.306 90.870 79.798 54.674 0.000 0.000 0.000 0.000 44.172 65.043 51.908 40.774 40.645 42.523 53.411 68.313 59.235 44.183 52.160 54.160 28.160 0.000 10.824 70.818 57.809 46.792 40.772 36.752 33.740 34.734 28.733 0.000 0.000 0.000 0.000 0.000 24.829 0.000 0.000 0.000 0.000 0.000 0.000 0.000 34.304 30.304 30.303 30.303 32.303 16.302 0.000 0.000 0.000 3.298 30.298 33.298 0.000 0.000 0.000 0.000 0.000
0.000 0.000 0.000 68.963 65.851 71.771 86.676 97.836 94.881 102.792 102.674 95.480 91.162 80.012 58.902 0.000 0.000 26.092 0.000 0.000 69.302 52.194 41.063 41.931 40.805 43.687 57.582 66.491 67.418 51.365 47.330 58.299 32.230 0.000 0.000 1.815 14.812 0.000 0.000 6.744 37.739 44.736 45.734 31.734 0.000 0.000 0.000 0.000 0.000 0.000 0.000 0.000 0.000 0.000 0.000 0.000 34.303 33.303 36.303 31.302 28.302 37.302 0.000 0.000 0.000 10.298 44.298 49.298 0.000 0.000 0.000 0.000 0.000
0.000 0.000 8.171 70.076 66.982 67.901 77.870 94.023 103.015 102.905 94.764 91.526 79.193 53.115 0.000 0.000 43.151 42.092 23.975 7.798 57.539 41.368 42.219 41.082 41.955 56.840 62.738 26.651 17.581 69.529 55.495 33.476 0.000 0.000 0.000 0.000 0.000 0.000 0.000 3.740 55.738 49.736 46.735 42.734 0.000 0.000 0.000 0.000 0.000 0.000 0.000 0.000 0.000 0.000 0.000 22.301 31.302 6.302 0.000 6.302 31.301 35.301 0.000 0.000 0.000 12.297 48.297 17.297 0.000 0.000 0.000 0.000 0.000
0.000 83.344 71.266 68.184 66.108 66.984 68.221 72.276 103.122 94.007 89.766 79.353 53.308 0.000 0.000 0.000 47.210 45.150 65.037 48.879 41.689 42.519 41.365 44.224 64.095 60.980 41.879 37.793 42.725 70.676 67.646 31.634 0.000 0.000 0.000 0.000 0.000 0.000 0.000 3.738 62.737 62.735 57.734 48.734 0.000 0.000 0.000 0.000 0.000 0.000 0.000 0.000 0.000 0.000 0.000 34.301 36.301 0.000 0.000 0.000 34.301 35.301 0.000 0.000 0.000 0.000 19.297 0.000 0.000 0.000 0.000 0.000 0.000
0.000 81.422 95.366 87.296 72.198 73.351 65.392 103.323 103.224 72.884 77.563 53.461 0.000 0.000 0.000 0.000 49.329 62.261 60.143 41.991 41.820 41.653 52.497 64.353 53.222 42.105 42.004 41.919 42.851 51.803 69.778 65.781 26.838 0.000 0.000 0.000 0.000 0.000 0.000 0.000 48.736 50.735 62.734 63.733 19.733 0.000 0.000 0.000 0.000 0.000 0.000 0.000 0.000 0.000 26.300 36.300 13.300 0.000 0.000 0.000 35.300 33.300 0.000 0.000 0.000 0.000 0.000 0.000 0.000 0.000 0.000 0.000 0.000
17.651 94.556 97.480 97.407 92.377 82.526 103.515 103.419 65.012 59.804 0.000 0.000 0.000 0.000 0.000 0.000 60.516 65.423 41.285 43.122 42.948 54.778 63.617 45.469 42.335 42.216 42.113 42.027 41.958 41.909 50.880 70.875 63.896 37.928 28.941 32.945 1.945 0.000 0.000 0.000 0.000 28.734 68.733 68.733 29.732 0.000 0.000 0.000 0.000 0.000 0.000 0.000 0.000 0.000 15.300 14.300 0.000 0.000 0.000 0.000 15.300 42.300 0.000 0.000 0.000 0.000 0.000 0.000 0.000 0.000 0.000 0.000 0.000
87.747 97.668 97.599 97.480 101.717 92.769 103.608 65.066 67.731 62.504 0.000 0.000 0.000 0.000 0.000 53.994 65.796 42.629 43.451 43.263 51.074 63.892 41.724 42.571 42.433 42.311 42.205 42.117 42.046 41.994 41.959 45.942 46.941 41.948 42.951 49.947 31.946 0.000 0.000 0.000 0.000 0.000 23.732 59.732 22.732 0.000 0.000 0.000 0.000 0.000 0.000 0.000 0.000 0.000 0.000 0.000 0.000 0.000 0.000 0.000 0.000 0.000 0.000 0.000 0.000 0.000 0.000 0.000 0.000 0.000 0.000 0.000 0.000
93.845 93.779 97.685 98.841 95.881 103.790 103.699 69.650 53.987 0.000 0.000 0.000 0.000 0.000 0.000 71.193 48.045 43.847 43.628 45.406 66.192 45.994 42.816 42.658 42.516 42.390 42.280 42.189 42.117 42.061 42.021 40.994 39.979 42.972 24.969 0.000 0.000 0.000 0.000 0.000 0.000 0.000 0.000 52.731 40.731 7.731 0.000 0.000 0.000 0.000 0.000 0.000 0.000 0.000 0.000 0.000 0.000 0.000 0.000 0.000 0.000 0.000 0.000 0.000 0.000 0.000 0.000 0.000 0.000 0.000 0.000 0.000 0.000
72.957 72.888 76.861 73.012 103.971 103.881 81.243 62.287 52.981 0.000 0.000 0.000 0.000 0.000 0.000 46.539 42.344 42.087 40.809 53.540 46.294 40.075 40.889 40.728 40.584 40.452 41.337 42.244 42.170 42.113 41.070 39.035 41.008 40.991 37.983 27.983 30.981 32.978 31.976 33.975 4.974 0.000 0.000 0.000 49.731 21.730 0.000 0.000 0.000 0.000 0.000 0.000 0.000 0.000 0.000 0.000 0.000 0.000 0.000 0.000 0.000 0.000 0.000 0.000 0.000 0.000 0.000 0.000 0.000 0.000 0.000 0.000 0.000
88.073 109.957 75.199 105.252 104.058 63.888 54.436 0.000 67.946 26.129 0.000 0.000 0.000 0.000 90.542 69.080 39.706 47.348 57.979 56.652 52.368 50.125 49.937 49.782 48.640 42.497 38.372 42.278 42.207 42.153 41.109 41.069 45.027 45.003 45.990 55.985 55.981 51.978 44.976 43.974 22.973 0.000 0.000 0.000 8.730 14.730 0.000 0.000 0.000 0.000 0.000 0.000 0.000 0.000 0.000 0.000 0.000 0.000 0.000 0.000 0.000 0.000 0.000 0.000 0.000 0.000 0.000 0.000 0.000 0.000 0.000 0.000 0.000
136.155 114.748 112.789 104.221 104.142 91.991 0.000 34.705 62.705 136.314 111.828 0.000 38.144 27.574 89.004 48.533 46.051 117.622 108.107 103.721 103.403 102.119 100.952 99.822 98.696 69.524 36.378 42.290 42.228 42.181 42.145 34.107 0.000 0.000 0.000 0.000 0.000 0.000 8.974 60.973 39.972 10.971 0.000 0.000 0.000 0.000 0.000 0.000 0.000 0.000 0.000 0.000 0.000 0.000 0.000 0.000 0.000 0.000 0.000 0.000 0.000 0.000 0.000 0.000 0.000 0.000 0.000 0.000 0.000 0.000 0.000 0.000 0.000
94.327 113.910 104.369 104.296 88.555 0.000 0.000 0.000 5.858 57.595 45.341 0.000 19.714 0.000 48.367 44.996 54.343 109.983 0.000 0.000 0.000 45.998 54.930 115.857 28.801 0.000 46.326 42.275 42.232 43.201 25.181 0.000 0.000 0.000 0.000 0.000 0.000 0.000 0.000 13.972 60.970 16.970 0.000 0.000 0.000 0.000 0.000 0.000 0.000 0.000 0.000 0.000 0.000 0.000 0.000 0.000 0.000 0.000 0.000 0.000 0.000 0.000 0.000 0.000 0.000 0.000 0.000 0.000 0.000 0.000 0.000 0.000 0.000
115.086 113.136 104.436 113.052 114.898 35.186 0.000 13.273 40.273 49.866 26.601 3.291 41.285 86.784 85.102 77.742 0.000 28.982 0.000 6.944 28.944 56.945 101.915 64.877 29.848 0.000 0.000 48.251 42.227 43.209 24.198 0.000 0.000 0.000 0.000 0.000 0.000 0.000 0.000 0.000 7.969 46.968 11.968 0.000 0.000 0.000 0.000 0.000 0.000 0.000 0.000 0.000 0.000 0.000 0.000 0.000 0.000 0.000 0.000 0.000 0.000 0.000 0.000 0.000 0.000 0.000 0.000 0.000 0.000 0.000 0.000 0.000 0.000
113.223 104.558 104.499 93.562 36.326 0.000 0.000 0.000 1.847 27.995 0.000 0.000 34.352 77.965 131.514 67.128 0.000 0.000 0.000 0.000 0.000 70.921 105.907 35.887 32.867 0.000 0.000 0.000 47.215 41.209 39.204 37.205 25.205 0.000 0.000 0.000 0.000 0.000 0.000 0.000 2.968 60.968 18.967 0.000 0.000 0.000 0.000 0.000 0.000 0.000 0.000 0.000 0.000 0.000 0.000 0.000 0.000 0.000 0.000 0.000 0.000 0.000 0.000 0.000 0.000 0.000 0.000 0.000 0.000 0.000 0.000 0.000 0.000
