results3/res_3e8f-0030.wd
ncols         241
nrows         181
xllcorner     12693529.787448
yllcorner     3542525.717860
cellsize      155.156523
NODATA_value  -9999.000000
[rows 99 to 131 of 181, columns 0 to 74 of 241]
0.000 0.000 0.000 0.000 0.000 27.716 67.714 69.710 60.707 55.706 0.000 0.000 0.000 0.000 0.000 0.000 0.000 35.596 32.596 0.000 0.000 0.000 0.000 30.544 29.542 0.000 0.000 0.000 0.000 0.000 0.000 0.000 0.000 0.000 0.000 37.433 33.439 32.449 33.462 34.477 47.495 36.515 40.538 32.560 34.580 32.601 33.624 38.648 39.673 37.699 41.726 34.754 34.784 36.814 39.847 53.885 54.934 39.968 25.988 0.000 0.000 0.000 0.000 0.000 6.349 61.352 58.362 45.387 20.413 15.444 59.479 36.517 38.558 38.601 38.648
0.000 0.000 0.000 0.000 0.000 28.731 68.730 68.728 0.000 0.000 0.000 0.000 0.000 0.000 0.000 0.000 0.000 46.597 35.598 0.000 0.000 0.000 33.562 32.554 36.550 0.000 0.000 0.000 0.000 43.376 35.376 0.000 0.000 0.000 50.410 60.419 46.428 39.438 33.449 35.461 54.476 39.495 45.526 45.545 36.562 51.581 43.603 44.626 34.650 42.676 42.703 40.730 34.758 35.787 39.815 36.850 0.000 0.000 0.000 0.000 0.000 0.000 0.000 9.370 46.367 58.374 65.386 55.404 31.427 32.454 46.484 37.518 38.554 38.593 38.634
0.000 0.000 0.000 0.000 0.000 15.748 64.747 73.747 0.000 0.000 0.000 0.000 0.000 0.000 0.000 0.000 0.000 53.599 34.602 35.600 37.593 34.583 31.571 32.562 30.555 0.000 0.000 0.000 0.000 36.376 36.378 37.380 36.385 36.391 35.400 45.408 54.415 1.424 65.434 55.444 60.455 45.464 0.000 61.532 59.543 58.561 62.581 51.603 34.627 37.653 42.679 42.706 39.734 35.760 24.779 0.000 0.000 0.000 0.000 0.000 0.000 0.000 0.000 19.373 46.377 46.391 57.403 56.419 39.438 39.461 38.487 38.516 38.548 38.582 37.619
41.816 44.816 0.000 0.000 0.000 25.766 64.765 69.766 79.774 0.000 0.000 0.000 0.000 0.000 0.000 0.000 0.000 0.000 38.612 35.607 53.597 67.586 42.577 27.569 0.000 0.000 0.000 0.000 0.000 0.000 35.378 36.380 36.384 36.389 36.394 35.399 35.403 34.409 35.418 40.427 52.435 46.442 0.000 61.508 62.520 40.537 47.558 64.580 58.604 45.630 35.655 41.682 42.711 45.744 30.761 0.000 0.000 0.000 0.000 0.000 0.000 0.000 0.000 0.000 0.000 43.410 40.418 40.430 38.446 38.465 38.488 38.513 38.541 37.570 36.602
55.818 38.817 38.814 40.809 42.800 61.787 69.781 69.781 69.784 71.789 45.791 0.000 0.000 33.692 40.693 41.691 3.688 0.000 61.629 69.621 64.602 60.590 43.583 0.000 0.000 0.000 0.000 0.000 0.000 0.000 0.000 36.378 35.383 34.387 35.390 36.389 36.392 36.396 36.403 37.410 56.419 51.429 34.443 36.472 47.493 58.512 35.533 47.556 48.581 41.607 61.632 44.658 36.684 0.000 0.000 0.000 0.000 0.000 0.000 0.000 0.000 0.000 0.000 0.000 0.000 43.423 38.428 38.438 38.451 38.467 38.487 36.508 34.532 36.557 42.584
70.822 60.821 41.818 45.813 63.807 69.800 69.795 69.792 69.792 64.793 36.794 42.794 0.000 24.693 59.696 67.693 67.687 51.675 66.655 73.646 0.000 0.000 0.000 0.000 0.000 0.000 0.000 0.000 0.000 0.000 0.000 36.373 0.000 0.000 0.000 37.378 36.380 36.383 36.387 37.394 53.402 58.413 35.427 36.448 36.467 54.487 55.508 33.531 41.557 60.585 52.609 30.633 0.000 0.000 0.000 0.000 0.000 0.000 0.000 0.000 0.000 0.000 0.000 0.000 0.000 43.431 38.435 38.443 38.454 37.467 36.483 41.501 42.522 43.543 44.566
70.828 70.827 65.825 68.821 69.816 69.811 69.807 69.803 69.801 65.799 40.798 57.796 0.000 0.000 37.704 61.700 69.693 70.683 69.671 74.663 0.000 0.000 0.000 0.000 0.000 0.000 0.000 0.000 0.000 0.000 0.000 36.368 0.000 0.000 38.362 36.366 36.367 36.369 36.371 36.376 53.383 58.394 35.408 36.424 36.442 37.461 58.480 52.503 59.532 49.568 30.588 0.000 0.000 0.000 0.000 0.000 0.000 0.000 0.000 0.000 0.000 0.000 0.000 0.000 41.435 38.436 38.440 38.446 38.455 37.466 39.479 43.494 44.510 44.529 44.548
68.837 69.836 69.834 69.831 69.827 69.823 69.819 69.814 69.810 70.806 65.802 72.798 0.000 0.000 25.718 44.712 67.704 69.695 70.685 58.673 0.000 0.000 0.000 0.000 0.000 0.000 0.000 0.000 0.000 0.000 0.000 30.365 35.362 35.360 34.360 36.357 36.356 36.354 36.353 36.356 53.362 58.373 35.386 36.401 36.417 36.434 41.451 64.471 44.501 0.000 0.000 0.000 0.000 0.000 0.000 0.000 0.000 0.000 0.000 0.000 0.000 0.000 0.000 0.000 0.000 45.438 41.441 42.447 40.454 36.462 43.472 44.485 42.499 42.514 39.530
65.848 70.847 69.845 69.843 69.840 69.836 69.831 69.827 69.821 69.815 70.807 63.798 47.783 38.764 32.740 59.726 69.716 69.708 74.702 0.000 0.000 0.000 0.000 0.000 0.000 0.000 0.000 0.000 0.000 0.000 0.000 0.000 0.000 0.000 0.000 36.348 36.345 36.340 36.333 36.333 52.339 59.349 36.363 36.378 36.393 36.407 36.420 42.430 0.000 0.000 0.000 0.000 0.000 0.000 0.000 0.000 0.000 0.000 0.000 0.000 0.000 0.000 0.000 0.000 0.000 0.000 0.000 0.000 0.000 45.457 43.464 44.475 41.486 36.499 45.510
65.861 70.860 69.859 69.857 69.854 69.850 69.846 69.841 69.834 69.826 70.816 55.804 34.788 33.771 42.753 66.739 69.728 69.720 75.715 0.000 0.000 0.000 0.000 0.000 0.000 0.000 0.000 0.000 0.000 0.000 0.000 0.000 0.000 0.000 0.000 32.343 36.338 33.328 36.307 36.305 55.312 59.324 36.340 36.356 36.370 36.383 36.393 33.399 0.000 0.000 0.000 0.000 0.000 0.000 0.000 0.000 0.000 0.000 0.000 0.000 0.000 37.356 0.000 0.000 0.000 0.000 0.000 0.000 41.436 42.446 44.454 44.464 41.474 37.484 47.495
68.875 69.875 69.874 69.873 69.870 69.867 69.863 69.857 69.850 69.840 69.828 66.814 43.797 44.780 61.763 68.749 69.737 69.729 76.724 0.000 0.000 0.000 0.000 0.000 0.000 0.000 0.000 0.000 0.000 0.000 0.000 0.000 0.000 0.000 0.000 0.000 32.337 0.000 35.264 36.269 64.280 51.297 36.316 36.335 36.351 49.363 39.371 34.375 0.000 0.000 0.000 0.000 0.000 0.000 0.000 0.000 0.000 0.000 0.000 0.000 0.000 48.356 33.357 0.000 0.000 0.000 0.000 42.417 45.427 44.436 41.444 37.453 37.462 35.471 39.484
69.891 69.892 69.891 69.891 69.889 69.886 69.882 69.877 69.869 69.858 69.844 69.827 71.808 71.789 70.772 69.757 69.746 71.737 60.729 3.728 0.000 0.000 0.000 0.000 0.000 0.000 0.000 0.000 0.000 0.000 0.000 0.000 0.000 0.000 0.000 0.000 0.000 0.000 35.218 36.226 70.243 39.267 36.295 36.319 48.336 57.347 36.354 36.355 35.349 0.000 0.000 0.000 0.000 0.000 0.000 0.000 0.000 0.000 0.000 0.000 0.000 44.357 45.358 32.361 0.000 38.390 40.397 44.409 43.418 41.427 40.435 36.442 44.450 47.456 0.000
68.909 67.910 69.910 69.911 69.910 69.908 69.905 69.900 69.892 69.880 69.864 69.843 69.820 69.797 69.779 69.764 70.753 53.744 0.000 0.000 30.712 44.711 0.000 0.000 0.000 0.000 0.000 0.000 0.000 0.000 0.000 0.000 0.000 0.000 0.000 0.000 0.000 0.000 31.163 42.177 65.200 36.234 33.280 36.311 36.327 36.337 36.343 36.345 36.343 33.342 0.000 0.000 0.000 0.000 0.000 0.000 0.000 0.000 0.000 0.000 0.000 39.357 35.359 41.364 36.373 44.384 44.393 43.403 39.412 42.420 37.427 36.433 36.439 29.447 0.000
58.927 58.929 67.931 69.933 69.933 69.932 69.931 69.927 69.920 69.908 69.889 70.863 71.832 69.804 69.783 69.768 69.758 0.000 0.000 30.719 40.715 50.711 49.708 42.706 34.705 0.000 0.000 0.000 0.000 0.000 0.000 0.000 0.000 0.000 0.000 35.011 38.022 38.047 35.095 34.121 43.147 31.190 0.000 32.318 36.326 36.332 36.336 36.338 35.338 0.000 0.000 0.000 0.000 0.000 0.000 0.000 41.339 52.339 0.000 0.000 40.352 38.355 38.359 35.364 43.371 44.380 44.389 41.399 44.407 44.414 42.420 37.424 26.428 0.000 0.000
40.944 45.949 64.955 70.957 69.957 69.958 69.960 69.959 69.954 69.943 71.923 57.889 53.841 68.805 73.783 70.767 65.756 47.745 50.736 56.725 50.717 51.712 30.709 23.707 0.000 0.000 0.000 0.000 0.000 0.000 0.000 0.000 0.000 0.000 26.001 32.002 35.009 35.025 35.048 35.066 37.079 0.000 0.000 0.000 31.328 36.331 36.333 36.334 36.335 0.000 0.000 0.000 0.000 0.000 0.000 1.338 58.339 40.341 38.343 38.346 38.350 38.353 36.357 41.362 44.369 44.376 40.385 44.396 44.405 43.410 37.415 38.418 28.420 0.000 0.000
24.956 39.970 58.982 71.986 72.982 72.984 70.993 69.997 70.996 69.989 70.972 8.930 0.000 27.791 45.779 66.764 73.754 71.745 71.738 57.731 0.000 0.000 0.000 0.000 0.000 0.000 0.000 0.000 0.000 0.000 0.000 0.000 0.000 0.000 0.000 30.986 34.989 32.997 34.009 36.018 37.023 0.000 0.000 0.000 0.000 29.330 36.331 36.332 33.333 0.000 0.000 0.000 0.000 0.000 0.000 0.000 0.335 54.342 37.343 37.346 38.349 37.352 37.355 43.360 44.365 42.373 30.379 0.000 48.406 42.409 42.411 42.413 28.414 0.000 0.000
0.000 10.994 44.020 50.023 44.003 46.006 63.031 71.040 67.045 60.047 59.048 0.000 0.000 0.000 0.000 3.757 38.751 64.744 71.740 0.000 0.000 0.000 0.000 0.000 0.000 0.000 0.000 0.000 0.000 0.000 0.000 0.000 0.000 0.000 0.000 30.968 36.966 35.967 44.971 45.974 35.975 0.000 0.000 0.000 0.000 0.000 33.330 34.330 0.000 0.000 0.000 0.000 0.000 0.000 0.000 0.000 0.000 59.342 62.344 42.346 36.348 34.350 44.353 44.357 39.361 0.000 0.000 0.000 0.000 47.408 44.409 44.410 34.411 0.000 0.000
0.000 0.000 25.081 34.083 0.000 0.000 35.086 64.090 55.097 51.107 65.126 32.169 0.000 0.000 0.000 0.000 0.000 9.742 40.740 0.000 0.000 0.000 0.000 0.000 0.000 0.000 0.000 0.000 0.000 0.000 0.000 0.000 0.000 0.000 0.000 21.953 35.939 33.936 63.936 56.935 34.927 36.905 0.000 0.000 0.000 0.000 28.329 0.000 0.000 0.000 0.000 0.000 0.000 0.000 0.000 0.000 0.000 0.000 47.344 64.346 49.347 43.349 44.351 39.354 0.000 0.000 0.000 0.000 0.000 39.406 44.407 44.408 39.409 0.000 0.000
0.000 0.000 21.141 66.147 23.172 0.000 24.137 56.139 58.147 69.159 71.180 74.214 80.257 19.280 0.000 0.000 0.000 0.000 0.000 0.000 0.000 0.000 0.000 0.000 0.000 0.000 0.000 0.000 0.000 0.000 0.000 0.000 0.000 0.000 0.000 0.000 28.903 36.903 66.903 48.902 36.896 35.884 40.871 0.000 0.000 0.000 0.000 0.000 0.000 0.000 0.000 0.000 0.000 0.000 0.000 0.000 0.000 0.000 0.000 0.000 52.348 42.349 40.350 0.000 0.000 0.000 0.000 0.000 38.403 37.404 39.406 33.406 0.000 0.000 0.000
0.000 9.220 43.196 61.192 69.199 38.204 51.187 74.185 71.192 70.205 70.224 70.249 70.278 76.304 79.334 35.349 0.000 0.000 39.398 53.398 46.396 48.394 4.393 0.000 0.000 0.000 0.000 0.000 0.000 0.000 0.000 0.000 0.000 0.000 0.000 0.000 29.868 58.871 60.873 37.874 35.871 35.865 38.860 0.000 0.000 0.000 0.000 0.000 0.000 0.000 0.000 0.000 0.000 0.000 0.000 0.000 0.000 0.000 0.000 0.000 0.000 0.000 0.000 0.000 0.000 0.000 0.000 40.401 35.402 33.403 0.000 0.000 0.000 0.000 0.000
67.259 70.245 70.233 68.228 66.228 67.227 69.223 69.225 70.233 71.245 71.262 70.282 63.305 67.327 70.348 74.366 78.385 79.396 71.400 67.400 64.398 59.395 61.392 54.389 10.387 0.000 0.000 0.000 0.000 0.000 0.000 0.000 0.000 0.000 0.000 53.811 42.831 71.841 62.847 49.850 36.850 35.848 35.843 39.835 35.834 0.000 0.000 0.000 0.000 0.000 0.000 0.000 0.000 0.000 0.000 0.000 0.000 0.000 0.000 0.000 0.000 0.000 0.000 0.000 0.000 0.000 0.000 0.000 0.000 0.000 0.000 0.000 0.000 0.000 0.000
70.275 65.269 63.263 62.260 56.258 53.256 54.253 54.259 60.270 65.282 65.297 58.314 42.332 57.351 70.368 70.383 70.396 70.403 70.406 70.405 71.402 71.398 74.393 75.389 75.386 75.384 14.383 0.000 0.000 0.000 0.000 0.000 0.000 0.000 0.000 25.793 51.804 56.815 40.824 57.830 45.833 35.833 35.832 38.829 0.000 0.000 0.000 0.000 0.000 0.000 0.000 0.000 0.000 0.000 0.000 0.000 0.000 0.000 0.000 0.000 0.000 0.000 0.000 0.000 0.000 0.000 0.000 0.000 0.000 0.000 0.000 0.000 0.000 0.000 0.000
40.298 13.293 35.293 49.292 47.291 27.287 12.276 8.289 28.306 45.319 44.332 37.346 32.361 42.376 63.391 71.403 70.412 70.417 70.418 70.414 70.408 74.402 49.395 37.390 36.386 40.384 43.383 0.000 0.000 0.000 0.000 0.000 0.000 0.000 0.000 23.766 59.778 42.793 34.806 44.815 55.820 39.822 35.822 35.820 41.817 0.000 0.000 0.000 0.000 0.000 0.000 0.000 0.000 0.000 0.000 0.000 0.000 0.000 0.000 0.000 0.000 0.000 0.000 0.000 0.000 0.000 0.000 0.000 0.000 0.000 0.000 0.000 0.000 0.000 74.928
30.328 1.327 23.326 38.326 34.326 11.328 0.000 1.345 21.349 35.356 33.367 33.379 34.392 32.405 51.417 68.427 70.434 70.437 70.434 70.425 69.417 32.409 0.000 0.000 0.000 0.000 0.000 0.000 0.000 29.640 49.641 1.642 0.000 0.000 30.699 47.727 64.750 41.773 35.792 33.804 50.811 52.814 38.816 35.816 35.814 38.812 47.811 0.000 0.000 0.000 0.000 0.000 0.000 0.000 0.000 0.000 0.000 0.000 0.000 0.000 0.000 0.000 0.000 0.000 0.000 0.000 0.000 0.000 0.000 0.000 0.000 0.000 0.000 0.000 72.999
43.359 39.361 34.359 33.359 34.363 36.370 37.390 40.389 39.387 35.392 34.401 34.412 34.423 33.435 40.446 62.455 71.462 70.464 72.459 44.436 10.426 0.000 0.000 0.000 0.000 0.000 0.000 0.000 0.000 0.000 16.642 19.644 23.650 37.656 34.672 55.694 52.723 26.760 33.786 35.799 37.806 50.810 42.812 37.813 35.813 34.812 51.811 42.810 36.809 0.000 0.000 0.000 0.000 0.000 0.000 0.000 0.000 0.000 0.000 0.000 0.000 0.000 0.000 0.000 0.000 0.000 0.000 0.000 0.000 0.000 0.000 0.000 0.000 9.234 86.133
33.388 34.389 34.390 34.392 34.396 34.402 34.412 34.416 34.420 34.426 34.435 34.444 34.455 34.467 32.478 53.488 70.495 72.500 68.501 0.000 0.000 0.000 0.000 0.000 0.000 0.000 0.000 0.000 0.000 0.000 0.000 0.000 0.000 21.648 38.641 64.654 38.688 0.000 21.795 36.800 34.805 38.809 39.811 48.813 37.813 35.813 34.813 30.811 0.000 0.000 0.000 0.000 0.000 0.000 0.000 0.000 0.000 0.000 0.000 0.000 0.000 0.000 0.000 0.000 0.000 0.000 0.000 0.000 0.000 0.000 0.000 0.000 14.417 79.336 89.250
34.418 34.419 34.420 34.423 34.427 34.433 34.440 33.446 33.452 34.459 34.468 34.478 34.489 34.500 33.512 41.523 56.533 67.541 55.546 0.000 0.000 0.000 0.000 0.000 0.000 0.000 0.000 0.000 0.000 0.000 0.000 0.000 0.000 0.000 47.591 72.595 0.000 0.000 19.800 37.803 35.806 34.810 42.812 53.814 41.816 35.816 39.817 0.000 0.000 0.000 0.000 0.000 0.000 0.000 0.000 0.000 0.000 0.000 0.000 0.000 0.000 0.000 0.000 0.000 0.000 0.000 0.000 0.000 0.000 0.000 0.000 0.000 71.499 85.440 85.368
34.449 34.449 34.451 34.454 34.458 34.463 34.470 38.476 39.483 35.491 34.501 34.511 34.522 34.535 34.548 33.561 36.574 45.587 45.597 0.000 0.000 0.000 0.000 0.000 0.000 0.000 0.000 0.000 0.000 0.000 0.000 0.000 0.000 0.000 51.538 66.541 0.000 0.000 3.802 34.806 35.809 35.812 34.815 39.817 41.820 37.821 39.822 0.000 0.000 0.000 0.000 0.000 0.000 0.000 0.000 0.000 0.000 0.000 0.000 0.000 0.000 0.000 0.000 0.000 0.000 0.000 0.000 0.000 0.000 0.000 0.000 55.740 64.640 64.561 64.486
34.479 34.480 34.482 34.485 34.489 34.494 33.500 45.507 50.515 37.524 34.534 34.545 34.557 34.570 34.584 34.600 34.616 33.635 36.660 17.700 0.000 0.000 0.000 0.000 0.000 31.284 52.286 14.288 5.291 4.294 0.000 0.000 0.000 32.454 74.483 48.492 48.481 0.000 0.000 20.811 37.813 35.816 35.819 33.822 49.825 53.828 47.830 0.000 0.000 0.000 0.000 0.000 0.000 0.000 0.000 0.000 0.000 0.000 0.000 0.000 0.000 0.000 0.000 0.000 0.000 0.000 0.000 0.000 0.000 0.000 29.921 80.841 66.758 79.687 101.565
34.510 34.511 34.513 34.516 34.520 34.525 33.532 46.539 52.547 36.556 34.567 34.578 34.591 34.605 34.621 34.638 34.658 34.680 34.707 40.741 11.778 0.000 0.000 0.000 0.000 0.000 9.286 31.288 39.292 43.298 17.307 0.000 28.400 66.426 64.449 44.464 26.472 0.000 0.000 20.816 37.818 36.821 39.824 34.828 43.832 66.836 63.840 8.847 0.000 0.000 0.000 0.000 0.000 0.000 0.000 0.000 0.000 0.000 0.000 0.000 0.000 0.000 0.000 0.000 0.000 0.000 0.000 0.000 0.000 0.000 67.001 122.944 105.875 127.779 106.366
31.541 32.542 33.544 33.547 34.551 34.557 32.563 47.570 50.579 33.589 34.600 34.612 34.625 34.641 34.657 34.676 34.697 34.721 34.749 34.781 40.816 20.853 0.000 0.000 0.000 0.000 0.000 7.286 38.292 34.302 37.317 41.343 53.376 70.402 54.424 22.443 0.000 0.000 0.000 19.820 36.822 39.826 52.831 38.836 48.840 49.845 68.849 72.855 55.861 5.864 0.000 0.000 0.000 0.000 0.000 0.000 0.000 0.000 0.000 0.000 0.000 0.000 0.000 0.000 0.000 0.000 0.000 0.000 0.000 53.238 63.139 64.061 66.989 85.960 105.540
52.572 47.573 42.575 40.579 36.583 32.588 32.595 47.602 50.611 32.621 34.632 34.645 34.659 34.675 34.693 34.713 33.735 32.760 33.788 33.819 33.854 39.891 16.930 0.000 0.000 0.000 0.000 6.281 44.288 38.301 33.317 46.338 69.361 63.382 31.402 0.000 0.000 0.000 0.000 17.822 35.826 40.831 47.838 42.844 47.850 46.855 59.859 53.863 46.866 19.867 0.000 0.000 0.000 0.000 0.000 0.000 0.000 0.000 0.000 0.000 0.000 0.000 0.000 0.000 0.000 0.000 0.000 0.000 30.420 58.338 127.253 91.182 123.062 106.730 104.775
72.603 71.604 67.607 62.610 58.614 53.620 48.626 44.634 39.643 33.653 34.665 34.678 34.693 34.709 33.728 35.748 41.771 46.796 45.825 43.856 37.890 32.928 36.971 43.024 7.057 0.000 0.000 26.268 49.281 40.297 36.314 59.331 71.348 27.364 0.000 0.000 0.000 0.000 0.000 21.822 34.828 39.837 55.847 45.855 38.862 31.867 37.870 55.872 52.874 58.874 0.000 0.000 0.000 0.000 0.000 0.000 0.000 0.000 0.000 0.000 0.000 0.000 0.000 0.000 0.000 0.000 0.000 0.000 65.502 56.439 66.367 89.257 65.425 104.876 96.211
