results3/res_3e8f-0131.wd
ncols         241
nrows         181
xllcorner     12693529.787448
yllcorner     3542525.717860
cellsize      155.156523
NODATA_value  -9999.000000
[rows 33 to 65 of 181, columns 146 to 218 of 241]
63.402 62.625 62.360 63.007 29.678 41.361 63.062 56.766 35.371 0.000 0.000 30.742 6.743 11.744 27.747 52.755 39.756 5.755 0.000 0.000 44.601 52.580 10.541 37.496 29.461 30.421 34.359 43.296 61.228 52.177 47.130 42.091 43.059 43.031 42.005 40.979 39.951 47.921 57.890 49.864 49.839 47.813 26.783 40.758 48.731 0.000 19.058 24.006 47.899 45.802 50.708 60.615 53.518 48.474 3.453 0.000 31.385 31.397 38.400 16.393 0.000 0.000 0.000 0.000 0.000 0.000 0.000 0.000 0.000 0.000 0.000 0.000 0.000
63.330 63.083 62.745 63.426 41.115 58.824 61.569 55.387 0.000 0.000 8.741 32.741 0.000 0.000 0.000 36.775 36.769 44.754 7.724 57.683 45.631 32.590 41.548 32.504 30.460 30.414 29.359 31.302 59.245 57.194 57.148 59.108 52.073 54.042 53.013 52.985 52.956 53.928 57.901 55.876 56.853 51.831 28.811 27.797 0.789 0.000 15.982 29.949 37.888 32.799 38.708 51.617 51.538 49.499 7.482 0.000 0.000 36.423 8.425 0.000 0.000 0.000 0.000 0.000 0.000 38.472 37.472 39.471 29.471 32.470 0.000 0.000 0.000
63.785 63.456 63.142 62.831 62.532 63.251 55.002 41.828 0.000 0.000 0.000 0.741 0.000 0.000 0.000 33.802 30.790 43.768 48.736 40.695 49.648 47.603 28.557 29.510 30.463 30.414 42.362 46.309 50.256 43.207 40.161 50.120 24.083 31.050 26.020 25.991 25.963 28.936 54.910 43.887 41.866 43.847 28.832 30.823 10.825 0.000 25.937 82.923 7.905 0.000 0.000 0.544 52.517 51.502 10.492 0.000 0.000 33.448 30.452 32.466 30.473 38.476 44.477 36.476 58.474 65.473 63.472 48.471 28.471 27.470 31.469 1.469 0.000
64.156 63.843 63.531 63.226 63.931 58.646 40.361 31.094 40.094 0.000 0.000 0.000 0.000 0.000 0.000 30.840 29.822 32.793 28.756 39.712 42.665 45.616 34.567 29.518 29.468 29.418 54.367 60.315 42.265 36.215 36.169 37.128 34.091 34.057 34.025 34.996 37.968 34.942 55.918 47.896 45.876 45.860 27.847 41.839 67.837 0.000 17.907 70.899 0.000 0.000 0.000 2.512 52.508 50.501 28.494 33.489 31.481 29.470 29.469 29.473 28.477 35.478 42.479 29.476 47.475 65.474 61.473 41.472 26.471 26.470 31.469 0.000 0.000
64.544 64.225 63.913 63.611 60.321 46.041 34.701 0.000 0.000 0.000 0.000 35.254 0.000 4.156 0.000 29.896 30.866 30.826 29.782 29.733 35.683 28.631 28.578 30.526 29.474 28.422 52.371 49.321 57.272 61.221 60.173 55.132 51.095 53.061 49.029 52.999 52.972 53.946 57.923 55.902 56.884 52.869 27.857 39.850 61.847 0.000 12.887 73.866 0.000 0.000 0.000 0.000 49.502 52.498 31.494 29.490 29.486 29.482 29.480 29.481 28.482 35.483 44.483 0.479 0.000 23.474 66.473 42.472 26.471 26.470 30.469 0.000 0.000
64.927 64.600 64.286 63.985 53.700 35.496 0.000 0.000 0.000 0.000 33.277 36.254 49.213 49.156 37.081 29.982 29.919 30.865 30.812 29.757 28.702 29.646 29.589 29.534 28.479 37.426 56.376 35.327 49.280 26.224 59.171 49.132 48.096 48.062 45.031 50.001 50.974 50.949 57.926 55.906 52.888 52.874 27.864 41.857 60.853 0.000 0.000 66.813 0.000 0.000 0.000 0.000 53.499 52.497 28.495 30.493 29.491 30.490 30.489 30.489 31.489 39.489 19.488 0.000 0.000 24.476 66.474 47.473 34.471 28.469 31.468 0.000 0.000
65.305 64.963 65.646 58.343 45.998 35.747 0.000 0.000 0.000 0.000 30.299 47.273 41.230 30.174 32.106 32.031 29.965 28.903 30.843 29.783 30.722 30.661 30.600 29.541 29.483 49.429 49.378 49.331 49.296 0.000 31.156 29.128 30.095 30.062 31.031 35.001 37.974 35.949 55.926 49.907 43.890 45.877 28.867 40.860 59.857 0.000 0.000 39.760 30.739 0.000 0.000 0.000 47.498 30.498 0.000 25.495 31.497 35.499 42.498 42.497 42.496 44.494 16.493 0.000 8.483 72.479 65.476 67.474 55.471 30.469 31.467 0.000 0.000
65.669 65.301 64.991 50.744 2.442 0.000 0.000 0.000 0.000 8.391 46.349 41.308 31.260 32.203 32.139 32.072 32.005 29.940 28.875 28.809 30.742 29.675 29.609 28.545 30.485 45.428 36.375 45.325 46.278 5.221 5.170 45.130 44.094 44.060 44.029 45.999 45.972 46.947 58.925 54.905 49.889 51.876 27.866 36.860 64.858 0.000 0.000 98.729 67.718 34.702 21.694 0.000 0.000 0.000 0.000 0.000 28.503 37.509 41.509 40.506 43.503 45.500 31.497 36.493 52.487 67.482 65.478 65.474 53.471 30.468 30.464 6.461 0.000
66.001 66.582 58.274 41.100 0.000 0.000 0.000 0.000 0.000 53.434 47.397 31.350 32.298 32.240 32.177 32.111 32.044 31.976 28.907 29.836 29.763 29.689 30.617 29.547 29.483 32.424 37.369 49.317 36.268 48.217 53.170 46.129 55.092 45.057 46.025 48.995 47.967 46.942 56.920 52.901 40.884 39.872 28.863 35.857 64.856 0.000 0.000 89.709 79.703 56.694 25.687 0.000 0.000 1.622 0.000 0.000 0.000 48.526 40.521 34.516 31.511 46.506 33.501 35.496 43.490 64.485 66.480 64.475 50.471 30.466 27.462 31.458 25.453
74.254 71.752 44.421 34.284 0.000 0.000 0.000 31.643 45.597 46.514 40.455 35.399 32.342 32.281 32.218 32.152 31.084 34.015 38.943 34.866 29.784 30.702 29.621 29.544 29.476 29.415 36.359 37.307 35.258 42.211 41.166 36.124 48.086 28.051 36.019 42.988 41.960 35.935 54.913 47.893 27.877 26.864 29.855 31.851 35.853 0.000 0.000 67.695 47.691 84.683 70.672 6.654 7.638 58.622 32.607 30.590 30.571 32.548 43.535 37.526 5.519 58.512 46.505 42.499 40.493 51.487 67.481 59.476 42.471 31.466 27.460 34.455 58.449
0.000 0.000 23.375 41.329 0.000 0.000 33.739 43.688 57.635 41.570 40.509 40.450 33.389 32.326 32.261 32.194 39.126 47.056 47.982 39.901 34.807 29.713 28.621 29.534 33.462 30.401 29.346 28.295 34.247 35.201 34.157 35.117 37.079 30.043 36.010 40.979 42.951 38.926 54.903 48.883 30.866 29.852 29.843 25.838 0.000 0.000 0.000 23.686 42.683 42.676 76.666 91.652 84.638 52.623 38.608 39.592 39.576 42.559 64.546 82.535 91.526 90.518 92.510 91.503 85.496 79.489 71.483 54.477 37.471 28.465 29.459 42.453 61.447
16.638 0.000 0.000 0.000 0.000 4.839 36.789 56.738 48.683 51.624 48.563 38.501 31.438 32.373 32.306 43.238 48.170 44.101 39.030 35.949 38.829 33.721 33.617 29.507 34.438 28.382 29.330 30.281 29.234 29.189 29.147 29.106 28.068 29.033 29.000 32.969 38.940 37.914 55.890 49.869 28.851 29.837 29.827 28.820 3.814 0.000 0.000 27.681 53.678 42.672 44.663 59.651 70.638 80.624 82.610 88.595 91.581 91.566 90.554 86.542 77.532 75.523 77.515 80.507 82.499 83.491 81.484 85.477 77.471 44.464 31.458 50.452 67.446
55.798 13.909 0.000 0.000 1.935 37.889 53.841 46.790 38.736 46.678 50.618 51.555 41.489 30.422 40.353 49.283 39.215 31.149 31.088 33.036 0.864 1.728 0.618 26.440 30.402 32.357 32.311 29.265 29.219 30.176 29.134 29.094 29.056 30.020 28.987 28.955 28.926 31.899 48.875 47.853 29.834 29.818 29.807 30.802 31.807 0.000 0.000 26.678 44.676 45.671 57.663 44.652 24.639 28.626 64.613 88.599 72.586 67.573 70.560 63.549 49.538 38.528 29.519 27.510 28.502 38.493 36.486 31.478 70.471 85.464 63.457 61.451 65.445
0.000 29.020 7.058 1.049 36.980 46.942 53.897 37.847 40.793 38.736 36.675 44.611 49.543 44.473 48.400 37.327 31.256 32.192 32.137 40.102 0.000 0.000 0.000 23.399 32.373 43.335 44.292 39.247 35.203 37.160 33.119 32.079 30.042 29.006 28.972 29.940 28.910 28.882 31.857 40.833 28.813 28.795 29.781 28.772 0.000 0.000 0.000 7.678 5.678 59.674 43.665 28.654 42.641 44.628 90.616 71.603 54.591 36.578 27.566 28.555 29.544 30.533 30.523 30.513 29.504 27.495 26.487 27.479 35.471 72.464 80.456 65.449 64.443
0.000 16.094 39.099 41.089 40.044 55.002 39.957 33.907 35.854 34.797 31.735 30.670 45.600 52.526 55.448 43.369 33.293 30.225 38.165 4.133 0.000 0.000 0.000 26.384 36.356 43.317 44.274 44.230 46.186 54.143 52.102 48.063 46.026 41.990 35.956 30.923 28.893 29.864 28.837 33.812 26.789 27.769 28.751 30.734 51.712 0.000 0.000 0.000 21.686 63.680 23.671 32.660 23.643 62.629 80.619 40.608 28.596 30.584 30.572 30.560 30.549 30.538 27.527 27.516 26.506 27.497 27.488 27.480 43.471 58.464 31.455 91.447 63.441
0.000 16.162 39.156 32.139 51.105 51.066 46.021 36.972 30.919 31.862 32.800 43.734 46.662 38.583 41.497 50.407 51.320 41.252 0.000 0.000 0.000 0.000 31.444 37.397 41.351 40.304 41.258 41.212 39.168 46.125 47.084 47.046 48.008 44.972 43.938 44.905 35.874 30.843 31.815 28.788 29.763 28.740 27.720 29.702 44.689 0.000 0.000 0.000 21.699 65.690 27.680 3.670 0.000 8.627 47.624 29.613 30.601 28.589 28.578 28.566 27.554 26.542 27.530 27.519 26.508 27.498 26.489 25.480 28.472 24.464 20.454 84.444 93.437
0.000 13.236 33.226 43.205 53.173 44.134 44.090 46.041 43.988 34.931 40.870 49.804 38.730 31.647 30.551 36.443 46.329 53.210 17.061 8.916 34.768 34.625 29.492 38.409 43.346 44.292 40.241 40.193 32.147 29.105 29.065 29.026 27.989 25.954 32.919 46.886 45.853 44.822 39.791 30.762 28.735 29.709 28.686 28.666 29.654 0.000 0.000 0.000 36.721 3.700 7.690 0.000 0.000 0.000 26.639 6.619 9.605 26.596 25.585 25.572 26.559 28.546 28.534 28.522 27.510 27.499 25.489 25.480 26.472 14.466 0.000 4.438 87.431
0.000 12.321 36.307 55.281 46.248 43.208 43.164 44.115 43.062 45.006 49.946 38.881 32.808 32.723 32.618 31.486 32.342 38.198 55.058 52.918 31.765 30.614 29.490 30.400 42.332 40.275 51.223 39.171 32.125 30.083 31.044 30.006 34.970 42.934 38.899 32.865 38.832 48.799 45.767 44.735 35.705 28.676 28.648 29.624 27.606 0.000 0.000 36.775 24.764 0.000 0.000 38.707 33.704 32.693 24.673 0.000 0.000 31.604 28.593 28.579 28.564 28.550 28.537 28.524 28.512 28.500 28.489 27.479 28.470 30.462 20.455 0.000 29.425
0.527 25.421 50.398 46.366 35.330 40.288 45.242 40.192 46.139 52.083 44.027 31.966 30.898 32.818 32.712 36.542 37.355 31.181 42.056 37.934 34.758 31.577 28.456 35.370 39.306 41.254 32.207 59.142 47.098 37.059 29.021 34.985 53.949 63.914 56.879 33.845 35.810 38.776 42.742 47.708 45.674 41.641 30.608 27.575 34.541 40.496 0.000 11.785 32.797 0.000 0.000 8.710 28.713 28.703 28.687 33.673 32.651 28.623 27.604 28.587 28.570 28.554 28.539 28.525 28.512 28.500 28.489 28.478 27.468 27.458 28.447 31.434 27.424
12.598 46.537 52.496 37.457 32.416 34.372 36.323 47.272 51.219 62.162 61.112 54.059 43.002 31.939 34.870 1.727 0.000 30.117 36.052 33.002 0.000 29.481 33.385 50.319 49.267 52.230 0.000 24.094 64.066 58.032 43.998 49.963 67.928 67.893 65.859 34.824 40.789 40.753 42.717 30.680 39.643 45.605 44.567 43.528 56.488 65.451 0.000 0.000 22.840 47.885 0.000 0.000 51.734 32.720 32.701 32.680 32.658 33.634 27.613 26.594 30.574 27.556 27.541 27.526 27.513 28.500 27.488 26.476 26.465 26.454 26.443 26.432 25.422
11.667 57.633 43.593 32.551 32.506 32.459 45.409 43.355 60.302 75.234 72.200 69.156 64.110 55.066 46.032 0.000 0.000 0.000 24.033 35.020 0.000 0.000 26.284 44.253 43.213 58.170 30.109 31.073 64.041 69.008 64.975 63.941 66.907 66.873 67.839 46.804 38.768 40.731 40.692 30.653 39.613 33.571 52.527 23.481 62.431 84.370 55.280 25.225 0.000 25.929 0.000 27.807 87.770 40.741 42.715 42.690 38.666 39.643 31.622 26.601 8.577 27.557 27.541 30.526 33.512 43.499 33.486 28.474 29.462 29.451 29.439 29.428 29.418
43.770 47.736 41.692 39.646 34.599 46.550 40.497 53.439 31.400 1.355 52.296 71.257 70.218 71.183 54.162 0.000 0.000 0.000 18.029 41.024 0.000 0.000 23.216 38.195 33.164 60.126 71.084 71.048 67.016 66.984 66.952 67.920 66.887 66.854 66.820 60.784 35.748 37.710 35.670 30.628 41.584 42.538 45.490 2.439 47.383 83.320 53.245 71.169 32.068 17.974 29.913 85.845 73.797 45.760 39.728 41.700 35.674 29.650 27.629 25.613 0.000 33.553 41.541 49.526 56.512 65.498 54.484 34.471 28.459 29.447 29.436 29.425 29.414
54.908 43.847 43.794 39.743 46.694 43.645 46.589 70.504 57.484 40.462 61.403 70.358 69.320 68.288 48.269 0.000 0.000 0.000 0.000 0.000 0.000 0.000 29.168 38.149 49.120 65.088 67.054 67.021 66.990 66.960 66.930 66.899 66.868 66.835 66.802 66.767 52.730 42.690 35.649 28.604 32.557 32.508 37.456 56.402 42.344 77.281 63.213 70.140 77.060 62.985 67.921 76.862 52.813 53.773 39.738 38.707 30.679 27.654 28.631 30.609 44.585 50.561 68.543 67.527 66.511 65.496 65.482 55.469 33.456 28.444 29.432 29.420 29.410
46.016 33.950 35.892 47.839 44.790 44.745 14.711 0.000 49.571 75.541 70.496 69.453 71.415 53.381 39.357 23.373 0.000 0.000 0.000 0.000 0.000 0.000 35.140 52.112 64.081 67.051 67.022 66.993 66.964 66.936 66.908 66.879 66.849 66.818 66.786 66.751 67.714 61.674 53.631 45.584 43.534 46.481 37.425 54.368 33.309 75.248 8.184 29.118 64.050 35.984 26.924 82.870 46.822 50.781 48.744 29.712 27.683 28.656 28.632 36.608 57.585 68.563 65.544 65.526 65.510 62.494 61.480 59.466 58.452 32.440 28.428 28.416 28.405
36.112 33.046 45.986 45.931 40.881 60.836 14.799 23.773 63.689 70.635 69.588 69.545 69.505 45.464 45.406 56.389 0.000 0.000 0.000 0.000 0.000 0.000 0.000 2.077 61.042 73.015 67.989 66.964 66.938 66.913 66.887 66.860 66.833 66.803 66.772 66.738 66.701 67.661 68.616 65.567 65.513 68.456 48.396 54.337 28.278 69.218 5.158 7.097 60.036 29.978 39.923 73.871 54.825 46.783 50.747 27.714 28.684 27.657 29.631 39.607 60.584 61.563 66.543 65.525 60.508 57.492 61.477 66.462 65.448 54.435 35.423 34.411 33.400
32.203 46.136 47.075 35.019 45.967 66.920 59.876 65.832 71.775 69.723 69.676 69.633 66.595 50.566 0.500 0.000 0.000 0.000 0.000 0.000 0.000 0.000 0.000 0.000 5.996 17.977 58.956 67.934 66.913 66.890 66.867 66.843 66.817 66.790 66.761 68.728 67.693 67.653 66.607 68.555 67.496 67.433 57.367 55.305 32.246 44.189 74.132 53.076 61.021 29.968 57.918 51.868 54.822 42.782 36.746 28.713 28.683 28.655 36.630 41.605 42.583 47.561 55.541 53.522 54.505 65.488 65.473 65.458 65.444 66.431 60.418 56.406 54.395
47.288 47.221 36.159 32.102 47.049 65.999 71.952 70.905 69.855 69.807 69.761 70.716 61.675 54.645 0.000 0.000 0.000 0.000 0.000 0.000 0.000 0.000 0.000 0.000 14.969 34.942 61.923 67.906 66.888 66.869 66.849 66.827 66.804 66.779 68.752 68.722 68.689 60.650 65.604 68.550 71.484 69.412 63.336 59.271 47.214 31.159 79.106 62.055 64.005 28.957 74.911 38.863 19.814 36.775 27.741 28.709 27.680 36.652 42.627 41.602 41.580 40.558 33.538 29.519 59.501 65.484 65.469 65.454 65.439 65.426 66.413 66.401 66.389
44.367 35.301 33.239 31.182 48.128 68.077 70.029 69.981 69.934 69.889 69.843 71.797 50.745 48.695 0.000 0.000 0.000 0.000 0.000 0.000 0.000 0.000 0.000 0.000 0.000 48.898 67.890 66.878 66.864 66.849 66.832 66.813 68.793 67.771 67.747 67.721 61.690 39.654 55.609 65.556 16.478 7.394 41.293 48.231 57.178 44.128 65.079 83.032 67.986 34.943 76.907 0.850 12.795 25.766 28.734 28.704 30.675 40.648 38.622 39.598 41.576 44.554 38.534 39.515 55.497 65.480 65.464 65.448 65.434 65.420 65.407 65.395 65.383
35.441 33.376 38.315 43.257 58.203 70.152 70.104 70.057 70.013 69.970 69.928 70.882 57.814 0.000 0.000 0.000 0.000 0.000 0.000 33.779 0.000 12.781 0.000 0.000 0.000 23.863 58.860 65.853 66.843 66.830 66.816 66.801 68.783 66.765 66.745 66.723 50.698 46.668 8.622 10.589 0.000 0.000 26.212 33.181 55.139 41.095 46.052 89.008 71.965 50.923 60.881 10.833 55.792 32.758 28.727 28.697 30.669 39.642 50.617 50.593 52.570 58.549 53.529 64.510 65.491 65.474 65.458 65.443 65.428 65.414 65.401 65.389 65.377
36.512 33.448 40.387 59.330 70.276 70.225 70.177 70.132 70.089 70.050 70.016 75.991 0.000 0.000 0.000 0.000 0.000 0.000 33.779 45.779 32.780 47.781 43.783 0.000 13.817 45.831 52.834 63.830 66.824 66.814 66.803 67.790 66.776 66.760 66.744 62.728 51.711 56.698 0.000 0.000 0.000 10.156 43.163 35.141 53.103 29.063 31.024 78.983 77.943 69.902 55.861 55.820 44.783 39.749 28.718 28.689 28.661 38.635 60.610 67.587 66.564 66.543 58.523 65.504 65.485 65.468 65.452 65.436 65.422 65.408 65.395 65.382 65.370
34.579 32.516 47.456 67.400 71.346 70.296 70.248 70.203 70.162 70.125 70.095 77.075 0.000 0.000 0.000 0.000 0.000 0.000 22.779 42.779 42.780 41.781 44.784 28.791 36.803 44.811 44.814 61.812 67.807 66.800 66.791 66.780 66.769 66.757 67.744 59.732 55.722 49.715 0.000 0.000 0.000 3.150 7.143 35.117 54.068 31.032 26.997 65.960 82.921 79.881 60.842 39.805 38.770 39.738 30.708 27.679 28.652 31.627 42.602 62.579 65.557 65.536 57.516 65.497 65.479 65.461 65.445 65.430 65.415 65.401 65.388 65.375 65.363
33.643 35.581 55.522 71.467 70.414 70.364 70.316 70.272 70.230 70.194 72.163 70.140 0.000 0.000 0.000 0.000 0.000 0.000 8.778 47.779 53.779 58.780 49.782 48.786 42.792 38.797 49.798 63.797 66.793 66.788 69.781 67.772 66.763 66.754 66.744 61.736 53.729 48.725 23.727 0.000 0.000 0.000 0.000 0.000 46.019 32.000 27.972 60.938 91.900 72.860 51.822 42.787 44.754 42.724 37.695 26.668 28.642 27.618 31.594 50.571 65.549 65.528 57.508 65.489 65.471 65.454 65.438 65.422 65.407 65.393 65.380 65.368 65.356
33.705 43.644 63.586 71.531 70.479 70.429 70.382 70.337 70.294 71.257 69.224 57.182 41.182 0.000 0.000 0.000 0.000 0.000 10.778 48.778 57.779 57.778 61.779 63.780 46.783 45.785 60.786 66.785 66.782 66.777 67.772 66.765 66.758 66.751 66.744 64.738 52.733 53.730 47.729 0.000 0.000 0.000 0.000 0.000 31.990 31.977 25.954 70.921 58.881 64.837 34.800 54.767 48.737 41.709 41.682 32.656 27.632 28.608 27.584 39.562 62.541 64.520 58.500 65.481 66.463 65.446 65.430 65.414 65.399 65.385 65.372 65.360 65.348
