results3/res_3e8f-0082.wd
ncols         241
nrows         181
xllcorner     12693529.787448
yllcorner     3542525.717860
cellsize      155.156523
NODATA_value  -9999.000000
[rows 33 to 65 of 181, columns 73 to 145 of 241]
0.000 0.000 0.000 0.000 0.000 0.000 0.000 0.000 0.000 0.000 0.000 0.000 0.000 0.000 0.000 0.000 0.000 0.000 0.000 0.000 0.000 0.000 0.000 0.000 0.000 0.000 0.000 0.000 0.000 0.000 0.000 0.000 0.000 0.000 0.000 0.000 0.000 0.000 0.000 35.598 58.599 63.601 19.603 0.000 0.000 28.664 42.687 9.670 0.675 32.700 35.709 29.707 30.691 31.662 31.618 31.560 31.488 30.404 36.305 56.167 2.823 10.000 7.470 42.772 59.285 63.840 62.422 63.047 61.608 63.719 58.795 58.366 58.357
0.000 0.000 0.000 0.000 0.000 0.000 0.000 0.000 0.000 0.000 0.000 0.000 0.000 0.000 0.000 0.000 0.000 0.000 0.000 0.000 0.000 0.000 0.000 0.000 0.000 0.000 0.000 0.000 0.000 0.000 0.000 0.000 0.000 0.000 0.000 0.000 0.000 0.000 0.000 0.000 10.600 5.600 0.000 0.000 0.000 0.000 24.760 0.000 0.000 22.731 46.763 45.765 35.750 31.719 31.670 31.602 31.518 30.422 52.327 50.247 0.000 33.005 45.639 59.138 63.664 63.215 62.808 62.337 63.419 59.455 58.705 58.953 61.269
0.000 0.000 0.000 0.000 0.000 0.000 0.000 0.000 0.000 0.000 0.000 0.000 0.000 0.000 0.000 0.000 0.000 0.000 31.094 63.094 16.094 0.000 0.000 0.000 0.000 0.000 0.000 0.000 0.000 0.000 0.000 0.000 0.000 0.000 0.000 0.000 0.000 0.000 0.000 0.000 0.000 0.000 0.000 0.000 0.000 0.000 16.832 0.000 0.000 0.000 24.845 42.840 42.826 33.794 31.740 31.661 29.559 45.441 54.335 0.000 18.806 43.375 57.943 64.477 64.012 63.579 63.078 65.129 61.129 59.175 59.559 61.893 61.149
0.000 0.000 0.000 0.000 0.000 0.000 0.000 0.000 0.000 0.000 0.000 18.095 56.095 0.000 0.000 0.000 0.000 0.000 38.094 89.094 45.094 0.000 0.000 0.000 0.000 0.000 0.000 0.000 0.000 0.000 0.000 0.000 0.000 0.000 0.000 0.000 0.000 0.000 0.000 0.000 0.000 0.000 0.000 0.000 0.000 0.000 19.905 20.939 27.955 13.957 23.931 31.926 44.919 35.892 31.836 28.743 39.615 49.448 38.237 13.828 43.237 60.747 65.281 64.810 64.359 63.832 63.850 62.820 59.762 60.185 62.525 61.780 61.558
0.000 0.000 0.000 0.000 0.000 0.000 0.000 0.000 0.000 0.000 0.000 39.095 74.095 63.095 50.095 5.095 0.000 23.095 77.095 85.094 50.094 0.000 0.000 0.000 0.000 18.955 0.000 0.000 0.000 0.000 0.000 0.000 0.000 0.000 0.000 0.000 0.000 2.963 0.000 0.000 0.000 6.964 24.964 0.000 0.000 35.952 50.943 53.956 51.971 37.984 31.995 31.015 45.031 36.021 27.967 41.862 55.711 43.498 31.336 46.012 50.565 63.097 65.620 65.154 64.603 64.589 62.533 60.463 60.835 63.173 62.425 62.199 61.879
0.000 0.000 0.000 0.000 0.000 0.000 0.000 0.000 0.000 0.000 0.000 10.095 72.095 55.095 36.096 0.000 19.096 69.095 80.095 87.095 46.094 0.000 0.000 0.000 0.000 56.955 40.955 0.000 0.000 0.000 0.000 0.000 0.000 0.000 0.000 0.000 19.963 31.963 33.963 0.000 0.000 15.964 40.964 19.964 33.963 56.960 59.961 60.971 57.988 45.014 32.052 29.106 46.171 37.192 41.150 59.025 52.868 0.000 29.596 48.319 60.914 66.452 65.977 65.406 65.355 63.278 61.298 61.520 63.847 63.095 62.861 62.530 62.214
0.000 0.000 0.000 0.000 0.000 0.000 0.000 0.000 0.000 0.000 0.000 0.000 0.000 23.096 61.096 57.096 45.096 58.096 78.095 89.095 42.094 0.000 0.000 0.000 0.000 18.955 42.955 44.956 0.000 0.000 0.000 0.000 0.000 0.000 0.000 0.000 35.963 36.963 48.963 31.964 20.964 34.964 35.965 31.965 38.965 45.966 43.969 36.978 55.996 22.034 38.091 41.188 31.354 43.425 56.418 53.222 0.000 4.561 41.135 57.752 66.322 66.835 66.260 66.168 63.074 62.310 62.251 64.557 63.799 63.554 63.211 62.879 62.543
0.000 0.000 0.000 0.000 0.000 0.000 0.000 0.000 0.000 0.000 0.000 0.000 0.000 13.096 80.096 75.096 65.097 55.096 79.096 87.095 82.093 67.090 22.089 0.000 0.000 0.000 0.000 52.956 36.956 34.956 45.957 40.957 3.957 0.000 0.000 0.000 35.963 34.963 55.963 61.964 50.964 42.965 34.965 31.966 32.967 33.968 32.972 30.977 38.984 0.007 0.000 0.495 36.633 59.735 57.874 0.000 3.371 40.988 54.626 64.244 67.755 67.288 68.038 63.958 63.581 63.052 65.317 64.548 64.288 63.931 63.582 63.225 62.865
0.000 0.000 0.000 0.000 0.000 0.000 0.000 0.000 0.000 0.000 0.000 0.000 0.000 0.000 13.096 52.097 27.098 63.098 82.097 87.095 85.093 83.090 72.087 31.084 0.000 0.000 0.000 8.956 47.956 47.956 60.957 58.957 51.957 46.957 0.000 0.000 2.962 39.963 58.963 65.964 57.964 41.965 30.966 31.967 31.968 31.970 31.972 31.975 35.978 0.000 0.000 0.000 6.821 44.009 13.471 10.803 45.695 50.450 62.160 68.740 68.565 66.771 65.062 65.253 63.960 66.148 65.356 65.073 64.696 64.330 63.956 63.575 63.181
0.000 0.000 0.000 0.000 0.000 0.000 0.000 0.000 0.000 0.000 0.000 0.000 0.000 0.000 0.000 0.000 84.100 84.100 86.099 86.097 85.093 79.089 73.085 44.082 0.000 0.000 0.000 0.000 0.000 15.957 60.957 54.957 69.957 66.958 45.959 24.960 25.962 34.963 56.963 65.964 56.964 39.965 29.966 34.967 33.968 31.970 31.972 31.974 32.975 24.975 0.000 0.000 0.000 0.000 5.196 48.244 51.153 58.982 69.681 69.771 68.111 69.926 67.554 65.035 67.084 66.244 65.920 65.514 65.124 64.731 64.337 63.940 62.519
0.000 0.000 0.000 0.000 0.000 0.000 18.936 41.935 0.000 19.896 59.887 48.877 52.868 27.863 0.000 0.000 20.102 92.103 86.103 83.100 80.095 83.088 74.081 37.077 0.000 0.000 0.000 0.000 0.000 0.000 0.000 4.957 58.957 59.958 10.958 0.000 1.962 38.963 56.963 61.964 51.964 42.965 40.966 2.967 9.969 37.970 31.972 31.973 32.974 38.974 46.974 8.974 0.000 0.000 20.874 53.824 57.705 68.498 70.695 70.318 73.639 72.183 66.445 68.171 67.235 66.841 66.390 65.968 65.550 65.134 64.722 64.327 70.008
0.000 0.000 0.000 0.000 0.000 0.000 18.936 61.934 3.923 53.904 55.889 67.876 50.865 35.858 0.000 0.000 8.104 77.105 89.110 86.106 86.097 87.086 81.075 35.068 0.000 0.000 0.000 0.000 0.000 0.000 0.000 0.000 0.000 43.958 2.958 0.000 0.000 44.963 41.963 53.964 10.964 0.000 0.000 0.000 0.000 3.971 41.971 35.972 0.000 28.974 62.974 45.974 0.000 0.000 25.610 59.444 68.336 71.444 71.192 75.402 74.661 67.867 69.347 68.314 67.833 67.324 66.861 66.413 65.973 65.535 65.091 64.638 69.179
17.214 61.211 51.209 0.000 0.000 0.000 12.940 72.943 48.929 50.910 56.890 80.872 81.857 76.845 30.833 0.000 0.000 0.000 37.126 91.118 86.103 87.084 84.065 43.052 0.000 0.000 0.000 0.000 0.000 0.000 0.000 0.000 0.000 1.958 0.000 0.000 0.000 0.000 0.000 0.000 0.000 0.000 0.000 0.000 0.000 0.000 0.000 16.972 13.972 0.000 0.000 0.000 0.000 15.009 52.426 69.373 71.039 71.963 76.324 75.945 68.931 70.420 69.385 68.851 68.293 67.790 67.312 66.851 66.396 65.940 65.468 64.956 67.326
17.214 73.211 55.207 51.202 0.000 0.000 0.025 64.968 66.943 66.915 78.888 75.866 87.847 86.832 47.822 0.000 0.000 0.000 13.149 93.136 86.112 87.082 84.050 44.023 0.000 0.000 4.662 52.630 64.595 33.571 0.000 0.000 0.000 0.000 0.000 0.000 0.000 0.000 0.000 0.000 0.000 0.000 0.000 0.000 0.000 0.000 0.000 0.000 1.972 0.000 0.000 0.000 12.978 53.481 70.436 71.011 77.219 76.706 70.251 70.782 71.233 70.357 69.824 69.252 68.726 68.226 67.747 67.281 66.822 66.360 65.887 72.390 12.858
81.216 78.212 57.206 58.197 50.186 0.000 55.061 50.018 57.960 70.919 74.882 85.857 86.834 85.814 54.800 0.000 0.000 0.000 12.187 92.164 86.127 87.082 82.030 61.968 45.871 46.781 46.694 54.633 75.584 42.548 0.000 0.000 0.000 0.000 0.000 0.000 0.000 0.000 0.000 0.000 0.000 0.000 0.000 0.000 0.000 0.000 0.000 0.000 0.000 0.000 11.083 41.856 51.357 70.337 71.922 78.602 77.994 70.817 72.504 71.802 71.215 70.705 70.159 69.635 69.129 68.641 68.169 67.706 67.249 66.792 73.329 18.860 0.000
78.219 73.215 71.207 54.195 58.175 58.144 49.105 42.082 0.000 0.000 16.864 75.846 86.817 84.792 69.763 36.722 0.000 0.000 61.248 82.206 87.150 86.088 87.021 76.947 52.863 49.779 48.698 57.626 75.559 58.488 44.391 45.314 49.257 60.222 24.208 0.000 0.000 0.000 0.000 0.000 0.000 0.000 0.000 0.000 0.000 0.000 0.000 0.000 0.000 0.000 22.287 62.122 70.062 72.704 79.494 79.094 71.564 73.200 72.388 71.979 71.495 70.992 70.492 69.996 69.513 69.041 68.580 68.127 67.677 73.228 19.779 0.000 0.000
67.224 19.220 87.214 58.201 52.176 53.151 55.133 55.123 44.133 0.000 0.000 0.000 20.795 91.774 81.738 59.682 51.589 58.484 57.351 59.263 67.180 68.098 55.018 51.938 49.856 49.774 48.694 57.615 72.537 51.456 48.370 53.294 69.235 72.201 57.194 31.194 0.000 0.000 0.000 0.000 0.000 0.000 0.000 0.000 0.000 0.000 0.000 0.000 0.000 13.146 54.982 70.582 73.416 80.055 79.814 72.282 73.896 73.082 72.692 72.226 71.761 71.289 70.816 70.347 69.885 69.431 68.984 68.543 74.104 19.666 0.000 0.000 0.000
13.231 86.229 87.226 73.221 0.000 0.173 60.153 56.145 67.143 58.143 0.000 0.000 0.000 79.769 76.734 61.678 52.601 49.511 49.410 52.313 65.208 73.108 76.014 68.930 58.850 51.769 50.687 66.603 69.517 44.429 48.340 48.257 49.189 53.152 32.173 0.000 0.000 0.000 2.830 0.000 0.000 0.000 0.000 0.000 0.000 0.000 0.000 16.395 48.060 55.905 69.410 80.715 80.321 73.371 73.950 74.492 73.776 73.383 72.929 72.485 72.037 71.586 71.137 70.691 70.250 69.814 70.383 76.956 20.530 0.000 0.000 0.000 0.000
91.239 87.240 87.239 87.235 74.228 57.209 57.179 57.162 48.151 0.000 13.879 20.879 72.851 69.800 72.752 65.695 66.627 66.550 66.466 69.372 64.231 64.113 65.999 69.919 70.843 68.765 64.682 75.593 73.500 61.402 62.303 62.205 64.114 39.045 0.000 0.000 0.000 0.000 3.831 0.000 0.000 0.000 0.000 0.000 0.000 3.272 51.056 51.620 72.630 73.181 81.829 81.331 75.878 75.576 74.944 74.454 74.050 73.610 73.179 72.746 72.314 71.882 71.454 71.029 70.609 71.193 74.779 7.368 0.000 0.000 0.000 0.000 0.000
90.247 86.253 86.256 87.252 84.241 62.221 56.195 57.170 58.149 50.128 0.000 64.906 61.874 62.828 63.778 58.722 62.661 67.596 75.531 60.478 0.000 0.000 10.951 68.903 64.839 64.766 64.682 64.588 64.486 64.379 64.265 64.145 62.016 56.869 29.672 0.000 5.375 49.149 55.831 67.491 37.218 0.000 0.000 0.000 0.000 52.465 63.270 75.196 75.829 82.584 82.242 76.553 76.209 75.453 75.103 74.690 74.268 73.848 73.428 73.008 72.590 72.175 71.766 71.363 71.964 74.568 22.174 0.000 0.000 0.000 0.000 0.000 0.000
76.254 76.269 76.279 87.276 87.262 77.238 53.208 56.177 57.145 57.107 63.045 71.966 55.912 52.861 50.810 57.756 72.699 71.641 56.585 36.531 0.000 0.000 0.000 0.000 53.845 48.779 48.691 48.590 48.479 49.360 52.234 53.095 52.937 51.742 52.476 51.059 50.602 59.240 65.853 63.423 69.946 67.332 61.780 59.246 61.614 73.175 76.668 76.453 83.081 82.865 77.214 76.848 76.079 75.731 75.315 74.906 74.495 74.084 73.676 73.268 72.863 72.463 72.074 72.693 73.316 11.942 0.000 0.000 0.000 0.000 0.000 0.000 0.000
0.000 42.292 54.314 82.312 86.294 67.263 50.222 49.184 57.149 57.111 56.062 50.002 50.945 56.895 73.845 72.792 55.738 48.686 38.635 0.000 58.287 67.233 63.150 64.046 66.916 69.815 68.714 69.603 72.480 71.350 68.214 70.065 64.894 50.688 54.429 53.100 57.733 75.357 81.917 78.403 71.810 66.269 67.781 74.229 79.068 77.473 83.690 83.329 77.233 78.831 77.398 76.718 76.358 75.939 75.533 75.125 74.720 74.319 73.922 73.526 73.131 73.741 71.372 67.017 18.667 0.000 0.000 0.000 0.000 0.000 0.000 0.000 0.000
0.000 0.000 47.375 66.362 77.338 52.296 44.235 51.187 49.156 56.126 57.088 57.036 49.970 66.929 58.883 47.829 50.774 42.729 0.000 67.417 70.340 70.262 72.173 73.071 75.958 79.852 78.745 78.628 78.489 80.347 81.206 79.056 66.886 52.687 54.453 54.178 53.874 56.538 30.056 2.462 91.622 133.173 110.706 76.641 78.157 84.702 84.245 77.700 80.416 77.815 77.355 76.978 76.564 76.157 75.749 75.342 74.942 74.551 74.167 73.784 75.393 69.996 58.658 13.338 0.000 0.000 0.000 0.000 0.000 0.000 0.000 0.000 29.739
0.000 0.000 2.449 23.425 58.401 40.348 0.000 46.174 51.161 51.147 57.131 46.083 0.000 50.970 48.927 50.868 51.802 61.726 75.624 72.495 74.395 80.302 90.208 134.106 130.994 130.889 130.787 130.674 131.501 115.341 47.209 50.068 47.906 55.723 54.516 51.288 49.045 30.864 0.000 0.000 0.408 57.971 75.051 79.672 85.413 85.087 77.322 79.008 78.291 77.972 77.586 77.185 76.782 76.374 75.963 75.553 75.155 74.774 75.411 74.050 65.660 54.194 11.926 0.000 0.000 0.000 0.000 0.000 0.000 0.000 0.000 20.882 41.814
73.653 21.618 10.546 73.488 51.491 0.000 0.000 0.000 45.167 58.173 50.204 0.000 3.131 59.054 49.986 60.915 73.838 73.751 78.652 81.543 74.441 60.345 51.250 47.152 45.022 47.922 48.842 35.779 0.000 52.306 49.222 48.099 51.949 55.781 52.602 44.410 51.155 32.009 0.000 0.000 53.294 70.321 80.076 85.908 85.688 77.926 79.599 78.880 78.571 78.186 77.801 77.406 77.003 76.594 76.176 75.752 75.349 75.981 71.651 60.346 17.003 0.000 0.000 0.000 0.000 0.000 0.000 0.000 0.000 0.000 0.000 38.951 37.893
83.671 91.654 79.632 0.000 8.586 2.681 0.000 0.000 0.000 0.000 54.308 52.292 60.209 57.128 57.050 56.969 73.882 87.789 76.688 56.584 54.483 49.386 51.297 42.228 0.000 53.936 50.878 39.823 0.000 53.357 48.274 49.155 56.011 53.848 51.702 33.597 0.000 0.000 49.890 47.767 64.567 80.495 86.182 78.885 79.446 80.093 79.476 79.167 78.789 78.414 78.027 77.632 77.230 76.822 76.396 76.931 76.509 66.151 50.866 13.681 0.000 0.000 0.000 0.000 0.000 0.000 0.000 0.000 14.346 13.299 28.212 40.077 27.987
73.696 77.696 67.695 0.000 0.000 67.775 60.803 54.802 0.000 6.520 72.427 69.361 56.282 57.201 57.116 58.028 78.934 130.834 123.729 70.623 125.519 46.419 50.325 50.235 52.132 50.007 49.911 49.811 51.671 47.489 47.362 56.238 55.092 51.900 46.760 35.679 0.000 0.000 52.013 58.882 80.904 79.802 86.550 79.938 80.517 80.055 79.752 79.391 79.027 78.650 78.263 77.866 77.463 77.069 78.656 74.064 55.607 42.246 43.981 9.831 0.000 0.000 0.000 0.000 0.000 0.000 0.000 0.000 23.394 28.340 42.259 36.160 26.071
69.724 64.740 8.756 0.000 0.000 50.842 59.833 56.800 74.727 68.613 73.520 81.441 72.360 57.276 57.187 57.092 55.991 49.883 44.771 49.659 46.551 50.447 50.349 50.253 50.154 50.049 49.948 49.841 48.712 53.567 55.448 56.343 40.218 0.000 39.760 0.000 0.000 0.000 56.237 78.173 82.193 87.583 87.103 80.040 80.683 80.313 79.987 79.639 79.275 78.897 78.509 78.105 77.687 76.336 38.095 0.000 0.000 0.000 0.000 0.000 0.000 0.000 0.000 19.807 14.794 13.759 12.701 16.616 25.495 41.408 35.323 26.234 36.149
61.749 52.782 57.834 2.923 55.951 51.918 50.886 68.838 61.770 77.684 86.601 66.521 52.441 50.356 53.264 56.164 57.054 56.937 49.814 48.692 49.578 49.471 50.371 50.276 50.182 55.088 51.993 48.890 49.771 52.619 56.518 45.470 0.000 0.000 0.000 0.000 11.985 131.862 75.564 82.589 80.570 88.006 79.883 82.390 83.863 80.577 80.247 79.902 79.537 79.155 79.770 76.357 63.845 54.491 12.293 0.000 0.000 0.000 0.000 0.000 0.000 0.000 21.826 21.821 21.814 22.783 22.728 23.653 37.562 37.476 21.391 24.306 26.223
36.763 37.807 31.874 55.983 52.012 50.994 61.955 65.898 76.828 83.753 49.678 48.603 49.526 51.443 50.350 47.245 55.126 55.995 56.855 55.719 49.596 48.487 47.388 48.297 54.210 113.127 81.044 60.957 43.864 0.000 58.534 66.550 0.000 0.000 0.000 0.000 56.109 67.010 83.891 81.929 88.744 88.389 80.983 81.501 82.156 80.851 80.527 80.183 79.816 80.415 79.059 31.708 0.000 0.000 0.000 0.000 0.000 0.000 0.000 0.000 0.000 0.000 28.832 24.837 21.859 22.831 20.777 32.705 39.624 23.541 24.459 32.376 30.295
0.000 0.000 0.000 49.123 52.120 54.092 75.041 85.969 99.893 81.822 10.754 67.688 67.618 51.539 51.447 50.339 48.211 51.063 56.893 54.733 55.602 57.492 55.397 53.313 49.236 44.166 49.101 44.029 0.000 0.000 0.000 52.646 44.670 0.000 0.000 0.000 66.333 83.213 83.293 81.311 89.067 80.730 83.219 84.714 81.446 81.143 80.826 80.488 80.130 77.630 32.344 0.000 0.000 0.000 0.000 0.000 0.000 0.000 0.000 0.000 0.000 28.481 0.000 0.000 29.954 19.906 30.842 42.768 30.689 25.608 30.526 34.446 27.366
0.000 0.000 0.000 47.267 53.252 69.214 80.147 128.045 121.954 123.885 129.830 125.777 126.719 51.648 51.561 50.453 50.318 49.151 43.920 53.717 55.586 56.484 54.396 56.320 56.255 57.201 50.163 0.000 0.000 0.000 0.000 53.719 38.694 0.000 0.000 57.853 79.642 83.575 82.559 89.657 89.370 81.798 82.334 83.013 81.739 81.452 81.145 81.814 56.585 0.000 0.000 0.000 0.000 0.000 0.000 0.000 0.000 0.000 40.676 29.632 19.566 23.482 23.381 24.257 24.097 26.999 39.916 36.836 31.755 32.674 30.594 28.514 24.436
13.388 0.000 0.000 48.426 65.407 73.366 79.288 50.109 48.994 47.936 44.902 45.873 45.831 51.773 51.696 67.593 67.457 43.304 0.000 40.629 53.541 55.461 53.383 55.318 55.263 56.219 52.189 0.000 0.000 0.000 51.911 36.815 0.000 0.000 59.208 68.057 84.901 83.794 82.968 89.924 81.496 84.012 86.538 82.305 82.046 81.783 80.487 68.037 26.811 0.000 0.000 0.000 0.000 0.000 26.906 21.888 21.851 21.796 25.720 37.655 40.583 26.499 21.403 23.295 25.177 40.077 38.988 24.904 33.822 34.741 33.661 26.582 22.504
