results3/res_3e8f-0177.wd
ncols         241
nrows         181
xllcorner     12693529.787448
yllcorner     3542525.717860
cellsize      155.156523
NODATA_value  -9999.000000
[rows 99 to 131 of 181, columns 73 to 145 of 241]
59.728 59.704 59.679 58.653 58.626 63.598 66.570 63.543 59.523 59.514 53.515 9.521 0.000 0.000 0.000 0.000 0.000 14.730 72.697 97.653 95.646 94.802 101.470 101.400 94.501 95.198 95.046 94.937 95.833 95.734 94.645 98.570 57.518 0.000 0.000 0.000 0.000 0.000 0.000 34.290 60.214 72.105 39.969 21.761 51.666 54.582 52.489 56.371 53.177 50.880 20.558 45.316 49.188 64.101 70.038 72.992 70.957 65.933 58.917 53.909 48.904 26.896 0.000 0.000 0.000 0.000 21.307 39.306 51.306 75.306 76.306 76.306 76.306
59.778 59.755 58.731 56.705 60.677 65.647 66.614 66.577 60.550 57.534 62.528 62.527 23.528 0.000 17.363 47.311 24.198 3.998 60.903 100.782 96.032 96.048 101.530 93.813 95.601 95.256 95.169 95.058 94.952 94.851 96.762 95.691 31.646 0.000 0.000 0.000 0.000 0.000 2.594 38.464 44.369 55.279 4.208 0.000 46.785 54.726 53.634 57.507 57.324 28.102 0.000 40.218 54.160 59.096 80.045 81.005 80.975 81.953 82.938 80.929 61.926 0.000 0.000 0.953 0.000 0.000 0.000 38.306 51.306 75.306 76.305 76.305 76.305
59.829 58.808 58.785 61.759 64.730 65.699 40.662 4.601 33.564 69.544 42.535 16.530 8.529 0.000 28.415 78.371 75.285 67.169 86.050 97.200 94.188 101.612 95.094 95.900 95.467 95.402 95.286 95.176 95.065 95.955 93.860 81.785 28.730 1.708 0.000 0.000 0.000 2.814 41.715 48.612 46.518 47.435 20.375 0.000 52.965 70.901 63.814 58.699 33.511 0.000 0.033 23.177 13.139 53.079 78.039 82.008 79.984 79.966 79.953 81.945 54.943 48.950 48.952 54.953 0.000 0.000 0.000 15.305 50.305 75.305 76.305 76.305 76.304
58.883 57.864 62.841 65.815 65.786 65.756 30.734 0.000 0.553 12.542 3.539 0.000 0.000 0.000 21.513 84.473 90.402 98.315 98.274 95.399 101.951 101.742 95.061 95.771 95.623 95.514 95.406 95.295 95.177 101.045 50.938 18.859 2.781 0.400 6.366 9.316 0.000 32.914 50.841 46.750 46.657 45.567 51.483 17.394 46.207 72.101 71.021 68.963 0.000 0.000 2.208 0.000 0.000 51.041 80.025 84.005 80.988 79.973 77.963 66.956 47.953 43.954 44.954 28.953 0.000 0.000 0.000 0.000 46.304 75.304 76.304 76.304 72.304
57.940 63.923 65.902 65.875 63.842 69.806 39.784 0.000 0.000 0.000 0.000 0.000 0.000 0.000 32.650 90.603 93.543 97.419 96.656 96.669 102.138 94.447 96.153 95.828 95.742 95.633 95.528 99.422 105.301 60.111 28.988 3.933 0.000 0.000 0.000 6.266 34.217 57.085 50.986 43.889 48.792 52.694 49.596 47.492 61.370 65.275 55.207 63.168 0.000 0.000 0.000 0.000 0.000 57.021 81.012 86.001 84.988 80.977 75.969 44.963 42.959 43.958 50.957 0.000 0.000 0.000 0.000 40.304 44.304 73.304 76.304 76.303 70.303
65.002 65.988 65.967 64.939 42.903 8.840 27.812 29.812 0.000 0.000 0.000 0.000 0.000 23.953 76.834 90.757 93.661 95.819 96.829 102.468 102.310 95.422 96.124 95.963 95.857 95.751 99.651 61.562 21.496 0.000 38.968 24.953 0.000 0.000 0.000 0.000 42.299 76.224 67.130 62.030 56.926 57.821 55.715 56.608 69.505 63.421 47.363 49.336 0.000 0.000 0.000 0.000 0.000 57.008 85.004 49.997 47.988 79.978 82.972 52.967 43.964 48.961 18.959 0.000 0.000 0.000 0.000 13.303 40.303 58.303 74.303 77.303 70.303
66.070 66.060 62.040 66.012 47.990 0.000 18.812 48.812 0.000 0.000 0.000 0.000 14.166 76.071 89.978 95.900 95.871 96.012 102.752 102.614 94.750 96.526 96.175 96.085 95.971 95.863 99.762 71.679 3.624 0.000 8.963 11.958 0.000 0.000 0.000 0.000 29.457 61.380 66.281 76.174 72.063 59.949 62.834 71.722 66.620 54.541 46.489 47.475 21.521 22.532 0.000 0.000 0.000 55.000 88.998 2.995 0.000 28.977 75.973 65.970 46.967 25.964 0.000 0.000 0.000 0.000 0.000 0.000 13.303 37.303 63.303 73.303 66.302
64.146 61.142 60.121 76.080 55.054 0.000 17.812 45.812 0.000 0.000 0.000 8.333 72.262 85.186 95.115 97.995 97.240 95.270 102.879 94.059 95.834 92.392 94.320 96.197 96.082 96.967 90.855 80.769 28.697 0.000 0.000 0.000 0.000 0.000 0.000 16.874 51.691 56.559 56.439 58.322 67.202 70.079 72.951 66.824 53.714 47.632 46.579 45.555 49.555 34.544 0.000 0.000 0.000 43.995 80.993 46.990 35.984 27.979 70.975 76.972 56.971 0.000 0.000 7.973 0.000 0.000 0.000 0.000 0.000 32.302 56.302 61.302 48.302
58.231 67.240 63.223 4.132 5.093 0.000 8.812 8.812 0.000 0.000 0.000 9.405 88.361 90.304 98.216 97.382 96.403 103.104 102.996 96.018 95.706 95.547 95.429 94.312 95.192 97.068 53.923 4.846 0.000 0.000 0.000 0.000 0.000 20.425 37.287 52.057 62.874 59.726 58.595 55.471 56.346 59.213 71.066 71.910 63.781 52.694 45.640 45.611 47.601 0.000 0.000 0.000 0.000 28.991 70.989 48.987 44.983 44.979 76.976 79.974 62.973 25.973 15.973 58.973 0.000 0.000 0.000 0.000 0.000 35.302 59.302 54.302 40.302
59.324 69.366 56.399 0.000 0.000 0.000 5.812 17.812 1.812 0.000 0.660 75.520 85.477 97.421 97.416 96.559 103.296 103.203 95.329 97.105 96.756 96.663 96.544 96.427 98.308 48.188 0.000 0.000 0.000 0.000 0.000 9.905 35.776 52.562 65.381 61.192 60.023 59.876 59.745 60.622 58.498 57.361 31.190 49.968 74.805 56.723 44.675 47.648 45.638 33.644 0.000 0.000 0.000 29.989 62.987 40.985 0.000 0.000 32.975 69.974 58.974 67.974 74.973 33.973 0.000 0.000 0.000 0.000 0.000 10.302 50.302 48.302 41.302
57.416 61.499 60.608 36.770 0.000 0.000 0.000 3.812 6.812 0.000 28.752 88.665 95.605 97.527 97.687 95.810 103.381 95.617 97.399 96.964 96.896 96.776 97.661 98.543 60.426 0.000 0.000 0.000 0.000 0.000 12.204 55.035 65.861 61.667 60.482 60.307 60.149 60.010 59.886 59.773 59.663 68.542 7.366 0.000 42.749 51.717 43.688 52.668 52.658 34.651 0.000 0.000 0.000 0.000 46.983 83.982 51.981 0.000 25.975 70.975 64.974 55.974 55.974 0.000 0.000 0.000 0.000 0.000 0.000 0.000 29.301 40.301 41.301
69.487 7.607 63.763 61.932 51.132 10.252 0.501 0.000 0.000 19.919 78.851 92.784 98.725 97.711 96.865 103.527 103.458 96.566 97.264 97.113 97.003 97.893 99.778 60.661 0.000 0.000 0.000 0.000 10.737 41.607 52.373 64.169 60.965 60.763 57.574 57.404 57.257 58.129 60.017 59.921 62.839 39.779 0.000 0.000 22.724 47.709 46.693 64.680 60.673 0.000 0.000 0.000 0.000 0.000 30.981 75.980 87.979 44.977 70.976 84.975 76.974 52.974 45.974 17.974 0.000 0.000 0.000 0.000 0.000 0.000 35.301 41.301 45.301
51.528 4.680 65.905 56.063 63.211 55.362 16.622 3.894 12.991 79.987 88.948 98.906 97.794 98.062 96.089 103.587 95.853 97.646 97.307 97.224 98.116 99.015 52.896 0.000 0.000 0.000 0.000 3.010 53.867 64.710 62.514 61.301 63.069 62.845 68.647 73.480 68.344 61.231 55.134 59.054 64.992 22.955 0.000 0.000 18.713 50.703 51.694 73.686 61.682 0.000 0.000 0.000 0.000 0.000 18.979 70.979 79.978 84.977 80.976 80.975 84.974 68.974 47.974 48.973 17.973 10.973 0.000 0.000 0.000 37.301 42.301 40.301 45.301
0.000 0.000 34.114 85.204 48.287 0.000 0.000 18.068 78.092 83.086 97.066 97.975 98.255 96.186 103.670 96.110 97.920 97.496 97.439 98.329 95.224 50.155 0.000 0.000 0.000 0.000 9.298 56.154 64.009 61.853 61.672 65.453 40.165 18.900 21.690 38.524 64.410 66.315 67.235 59.169 60.121 21.095 0.000 0.000 0.000 31.697 49.693 56.689 55.686 4.687 0.000 0.000 0.000 0.000 18.978 61.977 74.977 79.976 80.976 81.975 77.974 73.974 58.974 46.973 50.973 56.973 0.000 0.000 0.000 3.301 40.301 41.300 43.300
0.000 0.000 11.233 86.352 73.446 0.000 0.000 25.220 86.221 94.212 98.165 99.360 99.398 103.985 103.793 97.061 97.776 97.638 97.540 92.438 82.296 33.225 0.000 0.000 8.692 44.605 53.441 65.300 62.163 62.022 65.866 43.673 1.472 0.000 0.000 24.515 62.457 59.387 63.320 69.266 69.228 47.210 0.000 0.000 0.000 13.694 51.692 45.689 52.688 3.687 0.000 0.000 0.000 0.000 23.977 48.977 65.976 79.976 74.975 67.975 69.974 30.974 55.973 64.973 57.973 53.973 0.000 0.000 0.000 0.000 0.300 35.300 40.300
0.000 0.000 0.000 14.526 63.699 3.240 13.375 79.369 91.362 98.347 98.366 98.544 104.333 104.164 96.347 98.145 97.813 97.742 90.653 56.586 0.000 0.000 0.000 16.862 62.779 56.683 64.562 62.440 62.321 63.207 41.098 1.917 0.000 0.000 0.000 23.564 65.515 59.454 59.394 61.346 65.315 67.306 19.336 0.000 0.000 0.000 32.690 51.689 26.689 0.000 0.000 0.000 0.000 0.000 16.976 44.976 55.976 62.975 54.975 51.975 16.975 0.000 4.973 48.973 52.973 61.973 0.000 0.000 0.000 0.000 0.000 29.300 40.300
0.000 0.000 0.000 0.000 1.204 13.465 82.516 87.520 98.516 98.451 99.738 99.812 104.493 96.644 98.424 97.994 97.934 87.833 76.747 40.666 0.000 0.000 0.000 56.945 78.878 63.787 55.683 63.577 61.475 64.385 34.322 0.000 0.000 0.000 19.753 54.662 61.587 60.518 60.458 57.410 53.378 55.364 17.367 0.000 0.000 0.000 13.690 58.689 6.689 0.000 0.000 0.000 0.000 0.000 16.976 46.976 45.975 44.975 42.975 48.975 0.000 0.000 0.000 23.973 46.973 64.972 8.972 0.000 0.000 0.000 0.000 0.300 33.300
0.000 0.000 0.000 0.000 0.000 85.707 84.702 98.690 98.647 99.853 99.928 104.785 104.643 97.597 99.283 97.127 83.013 71.920 45.833 0.000 0.000 0.000 51.215 69.096 69.000 75.904 63.806 53.709 59.618 69.538 72.482 35.483 0.000 0.000 18.844 66.745 60.652 60.574 59.508 55.458 49.424 50.405 16.399 0.000 0.000 0.000 0.000 31.689 39.689 0.000 0.000 0.000 0.000 0.000 24.975 48.975 42.975 43.975 43.975 45.974 28.974 0.000 0.000 0.000 33.972 54.972 32.972 6.972 0.000 0.000 0.000 0.000 28.300
0.000 0.000 0.000 0.000 25.076 85.953 97.897 98.860 99.872 102.061 105.051 104.920 96.902 98.667 95.320 84.222 73.077 44.998 0.000 0.000 0.000 53.449 74.335 60.223 52.121 66.024 77.928 65.836 68.748 69.666 56.586 62.483 41.244 3.729 27.034 58.822 54.703 61.617 56.545 48.489 47.454 51.434 13.426 0.000 0.000 0.000 0.000 18.689 58.689 3.689 0.000 0.000 0.000 0.000 0.000 30.975 45.975 43.975 43.974 43.974 51.974 0.000 0.000 0.000 0.000 35.972 46.972 52.972 0.000 0.000 0.000 0.000 0.000
0.000 0.000 0.000 0.000 68.199 94.131 100.078 98.985 99.255 97.337 105.175 97.184 98.949 93.519 82.452 57.333 0.000 0.000 0.000 0.000 53.679 74.564 61.451 50.342 50.239 52.141 63.048 77.959 68.874 53.793 61.711 63.621 37.521 0.000 23.921 83.807 70.720 59.646 53.564 49.500 46.469 47.452 41.445 5.449 0.000 0.000 0.000 0.000 37.689 9.689 0.000 0.000 0.000 0.000 0.000 10.974 47.974 43.974 43.974 43.974 45.974 29.974 0.000 0.000 0.000 16.972 43.972 46.972 0.000 0.000 0.000 0.000 0.000
0.000 0.000 0.000 71.512 68.388 74.306 89.217 100.392 97.457 105.409 105.295 98.116 93.803 82.657 61.551 0.000 0.000 35.291 0.000 5.915 78.794 61.676 50.563 51.454 50.351 53.254 67.163 76.077 76.996 60.919 56.845 67.768 41.698 0.000 0.000 14.765 27.723 9.685 0.000 19.480 50.468 57.459 58.453 44.453 0.000 0.000 0.000 0.000 0.000 0.000 0.000 0.000 0.000 0.000 0.000 11.974 47.974 46.974 49.974 44.974 41.974 50.974 0.000 0.000 0.000 23.972 57.972 62.972 0.000 0.000 0.000 0.000 0.000
0.000 0.000 10.740 72.636 69.537 70.457 80.433 96.599 105.627 105.519 97.394 94.161 81.831 55.756 0.000 0.000 52.340 51.291 33.193 17.036 66.905 50.784 51.670 50.561 51.458 66.362 72.272 36.190 27.114 79.045 64.980 42.910 3.804 0.000 0.000 0.000 0.000 0.000 0.000 16.471 68.466 62.461 59.457 55.456 10.457 0.000 0.000 0.000 0.000 0.000 0.000 0.000 0.000 0.000 0.000 35.974 44.974 19.974 0.000 19.974 44.974 48.974 0.000 0.000 0.000 25.972 61.972 30.972 0.000 0.000 0.000 0.000 0.000
0.000 85.932 73.843 70.754 68.676 69.554 70.798 74.863 105.731 96.635 92.397 81.987 55.945 0.000 0.000 0.000 56.389 54.341 74.252 58.131 51.007 51.887 50.771 53.661 73.558 70.462 51.375 47.295 52.225 80.166 77.119 41.089 0.000 0.000 0.000 0.000 0.000 0.000 0.000 16.468 75.464 75.461 70.459 61.458 6.458 0.000 0.000 0.000 0.000 0.000 0.000 0.000 0.000 0.000 8.974 47.974 49.974 0.000 0.000 4.974 47.974 48.974 0.000 0.000 0.000 0.000 32.972 0.000 0.000 0.000 0.000 0.000 0.000
2.100 84.021 97.946 89.872 74.774 75.931 67.980 105.928 105.831 75.518 80.196 56.094 0.000 0.000 0.000 0.000 58.485 71.432 69.342 51.228 51.106 50.984 61.867 73.755 62.651 51.555 51.468 51.392 52.327 61.275 79.242 75.237 36.292 0.000 0.000 0.000 0.000 0.000 0.000 0.000 61.463 63.461 75.459 76.459 32.458 0.000 0.000 0.000 0.000 0.000 0.000 0.000 0.000 0.000 39.974 49.974 26.974 0.000 0.000 8.974 48.974 46.974 0.000 0.000 0.000 0.000 0.000 0.000 0.000 0.000 0.000 0.000 0.000
20.170 97.117 100.051 99.982 94.956 85.112 106.115 106.022 67.681 62.454 0.000 0.093 0.000 0.000 0.000 0.000 69.634 74.562 50.456 52.333 52.204 64.077 72.956 54.842 51.736 51.639 51.552 51.477 51.414 51.366 60.335 80.327 73.346 47.377 38.390 42.393 11.394 0.000 0.000 0.000 0.461 41.460 81.459 81.459 42.458 0.000 0.000 0.000 0.000 0.000 0.000 0.000 0.000 0.000 28.974 27.974 0.000 0.000 0.000 0.000 28.973 55.973 0.000 0.000 0.000 0.000 0.000 0.000 0.000 0.000 0.000 0.000 0.000
90.291 100.225 100.166 100.054 104.298 95.357 106.206 67.788 70.470 65.151 0.000 0.000 0.000 0.000 0.000 63.012 74.855 51.725 52.587 52.444 60.301 73.165 51.038 51.920 51.812 51.713 51.625 51.549 51.487 51.439 51.406 55.390 56.389 51.396 52.399 59.396 41.395 0.000 0.000 0.000 0.000 0.000 36.459 72.459 35.458 0.000 0.000 0.000 0.000 0.000 0.000 0.000 0.000 0.000 0.000 0.000 0.000 0.000 0.000 0.000 0.000 7.973 0.000 0.000 0.000 0.000 0.000 0.000 0.000 0.000 0.000 0.000 0.000
96.396 96.337 100.251 101.414 98.462 106.381 106.294 72.458 56.907 2.044 5.044 2.044 0.000 0.000 0.000 80.168 57.051 52.895 52.724 54.553 75.392 55.245 52.111 51.989 51.878 51.776 51.685 51.608 51.546 51.497 51.461 50.437 49.423 52.418 34.416 0.000 0.000 0.000 0.000 0.000 0.000 0.000 0.000 65.458 53.458 20.458 0.000 0.000 0.000 0.000 0.000 0.000 0.000 0.000 0.000 0.000 0.000 0.000 0.000 0.000 0.000 0.000 0.000 0.000 0.000 0.000 0.000 0.000 0.000 0.000 0.000 0.000 0.000
75.510 75.446 79.426 75.584 106.553 106.467 83.963 65.168 56.095 0.000 0.042 2.044 0.000 0.000 0.000 55.441 51.285 51.080 49.861 62.653 55.470 49.310 50.171 50.048 49.934 49.827 50.732 51.653 51.591 51.542 50.503 48.473 50.450 50.436 47.430 37.432 40.432 42.432 41.432 43.431 14.431 0.000 0.000 3.458 62.458 34.458 0.000 0.000 0.000 0.000 0.000 0.000 0.000 0.000 0.000 0.000 0.000 0.000 0.000 0.000 0.000 0.000 0.000 0.000 0.000 0.000 0.000 0.000 0.000 0.000 0.000 0.000 0.000
90.626 112.515 77.763 107.822 106.635 66.512 57.108 0.000 71.489 29.832 0.000 0.000 0.000 0.000 99.252 77.871 48.568 56.281 66.986 65.727 61.524 59.354 59.217 59.098 57.985 51.866 47.762 51.683 51.622 51.576 50.538 50.504 54.467 54.446 55.437 65.434 65.433 61.432 54.432 53.431 32.431 0.000 0.000 0.000 21.458 27.458 0.000 0.000 0.000 0.000 0.000 0.000 0.000 0.000 0.000 0.000 0.000 0.000 0.000 0.000 0.000 0.000 0.000 0.000 0.000 0.000 0.000 0.000 0.000 0.000 0.000 0.000 0.000
138.706 117.304 115.351 106.789 106.714 94.599 0.000 38.518 66.518 140.177 115.658 1.925 46.779 36.206 97.633 57.223 54.834 126.490 117.074 112.747 112.545 111.364 110.244 109.143 108.040 78.891 45.767 51.693 51.640 51.601 51.569 43.536 0.000 0.000 0.000 0.000 0.000 0.000 18.431 70.431 49.431 20.431 0.000 0.000 0.000 0.000 0.000 0.000 0.000 0.000 0.000 0.000 0.000 0.000 0.000 0.000 0.000 0.000 0.000 0.000 0.000 0.000 0.000 0.000 0.000 0.000 0.000 0.000 0.000 0.000 0.000 0.000 0.000
96.875 116.463 106.928 106.860 91.120 0.000 0.000 0.000 9.889 61.701 49.439 0.000 28.051 0.000 56.850 53.555 63.053 118.772 0.000 4.641 0.000 55.314 64.253 125.189 38.140 0.000 55.724 51.681 51.645 52.618 34.601 0.000 0.000 0.000 0.000 0.000 0.000 0.000 0.000 23.431 70.431 26.431 0.000 0.000 0.000 0.000 0.000 0.000 0.000 0.000 0.000 0.000 0.000 0.000 0.000 0.000 0.000 0.000 0.000 0.000 0.000 0.000 0.000 0.000 0.000 0.000 0.000 0.000 0.000 0.000 0.000 0.000 0.000
117.632 115.686 106.992 115.611 117.458 37.746 0.000 17.448 44.448 54.297 30.959 8.141 49.324 94.879 93.363 86.093 0.000 37.772 0.000 16.535 38.430 66.324 111.265 74.221 39.192 0.000 0.000 57.661 51.641 52.626 33.617 0.000 0.000 0.000 0.000 0.000 0.000 0.000 0.000 0.000 17.430 56.430 21.430 0.000 0.000 0.000 0.000 0.000 0.000 0.000 0.000 0.000 0.000 0.000 0.000 0.000 0.000 0.000 0.000 0.000 0.000 0.000 0.000 0.000 0.000 0.000 0.000 0.000 0.000 0.000 0.000 0.000 0.000
115.765 107.108 107.052 96.116 38.882 0.000 0.000 0.000 6.159 33.081 0.000 0.000 42.223 85.949 139.630 75.362 0.000 0.000 0.000 0.000 0.000 80.287 115.263 45.237 42.214 0.000 0.000 0.000 56.632 50.627 48.623 46.624 34.624 0.000 0.000 0.000 0.000 0.000 0.000 0.000 12.430 70.430 28.430 0.000 0.000 0.000 0.000 0.000 0.000 0.000 0.000 0.000 0.000 0.000 0.000 0.000 0.000 0.000 0.000 0.000 0.000 0.000 0.000 0.000 0.000 0.000 0.000 0.000 0.000 0.000 0.000 0.000 0.000
