results3/res_3e8f-0173.wd
ncols         241
nrows         181
xllcorner     12693529.787448
yllcorner     3542525.717860
cellsize      155.156523
NODATA_value  -9999.000000
[rows 99 to 131 of 181, columns 73 to 145 of 241]
59.675 59.651 59.627 58.601 58.574 63.546 66.518 63.491 59.471 59.462 53.463 9.469 0.000 0.000 0.000 0.000 0.000 14.684 72.651 97.607 95.600 94.757 101.425 101.354 94.456 95.153 95.001 94.892 95.789 95.690 94.602 98.527 57.475 0.000 0.000 0.000 0.000 0.000 0.000 34.108 60.033 71.922 39.786 21.577 51.482 54.398 52.306 56.189 52.990 50.684 20.360 45.117 48.989 63.903 69.840 72.793 70.759 65.735 58.719 53.710 48.706 26.697 0.000 0.000 0.000 0.000 21.115 39.115 51.114 75.114 76.114 76.114 76.114
59.725 59.702 58.678 56.652 60.625 65.595 66.562 66.525 60.497 57.482 62.476 62.475 23.476 0.000 17.317 47.265 24.152 3.952 60.857 100.736 95.986 96.002 101.484 93.768 95.556 95.211 95.124 95.014 94.908 94.807 96.719 95.648 31.604 0.000 0.000 0.000 0.000 0.000 2.420 38.280 44.187 55.097 4.025 0.000 46.602 54.542 53.450 57.323 57.138 27.911 0.000 40.020 53.962 58.898 79.846 80.806 80.776 81.754 82.740 80.731 61.727 0.000 0.000 0.754 0.000 0.000 0.000 38.114 51.114 75.114 76.113 76.113 76.113
59.776 58.755 58.732 61.706 64.678 65.646 40.610 4.549 33.512 69.492 42.483 16.478 8.477 0.000 28.370 78.325 75.239 67.124 86.004 97.155 94.142 101.566 95.049 95.855 95.422 95.357 95.241 95.132 95.021 95.912 93.817 81.743 28.690 1.669 0.000 0.000 0.000 2.637 41.539 48.431 46.337 47.253 20.193 0.000 52.782 70.718 63.630 58.515 33.326 0.000 0.000 22.980 12.941 52.881 77.841 81.810 79.786 79.767 79.754 81.747 54.745 48.751 48.753 54.754 0.000 0.000 0.000 15.113 50.113 75.113 76.113 76.113 76.112
58.830 57.811 62.788 65.762 65.733 65.703 30.681 0.000 0.501 12.490 3.486 0.000 0.000 0.000 21.467 84.427 90.356 98.270 98.229 95.354 101.906 101.697 95.016 95.726 95.578 95.470 95.362 95.251 95.133 101.002 50.896 18.818 2.741 0.373 6.167 9.122 0.000 32.735 50.662 46.570 46.476 45.386 51.301 17.212 46.025 71.918 70.838 68.779 0.000 0.000 0.000 0.000 0.000 50.843 79.826 83.807 80.789 79.775 77.764 66.757 47.754 43.755 44.755 28.754 0.000 0.000 0.000 0.000 46.112 75.112 76.112 76.112 72.112
57.887 63.870 65.849 65.822 63.789 69.753 39.731 0.000 0.000 0.000 0.000 0.000 0.000 0.000 32.605 90.558 93.497 97.374 96.610 96.623 102.093 94.402 96.108 95.783 95.697 95.589 95.484 99.377 105.258 60.068 28.945 3.891 0.000 0.000 0.000 6.078 34.033 56.904 50.806 43.709 48.611 52.513 49.414 47.310 61.187 65.092 55.024 62.986 0.000 0.000 0.000 0.000 0.000 56.822 80.814 85.802 84.790 80.778 75.770 44.764 42.760 43.759 50.758 0.000 0.000 0.000 0.000 40.111 44.112 73.111 76.111 76.111 70.111
64.949 65.935 65.914 64.886 42.850 8.787 27.759 29.759 0.000 0.000 0.000 0.000 0.000 23.907 76.789 90.712 93.616 95.774 96.784 102.423 102.265 95.377 96.079 95.918 95.812 95.706 99.606 61.518 21.452 0.000 38.926 24.911 0.000 0.000 0.000 0.000 42.118 76.043 66.950 61.850 56.746 57.640 55.534 56.427 69.323 63.239 47.181 49.153 0.000 0.000 0.000 0.000 0.000 56.809 84.805 49.798 47.789 79.779 82.773 52.768 43.764 48.762 18.760 0.000 0.000 0.000 0.000 13.111 40.111 58.111 74.111 77.111 70.110
66.016 66.007 61.987 65.959 47.937 0.000 18.759 48.759 0.000 0.000 0.000 0.000 14.121 76.026 89.933 95.854 95.825 95.967 102.706 102.569 94.705 96.481 96.130 96.040 95.926 95.818 99.718 71.635 3.580 0.000 8.921 11.916 0.000 0.000 0.000 0.000 29.277 61.200 66.101 75.994 71.882 59.768 62.653 71.540 66.439 54.359 46.307 47.293 21.339 22.350 0.000 0.000 0.000 54.801 88.799 2.796 0.000 28.778 75.774 65.771 46.768 25.765 0.000 0.000 0.000 0.000 0.000 0.000 13.111 37.110 63.110 73.110 66.110
64.092 61.088 60.068 76.027 55.001 0.000 17.759 45.759 0.000 0.000 0.000 8.288 72.217 85.140 95.070 97.950 97.195 95.225 102.834 94.014 95.789 92.347 94.275 96.152 96.037 96.922 90.811 80.725 28.652 0.000 0.000 0.000 0.000 0.000 0.000 16.696 51.512 56.380 56.260 58.142 67.022 69.898 72.770 66.643 53.533 47.450 46.397 45.373 49.373 34.362 0.000 0.000 0.000 43.795 80.793 46.790 35.784 27.779 70.776 76.773 56.771 0.000 0.000 7.773 0.000 0.000 0.000 0.000 0.000 32.110 56.110 61.110 48.110
58.177 67.186 63.169 4.078 5.040 0.000 8.759 8.759 0.000 0.000 0.000 9.360 88.316 90.259 98.171 97.337 96.358 103.059 102.951 95.973 95.661 95.502 95.384 94.267 95.148 97.023 53.878 4.802 0.000 0.000 0.000 0.000 0.000 20.252 37.113 51.881 62.697 59.548 58.416 55.291 56.166 59.032 70.885 71.729 63.599 52.512 45.458 45.429 47.419 0.000 0.000 0.000 0.000 28.791 70.790 48.787 44.784 44.780 76.776 79.774 62.773 25.773 15.773 58.773 0.000 0.000 0.000 0.000 0.000 35.110 59.109 54.109 40.109
59.270 69.311 56.345 0.000 0.000 0.000 5.759 17.759 1.759 0.000 0.617 75.474 85.432 97.376 97.371 96.514 103.251 103.158 95.284 97.060 96.711 96.618 96.500 96.382 98.263 48.143 0.000 0.000 0.000 0.000 0.000 9.737 35.606 52.390 65.207 61.016 59.846 59.698 59.566 60.442 58.318 57.181 31.010 49.787 74.624 56.541 44.493 47.466 45.456 33.462 0.000 0.000 0.000 29.789 62.787 40.786 0.000 0.000 32.775 69.774 58.774 67.774 74.773 33.773 0.000 0.000 0.000 0.000 0.000 10.109 50.109 48.109 41.109
57.361 61.445 60.553 36.715 0.000 0.000 0.000 3.759 6.759 0.000 28.707 88.620 95.560 97.482 97.642 95.765 103.336 95.572 97.354 96.920 96.851 96.731 97.616 98.499 60.381 0.000 0.000 0.000 0.000 0.000 12.040 54.868 65.692 61.496 60.309 60.132 59.972 59.832 59.708 59.594 59.483 68.362 7.186 0.000 42.567 51.535 43.506 52.487 52.476 34.469 0.000 0.000 0.000 0.000 46.783 83.782 51.781 0.000 25.775 70.775 64.774 55.774 55.774 0.000 0.000 0.000 0.000 0.000 0.000 0.000 29.109 40.109 41.109
69.433 7.553 63.708 61.877 51.076 10.197 0.454 0.000 0.000 19.874 78.807 92.739 98.681 97.666 96.820 103.482 103.413 96.521 97.219 97.068 96.958 97.848 99.733 60.616 0.000 0.000 0.000 0.000 10.582 41.450 52.212 64.004 60.797 60.592 57.401 57.229 57.080 57.951 59.839 59.741 62.659 39.599 0.000 0.000 22.542 47.527 46.511 64.498 60.491 0.000 0.000 0.000 0.000 0.000 30.781 75.780 87.779 44.777 70.776 84.775 76.774 52.774 45.773 17.773 0.000 0.000 0.000 0.000 0.000 0.000 35.108 41.108 45.108
51.473 4.625 65.849 56.007 63.156 55.309 16.573 3.847 12.945 79.941 88.903 98.862 97.749 98.017 96.045 103.542 95.808 97.601 97.262 97.179 98.071 98.970 52.851 0.000 0.000 0.000 0.000 2.861 53.715 64.555 62.356 61.138 62.901 62.673 68.474 73.304 68.167 61.052 54.955 58.874 64.812 22.775 0.000 0.000 18.532 50.521 51.512 73.504 61.500 0.000 0.000 0.000 0.000 0.000 18.779 70.778 79.778 84.776 80.776 80.775 84.774 68.774 47.773 48.773 17.773 10.773 0.000 0.000 0.000 37.108 42.108 40.108 45.108
0.000 0.000 34.057 85.147 48.230 0.000 0.000 18.023 78.047 83.042 97.021 97.930 98.210 96.141 103.625 96.066 97.875 97.452 97.395 98.284 95.179 50.110 0.000 0.000 0.000 0.000 9.152 56.007 63.860 61.702 61.516 65.292 39.994 18.728 21.516 38.347 64.232 66.136 67.055 58.989 59.941 20.915 0.000 0.000 0.000 31.515 49.511 56.507 55.504 4.505 0.000 0.000 0.000 0.000 18.778 61.777 74.777 79.776 80.775 81.775 77.774 73.774 58.773 46.773 50.773 56.773 0.000 0.000 0.000 3.108 40.108 41.108 43.108
0.000 0.000 11.176 86.294 73.388 0.000 0.000 25.175 86.176 94.168 98.120 99.316 99.353 103.940 103.748 97.016 97.732 97.593 97.496 92.393 82.251 33.180 0.000 0.000 8.551 44.464 53.297 65.154 62.017 61.875 65.717 43.518 1.317 0.000 0.000 24.336 62.277 59.207 63.140 69.085 69.047 47.029 0.000 0.000 0.000 13.512 51.510 45.507 52.506 3.505 0.000 0.000 0.000 0.000 23.777 48.776 65.776 79.775 74.775 67.775 69.774 30.774 55.773 64.773 57.773 53.772 0.000 0.000 0.000 0.000 0.105 35.107 40.107
0.000 0.000 0.000 14.466 63.638 3.199 13.333 79.326 91.318 98.302 98.322 98.500 104.289 104.119 96.302 98.101 97.768 97.697 90.608 56.541 0.000 0.000 0.000 16.722 62.638 56.542 64.420 62.297 62.178 63.064 40.957 1.773 0.000 0.000 0.000 23.383 65.334 59.273 59.213 61.165 65.133 67.125 19.155 0.000 0.000 0.000 32.508 51.507 26.507 0.000 0.000 0.000 0.000 0.000 16.776 44.776 55.775 62.775 54.775 51.774 16.774 0.000 4.773 48.772 52.772 61.772 0.000 0.000 0.000 0.000 0.000 29.107 40.107
0.000 0.000 0.000 0.000 1.161 13.424 82.474 87.477 98.472 98.407 99.693 99.767 104.448 96.599 98.379 97.949 97.890 87.788 76.702 40.621 0.000 0.000 0.000 56.806 78.738 63.647 55.542 63.436 61.334 64.245 34.182 0.000 0.000 0.000 19.569 54.479 61.405 60.336 60.276 57.228 53.196 55.182 17.185 0.000 0.000 0.000 13.508 58.507 6.507 0.000 0.000 0.000 0.000 0.000 16.775 46.775 45.775 44.775 42.774 48.774 0.000 0.000 0.000 23.772 46.772 64.772 8.772 0.000 0.000 0.000 0.000 0.105 33.107
0.000 0.000 0.000 0.000 0.000 85.664 84.659 98.646 98.603 99.809 99.884 104.741 104.599 97.552 99.238 97.082 82.968 71.875 45.788 0.000 0.000 0.000 51.078 68.958 68.861 75.765 63.667 53.570 59.479 69.399 72.344 35.347 0.000 0.000 18.659 66.561 60.469 60.391 59.326 55.276 49.242 50.223 16.217 0.000 0.000 0.000 0.000 31.507 39.507 0.000 0.000 0.000 0.000 0.000 24.775 48.775 42.774 43.774 43.774 45.774 28.774 0.000 0.000 0.000 33.772 54.771 32.771 6.771 0.000 0.000 0.000 0.000 28.107
0.000 0.000 0.000 0.000 25.033 85.910 97.853 98.816 99.828 102.017 105.006 104.875 96.858 98.623 95.276 84.177 73.032 44.954 0.000 0.000 0.000 53.313 74.198 60.087 51.984 65.886 77.791 65.698 68.611 69.529 56.450 62.349 41.114 3.605 26.846 58.637 54.518 61.433 56.362 48.307 47.272 51.252 13.244 0.000 0.000 0.000 0.000 18.507 58.507 3.507 0.000 0.000 0.000 0.000 0.000 30.774 45.774 43.774 43.774 43.774 51.774 0.000 0.000 0.000 0.000 35.771 46.771 52.771 0.000 0.000 0.000 0.000 0.000
0.000 0.000 0.000 0.000 68.155 94.088 100.035 98.941 99.211 97.293 105.131 97.139 98.905 93.474 82.407 57.288 0.000 0.000 0.000 0.000 53.544 74.429 61.315 50.206 50.102 52.004 62.911 77.822 68.737 53.656 61.576 63.487 37.388 0.000 23.734 83.621 70.535 59.462 53.381 49.318 46.286 47.269 41.263 5.266 0.000 0.000 0.000 0.000 37.507 9.507 0.000 0.000 0.000 0.000 0.000 10.774 47.774 43.774 43.774 43.773 45.773 29.773 0.000 0.000 0.000 16.771 43.771 46.771 0.000 0.000 0.000 0.000 0.000
0.000 0.000 0.000 71.468 68.344 74.262 89.173 100.348 97.413 105.365 105.251 98.071 93.759 82.612 61.507 0.000 0.000 35.160 0.000 5.781 78.660 61.542 50.428 51.319 50.216 53.118 67.026 75.941 76.860 60.784 56.710 67.634 41.564 0.000 0.000 14.580 27.538 9.500 0.000 19.297 50.286 57.276 58.271 44.270 0.000 0.000 0.000 0.000 0.000 0.000 0.000 0.000 0.000 0.000 0.000 11.774 47.774 46.774 49.773 44.773 41.773 50.773 0.000 0.000 0.000 23.771 57.771 62.771 0.000 0.000 0.000 0.000 0.000
0.000 0.000 10.696 72.592 69.494 70.413 80.389 96.555 105.583 105.475 97.350 94.116 81.787 55.712 0.000 0.000 52.209 51.160 33.061 16.903 66.772 50.651 51.535 50.426 51.323 66.226 72.137 36.054 26.978 78.910 64.845 42.776 3.670 0.000 0.000 0.000 0.000 0.000 0.000 16.289 68.284 62.278 59.275 55.274 10.274 0.000 0.000 0.000 0.000 0.000 0.000 0.000 0.000 0.000 0.000 35.773 44.773 19.773 0.000 19.773 44.773 48.773 0.000 0.000 0.000 25.771 61.771 30.771 0.000 0.000 0.000 0.000 0.000
0.000 85.888 73.799 70.710 68.632 69.510 70.754 74.819 105.687 96.591 92.353 81.943 55.900 0.000 0.000 0.000 56.257 54.210 74.120 57.998 50.874 51.753 50.637 53.527 73.424 70.328 51.240 47.160 52.090 80.031 76.984 40.954 0.000 0.000 0.000 0.000 0.000 0.000 0.000 16.285 75.282 75.279 70.276 61.275 6.275 0.000 0.000 0.000 0.000 0.000 0.000 0.000 0.000 0.000 8.773 47.773 49.773 0.000 0.000 4.773 47.773 48.773 0.000 0.000 0.000 0.000 32.771 0.000 0.000 0.000 0.000 0.000 0.000
2.057 83.976 97.902 89.828 74.730 75.887 67.936 105.884 105.787 75.474 80.151 56.050 0.000 0.000 0.000 0.000 58.354 71.301 69.211 51.096 50.974 50.851 61.733 73.622 62.517 51.421 51.334 51.257 52.192 61.140 79.107 75.103 36.157 0.000 0.000 0.000 0.000 0.000 0.000 0.000 61.280 63.278 75.277 76.276 32.276 0.000 0.000 0.000 0.000 0.000 0.000 0.000 0.000 0.000 39.773 49.773 26.773 0.000 0.000 8.773 48.773 46.773 0.000 0.000 0.000 0.000 0.000 0.000 0.000 0.000 0.000 0.000 0.000
20.128 97.074 100.008 99.939 94.912 85.068 106.071 105.978 67.636 62.410 0.000 0.045 0.000 0.000 0.000 0.000 69.504 74.431 50.325 52.202 52.073 63.945 72.823 54.709 51.602 51.505 51.418 51.343 51.280 51.231 60.201 80.193 73.212 47.243 38.255 42.259 11.260 0.000 0.000 0.000 0.278 41.277 81.277 81.276 42.276 0.000 0.000 0.000 0.000 0.000 0.000 0.000 0.000 0.000 28.773 27.773 0.000 0.000 0.000 0.000 28.773 55.773 0.000 0.000 0.000 0.000 0.000 0.000 0.000 0.000 0.000 0.000 0.000
90.248 100.182 100.123 100.010 104.254 95.313 106.162 67.742 70.424 65.107 0.000 0.000 0.000 0.000 0.000 62.883 74.726 51.595 52.457 52.313 60.170 73.033 50.906 51.787 51.678 51.579 51.491 51.415 51.353 51.305 51.272 55.255 56.254 51.261 52.265 59.261 41.260 0.000 0.000 0.000 0.000 0.000 36.276 72.276 35.276 0.000 0.000 0.000 0.000 0.000 0.000 0.000 0.000 0.000 0.000 0.000 0.000 0.000 0.000 0.000 0.000 7.773 0.000 0.000 0.000 0.000 0.000 0.000 0.000 0.000 0.000 0.000 0.000
96.353 96.294 100.207 101.371 98.419 106.338 106.250 72.410 56.857 1.998 4.998 1.998 0.000 0.000 0.000 80.040 56.923 52.766 52.594 54.423 75.261 55.113 51.979 51.857 51.745 51.642 51.552 51.475 51.412 51.363 51.326 50.302 49.289 52.283 34.281 0.000 0.000 0.000 0.000 0.000 0.000 0.000 0.000 65.276 53.276 20.276 0.000 0.000 0.000 0.000 0.000 0.000 0.000 0.000 0.000 0.000 0.000 0.000 0.000 0.000 0.000 0.000 0.000 0.000 0.000 0.000 0.000 0.000 0.000 0.000 0.000 0.000 0.000
75.467 75.403 79.382 75.540 106.509 106.424 83.917 65.119 56.042 0.000 0.000 1.998 0.000 0.000 0.000 55.315 51.158 50.952 49.732 62.523 55.339 49.179 50.040 49.916 49.802 49.694 50.598 51.520 51.457 51.408 50.369 48.339 50.315 50.302 47.296 37.298 40.298 42.297 41.297 43.297 14.297 0.000 0.000 3.276 62.276 34.276 0.000 0.000 0.000 0.000 0.000 0.000 0.000 0.000 0.000 0.000 0.000 0.000 0.000 0.000 0.000 0.000 0.000 0.000 0.000 0.000 0.000 0.000 0.000 0.000 0.000 0.000 0.000
90.582 112.472 77.720 107.779 106.591 66.467 57.063 0.000 71.428 29.769 0.000 0.000 0.000 0.000 99.128 77.746 48.442 56.154 66.858 65.598 61.394 59.223 59.085 58.966 57.852 51.733 47.629 51.549 51.488 51.442 50.404 50.369 54.332 54.312 55.302 65.299 65.298 61.297 54.297 53.297 32.296 0.000 0.000 0.000 21.276 27.276 0.000 0.000 0.000 0.000 0.000 0.000 0.000 0.000 0.000 0.000 0.000 0.000 0.000 0.000 0.000 0.000 0.000 0.000 0.000 0.000 0.000 0.000 0.000 0.000 0.000 0.000 0.000
138.663 117.261 115.308 106.746 106.671 94.555 0.000 38.452 66.452 140.112 115.595 1.863 46.653 36.082 97.510 57.100 54.709 126.364 116.946 112.618 112.415 111.233 110.113 109.011 107.907 78.758 45.634 51.559 51.506 51.467 51.435 43.402 0.000 0.000 0.000 0.000 0.000 0.000 18.297 70.296 49.296 20.296 0.000 0.000 0.000 0.000 0.000 0.000 0.000 0.000 0.000 0.000 0.000 0.000 0.000 0.000 0.000 0.000 0.000 0.000 0.000 0.000 0.000 0.000 0.000 0.000 0.000 0.000 0.000 0.000 0.000 0.000 0.000
96.832 116.419 106.885 106.817 91.077 0.000 0.000 0.000 9.819 61.630 49.368 0.000 27.935 0.000 56.731 53.435 62.930 118.647 0.000 4.511 0.000 55.182 64.122 125.057 38.008 0.000 55.591 51.547 51.511 52.484 34.467 0.000 0.000 0.000 0.000 0.000 0.000 0.000 0.000 23.296 70.296 26.296 0.000 0.000 0.000 0.000 0.000 0.000 0.000 0.000 0.000 0.000 0.000 0.000 0.000 0.000 0.000 0.000 0.000 0.000 0.000 0.000 0.000 0.000 0.000 0.000 0.000 0.000 0.000 0.000 0.000 0.000 0.000
117.588 115.643 106.949 115.568 117.415 37.703 0.000 17.373 44.373 54.221 30.879 8.048 49.217 94.769 93.249 85.977 0.000 37.647 0.000 16.405 38.299 66.193 111.134 74.089 39.060 0.000 0.000 57.527 51.507 52.492 33.483 0.000 0.000 0.000 0.000 0.000 0.000 0.000 0.000 0.000 17.296 56.295 21.295 0.000 0.000 0.000 0.000 0.000 0.000 0.000 0.000 0.000 0.000 0.000 0.000 0.000 0.000 0.000 0.000 0.000 0.000 0.000 0.000 0.000 0.000 0.000 0.000 0.000 0.000 0.000 0.000 0.000 0.000
115.722 107.064 107.009 96.073 38.838 0.000 0.000 0.000 6.081 33.001 0.000 0.000 42.117 85.840 139.519 75.248 0.000 0.000 0.000 0.000 0.000 80.156 115.131 45.105 42.083 0.000 0.000 0.000 56.499 50.493 48.489 46.490 34.491 0.000 0.000 0.000 0.000 0.000 0.000 0.000 12.295 70.295 28.295 0.000 0.000 0.000 0.000 0.000 0.000 0.000 0.000 0.000 0.000 0.000 0.000 0.000 0.000 0.000 0.000 0.000 0.000 0.000 0.000 0.000 0.000 0.000 0.000 0.000 0.000 0.000 0.000 0.000 0.000
