results3/res_3e8f-0088.wd
ncols         241
nrows         181
xllcorner     12693529.787448
yllcorner     3542525.717860
cellsize      155.156523
NODATA_value  -9999.000000
[rows 66 to 98 of 181, columns 146 to 218 of 241]
22.083 37.009 58.938 59.871 59.807 59.745 59.684 59.623 59.565 62.520 0.000 0.000 0.000 0.000 0.000 0.000 0.000 0.000 27.532 2.533 0.000 9.529 39.526 39.526 39.527 46.528 52.526 52.522 52.516 52.507 52.495 52.482 52.469 52.455 52.442 54.430 39.420 40.415 32.412 0.000 0.000 0.000 0.000 0.000 6.909 13.889 22.854 16.808 0.000 0.000 7.069 28.015 35.948 29.881 24.815 24.752 14.690 11.631 11.574 14.520 35.467 47.418 42.370 31.326 38.283 45.244 49.207 49.172 48.139 48.109 48.081 48.055 48.030
25.150 44.076 62.005 59.940 59.879 59.822 59.763 59.701 64.638 53.578 23.576 20.576 0.000 0.000 0.000 0.000 0.000 0.000 0.530 0.000 0.000 0.000 9.516 40.515 49.515 52.514 52.512 52.508 52.503 56.495 54.486 52.476 52.465 52.454 51.444 43.434 37.426 43.420 33.418 0.000 0.000 0.000 0.000 0.000 12.895 17.884 13.869 0.000 0.000 0.000 8.955 11.928 25.884 34.833 23.778 22.721 20.665 11.609 11.555 10.503 16.452 40.403 47.357 32.313 34.272 36.233 38.196 42.162 46.130 48.100 49.072 48.046 48.022
30.214 51.139 61.067 60.004 59.949 59.899 57.847 56.780 11.709 0.000 27.576 33.575 0.000 0.000 0.000 0.000 0.000 0.000 0.000 0.000 0.000 0.000 22.506 42.505 52.504 52.503 52.500 52.496 52.492 54.485 53.478 52.470 52.462 53.454 43.446 41.438 44.429 39.423 31.420 0.000 0.000 0.000 0.000 16.893 19.894 0.000 0.000 0.000 0.000 16.840 18.868 28.858 31.829 42.788 40.741 28.691 17.639 9.587 11.535 11.484 6.435 20.387 37.342 41.299 46.258 43.220 36.184 41.150 44.118 44.089 42.061 44.035 47.011
35.277 58.199 62.121 63.060 60.015 60.978 55.948 1.935 0.000 26.575 27.575 32.575 40.575 0.000 0.000 0.000 0.000 0.000 0.000 0.000 0.000 5.496 28.497 41.496 53.494 52.492 52.489 52.486 52.482 53.477 52.471 52.465 52.459 49.453 43.448 8.443 0.000 0.000 0.000 0.000 0.000 0.000 0.000 12.893 19.893 0.000 0.000 0.000 33.802 19.812 14.818 42.808 47.784 48.750 52.709 46.663 34.614 14.564 11.514 11.464 9.416 10.369 16.325 17.282 24.242 32.205 39.169 43.136 44.105 45.076 41.049 44.024 45.000
17.342 22.260 32.160 8.098 65.074 62.049 47.032 24.029 0.000 0.000 0.000 0.000 0.000 0.000 0.000 0.000 0.000 0.000 0.000 0.000 0.000 6.494 31.493 34.487 50.484 52.482 52.480 52.477 56.473 55.469 52.465 52.460 53.456 44.452 47.450 0.000 0.000 0.000 0.000 0.000 0.000 0.000 0.000 0.000 6.892 15.892 0.000 0.000 64.791 27.790 9.786 40.773 48.750 48.720 48.682 51.638 50.591 30.541 13.492 11.443 9.396 12.350 13.306 21.264 26.225 15.188 15.153 20.120 25.090 31.062 36.035 40.011 43.987
63.416 42.338 0.000 0.000 69.136 61.113 48.102 30.096 0.000 0.000 0.000 0.000 0.000 0.000 0.000 0.000 0.000 0.000 0.000 0.000 0.000 0.000 0.000 36.474 52.474 52.472 52.471 52.468 54.466 53.463 52.459 52.456 53.453 41.451 51.450 0.000 0.000 0.000 0.000 0.000 0.000 0.000 0.000 0.000 0.000 0.000 0.000 0.000 1.782 17.772 10.761 40.747 48.725 48.697 49.660 49.617 49.570 42.520 18.470 14.421 12.374 9.329 30.285 42.244 48.205 32.169 25.135 21.103 19.073 16.046 16.020 15.996 43.974
39.507 0.000 0.000 66.355 66.219 64.167 55.168 40.156 0.000 0.000 0.000 0.000 0.000 0.000 0.000 0.000 0.000 0.000 0.000 0.000 0.000 0.000 18.458 41.463 53.464 52.464 52.463 53.461 52.459 52.456 52.454 52.451 53.449 46.448 11.449 0.000 0.000 0.000 0.000 0.000 0.000 0.000 0.000 0.000 0.000 0.000 0.000 0.000 0.000 14.757 13.742 31.727 46.708 49.682 43.645 39.602 45.552 36.498 19.447 18.399 27.352 22.306 45.263 49.222 48.183 46.148 46.115 43.084 41.055 38.029 34.004 25.981 45.959
66.578 56.587 62.558 18.492 0.000 0.000 61.246 35.204 0.000 0.000 0.000 0.000 0.000 0.000 0.000 0.000 0.000 0.000 0.000 0.000 0.000 0.000 34.454 46.456 53.456 52.456 52.455 54.454 54.452 52.450 52.448 52.446 51.444 47.443 0.000 0.000 0.000 0.000 0.000 0.000 0.000 0.000 0.000 0.000 0.000 0.000 0.000 0.000 0.000 0.000 2.721 28.713 46.699 47.677 28.638 31.593 33.539 30.472 15.421 12.375 35.329 44.282 48.238 50.197 50.159 51.125 49.093 49.063 50.036 49.010 49.986 49.964 48.943
68.642 60.624 65.595 16.562 0.000 0.000 52.367 0.387 0.000 0.000 30.526 0.000 0.000 0.000 0.000 0.000 0.000 0.000 0.000 0.000 0.000 0.000 37.448 49.449 53.449 52.449 52.449 53.448 53.446 52.445 52.443 53.441 49.439 44.438 0.000 0.000 0.000 0.000 0.000 0.000 0.000 0.000 0.000 0.000 0.000 0.000 0.000 0.000 0.000 0.000 7.710 23.705 45.697 47.689 0.000 0.000 0.000 20.432 14.392 9.352 23.306 42.256 48.210 50.169 50.133 50.099 48.069 48.041 49.014 47.990 47.967 48.946 48.926
60.723 60.674 60.635 58.601 45.578 31.541 24.487 23.508 19.520 22.525 25.526 25.526 0.000 0.000 0.000 0.000 0.000 0.000 0.000 0.420 0.000 0.000 36.443 50.443 52.443 52.443 52.443 52.442 52.441 52.439 52.438 52.436 34.434 29.431 27.427 22.425 0.000 0.000 0.000 0.000 0.000 0.000 0.000 0.000 0.000 0.000 0.000 0.000 0.000 24.702 15.703 19.701 39.696 40.693 13.693 0.000 0.000 0.000 11.363 16.334 15.288 34.225 47.177 48.138 48.103 48.072 48.043 48.016 47.992 47.969 47.947 47.927 47.908
60.769 60.716 60.669 59.627 56.593 58.559 32.530 11.526 49.527 22.528 26.528 2.527 0.000 0.000 0.000 0.000 0.000 0.000 0.000 44.423 0.000 0.000 35.437 49.437 53.438 52.438 54.438 55.437 53.436 52.435 52.433 50.431 43.429 34.427 35.425 34.423 0.000 0.000 0.000 0.000 0.000 0.000 0.000 0.000 0.000 0.000 0.000 0.000 0.000 27.701 19.701 26.698 41.696 36.694 42.693 0.000 0.000 0.000 0.000 0.000 0.000 24.181 47.136 48.102 48.071 48.042 48.015 47.991 47.968 47.946 47.926 47.907 47.889
60.807 60.754 61.697 63.648 60.607 60.573 59.550 60.539 51.535 29.533 1.530 0.000 0.000 0.000 0.000 0.000 0.000 0.000 0.000 37.424 24.424 14.426 30.430 52.432 52.433 52.433 52.433 52.432 52.432 52.430 52.429 52.427 50.426 29.424 33.422 40.420 0.000 0.000 0.000 0.000 0.000 0.000 0.000 0.000 0.000 0.000 0.000 0.000 0.000 39.700 0.000 6.696 29.694 36.694 0.000 0.000 0.000 0.000 0.000 0.000 0.000 0.000 36.085 49.063 48.036 48.010 47.986 47.963 47.942 47.923 47.904 47.887 47.870
63.845 59.796 56.717 58.660 61.614 61.576 63.556 60.546 58.540 45.538 0.000 0.000 0.000 0.000 0.000 0.000 0.000 0.000 0.000 0.000 28.423 20.424 36.426 54.428 52.429 52.429 52.429 52.428 52.428 52.427 52.425 52.424 53.422 42.420 29.418 33.416 39.413 0.000 0.000 0.000 0.000 0.000 0.000 0.000 0.000 0.000 0.000 0.000 0.000 0.000 0.000 0.000 14.693 33.693 0.000 0.000 0.000 0.000 0.000 0.000 0.000 0.000 24.057 45.029 48.001 47.977 47.955 47.935 47.916 47.899 47.882 47.866 47.851
56.890 17.866 0.000 0.000 0.000 53.561 58.554 64.547 60.543 49.541 0.000 0.000 33.539 3.539 0.000 0.000 0.000 0.000 0.000 0.000 20.421 24.422 45.423 53.424 54.425 55.425 52.425 52.425 52.424 52.423 52.422 52.421 52.419 53.417 32.415 14.413 23.411 0.000 0.000 0.000 0.000 0.000 0.000 0.000 0.000 0.000 0.000 0.000 0.000 0.000 0.000 0.000 3.692 36.692 0.000 0.000 0.000 0.000 0.000 0.000 0.000 0.000 0.000 24.996 44.963 47.941 47.923 47.906 47.890 47.874 47.860 47.845 47.831
51.927 8.913 0.000 0.000 28.554 26.554 43.551 62.547 59.544 44.542 25.541 29.540 33.540 0.000 0.000 0.000 0.000 0.000 0.000 0.000 21.419 32.420 52.421 52.422 55.422 55.423 52.423 52.422 52.422 52.421 52.419 52.418 52.416 53.414 49.412 44.410 33.407 13.403 7.401 0.000 0.000 0.000 0.000 0.000 0.000 0.000 0.000 0.000 0.000 0.000 0.000 0.000 5.691 0.000 0.000 0.000 0.000 0.000 0.000 0.000 0.000 0.000 0.000 0.000 29.915 45.903 47.889 47.875 47.862 47.850 47.837 47.824 47.811
57.955 38.946 10.953 0.000 0.000 28.551 28.549 50.546 62.544 40.542 27.541 32.540 10.540 0.000 0.000 0.000 0.000 0.000 20.413 13.414 18.416 35.417 54.418 54.419 55.420 52.420 52.420 52.420 52.419 52.418 52.417 52.416 52.414 52.412 52.410 54.407 43.405 31.402 20.399 21.397 14.395 5.394 10.394 0.000 0.000 0.000 0.000 0.000 0.000 0.000 0.000 0.000 8.691 0.000 0.000 0.000 0.000 0.000 0.000 0.000 0.000 0.000 0.000 0.000 14.879 42.867 46.856 47.845 47.835 47.826 47.815 47.804 47.792
60.974 51.966 4.959 0.000 0.000 0.000 27.546 32.544 59.543 47.542 28.541 31.540 6.540 0.000 0.000 0.000 0.000 0.000 23.412 16.413 19.414 37.415 56.416 55.417 53.418 53.419 52.419 52.418 52.418 52.417 52.415 53.414 53.412 53.410 47.407 38.405 42.402 49.400 42.398 40.396 28.395 15.394 22.394 0.000 0.000 0.000 0.000 0.000 0.000 0.000 0.000 0.000 0.000 0.000 0.000 0.000 0.000 0.000 0.000 0.000 0.000 0.000 0.000 0.000 6.855 37.832 47.821 49.815 49.809 49.802 48.795 47.786 47.775
60.989 35.983 0.000 0.000 0.000 0.000 0.000 34.542 47.542 41.541 40.541 37.540 27.540 5.540 0.000 0.000 0.000 0.000 22.411 15.412 20.412 35.413 47.415 44.416 39.417 41.418 46.418 51.417 53.416 53.415 51.414 41.413 39.411 44.409 33.405 30.403 30.400 41.399 45.397 40.395 26.394 15.393 0.000 0.000 0.000 0.000 0.000 0.000 0.000 0.000 0.000 0.000 0.000 0.000 0.000 0.000 0.000 0.000 0.000 0.000 0.000 0.000 0.000 0.000 0.000 19.783 25.784 27.784 27.782 28.780 37.776 46.770 47.760
59.999 25.995 0.000 0.000 0.000 0.000 0.000 29.542 23.541 22.541 30.540 30.540 30.540 26.540 0.000 0.000 0.000 0.000 27.410 22.410 27.411 37.412 40.413 43.415 1.416 0.000 0.000 0.000 53.415 50.414 39.413 0.000 0.000 0.000 32.403 64.400 57.399 36.397 42.395 36.394 25.393 10.392 13.391 0.000 0.000 0.000 0.000 0.000 0.000 0.000 0.000 0.000 0.000 0.000 0.000 0.000 0.000 0.000 0.000 0.000 0.000 19.661 30.667 29.679 47.700 55.734 56.748 54.754 56.758 43.760 26.760 44.758 47.750
58.006 23.002 0.000 0.000 0.000 0.000 0.000 29.541 25.541 4.541 0.000 0.000 0.000 0.000 0.000 0.000 0.000 0.000 33.409 27.409 22.409 18.410 4.412 0.000 0.000 0.000 0.000 0.000 0.000 0.000 26.410 0.000 0.000 0.000 0.000 27.397 60.397 20.395 21.394 20.393 16.392 19.391 66.390 25.390 0.000 0.000 0.000 0.000 0.000 0.000 0.000 0.000 0.000 0.000 0.000 0.000 0.000 0.000 0.000 0.000 0.000 66.655 62.661 44.671 45.687 42.706 43.719 65.728 58.735 44.742 24.747 33.752 32.751
44.009 25.006 19.006 0.000 0.000 0.000 0.000 0.000 27.541 11.541 0.000 0.000 0.000 0.000 0.000 0.000 0.000 0.000 33.408 33.407 34.408 17.408 0.000 0.000 0.000 0.000 0.000 0.000 0.000 0.000 22.408 0.000 0.000 0.000 0.000 26.396 75.395 39.394 42.393 37.392 22.391 40.391 94.390 91.389 22.389 0.000 0.000 0.000 0.000 0.000 0.000 0.000 0.000 0.000 0.000 0.000 0.000 0.000 0.000 0.000 0.000 69.645 36.650 44.659 35.670 16.683 27.695 70.705 36.714 23.725 30.736 0.000 0.000
28.010 28.008 14.007 0.000 0.000 0.000 0.000 0.000 0.000 0.000 0.000 0.000 0.000 0.000 0.000 0.000 0.000 0.000 36.407 27.406 21.406 19.407 0.000 0.000 0.000 0.000 0.000 0.000 0.000 19.405 12.405 37.405 33.405 0.000 0.000 32.395 38.395 30.394 73.392 62.391 33.391 0.000 50.389 105.389 0.000 0.000 0.000 0.000 0.000 0.000 0.000 0.000 0.000 0.000 0.000 0.000 48.607 86.607 77.609 73.612 20.618 64.629 32.637 21.644 68.653 49.663 69.672 50.682 20.692 28.708 0.000 0.000 0.000
31.010 32.008 24.007 0.000 0.000 0.000 0.000 0.000 0.000 0.000 0.000 0.000 0.000 0.000 0.000 0.000 0.000 0.000 0.000 31.404 21.404 0.000 0.000 0.000 0.000 0.000 0.000 0.000 0.000 21.404 18.405 0.000 0.000 0.000 0.000 6.395 0.000 0.000 0.000 28.387 0.000 0.000 6.388 72.388 27.388 0.000 0.000 0.000 0.000 0.000 0.000 0.000 0.000 0.000 0.000 0.000 4.606 0.000 48.607 52.609 3.612 64.618 41.623 14.629 32.635 82.643 96.651 30.658 18.664 0.000 0.000 0.000 0.000
30.008 31.007 31.006 35.004 27.004 0.000 0.000 0.000 0.000 0.000 0.000 0.000 0.000 0.000 0.000 0.000 0.000 0.000 0.000 21.402 17.402 1.401 0.000 0.000 0.000 0.000 0.000 0.000 22.403 19.403 0.000 0.000 0.000 0.000 0.000 0.000 0.000 0.000 0.000 32.385 0.000 0.000 6.388 0.000 0.000 0.000 0.000 0.000 0.000 0.000 0.000 0.000 0.000 0.000 0.000 0.000 0.000 0.000 24.604 43.605 2.606 66.607 46.609 16.613 65.617 68.623 63.630 71.637 35.643 0.000 0.000 0.000 8.538
32.006 10.006 21.005 30.004 30.003 30.002 29.002 0.000 0.000 0.000 0.000 0.000 0.000 0.000 0.000 0.000 0.000 0.000 0.000 23.401 19.400 3.400 0.000 0.000 0.000 0.000 0.000 0.000 0.000 25.403 0.000 0.000 0.000 0.000 0.000 0.000 0.000 0.000 0.000 19.382 23.381 0.378 0.000 0.000 0.000 0.000 0.000 0.000 0.000 0.000 0.000 0.000 0.000 0.000 0.000 0.000 0.000 0.000 27.601 47.601 7.599 67.597 52.595 66.596 66.598 25.602 18.608 63.616 12.630 0.000 0.000 9.518 17.526
37.001 0.000 0.000 27.003 16.003 0.000 29.001 19.001 0.000 0.000 0.000 0.000 0.000 0.000 0.000 0.000 0.000 0.000 0.000 22.400 19.400 7.399 0.000 0.000 0.000 0.000 0.000 0.000 0.000 0.000 0.000 0.000 0.000 0.000 0.000 0.000 0.000 0.000 35.380 52.380 13.380 0.000 0.000 0.000 0.000 0.000 0.000 0.000 0.000 0.000 0.000 0.000 0.000 0.000 0.000 0.000 0.000 0.000 62.600 48.598 9.594 67.585 64.579 56.577 48.578 34.581 35.585 4.590 0.000 0.000 0.000 12.511 19.515
33.996 0.000 0.000 14.003 6.003 0.000 0.000 0.000 0.000 37.939 33.939 24.939 0.000 0.000 0.000 0.000 0.000 0.000 0.000 26.399 22.399 4.399 0.000 0.000 0.000 0.000 0.000 0.000 0.000 0.000 0.000 0.000 0.000 0.000 0.000 0.000 0.000 0.000 0.000 82.380 48.380 0.000 0.000 0.000 0.000 0.000 0.000 0.000 0.000 0.000 0.000 0.000 0.000 0.000 0.000 0.000 0.000 0.000 0.000 0.000 0.000 41.572 82.559 61.555 60.556 58.558 61.563 9.569 0.000 0.000 0.000 11.501 12.503
49.989 0.000 0.000 0.000 0.000 35.954 22.953 0.000 33.942 27.940 27.939 19.938 0.000 0.000 0.000 0.000 0.000 0.000 0.000 26.399 21.399 9.399 0.000 0.000 0.000 0.000 0.000 0.000 0.000 0.000 0.000 0.000 0.000 0.000 0.000 0.000 0.000 0.000 0.000 26.379 18.379 0.000 0.000 0.000 0.000 0.000 0.000 0.000 0.000 0.000 0.000 0.000 0.000 0.000 0.000 0.000 0.000 0.000 0.000 0.000 0.000 0.000 24.531 25.531 23.531 23.534 20.539 16.554 0.000 0.000 0.000 11.488 9.490
60.981 49.974 31.969 32.964 31.960 25.955 26.952 27.947 25.943 30.941 29.939 20.938 17.937 0.000 0.000 0.000 0.000 0.000 0.000 13.398 0.000 0.000 0.000 0.000 0.000 0.000 0.000 0.000 0.000 0.000 0.000 0.000 0.000 0.000 0.000 0.000 0.000 0.000 0.000 0.000 25.379 0.000 0.000 0.000 0.000 0.000 0.000 0.000 0.000 0.000 0.000 0.000 0.000 0.000 0.000 0.000 0.000 0.000 0.000 0.000 0.000 0.000 12.503 11.505 11.506 27.507 22.507 0.000 0.000 0.000 0.000 24.474 36.477
60.976 54.972 24.968 24.965 24.961 7.956 8.952 12.948 22.944 31.940 28.938 20.937 23.937 12.936 0.000 0.000 0.000 0.000 0.000 0.000 0.000 0.000 0.000 0.000 0.000 0.000 0.000 0.000 0.000 0.000 0.000 0.000 0.000 0.000 0.000 0.000 0.000 0.000 0.000 0.000 0.000 0.000 0.000 0.000 0.000 0.000 0.000 0.000 0.000 0.000 0.000 0.000 0.000 0.000 0.000 0.000 0.000 0.000 0.000 0.000 4.450 7.457 11.474 11.480 13.482 32.481 22.476 5.461 0.000 0.000 19.449 40.458 47.463
60.972 58.970 28.968 25.965 5.963 0.000 0.000 0.000 0.000 22.939 25.937 23.936 16.936 0.000 0.000 0.000 0.000 0.000 0.000 0.000 0.000 0.000 0.000 0.000 0.000 0.000 0.000 0.000 0.000 0.000 0.000 0.000 0.000 0.000 0.000 0.000 0.000 0.000 0.000 0.000 0.000 0.000 0.000 0.000 0.000 0.000 0.000 0.000 0.000 0.000 0.000 0.000 0.000 0.000 0.000 0.000 0.000 0.000 0.000 0.000 15.444 12.448 11.456 7.460 20.461 37.459 21.455 10.447 5.437 5.435 29.440 46.446 47.451
60.969 58.968 11.967 15.966 0.000 0.000 0.000 0.000 0.000 0.000 13.936 26.935 18.934 0.000 0.000 0.000 0.000 0.000 0.000 0.000 0.000 0.000 0.000 0.000 0.000 0.000 0.000 0.000 0.000 0.000 0.000 0.000 0.000 0.000 0.000 0.000 0.000 0.000 0.000 0.000 0.000 0.000 0.000 0.000 0.000 0.000 0.000 0.000 0.000 0.000 0.000 0.000 0.000 0.000 0.000 0.000 0.000 0.000 0.000 9.427 7.433 6.437 11.441 25.443 38.443 28.441 12.438 10.434 12.430 9.429 30.432 48.436 47.440
60.966 34.967 0.000 0.000 0.000 0.000 0.000 0.000 0.000 0.000 0.000 16.934 23.933 21.932 0.000 0.000 0.000 0.000 0.000 0.000 0.000 0.000 0.000 0.000 0.000 0.000 0.000 0.000 0.000 0.000 0.000 0.000 0.000 0.000 0.000 0.000 0.000 0.000 0.000 0.000 0.000 0.000 0.000 0.000 0.000 0.000 0.000 0.000 0.000 0.000 0.000 0.000 0.000 0.000 0.000 0.000 14.413 6.414 4.417 16.421 30.425 35.427 37.428 37.428 23.427 11.425 10.423 10.421 9.419 11.420 34.422 49.425 47.429
