results3/res_3e8f-0173.wd
ncols         241
nrows         181
xllcorner     12693529.787448
yllcorner     3542525.717860
cellsize      155.156523
NODATA_value  -9999.000000
[rows 66 to 98 of 181, columns 73 to 145 of 241]
71.571 35.559 0.000 60.702 77.680 76.649 76.621 0.000 48.018 48.002 61.016 57.026 56.006 55.961 54.892 130.792 118.620 0.000 0.000 0.000 51.346 46.283 51.188 54.126 54.074 56.025 56.978 61.922 62.870 63.822 54.787 0.000 0.000 52.076 102.076 83.989 87.853 87.942 85.995 93.914 86.405 86.884 87.623 86.396 86.174 86.970 56.815 0.000 0.000 0.000 0.000 0.000 0.000 0.000 42.516 40.492 40.452 40.398 40.333 40.265 44.193 57.117 54.041 38.967 49.894 58.823 37.752 40.681 46.611 51.542 47.473 41.406 39.340
56.574 62.546 0.387 48.927 72.888 71.859 65.862 18.948 0.000 0.000 54.095 67.175 56.175 55.144 56.100 37.058 0.000 0.000 0.000 0.000 0.000 0.000 62.120 60.094 58.061 41.019 43.972 50.917 51.877 56.844 47.815 0.000 0.000 0.000 62.317 80.225 87.162 87.255 94.340 94.134 86.477 87.165 86.876 86.666 86.455 81.268 39.135 0.000 3.323 36.323 0.000 0.000 0.000 48.597 43.561 40.527 40.484 40.432 40.372 40.307 40.237 40.165 47.092 61.020 61.948 44.877 38.806 39.737 40.668 44.599 43.532 39.466 39.400
58.585 57.516 62.382 60.181 74.087 67.037 68.020 65.034 0.000 0.000 0.000 69.403 64.375 59.340 61.306 8.282 0.000 0.000 0.000 0.000 0.000 0.000 61.079 57.069 48.057 0.000 0.000 48.897 60.878 59.862 0.000 0.000 8.021 64.902 56.649 60.471 67.549 82.609 94.532 86.215 87.770 87.334 87.145 86.928 84.714 67.511 46.323 52.323 50.323 31.323 0.000 0.000 0.000 6.632 57.605 39.569 40.525 44.474 52.416 42.352 40.285 39.215 43.143 58.072 65.001 56.930 42.860 37.791 39.723 39.656 39.590 39.524 38.459
58.628 56.552 60.448 71.328 65.241 58.182 77.147 66.134 18.151 0.000 11.806 61.658 77.584 72.535 72.501 75.483 0.000 0.000 0.000 0.000 7.032 7.036 59.048 50.046 53.040 0.000 0.000 0.000 96.875 123.865 38.854 0.000 64.140 59.037 58.876 58.782 54.865 94.885 94.714 87.261 90.866 87.613 87.404 87.190 78.964 31.737 0.000 54.323 32.323 0.000 0.000 0.000 45.737 44.694 43.659 39.620 43.575 55.523 60.465 58.402 51.335 41.266 50.195 58.124 37.053 42.982 55.913 52.845 48.778 56.713 37.647 39.582 37.517
56.687 62.615 72.531 64.442 56.366 56.304 69.252 77.204 73.169 76.095 77.954 72.841 67.765 69.714 58.682 57.666 0.000 0.000 0.000 8.025 64.027 63.029 51.031 53.028 54.018 57.997 56.984 0.000 7.881 1.868 0.811 10.535 70.363 63.231 58.070 59.160 57.205 95.041 56.876 64.466 79.062 86.883 87.669 85.463 44.213 0.000 0.000 0.000 0.000 0.000 0.000 46.804 40.779 40.750 40.716 41.677 51.631 60.578 59.519 59.455 55.388 51.318 61.247 44.175 39.104 40.034 39.965 49.898 62.832 49.768 37.704 38.640 44.575
62.756 73.690 63.618 56.545 57.477 57.415 59.354 43.261 69.225 67.162 59.072 55.988 54.922 70.876 72.846 59.832 0.000 0.000 0.000 64.022 60.022 57.022 50.021 54.015 54.005 53.990 53.971 12.939 15.901 16.871 18.818 86.682 83.548 72.417 71.371 60.368 95.318 95.185 58.928 65.577 60.353 67.157 85.930 60.780 0.000 0.000 0.000 0.000 0.000 0.000 0.000 46.830 40.826 40.809 40.779 41.740 50.693 60.639 59.578 58.513 55.443 60.372 54.299 38.226 40.154 40.084 40.015 49.949 57.885 36.823 39.762 42.700 61.633
73.831 63.770 56.706 57.642 57.581 58.527 39.487 0.000 26.308 54.257 57.186 57.115 57.060 55.020 78.995 62.983 0.000 0.000 0.000 41.020 58.018 52.016 53.013 54.008 53.999 53.986 53.969 64.946 4.914 8.896 25.902 78.827 88.723 10.611 92.532 82.723 95.434 57.498 71.142 67.786 57.657 54.462 51.113 35.946 0.000 0.000 42.392 0.000 0.000 0.000 0.000 42.859 40.887 40.879 40.852 40.812 41.763 47.706 55.642 55.573 55.501 59.427 37.351 40.276 40.203 39.132 45.063 61.998 44.936 38.878 41.821 22.763 23.683
63.911 56.855 57.795 57.735 57.678 60.625 16.580 14.545 7.442 52.370 57.299 59.227 57.182 56.151 74.131 70.122 0.000 0.000 0.000 0.000 49.013 52.011 54.008 54.004 53.997 53.987 55.975 41.960 0.000 0.000 76.068 79.001 89.910 95.780 89.883 87.921 95.533 78.546 81.249 66.091 58.997 51.923 0.000 0.000 0.000 0.000 40.392 0.000 0.000 0.000 0.000 0.000 43.986 40.969 40.937 40.894 40.841 40.780 40.711 47.638 55.561 43.482 40.403 40.325 40.250 43.177 56.108 56.044 37.984 39.929 42.882 9.849 0.000
56.996 57.942 57.885 57.827 57.770 57.715 61.663 62.612 62.546 58.483 58.415 38.310 55.290 56.270 72.257 71.253 0.000 0.000 0.000 0.000 48.009 54.008 54.006 54.002 53.997 53.990 41.983 0.000 0.000 4.433 81.300 87.203 90.103 90.049 89.127 95.667 88.026 90.743 85.432 70.374 60.314 59.310 59.445 0.000 0.000 0.000 37.392 44.392 37.392 0.000 0.000 0.000 59.101 40.074 41.034 40.985 40.927 41.860 40.786 40.706 40.623 40.538 40.454 40.372 39.293 45.219 60.149 37.085 40.026 39.974 41.930 16.900 0.000
58.084 58.031 57.975 57.918 57.860 57.802 57.747 57.695 57.645 57.601 61.567 0.000 48.396 57.383 73.373 68.379 4.425 0.000 0.000 0.000 53.007 56.006 56.004 56.001 53.998 56.995 0.000 0.000 0.000 73.566 79.494 90.409 90.290 90.399 88.447 95.871 89.158 93.802 89.694 90.627 78.578 66.559 55.579 50.579 52.579 0.000 0.000 43.392 38.391 44.386 45.371 43.334 49.243 59.191 41.141 42.086 51.022 57.948 39.866 40.778 40.686 40.594 40.503 39.415 44.333 63.256 57.185 46.120 39.062 40.010 41.964 56.923 74.878
58.176 58.123 58.068 58.010 57.949 57.886 57.827 60.774 58.740 57.709 61.686 0.000 48.516 57.494 74.473 66.465 6.472 0.000 0.000 0.000 26.006 36.005 35.003 35.001 55.999 40.997 0.000 0.000 0.000 75.771 85.705 90.617 90.576 89.679 96.493 96.200 90.221 91.064 89.923 89.866 90.812 81.769 46.733 0.000 0.000 0.000 0.000 41.394 41.396 38.396 40.394 41.386 40.348 47.305 61.254 44.195 42.125 52.044 39.953 40.854 40.751 40.648 40.548 40.454 48.366 61.286 48.214 60.150 38.092 39.040 43.993 64.948 76.902
58.270 58.217 58.162 58.104 58.040 60.967 62.900 34.835 55.832 58.808 60.781 20.756 51.658 56.602 68.561 66.535 7.526 0.000 0.000 0.000 0.000 0.000 2.002 2.001 37.000 0.000 0.000 0.000 24.209 74.043 90.937 90.819 90.936 89.022 96.760 88.803 94.510 90.206 90.161 90.095 90.036 79.971 40.852 0.000 0.000 0.000 0.000 0.000 44.401 45.407 32.423 40.470 41.459 41.425 45.376 61.315 44.240 41.151 41.048 40.933 40.815 40.699 38.588 44.486 63.392 44.309 43.236 57.172 41.116 39.065 46.019 71.975 76.931
58.366 58.313 58.260 58.205 60.141 36.043 37.971 0.000 17.942 53.913 57.874 61.828 57.760 60.695 65.632 70.590 9.570 0.000 0.000 0.000 0.000 3.002 55.002 62.001 0.000 0.000 0.000 7.493 83.375 85.256 91.151 91.107 90.227 97.241 97.009 89.862 90.578 90.451 90.383 90.320 89.266 69.227 0.000 0.000 0.000 0.000 0.000 0.000 0.000 36.407 0.000 47.609 44.593 40.560 40.511 42.448 59.369 48.273 40.154 41.016 40.876 39.744 44.621 46.508 45.407 42.322 40.249 40.188 40.134 41.086 54.043 76.002 76.963
58.461 58.409 58.359 58.314 63.277 1.263 0.000 24.174 16.083 50.025 58.974 56.921 58.859 70.788 42.681 36.624 1.597 0.000 0.000 0.000 0.000 53.001 59.001 61.001 0.000 0.000 0.000 70.611 75.543 89.455 91.339 91.470 89.566 97.456 89.357 91.035 90.730 90.672 90.599 90.535 82.481 59.443 0.000 0.000 0.000 0.000 0.000 0.000 0.000 0.000 0.000 51.765 46.746 40.710 38.660 41.597 41.517 57.415 50.280 41.100 41.931 39.780 46.643 46.519 43.407 37.321 40.252 40.195 42.146 56.103 75.064 77.028 79.996
59.554 57.502 57.455 57.414 60.384 30.377 27.347 59.264 64.191 58.132 56.077 63.023 72.967 75.916 0.000 0.000 0.000 0.000 0.000 0.000 0.000 21.001 28.001 30.001 0.000 0.000 0.000 72.797 80.733 90.645 91.637 90.676 97.850 97.659 90.387 91.093 90.956 90.879 90.807 90.741 72.678 54.623 0.000 0.000 0.000 0.000 0.000 0.000 0.000 0.000 0.000 49.939 47.914 47.874 44.823 37.762 39.687 40.592 56.450 56.173 52.968 49.801 42.654 41.518 38.381 39.302 40.244 44.195 64.152 76.115 76.081 77.051 76.026
73.642 72.591 71.544 69.503 66.469 67.440 67.401 64.344 65.287 67.232 67.180 73.127 75.069 32.992 0.000 0.000 0.000 0.000 0.000 0.000 0.000 0.000 0.000 0.000 0.000 11.305 19.227 74.047 90.939 91.848 91.798 91.027 98.029 89.858 91.535 91.225 91.161 91.081 91.010 88.943 70.870 41.746 0.000 0.000 0.000 0.000 0.000 0.000 0.000 0.000 0.000 40.138 44.099 47.049 47.996 46.939 43.879 39.815 33.757 0.000 0.000 0.000 0.000 0.000 42.297 40.263 43.225 64.188 77.154 76.123 77.095 80.070 76.050
69.726 71.674 70.628 72.586 74.548 73.512 72.472 70.426 68.378 68.331 69.284 65.236 65.191 0.000 0.000 0.000 0.000 0.000 0.000 0.000 0.000 0.000 0.000 0.000 0.000 60.384 83.327 82.225 91.132 92.020 92.147 90.250 98.195 91.951 91.557 91.435 91.352 91.276 91.209 87.152 67.111 0.000 0.000 0.000 0.000 0.000 0.000 0.000 0.000 0.000 47.522 42.377 39.293 41.229 46.172 48.120 48.073 49.033 40.006 0.000 0.000 0.000 0.000 0.000 43.246 41.230 57.206 78.179 76.153 76.128 76.105 77.085 76.069
57.803 57.753 58.706 65.664 74.625 80.588 68.549 62.509 57.469 55.429 54.389 60.343 39.267 0.000 0.000 0.000 0.000 0.000 0.000 0.000 0.000 0.000 0.000 0.000 0.000 66.520 82.473 90.397 92.311 92.278 91.408 98.489 98.348 93.967 91.774 91.615 91.539 91.463 91.396 86.344 61.312 0.000 0.000 0.000 0.000 0.000 0.000 0.000 0.000 47.788 42.667 42.555 42.469 41.400 38.344 43.297 47.260 48.236 45.228 0.000 0.000 0.000 0.000 46.201 40.210 44.204 72.189 76.170 76.150 76.131 76.113 76.097 76.084
56.876 56.827 60.781 65.740 67.701 70.664 60.628 56.593 57.560 57.528 59.500 37.479 0.000 0.000 0.000 0.000 0.000 0.000 0.000 0.000 0.000 0.000 0.000 0.000 0.000 52.701 81.649 91.579 92.477 92.606 90.716 98.620 91.512 93.188 91.869 91.804 91.718 91.640 91.571 82.515 55.481 0.000 0.000 0.000 0.000 0.000 0.000 0.000 47.021 42.910 42.803 42.707 42.626 42.560 42.506 39.464 38.435 41.424 48.443 48.529 0.000 0.000 0.000 40.191 41.192 59.186 76.176 75.162 75.147 76.132 76.118 76.105 76.095
56.945 56.897 58.853 59.812 57.775 56.739 57.706 56.676 56.648 56.624 61.605 6.593 0.000 0.000 0.000 0.000 0.000 0.000 0.000 0.000 0.000 0.000 0.000 0.000 4.070 60.935 89.846 92.762 92.732 91.862 98.856 98.742 94.509 92.211 92.067 91.978 91.891 91.809 92.732 72.664 60.616 0.000 0.000 46.631 0.000 46.395 48.351 48.266 43.133 43.025 42.929 42.843 42.769 42.707 42.656 42.618 41.592 38.581 47.590 48.615 41.615 0.000 0.000 48.181 40.179 48.174 54.166 57.156 61.144 67.132 73.121 75.111 75.104
58.009 57.963 57.921 57.882 57.846 56.813 56.783 56.755 56.732 55.714 63.702 14.696 0.000 0.000 0.000 0.000 0.000 0.000 0.000 0.000 0.000 0.000 0.000 0.000 45.206 81.123 92.037 92.927 93.067 91.159 98.959 91.959 93.635 92.320 92.245 92.150 92.060 91.972 92.884 64.792 42.704 0.000 0.000 42.631 0.000 41.440 43.391 43.315 43.220 43.129 43.045 42.968 42.900 42.843 42.795 42.758 40.733 42.721 48.720 45.726 0.000 0.000 0.000 47.172 46.170 45.165 44.159 43.151 42.142 46.132 57.124 53.116 55.110
56.069 56.026 55.985 55.948 55.914 55.883 55.855 56.831 58.812 60.799 35.792 2.793 0.000 0.000 0.000 0.000 0.000 0.000 0.000 3.441 12.432 0.000 0.000 15.565 56.423 87.317 93.214 93.203 92.230 99.139 99.053 94.949 92.656 92.507 92.414 92.320 92.227 92.135 88.040 34.916 0.000 0.000 0.000 42.631 48.612 43.533 43.459 43.382 43.303 43.227 43.153 43.084 43.022 42.968 42.923 42.888 39.863 48.848 48.843 44.844 0.000 0.000 0.000 46.165 45.162 46.158 46.153 46.146 46.139 46.132 45.125 45.119 44.114
57.126 57.085 60.047 64.012 66.980 70.950 72.924 75.903 74.886 66.876 4.875 15.892 39.946 7.971 0.000 0.000 0.000 0.000 0.000 43.449 70.424 10.385 0.000 49.707 82.607 92.499 93.398 93.328 92.552 99.212 91.385 93.072 92.755 92.680 92.583 92.489 92.394 93.300 80.226 0.000 0.000 0.000 0.000 22.651 42.671 43.620 45.531 45.450 43.385 43.321 43.256 43.193 43.135 43.084 43.041 40.007 44.982 47.966 48.960 39.962 0.000 0.000 0.000 30.161 51.157 51.153 48.148 45.143 45.137 46.131 47.125 47.120 46.116
59.180 58.141 65.106 74.072 75.042 74.014 72.989 71.969 68.953 62.943 37.942 54.952 72.976 41.995 26.016 2.025 0.000 0.000 14.521 53.482 67.430 6.345 25.183 66.947 91.799 94.682 93.523 93.734 91.711 99.274 93.369 93.084 92.937 92.845 92.752 92.658 92.559 94.447 38.336 0.000 0.000 0.000 0.000 0.000 38.802 44.746 25.593 25.503 42.467 43.416 43.357 43.297 43.242 43.192 42.150 40.116 49.091 49.075 46.070 40.082 46.130 0.000 0.000 0.000 62.151 77.149 70.144 66.139 62.134 58.130 61.125 61.121 44.118
59.230 59.195 62.162 65.131 64.101 62.075 60.051 58.030 56.014 56.002 64.997 67.000 64.009 61.019 65.029 13.034 0.000 0.000 54.560 84.528 35.471 31.383 65.255 89.101 93.968 93.823 93.941 91.895 99.357 91.772 93.487 93.175 93.104 93.011 92.922 92.833 95.737 52.592 0.000 0.000 0.000 0.000 0.000 0.000 40.989 45.967 0.000 0.000 39.562 43.518 43.458 43.398 43.343 43.294 40.252 48.217 49.191 48.173 39.164 43.166 43.177 0.000 0.000 0.000 30.149 60.146 78.141 77.136 77.132 77.128 77.125 71.122 61.119
59.279 59.247 59.216 58.187 58.158 59.132 59.109 59.087 57.069 58.055 63.045 66.040 62.041 57.043 60.046 15.047 0.000 0.000 46.631 56.599 34.541 67.460 82.355 91.235 94.118 94.049 93.147 99.726 99.495 92.762 93.491 93.350 93.262 93.174 93.091 93.015 95.964 0.000 0.000 11.331 20.331 0.000 0.000 42.294 45.198 44.167 51.205 0.125 39.703 43.635 43.560 43.494 43.437 41.388 43.345 49.310 49.282 41.261 42.247 43.239 43.237 0.000 0.000 0.000 0.000 0.000 60.137 76.133 76.129 76.127 76.124 77.122 77.120
59.328 59.298 59.269 59.241 59.214 59.188 59.164 58.142 57.121 61.103 65.087 65.077 60.070 56.067 61.065 14.062 0.000 0.000 42.735 11.695 58.635 82.560 88.469 94.374 94.223 94.433 92.421 99.932 92.180 93.892 93.580 93.511 93.420 93.334 93.251 100.173 84.140 0.000 7.331 57.331 43.331 0.000 0.000 37.389 45.344 44.297 44.245 50.127 47.910 46.760 43.654 43.581 43.523 40.475 48.432 49.396 45.366 40.342 43.323 43.307 45.295 49.306 0.000 0.000 0.000 0.000 0.000 73.128 76.127 76.125 76.123 77.121 75.120
59.377 59.349 59.321 59.294 59.267 59.242 58.217 57.194 59.171 63.148 66.125 62.108 57.097 56.090 59.085 41.074 28.049 28.990 24.879 25.811 65.746 86.674 92.596 94.485 94.623 92.613 100.292 100.120 93.184 93.898 93.753 93.664 93.576 93.491 98.405 41.287 56.283 26.320 57.330 65.332 0.000 0.000 0.000 36.530 45.491 44.431 44.351 54.227 65.048 38.841 48.715 44.652 41.601 43.555 49.513 48.476 39.445 42.419 43.397 43.373 30.328 31.317 0.000 0.000 0.000 0.000 0.000 54.125 75.124 76.123 76.121 80.120 76.119
59.428 59.400 59.373 59.346 59.320 59.295 57.270 57.246 61.221 68.192 69.159 65.134 60.118 58.111 58.109 60.102 60.082 69.042 9.981 43.923 81.863 88.797 94.725 94.691 93.822 100.600 100.451 93.538 94.319 93.983 93.910 93.815 93.728 93.650 101.591 0.000 39.385 41.347 31.337 33.335 0.000 0.000 0.000 39.709 45.658 44.587 50.499 66.383 43.216 0.000 29.712 42.710 40.675 48.632 49.589 45.550 42.518 43.492 43.472 45.459 0.000 0.000 0.000 0.000 0.000 0.000 46.124 27.124 66.122 76.121 76.120 81.119 76.118
59.478 59.451 59.424 59.398 59.372 58.347 57.323 59.299 66.273 43.242 19.183 18.150 15.132 45.127 62.139 57.141 60.134 41.115 3.081 49.037 86.985 92.933 94.821 95.063 93.085 100.738 93.870 94.647 94.217 94.158 94.054 93.961 93.872 94.789 92.718 14.662 14.524 0.000 0.000 0.000 0.000 0.000 39.080 46.940 44.846 43.761 63.673 67.591 0.000 0.000 0.017 38.801 44.758 49.708 49.660 39.619 43.585 43.559 43.541 46.532 0.000 0.000 0.000 0.000 0.000 0.000 25.124 0.000 54.120 76.119 76.119 82.118 76.117
59.528 59.501 59.475 59.449 58.423 57.398 59.375 62.353 70.333 29.318 0.000 0.000 0.000 0.000 44.180 59.190 60.200 46.203 48.189 74.159 91.119 95.043 95.216 93.237 100.980 100.864 94.849 94.544 94.396 94.294 94.197 94.102 94.009 96.917 81.829 10.746 0.000 0.000 0.000 0.000 0.000 0.507 39.221 46.124 45.026 42.935 70.843 31.717 0.000 0.000 45.053 49.934 49.849 49.781 47.725 42.679 43.644 43.618 43.602 45.595 0.000 49.681 1.681 0.000 0.000 0.000 0.000 0.000 47.118 76.118 76.117 76.117 76.116
59.577 59.551 59.525 59.500 58.474 57.449 61.425 65.404 69.388 27.379 0.000 0.000 0.000 0.000 24.209 67.239 62.271 68.309 81.313 90.292 94.253 95.260 94.409 101.185 101.086 94.182 94.958 94.616 94.534 94.431 94.335 94.242 98.146 61.042 32.935 0.000 0.000 0.000 0.000 0.000 1.793 41.640 46.447 45.309 47.199 44.111 68.048 0.000 0.000 40.324 47.172 63.033 51.925 48.842 44.779 42.730 42.693 43.668 43.653 43.652 48.674 44.681 35.681 0.000 0.000 0.000 43.115 45.115 44.116 76.116 76.116 76.116 76.116
59.626 59.601 59.576 59.550 57.524 59.498 65.473 66.451 64.435 51.431 12.447 0.000 0.000 0.000 0.000 20.287 16.335 56.448 87.463 91.443 95.383 95.553 93.676 101.274 93.491 95.271 94.837 94.773 96.663 95.564 94.471 94.383 100.293 23.167 0.000 0.000 0.000 0.000 0.000 23.012 61.916 61.774 49.618 46.464 57.352 52.262 53.188 14.136 1.951 38.477 43.277 54.100 49.975 53.884 47.818 50.768 49.732 46.706 43.691 42.685 42.689 48.689 0.000 0.000 0.000 0.000 40.115 40.115 50.115 76.115 76.115 76.115 76.115
