results3/res_3e8f-0106.wd
ncols         241
nrows         181
xllcorner     12693529.787448
yllcorner     3542525.717860
cellsize      155.156523
NODATA_value  -9999.000000
[rows 33 to 65 of 181, columns 146 to 218 of 241]
62.025 61.254 60.995 61.651 28.332 40.025 61.737 55.453 34.077 0.000 0.000 23.737 0.000 4.744 20.748 45.761 32.763 0.000 0.000 0.000 37.444 45.411 3.348 30.275 22.216 23.149 27.043 35.937 53.820 44.735 39.655 34.590 35.536 35.489 34.446 33.405 32.359 40.289 50.212 42.165 42.124 40.081 19.031 32.985 40.928 0.000 10.574 15.351 39.177 37.016 41.858 51.698 44.526 39.435 0.000 0.000 22.152 22.191 29.167 7.167 0.000 0.000 0.000 0.000 0.000 0.000 0.000 0.000 0.000 0.000 0.000 0.000 0.000
61.929 61.688 61.357 62.045 39.743 57.462 60.217 54.043 0.000 0.000 1.736 25.736 0.000 0.000 0.000 29.793 29.786 37.774 0.697 50.557 38.490 25.429 34.361 25.287 23.215 23.136 22.044 23.947 51.849 49.762 49.683 51.615 44.555 46.502 45.453 45.406 45.355 46.298 50.241 48.193 49.153 44.116 21.082 20.059 0.000 0.000 7.400 21.302 29.164 24.013 29.861 42.711 42.574 40.512 0.000 0.000 0.000 27.306 0.000 0.000 0.000 0.000 0.000 0.000 0.000 29.540 28.540 30.540 20.541 23.541 0.000 0.000 0.000
62.360 62.036 61.729 61.425 61.134 61.863 53.625 40.459 0.000 0.000 0.000 0.000 0.000 0.000 0.000 26.832 23.813 36.775 41.706 33.610 42.530 40.454 21.378 22.300 23.221 23.138 35.049 38.958 42.868 35.781 32.702 42.631 16.568 23.511 18.459 18.409 18.359 21.308 47.259 36.216 34.178 36.147 21.123 23.112 3.125 0.000 17.323 74.295 0.000 0.000 0.000 0.000 43.546 42.529 1.528 0.000 0.000 24.422 21.474 23.501 21.517 29.527 35.532 27.535 49.538 56.540 54.541 39.541 19.541 18.541 22.541 0.000 0.000
62.704 62.397 62.092 61.793 62.505 57.231 38.961 29.710 38.710 0.000 0.000 0.000 0.000 0.000 0.000 23.891 22.860 25.807 21.735 32.649 35.564 38.481 27.398 22.314 22.230 22.145 47.058 52.970 34.882 28.794 28.712 29.640 26.575 26.517 26.463 27.413 30.364 27.317 48.272 40.233 38.198 38.171 20.150 34.140 60.139 0.000 9.276 62.261 0.000 0.000 0.000 0.000 43.536 41.530 19.526 24.521 22.510 20.487 20.499 20.513 19.524 26.532 33.536 20.536 38.538 56.541 52.542 32.542 17.542 17.542 22.542 0.000 0.000
63.064 62.753 62.448 62.150 58.863 44.595 33.278 0.000 0.000 0.000 0.000 28.587 0.000 0.000 0.000 22.981 23.929 23.858 22.777 22.688 28.598 21.508 21.418 23.329 22.241 21.154 45.068 41.983 49.895 53.802 52.714 47.640 43.576 45.518 41.465 45.415 45.367 46.322 50.281 48.244 49.213 45.187 20.168 32.157 54.153 0.000 4.243 65.211 0.000 0.000 0.000 0.000 40.532 43.530 22.528 20.526 20.522 20.517 20.521 20.529 19.535 26.540 35.542 0.000 0.000 14.545 57.545 33.544 17.543 17.543 21.542 0.000 0.000
63.419 63.103 62.797 62.498 52.202 34.007 0.000 0.000 0.000 0.000 26.625 29.587 42.518 42.420 30.293 23.124 23.016 23.921 23.826 22.730 21.632 22.534 22.437 22.343 21.251 30.163 49.078 27.997 41.915 18.806 51.702 41.631 40.571 40.516 37.464 42.415 43.368 43.325 50.286 48.251 45.221 45.197 20.180 34.168 53.163 0.000 0.000 58.130 0.000 0.000 0.000 0.000 44.531 43.530 19.530 21.533 20.536 21.538 21.541 21.545 22.548 30.551 10.552 0.000 0.000 15.549 57.548 38.547 25.545 19.544 22.543 0.000 0.000
63.766 63.442 64.141 56.842 44.440 34.224 0.000 0.000 0.000 0.000 23.664 40.619 34.546 23.450 25.335 25.205 23.091 21.984 23.878 22.772 23.666 23.560 23.455 22.354 22.258 42.168 42.085 42.013 41.961 0.000 23.656 21.610 22.561 22.511 23.460 27.412 30.367 28.324 48.286 42.252 36.224 38.201 21.185 33.174 52.169 0.000 0.000 31.049 22.017 0.000 0.000 0.000 38.530 21.530 0.000 16.541 22.550 26.558 33.562 33.563 33.563 35.563 7.563 0.000 0.000 63.554 56.552 58.550 46.547 21.545 22.544 0.000 0.000
64.097 63.758 63.482 49.287 1.020 0.000 0.000 0.000 0.000 1.838 39.747 34.680 24.597 25.500 25.390 25.273 25.158 23.045 21.931 21.816 23.700 22.584 22.470 21.361 23.259 38.165 29.081 38.008 38.957 0.000 0.000 37.594 36.554 36.505 36.455 38.407 38.362 39.320 51.282 47.249 42.222 44.200 20.184 29.174 57.170 0.000 0.000 90.001 58.985 25.961 12.950 0.000 0.000 0.000 0.000 0.000 19.566 28.582 32.585 31.582 34.578 36.576 22.575 27.575 43.571 58.563 56.557 56.553 44.549 21.545 21.543 0.000 0.000
64.390 65.013 56.740 39.593 0.000 0.000 0.000 0.000 0.000 46.917 40.841 24.756 25.664 25.563 25.454 25.340 25.224 25.106 21.986 22.862 22.733 22.605 23.480 22.362 22.253 25.155 30.065 41.982 28.901 40.795 45.703 38.618 47.556 37.501 38.448 41.399 40.354 39.312 49.274 45.241 33.214 32.192 21.177 28.169 57.167 0.000 0.000 80.969 70.961 47.948 16.940 0.000 0.000 0.000 0.000 0.000 0.000 39.620 31.613 25.605 22.590 37.588 24.585 26.581 34.575 55.568 57.562 55.556 41.550 21.545 18.540 22.534 16.530
72.606 70.164 42.872 32.753 0.000 0.000 0.000 25.276 39.197 40.051 33.942 28.841 25.739 25.633 25.522 25.408 24.291 27.171 32.045 27.911 22.768 23.624 22.484 22.353 22.237 22.135 29.042 29.956 27.870 34.780 33.696 28.619 40.553 20.493 28.439 35.388 34.342 28.299 47.261 40.228 20.200 19.179 22.164 24.157 28.162 0.000 0.000 58.947 38.941 75.931 61.923 0.000 0.000 49.779 23.762 21.737 21.706 23.664 34.644 28.633 0.000 49.601 37.596 33.589 31.581 42.573 58.566 50.559 33.552 22.546 18.539 25.533 49.526
0.000 0.000 21.832 39.792 0.000 0.000 27.439 37.356 51.263 35.148 34.037 33.928 26.819 25.708 25.595 25.479 32.362 40.241 41.113 32.970 27.803 22.638 21.480 22.330 26.209 23.106 22.014 20.928 26.844 27.761 26.682 27.609 29.542 22.482 28.426 33.374 35.326 31.283 47.244 41.210 23.181 22.159 22.143 18.135 0.000 0.000 0.000 14.930 33.925 33.914 67.896 82.863 75.831 43.796 29.770 30.744 30.716 33.688 55.667 73.651 82.641 81.621 83.608 82.598 76.588 70.579 62.570 45.562 28.554 19.546 20.539 33.532 52.524
14.166 0.000 0.000 0.000 0.000 0.000 30.521 50.448 42.351 45.241 42.128 32.015 24.902 25.786 25.670 36.553 41.436 37.318 32.197 29.055 31.835 26.647 26.468 22.277 27.161 21.067 21.980 22.898 21.817 21.739 21.664 21.593 20.527 21.465 21.409 25.356 31.307 30.263 48.222 42.187 21.156 22.132 22.115 21.106 0.000 0.000 0.000 18.920 44.915 33.904 35.887 50.861 61.833 71.805 73.779 79.754 82.728 82.704 81.683 77.666 68.650 66.633 68.619 71.607 73.595 74.584 72.574 76.564 68.555 35.547 22.538 41.531 58.523
53.018 10.319 0.000 0.000 0.000 31.815 47.677 40.564 32.452 40.337 44.221 45.104 34.986 23.866 33.746 42.626 32.511 24.401 24.300 26.218 0.000 0.000 0.000 19.150 23.093 25.020 24.943 21.866 21.789 22.713 21.641 21.572 21.506 22.445 21.388 21.334 21.284 24.238 41.196 40.158 22.126 22.099 22.079 23.067 24.067 0.000 0.000 17.915 35.910 36.901 48.885 35.862 15.837 19.812 55.788 79.763 63.740 58.717 61.697 54.678 40.661 29.644 20.629 18.615 19.601 29.589 27.578 22.567 61.557 76.547 54.538 52.530 56.522
0.000 24.621 2.317 0.000 31.113 40.954 47.808 31.678 34.556 32.435 30.315 38.194 43.071 37.946 41.820 30.697 24.580 25.475 25.384 33.301 0.000 0.000 0.000 16.081 25.040 35.978 36.907 31.833 27.759 29.686 25.615 24.547 22.483 21.421 21.363 22.309 21.258 21.210 24.166 33.125 21.090 21.059 22.034 21.018 0.000 0.000 0.000 0.000 0.000 50.907 34.890 19.867 33.842 35.818 81.796 62.773 45.750 27.729 18.709 19.690 20.672 21.654 21.637 21.622 20.607 18.594 17.581 18.569 26.558 63.548 71.538 56.528 55.520
0.000 11.112 33.861 35.556 34.272 49.079 33.923 27.786 29.658 28.534 25.410 24.286 39.159 46.027 48.894 36.761 26.638 23.535 31.459 0.000 0.000 0.000 0.000 19.052 29.008 35.946 36.875 36.801 38.728 46.656 44.587 40.520 38.456 34.395 28.336 23.281 21.228 22.178 21.132 26.088 19.049 20.013 20.982 22.952 43.913 0.000 0.000 0.000 12.957 54.929 14.904 23.872 14.846 53.823 71.807 31.782 19.759 21.739 21.720 21.701 21.682 21.663 18.646 18.629 17.613 18.598 18.584 18.571 34.560 49.548 22.537 82.526 54.516
0.000 10.854 33.725 26.536 45.339 45.169 40.020 30.884 24.756 25.631 26.507 37.381 40.250 32.112 34.966 43.816 44.675 34.569 0.000 0.000 0.000 0.000 24.140 30.068 33.996 32.921 33.846 33.770 31.696 38.624 39.556 39.490 40.426 37.365 36.306 37.250 28.196 23.144 24.094 21.048 22.004 20.964 19.928 21.897 36.874 0.000 0.000 0.000 12.986 56.947 18.925 0.000 0.000 0.000 38.825 20.791 21.766 19.749 19.732 19.713 18.692 17.672 18.653 18.635 17.617 18.601 17.587 16.573 19.561 15.549 11.536 75.524 84.508
0.000 7.726 27.649 37.524 47.380 38.238 38.103 39.975 37.850 28.729 34.607 43.482 32.349 25.205 24.042 29.861 39.678 46.496 10.286 1.981 27.602 27.408 22.212 31.084 35.985 36.899 32.817 32.737 24.661 21.590 21.522 21.457 20.395 18.334 25.275 39.217 38.161 37.107 32.055 23.005 20.956 21.911 20.870 20.834 21.811 0.000 0.000 0.000 28.056 0.000 0.000 0.000 0.000 0.000 17.877 0.000 0.762 17.759 16.745 16.726 17.703 19.681 19.660 19.640 18.621 18.604 16.588 16.574 17.561 5.552 0.000 0.000 78.493
0.000 6.675 30.622 49.531 40.420 37.301 37.181 38.061 36.943 38.826 43.709 32.590 26.461 26.315 26.137 24.909 25.681 31.453 48.226 45.964 24.662 23.412 22.215 23.072 34.963 32.872 43.787 31.700 24.623 22.553 23.487 22.423 27.361 35.301 31.242 25.183 31.126 41.069 38.014 36.959 27.906 20.855 20.805 21.760 19.726 0.000 0.000 28.143 16.126 0.000 0.000 29.979 24.980 23.963 15.930 0.000 0.000 22.784 19.765 19.741 19.715 19.689 19.665 19.644 19.624 19.606 19.589 18.573 19.558 21.545 11.533 0.000 20.484
0.000 19.678 44.633 40.559 29.467 34.365 39.257 34.147 40.035 45.923 37.815 25.707 24.592 26.459 26.281 29.957 30.682 24.410 35.203 30.985 27.670 24.364 21.165 28.027 31.922 33.839 24.759 51.652 39.578 29.512 21.449 27.388 46.327 56.267 49.208 26.149 28.090 31.031 34.972 39.913 37.855 33.796 22.737 19.675 26.607 32.519 0.000 3.160 24.178 0.000 0.000 0.000 19.997 19.979 19.951 24.922 23.881 19.827 18.791 19.760 19.726 19.695 19.669 19.647 19.626 19.607 19.588 19.571 18.554 18.538 19.522 22.500 18.483
6.769 40.725 46.674 31.606 26.525 28.434 30.337 41.235 45.128 56.016 54.922 47.831 36.740 25.648 28.570 0.000 0.000 23.301 29.192 26.104 0.000 22.209 26.055 42.947 41.862 44.801 0.000 16.572 56.526 50.469 36.410 42.351 60.292 60.233 58.174 27.114 33.054 32.992 34.930 22.867 31.803 37.739 36.672 35.597 48.507 57.432 0.000 0.000 14.250 39.321 0.000 0.000 43.032 24.007 23.972 23.935 23.894 24.851 18.815 17.780 21.734 18.696 18.671 18.648 18.627 19.607 18.587 17.568 17.550 17.533 17.515 17.496 16.479
5.812 51.780 37.730 26.667 26.593 26.510 39.421 37.327 54.228 69.090 66.026 62.957 57.887 48.824 39.781 0.000 0.000 0.000 17.159 28.135 0.000 0.000 18.898 36.845 35.778 50.704 22.601 23.539 56.484 61.428 57.372 56.315 59.258 59.200 60.141 39.081 31.019 32.955 32.890 22.822 31.753 25.684 44.615 15.535 54.393 76.270 47.086 16.969 0.000 17.393 0.000 19.160 79.094 32.043 33.997 33.953 29.910 30.870 22.836 17.813 0.000 18.685 18.669 21.649 24.628 34.606 24.586 19.566 20.546 20.528 20.509 20.491 20.474
37.889 41.853 35.801 33.739 28.669 40.593 34.510 47.424 25.367 0.000 46.134 65.085 64.029 64.980 47.950 0.000 0.000 0.000 11.151 34.143 0.000 0.000 15.794 30.758 25.702 52.635 63.561 63.499 59.442 59.388 59.334 60.280 59.225 59.168 59.110 53.050 27.987 29.921 27.851 22.778 33.704 34.630 37.569 0.000 39.261 75.168 45.020 62.852 23.644 9.465 21.350 77.227 65.141 37.075 31.019 32.969 26.923 20.882 18.847 16.823 0.000 24.691 32.673 40.651 47.628 56.606 45.584 25.563 19.542 20.523 20.504 20.485 20.468
49.002 37.941 37.881 33.818 40.752 37.682 40.604 64.492 51.449 34.408 55.292 64.220 63.162 62.117 42.090 0.000 0.000 0.000 0.000 0.000 0.000 0.000 21.725 30.693 41.636 57.573 59.510 59.453 59.399 59.348 59.297 59.245 59.193 59.138 59.081 59.021 44.958 34.889 27.816 20.737 24.653 24.563 29.463 48.323 34.223 69.121 54.973 61.777 68.614 54.474 59.360 68.255 44.169 45.097 31.036 29.981 21.933 18.888 19.848 21.810 35.762 41.714 59.682 58.655 57.629 56.604 56.581 46.559 24.538 19.517 20.498 20.479 20.461
40.095 28.029 29.965 41.902 38.839 38.779 8.731 0.000 43.529 69.482 64.407 63.341 65.284 47.236 33.203 17.222 0.000 0.000 0.000 0.000 0.000 0.000 27.689 44.653 56.577 59.511 59.454 59.403 59.355 59.308 59.261 59.213 59.163 59.111 59.056 58.997 59.933 53.864 45.787 37.702 35.609 38.507 29.397 46.282 25.188 67.122 0.044 20.670 55.562 27.458 18.359 74.266 38.182 42.109 40.045 20.989 18.938 19.891 19.847 27.806 48.763 59.721 56.687 56.656 56.629 53.603 52.578 50.555 49.533 23.512 19.492 19.472 19.454
30.182 27.115 40.049 39.985 34.923 54.864 8.811 17.764 57.656 64.583 63.515 63.453 63.397 39.342 39.262 50.242 0.000 0.000 0.000 0.000 0.000 0.000 0.000 0.000 53.508 65.440 60.392 59.350 59.309 59.268 59.226 59.182 59.136 59.087 59.035 58.978 58.916 59.845 60.766 57.676 57.573 60.458 40.336 46.222 20.125 61.056 0.000 0.000 51.507 21.438 31.353 65.267 46.186 38.113 42.049 18.991 19.939 18.891 20.846 30.803 51.762 52.723 57.688 56.656 51.627 48.600 52.574 57.550 56.527 45.506 26.485 25.465 24.446
26.269 40.199 41.131 29.067 40.004 60.944 53.885 59.825 65.750 63.681 63.617 63.559 60.508 44.473 0.000 0.000 0.000 0.000 0.000 0.000 0.000 0.000 0.000 0.000 0.000 10.348 51.326 60.297 59.264 59.230 59.193 59.154 59.112 59.068 59.019 60.966 59.906 59.836 58.756 60.663 59.552 59.415 49.269 47.145 24.035 35.922 65.758 44.630 52.521 21.434 49.350 43.264 46.180 34.109 28.045 19.988 19.936 19.887 27.842 32.799 33.759 38.721 46.686 44.653 45.623 56.595 56.569 56.544 56.521 57.499 51.478 47.458 45.438
41.352 41.280 30.211 26.146 41.083 60.022 65.962 64.901 63.836 63.773 63.713 64.656 55.605 48.568 0.000 0.000 0.000 0.000 0.000 0.000 0.000 0.000 0.000 0.000 7.279 27.279 54.267 60.247 59.222 59.194 59.162 59.128 59.092 59.052 61.008 60.960 60.905 52.839 57.758 60.667 63.556 61.383 55.178 51.054 38.948 22.841 70.721 53.611 55.513 20.427 66.348 30.258 11.164 28.096 19.036 19.981 18.930 27.882 33.836 32.794 32.754 31.716 24.681 20.649 50.618 56.590 56.563 56.538 56.514 56.491 57.470 57.449 57.430
38.429 29.357 27.289 25.223 42.160 62.099 64.040 63.981 63.922 63.864 63.807 65.749 44.687 42.628 0.000 0.000 0.000 0.000 0.000 0.000 0.000 0.000 0.000 0.000 0.000 41.223 60.216 59.202 59.184 59.161 59.135 59.106 61.074 60.040 60.003 59.962 53.915 31.857 47.771 57.692 8.624 0.000 33.008 39.944 48.863 35.772 56.676 74.581 59.493 26.415 68.356 0.000 4.121 17.076 20.023 19.970 21.920 31.873 29.828 30.787 32.747 35.710 29.675 30.642 46.612 56.583 56.556 56.530 56.506 56.483 56.461 56.441 56.421
29.502 27.431 32.363 37.298 52.236 64.176 64.117 64.061 64.006 63.953 63.902 64.847 51.767 0.000 0.000 0.000 0.000 0.000 0.000 26.051 0.000 5.054 0.000 0.000 0.000 16.174 51.171 58.163 59.149 59.132 59.111 59.087 61.060 59.032 59.001 58.970 42.937 38.905 0.792 2.705 0.000 0.000 17.901 24.854 46.786 32.710 37.628 80.545 63.463 42.384 52.307 2.202 47.123 24.064 20.009 19.957 21.908 30.862 41.818 41.777 43.738 49.701 44.667 55.634 56.603 56.574 56.547 56.521 56.497 56.474 56.452 56.431 56.411
30.572 27.502 34.435 53.371 64.310 64.251 64.194 64.139 64.088 64.041 64.000 69.970 0.000 0.000 0.000 0.000 0.000 0.000 26.051 38.052 25.053 40.055 36.057 0.000 6.107 38.128 45.133 56.129 59.120 59.106 59.089 60.070 59.049 59.026 59.002 54.978 43.957 48.942 0.000 0.000 0.000 1.842 34.842 26.784 44.720 20.653 22.583 70.508 69.431 61.351 47.270 47.185 36.111 31.049 19.993 19.942 19.894 29.849 51.806 58.766 57.727 57.691 49.657 56.624 56.594 56.565 56.537 56.512 56.487 56.464 56.442 56.421 56.401
28.639 26.571 41.505 61.442 65.381 64.323 64.268 64.215 64.166 64.123 64.087 71.064 0.000 0.000 0.000 0.000 0.000 0.000 15.051 35.051 35.053 34.055 37.059 21.069 29.087 37.099 37.103 54.102 60.095 59.084 59.071 59.056 59.039 59.021 60.003 51.986 47.971 41.963 0.000 0.000 0.000 0.000 0.000 26.719 45.656 22.601 18.541 57.475 74.401 71.320 52.237 31.158 30.089 31.028 21.974 18.924 19.877 22.833 33.792 53.752 56.715 56.679 48.645 56.613 56.583 56.554 56.527 56.501 56.476 56.453 56.431 56.410 56.390
27.704 29.636 49.571 65.509 64.450 64.394 64.339 64.288 64.240 64.197 66.161 64.135 0.000 0.000 0.000 0.000 0.000 0.000 1.050 40.051 46.052 51.053 42.057 41.063 35.071 31.078 42.080 56.079 59.074 59.066 62.055 60.043 59.030 59.016 59.002 53.990 45.981 40.976 15.978 0.000 0.000 0.000 0.000 0.000 37.583 23.553 19.508 52.450 83.379 64.292 43.200 34.122 36.057 34.001 28.950 17.903 19.858 18.816 22.776 41.738 56.701 56.666 48.633 56.601 56.571 56.542 56.515 56.489 56.465 56.442 56.420 56.399 56.379
27.766 37.699 57.636 65.575 64.517 64.462 64.408 64.357 64.308 65.264 63.227 51.181 35.180 0.000 0.000 0.000 0.000 0.000 3.049 41.050 50.051 50.050 54.051 56.054 39.058 38.061 53.062 59.060 59.056 59.050 60.042 59.032 59.022 59.011 59.001 56.992 44.986 45.982 39.981 0.000 0.000 0.000 0.000 0.000 23.541 23.521 17.487 62.437 50.372 56.271 26.147 46.074 40.018 32.968 32.922 23.879 18.837 19.797 18.759 30.721 53.686 55.651 49.619 56.587 57.557 56.529 56.502 56.476 56.452 56.429 56.407 56.387 56.367
