results3/res_3e8f-0105.wd
ncols         241
nrows         181
xllcorner     12693529.787448
yllcorner     3542525.717860
cellsize      155.156523
NODATA_value  -9999.000000
[rows 66 to 98 of 181, columns 73 to 145 of 241]
68.868 32.857 0.000 58.046 75.025 73.995 73.968 0.000 45.391 45.374 58.383 54.391 53.371 53.327 52.261 128.167 116.004 0.000 0.000 0.000 48.813 43.756 48.671 51.614 51.568 53.525 54.485 59.442 60.402 61.357 52.297 0.000 0.000 49.596 99.596 81.506 85.359 85.437 83.483 91.410 83.878 84.351 85.083 83.849 83.621 84.411 54.251 0.000 0.000 0.000 0.000 0.000 0.000 0.000 31.820 29.802 29.766 29.715 29.651 29.584 33.512 46.436 43.358 28.279 39.199 48.120 27.043 29.967 35.892 40.818 36.745 30.673 28.602
53.869 59.846 0.000 46.252 70.218 69.191 63.193 16.273 0.000 0.000 51.457 64.531 53.531 52.500 53.458 34.419 0.000 0.000 0.000 0.000 0.000 0.000 59.612 57.588 55.559 38.522 41.482 48.438 49.406 54.374 45.335 0.000 0.000 0.000 59.837 77.742 84.673 84.759 91.849 91.637 83.957 84.640 84.345 84.128 83.911 78.718 36.581 0.000 0.774 33.774 0.000 0.000 0.000 37.858 32.858 29.837 29.800 29.750 29.691 29.626 29.556 29.482 36.406 50.328 51.251 34.173 28.097 29.022 29.948 33.874 32.801 28.730 28.660
55.877 54.813 59.683 57.492 71.404 64.356 65.340 62.352 0.000 0.000 0.000 66.746 61.720 56.686 58.653 5.631 0.000 0.000 0.000 0.000 0.000 0.000 58.577 54.568 45.557 0.000 0.000 46.424 58.409 57.396 0.000 0.000 5.547 62.427 54.172 57.992 65.065 80.120 92.047 83.712 85.259 84.817 84.622 84.398 82.178 64.968 43.774 49.774 47.774 28.774 0.000 0.000 0.000 0.000 46.917 28.889 29.847 33.796 41.737 31.672 29.603 28.530 32.455 47.379 54.302 46.226 32.151 27.076 29.002 28.929 28.857 28.786 27.716
55.916 53.844 57.745 68.631 62.548 55.492 74.458 63.445 15.460 0.000 9.128 58.988 74.916 69.870 69.838 72.821 0.000 0.000 0.000 0.000 4.538 4.542 56.552 47.550 50.545 0.000 0.000 0.000 94.413 121.404 36.404 0.000 61.667 56.565 56.402 56.307 52.388 92.410 92.234 84.764 88.364 85.104 84.889 84.668 76.435 29.201 0.000 51.774 29.774 0.000 0.000 0.000 35.112 34.077 33.004 28.954 32.904 44.850 49.789 47.723 40.654 30.581 39.506 47.430 26.354 32.278 45.203 42.129 38.056 45.984 26.912 28.841 26.771
53.971 59.902 69.822 61.738 53.665 53.605 66.556 74.509 70.474 73.402 75.268 70.161 65.088 67.040 56.009 54.993 0.000 0.000 0.000 5.532 61.534 60.536 48.538 50.535 51.527 55.511 54.500 0.000 5.424 0.000 0.000 8.053 67.890 60.762 55.601 56.690 54.733 92.571 54.395 61.978 76.568 84.383 85.163 82.950 41.692 0.000 0.000 0.000 0.000 0.000 0.000 36.171 30.148 30.116 30.068 31.019 40.967 49.909 48.847 48.779 44.708 40.634 50.558 33.481 28.405 29.329 29.255 39.182 52.110 39.039 26.967 27.894 33.825
60.035 70.972 60.903 53.833 54.768 54.709 56.650 40.562 66.526 64.466 56.380 53.299 52.236 68.192 70.164 57.150 0.000 0.000 0.000 61.530 57.530 54.530 47.529 51.525 51.517 51.505 51.490 10.465 13.436 14.408 16.355 84.215 81.083 69.953 68.908 57.905 92.855 92.720 56.454 63.098 57.868 64.666 83.431 58.276 0.000 0.000 0.000 0.000 0.000 0.000 0.000 36.195 30.191 30.170 30.134 31.087 40.034 49.975 48.909 47.839 44.765 49.688 43.611 27.533 29.456 29.380 29.306 39.234 47.164 26.094 29.022 31.944 50.877
71.105 61.047 53.986 54.924 54.865 55.813 36.775 0.000 23.603 51.554 54.486 54.419 54.366 52.329 76.304 60.293 0.000 0.000 0.000 38.529 55.527 49.526 50.523 51.519 51.512 51.502 51.489 62.470 2.446 6.432 23.442 76.369 86.266 8.154 90.076 80.267 92.974 55.037 68.676 65.316 55.182 51.980 48.620 33.448 0.000 0.000 31.774 0.000 0.000 0.000 0.000 32.224 30.252 30.241 30.209 30.163 31.108 37.046 44.977 44.903 44.825 48.745 26.664 29.584 29.505 28.428 34.355 51.285 34.218 28.153 31.083 11.982 12.919
61.181 54.126 55.069 55.011 54.955 57.904 13.861 11.826 4.729 49.661 54.593 56.524 54.481 53.452 71.432 67.424 0.000 0.000 0.000 0.000 46.523 49.522 51.519 51.516 51.510 51.503 53.493 39.482 0.000 0.000 73.614 76.551 87.461 93.332 87.434 85.469 93.075 76.091 78.791 63.630 56.532 49.456 0.000 0.000 0.000 0.000 29.774 0.000 0.000 0.000 0.000 0.000 33.352 30.333 30.298 30.249 30.191 30.124 30.050 36.970 44.887 32.802 29.717 29.633 29.552 32.474 45.401 45.333 27.270 29.215 32.176 0.000 0.000
54.261 55.208 55.153 55.096 55.041 54.988 58.938 59.889 59.826 55.767 55.702 35.603 52.583 53.564 69.551 68.546 0.000 0.000 0.000 0.000 45.520 51.519 51.517 51.514 51.510 51.505 39.499 0.000 0.000 2.032 78.850 84.762 87.663 87.609 86.686 93.210 85.582 88.297 82.983 67.922 57.860 56.856 56.995 0.000 0.000 0.000 26.774 33.775 26.775 0.000 0.000 0.000 48.472 29.442 30.399 30.345 30.281 31.209 30.128 30.042 29.952 29.860 29.769 29.681 28.596 34.516 49.442 26.375 29.314 29.264 31.229 6.222 0.000
55.344 55.292 55.238 55.181 55.124 55.067 55.015 54.966 54.920 54.878 58.846 0.000 45.684 54.671 70.660 65.663 1.711 0.000 0.000 0.000 50.518 53.518 53.516 53.514 51.511 54.509 0.000 0.000 0.000 71.178 77.077 87.984 87.862 87.969 86.014 93.421 86.721 91.363 87.252 88.184 76.133 64.113 53.134 48.134 50.134 0.000 0.000 32.776 27.775 33.770 34.755 32.716 38.621 48.565 30.512 31.451 40.381 47.302 29.213 30.117 30.018 29.918 29.819 28.724 33.635 52.553 46.477 35.409 28.349 29.298 31.254 46.215 64.156
55.431 55.379 55.324 55.267 55.206 55.144 55.087 58.039 56.008 54.980 58.958 0.000 45.797 54.776 71.756 63.747 3.756 0.000 0.000 0.000 23.518 33.517 32.515 32.513 53.511 38.510 0.000 0.000 0.000 73.375 83.298 88.203 88.158 87.260 94.070 93.764 87.791 88.633 87.489 87.431 88.375 79.330 44.293 0.000 0.000 0.000 0.000 30.778 30.780 27.780 29.780 30.772 29.732 36.686 50.631 33.567 31.491 41.404 29.305 30.197 30.085 29.973 29.865 29.763 37.668 50.582 37.505 49.437 27.376 28.323 33.275 54.228 66.175
55.521 55.468 55.414 55.356 55.290 58.214 60.152 32.095 53.095 56.075 58.049 18.025 48.933 53.879 65.839 63.814 4.801 0.000 0.000 0.000 0.000 0.000 0.000 0.000 34.511 0.000 0.000 0.000 21.818 71.648 88.537 88.414 88.528 86.611 94.347 86.386 92.090 87.783 87.735 87.667 87.606 77.539 38.416 0.000 0.000 0.000 0.000 0.000 33.786 34.792 21.811 29.861 30.850 30.814 34.761 50.695 33.614 30.517 30.405 30.281 30.152 30.026 27.906 33.794 52.693 33.603 32.524 46.456 30.396 28.343 35.295 61.248 66.200
55.612 55.560 55.508 55.452 57.385 33.270 35.211 0.000 15.203 51.174 55.137 59.093 55.029 57.969 62.909 67.868 6.835 0.000 0.000 0.000 0.000 0.000 0.000 0.000 0.000 0.000 0.000 5.108 80.988 82.866 88.757 88.710 87.828 94.846 94.606 87.452 88.165 88.035 87.964 87.899 86.843 66.803 0.000 0.000 0.000 0.000 0.000 0.000 0.000 25.792 0.000 37.011 33.994 29.958 29.905 31.837 48.752 37.647 29.518 30.368 30.217 29.073 33.939 35.816 34.705 31.612 29.534 29.467 29.410 30.359 43.313 65.270 66.228
55.703 55.652 55.604 55.561 60.527 0.000 0.000 21.428 13.339 47.282 56.233 54.182 56.123 68.057 39.960 33.914 0.000 0.000 0.000 0.000 0.000 0.000 0.000 0.000 0.000 0.000 0.000 68.229 73.159 87.070 88.951 89.080 87.174 95.067 86.959 88.633 88.324 88.263 88.187 88.121 80.065 57.027 0.000 0.000 0.000 0.000 0.000 0.000 0.000 0.000 0.000 41.179 36.158 30.119 28.065 30.997 30.910 46.800 39.653 30.458 31.275 29.110 35.961 35.825 32.701 26.606 29.532 29.470 31.417 45.371 64.329 66.291 69.257
56.791 54.742 54.697 54.660 57.636 27.643 24.603 56.516 61.443 55.384 53.330 60.278 70.225 73.177 0.000 0.000 0.000 0.000 0.000 0.000 0.000 0.000 0.000 0.000 0.000 0.000 0.000 70.419 78.354 88.264 89.255 88.293 95.475 95.277 87.994 88.697 88.557 88.477 88.403 88.334 70.270 52.212 0.000 0.000 0.000 0.000 0.000 0.000 0.000 0.000 0.000 39.367 37.340 37.296 34.240 27.174 29.093 29.990 45.836 45.536 42.314 39.132 31.971 30.821 27.668 28.581 29.517 33.464 53.418 65.377 65.341 66.309 65.282
70.875 69.826 68.782 66.745 63.715 64.690 64.650 61.592 62.533 64.478 64.427 70.375 72.320 30.248 0.000 0.000 0.000 0.000 0.000 0.000 0.000 0.000 0.000 0.000 0.000 8.935 16.856 71.674 88.565 89.473 89.422 88.650 95.660 87.477 89.149 88.835 88.769 88.686 88.612 86.543 68.467 39.339 0.000 0.000 0.000 0.000 0.000 0.000 0.000 0.000 0.000 29.582 33.539 36.485 37.427 36.365 33.299 29.230 23.167 0.000 0.000 0.000 0.000 0.000 31.569 29.532 32.491 53.451 66.414 65.380 66.350 69.323 65.301
66.953 68.904 67.861 69.822 71.787 70.754 69.714 67.668 65.619 65.571 66.523 62.476 62.433 0.000 0.000 0.000 0.000 0.000 0.000 0.000 0.000 0.000 0.000 0.000 0.000 58.015 80.958 79.856 88.762 89.650 89.777 87.879 95.831 89.574 89.177 89.052 88.966 88.887 88.817 84.758 64.716 0.000 0.000 0.000 0.000 0.000 0.000 0.000 0.000 0.000 36.998 31.841 28.749 30.678 35.616 37.560 37.508 38.464 29.435 0.000 0.000 0.000 0.000 0.000 32.507 30.489 46.464 67.435 65.406 65.379 65.355 66.333 65.315
55.026 54.978 55.935 62.895 71.859 77.824 65.786 59.746 54.704 52.662 51.619 57.572 36.503 0.000 0.000 0.000 0.000 0.000 0.000 0.000 0.000 0.000 0.000 0.000 0.000 64.151 80.107 88.032 89.946 89.914 89.044 96.135 95.990 91.596 89.400 89.237 89.159 89.080 89.011 83.957 58.924 0.000 0.000 0.000 0.000 0.000 0.000 0.000 0.000 37.288 32.156 32.033 31.939 30.864 27.802 32.750 36.709 37.683 34.674 0.000 0.000 0.000 0.000 35.448 29.462 33.455 61.440 65.419 65.398 65.376 65.357 65.339 65.325
54.093 54.047 58.004 62.966 64.930 67.895 57.861 53.826 54.790 54.754 56.720 34.692 0.000 0.000 0.000 0.000 0.000 0.000 0.000 0.000 0.000 0.000 0.000 0.000 0.000 50.332 79.285 89.218 90.117 90.248 88.357 96.270 89.151 90.822 89.501 89.433 89.343 89.263 89.191 80.134 53.099 0.000 0.000 0.000 0.000 0.000 0.000 0.000 36.544 32.421 32.304 32.198 32.109 32.036 31.976 28.930 27.897 30.884 37.904 37.996 0.000 0.000 0.000 29.435 30.437 48.431 65.420 64.405 64.389 65.372 65.356 65.343 65.331
54.156 54.111 56.070 57.033 54.999 53.967 54.936 53.906 53.876 53.845 58.813 3.783 0.000 0.000 0.000 0.000 0.000 0.000 0.000 0.000 0.000 0.000 0.000 0.000 1.755 58.560 87.485 90.407 90.378 89.510 96.513 96.396 92.153 89.852 89.704 89.613 89.523 89.437 90.358 70.287 58.238 0.000 0.000 36.225 0.000 35.959 37.910 37.815 32.668 32.548 32.441 32.346 32.264 32.195 32.138 32.095 31.066 28.054 37.062 38.088 31.088 0.000 0.000 37.420 29.419 37.413 43.405 46.393 50.380 56.367 62.354 64.343 64.335
55.214 55.171 55.133 55.098 55.066 54.037 54.011 53.986 53.963 52.938 60.905 11.845 0.000 0.000 0.000 0.000 0.000 0.000 0.000 0.000 0.000 0.000 0.000 0.000 42.903 78.784 89.691 90.580 90.721 88.813 96.619 89.613 91.284 89.966 89.888 89.790 89.697 89.606 90.515 62.420 40.329 0.000 0.000 32.225 0.000 31.009 32.955 32.869 32.763 32.662 32.567 32.482 32.406 32.341 32.288 32.246 30.218 32.203 38.201 35.207 0.000 0.000 0.000 36.407 35.405 34.399 33.392 32.382 31.372 35.361 46.351 42.343 44.335
53.267 53.228 53.192 53.160 53.131 53.106 53.084 54.065 56.051 58.039 33.023 0.144 0.000 0.000 0.000 0.000 0.000 0.000 0.000 1.073 10.063 0.000 0.000 13.238 54.101 84.985 90.876 90.864 89.891 96.803 96.716 92.607 90.310 90.159 90.063 89.966 89.870 89.774 85.676 32.548 0.000 0.000 0.000 32.225 38.203 33.114 33.031 32.944 32.855 32.768 32.685 32.607 32.537 32.476 32.425 32.385 29.357 38.340 38.333 34.333 0.000 0.000 0.000 35.397 34.394 35.388 35.381 35.373 35.364 35.356 34.347 34.340 33.334
54.317 54.280 57.247 61.218 64.192 68.170 70.153 73.141 72.136 64.145 2.183 13.259 37.305 5.329 0.000 0.000 0.000 0.000 0.000 41.083 68.058 8.022 0.000 47.375 80.278 90.168 91.066 90.995 90.219 96.879 89.051 90.735 90.416 90.338 90.238 90.140 90.042 90.945 77.868 0.000 0.000 0.000 0.000 12.248 32.271 33.213 35.111 35.019 32.945 32.871 32.797 32.726 32.660 32.601 32.552 29.513 34.484 37.466 38.458 29.459 0.000 0.000 0.000 19.391 40.384 40.379 37.372 34.364 34.357 35.349 36.343 36.337 35.332
56.362 55.329 62.299 71.272 72.249 71.231 70.217 69.209 66.209 60.221 35.249 52.290 70.326 39.353 23.378 0.000 0.000 0.000 12.146 51.112 65.065 3.987 22.835 64.610 89.467 92.353 91.194 91.407 89.382 96.942 91.040 90.753 90.603 90.508 90.412 90.315 90.213 92.097 35.982 0.000 0.000 0.000 0.000 0.000 28.419 34.355 15.181 15.078 32.034 32.975 32.907 32.839 32.775 32.718 31.669 29.630 38.600 38.582 35.575 29.587 35.637 0.000 0.000 0.000 51.375 66.371 59.364 55.356 51.349 47.343 50.337 50.332 33.328
56.404 56.374 59.347 62.323 61.303 59.286 57.275 55.269 53.270 53.280 62.300 64.328 61.355 58.380 62.402 10.422 0.000 0.000 52.181 82.154 33.103 29.025 62.907 86.762 91.636 91.496 91.617 89.572 97.025 89.452 91.164 90.849 90.775 90.679 90.588 90.496 93.397 50.247 0.000 0.000 0.000 0.000 0.000 0.000 30.633 35.608 0.000 0.000 29.140 33.088 33.018 32.948 32.883 32.826 29.777 37.737 38.707 37.685 28.675 32.676 32.688 0.000 0.000 0.000 19.370 49.366 67.356 66.348 66.341 66.336 66.331 60.327 50.324
56.443 56.416 56.392 55.370 55.352 56.337 56.327 56.322 54.323 55.330 60.345 63.365 59.387 54.410 57.429 12.443 0.000 0.000 44.243 54.218 32.171 65.101 80.008 88.898 91.789 91.726 90.828 97.409 97.169 90.446 91.174 91.030 90.940 90.849 90.762 90.685 93.632 0.000 0.000 9.012 18.012 0.000 0.000 31.980 34.871 33.835 40.879 0.000 29.297 33.218 33.130 33.051 32.984 30.926 32.877 38.836 38.803 30.779 31.762 32.753 32.751 0.000 0.000 0.000 0.000 0.000 49.347 65.339 65.333 65.328 65.324 66.321 66.318
56.480 56.456 56.434 56.415 56.398 56.384 56.374 55.369 54.368 58.373 62.384 62.400 57.420 53.442 58.462 11.476 0.000 0.000 40.330 9.304 56.261 80.200 86.123 92.040 91.899 92.116 90.110 97.624 89.874 91.583 91.269 91.197 91.104 91.015 90.929 97.848 81.814 0.000 5.011 55.012 41.012 0.000 0.000 27.088 35.037 33.983 33.923 39.786 37.533 36.358 33.231 33.144 33.075 30.018 37.968 38.927 34.892 29.865 32.843 32.825 34.811 38.823 0.000 0.000 0.000 0.000 0.000 62.327 65.324 65.320 65.317 66.314 64.311
56.517 56.495 56.474 56.456 56.440 56.427 55.417 54.411 56.409 60.411 63.418 59.431 54.451 53.475 56.502 38.524 25.544 26.521 22.444 23.407 63.368 84.316 90.254 92.156 92.306 90.305 97.999 97.820 90.884 91.595 91.447 91.356 91.265 91.178 96.089 38.966 53.962 24.000 55.011 63.013 0.000 0.000 0.000 26.249 35.205 34.138 34.045 43.902 54.693 28.449 38.295 34.217 31.156 33.102 39.053 38.010 28.974 31.945 32.920 32.894 19.846 20.834 0.000 0.000 0.000 0.000 0.000 43.318 64.315 65.312 65.309 69.306 65.304
56.553 56.532 56.513 56.495 56.479 56.466 54.456 54.449 58.445 65.443 66.445 62.456 57.477 55.507 55.545 57.573 57.588 66.575 7.516 41.514 79.487 86.444 92.390 92.370 91.513 98.319 98.164 91.248 92.026 91.686 91.610 91.513 91.423 91.343 99.281 0.000 37.067 39.029 29.018 31.015 0.000 0.000 0.000 29.453 35.397 34.318 40.217 56.084 32.888 0.000 19.284 32.273 30.231 38.180 39.131 35.087 32.050 33.021 32.998 34.983 0.000 0.000 0.000 0.000 0.000 0.000 35.312 16.312 55.307 65.304 65.302 70.299 65.296
56.589 56.568 56.549 56.532 56.517 55.503 54.492 56.484 63.478 40.473 16.463 15.471 12.493 42.533 59.598 54.635 57.661 38.675 0.676 46.647 84.621 90.590 92.495 92.752 90.787 98.461 91.589 92.363 91.929 91.868 91.761 91.665 91.573 92.487 90.413 12.356 12.212 0.000 0.000 0.000 0.000 0.000 28.867 36.714 34.613 33.520 53.423 57.327 0.000 0.000 0.000 28.361 34.314 39.257 39.203 29.157 33.119 33.089 33.069 36.058 0.000 0.000 0.000 0.000 0.000 0.000 14.311 0.000 43.297 65.296 65.294 71.292 65.290
56.623 56.603 56.584 56.567 55.551 54.538 56.526 59.517 67.511 26.507 0.000 0.000 0.000 0.000 41.677 56.709 57.747 43.788 45.836 71.798 88.772 92.714 92.903 90.939 98.712 98.592 92.573 92.266 92.116 92.010 91.910 91.812 91.716 94.621 79.529 8.442 0.000 0.000 0.000 0.000 0.000 0.000 29.021 35.921 34.821 32.726 60.626 21.477 0.000 0.000 34.619 39.496 39.406 39.332 37.269 32.219 33.179 33.150 33.131 35.123 0.000 39.207 0.000 0.000 0.000 0.000 0.000 0.000 36.289 65.288 65.288 65.286 65.284
56.656 56.636 56.618 56.600 55.585 54.570 58.558 62.548 66.541 24.537 0.000 0.000 0.000 0.000 21.726 64.775 59.829 65.896 78.941 87.940 91.920 92.945 92.111 98.925 98.822 91.916 92.689 92.345 92.260 92.154 92.055 91.958 95.859 58.750 30.640 0.000 0.000 0.000 0.000 0.000 0.000 31.481 36.274 35.131 37.023 33.938 57.878 0.000 0.000 29.893 36.743 52.599 41.484 38.394 34.324 32.270 32.229 33.199 33.182 33.179 38.200 34.207 25.207 0.000 0.000 0.000 32.276 34.277 33.281 65.282 65.282 65.281 65.280
56.687 56.668 56.650 56.633 54.616 56.601 62.587 63.575 61.567 48.565 9.574 0.000 0.000 0.000 0.000 17.836 13.898 54.028 85.090 89.102 93.065 93.252 91.391 99.017 91.234 93.011 92.575 92.508 94.395 93.294 92.198 92.107 98.012 20.881 0.000 0.000 0.000 0.000 0.000 13.035 51.926 51.688 39.464 36.304 47.204 42.126 43.070 4.074 0.000 28.044 32.859 43.673 39.536 43.437 37.363 40.308 39.267 36.238 33.220 32.212 32.214 38.214 0.000 0.000 0.000 0.000 29.275 29.275 39.276 65.277 65.276 65.276 65.275
