results3/res_3e8f-0177.wd
ncols         241
nrows         181
xllcorner     12693529.787448
yllcorner     3542525.717860
cellsize      155.156523
NODATA_value  -9999.000000
[rows 66 to 98 of 181, columns 146 to 218 of 241]
37.461 52.399 74.341 75.286 75.236 75.189 75.145 75.103 75.064 78.032 14.012 0.000 1.885 0.000 0.000 0.000 0.000 0.322 47.322 22.323 0.000 29.321 59.319 59.319 59.319 66.319 72.318 72.316 72.313 72.309 72.305 72.300 72.295 72.290 72.285 74.280 59.276 60.274 52.273 0.000 0.000 0.000 0.000 0.000 28.621 35.612 44.594 38.558 16.511 14.474 29.448 50.423 58.400 52.377 47.354 47.330 37.307 34.284 34.261 37.238 58.216 70.195 65.174 54.153 61.134 68.115 72.097 72.080 71.063 71.047 71.032 71.017 71.003
40.521 59.459 77.400 75.346 75.297 75.253 75.210 75.167 80.122 69.088 39.072 36.086 0.000 0.000 0.000 0.000 0.000 18.322 20.322 0.000 0.000 0.000 29.316 60.316 69.316 72.315 72.314 72.312 72.310 76.307 74.303 72.299 72.295 72.291 71.286 63.282 57.279 63.277 53.275 0.000 0.000 0.000 0.000 20.613 34.614 39.610 35.603 0.000 1.451 11.439 31.422 34.403 48.382 57.361 46.339 45.317 43.294 34.271 34.248 33.225 39.203 63.181 70.160 55.139 57.119 59.100 61.082 65.065 69.048 71.032 72.017 71.002 70.988
45.579 66.515 76.454 75.400 75.355 75.314 73.275 72.232 27.171 12.125 43.103 49.099 14.101 0.000 0.000 0.000 0.000 0.000 0.000 0.000 0.000 13.312 42.313 62.313 72.313 72.312 72.311 72.309 72.307 74.305 73.302 72.298 72.295 73.292 63.288 61.284 64.281 59.278 51.277 0.000 0.000 0.000 0.000 38.612 41.612 3.609 2.606 0.000 6.415 39.411 41.399 51.384 54.366 65.346 63.325 51.304 40.281 32.258 34.235 34.212 29.189 43.167 60.145 64.124 69.104 66.085 59.066 64.049 67.032 67.016 65.001 66.986 69.972
50.636 73.568 77.501 78.447 75.408 76.374 71.344 17.317 1.268 42.139 43.116 48.106 56.104 0.000 0.000 0.000 0.000 0.000 0.000 0.000 0.000 25.311 48.311 61.310 73.310 72.309 72.308 72.307 72.305 73.303 72.300 72.298 72.295 69.293 63.290 28.286 1.284 0.000 0.000 0.000 0.000 0.000 0.000 34.612 41.612 0.000 0.000 0.000 56.395 42.390 37.380 65.367 70.351 71.333 75.313 69.291 57.268 37.245 34.221 34.198 32.174 33.152 39.130 40.108 47.088 55.069 62.050 66.032 67.015 67.999 63.984 66.970 67.956
32.695 37.622 47.534 23.479 80.455 77.430 62.410 39.398 9.404 0.000 0.000 0.000 0.000 0.000 0.000 0.000 0.000 0.000 0.000 0.000 0.000 26.309 51.308 54.308 70.307 72.307 72.306 72.305 76.303 75.301 72.300 72.298 73.296 64.294 67.292 0.000 0.000 0.000 0.000 0.000 0.000 0.000 0.000 0.000 28.612 37.612 0.000 0.000 87.380 50.374 32.364 63.352 71.338 71.321 71.301 74.280 73.257 53.232 36.208 34.183 32.160 35.136 36.114 44.092 49.071 38.051 38.033 43.015 47.998 53.982 58.967 62.953 66.939
78.761 57.691 0.000 0.000 84.503 76.483 63.469 45.459 12.455 0.000 0.000 0.000 0.000 0.000 0.000 0.000 0.000 0.000 0.000 0.000 0.000 0.000 12.306 56.306 72.305 72.305 72.304 72.303 74.302 73.300 72.299 72.297 73.296 61.295 71.294 0.000 0.000 0.000 0.000 0.000 0.000 0.000 0.000 0.000 0.000 4.612 12.612 0.000 24.371 40.362 33.352 63.340 71.327 71.311 72.293 72.271 72.246 65.220 41.194 37.169 35.144 32.120 53.097 65.074 71.053 55.033 48.014 43.997 41.980 38.964 38.949 38.935 66.921
54.838 0.000 0.000 81.685 81.572 79.528 70.524 55.515 11.503 0.000 0.000 0.000 0.000 0.000 0.000 0.000 0.000 0.000 0.000 0.000 0.000 0.000 38.304 61.304 73.303 72.303 72.302 73.301 72.300 72.299 72.298 72.297 73.296 66.295 31.294 0.000 0.000 0.000 0.000 0.000 0.000 0.000 0.000 0.000 0.000 0.000 0.000 0.000 0.000 37.351 36.340 54.330 69.319 72.305 66.287 62.264 68.237 59.207 42.180 41.154 50.128 45.103 68.079 72.056 71.034 69.014 68.995 65.977 63.961 60.945 56.930 48.916 68.903
81.885 71.885 77.856 33.798 0.000 0.558 76.585 50.574 11.538 0.000 13.772 0.000 0.000 0.000 0.000 0.000 0.000 0.000 0.000 0.000 0.000 1.302 54.302 66.302 73.302 72.301 72.301 74.300 74.299 72.298 72.297 72.296 71.295 67.295 16.294 0.000 0.000 0.000 0.000 0.000 0.000 0.000 0.000 0.000 0.000 0.000 0.000 0.000 0.000 0.000 25.327 51.322 69.314 70.303 51.287 54.260 56.230 53.193 38.164 35.138 58.112 67.085 71.059 73.036 73.014 73.994 71.975 71.957 72.941 71.925 72.911 72.897 71.884
83.931 75.913 80.884 31.854 0.000 0.000 67.663 15.656 0.000 0.000 45.772 8.772 0.000 0.000 0.000 0.000 0.000 0.000 0.000 0.000 0.000 0.300 57.300 69.300 73.300 72.300 72.299 73.299 73.298 72.297 72.297 73.296 69.295 64.295 14.294 0.000 0.000 0.000 0.000 0.000 0.000 0.000 0.000 0.000 0.000 0.000 0.000 0.000 17.317 19.317 30.319 46.317 68.312 70.305 16.299 0.000 0.000 43.170 37.147 32.123 46.096 65.065 71.038 73.014 72.992 72.972 70.953 70.936 71.920 70.905 70.891 71.877 71.864
75.996 75.953 75.915 73.879 60.848 46.805 39.746 38.732 34.757 37.767 40.772 40.773 12.773 0.000 0.000 0.000 0.000 0.000 18.296 20.296 0.000 10.298 56.299 70.299 72.299 72.298 72.298 72.298 72.297 72.297 72.296 72.295 54.295 49.294 47.294 42.293 6.293 0.000 0.000 0.000 0.000 0.000 0.000 0.000 0.000 0.000 0.000 0.000 21.316 47.316 38.316 42.314 62.311 63.307 36.304 0.000 0.000 0.000 34.129 39.112 38.084 57.043 70.014 70.990 70.968 70.948 70.930 70.914 70.898 70.883 70.870 70.857 70.844
76.036 75.988 75.942 74.899 71.860 73.821 47.785 26.769 64.771 37.774 41.775 17.774 0.000 0.000 0.000 0.000 0.000 0.000 18.296 64.296 13.296 1.297 55.297 69.298 73.298 72.297 74.297 75.297 73.296 72.296 72.295 70.295 63.294 54.294 55.293 54.293 7.293 0.000 0.000 0.000 0.000 0.000 0.000 0.000 0.000 0.000 0.000 0.000 15.315 50.315 42.314 49.313 64.311 59.308 65.307 0.000 0.000 0.000 0.000 0.000 0.000 47.008 69.985 70.963 70.942 70.923 70.906 70.890 70.875 70.861 70.848 70.835 70.823
76.071 76.022 76.966 78.916 75.872 75.833 74.805 75.789 66.783 44.782 16.781 0.000 0.000 0.000 0.000 0.000 0.000 0.000 5.296 57.296 44.296 34.296 50.296 72.297 72.297 72.296 72.296 72.296 72.296 72.295 72.295 72.294 70.294 49.293 53.293 60.293 3.292 0.000 0.000 0.000 0.000 0.000 0.000 0.000 0.000 0.000 0.000 0.000 11.315 62.315 6.314 29.312 52.311 59.309 20.308 0.000 0.000 0.000 0.000 0.000 0.000 0.982 58.954 71.935 70.915 70.897 70.880 70.865 70.852 70.838 70.826 70.814 70.802
79.110 75.062 71.985 73.926 76.878 76.836 78.812 75.799 73.792 60.788 9.787 0.000 0.000 0.000 0.000 0.000 0.000 0.000 0.000 13.295 48.295 40.295 56.296 74.296 72.296 72.296 72.295 72.295 72.295 72.295 72.294 72.294 73.293 62.293 49.292 53.292 59.292 1.291 0.000 0.000 0.000 0.000 0.000 0.000 0.000 0.000 0.000 0.000 0.000 7.315 0.000 0.000 37.310 56.309 0.000 0.000 0.000 0.000 0.000 0.000 0.000 0.000 46.931 67.908 70.887 70.869 70.853 70.840 70.827 70.815 70.803 70.792 70.780
72.155 33.132 0.000 0.000 0.000 68.819 73.810 79.802 75.796 64.793 14.792 0.000 48.796 18.796 0.000 0.000 0.000 0.000 0.000 0.000 40.295 44.295 65.295 73.295 74.295 75.295 72.295 72.295 72.294 72.294 72.294 72.293 72.293 73.292 52.292 34.292 43.291 4.291 0.000 0.000 0.000 0.000 0.000 0.000 0.000 0.000 0.000 0.000 0.000 0.000 0.000 0.000 26.310 59.309 0.000 0.000 0.000 0.000 0.000 0.000 0.000 0.000 0.000 47.881 67.854 70.838 70.825 70.813 70.802 70.791 70.780 70.769 70.758
67.193 24.180 0.000 0.000 43.811 41.811 58.807 77.802 74.798 59.796 40.795 44.796 48.796 14.796 0.000 0.000 0.000 0.000 11.293 0.000 41.294 52.294 72.294 72.295 75.295 75.294 72.294 72.294 72.294 72.294 72.293 72.293 72.292 73.292 69.292 64.291 53.291 33.290 27.290 0.000 0.000 0.000 0.000 0.000 0.000 0.000 0.000 0.000 0.000 0.000 0.000 0.000 28.309 20.309 0.000 0.000 0.000 0.000 0.000 0.000 0.000 0.000 0.000 0.000 52.810 68.803 70.795 70.786 70.777 70.768 70.758 70.747 70.736
73.223 54.216 26.223 0.000 0.000 43.808 43.805 65.802 77.799 55.797 42.796 47.796 25.796 0.000 0.000 0.000 0.000 0.000 40.293 33.293 38.294 55.294 74.294 74.294 75.294 72.294 72.294 72.294 72.293 72.293 72.293 72.292 72.292 72.292 72.291 74.291 63.290 51.290 40.289 41.289 34.288 25.288 30.288 0.000 0.000 0.000 0.000 0.000 0.000 0.000 0.000 0.000 31.309 6.309 0.000 0.000 0.000 0.000 0.000 0.000 0.000 0.000 0.000 0.000 37.773 65.770 69.765 70.760 70.753 70.745 70.736 70.725 70.714
76.245 67.237 20.230 0.000 0.000 0.000 42.803 47.801 74.799 62.798 43.797 46.797 21.797 0.000 0.000 0.000 0.000 0.000 43.293 36.293 39.293 57.293 76.294 75.294 73.294 73.294 72.294 72.293 72.293 72.293 72.293 73.292 73.292 73.291 67.291 58.290 62.290 69.289 62.289 60.289 48.288 35.288 42.288 0.287 0.000 0.000 0.000 0.000 0.000 0.000 0.000 0.000 0.000 0.000 0.000 0.000 0.000 0.000 0.000 0.000 0.000 0.000 0.000 0.000 29.740 60.739 70.737 72.734 72.729 72.723 71.714 70.705 70.693
76.263 51.258 0.000 0.000 0.000 0.000 0.000 49.800 62.799 56.798 55.797 52.797 42.797 20.797 0.000 0.000 0.000 0.000 42.293 35.293 40.293 55.293 67.293 64.293 59.294 61.294 66.293 71.293 73.293 73.293 71.292 61.292 59.292 64.291 53.290 50.290 50.289 61.289 65.289 60.288 46.288 35.288 7.288 0.000 0.000 0.000 0.000 0.000 0.000 0.000 0.000 0.000 0.000 0.000 0.000 0.000 0.000 0.000 0.000 0.000 0.616 0.000 0.000 0.000 17.706 42.709 48.711 50.710 50.707 51.702 60.695 69.685 70.672
75.277 41.273 0.000 0.000 0.000 0.000 0.000 44.799 38.799 37.798 45.798 45.797 45.797 41.797 14.797 0.000 0.000 0.000 47.293 42.293 47.293 57.293 60.293 63.293 21.293 0.000 0.000 12.293 73.293 70.292 59.292 14.292 0.000 0.000 52.290 84.289 77.289 56.289 62.288 56.288 45.288 30.288 33.288 0.000 0.000 0.000 0.000 0.000 0.000 0.000 0.000 0.000 0.000 0.000 0.000 0.000 0.000 0.000 13.616 3.616 21.616 42.621 53.630 52.645 70.670 78.681 79.686 77.688 79.687 66.685 49.679 67.669 70.654
73.287 38.284 0.000 0.000 0.000 0.000 0.000 44.799 40.798 19.798 0.000 0.000 0.000 0.000 0.000 0.000 0.000 0.000 53.292 47.292 42.293 38.293 24.293 0.000 0.000 0.000 0.000 0.000 0.000 0.000 46.292 8.292 0.000 0.000 0.000 47.289 80.289 40.288 41.288 40.288 36.288 39.288 86.287 45.287 0.000 0.000 0.000 0.000 0.000 0.000 0.000 0.000 0.000 0.000 0.000 0.000 12.590 3.590 0.000 0.000 7.612 89.616 85.624 67.635 68.649 65.659 66.664 88.668 81.670 67.670 47.667 56.659 55.639
59.295 40.293 34.296 0.000 0.000 0.000 0.000 0.000 42.798 26.798 0.000 0.000 0.000 0.000 0.000 0.000 0.000 0.000 53.292 53.292 54.292 37.292 12.292 0.000 0.000 0.000 0.000 0.000 0.000 0.000 42.291 19.291 0.000 0.000 0.000 46.288 95.288 59.288 62.288 57.288 42.287 60.287 114.287 111.287 42.287 0.000 0.000 0.000 0.000 0.000 0.000 0.000 0.000 0.000 0.000 0.000 2.590 20.590 10.592 8.596 17.603 92.608 59.615 67.623 58.632 39.640 50.646 93.650 59.654 46.657 53.661 7.660 0.000
43.300 43.298 29.298 0.000 0.000 0.000 0.000 0.000 0.000 0.000 0.000 0.000 0.000 0.000 0.000 0.000 0.000 0.000 56.292 47.292 41.292 39.292 13.292 0.000 0.000 0.000 0.000 0.000 0.000 39.291 32.291 57.291 53.291 0.000 5.288 52.288 58.288 50.288 93.288 82.287 53.287 6.287 70.287 125.287 9.287 0.000 0.000 0.000 0.000 0.000 0.000 0.000 21.589 18.589 13.589 2.589 71.589 109.590 100.590 96.592 43.596 87.599 55.604 44.610 91.616 72.622 92.628 73.633 43.638 51.643 0.000 0.000 0.000
46.303 47.301 39.301 0.000 0.000 0.000 0.000 0.000 0.000 0.000 0.000 0.000 0.000 0.000 0.000 0.000 0.000 0.000 10.292 51.292 41.292 19.292 0.000 0.000 0.000 0.000 0.000 0.000 0.000 41.291 38.291 14.291 0.000 0.000 0.000 26.288 5.288 0.000 6.287 48.287 4.287 0.000 26.287 92.287 47.287 0.000 0.000 0.000 0.000 0.000 0.000 0.000 0.000 3.588 0.000 0.000 27.589 7.588 71.587 75.587 26.588 87.590 64.592 37.596 55.601 105.606 119.611 53.617 41.623 8.633 0.000 0.000 17.465
45.305 46.303 46.302 50.303 42.302 0.000 0.000 0.000 0.000 0.000 0.000 0.000 0.000 0.000 0.000 0.000 0.000 0.000 0.000 41.292 37.292 21.292 0.000 0.000 0.000 0.000 0.000 0.000 42.291 39.291 16.291 0.000 0.000 0.000 0.000 0.287 0.000 0.000 0.000 52.286 1.286 0.000 26.287 0.000 0.000 0.000 0.000 0.000 0.000 0.000 0.000 0.000 0.000 12.588 6.588 8.588 1.589 0.000 47.582 66.581 25.580 89.579 69.580 39.581 88.584 91.589 86.594 94.599 58.605 0.000 0.000 0.432 31.448
47.307 25.304 36.303 45.303 45.302 45.302 44.302 0.000 0.000 0.000 0.000 0.000 0.000 0.000 0.000 0.000 0.000 0.000 0.000 43.292 39.292 23.292 0.000 0.000 0.000 0.000 0.000 0.000 0.000 45.291 17.291 0.000 0.000 0.000 0.000 0.000 0.000 4.285 16.286 39.286 43.286 20.286 0.000 0.000 0.000 0.000 0.000 0.000 0.000 0.000 0.000 0.000 0.000 1.588 0.000 5.588 0.000 0.000 50.577 70.576 30.572 90.567 75.565 89.565 89.567 48.571 41.575 86.582 35.594 0.000 0.000 32.416 40.426
52.309 0.000 0.000 42.303 31.302 0.000 44.302 34.302 0.000 0.000 0.000 0.000 0.000 0.000 0.000 0.000 0.000 0.000 0.000 42.291 39.291 27.291 0.000 0.000 0.000 0.000 0.000 0.000 0.000 0.000 0.000 0.000 0.000 0.000 0.000 0.000 0.000 0.000 55.285 72.285 33.285 0.000 0.000 0.000 0.000 0.000 0.000 0.000 0.000 0.000 0.000 0.000 0.000 0.000 0.000 10.588 0.000 0.000 85.575 71.572 32.566 90.553 87.549 79.548 71.549 57.552 58.555 27.559 0.000 0.000 16.397 35.404 42.409
49.309 0.000 0.000 29.302 21.302 0.000 0.000 0.000 0.000 53.301 49.301 40.301 0.000 0.000 0.000 0.000 0.000 0.000 0.000 46.291 42.291 24.291 0.000 0.000 0.000 0.000 0.000 0.000 0.000 0.000 0.000 0.000 0.000 0.000 0.000 0.000 0.000 0.000 18.285 102.285 68.285 0.000 0.000 0.000 0.000 0.000 0.000 0.000 0.000 0.000 0.000 0.000 0.000 0.000 0.000 0.000 0.000 0.000 17.575 0.000 0.000 64.530 105.529 84.528 83.529 81.531 84.535 32.540 0.000 0.000 20.391 34.393 35.395
65.309 0.000 0.000 0.000 0.000 51.304 38.304 0.000 49.302 43.302 43.301 35.301 0.000 0.000 0.000 0.000 0.000 0.000 0.000 46.291 41.291 29.291 0.000 0.000 0.000 0.000 0.000 0.000 0.000 0.000 0.000 0.000 0.000 0.000 0.000 0.000 0.000 0.000 0.000 46.285 38.285 9.285 0.000 0.000 0.000 0.000 0.000 0.000 0.000 0.000 0.000 0.000 0.000 0.000 0.000 0.000 0.000 0.000 0.000 0.000 0.000 11.508 47.508 48.508 46.508 46.509 43.513 39.527 0.000 0.000 13.382 34.382 32.381
76.308 65.307 47.307 48.306 47.305 41.304 42.304 43.303 41.302 46.302 45.301 36.301 33.301 0.000 0.000 0.000 0.000 0.000 0.000 33.291 0.000 0.000 0.000 0.000 0.000 0.000 0.000 0.000 0.000 0.000 0.000 0.000 0.000 0.000 0.000 0.000 0.000 0.000 0.000 0.000 45.285 8.285 0.000 0.000 0.000 0.000 0.000 0.000 0.000 0.000 0.000 0.000 0.000 0.000 0.000 0.000 0.000 0.000 0.000 0.000 0.000 2.487 35.487 34.487 34.486 50.484 45.483 0.000 0.000 0.000 6.374 47.372 59.370
76.308 70.307 40.306 40.306 40.305 23.304 24.304 28.303 38.302 47.302 44.301 36.301 39.301 28.301 0.000 0.000 0.000 0.000 0.000 0.000 0.000 0.000 0.000 0.000 0.000 0.000 0.000 0.000 0.000 0.000 0.000 0.000 0.000 0.000 0.000 0.000 0.000 0.000 0.000 0.000 2.284 48.284 7.284 0.000 0.000 0.000 0.000 0.000 0.000 0.000 0.000 0.000 0.000 0.000 0.000 0.000 0.000 0.000 0.000 0.000 27.456 30.465 34.467 34.467 36.464 55.459 45.450 28.431 0.000 0.000 42.368 63.364 70.359
76.307 74.307 44.306 41.306 21.306 0.000 0.000 0.000 0.000 38.301 41.301 39.301 32.301 0.000 0.000 0.000 0.000 0.000 0.000 0.000 0.000 0.000 0.000 0.000 0.000 0.000 0.000 0.000 0.000 0.000 0.000 0.000 0.000 0.000 0.000 0.000 0.000 0.000 0.000 0.000 0.284 51.284 13.284 0.000 0.000 0.000 0.000 0.000 0.000 0.000 0.000 0.000 0.000 0.000 0.000 0.000 0.000 0.000 0.000 0.000 38.446 35.450 34.450 30.449 43.445 60.439 44.428 33.412 28.390 28.375 52.365 69.357 70.349
76.307 74.307 27.306 31.306 0.000 0.000 0.000 0.000 0.000 0.000 29.301 42.301 34.301 0.000 0.000 0.000 0.000 0.000 0.000 0.000 0.000 0.000 0.000 0.000 0.000 0.000 0.000 0.000 0.000 0.000 0.000 0.000 0.000 0.000 0.000 0.000 0.000 0.000 0.000 0.000 0.000 0.284 19.284 0.000 0.000 0.000 0.000 0.000 0.000 0.000 0.000 0.000 7.417 15.417 0.000 0.000 0.000 0.000 0.000 32.429 30.434 29.436 34.436 48.433 61.429 51.422 35.412 33.399 35.384 32.370 53.359 71.350 70.340
76.306 50.307 0.000 0.000 0.000 0.000 0.000 0.000 0.000 0.000 0.000 32.300 39.300 37.300 0.000 0.000 0.000 0.000 0.000 0.000 0.000 0.000 0.000 0.000 0.000 0.000 0.000 0.000 0.000 0.000 0.000 0.000 0.000 0.000 0.000 0.000 0.000 0.000 0.000 0.000 0.000 0.000 0.000 0.000 0.000 0.000 0.000 0.000 0.000 0.000 0.000 0.000 0.000 8.417 10.417 0.000 37.419 29.419 27.420 39.424 53.426 58.426 60.424 60.420 46.415 34.407 33.398 33.387 32.375 34.363 57.352 72.342 70.332
