results3/res_3e8f-0115.wd
ncols         241
nrows         181
xllcorner     12693529.787448
yllcorner     3542525.717860
cellsize      155.156523
NODATA_value  -9999.000000
[rows 33 to 65 of 181, columns 73 to 145 of 241]
0.000 0.000 0.000 0.000 0.000 0.000 0.000 0.000 0.000 0.000 0.000 0.000 0.000 0.000 0.000 0.000 0.000 0.000 0.000 0.000 0.000 0.000 0.000 0.000 0.000 0.000 0.000 0.000 0.000 0.000 0.000 0.000 0.000 0.000 0.000 0.000 0.000 0.000 0.000 37.290 60.292 65.293 21.295 0.000 0.000 30.371 44.398 11.379 2.381 34.402 37.418 31.417 32.400 33.368 33.319 33.253 33.169 32.063 37.925 57.713 4.282 12.264 9.603 44.817 61.297 65.828 64.391 64.999 63.544 65.641 60.706 60.294 60.284
0.000 0.000 0.000 0.000 0.000 0.000 0.000 0.000 0.000 0.000 0.000 0.000 0.000 0.000 0.000 0.000 0.000 0.000 0.000 0.000 0.000 0.000 0.000 0.000 0.000 0.000 0.000 0.000 0.000 0.000 0.000 0.000 0.000 0.000 0.000 0.000 0.000 0.000 0.000 0.000 12.292 7.293 0.000 0.000 0.000 0.000 26.485 0.000 0.000 24.442 48.481 47.486 37.471 33.438 33.385 33.313 33.222 32.113 53.991 51.852 0.000 35.139 47.729 61.184 65.682 65.212 64.789 64.303 65.372 61.397 60.668 60.918 63.227
0.000 0.000 0.000 0.000 0.000 0.000 0.000 0.000 0.000 0.000 0.000 0.000 0.000 0.000 0.000 0.000 0.000 0.000 32.949 64.949 17.949 0.000 0.000 0.000 0.000 0.000 0.000 0.000 0.000 0.000 0.000 0.000 0.000 0.000 0.000 0.000 0.000 0.000 0.000 0.000 0.000 0.000 0.000 0.000 0.000 0.000 18.572 0.000 0.000 0.000 26.580 44.575 44.560 35.527 33.472 33.392 31.291 47.177 56.075 0.000 20.813 45.423 59.990 66.509 66.028 65.582 65.068 67.107 63.099 61.170 61.562 63.892 63.142
0.000 0.000 0.000 0.000 0.000 0.000 0.000 0.000 0.000 0.000 0.000 19.950 57.950 0.000 0.000 0.000 0.000 0.000 39.949 90.949 46.949 0.000 0.000 0.000 0.000 0.000 0.000 0.000 0.000 0.000 0.000 0.000 0.000 0.000 0.000 0.000 0.000 0.000 0.000 0.000 0.000 0.000 0.000 0.000 0.000 0.000 21.659 22.699 29.717 15.716 25.683 33.676 46.666 37.639 33.583 30.494 41.375 51.228 40.056 15.727 45.203 62.751 67.299 66.828 66.372 65.838 65.849 64.813 61.787 62.222 64.562 63.816 63.588
0.000 0.000 0.000 0.000 0.000 0.000 0.000 0.000 0.000 0.000 0.000 40.950 75.950 64.950 51.950 6.950 0.950 24.950 78.949 86.949 51.949 0.000 0.000 0.000 0.000 20.729 0.000 0.000 0.000 0.000 0.000 0.000 0.000 0.000 0.000 0.000 0.000 4.736 0.000 0.000 0.000 8.737 26.737 0.000 0.000 37.718 52.707 55.720 53.736 39.749 33.759 32.778 46.791 37.779 29.726 43.625 57.486 45.303 33.196 47.922 52.519 65.082 67.622 67.164 66.615 66.599 64.543 62.516 62.905 65.247 64.504 64.276 63.950
0.000 0.000 0.000 0.000 0.000 0.000 0.000 0.000 0.000 0.000 0.000 11.950 73.950 56.950 37.950 0.000 20.950 70.950 81.949 88.949 47.949 0.000 0.000 0.000 0.000 58.729 42.729 0.000 0.000 0.000 0.000 0.000 0.000 0.000 0.000 0.000 21.736 33.736 35.736 0.000 0.000 17.737 42.737 21.736 35.734 58.730 61.729 62.739 59.757 46.785 33.827 30.887 47.941 38.959 42.919 60.795 54.640 0.000 31.502 50.247 62.869 68.430 67.973 67.413 67.368 65.297 63.374 63.615 65.953 65.213 64.984 64.654 64.330
0.000 0.000 0.000 0.000 0.000 0.000 0.000 0.000 0.000 0.000 0.000 0.000 0.000 24.951 62.951 58.951 46.951 59.950 79.950 90.949 43.948 0.000 0.000 0.000 0.000 20.729 44.729 46.729 0.000 0.000 0.000 0.000 0.000 0.000 0.000 0.000 37.736 38.736 50.736 33.737 22.737 36.737 37.737 33.737 40.737 47.737 45.741 38.751 57.770 23.805 39.878 43.003 33.127 45.197 58.195 54.995 0.000 6.494 43.064 59.694 68.282 68.814 68.256 68.176 65.096 64.405 64.364 66.686 65.948 65.719 65.386 65.055 64.710
0.000 0.000 0.000 0.000 0.000 0.000 0.000 0.000 0.000 0.000 0.000 0.000 0.000 14.951 81.951 76.951 66.951 56.951 80.950 88.949 83.947 68.944 23.942 0.000 0.000 0.000 0.729 54.729 38.730 36.730 47.730 42.730 5.730 0.000 0.000 1.736 37.736 36.736 57.736 63.737 52.737 44.738 36.738 33.739 34.740 35.742 34.746 32.754 40.767 1.786 0.000 2.206 38.367 61.508 59.669 0.000 5.259 42.924 56.565 66.192 69.720 69.270 70.036 65.975 65.687 65.172 67.458 66.717 66.484 66.149 65.817 65.465 65.092
0.000 0.000 0.000 0.000 0.000 0.000 0.000 0.000 0.000 0.000 0.000 0.000 0.000 0.000 14.951 53.952 28.953 64.952 83.952 88.950 86.947 84.943 73.940 32.937 0.000 0.000 0.000 10.730 49.730 49.730 62.730 60.730 53.731 48.731 0.000 0.000 4.736 41.736 60.736 67.737 59.737 43.738 32.739 33.740 33.741 33.744 33.747 33.752 37.757 0.000 0.000 0.000 8.582 45.798 15.304 12.678 47.594 52.375 64.098 70.691 70.531 68.757 67.068 67.355 66.075 68.290 67.531 67.282 66.941 66.608 66.263 65.896 65.487
0.000 0.000 0.000 0.000 0.000 0.000 0.000 0.000 0.000 0.000 0.000 0.000 0.000 0.000 0.000 0.000 85.955 85.955 87.954 87.951 86.947 80.942 74.937 45.934 0.000 0.000 0.000 0.000 0.000 17.730 62.730 56.731 71.731 68.731 47.732 26.734 27.735 36.736 58.736 67.737 58.738 41.738 31.739 36.741 35.742 33.745 33.747 33.750 34.752 26.751 0.000 0.000 0.000 0.000 7.071 50.135 53.062 60.908 71.620 71.722 70.075 71.932 69.623 67.134 69.213 68.410 68.125 67.762 67.419 67.076 66.731 66.370 64.944
0.000 0.000 0.000 0.000 0.000 0.000 20.870 43.868 0.000 21.813 61.803 50.791 54.781 29.775 0.000 0.000 21.957 93.958 87.958 84.955 81.948 84.940 75.933 38.929 0.000 0.000 0.000 0.000 0.000 0.000 0.000 6.731 60.731 61.731 12.732 0.000 3.736 40.736 58.737 63.737 53.738 44.739 42.740 4.741 11.743 39.745 33.747 33.749 34.751 40.751 48.750 10.750 0.000 0.000 22.773 55.732 59.624 70.429 72.638 72.267 75.573 74.134 68.511 70.276 69.380 69.027 68.622 68.251 67.892 67.546 67.214 66.909 72.673
0.000 0.000 0.000 0.000 0.000 0.000 20.873 63.865 5.847 55.823 57.805 69.790 52.777 37.769 0.000 0.000 9.959 78.961 90.966 87.961 87.951 88.938 82.926 36.919 0.000 0.000 0.000 0.000 0.000 0.000 0.000 0.000 0.000 45.731 4.731 0.000 0.000 46.736 43.737 55.737 12.737 0.000 0.000 0.000 0.000 5.746 43.747 37.748 0.749 30.750 64.750 47.750 0.750 0.000 27.524 61.364 70.265 73.382 73.136 77.333 76.590 69.900 71.422 70.429 69.990 69.526 69.113 68.723 68.354 68.002 67.672 67.379 72.165
19.122 63.119 53.117 0.000 0.000 0.000 14.884 74.873 50.852 52.828 58.805 82.785 83.769 78.755 32.742 0.000 0.000 0.000 38.983 92.974 87.957 88.936 85.915 44.901 0.000 0.000 0.000 0.000 0.000 0.000 0.000 0.000 0.000 3.731 0.000 0.000 0.000 0.000 0.000 0.000 0.000 0.000 0.000 0.000 0.000 0.000 0.000 18.748 15.748 0.000 0.000 0.000 0.000 16.937 54.352 71.303 72.976 73.907 78.266 77.880 70.946 72.470 71.471 70.975 70.459 70.002 69.577 69.177 68.797 68.436 68.092 67.770 70.465
19.122 75.119 57.114 53.109 0.000 0.000 1.906 66.890 68.861 68.831 80.802 77.778 89.757 88.740 49.728 0.000 0.000 0.000 15.010 94.993 87.966 88.933 85.898 45.868 0.000 0.000 6.474 54.440 66.402 35.377 0.000 0.000 0.000 0.000 0.000 0.000 0.000 0.000 0.000 0.000 0.000 0.000 0.000 0.000 0.000 0.000 0.000 0.000 3.748 0.000 0.000 0.000 14.905 55.410 72.367 72.947 79.170 78.659 72.241 72.788 73.264 72.418 71.917 71.383 70.897 70.442 70.015 69.610 69.223 68.851 68.492 75.145 15.805
83.124 80.120 59.113 60.104 52.092 0.000 56.943 51.922 59.872 72.832 76.794 87.767 88.742 87.720 56.704 0.000 0.000 0.000 14.053 94.024 87.982 88.932 83.875 63.807 47.701 48.603 48.508 56.443 77.390 44.351 0.000 0.000 0.000 0.000 0.000 0.000 0.000 0.000 0.000 0.000 0.000 0.000 0.000 0.000 0.000 0.000 0.000 0.000 0.000 0.000 13.003 43.778 53.283 72.266 73.854 80.530 79.930 72.797 74.501 73.818 73.254 72.772 72.257 71.768 71.300 70.856 70.432 70.026 69.634 69.253 75.880 21.512 0.000
80.128 75.122 73.114 56.101 60.080 60.046 51.001 43.982 0.000 0.000 18.774 77.755 88.723 86.695 71.662 38.615 0.000 1.245 63.124 84.069 89.005 87.937 88.863 78.784 54.692 51.601 50.513 59.435 77.363 60.287 46.182 47.100 51.039 62.001 25.986 0.000 0.000 0.000 0.000 0.000 0.000 0.000 0.000 0.000 0.000 0.000 0.000 0.000 0.000 0.000 24.205 64.043 71.986 74.632 81.415 81.017 73.531 75.184 74.390 74.001 73.539 73.062 72.591 72.128 71.680 71.248 70.831 70.427 70.033 75.646 22.263 0.000 0.000
69.133 21.128 89.120 60.107 54.082 55.058 57.034 57.022 46.030 0.000 0.000 0.000 22.701 93.676 83.634 61.568 53.462 60.340 59.216 61.123 69.034 69.946 56.859 53.772 51.684 51.595 50.507 59.423 74.338 53.252 50.160 55.079 71.016 73.979 58.971 32.971 0.000 0.000 0.000 0.000 0.000 0.000 0.000 0.000 0.000 0.000 0.000 0.000 0.000 15.052 56.894 72.501 75.338 81.977 81.734 74.237 75.867 75.069 74.696 74.250 73.807 73.359 72.913 72.474 72.044 71.626 71.218 70.819 76.426 22.036 0.000 0.000 0.000
15.140 88.136 89.131 75.125 0.000 2.069 62.055 58.043 69.039 60.039 0.000 0.000 1.704 81.675 78.628 63.563 54.477 51.378 51.275 54.174 67.062 74.955 77.853 70.762 60.675 53.588 52.499 68.409 71.317 46.222 50.127 50.039 50.967 54.927 33.949 0.000 0.000 0.000 4.533 0.000 0.000 0.000 0.000 0.000 0.000 0.000 0.000 18.283 49.952 57.805 71.316 82.636 82.247 75.307 75.895 76.450 75.748 75.370 74.934 74.509 74.081 73.653 73.228 72.809 72.397 71.993 72.596 79.204 22.815 0.000 0.000 0.000 0.000
93.147 89.147 89.144 89.136 76.123 59.095 59.073 59.055 50.043 0.000 15.798 22.780 74.736 71.692 74.641 67.578 68.504 68.421 68.333 71.234 66.085 65.959 67.836 71.749 72.667 70.582 66.493 77.398 75.298 63.194 64.087 63.983 65.886 40.812 0.000 0.000 0.000 0.000 5.533 0.000 0.000 0.000 0.000 0.000 0.000 5.146 52.934 53.504 74.519 75.075 83.724 83.236 77.803 77.511 76.890 76.412 76.022 75.597 75.183 74.768 74.355 73.944 73.538 73.137 72.743 73.354 76.969 9.587 0.000 0.000 0.000 0.000 0.000
92.156 88.160 88.161 89.154 86.138 64.114 58.088 59.062 60.035 52.002 0.893 66.807 63.766 64.718 65.665 60.605 64.539 69.470 77.402 62.346 0.000 0.000 12.784 70.731 66.661 66.582 66.491 66.391 66.282 66.167 66.046 65.918 63.781 58.625 31.416 0.000 7.070 50.843 57.533 69.214 38.964 0.000 0.000 0.000 0.000 54.336 65.145 77.076 77.713 84.468 84.130 78.464 78.131 77.387 77.048 76.648 76.239 75.834 75.429 75.026 74.626 74.231 73.842 73.460 74.083 76.711 24.340 0.000 0.000 0.000 0.000 0.000 0.000
78.163 78.177 78.185 89.180 89.163 79.136 55.103 58.069 59.034 58.991 64.929 73.858 57.802 54.750 52.696 59.639 74.578 73.517 58.458 38.402 0.000 0.000 0.000 0.000 55.664 50.594 50.500 50.392 50.274 51.147 54.011 54.864 54.696 53.490 54.208 52.770 52.297 60.927 67.543 65.143 71.715 69.145 63.615 61.094 63.470 75.040 78.540 78.330 84.962 84.746 79.113 78.758 77.999 77.663 77.258 76.862 76.464 76.067 75.673 75.281 74.893 74.511 74.139 74.777 75.420 14.065 0.000 0.000 0.000 0.000 0.000 0.000 0.000
0.000 44.199 56.222 84.217 88.197 69.163 52.119 51.078 59.040 59.000 57.951 51.892 52.834 58.783 75.731 74.675 57.618 50.563 40.510 0.000 60.129 69.072 64.985 65.874 68.737 71.630 70.522 71.404 74.273 73.135 69.989 71.830 66.648 52.430 56.155 54.807 59.420 77.024 83.570 80.101 73.608 68.102 69.627 76.080 80.924 79.333 85.568 85.213 79.115 80.719 79.296 78.626 78.276 77.868 77.474 77.078 76.686 76.298 75.915 75.534 75.154 75.780 73.428 69.089 20.754 0.000 0.000 0.000 0.000 0.000 0.000 0.000 0.000
0.000 0.000 49.286 68.272 79.245 54.199 46.134 53.082 51.049 58.018 58.981 58.927 51.860 68.818 60.769 49.713 52.654 44.606 0.000 69.269 72.186 72.103 74.008 74.900 77.780 81.668 80.554 80.429 80.281 82.129 82.980 80.820 68.638 54.426 56.176 55.882 55.552 58.178 31.610 4.084 93.511 135.050 112.571 78.499 80.011 86.556 86.109 79.572 82.294 79.702 79.251 78.884 78.480 78.084 77.687 77.292 76.904 76.525 76.154 75.785 77.408 72.027 60.703 15.396 0.000 0.000 0.000 0.000 0.000 0.000 0.000 0.000 38.551
1.592 0.000 4.364 25.338 60.312 42.255 0.000 48.069 53.056 53.043 59.026 47.977 0.000 52.861 50.815 52.753 53.682 63.601 77.490 74.351 76.244 82.145 92.045 135.937 132.817 132.706 132.598 132.477 133.293 117.122 48.981 51.830 49.658 57.461 56.240 52.993 50.729 32.527 0.000 0.000 2.226 59.892 76.928 81.532 87.258 86.935 79.181 80.875 80.167 79.855 79.478 79.088 78.695 78.297 77.897 77.499 77.112 76.744 77.392 76.044 67.668 56.218 13.961 0.000 0.000 0.000 0.000 0.000 0.000 0.000 0.000 29.706 50.636
75.585 23.546 12.469 75.405 53.409 0.000 0.000 0.000 47.063 60.070 52.105 0.000 5.031 60.949 51.877 62.801 75.718 75.626 80.519 83.402 76.293 62.190 53.089 48.984 46.847 49.740 50.654 37.588 0.000 54.084 50.994 49.862 53.702 57.522 54.330 46.122 52.842 33.675 0.000 0.000 55.172 72.201 81.941 87.750 87.530 79.774 81.454 80.743 80.443 80.066 79.690 79.304 78.911 78.513 78.107 77.694 77.303 77.946 73.626 62.331 18.999 0.000 0.000 0.000 0.000 0.000 0.000 0.000 0.000 0.000 0.000 47.777 46.721
85.602 93.584 81.559 0.000 10.509 4.610 0.000 0.000 0.000 0.000 56.218 54.202 62.113 59.028 58.944 58.857 75.765 89.665 78.557 58.445 56.336 51.233 53.138 44.064 0.000 55.752 52.691 41.632 0.000 55.136 50.048 50.921 57.767 55.593 53.436 35.323 0.000 0.395 51.738 49.612 66.420 82.348 88.025 80.720 81.283 81.937 81.327 81.026 80.656 80.290 79.912 79.526 79.134 78.737 78.322 78.869 78.459 68.111 52.835 15.656 0.000 0.000 0.000 0.000 0.000 0.000 0.000 0.000 23.166 22.120 37.035 48.904 36.818
75.629 79.628 69.626 0.000 0.000 69.711 62.737 56.730 0.646 8.453 74.348 71.275 58.191 59.104 59.014 59.919 80.818 132.711 125.599 72.485 127.374 48.267 52.166 52.069 53.959 51.827 51.725 51.618 53.469 49.275 49.140 58.008 56.852 53.648 48.498 37.410 0.000 0.000 53.845 60.715 82.739 81.638 88.386 81.768 82.351 81.895 81.599 81.246 80.890 80.522 80.143 79.755 79.362 78.979 80.576 76.000 57.554 44.204 45.947 11.801 0.000 0.000 0.000 0.000 0.000 0.000 0.000 0.000 32.212 37.159 51.081 44.987 34.903
71.658 66.674 10.691 0.000 0.842 52.785 61.771 58.735 76.660 70.544 75.445 83.359 74.273 59.183 59.089 58.987 57.878 51.763 46.643 51.523 48.407 52.296 52.190 52.088 51.982 51.870 51.763 51.648 50.512 55.357 57.230 58.119 41.985 0.000 41.498 0.000 0.000 0.000 58.055 79.992 84.012 89.392 88.923 81.864 82.512 82.149 81.829 81.489 81.133 80.763 80.384 79.989 79.582 78.239 40.004 0.000 0.000 0.000 0.000 0.000 0.000 0.000 0.000 28.682 23.649 22.596 21.525 25.433 34.310 50.225 44.143 35.059 44.980
63.684 54.719 59.772 4.864 57.890 53.861 52.827 70.777 63.706 79.617 88.529 68.444 54.358 52.268 55.170 58.063 58.945 58.819 51.687 50.557 51.434 51.319 52.212 52.110 52.010 56.910 53.809 50.700 51.574 54.411 58.303 47.253 0.000 0.000 0.000 0.000 13.774 133.655 77.366 84.394 82.376 89.805 81.694 84.207 85.686 82.407 82.084 81.746 81.389 81.016 81.639 78.236 65.736 56.391 14.197 0.000 0.000 0.000 0.000 0.000 0.000 0.000 30.765 30.715 30.669 31.614 31.546 32.464 46.372 46.287 30.206 33.127 35.051
38.699 39.744 33.815 57.929 53.959 52.942 63.900 67.840 78.768 85.689 51.610 50.531 51.449 53.359 52.260 49.148 57.021 57.881 58.730 57.584 51.452 50.335 49.228 50.131 56.038 114.950 82.862 62.769 45.672 0.000 60.319 68.335 0.000 0.000 0.000 0.000 57.895 68.797 85.682 83.722 90.526 90.179 82.788 83.313 83.973 82.675 82.358 82.021 81.662 82.270 80.922 33.579 0.000 0.000 0.000 0.000 0.000 0.000 0.000 0.000 0.000 0.000 37.816 33.743 30.699 31.646 29.581 41.506 48.426 32.346 33.268 41.192 39.119
0.000 0.000 0.000 51.078 54.075 56.046 76.992 87.917 101.837 83.761 12.691 69.620 69.546 53.461 53.363 52.248 50.111 52.952 58.770 56.598 57.457 59.339 57.236 55.145 51.063 45.989 50.919 45.844 0.000 0.000 0.000 54.435 46.459 0.000 0.000 0.463 68.114 84.994 85.075 83.094 90.842 82.521 85.017 86.519 83.256 82.960 82.650 82.319 81.969 79.480 34.201 0.000 0.000 0.000 0.000 0.000 0.000 0.000 0.000 0.000 0.000 37.006 6.939 0.000 38.738 28.690 39.626 51.555 39.479 34.403 39.328 43.255 36.184
0.000 0.000 0.000 49.231 55.215 71.176 82.105 129.997 123.902 125.829 131.770 127.715 128.652 53.577 53.484 52.369 52.225 51.046 45.798 55.579 57.438 58.328 56.233 58.151 58.081 59.023 51.983 0.000 0.000 0.000 0.000 55.509 40.484 0.000 0.000 59.607 81.408 85.345 84.331 91.419 91.139 83.584 84.126 84.811 83.543 83.263 82.962 83.638 58.414 0.000 0.000 0.000 0.000 0.000 0.000 0.000 0.000 0.000 49.289 38.244 28.172 32.073 31.996 32.929 32.825 35.750 48.679 45.607 40.533 41.460 39.387 37.316 33.246
15.425 0.000 0.000 50.400 67.380 75.337 81.254 52.065 50.944 49.883 46.848 47.816 47.772 53.710 53.628 69.518 69.372 45.209 0.000 42.484 55.388 57.301 55.217 57.146 57.087 58.039 54.006 0.000 0.000 0.000 53.708 38.608 0.000 0.000 60.959 69.810 86.659 85.556 84.733 91.681 83.269 85.792 88.324 84.096 83.843 83.585 82.296 69.856 28.635 0.000 0.000 0.000 0.000 0.000 35.514 30.496 30.461 30.409 34.334 46.271 49.199 35.119 30.042 31.967 33.883 48.806 47.733 33.660 42.588 43.516 42.445 35.375 31.307
