results3/res_3e8f-0164.wd
ncols         241
nrows         181
xllcorner     12693529.787448
yllcorner     3542525.717860
cellsize      155.156523
NODATA_value  -9999.000000
[rows 99 to 131 of 181, columns 0 to 72 of 241]
0.000 0.000 0.000 0.000 0.000 60.901 100.901 102.901 93.901 88.901 0.000 0.000 0.000 0.000 0.000 2.899 1.899 68.899 65.899 0.000 0.000 1.898 4.898 63.898 62.898 3.898 0.000 0.000 0.000 10.798 0.000 0.000 0.000 0.000 16.657 62.653 58.644 57.627 58.603 59.577 72.548 61.517 65.482 57.444 59.403 57.358 58.311 63.261 64.208 62.154 66.098 59.041 58.983 60.923 63.860 77.791 78.732 63.684 49.641 0.000 0.000 0.000 0.000 0.000 27.698 82.693 79.682 66.664 41.641 36.617 80.594 57.572 59.549
0.000 0.000 0.000 0.000 0.000 61.902 101.902 101.902 0.000 0.000 0.000 0.000 0.000 0.000 0.000 1.899 13.899 79.899 68.899 6.899 3.898 3.898 66.898 65.898 69.898 0.898 0.000 0.000 0.000 68.798 60.798 0.000 0.000 0.000 75.700 85.694 71.685 64.672 58.653 60.631 79.604 64.575 70.541 70.504 61.463 76.418 68.370 69.319 59.265 67.210 67.153 65.095 59.037 59.978 63.915 60.821 22.758 12.721 0.000 0.000 0.000 0.000 0.000 30.714 67.709 79.703 86.695 76.684 52.668 53.651 67.634 58.615 59.596
6.903 0.000 0.000 0.000 0.000 48.902 97.902 106.902 16.902 0.000 0.000 0.000 0.000 0.000 0.000 0.899 2.899 86.899 67.899 68.899 70.898 67.898 64.898 65.898 63.898 1.898 0.000 0.000 0.000 61.798 61.798 62.796 61.788 61.774 60.748 70.738 79.731 26.721 90.707 80.688 85.665 70.637 15.604 86.567 84.526 83.481 87.432 76.380 59.325 62.267 67.208 67.149 64.091 60.039 48.999 0.000 0.000 0.000 0.000 0.000 0.000 0.000 0.000 40.720 67.719 67.717 78.713 77.706 60.697 60.686 59.674 59.660 59.644
74.903 77.903 9.903 0.000 0.000 58.902 97.902 102.902 112.902 17.902 0.000 0.000 0.000 0.000 8.900 8.899 6.899 23.899 71.899 68.899 86.899 100.898 75.898 60.898 0.000 0.000 0.000 0.000 0.000 0.000 60.800 61.802 61.794 61.786 61.779 60.781 60.780 59.775 60.765 65.750 77.729 71.703 14.671 86.634 87.593 65.548 72.498 89.444 83.387 70.326 60.264 66.201 67.139 70.088 55.044 0.000 0.000 0.000 0.000 0.000 0.000 0.000 0.000 2.726 18.732 64.733 61.733 61.731 59.728 59.723 59.716 59.706 59.694
88.903 71.903 71.903 73.903 75.903 94.903 102.902 102.902 102.902 104.902 78.902 17.901 0.901 66.900 73.900 74.900 36.899 31.899 94.899 102.899 97.899 93.898 76.898 0.898 0.000 0.000 0.000 0.000 0.000 0.000 0.000 61.817 60.802 59.796 60.800 61.826 61.834 61.834 61.829 62.818 81.800 76.775 59.743 61.706 72.664 83.618 60.568 72.513 73.452 66.386 86.321 69.253 61.174 2.131 0.000 0.000 0.000 0.000 0.000 0.000 0.000 0.000 0.000 0.000 10.749 64.751 59.754 59.757 59.760 59.761 59.760 57.755 55.748
103.904 93.904 74.903 78.903 96.903 102.903 102.903 102.902 102.902 97.902 69.902 75.901 3.901 57.900 92.900 100.900 100.900 84.899 99.899 106.899 16.899 0.000 0.000 0.000 0.000 0.000 0.000 0.000 0.000 0.000 0.000 61.846 0.000 0.000 0.000 62.889 61.894 61.899 61.900 62.893 78.877 83.853 60.821 61.783 61.740 79.693 80.643 58.586 66.522 85.446 77.381 55.317 0.000 0.000 0.000 0.000 0.000 0.000 0.000 0.000 0.000 0.000 0.000 0.000 7.765 64.768 59.774 59.784 59.795 58.803 57.807 62.808 63.805
103.904 103.904 98.904 101.903 102.903 102.903 102.903 102.903 102.902 98.902 73.902 90.902 0.000 0.000 70.900 94.900 102.900 103.899 102.899 107.899 10.899 0.000 0.000 0.000 0.000 0.000 0.000 0.000 0.000 0.000 0.000 61.876 0.908 0.931 63.949 61.946 61.956 61.968 61.977 61.976 78.963 83.939 60.905 61.864 61.820 62.772 83.723 77.669 84.603 74.496 55.438 0.000 0.000 0.000 0.000 0.000 0.000 0.000 0.000 0.000 0.000 0.000 0.000 0.000 62.777 59.782 59.792 59.809 59.832 58.847 60.858 64.864 65.867
101.904 102.904 102.904 102.904 102.903 102.903 102.903 102.903 102.903 103.902 98.902 105.902 29.901 8.901 58.900 77.900 100.900 102.900 103.899 91.899 5.899 0.000 0.000 0.000 0.000 0.000 0.000 0.000 0.000 0.000 0.000 55.895 60.914 60.936 59.959 61.991 62.014 62.040 62.064 62.072 79.061 84.034 60.995 61.950 61.902 61.854 66.807 89.762 69.726 0.000 0.000 0.000 0.000 0.000 0.000 0.000 0.000 0.000 0.000 0.000 0.000 0.000 0.000 0.000 15.784 66.791 62.803 63.829 61.876 57.897 64.912 65.924 63.934
98.904 103.904 102.904 102.904 102.904 102.904 102.903 102.903 102.903 102.902 103.902 96.902 80.901 71.901 65.901 92.900 102.900 102.900 107.899 10.899 0.000 0.000 0.000 0.000 0.000 0.000 0.000 0.000 0.000 0.000 0.000 0.000 0.000 0.000 0.000 62.046 62.070 62.113 62.168 62.187 78.175 85.141 62.092 62.039 61.985 61.934 61.888 67.847 20.814 0.000 0.000 0.000 0.000 0.000 0.000 0.000 0.000 0.000 0.000 0.000 0.000 0.000 0.000 0.000 0.000 3.795 1.799 0.000 7.944 66.955 64.969 65.986 63.006
98.904 103.904 102.904 102.904 102.904 102.904 102.904 102.903 102.903 102.903 103.902 88.902 67.901 66.901 75.901 99.900 102.900 102.900 108.899 13.899 4.899 0.000 0.000 0.000 0.000 0.000 0.000 0.000 0.000 0.000 0.000 0.000 0.000 0.000 0.000 58.077 62.108 59.176 62.306 62.333 81.312 85.261 62.195 62.127 62.064 62.010 61.965 58.923 8.869 0.000 0.000 0.000 0.000 0.000 0.000 0.000 0.000 0.000 0.000 0.000 0.000 59.089 0.000 0.000 0.000 0.000 0.000 1.030 63.003 64.008 66.023 66.046 63.078
101.905 102.905 102.905 102.905 102.904 102.904 102.904 102.904 102.903 102.903 102.903 99.902 76.902 77.901 94.901 101.900 102.900 102.900 109.899 26.899 0.000 0.000 0.000 0.000 0.000 0.000 0.000 0.000 0.000 0.000 0.000 0.000 0.000 0.000 0.000 0.000 58.108 0.000 61.547 62.529 90.477 77.397 62.300 62.210 62.136 75.078 65.037 60.013 0.000 0.000 0.000 0.000 0.000 0.000 0.000 0.000 0.000 0.000 0.000 0.000 11.089 70.089 55.089 0.000 0.000 0.000 1.068 64.057 67.046 66.051 63.068 59.099 59.144
102.905 102.905 102.905 102.905 102.905 102.905 102.904 102.904 102.904 102.903 102.903 102.902 104.902 104.901 103.901 102.900 102.900 104.899 93.899 36.899 0.000 0.000 0.000 0.000 0.000 0.000 0.000 0.000 0.000 0.000 0.000 0.000 0.000 0.000 0.000 0.000 0.000 0.000 61.805 62.758 96.672 65.547 62.400 62.276 74.189 83.130 62.093 62.077 61.093 0.000 0.000 0.000 0.000 0.000 0.000 0.000 0.000 0.000 0.000 0.000 0.000 66.089 67.089 54.089 1.087 60.084 62.080 66.074 65.073 63.081 62.101 58.136 66.191
101.906 100.906 102.906 102.906 102.905 102.905 102.905 102.905 102.904 102.904 102.903 102.903 102.902 102.901 102.901 102.900 103.900 86.899 14.899 5.899 63.898 77.898 23.898 0.000 0.000 4.898 0.000 0.000 0.000 0.000 0.000 0.000 0.000 0.000 0.000 3.867 3.844 0.684 58.111 69.027 91.904 62.722 59.476 62.306 62.216 62.160 62.127 62.111 62.109 59.109 0.000 0.000 0.000 0.000 0.000 0.000 0.000 0.000 0.000 0.000 0.089 61.090 57.089 63.089 58.089 66.087 66.086 65.086 61.090 64.100 59.120 58.152 58.207
91.906 91.906 100.906 102.906 102.906 102.906 102.905 102.905 102.905 102.904 102.903 103.903 104.902 102.901 102.901 102.900 102.899 24.899 8.899 63.898 73.898 83.898 82.898 75.898 67.898 8.898 0.000 0.000 0.000 0.000 0.000 0.000 0.000 0.000 3.908 62.890 65.841 65.716 62.473 61.335 70.196 57.959 0.000 58.256 62.207 62.169 62.143 62.129 61.124 0.000 0.000 0.000 0.000 0.000 0.000 0.000 63.090 74.090 0.000 0.000 62.090 60.090 60.090 57.090 65.090 66.090 66.091 63.094 66.100 66.110 64.125 59.145 48.166
73.907 78.907 97.907 103.907 102.907 102.906 102.906 102.906 102.905 102.905 104.904 90.903 86.902 101.901 106.901 103.900 98.899 80.899 83.898 89.898 83.898 84.898 63.898 56.898 2.898 0.000 0.000 0.000 0.000 0.000 0.000 0.000 0.861 0.000 53.926 59.944 62.915 62.841 62.729 62.645 64.586 0.000 0.000 0.000 57.186 62.165 62.149 62.138 62.133 0.132 0.000 0.000 0.000 0.000 0.000 23.090 80.090 62.090 60.090 60.090 60.090 60.090 58.090 63.091 66.091 66.093 62.095 66.099 66.106 65.115 59.126 60.138 50.147
57.907 72.907 91.907 104.908 105.907 105.907 103.907 102.906 103.906 102.905 103.905 41.904 12.902 60.901 78.900 99.899 106.899 104.898 104.898 90.898 13.898 0.000 0.000 0.000 0.000 0.000 0.000 0.000 0.000 8.861 10.861 0.861 0.861 0.861 0.000 59.045 63.035 61.004 61.959 63.927 64.918 0.000 0.000 0.000 0.000 55.157 62.149 62.142 59.138 0.000 0.000 0.000 0.000 0.000 0.000 0.000 22.090 76.090 59.090 59.090 60.090 59.090 59.091 65.091 66.092 64.094 52.097 5.102 70.110 64.118 64.125 64.132 50.137
21.907 43.908 76.908 82.909 76.908 78.908 95.908 103.907 99.907 92.906 91.905 26.905 0.000 0.000 0.000 36.899 71.898 97.897 104.896 1.897 0.000 0.000 0.000 0.000 0.000 0.000 0.000 0.000 0.000 50.861 71.861 16.861 1.861 0.861 0.000 59.155 65.176 64.179 73.176 74.188 64.241 9.399 0.000 0.000 0.000 0.000 59.147 60.144 0.000 0.000 0.000 0.000 0.000 0.000 0.000 0.000 0.000 81.090 84.090 64.090 58.090 56.090 66.091 66.091 61.091 0.000 0.000 0.000 11.115 69.120 66.125 66.129 56.132
0.000 0.000 57.910 66.910 18.910 4.909 67.909 96.908 87.907 83.907 97.906 64.905 24.905 0.000 0.000 0.000 0.000 42.896 73.894 0.000 0.000 0.000 0.000 0.000 0.000 0.000 0.000 0.000 0.000 0.000 55.861 73.861 4.861 0.000 0.000 50.245 64.334 62.362 92.378 85.405 63.461 65.556 11.660 0.000 0.000 0.000 54.147 0.000 0.000 0.000 0.000 0.000 0.000 0.000 0.000 0.000 0.000 0.000 69.090 86.090 71.090 65.090 66.090 61.091 0.000 0.000 0.000 0.000 0.000 61.124 66.126 66.128 61.130
0.000 0.000 53.912 98.911 55.911 4.910 56.910 88.909 90.908 101.907 103.906 106.905 112.904 51.903 20.902 0.000 0.000 0.000 13.891 8.888 0.000 1.875 0.000 0.000 0.000 0.000 0.000 0.000 0.000 0.000 56.861 71.861 1.861 8.861 12.861 0.000 57.554 65.557 95.569 77.595 65.641 64.705 69.765 0.000 0.000 0.000 0.000 0.000 0.000 0.000 0.000 0.000 0.000 0.000 0.000 0.000 0.000 0.000 0.000 7.090 74.090 64.090 62.090 0.000 0.000 0.000 0.000 0.124 60.124 59.125 61.126 55.127 0.000
26.916 41.915 75.914 93.913 101.912 70.912 83.911 106.910 103.909 102.908 102.907 102.906 102.904 108.903 111.901 67.898 26.895 8.892 71.890 85.886 78.880 80.875 36.870 12.865 9.861 0.000 0.000 0.000 0.000 0.000 35.861 57.861 63.861 63.861 66.861 25.862 58.770 87.744 89.745 66.765 64.803 64.857 67.929 13.046 8.098 0.000 0.000 0.000 0.000 0.000 0.000 0.000 0.000 0.000 0.000 0.000 0.000 0.000 0.000 0.000 0.088 0.089 8.090 0.000 0.000 0.000 0.000 62.124 57.124 55.124 0.000 0.000 0.000
99.916 102.916 102.915 100.914 98.914 99.913 101.912 101.911 102.910 103.909 103.908 102.906 95.905 99.903 102.901 106.898 110.895 111.892 103.889 99.885 96.880 91.875 93.869 86.863 42.858 20.852 0.000 0.000 0.000 0.000 0.000 0.000 0.000 0.000 0.000 82.954 71.922 100.903 91.902 78.917 65.948 64.992 65.048 69.112 65.150 0.000 0.000 0.000 0.000 0.000 0.000 0.000 0.000 0.000 0.000 0.000 0.000 0.000 0.000 0.000 0.000 0.000 0.000 0.000 0.000 0.000 0.000 0.000 0.000 0.000 0.000 0.000 0.000
102.917 97.917 95.917 94.916 88.915 85.914 86.913 86.912 92.911 97.910 97.908 90.907 74.905 89.903 102.901 102.898 102.896 102.893 102.889 102.886 103.881 103.875 106.869 107.862 107.855 107.846 46.836 0.000 0.000 0.000 0.000 0.000 0.000 0.000 0.000 55.077 81.060 86.045 70.043 87.055 75.079 65.114 65.158 68.205 11.239 0.000 0.514 0.522 0.000 0.000 0.000 0.000 0.000 0.000 0.000 0.000 0.000 0.000 0.000 0.000 0.000 0.000 0.000 0.000 0.000 0.000 0.000 0.000 0.000 0.000 0.000 0.000 0.000
72.919 45.918 67.918 81.917 79.917 59.916 44.915 40.914 60.912 77.911 76.910 69.908 64.906 74.904 95.902 103.899 102.896 102.893 102.890 102.887 102.882 106.877 81.869 69.861 68.852 72.841 75.826 14.801 3.775 0.462 0.298 0.000 0.000 0.000 0.000 53.218 89.195 72.175 64.170 74.179 85.199 69.229 65.266 65.310 71.363 15.455 9.505 1.531 0.549 6.549 4.549 0.000 0.000 0.000 0.000 0.000 0.000 0.000 0.000 0.000 0.000 0.000 0.000 0.000 0.000 0.000 0.000 0.000 0.000 0.000 0.000 0.000 0.000
62.920 33.920 55.920 70.919 66.918 43.917 29.916 33.915 53.914 67.912 65.911 65.909 66.907 64.905 83.902 100.900 102.897 102.894 102.891 102.888 101.885 64.881 0.000 0.000 0.000 0.000 0.000 0.000 0.000 59.607 79.596 31.581 17.565 13.542 60.490 77.382 94.328 71.290 65.283 63.292 80.310 82.336 68.368 65.405 65.448 68.498 77.533 15.554 10.567 0.000 19.549 0.000 0.000 0.000 0.000 0.000 0.000 0.000 0.000 0.000 0.000 0.000 0.000 0.000 0.000 0.000 0.000 0.000 0.000 0.000 0.000 0.000 0.000
75.922 71.922 66.922 65.921 66.920 68.919 69.918 72.917 71.915 67.914 66.912 66.910 66.908 65.906 72.903 94.901 103.898 102.896 104.893 76.890 42.888 0.000 0.000 0.000 0.000 0.000 0.000 0.000 0.000 24.600 46.593 49.582 53.573 67.571 64.544 85.494 82.445 56.372 63.382 65.395 67.413 80.437 72.464 67.494 65.525 64.555 81.574 72.582 66.582 0.000 0.000 0.000 0.000 0.000 0.000 0.000 0.000 0.000 0.000 0.000 0.000 0.000 0.000 0.000 0.000 0.000 0.000 0.000 0.000 0.000 0.000 0.000 0.000
65.924 66.924 66.924 66.923 66.922 66.921 66.920 66.919 66.917 66.916 66.914 66.912 66.909 66.907 64.904 85.902 102.899 104.897 100.895 26.893 0.000 0.000 0.000 0.000 0.000 0.000 0.000 0.000 0.000 0.000 0.000 0.000 0.000 51.626 68.622 94.604 68.585 0.000 51.478 66.492 64.511 68.534 69.558 78.582 67.605 65.622 64.628 60.618 1.600 0.000 0.000 0.000 0.000 0.000 0.000 0.000 0.000 0.000 0.000 0.000 0.000 0.000 0.000 0.000 0.000 0.000 0.000 0.000 0.000 0.000 0.000 0.000 25.205
66.927 66.926 66.926 66.925 66.925 66.924 66.922 65.921 65.919 66.917 66.915 66.913 66.911 66.908 65.905 73.903 88.900 99.897 87.895 13.894 0.000 0.000 0.000 0.000 0.000 0.000 0.000 0.000 0.000 0.000 0.000 0.000 0.000 28.683 77.716 102.714 12.706 0.000 49.559 67.583 65.607 64.629 72.651 83.672 71.690 65.702 69.698 2.658 0.000 0.000 0.000 0.000 0.000 0.000 0.000 0.000 0.000 0.000 0.000 0.000 0.000 0.000 0.000 0.000 0.000 0.000 0.000 0.000 0.000 0.000 0.000 0.000 82.284
66.929 66.929 66.929 66.928 66.927 66.926 66.925 70.923 71.921 67.919 66.917 66.915 66.912 66.910 66.907 65.904 68.901 77.898 77.895 18.894 0.000 0.000 0.000 0.000 0.000 0.000 20.545 0.000 0.000 0.000 0.000 0.000 0.000 0.875 81.846 96.829 19.818 0.000 33.617 64.675 65.704 65.725 64.745 69.764 71.781 67.796 69.805 0.000 0.000 0.000 0.000 0.000 0.000 0.000 0.000 0.000 0.000 0.000 0.000 0.000 0.000 0.000 0.000 0.000 0.000 0.000 0.000 0.000 0.000 0.000 0.000 66.506 75.415
66.932 66.932 66.931 66.931 66.930 66.929 65.927 77.926 82.924 69.922 66.919 66.917 66.914 66.911 66.908 66.905 66.901 65.898 68.895 49.892 0.000 0.000 0.000 0.000 0.000 62.546 83.545 45.543 36.535 35.523 0.000 0.000 0.000 63.065 104.985 78.939 78.920 5.941 0.000 50.796 67.809 65.823 65.839 63.857 79.876 83.897 77.920 1.029 0.000 0.000 0.000 0.000 0.000 0.000 0.000 0.000 0.000 0.000 0.000 0.000 0.000 0.000 0.000 0.000 0.000 0.000 0.000 0.000 0.000 0.000 40.670 91.598 77.523
66.935 66.935 66.934 66.934 66.933 66.931 65.930 78.928 84.927 68.924 66.922 66.919 66.916 66.913 66.910 66.906 66.902 66.897 66.893 72.888 43.883 0.000 0.000 0.000 2.547 25.547 40.547 62.549 70.538 74.512 48.462 24.396 59.306 97.178 95.089 75.021 56.983 14.962 0.000 50.905 67.911 66.920 69.933 64.949 73.968 96.995 94.035 39.112 3.167 19.193 0.000 0.000 0.000 0.000 0.000 0.000 0.000 0.000 0.000 0.000 0.000 0.000 18.167 79.168 0.000 0.000 0.000 0.000 0.000 0.000 77.742 133.690 116.629
63.938 64.938 65.937 65.937 66.936 66.935 64.933 79.931 82.929 65.927 66.925 66.922 66.919 66.915 66.911 66.907 66.902 66.897 66.892 66.885 72.877 52.866 3.859 0.000 0.000 0.000 0.000 38.570 69.554 65.525 68.480 72.419 84.343 101.253 85.171 53.073 3.028 0.000 0.000 50.008 67.009 70.014 83.023 69.036 79.054 80.079 99.113 103.158 86.196 36.219 0.000 0.000 0.000 0.000 0.000 0.000 0.000 0.000 0.000 0.000 8.161 40.163 78.167 1.177 0.000 0.000 0.000 0.000 0.000 63.954 73.865 74.795 77.731
84.942 79.941 74.941 72.940 68.939 64.938 64.937 79.935 82.933 64.930 66.928 66.925 66.921 66.918 66.913 66.909 65.904 64.898 65.891 65.883 65.874 71.863 48.851 25.837 0.818 0.000 0.000 37.606 75.585 69.553 64.512 77.459 100.394 94.320 62.269 0.000 0.000 0.000 0.000 48.109 66.104 71.104 78.109 73.119 78.134 77.154 90.181 84.212 77.241 50.267 5.299 0.000 0.000 0.000 0.000 0.000 0.000 0.000 0.000 0.000 40.161 43.164 46.170 0.099 10.639 0.000 0.000 7.119 41.119 69.044 137.966 101.903 133.791
104.945 103.945 99.945 94.944 90.943 85.942 80.940 76.938 71.936 65.934 66.931 66.928 66.924 66.920 65.916 67.911 73.906 78.899 77.892 75.883 69.873 64.861 68.846 74.827 38.800 19.764 23.721 57.663 80.626 71.592 67.555 90.511 102.455 58.364 3.316 0.000 0.000 11.292 18.272 52.216 65.195 70.188 86.189 76.196 69.208 62.224 68.244 86.266 83.289 89.311 8.330 0.000 0.000 0.000 0.000 0.000 0.000 0.000 0.000 0.000 0.000 0.000 0.000 0.000 7.663 0.000 0.000 0.000 76.194 67.134 77.068 99.965 76.141
