results3/res_3e8f-0084.wd
ncols         241
nrows         181
xllcorner     12693529.787448
yllcorner     3542525.717860
cellsize      155.156523
NODATA_value  -9999.000000
[rows 66 to 98 of 181, columns 73 to 145 of 241]
67.544 31.534 0.000 56.755 73.735 72.707 72.681 0.000 44.127 44.110 57.120 53.128 52.109 52.066 51.004 126.914 114.758 0.000 0.000 0.000 47.627 42.574 47.495 50.442 50.398 52.357 53.321 58.281 59.244 60.202 51.143 0.000 0.000 48.486 98.486 80.395 84.247 84.324 82.368 90.299 82.757 83.226 83.956 82.719 82.487 83.274 53.112 0.000 0.000 0.000 0.000 0.000 0.000 0.000 26.485 24.465 24.429 24.377 24.313 24.244 28.170 41.087 37.995 22.897 33.795 42.699 21.609 24.523 30.440 35.358 31.277 25.198 23.120
52.546 58.524 0.000 44.954 68.921 67.895 61.897 14.974 0.000 0.000 50.191 63.262 52.262 51.233 52.193 33.155 0.000 0.000 0.000 0.000 0.000 0.000 58.443 56.421 54.392 37.356 40.318 47.279 48.249 53.218 44.180 0.000 0.000 0.000 58.729 76.634 83.564 83.650 90.745 90.530 82.840 83.519 83.221 83.001 82.781 77.585 35.447 0.000 0.000 32.642 0.000 0.000 0.000 32.523 27.523 24.501 24.463 24.412 24.350 24.282 24.207 24.126 31.038 44.947 45.853 28.762 22.673 23.588 24.505 28.423 27.343 23.264 23.187
54.554 53.493 58.369 56.185 70.100 63.055 64.039 61.051 0.000 0.000 0.000 65.468 60.443 55.410 57.379 4.358 0.000 0.000 0.000 0.000 0.000 0.000 57.414 53.405 44.395 0.000 0.000 45.267 57.255 56.242 0.000 0.000 4.445 61.324 53.068 56.887 63.959 79.015 90.945 82.602 84.146 83.700 83.502 83.275 81.052 63.839 42.643 48.642 46.642 27.642 0.000 0.000 0.000 0.000 41.583 23.554 24.511 28.457 36.395 26.326 24.251 23.171 27.086 41.998 48.909 40.821 26.735 21.651 23.568 23.487 23.407 23.329 22.251
54.592 52.523 56.429 67.319 61.239 54.185 73.153 62.140 14.154 0.000 7.834 57.700 73.632 68.587 68.556 71.539 0.000 0.000 0.000 0.000 3.383 3.386 55.393 46.391 49.387 0.000 0.000 0.000 93.263 120.252 35.252 0.000 60.566 55.463 55.301 55.206 51.286 91.314 91.135 83.658 87.254 83.992 83.773 83.549 75.313 28.076 0.000 50.642 28.642 0.000 0.000 0.000 29.785 28.749 27.673 23.621 27.569 39.511 44.447 42.376 35.301 25.221 34.137 42.051 20.965 26.879 39.795 36.712 32.631 40.550 21.471 23.392 21.315
52.647 58.581 68.504 60.422 52.352 52.295 65.247 73.202 69.168 72.099 73.969 68.866 63.796 65.749 54.719 53.704 0.000 0.000 0.000 4.378 60.380 59.381 47.383 49.380 50.374 54.362 53.354 0.000 4.281 0.000 0.000 6.949 66.788 59.661 54.502 55.591 53.635 91.476 53.296 60.876 75.463 83.274 84.051 81.835 40.574 0.000 0.000 0.000 0.000 0.000 0.000 30.846 24.822 24.789 24.739 25.687 35.632 44.572 43.505 43.432 39.355 35.274 45.191 28.106 23.020 23.936 23.853 33.772 46.692 33.613 21.533 22.453 28.378
58.711 69.649 59.583 52.515 53.452 53.395 55.338 39.253 65.218 63.159 55.076 51.999 50.938 66.895 68.867 55.854 0.000 0.000 0.000 60.377 56.377 53.377 46.376 50.373 50.367 50.358 50.346 9.327 12.300 13.283 15.240 83.109 79.982 68.855 67.812 56.811 91.764 91.627 55.357 61.999 56.767 63.562 82.324 57.166 0.000 0.000 0.000 0.000 0.000 0.000 0.000 30.871 24.867 24.845 24.807 25.758 34.702 44.639 43.569 42.494 39.414 44.331 38.246 22.160 24.075 23.991 23.910 33.831 41.754 20.677 23.597 26.511 45.438
69.780 59.723 52.663 53.603 53.546 54.496 35.458 0.000 22.292 50.244 53.179 53.114 53.063 51.026 75.002 58.990 0.000 0.000 0.000 37.375 54.374 48.373 49.371 50.368 50.363 50.356 50.346 61.334 1.314 5.308 22.330 75.264 85.167 7.059 88.983 79.175 91.884 53.947 67.584 64.221 54.085 50.881 47.515 32.341 0.000 0.000 26.476 0.000 0.000 0.000 0.000 26.901 24.930 24.919 24.885 24.837 25.779 31.712 39.639 39.559 39.476 43.389 21.302 24.214 24.128 23.045 28.965 45.888 28.815 22.743 25.667 6.555 7.487
59.854 52.800 53.744 53.687 53.633 56.583 12.541 10.507 3.413 48.347 53.282 55.215 53.173 52.143 70.124 66.114 0.000 0.000 0.000 0.000 45.371 48.370 50.369 50.366 50.362 50.356 52.350 38.342 0.000 0.000 72.507 75.451 86.366 92.241 86.345 84.381 91.986 75.005 77.703 62.540 55.441 48.364 0.000 0.000 0.000 0.000 24.477 0.000 0.000 0.000 0.000 0.000 28.035 25.015 24.977 24.926 24.864 24.793 24.714 31.629 39.541 27.449 24.358 24.267 24.179 27.095 40.016 39.942 21.874 23.815 26.773 0.000 0.000
52.931 53.879 53.825 53.770 53.716 53.664 57.615 58.568 58.507 54.449 54.387 34.291 51.271 52.251 68.236 67.229 0.000 0.000 0.000 0.000 44.369 50.368 50.367 50.365 50.362 50.358 38.354 0.000 0.000 0.994 77.739 83.668 86.575 86.524 85.601 92.122 84.501 87.214 81.899 66.837 56.774 55.770 55.911 0.000 0.000 0.000 21.477 28.478 21.478 0.000 0.000 0.000 43.160 24.129 25.083 25.026 24.959 25.881 24.796 24.704 24.608 24.510 24.413 24.318 23.227 29.141 44.062 20.989 23.925 23.872 25.836 0.830 0.000
54.012 53.961 53.907 53.852 53.796 53.741 53.689 53.641 53.597 53.556 57.525 0.000 44.367 53.354 69.342 64.337 0.412 0.000 0.000 0.000 49.368 52.367 52.366 52.364 50.362 53.361 0.000 0.000 0.000 70.152 76.008 86.907 86.784 86.890 84.935 92.337 85.642 90.284 86.172 87.103 75.051 63.031 52.052 47.052 49.052 0.000 0.000 27.479 22.478 28.473 29.457 27.416 33.316 43.257 25.201 26.137 35.063 41.979 23.884 24.783 24.677 24.571 24.466 23.365 28.270 47.181 41.101 30.029 22.965 23.910 25.865 40.825 58.766
54.096 54.045 53.991 53.935 53.875 53.814 53.759 56.712 54.682 53.654 57.633 0.000 44.478 53.457 70.439 62.435 2.464 0.000 0.000 0.000 22.367 32.367 31.365 31.364 52.363 37.362 0.000 0.000 0.000 72.329 82.239 87.136 87.088 86.188 92.999 92.687 86.717 87.558 86.412 86.353 87.296 78.251 43.214 0.000 0.000 0.000 0.000 25.481 25.483 22.483 24.483 25.475 24.433 31.383 45.326 28.258 26.178 36.085 23.981 24.866 24.748 24.630 24.515 24.406 32.306 45.214 32.132 44.060 21.996 22.940 27.890 48.843 60.789
54.182 54.131 54.077 54.020 53.956 56.882 58.822 30.766 51.765 54.745 56.720 16.697 47.608 52.558 64.522 62.501 3.496 0.000 0.000 0.000 0.000 0.000 0.000 0.000 33.363 0.000 0.000 0.000 20.767 70.597 87.480 87.353 87.463 85.544 93.281 85.317 91.020 86.711 86.663 86.593 86.531 76.463 37.338 0.000 0.000 0.000 0.000 0.000 28.489 29.496 16.515 24.568 25.556 25.518 29.462 45.392 28.307 25.205 25.086 24.954 24.819 24.685 22.558 28.440 47.332 28.237 27.154 41.082 25.019 22.964 29.914 55.866 60.817
54.270 54.219 54.167 54.113 56.047 31.936 33.879 0.000 13.868 49.840 53.804 57.762 53.701 56.644 61.589 66.552 5.524 0.000 0.000 0.000 0.000 0.000 0.000 0.000 0.000 0.000 0.000 4.058 79.937 81.814 87.702 87.653 86.768 93.788 93.544 86.387 87.099 86.967 86.895 86.829 85.772 65.731 0.000 0.000 0.000 0.000 0.000 0.000 0.000 20.496 0.000 31.725 28.707 24.669 24.613 26.541 43.451 32.340 24.205 25.047 24.887 23.735 28.593 30.463 29.347 26.248 24.166 24.096 24.035 24.983 37.935 59.891 60.848
54.358 54.308 54.260 54.217 59.184 0.000 0.000 20.083 11.998 45.943 54.896 52.847 54.791 66.729 38.637 32.595 0.000 0.000 0.000 0.000 0.000 0.000 0.000 0.000 0.000 0.000 0.000 67.179 72.109 86.019 87.899 88.026 86.118 94.013 85.900 87.571 87.262 87.199 87.122 87.055 78.998 55.959 0.000 0.000 0.000 0.000 0.000 0.000 0.000 0.000 0.000 35.901 30.879 24.838 22.781 25.709 25.618 41.501 34.347 25.141 25.948 23.774 30.617 30.473 27.343 21.243 24.165 24.100 26.044 39.996 58.953 60.914 63.879
55.443 53.393 53.349 53.312 56.288 26.293 23.253 55.169 60.097 54.040 51.988 58.938 68.887 71.842 0.000 0.000 0.000 0.000 0.000 0.000 0.000 0.000 0.000 0.000 0.000 0.000 0.000 69.370 77.305 87.215 88.205 87.242 94.428 94.227 86.938 87.639 87.497 87.417 87.341 87.271 69.205 51.147 0.000 0.000 0.000 0.000 0.000 0.000 0.000 0.000 0.000 34.098 32.070 32.024 28.965 21.894 23.809 24.701 40.539 40.223 36.989 33.797 26.628 25.470 22.309 23.218 24.150 28.095 48.047 60.004 59.967 60.934 59.906
69.523 68.474 67.430 65.393 62.363 63.338 63.298 60.241 61.183 63.130 63.080 69.030 70.978 28.910 0.000 0.000 0.000 0.000 0.000 0.000 0.000 0.000 0.000 0.000 0.000 7.888 15.808 70.626 87.518 88.426 88.375 87.602 94.615 86.426 88.096 87.780 87.712 87.628 87.553 85.483 67.406 38.276 0.000 0.000 0.000 0.000 0.000 0.000 0.000 0.000 0.000 24.324 28.279 31.222 32.160 31.095 28.026 23.953 17.887 0.000 0.000 0.000 0.000 0.000 26.206 24.168 27.124 48.082 61.043 60.008 60.977 63.950 59.927
65.598 67.549 66.505 68.467 70.432 69.399 68.360 66.313 64.265 64.217 65.171 61.125 61.084 0.000 0.000 0.000 0.000 0.000 0.000 0.000 0.000 0.000 0.000 0.000 0.000 56.967 79.911 78.809 87.716 88.605 88.731 86.833 94.789 88.525 88.127 88.000 87.913 87.833 87.762 83.702 63.659 0.000 0.000 0.000 0.000 0.000 0.000 0.000 0.000 0.000 31.761 26.595 23.499 25.425 30.360 32.300 32.245 33.199 24.168 0.000 0.000 0.000 0.000 0.000 27.142 25.124 41.097 62.067 60.037 60.009 59.983 60.961 59.943
53.666 53.618 54.576 61.537 70.501 76.466 64.428 58.388 53.346 51.303 50.261 56.215 35.150 0.000 0.000 0.000 0.000 0.000 0.000 0.000 0.000 0.000 0.000 0.000 0.000 63.102 79.059 86.987 88.903 88.871 88.002 95.098 94.950 90.550 88.353 88.189 88.109 88.029 87.959 82.903 57.870 0.000 0.000 0.000 0.000 0.000 0.000 0.000 0.000 32.066 26.927 26.798 26.698 25.619 22.554 27.500 31.457 32.429 29.419 0.000 0.000 0.000 0.000 30.082 24.096 28.089 56.072 60.051 60.028 60.006 59.986 59.968 59.953
52.729 52.683 56.642 61.604 63.569 66.535 56.500 52.464 53.427 53.390 55.354 33.326 0.000 0.000 0.000 0.000 0.000 0.000 0.000 0.000 0.000 0.000 0.000 0.000 0.000 49.280 78.238 88.174 89.076 89.208 87.318 95.234 88.111 89.780 88.456 88.387 88.296 88.215 88.142 79.083 52.047 0.000 0.000 0.000 0.000 0.000 0.000 0.000 31.335 27.205 27.082 26.971 26.877 26.800 26.737 23.688 22.654 25.640 32.661 32.757 0.000 0.000 0.000 24.069 25.070 43.065 60.053 59.037 59.020 60.003 59.986 59.972 59.961
52.787 52.744 54.704 55.669 53.635 52.604 53.573 52.542 52.509 52.475 57.438 2.409 0.000 0.000 0.000 0.000 0.000 0.000 0.000 0.000 0.000 0.000 0.000 0.000 0.764 57.500 86.440 89.366 89.341 88.473 95.482 95.363 91.115 88.812 88.663 88.570 88.478 88.392 89.311 69.239 57.189 0.000 0.000 31.050 0.000 30.771 32.719 32.620 27.464 27.338 27.226 27.126 27.040 26.967 26.908 26.862 25.831 22.818 31.827 32.854 25.854 0.000 0.000 32.054 24.052 32.047 38.037 41.025 45.012 50.998 56.985 58.974 58.965
53.841 53.800 53.763 53.730 53.701 52.673 52.647 52.621 52.594 51.561 59.516 10.462 0.000 0.000 0.000 0.000 0.000 0.000 0.000 0.000 0.000 0.000 0.000 0.000 41.911 77.756 88.658 89.546 89.687 87.780 95.589 88.579 90.249 88.928 88.849 88.750 88.655 88.563 89.470 61.374 39.281 0.000 0.000 27.050 0.000 25.823 27.766 27.676 27.565 27.458 27.359 27.269 27.189 27.121 27.064 27.021 24.991 26.975 32.973 29.979 0.000 0.000 0.000 31.041 30.038 29.033 28.025 27.015 26.004 29.993 40.983 36.974 38.966
51.889 51.852 51.819 51.789 51.763 51.741 51.721 52.702 54.684 56.659 31.603 0.000 0.000 0.000 0.000 0.000 0.000 0.000 0.000 0.010 9.010 0.000 0.000 12.220 53.087 83.962 89.849 89.835 88.862 95.776 95.688 91.576 89.278 89.125 89.027 88.928 88.831 88.734 84.634 31.504 0.000 0.000 0.000 27.051 33.027 27.934 27.846 27.754 27.661 27.570 27.482 27.400 27.327 27.262 27.209 27.166 24.136 33.118 33.111 29.111 0.000 0.000 0.000 30.030 29.027 30.021 30.014 30.006 29.997 29.988 28.979 28.972 27.966
52.934 52.900 55.871 59.845 62.823 66.805 68.792 71.784 70.781 62.787 0.893 12.048 36.079 4.099 0.000 0.000 0.000 0.000 0.000 40.036 67.010 6.977 0.000 46.353 79.257 89.145 90.041 89.970 89.193 95.852 88.025 89.707 89.385 89.306 89.204 89.105 89.005 89.907 76.829 0.000 0.000 0.000 0.000 7.074 27.098 28.037 29.930 29.834 27.756 27.678 27.600 27.525 27.455 27.394 27.342 24.300 29.270 32.250 33.242 24.243 0.000 0.000 0.000 14.024 35.018 35.012 32.005 28.997 28.990 29.982 30.975 30.969 29.964
54.974 53.944 60.918 69.897 70.879 69.866 68.859 67.859 64.871 58.903 33.984 51.047 69.089 38.120 22.146 0.000 0.000 0.000 11.094 50.062 64.018 2.944 21.799 63.582 88.442 91.330 90.171 90.384 88.358 95.916 90.016 89.727 89.575 89.479 89.381 89.283 89.179 91.061 34.945 0.000 0.000 0.000 0.000 0.000 23.255 29.187 10.004 9.896 26.850 27.787 27.716 27.644 27.576 27.516 26.465 24.423 33.392 33.372 30.365 24.377 30.430 0.000 0.000 0.000 46.008 61.004 53.997 49.989 45.982 41.976 44.970 44.965 27.961
55.011 54.985 57.962 60.944 59.930 57.921 55.918 53.923 51.939 51.971 61.020 63.069 60.110 57.144 61.173 9.198 0.000 0.000 51.125 81.101 32.055 27.982 61.871 85.732 90.611 90.474 90.596 88.552 96.001 88.431 90.142 89.825 89.750 89.653 89.559 89.466 92.366 49.213 0.000 0.000 0.000 0.000 0.000 0.000 25.479 30.453 0.000 0.000 23.960 27.905 27.832 27.758 27.690 27.629 24.578 32.536 33.503 32.480 23.469 27.470 27.482 0.000 0.000 0.000 14.003 43.999 61.989 60.981 60.975 60.969 60.964 54.960 44.957
55.044 55.022 55.003 53.987 53.976 54.969 54.969 54.976 52.993 54.021 59.058 62.099 58.138 53.173 56.203 11.224 0.000 0.000 43.181 53.161 31.120 64.057 78.971 87.868 90.764 90.706 89.810 96.392 96.146 89.428 90.154 90.009 89.917 89.825 89.737 89.658 92.604 0.000 0.000 7.989 16.989 0.000 0.000 26.844 29.730 28.692 35.738 0.000 24.125 28.042 27.949 27.867 27.796 25.735 27.682 33.639 33.604 25.578 26.561 27.551 27.548 0.000 0.000 0.000 0.000 0.000 43.981 59.972 59.967 59.962 59.958 60.954 60.952
55.075 55.056 55.040 55.026 55.017 55.012 55.013 54.021 53.036 57.060 61.092 61.130 56.169 52.208 57.244 10.269 0.000 0.000 39.258 8.241 55.207 79.156 85.087 91.012 90.876 91.098 89.095 96.611 88.860 90.568 90.252 90.178 90.083 89.993 89.905 96.824 80.789 0.000 3.989 53.989 39.989 0.000 0.000 21.958 29.904 28.847 28.784 34.640 32.374 31.189 28.057 27.964 27.892 24.831 32.778 33.734 29.697 24.668 27.645 27.626 29.611 33.623 0.000 0.000 0.000 0.000 0.000 56.961 59.958 59.954 59.951 60.948 58.945
55.106 55.088 55.073 55.061 55.053 55.049 54.050 53.057 55.071 59.092 62.122 58.158 53.201 52.247 55.295 37.340 24.394 25.400 21.352 22.337 62.312 83.272 89.219 91.130 91.286 89.291 96.994 96.811 89.873 90.583 90.433 90.340 90.247 90.158 95.068 37.944 52.939 22.978 53.988 61.990 0.000 0.000 0.000 21.127 30.081 29.010 28.912 38.762 49.542 23.285 33.124 29.041 25.977 27.919 33.867 32.821 23.783 26.751 27.725 27.697 14.648 15.635 0.000 0.000 0.000 0.000 0.000 37.952 58.950 59.947 59.944 63.941 59.939
55.135 55.118 55.104 55.093 55.085 55.080 53.081 53.086 57.098 64.116 65.144 61.181 56.228 54.285 54.349 56.402 56.442 65.452 6.415 40.442 78.432 85.402 91.358 91.347 90.498 97.319 97.162 90.242 91.018 90.676 90.598 90.499 90.408 90.325 98.263 0.000 36.046 38.007 27.996 29.993 0.000 0.000 0.000 24.342 30.283 29.199 35.093 50.953 27.747 0.000 14.112 27.101 25.056 33.001 33.948 29.901 26.862 27.830 27.806 29.790 0.000 0.000 0.000 0.000 0.000 0.000 29.946 10.947 49.942 59.939 59.937 64.934 59.931
55.162 55.146 55.132 55.121 55.113 54.108 53.107 55.110 62.117 39.132 15.157 14.195 11.246 41.315 58.415 53.475 56.522 37.552 0.000 45.584 83.571 89.552 91.468 91.735 89.777 97.465 90.588 91.360 90.924 90.860 90.751 90.653 90.559 91.472 89.397 11.339 11.192 0.000 0.000 0.000 0.000 0.000 23.779 31.616 29.510 28.411 48.309 52.209 0.000 0.000 0.000 23.194 29.144 34.083 34.025 23.974 27.933 27.901 27.879 30.868 0.000 0.000 0.000 0.000 0.000 0.000 8.946 0.000 37.933 59.931 59.930 65.928 59.925
55.187 55.171 55.157 55.146 54.137 53.131 55.128 58.128 66.131 25.136 0.000 0.000 0.000 0.000 40.519 55.563 56.618 42.681 44.760 70.737 87.725 91.681 91.882 89.929 97.721 97.599 91.575 91.265 91.112 91.004 90.902 90.802 90.704 93.607 78.514 7.426 0.000 0.000 0.000 0.000 0.000 0.000 23.941 30.836 29.729 27.628 55.522 16.365 0.000 0.000 29.470 34.339 34.242 34.161 32.093 27.038 27.995 27.963 27.942 29.933 0.000 34.018 0.000 0.000 0.000 0.000 0.000 0.000 30.925 59.924 59.924 59.922 59.920
55.210 55.194 55.180 55.169 54.160 53.152 57.147 61.144 65.143 23.144 0.000 0.000 0.000 0.000 20.580 63.640 58.708 64.793 77.862 86.883 90.879 91.918 91.097 97.937 97.833 90.923 91.693 91.346 91.259 91.150 91.049 90.950 94.849 57.738 29.626 0.000 0.000 0.000 0.000 0.000 0.000 26.430 31.209 30.056 31.941 28.850 52.786 0.000 0.000 24.759 31.601 47.449 36.325 33.227 29.150 27.090 27.045 28.013 27.995 27.991 33.011 29.018 20.018 0.000 0.000 0.000 26.913 28.914 27.918 59.918 59.918 59.917 59.916
55.230 55.214 55.201 55.190 53.180 55.171 61.164 62.158 60.154 47.154 8.156 0.000 0.000 0.000 0.000 16.710 12.779 52.921 84.013 88.051 92.032 92.235 90.386 98.032 90.246 92.020 91.581 91.512 93.396 92.292 91.193 91.099 97.003 19.871 0.000 0.000 0.000 0.000 0.000 8.021 46.906 46.651 34.410 31.239 42.130 37.046 37.986 0.000 0.000 22.918 27.726 38.531 34.383 38.272 32.189 35.128 34.083 31.051 28.032 27.024 27.025 33.025 0.000 0.000 0.000 0.000 23.912 23.912 33.913 59.913 59.913 59.912 59.912
