results3/res_3e8f-0062.wd
ncols         241
nrows         181
xllcorner     12693529.787448
yllcorner     3542525.717860
cellsize      155.156523
NODATA_value  -9999.000000
[rows 66 to 98 of 181, columns 74 to 147 of 241]
29.097 0.000 54.352 71.334 70.307 70.283 0.000 41.752 41.735 54.743 50.749 49.728 49.684 48.616 124.519 112.379 0.000 0.000 0.000 45.372 40.327 45.264 48.220 48.182 50.147 51.117 56.090 57.062 58.024 48.967 0.000 0.000 46.565 96.565 78.476 82.331 82.411 80.460 88.401 80.858 81.329 82.062 80.828 80.599 81.389 51.229 0.000 0.000 0.000 0.000 0.000 0.000 0.000 19.303 17.285 17.251 17.203 17.144 17.081 21.012 33.935 30.851 15.760 26.667 35.578 14.495 17.416 23.339 28.263 24.188 18.114 16.041 13.970 28.901
56.089 0.000 42.545 66.513 65.488 59.489 12.561 0.000 0.000 47.810 60.878 49.876 48.845 49.795 30.715 0.000 0.000 0.000 0.000 0.000 0.000 56.229 54.209 52.184 35.150 38.120 45.092 46.071 51.043 42.005 0.000 0.000 0.000 56.804 74.711 81.645 81.735 88.840 88.628 80.938 81.619 81.324 81.107 80.889 75.696 33.559 0.000 0.000 30.751 0.000 0.000 0.000 25.338 20.338 17.318 17.283 17.236 17.179 17.115 17.046 16.971 23.891 37.806 38.720 21.636 15.555 16.476 17.398 21.322 20.246 16.172 16.099 17.029 35.960
51.060 55.944 53.768 67.686 60.642 61.625 58.634 0.000 0.000 0.000 63.077 58.054 53.026 55.002 2.001 0.000 0.000 0.000 0.000 0.000 0.000 55.213 51.205 42.196 0.000 0.000 43.089 55.086 54.073 0.000 0.000 2.507 59.383 51.135 54.960 62.037 77.097 89.038 80.694 82.240 81.797 81.602 81.377 79.157 61.946 40.752 46.752 44.751 25.751 0.000 0.000 0.000 0.000 34.394 16.367 17.327 21.278 29.220 19.156 17.087 16.013 19.935 34.854 41.772 33.691 19.612 14.534 16.457 16.381 16.304 16.229 15.156 22.085 43.017
50.093 54.004 64.899 58.822 51.768 70.734 59.716 11.724 0.000 5.423 55.299 71.238 66.202 66.187 69.204 0.000 0.000 0.000 0.000 1.200 1.201 53.204 44.202 47.199 0.000 0.000 0.000 91.110 118.092 33.091 0.000 58.620 53.520 53.364 53.275 49.361 89.399 89.224 81.747 85.346 82.085 81.870 81.648 73.415 26.180 0.000 48.751 26.751 0.000 0.000 0.000 22.583 21.549 20.478 16.429 20.381 32.328 37.268 35.203 28.133 18.059 26.982 34.903 13.824 19.745 32.667 29.591 25.515 33.440 14.362 16.284 14.209 27.141 50.073
56.153 66.079 58.002 49.933 49.876 62.825 70.773 66.732 69.666 71.549 66.456 61.396 63.359 52.340 51.338 0.000 0.000 0.000 2.198 58.199 57.200 45.201 47.200 48.198 52.197 51.197 0.000 2.153 0.000 0.000 4.981 64.833 57.714 52.561 53.658 51.708 89.558 51.379 58.962 73.551 81.365 82.144 79.931 38.673 0.000 0.000 0.000 0.000 0.000 0.000 23.640 17.617 17.586 17.540 18.492 28.441 37.384 36.322 36.255 32.184 28.109 38.032 20.953 15.875 16.797 16.722 26.648 39.575 26.501 14.422 15.334 21.258 9.195 14.132
67.224 57.160 50.095 51.034 50.979 52.919 36.819 62.766 60.718 52.648 49.582 48.531 64.497 66.477 53.469 0.000 0.000 0.000 58.198 54.198 51.199 44.199 48.198 48.198 48.197 48.196 7.196 10.195 11.238 13.233 81.130 78.019 66.903 65.869 54.874 89.839 89.706 53.438 60.082 54.852 61.649 80.414 55.258 0.000 0.000 0.000 0.000 0.000 0.000 0.000 23.663 17.659 17.639 17.603 18.558 27.505 37.447 36.382 35.312 32.238 37.161 31.082 15.004 16.925 16.849 16.775 26.704 34.635 13.567 16.490 19.373 38.294 55.251 34.191
57.298 50.241 51.184 51.131 52.085 33.052 0.000 19.795 47.790 50.746 50.693 50.650 48.620 72.601 56.593 0.000 0.000 0.000 35.198 52.198 46.198 47.198 48.197 48.197 48.197 48.196 59.196 0.000 3.285 20.332 73.286 83.204 5.106 87.038 77.237 89.955 52.023 65.662 62.302 52.167 48.965 45.603 30.431 0.000 0.000 19.228 0.000 0.000 0.000 0.000 19.691 17.719 17.708 17.676 17.631 18.577 24.515 32.447 32.373 32.295 36.215 14.134 17.053 16.974 15.898 21.826 38.758 21.695 15.641 18.601 0.000 0.306 31.323 0.000
50.375 51.322 51.269 51.220 54.179 10.151 8.154 1.024 45.901 50.852 52.793 50.757 49.732 67.716 63.708 0.000 0.000 0.000 0.000 43.197 46.197 48.197 48.197 48.196 48.196 50.196 36.196 0.000 0.000 70.524 73.479 84.405 90.289 84.401 82.443 90.052 73.079 75.779 60.618 53.520 46.444 0.000 0.000 0.000 0.000 17.228 0.000 0.000 0.000 0.000 0.000 20.817 17.798 17.763 17.715 17.657 17.591 17.517 24.438 32.355 20.271 17.186 17.102 17.021 19.944 32.872 32.806 14.748 16.701 19.672 0.000 0.000 58.396 48.407
51.454 51.402 51.351 51.303 51.259 55.221 56.188 56.132 52.037 51.968 31.871 48.853 49.836 65.822 64.815 0.000 0.000 0.000 0.000 42.196 48.196 48.196 48.196 48.196 48.196 36.196 0.000 0.000 0.000 75.761 81.703 84.619 84.575 83.658 90.182 82.571 85.287 79.972 64.912 54.850 53.846 53.985 0.000 0.000 0.000 14.229 21.229 14.230 0.000 0.000 0.000 35.934 16.905 17.862 17.809 17.745 18.673 17.593 17.508 17.418 17.327 17.236 17.148 16.064 21.985 36.912 13.847 16.790 16.744 18.714 0.000 0.000 60.458 52.443
51.533 51.483 51.432 51.381 51.332 51.287 51.245 51.199 51.147 55.110 0.000 41.949 50.936 66.923 61.915 0.000 0.000 0.000 0.000 47.196 50.196 50.196 50.196 48.196 51.196 0.000 0.000 0.000 68.222 74.056 84.953 84.833 84.944 82.994 90.396 83.712 88.355 84.244 85.175 73.124 61.104 50.125 45.125 47.125 0.000 0.000 20.231 15.230 21.226 22.211 20.173 26.080 36.025 17.972 18.913 27.843 34.764 16.676 17.581 17.482 17.382 17.285 16.190 21.102 40.020 33.946 22.880 15.821 16.771 18.726 33.679 51.617 52.536 52.490
51.615 51.564 51.511 51.457 51.401 51.350 54.306 52.274 51.241 55.217 0.000 42.057 51.037 68.017 60.007 0.068 0.000 0.000 0.000 20.196 30.196 29.196 29.196 50.196 35.196 0.000 0.000 0.000 70.388 80.292 85.188 85.142 84.246 91.064 90.750 84.785 85.627 84.483 84.424 85.368 76.323 41.286 0.000 0.000 0.000 0.000 18.233 18.235 15.236 17.236 18.229 17.190 24.144 38.090 21.026 18.951 28.864 16.766 17.659 17.548 17.437 17.329 17.228 25.133 38.048 24.972 36.905 14.845 15.792 20.743 41.693 53.637 52.578 52.528
51.698 51.647 51.594 51.534 54.464 56.407 28.354 49.350 52.326 54.299 14.274 45.187 50.137 62.104 60.088 1.110 0.000 0.000 0.000 0.000 0.000 0.000 0.000 31.196 0.000 0.000 0.000 18.815 68.650 85.534 85.408 85.520 83.604 91.347 83.384 89.087 84.779 84.731 84.662 84.601 74.533 35.409 0.000 0.000 0.000 0.000 0.000 21.241 22.248 9.267 17.317 18.306 18.270 22.218 38.152 21.071 17.976 17.864 17.741 17.613 17.488 15.369 21.258 40.156 21.067 19.990 33.922 17.863 15.810 22.760 48.712 53.662 52.611 52.560
51.782 51.734 51.682 53.621 29.515 31.461 0.000 11.445 47.416 51.380 55.337 51.277 54.223 59.172 64.143 3.132 0.000 0.000 0.000 0.000 0.000 0.000 0.000 0.000 0.000 0.000 2.128 77.980 79.865 85.757 85.709 84.827 91.856 91.611 84.454 85.165 85.034 84.962 84.897 83.840 63.800 0.000 0.000 0.000 0.000 0.000 0.000 0.000 13.247 0.000 24.466 21.449 17.413 17.360 19.292 36.207 25.103 16.976 17.827 17.677 16.534 21.400 23.278 22.168 19.075 16.997 16.931 16.874 17.824 30.777 52.733 53.689 55.644 51.593
51.867 51.823 51.782 56.751 0.000 0.000 17.650 9.568 43.514 52.466 50.417 52.363 64.304 36.219 30.181 0.000 0.000 0.000 0.000 0.000 0.000 0.000 0.000 0.000 0.000 0.000 65.252 70.166 84.074 85.955 86.083 84.178 92.081 83.965 85.636 85.327 85.265 85.188 85.121 77.064 54.025 0.000 0.000 0.000 0.000 0.000 0.000 0.000 0.000 0.000 28.632 23.611 17.572 15.518 18.449 18.364 34.254 27.108 17.915 18.733 16.570 23.422 23.286 20.162 14.068 16.994 16.932 18.880 32.834 51.792 53.754 56.718 48.683 9.643
50.950 50.908 50.873 53.850 23.855 20.816 52.733 57.663 51.605 49.554 56.503 66.454 69.410 0.000 0.000 0.000 0.000 0.000 0.000 0.000 0.000 0.000 0.000 0.000 0.000 0.000 67.432 75.362 85.271 86.262 85.301 92.495 92.294 85.002 85.702 85.561 85.481 85.405 85.336 67.271 49.212 0.000 0.000 0.000 0.000 0.000 0.000 0.000 0.000 0.000 26.819 24.791 24.747 21.691 14.624 16.544 17.441 33.289 32.992 29.772 26.591 19.431 18.282 15.128 16.041 16.977 20.925 40.879 52.839 52.804 53.772 52.746 43.727 0.717
66.027 64.986 62.951 59.922 60.899 60.859 57.803 58.746 60.691 60.640 66.589 68.538 26.474 0.000 0.000 0.000 0.000 0.000 0.000 0.000 0.000 0.000 0.000 0.000 5.937 13.859 68.681 85.573 86.481 86.431 85.660 92.681 84.489 86.158 85.843 85.775 85.691 85.617 83.547 65.470 36.341 0.000 0.000 0.000 0.000 0.000 0.000 0.000 0.000 0.000 17.033 20.989 23.935 24.875 23.813 20.747 16.677 10.615 0.000 0.000 0.000 0.000 0.000 19.028 16.992 19.950 40.911 53.874 52.841 53.812 56.786 52.767 49.755 30.757
65.099 64.058 66.022 67.990 66.958 65.920 63.874 61.825 61.775 62.725 58.675 58.635 0.000 0.000 0.000 0.000 0.000 0.000 0.000 0.000 0.000 0.000 0.000 0.000 55.014 77.960 76.861 85.769 86.659 86.787 84.891 92.855 86.587 86.188 86.061 85.974 85.895 85.824 81.764 61.722 0.000 0.000 0.000 0.000 0.000 0.000 0.000 0.000 0.000 24.450 19.292 16.199 18.127 23.063 25.005 24.953 25.908 16.878 0.000 0.000 0.000 0.000 0.000 19.964 17.947 33.922 54.893 52.865 52.839 52.815 53.795 52.780 52.771 43.768
51.166 52.126 59.090 68.057 74.024 61.989 55.949 50.906 48.860 47.809 53.751 32.693 0.000 0.000 0.000 0.000 0.000 0.000 0.000 0.000 0.000 0.000 0.000 0.000 61.146 77.105 85.035 86.953 86.924 86.057 93.161 93.014 88.610 86.413 86.249 86.169 86.089 86.020 80.965 55.931 0.000 0.000 0.000 0.000 0.000 0.000 0.000 0.000 24.745 19.610 19.484 19.388 18.310 15.246 20.193 24.151 25.123 22.113 0.000 0.000 0.000 0.000 22.903 16.918 20.912 48.896 52.876 52.855 52.835 52.816 52.800 52.788 52.779 27.776
50.228 54.190 59.156 61.124 64.093 54.061 50.027 50.991 50.950 52.901 30.826 0.000 0.000 0.000 0.000 0.000 0.000 0.000 0.000 0.000 0.000 0.000 0.000 0.000 47.319 76.280 86.220 87.125 87.259 85.373 93.296 86.170 87.838 86.515 86.446 86.356 86.274 86.202 77.143 50.108 0.000 0.000 0.000 0.000 0.000 0.000 0.000 24.007 19.880 19.759 19.650 19.557 19.481 19.419 16.370 15.335 18.321 25.338 25.428 0.000 0.000 0.000 16.890 17.892 35.887 52.876 51.861 51.845 52.829 52.814 52.801 52.791 51.784 17.781
50.286 52.251 53.219 51.191 50.163 51.136 50.108 50.079 50.048 55.021 0.052 0.000 0.000 0.000 0.000 0.000 0.000 0.000 0.000 0.000 0.000 0.000 0.000 0.000 55.531 84.479 87.410 87.388 86.524 93.541 93.423 89.172 86.869 86.721 86.628 86.537 86.450 87.370 67.298 55.249 0.000 0.000 23.697 0.000 23.443 25.390 25.290 20.135 20.009 19.897 19.798 19.711 19.638 19.578 19.532 18.500 15.486 24.492 25.517 18.517 0.000 0.000 24.874 16.873 24.868 30.859 33.847 37.835 43.822 49.810 51.800 51.792 49.786 14.783
51.340 51.308 51.280 51.255 50.233 50.212 50.191 50.169 49.142 57.113 8.112 0.000 0.000 0.000 0.000 0.000 0.000 0.000 0.000 0.000 0.000 0.000 0.000 39.956 75.794 86.697 87.589 87.734 85.830 93.646 86.635 88.305 86.985 86.906 86.807 86.713 86.620 87.528 59.432 37.340 0.000 0.000 19.697 0.000 18.496 20.437 20.346 20.233 20.125 20.024 19.933 19.852 19.783 19.725 19.680 17.648 19.631 25.627 22.633 0.000 0.000 0.000 23.860 22.858 21.852 20.845 19.835 18.825 22.815 33.805 29.797 31.790 35.785 16.782
49.390 49.362 49.338 49.318 49.302 49.288 50.276 52.263 54.239 29.176 0.000 0.000 0.000 0.000 0.000 0.000 0.000 0.000 0.000 7.090 0.000 0.000 10.242 51.118 81.995 87.886 87.876 86.908 93.829 93.743 89.630 87.333 87.180 87.083 86.984 86.887 86.791 82.691 29.562 0.000 0.000 0.000 19.698 25.699 20.608 20.518 20.423 20.327 20.233 20.142 20.058 19.982 19.915 19.859 19.815 16.783 25.763 25.754 21.753 0.000 0.000 0.000 22.849 21.846 22.840 22.833 22.825 22.816 22.807 21.799 21.792 20.787 19.783 19.780
50.435 53.411 57.392 60.377 64.367 66.362 69.362 68.368 60.376 0.000 9.762 33.787 1.809 0.000 0.000 0.000 0.000 0.000 38.104 65.090 5.072 0.000 44.366 77.279 87.174 88.077 88.010 87.238 93.903 86.078 87.761 87.440 87.361 87.259 87.161 87.061 87.963 74.885 0.000 0.000 0.000 0.000 0.000 19.790 20.721 22.604 22.502 20.419 20.337 20.255 20.176 20.102 20.037 19.982 16.938 21.905 24.884 25.874 16.873 0.000 0.000 0.000 6.842 27.836 27.830 24.823 21.815 21.807 22.799 23.793 23.787 22.783 22.779 23.778
51.476 58.457 67.442 68.432 67.428 66.431 65.444 62.470 56.522 31.645 48.737 66.791 35.831 19.865 0.000 0.000 0.000 9.136 48.118 62.094 1.020 19.742 61.576 86.458 89.356 88.206 88.425 86.404 93.964 88.068 87.780 87.629 87.533 87.436 87.338 87.234 89.116 33.001 0.000 0.000 0.000 0.000 0.000 15.952 21.882 2.674 2.562 19.510 20.442 20.365 20.288 20.215 20.150 19.095 17.050 26.016 25.994 22.984 16.993 23.040 0.000 0.000 0.000 38.825 53.821 46.813 42.805 38.798 34.791 37.785 37.781 20.777 21.775 22.774
52.513 55.497 58.487 57.481 55.483 53.492 51.511 49.545 49.598 58.676 60.750 57.809 54.858 58.899 6.934 0.000 0.000 49.155 79.137 30.097 26.015 59.870 83.739 88.629 88.501 88.632 86.594 94.045 86.483 88.195 87.878 87.803 87.706 87.613 87.520 90.420 47.268 0.000 0.000 0.000 0.000 0.000 0.000 18.184 23.156 0.000 0.000 16.617 20.557 20.476 20.395 20.320 20.254 17.197 25.151 26.116 25.091 16.077 20.076 20.087 0.000 0.000 0.000 6.820 36.815 54.804 53.795 53.788 53.782 53.777 47.773 37.770 23.769 1.772
52.545 52.533 51.526 51.524 52.529 52.542 52.565 50.600 51.649 56.712 59.777 55.838 50.893 53.939 8.970 0.000 0.000 41.193 51.177 29.141 62.077 76.983 85.884 88.787 88.736 87.848 94.440 94.190 87.480 88.207 88.061 87.970 87.878 87.790 87.711 90.657 0.000 0.000 6.040 15.040 0.000 0.000 19.564 22.444 21.403 28.448 0.000 16.785 20.693 20.589 20.496 20.416 18.348 20.290 26.243 26.205 18.177 19.158 20.147 20.144 0.000 0.000 0.000 0.000 0.000 36.794 52.784 52.778 52.773 52.768 53.765 53.762 28.761 0.000
52.574 52.564 52.560 52.560 52.567 52.582 51.606 50.641 54.688 58.745 58.809 53.874 49.937 54.995 8.037 0.000 0.000 37.246 6.239 53.214 77.168 83.102 89.032 88.904 89.133 87.136 94.661 86.912 88.620 88.304 88.231 88.135 88.045 87.958 94.876 78.842 0.000 2.039 52.040 38.040 0.000 0.000 14.684 22.626 21.564 21.493 27.334 25.046 23.841 20.690 20.583 20.500 17.431 25.373 26.325 22.285 17.254 20.230 20.212 22.199 26.209 0.000 0.000 0.000 0.000 0.000 49.770 52.767 52.763 52.759 53.756 51.753 25.752 0.000
52.599 52.592 52.588 52.590 52.598 51.613 50.637 52.671 56.716 59.773 55.838 50.911 49.987 53.066 35.145 22.252 23.304 19.306 20.317 60.308 81.279 87.235 89.153 89.317 87.330 95.047 94.863 87.925 88.635 88.485 88.392 88.299 88.210 93.120 35.996 50.991 21.029 52.039 60.041 0.000 0.000 0.000 13.862 22.812 21.734 21.627 31.463 42.222 15.937 25.748 21.647 18.571 20.505 26.447 25.398 16.357 19.324 20.298 20.272 7.230 8.219 0.000 0.000 0.000 0.000 0.000 30.760 51.756 52.753 52.749 56.746 52.743 41.741 0.000
52.621 52.615 52.612 52.615 52.622 50.636 50.658 54.689 61.732 62.792 58.862 53.943 52.035 52.138 54.226 54.306 63.353 4.358 38.415 76.424 83.407 89.374 89.373 88.533 95.374 95.215 88.295 89.070 88.728 88.650 88.551 88.459 88.377 96.315 0.000 34.097 36.058 26.047 28.044 0.000 0.000 0.000 17.090 23.026 21.935 27.820 43.667 20.445 0.000 6.718 19.688 17.632 25.570 26.512 22.463 19.421 20.389 20.365 22.350 0.000 0.000 0.000 0.000 0.000 0.000 22.752 3.753 42.747 52.743 52.740 57.737 52.733 52.728 41.718
52.640 52.634 52.631 52.633 51.640 50.652 52.670 59.695 36.733 12.800 11.875 8.964 39.074 56.223 51.317 54.393 35.446 0.000 43.563 81.563 87.558 89.486 89.764 87.816 95.520 88.642 89.413 88.976 88.912 88.802 88.705 88.611 89.524 87.448 9.390 9.243 0.000 0.000 0.000 0.000 0.000 16.560 24.383 22.267 21.160 41.050 44.942 0.000 0.000 0.000 15.755 21.698 26.632 26.571 16.519 20.477 20.445 20.423 23.412 0.000 0.000 0.000 0.000 0.000 0.000 1.752 0.000 30.734 52.733 52.731 58.728 52.725 52.721 46.715
52.655 52.649 52.647 51.648 50.653 52.661 55.674 63.689 22.704 0.000 0.000 0.000 0.000 38.362 53.425 54.503 40.591 42.704 68.709 85.717 89.689 89.904 87.964 95.776 95.654 89.628 89.318 89.165 89.056 88.954 88.854 88.756 91.658 76.565 5.477 0.000 0.000 0.000 0.000 0.000 0.000 16.738 23.616 22.497 20.390 48.277 9.110 0.000 0.000 22.024 26.880 26.773 26.689 24.620 19.566 20.523 20.492 20.472 22.463 0.000 26.521 0.000 0.000 0.000 0.000 0.000 0.000 23.724 52.724 52.723 52.721 52.719 52.716 50.713
52.667 52.662 52.659 51.659 50.662 54.667 58.675 62.684 20.690 0.000 0.000 0.000 0.000 18.440 61.517 56.604 62.713 75.811 84.857 88.874 89.930 89.124 95.992 95.888 88.977 89.747 89.399 89.311 89.202 89.100 89.001 92.900 55.789 27.677 0.000 0.000 0.000 0.000 0.000 0.000 19.288 24.038 22.845 24.718 21.624 45.561 0.000 0.000 17.414 24.169 39.966 28.828 25.729 21.656 19.600 19.559 20.529 20.510 20.504 25.518 21.522 12.521 0.000 0.000 0.000 19.710 21.711 20.715 52.716 52.715 52.714 52.713 52.712 50.711
52.677 52.671 52.668 50.667 52.668 58.671 59.676 57.680 44.683 5.681 0.000 0.000 0.000 0.000 14.600 10.683 50.846 81.969 86.032 90.034 90.253 88.418 96.087 88.301 90.075 89.635 89.565 91.448 90.344 89.244 89.150 95.054 17.921 0.000 0.000 0.000 0.000 0.000 0.993 39.778 39.538 27.282 24.010 34.903 29.830 30.781 0.000 0.000 15.659 20.273 30.989 26.843 30.745 24.674 27.622 26.582 23.554 20.536 19.527 19.527 25.527 0.000 0.000 0.000 0.000 16.709 16.708 26.709 52.709 52.709 52.708 52.707 52.707 26.709
