results3/res_3e8f-0080.wd
ncols         241
nrows         181
xllcorner     12693529.787448
yllcorner     3542525.717860
cellsize      155.156523
NODATA_value  -9999.000000
[rows 33 to 65 of 181, columns 73 to 145 of 241]
0.000 0.000 0.000 0.000 0.000 0.000 0.000 0.000 0.000 0.000 0.000 0.000 0.000 0.000 0.000 0.000 0.000 0.000 0.000 0.000 0.000 0.000 0.000 0.000 0.000 0.000 0.000 0.000 0.000 0.000 0.000 0.000 0.000 0.000 0.000 0.000 0.000 0.000 0.000 35.477 58.478 63.480 19.481 0.000 0.000 28.543 42.565 9.549 0.554 32.580 35.589 29.586 30.571 31.541 31.498 31.441 31.370 30.288 36.192 56.061 2.714 9.830 7.313 42.624 59.139 63.694 62.278 62.905 61.467 63.580 58.657 58.227 58.219
0.000 0.000 0.000 0.000 0.000 0.000 0.000 0.000 0.000 0.000 0.000 0.000 0.000 0.000 0.000 0.000 0.000 0.000 0.000 0.000 0.000 0.000 0.000 0.000 0.000 0.000 0.000 0.000 0.000 0.000 0.000 0.000 0.000 0.000 0.000 0.000 0.000 0.000 0.000 0.000 10.479 5.479 0.000 0.000 0.000 0.000 24.637 0.000 0.000 22.611 46.641 45.644 35.629 31.598 31.549 31.482 31.398 30.304 52.211 50.136 0.000 32.847 45.485 58.989 63.517 63.070 62.664 62.194 63.278 59.314 58.564 58.812 61.129
0.000 0.000 0.000 0.000 0.000 0.000 0.000 0.000 0.000 0.000 0.000 0.000 0.000 0.000 0.000 0.000 0.000 0.000 30.948 62.948 15.948 0.000 0.000 0.000 0.000 0.000 0.000 0.000 0.000 0.000 0.000 0.000 0.000 0.000 0.000 0.000 0.000 0.000 0.000 0.000 0.000 0.000 0.000 0.000 0.000 0.000 16.709 0.000 0.000 0.000 24.722 42.718 42.704 33.672 31.618 31.539 29.436 45.318 54.212 0.000 18.659 43.225 57.793 64.329 63.865 63.434 62.934 64.985 60.986 59.032 59.416 61.751 61.007
0.000 0.000 0.000 0.000 0.000 0.000 0.000 0.000 0.000 0.000 0.000 17.949 55.949 0.000 0.000 0.000 0.000 0.000 37.949 88.948 44.948 0.000 0.000 0.000 0.000 0.000 0.000 0.000 0.000 0.000 0.000 0.000 0.000 0.000 0.000 0.000 0.000 0.000 0.000 0.000 0.000 0.000 0.000 0.000 0.000 0.000 19.781 20.815 27.832 13.833 23.807 31.803 44.796 35.769 31.712 28.619 39.490 49.321 38.106 13.691 43.094 60.601 65.134 64.663 64.213 63.686 63.705 62.676 59.616 60.039 62.379 61.635 61.414
0.000 0.000 0.000 0.000 0.000 0.000 0.000 0.000 0.000 0.000 0.000 38.949 73.949 62.949 49.949 4.949 0.000 22.949 76.949 84.949 49.948 0.000 0.000 0.000 0.000 18.831 0.000 0.000 0.000 0.000 0.000 0.000 0.000 0.000 0.000 0.000 0.000 2.839 0.000 0.000 0.000 6.840 24.840 0.000 0.000 35.828 50.820 53.832 51.847 37.860 31.871 30.890 44.907 35.896 27.842 41.737 55.584 43.369 31.202 45.873 50.423 62.952 65.474 65.008 64.457 64.443 62.388 60.316 60.688 63.025 62.278 62.051 61.732
0.000 0.000 0.000 0.000 0.000 0.000 0.000 0.000 0.000 0.000 0.000 9.949 71.949 54.949 35.950 0.000 18.950 68.949 79.949 86.949 45.948 0.000 0.000 0.000 0.000 56.831 40.831 0.000 0.000 0.000 0.000 0.000 0.000 0.000 0.000 0.000 19.839 31.839 33.839 0.000 0.000 15.840 40.840 19.840 33.839 56.836 59.837 60.847 57.864 44.890 31.927 28.981 46.046 37.066 41.025 58.900 52.742 0.000 29.458 48.178 60.772 66.308 65.832 65.260 65.209 63.131 61.149 61.370 63.697 62.945 62.710 62.380 62.065
0.000 0.000 0.000 0.000 0.000 0.000 0.000 0.000 0.000 0.000 0.000 0.000 0.000 22.950 60.950 56.950 44.950 57.950 77.949 88.949 41.948 0.000 0.000 0.000 0.000 18.831 42.832 44.832 0.000 0.000 0.000 0.000 0.000 0.000 0.000 0.000 35.839 36.839 48.839 31.840 20.840 34.840 35.841 31.841 38.841 45.842 43.845 36.854 55.872 21.909 37.966 41.061 31.228 43.298 56.291 53.096 0.000 4.418 40.993 57.610 66.179 66.691 66.115 66.023 62.928 62.159 62.100 64.405 63.646 63.401 63.057 62.725 62.390
0.000 0.000 0.000 0.000 0.000 0.000 0.000 0.000 0.000 0.000 0.000 0.000 0.000 12.950 79.950 74.951 64.951 54.951 78.950 86.949 81.947 66.945 21.943 0.000 0.000 0.000 0.000 52.832 36.832 34.833 45.833 40.833 3.833 0.000 0.000 0.000 35.839 34.839 55.839 61.840 50.840 42.841 34.841 31.842 32.843 33.844 32.848 30.853 38.859 0.000 0.000 0.382 36.508 59.608 57.747 0.000 3.249 40.843 54.484 64.101 67.612 67.144 67.893 63.812 63.429 62.901 65.164 64.393 64.133 63.774 63.425 63.068 62.708
0.000 0.000 0.000 0.000 0.000 0.000 0.000 0.000 0.000 0.000 0.000 0.000 0.000 0.000 12.951 51.951 26.952 62.952 81.951 86.950 84.947 82.944 71.941 30.939 0.000 0.000 0.000 8.832 47.832 47.833 60.833 58.833 51.833 46.834 0.000 0.000 2.838 39.839 58.839 65.840 57.840 41.841 30.842 31.843 31.844 31.845 31.848 31.851 35.854 0.000 0.000 0.000 6.694 43.881 13.340 10.670 45.562 50.311 62.019 68.598 68.422 66.627 64.917 65.101 63.808 65.995 65.202 64.916 64.538 64.170 63.794 63.413 63.020
0.000 0.000 0.000 0.000 0.000 0.000 0.000 0.000 0.000 0.000 0.000 0.000 0.000 0.000 0.000 0.000 83.954 83.954 85.953 85.951 84.947 78.943 72.939 43.936 0.000 0.000 0.000 0.000 0.000 15.833 60.833 54.833 69.833 66.834 45.835 24.836 25.838 34.839 56.839 65.840 56.840 39.841 29.842 34.843 33.844 31.846 31.848 31.850 32.851 24.850 0.000 0.000 0.000 0.000 5.062 48.109 51.017 58.843 69.540 69.629 67.968 69.781 67.404 64.885 66.932 66.090 65.764 65.355 64.963 64.567 64.171 63.771 62.351
0.000 0.000 0.000 0.000 0.000 0.000 18.784 41.783 0.000 19.745 59.736 48.726 52.717 27.712 0.000 0.000 19.956 91.957 85.957 82.954 79.949 82.942 73.935 36.931 0.000 0.000 0.000 0.000 0.000 0.000 0.000 4.833 58.834 59.834 10.834 0.000 1.838 38.839 56.839 61.840 51.840 42.841 40.842 2.843 9.844 37.846 31.847 31.849 32.850 38.850 46.850 8.850 0.000 0.000 20.737 53.687 57.567 68.358 70.555 70.177 73.499 72.042 66.297 68.020 67.082 66.686 66.232 65.807 65.386 64.967 64.550 64.150 69.826
0.000 0.000 0.000 0.000 0.000 0.000 18.785 61.782 3.771 53.753 55.738 67.725 50.714 35.707 0.000 0.000 7.958 76.960 88.964 85.960 85.952 86.940 80.930 34.923 0.000 0.000 0.000 0.000 0.000 0.000 0.000 0.000 0.000 43.834 2.834 0.000 0.000 44.839 41.839 53.840 10.840 0.000 0.000 0.000 0.000 3.847 41.847 35.848 0.000 28.850 62.850 45.850 0.000 0.000 25.471 59.305 68.197 71.304 71.051 75.262 74.521 67.720 69.198 68.162 67.679 67.168 66.702 66.251 65.807 65.364 64.913 64.452 68.979
17.059 61.057 51.055 0.000 0.000 0.000 12.788 72.791 48.778 50.758 56.739 80.721 81.706 76.694 30.683 0.000 0.000 0.000 36.980 90.972 85.957 86.938 83.920 42.907 0.000 0.000 0.000 0.000 0.000 0.000 0.000 0.000 0.000 1.834 0.000 0.000 0.000 0.000 0.000 0.000 0.000 0.000 0.000 0.000 0.000 0.000 0.000 16.848 13.848 0.000 0.000 0.000 0.000 14.869 52.286 69.232 70.898 71.822 76.183 75.804 68.785 70.272 69.235 68.699 68.138 67.633 67.152 66.687 66.229 65.767 65.288 64.765 67.117
17.060 73.057 55.053 51.048 0.000 0.000 0.000 64.816 66.791 66.763 78.737 75.715 87.696 86.681 47.671 0.000 0.000 0.000 13.003 92.990 85.966 86.936 83.905 43.878 0.000 0.000 4.519 52.487 64.453 33.429 0.000 0.000 0.000 0.000 0.000 0.000 0.000 0.000 0.000 0.000 0.000 0.000 0.000 0.000 0.000 0.000 0.000 0.000 1.848 0.000 0.000 0.000 12.836 53.340 70.295 70.870 77.076 76.564 70.107 70.637 71.086 70.209 69.673 69.100 68.571 68.068 67.587 67.118 66.654 66.187 65.708 72.202 12.660
81.062 78.058 57.052 58.043 50.032 0.000 54.909 49.865 57.808 70.767 74.731 85.706 86.683 85.664 54.649 0.000 0.000 0.000 12.041 92.018 85.981 86.936 81.885 61.823 45.727 46.638 46.551 54.491 75.441 42.406 0.000 0.000 0.000 0.000 0.000 0.000 0.000 0.000 0.000 0.000 0.000 0.000 0.000 0.000 0.000 0.000 0.000 0.000 0.000 0.000 10.942 41.715 51.216 70.195 71.780 78.461 77.853 70.673 72.358 71.655 71.067 70.556 70.008 69.482 68.974 68.484 68.009 67.543 67.082 66.621 73.153 18.678 0.000
78.065 73.061 71.053 54.041 58.021 57.990 48.952 41.929 0.000 0.000 16.713 75.695 86.666 84.642 69.613 36.573 0.000 0.000 61.102 82.060 87.004 85.942 86.876 76.803 52.719 49.636 48.555 57.484 75.417 58.346 44.250 45.173 49.117 60.082 24.068 0.000 0.000 0.000 0.000 0.000 0.000 0.000 0.000 0.000 0.000 0.000 0.000 0.000 0.000 0.000 22.146 61.981 69.920 72.563 79.353 78.953 71.420 73.055 72.243 71.833 71.347 70.843 70.341 69.844 69.358 68.884 68.421 67.964 67.512 73.060 19.606 0.000 0.000
67.070 19.066 87.060 58.047 52.022 52.997 54.980 54.970 43.980 0.000 0.000 0.000 20.645 91.624 81.588 59.533 51.440 58.336 57.204 59.116 67.034 67.953 54.873 51.793 49.712 49.631 48.551 57.472 72.395 51.314 48.229 53.153 69.095 72.061 57.054 31.054 0.000 0.000 0.000 0.000 0.000 0.000 0.000 0.000 0.000 0.000 0.000 0.000 0.000 13.005 54.840 70.441 73.274 79.913 79.673 72.139 73.752 72.937 72.546 72.079 71.613 71.140 70.665 70.195 69.731 69.275 68.826 68.382 73.941 19.500 0.000 0.000 0.000
13.077 86.075 87.071 73.067 0.000 0.024 59.999 55.992 66.990 57.990 0.000 0.000 0.000 79.619 76.585 61.529 52.452 49.363 49.263 52.166 65.062 72.962 75.869 68.785 58.706 51.626 50.544 66.460 69.375 44.287 48.199 48.117 49.049 53.012 32.033 0.000 0.000 0.000 2.697 0.000 0.000 0.000 0.000 0.000 0.000 0.000 0.000 16.254 47.919 55.764 69.268 80.573 80.178 73.228 73.807 74.348 73.631 73.237 72.783 72.338 71.888 71.437 70.986 70.538 70.096 69.659 70.226 76.797 20.369 0.000 0.000 0.000 0.000
91.084 87.086 87.085 87.081 74.075 57.056 57.026 57.008 47.998 0.000 13.728 20.728 72.701 69.650 72.602 65.545 66.478 66.402 66.318 69.225 64.084 63.967 65.854 69.774 70.699 68.622 64.539 75.451 73.358 61.261 62.162 62.065 63.974 38.906 0.000 0.000 0.000 0.000 3.697 0.000 0.000 0.000 0.000 0.000 0.000 3.131 50.915 51.479 72.489 73.039 81.688 81.190 75.736 75.433 74.801 74.310 73.906 73.465 73.033 72.599 72.166 71.733 71.303 70.877 70.456 71.038 74.623 7.210 0.000 0.000 0.000 0.000 0.000
90.092 86.099 86.101 87.098 84.087 62.067 56.041 57.017 57.996 49.975 0.000 64.756 61.724 62.678 63.628 58.573 62.512 67.447 75.383 60.330 0.000 0.000 10.806 68.759 64.696 64.623 64.539 64.446 64.345 64.238 64.125 64.006 61.877 56.731 29.535 0.000 5.242 49.016 55.697 67.356 37.081 0.000 0.000 0.000 0.000 52.324 63.130 75.055 75.688 82.444 82.101 76.411 76.066 75.310 74.959 74.546 74.124 73.703 73.281 72.861 72.442 72.027 71.616 71.212 71.812 74.415 22.019 0.000 0.000 0.000 0.000 0.000 0.000
76.099 76.115 76.124 87.122 87.108 77.085 53.055 56.024 56.993 56.955 62.893 71.815 55.761 52.711 50.660 57.606 72.550 71.493 56.436 36.383 0.000 0.000 0.000 0.000 53.701 48.636 48.549 48.448 48.338 49.220 52.094 52.956 52.798 51.605 52.340 50.925 50.469 59.108 65.720 63.288 69.807 67.192 61.638 59.105 61.473 73.034 76.528 76.313 82.940 82.724 77.072 76.706 75.936 75.589 75.172 74.762 74.350 73.939 73.530 73.121 72.715 72.315 71.924 72.542 73.165 11.790 0.000 0.000 0.000 0.000 0.000 0.000 0.000
0.000 42.137 54.159 82.157 86.139 67.109 50.069 49.031 56.996 56.959 55.910 49.851 50.794 56.745 73.695 72.642 55.589 48.537 38.487 0.000 58.141 67.088 63.005 63.901 66.772 69.672 68.571 69.461 72.339 71.210 68.074 69.926 64.756 50.551 54.294 52.966 57.601 75.227 81.788 78.269 71.669 66.126 67.639 74.087 78.928 77.332 83.549 83.188 77.092 78.690 77.257 76.576 76.216 75.796 75.390 74.981 74.576 74.174 73.776 73.380 72.983 73.593 71.223 66.868 18.516 0.000 0.000 0.000 0.000 0.000 0.000 0.000 0.000
0.000 0.000 47.219 66.207 77.184 52.142 44.082 51.034 49.003 55.973 56.937 56.885 49.819 66.779 58.733 47.680 50.625 42.580 0.000 67.271 70.194 70.116 72.028 72.926 75.814 79.708 78.602 78.486 78.348 80.206 81.067 78.917 66.748 52.551 54.317 54.045 53.742 56.410 29.937 2.331 91.471 133.028 110.564 76.500 78.016 84.562 84.105 77.560 80.275 77.674 77.214 76.837 76.422 76.015 75.606 75.199 74.798 74.406 74.021 73.638 75.246 69.849 58.510 13.189 0.000 0.000 0.000 0.000 0.000 0.000 0.000 0.000 29.146
0.000 0.000 2.292 23.270 58.246 40.194 0.000 46.021 51.008 50.995 56.979 45.932 0.000 50.820 48.777 50.719 51.652 61.578 75.477 72.348 74.248 80.157 90.063 133.961 130.850 130.745 130.644 130.532 131.360 115.201 47.070 49.929 47.768 55.586 54.381 51.153 48.913 30.733 0.000 0.000 0.286 57.826 74.908 79.531 85.274 84.948 77.182 78.868 78.151 77.831 77.445 77.044 76.640 76.231 75.820 75.409 75.010 74.629 75.265 73.904 65.513 54.047 11.778 0.000 0.000 0.000 0.000 0.000 0.000 0.000 0.000 20.287 41.219
73.498 21.464 10.393 73.333 51.337 0.000 0.000 0.000 45.014 58.020 50.051 0.000 2.980 58.903 49.836 60.766 73.688 73.603 78.504 81.396 74.295 60.199 51.105 47.007 44.878 47.779 48.699 35.637 0.000 52.166 49.082 47.960 51.811 55.644 52.466 44.276 51.022 31.878 0.000 0.000 53.153 70.179 79.935 85.769 85.548 77.787 79.459 78.740 78.431 78.046 77.660 77.264 76.861 76.452 76.034 75.609 75.205 75.837 71.506 60.201 16.857 0.000 0.000 0.000 0.000 0.000 0.000 0.000 0.000 0.000 0.000 38.354 37.297
83.516 91.499 79.477 0.000 8.431 2.526 0.000 0.000 0.000 0.000 54.155 52.140 60.057 56.977 56.900 56.819 73.733 87.640 76.540 56.437 54.336 49.240 51.152 42.083 0.000 53.792 50.735 39.680 0.000 53.216 48.134 49.016 55.873 53.711 51.565 33.461 0.000 0.000 49.752 47.629 64.427 80.355 86.043 78.747 79.307 79.954 79.336 79.027 78.649 78.274 77.887 77.491 77.088 76.680 76.254 76.787 76.365 66.006 50.721 13.536 0.000 0.000 0.000 0.000 0.000 0.000 0.000 0.000 13.743 12.696 27.610 39.478 27.389
73.541 77.541 67.540 0.000 0.000 67.620 60.648 54.647 0.000 6.367 72.275 69.208 56.131 57.050 56.966 57.878 78.784 130.685 123.581 70.475 125.372 46.273 50.180 50.090 51.988 49.863 49.768 49.669 51.529 47.348 47.222 56.099 54.953 51.763 46.623 35.542 0.000 0.000 51.874 58.744 80.766 79.663 86.410 79.799 80.378 79.916 79.613 79.252 78.887 78.510 78.122 77.725 77.322 76.927 78.514 73.921 55.463 42.102 43.836 9.686 0.000 0.000 0.000 0.000 0.000 0.000 0.000 0.000 22.789 27.736 41.656 35.560 25.472
69.569 64.584 8.601 0.000 0.000 50.687 59.678 56.645 74.573 68.460 73.367 81.288 72.208 57.125 57.036 56.942 55.841 49.734 44.623 49.512 46.404 50.301 50.204 50.108 50.010 49.906 49.805 49.698 48.571 53.426 55.307 56.203 40.078 0.000 39.623 0.000 0.000 0.000 56.100 78.036 82.056 87.446 86.965 79.902 80.545 80.175 79.848 79.500 79.135 78.757 78.368 77.964 77.546 76.194 37.953 0.000 0.000 0.000 0.000 0.000 0.000 0.000 0.000 19.197 14.183 13.150 12.092 16.009 24.889 40.804 34.720 25.632 35.548
61.593 52.627 57.678 2.767 55.795 51.763 50.731 68.684 61.615 77.530 86.448 66.369 52.289 50.204 53.113 56.013 56.905 56.788 49.666 48.545 49.431 49.324 50.225 50.131 50.038 54.944 51.849 48.748 49.629 52.477 56.377 45.330 0.000 0.000 0.000 0.000 11.848 131.726 75.427 82.452 80.433 87.870 79.746 82.252 83.725 80.439 80.109 79.763 79.397 79.015 79.630 76.216 63.704 54.350 12.151 0.000 0.000 0.000 0.000 0.000 0.000 0.000 21.216 21.211 21.204 22.173 22.119 23.045 36.955 36.870 20.786 23.703 25.621
36.608 37.651 31.719 55.827 51.856 50.839 61.799 65.743 76.674 83.599 49.524 48.450 49.374 51.290 50.198 47.094 54.976 55.846 56.707 55.572 49.449 48.341 47.242 48.152 54.066 112.983 80.901 60.814 43.722 0.000 58.393 66.409 0.000 0.000 0.000 0.000 55.973 66.874 83.755 81.793 88.608 88.253 80.846 81.364 82.018 80.713 80.388 80.044 79.677 80.275 78.919 31.568 0.000 0.000 0.000 0.000 0.000 0.000 0.000 0.000 0.000 0.000 28.221 24.227 21.248 22.221 20.167 32.096 39.016 22.935 23.853 31.772 29.692
0.000 0.000 0.000 48.967 51.964 53.936 74.885 85.814 99.739 81.667 10.600 67.535 67.465 51.386 51.295 50.188 48.061 50.913 56.744 54.585 55.455 57.346 55.252 53.168 49.092 44.022 48.957 43.885 0.000 0.000 0.000 52.505 44.529 0.000 0.000 0.000 66.197 83.078 83.157 81.175 88.932 80.594 83.082 84.577 81.308 81.005 80.688 80.350 79.991 77.490 32.205 0.000 0.000 0.000 0.000 0.000 0.000 0.000 0.000 0.000 0.000 27.864 0.000 0.000 29.342 19.295 30.231 42.158 30.080 25.000 29.920 33.840 26.761
0.000 0.000 0.000 47.110 53.095 69.058 79.991 127.889 121.800 123.731 129.676 125.623 126.565 51.495 51.408 50.301 50.167 49.001 43.771 53.570 55.439 56.338 54.251 56.176 56.111 57.057 50.020 0.000 0.000 0.000 0.000 53.577 38.553 0.000 0.000 57.718 79.507 83.439 82.424 89.522 89.235 81.662 82.198 82.876 81.602 81.315 81.007 81.675 56.446 0.000 0.000 0.000 0.000 0.000 0.000 0.000 0.000 0.000 40.058 29.014 18.948 22.865 22.765 23.642 23.483 26.387 39.305 36.225 31.145 32.065 29.986 27.907 23.830
13.226 0.000 0.000 48.268 65.250 73.209 79.131 49.953 48.839 47.781 44.748 45.718 45.677 51.620 51.543 67.440 67.305 43.153 0.000 40.482 53.395 55.316 53.239 55.174 55.120 56.075 52.045 0.000 0.000 0.000 51.770 36.674 0.000 0.000 59.073 67.922 84.766 83.659 82.833 89.790 81.361 83.876 86.402 82.168 81.909 81.646 80.350 67.899 26.673 0.000 0.000 0.000 0.000 0.000 26.286 21.268 21.232 21.177 25.102 37.037 39.965 25.882 20.787 22.679 24.563 39.464 38.376 24.292 33.211 34.131 33.052 25.974 21.897
