results3/res_3e8f-0093.wd
ncols         241
nrows         181
xllcorner     12693529.787448
yllcorner     3542525.717860
cellsize      155.156523
NODATA_value  -9999.000000
[rows 66 to 98 of 181, columns 146 to 218 of 241]
23.258 38.185 60.115 61.049 60.986 60.927 60.869 60.811 60.754 63.708 0.000 0.000 0.000 0.000 0.000 0.000 0.000 0.000 28.998 3.999 0.000 10.995 40.992 40.991 40.992 47.992 53.991 53.987 53.981 53.973 53.962 53.951 53.939 53.926 53.915 55.904 40.896 41.891 33.889 0.000 0.000 0.000 0.000 0.000 8.751 15.735 24.705 18.667 0.000 0.000 9.047 30.001 37.946 31.889 26.834 26.781 16.729 13.680 13.632 16.586 37.541 49.499 44.459 33.422 40.386 47.352 51.321 51.291 50.264 50.238 50.214 50.192 50.171
26.324 45.251 63.182 61.118 61.059 61.004 60.950 60.893 65.831 54.768 24.767 21.766 0.000 0.000 0.000 0.000 0.000 0.000 1.998 0.000 0.000 0.000 10.982 41.981 50.981 53.980 53.978 53.974 53.969 57.962 55.954 53.945 53.935 53.925 52.916 44.908 38.900 44.895 34.893 0.000 0.000 0.000 0.000 0.738 14.740 19.731 15.718 0.000 0.000 0.000 10.950 13.928 27.891 36.848 25.802 24.755 22.707 13.661 13.615 12.571 18.528 42.487 49.448 34.411 36.376 38.343 40.312 44.282 48.255 50.230 51.206 50.184 50.163
31.388 52.314 62.243 61.181 61.128 61.080 59.034 57.983 12.907 0.000 28.766 34.766 0.000 0.000 0.000 0.000 0.000 0.000 0.000 0.000 0.000 0.000 23.972 43.971 53.970 53.969 53.966 53.963 53.958 55.953 54.946 53.939 53.932 54.924 44.917 42.911 45.903 40.898 32.895 0.000 0.000 0.000 0.000 18.737 21.738 0.000 0.000 0.000 0.000 18.853 20.877 30.869 33.844 44.810 42.771 30.729 19.685 11.641 13.597 13.555 8.513 22.473 39.435 43.398 48.364 45.331 38.301 43.272 46.245 46.220 44.197 46.175 49.155
36.450 59.373 63.296 64.235 61.192 62.154 57.123 3.099 0.000 27.766 28.766 33.766 41.766 0.000 0.000 0.000 0.000 0.000 0.000 0.000 0.000 6.962 29.964 42.962 54.960 53.958 53.956 53.953 53.949 54.944 53.939 53.934 53.929 50.923 44.919 9.915 0.000 0.000 0.000 0.000 0.000 0.000 0.000 14.737 21.737 0.000 0.000 0.000 35.821 21.830 16.835 44.826 49.806 50.778 54.743 48.705 36.664 16.621 13.579 13.537 11.497 12.458 18.420 19.384 26.350 34.318 41.288 45.260 46.234 47.209 43.186 46.165 47.145
18.514 23.433 33.334 9.273 66.249 63.224 48.203 25.191 0.000 0.000 0.000 0.000 0.000 0.000 0.000 0.000 0.000 0.000 0.000 0.000 0.000 7.960 32.959 35.953 51.951 53.949 53.947 53.944 57.941 56.937 53.933 53.929 54.925 45.922 48.920 0.000 0.000 0.000 0.000 0.000 0.000 0.000 0.000 0.000 8.736 17.736 0.000 0.000 66.812 29.811 11.807 42.796 50.778 50.752 50.720 53.683 52.644 32.602 15.561 13.520 11.480 14.441 15.404 23.369 28.335 17.304 17.274 22.247 27.221 33.197 38.175 42.154 46.134
64.586 43.509 0.000 0.000 70.310 62.288 49.277 31.270 0.000 0.000 0.000 0.000 0.000 0.000 0.000 0.000 0.000 0.000 0.000 0.000 0.000 0.000 0.000 37.941 53.941 53.939 53.938 53.936 55.933 54.930 53.927 53.924 54.922 42.920 52.919 0.000 0.000 0.000 0.000 0.000 0.000 0.000 0.000 0.000 0.000 0.000 0.000 0.000 3.804 19.796 12.787 42.774 50.756 50.732 51.702 51.666 51.626 44.584 20.542 16.501 14.461 11.423 32.386 44.351 50.318 34.288 27.259 23.232 21.207 18.184 18.162 18.142 46.123
40.675 0.000 0.000 67.523 67.391 65.342 56.347 41.342 0.000 0.000 0.000 0.000 0.000 0.000 0.000 0.000 0.000 0.000 0.000 0.000 0.000 0.000 19.926 42.930 54.931 53.931 53.930 54.928 53.926 53.924 53.922 53.919 54.918 47.917 12.918 0.000 0.000 0.000 0.000 0.000 0.000 0.000 0.000 0.000 0.000 0.000 0.000 0.000 0.000 16.783 15.770 33.758 48.742 51.719 45.689 41.652 47.611 38.565 21.522 20.482 29.442 24.404 47.367 51.332 50.300 48.270 48.242 45.216 43.192 40.169 36.148 28.128 48.110
67.742 57.749 63.719 19.654 0.000 0.000 62.427 36.409 0.000 0.000 0.000 0.000 0.000 0.000 0.000 0.000 0.000 0.000 0.000 0.000 0.000 0.000 35.921 47.923 54.924 53.923 53.923 55.922 55.920 53.918 53.916 53.914 52.913 48.912 0.000 0.000 0.000 0.000 0.000 0.000 0.000 0.000 0.000 0.000 0.000 0.000 0.000 0.000 0.000 0.000 4.752 30.745 48.733 49.715 30.683 33.645 35.600 32.544 17.501 14.462 37.422 46.383 50.346 52.311 52.280 53.250 51.223 51.198 52.175 51.153 52.133 52.114 51.097
69.804 61.785 66.754 17.721 0.000 0.000 53.527 1.527 0.000 0.000 31.654 0.000 0.000 0.000 0.000 0.000 0.000 0.000 0.000 0.000 0.000 0.000 38.916 50.917 54.917 53.917 53.916 54.915 54.914 53.913 53.911 54.909 50.908 45.906 0.000 0.000 0.000 0.000 0.000 0.000 0.000 0.000 0.000 0.000 0.000 0.000 0.000 0.000 0.000 0.000 9.742 25.738 47.732 49.725 0.000 0.000 0.000 22.509 16.476 11.442 25.403 44.361 50.322 52.288 52.257 52.229 50.203 50.179 51.157 50.136 50.117 51.099 51.082
61.884 61.834 61.792 59.755 46.727 32.685 25.626 24.626 20.644 23.652 26.655 26.655 0.000 0.000 0.000 0.000 0.000 0.000 0.000 1.891 0.000 0.000 37.910 51.911 53.911 53.911 53.911 53.910 53.909 53.907 53.906 53.904 35.902 30.900 28.895 23.893 0.000 0.000 0.000 0.000 0.000 0.000 0.000 0.000 0.000 0.000 0.000 0.000 0.734 26.735 17.736 21.734 41.731 42.728 15.728 0.000 0.000 0.000 13.451 18.427 17.388 36.335 49.295 50.261 50.232 50.206 50.181 50.159 50.138 50.119 50.100 50.083 50.067
61.930 61.875 61.825 60.780 57.741 59.702 33.668 12.655 50.656 23.657 27.657 3.656 0.000 0.000 0.000 0.000 0.000 0.000 0.000 45.891 0.000 0.000 36.904 50.905 54.905 53.906 55.905 56.905 54.904 53.903 53.901 51.900 44.898 35.896 36.893 35.892 0.000 0.000 0.000 0.000 0.000 0.000 0.000 0.000 0.000 0.000 0.000 0.000 0.000 29.734 21.734 28.732 43.730 38.728 44.728 0.000 0.000 0.000 0.000 0.000 0.000 26.297 49.260 50.231 50.205 50.180 50.158 50.137 50.118 50.100 50.083 50.067 50.052
61.968 61.913 62.852 64.799 61.754 61.715 60.687 61.673 52.667 30.664 2.660 0.000 0.000 0.000 0.000 0.000 0.000 0.000 0.000 38.891 25.892 15.894 31.898 53.900 53.901 53.901 53.901 53.900 53.900 53.898 53.897 53.896 51.894 30.892 34.890 41.889 0.000 0.000 0.000 0.000 0.000 0.000 0.000 0.000 0.000 0.000 0.000 0.000 0.000 41.734 0.000 8.730 31.729 38.728 0.000 0.000 0.000 0.000 0.000 0.000 0.000 0.000 38.217 51.198 50.176 50.154 50.133 50.114 50.097 50.080 50.064 50.050 50.035
65.007 60.955 57.873 59.811 62.761 62.718 64.694 61.681 59.674 46.671 0.000 0.000 0.000 0.000 0.000 0.000 0.000 0.000 0.000 0.000 29.891 21.892 37.894 55.896 53.896 53.897 53.897 53.896 53.896 53.895 53.894 53.892 54.890 43.888 30.887 34.885 40.882 0.000 0.000 0.000 0.000 0.000 0.000 0.000 0.000 0.000 0.000 0.000 0.000 0.000 0.000 0.000 16.728 35.728 0.000 0.000 0.000 0.000 0.000 0.000 0.000 0.000 26.193 47.170 50.146 50.126 50.107 50.090 50.075 50.060 50.046 50.032 50.019
58.053 19.029 0.000 0.000 0.000 54.701 59.692 65.683 61.678 50.675 0.676 0.000 34.675 4.675 0.000 0.000 0.000 0.000 0.000 0.000 21.889 25.890 46.891 54.892 55.893 56.893 53.893 53.893 53.892 53.891 53.890 53.889 53.887 54.885 33.883 15.881 24.880 0.000 0.000 0.000 0.000 0.000 0.000 0.000 0.000 0.000 0.000 0.000 0.000 0.000 0.000 0.000 5.727 38.727 0.000 0.000 0.000 0.000 0.000 0.000 0.000 0.000 0.000 27.142 47.114 50.096 50.080 50.066 50.052 50.039 50.027 50.015 50.002
53.091 10.077 0.000 0.000 29.692 27.692 44.688 63.683 60.680 45.677 26.677 30.676 34.676 0.675 0.000 0.000 0.000 0.000 0.000 0.000 22.887 33.888 53.889 53.889 56.890 56.891 53.891 53.890 53.890 53.889 53.888 53.886 53.884 54.883 50.880 45.878 34.876 14.872 8.870 0.000 0.000 0.000 0.000 0.000 0.000 0.000 0.000 0.000 0.000 0.000 0.000 0.000 7.726 0.000 0.000 0.000 0.000 0.000 0.000 0.000 0.000 0.000 0.000 0.000 32.074 48.064 50.052 50.040 50.029 50.019 50.008 49.997 49.986
59.121 40.112 12.119 0.000 0.000 29.689 29.686 51.682 63.680 41.678 28.677 33.676 11.676 0.000 0.000 0.000 0.000 0.000 21.881 14.882 19.884 36.885 55.886 55.887 56.888 53.888 53.888 53.888 53.887 53.886 53.885 53.884 53.882 53.880 53.878 55.876 44.873 32.870 21.868 22.866 15.864 6.863 11.863 0.000 0.000 0.000 0.000 0.000 0.000 0.000 0.000 0.000 10.726 0.000 0.000 0.000 0.000 0.000 0.000 0.000 0.000 0.000 0.000 0.000 17.043 45.033 49.024 50.015 50.007 49.998 49.990 49.980 49.970
62.141 53.132 6.126 0.000 0.000 0.000 28.683 33.681 60.679 48.678 29.677 32.676 7.676 0.000 0.000 0.000 0.000 0.000 24.880 17.881 20.882 38.883 57.884 56.885 54.886 54.887 53.887 53.886 53.886 53.885 53.884 54.882 54.881 54.878 48.876 39.873 43.871 50.869 43.867 41.865 29.864 16.863 23.863 0.000 0.000 0.000 0.000 0.000 0.000 0.000 0.000 0.000 0.000 0.000 0.000 0.000 0.000 0.000 0.000 0.000 0.000 0.000 0.000 0.000 9.023 40.003 49.995 51.989 51.984 51.979 50.972 49.965 49.955
62.157 37.151 0.000 0.000 0.000 0.000 0.000 35.679 48.678 42.677 41.677 38.676 28.676 6.675 0.000 0.000 0.000 0.000 23.879 16.880 21.880 36.881 48.883 45.884 40.885 42.886 47.886 52.885 54.884 54.883 52.882 42.881 40.880 45.877 34.874 31.871 31.869 42.867 46.865 41.864 27.863 16.862 0.000 0.000 0.000 0.000 0.000 0.000 0.000 0.000 0.000 0.000 0.000 0.000 0.000 0.000 0.000 0.000 0.000 0.000 0.000 0.000 0.000 0.000 0.000 21.963 27.963 29.963 29.962 30.960 39.957 48.951 49.943
61.168 27.163 0.000 0.000 0.000 0.000 0.000 30.678 24.677 23.677 31.676 31.676 31.676 27.675 0.674 0.000 0.000 0.000 28.878 23.878 28.879 38.880 41.881 44.883 2.884 0.000 0.000 0.000 54.883 51.882 40.881 0.000 0.000 0.000 33.871 65.869 58.867 37.866 43.864 37.863 26.862 11.861 14.860 0.000 0.000 0.000 0.000 0.000 0.000 0.000 0.000 0.000 0.000 0.000 0.000 0.000 0.000 0.000 0.000 0.000 0.859 21.860 32.865 31.876 49.893 57.922 58.933 56.939 58.942 45.943 28.944 46.942 49.935
59.175 24.172 0.000 0.000 0.000 0.000 0.000 30.677 26.677 5.677 0.000 0.000 0.000 0.000 0.000 0.000 0.000 0.000 34.877 28.877 23.877 19.878 5.880 0.000 0.000 0.000 0.000 0.000 0.000 0.000 27.878 0.000 0.000 0.000 0.000 28.866 61.865 21.864 22.863 21.862 17.861 20.860 67.859 26.859 0.000 0.000 0.000 0.000 0.000 0.000 0.000 0.000 0.000 0.000 0.000 0.000 0.000 0.000 0.000 0.000 0.000 68.856 64.860 46.869 47.882 44.898 45.909 67.917 60.923 46.928 26.933 35.937 34.936
45.180 26.177 20.177 0.000 0.000 0.000 0.000 0.000 28.677 12.677 0.000 0.000 0.000 0.000 0.000 0.000 0.000 0.000 34.876 34.875 35.876 18.876 0.000 0.000 0.000 0.000 0.000 0.000 0.000 0.000 23.875 0.874 0.000 0.000 0.000 27.865 76.864 40.863 43.862 38.861 23.860 41.860 95.859 92.858 23.858 0.000 0.000 0.000 0.000 0.000 0.000 0.000 0.000 0.000 0.000 0.000 0.000 0.000 0.000 0.000 0.000 71.847 38.852 46.859 37.869 18.879 29.889 72.897 38.905 25.914 32.923 0.000 0.000
29.181 29.179 15.178 0.000 0.000 0.000 0.000 0.000 0.000 0.000 0.000 0.000 0.000 0.000 0.000 0.000 0.000 0.000 37.875 28.874 22.874 20.875 0.000 0.000 0.000 0.000 0.000 0.000 0.000 20.873 13.873 38.873 34.873 0.000 0.000 33.864 39.863 31.862 74.861 63.859 34.860 0.000 51.858 106.858 0.000 0.000 0.000 0.000 0.000 0.000 0.000 0.000 0.000 0.000 0.000 0.000 50.815 88.816 79.817 75.819 22.824 66.834 34.840 23.847 70.854 51.862 71.870 52.878 22.887 30.900 0.000 0.000 0.000
32.182 33.179 25.178 0.000 0.000 0.000 0.000 0.000 0.000 0.000 0.000 0.000 0.000 0.000 0.000 0.000 0.000 0.000 0.000 32.872 22.872 0.872 0.000 0.000 0.000 0.000 0.000 0.000 0.000 22.872 19.873 0.000 0.000 0.000 0.000 7.863 0.000 0.000 0.000 29.856 0.000 0.000 7.857 73.857 28.857 0.000 0.000 0.000 0.000 0.000 0.000 0.000 0.000 0.000 0.000 0.000 6.815 0.000 50.816 54.817 5.820 66.825 43.829 16.834 34.839 84.846 98.852 32.859 20.864 0.000 0.000 0.000 0.000
31.181 32.179 32.178 36.177 28.176 0.000 0.000 0.000 0.000 0.000 0.000 0.000 0.000 0.000 0.000 0.000 0.000 0.000 0.000 22.871 18.870 2.870 0.000 0.000 0.000 0.000 0.000 0.000 23.871 20.871 0.000 0.000 0.000 0.000 0.000 0.000 0.000 0.000 0.000 33.854 0.000 0.000 7.857 0.000 0.000 0.000 0.000 0.000 0.000 0.000 0.000 0.000 0.000 0.000 0.000 0.000 0.000 0.000 26.813 45.814 4.815 68.816 48.818 18.820 67.824 70.829 65.835 73.841 37.846 0.000 0.000 0.000 10.758
33.179 11.178 22.177 31.176 31.176 31.175 30.175 0.000 0.000 0.000 0.000 0.000 0.000 0.000 0.000 0.000 0.000 0.000 0.000 24.869 20.869 4.869 0.000 0.000 0.000 0.000 0.000 0.000 0.000 26.871 0.000 0.000 0.000 0.000 0.000 0.000 0.000 0.000 0.000 20.851 24.850 1.850 0.000 0.000 0.000 0.000 0.000 0.000 0.000 0.000 0.000 0.000 0.000 0.000 0.000 0.000 0.000 0.000 29.811 49.811 9.809 69.807 54.806 68.806 68.808 27.812 20.817 65.823 14.835 0.000 0.000 11.742 19.748
38.175 0.000 0.000 28.176 17.176 0.000 30.174 20.174 0.000 0.000 0.000 0.000 0.000 0.000 0.000 0.000 0.000 0.000 0.000 23.869 20.869 8.869 0.000 0.000 0.000 0.000 0.000 0.000 0.000 0.000 0.000 0.000 0.000 0.000 0.000 0.000 0.000 0.000 36.849 53.850 14.849 0.000 0.000 0.000 0.000 0.000 0.000 0.000 0.000 0.000 0.000 0.000 0.000 0.000 0.000 0.000 0.000 0.000 64.809 50.808 11.805 69.798 66.793 58.791 50.791 36.794 37.798 6.802 0.000 0.000 0.000 14.736 21.739
35.171 0.000 0.000 15.176 7.176 0.000 0.000 0.000 0.000 39.121 35.121 26.120 0.000 0.000 0.000 0.000 0.000 0.000 0.000 27.868 23.868 5.868 0.000 0.000 0.000 0.000 0.000 0.000 0.000 0.000 0.000 0.000 0.000 0.000 0.000 0.000 0.000 0.000 0.000 83.849 49.849 0.000 0.000 0.000 0.000 0.000 0.000 0.000 0.000 0.000 0.000 0.000 0.000 0.000 0.000 0.000 0.000 0.000 0.000 0.000 0.000 43.787 84.776 63.773 62.773 60.775 63.779 11.784 0.000 0.000 0.000 13.727 14.729
51.165 0.000 0.000 0.000 0.000 37.134 24.133 0.000 35.123 29.122 29.121 21.120 0.000 0.000 0.000 0.000 0.000 0.000 0.000 27.868 22.868 10.868 0.000 0.000 0.000 0.000 0.000 0.000 0.000 0.000 0.000 0.000 0.000 0.000 0.000 0.000 0.000 0.000 0.000 27.849 19.848 0.000 0.000 0.000 0.000 0.000 0.000 0.000 0.000 0.000 0.000 0.000 0.000 0.000 0.000 0.000 0.000 0.000 0.000 0.000 0.000 0.000 26.752 27.752 25.753 25.755 22.760 18.772 0.000 0.000 0.000 13.717 11.718
62.157 51.151 33.147 34.143 33.139 27.135 28.132 29.128 27.124 32.122 31.121 22.120 19.119 0.000 0.000 0.000 0.000 0.000 0.000 14.867 0.000 0.000 0.000 0.000 0.000 0.000 0.000 0.000 0.000 0.000 0.000 0.000 0.000 0.000 0.000 0.000 0.000 0.000 0.000 0.000 26.848 0.000 0.000 0.000 0.000 0.000 0.000 0.000 0.000 0.000 0.000 0.000 0.000 0.000 0.000 0.000 0.000 0.000 0.000 0.000 0.000 0.000 14.729 13.731 13.732 29.733 24.733 0.000 0.000 0.000 0.000 26.705 38.707
62.153 56.150 26.146 26.143 26.140 9.136 10.132 14.128 24.125 33.122 30.120 22.119 25.118 14.118 0.000 0.000 0.000 0.000 0.000 0.000 0.000 0.000 0.000 0.000 0.000 0.000 0.000 0.000 0.000 0.000 0.000 0.000 0.000 0.000 0.000 0.000 0.000 0.000 0.000 0.000 0.000 0.000 0.000 0.000 0.000 0.000 0.000 0.000 0.000 0.000 0.000 0.000 0.000 0.000 0.000 0.000 0.000 0.000 0.000 0.000 6.686 9.692 13.705 13.710 15.712 34.711 24.707 7.695 0.000 0.000 21.684 42.692 49.696
62.150 60.148 30.146 27.144 7.142 0.000 0.000 0.000 0.000 24.120 27.119 25.118 18.118 0.000 0.000 0.000 0.000 0.000 0.000 0.000 0.000 0.000 0.000 0.000 0.000 0.000 0.000 0.000 0.000 0.000 0.000 0.000 0.000 0.000 0.000 0.000 0.000 0.000 0.000 0.000 0.000 0.000 0.000 0.000 0.000 0.000 0.000 0.000 0.000 0.000 0.000 0.000 0.000 0.000 0.000 0.000 0.000 0.000 0.000 0.000 17.680 14.684 13.690 9.693 22.694 39.693 23.689 12.682 7.675 7.673 31.677 48.682 49.686
62.147 60.147 13.146 17.145 0.000 0.000 0.000 0.000 0.000 0.000 15.118 28.117 20.117 0.000 0.000 0.000 0.000 0.000 0.000 0.000 0.000 0.000 0.000 0.000 0.000 0.000 0.000 0.000 0.000 0.000 0.000 0.000 0.000 0.000 0.000 0.000 0.000 0.000 0.000 0.000 0.000 0.000 0.000 0.000 0.000 0.000 0.000 0.000 0.000 0.000 0.000 0.000 0.000 0.000 0.000 0.000 0.000 0.000 0.000 11.666 9.671 8.675 13.678 27.679 40.679 30.678 14.675 12.672 14.668 11.668 32.670 50.673 49.676
62.145 36.146 0.000 0.000 0.000 0.000 0.000 0.000 0.000 0.000 0.000 18.116 25.115 23.114 0.000 0.000 0.000 0.000 0.000 0.000 0.000 0.000 0.000 0.000 0.000 0.000 0.000 0.000 0.000 0.000 0.000 0.000 0.000 0.000 0.000 0.000 0.000 0.000 0.000 0.000 0.000 0.000 0.000 0.000 0.000 0.000 0.000 0.000 0.000 0.000 0.000 0.000 0.000 0.000 0.000 0.000 16.655 8.656 6.658 18.662 32.665 37.666 39.667 39.667 25.666 13.665 12.663 12.661 11.660 13.660 36.662 51.665 49.668
