results3/res_3e8f-0117.wd
ncols         241
nrows         181
xllcorner     12693529.787448
yllcorner     3542525.717860
cellsize      155.156523
NODATA_value  -9999.000000
[rows 66 to 98 of 181, columns 146 to 218 of 241]
29.799 44.736 66.676 67.620 67.567 67.516 67.467 67.418 67.370 70.332 6.309 0.000 0.000 0.000 0.000 0.000 0.000 0.000 37.944 12.944 0.000 19.942 49.939 49.939 49.941 56.942 62.942 62.940 62.937 62.932 62.926 62.919 62.912 62.904 62.897 64.891 49.886 50.883 42.881 0.000 0.000 0.000 0.000 0.000 18.824 25.812 34.786 28.739 6.680 4.604 19.543 40.500 48.462 42.427 37.393 37.361 27.328 24.297 24.266 27.237 48.208 60.180 55.154 44.128 51.104 58.081 62.059 62.038 61.019 61.000 60.982 60.965 60.949
32.856 51.793 69.733 67.678 67.627 67.579 67.532 67.480 72.422 61.379 31.359 28.367 0.000 0.000 0.000 0.000 0.000 8.943 10.944 0.000 0.000 0.000 19.929 50.930 59.930 62.931 62.930 62.928 62.926 66.922 64.917 62.912 62.906 62.901 61.895 53.891 47.887 53.885 43.883 0.000 0.000 0.000 0.000 10.814 24.815 29.808 25.797 0.000 0.000 1.505 21.487 24.461 38.433 47.403 36.373 35.343 33.312 24.282 24.252 23.223 29.195 53.167 60.141 45.116 47.092 49.069 51.047 55.026 59.007 60.988 61.971 60.954 60.938
37.911 58.847 68.786 67.732 67.685 67.643 65.601 64.549 19.458 4.402 35.380 41.376 6.377 0.000 0.000 0.000 0.000 0.000 0.000 0.000 0.000 3.915 32.919 52.920 62.921 62.921 62.920 62.918 62.916 64.913 63.909 62.905 62.901 63.897 53.893 51.891 54.888 49.885 41.884 0.000 0.000 0.000 0.000 28.814 31.814 0.000 0.000 0.000 0.000 29.444 31.442 41.427 44.405 55.381 53.354 41.325 30.296 22.267 24.238 24.209 19.181 33.154 50.128 54.103 59.079 56.056 49.034 54.014 56.994 56.976 54.959 56.942 59.927
42.966 65.899 69.831 70.778 67.739 68.706 63.679 9.659 0.000 34.393 35.384 40.379 48.378 0.000 0.000 0.000 0.000 0.000 0.000 0.000 0.000 15.912 38.912 51.912 63.912 62.911 62.910 62.909 62.907 63.905 62.902 62.899 62.896 59.893 53.891 18.891 0.000 0.000 0.000 0.000 0.000 0.000 0.000 24.813 31.813 0.000 0.000 0.000 46.404 32.413 27.411 55.399 60.382 61.360 65.336 59.309 47.281 27.252 24.223 24.195 22.167 23.139 29.113 30.088 37.064 45.042 52.020 56.000 56.981 57.963 53.946 56.930 57.915
25.022 29.951 39.864 15.809 72.787 69.765 54.750 31.748 1.780 0.000 0.000 0.000 0.000 0.000 0.000 0.000 0.000 0.000 0.000 0.000 0.000 16.908 41.905 44.904 60.904 62.903 62.902 62.901 66.899 65.897 62.895 62.892 63.890 54.888 57.887 0.000 0.000 0.000 0.000 0.000 0.000 0.000 0.000 0.000 18.813 27.812 0.000 0.000 77.395 40.394 22.388 53.377 61.362 61.343 61.320 64.294 63.266 43.238 26.208 24.180 22.152 25.124 26.098 34.073 39.049 28.027 28.006 32.986 37.967 43.949 48.933 52.917 56.902
71.085 50.018 0.000 0.000 76.834 68.816 55.808 37.806 4.811 0.000 0.000 0.000 0.000 0.000 0.000 0.000 0.000 0.000 0.000 0.000 0.000 0.000 2.897 46.896 62.896 62.895 62.894 62.893 64.892 63.890 62.888 62.886 63.885 51.883 61.882 0.000 0.000 0.000 0.000 0.000 0.000 0.000 0.000 0.000 0.000 0.000 0.000 0.000 14.388 30.380 23.371 53.361 61.347 61.329 62.308 62.282 62.254 55.223 31.194 27.165 25.136 22.109 43.082 55.057 61.033 45.011 37.990 33.971 31.952 28.935 28.919 28.903 56.889
47.158 0.000 0.000 74.006 73.899 71.858 62.860 47.855 3.848 0.000 0.000 0.000 0.000 0.000 0.000 0.000 0.000 0.000 0.000 0.000 0.000 0.000 28.889 51.889 63.888 62.888 62.887 63.886 62.885 62.883 62.882 62.880 63.879 56.878 21.877 0.000 0.000 0.000 0.000 0.000 0.000 0.000 0.000 0.000 0.000 0.000 0.000 0.000 0.000 27.369 26.357 44.347 59.335 62.320 56.299 52.273 58.243 49.209 32.178 31.149 40.120 35.092 58.065 62.040 61.016 58.994 58.974 55.954 53.937 50.920 46.904 38.889 58.875
74.199 64.196 70.168 26.113 0.000 0.000 68.918 42.908 3.878 0.000 6.078 0.000 0.000 0.000 0.000 0.000 0.000 0.000 0.000 0.000 0.000 0.000 44.881 56.881 63.881 62.881 62.880 64.879 64.878 62.877 62.876 62.875 61.873 57.872 6.872 0.000 0.000 0.000 0.000 0.000 0.000 0.000 0.000 0.000 0.000 0.000 0.000 0.000 0.000 0.000 15.341 41.336 59.327 60.315 41.298 44.268 46.235 43.193 28.162 25.133 48.104 57.075 61.047 63.021 62.998 63.976 61.956 61.937 62.920 61.904 62.889 62.875 61.861
76.241 68.223 73.194 24.165 0.000 0.000 59.987 7.980 0.000 0.000 38.078 1.079 0.000 0.000 0.000 0.000 0.000 0.000 0.000 0.000 0.000 0.000 47.874 59.874 63.874 62.874 62.874 63.873 63.872 62.871 62.870 63.869 59.868 54.867 4.866 0.000 0.000 0.000 0.000 0.000 0.000 0.000 0.000 0.000 0.000 0.000 0.000 0.000 7.327 9.328 20.331 36.328 58.323 60.316 6.309 0.000 0.000 33.168 27.143 22.118 36.089 55.056 61.027 63.001 62.977 62.956 60.937 60.919 61.903 60.887 60.873 61.859 61.847
68.303 68.260 68.222 66.187 53.157 39.116 32.061 31.047 27.067 30.076 33.079 33.079 5.079 0.000 0.000 0.000 0.000 0.000 8.845 10.845 0.000 0.867 46.867 60.868 62.868 62.868 62.868 62.867 62.867 62.866 62.865 62.864 44.862 39.861 37.859 32.856 0.000 0.000 0.000 0.000 0.000 0.000 0.000 0.000 0.000 0.000 0.000 0.000 11.326 37.326 28.326 32.324 52.321 53.317 26.314 0.000 0.000 0.000 24.124 29.106 28.076 47.035 60.004 60.978 60.955 60.935 60.917 60.900 60.884 60.870 60.856 60.844 60.831
68.340 68.293 68.247 67.206 64.167 66.130 40.096 19.080 57.080 30.081 34.082 10.080 0.000 0.000 0.000 0.000 0.000 0.000 8.845 54.845 3.846 0.000 45.861 59.862 63.862 62.862 64.862 65.862 63.862 62.861 62.860 60.859 53.857 44.856 45.854 44.853 0.000 0.000 0.000 0.000 0.000 0.000 0.000 0.000 0.000 0.000 0.000 0.000 5.325 40.325 32.324 39.322 54.319 49.317 55.315 0.000 0.000 0.000 0.000 0.000 0.000 37.005 59.975 60.952 60.931 60.913 60.896 60.880 60.865 60.852 60.839 60.827 60.816
68.372 68.323 69.269 71.221 68.178 68.140 67.113 68.097 59.090 37.088 9.087 0.000 0.000 0.000 0.000 0.000 0.000 0.000 0.000 47.846 34.846 24.849 40.854 62.856 62.857 62.857 62.858 62.857 62.857 62.856 62.855 62.854 60.853 39.851 43.850 50.849 0.000 0.000 0.000 0.000 0.000 0.000 0.000 0.000 0.000 0.000 0.000 0.000 1.325 52.325 0.000 19.320 42.318 49.317 10.316 0.000 0.000 0.000 0.000 0.000 0.000 0.000 48.939 61.924 60.906 60.889 60.873 60.859 60.846 60.834 60.822 60.811 60.800
71.406 67.360 64.286 66.230 69.183 69.141 71.118 68.104 66.097 53.093 2.091 0.000 0.000 0.000 0.000 0.000 0.000 0.000 0.000 3.845 38.846 30.847 46.850 64.851 62.852 62.853 62.853 62.853 62.853 62.852 62.851 62.850 63.849 52.847 39.845 43.843 49.840 0.000 0.000 0.000 0.000 0.000 0.000 0.000 0.000 0.000 0.000 0.000 0.000 0.000 0.000 0.000 27.316 46.316 0.000 0.000 0.000 0.000 0.000 0.000 0.000 0.000 36.919 57.899 60.880 60.863 60.849 60.837 60.826 60.815 60.805 60.794 60.785
64.446 25.424 0.000 0.000 0.000 61.123 66.114 72.106 68.100 57.096 7.095 0.000 41.095 11.095 0.000 0.000 0.000 0.000 0.000 0.000 30.844 34.845 55.846 63.848 64.849 65.849 62.850 62.849 62.849 62.848 62.847 62.846 62.845 63.843 42.841 24.839 33.837 0.000 0.000 0.000 0.000 0.000 0.000 0.000 0.000 0.000 0.000 0.000 0.000 0.000 0.000 0.000 16.316 49.315 0.000 0.000 0.000 0.000 0.000 0.000 0.000 0.000 0.000 37.875 57.850 60.836 60.825 60.815 60.805 60.796 60.787 60.778 60.769
59.479 16.467 0.000 0.000 36.115 34.115 51.110 70.105 67.101 52.098 33.096 37.096 41.095 7.095 0.000 0.000 0.000 0.000 1.834 0.000 31.841 42.842 62.843 62.845 65.845 65.846 62.846 62.846 62.846 62.845 62.844 62.843 62.842 63.840 59.838 54.835 43.833 23.828 17.826 0.000 0.000 0.000 0.000 0.000 0.000 0.000 0.000 0.000 0.000 0.000 0.000 0.000 18.315 10.315 0.000 0.000 0.000 0.000 0.000 0.000 0.000 0.000 0.000 0.000 42.812 58.806 60.799 60.792 60.785 60.777 60.770 60.762 60.754
65.504 46.497 18.502 0.000 0.000 36.111 36.107 58.104 70.101 48.098 35.097 40.096 18.096 0.000 0.000 0.000 0.000 0.000 30.835 23.836 28.838 45.839 64.841 64.842 65.843 62.844 62.844 62.844 62.843 62.843 62.842 62.840 62.839 62.837 62.835 64.832 53.830 41.827 30.824 31.821 24.819 15.818 20.818 0.000 0.000 0.000 0.000 0.000 0.000 0.000 0.000 0.000 21.315 0.000 0.000 0.000 0.000 0.000 0.000 0.000 0.000 0.000 0.000 0.000 27.779 55.777 59.773 60.769 60.764 60.759 60.753 60.747 60.739
68.522 59.514 12.508 0.000 0.000 0.000 35.104 40.102 67.100 55.098 36.097 39.096 14.096 0.000 0.000 0.000 0.000 0.000 33.834 26.835 29.836 47.837 66.839 65.840 63.841 63.842 62.842 62.842 62.841 62.841 62.840 63.838 63.837 63.835 57.832 48.830 52.827 59.825 52.822 50.820 38.819 25.818 32.818 0.000 0.000 0.000 0.000 0.000 0.000 0.000 0.000 0.000 0.000 0.000 0.000 0.000 0.000 0.000 0.000 0.000 0.000 0.000 0.000 0.000 19.749 50.749 60.749 62.747 62.745 62.742 61.738 60.732 60.725
68.535 43.529 0.000 0.000 0.000 0.000 0.000 42.100 55.099 49.098 48.097 45.096 35.096 13.096 0.000 0.000 0.000 0.000 32.833 25.833 30.834 45.835 57.837 54.838 49.839 51.841 56.841 61.841 63.840 63.839 61.838 51.837 49.836 54.833 43.830 40.827 40.825 51.823 55.821 50.819 36.818 25.817 0.000 0.000 0.000 0.000 0.000 0.000 0.000 0.000 0.000 0.000 0.000 0.000 0.000 0.000 0.000 0.000 0.000 0.000 0.000 0.000 0.000 0.000 7.720 32.723 38.726 40.727 40.727 41.726 50.724 59.720 60.714
67.544 33.540 0.000 0.000 0.000 0.000 0.000 37.098 31.098 30.097 38.097 38.096 38.096 34.095 7.095 0.000 0.000 0.000 37.832 32.832 37.833 47.833 50.835 53.837 11.838 0.000 0.000 2.840 63.839 60.838 49.836 4.836 0.000 0.000 42.827 74.825 67.823 46.821 52.819 46.818 35.817 20.816 23.815 0.000 0.000 0.000 0.000 0.000 0.000 0.000 0.000 0.000 0.000 0.000 0.000 0.000 0.000 0.000 0.000 0.000 11.645 32.645 43.652 42.665 60.687 68.698 69.704 67.707 69.710 56.712 39.713 57.712 60.706
65.549 30.546 0.000 0.000 0.000 0.000 0.000 37.098 33.098 12.097 0.000 0.000 0.000 0.000 0.000 0.000 0.000 0.000 43.830 37.831 32.831 28.831 14.832 0.000 0.000 0.000 0.000 0.000 0.000 0.000 36.832 0.000 0.000 0.000 0.000 37.822 70.821 30.819 31.818 30.817 26.816 29.815 76.814 35.813 0.000 0.000 0.000 0.000 0.000 0.000 0.000 0.000 0.000 0.000 0.000 0.000 0.000 0.000 0.000 0.000 0.000 79.640 75.645 57.655 58.668 55.677 56.684 78.690 71.694 57.699 37.703 46.707 45.707
51.552 32.549 26.549 0.000 0.000 0.000 0.000 0.000 35.097 19.097 0.000 0.000 0.000 0.000 0.000 0.000 0.000 0.000 43.829 43.829 44.829 27.830 2.830 0.000 0.000 0.000 0.000 0.000 0.000 0.000 32.829 9.827 0.000 0.000 0.000 36.820 85.819 49.818 52.817 47.816 32.815 50.814 104.813 101.813 32.812 0.000 0.000 0.000 0.000 0.000 0.000 0.000 0.000 0.000 0.000 0.000 0.000 10.602 0.601 0.000 7.621 82.628 49.635 57.643 48.652 29.659 40.666 83.673 49.679 36.687 43.695 0.000 0.000
35.553 35.550 21.549 0.000 0.000 0.000 0.000 0.000 0.000 0.000 0.000 0.000 0.000 0.000 0.000 0.000 0.000 0.000 46.828 37.828 31.828 29.828 3.829 0.000 0.000 0.000 0.000 0.000 0.000 29.826 22.826 47.826 43.826 0.000 0.000 42.819 48.818 40.817 83.816 72.814 43.814 0.000 60.812 115.812 0.000 0.000 0.000 0.000 0.000 0.000 0.000 0.000 0.000 0.000 0.000 0.000 61.601 99.602 90.603 86.606 33.613 77.619 45.624 34.630 81.637 62.643 82.649 63.656 33.663 41.675 0.000 0.000 0.000
38.552 39.550 31.549 0.000 0.000 0.000 0.000 0.000 0.000 0.000 0.000 0.000 0.000 0.000 0.000 0.000 0.000 0.000 0.827 41.826 31.826 9.826 0.000 0.000 0.000 0.000 0.000 0.000 0.000 31.825 28.825 4.826 0.000 0.000 0.000 16.819 0.000 0.000 0.000 38.810 0.000 0.000 16.812 82.812 37.811 0.000 0.000 0.000 0.000 0.000 0.000 0.000 0.000 0.000 0.000 0.000 17.601 0.000 61.602 65.603 16.606 77.610 54.613 27.617 45.622 95.627 109.633 43.638 31.642 0.000 0.000 0.000 7.557
37.550 38.549 38.548 42.547 34.546 0.000 0.000 0.000 0.000 0.000 0.000 0.000 0.000 0.000 0.000 0.000 0.000 0.000 0.000 31.825 27.825 11.825 0.000 0.000 0.000 0.000 0.000 0.000 32.824 29.825 6.825 0.000 0.000 0.000 0.000 0.000 0.000 0.000 0.000 42.806 0.000 0.000 16.811 0.000 0.000 0.000 0.000 0.000 0.000 0.000 0.000 0.000 0.000 0.000 0.000 0.000 0.000 0.000 37.599 56.599 15.600 79.601 59.602 29.604 78.607 81.611 76.616 84.621 48.626 0.000 0.000 0.000 21.549
39.547 17.548 28.547 37.546 37.545 37.545 36.544 0.000 0.000 0.000 0.000 0.000 0.000 0.000 0.000 0.000 0.000 0.000 0.000 33.824 29.824 13.824 0.000 0.000 0.000 0.000 0.000 0.000 0.000 35.824 7.824 0.000 0.000 0.000 0.000 0.000 0.000 0.000 6.802 29.803 33.802 10.802 0.000 0.000 0.000 0.000 0.000 0.000 0.000 0.000 0.000 0.000 0.000 0.000 0.000 0.000 0.000 0.000 40.596 60.595 20.594 80.591 65.590 79.590 79.592 38.595 31.600 76.605 25.616 0.000 0.000 22.529 30.537
44.543 0.000 0.000 34.545 23.545 0.000 36.544 26.544 0.000 0.000 0.000 0.000 0.000 0.000 0.000 0.000 0.000 0.000 0.000 32.823 29.823 17.823 0.000 0.000 0.000 0.000 0.000 0.000 0.000 0.000 0.000 0.000 0.000 0.000 0.000 0.000 0.000 0.000 45.802 62.802 23.801 0.000 0.000 0.000 0.000 0.000 0.000 0.000 0.000 0.000 0.000 0.000 0.000 0.000 0.000 0.000 0.000 0.000 75.594 61.593 22.589 80.581 77.577 69.575 61.576 47.578 48.582 17.585 0.000 0.000 6.518 25.522 32.527
41.537 0.000 0.000 21.545 13.545 0.000 0.000 0.000 0.000 45.482 41.482 32.482 0.000 0.000 0.000 0.000 0.000 0.000 0.000 36.822 32.822 14.822 0.000 0.000 0.000 0.000 0.000 0.000 0.000 0.000 0.000 0.000 0.000 0.000 0.000 0.000 0.000 0.000 8.801 92.801 58.801 0.000 0.000 0.000 0.000 0.000 0.000 0.000 0.000 0.000 0.000 0.000 0.000 0.000 0.000 0.000 0.000 0.000 7.594 0.000 0.000 54.566 95.561 74.559 73.559 71.561 74.564 22.569 0.000 0.000 10.515 24.515 25.517
57.530 0.000 0.000 0.000 0.000 43.496 30.495 0.000 41.484 35.483 35.482 27.481 0.000 0.000 0.000 0.000 0.000 0.000 0.000 36.822 31.822 19.822 0.000 0.000 0.000 0.000 0.000 0.000 0.000 0.000 0.000 0.000 0.000 0.000 0.000 0.000 0.000 0.000 0.000 36.801 28.801 0.000 0.000 0.000 0.000 0.000 0.000 0.000 0.000 0.000 0.000 0.000 0.000 0.000 0.000 0.000 0.000 0.000 0.000 0.000 0.000 1.554 37.543 38.540 36.540 36.542 33.546 29.557 0.000 0.000 3.511 24.507 22.508
68.522 57.515 39.511 40.506 39.502 33.498 34.494 35.490 33.486 38.483 37.482 28.481 25.480 0.000 0.000 0.000 0.000 0.000 0.000 23.822 0.000 0.000 0.000 0.000 0.000 0.000 0.000 0.000 0.000 0.000 0.000 0.000 0.000 0.000 0.000 0.000 0.000 0.000 0.000 0.000 35.800 0.000 0.000 0.000 0.000 0.000 0.000 0.000 0.000 0.000 0.000 0.000 0.000 0.000 0.000 0.000 0.000 0.000 0.000 0.000 0.000 0.000 25.519 24.520 24.520 40.520 35.520 0.000 0.000 0.000 0.000 37.495 49.497
68.517 62.514 32.510 32.507 32.503 15.498 16.494 20.490 30.486 39.483 36.481 28.480 31.480 20.479 0.000 0.000 0.000 0.000 0.000 0.000 0.000 0.000 0.000 0.000 0.000 0.000 0.000 0.000 0.000 0.000 0.000 0.000 0.000 0.000 0.000 0.000 0.000 0.000 0.000 0.000 0.000 0.000 0.000 0.000 0.000 0.000 0.000 0.000 0.000 0.000 0.000 0.000 0.000 0.000 0.000 0.000 0.000 0.000 0.000 0.000 17.475 20.481 24.495 24.499 26.500 45.499 35.495 18.483 0.000 0.000 32.474 53.481 60.485
68.514 66.512 36.509 33.507 13.505 0.000 0.000 0.000 0.000 30.482 33.480 31.479 24.479 0.000 0.000 0.000 0.000 0.000 0.000 0.000 0.000 0.000 0.000 0.000 0.000 0.000 0.000 0.000 0.000 0.000 0.000 0.000 0.000 0.000 0.000 0.000 0.000 0.000 0.000 0.000 0.000 0.000 0.000 0.000 0.000 0.000 0.000 0.000 0.000 0.000 0.000 0.000 0.000 0.000 0.000 0.000 0.000 0.000 0.000 0.000 28.470 25.474 24.479 20.483 33.483 50.482 34.478 23.472 18.464 18.463 42.467 59.472 60.475
68.511 66.510 19.509 23.508 0.000 0.000 0.000 0.000 0.000 0.000 21.479 34.478 26.477 0.000 0.000 0.000 0.000 0.000 0.000 0.000 0.000 0.000 0.000 0.000 0.000 0.000 0.000 0.000 0.000 0.000 0.000 0.000 0.000 0.000 0.000 0.000 0.000 0.000 0.000 0.000 0.000 0.000 0.000 0.000 0.000 0.000 0.000 0.000 0.000 0.000 0.000 0.000 0.000 0.000 0.000 0.000 0.000 0.000 0.000 22.456 20.461 19.464 24.467 38.469 51.469 41.467 25.465 23.461 25.458 22.457 43.460 61.463 60.466
68.508 42.509 0.000 0.000 0.000 0.000 0.000 0.000 0.000 0.000 0.000 24.477 31.476 29.475 0.000 0.000 0.000 0.000 0.000 0.000 0.000 0.000 0.000 0.000 0.000 0.000 0.000 0.000 0.000 0.000 0.000 0.000 0.000 0.000 0.000 0.000 0.000 0.000 0.000 0.000 0.000 0.000 0.000 0.000 0.000 0.000 0.000 0.000 0.000 0.000 0.000 0.000 0.000 0.000 0.440 0.000 27.445 19.446 17.448 29.451 43.454 48.456 50.457 50.456 36.456 24.454 23.452 23.451 22.449 24.450 47.452 62.454 60.457
