results3/res_3e8f-0201.wd
ncols         241
nrows         181
xllcorner     12693529.787448
yllcorner     3542525.717860
cellsize      155.156523
NODATA_value  -9999.000000
[rows 99 to 131 of 181, columns 0 to 72 of 241]
0.000 0.000 0.000 0.000 0.000 61.260 101.260 103.260 94.260 89.260 0.000 0.000 0.000 0.000 0.000 3.257 2.257 69.257 66.257 0.000 0.000 2.256 5.256 64.256 63.256 4.256 0.000 0.000 0.000 11.240 0.000 0.000 0.000 0.000 17.097 63.093 59.083 58.066 59.042 60.016 72.987 61.955 65.921 57.883 59.841 57.797 58.749 63.699 64.647 62.592 66.536 59.479 59.421 61.362 64.298 78.229 79.170 64.122 50.079 0.000 0.000 0.000 0.000 0.000 28.139 83.134 80.123 67.105 42.082 37.058 81.034 58.011 59.988
0.000 0.000 0.000 0.000 0.000 62.260 102.260 102.260 0.000 0.000 0.000 0.000 0.000 0.000 0.000 2.257 14.257 80.257 69.257 7.257 4.257 4.256 67.256 66.256 70.256 1.256 0.000 0.000 0.000 69.240 61.240 0.000 0.000 0.185 76.140 86.134 72.125 65.111 59.092 61.069 80.043 65.013 70.980 70.942 61.901 76.857 68.809 69.758 59.704 67.648 67.591 65.533 59.475 60.417 64.353 61.259 23.196 13.159 0.000 0.000 0.000 0.000 0.000 31.157 68.151 80.145 87.137 77.125 53.110 54.093 68.075 59.056 60.036
7.261 0.261 0.000 0.000 0.000 49.260 98.260 107.260 17.260 0.000 0.000 0.000 0.000 0.000 0.000 1.257 3.257 87.257 68.257 69.257 71.257 68.257 65.256 66.256 64.256 2.256 0.000 0.000 0.000 62.240 62.240 63.238 62.229 62.214 61.188 71.178 80.171 27.160 91.146 81.127 86.103 71.075 16.043 87.006 84.964 83.919 87.871 76.819 59.763 62.706 67.647 67.587 64.529 60.478 49.438 0.000 0.000 0.000 0.000 0.000 0.000 0.000 0.000 41.162 68.162 68.160 79.155 78.149 61.139 61.128 60.116 60.101 60.085
75.261 78.261 10.261 0.000 0.000 59.260 98.260 103.260 113.260 18.260 0.000 0.000 0.000 0.000 9.257 9.257 7.257 24.257 72.257 69.257 87.257 101.257 76.256 61.256 0.256 0.000 0.000 0.000 0.000 0.000 61.242 62.244 62.236 62.226 62.219 61.220 61.219 60.214 61.204 66.189 78.168 72.142 15.110 87.073 88.032 65.986 72.937 89.883 83.825 70.765 60.703 66.640 67.577 70.527 55.482 0.000 0.000 0.000 0.000 0.000 0.000 0.000 0.000 3.169 19.175 65.176 62.176 62.174 60.171 60.166 60.159 60.149 60.137
89.261 72.261 72.261 74.261 76.261 95.261 103.260 103.260 103.260 105.260 79.259 18.259 1.259 67.258 74.258 75.257 37.257 32.257 95.257 103.257 98.257 94.257 77.257 1.256 0.000 0.000 0.000 0.000 0.000 0.000 0.000 62.260 61.244 60.237 61.240 62.265 62.273 62.273 62.268 63.257 82.238 77.213 60.182 62.145 73.103 84.057 61.006 72.951 73.890 66.825 86.760 69.692 61.613 2.570 0.000 0.000 0.000 0.000 0.000 0.000 0.000 0.000 0.000 0.000 11.193 65.195 60.198 60.201 60.204 60.205 60.204 58.199 56.191
104.262 94.262 75.261 79.261 97.261 103.261 103.261 103.260 103.260 98.260 70.259 76.259 4.259 58.258 93.258 101.257 101.257 85.257 100.257 107.257 17.257 0.000 0.000 0.000 0.000 0.000 0.000 0.000 0.000 0.000 0.000 62.292 0.000 0.000 0.000 63.327 62.333 62.337 62.338 63.331 79.316 84.291 61.259 62.221 62.178 80.132 81.081 59.025 66.960 85.885 77.819 55.756 0.000 0.000 0.000 0.000 0.000 0.000 0.000 0.000 0.000 0.000 0.000 0.000 8.209 65.212 60.219 60.229 60.240 59.248 58.252 63.253 64.250
104.262 104.262 99.262 102.261 103.261 103.261 103.261 103.260 103.260 99.260 74.260 91.259 0.000 0.000 71.258 95.257 103.257 104.257 103.257 108.257 11.257 0.000 0.000 0.000 0.000 0.000 0.000 0.000 0.000 0.000 0.000 62.324 1.350 1.370 64.385 62.384 62.394 62.406 62.415 62.415 79.402 84.377 61.343 62.303 62.258 63.211 84.161 78.107 85.042 74.934 55.877 0.000 0.000 0.000 0.000 0.000 0.000 0.000 0.000 0.000 0.000 0.000 0.000 0.000 63.221 60.227 60.237 60.255 60.278 59.294 61.304 65.311 66.314
102.262 103.262 103.262 103.262 103.261 103.261 103.261 103.261 103.260 104.260 99.260 106.259 30.259 9.258 59.258 78.257 101.257 103.257 104.257 92.257 6.257 0.000 0.000 0.000 0.000 0.000 0.000 0.000 0.000 0.000 0.000 56.340 61.355 61.374 60.396 62.429 62.452 62.478 62.502 62.510 79.499 84.472 61.433 62.388 62.340 62.292 67.245 90.200 70.165 0.000 0.000 0.000 0.000 0.000 0.000 0.000 0.000 0.000 0.000 0.000 0.000 0.000 0.000 0.000 16.228 67.236 63.248 64.275 62.323 58.345 65.360 66.372 64.382
99.262 104.262 103.262 103.262 103.262 103.261 103.261 103.261 103.260 103.260 104.260 97.259 81.259 72.258 66.258 93.257 103.257 103.257 108.256 11.256 0.000 0.000 0.000 0.000 0.000 0.000 0.000 0.000 0.000 0.000 0.000 0.000 0.000 0.000 0.000 62.484 62.508 62.552 62.606 62.625 78.613 85.579 62.530 62.477 62.423 62.372 62.326 68.285 21.252 0.000 0.000 0.000 0.000 0.000 0.000 0.000 0.000 0.000 0.000 0.000 0.000 0.000 0.000 0.000 0.000 4.240 2.244 0.000 8.395 67.404 65.419 66.436 63.456
99.262 104.262 103.262 103.262 103.262 103.262 103.261 103.261 103.261 103.260 104.260 89.259 68.259 67.258 76.258 100.257 103.257 103.256 109.256 14.256 5.256 0.000 0.000 0.000 0.000 0.000 0.000 0.000 0.000 0.000 0.000 0.000 0.000 0.000 0.000 58.515 62.546 59.614 62.744 62.771 81.749 85.699 62.633 62.565 62.502 62.448 62.403 59.361 9.307 0.000 0.000 0.000 0.000 0.000 0.000 0.000 0.000 0.000 0.000 0.000 0.000 59.538 0.000 0.000 0.000 0.000 0.000 1.481 63.456 64.459 66.474 66.497 63.530
102.263 103.263 103.263 103.262 103.262 103.262 103.262 103.261 103.261 103.260 103.260 100.259 77.259 78.258 95.257 102.257 103.256 103.256 110.256 27.256 0.000 0.000 0.000 0.000 0.000 0.000 0.000 0.000 0.000 0.000 0.000 0.000 0.000 0.000 0.000 0.000 58.546 0.000 61.986 62.967 90.915 77.834 62.738 62.647 62.573 75.516 65.475 60.450 0.000 0.000 0.000 0.000 0.000 0.000 0.000 0.000 0.000 0.000 0.000 0.000 11.538 70.538 55.538 0.000 0.000 0.000 1.516 64.504 67.496 66.502 63.520 59.550 59.597
103.263 103.263 103.263 103.263 103.263 103.262 103.262 103.262 103.261 103.261 103.260 103.259 105.259 105.258 104.257 103.257 103.256 105.256 94.255 37.255 0.000 0.000 0.000 0.000 0.000 0.000 0.000 0.000 0.000 0.000 0.000 0.000 0.000 0.000 0.000 0.000 0.000 0.000 62.246 63.196 97.108 65.984 62.837 62.714 74.627 83.568 62.531 62.515 61.531 0.000 0.000 0.000 0.000 0.000 0.000 0.000 0.000 0.000 0.000 0.000 0.000 66.538 67.538 54.537 1.536 60.533 62.527 66.522 65.523 63.532 62.553 58.588 66.645
102.264 101.264 103.263 103.263 103.263 103.263 103.262 103.262 103.261 103.261 103.260 103.259 103.259 103.258 103.257 103.256 104.256 87.255 15.255 6.254 64.254 78.254 24.254 0.000 0.000 5.253 0.000 0.000 0.000 0.000 0.000 0.000 0.000 0.000 0.000 4.265 4.236 1.081 58.555 69.464 92.339 63.157 59.912 62.743 62.653 62.598 62.564 62.548 62.547 59.547 0.000 0.000 0.000 0.000 0.000 0.000 0.000 0.000 0.000 0.000 0.539 61.539 57.538 63.538 58.537 66.536 66.535 65.535 61.540 64.551 59.571 58.604 58.661
92.264 92.264 101.264 103.264 103.264 103.263 103.263 103.262 103.262 103.261 103.260 104.260 105.259 103.258 103.257 103.256 103.255 25.255 9.254 64.254 74.254 84.254 83.254 76.253 68.253 9.253 0.000 0.000 0.000 0.000 0.000 0.000 0.000 0.000 4.313 63.294 66.246 66.128 62.900 61.765 70.627 58.392 0.000 58.694 62.644 62.606 62.581 62.567 61.562 0.000 0.000 0.000 0.000 0.000 0.000 0.000 63.539 74.539 0.000 0.000 62.539 60.539 60.539 57.539 65.539 66.540 66.541 63.544 66.550 66.561 64.577 59.598 48.619
74.264 79.265 98.265 104.265 103.264 103.264 103.264 103.263 103.262 103.262 105.261 91.260 87.259 102.258 107.257 104.255 99.254 81.254 84.253 90.253 84.253 85.253 64.253 57.253 3.253 0.253 0.000 0.000 0.000 0.000 0.000 0.279 1.279 0.000 54.333 60.352 63.325 63.256 63.151 63.069 65.012 0.000 0.000 0.000 57.623 62.603 62.587 62.576 62.571 0.571 0.000 0.000 0.000 0.000 0.000 23.539 80.539 62.539 60.539 60.539 60.539 60.539 58.540 63.540 66.541 66.542 62.545 66.550 66.557 65.566 59.577 60.590 50.599
58.265 73.265 92.265 105.265 106.265 106.265 104.264 103.264 104.263 103.262 104.261 42.260 13.259 61.258 79.256 100.255 107.254 105.253 105.252 91.252 14.253 0.000 0.000 0.000 0.000 0.000 0.000 0.000 0.000 9.279 11.279 1.279 1.279 1.279 0.000 59.456 63.448 61.419 62.378 64.348 65.340 0.000 0.000 0.000 0.000 55.595 62.586 62.580 59.576 0.000 0.000 0.000 0.000 0.000 0.000 0.000 22.539 76.540 59.540 59.540 60.540 59.540 59.540 65.540 66.541 64.543 52.547 5.553 70.561 64.569 64.577 64.584 50.589
22.265 44.265 77.266 83.266 77.266 79.266 96.265 104.264 100.264 93.263 92.262 27.261 0.000 0.000 0.000 37.254 72.253 98.251 105.250 2.251 0.000 0.000 0.000 0.000 0.000 0.000 0.000 0.000 0.000 51.279 72.279 17.279 2.279 1.279 0.000 59.568 65.590 64.595 73.594 74.606 64.661 9.817 0.000 0.000 0.000 0.000 59.584 60.582 0.000 0.000 0.000 0.000 0.000 0.000 0.000 0.000 0.000 81.540 84.540 64.540 58.540 56.540 66.540 66.540 61.541 0.000 0.000 0.000 11.566 69.572 66.577 66.581 56.584
0.000 0.000 58.268 67.268 19.267 5.267 68.266 97.265 88.264 84.263 98.262 65.261 25.261 0.000 0.000 0.000 0.000 43.248 74.246 0.000 0.000 0.000 0.000 0.000 0.000 0.000 0.000 0.000 0.000 0.000 56.279 74.279 5.279 0.000 0.000 50.659 64.749 62.778 92.795 85.823 63.879 65.973 12.077 0.000 0.000 0.000 54.584 0.000 0.000 0.000 0.000 0.000 0.000 0.000 0.000 0.000 0.000 0.000 69.540 86.540 71.540 65.540 66.540 61.540 0.000 0.000 0.000 0.000 0.000 61.575 66.577 66.580 61.582
0.000 0.000 54.270 99.269 56.269 5.268 57.267 89.266 91.265 102.264 104.263 107.261 113.260 52.258 21.256 0.000 0.000 0.000 14.239 9.235 0.223 2.213 0.000 0.000 0.000 0.000 0.000 0.000 0.000 0.000 57.279 72.279 2.279 9.279 13.279 0.000 57.970 65.974 95.986 78.012 66.058 65.121 70.181 0.000 0.000 0.000 0.000 0.000 0.000 0.000 0.000 0.000 0.000 0.000 0.000 0.000 0.000 0.000 0.000 7.540 74.540 64.540 62.540 0.000 0.000 0.000 0.000 0.576 60.576 59.576 61.577 55.578 0.000
27.274 42.273 76.272 94.271 102.270 71.269 84.268 107.267 104.266 103.265 103.263 103.261 103.260 109.257 112.254 68.250 27.246 9.241 72.237 86.231 79.222 81.212 37.203 13.195 10.189 0.000 0.000 0.000 0.000 0.000 36.279 58.279 64.279 64.279 67.279 26.279 59.187 88.161 90.161 67.181 65.219 65.272 68.344 13.461 8.512 0.000 0.000 0.000 0.000 0.000 0.000 0.000 0.000 0.000 0.000 0.000 0.000 0.000 0.000 0.000 0.540 0.540 8.540 0.000 0.000 0.000 0.000 62.576 57.576 55.576 0.000 0.000 0.000
100.275 103.274 103.273 101.273 99.272 100.271 102.270 102.268 103.267 104.266 104.264 103.262 96.260 100.257 103.254 107.250 111.246 112.241 104.236 100.230 97.221 92.212 94.202 87.192 43.183 21.172 0.000 0.000 0.000 0.000 0.000 0.000 0.000 0.000 0.000 83.372 72.339 101.320 92.318 79.333 66.363 65.406 65.462 69.526 65.563 0.000 0.000 0.000 0.000 0.000 0.000 0.000 0.000 0.000 0.000 0.000 0.000 0.000 0.000 0.000 0.000 0.000 0.000 0.000 0.000 0.000 0.000 0.000 0.000 0.000 0.000 0.000 0.000
103.276 98.276 96.275 95.274 89.273 86.272 87.271 87.270 93.268 98.267 98.265 91.263 75.260 90.258 103.254 103.251 103.247 103.242 103.237 103.230 104.222 104.213 107.202 108.190 108.177 108.162 47.145 0.000 0.000 0.000 0.000 0.000 0.000 0.000 0.000 55.496 81.478 86.462 70.459 87.470 75.494 65.528 65.572 68.618 11.652 0.000 0.926 0.934 0.000 0.000 0.000 0.000 0.000 0.000 0.000 0.000 0.000 0.000 0.000 0.000 0.000 0.000 0.000 0.000 0.000 0.000 0.000 0.000 0.000 0.000 0.000 0.000 0.000
73.277 46.277 68.277 82.276 80.275 60.274 45.273 41.271 61.270 78.268 77.266 70.264 65.261 75.258 96.255 104.252 103.248 103.243 103.238 103.232 103.225 107.216 82.202 70.188 69.173 73.154 76.128 15.084 4.040 0.685 0.513 0.000 0.000 0.000 0.000 53.639 89.614 72.592 64.586 74.594 85.613 69.642 65.679 65.722 71.775 15.867 9.918 1.942 0.958 6.957 4.957 0.000 0.000 0.000 0.000 0.000 0.000 0.000 0.000 0.000 0.000 0.000 0.000 0.000 0.000 0.000 0.000 0.000 0.000 0.000 0.000 0.000 0.000
63.279 34.279 56.279 71.278 67.277 44.276 30.275 34.273 54.271 68.270 66.268 66.265 67.263 65.260 84.257 101.253 103.249 103.245 103.241 103.235 102.229 65.222 0.000 0.000 0.000 0.000 0.000 0.000 0.000 60.079 80.063 32.037 18.012 13.980 60.919 77.806 94.748 71.707 65.699 63.705 80.723 82.748 68.779 65.816 65.858 68.908 77.943 15.962 10.973 0.000 19.957 0.000 0.000 0.000 0.000 0.000 0.000 0.000 0.000 0.000 0.000 0.000 0.000 0.000 0.000 0.000 0.000 0.000 0.000 0.000 0.000 0.000 0.000
76.281 72.281 67.281 66.280 67.279 69.278 70.277 73.275 72.273 68.271 67.269 67.267 67.264 66.261 73.258 95.255 104.251 103.248 105.244 77.240 43.234 0.000 0.000 0.000 0.000 0.000 0.000 0.000 0.000 25.068 47.056 50.037 54.019 68.007 64.973 85.917 82.864 56.789 63.796 65.807 67.825 80.847 72.874 67.904 65.935 64.964 81.983 72.990 66.990 0.000 0.000 0.000 0.000 0.000 0.000 0.000 0.000 0.000 0.000 0.000 0.000 0.000 0.000 0.000 0.000 0.000 0.000 0.000 0.000 0.000 0.000 0.000 0.000
66.284 67.283 67.283 67.282 67.281 67.280 67.279 67.277 67.275 67.273 67.271 67.269 67.266 67.263 65.260 86.257 103.253 105.250 101.247 27.245 0.000 0.000 0.000 0.000 0.000 0.000 0.000 0.000 0.000 0.000 0.000 0.000 0.000 52.058 69.048 95.025 69.003 0.000 51.889 66.902 64.921 68.943 69.967 78.991 68.013 66.031 65.036 61.025 2.008 0.000 0.000 0.000 0.000 0.000 0.000 0.000 0.000 0.000 0.000 0.000 0.000 0.000 0.000 0.000 0.000 0.000 0.000 0.000 0.000 0.000 0.000 0.000 25.579
67.286 67.286 67.285 67.285 67.284 67.283 67.281 66.280 66.278 67.276 67.273 67.271 67.268 67.265 66.262 74.259 89.255 100.252 88.250 14.248 0.000 0.000 0.000 0.000 0.000 0.000 0.000 0.000 0.000 0.000 0.000 0.000 0.000 29.119 78.138 103.130 13.120 0.000 49.969 67.992 66.015 65.037 73.058 84.079 72.097 66.109 70.106 3.065 0.000 0.000 0.000 0.000 0.000 0.000 0.000 0.000 0.000 0.000 0.000 0.000 0.000 0.000 0.000 0.000 0.000 0.000 0.000 0.000 0.000 0.000 0.000 0.000 82.658
67.289 67.289 67.288 67.288 67.287 67.285 67.284 71.282 72.280 68.278 67.276 67.273 67.270 67.267 67.264 66.261 69.257 78.254 78.252 19.250 0.000 0.000 0.000 0.000 0.000 0.000 20.921 0.000 0.000 0.000 0.000 0.000 0.000 1.275 82.256 97.238 20.226 0.000 34.025 65.082 66.110 66.131 65.151 70.169 72.187 68.203 70.213 0.000 0.000 0.000 0.000 0.000 0.000 0.000 0.000 0.000 0.000 0.000 0.000 0.000 0.000 0.000 0.000 0.000 0.000 0.000 0.000 0.000 0.000 0.000 0.000 66.881 75.790
67.292 67.292 67.291 67.291 67.290 67.288 66.287 78.285 83.283 70.281 67.278 67.276 67.273 67.269 67.266 67.263 67.259 66.255 69.252 50.250 0.000 0.000 0.000 0.000 0.000 62.922 83.921 45.919 36.911 35.900 0.000 0.000 0.000 63.445 105.380 79.339 79.322 6.341 0.000 51.200 68.213 66.227 66.243 64.261 80.280 84.302 78.330 1.424 0.000 0.000 0.000 0.000 0.000 0.000 0.000 0.000 0.000 0.000 0.000 0.000 0.000 0.000 0.000 0.000 0.000 0.000 0.000 0.000 0.000 0.000 41.045 91.973 77.899
67.295 67.295 67.295 67.294 67.293 67.292 66.290 79.288 85.286 69.284 67.281 67.279 67.275 67.272 67.268 67.264 67.260 67.256 67.252 73.248 44.243 0.000 0.000 0.000 2.922 25.922 40.923 62.925 70.914 74.889 48.840 24.775 59.687 97.562 95.479 75.416 57.381 15.361 0.000 51.307 68.312 67.322 70.334 65.350 74.370 97.397 94.435 39.504 3.561 19.587 0.000 0.000 0.000 0.000 0.000 0.000 0.000 45.096 75.096 79.096 0.000 0.000 88.096 149.096 0.000 0.000 0.000 0.000 0.000 0.000 78.117 134.066 117.004
64.299 65.299 66.298 66.297 67.296 67.295 65.294 80.292 83.290 66.287 67.285 67.282 67.278 67.275 67.271 67.267 67.262 67.257 67.252 67.246 73.239 53.229 4.222 0.000 0.000 0.000 0.000 38.945 69.930 65.901 68.857 72.799 84.724 101.637 85.559 53.466 3.423 0.000 0.000 50.407 67.408 70.413 83.422 69.436 79.454 80.478 99.511 103.553 86.591 36.614 0.000 0.000 0.000 0.000 0.000 0.000 0.000 0.000 36.096 64.096 78.096 110.096 148.096 71.096 0.000 0.000 0.000 0.000 0.000 64.330 74.240 75.171 78.106
85.303 80.302 75.302 73.301 69.300 65.299 65.297 80.295 83.293 65.291 67.288 67.285 67.282 67.278 67.274 67.269 66.264 65.259 66.252 66.245 66.236 72.226 49.215 26.200 1.184 0.000 0.000 37.980 75.960 69.929 64.888 77.837 100.774 94.703 62.654 0.000 0.000 0.000 0.000 48.506 66.501 71.501 78.506 73.516 78.532 77.552 90.578 84.607 77.637 50.663 5.695 0.000 0.000 0.000 0.000 0.000 0.000 0.000 0.000 32.096 110.096 113.096 116.096 1.096 11.096 0.095 0.000 7.495 41.495 69.420 138.342 102.278 134.166
105.307 104.306 100.306 95.305 91.304 86.303 81.301 77.299 72.297 66.295 67.292 67.289 67.285 67.281 66.277 68.272 74.267 79.261 78.254 76.246 70.236 65.225 69.211 75.193 39.168 20.134 24.092 58.035 81.000 71.967 67.930 90.888 102.834 58.745 3.699 0.000 0.000 11.683 18.664 52.609 65.589 70.583 86.585 76.592 69.604 62.620 68.640 86.662 83.685 89.707 8.726 0.000 0.000 0.000 0.000 0.000 0.000 0.000 0.000 0.000 0.000 0.000 0.000 0.000 8.096 0.000 0.000 0.000 76.571 67.510 77.444 100.340 76.516
