results3/res_3e8f-0097.wd
ncols         241
nrows         181
xllcorner     12693529.787448
yllcorner     3542525.717860
cellsize      155.156523
NODATA_value  -9999.000000
[rows 0 to 32 of 181, columns 146 to 218 of 241]
0.000 0.000 0.000 0.000 0.000 0.000 0.000 0.000 0.000 0.000 0.000 0.000 0.000 0.000 3.923 14.815 15.634 15.407 15.153 14.885 14.620 14.370 14.145 13.953 13.797 13.674 13.584 13.521 13.481 13.459 13.450 18.446 0.000 0.000 0.000 0.000 0.000 0.000 0.000 0.000 0.000 0.000 0.000 0.000 0.000 0.000 0.000 0.000 0.000 0.000 0.000 0.000 0.000 0.000 0.000 0.000 0.000 0.000 0.000 0.000 0.000 0.000 0.000 0.000 0.000 0.000 0.000 0.000 0.000 0.000 0.000 0.000 0.000
0.000 0.000 0.000 0.000 0.000 0.000 0.000 0.000 0.000 0.000 0.000 0.000 0.000 0.000 15.031 15.887 15.680 15.435 15.165 14.884 14.605 14.344 16.113 14.918 13.762 13.643 13.556 13.498 13.463 13.447 13.443 18.443 0.000 0.000 0.000 0.000 0.000 0.000 0.000 0.000 0.000 0.000 0.000 0.000 0.000 0.000 0.000 0.000 0.000 0.000 0.000 0.000 0.147 3.486 0.000 0.000 0.000 0.000 0.000 0.000 0.000 0.000 0.000 0.000 0.000 0.000 0.000 0.000 12.420 0.000 0.000 0.000 0.000
0.000 0.000 0.000 0.000 0.000 0.000 0.000 0.000 0.000 0.000 0.000 0.000 0.000 18.584 17.282 16.023 15.764 15.488 15.190 14.879 14.571 16.288 16.044 13.845 13.691 13.578 13.500 13.452 13.427 13.422 15.435 9.439 0.000 0.000 0.000 0.000 0.000 0.000 0.000 0.000 0.000 0.000 0.000 0.000 0.000 0.000 0.000 0.000 11.217 0.000 0.000 0.000 26.542 0.000 0.000 0.000 0.000 0.000 0.000 0.000 0.000 0.000 0.000 0.000 0.000 0.000 0.000 0.000 15.421 0.000 0.000 0.000 0.000
0.000 0.000 0.000 0.000 0.000 0.000 0.000 0.000 0.000 0.000 0.000 0.000 2.115 17.886 16.491 16.160 15.864 15.563 15.229 14.869 15.514 15.194 13.930 13.726 13.578 13.478 13.415 13.382 13.372 19.378 0.000 0.000 0.000 0.000 0.000 0.000 0.000 0.000 0.000 0.000 0.000 0.000 0.000 0.000 0.000 0.000 0.000 0.000 55.217 0.000 0.000 1.557 28.558 0.000 0.000 0.000 0.000 0.000 0.000 0.000 0.000 0.000 0.000 0.000 12.467 0.000 0.000 5.424 14.422 15.422 0.000 0.000 0.000
0.000 0.000 0.000 0.000 0.000 0.000 0.000 0.000 0.000 0.000 0.000 7.818 1.130 2.054 16.637 16.263 15.969 15.670 15.294 14.856 15.420 15.045 13.756 13.552 13.419 13.339 13.300 13.290 14.301 15.339 0.000 0.000 0.000 0.000 0.000 0.000 0.000 0.000 0.000 0.000 0.000 0.000 0.000 20.219 15.219 0.000 0.000 11.217 39.218 0.000 0.000 0.000 28.576 0.000 0.000 0.000 0.000 0.000 0.000 0.000 0.000 0.000 27.475 31.472 33.468 0.000 0.000 18.426 13.424 13.422 23.421 0.000 0.000
0.000 0.000 0.000 0.000 0.000 0.000 0.000 0.000 0.000 0.000 10.420 3.077 1.521 1.064 1.016 14.284 16.079 15.855 15.420 16.843 16.264 13.808 13.498 13.308 13.204 13.161 13.157 13.177 19.202 0.000 0.000 0.000 0.000 0.000 0.000 0.000 0.000 0.000 0.000 0.000 0.000 0.000 0.000 0.214 21.220 13.221 11.221 0.000 24.219 0.000 0.000 0.000 13.594 26.605 17.611 15.613 24.614 0.000 0.000 0.000 0.000 0.000 27.479 29.474 34.466 13.454 2.443 19.432 22.427 0.000 0.000 0.000 0.000
0.000 0.000 0.000 0.000 0.000 0.000 0.000 0.000 0.000 0.000 6.734 3.504 3.190 2.724 0.245 0.423 9.209 17.250 16.688 16.829 13.987 13.427 13.119 12.976 12.930 12.943 12.990 13.057 8.130 0.000 0.000 0.000 0.000 0.000 17.256 50.257 0.000 0.000 0.000 0.000 0.000 0.000 0.000 0.000 21.220 34.221 69.222 31.222 32.220 3.220 0.000 0.000 10.603 29.612 14.615 10.616 27.615 0.000 0.000 0.000 0.000 0.000 14.488 20.480 16.468 16.456 20.443 23.432 31.426 0.000 0.000 0.000 10.259
0.000 0.000 0.000 0.000 0.000 0.000 0.000 0.000 0.000 29.718 30.278 6.950 2.611 2.907 2.648 0.596 0.267 4.572 17.254 14.800 13.426 12.792 12.576 12.547 12.598 12.690 13.805 10.931 0.000 0.000 0.000 0.000 0.000 0.000 0.000 38.257 45.258 27.258 19.258 0.000 0.000 0.000 0.000 0.000 0.000 0.000 62.225 41.225 0.000 0.000 0.000 0.000 0.000 22.624 37.623 35.621 37.616 29.607 21.594 24.578 23.559 32.536 36.508 33.489 34.473 34.457 29.442 24.429 21.419 0.000 0.000 0.000 0.000
0.000 0.000 0.000 0.000 0.000 0.000 0.000 0.000 23.616 41.158 42.710 32.311 8.991 1.458 2.624 0.615 2.128 6.539 5.275 14.692 12.127 11.738 11.847 12.039 12.224 13.413 13.609 0.000 0.000 0.000 0.000 0.000 0.000 0.000 0.000 0.000 36.259 46.259 51.259 0.000 0.000 0.000 0.000 0.000 0.000 0.000 34.228 26.227 31.228 0.000 0.000 0.000 6.647 34.639 19.634 13.629 20.622 32.612 20.599 19.582 28.563 37.541 24.518 20.497 23.478 29.459 35.441 37.423 35.404 21.379 12.362 0.000 4.275
0.000 0.000 0.000 0.000 0.000 0.000 0.000 19.555 29.075 44.588 42.092 42.595 35.094 11.595 0.728 4.137 13.486 6.004 1.926 2.628 5.650 10.188 11.035 11.537 11.846 17.129 0.000 0.000 0.000 0.000 0.000 0.000 0.000 0.000 0.000 0.000 3.260 49.260 2.259 0.000 0.000 0.000 0.000 0.000 0.000 30.236 40.232 16.229 32.228 52.228 0.000 0.000 12.655 36.651 15.646 9.640 12.632 25.621 14.607 14.590 16.571 18.550 15.527 16.505 10.483 14.462 20.441 21.419 19.396 28.371 30.346 33.313 41.284
0.000 0.000 0.000 0.000 0.000 0.000 24.513 23.034 46.541 43.025 42.477 41.882 42.194 37.291 19.783 11.579 7.178 0.000 0.000 3.987 2.161 2.875 10.568 11.229 16.493 0.000 0.000 0.000 0.000 0.000 0.000 0.000 27.267 0.000 0.000 0.000 10.262 50.262 0.000 0.000 0.000 0.000 0.000 0.000 25.244 69.240 2.234 5.230 27.228 54.228 0.000 0.000 9.668 34.665 14.661 7.654 10.645 12.633 8.619 7.601 14.582 30.560 13.537 9.513 23.489 19.465 16.441 23.417 23.392 26.365 35.338 39.309 26.283
0.000 0.000 0.000 0.000 0.000 28.416 16.991 45.529 44.030 43.494 42.910 42.262 41.511 41.593 38.438 24.221 3.684 0.000 0.000 44.983 4.073 0.000 0.000 13.317 9.405 0.000 0.000 0.000 0.000 0.000 0.000 0.000 23.267 18.267 27.267 39.266 43.264 33.263 0.000 0.000 0.000 24.257 39.256 44.253 68.249 24.246 0.000 0.000 29.228 17.227 0.000 0.000 12.685 39.683 26.678 10.671 58.661 86.649 35.634 11.616 27.596 74.573 26.548 3.522 68.496 41.470 16.443 23.416 25.389 15.361 24.333 37.304 20.276
0.000 0.000 0.000 0.000 0.000 17.841 39.506 46.060 44.558 44.009 43.408 42.744 41.993 41.131 41.166 40.142 29.408 4.261 49.613 46.752 0.010 0.000 0.000 0.000 0.000 0.000 0.000 0.000 0.000 0.000 0.000 22.267 18.267 23.268 37.267 47.267 31.266 18.265 0.000 0.000 0.000 33.259 32.257 28.255 67.252 27.250 0.000 0.000 8.227 0.223 0.000 5.714 33.706 35.702 29.698 17.691 16.682 49.669 90.654 28.635 21.613 78.588 29.561 3.533 75.504 45.475 8.446 10.418 16.388 7.358 21.329 20.299 8.269
0.000 0.000 0.000 0.000 22.178 32.602 48.131 45.648 45.132 44.575 43.971 43.312 42.584 41.789 40.869 40.153 39.025 51.368 51.033 0.297 0.016 0.367 0.000 0.000 0.000 0.000 0.000 0.000 0.000 38.267 41.267 23.268 22.268 37.269 47.269 33.269 16.267 18.266 18.267 16.268 14.267 26.263 29.260 39.257 79.255 13.252 0.000 0.000 45.227 0.000 0.000 2.722 32.725 32.724 19.721 11.715 7.706 17.694 14.677 54.657 85.633 102.606 83.576 72.544 98.513 92.482 83.451 29.420 9.388 26.357 21.325 10.294 5.263
0.000 0.000 0.000 23.229 32.754 50.256 46.770 46.271 45.746 45.188 44.590 43.946 43.261 42.463 41.949 39.629 51.382 51.385 35.511 17.912 5.096 0.000 0.000 0.000 0.000 0.000 0.000 0.000 0.000 0.000 0.000 2.268 40.269 44.270 36.272 21.274 0.000 0.000 0.000 20.271 16.269 26.266 25.263 48.260 45.258 0.000 0.000 0.000 48.227 0.000 0.000 0.748 30.748 42.748 21.747 27.743 50.735 27.723 9.705 33.684 56.658 90.628 56.595 36.557 84.521 74.489 49.456 18.424 4.390 75.355 43.323 15.291 5.259
0.000 0.000 0.000 28.704 48.352 47.901 47.420 46.918 46.393 45.840 46.253 45.642 43.929 43.545 41.018 51.390 51.380 39.017 40.652 38.349 22.341 3.339 0.000 0.000 0.000 0.000 0.000 0.000 0.000 0.000 0.000 0.000 8.270 40.271 18.274 16.280 22.287 0.000 0.000 21.276 19.273 25.269 26.265 48.262 44.259 0.000 0.000 8.229 55.228 0.000 0.000 2.776 33.772 36.774 17.777 17.776 63.770 98.758 47.739 15.715 31.687 78.655 38.619 5.568 71.529 58.496 16.463 8.432 1.393 82.353 46.321 18.288 19.254
0.000 0.000 29.141 46.530 50.049 48.576 48.091 47.590 47.069 47.523 45.962 45.309 45.015 42.495 51.651 51.463 40.444 41.285 40.342 30.767 11.551 0.000 0.000 0.000 0.000 0.000 0.000 0.000 0.000 0.000 0.000 0.000 0.000 0.000 0.000 21.287 18.293 17.296 19.293 21.285 17.278 25.273 27.268 39.263 35.258 0.000 16.231 49.230 0.224 0.000 0.000 2.787 29.791 35.801 21.810 6.815 8.812 33.799 20.779 2.752 20.720 75.687 31.659 0.000 68.531 53.503 11.469 7.434 3.396 81.358 46.323 18.287 9.250
0.000 28.284 41.752 51.227 49.739 49.261 48.778 48.282 48.767 48.243 46.631 46.388 43.872 52.392 51.968 41.960 42.994 40.900 28.162 0.000 0.000 0.000 0.000 0.000 0.000 0.000 0.000 0.000 0.000 0.000 0.000 0.000 0.000 0.000 0.000 0.000 25.304 35.303 46.299 34.291 23.282 27.277 24.271 29.263 22.254 41.242 59.233 47.230 0.000 0.000 0.000 1.796 27.805 32.830 38.850 36.863 24.863 14.850 27.827 59.794 78.756 99.715 79.671 62.622 96.562 89.517 71.477 31.438 4.400 79.362 51.325 23.288 10.250
25.248 36.816 51.357 50.887 50.420 49.952 49.478 49.989 49.496 47.917 47.712 45.208 53.445 52.893 43.402 44.604 45.585 23.800 0.000 0.000 0.000 0.000 0.000 0.000 0.000 0.000 0.000 0.000 0.000 0.000 0.000 0.000 0.000 0.000 0.000 0.000 23.315 27.313 45.309 4.300 0.000 34.283 25.277 28.264 24.252 12.238 31.231 46.226 33.223 0.000 0.000 0.000 0.000 35.863 37.897 30.924 18.928 27.913 78.884 69.844 50.797 51.745 52.691 52.635 52.578 53.529 55.485 26.444 6.405 78.366 54.328 17.292 11.264
28.681 52.373 51.974 51.543 51.100 50.650 50.188 49.725 49.177 49.004 46.518 54.628 54.026 44.734 46.021 45.086 40.666 0.387 0.000 0.000 0.000 0.000 0.000 0.000 0.000 0.000 0.000 0.000 0.000 0.000 0.000 0.000 0.000 0.000 0.000 0.000 24.329 35.326 19.323 0.000 0.000 31.294 28.292 0.000 0.000 16.230 30.226 45.222 42.220 11.218 0.000 0.000 0.000 0.000 4.953 20.010 4.013 64.991 65.953 14.900 20.844 62.779 33.712 5.648 51.588 41.536 21.490 19.448 10.409 78.370 49.330 6.289 7.251
46.421 54.021 52.623 52.212 51.789 52.355 50.923 50.409 50.272 47.809 55.860 55.240 44.977 47.297 46.361 46.812 16.231 0.000 0.000 0.000 0.000 0.000 0.000 0.000 0.000 0.000 0.000 0.000 0.000 0.000 0.000 0.000 0.000 0.000 0.000 0.000 44.345 42.340 46.335 43.331 39.322 39.309 33.303 0.000 0.000 16.225 29.221 47.216 54.216 17.217 0.000 0.000 0.000 0.000 0.000 12.149 32.124 79.085 42.037 1.980 69.900 70.815 19.733 6.658 27.591 83.537 42.492 10.452 10.415 73.376 91.334 78.284 83.201
56.049 53.669 53.285 52.892 52.486 54.083 51.603 51.509 49.081 57.112 56.483 40.161 44.441 48.561 45.089 22.441 0.000 0.000 0.000 0.000 0.000 0.000 0.000 0.000 0.000 0.000 0.000 0.000 0.000 0.000 0.000 0.000 0.000 0.000 0.000 43.383 42.367 43.355 45.345 44.336 42.326 43.316 36.310 0.000 0.000 17.225 29.216 52.207 25.211 0.000 0.000 0.000 0.000 0.000 27.415 6.315 71.249 65.189 9.129 65.067 77.982 26.848 14.747 17.662 12.582 43.529 82.489 39.454 2.422 73.388 76.345 50.314 0.000
46.664 53.320 53.958 53.580 53.204 52.750 52.696 50.303 58.331 57.744 23.289 28.529 31.491 50.200 33.860 0.000 0.000 0.000 0.000 0.000 0.000 0.000 0.000 34.117 23.116 0.000 0.000 0.000 0.000 0.000 0.000 0.000 0.000 0.000 0.000 20.399 14.385 17.369 21.355 16.342 15.331 14.320 16.310 20.294 14.264 7.234 22.213 1.149 0.000 0.000 0.000 0.000 0.000 0.000 22.516 13.447 14.369 14.293 6.223 27.161 28.113 0.000 0.000 0.000 18.546 11.511 33.481 26.455 8.432 41.410 0.000 0.000 0.000
25.315 40.990 53.642 56.291 53.858 53.830 51.440 59.333 58.872 32.154 0.000 41.809 0.000 53.762 22.312 0.000 0.000 0.000 0.000 0.000 0.000 0.000 0.000 41.119 35.115 0.000 0.000 0.000 0.000 0.000 0.000 0.000 0.000 6.555 0.000 21.429 17.405 17.382 17.362 17.347 17.335 17.325 17.316 19.309 0.000 0.000 0.000 22.862 0.000 0.000 0.000 0.000 0.793 31.796 19.686 18.590 10.488 11.393 11.311 9.240 23.199 0.000 0.000 0.000 0.000 14.490 9.469 22.453 21.442 0.000 0.000 0.000 0.000
17.008 24.680 47.350 51.951 54.934 52.499 60.007 59.710 38.944 14.763 0.000 58.403 56.314 42.783 0.000 0.000 0.000 0.000 0.000 0.000 0.000 0.000 44.144 50.125 21.110 0.000 0.000 0.000 0.000 0.000 0.000 0.000 0.000 23.555 21.533 18.482 17.426 14.391 18.366 18.350 18.338 18.328 18.321 21.316 0.000 0.000 0.000 20.816 20.799 0.000 0.000 0.000 0.000 18.907 11.843 10.741 9.601 9.482 9.387 9.290 10.243 19.242 0.000 0.000 0.000 0.000 15.454 18.448 16.443 0.000 0.000 0.000 10.929
20.722 31.382 36.032 33.955 45.540 60.329 60.213 43.839 22.624 16.141 0.000 38.061 50.760 24.271 0.000 0.000 0.000 0.000 32.317 38.303 30.276 28.219 37.163 30.126 20.092 0.000 0.000 0.000 0.000 0.000 0.000 0.000 0.000 21.578 18.563 17.542 0.000 0.000 23.359 17.350 17.339 17.329 17.323 18.320 0.000 0.000 0.000 21.786 20.783 0.000 0.000 0.000 16.084 12.084 12.037 11.931 10.692 10.546 14.466 0.000 0.000 0.000 0.000 0.000 0.000 0.000 15.445 10.442 10.440 11.438 0.000 0.000 12.927
32.399 46.066 21.807 20.701 60.362 60.364 46.745 33.498 29.861 34.719 0.000 5.023 40.391 0.000 0.000 0.000 0.000 28.344 32.331 34.317 32.305 0.000 0.000 0.000 32.038 15.985 0.000 0.000 0.000 0.000 0.000 0.000 0.000 31.616 28.598 3.580 0.000 0.000 36.363 22.352 18.338 17.328 21.324 0.000 0.000 0.000 34.747 15.760 19.765 0.000 0.000 0.000 0.000 17.311 12.289 16.255 0.000 0.000 0.000 0.000 0.000 0.000 0.000 0.000 0.000 0.000 15.439 10.438 10.437 15.436 0.000 0.000 0.000
53.046 41.656 21.744 17.271 60.287 21.703 27.454 29.713 33.420 52.038 61.538 49.616 0.000 0.000 0.000 0.000 26.372 20.358 26.345 41.331 40.322 0.000 0.000 0.000 0.000 32.932 0.000 0.000 0.000 17.827 0.000 0.000 33.715 32.671 38.635 31.601 0.000 50.403 47.378 45.356 43.335 35.319 16.321 3.321 0.000 10.731 63.734 17.741 18.753 0.000 0.000 0.000 0.000 22.560 8.554 13.546 0.000 0.000 0.000 0.000 0.000 0.000 0.000 0.000 0.000 11.433 13.435 15.435 9.435 14.435 0.000 0.000 0.000
61.576 48.694 31.015 59.706 17.637 19.452 18.652 18.324 27.924 55.498 50.959 22.287 0.000 0.000 25.440 0.000 33.385 25.373 36.358 31.340 10.331 0.000 0.000 0.000 0.000 36.880 12.866 0.000 0.000 13.827 21.828 25.807 27.760 29.718 19.671 16.588 24.492 24.428 44.390 27.359 21.327 19.293 0.000 0.000 0.000 5.730 73.716 29.719 0.000 0.000 0.000 0.000 0.000 35.817 8.820 15.830 0.000 0.000 0.000 0.000 0.000 0.000 0.000 0.000 0.000 13.433 28.433 26.433 19.434 0.000 0.000 0.000 0.000
59.580 57.833 59.088 36.470 24.411 20.587 20.254 18.860 25.480 41.066 36.512 0.000 0.000 0.000 28.440 49.431 44.410 45.393 27.375 0.000 0.000 0.000 0.000 0.000 27.822 18.841 10.853 0.000 0.000 0.000 25.850 29.832 29.801 29.769 13.744 0.000 20.459 21.428 45.396 31.365 25.322 11.232 18.082 32.969 52.854 41.742 65.682 30.700 0.000 0.000 0.000 0.000 0.000 34.071 10.081 11.123 16.253 0.000 0.000 0.000 0.000 0.000 0.000 0.000 0.000 0.000 32.432 29.432 0.000 0.000 0.000 0.000 0.000
57.608 58.966 58.244 57.293 39.470 19.149 19.764 20.408 19.066 21.773 0.000 0.000 0.000 0.000 44.450 34.444 32.432 28.412 0.000 0.000 0.000 0.000 0.000 28.797 19.803 15.808 0.000 0.000 0.000 0.000 25.891 33.871 42.842 41.813 43.794 31.799 0.000 0.000 48.400 32.383 6.363 0.000 21.045 30.970 57.853 19.701 3.570 0.000 0.000 0.000 0.000 0.000 0.000 25.316 12.310 13.331 16.383 0.000 0.000 0.000 0.000 0.000 0.000 0.000 0.000 0.000 0.000 0.000 0.000 0.000 0.000 0.000 0.000
58.963 57.959 60.096 60.286 43.985 20.613 23.271 22.938 20.604 21.189 0.000 24.481 0.000 0.000 38.465 38.464 45.460 0.000 0.000 3.159 0.000 0.000 0.000 23.791 17.787 11.781 0.000 0.000 0.000 0.000 23.953 24.921 26.882 25.847 23.819 15.804 0.000 0.000 50.423 36.405 21.384 0.000 20.085 31.014 54.886 10.639 6.329 0.000 0.000 0.000 0.000 0.000 0.000 32.568 11.513 13.508 13.566 14.687 18.733 0.000 0.000 0.000 0.000 0.000 0.000 0.000 0.000 0.000 0.000 0.000 0.000 0.000 0.000
58.611 60.827 60.037 60.760 34.404 25.077 44.764 38.471 20.222 0.000 0.000 21.482 36.483 41.484 27.482 48.486 40.486 0.000 0.000 17.159 48.160 0.139 0.000 24.790 18.772 15.747 0.000 0.000 32.229 28.157 24.046 25.977 30.921 30.873 28.832 39.796 31.761 0.000 50.463 42.431 42.384 34.309 15.195 33.114 41.041 0.000 8.778 0.000 0.000 0.000 0.000 0.000 0.000 36.874 8.669 10.621 11.686 12.764 17.779 0.000 0.000 0.000 0.000 0.000 0.000 0.000 0.000 0.000 0.000 0.000 0.000 0.000 0.000
