results3/res_3e8f-0084.wd
ncols         241
nrows         181
xllcorner     12693529.787448
yllcorner     3542525.717860
cellsize      155.156523
NODATA_value  -9999.000000
[rows 0 to 32 of 181, columns 146 to 218 of 241]
0.000 0.000 0.000 0.000 0.000 0.000 0.000 0.000 0.000 0.000 0.000 0.000 0.000 0.000 3.485 14.384 15.215 15.002 14.763 14.510 14.259 14.022 13.810 13.627 13.478 13.362 13.276 13.216 13.179 13.158 13.148 18.145 0.000 0.000 0.000 0.000 0.000 0.000 0.000 0.000 0.000 0.000 0.000 0.000 0.000 0.000 0.000 0.000 0.000 0.000 0.000 0.000 0.000 0.000 0.000 0.000 0.000 0.000 0.000 0.000 0.000 0.000 0.000 0.000 0.000 0.000 0.000 0.000 0.000 0.000 0.000 0.000 0.000
0.000 0.000 0.000 0.000 0.000 0.000 0.000 0.000 0.000 0.000 0.000 0.000 0.000 0.000 14.586 15.452 15.259 15.029 14.775 14.509 14.245 13.998 15.779 14.594 13.446 13.332 13.250 13.195 13.162 13.146 13.143 18.142 0.000 0.000 0.000 0.000 0.000 0.000 0.000 0.000 0.000 0.000 0.000 0.000 0.000 0.000 0.000 0.000 0.000 0.000 0.000 0.000 0.000 0.000 0.000 0.000 0.000 0.000 0.000 0.000 0.000 0.000 0.000 0.000 0.000 0.000 0.000 0.000 0.000 0.000 0.000 0.000 0.000
0.000 0.000 0.000 0.000 0.000 0.000 0.000 0.000 0.000 0.000 0.000 0.000 0.000 18.101 16.820 15.580 15.338 15.080 14.800 14.506 14.215 15.946 15.714 13.524 13.378 13.271 13.197 13.151 13.127 13.122 15.134 9.138 0.000 0.000 0.000 0.000 0.000 0.000 0.000 0.000 0.000 0.000 0.000 0.000 0.000 0.000 0.000 0.000 7.676 0.000 0.000 0.000 0.000 0.000 0.000 0.000 0.000 0.000 0.000 0.000 0.000 0.000 0.000 0.000 0.000 0.000 0.000 0.000 0.000 0.000 0.000 0.000 0.000
0.000 0.000 0.000 0.000 0.000 0.000 0.000 0.000 0.000 0.000 0.000 0.000 1.944 17.382 16.015 15.708 15.434 15.154 14.840 14.500 15.162 14.858 13.606 13.412 13.271 13.175 13.116 13.085 13.075 19.080 0.000 0.000 0.000 0.000 0.000 0.000 0.000 0.000 0.000 0.000 0.000 0.000 0.000 0.000 0.000 0.000 0.000 0.000 51.676 0.000 0.000 0.000 0.094 0.000 0.000 0.000 0.000 0.000 0.000 0.000 0.000 0.000 0.000 0.000 0.000 0.000 0.000 0.000 0.000 0.000 0.000 0.000 0.000
0.000 0.000 0.000 0.000 0.000 0.000 0.000 0.000 0.000 0.000 0.000 7.735 1.081 1.885 16.149 15.805 15.536 15.260 14.907 14.491 15.074 14.716 13.441 13.247 13.119 13.044 13.007 12.997 14.007 15.044 0.000 0.000 0.000 0.000 0.000 0.000 0.000 0.000 0.000 0.000 0.000 0.000 0.000 16.678 11.678 0.000 0.000 7.677 35.677 0.000 0.000 0.000 0.184 0.000 0.000 0.000 0.000 0.000 0.000 0.000 0.000 0.000 13.026 17.024 19.016 0.000 0.000 3.486 0.000 0.000 0.000 0.000 0.000
0.000 0.000 0.000 0.000 0.000 0.000 0.000 0.000 0.000 0.000 10.314 2.980 1.440 1.011 0.937 13.826 15.646 15.444 15.036 16.483 15.929 13.492 13.195 13.014 12.915 12.874 12.870 12.889 18.913 0.000 0.000 0.000 0.000 0.000 0.000 0.000 0.000 0.000 0.000 0.000 0.000 0.000 0.000 0.000 17.678 9.679 7.679 0.000 20.678 0.000 0.000 0.000 0.056 13.225 4.198 2.153 11.108 0.000 0.000 0.000 0.000 0.000 13.029 15.030 20.009 0.000 0.000 4.487 7.470 0.000 0.000 0.000 0.000
0.000 0.000 0.000 0.000 0.000 0.000 0.000 0.000 0.000 0.000 6.608 3.392 3.082 2.626 0.202 0.379 8.778 16.835 16.308 16.477 13.665 13.128 12.835 12.698 12.655 12.667 12.712 12.775 7.844 0.000 0.000 0.000 0.000 0.000 13.692 46.692 0.000 0.000 0.000 0.000 0.000 0.000 0.000 0.000 17.679 30.679 65.680 27.680 28.679 0.000 0.000 0.000 0.000 16.254 1.238 0.000 14.063 0.000 0.000 0.000 0.000 0.000 0.215 6.059 1.981 1.805 5.602 8.505 16.453 0.000 0.000 0.000 0.000
0.000 0.000 0.000 0.000 0.000 0.000 0.000 0.000 0.000 29.534 30.119 6.812 2.480 2.790 2.551 0.551 0.245 4.334 16.885 14.452 13.127 12.521 12.316 12.290 12.338 12.426 13.535 10.655 0.000 0.000 0.000 0.000 0.000 0.000 0.000 34.692 41.693 23.693 15.693 0.000 0.000 0.000 0.000 0.000 0.000 0.000 58.681 37.681 0.000 0.000 0.000 0.000 0.000 9.293 24.257 22.139 24.019 15.916 7.832 10.751 9.662 18.541 22.362 19.150 19.980 19.798 14.616 9.479 6.386 0.000 0.000 0.000 0.000
0.000 0.000 0.000 0.000 0.000 0.000 0.000 0.000 23.386 40.949 42.522 32.143 8.841 1.321 2.524 0.567 1.970 6.239 4.987 14.316 11.871 11.511 11.621 11.806 11.983 13.163 13.349 0.000 0.000 0.000 0.000 0.000 0.000 0.000 0.000 0.000 32.693 42.694 47.694 0.000 0.000 0.000 0.000 0.000 0.000 0.000 30.683 22.683 27.683 0.000 0.000 0.000 0.000 21.368 6.352 0.214 6.959 18.897 6.830 5.760 14.694 23.600 10.399 6.200 8.991 14.793 20.587 22.408 20.227 6.006 0.000 0.000 0.000
0.000 0.000 0.000 0.000 0.000 0.000 0.000 19.283 28.823 44.354 41.878 42.398 34.912 11.427 0.629 3.990 13.279 5.899 1.855 2.539 5.530 10.032 10.850 11.330 11.624 16.893 0.000 0.000 0.000 0.000 0.000 0.000 0.000 0.000 0.000 0.000 0.000 45.696 0.000 0.000 0.000 0.000 0.000 0.000 0.000 26.690 36.686 12.684 28.684 48.684 0.000 0.000 0.000 23.461 2.434 0.000 0.000 11.884 0.832 0.779 2.756 4.766 1.477 2.261 0.000 0.231 5.531 6.339 4.107 12.787 14.355 17.106 24.984
0.000 0.000 0.000 0.000 0.000 0.000 24.204 22.743 46.267 42.768 42.237 41.657 41.984 37.093 19.593 11.424 7.032 0.000 0.000 3.901 2.161 2.759 10.417 11.040 16.291 0.000 0.000 0.000 0.000 0.000 0.000 0.000 23.701 0.000 0.000 0.000 6.699 46.698 0.000 0.000 0.000 0.000 0.000 0.000 21.696 65.694 0.000 1.684 23.684 50.684 0.000 0.000 0.000 21.579 1.583 0.000 0.000 0.000 0.000 0.000 1.082 17.039 0.176 0.000 9.575 5.463 1.932 8.311 8.078 10.679 19.173 22.979 9.918
0.000 0.000 0.000 0.000 0.000 28.076 16.665 45.218 43.735 43.213 42.645 42.011 41.273 41.369 38.229 24.034 3.525 0.000 0.000 44.704 3.973 0.000 0.000 13.124 9.207 0.000 0.000 0.000 0.000 0.000 0.000 0.000 19.701 14.701 23.701 35.701 39.700 29.699 0.000 0.000 0.000 20.701 35.701 40.700 64.698 20.697 0.000 0.000 25.685 13.685 0.000 0.000 0.000 26.696 13.711 0.000 45.749 73.740 22.721 0.000 14.366 61.295 13.348 0.000 54.687 27.587 2.025 8.354 10.214 0.075 7.679 20.720 3.791
0.000 0.000 0.000 0.000 0.000 17.488 39.162 45.729 44.241 43.705 43.119 42.467 41.729 40.880 40.927 39.920 29.204 4.109 49.338 46.501 0.000 0.000 0.000 0.000 0.000 0.000 0.000 0.000 0.000 0.000 0.000 18.701 14.701 19.701 33.701 43.701 27.701 14.700 0.000 0.000 0.000 29.702 28.702 24.701 63.699 23.699 0.000 0.000 4.687 0.000 0.000 0.000 20.840 22.798 16.786 4.772 3.757 36.752 77.701 15.618 8.499 65.428 16.405 0.000 61.899 31.863 0.000 0.000 1.213 0.000 4.143 3.431 0.000
0.000 0.000 0.000 0.000 21.783 32.224 47.767 45.297 44.793 44.249 43.658 43.011 42.294 41.510 40.599 39.888 38.759 51.090 50.754 0.172 0.000 0.000 0.000 0.000 0.000 0.000 0.000 0.000 0.000 34.700 37.700 19.701 18.702 33.702 43.702 29.702 12.702 14.702 14.703 12.705 10.705 22.704 25.703 35.702 75.701 9.700 0.000 0.000 41.689 0.000 0.000 0.000 19.882 19.870 6.865 0.000 0.000 4.810 1.716 41.653 72.584 89.514 70.440 59.321 85.149 79.102 70.167 16.183 0.000 7.040 2.898 0.000 0.000
0.000 0.000 0.000 22.804 32.342 49.859 46.385 45.898 45.385 44.839 44.254 43.621 42.946 42.157 41.650 39.337 51.098 51.103 35.209 17.615 4.795 0.000 0.000 0.000 0.000 0.000 0.000 0.000 0.000 0.000 0.000 0.000 36.702 40.703 32.704 17.705 0.000 0.000 0.000 16.707 12.706 22.705 21.704 44.703 41.703 0.000 0.000 0.000 44.692 0.000 0.000 0.000 17.937 29.936 8.939 14.958 37.955 14.925 0.000 20.717 43.669 77.605 43.522 23.372 71.276 61.229 36.216 5.199 0.000 55.666 23.700 0.000 0.000
0.000 0.000 0.000 28.266 47.923 47.484 47.015 46.525 46.011 45.470 45.894 45.293 43.590 43.215 40.697 51.099 51.095 38.706 40.339 38.043 22.036 3.034 0.000 0.000 0.000 0.000 0.000 0.000 0.000 0.000 0.000 0.000 4.703 36.704 14.705 12.709 18.712 0.000 0.000 17.709 15.708 21.707 22.706 44.705 40.704 0.000 0.000 4.697 51.694 0.000 0.000 0.000 20.994 23.998 4.999 4.979 50.982 86.012 34.996 2.828 18.771 65.716 25.669 0.000 58.352 45.323 3.269 0.000 0.000 62.263 26.292 0.769 2.426
0.000 0.000 28.666 46.070 49.601 48.139 47.666 47.176 46.666 47.130 45.580 44.937 44.653 42.145 51.325 51.157 40.120 40.958 40.022 30.456 11.242 0.000 0.000 0.000 0.000 0.000 0.000 0.000 0.000 0.000 0.000 0.000 0.000 0.000 0.000 17.712 14.716 13.718 15.717 17.713 13.711 21.709 23.708 35.706 31.705 0.000 12.701 45.700 0.000 0.000 0.000 0.000 17.048 23.063 9.080 0.000 0.000 21.144 8.148 0.000 7.874 62.819 18.770 0.000 55.459 40.440 0.000 0.000 0.000 60.835 25.847 0.300 0.000
0.000 27.779 41.261 50.749 49.272 48.805 48.333 47.847 48.343 47.829 46.227 45.994 43.488 52.022 51.620 41.604 42.645 40.558 27.830 0.000 0.000 0.000 0.000 0.000 0.000 0.000 0.000 0.000 0.000 0.000 0.000 0.000 0.000 0.000 0.000 0.000 21.722 31.722 42.720 30.716 19.712 23.711 20.710 25.708 18.706 37.704 55.703 43.702 0.000 0.000 0.000 0.000 15.086 20.126 26.179 24.284 12.351 2.347 15.305 47.216 66.031 86.916 66.822 49.716 83.585 76.540 58.556 18.560 0.000 58.399 30.402 2.414 0.000
24.719 36.297 50.850 50.391 49.934 49.477 49.013 49.534 49.051 47.481 47.285 44.792 53.035 52.503 43.015 44.229 45.220 23.439 0.000 0.000 0.000 0.000 0.000 0.000 0.000 0.000 0.000 0.000 0.000 0.000 0.000 0.000 0.000 0.000 0.000 0.000 19.728 23.728 41.726 0.720 0.000 30.714 21.712 24.709 20.706 8.705 27.703 42.703 29.703 0.000 0.000 0.000 0.000 23.175 25.225 18.323 6.422 15.592 66.510 57.313 38.119 38.991 39.886 39.743 39.626 40.579 42.568 13.565 0.000 56.964 32.952 0.000 0.000
28.141 51.841 51.451 51.030 50.597 50.156 49.704 49.249 48.711 48.547 46.070 54.184 53.599 44.317 45.616 44.695 40.288 0.134 0.000 0.000 0.000 0.000 0.000 0.000 0.000 0.000 0.000 0.000 0.000 0.000 0.000 0.000 0.000 0.000 0.000 0.000 20.735 31.734 15.732 0.000 0.000 27.718 24.717 0.000 0.000 12.705 26.704 41.703 38.703 7.703 0.000 0.000 0.000 0.000 0.000 7.361 0.000 53.012 53.830 2.414 8.140 50.045 20.988 0.000 38.598 28.581 8.572 6.568 0.000 56.546 27.493 0.000 0.000
45.864 53.474 52.084 51.682 51.268 51.843 50.419 49.913 49.785 47.331 55.384 54.779 44.530 46.863 45.940 46.406 15.838 0.000 0.000 0.000 0.000 0.000 0.000 0.000 0.000 0.000 0.000 0.000 0.000 0.000 0.000 0.000 0.000 0.000 0.000 0.000 40.744 38.741 42.737 39.734 35.729 35.724 29.721 0.000 0.000 12.705 25.705 43.704 50.703 13.703 0.000 0.000 0.000 0.000 0.000 0.653 20.986 67.613 30.222 0.000 57.100 58.062 7.034 0.000 14.587 70.576 29.570 0.000 0.000 51.185 68.985 55.387 59.550
55.477 53.106 52.730 52.345 51.947 53.553 51.080 50.994 48.573 56.607 55.992 39.684 43.979 48.111 44.651 22.019 0.000 0.000 0.000 0.000 0.000 0.000 0.000 0.000 0.000 0.000 0.000 0.000 0.000 0.000 0.000 0.000 0.000 0.000 0.000 39.765 38.756 39.748 41.742 40.736 38.731 39.726 32.723 0.000 0.000 13.707 25.706 48.704 21.704 0.000 0.000 0.000 0.000 0.000 18.473 0.000 60.397 54.235 0.000 52.105 65.098 14.071 2.052 5.051 0.003 30.569 69.561 26.553 0.000 51.028 53.880 27.631 0.000
46.078 52.741 53.387 53.017 52.648 52.202 52.154 49.768 57.797 57.224 22.790 28.037 31.018 49.734 33.402 0.000 0.000 0.000 0.000 0.000 0.000 0.000 0.000 30.456 19.454 0.000 0.000 0.000 0.000 0.000 0.000 0.000 0.000 0.000 0.000 16.774 10.766 13.755 17.746 12.738 11.732 10.727 12.723 16.719 10.714 3.709 18.707 0.000 0.000 0.000 0.000 0.000 0.000 0.000 13.473 4.128 4.051 3.767 0.000 14.113 15.117 0.000 0.000 0.000 0.000 0.000 20.553 13.546 0.000 19.024 0.000 0.000 0.000
24.713 40.396 53.055 55.711 53.285 53.263 50.879 58.774 58.325 31.600 0.000 41.292 0.000 53.278 21.841 0.000 0.000 0.000 0.000 0.000 0.000 0.000 0.000 37.458 31.453 0.000 0.000 0.000 0.000 0.000 0.000 0.000 0.000 2.884 0.000 17.793 13.778 13.762 13.748 13.738 13.731 13.726 13.722 15.720 0.000 0.000 0.000 19.303 0.000 0.000 0.000 0.000 0.000 23.089 10.819 9.544 1.190 1.756 1.824 0.127 10.139 0.000 0.000 0.000 0.000 0.000 0.000 9.531 8.528 0.000 0.000 0.000 0.000
16.391 24.070 46.746 51.354 54.344 51.915 59.426 59.139 38.370 14.193 0.000 57.861 55.784 42.270 0.000 0.000 0.000 0.000 0.000 0.000 0.000 0.000 40.485 46.464 17.448 0.000 0.000 0.000 0.000 0.000 0.000 0.000 0.000 19.885 17.867 14.827 13.790 10.766 14.747 14.736 14.729 14.724 14.721 17.720 0.000 0.000 0.000 17.303 17.303 0.000 0.000 0.000 0.000 10.360 3.301 2.253 1.086 0.927 0.808 0.445 0.324 9.323 0.000 0.000 0.000 0.000 2.508 5.521 3.524 0.000 0.000 0.000 0.000
20.089 30.756 35.412 33.342 44.935 59.730 59.622 43.246 22.037 15.559 0.000 37.482 50.223 23.746 0.000 0.000 0.000 0.000 28.679 34.664 26.633 24.570 33.507 26.466 16.426 0.000 0.000 0.000 0.000 0.000 0.000 0.000 0.000 17.903 14.888 13.857 0.000 0.000 19.738 13.732 13.725 13.720 13.718 14.719 0.000 0.000 0.000 18.303 17.303 0.000 0.000 0.000 7.689 3.690 3.641 3.645 2.387 2.242 6.186 0.000 0.000 0.000 0.000 0.000 0.000 0.000 2.495 0.000 0.000 0.000 0.000 0.000 0.000
31.751 45.425 21.172 20.072 59.757 59.759 46.133 32.893 29.264 34.128 0.000 4.537 39.880 0.000 0.000 0.000 0.000 24.710 28.694 30.680 28.666 0.000 0.000 0.000 28.365 12.305 0.000 0.000 0.000 0.000 0.000 0.000 0.000 27.937 24.927 0.000 0.000 0.000 32.735 18.727 14.718 13.712 17.712 0.000 0.000 0.000 31.304 12.304 16.304 0.000 0.000 0.000 0.000 9.068 3.929 8.045 0.000 0.000 0.000 0.000 0.000 0.000 0.000 0.000 0.000 0.000 2.483 0.000 0.000 0.000 0.000 0.000 0.000
52.384 41.000 21.094 16.630 59.672 21.071 26.829 29.097 32.814 51.445 60.965 49.076 0.000 0.000 0.000 0.000 22.739 16.725 22.710 37.695 36.685 0.000 0.000 0.000 0.000 29.244 0.000 0.000 0.000 14.104 0.000 0.000 30.015 28.981 34.955 27.935 0.000 46.759 43.741 41.724 39.710 31.700 12.706 0.000 0.000 7.306 60.305 14.304 15.304 0.000 0.000 0.000 0.000 14.585 0.702 5.562 0.000 0.000 0.000 0.000 0.000 0.000 0.000 0.000 0.000 0.000 0.130 0.077 0.000 0.000 0.000 0.000 0.000
60.900 48.024 30.349 59.047 16.982 18.805 18.014 17.696 27.307 54.894 50.373 21.725 0.000 0.000 21.814 0.000 29.754 21.741 32.725 27.705 6.695 0.000 0.000 0.000 0.000 33.184 9.169 0.000 0.000 10.104 18.105 22.087 24.049 26.015 15.979 12.915 20.831 20.777 40.745 23.720 17.696 15.672 0.000 0.000 0.000 2.307 70.306 26.305 0.000 0.000 0.000 0.000 0.000 28.088 1.169 8.064 0.000 0.000 0.000 0.000 0.000 0.000 0.000 0.000 0.000 0.000 0.346 0.083 0.000 0.000 0.000 0.000 0.000
58.891 57.147 58.380 35.791 23.742 19.927 19.604 18.219 24.850 40.447 35.910 0.000 0.000 0.000 24.814 45.805 40.781 41.762 23.743 0.000 0.000 0.000 0.000 0.000 24.118 15.140 7.154 0.000 0.000 0.000 22.123 26.107 26.080 26.053 10.032 0.000 16.802 17.773 41.741 27.715 21.683 7.620 14.506 29.429 49.361 38.309 62.306 27.305 0.000 0.000 0.000 0.000 0.000 26.567 2.675 3.677 8.861 0.000 0.000 0.000 0.000 0.000 0.000 0.000 0.000 0.000 3.719 0.701 0.000 0.000 0.000 0.000 0.000
56.907 58.241 57.543 56.602 38.788 18.476 19.100 19.754 18.421 21.136 0.000 0.000 0.000 0.000 40.825 30.818 28.805 24.783 0.000 0.000 0.000 0.000 0.000 25.089 16.096 12.102 0.000 0.000 0.000 0.000 22.158 30.139 39.111 38.083 40.063 28.062 0.000 0.000 44.731 28.717 2.701 0.000 17.470 27.419 54.345 16.263 0.219 0.000 0.000 0.000 0.000 0.000 0.000 17.938 4.953 5.969 9.046 0.000 0.000 0.000 0.000 0.000 0.000 0.000 0.000 0.000 0.000 0.000 0.000 0.000 0.000 0.000 0.000
58.237 57.243 59.387 59.584 43.292 19.928 22.594 22.270 19.944 20.540 0.000 20.856 0.000 0.000 34.841 34.840 41.836 0.000 0.000 0.000 0.000 0.000 0.000 20.082 14.077 8.071 0.000 0.000 0.000 0.000 20.212 21.180 23.142 22.106 20.077 12.060 0.000 0.000 46.735 32.720 17.703 0.000 16.484 27.433 51.339 7.136 2.629 0.000 0.000 0.000 0.000 0.000 0.000 25.296 4.172 6.202 6.306 7.494 11.565 0.000 0.000 0.000 0.000 0.000 0.000 0.000 0.000 0.000 0.000 0.000 0.000 0.000 0.000
57.881 60.102 59.318 60.047 33.699 24.379 44.074 37.788 19.545 0.000 0.000 17.856 32.857 37.858 23.859 44.863 36.864 0.000 0.000 13.489 44.489 0.000 0.000 21.080 15.059 12.033 0.000 0.000 28.480 24.407 20.298 22.228 27.171 27.122 25.080 36.041 28.003 0.000 46.753 38.727 38.689 30.628 11.549 29.492 37.441 0.000 4.693 0.000 0.000 0.000 0.000 0.000 0.000 29.776 1.445 3.361 4.484 5.611 10.636 0.000 0.000 0.000 0.000 0.000 0.000 0.000 0.000 0.000 0.000 0.000 0.000 0.000 0.000
