results3/res_3e8f.max
ncols         241
nrows         181
xllcorner     12693529.787448
yllcorner     3542525.717860
cellsize      155.156523
NODATA_value  -9999.000000
[rows 99 to 131 of 181, columns 73 to 145 of 241]
59.991 59.967 59.941 58.915 58.888 63.859 66.831 63.803 59.783 59.773 53.775 9.781 0.000 0.000 0.000 0.000 0.000 14.968 72.936 97.890 95.882 96.556 124.930 124.765 96.251 95.428 95.275 95.165 96.058 95.957 94.866 98.789 57.735 0.000 0.000 0.000 0.000 0.000 0.000 35.061 60.985 72.882 40.751 22.547 52.452 55.365 53.269 57.149 53.969 51.709 21.399 46.160 50.032 64.945 70.882 73.836 71.801 66.777 59.762 54.754 49.751 27.747 0.000 0.000 0.000 0.000 22.107 40.107 52.107 76.107 77.107 77.107 77.107
60.041 60.019 58.994 56.968 60.939 65.909 66.875 66.838 60.810 57.794 62.788 62.787 23.788 0.000 17.599 47.547 24.434 4.236 61.140 101.101 96.268 99.557 125.106 97.455 95.833 95.529 95.397 95.284 95.175 95.072 96.980 95.906 31.858 0.000 0.000 0.000 0.000 0.000 3.369 39.242 45.145 56.057 4.988 0.000 47.570 55.510 54.418 58.293 58.119 28.914 0.000 41.062 55.005 59.941 80.889 81.849 81.819 82.797 83.782 81.774 62.771 0.773 0.785 1.790 0.000 0.000 0.000 39.107 52.107 76.107 77.107 77.107 77.106
60.093 59.072 59.049 62.022 64.993 65.961 40.924 4.862 33.824 69.804 42.795 16.791 8.789 0.000 28.651 78.607 75.521 67.405 86.329 97.436 97.845 125.353 98.600 96.132 95.780 95.631 95.515 95.402 95.288 96.175 94.076 81.995 28.932 1.898 0.000 0.000 0.000 3.598 42.496 49.392 47.297 48.215 21.156 0.000 53.749 71.685 64.598 59.485 34.302 0.000 1.023 24.023 13.984 53.924 78.884 82.853 80.829 80.810 80.797 82.789 55.786 49.789 49.791 55.791 0.000 0.000 0.000 16.107 51.107 76.106 77.106 77.106 77.106
59.148 58.129 63.106 66.079 66.050 66.019 30.997 0.000 0.814 12.803 3.799 0.000 0.000 0.000 21.748 84.708 90.639 98.552 98.510 97.160 125.530 125.463 96.821 96.003 95.854 95.744 95.634 95.520 95.399 101.264 51.153 19.068 2.978 0.538 7.260 10.182 0.000 33.700 51.625 47.532 47.438 46.348 52.264 18.176 46.991 72.885 71.805 69.748 0.000 0.000 44.023 0.010 0.000 51.886 80.869 84.850 81.832 80.818 78.807 67.800 48.796 44.795 45.794 29.793 0.000 0.000 0.000 0.000 47.106 76.106 77.106 77.106 73.106
58.206 64.189 66.167 66.140 64.107 70.070 40.048 0.000 0.000 0.000 0.000 0.000 0.000 0.000 32.886 90.840 93.778 97.737 96.891 100.159 125.605 97.938 96.385 96.099 95.972 95.863 95.756 99.647 105.525 60.331 29.203 4.146 0.000 0.000 0.000 7.103 35.025 57.878 51.773 44.673 49.574 53.476 50.378 48.274 62.153 66.058 55.991 63.952 0.000 0.000 12.023 0.000 0.000 57.866 81.857 86.846 85.833 81.822 76.813 45.807 43.802 44.800 51.798 0.000 0.000 0.000 0.000 41.106 45.106 74.106 77.106 77.106 71.106
65.269 66.255 66.234 65.205 43.168 9.105 28.076 30.076 0.000 0.000 0.000 0.000 0.000 24.188 77.070 90.992 93.940 96.055 100.459 125.773 125.686 97.174 96.356 96.200 96.088 95.980 99.879 61.789 21.721 0.000 39.182 25.166 0.000 0.000 0.000 0.000 43.093 77.013 67.915 62.813 57.708 58.603 56.497 57.390 70.287 64.204 48.146 50.119 0.000 0.000 0.000 0.000 0.000 57.854 85.849 50.842 48.833 80.823 83.817 53.811 44.807 49.804 19.801 0.000 0.000 0.000 0.000 14.106 41.106 59.106 75.106 78.106 71.106
66.338 66.328 62.308 66.279 48.257 0.000 19.076 49.076 0.000 0.000 0.000 0.000 14.403 76.307 90.215 96.135 96.106 97.760 125.959 125.864 98.382 96.758 96.451 96.316 96.202 96.092 99.991 71.907 3.851 0.000 9.177 12.172 0.000 0.000 0.000 0.000 30.242 62.164 67.064 76.956 72.844 60.730 63.616 72.504 67.403 55.323 47.272 48.258 22.304 23.315 0.000 0.000 0.000 55.846 89.844 3.840 0.000 29.822 76.819 66.815 47.812 26.808 0.000 0.000 0.000 0.000 0.000 0.000 14.106 38.106 64.106 74.105 67.105
64.415 61.411 60.390 76.348 55.322 0.000 18.076 46.076 0.000 0.000 0.000 8.570 72.498 85.423 95.351 98.313 97.475 98.747 126.058 97.538 96.067 92.707 94.552 96.430 96.313 97.197 91.084 80.998 28.924 0.000 0.000 0.000 0.000 0.000 0.000 17.647 52.469 57.338 57.219 59.102 67.983 70.859 73.732 67.606 54.496 48.414 47.362 46.338 50.338 35.327 0.000 0.000 0.000 44.841 81.839 47.836 36.830 28.824 71.821 77.818 57.816 0.000 0.000 8.821 0.000 0.000 0.000 0.000 0.000 33.105 57.105 62.105 49.105
58.501 67.511 63.493 4.401 5.362 0.000 9.076 9.076 0.000 0.000 0.000 9.642 88.598 90.540 98.496 97.617 100.028 126.273 126.163 97.763 95.939 95.780 95.662 94.543 95.423 97.298 54.152 5.075 0.000 0.000 0.000 0.000 0.000 21.183 38.050 52.826 63.647 60.502 59.373 56.249 57.125 59.993 71.846 72.691 64.563 53.476 46.422 46.394 48.384 0.000 0.000 0.000 0.000 29.837 71.836 49.833 45.829 45.825 77.822 80.820 63.819 26.820 16.820 59.821 0.000 0.000 0.000 0.000 0.000 36.105 60.105 55.105 41.105
59.596 69.638 56.671 0.000 0.000 0.000 6.076 18.076 2.076 0.000 0.888 75.759 85.714 97.662 97.652 98.309 126.504 126.387 98.952 97.338 97.033 96.896 96.777 96.659 98.540 48.419 0.000 0.000 0.000 0.000 0.000 10.646 36.522 53.317 66.141 61.958 60.793 60.649 60.520 61.398 59.276 58.139 31.970 50.749 75.587 57.505 45.457 48.431 46.421 34.427 0.000 0.000 0.000 30.835 63.833 41.832 0.000 0.000 33.822 70.821 59.821 68.821 75.821 34.821 0.000 0.000 0.000 0.000 0.000 11.105 51.105 49.105 42.105
57.688 61.773 60.883 37.047 0.000 0.000 0.000 4.076 7.076 0.000 28.982 88.900 95.840 97.802 97.922 99.283 126.627 99.095 97.633 97.280 97.129 97.010 97.893 98.776 60.658 0.000 0.000 0.000 0.000 0.000 12.929 55.770 66.605 62.419 61.241 61.071 60.918 60.782 60.660 60.548 60.440 69.320 8.145 0.000 43.531 52.500 44.471 53.451 53.440 35.434 0.000 0.000 0.000 0.000 47.830 84.830 52.828 0.000 26.822 71.822 65.821 56.821 56.821 0.000 0.000 0.000 0.000 0.000 0.000 0.000 30.105 41.105 42.105
69.761 7.883 64.041 62.211 51.411 10.531 0.747 0.000 0.000 20.153 79.084 93.020 98.960 97.945 98.614 126.888 126.755 98.316 97.498 97.347 97.237 98.126 100.010 60.893 0.000 0.000 0.000 0.000 11.429 42.308 53.089 64.898 61.708 61.514 58.333 58.168 58.025 58.900 60.791 60.696 63.615 40.555 0.000 0.000 23.506 48.492 47.476 65.463 61.456 0.000 0.000 0.000 0.000 0.000 31.828 76.828 88.827 45.825 71.823 85.823 77.822 53.822 46.822 18.822 0.000 0.000 0.000 0.000 0.000 0.000 36.105 42.105 46.105
51.802 4.957 66.186 56.345 63.491 55.632 16.874 4.136 13.228 80.222 89.184 99.140 98.125 98.296 99.588 127.030 99.490 97.880 97.584 97.457 98.350 99.248 53.129 0.000 0.000 0.000 0.000 3.687 54.551 65.404 63.222 62.026 63.814 63.598 69.407 74.245 69.113 62.002 55.907 59.829 65.768 23.732 0.000 0.000 19.496 51.486 52.477 74.469 62.465 0.000 0.000 0.000 0.000 0.000 19.827 71.827 80.826 85.825 81.824 81.823 85.822 69.822 48.822 49.822 18.822 11.822 0.000 0.000 0.000 38.105 43.105 41.105 46.105
0.000 0.000 34.400 85.492 48.576 0.000 0.000 18.305 78.327 83.322 97.300 98.295 98.489 99.842 127.228 99.608 98.154 97.813 97.673 98.564 95.458 50.388 0.000 0.000 0.000 0.000 9.959 56.822 64.684 62.537 62.367 66.171 40.923 19.658 22.452 39.291 65.180 67.088 68.008 59.944 60.897 21.871 0.000 0.000 0.000 32.480 50.476 57.472 56.469 5.470 0.000 0.000 0.000 0.000 19.826 62.826 75.825 80.825 81.824 82.823 78.823 74.822 59.822 47.822 51.822 57.822 0.000 0.000 0.000 4.105 41.105 42.105 44.105
0.000 0.000 11.524 86.647 73.744 0.000 0.000 25.452 86.454 94.445 98.441 99.594 103.029 127.366 127.314 98.818 98.010 97.872 97.775 92.672 82.529 33.459 0.000 0.000 9.338 45.254 54.096 65.959 62.827 62.690 66.540 44.367 2.176 0.000 0.000 25.286 63.229 60.160 64.095 70.041 70.004 47.986 0.000 0.000 0.000 14.477 52.475 46.472 53.471 4.470 0.000 0.000 0.000 0.000 24.825 49.825 66.825 80.824 75.824 68.823 70.823 31.822 56.822 65.822 58.822 54.822 0.000 0.000 0.000 0.000 1.105 36.105 41.105
0.000 0.000 0.000 14.828 64.009 3.457 13.598 79.598 91.593 98.579 98.599 100.290 127.481 127.422 99.985 98.380 98.090 97.976 90.887 56.820 0.000 0.000 0.000 17.503 63.422 57.329 65.211 63.092 62.974 63.857 41.736 2.571 0.000 0.000 0.000 24.339 66.290 60.229 60.170 62.122 66.091 68.083 20.113 0.000 0.000 0.000 33.473 52.473 27.472 0.000 0.000 0.000 0.000 0.000 17.825 45.825 56.824 63.824 55.824 52.824 17.823 0.000 5.822 49.822 53.822 62.822 0.000 0.000 0.000 0.000 0.000 30.105 41.105
0.000 0.000 0.000 0.000 1.433 13.681 82.739 87.749 98.746 98.764 99.970 103.273 127.543 100.119 98.658 98.310 98.169 88.069 76.981 40.900 0.000 0.000 0.000 57.584 79.518 64.429 56.327 64.222 62.121 65.029 34.961 0.000 0.000 0.000 20.533 55.441 62.364 61.295 61.235 58.187 54.155 56.141 18.144 0.000 0.000 0.000 14.473 59.473 7.472 0.000 0.000 0.000 0.000 0.000 17.825 47.824 46.824 45.824 43.824 49.824 0.000 0.000 0.000 24.822 47.822 65.822 9.821 0.000 0.000 0.000 0.000 1.104 34.104
0.000 0.000 0.000 0.000 0.000 85.929 84.927 98.918 98.920 100.085 103.526 127.676 127.608 99.335 99.517 97.362 83.248 72.154 46.067 0.000 0.000 0.000 51.847 69.731 69.636 76.543 64.446 54.350 60.258 70.176 73.118 36.115 0.000 0.000 19.626 67.526 61.431 61.352 60.286 56.235 50.201 51.183 17.177 0.000 0.000 0.000 0.000 32.472 40.472 0.000 0.000 0.000 0.000 0.000 25.824 49.824 43.824 44.824 44.824 46.824 29.824 0.000 0.000 0.000 34.822 55.821 33.821 7.821 0.000 0.000 0.000 0.000 29.104
0.000 0.000 0.000 0.000 25.304 86.180 98.125 99.089 100.102 103.792 127.819 127.747 100.506 98.902 95.597 84.456 73.311 45.233 0.000 0.000 0.000 54.076 74.964 60.855 52.755 66.659 78.564 66.473 69.385 70.301 57.218 63.113 41.868 4.344 27.820 59.604 55.483 62.396 57.323 49.267 48.232 52.212 14.204 0.000 0.000 0.000 0.000 19.472 59.472 4.472 0.000 0.000 0.000 0.000 0.000 31.824 46.824 44.824 44.824 44.824 52.824 0.000 0.000 0.000 0.000 36.821 47.821 53.821 0.000 0.000 0.000 0.000 0.000
0.000 0.000 0.000 0.000 68.428 94.362 100.308 99.296 99.487 100.778 127.893 100.633 99.183 93.834 82.686 57.568 0.000 0.000 0.000 0.000 54.301 75.188 62.077 50.970 50.869 52.773 63.680 78.592 69.507 54.425 62.342 64.250 38.148 0.000 24.704 84.589 71.500 60.426 54.343 50.279 47.247 48.230 42.223 6.227 0.000 0.000 0.000 0.000 38.472 10.472 0.000 0.000 0.000 0.000 0.000 11.824 48.824 44.824 44.824 44.824 46.824 30.823 0.000 0.000 0.000 17.821 44.821 47.821 0.000 0.000 0.000 0.000 0.000
0.000 0.000 0.000 71.744 68.619 74.536 89.490 100.623 101.039 128.048 127.969 99.845 94.037 82.891 61.786 0.000 0.000 35.902 0.000 6.532 79.414 62.298 51.187 52.080 50.979 53.883 67.793 76.707 77.627 61.550 57.474 68.397 42.325 0.000 0.000 15.546 28.504 10.465 0.000 20.259 51.247 58.237 59.232 45.231 0.000 0.000 0.000 0.000 0.000 0.000 0.000 0.000 0.000 0.000 0.000 12.824 48.824 47.824 50.824 45.824 42.823 51.823 0.000 0.000 0.000 24.821 58.821 63.821 0.000 0.000 0.000 0.000 0.000
0.000 0.000 10.973 72.869 69.770 70.689 80.665 98.324 128.209 128.128 100.981 94.395 82.108 55.990 0.000 0.000 52.950 51.902 33.805 17.651 67.523 51.404 52.292 51.185 52.083 66.988 72.900 36.818 27.742 79.673 65.608 43.538 4.432 0.000 0.000 0.000 0.000 0.000 0.000 17.250 69.245 63.239 60.236 56.235 11.236 0.000 0.000 0.000 0.000 0.000 0.000 0.000 0.000 0.000 0.000 36.824 45.824 20.824 0.000 20.823 45.823 49.823 0.000 0.000 0.000 26.821 62.821 31.821 0.000 0.000 0.000 0.000 0.000
0.000 86.167 74.077 70.989 68.908 69.867 71.030 78.296 128.292 100.073 92.631 82.302 56.179 0.000 0.000 0.000 56.998 54.951 74.863 58.744 51.623 52.505 51.391 54.283 74.181 71.087 52.000 47.922 52.852 80.793 77.746 41.716 0.000 0.000 0.000 0.000 0.000 0.000 0.000 17.247 76.243 76.240 71.238 62.237 7.237 0.000 0.000 0.000 0.000 0.000 0.000 0.000 0.000 0.000 9.824 48.824 50.824 0.000 0.000 5.823 48.823 49.823 0.000 0.000 0.000 0.000 33.821 0.000 0.000 0.000 0.000 0.000 0.000
2.328 84.256 98.180 90.105 75.049 76.164 71.557 128.461 128.375 77.240 80.430 56.328 0.000 0.000 0.000 0.000 59.092 72.041 69.952 51.840 51.720 51.600 62.485 74.375 63.273 52.178 52.092 52.017 52.952 61.901 79.867 75.863 36.917 0.000 0.000 0.000 0.000 0.000 0.000 0.000 62.241 64.240 76.238 77.238 33.237 0.000 0.000 0.000 0.000 0.000 0.000 0.000 0.000 0.000 40.824 50.824 27.824 0.000 0.000 9.823 49.823 47.823 0.000 0.000 0.000 0.000 0.000 0.000 0.000 0.000 0.000 0.000 0.000
20.400 97.350 100.285 100.216 95.189 86.836 128.637 128.549 71.260 62.689 0.000 0.328 0.000 0.000 0.000 0.000 70.238 75.168 51.064 52.943 52.816 64.692 73.572 55.460 52.356 52.260 52.175 52.100 52.038 51.990 60.960 80.952 73.971 48.002 39.014 43.018 12.019 0.000 0.000 0.000 1.240 42.239 82.238 82.238 43.238 0.000 0.000 0.000 0.000 0.000 0.000 0.000 0.000 0.000 29.823 28.824 0.000 0.000 0.000 0.000 29.823 56.823 0.000 0.000 0.000 0.000 0.000 0.000 0.000 0.000 0.000 0.000 0.000
90.522 100.459 100.399 100.368 104.531 98.789 128.727 71.229 70.713 65.451 0.000 0.000 0.000 0.000 0.000 63.609 75.456 52.328 53.192 53.051 60.912 73.778 51.653 52.537 52.430 52.333 52.246 52.171 52.110 52.062 52.030 56.014 57.013 52.020 53.024 60.020 42.019 0.000 0.000 0.000 0.000 0.000 37.238 73.238 36.238 0.000 0.000 0.000 0.000 0.000 0.000 0.000 0.000 0.000 0.000 0.000 0.000 0.000 0.000 0.000 0.000 8.823 0.000 0.000 0.000 0.000 0.000 0.000 0.000 0.000 0.000 0.000 0.000
96.629 96.570 100.526 101.648 102.041 128.914 128.819 74.194 57.167 2.286 5.286 2.286 0.000 0.000 0.000 80.763 57.648 53.495 53.327 55.159 76.001 55.856 52.724 52.605 52.495 52.395 52.305 52.230 52.168 52.120 52.084 51.060 50.047 53.042 35.040 0.000 0.000 0.000 0.000 0.000 0.000 0.000 0.000 66.238 54.238 21.238 0.000 0.000 0.000 0.000 0.000 0.000 0.000 0.000 0.000 0.000 0.000 0.000 0.000 0.000 0.000 0.000 0.000 0.000 0.000 0.000 0.000 0.000 0.000 0.000 0.000 0.000 0.000
75.744 75.680 79.659 77.309 129.109 129.011 87.541 65.423 56.402 0.000 0.286 2.286 0.000 0.000 0.000 56.032 51.878 51.677 50.461 63.256 56.077 49.920 50.784 50.663 50.551 50.445 51.351 52.274 52.212 52.164 51.126 49.097 51.073 51.060 48.054 38.057 41.057 43.057 42.057 44.057 15.057 0.000 0.000 4.238 63.238 35.238 0.000 0.000 0.000 0.000 0.000 0.000 0.000 0.000 0.000 0.000 0.000 0.000 0.000 0.000 0.000 0.000 0.000 0.000 0.000 0.000 0.000 0.000 0.000 0.000 0.000 0.000 0.000
90.859 112.829 77.996 111.259 129.209 69.961 57.348 0.000 71.791 30.144 0.000 0.000 0.000 0.000 99.831 78.454 49.155 56.873 67.583 66.330 62.130 59.963 59.828 59.712 58.600 52.483 48.381 52.303 52.243 52.198 51.160 51.126 55.090 55.070 56.061 66.058 66.057 62.057 55.057 54.057 33.057 0.000 0.000 0.000 22.238 28.238 0.000 0.000 0.000 0.000 0.000 0.000 0.000 0.000 0.000 0.000 0.000 0.000 0.000 0.000 0.000 0.000 0.000 0.000 0.000 0.000 0.000 0.000 0.000 0.000 0.000 0.000 0.000
138.982 117.537 118.937 129.413 129.310 96.088 0.000 38.841 66.841 140.499 115.962 2.235 47.377 36.792 98.208 57.799 55.415 127.078 117.670 113.349 113.151 111.973 110.855 109.755 108.654 79.508 46.386 52.313 52.261 52.222 52.191 44.159 0.000 0.000 0.000 0.000 0.000 0.000 19.057 71.057 50.057 21.056 0.000 0.000 0.000 0.000 0.000 0.000 0.000 0.000 0.000 0.000 0.000 0.000 0.000 0.000 0.000 0.000 0.000 0.000 0.000 0.000 0.000 0.000 0.000 0.000 0.000 0.000 0.000 0.000 0.000 0.000 0.000
97.108 118.191 129.620 129.517 94.435 0.000 0.000 0.000 10.234 62.047 49.785 0.000 28.602 0.000 57.408 54.119 63.629 119.354 0.000 5.245 0.000 55.923 64.864 125.801 38.753 0.000 56.344 52.301 52.266 53.240 35.223 0.000 0.000 0.000 0.000 0.000 0.000 0.000 0.000 24.056 71.056 27.056 0.000 0.000 0.000 0.000 0.000 0.000 0.000 0.000 0.000 0.000 0.000 0.000 0.000 0.000 0.000 0.000 0.000 0.000 0.000 0.000 0.000 0.000 0.000 0.000 0.000 0.000 0.000 0.000 0.000 0.000 0.000
117.865 119.135 129.726 119.051 117.691 38.014 0.000 17.815 44.815 54.669 31.347 8.587 49.827 95.396 93.899 86.638 0.000 38.354 0.000 17.141 39.037 66.933 111.876 74.832 39.804 0.000 0.000 58.282 52.262 53.247 34.238 0.000 0.000 0.000 0.000 0.000 0.000 0.000 0.000 0.000 18.056 57.056 22.056 0.000 0.000 0.000 0.000 0.000 0.000 0.000 0.000 0.000 0.000 0.000 0.000 0.000 0.000 0.000 0.000 0.000 0.000 0.000 0.000 0.000 0.000 0.000 0.000 0.000 0.000 0.000 0.000 0.000 0.000
119.368 129.940 129.832 97.848 39.114 0.000 0.000 0.000 6.541 33.467 0.000 0.000 42.724 86.461 140.154 75.896 0.000 0.000 0.000 0.000 0.000 80.897 115.873 45.848 42.826 0.000 0.000 0.000 57.254 51.249 49.245 47.246 35.246 0.000 0.000 0.000 0.000 0.000 0.000 0.000 13.056 71.056 29.056 0.000 0.000 0.000 0.000 0.000 0.000 0.000 0.000 0.000 0.000 0.000 0.000 0.000 0.000 0.000 0.000 0.000 0.000 0.000 0.000 0.000 0.000 0.000 0.000 0.000 0.000 0.000 0.000 0.000 0.000
