results3/res_3e8f-0072.wd
ncols         241
nrows         181
xllcorner     12693529.787448
yllcorner     3542525.717860
cellsize      155.156523
NODATA_value  -9999.000000
[rows 96 to 127 of 181, columns 0 to 73 of 241]
0.000 0.000 65.019 23.019 1.019 0.000 0.000 63.019 67.018 67.018 63.017 63.016 65.016 0.000 0.000 0.000 0.000 0.000 0.000 0.000 0.000 22.999 22.999 47.999 109.999 83.999 11.999 12.998 20.998 0.000 0.000 126.770 0.000 62.758 86.761 91.762 0.000 0.000 36.616 6.594 61.564 95.528 82.488 59.443 97.395 82.343 54.289 71.233 120.174 47.114 55.053 55.990 55.927 55.862 55.797 55.733 55.669 55.607 55.546 56.481 62.392 30.347 0.000 0.000 0.000 1.417 31.405 19.380 21.257 50.177 55.138 54.111 54.091 54.076
0.000 0.000 45.019 67.019 70.020 11.020 3.020 62.019 59.019 58.018 57.017 58.017 57.016 0.000 0.000 0.000 0.000 0.000 0.000 0.000 0.000 7.999 8.999 97.000 99.000 80.000 2.999 7.999 1.998 0.000 0.000 142.770 131.771 137.771 142.786 145.788 122.784 63.754 81.694 58.656 60.621 95.584 94.543 115.500 140.452 130.401 105.348 64.292 123.233 47.173 55.111 56.047 55.983 55.917 55.851 55.785 55.722 55.663 57.610 40.569 0.000 0.000 0.000 0.000 17.293 60.312 29.329 0.000 32.215 71.180 52.150 54.126 54.106 54.091
0.000 0.000 0.000 40.020 53.020 65.020 78.020 91.020 29.019 9.019 0.000 0.000 0.000 0.000 0.000 0.000 0.000 0.000 62.016 0.000 0.000 0.000 0.000 59.002 61.001 46.000 0.000 0.000 0.000 0.000 0.000 57.770 50.770 0.000 64.824 54.820 54.810 58.786 109.749 56.714 60.680 91.643 92.603 68.560 58.513 59.463 83.409 133.353 109.294 50.233 54.170 55.106 56.040 55.972 55.904 54.835 54.771 55.714 58.663 35.616 0.000 0.000 0.000 0.000 25.273 77.276 51.269 39.231 59.206 78.180 56.156 54.135 54.118 54.103
0.000 0.000 0.000 0.000 0.000 57.021 97.021 99.021 90.020 85.019 0.000 0.000 0.000 0.000 0.000 0.000 0.000 65.016 62.016 0.000 0.000 0.000 1.006 60.004 59.004 0.000 0.000 0.000 0.000 6.016 0.000 0.000 0.000 0.000 11.865 57.860 53.849 52.829 53.803 54.773 67.741 56.705 60.666 52.624 54.577 52.527 53.473 58.417 59.357 57.295 61.231 54.165 54.098 56.029 58.957 72.879 73.813 58.760 44.711 0.000 0.000 0.000 0.000 0.000 22.251 77.249 74.239 61.219 36.199 31.178 75.159 52.141 54.126 54.113
0.000 0.000 0.000 0.000 0.000 58.023 98.023 98.023 0.000 0.000 0.000 0.000 0.000 0.000 0.000 0.000 10.016 76.016 65.016 3.015 0.000 0.000 63.007 62.006 66.005 0.000 0.000 0.000 0.000 64.016 56.016 0.000 0.000 0.000 70.912 80.906 66.896 59.880 53.860 55.834 74.805 59.771 65.734 65.691 56.645 71.595 63.541 64.483 54.422 62.359 62.294 60.227 54.158 55.089 59.016 55.913 17.842 7.801 0.000 0.000 0.000 0.000 0.000 25.228 62.232 74.229 81.221 71.208 47.192 48.176 62.160 53.145 54.132 54.120
3.029 0.000 0.000 0.000 0.000 45.024 94.024 103.024 13.025 0.000 0.000 0.000 0.000 0.000 0.000 0.000 0.000 83.016 64.016 65.015 67.014 64.012 61.010 62.008 60.007 0.000 0.000 0.000 0.000 57.016 57.017 58.015 57.007 56.993 55.965 65.955 74.948 21.937 85.921 75.900 80.873 65.842 10.805 81.763 79.717 78.666 82.612 71.553 54.491 57.426 62.358 62.290 59.220 55.152 44.106 0.000 0.000 0.000 0.000 0.000 0.000 0.000 0.000 35.223 62.219 62.215 73.208 72.198 55.186 55.173 54.160 54.148 54.136 54.126
71.029 74.029 6.029 0.000 0.000 55.026 94.025 99.026 109.026 14.026 0.000 0.000 0.000 0.000 5.020 5.020 3.019 20.018 68.017 65.016 83.014 97.013 72.011 57.009 0.000 0.000 0.000 0.000 0.000 0.000 56.019 57.021 57.014 57.006 57.000 56.003 56.004 54.999 55.988 60.971 72.947 66.917 9.882 81.840 82.794 60.742 67.687 84.626 78.562 65.494 55.425 61.354 62.280 65.194 50.150 0.000 0.000 0.000 0.000 0.000 0.000 0.000 0.000 0.000 13.207 59.204 56.198 56.190 54.180 54.170 54.159 54.149 54.140 53.131
85.030 68.029 68.029 70.029 72.028 91.027 99.027 99.027 99.027 101.027 75.027 14.027 0.000 63.020 70.020 71.020 33.019 28.019 91.018 99.017 94.015 90.013 73.012 0.000 0.000 0.000 0.000 0.000 0.000 0.000 0.000 57.036 56.023 55.017 56.024 57.055 57.065 57.066 57.061 58.048 77.028 71.999 54.964 56.922 67.875 78.823 55.766 67.704 68.636 61.564 81.493 64.422 56.351 0.000 0.000 0.000 0.000 0.000 0.000 0.000 0.000 0.000 0.000 0.000 5.198 59.195 54.191 54.184 54.176 54.167 54.159 52.150 50.142 52.135
100.030 90.030 71.030 75.029 93.029 99.028 99.028 99.028 99.028 94.028 66.028 72.028 0.003 54.021 89.021 97.021 97.020 81.020 96.019 103.018 13.017 0.000 0.000 0.000 0.000 0.000 0.000 0.000 0.000 0.000 0.000 57.065 0.000 0.000 0.000 58.129 57.135 57.140 57.141 58.133 74.116 79.088 56.052 57.009 56.961 74.908 75.851 53.788 61.716 80.632 72.560 50.491 0.000 0.000 0.000 0.000 0.000 0.000 0.000 0.000 0.000 0.000 0.000 0.000 2.191 59.189 54.185 54.179 54.172 53.165 52.158 57.151 58.144 59.138
100.030 100.030 95.030 98.030 99.030 99.029 99.029 99.029 99.028 95.028 70.028 87.028 0.000 0.000 67.022 91.022 99.021 100.021 99.020 104.019 7.019 0.000 0.000 0.000 0.000 0.000 0.000 0.000 0.000 0.000 0.000 57.094 0.000 0.000 59.203 57.196 57.206 57.219 57.229 57.229 74.214 79.186 56.148 57.102 57.052 57.998 78.942 72.881 79.808 69.688 50.624 0.000 0.000 0.000 0.000 0.000 0.000 0.000 0.000 0.000 0.000 0.000 0.000 0.000 57.187 54.185 54.181 54.176 54.169 53.163 55.157 59.152 60.146 60.141
98.031 99.031 99.031 99.031 99.030 99.030 99.030 99.029 99.029 100.029 95.028 102.028 26.027 5.026 55.024 74.023 97.023 99.022 100.021 88.021 2.020 0.000 0.000 0.000 0.000 0.000 0.000 0.000 0.000 0.000 0.000 51.123 56.152 56.181 55.210 57.247 57.272 57.301 57.329 57.338 74.326 79.295 56.251 57.200 57.146 57.091 62.038 84.987 64.947 0.000 0.000 0.000 0.000 0.000 0.000 0.000 0.000 0.000 0.000 0.000 0.000 0.000 0.000 0.000 10.185 61.183 57.179 58.173 56.165 52.160 59.156 60.152 58.148 58.145
95.032 100.032 99.032 99.032 99.031 99.031 99.031 99.030 99.030 99.030 100.029 93.029 77.028 68.027 62.026 89.025 99.024 99.023 104.023 7.022 0.000 0.000 0.000 0.000 0.000 0.000 0.000 0.000 0.000 0.000 0.000 0.000 0.000 0.000 0.000 57.309 57.336 57.385 57.447 57.469 73.456 80.416 57.362 57.301 57.240 57.182 57.130 63.083 16.046 0.000 0.000 0.000 0.000 0.000 0.000 0.000 0.000 0.000 0.000 0.000 0.000 0.000 0.000 0.000 0.000 0.000 0.000 0.000 2.159 61.157 59.154 60.152 57.150 52.148
95.033 100.033 99.033 99.033 99.033 99.032 99.032 99.032 99.031 99.031 100.030 85.029 64.029 63.028 72.027 96.026 99.025 99.025 105.024 10.024 1.024 0.000 0.000 0.000 0.000 0.000 0.000 0.000 0.000 0.000 0.000 0.000 0.000 0.000 0.000 53.344 57.378 54.456 57.604 57.636 76.611 80.554 57.479 57.401 57.330 57.269 57.217 54.170 4.108 0.000 0.000 0.000 0.000 0.000 0.000 0.000 0.000 0.000 0.000 0.000 0.000 53.140 0.000 0.000 0.000 0.000 0.000 0.000 57.155 58.154 60.153 60.152 57.151 53.151
98.034 99.034 99.034 99.034 99.034 99.034 99.033 99.033 99.032 99.032 99.031 96.031 73.030 74.029 91.028 98.027 99.026 99.026 106.025 23.025 0.000 0.000 0.000 0.000 0.000 0.000 0.000 0.000 0.000 0.000 0.000 0.000 0.000 0.000 0.000 0.000 53.378 0.000 56.878 57.858 85.800 72.709 57.599 57.496 57.411 70.346 60.299 55.271 0.000 0.000 0.000 0.000 0.000 0.000 0.000 0.000 0.000 0.000 0.000 0.000 5.140 64.140 49.140 0.000 0.000 0.000 0.000 58.150 61.151 60.152 57.152 53.152 53.152 51.153
99.035 99.035 99.035 99.035 99.035 99.035 99.035 99.034 99.034 99.033 99.033 99.032 101.031 101.030 100.029 99.028 99.028 101.027 90.027 33.027 0.000 0.000 0.000 0.000 0.000 0.000 0.000 0.000 0.000 0.000 0.000 0.000 0.000 0.000 0.000 0.000 0.000 0.000 57.171 58.120 92.023 60.882 57.713 57.572 69.472 78.405 57.362 57.344 56.362 0.000 0.000 0.000 0.000 0.000 0.000 0.000 0.000 0.000 0.000 0.000 0.000 60.140 61.140 48.140 0.000 54.145 56.146 60.148 59.149 57.150 56.150 52.151 60.152 63.153
98.037 97.037 99.037 99.037 99.037 99.037 99.036 99.036 99.036 99.035 99.034 99.033 99.032 99.031 99.030 99.029 100.029 83.028 11.028 2.028 60.028 74.028 20.028 0.000 0.000 1.027 0.000 0.000 0.000 0.000 0.000 0.000 0.000 0.000 0.000 0.000 0.000 0.000 53.515 64.428 87.290 58.081 54.800 57.606 57.502 57.439 57.401 57.382 57.380 54.380 0.000 0.000 0.000 0.000 0.000 0.000 0.000 0.000 0.000 0.000 0.000 55.140 51.140 57.141 52.142 60.144 60.145 59.147 55.148 58.149 53.149 52.150 52.151 45.152
88.038 88.038 97.039 99.039 99.039 99.039 99.038 99.038 99.037 99.037 99.036 100.035 101.033 99.032 99.031 99.030 99.030 21.029 5.029 60.029 70.028 80.028 79.028 72.027 64.027 5.027 0.000 0.000 0.000 0.000 0.000 0.000 0.000 0.000 0.000 58.451 61.387 61.238 57.947 56.787 65.627 53.354 0.000 53.549 57.492 57.449 57.419 57.403 56.397 0.000 0.000 0.000 0.000 0.000 0.000 0.000 57.137 68.137 0.000 0.000 56.139 54.140 54.140 51.141 59.142 60.143 60.145 57.146 60.147 60.148 58.148 53.149 42.149 0.000
70.040 75.040 94.040 100.041 99.041 99.041 99.040 99.040 99.040 99.039 101.038 87.037 83.035 98.033 103.032 100.031 95.031 77.031 80.030 86.029 80.029 81.028 60.028 53.028 0.000 0.000 0.000 0.000 0.000 0.000 0.000 0.000 0.000 0.000 49.515 55.515 58.473 58.381 58.246 58.146 60.078 0.000 0.000 0.000 52.468 57.444 57.426 57.414 57.408 0.000 0.000 0.000 0.000 0.000 0.000 17.137 74.137 56.138 54.138 54.138 54.139 54.139 52.140 57.141 60.142 60.143 56.144 60.145 60.147 59.147 53.148 54.148 44.148 0.000
54.041 69.041 88.042 101.043 102.043 102.043 100.043 99.042 100.042 99.042 100.041 38.039 9.036 57.034 75.033 96.032 103.032 101.032 101.032 87.030 10.029 0.000 0.000 0.000 0.000 0.000 0.000 0.000 0.000 4.540 6.540 0.000 0.000 0.000 0.000 54.622 58.607 56.567 57.512 59.473 60.461 0.000 0.000 0.000 0.000 50.435 57.425 57.418 54.413 0.000 0.000 0.000 0.000 0.000 0.000 0.000 16.137 70.138 53.138 53.138 54.139 53.139 53.140 59.140 60.141 58.142 46.143 0.000 64.147 58.147 58.147 58.147 44.148 0.000
18.042 40.043 73.045 79.045 73.045 75.045 92.045 100.045 96.045 89.044 88.044 23.044 0.000 0.000 0.000 33.032 68.033 94.034 101.035 0.000 0.000 0.000 0.000 0.000 0.000 0.000 0.000 0.000 0.000 46.540 67.541 12.541 0.000 0.000 0.000 54.744 60.766 59.767 68.761 69.772 59.833 5.014 0.000 0.000 0.000 0.000 54.423 55.420 0.000 0.000 0.000 0.000 0.000 0.000 0.000 0.000 0.000 75.138 78.138 58.138 52.138 50.139 60.139 60.140 55.140 0.000 0.000 0.000 5.147 63.147 60.147 60.147 50.147 0.000
0.000 0.000 54.049 63.049 15.049 1.048 64.048 93.048 84.048 80.047 94.047 61.048 21.050 0.000 0.000 0.000 0.000 39.036 70.039 0.000 0.000 0.000 0.000 0.000 0.000 0.000 0.000 0.000 0.000 0.000 51.541 69.541 0.540 0.000 0.000 45.845 59.946 57.976 87.993 81.023 59.085 61.194 7.313 0.000 0.000 0.000 49.422 0.000 0.000 0.000 0.000 0.000 0.000 0.000 0.000 0.000 0.000 0.000 63.138 80.138 65.138 59.139 60.139 55.139 0.000 0.000 0.000 0.000 0.000 55.146 60.147 60.147 55.147 0.000
0.000 0.000 50.053 95.053 52.052 1.052 53.051 85.051 87.051 98.050 100.050 103.051 109.052 48.053 17.054 0.000 0.000 0.000 10.045 5.047 0.000 0.000 0.000 0.000 0.000 0.000 0.000 0.000 0.000 0.000 52.541 67.541 0.000 4.544 8.544 0.000 53.195 61.199 91.211 73.240 61.292 60.364 65.433 0.000 0.000 0.000 0.000 0.000 0.000 0.000 0.000 0.000 0.000 0.000 0.000 0.000 0.000 0.000 0.000 1.138 68.138 58.139 56.139 0.000 0.000 0.000 0.000 0.000 54.146 53.146 55.146 49.147 0.000 0.000
23.061 38.060 72.057 90.056 98.056 67.056 80.055 103.054 100.054 99.053 99.053 99.053 99.054 105.054 108.054 64.054 23.053 5.052 68.049 82.049 75.050 77.050 33.050 9.050 6.050 0.000 0.000 0.000 0.000 0.000 31.541 53.542 59.543 59.544 62.545 21.546 54.442 83.412 85.413 62.435 60.477 60.539 63.620 8.754 3.813 0.000 0.000 0.000 0.000 0.000 0.000 0.000 0.000 0.000 0.000 0.000 0.000 0.000 0.000 0.000 0.000 0.000 2.139 0.000 0.000 0.000 0.000 56.146 51.146 49.146 0.000 0.000 0.000 0.000
96.062 99.062 99.060 97.059 95.059 96.058 98.058 98.057 99.056 100.056 100.056 99.056 92.055 96.055 99.055 103.055 107.054 108.053 100.051 96.051 93.051 88.051 90.050 83.050 39.050 17.050 0.000 0.000 0.000 0.000 0.000 0.000 0.000 0.000 0.000 78.652 67.616 96.594 87.593 74.610 61.644 60.693 60.756 64.829 60.871 0.000 0.000 0.000 0.000 0.000 0.000 0.000 0.000 0.000 0.000 0.000 0.000 0.000 0.000 0.000 0.000 0.000 0.000 0.000 0.000 0.000 0.000 0.000 0.000 0.000 0.000 0.000 0.000 0.000
99.064 94.064 92.063 91.063 85.062 82.061 83.061 83.060 89.059 94.059 94.058 87.058 71.057 86.057 99.056 99.056 99.055 99.054 99.053 99.052 100.052 100.051 103.051 104.050 104.050 104.050 43.050 0.000 0.000 0.000 0.000 0.000 0.000 0.000 0.000 50.794 76.774 81.757 65.755 82.767 70.794 60.834 60.883 63.935 6.973 0.000 0.000 0.000 0.000 0.000 0.000 0.000 0.000 0.000 0.000 0.000 0.000 0.000 0.000 0.000 0.000 0.000 0.000 0.000 0.000 0.000 0.000 0.000 0.000 0.000 0.000 0.000 0.000 0.000
69.067 42.067 64.066 78.066 76.065 56.064 41.064 37.063 57.062 74.061 73.061 66.060 61.059 71.059 92.058 100.057 99.056 99.055 99.054 99.053 99.052 103.052 78.051 66.050 65.050 69.050 72.050 11.049 0.015 0.000 0.000 0.000 0.000 0.000 0.000 48.955 84.930 67.907 59.901 69.910 80.933 64.966 61.007 61.054 67.112 11.209 5.254 0.000 0.000 0.000 0.000 0.000 0.000 0.000 0.000 0.000 0.000 0.000 0.000 0.000 0.000 0.000 0.000 0.000 0.000 0.000 0.000 0.000 0.000 0.000 0.000 0.000 0.000 0.000
59.070 30.070 52.069 67.069 63.068 40.067 26.067 30.066 50.065 64.064 62.063 62.063 63.062 61.061 80.060 97.059 99.057 99.056 99.055 99.054 98.053 61.053 0.000 0.000 0.000 0.000 0.000 0.000 0.000 55.325 75.325 27.324 13.321 9.308 56.258 73.142 90.083 67.039 61.032 59.041 76.061 78.089 64.124 61.164 61.210 64.263 73.299 11.329 6.337 0.000 0.000 0.000 0.000 0.000 0.000 0.000 0.000 0.000 0.000 0.000 0.000 0.000 0.000 0.000 0.000 0.000 0.000 0.000 0.000 0.000 0.000 0.000 0.000 0.000
72.073 68.073 63.073 62.072 63.072 65.071 66.070 69.069 68.068 64.067 63.066 63.065 63.064 62.063 69.061 91.060 100.059 99.058 101.057 73.056 39.055 0.000 0.000 0.000 0.000 0.000 0.000 0.000 0.000 20.325 42.325 45.327 49.330 63.344 60.324 81.273 78.220 52.135 59.146 61.160 63.181 76.207 68.236 63.269 61.302 60.332 77.350 68.352 62.344 0.000 0.000 0.000 0.000 0.000 0.000 0.000 0.000 0.000 0.000 0.000 0.000 0.000 0.000 0.000 0.000 0.000 0.000 0.000 0.000 0.000 0.000 0.000 0.000 16.486
62.077 63.076 63.076 63.076 63.075 63.074 63.073 63.073 63.071 63.070 63.069 63.068 63.066 63.065 61.063 82.062 99.060 101.059 97.058 23.057 0.000 0.000 0.000 0.000 0.000 0.000 0.000 0.000 0.000 0.000 0.000 0.000 0.000 47.414 64.422 90.407 64.388 0.000 47.258 62.274 60.296 64.320 65.346 74.372 63.397 61.415 60.417 56.384 0.000 0.000 0.000 0.000 0.000 0.000 0.000 0.000 0.000 0.000 0.000 0.000 0.000 0.000 0.000 0.000 0.000 0.000 0.000 0.000 0.000 0.000 0.000 0.000 21.658 86.582
63.080 63.080 63.080 63.079 63.079 63.078 63.077 62.076 62.075 63.074 63.072 63.071 63.069 63.067 62.065 70.064 85.062 96.060 84.059 10.058 0.000 0.000 0.000 0.000 0.000 0.000 0.000 0.000 0.000 0.000 0.000 0.000 0.000 24.477 73.541 98.546 8.538 0.000 45.354 63.381 61.408 60.432 68.456 79.478 67.498 61.512 65.519 0.000 0.000 0.000 0.000 0.000 0.000 0.000 0.000 0.000 0.000 0.000 0.000 0.000 0.000 0.000 0.000 0.000 0.000 0.000 0.000 0.000 0.000 0.000 0.000 0.000 78.734 92.679
63.084 63.084 63.084 63.083 63.083 63.082 63.081 67.080 68.079 64.077 63.075 63.074 63.072 63.070 63.068 62.065 65.063 74.061 74.059 15.058 0.000 0.000 0.000 0.000 0.000 0.000 16.649 0.000 0.000 0.000 0.000 0.000 0.000 0.000 77.718 92.697 15.680 0.000 29.422 60.490 61.523 61.546 60.566 65.586 67.603 63.619 65.628 0.000 0.000 0.000 0.000 0.000 0.000 0.000 0.000 0.000 0.000 0.000 0.000 0.000 0.000 0.000 0.000 0.000 0.000 0.000 0.000 0.000 0.000 0.000 0.000 62.958 71.865 71.792
63.089 63.089 63.088 63.088 63.087 63.086 62.085 74.084 79.082 66.081 63.079 63.077 63.075 63.073 63.070 63.067 63.065 62.062 65.059 46.057 0.000 0.000 0.000 0.000 0.000 58.649 79.649 41.646 32.636 31.621 0.000 0.000 0.000 59.049 100.916 74.844 74.805 1.827 0.000 46.634 63.647 61.662 61.678 59.695 75.712 79.730 73.746 0.000 0.000 0.000 0.000 0.000 0.000 0.000 0.000 0.000 0.000 0.000 0.000 0.000 0.000 0.000 0.000 0.000 0.000 0.000 0.000 0.000 0.000 0.000 37.126 88.052 73.974 86.908
