results3/res_3e8f-0060.wd
ncols         241
nrows         181
xllcorner     12693529.787448
yllcorner     3542525.717860
cellsize      155.156523
NODATA_value  -9999.000000
[rows 99 to 131 of 181, columns 74 to 147 of 241]
52.284 52.279 51.277 51.276 56.277 59.279 56.282 52.286 52.287 46.287 2.286 0.000 0.000 0.000 0.000 0.000 8.682 66.856 91.911 89.964 89.166 95.920 95.846 88.950 89.642 89.484 89.369 90.259 90.155 89.060 92.979 51.921 0.000 0.000 0.000 0.000 0.000 0.000 11.262 37.096 48.911 16.651 0.000 28.169 31.126 29.065 32.991 29.775 27.406 0.000 20.993 24.927 39.853 45.793 48.748 46.713 41.688 34.671 29.660 24.655 2.650 0.000 0.000 0.000 0.000 0.000 14.875 26.874 50.874 51.873 51.872 51.872 49.871 0.000
52.289 51.284 49.281 53.280 58.280 59.281 59.283 53.285 50.286 55.286 55.286 16.286 0.000 12.133 42.108 19.070 0.000 55.203 95.128 90.408 90.449 95.982 88.279 90.062 89.710 89.617 89.499 89.387 89.281 91.186 90.106 26.053 0.000 0.000 0.000 0.000 0.000 0.000 15.430 21.341 32.255 0.000 0.000 23.364 31.323 30.249 34.132 33.929 4.668 0.000 15.947 29.900 34.827 55.780 56.745 56.717 57.695 58.680 56.670 37.665 0.000 0.000 0.000 0.000 0.000 0.000 13.872 26.869 50.868 51.867 51.866 51.865 44.865 4.864
51.291 51.287 54.284 57.282 58.282 33.282 0.000 26.285 62.285 35.286 9.286 1.286 0.000 23.159 73.120 70.033 61.853 80.547 91.650 88.625 96.067 89.576 90.378 89.939 89.867 89.743 89.626 89.508 90.396 88.296 76.209 23.131 0.000 0.000 0.000 0.000 0.000 18.858 25.689 23.581 24.515 0.000 0.000 29.600 47.553 40.476 35.358 10.144 0.000 0.000 0.000 0.000 28.776 53.757 57.734 55.714 55.697 55.684 57.675 30.670 24.669 24.669 30.668 0.000 0.000 0.000 0.000 25.863 50.862 51.861 51.860 51.859 34.858 0.000
50.293 55.289 58.286 58.284 58.283 23.282 0.000 0.000 5.285 0.000 0.000 0.000 0.000 16.225 79.179 85.089 92.953 92.831 89.914 96.443 96.210 89.555 90.262 90.107 89.991 89.874 89.752 89.625 95.498 45.395 13.302 0.000 0.000 0.000 0.000 0.000 10.170 28.026 23.889 23.780 22.709 28.713 0.000 22.882 48.816 47.743 45.683 0.000 0.000 0.000 0.000 0.000 26.745 55.736 59.722 56.708 55.695 53.684 42.676 23.672 19.670 20.669 4.668 0.000 0.000 0.000 0.000 21.858 50.857 51.856 51.855 47.853 14.851 19.846
56.294 58.290 58.288 56.286 62.284 32.283 0.000 0.000 0.000 0.000 0.000 0.000 0.000 27.337 85.281 88.200 92.041 91.232 91.211 96.651 88.962 90.663 90.332 90.240 90.124 90.007 93.883 99.743 54.575 23.485 0.000 0.000 0.000 0.000 0.000 11.430 34.314 28.189 21.060 25.940 29.829 26.717 24.525 38.232 42.085 31.996 39.948 0.000 0.000 0.000 0.000 0.000 32.724 56.719 61.712 60.702 56.690 51.681 20.675 18.671 19.669 26.669 0.000 0.000 0.000 0.000 15.853 19.854 48.853 51.851 51.850 45.848 16.846 15.844
58.294 58.291 57.289 35.287 1.284 20.282 22.282 0.000 0.000 0.000 0.000 0.000 18.624 71.505 85.418 88.303 90.435 91.414 97.016 96.841 89.951 90.648 90.482 90.371 90.258 94.147 56.032 15.887 0.000 33.484 19.484 0.000 0.000 0.000 0.000 19.547 53.469 44.355 39.225 34.089 34.951 32.803 33.627 46.435 40.297 24.209 26.166 0.000 0.000 0.000 0.000 0.000 32.708 60.706 25.705 23.697 55.684 58.676 28.671 19.668 24.668 0.000 0.000 0.000 0.000 0.000 0.000 15.851 33.849 49.847 52.846 45.845 16.843 15.841
58.293 54.291 58.289 40.288 0.000 11.282 41.282 0.000 0.000 0.000 0.000 8.844 70.743 84.643 90.552 90.505 90.627 97.326 97.175 89.301 91.069 90.713 90.619 90.502 90.392 94.290 66.211 0.000 0.000 3.484 6.484 0.000 0.000 0.000 0.000 6.741 38.660 43.537 53.395 49.243 37.083 39.916 48.745 43.584 31.460 23.378 24.340 0.000 0.000 0.000 0.000 0.000 30.694 64.692 0.000 0.000 4.673 51.669 41.666 22.664 1.666 0.000 0.000 0.000 0.000 0.000 0.000 0.000 12.844 38.844 48.842 41.841 17.840 15.838
53.292 52.291 68.290 47.289 0.000 10.281 38.281 0.000 0.000 0.000 3.024 66.945 79.860 89.778 92.644 91.871 89.883 97.464 88.629 90.396 86.948 88.871 90.745 90.630 91.518 85.411 75.311 23.310 0.000 0.000 0.000 0.000 0.000 0.000 0.000 29.017 33.893 33.739 35.575 44.404 47.223 50.034 43.853 30.697 24.579 23.505 22.477 26.513 11.512 0.000 0.000 0.000 19.681 56.678 22.670 11.666 3.666 46.662 52.659 32.657 0.000 0.000 0.000 0.000 0.000 0.000 0.000 0.000 7.841 31.840 36.839 23.839 15.838 15.837
59.291 55.290 0.000 0.000 0.000 1.281 1.281 0.000 0.000 0.000 4.102 83.052 84.984 92.881 92.031 91.034 97.707 97.591 90.596 90.278 90.113 89.991 88.872 89.754 91.638 48.524 0.000 0.000 0.000 0.000 0.000 0.000 0.000 15.104 29.840 40.416 37.158 35.951 32.762 33.574 36.372 48.142 48.939 40.772 29.656 22.585 22.551 24.549 0.000 0.000 0.000 0.000 4.672 46.669 24.665 20.664 20.662 52.655 55.652 38.648 1.643 0.000 34.633 0.000 0.000 0.000 0.000 0.000 10.839 34.837 29.837 15.836 15.836 14.835
61.289 48.289 0.000 0.000 0.000 0.000 10.280 0.000 0.000 0.000 70.231 80.180 92.108 92.086 91.211 97.913 97.814 89.927 91.693 91.338 91.239 91.116 90.995 92.876 42.757 0.000 0.000 0.000 0.000 0.000 0.000 14.118 30.825 43.368 39.001 37.649 37.372 37.147 37.949 35.760 34.548 8.226 26.987 51.796 33.690 21.627 24.594 22.583 10.589 0.000 0.000 0.000 5.666 38.661 16.658 0.000 0.000 8.646 45.644 34.642 43.638 50.634 9.634 0.000 0.000 0.000 0.000 0.000 0.000 25.834 23.834 16.834 18.835 16.835
53.288 52.287 28.285 0.000 0.000 0.000 0.000 0.000 0.000 23.538 83.412 90.326 92.225 92.363 90.463 98.004 90.230 92.003 91.561 91.486 91.360 92.239 93.118 54.997 0.000 0.000 0.000 0.000 0.000 0.000 33.827 44.412 39.988 38.544 38.147 37.808 37.535 37.314 37.129 36.968 45.836 0.000 0.000 19.738 28.679 20.639 29.614 29.602 11.595 0.000 0.000 0.000 0.000 22.652 59.648 27.642 0.000 1.639 46.638 40.636 31.634 31.632 0.000 0.000 0.000 0.000 0.000 0.000 0.000 4.831 15.831 16.831 0.000 0.000
0.000 55.285 53.284 42.284 1.283 0.000 0.000 0.000 14.776 73.664 87.555 93.461 92.417 91.546 98.157 98.085 91.184 91.876 91.718 91.601 92.485 94.363 55.241 0.000 0.000 0.000 0.000 0.000 21.150 31.827 43.242 39.716 39.173 35.672 35.235 34.901 35.646 37.446 37.285 40.146 16.993 0.000 0.000 0.000 24.652 23.637 41.623 37.615 0.000 0.000 0.000 0.000 0.000 6.646 51.641 63.637 20.633 46.633 60.632 52.631 28.630 21.628 0.000 0.000 0.000 0.000 0.000 0.000 0.000 10.829 16.829 20.829 0.000 0.000
0.000 57.284 47.284 54.283 46.283 7.283 0.000 7.990 74.889 83.786 93.693 92.540 92.773 90.771 98.218 90.488 92.273 91.926 91.836 92.721 93.615 47.489 0.000 0.000 0.000 0.000 0.000 33.817 44.473 42.091 40.596 42.039 41.316 46.736 51.220 45.917 38.702 32.540 36.418 42.341 0.243 0.000 0.000 0.000 27.640 28.633 50.626 38.621 0.000 0.000 0.000 0.000 0.000 0.000 46.633 55.631 60.629 56.629 56.628 60.627 44.626 23.624 24.620 0.000 0.000 0.000 0.000 0.000 12.827 17.827 15.827 20.827 0.000 0.000
0.000 25.283 76.283 39.283 0.000 0.000 13.175 73.091 78.001 91.914 92.769 93.004 90.895 98.304 90.758 92.561 92.130 92.066 92.948 89.837 44.763 0.000 0.000 0.000 0.000 0.000 36.481 44.162 41.835 41.467 45.015 19.527 0.000 0.000 15.992 41.845 43.707 44.593 36.509 37.462 0.000 0.000 0.000 0.000 8.634 26.630 33.626 32.624 0.000 0.000 0.000 0.000 0.000 0.000 37.627 50.626 55.625 56.625 57.624 53.624 49.623 34.621 22.618 26.614 32.613 0.000 0.000 0.000 0.000 15.826 16.825 18.825 0.000 0.000
0.000 2.283 77.283 64.283 0.000 0.000 20.259 81.198 89.121 93.012 94.153 94.141 98.645 98.436 91.714 92.424 92.279 92.174 87.065 76.913 27.838 0.000 0.000 0.000 25.307 34.134 45.801 42.515 42.237 45.927 23.471 0.000 0.000 0.000 1.859 39.764 36.687 40.616 46.562 46.536 24.551 0.000 0.000 0.000 0.000 28.626 22.625 29.624 0.000 0.000 0.000 0.000 0.000 0.000 24.622 41.622 55.621 50.621 43.621 45.622 6.621 31.619 40.615 33.613 29.611 0.000 0.000 0.000 0.000 0.000 10.824 15.823 20.822 0.000
0.000 0.000 5.283 54.283 0.000 8.508 74.405 86.323 93.243 93.204 93.331 99.022 98.839 91.016 92.807 92.467 92.389 85.295 51.223 0.000 0.000 0.000 0.000 43.651 37.479 45.297 43.072 42.860 43.673 21.533 0.000 0.000 0.000 0.000 0.733 42.699 36.663 36.622 38.588 42.569 44.566 0.000 0.000 0.000 0.000 9.625 28.624 3.624 0.000 0.000 0.000 0.000 0.000 0.000 20.618 31.618 38.617 30.617 27.617 0.000 0.000 0.000 24.613 28.610 37.609 0.000 0.000 0.000 0.000 0.000 4.823 15.822 16.822 0.000
0.000 0.000 0.000 0.000 8.693 77.612 82.527 93.453 93.327 94.559 94.586 99.193 91.329 93.101 92.662 92.595 82.487 71.394 35.308 0.000 0.000 0.000 37.982 59.823 44.663 36.501 44.333 42.180 45.062 14.999 0.000 0.000 0.000 0.000 31.661 38.663 37.645 37.622 34.600 30.586 32.580 0.000 0.000 0.000 0.000 0.000 35.622 0.000 0.000 0.000 0.000 0.000 0.000 0.000 22.615 21.614 20.614 18.614 24.613 0.000 0.000 0.000 0.000 22.607 40.607 0.000 0.000 0.000 0.000 0.000 0.000 8.821 21.821 34.821
0.000 0.000 0.000 0.000 80.775 79.718 93.649 93.551 94.704 94.728 99.503 99.353 92.287 93.965 91.801 77.679 66.579 40.486 0.000 0.000 0.000 32.290 50.142 49.995 56.851 44.710 34.578 40.467 50.397 53.402 16.556 0.000 0.000 0.000 43.649 37.646 37.635 36.620 32.605 26.594 27.588 0.000 0.000 0.000 0.000 0.000 8.620 16.619 0.000 0.000 0.000 0.000 0.000 0.610 24.612 18.611 19.611 19.610 21.609 4.608 0.000 0.000 0.000 9.605 30.603 8.601 0.000 0.000 0.000 0.000 0.000 3.821 0.000 0.000
0.000 0.000 0.000 20.003 80.913 92.840 93.769 94.739 96.884 99.783 99.646 91.608 93.363 90.008 78.901 67.747 39.663 0.000 0.000 0.000 34.573 55.437 41.301 33.166 47.035 58.912 46.801 49.713 50.659 37.655 43.710 22.780 0.000 3.639 35.640 31.636 38.628 33.617 25.606 24.597 28.592 0.000 0.000 0.000 0.000 0.000 0.000 35.618 0.000 0.000 0.000 0.000 0.000 0.000 6.610 21.609 19.608 19.608 19.607 27.606 0.000 0.000 0.000 0.000 11.601 22.599 28.598 0.000 0.000 0.000 0.000 0.000 0.000 0.000
0.000 0.000 0.000 63.093 89.032 94.968 93.850 94.089 92.137 99.914 91.900 93.658 88.220 77.145 52.019 0.000 0.000 0.000 0.000 34.821 55.708 42.587 31.460 31.334 33.212 44.100 59.002 49.925 34.873 42.850 44.850 18.850 0.000 0.637 60.636 47.632 36.626 30.616 26.606 23.596 24.591 18.588 0.000 0.000 0.000 0.000 0.000 14.618 0.000 0.000 0.000 0.000 0.000 0.000 0.000 23.606 19.606 19.606 19.605 21.604 5.603 0.000 0.000 0.000 0.000 19.597 22.597 0.000 0.000 0.000 0.000 0.000 0.000 0.000
0.000 0.000 66.351 63.244 69.165 84.067 95.222 92.261 100.157 100.038 92.834 88.515 77.362 56.251 0.000 0.000 17.061 0.000 0.000 59.934 42.853 31.741 32.619 31.497 34.381 48.275 57.184 58.111 42.057 38.022 48.990 22.920 0.000 0.000 0.000 4.632 0.000 0.000 0.000 27.590 34.588 35.586 21.584 0.000 0.000 0.000 0.000 0.000 0.000 0.000 0.000 0.000 0.000 0.000 0.000 23.603 22.605 25.605 20.604 17.603 26.602 0.000 0.000 0.000 0.000 33.596 38.596 0.000 0.000 0.000 0.000 0.000 0.000 0.000
0.000 5.552 67.459 64.368 65.286 75.253 91.401 100.382 100.271 92.122 88.881 76.546 50.466 0.000 0.000 34.098 33.062 15.011 0.000 48.129 32.030 32.906 31.778 32.654 47.539 53.436 17.348 8.277 60.225 46.190 24.171 0.000 0.000 0.000 0.000 0.000 0.000 0.000 0.000 45.586 39.585 36.584 32.583 0.000 0.000 0.000 0.000 0.000 0.000 0.000 0.000 0.000 0.000 0.000 11.599 20.600 0.000 0.000 0.000 20.601 24.601 0.000 0.000 0.000 1.595 37.595 6.595 0.000 0.000 0.000 0.000 0.000 0.000 0.000
80.722 68.645 65.564 63.488 64.363 65.597 69.649 100.489 91.365 87.122 76.709 50.663 0.000 0.000 0.000 38.134 36.077 55.961 39.736 32.423 33.231 32.074 34.933 54.803 51.686 32.583 28.495 33.426 61.375 58.344 22.332 0.000 0.000 0.000 0.000 0.000 0.000 0.000 0.000 52.583 52.583 47.582 38.581 0.000 0.000 0.000 0.000 0.000 0.000 0.000 0.000 0.000 0.000 0.000 23.598 25.598 0.000 0.000 0.000 23.600 24.600 0.000 0.000 0.000 0.000 8.595 0.000 0.000 0.000 0.000 0.000 0.000 0.000 0.000
78.799 92.743 84.673 69.575 70.726 62.765 100.691 100.592 70.240 74.918 50.816 0.000 0.000 0.000 0.000 40.227 53.154 51.019 32.824 32.596 32.399 43.228 55.076 43.940 32.819 32.714 32.626 33.556 42.506 60.478 56.481 17.538 0.000 0.000 0.000 0.000 0.000 0.000 0.000 38.582 40.581 52.580 53.579 9.578 0.000 0.000 0.000 0.000 0.000 0.000 0.000 0.000 0.000 15.596 25.597 2.597 0.000 0.000 0.000 24.599 22.599 0.000 0.000 0.000 0.000 0.000 0.000 0.000 0.000 0.000 0.000 0.000 0.000 0.000
91.931 94.856 94.782 89.751 79.898 100.884 100.788 62.363 57.154 0.000 0.000 0.000 0.000 0.000 0.000 51.394 56.293 32.137 33.945 33.738 45.542 54.364 36.204 33.062 32.937 32.828 32.738 32.666 32.614 41.583 61.576 54.596 28.628 19.641 23.643 0.000 0.000 0.000 0.000 0.000 18.580 58.579 58.578 19.577 0.000 0.000 0.000 0.000 0.000 0.000 0.000 0.000 0.000 4.596 3.596 0.000 0.000 0.000 0.000 4.599 31.599 0.000 0.000 0.000 0.000 0.000 0.000 0.000 0.000 0.000 0.000 0.000 0.000 0.000
95.043 94.974 94.853 99.089 90.139 100.979 62.412 65.070 59.849 0.000 0.000 0.000 0.000 0.000 44.859 56.661 33.486 34.293 34.083 41.869 54.666 32.481 33.315 33.168 33.038 32.926 32.832 32.757 32.701 32.664 36.645 37.642 32.648 33.651 40.647 22.646 0.000 0.000 0.000 0.000 0.000 13.578 49.577 12.577 0.000 0.000 0.000 0.000 0.000 0.000 0.000 0.000 0.000 0.000 0.000 0.000 0.000 0.000 0.000 0.000 0.000 0.000 0.000 0.000 0.000 0.000 0.000 0.000 0.000 0.000 0.000 0.000 0.000 0.000
91.154 95.059 96.214 93.253 101.162 101.070 66.984 51.306 0.000 0.000 0.000 0.000 0.000 0.000 62.058 38.906 34.699 34.465 36.224 56.990 36.774 33.580 33.409 33.256 33.121 33.004 32.907 32.830 32.771 32.727 31.698 30.680 33.672 15.667 0.000 0.000 0.000 0.000 0.000 0.000 0.000 0.000 42.576 30.575 0.000 0.000 0.000 0.000 0.000 0.000 0.000 0.000 0.000 0.000 0.000 0.000 0.000 0.000 0.000 0.000 0.000 0.000 0.000 0.000 0.000 0.000 0.000 0.000 0.000 0.000 0.000 0.000 0.000 0.000
70.263 74.235 70.385 101.345 101.254 78.590 59.608 50.263 0.000 0.000 0.000 0.000 0.000 0.000 37.408 33.208 32.939 31.645 44.359 37.094 30.858 31.657 31.483 31.328 31.187 32.064 32.964 32.885 32.824 31.777 29.740 31.710 31.691 28.680 18.677 21.672 23.667 22.662 24.659 0.000 0.000 0.000 0.000 39.574 11.574 0.000 0.000 0.000 0.000 0.000 0.000 0.000 0.000 0.000 0.000 0.000 0.000 0.000 0.000 0.000 0.000 0.000 0.000 0.000 0.000 0.000 0.000 0.000 0.000 0.000 0.000 0.000 0.000 0.000
107.333 72.574 102.625 101.433 61.252 51.791 0.000 65.154 23.260 0.000 0.000 0.000 0.000 81.426 59.960 30.577 38.205 48.818 47.472 43.169 40.909 40.707 40.540 39.387 33.234 29.100 32.999 32.923 32.864 31.818 31.775 35.729 35.702 36.687 46.678 46.672 42.667 35.661 34.656 13.652 0.000 0.000 0.000 0.000 4.573 0.000 0.000 0.000 0.000 0.000 0.000 0.000 0.000 0.000 0.000 0.000 0.000 0.000 0.000 0.000 0.000 0.000 0.000 0.000 0.000 0.000 0.000 0.000 0.000 0.000 0.000 0.000 0.000 0.000
112.125 110.165 101.599 101.518 89.357 0.000 31.917 59.917 133.368 108.859 0.000 28.926 18.409 79.893 39.429 36.934 108.488 98.949 94.541 94.204 92.901 91.722 90.582 89.447 60.262 27.105 33.010 32.943 32.893 32.854 24.814 0.000 0.000 0.000 0.000 0.000 0.000 0.000 51.651 30.649 1.646 0.000 0.000 0.000 0.000 0.000 0.000 0.000 0.000 0.000 0.000 0.000 0.000 0.000 0.000 0.000 0.000 0.000 0.000 0.000 0.000 0.000 0.000 0.000 0.000 0.000 0.000 0.000 0.000 0.000 0.000 0.000 0.000 0.000
111.288 101.747 101.675 85.930 0.000 0.000 0.000 2.870 54.437 42.350 0.000 10.444 0.000 39.307 35.929 45.242 100.865 0.000 0.000 0.000 36.770 45.698 106.619 19.558 0.000 37.049 32.992 32.946 33.912 15.891 0.000 0.000 0.000 0.000 0.000 0.000 0.000 0.000 4.649 51.647 7.644 0.000 0.000 0.000 0.000 0.000 0.000 0.000 0.000 0.000 0.000 0.000 0.000 0.000 0.000 0.000 0.000 0.000 0.000 0.000 0.000 0.000 0.000 0.000 0.000 0.000 0.000 0.000 0.000 0.000 0.000 0.000 0.000 0.000
110.515 101.816 110.429 112.274 32.562 0.000 9.751 36.751 46.328 23.755 0.836 31.962 77.729 76.101 68.738 0.000 19.865 0.000 0.000 19.712 47.712 92.680 55.639 20.609 0.000 0.000 38.965 32.939 33.919 14.907 0.000 0.000 0.000 0.000 0.000 0.000 0.000 0.000 0.000 0.000 37.638 2.636 0.000 0.000 0.000 0.000 0.000 0.000 0.000 0.000 0.000 0.000 0.000 0.000 0.000 0.000 0.000 0.000 0.000 0.000 0.000 0.000 0.000 0.000 0.000 0.000 0.000 0.000 0.000 0.000 0.000 0.000 0.000 0.000
101.938 101.879 90.940 33.703 0.000 0.000 0.000 0.000 23.371 0.000 0.000 25.544 69.124 122.630 58.184 0.000 0.000 0.000 0.000 0.000 61.687 96.671 26.650 23.629 0.000 0.000 0.000 37.924 31.917 29.912 27.911 15.911 0.000 0.000 0.000 0.000 0.000 0.000 0.000 0.000 51.635 9.634 0.000 0.000 0.000 0.000 0.000 0.000 0.000 0.000 0.000 0.000 0.000 0.000 0.000 0.000 0.000 0.000 0.000 0.000 0.000 0.000 0.000 0.000 0.000 0.000 0.000 0.000 0.000 0.000 0.000 0.000 0.000 0.000
