results3/res_3e8f-0169.wd
ncols         241
nrows         181
xllcorner     12693529.787448
yllcorner     3542525.717860
cellsize      155.156523
NODATA_value  -9999.000000
[rows 99 to 131 of 181, columns 0 to 72 of 241]
0.000 0.000 0.000 0.000 0.000 60.975 100.975 102.975 93.974 88.974 0.000 0.000 0.000 0.000 0.000 2.972 1.972 68.972 65.972 0.000 0.000 1.971 4.971 63.971 62.971 3.971 0.000 0.000 0.000 10.888 0.000 0.000 0.000 0.000 16.746 62.743 58.733 57.716 58.692 59.666 72.637 61.606 65.571 57.533 59.492 57.447 58.400 63.350 64.297 62.243 66.187 59.130 59.072 61.012 63.949 77.880 78.821 63.773 49.730 0.000 0.000 0.000 0.000 0.000 27.787 82.782 79.771 66.754 41.730 36.706 80.683 57.660 59.638
0.000 0.000 0.000 0.000 0.000 61.975 101.975 101.975 0.000 0.000 0.000 0.000 0.000 0.000 0.000 1.972 13.972 79.972 68.972 6.972 3.972 3.971 66.971 65.971 69.971 0.971 0.000 0.000 0.000 68.888 60.888 0.000 0.000 0.000 75.789 85.783 71.774 64.761 58.742 60.720 79.694 64.664 70.630 70.593 61.552 76.507 68.459 69.408 59.355 67.299 67.242 65.184 59.126 60.067 64.004 60.910 22.847 12.810 0.000 0.000 0.000 0.000 0.000 30.804 67.798 79.793 86.785 76.773 52.757 53.741 67.723 58.704 59.685
6.976 0.000 0.000 0.000 0.000 48.975 97.975 106.975 16.975 0.000 0.000 0.000 0.000 0.000 0.000 0.972 2.972 86.972 67.972 68.972 70.972 67.971 64.971 65.971 63.971 1.971 0.000 0.000 0.000 61.888 61.888 62.886 61.878 61.863 60.837 70.828 79.821 26.811 90.796 80.777 85.754 70.726 15.693 86.656 84.615 83.570 87.521 76.469 59.414 62.356 67.297 67.238 64.180 60.128 49.088 0.000 0.000 0.000 0.000 0.000 0.000 0.000 0.000 40.809 67.809 67.807 78.802 77.796 60.786 60.776 59.763 59.749 59.733
74.976 77.976 9.976 0.000 0.000 58.975 97.975 102.975 112.975 17.975 0.000 0.000 0.000 0.000 8.973 8.972 6.972 23.972 71.972 68.972 86.972 100.972 75.971 60.971 0.000 0.000 0.000 0.000 0.000 0.000 60.890 61.892 61.884 61.875 61.868 60.870 60.870 59.865 60.855 65.839 77.819 71.792 14.760 86.723 87.682 65.637 72.587 89.534 83.476 70.415 60.353 66.290 67.228 70.177 55.133 0.000 0.000 0.000 0.000 0.000 0.000 0.000 0.000 2.815 18.822 64.823 61.822 61.821 59.817 59.812 59.805 59.796 59.784
88.976 71.976 71.976 73.976 75.976 94.976 102.975 102.975 102.975 104.975 78.975 17.974 0.974 66.973 73.973 74.973 36.972 31.972 94.972 102.972 97.972 93.972 76.972 0.971 0.000 0.000 0.000 0.000 0.000 0.000 0.000 61.907 60.892 59.886 60.890 61.915 61.923 61.924 61.918 62.907 81.889 76.864 59.832 61.795 72.753 83.707 60.657 72.602 73.541 66.475 86.410 69.343 61.264 2.220 0.000 0.000 0.000 0.000 0.000 0.000 0.000 0.000 0.000 0.000 10.839 64.841 59.844 59.847 59.850 59.851 59.850 57.845 55.837
103.977 93.977 74.976 78.976 96.976 102.976 102.976 102.975 102.975 97.975 69.975 75.974 3.974 57.973 92.973 100.973 100.973 84.972 99.972 106.972 16.972 0.000 0.000 0.000 0.000 0.000 0.000 0.000 0.000 0.000 0.000 61.937 0.000 0.000 0.000 62.978 61.983 61.988 61.989 62.982 78.966 83.942 60.910 61.872 61.829 79.782 80.732 58.675 66.611 85.535 77.470 55.406 0.000 0.000 0.000 0.000 0.000 0.000 0.000 0.000 0.000 0.000 0.000 0.000 7.854 64.858 59.864 59.874 59.884 58.892 57.897 62.898 63.895
103.977 103.977 98.977 101.976 102.976 102.976 102.976 102.976 102.975 98.975 73.975 90.975 0.000 0.000 70.973 94.973 102.973 103.972 102.972 107.972 10.972 0.000 0.000 0.000 0.000 0.000 0.000 0.000 0.000 0.000 0.000 61.967 0.997 1.020 64.038 62.035 62.045 62.057 62.066 62.065 79.052 84.028 60.994 61.953 61.909 62.861 83.812 77.758 84.692 74.585 55.527 0.000 0.000 0.000 0.000 0.000 0.000 0.000 0.000 0.000 0.000 0.000 0.000 0.000 62.867 59.872 59.882 59.899 59.922 58.938 60.948 64.954 65.957
101.977 102.977 102.977 102.977 102.976 102.976 102.976 102.976 102.976 103.975 98.975 105.975 29.974 8.974 58.973 77.973 100.973 102.972 103.972 91.972 5.972 0.000 0.000 0.000 0.000 0.000 0.000 0.000 0.000 0.000 0.000 55.986 61.004 61.025 60.048 62.080 62.103 62.129 62.153 62.161 79.150 84.123 61.084 62.039 61.991 61.943 66.896 89.851 69.815 0.000 0.000 0.000 0.000 0.000 0.000 0.000 0.000 0.000 0.000 0.000 0.000 0.000 0.000 0.000 15.874 66.881 62.893 63.919 61.966 57.988 65.003 66.015 64.025
98.977 103.977 102.977 102.977 102.977 102.976 102.976 102.976 102.976 102.975 103.975 96.975 80.974 71.974 65.973 92.973 102.973 102.972 107.972 10.972 0.000 0.000 0.000 0.000 0.000 0.000 0.000 0.000 0.000 0.000 0.000 0.000 0.000 0.000 0.000 62.135 62.159 62.202 62.257 62.276 78.264 85.230 62.181 62.128 62.074 62.023 61.977 67.936 20.903 0.000 0.000 0.000 0.000 0.000 0.000 0.000 0.000 0.000 0.000 0.000 0.000 0.000 0.000 0.000 0.000 3.885 1.889 0.000 8.035 67.045 65.060 66.077 63.096
98.977 103.977 102.977 102.977 102.977 102.977 102.977 102.976 102.976 102.976 103.975 88.975 67.974 66.974 75.973 99.973 102.973 102.972 108.972 13.972 4.972 0.000 0.000 0.000 0.000 0.000 0.000 0.000 0.000 0.000 0.000 0.000 0.000 0.000 0.000 58.166 62.197 59.265 62.395 62.422 81.400 85.350 62.284 62.216 62.153 62.099 62.054 59.012 8.957 0.000 0.000 0.000 0.000 0.000 0.000 0.000 0.000 0.000 0.000 0.000 0.000 59.180 0.000 0.000 0.000 0.000 0.000 1.121 63.095 64.099 66.114 66.137 63.169
101.978 102.978 102.978 102.978 102.977 102.977 102.977 102.977 102.976 102.976 102.975 99.975 76.974 77.974 94.973 101.973 102.973 102.972 109.972 26.972 0.000 0.000 0.000 0.000 0.000 0.000 0.000 0.000 0.000 0.000 0.000 0.000 0.000 0.000 0.000 0.000 58.197 0.000 61.636 62.618 90.566 77.485 62.389 62.299 62.224 75.167 65.126 60.101 0.000 0.000 0.000 0.000 0.000 0.000 0.000 0.000 0.000 0.000 0.000 0.000 11.180 70.180 55.180 0.000 0.000 0.000 1.159 64.147 67.137 66.142 63.159 59.190 59.235
102.978 102.978 102.978 102.978 102.978 102.978 102.977 102.977 102.977 102.976 102.976 102.975 104.974 104.974 103.973 102.973 102.972 104.972 93.972 36.972 0.000 0.000 0.000 0.000 0.000 0.000 0.000 0.000 0.000 0.000 0.000 0.000 0.000 0.000 0.000 0.000 0.000 0.000 61.894 62.847 96.760 65.636 62.489 62.365 74.278 83.219 62.182 62.166 61.182 0.000 0.000 0.000 0.000 0.000 0.000 0.000 0.000 0.000 0.000 0.000 0.000 66.180 67.180 54.179 1.178 60.175 62.170 66.164 65.163 63.172 62.192 58.227 66.283
101.979 100.979 102.979 102.978 102.978 102.978 102.978 102.977 102.977 102.976 102.976 102.975 102.975 102.974 102.973 102.973 103.972 86.972 14.971 5.971 63.971 77.971 23.971 0.000 0.000 4.971 0.000 0.000 0.000 0.000 0.000 0.000 0.000 0.000 0.000 3.948 3.924 0.764 58.201 69.116 91.992 62.810 59.564 62.395 62.304 62.249 62.216 62.200 62.198 59.198 0.000 0.000 0.000 0.000 0.000 0.000 0.000 0.000 0.000 0.000 0.180 61.180 57.180 63.180 58.179 66.178 66.177 65.177 61.181 64.191 59.211 58.243 58.298
91.979 91.979 100.979 102.979 102.979 102.979 102.978 102.978 102.977 102.977 102.976 103.976 104.975 102.974 102.973 102.973 102.972 24.971 8.971 63.971 73.971 83.971 82.971 75.971 67.971 8.971 0.000 0.000 0.000 0.000 0.000 0.000 0.000 0.000 3.990 62.972 65.923 65.800 62.559 61.422 70.283 58.047 0.000 58.345 62.296 62.258 62.232 62.218 61.213 0.000 0.000 0.000 0.000 0.000 0.000 0.000 63.181 74.181 0.000 0.000 62.181 60.181 60.181 57.181 65.181 66.181 66.182 63.185 66.191 66.201 64.216 59.237 48.258
73.980 78.980 97.980 103.980 102.979 102.979 102.979 102.978 102.978 102.977 104.977 90.976 86.975 101.974 106.973 103.972 98.972 80.971 83.971 89.970 83.970 84.971 63.971 56.971 2.971 0.000 0.000 0.000 0.000 0.000 0.000 0.000 0.945 0.000 54.008 60.027 62.998 62.925 62.815 62.731 64.673 0.000 0.000 0.000 57.275 62.254 62.238 62.227 62.222 0.222 0.000 0.000 0.000 0.000 0.000 23.181 80.181 62.181 60.181 60.181 60.181 60.181 58.181 63.181 66.182 66.183 62.186 66.190 66.197 65.206 59.217 60.229 50.238
57.980 72.980 91.980 104.980 105.980 105.980 103.980 102.979 103.978 102.978 103.977 41.976 12.975 60.974 78.973 99.972 106.971 104.970 104.970 90.970 13.970 0.000 0.000 0.000 0.000 0.000 0.000 0.000 0.000 8.945 10.945 0.945 0.945 0.945 0.000 59.128 63.118 61.088 62.044 64.013 65.004 0.000 0.000 0.000 0.000 55.246 62.238 62.231 59.227 0.000 0.000 0.000 0.000 0.000 0.000 0.000 22.181 76.181 59.181 59.181 60.181 59.181 59.181 65.182 66.183 64.185 52.188 5.193 70.201 64.209 64.216 64.224 50.228
21.980 43.981 76.981 82.981 76.981 78.981 95.980 103.980 99.979 92.978 91.978 26.977 0.000 0.000 0.000 36.971 71.970 97.969 104.969 1.969 0.000 0.000 0.000 0.000 0.000 0.000 0.000 0.000 0.000 50.945 71.945 16.945 1.945 0.945 0.000 59.239 65.260 64.264 73.261 74.272 64.326 9.483 0.000 0.000 0.000 0.000 59.235 60.233 0.000 0.000 0.000 0.000 0.000 0.000 0.000 0.000 0.000 81.181 84.181 64.181 58.181 56.181 66.181 66.182 61.182 0.000 0.000 0.000 11.207 69.212 66.216 66.221 56.223
0.000 0.000 57.983 66.983 18.982 4.982 67.981 96.981 87.980 83.979 97.978 64.978 24.977 0.000 0.000 0.000 0.000 42.968 73.966 0.000 0.000 0.000 0.000 0.000 0.000 0.000 0.000 0.000 0.000 0.000 55.945 73.945 4.945 0.000 0.000 50.328 64.418 62.446 92.462 85.490 63.545 65.640 11.745 0.000 0.000 0.000 54.235 0.000 0.000 0.000 0.000 0.000 0.000 0.000 0.000 0.000 0.000 0.000 69.181 86.181 71.181 65.181 66.181 61.182 0.000 0.000 0.000 0.000 0.000 61.215 66.217 66.219 61.221
0.000 0.000 53.984 98.984 55.984 4.983 56.982 88.982 90.981 101.980 103.979 106.978 112.977 51.975 20.974 0.000 0.000 0.000 13.962 8.959 0.000 1.944 0.000 0.000 0.000 0.000 0.000 0.000 0.000 0.000 56.945 71.945 1.945 8.946 12.946 0.000 57.638 65.641 95.653 77.679 65.725 64.789 69.849 0.000 0.000 0.000 0.000 0.000 0.000 0.000 0.000 0.000 0.000 0.000 0.000 0.000 0.000 0.000 0.000 7.181 74.181 64.181 62.181 0.000 0.000 0.000 0.000 0.215 60.216 59.216 61.217 55.218 0.000
26.989 41.988 75.986 93.986 101.985 70.984 83.983 106.983 103.982 102.981 102.979 102.978 102.977 108.975 111.973 67.970 26.967 8.963 71.960 85.956 78.950 80.944 36.938 12.932 9.928 0.000 0.000 0.000 0.000 0.000 35.945 57.945 63.945 63.946 66.946 25.946 58.855 87.828 89.829 66.849 64.886 64.941 68.013 13.130 8.182 0.000 0.000 0.000 0.000 0.000 0.000 0.000 0.000 0.000 0.000 0.000 0.000 0.000 0.000 0.000 0.181 0.181 8.181 0.000 0.000 0.000 0.000 62.216 57.216 55.216 0.000 0.000 0.000
99.989 102.989 102.988 100.987 98.986 99.986 101.985 101.984 102.983 103.981 103.980 102.979 95.977 99.975 102.973 106.970 110.967 111.963 103.960 99.955 96.950 91.944 93.937 86.931 42.924 20.917 0.000 0.000 0.000 0.000 0.000 0.000 0.000 0.000 0.000 83.038 72.006 100.987 91.986 79.001 66.031 65.075 65.131 69.196 65.233 0.000 0.000 0.000 0.000 0.000 0.000 0.000 0.000 0.000 0.000 0.000 0.000 0.000 0.000 0.000 0.000 0.000 0.000 0.000 0.000 0.000 0.000 0.000 0.000 0.000 0.000 0.000 0.000
102.990 97.990 95.989 94.989 88.988 85.987 86.986 86.985 92.984 97.982 97.981 90.979 74.977 89.975 102.973 102.970 102.967 102.964 102.960 102.956 103.950 103.944 106.937 107.929 107.920 107.911 46.899 0.000 0.000 0.000 0.000 0.000 0.000 0.000 0.000 55.162 81.144 86.129 70.127 87.138 75.162 65.198 65.242 68.288 11.322 0.000 0.597 0.605 0.000 0.000 0.000 0.000 0.000 0.000 0.000 0.000 0.000 0.000 0.000 0.000 0.000 0.000 0.000 0.000 0.000 0.000 0.000 0.000 0.000 0.000 0.000 0.000 0.000
72.992 45.991 67.991 81.990 79.989 59.989 44.988 40.986 60.985 77.984 76.982 69.980 64.978 74.976 95.973 103.971 102.968 102.965 102.961 102.957 102.952 106.946 81.937 69.928 68.918 72.905 75.888 14.859 3.830 0.505 0.337 0.000 0.000 0.000 0.000 53.303 89.280 72.259 64.254 74.262 85.282 69.312 65.349 65.393 71.446 15.538 9.588 1.613 0.631 6.631 4.631 0.000 0.000 0.000 0.000 0.000 0.000 0.000 0.000 0.000 0.000 0.000 0.000 0.000 0.000 0.000 0.000 0.000 0.000 0.000 0.000 0.000 0.000
62.993 33.993 55.993 70.992 66.991 43.990 29.989 33.988 53.986 67.985 65.983 65.981 66.979 64.977 83.974 100.972 102.969 102.966 102.962 102.959 101.955 64.950 0.000 0.000 0.000 0.000 0.000 0.000 0.000 59.701 79.689 31.673 17.655 13.630 60.576 77.467 94.412 71.374 65.367 63.375 80.393 82.419 68.450 65.487 65.530 68.580 77.615 15.636 10.648 0.000 19.631 0.000 0.000 0.000 0.000 0.000 0.000 0.000 0.000 0.000 0.000 0.000 0.000 0.000 0.000 0.000 0.000 0.000 0.000 0.000 0.000 0.000 0.000
75.995 71.995 66.994 65.994 66.993 68.992 69.991 72.990 71.988 67.986 66.985 66.983 66.980 65.978 72.975 94.973 103.970 102.967 104.964 76.961 42.958 0.000 0.000 0.000 0.000 0.000 0.000 0.000 0.000 24.693 46.685 49.673 53.662 67.659 64.630 85.579 82.529 56.456 63.465 65.478 67.496 80.519 72.546 67.576 65.608 64.637 81.657 72.664 66.664 0.000 0.000 0.000 0.000 0.000 0.000 0.000 0.000 0.000 0.000 0.000 0.000 0.000 0.000 0.000 0.000 0.000 0.000 0.000 0.000 0.000 0.000 0.000 0.000
65.997 66.997 66.997 66.996 66.995 66.994 66.993 66.992 66.990 66.988 66.986 66.984 66.982 66.979 64.976 85.974 102.971 104.968 100.966 26.964 0.000 0.000 0.000 0.000 0.000 0.000 0.000 0.000 0.000 0.000 0.000 0.000 0.000 51.712 68.708 94.688 68.669 0.000 51.560 66.574 64.594 68.616 69.640 78.664 67.687 65.704 64.710 60.699 1.682 0.000 0.000 0.000 0.000 0.000 0.000 0.000 0.000 0.000 0.000 0.000 0.000 0.000 0.000 0.000 0.000 0.000 0.000 0.000 0.000 0.000 0.000 0.000 25.277
67.000 66.999 66.999 66.998 66.997 66.996 66.995 65.994 65.992 66.990 66.988 66.986 66.983 66.981 65.978 73.975 88.972 99.969 87.967 13.966 0.000 0.000 0.000 0.000 0.000 0.000 0.000 0.000 0.000 0.000 0.000 0.000 0.000 28.771 77.801 102.797 12.789 0.000 49.642 67.666 65.689 64.711 72.733 83.753 71.772 65.783 69.780 2.739 0.000 0.000 0.000 0.000 0.000 0.000 0.000 0.000 0.000 0.000 0.000 0.000 0.000 0.000 0.000 0.000 0.000 0.000 0.000 0.000 0.000 0.000 0.000 0.000 82.356
67.002 67.002 67.001 67.001 67.000 66.999 66.998 70.996 71.994 67.992 66.990 66.988 66.985 66.982 66.979 65.976 68.973 77.970 77.968 18.966 0.000 0.000 0.000 0.000 0.000 0.000 20.621 0.000 0.000 0.000 0.000 0.000 0.000 0.955 81.929 96.911 19.900 0.000 33.699 64.757 65.786 65.807 64.826 69.845 71.863 67.878 69.887 0.000 0.000 0.000 0.000 0.000 0.000 0.000 0.000 0.000 0.000 0.000 0.000 0.000 0.000 0.000 0.000 0.000 0.000 0.000 0.000 0.000 0.000 0.000 0.000 66.578 75.487
67.005 67.005 67.004 67.004 67.003 67.002 66.000 77.999 82.997 69.995 66.992 66.990 66.987 66.984 66.981 66.977 66.974 65.970 68.967 49.965 0.000 0.000 0.000 0.000 0.000 62.622 83.621 45.619 36.610 35.599 0.000 0.000 0.000 63.141 105.064 79.019 79.001 6.022 0.000 50.877 67.890 65.904 65.920 63.938 79.957 83.978 78.002 1.108 0.000 0.000 0.000 0.000 0.000 0.000 0.000 0.000 0.000 0.000 0.000 0.000 0.000 0.000 0.000 0.000 0.000 0.000 0.000 0.000 0.000 0.000 40.741 91.670 77.595
67.008 67.008 67.007 67.007 67.006 67.004 66.003 79.001 84.999 68.997 66.995 66.992 66.989 66.986 66.982 66.978 66.974 66.970 66.966 72.961 43.956 0.000 0.000 0.000 2.622 25.622 40.623 62.625 70.613 74.588 48.538 24.472 59.382 97.255 95.167 75.100 57.063 15.042 0.000 50.985 67.991 67.001 70.013 65.029 74.049 97.075 94.115 39.191 3.246 19.272 0.000 0.000 0.000 0.000 0.000 0.000 0.000 0.000 18.171 22.173 0.000 0.000 31.199 92.202 0.000 0.000 0.000 0.000 0.000 0.000 77.813 133.762 116.701
64.011 65.011 66.011 66.010 67.009 67.008 65.006 80.004 83.002 66.000 66.998 66.995 66.991 66.988 66.984 66.980 66.975 66.970 66.965 66.958 72.950 52.940 3.932 0.000 0.000 0.000 0.000 38.645 69.630 65.600 68.555 72.496 84.420 101.330 85.249 53.152 3.107 0.000 0.000 50.088 67.089 70.094 83.103 69.116 79.134 80.159 99.193 103.238 86.275 36.298 0.000 0.000 0.000 0.000 0.000 0.000 0.000 0.000 0.000 7.178 21.185 53.192 91.199 14.206 0.000 0.000 0.000 0.000 0.000 64.026 73.936 74.867 77.803
85.015 80.015 75.014 73.013 69.012 65.011 65.010 80.008 83.006 65.003 67.001 66.998 66.994 66.991 66.986 66.982 65.977 64.971 65.964 65.957 65.947 71.936 48.925 25.910 0.892 0.000 0.000 37.681 75.660 69.629 64.587 77.535 100.471 94.397 62.346 0.000 0.000 0.000 0.000 48.189 66.184 71.183 78.188 73.198 78.214 77.234 90.260 84.291 77.320 50.347 5.378 0.000 0.000 0.000 0.000 0.000 0.000 0.000 0.000 0.000 53.188 56.193 59.202 0.116 10.694 0.000 0.000 7.190 41.190 69.115 138.038 101.975 133.863
105.019 104.018 100.018 95.017 91.016 86.015 81.013 77.011 72.009 66.007 67.004 67.001 66.997 66.993 65.989 67.984 73.979 78.972 77.965 75.957 69.946 64.934 68.920 74.901 38.874 19.839 23.796 57.738 80.701 71.667 67.630 90.587 102.531 58.440 3.393 0.000 0.000 11.370 18.350 52.294 65.274 70.267 86.268 76.275 69.287 62.303 68.323 86.345 83.368 89.390 8.409 0.000 0.000 0.000 0.000 0.000 0.000 0.000 0.000 0.000 0.000 0.000 0.000 0.000 7.723 0.000 0.000 0.000 76.265 67.205 77.139 100.036 76.213
