results3/res_3e8f-0045.wd
ncols         241
nrows         181
xllcorner     12693529.787448
yllcorner     3542525.717860
cellsize      155.156523
NODATA_value  -9999.000000
[rows 99 to 131 of 181, columns 0 to 73 of 241]
0.000 0.000 0.000 0.000 0.000 46.243 86.242 88.238 79.231 74.230 0.000 0.000 0.000 0.000 0.000 0.000 0.000 54.143 51.143 0.000 0.000 0.000 0.000 49.057 48.055 0.000 0.000 0.000 0.000 0.000 0.000 0.000 0.000 0.000 3.890 49.888 45.882 44.873 45.858 46.841 59.820 48.797 52.772 44.746 46.718 44.688 45.656 50.623 51.588 49.552 53.515 46.478 46.440 48.401 51.361 65.319 66.280 51.239 37.216 0.000 0.000 0.000 0.000 0.000 15.603 70.604 67.603 54.599 29.597 24.594 68.593 45.594 47.598 47.604
0.000 0.000 0.000 0.000 0.000 47.253 87.252 87.251 0.000 0.000 0.000 0.000 0.000 0.000 0.000 0.000 0.000 65.145 54.144 0.000 0.000 0.000 52.085 51.074 55.068 0.000 0.000 0.000 0.000 55.980 47.980 0.000 0.000 0.000 62.920 72.917 58.912 51.905 45.893 47.878 66.860 51.839 57.815 57.789 48.761 63.731 55.698 56.664 46.628 54.591 54.553 52.514 46.475 47.436 51.396 48.341 10.310 0.273 0.000 0.000 0.000 0.000 0.000 18.598 55.599 67.599 74.598 64.596 40.594 41.593 55.593 46.595 47.598 47.604
0.000 0.000 0.000 0.000 0.000 34.263 83.263 92.264 2.270 0.000 0.000 0.000 0.000 0.000 0.000 0.000 0.000 72.148 53.145 54.138 56.128 53.115 50.098 51.086 49.076 0.000 0.000 0.000 0.000 48.980 48.981 49.981 48.977 48.969 47.953 57.949 66.946 13.941 77.932 67.920 72.903 57.883 2.860 73.835 71.807 70.776 74.743 63.707 46.670 49.631 54.592 54.552 51.511 47.473 36.447 0.000 0.000 0.000 0.000 0.000 0.000 0.000 0.000 28.597 55.596 55.595 66.594 65.593 48.592 48.592 47.592 47.594 47.597 47.602
60.308 63.307 0.000 0.000 0.000 44.274 83.273 88.274 98.276 3.279 0.000 0.000 0.000 0.000 0.000 0.000 0.000 9.155 57.150 54.142 72.132 86.119 61.107 46.096 0.000 0.000 0.000 0.000 0.000 0.000 47.983 48.985 48.982 48.978 48.976 47.980 47.982 46.980 47.975 52.965 64.951 58.933 1.911 73.885 74.856 52.824 59.790 76.753 70.714 57.673 47.631 53.590 54.546 57.497 42.471 0.000 0.000 0.000 0.000 0.000 0.000 0.000 0.000 0.000 6.594 52.592 49.591 49.590 47.589 47.589 47.590 47.592 47.595 46.599
74.309 57.308 57.306 59.302 61.297 80.287 88.283 88.282 88.282 90.283 64.284 3.285 0.000 52.193 59.192 60.188 22.181 17.168 80.159 88.150 83.138 79.124 62.115 0.000 0.000 0.000 0.000 0.000 0.000 0.000 0.000 48.995 47.987 46.985 47.992 49.014 49.022 49.025 49.023 50.016 69.004 63.987 46.966 48.938 59.908 70.876 47.840 59.801 60.759 53.715 73.672 56.630 48.588 0.000 0.000 0.000 0.000 0.000 0.000 0.000 0.000 0.000 0.000 0.000 0.000 52.588 47.588 47.587 47.587 47.586 47.587 45.589 43.592 45.596
89.311 79.310 60.308 64.305 82.301 88.295 88.292 88.289 88.288 83.287 55.286 61.286 0.000 43.194 78.196 86.193 86.187 70.178 85.170 92.161 2.149 0.000 0.000 0.000 0.000 0.000 0.000 0.000 0.000 0.000 0.000 49.014 0.000 0.000 0.000 50.064 49.069 49.074 49.075 50.072 66.062 71.045 48.023 48.995 48.964 66.930 67.894 45.853 53.808 72.756 64.712 42.671 0.000 0.000 0.000 0.000 0.000 0.000 0.000 0.000 0.000 0.000 0.000 0.000 0.000 52.585 47.585 47.584 47.584 46.583 45.583 50.585 51.587 52.591
89.315 89.315 84.313 87.310 88.307 88.303 88.299 88.296 88.294 84.291 59.289 76.287 0.000 0.000 56.206 80.202 88.196 89.189 88.182 93.175 0.000 0.000 0.000 0.000 0.000 0.000 0.000 0.000 0.000 0.000 0.000 49.034 0.000 0.000 51.112 49.108 49.116 49.126 49.134 49.135 66.127 71.110 48.085 49.056 49.023 49.988 70.951 64.911 71.863 61.790 42.751 0.000 0.000 0.000 0.000 0.000 0.000 0.000 0.000 0.000 0.000 0.000 0.000 0.000 50.583 47.583 47.583 47.582 47.581 46.579 48.579 52.580 53.582 53.585
87.321 88.320 88.319 88.317 88.314 88.311 88.307 88.304 88.300 89.296 84.292 91.287 15.282 0.000 44.220 63.214 86.207 88.200 89.193 77.184 0.000 0.000 0.000 0.000 0.000 0.000 0.000 0.000 0.000 0.000 0.000 43.054 48.074 48.095 47.116 49.142 49.160 49.181 49.201 49.208 66.201 71.182 48.154 49.120 49.085 49.049 54.013 76.977 56.944 0.000 0.000 0.000 0.000 0.000 0.000 0.000 0.000 0.000 0.000 0.000 0.000 0.000 0.000 0.000 3.582 54.582 50.582 51.581 49.578 45.574 52.574 53.575 51.577 51.580
84.328 89.328 88.327 88.325 88.322 88.319 88.316 88.312 88.308 88.302 89.296 82.289 66.278 57.262 51.240 78.228 88.220 88.213 93.209 0.000 0.000 0.000 0.000 0.000 0.000 0.000 0.000 0.000 0.000 0.000 0.000 0.000 0.000 0.000 0.000 49.184 49.203 49.237 49.281 49.297 65.289 72.263 49.227 49.187 49.147 49.110 49.075 55.040 7.992 0.000 0.000 0.000 0.000 0.000 0.000 0.000 0.000 0.000 0.000 0.000 0.000 0.000 0.000 0.000 0.000 0.000 0.000 0.000 0.000 54.566 52.567 53.569 50.571 45.574
84.337 89.336 88.335 88.334 88.332 88.329 88.326 88.322 88.317 88.310 89.303 74.293 53.281 52.267 61.252 85.240 88.231 88.224 94.220 0.000 0.000 0.000 0.000 0.000 0.000 0.000 0.000 0.000 0.000 0.000 0.000 0.000 0.000 0.000 0.000 45.208 49.232 46.285 49.387 49.410 68.394 72.356 49.306 49.255 49.208 49.169 49.138 46.118 0.000 0.000 0.000 0.000 0.000 0.000 0.000 0.000 0.000 0.000 0.000 0.000 0.000 46.510 0.000 0.000 0.000 0.000 0.000 0.000 50.551 51.557 53.560 53.563 50.565 46.568
87.347 88.346 88.346 88.345 88.343 88.340 88.337 88.333 88.327 88.320 88.312 85.301 62.288 63.274 80.261 87.249 88.240 88.233 95.229 12.229 0.000 0.000 0.000 0.000 0.000 0.000 0.000 0.000 0.000 0.000 0.000 0.000 0.000 0.000 0.000 0.000 45.231 0.000 48.574 49.561 77.522 64.460 49.387 49.318 49.262 62.219 52.190 47.175 0.000 0.000 0.000 0.000 0.000 0.000 0.000 0.000 0.000 0.000 0.000 0.000 0.000 57.510 42.511 0.000 0.000 0.000 0.000 51.541 54.546 53.550 50.554 46.557 46.559 44.562
88.357 88.357 88.357 88.357 88.355 88.353 88.350 88.346 88.341 88.333 88.323 88.311 90.297 90.282 89.268 88.257 88.248 90.240 79.233 22.231 0.000 0.000 0.000 0.000 0.000 0.000 0.000 0.000 0.000 0.000 0.000 0.000 0.000 0.000 0.000 0.000 0.000 0.000 48.774 49.740 83.673 52.578 49.464 49.368 61.302 70.257 49.230 49.218 48.229 0.000 0.000 0.000 0.000 0.000 0.000 0.000 0.000 0.000 0.000 0.000 0.000 53.511 54.511 41.513 0.000 47.527 49.530 53.536 52.541 50.545 49.549 45.552 53.554 56.556
87.369 86.369 88.370 88.370 88.369 88.368 88.365 88.362 88.356 88.349 88.338 88.324 88.307 88.290 88.275 88.263 89.254 72.248 0.230 0.000 49.230 63.229 9.228 0.000 0.000 0.000 0.000 0.000 0.000 0.000 0.000 0.000 0.000 0.000 0.000 0.000 0.000 0.000 45.010 55.950 78.855 49.713 46.522 49.391 49.321 49.279 49.253 49.241 49.239 46.239 0.000 0.000 0.000 0.000 0.000 0.000 0.000 0.000 0.000 0.000 0.000 48.511 44.512 50.514 45.518 53.524 53.528 52.533 48.538 51.541 46.544 45.547 45.549 38.553
77.381 77.382 86.383 88.384 88.385 88.384 88.383 88.380 88.375 88.368 88.357 89.341 90.317 88.295 88.279 88.267 88.258 10.253 0.000 49.235 59.232 69.230 68.228 61.227 53.226 0.000 0.000 0.000 0.000 0.000 0.000 0.000 0.000 0.000 0.000 49.659 52.614 52.510 49.307 48.195 57.084 44.898 0.000 45.352 49.313 49.284 49.264 49.253 48.249 0.000 0.000 0.000 0.000 0.000 0.000 0.000 50.502 61.502 0.000 0.000 49.508 47.510 47.511 44.514 52.518 53.522 53.526 50.531 53.535 53.538 51.541 46.543 35.544 0.000
59.393 64.395 83.398 89.401 88.402 88.402 88.402 88.401 88.398 88.392 90.383 76.366 72.326 87.297 92.280 89.268 84.259 66.252 69.246 75.239 69.234 70.230 49.228 42.227 0.000 0.000 0.000 0.000 0.000 0.000 0.000 0.000 0.000 0.000 40.703 46.704 49.674 49.609 49.513 49.439 51.388 0.000 0.000 0.000 44.296 49.280 49.267 49.259 49.255 0.000 0.000 0.000 0.000 0.000 0.000 10.502 67.502 49.503 47.504 47.505 47.507 47.509 45.511 50.513 53.516 53.520 49.524 53.530 53.534 52.536 46.538 47.540 37.541 0.000
43.403 58.407 77.415 90.419 91.421 91.420 89.423 88.424 89.423 88.421 89.417 27.413 0.000 46.287 64.277 85.266 92.258 90.253 90.248 76.243 0.000 0.000 0.000 0.000 0.000 0.000 0.000 0.000 0.000 0.000 0.000 0.000 0.000 0.000 0.000 45.781 49.770 47.740 48.697 50.662 51.642 0.000 0.000 0.000 0.000 42.273 49.266 49.261 46.258 0.000 0.000 0.000 0.000 0.000 0.000 0.000 9.502 63.503 46.504 46.505 47.506 46.508 46.510 52.512 53.515 51.519 39.521 0.000 57.535 51.536 51.537 51.538 37.538 0.000
7.410 29.417 62.436 68.442 62.442 64.436 81.446 89.449 85.451 78.452 77.454 12.456 0.000 0.000 0.000 22.261 57.257 83.252 90.250 0.000 0.000 0.000 0.000 0.000 0.000 0.000 0.000 0.000 0.000 37.418 58.418 3.419 0.000 0.000 0.000 45.869 51.884 50.884 59.875 60.870 50.876 0.000 0.000 0.000 0.000 0.000 46.263 47.262 0.000 0.000 0.000 0.000 0.000 0.000 0.000 0.000 0.000 68.503 71.504 51.505 45.506 43.507 53.509 53.510 48.512 0.000 0.000 0.000 0.000 56.535 53.535 53.536 43.536 0.000
0.000 0.000 43.469 52.470 4.471 0.000 53.476 82.478 73.480 69.484 83.490 50.502 10.528 0.000 0.000 0.000 0.000 28.251 59.250 0.000 0.000 0.000 0.000 0.000 0.000 0.000 0.000 0.000 0.000 0.000 42.419 60.420 0.000 0.000 0.000 36.942 51.016 49.038 79.049 72.069 50.117 52.239 0.000 0.000 0.000 0.000 41.263 0.000 0.000 0.000 0.000 0.000 0.000 0.000 0.000 0.000 0.000 0.000 56.504 73.505 58.506 52.507 53.508 48.509 0.000 0.000 0.000 0.000 0.000 48.534 53.535 53.535 48.536 0.000
0.000 0.000 39.502 84.501 41.501 0.000 42.505 74.506 76.509 87.514 89.522 92.535 98.555 37.581 6.595 0.000 0.000 0.000 0.000 0.000 0.000 0.000 0.000 0.000 0.000 0.000 0.000 0.000 0.000 0.000 43.421 58.421 0.000 0.000 0.000 0.000 44.199 52.203 82.214 64.239 52.286 51.361 56.442 0.000 0.000 0.000 0.000 0.000 0.000 0.000 0.000 0.000 0.000 0.000 0.000 0.000 0.000 0.000 0.000 0.000 61.506 51.506 49.507 0.000 0.000 0.000 0.000 0.000 47.532 46.533 48.534 42.534 0.000 0.000
12.563 27.555 61.537 79.531 87.532 56.541 69.534 92.533 89.536 88.541 88.549 88.561 88.576 94.594 97.609 53.626 12.635 0.000 57.660 71.660 64.660 66.659 22.658 0.000 0.000 0.000 0.000 0.000 0.000 0.000 22.422 44.424 50.430 50.436 53.443 12.451 45.379 74.361 76.367 53.389 51.427 51.477 54.523 0.000 0.000 0.000 0.000 0.000 0.000 0.000 0.000 0.000 0.000 0.000 0.000 0.000 0.000 0.000 0.000 0.000 0.000 0.000 0.000 0.000 0.000 0.000 0.000 49.532 44.532 42.532 0.000 0.000 0.000 0.000
85.571 88.567 88.559 86.555 84.555 85.558 87.557 87.558 88.561 89.567 89.574 88.584 81.597 85.610 88.623 92.635 96.645 97.656 89.660 85.662 82.661 77.660 79.658 72.655 28.653 6.652 0.000 0.000 0.000 0.000 0.000 0.000 0.000 0.000 0.000 69.530 58.507 87.497 78.503 65.523 52.556 51.599 51.652 55.726 51.726 0.000 0.000 0.000 0.000 0.000 0.000 0.000 0.000 0.000 0.000 0.000 0.000 0.000 0.000 0.000 0.000 0.000 0.000 0.000 0.000 0.000 0.000 0.000 0.000 0.000 0.000 0.000 0.000 0.000
88.584 83.582 81.579 80.577 74.577 71.578 72.579 72.581 78.585 83.590 83.597 76.606 60.616 75.627 88.638 88.647 88.655 88.662 88.665 88.666 89.664 89.662 92.658 93.655 93.653 93.652 32.651 0.000 0.000 0.000 0.000 0.000 0.000 0.000 0.000 41.633 67.623 72.618 56.625 73.644 61.674 51.713 51.758 54.802 0.000 0.000 0.000 0.000 0.000 0.000 0.000 0.000 0.000 0.000 0.000 0.000 0.000 0.000 0.000 0.000 0.000 0.000 0.000 0.000 0.000 0.000 0.000 0.000 0.000 0.000 0.000 0.000 0.000 0.000
58.601 31.600 53.598 67.598 65.598 45.599 30.601 26.604 46.608 63.613 62.620 55.627 50.636 60.645 81.654 89.662 88.668 88.672 88.674 88.672 88.669 92.665 67.659 55.656 54.653 58.651 61.650 0.646 0.000 0.000 0.000 0.000 0.000 0.000 0.000 39.747 75.734 58.728 50.736 60.756 71.785 55.821 51.866 51.923 58.017 2.062 0.000 0.000 0.000 0.000 0.000 0.000 0.000 0.000 0.000 0.000 0.000 0.000 0.000 0.000 0.000 0.000 0.000 0.000 0.000 0.000 0.000 0.000 0.000 0.000 0.000 0.000 0.000 0.000
48.618 19.618 41.618 56.618 52.619 29.620 15.623 19.626 39.630 53.635 51.642 51.649 52.656 50.664 69.672 86.678 88.683 88.686 88.685 88.682 87.676 50.670 0.000 0.000 0.000 0.000 0.000 0.000 0.000 46.041 66.041 18.042 4.044 0.004 46.943 63.874 80.838 57.824 51.837 49.859 66.888 68.922 54.962 52.009 52.065 55.108 64.150 2.165 0.000 0.000 0.000 0.000 0.000 0.000 0.000 0.000 0.000 0.000 0.000 0.000 0.000 0.000 0.000 0.000 0.000 0.000 0.000 0.000 0.000 0.000 0.000 0.000 0.000 0.000
61.637 57.637 52.638 51.638 52.640 54.642 55.644 58.648 57.652 53.657 52.663 52.670 52.677 51.684 58.691 80.697 89.702 88.703 90.701 62.694 28.684 0.000 0.000 0.000 0.000 0.000 0.000 0.000 0.000 11.041 33.041 36.043 40.046 54.051 51.013 71.968 68.922 42.892 49.930 51.957 53.985 67.017 59.051 54.088 52.126 51.156 68.177 59.180 53.180 0.000 0.000 0.000 0.000 0.000 0.000 0.000 0.000 0.000 0.000 0.000 0.000 0.000 0.000 0.000 0.000 0.000 0.000 0.000 0.000 0.000 0.000 0.000 0.000 12.007
51.657 52.657 52.658 52.659 52.660 52.663 52.666 52.669 52.674 52.679 52.685 52.692 52.699 52.706 50.712 71.719 88.723 90.725 86.723 12.708 0.000 0.000 0.000 0.000 0.000 0.000 0.000 0.000 0.000 0.000 0.000 0.000 0.000 38.095 55.091 81.063 54.992 0.000 38.035 53.055 51.081 55.109 56.138 65.168 54.195 52.215 51.222 47.201 0.000 0.000 0.000 0.000 0.000 0.000 0.000 0.000 0.000 0.000 0.000 0.000 0.000 0.000 0.000 0.000 0.000 0.000 0.000 0.000 0.000 0.000 0.000 0.000 17.181 82.104
52.677 52.677 52.678 52.680 52.681 52.684 52.687 51.691 51.696 52.701 52.707 52.714 52.721 52.728 51.735 59.742 74.748 85.753 73.757 0.000 0.000 0.000 0.000 0.000 0.000 0.000 0.000 0.000 0.000 0.000 0.000 0.000 0.000 15.144 64.194 89.200 0.000 0.000 36.120 54.147 52.175 51.201 59.226 70.250 58.272 52.288 56.296 0.000 0.000 0.000 0.000 0.000 0.000 0.000 0.000 0.000 0.000 0.000 0.000 0.000 0.000 0.000 0.000 0.000 0.000 0.000 0.000 0.000 0.000 0.000 0.000 0.000 74.257 88.203
52.697 52.698 52.699 52.700 52.702 52.705 52.709 56.713 57.718 53.723 52.729 52.736 52.743 52.751 52.759 51.767 54.775 63.784 63.795 4.816 0.000 0.000 0.000 0.000 0.000 0.000 6.936 0.000 0.000 0.000 0.000 0.000 0.000 0.000 68.340 83.345 6.392 0.000 20.180 51.239 52.270 52.294 51.315 56.336 58.354 54.369 56.379 0.000 0.000 0.000 0.000 0.000 0.000 0.000 0.000 0.000 0.000 0.000 0.000 0.000 0.000 0.000 0.000 0.000 0.000 0.000 0.000 0.000 0.000 0.000 0.000 58.483 67.389 67.316
52.718 52.719 52.720 52.721 52.724 52.727 51.730 63.735 68.740 55.745 52.752 52.759 52.766 52.774 52.783 52.792 52.802 51.813 54.825 35.838 0.000 0.000 0.000 0.000 0.000 48.936 69.937 31.937 22.932 21.925 0.000 0.000 0.000 49.570 91.484 65.447 65.440 0.000 0.000 37.361 54.374 52.390 52.406 50.423 66.441 70.457 64.471 0.000 0.000 0.000 0.000 0.000 0.000 0.000 0.000 0.000 0.000 0.000 0.000 0.000 0.000 0.000 0.000 0.000 0.000 0.000 0.000 0.000 0.000 0.000 32.652 83.577 69.500 82.433
52.739 52.739 52.741 52.742 52.745 52.748 51.752 64.756 70.762 54.767 52.774 52.781 52.789 52.798 52.807 52.817 52.829 52.841 52.855 58.873 29.897 0.000 0.000 0.000 0.000 11.937 26.938 48.942 56.935 60.918 34.883 10.832 45.760 83.656 81.577 61.522 43.480 1.479 0.000 37.471 54.477 53.486 56.498 51.512 60.528 83.549 80.579 25.637 0.000 5.763 0.000 0.000 0.000 0.000 0.000 0.000 0.000 0.000 0.000 0.000 0.000 0.000 0.000 0.000 0.000 0.000 0.000 0.000 0.000 0.000 69.727 125.673 108.608 130.517
49.760 50.760 51.762 51.764 52.766 52.769 50.773 65.778 68.784 51.790 52.796 52.804 52.812 52.822 52.832 52.843 52.855 52.868 52.883 52.901 58.923 38.946 0.000 0.000 0.000 0.000 0.000 24.958 55.949 51.930 54.899 58.854 70.793 87.719 71.648 39.585 0.000 0.000 0.000 36.575 53.576 56.580 69.588 55.598 65.612 66.631 85.658 89.697 72.744 22.764 0.000 0.000 0.000 0.000 0.000 0.000 0.000 0.000 0.000 0.000 0.000 0.000 0.000 0.000 0.000 0.000 0.000 0.000 0.000 55.948 65.855 66.783 69.714 88.690
70.781 65.782 60.783 58.785 54.788 50.791 50.795 65.800 68.806 50.812 52.819 52.827 52.836 52.845 52.856 52.867 51.880 50.894 51.910 51.927 51.947 57.970 34.996 12.011 0.000 0.000 0.000 23.985 61.974 55.956 50.929 63.891 86.841 80.778 48.713 0.000 0.000 0.000 0.000 34.678 52.673 57.672 64.675 59.682 64.693 63.707 76.725 70.749 63.772 36.784 0.000 0.000 0.000 0.000 0.000 0.000 0.000 0.000 0.000 0.000 0.000 0.000 0.000 0.000 0.000 0.000 0.000 0.000 33.120 61.042 129.961 93.895 125.779 109.452
90.802 89.803 85.804 80.806 76.809 71.813 66.817 62.822 57.828 51.834 52.841 52.850 52.859 52.869 51.880 53.892 59.905 64.919 63.934 61.951 55.970 50.989 55.010 61.026 25.043 6.049 10.043 44.022 67.008 57.992 53.971 76.942 88.902 44.840 0.000 0.000 0.000 0.000 4.838 38.788 51.768 56.760 72.759 62.763 55.770 48.778 54.789 72.801 69.812 75.818 0.000 0.000 0.000 0.000 0.000 0.000 0.000 0.000 0.000 0.000 0.000 0.000 0.000 0.000 0.000 0.000 0.000 0.000 68.198 59.137 69.068 91.962 68.135 107.590
