results3/res_3e8f-0198.wd
ncols         241
nrows         181
xllcorner     12693529.787448
yllcorner     3542525.717860
cellsize      155.156523
NODATA_value  -9999.000000
[rows 33 to 65 of 181, columns 73 to 145 of 241]
0.000 0.000 0.000 0.000 0.000 0.000 0.000 0.000 0.000 0.000 0.000 0.000 0.000 0.000 0.000 0.000 0.000 0.000 0.000 0.000 0.000 0.000 0.000 0.000 0.000 0.000 0.000 0.000 0.000 0.000 0.000 0.000 0.000 0.000 0.000 0.000 0.000 0.000 0.000 39.815 62.816 67.818 23.820 0.000 0.000 32.897 46.925 13.904 4.904 36.925 39.941 33.939 34.920 35.883 35.829 35.757 35.663 34.546 40.393 60.155 6.670 14.782 12.060 47.217 63.675 68.203 66.762 67.363 65.898 67.983 63.037 62.647 62.636
0.000 0.000 0.000 0.000 0.000 0.000 0.000 0.000 0.000 0.000 0.000 0.000 0.000 0.000 0.000 0.000 0.000 0.000 0.000 0.000 0.000 0.000 0.000 0.000 0.000 0.000 0.000 0.000 0.000 0.000 0.000 0.000 0.000 0.000 0.000 0.000 0.000 0.000 0.000 0.000 14.817 9.817 0.000 0.000 0.000 0.000 29.017 0.000 0.000 26.966 51.007 50.011 39.994 35.958 35.900 35.821 35.721 34.601 56.465 54.310 0.000 37.616 50.181 63.607 68.087 67.608 67.178 66.685 67.744 63.762 63.061 63.314 65.615
0.000 0.000 0.000 0.000 0.000 0.000 0.000 0.000 0.000 0.000 0.000 0.000 0.000 0.000 0.000 0.000 0.000 0.000 35.250 67.250 20.250 0.000 0.000 0.000 0.000 0.000 0.000 0.000 0.000 0.000 0.000 0.000 0.000 0.000 0.000 0.000 0.000 0.000 0.000 0.000 0.000 0.000 0.000 0.000 0.000 0.000 21.108 0.000 0.000 0.000 29.111 47.105 47.088 38.053 35.993 35.908 33.797 49.670 58.558 0.000 23.276 47.886 62.441 68.944 68.451 67.996 67.475 69.507 65.494 63.603 64.001 66.325 65.570
0.000 0.000 0.000 0.000 0.000 0.000 0.000 0.000 0.000 0.000 0.000 22.252 60.252 0.252 0.000 0.000 0.000 0.000 42.250 93.250 49.250 0.000 0.000 0.000 0.000 0.000 0.000 0.000 0.000 0.000 0.000 0.000 0.000 0.000 0.000 0.000 0.000 0.000 0.000 0.000 0.000 0.000 0.000 0.000 0.000 0.000 24.200 25.241 32.259 18.257 28.220 36.211 49.200 40.171 36.113 33.019 43.889 53.725 42.538 18.198 47.666 65.211 69.752 69.273 68.809 68.269 68.273 67.235 64.256 64.703 67.041 66.293 66.058
0.000 0.000 0.000 0.000 0.000 0.000 0.000 0.000 0.000 0.000 0.000 43.252 78.252 67.252 54.252 9.252 3.251 27.251 81.250 89.250 54.250 0.000 0.000 0.000 0.000 23.286 2.286 0.000 0.000 0.000 0.000 0.000 0.000 0.000 0.000 0.000 0.000 7.287 0.000 0.000 0.000 11.286 29.286 0.000 0.000 40.263 55.250 58.263 56.279 42.292 36.301 35.319 49.330 40.319 32.269 46.167 60.014 47.804 35.672 50.388 54.980 67.541 70.078 69.617 69.064 69.044 66.989 65.018 65.424 67.770 67.029 66.798 66.465
0.000 0.000 0.000 0.000 0.000 0.000 0.000 0.000 0.000 0.000 0.000 14.252 76.252 59.252 40.252 2.252 23.251 73.251 84.250 91.250 50.249 0.000 0.000 0.000 0.286 61.286 45.286 0.000 0.000 0.000 0.000 0.000 0.000 0.000 0.000 0.287 24.287 36.287 38.287 0.000 0.000 20.286 45.286 24.284 38.282 61.276 64.274 65.284 62.302 49.330 36.373 33.434 50.483 41.504 45.476 63.368 57.195 0.000 33.958 52.703 65.326 70.889 70.433 69.874 69.829 67.762 65.908 66.166 68.514 67.784 67.560 67.227 66.894
0.000 0.000 0.000 0.000 0.000 0.000 0.000 0.000 0.000 0.000 0.000 0.000 0.000 27.252 65.252 61.252 49.252 62.251 82.250 93.249 46.248 0.000 0.000 0.000 0.000 23.286 47.286 49.286 0.000 0.000 0.000 0.000 0.000 0.000 0.000 0.000 40.287 41.287 53.287 36.287 25.287 39.287 40.286 36.286 43.285 50.284 48.287 41.297 60.316 26.352 42.428 45.560 35.663 47.739 60.764 57.634 0.264 8.914 45.500 62.139 70.734 71.272 70.720 70.646 67.574 66.963 66.937 69.277 68.558 68.344 68.019 67.687 67.328
0.000 0.000 0.000 0.000 0.000 0.000 0.000 0.000 0.000 0.000 0.000 0.000 0.000 17.252 84.252 79.253 69.252 59.252 83.251 91.249 86.246 71.243 26.240 0.000 0.000 0.000 3.286 57.286 41.286 39.286 50.287 45.287 8.287 0.000 0.000 4.287 40.287 39.287 60.287 66.287 55.287 47.287 39.287 36.287 37.288 38.289 37.293 35.301 43.313 4.332 0.000 4.715 40.870 64.025 62.206 1.519 7.614 45.323 58.987 68.629 72.167 71.729 72.505 68.458 68.262 67.757 70.066 69.353 69.146 68.834 68.518 68.167 67.777
0.000 0.000 0.000 0.000 0.000 0.000 0.000 0.000 0.000 0.000 0.000 0.000 0.000 0.000 17.253 56.253 31.253 67.253 86.252 91.249 89.246 87.242 76.238 35.234 0.234 0.000 0.000 13.286 52.286 52.287 65.287 63.287 56.287 51.287 0.000 0.000 7.287 44.287 63.288 70.288 62.288 46.288 35.288 36.289 36.290 36.292 36.295 36.299 40.304 0.000 0.000 0.000 11.078 48.285 17.753 15.030 49.970 54.775 66.516 73.122 72.975 71.216 69.545 69.929 68.659 70.901 70.176 69.963 69.658 69.361 69.044 68.689 68.259
0.000 0.000 0.000 0.000 0.000 0.000 0.000 0.000 0.000 0.000 0.000 0.000 0.000 0.000 0.000 2.254 88.255 88.255 90.254 90.251 89.246 83.240 77.235 48.231 0.000 0.000 0.000 0.000 0.000 20.287 65.287 59.287 74.287 71.287 50.287 29.287 30.287 39.287 61.288 70.288 61.288 44.288 34.289 39.290 38.291 36.293 36.295 36.298 37.300 29.299 0.000 0.000 0.000 0.000 9.489 52.528 55.457 63.314 74.038 74.150 72.511 74.404 72.164 69.703 71.813 71.049 70.805 70.487 70.193 69.903 69.609 69.285 67.849
0.000 0.000 0.000 0.000 0.000 0.000 23.225 46.222 0.000 24.164 64.153 53.141 57.130 32.123 0.000 0.000 24.257 96.258 90.258 87.254 84.247 87.238 78.230 41.224 0.000 0.000 0.000 0.000 0.000 0.000 0.000 9.287 63.287 64.287 15.287 0.000 6.287 43.288 61.288 66.288 56.288 47.288 45.289 7.290 14.292 42.294 36.295 36.297 37.298 43.299 51.298 13.298 0.000 0.000 25.185 58.138 62.031 72.841 75.056 74.688 77.966 76.546 71.046 72.853 71.999 71.690 71.332 71.016 70.721 70.449 70.203 69.994 75.847
0.000 0.000 0.000 0.000 0.000 0.000 23.228 66.219 8.199 58.174 60.155 72.139 55.126 40.117 0.000 0.000 12.259 81.261 93.267 90.261 90.250 91.235 85.221 39.213 0.000 0.000 0.000 0.000 0.000 0.000 0.000 0.000 0.000 48.287 7.287 0.000 2.288 49.288 46.288 58.288 15.288 0.000 0.000 0.000 0.000 8.295 46.296 40.297 3.298 33.298 67.298 50.298 3.298 0.000 29.937 63.776 72.679 75.800 75.555 79.726 78.980 72.403 73.969 73.019 72.624 72.207 71.848 71.521 71.226 70.968 70.761 70.642 75.696
21.493 65.487 55.481 0.000 0.000 0.000 17.240 77.227 53.205 55.179 61.155 85.134 86.116 81.102 35.088 0.000 0.000 0.000 41.286 95.275 90.255 91.231 88.208 47.192 0.000 0.000 0.000 0.000 0.000 0.000 0.000 0.000 0.000 6.287 0.000 0.000 0.000 0.000 0.000 0.000 0.000 0.000 0.000 0.000 0.000 0.000 0.000 21.297 18.297 0.000 0.000 0.000 0.000 19.349 56.766 73.719 75.395 76.328 80.675 80.280 73.432 74.992 74.031 73.576 73.105 72.697 72.327 71.993 71.694 71.435 71.231 71.117 74.168
21.494 77.486 59.476 55.465 0.000 0.000 4.264 69.245 71.214 71.182 83.151 80.126 92.104 91.086 52.074 0.000 0.000 0.000 17.316 97.296 90.265 91.227 88.188 48.155 0.000 0.000 8.719 56.682 68.640 37.613 0.000 0.000 0.000 0.000 0.000 0.000 0.000 0.000 0.000 0.000 0.000 0.000 0.000 0.000 0.000 0.000 0.000 0.000 6.297 0.000 0.000 0.000 17.314 57.821 74.782 75.364 81.594 81.084 74.703 75.266 75.768 74.953 74.488 73.992 73.550 73.143 72.771 72.431 72.122 71.846 71.612 78.428 19.298
85.497 82.486 61.473 62.454 54.426 1.380 59.306 54.275 62.224 75.183 79.142 90.114 91.089 90.065 59.047 0.000 0.000 0.000 16.366 96.330 90.281 91.224 86.161 66.086 49.968 50.861 50.757 58.685 79.627 46.585 0.000 0.000 0.000 0.000 0.000 0.000 0.000 0.000 0.000 0.000 0.000 0.000 0.000 0.000 0.000 0.000 0.000 0.000 0.000 0.000 15.404 46.181 55.689 74.676 76.266 82.930 82.339 75.252 76.973 76.309 75.769 75.316 74.833 74.381 73.954 73.556 73.184 72.838 72.516 72.217 78.942 24.685 0.000
82.502 77.490 75.474 58.453 62.424 62.388 53.348 46.326 0.000 0.000 21.121 80.100 91.071 89.040 74.001 40.948 0.000 3.540 65.451 86.378 91.304 90.227 91.147 81.059 56.958 53.857 52.761 61.676 79.597 62.515 48.402 49.313 53.248 64.207 28.191 0.000 0.000 0.000 0.000 0.000 0.000 0.000 0.000 0.000 0.000 0.000 0.000 0.000 0.000 0.000 26.604 66.444 74.391 77.039 83.810 83.413 75.974 77.645 76.868 76.499 76.060 75.611 75.169 74.741 74.331 73.941 73.571 73.220 72.886 78.565 25.253 0.000 0.000
71.509 23.497 91.481 62.461 56.428 57.399 59.372 59.355 48.353 0.000 0.000 1.085 25.056 96.022 85.971 63.895 55.772 62.629 61.522 63.426 71.330 72.235 59.139 56.045 53.947 53.850 52.754 61.662 76.570 55.477 52.377 57.290 73.223 76.183 61.175 35.175 0.000 0.000 0.000 0.000 0.000 0.000 0.000 0.000 0.000 0.000 0.000 0.000 0.000 17.442 59.288 74.900 77.741 84.376 84.130 76.669 78.315 77.533 77.178 76.752 76.331 75.908 75.490 75.082 74.687 74.307 73.940 73.586 79.242 24.903 0.000 0.000 0.000
17.518 90.506 91.493 77.481 0.000 4.406 64.387 60.368 71.352 62.335 0.000 1.097 4.062 84.021 80.964 65.888 56.791 53.683 53.580 56.475 69.356 77.242 80.132 73.033 62.937 55.841 54.744 70.646 73.546 48.444 52.341 52.247 53.170 57.127 36.151 0.000 0.000 0.000 6.701 0.000 0.000 0.000 0.000 0.000 0.000 0.000 0.000 20.665 52.335 60.191 73.706 85.037 84.653 77.721 78.317 78.886 78.198 77.836 77.417 77.011 76.605 76.200 75.801 75.411 75.030 74.659 75.297 81.942 25.592 0.000 0.000 0.000 0.000
95.527 91.516 91.504 91.489 78.467 61.432 61.403 61.376 52.351 1.309 18.213 25.154 77.093 74.038 76.976 69.904 70.821 70.732 70.640 73.536 68.379 68.244 70.113 74.018 74.927 72.833 68.735 79.631 77.523 65.411 66.297 66.185 68.082 43.005 0.000 0.000 0.000 0.000 7.701 0.000 0.000 0.000 0.000 0.000 0.000 7.546 55.322 55.886 76.899 77.455 86.098 85.621 80.208 79.925 79.315 78.850 78.474 78.064 77.666 77.269 76.876 76.487 76.104 75.729 75.362 76.001 79.646 12.294 0.000 0.000 0.000 0.000 0.000
94.535 90.528 90.519 91.504 88.481 66.451 60.418 61.384 62.347 54.300 3.237 69.178 66.119 67.061 67.998 62.931 66.858 71.783 79.711 64.653 0.000 0.188 15.057 73.000 68.919 68.831 68.731 68.622 68.505 68.381 68.251 68.115 65.970 60.805 33.585 0.000 9.219 52.998 59.701 71.397 41.161 0.000 0.000 0.000 1.444 56.746 67.530 79.453 80.088 86.832 86.498 80.856 80.535 79.800 79.473 79.085 78.690 78.299 77.910 77.525 77.143 76.768 76.400 76.040 76.687 79.338 26.992 0.000 0.000 0.000 0.000 0.000 0.000
80.542 80.541 80.539 91.526 91.504 81.471 57.434 60.395 61.354 61.310 67.258 76.202 60.145 57.087 55.026 61.962 76.896 75.831 60.769 40.711 0.000 0.000 0.000 1.011 57.920 52.839 52.736 52.620 52.493 53.356 56.212 57.055 56.876 55.659 56.365 54.915 54.439 63.075 69.707 67.328 73.925 71.388 65.879 63.367 65.739 77.381 80.903 80.696 87.325 87.109 81.493 81.149 80.401 80.075 79.682 79.298 78.913 78.530 78.151 77.776 77.404 77.040 76.687 77.344 78.007 16.673 0.000 0.000 0.000 0.000 0.000 0.000 0.000
0.000 46.555 58.569 86.560 90.535 71.498 54.451 53.406 61.366 61.326 60.281 54.229 55.170 61.115 78.058 76.996 59.934 52.876 42.822 0.000 62.388 71.326 67.232 68.110 70.980 73.870 72.755 73.629 76.489 75.341 72.185 74.015 68.822 54.590 58.302 56.941 61.548 79.157 85.725 82.284 75.825 70.355 71.902 78.367 83.221 81.660 87.928 87.579 81.478 83.088 81.675 81.015 80.676 80.279 79.896 79.512 79.133 78.758 78.389 78.023 77.659 78.301 75.965 71.643 23.325 0.000 0.000 0.000 0.000 0.000 0.000 0.000 0.185
0.000 0.000 51.622 70.608 81.580 56.533 48.465 55.412 53.379 60.348 61.313 61.261 54.193 71.147 63.093 52.031 54.968 46.915 0.000 71.538 74.449 74.360 76.258 77.143 80.022 83.905 82.785 82.652 82.495 84.332 85.172 83.000 70.805 56.579 58.311 57.999 57.653 60.278 33.753 6.257 95.731 137.331 114.865 80.799 82.319 88.891 88.454 81.925 84.654 82.070 81.628 81.271 80.877 80.492 80.106 79.723 79.347 78.981 78.623 78.268 79.906 74.540 63.230 17.936 0.000 0.000 0.000 0.000 0.000 0.000 0.000 0.414 47.260
3.860 0.000 6.690 27.669 62.645 44.589 0.000 50.400 55.387 55.375 61.360 50.311 0.000 55.185 53.136 55.068 55.991 65.903 79.779 76.627 78.511 84.406 94.298 138.184 135.059 134.942 134.828 134.700 135.505 119.321 51.170 54.007 51.821 59.608 58.365 55.091 52.789 34.550 0.000 0.000 4.532 62.240 79.251 83.846 89.582 89.263 81.522 83.224 82.524 82.221 81.853 81.472 81.089 80.702 80.313 79.927 79.552 79.195 79.855 78.519 70.157 58.725 16.477 0.000 0.000 0.000 0.000 0.000 0.000 0.000 3.560 38.497 59.376
77.861 25.836 14.778 77.735 55.742 0.000 0.000 0.000 49.396 62.404 54.442 0.000 7.359 63.274 54.197 65.115 78.025 77.924 82.808 85.681 78.563 64.453 55.345 51.234 49.090 51.976 52.885 39.815 0.000 56.277 53.180 52.037 55.864 59.666 56.451 48.210 54.861 35.584 0.000 1.818 57.542 74.550 84.272 90.074 89.853 82.104 83.792 83.089 82.797 82.429 82.061 81.685 81.302 80.914 80.519 80.118 79.738 80.392 76.083 64.798 21.477 0.000 0.000 0.000 0.000 0.000 0.000 0.000 0.000 0.000 6.623 56.562 55.473
87.880 95.870 83.852 0.824 12.845 6.955 1.991 0.995 0.000 0.000 58.562 56.541 64.444 61.353 61.263 61.170 78.071 91.962 80.846 60.725 58.608 53.497 55.396 46.317 0.000 57.987 54.922 43.860 0.000 57.330 52.235 53.098 59.931 57.740 55.565 37.436 0.000 2.056 54.246 52.000 68.785 84.694 90.352 83.037 83.604 84.265 83.662 83.368 83.007 82.649 82.280 81.903 81.521 81.134 80.730 81.289 80.891 70.553 55.286 18.112 0.000 0.000 0.000 0.000 0.000 0.000 0.000 5.014 31.968 30.880 45.747 57.654 45.568
77.908 81.914 71.915 0.000 0.000 72.030 65.024 58.999 2.939 10.844 76.703 73.617 60.524 61.430 61.334 62.232 83.124 135.009 127.888 74.766 129.646 50.532 54.424 54.320 56.203 54.063 53.955 53.842 55.682 51.477 51.333 60.191 59.021 55.798 50.632 39.534 0.000 0.810 56.284 63.101 85.096 83.974 90.707 84.083 84.669 84.219 83.930 83.585 83.236 82.876 82.507 82.128 81.745 81.370 82.978 78.417 59.984 46.644 48.394 14.253 0.000 0.000 0.000 0.000 0.000 0.000 0.000 5.061 41.008 45.927 59.829 53.740 43.657
73.939 68.960 12.981 0.000 3.151 55.109 64.078 61.036 78.974 72.890 77.790 85.698 76.606 61.510 61.409 61.301 60.185 54.061 48.933 53.804 50.679 54.561 54.448 54.338 54.225 54.107 53.993 53.872 52.728 57.564 59.429 60.310 44.166 0.000 43.632 0.000 0.000 0.802 60.443 82.353 86.351 91.687 91.230 84.174 84.827 84.469 84.156 83.823 83.474 83.113 82.742 82.357 81.959 80.625 42.396 0.000 0.000 0.000 0.000 0.000 0.000 0.000 0.000 37.479 32.440 31.375 30.286 34.162 43.075 58.991 52.904 43.820 53.741
65.967 57.007 62.067 7.167 60.193 56.177 55.144 73.094 66.030 81.953 90.867 70.781 56.691 54.595 57.491 60.377 61.252 61.118 53.977 52.838 53.706 53.583 54.469 54.360 54.253 59.146 56.040 52.925 53.792 56.621 60.508 49.455 0.000 0.000 0.000 0.000 16.091 135.968 79.702 86.725 84.695 92.091 83.991 86.510 87.995 84.722 84.406 84.075 83.726 83.360 83.993 80.599 68.110 58.773 16.585 0.000 0.000 0.000 0.000 0.000 0.000 0.000 39.562 39.518 39.467 40.401 40.319 41.226 55.140 55.057 38.975 41.896 43.820
40.983 42.035 36.114 60.241 56.275 55.264 66.225 70.167 81.098 88.024 53.946 52.866 53.781 55.688 54.583 51.465 59.330 60.181 61.021 59.865 53.724 52.597 51.484 52.379 58.280 117.186 85.093 64.997 47.894 0.000 62.528 70.547 0.000 0.000 0.000 0.000 60.217 71.109 87.994 86.028 92.796 92.457 85.079 85.610 86.276 84.984 84.673 84.344 83.993 84.610 83.270 35.934 0.000 0.000 0.000 0.000 0.000 0.000 0.000 0.000 0.000 0.000 46.605 42.564 39.508 40.441 38.365 50.283 57.202 41.122 42.043 49.967 47.894
0.000 0.000 0.000 53.406 56.404 58.378 79.325 90.250 104.172 86.098 15.028 71.957 71.880 55.792 55.689 54.567 52.423 55.254 61.060 58.877 59.726 61.600 59.490 57.392 53.304 48.224 53.151 48.074 0.000 0.000 0.000 56.659 48.687 0.000 0.000 2.622 70.449 87.296 87.369 85.383 93.106 84.800 87.303 88.810 85.553 85.263 84.959 84.636 84.293 81.815 36.542 0.000 0.000 0.000 0.000 0.000 0.000 0.000 0.000 0.000 0.000 45.769 15.690 3.625 47.560 37.490 48.416 60.339 48.262 43.185 48.110 52.036 44.966
0.000 0.000 0.000 51.574 57.558 73.519 84.447 132.337 126.241 128.168 134.110 130.054 130.990 55.912 55.815 54.693 54.541 53.352 48.089 57.856 59.704 60.586 58.483 60.395 60.319 61.256 54.213 0.000 0.000 0.000 0.000 57.743 42.715 0.000 0.102 61.768 83.657 87.612 86.601 93.670 93.395 85.858 86.406 87.096 85.834 85.559 85.265 85.948 60.729 0.000 0.000 0.000 0.000 0.000 0.000 0.000 0.000 0.000 58.087 47.038 36.959 40.848 40.762 41.687 41.616 44.544 57.470 54.396 49.321 50.247 48.174 46.103 42.034
17.820 0.000 0.000 52.757 69.736 77.691 83.606 54.410 53.286 52.225 49.190 50.159 50.114 56.050 55.964 71.849 71.696 47.524 0.000 44.753 57.650 59.555 57.463 59.386 59.321 60.268 56.231 0.171 1.068 2.021 55.966 40.854 0.000 0.000 63.167 72.015 88.892 87.804 86.987 93.925 85.530 88.060 90.597 86.374 86.126 85.875 84.592 72.162 30.945 0.000 0.000 0.000 0.000 0.000 44.338 39.317 39.277 39.218 43.136 55.067 57.990 43.903 38.822 40.745 42.672 57.599 56.526 42.453 51.380 52.308 51.237 44.167 40.099
