results3/res_3e8f-0073.wd
ncols         241
nrows         181
xllcorner     12693529.787448
yllcorner     3542525.717860
cellsize      155.156523
NODATA_value  -9999.000000
[rows 66 to 98 of 181, columns 73 to 145 of 241]
66.597 30.587 0.000 55.832 72.812 71.785 71.760 0.000 43.220 43.205 56.214 52.222 51.204 51.163 50.102 126.015 113.864 0.000 0.000 0.000 46.777 41.727 46.654 49.604 49.562 51.523 52.488 57.452 58.418 59.377 50.319 0.000 0.000 47.728 97.728 79.638 83.489 83.566 81.612 89.546 82.000 82.469 83.197 81.960 81.728 82.514 52.352 0.000 0.000 0.000 0.000 0.000 0.000 0.000 22.932 20.913 20.877 20.825 20.761 20.693 24.619 37.537 34.446 19.349 30.248 39.154 18.065 20.980 26.898 31.817 27.737 21.659 19.583
51.599 57.578 0.000 44.026 67.994 66.969 60.971 14.046 0.000 0.000 49.283 62.353 51.353 50.325 51.286 32.249 0.000 0.000 0.000 0.000 0.000 0.000 57.608 55.586 53.559 36.523 39.488 46.452 47.424 52.394 43.357 0.000 0.000 0.000 57.972 75.876 82.807 82.894 89.992 89.777 82.083 82.762 82.463 82.243 82.023 76.826 34.687 0.000 0.000 31.883 0.000 0.000 0.000 28.970 23.970 20.949 20.911 20.860 20.799 20.731 20.656 20.575 27.489 41.398 42.305 25.215 19.128 20.043 20.961 24.880 23.801 19.723 19.647
53.607 52.549 57.430 55.252 69.169 62.125 63.109 60.121 0.000 0.000 0.000 64.554 59.529 54.498 56.467 3.446 0.000 0.000 0.000 0.000 0.000 0.000 56.583 52.575 43.565 0.000 0.000 44.442 56.433 55.420 0.000 0.000 3.685 60.565 52.310 56.130 63.203 78.259 90.193 81.847 83.390 82.944 82.745 82.518 80.294 63.080 41.884 47.883 45.883 26.883 0.000 0.000 0.000 0.000 38.030 20.001 20.958 24.905 32.843 22.774 20.700 19.620 23.536 38.449 45.361 37.273 23.188 18.105 20.023 19.943 19.864 19.786 18.710
53.644 51.580 55.489 66.383 60.305 53.253 72.221 61.208 13.221 0.000 6.910 56.779 72.713 67.669 67.639 70.623 0.000 0.000 0.000 0.000 2.560 2.562 54.567 45.565 48.561 0.000 0.000 0.000 92.445 119.432 34.432 0.000 59.805 54.703 54.542 54.449 50.530 90.562 90.383 82.903 86.499 83.236 83.017 82.792 74.555 27.318 0.000 49.883 27.883 0.000 0.000 0.000 26.232 25.196 24.120 20.068 24.016 35.958 40.894 38.824 31.749 21.669 30.586 38.501 17.415 23.330 36.247 33.165 29.084 37.005 17.926 19.848 17.772
51.704 57.639 67.564 59.485 51.416 51.360 64.313 72.268 68.235 71.167 73.041 67.941 62.873 64.828 53.798 52.783 0.000 0.000 0.000 3.556 59.557 58.558 46.560 48.557 49.553 53.545 52.539 0.000 3.470 0.000 0.000 6.183 66.026 58.901 53.743 54.835 52.880 90.724 52.542 60.122 74.708 82.519 83.295 81.079 39.817 0.000 0.000 0.000 0.000 0.000 0.000 27.294 21.269 21.236 21.186 22.135 32.080 41.019 39.952 39.880 35.803 31.722 41.639 24.555 19.470 20.386 20.304 30.223 43.144 30.066 17.987 18.908 24.833
57.770 68.708 58.643 51.576 52.514 52.459 54.403 38.318 64.283 62.226 54.146 51.070 50.011 65.970 67.943 54.929 0.000 0.000 0.000 59.555 55.555 52.555 45.555 49.552 49.548 49.542 49.534 8.519 11.495 12.494 14.463 82.340 79.218 68.095 67.054 56.055 91.012 90.875 54.604 61.246 56.013 62.808 81.569 56.411 0.000 0.000 0.000 0.000 0.000 0.000 0.000 27.318 21.314 21.292 21.254 22.205 31.149 41.086 40.016 38.941 35.861 40.778 34.694 18.608 20.523 20.440 20.359 30.281 38.204 17.128 20.049 22.964 41.892
68.839 58.782 51.722 52.663 52.607 53.558 34.521 0.000 21.352 49.309 52.246 52.183 52.133 50.097 74.073 58.062 0.000 0.000 0.000 36.554 53.553 47.553 48.552 49.549 49.546 49.541 49.535 60.529 0.516 4.524 21.555 74.496 84.404 6.299 88.226 78.420 91.131 53.196 66.832 63.469 53.333 50.128 46.761 31.586 0.000 0.000 22.924 0.000 0.000 0.000 0.000 23.348 21.378 21.366 21.332 21.284 22.226 28.159 36.086 36.006 35.923 39.836 17.749 20.662 20.576 19.492 25.412 42.336 25.264 19.193 22.117 3.007 3.940
58.911 51.858 52.802 52.746 52.693 55.644 11.603 9.571 2.480 47.412 52.348 54.282 52.240 51.211 69.192 65.183 0.000 0.000 0.000 0.000 44.551 47.551 49.549 49.548 49.545 49.542 51.537 37.533 0.000 0.000 71.737 74.685 85.605 91.483 85.590 83.627 91.232 74.254 76.952 61.789 54.690 47.612 0.000 0.000 0.000 0.000 20.924 0.000 0.000 0.000 0.000 0.000 24.483 21.462 21.425 21.373 21.311 21.240 21.161 28.076 35.987 23.896 20.804 20.714 20.626 23.542 36.462 36.389 18.321 20.263 23.221 0.000 0.000
51.988 52.936 52.882 52.828 52.774 52.723 56.676 57.629 57.570 53.512 53.450 33.356 50.336 51.316 67.302 66.294 0.000 0.000 0.000 0.000 43.550 49.549 49.548 49.547 49.545 49.543 37.540 0.000 0.000 0.305 76.969 82.907 85.817 85.768 84.848 91.367 83.751 86.464 81.148 66.086 56.024 55.020 55.161 0.000 0.000 0.000 17.925 24.926 17.926 0.000 0.000 0.000 39.608 20.577 21.531 21.474 21.406 22.328 21.243 21.151 21.054 20.956 20.859 20.764 19.672 25.587 40.507 17.435 20.371 20.318 22.282 0.000 0.000
53.067 53.016 52.963 52.908 52.853 52.799 52.748 52.701 52.657 52.617 56.586 0.000 43.430 52.417 68.404 63.398 0.000 0.000 0.000 0.000 48.549 51.548 51.548 51.546 49.545 52.544 0.000 0.000 0.000 69.422 75.259 86.154 86.031 86.138 84.183 91.583 84.893 89.535 85.423 86.353 74.302 62.281 51.302 46.302 48.302 0.000 0.000 23.927 18.926 24.921 25.906 23.865 29.765 39.706 21.649 22.585 31.511 38.426 20.331 21.229 21.123 21.016 20.911 19.810 24.714 43.626 37.545 26.473 19.409 20.354 22.309 37.267 55.209
53.149 53.098 53.045 52.989 52.931 52.871 52.816 55.770 53.740 52.712 56.691 0.000 43.538 52.518 69.500 61.495 1.530 0.000 0.000 0.000 21.548 31.548 30.547 30.546 51.545 36.545 0.000 0.000 0.000 71.590 81.493 86.388 86.339 85.439 92.251 91.937 85.969 86.810 85.664 85.605 86.548 77.502 42.465 0.000 0.000 0.000 0.000 21.929 21.931 18.932 20.931 21.924 20.882 27.832 41.775 24.707 22.626 32.533 20.427 21.313 21.194 21.075 20.959 20.850 28.749 41.657 28.575 40.502 18.438 19.382 24.332 45.284 57.231
53.234 53.183 53.130 53.073 53.010 55.937 57.877 29.823 50.821 53.800 55.775 15.752 46.666 51.616 63.581 61.563 2.562 0.000 0.000 0.000 0.000 0.000 0.000 0.000 32.545 0.000 0.000 0.000 20.025 69.855 86.736 86.607 86.717 84.797 92.535 84.571 90.273 85.964 85.915 85.845 85.784 75.715 36.590 0.000 0.000 0.000 0.000 0.000 24.937 25.944 12.964 21.017 22.006 21.967 25.911 41.841 24.755 21.652 21.533 21.401 21.264 21.130 19.002 24.883 43.775 24.679 23.595 37.523 21.460 19.404 26.354 52.306 57.258
53.320 53.269 53.218 53.164 55.100 30.990 32.934 0.000 12.920 48.893 52.857 56.816 52.756 55.700 60.647 65.613 4.587 0.000 0.000 0.000 0.000 0.000 0.000 0.000 0.000 0.000 0.000 3.315 79.194 81.071 86.959 86.909 86.024 93.046 92.799 85.642 86.353 86.221 86.149 86.082 85.025 64.984 0.000 0.000 0.000 0.000 0.000 0.000 0.000 16.944 0.000 28.176 25.158 21.120 21.063 22.991 39.900 28.788 20.652 21.493 21.332 20.179 25.037 26.905 25.788 22.688 20.605 20.535 20.475 21.421 34.374 56.330 57.287
53.406 53.356 53.309 53.266 58.234 0.000 0.000 19.131 11.047 44.993 53.946 51.898 53.843 65.782 37.694 31.653 0.000 0.000 0.000 0.000 0.000 0.000 0.000 0.000 0.000 0.000 0.000 66.436 71.366 85.276 87.156 87.283 85.375 93.272 85.157 86.827 86.517 86.454 86.376 86.309 78.252 55.212 0.000 0.000 0.000 0.000 0.000 0.000 0.000 0.000 0.000 32.353 27.331 21.290 19.232 22.159 22.067 37.950 30.794 21.587 22.393 20.218 27.060 26.915 23.783 17.682 20.603 20.538 22.482 36.433 55.390 57.351 60.316
54.489 52.440 52.396 52.359 55.335 25.339 22.299 54.215 59.144 53.087 51.036 57.986 67.936 70.892 0.000 0.000 0.000 0.000 0.000 0.000 0.000 0.000 0.000 0.000 0.000 0.000 0.000 68.627 76.563 86.473 87.463 86.500 93.689 93.486 86.195 86.895 86.754 86.672 86.596 86.526 68.460 50.401 0.000 0.000 0.000 0.000 0.000 0.000 0.000 0.000 0.000 30.552 28.523 28.476 25.417 18.346 20.260 21.150 36.987 36.670 33.434 30.241 23.070 21.911 18.748 19.655 20.587 24.531 44.482 56.440 56.403 57.370 56.341
68.568 67.519 66.475 64.438 61.408 62.383 62.343 59.286 60.228 62.175 62.124 68.074 70.023 27.957 0.000 0.000 0.000 0.000 0.000 0.000 0.000 0.000 0.000 0.000 0.000 7.144 15.065 69.884 86.775 87.684 87.633 86.861 93.877 85.685 87.354 87.038 86.969 86.885 86.810 84.739 66.662 37.532 0.000 0.000 0.000 0.000 0.000 0.000 0.000 0.000 0.000 20.780 24.734 27.676 28.614 27.547 24.477 20.403 14.336 0.000 0.000 0.000 0.000 0.000 22.642 20.603 23.559 44.516 57.477 56.442 57.411 60.383 56.361
64.640 66.592 65.549 67.511 69.476 68.443 67.404 65.357 63.308 63.259 64.211 60.164 60.124 0.000 0.000 0.000 0.000 0.000 0.000 0.000 0.000 0.000 0.000 0.000 0.000 56.223 79.168 78.067 86.974 87.863 87.990 86.093 94.052 87.785 87.386 87.258 87.171 87.090 87.019 82.959 62.916 0.000 0.000 0.000 0.000 0.000 0.000 0.000 0.000 0.000 28.224 23.055 19.957 21.881 26.814 28.753 28.697 29.650 20.619 0.000 0.000 0.000 0.000 0.000 23.575 21.557 37.529 58.499 56.469 56.441 56.415 57.393 56.375
52.707 52.660 53.618 60.579 69.544 75.509 63.472 57.431 52.388 50.344 49.298 55.247 34.186 0.000 0.000 0.000 0.000 0.000 0.000 0.000 0.000 0.000 0.000 0.000 0.000 62.357 78.316 86.244 88.161 88.130 87.262 94.362 94.213 89.810 87.612 87.448 87.367 87.287 87.217 82.161 57.128 0.000 0.000 0.000 0.000 0.000 0.000 0.000 0.000 28.534 23.392 23.260 23.158 22.077 19.010 23.954 27.909 28.880 25.870 0.000 0.000 0.000 0.000 26.512 20.526 24.520 52.503 56.482 56.459 56.437 56.416 56.398 56.384
51.769 51.723 55.682 60.645 62.611 65.577 55.543 51.507 52.470 52.430 54.389 32.341 0.000 0.000 0.000 0.000 0.000 0.000 0.000 0.000 0.000 0.000 0.000 0.000 0.000 48.533 77.494 87.432 88.335 88.468 86.579 94.498 87.373 89.040 87.717 87.647 87.556 87.474 87.400 78.341 51.306 0.000 0.000 0.000 0.000 0.000 0.000 0.000 27.811 23.677 23.550 23.435 23.339 23.259 23.194 20.143 19.107 22.092 29.112 29.208 0.000 0.000 0.000 20.497 21.499 39.494 56.482 55.466 55.449 56.432 56.415 56.401 56.389
51.825 51.782 53.744 54.709 52.677 51.646 52.616 51.586 51.553 51.518 56.486 1.469 0.000 0.000 0.000 0.000 0.000 0.000 0.000 0.000 0.000 0.000 0.000 0.000 0.110 56.749 85.696 88.625 88.600 87.734 94.747 94.627 90.377 88.073 87.924 87.830 87.738 87.651 88.570 68.498 56.448 0.000 0.000 27.559 0.000 27.265 29.210 29.106 23.945 23.813 23.697 23.593 23.503 23.427 23.365 23.316 22.284 19.269 28.277 29.304 22.304 0.000 0.000 28.481 20.480 28.474 34.465 37.453 41.439 47.425 53.412 55.401 55.392
52.876 52.836 52.801 52.770 52.741 51.715 51.690 51.666 51.638 50.605 58.563 9.529 0.000 0.000 0.000 0.000 0.000 0.000 0.000 0.000 0.000 0.000 0.000 0.000 41.183 77.017 87.917 88.806 88.948 87.042 94.854 87.843 89.511 88.191 88.111 88.011 87.916 87.823 88.730 60.633 38.541 0.000 0.000 23.560 0.000 22.320 24.260 24.165 24.048 23.935 23.831 23.737 23.653 23.581 23.521 23.475 21.443 23.426 29.422 26.428 0.000 0.000 0.000 27.467 26.465 25.459 24.451 23.441 22.430 26.419 37.408 33.399 35.391
50.923 50.887 50.855 50.827 50.804 50.783 50.765 51.748 53.730 55.701 30.632 0.000 0.000 0.000 0.000 0.000 0.000 0.000 0.000 0.000 8.276 0.000 0.000 11.480 52.350 83.223 89.110 89.096 88.125 95.041 94.953 90.839 88.541 88.387 88.289 88.190 88.092 87.995 83.895 30.764 0.000 0.000 0.000 23.560 29.536 24.436 24.343 24.246 24.147 24.050 23.957 23.870 23.791 23.723 23.665 23.620 20.587 29.568 29.559 25.559 0.000 0.000 0.000 26.456 25.452 26.447 26.439 26.430 26.421 26.412 25.403 25.395 24.389
51.965 51.933 54.905 58.882 61.863 65.848 67.838 70.832 69.832 61.836 0.083 11.184 35.206 3.224 0.000 0.000 0.000 0.000 0.000 39.299 66.276 6.248 0.000 45.609 78.516 88.405 89.302 89.232 88.456 95.117 87.290 88.971 88.650 88.570 88.467 88.368 88.268 89.169 76.090 0.000 0.000 0.000 0.000 3.586 23.611 24.546 26.432 26.328 24.244 24.160 24.076 23.995 23.920 23.854 23.798 20.753 25.719 28.698 29.689 20.689 0.000 0.000 0.000 10.449 31.442 31.436 28.429 25.421 25.412 26.404 27.397 27.391 26.386
54.002 52.974 59.951 68.932 69.917 68.908 67.906 66.911 63.930 57.974 33.084 50.163 68.209 37.243 21.271 0.000 0.000 0.000 10.349 49.321 63.283 2.220 21.033 62.832 87.699 90.589 89.433 89.647 87.623 95.180 89.281 88.992 88.840 88.743 88.645 88.546 88.442 90.324 34.207 0.000 0.000 0.000 0.000 0.000 19.777 25.705 6.510 6.392 23.340 24.271 24.193 24.114 24.041 23.975 22.919 20.874 29.840 29.817 26.809 20.819 26.870 0.000 0.000 0.000 42.432 57.427 50.419 46.411 42.404 38.397 41.390 41.385 24.381
54.036 54.012 56.993 59.977 58.967 56.963 54.966 52.978 51.003 51.047 60.114 62.176 59.226 56.266 60.300 8.329 0.000 0.000 50.377 80.355 31.313 27.241 61.121 84.986 89.868 89.734 89.859 87.816 95.264 87.698 89.409 89.091 89.016 88.918 88.824 88.731 91.629 48.476 0.000 0.000 0.000 0.000 0.000 0.000 22.016 26.988 0.000 0.000 20.452 24.391 24.310 24.229 24.153 24.087 21.030 28.984 29.948 28.923 19.910 23.910 23.922 0.000 0.000 0.000 10.426 40.421 58.411 57.402 57.395 57.388 57.383 51.379 41.376
54.066 54.046 54.030 53.018 53.011 54.010 54.016 54.031 52.058 53.097 58.148 61.202 57.252 52.296 55.333 10.358 0.000 0.000 42.427 52.409 30.372 63.311 78.225 87.124 90.023 89.967 89.074 95.659 95.411 88.696 89.422 89.275 89.183 89.091 89.002 88.923 91.869 0.000 0.000 7.256 16.255 0.000 0.000 23.406 26.284 25.242 32.290 0.000 20.625 24.533 24.429 24.337 24.257 22.189 24.132 30.084 30.046 22.018 22.999 23.988 23.985 0.000 0.000 0.000 0.000 0.000 40.401 56.391 56.385 56.379 56.375 57.371 57.368
54.093 54.076 54.063 54.054 54.049 54.050 54.058 53.074 52.099 56.135 60.181 60.231 55.283 51.334 56.379 9.412 0.000 0.000 38.495 7.483 54.454 78.407 84.341 90.269 90.137 90.362 88.361 95.880 88.129 89.837 89.520 89.446 89.350 89.260 89.172 96.090 80.055 0.000 3.255 53.256 39.256 0.000 0.000 18.528 26.470 25.408 25.338 31.180 28.890 27.686 24.537 24.432 24.350 21.282 29.223 30.175 26.135 21.103 24.079 24.060 26.045 30.057 0.000 0.000 0.000 0.000 0.000 53.377 56.374 56.370 56.366 57.363 55.360
54.118 54.104 54.092 54.085 54.081 54.083 53.091 52.107 54.131 58.164 61.208 57.259 52.316 51.376 54.438 36.498 23.575 24.601 20.576 21.573 61.556 82.522 88.474 90.389 90.549 88.558 96.266 96.082 89.143 89.852 89.702 89.608 89.515 89.426 94.335 37.210 52.205 22.244 53.255 61.256 0.000 0.000 0.000 17.710 26.660 25.583 25.476 35.311 46.070 19.786 29.601 25.504 22.429 24.364 30.306 29.256 20.215 23.182 24.154 24.127 11.080 12.068 0.000 0.000 0.000 0.000 0.000 34.367 55.364 56.360 56.357 60.354 56.351
54.142 54.129 54.118 54.111 54.108 54.110 52.117 52.131 56.152 63.184 64.227 60.281 55.344 53.418 53.499 55.568 55.626 64.653 5.635 39.676 77.675 84.651 90.614 90.608 89.763 96.594 96.435 89.515 90.289 89.947 89.868 89.768 89.676 89.594 97.531 0.000 35.313 37.273 27.262 29.259 0.000 0.000 0.000 20.942 26.877 25.787 31.671 47.518 24.294 0.000 10.577 23.554 21.500 29.439 30.381 26.330 23.288 24.255 24.230 26.214 0.000 0.000 0.000 0.000 0.000 0.000 26.360 7.360 46.355 56.351 56.348 61.345 56.342
54.164 54.151 54.141 54.134 54.131 53.132 52.137 54.148 61.164 38.191 14.237 13.294 10.363 40.451 57.573 52.649 55.709 36.749 0.000 44.821 82.814 88.803 90.726 90.998 89.045 96.740 89.862 90.633 90.196 90.131 90.021 89.923 89.829 90.741 88.666 10.607 10.460 0.000 0.000 0.000 0.000 0.000 20.413 28.237 26.122 25.016 44.905 48.796 0.000 0.000 0.000 19.635 25.578 30.511 30.449 20.396 24.353 24.320 24.297 27.285 0.000 0.000 0.000 0.000 0.000 0.000 5.360 0.000 34.343 56.342 56.340 62.337 56.334
54.183 54.170 54.160 54.153 53.149 52.149 54.152 57.158 65.167 24.177 0.000 0.000 0.000 0.000 39.693 54.745 55.811 41.885 43.980 69.972 86.970 90.933 91.142 89.196 96.998 96.875 90.849 90.539 90.385 90.276 90.173 90.073 89.974 92.877 77.783 6.695 0.000 0.000 0.000 0.000 0.000 0.000 20.588 27.474 26.358 24.250 52.136 12.966 0.000 0.000 25.918 30.773 30.666 30.579 28.508 23.451 24.407 24.375 24.354 26.344 0.000 30.416 0.000 0.000 0.000 0.000 0.000 0.000 27.333 56.333 56.332 56.330 56.328
54.199 54.186 54.176 54.169 53.164 52.163 56.163 60.166 64.170 22.174 0.000 0.000 0.000 0.000 19.761 62.829 57.905 64.001 77.084 86.118 90.126 91.174 90.361 97.216 97.111 90.200 90.969 90.621 90.532 90.423 90.321 90.221 94.119 57.008 28.896 0.000 0.000 0.000 0.000 0.000 0.000 23.117 27.878 26.711 28.587 25.490 49.423 0.000 0.000 21.283 28.064 43.872 32.733 29.631 25.554 23.495 23.450 24.419 24.399 24.394 29.411 25.417 16.416 0.000 0.000 0.000 23.319 25.320 24.324 56.325 56.325 56.324 56.322
54.212 54.199 54.190 54.182 52.177 54.174 60.172 61.172 59.173 46.174 7.174 0.000 0.000 0.000 0.000 15.904 11.979 52.128 83.238 87.290 91.283 91.494 89.653 97.311 89.525 91.298 90.858 90.787 92.670 91.565 90.466 90.371 96.274 19.141 0.000 0.000 0.000 0.000 0.000 4.757 43.632 43.357 31.095 27.908 38.789 33.702 34.643 0.000 0.000 19.501 24.184 34.919 30.765 34.659 28.581 31.523 30.481 27.450 24.431 23.422 23.423 29.423 0.000 0.000 0.000 0.000 20.318 20.318 30.319 56.319 56.318 56.318 56.317
