results3/res_3e8f-0066.wd
ncols         241
nrows         181
xllcorner     12693529.787448
yllcorner     3542525.717860
cellsize      155.156523
NODATA_value  -9999.000000
[rows 64 to 95 of 181, columns 148 to 221 of 241]
38.005 53.934 52.864 52.795 52.728 52.662 52.598 52.538 54.481 52.450 0.000 0.000 0.000 0.000 0.000 0.000 0.000 26.088 32.088 37.088 28.090 27.095 21.102 17.110 28.112 42.107 45.095 45.078 48.057 46.032 45.004 44.974 44.946 39.920 31.900 26.892 1.903 0.000 0.000 0.000 0.000 0.000 21.244 7.149 2.983 35.700 66.462 47.184 25.859 16.502 18.208 15.992 10.855 0.000 0.589 0.000 0.000 18.056 32.985 32.898 24.808 32.718 32.630 32.542 32.456 32.370 32.284 32.199 32.116 32.034 31.954 31.877 31.804 31.735
46.073 54.003 52.935 52.868 52.802 52.736 52.674 53.611 51.527 39.488 23.488 0.000 0.000 0.000 0.000 0.000 0.000 27.087 36.087 36.086 40.085 42.087 25.090 24.092 39.091 45.086 45.076 45.062 46.045 45.024 45.002 44.979 44.956 42.936 30.921 31.913 25.913 0.000 0.000 0.000 0.000 0.000 7.164 7.083 0.929 45.631 33.403 39.115 8.758 28.301 22.004 14.790 14.618 5.428 0.201 0.898 0.000 6.994 29.912 31.830 25.750 32.669 33.587 32.504 32.420 32.336 32.252 32.169 32.087 32.007 31.929 31.854 31.782 31.715
52.140 53.072 53.006 52.941 52.875 52.809 52.750 55.707 0.000 0.000 0.000 0.000 0.000 0.000 0.000 0.000 0.000 0.000 0.000 2.082 32.079 32.078 32.078 39.078 45.076 45.070 45.061 45.050 45.035 45.019 45.001 44.982 44.964 46.948 31.935 32.927 24.924 0.000 0.000 0.000 0.000 0.000 0.000 4.969 13.883 7.757 0.000 0.000 0.000 17.939 25.717 19.548 14.398 14.247 4.094 0.891 0.548 0.446 19.841 31.764 26.695 15.623 22.547 29.468 33.386 33.303 32.221 32.139 32.059 31.979 31.902 31.828 31.758 31.692
55.204 53.138 53.076 53.014 52.948 52.873 57.812 46.758 16.757 13.756 0.000 0.000 0.000 0.000 0.000 0.000 0.000 0.000 0.000 0.000 2.069 33.069 42.068 45.066 45.063 45.057 45.050 49.040 47.028 45.015 45.001 44.986 43.971 35.956 29.944 35.935 25.932 0.000 0.000 0.000 0.000 0.000 3.939 8.940 4.912 0.000 0.000 0.000 0.000 1.490 15.376 24.287 13.179 12.068 9.976 0.876 0.660 0.000 0.767 24.689 31.644 16.582 18.512 20.436 22.355 26.272 30.190 32.110 33.031 31.951 31.874 31.801 31.731 31.667
54.265 53.200 53.145 53.093 51.031 49.924 4.868 0.000 20.756 26.755 0.000 0.000 0.000 0.000 0.000 0.000 0.000 0.000 0.000 0.000 15.061 35.060 45.058 45.056 45.052 45.047 45.041 47.033 46.023 45.012 45.001 45.990 35.977 33.962 36.948 31.940 23.936 0.000 0.000 0.000 0.000 7.938 10.939 0.000 0.000 0.000 0.000 5.906 7.936 18.000 21.079 32.045 29.965 17.869 6.787 0.000 0.494 0.431 0.000 4.650 21.612 25.551 30.484 27.410 20.328 25.241 28.160 28.082 26.004 27.924 30.844 31.770 31.702 31.639
55.320 56.252 53.214 54.182 49.158 0.000 0.000 19.755 20.755 25.755 33.755 0.000 0.000 0.000 0.000 0.000 0.000 0.000 0.000 0.000 21.054 34.052 46.049 45.047 45.043 45.039 45.033 46.027 45.019 45.011 45.002 41.994 35.987 0.974 0.000 0.000 0.000 0.000 0.000 0.000 0.000 3.938 10.938 0.000 0.000 0.000 22.863 8.877 3.902 31.893 36.894 37.850 41.768 35.656 23.517 3.319 0.335 0.338 0.000 0.000 0.561 1.523 8.465 16.394 23.308 27.205 28.129 29.057 24.980 27.897 28.811 31.736 31.669 33.608
25.370 1.293 58.276 55.262 40.262 17.299 0.000 0.000 0.000 0.000 0.000 0.000 0.000 0.000 0.000 0.000 0.000 0.000 0.000 0.000 24.049 27.044 43.041 45.039 45.035 45.032 49.027 48.022 45.016 45.009 46.003 36.998 39.994 0.000 0.000 0.000 0.000 0.000 0.000 0.000 0.000 0.000 0.000 0.000 0.000 0.000 53.849 16.836 0.000 29.776 37.753 37.695 37.600 40.470 39.306 19.121 1.889 0.153 0.000 0.000 0.000 5.532 10.486 0.000 0.000 4.143 9.096 15.038 19.964 23.876 27.768 31.695 31.633 34.575
0.000 0.000 62.343 54.328 41.328 23.336 0.000 0.000 0.000 0.000 0.000 0.000 0.000 0.000 0.000 0.000 0.000 0.000 0.000 0.000 0.000 29.034 45.033 45.031 45.029 45.026 47.022 46.017 45.013 45.008 46.004 34.000 43.998 0.000 0.000 0.000 0.000 0.000 0.000 0.000 0.000 0.000 0.000 0.000 0.000 0.000 0.000 6.783 0.000 29.682 37.647 37.577 38.468 38.317 38.117 30.855 6.495 2.061 0.006 0.000 14.727 26.586 32.464 16.331 9.218 5.131 3.074 0.003 0.000 0.000 27.690 31.646 33.593 31.540
0.000 59.553 59.425 57.380 48.387 33.381 0.000 0.000 0.000 0.000 0.000 0.000 0.000 0.000 0.000 0.000 0.000 0.000 0.000 0.000 11.022 34.025 46.025 45.024 45.023 46.020 45.017 45.014 45.010 45.007 46.003 39.001 3.999 0.000 0.000 0.000 0.000 0.000 0.000 0.000 0.000 0.000 0.000 0.000 0.000 0.000 0.000 3.730 2.677 20.625 35.576 38.500 32.379 28.212 33.990 24.686 7.220 5.221 12.970 7.316 29.869 33.624 32.454 30.313 30.193 27.091 24.996 21.875 17.781 9.709 29.659 31.608 34.556 31.505
55.741 11.681 0.000 0.000 54.460 28.420 0.000 0.000 0.000 0.000 0.000 0.000 0.000 0.000 0.000 0.000 0.000 0.000 0.000 0.000 27.018 39.019 46.019 45.019 45.017 47.015 47.013 45.010 45.008 45.005 44.003 40.001 0.000 0.000 0.000 0.000 0.000 0.000 0.000 0.000 0.000 0.000 0.000 0.000 0.000 0.000 0.000 0.000 0.000 17.564 35.532 36.467 17.337 20.164 21.945 18.680 3.478 0.182 20.413 29.109 32.813 34.589 34.416 35.274 33.153 33.047 33.948 32.848 33.762 33.689 32.629 32.574 31.521 31.470
58.778 9.748 0.000 0.000 45.572 0.000 0.000 0.000 23.720 0.000 0.000 0.000 0.000 0.000 0.000 0.000 0.000 0.000 0.000 0.000 30.014 42.015 46.015 45.014 45.013 46.011 46.009 45.007 45.005 46.003 42.001 37.000 0.000 0.000 0.000 0.000 0.000 0.000 0.000 0.000 0.000 0.000 0.000 0.000 0.000 0.000 0.000 0.000 0.000 12.536 34.521 36.499 0.000 0.000 0.000 8.612 2.545 0.000 8.154 26.898 32.685 34.503 34.349 34.217 32.101 31.997 32.901 31.811 31.730 32.658 32.596 32.538 31.485 31.434
53.818 51.787 38.768 24.735 17.685 16.708 12.717 15.720 18.721 18.720 0.000 0.000 0.000 0.000 0.000 0.000 0.000 0.000 0.000 0.000 29.010 43.010 45.010 45.010 45.009 45.008 45.006 45.004 45.003 45.001 26.999 21.998 19.995 14.995 0.000 0.000 0.000 0.000 0.000 0.000 0.000 0.000 0.000 0.000 0.000 0.000 0.000 13.520 4.521 8.523 28.517 29.509 2.510 0.000 0.000 0.000 0.000 0.003 0.027 18.647 31.527 32.392 32.263 32.145 32.038 31.940 31.850 31.766 31.690 31.621 31.559 31.501 31.448 31.398
53.852 52.813 49.782 51.751 25.725 4.722 42.723 15.723 19.722 0.000 0.000 0.000 0.000 0.000 0.000 0.000 0.000 36.998 0.000 0.000 28.006 42.006 46.006 45.006 47.005 48.005 46.003 45.002 45.000 42.999 35.997 26.996 27.994 26.994 0.000 0.000 0.000 0.000 0.000 0.000 0.000 0.000 0.000 0.000 0.000 0.000 0.000 16.520 8.520 15.519 30.515 25.512 31.511 0.000 0.000 0.000 0.000 0.000 0.000 8.516 31.387 32.276 32.168 32.065 31.968 31.878 31.794 31.717 31.645 31.580 31.519 31.462 31.409 31.360
54.879 56.833 53.795 53.764 52.743 53.733 44.729 22.728 0.000 0.000 0.000 0.000 0.000 0.000 0.000 0.000 0.000 29.998 16.998 7.000 23.002 45.003 45.003 45.003 45.003 45.002 45.001 45.000 44.998 44.997 42.996 21.994 25.993 32.992 0.000 0.000 0.000 0.000 0.000 0.000 0.000 0.000 0.000 0.000 0.000 0.000 0.000 28.519 0.000 0.000 18.513 25.512 0.000 0.000 0.000 0.000 0.000 0.000 0.000 0.000 20.231 33.160 32.071 31.980 31.892 31.810 31.734 31.663 31.597 31.535 31.476 31.421 31.369 31.320
49.899 51.845 54.802 54.767 56.749 53.739 51.734 38.732 0.000 0.000 0.000 0.000 0.000 0.000 0.000 0.000 0.000 0.000 20.998 12.998 28.999 47.000 45.000 45.000 45.000 44.999 44.999 44.997 44.996 44.995 45.994 34.993 21.991 25.990 31.989 0.000 0.000 0.000 0.000 0.000 0.000 0.000 0.000 0.000 0.000 0.000 0.000 0.000 0.000 0.000 3.512 22.512 0.000 0.000 0.000 0.000 0.000 0.000 0.000 0.000 8.146 29.064 31.978 31.893 31.813 31.739 31.671 31.607 31.546 31.488 31.432 31.379 31.328 31.280
0.000 0.000 0.000 46.753 51.746 57.740 53.736 42.734 0.000 0.000 26.732 0.000 0.000 0.000 0.000 0.000 0.000 0.000 12.996 16.997 37.998 45.998 46.998 47.998 44.998 44.997 44.997 44.996 44.995 44.993 44.992 45.991 24.990 6.989 15.988 0.000 0.000 0.000 0.000 0.000 0.000 0.000 0.000 0.000 0.000 0.000 0.000 0.000 0.000 0.000 0.000 25.512 0.000 0.000 0.000 0.000 0.000 0.000 0.000 0.000 0.000 8.974 28.886 31.802 31.729 31.665 31.606 31.549 31.494 31.440 31.388 31.336 31.286 31.238
0.000 0.000 21.746 19.746 36.743 55.739 52.736 37.734 18.733 22.732 26.732 0.000 0.000 0.000 0.000 0.000 0.000 0.000 13.995 24.995 44.996 44.996 47.996 47.996 44.996 44.996 44.995 44.994 44.993 44.992 44.991 45.990 41.988 36.987 25.986 5.984 0.000 0.000 0.000 0.000 0.000 0.000 0.000 0.000 0.000 0.000 0.000 0.000 0.000 0.000 0.000 0.000 0.000 0.000 0.000 0.000 0.000 0.000 0.000 0.000 0.000 0.000 13.792 29.700 31.640 31.588 31.539 31.491 31.443 31.394 31.344 31.294 31.244 31.195
4.114 0.000 0.000 21.743 21.740 43.738 55.736 33.734 20.733 25.732 3.732 0.000 0.000 0.000 0.000 0.000 12.991 5.992 10.993 27.994 46.994 46.995 47.995 44.995 44.995 44.994 44.994 44.993 44.992 44.991 44.990 44.988 44.987 46.986 35.984 23.983 12.981 13.979 6.979 0.000 2.977 0.000 0.000 0.000 0.000 0.000 0.000 0.000 0.000 0.000 0.000 0.000 0.000 0.000 0.000 0.000 0.000 0.000 0.000 0.000 0.000 0.000 0.000 26.570 30.544 31.511 31.474 31.435 31.394 31.351 31.304 31.254 31.202 31.151
0.000 0.000 0.000 0.000 20.738 25.736 52.735 40.733 21.733 24.732 0.000 0.000 0.000 0.000 0.000 0.000 15.991 8.991 11.992 29.993 48.993 47.994 45.994 45.994 44.994 44.993 44.993 44.992 44.991 45.990 45.989 45.987 39.986 30.984 34.983 41.981 34.980 32.979 20.978 7.978 14.977 0.000 0.000 0.000 0.000 0.000 0.000 0.000 0.000 0.000 0.000 0.000 0.000 0.000 0.000 0.000 0.000 0.000 0.000 0.000 0.000 0.000 0.000 21.468 31.457 33.438 33.413 33.384 32.351 31.312 31.268 31.217 31.161 31.104
0.000 0.000 0.000 0.000 0.000 27.734 40.734 34.733 33.732 30.732 20.731 0.000 0.000 0.000 0.000 0.000 14.990 7.991 12.991 27.992 39.992 36.993 31.994 33.994 38.993 43.993 45.992 45.991 43.990 33.989 31.988 36.987 25.985 22.983 22.982 33.981 37.979 32.979 18.978 7.977 0.000 0.000 0.000 0.000 0.000 0.000 0.000 0.000 0.000 0.000 0.000 0.000 0.000 0.000 0.000 0.000 0.000 0.000 0.000 0.000 0.000 0.000 0.000 3.380 9.380 11.373 11.359 12.339 21.314 30.282 31.240 32.186 32.123 31.053
0.000 0.000 0.000 0.000 0.000 22.733 16.733 15.732 23.732 23.732 23.731 19.731 0.000 0.000 0.000 0.000 19.990 14.990 19.990 29.991 32.992 35.992 0.000 0.000 0.000 0.000 45.991 42.991 31.989 0.000 0.000 0.000 24.983 56.982 49.981 28.980 34.979 28.978 17.977 2.977 5.976 0.000 0.000 0.000 0.000 0.000 0.000 0.000 0.000 0.000 0.000 0.000 0.000 0.000 0.000 0.000 0.000 0.000 0.000 3.149 14.161 13.186 31.227 39.292 40.313 38.318 40.313 27.303 10.286 28.262 31.227 33.168 25.092 30.987
0.000 0.000 0.000 0.000 0.000 22.733 18.732 0.000 0.000 0.000 0.000 0.000 0.000 0.000 0.000 0.000 25.989 19.989 14.989 10.989 0.000 0.000 0.000 0.000 0.000 0.000 0.000 0.000 18.988 0.000 0.000 0.000 0.000 19.980 52.980 12.979 13.978 12.977 8.977 11.976 58.976 17.976 0.000 0.000 0.000 0.000 0.000 0.000 0.000 0.000 0.000 0.000 0.000 0.000 0.000 0.000 0.000 0.000 0.000 50.139 46.151 28.172 29.204 26.253 27.266 49.273 42.275 28.274 8.268 17.256 16.241 0.000 0.000 6.873
12.166 0.000 0.000 0.000 0.000 0.000 20.732 4.732 0.000 0.000 0.000 0.000 0.000 0.000 0.000 0.000 25.988 25.988 26.988 9.988 0.000 0.000 0.000 0.000 0.000 0.000 0.000 0.000 14.986 0.000 0.000 0.000 0.000 18.979 67.979 31.978 34.978 29.977 14.976 32.976 86.976 83.975 14.975 0.000 0.000 0.000 0.000 0.000 0.000 0.000 0.000 0.000 0.000 0.000 0.000 0.000 0.000 0.000 0.000 53.121 20.133 28.151 19.167 0.159 11.227 54.235 20.243 7.251 14.258 0.000 0.000 0.000 0.000 2.781
7.165 0.000 0.000 0.000 0.000 0.000 0.000 0.000 0.000 0.000 0.000 0.000 0.000 0.000 0.000 0.000 28.988 19.987 13.987 11.988 0.000 0.000 0.000 0.000 0.000 0.000 0.000 11.985 4.985 29.985 25.985 0.000 0.000 24.979 30.978 22.978 65.977 54.976 25.976 0.000 42.975 97.975 0.000 0.000 0.000 0.000 0.000 0.000 0.000 0.000 0.000 0.000 0.000 0.000 31.993 69.996 61.002 57.017 4.054 48.092 16.113 5.136 52.147 33.156 53.184 34.200 4.213 12.231 0.000 0.000 0.000 0.000 0.638 21.697
17.164 0.000 0.000 0.000 0.000 0.000 0.000 0.000 0.000 0.000 0.000 0.000 0.000 0.000 0.000 0.000 0.000 23.986 13.986 0.000 0.000 0.000 0.000 0.000 0.000 0.000 0.000 13.984 10.985 0.000 0.000 0.000 0.000 0.000 0.000 0.000 0.000 20.974 0.000 0.000 0.000 64.975 19.975 0.000 0.000 0.000 0.000 0.000 0.000 0.000 0.000 0.000 0.000 0.000 0.000 0.000 31.996 36.000 0.000 48.086 25.091 0.000 16.132 66.140 80.156 14.170 2.181 0.000 0.000 0.000 0.000 0.553 17.586 29.621
24.162 28.160 20.160 0.000 0.000 0.000 0.000 0.000 0.000 0.000 0.000 0.000 0.000 0.000 0.000 0.000 0.000 13.986 9.986 0.000 0.000 0.000 0.000 0.000 0.000 0.000 14.984 11.984 0.000 0.000 0.000 0.000 0.000 0.000 0.000 0.000 0.000 24.973 0.000 0.000 0.000 0.000 0.000 0.000 0.000 0.000 0.000 0.000 0.000 0.000 0.000 0.000 0.000 0.000 0.000 0.000 7.988 26.989 0.000 50.076 30.078 0.012 49.111 52.119 47.131 55.147 19.163 0.000 0.000 0.000 0.000 14.530 28.550 30.569
14.161 23.160 23.159 23.158 22.157 0.000 0.000 0.000 0.000 0.000 0.000 0.000 0.000 0.000 0.000 0.000 0.000 15.985 11.985 0.000 0.000 0.000 0.000 0.000 0.000 0.000 0.000 17.984 0.000 0.000 0.000 0.000 0.000 0.000 0.000 0.000 0.000 11.971 15.971 0.000 0.000 0.000 0.000 0.000 0.000 0.000 0.000 0.000 0.000 0.000 0.000 0.000 0.000 0.000 0.000 0.000 10.982 30.983 0.000 51.068 36.069 50.072 50.086 9.095 2.106 47.125 0.000 0.000 0.000 0.000 0.489 23.508 31.516 30.525
0.000 20.159 9.159 0.000 22.157 12.156 0.000 0.000 0.000 0.000 0.000 0.000 0.000 0.000 0.000 0.000 0.000 14.984 11.984 0.000 0.000 0.000 0.000 0.000 0.000 0.000 0.000 0.000 0.000 0.000 0.000 0.000 0.000 0.000 0.000 0.000 27.970 44.970 5.970 0.000 0.000 0.000 0.000 0.000 0.000 0.000 0.000 0.000 0.000 0.000 0.000 0.000 0.000 0.000 0.000 0.000 45.979 31.979 0.000 51.061 48.062 40.063 32.068 18.072 19.076 0.000 0.000 0.000 0.000 0.000 2.482 26.483 32.483 30.486
0.000 7.159 0.000 0.000 0.000 0.000 0.000 31.067 27.067 18.066 0.000 0.000 0.000 0.000 0.000 0.000 0.000 18.984 14.984 0.000 0.000 0.000 0.000 0.000 0.000 0.000 0.000 0.000 0.000 0.000 0.000 0.000 0.000 0.000 0.000 0.000 0.000 74.970 40.970 0.000 0.000 0.000 0.000 0.000 0.000 0.000 0.000 0.000 0.000 0.000 0.000 0.000 0.000 0.000 0.000 0.000 0.000 0.000 0.000 25.057 66.055 45.055 44.054 42.052 45.051 0.000 0.000 0.000 0.000 0.000 0.000 7.462 23.447 30.446
0.000 0.000 0.000 29.088 16.086 0.000 27.070 21.068 21.067 13.066 0.000 0.000 0.000 0.000 0.000 0.000 0.000 18.984 13.984 1.983 0.000 0.000 0.000 0.000 0.000 0.000 0.000 0.000 0.000 0.000 0.000 0.000 0.000 0.000 0.000 0.000 0.000 18.970 10.970 0.000 0.000 0.000 0.000 0.000 0.000 0.000 0.000 0.000 0.000 0.000 0.000 0.000 0.000 0.000 0.000 0.000 0.000 0.000 0.000 0.000 8.051 9.049 7.044 7.033 4.030 0.000 0.000 0.000 0.000 0.000 0.000 0.391 11.399 22.404
25.111 26.105 25.098 19.090 20.084 21.078 19.072 24.069 23.066 14.065 11.064 0.000 0.000 0.000 0.000 0.000 0.000 5.983 0.000 0.000 0.000 0.000 0.000 0.000 0.000 0.000 0.000 0.000 0.000 0.000 0.000 0.000 0.000 0.000 0.000 0.000 0.000 0.000 17.970 0.000 0.000 0.000 0.000 0.000 0.000 0.000 0.000 0.000 0.000 0.000 0.000 0.000 0.000 0.000 0.000 0.000 0.000 0.000 0.000 0.000 0.000 0.000 0.000 11.008 6.007 0.000 0.000 0.000 0.000 7.280 19.291 24.313 25.347 28.363
18.111 18.106 18.100 1.091 2.082 6.078 16.073 25.068 22.066 14.064 17.063 6.063 0.000 0.000 0.000 0.000 0.000 0.000 0.000 0.000 0.000 0.000 0.000 0.000 0.000 0.000 0.000 0.000 0.000 0.000 0.000 0.000 0.000 0.000 0.000 0.000 0.000 0.000 0.000 0.000 0.000 0.000 0.000 0.000 0.000 0.000 0.000 0.000 0.000 0.000 0.000 0.000 0.000 0.000 0.000 0.000 0.000 0.000 0.000 0.000 0.000 0.000 0.000 15.985 5.988 0.000 0.000 0.000 2.261 23.270 30.281 31.297 30.317 30.331
