results3/res_3e8f-0150.wd
ncols         241
nrows         181
xllcorner     12693529.787448
yllcorner     3542525.717860
cellsize      155.156523
NODATA_value  -9999.000000
[rows 99 to 131 of 181, columns 73 to 145 of 241]
59.162 59.139 59.115 58.090 58.064 63.037 66.010 62.985 58.965 58.956 52.957 8.963 0.000 0.000 0.000 0.000 0.000 14.240 72.208 97.165 95.159 94.317 100.988 100.917 94.022 94.720 94.570 94.463 95.361 95.265 94.179 98.106 57.055 0.000 0.000 0.000 0.000 0.000 0.000 32.334 58.264 70.137 37.958 19.769 49.692 52.619 50.536 54.424 51.194 48.817 18.469 43.224 47.098 62.014 67.953 70.908 68.874 63.850 56.834 51.826 46.821 24.814 0.000 0.000 0.000 0.000 19.291 37.291 49.291 73.291 74.290 74.290 74.290
59.210 59.188 58.165 56.140 60.113 65.084 66.053 66.017 59.991 56.975 61.969 61.968 22.969 0.000 16.881 46.828 23.714 3.512 60.417 100.296 95.547 95.563 101.047 93.334 95.124 94.780 94.695 94.586 94.482 94.385 96.300 95.233 31.193 0.000 0.000 0.000 0.000 0.000 0.704 36.489 42.424 53.349 2.312 0.000 44.826 52.769 51.678 55.546 55.340 26.078 0.000 38.128 52.071 57.009 77.958 78.919 78.890 79.868 80.853 78.845 59.841 0.000 0.000 0.000 0.000 0.000 0.000 36.290 49.289 73.289 74.289 74.288 74.288
59.260 58.240 58.217 61.192 64.164 65.134 40.099 4.040 33.005 68.984 41.976 15.971 7.970 0.000 27.934 77.889 74.802 66.686 85.566 96.717 93.705 101.129 94.615 95.422 94.990 94.927 94.813 94.706 94.597 95.492 93.402 81.334 28.291 1.285 0.000 0.000 0.000 0.971 39.830 46.691 44.596 45.521 18.483 0.000 51.017 68.953 61.862 56.741 31.540 0.000 0.000 21.089 11.050 50.991 75.951 79.921 77.898 77.879 77.867 79.859 52.856 46.861 46.863 52.864 0.000 0.000 0.000 13.289 48.288 73.287 74.287 74.287 74.286
58.312 57.294 62.272 65.247 65.218 65.189 30.168 0.000 0.000 11.982 2.979 0.000 0.000 0.000 21.032 83.991 89.921 97.834 97.793 94.918 101.470 101.260 94.583 95.294 95.147 95.040 94.934 94.825 94.710 100.583 50.482 18.411 2.348 0.135 4.337 7.329 0.000 31.072 48.963 44.849 44.747 43.657 49.574 15.474 44.274 70.161 69.078 67.016 0.000 0.000 0.000 0.000 0.000 48.953 77.936 81.917 78.900 77.885 75.875 64.868 45.864 41.865 42.865 26.864 0.000 0.000 0.000 0.000 44.286 73.286 74.286 74.285 70.285
57.367 63.351 65.330 65.304 63.273 69.237 39.216 0.000 0.000 0.000 0.000 0.000 0.000 0.000 32.170 90.123 93.062 96.939 96.176 96.189 101.659 93.969 95.676 95.352 95.267 95.160 95.056 98.952 104.834 59.649 28.531 3.480 0.000 0.000 0.000 4.320 32.312 55.206 49.101 41.993 46.888 50.786 47.684 45.573 59.442 63.342 53.270 61.230 0.000 0.000 0.000 0.000 0.000 54.931 78.923 83.912 82.899 78.888 73.879 42.873 40.869 41.868 48.867 0.000 0.000 0.000 0.000 38.284 42.285 71.285 74.284 74.284 68.283
64.427 65.414 65.394 64.367 42.331 8.271 27.243 29.243 0.000 0.000 0.000 0.000 0.000 23.474 76.355 90.278 93.182 95.340 96.351 101.991 101.832 94.945 95.648 95.488 95.383 95.277 99.178 61.091 21.026 0.000 38.512 24.499 0.000 0.000 0.000 0.000 40.409 74.339 65.242 60.135 55.025 55.915 53.803 54.691 67.582 61.493 45.432 47.403 0.000 0.000 0.000 0.000 0.000 54.917 82.913 47.907 45.898 77.888 80.881 50.876 41.873 46.870 16.869 0.000 0.000 0.000 0.000 11.284 38.284 56.283 72.283 75.283 68.282
65.493 65.483 61.464 65.437 47.416 0.000 18.243 48.243 0.000 0.000 0.000 0.000 13.689 75.593 89.500 95.422 95.393 95.535 102.275 102.137 94.274 96.049 95.699 95.610 95.497 95.389 99.289 71.208 3.153 0.000 8.508 11.503 0.000 0.000 0.000 0.000 27.577 59.498 64.394 74.281 70.164 58.044 60.924 69.806 64.700 52.616 44.563 45.548 19.595 20.606 0.000 0.000 0.000 52.908 86.906 0.902 0.000 26.884 73.881 63.877 44.875 23.872 0.000 0.000 0.000 0.000 0.000 0.000 11.283 35.282 61.282 71.282 64.281
63.566 60.563 59.543 75.503 54.478 0.000 17.243 45.243 0.000 0.000 0.000 7.855 71.784 84.708 94.638 97.519 96.763 94.794 102.403 93.584 95.358 91.917 93.845 95.722 95.608 96.493 90.382 80.297 28.225 0.000 0.000 0.000 0.000 0.000 0.000 15.019 49.823 54.682 54.555 56.430 65.304 68.175 71.042 64.910 51.796 45.710 44.655 43.630 47.630 32.618 0.000 0.000 0.000 41.901 78.898 44.893 33.888 25.884 68.881 74.878 54.876 0.000 0.000 5.874 0.000 0.000 0.000 0.000 0.000 30.281 54.281 59.281 46.281
57.649 66.658 62.642 3.553 4.516 0.000 8.243 8.243 0.000 0.000 0.000 8.927 87.884 89.828 97.740 96.906 95.928 102.629 102.521 95.543 95.230 95.072 94.954 93.837 94.718 96.594 53.450 4.373 0.000 0.000 0.000 0.000 0.000 18.622 35.468 50.214 61.015 57.854 56.713 53.581 54.449 57.310 69.158 69.997 61.863 50.773 43.717 43.687 45.677 0.000 0.000 0.000 0.000 26.896 68.894 46.891 42.888 42.884 74.880 77.878 60.876 23.875 13.875 56.875 0.000 0.000 0.000 0.000 0.000 33.280 57.280 52.280 38.280
58.740 68.780 55.812 0.000 0.000 0.000 5.243 17.243 1.243 0.000 0.215 75.040 85.000 96.945 96.941 96.084 102.822 102.729 94.855 96.630 96.282 96.189 96.070 95.953 97.834 47.714 0.000 0.000 0.000 0.000 0.000 8.174 34.022 50.776 63.569 59.356 58.168 58.006 57.863 58.731 56.600 55.458 29.283 48.056 72.887 54.802 42.753 45.725 43.714 31.721 0.000 0.000 0.000 27.893 60.890 38.888 0.000 0.000 30.878 67.877 56.876 65.875 72.875 31.874 0.000 0.000 0.000 0.000 0.000 8.280 48.280 46.279 39.279
56.828 60.909 60.015 36.174 0.000 0.000 0.000 3.243 6.243 0.000 28.285 88.192 95.131 97.053 97.213 95.336 102.908 95.143 96.925 96.490 96.422 96.302 97.186 98.069 59.952 0.000 0.000 0.000 0.000 0.000 10.527 53.325 64.118 59.890 58.675 58.473 58.294 58.138 58.002 57.879 57.763 66.638 5.460 0.000 40.829 49.796 41.766 50.746 50.735 32.728 0.000 0.000 0.000 0.000 44.885 81.884 49.881 0.000 23.876 68.876 62.875 53.874 53.874 0.000 0.000 0.000 0.000 0.000 0.000 0.000 27.279 38.279 39.279
68.898 7.014 63.166 61.333 50.534 9.659 0.040 0.000 0.000 19.446 78.380 92.312 98.253 97.237 96.392 103.054 102.985 96.092 96.790 96.639 96.529 97.419 99.304 60.186 0.000 0.000 0.000 0.000 9.153 40.006 50.729 62.481 59.234 58.992 55.768 55.568 55.397 56.252 58.128 58.022 60.934 37.871 0.000 0.000 20.803 45.788 44.771 62.758 58.750 0.000 0.000 0.000 0.000 0.000 28.881 73.881 85.879 42.877 68.876 82.875 74.874 50.874 43.873 15.873 0.000 0.000 0.000 0.000 0.000 0.000 33.278 39.278 43.278
50.936 4.084 65.301 55.457 62.610 54.784 16.082 3.400 12.509 79.512 88.476 98.435 97.322 97.590 95.617 103.113 95.381 97.174 96.834 96.750 97.642 98.541 52.422 0.000 0.000 0.000 0.000 1.574 52.300 63.136 60.903 59.637 61.344 61.075 66.838 71.635 66.474 59.343 53.235 57.147 63.081 21.042 0.000 0.000 16.792 48.781 49.771 71.763 59.759 0.000 0.000 0.000 0.000 0.000 16.879 68.878 77.877 82.876 78.875 78.875 82.874 66.873 45.873 46.872 15.871 8.871 0.000 0.000 0.000 35.277 40.277 38.277 43.277
0.000 0.000 33.497 84.584 47.666 0.000 0.000 17.589 77.617 82.614 96.595 97.504 97.784 95.715 103.197 95.639 97.448 97.024 96.967 97.856 94.751 49.681 0.000 0.000 0.000 0.000 7.919 54.763 62.534 60.336 60.109 63.820 38.430 17.127 19.874 36.658 62.521 64.412 65.323 57.252 58.200 19.173 0.000 0.000 0.000 29.774 47.770 54.766 53.763 2.764 0.000 0.000 0.000 0.000 16.877 59.876 72.876 77.875 78.874 79.874 75.873 71.873 56.872 44.871 48.871 54.871 0.000 0.000 0.000 1.277 38.277 39.277 41.276
0.000 0.000 10.607 85.716 72.803 0.000 0.000 24.752 85.752 93.744 97.696 98.891 98.928 103.514 103.321 96.589 97.305 97.166 97.068 91.966 81.823 32.752 0.000 0.000 7.353 43.257 52.075 63.912 60.738 60.566 64.375 42.106 0.048 0.000 0.000 22.603 60.538 57.463 61.393 67.336 67.296 45.276 0.000 0.000 0.000 11.771 49.769 43.766 50.765 1.764 0.000 0.000 0.000 0.000 21.875 46.875 63.875 77.874 72.874 65.873 67.873 28.872 53.872 62.871 55.870 51.870 0.000 0.000 0.000 0.000 0.000 33.276 38.276
0.000 0.000 0.000 13.872 63.027 2.807 12.932 78.914 90.900 97.882 97.900 98.077 103.864 103.694 95.877 97.675 97.342 97.271 90.182 56.114 0.000 0.000 0.000 15.540 61.449 55.344 63.211 61.074 60.939 61.815 39.719 0.544 0.000 0.000 0.000 21.613 63.567 57.508 57.450 59.402 63.371 65.361 17.386 0.000 0.000 0.000 30.767 49.766 24.765 0.000 0.000 0.000 0.000 0.000 14.874 42.874 53.874 60.873 52.873 49.873 14.873 0.000 2.871 46.870 50.870 59.870 0.000 0.000 0.000 0.000 0.000 27.276 38.276
0.000 0.000 0.000 0.000 0.773 13.046 82.076 87.069 98.058 97.989 99.273 99.345 104.025 96.175 97.955 97.524 97.464 87.362 76.275 40.195 0.000 0.000 0.000 55.631 77.558 62.461 54.349 62.235 60.128 63.038 32.983 0.000 0.000 0.000 17.732 52.669 59.610 58.551 58.497 55.453 51.424 53.410 15.412 0.000 0.000 0.000 11.766 56.766 4.765 0.000 0.000 0.000 0.000 0.000 14.873 44.873 43.873 42.872 40.872 46.872 0.000 0.000 0.000 21.870 44.869 62.869 6.868 0.000 0.000 0.000 0.000 0.000 31.275
0.000 0.000 0.000 0.000 0.000 85.269 84.257 98.238 98.190 99.392 99.464 104.319 104.176 97.129 98.814 96.658 82.543 71.449 45.362 0.000 0.000 0.000 49.922 67.794 67.692 74.592 62.489 52.390 58.299 68.228 71.191 34.228 0.000 0.000 16.795 64.722 58.651 58.588 57.534 53.491 47.461 48.445 14.439 0.000 0.000 0.000 0.000 29.765 37.765 0.000 0.000 0.000 0.000 0.000 22.873 46.872 40.872 41.872 41.871 43.871 26.871 0.000 0.000 0.000 31.869 52.868 30.868 4.868 0.000 0.000 0.000 0.000 26.275
0.000 0.000 0.000 0.000 24.626 85.506 97.447 98.406 99.414 101.600 104.585 104.454 96.435 98.200 94.852 83.753 72.607 44.528 0.000 0.000 0.000 52.170 73.049 58.932 50.825 64.724 76.627 64.535 67.452 68.382 55.324 61.265 40.110 2.439 24.930 56.774 52.685 59.618 54.560 46.514 45.485 49.468 11.461 0.000 0.000 0.000 0.000 16.765 56.765 1.765 0.000 0.000 0.000 0.000 0.000 28.871 43.871 41.871 41.871 41.871 49.870 0.000 0.000 0.000 0.000 33.868 44.868 50.867 0.000 0.000 0.000 0.000 0.000
0.000 0.000 0.000 0.000 67.746 93.679 99.625 98.529 98.797 96.876 104.711 96.718 98.483 93.051 81.984 56.864 0.000 0.000 0.000 0.000 52.412 73.291 60.173 49.059 48.953 50.853 61.759 76.672 67.593 52.523 60.460 62.398 36.329 0.000 21.845 81.761 68.696 57.639 51.574 47.522 44.496 45.482 39.476 3.479 0.000 0.000 0.000 0.000 35.765 7.765 0.000 0.000 0.000 0.000 0.000 8.871 45.871 41.870 41.870 41.870 43.870 27.869 0.000 0.000 0.000 14.867 41.867 44.867 0.000 0.000 0.000 0.000 0.000
0.000 0.000 0.000 71.055 67.932 73.850 88.761 99.934 96.997 104.946 104.831 97.650 93.337 82.190 61.084 0.000 0.000 34.052 0.000 4.659 77.533 60.410 49.292 50.180 49.074 51.975 65.884 74.800 75.725 59.658 55.596 66.536 40.480 0.000 0.000 12.729 25.698 7.668 0.000 17.505 48.495 55.487 56.483 42.482 0.000 0.000 0.000 0.000 0.000 0.000 0.000 0.000 0.000 0.000 0.000 9.870 45.870 44.870 47.870 42.870 39.869 48.869 0.000 0.000 0.000 21.867 55.867 60.867 0.000 0.000 0.000 0.000 0.000
0.000 0.000 10.280 72.178 69.080 69.999 79.974 96.139 105.165 105.056 96.930 93.695 81.366 55.290 0.000 0.000 51.102 50.052 31.950 15.786 65.650 49.525 50.406 49.293 50.188 65.090 71.001 34.921 25.849 77.787 63.730 41.671 2.576 0.000 0.000 0.000 0.000 0.000 0.000 14.498 66.493 60.489 57.486 53.484 8.485 0.000 0.000 0.000 0.000 0.000 0.000 0.000 0.000 0.000 0.000 33.870 42.870 17.870 0.000 17.869 42.869 46.869 0.000 0.000 0.000 23.867 59.867 28.867 0.000 0.000 0.000 0.000 0.000
0.000 85.469 73.382 70.295 68.217 69.095 70.338 74.403 105.269 96.171 91.933 81.522 55.479 0.000 0.000 0.000 55.153 53.104 73.011 56.885 49.757 50.632 49.513 52.400 72.294 69.198 50.110 46.032 50.965 78.910 75.868 39.842 0.000 0.000 0.000 0.000 0.000 0.000 0.000 14.494 73.491 73.489 68.487 59.485 4.485 0.000 0.000 0.000 0.000 0.000 0.000 0.000 0.000 0.000 6.869 45.869 47.869 0.000 0.000 2.869 45.869 46.869 0.000 0.000 0.000 0.000 30.867 0.000 0.000 0.000 0.000 0.000 0.000
1.648 83.555 97.485 89.412 74.315 75.472 67.519 105.466 105.369 75.054 79.731 55.629 0.000 0.000 0.000 0.000 57.253 70.199 68.105 49.987 49.860 49.735 60.613 72.499 61.393 50.295 50.208 50.132 51.069 60.020 77.989 73.986 35.040 0.000 0.000 0.000 0.000 0.000 0.000 0.000 59.490 61.488 73.487 74.486 30.485 0.000 0.000 0.000 0.000 0.000 0.000 0.000 0.000 0.000 37.869 47.869 24.869 0.000 0.000 6.869 46.869 44.869 0.000 0.000 0.000 0.000 0.000 0.000 0.000 0.000 0.000 0.000 0.000
19.727 96.662 99.594 99.524 94.497 84.652 105.654 105.561 67.212 61.991 0.000 0.000 0.000 0.000 0.000 0.000 68.408 73.333 49.224 51.096 50.963 62.832 71.707 53.590 50.482 50.383 50.296 50.220 50.158 50.111 59.082 79.075 72.094 46.124 37.137 41.140 10.141 0.000 0.000 0.000 0.000 39.487 79.486 79.486 40.485 0.000 0.000 0.000 0.000 0.000 0.000 0.000 0.000 0.000 26.869 25.869 0.000 0.000 0.000 0.000 26.868 53.868 0.000 0.000 0.000 0.000 0.000 0.000 0.000 0.000 0.000 0.000 0.000
89.841 99.772 99.710 99.596 103.839 94.898 105.746 67.309 69.990 64.693 0.000 0.000 0.000 0.000 0.000 61.800 73.638 50.503 51.360 51.212 59.065 71.924 49.793 50.672 50.561 50.460 50.371 50.295 50.233 50.185 50.153 54.137 55.136 50.143 51.146 58.143 40.142 0.000 0.000 0.000 0.000 0.000 34.486 70.485 33.485 0.000 0.000 0.000 0.000 0.000 0.000 0.000 0.000 0.000 0.000 0.000 0.000 0.000 0.000 0.000 0.000 5.868 0.000 0.000 0.000 0.000 0.000 0.000 0.000 0.000 0.000 0.000 0.000
95.944 95.883 99.796 100.958 98.004 105.922 105.834 71.965 56.394 1.571 4.570 1.570 0.000 0.000 0.000 78.962 55.841 51.679 51.502 53.326 74.159 54.007 50.869 50.744 50.630 50.526 50.434 50.356 50.293 50.244 50.208 49.184 48.170 51.164 33.162 0.000 0.000 0.000 0.000 0.000 0.000 0.000 0.000 63.485 51.485 18.485 0.000 0.000 0.000 0.000 0.000 0.000 0.000 0.000 0.000 0.000 0.000 0.000 0.000 0.000 0.000 0.000 0.000 0.000 0.000 0.000 0.000 0.000 0.000 0.000 0.000 0.000 0.000
75.058 74.993 78.971 75.128 106.095 106.009 83.484 64.664 55.557 0.000 0.000 1.570 0.000 0.000 0.000 54.245 50.084 49.872 48.645 61.429 54.240 48.075 48.932 48.806 48.689 48.579 49.482 50.402 50.339 50.289 49.251 47.220 49.197 49.183 46.176 36.178 39.177 41.177 40.176 42.175 13.175 0.000 0.000 1.485 60.485 32.485 0.000 0.000 0.000 0.000 0.000 0.000 0.000 0.000 0.000 0.000 0.000 0.000 0.000 0.000 0.000 0.000 0.000 0.000 0.000 0.000 0.000 0.000 0.000 0.000 0.000 0.000 0.000
90.173 112.061 77.308 107.366 106.178 66.048 56.637 0.000 70.890 29.213 0.000 0.000 0.000 0.000 98.079 76.689 47.377 55.081 65.775 64.507 60.297 58.121 57.980 57.858 56.741 50.620 46.513 50.432 50.371 50.324 49.286 49.251 53.213 53.193 54.183 64.179 64.178 60.177 53.176 52.175 31.175 0.000 0.000 0.000 19.485 25.485 0.000 0.000 0.000 0.000 0.000 0.000 0.000 0.000 0.000 0.000 0.000 0.000 0.000 0.000 0.000 0.000 0.000 0.000 0.000 0.000 0.000 0.000 0.000 0.000 0.000 0.000 0.000
138.254 116.851 114.897 106.334 106.258 94.138 0.000 37.878 65.878 139.538 115.048 1.352 45.575 35.022 96.469 56.056 53.654 125.299 115.867 111.528 111.319 110.132 109.008 107.904 106.798 77.645 44.519 50.443 50.389 50.349 50.317 42.284 0.000 0.000 0.000 0.000 0.000 0.000 17.175 69.175 48.174 19.174 0.000 0.000 0.000 0.000 0.000 0.000 0.000 0.000 0.000 0.000 0.000 0.000 0.000 0.000 0.000 0.000 0.000 0.000 0.000 0.000 0.000 0.000 0.000 0.000 0.000 0.000 0.000 0.000 0.000 0.000 0.000
96.423 116.010 106.474 106.405 90.665 0.000 0.000 0.000 9.208 61.013 48.748 0.000 26.939 0.000 55.718 52.412 61.886 117.592 0.000 3.418 0.000 54.080 63.017 123.952 36.901 0.000 54.475 50.430 50.394 51.367 33.350 0.000 0.000 0.000 0.000 0.000 0.000 0.000 0.000 22.174 69.174 25.174 0.000 0.000 0.000 0.000 0.000 0.000 0.000 0.000 0.000 0.000 0.000 0.000 0.000 0.000 0.000 0.000 0.000 0.000 0.000 0.000 0.000 0.000 0.000 0.000 0.000 0.000 0.000 0.000 0.000 0.000 0.000
117.180 115.234 106.538 115.157 117.004 37.292 0.000 16.733 43.733 53.558 30.183 7.242 48.302 93.827 92.274 84.987 0.000 36.592 0.000 15.309 37.200 65.090 110.030 72.984 37.954 0.000 0.000 56.410 50.390 51.374 32.365 0.000 0.000 0.000 0.000 0.000 0.000 0.000 0.000 0.000 16.173 55.173 20.173 0.000 0.000 0.000 0.000 0.000 0.000 0.000 0.000 0.000 0.000 0.000 0.000 0.000 0.000 0.000 0.000 0.000 0.000 0.000 0.000 0.000 0.000 0.000 0.000 0.000 0.000 0.000 0.000 0.000 0.000
115.314 106.655 106.599 95.663 38.428 0.000 0.000 0.000 5.432 32.303 0.000 0.000 41.200 84.906 138.563 74.275 0.000 0.000 0.000 0.000 0.000 79.052 114.027 44.001 40.977 0.000 0.000 0.000 55.381 49.375 47.371 45.372 33.372 0.000 0.000 0.000 0.000 0.000 0.000 0.000 11.173 69.173 27.173 0.000 0.000 0.000 0.000 0.000 0.000 0.000 0.000 0.000 0.000 0.000 0.000 0.000 0.000 0.000 0.000 0.000 0.000 0.000 0.000 0.000 0.000 0.000 0.000 0.000 0.000 0.000 0.000 0.000 0.000
