results3/res_3e8f-0169.wd
ncols         241
nrows         181
xllcorner     12693529.787448
yllcorner     3542525.717860
cellsize      155.156523
NODATA_value  -9999.000000
[rows 0 to 32 of 181, columns 146 to 218 of 241]
0.000 0.000 0.000 0.000 0.000 0.000 0.000 0.000 0.000 0.000 0.000 0.000 0.000 0.000 5.631 16.487 17.253 16.965 16.648 16.319 15.995 15.693 15.423 15.193 15.005 14.859 14.752 14.677 14.629 14.603 14.592 19.587 0.000 0.000 0.000 0.000 0.000 0.000 0.000 0.000 0.000 0.000 0.000 0.000 0.000 0.000 0.000 0.000 0.000 18.834 25.834 0.000 0.000 44.833 49.833 0.000 0.000 0.000 0.000 0.000 0.000 0.000 0.000 0.000 0.000 0.000 0.000 0.000 0.000 0.000 0.000 0.000 0.000
0.000 0.000 0.000 0.000 0.000 0.000 0.000 0.000 0.000 0.000 0.000 0.000 0.000 1.183 16.776 17.576 17.306 16.995 16.659 16.313 15.974 15.660 17.383 16.150 14.964 14.821 14.718 14.649 14.608 14.588 14.584 19.583 0.000 0.000 0.000 0.000 0.000 0.000 0.000 0.000 0.000 0.000 0.000 0.000 0.000 0.000 0.000 0.000 15.834 37.834 13.834 0.000 23.833 56.833 50.833 0.000 0.000 0.000 0.000 0.000 0.000 0.000 0.000 0.000 0.000 0.000 0.000 0.000 35.821 0.000 0.000 0.000 0.000
0.000 0.000 0.000 0.000 0.000 0.000 0.000 0.000 0.000 0.000 0.000 0.000 0.000 20.409 19.062 17.735 17.401 17.051 16.680 16.300 15.929 17.590 17.299 15.062 14.878 14.744 14.652 14.594 14.565 14.558 16.574 10.579 0.000 0.000 0.000 0.000 0.000 0.000 0.000 0.000 0.000 0.000 0.000 0.000 0.000 0.000 0.000 0.000 27.835 0.000 0.000 18.833 49.833 11.833 0.000 0.000 0.000 0.000 0.000 0.000 0.000 0.000 0.000 0.000 4.825 0.000 0.000 0.000 38.821 10.821 0.000 0.000 0.000
0.000 0.000 0.000 0.000 0.000 0.000 0.000 0.000 0.000 0.000 0.000 0.000 2.990 19.815 18.328 17.901 17.513 17.126 16.712 16.276 16.852 16.473 15.160 14.919 14.744 14.624 14.550 14.511 14.499 20.506 0.000 0.000 0.000 0.000 0.000 0.000 0.000 0.000 0.000 0.000 0.000 0.000 0.000 12.835 0.000 0.000 0.000 11.835 71.835 1.835 0.000 24.833 51.834 0.000 0.000 0.000 0.000 0.000 0.000 0.000 0.000 0.000 10.825 16.825 35.825 0.000 0.000 28.822 37.822 38.821 10.821 0.000 0.000
0.000 0.000 0.000 0.000 0.000 0.000 0.000 0.000 0.000 0.000 0.000 8.147 1.333 2.909 18.534 18.028 17.625 17.229 16.763 16.242 16.730 16.290 14.951 14.711 14.553 14.459 14.413 14.401 15.414 16.460 0.000 0.000 0.000 0.000 0.000 0.000 0.000 0.000 0.000 0.000 0.000 0.000 13.835 36.835 31.835 0.000 0.000 27.835 55.835 0.000 0.000 0.000 51.834 6.834 0.000 0.000 0.000 0.000 0.000 0.000 0.000 0.000 50.825 54.825 56.825 0.000 0.000 41.822 36.822 36.822 46.821 0.000 0.000
0.000 0.000 0.000 0.000 0.000 0.000 0.000 0.000 0.000 0.000 10.857 3.464 1.839 1.273 1.385 16.052 17.728 17.404 16.869 18.200 17.534 15.005 14.643 14.420 14.298 14.247 14.243 14.266 20.297 0.000 0.000 0.000 0.000 0.000 0.000 0.000 0.000 0.000 0.000 0.000 0.000 0.000 0.000 16.835 37.836 29.836 27.836 9.836 40.836 13.836 0.000 0.000 36.835 49.835 40.835 38.835 47.835 0.000 0.000 0.000 0.000 0.000 50.825 52.825 57.824 36.824 25.823 42.822 45.822 0.000 0.000 0.000 10.812
0.000 0.000 0.000 0.000 0.000 0.000 0.000 0.000 0.000 0.000 7.249 3.959 3.595 3.102 0.426 0.615 10.833 18.788 18.109 18.157 15.201 14.554 14.195 14.027 13.973 13.988 14.045 14.124 9.210 0.000 0.000 0.000 0.000 0.000 33.847 66.847 0.847 0.000 6.847 47.847 0.000 0.000 0.000 13.836 37.836 50.836 85.836 47.836 48.836 19.836 0.000 0.000 33.835 52.835 37.835 33.835 50.835 0.000 0.000 0.000 0.000 0.000 37.826 43.825 39.825 39.824 43.823 46.822 54.822 0.000 0.000 0.000 33.813
0.000 0.000 0.000 0.000 0.000 0.000 0.000 0.000 0.000 30.477 30.931 7.515 3.132 3.375 3.033 0.782 0.363 5.808 18.621 16.117 14.558 13.816 13.558 13.520 13.578 13.687 14.824 11.974 0.000 0.000 0.000 0.000 0.000 0.000 8.847 54.847 61.847 43.847 35.847 7.847 0.000 0.000 0.000 0.000 0.000 11.836 78.836 57.836 4.836 0.000 0.000 0.000 0.000 45.836 60.836 58.835 60.835 52.834 44.833 47.832 46.831 55.829 59.827 56.826 57.825 57.824 52.823 47.822 44.821 0.000 0.000 0.000 0.000
0.000 0.000 0.000 0.000 0.000 0.000 0.000 0.000 24.574 42.023 43.484 33.000 9.593 2.013 3.036 0.823 2.745 7.968 6.449 16.131 13.098 12.595 12.699 12.917 13.133 14.357 14.591 0.000 0.000 0.000 0.000 0.000 0.000 0.000 0.000 6.847 52.847 62.847 67.847 6.847 0.000 0.000 0.000 0.000 0.000 7.837 50.837 42.837 47.836 14.836 0.000 0.000 29.837 57.837 42.836 36.836 43.835 55.834 43.833 42.832 51.831 60.830 47.828 43.827 46.825 52.824 58.823 60.822 58.821 44.819 35.817 18.816 27.814
0.000 0.000 0.000 0.000 0.000 0.000 0.000 20.686 30.125 45.556 42.982 43.410 35.838 12.273 1.166 4.704 14.228 6.426 2.221 3.006 6.106 10.768 11.727 12.315 12.680 18.019 0.000 0.000 0.000 0.000 0.000 0.000 6.848 4.848 0.000 0.000 19.847 65.847 18.847 0.000 0.000 0.000 0.000 0.000 0.000 46.838 56.837 32.837 48.837 68.836 8.836 0.000 35.838 59.837 38.837 32.836 35.836 48.835 37.834 37.833 39.832 41.830 38.829 39.827 33.826 37.824 43.823 44.822 42.820 51.819 53.817 56.815 64.814
0.000 0.000 0.000 0.000 0.000 0.000 25.799 24.248 47.683 44.095 43.478 42.818 43.074 38.133 20.636 12.356 8.031 0.000 0.040 4.338 2.161 3.314 11.125 11.935 17.255 0.000 0.000 0.000 0.000 0.000 0.000 1.848 43.848 2.849 0.000 0.000 26.848 66.848 5.847 0.000 0.000 0.000 0.000 0.000 41.841 85.839 18.838 21.837 43.837 70.836 10.836 0.000 32.838 57.838 37.838 30.837 33.837 35.836 31.835 30.834 37.832 53.831 36.829 32.828 46.826 42.825 39.823 46.822 46.820 49.818 58.817 62.815 49.814
0.000 0.000 0.000 0.000 0.000 29.833 18.349 46.825 45.263 44.662 44.018 43.311 42.509 42.548 39.353 25.055 4.368 0.303 0.058 46.145 4.494 0.074 0.096 14.044 10.149 0.000 0.000 0.000 0.000 0.000 0.000 1.849 39.849 34.849 43.849 55.849 59.848 49.848 0.000 0.000 4.845 40.845 55.844 60.843 84.842 40.841 0.000 0.000 45.836 33.836 0.000 0.000 35.840 62.839 49.839 33.838 81.838 109.837 58.836 34.834 50.833 97.831 49.830 26.828 91.827 64.825 39.823 46.822 48.820 38.818 47.817 60.815 43.813
0.000 0.000 0.000 0.000 0.000 19.317 40.940 47.441 45.881 45.274 44.618 43.901 43.102 42.195 42.185 41.099 30.283 4.910 50.748 47.810 0.336 0.139 0.049 0.054 0.000 0.000 0.000 0.000 0.000 0.000 4.848 38.849 34.849 39.849 53.849 63.849 47.849 34.848 0.000 0.000 2.845 49.845 48.844 44.843 83.843 43.842 0.000 0.000 24.836 16.836 0.000 28.842 56.841 58.841 52.840 40.840 39.839 72.838 113.837 51.836 44.834 101.832 52.831 26.829 98.827 68.825 31.823 33.822 39.820 30.818 44.816 43.815 31.813
0.000 0.000 0.000 0.000 23.824 34.178 49.653 47.116 46.546 45.936 45.281 44.572 43.799 42.963 42.007 41.271 40.132 52.484 52.156 0.949 0.463 9.574 0.000 0.000 0.000 0.000 0.000 0.000 0.000 54.848 57.848 39.849 38.849 53.849 63.849 49.850 32.849 34.849 34.848 32.847 30.846 42.846 45.845 55.844 95.843 29.843 0.000 0.000 61.836 11.836 0.000 25.843 55.842 55.842 42.842 34.841 30.840 40.839 37.838 77.837 108.835 125.833 106.832 95.830 121.828 115.826 106.824 52.822 32.820 49.818 44.816 33.814 28.813
0.000 0.000 0.000 25.001 34.471 51.917 48.377 47.826 47.251 46.642 45.997 45.306 44.578 43.741 43.198 40.835 52.518 52.515 36.712 19.024 6.187 0.000 0.000 0.000 0.000 0.000 0.000 0.000 40.847 7.848 0.000 18.849 56.849 60.849 52.850 37.850 3.851 0.000 1.848 36.848 32.847 42.846 41.845 64.844 61.844 0.000 0.000 3.836 64.836 10.836 0.000 23.844 53.844 65.844 44.843 50.843 73.842 50.841 32.840 56.838 79.837 113.835 79.833 59.830 107.828 97.826 72.824 41.822 27.820 98.818 66.816 38.814 28.812
0.000 0.000 0.000 30.532 50.141 49.642 49.112 48.561 47.988 47.387 47.754 47.098 45.343 44.923 42.351 52.577 52.527 40.280 41.903 39.530 23.494 4.492 0.000 0.000 0.000 0.000 0.000 42.847 11.847 0.000 0.000 0.000 24.849 56.850 34.850 32.852 38.853 1.854 0.000 37.849 35.848 41.847 42.846 64.844 60.844 0.000 0.000 24.836 71.836 7.836 0.000 25.845 56.845 59.845 40.845 40.845 86.844 121.843 70.842 38.840 54.838 101.836 61.834 28.831 94.829 81.827 39.824 31.822 24.820 105.818 69.816 41.814 42.812
0.000 0.000 31.129 48.452 51.921 50.399 49.867 49.319 48.752 49.161 47.556 46.859 46.524 43.956 53.001 52.721 41.776 42.625 41.630 31.986 12.737 0.000 0.000 0.000 0.000 0.000 0.000 38.847 12.847 0.000 0.000 0.000 0.000 0.000 0.000 37.853 34.854 33.855 35.854 37.851 33.850 41.848 43.846 55.844 51.843 13.840 32.838 65.837 16.836 0.000 0.000 25.846 52.847 58.847 44.848 29.848 31.847 56.846 43.844 25.842 43.840 98.838 54.835 20.832 91.830 76.827 34.825 30.822 26.820 104.818 69.816 41.814 32.812
0.000 30.394 43.807 53.227 51.690 51.166 50.637 50.097 50.538 49.971 48.316 48.032 45.470 53.929 53.413 43.431 44.434 42.317 29.515 0.000 0.000 0.000 0.000 0.000 0.000 0.000 0.000 0.000 12.847 0.000 0.000 0.000 0.000 0.000 0.000 0.000 41.857 51.857 62.856 50.853 39.851 43.849 40.847 45.845 38.842 57.840 75.838 63.836 9.835 0.000 0.000 24.847 50.848 55.849 61.851 59.851 47.850 37.849 50.847 82.845 101.842 122.839 102.836 85.833 119.830 112.828 94.825 54.823 27.820 102.818 74.816 46.814 33.811
27.457 38.981 53.476 52.959 52.447 51.936 51.419 51.889 51.355 49.734 49.488 46.943 55.145 54.514 44.992 46.146 47.091 25.343 0.000 0.000 0.000 0.000 0.000 0.000 0.000 0.000 0.000 0.000 0.000 0.000 0.000 0.000 0.000 0.000 0.000 0.000 39.861 43.860 61.858 20.855 0.853 50.850 41.848 44.845 40.842 28.839 47.837 62.835 49.834 8.833 0.000 0.000 15.850 58.851 60.855 53.855 41.854 50.853 101.851 92.848 73.845 74.841 75.838 75.834 75.831 76.828 78.825 49.823 29.820 101.818 77.816 40.813 34.811
30.933 54.596 54.159 53.687 53.204 52.713 52.212 51.709 51.122 50.910 48.384 56.473 55.800 46.451 47.674 46.671 42.168 1.640 0.000 0.000 0.000 0.000 0.000 0.000 0.000 0.000 0.000 0.000 0.000 0.000 0.000 0.000 0.000 0.000 0.000 0.000 40.865 51.864 35.863 0.000 4.855 47.852 44.849 11.846 1.842 32.838 46.835 61.833 58.832 27.832 0.000 0.000 0.000 0.000 27.861 42.861 26.859 87.857 88.855 37.851 43.847 85.843 56.839 28.835 74.831 64.828 44.825 42.823 33.820 101.818 72.816 29.813 30.811
48.747 56.310 54.875 54.427 53.968 54.497 53.028 52.478 52.305 49.804 57.839 57.152 46.818 49.075 48.075 48.459 17.804 0.000 0.000 0.000 0.000 0.000 0.000 0.000 0.000 0.000 0.000 0.000 0.000 0.000 0.000 0.000 0.000 0.000 0.000 7.874 60.871 58.868 62.865 59.863 55.858 55.855 49.851 8.847 1.842 32.836 45.832 63.830 70.830 33.831 0.000 0.000 0.000 0.000 21.869 34.867 54.865 101.862 64.859 24.855 92.851 93.845 42.840 29.835 50.831 106.828 65.825 33.823 33.821 96.818 114.815 101.812 106.809
58.437 56.023 55.605 55.178 54.739 56.303 53.790 53.663 51.200 59.221 58.527 42.118 46.331 50.396 46.869 24.155 0.000 0.000 0.000 0.000 0.000 0.000 0.000 0.000 0.000 0.000 0.000 0.000 0.000 0.000 0.000 0.000 0.000 0.000 0.000 59.878 58.875 59.872 61.869 60.865 58.861 59.857 52.854 7.851 0.000 33.832 45.828 68.825 41.828 0.000 0.000 0.000 0.000 19.882 49.877 28.874 93.871 87.868 31.864 87.860 100.855 49.847 37.840 40.835 35.831 66.828 105.825 62.823 25.821 96.818 99.816 73.812 15.808
49.112 55.738 56.345 55.937 55.531 55.048 54.965 52.542 60.566 59.917 25.343 30.526 33.417 52.091 35.718 0.000 0.000 0.000 0.000 0.000 0.000 0.000 0.000 49.401 38.401 0.000 0.000 0.000 0.000 0.000 0.000 0.000 0.000 0.000 0.000 36.884 30.881 33.876 37.872 32.867 31.863 30.859 32.855 36.851 30.845 23.833 38.821 17.815 0.000 0.000 0.000 0.000 0.000 21.887 44.885 35.881 36.878 36.874 28.870 49.866 50.863 0.000 0.000 11.832 41.829 34.827 56.825 49.823 31.821 64.819 12.817 0.000 10.804
27.824 43.473 56.097 58.719 56.259 56.206 53.789 61.683 61.166 34.483 0.000 43.861 0.000 55.708 24.214 0.000 0.000 0.000 0.000 0.000 0.000 0.000 0.000 56.402 50.401 0.000 0.000 0.000 0.000 0.000 0.000 0.000 0.000 22.927 0.000 37.893 33.888 33.881 33.875 33.870 33.865 33.861 33.858 35.854 13.851 0.000 8.810 39.798 9.787 0.000 0.000 0.000 22.899 53.895 41.892 40.889 32.885 33.880 33.875 31.871 45.869 5.869 0.000 0.000 12.828 37.826 32.824 45.823 44.822 0.000 0.000 0.000 10.803
19.583 27.228 49.872 54.448 57.408 54.949 62.455 62.111 41.362 17.169 0.000 60.509 58.411 44.828 0.000 0.000 0.000 0.000 0.000 0.000 0.000 0.000 59.408 65.403 36.399 0.000 0.000 0.000 0.000 0.000 0.000 0.000 0.000 39.927 37.920 34.907 33.897 30.885 34.877 34.872 34.867 34.863 34.859 37.857 10.855 0.000 0.000 37.781 37.776 7.771 0.000 0.000 7.902 40.902 33.900 32.897 31.893 31.886 31.880 31.874 32.871 41.870 0.000 0.000 0.000 5.825 38.824 41.823 39.823 0.000 0.000 0.000 34.802
23.362 33.996 38.621 36.522 48.079 62.857 62.705 46.343 25.107 18.610 0.000 40.230 52.899 26.363 0.000 0.000 0.000 0.000 47.452 53.449 45.442 43.427 52.413 45.403 35.394 0.000 0.000 0.000 0.000 0.000 0.000 0.000 0.000 37.933 34.927 33.917 7.907 0.000 39.877 33.873 33.869 33.864 33.860 34.858 8.856 0.000 0.000 38.768 37.767 8.766 0.000 0.000 37.906 33.910 33.910 33.908 32.903 32.892 36.886 0.000 3.871 6.870 0.000 0.000 0.000 0.000 38.823 33.823 33.822 34.822 0.000 6.801 36.801
35.102 48.742 24.461 23.335 62.919 62.917 49.333 36.060 32.397 37.237 0.000 7.284 42.592 0.000 0.000 0.000 0.000 43.459 47.456 49.452 47.449 0.000 0.000 0.000 47.380 31.366 0.000 0.000 0.000 0.000 0.000 0.000 5.956 47.946 44.937 19.929 0.000 0.000 52.881 38.876 34.870 33.864 37.860 14.859 0.000 13.745 51.748 32.755 36.758 8.760 0.000 0.000 0.000 38.923 33.922 37.921 4.919 0.000 0.000 0.000 0.000 0.000 0.000 0.000 0.000 0.000 38.822 33.822 33.822 38.822 0.000 0.000 10.800
55.806 44.392 24.457 19.957 62.880 24.371 30.097 32.326 36.003 54.588 64.041 52.030 0.000 0.000 0.000 0.000 41.467 35.463 41.459 56.456 55.454 0.000 0.000 0.000 0.000 48.353 0.000 0.000 0.000 34.008 0.000 0.000 49.966 48.958 54.947 47.932 12.918 66.904 63.889 61.880 59.871 51.863 32.857 19.858 0.000 27.743 80.743 34.747 35.750 9.755 0.000 0.000 0.000 43.936 29.935 34.934 5.933 0.000 0.000 0.000 0.000 0.000 0.000 0.000 0.000 34.822 36.822 38.822 32.822 37.822 0.000 0.000 7.800
64.390 51.488 33.791 62.466 20.391 22.179 21.348 20.990 30.557 58.093 53.502 24.766 0.000 0.000 40.476 6.475 48.470 40.467 51.463 46.458 25.456 0.000 0.000 0.000 0.000 52.339 28.334 0.000 0.000 30.008 38.008 42.001 43.985 45.973 35.960 32.936 40.917 40.904 60.893 43.883 37.872 35.859 15.848 0.000 3.749 22.740 90.735 46.739 12.742 0.000 0.000 0.000 1.950 56.950 29.949 36.947 8.946 0.000 0.000 0.000 0.000 0.000 0.000 0.000 13.822 36.822 51.822 49.822 42.822 1.822 0.000 0.000 8.800
62.445 60.688 62.027 39.319 27.224 23.368 23.005 21.580 28.169 43.719 39.111 0.000 0.000 0.000 43.478 64.477 59.474 60.470 42.466 0.000 0.000 0.000 0.000 0.000 43.326 34.329 26.330 0.000 0.000 0.000 42.016 46.010 45.999 45.990 29.982 0.000 36.910 37.903 61.896 47.887 41.875 27.854 34.828 49.793 69.758 58.733 82.719 47.731 11.737 0.000 0.000 0.000 0.000 54.966 30.963 31.960 36.958 0.000 0.000 0.000 0.000 0.000 0.000 0.000 0.000 6.822 55.822 52.822 5.822 0.000 0.000 0.000 4.800
60.523 61.966 61.173 60.187 42.334 21.983 22.568 23.184 21.815 24.503 0.000 0.000 0.000 0.000 59.482 49.481 47.478 43.474 0.000 0.000 0.000 0.000 0.000 44.321 35.322 31.323 14.327 0.000 0.000 0.000 42.029 50.023 59.013 58.004 59.998 47.999 0.000 5.902 64.900 48.894 22.887 0.000 37.816 47.793 74.758 36.715 20.676 0.000 0.000 0.000 0.000 0.000 7.996 45.984 32.977 33.971 36.968 9.969 0.000 0.000 0.000 0.000 0.000 0.000 0.000 0.000 12.822 13.822 0.000 0.000 0.000 0.000 5.800
61.971 60.949 63.063 63.227 46.900 23.500 26.129 25.767 23.406 23.975 0.000 39.489 0.000 5.488 53.486 53.486 60.485 0.000 0.000 18.393 6.393 0.000 0.000 39.320 33.317 27.315 0.000 0.000 0.000 0.000 40.049 41.039 43.027 42.015 40.006 32.000 0.000 0.000 66.910 52.902 37.892 0.867 36.827 47.804 71.767 27.692 23.594 6.525 0.000 0.000 0.000 0.000 8.007 52.999 31.990 33.980 33.973 34.970 38.968 10.968 0.000 0.000 0.000 0.000 0.000 0.000 0.000 0.000 0.000 0.000 0.000 0.000 0.000
61.657 63.857 63.050 63.750 37.370 28.017 47.676 41.351 23.066 0.780 0.000 36.490 51.490 56.489 42.490 63.491 55.491 0.000 0.000 32.393 63.393 15.389 0.000 40.322 34.313 31.304 0.000 0.000 48.137 44.115 40.079 42.057 47.040 47.024 45.010 55.996 47.976 7.954 66.928 58.911 58.896 50.876 31.851 49.831 57.814 0.000 26.482 9.457 0.000 0.000 0.000 0.000 18.027 57.016 29.003 30.986 31.975 32.970 37.968 9.967 0.000 0.000 0.000 0.000 0.000 0.000 0.000 0.000 0.000 0.000 0.000 0.000 0.000
