results3/res_3e8f-0030.wd
ncols         241
nrows         181
xllcorner     12693529.787448
yllcorner     3542525.717860
cellsize      155.156523
NODATA_value  -9999.000000
[rows 66 to 98 of 181, columns 75 to 149 of 241]
0.000 40.613 57.610 56.606 56.601 0.000 28.399 28.412 41.447 37.471 36.477 36.466 35.438 111.390 99.336 0.000 0.000 0.000 33.012 28.000 32.982 35.971 35.963 37.955 38.949 43.940 44.933 45.928 36.922 0.000 0.000 39.898 89.898 71.819 75.686 75.780 73.846 81.825 74.287 74.772 75.519 74.301 74.088 74.893 44.745 0.000 0.000 0.000 0.000 0.000 0.000 0.000 4.398 2.378 2.340 2.287 2.214 2.153 6.074 18.981 15.886 0.580 11.125 20.040 0.000 0.941 6.820 11.779 7.733 1.679 0.041 0.000 7.249 29.256 30.264
0.000 28.763 52.747 51.736 45.733 0.000 0.000 0.000 34.499 47.553 36.566 35.559 36.531 17.460 0.000 0.000 0.000 0.000 0.000 0.000 43.968 41.964 39.959 22.954 25.947 32.938 33.933 38.929 29.925 0.000 0.000 0.000 50.118 68.039 74.989 75.095 82.244 82.043 74.357 75.050 74.769 74.566 74.363 69.182 27.054 0.000 0.000 24.231 0.000 0.000 0.000 10.422 5.422 2.394 2.357 2.308 2.248 2.185 2.112 1.991 8.823 22.643 23.393 6.288 0.275 0.262 1.036 4.835 3.798 0.214 0.096 0.039 14.234 32.238 30.243
42.050 39.930 53.879 46.858 47.862 44.910 0.000 0.000 0.000 49.674 44.675 39.672 41.668 0.000 0.000 0.000 0.000 0.000 0.000 0.000 42.960 38.958 29.957 0.000 0.000 30.935 42.932 41.930 0.000 0.000 0.000 52.599 44.415 48.271 55.370 70.450 82.429 74.088 75.646 75.217 75.034 74.823 72.616 55.418 34.235 40.233 38.232 19.232 0.000 0.000 0.000 0.000 19.473 1.439 2.386 6.340 14.284 4.224 2.164 1.043 4.849 19.723 26.516 18.433 4.451 0.000 0.974 0.913 0.578 0.457 0.000 0.126 21.221 31.223 30.225
40.094 51.028 44.983 37.957 56.949 45.958 0.000 0.000 0.000 41.796 57.789 52.788 52.801 55.855 0.000 0.000 0.000 0.000 0.000 0.000 40.953 31.953 34.953 0.000 0.000 0.000 78.930 105.929 20.929 0.000 51.935 46.786 46.644 46.578 42.685 82.768 82.604 75.131 78.741 75.493 75.289 75.080 66.859 19.638 0.000 42.233 20.232 0.000 0.000 0.000 7.637 6.608 5.548 1.496 5.432 17.383 22.325 20.261 13.189 3.097 11.970 19.883 0.000 4.478 17.476 14.464 10.408 18.375 0.000 0.456 0.000 5.205 28.211 32.212 33.213
52.151 44.105 36.067 36.039 49.020 57.015 53.034 56.031 58.000 52.926 47.898 49.889 38.894 37.909 0.000 0.000 0.000 0.000 45.942 44.944 32.947 34.949 35.950 39.951 38.953 0.000 0.000 0.000 0.000 0.000 58.084 50.966 45.834 46.954 45.027 82.915 44.742 52.335 66.935 74.760 75.551 73.349 32.104 0.000 0.000 0.000 0.000 0.000 0.000 8.686 2.666 2.638 2.597 3.553 13.492 22.434 21.373 21.306 17.234 13.150 23.052 5.955 0.808 1.575 1.544 11.507 24.467 11.421 0.000 0.000 0.000 0.000 0.000 2.208 0.000
43.211 36.176 37.142 37.111 39.078 23.050 49.057 47.060 39.044 36.010 34.988 50.978 52.977 39.980 0.000 0.000 0.000 45.940 41.941 38.942 31.944 35.946 35.948 35.950 35.955 0.193 3.622 4.642 6.663 74.578 71.355 60.121 59.131 48.166 83.169 83.049 46.792 53.445 48.224 55.032 73.808 48.660 0.000 0.000 0.000 0.000 0.000 0.000 0.000 8.706 2.702 2.683 2.649 3.605 12.550 22.490 21.426 20.359 17.289 22.217 16.135 0.055 1.805 1.663 1.612 11.563 19.532 0.000 0.000 0.000 0.000 0.000 0.000 0.000 0.000
36.273 37.245 37.217 38.185 19.131 0.000 6.084 34.111 37.104 37.084 37.068 35.059 59.055 43.054 0.000 0.000 0.000 22.940 39.940 33.941 34.942 35.944 35.946 35.949 35.952 46.957 0.000 0.000 13.770 66.716 76.630 0.000 80.303 70.534 83.270 45.358 59.006 55.653 45.527 42.334 38.989 23.824 0.000 0.000 0.000 0.000 0.000 0.000 0.000 4.730 2.755 2.741 2.711 2.667 3.612 9.549 17.482 17.413 17.348 21.296 0.000 2.010 1.917 0.778 6.664 23.617 6.567 0.233 0.858 0.000 0.000 0.000 0.000 0.000 36.152
37.336 37.314 37.296 40.283 0.000 0.000 0.000 32.196 37.179 39.153 37.142 36.135 54.131 50.129 0.000 0.000 0.000 0.000 30.939 33.940 35.941 35.942 35.944 35.946 37.949 23.953 0.000 0.000 63.931 66.886 77.821 83.739 77.747 75.760 83.353 66.407 69.114 53.958 46.865 39.793 0.000 0.000 0.000 0.000 0.000 0.000 0.000 0.000 0.000 0.000 5.846 2.816 2.789 2.741 2.682 2.614 2.539 9.464 17.393 5.323 2.246 2.092 1.940 4.810 17.732 17.674 0.000 0.241 1.828 0.000 0.000 16.717 6.713 12.709 0.000
37.398 37.382 37.370 37.367 41.394 42.391 42.363 38.299 38.262 18.209 35.212 36.209 52.205 51.203 0.000 0.000 0.000 0.000 29.938 35.938 35.939 35.940 35.942 35.943 23.946 0.000 0.000 0.000 69.136 75.081 78.000 77.956 77.005 83.461 75.885 78.607 73.298 58.241 48.182 47.179 47.313 0.000 0.000 0.000 0.000 0.685 0.000 0.000 0.000 0.000 20.967 1.936 2.886 2.828 2.761 3.687 2.595 2.513 2.436 2.358 2.273 2.148 0.956 6.822 21.780 0.000 0.527 0.284 0.720 0.000 0.000 18.726 10.718 15.710 0.000
37.461 37.447 37.434 37.425 37.424 37.416 37.400 37.377 41.362 0.000 28.288 37.284 53.279 48.275 0.000 0.000 0.000 0.000 34.937 37.938 37.938 37.939 35.940 38.941 0.000 0.000 0.000 61.545 67.396 78.301 78.184 78.292 76.326 83.669 77.021 81.669 77.561 78.496 66.447 54.428 43.448 38.447 40.447 0.000 0.000 0.132 0.059 6.232 7.237 5.216 11.119 21.075 2.997 3.922 12.848 19.778 1.676 2.555 2.482 2.400 2.312 1.143 5.934 24.853 18.786 7.737 0.366 0.296 0.263 0.208 9.775 10.747 10.726 10.708 8.692
37.524 37.511 37.494 37.476 37.461 40.449 38.444 37.448 41.448 0.000 28.370 37.361 54.351 46.344 0.000 0.000 0.000 0.000 7.937 17.937 16.938 16.938 37.939 22.939 0.000 0.000 0.000 63.693 73.607 78.511 78.468 77.569 84.359 84.037 78.090 78.934 77.792 77.736 78.682 69.639 34.603 0.000 0.000 0.000 0.000 0.040 0.114 0.093 2.263 3.292 2.260 9.195 23.105 6.015 3.932 13.855 1.747 2.615 2.536 2.446 2.309 2.129 9.967 22.869 9.776 21.712 0.000 0.040 0.117 0.396 11.792 10.765 10.736 10.708 9.681
37.592 37.579 37.557 40.523 42.497 14.475 35.481 38.524 40.534 0.544 31.461 36.441 48.420 46.408 0.000 0.000 0.000 0.000 0.000 0.000 0.000 0.000 18.938 0.000 0.000 0.000 12.068 61.928 78.827 78.710 78.827 76.913 84.645 76.681 82.386 78.080 78.033 77.966 77.907 67.842 28.722 0.000 0.000 0.000 0.000 0.000 0.964 1.964 0.000 2.483 3.450 3.340 7.213 23.100 6.010 2.920 2.809 2.690 2.600 2.518 0.335 6.101 25.001 5.879 4.737 18.624 2.507 0.154 0.101 6.874 11.830 10.791 10.749 11.711 13.678
37.665 37.658 39.634 15.562 17.529 0.000 0.000 33.633 37.630 41.628 37.565 40.521 45.481 50.460 0.000 0.000 0.000 0.000 0.000 0.000 0.000 0.000 0.000 0.000 0.000 0.000 71.208 73.126 79.033 78.995 78.118 85.151 84.908 77.745 78.457 78.327 78.257 78.193 77.139 57.099 0.000 0.000 0.000 0.000 0.000 0.000 0.000 0.000 0.000 9.705 6.661 2.574 2.324 4.164 21.087 10.008 1.881 2.738 2.655 1.517 6.280 8.169 7.056 3.910 1.586 1.331 0.931 0.331 0.242 10.905 11.867 13.825 9.761 6.715 8.677
37.746 37.754 42.759 0.000 0.000 4.009 0.000 29.746 38.726 36.698 38.651 50.600 22.524 16.492 0.000 0.000 0.000 0.000 0.000 0.000 0.000 0.000 0.000 0.000 0.000 58.562 63.429 77.335 79.222 79.357 77.459 85.372 77.247 78.919 78.611 78.551 78.475 78.410 70.355 47.317 0.000 0.000 0.000 0.000 0.000 0.000 0.000 0.000 0.000 13.919 8.917 2.920 0.862 3.191 3.168 19.094 11.938 2.795 3.687 1.526 8.323 8.237 5.146 0.000 1.063 0.695 0.450 0.447 10.036 11.957 14.912 6.885 0.000 0.000 0.000
36.829 36.853 39.891 9.975 7.011 39.010 43.971 37.880 35.829 42.787 52.743 55.703 0.000 0.000 0.000 0.000 0.000 0.000 0.000 0.000 0.000 0.000 0.000 0.000 0.000 60.695 68.617 78.526 79.520 78.564 85.777 85.581 78.276 78.978 78.838 78.759 78.686 78.618 60.555 42.498 0.000 0.000 0.000 0.000 0.000 0.000 0.000 0.000 0.000 12.136 10.166 10.210 7.291 0.240 1.747 2.409 17.975 17.816 14.678 11.531 4.388 3.310 0.108 0.074 0.420 0.359 0.854 11.122 11.041 11.981 10.942 1.922 0.000 0.000 0.000
50.909 48.940 45.977 47.023 47.049 44.049 45.023 46.974 46.926 52.879 54.830 12.766 0.000 0.000 0.000 0.000 0.000 0.000 0.000 0.000 0.000 0.000 0.000 0.000 7.040 61.906 78.810 79.724 79.680 78.914 85.957 77.753 79.425 79.111 79.045 78.963 78.890 76.822 58.747 29.623 0.000 0.000 0.000 0.000 0.000 0.000 0.000 0.000 0.000 2.487 6.402 9.434 10.443 9.465 6.372 2.306 0.000 0.000 0.000 0.000 0.000 0.000 0.591 0.032 0.169 0.598 12.130 11.082 12.031 14.989 10.959 7.944 0.000 0.000 0.000
49.986 52.021 54.057 53.091 52.113 50.116 48.100 48.066 49.023 44.974 44.934 0.000 0.000 0.000 0.000 0.000 0.000 0.000 0.000 0.000 0.000 0.000 0.000 48.269 71.175 70.079 78.995 79.892 80.026 78.139 86.124 79.844 79.447 79.322 79.237 79.159 79.090 75.032 54.991 0.000 0.000 0.000 0.000 0.000 0.000 0.000 0.000 0.000 10.073 4.924 1.808 3.680 8.582 10.589 10.575 11.630 2.735 0.000 0.000 0.000 0.000 0.000 1.580 0.010 0.133 13.085 11.077 11.050 11.018 11.988 10.967 10.954 1.949 0.000 0.000
38.062 45.101 54.139 60.172 48.195 42.204 37.195 35.169 34.124 40.062 18.998 0.000 0.000 0.000 0.000 0.000 0.000 0.000 0.000 0.000 0.000 0.000 0.000 54.362 70.312 78.244 80.168 80.146 79.287 86.414 86.276 81.860 79.664 79.502 79.425 79.347 79.279 74.225 49.193 0.000 0.000 0.000 0.000 0.000 0.000 0.000 0.000 10.340 5.222 5.118 5.056 3.959 0.911 5.735 9.710 10.777 7.840 0.000 0.000 0.000 0.000 0.000 0.000 0.004 7.051 11.055 11.047 11.028 11.005 10.985 10.969 10.961 0.000 0.000 0.000
40.139 45.183 47.226 50.264 40.293 36.309 37.309 37.289 39.245 17.153 0.000 0.000 0.000 0.000 0.000 0.000 0.000 0.000 0.000 0.000 0.000 0.000 0.000 40.506 69.469 79.414 80.328 80.471 78.596 86.540 79.408 81.079 79.759 79.693 79.604 79.525 79.455 70.398 43.363 0.000 0.000 0.000 0.000 0.000 0.000 0.000 9.567 5.458 5.357 5.270 5.205 5.156 5.164 2.106 1.046 3.929 11.007 11.094 0.000 0.000 0.000 0.000 0.000 0.004 11.045 10.043 10.033 11.013 10.996 10.981 10.970 9.963 0.000 0.000 0.000
38.217 39.268 37.318 36.365 37.404 36.432 36.443 36.435 41.414 0.000 0.000 0.000 0.000 0.000 0.000 0.000 0.000 0.000 0.000 0.000 0.000 0.000 0.000 48.688 77.645 80.587 80.577 79.726 86.767 86.658 82.403 80.103 79.958 79.867 79.779 79.695 80.617 60.548 48.500 0.000 0.000 9.189 0.000 8.954 10.903 10.812 5.676 5.569 5.477 5.399 5.338 5.295 5.276 5.266 4.269 1.202 10.166 11.181 4.181 0.000 0.000 0.000 0.000 0.000 0.000 0.000 0.000 1.999 7.990 9.978 9.969 7.964 0.000 0.000 0.000
37.296 37.355 37.415 36.473 36.527 36.572 36.598 35.596 43.561 0.000 0.000 0.000 0.000 0.000 0.000 0.000 0.000 0.000 0.000 0.000 0.000 0.000 33.043 68.912 79.837 80.748 80.910 79.024 86.862 79.855 81.528 80.212 80.137 80.041 79.949 79.859 80.770 52.677 30.588 0.000 0.000 5.189 0.000 4.005 5.944 5.857 5.757 5.665 5.584 5.513 5.454 5.409 5.380 5.359 3.347 5.335 11.292 8.283 0.000 0.000 0.000 0.000 0.000 0.000 0.000 0.000 0.000 0.000 0.000 0.000 0.000 0.000 0.000 0.000 0.000
35.374 35.442 35.513 35.587 35.661 36.730 38.782 40.789 15.675 0.000 0.000 0.000 0.000 0.000 0.000 0.000 0.000 0.000 0.000 0.000 0.000 3.265 44.174 75.084 81.004 81.019 80.071 87.024 86.949 82.844 80.551 80.402 80.307 80.212 80.117 80.024 75.928 22.802 0.000 0.000 0.000 5.190 11.190 6.115 6.013 5.915 5.829 5.751 5.679 5.614 5.556 5.509 5.473 5.446 2.425 11.406 11.385 7.376 0.000 0.000 0.000 0.000 0.000 0.000 0.000 0.000 0.000 0.000 0.000 0.000 0.000 0.000 0.000 0.000 0.000
39.449 43.527 46.611 50.702 52.800 55.905 55.012 47.103 0.000 0.000 21.623 0.000 0.000 0.000 0.000 0.000 0.000 30.590 57.596 0.000 0.000 37.357 70.304 80.238 81.176 81.141 80.393 87.087 79.281 80.969 80.653 80.577 80.478 80.382 80.285 81.190 68.115 0.000 0.000 0.000 0.000 0.000 5.265 6.255 8.076 7.961 5.892 5.832 5.769 5.706 5.648 5.599 5.558 2.526 7.501 10.480 11.464 2.460 0.000 0.000 0.000 0.000 0.000 0.000 0.000 0.000 0.000 0.000 0.000 0.000 0.000 0.000 0.000 0.000 0.000
44.520 53.605 54.701 53.809 52.933 52.079 49.259 43.510 18.969 36.333 54.624 23.836 7.949 0.000 0.000 0.000 1.556 40.583 54.604 0.000 12.579 54.502 79.446 82.397 81.292 81.549 79.557 87.137 81.268 80.985 80.837 80.744 80.649 80.553 80.452 82.338 26.226 0.000 0.000 0.000 0.000 0.000 1.593 7.562 0.000 0.000 4.947 5.917 5.859 5.793 5.732 5.679 4.635 2.600 11.572 11.551 8.532 2.541 8.572 0.000 0.000 0.000 0.000 0.000 0.000 0.000 0.000 0.000 0.000 0.000 0.000 0.000 0.000 0.000 0.000
41.583 44.675 43.780 41.902 40.045 38.218 36.434 36.711 46.064 48.406 45.705 42.934 47.063 0.000 0.000 0.000 41.529 71.578 22.632 18.672 52.656 76.624 81.592 81.528 81.712 79.719 87.201 79.674 81.394 81.081 81.009 80.913 80.821 80.730 83.631 40.485 0.000 0.000 0.000 0.000 0.000 0.000 3.904 8.844 0.000 0.000 2.077 6.032 5.955 5.877 5.808 5.750 2.703 10.666 11.638 10.617 1.606 5.599 5.603 0.000 0.000 0.000 0.000 0.000 0.000 0.000 0.000 0.000 0.000 0.000 0.000 0.000 0.000 0.000 0.000
38.637 37.733 37.844 38.974 39.128 39.317 37.549 38.835 44.172 47.523 43.855 39.134 42.307 0.000 0.000 0.000 33.457 43.570 21.674 54.729 69.750 78.750 81.738 81.758 80.928 87.601 87.342 80.672 81.404 81.262 81.173 81.082 80.994 80.914 83.859 0.000 0.000 0.000 8.202 0.000 0.000 5.078 8.077 7.065 14.113 0.000 2.297 6.177 6.053 5.952 5.872 3.811 5.762 11.724 11.695 3.674 4.663 5.647 5.637 0.000 0.000 0.000 0.000 0.000 0.000 0.000 0.000 0.000 0.000 0.000 0.000 0.000 0.000 0.000 0.000
38.680 38.776 38.889 39.021 39.179 38.372 37.611 41.908 46.266 46.658 42.061 38.441 43.723 0.000 0.000 0.000 29.273 0.000 45.766 69.820 75.863 81.895 81.856 82.163 80.229 87.829 80.099 81.814 81.501 81.431 81.338 81.248 81.158 88.072 72.032 0.000 0.000 45.203 31.202 0.000 0.000 0.201 8.261 7.226 7.162 13.000 10.691 9.351 6.130 6.004 5.920 2.858 10.811 11.773 7.743 2.722 5.706 5.689 7.663 11.663 0.000 0.000 0.000 0.000 0.000 0.000 0.000 0.000 0.000 0.000 0.000 0.000 0.000 0.000 0.000
38.711 38.805 38.914 39.042 38.195 37.381 39.615 43.921 47.327 43.784 39.289 38.847 42.422 25.253 12.875 14.418 11.090 12.578 52.805 73.922 79.999 82.025 82.285 80.384 88.221 88.035 81.116 81.831 81.684 81.594 81.502 81.413 86.318 29.185 44.166 14.195 45.202 53.204 0.000 0.000 0.000 0.000 8.481 7.415 7.309 17.148 27.947 1.505 11.114 7.013 3.945 5.893 11.850 10.815 1.788 4.766 5.750 5.740 0.000 0.000 0.000 0.000 0.000 0.000 0.000 0.000 0.000 0.000 0.000 0.000 0.000 0.000 0.000 0.000 0.000
38.730 38.819 38.922 39.040 37.179 37.343 41.548 48.833 50.339 46.862 42.463 41.239 41.863 44.464 44.955 54.288 0.000 30.840 68.954 76.065 82.155 82.265 81.523 88.551 88.392 81.485 82.265 81.927 81.852 81.756 81.666 81.583 89.518 0.000 27.250 29.218 19.209 21.206 0.000 0.000 0.000 2.949 8.768 7.645 13.511 29.336 6.142 0.000 0.000 4.988 2.956 10.917 11.880 7.848 4.823 5.802 5.788 7.781 0.000 0.000 0.000 0.000 0.000 0.000 0.000 0.000 0.000 0.000 0.000 0.000 0.000 0.000 0.000 0.000 0.000
38.738 38.820 38.914 38.019 37.136 39.266 46.402 23.525 0.198 0.000 0.000 28.783 46.327 41.785 45.193 26.493 0.000 35.989 74.106 80.236 82.295 82.691 80.843 88.698 81.831 82.607 82.175 82.115 82.009 81.914 81.823 82.736 80.652 2.534 2.404 0.000 0.000 0.000 0.000 0.000 2.283 10.128 8.001 6.884 26.753 30.545 0.000 0.000 0.000 1.006 6.973 11.940 11.906 1.876 5.852 5.833 5.821 8.814 0.000 0.000 0.000 0.000 0.000 0.000 0.000 0.000 0.000 0.000 0.000 0.000 0.000 0.000 0.000 0.000 0.000
38.737 38.812 37.895 36.986 39.083 42.181 50.272 9.335 0.000 0.000 0.000 0.000 28.879 44.157 45.539 31.998 34.623 61.020 78.253 82.394 82.753 80.942 88.957 88.834 82.822 82.517 82.368 82.263 82.164 82.068 81.975 84.887 69.819 0.000 0.000 0.000 0.000 0.000 0.000 0.000 2.412 9.325 8.225 6.138 34.074 0.000 0.000 0.000 7.131 12.073 12.010 11.965 9.929 4.899 5.875 5.858 5.847 7.842 0.000 11.872 0.000 0.000 0.000 0.000 0.000 0.000 0.000 0.000 0.000 0.000 0.000 0.000 0.000 0.000 0.000
38.728 38.796 37.870 36.948 41.028 45.105 49.170 7.209 0.000 0.000 0.000 0.000 9.153 52.427 47.808 54.338 67.851 77.217 81.460 82.689 82.027 89.174 89.069 82.175 82.949 82.605 82.520 82.414 82.315 82.219 86.123 49.019 20.919 0.000 0.000 0.000 0.000 0.000 0.000 4.884 9.702 8.535 10.437 7.369 31.330 0.000 0.000 2.383 9.190 25.097 14.030 10.981 6.944 4.915 4.893 5.877 5.867 5.864 10.871 6.872 0.000 0.000 0.000 0.000 0.000 0.000 0.000 0.000 0.000 0.000 0.000 0.000 0.000 0.000 0.000
38.715 38.776 36.840 38.908 44.977 46.043 44.094 31.123 0.000 0.000 0.000 0.000 0.000 5.589 2.076 42.696 74.225 78.537 82.723 83.093 81.390 89.270 81.504 83.282 82.845 82.777 84.663 83.560 82.463 82.371 88.277 11.148 0.000 0.000 0.000 0.000 0.000 0.000 25.224 25.066 12.881 9.677 20.616 15.573 16.548 0.000 0.000 1.435 5.213 16.096 12.032 15.986 9.952 12.925 11.905 8.890 5.881 4.876 4.876 10.874 0.000 0.000 0.000 0.000 0.000 0.000 0.000 0.000 0.000 0.000 0.000 0.000 0.000 0.000 0.000
