results3/res_3e8f-0124.wd
ncols         241
nrows         181
xllcorner     12693529.787448
yllcorner     3542525.717860
cellsize      155.156523
NODATA_value  -9999.000000
[rows 99 to 131 of 181, columns 73 to 145 of 241]
57.909 57.888 57.868 56.846 56.825 61.802 64.780 61.759 57.744 57.736 51.737 7.742 0.000 0.000 0.000 0.000 0.000 13.193 71.206 96.178 94.179 93.342 100.024 99.952 93.057 93.754 93.602 93.494 94.391 94.293 93.205 97.131 56.078 0.000 0.000 0.000 0.000 0.000 0.000 28.477 54.397 66.237 33.967 15.811 45.761 48.695 46.614 50.499 47.255 44.854 14.485 39.225 43.091 58.002 63.937 66.889 64.853 59.827 52.811 47.801 42.796 20.788 0.000 0.000 0.000 0.000 15.119 33.118 45.118 69.118 70.117 70.117 70.117
57.949 57.930 56.910 54.889 58.866 63.842 64.816 64.786 58.765 55.752 60.747 60.746 21.747 0.000 15.963 45.913 22.806 2.585 59.451 99.327 94.578 94.596 100.084 92.373 94.162 93.816 93.730 93.619 93.515 93.416 95.329 94.260 30.215 0.000 0.000 0.000 0.000 0.000 0.000 32.657 38.596 49.527 0.000 0.000 40.923 48.865 47.771 51.632 51.412 22.133 0.000 34.123 48.062 52.995 73.941 74.900 74.868 75.845 76.829 74.819 55.815 0.000 0.000 0.000 0.000 0.000 0.000 32.116 45.115 69.115 70.114 70.114 70.113
57.991 56.973 56.954 59.932 62.909 63.884 38.854 2.806 31.776 67.759 40.752 14.749 6.748 0.000 27.013 76.969 73.881 65.758 84.618 95.761 92.744 100.168 93.658 94.464 94.031 93.966 93.850 93.741 93.632 94.526 92.436 80.365 27.307 0.307 0.000 0.000 0.000 0.000 36.051 42.897 40.804 41.749 14.780 0.000 47.143 65.072 57.975 52.845 27.628 0.000 0.000 17.081 7.039 46.975 71.933 75.900 73.875 73.855 73.841 75.832 48.829 42.833 42.834 48.835 0.000 0.000 0.000 9.114 44.113 69.112 70.111 70.111 70.110
57.034 56.018 60.999 63.978 63.954 63.930 28.912 0.000 0.000 10.757 1.755 0.000 0.000 0.000 20.108 83.067 88.994 96.901 96.850 93.969 100.516 100.301 93.628 94.339 94.190 94.082 93.974 93.863 93.746 99.620 49.522 17.459 1.389 0.000 0.575 3.576 0.000 27.339 45.205 41.077 40.972 39.886 45.810 11.672 40.434 66.305 65.211 63.144 0.000 0.000 0.000 0.000 0.000 44.932 73.915 77.895 74.876 73.860 71.848 60.840 41.836 37.836 38.836 22.835 0.000 0.000 0.000 0.000 40.109 69.109 70.108 70.108 66.107
56.080 62.066 64.048 64.026 61.999 67.970 37.952 0.000 0.000 0.000 0.000 0.000 0.000 0.000 31.245 89.196 92.133 96.005 95.236 95.244 100.708 93.019 94.724 94.399 94.313 94.204 94.098 97.991 103.870 58.687 27.572 2.524 0.000 0.000 0.000 0.578 28.581 51.472 45.355 38.235 43.121 47.013 43.903 41.771 55.618 59.502 49.421 57.376 0.000 0.000 0.000 0.000 0.000 50.908 74.899 79.887 78.874 74.861 69.851 38.844 36.840 37.838 44.838 0.000 0.000 0.000 0.000 34.106 38.106 67.106 70.106 70.105 64.104
63.129 64.118 64.101 63.078 41.048 6.997 25.974 27.974 0.000 0.000 0.000 0.000 0.000 22.549 75.429 89.350 92.252 94.407 95.413 101.047 100.885 93.998 94.699 94.537 94.431 94.325 98.224 60.133 20.055 0.000 37.554 23.541 0.000 0.000 0.000 0.000 36.691 70.614 61.506 56.387 51.265 52.143 50.019 50.890 63.765 57.665 41.596 43.563 0.000 0.000 0.000 0.000 0.000 50.892 78.888 43.882 41.872 73.859 76.851 46.846 37.842 42.840 12.839 0.000 0.000 0.000 0.000 7.105 34.105 52.104 68.104 71.103 64.102
64.183 64.175 60.159 64.136 46.118 0.000 16.974 46.974 0.000 0.000 0.000 0.000 12.766 74.669 88.575 94.494 94.463 94.602 101.337 101.196 93.330 95.104 94.753 94.662 94.548 94.440 98.341 70.263 2.222 0.000 7.550 10.546 0.000 0.000 0.000 0.000 23.877 55.788 60.669 70.541 66.409 54.275 57.139 66.007 60.888 48.795 40.735 41.717 15.767 16.779 0.000 0.000 0.000 48.880 82.878 0.000 0.000 22.853 69.849 59.845 40.843 19.841 0.000 0.000 0.000 0.000 0.000 0.000 7.104 31.102 57.102 67.101 60.100
62.244 59.241 58.224 74.191 53.170 0.000 15.974 43.974 0.000 0.000 0.000 6.935 70.863 83.785 93.713 96.591 95.834 93.861 101.467 92.644 94.417 90.974 92.900 94.777 94.662 95.547 89.437 79.355 27.288 0.000 0.000 0.000 0.000 0.000 0.000 11.381 46.154 50.990 50.842 52.699 61.555 64.408 67.256 61.110 47.986 41.892 40.832 39.804 43.804 28.791 0.000 0.000 0.000 37.869 74.866 40.859 29.854 21.851 64.847 70.844 50.842 0.000 0.000 1.835 0.000 0.000 0.000 0.000 0.000 26.100 50.100 55.099 42.099
56.312 65.320 61.306 2.233 3.201 0.000 6.974 6.974 0.000 0.000 0.000 8.007 86.964 88.906 96.816 95.980 94.999 101.697 101.587 94.605 94.291 94.131 94.012 92.894 93.774 95.649 52.505 3.430 0.000 0.000 0.000 0.000 0.000 15.106 31.915 46.607 57.368 54.176 53.011 49.858 50.706 53.546 65.366 66.193 58.052 46.957 39.896 39.864 41.854 0.000 0.000 0.000 0.000 22.862 64.860 42.856 38.853 38.850 70.845 73.842 56.840 19.837 9.836 52.836 0.000 0.000 0.000 0.000 0.000 29.099 53.098 48.098 34.098
57.386 67.420 54.447 0.000 0.000 0.000 3.974 15.974 0.000 0.000 0.000 74.123 84.082 96.025 96.019 95.160 101.893 101.798 93.922 95.695 95.345 95.250 95.130 95.011 96.892 46.770 0.000 0.000 0.000 0.000 0.000 4.810 30.613 47.296 60.033 55.766 54.534 54.337 54.167 55.014 52.867 51.703 25.468 44.245 69.074 50.985 38.933 41.904 39.892 27.899 0.000 0.000 0.000 23.858 56.854 34.852 0.000 0.000 26.841 63.839 52.838 61.836 68.835 27.835 0.000 0.000 0.000 0.000 0.000 4.098 44.097 42.097 35.096
55.459 59.527 58.616 34.750 0.000 0.000 0.000 1.973 4.973 0.000 27.378 87.280 94.216 96.135 96.292 94.412 101.980 94.214 95.993 95.557 95.487 95.365 96.248 97.130 59.011 0.000 0.000 0.000 0.000 0.000 7.273 50.007 60.733 56.434 55.153 54.892 54.664 54.470 54.307 54.166 54.043 62.933 1.740 0.000 37.012 45.978 37.947 46.925 46.913 28.906 0.000 0.000 0.000 0.000 40.847 77.846 45.842 0.000 19.838 64.837 58.836 49.835 49.834 0.000 0.000 0.000 0.000 0.000 0.000 0.000 23.095 34.095 35.095
67.515 5.612 61.741 59.884 49.062 8.181 0.000 0.000 0.000 18.546 77.477 91.404 97.340 96.322 95.473 102.128 102.058 95.164 95.861 95.708 95.596 96.484 98.367 59.248 0.000 0.000 0.000 0.000 6.083 36.900 47.539 59.211 55.880 55.555 52.253 51.984 51.759 52.574 54.423 54.301 57.205 34.143 0.000 0.000 16.985 41.969 40.951 58.937 54.929 0.000 0.000 0.000 0.000 0.000 24.842 69.841 81.839 38.837 64.836 78.835 70.834 46.833 39.832 11.831 0.000 0.000 0.000 0.000 0.000 0.000 29.094 35.094 39.094
49.546 2.664 63.851 53.982 61.121 53.300 14.598 2.490 11.615 78.616 87.576 97.529 96.412 96.675 94.699 102.188 94.456 96.247 95.906 95.821 96.711 97.608 51.488 0.000 0.000 0.000 0.000 0.000 49.267 60.077 57.773 56.417 58.020 57.652 63.321 68.033 62.814 55.645 49.512 53.409 59.334 17.292 0.000 0.000 12.973 44.962 45.951 67.943 55.938 0.000 0.000 0.000 0.000 0.000 12.839 64.838 73.837 78.835 74.834 74.834 78.833 62.832 41.831 42.829 11.828 4.827 0.000 0.000 0.000 31.093 36.093 34.093 39.093
0.000 0.000 32.002 83.072 46.141 0.000 0.000 16.724 76.736 81.725 95.699 96.602 96.876 94.801 102.273 94.717 96.525 96.100 96.040 96.928 93.821 48.751 0.000 0.000 0.000 0.000 5.187 51.999 59.641 57.368 57.060 60.665 35.132 13.710 16.348 33.012 58.819 60.679 61.571 53.488 54.430 15.400 0.000 0.000 0.000 25.954 43.949 50.945 49.942 0.000 0.000 0.000 0.000 0.000 12.836 55.835 68.834 73.834 74.833 75.832 71.832 67.831 52.830 40.828 44.827 50.827 0.000 0.000 0.000 0.000 34.092 35.092 37.091
0.000 0.000 9.083 84.164 71.229 0.000 0.000 23.889 84.879 92.860 96.803 97.991 98.020 102.595 102.398 95.669 96.383 96.243 96.144 91.039 80.894 31.822 0.000 0.000 4.715 40.599 49.375 61.170 57.928 57.695 61.435 39.050 0.000 0.000 0.000 18.850 56.770 53.682 57.604 63.542 63.499 41.477 0.000 0.000 0.000 7.951 45.948 39.945 46.944 0.000 0.000 0.000 0.000 0.000 17.833 42.833 59.832 73.832 68.831 61.831 63.831 24.830 49.829 58.827 51.826 47.826 0.000 0.000 0.000 0.000 0.000 29.091 34.091
0.000 0.000 0.000 12.273 61.381 1.934 12.110 78.064 90.033 97.002 97.009 97.178 102.952 102.778 94.960 96.757 96.422 96.349 89.259 55.190 0.000 0.000 0.000 12.939 58.831 52.706 60.545 58.378 58.206 59.051 36.934 0.000 0.000 0.000 0.000 17.768 59.729 53.676 53.622 55.577 59.546 61.534 13.548 0.000 0.000 0.000 26.946 45.945 20.944 0.000 0.000 0.000 0.000 0.000 10.831 38.831 49.831 56.830 48.830 45.830 10.830 0.000 0.000 42.826 46.825 55.825 0.000 0.000 0.000 0.000 0.000 23.090 34.090
0.000 0.000 0.000 0.000 0.129 12.273 81.257 86.222 97.192 97.110 98.383 98.447 103.115 95.262 97.040 96.607 96.545 86.442 75.354 39.272 0.000 0.000 0.000 53.047 74.963 59.851 51.721 59.590 57.467 60.369 30.316 0.000 0.000 0.000 13.722 48.726 55.703 54.669 54.632 51.599 47.575 49.563 11.563 0.000 0.000 0.000 7.945 52.945 0.944 0.000 0.000 0.000 0.000 0.000 10.830 40.830 39.829 38.829 36.828 42.828 0.000 0.000 0.000 17.825 40.824 58.823 2.823 0.000 0.000 0.000 0.000 0.000 27.089
0.000 0.000 0.000 0.000 0.000 84.451 83.421 97.384 97.322 98.511 98.573 103.413 103.268 96.217 97.900 95.742 81.626 70.531 44.442 0.000 0.000 0.000 47.385 65.240 65.125 72.012 59.900 49.793 55.703 65.644 68.644 31.765 0.000 0.000 12.718 60.709 54.690 54.665 53.637 49.611 43.592 44.581 10.577 0.000 0.000 0.000 0.000 25.944 33.944 0.000 0.000 0.000 0.000 0.000 18.829 42.828 36.828 37.827 37.827 39.827 22.826 0.000 0.000 0.000 27.823 48.822 26.822 0.821 0.000 0.000 0.000 0.000 22.089
0.000 0.000 0.000 0.000 23.771 84.659 96.594 97.543 98.541 100.716 103.683 103.550 95.527 97.290 93.940 82.839 71.691 43.611 0.000 0.000 0.000 49.667 70.531 56.401 48.284 62.174 74.072 61.981 64.907 65.860 52.851 58.887 37.922 0.484 20.723 52.703 48.684 55.663 50.639 42.618 41.602 45.592 7.588 0.000 0.000 0.000 0.000 12.944 52.943 0.000 0.000 0.000 0.000 0.000 0.000 24.827 39.827 37.826 37.826 37.826 45.825 0.000 0.000 0.000 0.000 29.821 40.821 46.821 0.000 0.000 0.000 0.000 0.000
0.000 0.000 0.000 0.000 66.883 92.818 98.760 97.657 97.917 95.988 103.810 95.813 97.576 92.143 81.073 55.952 0.000 0.000 0.000 0.000 49.932 70.802 57.673 46.549 46.435 48.329 59.234 74.151 65.084 50.038 58.015 60.007 33.998 0.000 17.709 77.695 64.681 53.664 47.640 43.618 40.605 41.598 35.594 0.000 0.000 0.000 0.000 0.000 31.943 3.943 0.000 0.000 0.000 0.000 0.000 4.826 41.825 37.825 37.825 37.825 39.824 23.824 0.000 0.000 0.000 10.821 37.820 40.820 0.000 0.000 0.000 0.000 0.000
0.000 0.000 0.000 70.179 67.060 72.979 87.887 99.055 96.111 104.048 103.932 96.746 92.431 81.283 60.175 0.000 0.000 31.661 0.000 2.235 75.063 57.936 46.809 47.689 46.576 49.474 63.383 72.305 73.242 57.195 53.161 64.130 38.065 0.000 0.000 8.687 21.680 3.672 0.000 13.609 44.604 51.600 52.598 38.598 0.000 0.000 0.000 0.000 0.000 0.000 0.000 0.000 0.000 0.000 0.000 5.825 41.825 40.825 43.824 38.824 35.824 44.823 0.000 0.000 0.000 17.820 51.820 56.820 0.000 0.000 0.000 0.000 0.000
0.000 0.000 9.397 71.298 68.202 69.121 79.094 95.255 104.269 104.159 96.028 92.792 80.461 54.384 0.000 0.000 48.716 47.661 29.551 13.377 63.210 47.070 47.940 46.820 47.708 62.608 68.519 32.443 23.383 75.337 61.306 39.287 0.219 0.000 0.000 0.000 0.000 0.000 0.000 10.605 62.602 56.600 53.598 49.598 4.598 0.000 0.000 0.000 0.000 0.000 0.000 0.000 0.000 0.000 0.000 29.824 38.824 13.824 0.000 13.823 38.823 42.823 0.000 0.000 0.000 19.820 55.820 24.820 0.000 0.000 0.000 0.000 0.000
0.000 84.577 72.496 69.412 67.335 68.212 69.453 73.514 104.374 95.272 91.031 80.620 54.576 0.000 0.000 0.000 52.771 50.717 70.616 54.478 47.332 48.193 47.063 49.941 69.830 66.730 47.642 43.568 48.509 76.465 73.438 37.428 0.000 0.000 0.000 0.000 0.000 0.000 0.000 10.603 69.601 69.600 64.598 55.598 0.597 0.000 0.000 0.000 0.000 0.000 0.000 0.000 0.000 0.000 2.823 41.823 43.823 0.000 0.000 0.000 41.822 42.822 0.000 0.000 0.000 0.000 26.820 0.000 0.000 0.000 0.000 0.000 0.000
0.782 82.658 96.598 88.527 73.430 74.586 66.632 104.573 104.475 74.154 78.831 54.728 0.000 0.000 0.000 0.000 54.879 67.820 65.717 47.587 47.447 47.308 58.176 70.053 58.940 47.839 47.751 47.678 48.619 57.577 75.554 71.557 32.608 0.000 0.000 0.000 0.000 0.000 0.000 0.000 55.600 57.599 69.598 70.597 26.597 0.000 0.000 0.000 0.000 0.000 0.000 0.000 0.000 0.000 33.823 43.823 20.823 0.000 0.000 2.821 42.822 40.822 0.000 0.000 0.000 0.000 0.000 0.000 0.000 0.000 0.000 0.000 0.000
18.870 95.784 98.712 98.640 93.612 83.765 104.763 104.668 66.302 61.090 0.000 0.000 0.000 0.000 0.000 0.000 66.048 70.966 46.847 48.707 48.561 60.417 69.280 51.154 48.039 47.936 47.847 47.772 47.713 47.670 56.645 76.640 69.659 43.688 34.699 38.702 7.703 0.000 0.000 0.000 0.000 35.598 75.597 75.597 36.597 0.000 0.000 0.000 0.000 0.000 0.000 0.000 0.000 0.000 22.823 21.823 0.000 0.000 0.000 0.000 22.821 49.821 0.000 0.000 0.000 0.000 0.000 0.000 0.000 0.000 0.000 0.000 0.000
88.971 98.896 98.830 98.714 102.954 94.010 104.856 66.380 69.059 63.801 0.000 0.000 0.000 0.000 0.000 59.473 71.297 48.151 48.996 48.834 56.672 69.518 47.374 48.243 48.125 48.020 47.928 47.851 47.790 47.744 47.714 51.700 52.699 47.705 48.708 55.705 37.704 0.000 0.000 0.000 0.000 0.000 30.597 66.596 29.596 0.000 0.000 0.000 0.000 0.000 0.000 0.000 0.000 0.000 0.000 0.000 0.000 0.000 0.000 0.000 0.000 1.821 0.000 0.000 0.000 0.000 0.000 0.000 0.000 0.000 0.000 0.000 0.000
95.071 95.007 98.916 100.076 97.120 105.035 104.945 71.007 55.397 0.676 3.676 0.675 0.000 0.000 0.000 76.648 53.518 49.344 49.153 50.960 71.777 51.608 48.456 48.321 48.199 48.089 47.994 47.915 47.852 47.804 47.769 46.746 45.732 48.726 30.724 0.000 0.000 0.000 0.000 0.000 0.000 0.000 0.000 59.596 47.596 14.595 0.000 0.000 0.000 0.000 0.000 0.000 0.000 0.000 0.000 0.000 0.000 0.000 0.000 0.000 0.000 0.000 0.000 0.000 0.000 0.000 0.000 0.000 0.000 0.000 0.000 0.000 0.000
74.184 74.116 78.092 74.246 105.210 105.123 82.555 63.685 54.505 0.000 0.000 0.675 0.000 0.000 0.000 51.954 47.782 47.555 46.311 59.077 51.866 45.681 46.522 46.384 46.260 46.145 47.045 47.963 47.899 47.850 46.812 44.782 46.758 46.744 43.737 33.737 36.736 38.734 37.732 39.731 10.731 0.000 0.000 0.000 56.595 28.595 0.000 0.000 0.000 0.000 0.000 0.000 0.000 0.000 0.000 0.000 0.000 0.000 0.000 0.000 0.000 0.000 0.000 0.000 0.000 0.000 0.000 0.000 0.000 0.000 0.000 0.000 0.000
89.299 111.185 76.430 106.486 105.295 65.150 55.723 0.000 69.711 27.989 0.000 0.000 0.000 0.000 95.845 74.432 45.100 52.784 63.458 62.171 57.931 55.727 55.568 55.435 54.311 48.186 44.077 47.994 47.932 47.885 46.846 46.812 50.774 50.754 51.743 61.739 61.736 57.734 50.732 49.731 28.730 0.000 0.000 0.000 15.595 21.595 0.000 0.000 0.000 0.000 0.000 0.000 0.000 0.000 0.000 0.000 0.000 0.000 0.000 0.000 0.000 0.000 0.000 0.000 0.000 0.000 0.000 0.000 0.000 0.000 0.000 0.000 0.000
137.380 115.975 114.019 105.454 105.377 93.244 0.000 36.618 64.618 138.269 113.808 0.404 43.334 32.795 94.257 53.831 51.403 123.024 113.567 109.219 108.959 107.729 106.588 105.475 104.365 75.211 42.083 48.005 47.950 47.910 47.878 39.845 0.000 0.000 0.000 0.000 0.000 0.000 14.731 66.730 45.729 16.728 0.000 0.000 0.000 0.000 0.000 0.000 0.000 0.000 0.000 0.000 0.000 0.000 0.000 0.000 0.000 0.000 0.000 0.000 0.000 0.000 0.000 0.000 0.000 0.000 0.000 0.000 0.000 0.000 0.000 0.000 0.000
95.550 115.135 105.597 105.527 89.786 0.000 0.000 0.000 7.875 59.660 47.379 0.000 24.841 0.000 53.559 50.229 59.658 115.341 0.000 1.029 0.000 51.641 60.579 121.513 34.462 0.000 52.037 47.992 47.955 48.927 30.910 0.000 0.000 0.000 0.000 0.000 0.000 0.000 0.000 19.729 66.728 22.728 0.000 0.000 0.000 0.000 0.000 0.000 0.000 0.000 0.000 0.000 0.000 0.000 0.000 0.000 0.000 0.000 0.000 0.000 0.000 0.000 0.000 0.000 0.000 0.000 0.000 0.000 0.000 0.000 0.000 0.000 0.000
116.308 114.360 105.663 114.280 116.127 36.415 0.000 15.346 42.346 52.117 28.668 5.508 46.349 91.813 90.189 82.871 0.000 34.340 0.000 12.698 34.656 62.615 107.575 70.536 35.509 0.000 0.000 53.971 47.950 48.934 29.925 0.000 0.000 0.000 0.000 0.000 0.000 0.000 0.000 0.000 13.727 52.727 17.726 0.000 0.000 0.000 0.000 0.000 0.000 0.000 0.000 0.000 0.000 0.000 0.000 0.000 0.000 0.000 0.000 0.000 0.000 0.000 0.000 0.000 0.000 0.000 0.000 0.000 0.000 0.000 0.000 0.000 0.000
114.443 105.781 105.724 94.788 37.552 0.000 0.000 0.000 4.048 30.795 0.000 0.000 39.233 82.901 136.516 72.193 0.000 0.000 0.000 0.000 0.000 76.587 111.570 41.548 38.529 0.000 0.000 0.000 52.941 46.935 44.931 42.932 30.932 0.000 0.000 0.000 0.000 0.000 0.000 0.000 8.726 66.726 24.726 0.000 0.000 0.000 0.000 0.000 0.000 0.000 0.000 0.000 0.000 0.000 0.000 0.000 0.000 0.000 0.000 0.000 0.000 0.000 0.000 0.000 0.000 0.000 0.000 0.000 0.000 0.000 0.000 0.000 0.000
