results3/res_3e8f-0171.wd
ncols         241
nrows         181
xllcorner     12693529.787448
yllcorner     3542525.717860
cellsize      155.156523
NODATA_value  -9999.000000
[rows 33 to 65 of 181, columns 73 to 145 of 241]
0.000 0.000 0.000 0.000 0.000 0.000 0.000 0.000 0.000 0.000 0.000 0.000 0.000 0.000 0.000 0.000 0.000 0.000 0.000 0.000 0.000 0.000 0.000 0.000 0.000 0.000 0.000 0.000 0.000 0.000 0.000 0.000 0.000 0.000 0.000 0.000 0.000 0.000 0.000 39.493 62.494 67.495 23.498 0.000 0.000 32.575 46.603 13.582 4.583 36.604 39.620 33.618 34.599 35.563 35.510 35.439 35.347 34.232 40.080 59.844 6.364 14.487 11.772 46.937 63.397 67.925 66.485 67.087 65.623 67.710 62.766 62.373 62.364
0.000 0.000 0.000 0.000 0.000 0.000 0.000 0.000 0.000 0.000 0.000 0.000 0.000 0.000 0.000 0.000 0.000 0.000 0.000 0.000 0.000 0.000 0.000 0.000 0.000 0.000 0.000 0.000 0.000 0.000 0.000 0.000 0.000 0.000 0.000 0.000 0.000 0.000 0.000 0.000 14.494 9.495 0.000 0.000 0.000 0.000 28.694 0.000 0.000 26.645 50.686 49.690 39.673 35.637 35.581 35.503 35.404 34.286 56.153 53.999 0.000 37.325 49.893 63.323 67.805 67.328 66.899 66.407 67.467 63.486 62.783 63.036 65.339
0.000 0.000 0.000 0.000 0.000 0.000 0.000 0.000 0.000 0.000 0.000 0.000 0.000 0.000 0.000 0.000 0.000 0.000 34.977 66.977 19.977 0.000 0.000 0.000 0.000 0.000 0.000 0.000 0.000 0.000 0.000 0.000 0.000 0.000 0.000 0.000 0.000 0.000 0.000 0.000 0.000 0.000 0.000 0.000 0.000 0.000 20.786 0.000 0.000 0.000 28.789 46.784 46.766 37.731 35.673 35.588 33.480 49.356 58.247 0.000 22.983 47.595 62.152 68.658 68.167 67.713 67.194 69.227 65.214 63.320 63.718 66.044 65.289
0.000 0.000 0.000 0.000 0.000 0.000 0.000 0.000 0.000 0.000 0.000 21.979 59.979 0.000 0.000 0.000 0.000 0.000 41.977 92.977 48.977 0.000 0.000 0.000 0.000 0.000 0.000 0.000 0.000 0.000 0.000 0.000 0.000 0.000 0.000 0.000 0.000 0.000 0.000 0.000 0.000 0.000 0.000 0.000 0.000 0.000 23.877 24.918 31.936 17.934 27.898 35.889 48.878 39.849 35.791 32.698 43.571 53.413 42.232 17.898 47.372 64.919 69.462 68.985 68.523 67.984 67.990 66.952 63.968 64.415 66.754 66.006 65.773
0.000 0.000 0.000 0.000 0.000 0.000 0.000 0.000 0.000 0.000 0.000 42.979 77.979 66.979 53.979 8.979 2.978 26.978 80.977 88.977 53.977 0.000 0.000 0.000 0.000 22.961 1.961 0.000 0.000 0.000 0.000 0.000 0.000 0.000 0.000 0.000 0.000 6.963 0.000 0.000 0.000 10.962 28.962 0.000 0.000 39.940 54.927 57.941 55.956 41.969 35.978 34.996 49.007 39.995 31.944 45.842 59.692 47.491 35.369 50.091 54.686 67.249 69.788 69.328 68.777 68.758 66.703 64.727 65.131 67.478 66.737 66.507 66.175
0.000 0.000 0.000 0.000 0.000 0.000 0.000 0.000 0.000 0.000 0.000 13.979 75.979 58.979 39.979 1.979 22.978 72.978 83.977 90.977 49.976 0.000 0.000 0.000 0.000 60.961 44.961 0.000 0.000 0.000 0.000 0.000 0.000 0.000 0.000 0.000 23.963 35.963 37.963 0.000 0.000 19.963 44.962 23.961 37.958 60.953 63.951 64.961 61.980 49.007 36.051 33.111 50.160 41.179 45.148 63.035 56.865 0.000 33.664 52.410 65.034 70.598 70.143 69.584 69.540 67.473 65.612 65.870 68.217 67.487 67.263 66.930 66.598
0.000 0.000 0.000 0.000 0.000 0.000 0.000 0.000 0.000 0.000 0.000 0.000 0.000 26.979 64.979 60.979 48.979 61.978 81.977 92.976 45.975 0.000 0.000 0.000 0.000 22.961 46.961 48.961 0.000 0.000 0.000 0.000 0.000 0.000 0.000 0.000 39.963 40.963 52.963 35.963 24.963 38.963 39.963 35.962 42.962 49.961 47.964 40.974 59.993 26.029 42.106 45.238 35.341 47.415 60.433 57.284 0.123 8.629 45.212 61.849 70.444 70.982 70.429 70.355 67.283 66.665 66.639 68.977 68.256 68.041 67.716 67.384 67.027
0.000 0.000 0.000 0.000 0.000 0.000 0.000 0.000 0.000 0.000 0.000 0.000 0.000 16.979 83.979 78.979 68.979 58.979 82.978 90.976 85.974 70.970 25.967 0.000 0.000 0.000 2.961 56.961 40.961 38.962 49.962 44.962 7.962 0.000 0.000 3.963 39.963 38.963 59.964 65.964 54.964 46.964 38.964 35.964 36.964 37.966 36.970 34.978 42.990 4.010 0.000 4.395 40.551 63.706 61.885 1.254 7.350 45.045 58.703 68.342 71.879 71.439 72.214 68.166 67.961 67.456 69.764 69.048 68.838 68.525 68.207 67.857 67.468
0.000 0.000 0.000 0.000 0.000 0.000 0.000 0.000 0.000 0.000 0.000 0.000 0.000 0.000 16.980 55.980 30.980 66.980 85.979 90.976 88.973 86.969 75.965 34.962 0.000 0.000 0.000 12.961 51.961 51.962 64.962 62.962 55.962 50.962 0.000 0.000 6.963 43.963 62.964 69.964 61.964 45.964 34.965 35.965 35.966 35.968 35.972 35.976 39.981 0.000 0.000 0.000 10.763 47.975 17.454 14.757 49.696 54.496 66.233 72.837 72.687 70.927 69.254 69.628 68.358 70.598 69.870 69.653 69.345 69.045 68.725 68.369 67.941
0.000 0.000 0.000 0.000 0.000 0.000 0.000 0.000 0.000 0.000 0.000 0.000 0.000 0.000 0.000 1.981 87.982 87.982 89.981 89.978 88.973 82.967 76.962 47.959 0.000 0.000 0.000 0.000 0.000 19.962 64.962 58.962 73.962 70.962 49.962 28.963 29.963 38.963 60.964 69.964 60.964 43.965 33.965 38.966 37.968 35.970 35.972 35.975 36.977 28.976 0.000 0.000 0.000 0.000 9.200 52.247 55.178 63.033 73.754 73.865 72.225 74.114 71.867 69.403 71.511 70.743 70.495 70.173 69.875 69.579 69.280 68.953 67.518
0.000 0.000 0.000 0.000 0.000 0.000 22.943 45.940 0.000 23.882 63.872 52.859 56.849 31.842 0.000 0.000 23.985 95.985 89.985 86.982 83.974 86.965 77.957 40.952 0.000 0.000 0.000 0.000 0.000 0.000 0.000 8.962 62.962 63.962 14.962 0.000 5.963 42.964 60.964 65.964 55.964 46.965 44.966 6.967 13.968 41.970 35.972 35.974 36.975 42.975 50.975 12.975 0.000 0.000 24.899 57.854 61.748 72.558 74.772 74.404 77.684 76.262 70.750 72.552 71.694 71.381 71.019 70.698 70.397 70.117 69.864 69.645 75.489
0.000 0.000 0.000 0.000 0.000 0.000 22.946 65.937 7.918 57.893 59.874 71.858 54.844 39.836 0.000 0.000 11.986 80.988 92.994 89.989 89.977 90.962 84.949 38.940 0.000 0.000 0.000 0.000 0.000 0.000 0.000 0.000 0.000 47.962 6.962 0.000 1.963 48.964 45.964 57.964 14.964 0.000 0.000 0.000 0.000 7.971 45.972 39.974 2.974 32.975 66.975 49.975 2.975 0.000 29.652 63.492 72.394 75.515 75.271 79.444 78.698 72.109 73.672 72.717 72.318 71.897 71.533 71.199 70.897 70.630 70.411 70.276 75.304
21.217 65.211 55.206 0.000 0.000 0.000 16.957 76.945 52.923 54.897 60.873 84.853 85.835 80.821 34.807 0.000 0.000 0.000 41.013 95.002 89.982 90.959 87.936 46.920 0.000 0.000 0.000 0.000 0.000 0.000 0.000 0.000 0.000 5.962 0.000 0.000 0.000 0.000 0.000 0.000 0.000 0.000 0.000 0.000 0.000 0.000 0.000 20.974 17.974 0.000 0.000 0.000 0.000 19.063 56.480 73.433 75.110 76.043 80.391 79.997 73.140 74.697 73.732 73.273 72.798 72.385 72.010 71.670 71.363 71.094 70.877 70.743 73.759
21.218 77.210 59.201 55.191 0.000 0.000 3.981 68.963 70.932 70.900 82.870 79.845 91.823 90.805 51.793 0.000 0.000 0.000 17.043 97.024 89.992 90.955 87.916 47.884 0.000 0.000 8.452 56.415 68.374 37.346 0.000 0.000 0.000 0.000 0.000 0.000 0.000 0.000 0.000 0.000 0.000 0.000 0.000 0.000 0.000 0.000 0.000 0.000 5.974 0.000 0.000 0.000 17.027 57.535 74.495 75.078 81.307 80.797 74.412 74.974 75.474 74.656 74.187 73.688 73.242 72.831 72.453 72.107 71.790 71.505 71.259 78.059 18.909
85.221 82.211 61.198 62.181 54.156 1.105 59.023 53.994 61.942 74.901 78.861 89.833 90.808 89.784 58.766 0.000 0.000 0.000 16.092 96.057 90.008 90.952 85.889 65.815 49.698 50.592 50.489 58.418 79.361 46.319 0.000 0.000 0.000 0.000 0.000 0.000 0.000 0.000 0.000 0.000 0.000 0.000 0.000 0.000 0.000 0.000 0.000 0.000 0.000 0.000 15.117 45.894 55.402 74.389 75.979 82.645 82.053 74.961 76.681 76.015 75.474 75.018 74.532 74.077 73.646 73.243 72.866 72.514 72.185 71.879 78.594 24.327 0.000
82.226 77.214 75.199 58.179 62.150 62.113 53.070 46.047 0.000 0.000 20.840 79.819 90.790 88.759 73.721 40.668 0.000 3.265 65.177 86.105 91.031 89.955 90.875 80.788 56.688 53.589 52.493 61.409 79.331 62.250 48.138 49.050 52.985 63.945 27.929 0.000 0.000 0.000 0.000 0.000 0.000 0.000 0.000 0.000 0.000 0.000 0.000 0.000 0.000 0.000 26.317 66.157 74.104 76.752 83.524 83.128 75.684 77.354 76.576 76.205 75.764 75.312 74.868 74.436 74.023 73.629 73.255 72.898 72.558 78.231 24.913 0.000 0.000
71.233 23.220 91.205 62.185 56.153 57.123 59.095 59.078 48.079 0.000 0.000 0.803 24.772 95.740 85.690 63.616 55.494 62.353 61.247 63.152 71.057 71.963 58.868 55.774 53.678 53.581 52.487 61.395 76.305 55.212 52.113 57.027 72.960 75.921 60.913 34.913 0.000 0.000 0.000 0.000 0.000 0.000 0.000 0.000 0.000 0.000 0.000 0.000 0.000 17.155 59.001 74.613 77.454 84.089 83.845 76.380 78.025 77.241 76.885 76.457 76.034 75.609 75.189 74.778 74.380 73.996 73.625 73.267 78.918 24.574 0.000 0.000 0.000
17.241 90.229 91.217 77.205 0.000 4.130 64.111 60.093 71.079 62.066 0.000 0.817 3.778 83.740 80.684 65.610 56.514 53.407 53.305 56.201 69.083 76.970 79.860 72.762 62.667 55.573 54.476 70.379 73.280 48.179 52.078 51.984 52.907 56.865 35.889 0.000 0.000 0.000 6.440 0.000 0.000 0.000 0.000 0.000 0.000 0.000 0.000 20.376 52.046 59.904 73.419 84.750 84.365 77.433 78.029 78.596 77.907 77.544 77.124 76.716 76.308 75.901 75.500 75.107 74.723 74.349 74.984 81.625 25.272 0.000 0.000 0.000 0.000
95.250 91.239 91.227 91.212 78.191 61.155 61.127 61.102 52.078 1.035 17.928 24.876 76.813 73.758 76.697 69.626 70.544 70.456 70.364 73.262 68.106 67.972 69.841 73.747 74.657 72.565 68.468 79.365 77.258 65.147 66.034 65.923 67.821 42.744 0.000 0.000 0.000 0.000 7.440 0.000 0.000 0.000 0.000 0.000 0.000 7.249 55.029 55.596 76.611 77.168 85.813 85.335 79.920 79.637 79.026 78.560 78.183 77.772 77.372 76.974 76.579 76.188 75.803 75.426 75.056 75.693 79.335 11.980 0.000 0.000 0.000 0.000 0.000
94.258 90.250 90.241 91.226 88.204 66.174 60.141 61.108 62.071 54.022 2.957 68.899 65.840 66.782 67.720 62.653 66.581 71.507 79.435 64.378 0.000 0.000 14.785 72.728 68.649 68.562 68.464 68.356 68.240 68.117 67.989 67.854 65.709 60.545 33.327 0.000 8.961 52.739 59.440 71.133 40.895 0.000 0.000 0.000 1.189 56.446 67.237 79.163 79.800 86.547 86.213 80.569 80.247 79.512 79.183 78.795 78.399 78.007 77.616 77.229 76.846 76.469 76.099 75.738 76.382 79.031 26.683 0.000 0.000 0.000 0.000 0.000 0.000
80.264 80.263 80.261 91.248 91.226 81.194 57.156 60.117 61.077 61.032 66.979 75.924 59.866 56.809 54.749 61.685 76.620 75.555 60.493 40.435 0.000 0.000 0.000 0.744 57.649 52.571 52.470 52.355 52.228 53.093 55.950 56.794 56.617 55.401 56.108 54.659 54.183 62.818 69.447 67.064 73.657 71.116 65.606 63.095 65.470 77.097 80.615 80.409 87.040 86.824 81.207 80.862 80.113 79.787 79.393 79.008 78.622 78.238 77.858 77.481 77.108 76.742 76.388 77.043 77.704 16.368 0.000 0.000 0.000 0.000 0.000 0.000 0.000
0.000 46.276 58.290 86.281 90.257 71.219 54.173 53.128 61.089 61.048 60.003 53.951 54.892 60.838 77.781 76.720 59.658 52.600 42.546 0.000 62.121 71.060 66.967 67.847 70.714 73.603 72.489 73.364 76.226 75.078 71.924 73.755 68.563 54.334 58.047 56.687 61.294 78.901 85.465 82.019 75.555 70.082 71.627 78.092 82.945 81.379 87.643 87.293 81.193 82.802 81.389 80.728 80.388 79.990 79.606 79.222 78.841 78.466 78.095 77.728 77.363 78.004 75.666 71.342 23.023 0.000 0.000 0.000 0.000 0.000 0.000 0.000 0.000
0.000 0.000 51.342 70.328 81.301 56.254 48.187 55.135 53.101 60.070 61.035 60.983 53.915 70.869 62.816 51.755 54.693 46.640 0.000 71.269 74.181 74.093 75.992 76.878 79.756 83.639 82.520 82.388 82.231 84.070 84.911 82.741 70.548 56.323 58.058 57.748 57.404 60.028 33.495 5.991 95.458 137.054 114.588 80.522 82.040 88.608 88.170 81.640 84.369 81.784 81.342 80.984 80.589 80.203 79.817 79.433 79.056 78.689 78.330 77.974 79.610 74.244 62.932 17.637 0.000 0.000 0.000 0.000 0.000 0.000 0.000 0.000 46.359
3.577 0.000 6.409 27.388 62.365 44.309 0.000 50.122 55.109 55.097 61.082 50.033 0.000 54.909 52.860 54.793 55.716 65.629 79.507 76.357 78.243 84.138 94.031 137.918 134.793 134.676 134.563 134.436 135.242 119.060 50.910 53.748 51.564 59.353 58.113 54.843 52.546 34.313 0.000 0.000 4.248 61.958 78.970 83.566 89.299 88.981 81.238 82.939 82.239 81.935 81.567 81.185 80.801 80.414 80.024 79.637 79.261 78.903 79.562 78.226 69.862 58.429 16.180 0.000 0.000 0.000 0.000 0.000 0.000 0.000 2.654 37.595 58.474
77.578 25.555 14.497 77.451 55.460 0.000 0.000 0.000 49.118 62.126 54.164 0.000 7.082 62.997 53.921 64.840 77.751 77.651 82.536 85.410 78.294 64.184 55.078 50.967 48.824 51.710 52.620 39.550 0.000 56.016 52.920 51.779 55.607 59.411 56.200 47.964 54.625 35.364 0.000 1.531 57.248 74.264 83.988 89.791 89.570 81.821 83.508 82.805 82.512 82.144 81.775 81.398 81.015 80.626 80.230 79.829 79.448 80.101 75.791 64.505 21.184 0.000 0.000 0.000 0.000 0.000 0.000 0.000 0.000 0.000 5.715 55.655 54.568
87.598 95.589 83.572 0.543 12.565 6.673 1.711 0.716 0.000 0.000 58.284 56.263 64.167 61.076 60.988 60.895 77.796 91.689 80.574 60.454 58.338 53.228 55.128 46.049 0.000 57.722 54.657 43.595 0.000 57.069 51.975 52.840 59.674 57.485 55.313 37.187 0.000 1.844 53.936 51.709 68.495 84.407 90.068 82.755 83.322 83.982 83.379 83.085 82.722 82.364 81.994 81.617 81.234 80.846 80.442 81.000 80.601 70.262 54.994 17.820 0.000 0.000 0.000 0.000 0.000 0.000 0.000 4.094 31.048 29.964 44.834 56.744 44.659
77.626 81.632 71.634 0.000 0.000 71.749 64.745 58.720 2.660 10.565 76.425 73.339 60.247 61.153 61.058 61.957 82.850 134.736 127.616 74.495 129.376 50.263 54.156 54.053 55.937 53.797 53.690 53.578 55.419 51.216 51.072 59.931 58.764 55.543 50.380 39.283 0.000 0.588 55.979 62.807 84.806 83.688 90.424 83.801 84.387 83.937 83.647 83.301 82.952 82.591 82.221 81.842 81.458 81.083 82.690 78.128 59.694 46.353 48.103 13.961 0.000 0.000 0.000 0.000 0.000 0.000 0.000 4.140 40.087 45.009 58.914 52.827 42.745
73.656 68.678 12.699 0.000 2.869 54.828 63.798 60.756 78.694 72.611 77.511 85.420 76.328 61.233 61.133 61.025 59.910 53.788 48.660 53.533 50.409 54.292 54.180 54.071 53.959 53.841 53.729 53.608 52.464 57.302 59.167 60.050 43.907 0.000 43.380 0.000 0.000 0.563 60.145 82.061 86.063 91.406 90.948 83.892 84.545 84.187 83.873 83.540 83.191 82.829 82.457 82.071 81.673 80.338 42.109 0.000 0.000 0.000 0.000 0.000 0.000 0.000 0.000 36.547 31.509 30.446 29.358 33.238 42.153 58.071 51.986 42.904 52.826
65.684 56.725 61.785 6.884 59.910 55.896 54.862 72.813 65.749 81.673 90.588 70.502 56.413 54.318 57.215 60.102 60.978 60.844 53.705 52.567 53.436 53.314 54.201 54.093 53.987 58.881 55.775 52.661 53.529 56.359 60.246 49.193 0.000 0.000 0.000 0.000 15.811 135.689 79.415 86.438 84.410 91.811 83.710 86.229 87.713 84.440 84.124 83.792 83.442 83.076 83.708 80.313 67.824 58.486 16.297 0.000 0.000 0.000 0.000 0.000 0.000 0.000 38.628 38.585 38.535 39.470 39.391 40.300 54.216 54.135 38.055 40.977 42.903
40.700 41.752 35.832 59.958 55.993 54.982 65.943 69.886 80.817 87.744 53.667 52.588 53.503 55.410 54.307 51.189 59.055 59.907 60.748 59.594 53.454 52.329 51.216 52.112 58.014 116.921 84.828 64.732 47.630 0.000 62.265 70.284 0.000 0.000 0.000 0.000 59.934 70.828 87.711 85.745 92.518 92.178 84.799 85.329 85.995 84.702 84.391 84.062 83.710 84.326 82.986 35.649 0.000 0.000 0.000 0.000 0.000 0.000 0.000 0.000 0.000 0.000 45.671 41.630 38.575 39.510 37.435 49.355 56.276 40.198 41.121 49.047 46.975
0.000 0.000 0.000 53.123 56.121 58.095 79.042 89.968 103.891 85.818 14.748 71.678 71.602 55.515 55.412 54.291 52.148 54.980 60.788 58.606 59.456 61.331 59.222 57.125 53.038 47.959 52.886 47.809 0.000 0.000 0.000 56.394 48.421 0.000 0.000 2.350 70.163 87.014 87.088 85.103 92.828 84.521 87.023 88.530 85.273 84.982 84.678 84.354 84.011 81.532 36.259 0.000 0.000 0.000 0.000 0.000 0.000 0.000 0.000 0.000 0.000 44.831 14.754 2.690 46.626 36.558 47.486 59.410 47.335 42.260 47.186 51.114 44.044
0.000 0.000 0.000 51.289 57.274 73.235 84.164 132.055 125.960 127.888 133.830 129.775 130.711 55.634 55.537 54.416 54.265 53.078 47.817 57.585 59.435 60.317 58.216 60.128 60.053 60.991 53.948 0.000 0.000 0.000 0.000 57.476 42.448 0.000 0.000 61.504 83.381 87.334 86.323 93.393 93.118 85.579 86.126 86.816 85.554 85.279 84.984 85.666 60.447 0.000 0.000 0.000 0.000 0.000 0.000 0.000 0.000 0.000 57.142 46.094 36.016 39.908 39.824 40.750 40.681 43.610 56.539 53.466 48.393 49.320 47.249 45.179 41.111
17.543 0.000 0.000 52.471 69.450 77.407 83.322 54.127 53.005 51.944 48.910 49.879 49.835 55.772 55.686 71.571 71.419 47.248 0.000 44.483 57.381 59.287 57.196 59.120 59.056 60.003 55.968 0.000 0.805 1.760 55.695 40.585 0.000 0.000 62.896 71.744 88.617 87.528 86.710 93.649 85.253 87.782 90.318 86.095 85.847 85.595 84.311 71.880 30.664 0.000 0.000 0.000 0.000 0.000 43.389 38.367 38.328 38.270 42.191 54.123 57.047 42.962 37.882 39.807 41.735 56.664 55.593 41.521 50.450 51.379 50.310 43.241 39.175
