results3/res_3e8f-0187.wd
ncols         241
nrows         181
xllcorner     12693529.787448
yllcorner     3542525.717860
cellsize      155.156523
NODATA_value  -9999.000000
[rows 33 to 65 of 181, columns 73 to 145 of 241]
0.000 0.000 0.000 0.000 0.000 0.000 0.000 0.000 0.000 0.000 0.000 0.000 0.000 0.000 0.000 0.000 0.000 0.000 0.000 0.000 0.000 0.000 0.000 0.000 0.000 0.000 0.000 0.000 0.000 0.000 0.000 0.000 0.000 0.000 0.000 0.000 0.000 0.000 0.000 39.705 62.706 67.707 23.710 0.000 0.000 32.786 46.815 13.793 4.794 36.815 39.830 33.828 34.809 35.773 35.720 35.647 35.554 34.438 40.285 60.048 6.564 14.680 11.960 47.120 63.579 68.107 66.666 67.268 65.803 67.889 62.943 62.552 62.542
0.000 0.000 0.000 0.000 0.000 0.000 0.000 0.000 0.000 0.000 0.000 0.000 0.000 0.000 0.000 0.000 0.000 0.000 0.000 0.000 0.000 0.000 0.000 0.000 0.000 0.000 0.000 0.000 0.000 0.000 0.000 0.000 0.000 0.000 0.000 0.000 0.000 0.000 0.000 0.000 14.706 9.707 0.000 0.000 0.000 0.000 28.906 0.000 0.000 26.856 50.897 49.901 39.884 35.847 35.790 35.711 35.611 34.492 56.358 54.203 0.000 37.516 50.081 63.509 67.989 67.511 67.081 66.588 67.648 63.666 62.965 63.218 65.519
0.000 0.000 0.000 0.000 0.000 0.000 0.000 0.000 0.000 0.000 0.000 0.000 0.000 0.000 0.000 0.000 0.000 0.000 35.151 67.151 20.151 0.000 0.000 0.000 0.000 0.000 0.000 0.000 0.000 0.000 0.000 0.000 0.000 0.000 0.000 0.000 0.000 0.000 0.000 0.000 0.000 0.000 0.000 0.000 0.000 0.000 20.997 0.000 0.000 0.000 29.000 46.994 46.977 37.942 35.883 35.797 33.687 49.562 58.450 0.000 23.175 47.785 62.341 68.845 68.353 67.898 67.378 69.410 65.397 63.505 63.903 66.228 65.473
0.000 0.000 0.000 0.000 0.000 0.000 0.000 0.000 0.000 0.000 0.000 22.153 60.153 0.153 0.000 0.000 0.000 0.000 42.151 93.151 49.151 0.000 0.000 0.000 0.000 0.000 0.000 0.000 0.000 0.000 0.000 0.000 0.000 0.000 0.000 0.000 0.000 0.000 0.000 0.000 0.000 0.000 0.000 0.000 0.000 0.000 24.089 25.129 32.148 18.146 28.109 36.100 49.089 40.060 36.002 32.908 43.779 53.617 42.432 18.094 47.564 65.110 69.652 69.173 68.710 68.170 68.175 67.137 64.156 64.604 66.942 66.194 65.960
0.000 0.000 0.000 0.000 0.000 0.000 0.000 0.000 0.000 0.000 0.000 43.153 78.153 67.153 54.153 9.153 3.153 27.152 81.152 89.151 54.151 0.000 0.000 0.000 0.000 23.175 2.175 0.000 0.000 0.000 0.000 0.000 0.000 0.000 0.000 0.000 0.000 7.176 0.000 0.000 0.000 11.175 29.174 0.000 0.000 40.152 55.139 58.152 56.168 42.180 36.190 35.208 49.218 40.207 32.156 46.055 59.902 47.695 35.567 50.285 54.878 67.439 69.977 69.516 68.965 68.945 66.889 64.917 65.323 67.669 66.929 66.698 66.365
0.000 0.000 0.000 0.000 0.000 0.000 0.000 0.000 0.000 0.000 0.000 14.153 76.153 59.153 40.153 2.153 23.153 73.152 84.152 91.151 50.151 0.000 0.000 0.000 0.174 61.175 45.175 0.000 0.000 0.000 0.000 0.000 0.000 0.000 0.000 0.176 24.176 36.176 38.176 0.000 0.000 20.175 45.174 24.173 38.170 61.165 64.163 65.173 62.191 49.218 36.262 33.322 50.371 41.392 45.362 63.252 57.080 0.000 33.856 52.601 65.225 70.788 70.332 69.773 69.728 67.662 65.805 66.064 68.412 67.682 67.458 67.125 66.793
0.000 0.000 0.000 0.000 0.000 0.000 0.000 0.000 0.000 0.000 0.000 0.000 0.000 27.153 65.154 61.153 49.153 62.153 82.152 93.151 46.150 0.000 0.000 0.000 0.000 23.175 47.175 49.175 0.000 0.000 0.000 0.000 0.000 0.000 0.000 0.000 40.176 41.176 53.176 36.176 25.176 39.175 40.175 36.174 43.174 50.173 48.176 41.186 60.205 26.240 42.317 45.449 35.552 47.627 60.649 57.513 0.211 8.815 45.400 62.038 70.634 71.171 70.619 70.545 67.473 66.860 66.834 69.173 68.454 68.240 67.915 67.583 67.225
0.000 0.000 0.000 0.000 0.000 0.000 0.000 0.000 0.000 0.000 0.000 0.000 0.000 17.154 84.154 79.154 69.154 59.153 83.152 91.150 86.148 71.144 26.142 0.000 0.000 0.000 3.175 57.175 41.175 39.175 50.175 45.175 8.175 0.000 0.000 4.176 40.176 39.176 60.176 66.176 55.176 47.176 39.176 36.176 37.177 38.178 37.182 35.189 43.202 4.221 0.000 4.604 40.760 63.915 62.095 1.426 7.522 45.227 58.888 68.529 72.067 71.628 72.404 68.356 68.157 67.653 69.962 69.248 69.040 68.728 68.411 68.061 67.672
0.000 0.000 0.000 0.000 0.000 0.000 0.000 0.000 0.000 0.000 0.000 0.000 0.000 0.000 17.154 56.155 31.155 67.154 86.153 91.151 89.147 87.143 76.139 35.136 0.135 0.000 0.000 13.175 52.175 52.175 65.175 63.175 56.175 51.175 0.000 0.000 7.176 44.176 63.176 70.176 62.176 46.177 35.177 36.177 36.178 36.180 36.184 36.188 40.193 0.000 0.000 0.000 10.969 48.177 17.649 14.935 49.874 54.677 66.417 73.023 72.875 71.115 69.444 69.824 68.555 70.796 70.071 69.856 69.551 69.253 68.935 68.580 68.151
0.000 0.000 0.000 0.000 0.000 0.000 0.000 0.000 0.000 0.000 0.000 0.000 0.000 0.000 0.000 2.156 88.156 88.156 90.155 90.152 89.147 83.141 77.136 48.133 0.000 0.000 0.000 0.000 0.000 20.175 65.175 59.175 74.175 71.175 50.175 29.176 30.176 39.176 61.176 70.176 61.177 44.177 34.177 39.178 38.180 36.182 36.184 36.187 37.189 29.188 0.000 0.000 0.000 0.000 9.388 52.430 55.360 63.216 73.939 74.050 72.411 74.303 72.061 69.599 71.709 70.943 70.698 70.379 70.084 69.792 69.497 69.173 67.737
0.000 0.000 0.000 0.000 0.000 0.000 23.123 46.121 0.000 24.062 64.052 53.039 57.029 32.022 0.000 0.000 24.159 96.159 90.160 87.156 84.148 87.139 78.131 41.126 0.000 0.000 0.000 0.000 0.000 0.000 0.000 9.175 63.175 64.175 15.175 0.000 6.176 43.176 61.176 66.176 56.177 47.177 45.178 7.179 14.180 42.182 36.184 36.186 37.187 43.187 51.187 13.187 0.000 0.000 25.085 58.039 61.932 72.742 74.957 74.589 77.867 76.447 70.943 72.748 71.893 71.583 71.225 70.907 70.610 70.336 70.088 69.877 75.727
0.000 0.000 0.000 0.000 0.000 0.000 23.126 66.118 8.098 58.073 60.054 72.038 55.024 40.016 0.000 0.000 12.161 81.163 93.168 90.163 90.151 91.137 85.123 39.114 0.000 0.000 0.000 0.000 0.000 0.000 0.000 0.000 0.000 48.175 7.175 0.000 2.176 49.176 46.176 58.176 15.177 0.000 0.000 0.000 0.000 8.183 46.184 40.186 3.186 33.187 67.187 50.187 3.187 0.000 29.837 63.677 72.579 75.700 75.455 79.627 78.881 72.300 73.866 72.915 72.518 72.100 71.740 71.411 71.114 70.853 70.643 70.520 75.566
21.394 65.388 55.383 0.000 0.000 0.000 17.138 77.126 53.103 55.078 61.054 85.033 86.015 81.001 34.986 0.000 0.000 0.000 41.187 95.176 90.157 91.133 88.110 47.094 0.000 0.000 0.000 0.000 0.000 0.000 0.000 0.000 0.000 6.175 0.000 0.000 0.000 0.000 0.000 0.000 0.000 0.000 0.000 0.000 0.000 0.000 0.000 21.186 18.186 0.000 0.000 0.000 0.000 19.248 56.665 73.618 75.295 76.228 80.575 80.180 73.330 74.889 73.927 73.471 72.999 72.589 72.218 71.882 71.581 71.319 71.112 70.992 74.033
21.395 77.387 59.378 55.367 0.000 0.000 4.162 69.144 71.112 71.080 83.050 80.025 92.003 90.985 51.972 0.000 0.000 0.000 17.217 97.198 90.166 91.129 88.089 48.057 0.000 0.000 8.622 56.585 68.544 37.516 0.000 0.000 0.000 0.000 0.000 0.000 0.000 0.000 0.000 0.000 0.000 0.000 0.000 0.000 0.000 0.000 0.000 0.000 6.186 0.000 0.000 0.000 17.212 57.720 74.681 75.263 81.492 80.983 74.601 75.163 75.665 74.849 74.383 73.887 73.443 73.035 72.662 72.320 72.009 71.731 71.493 78.304 19.169
85.398 82.387 61.374 62.356 54.329 1.281 59.204 54.174 62.123 75.081 79.041 90.013 90.987 89.964 58.946 0.000 0.000 0.000 16.267 96.232 90.182 91.126 86.063 65.988 49.870 50.763 50.660 58.589 79.530 46.488 0.000 0.000 0.000 0.000 0.000 0.000 0.000 0.000 0.000 0.000 0.000 0.000 0.000 0.000 0.000 0.000 0.000 0.000 0.000 0.000 15.302 46.079 55.587 74.574 76.164 82.829 82.238 75.149 76.870 76.206 75.666 75.212 74.728 74.275 73.847 73.448 73.075 72.727 72.403 72.102 78.824 24.564 0.000
82.403 77.391 75.376 58.355 62.325 62.289 53.248 46.226 0.000 0.000 21.020 79.999 90.970 88.939 73.900 40.847 0.000 3.441 65.352 86.279 91.205 90.129 91.048 80.961 56.860 53.760 52.664 61.580 79.501 62.419 48.306 49.218 53.152 64.112 28.096 0.000 0.000 0.000 0.000 0.000 0.000 0.000 0.000 0.000 0.000 0.000 0.000 0.000 0.000 0.000 26.501 66.342 74.289 76.937 83.708 83.312 75.871 77.542 76.765 76.395 75.957 75.506 75.064 74.635 74.224 73.833 73.462 73.110 72.774 78.451 25.138 0.000 0.000
71.410 23.398 91.382 62.362 56.329 57.299 59.273 59.255 48.254 0.000 0.000 0.983 24.954 95.920 85.869 63.794 55.671 62.529 61.422 63.327 71.232 72.136 59.041 55.947 53.850 53.753 52.657 61.565 76.474 55.381 52.282 57.194 73.127 76.088 61.080 35.080 0.000 0.000 0.000 0.000 0.000 0.000 0.000 0.000 0.000 0.000 0.000 0.000 0.000 17.339 59.186 74.798 77.638 84.274 84.029 76.567 78.212 77.430 77.075 76.648 76.227 75.804 75.385 74.976 74.581 74.199 73.831 73.476 79.131 24.791 0.000 0.000 0.000
17.419 90.407 91.394 77.382 0.000 4.307 64.288 60.269 71.254 62.238 0.000 0.996 3.960 83.920 80.863 65.788 56.691 53.583 53.480 56.376 69.258 77.143 80.033 72.935 62.839 55.744 54.647 70.549 73.449 48.348 52.246 52.151 53.074 57.032 36.056 0.000 0.000 0.000 6.606 0.000 0.000 0.000 0.000 0.000 0.000 0.000 0.000 20.561 52.231 60.088 73.603 84.934 84.550 77.618 78.215 78.783 78.095 77.733 77.314 76.908 76.500 76.096 75.696 75.305 74.923 74.551 75.188 81.833 25.482 0.000 0.000 0.000 0.000
95.427 91.417 91.405 91.390 78.368 61.332 61.304 61.278 52.253 1.211 18.110 25.054 76.992 73.937 76.875 69.804 70.721 70.632 70.540 73.437 68.280 68.146 70.014 73.920 74.829 72.736 68.638 79.535 77.427 65.315 66.202 66.090 67.987 42.910 0.000 0.000 0.000 0.000 7.606 0.000 0.000 0.000 0.000 0.000 0.000 7.438 55.216 55.781 76.795 77.352 85.996 85.518 80.105 79.823 79.212 78.747 78.370 77.961 77.562 77.165 76.772 76.382 75.999 75.623 75.255 75.894 79.538 12.186 0.000 0.000 0.000 0.000 0.000
94.436 90.428 90.419 91.404 88.382 66.351 60.318 61.285 62.248 54.200 3.136 69.078 66.018 66.960 67.898 62.830 66.758 71.683 79.611 64.553 0.000 0.102 14.958 72.901 68.821 68.733 68.634 68.525 68.409 68.285 68.156 68.020 65.875 60.710 33.491 0.000 9.125 52.904 59.606 71.301 41.064 0.000 0.000 0.000 1.351 56.637 67.424 79.348 79.984 86.729 86.395 80.753 80.432 79.697 79.370 78.982 78.587 78.196 77.806 77.421 77.039 76.663 76.295 75.934 76.580 79.231 26.885 0.000 0.000 0.000 0.000 0.000 0.000
80.442 80.441 80.439 91.427 91.404 81.372 57.334 60.295 61.255 61.209 67.157 76.102 60.044 56.986 54.926 61.862 76.796 75.731 60.669 40.611 0.000 0.000 0.000 0.914 57.822 52.742 52.639 52.524 52.397 53.261 56.117 56.960 56.782 55.565 56.272 54.822 54.346 62.982 69.612 67.232 73.828 71.289 65.779 63.268 65.641 77.278 80.799 80.592 87.222 87.006 81.390 81.046 80.298 79.972 79.579 79.194 78.809 78.427 78.047 77.672 77.300 76.935 76.582 77.239 77.901 16.566 0.000 0.000 0.000 0.000 0.000 0.000 0.000
0.000 46.455 58.469 86.460 90.435 71.398 54.351 53.306 61.266 61.226 60.181 54.128 55.070 61.015 77.958 76.896 59.834 52.776 42.722 0.000 62.291 71.230 67.135 68.015 70.884 73.773 72.659 73.533 76.393 75.245 72.090 73.921 68.728 54.497 58.209 56.849 61.455 79.064 85.631 82.187 75.726 70.256 71.802 78.267 83.121 81.558 87.825 87.476 81.375 82.985 81.572 80.912 80.573 80.176 79.792 79.409 79.029 78.654 78.285 77.919 77.554 78.196 75.860 71.537 23.219 0.000 0.000 0.000 0.000 0.000 0.000 0.000 0.000
0.000 0.000 51.522 70.507 81.480 56.433 48.365 55.312 53.278 60.248 61.212 61.161 54.092 71.046 62.993 51.932 54.868 46.816 0.000 71.441 74.352 74.263 76.162 77.047 79.925 83.808 82.689 82.556 82.399 84.237 85.077 82.905 70.712 56.486 58.219 57.908 57.563 60.187 33.659 6.160 95.631 137.230 114.764 80.698 82.218 88.788 88.350 81.822 84.551 81.967 81.525 81.168 80.774 80.389 80.002 79.619 79.243 78.877 78.519 78.164 79.802 74.436 63.125 17.831 0.000 0.000 0.000 0.000 0.000 0.000 0.000 0.158 46.980
3.759 0.000 6.589 27.569 62.544 44.489 0.000 50.300 55.287 55.275 61.260 50.210 0.000 55.085 53.036 54.969 55.891 65.803 79.681 76.529 78.414 84.308 94.201 138.087 134.963 134.846 134.732 134.604 135.410 119.226 51.075 53.913 51.727 59.515 58.274 55.000 52.700 34.464 0.000 0.000 4.428 62.137 79.148 83.744 89.479 89.160 81.419 83.121 82.421 82.118 81.750 81.369 80.986 80.599 80.210 79.823 79.448 79.091 79.751 78.415 70.053 58.620 16.373 0.000 0.000 0.000 0.000 0.000 0.000 0.000 3.281 38.219 59.097
77.760 25.736 14.677 77.633 55.641 0.000 0.000 0.000 49.296 62.304 54.342 0.000 7.258 63.173 54.097 65.016 77.926 77.825 82.709 85.583 78.465 64.355 55.248 51.137 48.993 51.879 52.789 39.719 0.000 56.182 53.085 51.943 55.770 59.573 56.360 48.120 54.775 35.504 0.000 1.713 57.434 74.445 84.168 89.971 89.749 82.001 83.689 82.986 82.693 82.326 81.958 81.582 81.199 80.811 80.416 80.015 79.635 80.289 75.979 64.694 21.373 0.000 0.000 0.000 0.000 0.000 0.000 0.000 0.000 0.000 6.342 56.282 55.193
87.779 95.770 83.752 0.723 12.745 6.854 1.889 0.894 0.000 0.000 58.461 56.440 64.344 61.253 61.163 61.071 77.971 91.863 80.747 60.627 58.510 53.399 55.298 46.219 0.000 57.890 54.825 43.763 0.000 57.235 52.141 53.004 59.837 57.647 55.473 37.345 0.000 1.978 54.132 51.893 68.679 84.588 90.248 82.934 83.501 84.162 83.559 83.265 82.904 82.545 82.177 81.800 81.418 81.031 80.627 81.186 80.788 70.450 55.182 18.009 0.000 0.000 0.000 0.000 0.000 0.000 0.000 4.729 31.682 30.596 45.464 57.372 45.287
77.807 81.813 71.815 0.000 0.000 71.928 64.923 58.898 2.838 10.743 76.602 73.516 60.423 61.330 61.233 62.132 83.024 134.910 127.790 74.667 129.548 50.434 54.327 54.223 56.106 53.966 53.859 53.746 55.587 51.382 51.238 60.096 58.928 55.705 50.540 39.443 0.000 0.726 56.172 62.993 84.989 83.869 90.603 83.980 84.566 84.116 83.827 83.481 83.133 82.773 82.403 82.025 81.641 81.267 82.875 78.314 59.881 46.540 48.291 14.150 0.000 0.000 0.000 0.000 0.000 0.000 0.000 4.775 40.722 45.642 59.546 53.457 43.375
73.838 68.859 12.880 0.000 3.049 55.007 63.977 60.935 78.872 72.789 77.688 85.597 76.505 61.409 61.308 61.201 60.085 53.962 48.834 53.705 50.581 54.463 54.350 54.241 54.128 54.010 53.897 53.776 52.632 57.468 59.334 60.215 44.071 0.000 43.540 0.000 0.000 0.713 60.333 82.245 86.245 91.584 91.127 84.070 84.723 84.366 84.053 83.720 83.371 83.010 82.639 82.254 81.856 80.521 42.293 0.000 0.000 0.000 0.000 0.000 0.000 0.000 0.000 37.189 32.150 31.086 29.997 33.875 42.789 58.705 52.619 43.536 53.457
65.865 56.906 61.966 7.065 60.090 56.075 55.042 72.992 65.928 81.851 90.766 70.679 56.590 54.494 57.391 60.277 61.153 61.018 53.878 52.739 53.608 53.485 54.371 54.262 54.156 59.050 55.943 52.829 53.696 56.526 60.413 49.360 0.000 0.000 0.000 0.000 15.988 135.865 79.596 86.619 84.590 91.988 83.888 86.407 87.892 84.619 84.303 83.972 83.623 83.257 83.890 80.495 68.007 58.670 16.481 0.000 0.000 0.000 0.000 0.000 0.000 0.000 39.270 39.227 39.176 40.111 40.030 40.938 54.853 54.770 38.689 41.611 43.535
40.882 41.933 36.012 60.138 56.173 55.161 66.122 70.065 80.996 87.922 53.845 52.765 53.680 55.587 54.483 51.364 59.230 60.081 60.922 59.766 53.625 52.500 51.386 52.282 58.183 117.089 84.997 64.900 47.798 0.000 62.432 70.451 0.000 0.000 0.000 0.000 60.112 71.005 87.890 85.924 92.693 92.354 84.976 85.507 86.173 84.881 84.570 84.241 83.890 84.506 83.167 35.831 0.000 0.000 0.000 0.000 0.000 0.000 0.000 0.000 0.000 0.000 46.314 42.273 39.217 40.151 38.075 49.994 56.914 40.835 41.757 49.682 47.609
0.000 0.000 0.000 53.303 56.301 58.275 79.222 90.148 104.069 85.996 14.926 71.856 71.779 55.691 55.589 54.467 52.323 55.154 60.961 58.778 59.628 61.502 59.392 57.295 53.207 48.127 53.054 47.977 0.000 0.000 0.000 56.562 48.590 0.000 0.000 2.521 70.343 87.191 87.265 85.280 93.003 84.697 87.200 88.707 85.450 85.160 84.856 84.533 84.190 81.712 36.439 0.000 0.000 0.000 0.000 0.000 0.000 0.000 0.000 0.000 0.000 45.476 15.398 3.334 47.268 37.200 48.126 60.050 47.973 42.897 47.823 51.750 44.680
0.000 0.000 0.000 51.470 57.455 73.415 84.344 132.234 126.139 128.066 134.008 129.952 130.889 55.811 55.713 54.592 54.441 53.252 47.990 57.757 59.606 60.488 58.386 60.298 60.222 61.159 54.116 0.000 0.000 0.000 0.000 57.645 42.617 0.000 0.032 61.670 83.554 87.509 86.498 93.567 93.293 85.755 86.303 86.993 85.731 85.456 85.161 85.845 60.626 0.000 0.000 0.000 0.000 0.000 0.000 0.000 0.000 0.000 57.791 46.742 36.664 40.555 40.469 41.395 41.324 44.253 57.180 54.106 49.032 49.959 47.886 45.816 41.747
17.718 0.000 0.000 52.652 69.632 77.588 83.503 54.307 53.184 52.123 49.088 50.057 50.013 55.949 55.863 71.748 71.595 47.423 0.000 44.654 57.552 59.458 57.365 59.289 59.224 60.171 56.135 0.085 0.970 1.925 55.866 40.756 0.000 0.000 63.067 71.914 88.790 87.702 86.884 93.822 85.428 87.957 90.494 86.271 86.023 85.772 84.489 72.058 30.842 0.000 0.000 0.000 0.000 0.000 44.041 39.019 38.979 38.921 42.840 54.772 57.695 43.609 38.528 40.452 42.380 57.307 56.235 42.163 51.090 52.019 50.948 43.879 39.812
