results3/res_3e8f-0073.wd
ncols         241
nrows         181
xllcorner     12693529.787448
yllcorner     3542525.717860
cellsize      155.156523
NODATA_value  -9999.000000
[rows 99 to 131 of 181, columns 73 to 145 of 241]
54.222 54.210 54.201 53.194 53.188 58.184 61.180 58.177 54.175 54.175 48.175 4.175 0.000 0.000 0.000 0.000 0.000 10.295 68.451 93.494 91.538 90.732 97.472 97.397 90.498 91.190 91.031 90.916 91.806 91.701 90.606 94.523 53.465 0.000 0.000 0.000 0.000 0.000 0.000 15.882 41.783 53.584 21.238 3.035 32.960 35.885 33.804 37.701 34.453 32.037 1.464 25.853 29.750 44.658 50.589 53.537 51.499 46.471 39.452 34.442 29.436 7.429 0.000 0.000 0.000 0.000 1.316 19.315 31.314 55.313 56.313 56.312 56.311
54.230 54.220 53.211 51.204 55.198 60.193 61.188 61.181 55.177 52.176 57.175 57.175 18.175 0.000 13.673 43.646 20.603 0.332 56.782 96.701 91.975 92.011 97.536 89.829 91.611 91.259 91.165 91.047 90.934 90.828 92.732 91.652 27.598 0.000 0.000 0.000 0.000 0.000 0.000 20.105 26.035 36.957 0.000 0.000 28.130 36.076 34.986 38.848 38.620 9.329 0.000 20.788 34.724 39.635 60.580 61.538 61.507 62.483 63.466 61.456 42.451 0.000 0.000 0.000 0.000 0.000 0.000 18.312 31.310 55.308 56.307 56.307 56.306
54.236 53.227 53.219 56.212 59.207 60.202 35.199 0.000 28.176 64.176 37.175 11.175 3.175 0.000 24.701 74.661 71.575 63.403 82.109 93.212 90.185 97.623 91.126 91.927 91.488 91.416 91.292 91.174 91.056 91.943 89.843 77.755 24.677 0.000 0.000 0.000 0.000 0.000 23.578 30.399 28.297 29.252 2.325 0.000 34.355 52.302 45.215 40.085 14.852 0.000 0.000 3.788 0.000 33.579 58.556 62.530 60.507 60.488 60.474 62.465 35.460 29.462 29.462 35.462 0.000 0.000 0.000 0.000 30.304 55.303 56.302 56.301 56.300
53.242 52.234 57.226 60.220 60.214 60.210 25.207 0.000 0.000 7.176 0.000 0.000 0.000 0.000 17.768 80.723 86.635 94.502 94.385 91.469 97.996 97.765 91.104 91.811 91.656 91.540 91.423 91.301 91.174 97.046 46.943 14.849 0.000 0.000 0.000 0.000 0.000 14.909 32.758 28.614 28.503 27.428 33.398 0.000 27.633 53.564 52.487 50.424 0.000 0.000 0.000 0.000 0.000 31.546 60.535 64.520 61.504 60.489 58.477 47.469 28.465 24.463 25.463 9.462 0.000 0.000 0.000 0.000 26.299 55.299 56.298 56.297 52.295
52.246 58.239 60.233 60.226 58.221 64.216 34.213 0.000 0.000 0.000 0.000 0.000 0.000 0.000 28.882 86.826 89.746 93.589 92.783 92.762 98.202 90.511 92.211 91.881 91.789 91.673 91.557 95.433 101.292 56.124 25.033 0.009 0.000 0.000 0.000 0.000 16.180 39.060 32.930 25.798 30.674 34.559 31.442 29.265 42.979 46.835 36.747 44.699 0.000 0.000 0.000 0.000 0.000 37.525 61.519 66.510 65.499 61.487 56.477 25.470 23.466 24.464 31.463 0.000 0.000 0.000 0.000 20.295 24.296 53.295 56.294 56.292 50.291
59.251 60.244 60.238 59.232 37.227 3.219 22.216 24.215 0.000 0.000 0.000 0.000 0.000 20.169 73.050 86.963 89.849 91.982 92.962 98.563 98.390 91.499 92.196 92.031 91.920 91.808 95.697 57.584 17.438 0.000 35.033 21.033 0.000 0.000 0.000 0.000 24.301 58.221 49.105 43.973 38.835 39.694 37.545 38.373 51.185 45.050 28.966 30.927 0.000 0.000 0.000 0.000 0.000 37.509 65.507 30.504 28.495 60.482 63.474 33.469 24.466 29.465 0.000 0.000 0.000 0.000 0.000 0.000 20.293 38.291 54.290 57.289 50.287
60.255 60.250 56.244 60.239 42.235 0.000 13.215 43.215 0.000 0.000 0.000 0.000 10.388 72.287 86.188 92.097 92.052 92.173 98.872 98.722 90.849 92.617 92.261 92.167 92.050 91.941 95.841 67.766 0.000 0.000 5.033 8.033 0.000 0.000 0.000 0.000 11.501 43.420 48.296 58.153 54.000 41.839 44.670 53.498 48.338 36.216 28.139 29.116 3.177 4.192 0.000 0.000 0.000 35.496 69.495 0.000 0.000 9.473 56.470 46.466 27.464 6.464 0.000 0.000 0.000 0.000 0.000 0.000 0.000 17.287 43.287 53.286 46.284
58.259 55.255 54.251 70.243 49.239 0.000 12.215 40.215 0.000 0.000 0.000 4.567 68.489 81.404 91.323 94.190 93.417 91.429 99.009 90.176 91.943 88.496 90.418 92.293 92.177 93.065 86.960 76.874 24.874 0.000 0.000 0.000 0.000 0.000 0.000 0.000 33.783 38.660 38.507 40.344 49.173 51.991 54.797 48.613 35.454 29.335 28.258 27.223 31.222 16.207 0.000 0.000 0.000 24.485 61.482 27.474 16.470 8.468 51.465 57.462 37.460 0.000 0.000 0.000 0.000 0.000 0.000 0.000 0.000 12.285 36.284 41.283 28.282
52.263 61.262 57.261 0.000 0.000 0.000 3.215 3.215 0.000 0.000 0.000 5.645 84.595 86.528 94.426 93.576 92.579 99.252 99.136 92.143 91.825 91.660 91.538 90.418 91.299 93.181 50.060 0.979 0.000 0.000 0.000 0.000 0.000 3.158 19.952 34.629 45.189 41.931 40.728 37.543 38.358 41.154 52.915 53.703 45.530 34.411 27.337 27.297 29.283 0.000 0.000 0.000 0.000 9.477 51.474 29.470 25.469 25.466 57.460 60.457 43.454 6.450 0.000 39.443 0.000 0.000 0.000 0.000 0.000 15.283 39.281 34.280 20.280
53.267 63.269 50.271 0.000 0.000 0.000 0.213 12.214 0.000 0.000 0.000 71.773 81.722 93.651 93.630 92.756 99.459 99.359 91.473 93.240 92.885 92.786 92.662 92.542 94.421 44.301 0.000 0.000 0.000 0.000 0.000 0.000 18.660 35.365 48.068 43.746 42.412 42.147 41.931 42.742 40.561 39.353 13.007 31.754 56.552 38.445 26.380 29.344 27.329 15.337 0.000 0.000 0.000 10.472 43.468 21.465 0.000 0.000 13.453 50.451 39.449 48.447 55.444 14.443 0.000 0.000 0.000 0.000 0.000 0.000 30.279 28.278 21.278
51.270 55.275 54.283 30.293 0.000 0.000 0.000 0.000 0.000 0.000 25.076 84.952 91.867 93.767 93.906 92.008 99.550 91.776 93.550 93.108 93.033 92.907 93.786 94.664 56.543 0.000 0.000 0.000 0.000 0.000 0.000 38.347 48.955 44.574 43.211 42.873 42.568 42.315 42.107 41.935 41.793 50.689 0.000 0.000 24.479 33.436 25.396 34.369 34.354 16.346 0.000 0.000 0.000 0.000 27.460 64.457 32.452 0.000 6.447 51.447 45.445 36.443 36.442 0.000 0.000 0.000 0.000 0.000 0.000 0.000 9.276 20.276 21.276
63.271 1.280 57.294 55.303 44.316 3.326 0.000 0.000 0.000 16.309 75.200 89.093 95.002 93.959 93.090 99.705 99.632 92.730 93.422 93.264 93.147 94.032 95.910 56.787 0.000 0.000 0.000 0.000 0.000 25.631 36.310 47.738 44.240 43.765 40.330 39.968 39.674 40.437 42.247 42.098 44.986 21.920 0.000 0.000 4.450 29.423 28.400 46.382 42.373 0.000 0.000 0.000 0.000 0.000 11.455 56.451 68.447 25.444 51.443 65.443 57.442 33.440 26.439 0.000 0.000 0.000 0.000 0.000 0.000 0.000 15.274 21.274 25.274
45.269 0.000 59.303 49.309 56.319 48.337 9.365 0.386 9.512 76.418 85.320 95.231 94.080 94.315 92.314 99.767 92.034 93.819 93.472 93.382 94.268 95.161 49.036 0.000 0.000 0.000 0.000 0.000 38.305 48.953 46.561 45.056 46.504 45.915 51.374 55.996 50.721 43.511 37.348 41.222 47.134 5.087 0.000 0.000 0.428 32.408 33.397 55.388 43.382 0.000 0.000 0.000 0.000 0.000 0.000 51.444 60.443 65.441 61.440 61.439 65.439 49.437 28.436 29.433 0.000 0.000 0.000 0.000 0.000 17.272 22.273 20.273 25.272
0.000 0.000 27.308 78.311 41.314 0.000 0.000 14.688 74.614 79.530 93.448 94.306 94.543 92.437 99.855 92.304 94.107 93.676 93.612 94.495 91.383 46.310 0.000 0.000 0.000 0.000 0.000 40.987 48.656 46.315 45.924 49.423 23.802 2.102 4.257 20.921 46.705 48.540 49.410 41.311 42.242 3.206 0.000 0.000 0.000 13.401 31.394 38.389 37.386 0.000 0.000 0.000 0.000 0.000 0.000 42.439 55.438 60.438 61.437 62.437 58.436 54.435 39.433 27.431 31.428 37.427 0.000 0.000 0.000 0.000 20.272 21.271 23.271
0.000 0.000 4.310 79.311 66.313 0.000 0.000 21.782 82.725 90.652 94.546 95.690 95.681 100.193 99.986 93.259 93.969 93.824 93.720 88.611 78.460 29.385 0.000 0.000 0.000 29.854 38.669 50.318 47.019 46.727 50.397 27.910 0.000 0.000 0.000 6.727 44.636 41.534 45.442 51.368 51.316 29.290 0.000 0.000 0.000 0.000 33.391 27.389 34.387 0.000 0.000 0.000 0.000 0.000 4.435 29.435 46.435 60.434 55.434 48.434 50.435 11.434 36.432 45.429 38.427 34.426 0.000 0.000 0.000 0.000 0.000 15.270 20.269
0.000 0.000 0.000 7.313 56.314 0.076 10.039 75.934 87.854 94.776 94.740 94.869 100.565 100.384 92.560 94.352 94.012 93.935 86.840 52.768 0.000 0.000 0.000 2.370 48.253 42.038 49.836 47.598 47.374 48.177 26.028 0.000 0.000 0.000 0.000 5.623 47.580 41.519 41.457 43.404 47.366 49.346 1.346 0.000 0.000 0.000 14.389 33.388 8.388 0.000 0.000 0.000 0.000 0.000 0.000 25.432 36.432 43.431 35.431 32.431 0.000 0.000 0.000 29.426 33.426 42.425 0.000 0.000 0.000 0.000 0.000 9.269 20.268
0.000 0.000 0.000 0.000 0.000 10.226 79.145 84.060 94.986 94.862 96.096 96.125 100.735 92.873 94.644 94.206 94.140 84.032 72.940 36.854 0.000 0.000 0.000 42.472 64.368 49.210 41.040 48.863 46.703 49.579 19.511 0.000 0.000 0.000 1.559 36.564 43.541 42.504 42.463 39.426 35.398 37.384 0.000 0.000 0.000 0.000 0.000 40.386 0.000 0.000 0.000 0.000 0.000 0.000 0.000 27.429 26.429 25.429 23.428 29.428 0.000 0.000 0.000 4.425 27.424 45.423 0.000 0.000 0.000 0.000 0.000 0.000 13.267
0.000 0.000 0.000 0.000 0.000 82.309 81.253 95.183 95.086 96.240 96.266 101.043 100.894 93.830 95.508 93.345 79.223 68.124 42.032 0.000 0.000 0.000 36.837 54.675 54.538 61.395 49.250 39.112 44.997 54.923 57.926 21.084 0.000 0.000 0.535 48.532 42.517 42.492 41.464 37.438 31.418 32.408 0.000 0.000 0.000 0.000 0.000 13.385 21.384 0.000 0.000 0.000 0.000 0.000 5.427 29.427 23.427 24.426 24.426 26.425 9.424 0.000 0.000 0.000 14.422 35.421 13.419 0.000 0.000 0.000 0.000 0.000 8.267
0.000 0.000 0.000 0.000 21.540 82.449 94.376 95.305 96.276 98.422 101.322 101.185 93.149 94.906 91.551 80.445 69.291 41.208 0.000 0.000 0.000 39.149 59.999 45.852 37.715 51.581 63.454 51.340 54.248 55.192 42.187 48.243 27.314 0.000 8.513 40.514 36.503 43.485 38.464 30.444 29.429 33.421 0.000 0.000 0.000 0.000 0.000 0.383 40.384 0.000 0.000 0.000 0.000 0.000 0.000 11.426 26.425 24.424 24.424 24.423 32.423 0.000 0.000 0.000 0.000 16.419 27.417 33.416 0.000 0.000 0.000 0.000 0.000
0.000 0.000 0.000 0.000 64.630 90.569 96.505 95.388 95.627 93.675 101.452 93.441 95.199 89.762 78.688 53.562 0.000 0.000 0.000 0.000 39.431 60.299 47.160 36.021 35.888 37.761 48.646 63.544 54.464 39.410 47.386 49.386 23.386 0.000 5.510 65.507 52.497 41.482 35.463 31.445 28.432 29.426 23.425 0.000 0.000 0.000 0.000 0.000 19.384 0.000 0.000 0.000 0.000 0.000 0.000 0.000 28.423 24.423 24.422 24.422 26.421 10.420 0.000 0.000 0.000 0.000 24.416 27.415 0.000 0.000 0.000 0.000 0.000
0.000 0.000 0.000 67.890 64.782 70.702 85.605 96.760 93.799 101.694 101.576 94.375 90.056 78.904 57.793 0.000 0.000 21.403 0.000 0.000 64.564 47.454 36.320 37.184 36.053 38.932 52.822 61.728 62.653 46.598 42.561 53.529 27.457 0.000 0.000 0.000 9.497 0.000 0.000 1.437 32.430 39.426 40.425 26.424 0.000 0.000 0.000 0.000 0.000 0.000 0.000 0.000 0.000 0.000 0.000 0.000 28.421 27.421 30.421 25.421 22.420 31.419 0.000 0.000 0.000 4.414 38.414 43.414 0.000 0.000 0.000 0.000 0.000
0.000 0.000 7.091 68.997 65.906 66.824 76.791 92.940 101.919 101.808 93.662 90.422 78.088 52.008 0.000 0.000 38.464 37.404 19.285 3.107 52.808 36.635 37.483 36.341 37.210 52.090 57.984 21.894 12.821 64.768 50.733 28.713 0.000 0.000 0.000 0.000 0.000 0.000 0.000 0.000 50.426 44.425 41.424 37.423 0.000 0.000 0.000 0.000 0.000 0.000 0.000 0.000 0.000 0.000 0.000 16.417 25.418 0.418 0.000 0.418 25.419 29.418 0.000 0.000 0.000 6.414 42.414 11.414 0.000 0.000 0.000 0.000 0.000
0.000 82.261 70.184 67.103 65.027 65.902 67.136 71.187 102.026 92.905 88.662 78.249 52.204 0.000 0.000 0.000 42.524 40.462 60.345 44.180 36.974 37.795 36.635 39.489 59.356 56.236 37.131 33.042 37.971 65.920 62.889 26.877 0.000 0.000 0.000 0.000 0.000 0.000 0.000 0.000 57.424 57.423 52.423 43.422 0.000 0.000 0.000 0.000 0.000 0.000 0.000 0.000 0.000 0.000 0.000 28.416 30.417 0.000 0.000 0.000 28.418 29.418 0.000 0.000 0.000 0.000 13.414 0.000 0.000 0.000 0.000 0.000 0.000
0.000 80.337 94.281 86.212 71.113 72.265 64.303 102.228 102.128 71.779 76.458 52.356 0.000 0.000 0.000 0.000 44.646 57.576 55.453 37.293 37.112 36.937 47.774 59.624 48.488 37.366 37.261 37.172 38.102 47.052 65.025 61.029 22.088 0.000 0.000 0.000 0.000 0.000 0.000 0.000 43.423 45.422 57.422 58.421 14.420 0.000 0.000 0.000 0.000 0.000 0.000 0.000 0.000 0.000 20.415 30.416 7.416 0.000 0.000 0.000 29.417 27.417 0.000 0.000 0.000 0.000 0.000 0.000 0.000 0.000 0.000 0.000 0.000
16.565 93.470 96.394 96.321 91.289 81.437 102.420 102.324 63.901 58.692 0.000 0.000 0.000 0.000 0.000 0.000 55.839 60.742 36.599 38.428 38.246 50.067 58.899 40.745 37.605 37.481 37.374 37.284 37.213 37.162 46.132 66.126 59.147 33.181 24.194 28.198 0.000 0.000 0.000 0.000 0.000 23.421 63.421 63.420 24.419 0.000 0.000 0.000 0.000 0.000 0.000 0.000 0.000 0.000 9.415 8.415 0.000 0.000 0.000 0.000 9.417 36.417 0.000 0.000 0.000 0.000 0.000 0.000 0.000 0.000 0.000 0.000 0.000
86.661 96.581 96.512 96.392 100.627 91.678 102.515 63.948 66.607 61.386 0.000 0.000 0.000 0.000 0.000 49.335 61.130 37.956 38.771 38.574 46.376 59.187 37.011 37.851 37.708 37.580 37.470 37.378 37.305 37.250 37.214 41.196 42.194 37.201 38.205 45.201 27.201 0.000 0.000 0.000 0.000 0.000 18.420 54.419 17.419 0.000 0.000 0.000 0.000 0.000 0.000 0.000 0.000 0.000 0.000 0.000 0.000 0.000 0.000 0.000 0.000 0.000 0.000 0.000 0.000 0.000 0.000 0.000 0.000 0.000 0.000 0.000 0.000
92.758 92.692 96.597 97.752 94.791 102.698 102.606 68.518 52.839 0.000 0.000 0.000 0.000 0.000 0.000 66.541 43.388 39.182 38.954 40.722 61.499 41.292 38.107 37.942 37.794 37.662 37.548 37.453 37.378 37.320 37.278 36.250 35.233 38.226 20.223 0.000 0.000 0.000 0.000 0.000 0.000 0.000 0.000 47.418 35.418 2.417 0.000 0.000 0.000 0.000 0.000 0.000 0.000 0.000 0.000 0.000 0.000 0.000 0.000 0.000 0.000 0.000 0.000 0.000 0.000 0.000 0.000 0.000 0.000 0.000 0.000 0.000 0.000
71.871 71.801 75.772 71.923 102.880 102.789 80.126 61.141 51.791 0.000 0.000 0.000 0.000 0.000 0.000 41.900 37.698 37.431 36.141 48.861 41.605 35.377 36.183 36.015 35.864 35.727 36.607 37.509 37.433 37.374 36.328 34.292 36.263 36.246 33.237 23.236 26.234 28.231 27.229 29.227 0.223 0.000 0.000 0.000 44.417 16.417 0.000 0.000 0.000 0.000 0.000 0.000 0.000 0.000 0.000 0.000 0.000 0.000 0.000 0.000 0.000 0.000 0.000 0.000 0.000 0.000 0.000 0.000 0.000 0.000 0.000 0.000 0.000
86.987 108.870 74.111 104.163 102.968 62.789 53.327 0.000 66.673 24.824 0.000 0.000 0.000 0.000 85.937 64.461 35.074 42.703 53.319 51.978 47.682 45.428 45.232 45.070 43.922 37.773 33.644 37.545 37.471 37.414 36.369 36.327 40.283 40.258 41.244 51.238 51.234 47.231 40.228 39.226 18.225 0.000 0.000 0.000 3.417 9.417 0.000 0.000 0.000 0.000 0.000 0.000 0.000 0.000 0.000 0.000 0.000 0.000 0.000 0.000 0.000 0.000 0.000 0.000 0.000 0.000 0.000 0.000 0.000 0.000 0.000 0.000 0.000
135.070 113.662 111.702 103.133 103.053 90.894 0.000 33.380 61.380 134.978 110.502 0.000 33.526 22.969 84.413 43.934 41.435 112.989 103.452 99.049 98.718 97.423 96.248 95.112 93.981 64.801 31.649 37.557 37.492 37.444 37.406 29.366 0.000 0.000 0.000 0.000 0.000 0.000 4.226 56.225 35.223 6.222 0.000 0.000 0.000 0.000 0.000 0.000 0.000 0.000 0.000 0.000 0.000 0.000 0.000 0.000 0.000 0.000 0.000 0.000 0.000 0.000 0.000 0.000 0.000 0.000 0.000 0.000 0.000 0.000 0.000 0.000 0.000
93.241 112.824 103.282 103.209 87.466 0.000 0.000 0.000 4.492 56.205 44.026 0.000 15.083 0.000 43.811 40.427 49.743 105.366 0.000 0.000 0.000 41.296 50.226 111.149 24.090 0.000 41.595 37.541 37.497 38.464 20.443 0.000 0.000 0.000 0.000 0.000 0.000 0.000 0.000 9.223 56.222 12.221 0.000 0.000 0.000 0.000 0.000 0.000 0.000 0.000 0.000 0.000 0.000 0.000 0.000 0.000 0.000 0.000 0.000 0.000 0.000 0.000 0.000 0.000 0.000 0.000 0.000 0.000 0.000 0.000 0.000 0.000 0.000
114.002 112.051 103.350 111.965 113.811 34.099 0.000 11.891 38.891 48.323 25.371 2.024 36.641 82.263 80.592 73.222 0.000 24.365 0.000 2.240 24.240 52.240 97.209 60.169 25.140 0.000 0.000 43.516 37.491 38.472 19.461 0.000 0.000 0.000 0.000 0.000 0.000 0.000 0.000 0.000 3.221 42.219 7.218 0.000 0.000 0.000 0.000 0.000 0.000 0.000 0.000 0.000 0.000 0.000 0.000 0.000 0.000 0.000 0.000 0.000 0.000 0.000 0.000 0.000 0.000 0.000 0.000 0.000 0.000 0.000 0.000 0.000 0.000
112.139 103.474 103.414 92.476 35.239 0.000 0.000 0.000 0.548 25.827 0.000 0.000 29.969 73.556 127.073 62.648 0.000 0.000 0.000 0.000 0.000 66.216 101.201 31.180 28.160 0.000 0.000 0.000 42.478 36.472 34.467 32.467 20.467 0.000 0.000 0.000 0.000 0.000 0.000 0.000 0.000 56.218 14.218 0.000 0.000 0.000 0.000 0.000 0.000 0.000 0.000 0.000 0.000 0.000 0.000 0.000 0.000 0.000 0.000 0.000 0.000 0.000 0.000 0.000 0.000 0.000 0.000 0.000 0.000 0.000 0.000 0.000 0.000
