results3/res_3e8f-0093.wd
ncols         241
nrows         181
xllcorner     12693529.787448
yllcorner     3542525.717860
cellsize      155.156523
NODATA_value  -9999.000000
[rows 132 to 164 of 181, columns 0 to 72 of 241]
93.498 98.498 102.497 102.497 104.495 104.494 98.492 89.490 75.488 64.485 63.482 64.478 63.474 62.469 67.464 81.458 92.451 97.443 97.434 94.423 86.410 77.395 68.376 62.352 67.321 69.285 68.243 69.196 67.157 62.120 76.085 99.051 66.024 0.000 0.000 0.000 5.648 57.640 69.633 66.607 68.584 74.567 92.560 78.558 62.558 61.560 61.565 73.571 94.577 35.583 8.589 3.604 0.000 0.000 0.000 0.000 0.000 0.000 0.000 0.000 0.000 0.000 0.000 0.000 25.389 5.310 9.231 50.129 72.981 76.878 76.768 86.852 114.315
71.503 73.503 76.502 82.501 92.500 98.499 103.497 103.495 96.492 82.490 71.486 65.482 69.478 76.473 89.468 104.462 103.455 100.447 100.437 103.426 103.413 99.398 87.379 75.357 67.331 62.300 63.267 62.232 63.199 71.170 93.143 101.121 13.107 0.000 0.000 0.000 15.656 43.664 61.697 70.690 71.670 68.648 69.643 79.640 74.636 67.632 71.628 79.625 92.622 33.618 19.610 25.620 5.629 0.000 0.000 0.000 0.000 0.000 0.000 0.000 0.000 0.000 0.000 0.000 7.469 0.000 57.255 79.174 75.051 84.020 75.081 114.442 103.198
63.508 63.508 63.507 65.506 70.505 74.504 81.502 90.500 98.497 101.494 95.491 93.487 95.483 98.478 97.472 90.466 81.459 79.451 79.442 84.431 90.419 97.404 100.387 99.367 88.344 78.319 73.292 71.265 80.239 96.216 97.197 83.183 16.177 0.000 0.000 0.000 0.000 0.000 44.799 71.785 50.760 38.711 53.725 68.723 83.715 87.704 89.691 90.678 86.666 13.658 0.635 28.636 25.638 13.641 19.642 13.642 0.000 0.000 0.000 0.000 0.000 0.000 41.696 11.643 77.548 99.480 132.331 88.301 83.350 64.304 100.367 104.877 104.781
64.513 64.513 64.512 64.512 63.510 62.509 64.507 69.505 75.503 85.500 95.496 97.492 90.488 80.483 74.478 66.472 62.465 62.457 62.448 64.438 69.426 75.413 82.397 94.380 99.360 101.339 100.318 96.296 99.276 92.258 74.245 66.237 45.240 3.264 0.000 0.000 0.000 0.000 37.916 70.892 13.874 0.000 46.822 71.812 90.797 98.778 84.755 87.729 73.708 31.694 0.000 55.650 24.647 16.644 27.643 27.642 0.000 0.000 0.000 0.000 0.000 28.805 47.749 120.687 149.606 132.485 116.036 114.979 106.647 105.285 105.157 105.022 70.245
64.519 64.519 64.518 64.517 64.516 64.515 64.513 63.511 63.508 66.506 72.502 71.498 67.494 63.489 63.484 63.478 64.471 64.464 64.456 64.446 63.435 62.423 64.409 70.394 77.378 86.361 94.343 90.326 79.310 67.297 63.287 68.281 76.281 52.288 30.291 30.274 16.236 17.169 53.057 73.994 23.970 5.978 65.930 97.905 99.882 78.856 81.821 80.776 68.742 57.717 8.692 36.666 10.656 0.000 11.643 0.000 1.330 0.000 0.000 0.000 0.000 9.863 72.806 78.723 74.707 75.864 73.836 105.625 105.518 105.405 72.600 75.376 77.245
64.525 64.524 64.524 64.523 64.522 64.521 64.519 64.517 64.515 64.512 63.509 63.505 63.500 64.495 64.490 64.485 64.479 64.472 64.464 64.456 64.446 64.435 64.423 63.410 62.397 63.382 67.368 65.355 64.342 68.332 71.324 70.319 68.317 70.316 70.311 67.294 67.264 71.216 46.147 32.058 21.033 39.033 84.016 97.996 77.972 70.941 69.898 49.813 45.766 8.741 0.000 0.000 0.000 1.600 0.000 0.000 5.330 20.303 35.255 5.186 19.100 81.948 88.931 87.000 84.984 86.062 105.825 105.727 86.853 93.642 86.494 92.265 84.105
64.531 64.531 64.530 64.530 64.529 64.527 64.526 64.524 64.522 64.519 64.516 64.512 64.507 64.502 64.497 64.492 64.487 64.481 64.474 63.466 70.458 72.448 64.438 63.427 62.416 63.404 65.393 68.382 71.373 70.365 65.359 66.354 73.351 76.348 72.342 66.330 63.310 72.283 3.257 0.000 6.070 79.107 88.106 75.090 67.067 87.040 33.017 0.000 0.000 0.000 0.550 0.556 0.578 1.601 0.000 0.000 30.356 72.325 101.277 62.210 95.090 103.244 100.203 99.292 106.099 106.012 105.920 98.941 100.817 100.514 99.373 98.303 16.218
64.537 64.537 64.537 64.536 64.535 64.534 64.533 64.531 64.529 64.526 67.523 67.519 65.514 69.508 67.504 64.500 64.495 64.490 63.485 61.478 72.470 80.462 66.454 63.444 65.435 68.426 70.417 69.409 66.401 68.396 73.391 75.388 76.386 76.383 71.379 65.372 74.362 93.350 12.341 0.000 0.000 53.218 76.210 73.193 77.166 97.135 31.114 0.000 0.543 0.544 0.544 0.539 0.576 2.605 0.000 28.469 80.417 96.363 99.291 104.288 101.450 98.438 106.339 106.263 106.183 98.257 99.041 99.913 99.592 99.563 92.494 69.399 0.000
64.544 64.544 64.544 64.543 64.542 64.541 64.540 64.539 64.537 65.534 72.532 72.528 49.523 17.514 38.510 68.508 62.505 65.501 71.496 74.490 74.484 70.477 66.469 67.462 70.454 69.447 68.440 70.434 74.429 74.425 76.423 75.421 66.421 61.420 63.420 76.418 95.416 105.415 27.416 0.000 0.000 28.337 84.325 86.304 93.270 92.219 28.189 0.000 0.543 0.000 0.000 0.420 0.000 6.614 32.586 76.529 98.446 101.460 100.547 100.547 99.638 106.483 106.412 98.467 99.266 100.127 99.913 99.767 99.723 91.655 83.613 0.000 0.000
64.551 64.551 64.551 64.550 64.549 64.549 64.548 64.546 64.545 66.543 75.541 86.538 62.535 0.000 5.513 53.517 79.516 71.513 69.508 69.503 67.498 66.492 68.486 70.479 68.473 64.468 66.462 78.458 80.455 70.454 64.453 61.454 61.456 66.458 80.461 96.464 93.469 77.477 49.493 17.528 11.524 55.468 84.447 66.429 57.390 49.281 14.235 0.000 0.000 10.852 1.855 0.150 0.000 25.652 76.620 98.533 100.725 99.716 99.824 106.684 106.620 106.553 98.531 100.414 100.126 99.999 99.944 99.870 93.793 80.729 70.691 0.000 0.000
64.558 64.558 64.558 64.557 64.557 64.556 64.556 64.555 64.554 66.552 76.551 63.548 19.545 1.553 0.000 21.532 75.529 67.526 69.522 68.517 66.512 69.507 70.502 67.497 64.492 60.488 70.484 84.481 71.480 61.481 62.482 67.485 77.490 88.495 99.501 92.509 70.519 65.532 84.549 91.569 92.574 96.565 71.568 32.575 4.580 0.000 0.000 0.000 0.000 23.851 10.852 0.000 30.768 76.698 98.713 100.899 99.915 106.862 106.805 106.746 98.803 99.601 100.489 100.187 100.171 100.110 100.034 100.941 88.860 59.774 48.733 6.732 0.732
63.566 63.565 64.565 64.565 64.564 64.564 64.564 64.563 64.563 67.562 77.561 48.560 0.000 7.561 45.558 47.548 64.543 66.539 54.535 36.531 74.527 69.523 65.518 64.514 62.510 64.507 80.504 83.503 65.504 68.506 80.510 89.516 98.523 96.531 84.540 70.552 63.566 79.583 83.603 71.624 52.640 50.649 38.684 18.722 7.775 1.940 0.180 20.247 15.248 0.000 0.000 24.855 76.871 99.967 100.984 99.092 106.969 106.916 98.971 99.781 100.658 100.464 100.341 100.316 100.263 100.211 103.140 67.005 46.932 0.000 0.000 0.000 0.000
72.573 70.573 67.572 65.572 62.572 62.572 62.572 62.572 61.572 66.571 78.571 61.571 42.574 50.570 68.566 64.560 61.556 67.552 62.549 49.545 69.542 63.538 62.535 62.531 64.528 78.525 86.524 52.524 44.526 94.530 99.537 94.545 83.554 73.565 65.578 61.592 72.610 84.631 52.656 27.683 10.714 1.755 18.798 17.856 7.937 9.067 12.189 40.249 24.248 0.000 0.000 57.107 99.133 98.251 107.118 107.070 107.020 99.010 100.902 100.626 100.518 100.486 102.442 97.391 99.360 100.332 111.310 0.000 0.000 0.000 0.000 0.000 0.000
73.582 75.581 81.579 82.578 82.580 79.580 80.581 79.581 78.581 78.581 80.580 63.580 67.580 66.578 63.575 66.572 66.568 65.565 70.562 72.559 66.557 60.554 62.551 64.548 78.545 83.543 72.541 66.542 75.545 98.552 81.562 72.573 64.585 62.598 64.612 63.630 77.651 86.676 50.705 26.740 14.782 16.839 19.893 11.964 13.053 19.157 21.252 14.310 0.000 0.000 35.345 77.352 107.250 107.208 107.165 99.249 100.053 100.949 100.657 100.653 101.610 101.563 74.518 52.454 87.453 101.448 106.457 46.516 0.000 0.000 0.000 0.000 0.000
66.591 60.589 13.584 15.583 24.588 71.589 68.590 68.590 68.590 72.590 81.590 62.589 63.589 62.587 65.585 69.583 70.580 68.578 67.576 70.574 71.572 68.570 62.567 79.565 85.562 76.559 82.557 99.557 96.561 78.571 66.586 62.600 64.614 64.628 63.645 68.664 84.688 86.716 78.749 81.788 52.837 14.898 6.970 6.056 18.153 25.255 15.353 12.431 4.456 30.567 78.536 107.327 107.290 99.394 100.202 101.087 100.899 100.784 100.768 101.720 99.679 93.638 18.616 0.000 69.552 104.548 101.555 100.575 0.000 0.000 0.000 0.000 0.000
64.602 56.602 0.000 0.000 6.599 67.599 63.599 63.600 63.600 67.599 81.599 59.599 63.598 67.597 69.596 70.594 67.593 64.591 62.589 64.588 74.587 87.585 82.584 83.582 60.580 54.576 106.570 92.568 59.571 19.585 39.612 67.628 64.642 64.657 66.674 59.694 43.722 33.752 45.786 85.827 61.878 14.946 10.032 5.138 14.246 19.359 13.476 18.575 18.663 56.723 107.383 98.587 102.324 101.227 101.040 100.930 100.905 100.869 101.826 101.789 66.749 42.692 28.691 31.698 82.653 103.638 99.639 90.654 8.689 0.000 0.000 0.000 0.000
64.614 64.615 47.621 0.000 7.609 68.609 64.609 64.609 63.609 64.609 79.609 66.608 69.608 71.607 70.607 65.606 62.605 63.604 63.603 62.602 72.602 95.601 91.601 78.600 71.599 62.594 38.579 27.573 14.572 0.000 20.649 69.657 64.669 66.683 49.699 23.718 8.752 5.783 47.817 64.856 33.903 5.975 9.075 14.219 21.333 17.460 11.615 4.775 8.114 55.977 107.454 101.476 101.235 101.057 101.041 101.005 100.964 100.926 98.890 89.858 22.835 0.000 39.759 98.748 103.726 101.712 95.709 85.714 3.724 0.000 0.000 0.000 0.000
61.623 63.624 60.626 0.000 3.619 68.619 63.619 61.619 63.619 67.619 71.618 70.618 70.618 68.618 62.617 63.617 63.617 64.616 64.616 69.616 87.616 86.617 79.618 88.619 86.621 57.623 0.000 0.000 0.000 0.000 18.678 69.684 64.694 67.707 38.722 0.753 34.787 60.811 80.843 49.876 1.905 0.000 0.000 3.329 13.408 13.535 13.719 8.089 5.222 107.653 107.556 100.384 101.229 101.129 101.095 101.056 101.018 102.982 87.949 70.920 30.897 6.887 54.838 84.811 93.790 102.776 91.769 80.768 2.770 0.000 0.000 0.000 0.000
68.632 66.632 55.633 0.000 54.630 62.630 64.629 68.629 69.629 70.629 68.628 69.628 67.628 63.628 63.628 64.629 64.629 63.629 65.629 88.630 87.631 69.632 82.635 80.638 84.643 82.653 45.675 1.690 10.699 40.703 45.700 65.706 64.716 64.731 59.751 51.781 68.805 67.833 61.866 83.902 31.934 0.000 0.000 7.360 12.434 10.549 11.697 35.914 60.357 107.743 102.717 102.460 102.200 101.186 101.145 101.108 102.072 100.037 55.004 31.974 43.948 44.925 98.894 100.868 80.848 90.833 85.824 58.819 23.818 0.000 0.000 0.000 0.000
69.640 70.640 67.642 55.644 69.641 69.640 69.639 70.639 70.639 71.638 83.638 65.637 63.638 63.639 64.640 64.640 64.641 65.641 79.642 90.643 65.645 69.647 96.650 88.655 76.661 79.670 82.684 66.695 71.704 86.710 79.715 67.723 60.734 60.749 71.769 87.794 74.820 46.850 18.886 73.931 62.996 12.104 15.208 20.319 16.417 7.533 9.625 50.924 103.176 107.825 99.697 102.346 103.274 101.235 101.197 101.159 94.123 84.088 41.056 12.025 20.997 21.971 82.944 124.920 105.900 81.885 73.874 52.868 61.865 14.865 0.000 1.041 5.041
74.647 74.648 70.649 70.650 70.650 71.649 71.649 67.649 64.649 63.648 26.648 16.646 67.649 64.650 64.651 64.652 63.652 66.653 90.655 76.656 61.659 67.661 84.665 101.670 96.676 93.684 91.694 87.703 83.712 82.719 90.727 87.736 81.748 77.764 80.783 84.805 46.832 10.862 9.897 25.941 22.015 7.107 16.202 26.290 22.385 13.507 6.668 49.913 107.978 107.903 102.593 104.434 101.320 101.287 102.247 98.210 82.173 75.138 81.105 87.074 71.045 93.017 107.991 124.967 133.947 117.931 79.920 84.912 59.909 0.000 0.000 0.000 0.000
13.653 14.656 74.656 69.658 69.658 64.658 61.658 63.659 58.659 11.659 11.659 0.660 68.661 64.661 64.662 64.663 64.664 82.665 89.667 62.669 64.672 64.675 67.679 73.683 75.689 75.696 71.704 74.712 90.720 83.728 74.736 77.746 84.759 88.774 91.792 88.814 63.839 28.868 11.898 10.922 0.000 0.148 11.203 20.254 4.319 0.000 19.843 80.082 108.050 99.943 103.662 103.397 101.379 101.336 102.297 97.258 84.222 50.186 57.153 100.121 111.091 143.062 134.036 106.012 93.991 110.974 89.961 83.953 58.949 0.000 0.000 0.000 0.000
0.667 9.666 23.663 78.666 63.667 61.668 63.668 63.668 64.669 11.670 2.671 57.674 65.673 64.673 64.673 64.674 66.675 90.677 75.679 61.681 64.684 64.687 64.691 63.696 63.701 63.708 62.714 69.722 98.729 77.736 8.744 16.753 28.768 79.782 89.798 73.818 78.843 65.873 17.904 14.928 0.061 5.112 18.155 10.204 0.000 0.000 37.993 108.189 108.120 102.826 104.561 100.467 101.426 101.385 101.345 101.306 88.269 51.233 66.199 103.166 99.135 133.105 128.078 97.053 102.031 88.012 68.998 86.989 64.986 0.000 0.000 0.000 0.000
62.683 58.680 0.000 70.677 80.677 81.677 62.678 74.678 81.679 57.680 55.681 65.682 64.683 64.683 64.684 64.685 83.687 87.688 62.690 64.693 63.696 62.699 64.703 64.708 64.713 64.718 63.724 71.731 100.737 81.744 27.750 0.763 51.777 76.787 89.801 68.818 58.842 17.878 10.918 13.956 12.012 20.069 24.100 0.000 0.000 16.933 79.166 108.255 100.089 103.804 103.543 101.520 101.474 101.432 101.391 102.352 93.315 82.278 105.243 130.209 118.177 135.146 132.117 126.091 133.067 99.046 76.031 86.021 94.018 23.029 0.000 0.000 0.000
64.690 63.689 58.691 64.688 63.687 11.687 85.687 77.688 64.688 65.689 65.690 64.692 64.693 64.694 64.695 67.696 90.698 73.699 63.701 64.704 70.707 78.711 64.714 62.719 64.723 63.729 66.734 90.740 98.746 73.753 61.760 49.771 71.779 70.789 31.800 16.813 13.827 0.000 2.935 2.967 4.010 5.051 7.075 0.000 20.046 77.165 99.306 108.320 101.051 101.689 101.609 101.564 101.520 101.478 101.437 102.397 93.359 76.322 72.286 105.251 95.218 109.186 112.155 100.126 102.099 74.076 51.057 65.044 132.038 85.039 20.042 10.042 32.042
64.697 64.697 64.697 64.696 64.696 58.696 74.696 90.697 66.698 63.699 64.700 64.701 64.703 64.704 63.705 86.707 88.708 62.710 64.712 65.715 62.718 24.722 83.725 78.729 65.734 63.738 81.743 100.749 84.754 64.760 64.767 65.774 68.781 72.789 9.798 10.805 0.000 0.000 14.921 0.000 0.000 0.000 0.000 0.000 43.194 100.324 108.444 108.383 100.938 101.767 101.648 101.609 101.565 101.522 101.481 100.441 85.402 87.364 107.328 126.292 125.257 130.224 135.191 122.159 120.129 107.101 56.078 54.062 130.052 94.047 32.044 25.043 90.043
64.704 64.704 64.704 64.704 64.704 64.705 64.705 75.706 90.707 66.708 63.710 64.711 64.712 62.714 70.716 91.717 71.719 63.721 65.723 63.724 5.729 2.732 71.736 72.740 78.744 77.748 85.753 84.757 65.762 63.767 65.773 68.778 73.783 73.787 0.000 0.000 0.000 1.904 25.906 12.902 13.900 12.900 0.000 4.485 51.531 105.561 108.504 100.285 101.990 101.722 101.700 101.652 101.608 101.565 101.524 101.484 87.444 83.406 104.368 105.332 105.296 108.261 108.226 107.191 112.156 85.120 61.091 76.072 91.060 30.054 0.000 0.000 34.043
64.712 66.711 66.711 64.712 64.713 64.713 64.714 64.715 75.716 90.717 66.719 61.721 61.722 78.724 90.726 84.728 61.730 64.732 60.733 6.732 3.739 57.744 64.747 64.750 70.754 87.758 87.761 80.765 73.770 65.774 52.778 22.782 87.786 67.788 0.000 0.000 0.000 0.897 14.899 7.899 21.899 10.899 0.000 4.728 24.763 108.621 108.563 101.153 101.881 101.784 101.739 101.694 101.650 101.607 101.566 102.525 97.486 87.447 82.409 81.371 81.334 81.297 81.261 85.224 59.184 3.133 29.096 85.075 81.063 42.056 4.052 0.000 33.043
65.719 2.719 3.716 64.720 63.721 62.722 62.723 61.724 61.725 74.727 89.728 82.730 89.732 91.734 78.736 62.739 69.741 69.743 57.745 0.000 5.753 68.755 64.758 66.761 90.764 97.767 75.770 66.774 73.777 80.781 68.784 4.788 47.790 65.792 0.000 0.000 0.000 1.887 7.892 4.896 18.897 0.000 0.000 4.947 10.306 108.677 106.412 102.116 101.854 101.828 101.779 101.734 101.690 101.648 101.606 101.566 102.526 101.487 99.448 98.409 98.371 99.333 101.296 75.259 17.221 0.000 14.083 70.070 101.060 92.053 65.048 41.044 58.043
64.728 63.728 0.000 63.729 74.730 78.730 82.731 87.732 90.734 91.736 91.738 91.740 77.742 64.744 80.747 97.749 98.752 98.755 91.759 69.766 4.765 65.767 63.769 72.771 100.773 87.776 64.779 63.782 65.785 68.787 59.790 4.793 24.796 24.798 0.000 0.000 0.000 7.879 2.886 0.000 1.897 0.000 12.875 14.260 5.589 108.731 110.360 105.993 101.911 101.863 101.818 101.773 101.730 101.688 101.646 101.606 101.566 101.527 101.487 101.447 102.407 105.369 77.332 10.296 0.000 0.000 0.000 15.062 71.055 102.048 93.044 69.042 46.042
64.736 66.737 62.740 64.739 79.738 78.739 74.740 70.741 69.742 65.744 86.747 76.749 87.752 78.754 94.757 90.760 83.762 84.766 95.769 101.773 90.775 91.777 83.779 91.781 99.783 72.785 63.787 64.790 64.792 63.794 63.797 65.799 60.802 9.806 69.813 60.818 0.000 1.865 0.000 0.000 0.000 3.620 81.732 78.954 108.828 108.781 104.239 105.061 101.941 101.901 101.855 101.811 101.768 101.726 101.686 101.646 101.606 101.567 101.527 103.486 108.441 77.403 17.368 0.000 0.000 0.000 0.000 0.000 12.048 63.041 98.038 48.036 0.000
66.744 2.743 61.746 64.746 64.747 64.747 63.748 64.749 66.750 64.753 76.756 71.759 80.761 91.764 79.767 64.770 65.773 66.776 67.780 72.783 85.785 95.788 101.789 99.791 88.793 64.794 64.796 64.798 64.799 64.801 65.803 88.805 61.807 1.810 65.815 15.824 9.837 2.851 0.000 0.000 0.000 13.538 101.748 103.944 108.872 102.578 102.276 102.008 101.984 101.935 101.891 101.847 101.805 101.764 101.724 101.685 101.646 101.608 103.569 88.528 42.468 9.436 0.000 0.000 0.000 0.000 0.000 0.000 0.000 34.031 96.030 48.029 0.000
67.752 0.753 61.754 64.754 64.755 64.755 64.756 65.757 3.756 63.762 67.765 78.768 78.771 86.774 91.777 77.780 62.783 62.787 62.790 64.793 66.796 67.798 68.800 68.801 67.803 66.804 62.805 62.806 63.807 64.808 75.809 89.810 60.811 54.812 56.814 0.000 0.000 2.851 0.000 0.000 0.000 17.558 100.666 108.955 108.913 101.434 102.158 102.060 102.015 101.969 101.925 101.883 101.841 101.801 101.762 101.723 101.685 101.649 106.615 62.587 0.000 0.000 0.000 0.000 0.000 0.000 0.000 0.000 0.000 37.023 97.022 56.021 0.000
