results3/res_3e8f-0165.wd
ncols         241
nrows         181
xllcorner     12693529.787448
yllcorner     3542525.717860
cellsize      155.156523
NODATA_value  -9999.000000
[rows 99 to 131 of 181, columns 73 to 145 of 241]
59.545 59.521 59.497 58.471 58.445 63.417 66.389 63.363 59.343 59.333 53.335 9.340 0.000 0.000 0.000 0.000 0.000 14.570 72.537 97.493 95.486 94.643 101.312 101.242 94.344 95.042 94.890 94.783 95.679 95.582 94.494 98.420 57.368 0.000 0.000 0.000 0.000 0.000 0.000 33.639 59.566 71.453 39.314 21.105 51.011 53.929 51.839 55.723 52.515 50.185 19.852 44.609 48.482 63.397 69.334 72.288 70.254 65.230 58.214 53.206 48.201 26.193 0.000 0.000 0.000 0.000 20.634 38.633 50.633 74.633 75.633 75.633 75.633
59.594 59.572 58.548 56.523 60.495 65.465 66.433 66.396 60.369 57.353 62.347 62.346 23.347 0.000 17.205 47.152 24.039 3.839 60.744 100.623 95.873 95.889 101.372 93.656 95.445 95.101 95.014 94.904 94.799 94.700 96.612 95.543 31.500 0.000 0.000 0.000 0.000 0.000 1.959 37.802 43.717 54.628 3.556 0.000 46.133 54.073 52.982 56.852 56.661 27.423 0.000 39.513 53.455 58.391 79.340 80.301 80.271 81.249 82.234 80.226 61.222 0.000 0.000 0.246 0.000 0.000 0.000 37.632 50.632 74.632 75.632 75.632 75.632
59.645 58.625 58.602 61.576 64.548 65.517 40.480 4.420 33.384 69.363 42.354 16.349 8.348 0.000 28.258 78.213 75.126 67.011 85.891 97.042 94.030 101.454 94.937 95.743 95.311 95.247 95.132 95.023 94.913 95.805 93.712 81.640 28.590 1.573 0.000 0.000 0.000 2.193 41.087 47.967 45.871 46.786 19.726 0.000 52.313 70.250 63.161 58.044 32.852 0.000 0.000 22.473 12.434 52.374 77.334 81.304 79.280 79.261 79.249 81.241 54.239 48.245 48.247 54.247 0.000 0.000 0.000 14.632 49.631 74.631 75.631 75.631 75.630
58.699 57.680 62.658 65.632 65.603 65.573 30.551 0.000 0.372 12.360 3.357 0.000 0.000 0.000 21.355 84.315 90.244 98.157 98.116 95.241 101.793 101.584 94.905 95.615 95.468 95.360 95.252 95.142 95.025 100.896 50.791 18.715 2.643 0.308 5.668 8.635 0.000 32.286 50.208 46.109 46.012 44.921 50.836 16.746 45.558 71.451 70.370 68.311 0.000 0.000 0.000 0.000 0.000 50.336 79.319 83.300 80.283 79.268 77.258 66.251 47.248 43.248 44.248 28.248 0.000 0.000 0.000 0.000 45.630 74.630 75.630 75.630 71.629
57.755 63.739 65.717 65.691 63.659 69.622 39.601 0.000 0.000 0.000 0.000 0.000 0.000 0.000 32.493 90.446 93.385 97.262 96.498 96.511 101.981 94.291 95.997 95.672 95.587 95.479 95.374 99.269 105.150 59.962 28.840 3.787 0.000 0.000 0.000 5.602 33.569 56.447 50.349 43.249 48.149 52.049 48.950 46.845 60.721 64.625 54.557 62.518 0.000 0.000 0.000 0.000 0.000 56.315 80.307 85.295 84.283 80.272 75.263 44.257 42.254 43.252 50.251 0.000 0.000 0.000 0.000 39.629 43.629 72.629 75.629 75.629 69.629
64.817 65.803 65.783 64.755 42.719 8.656 27.628 29.628 0.000 0.000 0.000 0.000 0.000 23.796 76.677 90.600 93.504 95.662 96.672 102.312 102.154 95.266 95.968 95.808 95.702 95.596 99.497 61.408 21.343 0.000 38.821 24.807 0.000 0.000 0.000 0.000 41.658 75.585 66.492 61.390 56.285 57.178 55.070 55.962 68.858 62.773 46.714 48.687 0.000 0.000 0.000 0.000 0.000 56.302 84.298 49.291 47.282 79.272 82.266 52.261 43.258 48.255 18.253 0.000 0.000 0.000 0.000 12.629 39.629 57.629 73.628 76.628 69.628
65.884 65.874 61.855 65.827 47.805 0.000 18.628 48.628 0.000 0.000 0.000 0.000 14.010 75.914 89.821 95.743 95.714 95.856 102.595 102.458 94.594 96.370 96.019 95.930 95.816 95.708 99.608 71.525 3.470 0.000 8.816 11.811 0.000 0.000 0.000 0.000 28.820 60.743 65.643 75.534 71.422 59.307 62.190 71.076 65.974 53.893 45.842 46.827 20.873 21.885 0.000 0.000 0.000 54.294 88.291 2.288 0.000 28.270 75.267 65.263 46.260 25.258 0.000 0.000 0.000 0.000 0.000 0.000 12.628 36.628 62.628 72.628 65.627
63.959 60.956 59.935 75.894 54.869 0.000 17.628 45.628 0.000 0.000 0.000 8.176 72.105 85.029 94.958 97.839 97.083 95.114 102.723 93.903 95.678 92.237 94.164 96.042 95.927 96.812 90.701 80.615 28.543 0.000 0.000 0.000 0.000 0.000 0.000 16.246 51.059 55.925 55.803 57.683 66.562 69.437 72.307 66.179 53.068 46.985 45.932 44.908 48.908 33.896 0.000 0.000 0.000 43.288 80.286 46.282 35.277 27.272 70.268 76.265 56.263 0.000 0.000 7.264 0.000 0.000 0.000 0.000 0.000 31.627 55.627 60.627 47.627
58.044 67.053 63.036 3.946 4.907 0.000 8.628 8.628 0.000 0.000 0.000 9.248 88.204 90.148 98.059 97.226 96.247 102.948 102.840 95.862 95.550 95.391 95.273 94.156 95.037 96.913 53.768 4.692 0.000 0.000 0.000 0.000 0.000 19.814 36.671 51.433 62.245 59.093 57.960 54.833 55.706 58.571 70.423 71.265 63.135 52.047 44.993 44.964 46.954 0.000 0.000 0.000 0.000 28.283 70.282 48.279 44.276 44.272 76.268 79.266 62.265 25.265 15.264 58.264 0.000 0.000 0.000 0.000 0.000 34.627 58.627 53.627 39.626
59.137 69.178 56.211 0.000 0.000 0.000 5.628 17.628 1.628 0.000 0.511 75.362 85.320 97.264 97.260 96.403 103.141 103.047 95.174 96.949 96.601 96.508 96.389 96.272 98.153 48.033 0.000 0.000 0.000 0.000 0.000 9.316 35.180 51.956 64.767 60.571 59.396 59.244 59.110 59.984 57.858 56.720 30.548 49.324 74.160 56.076 44.028 47.001 44.991 32.997 0.000 0.000 0.000 29.281 62.279 40.277 0.000 0.000 32.267 69.266 58.265 67.265 74.264 33.264 0.000 0.000 0.000 0.000 0.000 9.626 49.626 47.626 40.626
57.227 61.310 60.418 36.579 0.000 0.000 0.000 3.628 6.628 0.000 28.599 88.509 95.449 97.371 97.531 95.654 103.226 95.461 97.243 96.809 96.740 96.620 97.505 98.388 60.271 0.000 0.000 0.000 0.000 0.000 11.632 54.452 65.268 61.064 59.870 59.687 59.522 59.379 59.251 59.135 59.023 67.901 6.724 0.000 42.102 51.071 43.041 52.021 52.011 34.004 0.000 0.000 0.000 0.000 46.275 83.274 51.272 0.000 25.266 70.266 64.265 55.265 55.264 0.000 0.000 0.000 0.000 0.000 0.000 0.000 28.626 39.626 40.626
69.298 7.417 63.572 61.740 50.940 10.062 0.341 0.000 0.000 19.763 78.697 92.629 98.570 97.555 96.710 103.372 103.303 96.410 97.109 96.957 96.847 97.738 99.622 60.505 0.000 0.000 0.000 0.000 10.198 41.061 51.812 63.593 60.375 60.161 56.962 56.784 56.629 57.496 59.381 59.282 62.198 39.137 0.000 0.000 22.077 47.063 46.046 64.033 60.026 0.000 0.000 0.000 0.000 0.000 30.272 75.271 87.270 44.268 70.266 84.266 76.265 52.264 45.264 17.264 0.000 0.000 0.000 0.000 0.000 0.000 34.625 40.625 44.625
51.338 4.489 65.712 55.869 63.019 55.178 16.452 3.732 12.833 79.831 88.793 98.751 97.639 97.907 95.934 103.431 95.698 97.491 97.152 97.068 97.960 98.860 52.741 0.000 0.000 0.000 0.000 2.514 53.335 64.173 61.963 60.732 62.480 62.242 68.034 72.857 67.714 60.596 54.496 58.414 64.350 22.313 0.000 0.000 18.067 50.056 51.047 73.039 61.035 0.000 0.000 0.000 0.000 0.000 18.270 70.269 79.268 84.267 80.266 80.265 84.265 68.264 47.264 48.263 17.263 10.263 0.000 0.000 0.000 36.625 41.625 39.625 44.625
0.000 0.000 33.917 85.007 48.089 0.000 0.000 17.911 77.936 82.931 96.911 97.820 98.100 96.031 103.515 95.955 97.765 97.341 97.284 98.174 95.069 49.999 0.000 0.000 0.000 0.000 8.811 55.662 63.499 61.331 61.135 64.894 39.569 18.295 21.075 37.895 63.775 65.677 66.593 58.526 59.477 20.451 0.000 0.000 0.000 31.050 49.045 56.041 55.039 4.039 0.000 0.000 0.000 0.000 18.268 61.268 74.267 79.266 80.266 81.265 77.265 73.264 58.264 46.263 50.263 56.263 0.000 0.000 0.000 2.625 39.625 40.624 42.624
0.000 0.000 11.034 86.150 73.242 0.000 0.000 25.066 86.067 94.058 98.010 99.206 99.243 103.830 103.638 96.906 97.621 97.483 97.385 92.283 82.140 33.070 0.000 0.000 8.220 44.131 52.960 64.812 61.667 61.518 65.353 43.138 0.941 0.000 0.000 23.874 61.814 58.742 62.675 68.620 68.581 46.563 0.000 0.000 0.000 13.047 51.044 45.042 52.041 3.040 0.000 0.000 0.000 0.000 23.267 48.267 65.266 79.266 74.265 67.265 69.264 30.264 55.263 64.263 57.263 53.262 0.000 0.000 0.000 0.000 0.000 34.624 39.624
0.000 0.000 0.000 14.318 63.487 3.099 13.229 79.219 91.210 98.194 98.213 98.391 104.179 104.009 96.192 97.991 97.658 97.587 90.498 56.431 0.000 0.000 0.000 16.396 62.310 56.212 64.086 61.960 61.838 62.722 40.620 1.429 0.000 0.000 0.000 22.913 64.865 58.804 58.745 60.697 64.665 66.656 18.685 0.000 0.000 0.000 32.043 51.042 26.041 0.000 0.000 0.000 0.000 0.000 16.266 44.266 55.266 62.265 54.265 51.265 16.265 0.000 4.263 48.263 52.262 61.262 0.000 0.000 0.000 0.000 0.000 28.624 39.624
0.000 0.000 0.000 0.000 1.056 13.324 82.370 87.371 98.365 98.299 99.585 99.658 104.339 96.490 98.270 97.839 97.780 87.678 76.592 40.511 0.000 0.000 0.000 56.482 78.412 63.320 55.213 63.105 61.002 63.913 33.853 0.000 0.000 0.000 19.085 54.001 60.929 59.863 59.804 56.757 52.726 54.712 16.714 0.000 0.000 0.000 13.042 58.042 6.042 0.000 0.000 0.000 0.000 0.000 16.265 46.265 45.265 44.265 42.264 48.264 0.000 0.000 0.000 23.262 46.262 64.262 8.261 0.000 0.000 0.000 0.000 0.000 32.624
0.000 0.000 0.000 0.000 0.000 85.561 84.554 98.540 98.496 99.701 99.775 104.632 104.489 97.443 99.128 96.973 82.858 71.765 45.678 0.000 0.000 0.000 50.759 68.637 68.538 75.441 63.342 53.244 59.153 69.076 72.025 35.035 0.000 0.000 18.168 66.076 59.989 59.914 58.851 54.802 48.769 49.751 15.745 0.000 0.000 0.000 0.000 31.042 39.041 0.000 0.000 0.000 0.000 0.000 24.265 48.265 42.264 43.264 43.264 45.264 28.264 0.000 0.000 0.000 33.262 54.261 32.261 6.261 0.000 0.000 0.000 0.000 27.624
0.000 0.000 0.000 0.000 24.927 85.805 97.748 98.710 99.721 101.909 104.897 104.767 96.749 98.514 95.166 84.067 72.923 44.844 0.000 0.000 0.000 52.997 73.881 59.767 51.664 65.565 77.469 65.377 68.290 69.211 56.136 62.045 40.827 3.274 26.345 58.147 54.035 60.954 55.885 47.832 46.798 50.779 12.771 0.000 0.000 0.000 0.000 18.041 58.041 3.041 0.000 0.000 0.000 0.000 0.000 30.264 45.264 43.264 43.264 43.263 51.263 0.000 0.000 0.000 0.000 35.261 46.261 52.261 0.000 0.000 0.000 0.000 0.000
0.000 0.000 0.000 0.000 68.049 93.982 99.928 98.834 99.104 97.185 105.023 97.030 98.796 93.365 82.298 57.179 0.000 0.000 0.000 0.000 53.231 74.114 60.999 49.889 49.785 51.686 62.592 77.503 68.420 53.342 61.265 63.182 37.090 0.000 23.238 83.132 70.050 58.981 52.902 48.842 45.812 46.795 40.789 4.792 0.000 0.000 0.000 0.000 37.041 9.041 0.000 0.000 0.000 0.000 0.000 10.264 47.264 43.263 43.263 43.263 45.263 29.263 0.000 0.000 0.000 16.261 43.261 46.261 0.000 0.000 0.000 0.000 0.000
0.000 0.000 0.000 71.361 68.238 74.155 89.066 100.241 97.305 105.257 105.142 97.963 93.650 82.503 61.398 0.000 0.000 34.854 0.000 5.471 78.348 61.229 50.114 51.004 49.900 52.802 66.710 75.625 76.545 60.471 56.399 67.327 41.260 0.000 0.000 14.093 27.053 9.017 0.000 18.822 49.811 56.802 57.797 43.796 0.000 0.000 0.000 0.000 0.000 0.000 0.000 0.000 0.000 0.000 0.000 11.263 47.263 46.263 49.263 44.263 41.263 50.263 0.000 0.000 0.000 23.260 57.260 62.260 0.000 0.000 0.000 0.000 0.000
0.000 0.000 10.588 72.485 69.386 70.306 80.281 96.447 105.475 105.367 97.241 94.007 81.678 55.603 0.000 0.000 51.903 50.854 32.754 16.594 66.462 50.339 51.223 50.113 51.009 65.912 71.822 35.740 26.665 78.598 64.535 42.468 3.364 0.000 0.000 0.000 0.000 0.000 0.000 15.814 67.809 61.804 58.800 54.799 9.800 0.000 0.000 0.000 0.000 0.000 0.000 0.000 0.000 0.000 0.000 35.263 44.263 19.263 0.000 19.263 44.262 48.262 0.000 0.000 0.000 25.260 61.260 30.260 0.000 0.000 0.000 0.000 0.000
0.000 85.779 73.691 70.603 68.524 69.403 70.646 74.711 105.579 96.482 92.244 81.834 55.791 0.000 0.000 0.000 55.953 53.904 73.814 57.691 50.566 51.443 50.326 53.215 73.111 70.015 50.927 46.848 51.778 79.720 76.674 40.645 0.000 0.000 0.000 0.000 0.000 0.000 0.000 15.811 74.807 74.804 69.802 60.801 5.800 0.000 0.000 0.000 0.000 0.000 0.000 0.000 0.000 0.000 8.263 47.263 49.263 0.000 0.000 4.262 47.262 48.262 0.000 0.000 0.000 0.000 32.260 0.000 0.000 0.000 0.000 0.000 0.000
1.951 83.867 97.794 89.720 74.622 75.780 67.828 105.776 105.679 75.365 80.043 55.941 0.000 0.000 0.000 0.000 58.050 70.997 68.905 50.790 50.666 50.543 61.424 73.311 62.206 51.109 51.022 50.945 51.880 60.829 78.796 74.793 35.847 0.000 0.000 0.000 0.000 0.000 0.000 0.000 60.805 62.804 74.802 75.801 31.801 0.000 0.000 0.000 0.000 0.000 0.000 0.000 0.000 0.000 39.263 49.263 26.263 0.000 0.000 8.262 48.262 46.262 0.000 0.000 0.000 0.000 0.000 0.000 0.000 0.000 0.000 0.000 0.000
20.024 96.967 99.901 99.831 94.805 84.960 105.963 105.870 67.526 62.301 0.000 0.000 0.000 0.000 0.000 0.000 69.201 74.128 50.021 51.896 51.766 63.638 72.515 54.399 51.292 51.195 51.107 51.032 50.969 50.921 59.890 79.882 72.901 46.932 37.945 41.948 10.949 0.000 0.000 0.000 0.000 40.803 80.802 80.801 41.801 0.000 0.000 0.000 0.000 0.000 0.000 0.000 0.000 0.000 28.262 27.262 0.000 0.000 0.000 0.000 28.262 55.262 0.000 0.000 0.000 0.000 0.000 0.000 0.000 0.000 0.000 0.000 0.000
90.142 100.076 100.016 99.903 104.147 95.206 106.054 67.629 70.311 64.999 0.000 0.000 0.000 0.000 0.000 62.584 74.426 51.294 52.154 52.009 59.865 72.727 50.598 51.479 51.369 51.270 51.181 51.105 51.042 50.994 50.961 54.945 55.944 50.951 51.954 58.951 40.950 0.000 0.000 0.000 0.000 0.000 35.801 71.801 34.801 0.000 0.000 0.000 0.000 0.000 0.000 0.000 0.000 0.000 0.000 0.000 0.000 0.000 0.000 0.000 0.000 7.262 0.000 0.000 0.000 0.000 0.000 0.000 0.000 0.000 0.000 0.000 0.000
96.247 96.188 100.101 101.264 98.312 106.230 106.143 72.294 56.736 1.887 4.886 1.886 0.000 0.000 0.000 79.743 56.624 52.466 52.293 54.120 74.957 54.807 51.672 51.549 51.436 51.333 51.242 51.165 51.102 51.052 51.016 49.992 48.979 51.973 33.971 0.000 0.000 0.000 0.000 0.000 0.000 0.000 0.000 64.801 52.801 19.801 0.000 0.000 0.000 0.000 0.000 0.000 0.000 0.000 0.000 0.000 0.000 0.000 0.000 0.000 0.000 0.000 0.000 0.000 0.000 0.000 0.000 0.000 0.000 0.000 0.000 0.000 0.000
75.361 75.297 79.276 75.434 106.402 106.316 83.804 65.000 55.914 0.000 0.000 1.886 0.000 0.000 0.000 55.020 50.862 50.655 49.432 62.221 55.036 48.874 49.734 49.609 49.494 49.385 50.289 51.210 51.147 51.098 50.059 48.029 50.005 49.991 46.985 36.987 39.987 41.987 40.986 42.986 13.986 0.000 0.000 2.801 61.801 33.801 0.000 0.000 0.000 0.000 0.000 0.000 0.000 0.000 0.000 0.000 0.000 0.000 0.000 0.000 0.000 0.000 0.000 0.000 0.000 0.000 0.000 0.000 0.000 0.000 0.000 0.000 0.000
90.477 112.366 77.613 107.672 106.485 66.359 56.952 0.000 71.285 29.620 0.000 0.000 0.000 0.000 98.840 77.455 48.148 55.858 66.559 65.297 61.091 58.918 58.780 58.660 57.545 51.425 47.320 51.240 51.179 51.132 50.094 50.059 54.022 54.002 54.992 64.989 64.987 60.987 53.986 52.986 31.985 0.000 0.000 0.000 20.801 26.801 0.000 0.000 0.000 0.000 0.000 0.000 0.000 0.000 0.000 0.000 0.000 0.000 0.000 0.000 0.000 0.000 0.000 0.000 0.000 0.000 0.000 0.000 0.000 0.000 0.000 0.000 0.000
138.557 117.155 115.201 106.639 106.564 94.447 0.000 38.298 66.298 139.958 115.448 1.720 46.357 35.791 97.224 56.813 54.419 126.071 116.649 112.317 112.112 110.929 109.807 108.705 107.600 78.450 45.325 51.250 51.197 51.157 51.125 43.092 0.000 0.000 0.000 0.000 0.000 0.000 17.986 69.985 48.985 19.985 0.000 0.000 0.000 0.000 0.000 0.000 0.000 0.000 0.000 0.000 0.000 0.000 0.000 0.000 0.000 0.000 0.000 0.000 0.000 0.000 0.000 0.000 0.000 0.000 0.000 0.000 0.000 0.000 0.000 0.000 0.000
96.726 116.314 106.778 106.710 90.970 0.000 0.000 0.000 9.654 61.463 49.201 0.000 27.662 0.000 56.453 53.154 62.643 118.357 0.000 4.210 0.000 54.878 63.816 124.752 37.702 0.000 55.282 51.238 51.202 52.175 34.158 0.000 0.000 0.000 0.000 0.000 0.000 0.000 0.000 22.985 69.985 25.985 0.000 0.000 0.000 0.000 0.000 0.000 0.000 0.000 0.000 0.000 0.000 0.000 0.000 0.000 0.000 0.000 0.000 0.000 0.000 0.000 0.000 0.000 0.000 0.000 0.000 0.000 0.000 0.000 0.000 0.000 0.000
117.483 115.537 106.843 115.461 117.309 37.597 0.000 17.200 44.200 54.041 30.690 7.829 48.967 94.511 92.982 85.706 0.000 37.357 0.000 16.102 37.995 65.888 110.829 73.784 38.754 0.000 0.000 57.218 51.198 52.182 33.173 0.000 0.000 0.000 0.000 0.000 0.000 0.000 0.000 0.000 16.984 55.984 20.984 0.000 0.000 0.000 0.000 0.000 0.000 0.000 0.000 0.000 0.000 0.000 0.000 0.000 0.000 0.000 0.000 0.000 0.000 0.000 0.000 0.000 0.000 0.000 0.000 0.000 0.000 0.000 0.000 0.000 0.000
115.616 106.959 106.903 95.967 38.732 0.000 0.000 0.000 5.905 32.812 0.000 0.000 41.866 85.585 139.257 74.981 0.000 0.000 0.000 0.000 0.000 79.851 114.826 44.800 41.777 0.000 0.000 0.000 56.189 50.184 48.180 46.181 34.181 0.000 0.000 0.000 0.000 0.000 0.000 0.000 11.984 69.984 27.984 0.000 0.000 0.000 0.000 0.000 0.000 0.000 0.000 0.000 0.000 0.000 0.000 0.000 0.000 0.000 0.000 0.000 0.000 0.000 0.000 0.000 0.000 0.000 0.000 0.000 0.000 0.000 0.000 0.000 0.000
