results3/res_3e8f-0089.wd
ncols         241
nrows         181
xllcorner     12693529.787448
yllcorner     3542525.717860
cellsize      155.156523
NODATA_value  -9999.000000
[rows 66 to 98 of 181, columns 146 to 218 of 241]
22.328 37.255 59.184 60.117 60.053 59.992 59.932 59.872 59.815 62.769 0.000 0.000 0.000 0.000 0.000 0.000 0.000 0.000 27.830 2.831 0.000 9.827 39.824 39.824 39.825 46.825 52.824 52.820 52.814 52.805 52.794 52.781 52.768 52.754 52.741 54.729 39.720 40.714 32.712 0.000 0.000 0.000 0.000 0.000 7.288 14.269 23.235 17.191 0.000 0.000 7.481 28.428 36.365 30.300 25.237 25.176 15.117 12.060 12.005 14.953 35.903 47.855 42.810 31.767 38.726 45.688 49.653 49.619 48.588 48.559 48.533 48.507 48.484
25.395 44.321 62.251 60.186 60.126 60.069 60.012 59.952 64.889 53.828 23.827 20.826 0.000 0.000 0.000 0.000 0.000 0.000 0.829 0.000 0.000 0.000 9.814 40.814 49.813 52.812 52.810 52.807 52.801 56.794 54.785 52.775 52.764 52.754 51.743 43.734 37.725 43.720 33.717 0.000 0.000 0.000 0.000 0.000 13.275 18.264 14.250 0.000 0.000 0.000 9.371 12.345 26.303 35.254 24.201 23.147 21.093 12.039 11.987 10.937 16.888 40.842 47.797 32.755 34.715 36.678 38.643 42.610 46.579 48.551 49.524 48.499 48.476
30.459 51.384 61.313 60.250 60.195 60.146 58.096 57.035 11.962 0.000 27.826 33.826 0.000 0.000 0.000 0.000 0.000 0.000 0.000 0.000 0.000 0.000 22.804 42.804 52.802 52.801 52.798 52.795 52.790 54.784 53.777 52.769 52.761 53.753 43.745 41.737 44.728 39.723 31.720 0.000 0.000 0.000 0.000 17.273 20.273 0.000 0.000 0.000 0.000 17.261 19.287 29.278 32.250 43.211 41.166 29.118 18.068 10.018 11.968 11.919 6.872 20.826 37.783 41.742 46.703 43.666 36.631 41.599 44.569 44.540 42.514 44.490 47.467
35.522 58.444 62.367 63.305 60.260 61.223 56.192 2.177 0.000 26.825 27.825 32.825 40.825 0.000 0.000 0.000 0.000 0.000 0.000 0.000 0.000 5.794 28.796 41.794 53.792 52.790 52.788 52.785 52.781 53.776 52.770 52.764 52.758 49.752 43.747 8.742 0.000 0.000 0.000 0.000 0.000 0.000 0.000 13.272 20.272 0.000 0.000 0.000 34.224 20.234 15.240 43.230 48.207 49.175 53.135 47.091 35.044 14.996 11.948 11.900 9.854 10.809 16.767 17.726 24.688 32.652 39.618 43.586 44.556 45.529 41.503 44.479 45.456
17.587 22.505 32.404 8.342 65.318 62.292 47.273 24.264 0.000 0.000 0.000 0.000 0.000 0.000 0.000 0.000 0.000 0.000 0.000 0.000 0.000 6.792 31.791 34.785 50.783 52.781 52.778 52.776 56.772 55.768 52.764 52.760 53.755 44.752 47.749 0.000 0.000 0.000 0.000 0.000 0.000 0.000 0.000 0.000 7.272 16.271 0.000 0.000 65.214 28.213 10.209 41.196 49.175 49.145 49.109 52.067 51.022 30.975 13.927 11.880 9.835 12.791 13.749 21.709 26.671 15.636 15.602 20.571 25.542 31.515 36.490 40.466 44.444
63.661 42.583 0.000 0.000 69.379 61.356 48.344 30.335 0.000 0.000 0.000 0.000 0.000 0.000 0.000 0.000 0.000 0.000 0.000 0.000 0.000 0.000 0.000 36.773 52.773 52.771 52.770 52.768 54.765 53.762 52.758 52.755 53.752 41.750 51.749 0.000 0.000 0.000 0.000 0.000 0.000 0.000 0.000 0.000 0.000 0.000 0.000 0.000 2.205 18.196 11.186 41.171 49.151 49.123 50.088 50.047 50.002 42.954 18.906 14.860 12.815 9.771 30.729 42.690 48.653 32.618 25.585 21.555 19.527 16.500 16.476 16.453 44.431
39.751 0.000 0.000 66.598 66.462 64.409 55.410 40.399 0.000 0.000 0.000 0.000 0.000 0.000 0.000 0.000 0.000 0.000 0.000 0.000 0.000 0.000 18.758 41.762 53.763 52.763 52.762 53.760 52.758 52.755 52.753 52.750 53.748 46.747 11.748 0.000 0.000 0.000 0.000 0.000 0.000 0.000 0.000 0.000 0.000 0.000 0.000 0.000 0.000 15.181 14.167 32.153 47.134 50.109 44.074 40.032 45.985 36.933 19.884 18.838 27.793 22.750 45.708 49.669 48.632 46.598 46.566 43.537 41.510 38.484 34.460 26.438 46.417
66.822 56.830 62.801 18.734 0.000 0.000 61.490 35.450 0.000 0.000 0.000 0.000 0.000 0.000 0.000 0.000 0.000 0.000 0.000 0.000 0.000 0.000 34.753 46.755 53.755 52.755 52.755 54.753 54.752 52.750 52.747 52.745 51.744 47.743 0.000 0.000 0.000 0.000 0.000 0.000 0.000 0.000 0.000 0.000 0.000 0.000 0.000 0.000 0.000 0.000 3.147 29.139 47.125 48.104 29.067 32.024 33.972 30.909 15.860 12.815 35.771 44.726 48.684 50.645 50.609 51.576 49.546 49.517 50.491 49.466 50.444 50.422 49.402
68.885 60.868 65.837 16.805 0.000 0.000 52.608 0.619 0.000 0.000 30.763 0.000 0.000 0.000 0.000 0.000 0.000 0.000 0.000 0.000 0.000 0.000 37.748 49.748 53.749 52.749 52.748 53.747 53.746 52.744 52.742 53.740 49.739 44.737 0.000 0.000 0.000 0.000 0.000 0.000 0.000 0.000 0.000 0.000 0.000 0.000 0.000 0.000 0.000 0.000 8.136 24.131 46.124 48.116 0.000 0.000 0.000 20.870 14.832 9.793 23.750 42.701 48.658 50.619 50.584 50.552 48.523 48.496 49.471 48.448 48.426 49.405 49.386
60.966 60.918 60.877 58.842 45.819 31.781 24.725 23.743 19.756 22.762 25.763 25.764 0.000 0.000 0.000 0.000 0.000 0.000 0.000 0.722 0.000 0.000 36.742 50.743 52.743 52.743 52.742 52.742 52.740 52.739 52.737 52.736 34.734 29.731 27.727 22.725 0.000 0.000 0.000 0.000 0.000 0.000 0.000 0.000 0.000 0.000 0.000 0.000 0.000 25.128 16.129 20.127 40.123 41.120 14.120 0.000 0.000 0.000 11.804 16.777 15.733 34.673 47.627 48.589 48.556 48.526 48.498 48.473 48.449 48.427 48.407 48.388 48.370
61.012 60.959 60.911 59.869 56.834 58.799 32.769 11.764 49.764 22.765 26.765 2.764 0.000 0.000 0.000 0.000 0.000 0.000 0.000 44.723 0.000 0.000 35.736 49.737 53.737 52.737 54.737 55.737 53.736 52.734 52.733 50.731 43.729 34.727 35.725 34.723 0.000 0.000 0.000 0.000 0.000 0.000 0.000 0.000 0.000 0.000 0.000 0.000 0.000 28.127 20.127 27.125 42.122 37.121 43.120 0.000 0.000 0.000 0.000 0.000 0.000 24.630 47.587 48.555 48.525 48.497 48.472 48.448 48.427 48.406 48.387 48.369 48.352
61.050 60.997 61.939 63.889 60.848 60.813 59.789 60.777 51.773 29.770 1.768 0.000 0.000 0.000 0.000 0.000 0.000 0.000 0.000 37.723 24.724 14.726 30.730 52.732 52.732 52.733 52.733 52.732 52.731 52.730 52.729 52.727 50.725 29.723 33.722 40.720 0.000 0.000 0.000 0.000 0.000 0.000 0.000 0.000 0.000 0.000 0.000 0.000 0.000 40.127 0.000 7.123 30.121 37.120 0.000 0.000 0.000 0.000 0.000 0.000 0.000 0.000 36.539 49.518 48.492 48.467 48.444 48.423 48.403 48.384 48.367 48.350 48.334
64.089 60.039 56.960 58.901 61.855 61.816 63.795 60.784 58.779 45.776 0.000 0.000 0.000 0.000 0.000 0.000 0.000 0.000 0.000 0.000 28.723 20.724 36.726 54.728 52.728 52.729 52.729 52.728 52.728 52.726 52.725 52.724 53.722 42.720 29.718 33.716 39.714 0.000 0.000 0.000 0.000 0.000 0.000 0.000 0.000 0.000 0.000 0.000 0.000 0.000 0.000 0.000 15.120 34.120 0.000 0.000 0.000 0.000 0.000 0.000 0.000 0.000 24.512 45.486 48.459 48.436 48.415 48.396 48.378 48.361 48.345 48.330 48.315
57.134 18.110 0.000 0.000 0.000 53.801 58.793 64.786 60.782 49.779 0.000 0.000 33.778 3.778 0.000 0.000 0.000 0.000 0.000 0.000 20.721 24.722 45.723 53.724 54.725 55.725 52.725 52.725 52.724 52.723 52.722 52.721 52.719 53.717 32.715 14.713 23.711 0.000 0.000 0.000 0.000 0.000 0.000 0.000 0.000 0.000 0.000 0.000 0.000 0.000 0.000 0.000 4.119 37.119 0.000 0.000 0.000 0.000 0.000 0.000 0.000 0.000 0.000 25.454 45.423 48.402 48.384 48.368 48.353 48.338 48.324 48.310 48.297
52.172 9.158 0.000 0.000 28.793 26.794 43.790 62.786 59.782 44.781 25.780 29.779 33.779 0.000 0.000 0.000 0.000 0.000 0.000 0.000 21.719 32.720 52.721 52.722 55.722 55.723 52.723 52.722 52.722 52.721 52.719 52.718 52.716 53.714 49.712 44.710 33.707 13.704 7.702 0.000 0.000 0.000 0.000 0.000 0.000 0.000 0.000 0.000 0.000 0.000 0.000 0.000 6.118 0.000 0.000 0.000 0.000 0.000 0.000 0.000 0.000 0.000 0.000 0.000 30.377 46.366 48.352 48.339 48.327 48.315 48.303 48.291 48.278
58.200 39.192 11.198 0.000 0.000 28.790 28.788 50.785 62.782 40.781 27.780 32.779 10.779 0.000 0.000 0.000 0.000 0.000 20.713 13.714 18.716 35.717 54.718 54.719 55.720 52.720 52.720 52.720 52.719 52.718 52.717 52.716 52.714 52.712 52.710 54.707 43.705 31.702 20.700 21.697 14.696 5.695 10.695 0.000 0.000 0.000 0.000 0.000 0.000 0.000 0.000 0.000 9.118 0.000 0.000 0.000 0.000 0.000 0.000 0.000 0.000 0.000 0.000 0.000 15.343 43.332 47.321 48.311 48.301 48.292 48.282 48.272 48.260
61.220 52.211 5.204 0.000 0.000 0.000 27.785 32.783 59.782 47.780 28.780 31.779 6.779 0.000 0.000 0.000 0.000 0.000 23.713 16.713 19.714 37.715 56.716 55.717 53.718 53.719 52.719 52.718 52.718 52.717 52.715 53.714 53.712 53.710 47.708 38.705 42.703 49.701 42.699 40.697 28.695 15.695 22.694 0.000 0.000 0.000 0.000 0.000 0.000 0.000 0.000 0.000 0.000 0.000 0.000 0.000 0.000 0.000 0.000 0.000 0.000 0.000 0.000 0.000 7.320 38.298 48.288 50.282 50.276 50.270 49.263 48.254 48.244
61.235 36.229 0.000 0.000 0.000 0.000 0.000 34.781 47.781 41.780 40.779 37.779 27.779 5.778 0.000 0.000 0.000 0.000 22.712 15.712 20.713 35.714 47.715 44.716 39.717 41.718 46.718 51.717 53.716 53.715 51.714 41.713 39.711 44.709 33.706 30.703 30.701 41.699 45.697 40.696 26.695 15.694 0.000 0.000 0.000 0.000 0.000 0.000 0.000 0.000 0.000 0.000 0.000 0.000 0.000 0.000 0.000 0.000 0.000 0.000 0.000 0.000 0.000 0.000 0.000 20.252 26.252 28.252 28.251 29.249 38.245 47.239 48.229
60.245 26.241 0.000 0.000 0.000 0.000 0.000 29.780 23.780 22.780 30.779 30.779 30.779 26.778 0.000 0.000 0.000 0.000 27.710 22.711 27.711 37.712 40.713 43.715 1.716 0.000 0.000 0.000 53.715 50.714 39.713 0.000 0.000 0.000 32.703 64.701 57.699 36.697 42.696 36.695 25.694 10.693 13.692 0.000 0.000 0.000 0.000 0.000 0.000 0.000 0.000 0.000 0.000 0.000 0.000 0.000 0.000 0.000 0.000 0.000 0.000 20.136 31.142 30.153 48.173 56.205 57.218 55.224 57.228 44.230 27.230 45.228 48.220
58.252 23.248 0.000 0.000 0.000 0.000 0.000 29.780 25.780 4.780 0.000 0.000 0.000 0.000 0.000 0.000 0.000 0.000 33.709 27.709 22.710 18.710 4.712 0.000 0.000 0.000 0.000 0.000 0.000 0.000 26.710 0.000 0.000 0.000 0.000 27.698 60.697 20.696 21.695 20.694 16.693 19.692 66.691 25.690 0.000 0.000 0.000 0.000 0.000 0.000 0.000 0.000 0.000 0.000 0.000 0.000 0.000 0.000 0.000 0.000 0.000 67.131 63.136 45.146 46.161 43.178 44.191 66.200 59.207 45.213 25.218 34.222 33.221
44.255 25.253 19.253 0.000 0.000 0.000 0.000 0.000 27.780 11.779 0.000 0.000 0.000 0.000 0.000 0.000 0.000 0.000 33.708 33.708 34.708 17.709 0.000 0.000 0.000 0.000 0.000 0.000 0.000 0.000 22.708 0.000 0.000 0.000 0.000 26.696 75.696 39.695 42.694 37.693 22.692 40.691 94.690 91.690 22.690 0.000 0.000 0.000 0.000 0.000 0.000 0.000 0.000 0.000 0.000 0.000 0.000 0.000 0.000 0.000 0.000 70.121 37.126 45.134 36.145 17.157 28.168 71.177 37.187 24.197 31.207 0.000 0.000
28.257 28.254 14.254 0.000 0.000 0.000 0.000 0.000 0.000 0.000 0.000 0.000 0.000 0.000 0.000 0.000 0.000 0.000 36.707 27.706 21.706 19.707 0.000 0.000 0.000 0.000 0.000 0.000 0.000 19.705 12.706 37.705 33.705 0.000 0.000 32.695 38.695 30.694 73.693 62.691 33.691 0.000 50.689 105.689 0.000 0.000 0.000 0.000 0.000 0.000 0.000 0.000 0.000 0.000 0.000 0.000 49.085 87.085 78.087 74.089 21.095 65.106 33.113 22.120 69.129 50.138 70.147 51.156 21.166 29.181 0.000 0.000 0.000
31.257 32.254 24.253 0.000 0.000 0.000 0.000 0.000 0.000 0.000 0.000 0.000 0.000 0.000 0.000 0.000 0.000 0.000 0.000 31.704 21.704 0.000 0.000 0.000 0.000 0.000 0.000 0.000 0.000 21.705 18.705 0.000 0.000 0.000 0.000 6.695 0.000 0.000 0.000 28.688 0.000 0.000 6.689 72.689 27.689 0.000 0.000 0.000 0.000 0.000 0.000 0.000 0.000 0.000 0.000 0.000 5.084 0.000 49.085 53.087 4.090 65.095 42.100 15.106 33.112 83.119 97.126 31.134 19.139 0.000 0.000 0.000 0.000
30.255 31.254 31.253 35.251 27.251 0.000 0.000 0.000 0.000 0.000 0.000 0.000 0.000 0.000 0.000 0.000 0.000 0.000 0.000 21.702 17.702 1.701 0.000 0.000 0.000 0.000 0.000 0.000 22.704 19.704 0.000 0.000 0.000 0.000 0.000 0.000 0.000 0.000 0.000 32.685 0.000 0.000 6.689 0.000 0.000 0.000 0.000 0.000 0.000 0.000 0.000 0.000 0.000 0.000 0.000 0.000 0.000 0.000 25.083 44.083 3.084 67.085 47.087 17.090 66.095 69.100 64.106 72.113 36.120 0.000 0.000 0.000 9.019
32.253 10.253 21.252 30.251 30.250 30.249 29.249 0.000 0.000 0.000 0.000 0.000 0.000 0.000 0.000 0.000 0.000 0.000 0.000 23.701 19.701 3.701 0.000 0.000 0.000 0.000 0.000 0.000 0.000 25.704 0.000 0.000 0.000 0.000 0.000 0.000 0.000 0.000 0.000 19.683 23.682 0.681 0.000 0.000 0.000 0.000 0.000 0.000 0.000 0.000 0.000 0.000 0.000 0.000 0.000 0.000 0.000 0.000 28.080 48.079 8.078 68.075 53.074 67.074 67.077 26.081 19.086 64.094 13.106 0.000 0.000 10.001 18.008
37.249 0.000 0.000 27.250 16.250 0.000 29.248 19.248 0.000 0.000 0.000 0.000 0.000 0.000 0.000 0.000 0.000 0.000 0.000 22.700 19.700 7.700 0.000 0.000 0.000 0.000 0.000 0.000 0.000 0.000 0.000 0.000 0.000 0.000 0.000 0.000 0.000 0.000 35.681 52.681 13.681 0.000 0.000 0.000 0.000 0.000 0.000 0.000 0.000 0.000 0.000 0.000 0.000 0.000 0.000 0.000 0.000 0.000 63.078 49.077 10.073 68.065 65.059 57.057 49.057 35.060 36.065 5.069 0.000 0.000 0.000 12.994 19.998
34.243 0.000 0.000 14.250 6.250 0.000 0.000 0.000 0.000 38.189 34.188 25.188 0.000 0.000 0.000 0.000 0.000 0.000 0.000 26.700 22.700 4.700 0.000 0.000 0.000 0.000 0.000 0.000 0.000 0.000 0.000 0.000 0.000 0.000 0.000 0.000 0.000 0.000 0.000 82.681 48.681 0.000 0.000 0.000 0.000 0.000 0.000 0.000 0.000 0.000 0.000 0.000 0.000 0.000 0.000 0.000 0.000 0.000 0.000 0.000 0.000 42.052 83.040 62.036 61.036 59.039 62.043 10.049 0.000 0.000 0.000 11.984 12.986
50.237 0.000 0.000 0.000 0.000 36.203 23.202 0.000 34.191 28.189 28.188 20.188 0.000 0.000 0.000 0.000 0.000 0.000 0.000 26.699 21.699 9.699 0.000 0.000 0.000 0.000 0.000 0.000 0.000 0.000 0.000 0.000 0.000 0.000 0.000 0.000 0.000 0.000 0.000 26.680 18.680 0.000 0.000 0.000 0.000 0.000 0.000 0.000 0.000 0.000 0.000 0.000 0.000 0.000 0.000 0.000 0.000 0.000 0.000 0.000 0.000 0.000 25.013 26.013 24.014 24.016 21.021 17.035 0.000 0.000 0.000 11.972 9.974
61.229 50.222 32.217 33.213 32.209 26.204 27.201 28.197 26.192 31.190 30.188 21.187 18.186 0.000 0.000 0.000 0.000 0.000 0.000 13.699 0.000 0.000 0.000 0.000 0.000 0.000 0.000 0.000 0.000 0.000 0.000 0.000 0.000 0.000 0.000 0.000 0.000 0.000 0.000 0.000 25.680 0.000 0.000 0.000 0.000 0.000 0.000 0.000 0.000 0.000 0.000 0.000 0.000 0.000 0.000 0.000 0.000 0.000 0.000 0.000 0.000 0.000 12.987 11.988 11.990 27.990 22.991 0.000 0.000 0.000 0.000 24.959 36.962
61.224 55.220 25.217 25.213 25.210 8.205 9.201 13.197 23.193 32.190 29.188 21.187 24.186 13.186 0.000 0.000 0.000 0.000 0.000 0.000 0.000 0.000 0.000 0.000 0.000 0.000 0.000 0.000 0.000 0.000 0.000 0.000 0.000 0.000 0.000 0.000 0.000 0.000 0.000 0.000 0.000 0.000 0.000 0.000 0.000 0.000 0.000 0.000 0.000 0.000 0.000 0.000 0.000 0.000 0.000 0.000 0.000 0.000 0.000 0.000 4.937 7.944 11.959 11.965 13.967 32.966 22.961 5.947 0.000 0.000 19.935 40.944 47.949
61.221 59.218 29.216 26.214 6.212 0.000 0.000 0.000 0.000 23.188 26.187 24.186 17.185 0.000 0.000 0.000 0.000 0.000 0.000 0.000 0.000 0.000 0.000 0.000 0.000 0.000 0.000 0.000 0.000 0.000 0.000 0.000 0.000 0.000 0.000 0.000 0.000 0.000 0.000 0.000 0.000 0.000 0.000 0.000 0.000 0.000 0.000 0.000 0.000 0.000 0.000 0.000 0.000 0.000 0.000 0.000 0.000 0.000 0.000 0.000 15.931 12.935 11.942 7.946 20.947 37.945 21.941 10.933 5.924 5.923 29.927 46.933 47.937
61.218 59.217 12.216 16.215 0.000 0.000 0.000 0.000 0.000 0.000 14.185 27.184 19.184 0.000 0.000 0.000 0.000 0.000 0.000 0.000 0.000 0.000 0.000 0.000 0.000 0.000 0.000 0.000 0.000 0.000 0.000 0.000 0.000 0.000 0.000 0.000 0.000 0.000 0.000 0.000 0.000 0.000 0.000 0.000 0.000 0.000 0.000 0.000 0.000 0.000 0.000 0.000 0.000 0.000 0.000 0.000 0.000 0.000 0.000 9.915 7.920 6.924 11.928 25.929 38.930 28.928 12.925 10.921 12.917 9.916 30.919 48.923 47.926
61.215 35.216 0.000 0.000 0.000 0.000 0.000 0.000 0.000 0.000 0.000 17.183 24.182 22.181 0.000 0.000 0.000 0.000 0.000 0.000 0.000 0.000 0.000 0.000 0.000 0.000 0.000 0.000 0.000 0.000 0.000 0.000 0.000 0.000 0.000 0.000 0.000 0.000 0.000 0.000 0.000 0.000 0.000 0.000 0.000 0.000 0.000 0.000 0.000 0.000 0.000 0.000 0.000 0.000 0.000 0.000 14.902 6.903 4.905 16.909 30.913 35.915 37.915 37.915 23.914 11.913 10.911 10.909 9.907 11.908 34.910 49.913 47.916
