results3/res_3e8f-0061.wd
ncols         241
nrows         181
xllcorner     12693529.787448
yllcorner     3542525.717860
cellsize      155.156523
NODATA_value  -9999.000000
[rows 33 to 65 of 181, columns 74 to 147 of 241]
0.000 0.000 0.000 0.000 0.000 0.000 0.000 0.000 0.000 0.000 0.000 0.000 0.000 0.000 0.000 0.000 0.000 0.000 0.000 0.000 0.000 0.000 0.000 0.000 0.000 0.000 0.000 0.000 0.000 0.000 0.000 0.000 0.000 0.000 0.000 0.000 0.000 0.000 34.170 57.171 62.173 18.174 0.000 0.000 27.229 41.248 8.234 0.000 31.266 34.272 28.270 29.256 30.231 30.194 30.146 30.089 29.029 34.972 54.911 1.576 8.082 5.706 41.120 57.659 62.238 60.845 61.494 60.076 62.207 57.301 56.880 56.902 59.199 58.452
0.000 0.000 0.000 0.000 0.000 0.000 0.000 0.000 0.000 0.000 0.000 0.000 0.000 0.000 0.000 0.000 0.000 0.000 0.000 0.000 0.000 0.000 0.000 0.000 0.000 0.000 0.000 0.000 0.000 0.000 0.000 0.000 0.000 0.000 0.000 0.000 0.000 0.000 0.000 9.172 4.172 0.000 0.000 0.000 0.000 23.310 0.000 0.000 21.291 45.317 44.318 34.305 30.276 30.231 30.170 30.096 29.017 50.951 48.931 0.000 31.226 43.916 57.471 62.031 61.607 61.223 60.774 61.876 57.929 57.191 57.471 59.803 59.069 58.852
0.000 0.000 0.000 0.000 0.000 0.000 0.000 0.000 0.000 0.000 0.000 0.000 0.000 0.000 0.000 0.000 0.000 28.752 60.752 13.752 0.000 0.000 0.000 0.000 0.000 0.000 0.000 0.000 0.000 0.000 0.000 0.000 0.000 0.000 0.000 0.000 0.000 0.000 0.000 0.000 0.000 0.000 0.000 0.000 0.000 15.372 0.000 0.000 0.000 23.386 41.382 41.368 32.337 30.285 30.209 28.109 43.992 52.886 0.000 17.141 41.679 56.260 62.820 62.379 61.968 61.487 63.557 59.574 57.631 58.051 60.401 59.671 59.462 59.162
0.000 0.000 0.000 0.000 0.000 0.000 0.000 0.000 0.000 0.000 15.751 53.751 0.000 0.000 0.000 0.000 0.000 35.753 86.753 42.753 0.000 0.000 0.000 0.000 0.000 0.000 0.000 0.000 0.000 0.000 0.000 0.000 0.000 0.000 0.000 0.000 0.000 0.000 0.000 0.000 0.000 0.000 0.000 0.000 0.000 18.433 19.463 26.478 12.481 22.459 30.455 43.448 34.421 30.364 27.271 38.137 47.956 36.714 12.243 41.604 59.091 63.624 63.165 62.730 62.219 62.254 61.239 58.189 58.650 61.006 60.276 60.068 59.768 59.485
0.000 0.000 0.000 0.000 0.000 0.000 0.000 0.000 0.000 0.000 36.751 71.751 60.751 47.751 2.751 0.000 20.753 74.753 82.753 47.753 0.000 0.000 0.000 0.000 17.459 0.000 0.000 0.000 0.000 0.000 0.000 0.000 0.000 0.000 0.000 0.000 1.475 0.000 0.000 0.000 5.479 23.479 0.000 0.000 34.472 49.466 52.478 50.491 36.504 30.515 29.533 43.547 34.534 26.479 40.372 54.215 41.980 29.770 44.412 48.939 61.457 63.977 63.517 62.976 62.974 60.930 58.863 59.276 61.629 60.896 60.684 60.378 60.088 59.801
0.000 0.000 0.000 0.000 0.000 0.000 0.000 0.000 0.000 0.000 7.751 69.751 52.752 33.752 0.000 16.754 66.754 77.753 84.753 43.753 0.000 0.000 0.000 0.000 55.459 39.460 0.000 0.000 0.000 0.000 0.000 0.000 0.000 0.000 0.000 18.475 30.475 32.475 0.000 0.000 14.479 39.479 18.480 32.480 55.479 58.480 59.490 56.506 43.530 30.564 27.613 44.672 35.689 39.647 57.525 51.370 0.000 27.975 46.696 59.284 64.816 64.340 63.771 63.727 61.657 59.671 59.938 62.280 61.541 61.321 61.004 60.702 60.401 60.111
0.000 0.000 0.000 0.000 0.000 0.000 0.000 0.000 0.000 0.000 0.000 0.000 20.752 58.753 54.754 42.754 55.754 75.754 86.754 39.753 0.000 0.000 0.000 0.000 17.460 41.460 43.460 0.000 0.000 0.000 0.000 0.000 0.000 0.000 0.000 34.475 35.475 47.475 30.476 19.477 33.478 34.479 30.480 37.481 44.483 42.487 35.495 54.512 20.547 36.598 39.684 29.841 41.904 54.895 51.710 0.000 2.985 39.461 56.110 64.687 65.200 64.624 64.534 61.442 60.659 60.649 62.969 62.223 61.991 61.660 61.341 61.018 60.704 60.410
0.000 0.000 0.000 0.000 0.000 0.000 0.000 0.000 0.000 0.000 0.000 0.000 10.753 77.753 72.754 62.755 52.755 76.755 84.754 79.753 64.752 19.751 0.000 0.000 0.000 0.000 51.461 35.461 33.462 44.462 39.462 2.463 0.000 0.000 0.000 34.474 33.475 54.475 60.476 49.477 41.478 33.480 30.481 31.482 32.485 31.488 29.494 37.500 0.000 0.000 0.000 35.102 58.192 56.318 0.000 1.879 39.345 52.985 62.609 66.123 65.654 66.402 62.319 61.911 61.433 63.711 62.952 62.704 62.357 62.020 61.675 61.328 60.988 60.686
0.000 0.000 0.000 0.000 0.000 0.000 0.000 0.000 0.000 0.000 0.000 0.000 0.000 10.754 49.755 24.756 60.757 79.757 84.756 82.754 80.752 69.750 28.748 0.000 0.000 0.000 7.461 46.461 46.462 59.462 57.463 50.463 45.464 0.000 0.000 1.474 38.474 57.475 64.476 56.477 40.478 29.480 30.481 30.483 30.485 30.488 30.491 34.494 0.000 0.000 0.000 5.273 42.444 11.868 9.261 44.198 48.866 60.546 67.117 66.937 65.139 63.423 63.573 62.328 64.528 63.745 63.471 63.103 62.746 62.382 62.012 61.631 61.232 61.904
0.000 0.000 0.000 0.000 0.000 0.000 0.000 0.000 0.000 0.000 0.000 0.000 0.000 0.000 0.000 81.759 81.759 83.759 83.758 82.755 76.752 70.749 41.747 0.000 0.000 0.000 0.000 0.000 14.462 59.462 53.463 68.463 65.464 44.466 23.469 24.472 33.474 55.475 64.476 55.477 38.478 28.480 33.481 32.483 30.485 30.487 30.489 31.490 23.490 0.000 0.000 0.000 0.000 3.739 46.718 49.608 57.400 68.076 68.154 66.490 68.296 65.885 63.397 65.453 64.620 64.303 63.904 63.522 63.137 62.751 62.361 60.953 69.405 67.030
0.000 0.000 0.000 0.000 0.000 16.427 39.427 0.000 17.397 57.392 46.386 50.380 25.376 0.000 0.000 17.761 89.762 83.763 80.761 77.757 80.752 71.746 34.743 0.000 0.000 0.000 0.000 0.000 0.000 0.000 3.463 57.464 58.464 9.465 0.000 0.473 37.475 55.475 60.476 50.477 41.478 39.480 1.482 8.484 36.485 30.487 30.488 31.489 37.489 45.489 7.489 0.000 0.000 19.339 52.266 56.129 66.903 69.086 68.704 72.045 70.586 64.810 66.535 65.603 65.214 64.768 64.352 63.939 63.529 63.122 62.730 68.414 0.000 0.000
0.000 0.000 0.000 0.000 0.000 16.428 59.426 1.417 51.403 53.394 65.385 48.378 33.373 0.000 0.000 5.763 74.765 86.770 83.768 83.761 84.751 78.742 32.737 0.000 0.000 0.000 0.000 0.000 0.000 0.000 0.000 0.000 42.464 1.465 0.000 0.000 43.475 40.475 52.476 9.476 0.000 0.000 0.000 0.000 2.486 40.487 34.487 0.000 27.489 61.489 44.489 0.000 0.000 24.020 57.848 66.732 69.831 69.572 73.788 73.059 66.234 67.709 66.675 66.197 65.692 65.233 64.790 64.355 63.920 63.478 63.024 67.558 10.103 0.000
58.597 48.596 0.000 0.000 0.000 10.429 70.432 46.422 48.408 54.395 78.383 79.373 74.365 28.357 0.000 0.000 0.000 34.785 88.779 83.766 84.751 81.735 40.724 0.000 0.000 0.000 0.000 0.000 0.000 0.000 0.000 0.000 0.464 0.000 0.000 0.000 0.000 0.000 0.000 0.000 0.000 0.000 0.000 0.000 0.000 0.000 15.487 12.487 0.000 0.000 0.000 0.000 13.348 50.788 67.741 69.409 70.330 74.680 74.317 67.286 68.775 67.740 67.207 66.652 66.152 65.678 65.221 64.770 64.316 63.846 63.330 65.690 48.649 5.152
70.597 52.596 48.593 0.000 0.000 0.000 62.448 64.431 64.412 76.394 73.379 85.367 84.357 45.350 0.000 0.000 0.000 10.807 90.795 83.775 84.750 81.724 41.701 0.000 0.000 2.398 50.371 62.341 31.321 0.000 0.000 0.000 0.000 0.000 0.000 0.000 0.000 0.000 0.000 0.000 0.000 0.000 0.000 0.000 0.000 0.000 0.000 0.486 0.000 0.000 0.000 11.276 51.797 68.766 69.349 75.540 75.039 68.583 69.119 69.575 68.703 68.171 67.603 67.079 66.582 66.107 65.646 65.189 64.730 64.258 70.760 11.225 0.000 18.162
75.598 54.595 55.591 47.585 0.000 52.511 47.482 55.443 68.415 72.390 83.374 84.359 83.346 52.336 0.000 0.000 0.000 9.840 89.821 83.789 84.751 79.708 59.656 43.575 44.500 44.426 52.374 73.332 40.301 0.000 0.000 0.000 0.000 0.000 0.000 0.000 0.000 0.000 0.000 0.000 0.000 0.000 0.000 0.000 0.000 0.000 0.000 0.000 0.000 9.339 40.121 49.638 68.632 70.228 76.911 76.312 69.132 70.824 70.128 69.547 69.041 68.499 67.978 67.476 66.992 66.523 66.065 65.611 65.156 71.696 17.228 0.000 0.000 3.183
70.600 68.597 51.591 55.580 55.563 46.540 39.526 0.000 0.000 14.378 73.367 84.348 82.332 67.312 34.283 0.000 0.000 58.893 79.858 84.811 83.758 84.702 74.640 50.570 47.499 46.430 55.369 73.311 56.250 42.165 43.099 47.049 58.018 22.006 0.000 0.000 0.000 0.000 0.000 0.000 0.000 0.000 0.000 0.000 0.000 0.000 0.000 0.000 0.000 20.535 60.378 68.329 70.982 77.780 77.392 69.862 71.504 70.700 70.297 69.818 69.320 68.824 68.333 67.854 67.386 66.929 66.479 66.034 71.589 18.142 0.000 0.000 0.000 2.146
16.604 84.601 55.595 49.581 50.568 52.561 52.557 41.567 0.000 0.000 0.000 18.335 89.323 79.297 57.253 49.180 56.093 54.982 56.907 64.837 65.768 52.701 49.634 47.565 47.496 46.427 55.360 70.292 49.222 46.148 51.082 67.030 70.000 54.994 28.994 0.000 0.000 0.000 0.000 0.000 0.000 0.000 0.000 0.000 0.000 0.000 0.000 0.000 11.362 53.213 68.827 71.670 78.313 78.086 70.561 72.183 71.377 70.994 70.535 70.076 69.609 69.141 68.677 68.220 67.770 67.328 66.890 72.456 18.022 0.000 0.000 0.000 0.000 0.000
83.610 84.609 70.607 0.000 0.000 57.578 53.575 64.576 55.576 0.000 0.000 0.000 77.327 74.299 59.255 50.193 47.119 47.034 49.952 62.862 70.778 73.699 66.629 56.561 49.493 48.423 64.351 67.277 42.200 46.122 46.050 46.991 50.958 29.976 0.000 0.000 0.000 0.830 0.000 0.000 0.000 0.000 0.000 0.000 0.000 0.000 14.554 46.236 54.106 67.627 78.942 78.559 71.621 72.209 72.761 72.054 71.669 71.223 70.786 70.343 69.899 69.455 69.014 68.578 68.147 68.721 75.298 18.877 0.000 0.000 0.000 0.000 0.000 0.000
84.616 84.618 84.618 71.620 54.613 54.598 54.590 45.587 0.000 11.424 18.424 70.401 67.359 70.320 63.274 64.218 64.154 64.084 67.004 61.883 61.783 63.688 67.621 68.558 66.492 62.421 73.344 71.263 59.179 60.092 60.005 61.925 36.865 0.000 0.000 0.000 0.000 1.831 0.000 0.000 0.000 0.000 0.000 0.000 1.488 49.137 49.762 70.800 71.371 80.044 79.554 74.113 73.819 73.197 72.716 72.321 71.889 71.465 71.039 70.613 70.188 69.765 69.346 68.931 69.520 73.112 5.705 0.000 0.000 0.000 0.000 0.000 0.000 6.622
83.624 83.627 84.629 81.628 59.621 53.611 54.601 55.593 47.587 0.000 62.446 59.422 60.386 61.347 56.302 60.252 65.197 73.142 58.097 0.000 0.000 8.649 66.609 62.559 62.497 62.424 62.343 62.254 62.160 62.060 61.955 59.841 54.711 27.537 0.000 3.358 47.142 53.831 65.487 35.211 0.000 0.000 0.000 0.000 50.691 61.426 73.353 73.999 80.781 80.448 74.770 74.436 73.690 73.348 72.945 72.532 72.120 71.707 71.294 70.883 70.474 70.071 69.674 70.280 72.890 20.501 0.000 0.000 0.000 0.000 0.000 0.000 0.000 27.629
73.632 73.639 84.643 84.641 74.634 50.623 53.611 54.599 54.581 60.546 69.493 53.455 50.418 48.379 55.337 70.290 69.241 54.192 34.144 0.000 0.000 0.000 0.000 51.571 46.513 46.436 46.348 46.251 47.146 50.034 50.913 50.773 49.601 50.364 48.991 48.574 57.238 63.864 61.420 67.935 65.341 59.821 57.323 59.729 71.334 74.827 74.615 81.255 81.050 75.415 75.059 74.300 73.962 73.555 73.154 72.752 72.349 71.948 71.548 71.149 70.756 70.372 70.997 71.627 10.258 0.000 0.000 0.000 0.000 0.000 0.000 0.000 0.000 38.664
39.643 51.655 79.663 83.661 64.650 47.635 46.622 54.609 54.592 53.565 47.525 48.486 54.452 71.416 70.375 53.331 46.287 36.239 0.000 55.974 64.927 60.853 61.758 64.640 67.550 66.460 67.362 70.254 69.140 66.019 67.888 62.737 48.556 52.326 51.034 55.708 73.373 79.967 76.393 69.769 64.265 65.819 72.303 77.177 75.611 81.839 81.487 75.409 77.015 75.593 74.923 74.573 74.163 73.766 73.367 72.971 72.578 72.188 71.799 71.411 72.028 69.666 65.316 16.971 0.000 0.000 0.000 0.000 0.000 0.000 0.000 0.000 24.807 28.740
0.000 44.674 63.693 74.689 49.671 41.646 48.632 46.624 53.614 54.595 54.558 47.511 64.489 56.457 45.416 48.372 40.335 0.000 65.089 68.022 67.953 69.874 70.782 73.681 77.586 76.491 76.387 76.265 78.139 79.016 76.883 64.733 50.558 52.352 52.113 51.851 54.579 28.238 0.733 89.480 131.154 108.744 74.717 76.263 82.845 82.393 75.863 78.588 75.996 75.546 75.179 74.774 74.376 73.977 73.579 73.187 72.803 72.427 72.051 73.667 68.278 56.946 11.631 0.000 0.000 0.000 0.000 0.000 0.000 0.000 0.000 22.941 35.875 24.809
0.000 0.000 20.748 55.729 37.700 0.000 43.637 48.642 48.645 54.644 43.601 0.000 48.537 46.506 48.461 49.407 59.346 73.266 70.157 72.071 77.990 87.907 131.816 128.716 128.622 128.532 128.432 129.278 113.137 45.021 47.896 45.754 53.592 52.412 49.213 47.005 28.854 0.000 0.000 0.000 56.002 73.109 77.756 83.542 83.224 75.472 77.167 76.459 76.148 75.772 75.381 74.987 74.588 74.186 73.784 73.394 73.022 73.665 72.312 63.929 52.472 10.209 0.000 0.000 0.000 0.000 0.000 0.000 0.000 0.000 14.067 35.007 26.944 14.879
18.989 7.939 70.822 48.779 0.000 0.000 0.000 42.661 55.680 47.735 0.000 0.741 56.615 47.571 58.514 71.449 71.377 76.294 79.202 72.114 58.030 48.947 44.859 42.743 45.655 46.584 33.529 0.000 50.110 47.035 45.926 49.794 53.646 50.489 42.322 49.101 29.977 0.000 0.000 51.366 68.387 78.153 84.021 83.809 76.063 77.745 77.035 76.735 76.359 75.982 75.596 75.202 74.802 74.394 73.979 73.584 74.224 69.900 58.602 15.265 0.000 0.000 0.000 0.000 0.000 0.000 0.000 0.000 0.000 0.000 32.127 31.076 17.014 13.949
89.020 77.007 0.000 5.787 0.325 0.000 0.000 0.000 0.000 51.881 49.890 57.829 54.724 54.648 54.575 71.500 85.419 74.333 54.243 52.155 47.070 48.992 39.931 0.000 51.672 48.620 37.572 0.000 51.158 46.084 46.979 53.851 51.707 49.578 31.486 0.000 0.000 47.975 45.851 62.648 78.578 84.282 77.004 77.571 78.227 77.618 77.318 76.949 76.582 76.204 75.818 75.424 75.026 74.609 75.153 74.741 64.389 49.111 11.929 0.000 0.000 0.000 0.000 0.000 0.000 0.000 0.000 7.475 6.433 21.356 33.238 21.158 13.087 27.019
75.058 65.061 0.000 0.000 65.479 58.467 52.448 0.000 4.117 70.019 66.959 53.888 54.803 54.721 55.639 76.555 128.466 121.375 68.282 123.191 44.104 48.021 47.942 49.852 47.740 47.654 47.565 49.441 45.279 45.165 54.055 52.924 49.754 44.630 33.558 0.000 0.000 50.098 56.968 78.991 77.893 84.646 78.056 78.641 78.186 77.891 77.538 77.182 76.814 76.435 76.046 75.652 75.267 76.863 72.284 53.836 40.483 42.223 8.076 0.000 0.000 0.000 0.000 0.000 0.000 0.000 0.000 16.517 21.469 35.397 29.310 19.231 28.158 28.088
62.101 6.119 0.000 0.000 48.498 57.475 54.430 72.341 66.216 71.119 79.040 69.962 54.880 54.795 54.706 53.614 47.517 42.418 47.319 44.224 48.133 48.047 47.962 47.875 47.781 47.691 47.595 46.480 51.350 53.244 54.151 38.038 0.000 37.630 0.000 0.000 0.000 54.323 76.260 80.284 85.685 85.204 78.155 78.805 78.442 78.122 77.782 77.426 77.056 76.676 76.280 75.872 74.528 36.292 0.000 0.000 0.000 0.000 0.000 0.000 0.000 0.000 12.887 7.875 6.844 5.792 9.716 18.607 34.530 28.454 19.375 29.299 25.225 16.155
50.149 55.194 0.491 53.563 49.540 48.507 66.454 59.377 75.286 84.200 64.120 50.041 47.959 50.871 53.778 54.678 54.571 47.461 46.354 47.252 47.158 48.070 47.986 47.903 52.820 49.734 46.642 47.535 50.398 54.309 43.268 0.000 0.000 0.000 0.000 10.064 129.943 73.648 80.676 78.661 86.108 77.990 80.503 81.981 78.702 78.379 78.040 77.683 77.308 77.932 74.527 62.026 52.680 10.486 0.000 0.000 0.000 0.000 0.000 0.000 0.000 14.904 14.900 14.893 15.866 15.816 16.748 30.667 30.589 14.513 17.437 19.363 16.291 14.220
35.194 29.305 53.526 49.594 48.592 59.558 63.501 74.429 81.351 47.275 46.200 47.124 49.043 47.954 44.856 52.747 53.628 54.503 53.382 47.273 46.177 45.090 46.010 51.934 110.859 78.785 58.705 41.620 0.000 56.327 64.345 0.000 0.000 0.000 0.000 54.187 65.089 81.973 80.015 86.841 86.489 79.087 79.611 80.271 78.971 78.654 78.317 77.957 78.564 77.215 29.871 0.000 0.000 0.000 0.000 0.000 0.000 0.000 0.000 0.000 0.000 21.909 17.914 14.934 15.909 13.860 25.795 32.722 16.648 17.573 25.499 23.426 17.354 14.284
0.000 0.000 46.684 49.694 51.677 72.632 83.563 97.488 79.416 8.348 65.282 65.212 49.135 49.047 47.945 45.827 48.692 54.540 52.398 53.282 55.186 53.103 51.029 46.962 41.900 46.840 41.772 0.000 0.000 0.000 50.439 42.462 0.000 0.000 0.000 64.408 81.290 81.373 79.395 87.162 78.826 81.320 82.820 79.556 79.259 78.948 78.616 78.265 75.774 30.495 0.000 0.000 0.000 0.000 0.000 0.000 0.000 0.000 0.000 0.000 21.500 0.000 0.000 23.020 12.977 23.918 35.851 23.780 18.706 23.633 27.559 20.487 15.417 13.347
0.000 0.000 44.832 50.822 66.791 77.729 125.632 119.544 121.475 127.419 123.366 124.308 49.238 49.153 48.050 47.925 46.774 41.567 51.387 53.272 54.183 52.107 54.042 53.985 54.937 47.904 0.000 0.000 0.000 0.000 51.509 36.486 0.000 0.000 55.919 77.712 81.648 80.636 87.745 87.462 79.891 80.431 81.115 79.846 79.564 79.261 79.936 54.711 0.000 0.000 0.000 0.000 0.000 0.000 0.000 0.000 0.000 33.678 22.638 12.577 16.500 16.408 17.296 17.150 20.061 32.985 29.912 24.839 25.765 23.692 21.619 17.548 14.478 16.409
0.000 0.000 45.989 62.973 70.936 76.862 47.691 46.580 45.523 42.488 43.457 43.415 49.356 49.277 65.176 65.050 40.912 0.000 38.311 51.235 53.167 51.102 53.046 52.999 53.961 49.935 0.000 0.000 0.000 49.699 34.604 0.000 0.000 57.268 66.120 82.967 81.864 81.042 88.010 79.582 82.101 84.631 80.402 80.147 79.889 78.598 66.156 24.934 0.000 0.000 0.000 0.000 0.000 19.889 14.872 14.839 14.788 18.719 30.659 33.593 19.517 14.429 16.330 18.223 33.132 32.051 17.974 26.899 27.824 26.751 19.678 15.607 14.537 24.469
