results3/res_3e8f-0117.wd
ncols         241
nrows         181
xllcorner     12693529.787448
yllcorner     3542525.717860
cellsize      155.156523
NODATA_value  -9999.000000
[rows 99 to 131 of 181, columns 0 to 72 of 241]
0.000 0.000 0.000 0.000 0.000 59.392 99.392 101.391 92.391 87.391 0.000 0.000 0.000 0.000 0.000 1.389 0.389 67.389 64.389 0.000 0.000 0.387 3.387 62.386 61.386 2.385 0.000 0.000 0.000 8.893 0.000 0.000 0.000 0.000 14.753 60.750 56.740 55.722 56.698 57.671 70.641 59.609 63.573 55.534 57.492 55.446 56.397 61.345 62.291 60.234 64.176 57.116 57.054 58.991 61.925 75.854 76.794 61.745 47.700 0.000 0.000 0.000 0.000 0.000 25.633 80.628 77.618 64.600 39.578 34.556 78.535 55.515 57.495
0.000 0.000 0.000 0.000 0.000 60.392 100.392 100.392 0.000 0.000 0.000 0.000 0.000 0.000 0.000 0.389 12.389 78.389 67.389 5.389 2.388 2.388 65.387 64.387 68.386 0.000 0.000 0.000 0.000 66.894 58.894 0.000 0.000 0.000 73.797 83.792 69.783 62.769 56.750 58.727 77.700 62.669 68.635 68.596 59.554 74.508 66.459 67.406 57.351 65.293 65.233 63.172 57.109 58.046 61.979 58.885 20.820 10.782 0.000 0.000 0.000 0.000 0.000 28.636 65.634 77.630 84.623 74.611 50.596 51.580 65.563 56.547 57.530
5.395 0.000 0.000 0.000 0.000 47.393 96.393 105.393 15.393 0.000 0.000 0.000 0.000 0.000 0.000 0.000 1.390 85.390 66.389 67.389 69.389 66.388 63.388 64.387 62.387 0.386 0.000 0.000 0.000 59.894 59.894 60.892 59.885 59.871 58.846 68.837 77.830 24.820 88.806 78.787 83.763 68.734 13.700 84.662 82.620 81.574 85.523 74.470 57.413 60.353 65.292 65.229 62.166 58.104 47.062 0.000 0.000 0.000 0.000 0.000 0.000 0.000 0.000 38.638 65.639 65.636 76.632 75.624 58.615 58.604 57.592 57.579 57.565
73.395 76.395 8.395 0.000 0.000 57.393 96.393 101.393 111.393 16.394 0.000 0.000 0.000 0.000 7.391 7.391 5.390 22.390 70.390 67.389 85.389 99.388 74.388 59.387 0.000 0.000 0.000 0.000 0.000 0.000 58.896 59.898 59.891 59.884 59.878 58.881 58.881 57.877 58.867 63.851 75.830 69.803 12.770 84.732 85.690 63.643 70.592 87.537 81.478 68.416 58.353 64.288 65.220 68.143 53.102 0.000 0.000 0.000 0.000 0.000 0.000 0.000 0.000 0.642 16.646 62.645 59.643 59.640 57.635 57.629 57.621 57.612 57.601
87.395 70.395 70.395 72.395 74.395 93.394 101.394 101.394 101.394 103.394 77.394 16.394 0.000 65.392 72.391 73.391 35.391 30.390 93.390 101.390 96.389 92.389 75.388 0.000 0.000 0.000 0.000 0.000 0.000 0.000 0.000 59.911 58.899 57.894 58.900 59.928 59.937 59.938 59.933 60.922 79.903 74.877 57.845 59.807 70.764 81.716 58.665 70.608 71.546 64.479 84.414 67.350 59.284 0.234 0.000 0.000 0.000 0.000 0.000 0.000 0.000 0.000 0.000 0.000 8.655 62.655 57.656 57.656 57.656 57.655 57.652 55.647 53.640
102.395 92.395 73.395 77.395 95.395 101.395 101.394 101.394 101.394 96.394 68.394 74.394 2.393 56.392 91.392 99.391 99.391 83.391 98.391 105.390 15.390 0.000 0.000 0.000 0.000 0.000 0.000 0.000 0.000 0.000 0.000 59.938 0.000 0.000 0.000 60.995 60.001 60.006 60.006 61.000 76.984 81.959 58.926 59.887 59.842 77.794 78.742 56.685 64.619 83.542 75.476 53.413 0.000 0.000 0.000 0.000 0.000 0.000 0.000 0.000 0.000 0.000 0.000 0.000 5.664 62.665 57.669 57.674 57.680 56.683 55.685 60.684 61.681
102.396 102.396 97.396 100.395 101.395 101.395 101.395 101.395 101.394 97.394 72.394 89.394 0.000 0.000 69.392 93.392 101.392 102.391 101.391 106.391 9.391 0.000 0.000 0.000 0.000 0.000 0.000 0.000 0.000 0.000 0.000 59.964 0.000 0.000 62.063 60.057 60.066 60.078 60.087 60.086 77.073 82.048 59.013 59.971 59.925 60.876 81.825 75.770 82.703 72.593 53.534 0.000 0.000 0.000 0.000 0.000 0.000 0.000 0.000 0.000 0.000 0.000 0.000 0.000 60.671 57.674 57.680 57.691 57.705 56.714 58.720 62.724 63.725
100.396 101.396 101.396 101.396 101.396 101.395 101.395 101.395 101.395 102.395 97.394 104.394 28.394 7.393 57.393 76.392 99.392 101.392 102.391 90.391 4.391 0.000 0.000 0.000 0.000 0.000 0.000 0.000 0.000 0.000 0.000 53.991 59.017 59.044 58.070 60.103 60.126 60.153 60.178 60.186 77.175 82.147 59.107 60.060 60.011 59.961 64.912 87.866 67.830 0.000 0.000 0.000 0.000 0.000 0.000 0.000 0.000 0.000 0.000 0.000 0.000 0.000 0.000 0.000 13.675 64.679 60.688 61.704 59.734 55.748 62.758 63.766 61.773
97.396 102.396 101.396 101.396 101.396 101.396 101.396 101.395 101.395 101.395 102.395 95.394 79.394 70.394 64.393 91.393 101.393 101.392 106.392 9.392 0.000 0.000 0.000 0.000 0.000 0.000 0.000 0.000 0.000 0.000 0.000 0.000 0.000 0.000 0.000 60.160 60.184 60.229 60.285 60.305 76.293 83.257 60.208 60.152 60.096 60.044 59.997 65.954 18.920 0.000 0.000 0.000 0.000 0.000 0.000 0.000 0.000 0.000 0.000 0.000 0.000 0.000 0.000 0.000 0.000 1.678 0.000 0.000 5.780 64.787 62.797 63.810 60.824
97.397 102.397 101.397 101.397 101.397 101.396 101.396 101.396 101.396 101.395 102.395 87.395 66.394 65.394 74.394 98.393 101.393 101.393 107.392 12.392 3.392 0.000 0.000 0.000 0.000 0.000 0.000 0.000 0.000 0.000 0.000 0.000 0.000 0.000 0.000 56.191 60.223 57.293 60.428 60.457 79.435 83.382 60.314 60.244 60.179 60.123 60.076 57.033 6.976 0.000 0.000 0.000 0.000 0.000 0.000 0.000 0.000 0.000 0.000 0.000 0.000 56.878 0.000 0.000 0.000 0.000 0.000 0.000 60.817 61.823 63.835 63.852 60.876
100.397 101.397 101.397 101.397 101.397 101.397 101.397 101.397 101.396 101.396 101.396 98.395 75.395 76.394 93.394 100.394 101.393 101.393 108.393 25.393 0.000 0.000 0.000 0.000 0.000 0.000 0.000 0.000 0.000 0.000 0.000 0.000 0.000 0.000 0.000 0.000 56.223 0.000 59.677 60.660 88.607 75.523 60.424 60.330 60.253 73.193 63.151 58.125 0.000 0.000 0.000 0.000 0.000 0.000 0.000 0.000 0.000 0.000 0.000 0.000 8.878 67.878 52.878 0.000 0.000 0.000 0.000 61.860 64.850 63.853 60.866 56.888 56.921
101.398 101.398 101.398 101.398 101.398 101.398 101.397 101.397 101.397 101.397 101.396 101.396 103.395 103.395 102.394 101.394 101.394 103.393 92.393 35.393 0.000 0.000 0.000 0.000 0.000 0.000 0.000 0.000 0.000 0.000 0.000 0.000 0.000 0.000 0.000 0.000 0.000 0.000 59.944 60.898 94.809 63.681 60.527 60.399 72.309 81.247 60.209 60.192 59.209 0.000 0.000 0.000 0.000 0.000 0.000 0.000 0.000 0.000 0.000 0.000 0.000 63.878 64.878 51.878 0.000 57.876 59.875 63.870 62.868 60.874 59.888 55.912 63.952
100.399 99.399 101.399 101.399 101.398 101.398 101.398 101.398 101.398 101.397 101.397 101.396 101.396 101.395 101.395 101.394 102.394 85.394 13.394 4.393 62.394 76.393 22.393 0.000 0.000 3.393 0.000 0.000 0.000 0.000 0.000 0.000 0.000 0.000 0.000 2.089 2.072 0.000 56.257 67.178 90.052 60.862 57.607 60.430 60.336 60.279 60.244 60.227 60.225 57.225 0.000 0.000 0.000 0.000 0.000 0.000 0.000 0.000 0.000 0.000 0.000 58.878 54.878 60.878 55.879 63.878 63.878 62.878 58.880 61.887 56.900 55.922 55.959
90.399 90.399 99.399 101.399 101.399 101.399 101.399 101.399 101.398 101.398 101.397 102.397 103.396 101.396 101.395 101.395 101.394 23.394 7.394 62.394 72.394 82.393 81.393 74.393 66.393 7.393 0.000 0.000 0.000 0.000 0.000 0.000 0.000 0.000 2.124 61.106 64.055 63.916 60.650 59.504 68.359 56.110 0.000 56.378 60.327 60.287 60.261 60.246 59.241 0.000 0.000 0.000 0.000 0.000 0.000 0.000 60.877 71.877 0.000 0.000 59.878 57.878 57.878 54.879 62.879 63.880 63.881 60.883 63.887 63.893 61.904 56.917 45.931
72.400 77.400 96.400 102.400 101.400 101.400 101.400 101.400 101.399 101.399 103.398 89.398 85.397 100.396 105.395 102.395 97.395 79.394 82.394 88.394 82.394 83.394 62.393 55.393 1.393 0.000 0.000 0.000 0.000 0.000 0.000 0.000 0.000 0.000 52.141 58.158 61.126 61.044 60.921 60.830 62.768 0.000 0.000 0.000 55.305 60.283 60.266 60.256 60.250 0.000 0.000 0.000 0.000 0.000 0.000 20.877 77.877 59.877 57.877 57.877 57.878 57.878 55.878 60.879 63.880 63.881 59.883 63.886 63.891 62.896 56.904 57.912 47.918
56.400 71.401 90.401 103.401 104.401 104.401 102.401 101.401 102.400 101.400 102.399 40.399 11.397 59.396 77.396 98.395 105.395 103.395 103.395 89.394 12.394 0.000 0.000 0.000 0.000 0.000 0.000 0.000 0.000 7.099 9.099 0.000 0.000 0.000 0.000 57.259 61.247 59.211 60.162 62.127 63.116 0.000 0.000 0.000 0.000 53.275 60.266 60.260 57.255 0.000 0.000 0.000 0.000 0.000 0.000 0.000 19.877 73.877 56.877 56.877 57.878 56.878 56.878 62.879 63.880 61.882 49.884 2.888 67.893 61.898 61.903 61.908 47.911
20.401 42.401 75.402 81.402 75.402 77.402 94.402 102.402 98.401 91.401 90.401 25.400 0.000 0.000 0.000 35.395 70.395 96.395 103.395 0.394 0.000 0.000 0.000 0.000 0.000 0.000 0.000 0.000 0.000 49.099 70.099 15.099 0.096 0.000 0.000 57.371 63.392 62.393 71.388 72.398 62.454 7.617 0.000 0.000 0.000 0.000 57.264 58.262 0.000 0.000 0.000 0.000 0.000 0.000 0.000 0.000 0.000 78.877 81.877 61.877 55.878 53.878 63.878 63.879 58.879 0.000 0.000 0.000 8.896 66.900 63.903 63.906 53.908
0.000 0.000 56.404 65.404 17.404 3.404 66.403 95.403 86.403 82.402 96.402 63.402 23.402 0.000 0.000 0.000 0.000 41.396 72.396 0.000 0.000 0.000 0.000 0.000 0.000 0.000 0.000 0.000 0.000 0.000 54.099 72.099 3.099 0.000 0.000 48.463 62.555 60.583 90.598 83.625 61.683 63.781 9.890 0.000 0.000 0.000 52.264 0.000 0.000 0.000 0.000 0.000 0.000 0.000 0.000 0.000 0.000 0.000 66.877 83.877 68.878 62.878 63.878 58.878 0.000 0.000 0.000 0.000 0.000 58.902 63.903 63.905 58.906
0.000 0.000 52.406 97.406 54.405 3.405 55.405 87.404 89.404 100.403 102.403 105.403 111.402 50.402 19.402 0.000 0.000 0.000 12.397 7.398 0.000 0.397 0.000 0.000 0.000 0.000 0.000 0.000 0.000 0.000 55.099 70.099 0.098 7.100 11.101 0.000 55.782 63.785 93.796 75.823 63.870 62.936 67.998 0.000 0.000 0.000 0.000 0.000 0.000 0.000 0.000 0.000 0.000 0.000 0.000 0.000 0.000 0.000 0.000 4.877 71.878 61.878 59.878 0.000 0.000 0.000 0.000 0.000 57.902 56.902 58.903 52.904 0.000
25.410 40.410 74.408 92.408 100.407 69.407 82.406 105.405 102.405 101.404 101.404 101.403 101.403 107.403 110.402 66.401 25.400 7.399 70.398 84.398 77.398 79.398 35.398 11.398 8.397 0.000 0.000 0.000 0.000 0.000 34.099 56.099 62.100 62.100 65.101 24.102 57.007 85.979 87.980 65.000 63.038 63.094 66.168 11.290 6.343 0.000 0.000 0.000 0.000 0.000 0.000 0.000 0.000 0.000 0.000 0.000 0.000 0.000 0.000 0.000 0.000 0.000 5.878 0.000 0.000 0.000 0.000 59.902 54.902 52.902 0.000 0.000 0.000
98.411 101.411 101.410 99.409 97.409 98.408 100.407 100.407 101.406 102.405 102.405 101.404 94.403 98.403 101.402 105.401 109.400 110.400 102.399 98.398 95.398 90.398 92.398 85.398 41.397 19.397 0.000 0.000 0.000 0.000 0.000 0.000 0.000 0.000 0.000 81.197 70.164 99.145 90.143 77.158 64.189 63.234 63.292 67.358 63.396 0.000 0.000 0.000 0.000 0.000 0.000 0.000 0.000 0.000 0.000 0.000 0.000 0.000 0.000 0.000 0.000 0.000 0.000 0.000 0.000 0.000 0.000 0.000 0.000 0.000 0.000 0.000 0.000
101.412 96.412 94.411 93.411 87.410 84.410 85.409 85.408 91.407 96.407 96.406 89.405 73.404 88.403 101.402 101.401 101.400 101.400 101.399 101.398 102.398 102.398 105.398 106.398 106.397 106.397 45.397 0.000 0.000 0.000 0.000 0.000 0.000 0.000 0.000 53.326 79.308 84.293 68.290 85.301 73.326 63.362 63.406 66.454 9.488 0.000 0.000 0.000 0.000 0.000 0.000 0.000 0.000 0.000 0.000 0.000 0.000 0.000 0.000 0.000 0.000 0.000 0.000 0.000 0.000 0.000 0.000 0.000 0.000 0.000 0.000 0.000 0.000
71.414 44.413 66.413 80.413 78.412 58.411 43.410 39.410 59.409 76.408 75.407 68.406 63.405 73.404 94.403 102.401 101.400 101.400 101.399 101.398 101.398 105.398 80.398 68.398 67.397 71.397 74.397 13.397 2.397 0.000 0.000 0.000 0.000 0.000 0.000 51.473 87.449 70.428 62.423 72.431 83.451 67.481 63.519 63.562 69.614 13.704 7.745 0.000 0.000 0.000 0.000 0.000 0.000 0.000 0.000 0.000 0.000 0.000 0.000 0.000 0.000 0.000 0.000 0.000 0.000 0.000 0.000 0.000 0.000 0.000 0.000 0.000 0.000
61.415 32.415 54.415 69.414 65.414 42.413 28.412 32.411 52.410 66.409 64.408 64.407 65.405 63.404 82.403 99.402 101.400 101.399 101.399 101.398 100.398 63.398 0.000 0.000 0.000 0.000 0.000 0.000 0.000 57.810 77.809 29.809 15.805 11.793 58.748 75.643 92.588 69.548 63.541 61.549 78.567 80.593 66.625 63.661 63.704 66.752 75.787 13.816 8.823 0.000 0.000 0.000 0.000 0.000 0.000 0.000 0.000 0.000 0.000 0.000 0.000 0.000 0.000 0.000 0.000 0.000 0.000 0.000 0.000 0.000 0.000 0.000 0.000
74.417 70.417 65.417 64.416 65.416 67.415 68.414 71.413 70.412 66.411 65.409 65.408 65.406 64.405 71.403 93.402 102.400 101.399 103.398 75.398 41.398 0.000 0.000 0.000 0.000 0.000 0.000 0.000 0.000 22.810 44.810 47.811 51.814 65.827 62.808 83.762 80.713 54.635 61.644 63.657 65.675 78.699 70.726 65.756 63.786 62.815 79.833 70.838 64.831 0.000 0.000 0.000 0.000 0.000 0.000 0.000 0.000 0.000 0.000 0.000 0.000 0.000 0.000 0.000 0.000 0.000 0.000 0.000 0.000 0.000 0.000 0.000 0.000
64.420 65.419 65.419 65.418 65.418 65.417 65.416 65.415 65.413 65.412 65.410 65.409 65.407 65.405 63.403 84.402 101.400 103.398 99.397 25.397 0.000 0.000 0.000 0.000 0.000 0.000 0.000 0.000 0.000 0.000 0.000 0.000 0.000 49.890 66.897 92.884 66.867 0.000 49.745 64.759 62.779 66.801 67.825 76.849 65.871 63.888 62.893 58.873 0.000 0.000 0.000 0.000 0.000 0.000 0.000 0.000 0.000 0.000 0.000 0.000 0.000 0.000 0.000 0.000 0.000 0.000 0.000 0.000 0.000 0.000 0.000 0.000 23.769
65.422 65.422 65.421 65.421 65.420 65.419 65.418 64.417 64.415 65.414 65.412 65.410 65.408 65.406 64.404 72.401 87.399 98.397 86.396 12.395 0.000 0.000 0.000 0.000 0.000 0.000 0.000 0.000 0.000 0.000 0.000 0.000 0.000 26.948 76.005 101.010 11.004 0.000 47.831 65.855 63.880 62.902 70.923 81.943 69.961 63.974 67.977 0.929 0.000 0.000 0.000 0.000 0.000 0.000 0.000 0.000 0.000 0.000 0.000 0.000 0.000 0.000 0.000 0.000 0.000 0.000 0.000 0.000 0.000 0.000 0.000 0.000 80.845
65.424 65.424 65.424 65.423 65.422 65.421 65.420 69.419 70.417 66.416 65.414 65.411 65.409 65.407 65.404 64.401 67.399 76.396 76.394 17.392 0.000 0.000 0.000 0.000 0.000 0.000 18.987 0.000 0.000 0.000 0.000 0.000 0.000 0.000 80.165 95.148 18.135 0.000 31.892 62.953 63.982 64.004 63.022 68.040 70.057 66.071 68.079 0.000 0.000 0.000 0.000 0.000 0.000 0.000 0.000 0.000 0.000 0.000 0.000 0.000 0.000 0.000 0.000 0.000 0.000 0.000 0.000 0.000 0.000 0.000 0.000 65.067 73.975
65.427 65.427 65.427 65.426 65.425 65.424 64.423 76.421 81.420 68.418 65.416 65.413 65.410 65.408 65.405 65.401 65.398 64.394 67.391 48.388 0.000 0.000 0.000 0.000 0.000 60.987 81.987 43.984 34.975 33.962 0.000 0.000 0.000 61.458 103.342 77.281 77.253 4.276 0.000 49.082 66.094 64.108 64.123 62.138 78.155 82.173 76.188 0.000 0.000 0.000 0.000 0.000 0.000 0.000 0.000 0.000 0.000 0.000 0.000 0.000 0.000 0.000 0.000 0.000 0.000 0.000 0.000 0.000 0.000 0.000 39.233 90.159 76.084
65.430 65.430 65.430 65.429 65.428 65.427 64.426 77.424 83.422 67.420 65.418 65.415 65.412 65.409 65.405 65.401 65.397 65.392 65.387 71.382 42.375 0.000 0.000 0.000 0.988 23.988 38.989 60.991 68.978 72.949 46.894 22.819 57.717 95.574 93.464 73.380 55.321 13.298 0.000 49.198 66.203 65.211 68.222 63.235 72.252 95.276 92.314 37.395 1.463 17.486 0.000 0.000 0.000 0.000 0.000 0.000 0.000 0.000 0.000 0.000 0.000 0.000 0.000 0.000 0.000 0.000 0.000 0.000 0.000 0.000 76.306 132.253 115.190
62.434 63.434 64.433 64.432 65.431 65.430 63.429 78.427 81.425 64.423 65.420 65.417 65.414 65.410 65.406 65.402 65.397 65.391 65.385 65.377 71.367 51.355 2.346 0.000 0.000 0.000 0.000 37.014 67.997 63.964 66.913 70.845 82.759 99.656 83.561 51.454 1.393 0.000 0.000 48.310 65.310 68.313 81.319 67.329 77.344 78.365 97.397 101.442 84.484 34.504 0.000 0.000 0.000 0.000 0.000 0.000 0.000 0.000 0.000 0.000 0.000 0.000 0.000 0.000 0.000 0.000 0.000 0.000 0.000 62.524 72.432 73.360 76.293
83.437 78.437 73.437 71.436 67.435 63.434 63.432 78.430 81.428 63.426 65.423 65.420 65.416 65.412 65.408 65.403 64.397 63.391 64.383 64.374 64.363 70.351 47.338 24.323 0.000 0.000 0.000 36.055 74.031 67.996 62.949 75.890 98.817 92.732 60.668 0.000 0.000 0.000 0.000 46.422 64.414 69.410 76.411 71.417 76.428 75.444 88.466 82.494 75.521 48.542 3.566 0.000 0.000 0.000 0.000 0.000 0.000 0.000 0.000 0.000 0.000 0.000 0.000 0.000 9.313 0.000 0.000 5.693 39.693 67.616 136.536 100.470 132.355
103.441 102.441 98.440 93.440 89.439 84.437 79.436 75.434 70.432 64.429 65.426 65.423 65.419 65.415 64.410 66.405 72.398 77.391 76.383 74.373 68.361 63.347 67.330 73.308 37.273 18.234 22.185 56.119 79.078 70.039 65.997 88.949 100.887 56.788 1.731 0.000 0.000 9.629 16.605 50.541 63.515 68.503 84.499 74.501 67.507 60.517 66.530 84.547 81.563 87.578 6.590 0.000 0.000 0.000 0.000 0.000 0.000 0.000 0.000 0.000 0.000 0.000 0.000 0.000 6.313 0.000 0.000 0.000 74.771 65.708 75.640 98.533 74.707
