results3/res_3e8f-0089.wd
ncols         241
nrows         181
xllcorner     12693529.787448
yllcorner     3542525.717860
cellsize      155.156523
NODATA_value  -9999.000000
[rows 66 to 98 of 181, columns 73 to 145 of 241]
67.908 31.897 0.000 57.108 74.087 73.059 73.032 0.000 44.471 44.454 57.464 53.472 52.452 52.409 51.346 127.254 115.096 0.000 0.000 0.000 47.947 42.893 47.812 50.758 50.713 52.672 53.634 58.593 59.555 60.512 51.453 0.000 0.000 48.779 98.779 80.688 84.540 84.617 82.662 90.592 83.052 83.521 84.251 83.015 82.784 83.571 53.410 0.000 0.000 0.000 0.000 0.000 0.000 0.000 27.777 25.757 25.720 25.668 25.603 25.534 29.459 42.375 39.283 24.185 35.083 43.986 22.896 25.809 31.725 36.643 32.562 26.482 24.405
52.909 58.887 0.000 45.308 69.275 68.249 62.251 15.328 0.000 0.000 50.536 63.608 52.607 51.578 52.537 33.498 0.000 0.000 0.000 0.000 0.000 0.000 58.758 56.735 54.706 37.670 40.632 47.591 48.560 53.529 44.491 0.000 0.000 0.000 59.022 76.926 83.857 83.943 91.036 90.822 83.134 83.813 83.516 83.297 83.077 77.882 35.744 0.000 0.000 32.939 0.000 0.000 0.000 33.815 28.815 25.793 25.755 25.703 25.641 25.572 25.497 25.415 32.327 46.235 47.141 30.049 23.960 24.874 25.791 29.708 28.628 24.548 24.471
54.917 53.854 58.728 56.543 70.456 63.410 64.394 61.406 0.000 0.000 0.000 65.816 60.790 55.757 57.726 4.704 0.000 0.000 0.000 0.000 0.000 0.000 57.727 53.718 44.707 0.000 0.000 45.578 57.566 56.552 0.000 0.000 4.737 61.617 53.360 57.179 64.251 79.306 91.236 82.895 84.439 83.994 83.796 83.570 81.347 64.135 42.939 48.939 46.939 27.939 0.000 0.000 0.000 0.000 42.876 24.846 25.803 29.749 37.686 27.617 25.541 24.461 28.375 43.287 50.198 42.109 28.022 22.937 24.854 24.773 24.692 24.613 23.535
54.955 52.885 56.789 67.677 61.596 54.542 73.509 62.496 14.510 0.000 8.187 58.051 73.981 68.936 68.905 71.888 0.000 0.000 0.000 0.000 3.693 3.696 55.704 46.702 49.697 0.000 0.000 0.000 93.572 120.562 35.562 0.000 60.858 55.755 55.592 55.497 51.577 91.604 91.425 83.950 87.547 84.284 84.067 83.843 75.607 28.371 0.000 50.939 28.939 0.000 0.000 0.000 31.079 30.042 28.966 24.913 28.861 40.803 45.738 43.668 36.592 26.511 35.427 43.341 22.254 28.167 41.082 37.999 33.917 41.836 22.756 24.676 22.599
53.009 58.942 68.864 60.781 52.710 52.652 65.604 73.558 69.524 72.454 74.323 69.218 64.148 66.101 55.070 54.055 0.000 0.000 0.000 4.688 60.689 59.691 47.692 49.690 50.683 54.669 53.661 0.000 4.588 0.000 0.000 7.242 67.081 59.953 54.793 55.882 53.926 91.766 53.586 61.167 75.754 83.566 84.344 82.128 40.868 0.000 0.000 0.000 0.000 0.000 0.000 32.141 26.116 26.083 26.032 26.981 36.925 45.864 44.797 44.724 40.646 36.565 46.481 29.395 24.309 25.224 25.141 35.059 47.979 34.899 22.819 23.738 29.662
59.072 70.010 59.943 52.875 53.811 53.754 55.696 39.610 65.575 63.515 55.431 52.353 51.292 67.248 69.220 56.207 0.000 0.000 0.000 60.686 56.686 53.686 46.685 50.682 50.675 50.665 50.652 9.631 12.605 13.584 15.538 83.403 80.275 69.147 68.103 57.101 92.053 91.916 55.647 62.289 57.058 63.853 82.616 57.459 0.000 0.000 0.000 0.000 0.000 0.000 0.000 32.166 26.162 26.140 26.101 27.052 35.995 45.931 44.861 43.786 40.705 45.622 39.536 23.450 25.364 25.280 25.198 35.118 43.041 21.963 24.882 27.796 46.722
70.141 60.084 53.024 53.963 53.906 54.855 35.817 0.000 22.649 50.601 53.535 53.469 53.418 51.380 75.356 59.344 0.000 0.000 0.000 37.685 54.683 48.682 49.680 50.677 50.671 50.662 50.652 61.637 1.617 5.609 22.626 75.558 85.459 7.350 89.273 79.465 92.173 54.236 67.873 64.511 54.375 51.171 47.807 32.633 0.000 0.000 27.774 0.000 0.000 0.000 0.000 28.195 26.225 26.213 26.179 26.131 27.072 33.005 40.931 40.852 40.768 44.681 22.593 25.505 25.418 24.334 30.253 47.176 30.102 24.030 26.953 7.840 8.771
60.215 53.161 54.105 54.048 53.994 56.944 12.901 10.867 3.772 48.705 53.639 55.571 53.529 52.500 70.480 66.471 0.000 0.000 0.000 0.000 45.680 48.679 50.677 50.674 50.669 50.663 52.655 38.646 0.000 0.000 72.802 75.743 86.657 92.531 86.635 84.670 92.274 75.293 77.991 62.829 55.730 48.653 0.000 0.000 0.000 0.000 25.775 0.000 0.000 0.000 0.000 0.000 29.330 26.310 26.272 26.221 26.158 26.087 26.008 32.922 40.833 28.741 25.649 25.558 25.470 28.385 41.305 41.230 23.162 25.102 28.059 0.000 0.000
53.293 54.241 54.187 54.132 54.077 54.025 57.976 58.928 58.866 54.808 54.745 34.648 51.628 52.609 68.594 67.587 0.000 0.000 0.000 0.000 44.677 50.677 50.675 50.672 50.669 50.665 38.660 0.000 0.000 1.268 78.035 83.959 86.865 86.813 85.890 92.410 84.788 87.501 82.186 67.124 57.062 56.058 56.198 0.000 0.000 0.000 22.775 29.776 22.776 0.000 0.000 0.000 44.456 25.425 26.379 26.321 26.253 27.176 26.090 25.997 25.901 25.803 25.705 25.609 24.518 30.431 45.351 22.278 25.213 25.159 27.122 2.117 0.000
54.375 54.324 54.270 54.214 54.158 54.102 54.050 54.002 53.957 53.916 57.885 0.000 44.726 53.713 69.701 64.697 0.764 0.000 0.000 0.000 49.676 52.675 52.674 52.672 50.670 53.668 0.000 0.000 0.000 70.426 76.293 87.194 87.071 87.177 85.222 92.625 85.929 90.570 86.459 87.390 75.338 63.318 52.339 47.339 49.339 0.000 0.000 28.776 23.776 29.770 30.754 28.713 34.613 44.554 26.497 27.433 36.358 43.273 25.179 26.077 25.971 25.864 25.758 24.657 29.561 48.472 42.391 31.318 24.253 25.198 27.152 42.112 60.051
54.460 54.408 54.354 54.298 54.238 54.177 54.121 57.074 55.043 54.015 57.994 0.000 44.837 53.816 70.798 62.793 2.817 0.000 0.000 0.000 22.675 32.675 31.673 31.672 52.670 37.669 0.000 0.000 0.000 72.609 82.522 87.421 87.373 86.473 93.284 92.973 87.002 87.843 86.698 86.639 87.583 78.537 43.500 0.000 0.000 0.000 0.000 26.778 26.780 23.781 25.780 26.772 25.730 32.680 46.623 29.555 27.474 37.381 25.275 26.161 26.042 25.923 25.808 25.698 33.597 46.505 33.422 45.349 23.285 24.228 29.178 50.129 62.074
54.547 54.495 54.442 54.384 54.320 57.245 59.184 31.129 52.128 55.107 57.082 17.059 47.969 52.918 64.881 62.859 3.853 0.000 0.000 0.000 0.000 0.000 0.000 0.000 33.670 0.000 0.000 0.000 21.048 70.878 87.762 87.636 87.747 85.828 93.565 85.602 91.304 86.996 86.948 86.878 86.817 76.749 37.624 0.000 0.000 0.000 0.000 0.000 29.787 30.794 17.813 25.866 26.854 26.815 30.759 46.689 29.603 26.501 26.381 26.249 26.113 25.979 23.851 29.732 48.624 29.528 28.445 42.372 26.309 24.252 31.202 57.153 62.103
54.636 54.585 54.533 54.478 56.412 32.300 34.242 0.000 14.231 50.204 54.168 58.125 54.063 57.005 61.949 66.911 5.882 0.000 0.000 0.000 0.000 0.000 0.000 0.000 0.000 0.000 0.000 4.339 80.218 82.095 87.984 87.935 87.051 94.070 93.827 86.671 87.383 87.251 87.180 87.114 86.057 66.016 0.000 0.000 0.000 0.000 0.000 0.000 0.000 21.793 0.000 33.024 30.006 25.967 25.911 27.839 44.749 33.637 25.501 26.342 26.182 25.029 29.887 31.756 30.639 27.540 25.457 25.386 25.325 26.272 39.223 61.178 62.134
54.725 54.674 54.627 54.583 59.550 0.000 0.000 20.449 12.363 46.308 55.260 53.211 55.154 67.091 38.998 32.955 0.000 0.000 0.000 0.000 0.000 0.000 0.000 0.000 0.000 0.000 0.000 67.460 72.390 86.299 88.180 88.307 86.400 94.295 86.183 87.854 87.545 87.483 87.406 87.339 79.282 56.243 0.000 0.000 0.000 0.000 0.000 0.000 0.000 0.000 0.000 37.200 32.178 26.137 24.080 27.007 26.915 42.799 35.643 26.437 27.243 25.068 31.911 31.766 28.636 22.535 25.456 25.391 27.335 41.286 60.242 62.202 65.166
55.811 53.761 53.716 53.679 56.655 26.661 23.621 55.536 60.464 54.406 52.354 59.303 69.252 72.206 0.000 0.000 0.000 0.000 0.000 0.000 0.000 0.000 0.000 0.000 0.000 0.000 0.000 69.650 77.586 87.496 88.486 87.523 94.708 94.507 87.220 87.921 87.780 87.699 87.624 87.554 69.489 51.430 0.000 0.000 0.000 0.000 0.000 0.000 0.000 0.000 0.000 35.398 33.369 33.323 30.264 23.193 25.108 25.999 41.837 41.519 38.284 35.091 27.922 26.763 23.602 24.510 25.442 29.386 49.338 61.295 61.257 62.223 61.195
69.892 68.842 67.799 65.761 62.731 63.707 63.666 60.609 61.551 63.497 63.447 69.397 71.344 29.275 0.000 0.000 0.000 0.000 0.000 0.000 0.000 0.000 0.000 0.000 0.000 8.168 16.089 70.907 87.798 88.706 88.655 87.882 94.894 86.707 88.377 88.062 87.994 87.910 87.836 85.766 67.689 38.560 0.000 0.000 0.000 0.000 0.000 0.000 0.000 0.000 0.000 25.624 29.579 32.522 33.460 32.395 29.325 25.252 19.185 0.000 0.000 0.000 0.000 0.000 27.499 25.461 28.417 49.374 62.335 61.300 62.268 65.240 61.217
65.967 67.918 66.875 68.836 70.801 69.768 68.729 66.682 64.634 64.586 65.539 61.493 61.452 0.000 0.000 0.000 0.000 0.000 0.000 0.000 0.000 0.000 0.000 0.000 0.000 57.248 80.192 79.090 87.996 88.885 89.011 87.113 95.068 88.806 88.408 88.281 88.194 88.114 88.043 83.984 63.941 0.000 0.000 0.000 0.000 0.000 0.000 0.000 0.000 0.000 33.063 27.897 24.800 26.726 31.660 33.600 33.545 34.499 25.468 0.000 0.000 0.000 0.000 0.000 28.435 26.417 42.390 63.359 61.329 61.300 61.275 62.252 61.233
54.037 53.989 54.946 61.907 70.871 76.836 64.798 58.758 53.716 51.673 50.631 56.585 35.518 0.000 0.000 0.000 0.000 0.000 0.000 0.000 0.000 0.000 0.000 0.000 0.000 63.383 79.340 87.267 89.182 89.150 88.281 95.376 95.228 90.830 88.633 88.469 88.389 88.309 88.240 83.185 58.151 0.000 0.000 0.000 0.000 0.000 0.000 0.000 0.000 33.368 28.229 28.100 28.000 26.921 23.855 28.801 32.758 33.730 30.720 0.000 0.000 0.000 0.000 31.376 25.389 29.383 57.366 61.344 61.321 61.299 61.278 61.260 61.245
53.101 53.055 57.013 61.975 63.939 66.905 56.871 52.835 53.798 53.761 55.725 33.698 0.000 0.000 0.000 0.000 0.000 0.000 0.000 0.000 0.000 0.000 0.000 0.000 0.000 49.562 78.518 88.454 89.355 89.486 87.596 95.512 88.390 90.059 88.736 88.667 88.576 88.495 88.422 79.364 52.328 0.000 0.000 0.000 0.000 0.000 0.000 0.000 32.638 28.508 28.385 28.273 28.179 28.102 28.039 24.990 23.956 26.942 33.963 34.060 0.000 0.000 0.000 25.363 26.364 44.359 61.347 60.331 60.314 61.296 61.280 61.265 61.253
53.160 53.116 55.076 56.040 54.007 52.975 53.944 52.914 52.882 52.848 57.812 2.783 0.000 0.000 0.000 0.000 0.000 0.000 0.000 0.000 0.000 0.000 0.000 0.000 1.026 57.784 86.721 89.645 89.619 88.751 95.759 95.640 91.393 89.090 88.942 88.849 88.758 88.671 89.591 69.519 57.470 0.000 0.000 32.353 0.000 32.074 34.022 33.923 28.767 28.641 28.529 28.429 28.342 28.270 28.210 28.164 27.134 24.121 33.129 34.157 27.157 0.000 0.000 33.348 25.346 33.341 39.332 42.319 46.306 52.292 58.279 60.268 60.258
54.215 54.173 54.136 54.103 54.072 53.045 53.018 52.993 52.967 51.936 59.894 10.838 0.000 0.000 0.000 0.000 0.000 0.000 0.000 0.000 0.000 0.000 0.000 0.000 42.179 78.033 88.935 89.824 89.965 88.057 95.866 88.857 90.526 89.206 89.128 89.029 88.934 88.842 89.750 61.654 39.562 0.000 0.000 28.353 0.000 27.127 29.069 28.979 28.868 28.761 28.662 28.572 28.492 28.424 28.368 28.324 26.294 28.278 34.276 31.283 0.000 0.000 0.000 32.335 31.333 30.327 29.319 28.310 27.299 31.288 42.277 38.268 40.261
52.265 52.227 52.193 52.162 52.136 52.112 52.092 53.074 55.056 57.035 31.989 0.000 0.000 0.000 0.000 0.000 0.000 0.000 0.000 0.306 9.293 0.000 0.000 12.494 53.360 84.237 90.125 90.111 89.139 96.052 95.964 91.852 89.555 89.402 89.305 89.206 89.109 89.012 84.913 31.783 0.000 0.000 0.000 28.354 34.330 29.237 29.149 29.058 28.964 28.873 28.786 28.704 28.630 28.566 28.512 28.470 25.440 34.422 34.415 30.415 0.000 0.000 0.000 31.325 30.322 31.316 31.309 31.301 31.292 31.283 30.275 30.267 29.261
53.310 53.276 56.245 60.218 63.196 67.177 69.163 72.153 71.151 63.158 1.237 12.375 36.410 4.432 0.000 0.000 0.000 0.000 0.000 40.318 67.293 7.259 0.000 46.628 79.532 89.420 90.317 90.245 89.469 96.128 88.301 89.983 89.662 89.583 89.481 89.383 89.283 90.185 77.107 0.000 0.000 0.000 0.000 8.377 28.401 29.340 31.234 31.137 29.059 28.982 28.904 28.829 28.759 28.698 28.646 25.604 30.574 33.555 34.547 25.548 0.000 0.000 0.000 15.319 36.313 36.308 33.301 30.293 30.285 31.278 32.271 32.265 31.260
55.352 54.321 61.294 70.271 71.252 70.237 69.228 68.226 65.235 59.262 34.327 51.384 69.424 38.453 22.480 0.000 0.000 0.000 11.377 50.345 64.300 3.225 22.078 63.859 88.718 91.605 90.447 90.659 88.634 96.192 90.291 90.003 89.851 89.755 89.658 89.560 89.456 91.339 35.223 0.000 0.000 0.000 0.000 0.000 24.557 30.490 11.308 11.199 28.153 29.091 29.020 28.948 28.880 28.820 27.769 25.728 34.697 34.677 31.670 25.682 31.735 0.000 0.000 0.000 47.304 62.300 55.293 51.286 47.279 43.272 46.267 46.262 29.258
55.390 55.363 58.339 61.319 60.303 58.292 56.287 54.289 52.301 52.327 61.368 63.410 60.447 57.479 61.506 9.530 0.000 0.000 51.410 81.384 32.338 28.263 62.150 86.010 90.887 90.749 90.871 88.827 96.276 88.706 90.417 90.101 90.026 89.929 89.836 89.743 92.642 49.491 0.000 0.000 0.000 0.000 0.000 0.000 26.781 31.755 0.000 0.000 25.264 29.209 29.136 29.062 28.994 28.934 25.883 33.841 34.808 33.786 24.775 28.776 28.788 0.000 0.000 0.000 15.300 45.295 63.286 62.278 62.272 62.266 62.262 56.257 46.254
55.424 55.401 55.381 54.363 54.350 55.341 55.338 55.342 53.354 54.376 59.407 62.442 58.476 53.508 56.535 11.554 0.000 0.000 43.467 53.445 31.403 64.338 79.251 88.146 91.041 90.981 90.085 96.666 96.421 89.702 90.429 90.283 90.192 90.100 90.012 89.934 92.880 0.000 0.000 8.264 17.264 0.000 0.000 28.145 31.031 29.994 37.040 0.000 25.429 29.346 29.254 29.171 29.101 27.040 28.988 34.945 34.910 26.884 27.867 28.857 28.854 0.000 0.000 0.000 0.000 0.000 45.278 61.270 61.265 61.260 61.256 62.252 62.250
55.457 55.437 55.419 55.404 55.392 55.385 55.383 54.387 53.398 57.417 61.443 61.474 56.508 52.542 57.574 10.596 0.000 0.000 39.547 8.527 55.491 79.438 85.366 91.289 91.152 91.372 89.369 96.884 89.133 90.841 90.525 90.453 90.358 90.268 90.180 97.099 81.065 0.000 4.264 54.264 40.264 0.000 0.000 23.259 31.205 30.149 30.086 35.942 33.677 32.493 29.361 29.269 29.197 26.137 34.084 35.040 31.004 25.974 28.951 28.933 30.918 34.930 0.000 0.000 0.000 0.000 0.000 58.259 61.256 61.253 61.250 62.247 60.245
55.489 55.471 55.454 55.440 55.430 55.423 54.421 53.424 55.434 59.450 62.473 58.503 53.539 52.580 55.622 37.660 24.705 25.702 21.646 22.625 62.596 83.553 89.498 91.407 91.562 89.565 97.265 97.083 90.145 90.856 90.706 90.613 90.521 90.433 95.342 38.219 53.214 23.253 54.263 62.265 0.000 0.000 0.000 22.427 31.382 30.311 30.214 40.064 50.845 24.589 34.429 30.347 27.283 29.225 35.173 34.128 25.090 28.058 29.032 29.004 15.955 16.942 0.000 0.000 0.000 0.000 0.000 39.251 60.249 61.246 61.243 65.241 61.239
55.520 55.503 55.487 55.474 55.464 55.457 53.454 53.456 57.463 64.476 65.497 61.527 56.567 54.616 54.673 56.719 56.752 65.755 6.711 40.730 78.716 85.683 91.637 91.623 90.772 97.589 97.432 90.514 91.290 90.948 90.871 90.772 90.681 90.599 98.537 0.000 36.321 38.282 28.271 30.268 0.000 0.000 0.000 25.641 31.583 30.500 36.394 52.254 29.050 0.000 15.418 28.407 26.362 34.308 35.256 31.209 28.169 29.138 29.114 31.098 0.000 0.000 0.000 0.000 0.000 0.000 31.246 12.246 51.242 61.239 61.237 66.235 61.232
55.550 55.532 55.517 55.504 55.494 54.487 53.483 55.483 62.487 39.495 15.511 14.541 11.584 41.645 58.735 53.789 56.830 37.856 0.015 45.870 83.854 89.832 91.746 92.010 90.050 97.734 90.858 91.631 91.195 91.132 91.023 90.926 90.832 91.746 89.671 11.612 11.467 0.000 0.000 0.000 0.000 0.000 25.075 32.914 30.809 29.712 49.610 53.510 0.000 0.000 0.000 24.501 30.451 35.390 35.332 25.282 29.241 29.209 29.188 32.176 0.000 0.000 0.000 0.000 0.000 0.000 10.246 0.000 39.234 61.232 61.231 67.229 61.227
55.577 55.560 55.545 55.532 54.521 53.513 55.508 58.505 66.505 25.507 0.000 0.000 0.000 0.000 40.833 55.874 56.924 42.982 45.054 71.025 88.009 91.960 92.158 90.202 97.989 97.867 91.844 91.535 91.383 91.276 91.174 91.075 90.977 93.880 78.788 7.700 0.000 0.000 0.000 0.000 0.000 0.000 25.236 32.132 31.027 28.928 56.823 17.666 0.000 0.000 30.778 35.646 35.550 35.469 33.402 28.347 29.303 29.272 29.251 31.243 0.000 35.328 0.000 0.000 0.000 0.000 0.000 0.000 32.227 61.226 61.225 61.224 61.222
55.603 55.586 55.571 55.558 54.547 53.537 57.530 61.525 65.522 23.522 0.000 0.000 0.000 0.000 20.890 63.948 59.012 65.092 78.155 87.170 91.161 92.196 91.372 98.205 98.101 91.192 91.962 91.616 91.529 91.421 91.320 91.222 95.121 58.011 29.899 0.000 0.000 0.000 0.000 0.000 0.000 27.718 32.501 31.352 33.239 30.150 54.087 0.000 0.000 26.067 32.909 48.757 37.634 34.536 30.459 28.399 28.355 29.323 29.304 29.301 34.322 30.329 21.328 0.000 0.000 0.000 28.216 30.217 29.220 61.221 61.220 61.219 61.219
55.626 55.609 55.595 55.582 53.570 55.559 61.550 62.542 60.537 47.536 8.540 0.000 0.000 0.000 0.000 17.015 13.083 53.221 84.305 88.336 92.312 92.510 90.658 98.299 90.514 92.288 91.850 91.781 93.666 92.562 91.464 91.371 97.275 20.143 0.000 0.000 0.000 0.000 0.000 9.297 48.184 47.935 35.700 32.533 43.429 38.347 39.288 0.294 0.000 24.226 29.034 39.839 35.692 39.581 33.499 36.438 35.393 32.361 29.342 28.334 28.336 34.336 0.000 0.000 0.000 0.000 25.215 25.215 35.216 61.216 61.216 61.215 61.215
