results3/res_3e8f-0103.wd
ncols         241
nrows         181
xllcorner     12693529.787448
yllcorner     3542525.717860
cellsize      155.156523
NODATA_value  -9999.000000
[rows 132 to 164 of 181, columns 0 to 72 of 241]
93.905 98.905 102.905 102.904 104.903 104.901 98.900 89.897 75.895 64.892 63.889 64.885 63.881 62.876 67.871 81.865 92.858 97.850 97.841 94.830 86.817 77.802 68.783 62.760 67.729 69.693 68.652 69.606 67.567 62.531 76.496 99.463 66.435 0.000 0.000 0.000 6.069 58.061 70.055 67.029 69.007 74.991 92.984 78.981 62.981 61.983 61.987 73.993 94.998 36.004 9.011 4.026 0.000 0.000 0.000 0.000 0.000 0.000 0.000 0.000 0.000 0.000 0.000 0.000 25.773 5.694 9.615 50.514 73.367 77.265 77.155 87.239 114.703
71.910 73.910 76.909 82.908 92.907 98.906 103.904 103.902 96.899 82.896 71.893 65.889 69.885 76.880 89.875 104.868 103.861 100.853 100.844 103.833 103.820 99.805 87.786 75.765 67.738 62.708 63.675 62.640 63.608 71.579 93.553 101.531 13.517 0.000 0.000 0.000 16.077 44.085 62.116 71.110 72.091 69.069 70.064 80.061 75.057 68.053 72.049 80.045 93.042 34.039 20.033 26.042 6.050 0.000 0.000 0.000 0.000 0.000 0.000 0.000 0.000 0.000 0.000 0.000 7.852 0.000 57.639 79.559 75.436 84.406 75.468 114.829 103.586
63.915 63.915 63.914 65.913 70.912 74.911 81.909 90.907 98.904 101.901 95.898 93.894 95.889 98.884 97.879 90.873 81.866 79.858 79.848 84.838 90.825 97.811 100.794 99.774 88.751 78.726 73.700 71.672 80.647 96.624 97.605 83.591 16.585 0.000 0.000 0.000 0.000 0.000 45.217 72.203 51.178 39.130 54.144 69.142 84.134 88.123 90.110 91.097 87.085 14.076 1.055 29.057 26.059 14.062 20.063 14.063 0.000 0.000 0.000 0.000 0.000 0.000 42.077 12.025 77.930 99.863 132.714 88.685 83.735 64.690 100.753 105.265 105.170
64.920 64.920 64.919 64.918 63.917 62.916 64.914 69.912 75.909 85.906 95.903 97.899 90.894 80.889 74.884 66.878 62.871 62.863 62.854 64.844 69.832 75.819 82.803 94.786 99.767 101.746 100.725 96.703 99.683 92.665 74.652 66.644 45.647 3.670 0.000 0.000 0.000 0.000 38.330 71.307 14.289 0.000 47.239 72.228 91.213 99.195 85.172 88.147 74.126 32.112 0.000 56.070 25.067 17.064 28.063 28.063 0.000 0.000 0.000 0.000 0.000 29.185 48.130 121.068 149.988 132.867 116.419 115.362 107.031 105.669 105.543 105.409 70.631
64.925 64.925 64.925 64.924 64.923 64.921 64.919 63.917 63.915 66.912 72.908 71.905 67.900 63.895 63.890 63.884 64.877 64.870 64.861 64.852 63.841 62.829 64.815 70.800 77.784 86.767 94.749 90.732 79.717 67.703 63.693 68.687 76.687 52.693 30.696 30.679 16.642 17.577 53.467 74.406 24.382 6.390 66.344 98.319 100.297 79.271 82.237 81.193 69.159 58.135 9.110 37.085 11.076 0.000 12.063 0.000 1.709 0.000 0.000 0.000 0.000 10.243 73.187 79.104 75.089 76.246 74.218 106.007 105.901 105.789 72.984 75.761 77.631
64.931 64.931 64.930 64.930 64.928 64.927 64.925 64.923 64.921 64.918 63.915 63.911 63.906 64.901 64.896 64.890 64.884 64.877 64.870 64.861 64.851 64.841 64.829 63.816 62.802 63.788 67.774 65.760 64.748 68.737 71.729 70.724 68.722 70.721 70.715 67.699 67.669 71.622 46.555 32.468 21.444 39.444 84.428 98.408 78.384 71.354 70.312 50.229 46.182 9.159 0.000 0.000 0.000 2.003 0.000 0.000 5.709 20.682 35.634 5.565 19.480 82.328 89.312 87.381 85.365 86.444 106.205 106.108 87.235 94.025 86.878 92.649 84.489
64.937 64.937 64.936 64.936 64.935 64.933 64.932 64.930 64.928 64.925 64.921 64.917 64.913 64.908 64.902 64.897 64.892 64.886 64.879 63.871 70.863 72.853 64.843 63.832 62.821 63.809 65.798 68.787 71.777 70.769 65.763 66.758 73.755 76.752 72.746 66.733 63.714 72.688 3.662 0.000 6.480 79.516 88.515 75.500 67.477 87.451 33.428 0.000 0.000 0.000 1.007 1.006 1.005 2.003 0.000 0.000 30.735 72.704 101.656 62.588 95.469 103.623 100.583 99.672 106.477 106.390 106.300 99.323 101.199 100.896 99.756 98.687 16.602
64.943 64.943 64.943 64.942 64.941 64.940 64.939 64.937 64.935 64.932 67.929 67.925 65.920 69.914 67.909 64.905 64.901 64.895 63.889 61.883 72.875 80.867 66.858 63.849 65.839 68.830 70.821 69.813 66.805 68.799 73.795 75.791 76.789 76.786 71.782 65.775 74.765 93.753 12.744 0.000 0.000 53.624 76.617 73.599 77.573 97.543 31.522 0.000 1.007 1.007 1.007 1.008 1.005 3.003 0.000 28.848 80.796 96.742 99.670 104.666 101.829 98.817 106.715 106.640 106.561 98.637 99.421 100.294 99.974 99.945 92.876 69.782 0.000
64.950 64.950 64.949 64.949 64.948 64.947 64.946 64.944 64.942 65.940 72.937 72.933 49.928 17.919 38.915 68.913 62.910 65.906 71.901 74.895 74.888 70.881 66.874 67.866 70.858 69.851 68.844 70.837 74.832 74.828 76.825 75.824 66.823 61.822 63.821 76.819 95.817 105.816 27.817 0.000 0.000 28.740 84.728 86.708 93.675 92.625 28.596 0.000 1.007 0.000 0.002 1.012 0.000 7.001 32.968 76.909 98.825 101.838 100.925 100.925 100.016 106.858 106.788 98.845 99.645 100.506 100.293 100.147 100.104 92.036 83.994 0.000 0.000
64.957 64.956 64.956 64.956 64.955 64.954 64.953 64.952 64.950 66.948 75.946 86.943 62.941 0.000 5.918 53.922 79.920 71.917 69.913 69.907 67.902 66.896 68.889 70.883 68.877 64.871 66.865 78.861 80.858 70.856 64.855 61.855 61.856 66.858 80.861 96.864 93.868 77.876 49.891 17.926 11.922 55.868 84.848 66.830 57.792 49.686 14.641 0.000 0.000 20.019 11.019 1.017 0.000 26.034 77.001 98.912 101.104 100.093 100.201 107.057 106.993 106.927 98.909 100.793 100.505 100.378 100.323 100.249 94.173 81.109 71.072 0.000 0.000
64.964 64.963 64.963 64.963 64.962 64.962 64.961 64.960 64.959 66.957 76.956 63.954 19.951 1.957 0.000 21.936 75.933 67.930 69.925 68.921 66.916 69.911 70.905 67.900 64.895 60.890 70.886 84.884 71.882 61.882 62.883 67.886 77.889 88.894 99.900 92.907 70.917 65.929 84.946 91.965 92.971 96.964 71.965 32.971 4.978 0.000 0.000 0.000 0.000 33.019 20.020 0.147 31.144 77.076 99.091 101.276 100.291 107.232 107.177 107.119 99.180 99.978 100.866 100.564 100.549 100.488 100.413 101.321 89.240 60.154 49.113 7.113 1.113
63.971 63.971 64.970 64.970 64.969 64.969 64.969 64.968 64.967 67.966 77.966 48.965 0.000 7.964 45.962 47.952 64.947 66.943 54.939 36.934 74.930 69.926 65.921 64.917 62.913 64.909 80.906 83.905 65.905 68.907 80.910 89.915 98.921 96.929 84.938 70.949 63.962 79.978 83.997 72.018 53.035 51.050 39.077 19.113 8.170 2.318 0.518 20.588 15.590 0.000 0.000 25.227 77.245 100.343 101.360 99.468 107.338 107.286 99.346 100.156 101.033 100.840 100.717 100.693 100.640 100.588 103.517 67.383 47.312 0.000 0.000 0.000 0.000
72.978 70.978 67.977 65.977 62.977 62.977 62.977 62.977 61.976 66.976 78.975 61.975 42.977 50.973 68.969 64.964 61.959 67.955 62.952 49.948 69.945 63.941 62.937 62.934 64.930 78.927 86.925 52.925 44.926 94.930 99.936 94.944 83.952 73.962 65.974 61.988 73.004 85.024 53.047 28.073 11.103 2.139 19.179 18.235 8.311 9.422 12.538 40.594 24.592 0.000 0.000 57.479 99.506 98.624 107.486 107.438 107.389 99.385 101.277 101.001 100.893 100.862 102.818 97.767 99.736 100.708 111.686 0.000 0.000 0.000 0.000 0.000 0.000
73.987 75.986 81.984 82.983 82.984 79.985 80.985 79.985 78.985 78.985 80.984 63.984 67.984 66.981 63.978 66.975 66.971 65.968 70.965 72.962 66.959 60.956 62.953 64.950 78.947 83.944 72.942 66.942 75.945 98.952 81.961 72.971 64.982 62.994 65.008 64.024 78.043 87.066 51.093 27.125 15.163 17.210 20.266 12.335 13.418 19.513 21.603 14.657 0.000 0.000 35.712 77.722 107.615 107.574 107.531 99.622 100.426 101.323 101.031 101.027 101.984 101.938 74.893 52.830 87.829 101.823 106.832 46.890 0.000 0.000 0.000 0.000 0.000
66.996 60.994 13.989 15.988 24.992 71.994 68.994 68.994 68.994 72.994 81.993 62.993 63.992 62.991 65.988 69.986 70.983 68.981 67.978 70.976 71.974 68.971 62.969 79.966 85.964 76.960 82.957 99.957 96.961 78.970 66.984 62.997 65.010 65.024 64.039 69.057 85.079 87.105 79.135 82.171 53.215 15.271 7.340 6.423 18.513 25.610 15.702 12.776 4.803 30.921 78.899 107.691 107.654 99.766 100.575 101.460 101.272 101.158 101.142 102.094 100.053 94.012 18.990 0.000 69.926 104.922 101.929 100.949 0.000 0.000 0.000 0.000 0.000
65.007 57.007 0.000 0.000 7.003 68.003 64.003 64.004 64.003 68.003 82.003 60.002 64.001 68.000 69.999 70.997 67.995 64.993 62.992 64.990 74.988 87.987 82.985 83.983 60.981 54.976 106.970 92.968 59.971 19.983 40.009 68.024 65.037 65.051 67.068 60.087 44.111 34.139 46.170 86.208 62.256 15.319 10.400 5.501 14.603 19.710 13.821 18.916 19.003 57.073 107.745 98.958 102.696 101.599 101.413 101.302 101.278 101.242 102.199 102.162 67.122 43.066 29.065 32.071 83.027 104.012 100.012 91.027 9.062 0.000 0.000 0.000 0.000
65.018 65.020 48.025 0.000 8.013 69.013 65.013 65.013 64.013 65.013 80.012 67.012 70.011 72.010 71.009 66.008 63.007 64.006 64.005 63.004 73.003 96.002 92.002 79.001 71.999 62.994 38.979 27.973 14.972 0.000 21.045 70.053 65.064 67.077 50.093 24.112 9.140 6.168 48.200 65.236 34.280 6.347 9.442 14.579 21.687 17.808 11.955 5.105 8.439 56.323 107.815 101.847 101.607 101.428 101.413 101.377 101.336 101.298 99.262 90.231 23.207 0.000 40.132 99.121 104.099 102.085 96.081 86.086 4.097 0.000 0.000 0.000 0.000
62.027 64.028 61.030 0.000 4.023 69.023 64.023 62.023 64.022 68.022 72.022 71.021 71.021 69.021 63.020 64.019 64.019 65.018 65.018 70.018 88.018 87.018 80.019 89.020 87.021 58.022 0.000 0.000 0.000 0.000 19.073 70.079 65.088 68.101 39.116 1.141 35.170 61.195 81.225 50.256 2.283 0.000 0.000 3.685 13.760 13.881 14.055 8.409 5.475 108.011 107.916 100.754 101.600 101.500 101.466 101.427 101.390 103.354 88.321 71.292 31.269 7.258 55.210 85.183 94.162 103.148 92.141 81.140 3.142 0.000 0.000 0.000 0.000
69.036 67.037 56.037 0.000 55.033 63.033 65.032 69.032 70.032 71.032 69.031 70.031 68.031 64.031 64.031 65.031 65.030 64.030 66.031 89.031 88.032 70.033 83.035 81.038 85.043 83.052 46.073 2.087 11.095 41.099 46.095 66.100 65.109 65.123 60.141 52.166 69.189 68.216 62.247 84.281 32.312 0.000 0.000 7.716 12.786 10.897 12.038 36.246 60.682 108.100 103.086 102.830 102.570 101.556 101.516 101.479 102.442 100.408 55.375 32.346 44.320 45.296 99.265 101.240 81.219 91.205 86.195 59.191 24.190 0.000 0.000 0.000 0.000
70.044 71.044 68.046 56.048 70.044 70.043 70.042 71.042 71.042 72.041 84.041 66.041 64.041 64.041 65.042 65.042 65.042 66.043 80.043 91.044 66.046 70.048 97.050 89.054 77.060 80.069 83.082 67.092 72.100 87.106 80.110 68.116 61.127 61.141 72.158 88.180 75.205 47.233 19.267 74.310 63.372 12.474 15.573 20.678 16.771 7.884 9.972 51.269 103.520 108.181 100.066 102.715 103.643 101.605 101.567 101.530 94.493 84.459 41.426 12.396 21.368 22.342 83.315 125.291 106.271 82.256 74.245 53.239 62.236 15.236 0.000 1.407 5.407
75.051 75.052 71.053 71.053 71.053 72.052 72.052 68.051 65.051 64.051 27.051 17.049 68.051 65.052 65.053 65.053 64.054 67.054 91.056 77.057 62.059 68.061 85.065 102.069 97.075 94.082 92.091 88.100 84.108 83.115 91.121 88.129 82.140 78.154 81.172 85.193 47.217 11.245 10.278 26.321 22.390 7.478 16.567 26.650 22.742 13.861 7.021 50.267 108.333 108.258 102.961 104.802 101.689 101.656 102.617 98.579 82.543 75.508 81.475 87.444 71.415 93.387 108.361 125.338 134.318 118.302 80.290 85.283 60.279 0.000 0.000 0.000 0.000
14.058 15.060 75.060 70.061 70.061 65.061 62.061 64.061 59.061 12.061 12.061 1.062 69.062 65.063 65.063 65.064 65.065 83.066 90.068 63.069 65.072 65.074 68.078 74.082 76.088 76.094 72.102 75.109 91.116 84.123 75.131 78.140 85.151 89.165 92.181 89.201 64.225 29.252 12.280 11.304 0.000 0.504 11.565 20.615 4.678 0.000 20.201 80.440 108.404 100.310 104.030 103.766 101.748 101.705 102.666 97.628 84.591 50.556 57.522 100.490 111.460 143.432 134.405 106.382 94.361 111.344 90.331 84.323 59.319 0.000 0.000 0.000 0.000
1.070 10.069 24.066 79.069 64.070 62.070 64.070 64.070 65.071 12.071 3.072 58.074 66.074 65.074 65.074 65.075 67.076 91.078 76.079 62.081 65.084 65.087 65.090 64.095 64.100 64.105 63.112 70.118 99.125 78.132 9.139 17.148 29.160 80.172 90.188 74.206 79.229 66.258 18.287 15.311 0.401 5.479 18.520 10.568 0.000 0.000 38.352 108.541 108.473 103.192 104.929 100.835 101.794 101.753 101.713 101.675 88.638 51.602 66.568 103.535 99.504 133.475 128.447 97.422 102.400 88.382 69.368 87.358 65.355 0.000 0.000 0.000 0.000
63.082 59.080 0.000 71.079 81.079 82.079 63.079 75.080 82.080 58.081 56.082 66.083 65.083 65.084 65.085 65.086 84.087 88.089 63.091 65.093 64.095 63.098 65.102 65.106 65.111 65.116 64.122 72.128 101.134 82.140 28.146 1.156 52.168 77.178 90.191 69.207 59.228 18.262 11.301 14.336 12.388 20.440 24.469 0.000 0.000 17.288 79.525 108.607 100.455 104.170 103.910 101.887 101.841 101.800 101.759 102.720 93.683 82.647 105.612 130.578 118.546 135.515 132.486 126.460 133.436 99.415 76.399 86.389 94.386 23.396 0.000 0.000 0.000
65.090 64.090 59.093 65.089 64.088 12.088 86.089 78.089 65.090 66.090 66.091 65.092 65.093 65.094 65.095 68.097 91.098 74.100 64.101 65.104 71.107 79.110 65.113 63.117 65.122 64.126 67.131 91.137 99.142 74.148 62.155 50.163 72.171 71.180 32.190 17.202 14.215 0.000 3.317 3.346 4.386 5.424 7.446 0.000 20.392 77.517 99.663 108.671 101.416 102.055 101.975 101.930 101.887 101.845 101.804 102.765 93.727 76.690 72.654 105.620 95.586 109.554 112.524 100.495 102.468 74.444 51.425 65.412 132.406 85.406 20.408 10.409 32.408
65.098 65.098 65.098 65.097 65.097 59.097 75.098 91.098 67.099 64.100 65.101 65.102 65.103 65.104 64.106 87.107 89.109 63.110 65.112 66.114 63.117 25.121 84.124 79.128 66.132 64.136 82.141 101.145 85.150 65.156 65.162 66.168 69.174 73.181 10.189 11.195 0.000 0.295 15.303 0.000 0.000 0.000 0.000 0.000 43.534 100.672 108.793 108.733 101.303 102.133 102.014 101.975 101.931 101.889 101.848 100.808 85.770 87.732 107.696 126.660 125.625 130.592 135.559 122.527 120.497 107.468 56.445 54.429 130.419 94.414 32.410 25.409 90.408
65.105 65.105 65.105 65.105 65.105 65.106 65.106 76.107 91.108 67.109 64.110 65.112 65.113 63.114 71.116 92.118 72.119 64.121 66.122 64.124 6.128 3.131 72.135 73.138 79.142 78.146 86.150 85.154 66.158 64.163 66.168 69.172 74.177 74.180 0.000 0.000 0.000 2.287 26.290 13.286 14.285 13.285 0.000 4.791 51.857 105.905 108.852 100.648 102.355 102.088 102.065 102.017 101.974 101.932 101.890 101.850 87.811 83.773 104.736 105.699 105.664 108.628 108.594 107.559 112.524 85.488 61.459 76.439 91.427 30.421 0.000 0.000 34.408
65.112 67.112 67.112 65.113 65.113 65.114 65.115 65.116 76.117 91.118 67.120 62.121 62.123 79.124 91.126 85.128 62.130 65.131 61.132 7.132 4.139 58.142 65.146 65.149 71.152 88.155 88.159 81.162 74.166 66.170 53.174 23.177 88.180 68.182 0.000 0.000 0.000 1.282 15.284 8.284 22.284 11.284 0.000 5.017 25.072 108.967 108.910 101.516 102.245 102.148 102.104 102.059 102.015 101.973 101.932 102.892 97.852 87.814 82.776 81.738 81.701 81.665 81.628 85.591 59.551 3.500 29.462 85.441 81.429 42.421 4.417 0.000 33.408
66.120 3.120 4.117 65.120 64.122 63.123 63.123 62.124 62.126 75.127 90.129 83.131 90.132 92.134 79.136 63.138 70.141 70.143 58.144 0.000 6.152 69.154 65.157 67.159 91.162 98.165 76.168 67.171 74.174 81.177 69.180 5.183 48.185 66.187 0.000 0.000 0.000 2.275 8.278 5.282 19.283 0.000 0.000 5.218 10.576 109.023 106.774 102.479 102.218 102.192 102.143 102.099 102.056 102.013 101.972 101.932 102.893 101.854 99.815 98.776 98.738 99.701 101.664 75.627 17.589 0.000 14.449 70.436 101.425 92.418 65.413 41.409 58.408
65.129 64.129 0.000 64.130 75.130 79.131 83.132 88.133 91.134 92.136 92.138 92.140 78.142 65.144 81.147 98.149 99.151 99.154 92.158 70.165 5.164 66.165 64.167 73.169 101.172 88.174 65.176 64.179 66.181 69.184 60.186 5.189 25.191 25.193 0.000 0.000 0.000 8.267 3.273 0.000 2.283 0.000 13.160 14.524 5.731 109.076 110.723 106.356 102.274 102.227 102.182 102.138 102.095 102.053 102.012 101.972 101.932 101.893 101.854 101.814 102.774 105.736 77.699 10.663 0.000 0.000 0.000 15.427 71.419 102.412 93.408 69.405 46.407
65.137 67.138 63.141 65.139 80.139 79.139 75.140 71.141 70.143 66.145 87.147 77.149 88.152 79.154 95.157 91.159 84.162 85.165 96.169 102.173 91.174 92.176 84.178 92.180 100.181 73.183 64.185 65.187 65.189 64.191 64.193 66.195 61.198 10.201 70.208 61.214 0.233 2.254 0.000 0.000 0.000 3.941 82.044 79.263 109.172 109.125 104.601 105.424 102.304 102.264 102.219 102.175 102.133 102.091 102.051 102.011 101.972 101.933 101.894 103.852 108.808 77.770 17.735 0.000 0.000 0.000 0.000 0.000 12.412 63.404 98.401 48.399 0.000
67.145 3.144 62.146 65.147 65.147 65.147 64.148 65.149 67.150 65.153 77.156 72.158 81.161 92.164 80.167 65.169 66.172 67.176 68.179 73.182 86.185 96.187 102.188 100.190 89.191 65.193 65.194 65.195 65.197 65.198 66.199 89.201 62.203 2.206 66.211 16.218 10.230 3.242 0.000 0.000 0.000 13.868 102.078 104.275 109.216 102.939 102.638 102.370 102.347 102.298 102.254 102.211 102.169 102.129 102.089 102.050 102.011 101.973 103.935 88.894 42.835 9.803 0.000 0.000 0.000 0.000 0.000 0.000 0.000 34.393 96.391 48.390 0.000
68.153 1.153 62.154 65.154 65.155 65.155 65.156 66.157 4.156 64.162 68.165 79.168 79.171 87.173 92.176 78.180 63.183 63.186 63.189 65.193 67.195 68.197 69.199 69.200 68.201 67.202 63.202 63.203 64.204 65.205 76.205 90.206 61.207 55.208 57.210 0.000 0.000 3.242 0.000 0.000 0.000 17.898 101.007 109.299 109.257 101.794 102.519 102.422 102.377 102.332 102.288 102.246 102.205 102.165 102.126 102.088 102.050 102.014 106.980 62.953 0.000 0.000 0.000 0.000 0.000 0.000 0.000 0.000 0.000 37.383 97.382 56.381 0.000
