results3/res_3e8f-0054.wd
ncols         241
nrows         181
xllcorner     12693529.787448
yllcorner     3542525.717860
cellsize      155.156523
NODATA_value  -9999.000000
[rows 66 to 98 of 181, columns 74 to 147 of 241]
27.206 0.000 52.478 69.461 68.436 68.413 0.000 39.902 39.887 52.895 48.902 47.880 47.832 46.756 122.647 110.524 0.000 0.000 0.000 43.627 38.590 43.540 46.500 46.462 48.421 49.385 54.349 55.316 56.278 47.226 0.000 0.000 45.176 95.176 77.092 80.951 81.037 79.091 87.041 79.503 79.979 80.716 79.487 79.264 80.058 49.902 0.000 0.000 0.000 0.000 0.000 0.000 0.000 15.561 13.544 13.513 13.469 13.415 13.357 17.294 30.224 27.147 12.065 22.980 31.900 10.825 13.753 19.683 24.615 20.548 14.482 12.417 10.355 25.293
54.198 0.000 40.668 64.637 63.614 57.616 10.687 0.000 0.000 45.963 59.031 48.028 46.993 47.925 28.789 0.000 0.000 0.000 0.000 0.000 0.000 54.523 52.504 50.475 33.428 36.387 43.348 44.320 49.292 40.259 0.000 0.000 0.000 55.407 73.320 80.260 80.355 87.471 87.264 79.578 80.264 79.973 79.760 79.548 74.358 32.224 0.000 0.000 29.412 0.000 0.000 0.000 21.593 16.594 13.575 13.543 13.499 13.447 13.389 13.325 13.257 20.183 34.106 35.028 17.951 11.877 12.806 13.736 17.668 16.600 12.533 12.468 13.406 32.345
49.171 54.059 51.888 65.808 58.765 59.749 56.759 0.000 0.000 0.000 61.231 56.210 51.185 53.165 0.272 0.000 0.000 0.000 0.000 0.000 0.000 53.525 49.518 40.508 0.000 0.000 41.336 53.324 52.312 0.000 0.000 1.127 57.938 49.724 53.562 60.647 75.714 87.663 79.324 80.875 80.437 80.245 80.026 77.810 60.604 39.413 45.413 43.412 24.412 0.000 0.000 0.000 0.000 30.646 12.621 13.584 17.538 25.485 15.426 13.363 12.295 16.223 31.149 38.074 30.000 15.928 10.857 12.788 12.719 12.651 12.583 11.518 18.455 39.395
48.203 52.118 63.016 56.942 49.890 68.857 57.840 9.848 0.000 3.570 53.451 69.397 64.373 64.381 67.460 0.000 0.000 0.000 0.000 0.000 0.000 51.536 42.534 45.532 0.000 0.000 0.000 89.328 116.320 31.320 0.000 57.259 52.117 51.960 51.876 47.967 88.016 87.845 80.372 83.975 80.719 80.508 80.291 72.062 24.833 0.000 47.412 25.412 0.000 0.000 0.000 18.821 17.789 16.724 12.679 16.634 28.584 33.529 31.469 24.405 14.337 23.266 31.193 10.120 16.048 28.978 25.908 21.840 29.771 10.702 12.631 10.565 23.504 46.444
54.263 64.193 56.118 48.053 47.998 60.948 68.896 64.856 67.797 69.689 64.606 59.555 61.529 50.528 49.547 0.000 0.000 0.000 0.555 56.554 55.553 43.548 45.549 46.555 50.573 49.585 0.000 0.568 0.000 0.000 3.573 63.437 56.312 51.158 52.258 50.312 88.170 49.995 57.582 72.175 79.993 80.777 78.568 37.315 0.000 0.000 0.000 0.000 0.000 0.000 19.874 13.853 13.824 13.781 14.737 24.689 33.637 32.579 32.517 28.451 24.382 34.310 17.238 12.166 13.095 13.026 22.958 35.892 22.825 10.754 11.675 17.607 5.551 10.495
65.333 55.273 48.211 49.154 49.101 51.042 34.941 60.885 58.844 50.785 47.728 46.686 62.662 64.653 51.654 0.000 0.000 0.000 56.556 52.556 49.556 42.556 46.558 46.566 46.579 46.598 5.633 8.694 9.768 11.793 79.709 76.610 65.496 64.463 53.471 88.441 88.312 52.050 58.697 53.471 60.272 79.041 53.889 0.000 0.000 0.000 0.000 0.000 0.000 0.000 19.896 13.892 13.873 13.840 14.798 23.749 33.694 32.634 31.569 28.501 33.429 27.357 11.284 13.211 13.141 13.073 23.008 30.945 9.883 12.815 15.709 34.638 51.599 30.547
55.408 48.354 49.300 49.251 50.209 31.179 0.000 17.898 45.911 48.879 48.836 48.802 46.779 70.767 54.763 0.000 0.000 0.000 33.557 50.558 44.559 45.560 46.564 46.570 46.581 46.594 57.608 0.000 1.838 18.900 71.863 81.787 3.694 85.629 75.831 88.552 50.626 64.269 60.911 50.780 47.582 44.227 29.058 0.000 0.000 15.422 0.000 0.000 0.000 0.000 15.922 13.948 13.938 13.908 13.867 14.816 20.758 28.694 28.626 28.553 32.479 10.403 13.328 13.255 12.185 18.118 35.055 17.998 11.948 14.912 0.000 0.000 27.659 0.000
48.484 49.434 49.386 49.341 52.305 8.287 6.309 0.000 44.023 48.985 50.934 48.905 47.886 65.874 61.869 0.000 0.000 0.000 0.000 41.560 44.561 46.563 46.566 46.572 46.579 48.588 34.598 0.000 0.000 69.096 72.054 82.986 88.873 82.989 81.034 88.645 71.678 74.381 59.222 52.126 45.051 0.000 0.000 0.000 0.000 13.423 0.000 0.000 0.000 0.000 0.000 17.040 14.022 13.989 13.945 13.890 13.828 13.760 20.686 28.609 16.529 13.450 13.372 13.297 16.225 29.158 29.097 11.044 13.001 15.974 0.000 0.000 54.719 44.727
49.561 49.514 49.467 49.423 49.385 53.355 54.331 54.280 50.172 50.104 30.012 46.999 47.985 63.974 62.969 0.000 0.000 0.000 0.000 40.562 46.563 46.565 46.567 46.571 46.576 34.582 0.000 0.000 0.000 74.332 80.277 83.196 83.156 82.243 88.768 81.164 83.882 78.570 63.511 53.450 52.446 52.583 0.000 0.000 0.000 10.423 17.425 10.425 0.000 0.000 0.000 32.150 13.122 14.082 14.032 13.973 14.906 13.831 13.750 13.666 13.581 13.496 13.414 12.335 18.261 33.194 10.133 13.080 13.037 15.009 0.000 0.000 56.772 48.758
49.639 49.592 49.545 49.499 49.455 49.417 49.380 49.337 49.282 53.245 0.000 40.093 49.082 65.070 60.063 0.000 0.000 0.000 0.000 45.563 48.564 48.565 48.567 46.570 49.572 0.000 0.000 0.000 66.786 72.623 83.524 83.408 83.523 81.576 88.978 82.302 86.946 82.837 83.770 71.720 59.700 48.720 43.720 45.720 0.000 0.000 16.426 11.426 17.422 18.409 16.374 22.287 32.235 14.186 15.130 24.065 30.990 12.908 13.818 13.726 13.632 13.540 12.452 17.369 36.292 30.222 19.160 12.106 13.059 15.017 29.971 47.914 48.840 48.798
49.718 49.671 49.623 49.573 49.522 49.476 52.436 50.407 49.375 53.351 0.000 40.199 49.180 66.161 58.151 0.000 0.000 0.000 0.000 18.564 28.564 27.566 27.567 48.569 33.571 0.000 0.000 0.000 68.948 78.855 83.756 83.714 82.821 89.645 89.332 83.372 84.215 83.072 83.014 83.959 74.915 39.878 0.000 0.000 0.000 0.000 14.428 14.430 11.432 13.432 14.426 13.390 20.347 34.296 17.237 15.166 25.084 12.991 13.891 13.786 13.682 13.581 13.485 21.396 34.316 21.244 33.181 11.125 12.075 17.029 37.982 49.931 48.876 48.831
49.799 49.752 49.703 49.648 52.583 54.531 26.482 47.480 50.458 52.432 12.409 43.325 48.278 60.245 58.228 0.000 0.000 0.000 0.000 0.000 0.000 0.000 0.000 29.569 0.000 0.000 0.000 17.354 67.202 84.094 83.973 84.090 82.178 89.927 81.965 87.670 83.363 83.316 83.248 83.188 73.122 34.000 0.000 0.000 0.000 0.000 0.000 17.436 18.443 5.461 13.509 14.500 14.466 18.417 34.355 17.279 14.189 14.084 13.967 13.847 13.729 11.616 17.511 36.416 17.331 16.258 30.195 14.139 12.089 19.043 44.997 49.951 48.904 48.857
49.881 49.837 49.790 51.732 27.632 29.581 0.000 9.573 45.546 49.511 53.471 49.413 52.361 57.313 62.288 1.287 0.000 0.000 0.000 0.000 0.000 0.000 0.000 0.000 0.000 0.000 0.732 76.507 78.414 84.315 84.273 83.395 90.431 90.188 83.032 83.744 83.614 83.544 83.479 82.424 62.384 0.000 0.000 0.000 0.000 0.000 0.000 0.000 9.442 0.000 20.650 17.634 13.600 13.551 15.487 32.407 21.309 13.188 14.048 13.906 12.771 17.645 19.529 18.424 15.336 13.263 13.201 13.147 14.099 27.056 49.014 49.974 51.932 47.885
49.964 49.923 49.887 54.859 0.000 0.000 15.774 7.694 41.642 50.596 48.549 50.497 62.440 34.359 28.323 0.000 0.000 0.000 0.000 0.000 0.000 0.000 0.000 0.000 0.000 0.000 63.863 68.733 82.633 84.515 84.647 82.745 90.654 82.538 84.211 83.902 83.842 83.766 83.700 75.644 52.606 0.000 0.000 0.000 0.000 0.000 0.000 0.000 0.000 0.000 24.807 19.787 13.751 11.700 14.635 14.554 30.450 23.313 14.131 14.959 12.804 19.664 19.535 16.417 10.327 13.257 13.199 15.149 29.106 48.067 50.031 52.998 44.965 5.924
49.044 49.007 48.976 51.957 21.966 18.931 50.854 55.787 49.732 47.682 54.634 64.586 67.544 0.000 0.000 0.000 0.000 0.000 0.000 0.000 0.000 0.000 0.000 0.000 0.000 0.000 66.013 73.931 83.834 84.823 83.863 91.063 90.864 83.572 84.273 84.134 84.054 83.980 83.911 65.847 47.790 0.000 0.000 0.000 0.000 0.000 0.000 0.000 0.000 0.000 22.984 20.958 20.916 17.863 10.800 12.724 13.627 29.483 29.203 25.995 22.824 15.672 14.530 11.382 12.299 13.239 17.189 37.146 49.108 49.075 50.046 49.022 40.005 0.000
64.120 63.084 61.053 58.029 59.010 58.975 55.923 56.868 58.817 58.767 64.718 66.668 24.606 0.000 0.000 0.000 0.000 0.000 0.000 0.000 0.000 0.000 0.000 0.000 4.492 12.418 67.246 84.136 85.042 84.991 84.221 91.247 83.054 84.725 84.411 84.344 84.261 84.188 82.119 64.043 34.916 0.000 0.000 0.000 0.000 0.000 0.000 0.000 0.000 0.000 13.187 17.145 20.093 21.037 19.978 16.915 12.850 6.791 0.000 0.000 0.000 0.000 0.000 15.284 13.249 16.210 37.173 50.138 49.107 50.080 53.057 49.039 46.029 27.034
63.190 62.155 64.124 66.097 65.069 64.036 61.994 59.948 59.900 60.851 56.803 56.764 0.000 0.000 0.000 0.000 0.000 0.000 0.000 0.000 0.000 0.000 0.000 0.000 53.567 76.515 75.418 84.327 85.216 85.345 83.450 91.418 85.149 84.752 84.626 84.540 84.462 84.392 80.333 60.291 0.000 0.000 0.000 0.000 0.000 0.000 0.000 0.000 0.000 20.582 15.432 12.343 14.275 19.215 21.160 21.110 22.067 13.040 0.000 0.000 0.000 0.000 0.000 16.220 14.204 30.180 51.154 49.127 49.102 49.080 50.062 49.048 49.040 40.038
49.257 50.223 57.192 66.164 72.136 60.105 54.069 49.029 46.985 45.936 51.878 30.821 0.000 0.000 0.000 0.000 0.000 0.000 0.000 0.000 0.000 0.000 0.000 0.000 59.695 75.656 83.587 85.506 85.477 84.611 91.718 91.574 87.170 84.973 84.810 84.732 84.653 84.585 79.530 54.497 0.000 0.000 0.000 0.000 0.000 0.000 0.000 0.000 20.862 15.733 15.614 15.522 14.449 11.388 16.337 20.297 21.271 18.261 0.000 0.000 0.000 0.000 19.158 13.173 17.168 45.153 49.135 49.115 49.096 49.078 49.063 49.052 49.045 24.042
48.319 52.287 57.258 59.232 62.206 52.178 48.148 49.114 49.076 51.029 28.953 0.000 0.000 0.000 0.000 0.000 0.000 0.000 0.000 0.000 0.000 0.000 0.000 0.000 45.863 74.826 84.767 85.673 85.809 83.924 91.850 84.724 86.394 85.073 85.005 84.915 84.835 84.764 75.706 48.671 0.000 0.000 0.000 0.000 0.000 0.000 0.000 20.114 15.991 15.875 15.771 15.683 15.610 15.551 12.504 11.471 14.457 21.473 21.558 0.000 0.000 0.000 13.144 14.146 32.142 49.131 48.118 48.102 49.087 49.073 49.061 49.052 48.046 14.043
48.377 50.348 51.323 49.299 48.277 49.255 48.231 48.205 48.176 53.150 0.000 0.000 0.000 0.000 0.000 0.000 0.000 0.000 0.000 0.000 0.000 0.000 0.000 0.000 54.069 83.019 85.952 85.932 85.070 92.089 91.974 87.724 85.422 85.275 85.183 85.094 85.008 85.929 65.859 53.810 0.000 0.000 19.845 0.000 19.552 21.495 21.391 16.236 16.114 16.006 15.911 15.829 15.759 15.702 15.657 14.627 11.613 20.619 21.642 14.642 0.000 0.000 21.127 13.126 21.121 27.113 30.102 34.090 40.078 46.067 48.057 48.049 46.044 11.041
49.432 49.406 49.384 49.366 48.349 48.333 48.317 48.298 47.274 55.244 6.244 0.000 0.000 0.000 0.000 0.000 0.000 0.000 0.000 0.000 0.000 0.000 0.000 38.480 74.324 85.231 86.126 86.274 84.372 92.191 85.182 86.853 85.535 85.458 85.360 85.267 85.176 86.085 57.991 35.900 0.000 0.000 15.846 0.000 14.610 16.541 16.442 16.328 16.222 16.126 16.039 15.962 15.895 15.840 15.797 13.767 15.750 21.746 18.751 0.000 0.000 0.000 20.113 19.110 18.105 17.098 16.088 15.079 19.069 30.059 26.051 28.045 32.040 13.037
47.482 47.461 47.444 47.430 47.420 47.412 48.406 50.398 52.376 27.310 0.000 0.000 0.000 0.000 0.000 0.000 0.000 0.000 0.000 5.613 0.000 0.000 8.755 49.637 80.520 86.415 86.409 85.444 92.368 92.285 88.175 85.879 85.728 85.632 85.535 85.439 85.344 81.246 28.118 0.000 0.000 0.000 15.847 21.848 16.738 16.618 16.508 16.411 16.322 16.237 16.157 16.085 16.021 15.967 15.925 12.894 21.875 21.866 17.865 0.000 0.000 0.000 19.101 18.097 19.091 19.084 19.076 19.067 19.059 18.051 18.044 17.039 16.036 16.033
48.529 51.512 55.499 58.491 62.488 64.491 67.498 66.510 58.524 0.000 7.961 31.984 0.021 0.000 0.000 0.000 0.000 0.000 36.618 63.613 3.613 0.000 42.873 75.793 85.694 86.601 86.540 85.771 92.439 84.618 86.302 85.983 85.905 85.805 85.708 85.610 86.514 73.437 0.000 0.000 0.000 0.000 0.000 15.959 16.877 18.685 18.560 16.488 16.417 16.342 16.268 16.199 16.137 16.084 13.041 18.009 20.989 21.979 12.978 0.000 0.000 0.000 3.093 24.086 24.080 21.072 18.064 18.056 19.049 20.042 20.036 19.032 19.030 20.029
49.571 56.558 65.550 66.548 65.552 64.564 63.585 60.621 54.686 29.830 46.938 65.007 34.073 18.112 0.000 0.000 0.000 7.633 46.622 60.609 0.000 18.215 60.073 84.966 87.872 86.728 86.952 84.935 92.496 86.606 86.320 86.170 86.075 85.979 85.883 85.780 87.665 31.551 0.000 0.000 0.000 0.000 0.000 12.152 18.128 0.000 0.000 15.564 16.516 16.448 16.376 16.306 16.244 15.191 13.147 22.114 22.092 19.083 13.091 19.134 0.000 0.000 0.000 35.075 50.070 43.062 39.053 35.045 31.038 34.032 34.027 17.024 18.023 19.025
50.608 53.600 56.596 55.599 53.609 51.627 49.657 47.702 47.770 56.865 58.956 56.033 53.099 57.152 5.196 0.000 0.000 47.644 77.629 28.592 24.505 58.358 82.236 87.135 87.015 87.152 85.119 92.573 85.017 86.731 86.415 86.342 86.246 86.154 86.063 88.964 45.814 0.000 0.000 0.000 0.000 0.000 0.000 14.370 19.354 0.000 0.000 12.690 16.635 16.559 16.480 16.407 16.343 13.288 21.243 22.208 21.184 12.170 16.169 16.178 0.000 0.000 0.000 3.069 33.063 51.052 50.042 50.034 50.027 50.021 44.017 34.014 20.013 0.000
50.642 50.637 49.637 49.643 50.657 50.679 50.714 48.762 49.826 54.906 57.989 54.068 49.140 52.201 7.241 0.000 0.000 39.670 49.658 27.627 60.565 75.474 84.381 87.292 87.249 86.367 92.966 92.716 86.012 86.740 86.596 86.506 86.415 86.329 86.251 89.198 0.000 0.000 4.574 13.574 0.000 0.000 15.716 18.605 17.565 24.594 0.000 12.870 16.777 16.672 16.579 16.500 14.432 16.376 22.329 22.292 14.265 15.246 16.236 16.232 0.000 0.000 0.000 0.000 0.000 33.040 49.029 49.021 49.015 49.010 50.006 50.003 25.001 0.000
50.671 50.668 50.671 50.680 50.696 50.721 49.757 48.805 52.867 56.943 57.025 52.110 48.194 53.270 6.325 0.000 0.000 35.707 4.708 51.692 75.653 81.593 87.530 87.409 87.645 85.655 93.187 85.441 87.150 86.835 86.764 86.670 86.581 86.494 93.414 77.379 0.000 0.573 50.574 36.574 0.000 0.000 10.827 18.770 17.706 17.624 23.447 21.143 19.930 16.774 16.665 16.580 13.512 21.454 22.406 18.367 13.337 16.314 16.296 18.283 22.293 0.000 0.000 0.000 0.000 0.000 46.014 49.008 49.003 48.998 49.994 47.991 21.989 0.000
50.696 50.696 50.700 50.710 50.726 49.752 48.787 50.834 54.896 57.973 54.060 49.155 48.255 51.359 33.466 20.615 21.703 17.744 18.775 58.780 79.761 85.725 87.651 87.823 85.844 93.571 93.388 86.453 87.163 87.015 86.923 86.831 86.744 91.654 34.531 49.527 19.564 50.573 58.575 0.000 0.000 0.000 9.994 18.944 17.864 17.750 27.575 38.324 12.028 21.830 17.725 14.647 16.580 22.523 21.474 12.434 15.402 16.377 16.352 3.312 4.302 0.000 0.000 0.000 0.000 0.000 27.004 47.995 48.990 48.985 52.982 48.978 37.975 0.000
50.718 50.718 50.723 50.733 50.749 48.773 48.805 52.850 59.910 60.992 57.086 52.193 50.314 50.446 52.564 52.675 61.752 2.788 36.870 74.893 81.887 87.864 87.871 87.039 93.895 93.738 86.819 87.596 87.255 87.178 87.080 86.990 86.908 94.847 0.000 32.632 34.592 24.581 26.578 0.000 0.000 0.000 13.213 19.148 18.056 23.937 39.780 16.552 0.000 2.794 15.759 13.701 21.640 22.583 18.534 15.494 16.462 16.439 18.424 0.000 0.000 0.000 0.000 0.000 0.000 0.000 0.000 38.978 48.976 48.973 53.969 48.965 48.959 37.945
50.736 50.736 50.740 50.750 49.764 48.785 50.812 57.850 34.904 10.999 10.101 7.218 37.360 54.549 49.670 52.770 33.842 0.000 42.023 80.033 86.038 87.977 88.264 86.324 94.040 87.163 87.935 87.500 87.437 87.329 87.232 87.139 88.053 85.979 7.921 7.776 0.000 0.000 0.000 0.000 0.000 12.668 20.496 18.381 17.275 37.164 41.055 0.000 0.000 0.000 11.815 17.760 22.695 22.636 12.586 16.545 16.514 16.493 19.481 0.000 0.000 0.000 0.000 0.000 0.000 0.000 0.000 26.965 48.963 48.961 54.959 48.955 48.950 42.942
50.750 50.750 50.754 49.761 48.773 50.790 53.810 61.834 20.855 0.000 0.000 0.000 0.000 36.718 51.796 52.894 39.003 41.141 67.166 84.188 88.170 88.396 86.465 94.293 94.172 88.148 87.839 87.687 87.580 87.478 87.379 87.283 90.186 75.094 4.007 0.000 0.000 0.000 0.000 0.000 0.000 12.840 19.722 18.606 16.500 44.388 5.221 0.000 0.000 18.063 22.928 22.827 22.746 20.681 15.628 16.587 16.557 16.537 18.527 0.000 22.577 0.000 0.000 0.000 0.000 0.000 0.000 19.952 48.952 48.951 48.949 48.946 48.943 46.939
50.761 50.760 50.763 49.769 48.779 52.791 56.805 60.819 18.829 0.000 0.000 0.000 0.000 16.811 59.903 55.007 61.135 74.253 83.316 87.347 88.414 87.618 94.506 94.403 87.495 88.265 87.919 87.832 87.724 87.624 87.525 91.425 54.316 26.205 0.000 0.000 0.000 0.000 0.000 0.000 15.373 20.132 18.945 20.821 17.730 41.668 0.000 0.000 13.428 20.198 36.007 24.876 21.782 17.712 15.659 15.619 16.590 16.571 16.565 21.575 17.577 8.577 0.000 0.000 0.000 15.934 17.936 16.941 48.942 48.942 48.940 48.939 48.938 46.937
50.769 50.768 50.770 48.774 50.781 56.790 57.800 55.809 42.814 3.810 0.000 0.000 0.000 0.000 12.999 9.095 49.279 80.420 84.498 88.512 88.741 86.916 94.599 86.816 88.591 88.153 88.084 89.968 88.864 87.766 87.673 93.578 16.447 0.000 0.000 0.000 0.000 0.000 0.000 35.838 35.615 23.369 20.106 31.004 25.933 26.885 0.000 0.000 11.658 16.294 27.027 22.888 26.795 20.728 23.677 22.639 19.612 16.594 15.585 15.584 21.580 0.000 0.000 0.000 0.000 12.933 12.932 22.933 48.934 48.933 48.933 48.932 48.932 22.934
