results3/res_3e8f-0165.wd
ncols         241
nrows         181
xllcorner     12693529.787448
yllcorner     3542525.717860
cellsize      155.156523
NODATA_value  -9999.000000
[rows 99 to 131 of 181, columns 0 to 72 of 241]
0.000 0.000 0.000 0.000 0.000 60.917 100.917 102.917 93.917 88.917 0.000 0.000 0.000 0.000 0.000 2.915 1.915 68.914 65.914 0.000 0.000 1.914 4.914 63.914 62.913 3.913 0.000 0.000 0.000 10.817 0.000 0.000 0.000 0.000 16.676 62.673 58.663 57.646 58.622 59.596 72.567 61.536 65.501 57.463 59.422 57.378 58.330 63.280 64.227 62.173 66.117 59.060 59.002 60.942 63.879 77.810 78.751 63.703 49.660 0.000 0.000 0.000 0.000 0.000 27.717 82.712 79.701 66.684 41.660 36.637 80.613 57.591 59.568
0.000 0.000 0.000 0.000 0.000 61.917 101.917 101.917 0.000 0.000 0.000 0.000 0.000 0.000 0.000 1.915 13.915 79.915 68.914 6.914 3.914 3.914 66.914 65.914 69.914 0.914 0.000 0.000 0.000 68.817 60.817 0.000 0.000 0.000 75.719 85.713 71.704 64.691 58.672 60.650 79.624 64.594 70.560 70.523 61.482 76.437 68.389 69.338 59.285 67.229 67.172 65.114 59.056 59.998 63.934 60.840 22.777 12.740 0.000 0.000 0.000 0.000 0.000 30.734 67.728 79.723 86.715 76.703 52.688 53.671 67.653 58.634 59.615
6.919 0.000 0.000 0.000 0.000 48.918 97.918 106.918 16.918 0.000 0.000 0.000 0.000 0.000 0.000 0.915 2.915 86.915 67.915 68.914 70.914 67.914 64.914 65.914 63.914 1.914 0.000 0.000 0.000 61.817 61.817 62.815 61.807 61.793 60.767 70.758 79.751 26.741 90.726 80.707 85.684 70.656 15.623 86.586 84.545 83.500 87.452 76.399 59.344 62.287 67.227 67.168 64.110 60.058 49.018 0.000 0.000 0.000 0.000 0.000 0.000 0.000 0.000 40.739 67.739 67.737 78.732 77.725 60.716 60.706 59.693 59.679 59.663
74.919 77.919 9.919 0.000 0.000 58.918 97.918 102.918 112.918 17.918 0.000 0.000 0.000 0.000 8.915 8.915 6.915 23.915 71.915 68.915 86.914 100.914 75.914 60.914 0.000 0.000 0.000 0.000 0.000 0.000 60.819 61.821 61.814 61.805 61.798 60.800 60.800 59.795 60.785 65.770 77.749 71.722 14.690 86.654 87.612 65.567 72.517 89.464 83.406 70.345 60.283 66.221 67.158 70.107 55.063 0.000 0.000 0.000 0.000 0.000 0.000 0.000 0.000 2.745 18.751 64.753 61.752 61.750 59.747 59.742 59.735 59.726 59.714
88.919 71.919 71.919 73.919 75.919 94.918 102.918 102.918 102.918 104.918 78.917 17.917 0.917 66.916 73.916 74.915 36.915 31.915 94.915 102.915 97.914 93.914 76.914 0.914 0.000 0.000 0.000 0.000 0.000 0.000 0.000 61.836 60.822 59.816 60.820 61.845 61.853 61.854 61.849 62.837 81.819 76.794 59.763 61.725 72.684 83.638 60.587 72.532 73.471 66.406 86.340 69.273 61.194 2.151 0.000 0.000 0.000 0.000 0.000 0.000 0.000 0.000 0.000 0.000 10.769 64.770 59.773 59.777 59.780 59.781 59.779 57.775 55.767
103.919 93.919 74.919 78.919 96.919 102.919 102.918 102.918 102.918 97.918 69.918 75.917 3.917 57.916 92.916 100.916 100.915 84.915 99.915 106.915 16.915 0.000 0.000 0.000 0.000 0.000 0.000 0.000 0.000 0.000 0.000 61.866 0.000 0.000 0.000 62.908 61.914 61.918 61.919 62.912 78.896 83.872 60.840 61.802 61.759 79.713 80.662 58.606 66.541 85.465 77.400 55.336 0.000 0.000 0.000 0.000 0.000 0.000 0.000 0.000 0.000 0.000 0.000 0.000 7.784 64.787 59.794 59.803 59.814 58.822 57.826 62.827 63.824
103.919 103.919 98.919 101.919 102.919 102.919 102.919 102.918 102.918 98.918 73.918 90.917 0.000 0.000 70.916 94.916 102.915 103.915 102.915 107.915 10.915 0.000 0.000 0.000 0.000 0.000 0.000 0.000 0.000 0.000 0.000 61.896 0.927 0.950 63.968 61.966 61.975 61.987 61.996 61.996 78.983 83.958 60.924 61.884 61.839 62.792 83.742 77.688 84.622 74.515 55.458 0.000 0.000 0.000 0.000 0.000 0.000 0.000 0.000 0.000 0.000 0.000 0.000 0.000 62.796 59.801 59.811 59.829 59.851 58.867 60.877 64.884 65.886
101.920 102.920 102.920 102.919 102.919 102.919 102.919 102.919 102.918 103.918 98.918 105.917 29.917 8.917 58.916 77.916 100.915 102.915 103.915 91.915 5.915 0.000 0.000 0.000 0.000 0.000 0.000 0.000 0.000 0.000 0.000 55.915 60.934 60.955 59.978 62.011 62.034 62.059 62.083 62.091 79.080 84.053 61.015 61.969 61.921 61.873 66.826 89.781 69.746 0.000 0.000 0.000 0.000 0.000 0.000 0.000 0.000 0.000 0.000 0.000 0.000 0.000 0.000 0.000 15.803 66.810 62.822 63.849 61.895 57.917 64.932 65.944 63.954
98.920 103.920 102.920 102.920 102.919 102.919 102.919 102.919 102.919 102.918 103.918 96.917 80.917 71.917 65.916 92.916 102.916 102.915 107.915 10.915 0.000 0.000 0.000 0.000 0.000 0.000 0.000 0.000 0.000 0.000 0.000 0.000 0.000 0.000 0.000 62.065 62.090 62.133 62.187 62.206 78.194 85.160 62.112 62.058 62.004 61.954 61.907 67.866 20.833 0.000 0.000 0.000 0.000 0.000 0.000 0.000 0.000 0.000 0.000 0.000 0.000 0.000 0.000 0.000 0.000 3.814 1.818 0.000 7.964 66.974 64.989 66.006 63.025
98.920 103.920 102.920 102.920 102.920 102.920 102.919 102.919 102.919 102.918 103.918 88.918 67.917 66.917 75.916 99.916 102.916 102.915 108.915 13.915 4.915 0.000 0.000 0.000 0.000 0.000 0.000 0.000 0.000 0.000 0.000 0.000 0.000 0.000 0.000 58.096 62.127 59.195 62.325 62.353 81.331 85.280 62.214 62.146 62.084 62.030 61.984 58.942 8.888 0.000 0.000 0.000 0.000 0.000 0.000 0.000 0.000 0.000 0.000 0.000 0.000 59.109 0.000 0.000 0.000 0.000 0.000 1.050 63.023 64.028 66.043 66.066 63.098
101.921 102.921 102.920 102.920 102.920 102.920 102.920 102.919 102.919 102.919 102.918 99.918 76.917 77.917 94.916 101.916 102.916 102.915 109.915 26.915 0.000 0.000 0.000 0.000 0.000 0.000 0.000 0.000 0.000 0.000 0.000 0.000 0.000 0.000 0.000 0.000 58.127 0.000 61.566 62.548 90.496 77.416 62.320 62.229 62.155 75.098 65.056 60.032 0.000 0.000 0.000 0.000 0.000 0.000 0.000 0.000 0.000 0.000 0.000 0.000 11.109 70.109 55.109 0.000 0.000 0.000 1.088 64.076 67.065 66.070 63.088 59.118 59.164
102.921 102.921 102.921 102.921 102.921 102.920 102.920 102.920 102.919 102.919 102.918 102.918 104.917 104.917 103.916 102.916 102.915 104.915 93.915 36.915 0.000 0.000 0.000 0.000 0.000 0.000 0.000 0.000 0.000 0.000 0.000 0.000 0.000 0.000 0.000 0.000 0.000 0.000 61.825 62.777 96.691 65.567 62.419 62.296 74.209 83.149 62.112 62.097 61.113 0.000 0.000 0.000 0.000 0.000 0.000 0.000 0.000 0.000 0.000 0.000 0.000 66.109 67.109 54.108 1.107 60.104 62.099 66.093 65.092 63.101 62.121 58.155 66.211
101.921 100.921 102.921 102.921 102.921 102.921 102.921 102.920 102.920 102.919 102.919 102.918 102.918 102.917 102.916 102.916 103.915 86.915 14.915 5.914 63.914 77.914 23.914 0.000 0.000 4.914 0.000 0.000 0.000 0.000 0.000 0.000 0.000 0.000 0.000 3.884 3.861 0.702 58.130 69.046 91.923 62.741 59.495 62.325 62.235 62.180 62.146 62.130 62.129 59.128 0.000 0.000 0.000 0.000 0.000 0.000 0.000 0.000 0.000 0.000 0.109 61.109 57.109 63.109 58.108 66.107 66.106 65.105 61.109 64.120 59.139 58.172 58.227
91.922 91.922 100.922 102.922 102.922 102.921 102.921 102.921 102.920 102.920 102.919 103.918 104.918 102.917 102.916 102.916 102.915 24.915 8.914 63.914 73.914 83.914 82.914 75.914 67.914 8.914 0.000 0.000 0.000 0.000 0.000 0.000 0.000 0.000 3.926 62.908 65.859 65.734 62.492 61.354 70.215 57.978 0.000 58.276 62.226 62.188 62.163 62.148 61.143 0.000 0.000 0.000 0.000 0.000 0.000 0.000 63.110 74.110 0.000 0.000 62.110 60.109 60.109 57.110 65.110 66.110 66.111 63.114 66.120 66.130 64.145 59.165 48.186
73.922 78.922 97.922 103.922 102.922 102.922 102.922 102.921 102.921 102.920 104.920 90.919 86.918 101.917 106.916 103.915 98.915 80.914 83.914 89.914 83.914 84.914 63.914 56.914 2.914 0.000 0.000 0.000 0.000 0.000 0.000 0.000 0.879 0.000 53.944 59.962 62.933 62.859 62.748 62.663 64.605 0.000 0.000 0.000 57.205 62.184 62.168 62.158 62.153 0.152 0.000 0.000 0.000 0.000 0.000 23.110 80.110 62.110 60.110 60.110 60.110 60.110 58.110 63.110 66.111 66.112 62.115 66.119 66.126 65.135 59.145 60.157 50.167
57.923 72.923 91.923 104.923 105.923 105.923 103.923 102.922 103.921 102.921 103.920 41.919 12.918 60.917 78.916 99.915 106.914 104.914 104.913 90.913 13.913 0.000 0.000 0.000 0.000 0.000 0.000 0.000 0.000 8.879 10.879 0.879 0.879 0.879 0.000 59.063 63.053 61.022 61.977 63.946 64.937 0.000 0.000 0.000 0.000 55.176 62.168 62.162 59.157 0.000 0.000 0.000 0.000 0.000 0.000 0.000 22.110 76.110 59.110 59.110 60.110 59.110 59.110 65.111 66.112 64.114 52.117 5.122 70.130 64.137 64.145 64.152 50.157
21.923 43.923 76.924 82.924 76.924 78.924 95.923 103.923 99.922 92.922 91.921 26.920 0.000 0.000 0.000 36.914 71.914 97.913 104.912 1.913 0.000 0.000 0.000 0.000 0.000 0.000 0.000 0.000 0.000 50.879 71.879 16.879 1.879 0.879 0.000 59.173 65.194 64.198 73.194 74.206 64.260 9.417 0.000 0.000 0.000 0.000 59.166 60.164 0.000 0.000 0.000 0.000 0.000 0.000 0.000 0.000 0.000 81.110 84.110 64.110 58.110 56.110 66.110 66.111 61.111 0.000 0.000 0.000 11.135 69.140 66.145 66.149 56.152
0.000 0.000 57.926 66.926 18.925 4.925 67.924 96.924 87.923 83.922 97.921 64.921 24.920 0.000 0.000 0.000 0.000 42.911 73.910 0.000 0.000 0.000 0.000 0.000 0.000 0.000 0.000 0.000 0.000 0.000 55.879 73.879 4.879 0.000 0.000 50.263 64.352 62.380 92.396 85.424 63.479 65.574 11.679 0.000 0.000 0.000 54.166 0.000 0.000 0.000 0.000 0.000 0.000 0.000 0.000 0.000 0.000 0.000 69.110 86.110 71.110 65.110 66.110 61.110 0.000 0.000 0.000 0.000 0.000 61.143 66.145 66.148 61.150
0.000 0.000 53.927 98.927 55.927 4.926 56.925 88.925 90.924 101.923 103.922 106.921 112.920 51.919 20.918 0.000 0.000 0.000 13.906 8.904 0.000 1.890 0.000 0.000 0.000 0.000 0.000 0.000 0.000 0.000 56.879 71.879 1.879 8.879 12.880 0.000 57.572 65.575 95.587 77.613 65.659 64.723 69.783 0.000 0.000 0.000 0.000 0.000 0.000 0.000 0.000 0.000 0.000 0.000 0.000 0.000 0.000 0.000 0.000 7.110 74.110 64.110 62.110 0.000 0.000 0.000 0.000 0.144 60.144 59.144 61.145 55.147 0.000
26.931 41.931 75.929 93.929 101.928 70.927 83.926 106.926 103.925 102.924 102.923 102.921 102.920 108.918 111.916 67.914 26.911 8.908 71.905 85.901 78.895 80.890 36.884 12.879 9.876 0.000 0.000 0.000 0.000 0.000 35.879 57.879 63.879 63.879 66.880 25.880 58.789 87.762 89.763 66.783 64.821 64.875 67.947 13.064 8.116 0.000 0.000 0.000 0.000 0.000 0.000 0.000 0.000 0.000 0.000 0.000 0.000 0.000 0.000 0.000 0.109 0.109 8.110 0.000 0.000 0.000 0.000 62.144 57.144 55.144 0.000 0.000 0.000
99.932 102.932 102.931 100.930 98.929 99.929 101.928 101.927 102.926 103.925 103.923 102.922 95.920 99.918 102.916 106.914 110.911 111.908 103.904 99.900 96.895 91.890 93.884 86.878 42.872 20.866 0.000 0.000 0.000 0.000 0.000 0.000 0.000 0.000 0.000 82.972 71.940 100.921 91.920 78.935 65.966 65.010 65.066 69.130 65.168 0.000 0.000 0.000 0.000 0.000 0.000 0.000 0.000 0.000 0.000 0.000 0.000 0.000 0.000 0.000 0.000 0.000 0.000 0.000 0.000 0.000 0.000 0.000 0.000 0.000 0.000 0.000 0.000
102.933 97.933 95.932 94.932 88.931 85.930 86.929 86.928 92.927 97.926 97.924 90.923 74.921 89.919 102.916 102.914 102.911 102.908 102.905 102.901 103.896 103.890 106.884 107.876 107.869 107.860 46.850 0.000 0.000 0.000 0.000 0.000 0.000 0.000 0.000 55.096 81.078 86.063 70.061 87.073 75.097 65.132 65.176 68.223 11.257 0.000 0.532 0.540 0.000 0.000 0.000 0.000 0.000 0.000 0.000 0.000 0.000 0.000 0.000 0.000 0.000 0.000 0.000 0.000 0.000 0.000 0.000 0.000 0.000 0.000 0.000 0.000 0.000
72.934 45.934 67.934 81.933 79.932 59.932 44.931 40.929 60.928 77.927 76.925 69.923 64.921 74.919 95.917 103.915 102.912 102.909 102.905 102.902 102.897 106.892 81.884 69.876 68.867 72.855 75.839 14.813 3.787 0.471 0.306 0.000 0.000 0.000 0.000 53.237 89.214 72.193 64.188 74.197 85.217 69.247 65.284 65.328 71.381 15.473 9.523 1.549 0.567 6.566 4.566 0.000 0.000 0.000 0.000 0.000 0.000 0.000 0.000 0.000 0.000 0.000 0.000 0.000 0.000 0.000 0.000 0.000 0.000 0.000 0.000 0.000 0.000
62.936 33.936 55.935 70.935 66.934 43.933 29.932 33.931 53.930 67.928 65.926 65.924 66.922 64.920 83.918 100.915 102.913 102.910 102.907 102.904 101.900 64.896 0.000 0.000 0.000 0.000 0.000 0.000 0.000 59.627 79.616 31.601 17.585 13.561 60.508 77.401 94.346 71.308 65.301 63.310 80.328 82.354 68.386 65.423 65.466 68.515 77.551 15.572 10.584 0.000 19.566 0.000 0.000 0.000 0.000 0.000 0.000 0.000 0.000 0.000 0.000 0.000 0.000 0.000 0.000 0.000 0.000 0.000 0.000 0.000 0.000 0.000 0.000
75.938 71.938 66.937 65.937 66.936 68.935 69.934 72.933 71.931 67.930 66.928 66.926 66.924 65.921 72.919 94.916 103.914 102.911 104.908 76.906 42.903 0.000 0.000 0.000 0.000 0.000 0.000 0.000 0.000 24.620 46.613 49.602 53.592 67.590 64.563 85.512 82.463 56.390 63.400 65.413 67.431 80.455 72.482 67.512 65.543 64.573 81.592 72.600 66.600 0.000 0.000 0.000 0.000 0.000 0.000 0.000 0.000 0.000 0.000 0.000 0.000 0.000 0.000 0.000 0.000 0.000 0.000 0.000 0.000 0.000 0.000 0.000 0.000
65.940 66.940 66.939 66.939 66.938 66.937 66.936 66.934 66.933 66.931 66.929 66.927 66.925 66.922 64.920 85.917 102.915 104.912 100.910 26.908 0.000 0.000 0.000 0.000 0.000 0.000 0.000 0.000 0.000 0.000 0.000 0.000 0.000 51.644 68.641 94.622 68.603 0.000 51.496 66.510 64.529 68.552 69.575 78.600 67.623 65.640 64.646 60.635 1.618 0.000 0.000 0.000 0.000 0.000 0.000 0.000 0.000 0.000 0.000 0.000 0.000 0.000 0.000 0.000 0.000 0.000 0.000 0.000 0.000 0.000 0.000 0.000 25.221
66.942 66.942 66.942 66.941 66.940 66.939 66.938 65.937 65.935 66.933 66.931 66.929 66.926 66.924 65.921 73.918 88.916 99.913 87.911 13.910 0.000 0.000 0.000 0.000 0.000 0.000 0.000 0.000 0.000 0.000 0.000 0.000 0.000 28.702 77.735 102.732 12.723 0.000 49.577 67.601 65.625 64.647 72.669 83.689 71.708 65.719 69.716 2.675 0.000 0.000 0.000 0.000 0.000 0.000 0.000 0.000 0.000 0.000 0.000 0.000 0.000 0.000 0.000 0.000 0.000 0.000 0.000 0.000 0.000 0.000 0.000 0.000 82.300
66.945 66.945 66.944 66.944 66.943 66.942 66.940 70.939 71.937 67.935 66.933 66.931 66.928 66.925 66.922 65.919 68.916 77.913 77.911 18.910 0.000 0.000 0.000 0.000 0.000 0.000 20.562 0.000 0.000 0.000 0.000 0.000 0.000 0.893 81.864 96.847 19.836 0.000 33.635 64.693 65.722 65.743 64.762 69.781 71.799 67.814 69.822 0.000 0.000 0.000 0.000 0.000 0.000 0.000 0.000 0.000 0.000 0.000 0.000 0.000 0.000 0.000 0.000 0.000 0.000 0.000 0.000 0.000 0.000 0.000 0.000 66.522 75.431
66.948 66.947 66.947 66.946 66.945 66.944 65.943 77.941 82.940 69.937 66.935 66.933 66.930 66.927 66.924 66.920 66.917 65.913 68.910 49.908 0.000 0.000 0.000 0.000 0.000 62.562 83.562 45.560 36.551 35.540 0.000 0.000 0.000 63.081 105.002 78.956 78.938 5.958 0.000 50.814 67.826 65.841 65.857 63.874 79.893 83.914 77.938 1.046 0.000 0.000 0.000 0.000 0.000 0.000 0.000 0.000 0.000 0.000 0.000 0.000 0.000 0.000 0.000 0.000 0.000 0.000 0.000 0.000 0.000 0.000 40.685 91.613 77.539
66.951 66.950 66.950 66.949 66.948 66.947 65.946 78.944 84.942 68.940 66.938 66.935 66.932 66.929 66.925 66.921 66.917 66.913 66.909 72.904 43.898 0.000 0.000 0.000 2.563 25.563 40.563 62.566 70.554 74.528 48.479 24.412 59.322 97.195 95.106 75.038 57.000 14.979 0.000 50.922 67.928 66.938 69.950 64.966 73.986 97.012 94.053 39.129 3.184 19.210 0.000 0.000 0.000 0.000 0.000 0.000 0.000 0.000 0.000 0.000 0.000 0.000 21.576 82.578 0.000 0.000 0.000 0.000 0.000 0.000 77.757 133.706 116.644
63.954 64.954 65.953 65.953 66.952 66.950 64.949 79.947 82.945 65.943 66.940 66.938 66.934 66.931 66.927 66.923 66.918 66.913 66.907 66.901 72.893 52.882 3.875 0.000 0.000 0.000 0.000 38.586 69.571 65.541 68.496 72.436 84.360 101.270 85.188 53.090 3.045 0.000 0.000 50.025 67.026 70.031 83.040 69.053 79.072 80.097 99.131 103.176 86.214 36.236 0.000 0.000 0.000 0.000 0.000 0.000 0.000 0.000 0.000 0.000 11.570 43.573 81.577 4.582 0.000 0.000 0.000 0.000 0.000 63.970 73.880 74.811 77.746
84.957 79.957 74.957 72.956 68.955 64.954 64.952 79.951 82.948 64.946 66.943 66.940 66.937 66.933 66.929 66.925 65.919 64.914 65.907 65.899 65.890 71.879 48.867 25.852 0.834 0.000 0.000 37.622 75.601 69.570 64.528 77.475 100.411 94.337 62.286 0.000 0.000 0.000 0.000 48.126 66.121 71.121 78.126 73.136 78.151 77.172 90.198 84.229 77.258 50.284 5.316 0.000 0.000 0.000 0.000 0.000 0.000 0.000 0.000 0.000 43.571 46.574 49.580 0.102 10.651 0.000 0.000 7.134 41.134 69.059 137.982 101.919 133.806
104.961 103.961 99.961 94.960 90.959 85.957 80.956 76.954 71.952 65.950 66.947 66.944 66.940 66.936 65.932 67.927 73.921 78.915 77.908 75.899 69.889 64.877 68.862 74.843 38.816 19.780 23.737 57.679 80.642 71.608 67.571 90.527 102.471 58.380 3.333 0.000 0.000 11.309 18.288 52.233 65.212 70.205 86.206 76.213 69.225 62.241 68.261 86.283 83.306 89.328 8.347 0.000 0.000 0.000 0.000 0.000 0.000 0.000 0.000 0.000 0.000 0.000 0.000 0.000 7.676 0.000 0.000 0.000 76.209 67.149 77.083 99.980 76.156
