results3/res_3e8f-0022.wd
ncols         241
nrows         181
xllcorner     12693529.787448
yllcorner     3542525.717860
cellsize      155.156523
NODATA_value  -9999.000000
[rows 33 to 65 of 181, columns 75 to 149 of 241]
0.000 0.000 0.000 0.000 0.000 0.000 0.000 0.000 0.000 0.000 0.000 0.000 0.000 0.000 0.000 0.000 0.000 0.000 0.000 0.000 0.000 0.000 0.000 0.000 0.000 0.000 0.000 0.000 0.000 0.000 0.000 0.000 0.000 0.000 0.000 0.000 0.000 23.628 46.629 51.631 7.633 0.000 0.000 16.740 30.762 0.000 0.000 20.867 23.887 17.909 18.932 19.956 19.979 20.000 20.018 19.029 25.025 45.005 0.000 0.382 0.000 33.169 49.956 54.696 53.432 54.193 52.875 55.099 50.275 49.874 50.117 52.514 51.863 51.730 52.513
0.000 0.000 0.000 0.000 0.000 0.000 0.000 0.000 0.000 0.000 0.000 0.000 0.000 0.000 0.000 0.000 0.000 0.000 0.000 0.000 0.000 0.000 0.000 0.000 0.000 0.000 0.000 0.000 0.000 0.000 0.000 0.000 0.000 0.000 0.000 0.000 0.000 0.000 0.000 0.000 0.000 0.000 0.000 0.000 12.808 0.000 0.000 10.896 34.926 33.950 23.975 20.002 20.031 20.061 20.091 19.114 41.115 39.059 0.000 23.386 36.124 49.644 54.312 54.012 53.745 53.402 54.605 50.747 50.056 50.563 52.994 52.351 52.225 52.009 52.812
0.000 0.000 0.000 0.000 0.000 0.000 0.000 0.000 0.000 0.000 0.000 0.000 0.000 0.000 0.000 0.000 10.133 42.133 0.000 0.000 0.000 0.000 0.000 0.000 0.000 0.000 0.000 0.000 0.000 0.000 0.000 0.000 0.000 0.000 0.000 0.000 0.000 0.000 0.000 0.000 0.000 0.000 0.000 0.000 4.855 0.000 0.000 0.000 12.971 30.990 31.016 22.047 20.083 20.123 18.170 34.222 43.261 0.000 8.932 33.649 48.342 54.974 54.631 54.327 53.953 56.125 52.235 50.357 51.021 53.473 52.836 52.715 52.500 52.299 52.100
0.000 0.000 0.000 0.000 0.000 0.000 0.000 0.000 0.000 0.000 35.124 0.000 0.000 0.000 0.000 0.000 17.133 68.133 24.134 0.000 0.000 0.000 0.000 0.000 0.000 0.000 0.000 0.000 0.000 0.000 0.000 0.000 0.000 0.000 0.000 0.000 0.000 0.000 0.000 0.000 0.000 0.000 0.000 0.000 7.902 8.933 15.959 1.981 11.998 20.023 33.054 24.089 20.129 17.179 28.246 38.342 27.448 3.462 33.216 50.936 55.621 55.273 54.941 54.533 54.670 53.748 50.769 51.501 53.963 53.330 53.212 52.996 52.791 52.584 52.381
0.000 0.000 0.000 0.000 0.000 0.000 0.000 0.000 0.000 18.124 53.124 42.125 29.126 0.000 0.000 2.134 56.134 64.134 29.134 0.000 0.000 0.000 0.000 6.739 0.000 0.000 0.000 0.000 0.000 0.000 0.000 0.000 0.000 0.000 0.000 0.000 0.000 0.000 0.000 0.000 12.882 0.000 0.000 23.915 38.919 41.938 39.962 25.988 20.016 19.050 33.088 24.127 16.168 30.217 44.294 32.454 20.725 35.723 40.535 53.258 55.929 55.587 55.149 55.247 53.293 51.293 52.009 54.476 53.844 53.726 53.506 53.295 53.080 52.867 52.656
0.000 0.000 0.000 0.000 0.000 0.000 0.000 0.000 0.000 0.000 51.125 34.126 15.127 0.000 0.000 48.134 59.135 66.135 25.136 0.000 0.000 0.000 0.000 44.739 28.740 0.000 0.000 0.000 0.000 0.000 0.000 0.000 0.000 0.000 7.851 19.851 21.852 0.000 0.000 3.878 28.883 7.890 21.900 44.911 47.923 48.940 45.963 32.995 20.031 17.073 34.121 25.164 29.199 47.227 41.260 0.000 19.278 38.170 50.942 56.630 56.281 55.818 55.870 53.885 51.950 52.554 55.017 54.387 54.267 54.043 53.823 53.595 53.369 53.147 52.926
0.000 0.000 0.000 0.000 0.000 0.000 0.000 0.000 0.000 0.000 0.000 2.127 40.129 36.131 24.133 37.135 57.136 68.137 21.138 0.000 0.000 0.000 0.000 6.740 30.741 32.744 0.000 0.000 0.000 0.000 0.000 0.000 0.000 0.000 23.850 24.851 36.854 19.859 8.866 22.874 23.881 19.889 26.898 33.909 31.920 24.936 43.957 9.997 26.039 29.090 19.160 31.210 44.237 41.231 0.000 0.000 30.939 47.737 56.435 57.055 56.574 56.569 53.549 52.788 53.150 55.596 54.965 54.843 54.615 54.387 54.142 53.893 53.653 54.428 47.200
0.000 0.000 0.000 0.000 0.000 0.000 0.000 0.000 0.000 0.000 0.000 0.000 59.130 54.132 44.134 34.136 58.137 66.139 61.141 46.144 1.147 0.000 0.000 0.000 0.000 40.748 24.752 22.755 33.758 28.760 0.000 0.000 0.000 0.000 23.850 22.851 43.853 49.858 38.864 30.872 22.879 19.887 20.896 21.906 20.915 18.925 26.934 0.000 0.000 0.000 24.219 47.278 45.309 0.000 0.000 31.364 44.800 54.414 57.975 57.565 58.373 54.337 53.905 53.822 56.229 55.589 55.459 55.225 54.994 54.741 54.468 54.181 53.921 53.712 39.575
0.000 0.000 0.000 0.000 0.000 0.000 0.000 0.000 0.000 0.000 0.000 0.000 0.000 31.134 6.135 42.137 61.139 66.141 64.144 62.147 51.150 10.152 0.000 0.000 0.000 0.000 35.754 35.756 48.759 46.763 39.768 34.772 0.000 0.000 0.000 27.848 46.852 53.857 45.863 29.870 18.877 19.885 19.894 19.903 19.910 19.917 23.921 0.000 0.000 0.000 0.000 31.377 1.282 1.362 36.366 40.925 52.504 59.045 58.880 57.108 55.407 55.477 54.618 56.942 56.275 56.121 55.874 55.638 55.388 55.118 54.809 54.442 55.140 46.925 29.813
0.000 0.000 0.000 0.000 0.000 0.000 0.000 0.000 0.000 0.000 0.000 0.000 0.000 0.000 63.137 63.140 65.142 65.144 64.147 58.150 52.153 23.154 0.000 0.000 0.000 0.000 0.000 3.758 48.760 42.764 57.770 54.776 33.792 12.808 13.824 22.842 44.849 53.855 44.861 27.868 17.874 22.884 21.893 19.901 19.907 19.911 20.913 12.910 0.000 0.000 0.000 0.000 0.000 39.088 41.807 49.492 60.102 60.162 58.517 60.406 57.805 55.617 57.777 57.048 56.845 56.567 56.312 56.058 55.804 55.535 54.207 62.640 60.271 33.034 22.939
0.000 0.000 0.000 0.000 0.000 19.807 0.000 0.000 37.836 26.839 30.841 5.843 0.000 0.000 0.000 71.142 65.144 62.146 59.150 62.153 53.157 16.159 0.000 0.000 0.000 0.000 0.000 0.000 0.000 0.000 46.771 47.773 0.000 0.000 0.000 26.846 44.849 49.854 39.860 30.865 28.870 0.000 0.000 25.903 19.905 19.908 20.909 26.908 34.907 0.000 0.000 0.000 11.890 44.571 48.295 58.988 61.134 60.764 64.310 62.855 57.007 58.791 57.940 57.650 57.315 57.020 56.742 56.480 56.234 56.012 61.843 0.000 0.000 12.002 29.971
0.000 0.000 0.000 0.000 0.000 39.808 0.000 31.829 33.834 45.839 28.843 13.846 0.000 0.000 0.000 56.144 68.146 65.148 65.152 66.158 60.163 14.166 0.000 0.000 0.000 0.000 0.000 0.000 0.000 0.000 0.000 31.773 0.000 0.000 0.000 32.847 29.849 41.851 0.000 0.000 0.000 0.000 0.000 0.000 29.905 23.905 0.000 16.907 50.906 33.906 0.000 0.000 16.217 49.979 58.806 61.867 61.603 65.919 65.267 58.395 59.905 58.933 58.534 58.124 57.773 57.453 57.158 56.886 56.640 56.435 61.311 4.375 0.000 0.000 0.000
28.731 0.000 0.000 0.000 0.000 50.809 26.815 28.825 34.833 58.840 59.846 54.851 8.856 0.000 0.000 0.000 16.147 70.149 65.155 66.162 63.171 22.177 0.000 0.000 0.000 0.000 0.000 0.000 0.000 0.000 0.000 0.000 0.000 0.000 0.000 0.000 0.000 0.000 0.000 0.000 0.000 0.000 0.000 0.000 0.000 4.904 1.904 0.000 0.000 0.000 0.000 5.112 42.699 59.690 61.370 62.290 66.629 66.359 59.354 60.893 59.916 59.450 58.974 58.566 58.197 57.861 57.551 57.266 57.006 56.779 59.591 43.440 0.970 0.000 0.000
32.732 28.734 0.000 0.000 0.000 42.804 44.812 44.822 56.832 53.842 65.850 64.857 25.862 0.000 0.000 0.000 0.000 72.147 65.155 66.167 63.182 23.194 0.000 0.000 0.000 32.405 44.417 13.427 0.000 0.000 0.000 0.000 0.000 0.000 0.000 0.000 0.000 0.000 0.000 0.000 0.000 0.000 0.000 0.000 0.000 0.000 0.000 0.000 0.000 0.000 2.859 43.418 60.498 61.144 67.288 66.861 60.462 61.058 61.586 60.781 60.316 59.818 59.374 58.966 58.590 58.242 57.920 57.620 57.341 64.081 4.836 0.000 14.223 0.000 0.000
34.733 35.736 27.740 0.000 32.778 27.790 35.808 48.821 52.833 63.846 64.856 63.866 32.873 0.000 0.000 0.000 0.000 71.137 65.151 66.171 61.195 41.225 25.273 26.316 26.356 34.394 55.419 22.436 0.000 0.000 0.000 0.000 0.000 0.000 0.000 0.000 0.000 0.000 0.000 0.000 0.000 0.000 0.000 0.000 0.000 0.000 0.000 0.000 0.720 31.402 41.093 60.160 61.837 68.563 68.025 60.900 62.657 62.026 61.515 61.079 60.607 60.159 59.734 59.334 58.955 58.598 58.266 57.954 64.658 10.369 0.000 0.000 0.422 1.163 2.227
48.734 31.738 35.744 35.754 26.766 19.773 0.000 0.000 0.000 53.854 64.863 62.878 47.891 14.909 0.000 0.000 40.084 61.114 66.141 65.170 66.202 56.237 32.279 29.320 28.359 37.397 55.430 38.464 24.510 25.546 29.573 40.589 4.596 0.000 0.000 0.000 0.000 0.000 0.000 0.000 0.000 0.000 0.000 0.000 0.000 0.000 0.000 0.000 11.867 51.685 59.703 62.420 69.277 68.970 61.509 63.221 62.486 62.153 61.744 61.317 60.893 60.475 60.071 59.680 59.299 58.930 58.592 64.274 10.966 0.000 0.000 0.000 0.117 1.180 0.000
64.736 35.739 29.745 30.753 32.759 32.762 21.760 0.000 0.000 0.000 0.000 69.893 59.905 37.927 29.964 37.005 36.054 38.094 46.131 47.168 34.205 31.245 29.285 29.325 28.364 37.403 52.441 31.480 28.520 33.556 49.584 52.600 37.603 11.602 0.000 0.000 0.000 0.000 0.000 0.000 0.000 0.000 0.000 0.000 0.000 0.000 0.000 2.529 44.354 60.070 62.969 69.645 69.501 62.078 63.778 63.046 62.735 62.347 61.960 61.565 61.169 60.779 60.395 60.016 59.632 59.231 64.897 10.585 0.000 0.000 0.000 0.000 0.000 0.000 0.000
64.735 50.737 0.000 0.000 37.756 33.758 44.758 35.758 0.000 0.000 0.000 57.896 54.909 39.931 30.961 27.996 28.036 31.076 44.121 52.165 55.208 48.251 38.292 31.331 30.370 46.411 49.452 24.494 28.536 28.575 29.607 33.624 12.613 0.000 0.000 0.000 0.000 0.000 0.000 0.000 0.000 0.000 0.000 0.000 0.000 5.385 37.153 45.158 58.736 70.088 69.780 62.936 63.591 64.230 63.602 63.293 62.919 62.555 62.184 61.812 61.442 61.076 60.715 60.356 60.982 67.464 11.180 0.000 0.000 0.000 0.000 0.000 0.000 0.000 9.636
64.735 64.738 51.742 34.746 34.752 34.756 25.758 0.000 0.000 0.000 50.872 47.887 50.905 43.927 44.953 44.983 45.016 48.054 43.112 43.162 45.211 49.262 50.300 48.337 44.376 55.418 53.462 41.508 42.555 42.601 44.644 19.677 0.000 0.000 0.000 0.000 0.000 0.000 0.000 0.000 0.000 0.000 0.000 0.000 39.753 40.508 61.653 62.335 71.087 70.657 65.317 65.097 64.548 64.145 63.826 63.469 63.119 62.765 62.411 62.059 61.710 61.367 61.033 61.713 65.476 0.000 0.000 0.000 0.000 0.000 0.000 0.000 0.000 0.513 0.300
63.735 64.738 61.742 39.746 33.750 34.755 35.759 27.765 0.000 42.838 39.857 40.876 41.896 36.918 40.942 45.968 53.993 39.013 0.000 0.000 0.000 48.286 44.310 44.342 44.380 44.424 44.471 44.521 44.574 44.631 42.692 37.763 10.858 0.000 0.000 32.763 39.897 52.076 22.223 0.000 0.000 0.000 0.000 41.148 51.991 64.037 64.787 71.682 71.423 65.857 65.602 64.931 64.664 64.336 63.997 63.659 63.318 62.977 62.638 62.301 61.972 61.652 62.336 64.989 12.732 0.000 0.000 0.000 0.000 0.000 0.000 0.000 0.000 2.117 0.000
53.735 64.738 64.741 54.745 30.749 33.754 34.761 34.771 40.791 49.820 33.843 30.865 28.886 35.908 50.931 49.953 34.974 14.993 0.000 0.000 0.000 0.000 33.312 28.341 28.380 28.426 28.477 29.532 32.591 33.656 33.732 32.825 33.953 33.152 33.367 42.629 49.853 48.108 55.371 53.637 48.763 46.774 49.607 61.603 65.331 65.246 72.004 71.875 66.381 66.109 65.428 65.167 64.834 64.508 64.179 63.848 63.518 63.189 62.861 62.537 62.225 62.932 63.669 2.390 0.000 0.000 0.000 0.000 0.000 0.000 0.000 0.000 0.000 0.000 0.000
31.736 59.738 63.741 44.744 27.748 26.752 34.758 34.768 33.784 27.807 28.831 34.854 51.875 50.898 33.920 26.940 16.957 0.000 37.135 46.157 42.191 43.234 46.286 49.329 48.374 49.423 52.479 51.539 48.602 50.673 45.754 31.852 35.977 35.137 40.321 58.533 65.778 63.134 57.516 52.773 54.899 61.838 67.092 65.844 72.416 72.132 66.189 67.864 66.529 65.941 65.668 65.334 65.011 64.685 64.361 64.038 63.718 63.399 63.080 63.763 61.457 57.184 8.926 0.000 0.000 0.000 0.000 0.000 0.000 0.000 0.000 0.000 0.000 0.000 0.000
24.737 43.738 54.741 29.743 21.747 28.750 26.753 33.759 34.770 34.792 27.822 44.843 36.865 25.888 28.912 20.931 0.000 46.081 49.113 49.145 51.182 52.224 55.271 59.316 58.362 58.415 58.477 60.542 61.608 59.678 47.759 33.854 35.966 36.099 36.247 39.405 13.591 0.000 77.785 120.062 98.082 64.412 66.269 73.346 72.938 66.553 69.351 66.831 66.457 66.167 65.837 65.514 65.187 64.862 64.541 64.226 63.917 63.609 65.297 59.977 48.658 3.421 0.000 0.000 0.000 0.000 0.000 0.000 0.000 0.000 0.000 0.000 0.000 0.000 0.000
0.000 0.738 35.740 17.741 0.000 23.747 28.745 28.744 34.746 23.769 0.000 28.834 26.852 28.878 29.908 39.943 53.992 51.049 53.091 59.130 69.169 113.211 110.258 110.302 110.346 110.396 111.473 95.547 27.608 30.674 28.750 36.837 35.936 33.046 31.162 13.248 0.000 0.000 0.000 45.486 62.775 67.651 73.950 73.679 66.071 67.841 67.204 66.964 66.660 66.342 66.020 65.693 65.364 65.035 64.715 64.409 65.114 63.823 55.524 44.190 1.970 0.000 0.000 0.000 0.000 0.000 0.000 0.000 0.000 0.000 0.000 0.000 0.000 0.000 0.000
0.000 50.739 28.739 0.000 0.000 0.000 22.736 35.728 27.703 0.000 0.000 36.808 27.832 38.864 51.900 51.940 56.985 60.032 53.075 39.114 30.153 26.194 24.247 27.289 28.324 15.351 0.000 32.564 29.603 28.661 32.731 36.810 33.895 25.987 33.109 14.179 0.000 0.000 41.357 58.266 68.093 74.337 74.170 66.580 68.335 67.693 67.461 67.154 66.847 66.530 66.206 65.876 65.540 65.199 64.877 65.580 61.308 50.046 6.785 0.000 0.000 0.000 0.000 0.000 0.000 0.000 0.000 0.000 0.000 0.000 0.000 0.000 0.000 0.000 0.000
47.464 0.000 0.000 0.000 0.000 0.000 0.000 0.000 31.635 29.642 37.687 34.757 34.805 34.848 51.890 65.932 54.976 35.019 33.061 28.100 30.136 21.164 0.000 33.285 30.309 19.333 0.000 33.542 28.580 29.635 36.702 34.779 32.848 14.898 0.000 0.000 38.147 36.006 52.754 68.669 74.536 67.407 68.023 68.744 68.198 67.961 67.657 67.356 67.044 66.725 66.399 66.066 65.719 66.347 66.013 55.728 40.491 3.268 0.000 0.000 0.000 0.000 0.000 0.000 0.000 0.000 0.000 0.000 0.000 0.000 0.000 0.000 0.000 0.000 0.000
35.518 0.000 0.000 43.722 36.775 30.835 0.000 0.000 49.560 46.604 33.664 34.728 34.783 35.832 56.879 108.923 101.967 49.010 104.051 25.090 29.127 29.163 31.205 29.256 29.297 29.340 31.402 27.483 27.540 36.597 35.665 32.754 27.820 16.859 0.000 0.000 40.288 47.155 69.173 68.084 74.894 68.466 69.100 68.699 68.461 68.167 67.872 67.565 67.251 66.927 66.598 66.272 67.923 63.456 45.099 31.829 33.660 0.000 0.000 0.000 0.000 0.000 0.000 0.000 0.000 0.000 0.000 0.000 0.000 0.000 0.000 0.000 0.000 0.000 0.000
0.000 0.000 0.000 26.670 35.767 32.896 51.076 45.253 50.441 58.552 49.636 34.707 34.768 34.821 33.870 27.915 22.960 28.002 25.043 29.082 29.119 29.156 29.196 29.239 29.281 29.328 28.384 33.448 35.502 36.549 20.607 0.000 20.820 0.000 0.000 0.000 44.535 66.481 70.521 76.007 75.501 68.569 69.263 68.948 68.680 68.394 68.094 67.784 67.466 67.136 66.795 65.500 27.247 0.000 0.000 0.000 0.000 0.000 0.000 0.000 0.000 0.000 0.000 0.000 0.000 0.000 0.000 0.000 0.000 0.000 0.000 0.000 0.000 0.000 0.000
27.593 0.000 31.243 27.521 26.729 44.906 38.078 54.242 63.400 43.527 29.622 27.697 30.760 33.815 34.864 34.910 27.954 26.997 28.037 28.075 29.112 29.148 29.184 34.222 31.262 28.306 29.358 32.425 36.470 25.490 0.000 0.000 0.000 0.000 0.402 120.131 63.875 70.922 68.931 76.442 68.365 70.916 72.434 69.198 68.922 68.633 68.329 68.011 68.693 65.356 52.946 43.688 1.507 0.000 0.000 0.000 0.000 0.000 0.000 0.000 0.000 0.000 0.000 0.000 0.000 0.000 0.000 0.000 0.000 0.000 0.000 0.000 0.000 0.000 0.000
3.768 29.930 26.965 26.442 37.722 41.923 53.090 60.237 26.391 25.536 26.628 28.701 27.761 24.814 32.861 33.907 34.951 33.994 28.034 27.071 26.105 27.139 33.172 92.205 60.239 40.277 23.317 0.000 38.461 46.453 0.000 0.000 0.000 0.000 44.524 55.354 72.232 70.287 77.185 76.831 69.467 70.020 70.715 69.455 69.179 68.887 68.577 69.238 67.940 20.648 0.000 0.000 0.000 0.000 0.000 0.000 0.000 0.000 0.000 0.000 0.000 0.000 0.000 0.000 0.000 0.000 0.000 0.000 0.000 0.000 0.000 0.000 0.000 0.000 0.000
0.000 23.867 27.244 29.562 50.795 61.974 76.121 58.227 0.000 44.596 44.655 28.716 28.771 27.819 25.862 28.905 34.951 32.996 34.035 36.069 34.101 32.130 28.159 23.186 28.214 23.245 0.000 0.000 0.000 32.409 24.397 0.000 0.000 0.000 54.703 71.567 71.647 69.681 77.504 69.176 71.694 73.222 69.989 69.726 69.452 69.161 68.854 66.424 21.182 0.000 0.000 0.000 0.000 0.000 0.000 0.000 0.000 0.000 0.000 0.000 0.000 0.000 0.000 0.000 0.000 0.000 0.000 0.000 0.000 0.000 0.000 0.000 0.000 0.000 0.000
0.000 22.427 28.584 44.766 55.924 104.056 98.193 100.324 106.483 102.599 103.678 28.740 28.789 27.828 27.863 26.900 21.951 32.004 34.040 35.071 33.098 35.124 35.148 36.169 29.184 0.000 0.000 0.000 0.000 33.376 18.386 0.000 0.000 46.177 67.982 71.920 70.914 78.080 77.800 70.237 70.798 71.506 70.264 70.012 69.742 70.452 45.252 0.000 0.000 0.000 0.000 0.000 0.000 0.000 0.000 0.000 0.000 0.000 0.000 0.000 0.000 0.000 0.000 0.000 0.000 0.000 0.000 0.000 0.000 0.000 0.000 0.000 0.000 0.000 0.000
0.000 23.831 40.900 48.994 55.080 26.135 25.270 24.393 21.528 22.638 22.719 28.777 28.817 44.843 44.862 20.881 0.000 19.028 32.052 34.075 32.098 34.120 34.140 35.158 31.170 0.000 0.000 0.000 31.290 16.333 0.000 0.000 47.503 56.366 73.223 72.128 71.316 78.337 69.902 72.438 74.989 70.781 70.549 70.315 69.053 56.652 15.452 0.000 0.000 0.000 0.000 0.000 0.000 0.000 0.000 0.000 0.000 0.000 0.000 0.000 0.000 0.000 0.000 0.000 0.000 0.000 0.000 0.000 0.000 0.000 0.000 0.000 0.000 0.000 0.000
