results3/res_3e8f-0198.wd
ncols         241
nrows         181
xllcorner     12693529.787448
yllcorner     3542525.717860
cellsize      155.156523
NODATA_value  -9999.000000
[rows 66 to 98 of 181, columns 73 to 145 of 241]
71.820 35.806 0.000 60.961 77.937 76.905 76.877 0.000 48.270 48.254 61.267 57.278 56.258 56.212 55.142 131.042 118.869 0.000 0.000 0.000 51.586 46.523 51.427 54.364 54.312 56.262 57.214 62.157 63.103 64.057 55.025 0.000 0.000 52.321 102.321 84.234 88.100 88.190 86.244 94.162 86.655 87.134 87.874 86.647 86.425 87.221 57.066 0.000 0.000 0.000 0.000 0.000 0.000 0.000 43.360 41.336 41.295 41.240 41.174 41.105 45.031 57.953 54.876 39.801 50.727 59.654 38.582 41.510 47.438 52.368 48.298 42.229 40.162
56.822 62.792 0.626 49.189 73.147 72.116 66.119 19.205 0.000 0.000 54.347 67.427 56.427 55.396 56.351 37.310 0.000 0.000 0.000 0.000 0.000 0.000 62.359 60.332 58.299 41.256 44.208 51.152 52.112 57.079 48.052 0.000 0.000 0.000 62.563 80.471 87.409 87.502 94.588 94.382 86.726 87.415 87.126 86.916 86.706 81.519 39.386 0.000 3.574 36.574 0.000 0.000 0.000 49.442 44.406 41.371 41.328 41.275 41.213 41.147 41.077 41.003 47.929 61.855 62.782 45.709 39.638 40.566 41.496 45.427 44.358 40.290 40.223
58.836 57.767 62.635 60.438 74.344 67.294 68.277 65.291 0.000 0.000 0.000 69.656 64.628 59.593 61.558 8.535 0.000 0.000 0.000 0.000 0.000 0.000 61.318 57.307 48.295 0.000 0.000 49.132 61.112 60.096 0.000 0.000 8.269 65.149 56.896 60.718 67.796 82.857 94.779 86.463 88.019 87.583 87.395 87.178 84.965 67.761 46.574 52.574 50.574 31.574 0.000 0.000 0.000 7.478 58.451 40.414 41.370 45.317 53.258 43.193 41.125 40.054 43.981 58.908 65.835 57.763 43.692 38.622 40.553 40.485 40.417 40.350 39.283
58.881 56.805 60.703 71.584 65.497 58.439 77.404 66.391 18.408 0.000 12.061 61.912 77.837 72.788 72.755 75.736 0.000 0.000 0.000 0.000 7.270 7.275 59.287 50.285 53.278 0.000 0.000 0.000 97.108 124.097 39.082 0.000 64.389 59.285 59.123 59.029 55.112 95.131 94.961 87.509 91.115 87.862 87.654 87.439 79.214 31.987 0.000 54.574 32.574 0.000 0.000 0.000 46.584 45.541 44.505 40.466 44.420 56.367 61.308 59.244 52.176 42.105 51.033 58.961 37.888 43.817 56.746 53.677 49.609 57.542 38.475 40.409 38.342
56.942 62.869 72.786 64.699 56.623 56.561 69.509 77.461 73.425 76.351 78.209 73.096 68.020 69.968 58.936 57.919 0.000 0.000 0.000 8.263 64.265 63.267 51.270 53.266 54.256 58.235 57.222 0.000 8.116 2.101 1.048 10.790 70.612 63.479 58.317 59.407 57.452 95.287 57.124 64.714 79.310 87.131 87.918 85.712 44.463 0.000 0.000 0.000 0.000 0.000 0.000 47.653 41.628 41.597 41.563 42.523 52.477 61.423 60.363 60.298 56.230 52.159 62.086 45.013 39.941 40.869 40.799 50.731 63.664 50.599 38.534 39.468 45.401
63.011 73.945 63.874 56.801 57.734 57.672 59.611 43.518 69.481 67.418 59.328 56.243 55.177 71.130 73.100 60.086 0.000 0.000 0.000 64.261 60.260 57.260 50.259 54.254 54.244 54.228 54.208 13.177 16.138 17.108 19.059 86.929 83.796 72.664 71.618 60.615 95.564 95.432 59.175 65.825 60.601 67.405 86.178 61.028 0.000 0.000 0.000 0.000 0.000 0.000 0.000 47.679 41.675 41.657 41.628 42.588 51.540 61.485 60.423 59.357 56.286 61.213 55.139 39.065 40.992 40.920 40.851 50.783 58.718 37.655 40.592 43.528 62.460
74.087 64.027 56.963 57.899 57.838 58.784 39.744 0.000 26.565 54.513 57.442 57.371 57.315 55.275 79.250 63.238 0.000 0.000 0.000 41.258 58.256 52.254 53.251 54.246 54.237 54.224 54.207 65.184 5.152 9.135 26.144 79.072 88.969 10.857 92.778 82.970 95.680 57.745 71.389 68.033 57.904 54.709 51.361 36.194 0.000 0.000 43.250 0.000 0.000 0.000 0.000 43.708 41.738 41.729 41.702 41.661 42.611 48.553 56.488 56.419 56.345 60.269 38.193 41.117 41.042 39.969 45.900 62.833 45.770 39.710 42.653 23.593 24.511
64.168 57.112 58.053 57.993 57.936 60.883 16.838 14.802 7.699 52.627 57.556 59.483 57.437 56.406 74.387 70.378 0.000 0.000 0.000 0.000 49.251 52.250 54.247 54.242 54.235 54.225 56.213 42.198 0.000 0.000 76.311 79.246 90.155 96.026 90.129 88.167 95.780 78.792 81.495 66.338 59.243 52.170 0.000 0.000 0.000 0.000 41.250 0.000 0.000 0.000 0.000 0.000 44.837 41.820 41.788 41.744 41.690 41.628 41.559 48.484 56.406 44.326 41.246 41.166 41.089 44.016 56.946 56.880 38.819 40.763 43.715 10.681 0.000
57.253 58.199 58.143 58.085 58.028 57.974 61.922 62.870 62.803 58.740 58.672 38.567 55.546 56.526 72.512 71.508 0.000 0.000 0.000 0.000 48.248 54.246 54.244 54.240 54.235 54.228 42.221 0.000 0.000 4.677 81.543 87.448 90.347 90.294 89.372 95.914 88.272 90.989 85.678 70.620 60.560 59.556 59.690 0.000 0.000 0.000 38.250 45.250 38.250 0.000 0.000 0.000 59.954 40.927 41.887 41.837 41.777 42.710 41.634 41.554 41.469 41.383 41.297 41.214 40.134 46.058 60.987 37.922 40.862 40.809 42.764 17.733 0.000
58.342 58.289 58.234 58.177 58.119 58.061 58.006 57.953 57.903 57.858 61.824 0.000 48.652 57.639 73.629 68.635 4.682 0.000 0.000 0.000 53.245 56.244 56.242 56.239 54.236 57.233 0.000 0.000 0.000 73.810 79.738 90.653 90.534 90.643 88.692 96.118 89.403 94.047 89.939 90.873 78.824 66.805 55.825 50.825 52.825 0.000 0.000 44.250 39.249 45.244 46.229 44.190 50.099 60.045 41.995 42.939 51.873 58.799 40.716 41.627 41.533 41.439 41.347 40.258 45.174 64.096 58.024 46.958 39.899 40.846 42.798 57.756 75.710
58.434 58.381 58.326 58.269 58.209 58.147 58.087 61.033 58.998 57.966 61.943 0.000 48.772 57.750 74.729 66.721 6.728 0.000 0.000 0.000 26.244 36.243 35.241 35.239 56.237 41.235 0.000 0.000 0.000 76.015 85.949 90.861 90.819 89.923 96.738 96.445 90.466 91.309 90.167 90.111 91.057 82.014 46.979 0.000 0.000 0.000 0.000 42.252 42.253 39.253 41.252 42.244 41.205 48.161 62.110 45.050 42.979 52.897 40.804 41.703 41.599 41.494 41.393 41.297 49.208 62.127 49.054 60.988 38.929 39.876 44.828 65.782 77.734
58.529 58.476 58.421 58.364 58.301 61.230 63.162 35.095 56.090 59.066 61.038 21.012 51.915 56.858 68.817 66.792 7.782 0.000 0.000 0.000 0.000 0.000 2.240 2.239 37.238 0.000 0.000 0.000 24.452 74.286 91.180 91.062 91.179 89.265 97.004 89.047 94.755 90.451 90.406 90.339 90.281 80.216 41.097 0.000 0.000 0.000 0.000 0.000 45.259 46.265 33.281 41.328 42.317 42.283 46.233 62.171 45.095 42.005 41.900 41.784 41.664 41.546 39.434 45.330 64.235 45.151 44.077 58.012 41.954 39.903 46.855 72.810 77.765
58.624 58.571 58.518 58.464 60.402 36.311 38.236 0.000 18.199 54.169 58.130 62.084 58.016 60.952 65.888 70.846 9.827 0.000 0.000 0.000 0.000 3.240 55.240 62.240 0.000 0.000 0.000 7.735 83.618 85.499 91.394 91.350 90.470 97.484 97.252 90.106 90.822 90.695 90.627 90.564 89.510 69.471 0.000 0.000 0.000 0.000 0.000 0.000 0.000 37.265 0.000 48.469 45.453 41.419 41.370 43.306 60.226 49.128 41.008 41.868 41.726 40.592 45.468 47.353 46.251 43.164 41.091 41.028 40.973 41.924 54.880 76.838 77.798
58.720 58.667 58.617 58.571 63.533 1.519 0.000 24.429 16.339 50.282 59.231 57.177 59.115 71.044 42.937 36.879 1.853 0.000 0.000 0.000 0.000 53.240 59.240 61.240 0.000 0.000 0.000 70.853 75.785 89.697 91.581 91.713 89.808 97.698 89.600 91.278 90.974 90.916 90.842 90.779 82.724 59.687 0.000 0.000 0.000 0.000 0.000 0.000 0.000 0.000 0.000 52.627 47.608 41.571 39.521 42.457 42.376 58.273 51.136 41.953 42.782 40.629 47.491 47.365 44.251 38.164 41.094 41.036 42.986 56.942 75.902 77.866 80.832
59.813 57.760 57.712 57.670 60.639 30.627 27.600 59.519 64.447 58.388 56.333 63.279 73.223 76.171 0.118 0.000 0.000 0.000 0.000 0.000 0.000 21.240 28.240 30.240 0.000 0.000 0.000 73.039 80.975 90.887 91.879 90.918 98.092 97.900 90.629 91.335 91.199 91.123 91.051 90.984 72.922 54.866 0.000 0.000 0.000 0.000 0.000 0.000 0.000 0.000 0.000 50.804 48.779 48.738 45.686 38.624 40.549 41.452 57.309 57.027 53.820 50.650 43.501 42.364 39.225 40.145 41.086 45.036 64.993 76.955 76.920 77.890 76.863
73.901 72.849 71.801 69.760 66.724 67.693 67.655 64.599 65.542 67.488 67.436 73.383 75.325 33.248 0.000 0.000 0.000 0.000 0.000 0.000 0.000 0.000 0.000 0.000 0.000 11.547 19.468 74.289 91.181 92.090 92.040 91.269 98.270 90.101 91.778 91.467 91.404 91.324 91.253 89.186 71.113 41.990 0.000 0.000 0.000 0.000 0.000 0.000 0.000 0.000 0.000 41.005 44.965 47.915 48.861 47.804 44.743 40.678 34.620 0.000 0.000 0.000 0.000 0.000 43.140 41.107 44.068 65.031 77.996 76.964 77.935 80.910 76.889
69.984 71.932 70.885 72.843 74.804 73.767 72.727 70.682 68.634 68.587 69.540 65.492 65.447 0.000 0.000 0.000 0.000 0.000 0.000 0.000 0.000 0.000 0.000 0.000 0.000 60.625 83.569 82.467 91.373 92.262 92.389 90.491 98.436 92.193 91.799 91.677 91.594 91.519 91.451 87.394 67.354 0.000 0.000 0.000 0.000 0.000 0.000 0.000 0.000 0.000 48.393 43.247 40.162 42.097 47.040 48.988 48.940 49.899 40.872 0.000 0.000 0.000 0.000 0.000 44.089 42.073 58.049 79.022 76.995 76.970 76.946 77.926 76.909
58.062 58.011 58.964 65.922 74.882 80.844 68.805 62.765 57.725 55.685 54.645 60.599 39.523 0.000 0.000 0.000 0.000 0.000 0.000 0.000 0.000 0.000 0.000 0.000 0.000 66.761 82.715 90.639 92.552 92.520 91.649 98.730 98.589 94.209 92.016 91.856 91.781 91.705 91.639 86.586 61.554 0.000 0.000 0.000 0.000 0.000 0.000 0.000 0.000 48.662 43.540 43.427 43.340 42.271 39.214 44.167 48.130 49.106 46.098 0.000 0.000 0.000 0.000 47.045 41.054 45.048 73.032 77.013 76.993 76.973 76.955 76.938 76.925
57.136 57.086 61.040 65.997 67.958 70.921 60.885 56.850 57.816 57.785 59.756 37.735 0.000 0.000 0.000 0.000 0.000 0.000 0.000 0.000 0.000 0.000 0.000 0.000 0.000 52.942 81.890 91.820 92.718 92.848 90.957 98.860 91.753 93.429 92.110 92.046 91.959 91.882 91.812 82.757 55.723 0.000 0.000 0.000 0.000 0.000 0.000 0.000 47.896 43.784 43.677 43.580 43.499 43.433 43.378 40.336 39.307 42.296 49.315 49.403 0.000 0.000 0.000 41.035 42.036 60.031 77.020 76.006 75.991 76.975 76.961 76.948 76.938
57.204 57.156 59.112 60.070 58.032 56.997 57.964 56.933 56.905 56.880 61.861 6.849 0.000 0.000 0.000 0.000 0.000 0.000 0.000 0.000 0.000 0.000 0.000 0.000 4.311 61.176 90.087 93.003 92.973 92.103 99.097 98.983 94.750 92.452 92.308 92.219 92.132 92.050 92.973 72.905 60.858 0.000 0.000 47.500 0.000 47.268 49.224 49.141 44.008 43.900 43.804 43.718 43.644 43.582 43.531 43.492 42.466 39.456 48.464 49.490 42.490 0.000 0.000 49.025 41.024 49.019 55.011 58.000 61.988 67.976 73.965 75.955 75.947
58.269 58.223 58.180 58.140 58.104 57.071 57.040 57.013 56.989 55.971 63.958 14.952 0.000 0.000 0.000 0.000 0.000 0.000 0.000 0.000 0.000 0.000 0.000 0.000 45.446 81.363 92.278 93.167 93.308 91.399 99.199 92.200 93.875 92.560 92.486 92.391 92.301 92.213 93.125 65.033 42.945 0.000 0.000 43.500 0.000 42.312 44.264 44.189 44.096 44.005 43.921 43.845 43.777 43.719 43.672 43.635 41.610 43.597 49.597 46.603 0.000 0.000 0.000 48.017 47.015 46.010 45.004 43.995 42.986 46.977 57.968 53.960 55.954
56.330 56.286 56.245 56.207 56.173 56.141 56.113 57.089 59.069 61.055 36.049 3.050 0.000 0.000 0.000 0.000 0.000 0.000 0.000 3.682 12.674 0.000 0.000 15.806 56.664 87.558 93.454 93.443 92.470 99.379 99.294 95.189 92.896 92.747 92.654 92.560 92.468 92.375 88.281 35.157 0.000 0.000 0.000 43.500 49.481 44.403 44.332 44.257 44.180 44.104 44.031 43.963 43.901 43.847 43.802 43.766 40.741 49.727 49.722 45.723 0.000 0.000 0.000 47.010 46.008 47.004 46.998 46.992 46.984 46.977 45.970 45.964 44.959
57.387 57.345 60.307 64.271 67.239 71.209 73.183 76.160 75.143 67.133 5.132 16.148 40.201 8.226 0.000 0.000 0.000 0.000 0.000 43.690 70.665 10.626 0.000 49.947 82.848 92.739 93.638 93.569 92.792 99.452 91.624 93.311 92.995 92.920 92.823 92.729 92.634 93.540 80.466 0.000 0.000 0.000 0.000 23.520 43.539 44.489 46.403 46.325 44.263 44.200 44.136 44.074 44.016 43.965 43.922 40.887 45.862 48.847 49.841 40.843 0.000 0.000 0.000 31.006 52.003 51.999 48.994 45.989 45.983 46.977 47.971 47.966 46.962
59.441 58.402 65.366 74.332 75.301 74.273 73.248 72.227 69.210 63.200 38.198 55.208 73.231 42.250 26.270 2.279 0.000 0.000 14.763 53.724 67.672 6.586 25.423 67.188 92.039 94.923 93.763 93.975 91.951 99.514 93.608 93.323 93.176 93.084 92.991 92.897 92.798 94.686 38.576 0.000 0.000 0.000 0.000 0.000 39.666 45.612 26.464 26.379 43.348 44.298 44.239 44.180 44.125 44.075 43.033 40.999 49.973 49.958 46.953 40.965 47.014 0.000 0.000 0.000 62.997 77.995 70.991 66.986 62.981 58.976 61.972 61.968 44.965
59.492 59.456 62.423 65.391 64.361 62.334 60.309 58.288 56.271 56.259 65.254 67.255 64.264 61.273 65.282 13.287 0.000 0.000 54.802 84.769 35.712 31.624 65.496 89.341 94.208 94.063 94.181 92.135 99.597 92.011 93.726 93.413 93.342 93.249 93.160 93.071 95.976 52.831 0.000 0.000 0.000 0.000 0.000 0.000 41.849 46.826 0.000 0.000 40.450 44.404 44.343 44.283 44.227 44.178 41.136 49.102 50.075 49.057 40.048 44.050 44.062 0.000 0.000 0.000 30.995 60.992 78.988 77.983 77.979 77.976 77.972 71.969 61.966
59.541 59.509 59.477 58.447 58.419 59.392 59.368 59.346 57.327 58.312 63.301 66.296 62.295 57.297 60.299 15.300 0.000 0.000 46.873 56.841 34.783 67.701 82.596 91.476 94.358 94.289 93.386 99.965 99.735 93.000 93.729 93.587 93.500 93.412 93.328 93.253 96.202 0.000 0.000 11.567 20.567 0.000 0.000 43.148 46.053 45.019 52.046 0.946 40.599 44.524 44.447 44.381 44.324 42.274 44.232 50.197 50.168 42.147 43.133 44.125 44.123 0.000 0.000 0.000 0.000 0.000 60.984 76.980 76.978 76.975 76.972 77.970 77.968
59.590 59.560 59.531 59.502 59.474 59.448 59.423 58.400 57.379 61.360 65.344 65.332 60.324 56.320 61.317 14.314 0.000 0.000 42.978 11.937 58.877 82.801 88.709 94.614 94.463 94.672 92.661 100.171 92.418 94.129 93.817 93.748 93.657 93.571 93.487 100.410 84.377 0.000 7.567 57.567 43.567 0.000 0.000 38.243 46.197 45.149 45.097 50.986 48.787 47.644 44.542 44.470 44.413 41.364 49.321 50.285 46.254 41.230 44.211 44.195 46.182 50.193 0.000 0.000 0.000 0.000 0.000 73.977 76.975 76.974 76.972 77.970 75.969
59.640 59.612 59.583 59.556 59.529 59.503 58.478 57.453 59.429 63.405 66.382 62.363 57.350 56.342 59.336 41.324 28.296 29.235 25.123 26.053 65.988 86.915 92.836 94.725 94.863 92.852 100.531 100.359 93.421 94.134 93.989 93.899 93.811 93.727 98.641 41.523 56.519 26.556 57.566 65.568 0.000 0.000 0.000 37.383 46.344 45.284 45.205 55.088 65.920 39.723 49.606 45.544 42.493 44.446 50.404 49.366 40.335 43.309 44.286 44.262 31.216 32.205 0.000 0.000 0.000 0.000 0.000 54.975 75.974 76.973 76.971 80.970 76.969
59.691 59.663 59.636 59.608 59.582 59.556 57.531 57.506 61.480 68.450 69.415 65.389 60.372 58.363 58.359 60.350 60.328 69.287 10.225 44.166 82.105 89.038 94.966 94.930 94.061 100.838 100.689 93.774 94.555 94.218 94.144 94.049 93.962 93.884 101.825 0.000 39.620 41.583 31.573 33.570 0.000 0.000 0.000 40.563 46.511 45.439 51.352 67.241 44.080 0.000 30.614 43.607 41.570 49.525 50.481 46.442 43.409 44.383 44.363 46.350 0.000 0.000 0.000 0.000 0.000 0.000 46.974 27.974 66.972 76.972 76.971 81.970 76.969
59.742 59.715 59.687 59.661 59.634 58.609 57.584 59.559 66.533 43.500 19.440 18.405 15.385 45.379 62.388 57.389 60.380 41.359 3.324 49.279 87.227 93.174 95.061 95.302 93.324 100.976 94.106 94.883 94.451 94.392 94.287 94.194 94.105 95.022 92.951 14.896 14.758 0.000 0.000 0.000 0.000 0.000 39.941 47.794 45.697 44.610 64.523 68.443 0.000 0.000 0.755 39.700 45.654 50.602 50.553 40.512 44.477 44.451 44.434 47.424 0.000 0.000 0.000 0.000 0.000 0.000 25.974 0.000 54.971 76.971 76.970 82.969 76.969
59.793 59.766 59.739 59.712 58.686 57.661 59.637 62.614 70.594 29.578 0.000 0.000 0.000 0.000 44.427 59.436 60.445 46.447 48.432 74.400 91.360 95.284 95.456 93.476 101.218 101.102 95.084 94.778 94.630 94.526 94.428 94.333 94.241 97.149 82.061 10.979 0.000 0.000 0.000 0.000 0.000 1.319 40.087 46.977 45.874 43.780 71.688 32.565 0.000 0.000 45.937 50.828 50.745 50.676 48.619 43.573 44.538 44.512 44.496 46.489 0.000 50.580 2.580 0.000 0.000 0.000 0.000 0.000 47.970 76.970 76.969 76.969 76.969
59.843 59.816 59.790 59.764 58.738 57.712 61.688 65.666 69.650 27.640 0.000 0.000 0.000 0.000 24.456 67.485 62.515 68.552 81.556 90.534 94.494 95.500 94.649 101.423 101.324 94.418 95.193 94.849 94.766 94.662 94.565 94.471 98.376 61.272 33.166 0.000 0.000 0.000 0.000 0.000 2.598 42.477 47.292 46.152 48.040 44.949 68.882 0.000 0.000 41.238 48.072 63.930 52.821 49.738 45.674 43.625 43.588 44.563 44.548 44.548 49.571 45.580 36.580 0.000 0.000 0.000 43.969 45.969 44.969 76.969 76.969 76.969 76.968
59.892 59.867 59.841 59.815 57.788 59.762 65.737 66.714 64.698 51.693 12.710 0.000 0.000 0.000 0.000 20.532 16.579 56.690 87.705 91.684 95.623 95.792 93.915 101.512 93.727 95.506 95.071 95.005 96.893 95.793 94.698 94.610 100.519 23.395 0.000 0.000 0.000 0.000 0.000 23.820 62.716 62.597 50.451 47.300 58.187 53.093 54.009 14.930 2.767 39.405 44.183 55.000 50.872 54.781 48.714 51.664 50.627 47.602 44.587 43.582 43.587 49.589 0.000 0.000 0.000 0.000 40.968 40.968 50.969 76.969 76.968 76.968 76.968
