results3/res_3e8f-0169.wd
ncols         241
nrows         181
xllcorner     12693529.787448
yllcorner     3542525.717860
cellsize      155.156523
NODATA_value  -9999.000000
[rows 33 to 65 of 181, columns 73 to 145 of 241]
0.000 0.000 0.000 0.000 0.000 0.000 0.000 0.000 0.000 0.000 0.000 0.000 0.000 0.000 0.000 0.000 0.000 0.000 0.000 0.000 0.000 0.000 0.000 0.000 0.000 0.000 0.000 0.000 0.000 0.000 0.000 0.000 0.000 0.000 0.000 0.000 0.000 0.000 0.000 39.457 62.458 67.459 23.462 0.000 0.000 32.539 46.567 13.546 4.547 36.568 39.584 33.582 34.563 35.528 35.475 35.403 35.312 34.197 40.045 59.810 6.330 14.455 11.740 46.906 63.366 67.895 66.454 67.056 65.593 67.679 62.735 62.343 62.333
0.000 0.000 0.000 0.000 0.000 0.000 0.000 0.000 0.000 0.000 0.000 0.000 0.000 0.000 0.000 0.000 0.000 0.000 0.000 0.000 0.000 0.000 0.000 0.000 0.000 0.000 0.000 0.000 0.000 0.000 0.000 0.000 0.000 0.000 0.000 0.000 0.000 0.000 0.000 0.000 14.458 9.459 0.000 0.000 0.000 0.000 28.659 0.000 0.000 26.609 50.650 49.654 39.638 35.602 35.545 35.468 35.369 34.251 56.118 53.964 0.000 37.293 49.861 63.292 67.774 67.297 66.867 66.376 67.436 63.455 62.752 63.005 65.308
0.000 0.000 0.000 0.000 0.000 0.000 0.000 0.000 0.000 0.000 0.000 0.000 0.000 0.000 0.000 0.000 0.000 0.000 34.947 66.947 19.947 0.000 0.000 0.000 0.000 0.000 0.000 0.000 0.000 0.000 0.000 0.000 0.000 0.000 0.000 0.000 0.000 0.000 0.000 0.000 0.000 0.000 0.000 0.000 0.000 0.000 20.750 0.000 0.000 0.000 28.753 46.748 46.731 37.696 35.637 35.553 33.445 49.322 58.213 0.000 22.951 47.563 62.120 68.626 68.136 67.682 67.163 69.195 65.183 63.288 63.687 66.012 65.258
0.000 0.000 0.000 0.000 0.000 0.000 0.000 0.000 0.000 0.000 0.000 21.949 59.949 0.000 0.000 0.000 0.000 0.000 41.947 92.947 48.947 0.000 0.000 0.000 0.000 0.000 0.000 0.000 0.000 0.000 0.000 0.000 0.000 0.000 0.000 0.000 0.000 0.000 0.000 0.000 0.000 0.000 0.000 0.000 0.000 0.000 23.841 24.882 31.900 17.898 27.862 35.853 48.842 39.813 35.755 32.662 43.535 53.378 42.198 17.865 47.339 64.887 69.430 68.953 68.491 67.952 67.958 66.921 63.936 64.383 66.722 65.974 65.741
0.000 0.000 0.000 0.000 0.000 0.000 0.000 0.000 0.000 0.000 0.000 42.949 77.949 66.949 53.949 8.948 2.948 26.948 80.947 88.947 53.947 0.000 0.000 0.000 0.000 22.925 1.925 0.000 0.000 0.000 0.000 0.000 0.000 0.000 0.000 0.000 0.000 6.927 0.000 0.000 0.000 10.926 28.926 0.000 0.000 39.904 54.891 57.905 55.921 41.933 35.943 34.961 48.971 39.959 31.908 45.806 59.657 47.457 35.336 50.058 54.654 67.217 69.756 69.296 68.745 68.726 66.671 64.694 65.099 67.445 66.704 66.475 66.142
0.000 0.000 0.000 0.000 0.000 0.000 0.000 0.000 0.000 0.000 0.000 13.949 75.949 58.949 39.949 1.949 22.948 72.948 83.947 90.947 49.946 0.000 0.000 0.000 0.000 60.925 44.925 0.000 0.000 0.000 0.000 0.000 0.000 0.000 0.000 0.000 23.927 35.927 37.927 0.000 0.000 19.927 44.926 23.925 37.922 60.917 63.915 64.926 61.944 48.971 36.015 33.075 50.124 41.143 45.111 62.998 56.828 0.000 33.631 52.377 65.002 70.566 70.110 69.552 69.508 67.441 65.579 65.837 68.184 67.453 67.229 66.897 66.565
0.000 0.000 0.000 0.000 0.000 0.000 0.000 0.000 0.000 0.000 0.000 0.000 0.000 26.949 64.949 60.949 48.949 61.948 81.947 92.946 45.945 0.000 0.000 0.000 0.000 22.925 46.925 48.925 0.000 0.000 0.000 0.000 0.000 0.000 0.000 0.000 39.927 40.927 52.927 35.927 24.927 38.927 39.927 35.926 42.926 49.925 47.928 40.938 59.957 25.993 42.070 45.203 35.305 47.379 60.396 57.246 0.109 8.598 45.180 61.817 70.412 70.950 70.397 70.323 67.251 66.632 66.605 68.943 68.222 68.007 67.682 67.350 66.993
0.000 0.000 0.000 0.000 0.000 0.000 0.000 0.000 0.000 0.000 0.000 0.000 0.000 16.949 83.949 78.949 68.949 58.949 82.948 90.946 85.944 70.940 25.937 0.000 0.000 0.000 2.925 56.925 40.925 38.925 49.925 44.926 7.926 0.000 0.000 3.927 39.927 38.927 59.927 65.928 54.928 46.928 38.928 35.928 36.928 37.930 36.934 34.942 42.955 3.974 0.000 4.359 40.516 63.671 61.849 1.226 7.320 45.014 58.671 68.310 71.847 71.407 72.182 68.134 67.927 67.423 69.730 69.014 68.804 68.490 68.172 67.822 67.433
0.000 0.000 0.000 0.000 0.000 0.000 0.000 0.000 0.000 0.000 0.000 0.000 0.000 0.000 16.950 55.950 30.950 66.950 85.949 90.946 88.943 86.939 75.935 34.932 0.000 0.000 0.000 12.925 51.925 51.925 64.925 62.926 55.926 50.926 0.000 0.000 6.927 43.927 62.928 69.928 61.928 45.928 34.929 35.929 35.930 35.932 35.936 35.940 39.945 0.000 0.000 0.000 10.728 47.940 17.421 14.727 49.665 54.465 66.202 72.805 72.656 70.895 69.222 69.594 68.325 70.564 69.836 69.619 69.310 69.009 68.689 68.333 67.905
0.000 0.000 0.000 0.000 0.000 0.000 0.000 0.000 0.000 0.000 0.000 0.000 0.000 0.000 0.000 1.951 87.952 87.952 89.951 89.948 88.943 82.937 76.932 47.928 0.000 0.000 0.000 0.000 0.000 19.925 64.925 58.926 73.926 70.926 49.926 28.927 29.927 38.927 60.928 69.928 60.928 43.929 33.929 38.930 37.932 35.934 35.936 35.939 36.941 28.940 0.000 0.000 0.000 0.000 9.168 52.216 55.147 63.002 73.723 73.833 72.193 74.082 71.834 69.370 71.477 70.709 70.460 70.137 69.839 69.543 69.243 68.916 67.481
0.000 0.000 0.000 0.000 0.000 0.000 22.911 45.908 0.000 23.850 63.840 52.827 56.817 31.810 0.000 0.000 23.954 95.955 89.955 86.951 83.944 86.935 77.927 40.922 0.000 0.000 0.000 0.000 0.000 0.000 0.000 8.926 62.926 63.926 14.926 0.000 5.927 42.927 60.928 65.928 55.928 46.929 44.930 6.931 13.932 41.934 35.936 35.938 36.939 42.939 50.939 12.939 0.000 0.000 24.867 57.823 61.717 72.526 74.741 74.372 77.653 76.231 70.717 72.519 71.660 71.347 70.984 70.663 70.360 70.080 69.825 69.606 75.448
0.000 0.000 0.000 0.000 0.000 0.000 22.913 65.905 7.885 57.861 59.842 71.826 54.812 39.804 0.000 0.000 11.956 80.958 92.964 89.958 89.947 90.932 84.919 38.910 0.000 0.000 0.000 0.000 0.000 0.000 0.000 0.000 0.000 47.926 6.926 0.000 1.927 48.928 45.928 57.928 14.928 0.000 0.000 0.000 0.000 7.935 45.936 39.938 2.938 32.939 66.939 49.939 2.939 0.000 29.620 63.460 72.363 75.484 75.239 79.412 78.667 72.077 73.639 72.684 72.284 71.862 71.497 71.163 70.860 70.592 70.372 70.234 75.259
21.183 65.177 55.173 0.000 0.000 0.000 16.925 76.913 52.891 54.865 60.841 84.821 85.803 80.789 34.775 0.000 0.000 0.000 40.983 94.972 89.952 90.929 87.906 46.890 0.000 0.000 0.000 0.000 0.000 0.000 0.000 0.000 0.000 5.926 0.000 0.000 0.000 0.000 0.000 0.000 0.000 0.000 0.000 0.000 0.000 0.000 0.000 20.938 17.938 0.000 0.000 0.000 0.000 19.032 56.448 73.402 75.078 76.011 80.360 79.966 73.108 74.664 73.698 73.240 72.763 72.350 71.974 71.633 71.325 71.055 70.836 70.700 73.711
21.184 77.177 59.168 55.158 0.000 0.000 3.948 68.931 70.900 70.868 82.838 79.813 91.791 90.773 51.761 0.000 0.000 0.000 17.013 96.993 89.962 90.925 87.886 47.854 0.000 0.000 8.422 56.385 68.345 37.317 0.000 0.000 0.000 0.000 0.000 0.000 0.000 0.000 0.000 0.000 0.000 0.000 0.000 0.000 0.000 0.000 0.000 0.000 5.938 0.000 0.000 0.000 16.996 57.503 74.464 75.046 81.275 80.766 74.380 74.942 75.442 74.623 74.154 73.654 73.207 72.796 72.418 72.070 71.753 71.467 71.219 78.017 18.864
85.187 82.177 61.165 62.148 54.123 1.073 58.990 53.961 61.910 74.869 78.829 89.801 90.776 89.753 58.734 0.000 0.000 0.000 16.062 96.027 89.978 90.922 85.859 65.785 49.669 50.562 50.459 58.389 79.331 46.290 0.000 0.000 0.000 0.000 0.000 0.000 0.000 0.000 0.000 0.000 0.000 0.000 0.000 0.000 0.000 0.000 0.000 0.000 0.000 0.000 15.086 45.863 55.371 74.358 75.948 82.614 82.022 74.929 76.649 75.983 75.441 74.985 74.499 74.043 73.611 73.208 72.831 72.478 72.148 71.841 78.555 24.286 0.000
82.192 77.181 75.166 58.146 62.118 62.081 53.037 46.015 0.000 0.000 20.808 79.788 90.758 88.727 73.689 40.637 0.000 3.235 65.147 86.074 91.001 89.925 90.845 80.758 56.659 53.559 52.464 61.380 79.302 62.221 48.109 49.021 52.956 63.916 27.900 0.000 0.000 0.000 0.000 0.000 0.000 0.000 0.000 0.000 0.000 0.000 0.000 0.000 0.000 0.000 26.285 66.126 74.073 76.721 83.493 83.097 75.652 77.322 76.543 76.172 75.731 75.279 74.834 74.402 73.988 73.594 73.219 72.862 72.521 78.193 24.874 0.000 0.000
71.200 23.187 91.173 62.153 56.120 57.090 59.063 59.047 48.047 0.000 0.000 0.771 24.740 95.709 85.659 63.584 55.463 62.323 61.216 63.122 71.027 71.932 58.838 55.744 53.648 53.552 52.457 61.366 76.275 55.183 52.085 56.998 72.931 75.892 60.884 34.884 0.000 0.000 0.000 0.000 0.000 0.000 0.000 0.000 0.000 0.000 0.000 0.000 0.000 17.124 58.970 74.582 77.422 84.058 83.813 76.349 77.993 77.209 76.852 76.424 76.001 75.576 75.155 74.744 74.345 73.961 73.590 73.231 78.881 24.537 0.000 0.000 0.000
17.208 90.196 91.184 77.172 0.000 4.098 64.079 60.061 71.047 62.035 0.000 0.785 3.746 83.709 80.653 65.579 56.483 53.376 53.274 56.170 69.053 76.939 79.830 72.732 62.638 55.543 54.447 70.350 73.251 48.150 52.049 51.955 52.879 56.837 35.860 0.000 0.000 0.000 6.411 0.000 0.000 0.000 0.000 0.000 0.000 0.000 0.000 20.345 52.015 59.873 73.388 84.718 84.334 77.401 77.997 78.565 77.875 77.512 77.091 76.684 76.275 75.868 75.466 75.073 74.688 74.314 74.949 81.590 25.236 0.000 0.000 0.000 0.000
95.217 91.206 91.195 91.180 78.158 61.123 61.095 61.070 52.047 1.004 17.896 24.844 76.781 73.727 76.666 69.595 70.513 70.425 70.334 73.232 68.076 67.942 69.811 73.717 74.627 72.535 68.438 79.336 77.229 65.118 66.005 65.894 67.792 42.715 0.000 0.000 0.000 0.000 7.411 0.000 0.000 0.000 0.000 0.000 0.000 7.217 54.998 55.564 76.579 77.137 85.782 85.304 79.889 79.606 78.994 78.528 78.151 77.740 77.340 76.942 76.546 76.155 75.770 75.392 75.022 75.658 79.300 11.945 0.000 0.000 0.000 0.000 0.000
94.225 90.218 90.209 91.194 88.172 66.142 60.109 61.076 62.040 53.990 2.925 68.867 65.809 66.750 67.689 62.622 66.550 71.476 79.405 64.347 0.000 0.000 14.755 72.698 68.620 68.533 68.435 68.327 68.211 68.089 67.960 67.825 65.681 60.517 33.299 0.000 8.933 52.711 59.411 71.104 40.866 0.000 0.000 0.000 1.162 56.414 67.206 79.132 79.769 86.516 86.182 80.538 80.215 79.480 79.152 78.763 78.367 77.975 77.584 77.197 76.814 76.436 76.066 75.704 76.348 78.997 26.649 0.000 0.000 0.000 0.000 0.000 0.000
80.231 80.230 80.228 91.216 91.194 81.162 57.124 60.086 61.046 61.000 66.947 75.892 59.835 56.777 54.718 61.654 76.589 75.524 60.462 40.405 0.000 0.000 0.000 0.715 57.619 52.542 52.440 52.326 52.199 53.065 55.921 56.766 56.589 55.373 56.080 54.632 54.155 62.790 69.418 67.035 73.628 71.087 65.577 63.065 65.441 77.067 80.584 80.378 87.009 86.793 81.176 80.831 80.082 79.755 79.361 78.976 78.590 78.206 77.825 77.448 77.075 76.709 76.355 77.010 77.670 16.334 0.000 0.000 0.000 0.000 0.000 0.000 0.000
0.000 46.244 58.258 86.249 90.225 71.187 54.141 53.097 61.057 61.017 59.972 53.919 54.861 60.807 77.750 76.689 59.627 52.569 42.516 0.000 62.091 71.031 66.937 67.818 70.685 73.574 72.460 73.335 76.197 75.049 71.895 73.727 68.535 54.305 58.019 56.659 61.266 78.873 85.437 81.990 75.526 70.053 71.598 78.062 82.916 81.348 87.612 87.262 81.162 82.771 81.358 80.697 80.357 79.959 79.575 79.190 78.809 78.434 78.063 77.696 77.330 77.971 75.633 71.309 22.990 0.000 0.000 0.000 0.000 0.000 0.000 0.000 0.000
0.000 0.000 51.310 70.296 81.269 56.222 48.155 55.103 53.069 60.039 61.003 60.952 53.884 70.838 62.785 51.725 54.662 46.610 0.000 71.240 74.152 74.064 75.963 76.849 79.727 83.610 82.491 82.359 82.203 84.041 84.883 82.712 70.520 56.295 58.030 57.720 57.377 60.001 33.467 5.962 95.428 137.024 114.558 80.492 82.010 88.577 88.139 81.609 84.338 81.753 81.311 80.953 80.558 80.172 79.785 79.401 79.024 78.657 78.298 77.941 79.578 74.211 62.899 17.604 0.000 0.000 0.000 0.000 0.000 0.000 0.000 0.000 46.251
3.546 0.000 6.377 27.356 62.332 44.277 0.000 50.090 55.078 55.066 61.051 50.001 0.000 54.878 52.829 54.762 55.686 65.598 79.477 76.328 78.213 84.108 94.002 137.888 134.764 134.647 134.534 134.407 135.214 119.031 50.881 53.720 51.536 59.325 58.086 54.816 52.520 34.287 0.000 0.000 4.218 61.928 78.940 83.536 89.269 88.950 81.208 82.909 82.208 81.904 81.536 81.154 80.770 80.382 79.993 79.605 79.229 78.871 79.530 78.194 69.830 58.396 16.148 0.000 0.000 0.000 0.000 0.000 0.000 0.000 2.545 37.485 58.365
77.546 25.523 14.464 77.418 55.428 0.000 0.000 0.000 49.086 62.095 54.133 0.000 7.051 62.966 53.890 64.810 77.721 77.621 82.506 85.381 78.264 64.155 55.048 50.938 48.794 51.681 52.591 39.521 0.000 55.988 52.892 51.751 55.579 59.384 56.173 47.937 54.599 35.340 0.000 1.501 57.216 74.233 83.958 89.761 89.540 81.791 83.478 82.774 82.481 82.113 81.744 81.367 80.984 80.595 80.199 79.797 79.416 80.069 75.759 64.473 21.151 0.000 0.000 0.000 0.000 0.000 0.000 0.000 0.000 0.000 5.605 55.546 54.459
87.566 95.557 83.540 0.512 12.533 6.641 1.680 0.684 0.000 0.000 58.253 56.232 64.136 61.046 60.957 60.865 77.766 91.659 80.544 60.425 58.309 53.199 55.098 46.020 0.000 57.693 54.628 43.566 0.000 57.041 51.947 52.812 59.646 57.458 55.285 37.159 0.000 1.822 53.903 51.678 68.464 84.376 90.038 82.725 83.292 83.952 83.348 83.054 82.692 82.333 81.963 81.586 81.203 80.815 80.410 80.968 80.569 70.230 54.962 17.788 0.000 0.000 0.000 0.000 0.000 0.000 0.000 3.983 30.938 29.853 44.724 56.634 44.550
77.594 81.600 71.602 0.000 0.000 71.717 64.714 58.689 2.629 10.534 76.394 73.308 60.216 61.123 61.027 61.927 82.820 134.706 127.586 74.465 129.347 50.234 54.127 54.024 55.907 53.768 53.661 53.549 55.391 51.187 51.044 59.903 58.736 55.515 50.352 39.256 0.000 0.566 55.947 62.775 84.775 83.657 90.394 83.770 84.357 83.907 83.617 83.270 82.922 82.561 82.190 81.811 81.427 81.052 82.659 78.097 59.662 46.321 48.071 13.929 0.000 0.000 0.000 0.000 0.000 0.000 0.000 4.029 39.976 44.898 58.803 52.717 42.636
73.624 68.646 12.667 0.000 2.838 54.797 63.767 60.725 78.663 72.580 77.480 85.389 76.298 61.202 61.102 60.995 59.880 53.758 48.631 53.503 50.380 54.262 54.150 54.042 53.930 53.812 53.700 53.579 52.436 57.273 59.139 60.021 43.879 0.000 43.352 0.000 0.000 0.538 60.113 82.030 86.032 91.376 90.918 83.862 84.514 84.156 83.843 83.509 83.160 82.798 82.427 82.040 81.642 80.307 42.077 0.000 0.000 0.000 0.000 0.000 0.000 0.000 0.000 36.435 31.397 30.334 29.246 33.126 42.042 57.960 51.875 42.794 52.716
65.652 56.693 61.753 6.853 59.879 55.864 54.831 72.782 65.719 81.642 90.557 70.471 56.382 54.287 57.184 60.071 60.948 60.814 53.675 52.537 53.406 53.285 54.171 54.063 53.957 58.852 55.746 52.632 53.500 56.330 60.218 49.165 0.000 0.000 0.000 0.000 15.781 135.660 79.384 86.407 84.380 91.781 83.680 86.199 87.683 84.410 84.093 83.761 83.412 83.046 83.677 80.282 67.793 58.455 16.266 0.000 0.000 0.000 0.000 0.000 0.000 0.000 38.515 38.473 38.423 39.358 39.279 40.188 54.105 54.024 37.944 40.866 42.792
40.668 41.720 35.800 59.926 55.961 54.950 65.912 69.855 80.786 87.713 53.636 52.557 53.473 55.380 54.276 51.158 59.025 59.877 60.718 59.564 53.424 52.299 51.186 52.083 57.985 116.892 84.799 64.703 47.602 0.000 62.236 70.255 0.000 0.000 0.000 0.000 59.904 70.798 87.681 85.715 92.488 92.148 84.769 85.299 85.965 84.672 84.361 84.032 83.680 84.295 82.955 35.619 0.000 0.000 0.000 0.000 0.000 0.000 0.000 0.000 0.000 0.000 45.558 41.518 38.463 39.398 37.323 49.244 56.164 40.087 41.010 48.936 46.864
0.000 0.000 0.000 53.091 56.090 58.064 79.011 89.937 103.860 85.787 14.717 71.647 71.571 55.484 55.382 54.261 52.118 54.950 60.758 58.576 59.427 61.302 59.193 57.096 53.009 47.930 52.857 47.780 0.000 0.000 0.000 56.365 48.392 0.000 0.000 2.321 70.132 86.984 87.058 85.073 92.798 84.491 86.993 88.500 85.243 84.952 84.648 84.324 83.980 81.501 36.228 0.000 0.000 0.000 0.000 0.000 0.000 0.000 0.000 0.000 0.000 44.718 14.641 2.577 46.513 36.446 47.373 59.298 47.223 42.148 47.075 51.003 43.933
0.000 0.000 0.000 51.258 57.243 73.204 84.132 132.024 125.929 127.857 133.799 129.744 130.681 55.603 55.506 54.386 54.235 53.048 47.787 57.555 59.405 60.288 58.187 60.099 60.024 60.962 53.919 0.000 0.000 0.000 0.000 57.447 42.419 0.000 0.000 61.476 83.352 87.305 86.293 93.363 93.089 85.549 86.096 86.786 85.524 85.249 84.953 85.636 60.417 0.000 0.000 0.000 0.000 0.000 0.000 0.000 0.000 0.000 57.028 45.980 35.903 39.795 39.711 40.638 40.568 43.498 56.426 53.354 48.281 49.208 47.137 45.067 41.000
17.513 0.000 0.000 52.439 69.419 77.376 83.291 54.096 52.974 51.913 48.879 49.849 49.804 55.741 55.655 71.541 71.389 47.218 0.000 44.453 57.351 59.258 57.167 59.091 59.027 59.974 55.939 0.000 0.777 1.731 55.666 40.556 0.000 0.000 62.868 71.715 88.588 87.499 86.680 93.619 85.223 87.752 90.288 86.065 85.817 85.565 84.281 71.850 30.633 0.000 0.000 0.000 0.000 0.000 43.274 38.253 38.214 38.156 42.077 54.009 56.934 42.849 37.769 39.695 41.623 56.552 55.481 41.409 50.338 51.268 50.198 43.130 39.064
