results3/res_3e8f-0124.wd
ncols         241
nrows         181
xllcorner     12693529.787448
yllcorner     3542525.717860
cellsize      155.156523
NODATA_value  -9999.000000
[rows 33 to 65 of 181, columns 73 to 145 of 241]
0.000 0.000 0.000 0.000 0.000 0.000 0.000 0.000 0.000 0.000 0.000 0.000 0.000 0.000 0.000 0.000 0.000 0.000 0.000 0.000 0.000 0.000 0.000 0.000 0.000 0.000 0.000 0.000 0.000 0.000 0.000 0.000 0.000 0.000 0.000 0.000 0.000 0.000 0.000 37.760 60.761 65.763 21.765 0.000 0.000 30.843 44.871 11.851 2.852 34.874 37.891 31.890 32.872 33.839 33.788 33.720 33.634 32.524 38.379 58.152 4.692 12.837 10.149 45.344 61.815 66.342 64.903 65.508 64.050 66.144 61.207 60.800 60.791
0.000 0.000 0.000 0.000 0.000 0.000 0.000 0.000 0.000 0.000 0.000 0.000 0.000 0.000 0.000 0.000 0.000 0.000 0.000 0.000 0.000 0.000 0.000 0.000 0.000 0.000 0.000 0.000 0.000 0.000 0.000 0.000 0.000 0.000 0.000 0.000 0.000 0.000 0.000 0.000 12.761 7.762 0.000 0.000 0.000 0.000 26.961 0.000 0.000 24.915 48.956 47.961 37.945 33.911 33.858 33.784 33.691 32.580 54.453 52.302 0.000 35.686 48.267 61.712 66.204 65.730 65.304 64.816 65.882 61.905 61.182 61.434 63.742
0.000 0.000 0.000 0.000 0.000 0.000 0.000 0.000 0.000 0.000 0.000 0.000 0.000 0.000 0.000 0.000 0.000 0.000 33.409 65.409 18.409 0.000 0.000 0.000 0.000 0.000 0.000 0.000 0.000 0.000 0.000 0.000 0.000 0.000 0.000 0.000 0.000 0.000 0.000 0.000 0.000 0.000 0.000 0.000 0.000 0.000 19.051 0.000 0.000 0.000 27.058 45.053 45.037 36.003 33.947 33.867 31.766 47.651 56.550 0.000 21.336 45.954 60.520 67.035 66.551 66.102 65.586 67.623 63.613 61.692 62.087 64.416 63.666
0.000 0.000 0.000 0.000 0.000 0.000 0.000 0.000 0.000 0.000 0.000 20.410 58.410 0.000 0.000 0.000 0.000 0.000 40.409 91.409 47.409 0.000 0.000 0.000 0.000 0.000 0.000 0.000 0.000 0.000 0.000 0.000 0.000 0.000 0.000 0.000 0.000 0.000 0.000 0.000 0.000 0.000 0.000 0.000 0.000 0.000 22.142 23.182 30.201 16.200 26.165 34.156 47.146 38.117 34.060 30.972 41.854 51.710 40.546 16.231 45.718 63.274 67.824 67.353 66.896 66.360 66.369 65.333 62.316 62.756 65.096 64.350 64.122
0.000 0.000 0.000 0.000 0.000 0.000 0.000 0.000 0.000 0.000 0.000 41.410 76.410 65.410 52.410 7.410 1.410 25.409 79.409 87.409 52.409 0.000 0.000 0.000 0.000 21.216 0.215 0.000 0.000 0.000 0.000 0.000 0.000 0.000 0.000 0.000 0.000 5.222 0.000 0.000 0.000 9.223 27.223 0.000 0.000 38.203 53.191 56.205 54.221 40.234 34.244 33.262 47.273 38.259 30.206 44.105 57.968 45.790 33.693 48.428 53.032 65.601 68.144 67.688 67.139 67.122 65.067 63.052 63.447 65.791 65.049 64.821 64.494
0.000 0.000 0.000 0.000 0.000 0.000 0.000 0.000 0.000 0.000 0.000 12.410 74.410 57.410 38.410 0.410 21.410 71.410 82.409 89.409 48.408 0.000 0.000 0.000 0.000 59.216 43.216 0.000 0.000 0.000 0.000 0.000 0.000 0.000 0.000 0.000 22.222 34.222 36.223 0.000 0.000 18.223 43.223 22.222 36.220 59.215 62.214 63.225 60.243 47.271 34.315 31.376 48.424 39.440 43.399 61.275 55.122 0.000 32.007 50.756 63.383 68.949 68.494 67.936 67.893 65.824 63.917 64.163 66.505 65.767 65.541 65.210 64.885
0.000 0.000 0.000 0.000 0.000 0.000 0.000 0.000 0.000 0.000 0.000 0.000 0.000 25.410 63.410 59.411 47.410 60.410 80.409 91.409 44.408 0.000 0.000 0.000 0.000 21.216 45.216 47.216 0.000 0.000 0.000 0.000 0.000 0.000 0.000 0.000 38.222 39.222 51.223 34.223 23.223 37.223 38.223 34.223 41.223 48.223 46.227 39.237 58.257 24.293 40.370 43.502 33.609 45.677 58.676 55.476 0.000 7.001 43.572 60.204 68.797 69.332 68.777 68.701 65.624 64.952 64.916 67.244 66.511 66.286 65.956 65.625 65.278
0.000 0.000 0.000 0.000 0.000 0.000 0.000 0.000 0.000 0.000 0.000 0.000 0.000 15.411 82.411 77.411 67.411 57.411 81.410 89.409 84.406 69.403 24.401 0.000 0.000 0.000 1.216 55.216 39.216 37.217 48.217 43.217 6.217 0.000 0.000 2.222 38.222 37.222 58.223 64.223 53.223 45.224 37.224 34.225 35.226 36.228 35.232 33.240 41.253 2.273 0.000 2.681 38.832 61.984 60.151 0.050 5.764 43.431 57.073 66.704 70.235 69.789 70.559 66.502 66.236 65.726 68.019 67.285 67.059 66.731 66.403 66.052 65.676
0.000 0.000 0.000 0.000 0.000 0.000 0.000 0.000 0.000 0.000 0.000 0.000 0.000 0.000 15.411 54.411 29.412 65.412 84.411 89.409 87.406 85.402 74.399 33.396 0.000 0.000 0.000 11.216 50.216 50.217 63.217 61.217 54.217 49.218 0.000 0.000 5.222 42.222 61.223 68.223 60.224 44.224 33.225 34.226 34.228 34.230 34.233 34.238 38.243 0.000 0.000 0.000 9.055 46.277 15.792 13.174 48.097 52.881 64.607 71.203 71.046 69.276 67.593 67.903 66.628 68.850 68.100 67.861 67.529 67.206 66.868 66.505 66.091
0.000 0.000 0.000 0.000 0.000 0.000 0.000 0.000 0.000 0.000 0.000 0.000 0.000 0.000 0.000 0.413 86.414 86.414 88.414 88.411 87.406 81.401 75.396 46.393 0.000 0.000 0.000 0.000 0.000 18.217 63.217 57.217 72.218 69.218 48.219 27.220 28.222 37.222 59.223 68.223 59.224 42.225 32.226 37.227 36.229 34.231 34.234 34.236 35.239 27.238 0.000 0.000 0.000 0.000 7.567 50.634 53.565 61.414 72.129 72.234 70.589 72.456 70.163 67.682 69.769 68.977 68.702 68.351 68.020 67.691 67.359 67.008 65.580
0.000 0.000 0.000 0.000 0.000 0.000 21.335 44.333 0.000 22.278 62.268 51.256 55.246 30.240 0.000 0.000 22.417 94.417 88.418 85.414 82.408 85.400 76.392 39.387 0.000 0.000 0.000 0.000 0.000 0.000 0.000 7.217 61.218 62.218 13.218 0.000 4.222 41.222 59.223 64.223 54.224 45.225 43.226 5.227 12.229 40.231 34.233 34.235 35.237 41.237 49.237 11.237 0.000 0.000 23.273 56.234 60.128 70.935 73.147 72.777 76.078 74.644 69.051 70.826 69.941 69.599 69.206 68.849 68.506 68.179 67.869 67.588 73.373
0.000 0.000 0.000 0.000 0.000 0.000 21.338 64.330 6.312 56.288 58.270 70.254 53.242 38.233 0.000 0.000 10.419 79.421 91.426 88.421 88.411 89.397 83.385 37.377 0.000 0.000 0.000 0.000 0.000 0.000 0.000 0.000 0.000 46.218 5.218 0.000 0.222 47.223 44.223 56.223 13.223 0.000 0.000 0.000 0.000 6.232 44.234 38.235 1.236 31.236 65.237 48.236 1.236 0.000 28.027 61.868 70.770 73.890 73.645 77.837 77.094 70.432 71.965 70.982 70.554 70.102 69.703 69.329 68.978 68.650 68.350 68.100 72.952
19.596 63.593 53.590 0.000 0.000 0.000 15.349 75.338 51.317 53.292 59.270 83.250 84.233 79.219 33.206 0.000 0.000 0.000 39.444 93.434 88.416 89.394 86.373 45.358 0.000 0.000 0.000 0.000 0.000 0.000 0.000 0.000 0.000 4.218 0.000 0.000 0.000 0.000 0.000 0.000 0.000 0.000 0.000 0.000 0.000 0.000 0.000 19.235 16.235 0.000 0.000 0.000 0.000 17.440 54.856 71.808 73.483 74.415 78.773 78.385 71.473 73.006 72.016 71.531 71.026 70.582 70.170 69.787 69.427 69.091 68.782 68.512 71.294
19.597 75.593 57.588 53.582 0.000 0.000 2.371 67.355 69.326 69.295 81.266 78.242 90.222 89.204 50.193 0.000 0.000 0.000 15.472 95.454 88.426 89.391 86.355 46.325 0.000 0.000 6.922 54.887 66.848 35.823 0.000 0.000 0.000 0.000 0.000 0.000 0.000 0.000 0.000 0.000 0.000 0.000 0.000 0.000 0.000 0.000 0.000 0.000 4.235 0.000 0.000 0.000 15.407 55.913 72.872 73.453 79.678 79.169 72.760 73.311 73.794 72.956 72.465 71.940 71.465 71.023 70.610 70.221 69.853 69.505 69.177 75.870 16.582
83.599 80.593 59.586 60.576 52.563 0.000 57.408 52.386 60.336 73.297 77.258 88.232 89.206 88.184 57.167 0.000 0.000 0.000 14.517 94.486 88.442 89.390 84.331 64.262 48.153 49.054 48.957 56.891 77.836 44.797 0.000 0.000 0.000 0.000 0.000 0.000 0.000 0.000 0.000 0.000 0.000 0.000 0.000 0.000 0.000 0.000 0.000 0.000 0.000 0.000 13.502 44.278 53.784 72.768 74.357 81.032 80.435 73.313 75.022 74.344 73.787 73.312 72.805 72.326 71.868 71.436 71.025 70.634 70.259 69.899 76.550 22.210 0.000
80.603 75.596 73.587 56.572 60.550 60.513 51.467 44.446 0.000 0.000 19.239 78.220 89.188 87.160 72.125 39.077 0.000 1.700 63.593 84.531 89.465 88.394 89.319 79.237 55.144 52.051 50.961 59.882 77.808 60.732 46.625 47.542 51.480 62.442 26.427 0.000 0.000 0.000 0.000 0.000 0.000 0.000 0.000 0.000 0.000 0.000 0.000 0.000 0.000 0.000 24.703 64.542 72.487 75.134 81.914 81.517 74.043 75.702 74.912 74.528 74.073 73.603 73.139 72.685 72.247 71.826 71.421 71.030 70.651 76.281 22.915 0.000 0.000
69.608 21.602 89.592 60.578 54.550 55.524 57.499 57.486 46.493 0.000 0.000 0.000 23.167 94.141 84.097 62.029 53.918 60.791 59.675 61.583 69.492 70.403 57.313 54.225 52.135 52.044 50.955 59.869 74.784 53.696 50.603 55.520 71.457 74.419 59.412 33.412 0.000 0.000 0.000 0.000 0.000 0.000 0.000 0.000 0.000 0.000 0.000 0.000 0.000 15.546 57.390 72.999 75.838 82.476 82.234 74.746 76.380 75.586 75.219 74.778 74.341 73.899 73.460 73.029 72.609 72.200 71.803 71.415 77.034 22.657 0.000 0.000 0.000
15.615 88.610 89.603 75.595 0.000 2.534 62.519 58.505 69.500 60.500 0.000 0.000 2.171 82.141 79.092 64.024 54.935 51.835 51.733 54.632 67.519 75.411 78.307 71.215 61.126 54.037 52.947 68.855 71.761 46.666 50.569 50.480 51.407 55.366 34.389 0.000 0.000 0.000 4.966 0.000 0.000 0.000 0.000 0.000 0.000 0.000 0.000 18.771 50.442 58.298 71.811 83.134 82.747 75.810 76.400 76.959 76.261 75.888 75.456 75.037 74.614 74.193 73.774 73.363 72.959 72.563 73.175 79.793 23.413 0.000 0.000 0.000 0.000
93.623 89.620 89.615 89.605 76.590 59.560 59.536 59.517 50.503 0.000 16.289 23.259 75.206 72.159 75.105 68.040 68.964 68.880 68.791 71.692 66.542 66.414 68.289 72.201 73.117 71.031 66.939 77.843 75.741 63.636 64.529 64.423 66.325 41.251 0.000 0.000 0.000 0.000 5.966 0.000 0.000 0.000 0.000 0.000 0.000 5.629 53.418 53.990 75.007 75.565 84.215 83.730 78.303 78.014 77.396 76.922 76.536 76.115 75.705 75.295 74.887 74.482 74.082 73.688 73.301 73.919 77.542 10.167 0.000 0.000 0.000 0.000 0.000
92.631 88.632 88.630 89.621 86.604 64.578 58.550 59.522 60.491 52.449 1.355 67.283 64.235 65.185 66.129 61.067 65.000 69.929 77.861 62.805 0.000 0.000 13.236 71.182 67.110 67.030 66.937 66.835 66.725 66.609 66.486 66.357 64.219 59.061 31.851 0.000 7.500 51.274 57.966 69.650 39.404 0.000 0.000 0.000 0.002 54.818 65.629 77.561 78.200 84.956 84.619 78.960 78.631 77.889 77.553 77.157 76.752 76.351 75.950 75.552 75.157 74.767 74.384 74.008 74.637 77.271 24.906 0.000 0.000 0.000 0.000 0.000 0.000
78.638 78.648 78.653 89.646 89.627 79.599 55.565 58.529 59.492 59.447 65.387 74.323 58.268 55.215 53.160 60.101 75.039 73.977 58.917 38.861 0.000 0.000 0.000 0.000 56.112 51.041 50.945 50.836 50.716 51.588 54.451 55.302 55.132 53.924 54.640 53.201 52.726 61.357 67.975 65.579 72.158 69.599 64.078 61.562 63.944 75.518 79.023 78.814 85.449 85.233 79.605 79.253 78.498 78.165 77.763 77.370 76.976 76.583 76.193 75.806 75.422 75.045 74.678 75.321 75.969 14.620 0.000 0.000 0.000 0.000 0.000 0.000 0.000
0.000 44.668 56.688 84.682 88.661 69.625 52.581 51.538 59.500 59.459 58.411 52.356 53.299 59.247 76.194 75.137 58.078 51.023 40.970 0.000 60.580 69.522 65.434 66.322 69.184 72.076 70.967 71.848 74.715 73.575 70.428 72.267 67.083 52.863 56.586 55.235 59.847 77.451 83.999 80.534 74.050 68.558 70.092 76.550 81.398 79.811 86.053 85.700 79.602 81.207 79.788 79.121 78.774 78.369 77.978 77.586 77.197 76.813 76.434 76.057 75.681 76.312 73.964 69.629 21.299 0.000 0.000 0.000 0.000 0.000 0.000 0.000 0.000
0.000 0.000 49.749 68.734 79.707 54.661 46.595 53.544 51.510 58.479 59.442 59.390 52.323 69.281 61.232 50.174 53.115 45.065 0.000 69.721 72.637 72.553 74.457 75.347 78.227 82.113 80.998 80.872 80.723 82.569 83.418 81.256 69.072 54.858 56.605 56.308 55.976 58.601 32.035 4.506 93.949 135.514 113.040 78.971 80.485 87.035 86.590 80.056 82.780 80.190 79.742 79.378 78.977 78.584 78.190 77.799 77.414 77.039 76.672 76.306 77.934 72.557 61.236 15.933 0.000 0.000 0.000 0.000 0.000 0.000 0.000 0.000 40.636
2.037 0.000 4.824 25.799 60.773 42.717 0.000 48.531 53.518 53.505 59.489 48.440 0.000 53.324 51.277 53.214 54.141 64.059 77.946 74.804 76.695 82.596 92.494 136.384 133.264 133.151 133.042 132.920 133.734 117.561 49.418 52.265 50.091 57.892 56.668 53.417 51.147 32.941 0.000 0.000 2.697 60.381 77.406 82.007 87.733 87.412 79.662 81.358 80.652 80.343 79.969 79.581 79.191 78.796 78.400 78.005 77.621 77.256 77.908 76.563 68.190 56.746 14.491 0.000 0.000 0.000 0.000 0.000 0.000 0.000 0.000 31.796 52.724
76.032 23.997 12.924 75.864 53.870 0.000 0.000 0.000 47.525 60.533 52.569 0.000 5.495 61.413 52.340 63.262 76.178 76.083 80.974 83.855 76.745 62.640 53.538 49.432 47.293 50.185 51.098 38.031 0.000 54.521 51.430 50.297 54.135 57.952 54.757 46.545 53.255 34.075 0.000 0.053 55.649 72.681 82.419 88.226 88.005 80.252 81.934 81.225 80.927 80.553 80.179 79.796 79.407 79.011 78.608 78.199 77.811 78.457 74.140 62.848 19.519 0.000 0.000 0.000 0.000 0.000 0.000 0.000 0.000 0.000 0.073 49.869 48.812
86.050 94.034 82.012 0.000 10.971 5.073 0.156 0.000 0.000 0.000 56.686 54.669 62.578 59.491 59.406 59.318 76.224 90.122 79.012 58.899 56.788 51.683 53.587 44.512 0.000 56.196 53.134 42.075 0.000 55.573 50.484 51.356 58.200 56.024 53.864 35.749 0.000 0.708 52.241 50.100 66.900 82.826 88.500 81.193 81.758 82.414 81.806 81.507 81.140 80.776 80.401 80.018 79.628 79.234 78.822 79.372 78.966 68.621 53.347 16.169 0.000 0.000 0.000 0.000 0.000 0.000 0.000 0.000 25.260 24.214 39.129 50.997 38.911
76.077 80.078 70.077 0.000 0.000 70.174 63.197 57.184 1.106 8.934 74.820 71.743 58.657 59.568 59.477 60.380 81.278 133.169 126.055 72.939 127.825 48.717 52.614 52.516 54.404 52.270 52.167 52.060 53.908 49.713 49.577 58.443 57.286 54.079 48.927 37.838 0.000 0.000 54.333 61.197 83.217 82.113 88.859 82.241 82.825 82.371 82.077 81.726 81.372 81.006 80.630 80.245 79.855 79.474 81.074 76.502 58.061 44.713 46.458 12.314 0.000 0.000 0.000 0.000 0.000 0.000 0.000 0.000 34.306 39.254 53.175 47.081 36.998
72.106 67.124 11.142 0.000 1.302 53.252 62.234 59.196 77.124 71.015 75.915 83.827 74.740 59.648 59.552 59.449 58.338 52.220 47.098 51.976 48.858 52.745 52.638 52.534 52.426 52.314 52.205 52.089 50.952 55.795 57.667 58.555 42.420 0.000 41.927 0.000 0.000 0.000 58.534 80.468 84.486 89.859 89.394 82.336 82.985 82.624 82.306 81.968 81.614 81.247 80.870 80.478 80.073 78.732 40.499 0.000 0.000 0.000 0.000 0.000 0.000 0.000 0.000 30.773 25.740 24.688 23.618 27.527 36.404 52.319 46.238 37.155 47.076
64.133 55.170 60.226 5.320 58.347 54.324 53.291 71.241 64.171 80.085 88.998 68.912 54.825 52.733 55.633 58.524 59.405 59.277 52.143 51.010 51.884 51.768 52.659 52.555 52.454 57.352 54.250 51.141 52.014 54.850 58.741 47.689 0.000 0.000 0.000 0.000 14.243 134.125 77.838 84.865 82.846 90.270 82.162 84.677 86.157 82.880 82.559 82.223 81.869 81.497 82.124 78.723 66.226 56.883 14.691 0.000 0.000 0.000 0.000 0.000 0.000 0.000 32.855 32.805 32.760 33.706 33.639 34.558 48.466 48.382 32.302 35.224 37.149
39.149 40.196 34.270 58.388 54.420 53.406 64.366 68.307 79.235 86.157 52.078 50.999 51.916 53.825 52.725 49.611 57.482 58.339 59.186 58.037 51.902 50.782 49.674 50.575 56.481 115.392 83.303 63.210 46.112 0.000 60.756 68.772 0.000 0.000 0.000 0.000 58.364 69.265 86.150 84.189 90.987 90.642 83.254 83.781 84.443 83.146 82.831 82.497 82.140 82.750 81.405 34.064 0.000 0.000 0.000 0.000 0.000 0.000 0.000 0.000 0.000 0.000 39.905 35.833 32.790 33.738 31.673 43.600 50.520 34.441 35.364 43.289 41.217
0.000 0.000 0.000 51.543 54.540 56.513 77.459 88.384 102.305 84.230 13.159 70.089 70.014 53.928 53.829 52.711 50.573 53.410 59.225 57.049 57.906 59.785 57.681 55.588 51.505 46.430 51.360 46.285 0.000 0.000 0.000 54.871 46.896 0.000 0.000 0.880 68.584 85.458 85.539 83.558 91.302 82.984 85.482 86.985 83.725 83.430 83.122 82.793 82.445 79.959 34.682 0.000 0.000 0.000 0.000 0.000 0.000 0.000 0.000 0.000 0.000 39.093 9.027 0.000 40.828 30.781 41.718 53.648 41.573 36.498 41.425 45.352 38.282
0.000 0.000 0.000 49.700 55.685 71.646 82.575 130.467 124.371 126.299 132.240 128.184 129.121 54.045 53.951 52.834 52.687 51.506 46.254 56.030 57.886 58.773 56.676 58.592 58.521 59.462 52.422 0.000 0.000 0.000 0.000 55.946 40.921 0.000 0.000 60.048 81.863 85.804 84.790 91.875 91.596 84.046 84.589 85.276 84.010 83.731 83.432 84.110 58.887 0.000 0.000 0.000 0.000 0.000 0.000 0.000 0.000 0.000 51.371 40.327 30.256 34.159 34.083 35.017 34.914 37.840 50.770 47.699 42.627 43.555 41.483 39.413 35.345
15.919 0.000 0.000 50.874 67.854 75.810 81.727 52.536 51.415 50.353 47.318 48.287 48.243 54.180 54.097 69.985 69.837 45.671 0.000 42.932 55.834 57.744 55.657 57.585 57.525 58.476 54.444 0.000 0.000 0.246 54.144 39.045 0.000 0.000 61.406 70.257 87.111 86.011 85.189 92.135 83.728 86.252 88.785 84.559 84.307 84.052 82.764 70.327 29.107 0.000 0.000 0.000 0.000 0.000 37.596 32.578 32.542 32.490 36.416 48.353 51.283 37.204 32.128 34.054 35.972 50.896 49.824 35.753 44.682 45.611 44.541 37.473 33.406
