results3/res_3e8f-0167.wd
ncols         241
nrows         181
xllcorner     12693529.787448
yllcorner     3542525.717860
cellsize      155.156523
NODATA_value  -9999.000000
[rows 99 to 131 of 181, columns 0 to 72 of 241]
0.000 0.000 0.000 0.000 0.000 60.947 100.947 102.947 93.947 88.947 0.000 0.000 0.000 0.000 0.000 2.944 1.944 68.944 65.944 0.000 0.000 1.944 4.944 63.943 62.943 3.943 0.000 0.000 0.000 10.854 0.000 0.000 0.000 0.000 16.713 62.709 58.699 57.682 58.659 59.632 72.604 61.572 65.538 57.500 59.458 57.414 58.366 63.316 64.264 62.209 66.153 59.096 59.038 60.979 63.915 77.846 78.787 63.740 49.696 0.000 0.000 0.000 0.000 0.000 27.753 82.748 79.738 66.720 41.696 36.673 80.650 57.627 59.604
0.000 0.000 0.000 0.000 0.000 61.947 101.947 101.947 0.000 0.000 0.000 0.000 0.000 0.000 0.000 1.944 13.944 79.944 68.944 6.944 3.944 3.944 66.944 65.944 69.943 0.943 0.000 0.000 0.000 68.854 60.854 0.000 0.000 0.000 75.755 85.750 71.741 64.727 58.709 60.686 79.660 64.630 70.597 70.559 61.518 76.474 68.426 69.375 59.321 67.265 67.208 65.150 59.092 60.034 63.970 60.877 22.813 12.777 0.000 0.000 0.000 0.000 0.000 30.770 67.764 79.759 86.751 76.739 52.724 53.707 67.689 58.671 59.651
6.949 0.000 0.000 0.000 0.000 48.948 97.947 106.947 16.948 0.000 0.000 0.000 0.000 0.000 0.000 0.945 2.945 86.944 67.944 68.944 70.944 67.944 64.944 65.944 63.944 1.943 0.000 0.000 0.000 61.854 61.854 62.852 61.844 61.830 60.803 70.794 79.787 26.777 90.763 80.744 85.720 70.692 15.659 86.623 84.581 83.536 87.488 76.436 59.381 62.323 67.264 67.204 64.146 60.095 49.055 0.000 0.000 0.000 0.000 0.000 0.000 0.000 0.000 40.776 67.775 67.773 78.769 77.762 60.753 60.742 59.730 59.715 59.700
74.949 77.949 9.949 0.000 0.000 58.948 97.948 102.948 112.948 17.948 0.000 0.000 0.000 0.000 8.945 8.945 6.945 23.945 71.944 68.944 86.944 100.944 75.944 60.944 0.000 0.000 0.000 0.000 0.000 0.000 60.856 61.858 61.851 61.842 61.834 60.837 60.836 59.831 60.821 65.806 77.785 71.759 14.727 86.690 87.649 65.603 72.554 89.500 83.442 70.382 60.320 66.257 67.194 70.144 55.099 0.000 0.000 0.000 0.000 0.000 0.000 0.000 0.000 2.782 18.788 64.789 61.789 61.787 59.784 59.779 59.772 59.762 59.750
88.949 71.949 71.949 73.949 75.948 94.948 102.948 102.948 102.948 104.947 78.947 17.947 0.946 66.946 73.945 74.945 36.945 31.945 94.945 102.944 97.944 93.944 76.944 0.944 0.000 0.000 0.000 0.000 0.000 0.000 0.000 61.873 60.859 59.852 60.856 61.882 61.889 61.890 61.885 62.874 81.855 76.830 59.799 61.762 72.720 83.674 60.623 72.568 73.508 66.442 86.377 69.309 61.230 2.187 0.000 0.000 0.000 0.000 0.000 0.000 0.000 0.000 0.000 0.000 10.805 64.807 59.810 59.813 59.816 59.817 59.816 57.811 55.804
103.949 93.949 74.949 78.949 96.949 102.948 102.948 102.948 102.948 97.948 69.947 75.947 3.946 57.946 92.945 100.945 100.945 84.945 99.945 106.945 16.944 0.000 0.000 0.000 0.000 0.000 0.000 0.000 0.000 0.000 0.000 61.903 0.000 0.000 0.000 62.944 61.950 61.955 61.955 62.948 78.933 83.908 60.877 61.838 61.796 79.749 80.698 58.642 66.577 85.502 77.436 55.373 0.000 0.000 0.000 0.000 0.000 0.000 0.000 0.000 0.000 0.000 0.000 0.000 7.821 64.824 59.830 59.840 59.851 58.859 57.863 62.864 63.861
103.949 103.949 98.949 101.949 102.949 102.949 102.948 102.948 102.948 98.948 73.947 90.947 0.000 0.000 70.946 94.945 102.945 103.945 102.945 107.945 10.945 0.000 0.000 0.000 0.000 0.000 0.000 0.000 0.000 0.000 0.000 61.933 0.964 0.987 64.004 62.002 62.011 62.023 62.033 62.032 79.019 83.994 60.960 61.920 61.875 62.828 83.778 77.724 84.659 74.551 55.494 0.000 0.000 0.000 0.000 0.000 0.000 0.000 0.000 0.000 0.000 0.000 0.000 0.000 62.833 59.838 59.848 59.865 59.888 58.904 60.914 64.920 65.923
101.949 102.949 102.949 102.949 102.949 102.949 102.949 102.948 102.948 103.948 98.947 105.947 29.947 8.946 58.946 77.945 100.945 102.945 103.945 91.945 5.945 0.000 0.000 0.000 0.000 0.000 0.000 0.000 0.000 0.000 0.000 55.951 60.970 60.991 60.014 62.047 62.070 62.095 62.120 62.128 79.117 84.089 61.051 62.006 61.958 61.909 66.862 89.818 69.782 0.000 0.000 0.000 0.000 0.000 0.000 0.000 0.000 0.000 0.000 0.000 0.000 0.000 0.000 0.000 15.840 66.847 62.859 63.885 61.932 57.954 64.968 65.981 63.991
98.950 103.950 102.950 102.949 102.949 102.949 102.949 102.949 102.948 102.948 103.948 96.947 80.947 71.946 65.946 92.946 102.945 102.945 107.945 10.945 0.000 0.000 0.000 0.000 0.000 0.000 0.000 0.000 0.000 0.000 0.000 0.000 0.000 0.000 0.000 62.102 62.126 62.169 62.223 62.243 78.231 85.196 62.148 62.094 62.040 61.990 61.944 67.902 20.869 0.000 0.000 0.000 0.000 0.000 0.000 0.000 0.000 0.000 0.000 0.000 0.000 0.000 0.000 0.000 0.000 3.851 1.855 0.000 8.001 67.011 65.026 66.043 63.062
98.950 103.950 102.950 102.950 102.950 102.949 102.949 102.949 102.948 102.948 103.948 88.947 67.947 66.946 75.946 99.946 102.945 102.945 108.945 13.945 4.945 0.000 0.000 0.000 0.000 0.000 0.000 0.000 0.000 0.000 0.000 0.000 0.000 0.000 0.000 58.132 62.163 59.231 62.361 62.389 81.367 85.316 62.251 62.182 62.120 62.066 62.020 58.979 8.924 0.000 0.000 0.000 0.000 0.000 0.000 0.000 0.000 0.000 0.000 0.000 0.000 59.146 0.000 0.000 0.000 0.000 0.000 1.087 63.060 64.065 66.080 66.103 63.135
101.950 102.950 102.950 102.950 102.950 102.950 102.949 102.949 102.949 102.948 102.948 99.947 76.947 77.946 94.946 101.946 102.945 102.945 109.945 26.945 0.000 0.000 0.000 0.000 0.000 0.000 0.000 0.000 0.000 0.000 0.000 0.000 0.000 0.000 0.000 0.000 58.163 0.000 61.602 62.584 90.533 77.452 62.356 62.265 62.191 75.134 65.093 60.068 0.000 0.000 0.000 0.000 0.000 0.000 0.000 0.000 0.000 0.000 0.000 0.000 11.146 70.146 55.146 0.000 0.000 0.000 1.125 64.113 67.102 66.108 63.125 59.155 59.201
102.951 102.951 102.951 102.950 102.950 102.950 102.950 102.949 102.949 102.949 102.948 102.948 104.947 104.947 103.946 102.945 102.945 104.945 93.944 36.944 0.000 0.000 0.000 0.000 0.000 0.000 0.000 0.000 0.000 0.000 0.000 0.000 0.000 0.000 0.000 0.000 0.000 0.000 61.861 62.814 96.727 65.603 62.455 62.332 74.245 83.186 62.148 62.133 61.149 0.000 0.000 0.000 0.000 0.000 0.000 0.000 0.000 0.000 0.000 0.000 0.000 66.146 67.146 54.145 1.144 60.141 62.136 66.130 65.129 63.138 62.158 58.193 66.248
101.951 100.951 102.951 102.951 102.951 102.951 102.950 102.950 102.949 102.949 102.948 102.948 102.947 102.947 102.946 102.945 103.945 86.944 14.944 5.944 63.944 77.943 23.943 0.000 0.000 4.943 0.000 0.000 0.000 0.000 0.000 0.000 0.000 0.000 0.000 3.917 3.893 0.734 58.167 69.082 91.959 62.777 59.531 62.361 62.271 62.216 62.182 62.166 62.165 59.165 0.000 0.000 0.000 0.000 0.000 0.000 0.000 0.000 0.000 0.000 0.146 61.146 57.146 63.146 58.145 66.144 66.143 65.142 61.146 64.157 59.176 58.209 58.264
91.952 91.952 100.952 102.952 102.951 102.951 102.951 102.950 102.950 102.949 102.949 103.948 104.947 102.947 102.946 102.945 102.945 24.944 8.944 63.944 73.943 83.943 82.943 75.943 67.943 8.943 0.000 0.000 0.000 0.000 0.000 0.000 0.000 0.000 3.959 62.941 65.893 65.768 62.527 61.389 70.251 58.014 0.000 58.312 62.262 62.224 62.199 62.185 61.179 0.000 0.000 0.000 0.000 0.000 0.000 0.000 63.147 74.147 0.000 0.000 62.147 60.147 60.146 57.147 65.147 66.147 66.148 63.151 66.157 66.167 64.182 59.202 48.223
73.952 78.952 97.952 103.952 102.952 102.952 102.951 102.951 102.950 102.950 104.949 90.948 86.948 101.947 106.946 103.945 98.944 80.944 83.943 89.943 83.943 84.943 63.943 56.943 2.943 0.000 0.000 0.000 0.000 0.000 0.000 0.000 0.913 0.000 53.977 59.996 62.967 62.894 62.783 62.698 64.640 0.000 0.000 0.000 57.241 62.221 62.204 62.194 62.189 0.188 0.000 0.000 0.000 0.000 0.000 23.147 80.147 62.147 60.147 60.147 60.147 60.147 58.147 63.147 66.148 66.149 62.152 66.156 66.163 65.172 59.183 60.195 50.204
57.952 72.953 91.953 104.953 105.953 105.953 103.952 102.952 103.951 102.950 103.950 41.949 12.948 60.947 78.946 99.945 106.944 104.943 104.943 90.943 13.943 0.000 0.000 0.000 0.000 0.000 0.000 0.000 0.000 8.913 10.913 0.913 0.913 0.913 0.000 59.097 63.087 61.056 62.012 63.981 64.972 0.000 0.000 0.000 0.000 55.212 62.204 62.198 59.193 0.000 0.000 0.000 0.000 0.000 0.000 0.000 22.147 76.147 59.147 59.147 60.147 59.147 59.147 65.148 66.149 64.151 52.154 5.159 70.167 64.175 64.182 64.189 50.194
21.953 43.953 76.954 82.954 76.954 78.953 95.953 103.952 99.952 92.951 91.950 26.950 0.000 0.000 0.000 36.944 71.943 97.942 104.941 1.942 0.000 0.000 0.000 0.000 0.000 0.000 0.000 0.000 0.000 50.913 71.913 16.913 1.913 0.913 0.000 59.207 65.228 64.232 73.229 74.240 64.294 9.452 0.000 0.000 0.000 0.000 59.202 60.200 0.000 0.000 0.000 0.000 0.000 0.000 0.000 0.000 0.000 81.147 84.147 64.147 58.147 56.147 66.147 66.148 61.148 0.000 0.000 0.000 11.172 69.177 66.182 66.186 56.189
0.000 0.000 57.955 66.955 18.955 4.954 67.954 96.953 87.953 83.952 97.951 64.950 24.950 0.000 0.000 0.000 0.000 42.940 73.939 0.000 0.000 0.000 0.000 0.000 0.000 0.000 0.000 0.000 0.000 0.000 55.914 73.914 4.914 0.000 0.000 50.297 64.387 62.415 92.431 85.458 63.514 65.609 11.713 0.000 0.000 0.000 54.202 0.000 0.000 0.000 0.000 0.000 0.000 0.000 0.000 0.000 0.000 0.000 69.147 86.147 71.147 65.147 66.147 61.147 0.000 0.000 0.000 0.000 0.000 61.180 66.182 66.185 61.187
0.000 0.000 53.957 98.957 55.956 4.956 56.955 88.954 90.953 101.952 103.952 106.951 112.949 51.948 20.947 0.000 0.000 0.000 13.935 8.932 0.000 1.918 0.000 0.000 0.000 0.000 0.000 0.000 0.000 0.000 56.914 71.914 1.914 8.914 12.914 0.000 57.606 65.610 95.621 77.647 65.693 64.757 69.817 0.000 0.000 0.000 0.000 0.000 0.000 0.000 0.000 0.000 0.000 0.000 0.000 0.000 0.000 0.000 0.000 7.147 74.147 64.147 62.147 0.000 0.000 0.000 0.000 0.181 60.181 59.181 61.183 55.184 0.000
26.961 41.960 75.959 93.958 101.958 70.957 83.956 106.955 103.954 102.953 102.952 102.951 102.949 108.948 111.946 67.943 26.940 8.937 71.934 85.930 78.924 80.918 36.912 12.907 9.903 0.000 0.000 0.000 0.000 0.000 35.914 57.914 63.914 63.914 66.914 25.914 58.823 87.796 89.797 66.817 64.855 64.909 67.981 13.098 8.150 0.000 0.000 0.000 0.000 0.000 0.000 0.000 0.000 0.000 0.000 0.000 0.000 0.000 0.000 0.000 0.146 0.146 8.147 0.000 0.000 0.000 0.000 62.181 57.181 55.181 0.000 0.000 0.000
99.962 102.961 102.960 100.960 98.959 99.958 101.957 101.956 102.955 103.954 103.953 102.951 95.950 99.948 102.945 106.943 110.940 111.937 103.933 99.929 96.924 91.918 93.912 86.905 42.899 20.893 0.000 0.000 0.000 0.000 0.000 0.000 0.000 0.000 0.000 83.006 71.974 100.956 91.954 78.970 66.000 65.044 65.100 69.164 65.202 0.000 0.000 0.000 0.000 0.000 0.000 0.000 0.000 0.000 0.000 0.000 0.000 0.000 0.000 0.000 0.000 0.000 0.000 0.000 0.000 0.000 0.000 0.000 0.000 0.000 0.000 0.000 0.000
102.963 97.962 95.962 94.961 88.960 85.960 86.959 86.958 92.956 97.955 97.954 90.952 74.950 89.948 102.946 102.943 102.940 102.937 102.933 102.929 103.924 103.918 106.911 107.904 107.896 107.886 46.875 0.000 0.000 0.000 0.000 0.000 0.000 0.000 0.000 55.130 81.112 86.098 70.095 87.107 75.131 65.166 65.210 68.257 11.291 0.000 0.565 0.574 0.000 0.000 0.000 0.000 0.000 0.000 0.000 0.000 0.000 0.000 0.000 0.000 0.000 0.000 0.000 0.000 0.000 0.000 0.000 0.000 0.000 0.000 0.000 0.000 0.000
72.964 45.964 67.963 81.963 79.962 59.961 44.960 40.959 60.958 77.956 76.955 69.953 64.951 74.949 95.946 103.944 102.941 102.938 102.934 102.930 102.926 106.920 81.911 69.903 68.893 72.881 75.865 14.837 3.810 0.488 0.322 0.000 0.000 0.000 0.000 53.271 89.248 72.227 64.222 74.231 85.251 69.281 65.318 65.361 71.415 15.507 9.557 1.582 0.600 6.600 4.600 0.000 0.000 0.000 0.000 0.000 0.000 0.000 0.000 0.000 0.000 0.000 0.000 0.000 0.000 0.000 0.000 0.000 0.000 0.000 0.000 0.000 0.000
62.966 33.966 55.965 70.965 66.964 43.963 29.962 33.961 53.959 67.958 65.956 65.954 66.952 64.950 83.947 100.945 102.942 102.939 102.936 102.932 101.928 64.924 0.000 0.000 0.000 0.000 0.000 0.000 0.000 59.666 79.654 31.638 17.621 13.597 60.543 77.435 94.381 71.342 65.335 63.344 80.362 82.387 68.419 65.456 65.499 68.549 77.584 15.605 10.618 0.000 19.600 0.000 0.000 0.000 0.000 0.000 0.000 0.000 0.000 0.000 0.000 0.000 0.000 0.000 0.000 0.000 0.000 0.000 0.000 0.000 0.000 0.000 0.000
75.968 71.967 66.967 65.966 66.966 68.965 69.964 72.962 71.961 67.959 66.957 66.955 66.953 65.951 72.948 94.946 103.943 102.940 104.937 76.935 42.932 0.000 0.000 0.000 0.000 0.000 0.000 0.000 0.000 24.658 46.650 49.639 53.629 67.626 64.598 85.547 82.497 56.424 63.434 65.446 67.465 80.488 72.515 67.545 65.577 64.606 81.626 72.633 66.633 0.000 0.000 0.000 0.000 0.000 0.000 0.000 0.000 0.000 0.000 0.000 0.000 0.000 0.000 0.000 0.000 0.000 0.000 0.000 0.000 0.000 0.000 0.000 0.000
65.970 66.970 66.969 66.969 66.968 66.967 66.966 66.964 66.963 66.961 66.959 66.957 66.954 66.952 64.949 85.947 102.944 104.941 100.939 26.938 0.000 0.000 0.000 0.000 0.000 0.000 0.000 0.000 0.000 0.000 0.000 0.000 0.000 51.680 68.676 94.656 68.637 0.000 51.529 66.543 64.563 68.585 69.609 78.633 67.656 65.674 64.679 60.668 1.651 0.000 0.000 0.000 0.000 0.000 0.000 0.000 0.000 0.000 0.000 0.000 0.000 0.000 0.000 0.000 0.000 0.000 0.000 0.000 0.000 0.000 0.000 0.000 25.250
66.972 66.972 66.971 66.971 66.970 66.969 66.968 65.966 65.965 66.963 66.961 66.958 66.956 66.953 65.951 73.948 88.945 99.942 87.940 13.939 0.000 0.000 0.000 0.000 0.000 0.000 0.000 0.000 0.000 0.000 0.000 0.000 0.000 28.738 77.769 102.766 12.757 0.000 49.611 67.635 65.658 64.680 72.702 83.723 71.741 65.753 69.749 2.709 0.000 0.000 0.000 0.000 0.000 0.000 0.000 0.000 0.000 0.000 0.000 0.000 0.000 0.000 0.000 0.000 0.000 0.000 0.000 0.000 0.000 0.000 0.000 0.000 82.329
66.975 66.974 66.974 66.973 66.972 66.971 66.970 70.969 71.967 67.965 66.963 66.960 66.958 66.955 66.952 65.949 68.946 77.943 77.940 18.939 0.000 0.000 0.000 0.000 0.000 0.000 20.593 0.000 0.000 0.000 0.000 0.000 0.000 0.925 81.898 96.880 19.869 0.000 33.668 64.726 65.755 65.776 64.796 69.814 71.832 67.847 69.856 0.000 0.000 0.000 0.000 0.000 0.000 0.000 0.000 0.000 0.000 0.000 0.000 0.000 0.000 0.000 0.000 0.000 0.000 0.000 0.000 0.000 0.000 0.000 0.000 66.551 75.460
66.977 66.977 66.977 66.976 66.975 66.974 65.973 77.971 82.969 69.967 66.965 66.962 66.959 66.956 66.953 66.950 66.946 65.943 68.940 49.937 0.000 0.000 0.000 0.000 0.000 62.593 83.593 45.590 36.582 35.571 0.000 0.000 0.000 63.112 105.034 78.989 78.971 5.991 0.000 50.847 67.859 65.874 65.890 63.907 79.926 83.947 77.971 1.078 0.000 0.000 0.000 0.000 0.000 0.000 0.000 0.000 0.000 0.000 0.000 0.000 0.000 0.000 0.000 0.000 0.000 0.000 0.000 0.000 0.000 0.000 40.714 91.642 77.568
66.980 66.980 66.980 66.979 66.978 66.977 65.976 78.974 84.972 68.970 66.967 66.965 66.962 66.958 66.955 66.951 66.947 66.943 66.938 72.934 43.928 0.000 0.000 0.000 2.594 25.594 40.594 62.597 70.585 74.559 48.510 24.443 59.353 97.226 95.138 75.070 57.033 15.012 0.000 50.955 67.961 66.970 69.983 64.999 74.019 97.045 94.085 39.161 3.216 19.242 0.000 0.000 0.000 0.000 0.000 0.000 0.000 0.000 12.395 16.397 0.000 0.000 25.427 86.429 0.000 0.000 0.000 0.000 0.000 0.000 77.786 133.735 116.674
63.984 64.984 65.983 65.982 66.981 66.980 64.979 79.977 82.975 65.973 66.970 66.967 66.964 66.961 66.957 66.952 66.948 66.943 66.937 66.931 72.923 52.912 3.904 0.000 0.000 0.000 0.000 38.617 69.601 65.572 68.527 72.467 84.391 101.301 85.220 53.123 3.078 0.000 0.000 50.058 67.059 70.064 83.073 69.086 79.104 80.129 99.163 103.208 86.246 36.268 0.000 0.000 0.000 0.000 0.000 0.000 0.000 0.000 0.000 1.404 15.414 47.420 85.427 8.434 0.000 0.000 0.000 0.000 0.000 63.999 73.909 74.840 77.776
84.987 79.987 74.987 72.986 68.985 64.984 64.982 79.980 82.978 64.976 66.973 66.970 66.967 66.963 66.959 66.954 65.949 64.943 65.937 65.929 65.920 71.909 48.897 25.882 0.864 0.000 0.000 37.653 75.632 69.600 64.559 77.506 100.442 94.368 62.317 0.000 0.000 0.000 0.000 48.159 66.154 71.153 78.158 73.168 78.184 77.204 90.230 84.261 77.290 50.317 5.348 0.000 0.000 0.000 0.000 0.000 0.000 0.000 0.000 0.000 47.416 50.421 53.430 0.109 10.674 0.000 0.000 7.163 41.163 69.088 138.011 101.948 133.835
104.991 103.991 99.990 94.990 90.989 85.987 80.986 76.984 71.982 65.979 66.977 66.973 66.970 66.966 65.962 67.957 73.951 78.945 77.937 75.929 69.919 64.907 68.892 74.873 38.846 19.811 23.768 57.709 80.673 71.639 67.602 90.558 102.502 58.412 3.364 0.000 0.000 11.341 18.320 52.265 65.244 70.237 86.238 76.246 69.257 62.273 68.293 86.315 83.338 89.360 8.379 0.000 0.000 0.000 0.000 0.000 0.000 0.000 0.000 0.000 0.000 0.000 0.000 0.000 7.701 0.000 0.000 0.000 76.238 67.178 77.112 100.009 76.185
