results3/res_3e8f-0034.wd
ncols         241
nrows         181
xllcorner     12693529.787448
yllcorner     3542525.717860
cellsize      155.156523
NODATA_value  -9999.000000
[rows 132 to 164 of 181, columns 0 to 74 of 241]
69.333 74.334 78.336 78.339 80.343 80.348 74.354 65.361 51.369 40.378 39.389 40.401 39.415 38.430 43.447 57.465 68.486 73.508 73.533 70.559 62.588 53.618 44.652 38.688 43.722 45.764 44.794 45.816 43.829 38.837 52.840 75.836 42.820 0.000 0.000 0.000 0.000 35.132 47.130 44.121 46.124 52.135 70.151 56.164 40.174 39.181 39.185 51.187 72.186 13.182 0.000 0.000 0.000 0.000 0.000 0.000 0.000 0.000 0.000 0.000 0.000 0.000 0.000 0.000 1.187 0.000 1.748 42.661 65.531 69.433 69.322 79.405 106.866 97.208 97.155
47.362 49.363 52.365 58.368 68.372 74.377 79.383 79.390 72.398 58.408 47.419 41.431 45.445 52.460 65.477 80.496 79.517 76.539 76.563 79.589 79.617 75.646 63.678 51.710 43.742 38.775 39.804 38.827 39.845 47.858 69.867 77.871 0.000 0.000 0.000 0.000 0.000 21.135 39.139 48.140 49.149 46.167 47.192 57.209 52.219 45.223 49.224 57.222 70.216 11.198 0.000 0.000 0.000 0.000 0.000 0.000 0.000 0.000 0.000 0.000 0.000 0.000 0.000 0.000 0.058 0.000 49.826 71.739 67.617 76.586 67.645 107.001 95.755 97.258 102.492
39.391 39.392 39.394 41.397 46.401 50.406 57.412 66.420 74.428 77.437 71.448 69.460 71.474 74.490 73.507 66.526 57.547 55.570 55.594 60.619 66.646 73.674 76.703 75.733 64.763 54.793 49.820 47.844 56.865 72.883 73.899 59.911 0.000 0.000 0.000 0.000 0.000 0.000 22.151 49.154 28.164 16.191 31.244 46.263 61.270 65.270 67.266 68.261 64.257 0.000 0.000 0.000 0.000 0.000 0.000 0.000 0.000 0.000 0.000 0.000 0.000 0.000 34.360 4.313 70.232 92.125 124.938 80.892 75.933 56.882 92.940 97.434 97.329 106.065 95.577
40.420 40.421 40.423 40.426 39.430 38.436 40.442 45.449 51.457 61.466 71.477 73.489 66.503 56.518 50.536 42.556 38.577 38.600 38.623 40.648 45.674 51.701 58.729 70.757 75.786 77.814 76.841 72.866 75.890 68.913 50.936 42.963 22.003 0.000 0.000 0.000 0.000 0.000 15.161 48.162 0.000 0.000 24.329 49.331 68.329 76.322 62.311 65.300 51.294 9.302 0.000 0.000 0.000 0.000 0.000 0.000 0.000 0.000 0.000 0.000 0.000 21.460 40.408 113.348 142.266 125.128 108.658 107.586 99.247 97.892 97.750 97.598 62.825 107.735 99.323
40.449 40.450 40.452 40.456 40.460 40.465 40.471 39.478 39.486 42.495 48.505 47.517 43.530 39.546 39.564 39.585 40.607 40.629 40.653 40.677 39.703 38.728 40.755 46.782 53.809 62.837 70.863 66.890 55.916 43.943 39.971 45.003 53.044 29.097 7.134 7.156 0.000 0.000 30.172 51.170 1.168 0.000 43.413 75.404 77.392 56.377 59.358 58.335 46.320 35.310 0.000 0.000 0.000 0.000 0.000 0.000 0.000 0.000 0.000 0.000 0.000 2.514 65.462 71.379 67.360 68.507 66.470 98.273 98.153 98.028 65.203 67.973 69.837 71.497 21.460
40.478 40.480 40.482 40.485 40.489 40.495 40.501 40.508 40.515 40.524 39.533 39.543 39.556 40.572 40.592 40.613 40.636 40.659 40.683 40.707 40.731 40.756 40.782 39.808 38.834 39.861 43.888 41.915 40.943 44.972 48.002 47.036 45.074 47.115 47.150 44.178 44.205 48.210 23.186 9.178 0.000 16.554 61.507 75.481 55.460 48.438 47.411 27.362 23.340 0.000 0.000 0.000 0.000 0.000 0.000 0.000 0.000 13.052 28.034 0.000 11.712 74.594 81.586 79.656 77.638 78.712 98.496 98.387 79.478 86.260 79.104 84.869 76.703 55.637 0.000
40.508 40.509 40.511 40.514 40.519 40.524 40.531 40.537 40.545 40.552 40.560 40.569 40.580 40.596 40.618 40.642 40.666 40.690 40.714 39.737 46.760 48.784 40.809 39.834 38.860 39.886 41.913 44.941 47.970 47.000 42.032 43.066 50.102 53.139 49.173 43.203 40.228 49.240 0.000 0.000 0.000 56.602 65.581 52.555 44.529 64.504 10.486 0.000 0.000 0.000 0.000 0.000 0.000 0.000 0.000 0.000 23.112 65.070 94.018 54.924 87.760 95.907 92.867 91.955 98.804 98.705 98.603 91.579 93.446 93.137 91.990 90.914 8.823 0.000 0.000
40.537 40.538 40.540 40.544 40.549 40.554 40.561 40.568 40.575 40.582 43.588 43.594 41.601 45.613 43.644 40.672 40.698 40.722 39.745 37.768 48.790 56.813 42.837 39.861 41.886 44.912 46.938 45.967 42.996 45.027 50.060 52.094 53.130 53.167 48.202 42.235 51.264 70.284 0.000 0.000 0.000 30.673 53.659 50.631 54.597 74.566 8.544 0.000 0.000 0.000 0.000 0.000 0.000 0.000 0.000 21.204 73.156 89.098 92.018 96.996 94.137 91.120 99.075 98.989 98.899 90.915 91.691 92.554 92.227 92.192 85.117 62.016 0.000 0.000 0.000
40.565 40.567 40.569 40.573 40.578 40.585 40.592 40.599 40.606 41.613 48.617 48.619 25.617 0.000 14.673 44.703 38.733 41.757 47.779 50.800 50.821 46.842 42.864 43.888 46.912 45.937 44.964 46.992 51.022 51.054 53.087 52.123 43.159 38.197 40.235 53.272 72.309 82.348 4.397 0.000 0.000 5.760 61.750 63.716 70.662 69.619 5.581 0.000 0.000 0.000 0.000 0.000 0.000 0.000 25.308 69.261 91.178 94.188 93.266 93.258 92.340 99.240 99.159 91.143 91.934 92.785 92.565 92.413 92.363 84.290 76.245 0.000 0.000 0.000 0.000
40.594 40.595 40.598 40.602 40.608 40.615 40.623 40.632 40.640 42.646 51.651 62.649 38.633 0.000 0.000 29.738 55.773 47.795 45.814 45.833 43.852 42.872 44.892 46.914 44.938 40.962 42.988 55.017 57.047 47.079 41.114 38.150 38.188 43.228 57.268 73.310 70.355 54.402 26.447 0.000 0.000 32.856 61.867 43.822 34.717 26.667 0.000 0.000 0.000 0.000 0.000 0.000 0.000 18.417 69.362 91.268 93.456 92.445 92.548 99.476 99.399 99.321 91.219 93.089 92.795 92.661 92.599 92.519 86.437 73.368 63.328 0.000 0.000 0.000 0.000
40.623 40.623 40.626 40.630 40.637 40.646 40.656 40.666 40.675 42.684 52.691 39.694 0.000 0.000 0.000 0.000 51.828 43.837 45.850 44.866 42.883 45.901 46.921 43.941 40.963 36.987 47.012 61.040 48.071 38.104 39.140 44.178 54.217 65.258 76.301 69.347 47.399 42.460 61.542 68.686 69.828 73.944 49.039 9.989 0.000 0.000 0.000 0.000 0.000 0.000 0.000 0.000 23.518 69.450 91.457 93.635 92.654 99.688 99.620 99.549 91.510 92.298 93.174 92.865 92.842 92.775 92.693 93.594 81.508 52.416 41.372 0.000 0.000 0.000 0.000
39.652 39.651 40.652 40.656 40.665 40.677 40.690 40.701 40.713 43.724 53.735 24.745 0.000 0.000 21.894 23.890 40.875 42.877 30.886 12.899 50.914 45.930 41.948 40.967 38.988 41.010 57.034 60.062 42.093 45.127 57.165 66.204 75.245 73.287 61.332 47.380 40.434 56.498 60.577 48.688 29.856 28.053 16.359 0.856 0.000 0.000 0.000 12.092 7.092 0.000 0.000 17.602 69.619 92.715 93.733 91.840 99.820 99.755 91.696 92.496 93.361 93.160 93.029 92.997 92.937 92.879 95.802 59.660 39.584 0.000 0.000 0.000 0.000 0.000 0.000
48.682 46.680 43.676 41.679 38.691 38.709 38.725 38.738 37.751 42.765 54.782 37.806 18.853 26.882 44.898 40.904 37.905 43.910 38.919 25.930 45.944 39.960 38.976 38.994 41.012 55.032 63.055 29.081 21.112 71.149 76.189 71.231 60.273 50.315 42.360 38.408 49.461 61.520 29.582 4.634 0.000 0.000 1.988 1.712 0.000 0.964 4.056 32.092 16.092 0.000 0.000 49.850 91.888 91.011 100.012 99.949 99.886 91.747 93.622 93.341 93.225 93.186 95.133 90.074 92.036 93.002 103.976 0.000 0.000 0.000 0.000 0.000 0.000 0.000 0.000
49.716 51.711 57.693 58.695 58.713 55.745 56.763 55.777 54.790 54.805 56.822 39.844 43.873 42.897 39.913 42.924 42.931 41.940 46.949 48.961 42.974 36.989 39.004 41.019 55.036 60.053 49.073 43.096 52.127 75.167 58.214 49.258 41.300 39.342 41.385 40.432 54.484 63.541 27.596 3.634 0.000 0.865 3.860 1.618 4.464 10.841 13.043 6.129 0.000 0.000 28.046 70.102 100.189 100.132 100.073 92.004 92.797 93.681 93.383 93.372 94.320 94.265 67.212 45.139 80.130 94.119 99.123 39.179 0.000 0.000 0.000 0.000 0.000 0.000 0.000
42.755 36.755 0.000 0.000 0.753 47.795 44.806 44.817 44.829 48.842 57.858 38.878 39.899 38.919 41.935 45.948 46.958 44.969 43.980 46.992 48.004 45.018 39.032 56.046 62.060 53.073 59.087 76.106 73.133 55.180 43.242 39.289 41.330 41.368 40.407 45.452 61.504 63.564 55.627 58.674 29.713 0.109 0.000 0.000 9.831 16.992 7.147 4.251 0.000 23.093 71.221 100.299 100.245 92.169 92.965 93.837 93.643 93.522 93.499 94.444 92.394 86.343 11.313 0.000 62.227 97.219 94.220 93.234 0.000 0.000 0.000 0.000 0.000 0.000 0.000
40.797 32.799 0.000 0.000 0.000 43.844 39.850 39.857 39.867 43.879 57.893 35.910 39.928 43.945 45.961 46.975 43.987 40.998 39.010 41.022 51.035 64.047 59.061 60.073 37.085 31.093 83.099 69.108 36.120 0.000 16.285 44.328 41.362 41.394 43.426 36.464 20.518 10.586 22.676 62.723 38.748 0.374 0.482 0.000 6.037 11.151 5.301 10.474 10.936 49.231 100.382 91.379 95.105 93.994 93.802 93.686 93.655 93.611 94.563 94.518 59.470 35.399 21.384 24.382 75.331 96.311 92.304 83.305 1.305 0.000 0.000 0.000 0.000 0.000 0.000
40.838 40.845 23.866 0.000 0.000 44.890 40.892 40.897 39.904 40.913 55.926 42.941 45.958 47.975 46.991 42.005 39.017 40.029 40.041 39.053 49.065 72.078 68.091 55.103 48.113 39.118 15.108 4.107 0.000 0.000 0.000 46.379 41.397 43.420 26.439 0.447 0.000 0.000 24.771 41.793 10.770 0.000 0.735 6.082 13.128 9.274 3.426 0.000 1.994 48.700 100.486 94.269 94.015 93.831 93.809 93.766 93.718 93.673 91.632 82.595 15.568 0.000 32.442 91.432 96.406 94.388 88.379 78.377 0.000 0.000 0.000 0.000 0.000 0.000 0.000
37.874 39.879 36.888 0.000 0.000 44.934 39.934 37.936 39.940 43.946 47.957 46.972 46.990 45.007 39.023 40.037 40.049 41.061 41.073 46.084 64.097 63.110 56.123 65.136 63.149 34.159 0.000 0.000 0.000 0.000 0.000 46.413 41.428 44.451 15.472 0.000 11.742 37.787 57.843 26.911 0.000 0.000 0.000 0.000 5.121 5.389 5.705 1.962 2.222 100.776 100.633 93.189 94.016 93.909 93.868 93.822 93.777 95.735 80.696 63.662 23.640 0.000 47.512 77.495 86.474 95.458 84.448 73.446 0.000 0.000 0.000 0.000 0.000 0.000 0.000
44.904 42.911 31.921 0.000 30.995 38.979 40.974 44.973 45.974 46.976 44.984 46.000 44.023 40.043 40.058 41.071 41.083 40.094 42.105 65.117 64.129 46.142 59.156 57.171 61.188 59.210 22.246 0.000 0.000 17.408 22.420 42.432 41.453 41.483 36.528 28.609 45.697 44.777 38.905 61.097 9.286 0.000 0.000 0.000 3.846 2.458 3.980 28.486 53.029 100.892 95.554 95.263 94.996 93.973 93.924 93.879 94.835 92.793 47.754 24.719 36.689 37.662 91.598 93.563 73.538 83.520 78.511 51.513 16.538 0.000 0.000 0.000 0.000 0.000 0.000
45.929 46.940 43.964 32.000 46.012 46.013 46.012 47.011 47.007 48.001 60.004 42.022 40.062 40.083 41.096 41.108 41.118 42.128 56.138 67.149 42.161 46.174 73.189 65.205 53.224 56.249 59.282 43.328 48.364 63.397 56.420 44.443 37.470 37.503 48.547 64.604 51.663 23.719 0.000 51.286 40.477 1.331 5.602 10.888 7.218 0.054 2.200 43.596 95.922 100.983 92.530 95.158 96.076 94.028 93.981 93.935 86.891 76.848 33.808 4.771 13.736 14.700 75.656 117.621 98.594 74.574 66.562 45.558 54.563 7.563 0.000 0.000 0.000 18.570 60.571
50.943 50.959 46.994 47.026 47.042 48.049 48.052 44.052 41.044 40.018 3.011 0.000 44.123 41.130 41.138 41.146 40.155 43.163 67.172 53.182 38.193 44.206 61.220 78.237 73.256 70.279 68.307 64.339 60.369 59.397 67.423 64.450 58.481 54.515 57.553 61.596 23.633 0.000 0.000 3.285 0.000 0.000 6.699 16.844 13.032 4.032 0.017 42.786 101.160 101.072 95.435 97.252 94.129 94.085 95.037 90.990 74.945 67.902 73.860 79.821 63.782 85.745 100.706 117.672 126.643 110.620 72.604 77.595 52.592 0.000 0.000 0.000 0.000 0.000 9.571
0.000 0.000 51.030 46.067 46.083 41.090 38.096 40.100 35.101 0.000 0.000 0.000 45.177 41.178 41.181 41.186 41.192 59.198 66.206 39.214 41.224 41.237 44.251 50.267 52.286 52.306 48.329 51.353 67.377 60.399 51.426 54.455 61.491 65.522 68.557 65.597 40.639 5.685 0.000 0.000 0.000 0.000 1.615 10.758 0.000 0.000 12.753 72.967 101.247 92.814 96.495 96.222 94.193 94.140 95.091 90.043 76.997 42.953 49.910 92.869 103.829 135.790 126.752 98.717 86.686 103.660 82.640 76.626 51.620 0.000 0.000 0.000 0.000 0.000 14.571
0.000 0.000 0.030 55.130 40.133 38.134 40.144 40.152 41.160 0.000 0.000 34.253 42.230 41.224 41.224 41.226 43.230 67.234 52.239 38.246 41.255 41.267 41.281 40.297 40.314 40.331 39.350 46.369 75.386 54.400 0.000 0.000 5.507 56.526 66.556 50.595 55.645 42.731 0.863 1.051 0.000 0.000 8.051 0.565 0.000 0.000 30.930 101.423 101.334 95.690 97.402 93.298 94.246 94.194 94.144 94.095 81.048 44.003 58.959 95.917 91.875 125.835 120.796 89.758 94.724 80.693 61.668 79.650 57.640 0.000 0.000 0.000 0.000 0.000 13.572
39.317 35.315 0.000 47.191 57.186 58.171 39.193 51.208 58.226 34.266 32.282 42.277 41.269 41.265 41.264 41.265 60.268 64.270 39.272 41.276 40.283 39.295 41.311 41.327 41.342 41.357 40.372 48.386 77.401 58.414 4.429 0.000 28.505 53.521 66.547 45.585 35.614 0.000 0.000 1.370 1.235 9.783 13.917 0.000 0.000 9.927 72.129 101.511 92.985 96.659 96.391 94.355 94.298 94.246 94.195 95.146 86.098 75.052 98.007 122.963 110.920 127.879 124.837 118.797 125.758 91.722 68.691 78.667 86.651 15.644 0.000 0.000 0.000 0.000 14.573
41.320 40.313 35.295 41.259 40.249 0.000 62.252 54.260 41.273 42.291 42.303 41.306 41.305 41.304 41.304 44.305 67.306 50.306 40.306 41.305 47.307 55.319 41.343 39.359 41.372 40.383 43.394 67.406 75.417 50.429 38.444 26.466 48.489 47.506 8.526 0.000 0.000 0.000 0.000 0.000 0.000 0.000 0.000 0.000 13.152 70.200 92.300 101.599 93.939 94.552 94.461 94.404 94.349 94.296 94.244 95.195 86.146 69.099 65.054 98.009 87.965 101.922 104.878 92.835 94.790 66.745 43.706 57.675 124.653 77.637 12.619 2.603 24.589 45.579 82.574
41.331 41.325 41.315 41.303 41.302 35.317 51.305 67.307 43.314 40.325 41.334 41.339 41.341 41.343 40.345 63.346 65.347 39.345 41.340 42.331 39.324 1.340 60.383 55.395 42.404 40.411 58.418 77.426 61.434 41.442 41.453 42.466 45.480 49.488 0.000 0.000 0.000 0.000 0.000 0.000 0.000 0.000 0.000 0.000 36.369 93.421 101.775 101.687 93.835 94.635 94.505 94.454 94.398 94.344 94.292 93.242 78.194 80.146 100.100 119.054 118.009 122.965 127.920 114.873 112.822 99.764 48.712 46.675 122.650 86.632 24.618 17.601 82.584 115.576 134.572
41.348 41.341 41.337 41.337 41.340 41.346 41.345 52.348 67.354 43.362 40.369 41.375 41.379 39.383 47.386 68.389 48.390 40.388 42.380 40.355 0.000 0.000 48.436 49.437 55.438 54.440 62.443 61.446 42.450 40.455 42.461 45.467 50.476 50.481 0.000 0.000 0.000 0.000 0.000 0.000 0.000 0.000 0.000 0.027 44.838 98.715 101.864 93.218 94.875 94.597 94.560 94.500 94.445 94.391 94.339 94.289 80.240 76.192 97.145 98.098 98.053 101.008 100.963 99.916 104.862 77.776 53.702 68.663 83.639 22.625 0.000 0.000 26.570 52.568 74.567
41.374 43.356 43.354 41.370 41.377 41.381 41.384 41.388 52.393 67.400 43.407 38.414 38.420 55.425 67.429 61.434 38.437 41.439 37.439 0.000 0.000 34.513 41.488 41.479 47.473 64.470 64.468 57.467 50.467 42.468 29.469 0.000 64.478 44.479 0.000 0.000 0.000 0.000 0.000 0.000 0.000 0.000 0.000 0.085 18.714 102.045 101.954 94.077 94.773 94.662 94.603 94.545 94.490 94.436 94.384 95.334 90.285 80.237 75.189 74.142 74.097 74.052 74.008 77.967 51.934 0.000 21.659 77.638 73.617 34.603 0.000 0.000 25.557 71.559 49.560
42.419 0.000 0.000 41.414 40.416 39.419 39.422 38.426 38.432 51.439 66.447 59.455 66.461 68.468 55.474 39.480 46.487 46.493 34.499 0.000 0.000 45.539 41.527 43.517 67.508 74.500 52.493 43.488 50.483 57.481 45.480 0.000 24.479 42.479 0.000 0.000 0.000 0.000 0.000 0.000 0.000 0.000 0.000 0.206 5.820 102.134 99.376 95.024 94.750 94.708 94.646 94.588 94.533 94.480 94.429 94.378 95.329 94.281 92.233 91.185 91.139 92.094 94.052 68.011 9.972 0.000 6.635 62.612 93.590 84.568 57.541 33.534 50.544 53.550 11.555
41.466 40.481 0.000 40.457 51.457 55.458 59.461 64.464 67.470 68.479 68.488 68.497 54.505 41.512 57.520 74.528 75.537 75.549 68.565 46.599 0.000 42.577 40.567 49.555 77.542 64.529 41.518 40.508 42.500 45.494 36.491 0.000 1.483 1.480 0.000 0.000 0.000 0.000 0.000 0.000 0.000 0.000 6.458 7.928 3.086 102.212 103.308 98.906 94.808 94.746 94.686 94.629 94.575 94.522 94.471 94.422 94.373 94.325 94.276 94.228 95.180 98.135 70.093 3.052 0.000 0.000 0.000 7.587 63.561 94.538 85.521 61.518 38.535 7.542 0.000
41.498 43.496 39.512 41.500 56.497 55.497 51.499 47.501 46.506 42.519 63.531 53.541 64.550 55.558 71.566 67.576 60.586 61.600 72.616 78.634 67.647 68.626 60.610 68.594 76.577 49.559 40.542 41.527 41.514 40.505 40.499 42.496 37.491 0.000 46.477 37.476 0.000 0.000 0.000 0.000 0.000 0.000 75.122 72.340 102.312 102.268 97.190 97.974 94.838 94.783 94.724 94.668 94.614 94.563 94.513 94.464 94.417 94.369 94.320 96.269 101.217 70.174 10.133 0.000 0.000 0.000 0.000 0.000 4.531 55.502 90.487 40.481 0.000 0.000 6.156
43.533 0.000 38.540 41.536 41.535 41.535 40.537 41.538 43.535 41.562 53.576 48.586 57.596 68.605 56.613 41.623 42.634 43.649 44.664 49.677 62.681 72.670 78.654 76.635 65.613 41.590 41.566 41.544 41.527 41.514 42.505 65.498 38.493 0.000 42.479 0.000 0.000 0.000 0.000 0.000 0.000 6.642 94.935 97.154 102.345 95.563 95.201 94.920 94.879 94.816 94.759 94.704 94.652 94.602 94.554 94.506 94.460 94.414 96.366 81.312 35.247 2.210 0.000 0.000 0.000 0.000 0.000 0.000 0.000 26.451 88.444 40.439 0.000 0.000 0.000
44.569 0.000 38.572 41.571 41.571 41.573 41.576 42.579 0.000 40.618 44.625 55.635 55.644 63.652 68.660 54.669 39.680 39.697 39.717 41.730 43.731 44.721 45.702 45.679 44.652 43.623 39.588 39.559 40.536 41.521 52.511 66.500 37.491 31.486 33.482 0.000 0.000 0.000 0.000 0.000 0.000 10.634 93.769 102.396 102.370 94.393 95.081 94.967 94.907 94.847 94.791 94.738 94.688 94.639 94.593 94.548 94.504 94.461 99.419 55.368 0.000 0.000 0.000 0.000 0.000 0.000 0.000 0.000 0.000 29.406 89.400 48.393 0.000 0.000 0.000
