results3/res_3e8f-0141.wd
ncols         241
nrows         181
xllcorner     12693529.787448
yllcorner     3542525.717860
cellsize      155.156523
NODATA_value  -9999.000000
[rows 66 to 98 of 181, columns 73 to 145 of 241]
70.748 34.737 0.000 59.878 76.856 75.826 75.799 0.000 47.205 47.189 60.202 56.212 55.193 55.148 54.080 129.982 117.812 0.000 0.000 0.000 50.565 45.505 50.413 53.353 53.304 55.258 56.215 61.166 62.120 63.071 54.021 0.000 0.000 51.302 101.302 83.215 87.075 87.160 85.211 93.132 85.617 86.094 86.832 85.603 85.379 86.174 56.017 0.000 0.000 0.000 0.000 0.000 0.000 0.000 39.599 37.576 37.538 37.487 37.425 37.361 41.292 54.220 51.146 36.072 46.997 55.924 34.853 37.783 43.714 48.647 44.580 38.515 36.451
55.750 61.726 0.000 48.097 72.061 71.034 65.037 18.122 0.000 0.000 53.281 66.359 55.360 54.329 55.286 36.245 0.000 0.000 0.000 0.000 0.000 0.000 61.349 59.324 57.292 40.254 43.210 50.161 51.125 56.091 47.056 0.000 0.000 0.000 61.542 79.449 86.385 86.475 93.562 93.354 85.690 86.377 86.087 85.875 85.663 80.474 38.340 0.000 2.529 35.529 0.000 0.000 0.000 45.676 40.642 37.609 37.568 37.518 37.461 37.399 37.332 37.263 44.192 58.120 59.047 41.975 35.905 36.836 37.769 41.702 40.636 36.572 36.508
57.759 56.690 61.554 59.352 73.259 66.210 67.193 64.207 0.000 0.000 0.000 68.584 63.557 58.523 60.489 7.466 0.000 0.000 0.000 0.000 0.000 0.000 60.310 56.300 47.288 0.000 0.000 48.144 60.127 59.112 0.000 0.000 7.244 64.125 55.873 59.695 66.772 81.831 93.755 85.432 86.986 86.548 86.358 86.139 83.924 66.718 45.529 51.529 49.529 30.529 0.000 0.000 0.000 3.710 54.684 36.649 37.607 41.558 49.502 39.441 37.376 36.308 40.238 55.167 62.096 54.026 39.957 34.889 36.822 36.756 36.692 36.628 35.565
57.799 55.723 59.619 70.499 64.412 57.354 76.319 65.306 17.323 0.000 10.982 60.837 76.763 71.715 71.682 74.664 0.000 0.000 0.000 0.000 6.264 6.269 58.280 49.279 52.273 0.000 0.000 0.000 96.126 123.119 38.119 0.000 63.363 58.261 58.100 58.007 54.089 94.110 93.938 86.480 90.084 86.829 86.619 86.403 78.175 30.947 0.000 53.529 31.529 0.000 0.000 0.000 42.810 41.769 40.735 36.698 40.654 52.604 57.548 55.487 48.422 38.355 47.285 55.215 34.145 40.075 53.007 49.940 45.874 53.810 34.747 36.683 34.620
55.857 61.785 71.700 63.612 55.536 55.474 68.423 76.375 72.340 75.268 77.128 72.017 66.942 68.892 57.860 56.844 0.000 0.000 0.000 7.258 63.260 62.262 50.264 52.261 53.251 57.232 56.220 0.000 7.132 1.121 0.081 9.746 69.583 62.455 57.295 58.385 56.431 94.267 56.099 63.688 78.282 86.101 86.886 84.678 43.427 0.000 0.000 0.000 0.000 0.000 0.000 43.876 37.851 37.823 37.790 38.752 48.708 57.656 56.599 56.537 52.472 48.403 58.334 41.263 36.193 37.124 37.056 46.990 59.926 46.863 34.801 35.739 41.676
61.924 72.858 62.786 55.713 56.645 56.584 58.523 42.431 68.396 66.334 58.245 55.162 54.097 70.052 72.022 59.008 0.000 0.000 0.000 63.256 59.256 56.255 49.254 53.249 53.240 53.225 53.207 12.179 15.144 16.111 18.052 85.907 82.774 71.643 70.598 59.596 94.546 94.413 58.153 64.801 59.576 66.378 85.149 59.997 0.000 0.000 0.000 0.000 0.000 0.000 0.000 43.900 37.897 37.879 37.851 38.813 47.768 57.715 56.656 55.592 52.524 57.454 51.383 35.311 37.240 37.171 37.104 47.039 54.976 33.915 36.856 39.795 58.731
72.997 62.937 55.873 56.809 56.748 57.694 38.654 0.000 25.478 53.427 56.358 56.288 56.233 54.195 78.170 62.158 0.000 0.000 0.000 40.253 57.251 51.250 52.247 53.242 53.234 53.222 53.206 64.184 4.154 8.134 25.137 78.058 87.953 9.840 91.761 81.953 94.662 56.727 70.370 67.012 56.882 53.685 50.333 35.165 0.000 0.000 39.444 0.000 0.000 0.000 0.000 39.928 37.956 37.948 37.921 37.883 38.835 44.779 52.717 52.650 52.579 56.506 34.432 37.358 37.286 36.216 42.149 59.085 42.024 35.967 38.912 19.856 20.778
63.077 56.020 56.961 56.901 56.843 59.790 15.746 13.711 6.610 51.540 56.470 58.398 56.354 55.324 73.304 69.295 0.000 0.000 0.000 0.000 48.247 51.245 53.242 53.238 53.231 53.222 55.211 41.198 0.000 0.000 75.303 78.235 89.142 95.012 89.115 87.151 94.762 77.776 80.478 65.320 58.224 51.150 0.000 0.000 0.000 0.000 37.444 0.000 0.000 0.000 0.000 0.000 41.051 38.035 38.004 37.962 37.910 37.850 37.783 44.711 52.636 40.559 37.481 37.404 37.330 40.259 53.191 53.128 35.069 37.015 39.970 6.937 0.000
56.160 57.106 57.049 56.991 56.933 56.879 60.828 61.777 61.712 57.651 57.584 37.481 54.461 55.442 71.428 70.424 0.000 0.000 0.000 0.000 47.243 53.242 53.240 53.236 53.231 53.225 41.218 0.000 0.000 3.671 80.537 86.439 89.338 89.283 88.361 94.896 87.259 89.975 84.664 69.605 59.544 58.540 58.676 0.000 0.000 0.000 34.444 41.445 34.444 0.000 0.000 0.000 56.163 37.136 38.098 38.050 37.993 38.928 37.855 37.777 37.695 37.612 37.529 37.448 36.371 42.298 57.229 34.166 37.108 37.057 39.014 13.985 0.000
57.248 57.194 57.138 57.080 57.021 56.963 56.909 56.858 56.811 56.768 60.735 0.000 47.567 56.554 72.543 67.549 3.594 0.000 0.000 0.000 52.241 55.240 55.238 55.236 53.232 56.230 0.000 0.000 0.000 72.806 78.733 89.647 89.528 89.635 87.683 95.102 88.393 93.036 88.927 89.860 77.811 65.791 54.811 49.811 51.811 0.000 0.000 40.445 35.444 41.439 42.425 40.389 46.301 56.250 38.202 39.148 48.085 55.013 36.932 37.846 37.756 37.665 37.575 36.489 41.408 60.332 54.262 43.199 36.141 37.090 39.045 54.005 71.962
57.339 57.285 57.229 57.170 57.108 57.044 56.986 59.936 57.904 56.875 60.853 0.000 47.686 56.664 73.643 65.634 5.640 0.000 0.000 0.000 25.240 35.239 34.237 34.235 55.233 40.232 0.000 0.000 0.000 75.013 84.946 89.857 89.815 88.919 95.732 95.434 89.458 90.301 89.158 89.101 90.047 81.003 45.967 0.000 0.000 0.000 0.000 38.447 38.448 35.449 37.448 38.440 37.404 44.361 58.312 41.254 39.185 49.106 37.016 37.919 37.817 37.716 37.618 37.525 45.439 58.360 45.289 57.225 35.169 36.118 41.072 62.028 73.983
57.433 57.379 57.324 57.264 57.197 60.119 62.054 33.995 54.996 57.975 59.948 19.924 50.828 55.772 67.730 65.703 6.691 0.000 0.000 0.000 0.000 0.000 1.236 1.235 36.234 0.000 0.000 0.000 23.454 73.287 90.180 90.062 90.178 88.263 96.001 88.043 93.749 89.444 89.399 89.332 89.272 79.207 40.087 0.000 0.000 0.000 0.000 0.000 41.454 42.460 29.476 37.522 38.512 38.478 42.431 58.371 41.297 38.210 38.108 37.996 37.879 37.765 35.656 41.555 60.462 41.380 40.309 54.246 38.190 36.140 43.095 69.053 74.010
57.528 57.475 57.422 57.365 59.297 35.181 37.118 0.000 17.109 53.080 57.042 60.996 56.929 59.865 64.802 69.759 8.729 0.000 0.000 0.000 0.000 2.235 54.235 61.235 0.000 0.000 0.000 6.741 82.622 84.502 90.396 90.352 89.471 96.487 96.253 89.104 89.819 89.691 89.622 89.558 88.504 68.465 0.000 0.000 0.000 0.000 0.000 0.000 0.000 33.459 0.000 44.659 41.643 37.610 37.562 39.501 56.423 45.328 37.212 38.076 37.939 36.808 41.687 43.576 42.475 39.391 37.319 37.259 37.206 38.159 51.116 73.077 74.039
57.623 57.572 57.523 57.478 62.444 0.444 0.000 23.344 15.252 49.194 58.143 56.090 58.028 69.958 41.854 35.802 0.768 0.000 0.000 0.000 0.000 52.235 58.235 60.235 0.000 0.000 0.000 69.860 74.791 88.703 90.586 90.717 88.812 96.703 88.602 90.279 89.973 89.914 89.840 89.776 81.721 58.683 0.000 0.000 0.000 0.000 0.000 0.000 0.000 0.000 0.000 48.811 43.792 37.757 35.708 38.646 38.568 54.468 47.335 38.158 38.992 36.843 43.708 43.585 40.473 34.388 37.320 37.264 39.215 53.173 72.135 74.100 77.069
58.716 56.666 56.620 56.582 59.557 29.562 26.525 58.437 63.362 57.301 55.246 62.192 72.136 75.085 0.000 0.000 0.000 0.000 0.000 0.000 0.000 20.235 27.235 29.235 0.000 0.000 0.000 72.047 79.983 89.894 90.886 89.924 97.101 96.908 89.633 90.338 90.200 90.123 90.050 89.984 71.920 53.864 0.000 0.000 0.000 0.000 0.000 0.000 0.000 0.000 0.000 46.982 44.958 44.918 41.867 34.807 36.734 37.640 53.501 53.229 50.028 46.863 39.718 38.583 35.446 36.367 37.309 41.261 61.219 73.182 73.149 74.120 73.095
72.805 71.754 70.709 68.671 65.640 66.615 66.575 63.516 64.456 66.401 66.348 72.295 74.238 32.161 0.000 0.000 0.000 0.000 0.000 0.000 0.000 0.000 0.000 0.000 0.000 10.559 18.480 73.299 90.191 91.099 91.049 90.277 97.281 89.108 90.783 90.472 90.408 90.327 90.255 88.187 70.113 40.989 0.000 0.000 0.000 0.000 0.000 0.000 0.000 0.000 0.000 37.178 41.139 44.090 45.037 43.981 40.921 36.859 30.802 0.000 0.000 0.000 0.000 0.000 39.359 37.326 40.289 61.252 74.218 73.188 74.160 77.136 73.116
68.887 70.837 69.793 71.753 73.717 72.683 71.643 69.596 67.547 67.499 68.452 64.403 64.358 0.000 0.000 0.000 0.000 0.000 0.000 0.000 0.000 0.000 0.000 0.000 0.000 59.639 82.582 81.479 90.385 91.273 91.399 89.502 97.449 91.201 90.807 90.684 90.600 90.524 90.455 86.398 66.357 0.000 0.000 0.000 0.000 0.000 0.000 0.000 0.000 0.000 44.555 39.412 36.330 38.266 43.210 45.158 45.111 46.071 37.045 0.000 0.000 0.000 0.000 0.000 40.306 38.291 54.267 75.241 73.215 73.190 73.168 74.148 73.132
56.965 56.915 57.871 64.830 73.793 79.756 67.719 61.678 56.637 54.597 53.556 59.509 38.433 0.000 0.000 0.000 0.000 0.000 0.000 0.000 0.000 0.000 0.000 0.000 0.000 65.775 81.729 89.652 91.566 91.533 90.662 97.746 97.604 93.219 91.026 90.865 90.789 90.712 90.645 85.592 60.560 0.000 0.000 0.000 0.000 0.000 0.000 0.000 0.000 44.818 39.698 39.587 39.502 38.434 35.378 40.331 44.295 45.271 42.262 0.000 0.000 0.000 0.000 43.258 37.269 41.263 69.248 73.230 73.210 73.191 73.173 73.157 73.144
56.037 55.989 59.945 64.905 66.867 69.832 59.796 55.761 56.727 56.695 58.665 36.642 0.000 0.000 0.000 0.000 0.000 0.000 0.000 0.000 0.000 0.000 0.000 0.000 0.000 51.958 80.906 90.835 91.733 91.862 89.971 97.877 90.767 92.441 91.122 91.057 90.969 90.891 90.821 81.764 54.730 0.000 0.000 0.000 0.000 0.000 0.000 0.000 44.050 39.938 39.833 39.737 39.656 39.590 39.537 36.494 35.465 38.454 45.472 45.556 0.000 0.000 0.000 37.247 38.248 56.243 73.233 72.219 72.205 73.190 73.175 73.163 73.153
56.105 56.058 58.016 58.976 56.940 55.906 56.874 55.844 55.816 55.790 60.768 5.752 0.000 0.000 0.000 0.000 0.000 0.000 0.000 0.000 0.000 0.000 0.000 0.000 3.329 60.193 89.104 92.019 91.989 91.119 98.116 98.001 93.765 91.467 91.322 91.232 91.145 91.061 91.983 71.915 59.867 0.000 0.000 43.662 0.000 43.424 45.379 45.294 40.161 40.053 39.957 39.871 39.797 39.735 39.684 39.645 38.619 35.608 44.615 45.640 38.639 0.000 0.000 45.236 37.234 45.229 51.221 54.211 58.199 64.188 70.177 72.167 72.159
57.168 57.124 57.083 57.045 57.011 55.979 55.950 55.924 55.901 54.882 62.866 13.847 0.000 0.000 0.000 0.000 0.000 0.000 0.000 0.000 0.000 0.000 0.000 0.000 44.465 80.382 91.296 92.186 92.326 90.417 98.219 91.218 92.892 91.577 91.502 91.406 91.315 91.226 92.137 64.044 41.956 0.000 0.000 39.662 0.000 38.469 40.420 40.343 40.247 40.156 40.071 39.994 39.926 39.867 39.819 39.782 37.757 39.744 45.742 42.748 0.000 0.000 0.000 44.225 43.223 42.219 41.212 40.204 39.195 43.185 54.177 50.169 52.162
55.228 55.186 55.147 55.111 55.079 55.049 55.023 56.001 57.983 59.971 34.967 1.971 0.000 0.000 0.000 0.000 0.000 0.000 0.000 2.698 11.690 0.000 0.000 14.826 55.684 86.577 92.474 92.463 91.490 98.400 98.314 94.209 91.915 91.766 91.672 91.578 91.484 91.391 87.295 34.170 0.000 0.000 0.000 39.663 45.643 40.563 40.488 40.410 40.330 40.252 40.177 40.108 40.045 39.990 39.944 39.908 36.883 45.868 45.862 41.862 0.000 0.000 0.000 43.218 42.215 43.210 43.205 43.198 43.190 43.183 42.176 42.169 41.164
56.284 56.244 59.207 63.174 66.143 70.116 72.092 75.073 74.059 66.052 4.058 15.087 39.141 7.166 0.000 0.000 0.000 0.000 0.000 42.707 69.682 9.643 0.000 48.967 81.868 91.760 92.660 92.590 91.813 98.473 90.647 92.334 92.017 91.941 91.843 91.748 91.652 92.558 79.482 0.000 0.000 0.000 0.000 19.683 39.703 40.651 42.560 42.478 40.411 40.345 40.279 40.215 40.156 40.103 40.059 37.024 41.998 44.982 45.976 36.977 0.000 0.000 0.000 27.213 48.208 48.204 45.198 42.192 42.186 43.180 44.174 44.169 43.165
58.336 57.299 64.265 73.234 74.205 73.179 72.157 71.140 68.127 62.122 37.126 54.143 72.170 41.192 25.214 1.226 0.000 0.000 13.778 52.739 66.688 5.604 24.443 66.209 91.061 93.945 92.786 92.997 90.973 98.535 92.633 92.348 92.200 92.108 92.014 91.919 91.819 93.706 37.594 0.000 0.000 0.000 0.000 0.000 35.836 41.779 22.623 22.531 39.492 40.439 40.378 40.317 40.260 40.209 39.166 37.131 46.104 46.088 43.082 37.093 43.139 0.000 0.000 0.000 59.201 74.198 67.193 63.187 59.182 55.176 58.172 58.167 41.164
58.385 58.352 61.320 64.291 63.264 61.239 59.218 57.201 55.188 55.181 64.181 66.189 63.203 60.217 64.229 12.238 0.000 0.000 53.816 83.785 34.728 30.642 64.516 88.363 93.230 93.087 93.205 91.159 98.618 91.038 92.753 92.440 92.369 92.275 92.186 92.096 94.999 51.852 0.000 0.000 0.000 0.000 0.000 0.000 38.027 43.004 0.000 0.000 36.587 40.540 40.478 40.416 40.358 40.307 37.264 45.228 46.201 45.182 36.173 40.174 40.185 0.000 0.000 0.000 27.198 57.195 75.188 74.182 74.177 74.173 74.169 68.165 58.163
58.433 58.402 58.373 57.345 57.320 58.296 58.275 58.258 56.244 57.234 62.229 65.230 61.235 56.243 59.249 14.253 0.000 0.000 45.886 55.855 33.799 66.719 81.616 90.498 93.382 93.314 92.412 98.991 98.758 92.030 92.759 92.617 92.530 92.441 92.357 92.281 95.229 0.000 0.000 10.601 19.601 0.000 0.000 39.337 42.240 41.208 48.247 0.000 36.728 40.657 40.579 40.509 40.449 38.398 40.354 46.318 46.289 38.267 39.253 40.245 40.243 0.000 0.000 0.000 0.000 0.000 57.182 73.176 73.172 73.169 73.165 74.163 74.161
58.480 58.452 58.425 58.398 58.373 58.350 58.329 57.311 56.295 60.281 64.272 64.267 59.266 55.269 60.272 13.273 0.000 0.000 41.987 10.950 57.893 81.819 87.731 93.638 93.489 93.699 91.689 99.199 91.450 93.162 92.850 92.781 92.690 92.603 92.519 99.441 83.407 0.000 6.600 56.601 42.601 0.000 0.000 34.434 42.388 41.340 41.287 47.165 44.939 43.783 40.671 40.593 40.532 37.481 45.437 46.400 42.370 37.346 40.326 40.311 42.298 46.308 0.000 0.000 0.000 0.000 0.000 70.169 73.167 73.164 73.162 74.160 72.158
58.527 58.501 58.475 58.449 58.425 58.403 57.381 56.362 58.343 62.325 65.309 61.299 56.294 55.294 58.296 40.294 27.279 28.230 24.127 25.064 65.003 85.934 91.859 93.750 93.890 91.882 99.564 99.390 92.456 93.171 93.025 92.936 92.848 92.763 97.676 40.556 55.552 25.590 56.600 64.602 0.000 0.000 0.000 33.577 42.538 41.478 41.395 51.268 62.082 35.864 45.728 41.659 38.606 40.557 46.514 45.476 36.445 39.419 40.397 40.373 27.330 28.319 0.000 0.000 0.000 0.000 0.000 51.164 72.162 73.160 73.158 77.156 73.155
58.576 58.550 58.524 58.500 58.476 58.453 56.432 56.411 60.390 67.368 68.342 64.324 59.317 57.319 57.326 59.327 59.315 68.282 9.226 43.176 81.121 88.059 93.990 93.957 93.090 99.874 99.724 92.813 93.594 93.258 93.185 93.090 93.003 92.924 100.865 0.000 38.655 40.617 30.607 32.604 0.000 0.000 0.000 36.759 42.710 41.639 47.549 63.430 40.256 0.000 26.719 39.711 37.673 45.629 46.585 42.547 39.514 40.488 40.468 42.455 0.000 0.000 0.000 0.000 0.000 0.000 43.160 24.160 63.158 73.156 73.154 78.153 73.151
58.624 58.598 58.573 58.549 58.525 57.503 56.481 58.461 65.440 42.413 18.365 17.340 14.332 44.337 61.361 56.371 59.372 40.360 2.332 48.293 86.245 92.196 94.087 94.332 92.356 100.013 93.146 93.924 93.494 93.436 93.332 93.239 93.150 94.066 91.994 13.938 13.797 0.000 0.000 0.000 0.000 0.000 36.129 43.992 41.902 40.819 60.732 64.647 0.000 0.000 0.000 35.791 41.749 46.699 46.652 36.611 40.577 40.551 40.533 43.524 0.000 0.000 0.000 0.000 0.000 0.000 22.160 0.000 51.152 73.151 73.150 79.149 73.148
58.671 58.646 58.621 58.597 57.574 56.551 58.530 61.511 69.494 28.481 0.000 0.000 0.000 0.000 43.411 58.426 59.442 45.452 47.446 73.418 90.381 94.309 94.485 92.508 100.257 100.141 94.128 93.824 93.677 93.575 93.479 93.384 93.291 96.197 81.108 10.023 0.000 0.000 0.000 0.000 0.000 0.000 36.266 43.177 42.087 40.002 67.913 28.780 0.000 0.000 42.022 46.912 46.833 46.767 44.712 39.667 40.632 40.607 40.590 42.583 0.000 46.663 0.000 0.000 0.000 0.000 0.000 0.000 44.148 73.147 73.147 73.146 73.145
58.718 58.693 58.669 58.645 57.622 56.599 60.577 64.559 68.544 26.536 0.000 0.000 0.000 0.000 23.445 66.480 61.517 67.561 80.572 89.555 93.519 94.529 93.681 100.463 100.364 93.462 94.240 93.899 93.818 93.716 93.621 93.528 97.432 60.325 32.216 0.000 0.000 0.000 0.000 0.000 0.000 38.672 43.492 42.364 44.268 41.191 65.136 0.000 0.000 37.265 44.131 60.004 48.903 45.824 41.762 39.714 39.678 40.653 40.638 40.636 45.656 41.663 32.663 0.000 0.000 0.000 40.141 42.142 41.144 73.144 73.144 73.143 73.143
58.764 58.740 58.717 58.693 56.669 58.645 64.622 65.602 63.588 50.584 11.598 0.000 0.000 0.000 0.000 19.532 15.584 55.703 86.725 90.709 94.652 94.824 92.950 100.553 92.773 94.554 94.121 94.059 95.950 94.853 93.761 93.674 99.584 22.454 0.000 0.000 0.000 0.000 0.000 20.143 59.052 58.852 46.665 43.521 54.429 49.357 50.306 11.308 0.000 35.398 40.235 51.071 46.951 50.863 44.798 47.750 46.714 43.688 40.673 39.667 39.670 45.670 0.000 0.000 0.000 0.000 37.140 37.140 47.141 73.141 73.141 73.141 73.140
