results3/res_3e8f-0060.wd
ncols         241
nrows         181
xllcorner     12693529.787448
yllcorner     3542525.717860
cellsize      155.156523
NODATA_value  -9999.000000
[rows 33 to 65 of 181, columns 148 to 221 of 241]
58.124 58.811 25.522 37.247 58.989 52.735 31.400 0.000 0.000 9.523 0.000 0.000 6.541 31.556 18.557 0.000 0.000 0.000 23.177 31.151 0.000 15.819 7.771 8.697 12.580 21.462 39.335 30.242 25.158 20.089 21.030 20.980 19.935 18.892 17.848 25.791 35.746 27.718 27.695 25.675 4.662 18.656 26.659 0.000 0.000 0.000 0.000 0.000 0.000 0.000 0.000 0.000 0.000 0.000 0.000 0.000 0.000 0.000 0.000 0.000 0.000 0.000 0.000 0.000 0.000 0.000 0.000 0.000 0.000 0.000 0.000 0.000 0.000 0.000
58.449 59.165 36.891 54.638 57.418 51.262 0.000 0.000 0.000 11.523 0.000 0.000 0.000 15.593 15.584 23.574 0.000 36.273 24.204 11.126 20.010 10.881 8.786 8.690 7.582 9.471 37.361 35.263 35.176 37.101 30.034 31.975 30.923 30.875 30.828 31.781 35.739 33.707 34.682 29.661 6.647 5.640 0.000 0.000 0.000 0.000 0.000 0.000 0.000 0.000 0.000 0.000 0.000 0.000 0.000 0.000 0.000 0.000 0.000 0.000 0.000 0.000 0.000 0.000 0.000 0.000 0.000 0.000 0.000 0.000 0.000 0.000 0.000 0.000
58.782 58.505 58.241 58.997 50.783 37.635 0.000 0.000 0.000 0.000 0.000 0.000 0.000 12.639 9.614 22.564 27.469 19.342 28.239 26.138 7.025 7.908 8.800 8.695 20.588 24.480 28.374 21.275 18.184 28.105 2.029 8.964 3.908 3.857 3.809 6.764 32.724 21.691 19.663 21.642 6.626 8.617 0.000 0.000 0.000 0.000 0.000 0.000 0.000 0.000 0.000 0.000 0.000 0.000 0.000 0.000 0.000 0.000 0.000 0.000 0.000 0.000 0.000 0.000 0.000 0.000 0.000 0.000 0.000 0.000 0.000 0.000 0.000 0.000
59.106 58.833 59.572 54.324 36.082 26.858 35.858 0.000 0.000 0.000 0.000 0.000 0.000 9.710 8.669 11.599 7.502 18.388 21.274 24.161 13.044 7.926 7.813 7.702 32.594 38.486 20.381 14.278 14.181 15.094 12.017 11.950 11.890 12.836 15.787 12.742 33.702 25.668 23.640 23.617 5.599 19.584 45.565 0.000 0.000 0.000 0.000 0.000 0.000 0.000 0.000 0.000 0.000 0.000 0.000 0.000 0.000 0.000 0.000 0.000 0.000 0.000 0.000 0.000 0.000 0.000 0.000 0.000 0.000 0.000 0.000 0.000 0.000 0.000
59.422 59.150 55.888 41.646 30.364 0.000 0.000 0.000 0.000 14.601 0.000 0.000 0.000 8.823 9.754 9.660 8.551 8.432 14.310 7.187 7.063 8.941 7.823 6.708 30.598 27.492 35.386 39.275 38.166 33.075 28.997 30.928 26.866 30.811 30.760 31.715 35.674 33.640 34.611 30.588 5.570 17.556 39.546 0.000 0.000 0.000 0.000 0.000 0.000 0.000 0.000 0.000 0.000 0.000 0.000 0.000 0.000 0.000 0.000 0.000 0.000 0.000 0.000 0.000 0.000 0.000 0.000 0.000 0.000 0.000 0.000 0.000 0.000 0.000
59.732 59.458 49.184 31.008 0.000 0.000 0.000 0.000 12.648 15.601 28.513 28.388 16.223 9.005 8.863 9.737 9.611 8.480 7.348 8.214 8.082 7.953 6.828 15.710 34.600 13.497 27.396 4.269 37.136 27.043 25.967 25.899 22.837 27.781 28.729 28.682 35.641 33.606 30.577 30.553 5.536 19.524 38.517 0.000 0.000 0.000 0.000 0.000 0.000 0.000 0.000 0.000 0.000 0.000 0.000 0.000 0.000 0.000 0.000 0.000 0.000 0.000 0.000 0.000 0.000 0.000 0.000 0.000 0.000 0.000 0.000 0.000 0.000 0.000
61.038 53.765 41.381 31.195 0.000 0.000 0.000 0.000 9.694 26.643 20.551 9.428 11.278 11.109 8.958 7.815 9.674 8.531 9.386 9.241 9.098 7.959 7.828 27.705 27.594 27.500 27.433 0.000 9.065 6.994 7.929 7.865 8.803 12.746 15.693 13.645 33.603 27.566 21.536 23.513 6.497 18.487 37.482 0.000 0.000 0.000 0.000 0.000 0.000 0.000 0.000 0.000 0.000 0.000 0.000 0.000 0.000 0.000 0.000 0.000 0.000 0.000 0.000 0.000 0.000 0.000 0.000 0.000 0.000 0.000 0.000 0.000 0.000 0.000
60.344 46.185 0.000 0.000 0.000 0.000 0.000 0.000 25.793 20.724 10.621 11.495 11.351 11.197 11.044 8.892 7.740 7.584 9.425 8.265 8.109 6.959 8.818 23.689 14.573 23.474 24.405 0.000 0.000 22.940 21.889 21.828 21.766 23.706 23.652 24.602 36.558 32.521 27.490 29.467 5.451 14.444 42.443 0.000 0.000 0.000 0.000 0.000 0.000 0.000 0.000 0.000 0.000 0.000 0.000 0.000 0.000 0.000 0.000 0.000 0.000 0.000 0.000 0.000 0.000 0.000 0.000 0.000 0.000 0.000 0.000 0.000 0.000 0.000
53.568 36.444 0.000 0.000 0.000 0.000 0.000 33.113 26.962 10.840 11.714 11.579 11.435 11.283 11.128 10.971 7.809 8.640 8.464 8.287 9.114 7.949 7.797 10.660 15.535 27.420 14.306 26.154 31.033 23.936 32.861 22.791 23.725 26.663 25.606 24.554 34.508 30.468 18.436 17.412 6.398 13.395 42.403 0.000 0.000 0.000 0.000 0.000 0.000 0.000 0.000 0.000 0.000 0.000 0.000 0.000 0.000 0.000 0.000 0.000 0.000 0.000 0.000 0.000 0.000 0.000 0.000 0.000 0.000 0.000 0.000 0.000 0.000 0.000
39.681 29.580 0.000 0.000 0.000 11.565 25.457 26.264 20.103 14.958 11.817 11.674 11.525 11.373 10.216 13.055 17.885 13.702 8.505 9.306 8.111 7.926 7.762 7.617 14.487 15.366 13.246 20.122 19.010 13.912 25.828 5.751 13.681 20.615 19.555 13.500 32.451 25.409 5.374 4.349 7.335 9.337 13.370 0.000 0.000 0.000 0.000 0.000 0.000 0.000 0.000 0.000 0.000 0.000 0.000 0.000 0.000 0.000 0.000 0.000 0.000 0.000 0.000 0.000 0.000 0.000 0.000 0.000 0.000 0.000 0.000 0.000 0.000 0.000
18.647 36.613 0.000 0.000 13.788 23.673 37.543 21.384 20.226 20.074 12.924 11.773 11.621 11.466 18.309 26.147 26.974 18.779 13.549 8.320 7.098 7.884 11.708 8.561 7.430 6.309 12.192 13.078 11.972 12.875 14.787 7.706 13.632 18.562 20.498 16.440 32.387 26.341 8.303 7.274 7.255 3.248 0.000 0.000 0.000 0.000 0.000 0.000 0.000 0.000 0.000 0.000 0.000 0.000 0.000 0.000 0.000 0.320 9.493 8.500 10.502 9.504 3.505 0.000 0.000 0.000 0.000 0.000 0.000 0.000 0.000 0.000 0.000 0.000
0.000 0.000 0.000 0.000 16.902 36.797 28.658 31.503 28.344 18.187 11.030 11.874 11.719 22.563 27.408 23.251 18.086 14.893 17.590 12.329 12.076 7.802 12.627 6.488 7.364 8.248 7.136 7.027 6.924 6.828 5.738 6.655 6.577 10.504 16.437 15.374 33.317 27.267 6.223 7.189 7.164 6.152 0.000 0.000 0.000 0.000 0.000 0.000 0.000 0.000 0.000 0.000 0.000 5.605 8.609 8.615 7.624 3.634 0.084 0.104 0.057 0.046 0.514 1.520 0.001 0.030 0.001 0.000 0.000 0.000 0.000 0.000 0.000 0.000
0.000 0.000 0.000 18.330 34.123 26.954 18.790 26.626 30.462 31.299 21.137 9.976 19.816 28.660 18.508 10.362 10.226 12.116 0.000 0.000 0.000 4.623 8.510 10.400 10.291 7.182 7.076 7.971 6.871 6.775 6.684 7.599 6.518 6.442 6.370 9.303 26.241 25.185 7.135 7.094 7.062 8.043 9.043 0.000 0.000 0.000 0.000 0.000 0.000 0.000 0.000 0.000 0.000 5.603 0.021 0.024 0.036 0.036 0.053 0.097 0.000 0.000 0.000 0.024 0.001 0.001 0.002 1.855 0.000 0.000 0.000 0.000 0.000 0.000
0.000 0.000 17.798 27.538 34.306 18.106 20.923 18.749 16.578 24.410 29.243 24.077 27.912 16.752 10.601 11.465 11.342 19.229 0.000 0.000 0.000 1.441 10.389 21.312 22.217 17.116 13.013 14.911 10.812 9.717 7.625 6.538 6.454 7.375 6.299 6.227 9.159 18.097 6.040 5.989 6.946 5.916 0.000 0.000 0.000 0.000 0.000 0.000 0.000 0.000 0.000 0.000 0.832 0.013 0.019 0.029 0.000 0.000 0.000 0.198 0.474 0.540 0.054 0.037 0.000 0.003 0.001 0.022 1.426 0.000 0.000 0.000 0.000 0.000
21.264 22.605 21.058 35.717 20.458 14.241 16.048 14.867 11.693 10.521 25.349 32.176 35.003 22.834 12.681 9.554 17.448 0.000 0.000 0.000 0.000 4.357 14.316 21.242 22.150 22.051 23.950 31.849 29.750 25.655 23.562 19.473 13.387 8.304 6.224 7.147 6.073 11.003 3.937 4.876 5.819 7.759 28.670 0.000 0.000 0.000 0.000 0.000 0.000 0.000 0.000 0.000 0.000 0.000 0.000 0.067 0.185 0.235 0.267 0.295 0.136 0.173 0.000 0.170 0.129 0.028 0.028 0.029 0.000 0.000 0.000 0.000 0.000 0.000
20.918 13.493 32.114 31.814 26.567 17.353 11.161 11.980 12.805 23.632 26.457 18.275 21.088 29.902 30.736 20.622 0.000 0.000 0.000 0.000 9.438 15.361 19.279 18.188 19.091 18.989 16.886 23.785 24.686 24.590 25.497 22.406 21.317 22.230 13.146 8.063 8.983 5.906 6.831 5.760 4.693 6.631 21.581 0.000 0.000 0.000 0.000 0.000 0.000 0.000 0.000 0.000 0.000 0.000 0.602 0.042 0.011 0.001 0.000 0.000 0.398 0.391 0.000 0.254 0.000 0.000 0.000 0.000 0.000 0.000 0.000 0.000 0.000 0.000
14.529 24.335 34.092 24.858 24.642 26.445 24.262 15.087 20.916 29.746 18.570 11.381 10.174 15.950 25.738 32.577 0.000 0.000 12.913 12.733 7.517 16.369 21.250 22.142 18.036 17.928 9.821 6.718 6.619 6.523 5.429 3.336 10.245 24.155 23.066 21.977 16.890 7.805 5.722 6.640 5.563 5.492 6.443 0.000 0.000 0.000 0.000 0.000 0.000 0.000 0.000 0.000 0.000 0.000 0.000 0.063 0.000 0.000 0.000 1.566 1.521 1.481 0.385 0.302 0.000 0.000 0.000 0.000 0.000 0.000 0.001 0.000 0.000 0.000
17.334 36.226 27.063 23.882 23.700 24.524 23.354 25.189 30.028 18.866 12.696 12.506 12.277 10.986 11.689 17.371 33.952 31.549 10.094 8.770 7.526 8.348 20.210 18.094 28.984 16.866 9.752 7.648 8.549 7.454 12.360 20.266 16.172 10.079 15.985 25.891 22.797 21.703 12.610 5.518 5.425 6.333 4.255 0.000 0.000 0.000 0.000 0.000 0.000 12.523 7.523 6.514 0.000 0.000 0.000 5.158 2.063 1.885 1.747 1.606 1.528 1.461 1.357 1.258 1.236 0.215 1.194 3.193 0.000 0.000 0.004 0.000 0.000 0.000
31.248 27.172 16.052 20.907 25.753 20.597 26.442 32.288 24.140 11.995 10.842 12.670 12.441 16.029 16.661 10.265 20.936 16.603 13.142 9.729 6.470 13.286 17.149 19.039 9.942 36.801 24.672 14.571 6.477 12.383 31.290 41.196 34.100 11.003 12.904 15.804 19.703 24.600 22.498 18.395 7.286 4.159 10.990 16.794 0.000 0.000 0.000 0.000 0.000 0.000 2.531 2.506 2.456 7.394 6.325 2.244 1.124 1.861 1.739 1.615 1.527 1.448 1.345 1.197 1.214 1.213 0.193 0.172 1.094 4.093 0.020 0.000 0.000 0.000
33.232 18.164 13.064 14.942 16.809 27.670 31.528 42.380 41.252 34.130 23.009 11.890 14.789 0.000 0.000 9.094 14.923 11.786 0.000 7.533 11.337 28.180 27.059 29.973 0.000 1.629 41.566 35.489 21.403 27.313 45.221 45.127 43.029 11.929 17.826 17.719 19.609 7.498 16.387 22.278 21.168 20.026 32.751 41.599 0.000 0.000 0.000 0.000 0.000 0.000 25.563 6.525 6.467 6.402 6.335 7.276 1.218 0.131 3.723 0.554 0.430 0.255 0.134 0.491 0.061 0.000 0.000 0.000 0.000 0.000 0.000 0.000 0.000 0.000
24.255 13.189 13.099 12.990 25.869 23.747 40.621 55.453 52.358 49.265 44.173 35.092 26.037 0.000 0.000 0.000 2.877 13.831 0.000 0.000 4.167 22.039 20.932 35.823 7.668 8.572 41.496 46.417 42.333 41.246 44.155 44.061 44.962 23.859 15.750 17.636 17.518 7.396 16.274 10.162 29.080 0.026 38.391 60.251 30.991 0.796 0.000 0.000 0.000 1.760 61.635 14.562 16.486 16.410 12.338 13.275 5.229 0.193 0.000 0.217 0.120 0.148 0.108 0.881 0.034 0.000 0.000 0.000 0.000 0.000 0.000 0.000 0.000 0.000
22.307 20.237 15.152 27.050 20.931 33.827 11.755 0.000 32.461 51.399 50.328 51.267 34.230 0.000 0.000 0.000 0.000 19.831 0.000 0.000 0.942 15.877 10.809 37.717 48.609 48.514 44.431 44.350 44.267 45.182 44.093 43.999 43.900 37.794 12.681 14.559 12.430 7.293 18.153 19.018 21.911 0.000 23.172 59.023 28.761 46.396 7.160 0.000 4.016 59.864 47.716 19.603 13.505 15.415 9.332 3.256 1.076 0.000 0.000 0.125 0.170 4.549 11.517 20.496 9.442 0.000 0.000 0.000 0.000 0.000 0.000 0.000 0.000 0.000
24.370 20.301 27.223 24.129 26.978 50.875 37.819 20.760 41.628 50.542 49.473 48.419 28.386 0.000 0.000 0.000 0.000 0.000 0.000 0.000 6.767 15.767 26.711 42.629 44.535 44.446 44.364 44.284 44.204 44.122 44.035 43.943 43.844 43.737 29.619 19.490 12.349 5.194 9.026 8.844 13.634 32.316 18.101 52.907 38.635 45.238 51.923 37.543 42.167 50.925 26.761 27.629 13.516 12.414 4.318 0.985 0.998 0.446 0.675 5.732 23.654 22.566 21.501 20.447 20.388 10.329 0.000 0.000 0.000 0.000 0.000 0.000 0.000 0.000
16.438 28.374 25.312 25.263 0.000 0.000 29.888 55.832 50.747 49.670 51.604 33.549 19.511 3.532 0.000 0.000 0.000 0.000 0.000 0.000 12.741 29.715 41.636 44.555 44.457 44.371 44.294 44.219 44.144 44.066 43.983 43.894 43.797 43.689 44.569 38.434 30.281 22.108 19.914 22.700 13.466 30.213 9.008 50.871 0.000 3.995 38.753 10.539 1.205 56.906 20.774 24.637 22.515 3.409 1.128 1.462 0.697 0.631 12.909 23.770 20.660 20.561 20.476 17.403 16.336 14.272 13.210 0.000 0.000 0.000 0.000 0.000 0.000 0.000
26.506 26.445 21.389 41.348 0.000 4.111 44.012 50.935 49.858 49.788 49.724 25.663 25.576 36.554 0.000 0.000 0.000 0.000 0.000 0.000 0.000 0.000 38.566 50.496 45.367 44.288 44.221 44.155 44.087 44.016 43.938 43.854 43.760 43.655 43.535 44.396 45.233 42.044 41.822 44.576 24.315 30.064 3.849 44.696 0.000 0.000 34.555 4.403 14.182 47.969 28.791 20.629 24.499 1.261 1.859 0.427 0.348 0.568 15.925 16.778 21.658 20.545 15.439 12.355 16.283 21.216 20.149 9.081 0.000 0.000 0.000 0.000 0.000 0.000
27.573 15.511 26.450 47.392 40.325 46.210 52.116 50.037 49.964 49.898 46.842 30.803 0.000 0.000 0.000 0.000 0.000 0.000 0.000 0.000 0.000 0.000 0.000 0.000 36.227 45.193 44.146 44.093 44.035 43.971 43.900 43.822 43.735 45.636 44.520 44.382 43.214 45.010 43.756 43.467 33.155 30.878 7.627 19.369 48.989 27.713 35.510 4.335 32.163 25.998 28.792 16.588 10.420 2.033 1.717 0.650 0.628 1.379 0.902 2.764 10.648 8.525 9.383 20.298 20.228 20.161 20.092 21.015 14.918 10.846 8.799 0.000 0.000 0.000
16.639 12.574 27.510 46.445 52.374 51.288 50.206 50.132 50.063 50.999 41.943 34.904 0.000 0.000 0.000 0.000 0.000 0.000 0.000 0.000 0.000 0.000 0.000 12.095 39.123 45.110 44.079 44.037 43.988 43.932 43.870 43.801 45.722 45.633 45.527 37.397 42.229 45.029 47.722 45.383 38.960 34.665 22.414 6.163 53.886 36.640 38.435 3.266 49.136 13.067 0.000 10.510 1.190 1.797 0.355 0.723 2.988 1.505 0.917 0.000 0.000 0.000 14.272 20.228 20.171 20.109 20.043 19.972 20.895 20.823 20.754 21.666 20.590 17.517
13.703 11.637 28.572 48.506 50.436 50.362 50.290 50.222 50.157 52.093 31.028 28.965 0.000 0.000 0.000 0.000 0.000 0.000 0.000 0.000 0.000 0.000 0.000 26.067 45.059 44.046 44.022 43.989 43.948 43.901 45.847 44.788 44.721 44.646 38.559 16.450 32.277 42.153 0.000 0.000 16.637 23.408 32.200 18.984 39.752 57.526 42.324 9.158 51.049 0.000 0.000 0.000 1.457 1.249 0.889 2.970 0.331 0.142 0.368 0.487 0.000 0.000 10.206 20.171 20.121 20.064 20.002 19.936 19.867 19.799 19.730 19.657 19.587 19.521
18.767 23.701 38.635 50.569 50.503 50.436 50.370 50.308 50.250 51.190 38.109 0.000 0.000 0.000 0.000 0.000 0.000 10.866 0.000 0.000 0.000 0.000 0.000 1.004 36.001 42.992 43.974 43.948 43.915 43.876 45.831 43.782 43.728 43.672 27.615 23.567 0.000 0.000 0.000 0.000 1.276 8.130 29.996 15.820 20.614 63.387 46.178 24.992 34.852 0.000 28.708 5.630 1.429 1.082 0.835 1.406 5.856 5.641 7.500 13.389 8.295 19.225 20.178 20.132 20.081 20.026 19.967 19.905 19.841 19.777 19.712 19.647 19.583 19.523
20.829 39.764 50.699 50.634 50.570 50.507 50.447 50.391 50.343 56.310 0.000 0.000 0.000 0.000 0.000 0.000 10.866 22.866 9.867 24.868 20.869 0.000 0.000 22.937 29.950 40.948 43.935 43.915 43.888 44.856 43.820 43.780 43.739 39.698 28.661 33.636 0.000 0.000 0.000 0.000 18.001 9.947 27.832 3.686 5.496 53.230 52.009 43.782 29.515 29.100 17.787 12.621 1.407 1.089 0.383 0.438 15.732 22.563 21.446 21.352 13.271 20.205 20.150 20.099 20.047 19.993 19.936 19.878 19.818 19.757 19.697 19.636 19.578 19.521
27.891 47.826 51.762 50.699 50.637 50.577 50.520 50.467 50.423 57.397 0.000 0.000 0.000 0.000 0.000 0.000 0.000 19.866 19.867 18.868 21.870 5.876 13.886 21.906 21.915 38.913 44.904 43.888 43.867 43.841 43.812 43.781 44.749 36.719 32.695 26.681 0.000 0.000 0.000 0.000 0.000 9.824 28.701 5.598 1.396 40.029 56.846 53.610 34.327 12.998 11.717 12.519 3.380 0.194 0.223 0.108 0.110 17.436 20.372 20.302 12.236 20.176 20.121 20.069 20.017 19.964 19.909 19.853 19.797 19.740 19.683 19.626 19.571 19.518
35.952 51.888 50.825 50.763 50.703 50.644 50.588 50.534 52.485 50.457 0.000 0.000 0.000 0.000 0.000 0.000 0.000 24.866 30.866 35.867 26.868 25.872 19.878 15.886 26.890 40.888 43.880 43.867 46.850 44.829 43.806 43.782 43.758 38.736 30.719 25.711 0.722 0.000 0.000 0.000 0.000 0.000 20.550 6.473 2.299 34.937 65.737 46.487 25.185 15.848 17.565 15.358 10.228 0.000 0.222 0.000 0.000 5.371 20.307 20.251 12.196 20.143 20.091 20.041 19.990 19.938 19.885 19.832 19.778 19.724 19.670 19.617 19.565 19.514
44.011 51.948 50.887 50.826 50.767 50.709 50.654 51.599 49.524 37.490 21.490 0.000 0.000 0.000 0.000 0.000 0.000 25.866 34.865 34.865 38.864 40.865 23.867 22.870 37.871 43.868 43.861 43.851 44.837 43.820 43.802 43.783 43.765 41.748 29.736 30.730 24.733 0.000 0.000 0.000 0.000 0.000 6.476 6.403 0.266 44.879 32.677 38.415 8.080 27.641 21.339 14.121 13.944 4.739 0.000 0.272 0.000 0.041 17.235 19.200 13.157 20.110 21.063 20.014 19.965 19.915 19.864 19.813 19.762 19.710 19.659 19.608 19.558 19.510
