results3/res_3e8f-0080.wd
ncols         241
nrows         181
xllcorner     12693529.787448
yllcorner     3542525.717860
cellsize      155.156523
NODATA_value  -9999.000000
[rows 33 to 65 of 181, columns 146 to 218 of 241]
60.500 59.737 59.490 60.158 26.852 38.559 60.285 54.015 32.660 0.000 0.000 15.691 0.000 0.000 12.712 37.728 24.731 0.000 0.000 0.000 29.325 37.297 0.000 21.931 13.881 14.803 18.671 27.538 45.393 36.287 31.190 26.110 27.043 26.985 25.933 24.883 23.829 31.755 41.687 33.644 33.608 31.571 10.536 24.507 32.481 0.000 1.172 2.075 25.846 23.728 28.606 38.479 31.334 26.117 0.000 0.000 8.586 8.723 15.646 0.000 0.000 0.000 0.000 0.000 0.000 0.000 0.000 0.000 0.000 0.000 0.000 0.000 0.000
60.380 60.147 59.826 60.527 38.237 55.969 58.736 52.571 0.000 0.000 0.000 17.691 0.000 0.000 0.000 21.771 21.763 29.753 0.000 42.429 30.354 17.269 26.143 17.001 14.897 14.793 13.673 15.549 43.424 41.314 41.215 43.129 36.054 37.987 36.927 36.870 36.812 37.750 41.693 39.648 40.609 35.576 12.548 11.531 0.000 0.000 0.000 7.984 15.854 10.731 16.612 29.498 29.405 27.323 0.000 0.000 0.000 14.112 0.000 0.000 0.000 0.000 0.000 0.000 0.000 17.178 16.192 18.206 8.216 11.222 0.000 0.000 0.000
60.784 60.469 60.172 59.880 59.602 60.344 52.119 38.962 0.000 0.000 0.000 0.000 0.000 0.000 0.000 18.823 15.796 28.743 33.641 25.504 34.393 32.282 13.160 14.032 14.915 14.799 26.681 30.561 34.442 27.331 24.228 34.136 8.056 14.984 9.918 9.857 9.798 12.741 38.689 27.645 25.607 27.575 12.551 14.537 0.000 0.000 4.044 61.045 0.000 0.000 0.000 0.000 30.463 29.449 0.000 0.000 0.000 11.502 8.696 10.814 8.895 16.956 23.008 15.061 37.114 44.164 42.192 27.209 7.221 6.229 10.235 0.000 0.000
61.100 60.803 60.508 60.222 60.947 55.686 37.433 28.197 37.197 0.000 0.000 0.000 0.000 0.000 0.000 15.902 14.857 17.781 13.677 24.554 27.431 30.308 19.181 14.054 13.930 13.809 38.690 44.571 26.454 20.338 20.230 21.133 18.049 17.973 17.905 18.842 21.783 18.728 39.678 31.635 29.598 29.568 11.545 25.529 51.519 0.000 0.000 49.106 0.000 0.000 0.000 0.000 30.537 28.559 6.639 11.693 9.718 7.697 7.773 7.851 6.915 13.965 21.007 8.061 26.116 44.174 40.202 20.219 5.230 5.237 10.241 0.000 0.000
61.429 61.129 60.836 60.551 57.276 43.023 31.728 0.000 0.000 0.000 0.000 20.871 0.000 0.000 0.000 15.025 15.950 15.849 14.731 14.603 20.471 13.338 13.204 15.071 13.943 12.818 36.698 33.581 41.463 45.339 44.220 39.119 35.033 36.957 32.887 36.823 36.764 37.710 41.661 39.618 40.582 36.553 11.531 23.517 45.509 0.000 0.000 52.167 0.000 0.000 0.000 0.000 27.588 30.612 9.666 7.722 7.765 7.795 7.847 7.902 6.949 13.983 22.995 0.000 0.000 2.214 45.225 21.235 5.243 5.249 9.252 0.000 0.000
61.751 61.449 61.158 60.871 50.584 32.401 0.000 0.000 0.000 0.000 18.922 21.871 34.776 34.640 22.461 15.223 15.070 15.934 15.797 14.656 13.512 14.368 14.225 14.086 12.951 21.824 40.703 19.591 33.479 10.337 43.191 33.091 32.008 31.933 28.864 33.800 34.740 34.686 41.638 39.596 36.560 36.532 11.511 25.497 44.491 0.000 0.000 45.229 0.000 0.000 0.000 0.000 31.616 30.637 6.689 8.766 7.824 8.872 8.919 8.962 9.998 18.021 0.000 0.000 0.000 3.243 45.247 26.254 13.259 7.263 10.266 0.000 0.000
62.064 61.757 62.474 55.190 42.790 32.595 0.000 0.000 0.000 0.000 15.973 32.916 26.817 15.683 17.520 17.337 15.173 14.019 15.866 14.711 15.555 15.398 15.244 14.095 13.953 33.822 33.702 33.599 33.527 0.000 15.118 13.045 13.975 13.904 14.836 18.772 21.712 19.657 39.609 33.566 27.531 29.504 12.484 24.472 43.466 0.000 0.000 18.291 9.316 0.000 0.000 0.000 25.622 8.629 0.000 3.829 9.892 13.950 20.995 21.030 21.060 23.083 0.000 0.000 0.000 51.267 44.269 46.273 34.277 9.280 10.282 0.000 0.000
62.355 62.043 61.791 47.625 0.000 0.000 0.000 0.000 0.000 0.000 32.080 27.005 16.893 17.756 17.600 17.432 17.267 15.103 13.938 13.769 15.598 14.426 14.258 13.097 14.946 29.808 20.684 29.578 30.503 0.000 0.000 28.997 27.942 27.874 27.805 29.740 29.679 30.623 42.573 38.530 33.495 35.468 11.449 20.439 48.437 0.000 0.000 77.329 46.340 13.356 0.368 0.000 0.000 0.000 0.000 0.000 6.967 16.042 20.079 19.105 22.128 24.169 10.235 15.271 31.288 46.289 44.291 44.293 32.296 9.298 9.301 0.000 0.000
62.607 63.268 55.023 37.895 0.000 0.000 0.000 0.000 0.000 39.426 33.263 17.130 17.994 17.848 17.691 17.526 17.359 17.188 14.013 14.830 14.641 14.451 15.265 14.088 13.926 16.780 21.647 33.526 20.405 32.244 37.114 30.004 38.921 28.844 29.772 32.703 31.640 30.582 40.531 36.487 24.451 23.423 12.406 19.400 48.405 0.000 0.000 68.355 58.362 35.372 4.383 0.000 0.000 0.000 0.000 0.000 0.000 27.171 19.176 13.182 10.179 25.228 12.266 14.291 22.304 43.309 45.312 43.313 29.315 9.317 6.322 10.333 4.337
70.785 68.398 41.140 31.035 0.000 0.000 0.000 17.915 31.798 32.590 26.415 21.259 18.106 17.950 17.789 17.624 16.454 19.279 24.095 19.898 14.686 15.471 14.262 14.065 13.891 13.739 20.601 21.472 19.346 26.214 25.093 19.986 31.894 11.811 19.734 26.662 25.596 19.536 38.482 31.436 11.398 10.369 13.352 15.351 19.378 0.000 0.000 46.375 26.379 63.387 49.395 0.000 0.000 37.438 11.429 9.408 9.368 11.295 22.273 16.268 0.000 37.299 25.311 21.322 19.329 30.333 46.334 38.334 21.334 10.334 6.336 13.340 37.342
0.000 0.000 20.105 38.070 0.000 0.000 20.154 30.031 43.891 27.720 26.549 26.385 19.222 18.059 17.893 17.725 24.554 32.379 33.192 24.981 19.733 14.487 13.248 14.019 17.836 14.682 13.545 12.418 18.294 19.173 18.059 18.954 20.859 13.772 19.691 24.616 26.547 22.484 38.427 32.377 14.335 13.303 13.282 9.273 0.000 0.000 0.000 2.390 21.394 21.403 55.415 70.434 63.445 31.446 17.441 18.427 18.402 21.368 43.351 61.350 70.373 69.357 71.356 70.358 64.359 58.359 50.357 33.355 16.352 7.350 8.349 21.348 40.348
11.521 0.000 0.000 0.000 0.000 0.000 23.277 43.164 35.016 37.849 34.678 24.508 17.339 18.169 17.999 28.830 33.660 29.490 24.312 21.103 23.777 18.496 18.224 13.928 18.751 12.610 13.481 14.359 13.240 13.125 13.015 12.912 11.816 12.726 12.642 16.564 22.492 21.425 39.364 33.310 12.264 13.227 13.201 12.187 0.000 0.000 0.000 6.401 32.406 21.416 23.428 38.442 49.455 59.462 61.464 67.457 70.443 70.426 69.414 65.409 56.410 54.403 56.398 59.394 61.390 62.386 60.381 64.376 56.371 23.366 10.361 29.357 46.354
50.064 6.553 0.000 0.000 0.000 24.732 40.513 33.334 25.159 32.983 36.807 37.631 27.455 16.280 26.106 34.934 24.768 16.609 16.462 18.343 0.000 0.000 0.000 10.718 14.632 16.524 16.411 13.296 13.183 14.072 12.965 12.863 12.766 13.675 12.589 12.508 12.431 15.360 32.295 31.236 13.184 13.140 13.107 14.088 15.088 0.000 0.000 5.406 23.413 24.426 36.439 23.454 3.469 7.484 43.495 67.495 51.489 46.479 49.470 42.463 28.456 17.448 8.439 6.430 7.422 17.414 15.406 10.398 49.389 64.381 42.373 40.366 44.361
0.000 20.043 0.000 0.000 24.220 33.951 40.709 24.498 27.304 25.118 22.935 30.754 35.572 30.391 34.210 23.034 16.868 17.717 17.585 25.464 0.000 0.000 0.000 7.594 16.535 27.445 28.342 23.233 19.123 21.015 16.910 15.809 13.712 12.619 12.530 13.446 12.366 12.290 15.220 24.154 12.095 12.043 13.000 11.970 0.000 0.000 0.000 0.000 0.000 38.438 22.448 7.464 21.485 23.510 69.536 50.541 33.537 15.532 6.525 7.515 8.505 9.492 9.479 9.467 8.455 6.443 5.432 6.420 14.409 51.396 59.383 44.373 43.366
0.000 5.533 27.652 29.032 27.490 42.143 26.874 20.647 22.442 21.250 18.062 16.877 31.690 38.500 41.310 29.123 18.951 15.808 23.697 0.000 0.000 0.000 0.000 10.529 20.468 27.380 28.278 28.171 30.062 37.956 35.852 31.751 29.653 25.559 19.468 14.381 12.297 13.216 12.139 17.067 9.999 10.937 11.880 13.823 34.739 0.000 0.000 0.000 0.355 42.440 2.451 11.470 2.497 41.535 59.600 19.595 7.587 9.588 9.582 9.570 9.555 9.538 6.520 6.503 5.487 6.472 6.458 6.443 22.429 37.412 10.391 70.378 42.371
0.000 4.904 27.392 19.954 38.566 38.255 32.998 23.773 17.569 18.376 19.188 30.001 32.810 24.612 27.406 36.198 37.007 26.869 0.000 0.000 0.000 0.000 15.610 21.525 25.430 24.328 25.220 25.110 23.001 29.894 30.790 30.690 31.591 28.496 27.403 28.312 19.224 14.138 15.055 11.975 12.899 11.827 10.761 12.702 27.655 0.000 0.000 0.000 0.195 44.438 6.444 0.000 0.000 0.000 26.732 8.652 9.630 7.650 7.645 7.629 6.607 5.584 6.561 6.539 5.519 6.500 5.483 4.467 7.452 3.432 0.000 63.376 72.375
0.000 1.565 21.059 30.826 40.564 31.316 31.089 32.880 30.684 21.497 27.313 36.129 24.938 17.732 16.504 22.255 32.011 38.790 2.582 0.000 19.134 18.934 13.695 22.532 27.401 28.281 24.165 24.048 15.936 12.830 12.726 12.626 11.528 9.431 16.336 30.242 29.149 28.057 22.967 13.879 11.794 12.712 11.635 11.569 12.524 0.000 0.000 0.000 6.618 0.000 0.000 0.000 0.000 0.000 5.945 0.000 0.000 5.737 4.720 4.693 5.661 7.630 7.601 7.574 6.549 6.527 4.508 4.491 5.480 0.000 0.000 0.000 66.380
0.000 0.307 23.854 42.728 33.549 30.355 30.162 30.974 29.791 31.614 36.440 25.265 19.080 18.873 18.624 17.308 17.990 23.667 40.312 37.846 16.334 14.973 13.703 14.509 26.359 24.232 35.110 22.982 15.868 13.762 14.660 13.560 18.462 26.365 22.267 16.170 22.073 31.975 28.878 27.781 18.685 11.591 11.500 12.415 10.350 0.000 0.000 0.000 0.000 0.000 0.000 18.323 13.323 12.270 4.158 0.000 0.000 10.841 7.805 7.762 7.716 7.674 7.638 7.606 7.578 7.552 7.530 6.511 7.496 9.490 0.000 0.000 8.388
0.000 12.785 37.770 33.683 22.550 27.394 32.229 27.062 32.894 38.728 30.568 18.410 17.245 19.057 18.810 22.365 22.976 16.574 27.251 22.891 19.383 15.923 12.636 19.441 23.295 25.176 16.063 42.903 30.791 20.690 12.592 18.494 37.397 47.299 40.200 17.099 18.997 21.894 25.789 30.683 28.576 24.468 13.358 10.241 17.110 22.939 0.000 0.000 0.000 0.000 0.000 0.000 8.376 8.330 8.259 13.211 12.119 7.980 6.900 7.833 7.766 7.713 7.671 7.636 7.604 7.575 7.549 7.525 6.504 6.485 7.459 10.432 6.403
0.000 33.793 39.759 24.683 19.574 21.443 23.299 34.150 37.996 48.834 47.696 40.563 29.432 18.302 21.193 0.000 0.000 15.401 21.228 18.085 0.000 13.700 17.478 34.324 33.203 36.116 0.000 7.775 47.704 41.615 27.523 33.428 51.332 51.234 49.133 18.030 23.924 23.814 25.701 13.585 22.467 28.347 27.222 26.083 38.911 47.768 0.000 0.000 0.000 0.000 0.000 0.000 31.476 12.416 12.336 12.257 12.164 13.063 6.980 5.905 9.804 6.741 6.699 6.662 6.627 7.595 6.565 5.537 5.512 5.487 5.460 5.433 4.408
0.000 44.834 30.791 19.717 19.619 19.504 32.376 30.244 47.105 61.919 58.817 55.716 50.616 41.528 32.468 0.000 0.000 0.000 9.176 20.137 0.000 0.000 10.251 28.176 27.078 41.968 13.813 14.719 47.634 52.546 48.456 47.363 50.269 50.171 51.070 29.964 21.854 23.738 23.616 13.490 22.361 16.231 35.102 5.956 44.685 66.454 37.114 6.906 0.000 0.000 0.000 7.787 67.637 20.520 22.415 22.316 18.219 19.128 11.053 6.002 0.000 6.749 6.721 9.685 12.649 22.613 12.580 7.548 8.519 8.490 8.462 8.435 8.409
30.996 34.920 28.852 26.775 21.683 33.577 27.458 40.343 18.263 0.000 38.937 57.869 56.791 57.724 40.683 0.000 0.000 0.000 3.162 26.149 0.000 0.000 7.101 22.049 16.966 43.865 54.752 54.655 50.566 50.479 50.391 51.302 50.209 50.113 50.011 43.904 18.789 20.667 18.537 13.399 24.255 25.114 27.998 0.000 29.419 65.248 34.982 52.699 13.424 0.000 10.133 65.938 53.763 25.615 19.486 21.372 15.269 9.177 7.101 5.050 0.000 12.784 20.751 28.710 35.669 44.630 33.592 13.557 7.525 8.493 8.463 8.435 8.407
42.072 30.998 30.924 26.846 33.761 30.664 33.536 57.407 44.342 27.276 48.126 57.031 55.954 54.894 34.858 0.000 0.000 0.000 0.000 0.000 0.000 0.000 13.001 21.955 32.871 48.775 50.676 50.583 50.497 50.413 50.329 50.243 50.154 50.060 49.959 49.851 35.733 25.605 18.465 11.313 15.148 14.973 19.778 38.505 24.324 59.137 44.868 51.485 58.148 43.718 48.328 57.069 32.863 33.690 19.544 18.418 10.308 7.210 8.124 10.046 23.956 29.854 47.789 46.736 45.688 44.644 44.603 34.565 12.529 7.496 8.464 8.433 8.405
33.148 21.075 23.001 34.926 31.851 31.783 1.743 0.000 36.423 62.359 57.262 56.175 58.101 40.039 25.997 10.021 0.000 0.000 0.000 0.000 0.000 0.000 18.949 35.898 47.789 50.690 50.592 50.505 50.425 50.348 50.270 50.189 50.104 50.013 49.915 49.807 50.688 44.555 36.406 28.238 26.053 28.852 19.637 36.414 15.234 57.109 0.000 10.225 44.966 16.679 7.393 63.147 26.929 30.740 28.582 9.449 7.334 8.232 8.140 16.055 36.969 47.885 44.816 44.756 44.704 41.656 40.611 38.570 37.532 11.496 7.463 7.431 7.401
23.227 20.154 33.080 33.006 27.934 47.869 1.800 10.700 50.568 57.475 56.387 56.307 56.235 32.167 32.069 43.045 0.000 0.000 0.000 0.000 0.000 0.000 0.000 0.000 44.697 56.605 51.497 50.420 50.352 50.283 50.213 50.139 50.060 49.974 49.880 49.776 49.657 50.522 51.365 48.183 47.973 50.744 30.505 36.281 10.091 50.955 0.000 0.000 40.812 10.638 20.420 54.196 34.967 26.759 30.595 7.462 8.347 7.244 9.151 19.064 39.981 40.903 45.833 44.771 39.715 36.664 40.617 45.574 44.533 33.495 14.460 13.427 12.395
19.310 33.234 34.158 22.084 33.012 53.940 46.867 52.774 58.675 56.586 56.504 56.430 53.367 37.323 0.000 0.000 0.000 0.000 0.000 0.000 0.000 0.000 0.000 0.000 0.000 1.402 42.370 51.328 50.278 50.221 50.160 50.094 50.022 49.943 49.856 51.758 50.644 50.510 49.349 51.155 49.914 49.645 39.357 37.113 13.895 25.665 55.322 34.057 41.832 10.641 38.452 32.251 34.984 22.734 16.579 8.456 8.347 8.248 16.155 21.069 21.988 26.912 34.842 32.779 33.721 44.668 44.619 44.574 44.532 45.492 39.455 35.421 33.388
34.390 34.312 23.236 19.162 34.088 53.014 58.938 57.856 56.771 56.690 56.614 57.543 48.480 41.436 0.000 0.000 0.000 0.000 0.000 0.000 0.000 0.000 0.000 0.000 0.000 18.253 45.265 51.245 50.209 50.164 50.113 50.055 49.992 49.922 51.844 51.756 51.652 43.526 48.365 51.174 53.885 51.565 45.166 40.921 28.709 12.490 60.244 43.017 44.817 9.644 55.497 19.371 0.192 16.612 7.533 8.436 7.338 16.244 22.154 21.070 20.990 19.915 12.846 8.782 38.723 44.669 44.618 44.572 44.528 44.487 45.449 45.413 45.379
31.467 22.389 20.313 18.238 35.164 55.091 57.016 56.940 56.863 56.789 56.718 58.648 37.575 35.505 0.000 0.000 0.000 0.000 0.000 0.000 0.000 0.000 0.000 0.000 0.000 32.194 51.193 50.177 50.151 50.115 50.072 50.023 51.968 50.908 50.842 50.768 44.684 22.578 38.412 48.293 0.000 0.000 22.822 29.695 38.530 25.344 46.146 63.952 48.774 15.623 57.521 0.000 0.000 5.567 8.504 8.418 10.327 20.236 18.149 19.066 20.987 23.914 17.845 18.781 34.721 44.666 44.614 44.566 44.521 44.480 44.440 44.404 44.369
22.541 20.464 25.388 30.314 45.241 57.168 57.096 57.024 56.954 56.886 56.822 57.757 44.666 0.000 0.000 0.000 0.000 0.000 0.000 16.974 0.000 0.000 0.000 0.000 0.000 7.138 42.134 49.122 50.101 50.072 50.037 49.996 51.951 49.901 49.848 49.792 33.736 29.690 0.000 0.000 0.000 0.000 7.605 14.508 36.370 22.212 27.043 69.871 52.704 31.553 41.443 0.000 35.667 12.585 8.497 8.406 10.314 19.225 30.139 30.058 31.980 37.907 32.839 43.775 44.715 44.659 44.607 44.558 44.512 44.470 44.430 44.392 44.357
23.613 20.537 27.462 46.389 57.317 57.246 57.176 57.107 57.042 56.981 56.928 62.891 0.000 0.000 0.000 0.000 0.000 0.000 16.974 28.974 15.975 30.977 26.979 0.000 0.000 29.085 36.084 47.075 50.059 50.037 50.008 50.975 49.938 49.898 49.857 45.816 34.780 39.756 0.000 0.000 0.000 0.000 24.484 16.363 34.231 10.092 11.944 59.785 58.618 50.444 36.254 35.980 24.750 19.608 8.495 8.394 8.300 18.211 40.126 47.045 45.969 45.897 37.829 44.765 44.705 44.649 44.596 44.547 44.501 44.458 44.417 44.379 44.343
21.684 19.609 34.535 54.463 58.392 57.322 57.254 57.188 57.125 57.067 57.018 63.988 0.000 0.000 0.000 0.000 0.000 0.000 5.974 25.974 25.975 24.977 27.981 11.990 20.006 28.034 28.041 45.037 51.025 50.007 49.984 49.958 49.928 49.897 50.865 42.836 38.812 32.798 0.000 0.000 0.000 0.000 0.000 16.231 35.099 11.983 7.855 46.707 63.538 60.352 41.149 19.935 18.747 19.601 10.481 7.377 8.281 11.193 22.109 42.029 44.954 44.883 36.815 44.752 44.692 44.635 44.583 44.533 44.487 44.443 44.402 44.364 44.327
20.754 22.679 42.607 58.536 57.466 57.398 57.331 57.266 57.204 57.144 59.088 57.057 0.000 0.000 0.000 0.000 0.000 0.000 0.000 30.974 36.974 41.975 32.978 31.984 25.994 22.005 33.009 47.006 49.997 49.983 52.965 50.943 49.920 49.896 49.872 44.851 36.834 31.827 6.834 0.000 0.000 0.000 0.000 0.000 26.950 12.886 8.785 41.651 72.477 53.276 32.057 22.865 24.703 22.568 17.452 6.350 8.257 7.170 11.087 30.009 44.935 44.865 36.798 44.735 44.675 44.619 44.566 44.516 44.470 44.426 44.385 44.346 44.310
20.822 30.748 50.677 58.607 57.539 57.473 57.407 57.342 57.280 58.217 56.133 44.095 28.095 0.000 0.000 0.000 0.000 0.000 0.000 31.973 40.973 40.972 44.972 46.975 29.979 28.984 43.985 49.982 49.974 49.963 50.949 49.932 49.913 49.894 49.876 47.860 35.848 36.842 30.841 0.000 0.000 0.000 0.000 0.000 12.867 12.825 6.750 51.634 39.443 45.219 14.937 34.766 28.631 21.515 21.410 12.315 7.226 8.142 7.062 18.986 41.913 43.843 37.777 44.715 45.656 44.600 44.547 44.497 44.450 44.407 44.365 44.327 44.290
