results3/res_3e8f-0078.wd
ncols         241
nrows         181
xllcorner     12693529.787448
yllcorner     3542525.717860
cellsize      155.156523
NODATA_value  -9999.000000
[rows 99 to 131 of 181, columns 73 to 145 of 241]
54.718 54.705 54.694 53.685 53.677 58.670 61.664 58.657 54.653 54.652 48.651 4.652 0.000 0.000 0.000 0.000 0.000 10.685 68.826 93.862 91.901 91.091 97.825 97.750 90.850 91.542 91.384 91.269 92.159 92.055 90.960 94.878 53.820 0.000 0.000 0.000 0.000 0.000 0.000 17.399 43.302 55.107 22.769 4.569 34.490 37.411 35.319 39.193 35.919 33.470 2.998 27.666 31.516 46.403 52.324 55.266 53.224 48.194 41.174 36.163 31.157 9.149 0.000 0.000 0.000 0.000 3.013 21.012 33.011 57.011 58.010 58.009 58.009
54.730 54.718 53.707 51.698 55.690 60.683 61.676 61.663 55.656 52.653 57.652 57.652 18.652 0.000 14.002 43.972 20.922 0.606 57.149 97.063 92.335 92.367 97.888 90.180 91.963 91.611 91.517 91.400 91.287 91.181 93.086 92.007 27.953 0.000 0.000 0.000 0.000 0.000 0.000 21.617 27.548 38.470 0.000 0.000 29.654 37.594 36.494 40.341 40.096 10.782 0.000 22.579 36.492 41.383 62.317 63.270 63.234 64.208 65.190 63.179 44.173 0.000 0.000 0.000 0.000 0.000 0.000 20.009 33.007 57.006 58.005 58.004 58.003
54.740 53.729 53.720 56.711 59.703 60.697 35.692 0.000 28.655 64.654 37.653 11.652 3.652 0.000 25.032 74.992 71.906 63.740 82.460 93.567 90.540 97.976 91.477 92.279 91.839 91.768 91.644 91.527 91.409 92.297 90.197 78.110 25.031 0.000 0.000 0.000 0.000 0.000 25.083 31.905 29.804 30.756 3.822 0.000 35.877 53.819 46.723 41.583 16.339 0.000 0.000 5.578 0.000 35.318 60.291 64.262 62.236 62.215 62.200 64.190 37.185 31.187 31.187 37.187 0.000 0.000 0.000 0.000 32.001 57.001 58.000 57.999 57.998
53.749 52.740 57.731 60.722 60.715 60.709 25.705 0.000 0.000 7.654 0.000 0.000 0.000 0.000 18.103 81.057 86.971 94.843 94.732 91.819 98.346 98.117 91.455 92.162 92.007 91.892 91.775 91.653 91.527 97.399 47.296 15.205 0.000 0.000 0.000 0.000 0.000 16.411 34.260 30.117 30.006 28.927 34.888 0.729 29.159 55.080 53.997 51.928 0.000 0.000 0.000 0.000 0.000 33.282 62.269 66.251 63.233 62.217 60.204 49.195 30.190 26.189 27.188 11.188 0.000 0.000 0.000 0.000 27.997 56.996 57.996 57.994 53.993
52.758 58.750 60.741 60.733 58.725 64.718 34.714 0.000 0.000 0.000 0.000 0.000 0.000 0.000 29.218 87.163 90.085 93.931 93.128 93.110 98.551 90.860 92.561 92.231 92.140 92.024 91.908 95.786 101.645 56.476 25.383 0.352 0.000 0.000 0.000 0.000 17.681 40.561 34.431 27.299 32.174 36.059 32.939 30.766 44.491 48.346 38.255 46.205 0.000 0.000 0.000 0.000 0.000 39.258 63.251 68.241 67.228 63.215 58.204 27.197 25.192 26.190 33.189 0.000 0.000 0.000 0.000 21.993 25.993 54.993 57.992 57.990 51.989
59.767 60.760 60.752 59.744 37.735 3.724 22.718 24.718 0.000 0.000 0.000 0.000 0.000 20.507 73.388 87.302 90.190 92.325 93.307 98.911 98.739 91.848 92.545 92.380 92.270 92.158 96.049 57.936 17.791 0.000 35.381 21.379 0.000 0.000 0.000 0.000 25.801 59.721 50.605 45.472 40.335 41.194 39.045 39.876 52.692 46.558 30.473 32.433 0.000 0.000 0.000 0.000 0.000 39.241 67.238 32.234 30.224 62.210 65.202 35.196 26.192 31.191 1.190 0.000 0.000 0.000 0.000 0.000 21.991 39.989 55.988 58.987 51.986
60.776 60.771 56.763 60.754 42.748 0.000 13.718 43.718 0.000 0.000 0.000 0.000 10.726 72.626 86.527 92.437 92.393 92.516 99.218 99.069 91.196 92.965 92.609 92.516 92.399 92.291 96.192 68.119 0.137 0.000 5.380 8.380 0.000 0.000 0.000 0.000 13.002 44.918 49.794 59.652 55.499 43.338 46.170 55.001 49.843 37.721 29.645 30.622 4.682 5.697 0.000 0.000 0.000 37.226 71.225 0.000 0.000 11.201 58.197 48.193 29.191 8.191 0.000 0.000 0.000 0.000 0.000 0.000 0.000 18.986 44.985 54.984 47.983
58.787 55.783 54.777 70.762 49.755 0.000 12.718 40.718 0.000 0.000 0.000 4.904 68.827 81.743 91.663 94.530 93.759 91.772 99.355 90.523 92.290 88.843 90.766 92.640 92.525 93.413 87.309 77.230 25.228 0.000 0.000 0.000 0.000 0.000 0.000 0.831 35.287 40.156 40.003 41.841 50.671 53.490 56.298 50.115 36.957 30.839 29.764 28.729 32.728 17.713 0.000 0.000 0.000 26.214 63.211 29.203 18.198 10.196 53.192 59.189 39.187 0.000 0.000 0.000 0.000 0.000 0.000 0.000 0.000 13.983 37.982 42.981 29.980
52.798 61.798 57.799 0.000 0.000 0.000 3.717 3.717 0.000 0.000 0.000 5.982 84.933 86.866 94.765 93.917 92.921 99.597 99.481 92.489 92.171 92.007 91.885 90.765 91.646 93.527 50.401 1.323 0.000 0.000 0.000 0.000 0.000 4.582 21.385 36.069 46.664 43.418 42.220 39.038 39.855 42.653 54.415 55.205 47.033 35.915 28.841 28.802 30.788 0.000 0.000 0.000 0.000 11.206 53.203 31.198 27.197 27.193 59.187 62.184 45.181 8.177 0.000 41.171 0.000 0.000 0.000 0.000 0.000 16.981 40.980 35.979 21.978
53.809 63.814 50.821 0.000 0.000 0.000 0.717 12.717 0.000 0.000 0.000 72.109 82.059 93.990 93.970 93.097 99.803 99.703 91.818 93.585 93.231 93.132 93.009 92.888 94.767 44.647 0.000 0.000 0.000 0.000 0.000 0.000 20.055 36.780 49.503 45.197 43.884 43.631 43.421 44.237 42.058 40.851 14.507 33.255 58.054 39.948 27.885 30.849 28.835 16.843 0.000 0.000 0.000 12.200 45.195 23.192 0.000 0.000 15.180 52.179 41.177 50.174 57.171 16.171 0.000 0.000 0.000 0.000 0.000 0.000 31.977 29.977 22.977
51.818 55.830 54.849 30.872 0.000 0.000 0.000 0.000 0.000 0.000 25.408 85.286 92.203 94.105 94.246 92.349 99.894 92.120 93.894 93.453 93.378 93.252 94.132 95.011 56.889 0.000 0.000 0.000 0.000 0.000 0.000 39.693 50.330 45.981 44.649 44.332 44.043 43.800 43.598 43.430 43.290 52.187 0.000 0.000 25.980 34.939 26.901 35.875 35.860 17.852 0.000 0.000 0.000 0.000 29.186 66.184 34.179 0.000 8.175 53.174 47.173 38.171 38.170 0.000 0.000 0.000 0.000 0.000 0.000 0.000 10.975 21.975 22.975
63.822 1.841 57.871 55.896 44.928 3.951 0.000 0.000 0.000 16.634 75.529 89.426 95.337 94.297 93.429 100.048 99.975 93.075 93.766 93.609 93.493 94.377 96.256 57.133 0.000 0.000 0.000 0.000 0.000 26.914 37.603 49.057 45.590 45.166 41.779 41.441 41.158 41.927 43.742 43.594 46.485 23.420 0.000 0.000 5.947 30.928 29.906 47.889 43.879 0.000 0.000 0.000 0.000 0.000 13.180 58.178 70.175 27.172 53.171 67.170 59.169 35.168 28.167 0.156 0.000 0.000 0.000 0.000 0.000 0.000 16.973 22.973 26.973
45.816 0.000 59.899 49.913 56.937 48.975 10.036 0.638 9.822 76.739 85.647 95.562 94.414 94.652 92.654 100.111 92.377 94.163 93.816 93.727 94.613 95.506 49.381 0.000 0.000 0.000 0.000 0.000 39.571 50.225 47.838 46.341 47.806 47.315 52.862 57.494 52.220 45.010 38.847 42.722 48.635 6.588 0.000 0.000 1.933 33.920 34.906 56.895 44.890 0.000 0.000 0.000 0.000 0.000 1.174 53.172 62.171 67.169 63.168 63.167 67.166 51.165 30.163 31.160 0.150 0.000 0.000 0.000 0.000 18.971 23.971 21.971 26.971
0.000 0.000 27.914 78.921 41.930 0.000 0.000 14.991 74.927 79.851 93.775 94.638 94.878 92.775 100.198 92.646 94.450 94.020 93.956 94.839 91.728 46.654 0.000 0.000 0.000 0.000 0.000 42.245 49.917 47.577 47.183 50.665 24.979 3.424 5.860 22.455 48.218 50.046 50.914 42.814 43.745 4.709 0.000 0.000 0.000 14.911 32.904 39.898 38.894 0.000 0.000 0.000 0.000 0.000 1.169 44.168 57.167 62.166 63.165 64.165 60.164 56.163 41.161 29.158 33.156 39.155 0.000 0.000 0.000 0.000 21.970 22.969 24.969
0.000 0.000 4.920 79.927 66.933 0.000 0.000 22.096 83.043 90.975 94.874 96.023 96.017 100.535 100.329 93.602 94.312 94.167 94.064 88.955 78.804 29.729 0.000 0.000 0.000 31.106 39.923 51.574 48.275 47.984 51.652 29.158 0.000 0.000 0.000 8.247 46.150 43.043 46.949 52.874 52.822 30.795 0.000 0.000 0.000 0.000 34.899 28.897 35.896 0.000 0.000 0.000 0.000 0.000 6.166 31.165 48.164 62.163 57.162 50.162 52.162 13.161 38.160 47.157 40.155 36.154 0.000 0.000 0.000 0.000 0.000 16.968 21.967
0.000 0.000 0.000 7.935 56.942 0.273 10.357 76.253 88.176 95.102 95.069 95.203 100.906 100.725 92.902 94.694 94.355 94.277 87.183 53.112 0.000 0.000 0.000 3.610 49.505 43.290 51.088 48.851 48.628 49.431 27.281 0.000 0.000 0.000 0.000 7.138 49.092 43.029 42.965 44.912 48.873 50.854 2.859 0.000 0.000 0.000 15.898 34.896 9.896 0.000 0.000 0.000 0.000 0.000 0.000 27.161 38.161 45.160 37.160 34.159 0.000 0.000 0.000 31.154 35.153 44.152 0.000 0.000 0.000 0.000 0.000 10.967 21.966
0.000 0.000 0.000 0.000 0.000 10.542 79.465 84.383 95.312 95.191 96.428 96.460 101.075 93.214 94.986 94.548 94.482 84.375 73.283 37.197 0.000 0.000 0.000 43.715 65.616 50.460 42.290 50.114 47.955 50.830 20.762 0.000 0.000 0.000 3.060 38.074 45.052 44.014 43.972 40.934 36.906 38.890 0.874 0.000 0.000 0.000 0.000 41.895 0.000 0.000 0.000 0.000 0.000 0.000 0.000 29.158 28.158 27.157 25.157 31.157 0.000 0.000 0.000 6.152 29.151 47.150 0.000 0.000 0.000 0.000 0.000 0.000 14.965
0.000 0.000 0.000 0.000 0.000 82.632 81.577 95.510 95.415 96.571 96.600 101.383 101.233 94.171 95.849 93.687 79.565 68.466 42.374 0.000 0.000 0.000 38.082 55.920 55.785 62.643 50.499 40.362 46.246 56.173 59.176 22.333 0.000 0.000 2.047 50.045 44.030 44.004 42.974 38.947 32.926 33.915 0.000 0.000 0.000 0.000 0.000 14.894 22.893 0.000 0.000 0.000 0.000 0.000 7.156 31.156 25.156 26.155 26.154 28.154 11.152 0.000 0.000 0.000 16.149 37.148 15.146 0.000 0.000 0.000 0.000 0.000 9.965
0.000 0.000 0.000 0.000 21.869 82.777 94.705 95.635 96.607 98.756 101.661 101.524 93.490 95.247 91.892 80.786 69.633 41.550 0.000 0.000 0.000 40.393 61.244 47.097 38.960 52.828 64.701 52.587 55.496 56.440 43.434 49.490 28.561 0.000 10.035 42.030 38.017 44.998 39.975 31.953 30.938 34.930 0.000 0.000 0.000 0.000 0.000 1.893 41.893 0.000 0.000 0.000 0.000 0.000 0.000 13.155 28.154 26.153 26.152 26.152 34.151 0.000 0.000 0.000 0.000 18.146 29.145 35.143 0.000 0.000 0.000 0.000 0.000
0.000 0.000 0.000 0.000 64.962 90.900 96.837 95.720 95.960 94.010 101.791 93.781 95.539 90.102 79.029 53.903 0.000 0.000 0.000 0.000 40.676 61.543 48.404 37.265 37.132 39.007 49.891 64.790 55.710 40.656 48.633 50.632 24.632 0.000 7.029 67.024 54.012 42.994 36.974 32.954 29.942 30.936 24.936 0.000 0.000 0.000 0.000 0.000 20.893 0.000 0.000 0.000 0.000 0.000 0.000 0.000 30.151 26.151 26.151 26.150 28.150 12.149 0.000 0.000 0.000 0.000 26.143 29.143 0.000 0.000 0.000 0.000 0.000
0.000 0.000 0.000 68.224 65.115 71.036 85.938 97.095 94.135 102.033 101.914 94.715 90.396 79.245 58.134 0.000 0.000 22.625 0.000 0.000 65.809 48.698 37.563 38.427 37.297 40.176 54.067 62.973 63.898 47.843 43.807 54.775 28.704 0.000 0.000 0.000 11.011 0.000 0.000 2.947 33.941 40.937 41.935 27.934 0.000 0.000 0.000 0.000 0.000 0.000 0.000 0.000 0.000 0.000 0.000 0.000 30.150 29.150 32.150 27.149 24.149 33.148 0.000 0.000 0.000 6.141 40.142 45.142 0.000 0.000 0.000 0.000 0.000
0.000 0.000 7.426 69.333 66.241 67.159 77.127 93.276 102.257 102.146 94.001 90.761 78.428 52.348 0.000 0.000 39.686 38.625 20.505 4.321 54.054 37.878 38.725 37.583 38.452 53.333 59.228 23.138 14.066 66.012 51.977 29.957 0.000 0.000 0.000 0.000 0.000 0.000 0.000 0.000 51.937 45.936 42.934 38.934 0.000 0.000 0.000 0.000 0.000 0.000 0.000 0.000 0.000 0.000 0.000 18.147 27.148 2.149 0.000 2.148 27.148 31.147 0.000 0.000 0.000 8.141 44.141 13.141 0.000 0.000 0.000 0.000 0.000
0.000 82.597 70.520 67.439 65.363 66.238 67.472 71.524 102.364 93.244 89.002 78.589 52.544 0.000 0.000 0.000 43.747 41.685 61.568 45.405 38.209 39.033 37.874 40.729 60.596 57.477 38.373 34.285 39.214 67.163 64.132 28.120 0.000 0.000 0.000 0.000 0.000 0.000 0.000 0.000 58.935 58.934 53.933 44.933 0.000 0.000 0.000 0.000 0.000 0.000 0.000 0.000 0.000 0.000 0.000 30.146 32.147 0.000 0.000 0.000 30.147 31.147 0.000 0.000 0.000 0.000 15.141 0.000 0.000 0.000 0.000 0.000 0.000
0.000 80.674 94.618 86.549 71.450 72.602 64.641 102.566 102.467 72.119 76.798 52.696 0.000 0.000 0.000 0.000 45.870 58.800 56.678 38.521 38.345 38.172 49.011 60.862 49.727 38.607 38.502 38.414 39.344 48.295 66.268 62.271 23.330 0.000 0.000 0.000 0.000 0.000 0.000 0.000 44.934 46.933 58.932 59.932 15.931 0.000 0.000 0.000 0.000 0.000 0.000 0.000 0.000 0.000 22.145 32.145 9.146 0.000 0.000 0.000 31.146 29.146 0.000 0.000 0.000 0.000 0.000 0.000 0.000 0.000 0.000 0.000 0.000
16.902 93.807 96.731 96.658 91.627 81.774 102.759 102.662 64.242 59.034 0.000 0.000 0.000 0.000 0.000 0.000 57.063 61.967 37.824 39.656 39.477 51.301 60.135 41.982 38.844 38.721 38.614 38.525 38.454 38.403 47.373 67.368 60.389 34.422 25.436 29.439 0.000 0.000 0.000 0.000 0.000 24.932 64.931 64.931 25.930 0.000 0.000 0.000 0.000 0.000 0.000 0.000 0.000 0.000 11.145 10.145 0.000 0.000 0.000 0.000 11.146 38.146 0.000 0.000 0.000 0.000 0.000 0.000 0.000 0.000 0.000 0.000 0.000
86.998 96.918 96.849 96.729 100.965 92.016 102.853 64.291 66.950 61.729 0.000 0.000 0.000 0.000 0.000 50.557 62.353 39.180 39.997 39.802 47.607 60.419 38.245 39.087 38.945 38.819 38.709 38.618 38.545 38.491 38.455 42.437 43.436 38.443 39.446 46.442 28.442 0.000 0.000 0.000 0.000 0.000 19.931 55.930 18.930 0.000 0.000 0.000 0.000 0.000 0.000 0.000 0.000 0.000 0.000 0.000 0.000 0.000 0.000 0.000 0.000 0.000 0.000 0.000 0.000 0.000 0.000 0.000 0.000 0.000 0.000 0.000 0.000
93.096 93.029 96.935 98.090 95.129 103.036 102.944 68.863 53.186 0.000 0.000 0.000 0.000 0.000 0.000 67.762 44.610 40.406 40.179 41.949 62.728 42.524 39.340 39.177 39.030 38.900 38.787 38.693 38.617 38.560 38.518 37.491 36.474 39.467 21.464 0.000 0.000 0.000 0.000 0.000 0.000 0.000 0.000 48.929 36.929 3.928 0.000 0.000 0.000 0.000 0.000 0.000 0.000 0.000 0.000 0.000 0.000 0.000 0.000 0.000 0.000 0.000 0.000 0.000 0.000 0.000 0.000 0.000 0.000 0.000 0.000 0.000 0.000
72.208 72.138 76.110 72.261 103.218 103.127 80.468 61.488 52.146 0.000 0.000 0.000 0.000 0.000 0.000 43.120 38.919 38.654 37.366 50.088 42.834 36.608 37.416 37.249 37.100 36.964 37.845 38.748 38.672 38.614 37.568 35.533 37.504 37.487 34.479 24.478 27.476 29.473 28.470 30.469 1.468 0.000 0.000 0.000 45.928 17.928 0.000 0.000 0.000 0.000 0.000 0.000 0.000 0.000 0.000 0.000 0.000 0.000 0.000 0.000 0.000 0.000 0.000 0.000 0.000 0.000 0.000 0.000 0.000 0.000 0.000 0.000 0.000
87.324 109.208 74.449 104.501 103.306 63.128 53.668 0.000 67.040 25.197 0.000 0.000 0.000 0.000 87.152 65.678 36.293 43.924 54.542 53.204 48.911 46.659 46.465 46.304 45.158 39.010 34.881 38.784 38.710 38.654 37.609 37.568 41.524 41.499 42.486 52.480 52.476 48.473 41.470 40.468 19.467 0.000 0.000 0.000 4.928 10.928 0.000 0.000 0.000 0.000 0.000 0.000 0.000 0.000 0.000 0.000 0.000 0.000 0.000 0.000 0.000 0.000 0.000 0.000 0.000 0.000 0.000 0.000 0.000 0.000 0.000 0.000 0.000
135.407 113.999 112.039 103.471 103.391 91.233 0.000 33.757 61.757 135.355 110.874 0.000 34.752 24.189 85.626 45.147 42.651 114.208 104.675 100.275 99.946 98.654 97.481 96.346 95.216 66.038 32.887 38.795 38.731 38.683 38.645 30.607 0.000 0.000 0.000 0.000 0.000 0.000 5.468 57.467 36.466 7.464 0.000 0.000 0.000 0.000 0.000 0.000 0.000 0.000 0.000 0.000 0.000 0.000 0.000 0.000 0.000 0.000 0.000 0.000 0.000 0.000 0.000 0.000 0.000 0.000 0.000 0.000 0.000 0.000 0.000 0.000 0.000
93.579 113.161 103.620 103.547 87.804 0.000 0.000 0.000 4.876 56.593 44.393 0.000 16.315 0.000 45.016 41.635 50.956 106.581 0.000 0.000 0.000 42.528 51.458 112.383 25.324 0.000 42.833 38.780 38.736 39.703 21.683 0.000 0.000 0.000 0.000 0.000 0.000 0.000 0.000 10.465 57.464 13.464 0.000 0.000 0.000 0.000 0.000 0.000 0.000 0.000 0.000 0.000 0.000 0.000 0.000 0.000 0.000 0.000 0.000 0.000 0.000 0.000 0.000 0.000 0.000 0.000 0.000 0.000 0.000 0.000 0.000 0.000 0.000
114.339 112.388 103.688 112.303 114.149 34.437 0.000 12.279 39.279 48.749 25.711 2.334 37.878 83.465 81.788 74.419 0.000 25.581 0.000 3.472 25.472 53.473 98.442 61.402 26.373 0.000 0.000 44.755 38.730 39.711 20.700 0.000 0.000 0.000 0.000 0.000 0.000 0.000 0.000 0.000 4.463 43.462 8.461 0.000 0.000 0.000 0.000 0.000 0.000 0.000 0.000 0.000 0.000 0.000 0.000 0.000 0.000 0.000 0.000 0.000 0.000 0.000 0.000 0.000 0.000 0.000 0.000 0.000 0.000 0.000 0.000 0.000 0.000
112.476 103.811 103.752 92.813 35.577 0.000 0.000 0.000 0.872 26.412 0.000 0.000 31.136 74.729 128.252 63.836 0.000 0.000 0.000 0.000 0.000 67.449 102.434 32.413 29.393 0.000 0.000 0.000 43.718 37.711 35.706 33.707 21.707 0.000 0.000 0.000 0.000 0.000 0.000 0.000 0.000 57.460 15.460 0.000 0.000 0.000 0.000 0.000 0.000 0.000 0.000 0.000 0.000 0.000 0.000 0.000 0.000 0.000 0.000 0.000 0.000 0.000 0.000 0.000 0.000 0.000 0.000 0.000 0.000 0.000 0.000 0.000 0.000
