results3/res_3e8f-0112.wd
ncols         241
nrows         181
xllcorner     12693529.787448
yllcorner     3542525.717860
cellsize      155.156523
NODATA_value  -9999.000000
[rows 99 to 131 of 181, columns 73 to 145 of 241]
57.152 57.133 57.114 56.096 56.077 61.058 64.040 61.023 57.010 57.004 51.005 7.008 0.000 0.000 0.000 0.000 0.000 12.576 70.621 95.608 93.617 92.786 99.479 99.407 92.511 93.207 93.053 92.944 93.839 93.740 92.650 96.573 55.518 0.000 0.000 0.000 0.000 0.000 0.000 25.891 51.807 63.638 31.353 13.189 43.136 46.067 43.981 47.860 44.604 42.183 11.796 36.523 40.383 55.289 61.221 64.170 62.132 57.105 50.087 45.077 40.072 18.064 0.000 0.000 0.000 0.000 12.234 30.233 42.233 66.233 67.232 67.232 67.231
57.185 57.168 56.150 54.131 58.112 63.091 64.069 64.045 58.027 55.017 60.013 60.012 21.012 0.000 15.476 45.430 22.337 2.069 58.885 98.769 94.024 94.045 99.540 91.830 93.617 93.270 93.182 93.070 92.963 92.863 94.775 93.703 29.653 0.000 0.000 0.000 0.000 0.000 0.000 30.080 36.016 46.944 0.000 0.000 38.305 46.244 45.145 48.998 48.768 19.475 0.000 31.415 45.351 50.281 71.224 72.180 72.147 73.123 74.106 72.096 53.091 0.000 0.000 0.000 0.000 0.000 0.000 29.230 42.229 66.229 67.228 67.228 67.227
57.219 56.203 56.186 59.167 62.147 63.126 38.101 2.061 31.037 67.023 40.017 14.014 6.013 0.000 26.522 76.478 73.391 65.260 84.086 95.219 92.200 99.625 93.117 93.922 93.488 93.422 93.304 93.193 93.082 93.975 91.883 79.809 26.739 0.000 0.000 0.000 0.000 0.000 33.498 40.334 38.235 39.176 12.207 0.000 44.535 62.460 55.358 50.221 24.994 0.000 0.000 14.371 4.327 44.259 69.215 73.181 71.154 71.133 71.118 73.109 46.105 40.109 40.110 46.110 0.000 0.000 0.000 6.228 41.226 66.225 67.224 67.224 67.223
56.255 55.240 60.223 63.204 63.184 63.164 28.149 0.000 0.000 10.022 1.019 0.000 0.000 0.000 19.611 82.569 88.492 96.392 96.326 93.437 99.978 99.760 93.090 93.799 93.650 93.539 93.429 93.316 93.197 99.071 48.973 16.912 0.838 0.000 0.000 0.000 0.000 24.803 42.661 38.525 38.412 37.320 43.238 9.091 37.840 63.704 62.605 60.534 0.000 0.000 0.000 0.000 0.000 42.214 71.195 75.174 72.154 71.137 69.125 58.116 39.112 35.111 36.111 20.110 0.000 0.000 0.000 0.000 37.222 66.221 67.221 67.220 63.219
55.292 61.279 63.263 63.243 61.220 67.196 37.181 0.000 0.000 0.000 0.000 0.000 0.000 0.000 30.742 88.692 91.625 95.491 94.714 94.715 100.173 92.484 94.188 93.862 93.774 93.664 93.556 97.445 103.318 58.139 27.027 1.984 0.000 0.000 0.000 0.000 26.061 48.945 42.819 35.691 40.569 44.454 41.335 39.194 53.032 56.910 46.824 54.776 0.000 0.000 0.000 0.000 0.000 48.187 72.178 77.166 76.152 72.138 67.127 36.120 34.116 35.114 42.113 0.000 0.000 0.000 0.000 31.218 35.219 64.218 67.218 67.217 61.216
62.332 63.322 63.306 62.285 40.259 6.218 25.199 27.199 0.000 0.000 0.000 0.000 0.000 22.042 74.922 88.842 91.740 93.890 94.890 100.517 100.353 93.464 94.165 94.003 93.896 93.788 97.686 59.590 19.493 0.000 37.011 23.000 0.000 0.000 0.000 0.000 34.178 68.096 58.980 53.852 48.721 49.589 47.456 48.318 61.185 55.078 39.006 40.971 0.000 0.000 0.000 0.000 0.000 48.170 76.166 41.160 39.149 71.135 74.127 44.121 35.117 40.115 10.114 0.000 0.000 0.000 0.000 4.217 31.216 49.216 65.215 68.214 61.213
63.377 63.369 59.354 63.331 45.314 0.000 16.199 46.199 0.000 0.000 0.000 0.000 12.258 74.161 88.066 93.983 93.949 94.084 100.811 100.668 92.801 94.573 94.221 94.130 94.016 93.908 97.810 69.735 1.707 0.000 7.007 10.003 0.000 0.000 0.000 0.000 21.377 53.281 58.154 68.016 63.873 51.727 54.580 63.438 58.312 46.213 38.150 39.131 13.182 14.194 0.000 0.000 0.000 46.156 80.154 0.000 0.000 20.128 67.124 57.120 38.117 17.116 0.000 0.000 0.000 0.000 0.000 0.000 4.215 28.213 54.213 64.212 57.211
61.427 58.424 57.409 73.371 52.352 0.000 15.199 43.199 0.000 0.000 0.000 6.429 70.356 83.277 93.203 96.079 95.318 93.342 100.942 92.118 93.889 90.445 92.371 94.247 94.132 95.018 88.910 78.834 26.784 0.000 0.000 0.000 0.000 0.000 0.000 8.914 43.672 48.497 48.339 50.185 59.029 61.867 64.699 58.543 45.411 39.313 38.250 37.221 41.220 26.207 0.000 0.000 0.000 35.145 72.142 38.133 27.129 19.125 62.121 68.118 48.116 0.000 0.000 0.000 0.000 0.000 0.000 0.000 0.000 23.211 47.210 52.210 39.209
55.483 64.492 60.488 1.400 2.372 0.000 6.199 6.199 0.000 0.000 0.000 7.502 86.458 88.398 96.305 95.467 94.482 101.175 101.064 94.080 93.765 93.604 93.484 92.365 93.246 95.121 51.979 2.907 0.000 0.000 0.000 0.000 0.000 12.685 29.483 44.156 54.900 51.696 50.519 47.355 48.191 51.013 62.806 63.624 55.477 44.378 37.316 37.283 39.271 0.000 0.000 0.000 0.000 20.137 62.134 40.130 36.127 36.124 68.118 71.115 54.112 17.109 7.108 50.107 0.000 0.000 0.000 0.000 0.000 26.209 50.208 45.208 31.207
56.543 66.575 53.602 0.000 0.000 0.000 3.199 15.199 0.000 0.000 0.000 73.621 83.578 95.518 95.508 94.646 101.374 101.278 93.399 95.171 94.820 94.724 94.603 94.484 96.364 46.243 0.000 0.000 0.000 0.000 0.000 2.483 28.210 44.887 57.609 53.326 52.078 51.868 51.688 52.526 50.369 49.187 22.887 41.669 66.497 48.407 36.353 39.323 37.311 25.318 0.000 0.000 0.000 21.132 54.128 32.125 0.000 0.000 24.113 61.112 50.110 59.108 66.107 25.107 0.000 0.000 0.000 0.000 0.000 1.208 41.207 39.206 32.206
54.599 58.662 57.744 33.859 0.000 0.000 0.000 1.198 4.198 0.000 26.885 86.781 93.713 95.629 95.782 93.899 101.461 93.693 95.472 95.034 94.963 94.840 95.722 96.603 58.483 0.000 0.000 0.000 0.000 0.000 4.972 47.692 58.369 54.044 52.741 52.461 52.217 52.011 51.838 51.692 51.570 60.480 0.000 0.000 34.434 43.399 35.367 44.345 44.332 26.325 0.000 0.000 0.000 0.000 38.120 75.118 43.114 0.000 17.110 62.109 56.107 47.106 47.105 0.000 0.000 0.000 0.000 0.000 0.000 0.000 20.205 31.205 32.205
66.637 4.728 60.853 58.974 48.125 7.226 0.000 0.000 0.000 18.065 76.988 90.909 96.840 95.816 94.964 101.611 101.540 94.645 95.340 95.186 95.073 95.961 97.843 58.723 0.000 0.000 0.000 0.000 3.836 34.639 45.253 56.898 53.532 53.177 49.851 49.560 49.318 50.121 51.962 51.835 54.740 31.683 0.000 0.000 14.405 39.389 38.371 56.357 52.349 0.000 0.000 0.000 0.000 0.000 22.114 67.113 79.110 36.108 62.107 76.106 68.105 44.104 37.103 9.101 0.000 0.000 0.000 0.000 0.000 0.000 26.203 32.203 36.203
48.641 1.764 62.965 53.061 60.174 52.327 13.582 1.980 11.157 78.142 87.091 97.037 95.913 96.170 94.189 101.671 93.939 95.729 95.386 95.300 96.189 97.086 50.964 0.000 0.000 0.000 0.000 0.000 47.033 57.829 55.502 54.116 55.684 55.283 60.924 65.611 60.375 53.194 47.053 50.946 56.870 14.830 0.000 0.000 10.393 42.382 43.371 65.362 53.358 0.000 0.000 0.000 0.000 0.000 10.110 62.109 71.108 76.106 72.105 72.104 76.103 60.102 39.101 40.099 9.098 2.097 0.000 0.000 0.000 28.201 33.202 31.202 36.201
0.000 0.000 31.078 82.130 45.183 0.000 0.000 16.282 76.277 81.253 95.215 96.110 96.377 94.296 101.757 94.202 96.009 95.582 95.522 96.408 93.301 48.230 0.000 0.000 0.000 0.000 3.024 49.817 57.434 55.142 54.810 58.382 32.804 11.346 13.952 30.585 56.376 58.227 59.112 51.026 51.966 12.936 0.000 0.000 0.000 23.374 41.369 48.364 47.362 0.000 0.000 0.000 0.000 0.000 10.106 53.106 66.105 71.104 72.103 73.102 69.102 65.101 50.100 38.098 42.097 48.096 0.000 0.000 0.000 0.000 31.201 32.200 34.200
0.000 0.000 8.138 83.198 70.246 0.000 0.000 23.436 84.416 92.386 96.319 97.498 97.520 102.082 101.883 95.155 95.868 95.727 95.626 90.521 80.374 31.302 0.000 0.000 2.589 38.460 47.223 59.003 55.743 55.494 59.214 36.798 0.000 0.000 0.000 16.403 54.318 51.225 55.143 61.078 61.034 39.012 0.000 0.000 0.000 5.370 43.367 37.365 44.363 0.000 0.000 0.000 0.000 0.000 15.103 40.103 57.103 71.102 66.101 59.101 61.101 22.100 47.099 56.097 49.096 45.095 0.000 0.000 0.000 0.000 0.000 26.199 31.199
0.000 0.000 0.000 11.278 60.357 1.472 11.675 77.611 89.567 96.526 96.524 96.685 102.442 102.267 94.448 96.243 95.907 95.834 88.742 54.673 0.000 0.000 0.000 10.825 56.710 50.577 58.405 56.227 56.044 56.879 34.753 0.000 0.000 0.000 0.000 15.307 57.267 51.212 51.157 53.111 57.079 59.066 11.079 0.000 0.000 0.000 24.365 43.364 18.364 0.000 0.000 0.000 0.000 0.000 8.101 36.101 47.100 54.100 46.100 43.099 8.100 0.000 0.000 40.095 44.094 53.094 0.000 0.000 0.000 0.000 0.000 20.198 31.198
0.000 0.000 0.000 0.000 0.000 11.848 80.813 85.764 96.723 96.630 97.895 97.951 102.606 94.752 96.528 96.094 96.032 85.928 74.839 38.756 0.000 0.000 0.000 50.939 72.851 57.732 49.594 57.455 55.326 58.223 28.168 0.000 0.000 0.000 11.238 46.250 53.231 52.198 52.162 49.129 45.106 47.093 9.093 0.000 0.000 0.000 5.364 50.364 0.000 0.000 0.000 0.000 0.000 0.000 8.100 38.099 37.099 36.098 34.098 40.098 0.000 0.000 0.000 15.094 38.093 56.092 0.070 0.000 0.000 0.000 0.000 0.000 24.197
0.000 0.000 0.000 0.000 0.000 84.001 82.963 96.918 96.846 98.027 98.080 102.907 102.761 95.707 97.389 95.230 81.113 70.017 43.928 0.000 0.000 0.000 45.295 63.142 63.022 69.904 57.786 47.674 53.581 63.521 66.527 29.665 0.000 0.000 10.226 58.224 52.211 52.189 51.163 47.139 41.121 42.110 8.106 0.000 0.000 0.000 0.000 23.363 31.362 0.000 0.000 0.000 0.000 0.000 16.098 40.097 34.097 35.097 35.096 37.096 20.095 0.000 0.000 0.000 25.092 46.090 24.089 0.000 0.000 0.000 0.000 0.000 19.197
0.000 0.000 0.000 0.000 23.298 84.191 96.124 97.068 98.059 100.228 103.179 103.045 95.020 96.781 93.430 82.328 71.179 43.098 0.000 0.000 0.000 47.586 68.448 54.313 46.191 60.077 71.971 59.876 62.801 63.755 50.753 56.803 35.865 0.000 18.215 50.211 46.200 53.183 48.163 40.143 39.129 43.120 5.115 0.000 0.000 0.000 0.000 10.362 50.362 0.000 0.000 0.000 0.000 0.000 0.000 22.096 37.095 35.095 35.095 35.094 43.094 0.000 0.000 0.000 0.000 27.089 38.088 44.088 0.000 0.000 0.000 0.000 0.000
0.000 0.000 0.000 0.000 66.405 92.341 98.281 97.175 97.429 95.495 103.307 95.306 97.068 91.634 80.564 55.442 0.000 0.000 0.000 0.000 47.848 68.725 55.597 44.471 44.353 46.243 57.144 72.059 62.991 47.947 55.927 57.928 31.928 0.000 15.209 75.203 62.195 51.181 45.162 41.143 38.131 39.124 33.121 0.000 0.000 0.000 0.000 0.000 29.362 1.361 0.000 0.000 0.000 0.000 0.000 2.094 39.094 35.094 35.094 35.093 37.093 21.092 0.000 0.000 0.000 8.088 35.088 38.087 0.000 0.000 0.000 0.000 0.000
0.000 0.000 0.000 69.691 66.575 72.495 87.401 98.567 95.619 103.545 103.429 96.240 91.924 80.775 59.667 0.000 0.000 29.709 0.000 0.312 72.971 55.868 44.745 45.622 44.506 47.399 61.304 70.223 71.159 55.113 51.082 62.054 35.991 0.000 0.000 6.199 19.195 1.188 0.000 11.134 42.130 49.126 50.123 36.123 0.000 0.000 0.000 0.000 0.000 0.000 0.000 0.000 0.000 0.000 0.000 3.093 39.093 38.093 41.093 36.092 33.092 42.092 0.000 0.000 0.000 15.087 49.087 54.087 0.000 0.000 0.000 0.000 0.000
0.000 0.000 8.905 70.807 67.713 68.632 78.604 94.761 103.767 103.657 95.523 92.286 79.954 53.877 0.000 0.000 46.765 45.709 27.600 11.432 61.192 45.032 45.893 44.766 45.649 60.543 66.450 30.372 21.309 73.263 59.233 37.216 0.000 0.000 0.000 0.000 0.000 0.000 0.000 8.130 60.128 54.126 51.124 47.123 2.123 0.000 0.000 0.000 0.000 0.000 0.000 0.000 0.000 0.000 0.000 27.092 36.092 11.093 0.000 11.092 36.091 40.091 0.000 0.000 0.000 17.087 53.087 22.087 0.000 0.000 0.000 0.000 0.000
0.000 84.081 72.002 68.919 66.843 67.720 68.959 73.018 103.873 94.766 90.525 80.113 54.069 0.000 0.000 0.000 50.820 48.764 68.658 52.510 45.333 46.174 45.030 47.900 67.781 64.675 45.582 41.504 46.443 74.398 71.371 35.361 0.000 0.000 0.000 0.000 0.000 0.000 0.000 8.128 67.126 67.125 62.124 53.123 0.000 0.000 0.000 0.000 0.000 0.000 0.000 0.000 0.000 0.000 0.070 39.091 41.091 0.000 0.000 0.000 39.090 40.090 0.000 0.000 0.000 0.000 24.087 0.000 0.000 0.000 0.000 0.000 0.000
0.311 82.160 96.103 88.034 72.936 74.091 66.135 104.073 103.974 73.646 78.324 54.221 0.000 0.000 0.000 0.000 52.932 65.869 63.758 45.616 45.457 45.301 56.155 68.021 56.900 45.792 45.699 45.621 46.560 55.516 73.493 69.496 30.549 0.000 0.000 0.000 0.000 0.000 0.000 0.000 53.125 55.124 67.123 68.122 24.122 0.000 0.000 0.000 0.000 0.000 0.000 0.000 0.000 0.000 31.090 41.091 18.091 0.000 0.000 0.044 40.090 38.090 0.000 0.000 0.000 0.000 0.000 0.000 0.000 0.000 0.000 0.000 0.000
18.386 95.292 98.218 98.146 93.117 83.269 104.263 104.168 65.785 60.576 0.000 0.000 0.000 0.000 0.000 0.000 64.108 69.020 44.891 46.739 46.577 58.418 67.268 49.130 46.006 45.896 45.801 45.722 45.659 45.614 54.587 74.582 67.602 41.632 32.644 36.647 5.648 0.000 0.000 0.000 0.000 33.123 73.122 73.122 34.122 0.000 0.000 0.000 0.000 0.000 0.000 0.000 0.000 0.000 20.090 19.090 0.000 0.000 0.000 0.000 20.090 47.090 0.000 0.000 0.000 0.000 0.000 0.000 0.000 0.000 0.000 0.000 0.000
88.483 98.405 98.337 98.219 102.458 93.513 104.356 65.850 68.523 63.285 0.000 0.000 0.000 0.000 0.000 57.556 69.370 46.214 47.048 46.872 54.695 67.526 45.369 46.226 46.098 45.985 45.887 45.806 45.741 45.692 45.660 49.645 50.644 45.650 46.653 53.649 35.648 0.000 0.000 0.000 0.000 0.000 28.122 64.121 27.121 0.000 0.000 0.000 0.000 0.000 0.000 0.000 0.000 0.000 0.000 0.000 0.000 0.000 0.000 0.000 0.000 0.000 0.000 0.000 0.000 0.000 0.000 0.000 0.000 0.000 0.000 0.000 0.000
94.581 94.516 98.423 99.581 96.624 104.536 104.446 70.456 54.820 0.209 3.206 0.204 0.000 0.000 0.000 74.742 51.604 47.419 47.214 49.006 69.806 49.621 46.455 46.308 46.176 46.059 45.957 45.873 45.806 45.755 45.718 44.693 43.678 46.672 28.669 0.000 0.000 0.000 0.000 0.000 0.000 0.000 0.000 57.121 45.120 12.120 0.000 0.000 0.000 0.000 0.000 0.000 0.000 0.000 0.000 0.000 0.000 0.000 0.000 0.000 0.000 0.000 0.000 0.000 0.000 0.000 0.000 0.000 0.000 0.000 0.000 0.000 0.000
73.693 73.625 77.599 73.752 104.714 104.625 82.025 63.115 53.877 0.000 0.000 0.203 0.000 0.000 0.000 50.066 45.884 45.643 44.383 57.131 49.902 43.698 44.524 44.374 44.240 44.117 45.010 45.924 45.856 45.803 44.763 42.731 44.705 44.690 41.682 31.682 34.680 36.677 35.675 37.673 8.673 0.000 0.000 0.000 54.120 26.120 0.000 0.000 0.000 0.000 0.000 0.000 0.000 0.000 0.000 0.000 0.000 0.000 0.000 0.000 0.000 0.000 0.000 0.000 0.000 0.000 0.000 0.000 0.000 0.000 0.000 0.000 0.000
88.809 110.694 75.937 105.992 104.800 64.643 55.205 0.000 68.973 27.209 0.000 0.000 0.000 0.000 94.009 72.573 43.222 50.888 61.542 60.236 55.971 53.744 53.569 53.424 52.292 46.159 42.043 45.956 45.890 45.839 44.799 44.762 48.723 48.700 49.689 59.683 59.680 55.677 48.674 47.673 26.672 0.000 0.000 0.000 13.120 19.120 0.000 0.000 0.000 0.000 0.000 0.000 0.000 0.000 0.000 0.000 0.000 0.000 0.000 0.000 0.000 0.000 0.000 0.000 0.000 0.000 0.000 0.000 0.000 0.000 0.000 0.000 0.000
136.890 115.484 113.527 104.960 104.882 92.741 0.000 35.812 63.812 137.447 112.976 0.000 41.553 30.998 92.444 51.996 49.544 121.143 111.662 107.301 107.004 105.739 104.583 103.461 102.345 73.184 40.048 45.966 45.909 45.866 45.832 37.797 0.000 0.000 0.000 0.000 0.000 0.000 12.673 64.672 43.671 14.670 0.000 0.000 0.000 0.000 0.000 0.000 0.000 0.000 0.000 0.000 0.000 0.000 0.000 0.000 0.000 0.000 0.000 0.000 0.000 0.000 0.000 0.000 0.000 0.000 0.000 0.000 0.000 0.000 0.000 0.000 0.000
95.060 114.645 105.105 105.034 89.293 0.000 0.000 0.000 7.019 58.789 46.505 0.000 23.107 0.000 51.773 48.424 57.816 113.479 0.000 0.000 0.000 49.626 58.563 119.495 32.442 0.000 50.000 45.953 45.913 46.884 28.866 0.000 0.000 0.000 0.000 0.000 0.000 0.000 0.000 17.670 64.669 20.669 0.000 0.000 0.000 0.000 0.000 0.000 0.000 0.000 0.000 0.000 0.000 0.000 0.000 0.000 0.000 0.000 0.000 0.000 0.000 0.000 0.000 0.000 0.000 0.000 0.000 0.000 0.000 0.000 0.000 0.000 0.000
115.819 113.870 105.171 113.788 115.635 35.923 0.000 14.454 41.454 51.187 27.750 4.559 44.662 90.111 88.450 81.111 0.000 32.479 0.000 10.575 32.575 60.576 105.548 68.512 33.486 0.000 0.000 51.930 45.908 46.891 27.881 0.000 0.000 0.000 0.000 0.000 0.000 0.000 0.000 0.000 11.668 50.667 15.667 0.000 0.000 0.000 0.000 0.000 0.000 0.000 0.000 0.000 0.000 0.000 0.000 0.000 0.000 0.000 0.000 0.000 0.000 0.000 0.000 0.000 0.000 0.000 0.000 0.000 0.000 0.000 0.000 0.000 0.000
113.954 105.292 105.234 94.297 37.061 0.000 0.000 0.000 3.155 29.754 0.000 0.000 37.576 81.220 134.807 70.459 0.000 0.000 0.000 0.000 0.000 74.554 109.541 39.522 36.504 0.000 0.000 0.000 50.897 44.892 42.887 40.888 28.888 0.000 0.000 0.000 0.000 0.000 0.000 0.000 6.667 64.666 22.666 0.000 0.000 0.000 0.000 0.000 0.000 0.000 0.000 0.000 0.000 0.000 0.000 0.000 0.000 0.000 0.000 0.000 0.000 0.000 0.000 0.000 0.000 0.000 0.000 0.000 0.000 0.000 0.000 0.000 0.000
