results3/res_3e8f-0124.wd
ncols         241
nrows         181
xllcorner     12693529.787448
yllcorner     3542525.717860
cellsize      155.156523
NODATA_value  -9999.000000
[rows 0 to 32 of 181, columns 146 to 218 of 241]
0.000 0.000 0.000 0.000 0.000 0.000 0.000 0.000 0.000 0.000 0.000 0.000 0.000 0.000 4.796 15.672 16.466 16.209 15.923 15.624 15.329 15.052 14.804 14.593 14.420 14.286 14.186 14.117 14.074 14.049 14.039 19.035 0.000 0.000 0.000 0.000 0.000 0.000 0.000 0.000 0.000 0.000 0.000 0.000 0.000 0.000 0.000 0.000 0.000 11.815 18.815 0.000 0.000 36.468 41.468 0.000 0.000 0.000 0.000 0.000 0.000 0.000 0.000 0.000 0.000 0.000 0.000 0.000 0.000 0.000 0.000 0.000 0.000
0.000 0.000 0.000 0.000 0.000 0.000 0.000 0.000 0.000 0.000 0.000 0.000 0.000 0.386 15.920 16.753 16.516 16.239 15.935 15.621 15.311 15.023 16.768 15.554 14.382 14.251 14.156 14.092 14.054 14.036 14.032 19.031 0.000 0.000 0.000 0.000 0.000 0.000 0.000 0.000 0.000 0.000 0.000 0.000 0.000 0.000 0.000 0.000 8.816 30.815 6.815 0.000 15.469 48.468 42.468 0.000 0.000 0.000 0.000 0.000 0.000 0.000 0.000 0.000 0.000 0.000 0.000 0.000 27.418 0.000 0.000 0.000 0.000
0.000 0.000 0.000 0.000 0.000 0.000 0.000 0.000 0.000 0.000 0.000 0.000 0.000 19.540 18.201 16.905 16.608 16.294 15.959 15.612 15.272 16.960 16.692 14.473 14.303 14.179 14.094 14.041 14.014 14.008 16.022 10.027 0.000 0.000 0.000 0.000 0.000 0.000 0.000 0.000 0.000 0.000 0.000 0.000 0.000 0.000 0.000 0.000 20.817 0.000 0.000 10.470 41.470 3.469 0.000 0.000 0.000 0.000 0.000 0.000 0.000 0.000 0.000 0.000 0.000 0.000 0.000 0.000 30.418 2.418 0.000 0.000 0.000
0.000 0.000 0.000 0.000 0.000 0.000 0.000 0.000 0.000 0.000 0.000 0.000 2.521 18.888 17.440 17.059 16.715 16.370 15.995 15.596 16.205 15.854 14.565 14.342 14.180 14.069 14.001 13.965 13.953 19.960 0.000 0.000 0.000 0.000 0.000 0.000 0.000 0.000 0.000 0.000 0.000 0.000 0.000 5.819 0.000 0.000 0.000 4.818 64.818 0.000 0.000 16.470 43.471 0.000 0.000 0.000 0.000 0.000 0.000 0.000 0.000 0.000 2.434 8.433 27.433 0.000 0.000 20.419 29.419 30.418 2.418 0.000 0.000
0.000 0.000 0.000 0.000 0.000 0.000 0.000 0.000 0.000 0.000 0.000 7.989 1.233 2.450 17.614 17.173 16.825 16.478 16.054 15.573 16.096 15.687 14.373 14.150 14.004 13.917 13.875 13.863 14.875 15.917 0.000 0.000 0.000 0.000 0.000 0.000 0.000 0.000 0.000 0.000 0.000 0.000 6.819 29.819 24.819 0.000 0.000 20.819 48.818 0.000 0.000 0.000 43.474 0.000 0.000 0.000 0.000 0.000 0.000 0.000 0.000 0.000 42.434 46.434 48.433 0.000 0.000 33.420 28.419 28.418 38.418 0.000 0.000
0.000 0.000 0.000 0.000 0.000 0.000 0.000 0.000 0.000 0.000 10.638 3.278 1.684 1.170 1.192 15.196 16.934 16.661 16.171 17.545 16.920 14.426 14.089 13.881 13.769 13.721 13.717 13.739 19.767 0.000 0.000 0.000 0.000 0.000 0.000 0.000 0.000 0.000 0.000 0.000 0.000 0.000 0.000 9.819 30.820 22.820 20.820 2.820 33.819 6.819 0.000 0.000 28.477 41.479 32.480 30.480 39.479 0.000 0.000 0.000 0.000 0.000 42.436 44.434 49.432 28.429 17.425 34.422 37.420 0.000 0.000 0.000 2.378
0.000 0.000 0.000 0.000 0.000 0.000 0.000 0.000 0.000 0.000 6.994 3.736 3.397 2.918 0.335 0.517 10.055 18.060 17.425 17.515 14.613 14.008 13.674 13.518 13.468 13.482 13.534 13.607 8.687 0.000 0.000 0.000 0.000 0.000 26.734 59.734 0.000 0.000 0.000 39.980 0.000 0.000 0.000 6.820 30.820 43.821 78.821 40.821 41.820 12.819 0.000 0.000 25.478 44.480 29.480 25.480 42.480 0.000 0.000 0.000 0.000 0.000 29.439 35.436 31.433 31.429 35.426 38.422 46.420 0.000 0.000 0.000 25.378
0.000 0.000 0.000 0.000 0.000 0.000 0.000 0.000 0.000 30.102 30.609 7.238 2.877 3.145 2.844 0.689 0.314 5.098 17.956 15.476 14.008 13.320 13.082 13.049 13.104 13.204 14.331 11.469 0.000 0.000 0.000 0.000 0.000 0.000 1.734 47.735 54.736 36.732 28.723 0.510 0.000 0.000 0.000 0.000 0.000 4.822 71.823 50.823 0.000 0.000 0.000 0.000 0.000 37.483 52.482 50.481 52.479 44.476 36.472 39.467 38.460 47.453 51.445 48.439 49.435 49.430 44.425 39.421 36.419 0.000 0.000 0.000 0.000
0.000 0.000 0.000 0.000 0.000 0.000 0.000 0.000 24.099 41.594 43.101 32.661 9.299 1.741 2.831 0.718 2.438 7.212 5.852 15.427 12.625 12.180 12.287 12.492 12.693 13.900 14.116 0.000 0.000 0.000 0.000 0.000 0.000 0.000 0.000 0.000 45.740 55.738 60.733 0.000 0.000 0.000 0.000 0.000 0.000 0.825 43.825 35.825 40.826 7.827 0.000 0.000 21.489 49.487 34.485 28.483 35.481 47.477 35.473 34.468 43.462 52.455 39.448 35.442 38.436 44.431 50.425 52.420 50.414 36.406 27.398 10.392 19.386
0.000 0.000 0.000 0.000 0.000 0.000 0.000 20.124 29.603 45.076 42.541 43.007 35.472 11.942 0.944 4.414 13.870 6.212 2.069 2.813 5.884 10.488 11.393 11.939 12.277 17.589 0.000 0.000 0.000 0.000 0.000 0.000 0.000 0.000 0.000 0.000 12.748 58.746 11.739 0.000 0.000 0.000 0.000 0.000 0.000 39.829 49.827 25.827 41.827 61.827 1.827 0.000 27.492 51.490 30.489 24.486 27.483 40.480 29.475 29.470 31.464 33.457 30.451 31.444 25.438 29.432 35.425 36.419 34.412 43.405 45.398 48.391 56.385
0.000 0.000 0.000 0.000 0.000 0.000 25.158 23.644 47.115 43.563 42.981 42.354 42.638 37.714 20.206 11.955 7.569 0.000 0.002 4.164 2.161 3.102 10.857 11.594 16.886 0.000 0.000 0.000 0.000 0.000 0.000 0.000 36.771 0.000 0.000 0.000 19.758 59.757 0.000 0.000 0.000 0.000 0.000 0.000 34.834 78.832 11.829 14.828 36.828 63.828 3.827 0.000 24.496 49.494 29.493 22.490 25.487 27.483 23.478 22.473 29.467 45.460 28.453 24.446 38.440 34.433 31.426 38.419 38.412 41.404 50.397 54.390 41.384
0.000 0.000 0.000 0.000 0.000 29.127 17.673 46.180 44.649 44.081 43.467 42.789 42.012 42.072 38.894 24.634 4.025 0.033 0.003 45.564 4.283 0.036 0.045 13.692 9.789 0.000 0.000 0.000 0.000 0.000 0.000 0.000 32.771 27.773 36.775 48.774 52.770 42.769 0.000 0.000 0.000 33.840 48.840 53.839 77.837 33.836 0.000 0.000 38.829 26.829 0.000 0.000 27.501 54.500 41.498 25.495 73.492 101.488 50.483 26.477 42.471 89.464 41.457 18.449 83.442 56.434 31.427 38.419 40.411 30.404 39.396 52.389 35.382
0.000 0.000 0.000 0.000 0.000 18.581 40.225 46.753 45.222 44.644 44.016 43.325 42.549 41.664 41.675 40.619 29.844 4.585 50.186 47.281 0.161 0.068 0.024 0.026 0.000 0.000 0.000 0.000 0.000 0.000 0.000 31.764 27.769 32.774 46.777 56.778 40.778 27.779 0.000 0.000 0.000 42.841 41.841 37.840 76.839 36.838 0.000 0.000 17.831 9.831 0.000 20.511 48.508 50.506 44.504 32.501 31.498 64.493 105.488 43.482 36.475 93.468 44.460 18.452 90.444 60.436 23.428 25.420 31.411 22.403 36.396 35.388 23.380
0.000 0.000 0.000 0.000 23.003 33.392 48.894 46.385 45.841 45.258 44.628 43.944 43.193 42.378 41.439 40.713 39.582 51.941 51.608 0.594 0.226 9.327 0.000 0.000 0.000 0.000 0.000 0.000 0.000 47.711 50.734 32.758 31.769 46.776 56.781 42.784 25.784 27.791 27.810 25.829 23.838 35.841 38.843 48.842 88.842 22.840 0.000 0.000 54.832 4.832 0.000 17.515 47.514 47.512 34.511 26.508 22.505 32.500 29.495 69.488 100.481 117.473 98.464 87.455 113.447 107.438 98.429 44.420 24.412 41.403 36.395 25.387 20.379
0.000 0.000 0.000 24.117 33.614 51.089 47.575 47.051 46.500 45.917 45.296 44.628 43.922 43.104 42.576 40.236 51.964 51.965 36.125 18.493 5.674 0.000 0.000 0.000 0.000 0.000 0.000 0.000 29.650 0.352 0.000 11.766 49.773 53.780 45.787 30.794 0.000 0.000 0.000 29.840 25.843 35.845 34.845 57.845 54.845 0.000 0.000 0.000 57.835 3.833 0.000 15.520 45.520 57.519 36.518 42.516 65.513 42.508 24.502 48.495 71.487 105.478 71.469 51.459 99.450 89.440 64.430 33.421 19.412 90.403 58.394 30.386 20.377
0.000 0.000 0.000 29.620 49.249 48.774 48.268 47.742 47.193 46.616 47.005 46.372 44.638 44.236 41.687 51.991 51.964 39.657 41.289 38.959 22.942 3.940 0.000 0.000 0.000 0.000 0.000 6.861 0.177 0.000 0.000 0.000 17.779 49.784 27.794 25.810 31.827 0.000 0.000 30.849 28.849 34.850 35.849 57.849 53.848 0.000 0.000 17.840 64.838 0.835 0.000 17.526 48.527 51.527 32.527 32.526 78.523 113.518 62.511 30.503 46.494 93.484 53.474 20.463 86.453 73.442 31.432 23.422 16.413 97.403 61.394 33.385 34.376
0.000 0.000 30.137 47.493 50.987 49.489 48.981 48.456 47.913 48.344 46.761 46.086 45.771 43.227 52.329 52.097 41.115 41.961 40.997 31.394 12.164 0.000 0.000 0.000 0.000 0.000 0.000 2.853 0.070 0.000 0.000 0.000 0.000 0.000 0.000 30.827 27.843 26.857 28.860 30.857 26.855 34.855 36.854 48.853 44.850 6.848 25.845 58.842 9.840 0.000 0.000 17.532 44.534 50.536 36.538 21.538 23.535 48.530 35.522 17.513 35.503 90.491 46.479 12.468 83.456 68.445 26.434 22.423 18.413 96.403 61.394 33.384 24.374
0.000 29.341 42.781 52.229 50.717 50.215 49.709 49.191 49.654 49.109 47.475 47.212 44.673 53.163 52.693 42.698 43.717 41.611 28.845 0.000 0.000 0.000 0.000 0.000 0.000 0.000 0.000 0.000 0.052 0.000 0.000 0.000 0.000 0.000 0.000 0.000 34.863 44.867 55.867 43.864 32.860 36.861 33.860 38.857 31.853 50.849 68.845 56.843 2.841 0.000 0.000 16.536 42.540 47.545 53.551 51.552 39.550 29.544 42.535 74.524 93.512 114.499 94.485 77.472 111.459 104.447 86.435 46.424 19.414 94.403 66.394 38.384 25.374
26.354 37.900 52.419 51.925 51.435 50.946 50.450 50.941 50.427 48.827 48.602 46.077 54.297 53.706 44.200 45.380 46.342 24.566 0.000 0.000 0.000 0.000 0.000 0.000 0.000 0.000 0.000 0.000 0.000 0.000 0.000 0.000 0.000 0.000 0.000 0.000 32.880 36.880 54.878 13.871 0.000 43.870 34.868 37.864 33.855 21.848 40.845 55.843 42.841 1.841 0.000 0.000 7.547 50.553 52.569 45.572 33.568 42.560 93.550 84.538 65.523 66.507 67.491 67.476 67.462 68.448 70.436 41.425 21.414 93.404 69.393 32.384 26.377
29.809 53.486 53.068 52.617 52.154 51.683 51.201 50.719 50.151 49.959 47.453 55.552 54.915 45.596 46.853 45.886 41.430 0.992 0.000 0.000 0.000 0.000 0.000 0.000 0.000 0.000 0.000 0.000 0.000 0.000 0.000 0.000 0.000 0.000 0.000 0.000 33.897 44.896 28.895 0.000 0.000 40.881 37.878 4.875 0.000 25.846 39.844 54.842 51.841 20.840 0.000 0.000 0.000 0.000 19.600 34.597 18.590 79.580 80.568 29.553 35.536 77.516 48.497 20.479 66.463 56.450 36.437 34.425 25.414 93.404 64.393 21.382 22.374
47.586 55.168 53.751 53.321 52.880 53.428 51.977 51.445 51.290 48.808 56.851 56.198 45.900 48.190 47.223 47.643 17.027 0.000 0.000 0.000 0.000 0.000 0.000 0.000 0.000 0.000 0.000 0.000 0.000 0.000 0.000 0.000 0.000 0.000 0.000 0.929 53.916 51.912 55.910 52.911 48.906 48.895 42.889 1.884 0.000 25.845 38.842 56.840 63.840 26.840 0.000 0.000 0.000 0.000 13.634 26.627 46.616 93.603 56.588 16.571 84.551 85.525 34.502 21.481 42.464 98.449 57.437 25.426 25.415 88.404 106.392 93.378 98.363
57.245 54.848 54.447 54.037 53.614 55.195 52.698 52.587 50.142 58.168 57.506 41.142 45.389 49.482 45.984 23.304 0.000 0.000 0.000 0.000 0.000 0.000 0.000 0.000 0.000 0.000 0.000 0.000 0.000 0.000 0.000 0.000 0.000 0.000 0.000 52.942 51.933 52.927 54.922 53.918 51.912 52.905 45.899 0.894 0.000 26.847 38.841 61.837 34.838 0.000 0.000 0.000 0.000 11.699 41.676 20.660 85.645 79.628 23.611 79.593 92.570 41.533 29.504 32.478 27.461 58.448 97.436 54.426 17.416 88.405 91.393 65.375 7.355
47.890 54.531 55.153 54.761 54.369 53.901 53.832 51.424 59.450 58.832 24.318 29.530 32.457 51.149 34.793 0.000 0.000 0.000 0.000 0.000 0.000 0.000 0.000 42.942 31.941 0.000 0.000 0.000 0.000 0.000 0.000 0.000 0.000 0.000 0.000 29.956 23.949 26.940 30.933 25.926 24.920 23.913 25.906 29.899 23.885 16.857 31.837 10.828 0.000 0.000 0.000 0.000 0.000 13.723 36.710 27.693 28.674 28.655 20.636 41.618 42.606 0.000 0.000 3.466 33.455 26.445 48.435 41.426 23.418 56.408 4.400 0.000 2.341
26.571 42.233 54.872 57.507 55.060 55.020 52.616 60.509 60.020 33.320 0.000 42.837 0.000 54.738 23.267 0.000 0.000 0.000 0.000 0.000 0.000 0.000 0.000 49.943 43.941 0.000 0.000 0.000 0.000 0.000 0.000 0.000 0.000 16.054 0.000 30.977 26.966 26.953 26.943 26.935 26.928 26.921 26.914 28.907 6.901 0.000 1.823 32.809 2.798 0.000 0.000 0.000 14.759 45.759 33.748 32.730 24.705 25.680 25.659 23.639 37.628 0.000 0.000 0.000 4.448 29.442 24.432 37.426 36.422 0.000 0.000 0.000 2.333
18.298 25.956 48.613 53.201 56.173 53.725 61.232 60.912 40.154 15.968 0.000 59.458 57.365 43.808 0.000 0.000 0.000 0.000 0.000 0.000 0.000 0.000 52.954 58.945 29.939 0.000 0.000 0.000 0.000 0.000 0.000 0.000 0.000 33.055 31.041 28.011 26.984 23.963 27.952 27.944 27.936 27.928 27.921 30.915 3.911 0.000 0.000 30.790 30.786 0.777 0.000 0.000 0.000 32.806 25.795 24.772 23.736 23.704 23.679 23.653 24.640 33.640 0.000 0.000 0.000 0.000 30.427 33.424 31.423 0.000 0.000 0.000 26.328
22.044 32.691 37.328 35.240 46.811 61.593 61.459 45.092 23.867 17.377 0.000 39.148 51.832 25.320 0.000 0.000 0.000 0.000 41.036 47.029 39.016 36.990 45.963 38.946 28.930 0.000 0.000 0.000 0.000 0.000 0.000 0.000 0.000 31.069 28.058 27.041 1.013 0.000 32.959 26.952 26.944 26.935 26.928 27.922 1.916 0.000 0.000 31.774 30.773 1.769 0.000 0.000 29.865 25.865 25.855 25.828 24.762 24.722 28.700 0.000 0.000 0.000 0.000 0.000 0.000 0.000 30.423 25.423 25.422 26.421 0.000 0.000 28.326
33.753 47.407 23.136 22.020 61.638 61.640 48.041 34.781 31.131 35.980 0.000 6.155 41.494 0.000 0.000 0.000 0.000 37.049 41.042 43.036 41.030 0.000 0.000 0.000 40.906 24.881 0.000 0.000 0.000 0.000 0.000 0.000 0.000 41.093 38.081 13.067 0.000 0.000 45.972 31.963 27.952 26.941 30.933 7.928 0.000 6.749 44.752 25.760 29.762 1.763 0.000 0.000 0.000 30.935 25.931 29.923 0.000 0.000 0.000 0.000 0.000 0.000 0.000 0.000 0.000 0.000 30.421 25.421 25.421 30.421 0.000 0.000 2.325
54.429 43.027 23.103 18.617 61.583 23.039 28.778 31.022 34.713 53.314 62.791 50.825 0.000 0.000 0.000 0.000 35.062 29.056 35.049 50.042 49.038 0.000 0.000 0.000 0.000 41.857 0.000 0.000 0.000 27.233 0.000 0.000 43.161 42.131 48.106 41.078 6.051 60.024 56.995 54.976 52.960 44.945 25.934 12.931 0.000 20.747 73.747 27.751 28.754 2.759 0.000 0.000 0.000 36.010 22.010 27.010 0.000 0.000 0.000 0.000 0.000 0.000 0.000 0.000 0.000 26.419 28.420 30.420 24.420 29.420 0.000 0.000 0.000
62.987 50.095 32.407 61.089 19.018 20.819 20.003 19.660 29.242 56.796 52.232 23.528 0.000 0.000 34.095 0.075 42.068 34.063 45.055 40.047 19.042 0.000 0.000 0.000 0.000 45.833 21.826 0.000 0.000 23.234 31.234 35.220 37.190 39.164 29.135 26.088 34.051 34.027 54.006 36.987 30.968 28.945 8.926 0.000 0.000 15.744 83.739 39.742 5.745 0.000 0.000 0.000 0.000 49.086 22.089 29.097 1.151 0.000 0.000 0.000 0.000 0.000 0.000 0.000 5.419 28.419 43.419 41.419 34.419 0.000 0.000 0.000 0.000
61.017 59.266 60.565 37.900 25.822 21.982 21.633 20.223 26.826 42.392 37.812 0.000 0.000 0.000 37.095 58.091 53.080 54.072 36.064 0.000 0.000 0.000 0.000 0.000 36.810 27.817 19.818 0.000 0.000 0.000 35.248 39.237 39.217 39.198 23.183 0.000 30.039 31.027 55.015 41.000 34.979 20.941 27.900 42.848 62.797 51.747 75.721 40.734 4.740 0.000 0.000 0.000 0.000 47.160 23.163 24.173 29.200 0.000 0.000 0.000 0.000 0.000 0.000 0.000 0.000 0.000 47.419 44.419 0.000 0.000 0.000 0.000 0.000
59.071 60.477 59.716 58.747 40.908 20.572 21.171 21.800 20.442 23.136 0.000 0.000 0.000 0.000 53.100 43.097 41.091 37.081 0.000 0.000 0.000 0.000 0.000 37.803 28.804 24.806 7.812 0.000 0.000 0.000 35.274 43.262 52.244 51.228 53.217 41.222 0.000 0.000 58.027 42.018 16.008 0.000 30.883 40.849 67.795 29.726 13.666 0.000 0.000 0.000 0.000 0.000 0.303 38.232 25.229 26.232 29.247 2.273 0.000 0.000 0.000 0.000 0.000 0.000 0.000 0.000 4.418 5.418 0.000 0.000 0.000 0.000 0.000
60.476 59.462 61.588 61.764 45.450 22.064 24.707 24.359 22.009 22.572 0.000 33.117 0.000 0.000 47.108 47.107 54.105 0.000 0.000 11.939 0.000 0.000 0.000 32.802 26.797 20.792 0.000 0.000 0.000 0.000 33.311 34.293 36.271 35.251 33.235 25.227 0.000 0.000 60.048 46.038 31.027 0.000 29.901 40.869 64.810 20.695 16.550 0.000 0.000 0.000 0.000 0.000 0.354 45.304 24.289 26.279 26.284 27.300 31.319 3.326 0.000 0.000 0.000 0.000 0.000 0.000 0.000 0.000 0.000 0.000 0.000 0.000 0.000
60.143 62.351 61.552 62.264 35.896 26.556 46.229 39.922 21.660 0.000 0.000 30.117 45.117 50.117 36.116 57.118 49.118 0.000 0.000 25.939 56.940 8.932 0.000 33.806 27.790 24.773 0.000 0.000 41.472 37.431 33.367 35.328 40.296 40.270 38.246 49.225 41.200 1.151 60.080 52.058 52.035 44.003 24.952 42.915 50.882 0.000 19.289 2.177 0.000 0.000 0.000 0.000 10.451 49.390 21.343 23.311 24.312 25.322 30.332 2.333 0.000 0.000 0.000 0.000 0.000 0.000 0.000 0.000 0.000 0.000 0.000 0.000 0.000
