results3/res_3e8f-0082.wd
ncols         241
nrows         181
xllcorner     12693529.787448
yllcorner     3542525.717860
cellsize      155.156523
NODATA_value  -9999.000000
[rows 132 to 164 of 181, columns 0 to 72 of 241]
92.914 97.914 101.913 101.913 103.912 103.910 97.909 88.907 74.905 63.902 62.899 63.895 62.892 61.887 66.882 80.876 91.870 96.862 96.853 93.843 85.830 76.815 67.796 61.772 66.742 68.706 67.664 68.617 66.577 61.540 75.505 98.471 65.443 0.000 0.000 0.000 5.062 57.054 69.047 66.020 67.996 73.979 91.972 77.970 61.970 60.973 60.978 72.984 93.990 34.996 8.002 3.017 0.000 0.000 0.000 0.000 0.000 0.000 0.000 0.000 0.000 0.000 0.000 0.000 24.879 4.799 8.719 49.616 72.467 76.364 76.253 86.337 113.799
70.919 72.919 75.919 81.918 91.917 97.915 102.914 102.912 95.909 81.907 70.904 64.900 68.896 75.892 88.886 103.881 102.874 99.866 99.857 102.846 102.834 98.819 86.800 74.778 66.752 61.722 62.688 61.653 62.621 70.591 92.565 100.543 12.529 0.000 0.000 0.000 15.071 43.079 61.113 70.106 71.086 68.063 69.058 79.055 74.051 67.047 71.043 79.040 92.037 33.033 19.023 25.033 5.043 0.000 0.000 0.000 0.000 0.000 0.000 0.000 0.000 0.000 0.000 0.000 6.959 0.000 56.743 78.662 74.538 83.507 74.567 113.927 102.683
62.925 62.925 62.924 64.923 69.922 73.921 80.919 89.917 97.915 100.912 94.909 92.905 94.901 97.897 96.891 89.886 80.879 78.871 78.862 83.852 89.840 96.825 99.809 98.789 87.766 77.741 72.715 70.687 79.662 95.639 96.620 82.606 15.600 0.000 0.000 0.000 0.000 0.000 44.219 71.204 50.179 38.128 53.143 68.141 83.133 87.122 89.109 90.095 86.084 13.077 0.051 28.050 25.053 13.056 19.057 13.057 0.000 0.000 0.000 0.000 0.000 0.000 41.187 11.134 77.038 98.970 131.820 87.790 82.838 63.791 99.853 104.362 104.265
63.931 63.930 63.930 63.929 62.928 61.927 63.925 68.923 74.921 84.918 94.915 96.911 89.907 79.902 73.897 65.891 61.885 61.877 61.869 63.859 68.848 74.835 81.819 93.802 98.783 100.763 99.741 95.720 98.700 91.683 73.669 65.662 44.666 2.691 0.000 0.000 0.000 0.000 37.339 70.315 13.296 0.000 46.244 71.233 90.217 98.198 84.175 87.148 73.127 31.113 0.000 55.064 24.062 16.058 27.057 27.057 0.000 0.000 0.000 0.000 0.000 28.297 47.241 120.178 149.097 131.975 115.526 114.468 106.135 104.773 104.644 104.508 69.731
63.937 63.936 63.936 63.935 63.934 63.933 63.931 62.929 62.927 65.924 71.921 70.917 66.913 62.909 62.904 62.898 63.892 63.885 63.877 63.868 62.858 61.846 63.832 69.818 76.802 85.785 93.768 89.751 78.736 66.723 62.713 67.708 75.709 51.717 29.721 29.705 15.666 16.599 52.483 73.420 23.395 5.404 65.355 97.329 99.306 78.279 81.243 80.197 68.161 57.136 8.109 36.082 10.072 0.000 11.057 0.000 0.827 0.000 0.000 0.000 0.000 9.356 72.299 78.215 74.198 75.354 73.326 105.116 105.008 104.895 72.088 74.863 76.732
63.943 63.943 63.942 63.942 63.941 63.939 63.938 63.936 63.934 63.931 62.928 62.924 62.920 63.915 63.910 63.905 63.900 63.894 63.886 63.878 63.869 63.858 63.847 62.835 61.821 62.808 66.794 64.781 63.769 67.759 70.752 69.748 67.746 69.746 69.742 66.726 66.696 70.647 45.576 31.485 20.460 38.462 83.444 97.424 77.399 70.368 69.323 49.235 45.186 8.161 0.000 0.000 0.000 1.121 0.000 0.000 4.827 19.800 34.751 4.682 18.595 81.441 88.424 86.493 84.475 85.554 105.318 105.219 86.342 93.131 85.983 91.753 83.592
63.950 63.949 63.949 63.948 63.947 63.946 63.945 63.943 63.941 63.938 63.935 63.931 63.927 63.922 63.918 63.913 63.909 63.903 63.897 62.889 69.881 71.872 63.863 62.852 61.841 62.830 64.819 67.809 70.801 69.793 64.788 65.784 72.782 75.780 71.775 65.763 62.743 71.716 2.690 0.000 5.499 78.538 87.537 74.522 66.498 86.470 32.446 0.000 0.000 0.000 0.061 0.078 0.100 1.121 0.000 0.000 29.854 71.822 100.773 61.705 94.585 102.738 99.697 98.785 105.595 105.507 105.414 98.432 100.307 100.003 98.862 97.792 15.706
63.956 63.956 63.956 63.955 63.954 63.953 63.952 63.951 63.948 63.946 66.943 66.939 64.935 68.929 66.925 63.922 63.918 63.913 62.908 60.902 71.895 79.887 65.879 62.870 64.861 67.853 69.844 68.837 65.831 67.826 72.822 74.820 75.818 75.817 70.814 64.807 73.798 92.786 11.777 0.000 0.000 52.653 75.646 72.628 76.600 96.568 30.546 0.000 0.002 0.024 0.051 0.072 0.099 2.121 0.000 27.968 79.915 95.861 98.788 103.783 100.945 97.933 105.837 105.760 105.680 97.749 98.533 99.404 99.083 99.053 91.983 68.888 0.000
63.964 63.963 63.963 63.962 63.962 63.961 63.960 63.958 63.957 64.955 71.952 71.948 48.943 16.935 37.932 67.931 61.928 64.925 70.920 73.915 73.909 69.902 65.896 66.888 69.881 68.875 67.869 69.863 73.859 73.856 75.855 74.854 65.855 60.855 62.856 75.855 94.854 104.853 26.855 0.000 0.000 27.777 83.764 85.743 92.708 91.655 27.625 0.000 0.000 0.000 0.000 0.046 0.000 6.122 32.090 76.030 97.945 100.958 100.044 100.044 99.134 105.983 105.911 97.961 98.759 99.619 99.405 99.258 99.214 91.146 83.103 0.000 0.000
63.971 63.971 63.970 63.970 63.969 63.969 63.968 63.967 63.965 65.964 74.961 85.958 61.955 0.000 4.936 52.941 78.940 70.937 68.933 68.929 66.924 65.918 67.912 69.907 67.901 63.896 65.892 77.889 79.887 69.886 63.886 60.888 60.891 65.895 79.899 95.903 92.909 76.919 48.935 16.973 10.968 54.912 83.892 65.874 56.833 48.720 13.672 0.000 0.000 0.004 0.005 0.008 0.000 25.156 76.123 98.033 100.225 99.214 99.321 106.186 106.121 106.053 98.026 99.908 99.620 99.492 99.436 99.361 93.284 80.220 70.182 0.000 0.000
63.978 63.978 63.978 63.978 63.977 63.977 63.976 63.976 63.975 65.973 75.972 62.969 18.964 0.976 0.000 20.956 74.954 66.951 68.947 67.943 65.939 68.934 69.930 66.925 63.921 59.917 69.914 83.913 70.913 60.914 61.917 66.921 76.927 87.933 98.941 91.950 69.962 64.976 83.994 91.015 92.020 96.011 71.018 32.027 4.031 0.000 0.000 0.000 0.000 0.005 0.004 0.000 30.270 76.200 98.215 100.399 99.414 106.366 106.309 106.249 98.299 99.097 99.984 99.681 99.665 99.604 99.527 100.434 88.352 59.265 48.223 6.223 0.222
62.986 62.986 63.986 63.985 63.985 63.985 63.985 63.985 63.984 66.983 76.983 47.982 0.000 6.988 44.984 46.974 63.969 65.965 53.961 35.958 73.954 68.950 64.947 63.943 61.940 63.937 79.936 82.935 64.937 67.941 79.946 88.953 97.961 95.971 83.982 69.995 63.011 79.030 83.051 71.073 52.088 50.092 38.143 18.184 7.232 1.434 0.000 19.769 14.769 0.000 0.000 24.357 76.372 99.469 100.485 98.593 106.475 106.421 98.468 99.278 100.154 99.959 99.836 99.811 99.757 99.704 102.633 66.497 46.424 0.000 0.000 0.000 0.000
71.994 69.994 66.993 64.993 61.993 61.994 61.994 61.994 60.994 65.994 77.994 60.995 41.998 49.995 67.992 63.986 60.982 66.979 61.975 48.972 68.969 62.966 61.963 61.961 63.958 77.956 85.956 51.956 43.960 93.966 98.974 93.983 82.994 73.007 65.021 61.038 72.058 84.081 52.108 27.137 10.166 1.225 18.278 17.335 7.425 8.581 11.707 39.769 23.769 0.000 0.000 56.609 98.634 97.752 106.627 106.578 106.527 98.509 100.399 100.123 100.014 99.982 101.938 96.886 98.854 99.826 110.803 0.000 0.000 0.000 0.000 0.000 0.000
73.003 75.002 81.000 82.000 82.001 79.002 80.003 79.003 78.003 78.004 80.004 63.004 67.005 66.004 63.001 65.998 65.995 64.992 69.989 71.987 65.985 59.983 61.980 63.978 77.976 82.974 71.974 65.975 74.980 97.988 81.000 72.013 64.026 62.041 64.058 63.078 77.101 86.129 50.161 26.200 14.250 16.325 19.379 11.454 12.551 18.668 20.770 13.831 0.000 0.000 34.851 76.856 106.761 106.719 106.675 98.748 99.552 100.447 100.155 100.150 101.106 101.059 74.014 51.949 86.948 100.942 105.951 46.010 0.000 0.000 0.000 0.000 0.000
66.013 60.011 13.005 15.005 24.010 71.012 68.013 68.013 68.013 72.013 81.014 62.014 63.014 62.013 65.011 69.009 70.007 68.005 67.003 70.002 71.000 67.999 61.997 78.995 84.994 75.991 81.990 98.991 95.996 78.008 66.025 62.041 64.056 64.073 63.091 68.113 84.141 86.172 78.209 81.253 52.309 14.380 6.459 5.552 17.656 24.769 14.874 11.957 3.985 30.089 78.047 106.841 106.802 98.895 99.703 100.586 100.398 100.283 100.266 101.218 99.175 93.134 18.112 0.000 69.046 104.042 101.049 100.069 0.000 0.000 0.000 0.000 0.000
64.024 56.024 0.000 0.000 6.022 67.022 63.023 63.023 63.023 67.023 81.024 59.024 63.023 67.023 69.022 70.021 67.020 64.019 62.017 64.016 74.016 87.015 82.014 83.013 60.011 54.008 106.003 92.002 59.007 19.023 39.052 67.070 64.086 64.102 66.121 59.144 43.176 33.210 45.249 85.295 61.353 14.429 9.523 4.638 13.754 18.877 13.003 18.111 18.201 56.250 106.898 98.089 101.826 100.728 100.540 100.429 100.404 100.367 101.324 101.286 66.246 42.189 28.187 31.193 82.148 103.133 99.133 90.149 8.184 0.000 0.000 0.000 0.000
64.036 64.038 47.043 0.000 7.033 68.033 64.033 64.033 63.033 64.033 79.034 66.034 69.034 71.033 70.033 65.033 62.032 63.032 63.031 62.031 72.031 95.031 91.032 78.032 71.031 62.026 38.012 27.007 14.007 0.000 20.092 69.101 64.114 66.129 49.146 23.167 8.209 5.244 47.281 64.324 33.379 5.459 8.568 13.723 20.846 16.983 11.150 4.324 7.673 55.509 106.971 100.978 100.737 100.558 100.541 100.505 100.463 100.424 98.388 89.356 22.332 0.000 39.255 98.244 103.221 101.207 95.203 85.208 3.219 0.000 0.000 0.000 0.000
61.046 63.047 60.049 0.000 3.043 68.043 63.043 61.043 63.044 67.044 71.044 70.044 70.044 68.044 62.044 63.044 63.045 64.045 64.045 69.046 87.046 86.048 79.049 88.051 86.053 57.055 0.000 0.000 0.000 0.000 18.122 69.129 64.140 67.155 38.168 0.214 34.250 60.275 80.308 49.343 1.379 0.000 0.000 2.839 12.924 13.061 13.259 7.653 4.876 107.175 107.075 99.887 100.730 100.630 100.595 100.556 100.518 102.481 87.447 70.418 30.395 6.383 54.334 84.307 93.285 102.271 91.264 80.263 2.264 0.000 0.000 0.000 0.000
68.055 66.056 55.057 0.000 54.054 62.054 64.054 68.054 69.054 70.054 68.054 69.054 67.054 63.055 63.056 64.056 64.057 63.058 65.059 88.060 87.061 69.064 82.066 80.070 84.076 82.086 45.108 1.129 10.143 40.147 45.145 65.152 64.164 64.180 59.203 51.241 68.268 67.298 61.334 83.374 31.414 0.000 0.000 6.871 11.949 10.073 11.232 35.462 59.914 107.266 102.222 101.963 101.702 100.687 100.647 100.609 101.571 99.536 54.503 31.472 43.446 44.422 98.390 100.364 80.343 90.328 85.318 58.314 23.312 0.000 0.000 0.000 0.000
69.063 70.064 67.066 55.069 69.066 69.065 69.064 70.064 70.064 71.064 83.064 65.063 63.065 63.066 64.067 64.068 64.069 65.070 79.072 90.074 65.076 69.079 96.083 88.088 76.095 79.105 82.120 66.135 71.146 86.154 79.160 67.169 60.182 60.200 71.223 87.252 74.282 46.315 18.355 73.405 62.476 11.592 14.704 19.824 15.929 7.052 9.151 50.456 102.710 107.350 99.202 101.849 102.776 100.737 100.698 100.660 93.623 83.588 40.555 11.524 20.495 21.468 82.440 124.415 105.395 81.379 73.368 52.362 61.359 14.359 0.000 0.523 4.524
74.070 74.072 70.073 70.075 70.075 71.074 71.074 67.074 64.075 63.075 26.074 16.071 67.076 64.078 64.079 64.080 63.081 66.083 90.085 76.087 61.090 67.093 84.098 101.103 96.110 93.120 91.131 87.143 83.153 82.162 90.171 87.182 81.197 77.215 80.237 84.263 46.293 10.326 9.365 25.414 21.495 6.595 15.697 25.792 21.893 13.023 6.188 49.434 107.505 107.429 102.099 103.938 100.823 100.789 101.749 97.711 81.674 74.638 80.604 86.572 70.542 92.514 107.487 124.463 133.442 117.426 79.414 84.406 59.402 0.000 0.000 0.000 0.000
13.075 14.080 74.081 69.083 69.084 64.084 61.084 63.085 58.085 11.086 11.086 0.087 68.089 64.090 64.091 64.092 64.094 82.095 89.097 62.100 64.103 64.107 67.112 73.117 75.124 75.132 71.142 74.151 90.161 83.170 74.180 77.192 84.208 88.226 91.246 88.271 63.300 28.332 11.365 10.392 0.000 0.000 10.698 19.753 3.823 0.000 19.360 79.598 107.577 99.451 103.167 102.902 100.883 100.839 101.799 96.760 83.723 49.687 56.652 99.619 110.588 142.559 133.532 105.507 93.486 110.468 89.455 83.446 58.442 0.000 0.000 0.000 0.000
0.093 9.092 23.088 78.092 63.093 61.094 63.095 63.095 64.096 11.097 2.099 57.104 65.102 64.101 64.102 64.104 66.105 90.107 75.110 61.112 64.116 64.120 64.125 63.130 63.137 63.144 62.152 69.161 98.169 77.178 8.187 16.199 28.217 79.233 89.252 73.275 78.303 65.337 17.372 14.397 0.000 4.598 17.645 9.699 0.000 0.000 37.509 107.719 107.649 102.333 104.067 99.972 100.931 100.888 100.847 100.808 87.770 50.733 65.698 102.665 98.633 132.602 127.574 96.548 101.525 87.506 68.491 86.482 64.477 0.000 0.000 0.000 0.000
62.113 58.107 0.000 70.104 80.104 81.104 62.105 74.105 81.106 57.107 55.109 65.111 64.112 64.112 64.114 64.115 83.117 87.119 62.121 64.124 63.128 62.132 64.137 64.142 64.148 64.155 63.162 71.170 100.177 81.185 27.192 0.209 51.227 76.238 89.254 68.274 58.301 17.341 10.387 13.428 11.489 19.551 23.585 0.000 0.000 16.455 78.684 107.787 99.599 103.311 103.050 101.025 100.979 100.936 100.895 101.855 92.816 81.779 104.743 129.708 117.675 134.644 131.614 125.586 132.561 98.540 75.523 85.512 93.509 22.518 0.000 0.000 0.000
64.119 63.118 58.119 64.115 63.114 11.114 85.114 77.115 64.116 65.118 65.119 64.121 64.122 64.123 64.125 67.126 90.128 73.130 63.133 64.136 70.140 78.144 64.148 62.153 64.159 63.165 66.172 90.178 98.186 73.194 61.202 49.216 71.227 70.238 31.252 16.267 13.284 0.000 2.406 2.440 3.487 4.532 6.558 0.000 19.580 76.691 98.826 107.853 100.561 101.197 101.116 101.070 101.025 100.982 100.940 101.900 92.861 75.823 71.786 104.751 94.716 108.683 111.652 99.621 101.594 73.569 50.549 64.535 131.528 84.527 19.528 9.528 31.527
64.125 64.125 64.125 64.124 64.123 58.124 74.124 90.125 66.126 63.127 64.129 64.130 64.132 64.134 63.135 86.137 88.139 62.141 64.144 65.147 62.151 24.155 83.159 78.164 65.169 63.175 81.181 100.187 84.194 64.201 64.209 65.218 68.227 72.236 9.249 10.258 0.000 0.000 14.390 0.000 0.000 0.000 0.000 0.000 42.735 99.856 107.980 107.917 100.449 101.275 101.156 101.116 101.070 101.027 100.985 99.944 84.905 86.866 106.828 125.792 124.756 129.721 134.688 121.655 119.623 106.593 55.569 53.551 129.540 93.535 31.530 24.528 89.527
64.132 64.132 64.132 64.132 64.132 64.133 64.133 75.134 90.136 66.137 63.139 64.140 64.142 62.144 70.146 91.148 71.150 63.152 65.154 63.157 5.161 2.166 71.170 72.175 78.179 77.184 85.190 84.195 65.201 63.207 65.214 68.221 73.227 73.231 0.000 0.000 0.000 1.374 25.375 12.369 13.367 12.367 0.000 4.073 51.088 105.097 108.041 99.798 101.500 101.232 101.208 101.159 101.114 101.071 101.028 100.987 86.947 82.908 103.870 104.832 104.795 107.759 107.723 106.687 111.650 84.613 60.582 75.561 90.547 29.541 0.000 0.000 33.525
64.140 66.140 66.139 64.140 64.141 64.142 64.143 64.144 75.145 90.147 66.148 61.150 61.152 78.154 90.156 84.159 61.161 64.163 60.165 6.165 3.172 57.177 64.181 64.185 70.189 87.194 87.198 80.203 73.208 65.214 52.219 22.224 87.228 67.231 0.000 0.000 0.000 0.363 14.366 7.366 21.366 10.366 0.000 4.340 24.339 108.162 108.102 100.666 101.391 101.293 101.247 101.201 101.156 101.113 101.071 102.029 96.989 86.949 81.910 80.871 80.833 80.796 80.758 84.720 58.678 2.625 28.585 84.562 80.548 41.540 3.535 0.000 32.525
65.148 2.147 3.145 64.148 63.150 62.151 62.152 61.153 61.154 74.156 89.158 82.160 89.162 91.165 78.167 62.169 69.172 69.175 57.177 0.000 5.187 68.189 64.192 66.196 90.199 97.203 75.207 66.211 73.215 80.220 68.224 4.228 47.231 65.234 0.000 0.000 0.000 1.349 7.357 4.362 18.364 0.000 0.000 4.575 9.927 108.220 105.927 101.627 101.365 101.337 101.288 101.242 101.197 101.154 101.112 101.071 102.030 100.990 98.950 97.910 97.871 98.833 100.795 74.756 16.717 0.000 13.570 69.556 100.544 91.535 64.530 40.525 57.524
64.156 63.156 0.000 63.158 74.159 78.159 82.161 87.162 90.163 91.165 91.167 91.170 77.172 64.175 80.177 97.180 98.183 98.187 91.191 69.198 4.198 65.200 63.203 72.206 100.209 87.212 64.215 63.219 65.222 68.226 59.229 4.233 24.236 24.238 0.000 0.000 0.000 7.340 2.349 0.000 1.364 0.000 12.481 13.891 5.383 108.275 109.875 105.505 101.422 101.374 101.327 101.281 101.237 101.194 101.152 101.111 101.071 101.031 100.990 100.949 101.908 104.869 76.831 9.794 0.000 0.000 0.000 14.546 70.537 101.529 92.523 68.521 45.523
64.164 66.165 62.169 64.168 79.168 78.168 74.169 70.170 69.172 65.174 86.177 76.180 87.182 78.185 94.188 90.191 83.194 84.198 95.202 101.206 90.209 91.211 83.213 91.216 99.218 72.221 63.224 64.226 64.229 63.232 63.235 65.238 60.241 9.245 69.253 60.259 0.000 1.317 0.000 0.000 0.000 3.185 81.308 78.533 108.373 108.326 103.754 104.574 101.453 101.411 101.365 101.320 101.276 101.234 101.192 101.151 101.111 101.071 101.031 102.988 107.943 76.904 16.868 0.000 0.000 0.000 0.000 0.000 11.528 62.519 97.514 47.512 0.000
66.172 2.171 61.175 64.176 64.176 64.177 63.178 64.179 66.180 64.183 76.186 71.189 80.192 91.195 79.198 64.201 65.205 66.208 67.212 72.216 85.219 95.221 101.224 99.226 88.228 64.230 64.232 64.234 64.236 64.239 65.241 88.243 61.245 1.250 65.256 15.265 9.279 2.293 0.000 0.000 0.000 13.092 101.303 103.496 108.417 102.095 101.789 101.521 101.496 101.446 101.401 101.357 101.314 101.272 101.231 101.191 101.152 101.113 103.073 88.031 41.970 8.937 0.000 0.000 0.000 0.000 0.000 0.000 0.000 33.505 95.503 47.502 0.000
67.182 0.182 61.184 64.184 64.184 64.185 64.186 65.187 3.186 63.192 67.196 78.199 78.202 86.205 91.208 77.212 62.215 62.219 62.223 64.227 66.230 67.232 68.234 68.236 67.237 66.239 62.240 62.242 63.244 64.245 75.247 89.248 60.250 54.252 56.254 0.000 0.000 2.293 0.000 0.000 0.000 17.099 100.205 108.499 108.458 100.950 101.672 101.573 101.527 101.480 101.436 101.392 101.350 101.309 101.269 101.230 101.191 101.154 106.119 62.092 0.000 0.000 0.000 0.000 0.000 0.000 0.000 0.000 0.000 36.493 96.492 55.490 0.000
