results3/res_3e8f-0129.wd
ncols         241
nrows         181
xllcorner     12693529.787448
yllcorner     3542525.717860
cellsize      155.156523
NODATA_value  -9999.000000
[rows 33 to 65 of 181, columns 146 to 218 of 241]
63.301 62.525 62.260 62.908 29.580 41.263 62.965 56.670 35.277 0.000 0.000 30.290 6.290 11.292 27.295 52.303 39.304 5.302 0.000 0.000 44.142 52.119 10.079 37.032 28.995 29.953 33.888 42.823 60.752 51.699 46.650 41.610 42.576 42.547 41.520 40.493 39.463 47.432 57.400 49.373 49.348 47.320 26.289 40.261 48.228 0.000 18.519 23.461 47.352 45.254 50.158 60.062 52.960 47.913 2.891 0.000 30.820 30.833 37.836 15.829 0.000 0.000 0.000 0.000 0.000 0.000 0.000 0.000 0.000 0.000 0.000 0.000 0.000
63.228 62.982 62.644 63.325 41.015 58.724 61.470 55.289 0.000 0.000 8.289 32.289 0.000 0.000 0.000 36.324 36.317 44.302 7.270 57.227 45.173 32.130 41.086 32.039 29.994 29.945 28.889 30.829 58.770 56.717 56.669 58.627 51.591 53.558 52.528 52.499 52.470 53.441 57.412 55.386 56.362 51.339 28.319 27.305 0.299 0.000 15.439 29.405 37.342 32.251 38.158 51.067 50.980 48.938 6.920 0.000 0.000 35.861 7.863 0.000 0.000 0.000 0.000 0.000 0.000 37.915 36.915 38.914 28.914 31.913 0.000 0.000 0.000
63.681 63.352 63.039 62.729 62.430 63.150 54.902 41.728 0.000 0.000 0.000 0.285 0.000 0.000 0.000 33.352 30.340 43.316 48.282 40.239 49.191 47.143 28.095 29.046 29.997 29.946 41.892 45.836 49.781 42.730 39.682 49.640 23.601 30.567 25.535 25.505 25.476 28.448 54.422 43.398 41.376 43.357 28.342 30.335 10.341 0.000 25.393 82.378 7.360 0.000 0.000 0.015 51.955 50.940 9.931 0.000 0.000 32.887 29.891 31.906 29.914 37.918 43.919 35.918 57.917 64.916 62.915 47.914 27.914 26.913 30.913 0.912 0.000
64.050 63.738 63.426 63.122 63.827 58.543 40.259 30.993 39.993 0.000 0.000 0.000 0.000 0.000 0.000 30.392 29.373 32.342 28.303 39.258 42.208 45.157 34.106 29.054 29.002 28.949 53.896 59.843 41.790 35.739 35.691 36.648 33.609 33.573 33.541 34.510 37.481 34.454 55.429 47.407 45.387 45.370 27.358 41.351 67.350 0.000 17.362 70.353 0.000 0.000 0.000 1.944 51.944 49.938 27.932 32.928 30.921 28.910 28.909 28.914 27.918 34.920 41.921 28.919 46.917 64.917 60.916 40.915 25.914 25.913 30.913 0.000 0.000
64.436 64.118 63.807 63.505 60.214 45.935 34.597 0.000 0.000 0.000 0.000 34.826 0.000 3.723 0.000 29.450 30.419 30.377 29.331 29.280 35.227 28.172 28.117 30.062 29.008 27.954 51.901 48.849 56.797 60.744 59.695 54.652 50.613 52.577 48.544 52.514 52.485 53.459 57.435 55.413 56.395 52.379 27.368 39.361 61.359 0.000 12.341 73.320 0.000 0.000 0.000 0.000 48.939 51.936 30.933 28.930 28.926 28.922 28.921 28.922 27.924 34.925 43.926 0.000 0.000 22.917 65.917 41.915 25.914 25.913 29.913 0.000 0.000
64.818 64.492 64.178 63.877 53.590 35.387 0.000 0.000 0.000 0.000 32.850 35.826 48.783 48.723 36.645 29.540 29.475 30.418 30.362 29.305 28.247 29.188 29.129 29.070 28.013 36.958 55.905 34.854 48.805 25.747 58.692 48.651 47.614 47.579 44.546 49.516 50.487 50.461 57.438 55.417 52.399 52.385 27.374 41.368 60.365 0.000 0.000 66.266 0.000 0.000 0.000 0.000 52.937 51.936 27.934 29.933 28.932 29.931 29.931 29.931 30.931 38.931 18.931 0.000 0.000 23.919 65.918 46.916 33.914 27.913 30.912 0.000 0.000
65.194 64.853 65.537 58.234 45.884 35.635 0.000 0.000 0.000 0.000 29.873 46.845 40.800 29.742 31.671 31.592 29.522 28.458 30.395 29.332 30.267 30.203 30.139 29.077 29.017 48.960 48.907 48.859 48.822 0.000 30.676 28.647 29.613 29.579 30.546 34.515 37.487 35.461 55.438 49.418 43.401 45.387 28.377 40.371 59.368 0.000 0.000 39.213 30.191 0.000 0.000 0.000 46.936 29.936 0.000 24.935 30.938 34.940 41.941 41.940 41.939 43.937 15.936 0.000 7.927 71.923 64.920 66.917 54.915 29.912 30.911 0.000 0.000
65.555 65.190 64.882 50.639 2.337 0.000 0.000 0.000 0.000 7.970 45.925 40.882 30.832 31.772 31.706 31.635 31.565 29.496 28.428 28.359 30.289 29.218 29.149 28.082 30.018 44.959 35.903 44.852 45.802 4.744 4.690 44.649 43.612 43.577 43.544 45.513 45.485 46.459 58.436 54.416 49.399 51.386 27.376 36.370 64.368 0.000 0.000 98.181 67.170 34.153 21.145 0.000 0.000 0.000 0.000 0.000 27.945 36.952 40.952 39.950 42.947 44.944 30.940 35.937 51.931 66.926 64.922 64.918 52.915 29.911 29.908 5.905 0.000
65.885 66.469 58.163 40.992 0.000 0.000 0.000 0.000 0.000 53.015 46.976 30.927 31.872 31.811 31.745 31.676 31.606 31.535 28.463 29.388 29.310 29.232 30.156 29.083 29.016 31.954 36.897 48.843 35.791 47.739 52.691 45.648 54.609 44.573 45.539 48.508 47.480 46.454 56.431 52.411 40.394 39.381 28.372 35.367 64.366 0.000 0.000 89.160 79.154 56.145 25.138 0.000 0.000 1.071 0.000 0.000 0.000 47.970 39.966 33.960 30.955 45.950 32.945 34.940 42.934 63.929 65.924 63.919 49.915 29.910 26.906 30.902 24.897
74.135 71.638 44.310 34.173 0.000 0.000 0.000 31.234 45.186 46.099 40.036 34.978 31.918 31.854 31.788 31.719 30.648 33.576 38.500 34.419 29.332 30.245 29.160 29.080 29.008 28.944 35.886 36.833 34.781 41.732 40.685 35.643 47.603 27.567 35.533 42.501 41.473 35.446 54.423 47.403 27.386 26.373 29.364 31.360 35.363 0.000 0.000 67.147 47.142 84.134 70.123 6.104 7.088 58.072 32.055 30.038 30.018 31.993 42.980 36.971 4.963 57.957 45.950 41.944 39.938 50.931 66.926 58.920 41.915 30.910 26.904 33.899 57.893
0.000 0.000 23.264 41.219 0.000 0.000 33.335 43.282 57.225 41.158 40.094 40.031 32.967 31.901 31.833 31.763 38.692 46.619 47.542 39.457 34.356 29.256 28.159 29.067 32.993 29.929 28.872 27.820 33.769 34.722 33.677 34.634 36.595 29.558 35.524 40.492 42.463 38.436 54.412 48.392 30.374 29.360 29.351 25.345 0.000 0.000 0.000 23.137 42.134 42.127 76.116 91.102 84.087 52.072 38.057 39.040 39.023 42.005 63.992 81.981 90.971 89.963 91.955 90.948 84.941 78.934 70.927 53.921 36.915 27.909 28.903 41.897 60.891
16.466 0.000 0.000 0.000 0.000 4.439 36.388 56.334 48.276 51.214 48.150 38.085 31.018 31.950 31.880 42.809 47.738 43.667 38.594 35.509 38.378 33.264 33.154 29.037 33.966 27.908 28.855 29.804 28.756 28.709 28.665 28.623 27.584 28.547 28.513 32.480 38.451 37.423 55.399 49.377 28.359 29.344 29.333 28.326 3.320 0.000 0.000 27.132 53.129 42.123 44.113 59.101 70.088 80.074 82.059 88.044 91.028 91.014 90.000 85.989 76.978 74.969 76.960 79.952 81.944 82.936 80.929 84.922 76.915 43.909 30.902 49.896 66.890
55.607 13.667 0.000 0.000 1.550 37.491 53.443 46.390 38.332 46.271 50.207 51.140 41.072 30.001 39.928 48.856 38.785 30.718 30.657 32.609 0.445 1.272 0.176 25.963 29.927 31.882 31.834 28.787 28.740 29.695 28.651 28.610 28.571 29.534 28.499 28.467 28.436 31.408 48.383 47.360 29.340 29.324 29.313 30.307 31.313 0.000 0.000 26.130 44.128 45.122 57.114 44.102 24.089 28.076 64.062 88.048 72.034 67.020 70.008 62.996 48.985 37.975 28.965 26.956 27.947 37.939 35.931 30.923 69.916 84.909 62.902 60.895 64.889
0.000 28.727 6.742 0.713 36.604 46.555 53.504 37.450 40.392 38.331 36.266 44.198 49.127 44.053 47.977 36.901 30.828 31.762 31.707 39.673 0.000 0.000 0.000 22.923 31.897 42.858 43.814 38.768 34.723 36.678 32.636 31.595 29.556 28.519 28.484 29.451 28.420 28.391 31.364 40.340 28.318 28.300 29.286 28.276 0.000 0.000 0.000 7.130 5.130 59.125 43.117 28.105 42.091 44.078 90.065 71.052 54.039 36.026 27.014 28.002 28.991 29.980 29.969 29.959 28.950 26.941 25.932 26.924 34.916 71.908 79.901 64.894 63.887
0.000 15.771 38.765 40.739 39.675 54.622 39.569 33.514 35.456 34.394 31.329 30.260 45.186 52.108 55.026 42.943 32.864 29.795 37.735 3.704 0.000 0.000 0.000 25.909 35.880 42.840 43.796 43.750 45.705 53.661 51.618 47.578 45.539 41.502 35.467 30.433 28.401 29.371 28.343 33.317 26.293 27.272 28.254 30.236 51.213 0.000 0.000 0.000 21.138 63.132 23.123 32.111 23.094 62.079 80.069 40.057 28.045 30.032 30.020 30.008 29.996 29.985 26.973 26.963 25.953 26.943 26.934 26.925 42.917 57.908 30.900 90.892 62.885
0.000 15.821 38.809 31.782 50.737 50.688 45.636 36.582 30.524 31.462 32.396 43.326 46.249 38.166 41.076 49.982 50.891 40.820 0.000 0.000 0.000 0.000 30.973 36.923 40.875 39.827 40.779 40.732 38.686 45.642 46.600 46.559 47.521 44.484 43.448 44.414 35.381 30.350 31.320 28.292 29.266 28.242 27.221 29.203 44.189 0.000 0.000 0.000 21.151 65.142 27.132 3.121 0.000 8.077 47.074 29.063 30.050 28.039 28.027 28.014 27.002 25.989 26.977 26.966 25.955 26.944 25.935 24.926 27.917 23.909 19.899 83.889 92.882
0.000 12.883 32.869 42.842 52.803 43.757 43.707 45.652 43.595 34.533 40.468 49.398 38.320 31.232 30.131 36.017 45.897 52.773 16.617 8.465 34.312 34.162 29.023 37.936 42.870 43.814 39.762 39.712 31.665 28.621 28.579 28.539 27.501 25.464 32.428 46.393 45.360 44.327 39.295 30.265 28.237 29.210 28.186 28.165 29.152 0.000 0.000 0.000 36.175 3.153 7.142 0.000 0.000 0.000 26.090 6.069 9.055 26.045 25.034 25.021 26.007 27.994 27.981 27.969 26.957 26.946 24.935 24.926 25.917 13.911 0.000 3.882 86.876
0.000 11.960 35.943 54.914 45.876 42.831 42.781 43.727 42.670 44.609 49.546 38.477 32.400 32.311 32.200 31.059 31.909 37.759 54.614 52.467 31.308 30.151 29.022 29.927 41.856 39.797 50.744 38.689 31.641 29.598 30.557 29.518 34.480 42.443 38.407 32.372 38.337 48.303 45.270 44.237 35.205 28.175 28.146 29.121 27.102 0.000 0.000 36.231 24.220 0.000 0.000 38.162 33.159 32.148 24.126 0.000 0.000 31.054 28.043 28.028 28.013 27.998 27.984 27.971 27.958 27.947 27.936 26.925 27.916 29.907 19.900 0.000 28.870
0.174 25.052 50.029 45.996 34.955 39.910 44.859 39.805 45.748 51.688 43.628 31.565 30.494 32.411 32.298 36.109 36.919 30.741 41.611 37.483 34.301 31.112 27.986 34.896 38.829 40.776 31.726 58.659 46.613 36.572 28.533 34.496 53.459 63.422 56.386 33.350 35.315 38.279 42.244 47.208 45.173 41.138 30.104 27.070 34.034 39.987 0.000 11.243 32.255 0.000 0.000 8.165 28.168 28.158 28.142 33.127 32.104 28.075 27.055 28.036 28.019 28.002 27.987 27.973 27.960 27.947 27.935 27.924 26.913 26.903 27.893 30.879 26.869
12.231 46.168 52.125 37.084 32.041 33.993 35.942 46.887 50.829 61.767 60.714 53.660 42.602 31.539 34.474 1.324 0.000 29.673 35.606 32.554 0.000 29.012 32.912 49.843 48.789 51.751 0.000 23.609 63.580 57.545 43.509 49.473 67.437 67.401 65.365 34.329 40.292 40.255 42.217 30.179 39.141 45.102 44.062 43.020 55.978 64.940 0.000 0.000 22.301 47.348 0.000 0.000 51.191 32.176 32.156 32.135 32.111 33.087 27.065 26.044 30.024 27.005 26.989 26.974 26.960 27.947 26.934 25.922 25.911 25.900 25.888 25.877 24.866
11.297 57.262 43.220 32.176 32.130 32.081 45.028 42.972 59.914 74.836 71.802 68.760 63.714 54.670 45.637 0.000 0.000 0.000 23.587 34.573 0.000 0.000 25.808 43.775 42.734 57.688 29.625 30.587 63.553 68.519 64.485 63.450 66.415 66.380 67.344 46.307 38.270 40.232 40.192 30.151 39.109 33.066 52.021 22.972 61.918 83.855 54.761 24.703 0.000 25.394 0.000 27.267 87.228 40.198 42.171 42.145 38.120 39.096 31.073 26.052 8.027 27.006 26.990 29.975 32.960 42.946 32.933 27.920 28.908 28.896 28.885 28.873 28.863
43.397 47.362 41.318 39.271 34.222 46.172 40.117 53.059 31.021 0.972 51.900 70.863 69.823 70.789 53.767 0.000 0.000 0.000 17.582 40.577 0.000 0.000 22.737 37.716 32.682 59.643 70.599 70.562 66.528 66.494 66.461 67.428 66.394 66.359 66.324 60.287 35.249 37.210 35.168 30.125 41.079 42.032 44.983 1.930 46.866 82.802 52.725 70.646 31.540 17.441 29.378 85.307 73.257 45.218 39.185 41.155 35.128 29.103 27.081 25.065 0.000 33.002 40.990 48.975 55.960 64.945 53.931 33.918 27.905 28.893 28.881 28.870 28.859
54.533 43.472 43.418 39.367 46.317 43.267 46.210 70.125 57.106 40.085 61.016 69.969 68.928 67.896 47.876 0.000 0.000 0.000 0.000 0.000 0.000 0.000 28.688 37.668 48.637 64.603 66.567 66.533 66.501 66.469 66.438 66.406 66.374 66.340 66.305 66.269 52.230 42.190 35.146 28.100 32.052 32.000 36.947 55.889 41.827 76.762 62.691 69.615 76.532 62.453 67.387 76.325 52.274 53.232 39.195 38.163 30.134 27.108 28.083 30.061 44.036 50.011 67.992 66.975 65.959 64.944 64.929 54.915 32.902 27.889 28.877 28.865 28.854
45.639 33.574 35.516 47.462 44.413 44.367 14.333 0.000 49.192 75.161 70.112 69.067 71.026 52.991 38.965 22.981 0.000 0.000 0.000 0.000 0.000 0.000 34.659 51.631 63.596 66.564 66.533 66.503 66.474 66.445 66.415 66.385 66.354 66.322 66.288 66.252 67.214 61.172 53.127 45.079 43.027 45.971 36.914 53.854 32.792 74.728 7.661 28.592 63.521 35.453 26.391 82.334 46.283 50.240 48.202 29.168 27.138 28.110 28.084 36.060 57.036 68.013 64.993 64.975 64.958 61.942 60.927 58.912 57.899 31.885 27.873 27.861 27.850
35.735 32.669 45.609 45.554 40.504 60.458 14.420 23.394 63.309 70.254 69.205 69.160 69.118 45.076 45.013 55.997 0.000 0.000 0.000 0.000 0.000 0.000 0.000 1.593 60.552 72.525 67.499 66.473 66.447 66.420 66.393 66.366 66.337 66.306 66.274 66.239 66.201 67.159 68.112 65.061 65.005 67.945 47.883 53.821 27.759 68.697 4.634 6.571 59.508 29.447 39.389 73.335 54.286 46.242 50.204 27.170 28.139 27.110 29.084 39.059 60.035 61.013 65.993 64.974 59.956 56.939 60.924 65.909 64.895 53.881 34.868 33.856 32.845
31.827 45.760 46.698 34.642 45.590 66.542 59.497 65.453 71.395 69.342 69.294 69.250 66.211 50.183 0.130 0.000 0.000 0.000 0.000 0.000 0.000 0.000 0.000 0.000 5.505 17.486 58.464 67.442 66.420 66.397 66.373 66.348 66.321 66.293 66.262 68.229 67.192 67.150 66.102 68.048 66.987 66.921 56.853 54.788 31.727 43.667 73.608 52.550 60.493 29.438 57.385 51.333 54.283 42.240 36.203 28.169 28.138 28.109 36.082 41.057 42.034 47.011 54.991 52.971 53.953 64.936 64.920 64.905 64.890 65.877 59.864 55.851 53.839
46.912 46.845 35.783 31.725 46.672 65.621 71.574 70.526 69.475 69.426 69.379 70.334 61.293 54.263 0.000 0.000 0.000 0.000 0.000 0.000 0.000 0.000 0.000 0.000 14.477 34.449 61.430 67.412 66.394 66.374 66.353 66.331 66.307 66.281 68.253 68.222 68.187 60.147 65.099 68.043 70.974 68.899 62.820 58.753 46.693 30.636 78.581 61.528 63.476 28.426 74.379 38.328 19.273 36.233 27.198 28.165 27.135 36.106 42.079 41.054 41.031 40.008 32.988 28.968 58.949 64.932 64.916 64.900 64.885 64.872 65.858 65.846 65.834
43.991 34.925 32.863 30.805 47.750 67.699 69.650 69.602 69.555 69.508 69.463 71.415 50.363 48.313 0.000 0.000 0.000 0.000 0.000 0.000 0.000 0.000 0.000 0.000 0.000 48.404 67.395 66.383 66.369 66.353 66.335 66.316 68.295 67.273 67.248 67.220 61.189 39.151 55.104 65.050 15.968 6.881 40.776 47.711 56.655 43.603 64.553 82.504 67.457 34.413 76.378 0.316 12.249 25.222 28.190 28.159 30.130 40.102 38.075 39.050 41.027 44.004 37.983 38.964 54.945 64.927 64.911 64.895 64.880 64.866 64.853 64.840 64.828
35.066 33.000 37.939 42.881 57.826 69.775 69.726 69.679 69.633 69.590 69.548 70.502 57.432 0.000 0.000 0.000 0.000 0.000 0.000 33.280 0.000 12.282 0.000 0.000 0.000 23.367 58.364 65.357 66.347 66.334 66.319 66.303 68.285 66.266 66.245 66.222 50.197 46.166 8.118 10.084 0.000 0.000 25.691 32.658 54.615 40.570 45.524 88.479 71.434 50.390 60.347 10.293 55.249 32.215 28.183 28.152 30.123 39.096 50.069 50.045 52.021 57.999 52.978 63.958 64.940 64.922 64.905 64.889 64.874 64.860 64.846 64.834 64.821
36.136 33.072 40.011 58.953 69.899 69.848 69.799 69.753 69.710 69.671 69.636 75.611 0.000 0.000 0.000 0.000 0.000 0.000 33.280 45.280 32.281 47.283 43.284 0.000 13.320 45.334 52.337 63.334 66.327 66.317 66.305 67.292 66.277 66.261 66.245 62.227 51.210 56.197 0.000 0.000 0.000 9.633 42.640 34.617 52.577 28.536 30.495 78.453 77.411 69.368 55.325 55.281 44.241 39.206 28.174 28.144 28.115 38.088 60.063 67.038 66.015 65.993 57.972 64.952 64.934 64.916 64.899 64.883 64.868 64.853 64.840 64.827 64.815
34.203 32.140 47.080 67.023 70.969 69.918 69.870 69.825 69.783 69.746 69.716 76.696 0.000 0.000 0.000 0.000 0.000 0.000 22.280 42.280 42.281 41.283 44.286 28.293 36.305 44.314 44.316 61.315 67.310 66.302 66.293 66.282 66.270 66.258 67.245 59.232 55.221 49.214 0.000 0.000 0.000 2.626 6.619 34.592 53.541 30.503 26.467 65.428 82.388 79.346 60.305 39.265 38.229 39.195 30.164 27.134 28.106 31.080 42.055 62.031 65.008 64.986 56.965 64.946 64.927 64.909 64.892 64.876 64.861 64.846 64.833 64.820 64.807
33.268 35.206 55.146 71.090 70.037 69.987 69.939 69.894 69.852 69.815 71.784 69.761 0.000 0.000 0.000 0.000 0.000 0.000 8.280 47.280 53.281 58.282 49.284 48.288 42.294 38.299 49.300 63.299 66.295 66.290 69.282 67.274 66.264 66.254 66.245 61.236 53.228 48.225 23.227 0.000 0.000 0.000 0.000 0.000 45.490 31.470 27.441 60.405 91.366 72.324 51.284 42.247 44.213 42.181 37.151 26.123 28.096 27.071 31.046 50.022 65.000 64.978 56.958 64.938 64.919 64.901 64.885 64.868 64.853 64.839 64.825 64.812 64.800
33.330 43.268 63.210 71.154 70.102 70.052 70.004 69.959 69.916 70.879 68.846 56.803 40.803 0.000 0.000 0.000 0.000 0.000 10.279 48.279 57.280 57.279 61.280 63.282 46.285 45.287 60.288 66.286 66.283 66.279 67.273 66.266 66.259 66.251 66.244 64.237 52.232 53.229 47.229 0.000 0.000 0.000 0.000 0.000 31.459 31.446 25.422 70.387 58.346 64.300 34.261 54.226 48.195 41.166 41.138 32.111 27.085 28.060 27.036 39.013 61.991 63.970 57.949 64.930 65.911 64.893 64.876 64.860 64.845 64.831 64.817 64.804 64.792
