results3/res_3e8f-0032.wd
ncols         241
nrows         181
xllcorner     12693529.787448
yllcorner     3542525.717860
cellsize      155.156523
NODATA_value  -9999.000000
[rows 66 to 98 of 181, columns 75 to 149 of 241]
0.000 42.242 59.237 58.229 58.221 0.000 29.984 29.991 43.019 39.038 38.039 38.022 36.988 112.933 100.871 0.000 0.000 0.000 34.493 29.481 34.465 37.452 37.438 39.423 40.410 45.396 46.384 47.372 38.358 0.000 0.000 40.521 90.521 72.443 76.311 76.406 74.473 82.450 74.914 75.400 76.147 74.928 74.716 75.520 45.372 0.000 0.000 0.000 0.000 0.000 0.000 0.000 5.151 3.138 3.111 3.071 3.019 2.971 6.916 19.855 16.794 1.689 12.608 21.563 0.471 3.336 9.301 14.260 10.215 4.172 2.140 0.045 14.917 36.898 37.875
0.000 30.389 54.371 53.358 47.355 0.450 0.000 0.000 36.070 49.122 38.132 37.121 38.089 19.011 0.000 0.000 0.000 0.000 0.000 0.000 45.463 43.456 41.446 24.426 27.410 34.394 35.384 40.375 31.366 0.000 0.000 0.000 50.739 68.661 75.612 75.719 82.867 82.667 74.984 75.677 75.396 75.193 74.990 69.809 27.681 0.000 0.000 24.859 0.000 0.000 0.000 11.172 6.173 3.157 3.128 3.088 3.041 2.990 2.934 2.872 9.802 23.722 24.642 7.581 1.508 2.354 3.314 7.270 6.215 2.158 2.102 2.979 21.925 39.892 37.863
43.673 41.553 55.501 48.478 49.480 46.522 0.000 0.000 0.000 51.248 46.247 41.242 43.236 0.000 0.000 0.000 0.000 0.000 0.000 0.000 44.468 40.465 31.462 0.000 0.000 32.388 44.383 43.379 0.000 0.000 0.000 53.215 45.034 48.891 55.992 71.074 83.053 74.714 76.273 75.843 75.661 75.450 73.243 56.045 34.862 40.860 38.860 19.859 0.000 0.000 0.000 0.000 20.211 2.189 3.155 7.114 15.066 5.014 2.960 1.896 5.822 20.752 27.657 19.579 5.531 0.426 2.332 2.292 2.218 2.144 1.083 7.949 28.915 38.882 37.850
41.718 52.650 46.603 39.575 58.565 47.570 0.000 0.000 0.000 43.376 59.367 54.364 54.377 57.434 0.000 0.000 0.000 0.000 0.000 0.000 42.475 33.475 36.476 0.000 0.000 0.000 80.381 107.379 22.379 0.000 52.544 47.398 47.260 47.196 43.306 83.391 83.227 75.757 79.367 76.119 75.916 75.707 67.486 20.265 0.000 42.860 20.860 0.000 0.000 0.000 8.355 7.328 6.272 2.232 6.191 18.146 23.096 21.042 13.984 3.923 12.859 20.805 0.000 5.549 18.509 15.449 11.384 19.349 0.223 2.078 0.016 12.926 35.905 39.874 40.837
53.774 45.727 37.687 37.656 50.634 58.625 54.638 57.630 59.593 54.513 49.482 51.471 40.475 39.491 0.000 0.000 0.000 0.000 47.485 46.485 34.483 36.486 37.492 41.507 40.518 0.000 0.000 0.000 0.000 0.000 58.689 51.575 46.448 47.572 45.648 83.537 45.366 52.960 67.561 75.386 76.177 73.975 32.730 0.000 0.000 0.000 0.000 0.000 0.000 9.402 3.383 3.357 3.318 4.277 14.232 23.183 22.130 22.073 18.014 13.952 23.885 6.806 1.654 2.558 2.508 12.456 25.409 12.375 0.159 0.400 0.400 0.000 0.000 9.873 0.000
44.834 37.797 38.761 38.727 40.691 24.659 50.660 48.659 40.638 37.601 36.576 52.565 54.562 41.565 0.000 0.000 0.000 47.486 43.486 40.487 33.488 37.492 37.500 37.512 37.530 0.424 4.090 5.156 7.221 75.159 71.952 60.728 59.744 48.782 83.792 83.672 47.416 54.069 48.849 55.657 74.434 49.286 0.000 0.000 0.000 0.000 0.000 0.000 0.000 9.421 3.417 3.399 3.367 4.325 13.278 23.224 22.167 21.107 18.046 22.987 16.924 0.781 2.630 2.567 2.510 12.460 20.418 0.000 0.121 0.347 11.489 28.428 7.420 0.000 0.000
37.896 38.865 38.835 39.802 20.746 0.000 7.684 35.709 38.699 38.677 38.659 36.649 60.644 44.643 0.000 0.000 0.000 24.487 41.487 35.489 36.491 37.495 37.502 37.513 37.527 48.546 0.000 0.000 14.349 67.304 77.225 0.000 80.918 71.151 83.894 45.982 59.630 56.277 46.151 42.959 39.614 24.450 0.000 0.000 0.000 0.000 0.000 0.000 0.000 5.444 3.467 3.455 3.424 3.381 4.329 10.270 18.207 18.142 18.077 22.025 0.000 2.717 2.654 1.572 7.504 24.457 7.387 0.732 1.911 0.000 0.000 4.386 0.000 0.000 43.681
38.958 38.935 38.914 41.899 0.000 0.000 0.000 33.794 38.775 40.748 38.736 37.728 55.723 51.721 0.000 0.000 0.000 0.000 32.489 35.490 37.492 37.496 37.502 37.510 39.521 25.533 0.000 0.000 64.523 67.482 78.422 84.347 78.361 76.378 83.977 67.030 69.737 54.582 47.489 40.417 0.000 0.000 0.000 0.000 0.000 0.000 0.000 0.000 0.000 0.000 6.552 3.532 3.494 3.445 3.387 3.322 3.251 10.175 18.097 6.011 2.898 2.769 2.660 5.569 18.508 18.477 0.241 0.746 2.836 0.000 0.000 31.352 21.328 27.313 0.000
39.021 39.002 38.987 38.982 43.003 43.996 43.965 39.898 39.859 19.805 36.808 37.804 53.800 52.797 0.000 0.000 0.000 0.000 31.490 37.491 37.493 37.496 37.500 37.506 25.513 0.000 0.000 0.000 69.736 75.683 78.606 78.566 77.619 84.086 76.507 79.230 73.921 58.864 48.806 47.803 47.937 0.000 0.000 0.000 0.000 6.906 0.000 0.000 0.000 0.000 21.658 2.625 3.577 3.518 3.452 4.379 3.299 3.213 3.123 3.025 2.916 2.800 1.648 7.536 22.481 0.000 1.031 0.711 1.582 0.000 0.000 33.350 25.327 30.308 0.000
39.083 39.066 39.050 39.038 39.033 39.021 39.002 38.976 42.959 0.000 29.888 38.882 54.875 49.871 0.000 0.000 0.000 0.000 36.490 39.491 39.493 39.495 37.498 40.501 0.000 0.000 0.000 62.153 68.003 78.908 78.793 78.904 76.942 84.294 77.643 82.291 78.184 79.118 67.070 55.051 44.071 39.070 41.070 0.000 0.000 5.907 0.907 6.906 7.904 5.883 11.796 21.735 3.671 4.600 13.524 20.442 2.355 3.255 3.157 3.051 2.939 1.788 6.614 25.506 19.399 8.273 0.732 0.677 0.732 6.546 24.458 25.380 25.331 25.291 23.253
39.147 39.130 39.110 39.088 39.070 42.054 40.045 39.045 43.042 0.000 29.975 38.962 55.949 47.941 0.000 0.000 0.000 0.000 9.491 19.491 18.493 18.495 39.497 24.498 0.000 0.000 0.000 64.304 74.217 79.122 79.080 78.183 84.979 84.659 78.711 79.556 78.414 78.359 79.305 70.261 35.226 0.000 0.000 0.000 0.000 3.907 3.908 0.912 2.924 3.949 2.909 9.848 23.771 6.688 4.602 14.511 2.415 3.304 3.198 3.083 2.933 2.770 10.617 23.476 10.335 22.224 0.080 0.111 0.419 14.519 26.456 25.391 25.333 25.283 24.238
39.213 39.197 39.172 42.135 44.106 16.080 37.080 40.116 42.124 2.130 33.075 38.042 50.017 48.004 0.000 0.000 0.000 0.000 0.000 0.000 0.000 0.000 20.496 0.000 0.000 0.000 12.682 62.541 79.440 79.323 79.441 77.529 85.264 77.301 83.007 78.701 78.655 78.588 78.529 68.464 29.345 0.000 0.000 0.000 0.000 0.000 6.908 7.909 0.000 3.079 4.045 3.978 7.877 23.778 6.685 3.587 3.478 3.361 3.250 3.149 0.952 6.738 25.613 6.446 5.243 19.066 2.868 0.300 0.331 21.520 26.466 25.403 25.337 26.276 28.221
39.286 39.275 41.248 17.174 19.140 0.000 0.000 35.217 39.209 43.191 39.154 42.114 47.075 52.055 0.000 0.000 0.000 0.000 0.000 0.000 0.000 0.000 0.000 0.000 0.000 0.000 71.823 73.741 79.648 79.610 78.734 85.769 85.526 78.365 79.078 78.948 78.879 78.815 77.761 57.721 0.000 0.000 0.000 0.000 0.000 0.000 0.000 0.000 0.000 10.243 7.213 3.141 2.981 4.862 21.774 10.674 2.548 3.411 3.293 2.152 6.947 8.800 7.653 4.451 2.044 1.714 1.218 0.504 3.659 25.561 26.491 28.427 24.343 21.274 23.210
39.365 39.369 44.371 0.000 0.000 5.594 0.000 31.327 40.304 38.274 40.234 52.187 24.116 18.085 0.000 0.000 0.000 0.000 0.000 0.000 0.000 0.000 0.000 0.000 0.000 59.180 64.047 77.952 79.839 79.974 78.076 85.989 77.866 79.539 79.232 79.172 79.096 79.032 70.977 47.939 0.000 0.000 0.000 0.000 0.000 0.000 0.000 0.000 0.000 14.439 9.422 3.393 1.320 3.916 3.877 19.785 12.615 3.458 4.322 2.164 8.981 8.863 5.748 0.000 1.388 0.953 0.734 5.802 24.672 26.582 29.520 21.481 0.000 0.000 0.000
38.447 38.465 41.496 11.571 8.601 40.595 45.552 39.459 37.408 44.365 54.323 57.286 0.000 0.000 0.000 0.000 0.000 0.000 0.000 0.000 0.000 0.000 0.000 0.000 0.000 61.314 69.235 79.143 80.138 79.181 86.393 86.198 78.896 79.598 79.459 79.380 79.307 79.239 61.176 43.120 0.000 0.000 0.000 0.000 0.000 0.000 0.000 0.000 0.000 12.651 10.645 10.648 7.693 0.584 2.228 2.985 18.669 18.484 15.326 12.172 5.026 3.925 0.506 0.354 0.612 0.683 13.854 25.748 25.655 26.584 25.533 16.504 0.000 0.000 0.000
52.524 50.548 47.579 48.617 48.637 45.633 46.603 48.551 48.503 54.456 56.409 14.347 0.000 0.000 0.000 0.000 0.000 0.000 0.000 0.000 0.000 0.000 0.000 0.000 7.662 62.526 79.429 80.343 80.298 79.533 86.573 78.372 80.044 79.731 79.665 79.583 79.511 77.443 59.369 30.244 0.000 0.000 0.000 0.000 0.000 0.000 0.000 0.000 0.000 2.929 6.860 9.862 10.852 9.855 6.748 2.690 0.000 0.000 0.000 0.000 0.000 0.000 1.873 0.184 0.336 13.786 26.750 25.689 26.626 29.573 25.533 22.507 3.496 0.000 0.000
51.598 53.626 55.655 54.682 53.698 51.696 49.677 49.641 50.597 46.549 46.509 0.000 0.000 0.000 0.000 0.000 0.000 0.000 0.000 0.000 0.000 0.000 0.000 48.892 71.797 70.700 79.615 80.511 80.646 78.758 86.740 80.463 80.066 79.942 79.857 79.780 79.711 75.653 55.612 0.000 0.000 0.000 0.000 0.000 0.000 0.000 0.000 0.000 10.423 5.265 2.180 4.088 8.996 10.995 10.968 12.006 3.119 0.000 0.000 0.000 0.000 0.000 2.835 0.286 6.708 27.704 25.679 25.639 25.596 26.557 25.526 25.505 16.493 0.000 0.000
39.672 46.703 55.733 61.759 49.776 43.780 38.767 36.739 35.694 41.634 20.571 0.000 0.000 0.000 0.000 0.000 0.000 0.000 0.000 0.000 0.000 0.000 0.000 54.986 70.936 78.866 80.789 80.766 79.906 87.031 86.892 82.479 80.284 80.122 80.045 79.967 79.900 74.846 49.814 0.000 0.000 0.000 0.000 0.000 0.000 0.000 0.000 10.707 5.582 5.472 5.408 4.329 1.278 6.159 10.122 11.175 8.232 0.000 0.000 0.000 0.000 0.000 0.000 0.151 21.662 25.652 25.632 25.603 25.570 25.541 25.518 25.502 0.390 0.000 0.000
41.746 46.781 48.816 51.846 41.868 37.879 38.875 38.853 40.809 18.721 0.000 0.000 0.000 0.000 0.000 0.000 0.000 0.000 0.000 0.000 0.000 0.000 0.000 41.131 70.093 80.037 80.950 81.092 79.215 87.158 80.027 81.699 80.379 80.313 80.225 80.146 80.075 71.018 43.984 0.000 0.000 0.000 0.000 0.000 0.000 0.000 9.949 5.833 5.725 5.633 5.565 5.515 5.510 2.451 1.405 4.340 11.403 11.486 0.000 0.000 0.000 0.000 0.000 8.626 25.627 24.619 24.601 25.577 25.550 25.527 25.510 24.500 0.000 0.000 0.000
39.820 40.862 38.903 37.941 38.972 37.994 38.001 37.990 42.968 0.000 0.000 0.000 0.000 0.000 0.000 0.000 0.000 0.000 0.000 0.000 0.000 0.000 0.000 49.315 78.271 81.211 81.200 80.347 87.385 87.276 83.022 80.723 80.577 80.487 80.399 80.315 81.237 61.168 49.120 0.000 0.000 9.608 0.000 9.356 11.303 11.207 6.064 5.951 5.854 5.771 5.706 5.657 5.629 5.607 4.608 1.573 10.553 11.569 4.568 0.000 0.000 0.000 0.000 0.000 3.611 6.602 10.586 16.563 22.534 24.516 24.503 22.496 0.000 0.000 0.000
38.895 38.944 38.994 38.043 38.088 38.124 38.145 37.140 45.106 0.000 0.000 0.000 0.000 0.000 0.000 0.000 0.000 0.000 0.000 0.000 0.000 0.000 33.676 69.542 80.465 81.373 81.534 79.645 87.481 80.473 82.147 80.832 80.757 80.661 80.569 80.480 81.391 53.298 31.209 0.000 0.000 5.608 0.000 4.409 6.346 6.255 6.150 6.054 5.967 5.891 5.829 5.779 5.744 5.719 3.706 5.700 11.672 8.667 0.000 0.000 0.000 0.000 0.000 0.000 0.000 0.000 0.000 0.000 6.517 2.507 4.498 8.493 0.000 0.000 0.000
36.968 37.026 37.086 37.149 37.212 38.271 40.314 42.318 17.212 0.000 0.000 0.000 0.000 0.000 0.000 0.000 0.000 0.000 0.305 0.000 0.000 3.905 44.810 75.717 81.634 81.645 80.695 87.644 87.567 83.463 81.170 81.021 80.927 80.832 80.738 80.644 76.548 23.423 0.000 0.000 0.000 5.608 11.609 6.525 6.417 6.316 6.228 6.146 6.070 5.999 5.938 5.887 5.848 5.818 2.797 11.783 11.767 7.762 0.000 0.000 0.000 0.000 0.000 0.000 0.000 0.000 0.000 0.000 0.000 0.000 0.000 0.000 0.000 0.000 0.000
41.040 45.106 48.178 52.256 54.341 57.432 56.526 48.606 0.000 0.000 22.969 0.000 0.000 0.000 0.000 0.000 0.000 31.305 58.310 0.000 0.000 38.000 70.944 80.873 81.807 81.768 81.017 87.707 79.900 81.588 81.271 81.196 81.098 81.002 80.906 81.811 68.735 0.000 0.000 0.000 0.000 0.000 5.694 6.664 8.482 8.366 6.299 6.234 6.166 6.099 6.037 5.985 5.942 2.908 7.883 10.865 11.853 2.850 0.000 0.000 0.000 0.000 0.000 0.000 0.000 0.000 0.000 0.000 0.000 0.000 0.000 0.000 0.000 0.000 0.000
46.106 55.180 56.263 55.357 54.465 53.592 50.751 44.974 20.385 37.710 55.970 25.159 9.260 0.000 0.000 0.000 2.280 41.299 55.316 0.000 13.239 55.153 80.090 83.035 81.924 82.176 80.180 87.757 81.886 81.604 81.456 81.363 81.269 81.173 81.072 82.959 26.847 0.000 0.000 0.000 0.000 0.000 1.981 7.955 0.000 0.000 5.368 6.326 6.262 6.192 6.128 6.072 5.027 2.990 11.962 11.943 8.930 2.936 8.968 0.000 0.000 0.000 0.000 0.000 0.000 0.000 0.000 0.000 0.000 0.000 0.000 0.000 0.000 0.000 0.000
43.166 46.246 45.338 43.444 41.570 39.722 37.912 38.157 47.471 49.775 47.042 44.247 48.362 0.000 0.000 0.000 42.260 72.298 23.339 19.361 53.326 77.281 82.238 82.166 82.344 80.345 87.823 80.292 82.011 81.698 81.627 81.532 81.441 81.350 84.252 41.105 0.000 0.000 0.000 0.000 0.000 0.000 4.263 9.219 0.000 0.000 2.490 6.441 6.362 6.282 6.210 6.151 3.102 11.063 12.034 11.013 2.002 5.996 6.000 0.000 0.000 0.000 0.000 0.000 0.000 0.000 0.000 0.000 0.000 0.000 0.000 0.000 0.000 0.000 0.000
40.218 39.301 39.398 40.512 40.648 40.814 39.018 40.270 45.567 48.879 45.176 40.425 43.580 0.000 0.000 0.000 34.203 44.294 22.380 55.418 70.423 79.409 82.386 82.397 81.558 88.221 87.963 81.289 82.021 81.879 81.790 81.700 81.613 81.534 84.480 0.000 0.000 0.000 8.833 0.000 0.000 5.459 8.449 7.439 14.486 0.000 2.690 6.586 6.464 6.362 6.282 4.218 6.167 12.128 12.097 4.074 5.058 6.045 6.036 0.000 0.000 0.000 0.000 0.000 0.000 0.000 0.000 0.000 0.000 0.000 0.000 0.000 0.000 0.000 0.000
40.259 40.344 40.443 40.559 40.698 39.868 39.078 43.338 47.650 47.997 43.357 39.700 44.953 0.000 0.000 0.000 30.056 0.000 46.470 70.510 76.537 82.554 82.503 82.799 80.857 88.447 80.715 82.429 82.117 82.047 81.954 81.865 81.776 88.693 72.655 0.000 0.000 45.833 31.833 0.000 0.000 0.586 8.637 7.601 7.534 13.364 11.047 9.749 6.545 6.421 6.336 3.273 11.223 12.183 8.152 3.128 6.109 6.092 8.064 12.064 0.000 0.000 0.000 0.000 0.000 0.000 0.000 0.000 0.000 0.000 0.000 0.000 0.000 0.000 0.000
40.290 40.373 40.470 40.583 39.719 38.883 41.089 45.354 48.700 45.102 40.558 40.063 43.579 26.323 13.871 15.341 11.910 13.332 53.519 74.613 80.672 82.682 82.929 81.016 88.837 88.652 81.731 82.445 82.299 82.208 82.117 82.028 86.935 29.807 44.792 14.824 45.833 53.834 0.000 0.000 0.000 0.176 8.867 7.796 7.684 17.512 28.294 1.870 11.548 7.440 4.369 6.314 12.268 11.230 2.200 5.176 6.159 6.149 0.000 0.000 0.000 0.000 0.000 0.000 0.000 0.000 0.000 0.000 0.000 0.000 0.000 0.000 0.000 0.000 0.000
40.310 40.389 40.480 40.586 38.710 38.858 43.041 50.288 51.694 48.155 43.709 42.416 42.980 45.517 45.951 55.241 0.000 31.569 69.663 76.753 82.825 82.919 82.163 89.165 89.006 82.098 82.878 82.540 82.465 82.369 82.279 82.196 90.130 0.000 27.883 29.849 19.839 21.837 0.000 0.000 0.000 3.355 9.166 8.034 13.892 29.707 6.500 0.000 0.000 5.422 3.388 11.345 12.305 8.270 5.241 6.219 6.204 8.195 0.000 0.000 0.000 0.000 0.000 0.000 0.000 0.000 0.000 0.000 0.000 0.000 0.000 0.000 0.000 0.000 0.000
40.320 40.393 40.477 39.571 38.678 40.798 47.929 25.066 1.555 0.947 0.000 29.911 47.406 42.817 46.174 27.432 0.000 36.711 74.809 80.919 82.959 83.338 81.476 89.310 82.442 83.219 82.787 82.726 82.620 82.526 82.434 83.347 81.260 3.134 3.008 0.000 0.000 0.000 0.000 0.000 2.700 10.549 8.408 7.282 27.143 30.925 0.000 0.000 0.000 1.446 7.414 12.375 12.337 2.303 6.275 6.255 6.241 9.234 0.000 0.000 0.000 0.000 0.000 0.000 0.000 0.000 0.000 0.000 0.000 0.000 0.000 0.000 0.000 0.000 0.000
40.321 40.388 39.463 38.545 40.634 43.726 51.814 10.879 0.000 0.000 0.000 0.000 29.919 45.170 46.498 32.882 35.418 61.754 78.954 83.070 83.409 81.581 89.567 89.445 83.433 83.127 82.978 82.874 82.774 82.678 82.585 85.497 70.428 0.000 0.000 0.000 0.000 0.000 0.000 0.000 2.841 9.744 8.635 6.542 34.473 0.000 0.000 0.000 7.601 12.527 12.457 12.406 10.364 5.330 6.304 6.284 6.271 8.266 0.000 12.302 0.000 0.000 0.000 0.000 0.000 0.000 0.000 0.000 0.000 0.000 0.000 0.000 0.000 0.000 0.000
40.316 40.376 39.442 38.513 42.587 46.659 50.721 8.759 0.000 0.000 0.000 0.000 10.182 53.445 48.765 55.180 68.618 77.936 82.148 83.354 82.673 89.783 89.678 82.783 83.557 83.213 83.128 83.023 82.924 82.828 86.732 49.628 21.528 0.000 0.000 0.000 0.000 0.000 0.000 5.310 10.111 8.950 10.849 7.777 31.735 0.000 0.000 2.837 9.675 25.562 14.483 11.426 7.383 5.350 5.325 6.307 6.295 6.292 11.300 7.302 0.000 0.000 0.000 0.000 0.000 0.000 0.000 0.000 0.000 0.000 0.000 0.000 0.000 0.000 0.000
40.305 40.359 38.417 40.479 46.542 47.603 45.651 32.678 0.000 0.000 0.000 0.000 0.000 6.663 2.939 43.456 74.938 79.224 83.390 83.743 82.024 89.877 82.110 83.888 83.451 83.384 85.270 84.167 83.070 82.979 88.885 11.757 0.000 0.000 0.000 0.000 0.000 0.000 25.681 25.510 13.310 10.097 21.032 15.984 16.954 0.000 0.000 1.712 5.704 16.564 12.487 16.433 10.393 13.362 12.339 9.323 6.312 5.307 5.306 11.304 0.000 0.000 0.000 0.000 0.000 0.000 0.000 0.000 0.000 0.000 0.000 0.000 0.000 0.000 0.000
