results3/res_3e8f-0103.wd
ncols         241
nrows         181
xllcorner     12693529.787448
yllcorner     3542525.717860
cellsize      155.156523
NODATA_value  -9999.000000
[rows 66 to 98 of 181, columns 73 to 145 of 241]
68.755 32.745 0.000 57.936 74.915 73.886 73.858 0.000 45.283 45.265 58.275 54.283 53.263 53.219 52.153 128.059 115.896 0.000 0.000 0.000 48.709 43.653 48.568 51.512 51.465 53.423 54.384 59.340 60.300 61.256 52.196 0.000 0.000 49.497 99.497 81.407 85.260 85.338 83.383 91.310 83.778 84.250 84.982 83.748 83.519 84.309 54.149 0.000 0.000 0.000 0.000 0.000 0.000 0.000 31.248 29.229 29.193 29.141 29.077 29.010 32.937 45.859 42.780 27.701 38.620 47.540 26.462 29.386 35.310 40.235 36.160 30.087 28.016
53.757 59.734 0.000 46.142 70.107 69.080 63.082 16.162 0.000 0.000 51.349 64.423 53.422 52.392 53.350 34.310 0.000 0.000 0.000 0.000 0.000 0.000 59.510 57.486 55.457 38.420 41.380 48.337 49.304 54.272 45.234 0.000 0.000 0.000 59.738 77.643 84.574 84.660 91.751 91.538 83.857 84.539 84.244 84.027 83.809 78.616 36.479 0.000 0.672 33.672 0.000 0.000 0.000 37.286 32.286 29.265 29.228 29.177 29.117 29.051 28.981 28.906 35.829 49.751 50.672 33.594 27.517 28.441 29.366 33.291 32.218 28.145 28.074
55.765 54.701 59.572 57.381 71.293 64.246 65.229 62.242 0.000 0.000 0.000 66.637 61.610 56.577 58.544 5.522 0.000 0.000 0.000 0.000 0.000 0.000 58.475 54.466 45.455 0.000 0.000 46.322 58.308 57.294 0.000 0.000 5.449 62.329 54.074 57.893 64.966 80.022 91.949 83.613 85.160 84.717 84.521 84.297 82.077 64.866 43.673 49.672 47.672 28.672 0.000 0.000 0.000 0.000 46.345 28.317 29.275 33.223 41.164 31.098 29.028 27.955 31.879 46.802 53.724 45.647 31.571 26.496 28.421 28.347 28.274 28.202 27.131
55.804 53.732 57.633 68.519 62.436 55.381 74.347 63.334 15.348 0.000 9.017 58.878 74.806 69.760 69.728 72.711 0.000 0.000 0.000 0.000 4.437 4.441 56.450 47.448 50.443 0.000 0.000 0.000 94.312 121.303 36.303 0.000 61.570 56.467 56.304 56.209 52.289 92.313 92.136 84.666 88.265 85.005 84.789 84.568 76.334 29.100 0.000 51.672 29.672 0.000 0.000 0.000 34.543 33.508 32.434 28.383 32.333 44.278 49.217 47.150 40.080 30.006 38.930 46.853 25.776 31.700 44.624 41.550 37.476 45.403 26.330 28.258 26.187
53.858 59.790 69.710 61.626 53.553 53.494 66.444 74.398 70.363 73.291 75.157 70.050 64.978 66.929 55.898 54.883 0.000 0.000 0.000 5.431 61.433 60.435 48.437 50.434 51.426 55.410 54.399 0.000 5.324 0.000 0.000 7.955 67.793 60.664 55.503 56.592 54.635 92.473 54.297 61.880 76.470 84.284 85.063 82.850 41.592 0.000 0.000 0.000 0.000 0.000 0.000 35.603 29.579 29.547 29.498 30.449 40.396 49.338 48.275 48.206 44.134 40.059 49.983 32.906 27.828 28.752 28.677 38.603 51.531 38.458 26.385 27.312 33.242
59.922 70.859 60.791 53.721 54.656 54.597 56.539 40.450 66.415 64.354 56.268 53.188 52.125 68.081 70.053 57.039 0.000 0.000 0.000 61.429 57.429 54.429 47.428 51.424 51.416 51.404 51.389 10.365 13.336 14.308 16.256 84.117 80.986 69.856 68.811 57.808 92.758 92.622 56.356 63.000 57.770 64.567 83.332 58.177 0.000 0.000 0.000 0.000 0.000 0.000 0.000 35.627 29.623 29.602 29.565 30.518 39.464 49.404 48.338 47.267 44.192 49.115 43.036 26.958 28.880 28.803 28.728 38.656 46.585 25.514 28.441 31.362 50.295
70.993 60.935 53.873 54.811 54.753 55.701 36.663 0.000 23.491 51.442 54.375 54.308 54.255 52.217 76.193 60.181 0.000 0.000 0.000 38.427 55.426 49.424 50.422 51.418 51.411 51.401 51.388 62.370 2.346 6.333 23.344 76.271 86.169 8.057 89.979 80.170 92.877 54.940 68.579 65.218 55.084 51.882 48.521 33.349 0.000 0.000 31.211 0.000 0.000 0.000 0.000 31.655 29.684 29.673 29.641 29.595 30.539 36.476 44.406 44.331 44.253 48.172 26.090 29.009 28.930 27.852 33.778 50.707 33.640 27.574 30.503 11.401 12.337
61.068 54.013 54.956 54.899 54.843 57.792 13.748 11.714 4.617 49.549 54.482 56.412 54.370 53.340 71.321 67.312 0.000 0.000 0.000 0.000 46.422 49.421 51.418 51.415 51.409 51.402 53.392 39.381 0.000 0.000 73.516 76.454 87.364 93.235 87.338 85.373 92.978 75.995 78.695 63.533 56.435 49.359 0.000 0.000 0.000 0.000 29.211 0.000 0.000 0.000 0.000 0.000 32.785 29.766 29.730 29.681 29.622 29.554 29.480 36.400 44.316 32.230 29.144 29.059 28.977 31.899 44.825 44.756 26.692 28.637 31.597 0.000 0.000
54.148 55.095 55.040 54.984 54.928 54.875 58.825 59.776 59.714 55.655 55.590 35.491 52.471 53.452 69.438 68.433 0.000 0.000 0.000 0.000 45.419 51.418 51.416 51.413 51.409 51.404 39.398 0.000 0.000 1.940 78.752 84.665 87.567 87.513 86.590 93.113 85.486 88.201 82.887 67.826 57.764 56.760 56.899 0.000 0.000 0.000 26.212 33.212 26.212 0.000 0.000 0.000 47.906 28.876 29.833 29.778 29.714 30.640 29.559 29.472 29.381 29.289 29.197 29.107 28.022 33.941 48.867 25.798 28.738 28.687 30.651 5.644 0.000
55.231 55.179 55.125 55.068 55.011 54.955 54.902 54.853 54.807 54.765 58.734 0.000 45.571 54.559 70.548 65.550 1.600 0.000 0.000 0.000 50.417 53.416 53.415 53.413 51.410 54.408 0.000 0.000 0.000 71.087 76.982 87.889 87.767 87.873 85.918 93.325 86.625 91.267 87.156 88.088 76.037 64.017 53.038 48.038 50.038 0.000 0.000 32.213 27.213 33.208 34.193 32.153 38.057 48.001 29.946 30.885 39.815 46.734 28.645 29.548 29.448 29.347 29.247 28.152 33.062 51.978 45.902 34.834 27.773 28.721 30.677 45.637 63.578
55.318 55.266 55.211 55.154 55.093 55.031 54.974 57.926 55.895 54.867 58.845 0.000 45.685 54.663 71.643 63.635 3.646 0.000 0.000 0.000 23.417 33.416 32.414 32.412 53.410 38.409 0.000 0.000 0.000 73.283 83.205 88.109 88.064 87.165 93.976 93.669 87.696 88.538 87.394 87.335 88.279 79.234 44.197 0.000 0.000 0.000 0.000 30.215 30.217 27.218 29.217 30.210 29.169 36.122 50.067 33.003 30.926 40.837 28.737 29.629 29.516 29.403 29.294 29.191 37.095 50.008 36.930 48.861 26.800 27.747 32.698 53.651 65.598
55.407 55.355 55.300 55.242 55.177 58.101 60.039 31.982 52.982 55.961 57.936 17.912 48.820 53.767 65.727 63.702 4.690 0.000 0.000 0.000 0.000 0.000 0.000 0.000 34.410 0.000 0.000 0.000 21.725 71.556 88.444 88.321 88.434 86.516 94.253 86.291 91.995 87.688 87.640 87.572 87.511 77.443 38.320 0.000 0.000 0.000 0.000 0.000 33.223 34.230 21.249 29.299 30.289 30.252 34.199 50.131 33.050 29.952 29.839 29.713 29.584 29.456 27.335 33.222 52.120 33.029 31.950 45.881 29.821 27.767 34.719 60.672 65.623
55.498 55.446 55.394 55.338 57.271 33.156 35.098 0.000 15.089 51.061 55.024 58.980 54.916 57.856 62.796 67.756 6.723 0.000 0.000 0.000 0.000 0.000 0.000 0.000 0.000 0.000 0.000 5.016 80.895 82.773 88.664 88.617 87.734 94.753 94.512 87.358 88.071 87.941 87.870 87.804 86.748 66.708 0.000 0.000 0.000 0.000 0.000 0.000 0.000 25.230 0.000 36.451 33.434 29.397 29.344 31.275 48.189 37.083 28.953 29.802 29.649 28.504 33.369 35.244 34.133 31.038 28.960 28.893 28.835 29.784 42.737 64.694 65.651
55.589 55.538 55.490 55.447 60.413 0.000 0.000 21.313 13.225 47.168 56.119 54.068 56.010 67.944 39.847 33.802 0.000 0.000 0.000 0.000 0.000 0.000 0.000 0.000 0.000 0.000 0.000 68.136 73.067 86.977 88.859 88.987 87.081 94.975 86.866 88.539 88.231 88.169 88.093 88.027 79.971 56.932 0.000 0.000 0.000 0.000 0.000 0.000 0.000 0.000 0.000 40.620 35.599 29.560 27.506 30.436 30.349 46.238 39.089 29.892 30.708 28.541 35.391 35.253 32.129 26.033 28.958 28.895 30.842 44.795 63.753 65.715 68.680
56.677 54.627 54.582 54.545 57.522 27.528 24.488 56.402 61.328 55.269 53.216 60.164 70.111 73.063 0.000 0.000 0.000 0.000 0.000 0.000 0.000 0.000 0.000 0.000 0.000 0.000 0.000 70.326 78.262 88.172 89.163 88.201 95.383 95.185 87.901 88.603 88.463 88.384 88.309 88.240 70.176 52.118 0.000 0.000 0.000 0.000 0.000 0.000 0.000 0.000 0.000 38.810 36.783 36.738 33.682 26.615 28.533 29.429 45.274 44.971 41.747 38.563 31.401 30.250 27.095 28.007 28.943 32.889 52.843 64.802 64.766 65.734 64.706
70.760 69.711 68.667 66.630 63.600 64.575 64.535 61.477 62.418 64.364 64.312 70.261 72.206 30.134 0.000 0.000 0.000 0.000 0.000 0.000 0.000 0.000 0.000 0.000 0.000 8.843 16.764 71.582 88.473 89.381 89.330 88.558 95.568 87.385 89.056 88.742 88.675 88.592 88.519 86.449 68.373 39.246 0.000 0.000 0.000 0.000 0.000 0.000 0.000 0.000 0.000 29.027 32.984 35.929 36.870 35.808 32.741 28.671 22.608 0.000 0.000 0.000 0.000 0.000 30.996 28.959 31.917 52.876 65.839 64.805 65.775 68.748 64.726
66.838 68.789 67.746 69.707 71.672 70.639 69.599 67.553 65.504 65.455 66.408 62.361 62.318 0.000 0.000 0.000 0.000 0.000 0.000 0.000 0.000 0.000 0.000 0.000 0.000 57.923 80.866 79.764 88.670 89.558 89.685 87.787 95.740 89.482 89.085 88.959 88.873 88.794 88.724 84.665 64.623 0.000 0.000 0.000 0.000 0.000 0.000 0.000 0.000 0.000 36.447 31.288 28.196 30.125 35.062 37.005 36.952 37.908 28.878 0.000 0.000 0.000 0.000 0.000 31.933 29.916 45.889 66.861 64.832 64.804 64.780 65.758 64.740
54.911 54.863 55.819 62.780 71.744 77.708 65.671 59.631 54.589 52.547 51.504 57.457 36.387 0.000 0.000 0.000 0.000 0.000 0.000 0.000 0.000 0.000 0.000 0.000 0.000 64.059 80.015 87.940 89.855 89.822 88.952 96.044 95.898 91.504 89.308 89.145 89.066 88.987 88.919 83.864 58.831 0.000 0.000 0.000 0.000 0.000 0.000 0.000 0.000 36.740 31.607 31.483 31.387 30.311 27.249 32.197 36.156 37.129 34.120 0.000 0.000 0.000 0.000 34.874 28.888 32.881 60.865 64.845 64.823 64.802 64.782 64.764 64.750
53.978 53.931 57.889 62.850 64.814 67.780 57.745 53.710 54.674 54.638 56.603 34.575 0.000 0.000 0.000 0.000 0.000 0.000 0.000 0.000 0.000 0.000 0.000 0.000 0.000 50.240 79.193 89.126 90.026 90.156 88.266 96.179 89.060 90.731 89.409 89.341 89.251 89.171 89.099 80.041 53.006 0.000 0.000 0.000 0.000 0.000 0.000 0.000 35.999 31.874 31.756 31.649 31.559 31.485 31.425 28.378 27.345 30.332 37.352 37.445 0.000 0.000 0.000 28.861 29.863 47.857 64.846 63.831 63.814 64.797 64.782 64.768 64.756
54.040 53.995 55.954 56.917 54.883 53.851 54.820 53.790 53.760 53.729 58.696 3.666 0.000 0.000 0.000 0.000 0.000 0.000 0.000 0.000 0.000 0.000 0.000 0.000 1.667 58.467 87.394 90.315 90.287 89.419 96.423 96.305 92.062 89.760 89.613 89.521 89.431 89.345 90.266 70.195 58.146 0.000 0.000 35.685 0.000 35.418 37.367 37.272 32.123 32.002 31.895 31.799 31.716 31.646 31.589 31.545 30.516 27.503 36.511 37.538 30.538 0.000 0.000 36.846 28.845 36.839 42.830 45.819 49.806 55.792 61.780 63.769 63.760
55.097 55.055 55.017 54.982 54.950 53.922 53.895 53.870 53.847 52.821 60.786 11.726 0.000 0.000 0.000 0.000 0.000 0.000 0.000 0.000 0.000 0.000 0.000 0.000 42.817 78.694 89.601 90.490 90.630 88.722 96.529 89.522 91.193 89.875 89.797 89.699 89.606 89.514 90.423 62.328 40.237 0.000 0.000 31.685 0.000 30.468 32.413 32.326 32.220 32.117 32.022 31.935 31.859 31.793 31.740 31.698 29.669 31.654 37.652 34.659 0.000 0.000 0.000 35.833 34.831 33.825 32.818 31.808 30.798 34.787 45.777 41.768 43.761
53.150 53.111 53.075 53.043 53.015 52.990 52.968 53.950 55.935 57.922 32.902 0.072 0.000 0.000 0.000 0.000 0.000 0.000 0.000 0.981 9.971 0.000 0.000 13.149 54.012 84.895 90.787 90.774 89.801 96.713 96.626 92.516 90.220 90.068 89.972 89.875 89.779 89.683 85.585 32.456 0.000 0.000 0.000 31.686 37.664 32.574 32.490 32.402 32.312 32.225 32.141 32.062 31.991 31.930 31.878 31.838 28.809 37.792 37.785 33.786 0.000 0.000 0.000 34.823 33.819 34.814 34.807 34.799 34.790 34.781 33.773 33.766 32.760
54.199 54.163 57.130 61.101 64.076 68.054 70.037 73.026 72.022 64.031 2.071 13.155 37.199 5.223 0.000 0.000 0.000 0.000 0.000 40.992 67.967 7.931 0.000 47.286 80.189 90.078 90.976 90.906 90.129 96.789 88.961 90.645 90.325 90.247 90.147 90.050 89.951 90.854 77.777 0.000 0.000 0.000 0.000 11.709 31.732 32.673 34.571 34.478 32.403 32.329 32.254 32.182 32.115 32.056 32.006 28.967 33.938 36.919 37.912 28.913 0.000 0.000 0.000 18.817 39.810 39.805 36.798 33.790 33.783 34.775 35.768 35.762 34.758
56.244 55.211 62.181 71.155 72.133 71.115 70.101 69.094 66.095 60.109 35.139 52.183 70.219 39.247 23.272 0.000 0.000 0.000 12.055 51.021 64.974 3.896 22.744 64.520 89.377 92.263 91.105 91.317 89.292 96.852 90.951 90.663 90.513 90.418 90.322 90.225 90.122 92.006 35.891 0.000 0.000 0.000 0.000 0.000 27.882 33.817 14.642 14.538 31.493 32.433 32.365 32.296 32.231 32.174 31.125 29.085 38.055 38.036 35.030 29.042 35.092 0.000 0.000 0.000 50.801 65.797 58.790 54.782 50.775 46.769 49.763 49.758 32.754
56.285 56.256 59.229 62.206 61.186 59.170 57.159 55.154 53.157 53.169 62.191 64.220 61.248 58.274 62.297 10.317 0.000 0.000 52.089 82.062 33.012 28.934 62.817 86.673 91.547 91.407 91.528 89.483 96.936 89.362 91.075 90.759 90.686 90.590 90.498 90.406 93.307 50.156 0.000 0.000 0.000 0.000 0.000 0.000 30.097 35.072 0.000 0.000 28.599 32.547 32.477 32.406 32.341 32.283 29.234 37.194 38.162 37.141 28.130 32.131 32.143 0.000 0.000 0.000 18.796 48.792 66.782 65.774 65.767 65.762 65.757 59.753 49.750
56.324 56.298 56.274 55.253 55.235 56.221 56.211 56.207 54.209 55.218 60.235 63.256 59.280 54.303 57.324 12.338 0.000 0.000 44.150 54.126 32.079 65.010 79.917 88.809 91.700 91.637 90.740 97.321 97.079 90.357 91.085 90.940 90.850 90.760 90.673 90.595 93.542 0.000 0.000 8.922 17.922 0.000 0.000 31.447 34.337 33.301 40.346 0.000 28.758 32.678 32.589 32.510 32.442 30.384 32.334 38.293 38.260 30.235 31.219 32.210 32.207 0.000 0.000 0.000 0.000 0.000 48.773 64.765 64.759 64.754 64.750 65.747 65.744
56.361 56.337 56.316 56.296 56.280 56.267 56.258 55.254 54.255 58.261 62.273 62.291 57.313 53.336 58.357 11.372 0.000 0.000 40.237 9.211 56.169 80.109 86.033 91.951 91.810 92.027 90.021 97.536 89.785 91.494 91.180 91.108 91.014 90.925 90.839 97.759 81.724 0.000 4.922 54.922 40.922 0.000 0.000 26.557 34.505 33.451 33.390 39.252 36.997 35.820 32.692 32.604 32.535 29.477 37.427 38.385 34.350 29.322 32.300 32.282 34.268 38.280 0.000 0.000 0.000 0.000 0.000 61.753 64.750 64.746 64.743 65.740 63.737
56.397 56.375 56.355 56.337 56.322 56.309 55.300 54.295 56.294 60.298 63.307 59.322 54.344 53.370 56.398 38.422 25.445 26.424 22.349 23.314 63.276 84.225 90.164 92.067 92.217 90.217 97.911 97.732 90.796 91.507 91.359 91.267 91.176 91.089 95.999 38.877 53.873 23.911 54.921 62.923 0.000 0.000 0.000 25.718 34.674 33.607 33.513 43.369 54.158 27.911 37.757 33.678 30.616 32.561 38.512 37.469 28.433 31.403 32.378 32.351 19.303 20.291 0.000 0.000 0.000 0.000 0.000 42.744 63.741 64.738 64.735 68.733 64.730
56.433 56.412 56.393 56.376 56.361 56.348 54.339 54.333 58.330 65.330 66.334 62.347 57.370 55.402 55.442 57.472 57.489 66.478 7.419 41.421 79.395 86.353 92.300 92.281 91.425 98.232 98.076 91.160 91.938 91.598 91.522 91.424 91.335 91.254 99.193 0.000 36.978 38.939 28.929 30.926 0.000 0.000 0.000 28.925 34.868 33.788 39.687 55.552 32.355 0.000 18.745 31.735 29.692 37.640 38.591 34.546 31.509 32.479 32.457 34.442 0.000 0.000 0.000 0.000 0.000 0.000 34.738 15.738 54.733 64.730 64.728 69.725 64.723
56.467 56.447 56.429 56.412 56.397 55.384 54.374 56.367 63.362 40.358 16.351 15.361 12.386 42.428 59.496 54.535 57.563 38.578 0.583 46.554 84.530 90.500 92.406 92.664 90.699 98.375 91.502 92.276 91.842 91.780 91.673 91.577 91.485 92.399 90.325 12.267 12.123 0.000 0.000 0.000 0.000 0.000 28.342 36.187 34.086 32.992 52.894 56.798 0.000 0.000 0.000 27.823 33.776 38.718 38.664 28.617 32.578 32.549 32.528 35.517 0.000 0.000 0.000 0.000 0.000 0.000 13.738 0.000 42.724 64.722 64.721 70.719 64.716
56.501 56.481 56.463 56.446 55.431 54.418 56.407 59.399 67.393 26.390 0.000 0.000 0.000 0.000 41.578 56.610 57.650 43.693 45.743 71.706 88.681 92.624 92.815 90.851 98.626 98.506 92.486 92.179 92.028 91.923 91.822 91.724 91.628 94.532 79.440 8.354 0.000 0.000 0.000 0.000 0.000 0.000 28.497 35.397 34.296 32.200 60.099 20.948 0.000 0.000 34.085 38.960 38.869 38.794 36.731 31.679 32.639 32.609 32.590 34.582 0.000 38.667 0.000 0.000 0.000 0.000 0.000 0.000 35.715 64.715 64.714 64.713 64.711
56.533 56.513 56.495 56.479 55.463 54.449 58.437 62.428 66.421 24.418 0.000 0.000 0.000 0.000 21.627 64.677 59.732 65.801 78.848 87.849 91.830 92.856 92.023 98.839 98.736 91.830 92.603 92.258 92.173 92.067 91.967 91.871 95.771 58.662 30.551 0.000 0.000 0.000 0.000 0.000 0.000 30.961 35.753 34.608 36.500 33.414 57.353 0.000 0.000 29.361 36.209 52.064 40.948 37.857 33.786 31.731 31.689 32.660 32.642 32.639 37.660 33.667 24.667 0.000 0.000 0.000 31.703 33.704 32.708 64.709 64.708 64.707 64.706
56.563 56.544 56.526 56.510 54.494 56.479 62.465 63.454 61.446 48.444 9.452 0.000 0.000 0.000 0.000 17.739 13.801 53.932 84.997 89.011 92.976 93.164 91.304 98.932 91.148 92.925 92.488 92.421 94.308 93.207 92.110 92.019 97.924 20.793 0.000 0.000 0.000 0.000 0.000 12.520 51.410 51.170 38.944 35.783 46.682 41.604 42.547 3.551 0.000 27.513 32.327 43.139 39.001 42.900 36.825 39.769 38.727 35.698 32.680 31.672 31.674 37.674 0.000 0.000 0.000 0.000 28.702 28.702 38.703 64.703 64.703 64.703 64.702
