results3/res_3e8f-0201.wd
ncols         241
nrows         181
xllcorner     12693529.787448
yllcorner     3542525.717860
cellsize      155.156523
NODATA_value  -9999.000000
[rows 66 to 98 of 181, columns 73 to 145 of 241]
71.841 35.827 0.000 60.983 77.959 76.927 76.899 0.000 48.292 48.276 61.289 57.299 56.279 56.233 55.164 131.064 118.890 0.000 0.000 0.000 51.607 46.543 51.448 54.384 54.332 56.282 57.234 62.177 63.123 64.077 55.045 0.000 0.000 52.341 102.341 84.255 88.121 88.211 86.264 94.183 86.675 87.155 87.894 86.667 86.446 87.242 57.087 0.000 0.000 0.000 0.000 0.000 0.000 0.000 43.423 41.399 41.358 41.303 41.237 41.168 45.094 58.016 54.939 39.863 50.789 59.716 38.644 41.572 47.500 52.429 48.359 42.291 40.224
56.844 62.813 0.646 49.211 73.169 72.138 66.141 19.227 0.000 0.000 54.369 67.449 56.449 55.417 56.373 37.331 0.000 0.000 0.000 0.000 0.000 0.000 62.379 60.353 58.319 41.276 44.227 51.172 52.131 57.099 48.072 0.000 0.000 0.000 62.583 80.492 87.430 87.523 94.608 94.403 86.747 87.435 87.147 86.937 86.727 81.539 39.407 0.000 3.594 36.594 0.000 0.000 0.000 49.505 44.469 41.434 41.391 41.338 41.276 41.210 41.139 41.066 47.991 61.917 62.844 45.771 39.700 40.628 41.558 45.488 44.419 40.351 40.285
58.857 57.788 62.657 60.460 74.366 67.316 68.299 65.313 0.000 0.000 0.000 69.678 64.650 59.614 61.580 8.556 0.000 0.000 0.000 0.000 0.000 0.000 61.338 57.327 48.315 0.000 0.000 49.152 61.132 60.116 0.000 0.000 8.290 65.170 56.916 60.739 67.816 82.877 94.800 86.484 88.040 87.604 87.415 87.198 84.985 67.782 46.594 52.594 50.594 31.594 0.000 0.000 0.000 7.541 58.514 40.478 41.433 45.380 53.321 43.256 41.188 40.116 44.043 58.970 65.898 57.826 43.755 38.684 40.615 40.546 40.478 40.411 39.344
58.902 56.827 60.724 71.606 65.519 58.461 77.426 66.413 18.430 0.000 12.082 61.934 77.859 72.810 72.776 75.758 0.000 0.000 0.000 0.000 7.290 7.295 59.307 50.305 53.298 0.000 0.000 0.000 97.128 124.116 39.101 0.000 64.409 59.305 59.143 59.050 55.133 95.152 94.981 87.529 91.136 87.882 87.674 87.460 79.234 32.008 0.000 54.594 32.594 0.000 0.000 0.000 46.648 45.605 44.569 40.529 44.483 56.430 61.371 59.307 52.239 42.168 51.096 59.023 37.951 43.879 56.809 53.739 49.671 57.604 38.537 40.470 38.403
56.963 62.891 72.808 64.720 56.645 56.583 69.531 77.483 73.447 76.373 78.231 73.118 68.041 69.990 58.957 57.941 0.000 0.000 0.000 8.283 64.285 63.288 51.290 53.286 54.276 58.255 57.242 0.000 8.135 2.120 1.068 10.811 70.633 63.500 58.337 59.427 57.472 95.308 57.144 64.735 79.331 87.152 87.939 85.733 44.483 0.000 0.000 0.000 0.000 0.000 0.000 47.717 41.691 41.661 41.627 42.587 52.540 61.486 60.426 60.361 56.293 52.221 62.149 45.076 40.003 40.932 40.862 50.793 63.726 50.661 38.595 39.530 45.463
63.033 73.967 63.896 56.823 57.756 57.694 59.633 43.540 69.503 67.440 59.350 56.265 55.199 71.152 73.122 60.108 0.000 0.000 0.000 64.281 60.281 57.280 50.279 54.274 54.264 54.248 54.228 13.197 16.158 17.128 19.079 86.949 83.816 72.684 71.639 60.635 95.584 95.452 59.196 65.845 60.621 67.426 86.199 61.049 0.000 0.000 0.000 0.000 0.000 0.000 0.000 47.743 41.739 41.721 41.691 42.652 51.604 61.548 60.486 59.420 56.349 61.276 55.202 39.128 41.055 40.983 40.913 50.845 58.780 37.717 40.654 43.590 62.522
74.109 64.049 56.985 57.921 57.860 58.807 39.766 0.000 26.587 54.535 57.464 57.392 57.337 55.297 79.272 63.260 0.000 0.000 0.000 41.278 58.276 52.274 53.271 54.266 54.257 54.244 54.227 65.204 5.172 9.155 26.164 79.093 88.990 10.877 92.799 82.990 95.700 57.765 71.409 68.054 57.925 54.730 51.381 36.215 0.000 0.000 43.314 0.000 0.000 0.000 0.000 43.772 41.801 41.793 41.765 41.725 42.675 48.616 56.552 56.482 56.408 60.332 38.256 41.179 41.105 40.032 45.962 62.896 45.832 39.772 42.715 23.655 24.573
64.190 57.134 58.075 58.015 57.958 60.905 16.860 14.825 7.721 52.649 57.578 59.505 57.459 56.428 74.409 70.399 0.000 0.000 0.000 0.000 49.271 52.270 54.267 54.262 54.255 54.245 56.233 42.218 0.000 0.000 76.331 79.266 90.175 96.046 90.149 88.187 95.800 78.813 81.516 66.358 59.264 52.190 0.000 0.000 0.000 0.000 41.314 0.000 0.000 0.000 0.000 0.000 44.901 41.884 41.852 41.808 41.754 41.691 41.622 48.548 56.469 44.389 41.309 41.229 41.152 44.078 57.008 56.942 38.881 40.825 43.777 10.743 0.000
57.275 58.221 58.165 58.107 58.050 57.996 61.944 62.892 62.825 58.762 58.694 38.589 55.567 56.548 72.534 71.530 0.000 0.000 0.000 0.000 48.268 54.266 54.264 54.260 54.255 54.248 42.241 0.000 0.000 4.697 81.564 87.468 90.368 90.314 89.392 95.934 88.292 91.009 85.698 70.640 60.580 59.577 59.711 0.000 0.000 0.000 38.314 45.314 38.314 0.000 0.000 0.000 60.018 40.991 41.950 41.901 41.841 42.773 41.698 41.617 41.532 41.446 41.360 41.277 40.197 46.121 61.050 37.984 40.924 40.871 42.826 17.796 0.000
58.364 58.311 58.256 58.199 58.141 58.083 58.028 57.975 57.925 57.881 61.846 0.000 48.674 57.661 73.651 68.657 4.704 0.000 0.000 0.000 53.265 56.264 56.262 56.259 54.256 57.253 0.000 0.000 0.000 73.830 79.758 90.673 90.555 90.663 88.712 96.138 89.424 94.067 89.959 90.893 78.844 66.825 55.845 50.845 52.845 0.000 0.000 44.315 39.314 45.308 46.293 44.255 50.163 60.109 42.059 43.003 51.937 58.863 40.780 41.690 41.597 41.503 41.410 40.321 45.237 64.159 58.087 47.021 39.961 40.908 42.861 57.818 75.772
58.456 58.403 58.348 58.291 58.231 58.169 58.109 61.056 59.020 57.988 61.965 0.000 48.794 57.772 74.751 66.743 6.750 0.000 0.000 0.000 26.264 36.263 35.261 35.259 56.257 41.255 0.000 0.000 0.000 76.035 85.969 90.881 90.840 89.944 96.758 96.465 90.486 91.329 90.188 90.132 91.078 82.034 46.999 0.000 0.000 0.000 0.000 42.316 42.318 39.318 41.316 42.308 41.269 48.225 62.174 45.114 43.043 52.961 40.868 41.767 41.662 41.558 41.457 41.361 49.271 62.190 49.117 61.051 38.992 39.939 44.890 65.844 77.797
58.551 58.498 58.443 58.386 58.324 61.253 63.185 35.117 56.112 59.088 61.060 21.034 51.937 56.880 68.839 66.814 7.804 0.000 0.000 0.000 0.000 0.000 2.260 2.259 37.258 0.000 0.000 0.000 24.472 74.306 91.200 91.082 91.199 89.286 97.024 89.067 94.775 90.471 90.426 90.360 90.301 80.236 41.117 0.000 0.000 0.000 0.000 0.000 45.323 46.329 33.346 41.392 42.382 42.347 46.298 62.235 45.159 42.069 41.964 41.848 41.727 41.610 39.498 45.393 64.298 45.214 44.140 58.075 42.017 39.965 46.918 72.872 77.827
58.646 58.593 58.541 58.486 60.425 36.334 38.259 0.000 18.221 54.191 58.152 62.106 58.038 60.973 65.910 70.868 9.849 0.000 0.000 0.000 0.000 3.260 55.260 62.260 0.000 0.000 0.000 7.755 83.638 85.519 91.414 91.370 90.490 97.504 97.273 90.126 90.842 90.715 90.647 90.584 89.530 69.491 0.000 0.000 0.000 0.000 0.000 0.000 0.000 37.329 0.000 48.534 45.518 41.484 41.434 43.370 60.291 49.192 41.072 41.932 41.790 40.656 45.531 47.416 46.314 43.227 41.154 41.091 41.036 41.987 54.943 76.901 77.860
58.742 58.689 58.639 58.593 63.555 1.540 0.000 24.451 16.361 50.304 59.253 57.199 59.137 71.066 42.959 36.901 1.875 0.000 0.000 0.000 0.000 53.260 59.260 61.260 0.000 0.000 0.000 70.873 75.805 89.718 91.602 91.733 89.829 97.718 89.620 91.298 90.994 90.936 90.862 90.799 82.745 59.707 0.000 0.000 0.000 0.000 0.000 0.000 0.000 0.000 0.000 52.692 47.672 41.636 39.586 42.521 42.441 58.337 51.200 42.017 42.846 40.692 47.554 47.428 44.314 38.227 41.157 41.099 43.049 57.005 75.965 77.928 80.895
59.835 57.782 57.734 57.692 60.660 30.648 27.622 59.541 64.469 58.409 56.355 63.301 73.244 76.193 0.137 0.000 0.000 0.000 0.000 0.000 0.000 21.260 28.260 30.260 0.000 0.000 0.000 73.059 80.995 90.907 91.899 90.938 98.112 97.920 90.649 91.355 91.219 91.143 91.071 91.004 72.942 54.886 0.000 0.000 0.000 0.000 0.000 0.000 0.000 0.000 0.000 50.869 48.844 48.803 45.751 38.689 40.613 41.517 57.373 57.091 53.884 50.714 43.565 42.427 39.288 40.208 41.149 45.099 65.056 77.018 76.983 77.953 76.926
73.923 72.871 71.823 69.782 66.746 67.715 67.677 64.621 65.564 67.510 67.458 73.405 75.347 33.270 0.000 0.000 0.000 0.000 0.000 0.000 0.000 0.000 0.000 0.000 0.000 11.567 19.488 74.309 91.201 92.110 92.060 91.289 98.290 90.121 91.798 91.487 91.424 91.344 91.273 89.206 71.133 42.010 0.000 0.000 0.000 0.000 0.000 0.000 0.000 0.000 0.000 41.070 45.031 47.981 48.926 47.869 44.808 40.743 34.685 0.000 0.000 0.000 0.000 0.000 43.204 41.170 44.131 65.093 78.059 77.027 77.998 80.973 76.952
70.006 71.954 70.907 72.864 74.826 73.789 72.749 70.703 68.656 68.609 69.562 65.514 65.469 0.000 0.000 0.000 0.000 0.000 0.000 0.000 0.000 0.000 0.000 0.000 0.000 60.645 83.589 82.487 91.393 92.282 92.409 90.511 98.456 92.213 91.819 91.697 91.614 91.539 91.471 87.414 67.374 0.000 0.000 0.000 0.000 0.000 0.000 0.000 0.000 0.000 48.459 43.312 40.228 42.162 47.105 49.053 49.005 49.964 40.937 0.000 0.000 0.000 0.000 0.000 44.152 42.136 58.112 79.085 77.058 77.033 77.009 77.989 76.972
58.085 58.033 58.986 65.944 74.904 80.866 68.827 62.787 57.747 55.707 54.667 60.621 39.545 0.000 0.000 0.000 0.000 0.000 0.000 0.000 0.000 0.000 0.000 0.000 0.000 66.781 82.735 90.659 92.572 92.540 91.669 98.750 98.609 94.229 92.036 91.876 91.801 91.725 91.659 86.606 61.574 0.000 0.000 0.000 0.000 0.000 0.000 0.000 0.000 48.728 43.605 43.492 43.405 42.336 39.280 44.232 48.195 49.171 46.163 0.000 0.000 0.000 0.000 47.108 41.118 45.111 73.096 77.076 77.056 77.036 77.018 77.001 76.988
57.158 57.108 61.062 66.019 67.980 70.943 60.907 56.872 57.838 57.806 59.778 37.757 0.000 0.000 0.000 0.000 0.000 0.000 0.000 0.000 0.000 0.000 0.000 0.000 0.000 52.962 81.910 91.840 92.738 92.867 90.977 98.880 91.773 93.449 92.130 92.066 91.979 91.902 91.832 82.777 55.743 0.000 0.000 0.000 0.000 0.000 0.000 0.000 47.962 43.850 43.743 43.646 43.565 43.498 43.444 40.402 39.373 42.362 49.381 49.468 0.000 0.000 0.000 41.099 42.099 60.094 77.083 76.069 76.054 77.038 77.024 77.011 77.001
57.226 57.178 59.134 60.092 58.054 57.019 57.986 56.955 56.926 56.902 61.883 6.871 0.000 0.000 0.000 0.000 0.000 0.000 0.000 0.000 0.000 0.000 0.000 0.000 4.331 61.196 90.107 93.023 92.992 92.122 99.116 99.003 94.770 92.472 92.328 92.239 92.152 92.070 92.993 72.925 60.878 0.000 0.000 47.566 0.000 47.334 49.290 49.207 44.074 43.966 43.870 43.784 43.710 43.648 43.597 43.558 42.532 39.522 48.530 49.556 42.556 0.000 0.000 49.088 41.087 49.082 55.074 58.063 62.051 68.040 74.028 76.018 76.010
58.291 58.245 58.202 58.162 58.126 57.093 57.062 57.035 57.011 55.993 63.980 14.974 0.000 0.000 0.000 0.000 0.000 0.000 0.000 0.000 0.000 0.000 0.000 0.000 45.466 81.383 92.297 93.187 93.327 91.419 99.219 92.220 93.895 92.580 92.506 92.411 92.321 92.233 93.145 65.053 42.965 0.000 0.000 43.566 0.000 42.378 44.330 44.255 44.162 44.072 43.988 43.911 43.843 43.785 43.738 43.701 41.676 43.663 49.663 46.669 0.000 0.000 0.000 48.080 47.078 46.073 45.067 44.059 43.049 47.040 58.031 54.023 56.017
56.352 56.308 56.267 56.229 56.195 56.163 56.135 57.111 59.091 61.077 36.071 3.071 0.000 0.000 0.000 0.000 0.000 0.000 0.000 3.702 12.694 0.000 0.000 15.825 56.684 87.577 93.474 93.463 92.490 99.399 99.313 95.209 92.915 92.767 92.674 92.580 92.487 92.395 88.301 35.177 0.000 0.000 0.000 43.566 49.547 44.469 44.398 44.323 44.246 44.171 44.097 44.029 43.967 43.913 43.868 43.833 40.808 49.793 49.788 45.789 0.000 0.000 0.000 47.074 46.071 47.067 47.062 47.055 47.048 47.040 46.033 46.027 45.022
57.409 57.367 60.329 64.293 67.261 71.231 73.205 76.182 75.165 67.154 5.154 16.169 40.223 8.247 0.000 0.000 0.000 0.000 0.000 43.710 70.685 10.646 0.000 49.967 82.868 92.759 93.658 93.588 92.812 99.472 91.644 93.331 93.015 92.940 92.843 92.748 92.653 93.560 80.485 0.000 0.000 0.000 0.000 23.585 43.605 44.555 46.469 46.392 44.330 44.267 44.203 44.140 44.082 44.031 43.988 40.954 45.929 48.913 49.908 40.909 0.000 0.000 0.000 31.070 52.066 52.062 49.057 46.052 46.046 47.040 48.035 48.030 47.026
59.463 58.424 65.388 74.354 75.323 74.295 73.270 72.249 69.232 63.222 38.220 55.230 73.252 42.272 26.292 2.300 0.000 0.000 14.783 53.744 67.692 6.606 25.443 67.208 92.059 94.942 93.783 93.994 91.970 99.534 93.628 93.343 93.195 93.104 93.011 92.917 92.818 94.706 38.596 0.000 0.000 0.000 0.000 0.000 39.732 45.677 26.530 26.445 43.414 44.365 44.306 44.247 44.191 44.142 43.100 41.065 50.040 50.024 47.020 41.031 47.080 0.000 0.000 0.000 63.061 78.058 71.054 67.049 63.044 59.040 62.035 62.031 45.028
59.514 59.478 62.445 65.413 64.383 62.356 60.332 58.310 56.293 56.281 65.275 67.277 64.285 61.295 65.304 13.308 0.000 0.000 54.822 84.790 35.732 31.644 65.516 89.361 94.228 94.083 94.201 92.155 99.617 92.031 93.745 93.433 93.362 93.268 93.179 93.091 95.995 52.851 0.000 0.000 0.000 0.000 0.000 0.000 41.913 46.891 0.000 0.000 40.518 44.471 44.410 44.350 44.294 44.245 41.203 49.168 50.142 49.124 40.115 44.117 44.129 0.000 0.000 0.000 31.058 61.056 79.051 78.047 78.043 78.039 78.036 72.033 62.030
59.563 59.531 59.500 58.469 58.441 59.414 59.390 59.368 57.349 58.334 63.323 66.318 62.317 57.318 60.320 15.321 0.000 0.000 46.894 56.861 34.803 67.721 82.616 91.496 94.378 94.309 93.406 99.985 99.755 93.020 93.749 93.607 93.519 93.431 93.347 93.272 96.221 0.000 0.000 11.587 20.587 0.000 0.000 43.212 46.118 45.083 52.109 1.010 40.668 44.591 44.515 44.448 44.391 42.341 44.299 50.263 50.235 42.214 43.200 44.192 44.190 0.000 0.000 0.000 0.000 0.000 61.047 77.044 77.041 77.038 77.036 78.033 78.031
59.612 59.583 59.553 59.524 59.497 59.470 59.446 58.422 57.401 61.382 65.365 65.353 60.346 56.342 61.338 14.335 0.000 0.000 42.998 11.957 58.897 82.821 88.729 94.634 94.483 94.692 92.680 100.190 92.437 94.149 93.836 93.767 93.676 93.590 93.507 100.430 84.397 0.000 7.586 57.587 43.587 0.000 0.000 38.307 46.262 45.214 45.161 51.051 48.854 47.711 44.609 44.537 44.480 41.431 49.388 50.351 46.321 41.297 44.278 44.262 46.249 50.260 0.000 0.000 0.000 0.000 0.000 74.040 77.039 77.037 77.035 78.034 76.032
59.662 59.634 59.606 59.578 59.551 59.525 58.500 57.475 59.451 63.427 66.404 62.385 57.372 56.364 59.357 41.345 28.316 29.255 25.143 26.073 66.008 86.935 92.856 94.745 94.883 92.872 100.551 100.378 93.441 94.154 94.008 93.919 93.831 93.746 98.660 41.543 56.539 26.575 57.585 65.587 0.000 0.000 0.000 37.448 46.408 45.349 45.270 55.153 65.986 39.790 49.673 45.611 42.560 44.513 50.471 49.433 40.402 43.375 44.353 44.329 31.283 32.271 0.000 0.000 0.000 0.000 0.000 55.038 76.037 77.036 77.035 81.034 77.033
59.713 59.686 59.658 59.631 59.604 59.578 57.553 57.528 61.502 68.472 69.437 65.410 60.393 58.384 58.380 60.371 60.349 69.307 10.245 44.186 82.125 89.058 94.985 94.950 94.081 100.858 100.709 93.794 94.575 94.237 94.163 94.069 93.982 93.904 101.845 0.000 39.639 41.602 31.593 33.590 0.000 0.000 0.000 40.627 46.575 45.504 51.417 67.306 44.146 0.000 30.683 43.675 41.637 49.592 50.548 46.509 43.476 44.450 44.430 46.417 0.000 0.000 0.000 0.000 0.000 0.000 47.037 28.037 67.036 77.035 77.034 82.034 77.033
59.764 59.737 59.710 59.683 59.657 58.631 57.606 59.581 66.555 43.522 19.462 18.426 15.406 45.400 62.409 57.409 60.401 41.380 3.344 49.300 87.247 93.194 95.081 95.322 93.344 100.995 94.125 94.902 94.470 94.411 94.306 94.213 94.124 95.042 92.970 14.915 14.777 0.000 0.000 0.000 0.000 0.000 40.006 47.859 45.762 44.674 64.588 68.508 0.000 0.000 0.819 39.767 45.721 50.669 50.621 40.579 44.545 44.519 44.501 47.491 0.000 0.000 0.000 0.000 0.000 0.000 26.037 0.000 55.035 77.034 77.034 83.033 77.033
59.815 59.788 59.761 59.735 58.709 57.683 59.659 62.636 70.616 29.600 0.000 0.000 0.000 0.000 44.447 59.457 60.465 46.467 48.452 74.420 91.380 95.303 95.475 93.495 101.238 101.122 95.104 94.798 94.649 94.545 94.447 94.352 94.260 97.168 82.080 10.998 0.000 0.000 0.000 0.000 0.000 1.381 40.153 47.042 45.938 43.844 71.752 32.630 0.000 0.000 46.002 50.894 50.812 50.743 48.686 43.640 44.605 44.579 44.563 46.556 0.000 50.648 2.648 0.000 0.000 0.000 0.000 0.000 48.034 77.034 77.033 77.033 77.033
59.865 59.839 59.812 59.786 58.760 57.735 61.710 65.689 69.672 27.663 0.000 0.000 0.000 0.000 24.476 67.505 62.535 68.572 81.576 90.554 94.514 95.520 94.668 101.442 101.343 94.437 95.212 94.869 94.785 94.681 94.584 94.490 98.394 61.291 33.185 0.000 0.000 0.000 0.000 0.000 2.658 42.539 47.356 46.216 48.104 45.013 68.946 0.000 0.000 41.306 48.139 63.997 52.888 49.805 45.741 43.692 43.655 44.630 44.615 44.615 49.639 45.648 36.648 0.000 0.000 0.000 44.032 46.033 45.033 77.033 77.033 77.032 77.032
59.915 59.889 59.864 59.837 57.811 59.784 65.759 66.736 64.720 51.716 12.732 0.000 0.000 0.000 0.000 20.552 16.599 56.710 87.725 91.704 95.643 95.812 93.935 101.532 93.746 95.525 95.090 95.024 96.912 95.812 94.717 94.628 100.538 23.414 0.000 0.000 0.000 0.000 0.000 23.882 62.778 62.660 50.514 47.363 58.251 53.157 54.072 14.992 2.827 39.473 44.250 55.067 50.939 54.848 48.781 51.731 50.694 47.669 44.654 43.650 43.654 49.656 0.000 0.000 0.000 0.000 41.032 41.032 51.032 77.032 77.032 77.032 77.032
