results3/res_3e8f-0170.wd
ncols         241
nrows         181
xllcorner     12693529.787448
yllcorner     3542525.717860
cellsize      155.156523
NODATA_value  -9999.000000
[rows 132 to 164 of 181, columns 0 to 72 of 241]
96.036 101.035 105.035 105.034 107.033 107.032 101.030 92.028 78.026 67.024 66.021 67.018 66.014 65.010 70.005 84.000 94.994 99.988 99.980 96.971 88.961 79.948 70.933 64.914 69.889 71.859 70.825 71.786 69.753 64.722 78.693 101.664 68.640 0.000 0.000 0.000 8.411 60.404 72.399 69.379 71.364 77.356 95.356 81.362 65.371 64.383 64.397 76.413 97.431 38.451 11.473 6.507 0.000 0.000 0.000 0.000 0.000 0.000 0.000 0.000 0.000 0.000 2.763 0.763 27.763 7.701 11.639 52.550 75.414 79.318 79.213 89.302 116.770
74.040 76.040 79.039 85.038 95.037 101.036 106.035 106.033 99.030 85.028 74.025 68.022 72.018 79.014 92.009 107.004 105.998 102.991 102.983 105.974 105.964 101.951 89.936 77.918 69.897 64.872 65.844 64.815 65.788 73.763 95.741 103.723 15.711 0.000 0.000 0.000 18.417 46.424 64.449 73.445 74.434 71.422 72.426 82.431 77.438 70.446 74.455 82.466 95.478 36.494 22.513 28.541 8.572 0.000 0.000 0.000 0.000 0.000 0.000 0.000 0.000 0.000 0.000 0.000 9.854 0.000 59.669 81.595 77.480 86.457 77.524 116.890 105.651
66.045 66.044 66.044 68.043 73.042 77.041 84.039 93.037 101.035 104.033 98.030 96.026 98.023 101.018 100.014 93.008 84.002 81.996 81.988 86.979 92.969 99.957 102.943 101.927 90.908 80.887 75.865 73.842 82.821 98.802 99.786 85.775 18.770 0.000 0.000 0.000 0.000 0.000 47.528 74.520 53.504 41.473 56.493 71.500 86.504 90.507 92.511 93.516 89.523 16.533 3.542 31.574 28.602 16.631 22.645 16.651 0.000 0.000 0.000 0.000 0.000 0.000 44.091 14.039 79.945 101.885 134.744 90.721 85.777 66.738 102.806 107.331 107.240
67.049 67.049 67.049 67.048 66.047 65.046 67.044 72.042 78.040 88.038 98.035 100.031 93.028 83.024 77.019 69.014 65.008 65.001 64.994 66.985 71.975 77.964 84.952 96.937 101.921 103.904 102.886 98.868 101.852 94.837 76.826 68.821 47.824 5.846 0.000 0.000 0.000 0.000 40.615 73.601 16.590 0.000 49.572 74.571 93.570 101.568 87.566 90.564 76.567 34.573 0.590 58.611 27.631 19.647 30.653 30.657 1.662 0.000 0.000 0.000 0.000 31.198 50.143 123.084 152.006 134.891 118.449 117.397 109.071 107.716 107.595 107.468 72.691
67.054 67.054 67.054 67.053 67.052 67.051 67.049 66.047 66.045 69.043 75.040 74.037 70.033 66.029 66.025 66.020 67.014 67.008 67.000 66.992 65.983 64.973 66.962 72.950 79.936 88.922 96.907 92.893 81.880 69.869 65.861 70.858 78.859 54.867 32.874 32.865 18.841 19.796 55.718 76.677 26.666 8.680 68.653 100.643 102.636 81.630 84.620 83.608 71.606 60.615 11.621 39.631 13.663 1.675 14.664 1.663 3.668 1.665 0.000 0.000 0.000 12.254 75.200 81.120 77.108 78.269 76.246 108.038 107.937 107.830 75.032 77.812 79.685
67.060 67.060 67.059 67.058 67.058 67.056 67.055 67.053 67.051 67.049 66.046 66.043 66.039 67.035 67.031 67.026 67.021 67.015 67.008 67.001 66.993 66.984 66.974 65.963 64.951 65.940 69.928 67.917 66.907 70.898 73.892 72.889 70.889 72.890 72.889 69.880 69.861 73.829 48.783 34.725 23.715 41.722 86.717 100.711 80.703 73.694 72.678 52.641 48.636 11.662 0.000 0.000 1.749 3.753 0.000 0.000 7.680 22.662 37.620 7.558 21.479 84.334 91.323 89.396 87.384 88.466 108.227 108.135 89.271 96.065 88.921 94.696 86.540
67.065 67.065 67.065 67.064 67.063 67.062 67.061 67.059 67.057 67.055 67.052 67.049 67.045 67.042 67.037 67.033 67.028 67.023 67.017 66.010 73.003 74.995 66.986 65.977 64.967 65.958 67.948 70.939 73.932 72.925 67.921 68.918 75.917 78.916 74.913 68.906 65.894 74.877 5.859 0.000 8.746 81.777 90.782 77.779 69.772 89.764 35.756 0.000 0.000 1.811 2.840 2.840 2.814 3.805 0.000 0.000 32.709 74.684 103.642 64.581 97.468 105.629 102.593 101.685 108.487 108.404 108.317 101.352 103.233 102.933 101.796 100.731 18.650
67.071 67.071 67.071 67.070 67.069 67.068 67.067 67.065 67.063 67.061 70.059 70.055 68.052 72.048 70.044 67.040 67.036 67.031 66.026 64.020 75.013 83.006 68.999 65.991 67.983 70.975 72.968 71.961 68.955 70.950 75.947 77.945 78.944 78.943 73.941 67.938 76.932 95.924 14.919 0.000 0.000 55.857 78.856 75.852 79.843 99.833 33.828 0.000 2.878 2.859 2.869 2.866 2.843 4.850 0.000 30.811 82.766 98.720 101.656 106.659 103.828 100.820 108.713 108.641 108.566 100.657 101.445 102.321 102.004 101.978 94.912 71.822 0.000
67.077 67.077 67.077 67.076 67.075 67.074 67.073 67.072 67.070 68.068 75.065 75.062 52.059 20.055 41.051 71.048 65.045 68.041 74.036 77.030 77.025 73.019 69.012 70.006 72.999 71.993 70.987 72.981 76.977 76.974 78.972 77.971 68.971 63.971 65.971 78.971 97.971 107.971 29.972 0.000 0.000 30.939 86.934 88.928 95.916 94.898 30.893 0.000 2.898 0.906 1.911 2.913 0.000 8.901 34.899 78.863 100.793 103.816 102.911 102.918 102.014 108.848 108.782 100.857 101.660 102.525 102.314 102.172 102.131 94.066 86.026 0.000 0.000
67.083 67.083 67.083 67.082 67.082 67.081 67.080 67.079 67.077 69.075 78.073 89.070 65.066 2.063 8.057 56.056 82.054 74.050 72.046 72.041 70.036 69.031 71.026 73.020 71.015 67.009 69.005 81.001 82.998 72.996 66.996 63.996 63.997 68.999 83.002 99.005 96.009 80.015 52.028 20.056 14.057 58.024 87.015 69.009 59.995 51.949 16.955 1.033 0.963 21.955 12.953 2.962 0.000 27.956 78.939 100.867 103.073 102.073 102.187 109.036 108.976 108.913 100.915 102.803 102.518 102.394 102.342 102.271 96.198 83.137 73.101 0.000 0.000
67.090 67.090 67.089 67.089 67.088 67.088 67.087 67.086 67.085 69.083 79.081 66.078 22.073 4.074 0.000 24.067 78.064 70.061 72.057 71.053 69.048 72.044 73.039 70.034 67.030 63.026 73.022 87.020 74.018 64.018 65.019 70.021 80.023 91.027 102.032 95.037 73.045 68.054 87.067 94.083 95.090 99.088 74.091 35.098 7.106 0.000 1.200 1.209 0.000 34.969 21.983 2.028 33.052 79.003 101.036 103.236 102.262 109.201 109.149 109.094 101.178 101.979 102.871 102.572 102.559 102.502 102.429 103.340 91.263 62.180 51.140 9.140 3.140
66.097 66.096 67.096 67.095 67.095 67.095 67.094 67.094 67.093 70.091 80.090 51.089 0.000 10.085 48.086 50.079 67.075 69.072 57.068 39.064 77.061 72.057 68.053 67.049 65.045 67.042 83.039 86.037 68.037 71.038 83.040 92.044 101.049 99.054 87.061 73.069 66.078 82.090 86.104 74.119 55.133 53.145 41.162 21.186 10.225 4.306 2.338 22.358 17.374 0.000 0.000 27.106 79.159 102.280 103.312 101.432 109.300 109.251 101.337 102.151 103.032 102.840 102.720 102.699 102.648 102.598 105.530 69.401 49.332 0.000 0.000 0.000 0.000
75.104 73.103 70.102 68.102 65.102 65.102 65.102 65.101 64.101 69.100 81.099 64.099 45.100 53.096 71.093 67.089 64.086 70.083 65.080 52.076 72.073 66.070 65.066 65.063 67.059 81.057 89.054 55.053 47.054 97.057 102.061 97.066 86.073 76.080 68.088 64.098 75.110 87.123 55.139 30.157 13.177 4.199 21.226 20.260 10.303 11.355 14.390 42.407 26.391 0.000 0.000 59.397 101.438 100.571 109.437 109.393 109.347 101.372 103.268 102.995 102.889 102.861 104.819 99.770 101.742 102.715 113.694 0.000 0.000 0.000 0.000 0.000 0.000
76.111 78.110 84.108 85.108 85.109 82.109 83.109 82.109 81.109 81.108 83.108 66.107 70.107 69.104 66.102 69.099 69.096 68.094 73.091 75.088 69.085 63.083 65.080 67.077 81.074 86.071 75.069 69.068 78.070 101.074 84.081 75.088 67.096 65.105 67.114 66.126 80.139 89.154 53.173 29.194 17.218 19.248 22.283 14.325 15.372 21.421 23.462 16.488 0.000 0.000 37.643 79.659 109.556 109.518 109.479 101.603 102.410 103.311 103.021 103.019 103.979 103.935 76.892 54.832 89.832 103.827 108.836 48.894 0.000 0.000 0.000 0.000 0.000
69.120 63.118 16.113 18.112 27.116 74.117 71.117 71.117 71.117 75.117 84.116 65.115 66.114 65.113 68.111 72.109 73.107 71.105 70.102 73.100 74.098 71.096 65.093 82.091 88.088 79.084 85.081 102.080 99.083 81.089 69.100 65.109 67.118 67.128 66.139 71.151 87.166 89.183 81.203 84.226 55.255 17.290 9.334 8.384 20.439 27.495 17.548 14.598 6.624 32.782 80.816 109.625 109.592 101.742 102.553 103.442 103.256 103.144 103.130 104.085 102.045 96.007 20.986 0.000 71.927 106.924 103.931 102.951 0.000 0.000 0.000 0.000 0.000
67.130 59.130 0.000 0.125 9.125 70.126 66.126 66.126 66.125 70.125 84.125 62.124 66.123 70.122 72.120 73.119 70.117 67.115 65.114 67.112 77.111 90.109 85.107 86.105 63.102 57.098 109.092 95.089 62.091 22.100 42.120 70.131 67.140 67.150 69.162 62.175 46.191 36.209 48.230 88.254 64.285 17.325 12.377 7.440 16.504 21.571 15.640 20.702 20.784 58.915 109.675 100.929 104.669 103.576 103.391 103.282 103.260 103.226 104.186 104.151 69.113 45.060 31.060 34.067 85.025 106.011 102.013 93.028 11.062 0.000 0.000 0.000 0.000
67.140 67.141 50.146 0.135 10.135 71.135 67.135 67.134 66.134 67.134 82.133 69.133 72.132 74.131 73.130 68.129 65.128 66.126 66.125 65.124 75.123 98.122 94.121 81.120 74.118 65.113 41.100 30.094 17.092 0.000 23.148 72.154 67.162 69.172 52.183 26.197 11.213 8.231 50.252 67.277 36.306 8.347 11.408 16.496 23.566 19.644 13.740 6.827 10.123 58.143 109.739 103.817 103.580 103.403 103.389 103.356 103.317 103.281 101.247 92.218 25.196 0.000 42.126 101.117 106.096 104.083 98.080 88.086 6.097 0.000 0.000 0.000 0.000
64.149 66.150 63.151 0.000 6.144 71.144 66.143 64.143 66.143 70.142 74.142 73.142 73.141 71.140 65.140 66.139 66.138 67.137 67.137 72.136 90.136 89.136 82.136 91.136 89.137 60.137 0.000 0.000 0.000 0.000 21.171 72.175 67.182 70.191 41.202 3.216 37.232 63.251 83.272 52.294 4.313 0.402 0.479 5.567 15.621 15.703 15.815 10.065 6.747 109.920 109.832 102.723 103.571 103.473 103.441 103.404 103.369 105.335 90.304 73.277 33.257 9.248 57.202 87.177 96.158 105.146 94.140 83.139 5.141 0.000 0.000 0.000 0.000
71.157 69.157 58.158 0.000 57.153 65.153 67.152 71.152 72.152 73.151 71.151 72.151 70.150 66.150 66.149 67.149 67.148 66.148 68.148 91.148 90.148 72.149 85.150 83.152 87.155 85.162 48.179 4.189 13.195 43.196 48.191 68.193 67.199 67.208 62.219 54.233 71.249 70.269 64.290 86.314 34.336 0.428 0.503 9.594 14.647 12.727 13.827 37.977 62.371 110.004 105.047 104.798 104.539 103.528 103.490 103.455 104.420 102.388 57.357 34.330 46.306 47.285 101.256 103.233 83.214 93.201 88.193 61.190 26.189 0.000 0.000 0.000 0.000
72.164 73.165 70.165 58.167 72.163 72.162 72.161 73.161 73.160 74.160 86.160 68.160 66.159 66.159 67.159 67.159 67.159 68.159 82.159 93.159 68.160 72.161 99.163 91.166 79.170 82.176 85.186 69.194 74.199 89.202 82.203 70.207 63.213 63.222 74.233 90.247 77.264 49.284 21.307 76.336 65.376 14.442 17.506 22.576 18.646 9.734 11.801 53.081 105.327 110.081 102.027 104.681 105.611 103.574 103.539 103.504 96.470 86.437 43.407 14.379 23.353 24.329 85.305 127.283 108.265 84.252 76.242 55.237 64.235 17.235 0.000 3.427 7.427
77.172 77.172 73.172 73.172 73.171 74.170 74.170 70.169 67.169 66.169 29.169 19.169 70.169 67.169 67.169 67.169 66.169 69.169 93.170 79.171 64.172 70.173 87.175 104.178 99.183 96.188 94.194 90.201 86.206 85.210 93.213 90.218 84.225 80.234 83.245 87.259 49.275 13.295 12.318 28.347 24.390 9.446 18.499 28.558 24.629 15.729 8.886 52.137 110.225 110.155 104.920 106.765 103.654 103.623 104.587 100.551 84.518 77.485 83.455 89.426 73.399 95.374 110.350 127.329 136.311 120.298 82.288 87.282 62.280 0.000 0.000 0.000 0.000
16.179 17.179 77.178 72.179 72.178 67.178 64.178 66.178 61.178 14.178 14.178 3.178 71.178 67.178 67.178 67.179 67.179 85.180 92.180 65.181 67.183 67.185 70.187 76.190 78.194 78.198 74.204 77.209 93.213 86.218 77.222 80.228 87.234 91.243 94.254 91.267 66.284 31.303 14.324 13.343 0.000 2.454 13.486 22.529 6.579 0.000 22.093 82.338 110.292 102.260 105.988 105.726 103.711 103.670 104.634 99.598 86.564 52.531 59.500 102.471 113.443 145.418 136.394 108.372 96.354 113.340 92.329 86.323 61.322 0.350 0.000 0.000 0.000
3.186 12.186 26.183 81.186 66.186 64.186 66.186 66.186 67.186 14.186 5.187 60.187 68.187 67.187 67.188 67.188 69.189 93.190 78.191 64.192 67.194 67.196 67.198 66.201 66.204 66.208 65.213 72.217 101.222 80.226 11.231 19.236 31.242 82.250 92.260 76.273 81.289 68.309 20.333 17.358 2.393 7.431 20.461 12.493 0.000 0.000 40.257 110.423 110.358 105.143 106.884 102.793 103.755 103.716 103.679 103.643 90.609 53.576 68.544 105.514 101.486 135.459 130.434 99.412 104.393 90.377 71.366 89.360 67.360 1.376 0.000 0.000 0.000
65.195 61.195 0.000 73.195 83.195 84.195 65.195 77.195 84.195 60.195 58.195 68.196 67.196 67.197 67.197 67.198 86.199 90.200 65.201 67.202 66.204 65.206 67.209 67.211 67.214 67.218 66.222 74.226 103.230 84.234 30.238 3.243 54.249 79.255 92.264 71.274 61.289 20.313 13.340 16.364 14.390 22.416 26.434 0.465 0.000 19.174 81.427 110.485 102.397 106.121 105.863 103.843 103.800 103.761 103.724 104.687 95.652 84.619 107.586 132.556 120.526 137.499 134.473 128.449 135.428 101.411 78.398 88.390 96.388 25.394 0.000 0.000 0.000
67.203 66.204 61.206 67.204 66.203 14.203 88.203 80.203 67.203 68.204 68.204 67.205 67.205 67.206 67.207 70.208 93.208 76.210 66.211 67.212 73.214 81.216 67.219 65.221 67.224 66.227 69.231 93.234 101.238 76.241 64.245 52.249 74.254 73.259 34.265 19.272 16.281 0.000 5.350 5.367 6.388 7.408 9.421 0.000 22.227 79.385 101.560 110.545 103.360 104.003 103.926 103.884 103.844 103.805 103.767 104.730 95.695 78.660 74.627 107.596 97.565 111.536 114.509 102.483 104.460 76.440 53.425 67.414 134.410 87.411 22.418 12.422 34.425
67.211 67.211 67.212 67.211 67.211 61.211 77.211 93.211 69.212 66.212 67.213 67.213 67.214 67.215 66.216 89.217 91.218 65.219 67.220 68.222 65.224 27.226 86.229 81.231 68.234 66.236 84.239 103.242 87.245 67.249 67.252 68.255 71.259 75.262 12.265 13.269 0.000 2.340 17.342 0.000 0.364 0.000 0.000 0.000 45.336 102.517 110.659 110.603 103.244 104.079 103.963 103.927 103.886 103.847 103.808 102.771 87.736 89.701 109.667 128.634 127.603 132.573 137.543 124.515 122.489 109.465 58.446 56.433 132.426 96.423 34.422 27.423 92.426
67.218 67.218 67.218 67.218 67.218 67.218 67.219 78.219 93.220 69.220 66.221 67.222 67.223 65.224 73.225 94.227 74.228 66.229 68.230 66.231 8.233 5.236 74.238 75.241 81.243 80.245 88.248 87.251 68.253 66.256 68.259 71.261 76.264 76.265 0.000 0.000 0.000 4.337 28.337 15.336 16.337 15.336 0.000 6.437 53.581 107.731 110.713 102.581 104.297 104.032 104.012 103.967 103.927 103.887 103.849 103.812 89.775 85.740 106.706 107.672 107.639 110.608 110.576 109.546 114.515 87.485 63.461 78.446 93.437 32.433 0.000 0.000 36.429
67.225 69.225 69.225 67.225 67.226 67.226 67.227 67.227 78.228 93.229 69.230 64.231 64.232 81.233 93.235 87.236 64.237 67.238 63.239 9.237 6.243 60.246 67.248 67.250 73.252 90.254 90.257 83.259 76.261 68.263 55.265 25.267 90.269 70.270 0.000 0.000 0.000 3.334 17.334 10.335 24.336 13.336 0.000 6.587 26.682 110.819 110.766 103.450 104.185 104.091 104.049 104.007 103.966 103.927 103.888 104.851 99.814 89.779 84.743 83.709 83.675 83.642 83.609 87.576 61.541 5.498 31.467 87.452 83.444 44.440 6.440 0.000 35.432
68.232 5.232 6.231 67.232 66.233 65.234 65.234 64.235 64.236 77.237 92.238 85.239 92.241 94.242 81.244 65.246 72.247 72.249 60.250 0.000 8.256 71.257 67.258 69.260 93.262 100.263 78.265 69.267 76.269 83.270 71.272 7.274 50.275 68.276 0.000 0.000 0.000 4.330 10.331 7.334 21.335 0.000 0.000 6.665 11.988 110.870 108.700 104.414 104.156 104.132 104.087 104.045 104.005 103.965 103.927 103.889 104.853 103.816 101.781 100.745 100.710 101.676 103.642 77.609 19.575 0.000 16.459 72.451 103.445 94.442 67.440 43.438 60.435
67.239 66.239 1.240 66.240 77.240 81.241 85.242 90.243 93.244 94.245 94.246 94.248 80.250 67.251 83.253 100.255 101.257 101.259 94.262 72.268 7.267 68.267 66.268 75.270 103.271 90.272 67.274 66.275 68.276 71.278 62.279 7.281 27.282 27.284 0.000 0.000 0.000 10.324 5.328 0.000 4.335 0.000 14.670 15.911 6.464 110.919 112.650 108.289 104.210 104.166 104.124 104.082 104.042 104.003 103.964 103.927 103.890 103.854 103.818 103.781 104.744 107.709 79.675 12.642 0.000 5.449 0.000 17.448 73.445 104.443 95.441 71.439 48.436
67.246 69.247 65.248 67.247 82.248 81.248 77.249 73.250 72.252 68.253 89.255 79.256 90.258 81.260 97.262 93.265 86.267 87.269 98.272 104.275 93.276 94.277 86.278 94.279 102.280 75.281 66.282 67.283 67.284 66.285 66.286 68.287 63.289 12.292 72.299 63.304 2.309 4.315 0.000 0.000 0.000 5.640 83.693 80.899 111.012 110.966 106.527 107.356 104.239 104.201 104.159 104.118 104.078 104.039 104.001 103.964 103.928 103.892 103.855 105.817 110.775 79.741 19.708 0.000 0.000 2.449 1.449 0.000 14.444 65.443 100.442 50.441 0.000
69.253 5.253 64.254 67.254 67.255 67.255 66.256 67.258 69.259 67.261 79.263 74.265 83.267 94.269 82.271 67.274 68.276 69.279 70.282 75.284 88.286 98.287 104.288 102.289 91.290 67.290 67.291 67.291 67.292 67.292 68.293 91.293 64.295 4.297 68.300 18.304 12.308 5.312 0.000 0.000 0.000 15.617 103.823 106.034 111.055 104.858 104.566 104.301 104.280 104.234 104.192 104.152 104.113 104.075 104.037 104.001 103.965 103.930 105.894 90.855 44.800 11.771 0.000 4.449 2.449 22.449 29.449 0.000 0.000 36.443 98.443 50.442 0.000
70.259 3.260 64.260 67.261 67.261 67.262 67.264 68.265 6.267 66.268 70.271 81.273 81.275 89.278 94.280 80.283 65.286 65.289 65.291 67.294 69.296 70.297 71.298 71.299 70.299 69.299 65.299 65.299 66.299 67.299 78.299 92.299 63.300 57.300 59.301 0.000 0.000 5.311 0.000 0.000 0.000 19.702 102.823 111.140 111.098 103.715 104.446 104.351 104.309 104.266 104.225 104.185 104.147 104.109 104.073 104.037 104.002 103.968 108.936 64.911 0.000 0.000 2.450 0.450 2.449 17.449 24.449 0.000 0.000 39.444 99.443 58.443 0.000
