results3/res_3e8f-0105.wd
ncols         241
nrows         181
xllcorner     12693529.787448
yllcorner     3542525.717860
cellsize      155.156523
NODATA_value  -9999.000000
[rows 0 to 32 of 181, columns 146 to 218 of 241]
0.000 0.000 0.000 0.000 0.000 0.000 0.000 0.000 0.000 0.000 0.000 0.000 0.000 0.000 4.187 15.075 15.887 15.652 15.388 15.111 14.837 14.578 14.347 14.149 13.988 13.862 13.768 13.704 13.663 13.640 13.630 18.627 0.000 0.000 0.000 0.000 0.000 0.000 0.000 0.000 0.000 0.000 0.000 0.000 0.000 0.000 0.000 0.000 0.000 5.436 12.435 0.000 0.000 28.082 33.082 0.000 0.000 0.000 0.000 0.000 0.000 0.000 0.000 0.000 0.000 0.000 0.000 0.000 0.000 0.000 0.000 0.000 0.000
0.000 0.000 0.000 0.000 0.000 0.000 0.000 0.000 0.000 0.000 0.000 0.000 0.000 0.000 15.300 16.150 15.935 15.680 15.400 15.109 14.821 14.552 16.313 15.113 13.952 13.829 13.740 13.680 13.644 13.627 13.624 18.623 0.000 0.000 0.000 0.000 0.000 0.000 0.000 0.000 0.000 0.000 0.000 0.000 0.000 0.000 0.000 0.000 2.438 24.436 0.434 0.000 7.085 40.083 34.082 0.000 0.000 0.000 0.000 0.000 0.000 0.000 0.000 0.000 0.000 0.000 0.000 0.000 18.995 0.000 0.000 0.000 0.000
0.000 0.000 0.000 0.000 0.000 0.000 0.000 0.000 0.000 0.000 0.000 0.000 0.000 18.877 17.562 16.292 16.021 15.734 15.425 15.103 14.786 16.494 16.242 14.037 13.878 13.762 13.682 13.633 13.607 13.601 15.615 9.619 0.000 0.000 0.000 0.000 0.000 0.000 0.000 0.000 0.000 0.000 0.000 0.000 0.000 0.000 0.000 0.000 14.439 0.000 0.000 2.088 33.087 0.000 0.000 0.000 0.000 0.000 0.000 0.000 0.000 0.000 0.000 0.000 0.000 0.000 0.000 0.000 21.995 0.000 0.000 0.000 0.000
0.000 0.000 0.000 0.000 0.000 0.000 0.000 0.000 0.000 0.000 0.000 0.000 2.228 18.191 16.780 16.434 16.124 15.810 15.463 15.092 15.725 15.396 14.125 13.915 13.763 13.659 13.595 13.561 13.550 19.556 0.000 0.000 0.000 0.000 0.000 0.000 0.000 0.000 0.000 0.000 0.000 0.000 0.000 0.000 0.000 0.000 0.000 0.000 58.441 0.000 0.000 8.089 35.090 0.000 0.000 0.000 0.000 0.000 0.000 0.000 0.000 0.000 0.000 0.000 19.020 0.000 0.000 11.997 20.996 21.996 0.000 0.000 0.000
0.000 0.000 0.000 0.000 0.000 0.000 0.000 0.000 0.000 0.000 0.000 7.869 1.160 2.164 16.934 16.540 16.231 15.917 15.527 15.076 15.627 15.242 13.945 13.735 13.598 13.516 13.476 13.466 14.477 15.516 0.000 0.000 0.000 0.000 0.000 0.000 0.000 0.000 0.000 0.000 0.000 0.000 0.447 23.450 18.450 0.000 0.000 14.443 42.444 0.000 0.000 0.000 35.094 0.000 0.000 0.000 0.000 0.000 0.000 0.000 0.000 0.000 34.024 38.023 40.021 0.000 0.000 24.998 19.997 19.996 29.996 0.000 0.000
0.000 0.000 0.000 0.000 0.000 0.000 0.000 0.000 0.000 0.000 10.485 3.137 1.570 1.095 1.066 14.562 16.341 16.103 15.651 17.058 16.465 13.998 13.679 13.483 13.377 13.333 13.329 13.349 19.375 0.000 0.000 0.000 0.000 0.000 0.000 0.000 0.000 0.000 0.000 0.000 0.000 0.000 0.000 3.450 24.451 16.452 14.453 0.000 27.447 0.446 0.000 0.000 20.099 33.102 24.103 22.104 31.103 0.000 0.000 0.000 0.000 0.000 34.026 36.024 41.020 20.013 9.007 26.001 28.999 0.000 0.000 0.000 0.000
0.000 0.000 0.000 0.000 0.000 0.000 0.000 0.000 0.000 0.000 6.811 3.573 3.252 2.782 0.271 0.450 9.469 17.501 16.915 17.040 14.179 13.605 13.289 13.142 13.095 13.108 13.157 13.226 8.300 0.000 0.000 0.000 0.000 0.000 20.499 53.499 0.000 0.000 0.000 0.000 0.000 0.000 0.000 0.449 24.451 37.453 72.455 34.454 35.450 6.449 0.000 0.000 17.102 36.104 21.105 17.104 34.103 0.000 0.000 0.000 0.000 0.000 21.032 27.027 23.021 23.014 27.007 30.002 37.998 0.000 0.000 0.000 16.923
0.000 0.000 0.000 0.000 0.000 0.000 0.000 0.000 0.000 29.831 30.376 7.035 2.690 2.978 2.706 0.623 0.280 4.728 17.469 15.008 13.605 12.954 12.732 12.701 12.753 12.847 13.966 11.096 0.000 0.000 0.000 0.000 0.000 0.000 0.000 41.500 48.501 30.501 22.501 0.000 0.000 0.000 0.000 0.000 0.000 0.000 65.459 44.458 0.000 0.000 0.000 0.000 0.000 29.109 44.108 42.106 44.103 36.097 28.089 31.080 30.069 39.057 43.042 40.032 41.023 41.015 36.007 31.000 27.995 0.000 0.000 0.000 0.000
0.000 0.000 0.000 0.000 0.000 0.000 0.000 0.000 23.759 41.287 42.826 32.415 9.083 1.542 2.685 0.645 2.226 6.745 5.452 14.917 12.280 11.874 11.982 12.178 12.368 13.562 13.764 0.000 0.000 0.000 0.000 0.000 0.000 0.000 0.000 0.000 39.502 49.502 54.502 0.000 0.000 0.000 0.000 0.000 0.000 0.000 37.463 29.463 34.464 1.464 0.000 0.000 13.120 41.116 26.113 20.110 27.105 39.099 27.091 26.082 35.072 44.060 31.047 27.036 30.026 36.016 42.007 43.997 41.986 27.971 18.957 1.946 10.935
0.000 0.000 0.000 0.000 0.000 0.000 0.000 19.723 29.231 44.732 42.225 42.717 35.205 11.698 0.790 4.215 13.610 6.069 1.970 2.683 5.722 10.281 11.145 11.660 11.978 17.270 0.000 0.000 0.000 0.000 0.000 0.000 0.000 0.000 0.000 0.000 6.503 52.503 5.502 0.000 0.000 0.000 0.000 0.000 0.000 33.473 43.468 19.466 35.465 55.465 0.000 0.000 19.124 43.122 22.119 16.115 19.110 32.104 21.096 21.086 23.076 25.064 22.052 23.040 17.029 21.018 27.006 27.995 25.983 34.969 36.956 39.944 47.934
0.000 0.000 0.000 0.000 0.000 0.000 24.703 23.214 46.710 43.184 42.626 42.021 42.325 37.414 19.903 11.681 7.271 0.000 0.000 4.040 2.161 2.945 10.657 11.341 16.614 0.000 0.000 0.000 0.000 0.000 0.000 0.000 30.510 0.000 0.000 0.000 13.505 53.505 0.000 0.000 0.000 0.000 0.000 0.000 28.484 72.479 5.471 8.468 30.466 57.465 0.000 0.000 16.131 41.129 21.126 14.122 17.117 19.110 15.101 14.092 21.081 37.069 20.057 16.045 30.032 26.020 23.007 29.994 29.981 32.968 41.955 45.942 32.931
0.000 0.000 0.000 0.000 0.000 28.626 17.192 45.721 44.213 43.667 43.074 42.417 41.657 41.733 38.569 24.339 3.782 0.000 0.000 45.155 4.135 0.000 0.000 13.432 9.523 0.000 0.000 0.000 0.000 0.000 0.000 0.000 26.511 21.511 30.510 42.509 46.508 36.507 0.000 0.000 0.000 27.500 42.498 47.495 71.490 27.487 0.000 0.000 32.466 20.465 0.000 0.000 19.141 46.139 33.135 17.131 65.125 93.118 42.109 18.099 34.088 81.076 33.063 10.049 75.036 48.022 23.009 29.995 31.981 21.967 30.953 43.939 26.926
0.000 0.000 0.000 0.000 0.000 18.060 39.718 46.265 44.754 44.196 43.587 42.914 42.156 41.287 41.314 40.280 29.534 4.355 49.782 46.907 0.044 0.000 0.000 0.000 0.000 0.000 0.000 0.000 0.000 0.000 0.000 25.511 21.511 26.511 40.511 50.511 34.509 21.509 0.000 0.000 0.000 36.502 35.500 31.497 70.494 30.491 0.000 0.000 11.466 3.466 0.000 12.159 40.153 42.149 36.146 24.141 23.135 56.128 97.119 35.108 28.096 85.083 36.069 10.055 82.040 52.025 15.011 16.996 22.981 13.966 27.951 26.937 14.922
0.000 0.000 0.000 0.000 22.422 32.835 48.357 45.866 45.341 44.776 44.165 43.498 42.763 41.961 41.036 40.317 39.188 51.538 51.203 0.379 0.068 7.833 0.000 0.000 0.000 0.000 0.000 0.000 0.000 41.510 44.511 26.511 25.512 40.513 50.513 36.513 19.511 21.510 21.511 19.512 17.511 29.506 32.503 42.500 82.497 16.494 0.000 0.000 48.468 0.000 0.000 9.165 39.163 39.161 26.158 18.154 14.148 24.140 21.130 61.119 92.106 109.092 90.077 79.061 105.045 99.029 90.013 35.997 15.981 32.966 27.950 16.934 11.919
0.000 0.000 0.000 23.491 33.008 50.502 47.008 46.501 45.969 45.403 44.798 44.147 43.455 42.651 42.133 39.807 51.555 51.557 35.694 18.089 5.273 0.000 0.000 0.000 0.000 0.000 0.000 0.000 0.000 0.000 0.000 5.512 43.513 47.514 39.516 24.518 0.000 0.000 0.000 23.516 19.514 29.510 28.507 51.503 48.501 0.000 0.000 0.000 51.470 0.000 0.000 7.174 37.173 49.173 28.172 34.168 57.163 34.155 16.144 40.132 63.117 97.102 63.085 43.068 91.051 81.033 56.016 24.999 10.982 81.966 49.949 21.933 11.916
0.000 0.000 0.000 28.974 48.617 48.159 47.670 47.162 46.629 46.069 46.475 45.857 44.137 43.748 41.215 51.567 51.553 39.206 40.842 38.533 22.523 3.521 0.000 0.000 0.000 0.000 0.000 0.000 0.000 0.000 0.000 0.000 11.514 43.516 21.519 19.525 25.532 0.000 0.000 24.521 22.518 28.514 29.510 51.506 47.503 0.000 0.000 11.474 58.472 0.000 0.000 9.183 40.185 43.187 24.188 24.186 70.181 105.172 54.161 22.147 38.131 85.113 45.095 12.076 78.057 65.038 23.019 15.001 7.983 88.966 52.948 24.931 25.914
0.000 0.000 29.436 46.815 50.327 48.846 48.354 47.846 47.318 47.765 46.198 45.538 45.238 42.711 51.851 51.650 40.642 41.485 40.537 30.955 11.736 0.000 0.000 0.000 0.000 0.000 0.000 0.000 0.000 0.000 0.000 0.000 0.000 0.000 0.000 24.532 21.539 20.543 22.540 24.531 20.524 28.519 30.513 42.508 38.503 0.489 19.478 52.475 3.474 0.000 0.000 9.192 36.196 42.202 28.207 13.207 15.202 40.193 27.180 9.164 27.146 82.126 38.105 4.084 75.063 60.042 18.023 14.004 9.985 87.967 52.948 24.930 15.911
0.000 28.597 42.057 51.524 50.028 49.543 49.053 48.551 49.029 48.499 46.880 46.631 44.108 52.619 52.182 42.178 43.207 41.109 28.364 0.000 0.000 0.000 0.000 0.000 0.000 0.000 0.000 0.000 0.000 0.000 0.000 0.000 0.000 0.000 0.000 0.000 28.551 38.550 49.546 37.538 26.528 30.524 27.518 32.509 25.499 44.488 62.480 50.476 0.000 0.000 0.000 8.198 34.204 39.220 45.231 43.234 31.229 21.218 34.203 66.185 85.163 106.140 86.116 69.092 103.069 96.047 78.026 38.006 10.987 85.968 57.949 29.930 16.911
25.576 37.137 51.671 51.194 50.720 50.246 49.765 50.271 49.772 48.186 47.975 45.465 53.696 53.133 43.638 44.834 45.809 24.024 0.000 0.000 0.000 0.000 0.000 0.000 0.000 0.000 0.000 0.000 0.000 0.000 0.000 0.000 0.000 0.000 0.000 0.000 26.563 30.561 48.557 7.547 0.000 37.531 28.525 31.510 27.498 15.485 34.478 49.473 36.470 0.000 0.000 0.000 0.000 42.242 44.265 37.268 25.261 34.248 85.230 76.208 57.183 58.156 59.128 59.100 59.074 60.051 62.029 33.008 12.988 84.969 60.950 23.932 17.918
29.015 52.703 52.298 51.861 51.412 50.956 50.488 50.019 49.465 49.286 46.794 54.901 54.289 44.989 46.267 45.323 40.894 0.558 0.000 0.000 0.000 0.000 0.000 0.000 0.000 0.000 0.000 0.000 0.000 0.000 0.000 0.000 0.000 0.000 0.000 0.000 27.577 38.575 22.572 0.000 0.000 34.544 31.541 0.000 0.000 19.477 33.473 48.469 45.467 14.466 0.000 0.000 0.000 0.000 11.319 26.313 10.301 71.284 72.262 21.236 27.206 69.172 40.139 12.107 58.078 48.053 28.030 26.010 16.990 84.971 55.951 12.930 13.911
46.766 54.361 52.957 52.540 52.112 52.673 51.235 50.715 50.573 48.105 56.153 55.523 45.250 47.561 46.616 47.059 16.468 0.000 0.000 0.000 0.000 0.000 0.000 0.000 0.000 0.000 0.000 0.000 0.000 0.000 0.000 0.000 0.000 0.000 0.000 0.000 47.595 45.590 49.585 46.582 42.574 42.560 36.554 0.000 0.000 19.473 32.469 50.464 57.464 20.465 0.000 0.000 0.000 0.000 5.378 18.365 38.347 85.324 48.298 8.268 76.233 77.189 26.149 13.112 34.080 90.053 49.031 17.011 16.993 79.974 97.952 84.928 89.886
56.404 54.018 53.629 53.231 52.820 54.412 51.927 51.828 49.395 57.425 56.786 40.451 44.722 48.834 45.354 22.697 0.000 0.000 0.000 0.000 0.000 0.000 0.000 0.000 0.000 0.000 0.000 0.000 0.000 0.000 0.000 0.000 0.000 0.000 0.000 46.632 45.617 46.606 48.596 47.588 45.579 46.569 39.562 0.000 0.000 20.474 32.465 55.456 28.460 0.000 0.000 0.000 0.000 3.492 33.451 12.424 77.397 71.368 15.338 71.306 84.268 33.204 21.156 24.114 19.075 50.049 89.029 46.012 8.996 79.979 82.958 56.942 0.000
47.028 53.679 54.312 53.930 53.549 53.091 53.033 50.635 58.662 58.066 23.594 28.826 31.777 50.481 34.137 0.000 0.000 0.000 0.000 0.000 0.000 0.000 0.000 37.099 26.098 0.000 0.000 0.000 0.000 0.000 0.000 0.000 0.000 0.000 0.000 23.647 17.635 20.620 24.607 19.596 18.585 17.574 19.564 23.548 17.517 10.484 25.461 4.435 0.000 0.000 0.000 0.000 0.000 5.533 28.511 19.482 20.449 20.414 12.381 33.351 34.329 0.000 0.000 0.000 25.057 18.040 40.025 33.012 15.001 47.990 0.000 0.000 0.000
25.687 41.358 54.007 56.651 54.214 54.183 51.788 59.681 59.212 32.499 0.000 42.114 0.000 54.051 22.595 0.000 0.000 0.000 0.000 0.000 0.000 0.000 0.000 44.101 38.098 0.000 0.000 0.000 0.000 0.000 0.000 0.000 0.000 9.792 0.000 24.676 20.654 20.634 20.616 20.603 20.591 20.581 20.571 22.563 0.540 0.000 0.000 26.388 0.000 0.000 0.000 0.000 6.596 37.597 25.578 24.545 16.502 17.459 17.421 15.388 29.368 0.000 0.000 0.000 0.000 21.029 16.019 29.011 28.006 0.000 0.000 0.000 0.000
17.390 25.058 47.724 52.322 55.301 52.862 60.370 60.066 39.302 15.120 0.000 58.716 56.626 43.086 0.000 0.000 0.000 0.000 0.000 0.000 0.000 0.000 47.120 53.105 24.094 0.000 0.000 0.000 0.000 0.000 0.000 0.000 0.000 26.793 24.773 21.726 20.674 17.643 21.623 21.609 21.597 21.586 21.578 24.572 0.000 0.000 0.000 24.341 24.325 0.000 0.000 0.000 0.000 24.680 17.660 16.619 15.556 15.501 15.457 15.411 16.389 25.389 0.000 0.000 0.000 0.000 22.011 25.008 23.006 0.000 0.000 0.000 17.747
21.114 31.771 36.416 34.336 45.917 60.703 60.582 44.210 22.992 16.507 0.000 38.383 51.077 24.582 0.000 0.000 0.000 0.000 35.253 41.243 33.221 31.178 40.135 33.107 23.080 0.000 0.000 0.000 0.000 0.000 0.000 0.000 0.000 24.813 21.800 20.781 0.000 0.000 26.622 20.613 20.601 20.590 20.582 21.577 0.000 0.000 0.000 25.311 24.308 0.000 0.000 0.000 21.783 17.783 17.764 17.717 16.601 16.532 20.494 0.000 0.000 0.000 0.000 0.000 0.000 0.000 22.006 17.005 17.004 18.003 0.000 0.000 19.746
32.801 46.464 22.201 21.092 60.739 60.742 47.129 33.878 30.237 35.093 0.000 5.358 40.718 0.000 0.000 0.000 0.000 31.275 35.264 37.254 35.244 0.000 0.000 0.000 35.040 19.000 0.000 0.000 0.000 0.000 0.000 0.000 0.000 34.848 31.833 6.817 0.000 0.000 39.631 25.620 21.606 20.592 24.582 1.578 0.000 0.258 38.270 19.284 23.290 0.000 0.000 0.000 0.000 22.906 17.897 21.882 0.000 0.000 0.000 0.000 0.000 0.000 0.000 0.000 0.000 0.000 22.003 17.003 17.002 22.002 0.000 0.000 0.000
53.457 42.063 22.147 17.670 60.671 22.100 27.847 30.101 33.803 52.416 61.910 49.974 0.000 0.000 0.000 0.000 29.296 23.286 29.275 44.264 43.257 0.000 0.000 0.000 0.000 35.960 0.000 0.000 0.000 21.034 0.000 0.000 36.937 35.898 41.867 34.838 0.000 53.674 50.651 48.631 46.610 38.590 19.575 6.576 0.000 14.253 67.257 21.266 22.278 0.000 0.000 0.000 0.000 28.039 14.036 19.033 0.000 0.000 0.000 0.000 0.000 0.000 0.000 0.000 0.000 18.000 20.001 22.001 16.001 21.001 0.000 0.000 0.000
61.995 49.110 31.428 60.117 18.047 19.858 19.052 18.720 28.315 55.883 51.336 22.655 0.000 0.000 28.350 0.000 36.306 28.297 39.285 34.271 13.264 0.000 0.000 0.000 0.000 39.921 15.908 0.000 0.000 17.034 25.035 29.016 30.976 32.939 22.900 19.829 27.751 27.698 47.667 30.642 24.615 22.582 2.553 0.000 0.000 9.248 77.240 33.244 0.000 0.000 0.000 0.000 0.000 41.175 14.176 21.181 0.000 0.000 0.000 0.000 0.000 0.000 0.000 0.000 0.000 20.000 35.000 33.000 26.001 0.000 0.000 0.000 0.000
60.007 58.259 59.527 36.895 24.830 21.001 20.663 19.264 25.879 41.459 36.898 0.000 0.000 0.000 31.350 52.343 47.326 48.313 30.299 0.000 0.000 0.000 0.000 0.000 30.883 21.894 13.896 0.000 0.000 0.000 29.054 33.039 33.012 32.985 16.964 0.000 23.726 24.701 48.678 34.656 28.626 14.570 21.502 36.417 56.333 45.253 69.211 34.228 0.000 0.000 0.000 0.000 0.000 39.311 15.314 16.333 21.398 0.000 0.000 0.000 0.000 0.000 0.000 0.000 0.000 0.000 39.000 36.000 0.000 0.000 0.000 0.000 0.000
58.043 59.416 58.682 57.725 39.897 19.571 20.181 20.821 19.474 22.178 0.000 0.000 0.000 0.000 47.358 37.353 35.343 31.328 0.000 0.000 0.000 0.000 0.000 31.870 22.873 18.877 1.886 0.000 0.000 0.000 29.089 37.073 46.048 45.024 47.008 35.014 0.000 0.000 51.690 35.677 9.663 0.000 24.470 34.415 61.329 23.219 7.124 0.000 0.000 0.000 0.000 0.000 0.000 30.444 17.436 18.441 21.462 0.000 0.000 0.000 0.000 0.000 0.000 0.000 0.000 0.000 0.000 0.000 0.000 0.000 0.000 0.000 0.000
59.413 58.406 60.539 60.725 44.420 21.044 23.697 23.360 21.020 21.599 0.000 27.382 0.000 0.000 41.370 41.369 48.366 0.000 0.000 6.059 0.000 0.000 0.000 26.868 20.861 14.854 0.000 0.000 0.000 0.000 27.142 28.115 30.083 29.054 27.032 19.021 0.000 0.000 53.714 39.701 24.687 0.000 23.494 34.443 58.351 14.171 9.942 0.000 0.000 0.000 0.000 0.000 0.000 37.585 16.546 18.531 18.549 19.600 23.619 0.000 0.000 0.000 0.000 0.000 0.000 0.000 0.000 0.000 0.000 0.000 0.000 0.000 0.000
59.067 61.280 60.488 61.207 34.847 25.516 45.199 38.901 20.648 0.000 0.000 24.382 39.384 44.386 30.384 51.387 43.387 0.000 0.000 20.060 51.060 3.049 0.000 27.873 21.850 18.825 0.000 0.000 35.375 31.315 27.221 29.163 34.117 34.078 32.044 43.016 34.989 0.000 53.751 45.728 45.696 37.647 18.570 36.513 44.461 0.000 12.532 0.000 0.000 0.000 0.000 0.000 2.900 41.765 13.633 15.589 16.604 17.632 22.638 0.000 0.000 0.000 0.000 0.000 0.000 0.000 0.000 0.000 0.000 0.000 0.000 0.000 0.000
