results3/res_3e8f-0045.wd
ncols         241
nrows         181
xllcorner     12693529.787448
yllcorner     3542525.717860
cellsize      155.156523
NODATA_value  -9999.000000
[rows 66 to 98 of 181, columns 74 to 147 of 241]
24.118 0.000 49.467 66.453 65.434 65.416 0.000 36.971 36.959 49.968 45.976 44.960 44.922 43.859 119.767 107.666 0.000 0.000 0.000 40.976 35.955 40.934 43.906 43.871 45.827 46.789 51.753 52.719 53.683 44.637 0.000 0.000 43.340 93.340 75.261 79.129 79.223 77.287 85.250 77.720 78.203 78.947 77.725 77.508 78.308 48.157 0.000 0.000 0.000 0.000 0.000 0.000 0.000 12.333 10.317 10.288 10.245 10.193 10.137 14.076 27.009 23.935 8.854 19.771 28.692 7.617 10.544 16.473 21.403 17.334 11.267 9.201 7.137 22.074
51.111 0.000 37.640 61.614 60.596 54.600 7.667 0.000 0.000 43.027 56.086 45.088 44.061 45.006 25.886 0.000 0.000 0.000 0.000 0.000 0.000 51.955 49.938 47.907 30.843 33.794 40.751 41.721 46.695 37.666 0.000 0.000 0.000 53.558 71.479 78.429 78.534 85.668 85.467 77.789 78.481 78.197 77.991 77.784 72.600 30.470 0.000 0.000 27.652 0.000 0.000 0.000 18.364 13.364 10.347 10.316 10.274 10.224 10.168 10.107 10.040 16.969 30.894 31.818 14.742 8.669 9.597 10.526 14.457 13.388 9.320 9.254 10.190 29.129
46.088 50.989 48.838 62.769 55.734 56.723 53.734 0.000 0.000 0.000 58.254 53.245 48.230 50.216 0.000 0.000 0.000 0.000 0.000 0.000 0.000 50.992 46.986 37.977 0.000 0.000 38.736 50.721 49.709 0.000 0.000 0.000 56.036 47.853 51.709 58.808 73.887 85.854 77.520 79.079 78.647 78.462 78.249 76.039 58.839 37.654 43.653 41.653 22.652 0.000 0.000 0.000 0.000 27.414 9.390 10.355 14.311 22.260 12.204 10.143 9.077 13.008 27.936 34.863 26.790 12.719 7.649 9.579 9.510 9.441 9.372 8.306 15.243 36.181
45.117 49.043 59.955 53.891 46.849 65.823 54.813 6.828 0.000 0.620 50.430 66.409 61.398 61.411 64.487 0.000 0.000 0.000 0.000 0.000 0.000 49.036 40.036 43.038 0.000 0.000 0.000 86.717 113.713 28.712 0.000 55.366 50.221 50.081 50.014 46.121 86.194 86.029 78.564 82.173 78.923 78.718 78.507 70.284 23.061 0.000 45.653 23.653 0.000 0.000 0.000 15.580 14.550 13.487 9.445 13.402 25.355 30.302 28.245 21.183 11.118 20.049 27.979 6.908 12.838 25.768 22.700 18.632 26.563 7.493 9.422 7.355 20.293 43.233
51.170 61.110 53.047 44.992 44.947 57.907 65.868 61.843 64.806 66.734 61.615 56.564 58.543 47.544 46.564 0.000 0.000 0.000 0.000 54.102 53.096 41.080 43.083 44.103 48.156 47.191 0.000 0.000 0.000 0.000 1.682 61.511 54.400 49.270 50.390 48.462 86.342 48.174 55.767 70.366 78.190 78.980 76.777 35.530 0.000 0.000 0.000 0.000 0.000 0.000 16.630 10.610 10.583 10.542 11.500 21.454 30.405 29.350 29.291 25.228 21.161 31.093 14.023 8.954 9.885 9.817 19.750 32.685 19.618 7.547 8.468 14.399 2.343 7.286
62.233 52.182 45.130 46.083 46.039 47.992 31.910 57.869 55.842 47.794 44.731 43.689 59.666 61.658 48.661 0.000 0.000 0.000 54.111 50.109 47.107 40.105 44.113 44.135 44.174 44.226 3.325 6.492 7.660 9.828 77.815 74.704 63.562 62.570 51.600 86.601 86.479 50.224 56.876 51.655 58.462 77.238 52.089 0.000 0.000 0.000 0.000 0.000 0.000 0.000 16.651 10.647 10.629 10.598 11.558 20.512 30.460 29.402 28.341 25.275 30.207 24.138 8.068 9.998 9.930 9.864 19.801 27.739 6.678 9.609 12.503 31.432 48.394 27.340
52.300 45.255 46.210 46.170 47.136 28.113 0.000 14.883 42.897 45.870 45.828 45.795 43.774 67.763 51.760 0.000 0.000 0.000 31.113 48.115 42.117 43.121 44.131 44.149 44.178 44.215 55.256 0.000 0.000 17.009 69.982 79.919 1.842 83.746 73.965 86.706 48.789 62.437 59.084 48.958 45.765 42.419 27.254 0.000 0.000 12.148 0.000 0.000 0.000 0.000 12.675 10.700 10.690 10.662 10.623 11.575 17.520 25.460 25.395 25.326 29.255 7.184 10.112 10.042 8.974 14.910 31.849 14.794 8.745 11.709 0.000 0.000 24.461 0.000
45.367 46.326 46.287 46.251 49.223 5.210 3.233 0.000 40.995 45.962 47.916 45.889 44.871 62.861 58.856 0.000 0.000 0.000 0.000 39.123 42.125 44.130 44.140 44.154 44.175 46.200 32.228 0.000 0.000 67.218 70.184 81.131 87.052 81.136 79.177 86.793 69.837 72.544 57.388 50.296 43.223 0.000 0.000 0.000 0.000 10.148 0.000 0.000 0.000 0.000 0.000 13.786 10.769 10.738 10.696 10.645 10.587 10.522 17.452 25.379 13.304 10.229 10.155 10.084 13.015 25.952 25.893 7.841 9.800 12.774 0.000 0.000 51.528 41.537
46.436 46.397 46.360 46.325 46.295 50.272 51.256 51.217 47.125 47.066 26.986 43.974 44.962 60.953 59.947 0.000 0.000 0.000 0.000 38.128 44.131 44.135 44.143 44.154 44.167 32.184 0.000 0.000 0.000 72.460 78.410 81.338 81.309 80.391 86.908 79.315 82.037 76.728 61.671 51.613 50.609 50.744 0.000 0.000 0.000 7.149 14.150 7.150 0.000 0.000 0.000 28.889 9.864 10.826 10.779 10.723 11.660 10.589 10.514 10.435 10.354 10.274 10.196 9.122 15.052 29.988 6.930 9.880 9.839 11.812 0.000 0.000 53.585 45.572
46.505 46.468 46.431 46.394 46.359 46.329 46.302 46.269 46.224 50.193 0.000 37.061 46.051 62.040 57.034 0.000 0.000 0.000 0.000 43.132 46.134 46.138 46.144 44.151 47.157 0.000 0.000 0.000 64.911 70.751 81.656 81.546 81.666 79.720 87.115 80.450 85.097 80.990 81.925 69.877 57.858 46.878 41.878 43.877 0.000 0.000 13.151 8.150 14.147 15.134 13.101 19.019 28.970 10.923 11.871 20.809 27.740 9.662 10.578 10.491 10.404 10.317 9.234 14.156 33.084 27.019 15.960 8.908 9.864 11.825 26.783 44.729 45.656 45.616
46.575 46.539 46.501 46.461 46.420 46.384 49.354 47.334 46.309 50.290 0.000 37.159 46.141 63.124 55.114 0.000 0.000 0.000 0.000 16.134 26.135 25.139 25.144 46.149 31.153 0.000 0.000 0.000 67.071 76.982 81.886 81.848 80.959 87.783 87.470 81.517 82.362 81.221 81.165 82.111 73.068 38.033 0.000 0.000 0.000 0.000 11.153 11.155 8.155 10.155 11.149 10.115 17.074 31.027 13.971 11.905 21.828 9.741 10.647 10.549 10.452 10.357 10.268 18.185 31.110 18.042 29.983 7.930 8.884 13.840 34.796 46.747 45.694 45.650
46.648 46.612 46.574 46.529 49.475 51.433 23.396 44.403 47.388 49.367 9.349 40.274 45.231 57.201 55.185 0.000 0.000 0.000 0.000 0.000 0.000 0.000 0.000 27.149 0.000 0.000 0.000 15.468 65.321 82.217 82.100 82.220 80.312 88.063 80.104 85.811 81.506 81.461 81.395 81.336 71.271 32.152 0.000 0.000 0.000 0.000 0.000 14.160 15.166 2.183 10.227 11.218 11.186 15.140 31.082 14.011 10.926 10.828 10.719 10.607 10.497 8.392 14.295 33.206 14.127 13.059 26.999 10.947 8.900 15.857 41.814 46.770 45.724 45.679
46.722 46.689 46.653 48.606 24.519 26.476 0.000 6.495 42.472 46.443 50.407 46.356 49.308 54.264 59.241 0.000 0.000 0.000 0.000 0.000 0.000 0.000 0.000 0.000 0.000 0.000 0.000 74.616 76.530 82.435 82.397 81.522 88.564 88.323 81.167 81.882 81.753 81.685 81.621 80.567 60.528 0.000 0.000 0.000 0.000 0.000 0.000 0.000 6.166 0.000 17.358 14.343 10.311 10.265 12.205 29.130 18.038 9.926 10.795 10.663 9.538 14.421 16.313 15.216 12.135 10.067 10.009 9.958 10.914 23.873 45.834 46.794 48.753 44.707
46.797 46.770 46.745 51.725 0.000 0.000 12.683 4.610 38.564 47.524 45.482 47.435 59.382 31.306 25.273 0.000 0.000 0.000 0.000 0.000 0.000 0.000 0.000 0.000 0.000 0.000 61.989 66.849 80.749 82.633 82.767 80.869 88.784 80.668 82.343 82.036 81.977 81.902 81.838 73.784 50.746 0.000 0.000 0.000 0.000 0.000 0.000 0.000 0.000 0.000 21.505 16.486 10.452 8.404 11.344 11.268 27.171 20.043 10.873 11.713 9.570 16.440 16.321 13.212 7.130 10.065 10.011 11.965 25.924 44.887 46.853 49.821 41.789 2.748
45.872 45.848 45.830 48.823 18.844 15.822 47.757 52.699 46.651 44.606 51.563 61.519 64.480 0.000 0.000 0.000 0.000 0.000 0.000 0.000 0.000 0.000 0.000 0.000 0.000 0.000 64.129 72.044 81.948 82.939 81.981 89.187 88.992 81.698 82.402 82.264 82.186 82.113 82.046 63.983 45.927 0.000 0.000 0.000 0.000 0.000 0.000 0.000 0.000 0.000 19.670 17.646 17.606 14.557 7.498 9.427 10.336 26.202 25.941 22.747 19.588 12.448 11.317 8.183 9.107 10.051 14.005 33.965 45.930 45.899 46.872 45.849 36.833 0.000
60.943 59.922 57.906 54.895 55.888 55.865 52.824 53.778 55.734 55.689 61.644 63.598 21.538 0.000 0.000 0.000 0.000 0.000 0.000 0.000 0.000 0.000 0.000 0.000 2.593 10.520 65.353 82.245 83.152 83.104 82.336 89.368 81.175 82.848 82.536 82.471 82.389 82.317 80.250 62.176 33.051 0.000 0.000 0.000 0.000 0.000 0.000 0.000 0.000 0.000 9.859 13.820 16.772 17.719 16.664 13.605 9.544 3.489 0.000 0.000 0.000 0.000 0.000 12.097 10.065 13.029 33.994 46.962 45.933 46.907 49.886 45.869 42.861 23.868
60.011 58.992 60.976 62.962 61.948 60.926 58.895 56.857 56.816 57.772 53.727 53.690 0.000 0.000 0.000 0.000 0.000 0.000 0.000 0.000 0.000 0.000 0.000 0.000 51.665 74.614 73.520 82.431 83.323 83.454 81.562 89.536 83.267 82.871 82.747 82.663 82.586 82.518 78.460 58.419 0.000 0.000 0.000 0.000 0.000 0.000 0.000 0.000 0.000 17.228 12.088 9.005 10.941 15.885 17.833 17.786 18.747 9.721 0.000 0.000 0.000 0.000 0.000 13.042 11.027 27.005 47.980 45.955 45.932 45.912 46.895 45.882 45.875 36.875
46.075 47.058 54.044 63.031 69.016 56.997 50.972 45.940 43.903 42.857 48.802 27.746 0.000 0.000 0.000 0.000 0.000 0.000 0.000 0.000 0.000 0.000 0.000 0.000 57.790 73.751 81.685 83.606 83.580 82.716 89.830 89.689 85.284 83.090 82.928 82.851 82.774 82.707 77.654 52.621 0.000 0.000 0.000 0.000 0.000 0.000 0.000 0.000 17.490 12.369 12.258 12.172 11.103 8.046 12.998 16.961 17.936 14.927 0.000 0.000 0.000 0.000 15.991 10.003 13.997 41.983 45.966 45.947 45.929 45.913 45.900 45.890 45.883 20.881
45.137 49.123 54.112 56.101 59.089 49.074 45.055 46.030 45.998 47.953 25.877 0.000 0.000 0.000 0.000 0.000 0.000 0.000 0.000 0.000 0.000 0.000 0.000 0.000 43.952 72.916 82.860 83.769 83.908 82.026 89.958 82.832 84.505 83.186 83.120 83.032 82.953 82.883 73.826 46.792 0.000 0.000 0.000 0.000 0.000 0.000 0.000 16.725 12.610 12.502 12.404 12.322 12.253 12.198 9.154 8.123 11.109 18.124 18.202 0.000 0.000 0.000 9.979 10.981 28.976 45.966 44.953 44.939 45.925 45.912 45.902 45.893 44.888 10.885
45.197 47.186 48.178 46.172 45.165 46.157 45.145 45.128 45.104 50.080 0.000 0.000 0.000 0.000 0.000 0.000 0.000 0.000 0.000 0.000 0.000 0.000 0.000 0.000 52.151 81.104 84.040 84.023 83.164 90.190 90.079 85.829 83.530 83.385 83.295 83.207 83.123 84.045 63.976 51.928 0.000 0.000 16.411 0.000 16.136 18.082 17.984 12.840 12.725 12.624 12.535 12.457 12.392 12.338 12.296 11.268 8.254 17.259 18.281 11.280 0.000 0.000 17.967 9.965 17.960 23.952 26.942 30.931 36.920 42.910 44.901 44.894 42.890 7.887
46.254 46.247 46.244 46.243 45.243 45.243 45.240 45.232 44.213 52.183 3.183 0.000 0.000 0.000 0.000 0.000 0.000 0.000 0.000 0.000 0.000 0.000 0.000 36.546 72.397 83.309 84.209 84.361 82.464 90.288 83.282 84.955 83.640 83.564 83.469 83.377 83.288 84.199 56.106 34.017 0.000 0.000 12.411 0.000 11.190 13.125 13.032 12.925 12.826 12.736 12.654 12.581 12.519 12.467 12.426 10.397 12.381 18.377 15.381 0.000 0.000 0.000 16.956 15.953 14.947 13.940 12.932 11.923 15.914 26.906 22.899 24.893 28.889 9.888
44.307 44.306 44.308 44.314 44.322 44.332 45.342 47.347 49.332 24.257 0.000 0.000 0.000 0.000 0.000 0.000 0.000 0.000 0.000 3.545 0.000 0.000 6.806 47.695 78.586 84.488 84.487 83.526 90.457 90.378 86.272 83.978 83.829 83.735 83.640 83.546 83.453 79.357 26.231 0.000 0.000 0.000 12.412 18.413 13.310 13.197 13.093 13.003 12.919 12.839 12.764 12.695 12.636 12.585 12.545 9.515 18.497 18.488 14.487 0.000 0.000 0.000 15.949 14.942 15.937 15.930 15.923 15.915 15.908 14.901 14.895 13.891 12.888 12.886
45.358 48.361 52.369 55.382 59.399 61.422 64.449 63.481 55.511 0.000 5.119 29.154 0.000 0.000 0.000 0.000 0.000 0.000 34.548 61.545 1.545 0.000 40.918 73.844 83.753 84.669 84.614 83.850 90.524 82.709 84.397 84.080 84.004 83.906 83.811 83.715 84.620 71.544 0.000 0.000 0.000 0.000 0.000 12.517 13.440 15.260 15.142 13.074 13.007 12.937 12.867 12.802 12.743 12.693 9.653 14.622 17.602 18.592 9.590 0.000 0.000 0.000 0.000 20.931 20.927 17.921 14.915 14.908 15.902 16.896 16.891 15.887 15.885 16.883
46.405 53.413 62.426 63.445 62.472 61.507 60.553 57.618 51.719 26.925 44.085 62.189 31.290 15.352 0.000 0.000 0.000 5.555 44.550 58.544 0.000 16.230 58.103 83.008 85.925 84.791 85.023 83.012 90.578 84.696 84.412 84.264 84.172 84.078 83.983 83.882 85.768 29.656 0.000 0.000 0.000 0.000 0.000 8.698 14.675 0.000 0.000 12.145 13.100 13.036 12.967 12.901 12.842 11.792 9.751 18.719 18.698 15.688 9.693 15.731 0.000 0.000 0.000 31.925 46.919 39.913 35.906 31.900 27.895 30.890 30.886 13.883 14.881 15.881
47.447 50.459 53.477 52.502 50.536 48.580 46.639 44.717 44.825 53.970 56.108 53.226 50.331 54.414 2.484 0.000 0.000 45.560 75.555 26.535 22.474 56.356 80.256 85.170 85.064 85.212 83.189 90.649 83.101 84.818 84.505 84.434 84.340 84.250 84.160 87.062 43.915 0.000 0.000 0.000 0.000 0.000 0.000 10.903 15.887 0.000 0.000 9.262 13.211 13.139 13.064 12.995 12.934 9.882 17.839 18.806 17.782 8.768 12.764 12.770 0.000 0.000 0.000 0.000 29.912 47.905 46.898 46.893 46.887 46.883 40.880 30.877 16.876 0.000
47.484 47.500 46.521 46.551 47.589 47.640 47.705 45.789 46.894 52.021 55.152 51.277 46.393 49.489 4.554 0.000 0.000 37.569 47.576 25.568 58.531 73.466 82.395 85.324 85.295 84.424 91.040 90.789 84.096 84.826 84.684 84.596 84.507 84.422 84.345 87.293 0.000 0.000 2.662 11.662 0.000 0.000 12.227 15.123 14.084 21.111 0.000 9.430 13.344 13.245 13.156 13.080 11.016 12.963 18.919 18.884 10.858 11.839 12.825 12.814 0.000 0.000 0.000 0.000 0.000 29.897 45.890 45.884 45.880 45.876 46.873 46.870 21.869 0.000
47.517 47.534 47.558 47.590 47.632 47.685 46.753 45.838 49.943 54.067 54.201 49.339 45.474 50.597 3.689 0.000 0.000 33.573 2.612 49.628 73.617 79.582 85.541 85.438 85.691 83.714 91.261 83.520 85.233 84.920 84.850 84.758 84.670 84.585 91.505 75.471 0.000 0.000 48.662 34.662 0.000 0.000 7.332 15.278 14.216 14.137 19.969 17.685 16.488 13.343 13.235 13.154 10.088 18.035 18.990 14.954 9.926 12.904 12.883 14.848 18.847 0.000 0.000 0.000 0.000 0.000 42.879 45.875 45.872 45.868 46.865 44.863 18.862 0.000
47.545 47.563 47.588 47.621 47.662 46.716 45.783 47.868 51.975 55.103 51.248 46.403 45.567 48.737 30.915 18.174 19.360 15.537 16.670 56.717 77.726 83.714 85.662 85.854 83.892 91.643 91.461 84.532 85.245 85.098 85.008 84.918 84.831 89.743 32.621 47.615 17.652 48.661 56.663 0.000 0.000 0.000 6.490 15.442 14.365 14.254 24.086 34.853 8.582 18.404 14.287 11.211 13.150 19.097 18.053 9.017 11.989 12.969 12.956 0.000 0.846 0.000 0.000 0.000 0.000 0.000 23.873 44.867 45.863 45.860 49.858 45.855 34.853 0.000
47.567 47.586 47.610 47.642 47.682 45.732 45.796 49.877 56.984 58.124 54.283 49.459 47.654 47.869 50.061 50.246 59.371 0.605 34.815 72.843 79.857 85.857 85.886 85.073 91.965 91.809 84.895 85.674 85.335 85.260 85.164 85.075 84.994 92.933 0.000 30.717 32.679 22.669 24.666 0.000 0.000 0.000 9.697 15.636 14.547 20.428 36.268 13.060 0.000 0.000 12.299 10.255 18.202 19.152 15.108 12.072 13.045 13.026 15.016 0.000 0.000 0.000 0.000 0.000 0.000 0.000 0.000 35.856 45.854 45.852 50.850 45.847 45.843 34.834
47.585 47.602 47.626 47.655 46.692 45.737 47.792 54.862 31.958 8.128 7.302 4.495 34.724 52.022 47.216 50.377 31.493 0.000 39.955 77.982 84.011 85.973 86.283 84.363 92.108 85.235 86.010 85.577 85.517 85.410 85.315 85.224 86.138 84.063 5.998 5.857 0.000 0.000 0.000 0.000 0.000 9.128 16.966 14.859 13.758 33.645 37.497 0.000 0.000 0.000 8.356 14.308 19.252 19.200 9.155 13.120 13.093 13.075 16.066 0.000 0.000 0.000 0.000 0.000 0.000 0.000 0.000 23.847 45.846 45.845 51.843 45.840 45.837 39.832
47.597 47.614 47.635 46.661 45.693 47.731 50.773 58.819 17.860 0.000 0.000 0.000 0.000 34.281 49.402 50.556 36.730 38.964 65.066 82.130 86.145 86.398 84.492 92.359 92.240 86.220 85.914 85.764 85.659 85.559 85.461 85.366 88.272 73.184 2.097 0.000 0.000 0.000 0.000 0.000 0.000 9.291 16.180 15.075 12.982 40.897 1.727 0.000 0.000 14.581 19.460 19.370 19.299 17.241 12.194 13.158 13.132 13.115 15.107 0.000 19.152 0.000 0.000 0.000 0.000 0.000 0.000 16.839 45.839 45.838 45.837 45.835 45.833 43.831
47.606 47.621 47.640 46.663 45.690 49.720 53.752 57.782 15.803 0.000 0.000 0.000 0.000 14.419 57.557 52.713 58.907 72.096 81.219 85.293 86.395 85.627 92.569 92.468 85.564 86.337 85.993 85.908 85.802 85.703 85.606 89.508 52.401 24.292 0.000 0.000 0.000 0.000 0.000 0.000 11.788 16.563 15.391 17.278 14.198 38.146 0.000 0.000 9.908 16.702 32.532 21.415 18.332 14.270 12.223 12.188 13.162 13.146 13.141 18.151 14.153 5.152 0.000 0.000 0.000 12.827 14.828 13.832 45.832 45.832 45.831 45.830 45.830 43.829
47.611 47.624 47.640 45.660 47.683 53.708 54.733 52.755 39.767 0.755 0.000 0.000 0.000 0.000 10.695 6.833 47.090 78.293 82.419 86.472 86.733 84.935 92.660 84.884 86.661 86.225 86.158 88.044 86.942 85.845 85.753 91.659 14.530 0.000 0.000 0.000 0.000 0.000 0.000 32.220 32.013 19.785 16.542 27.450 22.387 23.344 0.000 0.000 8.115 12.789 23.551 19.427 23.345 17.285 20.241 19.207 16.183 13.168 12.160 12.159 18.156 0.000 0.000 0.000 0.000 9.827 9.826 19.827 45.827 45.827 45.826 45.826 45.826 19.827
