results3/res_3e8f-0106.wd
ncols         241
nrows         181
xllcorner     12693529.787448
yllcorner     3542525.717860
cellsize      155.156523
NODATA_value  -9999.000000
[rows 99 to 131 of 181, columns 0 to 72 of 241]
0.000 0.000 0.000 0.000 0.000 58.966 98.966 100.966 91.966 86.966 0.000 0.000 0.000 0.000 0.000 0.000 0.000 66.964 63.964 0.000 0.000 0.000 2.962 61.961 60.961 1.961 0.000 0.000 0.000 8.317 0.000 0.000 0.000 0.000 14.174 60.170 56.160 55.142 56.117 57.090 70.059 59.026 62.990 54.950 56.906 54.859 55.809 60.756 61.701 59.643 63.583 56.521 56.458 58.394 61.326 75.254 76.192 61.142 47.096 0.000 0.000 0.000 0.000 0.000 24.936 79.932 76.922 63.902 38.880 33.858 77.837 54.816 56.797
0.000 0.000 0.000 0.000 0.000 59.967 99.967 99.967 0.000 0.000 0.000 0.000 0.000 0.000 0.000 0.000 11.964 77.964 66.964 4.964 1.963 1.963 64.962 63.962 67.962 0.000 0.000 0.000 0.000 66.317 58.317 0.000 0.000 0.000 73.218 83.213 69.204 62.190 56.170 58.147 77.119 62.088 68.053 68.013 58.970 73.923 65.872 66.819 56.762 64.703 64.642 62.579 56.515 57.450 61.382 58.285 20.219 10.180 0.000 0.000 0.000 0.000 0.000 27.932 64.932 76.929 83.920 73.908 49.892 50.875 64.859 55.842 56.825
4.970 0.000 0.000 0.000 0.000 46.967 95.967 104.967 14.968 0.000 0.000 0.000 0.000 0.000 0.000 0.000 0.965 84.964 65.964 66.964 68.964 65.963 62.963 63.962 61.962 0.000 0.000 0.000 0.000 59.317 59.317 60.316 59.308 59.294 58.268 68.259 77.253 24.242 88.227 78.208 83.183 68.154 13.119 84.080 82.037 80.990 84.939 73.884 56.826 59.765 64.702 64.638 61.573 57.509 46.466 0.000 0.000 0.000 0.000 0.000 0.000 0.000 0.000 37.932 64.932 64.930 75.924 74.915 57.905 57.893 56.881 56.867 56.853
72.970 75.970 7.970 0.000 0.000 56.968 95.968 100.968 110.968 15.968 0.000 0.000 0.000 0.000 6.966 6.966 4.965 21.965 69.965 66.964 84.964 98.963 73.963 58.963 0.000 0.000 0.000 0.000 0.000 0.000 58.319 59.321 59.315 59.307 59.301 58.304 58.305 57.300 58.290 63.274 75.252 69.224 12.191 84.152 85.109 63.061 70.009 86.952 80.892 67.829 57.764 63.698 64.628 67.548 52.507 0.000 0.000 0.000 0.000 0.000 0.000 0.000 0.000 0.000 15.935 61.934 58.930 58.925 56.919 56.912 56.903 56.893 56.882
86.970 69.970 69.970 71.969 73.969 92.969 100.968 100.968 100.968 102.968 76.968 15.968 0.000 64.966 71.966 72.966 34.966 29.965 92.965 100.965 95.964 91.964 74.963 0.000 0.000 0.000 0.000 0.000 0.000 0.000 0.000 59.335 58.323 57.318 58.324 59.353 59.362 59.363 59.358 60.346 79.327 74.300 57.267 59.228 70.184 81.136 58.083 70.025 70.962 63.894 83.827 66.761 58.695 0.000 0.000 0.000 0.000 0.000 0.000 0.000 0.000 0.000 0.000 0.000 7.940 61.939 56.938 56.937 56.935 56.932 56.927 54.921 52.913
101.970 91.970 72.970 76.969 94.969 100.969 100.969 100.969 100.968 95.968 67.968 73.968 1.967 55.967 90.966 98.966 98.966 82.966 97.965 104.965 14.965 0.000 0.000 0.000 0.000 0.000 0.000 0.000 0.000 0.000 0.000 59.362 0.000 0.000 0.000 60.421 59.427 59.432 59.432 60.425 76.409 81.383 58.350 59.310 59.265 77.215 78.162 56.103 64.036 82.957 74.890 52.826 0.000 0.000 0.000 0.000 0.000 0.000 0.000 0.000 0.000 0.000 0.000 0.000 4.945 61.945 56.947 56.949 56.952 55.953 54.952 59.950 60.946
101.970 101.970 96.970 99.970 100.970 100.969 100.969 100.969 100.969 96.969 71.968 88.968 0.000 0.000 68.967 92.967 100.966 101.966 100.966 105.965 8.965 0.000 0.000 0.000 0.000 0.000 0.000 0.000 0.000 0.000 0.000 59.389 0.000 0.000 61.491 59.484 59.493 59.505 59.515 59.514 76.500 81.474 58.439 59.396 59.349 60.299 81.247 75.190 82.122 72.010 52.950 0.000 0.000 0.000 0.000 0.000 0.000 0.000 0.000 0.000 0.000 0.000 0.000 0.000 59.949 56.951 56.955 56.961 56.970 55.976 57.979 61.981 62.981
99.970 100.970 100.970 100.970 100.970 100.970 100.970 100.969 100.969 101.969 96.969 103.969 27.968 6.968 56.967 75.967 98.967 100.966 101.966 89.966 3.966 0.000 0.000 0.000 0.000 0.000 0.000 0.000 0.000 0.000 0.000 53.416 58.443 58.470 57.497 59.531 59.555 59.582 59.607 59.616 76.604 81.575 58.535 59.487 59.436 59.386 64.336 87.289 67.252 0.000 0.000 0.000 0.000 0.000 0.000 0.000 0.000 0.000 0.000 0.000 0.000 0.000 0.000 0.000 12.951 63.954 59.960 60.971 58.992 55.001 62.008 63.014 61.019
96.971 101.971 100.971 100.970 100.970 100.970 100.970 100.970 100.970 100.969 101.969 94.969 78.968 69.968 63.968 90.967 100.967 100.967 105.967 8.966 0.000 0.000 0.000 0.000 0.000 0.000 0.000 0.000 0.000 0.000 0.000 0.000 0.000 0.000 0.000 59.589 59.614 59.659 59.717 59.737 75.725 82.689 59.638 59.581 59.524 59.471 59.422 65.379 18.344 0.000 0.000 0.000 0.000 0.000 0.000 0.000 0.000 0.000 0.000 0.000 0.000 0.000 0.000 0.000 0.000 0.954 0.000 0.000 5.025 64.030 62.038 63.047 60.059
96.971 101.971 100.971 100.971 100.971 100.971 100.970 100.970 100.970 100.970 101.969 86.969 65.969 64.968 73.968 97.968 100.967 100.967 106.967 11.967 2.967 0.000 0.000 0.000 0.000 0.000 0.000 0.000 0.000 0.000 0.000 0.000 0.000 0.000 0.000 55.621 59.653 56.725 59.863 59.892 78.870 82.816 59.747 59.675 59.608 59.551 59.503 56.459 6.401 0.000 0.000 0.000 0.000 0.000 0.000 0.000 0.000 0.000 0.000 0.000 0.000 56.094 0.000 0.000 0.000 0.000 0.000 0.000 60.052 61.056 63.065 63.079 60.099
99.972 100.971 100.971 100.971 100.971 100.971 100.971 100.971 100.970 100.970 100.970 97.969 74.969 75.969 92.968 99.968 100.968 100.967 107.967 24.967 0.000 0.000 0.000 0.000 0.000 0.000 0.000 0.000 0.000 0.000 0.000 0.000 0.000 0.000 0.000 0.000 55.653 0.000 59.117 60.099 88.045 74.960 59.858 59.762 59.684 72.623 62.580 57.554 0.000 0.000 0.000 0.000 0.000 0.000 0.000 0.000 0.000 0.000 0.000 0.000 8.094 67.094 52.094 0.000 0.000 0.000 0.000 61.083 64.075 63.078 60.088 56.105 56.132
100.972 100.972 100.972 100.972 100.972 100.972 100.971 100.971 100.971 100.971 100.970 100.970 102.969 102.969 101.969 100.968 100.968 102.968 91.968 34.968 0.000 0.000 0.000 0.000 0.000 0.000 0.000 0.000 0.000 0.000 0.000 0.000 0.000 0.000 0.000 0.000 0.000 0.000 59.390 60.342 94.252 63.121 59.964 59.833 71.741 80.678 59.639 59.622 58.639 0.000 0.000 0.000 0.000 0.000 0.000 0.000 0.000 0.000 0.000 0.000 0.000 63.094 64.094 51.094 0.000 57.094 59.093 63.090 62.089 60.093 59.104 55.122 63.152
99.973 98.973 100.973 100.973 100.972 100.972 100.972 100.972 100.972 100.971 100.971 100.970 100.970 100.969 100.969 100.969 101.968 84.968 12.968 3.968 61.968 75.968 21.968 0.000 0.000 2.967 0.000 0.000 0.000 0.000 0.000 0.000 0.000 0.000 0.000 1.560 1.542 0.000 55.709 66.628 89.500 60.306 57.045 59.865 59.769 59.710 59.675 59.657 59.656 56.656 0.000 0.000 0.000 0.000 0.000 0.000 0.000 0.000 0.000 0.000 0.000 58.094 54.094 60.095 55.095 63.095 63.095 62.095 58.097 61.102 56.112 55.127 55.152
89.973 89.973 98.973 100.973 100.973 100.973 100.973 100.973 100.972 100.972 100.971 101.971 102.970 100.970 100.969 100.969 100.969 22.968 6.968 61.968 71.968 81.968 80.968 73.968 65.967 6.967 0.000 0.000 0.000 0.000 0.000 0.000 0.000 0.000 1.596 60.577 63.524 63.382 60.110 58.961 67.813 55.560 0.000 55.812 59.759 59.719 59.692 59.677 58.671 0.000 0.000 0.000 0.000 0.000 0.000 0.000 60.093 71.093 0.000 0.000 59.094 57.094 57.094 54.095 62.095 63.096 63.097 60.098 63.101 63.106 61.114 56.123 45.133
71.974 76.974 95.974 101.974 100.974 100.974 100.974 100.973 100.973 100.973 102.972 88.972 84.971 99.970 104.970 101.969 96.969 78.969 81.968 87.968 81.968 82.968 61.968 54.968 0.967 0.000 0.000 0.000 0.000 0.000 0.000 0.000 0.000 0.000 51.614 57.630 60.597 60.513 60.387 60.294 62.231 0.000 0.000 0.000 54.737 59.715 59.698 59.687 59.681 0.000 0.000 0.000 0.000 0.000 0.000 20.093 77.093 59.093 57.093 57.094 57.094 57.094 55.094 60.095 63.096 63.097 59.098 63.101 63.104 62.108 56.114 57.119 47.124
55.974 70.975 89.975 102.975 103.975 103.975 101.975 100.974 101.974 100.974 101.973 39.972 10.971 58.970 76.970 97.969 104.969 102.969 102.969 88.968 11.968 0.000 0.000 0.000 0.000 0.000 0.000 0.000 0.000 6.591 8.591 0.000 0.000 0.000 0.000 56.733 60.720 58.684 59.633 61.597 62.586 0.000 0.000 0.000 0.000 52.706 59.698 59.691 56.686 0.000 0.000 0.000 0.000 0.000 0.000 0.000 19.093 73.093 56.093 56.094 57.094 56.094 56.094 62.095 63.096 61.097 49.099 2.102 67.106 61.109 61.113 61.116 47.119
19.975 41.975 74.976 80.976 74.976 76.976 93.976 101.975 97.975 90.975 89.974 24.974 0.000 0.000 0.000 34.969 69.969 95.969 102.969 0.000 0.000 0.000 0.000 0.000 0.000 0.000 0.000 0.000 0.000 48.591 69.591 14.591 0.000 0.000 0.000 56.847 62.868 61.870 70.864 71.875 61.931 7.098 0.000 0.000 0.000 0.000 56.695 57.693 0.000 0.000 0.000 0.000 0.000 0.000 0.000 0.000 0.000 78.093 81.093 61.094 55.094 53.094 63.094 63.095 58.095 0.000 0.000 0.000 8.108 66.111 63.113 63.115 53.116
0.000 0.000 55.978 64.978 16.977 2.977 65.977 94.976 85.976 81.976 95.975 62.975 22.975 0.000 0.000 0.000 0.000 40.969 71.970 0.000 0.000 0.000 0.000 0.000 0.000 0.000 0.000 0.000 0.000 0.000 53.591 71.591 2.591 0.000 0.000 47.941 62.035 60.063 90.079 83.107 61.165 63.265 9.376 0.000 0.000 0.000 51.695 0.000 0.000 0.000 0.000 0.000 0.000 0.000 0.000 0.000 0.000 0.000 66.093 83.094 68.094 62.094 63.094 58.094 0.000 0.000 0.000 0.000 0.000 58.112 63.113 63.114 58.115
0.000 0.000 51.980 96.979 53.979 2.978 54.978 86.978 88.977 99.977 101.976 104.976 110.976 49.975 18.975 0.000 0.000 0.000 11.971 6.971 0.000 0.000 0.000 0.000 0.000 0.000 0.000 0.000 0.000 0.000 54.592 69.592 0.000 6.593 10.593 0.000 55.267 63.270 93.281 75.308 63.356 62.423 67.486 0.000 0.000 0.000 0.000 0.000 0.000 0.000 0.000 0.000 0.000 0.000 0.000 0.000 0.000 0.000 0.000 4.094 71.094 61.094 59.094 0.000 0.000 0.000 0.000 0.000 57.112 56.112 58.113 52.113 0.000
24.984 39.983 73.982 91.981 99.980 68.980 81.979 104.979 101.978 100.978 100.977 100.976 100.976 106.975 109.975 65.974 24.973 6.972 69.971 83.971 76.971 78.971 34.970 10.970 7.970 0.000 0.000 0.000 0.000 0.000 33.592 55.592 61.592 61.593 64.593 23.594 56.497 85.468 87.468 64.489 62.528 62.584 65.660 10.783 5.838 0.000 0.000 0.000 0.000 0.000 0.000 0.000 0.000 0.000 0.000 0.000 0.000 0.000 0.000 0.000 0.000 0.000 5.094 0.000 0.000 0.000 0.000 59.112 54.112 52.112 0.000 0.000 0.000
97.984 100.984 100.983 98.983 96.982 97.981 99.981 99.980 100.979 101.979 101.978 100.977 93.976 97.976 100.975 104.974 108.973 109.972 101.971 97.971 94.971 89.970 91.970 84.970 40.970 18.970 0.000 0.000 0.000 0.000 0.000 0.000 0.000 0.000 0.000 80.691 69.657 98.637 89.635 76.651 63.682 62.727 62.786 66.853 62.892 0.000 0.000 0.000 0.000 0.000 0.000 0.000 0.000 0.000 0.000 0.000 0.000 0.000 0.000 0.000 0.000 0.000 0.000 0.000 0.000 0.000 0.000 0.000 0.000 0.000 0.000 0.000 0.000
100.985 95.985 93.985 92.984 86.983 83.983 84.982 84.981 90.980 95.980 95.979 88.978 72.977 87.976 100.975 100.974 100.973 100.972 100.971 100.971 101.971 101.970 104.970 105.970 105.970 105.970 44.970 0.000 0.000 0.000 0.000 0.000 0.000 0.000 0.000 52.823 78.805 83.789 67.785 84.796 72.821 62.858 62.903 65.950 8.985 0.000 0.000 0.000 0.000 0.000 0.000 0.000 0.000 0.000 0.000 0.000 0.000 0.000 0.000 0.000 0.000 0.000 0.000 0.000 0.000 0.000 0.000 0.000 0.000 0.000 0.000 0.000 0.000
70.987 43.987 65.986 79.986 77.985 57.984 42.984 38.983 58.982 75.981 74.980 67.979 62.977 72.976 93.975 101.974 100.973 100.972 100.971 100.971 100.971 104.970 79.970 67.970 66.970 70.970 73.970 12.970 1.970 0.000 0.000 0.000 0.000 0.000 0.000 50.973 86.949 69.927 61.921 71.929 82.949 66.979 63.017 63.061 69.114 13.204 7.245 0.000 0.000 0.000 0.000 0.000 0.000 0.000 0.000 0.000 0.000 0.000 0.000 0.000 0.000 0.000 0.000 0.000 0.000 0.000 0.000 0.000 0.000 0.000 0.000 0.000 0.000
60.988 31.988 53.988 68.987 64.987 41.986 27.985 31.984 51.983 65.982 63.981 63.979 64.978 62.977 81.975 98.974 100.973 100.972 100.971 100.970 99.970 62.970 0.000 0.000 0.000 0.000 0.000 0.000 0.000 57.320 77.319 29.319 15.315 11.303 58.256 75.148 92.092 69.050 63.042 61.049 78.067 80.093 66.125 63.162 63.204 66.253 75.287 13.315 8.323 0.000 0.000 0.000 0.000 0.000 0.000 0.000 0.000 0.000 0.000 0.000 0.000 0.000 0.000 0.000 0.000 0.000 0.000 0.000 0.000 0.000 0.000 0.000 0.000
73.990 69.990 64.990 63.989 64.989 66.988 67.987 70.986 69.984 65.983 64.982 64.980 64.979 63.977 70.975 92.974 101.972 100.971 102.970 74.970 40.970 0.000 0.000 0.000 0.000 0.000 0.000 0.000 0.000 22.320 44.320 47.321 51.324 65.337 62.318 83.271 80.220 54.139 61.147 63.159 65.178 78.201 70.228 65.258 63.289 62.317 79.334 70.337 64.330 0.000 0.000 0.000 0.000 0.000 0.000 0.000 0.000 0.000 0.000 0.000 0.000 0.000 0.000 0.000 0.000 0.000 0.000 0.000 0.000 0.000 0.000 0.000 0.000
63.992 64.992 64.992 64.991 64.991 64.990 64.989 64.987 64.986 64.985 64.983 64.981 64.979 64.977 62.976 83.974 100.972 102.970 98.969 24.968 0.000 0.000 0.000 0.000 0.000 0.000 0.000 0.000 0.000 0.000 0.000 0.000 0.000 49.403 66.409 92.396 66.378 0.000 49.249 64.263 62.283 66.305 67.329 76.353 65.375 63.392 62.395 58.368 0.000 0.000 0.000 0.000 0.000 0.000 0.000 0.000 0.000 0.000 0.000 0.000 0.000 0.000 0.000 0.000 0.000 0.000 0.000 0.000 0.000 0.000 0.000 0.000 23.326
64.995 64.995 64.994 64.994 64.993 64.992 64.991 63.989 63.988 64.986 64.984 64.982 64.980 64.978 63.976 71.973 86.971 97.969 85.967 11.966 0.000 0.000 0.000 0.000 0.000 0.000 0.000 0.000 0.000 0.000 0.000 0.000 0.000 26.462 75.521 100.526 10.519 0.000 47.336 65.361 63.386 62.408 70.429 81.450 69.468 63.481 67.486 0.437 0.000 0.000 0.000 0.000 0.000 0.000 0.000 0.000 0.000 0.000 0.000 0.000 0.000 0.000 0.000 0.000 0.000 0.000 0.000 0.000 0.000 0.000 0.000 0.000 80.403
64.997 64.997 64.997 64.996 64.995 64.994 64.993 68.991 69.990 65.988 64.986 64.984 64.981 64.979 64.976 63.973 66.970 75.967 75.965 16.964 0.000 0.000 0.000 0.000 0.000 0.000 18.542 0.000 0.000 0.000 0.000 0.000 0.000 0.000 79.686 94.667 17.653 0.000 31.398 62.461 63.491 63.512 62.531 67.548 69.565 65.579 67.587 0.000 0.000 0.000 0.000 0.000 0.000 0.000 0.000 0.000 0.000 0.000 0.000 0.000 0.000 0.000 0.000 0.000 0.000 0.000 0.000 0.000 0.000 0.000 0.000 64.625 73.533
65.000 65.000 64.999 64.999 64.998 64.997 63.995 75.994 80.992 67.990 64.988 64.985 64.982 64.979 64.976 64.973 64.969 63.965 66.962 47.959 0.000 0.000 0.000 0.000 0.000 60.543 81.542 43.539 34.530 33.516 0.000 0.000 0.000 60.991 102.869 76.804 76.773 3.794 0.000 48.592 65.604 63.618 63.633 61.648 77.664 81.682 75.697 0.000 0.000 0.000 0.000 0.000 0.000 0.000 0.000 0.000 0.000 0.000 0.000 0.000 0.000 0.000 0.000 0.000 0.000 0.000 0.000 0.000 0.000 0.000 38.791 89.718 75.641
65.003 65.003 65.002 65.002 65.001 65.000 63.998 76.996 82.994 66.992 64.990 64.987 64.984 64.980 64.977 64.973 64.968 64.963 64.958 70.952 41.944 0.000 0.000 0.000 0.543 23.543 38.544 60.547 68.533 72.503 46.445 22.367 57.262 95.112 92.997 72.909 54.838 12.816 0.000 48.712 65.717 64.724 67.734 62.747 71.763 94.786 91.822 36.897 0.981 17.010 0.000 0.000 0.000 0.000 0.000 0.000 0.000 0.000 0.000 0.000 0.000 0.000 0.000 0.000 0.000 0.000 0.000 0.000 0.000 0.000 75.865 131.812 114.748
62.006 63.006 64.006 64.005 65.004 65.003 63.001 77.999 80.997 63.995 64.992 64.989 64.986 64.982 64.978 64.973 64.968 64.962 64.955 64.947 70.937 50.923 1.914 0.000 0.000 0.000 0.000 36.571 67.552 63.518 66.465 70.395 82.306 99.198 83.098 50.994 0.926 0.000 0.000 47.826 64.826 67.828 80.833 66.842 76.856 77.877 96.908 100.953 84.001 34.022 0.000 0.000 0.000 0.000 0.000 0.000 0.000 0.000 0.000 0.000 0.000 0.000 0.000 0.000 0.000 0.000 0.000 0.000 0.000 62.084 71.992 72.920 75.852
83.010 78.010 73.009 71.008 67.007 63.006 63.005 78.003 81.000 62.998 64.995 64.992 64.988 64.984 64.979 64.974 63.968 62.961 63.953 63.944 63.932 69.919 46.905 23.890 0.000 0.000 0.000 35.613 73.588 67.552 62.503 75.442 98.367 92.278 60.203 0.000 0.000 0.000 0.000 45.941 63.933 68.928 75.928 70.933 75.943 74.958 87.979 82.007 75.035 48.056 3.077 0.000 0.000 0.000 0.000 0.000 0.000 0.000 0.000 0.000 0.000 0.000 0.000 0.000 8.882 0.000 0.000 5.255 39.255 67.177 136.096 100.030 131.914
103.014 102.014 98.013 93.012 89.011 84.010 79.008 75.006 70.004 64.001 64.998 64.995 64.991 64.986 63.981 65.975 71.969 76.961 75.953 73.942 67.930 62.916 66.898 72.875 36.838 17.797 21.747 55.679 78.636 69.597 65.554 88.504 100.442 56.345 1.280 0.000 0.000 9.156 16.131 50.064 63.037 68.023 84.018 74.019 67.024 60.032 66.045 84.060 81.075 87.088 6.099 0.000 0.000 0.000 0.000 0.000 0.000 0.000 0.000 0.000 0.000 0.000 0.000 0.000 5.882 0.000 0.000 0.000 74.334 65.271 75.201 98.094 74.267
