results3/res_3e8f-0150.wd
ncols         241
nrows         181
xllcorner     12693529.787448
yllcorner     3542525.717860
cellsize      155.156523
NODATA_value  -9999.000000
[rows 33 to 65 of 181, columns 73 to 145 of 241]
0.000 0.000 0.000 0.000 0.000 0.000 0.000 0.000 0.000 0.000 0.000 0.000 0.000 0.000 0.000 0.000 0.000 0.000 0.000 0.000 0.000 0.000 0.000 0.000 0.000 0.000 0.000 0.000 0.000 0.000 0.000 0.000 0.000 0.000 0.000 0.000 0.000 0.000 0.000 38.955 61.956 66.958 22.960 0.000 0.000 32.039 46.067 13.047 4.048 36.069 39.085 33.084 34.066 35.032 34.980 34.910 34.820 33.708 39.558 59.327 5.854 13.993 11.289 46.465 62.930 67.458 66.018 66.621 65.159 67.248 62.307 61.911 61.902
0.000 0.000 0.000 0.000 0.000 0.000 0.000 0.000 0.000 0.000 0.000 0.000 0.000 0.000 0.000 0.000 0.000 0.000 0.000 0.000 0.000 0.000 0.000 0.000 0.000 0.000 0.000 0.000 0.000 0.000 0.000 0.000 0.000 0.000 0.000 0.000 0.000 0.000 0.000 0.000 13.957 8.957 0.000 0.000 0.000 0.000 28.158 0.000 0.000 26.110 50.152 49.156 39.140 35.105 35.050 34.974 34.878 33.763 55.633 53.480 0.000 36.836 49.410 62.846 67.331 66.856 66.428 65.937 67.000 63.020 62.312 62.566 64.870
0.000 0.000 0.000 0.000 0.000 0.000 0.000 0.000 0.000 0.000 0.000 0.000 0.000 0.000 0.000 0.000 0.000 0.000 34.525 66.525 19.525 0.000 0.000 0.000 0.000 0.000 0.000 0.000 0.000 0.000 0.000 0.000 0.000 0.000 0.000 0.000 0.000 0.000 0.000 0.000 0.000 0.000 0.000 0.000 0.000 0.000 20.250 0.000 0.000 0.000 28.255 46.249 46.233 37.198 35.141 35.059 32.954 48.835 57.729 0.000 22.492 47.106 61.667 68.177 67.689 67.237 66.719 68.754 64.742 62.841 63.239 65.566 64.813
0.000 0.000 0.000 0.000 0.000 0.000 0.000 0.000 0.000 0.000 0.000 21.527 59.527 0.000 0.000 0.000 0.000 0.000 41.525 92.525 48.525 0.000 0.000 0.000 0.000 0.000 0.000 0.000 0.000 0.000 0.000 0.000 0.000 0.000 0.000 0.000 0.000 0.000 0.000 0.000 0.000 0.000 0.000 0.000 0.000 0.000 23.341 24.382 31.400 17.399 27.363 35.354 48.343 39.314 35.257 32.166 43.044 52.893 41.721 17.397 46.878 64.430 68.976 68.502 68.042 67.504 67.511 66.475 63.482 63.928 66.268 65.521 65.289
0.000 0.000 0.000 0.000 0.000 0.000 0.000 0.000 0.000 0.000 0.000 42.527 77.527 66.527 53.527 8.527 2.526 26.526 80.525 88.525 53.525 0.000 0.000 0.000 0.000 22.420 1.420 0.000 0.000 0.000 0.000 0.000 0.000 0.000 0.000 0.000 0.000 6.425 0.000 0.000 0.000 10.425 28.425 0.000 0.000 39.403 54.391 57.405 55.421 41.434 35.443 34.461 48.472 39.459 31.407 45.305 59.162 46.973 34.864 49.593 54.193 66.759 69.300 68.842 68.293 68.275 66.220 64.234 64.637 66.983 66.242 66.013 65.682
0.000 0.000 0.000 0.000 0.000 0.000 0.000 0.000 0.000 0.000 0.000 13.527 75.527 58.527 39.527 1.527 22.527 72.526 83.526 90.525 49.525 0.000 0.000 0.000 0.000 60.420 44.420 0.000 0.000 0.000 0.000 0.000 0.000 0.000 0.000 0.000 23.425 35.425 37.425 0.000 0.000 19.425 44.424 23.423 37.421 60.416 63.415 64.425 61.444 48.472 35.516 32.576 49.624 40.642 44.606 62.487 56.324 0.000 33.169 51.917 64.543 70.109 69.654 69.097 69.053 66.987 65.113 65.369 67.715 66.982 66.758 66.426 66.096
0.000 0.000 0.000 0.000 0.000 0.000 0.000 0.000 0.000 0.000 0.000 0.000 0.000 26.527 64.527 60.527 48.527 61.526 81.526 92.525 45.524 0.000 0.000 0.000 0.000 22.420 46.420 48.420 0.000 0.000 0.000 0.000 0.000 0.000 0.000 0.000 39.425 40.425 52.425 35.425 24.425 38.425 39.425 35.425 42.424 49.424 47.427 40.438 59.457 25.493 41.571 44.704 34.807 46.878 59.887 56.714 0.000 8.150 44.727 61.362 69.956 70.494 69.941 69.867 66.793 66.161 66.133 68.468 67.745 67.527 67.200 66.869 66.514
0.000 0.000 0.000 0.000 0.000 0.000 0.000 0.000 0.000 0.000 0.000 0.000 0.000 16.527 83.527 78.528 68.528 58.527 82.526 90.525 85.522 70.519 25.516 0.000 0.000 0.000 2.420 56.421 40.421 38.421 49.421 44.421 7.421 0.000 0.000 3.425 39.425 38.425 59.425 65.425 54.425 46.426 38.426 35.426 36.427 37.429 36.433 34.441 42.454 3.474 0.000 3.863 40.021 63.177 61.351 0.826 6.894 44.573 58.223 67.859 71.393 70.952 71.726 67.675 67.454 66.948 69.252 68.531 68.317 68.000 67.679 67.328 66.943
0.000 0.000 0.000 0.000 0.000 0.000 0.000 0.000 0.000 0.000 0.000 0.000 0.000 0.000 16.528 55.528 30.529 66.528 85.527 90.525 88.522 86.518 75.514 34.511 0.000 0.000 0.000 12.421 51.421 51.421 64.421 62.421 55.421 50.422 0.000 0.000 6.425 43.425 62.425 69.425 61.426 45.426 34.427 35.428 35.429 35.431 35.435 35.439 39.444 0.000 0.000 0.000 10.239 47.457 16.954 14.295 49.230 54.023 65.755 72.355 72.203 70.440 68.764 69.120 67.850 70.085 69.351 69.128 68.813 68.507 68.182 67.824 67.400
0.000 0.000 0.000 0.000 0.000 0.000 0.000 0.000 0.000 0.000 0.000 0.000 0.000 0.000 0.000 1.529 87.530 87.530 89.530 89.527 88.522 82.516 76.511 47.508 0.000 0.000 0.000 0.000 0.000 19.421 64.421 58.421 73.422 70.422 49.422 28.423 29.424 38.425 60.425 69.425 60.426 43.427 33.427 38.428 37.430 35.432 35.435 35.438 36.440 28.439 0.000 0.000 0.000 0.000 8.715 51.772 54.705 62.558 73.276 73.385 71.743 73.626 71.366 68.898 71.000 70.225 69.970 69.639 69.332 69.027 68.719 68.386 66.952
0.000 0.000 0.000 0.000 0.000 0.000 22.474 45.471 0.000 23.415 63.405 52.392 56.382 31.375 0.000 0.000 23.533 95.534 89.534 86.530 83.523 86.514 77.506 40.501 0.000 0.000 0.000 0.000 0.000 0.000 0.000 8.421 62.422 63.422 14.422 0.000 5.425 42.425 60.425 65.425 55.426 46.427 44.428 6.429 13.431 41.433 35.435 35.437 36.438 42.438 50.438 12.438 0.000 0.000 24.419 57.377 61.272 72.081 74.294 73.925 77.211 75.786 70.251 72.045 71.180 70.859 70.488 70.157 69.844 69.552 69.282 69.047 74.874
0.000 0.000 0.000 0.000 0.000 0.000 22.477 65.469 7.450 57.425 59.407 71.391 54.378 39.369 0.000 0.000 11.535 80.537 92.542 89.537 89.526 90.512 84.498 38.490 0.000 0.000 0.000 0.000 0.000 0.000 0.000 0.000 0.000 47.422 6.422 0.000 1.425 48.425 45.425 57.425 14.426 0.000 0.000 0.000 0.000 7.434 45.435 39.436 2.437 32.438 66.438 49.438 2.438 0.000 29.172 63.013 71.916 75.037 74.792 78.971 78.226 71.616 73.170 72.208 71.801 71.371 70.997 70.652 70.337 70.053 69.812 69.644 74.623
20.752 64.747 54.743 0.000 0.000 0.000 16.488 76.476 52.455 54.430 60.406 84.386 85.369 80.354 34.341 0.000 0.000 0.000 40.561 94.550 89.531 90.508 87.486 46.470 0.000 0.000 0.000 0.000 0.000 0.000 0.000 0.000 0.000 5.422 0.000 0.000 0.000 0.000 0.000 0.000 0.000 0.000 0.000 0.000 0.000 0.000 0.000 20.437 17.437 0.000 0.000 0.000 0.000 18.585 56.001 72.954 74.631 75.564 79.915 79.522 72.650 74.200 73.228 72.762 72.278 71.857 71.472 71.119 70.798 70.510 70.268 70.096 73.047
20.753 76.746 58.739 54.730 0.000 0.000 3.511 68.494 70.464 70.433 82.403 79.378 91.357 90.339 51.327 0.000 0.000 0.000 16.591 96.572 89.541 90.504 87.466 47.434 0.000 0.000 8.010 55.974 67.934 36.907 0.000 0.000 0.000 0.000 0.000 0.000 0.000 0.000 0.000 0.000 0.000 0.000 0.000 0.000 0.000 0.000 0.000 0.000 5.437 0.000 0.000 0.000 16.549 57.057 74.017 74.599 80.827 80.318 73.926 74.485 74.980 74.156 73.682 73.175 72.721 72.301 71.914 71.556 71.225 70.923 70.653 77.424 18.236
84.755 81.747 60.736 61.721 53.701 0.645 58.550 53.525 61.475 74.434 78.395 89.367 90.341 89.319 58.301 0.000 0.000 0.000 15.640 95.605 89.557 90.502 85.440 65.367 49.253 50.148 50.047 57.978 78.921 45.880 0.000 0.000 0.000 0.000 0.000 0.000 0.000 0.000 0.000 0.000 0.000 0.000 0.000 0.000 0.000 0.000 0.000 0.000 0.000 0.000 14.640 45.417 54.925 73.911 75.501 82.170 81.576 74.476 76.193 75.524 74.978 74.516 74.025 73.563 73.125 72.713 72.327 71.965 71.623 71.302 77.999 23.712 0.000
81.760 76.749 74.736 57.718 61.691 61.652 52.605 45.583 0.000 0.000 20.375 79.355 90.323 88.293 73.256 40.205 0.000 2.810 64.724 85.652 90.580 89.505 90.426 80.341 56.243 53.145 52.051 60.969 78.892 61.812 47.702 48.615 52.551 63.511 27.496 0.000 0.000 0.000 0.000 0.000 0.000 0.000 0.000 0.000 0.000 0.000 0.000 0.000 0.000 0.000 25.841 65.681 73.627 76.275 83.050 82.654 75.201 76.868 76.086 75.711 75.267 74.810 74.360 73.922 73.502 73.101 72.718 72.352 72.001 77.662 24.331 0.000 0.000
70.766 22.755 90.742 61.723 55.692 56.662 58.634 58.618 47.621 0.000 0.000 0.339 24.303 95.275 85.227 63.154 55.035 61.897 60.793 62.699 70.606 71.512 58.419 55.327 53.232 53.138 52.045 60.955 75.866 54.775 51.678 56.592 72.526 75.488 60.480 34.480 0.000 0.000 0.000 0.000 0.000 0.000 0.000 0.000 0.000 0.000 0.000 0.000 0.000 16.680 58.525 74.137 76.977 83.614 83.370 75.899 77.540 76.754 76.394 75.963 75.536 75.107 74.681 74.265 73.860 73.469 73.092 72.725 78.367 24.015 0.000 0.000 0.000
16.774 89.764 90.752 76.741 0.000 3.669 63.651 59.634 70.624 61.618 0.000 0.355 3.310 83.275 80.222 65.149 56.055 52.950 52.850 55.747 68.632 76.519 79.412 72.315 62.222 55.129 54.035 69.940 72.842 47.743 51.643 51.550 52.475 56.433 35.456 0.000 0.000 0.000 6.010 0.000 0.000 0.000 0.000 0.000 0.000 0.000 0.000 19.900 51.571 59.429 72.944 84.273 83.888 76.954 77.549 78.114 77.423 77.057 76.633 76.222 75.810 75.399 74.993 74.595 74.205 73.825 74.454 81.089 24.728 0.000 0.000 0.000 0.000
94.782 90.773 90.763 90.749 77.728 60.694 60.667 60.643 51.624 0.579 17.457 24.412 76.348 73.295 76.235 69.166 70.086 69.999 69.909 72.808 67.654 67.522 69.393 73.300 74.212 72.122 68.027 78.926 76.821 64.712 65.600 65.491 67.390 42.313 0.000 0.000 0.000 0.000 7.010 0.000 0.000 0.000 0.000 0.000 0.000 6.765 54.549 55.119 76.136 76.694 85.341 84.861 79.443 79.158 78.546 78.077 77.697 77.284 76.882 76.480 76.081 75.687 75.298 74.916 74.541 75.173 78.809 11.449 0.000 0.000 0.000 0.000 0.000
93.790 89.784 89.776 90.762 87.741 65.712 59.680 60.648 61.612 53.558 2.492 68.435 65.377 66.320 67.259 62.194 66.123 71.050 78.980 63.922 0.000 0.000 14.337 72.281 68.204 68.120 68.024 67.918 67.803 67.683 67.556 67.423 65.280 60.117 32.901 0.000 8.537 52.313 59.010 70.699 40.458 0.000 0.000 0.000 0.783 55.957 66.758 78.688 79.326 86.078 85.742 80.095 79.770 79.033 78.703 78.312 77.914 77.519 77.126 76.736 76.349 75.969 75.595 75.229 75.870 78.515 26.162 0.000 0.000 0.000 0.000 0.000 0.000
79.796 79.797 79.796 90.784 90.762 80.731 56.694 59.656 60.616 60.569 66.516 75.461 59.404 56.348 54.289 61.227 76.162 75.098 60.037 39.980 0.000 0.000 0.000 0.312 57.204 52.129 52.030 51.917 51.793 52.660 55.518 56.364 56.189 54.975 55.685 54.238 53.761 62.393 69.017 66.629 73.218 70.671 65.158 62.647 65.027 76.631 80.143 79.936 86.570 86.354 80.735 80.387 79.637 79.309 78.913 78.525 78.137 77.751 77.368 76.988 76.612 76.243 75.885 76.537 77.195 15.855 0.000 0.000 0.000 0.000 0.000 0.000 0.000
0.000 45.811 57.825 85.817 89.793 70.756 53.710 52.666 60.627 60.586 59.541 53.489 54.431 60.378 77.322 76.262 59.201 52.144 42.090 0.000 61.679 70.620 66.528 67.413 70.274 73.164 72.051 72.928 75.791 74.645 71.493 73.327 68.137 53.910 57.626 56.268 60.875 78.480 85.037 81.583 75.112 69.635 71.177 77.640 82.492 80.917 87.173 86.823 80.723 82.332 80.916 80.254 79.912 79.512 79.126 78.740 78.357 77.979 77.606 77.236 76.868 77.506 75.166 70.839 22.517 0.000 0.000 0.000 0.000 0.000 0.000 0.000 0.000
0.000 0.000 50.878 69.864 80.837 55.791 47.725 54.672 52.639 59.608 60.573 60.522 53.455 70.411 62.359 51.299 54.237 46.186 0.000 70.825 73.739 73.652 75.553 76.440 79.317 83.200 82.082 81.952 81.797 83.638 84.481 82.313 70.123 55.901 57.639 57.333 56.992 59.615 33.069 5.554 95.009 136.601 114.134 80.066 81.583 88.143 87.703 81.172 83.900 81.314 80.870 80.510 80.114 79.726 79.337 78.951 78.572 78.203 77.842 77.483 79.117 73.747 62.433 17.136 0.000 0.000 0.000 0.000 0.000 0.000 0.000 0.000 44.736
3.119 0.000 5.945 26.923 61.900 43.845 0.000 49.660 54.648 54.635 60.621 49.571 0.000 54.451 52.403 54.337 55.262 65.176 79.058 75.911 77.799 83.696 93.591 137.478 134.355 134.238 134.126 134.000 134.809 118.628 50.481 53.322 51.140 58.933 57.698 54.433 52.145 33.920 0.000 0.000 3.786 61.498 78.512 83.108 88.837 88.518 80.773 82.472 81.770 81.465 81.095 80.712 80.326 79.937 79.545 79.156 78.778 78.418 79.075 77.736 69.370 57.934 15.683 0.000 0.000 0.000 0.000 0.000 0.000 0.000 1.029 35.941 56.841
77.120 25.094 14.034 76.984 54.995 0.000 0.000 0.000 48.656 61.665 53.703 0.000 6.625 62.540 53.465 64.385 77.298 77.200 82.087 84.964 77.849 63.741 54.636 50.527 48.385 51.272 52.183 39.114 0.000 55.586 52.492 51.353 55.184 58.992 55.786 47.557 54.234 35.001 0.000 1.068 56.770 73.797 83.526 89.329 89.108 81.358 83.043 82.339 82.044 81.674 81.304 80.926 80.540 80.150 79.752 79.348 78.965 79.617 75.304 64.017 20.693 0.000 0.000 0.000 0.000 0.000 0.000 0.000 0.000 0.000 4.099 54.021 52.935
87.139 95.130 83.113 0.086 12.100 6.205 1.252 0.260 0.000 0.000 57.824 55.804 63.709 60.620 60.532 60.441 77.343 91.238 80.125 60.007 57.893 52.785 54.686 45.608 0.000 57.284 54.220 43.159 0.000 56.639 51.547 52.413 59.250 57.065 54.897 36.774 0.000 1.511 53.433 51.235 68.022 83.939 89.605 82.294 82.860 83.519 82.914 82.619 82.255 81.895 81.524 81.145 80.760 80.371 79.964 80.520 80.119 69.779 54.509 17.334 0.000 0.000 0.000 0.000 0.000 0.000 0.000 2.441 29.398 28.319 43.199 55.107 43.024
77.167 81.172 71.175 0.000 0.000 71.289 64.292 58.268 2.210 10.100 75.964 72.880 59.789 60.697 60.602 61.503 82.397 134.285 127.167 74.048 128.931 49.819 53.714 53.612 55.497 53.359 53.253 53.143 54.986 50.784 50.643 59.504 58.339 55.122 49.962 38.868 0.000 0.291 55.487 62.329 84.335 83.222 89.962 83.340 83.926 83.474 83.183 82.836 82.486 82.123 81.752 81.371 80.985 80.608 82.214 77.649 59.213 45.870 47.618 13.476 0.000 0.000 0.000 0.000 0.000 0.000 0.000 2.484 38.435 43.361 57.271 51.186 41.106
73.197 68.218 12.239 0.000 2.410 54.369 63.342 60.301 78.238 72.151 77.051 84.961 75.870 60.776 60.677 60.571 59.458 53.337 48.212 53.086 49.964 53.848 53.738 53.630 53.520 53.403 53.292 53.172 52.030 56.869 58.737 59.620 43.480 0.000 42.962 0.000 0.000 0.202 59.663 81.588 85.596 90.949 90.489 83.432 84.084 83.725 83.410 83.075 82.725 82.362 81.989 81.601 81.201 79.864 41.634 0.000 0.000 0.000 0.000 0.000 0.000 0.000 0.000 34.865 29.829 28.770 27.689 31.576 40.496 56.418 50.337 41.258 51.183
65.224 56.265 61.325 6.424 59.451 55.436 54.404 72.356 65.292 81.214 90.129 70.044 55.955 53.861 56.759 59.648 60.525 60.394 53.256 52.120 52.991 52.871 53.759 53.652 53.547 58.443 55.338 52.225 53.094 55.926 59.814 48.761 0.000 0.000 0.000 0.000 15.350 135.231 78.948 85.972 83.947 91.356 83.253 85.771 87.254 83.979 83.661 83.329 82.978 82.610 83.240 79.844 67.353 58.013 15.824 0.000 0.000 0.000 0.000 0.000 0.000 0.000 36.948 36.900 36.853 37.793 37.720 38.635 52.556 52.479 36.402 39.328 41.256
40.240 41.292 35.371 59.497 55.532 54.521 65.483 69.427 80.359 87.285 53.208 52.129 53.045 54.954 53.851 50.734 58.603 59.456 60.300 59.147 53.009 51.885 50.774 51.672 57.575 116.483 84.392 64.296 47.195 0.000 61.832 69.850 0.000 0.000 0.000 0.000 59.471 70.367 87.250 85.285 92.065 91.724 84.343 84.872 85.537 84.243 83.930 83.600 83.246 83.861 82.519 35.181 0.000 0.000 0.000 0.000 0.000 0.000 0.000 0.000 0.000 0.000 43.997 39.935 36.888 37.830 35.763 47.688 54.613 38.539 39.466 47.394 45.325
0.000 0.000 0.000 52.661 55.659 57.634 78.582 89.508 103.431 85.358 14.289 71.219 71.144 55.057 54.956 53.837 51.695 54.529 60.339 58.159 59.012 60.888 58.781 56.685 52.599 47.521 52.450 47.373 0.000 0.000 0.000 55.956 47.983 0.000 0.000 1.911 69.696 86.555 86.630 84.646 92.377 84.066 86.568 88.073 84.815 84.524 84.218 83.893 83.548 81.067 35.793 0.000 0.000 0.000 0.000 0.000 0.000 0.000 0.000 0.000 0.000 43.177 13.106 1.028 44.932 34.878 45.812 57.742 45.670 40.599 45.528 49.458 42.391
0.000 0.000 0.000 50.825 56.811 72.772 83.702 131.594 125.499 127.428 133.371 129.316 130.253 55.176 55.080 53.961 53.811 52.626 47.368 57.139 58.991 59.875 57.775 59.689 59.615 60.554 53.512 0.000 0.000 0.000 0.000 57.036 42.009 0.000 0.000 61.076 82.933 86.882 85.870 92.944 92.668 85.126 85.672 86.361 85.097 84.821 84.525 85.206 59.986 0.000 0.000 0.000 0.000 0.000 0.000 0.000 0.000 0.000 55.468 44.422 34.349 38.247 38.168 39.100 39.009 41.937 54.867 51.797 46.727 47.657 45.588 43.521 39.455
17.082 0.000 0.000 52.005 68.985 76.943 82.859 53.666 52.544 51.484 48.450 49.420 49.376 55.313 55.228 71.115 70.964 46.795 0.000 44.039 56.938 58.846 56.756 58.681 58.619 59.568 55.533 0.000 0.378 1.320 55.249 40.142 0.000 0.000 62.456 71.306 88.173 87.080 86.260 93.201 84.802 87.329 89.865 85.641 85.392 85.138 83.854 71.421 30.204 0.000 0.000 0.000 0.000 0.000 41.705 36.684 36.646 36.591 40.514 52.449 55.377 41.296 36.219 38.145 40.067 54.993 53.923 39.853 48.783 49.715 48.647 41.581 37.517
