results3/res_3e8f.max
ncols         241
nrows         181
xllcorner     12693529.787448
yllcorner     3542525.717860
cellsize      155.156523
NODATA_value  -9999.000000
[rows 99 to 131 of 181, columns 0 to 72 of 241]
0.000 0.000 0.000 0.000 0.000 61.282 101.282 103.282 94.282 89.282 0.000 0.000 0.000 0.000 0.000 3.279 2.279 69.279 66.279 0.000 0.000 2.279 5.279 64.279 63.279 4.279 0.000 0.000 0.000 11.266 0.000 0.000 0.000 0.000 17.123 63.120 59.110 58.093 59.069 60.042 73.013 61.982 65.947 57.909 59.868 57.824 58.776 63.726 64.673 62.619 66.563 59.506 59.448 61.388 64.325 78.256 79.196 64.149 50.106 0.000 0.000 0.000 0.000 0.000 28.165 83.160 80.150 67.132 42.108 37.084 81.060 58.037 60.014
0.000 0.000 0.000 0.000 0.000 62.282 102.282 102.282 0.000 0.000 0.000 0.000 0.000 0.000 0.000 2.279 14.279 80.279 69.279 7.279 4.279 4.279 67.279 66.279 70.279 1.279 0.000 0.000 0.000 69.266 61.266 0.000 0.000 0.211 76.166 86.161 72.151 65.137 59.119 61.096 80.070 65.040 71.006 70.969 61.928 76.883 68.835 69.784 59.731 67.675 67.618 65.560 59.502 60.443 64.380 61.286 23.223 13.186 0.000 0.000 0.000 0.000 0.000 31.183 68.177 80.172 87.164 77.152 53.136 54.119 68.101 59.082 60.062
7.284 0.284 0.000 0.000 0.000 49.283 98.283 107.282 17.282 0.000 0.000 0.000 0.000 0.000 0.000 1.279 3.279 87.279 68.279 69.279 71.279 68.279 65.279 66.279 64.279 2.279 0.000 0.000 0.000 62.266 62.266 63.264 62.256 62.241 61.214 71.205 80.197 27.187 91.173 81.154 86.130 71.102 16.069 87.032 84.991 83.946 87.897 76.845 59.790 62.732 67.673 67.614 64.556 60.504 49.464 0.000 0.000 0.000 0.000 0.000 0.000 0.000 0.000 41.189 68.188 68.186 79.182 78.175 61.166 61.155 60.142 60.128 60.112
75.284 78.284 10.284 0.000 0.000 59.283 98.283 103.282 113.282 18.282 0.000 0.000 0.000 0.000 9.280 9.279 7.279 24.279 72.279 69.279 87.279 101.279 76.279 61.279 0.279 0.000 0.000 0.000 0.000 0.000 61.268 62.271 62.263 62.253 62.245 61.247 61.246 60.241 61.231 66.216 78.195 72.168 15.136 87.099 88.058 66.013 72.963 89.910 83.852 70.791 60.729 66.666 67.604 70.553 55.509 0.000 0.000 0.000 0.000 0.000 0.000 0.000 0.000 3.195 19.201 65.203 62.202 62.201 60.197 60.192 60.185 60.176 60.163
89.284 72.284 72.284 74.283 76.283 95.283 103.283 103.283 103.282 105.282 79.282 18.281 1.281 67.280 74.280 75.280 37.279 32.279 95.279 103.279 98.279 94.279 77.279 1.279 0.000 0.000 0.000 0.000 0.000 0.000 0.000 62.287 61.271 60.264 61.267 62.292 62.299 62.300 62.295 63.283 82.265 77.240 60.208 62.171 73.129 84.083 61.033 72.978 73.917 66.852 86.786 69.719 61.640 2.596 0.000 0.000 0.000 0.000 0.000 0.000 0.000 0.000 0.000 0.000 11.219 65.221 60.224 60.228 60.231 60.232 60.231 58.226 56.218
104.284 94.284 75.284 79.284 97.283 103.283 103.283 103.283 103.282 98.282 70.282 76.281 4.281 58.280 93.280 101.280 101.279 85.279 100.279 107.279 17.279 0.000 0.000 0.000 0.000 0.000 0.000 0.000 0.000 0.000 0.000 62.319 0.000 0.000 0.000 63.354 62.359 62.364 62.365 63.358 79.342 84.318 61.286 62.248 62.205 80.158 81.108 59.051 66.987 85.911 77.846 55.782 0.000 0.000 0.000 0.000 0.000 0.000 0.000 0.000 0.000 0.000 0.000 0.000 8.235 65.239 60.245 60.255 60.266 59.274 58.279 63.280 64.277
104.284 104.284 99.284 102.284 103.283 103.283 103.283 103.283 103.282 99.282 74.282 91.281 0.000 0.000 71.280 95.280 103.279 104.279 103.279 108.279 11.279 0.000 0.000 0.000 0.000 0.000 0.000 0.000 0.000 0.000 0.000 62.351 1.377 1.396 64.411 62.410 62.420 62.433 62.442 62.441 79.428 84.404 61.370 62.329 62.285 63.237 84.187 78.133 85.068 74.961 55.903 0.000 0.000 0.000 0.000 0.000 0.000 0.000 0.000 0.000 0.000 0.000 0.000 0.000 63.248 60.253 60.264 60.281 60.305 59.321 61.331 65.338 66.340
102.284 103.284 103.284 103.284 103.284 103.283 103.283 103.283 103.283 104.282 99.282 106.281 30.281 9.280 59.280 78.280 101.279 103.279 104.279 92.279 6.279 0.000 0.000 0.000 0.000 0.000 0.000 0.000 0.000 0.000 0.000 56.367 61.382 61.401 60.422 62.456 62.479 62.505 62.529 62.537 79.526 84.499 61.460 62.415 62.367 62.319 67.271 90.227 70.191 0.000 0.000 0.000 0.000 0.000 0.000 0.000 0.000 0.000 0.000 0.000 0.000 0.000 0.000 0.000 16.255 67.262 63.275 64.302 62.350 58.372 65.387 66.399 64.409
99.284 104.284 103.284 103.284 103.284 103.284 103.283 103.283 103.283 103.282 104.282 97.281 81.281 72.280 66.280 93.279 103.279 103.279 108.279 11.279 0.000 0.000 0.000 0.000 0.000 0.000 0.000 0.000 0.000 0.000 0.000 0.000 0.000 0.000 0.000 62.511 62.535 62.578 62.632 62.652 78.640 85.605 62.557 62.503 62.449 62.399 62.353 68.312 21.279 0.000 0.000 0.000 0.000 0.000 0.000 0.000 0.000 0.000 0.000 0.000 0.000 0.000 0.000 0.000 0.000 4.266 2.270 0.000 8.421 67.431 65.445 66.463 63.482
99.285 104.285 103.284 103.284 103.284 103.284 103.284 103.283 103.283 103.282 104.282 89.281 68.281 67.280 76.280 100.279 103.279 103.279 109.278 14.278 5.278 0.000 0.000 0.000 0.000 0.000 0.000 0.000 0.000 0.000 0.000 0.000 0.000 0.000 0.000 58.541 62.572 59.640 62.771 62.798 81.776 85.725 62.659 62.591 62.529 62.475 62.429 59.388 9.333 0.000 0.000 0.000 0.000 0.000 0.000 0.000 0.000 0.000 0.000 0.000 0.000 59.565 0.000 0.000 0.000 0.000 0.000 1.507 63.483 64.486 66.500 66.524 63.557
102.285 103.285 103.285 103.285 103.284 103.284 103.284 103.283 103.283 103.283 103.282 100.281 77.281 78.280 95.280 102.279 103.279 103.278 110.278 27.278 0.000 0.000 0.000 0.000 0.000 0.000 0.000 0.000 0.000 0.000 0.000 0.000 0.000 0.000 0.000 0.000 58.572 0.000 62.012 62.994 90.941 77.860 62.764 62.674 62.600 75.543 65.502 60.477 0.000 0.000 0.000 0.000 0.000 0.000 0.000 0.000 0.000 0.000 0.000 0.000 11.565 70.565 55.565 0.000 0.000 0.000 1.542 64.531 67.523 66.529 63.547 59.577 59.624
103.285 103.285 103.285 103.285 103.285 103.285 103.284 103.284 103.283 103.283 103.282 103.281 105.281 105.280 104.279 103.279 103.278 105.278 94.277 37.277 0.000 0.000 0.000 0.000 0.000 0.000 0.000 0.000 0.000 0.000 0.000 0.000 0.000 0.000 0.000 0.000 0.000 0.000 62.273 63.223 97.135 66.010 62.863 62.740 74.653 83.594 62.557 62.542 61.558 0.000 0.000 0.000 0.000 0.000 0.000 0.000 0.000 0.000 0.000 0.000 0.000 66.565 67.565 54.564 1.563 60.559 62.554 66.549 65.549 63.559 62.580 58.615 66.672
102.286 101.286 103.286 103.286 103.285 103.285 103.285 103.284 103.284 103.283 103.282 103.282 103.281 103.280 103.279 103.278 104.278 87.277 15.277 6.276 64.276 78.276 24.276 0.000 0.000 5.276 0.000 0.000 0.000 0.000 0.000 0.000 0.000 0.000 0.000 4.289 4.260 1.105 58.582 69.490 92.365 63.183 59.939 62.770 62.680 62.625 62.591 62.575 62.574 59.574 0.000 0.000 0.000 0.000 0.000 0.000 0.000 0.000 0.000 0.000 0.566 61.565 57.565 63.565 58.564 66.563 66.561 65.562 61.567 64.578 59.598 58.631 58.688
92.286 92.286 101.286 103.286 103.286 103.286 103.285 103.285 103.284 103.283 103.283 104.282 105.281 103.280 103.279 103.278 103.277 25.277 9.276 64.276 74.276 84.276 83.276 76.276 68.276 9.276 0.000 0.000 0.000 0.000 0.000 0.000 0.000 0.000 4.338 63.318 66.270 66.152 62.925 61.791 70.653 58.418 0.000 58.720 62.671 62.633 62.608 62.593 61.588 0.000 0.000 0.000 0.000 0.000 0.000 0.000 63.566 74.566 0.000 0.000 62.566 60.566 60.566 57.566 65.566 66.566 66.568 63.571 66.577 66.588 64.604 59.624 48.646
74.287 79.287 98.287 104.287 103.287 103.286 103.286 103.285 103.285 103.284 105.283 91.282 87.281 102.280 107.279 104.278 99.277 81.276 84.275 90.275 84.275 85.275 64.276 57.276 3.276 0.275 0.000 0.000 0.000 0.000 0.000 0.304 1.304 0.000 54.357 60.377 63.350 63.281 63.176 63.095 65.038 0.000 0.000 0.000 57.650 62.629 62.613 62.603 62.598 0.598 0.000 0.000 0.000 0.000 0.000 23.566 80.566 62.566 60.566 60.566 60.566 60.566 58.566 63.567 66.567 66.569 62.572 66.576 66.584 65.593 59.604 60.616 50.626
58.287 73.287 92.288 105.288 106.287 106.287 104.286 103.286 104.285 103.284 104.283 42.282 13.281 61.280 79.278 100.277 107.276 105.275 105.274 91.274 14.275 0.000 0.000 0.000 0.000 0.000 0.000 0.000 0.000 9.304 11.304 1.304 1.304 1.304 0.000 59.481 63.473 61.444 62.403 64.374 65.366 0.000 0.000 0.000 0.000 55.621 62.613 62.607 59.602 0.000 0.000 0.000 0.000 0.000 0.000 0.000 22.566 76.566 59.566 59.566 60.566 59.566 59.567 65.567 66.568 64.570 52.574 5.579 70.588 64.596 64.604 64.611 50.616
22.287 44.288 77.288 83.289 77.288 79.288 96.287 104.287 100.286 93.285 92.284 27.283 0.000 0.000 0.000 37.276 72.275 98.273 105.272 2.273 0.000 0.000 0.000 0.000 0.000 0.000 0.000 0.000 0.000 51.304 72.304 17.304 2.304 1.304 0.000 59.593 65.615 64.621 73.619 74.632 64.686 9.842 0.000 0.000 0.000 0.000 59.611 60.609 0.000 0.000 0.000 0.000 0.000 0.000 0.000 0.000 0.000 81.566 84.566 64.566 58.566 56.567 66.567 66.567 61.568 0.000 0.000 0.000 11.593 69.599 66.604 66.608 56.611
0.000 0.000 58.290 67.290 19.289 5.289 68.288 97.287 88.286 84.285 98.284 65.283 25.283 0.000 0.000 0.000 0.000 43.270 74.268 0.000 0.000 0.000 0.000 0.000 0.000 0.000 0.000 0.000 0.000 0.000 56.304 74.304 5.304 0.000 0.000 50.684 64.775 62.804 92.820 85.848 63.904 65.999 12.102 0.000 0.000 0.000 54.611 0.000 0.000 0.000 0.000 0.000 0.000 0.000 0.000 0.000 0.000 0.000 69.566 86.566 71.566 65.567 66.567 61.567 0.000 0.000 0.000 0.000 0.000 61.602 66.604 66.606 61.609
0.000 0.000 54.292 99.291 56.291 5.290 57.289 89.288 91.287 102.286 104.285 107.283 113.282 52.280 21.278 0.000 0.000 0.000 14.261 9.256 0.244 2.234 0.000 0.000 0.000 0.000 0.000 0.000 0.000 0.000 57.304 72.304 2.305 9.305 13.305 0.000 57.995 65.999 96.011 78.037 66.083 65.146 70.206 0.000 0.000 0.000 0.000 0.000 0.000 0.000 0.000 0.000 0.000 0.000 0.000 0.000 0.000 0.000 0.000 7.566 74.566 64.567 62.567 0.000 0.000 0.000 0.000 0.603 60.603 59.603 61.604 55.605 0.000
27.296 42.296 76.294 94.293 102.292 71.291 84.291 107.289 104.288 103.287 103.285 103.284 103.282 109.279 112.276 68.272 27.267 9.263 72.258 86.252 79.243 81.233 37.224 13.215 10.209 0.000 0.000 0.000 0.000 0.000 36.304 58.305 64.305 64.305 67.305 26.305 59.213 88.186 90.187 67.206 65.244 65.298 68.369 13.486 8.537 0.000 0.000 0.000 0.000 0.000 0.000 0.000 0.000 0.000 0.000 0.000 0.000 0.000 0.000 0.000 0.566 0.567 8.567 0.000 0.000 0.000 0.000 62.603 57.603 55.603 0.000 0.000 0.000
100.297 103.296 103.296 101.295 99.294 100.293 102.292 102.291 103.289 104.288 104.286 103.284 96.282 100.279 103.276 107.272 111.268 112.263 104.257 100.251 97.243 92.233 94.223 87.213 43.203 21.192 0.000 0.000 0.000 0.000 0.000 0.000 0.000 0.000 0.000 83.397 72.365 101.346 92.344 79.358 66.388 65.432 65.487 69.551 65.588 0.000 0.000 0.000 0.000 0.000 0.000 0.000 0.000 0.000 0.000 0.000 0.000 0.000 0.000 0.000 0.000 0.000 0.000 0.000 0.000 0.000 0.000 0.000 0.000 0.000 0.000 0.000 0.000
103.298 98.298 96.297 95.296 89.295 86.294 87.293 87.292 93.291 98.289 98.287 91.285 75.282 90.279 103.276 103.272 103.268 103.263 103.258 103.251 104.243 104.234 107.222 108.210 108.197 108.182 47.164 0.000 0.000 0.000 0.000 0.000 0.000 0.000 0.000 55.521 81.503 86.488 70.484 87.495 75.519 65.553 65.597 68.643 11.677 0.000 0.951 0.959 0.000 0.000 0.000 0.000 0.000 0.000 0.000 0.000 0.000 0.000 0.000 0.000 0.000 0.000 0.000 0.000 0.000 0.000 0.000 0.000 0.000 0.000 0.000 0.000 0.000
73.300 46.299 68.299 82.298 80.297 60.296 45.295 41.294 61.292 78.290 77.288 70.286 65.283 75.280 96.277 104.273 103.269 103.265 103.260 103.253 103.246 107.236 82.222 70.209 69.193 73.174 76.146 15.101 4.056 0.700 0.529 0.000 0.000 0.000 0.000 53.664 89.640 72.618 64.611 74.619 85.638 69.667 65.704 65.747 71.800 15.892 9.943 1.966 0.982 6.982 4.982 0.000 0.000 0.000 0.000 0.000 0.000 0.000 0.000 0.000 0.000 0.000 0.000 0.000 0.000 0.000 0.000 0.000 0.000 0.000 0.000 0.000 0.000
63.301 34.301 56.301 71.300 67.299 44.298 30.297 34.295 54.294 68.292 66.290 66.287 67.285 65.282 84.278 101.275 103.271 103.267 103.262 103.257 102.251 65.244 0.000 0.000 0.000 0.000 0.000 0.000 0.000 60.108 80.091 32.065 18.039 14.006 60.946 77.831 94.773 71.732 65.724 63.731 80.748 82.773 68.804 65.841 65.883 68.933 77.968 15.987 10.998 0.000 19.982 0.000 0.000 0.000 0.000 0.000 0.000 0.000 0.000 0.000 0.000 0.000 0.000 0.000 0.000 0.000 0.000 0.000 0.000 0.000 0.000 0.000 0.000
76.304 72.303 67.303 66.302 67.301 69.300 70.299 73.297 72.296 68.294 67.291 67.289 67.286 66.283 73.280 95.277 104.273 103.269 105.265 77.261 43.256 0.000 0.000 0.000 0.000 0.000 0.000 0.000 0.000 25.096 47.084 50.065 54.046 68.034 64.999 85.943 82.890 56.814 63.821 65.832 67.850 80.872 72.899 67.929 65.960 64.989 82.008 73.015 67.015 0.000 0.000 0.000 0.000 0.000 0.000 0.000 0.000 0.000 0.000 0.000 0.000 0.000 0.000 0.000 0.000 0.000 0.000 0.000 0.000 0.000 0.000 0.000 0.000
66.306 67.306 67.305 67.304 67.304 67.302 67.301 67.299 67.298 67.296 67.293 67.291 67.288 67.285 65.282 86.279 103.275 105.272 101.269 27.267 0.000 0.000 0.000 0.000 0.000 0.000 0.000 0.000 0.000 0.000 0.000 0.000 0.000 52.085 69.074 95.050 69.028 0.000 51.914 66.927 64.946 68.968 69.991 79.015 68.038 66.056 65.061 61.049 2.032 0.000 0.000 0.000 0.000 0.000 0.000 0.000 0.000 0.000 0.000 0.000 0.000 0.000 0.000 0.000 0.000 0.000 0.000 0.000 0.000 0.000 0.000 0.000 25.601
67.308 67.308 67.308 67.307 67.306 67.305 67.303 66.302 66.300 67.298 67.296 67.293 67.290 67.287 66.284 74.281 89.277 100.274 88.272 14.270 0.000 0.000 0.000 0.000 0.000 0.000 0.000 0.000 0.000 0.000 0.000 0.000 0.000 29.145 78.164 103.155 13.145 0.000 49.994 68.017 66.040 65.062 73.083 84.104 72.122 66.134 70.131 3.090 0.000 0.000 0.000 0.000 0.000 0.000 0.000 0.000 0.000 0.000 0.000 0.000 0.000 0.000 0.000 0.000 0.000 0.000 0.000 0.000 0.000 0.000 0.000 0.000 82.681
67.311 67.311 67.311 67.310 67.309 67.308 67.306 71.305 72.303 68.300 67.298 67.295 67.292 67.289 67.286 66.283 69.279 78.276 78.274 19.272 0.000 0.000 0.000 0.000 0.000 0.000 20.944 0.000 0.000 0.000 0.000 0.000 0.000 1.300 82.281 97.263 20.251 0.000 34.050 65.107 66.135 66.156 65.175 70.194 72.212 68.227 70.237 0.000 0.000 0.000 0.000 0.000 0.000 0.000 0.000 0.000 0.000 0.000 0.000 0.000 0.000 0.000 0.000 0.000 0.000 0.000 0.000 0.000 0.000 0.000 0.000 66.904 75.812
67.314 67.314 67.314 67.313 67.312 67.311 66.309 78.307 83.305 70.303 67.301 67.298 67.295 67.292 67.288 67.285 67.281 66.277 69.274 50.272 0.000 0.000 0.000 0.000 0.000 62.945 83.944 45.942 36.934 35.923 0.000 0.000 0.000 63.468 105.404 79.363 79.346 6.366 0.000 51.225 68.237 66.252 66.268 64.285 80.305 84.327 78.354 1.448 0.000 0.000 0.000 0.000 0.000 0.000 0.000 0.000 0.000 0.000 0.000 0.000 0.000 0.000 0.000 0.000 0.000 0.000 0.000 0.000 0.000 0.000 41.067 91.995 77.922
67.318 67.317 67.317 67.316 67.315 67.314 66.312 79.311 85.309 69.306 67.304 67.301 67.298 67.294 67.291 67.287 67.283 67.278 67.274 73.270 44.265 0.000 0.000 0.000 2.945 25.945 40.946 62.948 70.937 74.912 48.864 24.799 59.711 97.585 95.503 75.440 57.405 15.385 0.000 51.331 68.337 67.346 70.359 65.375 74.394 97.421 94.459 39.527 3.584 19.611 0.000 0.000 0.000 0.000 0.000 0.000 0.000 45.118 75.118 79.118 0.000 0.000 88.118 149.118 0.000 0.000 0.000 0.000 0.000 0.000 78.139 134.088 117.027
64.321 65.321 66.320 66.320 67.319 67.317 65.316 80.314 83.312 66.310 67.307 67.304 67.301 67.297 67.293 67.289 67.284 67.279 67.274 67.268 73.261 53.251 4.244 0.000 0.000 0.000 0.000 38.968 69.953 65.924 68.880 72.822 84.748 101.660 85.583 53.490 3.448 0.000 0.000 50.431 67.433 70.438 83.447 69.460 79.478 80.502 99.535 103.577 86.615 36.637 0.000 0.000 0.000 0.000 0.000 0.000 0.000 0.000 36.118 64.118 78.118 110.118 148.118 71.118 0.000 0.000 0.000 0.000 0.000 64.352 74.263 75.194 78.129
85.325 80.325 75.324 73.323 69.322 65.321 65.320 80.318 83.316 65.313 67.310 67.307 67.304 67.300 67.296 67.291 66.286 65.281 66.275 66.267 66.259 72.248 49.237 26.222 1.207 0.000 0.000 38.003 75.983 69.952 64.911 77.860 100.798 94.726 62.677 0.000 0.000 0.000 0.000 48.530 66.525 71.525 78.530 73.540 78.556 77.576 90.601 84.631 77.660 50.687 5.718 0.000 0.000 0.000 0.000 0.000 0.000 0.000 0.000 32.118 110.118 113.118 116.118 1.118 11.118 0.118 0.000 7.517 41.517 69.442 138.366 102.301 134.270
105.329 104.329 100.328 95.328 91.326 86.325 81.324 77.322 72.320 66.317 67.314 67.311 67.308 67.304 66.299 68.295 74.289 79.283 78.276 76.268 70.259 65.247 69.233 75.215 39.191 20.157 24.115 58.058 81.023 71.990 67.953 90.911 102.857 58.768 3.723 0.000 0.000 11.707 18.687 52.633 65.613 70.607 86.608 76.616 69.628 62.644 68.663 86.686 83.709 89.731 8.750 0.000 0.000 0.000 0.000 0.000 0.000 0.000 0.000 0.000 0.000 0.000 0.000 0.000 8.118 0.000 0.000 0.000 76.593 67.533 77.466 100.421 76.538
