results3/res_3e8f-0084.wd
ncols         241
nrows         181
xllcorner     12693529.787448
yllcorner     3542525.717860
cellsize      155.156523
NODATA_value  -9999.000000
[rows 33 to 65 of 181, columns 73 to 145 of 241]
0.000 0.000 0.000 0.000 0.000 0.000 0.000 0.000 0.000 0.000 0.000 0.000 0.000 0.000 0.000 0.000 0.000 0.000 0.000 0.000 0.000 0.000 0.000 0.000 0.000 0.000 0.000 0.000 0.000 0.000 0.000 0.000 0.000 0.000 0.000 0.000 0.000 0.000 0.000 35.711 58.712 63.713 19.715 0.000 0.000 28.778 42.801 9.784 0.788 32.813 35.823 29.820 30.804 31.774 31.730 31.671 31.599 30.513 36.410 56.266 2.925 10.159 7.617 42.910 59.422 63.975 62.556 63.180 61.739 63.849 58.924 58.495 58.485
0.000 0.000 0.000 0.000 0.000 0.000 0.000 0.000 0.000 0.000 0.000 0.000 0.000 0.000 0.000 0.000 0.000 0.000 0.000 0.000 0.000 0.000 0.000 0.000 0.000 0.000 0.000 0.000 0.000 0.000 0.000 0.000 0.000 0.000 0.000 0.000 0.000 0.000 0.000 0.000 10.712 5.713 0.000 0.000 0.000 0.000 24.874 0.000 0.000 22.844 46.876 45.879 35.864 31.833 31.783 31.715 31.630 30.534 52.436 50.351 0.000 33.152 45.782 59.277 63.801 63.351 62.943 62.470 63.551 59.586 58.837 59.084 61.399
0.000 0.000 0.000 0.000 0.000 0.000 0.000 0.000 0.000 0.000 0.000 0.000 0.000 0.000 0.000 0.000 0.000 0.000 31.233 63.233 16.233 0.000 0.000 0.000 0.000 0.000 0.000 0.000 0.000 0.000 0.000 0.000 0.000 0.000 0.000 0.000 0.000 0.000 0.000 0.000 0.000 0.000 0.000 0.000 0.000 0.000 16.947 0.000 0.000 0.000 24.959 42.955 42.941 33.909 31.855 31.776 29.674 45.556 54.450 0.000 18.943 43.515 58.083 64.615 64.149 63.715 63.213 65.263 61.262 59.309 59.693 62.026 61.281
0.000 0.000 0.000 0.000 0.000 0.000 0.000 0.000 0.000 0.000 0.000 18.234 56.234 0.000 0.000 0.000 0.000 0.000 38.233 89.233 45.233 0.000 0.000 0.000 0.000 0.000 0.000 0.000 0.000 0.000 0.000 0.000 0.000 0.000 0.000 0.000 0.000 0.000 0.000 0.000 0.000 0.000 0.000 0.000 0.000 0.000 20.021 21.055 28.072 14.073 24.047 32.042 45.035 36.008 31.952 28.860 39.732 49.566 38.359 13.957 43.370 60.884 65.419 64.948 64.496 63.968 63.986 62.955 59.898 60.320 62.660 61.915 61.692
0.000 0.000 0.000 0.000 0.000 0.000 0.000 0.000 0.000 0.000 0.000 39.234 74.234 63.234 50.234 5.234 0.000 23.234 77.234 85.233 50.233 0.000 0.000 0.000 0.000 19.073 0.000 0.000 0.000 0.000 0.000 0.000 0.000 0.000 0.000 0.000 0.000 3.080 0.000 0.000 0.000 7.082 25.082 0.000 0.000 36.069 51.060 54.073 52.088 38.101 32.112 31.132 45.148 36.137 28.084 41.979 55.829 43.619 31.461 46.141 50.698 63.232 65.756 65.291 64.740 64.725 62.669 60.601 60.973 63.310 62.563 62.336 62.015
0.000 0.000 0.000 0.000 0.000 0.000 0.000 0.000 0.000 0.000 0.000 10.234 72.234 55.234 36.234 0.000 19.235 69.234 80.234 87.233 46.233 0.000 0.000 0.000 0.000 57.073 41.073 0.000 0.000 0.000 0.000 0.000 0.000 0.000 0.000 0.000 20.080 32.080 34.080 0.000 0.000 16.082 41.082 20.081 34.080 57.077 60.078 61.088 58.105 45.132 32.169 29.224 46.288 37.309 41.268 59.143 52.986 0.000 29.726 48.450 61.047 66.586 66.113 65.542 65.491 63.414 61.438 61.659 63.986 63.235 63.001 62.670 62.354
0.000 0.000 0.000 0.000 0.000 0.000 0.000 0.000 0.000 0.000 0.000 0.000 0.000 23.235 61.235 57.235 45.235 58.235 78.234 89.233 42.233 0.000 0.000 0.000 0.000 19.073 43.073 45.073 0.000 0.000 0.000 0.000 0.000 0.000 0.000 0.000 36.080 37.080 49.081 32.081 21.081 35.082 36.082 32.082 39.082 46.083 44.086 37.095 56.113 22.151 38.209 41.307 31.472 43.543 56.536 53.340 0.000 4.695 41.267 57.884 66.456 66.969 66.395 66.304 63.211 62.451 62.392 64.698 63.941 63.697 63.354 63.021 62.685
0.000 0.000 0.000 0.000 0.000 0.000 0.000 0.000 0.000 0.000 0.000 0.000 0.000 13.235 80.235 75.235 65.236 55.235 79.235 87.233 82.232 67.229 22.227 0.000 0.000 0.000 0.000 53.074 37.074 35.074 46.074 41.075 4.075 0.000 0.000 0.070 36.080 35.080 56.081 62.081 51.081 43.082 35.083 32.083 33.084 34.086 33.089 31.094 39.101 0.128 0.000 0.604 36.749 59.854 57.994 0.000 3.487 41.124 54.760 64.377 67.889 67.423 68.174 64.095 63.723 63.194 65.459 64.691 64.433 64.076 63.728 63.371 63.010
0.000 0.000 0.000 0.000 0.000 0.000 0.000 0.000 0.000 0.000 0.000 0.000 0.000 0.000 13.235 52.236 27.237 63.237 82.236 87.234 85.232 83.228 72.226 31.223 0.000 0.000 0.000 9.074 48.074 48.074 61.074 59.075 52.075 47.075 0.000 0.000 3.080 40.080 59.081 66.081 58.082 42.082 31.083 32.084 32.085 32.087 32.089 32.093 36.095 0.000 0.000 0.000 6.939 44.129 13.593 10.928 45.820 50.581 62.292 68.873 68.698 66.906 65.198 65.395 64.101 66.291 65.500 65.218 64.843 64.478 64.106 63.726 63.331
0.000 0.000 0.000 0.000 0.000 0.000 0.000 0.000 0.000 0.000 0.000 0.000 0.000 0.000 0.000 0.000 84.239 84.239 86.238 86.236 85.232 79.228 73.223 44.221 0.000 0.000 0.000 0.000 0.000 16.074 61.074 55.075 70.075 67.076 46.076 25.078 26.079 35.080 57.081 66.081 57.082 40.082 30.083 35.084 34.086 32.087 32.089 32.091 33.092 25.092 0.000 0.000 0.000 0.000 5.322 48.371 51.281 59.112 69.813 69.903 68.244 70.062 67.694 65.176 67.226 66.388 66.065 65.661 65.274 64.883 64.492 64.096 62.675
0.000 0.000 0.000 0.000 0.000 0.000 19.081 42.080 0.000 20.040 60.032 49.021 53.012 28.007 0.000 0.000 20.241 92.241 86.242 83.239 80.233 83.226 74.220 37.216 0.000 0.000 0.000 0.000 0.000 0.000 0.000 5.075 59.075 60.075 11.076 0.000 2.080 39.080 57.081 62.081 52.082 43.082 41.083 3.084 10.086 38.087 32.089 32.090 33.091 39.091 47.091 9.091 0.000 0.000 21.002 53.953 57.834 68.628 70.827 70.451 73.770 72.315 66.584 68.311 67.378 66.986 66.537 66.117 65.702 65.290 64.882 64.491 70.177
0.000 0.000 0.000 0.000 0.000 0.000 19.082 62.079 4.068 54.049 56.034 68.020 51.009 36.002 0.000 0.000 8.243 77.244 89.249 86.245 86.236 87.225 81.214 35.207 0.000 0.000 0.000 0.000 0.000 0.000 0.000 0.000 0.000 44.076 3.076 0.000 0.000 45.080 42.081 54.081 11.081 0.000 0.000 0.000 0.000 4.088 42.089 36.089 0.000 29.091 63.091 46.091 0.000 0.000 25.739 59.574 68.467 71.576 71.324 75.533 74.792 68.004 69.486 68.455 67.976 67.470 67.009 66.564 66.128 65.693 65.255 64.810 69.364
17.360 61.357 51.355 0.000 0.000 0.000 13.085 73.088 49.074 51.054 57.034 81.016 82.001 76.989 30.977 0.000 0.000 0.000 37.265 91.256 86.241 87.223 84.204 43.191 0.000 0.000 0.000 0.000 0.000 0.000 0.000 0.000 0.000 2.075 0.000 0.000 0.000 0.000 0.000 0.000 0.000 0.000 0.000 0.000 0.000 0.000 0.000 17.089 14.089 0.000 0.000 0.000 0.000 15.141 52.558 69.504 71.171 72.095 76.456 76.077 69.067 70.558 69.525 68.992 68.437 67.936 67.461 67.002 66.552 66.100 65.635 65.132 67.518
17.360 73.357 55.353 51.348 0.000 0.000 0.145 65.113 67.088 67.059 79.032 76.010 87.991 86.976 47.965 0.000 0.000 0.000 13.288 93.275 86.250 87.220 84.189 44.162 0.000 0.000 4.798 52.766 64.730 33.707 0.000 0.000 0.000 0.000 0.000 0.000 0.000 0.000 0.000 0.000 0.000 0.000 0.000 0.000 0.000 0.000 0.000 0.000 2.089 0.000 0.000 0.000 13.110 53.614 70.568 71.143 77.352 76.839 70.387 70.918 71.370 70.496 69.964 69.395 68.870 68.372 67.896 67.433 66.977 66.520 66.052 72.563 13.041
81.362 78.358 57.352 58.343 50.332 0.000 55.206 50.163 58.105 71.063 75.026 86.001 86.978 85.958 54.943 0.000 0.000 0.000 12.326 92.303 86.266 87.220 82.168 62.106 46.008 46.918 46.830 54.769 75.719 42.683 0.000 0.000 0.000 0.000 0.000 0.000 0.000 0.000 0.000 0.000 0.000 0.000 0.000 0.000 0.000 0.000 0.000 0.000 0.000 0.000 11.216 41.989 51.490 70.470 72.054 78.735 78.127 70.952 72.639 71.938 71.353 70.844 70.299 69.777 69.273 68.788 68.317 67.858 67.404 66.950 73.492 19.028 0.000
78.365 73.361 71.353 54.341 58.321 58.289 49.250 42.227 0.000 0.000 17.008 75.990 86.960 84.935 69.906 36.865 0.000 0.000 61.388 82.345 87.289 86.226 87.159 77.085 53.001 49.916 48.834 57.762 75.694 58.623 44.525 45.447 49.390 60.355 24.341 0.000 0.000 0.000 0.000 0.000 0.000 0.000 0.000 0.000 0.000 0.000 0.000 0.000 0.000 0.000 22.420 62.255 70.195 72.837 79.627 79.226 71.698 73.335 72.525 72.116 71.633 71.132 70.632 70.139 69.657 69.187 68.728 68.277 67.830 73.385 19.938 0.000 0.000
67.370 19.366 87.360 58.347 52.322 53.297 55.279 55.269 44.279 0.000 0.000 0.000 20.938 91.917 81.881 59.824 51.731 58.625 57.491 59.402 67.319 68.237 55.156 52.075 49.993 49.911 48.829 57.750 72.671 51.590 48.504 53.428 69.368 72.334 57.327 31.327 0.000 0.000 0.000 0.000 0.000 0.000 0.000 0.000 0.000 0.000 0.000 0.000 0.000 13.279 55.114 70.715 73.549 80.188 79.947 72.416 74.031 73.218 72.828 72.364 71.900 71.429 70.957 70.489 70.029 69.577 69.132 68.692 74.256 19.820 0.000 0.000 0.000
13.377 86.375 87.372 73.367 0.000 0.317 60.298 56.291 67.288 58.288 0.000 0.000 0.000 79.912 76.877 61.820 52.743 49.652 49.551 52.453 65.347 73.247 76.152 69.067 58.986 51.905 50.823 66.738 69.652 44.563 48.473 48.390 49.322 53.285 32.306 0.000 0.000 0.000 2.956 0.000 0.000 0.000 0.000 0.000 0.000 0.000 0.000 16.528 48.192 56.038 69.542 80.848 80.454 73.505 74.084 74.626 73.911 73.518 73.065 72.623 72.175 71.726 71.277 70.833 70.393 69.959 70.530 77.104 20.680 0.000 0.000 0.000 0.000
91.385 87.386 87.385 87.381 74.374 57.354 57.325 57.307 48.296 0.000 14.022 21.022 72.994 69.943 72.894 65.837 66.768 66.691 66.607 69.512 64.370 64.251 66.137 70.056 70.980 68.901 64.817 75.728 73.634 61.537 62.436 62.338 64.246 39.177 0.000 0.000 0.000 0.000 3.956 0.000 0.000 0.000 0.000 0.000 0.000 3.404 51.188 51.753 72.763 73.313 81.961 81.464 76.012 75.710 75.079 74.589 74.185 73.746 73.316 72.884 72.452 72.022 71.594 71.171 70.752 71.337 74.925 7.514 0.000 0.000 0.000 0.000 0.000
90.393 86.399 86.402 87.398 84.386 62.366 56.340 57.316 58.294 50.273 0.000 65.050 62.018 62.971 63.921 58.865 62.803 67.737 75.672 60.619 0.000 0.000 11.088 69.040 64.976 64.902 64.817 64.723 64.621 64.512 64.398 64.278 62.148 57.000 29.802 0.000 5.501 49.274 55.957 67.618 37.347 0.000 0.000 0.000 0.000 52.597 63.402 75.328 75.961 82.716 82.374 76.686 76.342 75.587 75.237 74.825 74.404 73.984 73.564 73.146 72.728 72.315 71.906 71.504 72.106 74.711 22.318 0.000 0.000 0.000 0.000 0.000 0.000
76.400 76.416 76.425 87.422 87.408 77.384 53.354 56.322 57.291 57.252 63.189 72.110 56.055 53.004 50.953 57.898 72.841 71.783 56.726 36.672 0.000 0.000 0.000 0.000 53.981 48.915 48.827 48.725 48.614 49.494 52.367 53.227 53.068 51.873 52.605 51.186 50.727 59.365 65.978 63.550 70.076 67.465 61.913 59.378 61.747 73.307 76.801 76.586 83.213 82.997 77.346 76.981 76.212 75.865 75.449 75.041 74.630 74.220 73.812 73.405 73.001 72.602 72.213 72.833 73.458 12.085 0.000 0.000 0.000 0.000 0.000 0.000 0.000
0.000 42.438 54.461 82.458 86.440 67.409 50.368 49.329 57.294 57.256 56.206 50.146 51.088 57.038 73.988 72.934 55.880 48.828 38.777 0.000 58.425 67.371 63.288 64.183 67.053 69.951 68.849 69.738 72.615 71.484 68.347 70.197 65.025 50.818 54.558 53.227 57.858 75.480 82.039 78.530 71.944 66.403 67.914 74.362 79.201 77.605 83.822 83.462 77.365 78.963 77.531 76.851 76.491 76.073 75.667 75.260 74.856 74.455 74.058 73.663 73.268 73.879 71.512 67.157 18.808 0.000 0.000 0.000 0.000 0.000 0.000 0.000 0.000
0.000 0.000 47.522 66.509 77.485 52.442 44.381 51.332 49.301 56.270 57.233 57.180 50.114 67.073 59.025 47.972 50.917 42.871 0.000 67.557 70.479 70.401 72.311 73.208 76.095 79.988 78.881 78.763 78.623 80.480 81.339 79.188 67.017 52.817 54.581 54.305 53.998 56.659 30.169 2.585 91.764 133.310 110.841 76.774 78.289 84.833 84.377 77.832 80.548 77.948 77.488 77.111 76.698 76.291 75.883 75.477 75.077 74.686 74.303 73.921 75.530 70.135 58.797 13.477 0.000 0.000 0.000 0.000 0.000 0.000 0.000 0.000 30.277
0.000 0.000 2.596 23.572 58.548 40.495 0.000 46.319 51.306 51.292 57.275 46.228 0.000 51.113 49.070 51.011 51.944 61.868 75.765 72.635 74.534 80.441 90.346 134.244 131.131 131.025 130.923 130.809 131.636 115.474 47.342 50.199 48.037 55.852 54.645 51.415 49.170 30.988 0.000 0.000 0.528 58.107 75.185 79.805 85.544 85.218 77.453 79.139 78.423 78.104 77.718 77.318 76.916 76.508 76.097 75.688 75.290 74.910 75.547 74.187 65.797 54.332 12.065 0.000 0.000 0.000 0.000 0.000 0.000 0.000 0.000 21.423 42.353
73.803 21.767 10.695 73.635 51.639 0.000 0.000 0.000 45.312 58.317 50.349 0.000 3.275 59.198 50.130 61.058 73.980 73.893 78.793 81.683 74.581 60.484 51.389 47.290 45.160 48.059 48.978 35.915 0.000 52.440 49.355 48.230 52.080 55.911 52.731 44.538 51.281 32.134 0.000 0.000 53.428 70.455 80.209 86.040 85.819 78.057 79.730 79.011 78.703 78.319 77.933 77.538 77.136 76.728 76.310 75.887 75.484 76.117 71.787 60.483 17.140 0.000 0.000 0.000 0.000 0.000 0.000 0.000 0.000 0.000 0.000 39.492 38.434
83.821 91.804 79.781 0.000 8.734 2.829 0.000 0.000 0.000 0.000 54.453 52.437 60.353 57.272 57.194 57.112 74.025 87.931 76.830 56.725 54.622 49.525 51.436 42.366 0.000 54.072 51.014 39.959 0.000 53.490 48.407 49.288 56.142 53.979 51.831 33.726 0.000 0.000 50.021 47.899 64.699 80.627 86.313 79.016 79.576 80.224 79.607 79.298 78.921 78.546 78.160 77.765 77.363 76.956 76.530 77.065 76.644 66.286 51.001 13.817 0.000 0.000 0.000 0.000 0.000 0.000 0.000 0.000 14.893 13.845 28.756 40.620 28.529
73.846 77.846 67.844 0.000 0.000 67.924 60.952 54.950 0.000 6.666 72.573 69.506 56.427 57.345 57.260 58.171 79.076 130.976 123.870 70.763 125.659 46.559 50.464 50.373 52.269 50.144 50.047 49.947 51.806 47.623 47.495 56.371 55.223 52.031 46.890 35.808 0.000 0.000 52.143 59.012 81.035 79.933 86.681 80.068 80.647 80.186 79.883 79.523 79.159 78.782 78.395 77.998 77.596 77.203 78.790 74.199 55.741 42.381 44.116 9.967 0.000 0.000 0.000 0.000 0.000 0.000 0.000 0.000 23.941 28.886 42.804 36.704 26.614
69.874 64.889 8.906 0.000 0.000 50.991 59.981 56.948 74.875 68.760 73.667 81.586 72.505 57.421 57.331 57.236 56.134 50.025 44.913 49.800 46.691 50.587 50.488 50.391 50.292 50.186 50.085 49.976 48.847 53.701 55.581 56.476 40.350 0.000 39.890 0.000 0.000 0.000 56.367 78.303 82.323 87.713 87.233 80.170 80.813 80.444 80.118 79.770 79.406 79.029 78.641 78.237 77.820 76.469 38.228 0.000 0.000 0.000 0.000 0.000 0.000 0.000 0.000 20.359 15.345 14.310 13.251 17.166 26.043 41.955 35.869 26.780 36.693
61.899 52.932 57.984 3.072 56.101 52.067 51.035 68.987 61.917 77.831 86.748 66.668 52.587 50.501 53.409 56.308 57.198 57.079 49.955 48.833 49.718 49.610 50.509 50.414 50.319 55.225 52.129 49.026 49.907 52.753 56.651 45.604 0.000 0.000 0.000 0.000 12.113 131.991 75.693 82.718 80.699 88.135 80.013 82.520 83.993 80.707 80.378 80.032 79.668 79.286 79.902 76.489 63.978 54.624 12.426 0.000 0.000 0.000 0.000 0.000 0.000 0.000 22.378 22.373 22.366 23.334 23.279 24.203 38.111 38.023 21.938 24.852 26.768
36.913 37.957 32.024 56.133 52.162 51.144 62.104 66.046 76.976 83.901 49.825 48.750 49.672 51.588 50.495 47.389 55.270 56.138 56.997 55.860 49.736 48.626 47.526 48.435 54.348 113.264 81.181 61.093 44.000 0.000 58.668 66.684 0.000 0.000 0.000 0.000 56.237 67.138 84.020 82.058 88.872 88.518 81.112 81.631 82.286 80.981 80.657 80.314 79.947 80.546 79.191 31.840 0.000 0.000 0.000 0.000 0.000 0.000 0.000 0.000 0.000 0.000 29.383 25.389 22.411 23.383 21.328 33.256 40.174 24.090 25.006 32.923 30.842
0.000 0.000 0.000 49.273 52.270 54.242 75.190 86.118 100.042 81.969 10.902 67.835 67.765 51.685 51.593 50.484 48.355 51.206 57.034 54.873 55.742 57.631 55.536 53.450 49.373 44.303 49.237 44.165 0.000 0.000 0.000 52.780 44.804 0.000 0.000 0.000 66.461 83.341 83.421 81.439 89.195 80.859 83.348 84.843 81.575 81.273 80.956 80.618 80.260 77.761 32.476 0.000 0.000 0.000 0.000 0.000 0.000 0.000 0.000 0.000 0.000 29.038 0.000 0.000 30.507 20.459 31.393 43.319 31.239 26.157 31.075 34.994 27.913
0.000 0.000 0.000 47.418 53.402 69.364 80.297 128.194 122.103 124.034 129.978 125.925 126.866 51.795 51.707 50.598 50.462 49.295 44.062 53.857 55.725 56.623 54.534 56.458 56.392 57.338 50.300 0.000 0.000 0.000 0.000 53.853 38.828 0.000 0.000 57.980 79.769 83.703 82.687 89.784 89.497 81.926 82.463 83.142 81.869 81.582 81.274 81.943 56.715 0.000 0.000 0.000 0.000 0.000 0.000 0.000 0.000 0.000 41.234 30.190 20.123 24.038 23.937 24.812 24.651 27.552 40.468 37.387 32.306 33.224 31.143 29.063 24.984
13.544 0.000 0.000 48.577 65.558 73.517 79.438 50.258 49.143 48.084 45.051 46.021 45.979 51.921 51.843 67.739 67.602 43.448 0.000 40.769 53.680 55.599 53.521 55.455 55.400 56.355 52.325 0.000 0.000 0.000 52.046 36.949 0.000 0.000 59.335 68.184 85.028 83.921 83.096 90.051 81.624 84.140 86.667 82.433 82.174 81.912 80.616 68.167 26.941 0.000 0.000 0.000 0.000 0.000 27.466 22.447 22.410 22.355 26.279 38.213 41.140 27.056 21.959 23.850 25.732 40.631 39.541 25.456 34.373 35.291 34.211 27.131 23.053
