results3/res_3e8f.max
ncols         241
nrows         181
xllcorner     12693529.787448
yllcorner     3542525.717860
cellsize      155.156523
NODATA_value  -9999.000000
[rows 33 to 65 of 181, columns 146 to 218 of 241]
64.939 64.284 63.880 64.521 31.176 42.846 64.531 58.217 36.794 0.000 0.000 36.700 12.700 17.701 33.702 58.706 45.705 11.703 0.000 0.629 50.615 58.601 16.578 43.552 35.531 36.508 40.471 49.434 67.393 58.363 53.335 48.312 49.293 49.276 48.259 47.243 46.225 54.207 64.188 56.171 56.156 54.141 33.127 47.114 55.106 0.000 25.682 30.654 54.584 52.526 57.471 67.419 60.376 55.355 10.345 0.000 38.297 38.288 45.285 23.288 0.000 0.000 0.000 0.000 0.000 0.000 0.000 0.000 0.000 0.000 0.000 0.000 0.000
65.021 64.637 64.294 64.960 42.638 60.335 63.067 56.876 0.000 0.000 14.700 38.700 0.000 0.000 0.000 42.716 42.711 50.701 13.682 63.656 51.628 38.606 47.581 38.555 36.530 36.503 35.471 37.437 65.403 63.373 63.346 65.322 58.300 60.281 59.263 59.246 59.228 60.210 64.193 62.178 63.163 58.150 35.139 34.129 7.124 0.000 22.626 36.608 44.573 39.522 45.467 58.410 58.376 56.356 14.345 0.000 0.000 43.274 15.271 0.000 0.000 0.000 0.000 0.000 2.161 45.156 44.149 46.143 36.138 39.135 6.133 0.000 0.000
65.372 65.038 64.712 64.392 64.082 64.789 56.527 43.343 0.000 0.000 0.000 6.700 0.000 0.000 0.000 39.731 36.723 49.708 54.688 46.663 55.637 53.612 34.585 35.558 36.531 36.503 48.472 52.441 56.409 49.380 46.353 56.328 30.306 37.285 32.266 32.248 32.231 35.214 61.198 50.183 48.170 50.158 35.148 37.141 17.137 0.000 32.587 89.581 14.577 0.000 0.000 7.378 59.361 58.346 17.336 0.000 0.000 40.262 37.254 39.236 37.222 45.209 51.196 43.183 65.167 72.156 70.148 55.142 35.137 34.134 38.131 8.129 0.000
65.772 65.448 65.127 64.813 65.509 60.211 41.909 32.626 41.626 0.000 0.000 0.000 0.000 0.000 0.000 36.754 35.740 38.721 34.698 45.673 48.646 51.618 40.590 35.562 35.534 35.504 60.474 66.444 48.414 42.385 42.357 43.332 40.309 40.288 40.269 41.250 44.233 41.216 62.201 54.187 52.174 52.163 34.155 48.149 74.146 0.000 24.554 77.551 0.000 0.000 0.000 9.362 59.346 57.332 35.316 40.291 38.273 36.259 36.247 36.233 35.220 42.208 49.197 36.185 54.169 72.154 68.146 48.140 33.135 33.131 38.129 6.127 0.000
66.184 65.856 65.535 65.226 61.930 47.637 36.273 0.000 0.000 0.000 0.000 40.911 3.897 9.873 1.841 35.792 36.763 36.737 35.711 35.683 41.654 34.625 34.596 36.566 35.537 34.507 58.477 55.448 63.418 67.388 66.359 61.334 57.311 59.289 55.270 59.251 59.234 60.217 64.202 62.189 63.177 59.167 34.159 46.154 68.151 0.000 19.525 80.518 0.000 0.000 0.000 0.000 56.328 59.319 38.305 36.285 36.268 36.254 36.241 36.229 35.217 42.207 51.199 7.192 0.000 30.145 73.141 49.136 33.131 33.128 37.125 4.123 0.000
66.596 66.257 65.932 65.626 55.347 37.133 0.000 0.000 0.000 0.000 38.941 41.925 54.906 54.882 42.851 35.816 35.784 36.754 36.725 35.695 34.664 35.633 35.602 35.570 34.540 43.509 62.480 41.451 55.423 32.389 65.357 55.333 54.311 54.290 51.270 56.251 57.233 57.217 64.202 62.189 59.178 59.169 34.161 48.156 67.154 0.000 5.502 73.479 0.000 0.000 0.000 0.000 60.320 59.313 35.298 37.277 36.260 37.247 37.235 37.224 38.213 46.205 26.199 0.000 0.000 31.140 73.137 54.132 41.127 35.123 38.120 5.118 0.000
67.004 66.643 67.309 60.000 47.699 37.416 0.000 0.000 0.000 0.000 35.957 52.942 46.922 35.896 37.867 37.835 35.803 34.771 36.739 35.707 36.674 36.640 36.607 35.574 35.542 55.511 55.481 55.454 55.433 0.000 37.348 35.330 36.309 36.288 37.268 41.250 44.232 42.216 62.201 56.188 50.177 52.168 35.161 47.157 66.154 0.000 0.000 46.417 37.392 0.000 0.000 0.000 54.317 37.315 0.000 32.263 38.250 42.239 49.228 49.218 49.208 51.199 23.192 0.000 15.143 79.139 72.134 74.128 62.123 37.118 38.114 6.111 0.000
67.400 67.004 66.662 52.366 4.032 0.010 0.000 0.000 0.000 14.013 51.987 46.965 36.941 37.915 37.886 37.854 37.822 35.788 34.754 34.719 36.684 35.648 35.612 34.578 36.544 51.511 42.480 51.451 52.422 11.388 11.356 51.331 50.308 50.287 50.266 52.247 52.229 53.213 65.198 61.185 56.174 58.165 34.158 43.154 71.153 0.000 0.000 105.380 74.367 41.348 28.339 0.000 0.000 0.000 0.000 0.000 35.237 44.230 48.222 47.212 50.202 52.191 38.180 43.162 59.148 74.138 72.131 72.124 60.117 37.111 37.106 13.102 0.000
67.768 68.310 59.968 42.770 0.000 0.000 0.000 2.081 2.067 59.039 53.013 36.989 37.964 37.937 37.907 37.875 37.841 37.806 34.770 35.732 35.694 35.655 36.617 35.580 35.544 38.510 43.478 55.447 42.416 54.385 59.356 52.330 61.306 51.284 52.263 55.243 54.225 53.208 63.193 59.180 47.169 46.160 35.153 42.150 71.150 0.000 0.000 96.356 86.348 63.338 32.330 0.000 0.000 8.260 3.256 0.000 6.230 55.224 47.216 41.206 38.196 53.185 40.173 42.159 50.147 71.136 73.128 71.119 57.112 37.104 34.097 38.089 32.078
76.056 73.498 46.130 35.976 0.000 0.000 4.107 37.096 51.081 52.061 46.039 41.015 37.989 37.961 37.930 37.897 36.862 39.825 44.787 40.746 35.704 36.662 35.620 35.580 35.543 35.507 42.474 43.442 41.412 48.382 47.353 42.327 54.302 34.279 42.258 49.238 48.219 42.202 61.186 54.173 34.161 33.152 36.145 38.142 42.146 0.000 0.000 74.338 54.333 91.325 77.313 13.294 14.278 65.263 39.253 37.241 37.230 39.221 50.211 44.201 12.190 65.179 53.167 49.155 47.144 58.133 74.123 66.114 49.106 38.097 34.089 41.079 65.067
0.000 0.000 25.079 43.027 0.000 0.000 39.119 49.112 63.102 47.086 46.066 46.043 39.016 37.987 37.955 37.921 44.885 52.846 53.806 45.762 40.715 35.668 34.622 35.579 39.539 36.503 35.469 34.437 40.406 41.376 40.348 41.322 43.297 36.273 42.251 47.231 49.211 45.194 61.178 55.163 37.151 36.141 36.133 32.129 0.000 0.000 0.000 30.326 49.322 49.315 83.304 98.290 91.276 59.263 45.251 46.239 46.228 49.217 71.207 89.196 98.185 97.174 99.162 98.151 92.139 86.129 78.119 61.109 44.100 35.091 36.081 49.071 68.060
19.194 0.000 0.000 0.000 0.000 10.138 42.136 62.134 54.127 57.114 54.096 44.074 37.047 38.017 37.983 48.947 53.909 49.869 44.827 41.781 44.727 39.673 39.622 35.573 40.532 34.496 35.462 36.430 35.399 35.370 35.342 35.315 34.290 35.266 35.244 39.222 45.203 44.184 62.167 56.152 35.139 36.128 36.119 35.110 10.099 0.000 0.000 34.318 60.314 49.308 51.299 66.287 77.274 87.261 89.249 95.237 98.225 98.214 97.203 93.192 84.181 82.169 84.158 87.146 89.135 90.124 88.114 92.104 84.094 51.084 38.075 57.065 74.054
58.632 17.472 0.000 0.000 7.113 43.139 59.155 52.161 44.158 52.148 56.131 57.108 47.081 36.049 46.013 54.975 44.935 36.895 36.854 38.807 6.737 7.676 6.619 32.560 36.520 38.486 38.453 35.422 35.391 36.362 35.334 35.307 35.282 36.258 35.235 35.213 35.192 38.173 55.155 54.139 36.125 36.113 36.103 37.094 38.088 0.000 0.000 33.312 51.310 52.304 64.296 51.285 31.272 35.259 71.247 95.234 79.223 74.211 77.199 70.188 56.176 45.164 36.153 34.141 35.130 45.119 43.108 38.098 77.088 92.078 70.068 68.058 72.049
0.000 33.312 11.718 5.947 42.087 52.151 59.183 43.196 46.197 44.188 42.172 50.148 55.119 50.085 54.046 43.005 36.962 37.921 37.885 45.858 0.000 0.000 0.000 29.526 38.503 49.474 50.443 45.412 41.382 43.353 39.325 38.298 36.272 35.248 35.224 36.202 35.181 35.161 38.142 47.125 35.109 35.096 36.085 35.076 4.071 0.000 0.000 14.310 12.308 66.303 50.295 35.284 49.271 51.257 97.244 78.232 61.220 43.208 34.196 35.184 36.172 37.160 37.148 37.136 36.124 34.113 33.102 34.091 42.081 79.071 87.061 72.052 71.043
0.000 20.745 43.897 46.036 45.136 60.197 45.229 39.244 41.245 40.236 37.219 36.194 51.163 58.125 61.083 49.036 38.988 35.943 43.906 9.882 0.000 0.000 0.000 32.515 42.493 49.464 50.433 50.402 52.372 60.343 58.315 54.288 52.262 48.237 42.213 37.190 35.168 36.147 35.127 40.108 33.091 34.076 35.064 37.055 58.050 0.000 0.000 0.000 28.309 70.304 30.297 39.286 30.270 69.253 87.240 47.229 35.216 37.204 37.192 37.180 37.167 37.155 34.142 34.130 33.118 34.107 34.096 34.085 50.075 65.065 38.055 98.044 70.035
0.000 21.025 44.088 37.163 56.226 56.269 51.294 42.304 36.303 37.293 38.274 49.247 52.213 44.171 47.122 56.068 57.010 46.956 3.915 0.000 5.659 4.621 37.574 43.526 47.490 46.456 47.424 47.392 45.361 52.332 53.303 53.276 54.250 51.225 50.201 51.177 42.154 37.132 38.110 35.090 36.072 35.055 34.040 36.029 51.023 0.000 0.000 0.000 28.315 72.309 34.302 10.294 0.000 15.245 54.236 36.226 37.214 35.201 35.188 35.176 34.163 33.150 34.137 34.125 33.112 34.100 33.089 32.078 35.068 31.059 27.049 91.035 100.024
0.000 18.243 38.268 48.303 58.335 49.360 49.373 51.377 49.371 40.358 46.336 55.307 44.270 37.224 36.168 42.102 52.029 58.956 22.884 14.790 40.696 40.631 35.575 44.525 49.484 50.447 46.413 46.380 38.348 35.319 35.291 35.264 34.238 32.212 39.188 53.163 52.139 51.116 46.093 37.071 35.050 36.030 35.013 34.999 35.990 0.000 0.000 0.000 43.326 10.314 14.308 0.000 0.000 0.000 33.235 13.224 16.212 33.197 32.185 32.172 33.159 35.145 35.132 35.119 34.106 34.093 32.082 32.070 33.060 21.052 0.000 11.022 94.009
0.000 17.437 41.437 60.444 51.454 48.461 48.463 49.458 48.447 50.430 55.406 44.376 38.337 38.287 38.224 37.144 38.049 43.956 60.873 58.790 37.706 36.632 35.568 36.516 48.473 46.436 57.401 45.366 38.334 36.305 37.278 36.251 41.225 49.199 45.174 39.149 45.124 55.099 52.075 51.051 42.027 35.004 34.982 35.963 33.948 0.000 0.000 43.355 31.350 0.000 0.000 45.260 40.259 39.253 31.244 0.000 0.000 38.191 35.181 35.168 35.155 35.140 35.126 35.112 35.099 35.086 35.074 34.061 35.050 37.038 27.025 0.000 35.992
5.720 30.632 55.598 51.583 40.575 45.568 50.558 45.546 51.529 57.509 49.484 37.452 36.413 38.364 38.297 42.201 43.065 36.945 47.864 43.789 40.706 37.621 34.551 41.498 45.457 47.423 38.391 65.347 53.317 43.290 35.263 41.237 60.212 70.186 63.160 40.135 42.109 45.082 49.056 54.030 52.003 47.976 36.950 33.922 40.892 46.849 0.000 18.361 39.367 0.000 0.000 15.262 35.263 35.256 35.245 40.231 39.214 35.196 34.181 35.166 35.151 35.135 35.120 35.106 35.092 35.078 35.065 35.052 34.039 34.026 35.012 37.994 33.984
17.808 51.771 57.740 42.715 37.695 39.676 41.657 52.637 56.616 67.593 66.567 59.537 48.501 37.457 40.398 7.300 0.000 35.896 41.847 38.799 1.706 35.596 39.516 56.469 55.434 58.409 0.000 30.316 70.297 64.273 50.249 56.224 74.198 74.173 72.147 41.120 47.093 47.066 49.038 37.009 45.979 51.949 50.918 49.884 62.848 71.806 4.762 0.000 29.391 54.414 0.000 0.000 58.275 39.264 39.249 39.233 39.215 40.197 34.181 33.164 37.147 34.130 34.114 34.099 34.084 35.070 34.056 33.043 33.029 33.016 33.002 32.987 31.975
16.933 62.907 48.874 37.843 37.814 37.786 50.757 48.729 65.704 80.680 77.655 74.626 69.596 60.565 51.539 0.000 0.000 0.000 29.830 40.816 0.000 0.000 32.449 50.427 49.400 64.370 36.330 37.304 70.281 75.258 71.234 70.210 73.185 73.160 74.134 53.107 45.079 47.050 47.020 36.989 45.956 39.923 58.887 29.850 68.810 90.766 61.718 31.667 0.000 32.438 0.000 34.326 94.298 47.276 49.256 49.236 45.216 46.198 38.180 33.164 15.144 34.122 34.106 37.091 40.076 50.062 40.047 35.033 36.019 36.005 35.992 35.978 35.965
49.085 53.048 47.007 44.968 39.931 51.895 45.857 58.816 36.793 6.770 57.745 76.718 75.692 76.669 59.654 0.000 0.000 0.000 23.825 46.821 0.000 0.000 29.404 44.389 39.368 66.343 77.314 77.289 73.266 73.244 73.220 74.197 73.173 73.147 73.121 67.094 42.065 44.035 42.003 36.970 47.935 48.898 51.859 8.818 53.775 89.728 59.677 77.616 38.534 24.461 36.409 92.354 80.316 52.286 46.261 48.238 42.217 36.197 34.179 32.165 0.000 40.109 48.098 56.083 63.068 72.053 61.038 41.024 35.009 35.995 35.981 35.968 35.955
60.268 49.195 49.139 45.091 52.048 49.007 51.961 75.886 62.880 45.861 66.836 75.810 74.785 73.765 53.755 0.000 0.000 0.000 0.000 1.821 0.000 0.000 35.372 44.360 55.341 71.319 73.295 73.273 73.251 73.229 73.207 73.184 73.161 73.136 73.110 73.083 59.054 49.022 41.989 34.953 38.915 38.875 43.833 62.790 48.744 83.696 69.645 76.588 83.524 69.464 74.412 83.364 59.325 60.293 46.264 45.239 37.215 34.194 35.173 37.153 51.128 57.108 75.092 74.076 73.060 72.044 72.029 62.014 39.999 34.985 35.971 35.957 35.944
51.403 39.325 41.262 53.208 50.163 50.124 20.095 0.000 54.981 80.958 75.929 74.899 76.873 58.852 44.844 28.870 0.000 0.000 0.000 0.000 0.000 0.000 41.354 58.336 70.316 73.296 73.276 73.256 73.236 73.215 73.194 73.173 73.150 73.126 73.101 73.073 74.044 68.011 59.976 51.938 49.897 52.853 43.808 60.763 39.716 81.668 14.618 35.565 70.511 42.458 33.410 89.366 53.328 57.294 55.264 36.237 34.213 35.189 35.167 43.146 64.124 75.103 72.085 72.068 72.051 69.035 68.019 66.004 64.989 38.974 34.960 34.946 34.933
41.515 38.440 51.375 51.319 46.271 66.230 20.200 29.186 69.106 76.060 75.022 74.987 74.955 50.925 50.900 61.895 0.000 0.000 0.000 0.000 0.000 0.000 0.000 8.314 67.291 79.273 74.256 73.238 73.220 73.202 73.183 73.162 73.141 73.118 73.093 73.066 73.036 74.003 74.966 71.926 71.881 74.834 54.785 60.737 34.689 75.642 11.594 13.545 66.496 36.449 46.404 80.363 61.326 53.292 57.262 34.234 35.208 34.184 36.161 46.139 67.117 68.097 73.078 72.060 67.042 64.025 68.009 72.993 71.978 60.963 41.949 40.935 39.921
37.617 51.544 52.479 40.421 51.371 72.327 65.288 71.251 77.199 75.153 75.111 75.072 72.034 55.994 5.937 1.916 0.000 0.000 0.000 0.000 0.000 0.000 0.000 0.000 12.263 24.250 65.236 74.221 73.206 73.189 73.172 73.153 73.133 73.112 73.088 75.062 74.033 73.999 72.961 74.917 73.868 73.815 63.761 61.710 38.662 50.616 80.570 59.525 67.480 36.436 64.395 58.356 61.320 49.287 43.257 35.229 35.202 35.177 43.154 48.131 49.110 54.089 62.069 60.051 61.033 72.015 71.999 71.982 71.967 72.952 66.937 62.923 60.909
52.710 52.639 41.575 37.517 52.465 71.418 77.374 76.332 75.286 75.242 75.199 76.156 67.114 60.081 0.000 0.000 0.000 0.000 0.000 0.000 0.000 0.000 0.000 0.000 21.246 41.229 68.217 74.205 73.192 73.178 73.162 73.145 73.127 73.107 75.085 75.061 75.033 67.000 71.961 74.915 77.859 75.798 69.734 65.681 53.633 37.589 85.546 68.504 70.462 35.422 81.383 45.346 26.312 43.280 34.250 35.221 34.195 43.170 49.146 48.123 48.101 47.080 40.060 36.041 66.022 72.005 71.988 71.971 71.955 71.940 72.925 72.910 72.896
49.797 40.728 38.665 36.607 53.554 73.505 75.459 75.415 75.372 75.329 75.286 77.239 56.186 54.133 0.000 0.000 0.000 0.000 0.000 0.000 0.000 0.000 0.000 0.000 0.000 55.204 74.198 73.190 73.179 73.167 73.154 73.139 75.123 74.105 74.085 74.063 68.038 46.007 61.967 71.922 22.855 13.783 47.697 54.645 63.602 50.561 71.521 89.482 74.444 41.406 83.369 7.334 19.301 32.270 35.240 35.212 37.186 47.161 45.137 46.114 48.091 51.070 45.050 46.030 62.011 71.993 71.976 71.959 71.943 71.927 71.912 71.897 71.883
40.879 38.812 43.750 48.692 63.638 75.589 75.543 75.499 75.457 75.416 75.376 76.330 63.258 0.000 0.000 0.000 0.000 0.000 3.149 40.149 1.149 19.149 0.000 0.000 0.000 30.185 65.182 72.176 73.168 73.158 73.147 73.134 75.120 73.105 73.088 73.069 57.048 53.022 14.980 16.951 0.000 0.000 32.626 39.600 61.567 47.532 52.496 95.460 78.424 57.388 67.354 17.320 62.289 39.258 35.230 35.202 37.176 46.151 57.127 57.103 59.081 65.060 60.039 71.019 72.000 71.981 71.964 71.947 71.930 71.914 71.899 71.884 71.870
41.957 38.891 45.829 64.772 75.719 75.670 75.624 75.581 75.541 75.504 75.471 81.446 0.000 0.000 0.000 0.000 0.000 0.000 40.148 52.149 39.149 54.149 50.149 0.000 20.163 52.169 59.169 70.165 73.159 73.151 73.141 74.130 73.118 73.106 73.092 69.078 58.064 63.052 0.000 0.000 0.000 16.574 49.581 41.563 59.535 35.504 37.472 85.438 84.404 76.370 62.337 62.305 51.275 46.245 35.217 35.190 35.165 45.140 67.116 74.092 73.070 73.048 65.027 72.007 71.988 71.969 71.951 71.933 71.917 71.901 71.885 71.870 71.855
40.030 37.966 52.905 72.849 76.796 75.747 75.702 75.660 75.622 75.587 75.558 82.538 0.000 0.000 0.000 0.000 0.000 0.000 29.148 49.148 49.149 48.149 51.150 35.152 43.156 51.159 51.159 68.156 74.151 73.145 73.137 73.128 73.118 73.107 74.097 66.086 62.077 56.072 0.000 0.000 0.000 9.568 13.561 41.534 60.507 37.478 33.448 72.416 89.383 86.350 67.319 46.289 45.259 46.231 37.204 34.178 35.152 38.128 49.104 69.080 72.058 72.036 64.015 71.994 71.975 71.956 71.937 71.920 71.903 71.886 71.871 71.855 71.841
39.100 41.037 60.977 76.921 75.869 75.821 75.777 75.736 75.699 75.665 77.635 75.611 0.000 0.000 0.000 0.000 0.000 0.000 15.148 54.148 60.148 65.148 56.149 55.150 49.152 45.153 56.152 70.149 73.145 73.140 76.133 74.126 73.118 73.109 73.101 68.093 60.088 55.085 30.088 0.000 0.000 0.000 0.000 3.506 52.479 38.454 34.427 67.396 98.362 79.330 58.300 49.271 51.243 49.216 44.190 33.165 35.139 34.115 38.091 57.068 72.045 72.023 64.002 71.981 71.961 71.942 71.923 71.905 71.888 71.872 71.856 71.841 71.826
39.166 49.104 69.045 76.990 75.938 75.891 75.848 75.808 75.772 76.739 74.707 62.659 46.658 0.000 0.000 0.000 0.000 0.000 17.148 55.148 64.148 64.147 68.147 70.147 53.148 52.148 67.147 73.144 73.141 73.136 74.131 73.125 73.118 73.111 73.105 71.099 59.094 60.092 54.092 0.090 0.000 0.000 0.000 0.000 38.447 38.433 32.410 77.377 65.340 71.308 41.279 61.252 55.226 48.201 48.175 39.151 34.126 35.102 34.078 46.055 69.032 71.009 64.988 71.967 72.947 71.927 71.908 71.890 71.873 71.856 71.840 71.825 71.810
