results3/res_3e8f-0173.wd
ncols         241
nrows         181
xllcorner     12693529.787448
yllcorner     3542525.717860
cellsize      155.156523
NODATA_value  -9999.000000
[rows 66 to 98 of 181, columns 146 to 218 of 241]
37.276 52.215 74.157 75.102 75.052 75.005 74.961 74.918 74.877 77.844 13.824 0.000 1.700 0.000 0.000 0.000 0.000 0.118 47.120 22.120 0.000 29.118 59.117 59.117 59.117 66.117 72.116 72.114 72.111 72.107 72.103 72.098 72.093 72.088 72.083 74.078 59.074 60.072 52.071 0.000 0.000 0.000 0.000 0.000 28.423 35.414 44.395 38.361 16.315 14.275 29.248 50.223 58.200 52.177 47.154 47.131 37.108 34.085 34.062 37.039 58.018 69.996 64.975 53.955 60.936 67.917 71.900 71.882 70.866 70.850 70.835 70.821 70.807
40.336 59.274 77.216 75.162 75.114 75.069 75.025 74.981 79.934 68.898 38.882 35.895 0.000 0.000 0.000 0.000 0.000 18.120 20.120 0.000 0.000 0.000 29.114 60.114 69.113 72.113 72.112 72.110 72.107 76.104 74.101 72.097 72.093 72.089 71.084 63.081 57.077 63.075 53.074 0.000 0.000 0.000 0.000 20.415 34.415 39.411 35.405 0.000 1.250 11.237 31.221 34.202 48.182 57.161 46.139 45.117 43.094 34.072 34.049 33.026 39.004 62.983 69.962 54.941 56.922 58.903 60.885 64.868 68.851 70.835 71.820 70.806 70.792
45.394 66.331 76.270 75.217 75.171 75.131 73.091 72.047 26.980 11.933 42.911 48.907 13.909 0.000 0.000 0.000 0.000 0.000 0.000 0.000 0.000 13.109 42.110 62.110 72.110 72.109 72.108 72.107 72.105 74.102 73.099 72.096 72.093 73.089 63.086 61.082 64.079 59.076 51.075 0.000 0.000 0.000 0.000 38.414 41.413 3.411 2.408 0.000 6.210 39.208 41.197 51.183 54.165 65.146 63.125 51.104 40.081 32.059 34.036 34.013 28.990 42.969 59.947 63.927 68.907 65.888 58.870 63.852 66.836 66.820 64.805 66.790 69.777
50.451 73.384 77.317 78.263 75.225 76.192 71.162 17.137 1.087 41.943 42.923 47.914 55.912 0.000 0.000 0.000 0.000 0.000 0.000 0.000 0.000 25.108 48.108 61.108 73.107 72.106 72.105 72.104 72.102 73.100 72.098 72.095 72.093 69.090 63.088 28.084 1.082 0.000 0.000 0.000 0.000 0.000 0.000 34.413 41.413 0.000 0.000 0.000 56.192 42.187 37.178 65.166 70.150 71.132 75.113 69.091 57.069 37.046 34.023 33.999 31.976 32.954 38.932 39.911 46.891 54.872 61.853 65.836 66.819 67.804 63.789 66.774 67.761
32.510 37.438 47.350 23.295 80.272 77.249 62.230 39.219 9.230 0.000 0.000 0.000 0.000 0.000 0.000 0.000 0.000 0.000 0.000 0.000 0.000 26.107 51.106 54.105 70.105 72.104 72.103 72.102 76.100 75.099 72.097 72.095 73.093 64.091 67.090 0.000 0.000 0.000 0.000 0.000 0.000 0.000 0.000 0.000 28.413 37.413 0.000 0.000 87.177 50.172 32.163 63.151 71.137 71.120 71.102 74.080 73.057 53.033 36.009 33.985 31.962 34.939 35.916 43.895 48.874 37.855 37.836 42.819 47.802 53.787 58.772 62.757 66.744
78.576 57.507 0.000 0.000 84.321 76.301 63.289 45.280 12.278 0.000 0.000 0.000 0.000 0.000 0.000 0.000 0.000 0.000 0.000 0.000 0.000 0.000 12.103 56.103 72.102 72.102 72.101 72.100 74.099 73.097 72.096 72.094 73.093 61.092 71.091 0.000 0.000 0.000 0.000 0.000 0.000 0.000 0.000 0.000 0.000 4.413 12.413 0.000 24.169 40.160 33.150 63.139 71.127 71.111 72.093 72.071 72.047 65.021 40.996 36.971 34.946 31.923 52.900 64.878 70.857 54.837 47.819 43.801 41.784 38.769 38.754 38.740 66.727
54.653 0.000 0.000 81.501 81.389 79.345 70.344 55.335 11.324 0.000 0.000 0.000 0.000 0.000 0.000 0.000 0.000 0.000 0.000 0.000 0.000 0.000 38.101 61.101 73.100 72.100 72.099 73.098 72.097 72.096 72.095 72.094 73.093 66.092 31.091 0.000 0.000 0.000 0.000 0.000 0.000 0.000 0.000 0.000 0.000 0.000 0.000 0.000 0.000 37.149 36.139 54.130 69.119 72.105 66.087 62.064 68.038 59.009 41.982 40.956 49.931 44.906 67.882 71.859 70.838 68.818 68.800 65.782 63.766 60.750 56.736 48.722 68.709
81.699 71.699 77.671 33.614 0.000 0.377 76.405 50.394 11.359 0.000 13.589 0.000 0.000 0.000 0.000 0.000 0.000 0.000 0.000 0.000 0.000 1.098 54.099 66.099 73.098 72.098 72.097 74.097 74.096 72.095 72.094 72.093 71.092 67.092 16.091 0.000 0.000 0.000 0.000 0.000 0.000 0.000 0.000 0.000 0.000 0.000 0.000 0.000 0.000 0.000 25.126 51.121 69.113 70.103 51.087 54.061 56.031 52.995 37.967 34.941 57.915 66.888 70.863 72.840 72.818 73.798 71.780 71.762 72.746 71.731 72.717 72.703 71.690
83.746 75.728 80.699 31.669 0.000 0.000 67.481 15.475 0.000 0.000 45.589 8.589 0.000 0.000 0.000 0.000 0.000 0.000 0.000 0.000 0.000 0.095 57.097 69.097 73.097 72.096 72.096 73.095 73.095 72.094 72.093 73.092 69.092 64.091 14.091 0.000 0.000 0.000 0.000 0.000 0.000 0.000 0.000 0.000 0.000 0.000 0.000 0.000 17.116 19.117 30.119 46.116 68.111 70.105 16.099 0.000 0.000 42.972 36.949 31.926 45.899 64.869 70.842 72.818 72.796 72.777 70.758 70.741 71.726 70.711 70.697 71.684 71.671
75.810 75.768 75.729 73.694 60.664 46.621 39.563 38.549 34.574 37.584 40.588 40.589 12.589 0.000 0.000 0.000 0.000 0.000 18.091 20.091 0.000 10.094 56.095 70.095 72.095 72.095 72.095 72.094 72.094 72.093 72.092 72.092 54.091 49.091 47.090 42.089 6.089 0.000 0.000 0.000 0.000 0.000 0.000 0.000 0.000 0.000 0.000 0.000 21.115 47.115 38.115 42.113 62.110 63.107 36.104 0.000 0.000 0.000 33.932 38.915 37.887 56.847 69.818 70.794 70.773 70.754 70.736 70.719 70.704 70.690 70.676 70.663 70.651
75.850 75.803 75.757 74.714 71.675 73.637 47.602 26.586 64.587 37.590 41.592 17.590 0.000 0.000 0.000 0.000 0.000 0.000 18.091 64.092 13.092 1.093 55.094 69.094 73.094 72.094 74.093 75.093 73.093 72.092 72.092 70.091 63.090 54.090 55.089 54.089 7.089 0.000 0.000 0.000 0.000 0.000 0.000 0.000 0.000 0.000 0.000 0.000 15.115 50.114 42.114 49.112 64.110 59.108 65.106 0.000 0.000 0.000 0.000 0.000 0.000 46.815 69.790 70.768 70.748 70.729 70.712 70.696 70.682 70.668 70.655 70.643 70.631
75.885 75.836 76.781 78.731 75.687 75.649 74.621 75.606 66.600 44.598 16.598 0.000 0.000 0.000 0.000 0.000 0.000 0.000 5.091 57.091 44.092 34.092 50.092 72.093 72.093 72.093 72.092 72.092 72.092 72.091 72.091 72.090 70.090 49.089 53.089 60.089 3.088 0.000 0.000 0.000 0.000 0.000 0.000 0.000 0.000 0.000 0.000 0.000 11.114 62.114 6.113 29.112 52.110 59.108 20.107 0.000 0.000 0.000 0.000 0.000 0.000 0.787 58.758 71.740 70.721 70.703 70.687 70.672 70.659 70.646 70.633 70.622 70.610
78.923 74.876 71.799 73.741 76.693 76.651 78.628 75.615 73.608 60.605 9.603 0.000 0.000 0.000 0.000 0.000 0.000 0.000 0.000 13.091 48.091 40.091 56.092 74.092 72.092 72.092 72.092 72.091 72.091 72.091 72.090 72.090 73.089 62.089 49.088 53.088 59.088 1.087 0.000 0.000 0.000 0.000 0.000 0.000 0.000 0.000 0.000 0.000 0.000 7.114 0.000 0.000 37.109 56.109 0.000 0.000 0.000 0.000 0.000 0.000 0.000 0.000 46.736 67.714 70.693 70.675 70.660 70.647 70.635 70.623 70.611 70.600 70.589
71.967 32.945 0.000 0.000 0.000 68.635 73.626 79.618 75.612 64.609 14.608 0.000 48.612 18.612 0.000 0.000 0.000 0.000 0.000 0.000 40.091 44.091 65.091 73.091 74.091 75.091 72.091 72.091 72.090 72.090 72.090 72.089 72.089 73.088 52.088 34.087 43.087 4.086 0.000 0.000 0.000 0.000 0.000 0.000 0.000 0.000 0.000 0.000 0.000 0.000 0.000 0.000 26.109 59.109 0.000 0.000 0.000 0.000 0.000 0.000 0.000 0.000 0.000 47.687 67.661 70.645 70.632 70.621 70.610 70.600 70.589 70.578 70.567
67.005 23.993 0.000 0.000 43.628 41.628 58.623 77.618 74.615 59.612 40.611 44.612 48.612 14.612 0.000 0.000 0.000 0.000 11.089 0.000 41.090 52.090 72.090 72.090 75.090 75.090 72.090 72.090 72.090 72.089 72.089 72.089 72.088 73.088 69.087 64.087 53.086 33.086 27.085 0.000 0.000 0.000 0.000 0.000 0.000 0.000 0.000 0.000 0.000 0.000 0.000 0.000 28.109 20.109 0.000 0.000 0.000 0.000 0.000 0.000 0.000 0.000 0.000 0.000 52.618 68.611 70.603 70.594 70.586 70.576 70.567 70.556 70.546
73.035 54.028 26.035 0.000 0.000 43.624 43.621 65.618 77.615 55.613 42.612 47.612 25.612 0.000 0.000 0.000 0.000 0.000 40.089 33.089 38.089 55.090 74.090 74.090 75.090 72.090 72.090 72.090 72.089 72.089 72.089 72.088 72.088 72.087 72.087 74.086 63.086 51.085 40.085 41.084 34.084 25.083 30.083 0.000 0.000 0.000 0.000 0.000 0.000 0.000 0.000 0.000 31.109 6.109 0.000 0.000 0.000 0.000 0.000 0.000 0.000 0.000 0.000 0.000 37.582 65.579 69.574 70.568 70.562 70.554 70.545 70.535 70.524
76.057 67.049 20.042 0.000 0.000 0.000 42.619 47.617 74.615 62.614 43.613 46.613 21.613 0.000 0.000 0.000 0.000 0.000 43.089 36.089 39.089 57.089 76.089 75.089 73.090 73.090 72.089 72.089 72.089 72.089 72.088 73.088 73.087 73.087 67.086 58.086 62.085 69.085 62.084 60.084 48.083 35.083 42.083 0.074 0.000 0.000 0.000 0.000 0.000 0.000 0.000 0.000 0.000 0.000 0.000 0.000 0.000 0.000 0.000 0.000 0.000 0.000 0.000 0.000 29.549 60.548 70.546 72.543 72.539 72.532 71.524 70.515 70.504
76.074 51.069 0.000 0.000 0.000 0.000 0.000 49.616 62.615 56.614 55.613 52.613 42.613 20.613 0.000 0.000 0.000 0.000 42.088 35.089 40.089 55.089 67.089 64.089 59.089 61.089 66.089 71.089 73.089 73.088 71.088 61.088 59.087 64.087 53.086 50.085 50.085 61.084 65.084 60.084 46.083 35.083 7.083 0.000 0.000 0.000 0.000 0.000 0.000 0.000 0.000 0.000 0.000 0.000 0.000 0.000 0.000 0.000 0.000 0.000 0.427 0.000 0.000 0.000 17.516 42.519 48.520 50.520 50.517 51.513 60.506 69.496 70.483
75.088 41.084 0.000 0.000 0.000 0.000 0.000 44.615 38.615 37.614 45.614 45.613 45.613 41.613 14.613 0.000 0.000 0.000 47.088 42.088 47.088 57.088 60.089 63.089 21.089 0.000 0.000 12.089 73.089 70.088 59.088 14.088 0.000 0.000 52.085 84.085 77.084 56.084 62.084 56.083 45.083 30.083 33.083 0.000 0.000 0.000 0.000 0.000 0.000 0.000 0.000 0.000 0.000 0.000 0.000 0.000 0.000 0.000 13.428 3.428 21.428 42.432 53.441 52.456 70.481 78.491 79.496 77.498 79.498 66.495 49.490 67.480 70.465
73.098 38.095 0.000 0.000 0.000 0.000 0.000 44.615 40.615 19.614 0.000 0.000 0.000 0.000 0.000 0.000 0.000 0.000 53.088 47.088 42.088 38.088 24.088 0.000 0.000 0.000 0.000 0.000 0.000 0.000 46.087 8.087 0.000 0.000 0.000 47.084 80.084 40.084 41.083 40.083 36.083 39.083 86.082 45.082 0.000 0.000 0.000 0.000 0.000 0.000 0.000 0.000 0.000 0.000 0.000 0.000 12.402 3.402 0.000 0.000 7.423 89.428 85.435 67.447 68.460 65.469 66.475 88.479 81.480 67.480 47.478 56.470 55.451
59.105 40.104 34.106 0.000 0.000 0.000 0.000 0.000 42.614 26.614 0.000 0.000 0.000 0.000 0.000 0.000 0.000 0.000 53.088 53.088 54.088 37.088 12.088 0.000 0.000 0.000 0.000 0.000 0.000 0.000 42.087 19.087 0.000 0.000 0.000 46.084 95.083 59.083 62.083 57.083 42.082 60.082 114.082 111.082 42.082 0.000 0.000 0.000 0.000 0.000 0.000 0.000 0.000 0.000 0.000 0.000 2.402 20.402 10.404 8.407 17.415 92.420 59.426 67.434 58.443 39.451 50.457 93.461 59.465 46.468 53.472 7.471 0.000
43.110 43.108 29.108 0.000 0.000 0.000 0.000 0.000 0.000 0.000 0.000 0.000 0.000 0.000 0.000 0.000 0.000 0.000 56.088 47.088 41.088 39.088 13.088 0.000 0.000 0.000 0.000 0.000 0.000 39.087 32.087 57.087 53.087 0.000 5.083 52.083 58.083 50.083 93.083 82.082 53.082 6.082 70.082 125.082 9.082 0.000 0.000 0.000 0.000 0.000 0.000 0.000 21.400 18.400 13.401 2.401 71.401 109.401 100.402 96.404 43.407 87.411 55.416 44.421 91.428 72.434 92.439 73.445 43.449 51.454 0.000 0.000 0.000
46.113 47.112 39.111 0.000 0.000 0.000 0.000 0.000 0.000 0.000 0.000 0.000 0.000 0.000 0.000 0.000 0.000 0.000 10.087 51.087 41.087 19.087 0.000 0.000 0.000 0.000 0.000 0.000 0.000 41.087 38.087 14.087 0.000 0.000 0.000 26.083 5.083 0.000 6.082 48.082 4.082 0.000 26.082 92.082 47.082 0.000 0.000 0.000 0.000 0.000 0.000 0.000 0.000 3.400 0.000 0.000 27.401 7.400 71.399 75.399 26.400 87.402 64.404 37.408 55.412 105.417 119.423 53.428 41.435 8.444 0.000 0.000 17.281
45.115 46.113 46.112 50.113 42.112 0.000 0.000 0.000 0.000 0.000 0.000 0.000 0.000 0.000 0.000 0.000 0.000 0.000 0.000 41.087 37.087 21.087 0.000 0.000 0.000 0.000 0.000 0.000 42.086 39.086 16.086 0.000 0.000 0.000 0.000 0.074 0.000 0.000 0.000 52.081 1.081 0.000 26.082 0.000 0.000 0.000 0.000 0.000 0.000 0.000 0.000 0.000 0.000 12.400 6.400 8.400 1.400 0.000 47.394 66.393 25.392 89.391 69.392 39.394 88.397 91.401 86.406 94.411 58.417 0.000 0.000 0.249 31.265
47.117 25.114 36.113 45.113 45.112 45.112 44.112 0.000 0.000 0.000 0.000 0.000 0.000 0.000 0.000 0.000 0.000 0.000 0.000 43.087 39.087 23.087 0.000 0.000 0.000 0.000 0.000 0.000 0.000 45.086 17.086 0.000 0.000 0.000 0.000 0.000 0.000 4.080 16.080 39.080 43.080 20.080 0.000 0.000 0.000 0.000 0.000 0.000 0.000 0.000 0.000 0.000 0.000 1.400 0.000 5.400 0.000 0.000 50.390 70.388 30.385 90.380 75.378 89.378 89.380 48.383 41.388 86.394 35.406 0.000 0.000 32.233 40.243
52.118 0.000 0.000 42.112 31.112 0.000 44.112 34.112 0.000 0.000 0.000 0.000 0.000 0.000 0.000 0.000 0.000 0.000 0.000 42.087 39.087 27.087 0.000 0.000 0.000 0.000 0.000 0.000 0.000 0.000 0.000 0.000 0.000 0.000 0.000 0.000 0.000 0.000 55.080 72.080 33.080 0.000 0.000 0.000 0.000 0.000 0.000 0.000 0.000 0.000 0.000 0.000 0.000 0.000 0.000 10.400 0.000 0.000 85.387 71.384 32.378 90.366 87.362 79.361 71.362 57.365 58.368 27.372 0.000 0.000 16.215 35.221 42.227
49.119 0.000 0.000 29.112 21.112 0.000 0.000 0.000 0.000 53.109 49.109 40.109 0.000 0.000 0.000 0.000 0.000 0.000 0.000 46.087 42.087 24.087 0.000 0.000 0.000 0.000 0.000 0.000 0.000 0.000 0.000 0.000 0.000 0.000 0.000 0.000 0.000 0.000 18.080 102.080 68.080 0.000 0.000 0.000 0.000 0.000 0.000 0.000 0.000 0.000 0.000 0.000 0.000 0.000 0.000 0.000 0.000 0.000 17.387 0.000 0.000 64.343 105.342 84.342 83.343 81.345 84.348 32.354 0.000 0.000 20.209 34.211 35.213
65.118 0.000 0.000 0.000 0.000 51.112 38.112 0.000 49.109 43.109 43.109 35.109 0.000 0.000 0.000 0.000 0.000 0.000 0.000 46.087 41.087 29.087 0.000 0.000 0.000 0.000 0.000 0.000 0.000 0.000 0.000 0.000 0.000 0.000 0.000 0.000 0.000 0.000 0.000 46.079 38.079 9.079 0.000 0.000 0.000 0.000 0.000 0.000 0.000 0.000 0.000 0.000 0.000 0.000 0.000 0.000 0.000 0.000 0.000 0.000 0.000 11.322 47.322 48.322 46.322 46.323 43.327 39.340 0.000 0.000 13.201 34.201 32.200
76.117 65.116 47.115 48.114 47.113 41.112 42.112 43.111 41.110 46.109 45.109 36.109 33.109 0.000 0.000 0.000 0.000 0.000 0.000 33.087 0.000 0.000 0.000 0.000 0.000 0.000 0.000 0.000 0.000 0.000 0.000 0.000 0.000 0.000 0.000 0.000 0.000 0.000 0.000 0.000 45.079 8.079 0.000 0.000 0.000 0.000 0.000 0.000 0.000 0.000 0.000 0.000 0.000 0.000 0.000 0.000 0.000 0.000 0.000 0.000 0.000 2.301 35.302 34.301 34.300 50.299 45.297 0.000 0.000 0.000 6.193 47.191 59.188
76.116 70.116 40.115 40.114 40.113 23.112 24.112 28.111 38.110 47.109 44.109 36.109 39.108 28.108 0.000 0.000 0.000 0.000 0.000 0.000 0.000 0.000 0.000 0.000 0.000 0.000 0.000 0.000 0.000 0.000 0.000 0.000 0.000 0.000 0.000 0.000 0.000 0.000 0.000 0.000 2.079 48.079 7.079 0.000 0.000 0.000 0.000 0.000 0.000 0.000 0.000 0.000 0.000 0.000 0.000 0.000 0.000 0.000 0.000 0.000 27.271 30.280 34.282 34.282 36.279 55.274 45.266 28.247 0.000 0.000 42.186 63.183 70.178
76.116 74.115 44.115 41.114 21.114 0.000 0.000 0.000 0.000 38.109 41.109 39.108 32.108 0.000 0.000 0.000 0.000 0.000 0.000 0.000 0.000 0.000 0.000 0.000 0.000 0.000 0.000 0.000 0.000 0.000 0.000 0.000 0.000 0.000 0.000 0.000 0.000 0.000 0.000 0.000 0.074 51.079 13.078 0.000 0.000 0.000 0.000 0.000 0.000 0.000 0.000 0.000 0.000 0.000 0.000 0.000 0.000 0.000 0.000 0.000 38.262 35.265 34.266 30.264 43.261 60.254 44.244 33.228 28.207 28.193 52.183 69.176 70.168
76.115 74.115 27.115 31.115 0.000 0.000 0.000 0.000 0.000 0.000 29.108 42.108 34.108 0.000 0.000 0.000 0.000 0.000 0.000 0.000 0.000 0.000 0.000 0.000 0.000 0.000 0.000 0.000 0.000 0.000 0.000 0.000 0.000 0.000 0.000 0.000 0.000 0.000 0.000 0.000 0.000 0.074 19.078 0.000 0.000 0.000 0.000 0.000 0.000 0.000 0.000 0.000 7.233 15.233 0.000 0.000 0.000 0.000 0.000 32.245 30.250 29.252 34.252 48.249 61.244 51.238 35.228 33.215 35.201 32.188 53.178 71.168 70.159
76.115 50.115 0.000 0.000 0.000 0.000 0.000 0.000 0.000 0.000 0.000 32.108 39.108 37.107 0.000 0.000 0.000 0.000 0.000 0.000 0.000 0.000 0.000 0.000 0.000 0.000 0.000 0.000 0.000 0.000 0.000 0.000 0.000 0.000 0.000 0.000 0.000 0.000 0.000 0.000 0.000 0.000 0.000 0.000 0.000 0.000 0.000 0.000 0.000 0.000 0.000 0.000 0.000 8.233 10.233 0.000 37.234 29.235 27.236 39.239 53.241 58.241 60.240 60.236 46.231 34.224 33.215 33.204 32.193 34.181 57.171 72.161 70.151
