results3/res_3e8f-0164.wd
ncols         241
nrows         181
xllcorner     12693529.787448
yllcorner     3542525.717860
cellsize      155.156523
NODATA_value  -9999.000000
[rows 33 to 65 of 181, columns 146 to 218 of 241]
64.510 63.729 63.457 64.097 30.760 42.434 64.124 57.816 36.402 0.000 0.000 35.159 11.159 16.160 32.162 57.167 44.167 10.165 0.000 0.000 49.066 57.053 15.028 41.999 33.976 34.950 38.909 47.868 65.823 56.789 51.758 46.732 47.710 47.691 46.673 45.656 44.636 52.616 62.595 54.576 54.559 52.541 31.523 45.508 53.498 0.000 24.039 29.009 52.932 50.866 55.804 65.744 58.692 53.668 8.656 0.000 36.604 36.601 43.600 21.600 0.000 0.000 0.000 0.000 0.000 0.000 0.000 0.000 0.000 0.000 0.000 0.000 0.000
64.456 64.204 63.860 64.534 42.216 59.916 62.653 56.464 0.000 0.000 13.159 37.159 0.000 0.000 0.000 41.178 41.174 49.164 12.145 62.118 50.085 37.059 46.032 37.004 34.976 34.945 33.909 35.872 63.834 61.800 61.770 63.743 56.719 58.698 57.678 57.659 57.639 58.620 62.601 60.584 61.567 56.552 33.538 32.526 5.520 0.000 20.981 34.962 42.921 37.863 43.801 56.737 56.698 54.675 12.664 0.000 0.000 41.598 13.597 0.000 0.000 0.000 0.000 0.000 0.531 43.525 42.521 44.517 34.514 37.512 4.510 0.000 0.000
64.929 64.595 64.276 63.959 63.653 64.364 56.106 42.924 0.000 0.000 0.000 5.159 0.000 0.000 0.000 38.194 35.187 48.173 53.152 45.126 54.096 52.067 33.038 34.008 34.977 34.946 46.912 50.876 54.842 47.809 44.778 54.751 28.726 35.703 30.682 30.662 30.643 33.624 59.606 48.590 46.575 48.561 33.549 35.541 15.536 0.000 30.943 87.935 12.928 0.000 0.000 5.704 57.687 56.671 15.661 0.000 0.000 38.597 35.592 37.584 35.575 43.567 49.558 41.549 63.538 70.528 68.521 53.517 33.513 32.511 36.509 6.507 0.000
65.319 65.001 64.684 64.374 65.073 59.779 41.482 32.203 41.203 0.000 0.000 0.000 0.000 0.000 0.000 35.218 34.206 37.188 33.164 44.136 47.106 50.076 39.044 34.013 33.981 33.948 58.915 64.881 46.847 40.814 40.784 41.756 38.730 38.707 38.685 39.665 42.645 39.627 60.610 52.594 50.580 50.568 32.558 46.551 72.547 0.000 22.912 75.908 0.000 0.000 0.000 7.689 57.674 55.661 33.648 38.629 36.614 34.601 34.592 34.583 33.575 40.567 47.559 34.551 52.538 70.527 66.520 46.515 31.512 31.509 36.507 4.506 0.000
65.726 65.401 65.085 64.780 61.487 47.199 35.840 0.000 0.000 0.000 0.000 39.448 2.436 8.422 0.362 34.253 35.233 35.208 34.180 34.149 40.117 33.085 33.052 35.018 33.985 32.951 56.918 53.885 61.852 65.818 64.786 59.758 55.733 57.709 53.687 57.667 57.647 58.629 62.613 60.598 61.584 57.573 32.564 44.558 66.555 0.000 17.884 78.878 0.000 0.000 0.000 0.000 54.660 57.652 36.641 34.626 34.612 34.601 34.591 34.582 33.575 40.567 49.561 5.556 0.000 28.520 71.517 47.513 31.509 31.506 35.504 2.503 0.000
66.130 65.795 65.474 65.173 54.898 36.687 0.000 0.000 0.000 0.000 37.475 40.459 53.440 53.412 41.365 34.304 34.265 35.231 35.198 34.164 33.129 34.094 34.059 34.024 32.989 41.955 60.922 39.889 53.858 30.820 63.785 53.758 52.733 52.710 49.688 54.667 55.648 55.630 62.614 60.599 57.586 57.576 32.568 46.562 65.559 0.000 3.863 71.841 0.000 0.000 0.000 0.000 58.653 57.648 33.636 35.620 34.608 35.598 35.589 35.581 36.573 44.567 24.562 0.000 0.000 29.517 71.514 52.511 39.507 33.503 36.501 3.499 0.000
66.529 66.173 66.844 59.540 47.243 36.965 0.000 0.000 0.000 0.000 34.491 51.475 45.451 34.420 36.379 36.333 34.292 33.254 35.217 34.179 35.142 35.104 35.066 34.029 33.992 53.957 53.924 53.893 53.870 0.000 35.775 33.755 34.732 34.709 35.687 39.666 42.647 40.629 60.613 54.598 48.586 50.576 33.569 45.563 64.561 0.000 0.000 44.784 35.761 0.000 0.000 0.000 52.651 35.649 0.000 30.612 36.603 40.595 47.587 47.579 47.571 49.564 21.559 0.000 13.521 77.517 70.513 72.508 60.503 35.499 36.496 4.494 0.000
66.915 66.525 66.189 51.898 3.571 0.000 0.000 0.000 0.000 12.549 50.522 45.498 35.470 36.437 36.399 36.358 36.317 34.276 33.236 33.195 35.154 34.113 34.073 33.033 34.995 49.958 40.923 49.890 50.858 9.820 9.784 49.757 48.732 48.708 48.685 50.664 50.645 51.627 63.610 59.596 54.584 56.574 32.567 41.562 69.560 0.000 0.000 103.749 72.738 39.720 26.711 0.000 0.000 0.000 0.000 0.000 33.597 42.592 46.585 45.577 48.568 50.560 36.551 41.537 57.526 72.518 70.511 70.505 58.500 35.495 35.490 11.487 0.000
67.273 67.824 59.488 42.294 0.000 0.000 0.000 0.661 0.638 57.575 51.552 35.525 36.494 36.460 36.423 36.382 36.341 36.298 33.255 34.212 34.167 34.123 35.079 34.036 33.996 36.957 41.921 53.886 40.852 52.818 57.785 50.756 59.730 49.705 50.682 53.661 52.641 51.622 61.606 57.592 45.579 44.570 33.563 40.559 69.558 0.000 0.000 94.727 84.720 61.710 30.703 0.000 0.000 6.636 1.632 0.000 4.596 53.591 45.583 39.575 36.566 51.557 38.547 40.536 48.526 69.517 71.509 69.502 55.496 35.490 32.483 36.477 30.468
75.551 73.007 45.647 35.496 0.000 0.000 2.697 35.683 49.658 50.617 44.586 39.555 36.522 36.487 36.448 36.408 35.365 38.321 43.276 39.229 34.180 35.131 34.083 34.037 33.995 33.955 40.917 41.881 39.847 46.814 45.782 40.753 52.726 32.701 40.677 47.655 46.635 40.616 59.600 52.585 32.572 31.562 34.555 36.552 40.555 0.000 0.000 72.711 52.707 89.699 75.688 11.669 12.654 63.639 37.628 35.615 35.601 37.591 48.582 42.573 10.564 63.554 51.544 47.534 45.524 56.515 72.507 64.499 47.492 36.485 32.477 39.469 63.459
0.000 0.000 24.597 42.546 0.000 0.000 37.710 47.699 61.678 45.649 44.619 44.587 37.553 36.516 36.477 36.435 43.391 51.346 52.298 44.247 39.193 34.139 33.086 34.036 37.991 34.949 33.911 32.875 38.841 39.808 38.777 39.748 41.721 34.695 40.671 45.649 47.628 43.609 59.592 53.576 35.563 34.552 34.544 30.539 0.000 0.000 0.000 28.700 47.697 47.690 81.680 96.666 89.653 57.639 43.627 44.615 44.602 47.592 69.582 87.572 96.562 95.552 97.542 96.532 90.522 84.513 76.504 59.496 42.488 33.480 34.472 47.463 66.453
18.497 0.000 0.000 0.000 0.000 8.748 40.736 60.724 52.706 55.682 52.653 42.622 35.587 36.549 36.508 47.464 52.419 48.372 43.323 40.269 43.206 38.145 38.086 34.029 38.983 32.941 33.903 34.868 33.834 33.801 33.770 33.741 32.714 33.688 33.663 37.640 43.619 42.599 60.581 54.565 33.551 34.539 34.530 33.521 8.510 0.000 0.000 32.693 58.690 47.684 49.675 64.664 75.651 85.639 87.626 93.614 96.602 96.591 95.581 91.570 82.560 80.550 82.539 85.529 87.519 88.510 86.501 90.492 82.483 49.475 36.467 55.458 72.449
57.863 16.515 0.000 0.000 5.752 41.761 57.761 50.754 42.740 50.718 54.692 55.660 45.624 34.584 44.541 53.495 43.449 35.401 35.353 37.300 5.218 6.148 5.083 31.014 34.969 36.930 36.893 33.858 33.825 34.793 33.762 33.733 33.705 34.679 33.654 33.631 33.609 36.588 53.570 52.553 34.537 34.525 34.514 35.505 36.499 0.000 0.000 31.689 49.686 50.681 62.673 49.662 29.650 33.638 69.625 93.614 77.602 72.591 75.580 68.569 54.558 43.547 34.537 32.527 33.516 43.507 41.497 36.488 75.479 90.470 68.462 66.453 70.445
0.000 32.168 10.480 4.649 40.744 50.782 57.794 41.793 44.781 42.761 40.735 48.702 53.665 48.623 52.577 41.528 35.479 36.431 36.389 44.358 0.000 0.000 0.000 27.975 36.949 47.916 48.882 43.848 39.815 41.783 37.752 36.723 34.695 33.669 33.643 34.619 33.597 33.576 36.556 45.538 33.522 33.508 34.496 33.487 2.482 0.000 0.000 12.687 10.685 64.681 48.673 33.663 47.650 49.637 95.624 76.613 59.601 41.590 32.579 33.567 34.556 35.545 35.534 35.524 34.513 32.503 31.493 32.484 40.475 77.466 85.457 70.448 69.440
0.000 19.508 42.623 44.724 43.792 58.828 43.842 37.841 39.830 38.810 35.783 34.750 49.710 56.665 59.615 47.561 37.507 34.456 42.414 8.386 0.000 0.000 0.000 30.961 40.936 47.904 48.870 48.836 50.803 58.771 56.741 52.712 50.684 46.657 40.631 35.607 33.584 34.562 33.541 38.521 31.504 32.488 33.475 35.466 56.461 0.000 0.000 0.000 26.688 68.683 28.676 37.665 28.650 67.634 85.623 45.612 33.600 35.589 35.577 35.566 35.554 35.543 32.532 32.521 31.510 32.499 32.489 32.479 48.470 63.461 36.452 96.442 68.434
0.000 19.734 42.780 35.832 54.872 54.895 49.904 40.901 34.888 35.867 36.839 47.804 50.762 42.713 45.657 54.595 55.531 45.471 2.425 0.000 4.125 3.081 36.026 41.972 45.932 44.894 45.859 45.824 43.790 50.759 51.728 51.699 52.671 49.644 48.619 49.593 40.569 35.546 36.524 33.503 34.484 33.466 32.452 34.440 49.434 0.000 0.000 0.000 26.695 70.689 32.682 8.673 0.000 13.628 52.622 34.611 35.600 33.588 33.576 33.565 32.553 31.541 32.529 32.517 31.506 32.495 31.485 30.475 33.466 29.457 25.448 89.435 98.426
0.000 16.915 36.930 46.951 56.969 47.978 47.978 49.970 47.954 38.931 44.901 53.864 42.820 35.767 34.704 40.632 50.552 57.472 21.391 13.282 39.170 39.091 34.025 42.969 47.923 48.883 44.846 44.810 36.776 33.744 33.714 33.686 32.658 30.631 37.605 51.579 50.554 49.530 44.506 35.483 33.462 34.442 33.424 33.410 34.401 0.000 0.000 0.000 41.709 8.695 12.688 0.000 0.000 0.000 31.624 11.612 14.599 31.587 30.576 30.563 31.551 33.538 33.526 33.514 32.502 32.490 30.480 30.469 31.460 19.453 0.000 9.424 92.414
0.000 16.080 40.075 59.074 50.074 47.070 47.061 48.047 47.027 49.001 53.970 42.932 36.887 36.831 36.762 35.676 36.574 42.474 59.383 57.286 36.182 35.088 34.014 34.956 46.910 44.870 55.832 43.794 36.760 34.729 35.700 34.671 39.644 47.617 43.590 37.564 43.538 53.513 50.487 49.463 40.439 33.415 33.393 34.374 32.359 0.000 0.000 41.743 29.736 0.000 0.000 43.659 38.657 37.651 29.640 0.000 0.000 36.585 33.575 33.563 33.549 33.536 33.523 33.510 33.497 33.485 33.474 32.463 33.453 35.443 25.431 0.000 34.401
4.329 29.249 54.216 50.197 39.182 44.167 49.150 44.129 50.106 56.078 48.046 36.009 34.964 36.909 36.837 40.736 41.592 35.468 46.382 42.298 39.182 36.066 32.988 39.932 43.889 45.853 36.820 63.773 51.741 41.712 33.684 39.656 58.629 68.602 61.576 38.549 40.522 43.495 47.468 52.441 50.414 46.387 35.360 32.333 39.302 45.259 0.000 16.749 37.756 0.000 0.000 13.661 33.662 33.655 33.644 38.630 37.613 33.593 32.578 33.563 33.548 33.533 33.519 33.506 33.493 33.480 33.468 33.456 32.445 32.433 33.420 36.405 32.395
16.408 50.374 56.342 41.315 36.291 38.267 40.242 51.215 55.188 66.159 65.127 58.092 47.051 36.003 38.941 5.838 0.000 34.423 40.378 37.342 0.225 34.004 37.940 54.896 53.861 56.836 0.000 28.738 68.718 62.693 48.667 54.641 72.615 72.588 70.561 39.534 45.506 45.478 47.449 35.420 44.390 50.360 49.328 48.295 61.258 70.216 3.171 0.000 27.784 52.811 0.000 0.000 56.676 37.665 37.650 37.633 37.615 38.597 32.580 31.564 35.547 32.530 32.515 32.501 32.487 33.474 32.462 31.449 31.437 31.425 31.412 31.399 30.388
15.521 61.496 47.464 36.431 36.399 36.368 49.335 47.301 64.272 79.243 76.213 73.180 68.146 59.112 50.084 0.000 0.000 0.000 28.365 39.355 0.000 0.000 30.872 48.850 47.823 62.793 34.750 35.724 68.700 73.676 69.651 68.626 71.600 71.574 72.547 51.519 43.491 45.462 45.431 35.400 44.367 38.333 57.298 28.260 67.219 89.175 60.127 30.076 0.000 30.839 0.000 32.730 92.701 45.679 47.658 47.638 43.618 44.599 36.582 31.565 13.546 32.525 32.510 35.496 38.482 48.468 38.455 33.442 34.429 34.417 34.404 34.392 34.381
47.659 51.626 45.586 43.546 38.508 50.469 44.429 57.384 35.356 5.329 56.300 75.270 74.241 75.216 58.200 0.000 0.000 0.000 22.362 45.358 0.000 0.000 27.825 42.811 37.789 64.763 75.733 75.707 71.683 71.659 71.636 72.611 71.586 71.560 71.534 65.506 40.477 42.446 40.414 35.380 46.345 47.308 50.269 7.228 52.185 88.138 58.086 76.025 36.941 22.866 34.815 90.759 78.721 50.691 44.665 46.642 40.620 34.600 32.583 30.569 0.000 38.515 46.504 54.490 61.476 70.462 59.448 39.435 33.422 34.409 34.396 34.384 34.372
58.831 47.762 47.707 43.660 50.616 47.574 50.526 74.450 61.439 44.416 65.388 74.360 73.333 72.311 52.299 0.000 0.000 0.000 0.000 0.358 0.000 0.000 33.792 42.779 53.759 69.736 71.712 71.688 71.666 71.643 71.620 71.597 71.573 71.548 71.521 71.493 57.464 47.432 40.399 33.363 37.325 37.285 42.243 61.200 47.154 82.106 68.054 74.996 81.932 67.871 72.819 81.771 57.731 58.698 44.670 43.644 35.621 32.599 33.579 35.560 49.536 55.516 73.500 72.485 71.470 70.455 70.441 60.427 38.414 33.401 34.388 34.376 34.364
49.959 37.884 39.822 51.769 48.723 48.683 18.654 0.000 53.534 79.509 74.478 73.447 75.419 57.396 43.386 27.406 0.000 0.000 0.000 0.000 0.000 0.000 39.773 56.753 68.732 71.711 71.690 71.669 71.648 71.627 71.606 71.584 71.561 71.537 71.511 71.483 72.453 66.421 58.385 50.347 48.306 51.263 42.218 59.173 38.126 80.078 13.028 33.975 68.920 40.867 31.818 87.774 51.735 55.702 53.672 34.645 32.620 33.597 33.575 41.554 62.533 73.513 70.496 70.479 70.463 67.448 66.434 64.419 63.406 37.392 33.379 33.367 33.355
40.065 36.991 49.928 49.873 44.824 64.783 18.751 27.733 67.654 74.607 73.568 73.532 73.499 49.469 49.443 60.426 0.000 0.000 0.000 0.000 0.000 0.000 0.000 6.729 65.706 77.687 72.668 71.650 71.631 71.612 71.592 71.572 71.550 71.527 71.502 71.475 71.445 72.412 73.375 70.335 70.290 73.243 53.195 59.147 33.099 74.052 10.004 11.955 64.906 34.858 44.813 78.772 59.735 51.701 55.671 32.643 33.617 32.593 34.571 44.549 65.528 66.509 71.490 70.473 65.457 62.441 66.426 71.411 70.397 59.383 40.370 39.357 38.345
36.160 50.089 51.025 38.969 49.918 70.874 63.834 69.795 75.743 73.696 73.654 73.615 70.577 54.540 4.489 0.460 0.000 0.000 0.000 0.000 0.000 0.000 0.000 0.000 10.674 22.661 63.646 72.631 71.615 71.598 71.580 71.561 71.541 71.519 71.495 73.469 72.440 72.407 71.369 73.326 72.277 72.225 62.171 60.121 37.073 49.027 78.981 57.935 65.891 34.847 62.805 56.766 59.730 47.697 41.667 33.639 33.613 33.588 41.565 46.544 47.523 52.503 60.484 58.466 59.449 70.433 70.417 70.402 70.388 71.374 65.361 61.348 59.335
51.249 51.179 40.116 36.059 51.007 69.959 75.915 74.872 73.825 73.781 73.738 74.695 65.655 58.622 0.000 0.000 0.000 0.000 0.000 0.000 0.000 0.000 0.000 0.000 19.656 39.638 66.625 72.612 71.599 71.584 71.568 71.551 71.533 71.513 73.491 73.467 73.439 65.407 70.368 73.323 76.268 74.208 68.145 64.092 52.045 36.001 83.958 66.916 68.874 33.833 79.794 43.758 24.723 41.691 32.661 33.633 32.607 41.582 47.559 46.537 46.516 45.496 38.477 34.458 64.441 70.424 70.409 70.393 70.379 70.364 71.351 71.338 71.325
48.331 39.264 37.201 35.144 52.091 72.042 73.995 73.951 73.907 73.863 73.820 75.775 54.724 52.673 0.000 0.000 0.000 0.000 0.000 0.000 0.000 0.000 0.000 0.000 0.000 53.610 72.603 71.595 71.584 71.572 71.558 71.543 73.527 72.509 72.490 72.468 66.443 44.412 60.374 70.329 21.263 12.193 46.108 53.057 62.014 48.974 69.934 87.895 72.856 39.818 81.782 5.747 17.714 30.682 33.653 33.625 35.599 45.575 43.551 44.529 46.508 49.488 43.468 44.450 60.432 70.415 70.399 70.384 70.369 70.354 70.340 70.327 70.314
39.409 37.343 42.281 47.224 62.171 74.121 74.074 74.030 73.987 73.946 73.906 74.861 61.792 0.000 0.000 0.000 0.000 0.000 1.541 38.541 0.000 17.542 0.000 0.000 0.000 28.587 63.585 70.579 71.571 71.561 71.549 71.537 73.523 71.507 71.491 71.473 55.452 51.426 13.386 15.358 0.000 0.000 31.039 38.013 59.981 45.946 50.911 93.874 76.838 55.802 65.767 15.734 60.702 37.672 33.643 33.616 35.591 44.566 55.543 55.521 57.499 63.479 58.459 69.441 70.423 70.406 70.389 70.373 70.358 70.344 70.330 70.316 70.303
40.482 37.418 44.358 63.301 74.247 74.198 74.151 74.107 74.066 74.028 73.995 79.971 0.000 0.000 0.000 0.000 0.000 0.000 38.541 50.541 37.541 52.542 48.542 0.000 18.560 50.568 57.569 68.565 71.559 71.551 71.542 72.531 71.520 71.507 71.493 67.480 56.466 61.455 0.000 0.000 0.000 14.988 47.995 39.977 57.950 33.920 35.887 83.854 82.819 74.785 60.752 60.720 49.689 44.660 33.632 33.606 33.581 43.557 65.533 72.511 71.490 71.469 63.450 70.431 70.413 70.395 70.379 70.363 70.347 70.332 70.318 70.305 70.291
38.553 36.490 51.430 71.374 75.321 74.271 74.225 74.181 74.141 74.105 74.076 81.056 0.000 0.000 0.000 0.000 0.000 0.000 27.541 47.541 47.541 46.542 49.543 33.546 41.552 49.556 49.557 66.555 72.550 71.544 71.536 71.527 71.517 71.507 72.497 64.486 60.478 54.472 0.000 0.000 0.000 7.982 11.975 39.949 58.923 35.895 31.866 70.834 87.801 84.767 65.735 44.704 43.675 44.647 35.620 32.594 33.570 36.546 47.523 67.501 70.480 70.459 62.439 70.420 70.402 70.384 70.367 70.351 70.336 70.321 70.306 70.293 70.279
37.620 39.558 59.499 75.443 74.391 74.342 74.295 74.252 74.212 74.176 76.146 74.123 0.000 0.000 0.000 0.000 0.000 0.000 13.540 52.541 58.541 63.541 54.542 53.544 47.546 43.548 54.548 68.546 71.542 71.537 74.531 72.524 71.516 71.508 71.500 66.492 58.486 53.484 28.486 0.000 0.000 0.000 0.000 1.923 50.896 36.873 32.846 65.816 96.782 77.748 56.716 47.687 49.659 47.632 42.607 31.582 33.558 32.534 36.512 55.490 70.468 70.448 62.428 70.409 70.390 70.373 70.355 70.339 70.323 70.308 70.294 70.280 70.267
37.684 47.623 67.565 75.510 74.458 74.410 74.363 74.319 74.279 75.242 73.210 61.166 45.166 0.000 0.000 0.000 0.000 0.000 15.540 53.540 62.540 62.540 66.540 68.540 51.541 50.542 65.541 71.539 71.536 71.532 72.527 71.521 71.515 71.508 71.502 69.496 57.492 58.490 52.489 0.000 0.000 0.000 0.000 0.000 36.866 36.853 30.831 75.801 63.765 69.727 39.696 59.668 53.642 46.617 46.592 37.569 32.545 33.522 32.500 44.478 67.457 69.436 63.416 70.397 71.378 70.360 70.343 70.327 70.311 70.296 70.281 70.267 70.254
