results3/res_3e8f-0201.wd
ncols         241
nrows         181
xllcorner     12693529.787448
yllcorner     3542525.717860
cellsize      155.156523
NODATA_value  -9999.000000
[rows 99 to 131 of 181, columns 73 to 145 of 241]
59.965 59.940 59.915 58.889 58.862 63.833 66.805 63.777 59.757 59.748 53.749 9.755 0.000 0.000 0.000 0.000 0.000 14.945 72.912 97.867 95.859 95.015 101.683 101.612 94.710 95.406 95.252 95.142 96.036 95.936 94.845 98.768 57.714 0.000 0.000 0.000 0.000 0.000 0.000 34.987 60.911 72.808 40.677 22.473 52.378 55.291 53.196 57.075 53.895 51.632 21.321 46.081 49.953 64.867 70.804 73.757 71.722 66.698 59.683 54.675 49.672 27.667 0.000 0.000 0.000 0.000 22.032 40.032 52.032 76.032 77.032 77.032 77.032
60.015 59.992 58.968 56.941 60.913 65.883 66.849 66.812 60.784 57.768 62.762 62.761 23.762 0.000 17.576 47.524 24.411 4.211 61.117 100.995 96.245 96.260 101.742 94.023 95.810 95.463 95.375 95.262 95.154 95.051 96.959 95.885 31.837 0.000 0.000 0.000 0.000 0.000 3.294 39.167 45.071 55.983 4.914 0.000 47.496 55.435 54.343 58.219 58.045 28.838 0.000 40.984 54.926 59.862 80.810 81.770 81.740 82.718 83.704 81.695 62.692 0.694 0.706 1.712 0.000 0.000 0.000 39.032 52.032 76.032 77.032 77.032 77.031
60.067 59.046 59.022 61.996 64.967 65.935 40.898 4.836 33.798 69.778 42.770 16.765 8.763 0.000 28.628 78.584 75.498 67.383 86.263 97.413 94.400 101.825 95.304 96.109 95.675 95.609 95.491 95.380 95.266 96.154 94.055 81.975 28.913 1.880 0.000 0.000 0.000 3.523 42.421 49.317 47.223 48.140 21.082 0.000 53.674 71.611 64.524 59.411 34.228 0.000 0.944 23.945 13.905 53.845 78.805 82.774 80.750 80.731 80.719 82.711 55.708 49.711 49.713 55.713 0.000 0.000 0.000 16.032 51.031 76.031 77.031 77.031 77.031
59.121 58.102 63.080 66.053 66.023 65.993 30.971 0.000 0.788 12.777 3.773 0.000 0.000 0.000 21.726 84.685 90.615 98.528 98.487 95.612 102.163 101.955 95.271 95.981 95.831 95.721 95.612 95.499 95.378 101.243 51.132 19.048 2.959 0.524 7.174 10.098 0.000 33.625 51.550 47.457 47.363 46.274 52.190 18.102 46.916 72.811 71.731 69.673 0.000 0.000 43.944 0.000 0.000 51.808 80.791 84.771 81.754 80.739 78.728 67.721 48.717 44.716 45.716 29.715 0.000 0.000 0.000 0.000 47.031 76.031 77.031 77.031 73.031
58.180 64.163 66.141 66.113 64.080 70.043 40.021 0.000 0.000 0.000 0.000 0.000 0.000 0.000 32.863 90.816 93.755 97.632 96.868 96.881 102.350 94.658 96.363 96.037 95.950 95.840 95.733 99.625 105.503 60.309 29.182 4.125 0.000 0.000 0.000 7.023 34.947 57.802 51.698 44.598 49.499 53.401 50.303 48.200 62.078 65.984 55.916 63.878 0.000 0.000 11.944 0.000 0.000 57.787 81.779 86.767 85.754 81.743 76.734 45.728 43.724 44.721 51.720 0.000 0.000 0.000 0.000 41.031 45.031 74.031 77.031 77.031 71.031
65.242 66.228 66.207 65.179 43.142 9.078 28.050 30.050 0.000 0.000 0.000 0.000 0.000 24.165 77.047 90.970 93.874 96.032 97.042 102.680 102.522 95.633 96.334 96.172 96.065 95.958 99.857 61.767 21.699 0.000 39.161 25.146 0.000 0.000 0.000 0.000 43.017 76.937 67.841 62.738 57.634 58.528 56.422 57.316 70.213 64.129 48.072 50.045 0.000 0.000 0.000 0.000 0.000 57.775 85.770 50.763 48.754 80.745 83.738 53.733 44.729 49.726 19.723 0.000 0.000 0.000 0.000 14.031 41.031 59.031 75.031 78.030 71.030
66.311 66.301 62.281 66.253 48.230 0.000 19.050 49.050 0.000 0.000 0.000 0.000 14.380 76.284 90.191 96.112 96.083 96.225 102.963 102.826 94.961 96.736 96.384 96.294 96.179 96.070 99.968 71.885 3.829 0.000 9.156 12.151 0.000 0.000 0.000 0.000 30.167 62.089 66.989 76.881 72.770 60.656 63.541 72.429 67.328 55.249 47.198 48.184 22.230 23.241 0.000 0.000 0.000 55.767 89.765 3.762 0.000 29.743 76.740 66.736 47.733 26.729 0.000 0.000 0.000 0.000 0.000 0.000 14.031 38.030 64.030 74.030 67.030
64.388 61.384 60.363 76.321 55.295 0.000 18.050 46.050 0.000 0.000 0.000 8.547 72.475 85.399 95.328 98.208 97.452 95.482 103.090 94.270 96.044 92.603 94.529 96.406 96.291 97.175 91.062 80.976 28.902 0.000 0.000 0.000 0.000 0.000 0.000 17.573 52.394 57.264 57.145 59.027 67.908 70.785 73.658 67.531 54.422 48.340 47.288 46.264 50.264 35.253 0.000 0.000 0.000 44.762 81.760 47.757 36.751 28.746 71.742 77.739 57.737 0.000 0.000 8.742 0.000 0.000 0.000 0.000 0.000 33.030 57.030 62.030 49.030
58.474 67.484 63.466 4.374 5.335 0.000 9.050 9.050 0.000 0.000 0.000 9.619 88.575 90.518 98.428 97.594 96.616 103.315 103.207 96.229 95.916 95.757 95.639 94.521 95.401 97.276 54.130 5.053 0.000 0.000 0.000 0.000 0.000 21.110 37.977 52.752 63.573 60.428 59.299 56.175 57.051 59.918 71.772 72.617 64.488 53.402 46.348 46.320 48.310 0.000 0.000 0.000 0.000 29.758 71.757 49.754 45.751 45.746 77.743 80.741 63.740 26.741 16.742 59.742 0.000 0.000 0.000 0.000 0.000 36.030 60.030 55.030 41.030
59.569 69.611 56.644 0.000 0.000 0.000 6.050 18.050 2.050 0.000 0.866 75.735 85.691 97.634 97.629 96.772 103.508 103.415 95.541 97.316 96.967 96.874 96.754 96.637 98.517 48.396 0.000 0.000 0.000 0.000 0.000 10.574 36.450 53.244 66.068 61.884 60.719 60.575 60.446 61.325 59.202 58.066 31.896 50.675 75.513 57.431 45.383 48.356 46.346 34.353 0.000 0.000 0.000 30.756 63.754 41.753 0.000 0.000 33.743 70.742 59.742 68.742 75.742 34.742 0.000 0.000 0.000 0.000 0.000 11.030 51.030 49.030 42.030
57.661 61.746 60.856 37.020 0.000 0.000 0.000 4.050 7.050 0.000 28.959 88.877 95.818 97.740 97.899 96.022 103.593 95.828 97.610 97.175 97.107 96.986 97.871 98.753 60.635 0.000 0.000 0.000 0.000 0.000 12.858 55.698 66.533 62.347 61.168 60.998 60.844 60.708 60.587 60.475 60.366 69.246 8.071 0.000 43.457 52.425 44.397 53.377 53.366 35.360 0.000 0.000 0.000 0.000 47.751 84.751 52.749 0.000 26.743 71.743 65.742 56.742 56.742 0.000 0.000 0.000 0.000 0.000 0.000 0.000 30.030 41.030 42.030
69.734 7.856 64.013 62.183 51.384 10.504 0.722 0.000 0.000 20.130 79.062 92.996 98.937 97.923 97.077 103.739 103.670 96.777 97.475 97.324 97.214 98.104 99.988 60.871 0.000 0.000 0.000 0.000 11.361 42.238 53.019 64.827 61.636 61.442 58.260 58.095 57.951 58.826 60.717 60.622 63.541 40.482 0.000 0.000 23.432 48.418 47.401 65.389 61.382 0.000 0.000 0.000 0.000 0.000 31.749 76.749 88.748 45.746 71.744 85.744 77.743 53.743 46.743 18.743 0.000 0.000 0.000 0.000 0.000 0.000 36.030 42.030 46.030
51.775 4.930 66.158 56.317 63.464 55.606 16.850 4.112 13.205 80.199 89.159 99.118 98.006 98.274 96.301 103.799 96.065 97.858 97.518 97.435 98.327 99.226 53.107 0.000 0.000 0.000 0.000 3.619 54.483 65.335 63.152 61.955 63.741 63.525 69.334 74.172 69.040 61.929 55.834 59.756 65.695 23.658 0.000 0.000 19.422 51.412 52.402 74.395 62.390 0.000 0.000 0.000 0.000 0.000 19.748 71.747 80.747 85.746 81.745 81.744 85.743 69.743 48.743 49.743 18.743 11.743 0.000 0.000 0.000 38.029 43.029 41.029 46.029
0.000 0.000 34.372 85.464 48.547 0.000 0.000 18.282 78.304 83.298 97.277 98.187 98.467 96.398 103.883 96.322 98.131 97.708 97.651 98.540 95.435 50.366 0.000 0.000 0.000 0.000 9.892 56.755 64.617 62.468 62.298 66.100 40.849 19.584 22.379 39.218 65.107 67.015 67.936 59.871 60.824 21.798 0.000 0.000 0.000 32.405 50.401 57.397 56.395 5.396 0.000 0.000 0.000 0.000 19.747 62.747 75.746 80.745 81.745 82.744 78.744 74.743 59.743 47.743 51.743 57.743 0.000 0.000 0.000 4.029 41.029 42.029 44.029
0.000 0.000 11.495 86.618 73.715 0.000 0.000 25.430 86.431 94.423 98.376 99.571 99.609 104.197 104.006 97.272 97.988 97.849 97.752 92.649 82.507 33.436 0.000 0.000 9.272 45.188 54.030 65.893 62.760 62.623 66.473 44.298 2.106 0.000 0.000 25.214 63.157 60.088 64.022 69.968 69.931 47.913 0.000 0.000 0.000 14.403 52.400 46.398 53.397 4.396 0.000 0.000 0.000 0.000 24.746 49.746 66.746 80.745 75.745 68.744 70.744 31.743 56.743 65.743 58.743 54.743 0.000 0.000 0.000 0.000 1.029 36.029 41.029
0.000 0.000 0.000 14.799 63.979 3.436 13.576 79.576 91.570 98.556 98.577 98.755 104.545 104.376 96.558 98.357 98.024 97.953 90.865 56.797 0.000 0.000 0.000 17.437 63.356 57.263 65.145 63.026 62.908 63.792 41.672 2.505 0.000 0.000 0.000 24.267 66.218 60.157 60.098 62.050 66.018 68.010 20.041 0.000 0.000 0.000 33.399 52.398 27.398 0.000 0.000 0.000 0.000 0.000 17.746 45.746 56.745 63.745 55.745 52.744 17.744 0.000 5.743 49.743 53.743 62.742 0.000 0.000 0.000 0.000 0.000 30.029 41.029
0.000 0.000 0.000 0.000 1.410 13.660 82.717 87.725 98.724 98.660 99.948 100.023 104.704 96.856 98.636 98.205 98.146 88.045 76.958 40.878 0.000 0.000 0.000 57.518 79.452 64.364 56.261 64.157 62.055 64.963 34.896 0.000 0.000 0.000 20.462 55.369 62.292 61.223 61.162 58.114 54.083 56.069 18.071 0.000 0.000 0.000 14.399 59.398 7.398 0.000 0.000 0.000 0.000 0.000 17.745 47.745 46.745 45.745 43.745 49.745 0.000 0.000 0.000 24.743 47.742 65.742 9.742 0.000 0.000 0.000 0.000 1.029 34.029
0.000 0.000 0.000 0.000 0.000 85.908 84.905 98.895 98.855 100.062 100.138 104.996 104.855 97.808 99.494 97.339 83.224 72.131 46.045 0.000 0.000 0.000 51.782 69.666 69.571 76.477 64.380 54.284 60.192 70.111 73.052 36.049 0.000 0.000 19.555 67.454 61.359 61.280 60.214 56.163 50.129 51.110 17.104 0.000 0.000 0.000 0.000 32.398 40.398 0.000 0.000 0.000 0.000 0.000 25.745 49.745 43.745 44.745 44.745 46.744 29.744 0.000 0.000 0.000 34.742 55.742 33.742 7.742 0.000 0.000 0.000 0.000 29.029
0.000 0.000 0.000 0.000 25.282 86.158 98.102 99.067 100.080 102.270 105.262 105.131 97.114 98.879 95.532 84.433 73.289 45.210 0.000 0.000 0.000 54.012 74.899 60.790 52.690 66.594 78.499 66.407 69.319 70.235 57.153 63.047 41.801 4.275 27.749 59.533 55.411 62.324 57.251 49.195 48.160 52.140 14.132 0.000 0.000 0.000 0.000 19.398 59.398 4.398 0.000 0.000 0.000 0.000 0.000 31.745 46.745 44.745 44.745 44.744 52.744 0.000 0.000 0.000 0.000 36.742 47.742 53.742 0.000 0.000 0.000 0.000 0.000
0.000 0.000 0.000 0.000 68.406 94.339 100.286 99.193 99.464 97.547 105.387 97.395 99.161 93.730 82.663 57.544 0.000 0.000 0.000 0.000 54.237 75.124 62.013 50.906 50.805 52.708 63.615 78.527 69.442 54.359 62.276 64.184 38.081 0.000 24.633 84.518 71.429 60.354 54.271 50.207 47.175 48.157 42.151 6.155 0.000 0.000 0.000 0.000 38.398 10.398 0.000 0.000 0.000 0.000 0.000 11.745 48.745 44.745 44.744 44.744 46.744 30.744 0.000 0.000 0.000 17.742 44.742 47.742 0.000 0.000 0.000 0.000 0.000
0.000 0.000 0.000 71.722 68.597 74.514 89.426 100.601 97.666 105.621 105.506 98.327 94.015 82.868 61.763 0.000 0.000 35.839 0.000 6.469 79.350 62.234 51.123 52.016 50.914 53.819 67.728 76.642 77.561 61.484 57.408 68.331 42.260 0.000 0.000 15.475 28.432 10.393 0.000 20.186 51.174 58.165 59.160 45.159 0.000 0.000 0.000 0.000 0.000 0.000 0.000 0.000 0.000 0.000 0.000 12.744 48.744 47.744 50.744 45.744 42.744 51.744 0.000 0.000 0.000 24.742 58.742 63.742 0.000 0.000 0.000 0.000 0.000
0.000 0.000 10.950 72.846 69.747 70.666 80.642 96.809 105.838 105.730 97.606 94.372 82.043 55.968 0.000 0.000 52.887 51.839 33.742 17.588 67.460 51.341 52.228 51.120 52.019 66.924 72.835 36.753 27.677 79.608 65.542 43.473 4.366 0.000 0.000 0.000 0.000 0.000 0.000 17.178 69.172 63.167 60.164 56.163 11.163 0.000 0.000 0.000 0.000 0.000 0.000 0.000 0.000 0.000 0.000 36.744 45.744 20.744 0.000 20.744 45.744 49.744 0.000 0.000 0.000 26.742 62.742 31.742 0.000 0.000 0.000 0.000 0.000
0.000 86.144 74.055 70.965 68.886 69.764 71.008 75.074 105.942 96.847 92.609 82.199 56.156 0.000 0.000 0.000 56.935 54.888 74.800 58.681 51.560 52.441 51.327 54.219 74.117 71.023 51.936 47.857 52.787 80.728 77.681 41.650 0.000 0.000 0.000 0.000 0.000 0.000 0.000 17.174 76.171 76.168 71.165 62.164 7.164 0.000 0.000 0.000 0.000 0.000 0.000 0.000 0.000 0.000 9.744 48.744 50.744 0.000 0.000 5.744 48.744 49.744 0.000 0.000 0.000 0.000 33.742 0.000 0.000 0.000 0.000 0.000 0.000
2.306 84.234 98.158 90.083 74.984 76.142 68.190 106.139 106.042 75.730 80.407 56.306 0.000 0.000 0.000 0.000 59.030 71.978 69.889 51.777 51.657 51.537 62.421 74.311 63.209 52.114 52.028 51.952 52.887 61.836 79.802 75.798 36.852 0.000 0.000 0.000 0.000 0.000 0.000 0.000 62.169 64.167 76.166 77.165 33.165 0.000 0.000 0.000 0.000 0.000 0.000 0.000 0.000 0.000 40.744 50.744 27.744 0.000 0.000 9.744 49.744 47.744 0.000 0.000 0.000 0.000 0.000 0.000 0.000 0.000 0.000 0.000 0.000
20.378 97.328 100.262 100.193 95.167 85.323 106.326 106.233 67.895 62.666 0.000 0.305 0.000 0.000 0.000 0.000 70.176 75.105 51.001 52.880 52.753 64.629 73.509 55.396 52.292 52.196 52.111 52.036 51.974 51.926 60.895 80.887 73.906 47.937 38.950 42.953 11.954 0.000 0.000 0.000 1.168 42.167 82.166 82.165 43.165 0.000 0.000 0.000 0.000 0.000 0.000 0.000 0.000 0.000 29.744 28.744 0.000 0.000 0.000 0.000 29.744 56.744 0.000 0.000 0.000 0.000 0.000 0.000 0.000 0.000 0.000 0.000 0.000
90.500 100.436 100.377 100.265 104.509 95.568 106.417 68.007 70.689 65.360 0.000 0.000 0.000 0.000 0.000 63.548 75.394 52.266 53.130 52.989 60.849 73.715 51.590 52.473 52.366 52.269 52.182 52.107 52.046 51.998 51.965 55.949 56.948 51.955 52.959 59.956 41.955 0.000 0.000 0.000 0.000 0.000 37.166 73.165 36.165 0.000 0.000 0.000 0.000 0.000 0.000 0.000 0.000 0.000 0.000 0.000 0.000 0.000 0.000 0.000 0.000 8.744 0.000 0.000 0.000 0.000 0.000 0.000 0.000 0.000 0.000 0.000 0.000
96.606 96.547 100.462 101.625 98.674 106.593 106.506 72.684 57.142 2.263 5.262 2.263 0.000 0.000 0.000 80.702 57.586 53.433 53.265 55.096 75.938 55.793 52.661 52.541 52.431 52.331 52.241 52.166 52.104 52.055 52.020 50.996 49.983 52.977 34.975 0.000 0.000 0.000 0.000 0.000 0.000 0.000 0.000 66.165 54.165 21.165 0.000 0.000 0.000 0.000 0.000 0.000 0.000 0.000 0.000 0.000 0.000 0.000 0.000 0.000 0.000 0.000 0.000 0.000 0.000 0.000 0.000 0.000 0.000 0.000 0.000 0.000 0.000
75.721 75.657 79.636 75.795 106.764 106.679 84.183 65.399 56.341 0.000 0.262 2.262 0.000 0.000 0.000 55.971 51.817 51.615 50.399 63.194 56.014 49.857 50.721 50.599 50.487 50.381 51.287 52.210 52.148 52.100 51.062 49.032 51.009 50.995 47.990 37.992 40.992 42.992 41.992 43.992 14.992 0.000 0.000 4.165 63.165 35.165 0.000 0.000 0.000 0.000 0.000 0.000 0.000 0.000 0.000 0.000 0.000 0.000 0.000 0.000 0.000 0.000 0.000 0.000 0.000 0.000 0.000 0.000 0.000 0.000 0.000 0.000 0.000
90.836 112.726 77.974 108.033 106.846 66.725 57.325 0.000 71.761 30.113 0.000 0.000 0.000 0.000 99.772 78.394 49.095 56.813 67.522 66.268 62.068 59.900 59.765 59.648 58.536 52.420 48.317 52.239 52.179 52.133 51.096 51.062 55.026 55.006 55.996 65.994 65.993 61.992 54.992 53.992 32.992 0.000 0.000 0.000 22.165 28.165 0.000 0.000 0.000 0.000 0.000 0.000 0.000 0.000 0.000 0.000 0.000 0.000 0.000 0.000 0.000 0.000 0.000 0.000 0.000 0.000 0.000 0.000 0.000 0.000 0.000 0.000 0.000
138.917 117.515 115.562 107.000 106.925 94.812 0.000 38.809 66.808 140.466 115.932 2.203 47.316 36.732 98.149 57.740 55.356 127.018 117.609 113.287 113.088 111.910 110.792 109.692 108.591 79.444 46.323 52.249 52.197 52.158 52.127 44.094 0.000 0.000 0.000 0.000 0.000 0.000 18.992 70.992 49.992 20.992 0.000 0.000 0.000 0.000 0.000 0.000 0.000 0.000 0.000 0.000 0.000 0.000 0.000 0.000 0.000 0.000 0.000 0.000 0.000 0.000 0.000 0.000 0.000 0.000 0.000 0.000 0.000 0.000 0.000 0.000 0.000
97.086 116.673 107.139 107.071 91.331 0.000 0.000 0.000 10.199 62.012 49.750 0.000 28.546 0.000 57.351 54.061 63.570 119.294 0.000 5.183 0.000 55.861 64.801 125.738 38.690 0.000 56.280 52.237 52.202 53.175 35.159 0.000 0.000 0.000 0.000 0.000 0.000 0.000 0.000 23.992 70.992 26.992 0.000 0.000 0.000 0.000 0.000 0.000 0.000 0.000 0.000 0.000 0.000 0.000 0.000 0.000 0.000 0.000 0.000 0.000 0.000 0.000 0.000 0.000 0.000 0.000 0.000 0.000 0.000 0.000 0.000 0.000 0.000
117.842 115.897 107.202 115.821 117.669 37.957 0.000 17.778 44.778 54.631 31.308 8.542 49.776 95.343 93.844 86.582 0.000 38.294 0.000 17.079 38.975 66.871 111.813 74.769 39.741 0.000 0.000 58.217 52.198 53.183 34.174 0.000 0.000 0.000 0.000 0.000 0.000 0.000 0.000 0.000 17.991 56.991 21.991 0.000 0.000 0.000 0.000 0.000 0.000 0.000 0.000 0.000 0.000 0.000 0.000 0.000 0.000 0.000 0.000 0.000 0.000 0.000 0.000 0.000 0.000 0.000 0.000 0.000 0.000 0.000 0.000 0.000 0.000
115.976 107.318 107.262 96.327 39.092 0.000 0.000 0.000 6.502 33.428 0.000 0.000 42.673 86.409 140.101 75.842 0.000 0.000 0.000 0.000 0.000 80.835 115.811 45.785 42.763 0.000 0.000 0.000 57.190 51.184 49.181 47.182 35.182 0.000 0.000 0.000 0.000 0.000 0.000 0.000 12.991 70.991 28.991 0.000 0.000 0.000 0.000 0.000 0.000 0.000 0.000 0.000 0.000 0.000 0.000 0.000 0.000 0.000 0.000 0.000 0.000 0.000 0.000 0.000 0.000 0.000 0.000 0.000 0.000 0.000 0.000 0.000 0.000
