results3/res_3e8f-0106.wd
ncols         241
nrows         181
xllcorner     12693529.787448
yllcorner     3542525.717860
cellsize      155.156523
NODATA_value  -9999.000000
[rows 99 to 131 of 181, columns 73 to 145 of 241]
56.779 56.761 56.743 55.726 55.708 60.691 63.675 60.659 56.648 56.642 50.643 6.646 0.000 0.000 0.000 0.000 0.000 12.276 70.337 95.332 93.345 92.518 99.216 99.143 92.247 92.942 92.788 92.677 93.571 93.471 92.380 96.302 55.247 0.000 0.000 0.000 0.000 0.000 0.000 24.400 50.313 62.140 29.847 11.678 41.623 44.552 42.464 46.339 43.076 40.644 10.245 34.965 38.820 53.724 59.653 62.601 60.562 55.534 48.516 43.506 38.500 16.492 0.000 0.000 0.000 0.000 10.561 28.560 40.560 64.559 65.559 65.559 65.558
56.809 56.792 55.775 53.757 57.740 62.721 63.701 63.679 57.663 54.653 59.650 59.649 20.649 0.000 15.243 45.200 22.114 1.825 58.610 98.499 93.756 93.779 99.278 91.568 93.354 93.006 92.917 92.804 92.697 92.595 94.505 93.432 29.381 0.000 0.000 0.000 0.000 0.000 0.000 28.594 34.529 45.454 0.000 0.000 36.797 44.735 43.633 47.482 47.245 17.944 0.000 29.853 43.788 48.715 69.657 70.612 70.577 71.552 72.535 70.524 51.519 0.000 0.000 0.000 0.000 0.000 0.000 27.557 40.556 64.555 65.555 65.554 65.554
56.839 55.823 55.807 58.790 61.771 62.752 37.731 1.693 30.671 66.659 39.653 13.651 5.650 0.000 26.286 76.244 73.157 65.021 83.829 94.957 91.937 99.363 92.857 93.661 93.226 93.159 93.040 92.928 92.816 93.708 91.615 79.538 26.464 0.000 0.000 0.000 0.000 0.000 32.023 38.856 36.753 37.693 10.725 0.000 43.034 60.957 53.851 48.711 23.478 0.000 0.000 12.808 2.763 42.693 67.647 71.612 69.584 69.563 69.547 71.538 44.534 38.537 38.539 44.539 0.000 0.000 0.000 4.555 39.553 64.552 65.551 65.550 65.549
55.870 54.856 59.840 62.823 62.804 62.786 27.773 0.000 0.000 9.658 0.656 0.000 0.000 0.000 19.372 82.330 88.252 96.147 96.074 93.181 99.719 99.499 92.830 93.539 93.389 93.278 93.167 93.052 92.931 98.805 48.707 16.643 0.571 0.000 0.000 0.000 0.000 23.337 41.191 37.051 36.936 35.841 41.757 7.605 36.348 62.207 61.106 59.033 0.000 0.000 0.000 0.000 0.000 40.646 69.627 73.605 70.584 69.567 67.554 56.545 37.541 33.540 34.540 18.539 0.000 0.000 0.000 0.000 35.548 64.548 65.547 65.546 61.545
54.903 60.890 62.875 62.857 60.836 66.814 36.801 0.000 0.000 0.000 0.000 0.000 0.000 0.000 30.501 88.450 91.382 95.245 94.463 94.461 99.916 92.226 93.930 93.603 93.515 93.404 93.295 97.182 103.052 57.874 26.766 1.727 0.000 0.000 0.000 0.000 24.603 47.483 41.354 34.223 39.097 42.978 39.857 37.712 51.545 55.419 45.331 53.282 0.000 0.000 0.000 0.000 0.000 46.618 70.609 75.596 74.582 70.568 65.557 34.549 32.545 33.543 40.542 0.000 0.000 0.000 0.000 29.544 33.545 62.544 65.544 65.543 59.541
61.939 62.928 62.913 61.893 39.870 5.834 24.817 26.817 0.000 0.000 0.000 0.000 0.000 21.799 74.680 88.598 91.495 93.642 94.640 100.262 100.096 93.208 93.908 93.745 93.638 93.530 97.427 59.328 19.221 0.000 36.752 22.741 0.000 0.000 0.000 0.000 32.723 66.638 57.520 52.388 47.253 48.118 45.981 46.839 59.702 53.593 37.518 39.482 0.000 0.000 0.000 0.000 0.000 46.600 74.596 39.590 37.579 69.565 72.556 42.550 33.546 38.544 8.543 0.000 0.000 0.000 0.000 2.543 29.542 47.542 63.541 66.540 59.539
62.978 62.970 58.955 62.932 44.916 0.000 15.817 45.817 0.000 0.000 0.000 0.000 12.016 73.918 87.822 93.738 93.702 93.836 100.558 100.415 92.546 94.318 93.965 93.874 93.759 93.652 97.555 69.482 1.455 0.000 6.748 9.744 0.000 0.000 0.000 0.000 19.927 51.828 56.698 66.557 62.410 50.260 53.108 61.963 56.833 44.731 36.666 37.646 11.699 12.712 0.000 0.000 0.000 44.586 78.584 0.000 0.000 18.557 65.553 55.549 36.546 15.545 0.000 0.000 0.000 0.000 0.000 0.000 2.541 26.539 52.538 62.537 55.536
61.022 58.020 57.005 72.965 51.947 0.000 14.817 42.817 0.000 0.000 0.000 6.188 70.114 83.034 92.959 95.834 95.071 93.094 100.691 91.865 93.635 90.191 92.116 93.992 93.877 94.763 88.657 78.584 26.542 0.000 0.000 0.000 0.000 0.000 0.000 7.477 42.230 47.050 46.888 48.730 57.570 60.404 63.231 57.070 43.935 37.834 36.769 35.739 39.738 24.725 0.000 0.000 0.000 33.574 70.571 36.562 25.557 17.554 60.550 66.547 46.544 0.000 0.000 0.000 0.000 0.000 0.000 0.000 0.000 21.537 45.536 50.535 37.534
55.072 64.082 60.082 0.993 1.959 0.000 5.816 5.816 0.000 0.000 0.000 7.262 86.216 88.155 96.062 95.221 94.235 100.925 100.813 93.828 93.512 93.351 93.230 92.111 92.992 94.868 51.727 2.656 0.000 0.000 0.000 0.000 0.000 11.258 28.057 42.725 53.464 50.256 49.075 45.906 46.738 49.554 61.341 62.154 54.003 42.901 35.837 35.803 37.791 0.000 0.000 0.000 0.000 18.566 60.563 38.559 34.556 34.552 66.547 69.543 52.541 15.537 5.536 48.535 0.000 0.000 0.000 0.000 0.000 24.535 48.534 43.533 29.533
56.124 66.154 53.181 0.000 0.000 0.000 2.816 14.816 0.000 0.000 0.000 73.381 83.337 95.276 95.265 94.401 101.125 101.028 93.148 94.919 94.568 94.472 94.350 94.231 96.110 45.989 0.000 0.000 0.000 0.000 0.000 1.160 26.752 43.460 56.187 51.901 50.648 50.433 50.249 51.082 48.920 47.734 21.425 40.200 65.023 46.930 34.875 37.844 35.832 23.839 0.000 0.000 0.000 19.561 52.556 30.554 0.000 0.000 22.541 59.540 48.538 57.536 64.535 23.535 0.000 0.000 0.000 0.000 0.000 0.000 39.531 37.531 30.531
54.172 58.230 57.307 33.411 0.000 0.000 0.000 0.816 3.816 0.000 26.651 86.545 93.474 95.387 95.539 93.653 101.213 93.444 95.222 94.784 94.712 94.588 95.470 96.350 58.230 0.000 0.000 0.000 0.000 0.000 3.659 46.386 56.987 52.643 51.331 51.044 50.793 50.582 50.404 50.254 50.128 59.036 0.000 0.000 32.958 41.922 33.889 42.866 42.854 24.846 0.000 0.000 0.000 0.000 36.548 73.546 41.542 0.000 15.538 60.537 54.535 45.534 45.533 0.000 0.000 0.000 0.000 0.000 0.000 0.000 18.529 29.529 30.530
66.202 4.286 60.406 58.515 47.649 6.739 0.000 0.000 0.000 17.838 76.757 90.674 96.602 95.576 94.721 101.363 101.292 94.396 95.091 94.936 94.823 95.710 97.591 58.471 0.000 0.000 0.000 0.000 2.560 33.311 43.932 55.569 52.170 51.793 48.451 48.150 47.900 48.697 50.532 50.402 53.303 30.245 0.000 0.000 12.929 37.912 36.893 54.879 50.871 0.000 0.000 0.000 0.000 0.000 20.542 65.541 77.538 34.536 60.535 74.534 66.533 42.532 35.530 7.529 0.000 0.000 0.000 0.000 0.000 0.000 24.528 30.528 34.528
48.197 1.324 62.517 52.594 59.693 51.830 13.057 1.746 10.944 77.919 86.862 96.803 95.676 95.930 93.946 101.424 93.692 95.481 95.138 95.051 95.940 96.836 50.713 0.000 0.000 0.000 0.000 0.000 45.755 56.526 54.188 52.787 54.330 53.907 59.531 64.205 58.960 51.773 45.628 49.517 55.438 13.397 0.000 0.000 8.917 40.905 41.893 63.885 51.880 0.000 0.000 0.000 0.000 0.000 8.538 60.537 69.535 74.534 70.533 70.532 74.531 58.530 37.529 38.527 7.525 0.524 0.000 0.000 0.000 26.526 31.526 29.526 34.526
0.000 0.000 30.610 81.653 44.699 0.000 0.000 16.077 76.063 81.031 94.987 95.877 96.140 94.055 101.510 93.955 95.762 95.335 95.274 96.160 93.051 47.980 0.000 0.000 0.000 0.000 1.815 48.503 56.148 53.852 53.508 57.062 31.455 9.975 12.562 29.180 54.962 56.807 57.688 49.599 50.538 11.506 0.000 0.000 0.000 21.896 39.892 46.887 45.884 0.000 0.000 0.000 0.000 0.000 8.534 51.533 64.533 69.532 70.531 71.530 67.529 63.528 48.527 36.526 40.524 46.523 0.000 0.000 0.000 0.000 29.525 30.525 32.525
0.000 0.000 7.660 82.710 69.750 0.000 0.000 23.224 84.199 92.163 96.091 97.265 97.282 101.837 101.637 94.909 95.622 95.480 95.379 90.273 80.126 31.053 0.000 0.000 1.423 37.235 46.030 57.754 54.483 54.224 57.932 35.497 0.000 0.000 0.000 14.991 52.902 49.805 53.720 59.653 59.607 37.585 0.000 0.000 0.000 3.893 41.890 35.887 42.886 0.000 0.000 0.000 0.000 0.000 13.531 38.531 55.530 69.530 64.529 57.528 59.528 20.528 45.526 54.524 47.523 43.522 0.000 0.000 0.000 0.000 0.000 24.523 29.523
0.000 0.000 0.000 10.776 59.842 1.261 11.470 77.398 89.348 96.301 96.294 96.450 102.199 102.023 94.203 95.998 95.662 95.587 88.495 54.426 0.000 0.000 0.000 9.669 55.562 49.387 57.204 55.001 54.804 55.630 33.499 0.000 0.000 0.000 0.000 13.890 55.849 49.792 49.735 51.687 55.654 57.640 9.654 0.000 0.000 0.000 22.888 41.887 16.886 0.000 0.000 0.000 0.000 0.000 6.529 34.529 45.528 52.528 44.527 41.527 6.527 0.000 0.000 38.522 42.522 51.521 0.000 0.000 0.000 0.000 0.000 18.523 29.522
0.000 0.000 0.000 0.000 0.000 11.646 80.603 85.547 96.501 96.403 97.663 97.715 102.364 94.508 96.284 95.849 95.786 85.682 74.592 38.509 0.000 0.000 0.000 49.776 71.684 56.548 48.397 56.244 54.103 56.994 26.935 0.000 0.000 0.000 9.819 44.832 51.813 50.778 50.740 47.706 43.682 45.669 7.668 0.000 0.000 0.000 3.887 48.886 0.000 0.000 0.000 0.000 0.000 0.000 6.527 36.527 35.526 34.526 32.525 38.525 0.000 0.000 0.000 13.521 36.520 54.520 0.000 0.000 0.000 0.000 0.000 0.000 22.521
0.000 0.000 0.000 0.000 0.000 83.787 82.747 96.697 96.621 97.798 97.847 102.666 102.519 95.464 97.146 94.986 80.868 69.771 43.682 0.000 0.000 0.000 44.130 61.976 61.850 68.723 56.594 46.473 52.371 62.307 65.312 28.456 0.000 0.000 8.807 56.805 50.791 50.768 49.741 45.716 39.697 40.686 6.682 0.000 0.000 0.000 0.000 21.885 29.885 0.000 0.000 0.000 0.000 0.000 14.526 38.525 32.524 33.524 33.523 35.523 18.522 0.000 0.000 0.000 23.519 44.518 22.516 0.000 0.000 0.000 0.000 0.000 17.521
0.000 0.000 0.000 0.000 23.074 83.970 95.902 96.843 97.830 99.995 102.939 102.804 94.777 96.538 93.186 82.084 70.934 42.853 0.000 0.000 0.000 46.425 67.284 53.146 45.019 58.899 70.785 58.683 61.601 62.552 49.549 55.600 34.666 0.000 16.796 48.791 44.780 51.762 46.741 38.720 37.705 41.696 3.692 0.000 0.000 0.000 0.000 8.885 48.885 0.000 0.000 0.000 0.000 0.000 0.000 20.524 35.523 33.522 33.522 33.521 41.521 0.000 0.000 0.000 0.000 25.516 36.515 42.515 0.000 0.000 0.000 0.000 0.000
0.000 0.000 0.000 0.000 66.178 92.114 98.054 96.946 97.198 95.261 103.067 95.065 96.826 91.392 80.321 55.198 0.000 0.000 0.000 0.000 46.691 67.566 54.435 43.306 43.183 45.068 55.963 70.872 61.800 46.752 54.731 56.731 30.731 0.000 13.790 73.785 60.775 49.759 43.740 39.720 36.708 37.701 31.697 0.000 0.000 0.000 0.000 0.000 27.884 0.000 0.000 0.000 0.000 0.000 0.000 0.521 37.521 33.521 33.521 33.520 35.520 19.519 0.000 0.000 0.000 6.515 33.515 36.514 0.000 0.000 0.000 0.000 0.000
0.000 0.000 0.000 69.460 66.346 72.265 87.171 98.335 95.385 103.306 103.189 95.998 91.682 80.533 59.424 0.000 0.000 28.579 0.000 0.000 71.816 54.712 43.586 44.459 43.338 46.227 60.127 69.042 69.974 53.925 49.892 60.863 34.797 0.000 0.000 4.781 17.778 0.000 0.000 9.711 40.706 47.702 48.700 34.700 0.000 0.000 0.000 0.000 0.000 0.000 0.000 0.000 0.000 0.000 0.000 1.519 37.520 36.520 39.520 34.519 31.519 40.519 0.000 0.000 0.000 13.514 47.514 52.514 0.000 0.000 0.000 0.000 0.000
0.000 0.000 8.672 70.575 67.481 68.400 78.371 94.527 103.528 103.418 95.282 92.044 79.712 53.635 0.000 0.000 45.636 44.579 26.467 10.295 60.046 43.880 44.738 43.606 44.485 59.375 65.278 29.195 20.130 72.081 58.049 36.031 0.000 0.000 0.000 0.000 0.000 0.000 0.000 6.706 58.704 52.702 49.700 45.700 0.699 0.000 0.000 0.000 0.000 0.000 0.000 0.000 0.000 0.000 0.000 25.518 34.519 9.519 0.000 9.519 34.518 38.518 0.000 0.000 0.000 15.514 51.514 20.514 0.000 0.000 0.000 0.000 0.000
0.000 83.847 71.768 68.686 66.610 67.486 68.725 72.782 103.634 94.525 90.284 79.872 53.827 0.000 0.000 0.000 49.693 47.635 67.526 51.374 44.191 45.027 43.878 46.743 66.620 63.510 44.413 40.332 45.268 73.221 70.193 34.182 0.000 0.000 0.000 0.000 0.000 0.000 0.000 6.705 65.703 65.701 60.700 51.699 0.000 0.000 0.000 0.000 0.000 0.000 0.000 0.000 0.000 0.000 0.000 37.518 39.518 0.000 0.000 0.000 37.518 38.518 0.000 0.000 0.000 0.000 22.514 0.000 0.000 0.000 0.000 0.000 0.000
0.103 81.925 95.869 87.799 72.702 73.856 65.899 103.834 103.736 73.404 78.082 53.979 0.000 0.000 0.000 0.000 51.808 64.743 62.629 44.482 44.318 44.157 55.006 66.868 55.743 44.631 44.534 44.453 45.389 54.343 72.319 68.322 29.377 0.000 0.000 0.000 0.000 0.000 0.000 0.000 51.701 53.700 65.699 66.699 22.698 0.000 0.000 0.000 0.000 0.000 0.000 0.000 0.000 0.000 29.517 39.517 16.517 0.000 0.000 0.000 38.517 36.517 0.000 0.000 0.000 0.000 0.000 0.000 0.000 0.000 0.000 0.000 0.000
18.154 95.059 97.984 97.912 92.882 83.033 104.025 103.930 65.537 60.329 0.000 0.000 0.000 0.000 0.000 0.000 62.988 67.899 43.766 45.608 45.441 57.277 66.122 47.980 44.852 44.738 44.639 44.557 44.491 44.444 53.417 73.412 66.431 40.463 31.475 35.478 4.479 0.000 0.000 0.000 0.000 31.699 71.699 71.698 32.698 0.000 0.000 0.000 0.000 0.000 0.000 0.000 0.000 0.000 18.517 17.517 0.000 0.000 0.000 0.000 18.517 45.517 0.000 0.000 0.000 0.000 0.000 0.000 0.000 0.000 0.000 0.000 0.000
88.250 98.171 98.103 97.985 102.223 93.277 104.119 65.597 68.267 63.035 0.000 0.000 0.000 0.000 0.000 56.450 68.258 45.098 45.926 45.745 53.563 66.388 44.226 45.079 44.946 44.829 44.728 44.643 44.576 44.526 44.493 48.476 49.475 44.482 45.485 52.481 34.480 0.000 0.000 0.000 0.000 0.000 26.698 62.697 25.697 0.000 0.000 0.000 0.000 0.000 0.000 0.000 0.000 0.000 0.000 0.000 0.000 0.000 0.000 0.000 0.000 0.000 0.000 0.000 0.000 0.000 0.000 0.000 0.000 0.000 0.000 0.000 0.000
94.349 94.283 98.189 99.347 96.388 104.299 104.209 70.193 54.545 0.019 0.136 0.000 0.000 0.000 0.000 73.641 50.498 46.308 46.097 47.882 68.676 48.486 45.315 45.162 45.026 44.905 44.800 44.713 44.643 44.590 44.552 43.526 42.511 45.504 27.501 0.000 0.000 0.000 0.000 0.000 0.000 0.000 0.000 55.697 43.696 10.696 0.000 0.000 0.000 0.000 0.000 0.000 0.000 0.000 0.000 0.000 0.000 0.000 0.000 0.000 0.000 0.000 0.000 0.000 0.000 0.000 0.000 0.000 0.000 0.000 0.000 0.000 0.000
73.461 73.392 77.365 73.518 104.478 104.389 81.772 62.843 53.575 0.000 0.000 0.000 0.000 0.000 0.000 48.975 44.787 44.539 43.270 56.012 48.775 42.564 43.385 43.230 43.092 42.965 43.855 44.765 44.695 44.640 43.598 41.565 43.539 43.523 40.515 30.514 33.512 35.510 34.507 36.506 7.505 0.000 0.000 0.000 52.696 24.696 0.000 0.000 0.000 0.000 0.000 0.000 0.000 0.000 0.000 0.000 0.000 0.000 0.000 0.000 0.000 0.000 0.000 0.000 0.000 0.000 0.000 0.000 0.000 0.000 0.000 0.000 0.000
88.576 110.461 75.704 105.757 104.564 64.402 54.958 0.000 68.614 26.827 0.000 0.000 0.000 0.000 92.944 71.496 42.135 49.791 60.435 59.120 54.847 52.612 52.431 52.282 51.145 45.008 40.889 44.798 44.730 44.678 43.636 43.598 47.557 47.534 48.521 58.516 58.513 54.510 47.507 46.505 25.504 0.000 0.000 0.000 11.695 17.695 0.000 0.000 0.000 0.000 0.000 0.000 0.000 0.000 0.000 0.000 0.000 0.000 0.000 0.000 0.000 0.000 0.000 0.000 0.000 0.000 0.000 0.000 0.000 0.000 0.000 0.000 0.000
136.658 115.251 113.293 104.726 104.647 92.502 0.000 35.419 63.419 137.042 112.560 0.000 40.523 29.957 91.391 50.932 48.467 120.054 110.558 106.186 105.880 104.607 103.446 102.320 101.200 72.034 38.894 44.809 44.750 44.705 44.670 36.634 0.000 0.000 0.000 0.000 0.000 0.000 11.505 63.504 42.503 13.502 0.000 0.000 0.000 0.000 0.000 0.000 0.000 0.000 0.000 0.000 0.000 0.000 0.000 0.000 0.000 0.000 0.000 0.000 0.000 0.000 0.000 0.000 0.000 0.000 0.000 0.000 0.000 0.000 0.000 0.000 0.000
94.828 114.412 104.872 104.800 89.059 0.000 0.000 0.000 6.604 58.360 46.078 0.000 22.089 0.000 50.733 47.374 56.747 112.400 0.000 0.000 0.000 48.490 57.425 118.355 31.300 0.000 48.844 44.795 44.754 45.724 27.705 0.000 0.000 0.000 0.000 0.000 0.000 0.000 0.000 16.503 63.501 19.501 0.000 0.000 0.000 0.000 0.000 0.000 0.000 0.000 0.000 0.000 0.000 0.000 0.000 0.000 0.000 0.000 0.000 0.000 0.000 0.000 0.000 0.000 0.000 0.000 0.000 0.000 0.000 0.000 0.000 0.000 0.000
115.587 113.638 104.939 113.555 115.401 35.689 0.000 14.032 41.032 50.718 27.315 4.148 43.655 89.107 87.433 80.084 0.000 31.400 0.000 9.438 31.438 59.438 104.410 67.373 32.346 0.000 0.000 50.772 44.749 45.731 26.721 0.000 0.000 0.000 0.000 0.000 0.000 0.000 0.000 0.000 10.500 49.499 14.499 0.000 0.000 0.000 0.000 0.000 0.000 0.000 0.000 0.000 0.000 0.000 0.000 0.000 0.000 0.000 0.000 0.000 0.000 0.000 0.000 0.000 0.000 0.000 0.000 0.000 0.000 0.000 0.000 0.000 0.000
113.723 105.060 105.001 94.064 36.828 0.000 0.000 0.000 2.684 29.164 0.000 0.000 36.603 80.235 133.807 69.445 0.000 0.000 0.000 0.000 0.000 73.416 108.402 38.383 35.364 0.000 0.000 0.000 49.738 43.732 41.727 39.727 27.727 0.000 0.000 0.000 0.000 0.000 0.000 0.000 5.499 63.498 21.498 0.000 0.000 0.000 0.000 0.000 0.000 0.000 0.000 0.000 0.000 0.000 0.000 0.000 0.000 0.000 0.000 0.000 0.000 0.000 0.000 0.000 0.000 0.000 0.000 0.000 0.000 0.000 0.000 0.000 0.000
