results3/res_3e8f-0112.wd
ncols         241
nrows         181
xllcorner     12693529.787448
yllcorner     3542525.717860
cellsize      155.156523
NODATA_value  -9999.000000
[rows 33 to 65 of 181, columns 73 to 145 of 241]
0.000 0.000 0.000 0.000 0.000 0.000 0.000 0.000 0.000 0.000 0.000 0.000 0.000 0.000 0.000 0.000 0.000 0.000 0.000 0.000 0.000 0.000 0.000 0.000 0.000 0.000 0.000 0.000 0.000 0.000 0.000 0.000 0.000 0.000 0.000 0.000 0.000 0.000 0.000 37.129 60.130 65.132 21.134 0.000 0.000 30.208 44.235 11.216 2.218 34.238 37.254 31.253 32.237 33.204 33.156 33.090 33.007 31.903 37.768 57.562 4.142 12.058 9.407 44.627 61.110 65.643 64.207 64.817 63.363 65.461 60.527 60.113 60.102
0.000 0.000 0.000 0.000 0.000 0.000 0.000 0.000 0.000 0.000 0.000 0.000 0.000 0.000 0.000 0.000 0.000 0.000 0.000 0.000 0.000 0.000 0.000 0.000 0.000 0.000 0.000 0.000 0.000 0.000 0.000 0.000 0.000 0.000 0.000 0.000 0.000 0.000 0.000 0.000 12.130 7.131 0.000 0.000 0.000 0.000 26.321 0.000 0.000 24.278 48.317 47.321 37.306 33.273 33.221 33.149 33.058 31.951 53.831 51.696 0.000 34.943 47.536 60.994 65.494 65.026 64.604 64.119 65.189 61.215 60.483 60.733 63.042
0.000 0.000 0.000 0.000 0.000 0.000 0.000 0.000 0.000 0.000 0.000 0.000 0.000 0.000 0.000 0.000 0.000 0.000 32.789 64.789 17.789 0.000 0.000 0.000 0.000 0.000 0.000 0.000 0.000 0.000 0.000 0.000 0.000 0.000 0.000 0.000 0.000 0.000 0.000 0.000 0.000 0.000 0.000 0.000 0.000 0.000 18.406 0.000 0.000 0.000 26.414 44.410 44.394 35.361 33.306 33.227 31.126 47.011 55.909 0.000 20.626 45.233 59.800 66.320 65.841 65.395 64.882 66.922 62.914 60.983 61.373 63.703 62.954
0.000 0.000 0.000 0.000 0.000 0.000 0.000 0.000 0.000 0.000 0.000 19.790 57.790 0.000 0.000 0.000 0.000 0.000 39.789 90.789 46.789 0.000 0.000 0.000 0.000 0.000 0.000 0.000 0.000 0.000 0.000 0.000 0.000 0.000 0.000 0.000 0.000 0.000 0.000 0.000 0.000 0.000 0.000 0.000 0.000 0.000 21.492 22.531 29.549 15.548 25.515 33.509 46.499 37.472 33.416 30.327 41.207 51.058 39.884 15.549 45.019 62.565 67.111 66.641 66.185 65.651 65.662 64.627 61.596 62.030 64.370 63.624 63.396
0.000 0.000 0.000 0.000 0.000 0.000 0.000 0.000 0.000 0.000 0.000 40.790 75.790 64.790 51.790 6.790 0.790 24.790 78.789 86.789 51.789 0.000 0.000 0.000 0.000 20.560 0.000 0.000 0.000 0.000 0.000 0.000 0.000 0.000 0.000 0.000 0.000 4.567 0.000 0.000 0.000 8.568 26.568 0.000 0.000 37.549 52.538 55.552 53.567 39.580 33.591 32.610 46.623 37.611 29.559 43.457 57.317 45.132 33.021 47.743 52.336 64.896 67.435 66.976 66.427 66.411 64.355 62.323 62.710 65.052 64.308 64.080 63.754
0.000 0.000 0.000 0.000 0.000 0.000 0.000 0.000 0.000 0.000 0.000 11.790 73.790 56.790 37.791 0.000 20.790 70.790 81.790 88.789 47.789 0.000 0.000 0.000 0.000 58.560 42.560 0.000 0.000 0.000 0.000 0.000 0.000 0.000 0.000 0.000 21.567 33.567 35.567 0.000 0.000 17.568 42.568 21.567 35.565 58.561 61.560 62.570 59.588 46.615 33.658 30.717 47.772 38.791 42.750 60.626 54.472 0.000 31.323 50.066 62.686 68.246 67.786 67.225 67.180 65.108 63.179 63.418 65.754 65.013 64.784 64.453 64.130
0.000 0.000 0.000 0.000 0.000 0.000 0.000 0.000 0.000 0.000 0.000 0.000 0.000 24.791 62.791 58.791 46.791 59.790 79.790 90.789 43.788 0.000 0.000 0.000 0.000 20.560 44.560 46.560 0.000 0.000 0.000 0.000 0.000 0.000 0.000 0.000 37.567 38.567 50.567 33.567 22.568 36.568 37.568 33.568 40.568 47.568 45.572 38.582 57.600 23.635 39.707 42.829 32.958 45.029 58.026 54.826 0.000 6.313 42.884 59.512 68.099 68.629 68.069 67.989 64.907 64.208 64.165 66.486 65.745 65.515 65.180 64.849 64.505
0.000 0.000 0.000 0.000 0.000 0.000 0.000 0.000 0.000 0.000 0.000 0.000 0.000 14.791 81.791 76.791 66.792 56.791 80.790 88.789 83.787 68.784 23.782 0.000 0.000 0.000 0.560 54.560 38.560 36.561 47.561 42.561 5.561 0.000 0.000 1.567 37.567 36.567 57.567 63.567 52.568 44.568 36.569 33.569 34.570 35.572 34.576 32.584 40.596 1.616 0.000 2.040 38.204 61.340 59.499 0.000 5.079 42.744 56.383 66.010 69.536 69.085 69.849 65.786 65.489 64.972 67.257 66.512 66.276 65.939 65.605 65.253 64.881
0.000 0.000 0.000 0.000 0.000 0.000 0.000 0.000 0.000 0.000 0.000 0.000 0.000 0.000 14.791 53.792 28.793 64.793 83.792 88.790 86.787 84.783 73.780 32.777 0.000 0.000 0.000 10.560 49.560 49.561 62.561 60.561 53.561 48.562 0.000 0.000 4.566 41.567 60.567 67.568 59.568 43.569 32.570 33.571 33.572 33.574 33.578 33.582 37.587 0.000 0.000 0.000 8.416 45.629 15.131 12.501 47.415 52.195 63.917 70.508 70.347 68.571 66.881 67.158 65.876 68.088 67.326 67.073 66.728 66.393 66.044 65.676 65.269
0.000 0.000 0.000 0.000 0.000 0.000 0.000 0.000 0.000 0.000 0.000 0.000 0.000 0.000 0.000 0.000 85.795 85.795 87.794 87.791 86.787 80.782 74.778 45.775 0.000 0.000 0.000 0.000 0.000 17.561 62.561 56.561 71.562 68.562 47.563 26.564 27.566 36.567 58.567 67.568 58.568 41.569 31.570 36.571 35.573 33.575 33.578 33.580 34.582 26.582 0.000 0.000 0.000 0.000 6.895 49.958 52.883 60.728 71.439 71.540 69.891 71.744 69.430 66.937 69.012 68.206 67.917 67.549 67.201 66.853 66.503 66.139 64.714
0.000 0.000 0.000 0.000 0.000 0.000 20.709 43.706 0.000 21.652 61.642 50.630 54.620 29.614 0.000 0.000 21.797 93.798 87.798 84.795 81.788 84.781 75.773 38.769 0.000 0.000 0.000 0.000 0.000 0.000 0.000 6.561 60.562 61.562 12.562 0.000 3.566 40.567 58.567 63.568 53.568 44.569 42.570 4.572 11.573 39.576 33.577 33.579 34.581 40.581 48.581 10.581 0.000 0.000 22.595 55.553 59.444 70.248 72.456 72.085 75.392 73.952 68.317 70.078 69.178 68.821 68.411 68.035 67.670 67.317 66.977 66.662 72.418
0.000 0.000 0.000 0.000 0.000 0.000 20.712 63.704 5.686 55.662 57.644 69.629 52.616 37.608 0.000 0.000 9.799 78.801 90.806 87.801 87.791 88.779 82.767 36.759 0.000 0.000 0.000 0.000 0.000 0.000 0.000 0.000 0.000 45.562 4.562 0.000 0.000 46.567 43.567 55.568 12.568 0.000 0.000 0.000 0.000 5.577 43.577 37.578 0.580 30.581 64.581 47.581 0.580 0.000 27.345 61.185 70.084 73.201 72.954 77.152 76.410 69.710 71.227 70.230 69.787 69.318 68.900 68.505 68.128 67.767 67.425 67.116 71.877
18.961 62.958 52.956 0.000 0.000 0.000 14.722 74.712 50.691 52.667 58.644 82.624 83.607 78.593 32.580 0.000 0.000 0.000 38.823 92.813 87.797 88.776 85.756 44.741 0.000 0.000 0.000 0.000 0.000 0.000 0.000 0.000 0.000 3.562 0.000 0.000 0.000 0.000 0.000 0.000 0.000 0.000 0.000 0.000 0.000 0.000 0.000 18.578 15.579 0.000 0.000 0.000 0.000 16.757 54.172 71.123 72.795 73.725 78.085 77.700 70.758 72.278 71.275 70.775 70.255 69.793 69.363 68.956 68.569 68.198 67.841 67.500 70.162
18.961 74.958 56.954 52.948 0.000 0.000 1.744 66.729 68.700 68.670 80.641 77.617 89.596 88.579 49.567 0.000 0.000 0.000 14.849 94.833 87.806 88.773 85.739 45.709 0.000 0.000 6.318 54.284 66.246 35.221 0.000 0.000 0.000 0.000 0.000 0.000 0.000 0.000 0.000 0.000 0.000 0.000 0.000 0.000 0.000 0.000 0.000 0.000 3.579 0.000 0.000 0.000 14.725 55.230 72.187 72.767 78.988 78.477 72.055 72.600 73.074 72.224 71.721 71.183 70.693 70.233 69.801 69.390 68.995 68.613 68.243 74.881 15.521
82.963 79.959 58.952 59.943 51.932 0.000 56.784 51.761 59.711 72.671 76.633 87.606 88.580 87.559 56.542 0.000 0.000 0.000 13.891 93.864 87.822 88.772 83.716 63.649 47.543 48.446 48.352 56.287 77.234 44.196 0.000 0.000 0.000 0.000 0.000 0.000 0.000 0.000 0.000 0.000 0.000 0.000 0.000 0.000 0.000 0.000 0.000 0.000 0.000 0.000 12.825 43.600 53.104 72.086 73.674 80.351 79.750 72.612 74.314 73.629 73.063 72.578 72.060 71.567 71.096 70.647 70.218 69.806 69.407 69.018 75.637 21.259 0.000
79.966 74.961 72.953 55.941 59.920 59.887 50.842 43.822 0.000 0.000 18.613 77.593 88.562 86.534 71.501 38.454 0.000 1.088 62.961 83.908 88.846 87.777 88.705 78.626 54.535 51.444 50.357 59.279 77.207 60.132 46.028 46.946 50.885 61.848 25.833 0.000 0.000 0.000 0.000 0.000 0.000 0.000 0.000 0.000 0.000 0.000 0.000 0.000 0.000 0.000 24.027 63.864 71.808 74.453 81.236 80.838 73.348 74.999 74.203 73.812 73.348 72.868 72.394 71.928 71.476 71.040 70.619 70.209 69.810 75.416 22.026 0.000 0.000
68.971 20.967 88.959 59.947 53.922 54.898 56.875 56.863 45.872 0.000 0.000 0.000 22.539 93.514 83.472 61.408 53.303 60.183 59.056 60.963 68.875 69.787 56.700 53.614 51.526 51.438 50.351 59.267 74.183 53.097 50.005 54.924 70.862 73.825 58.818 32.818 0.000 0.000 0.000 0.000 0.000 0.000 0.000 0.000 0.000 0.000 0.000 0.000 0.000 14.876 56.716 72.323 75.160 81.798 81.556 74.055 75.683 74.883 74.509 74.061 73.615 73.165 72.716 72.274 71.841 71.419 71.007 70.604 76.206 21.811 0.000 0.000 0.000
14.978 87.975 88.971 74.965 0.000 1.910 61.896 57.884 68.880 59.880 0.000 0.000 1.542 81.512 78.467 63.402 54.317 51.219 51.116 54.014 66.903 74.796 77.695 70.605 60.518 53.431 52.343 68.253 71.162 46.068 49.973 49.885 50.813 54.773 33.796 0.000 0.000 0.000 4.383 0.000 0.000 0.000 0.000 0.000 0.000 0.000 0.000 18.109 49.777 57.630 71.140 82.458 82.068 75.127 75.714 76.267 75.564 75.185 74.746 74.320 73.889 73.459 73.032 72.610 72.195 71.788 72.387 78.992 22.599 0.000 0.000 0.000 0.000
92.986 88.986 88.983 88.976 75.964 58.936 58.914 58.897 49.885 0.000 15.629 22.615 74.574 71.531 74.480 67.418 68.344 68.262 68.173 71.075 65.926 65.800 67.678 71.592 72.510 70.426 66.337 77.242 75.142 63.039 63.933 63.829 65.733 40.660 0.000 0.000 0.000 0.000 5.383 0.000 0.000 0.000 0.000 0.000 0.000 4.974 52.761 53.330 74.345 74.900 83.549 83.060 77.625 77.331 76.709 76.230 75.839 75.412 74.996 74.579 74.164 73.751 73.342 72.940 72.543 73.151 76.763 9.377 0.000 0.000 0.000 0.000 0.000
91.994 87.999 88.000 88.994 85.979 63.955 57.929 58.904 59.878 51.847 0.735 66.643 63.604 64.557 65.504 60.445 64.379 69.310 77.242 62.186 0.000 0.000 12.626 70.574 66.504 66.426 66.336 66.235 66.127 66.013 65.892 65.765 63.629 58.473 31.265 0.000 6.921 50.694 57.383 69.062 38.810 0.000 0.000 0.000 0.000 54.164 64.973 76.903 77.539 84.294 83.955 78.287 77.953 77.207 76.867 76.466 76.056 75.649 75.242 74.838 74.436 74.038 73.647 73.263 73.884 76.509 24.136 0.000 0.000 0.000 0.000 0.000 0.000
78.002 78.016 78.025 89.020 89.003 78.977 54.944 57.911 58.876 58.834 64.771 73.697 57.641 54.589 52.535 59.478 74.418 73.357 58.298 38.242 0.000 0.000 0.000 0.000 55.508 50.438 50.344 50.237 50.119 50.993 53.858 54.711 54.544 53.338 54.057 52.621 52.148 60.778 67.394 64.992 71.559 68.984 63.450 60.926 63.301 74.869 78.368 78.157 84.789 84.573 78.937 78.581 77.821 77.484 77.078 76.680 76.281 75.882 75.487 75.094 74.703 74.319 73.946 74.582 75.223 13.866 0.000 0.000 0.000 0.000 0.000 0.000 0.000
0.000 44.039 56.062 84.058 88.038 69.004 51.961 50.919 58.882 58.842 57.792 51.733 52.674 58.623 75.570 74.515 57.457 50.403 40.350 0.000 59.971 68.915 64.827 65.717 68.581 71.474 70.366 71.249 74.119 72.981 69.836 71.678 66.497 52.279 56.005 54.658 59.272 76.877 83.423 79.953 73.450 67.939 69.461 75.913 80.755 79.163 85.395 85.039 78.941 80.544 79.120 78.449 78.099 77.689 77.293 76.897 76.503 76.114 75.729 75.346 74.965 75.589 73.235 68.895 20.559 0.000 0.000 0.000 0.000 0.000 0.000 0.000 0.000
0.000 0.000 49.127 68.113 79.086 54.040 45.975 52.924 50.890 57.859 58.821 58.768 51.700 68.658 60.609 49.552 52.494 44.446 0.000 69.110 72.028 71.945 73.851 74.743 77.624 81.511 80.398 80.274 80.127 81.976 82.827 80.667 68.486 54.276 56.026 55.734 55.406 58.033 31.468 3.947 93.347 134.882 112.402 78.330 79.842 86.386 85.937 79.399 82.121 79.527 79.075 78.707 78.302 77.905 77.507 77.111 76.721 76.341 75.969 75.598 77.220 71.838 60.512 15.203 0.000 0.000 0.000 0.000 0.000 0.000 0.000 0.000 37.773
1.437 0.000 4.206 25.180 60.153 42.097 0.000 47.910 52.897 52.883 58.866 47.817 0.000 52.700 50.655 52.592 53.521 63.441 77.331 74.192 76.086 81.988 91.887 135.779 132.661 132.549 132.442 132.322 133.139 116.968 48.828 51.678 49.506 57.311 56.091 52.845 50.583 32.384 0.000 0.000 2.055 59.716 76.757 81.362 87.088 86.765 79.010 80.703 79.994 79.681 79.303 78.912 78.518 78.119 77.718 77.318 76.930 76.561 77.207 75.858 67.480 56.029 13.771 0.000 0.000 0.000 0.000 0.000 0.000 0.000 0.000 28.926 49.856
75.429 23.389 12.311 75.247 53.250 0.000 0.000 0.000 46.904 59.910 51.944 0.000 4.870 60.788 51.717 62.641 75.558 75.466 80.359 83.243 76.135 62.032 52.932 48.827 46.690 49.583 50.498 37.432 0.000 53.930 50.841 49.709 53.551 57.371 54.181 45.974 52.697 33.534 0.000 0.000 55.001 72.029 81.771 87.581 87.361 79.604 81.283 80.571 80.270 79.893 79.515 79.129 78.735 78.335 77.928 77.514 77.121 77.763 73.442 62.146 18.813 0.000 0.000 0.000 0.000 0.000 0.000 0.000 0.000 0.000 0.000 46.997 45.941
85.446 93.428 81.403 0.000 10.350 4.450 0.000 0.000 0.000 0.000 56.056 54.040 61.951 58.866 58.783 58.697 75.604 89.505 78.397 58.286 56.178 51.075 52.980 43.906 0.000 55.596 52.535 41.477 0.000 54.982 49.894 50.769 57.615 55.442 53.286 35.174 0.000 0.295 51.563 49.440 66.249 82.177 87.855 80.551 81.114 81.768 81.157 80.855 80.484 80.117 79.738 79.351 78.958 78.560 78.144 78.689 78.278 67.929 52.652 15.472 0.000 0.000 0.000 0.000 0.000 0.000 0.000 0.000 22.385 21.339 36.254 48.123 36.037
75.473 79.472 69.470 0.000 0.000 69.550 62.578 56.572 0.487 8.287 74.185 71.113 58.029 58.943 58.853 59.758 80.658 132.551 125.439 72.326 127.215 48.109 52.008 51.912 53.802 51.670 51.569 51.463 53.314 49.121 48.987 57.855 56.700 53.497 48.348 37.261 0.000 0.000 53.674 60.544 82.569 81.468 88.217 81.600 82.182 81.726 81.429 81.075 80.718 80.349 79.970 79.581 79.187 78.802 80.398 75.820 57.373 44.022 45.764 11.618 0.000 0.000 0.000 0.000 0.000 0.000 0.000 0.000 31.431 36.378 50.300 44.205 34.121
71.502 66.518 10.534 0.000 0.684 52.623 61.610 58.574 76.499 70.381 75.282 83.197 74.111 59.022 58.927 58.826 57.718 51.603 46.483 51.364 48.248 52.137 52.033 51.930 51.825 51.714 51.607 51.493 50.357 55.203 57.076 57.966 41.833 0.000 41.348 0.000 0.000 0.000 57.886 79.823 83.844 89.226 88.756 81.696 82.344 81.980 81.660 81.319 80.962 80.591 80.211 79.815 79.406 78.063 39.827 0.000 0.000 0.000 0.000 0.000 0.000 0.000 0.000 27.904 22.871 21.817 20.746 24.654 33.530 49.444 43.361 34.277 44.197
63.528 54.562 59.615 4.705 57.732 53.701 52.666 70.616 63.544 79.454 88.366 68.282 54.196 52.106 55.008 57.901 58.785 58.659 51.528 50.398 51.275 51.161 52.054 51.952 51.853 56.753 53.652 50.544 51.418 54.257 58.149 47.099 0.000 0.000 0.000 0.000 13.608 133.489 77.199 84.227 82.210 89.640 81.527 84.040 85.518 82.239 81.915 81.576 81.218 80.844 81.467 78.062 65.561 56.215 14.021 0.000 0.000 0.000 0.000 0.000 0.000 0.000 29.988 29.937 29.891 30.836 30.767 31.685 45.592 45.506 29.425 32.345 34.269
38.544 39.588 33.657 57.770 53.799 52.781 63.739 67.679 78.606 85.527 51.447 50.368 51.286 53.197 52.098 48.986 56.860 57.720 58.571 57.425 51.293 50.176 49.070 49.973 55.881 114.793 82.705 62.613 45.516 0.000 60.165 68.181 0.000 0.000 0.000 0.000 57.730 68.632 85.517 83.557 90.362 90.015 82.622 83.146 83.806 82.507 82.189 81.852 81.492 82.099 80.751 33.406 0.000 0.000 0.000 0.000 0.000 0.000 0.000 0.000 0.000 0.000 37.039 32.966 29.921 30.868 28.802 40.727 47.646 31.565 32.487 40.410 38.336
0.000 0.000 0.000 50.917 53.913 55.884 76.830 87.754 101.674 83.599 12.528 69.458 69.383 53.299 53.201 52.086 49.950 52.791 58.609 56.438 57.298 59.180 57.078 54.988 50.906 45.832 50.763 45.688 0.000 0.000 0.000 54.280 46.305 0.000 0.000 0.322 67.949 84.829 84.911 82.930 90.680 82.357 84.852 86.353 83.090 82.793 82.482 82.151 81.800 79.310 34.030 0.000 0.000 0.000 0.000 0.000 0.000 0.000 0.000 0.000 0.000 36.231 6.164 0.000 37.960 27.912 38.847 50.775 38.699 33.623 38.547 42.473 35.401
0.000 0.000 0.000 49.069 55.053 71.013 81.942 129.834 123.739 125.666 131.607 127.552 128.489 53.414 53.322 52.206 52.063 50.885 45.638 55.420 57.279 58.169 56.075 57.994 57.924 58.866 51.826 0.000 0.000 0.000 0.000 55.354 40.329 0.000 0.000 59.449 81.246 85.182 84.168 91.258 90.976 83.420 83.962 84.646 83.378 83.096 82.795 83.470 58.246 0.000 0.000 0.000 0.000 0.000 0.000 0.000 0.000 0.000 48.517 37.472 27.399 31.299 31.221 32.153 32.048 34.972 47.901 44.828 39.754 40.679 38.606 36.534 32.463
15.255 0.000 0.000 50.236 67.216 75.173 81.091 51.902 50.781 49.720 46.684 47.652 47.609 53.547 53.465 69.355 69.210 45.047 0.000 42.325 55.230 57.143 55.059 56.988 56.929 57.881 53.849 0.000 0.000 0.000 53.552 38.453 0.000 0.000 60.799 69.651 86.499 85.395 84.571 91.520 83.107 85.629 88.160 83.931 83.678 83.420 82.130 69.689 28.467 0.000 0.000 0.000 0.000 0.000 34.744 29.727 29.691 29.638 33.563 45.499 48.427 34.346 29.268 31.191 33.107 48.029 46.955 32.881 41.808 42.735 41.663 34.593 30.524
