results3/res_3e8f-0106.wd
ncols         241
nrows         181
xllcorner     12693529.787448
yllcorner     3542525.717860
cellsize      155.156523
NODATA_value  -9999.000000
[rows 132 to 164 of 181, columns 0 to 72 of 241]
94.018 99.018 103.017 103.016 105.015 105.014 99.012 90.010 76.008 65.005 64.002 64.998 63.994 62.989 67.984 81.978 92.971 97.963 97.954 94.943 86.930 77.915 68.896 62.873 67.842 69.807 68.766 69.720 67.681 62.645 76.611 99.578 66.550 0.000 0.000 0.000 6.188 58.180 70.174 67.148 69.126 75.110 93.103 79.101 63.101 62.103 62.107 74.112 95.118 36.124 9.131 4.147 0.000 0.000 0.000 0.000 0.000 0.000 0.000 0.000 0.000 0.000 0.000 0.000 25.882 5.803 9.724 50.624 73.477 77.375 77.266 87.350 114.814
72.023 74.022 77.022 83.021 93.020 99.018 104.017 104.014 97.012 83.009 72.006 66.002 69.998 76.993 89.987 104.981 103.974 100.966 100.957 103.946 103.933 99.918 87.900 75.878 67.851 62.822 63.789 62.754 63.722 71.693 93.667 101.645 13.631 0.000 0.000 0.000 16.196 44.204 62.235 71.228 72.210 69.188 70.183 80.180 75.177 68.173 72.168 80.164 93.161 34.159 20.154 26.162 6.171 0.000 0.000 0.000 0.000 0.000 0.000 0.000 0.000 0.000 0.000 0.000 7.961 0.000 57.749 79.668 75.546 84.517 75.578 114.939 103.697
64.027 64.027 64.027 66.026 71.025 75.023 82.021 91.019 99.017 102.014 96.010 94.006 96.002 98.997 97.992 90.985 81.978 79.970 79.961 84.950 90.938 97.923 100.907 99.887 88.864 78.840 73.813 71.786 80.761 96.738 97.719 83.705 16.699 0.000 0.000 0.000 0.000 0.000 45.334 72.321 51.296 39.249 54.262 69.260 84.253 88.242 90.229 91.216 87.204 14.195 1.176 29.177 26.180 14.183 20.184 14.184 0.000 0.000 0.000 0.000 0.000 0.000 42.186 12.133 78.039 99.972 132.824 88.795 83.845 64.800 100.863 105.376 105.281
65.032 65.032 65.032 65.031 64.030 63.028 65.026 70.024 76.022 86.019 96.015 98.011 91.007 81.002 74.997 66.990 62.984 62.976 62.967 64.957 69.945 75.932 82.916 94.899 99.880 101.859 100.838 96.816 99.796 92.779 74.765 66.758 45.760 3.783 0.000 0.000 0.000 0.000 38.447 71.424 14.406 0.000 47.356 72.346 91.331 99.313 85.291 88.266 74.245 32.231 0.000 56.191 25.188 17.185 28.185 28.184 0.000 0.000 0.000 0.000 0.000 29.294 48.238 121.177 150.097 132.976 116.528 115.472 107.141 105.779 105.653 105.519 70.741
65.038 65.038 65.037 65.036 65.035 65.034 65.032 64.030 64.027 67.024 73.021 72.017 68.013 64.008 64.002 63.996 64.990 64.982 64.974 64.965 63.954 62.942 64.928 70.913 77.897 86.880 94.862 90.845 79.830 67.816 63.806 68.800 76.800 52.807 30.809 30.792 16.755 17.691 53.583 74.522 24.499 6.506 66.461 98.436 100.414 79.388 82.355 81.312 69.278 58.254 9.230 37.206 11.198 0.028 12.185 0.000 1.816 0.000 0.000 0.000 0.000 10.351 73.295 79.212 75.197 76.355 74.327 106.116 106.010 105.898 73.094 75.870 77.740
65.044 65.043 65.043 65.042 65.041 65.040 65.038 65.036 65.033 65.031 64.027 64.023 64.019 65.014 65.008 65.003 64.997 64.990 64.982 64.974 64.964 64.953 64.941 63.928 62.915 63.901 67.887 65.873 64.861 68.850 71.842 70.837 68.835 70.834 70.828 67.812 67.783 71.736 46.670 32.584 21.559 39.560 84.544 98.524 78.501 71.471 70.430 50.347 46.301 9.278 0.000 0.000 0.067 2.108 0.000 0.000 5.816 20.789 35.741 5.673 19.587 82.435 89.420 87.489 85.473 86.552 106.313 106.217 87.344 94.134 86.987 92.758 84.599
65.049 65.049 65.049 65.048 65.047 65.046 65.044 65.042 65.040 65.037 65.034 65.030 65.025 65.020 65.015 65.010 65.005 64.998 64.992 63.984 70.975 72.966 64.956 63.945 62.933 63.922 65.910 68.900 71.890 70.882 65.876 66.871 73.868 76.865 72.858 66.846 63.827 72.801 3.776 0.000 6.595 79.631 88.630 75.615 67.593 87.567 33.545 0.000 0.000 0.071 1.114 1.114 1.112 2.109 0.000 0.000 30.842 72.811 101.763 62.696 95.577 103.731 100.691 99.780 106.585 106.498 106.408 99.431 101.308 101.005 99.865 98.796 16.711
65.056 65.055 65.055 65.054 65.053 65.052 65.051 65.049 65.047 65.044 68.041 68.037 66.032 70.026 68.021 65.017 65.013 65.008 64.002 61.995 72.988 80.979 66.971 63.961 65.952 68.943 70.933 69.925 66.918 68.912 73.907 75.904 76.901 76.899 71.894 65.887 74.877 93.866 12.857 0.000 0.000 53.739 76.731 73.714 77.688 97.658 31.638 0.000 1.114 1.114 1.115 1.116 1.112 3.109 0.000 28.955 80.902 96.848 99.777 104.773 101.936 98.924 106.822 106.747 106.668 98.745 99.530 100.402 100.082 100.053 92.985 69.891 0.000
65.062 65.062 65.062 65.061 65.060 65.059 65.058 65.056 65.055 66.052 73.049 73.046 50.041 18.031 39.027 69.025 63.022 66.018 72.013 75.007 75.001 70.993 66.986 67.978 70.971 69.963 68.956 70.950 74.944 74.940 76.938 75.936 66.935 61.934 63.933 76.931 95.929 105.928 27.929 0.000 0.000 28.854 84.842 86.822 93.789 92.739 28.711 0.000 1.114 0.000 0.125 1.125 0.000 7.107 33.074 77.016 98.931 101.945 101.032 101.032 100.124 106.964 106.894 98.953 99.753 100.614 100.400 100.255 100.212 92.145 84.103 0.000 0.000
65.069 65.069 65.068 65.068 65.067 65.066 65.065 65.064 65.063 67.061 76.058 87.056 63.053 0.048 6.031 54.034 80.033 72.029 70.025 70.020 68.014 67.008 69.002 70.995 68.989 64.983 66.978 78.973 80.970 70.968 64.967 61.967 61.968 66.970 80.972 96.976 93.980 77.988 50.003 18.037 12.034 55.981 84.960 66.943 57.905 49.800 14.755 0.000 0.000 20.137 11.136 1.133 0.000 26.140 77.107 99.018 101.210 100.200 100.307 107.163 107.099 107.033 99.016 100.900 100.612 100.486 100.430 100.357 94.281 81.217 71.181 0.000 0.000
65.076 65.076 65.075 65.075 65.074 65.074 65.073 65.072 65.071 67.069 77.068 64.066 20.063 2.069 0.000 22.048 76.045 68.042 70.037 69.033 67.028 70.023 71.017 68.012 65.007 61.002 70.998 84.996 71.994 61.994 62.995 67.997 78.001 89.006 100.011 93.018 71.028 66.040 85.056 92.076 93.083 97.075 72.076 33.083 5.090 0.000 0.000 0.000 0.000 33.137 20.138 0.242 31.249 77.181 99.197 101.382 100.398 107.337 107.282 107.224 99.286 100.084 100.973 100.671 100.655 100.595 100.520 101.428 89.348 60.262 49.221 7.221 1.221
64.083 64.083 65.082 65.082 65.082 65.081 65.081 65.080 65.079 68.079 78.078 49.077 0.000 8.076 46.074 48.064 65.059 67.055 55.051 37.046 75.042 70.038 66.033 65.029 63.025 65.021 81.018 84.017 66.017 69.019 81.022 90.027 99.033 97.040 85.049 71.059 64.072 80.088 84.107 72.128 53.146 51.162 39.187 19.223 8.281 2.422 0.615 20.684 15.686 0.000 0.000 25.331 77.350 100.448 101.465 99.574 107.443 107.391 99.452 100.263 101.140 100.946 100.823 100.799 100.746 100.695 103.624 67.491 47.419 0.000 0.000 0.000 0.000
73.091 71.090 68.089 66.089 63.089 63.089 63.089 63.089 62.088 67.088 79.087 62.087 43.089 51.085 69.081 65.076 62.071 68.067 63.064 50.060 70.057 64.053 63.049 63.045 65.042 79.039 87.037 53.036 45.038 95.042 100.048 95.055 84.063 74.073 66.084 62.098 73.114 85.133 53.156 28.182 11.211 2.245 19.286 18.341 8.416 9.522 12.637 40.691 24.689 0.000 0.000 57.583 99.611 98.730 107.590 107.543 107.494 99.490 101.382 101.107 100.999 100.968 102.924 97.873 99.842 100.814 111.792 0.000 0.000 0.000 0.000 0.000 0.000
74.099 76.098 82.096 83.095 83.096 80.097 81.097 80.097 79.097 79.097 81.096 64.096 68.096 67.093 64.090 67.087 67.083 66.080 71.077 73.074 67.071 61.068 63.065 65.062 79.059 84.056 73.054 67.054 76.057 99.063 82.072 73.082 65.093 63.104 65.118 64.134 78.153 87.175 51.202 27.233 15.270 17.316 20.372 12.440 13.521 19.614 21.701 14.755 0.000 0.000 35.816 77.826 107.718 107.678 107.635 99.727 100.532 101.429 101.137 101.133 102.090 102.044 74.999 52.936 87.934 101.928 106.938 46.996 0.000 0.000 0.000 0.000 0.000
67.108 61.106 14.101 16.100 25.104 72.106 69.106 69.106 69.106 73.106 82.105 63.105 64.104 63.102 66.100 70.098 71.095 69.093 68.090 71.088 72.085 69.083 63.081 80.078 86.075 77.072 83.069 100.069 97.072 79.081 67.095 63.108 65.121 65.134 64.149 69.167 85.188 87.213 79.243 82.278 53.322 15.376 7.445 6.526 18.615 25.710 15.800 12.874 4.900 31.020 79.002 107.794 107.757 99.872 100.680 101.565 101.378 101.263 101.247 102.199 100.158 94.117 19.095 0.000 70.031 105.027 102.034 101.054 0.000 0.000 0.000 0.000 0.000
65.119 57.119 0.000 0.000 7.115 68.115 64.115 64.115 64.115 68.115 82.115 60.114 64.113 68.112 70.110 71.109 68.107 65.105 63.103 65.102 75.100 88.098 83.097 84.095 61.092 55.088 107.082 93.079 60.082 20.094 40.120 68.135 65.148 65.162 67.178 60.197 44.220 34.247 46.278 86.315 62.362 15.423 10.504 5.604 14.704 19.809 13.918 19.011 19.099 57.172 107.848 99.063 102.801 101.704 101.518 101.407 101.383 101.347 102.304 102.267 67.227 43.171 29.170 32.176 83.132 104.116 100.117 91.132 9.167 0.000 0.000 0.000 0.000
65.130 65.132 48.137 0.000 8.125 69.125 65.125 65.125 64.125 65.124 80.124 67.124 70.123 72.122 71.121 66.120 63.119 64.117 64.116 63.115 73.115 96.114 92.113 79.112 72.111 63.106 39.090 28.084 15.083 0.000 21.156 70.163 65.174 67.188 50.203 24.222 9.249 6.276 48.307 65.343 34.386 6.452 9.545 14.680 21.787 17.906 12.050 5.198 8.530 56.421 107.917 101.952 101.712 101.533 101.517 101.482 101.441 101.402 99.367 90.335 23.312 0.000 40.236 99.226 104.203 102.189 96.186 86.191 4.201 0.000 0.000 0.000 0.000
62.139 64.140 61.142 0.000 4.135 69.135 64.135 62.134 64.134 68.134 72.134 71.133 71.133 69.132 63.132 64.131 64.130 65.130 65.129 70.129 88.129 87.129 80.130 89.131 87.132 58.134 0.000 0.000 0.000 0.000 19.183 70.189 65.198 68.211 39.226 1.250 35.277 61.302 81.332 50.363 2.389 0.000 0.000 3.785 13.859 13.979 14.149 8.500 5.546 108.112 108.017 100.859 101.704 101.604 101.570 101.532 101.494 103.459 88.425 71.396 31.374 7.362 55.314 85.287 94.266 103.252 92.245 81.244 3.246 0.000 0.000 0.000 0.000
69.148 67.149 56.149 0.000 55.145 63.145 65.144 69.144 70.144 71.143 69.143 70.143 68.143 64.143 64.142 65.142 65.142 64.142 66.142 89.142 88.143 70.144 83.146 81.149 85.154 83.163 46.184 2.198 11.206 41.209 46.206 66.210 65.219 65.232 60.250 52.274 69.297 68.323 62.354 84.388 32.418 0.000 0.000 7.816 12.885 10.995 12.134 36.339 60.774 108.201 103.190 102.935 102.674 101.660 101.620 101.583 102.547 100.512 55.479 32.450 44.424 45.400 99.369 101.343 81.323 91.308 86.299 59.295 24.293 0.000 0.000 0.000 0.000
70.156 71.156 68.157 56.159 70.156 70.155 70.154 71.154 71.153 72.153 84.153 66.152 64.153 64.153 65.153 65.153 65.154 66.154 80.155 91.156 66.157 70.159 97.162 89.166 77.171 80.180 83.192 67.203 72.211 87.216 80.220 68.226 61.236 61.250 72.267 88.289 75.313 47.341 19.374 74.417 63.477 12.578 15.675 20.779 16.871 7.982 10.070 51.366 103.617 108.282 100.170 102.820 103.747 101.709 101.671 101.634 94.598 84.563 41.530 12.500 21.472 22.445 83.418 125.394 106.374 82.359 74.348 53.342 62.339 15.339 0.000 1.505 5.505
75.163 75.164 71.164 71.165 71.164 72.164 72.163 68.163 65.163 64.163 27.162 17.161 68.163 65.164 65.164 65.164 64.165 67.166 91.167 77.168 62.170 68.173 85.176 102.180 97.186 94.193 92.202 88.211 84.218 83.225 91.231 88.239 82.250 78.264 81.280 85.301 47.325 11.353 10.385 26.427 22.495 7.582 16.669 26.751 22.842 13.961 7.121 50.367 108.433 108.359 103.065 104.906 101.793 101.760 102.721 98.683 82.647 75.612 81.579 87.548 71.519 93.491 108.465 125.441 134.421 118.405 80.393 85.385 60.382 0.000 0.000 0.000 0.000
14.170 15.171 75.171 70.172 70.173 65.173 62.173 64.173 59.173 12.173 12.173 1.173 69.174 65.174 65.175 65.176 65.176 83.177 90.179 63.181 65.183 65.186 68.189 74.193 76.199 76.205 72.212 75.220 91.227 84.234 75.241 78.250 85.261 89.274 92.290 89.310 64.333 29.360 12.388 11.411 0.000 0.607 11.666 20.716 4.779 0.000 20.302 80.541 108.504 100.413 104.134 103.869 101.851 101.808 102.769 97.731 84.695 50.660 57.626 100.594 111.564 143.535 134.509 106.485 94.464 111.446 90.434 84.425 59.421 0.000 0.000 0.000 0.000
1.181 10.180 24.177 79.180 64.181 62.182 64.182 64.182 65.182 12.183 3.184 58.185 66.185 65.185 65.186 65.186 67.188 91.189 76.190 62.192 65.195 65.198 65.201 64.206 64.210 64.216 63.222 70.229 99.235 78.242 9.249 17.258 29.269 80.281 90.296 74.315 79.337 66.365 18.395 15.418 0.504 5.581 18.622 10.669 0.000 0.000 38.453 108.641 108.573 103.296 105.032 100.939 101.898 101.857 101.817 101.778 88.741 51.705 66.671 103.638 99.607 133.578 128.550 97.525 102.503 88.484 69.470 87.460 65.456 0.000 0.000 0.000 0.000
63.193 59.192 0.000 71.191 81.191 82.191 63.191 75.191 82.192 58.192 56.193 66.194 65.195 65.195 65.196 65.197 84.198 88.200 63.202 65.204 64.206 63.209 65.213 65.217 65.222 65.227 64.232 72.238 101.244 82.250 28.257 1.266 52.277 77.287 90.299 69.315 59.336 18.370 11.408 14.443 12.493 20.544 24.572 0.000 0.000 17.389 79.626 108.707 100.558 104.274 104.014 101.990 101.945 101.903 101.863 102.824 93.786 82.750 105.715 130.681 118.649 135.618 132.589 126.562 133.538 99.517 76.501 86.490 94.487 23.497 0.000 0.000 0.000
65.201 64.201 59.204 65.201 64.200 12.200 86.200 78.200 65.201 66.202 66.203 65.204 65.205 65.206 65.207 68.208 91.209 74.211 64.213 65.215 71.218 79.221 65.224 63.228 65.232 64.237 67.242 91.247 99.253 74.258 62.265 50.273 72.281 71.289 32.299 17.310 14.323 0.000 3.423 3.452 4.491 5.528 7.550 0.000 20.490 77.617 99.764 108.771 101.520 102.158 102.078 102.034 101.990 101.948 101.908 102.868 93.830 76.793 72.757 105.722 95.689 109.657 112.626 100.597 102.570 74.546 51.526 65.513 132.506 85.506 20.508 10.507 32.507
65.209 65.209 65.209 65.209 65.208 59.208 75.209 91.209 67.210 64.211 65.212 65.213 65.214 65.216 64.217 87.218 89.220 63.221 65.223 66.225 63.228 25.232 84.235 79.239 66.243 64.247 82.251 101.256 85.261 65.266 65.271 66.278 69.284 73.290 10.298 11.304 0.000 0.402 15.410 0.000 0.000 0.000 0.000 0.000 43.630 100.770 108.892 108.832 101.406 102.236 102.117 102.078 102.034 101.992 101.951 100.911 85.873 87.835 107.798 126.763 125.728 130.694 135.661 122.629 120.598 107.570 56.546 54.529 130.519 94.514 32.510 25.508 90.507
65.216 65.216 65.216 65.216 65.217 65.217 65.218 76.218 91.219 67.220 64.221 65.223 65.224 63.226 71.227 92.229 72.230 64.232 66.233 64.235 6.239 3.242 72.246 73.249 79.253 78.256 86.260 85.264 66.269 64.273 66.278 69.282 74.286 74.290 0.000 0.000 0.000 2.394 26.397 13.394 14.392 13.392 0.000 4.878 51.949 106.002 108.951 100.751 102.458 102.190 102.168 102.120 102.077 102.035 101.993 101.953 87.914 83.876 104.839 105.802 105.766 108.731 108.696 107.661 112.625 85.589 61.559 76.539 91.526 30.520 0.000 0.000 34.506
65.224 67.223 67.223 65.224 65.225 65.225 65.226 65.227 76.228 91.229 67.231 62.232 62.234 79.235 91.237 85.239 62.241 65.242 61.243 7.243 4.250 58.253 65.257 65.260 71.263 88.266 88.269 81.273 74.276 66.280 53.284 23.287 88.290 68.292 0.000 0.000 0.000 1.389 15.391 8.391 22.391 11.392 0.000 5.101 25.157 109.065 109.008 101.619 102.348 102.251 102.207 102.162 102.118 102.076 102.035 102.995 97.955 87.916 82.878 81.841 81.803 81.767 81.730 85.693 59.652 3.601 29.562 85.541 81.527 42.519 4.514 0.000 33.505
66.231 3.231 4.228 65.232 64.233 63.234 63.235 62.236 62.237 75.238 90.240 83.242 90.243 92.245 79.247 63.250 70.252 70.254 58.255 0.000 6.263 69.265 65.267 67.270 91.273 98.275 76.278 67.281 74.284 81.287 69.290 5.293 48.295 66.297 0.000 0.000 0.000 2.383 8.386 5.389 19.390 0.000 0.000 5.296 10.651 109.121 106.876 102.582 102.321 102.294 102.246 102.202 102.158 102.116 102.075 102.035 102.995 101.956 99.917 98.879 98.840 99.803 101.766 75.729 17.691 0.000 14.548 70.534 101.523 92.515 65.510 41.505 58.505
65.240 64.240 0.000 64.241 75.242 79.242 83.243 88.244 91.245 92.247 92.249 92.251 78.253 65.255 81.258 98.260 99.262 99.265 92.269 70.276 5.275 66.276 64.278 73.280 101.282 88.285 65.287 64.289 66.292 69.294 60.297 5.299 25.301 25.303 0.000 0.000 0.000 8.375 3.380 0.000 2.390 0.000 13.241 14.598 5.770 109.173 110.825 106.458 102.377 102.330 102.284 102.240 102.197 102.155 102.115 102.075 102.035 101.996 101.957 101.917 102.876 105.838 77.802 10.765 0.000 0.000 0.000 15.525 71.516 102.509 93.504 69.502 46.503
65.248 67.249 63.252 65.250 80.250 79.250 75.251 71.252 70.254 66.256 87.258 77.260 88.263 79.265 95.268 91.270 84.273 85.276 96.280 102.283 91.285 92.287 84.289 92.290 100.292 73.294 64.296 65.297 65.299 64.301 64.303 66.305 61.308 10.311 70.319 61.324 0.342 2.362 0.000 0.000 0.000 4.031 82.132 79.350 109.269 109.223 104.703 105.527 102.407 102.367 102.321 102.278 102.235 102.194 102.153 102.114 102.075 102.036 101.996 103.955 108.910 77.873 17.837 0.000 0.000 0.000 0.000 0.000 12.508 63.500 98.496 48.494 0.000
67.256 3.256 62.258 65.258 65.258 65.258 64.259 65.260 67.261 65.264 77.267 72.269 81.272 92.275 80.278 65.280 66.283 67.287 68.290 73.293 86.295 96.297 102.299 100.301 89.302 65.303 65.304 65.306 65.307 65.308 66.310 89.311 62.313 2.316 66.321 16.328 10.340 3.351 0.000 0.000 0.000 13.961 102.170 104.369 109.313 103.041 102.740 102.473 102.449 102.401 102.357 102.314 102.272 102.231 102.191 102.152 102.114 102.076 104.038 88.996 42.937 9.905 0.000 0.000 0.000 0.000 0.000 0.000 0.000 34.487 96.485 48.484 0.000
68.264 1.264 62.265 65.265 65.266 65.266 65.267 66.268 4.267 64.273 68.276 79.279 79.281 87.284 92.287 78.290 63.294 63.297 63.300 65.304 67.306 68.308 69.310 69.311 68.312 67.313 63.313 63.314 64.315 65.315 76.316 90.316 61.317 55.319 57.320 0.000 0.000 3.351 0.000 0.000 0.000 17.994 101.104 109.397 109.355 101.896 102.622 102.524 102.479 102.434 102.391 102.349 102.308 102.268 102.229 102.190 102.153 102.117 107.083 63.056 0.000 0.000 0.000 0.000 0.000 0.000 0.000 0.000 0.000 37.475 97.474 56.473 0.000
