results3/res_3e8f-0129.wd
ncols         241
nrows         181
xllcorner     12693529.787448
yllcorner     3542525.717860
cellsize      155.156523
NODATA_value  -9999.000000
[rows 132 to 164 of 181, columns 0 to 72 of 241]
94.942 99.942 103.942 103.941 105.940 105.939 99.937 90.935 76.933 65.930 64.928 65.924 64.920 63.916 68.911 82.906 93.899 98.892 98.884 95.874 87.862 78.848 69.831 63.809 68.781 70.748 69.710 70.667 68.631 63.598 77.565 100.534 67.507 0.000 0.000 0.000 7.216 59.209 71.203 68.180 70.162 76.150 94.147 80.149 64.154 63.162 63.172 75.184 96.197 37.211 10.228 5.256 0.000 0.000 0.000 0.000 0.000 0.000 0.000 0.000 0.000 0.000 0.000 0.000 26.768 6.691 10.614 51.515 74.371 78.271 78.164 88.250 115.715
72.947 74.946 77.946 83.945 93.944 99.943 104.941 104.939 97.937 83.934 72.931 66.928 70.924 77.920 90.915 105.909 104.903 101.895 101.887 104.876 104.865 100.851 88.834 76.814 68.789 63.762 64.731 63.699 64.670 72.643 94.618 102.598 14.585 0.000 0.000 0.000 17.223 45.230 63.259 72.254 73.239 70.222 71.222 81.224 76.225 69.228 73.231 81.236 94.242 35.250 21.262 27.284 7.308 0.000 0.000 0.000 0.000 0.000 0.000 0.000 0.000 0.000 0.000 0.000 8.845 0.000 58.638 80.559 76.439 85.411 76.475 115.838 104.597
64.951 64.951 64.950 66.950 71.949 75.947 82.946 91.944 99.942 102.939 96.936 94.932 96.928 99.924 98.919 91.913 82.907 80.899 80.891 85.881 91.869 98.856 101.841 100.822 89.802 79.779 74.754 72.729 81.706 97.685 98.667 84.655 17.649 0.000 0.000 0.000 0.000 0.000 46.348 73.337 52.318 40.278 55.295 70.298 85.296 89.293 91.289 92.286 88.285 15.286 2.286 30.311 27.332 15.357 21.372 15.380 0.000 0.000 0.000 0.000 0.000 0.000 43.064 13.013 78.922 100.856 133.710 89.684 84.736 65.693 101.758 106.276 106.183
65.956 65.956 65.955 65.955 64.954 63.952 65.951 70.949 76.946 86.944 96.941 98.937 91.933 81.929 75.924 67.918 63.912 63.905 63.896 65.887 70.876 76.864 83.850 95.834 100.816 102.797 101.777 97.758 100.739 93.723 75.711 67.704 46.707 4.730 0.000 0.000 0.000 0.000 39.449 72.430 15.416 0.000 48.382 73.376 92.368 100.359 86.347 89.334 75.326 33.323 0.000 57.340 26.352 18.366 29.380 29.388 0.536 0.000 0.000 0.000 0.000 30.169 49.115 122.056 150.978 133.859 117.414 116.359 108.030 106.670 106.547 106.416 71.639
65.961 65.961 65.960 65.960 65.959 65.957 65.956 64.954 64.952 67.949 73.946 72.942 68.939 64.934 64.929 64.924 65.918 65.911 65.903 65.894 64.884 63.873 65.861 71.847 78.832 87.816 95.800 91.785 80.770 68.758 64.749 69.745 77.746 53.753 31.758 31.746 17.716 18.661 54.568 75.517 25.500 7.511 67.474 99.457 101.442 80.426 83.405 82.378 70.362 59.357 10.356 38.356 12.372 0.518 13.394 0.479 2.625 0.628 0.000 0.000 0.000 11.225 74.171 80.090 76.077 77.237 75.211 107.000 106.896 106.787 73.985 76.764 78.636
65.967 65.966 65.966 65.965 65.964 65.963 65.961 65.960 65.957 65.955 64.952 64.948 64.944 65.940 65.935 65.930 65.924 65.918 65.911 65.903 65.894 65.884 65.873 64.861 63.849 64.836 68.823 66.811 65.799 69.790 72.783 71.779 69.778 71.779 71.776 68.764 68.740 72.701 47.644 33.572 22.555 40.559 85.548 99.534 79.518 72.499 71.470 51.412 47.386 10.386 0.000 0.000 0.758 2.808 0.000 0.000 6.646 21.631 36.592 6.530 20.451 83.305 90.294 88.366 86.352 87.433 107.193 107.098 88.230 95.022 87.877 93.650 85.492
65.972 65.972 65.972 65.971 65.970 65.969 65.967 65.966 65.964 65.961 65.958 65.955 65.951 65.946 65.942 65.937 65.932 65.926 65.920 64.913 71.905 73.896 65.886 64.876 63.866 64.855 66.845 69.835 72.827 71.820 66.814 67.811 74.809 77.807 73.803 67.794 64.778 73.757 4.736 0.000 7.588 80.622 89.624 76.614 68.598 88.580 34.564 0.000 0.000 0.780 1.856 1.861 1.852 2.845 0.000 0.000 31.682 73.657 102.615 63.554 96.441 104.600 101.563 100.655 107.459 107.374 107.285 100.314 102.192 101.891 100.753 99.686 17.603
65.978 65.978 65.977 65.977 65.976 65.975 65.974 65.972 65.970 65.968 68.965 68.961 66.957 70.953 68.948 65.944 65.940 65.935 64.929 62.923 73.916 81.909 67.900 64.892 66.883 69.875 71.867 70.859 67.853 69.847 74.844 76.841 77.840 77.838 72.836 66.831 75.823 94.814 13.807 0.000 0.000 54.717 77.712 74.700 78.681 98.658 32.644 0.000 1.852 1.852 1.865 1.875 1.867 3.874 0.000 29.795 81.746 97.697 100.631 105.633 102.801 99.793 107.690 107.616 107.540 99.623 100.409 101.283 100.965 100.938 93.871 70.779 0.000
65.984 65.984 65.984 65.983 65.982 65.981 65.980 65.979 65.977 66.975 73.972 73.969 50.965 18.959 39.955 69.952 63.949 66.945 72.940 75.934 75.928 71.922 67.915 68.908 71.901 70.894 69.887 71.882 75.877 75.874 77.872 76.871 67.870 62.870 64.870 77.870 96.869 106.869 28.870 0.000 0.000 29.816 85.808 87.793 94.768 93.729 29.708 0.000 1.853 0.000 0.909 1.908 0.000 7.910 33.898 77.853 99.776 102.796 101.888 101.894 100.988 107.829 107.761 99.827 100.628 101.491 101.279 101.135 101.093 93.027 84.986 0.000 0.000
65.991 65.990 65.990 65.990 65.989 65.988 65.987 65.986 65.984 67.983 76.980 87.977 63.974 0.970 6.959 54.961 80.959 72.955 70.951 70.946 68.941 67.935 69.929 71.923 69.918 65.912 67.907 79.903 81.901 71.899 65.898 62.899 62.901 67.903 81.906 97.909 94.914 78.922 50.936 18.968 12.967 56.925 85.909 67.896 58.868 50.782 15.750 0.199 0.104 20.954 11.949 1.940 0.000 26.961 77.937 99.858 102.058 101.054 101.166 108.022 107.960 107.896 99.887 101.773 101.486 101.361 101.307 101.236 95.161 82.099 72.063 0.000 0.000
65.997 65.997 65.997 65.996 65.996 65.995 65.994 65.993 65.992 67.991 77.989 64.986 20.982 2.985 0.000 22.972 76.970 68.966 70.962 69.958 67.954 70.949 71.944 68.939 65.934 61.930 71.927 85.924 72.923 62.923 63.924 68.927 78.930 89.935 100.941 93.947 71.956 66.968 85.983 93.002 94.009 98.005 73.008 34.016 6.025 0.000 0.316 0.348 0.000 33.959 20.964 1.043 32.071 78.010 100.034 102.227 101.248 108.192 108.138 108.082 100.154 100.953 101.843 101.543 101.528 101.470 101.396 102.305 90.227 61.143 50.103 8.102 2.102
65.004 65.004 66.003 66.003 66.003 66.002 66.002 66.001 66.000 68.999 78.998 49.997 0.000 8.995 46.994 48.986 65.982 67.978 55.975 37.971 75.967 70.963 66.959 65.955 63.951 65.947 81.945 84.944 66.944 69.945 81.949 90.953 99.959 97.966 85.974 71.984 64.996 81.010 85.027 73.046 54.063 52.079 40.102 20.135 9.190 3.305 1.426 21.467 16.475 0.000 0.000 26.148 78.178 101.285 102.308 100.423 108.294 108.244 100.316 101.128 102.007 101.814 101.693 101.670 101.618 101.567 104.498 68.367 48.297 0.000 0.000 0.000 0.000
74.011 72.011 69.010 67.009 64.010 64.010 64.009 64.009 63.009 68.008 80.007 63.007 44.009 52.005 70.002 65.997 62.993 68.990 63.987 50.983 70.980 64.977 63.973 63.970 65.967 79.964 87.962 53.962 45.963 95.967 100.972 95.979 84.987 74.996 67.006 63.018 74.033 86.050 54.070 29.093 12.118 3.147 20.184 19.232 9.295 10.378 13.456 41.492 25.484 0.000 0.000 58.416 100.448 99.573 108.437 108.391 108.344 100.353 102.247 101.972 101.865 101.835 103.792 98.742 100.712 101.685 112.663 0.000 0.000 0.000 0.000 0.000 0.000
75.019 77.018 83.016 84.015 84.017 81.017 82.017 81.017 80.017 80.017 82.016 65.016 69.015 68.013 65.011 68.008 68.005 67.002 71.999 73.996 67.993 61.991 63.988 65.985 79.982 84.979 73.978 67.978 76.980 99.986 82.994 74.003 66.013 64.024 66.036 65.050 79.067 88.086 52.109 28.137 16.169 18.208 21.256 13.314 14.381 20.454 22.521 15.561 0.000 0.000 36.655 78.668 108.561 108.522 108.481 100.587 101.393 102.292 102.000 101.997 102.955 102.910 75.866 53.804 88.803 102.797 107.806 47.864 0.000 0.000 0.000 0.000 0.000
68.028 62.026 15.021 17.020 26.024 73.025 70.026 70.026 70.026 74.025 83.025 64.024 65.023 64.022 67.020 71.018 72.016 70.013 69.011 72.009 73.007 70.005 64.002 81.000 86.997 77.994 83.992 100.991 97.994 80.003 68.016 64.027 66.039 66.051 65.064 70.080 86.098 88.120 80.145 83.176 54.213 16.259 8.317 7.386 19.460 26.538 16.611 13.673 5.697 31.832 79.835 108.633 108.598 100.729 101.539 102.425 102.238 102.124 102.109 103.063 101.022 94.982 19.961 0.000 70.898 105.895 102.901 101.921 0.000 0.000 0.000 0.000 0.000
66.038 58.038 0.000 0.000 8.034 69.034 65.035 65.035 65.034 69.034 83.034 61.033 65.032 69.031 71.030 72.028 69.027 66.025 64.023 66.022 76.020 89.019 84.017 85.016 62.013 56.009 108.003 94.001 61.004 21.015 41.038 69.052 66.063 66.076 68.090 61.107 45.126 35.149 47.176 87.208 63.247 16.300 11.369 6.453 15.537 20.625 14.716 19.794 19.877 57.975 108.686 99.918 103.657 102.562 102.376 102.266 102.243 102.207 103.166 103.129 68.090 44.035 30.034 33.040 83.997 104.982 100.983 91.998 10.032 0.000 0.000 0.000 0.000
66.049 66.050 49.055 0.000 9.043 70.044 66.044 66.043 65.043 66.043 81.043 68.042 71.042 73.041 72.040 67.039 64.038 65.037 65.036 64.035 74.034 97.033 93.033 80.032 73.030 64.025 40.011 29.006 16.005 0.000 22.070 71.077 66.087 68.100 51.114 25.131 10.151 7.175 49.201 66.232 35.269 7.324 10.404 15.519 22.610 18.710 12.832 5.951 9.266 57.214 108.753 102.807 102.568 102.390 102.375 102.340 102.300 102.262 100.228 91.197 24.174 0.000 41.100 100.090 105.068 103.054 97.051 87.056 5.066 0.000 0.000 0.000 0.000
63.058 65.059 62.060 0.000 5.053 70.053 65.053 63.052 65.052 69.052 73.052 72.051 72.051 70.050 64.050 65.049 65.049 66.048 66.048 71.047 89.047 88.048 81.048 90.049 88.050 59.051 0.000 0.000 0.000 0.000 20.096 71.101 66.109 69.121 40.135 2.153 36.173 62.197 82.223 51.250 3.272 0.000 0.000 4.611 14.674 14.776 14.919 9.224 6.105 108.941 108.849 101.713 102.560 102.460 102.427 102.389 102.353 104.317 89.285 72.256 32.235 8.224 56.176 86.151 95.130 104.117 93.110 82.109 4.111 0.000 0.000 0.000 0.000
70.066 68.067 57.067 0.000 56.063 64.062 66.062 70.062 71.061 72.061 70.061 71.061 69.061 65.060 65.060 66.060 66.060 65.059 67.060 90.060 89.061 71.062 84.063 82.066 86.070 84.078 47.098 3.110 12.117 42.120 47.116 67.120 66.128 66.139 61.154 53.171 70.192 69.216 63.243 85.272 33.298 0.000 0.000 8.639 13.699 11.794 12.915 37.095 61.511 109.027 104.041 103.789 103.529 102.516 102.476 102.440 103.404 101.370 56.338 33.309 45.284 46.261 100.231 102.206 82.186 92.172 87.163 60.159 25.157 0.000 0.000 0.000 0.000
71.074 72.074 69.075 57.077 71.073 71.072 71.071 72.071 72.070 73.070 85.070 67.070 65.070 65.070 66.070 66.070 66.070 67.071 81.071 92.072 67.073 71.075 98.078 90.081 78.086 81.094 84.105 68.115 73.122 88.126 81.129 69.135 62.143 62.155 73.169 89.187 76.208 48.233 20.262 75.298 64.350 13.435 16.517 21.607 17.689 8.789 10.867 52.156 104.404 109.107 101.021 103.672 104.601 102.563 102.526 102.489 95.454 85.420 42.388 13.359 22.332 23.306 84.279 126.256 107.237 83.222 75.212 54.205 63.203 16.203 0.000 2.373 6.373
76.081 76.081 72.081 72.082 72.081 73.080 73.080 69.080 66.079 65.079 28.080 18.080 69.080 66.080 66.080 66.081 65.081 68.082 92.083 78.084 63.086 69.088 86.091 103.095 98.100 95.107 93.115 89.122 85.129 84.135 92.140 89.147 83.156 79.167 82.182 86.199 48.220 12.245 11.274 27.310 23.366 8.440 17.509 27.581 23.664 14.774 7.933 51.180 109.254 109.182 103.915 105.758 102.645 102.613 103.575 99.538 83.503 76.469 82.436 88.406 72.378 94.351 109.325 126.302 135.283 119.267 81.256 86.249 61.245 0.000 0.000 0.000 0.000
15.089 16.088 76.088 71.089 71.089 66.089 63.088 65.088 60.088 13.089 13.089 2.089 70.089 66.090 66.090 66.091 66.092 84.093 91.094 64.096 66.098 66.100 69.103 75.107 77.112 77.118 73.124 76.131 92.137 85.143 76.149 79.157 86.166 90.177 93.191 90.208 65.228 30.252 13.278 12.300 0.000 1.452 12.497 21.547 5.605 0.000 21.124 81.366 109.324 101.260 104.983 104.720 102.703 102.661 103.622 98.585 85.550 51.515 58.482 101.451 112.422 144.394 135.369 107.345 95.325 112.309 91.296 85.288 60.285 0.000 0.000 0.000 0.000
2.097 11.096 25.093 80.096 65.097 63.097 65.097 65.097 66.097 13.098 4.098 59.098 67.099 66.100 66.100 66.101 68.102 92.103 77.105 63.107 66.109 66.112 66.115 65.119 65.123 65.128 64.134 71.139 100.145 79.151 10.158 18.165 30.174 81.184 91.197 75.213 80.233 67.258 19.286 16.313 1.368 6.426 19.463 11.505 0.000 0.000 39.281 109.458 109.391 104.142 105.881 101.788 102.748 102.708 102.669 102.631 89.595 52.560 67.527 104.495 100.465 134.436 129.409 98.385 103.364 89.346 70.332 88.324 66.320 0.341 0.000 0.000 0.000
64.105 60.105 0.000 72.105 82.105 83.105 64.106 76.106 83.106 59.107 57.107 67.108 66.109 66.109 66.110 66.111 85.113 89.114 64.116 66.117 65.120 64.123 66.126 66.129 66.133 66.138 65.143 73.148 102.153 83.159 29.165 2.172 53.180 78.189 91.200 70.214 60.232 19.262 12.295 15.326 13.363 21.400 25.423 0.000 0.000 18.207 80.452 109.522 101.401 105.120 104.861 102.838 102.794 102.753 102.714 103.676 94.639 83.604 106.570 131.537 119.506 136.476 133.448 127.422 134.399 100.379 77.364 87.354 95.351 24.360 0.000 0.000 0.000
66.114 65.114 60.117 66.115 65.114 13.114 87.114 79.114 66.115 67.116 67.116 66.117 66.118 66.119 66.120 69.121 92.123 75.124 65.126 66.128 72.130 80.133 66.136 64.140 66.144 65.148 68.152 92.157 100.161 75.166 63.172 51.178 73.184 72.192 33.200 18.210 15.221 0.000 4.307 4.331 5.361 6.389 8.406 0.000 21.286 78.428 100.587 109.584 102.363 103.003 102.925 102.881 102.839 102.798 102.758 103.720 94.682 77.646 73.611 106.578 96.545 110.514 113.484 101.456 103.430 75.407 52.389 66.377 133.371 86.371 21.374 11.374 33.374
66.121 66.122 66.123 66.122 66.122 60.122 76.122 92.123 68.124 65.124 66.125 66.126 66.127 66.129 65.130 88.131 90.133 64.134 66.136 67.138 64.140 26.143 85.147 80.150 67.153 65.157 83.161 102.165 86.169 66.174 66.178 67.183 70.188 74.193 11.199 12.205 0.000 1.288 16.294 0.000 0.000 0.000 0.000 0.000 44.413 101.571 109.702 109.644 102.248 103.080 102.962 102.925 102.882 102.841 102.801 101.762 86.724 88.688 108.652 127.617 126.584 131.551 136.519 123.488 121.459 108.431 57.409 55.393 131.384 95.379 33.376 26.375 91.374
66.129 66.129 66.129 66.129 66.130 66.130 66.131 77.131 92.132 68.133 65.134 66.135 66.137 64.138 72.140 93.141 73.143 65.144 67.146 65.147 7.150 4.154 73.157 74.160 80.163 79.166 87.170 86.173 67.177 65.181 67.184 70.188 75.192 75.194 0.000 0.000 0.000 3.282 27.284 14.281 15.280 14.279 0.000 5.594 52.698 106.795 109.758 101.589 103.300 103.034 103.012 102.966 102.924 102.882 102.842 102.803 88.765 84.728 105.691 106.656 106.621 109.587 109.553 108.519 113.485 86.450 62.422 77.403 92.392 31.386 0.000 0.000 35.374
66.136 68.136 68.136 66.137 66.137 66.138 66.139 66.140 77.141 92.142 68.143 63.145 63.146 80.148 92.149 86.151 63.153 66.154 62.155 8.154 5.161 59.164 66.167 66.170 72.173 89.175 89.178 82.181 75.184 67.187 54.191 24.194 89.196 69.198 0.000 0.000 0.000 2.278 16.279 9.279 23.279 12.279 0.000 5.783 25.857 109.869 109.814 102.458 103.189 103.094 103.050 103.007 102.964 102.923 102.883 103.843 98.805 88.767 83.730 82.694 82.658 82.622 82.587 86.551 60.512 4.463 30.426 86.406 82.394 43.387 5.383 0.000 34.375
67.144 4.143 5.141 66.144 65.145 64.146 64.147 63.148 63.149 76.150 91.152 84.153 91.155 93.157 80.159 64.161 71.163 71.165 59.167 0.000 7.174 70.175 66.177 68.180 92.182 99.184 77.187 68.189 75.192 82.194 70.197 6.199 49.202 67.203 0.000 0.000 0.000 3.272 9.274 6.277 20.278 0.000 0.000 5.924 11.265 109.922 107.712 103.421 103.161 103.136 103.089 103.046 103.003 102.962 102.922 102.883 103.844 102.806 100.769 99.731 99.694 100.657 102.621 76.585 18.549 0.000 15.414 71.401 102.392 93.385 66.380 42.376 59.375
66.152 65.152 0.152 65.153 76.153 80.154 84.155 89.156 92.157 93.159 93.161 93.162 79.164 66.166 82.169 99.171 100.173 100.176 93.180 71.186 6.185 67.186 65.188 74.190 102.191 89.193 66.195 65.197 67.199 70.201 61.204 6.206 26.208 26.209 0.000 0.000 0.000 9.265 4.269 0.000 3.278 0.000 13.897 15.201 6.089 109.973 111.661 107.297 103.216 103.171 103.127 103.083 103.041 103.001 102.961 102.922 102.883 102.845 102.807 102.768 103.729 106.692 78.656 11.621 0.000 0.000 0.000 16.394 72.386 103.380 94.376 70.373 47.374
66.160 68.161 64.164 66.162 81.161 80.162 76.163 72.164 71.165 67.167 88.169 78.171 89.173 80.176 96.178 92.181 85.184 86.186 97.190 103.193 92.195 93.196 85.198 93.199 101.201 74.202 65.204 66.205 66.207 65.208 65.210 67.212 62.214 11.218 71.225 62.232 1.241 3.252 0.000 0.000 0.000 4.769 82.848 80.060 110.067 110.021 105.538 106.365 103.246 103.207 103.162 103.120 103.078 103.038 102.999 102.960 102.922 102.884 102.845 104.805 109.762 78.725 18.691 0.000 0.000 0.000 0.000 0.000 13.379 64.373 99.369 49.368 0.000
68.167 4.168 63.169 66.169 66.169 66.169 65.170 66.172 68.173 66.175 78.178 73.180 82.182 93.185 81.188 66.191 67.194 68.197 69.200 74.203 87.205 97.206 103.208 101.209 90.210 66.211 66.212 66.213 66.214 66.215 67.217 90.218 63.220 3.222 67.227 17.233 11.240 4.246 0.000 0.000 0.000 14.720 102.928 105.132 110.111 103.873 103.577 103.310 103.288 103.240 103.197 103.155 103.115 103.075 103.036 102.998 102.960 102.923 104.886 89.846 43.788 10.757 0.000 0.000 0.000 0.000 0.000 0.000 0.000 35.363 97.362 49.361 0.000
69.174 2.174 63.175 66.175 66.176 66.177 66.178 67.179 5.180 65.183 69.186 80.189 80.191 88.194 93.197 79.200 64.203 64.207 64.210 66.213 68.215 69.217 70.218 70.219 69.220 68.221 64.221 64.221 65.222 66.222 77.223 91.223 62.224 56.225 58.227 0.000 0.000 4.246 0.000 0.000 0.000 18.777 101.892 110.195 110.153 102.730 103.457 103.361 103.317 103.273 103.231 103.189 103.149 103.111 103.072 103.035 102.998 102.963 107.930 63.904 0.000 0.000 0.000 0.000 0.000 0.000 0.000 0.000 0.000 38.354 98.353 57.353 0.000
