results3/res_3e8f-0131.wd
ncols         241
nrows         181
xllcorner     12693529.787448
yllcorner     3542525.717860
cellsize      155.156523
NODATA_value  -9999.000000
[rows 132 to 164 of 181, columns 0 to 72 of 241]
95.021 100.020 104.020 104.019 106.018 106.017 100.015 91.013 77.011 66.009 65.006 66.003 64.999 63.995 68.990 82.984 93.978 98.971 98.962 95.952 87.941 78.927 69.910 63.888 68.860 70.827 69.789 70.747 68.711 63.678 77.646 100.614 67.588 0.000 0.000 0.000 7.303 59.296 71.290 68.268 70.250 76.238 94.236 80.238 64.244 63.252 63.263 75.275 96.289 37.304 10.323 5.352 0.000 0.000 0.000 0.000 0.000 0.000 0.000 0.000 0.000 0.000 0.000 0.000 26.842 6.765 10.688 51.589 74.446 78.346 78.238 88.325 115.790
73.025 75.025 78.024 84.023 94.022 100.021 105.019 105.018 98.015 84.013 73.010 67.006 71.002 77.998 90.993 105.988 104.981 101.974 101.965 104.955 104.943 100.929 88.913 76.893 68.869 63.841 64.811 63.779 64.749 72.723 94.698 102.678 14.665 0.000 0.000 0.000 17.310 45.317 63.346 72.341 73.326 70.310 71.310 81.312 76.315 69.318 73.322 81.327 94.335 35.344 21.358 27.381 7.407 0.000 0.000 0.000 0.000 0.000 0.000 0.000 0.000 0.000 0.000 0.000 8.918 0.000 58.712 80.633 76.514 85.486 76.550 115.913 104.672
65.029 65.029 65.029 67.028 72.027 76.026 83.024 92.022 100.020 103.017 97.014 95.011 97.007 100.002 98.997 91.992 82.985 80.978 80.969 85.959 91.948 98.935 101.919 100.901 89.881 79.858 74.833 72.809 81.785 97.764 98.747 84.735 17.729 0.000 0.000 0.000 0.000 0.000 46.434 73.423 52.404 40.366 55.383 70.386 85.385 89.383 91.380 92.378 88.378 15.380 2.382 30.409 27.432 15.459 21.476 15.484 0.000 0.000 0.000 0.000 0.000 0.000 43.137 13.086 78.995 100.930 133.784 89.758 84.810 65.767 101.833 106.351 106.259
66.034 66.034 66.033 66.033 65.032 64.030 66.029 71.027 77.025 87.022 97.019 99.015 92.011 82.007 76.002 67.996 63.990 63.983 63.975 65.965 70.955 76.942 83.928 95.913 100.895 102.876 101.856 97.837 100.819 93.803 75.791 67.784 46.787 4.810 0.000 0.000 0.000 0.000 39.533 72.515 15.501 0.000 48.469 73.464 92.457 100.448 86.437 89.426 75.419 33.417 0.000 57.439 26.454 18.469 29.484 29.493 0.612 0.000 0.000 0.000 0.000 30.242 49.188 122.129 151.051 133.933 117.488 116.433 108.104 106.744 106.621 106.491 71.714
66.039 66.039 66.038 66.038 66.037 66.035 66.034 65.032 65.030 68.027 74.024 73.021 69.017 65.012 65.007 65.002 65.996 65.989 65.982 65.973 64.963 63.952 65.939 71.926 78.911 87.895 95.879 91.864 80.850 68.838 64.829 69.824 77.826 53.833 31.839 31.826 17.797 18.743 54.651 75.602 25.584 7.596 67.561 99.544 101.530 80.515 83.495 82.470 70.455 59.452 10.454 38.456 12.474 0.591 13.499 0.561 2.691 0.696 0.000 0.000 0.000 11.298 74.244 80.163 76.151 77.310 75.284 107.073 106.970 106.861 74.060 76.838 78.710
66.045 66.044 66.044 66.043 66.042 66.041 66.039 66.038 66.035 66.033 65.030 65.026 65.023 66.018 66.014 66.008 66.003 65.997 65.989 65.981 65.973 65.963 65.952 64.940 63.927 64.915 68.902 66.890 65.879 69.869 72.863 71.859 69.858 71.858 71.856 68.844 68.820 72.782 47.726 33.656 22.639 40.644 85.633 99.620 79.605 72.587 71.559 51.503 47.480 10.482 0.000 0.000 0.822 2.866 0.000 0.000 6.714 21.701 36.662 6.601 20.523 83.378 90.366 88.439 86.425 87.506 107.266 107.172 88.304 95.096 87.951 93.724 85.567
66.050 66.050 66.049 66.049 66.048 66.047 66.045 66.044 66.042 66.039 66.036 66.033 66.029 66.024 66.020 66.015 66.010 66.005 65.998 64.991 71.983 73.974 65.965 64.955 63.945 64.934 66.924 69.914 72.906 71.899 66.893 67.890 74.888 77.887 73.883 67.874 64.859 73.838 4.817 0.000 7.673 80.706 89.709 76.699 68.684 88.667 34.652 0.000 0.000 0.846 1.918 1.924 1.914 2.906 0.000 0.000 31.751 73.726 102.685 63.625 96.512 104.672 101.636 100.727 107.531 107.447 107.358 100.387 102.266 101.965 100.827 99.760 17.677
66.056 66.056 66.055 66.055 66.054 66.053 66.052 66.050 66.048 66.046 69.043 69.039 67.035 71.031 69.027 66.023 66.018 66.013 65.008 63.001 73.994 81.987 67.979 64.970 66.962 69.953 71.945 70.938 67.931 69.926 74.922 76.920 77.919 77.917 72.915 66.910 75.903 94.894 13.887 0.000 0.000 54.800 77.795 74.784 78.766 98.744 32.730 0.000 1.916 1.914 1.929 1.939 1.930 3.938 0.000 29.865 81.816 97.767 100.702 105.704 102.872 99.865 107.762 107.689 107.612 99.696 100.482 101.357 101.038 101.011 93.944 70.853 0.000
66.062 66.062 66.061 66.061 66.060 66.059 66.058 66.057 66.055 67.053 74.050 74.047 51.043 19.037 40.033 70.030 64.027 67.023 73.018 76.012 76.006 72.000 67.993 68.986 71.979 70.972 69.966 71.960 75.956 75.952 77.950 76.949 67.949 62.949 64.949 77.949 96.948 106.948 28.950 0.000 0.000 29.898 85.890 87.876 94.851 93.814 29.794 0.000 1.917 0.003 0.975 1.974 0.000 7.977 33.966 77.922 99.846 102.866 101.959 101.965 101.060 107.901 107.833 99.899 100.701 101.564 101.352 101.208 101.167 93.101 85.060 0.000 0.000
66.068 66.068 66.068 66.067 66.067 66.066 66.065 66.064 66.062 68.060 77.058 88.055 64.052 1.047 7.038 55.039 81.037 73.033 71.029 71.024 69.019 68.013 70.007 72.002 69.996 65.990 67.986 79.982 81.979 71.977 65.977 62.977 62.979 67.981 81.984 97.988 94.992 79.000 51.014 19.047 13.046 57.004 85.989 67.977 58.950 50.867 15.837 0.239 0.137 21.024 12.018 2.009 0.000 27.029 78.006 99.927 102.128 101.125 101.237 108.094 108.032 107.967 99.960 101.845 101.559 101.434 101.380 101.309 95.234 82.172 72.136 0.000 0.000
66.075 66.075 66.074 66.074 66.073 66.073 66.072 66.071 66.070 68.068 78.067 65.064 21.059 3.063 0.000 23.050 77.048 69.044 71.040 70.036 68.032 71.027 72.022 69.017 66.012 62.008 72.005 86.002 73.001 63.001 64.002 69.005 79.008 90.013 101.019 94.025 72.034 67.046 86.061 93.080 94.087 98.084 73.086 34.094 6.103 0.000 0.373 0.402 0.000 34.029 21.035 1.111 32.139 78.079 100.103 102.297 101.319 108.263 108.209 108.153 100.226 101.025 101.915 101.615 101.601 101.542 101.468 102.378 90.300 61.216 50.176 8.176 2.176
65.082 65.081 66.081 66.081 66.080 66.080 66.080 66.079 66.078 69.077 79.076 50.075 0.000 9.072 47.072 49.064 66.060 68.056 56.052 38.049 76.045 71.041 67.036 66.032 64.029 66.025 82.023 85.021 67.022 70.023 82.027 91.031 100.037 98.044 86.052 72.061 65.073 81.088 85.105 73.123 54.140 52.156 40.178 20.211 9.265 3.379 1.491 21.530 16.539 0.000 0.000 26.215 78.246 101.354 102.378 100.493 108.365 108.315 100.388 101.200 102.079 101.886 101.765 101.742 101.690 101.639 104.571 68.439 48.370 0.000 0.000 0.000 0.000
74.089 72.088 69.087 67.087 64.087 64.087 64.087 64.087 63.086 68.086 80.085 63.085 44.087 52.082 70.079 66.075 63.071 69.068 64.064 51.061 71.058 65.054 64.051 64.048 66.044 80.042 88.040 54.039 46.041 96.044 101.050 96.056 85.064 75.073 67.083 63.095 74.110 86.127 54.146 29.169 12.194 3.223 20.259 19.306 9.368 10.449 13.523 41.557 25.548 0.000 0.000 58.485 100.517 99.643 108.507 108.462 108.414 100.424 102.318 102.044 101.937 101.907 103.864 98.814 100.784 101.757 112.735 0.000 0.000 0.000 0.000 0.000 0.000
75.097 77.095 83.094 84.093 84.094 81.095 82.095 81.095 80.095 80.094 82.094 65.093 69.093 68.091 65.088 68.085 68.082 67.079 72.077 74.074 68.071 62.068 64.065 66.063 80.060 85.057 74.055 68.055 77.058 100.063 83.072 74.081 66.090 64.101 66.113 65.127 79.144 88.163 52.186 28.212 16.244 18.283 21.330 13.386 14.452 20.524 22.588 15.627 0.000 0.000 36.724 78.737 108.631 108.592 108.551 100.658 101.464 102.363 102.072 102.068 103.026 102.981 75.938 53.876 88.875 102.869 107.878 47.935 0.000 0.000 0.000 0.000 0.000
68.105 62.104 15.098 17.098 26.101 73.103 70.103 70.103 70.103 74.103 83.102 64.102 65.101 64.099 67.098 71.095 72.093 70.091 69.089 72.087 73.084 70.082 64.080 81.078 87.075 78.072 84.069 101.069 98.072 80.080 68.093 64.104 66.116 66.128 65.141 70.156 86.175 88.196 80.221 83.251 54.287 16.333 8.390 7.458 19.531 26.606 16.678 13.739 5.762 31.899 79.904 108.703 108.668 100.800 101.610 102.496 102.309 102.196 102.181 103.134 101.093 95.053 20.032 0.000 70.970 105.966 102.973 101.992 0.000 0.000 0.000 0.000 0.000
66.116 58.116 0.000 0.000 8.111 69.112 65.112 65.112 65.112 69.111 83.111 61.111 65.110 69.109 71.107 72.106 69.104 66.102 64.101 66.099 76.098 89.096 84.095 85.093 62.090 56.086 108.081 94.078 61.081 21.092 41.115 69.128 66.140 66.153 68.167 61.183 45.202 35.225 47.251 87.282 63.321 16.373 11.441 6.523 15.606 20.693 14.782 19.859 19.942 58.041 108.755 99.989 103.728 102.633 102.447 102.337 102.314 102.278 103.237 103.200 68.161 44.107 30.105 33.111 84.068 105.054 101.054 92.069 10.103 0.000 0.000 0.000 0.000
66.126 66.128 49.133 0.000 9.121 70.121 66.121 66.121 65.121 66.120 81.120 68.120 71.119 73.118 72.117 67.116 64.115 65.114 65.113 64.112 74.111 97.111 93.110 80.109 73.107 64.103 40.089 29.083 16.082 0.000 22.147 71.154 66.164 68.176 51.190 25.207 10.227 7.250 49.276 66.306 35.343 7.397 10.476 15.589 22.678 18.777 12.897 6.013 9.327 57.280 108.822 102.878 102.639 102.461 102.446 102.411 102.371 102.333 100.299 91.268 24.245 0.000 41.171 100.161 105.139 103.125 97.122 87.127 5.137 0.000 0.000 0.000 0.000
63.135 65.136 62.138 0.000 5.130 70.130 65.130 63.130 65.130 69.129 73.129 72.129 72.128 70.128 64.127 65.126 65.126 66.125 66.125 71.125 89.125 88.125 81.125 90.126 88.127 59.128 0.000 0.000 0.000 0.000 20.172 71.177 66.186 69.197 40.211 2.229 36.249 62.272 82.298 51.324 3.346 0.000 0.000 4.679 14.741 14.842 14.983 9.283 6.151 109.010 108.918 101.784 102.630 102.531 102.498 102.460 102.423 104.388 89.356 72.327 32.305 8.295 56.247 86.221 95.201 104.187 93.180 82.179 4.181 0.000 0.000 0.000 0.000
70.143 68.144 57.145 0.000 56.140 64.139 66.139 70.139 71.139 72.138 70.138 71.138 69.138 65.137 65.137 66.137 66.137 65.137 67.137 90.137 89.138 71.139 84.140 82.143 86.147 84.155 47.175 3.187 12.194 42.196 47.193 67.196 66.204 66.215 61.230 53.247 70.268 69.291 63.318 85.346 33.372 0.000 0.000 8.707 13.767 11.861 12.980 37.157 61.571 109.096 104.112 103.859 103.599 102.586 102.547 102.510 103.475 101.441 56.409 33.380 45.355 46.332 100.301 102.276 82.257 92.242 87.233 60.229 25.228 0.000 0.000 0.000 0.000
71.151 72.151 69.152 57.154 71.150 71.149 71.148 72.148 72.148 73.147 85.147 67.147 65.147 65.147 66.147 66.147 66.148 67.148 81.148 92.149 67.150 71.152 98.155 90.158 78.163 81.171 84.182 68.191 73.198 88.203 81.206 69.211 62.219 62.231 73.245 89.262 76.283 48.308 20.336 75.372 64.422 13.507 16.587 21.675 17.757 8.856 10.934 52.221 104.469 109.175 101.092 103.743 104.671 102.634 102.596 102.560 95.525 85.491 42.459 13.429 22.402 23.376 84.350 126.326 107.307 83.292 75.282 54.276 63.273 16.273 0.000 2.441 6.441
76.158 76.158 72.159 72.159 72.158 73.157 73.157 69.157 66.157 65.157 28.157 18.157 69.157 66.157 66.157 66.158 65.158 68.159 92.160 78.161 63.163 69.165 86.168 103.172 98.177 95.183 93.191 89.199 85.205 84.211 92.216 89.223 83.232 79.243 82.257 86.274 48.295 12.319 11.348 27.384 23.439 8.511 17.579 27.650 23.732 14.842 8.000 51.248 109.323 109.250 103.985 105.828 102.716 102.683 103.645 99.608 83.573 76.539 82.507 88.476 72.448 94.421 109.395 126.373 135.353 119.337 81.326 86.319 61.315 0.000 0.000 0.000 0.000
15.166 16.166 76.165 71.166 71.166 66.166 63.165 65.165 60.165 13.166 13.166 2.166 70.166 66.167 66.167 66.168 66.169 84.170 91.171 64.172 66.174 66.177 69.180 75.184 77.189 77.194 73.201 76.207 92.213 85.219 76.226 79.233 86.242 90.253 93.266 90.283 65.303 30.327 13.353 12.375 0.000 1.523 12.566 21.616 5.674 0.000 21.193 81.434 109.392 101.330 105.054 104.790 102.773 102.731 103.693 98.656 85.620 51.585 58.553 101.522 112.492 144.464 135.439 107.415 95.395 112.379 91.366 85.358 60.355 0.000 0.000 0.000 0.000
2.174 11.173 25.170 80.173 65.174 63.174 65.174 65.174 66.174 13.175 4.175 59.175 67.176 66.177 66.177 66.178 68.179 92.180 77.182 63.184 66.186 66.188 66.191 65.195 65.200 65.205 64.210 71.216 100.222 79.227 10.234 18.241 30.249 81.260 91.272 75.288 80.308 67.333 19.361 16.388 1.441 6.497 19.533 11.575 0.000 0.000 39.349 109.525 109.459 104.212 105.951 101.858 102.818 102.778 102.739 102.701 89.665 52.630 67.597 104.565 100.535 134.506 129.479 98.455 103.433 89.416 70.402 88.393 66.390 0.410 0.000 0.000 0.000
64.182 60.182 0.000 72.182 82.182 83.182 64.183 76.183 83.183 59.184 57.184 67.185 66.185 66.186 66.187 66.188 85.189 89.191 64.192 66.194 65.197 64.199 66.202 66.206 66.210 66.214 65.219 73.224 102.230 83.235 29.241 2.248 53.255 78.265 91.276 70.289 60.308 19.337 12.370 15.400 13.436 21.472 25.494 0.000 0.000 18.275 80.521 109.589 101.470 105.190 104.931 102.908 102.864 102.823 102.784 103.746 94.709 83.674 106.640 131.607 119.576 136.546 133.518 127.492 134.468 100.448 77.433 87.423 95.420 24.429 0.000 0.000 0.000
66.191 65.191 60.194 66.192 65.191 13.191 87.191 79.191 66.192 67.192 67.193 66.194 66.195 66.196 66.197 69.198 92.199 75.201 65.203 66.205 72.207 80.210 66.213 64.216 66.220 65.224 68.228 92.233 100.238 75.243 63.248 51.254 73.260 72.267 33.276 18.285 15.297 0.000 4.381 4.405 5.434 6.461 8.478 0.000 21.352 78.495 100.656 109.651 102.432 103.073 102.994 102.951 102.909 102.868 102.828 103.789 94.752 77.716 73.681 106.648 96.615 110.584 113.554 101.526 103.500 75.477 52.458 66.446 133.439 86.439 21.442 11.442 33.442
66.198 66.199 66.199 66.199 66.199 60.199 76.199 92.200 68.200 65.201 66.202 66.203 66.204 66.205 65.207 88.208 90.209 64.211 66.212 67.214 64.217 26.220 85.223 80.226 67.230 65.233 83.237 102.241 86.245 66.250 66.254 67.259 70.264 74.269 11.275 12.280 0.000 1.362 16.368 0.000 0.000 0.000 0.000 0.000 44.477 101.637 109.769 109.711 102.318 103.150 103.032 102.995 102.952 102.910 102.870 101.832 86.794 88.757 108.722 127.687 126.653 131.620 136.589 123.558 121.528 108.501 57.478 55.462 131.452 95.447 33.444 26.443 91.442
66.206 66.206 66.206 66.206 66.207 66.207 66.208 77.208 92.209 68.210 65.211 66.212 66.214 64.215 72.216 93.218 73.219 65.221 67.222 65.224 7.227 4.230 73.233 74.236 80.239 79.243 87.246 86.249 67.253 65.257 67.260 70.264 75.268 75.270 0.000 0.000 0.000 3.357 27.358 14.355 15.354 14.354 0.000 5.653 52.760 106.860 109.825 101.659 103.370 103.103 103.082 103.036 102.993 102.952 102.912 102.873 88.835 84.798 105.761 106.725 106.690 109.656 109.622 108.589 113.554 86.519 62.491 77.472 92.460 31.454 0.000 0.000 35.442
66.213 68.213 68.212 66.213 66.214 66.215 66.216 66.217 77.217 92.219 68.220 63.221 63.223 80.224 92.226 86.228 63.229 66.231 62.232 8.231 5.237 59.241 66.243 66.246 72.249 89.252 89.254 82.257 75.260 67.264 54.267 24.270 89.272 69.274 0.000 0.000 0.000 2.352 16.353 9.353 23.353 12.354 0.000 5.839 25.915 109.935 109.881 102.527 103.259 103.163 103.120 103.076 103.034 102.992 102.952 103.913 98.875 88.837 83.800 82.763 82.727 82.692 82.656 86.620 60.581 4.532 30.495 86.475 82.462 43.455 5.451 0.000 34.442
67.220 4.220 5.218 66.221 65.222 64.223 64.224 63.225 63.226 76.227 91.229 84.230 91.232 93.234 80.236 64.238 71.240 71.242 59.243 0.000 7.250 70.252 66.254 68.256 92.258 99.261 77.263 68.265 75.268 82.271 70.273 6.275 49.278 67.279 0.000 0.000 0.000 3.347 9.349 6.352 20.352 0.000 0.000 5.976 11.316 109.989 107.781 103.491 103.231 103.206 103.159 103.115 103.073 103.032 102.992 102.953 103.914 102.876 100.838 99.800 99.763 100.727 102.691 76.655 18.618 0.000 15.482 71.469 102.459 93.452 66.447 42.443 59.442
66.229 65.229 0.229 65.230 76.230 80.231 84.232 89.233 92.234 93.236 93.237 93.239 79.241 66.243 82.245 99.248 100.250 100.253 93.256 71.262 6.262 67.263 65.264 74.266 102.268 89.270 66.272 65.273 67.275 70.278 61.280 6.282 26.284 26.285 0.000 0.000 0.000 9.339 4.344 0.000 3.352 0.000 13.951 15.251 6.116 110.040 111.730 107.366 103.286 103.240 103.196 103.153 103.111 103.070 103.030 102.991 102.953 102.915 102.876 102.837 103.798 106.761 78.726 11.690 0.000 0.000 0.000 16.461 72.454 103.447 94.443 70.440 47.441
66.237 68.237 64.240 66.238 81.238 80.239 76.239 72.241 71.242 67.244 88.246 78.248 89.250 80.252 96.255 92.257 85.260 86.263 97.266 103.270 92.271 93.273 85.274 93.276 101.277 74.279 65.280 66.281 66.283 65.285 65.286 67.288 62.290 11.294 71.301 62.308 1.317 3.327 0.000 0.000 0.000 4.830 82.907 80.119 110.134 110.088 105.608 106.434 103.315 103.276 103.232 103.189 103.148 103.108 103.068 103.030 102.991 102.953 102.915 104.875 109.831 78.795 18.760 0.000 0.000 0.000 0.000 0.000 13.447 64.440 99.436 49.434 0.000
68.244 4.244 63.245 66.245 66.245 66.246 65.247 66.248 68.250 66.252 78.254 73.256 82.259 93.261 81.264 66.267 67.270 68.273 69.276 74.279 87.281 97.283 103.284 101.285 90.287 66.288 66.288 66.289 66.291 66.291 67.293 90.294 63.296 3.298 67.303 17.308 11.315 4.321 0.000 0.000 0.000 14.783 102.991 105.195 110.177 103.942 103.646 103.379 103.357 103.310 103.267 103.225 103.184 103.144 103.105 103.067 103.030 102.993 104.956 89.915 43.858 10.826 0.000 0.000 0.000 0.000 0.000 0.000 0.000 35.429 97.428 49.427 0.000
69.250 2.251 63.251 66.252 66.252 66.253 66.254 67.256 5.257 65.260 69.262 80.265 80.268 88.271 93.274 79.277 64.280 64.283 64.286 66.289 68.291 69.293 70.295 70.296 69.296 68.297 64.297 64.298 65.298 66.298 77.299 91.299 62.300 56.301 58.303 0.000 0.000 4.321 0.000 0.000 0.000 18.842 101.957 110.262 110.220 102.799 103.527 103.430 103.386 103.342 103.300 103.259 103.219 103.180 103.142 103.104 103.068 103.032 107.999 63.973 0.000 0.000 0.000 0.000 0.000 0.000 0.000 0.000 0.000 38.420 98.419 57.418 0.000
