results3/res_3e8f-0072.wd
ncols         241
nrows         181
xllcorner     12693529.787448
yllcorner     3542525.717860
cellsize      155.156523
NODATA_value  -9999.000000
[rows 64 to 95 of 181, columns 74 to 147 of 241]
0.000 0.000 46.400 52.386 68.350 79.285 127.186 121.098 123.030 128.976 124.925 125.868 50.799 50.715 49.610 49.479 48.318 43.096 52.900 54.775 55.677 53.594 55.522 55.459 56.407 49.371 0.000 0.000 0.000 0.000 52.942 37.918 0.000 0.000 57.144 78.933 82.866 81.851 88.953 88.665 81.090 81.627 82.306 81.032 80.745 80.437 81.106 55.877 0.000 0.000 0.000 0.000 0.000 0.000 0.000 0.000 0.000 37.334 26.290 16.223 20.139 20.038 20.915 20.755 23.657 36.574 33.494 28.414 29.333 27.253 25.174 21.096 18.019 19.944
0.000 0.000 47.556 64.538 72.499 78.423 49.248 48.137 47.080 44.047 45.018 44.978 50.922 50.846 66.747 66.614 42.466 0.000 39.817 52.733 54.657 52.583 54.521 54.469 55.426 51.398 0.000 0.000 0.000 51.133 36.037 0.000 0.000 58.499 67.348 84.192 83.086 82.260 89.220 80.790 83.305 85.831 81.597 81.338 81.075 79.779 67.330 26.103 0.000 0.000 0.000 0.000 0.000 23.564 18.546 18.509 18.454 22.378 34.313 37.240 23.156 18.060 19.952 21.835 36.735 35.646 21.562 30.480 31.399 30.319 23.240 19.163 18.087 28.012
30.484 0.000 55.730 72.711 71.684 71.659 0.000 43.121 43.105 56.114 52.122 51.104 51.063 50.003 125.916 113.765 0.000 0.000 0.000 46.683 41.634 46.561 49.512 49.470 51.431 52.397 57.362 58.327 59.287 50.229 0.000 0.000 47.650 97.650 79.559 83.411 83.489 81.534 89.469 81.923 82.392 83.121 81.883 81.651 82.438 52.276 0.000 0.000 0.000 0.000 0.000 0.000 0.000 22.583 20.564 20.528 20.476 20.412 20.344 24.269 37.187 34.096 18.998 29.897 38.802 17.713 20.628 26.545 31.464 27.384 21.306 19.229 17.153 32.080
57.475 0.000 43.924 67.892 66.867 60.869 13.944 0.000 0.000 49.184 62.253 51.253 50.225 51.186 32.149 0.000 0.000 0.000 0.000 0.000 0.000 57.516 55.495 53.468 36.432 39.396 46.361 47.334 52.304 43.266 0.000 0.000 0.000 57.893 75.798 82.729 82.816 89.915 89.700 82.006 82.685 82.386 82.166 81.946 76.750 34.611 0.000 0.000 31.806 0.000 0.000 0.000 28.621 23.621 20.600 20.562 20.511 20.449 20.381 20.306 20.225 27.138 41.047 41.954 24.864 18.776 19.691 20.609 24.528 23.448 19.370 19.293 20.218 39.145
52.446 57.327 55.150 69.067 62.023 63.007 60.019 0.000 0.000 0.000 64.453 59.429 54.397 56.367 3.346 0.000 0.000 0.000 0.000 0.000 0.000 56.492 52.484 43.474 0.000 0.000 44.352 56.343 55.330 0.000 0.000 3.606 60.486 52.231 56.051 63.125 78.181 90.115 81.770 83.313 82.867 82.668 82.441 80.217 63.004 41.807 47.807 45.807 26.806 0.000 0.000 0.000 0.000 37.682 19.652 20.609 24.556 32.494 22.425 20.350 19.270 23.186 38.098 45.010 36.922 22.837 17.753 19.671 19.591 19.511 19.433 18.357 25.282 46.208
51.477 55.387 66.280 60.203 53.150 72.118 61.105 13.119 0.000 6.809 56.678 72.612 67.569 67.539 70.522 0.000 0.000 0.000 0.000 2.469 2.471 54.477 45.475 48.470 0.000 0.000 0.000 92.356 119.343 34.343 0.000 59.725 54.624 54.463 54.370 50.452 90.484 90.305 82.825 86.422 83.158 82.940 82.715 74.478 27.241 0.000 49.807 27.807 0.000 0.000 0.000 25.884 24.848 23.772 19.719 23.667 35.610 40.545 38.475 31.400 21.320 30.236 38.151 17.065 22.979 35.895 32.813 28.732 36.653 17.574 19.495 17.419 30.344 53.268
57.536 67.461 59.382 51.314 51.258 64.210 72.166 68.132 71.065 72.939 67.839 62.772 64.726 53.697 52.682 0.000 0.000 0.000 3.466 59.467 58.468 46.469 48.467 49.463 53.455 52.450 0.000 3.382 0.000 0.000 6.102 65.946 58.822 53.664 54.756 52.801 90.646 52.464 60.044 74.631 82.442 83.218 81.002 39.740 0.000 0.000 0.000 0.000 0.000 0.000 26.946 20.921 20.888 20.838 21.786 31.731 40.670 39.604 39.531 35.454 31.373 41.289 24.205 19.119 20.035 19.953 29.872 42.793 29.714 17.635 18.556 24.481 12.408 17.327
68.606 58.540 51.474 52.412 52.356 54.300 38.215 64.179 62.123 54.044 50.968 49.910 65.868 67.841 54.828 0.000 0.000 0.000 59.465 55.465 52.465 45.465 49.462 49.459 49.453 49.445 8.431 11.408 12.410 14.380 82.259 79.138 68.015 66.975 55.975 90.933 90.796 54.526 61.168 55.935 62.730 81.491 56.334 0.000 0.000 0.000 0.000 0.000 0.000 0.000 26.971 20.967 20.945 20.906 21.857 30.801 40.737 39.667 38.592 35.512 40.429 34.344 18.258 20.173 20.090 20.009 29.930 37.853 16.777 19.698 22.612 41.540 58.480 37.404
58.679 51.620 52.561 52.505 53.455 34.419 0.000 21.246 49.206 52.144 52.081 52.031 49.995 73.972 57.960 0.000 0.000 0.000 36.464 53.463 47.463 48.462 49.460 49.456 49.452 49.446 60.440 0.430 4.441 21.473 74.415 84.324 6.220 88.146 78.341 91.052 53.117 66.754 63.391 53.254 50.050 46.683 31.508 0.000 0.000 22.578 0.000 0.000 0.000 0.000 23.000 21.030 21.018 20.984 20.936 21.878 27.811 35.737 35.658 35.574 39.487 17.400 20.312 20.226 19.143 25.062 41.986 24.913 18.842 21.766 2.655 3.588 34.569 0.000
51.755 52.700 52.644 52.591 55.542 11.501 9.470 2.381 47.311 52.246 54.180 52.138 51.109 69.090 65.081 0.000 0.000 0.000 0.000 44.461 47.461 49.460 49.458 49.455 49.452 51.448 37.444 0.000 0.000 71.655 74.605 85.525 91.403 85.510 83.547 91.153 74.175 76.873 61.710 54.611 47.534 0.000 0.000 0.000 0.000 20.578 0.000 0.000 0.000 0.000 0.000 24.135 21.115 21.077 21.026 20.963 20.892 20.813 27.728 35.639 23.547 20.455 20.365 20.276 23.192 36.113 36.039 17.971 19.913 22.870 0.000 0.000 61.639 51.648
52.833 52.780 52.725 52.672 52.621 56.574 57.528 57.469 53.411 53.349 33.254 50.234 51.214 67.199 66.192 0.000 0.000 0.000 0.000 43.460 49.459 49.458 49.457 49.455 49.453 37.451 0.000 0.000 0.237 76.888 82.826 85.737 85.689 84.768 91.288 83.672 86.385 81.070 66.008 55.945 54.941 55.082 0.000 0.000 0.000 17.579 24.580 17.580 0.000 0.000 0.000 39.261 20.230 21.184 21.126 21.058 21.981 20.895 20.803 20.706 20.608 20.510 20.415 19.323 25.237 40.158 17.085 20.021 19.967 21.932 0.000 0.000 63.701 55.685
52.913 52.860 52.806 52.751 52.696 52.646 52.599 52.555 52.515 56.484 0.000 43.328 52.315 68.302 63.295 0.000 0.000 0.000 0.000 48.459 51.459 51.458 51.457 49.456 52.455 0.000 0.000 0.000 69.343 75.179 86.074 85.951 86.058 84.104 91.504 84.814 89.456 85.344 86.274 74.223 62.203 51.224 46.223 48.223 0.000 0.000 23.581 18.580 24.575 25.560 23.518 29.418 39.359 21.302 22.238 31.163 38.078 19.984 20.882 20.775 20.668 20.562 19.461 24.365 43.276 37.196 26.123 19.059 20.005 21.959 36.918 54.859 55.779 55.733
52.995 52.942 52.887 52.828 52.768 52.714 55.668 53.638 52.610 56.589 0.000 43.435 52.415 69.397 61.392 1.428 0.000 0.000 0.000 21.459 31.458 30.458 30.457 51.456 36.455 0.000 0.000 0.000 71.511 81.414 86.308 86.259 85.359 92.172 91.857 85.890 86.731 85.585 85.526 86.469 77.423 42.386 0.000 0.000 0.000 0.000 21.583 21.585 18.586 20.585 21.578 20.536 27.486 41.428 24.360 22.279 32.186 20.080 20.965 20.846 20.727 20.611 20.502 28.400 41.308 28.226 40.153 18.089 19.033 23.983 44.935 56.881 55.823 55.773
53.080 53.027 52.971 52.908 55.835 57.775 29.720 50.718 53.698 55.673 15.650 46.563 51.514 63.479 61.461 2.462 0.000 0.000 0.000 0.000 0.000 0.000 0.000 32.456 0.000 0.000 0.000 19.945 69.775 86.656 86.527 86.637 84.718 92.456 84.492 90.194 85.885 85.836 85.766 85.704 75.636 36.511 0.000 0.000 0.000 0.000 0.000 24.592 25.598 12.618 20.672 21.660 21.621 25.566 41.495 24.408 21.306 21.186 21.053 20.917 20.782 18.654 24.535 43.426 24.330 23.247 37.174 21.111 19.055 26.005 51.957 56.909 55.859 55.808
53.166 53.115 53.062 54.997 30.888 32.831 0.000 12.818 48.790 52.755 56.713 52.654 55.598 60.545 65.511 4.486 0.000 0.000 0.000 0.000 0.000 0.000 0.000 0.000 0.000 0.000 3.235 79.114 80.991 86.879 86.829 85.944 92.966 92.720 85.563 86.274 86.142 86.070 86.003 84.946 64.905 0.000 0.000 0.000 0.000 0.000 0.000 0.000 16.598 0.000 27.831 24.813 20.774 20.718 22.645 39.554 28.442 20.305 21.146 20.985 19.832 24.689 26.557 25.440 22.340 20.257 20.187 20.126 21.073 34.025 55.981 56.938 58.895 54.847
53.253 53.206 53.163 58.131 0.000 0.000 19.028 10.944 44.890 53.843 51.795 53.740 65.680 37.592 31.552 0.000 0.000 0.000 0.000 0.000 0.000 0.000 0.000 0.000 0.000 0.000 66.356 71.286 85.196 87.076 87.203 85.295 93.192 85.077 86.748 86.437 86.375 86.297 86.230 78.173 55.133 0.000 0.000 0.000 0.000 0.000 0.000 0.000 0.000 0.000 32.008 26.986 20.945 18.887 21.813 21.721 37.604 30.448 21.241 22.046 19.871 26.712 26.567 23.435 17.334 20.255 20.189 22.134 36.085 55.042 57.003 59.967 51.936 12.913
52.337 52.293 52.256 55.232 25.236 22.196 54.112 59.041 52.984 50.933 57.883 67.833 70.789 0.000 0.000 0.000 0.000 0.000 0.000 0.000 0.000 0.000 0.000 0.000 0.000 0.000 68.547 76.482 86.393 87.383 86.420 93.609 93.407 86.116 86.816 86.674 86.593 86.517 86.447 68.381 50.322 0.000 0.000 0.000 0.000 0.000 0.000 0.000 0.000 0.000 30.208 28.179 28.132 25.072 18.001 19.915 20.805 36.642 36.323 33.087 29.894 22.723 21.563 18.400 19.307 20.239 24.183 44.134 56.092 56.054 57.021 55.993 46.970 3.957
67.415 66.372 64.335 61.305 62.280 62.240 59.183 60.125 62.071 62.021 67.971 69.920 27.854 0.000 0.000 0.000 0.000 0.000 0.000 0.000 0.000 0.000 0.000 0.000 7.063 14.985 69.803 86.695 87.604 87.553 86.781 93.797 85.606 87.275 86.958 86.890 86.805 86.730 84.660 66.582 37.452 0.000 0.000 0.000 0.000 0.000 0.000 0.000 0.000 0.000 20.437 24.391 27.332 28.269 27.203 24.132 20.058 13.991 0.000 0.000 0.000 0.000 0.000 22.294 20.255 23.211 44.169 57.130 56.094 57.063 60.035 56.013 52.996 33.986
66.488 65.445 67.407 69.373 68.340 67.301 65.254 63.205 63.156 64.108 60.061 60.021 0.000 0.000 0.000 0.000 0.000 0.000 0.000 0.000 0.000 0.000 0.000 0.000 56.142 79.087 77.986 86.894 87.783 87.910 86.013 93.972 87.705 87.306 87.179 87.091 87.011 86.939 82.879 62.836 0.000 0.000 0.000 0.000 0.000 0.000 0.000 0.000 0.000 27.882 22.713 19.614 21.538 26.471 28.409 28.353 29.305 20.274 0.000 0.000 0.000 0.000 0.000 23.228 21.209 37.182 58.152 56.122 56.093 56.068 57.045 56.027 56.014 47.007
52.556 53.514 60.476 69.441 75.406 63.369 57.328 52.285 50.241 49.194 55.143 34.082 0.000 0.000 0.000 0.000 0.000 0.000 0.000 0.000 0.000 0.000 0.000 0.000 62.277 78.235 86.163 88.080 88.050 87.181 94.282 94.133 89.730 87.533 87.368 87.288 87.207 87.137 82.081 57.048 0.000 0.000 0.000 0.000 0.000 0.000 0.000 0.000 28.194 23.051 22.918 22.816 21.734 18.666 23.610 27.566 28.536 25.526 0.000 0.000 0.000 0.000 26.165 20.179 24.173 52.156 56.135 56.112 56.090 56.069 56.051 56.037 56.026 31.021
51.619 55.579 60.542 62.508 65.474 55.440 51.404 52.367 52.327 54.285 32.235 0.000 0.000 0.000 0.000 0.000 0.000 0.000 0.000 0.000 0.000 0.000 0.000 0.000 48.452 77.413 87.351 88.255 88.387 86.498 94.418 87.293 88.961 87.637 87.567 87.476 87.394 87.321 78.262 51.226 0.000 0.000 0.000 0.000 0.000 0.000 0.000 27.471 23.337 23.210 23.094 22.997 22.917 22.851 19.800 18.764 21.748 28.768 28.864 0.000 0.000 0.000 20.151 21.152 39.147 56.135 55.119 55.102 56.085 56.068 56.054 56.042 55.034 21.030
51.678 53.640 54.605 52.574 51.543 52.513 51.483 51.450 51.416 56.384 1.368 0.000 0.000 0.000 0.000 0.000 0.000 0.000 0.000 0.000 0.000 0.000 0.000 0.051 56.668 85.615 88.544 88.520 87.654 94.667 94.547 90.297 87.993 87.844 87.750 87.658 87.571 88.490 68.418 56.368 0.000 0.000 27.225 0.000 26.928 28.873 28.769 23.606 23.474 23.357 23.252 23.161 23.085 23.022 22.974 21.941 18.926 27.934 28.961 21.960 0.000 0.000 28.135 20.133 28.128 34.118 37.106 41.093 47.079 53.066 55.054 55.045 53.038 18.035
52.732 52.697 52.666 52.638 51.612 51.588 51.563 51.536 50.503 58.462 9.431 0.000 0.000 0.000 0.000 0.000 0.000 0.000 0.000 0.000 0.000 0.000 0.000 41.102 76.936 87.836 88.725 88.868 86.961 94.774 87.763 89.431 88.111 88.031 87.931 87.836 87.743 88.650 60.553 38.461 0.000 0.000 23.225 0.000 21.984 23.923 23.827 23.709 23.596 23.491 23.396 23.312 23.239 23.179 23.133 21.100 23.082 29.079 26.085 0.000 0.000 0.000 27.121 26.118 25.113 24.105 23.095 22.084 26.072 37.062 33.053 35.045 39.040 20.037
50.783 50.751 50.724 50.700 50.680 50.662 51.646 53.628 55.599 30.530 0.000 0.000 0.000 0.000 0.000 0.000 0.000 0.000 0.000 8.196 0.000 0.000 11.398 52.269 83.141 89.028 89.015 88.044 94.961 94.872 90.759 88.461 88.307 88.209 88.110 88.012 87.915 83.815 30.684 0.000 0.000 0.000 23.226 29.201 24.101 24.007 23.909 23.809 23.711 23.617 23.530 23.450 23.381 23.324 23.278 20.245 29.225 29.216 25.216 0.000 0.000 0.000 26.110 25.106 26.100 26.093 26.084 26.075 26.066 25.057 25.050 24.043 23.039 23.036
51.828 54.801 58.778 61.759 65.745 67.735 70.730 69.730 61.734 0.027 11.087 35.108 3.127 0.000 0.000 0.000 0.000 0.000 39.218 66.196 6.168 0.000 45.527 78.434 88.323 89.221 89.151 88.375 95.036 87.210 88.891 88.569 88.489 88.387 88.288 88.188 89.089 76.010 0.000 0.000 0.000 0.000 3.251 23.277 24.211 26.096 25.992 23.906 23.822 23.737 23.655 23.579 23.513 23.456 20.410 25.377 28.355 29.346 20.346 0.000 0.000 0.000 10.103 31.096 31.090 28.083 25.075 25.067 26.059 27.052 27.045 26.040 26.037 27.035
52.870 59.847 68.828 69.814 68.805 67.803 66.809 63.829 57.873 32.984 50.065 68.112 37.146 21.175 0.000 0.000 0.000 10.268 49.240 63.202 2.141 20.947 62.749 87.616 90.507 89.352 89.566 87.542 95.100 89.201 88.912 88.760 88.663 88.565 88.466 88.362 90.243 34.127 0.000 0.000 0.000 0.000 0.000 19.445 25.372 6.175 6.056 23.002 23.933 23.854 23.774 23.700 23.634 22.577 20.531 29.497 29.474 26.466 20.476 26.527 0.000 0.000 0.000 42.086 57.081 50.074 46.066 42.058 38.051 41.045 41.040 24.036 25.034 26.033
53.907 56.888 59.873 58.863 56.859 54.863 52.876 50.902 50.946 60.014 62.078 59.128 56.169 60.204 8.233 0.000 0.000 50.295 80.273 31.231 27.160 61.038 84.903 89.786 89.652 89.778 87.735 95.184 87.617 89.329 89.011 88.935 88.838 88.744 88.650 91.549 48.396 0.000 0.000 0.000 0.000 0.000 0.000 21.685 26.657 0.000 0.000 20.115 24.054 23.972 23.889 23.813 23.746 20.688 28.642 29.605 28.580 19.567 23.566 23.578 0.000 0.000 0.000 10.081 40.076 58.065 57.057 57.050 57.043 57.038 51.034 41.031 27.029 5.031
53.941 53.925 52.914 52.907 53.906 53.913 53.929 51.956 52.997 58.049 61.103 57.154 52.200 55.238 10.263 0.000 0.000 42.344 52.327 30.289 63.229 78.142 87.041 89.941 89.886 88.993 95.579 95.330 88.615 89.341 89.195 89.103 89.010 88.922 88.843 91.789 0.000 0.000 7.175 16.175 0.000 0.000 23.079 25.955 24.914 31.962 0.000 20.289 24.196 24.091 23.997 23.916 21.848 23.789 29.741 29.703 21.674 22.655 23.644 23.641 0.000 0.000 0.000 0.000 0.000 40.056 56.046 56.040 56.035 56.030 57.027 57.024 32.023 0.000
53.971 53.958 53.949 53.945 53.946 53.955 52.971 51.998 56.035 60.081 60.133 55.186 51.238 56.284 9.318 0.000 0.000 38.411 7.399 54.371 78.325 84.259 90.187 90.055 90.280 88.280 95.800 88.049 89.756 89.439 89.366 89.270 89.179 89.091 96.009 79.974 0.000 3.175 53.175 39.175 0.000 0.000 18.202 26.143 25.081 25.010 30.849 28.557 27.350 24.199 24.092 24.009 20.940 28.881 29.831 25.791 20.759 23.735 23.716 25.701 29.713 0.000 0.000 0.000 0.000 0.000 53.033 56.030 56.026 56.022 57.019 55.016 29.015 0.000
53.998 53.987 53.980 53.977 53.979 52.988 52.004 54.029 58.064 61.108 57.161 52.219 51.281 54.344 36.406 23.485 24.513 20.490 21.488 61.472 82.439 88.391 90.307 90.467 88.476 96.185 96.001 89.063 89.772 89.621 89.528 89.435 89.345 94.254 37.129 52.125 22.164 53.174 61.176 0.000 0.000 0.000 17.385 26.335 25.257 25.149 34.982 45.738 19.450 29.262 25.163 22.088 24.021 29.963 28.913 19.871 22.838 23.810 23.783 10.736 11.724 0.000 0.000 0.000 0.000 0.000 34.023 55.020 56.017 56.014 60.011 56.008 45.006 0.000
54.023 54.013 54.006 54.003 54.006 52.014 52.028 56.050 63.083 64.128 60.183 55.248 53.323 53.406 55.477 55.536 64.565 5.549 39.591 77.591 84.568 90.531 90.526 89.682 96.513 96.354 89.434 90.209 89.866 89.787 89.688 89.596 89.513 97.451 0.000 35.232 37.193 27.182 29.179 0.000 0.000 0.000 20.619 26.554 25.463 31.346 47.191 23.964 0.000 10.237 23.212 21.157 29.095 30.037 25.986 22.943 23.910 23.885 25.869 0.000 0.000 0.000 0.000 0.000 0.000 26.016 7.017 46.011 56.008 56.005 61.002 55.999 55.994 44.985
54.044 54.035 54.028 54.025 53.027 52.033 54.044 61.062 38.089 14.137 13.196 10.267 40.357 57.481 52.558 55.619 36.660 0.000 44.737 82.731 88.720 90.643 90.916 88.964 96.659 89.781 90.552 90.115 90.051 89.941 89.842 89.748 90.661 88.585 10.526 10.379 0.000 0.000 0.000 0.000 0.000 20.094 27.918 25.801 24.694 44.582 48.472 0.000 0.000 0.000 19.291 25.234 30.166 30.104 20.050 24.007 23.974 23.951 26.939 0.000 0.000 0.000 0.000 0.000 0.000 5.016 0.000 34.001 55.999 55.997 61.995 55.992 55.988 49.983
