results3/res_3e8f-0177.wd
ncols         241
nrows         181
xllcorner     12693529.787448
yllcorner     3542525.717860
cellsize      155.156523
NODATA_value  -9999.000000
[rows 132 to 164 of 181, columns 0 to 72 of 241]
96.115 101.114 105.114 105.113 107.112 107.111 101.109 92.107 78.105 67.103 66.100 67.096 66.093 65.089 70.084 84.079 95.073 100.067 100.059 97.050 89.040 80.027 71.012 64.993 69.969 71.940 70.905 71.867 69.834 64.804 78.774 101.745 68.721 0.000 0.000 0.000 8.495 60.489 72.484 69.464 71.449 77.441 95.442 81.448 65.457 64.468 64.483 76.499 97.517 38.536 11.559 6.593 0.000 0.000 0.000 0.000 0.000 0.000 0.000 0.000 0.000 0.000 2.833 0.833 27.833 7.774 11.714 52.626 75.491 79.396 79.292 89.381 116.849
74.119 76.119 79.118 85.117 95.116 101.115 106.113 106.112 99.109 85.107 74.104 68.101 72.097 79.093 92.088 107.083 106.077 103.070 103.062 106.053 106.043 102.031 90.016 77.998 69.977 64.952 65.925 64.896 65.869 73.844 95.822 103.804 15.792 0.000 0.000 0.000 18.502 46.508 64.533 73.530 74.519 71.507 72.511 82.516 77.523 70.531 74.540 82.551 95.564 36.580 22.599 28.627 8.657 0.000 0.000 0.000 0.000 0.000 0.000 0.000 0.000 0.000 0.000 0.000 9.927 0.000 59.745 81.672 77.558 86.535 77.602 116.968 105.730
66.124 66.123 66.123 68.122 73.121 77.120 84.118 93.116 101.114 104.112 98.109 96.105 98.102 101.097 100.093 93.088 84.082 82.075 82.067 87.058 93.048 100.036 103.022 102.006 90.988 80.967 75.945 73.923 82.902 98.883 99.867 85.856 18.851 0.000 0.000 0.000 0.000 0.000 47.612 74.603 53.588 41.557 56.577 71.584 86.588 90.592 92.596 93.602 89.609 16.619 3.628 31.660 28.687 16.716 22.730 16.735 0.000 0.000 0.000 0.000 0.000 0.000 44.168 14.115 80.020 101.961 134.820 90.798 85.855 66.816 102.884 107.410 107.320
67.128 67.128 67.128 67.127 66.126 65.125 67.123 72.121 78.119 88.117 98.114 100.110 93.107 83.103 77.098 69.093 65.087 65.080 65.073 67.064 72.055 78.044 85.031 97.017 102.001 103.984 102.966 98.949 101.932 94.918 76.907 68.901 47.905 5.926 0.000 0.000 0.000 0.000 40.698 73.684 16.673 0.000 49.656 74.655 93.654 101.653 87.651 90.650 76.653 34.659 0.675 58.696 27.716 19.732 30.737 30.741 1.744 0.000 0.000 0.000 0.000 31.274 50.220 123.160 152.082 134.967 118.525 117.475 109.149 107.794 107.674 107.547 72.769
67.134 67.133 67.133 67.132 67.131 67.130 67.128 66.127 66.124 69.122 75.119 74.116 70.112 66.108 66.104 66.099 67.093 67.087 67.080 67.072 66.063 65.053 67.042 73.029 80.016 89.002 96.987 92.973 81.961 69.950 65.942 70.938 78.940 54.948 32.954 32.945 18.921 19.877 55.800 76.760 26.748 8.763 68.736 100.726 102.720 81.714 84.705 83.693 71.692 60.701 11.706 39.716 13.748 1.759 14.747 1.745 3.748 1.745 0.000 0.000 0.000 12.331 75.277 81.196 77.185 78.346 76.323 108.116 108.015 107.908 75.110 77.890 79.764
67.139 67.139 67.138 67.138 67.137 67.136 67.134 67.132 67.130 67.128 66.125 66.122 66.118 67.114 67.110 67.105 67.100 67.094 67.088 67.080 67.072 67.063 67.053 66.043 65.031 66.020 70.008 67.997 66.987 70.979 73.973 72.969 70.969 72.971 72.970 69.961 69.942 73.910 48.864 34.807 23.797 41.805 86.800 100.794 80.787 73.778 72.762 52.726 48.723 11.749 0.000 0.000 1.826 3.829 0.000 0.000 7.759 22.741 37.698 7.636 21.557 84.411 91.400 89.473 87.461 88.543 108.305 108.212 89.349 96.143 89.000 94.775 86.619
67.145 67.144 67.144 67.143 67.142 67.141 67.140 67.138 67.136 67.134 67.131 67.128 67.125 67.121 67.117 67.112 67.107 67.102 67.096 66.090 73.082 75.074 67.066 66.056 65.047 66.037 68.028 71.019 74.012 73.005 68.001 68.998 75.997 78.996 74.993 68.986 65.974 74.957 5.940 0.000 8.828 81.859 90.865 77.862 69.855 89.847 35.840 0.000 0.000 1.888 2.917 2.916 2.889 3.881 0.000 0.000 32.787 74.762 103.720 64.659 97.546 105.706 102.670 101.762 108.564 108.481 108.395 101.430 103.311 103.011 101.874 100.809 18.728
67.151 67.150 67.150 67.149 67.148 67.147 67.146 67.145 67.143 67.140 70.138 70.135 68.131 72.128 70.124 67.120 67.115 67.111 66.105 64.099 75.093 83.086 69.079 66.071 68.063 71.055 73.047 72.041 69.035 71.030 76.027 78.025 79.024 79.023 74.021 68.017 77.011 96.004 14.999 0.000 0.000 55.939 78.938 75.933 79.926 99.916 33.911 0.000 2.957 2.936 2.946 2.943 2.919 4.926 0.000 30.888 82.844 98.798 101.733 106.736 103.905 100.897 108.789 108.718 108.643 100.735 101.523 102.399 102.082 102.056 94.990 71.900 0.000
67.157 67.156 67.156 67.155 67.155 67.154 67.153 67.151 67.149 68.147 75.145 75.142 52.138 20.135 41.130 71.127 65.124 68.120 74.115 77.110 77.104 73.098 69.092 70.085 73.079 72.072 71.066 73.061 77.057 77.054 79.052 78.051 69.050 64.051 66.051 79.051 98.050 108.050 30.052 0.000 0.000 31.019 87.015 89.008 95.998 94.981 30.977 0.000 2.978 0.984 1.988 2.991 0.000 8.977 34.975 78.940 100.870 103.894 102.989 102.995 102.091 108.924 108.858 100.934 101.737 102.602 102.392 102.250 102.209 94.144 86.104 0.000 0.000
67.163 67.163 67.162 67.162 67.161 67.160 67.159 67.158 67.157 69.155 78.152 89.149 65.145 2.142 8.136 56.136 82.133 74.130 72.126 72.121 70.116 69.111 71.105 73.100 71.094 67.089 69.084 81.081 83.078 73.076 67.075 64.076 64.077 69.079 83.081 99.084 96.088 80.094 52.107 20.134 14.135 58.103 87.094 69.088 60.075 52.032 17.040 1.108 1.039 22.032 13.030 3.040 0.000 28.032 79.015 100.943 103.150 102.150 102.264 109.112 109.052 108.989 100.993 102.880 102.595 102.472 102.419 102.349 96.276 83.214 73.179 0.000 0.000
67.169 67.169 67.169 67.168 67.168 67.167 67.166 67.165 67.164 69.163 79.161 66.158 22.152 4.153 0.000 24.146 78.144 70.140 72.136 71.132 69.128 72.123 73.119 70.114 67.109 63.105 73.102 87.099 74.098 64.097 65.098 70.100 80.103 91.106 102.111 95.116 73.123 68.133 87.146 94.161 95.168 99.165 74.168 35.175 7.183 0.000 1.270 1.278 0.000 35.046 22.060 2.105 33.127 79.079 101.112 103.313 102.338 109.277 109.224 109.170 101.255 102.057 102.949 102.649 102.637 102.579 102.507 103.418 91.340 62.258 51.218 9.218 3.218
66.176 66.176 67.175 67.175 67.175 67.174 67.174 67.173 67.172 70.171 80.170 51.169 0.000 10.164 48.165 50.159 67.155 69.151 57.148 39.144 77.140 72.136 68.132 67.128 65.124 67.121 83.118 86.117 68.116 71.117 83.120 92.123 101.128 99.133 87.139 73.147 66.157 82.168 86.182 74.197 55.210 53.222 41.238 21.262 10.299 4.377 2.405 22.424 17.441 0.000 0.000 27.180 79.234 102.355 103.388 101.508 109.375 109.327 101.414 102.228 103.109 102.917 102.797 102.776 102.725 102.676 105.608 69.479 49.410 0.000 0.000 0.000 0.000
75.183 73.183 70.182 68.181 65.181 65.181 65.181 65.181 64.180 69.179 81.179 64.178 45.180 53.175 71.173 67.169 64.165 70.162 65.159 52.156 72.152 66.149 65.146 65.142 67.139 81.136 89.134 55.133 47.133 97.136 102.140 97.145 86.152 76.159 68.167 64.176 75.188 87.201 55.217 30.234 13.254 4.275 21.301 20.334 10.376 11.426 14.459 42.474 26.458 0.000 0.000 59.472 101.514 100.647 109.512 109.468 109.423 101.448 103.345 103.072 102.966 102.938 104.897 99.848 101.819 102.793 113.772 0.000 0.000 0.000 0.000 0.000 0.000
76.191 78.190 84.188 85.187 85.188 82.189 83.189 82.189 81.188 81.188 83.187 66.187 70.186 69.184 66.181 69.179 69.176 68.173 73.170 75.168 69.165 63.162 65.159 67.156 81.153 86.150 75.148 69.147 78.149 101.153 84.160 75.167 67.175 65.183 67.193 66.204 80.217 89.232 53.250 29.270 17.294 19.323 22.357 14.398 15.444 21.491 23.531 16.556 0.000 0.000 37.717 79.734 109.630 109.593 109.554 101.679 102.487 103.388 103.098 103.096 104.056 104.012 76.970 54.909 89.910 103.905 108.914 48.972 0.000 0.000 0.000 0.000 0.000
69.199 63.198 16.192 18.192 27.195 74.197 71.197 71.197 71.197 75.196 84.196 65.195 66.194 65.192 68.191 72.188 73.186 71.184 70.182 73.180 74.177 71.175 65.173 82.170 88.167 79.164 85.161 102.160 99.162 81.168 69.179 65.188 67.197 67.206 66.217 71.229 87.244 89.260 81.280 84.303 55.331 17.365 9.408 8.457 20.510 27.565 17.617 14.666 6.693 32.853 80.889 109.699 109.666 101.818 102.629 103.518 103.333 103.220 103.207 104.162 102.122 96.084 21.064 0.000 72.005 107.002 104.009 103.029 0.000 0.000 0.000 0.000 0.000
67.209 59.209 0.000 0.204 9.205 70.205 66.205 66.205 66.205 70.205 84.204 62.203 66.203 70.201 72.200 73.198 70.197 67.195 65.193 67.192 77.190 90.188 85.186 86.184 63.181 57.177 109.171 95.168 62.170 22.179 42.198 70.209 67.219 67.229 69.240 62.253 46.268 36.286 48.306 88.331 64.361 17.400 12.450 7.512 16.574 21.640 15.708 20.769 20.851 58.984 109.749 101.005 104.745 103.652 103.467 103.359 103.337 103.303 104.263 104.228 69.190 45.137 31.138 34.145 85.103 106.090 102.091 93.106 11.141 0.000 0.000 0.000 0.000
67.220 67.221 50.226 0.215 10.214 71.214 67.214 67.214 66.214 67.213 82.213 69.212 72.211 74.211 73.209 68.208 65.207 66.206 66.205 65.204 75.203 98.202 94.201 81.199 74.197 65.192 41.179 30.173 17.172 0.000 23.227 72.232 67.240 69.250 52.261 26.274 11.290 8.308 50.329 67.353 36.382 8.423 11.482 16.567 23.636 19.713 13.807 6.891 10.186 58.212 109.813 103.893 103.656 103.479 103.466 103.432 103.393 103.357 101.324 92.295 25.273 0.000 42.204 101.195 106.174 104.162 98.159 88.165 6.175 0.000 0.000 0.000 0.000
64.228 66.229 63.231 0.000 6.223 71.223 66.223 64.223 66.222 70.222 74.222 73.221 73.221 71.220 65.219 66.218 66.217 67.217 67.216 72.215 90.215 89.215 82.215 91.215 89.216 60.216 0.000 0.000 0.000 0.000 21.250 72.253 67.260 70.269 41.280 3.294 37.310 63.328 83.349 52.371 4.390 0.473 0.548 5.637 15.690 15.771 15.880 10.127 6.794 109.994 109.906 102.798 103.647 103.549 103.517 103.481 103.446 105.412 90.381 73.354 33.334 9.325 57.280 87.255 96.237 105.224 94.218 83.218 5.220 0.000 0.000 0.000 0.000
71.236 69.237 58.238 0.000 57.233 65.232 67.232 71.232 72.231 73.231 71.231 72.230 70.230 66.229 66.229 67.228 67.228 66.228 68.227 91.227 90.227 72.228 85.229 83.231 87.234 85.241 48.258 4.268 13.273 43.274 48.269 68.271 67.277 67.285 62.297 54.310 71.327 70.346 64.367 86.391 34.413 0.499 0.573 9.663 14.716 12.795 13.894 38.042 62.435 110.077 105.123 104.874 104.615 103.604 103.566 103.531 104.497 102.464 57.434 34.407 46.384 47.363 101.334 103.311 83.293 93.280 88.272 61.269 26.268 0.000 0.000 0.000 0.000
72.244 73.244 70.245 58.246 72.243 72.241 72.241 73.240 73.240 74.240 86.239 68.239 66.239 66.239 67.239 67.238 67.238 68.238 82.238 93.239 68.239 72.241 99.242 91.245 79.249 82.255 85.265 69.272 74.278 89.280 82.282 70.285 63.291 63.300 74.311 90.324 77.341 49.360 21.384 76.412 65.451 14.515 17.578 22.646 18.716 9.803 11.870 53.150 105.396 110.154 102.103 104.756 105.686 103.650 103.615 103.580 96.546 86.514 43.484 14.456 23.431 24.407 85.383 127.361 108.344 84.330 76.321 55.317 64.315 17.315 0.000 3.512 7.512
77.251 77.251 73.251 73.252 73.251 74.250 74.249 70.249 67.249 66.248 29.248 19.248 70.248 67.248 67.248 67.248 66.248 69.249 93.249 79.250 64.251 70.253 87.255 104.258 99.262 96.267 94.273 90.279 86.284 85.288 93.292 90.296 84.303 80.311 83.322 87.336 49.352 13.372 12.395 28.423 24.465 9.520 18.571 28.630 24.700 15.799 8.957 52.208 110.298 110.227 104.995 106.841 103.730 103.699 104.663 100.628 84.594 77.562 83.532 89.503 73.477 95.452 110.429 127.408 136.390 120.377 82.367 87.361 62.359 0.000 0.000 0.000 0.000
16.259 17.258 77.258 72.258 72.258 67.258 64.258 66.257 61.257 14.257 14.257 3.257 71.257 67.258 67.258 67.258 67.259 85.259 92.260 65.261 67.262 67.264 70.266 76.269 78.273 78.277 74.283 77.288 93.292 86.296 77.301 80.306 87.313 91.321 94.331 91.344 66.361 31.380 14.401 13.419 0.000 2.528 13.559 22.601 6.650 0.000 22.165 82.410 110.365 102.335 106.064 105.801 103.786 103.746 104.710 99.675 86.641 52.608 59.577 102.548 113.521 145.496 136.472 108.451 96.433 113.419 92.409 86.403 61.402 0.430 0.000 0.000 0.000
3.266 12.265 26.263 81.265 66.266 64.266 66.266 66.266 67.266 14.266 5.266 60.266 68.267 67.267 67.267 67.268 69.269 93.269 78.270 64.271 67.273 67.275 67.277 66.280 66.284 66.287 65.292 72.296 101.300 80.305 11.309 19.314 31.320 82.328 92.338 76.350 81.366 68.386 20.409 17.434 2.468 7.505 20.534 12.566 0.000 0.000 40.329 110.495 110.431 105.218 106.960 102.869 103.831 103.792 103.755 103.720 90.686 53.653 68.621 105.592 101.563 135.537 130.513 99.491 104.472 90.457 71.446 89.440 67.441 1.456 0.000 0.000 0.000
65.274 61.274 0.000 73.274 83.274 84.274 65.274 77.274 84.274 60.275 58.275 68.275 67.276 67.276 67.277 67.278 86.278 90.279 65.280 67.282 66.283 65.285 67.288 67.291 67.294 67.297 66.301 74.305 103.308 84.312 30.317 3.321 54.327 79.334 92.342 71.352 61.366 20.389 13.416 16.439 14.465 22.490 26.508 0.538 0.000 19.246 81.500 110.557 102.472 106.196 105.939 103.918 103.876 103.837 103.800 104.764 95.729 84.696 107.664 132.633 120.604 137.577 134.551 128.528 135.508 101.491 78.478 88.471 96.469 25.474 0.000 0.000 0.000
67.283 66.284 61.286 67.284 66.283 14.282 88.282 80.283 67.283 68.283 68.284 67.284 67.285 67.286 67.286 70.287 93.288 76.289 66.290 67.292 73.293 81.296 67.298 65.301 67.303 66.306 69.310 93.313 101.316 76.320 64.324 52.328 74.332 73.337 34.343 19.350 16.358 0.000 5.426 5.443 6.463 7.483 9.496 0.000 22.297 79.457 101.633 110.617 103.434 104.078 104.001 103.960 103.919 103.880 103.843 104.806 95.771 78.737 74.705 107.673 97.643 111.615 114.588 102.562 104.540 76.520 53.505 67.495 134.491 87.493 22.501 12.505 34.509
67.290 67.291 67.291 67.291 67.291 61.290 77.291 93.291 69.291 66.292 67.292 67.293 67.294 67.295 66.296 89.297 91.298 65.299 67.300 68.301 65.303 27.306 86.308 81.310 68.313 66.316 84.318 103.321 87.324 67.327 67.331 68.334 71.337 75.340 12.343 13.347 0.000 2.417 17.419 0.000 0.440 0.000 0.000 0.000 45.405 102.587 110.730 110.674 103.318 104.154 104.038 104.003 103.961 103.922 103.884 102.848 87.812 89.778 109.744 128.712 127.681 132.651 137.622 124.594 122.568 109.545 58.527 56.514 132.508 96.505 34.504 27.507 92.510
67.298 67.298 67.298 67.298 67.298 67.298 67.298 78.299 93.300 69.300 66.301 67.302 67.303 65.304 73.305 94.306 74.307 66.308 68.309 66.310 8.313 5.315 74.318 75.320 81.322 80.325 88.327 87.330 68.332 66.335 68.337 71.340 76.342 76.344 0.000 0.000 0.000 4.415 28.415 15.415 16.415 15.415 0.000 6.500 53.647 107.801 110.784 102.655 104.371 104.107 104.087 104.043 104.002 103.963 103.925 103.888 89.852 85.817 106.783 107.749 107.717 110.686 110.655 109.625 114.595 87.565 63.542 78.528 93.520 32.516 0.000 0.000 36.513
67.305 69.305 69.305 67.305 67.305 67.306 67.306 67.307 78.308 93.309 69.309 64.311 64.312 81.313 93.314 87.316 64.317 67.318 63.318 9.317 6.323 60.325 67.328 67.330 73.332 90.334 90.336 83.338 76.340 68.342 55.344 25.346 90.348 70.349 0.000 0.000 0.000 3.412 17.412 10.413 24.414 13.414 0.000 6.648 26.744 110.890 110.838 103.525 104.259 104.165 104.124 104.082 104.042 104.002 103.964 104.927 99.891 89.855 84.820 83.786 83.753 83.720 83.688 87.655 61.620 5.578 31.549 87.535 83.527 44.524 6.525 0.000 35.517
68.312 5.312 6.311 67.312 66.313 65.313 65.314 64.315 64.316 77.317 92.318 85.319 92.321 94.322 81.324 65.325 72.327 72.328 60.330 0.000 8.335 71.336 67.338 69.339 93.341 100.343 78.344 69.346 76.348 83.349 71.351 7.353 50.354 68.355 0.000 0.000 0.000 4.408 10.409 7.412 21.413 0.000 0.000 6.720 12.042 110.941 108.774 104.489 104.230 104.207 104.162 104.120 104.080 104.041 104.003 103.965 104.929 103.893 101.857 100.822 100.787 101.753 103.720 77.687 19.654 0.000 16.542 72.535 103.530 94.527 67.526 43.524 60.520
67.319 66.319 1.319 66.320 77.320 81.321 85.322 90.322 93.324 94.325 94.326 94.328 80.329 67.331 83.333 100.335 101.337 101.339 94.342 72.348 7.346 68.347 66.348 75.349 103.350 90.352 67.353 66.354 68.356 71.357 62.358 7.360 27.361 27.363 0.000 0.000 0.000 10.402 5.406 0.000 4.413 0.000 14.728 15.964 6.492 110.990 112.724 108.363 104.285 104.241 104.198 104.157 104.117 104.078 104.040 104.003 103.967 103.930 103.894 103.858 104.821 107.786 79.753 12.720 0.000 5.547 0.000 17.532 73.530 104.529 95.527 71.526 48.522
67.326 69.326 65.327 67.327 82.327 81.328 77.329 73.330 72.331 68.333 89.334 79.336 90.338 81.340 97.342 93.344 86.346 87.349 98.352 104.355 93.356 94.357 86.358 94.359 102.360 75.361 66.361 67.362 67.363 66.364 66.365 68.366 63.368 12.371 72.378 63.383 2.388 4.393 0.000 0.000 0.000 5.705 83.756 80.962 111.082 111.037 106.601 107.431 104.313 104.276 104.233 104.193 104.153 104.114 104.077 104.040 104.004 103.968 103.931 105.893 110.852 79.818 19.786 0.000 0.000 2.547 1.547 0.000 14.530 65.530 100.530 50.529 0.000
69.333 5.333 64.333 67.334 67.334 67.335 66.336 67.337 69.339 67.341 79.342 74.344 83.346 94.349 82.351 67.354 68.356 69.359 70.361 75.364 88.365 98.366 104.368 102.368 91.369 67.370 67.370 67.371 67.371 67.371 68.372 91.373 64.374 4.376 68.379 18.383 12.387 5.390 0.000 0.000 0.000 15.685 103.890 106.101 111.126 104.931 104.640 104.375 104.354 104.308 104.267 104.227 104.188 104.150 104.113 104.076 104.041 104.006 105.970 90.932 44.877 11.848 0.000 4.547 2.547 22.547 29.547 0.000 0.000 36.532 98.532 50.532 0.000
70.339 3.339 64.340 67.340 67.341 67.342 67.343 68.345 6.346 66.348 70.350 81.353 81.355 89.357 94.360 80.363 65.366 65.368 65.371 67.373 69.375 70.377 71.378 71.378 70.379 69.379 65.379 65.379 66.379 67.379 78.379 92.379 63.379 57.379 59.380 0.000 0.000 5.390 0.000 0.000 0.000 19.772 102.892 111.211 111.168 103.789 104.520 104.425 104.383 104.340 104.299 104.260 104.222 104.184 104.148 104.112 104.077 104.044 109.012 64.987 0.000 0.000 2.548 0.547 2.547 17.547 24.547 0.000 0.000 39.535 99.535 58.535 0.000
