results3/res_3e8f-0062.wd
ncols         241
nrows         181
xllcorner     12693529.787448
yllcorner     3542525.717860
cellsize      155.156523
NODATA_value  -9999.000000
[rows 99 to 131 of 181, columns 74 to 147 of 241]
52.684 52.678 51.675 51.673 56.673 59.674 56.676 52.679 52.680 46.680 2.679 0.000 0.000 0.000 0.000 0.000 9.017 67.189 92.242 90.293 89.494 96.246 96.171 89.274 89.966 89.808 89.693 90.583 90.479 89.384 93.302 52.244 0.000 0.000 0.000 0.000 0.000 0.000 12.134 37.986 49.803 17.542 0.000 29.056 32.012 29.952 33.878 30.662 28.292 0.000 21.875 25.809 40.735 46.675 49.630 47.595 42.570 35.553 30.542 25.537 3.532 0.000 0.000 0.000 0.000 0.000 15.705 27.704 51.703 52.703 52.702 52.701 50.701 0.000
52.689 51.683 49.680 53.678 58.677 59.677 59.677 53.678 50.679 55.679 55.679 16.679 0.000 12.460 42.434 19.397 0.000 55.533 95.457 90.737 90.776 96.308 88.604 90.387 90.035 89.941 89.823 89.711 89.605 91.510 90.430 26.376 0.000 0.000 0.000 0.000 0.000 0.000 16.315 22.230 33.147 0.000 0.000 24.252 32.211 31.137 35.020 34.817 5.555 0.000 16.829 30.782 35.710 56.663 57.627 57.599 58.578 59.563 57.553 38.548 0.000 0.000 0.000 0.000 0.000 0.000 14.702 27.699 51.698 52.697 52.697 52.696 45.695 5.694
51.692 51.687 54.683 57.681 58.680 33.679 0.000 26.678 62.679 35.679 9.679 1.679 0.000 23.486 73.446 70.359 62.180 80.875 91.978 88.952 96.394 89.901 90.703 90.264 90.192 90.068 89.950 89.832 90.720 88.620 76.532 23.454 0.000 0.000 0.000 0.000 0.000 19.751 26.580 24.473 25.408 0.000 0.000 30.490 48.444 41.366 36.248 11.033 0.000 0.000 0.000 0.000 29.659 54.640 58.618 56.597 56.580 56.567 58.558 31.554 25.554 25.553 31.553 0.000 0.000 0.000 0.000 26.694 51.693 52.692 52.691 52.690 35.689 0.000
50.694 55.689 58.686 58.684 58.682 23.681 0.000 0.000 5.678 0.000 0.000 0.000 0.000 16.552 79.506 85.416 93.279 93.158 90.241 96.769 96.536 89.880 90.587 90.432 90.316 90.198 90.076 89.949 95.822 45.719 13.626 0.000 0.000 0.000 0.000 0.000 11.067 28.922 24.783 24.674 23.604 29.609 0.000 23.775 49.708 48.635 46.575 0.000 0.000 0.000 0.000 0.000 27.629 56.620 60.606 57.592 56.579 54.568 43.560 24.556 20.554 21.553 5.553 0.000 0.000 0.000 0.000 22.689 51.688 52.687 52.686 48.685 15.683 20.678
56.695 58.691 58.688 56.686 62.683 32.682 0.000 0.000 0.000 0.000 0.000 0.000 0.000 27.664 85.607 88.526 92.367 91.558 91.537 96.977 89.287 90.988 90.657 90.565 90.449 90.332 94.208 100.067 54.899 23.809 0.000 0.000 0.000 0.000 0.000 12.329 35.212 29.086 21.957 26.836 30.726 27.614 25.422 39.127 42.979 32.890 40.842 0.000 0.000 0.000 0.000 0.000 33.608 57.604 62.596 61.586 57.575 52.566 21.560 19.556 20.554 27.553 0.000 0.000 0.000 0.000 16.685 20.685 49.684 52.683 52.682 46.681 17.679 16.676
58.695 58.692 57.689 35.687 1.684 20.683 22.682 0.000 0.000 0.000 0.000 0.000 18.950 71.831 85.744 88.629 90.761 91.740 97.341 97.167 90.276 90.973 90.807 90.696 90.583 94.472 56.357 16.212 0.000 33.808 19.808 0.000 0.000 0.000 0.000 20.446 54.368 45.254 40.123 34.988 35.849 33.701 34.524 47.331 41.193 25.105 27.061 0.000 0.000 0.000 0.000 0.000 33.593 61.591 26.589 24.581 56.569 59.562 29.557 20.554 25.553 0.000 0.000 0.000 0.000 0.000 0.000 16.683 34.681 50.679 53.678 46.677 17.675 16.674
58.695 54.693 58.691 40.689 0.000 11.682 41.682 0.000 0.000 0.000 0.000 9.170 71.069 84.969 90.878 90.831 90.952 97.651 97.501 89.626 91.394 91.038 90.944 90.827 90.717 94.615 66.536 0.000 0.000 3.808 6.808 0.000 0.000 0.000 0.000 7.641 39.560 44.437 54.295 50.143 37.983 40.815 49.644 44.482 32.357 24.275 25.237 0.000 0.407 0.000 0.000 0.000 31.579 65.578 0.000 0.000 5.559 52.555 42.552 23.550 2.551 0.000 0.000 0.000 0.000 0.000 0.000 0.000 13.677 39.676 49.675 42.674 18.673 16.671
53.695 52.693 68.691 47.690 0.000 10.681 38.681 0.000 0.000 0.000 3.349 67.271 80.186 90.104 92.970 92.197 90.209 97.789 88.955 90.721 87.273 89.196 91.070 90.955 91.843 85.736 75.636 23.635 0.000 0.000 0.000 0.000 0.000 0.000 0.000 29.918 34.795 34.641 36.477 45.306 48.125 50.934 44.753 31.596 25.478 24.403 23.375 27.411 12.410 0.000 0.000 0.000 20.567 57.564 23.556 12.553 4.552 47.549 53.546 33.544 0.000 0.000 0.000 0.000 0.000 0.000 0.000 0.000 8.674 32.673 37.672 24.672 16.671 16.670
59.694 55.693 0.000 0.000 0.000 1.681 1.681 0.000 0.000 0.000 4.428 83.378 85.310 93.207 92.357 91.359 98.032 97.916 90.922 90.603 90.439 90.316 89.197 90.079 91.963 48.849 0.000 0.000 0.000 0.000 0.000 0.000 0.000 16.006 30.742 41.318 38.061 36.855 33.666 34.479 37.276 49.045 49.839 41.672 30.555 23.484 23.450 25.448 0.000 0.000 0.000 0.000 5.559 47.556 25.552 21.551 21.548 53.542 56.539 39.536 2.531 0.000 35.522 0.000 0.000 0.000 0.000 0.000 11.672 35.670 30.670 16.669 16.669 15.669
61.693 48.693 0.000 0.000 0.000 0.000 10.681 0.000 0.000 0.000 70.557 80.505 92.434 92.412 91.537 98.239 98.139 90.252 92.018 91.663 91.564 91.441 91.320 93.201 43.082 0.000 0.000 0.000 0.000 0.000 0.000 15.022 31.728 44.271 39.903 38.552 38.276 38.051 38.855 36.667 35.456 9.129 27.888 52.696 34.589 22.527 25.494 23.483 11.490 0.000 0.000 0.000 6.554 39.549 17.546 0.000 0.000 9.534 46.532 35.530 44.527 51.523 10.523 0.000 0.000 0.000 0.000 0.000 0.000 26.667 24.667 17.667 19.668 17.668
53.692 52.691 28.690 0.000 0.000 0.000 0.000 0.000 0.000 23.864 83.738 90.652 92.550 92.688 90.789 98.329 90.555 92.329 91.887 91.812 91.685 92.565 93.443 55.322 0.000 0.000 0.000 0.000 0.000 0.000 34.733 45.317 40.891 39.445 39.048 38.711 38.439 38.220 38.036 37.878 46.752 0.000 0.000 20.634 29.580 21.540 30.515 30.503 12.496 0.000 0.000 0.000 0.000 23.540 60.536 28.531 0.000 2.527 47.526 41.525 32.523 32.521 0.000 0.000 0.000 0.000 0.000 0.000 0.000 5.665 16.665 17.665 0.000 0.000
0.000 55.689 53.689 42.688 1.688 0.000 0.000 0.000 15.102 73.990 87.881 93.787 92.743 91.872 98.483 98.411 91.510 92.201 92.043 91.926 92.810 94.689 55.566 0.000 0.000 0.000 0.000 0.000 22.064 32.739 44.150 40.622 40.075 36.571 36.134 35.804 36.551 38.353 38.193 41.058 17.923 0.000 0.000 0.597 25.555 24.539 42.524 38.517 0.000 0.000 0.000 0.000 0.000 7.535 52.530 64.526 21.522 47.522 61.522 53.520 29.519 22.518 0.000 0.000 0.000 0.000 0.000 0.000 0.000 11.663 17.663 21.662 0.000 0.000
0.000 57.688 47.688 54.688 46.688 7.688 0.000 8.315 75.214 84.111 94.019 92.865 93.098 91.096 98.545 90.813 92.599 92.252 92.161 93.047 93.940 47.814 0.000 0.000 0.000 0.000 0.000 34.734 45.388 43.004 41.507 42.945 42.216 47.629 52.115 46.819 39.609 33.448 37.325 43.239 1.108 0.000 0.000 0.000 28.543 29.535 51.528 39.523 0.000 0.000 0.000 0.000 0.000 0.000 47.522 56.521 61.519 57.518 57.518 61.517 45.515 24.513 25.510 0.000 0.000 0.000 0.000 0.000 13.660 18.661 16.661 21.661 0.000 0.000
0.000 25.688 76.688 39.688 0.000 0.000 13.500 73.417 78.327 92.239 93.095 93.329 91.221 98.631 91.083 92.887 92.456 92.391 93.274 90.162 45.089 0.000 0.000 0.000 0.000 0.000 37.402 45.081 42.752 42.382 45.927 20.436 0.000 0.444 16.878 42.750 44.618 45.505 37.419 38.370 0.000 0.000 0.000 0.000 9.537 27.532 34.528 33.526 0.000 0.000 0.000 0.000 0.000 0.000 38.517 51.516 56.515 57.515 58.514 54.514 50.512 35.510 23.507 27.504 33.503 0.000 0.000 0.000 0.000 16.660 17.659 19.659 0.000 0.000
0.000 2.688 77.688 64.687 0.000 0.000 20.585 81.523 89.446 93.337 94.478 94.466 98.971 98.762 92.039 92.749 92.604 92.500 87.390 77.239 28.164 0.000 0.000 0.000 26.232 35.059 46.723 43.436 43.157 46.844 24.386 0.000 0.000 0.000 2.754 40.686 37.607 41.534 47.479 47.452 25.470 0.000 0.000 0.000 0.000 29.529 23.527 30.526 0.000 0.000 0.000 0.000 0.000 0.509 25.512 42.512 56.511 51.511 44.511 46.512 7.511 32.509 41.505 34.503 30.502 0.000 0.000 0.000 0.000 0.000 11.657 16.657 21.656 0.000
0.000 0.000 5.687 54.687 0.000 8.833 74.730 86.648 93.568 93.529 93.656 99.347 99.164 91.341 93.133 92.792 92.715 85.620 51.548 0.000 0.000 0.000 0.000 44.578 38.406 46.222 43.996 43.783 44.595 22.454 0.000 0.000 0.000 0.000 1.657 43.634 37.591 37.546 39.510 43.490 45.488 0.000 0.000 0.000 0.000 10.527 29.526 4.526 0.000 0.000 0.000 0.000 0.000 0.000 21.508 32.508 39.508 31.508 28.507 0.000 0.000 0.000 25.502 29.500 38.499 0.000 0.000 0.000 0.000 0.000 5.656 16.656 17.655 0.000
0.000 0.000 0.000 0.000 9.018 77.937 82.852 93.778 93.652 94.885 94.911 99.518 91.655 93.426 92.987 92.920 82.812 71.720 35.634 0.000 0.000 0.000 38.911 60.751 45.591 37.427 45.258 43.105 45.986 15.923 0.000 0.000 0.000 0.000 32.614 39.602 38.578 38.550 35.526 31.510 33.504 0.000 0.000 0.000 0.000 0.000 36.524 0.000 0.000 0.000 0.000 0.000 0.000 0.000 23.505 22.505 21.505 19.504 25.504 0.000 0.000 0.000 0.499 23.497 41.497 0.000 0.000 0.000 0.000 0.000 0.000 9.655 22.655 35.654
0.000 0.000 0.000 0.000 81.100 80.044 93.974 93.876 95.029 95.053 99.828 99.677 92.612 94.290 92.126 78.004 66.904 40.812 0.000 0.000 0.000 33.220 51.072 50.924 57.779 45.638 35.504 41.393 51.324 54.328 17.483 0.000 0.000 0.000 44.593 38.585 38.569 37.550 33.533 27.521 28.515 0.000 0.000 0.000 0.000 0.000 9.523 17.522 0.000 0.000 0.000 0.000 0.000 1.502 25.503 19.502 20.502 20.501 22.501 5.499 0.000 0.000 0.000 10.495 31.494 9.491 0.000 0.000 0.000 0.000 0.000 4.655 0.654 0.000
0.000 0.000 0.000 20.328 81.238 93.165 94.094 95.064 97.209 100.107 99.970 91.933 93.688 90.333 79.226 68.072 39.988 0.000 0.000 0.000 35.504 56.368 42.232 34.096 47.964 59.840 47.729 50.641 51.587 38.583 44.638 23.708 0.000 4.578 36.580 32.574 39.563 34.550 26.536 25.525 29.520 0.000 0.000 0.000 0.000 0.000 0.000 36.521 0.000 0.000 0.000 0.000 0.000 0.000 7.501 22.500 20.500 20.499 20.498 28.498 0.000 0.000 0.000 0.000 12.491 23.490 29.488 0.000 0.000 0.000 0.000 0.000 0.000 0.000
0.000 0.000 0.000 63.418 89.357 95.293 94.175 94.414 92.461 100.238 92.225 93.983 88.545 77.470 52.344 0.000 0.000 0.000 0.000 35.753 56.640 43.518 32.391 32.264 34.142 45.030 59.932 50.853 35.801 43.778 45.779 19.778 0.000 1.577 61.575 48.570 37.560 31.549 27.537 24.525 25.520 19.518 0.000 0.000 0.000 0.000 0.000 15.521 0.000 0.000 0.000 0.000 0.000 0.000 0.000 24.498 20.498 20.497 20.497 22.496 6.495 0.000 0.000 0.000 0.000 20.488 23.487 0.000 0.000 0.000 0.000 0.000 0.000 0.000
0.000 0.000 66.676 63.569 69.490 84.392 95.547 92.586 100.481 100.362 93.159 88.840 77.687 56.576 0.000 0.000 17.997 0.000 0.000 60.867 43.785 32.673 33.550 32.428 35.312 49.206 58.114 59.041 42.987 38.951 49.920 23.849 0.000 0.000 0.000 5.569 0.000 0.000 0.000 28.520 35.518 36.516 22.514 0.000 0.000 0.000 0.000 0.000 0.000 0.000 0.000 0.000 0.000 0.000 0.000 24.495 23.496 26.496 21.496 18.495 27.494 0.000 0.000 0.000 0.484 34.486 39.486 0.000 0.000 0.000 0.000 0.000 0.000 0.000
0.000 5.877 67.784 64.692 65.611 75.578 91.726 100.706 100.595 92.446 89.206 76.871 50.791 0.000 0.000 35.033 33.997 15.947 0.000 49.062 32.963 33.838 32.710 33.586 48.471 54.367 18.279 9.208 61.155 47.121 25.101 0.000 0.000 0.000 0.000 0.000 0.000 0.000 0.000 46.516 40.515 37.514 33.513 0.000 0.000 0.000 0.000 0.000 0.000 0.000 0.000 0.000 0.000 0.000 12.491 21.492 0.000 0.000 0.000 21.493 25.493 0.000 0.000 0.000 2.485 38.485 7.486 0.000 0.000 0.000 0.000 0.000 0.000 0.000
81.047 68.970 65.889 63.813 64.688 65.922 69.973 100.813 91.690 87.447 77.033 50.987 0.000 0.000 0.000 39.070 37.013 56.896 40.670 33.357 34.165 33.008 35.866 55.736 52.618 33.515 29.427 34.357 62.306 59.275 23.263 0.000 0.000 0.000 0.000 0.000 0.000 0.000 0.000 53.514 53.513 48.512 39.512 0.000 0.000 0.000 0.000 0.000 0.000 0.000 0.000 0.000 0.000 0.000 24.490 26.491 0.000 0.000 0.000 24.492 25.492 0.000 0.000 0.000 0.000 9.485 0.000 0.000 0.000 0.000 0.000 0.000 0.000 0.000
79.123 93.067 84.998 69.899 71.051 63.089 101.015 100.916 70.564 75.243 51.141 0.000 0.000 0.000 0.000 41.163 54.090 51.954 33.759 33.530 33.333 44.162 56.010 44.873 33.752 33.646 33.558 34.488 43.438 61.410 57.413 18.471 0.000 0.000 0.000 0.000 0.000 0.000 0.000 39.513 41.512 53.511 54.510 10.509 0.000 0.000 0.000 0.000 0.000 0.000 0.000 0.000 0.000 16.489 26.489 3.490 0.000 0.000 0.000 25.491 23.491 0.000 0.000 0.000 0.000 0.000 0.000 0.000 0.000 0.000 0.000 0.000 0.000 0.000
92.256 95.180 95.107 90.075 80.223 101.208 101.112 62.687 57.479 0.000 0.000 0.000 0.000 0.000 0.000 52.330 57.229 33.073 34.881 34.673 46.476 55.298 37.138 33.996 33.870 33.761 33.671 33.599 33.547 42.516 62.509 55.529 29.562 20.574 24.577 0.000 0.000 0.000 0.000 0.000 19.510 59.510 59.509 20.508 0.000 0.000 0.000 0.000 0.000 0.000 0.000 0.000 0.000 5.489 4.489 0.000 0.000 0.000 0.000 5.491 32.491 0.000 0.000 0.000 0.000 0.000 0.000 0.000 0.000 0.000 0.000 0.000 0.000 0.000
95.367 95.298 95.178 99.413 90.464 101.303 62.736 65.394 60.174 0.000 0.000 0.000 0.000 0.000 45.796 57.598 34.423 35.229 35.018 42.804 55.601 33.416 34.250 34.102 33.971 33.859 33.765 33.691 33.635 33.597 37.579 38.576 33.582 34.584 41.580 23.580 0.000 0.000 0.000 0.000 0.000 14.509 50.508 13.507 0.000 0.000 0.000 0.000 0.000 0.000 0.000 0.000 0.000 0.000 0.000 0.000 0.000 0.000 0.000 0.000 0.000 0.000 0.000 0.000 0.000 0.000 0.000 0.000 0.000 0.000 0.000 0.000 0.000 0.000
91.478 95.383 96.538 93.577 101.486 101.394 67.307 51.629 0.000 0.000 0.000 0.000 0.000 0.000 62.995 39.843 35.636 35.401 37.160 57.926 37.709 34.515 34.343 34.191 34.055 33.938 33.841 33.764 33.704 33.661 32.632 31.614 34.606 16.601 0.000 0.000 0.000 0.000 0.000 0.000 0.000 0.000 43.507 31.507 0.000 0.000 0.000 0.000 0.000 0.000 0.000 0.000 0.000 0.000 0.000 0.000 0.000 0.000 0.000 0.000 0.000 0.000 0.000 0.000 0.000 0.000 0.000 0.000 0.000 0.000 0.000 0.000 0.000 0.000
70.587 74.559 70.709 101.668 101.578 78.914 59.931 50.586 0.000 0.000 0.000 0.000 0.000 0.000 38.346 34.145 33.876 32.581 45.295 38.030 31.794 32.592 32.418 32.263 32.121 32.998 33.898 33.819 33.758 32.711 30.674 32.644 32.625 29.615 19.611 22.607 24.602 23.597 25.594 0.000 0.000 0.000 0.000 40.506 12.505 0.000 0.000 0.000 0.000 0.000 0.000 0.000 0.000 0.000 0.000 0.000 0.000 0.000 0.000 0.000 0.000 0.000 0.000 0.000 0.000 0.000 0.000 0.000 0.000 0.000 0.000 0.000 0.000 0.000
107.657 72.898 102.949 101.757 61.576 52.115 0.000 65.475 23.600 0.000 0.000 0.000 0.000 82.366 60.898 31.514 39.142 49.754 48.408 44.105 41.844 41.642 41.475 40.322 34.169 30.035 33.933 33.857 33.799 32.752 32.709 36.663 36.636 37.621 47.613 47.607 43.602 36.597 35.592 14.589 0.000 0.000 0.000 0.000 5.504 0.000 0.000 0.000 0.000 0.000 0.000 0.000 0.000 0.000 0.000 0.000 0.000 0.000 0.000 0.000 0.000 0.000 0.000 0.000 0.000 0.000 0.000 0.000 0.000 0.000 0.000 0.000 0.000 0.000
112.449 110.489 101.922 101.842 89.681 0.000 32.219 60.219 133.726 109.234 0.000 29.883 19.358 80.834 40.368 37.872 109.425 99.886 95.478 95.140 93.837 92.657 91.517 90.382 61.197 28.040 33.944 33.878 33.828 33.788 25.749 0.000 0.000 0.000 0.000 0.000 0.000 0.591 52.588 31.586 2.583 0.000 0.000 0.000 0.000 0.000 0.000 0.000 0.000 0.000 0.000 0.000 0.000 0.000 0.000 0.000 0.000 0.000 0.000 0.000 0.000 0.000 0.000 0.000 0.000 0.000 0.000 0.000 0.000 0.000 0.000 0.000 0.000 0.000
111.611 102.071 101.998 86.254 0.000 0.000 0.000 3.214 54.850 42.742 0.000 11.408 0.000 40.246 36.866 46.180 101.802 0.000 0.000 0.000 37.706 46.633 107.554 20.493 0.000 37.983 33.927 33.881 34.847 16.826 0.000 0.000 0.000 0.000 0.000 0.000 0.000 0.000 5.586 52.584 8.581 0.000 0.000 0.000 0.000 0.000 0.000 0.000 0.000 0.000 0.000 0.000 0.000 0.000 0.000 0.000 0.000 0.000 0.000 0.000 0.000 0.000 0.000 0.000 0.000 0.000 0.000 0.000 0.000 0.000 0.000 0.000 0.000 0.000
110.838 102.139 110.753 112.598 32.886 0.000 10.263 37.263 46.793 24.141 1.086 32.933 78.672 77.037 69.672 0.000 20.802 0.000 0.000 20.647 48.648 93.616 56.575 21.544 0.000 0.000 39.900 33.874 34.854 15.842 0.000 0.000 0.000 0.000 0.000 0.000 0.000 0.000 0.000 0.000 38.576 3.574 0.000 0.000 0.000 0.000 0.000 0.000 0.000 0.000 0.000 0.000 0.000 0.000 0.000 0.000 0.000 0.000 0.000 0.000 0.000 0.000 0.000 0.000 0.000 0.000 0.000 0.000 0.000 0.000 0.000 0.000 0.000 0.000
102.262 102.203 91.263 34.027 0.000 0.000 0.000 0.000 23.918 0.000 0.000 26.467 70.048 123.556 59.114 0.000 0.000 0.000 0.000 0.000 62.623 97.607 27.585 24.564 0.000 0.000 0.000 38.860 32.853 30.847 28.847 16.846 0.000 0.000 0.000 0.000 0.000 0.000 0.000 0.000 52.573 10.572 0.000 0.000 0.000 0.000 0.000 0.000 0.000 0.000 0.000 0.000 0.000 0.000 0.000 0.000 0.000 0.000 0.000 0.000 0.000 0.000 0.000 0.000 0.000 0.000 0.000 0.000 0.000 0.000 0.000 0.000 0.000 0.000
