results3/res_3e8f-0045.wd
ncols         241
nrows         181
xllcorner     12693529.787448
yllcorner     3542525.717860
cellsize      155.156523
NODATA_value  -9999.000000
[rows 132 to 164 of 181, columns 0 to 73 of 241]
81.823 86.824 90.826 90.828 92.831 92.834 86.838 77.844 63.849 52.856 51.864 52.872 51.882 50.892 55.903 69.915 80.929 85.943 85.959 82.975 74.992 66.010 57.027 51.042 56.054 58.061 57.060 58.052 56.044 51.034 65.021 88.005 54.986 0.000 0.000 0.000 0.000 46.907 58.889 55.867 57.850 63.841 81.840 67.842 51.845 50.848 50.852 62.855 83.858 24.859 0.000 0.000 0.000 0.000 0.000 0.000 0.000 0.000 0.000 0.000 0.000 0.000 0.000 0.000 20.001 0.000 3.536 44.469 67.339 71.243 71.136 81.221 108.685 99.034
59.845 61.845 64.847 70.849 80.852 86.856 91.860 91.865 84.871 70.878 59.886 53.895 57.904 64.915 77.926 92.939 91.953 88.967 88.982 91.998 92.015 88.031 76.047 64.061 56.073 51.081 52.084 51.084 52.082 60.079 82.075 90.071 2.069 0.000 0.000 0.000 4.925 32.926 50.946 59.940 60.927 57.914 58.918 68.921 63.921 56.919 60.916 68.911 81.907 22.901 8.892 14.883 0.000 0.000 0.000 0.000 0.000 0.000 0.000 0.000 0.000 0.000 0.000 0.000 2.001 0.000 51.605 73.532 69.417 78.390 69.453 108.813 97.570 99.080
51.866 51.867 51.868 53.870 58.873 62.877 69.882 78.887 86.893 89.900 83.908 81.917 83.926 86.937 85.949 78.963 69.976 67.991 68.006 73.022 79.038 86.054 89.069 88.083 77.096 67.106 62.113 60.119 69.123 85.127 86.130 72.135 5.140 0.000 0.000 0.000 0.000 0.000 34.030 61.021 40.004 27.972 42.998 58.004 73.000 76.992 78.981 79.968 75.956 2.949 0.000 17.874 14.870 2.867 8.866 2.865 0.000 0.000 0.000 0.000 0.000 0.000 36.123 6.078 72.001 93.898 126.716 82.679 77.727 58.681 94.743 99.248 99.148 107.878
52.887 52.888 52.890 52.892 51.895 50.899 52.903 57.909 63.915 73.922 83.930 85.938 78.948 68.960 62.972 54.986 51.000 51.015 51.031 53.046 58.062 64.078 71.094 83.108 88.122 90.134 89.145 85.155 88.165 81.175 63.186 55.198 34.211 0.000 0.000 0.000 0.000 0.000 27.124 60.109 3.098 0.000 36.099 61.095 80.085 88.069 74.048 77.023 63.003 20.989 0.000 44.871 13.869 5.867 16.865 16.865 0.000 0.000 0.000 0.000 0.000 23.218 42.168 115.111 144.033 126.899 110.434 109.368 101.034 99.683 99.548 99.404 64.627 109.540
52.908 52.909 52.911 52.913 52.916 52.920 52.925 51.930 51.936 54.943 60.951 59.960 55.970 51.982 51.995 52.009 53.024 53.040 53.055 53.071 52.087 51.103 53.119 59.135 66.150 75.164 83.178 79.192 68.207 56.222 52.240 57.263 65.296 41.360 19.393 19.403 5.386 6.334 42.234 63.193 13.182 0.000 55.205 87.194 89.176 68.151 71.119 70.076 58.044 47.016 0.000 25.870 0.000 0.000 0.863 0.000 0.000 0.000 0.000 0.000 0.000 4.270 67.219 73.140 69.125 70.275 68.242 100.045 99.931 99.811 66.992 69.764 71.630 73.290
52.930 52.930 52.932 52.934 52.938 52.942 52.946 52.952 52.958 52.964 51.972 51.981 51.991 53.003 53.017 53.032 53.048 53.065 53.081 53.097 53.113 53.130 53.146 52.163 51.179 52.196 56.212 54.230 53.248 57.268 60.291 59.318 57.351 59.390 59.418 56.431 56.422 60.382 35.287 21.245 10.257 28.345 73.322 87.301 67.275 60.243 59.200 39.119 35.081 0.000 0.000 0.000 0.000 0.000 0.000 0.000 0.000 14.782 29.764 0.000 13.457 76.344 83.340 81.414 79.399 80.476 100.257 100.153 81.254 88.039 80.888 86.656 78.492 57.428
52.951 52.952 52.953 52.956 52.959 52.963 52.968 52.973 52.979 52.986 52.993 53.001 53.010 53.022 53.038 53.056 53.073 53.090 53.107 52.123 59.140 61.157 53.174 52.191 51.209 52.227 54.247 57.267 60.289 59.312 54.338 55.367 62.399 65.432 61.461 55.480 52.488 61.487 0.000 0.000 0.000 68.455 77.439 64.413 56.379 76.346 22.321 0.000 0.000 0.000 0.000 0.000 0.000 0.000 0.000 0.000 24.839 66.799 95.749 56.659 89.501 97.653 94.617 93.708 100.549 100.455 100.358 93.348 95.218 94.913 93.770 92.697 10.609 0.000
52.972 52.973 52.974 52.977 52.980 52.985 52.990 52.995 53.001 53.007 56.013 56.020 54.028 58.040 56.057 53.080 53.099 53.117 52.133 50.150 61.167 69.184 55.202 52.220 54.239 57.259 59.281 58.303 55.328 57.354 62.383 64.414 65.447 65.481 60.512 54.540 63.565 82.592 1.664 0.000 0.000 42.583 65.566 62.532 66.484 86.442 20.418 0.000 0.000 0.000 0.000 0.000 0.000 0.000 0.000 22.928 74.882 90.825 93.748 98.730 95.875 92.861 100.805 100.723 100.639 92.672 93.452 94.319 93.996 93.964 86.892 63.795 0.000 0.000
52.992 52.993 52.995 52.998 53.002 53.006 53.012 53.017 53.023 54.029 61.034 61.039 38.044 6.051 27.072 57.108 51.129 54.145 60.161 63.177 63.194 59.211 55.229 56.249 59.269 58.291 57.314 59.339 63.366 63.395 65.427 64.460 55.496 50.532 52.568 65.604 84.641 94.682 16.730 0.000 0.000 17.728 73.712 75.667 82.584 81.522 17.490 0.000 0.000 0.000 0.000 0.000 0.000 1.077 27.034 70.983 92.902 95.913 94.994 94.989 94.074 100.961 100.884 92.889 93.684 94.540 94.323 94.175 94.128 86.058 78.015 0.000 0.000 0.000
53.013 53.014 53.016 53.019 53.023 53.028 53.034 53.040 53.046 55.052 64.056 75.058 51.057 0.000 0.000 42.152 68.162 60.175 58.189 58.205 56.221 55.239 57.257 59.277 57.298 53.321 55.346 67.373 69.403 59.434 53.469 50.505 50.544 55.584 69.625 85.668 82.714 66.764 38.823 6.897 0.925 44.890 73.887 55.839 46.665 38.572 3.531 0.000 0.000 0.000 0.000 0.000 0.000 20.116 71.075 92.985 95.175 94.166 94.272 101.181 101.110 101.037 92.958 94.834 94.543 94.414 94.355 94.278 88.200 75.133 65.095 0.000 0.000 0.000
53.034 53.034 53.036 53.040 53.044 53.050 53.057 53.064 53.071 55.077 65.082 52.082 8.069 0.000 0.000 10.188 64.194 56.204 58.217 57.232 55.248 58.266 59.284 56.305 53.327 49.351 59.377 73.406 60.437 50.472 51.509 56.549 66.591 77.635 88.681 81.730 59.783 54.840 73.900 80.962 82.019 86.044 61.109 22.137 0.000 0.000 0.000 0.000 0.000 0.000 0.000 0.000 25.219 71.153 93.165 95.348 94.368 101.379 101.315 101.250 93.238 94.031 94.913 94.608 94.589 94.525 94.446 95.351 83.268 54.180 43.137 1.137 0.000 0.000
52.054 52.055 53.056 53.059 53.065 53.072 53.080 53.088 53.096 56.104 66.112 37.119 0.000 0.000 34.224 36.218 53.222 55.231 43.244 25.258 63.274 58.292 54.311 53.332 51.354 53.379 69.406 72.436 54.470 57.508 69.548 78.591 87.636 85.684 73.735 59.789 52.849 68.912 72.977 61.034 42.072 40.161 28.367 8.464 0.275 0.000 0.000 13.335 8.335 0.000 0.000 19.299 71.318 94.417 95.437 93.547 101.500 101.440 93.414 94.219 95.089 94.892 94.766 94.738 94.681 94.626 97.552 61.415 41.342 0.000 0.000 0.000 0.000 0.000
61.075 59.074 56.075 54.078 51.084 51.094 51.103 51.113 50.122 55.133 67.145 50.163 31.199 39.220 57.232 53.238 50.246 56.256 51.269 38.284 58.300 52.317 51.337 51.357 53.380 67.404 75.432 41.464 33.500 83.541 88.586 83.632 72.680 62.731 54.785 50.845 61.911 73.985 42.061 17.125 0.296 0.000 8.733 7.877 0.553 2.092 5.259 33.335 17.335 0.000 0.000 51.545 93.584 92.707 101.675 101.619 101.560 93.459 95.341 95.063 94.952 94.917 96.869 91.813 93.778 94.747 105.722 0.000 0.000 0.000 0.000 0.000 0.000 0.000
62.096 64.094 70.091 71.094 71.102 68.116 69.127 68.138 67.149 67.160 69.174 52.191 56.213 55.232 52.245 55.256 55.267 54.279 59.293 61.308 55.325 49.342 51.361 53.382 67.404 72.428 61.455 55.487 64.526 87.572 70.622 61.672 53.722 51.774 53.830 52.893 66.968 76.055 40.156 16.278 4.479 6.680 9.956 3.126 5.531 12.042 14.292 7.411 0.000 0.000 29.734 71.790 101.834 101.783 101.731 93.706 94.504 95.394 95.100 95.092 96.045 95.995 68.946 46.877 81.871 95.862 100.868 40.923 0.000 0.000 0.000 0.000 0.000 0.000
55.120 49.116 2.104 4.104 13.115 60.140 57.154 57.164 57.175 61.186 70.199 51.214 52.232 51.248 54.263 58.276 59.289 57.302 56.316 59.332 60.349 57.367 51.386 68.406 74.427 65.449 71.474 88.505 85.545 67.598 55.659 51.713 53.764 53.815 52.869 57.932 74.013 76.113 68.232 71.352 42.488 4.607 0.000 0.000 11.033 18.251 8.458 5.607 0.000 24.774 72.901 101.932 101.884 93.861 94.662 95.540 95.350 95.233 95.214 96.163 94.117 88.071 13.046 0.000 63.969 98.962 95.963 94.978 0.000 0.000 0.000 0.000 0.000 0.000
53.148 45.148 0.000 0.000 0.000 56.177 52.184 52.191 52.200 56.211 70.223 48.237 52.252 56.267 58.282 59.296 56.310 53.324 51.339 53.355 63.373 76.391 71.410 72.429 49.449 43.468 95.489 81.515 48.553 8.618 28.703 56.758 53.806 53.853 55.900 48.952 33.039 23.153 35.307 75.412 51.512 4.655 1.525 0.000 7.316 12.473 6.681 11.948 12.622 50.908 102.005 93.061 96.793 95.688 95.500 95.387 95.360 95.321 96.275 96.235 61.190 37.127 23.120 26.122 77.073 98.053 94.047 85.048 3.048 0.000 0.000 0.000 0.000 0.000
53.177 53.181 36.196 0.000 0.000 57.209 53.213 53.218 52.225 53.235 68.246 55.259 58.273 60.288 59.303 54.317 51.332 52.347 52.362 51.379 61.396 84.414 80.434 67.453 60.472 51.488 27.497 16.515 3.534 0.000 9.779 58.809 53.849 55.891 38.927 12.939 0.000 0.000 37.433 54.478 23.495 0.000 1.738 7.250 14.442 10.644 4.839 0.011 3.084 50.329 102.097 95.951 95.703 95.523 95.505 95.466 95.422 95.381 93.343 84.308 17.283 0.000 34.185 93.173 98.148 96.131 90.122 80.120 0.000 0.000 0.000 0.000 0.000 0.000
50.202 52.205 49.211 0.000 0.000 57.238 52.240 50.244 52.249 56.257 60.267 59.280 59.294 57.309 51.324 52.339 52.354 53.369 53.385 58.402 76.419 75.438 68.458 77.478 75.498 46.514 0.000 0.000 0.000 0.000 7.826 58.852 53.892 56.937 27.977 0.000 24.407 50.463 70.514 39.574 0.000 0.000 0.000 0.000 6.556 6.823 7.192 2.786 2.733 102.358 102.230 94.868 95.703 95.601 95.563 95.521 95.481 97.442 82.405 65.374 25.350 1.338 49.261 79.238 88.216 97.200 86.191 75.189 0.000 0.000 0.000 0.000 0.000 0.000
57.224 55.227 44.232 0.000 43.276 51.267 53.266 57.268 58.272 59.278 57.287 58.300 56.316 52.332 52.347 53.361 53.376 52.391 54.407 77.424 76.442 58.462 71.483 69.505 73.529 71.557 34.595 0.000 0.000 29.827 34.847 54.882 53.929 53.988 49.068 41.208 58.351 57.468 51.587 73.730 21.915 0.000 0.000 0.239 5.405 3.899 5.437 30.062 54.711 102.468 97.222 96.943 96.681 95.663 95.619 95.578 96.538 94.499 49.463 26.431 38.402 39.377 93.331 95.301 75.278 85.262 80.254 53.257 18.283 0.000 0.000 0.000 0.000 0.000
58.243 59.249 56.260 44.280 58.287 58.288 58.289 59.291 59.294 60.296 72.304 54.319 52.338 52.355 53.370 53.385 53.399 54.414 68.430 79.446 54.465 58.485 85.507 77.531 65.558 68.591 71.634 55.695 60.751 75.808 68.853 56.901 49.955 50.020 61.100 77.205 64.323 36.473 8.635 63.846 53.101 3.264 6.904 12.315 8.791 0.916 3.625 45.130 97.537 102.559 94.201 96.837 97.760 95.717 95.675 95.634 88.593 78.555 35.518 6.484 15.452 16.420 77.386 119.356 100.333 76.315 68.305 47.303 56.309 9.309 0.000 0.000 0.000 20.369
63.258 63.265 59.279 59.294 59.303 60.309 60.313 56.315 53.316 52.309 15.315 5.332 56.364 53.382 53.395 53.408 52.422 55.436 79.451 65.468 50.486 56.507 73.529 90.554 85.582 82.615 80.654 76.702 72.751 71.803 79.857 76.915 70.972 67.035 70.109 74.191 36.262 0.374 0.000 15.918 12.009 0.000 8.028 18.245 14.590 5.734 0.874 44.334 102.734 102.647 97.105 98.931 95.813 95.774 96.730 92.688 76.647 69.608 75.570 81.535 65.501 87.468 102.435 119.406 128.381 112.362 74.349 79.342 54.340 0.000 0.000 0.000 0.000 0.000
2.267 3.276 63.297 58.314 58.325 53.332 50.338 52.343 47.345 0.337 0.320 0.000 57.405 53.412 53.422 53.433 53.445 71.458 78.472 51.489 53.507 53.527 56.550 62.574 64.602 64.633 60.668 63.707 79.748 72.794 63.860 66.929 73.983 78.042 81.110 78.187 53.269 18.360 1.546 0.816 0.000 0.000 2.935 12.045 0.000 0.000 14.337 74.559 102.819 94.476 98.170 97.901 95.877 95.829 96.785 91.741 78.700 44.660 51.621 94.584 105.549 137.514 128.482 100.451 88.425 105.403 84.386 78.375 53.370 0.000 0.000 0.000 0.000 0.000
0.000 0.000 12.319 67.342 52.352 50.357 52.365 52.373 53.379 0.385 0.000 46.451 54.440 53.441 53.447 53.456 55.467 79.479 64.492 50.508 53.526 53.546 53.569 52.593 52.619 52.648 51.678 58.710 87.742 66.767 0.000 5.959 17.989 69.039 79.104 63.180 68.268 55.390 7.605 4.841 0.000 0.000 9.697 1.893 0.000 0.000 32.544 102.990 102.904 97.356 99.077 94.977 95.930 95.883 95.837 95.793 82.751 45.710 60.670 97.632 93.595 127.560 122.525 91.493 96.464 82.438 63.417 81.403 59.395 0.000 0.000 0.000 0.000 0.000
51.458 47.457 0.000 59.383 69.383 70.379 51.395 63.405 70.418 46.444 44.459 54.462 53.462 53.466 53.472 53.479 72.489 76.499 51.511 53.525 52.543 51.563 53.587 53.611 53.635 53.661 52.688 60.715 89.742 70.767 16.785 0.000 40.978 66.021 79.088 58.160 48.235 7.326 0.754 4.085 2.716 11.116 15.407 0.000 0.000 11.553 73.757 103.075 94.644 98.331 98.066 96.035 95.983 95.935 95.889 96.844 87.801 76.759 99.718 124.679 112.641 129.604 126.568 120.533 127.499 93.468 70.443 80.424 88.413 17.412 0.000 0.000 0.000 0.000
53.460 52.456 47.446 53.425 52.420 0.423 74.429 66.436 53.446 54.460 54.472 53.478 53.483 53.488 53.494 56.502 79.510 62.519 52.529 53.541 59.557 67.579 53.605 51.629 53.651 52.674 55.697 79.721 87.746 62.773 50.804 38.856 60.924 59.980 21.068 6.137 3.186 0.000 0.000 0.000 0.000 0.000 0.000 0.000 14.759 71.821 93.929 103.160 95.603 96.224 96.137 96.085 96.034 95.986 95.939 96.893 87.849 70.807 66.765 99.725 89.686 103.647 106.609 94.571 96.532 68.494 45.461 59.437 126.421 79.411 14.400 4.391 26.382 47.376
53.466 53.463 53.458 53.451 53.452 47.462 63.459 79.463 55.470 52.480 53.489 53.497 53.503 53.510 52.517 75.524 77.531 51.539 53.545 54.552 51.566 13.590 72.626 67.649 54.667 52.686 70.706 89.727 73.749 53.774 53.804 54.841 57.881 61.909 0.000 0.048 0.000 0.000 0.000 0.000 0.000 0.000 0.000 0.000 37.962 95.032 103.327 103.243 95.499 96.308 96.182 96.135 96.084 96.035 95.987 94.941 79.897 81.854 101.811 120.770 119.730 124.690 129.650 116.609 114.565 101.515 50.472 48.442 124.423 88.410 26.400 19.390 84.379 117.373
53.477 53.473 53.471 53.472 53.475 53.480 53.482 64.487 79.493 55.501 52.510 53.517 53.525 51.532 59.539 80.547 60.554 52.560 54.562 52.557 0.000 0.000 60.663 61.672 67.685 66.699 74.715 73.732 54.751 52.772 54.797 57.825 62.850 62.866 0.000 0.000 0.000 0.000 0.000 0.000 0.000 0.000 0.000 0.388 46.398 100.315 103.410 94.874 96.544 96.270 96.238 96.183 96.132 96.082 96.035 95.988 81.943 77.899 98.856 99.814 99.773 102.732 102.692 101.651 106.603 79.529 55.468 70.437 85.418 24.408 0.000 0.000 28.370 54.369
53.492 55.482 55.481 53.492 53.497 53.501 53.505 53.509 64.516 79.523 55.531 50.539 50.547 67.555 79.563 73.570 50.578 53.585 49.589 0.000 0.000 46.700 53.691 53.693 59.701 76.711 76.723 69.736 62.751 54.767 41.786 11.814 76.830 56.839 0.000 0.000 0.000 0.000 0.000 0.000 0.000 0.000 0.000 0.627 20.158 103.578 103.494 95.737 96.442 96.336 96.282 96.229 96.178 96.128 96.080 97.034 91.989 81.944 76.901 75.858 75.816 75.775 75.736 79.698 53.668 0.000 23.436 79.420 75.405 36.395 0.000 0.000 27.362 73.363
54.518 0.000 0.000 53.518 52.520 51.523 51.527 50.531 50.538 63.545 78.553 71.561 78.570 80.578 67.587 51.595 58.604 58.613 46.619 0.000 0.000 57.710 53.708 55.710 79.715 86.722 64.730 55.739 62.750 69.760 57.769 0.000 36.818 54.823 0.000 0.000 0.000 0.000 0.000 0.000 0.000 0.000 0.000 0.944 6.804 103.661 101.027 96.690 96.421 96.384 96.326 96.273 96.222 96.173 96.125 96.079 97.033 95.989 93.945 92.901 92.858 93.817 95.777 69.739 11.704 0.000 8.419 64.403 95.387 86.372 59.353 35.348 52.354 55.358
53.544 52.553 0.000 52.542 63.543 67.545 71.548 76.553 79.559 80.567 80.576 80.584 66.593 53.602 69.611 86.621 87.631 87.643 80.658 58.682 0.000 54.722 52.723 61.725 89.728 76.732 53.737 52.743 54.749 57.756 48.760 0.000 13.801 13.811 0.000 0.000 0.000 0.000 0.000 0.000 0.000 0.000 8.270 9.802 3.586 103.735 104.966 100.573 96.480 96.423 96.368 96.316 96.265 96.216 96.168 96.122 96.077 96.033 95.988 95.943 96.898 99.857 71.817 4.778 0.000 0.000 0.000 9.385 65.368 96.352 87.340 63.338 40.348 9.353
53.563 55.562 51.572 53.566 68.565 67.567 63.569 59.573 58.579 54.589 75.599 65.608 76.617 67.626 83.636 79.646 72.658 73.671 84.687 90.707 79.728 80.735 72.737 80.739 88.740 61.741 52.743 53.746 53.749 52.753 52.758 54.763 49.775 0.000 58.740 49.739 0.000 0.000 0.000 0.000 0.000 0.000 76.887 74.099 103.839 103.791 98.849 99.644 96.514 96.463 96.408 96.356 96.306 96.257 96.211 96.165 96.121 96.076 96.032 97.986 102.936 71.895 11.856 0.000 0.000 0.000 0.000 0.000 6.348 57.328 92.318 42.314 0.000 0.000
55.582 0.000 50.588 53.586 53.586 53.588 52.590 53.593 55.594 53.613 65.623 60.633 69.642 80.651 68.660 53.671 54.683 55.698 56.714 61.731 74.744 84.751 90.754 88.754 77.753 53.751 53.750 53.749 53.750 53.752 54.754 77.757 50.761 0.000 54.741 4.740 0.000 0.000 0.000 0.000 0.000 8.346 96.654 98.860 103.877 97.216 96.869 96.593 96.557 96.499 96.446 96.394 96.345 96.298 96.252 96.207 96.164 96.121 98.078 83.032 36.966 3.930 0.000 0.000 0.000 0.000 0.000 0.000 0.000 28.294 90.290 42.287 0.000 0.000
56.603 0.000 50.606 53.606 53.607 53.609 53.612 54.614 0.000 52.644 56.650 67.658 67.667 75.675 80.685 66.695 51.707 51.724 51.742 53.757 55.768 56.773 57.773 57.771 56.767 55.762 51.756 51.752 52.750 53.750 64.751 78.752 49.752 43.747 45.744 0.000 0.000 0.000 0.000 0.000 0.000 12.325 95.453 103.938 103.907 96.054 96.753 96.644 96.588 96.533 96.481 96.431 96.383 96.337 96.292 96.248 96.206 96.165 101.127 57.097 0.000 0.000 0.000 0.000 0.000 0.000 0.000 0.000 0.000 31.265 91.261 50.256 0.000 0.000
