results3/res_3e8f-0034.wd
ncols         241
nrows         181
xllcorner     12693529.787448
yllcorner     3542525.717860
cellsize      155.156523
NODATA_value  -9999.000000
[rows 66 to 98 of 181, columns 75 to 149 of 241]
0.000 43.710 60.704 59.696 59.688 0.000 31.411 31.413 44.434 40.448 39.444 39.423 38.384 114.323 102.255 0.000 0.000 0.000 35.835 30.824 35.812 38.798 38.779 40.756 41.736 46.717 47.699 48.682 39.660 0.000 0.000 41.060 91.060 72.983 76.852 76.948 75.016 82.991 75.459 75.944 76.691 75.473 75.260 76.064 45.916 0.000 0.000 0.000 0.000 0.000 0.000 0.000 5.642 3.630 3.606 3.574 3.532 3.489 7.439 20.385 17.329 2.272 13.223 22.181 1.126 4.077 10.048 15.020 10.995 4.975 2.964 0.955 15.946 37.943 38.940
0.000 31.855 55.837 54.826 48.832 1.893 0.000 0.000 37.484 50.534 39.541 38.527 39.490 20.406 0.000 0.000 0.000 0.000 0.000 0.000 46.823 44.815 42.798 25.764 28.738 35.715 36.700 41.687 32.673 0.000 0.000 0.000 51.276 69.199 76.152 76.260 83.407 83.207 75.527 76.221 75.940 75.737 75.534 70.353 28.225 0.000 0.000 25.403 0.000 0.000 0.000 11.664 6.665 3.650 3.623 3.589 3.547 3.501 3.450 3.396 10.339 24.282 25.223 8.168 2.116 3.071 4.029 7.996 6.964 2.934 2.925 3.913 22.914 40.911 38.907
45.138 43.017 56.964 49.939 50.934 47.949 0.000 0.000 0.000 52.663 47.660 42.653 44.645 0.000 0.000 0.000 0.000 0.000 0.000 0.000 45.843 41.840 32.836 0.000 0.000 33.707 45.699 44.693 0.000 0.000 0.000 53.745 45.567 49.427 56.530 71.614 83.592 75.256 76.816 76.387 76.204 75.993 73.786 56.588 35.406 41.404 39.404 20.403 0.000 0.000 0.000 0.000 20.702 2.681 3.649 7.611 15.566 5.517 3.464 2.408 6.351 21.292 28.222 20.150 6.106 1.050 3.001 2.972 2.930 2.874 1.887 8.887 29.885 39.881 38.873
43.182 54.113 48.064 41.032 60.016 49.015 1.043 0.000 0.000 44.795 60.785 55.781 55.793 58.852 0.000 0.000 0.000 0.000 0.000 0.000 43.867 34.868 37.870 0.000 0.000 0.000 81.697 108.694 23.694 0.000 53.066 47.925 47.791 47.730 43.842 83.930 83.767 76.299 79.909 76.661 76.459 76.250 68.029 20.809 0.000 43.404 21.404 0.000 0.000 0.000 8.842 7.816 6.761 2.722 6.683 18.639 23.590 21.537 14.481 4.423 13.364 21.312 0.218 6.106 19.070 16.022 11.986 19.959 0.840 2.743 0.717 13.863 36.859 40.855 41.845
55.238 47.189 39.146 39.111 52.084 60.068 56.071 59.061 61.022 55.937 50.904 52.892 41.895 40.912 0.000 0.000 0.000 0.000 48.901 47.899 35.891 37.894 38.907 42.938 41.960 0.000 0.000 0.000 0.000 0.000 59.208 52.099 46.976 48.105 46.184 84.076 45.907 53.501 68.102 75.928 76.719 74.518 33.273 0.000 0.000 0.000 0.000 0.000 0.000 9.888 3.869 3.844 3.805 4.765 14.720 23.671 22.618 22.561 18.501 14.439 24.370 7.284 2.163 3.097 3.046 12.999 25.962 12.943 0.617 1.097 6.099 0.000 0.651 10.833 0.000
46.298 39.259 40.221 40.183 42.142 26.102 52.096 50.092 42.068 39.028 38.002 53.988 55.985 42.988 0.000 0.000 0.000 48.905 44.905 41.904 34.905 38.911 38.925 38.949 38.981 0.667 4.457 5.572 7.687 75.651 72.462 61.248 60.272 49.314 84.331 84.210 47.957 54.610 49.390 56.199 74.975 49.828 0.000 0.000 0.000 0.000 0.000 0.000 0.000 9.906 3.903 3.884 3.852 4.811 13.762 23.708 22.650 21.587 18.524 23.461 17.392 1.254 3.130 3.074 3.018 12.966 20.919 0.000 1.112 4.067 22.969 39.740 18.786 0.000 0.000
39.360 40.328 40.295 41.259 22.200 0.000 9.119 37.143 40.131 40.106 40.087 38.075 62.070 46.068 0.000 0.000 0.000 25.906 42.908 36.910 37.913 38.920 38.933 38.952 38.979 50.013 0.000 0.000 14.839 67.804 77.733 0.000 81.447 71.684 84.433 46.521 60.170 56.817 46.692 43.500 40.156 24.992 0.000 0.000 3.727 0.000 0.000 0.000 0.000 5.928 3.951 3.939 3.908 3.864 4.811 10.750 18.685 18.615 18.546 22.488 0.375 3.183 3.119 2.050 7.986 24.927 7.831 1.122 3.051 0.000 0.000 15.466 0.000 0.000 44.649
40.424 40.397 40.374 43.357 0.000 0.000 0.000 35.230 40.209 42.179 40.165 39.156 57.150 53.148 0.000 0.000 0.000 0.000 33.912 36.914 38.918 38.925 38.935 38.950 40.968 26.990 0.000 0.000 65.027 67.991 78.937 84.870 78.889 76.910 84.516 67.568 70.276 55.121 48.029 40.957 0.000 0.000 0.000 0.000 1.729 0.000 0.000 0.000 0.000 0.000 7.033 4.013 3.976 3.926 3.866 3.798 3.723 10.643 18.558 6.464 3.343 3.214 3.108 6.020 18.956 18.924 0.587 1.364 3.945 0.000 0.000 42.192 32.079 38.037 0.000
40.487 40.465 40.447 40.439 44.457 45.446 45.410 41.338 41.295 21.238 38.239 39.234 55.228 54.225 0.000 0.000 0.000 0.000 32.915 38.917 38.920 38.926 38.934 38.943 26.956 0.000 0.000 0.000 70.250 76.199 79.126 79.091 78.149 84.627 77.045 79.768 74.459 59.404 49.345 48.342 48.476 0.000 0.000 0.000 0.190 7.364 0.368 0.000 0.000 0.000 22.136 3.105 4.057 3.998 3.930 4.852 3.768 3.676 3.577 3.469 3.348 3.222 2.080 7.965 22.895 0.000 1.578 1.301 2.756 0.000 0.000 44.033 36.007 40.995 0.000
40.550 40.530 40.510 40.495 40.487 40.471 40.447 40.417 44.398 0.000 31.319 40.312 56.305 51.300 0.000 0.000 0.000 0.000 37.917 40.919 40.922 40.926 38.931 41.935 0.000 0.000 0.000 62.677 68.524 79.430 79.317 79.431 77.473 84.834 78.181 82.829 78.722 79.657 67.609 55.590 44.610 39.609 41.609 0.000 0.000 6.369 1.373 7.375 8.373 6.354 12.271 22.212 4.150 5.080 14.002 20.914 2.819 3.716 3.605 3.486 3.358 2.203 7.033 25.901 19.764 8.590 1.034 1.233 2.273 16.889 34.848 35.899 35.922 35.942 33.962
40.613 40.594 40.570 40.546 40.524 43.504 41.492 40.486 44.481 0.000 31.406 40.392 57.379 49.371 0.000 0.000 0.000 0.000 10.918 20.919 19.922 19.925 40.929 25.932 0.000 0.000 0.000 64.830 74.743 79.647 79.607 78.713 85.515 85.197 79.249 80.094 78.952 78.897 79.843 70.800 35.764 0.000 0.000 0.000 0.000 4.372 4.375 1.380 3.391 4.417 3.381 10.324 24.251 7.170 5.082 14.985 2.878 3.763 3.642 3.513 3.353 3.177 11.011 23.843 10.671 22.527 0.250 0.317 3.796 24.763 36.756 35.792 35.842 35.890 34.935
40.681 40.661 40.633 43.593 45.561 17.531 38.529 41.556 43.561 3.563 34.507 39.473 51.448 49.434 0.000 0.000 0.000 0.000 0.000 0.000 0.000 0.000 21.928 0.000 0.000 0.000 13.212 63.070 79.968 79.852 79.971 78.060 85.799 77.837 83.543 79.238 79.193 79.126 79.068 69.002 29.883 0.000 0.000 0.000 0.000 0.000 7.376 8.378 0.000 3.543 4.511 4.450 8.361 24.268 7.173 4.066 3.945 3.816 3.688 3.571 1.371 7.140 25.990 6.790 5.548 19.334 3.093 0.493 5.629 31.611 36.622 35.673 35.762 36.840 38.904
40.753 40.738 42.708 18.632 20.596 0.000 0.594 36.649 40.642 44.624 40.585 43.545 48.506 53.485 0.000 0.000 0.000 0.000 0.000 0.000 0.000 0.000 0.000 0.000 0.000 0.000 72.355 74.272 80.179 80.141 79.265 86.302 86.061 78.901 79.614 79.485 79.416 79.352 78.298 58.259 0.000 0.000 0.000 0.000 0.000 0.000 0.000 0.000 0.000 10.702 7.671 3.606 3.475 5.367 22.275 11.161 3.019 3.869 3.724 2.576 7.375 9.198 8.020 4.779 2.336 1.987 1.501 1.211 13.451 35.431 36.448 38.515 34.694 31.806 33.883
40.832 40.831 45.829 0.000 0.000 7.030 0.000 32.758 41.735 39.704 41.665 53.618 25.546 19.515 0.000 0.000 0.000 0.000 0.000 0.000 0.000 0.000 0.000 0.000 0.000 59.714 64.580 78.484 80.371 80.506 78.608 86.523 78.402 80.075 79.768 79.708 79.634 79.569 71.514 48.477 0.000 0.000 0.000 0.000 0.000 0.000 0.000 0.000 0.000 14.890 9.866 3.826 1.745 4.452 4.398 20.284 13.100 3.920 4.754 2.590 9.404 9.256 6.114 0.028 1.646 1.268 1.780 15.203 34.212 36.214 39.226 31.246 0.000 0.000 0.000
39.912 39.924 42.950 13.017 10.041 42.030 46.985 40.890 38.837 45.794 55.753 58.715 0.000 0.000 0.000 0.000 0.000 0.000 0.000 0.000 0.000 0.000 0.000 0.000 0.000 61.849 69.770 79.677 80.671 79.715 86.926 86.731 79.431 80.134 79.995 79.917 79.844 79.776 61.713 43.657 0.000 0.000 0.000 0.000 0.000 0.000 0.000 0.000 0.000 13.103 11.078 11.059 8.069 0.948 2.666 3.477 19.177 18.955 15.769 12.599 5.437 4.308 0.789 0.567 0.882 2.953 22.932 34.962 34.979 35.988 34.994 25.996 0.000 0.000 0.000
53.987 52.005 49.030 50.061 50.075 47.067 48.034 49.980 49.931 55.884 57.837 15.776 0.000 0.000 0.000 0.000 0.000 0.000 0.000 0.000 0.000 0.000 0.000 0.347 8.201 63.063 79.965 80.878 80.833 80.067 87.107 78.907 80.579 80.267 80.201 80.120 80.047 77.980 59.906 30.781 0.000 0.000 0.000 0.000 0.000 0.000 0.000 0.000 0.000 3.340 7.285 10.264 11.238 10.226 7.108 3.059 0.000 0.000 0.000 0.000 0.000 0.000 2.309 0.360 1.702 22.696 35.714 34.736 35.753 38.764 34.768 31.750 12.662 0.000 0.000
53.060 55.080 57.103 56.123 55.133 53.128 51.105 51.067 52.022 47.974 47.935 0.000 0.000 0.000 0.000 0.000 0.000 0.000 0.000 0.000 0.000 0.000 0.000 49.427 72.335 71.238 80.152 81.047 81.181 79.292 87.273 80.998 80.602 80.478 80.393 80.316 80.247 76.189 56.148 0.000 0.000 0.000 0.000 0.000 0.000 0.000 0.000 0.000 10.794 5.632 2.555 4.476 9.392 11.382 11.344 12.367 3.489 0.000 0.000 0.000 0.000 0.000 3.233 0.669 15.395 36.460 34.494 34.515 34.533 35.549 34.564 34.573 25.575 0.000 0.000
41.131 48.154 57.177 63.197 51.208 45.207 40.191 38.160 37.116 43.056 21.996 0.000 0.000 0.000 0.000 0.000 0.000 0.000 0.000 0.000 0.000 0.000 0.000 55.524 71.474 79.404 81.326 81.303 80.442 87.565 87.426 83.014 80.819 80.658 80.581 80.503 80.436 75.383 50.350 0.000 0.000 0.000 0.000 0.000 0.000 0.000 0.000 11.087 5.956 5.840 5.765 4.694 1.647 6.566 10.519 11.558 8.611 0.000 0.000 0.000 0.000 1.095 0.055 2.128 30.197 34.255 34.287 34.299 34.314 34.336 34.365 34.404 9.489 0.000 0.000
43.202 48.230 50.256 53.279 43.295 39.301 40.293 40.269 42.225 20.141 0.000 0.000 0.000 0.000 0.000 0.000 0.000 0.000 0.000 0.000 0.000 0.000 0.000 41.671 70.633 80.576 81.487 81.629 79.751 87.691 80.562 82.234 80.914 80.848 80.760 80.682 80.611 71.555 44.521 0.000 0.000 0.000 0.000 0.000 0.000 0.000 10.338 6.218 6.105 6.007 5.932 5.878 5.859 2.800 1.770 4.735 11.786 11.867 0.000 0.000 0.000 0.000 0.052 16.919 34.008 33.077 33.101 34.080 34.088 34.117 34.157 33.189 0.000 0.000 0.000
41.273 42.306 40.339 39.369 40.393 39.409 39.411 39.398 44.376 0.000 0.000 0.000 0.000 0.000 0.000 0.000 0.000 0.000 0.000 0.000 0.000 0.000 0.000 49.857 78.812 81.751 81.738 80.884 87.919 87.810 83.557 81.258 81.113 81.023 80.935 80.851 81.773 61.705 49.657 0.000 0.000 10.030 0.000 9.762 11.707 11.608 6.459 6.341 6.238 6.150 6.079 6.025 5.989 5.958 4.958 1.939 10.930 11.948 4.948 0.000 0.000 4.378 0.000 5.718 11.840 14.945 18.959 24.832 30.840 32.889 32.957 31.006 0.000 0.000 0.000
40.345 40.384 40.425 39.465 39.501 39.530 39.545 38.537 46.505 0.000 0.000 0.000 0.000 0.000 0.000 0.000 0.000 0.000 0.000 0.000 0.000 0.000 34.224 70.087 81.008 81.914 82.073 80.183 88.015 81.009 82.683 81.367 81.292 81.196 81.105 81.015 81.927 53.834 31.745 0.000 0.000 6.030 0.000 4.817 6.752 6.658 6.549 6.448 6.357 6.277 6.209 6.155 6.114 6.085 4.071 6.066 12.048 9.047 0.000 0.000 0.000 3.379 2.442 1.938 1.209 0.516 0.000 3.449 14.552 10.641 12.776 16.872 0.000 0.000 0.000
38.415 38.462 38.513 38.565 38.617 39.666 41.701 43.701 18.603 0.000 0.000 0.000 0.000 0.000 0.000 0.000 0.000 0.000 0.929 0.000 0.000 4.460 45.361 76.265 82.178 82.187 81.235 88.179 88.103 83.998 81.705 81.556 81.462 81.367 81.273 81.180 77.084 23.959 0.000 0.000 0.000 6.030 12.031 6.937 6.825 6.722 6.631 6.546 6.466 6.392 6.326 6.272 6.228 6.196 3.174 12.161 12.149 8.146 0.000 0.000 0.000 2.318 1.017 1.767 1.757 2.017 2.271 2.654 1.852 1.935 1.155 0.417 0.219 0.000 0.000
42.483 46.538 49.599 53.665 55.737 58.815 57.895 49.963 0.000 0.093 24.168 0.000 0.000 0.000 0.000 0.000 0.000 31.926 58.930 0.000 0.000 38.558 71.498 81.423 82.353 82.311 81.557 88.243 80.435 82.123 81.806 81.731 81.633 81.537 81.441 82.346 69.271 0.000 0.000 0.000 0.000 0.000 6.125 7.075 8.891 8.774 6.708 6.640 6.568 6.497 6.433 6.377 6.331 3.296 8.270 11.253 12.243 3.241 0.000 0.000 0.000 0.000 4.798 4.835 1.984 0.515 0.676 1.645 2.188 2.196 1.627 1.621 2.608 0.000 0.000
47.546 56.609 57.679 56.760 55.852 54.962 52.100 46.295 21.657 38.942 57.170 26.336 10.425 0.000 0.000 0.000 2.907 41.922 55.934 0.000 13.811 55.717 80.647 83.587 82.471 82.719 80.720 88.294 82.421 82.138 81.990 81.898 81.803 81.708 81.607 83.494 27.382 0.000 0.000 0.000 0.000 0.000 2.372 8.346 0.000 0.000 5.787 6.738 6.669 6.597 6.530 6.472 5.424 3.386 12.358 12.339 9.329 3.334 9.368 0.000 0.000 0.000 15.669 30.555 23.362 19.179 15.110 11.151 14.187 14.177 0.000 0.428 1.588 1.582 5.577
44.604 47.673 46.751 44.843 42.951 41.083 39.247 39.460 48.734 51.000 48.233 45.413 49.515 0.000 0.000 0.000 42.892 72.921 23.951 19.958 53.906 77.850 82.799 82.719 82.891 80.887 88.361 80.827 82.545 82.232 82.161 82.066 81.975 81.884 84.786 41.640 0.000 0.000 0.000 0.000 0.000 0.000 4.620 9.591 0.000 0.000 2.915 6.856 6.774 6.692 6.619 6.558 3.507 11.467 12.436 11.415 2.401 6.398 6.403 0.000 0.000 0.000 0.000 13.368 31.196 30.046 29.958 29.921 29.888 23.817 13.647 0.354 0.000 0.000 0.559
41.654 40.726 40.810 41.909 42.027 42.171 40.347 41.564 46.820 50.090 46.350 41.570 44.706 0.101 0.000 0.000 34.848 44.920 22.991 56.015 71.006 79.981 82.947 82.950 82.105 88.757 88.501 81.823 82.555 82.413 82.324 82.234 82.147 82.068 85.014 0.000 0.000 0.365 9.366 0.000 0.000 5.843 8.819 7.808 14.853 0.000 3.102 6.996 6.878 6.778 6.697 4.632 6.580 12.538 12.506 4.482 5.464 6.452 6.443 0.000 0.000 0.000 0.000 0.000 13.023 28.866 28.769 28.703 28.643 29.571 29.481 4.428 0.000 0.000 0.000
41.696 41.769 41.855 41.957 42.078 41.226 40.407 44.629 48.893 49.191 44.507 40.809 46.034 0.088 0.000 0.000 30.733 0.020 47.079 71.107 77.121 83.126 83.064 83.351 81.401 88.982 81.249 82.963 82.650 82.580 82.487 82.398 82.310 89.227 73.189 0.000 0.000 46.367 32.366 0.000 0.000 0.976 9.005 7.969 7.899 13.724 11.406 10.149 6.965 6.844 6.759 3.694 11.642 12.601 8.568 3.542 6.522 6.504 8.473 12.473 0.000 0.000 0.000 0.000 0.000 25.639 28.566 28.493 28.425 29.357 27.294 1.262 0.000 0.000 0.000
41.727 41.800 41.885 41.985 41.104 40.249 42.427 46.651 49.934 46.275 41.679 41.127 44.586 27.244 14.728 16.135 12.618 13.986 54.139 75.213 81.256 83.253 83.487 81.564 89.370 89.186 82.264 82.978 82.831 82.741 82.650 82.561 87.468 30.340 45.326 15.358 46.366 54.367 0.000 0.000 0.000 0.451 9.239 8.165 8.048 17.869 28.636 2.245 11.987 7.875 4.801 6.743 12.694 11.654 2.622 5.597 6.579 6.568 0.000 0.000 0.000 0.000 0.000 0.000 0.000 6.500 27.377 28.293 28.221 32.152 28.077 16.974 0.000 0.000 0.000
41.749 41.819 41.900 41.994 40.105 40.238 44.402 51.614 52.917 49.295 44.807 43.434 43.941 46.421 46.805 56.059 0.000 32.201 70.278 77.351 83.407 83.486 82.718 89.696 89.538 82.629 83.410 83.072 82.997 82.901 82.811 82.728 90.663 0.000 28.416 30.382 20.373 22.370 0.000 0.000 0.000 3.725 9.539 8.405 14.258 30.067 6.852 0.000 0.000 5.867 3.828 11.782 12.738 8.700 5.670 6.646 6.630 8.621 0.000 0.000 0.000 0.000 0.000 0.000 0.000 0.000 18.163 28.097 28.031 32.968 27.905 27.831 16.749 0.000 0.000
41.762 41.827 41.902 40.987 40.085 42.198 49.329 26.489 2.824 2.126 0.443 30.860 48.322 43.694 47.012 28.238 0.000 37.339 75.421 81.513 83.536 83.901 82.026 89.841 82.973 83.749 83.317 83.257 83.151 83.057 82.965 83.878 81.792 3.666 3.541 0.000 0.000 0.000 0.000 0.000 3.086 10.933 8.787 7.656 27.514 31.290 0.000 0.000 0.000 1.897 7.864 12.819 12.776 2.740 6.710 6.687 6.673 9.665 0.000 0.000 0.000 0.000 0.000 0.000 0.000 0.000 6.032 27.915 27.851 33.802 27.757 27.715 21.681 0.000 0.000
41.766 41.826 40.893 39.969 42.051 45.139 53.227 12.299 0.000 0.000 0.000 0.000 30.794 46.021 47.310 33.644 36.110 62.394 79.564 83.659 83.980 82.136 90.096 89.975 83.962 83.657 83.508 83.403 83.304 83.208 83.116 86.028 70.959 0.000 0.000 0.000 0.000 0.000 0.000 0.000 3.240 10.133 9.019 6.921 34.849 0.000 0.000 0.000 8.072 12.983 12.911 12.855 10.809 5.772 6.743 6.722 6.708 8.702 0.000 12.745 0.000 0.000 0.000 0.000 0.000 0.000 0.000 27.696 27.672 27.646 27.622 27.604 25.596 0.000 0.000
41.764 41.818 40.878 39.943 44.012 48.081 52.141 10.181 0.000 0.000 0.000 0.000 11.040 54.286 49.565 55.917 69.292 78.567 82.749 83.934 83.236 90.310 90.207 83.310 84.085 83.741 83.657 83.551 83.453 83.357 87.261 50.159 22.059 0.000 0.000 0.000 0.000 0.000 0.000 5.713 10.502 9.340 11.234 8.159 32.114 0.000 0.000 3.342 10.161 26.031 14.943 11.880 7.832 5.796 5.768 6.748 6.736 6.733 11.743 7.745 0.000 0.000 0.000 0.000 0.000 0.000 0.000 27.516 27.512 27.503 27.497 27.498 25.519 0.000 0.000
41.757 41.806 39.858 41.915 47.973 49.031 47.077 34.104 0.000 0.000 0.000 0.000 0.000 7.517 3.749 44.165 75.576 79.829 83.975 84.310 82.577 90.404 82.636 84.414 83.977 83.910 85.797 84.695 83.598 83.507 89.414 12.286 0.000 0.000 0.000 0.000 0.000 0.000 26.106 25.924 13.714 10.491 21.419 16.367 17.333 0.000 0.000 2.012 6.198 17.037 12.949 16.889 10.845 13.811 12.786 9.767 6.756 5.751 5.751 11.748 0.000 0.000 0.000 0.000 0.000 0.000 1.247 27.356 27.370 27.375 27.379 27.388 1.430 0.000 0.000
