results3/res_3e8f-0022.wd
ncols         241
nrows         181
xllcorner     12693529.787448
yllcorner     3542525.717860
cellsize      155.156523
NODATA_value  -9999.000000
[rows 99 to 131 of 181, columns 0 to 74 of 241]
0.000 0.000 0.000 0.000 0.000 14.439 54.436 56.429 47.426 42.425 0.000 0.000 0.000 0.000 0.000 0.000 0.000 22.287 19.287 0.000 0.000 0.000 0.000 17.225 16.223 0.000 0.000 0.000 0.000 0.000 0.000 0.000 0.000 0.000 0.000 27.981 24.000 23.031 24.062 25.098 38.142 27.191 31.249 23.298 25.345 23.394 24.445 29.500 30.557 28.617 32.678 25.741 25.806 27.873 30.943 45.024 46.127 31.198 17.239 0.000 0.000 0.000 0.000 0.000 0.000 54.043 51.072 38.151 13.231 8.296 52.353 29.408 31.463 31.523 31.586
0.000 0.000 0.000 0.000 0.000 15.456 55.455 55.453 0.000 0.000 0.000 0.000 0.000 0.000 0.000 0.000 0.000 33.289 22.289 0.000 0.000 0.000 20.246 19.237 23.232 0.000 0.000 0.000 0.000 33.835 25.836 0.000 0.000 0.000 40.910 50.938 36.963 30.005 24.022 26.049 45.085 30.131 36.210 36.251 27.292 42.337 34.387 35.441 25.499 33.558 33.620 31.683 25.747 26.810 30.873 27.948 0.000 0.000 0.000 0.000 0.000 0.000 0.000 2.144 39.141 51.125 58.146 48.193 24.248 25.303 39.354 30.405 31.457 31.512 31.569
0.000 0.000 0.000 0.000 0.000 2.477 51.476 60.476 0.000 0.000 0.000 0.000 0.000 0.000 0.000 0.000 0.000 40.291 21.295 22.293 24.284 21.272 18.257 19.246 17.238 0.000 0.000 0.000 0.000 26.836 26.837 27.841 26.848 26.861 25.883 35.899 44.910 0.000 55.974 45.993 51.017 36.039 0.000 52.207 50.235 49.277 53.326 42.381 25.439 28.499 33.561 33.625 30.689 26.750 15.791 0.000 0.000 0.000 0.000 0.000 0.000 0.000 0.000 12.149 39.153 39.171 50.193 49.227 32.268 32.312 31.357 31.403 31.450 31.498 30.549
28.563 31.562 0.000 0.000 0.000 12.500 51.499 56.500 66.511 0.000 0.000 0.000 0.000 0.000 0.000 0.000 0.000 0.000 25.308 22.301 40.289 54.276 29.264 14.254 0.000 0.000 0.000 0.000 0.000 0.000 25.837 26.837 26.844 26.853 26.862 25.866 25.869 24.871 25.907 30.931 42.953 36.970 0.000 52.134 53.166 31.210 38.261 55.317 49.377 36.439 26.502 32.566 33.634 36.711 21.751 0.000 0.000 0.000 0.000 0.000 0.000 0.000 0.000 0.000 0.000 36.215 33.229 33.253 31.285 31.321 31.360 31.400 31.441 30.484 29.528
42.565 25.564 25.560 27.554 29.543 48.526 56.519 56.518 56.522 58.528 32.530 0.000 0.000 20.409 27.409 28.408 0.000 0.000 48.328 56.318 51.295 47.280 30.271 0.000 0.000 0.000 0.000 0.000 0.000 0.000 0.000 26.829 25.840 24.846 25.847 26.833 26.832 26.837 26.854 27.873 46.895 41.919 24.950 27.031 38.085 49.137 26.191 38.250 39.314 32.379 52.443 35.506 27.569 0.000 0.000 0.000 0.000 0.000 0.000 0.000 0.000 0.000 0.000 0.000 0.000 36.244 31.255 31.274 31.299 31.329 31.361 29.396 27.432 29.469 35.506
57.570 47.568 28.565 32.559 50.551 56.542 56.536 56.533 56.533 51.534 23.534 29.535 0.000 11.410 46.412 54.409 54.400 38.385 53.360 60.349 0.000 0.000 0.000 0.000 0.000 0.000 0.000 0.000 0.000 0.000 0.000 26.811 0.000 0.000 0.000 27.789 26.789 26.791 26.800 27.814 43.835 48.862 25.900 26.955 27.008 45.061 46.117 24.179 32.249 51.323 43.385 21.445 0.000 0.000 0.000 0.000 0.000 0.000 0.000 0.000 0.000 0.000 0.000 0.000 0.000 36.264 31.272 31.288 31.309 30.334 29.362 34.391 35.421 36.453 37.485
57.578 57.576 52.573 55.569 56.563 56.556 56.551 56.547 56.544 52.541 27.539 44.537 0.000 0.000 24.422 48.417 56.408 57.395 56.380 61.370 0.000 0.000 0.000 0.000 0.000 0.000 0.000 0.000 0.000 0.000 0.000 26.793 0.000 0.000 28.739 26.746 26.744 26.741 26.741 26.750 43.768 48.796 25.834 26.882 26.932 27.984 49.039 43.102 50.181 40.278 21.331 0.000 0.000 0.000 0.000 0.000 0.000 0.000 0.000 0.000 0.000 0.000 0.000 0.000 34.276 31.276 31.283 31.297 31.316 30.338 32.361 36.386 37.411 37.437 37.464
55.588 56.587 56.585 56.581 56.577 56.571 56.566 56.561 56.556 57.550 52.545 59.540 0.000 0.000 12.439 31.431 54.421 56.409 57.397 45.383 0.000 0.000 0.000 0.000 0.000 0.000 0.000 0.000 0.000 0.000 0.000 20.777 25.761 25.747 24.733 26.714 26.701 26.687 26.675 26.676 43.692 48.721 25.761 26.807 26.855 26.904 31.954 55.010 35.095 0.000 0.000 0.000 0.000 0.000 0.000 0.000 0.000 0.000 0.000 0.000 0.000 0.000 0.000 0.000 0.000 38.282 34.289 35.301 33.319 29.341 36.360 37.380 35.400 35.422 32.444
52.602 57.601 56.599 56.596 56.592 56.588 56.582 56.576 56.569 56.561 57.551 50.539 34.520 25.496 19.466 46.449 56.436 56.426 61.419 0.000 0.000 0.000 0.000 0.000 0.000 0.000 0.000 0.000 0.000 0.000 0.000 0.000 0.000 0.000 0.000 26.676 26.660 26.632 26.597 26.589 42.604 49.637 26.681 26.730 26.778 26.823 26.862 32.891 0.000 0.000 0.000 0.000 0.000 0.000 0.000 0.000 0.000 0.000 0.000 0.000 0.000 0.000 0.000 0.000 0.000 0.000 0.000 0.000 0.000 38.348 36.358 37.373 34.389 29.406 38.422
52.618 57.617 56.616 56.614 56.611 56.606 56.601 56.594 56.586 56.575 57.562 42.546 21.526 20.504 29.481 53.464 56.450 56.440 62.434 0.000 0.000 0.000 0.000 0.000 0.000 0.000 0.000 0.000 0.000 0.000 0.000 0.000 0.000 0.000 0.000 22.654 26.633 23.586 26.494 26.478 45.499 49.542 26.598 26.655 26.706 26.750 26.783 23.802 0.000 0.000 0.000 0.000 0.000 0.000 0.000 0.000 0.000 0.000 0.000 0.000 0.000 30.274 0.000 0.000 0.000 0.000 0.000 0.000 34.338 35.344 37.354 37.365 34.378 30.392 40.405
55.636 56.635 56.635 56.634 56.631 56.628 56.623 56.616 56.606 56.593 56.577 53.558 30.536 31.514 48.493 55.476 56.462 56.452 63.446 0.000 0.000 0.000 0.000 0.000 0.000 0.000 0.000 0.000 0.000 0.000 0.000 0.000 0.000 0.000 0.000 0.000 22.632 0.000 25.315 26.331 54.373 41.437 26.513 26.585 26.644 39.688 29.717 24.732 0.000 0.000 0.000 0.000 0.000 0.000 0.000 0.000 0.000 0.000 0.000 0.000 0.000 41.275 26.275 0.000 0.000 0.000 0.000 35.324 38.331 37.339 34.347 30.357 30.368 28.379 32.394
56.655 56.656 56.656 56.656 56.655 56.652 56.648 56.641 56.630 56.616 56.596 56.573 58.548 58.525 57.503 56.486 56.472 58.461 47.453 0.000 0.000 0.000 0.000 0.000 0.000 0.000 0.000 0.000 0.000 0.000 0.000 0.000 0.000 0.000 0.000 0.000 0.000 0.000 25.123 26.158 60.225 29.321 26.434 26.530 38.597 47.641 26.668 26.678 25.662 0.000 0.000 0.000 0.000 0.000 0.000 0.000 0.000 0.000 0.000 0.000 0.000 37.275 38.276 25.279 0.000 31.302 33.308 37.318 36.326 34.333 33.341 29.348 37.356 40.363 0.000
55.676 54.677 56.680 56.681 56.682 56.680 56.677 56.671 56.661 56.644 56.621 56.592 56.562 56.534 56.511 56.493 57.480 40.470 0.000 0.000 17.425 31.424 0.000 0.000 0.000 0.000 0.000 0.000 0.000 0.000 0.000 0.000 0.000 0.000 0.000 0.000 0.000 0.000 20.896 31.955 55.048 26.187 23.375 26.504 26.572 26.614 26.638 26.649 26.648 23.647 0.000 0.000 0.000 0.000 0.000 0.000 0.000 0.000 0.000 0.000 0.000 32.275 28.277 34.281 29.288 37.297 37.305 36.313 32.321 35.328 30.334 29.340 29.347 22.355 0.000
45.696 45.700 54.706 56.710 56.711 56.712 56.711 56.707 56.698 56.682 56.654 57.612 58.574 56.541 56.516 56.498 56.486 0.000 0.000 17.434 27.428 37.424 36.420 29.418 21.416 0.000 0.000 0.000 0.000 0.000 0.000 0.000 0.000 0.000 0.000 24.268 27.312 27.413 24.610 23.719 32.827 21.007 0.000 22.539 26.576 26.604 26.622 26.632 25.635 0.000 0.000 0.000 0.000 0.000 0.000 0.000 34.262 45.263 0.000 0.000 33.272 31.274 31.277 28.281 36.287 37.294 37.302 34.310 37.317 37.323 35.328 30.333 19.336 0.000 0.000
27.714 32.722 51.735 57.742 56.744 56.746 56.750 56.750 56.745 56.732 58.702 44.631 40.581 55.540 60.516 57.497 52.482 34.467 37.455 43.442 37.431 38.424 17.420 10.418 0.000 0.000 0.000 0.000 0.000 0.000 0.000 0.000 0.000 0.000 15.224 21.225 24.255 24.319 24.413 24.485 26.535 0.000 0.000 0.000 21.589 26.604 26.615 26.623 26.626 0.000 0.000 0.000 0.000 0.000 0.000 0.000 51.263 33.263 31.265 31.267 31.270 31.273 29.276 34.280 37.285 37.291 33.298 37.308 37.315 36.320 30.324 31.327 21.329 0.000 0.000
11.726 26.739 45.772 58.780 59.777 59.781 57.792 56.800 57.802 56.800 57.793 0.000 0.000 14.525 32.512 53.495 60.478 58.466 58.457 44.449 0.000 0.000 0.000 0.000 0.000 0.000 0.000 0.000 0.000 0.000 0.000 0.000 0.000 0.000 0.000 20.154 24.166 22.196 23.239 25.274 26.295 0.000 0.000 0.000 0.000 19.608 26.614 26.618 23.622 0.000 0.000 0.000 0.000 0.000 0.000 0.000 0.000 47.264 30.265 30.267 31.269 30.271 30.274 36.278 37.282 35.289 23.293 0.000 41.317 35.319 35.321 35.323 21.324 0.000 0.000
0.000 0.000 30.835 36.831 30.805 32.809 49.842 57.856 53.865 46.873 45.880 0.000 0.000 0.000 0.000 0.000 25.471 51.465 58.459 0.000 0.000 0.000 0.000 0.000 0.000 0.000 0.000 0.000 0.000 0.000 0.000 0.000 0.000 0.000 0.000 20.073 26.060 25.062 34.073 35.079 25.076 0.000 0.000 0.000 0.000 0.000 23.613 24.615 0.000 0.000 0.000 0.000 0.000 0.000 0.000 0.000 0.000 52.264 55.265 35.267 29.268 27.270 37.272 37.275 32.278 0.000 0.000 0.000 0.000 40.318 37.319 37.320 27.321 0.000 0.000
0.000 0.000 11.904 20.905 0.000 0.000 21.911 50.919 41.931 37.948 51.975 19.031 0.000 0.000 0.000 0.000 0.000 0.000 27.458 0.000 0.000 0.000 0.000 0.000 0.000 0.000 0.000 0.000 0.000 0.000 0.000 0.000 0.000 0.000 0.000 11.005 24.939 22.920 52.911 45.896 23.855 25.746 0.000 0.000 0.000 0.000 18.613 0.000 0.000 0.000 0.000 0.000 0.000 0.000 0.000 0.000 0.000 0.000 40.266 57.266 42.268 36.269 37.271 32.273 0.000 0.000 0.000 0.000 0.000 32.317 37.317 37.318 32.319 0.000 0.000
0.000 0.000 7.974 52.982 10.013 0.000 10.974 42.979 44.993 56.013 58.044 61.088 67.145 6.176 0.000 0.000 0.000 0.000 0.000 0.000 0.000 0.000 0.000 0.000 0.000 0.000 0.000 0.000 0.000 0.000 0.000 0.000 0.000 0.000 0.000 0.000 17.773 25.767 55.759 37.740 25.702 24.638 29.568 0.000 0.000 0.000 0.000 0.000 0.000 0.000 0.000 0.000 0.000 0.000 0.000 0.000 0.000 0.000 0.000 0.000 45.268 35.269 33.269 0.000 0.000 0.000 0.000 0.000 31.314 30.315 32.316 26.317 0.000 0.000 0.000
0.000 0.000 30.036 48.038 56.046 25.051 38.032 61.034 58.049 57.071 57.099 57.134 57.174 63.208 66.246 22.267 0.000 0.000 26.331 40.331 33.330 35.328 0.000 0.000 0.000 0.000 0.000 0.000 0.000 0.000 0.000 0.000 0.000 0.000 0.000 0.000 18.613 47.619 49.617 26.603 24.576 24.537 27.500 0.000 0.000 0.000 0.000 0.000 0.000 0.000 0.000 0.000 0.000 0.000 0.000 0.000 0.000 0.000 0.000 0.000 0.000 0.000 0.000 0.000 0.000 0.000 0.000 33.313 28.313 26.314 0.000 0.000 0.000 0.000 0.000
54.148 57.130 57.098 55.088 53.083 54.078 56.070 56.077 57.100 58.124 58.149 57.178 50.208 54.237 57.266 61.289 65.314 66.328 58.333 54.334 51.332 46.329 48.325 41.322 0.000 0.000 0.000 0.000 0.000 0.000 0.000 0.000 0.000 0.000 0.000 42.374 31.450 60.479 51.488 38.482 25.464 24.434 24.396 28.338 24.337 0.000 0.000 0.000 0.000 0.000 0.000 0.000 0.000 0.000 0.000 0.000 0.000 0.000 0.000 0.000 0.000 0.000 0.000 0.000 0.000 0.000 0.000 0.000 0.000 0.000 0.000 0.000 0.000 0.000 0.000
57.167 52.145 50.140 49.133 43.123 40.108 41.095 41.107 47.151 52.176 52.198 45.221 29.245 44.269 57.291 57.311 57.327 57.338 57.341 57.340 58.336 58.331 61.325 62.321 62.316 62.313 1.311 0.000 0.000 0.000 0.000 0.000 0.000 0.000 0.000 14.299 40.333 45.361 29.375 46.375 34.363 24.341 24.312 27.282 0.000 0.000 0.000 0.000 0.000 0.000 0.000 0.000 0.000 0.000 0.000 0.000 0.000 0.000 0.000 0.000 0.000 0.000 0.000 0.000 0.000 0.000 0.000 0.000 0.000 0.000 0.000 0.000 0.000 0.000 0.000
27.210 0.141 22.187 36.182 34.170 14.138 0.000 0.000 15.221 32.233 31.248 24.265 19.284 29.303 50.321 58.337 57.349 57.355 57.356 57.350 57.342 61.335 36.326 24.321 23.316 27.313 30.312 0.000 0.000 0.000 0.000 0.000 0.000 0.000 0.000 12.192 48.224 31.257 23.276 33.282 44.274 28.257 24.232 24.197 30.145 0.000 0.000 0.000 0.000 0.000 0.000 0.000 0.000 0.000 0.000 0.000 0.000 0.000 0.000 0.000 0.000 0.000 0.000 0.000 0.000 0.000 0.000 0.000 0.000 0.000 0.000 0.000 0.000 0.000 72.294
17.256 0.000 10.241 25.239 21.239 0.000 0.000 0.000 8.282 22.287 20.296 20.310 21.324 19.340 38.355 55.367 57.377 57.381 57.377 57.366 56.349 19.341 0.000 0.000 0.000 0.000 0.000 0.000 0.000 17.824 37.825 0.000 0.000 0.000 18.967 36.054 53.116 30.168 24.194 22.201 39.196 41.182 27.161 24.131 24.093 27.048 36.028 0.000 0.000 0.000 0.000 0.000 0.000 0.000 0.000 0.000 0.000 0.000 0.000 0.000 0.000 0.000 0.000 0.000 0.000 0.000 0.000 0.000 0.000 0.000 0.000 0.000 0.000 0.000 70.369
30.303 26.314 21.297 20.296 21.308 23.346 24.362 27.362 26.340 22.338 21.343 21.353 21.366 20.379 27.392 49.403 58.411 57.415 59.409 31.387 0.000 0.000 0.000 0.000 0.000 0.000 0.000 0.000 0.000 0.000 4.827 7.831 11.836 25.841 22.881 43.941 41.019 15.105 22.130 24.135 26.129 39.116 31.098 26.076 24.050 23.024 40.009 30.999 24.997 0.000 0.000 0.000 0.000 0.000 0.000 0.000 0.000 0.000 0.000 0.000 0.000 0.000 0.000 0.000 0.000 0.000 0.000 0.000 0.000 0.000 0.000 0.000 0.000 6.620 83.513
20.340 21.343 21.340 21.343 21.352 21.370 21.381 21.384 21.380 21.381 21.387 21.396 21.407 21.420 19.432 40.444 57.453 59.459 55.460 0.000 0.000 0.000 0.000 0.000 0.000 0.000 0.000 0.000 0.000 0.000 0.000 0.000 0.000 9.808 26.777 52.813 26.915 0.000 10.089 25.080 23.069 27.057 28.042 37.025 26.007 23.992 22.985 18.991 0.000 0.000 0.000 0.000 0.000 0.000 0.000 0.000 0.000 0.000 0.000 0.000 0.000 0.000 0.000 0.000 0.000 0.000 0.000 0.000 0.000 0.000 0.000 0.000 11.815 76.728 86.637
21.377 21.378 21.379 21.383 21.390 21.401 21.409 20.414 20.417 21.422 21.429 21.438 21.450 21.462 20.475 28.488 43.499 54.508 42.514 0.000 0.000 0.000 0.000 0.000 0.000 0.000 0.000 0.000 0.000 0.000 0.000 0.000 0.000 0.000 35.606 60.618 0.000 0.000 8.058 26.027 24.013 23.001 30.989 41.976 29.964 23.954 27.948 0.000 0.000 0.000 0.000 0.000 0.000 0.000 0.000 0.000 0.000 0.000 0.000 0.000 0.000 0.000 0.000 0.000 0.000 0.000 0.000 0.000 0.000 0.000 0.000 0.000 68.903 82.840 82.763
21.414 21.415 21.417 21.421 21.427 21.435 21.442 25.449 26.455 22.461 21.470 21.480 21.492 21.505 21.520 20.534 23.549 32.563 32.574 0.000 0.000 0.000 0.000 0.000 0.000 0.000 0.000 0.000 0.000 0.000 0.000 0.000 0.000 0.000 39.424 54.436 0.000 0.000 0.000 22.961 23.954 23.946 22.937 27.928 29.919 25.912 27.907 0.000 0.000 0.000 0.000 0.000 0.000 0.000 0.000 0.000 0.000 0.000 0.000 0.000 0.000 0.000 0.000 0.000 0.000 0.000 0.000 0.000 0.000 0.000 0.000 53.159 62.052 61.969 61.889
21.451 21.452 21.455 21.459 21.464 21.471 20.478 32.485 37.492 24.501 21.510 21.522 21.535 21.549 21.565 21.582 21.601 20.622 23.647 4.690 0.000 0.000 0.000 0.000 0.000 11.741 32.789 0.711 0.000 0.000 0.000 0.000 0.000 20.129 62.233 36.267 36.232 0.000 0.000 8.902 25.899 23.894 23.888 21.881 37.874 41.868 35.864 0.000 0.000 0.000 0.000 0.000 0.000 0.000 0.000 0.000 0.000 0.000 0.000 0.000 0.000 0.000 0.000 0.000 0.000 0.000 0.000 0.000 0.000 0.000 27.350 78.266 64.178 77.102 98.976
21.489 21.490 21.492 21.496 21.501 21.507 20.514 33.522 39.530 23.540 21.551 21.563 21.577 21.593 21.611 21.630 21.652 21.677 21.705 27.733 0.000 0.000 0.000 0.000 0.000 0.000 0.000 18.382 26.480 30.537 4.576 0.000 15.933 54.027 52.111 32.167 14.199 0.000 0.000 8.848 25.846 24.844 27.840 22.835 31.829 54.823 51.817 0.000 0.000 0.000 0.000 0.000 0.000 0.000 0.000 0.000 0.000 0.000 0.000 0.000 0.000 0.000 0.000 0.000 0.000 0.000 0.000 0.000 0.000 0.000 64.435 120.375 103.302 125.202 103.785
18.526 19.527 20.530 20.534 21.539 21.545 19.552 34.560 37.569 20.579 21.591 21.604 21.620 21.637 21.656 21.678 21.702 21.730 21.764 21.807 27.875 7.912 0.000 0.000 0.000 0.000 0.000 0.000 25.521 21.558 24.615 28.714 40.840 57.936 42.020 10.093 0.000 0.000 0.000 7.796 24.796 27.796 40.795 26.792 36.787 37.779 56.765 60.735 43.721 0.000 0.000 0.000 0.000 0.000 0.000 0.000 0.000 0.000 0.000 0.000 0.000 0.000 0.000 0.000 0.000 0.000 0.000 0.000 0.000 50.686 60.581 61.500 64.423 83.391 102.968
39.564 34.565 29.568 27.572 23.576 19.583 19.590 34.598 37.608 19.618 21.631 21.645 21.661 21.680 21.700 21.723 20.750 19.780 20.815 20.857 20.907 26.950 3.993 0.000 0.000 0.000 0.000 0.000 31.527 25.560 20.614 33.689 56.777 50.860 18.939 0.000 0.000 0.000 0.000 5.745 23.747 28.751 35.752 30.751 35.748 34.742 47.732 41.718 34.709 7.703 0.000 0.000 0.000 0.000 0.000 0.000 0.000 0.000 0.000 0.000 0.000 0.000 0.000 0.000 0.000 0.000 0.000 0.000 27.877 55.791 124.702 88.627 120.503 104.168 102.210
59.602 58.604 54.606 49.610 45.615 40.621 35.628 31.637 26.646 20.658 21.671 21.686 21.702 21.721 20.743 22.767 28.795 33.826 32.861 30.901 24.946 19.991 24.038 30.088 0.000 0.000 0.000 13.462 36.501 27.542 23.592 46.652 58.720 14.789 0.000 0.000 0.000 0.000 0.000 9.692 22.700 27.708 43.713 33.714 26.713 19.710 25.705 43.699 40.695 46.699 0.000 0.000 0.000 0.000 0.000 0.000 0.000 0.000 0.000 0.000 0.000 0.000 0.000 0.000 0.000 0.000 0.000 0.000 62.963 53.898 63.823 86.709 62.875 102.322 93.653
