results3/res_3e8f-0201.wd
ncols         241
nrows         181
xllcorner     12693529.787448
yllcorner     3542525.717860
cellsize      155.156523
NODATA_value  -9999.000000
[rows 0 to 32 of 181, columns 146 to 218 of 241]
0.000 0.000 0.000 0.000 0.000 0.000 0.000 0.000 0.000 0.000 0.000 0.000 0.000 0.000 5.817 16.668 17.427 17.133 16.808 16.472 16.142 15.833 15.558 15.324 15.133 14.984 14.875 14.798 14.750 14.723 14.712 19.708 0.000 0.000 0.000 0.000 0.000 0.000 0.000 0.000 0.000 0.000 0.000 0.000 0.000 0.000 0.000 0.000 0.000 20.037 27.037 0.000 0.000 46.196 51.196 0.000 0.000 0.000 0.000 0.000 0.000 0.000 0.000 0.000 0.000 0.000 0.000 0.000 0.000 0.000 0.000 0.000 0.000
0.000 0.000 0.000 0.000 0.000 0.000 0.000 0.000 0.000 0.000 0.000 0.000 0.000 1.363 16.967 17.759 17.481 17.163 16.819 16.466 16.120 15.800 17.518 16.281 15.091 14.946 14.841 14.770 14.728 14.708 14.704 19.703 0.000 0.000 0.000 0.000 0.000 0.000 0.000 0.000 0.000 0.000 0.000 0.000 0.000 0.000 0.000 0.000 17.037 39.037 15.037 0.000 25.196 58.196 52.196 0.000 0.000 0.000 0.000 0.000 0.000 0.000 0.000 0.000 0.000 0.000 0.000 0.000 37.192 0.000 0.000 0.000 0.000
0.000 0.000 0.000 0.000 0.000 0.000 0.000 0.000 0.000 0.000 0.000 0.000 0.000 20.597 19.251 17.919 17.577 17.218 16.840 16.451 16.074 17.728 17.432 15.190 15.003 14.867 14.773 14.714 14.684 14.678 16.693 10.698 0.000 0.000 0.000 0.000 0.000 0.000 0.000 0.000 0.000 0.000 0.000 0.000 0.000 0.000 0.000 0.000 29.038 0.000 0.000 20.196 51.196 13.196 0.000 0.000 0.000 0.000 0.000 0.000 0.000 0.000 0.000 0.000 6.193 0.000 0.000 0.000 40.192 12.192 0.000 0.000 0.000
0.000 0.000 0.000 0.000 0.000 0.000 0.000 0.000 0.000 0.000 0.000 0.000 3.103 20.016 18.523 18.087 17.690 17.294 16.870 16.427 16.994 16.609 15.290 15.045 14.866 14.745 14.669 14.630 14.617 20.624 0.000 0.000 0.000 0.000 0.000 0.000 0.000 0.000 0.000 0.000 0.000 0.000 0.000 14.038 0.000 0.000 0.000 13.038 73.038 3.038 0.000 26.196 53.196 0.000 0.000 0.000 0.000 0.000 0.000 0.000 0.000 0.000 12.193 18.193 37.193 0.000 0.000 30.192 39.192 40.192 12.192 0.000 0.000
0.000 0.000 0.000 0.000 0.000 0.000 0.000 0.000 0.000 0.000 0.000 8.179 1.354 3.020 18.737 18.217 17.803 17.397 16.921 16.390 16.869 16.421 15.077 14.832 14.672 14.577 14.530 14.518 15.531 16.578 0.000 0.000 0.000 0.000 0.000 0.000 0.000 0.000 0.000 0.000 0.000 0.000 15.038 38.038 33.038 0.000 0.000 29.038 57.038 0.000 0.000 0.000 53.196 8.196 0.000 0.000 0.000 0.000 0.000 0.000 0.000 0.000 52.193 56.193 58.193 0.193 0.000 43.193 38.192 38.192 48.192 0.000 0.000
0.000 0.000 0.000 0.000 0.000 0.000 0.000 0.000 0.000 0.000 10.902 3.502 1.870 1.295 1.429 16.242 17.906 17.571 17.025 18.345 17.668 15.131 14.763 14.536 14.413 14.361 14.357 14.380 20.412 0.000 0.000 0.000 0.000 0.000 0.000 0.000 0.000 0.000 0.000 0.000 0.000 0.000 0.000 18.038 39.038 31.038 29.038 11.038 42.038 15.038 0.000 0.000 38.196 51.197 42.197 40.197 49.197 0.000 0.000 0.000 0.000 0.000 52.194 54.193 59.193 38.193 27.193 44.193 47.193 0.000 0.000 0.000 12.190
0.000 0.000 0.000 0.000 0.000 0.000 0.000 0.000 0.000 0.000 7.301 4.005 3.635 3.139 0.445 0.637 11.009 18.956 18.264 18.297 15.328 14.672 14.308 14.136 14.082 14.097 14.155 14.235 9.324 0.000 0.000 0.000 0.000 0.000 35.047 68.047 2.047 0.000 8.047 49.047 0.000 0.000 0.000 15.038 39.038 52.038 87.038 49.038 50.038 21.038 0.000 0.000 35.197 54.197 39.197 35.197 52.197 0.000 0.000 0.000 0.000 0.000 39.194 45.194 41.193 41.193 45.193 48.193 56.193 0.000 0.000 0.000 35.190
0.000 0.000 0.000 0.000 0.000 0.000 0.000 0.000 0.000 30.554 30.997 7.571 3.184 3.422 3.072 0.801 0.373 5.978 18.776 16.253 14.674 13.922 13.659 13.621 13.680 13.791 14.930 12.083 0.000 0.000 0.000 0.000 0.000 0.000 10.047 56.047 63.047 45.047 37.047 9.047 0.000 0.000 0.000 0.000 0.000 13.038 80.038 59.038 6.038 0.000 0.000 0.000 0.000 47.197 62.197 60.197 62.197 54.196 46.196 49.196 48.195 57.195 61.194 58.194 59.194 59.193 54.193 49.193 46.192 0.000 0.000 0.000 0.000
0.000 0.000 0.000 0.000 0.000 0.000 0.000 0.000 24.672 42.111 43.563 33.070 9.653 2.068 3.078 0.846 2.813 8.154 6.611 16.264 13.193 12.682 12.786 13.007 13.227 14.455 14.693 0.000 0.000 0.000 0.000 0.000 0.000 0.000 0.000 8.047 54.047 64.047 69.047 8.047 0.000 0.000 0.000 0.000 0.000 9.038 52.038 44.038 49.038 16.038 0.000 0.000 31.197 59.197 44.197 38.197 45.197 57.196 45.196 44.196 53.195 62.195 49.194 45.194 48.194 54.193 60.193 62.193 60.192 46.192 37.191 20.191 29.190
0.000 0.000 0.000 0.000 0.000 0.000 0.000 20.803 30.233 45.656 43.073 43.492 35.912 12.340 1.213 4.766 14.305 6.476 2.259 3.048 6.152 10.826 11.797 12.394 12.766 18.111 0.000 0.000 0.000 0.000 0.000 0.000 8.048 6.048 0.000 0.000 21.047 67.047 20.047 0.000 0.000 0.000 0.000 0.000 0.000 48.039 58.039 34.038 50.038 70.038 10.038 0.000 37.197 61.197 40.197 34.197 37.197 50.197 39.196 39.196 41.196 43.195 40.195 41.194 35.194 39.193 45.193 46.192 44.192 53.191 55.191 58.191 66.190
0.000 0.000 0.000 0.000 0.000 0.000 25.932 24.374 47.801 44.205 43.581 42.914 43.164 38.219 20.725 12.439 8.129 0.000 0.051 4.375 2.161 3.359 11.181 12.007 17.333 0.000 0.000 0.000 0.000 0.000 0.000 3.048 45.048 4.048 0.000 0.000 28.048 68.048 7.047 0.000 0.000 0.000 0.000 0.000 43.041 87.040 20.039 23.038 45.038 72.037 12.037 0.000 34.198 59.198 39.198 32.197 35.197 37.197 33.197 32.196 39.196 55.195 38.195 34.194 48.194 44.193 41.193 48.192 48.192 51.191 60.191 64.190 51.190
0.000 0.000 0.000 0.000 0.000 29.980 18.490 46.960 45.391 44.783 44.132 43.420 42.612 42.647 39.449 25.143 4.439 0.362 0.073 46.267 4.539 0.082 0.107 14.119 10.226 0.000 0.000 0.000 0.000 0.000 0.000 3.048 41.048 36.048 45.048 57.048 61.048 51.048 0.000 0.000 6.044 42.043 57.043 62.042 86.041 42.041 0.000 0.000 47.037 35.037 0.000 0.000 37.198 64.198 51.198 35.198 83.197 111.197 60.197 36.196 52.196 99.196 51.195 28.195 93.194 66.193 41.193 48.192 50.192 40.191 49.191 62.190 45.190
0.000 0.000 0.000 0.000 0.000 19.471 41.089 47.584 46.018 45.406 44.744 44.021 43.217 42.306 42.291 41.199 30.374 4.978 50.865 47.921 0.374 0.155 0.054 0.060 0.000 0.000 0.000 0.000 0.000 0.000 6.048 40.048 36.048 41.048 55.048 65.048 49.048 36.048 1.047 0.000 4.044 51.044 50.043 46.042 85.042 45.042 0.000 0.000 26.037 18.037 0.000 30.199 58.199 60.198 54.198 42.198 41.198 74.198 115.197 53.197 46.196 103.196 54.195 28.195 100.194 70.194 33.193 35.192 41.192 32.191 46.191 45.190 33.190
0.000 0.000 0.000 0.000 23.996 34.342 49.811 47.269 46.693 46.077 45.417 44.703 43.925 43.085 42.125 41.386 40.245 52.594 52.268 1.025 0.513 9.622 0.000 0.000 0.000 0.000 0.000 0.000 1.048 56.048 59.048 41.048 40.048 55.048 65.049 51.049 34.048 36.047 36.047 34.046 32.045 44.044 47.043 57.043 97.042 31.042 0.000 0.000 63.036 13.036 0.000 27.199 57.199 57.199 44.199 36.199 32.198 42.198 39.198 79.197 110.197 127.196 108.196 97.195 123.194 117.194 108.193 54.193 34.192 51.191 46.191 35.190 30.190
0.000 0.000 0.000 25.187 34.650 52.090 48.545 47.988 47.407 46.794 46.143 45.447 44.715 43.873 43.328 40.959 52.631 52.627 36.832 19.130 6.288 0.000 0.000 0.000 0.000 0.000 0.000 0.000 42.048 9.048 0.000 20.048 58.049 62.049 54.049 39.049 5.049 0.000 3.046 38.046 34.045 44.044 43.043 66.043 63.042 0.000 0.000 5.035 66.035 12.036 0.000 25.199 55.199 67.199 46.199 52.199 75.199 52.199 34.198 58.198 81.197 115.197 81.196 61.195 109.195 99.194 74.193 43.193 29.192 100.191 68.191 40.190 30.190
0.000 0.000 0.000 30.723 50.328 49.824 49.288 48.733 48.154 47.548 47.910 47.250 45.490 45.066 42.490 52.698 52.642 40.409 42.029 39.646 23.605 4.603 0.000 0.000 0.000 0.000 0.000 44.048 13.048 0.000 0.000 0.000 26.049 58.049 36.049 34.050 40.050 3.051 0.000 39.047 37.046 43.045 44.044 66.042 62.042 0.000 0.000 26.035 73.035 9.035 0.000 27.200 58.200 61.200 42.200 42.200 88.200 123.199 72.199 40.198 56.198 103.197 63.196 30.195 96.195 83.194 41.193 33.193 26.192 107.191 71.191 43.190 44.189
0.000 0.000 31.338 48.653 52.116 50.589 50.052 49.500 48.928 49.332 47.722 47.021 46.681 44.108 53.141 52.851 41.913 42.763 41.761 32.107 12.853 0.000 0.000 0.000 0.000 0.000 0.000 40.048 14.048 0.000 0.000 0.000 0.000 0.000 0.000 39.050 36.051 35.051 37.050 39.048 35.047 43.045 45.044 57.042 53.040 15.038 34.036 67.035 18.034 0.000 0.000 27.200 54.200 60.201 46.201 31.201 33.200 58.200 45.200 27.199 45.198 100.197 56.197 22.196 93.195 78.194 36.193 32.193 28.192 106.191 71.191 43.190 34.189
0.000 30.615 44.022 53.437 51.894 51.365 50.831 50.287 50.723 50.151 48.492 48.203 45.637 54.089 53.564 43.583 44.583 42.464 29.654 0.000 0.000 0.000 0.000 0.000 0.000 0.000 0.000 0.000 14.048 0.000 0.000 0.000 0.000 0.000 0.000 0.000 43.053 53.053 64.051 52.049 41.048 45.046 42.044 47.042 40.040 59.037 77.035 65.034 11.033 0.000 0.000 26.201 52.201 57.201 63.202 61.202 49.201 39.201 52.200 84.200 103.199 124.198 104.197 87.196 121.195 114.194 96.194 56.193 29.192 104.191 76.191 48.190 35.189
27.689 39.208 53.698 53.177 52.660 52.144 51.623 52.088 51.549 49.924 49.674 47.124 55.322 54.684 45.157 46.306 47.247 25.507 0.000 0.000 0.000 0.000 0.000 0.000 0.000 0.000 0.000 0.000 0.000 0.000 0.000 0.000 0.000 0.000 0.000 0.000 41.056 45.055 63.053 22.050 2.048 52.046 43.044 46.042 42.039 30.036 49.034 64.033 51.032 10.031 0.000 0.000 17.201 60.202 62.203 55.203 43.203 52.202 103.202 94.201 75.200 76.199 77.197 77.196 77.195 78.194 80.194 51.193 31.192 103.191 79.191 42.190 36.189
31.169 54.829 54.388 53.912 53.424 52.929 52.424 51.917 51.326 51.110 48.580 56.666 55.986 46.630 47.846 46.834 42.320 1.779 0.000 0.000 0.000 0.000 0.000 0.000 0.000 0.000 0.000 0.000 0.000 0.000 0.000 0.000 0.000 0.000 0.000 0.000 42.059 53.058 37.056 0.000 6.049 49.047 46.045 13.042 3.038 34.035 48.032 63.030 60.030 29.030 0.000 0.000 0.000 0.000 29.205 44.205 28.204 89.204 90.203 39.202 45.201 87.199 58.198 30.197 76.195 66.195 46.194 44.193 35.192 103.191 74.191 31.190 32.189
48.991 56.550 55.111 54.659 54.196 54.722 53.249 52.695 52.518 50.013 58.046 57.353 47.010 49.260 48.253 48.629 17.966 0.000 0.000 0.000 0.000 0.000 0.000 0.000 0.000 0.000 0.000 0.000 0.000 0.000 0.000 0.000 0.000 0.000 0.000 9.066 62.063 60.061 64.058 61.056 57.052 57.049 51.046 10.043 3.038 34.033 47.029 65.027 72.028 35.029 0.000 0.000 0.000 0.000 23.207 36.207 56.206 103.205 66.204 26.203 94.202 95.200 44.198 31.197 52.195 108.195 67.194 35.193 35.192 98.191 116.191 103.190 108.189
58.688 56.270 55.849 55.418 54.975 56.536 54.019 53.889 51.423 59.442 58.741 42.322 46.529 50.587 47.054 24.332 0.000 0.000 0.000 0.000 0.000 0.000 0.000 0.000 0.000 0.000 0.000 0.000 0.000 0.000 0.000 0.000 0.000 0.000 0.000 61.069 60.067 61.064 63.061 62.057 60.054 61.051 54.048 9.045 0.000 35.029 47.024 70.022 43.025 0.000 0.000 0.000 0.000 21.211 51.210 30.209 95.208 89.207 33.206 89.205 102.203 51.200 39.198 42.196 37.195 68.194 107.194 64.193 27.192 98.191 101.191 75.189 17.188
49.369 55.992 56.596 56.185 55.775 55.289 55.203 52.777 60.801 60.145 25.558 30.735 33.618 52.288 35.912 0.000 0.000 0.000 0.000 0.000 0.000 0.000 0.000 50.546 39.546 0.000 0.000 0.000 0.000 0.000 0.000 0.000 0.000 0.000 0.000 38.074 32.071 35.067 39.063 34.059 33.056 32.052 34.049 38.045 32.039 25.029 40.018 19.012 0.000 0.000 0.000 0.000 0.000 23.213 46.212 37.211 38.210 38.209 30.208 51.206 52.205 0.000 0.000 13.196 43.195 36.194 58.193 51.193 33.192 66.192 14.191 0.000 12.187
28.088 43.733 56.355 58.974 56.511 56.455 54.036 61.930 61.407 34.727 0.000 44.076 0.000 55.911 24.412 0.000 0.000 0.000 0.000 0.000 0.000 0.000 0.000 57.547 51.546 0.000 0.000 0.000 0.000 0.000 0.000 0.000 0.000 24.110 0.000 39.081 35.077 35.071 35.065 35.061 35.057 35.053 35.050 37.047 15.045 0.000 10.007 40.995 10.985 0.000 0.000 0.000 24.217 55.215 43.215 42.214 34.212 35.211 35.209 33.208 47.207 7.207 0.000 0.000 14.194 39.194 34.193 47.193 46.193 0.000 0.000 0.000 12.186
19.853 27.496 50.137 54.711 57.668 55.207 62.713 62.363 41.616 17.422 0.000 60.729 58.631 45.042 0.000 0.000 0.000 0.000 0.000 0.000 0.000 0.000 60.553 66.548 37.545 0.000 0.000 0.000 0.000 0.000 0.000 0.000 0.000 41.110 39.104 36.093 35.084 32.074 36.067 36.062 36.058 36.054 36.051 39.049 12.047 0.000 0.000 38.978 38.974 8.969 0.000 0.000 9.218 42.218 35.217 34.216 33.215 33.213 33.211 33.209 34.208 43.208 0.000 0.000 0.000 7.193 40.193 43.193 41.193 0.000 0.000 0.000 36.186
23.640 34.270 38.892 36.791 48.346 63.123 62.967 46.606 25.368 18.869 0.000 40.457 53.123 26.582 0.000 0.000 0.000 0.000 48.594 54.591 46.584 44.571 53.557 46.548 36.540 0.000 0.000 0.000 0.000 0.000 0.000 0.000 0.000 39.116 36.110 35.102 9.093 0.000 41.066 35.063 35.058 35.054 35.051 36.049 10.048 0.000 0.000 39.965 38.965 9.964 0.000 0.000 39.219 35.220 35.220 35.219 34.218 34.214 38.213 0.000 5.208 8.208 0.000 0.000 0.000 0.000 40.193 35.193 35.193 36.193 0.000 8.186 38.186
35.386 49.023 24.739 23.611 63.189 63.186 49.605 36.329 32.664 37.502 0.000 7.521 42.822 0.000 0.000 0.000 0.000 44.600 48.597 50.594 48.591 0.000 0.000 0.000 48.526 32.513 0.000 0.000 0.000 0.000 0.000 0.000 7.136 49.127 46.119 21.112 0.000 0.000 54.068 40.064 36.059 35.054 39.050 16.049 0.000 14.943 52.946 33.953 37.956 9.958 0.000 0.000 0.000 40.224 35.224 39.223 6.223 0.000 0.000 0.000 0.000 0.000 0.000 0.000 0.000 0.000 40.193 35.193 35.193 40.193 0.000 0.000 12.186
56.096 44.679 24.741 20.239 63.153 24.650 30.375 32.600 36.274 54.856 64.304 52.284 0.000 0.000 0.000 0.000 42.607 36.604 42.600 57.597 56.595 0.000 0.000 0.000 0.000 49.500 0.000 0.000 0.000 35.182 0.000 0.000 51.145 50.137 56.127 49.114 14.100 68.088 65.075 63.067 61.059 53.052 34.047 21.048 0.000 28.941 81.941 35.945 36.949 10.953 0.000 0.000 0.000 45.229 31.228 36.227 7.227 0.000 0.000 0.000 0.000 0.000 0.000 0.000 0.000 36.193 38.193 40.193 34.193 39.193 0.000 0.000 9.186
64.686 51.781 34.081 62.755 20.679 22.464 21.630 21.269 30.834 58.366 53.770 25.027 0.000 0.000 41.616 7.614 49.610 41.607 52.603 47.599 26.597 0.000 0.000 0.000 0.000 53.487 29.482 0.000 0.000 31.182 39.182 43.175 45.161 47.150 37.138 34.117 42.099 42.087 62.077 45.068 39.059 37.048 17.038 0.000 4.946 23.938 91.933 47.937 13.940 0.000 0.000 0.000 3.234 58.234 31.233 38.231 10.230 0.000 0.000 0.000 0.000 0.000 0.000 0.000 15.192 38.192 53.193 51.193 44.193 3.193 0.000 0.000 10.186
62.745 60.987 62.334 39.616 27.517 23.657 23.292 21.865 28.451 43.998 39.384 0.000 0.000 0.000 44.618 65.616 60.614 61.610 43.607 0.000 0.000 0.000 0.000 0.000 44.474 35.477 27.478 0.000 0.000 0.000 43.189 47.183 47.174 47.165 31.158 0.000 38.092 39.085 63.079 49.070 43.060 29.042 36.020 50.987 70.954 59.931 83.917 48.930 12.935 0.000 0.000 0.000 0.000 56.240 32.238 33.235 38.232 0.000 0.000 0.000 0.000 0.000 0.000 0.000 0.000 8.192 57.192 54.192 7.192 0.000 0.000 0.000 6.186
60.828 62.277 61.478 60.488 42.631 22.277 22.860 23.473 22.104 24.793 0.000 0.000 0.000 0.000 60.621 50.620 48.618 44.614 0.000 0.000 0.000 0.000 0.000 45.469 36.470 32.471 15.475 0.000 0.000 0.000 43.201 51.195 60.186 59.177 61.172 49.172 0.000 7.083 66.081 50.075 24.067 0.000 39.010 48.988 75.954 37.913 21.876 0.000 0.000 0.000 0.000 0.000 9.256 47.249 34.243 35.237 38.232 11.228 0.000 0.000 0.000 0.000 0.000 0.000 0.000 0.000 14.192 15.192 0.000 0.000 0.000 0.000 7.185
62.284 61.259 63.370 63.532 47.201 23.798 26.424 26.060 23.698 24.278 0.000 40.628 0.000 6.626 54.624 54.624 61.623 0.000 0.000 19.540 7.539 0.000 0.000 40.468 34.466 28.463 0.000 0.000 0.000 0.000 41.219 42.209 44.198 43.187 41.178 33.173 0.000 0.000 68.089 54.080 39.068 2.050 38.024 48.998 72.962 28.890 24.797 7.732 0.000 0.000 0.000 0.000 9.263 54.257 33.249 35.239 35.231 36.224 40.218 12.216 0.000 0.000 0.000 0.000 0.000 0.000 0.000 0.000 0.000 0.000 0.000 0.000 0.000
61.973 64.171 63.361 64.059 37.676 28.319 47.975 41.645 23.351 1.037 0.000 37.628 52.628 57.627 43.628 64.628 56.628 0.000 0.000 33.540 64.539 16.533 0.000 41.469 35.462 32.453 0.000 0.000 49.299 45.278 41.246 43.226 48.209 48.195 46.182 57.168 49.149 9.129 68.105 60.089 60.074 52.057 33.038 51.020 59.004 0.000 27.690 10.667 0.000 0.000 0.000 0.000 19.276 58.267 30.256 32.241 33.227 34.219 39.215 11.214 0.000 0.000 0.000 0.000 0.000 0.000 0.000 0.000 0.000 0.000 0.000 0.000 0.000
