results3/res_3e8f-0061.wd
ncols         241
nrows         181
xllcorner     12693529.787448
yllcorner     3542525.717860
cellsize      155.156523
NODATA_value  -9999.000000
[rows 132 to 164 of 181, columns 0 to 73 of 241]
90.292 95.292 99.292 99.291 101.291 101.291 95.290 86.290 72.289 61.288 60.287 61.286 60.285 59.283 64.282 78.279 89.277 94.274 94.269 91.264 83.257 74.248 65.236 59.219 64.196 66.166 65.130 66.088 64.051 59.017 72.983 95.949 62.922 0.000 0.000 0.000 2.549 54.540 66.533 63.506 65.482 71.466 89.460 75.458 59.459 58.462 58.467 70.473 91.481 32.488 5.494 0.518 0.000 0.000 0.000 0.000 0.000 0.000 0.000 0.000 0.000 0.000 0.000 0.000 22.950 2.870 6.789 47.686 70.535 74.431 74.319 84.402 111.864 102.211
68.301 70.300 73.300 79.300 89.300 95.300 100.299 100.298 93.298 79.297 68.296 62.295 66.294 73.292 86.290 101.288 100.286 97.282 97.278 100.273 100.266 96.256 84.245 72.229 64.209 59.185 60.157 59.127 60.098 68.071 90.047 98.026 10.012 0.000 0.000 0.000 12.557 40.566 58.601 67.594 68.575 65.553 66.550 76.548 71.545 64.541 68.537 76.533 89.531 30.528 16.521 22.541 2.550 0.000 0.000 0.000 0.000 0.000 0.000 0.000 0.000 0.000 0.000 0.000 5.031 0.000 54.814 76.732 72.607 81.575 72.634 111.992 100.748 102.259
60.310 60.309 60.309 62.309 67.309 71.309 78.308 87.308 95.307 98.306 92.305 90.304 92.303 95.301 94.300 87.298 78.295 76.292 76.288 81.283 87.276 94.268 97.257 96.243 85.227 75.208 70.187 68.165 77.143 93.124 94.108 80.095 13.089 0.000 0.000 0.000 0.000 0.000 41.709 68.696 47.671 35.621 50.640 65.639 80.632 84.620 86.607 87.593 83.581 10.574 0.000 25.556 22.558 10.561 16.561 10.561 0.000 0.000 0.000 0.000 0.000 0.000 39.262 9.209 75.112 97.043 129.891 85.860 80.908 61.860 97.921 102.426 102.328 111.052
61.319 61.319 61.319 61.318 60.318 59.318 61.318 66.317 72.316 82.316 92.315 94.314 87.313 77.311 71.310 63.308 59.306 59.303 59.299 61.295 66.289 72.281 79.272 91.261 96.248 98.233 97.218 93.202 96.187 89.174 71.164 63.159 42.159 0.219 0.000 0.000 0.000 0.000 34.832 67.809 10.792 0.000 43.748 68.738 87.722 95.702 81.677 84.649 70.627 28.613 0.000 52.570 21.567 13.563 24.562 24.561 0.000 0.000 0.000 0.000 0.000 26.373 45.316 118.253 147.171 130.049 113.598 112.539 104.206 102.846 102.715 102.576 67.798 112.711
61.328 61.328 61.328 61.328 61.328 61.328 61.327 60.327 60.326 63.325 69.325 68.324 64.322 60.321 60.320 60.319 61.317 61.315 61.312 61.308 60.303 59.297 61.289 67.281 74.271 83.260 91.249 87.238 76.228 64.221 60.217 65.218 73.229 49.261 27.267 27.250 13.204 14.119 49.978 70.915 20.898 2.915 62.868 94.842 96.817 75.788 78.751 77.702 65.664 54.638 5.612 33.586 7.576 0.000 8.562 0.000 0.000 0.000 0.000 0.000 0.000 7.433 70.375 76.291 72.274 73.429 71.400 103.196 103.086 102.970 70.158 72.932 74.800 76.460
61.338 61.338 61.338 61.338 61.338 61.338 61.337 61.337 61.336 61.336 60.335 60.334 60.333 61.332 61.331 61.330 61.329 61.328 61.326 61.322 61.319 61.314 61.308 60.302 59.295 60.287 64.280 62.273 61.268 65.264 68.264 67.268 65.277 67.290 67.292 64.278 64.243 68.176 43.045 28.976 17.968 35.980 80.966 94.945 74.917 67.883 66.835 46.742 42.690 5.664 0.000 0.000 0.000 0.000 0.000 0.000 2.910 17.883 32.833 2.763 16.675 79.520 86.502 84.569 82.552 83.630 103.402 103.301 84.415 91.202 84.052 89.821 81.660 60.597
61.348 61.348 61.348 61.348 61.348 61.348 61.348 61.347 61.347 61.346 61.345 61.344 61.343 61.342 61.342 61.342 61.342 61.342 61.340 60.338 67.335 69.332 61.328 60.324 59.319 60.314 62.310 65.307 68.305 67.305 62.308 63.313 70.321 73.329 69.332 63.327 60.314 69.297 0.316 0.000 3.019 76.071 85.073 72.054 64.024 83.992 29.966 0.000 0.000 0.000 0.000 0.000 0.000 0.000 0.000 0.000 27.937 69.905 98.855 59.787 92.666 100.817 97.776 96.863 103.684 103.594 103.500 96.505 98.379 98.074 96.932 95.861 13.774 0.000
61.358 61.358 61.358 61.358 61.358 61.358 61.358 61.358 61.358 61.357 64.356 64.355 62.353 66.352 64.353 61.355 61.356 61.356 60.356 58.355 69.353 77.351 63.348 60.346 62.343 65.341 67.340 66.340 63.341 65.344 70.349 72.356 73.364 73.373 68.380 62.385 71.389 90.401 9.445 0.000 0.000 50.211 73.200 70.174 74.134 94.095 28.070 0.000 0.000 0.000 0.000 0.000 0.000 0.204 0.000 26.053 77.999 93.944 96.871 101.865 99.026 96.015 103.932 103.853 103.771 95.825 96.606 97.476 97.154 97.124 90.053 66.957 0.000 0.000
61.368 61.368 61.368 61.369 61.369 61.369 61.369 61.369 61.369 62.369 69.367 69.366 46.363 14.359 35.363 65.368 59.371 62.372 68.372 71.372 71.371 67.370 63.369 64.368 67.368 66.368 65.369 67.371 71.375 71.381 73.388 72.397 63.408 58.419 60.431 73.442 92.456 102.474 24.496 0.000 0.000 25.362 81.343 83.307 90.244 89.183 25.150 0.000 0.000 0.000 0.000 0.000 0.000 4.209 30.176 74.115 96.029 99.041 98.127 98.127 97.218 104.081 104.008 96.038 96.835 97.693 97.477 97.330 97.284 89.216 81.173 0.000 0.000 0.000
61.379 61.379 61.379 61.379 61.380 61.380 61.381 61.381 61.381 63.381 72.380 83.378 59.374 0.000 2.373 50.384 76.387 68.389 66.389 66.389 64.389 63.390 65.390 67.390 65.391 61.393 63.397 75.401 77.408 67.416 61.426 58.438 58.451 63.466 77.482 93.499 90.518 74.541 46.570 14.610 8.602 52.531 81.505 63.466 54.353 46.244 11.197 0.000 0.000 0.000 0.000 0.000 0.000 23.243 74.209 96.119 98.310 97.300 97.407 104.291 104.224 104.154 96.104 97.983 97.693 97.564 97.507 97.432 91.354 78.289 68.252 0.000 0.000 0.000
61.389 61.389 61.390 61.390 61.391 61.391 61.392 61.393 61.394 63.394 73.393 60.391 16.383 0.000 0.000 18.406 72.406 64.406 66.407 65.407 63.408 66.409 67.410 64.412 61.415 57.418 67.423 81.430 68.438 58.449 59.462 64.477 74.493 85.512 96.531 89.553 67.577 62.604 81.632 88.659 89.666 93.657 68.679 29.700 1.723 0.000 0.000 0.000 0.000 0.000 0.000 0.000 28.358 74.287 96.302 98.485 97.502 104.478 104.419 104.357 96.381 97.175 98.058 97.754 97.735 97.673 97.596 98.503 86.421 57.334 46.293 4.293 0.000 0.000
60.400 60.400 61.400 61.400 61.401 61.403 61.404 61.406 61.407 64.408 74.409 45.410 0.000 4.442 42.439 44.428 61.425 63.424 51.425 33.426 71.427 66.429 62.431 61.433 59.437 61.442 77.448 80.456 62.467 65.481 77.497 86.514 95.534 93.556 81.579 67.605 60.634 76.665 80.697 68.726 49.745 47.752 35.853 15.931 5.039 0.000 0.000 17.720 12.720 0.000 0.000 22.445 74.460 97.556 98.574 96.682 104.592 104.536 96.553 97.359 98.231 98.035 97.909 97.881 97.825 97.771 100.699 64.565 44.493 0.000 0.000 0.000 0.000 0.000
69.411 67.411 64.410 62.411 59.412 59.414 59.416 59.418 58.420 63.423 75.426 58.431 39.443 47.446 65.446 61.443 58.441 64.441 59.442 46.444 66.446 60.448 59.451 59.454 61.458 75.464 83.471 49.481 41.494 91.510 96.529 91.550 80.573 70.598 62.625 58.655 69.688 81.725 49.764 24.804 7.838 0.000 16.052 15.134 5.274 6.501 9.646 37.720 21.720 0.000 0.000 54.696 96.724 95.844 104.753 104.701 104.647 96.595 98.480 98.202 98.091 98.056 100.009 94.954 96.920 97.889 108.864 0.000 0.000 0.000 0.000 0.000 0.000 0.000
70.423 72.422 78.420 79.420 79.423 76.426 77.428 76.431 75.434 75.436 77.440 60.445 64.451 63.455 60.456 63.456 63.457 62.457 67.459 69.461 63.464 57.467 59.470 61.474 75.479 80.484 69.492 63.502 72.517 95.537 78.560 69.585 61.610 59.638 61.668 60.702 74.740 83.783 47.831 23.888 11.964 14.092 17.169 9.278 10.421 16.585 18.717 11.795 0.000 0.000 32.929 74.945 104.896 104.851 104.803 96.838 97.638 98.530 98.235 98.228 99.181 99.132 72.083 50.016 85.010 99.000 104.006 44.060 0.000 0.000 0.000 0.000 0.000 0.000
63.436 57.434 10.427 12.427 21.434 68.438 65.441 65.444 65.447 69.450 78.453 59.457 60.462 59.465 62.468 66.470 67.471 65.473 64.476 67.479 68.482 65.486 59.490 76.494 82.498 73.503 79.509 96.519 93.535 75.559 63.590 59.619 61.646 61.675 60.707 65.744 81.787 83.835 75.889 78.955 50.037 12.144 4.254 3.390 15.545 22.701 12.840 9.950 2.063 28.123 76.121 104.982 104.941 96.989 97.792 98.672 98.482 98.364 98.345 99.294 97.249 91.205 16.180 0.000 67.103 102.097 99.099 98.114 0.000 0.000 0.000 0.000 0.000 0.000
61.452 53.452 0.000 0.000 3.447 64.451 60.454 60.457 60.460 64.463 78.466 56.470 60.474 64.477 66.481 67.483 64.486 61.489 59.492 61.496 71.500 84.504 79.509 80.514 57.518 51.521 103.523 89.530 56.545 16.576 36.624 64.653 61.680 61.709 63.741 56.780 40.829 30.881 42.937 83.004 59.087 12.192 7.313 2.483 11.670 16.834 10.993 16.128 16.311 54.331 105.045 96.186 99.920 98.818 98.629 98.516 98.488 98.448 99.403 99.362 64.319 40.258 26.252 29.253 80.204 101.184 97.179 88.183 6.197 0.000 0.000 0.000 0.000 0.000
61.468 61.470 44.478 0.000 4.457 65.465 61.468 61.471 60.473 61.476 76.479 63.483 66.486 68.490 67.494 62.497 59.501 60.504 60.508 59.513 69.517 92.523 88.528 75.534 68.538 59.540 35.532 24.534 11.539 0.000 17.675 66.691 61.714 63.740 46.770 20.806 5.870 2.921 44.975 62.036 31.115 3.223 6.363 11.553 18.785 14.971 9.167 2.489 5.827 53.607 105.125 99.074 98.829 98.648 98.630 98.591 98.546 98.505 96.466 87.431 20.405 0.000 37.317 96.303 101.276 99.258 93.248 83.243 1.223 0.000 0.000 0.000 0.000 0.000
58.481 60.483 57.486 0.000 0.482 65.482 60.483 58.485 60.487 64.489 68.492 67.495 67.499 65.503 59.507 60.511 60.515 61.520 61.524 66.529 84.535 83.541 76.548 85.555 83.562 54.568 0.000 0.000 0.000 0.000 15.710 66.723 61.743 64.768 35.790 0.000 31.923 57.959 78.007 47.050 0.000 0.000 0.000 0.848 10.946 11.100 11.353 5.843 3.817 105.348 105.239 97.985 98.824 98.722 98.684 98.642 98.601 100.562 85.524 68.491 28.465 4.449 52.395 82.365 91.340 100.323 89.313 78.310 0.320 0.000 0.000 0.000 0.000 0.000
65.493 63.495 52.496 0.000 51.505 59.499 61.498 65.499 66.500 67.501 65.504 66.507 64.512 60.517 60.521 61.525 61.530 60.535 62.540 85.546 84.552 66.559 79.567 77.577 81.588 79.603 42.627 0.000 7.719 37.726 42.732 62.747 61.769 61.797 56.834 48.892 65.939 64.987 59.043 81.108 29.187 0.000 0.000 4.877 9.972 8.126 9.330 33.617 58.117 105.446 100.328 100.061 99.797 98.780 98.736 98.695 99.655 97.616 52.579 29.545 41.515 42.487 96.451 98.421 78.397 88.380 83.371 56.373 21.394 0.000 0.000 0.000 0.000 0.000
66.504 67.506 64.509 52.515 66.514 66.512 66.512 67.512 67.512 68.513 80.515 62.518 60.525 60.530 61.535 61.540 61.544 62.549 76.555 87.561 62.568 66.577 93.586 85.597 73.610 76.627 79.651 63.684 68.711 83.729 76.744 64.764 57.788 57.819 68.857 84.904 71.953 44.007 16.070 71.151 60.266 9.438 12.608 17.791 13.940 5.104 7.244 48.576 100.853 105.533 97.307 99.949 100.873 98.830 98.788 98.747 91.707 81.668 38.631 9.596 18.563 19.532 80.500 122.472 103.448 79.430 71.419 50.416 59.420 12.420 0.000 0.000 2.457 23.458
71.514 71.516 67.519 67.523 67.524 68.524 68.524 64.525 61.525 60.525 23.524 13.527 64.539 61.545 61.549 61.554 60.559 63.564 87.570 73.576 58.584 64.593 81.603 98.615 93.629 90.646 88.667 84.691 80.713 79.733 87.753 84.776 78.802 74.834 77.871 81.914 43.963 8.017 7.080 23.160 19.289 4.441 13.596 23.737 19.897 11.074 4.281 47.539 105.695 105.615 100.206 102.039 98.921 98.883 99.840 95.798 79.757 72.718 78.681 84.645 68.610 90.578 105.546 122.518 131.493 115.473 77.459 82.452 57.449 0.000 0.000 0.000 0.000 0.000
10.520 11.527 71.529 66.533 66.535 61.536 58.537 60.538 55.538 8.537 8.530 0.000 65.558 61.561 61.564 61.568 61.573 79.578 86.584 59.591 61.599 61.608 64.619 70.631 72.645 72.661 68.679 71.699 87.719 80.738 71.759 74.784 81.812 85.843 88.878 85.920 60.967 26.020 9.074 8.119 0.000 0.000 8.597 17.665 1.792 0.000 17.470 77.713 105.772 97.567 101.273 101.005 98.982 98.934 99.891 94.848 81.807 47.767 54.729 97.692 108.656 140.622 131.590 103.560 91.533 108.511 87.494 81.482 56.477 0.000 0.000 0.000 0.000 0.000
0.000 6.542 20.539 75.544 60.547 58.548 60.550 60.551 61.553 8.554 0.000 54.582 62.576 61.576 61.579 61.582 63.587 87.592 72.597 58.604 61.612 61.622 61.633 60.645 60.658 60.673 59.689 66.707 95.724 74.742 5.762 13.788 25.818 76.847 86.880 70.919 75.966 63.021 15.077 12.123 0.000 2.468 15.529 7.597 0.000 0.000 35.635 105.923 105.848 100.448 102.175 98.077 99.031 98.985 98.940 98.897 85.855 48.815 63.775 100.737 96.701 130.665 125.631 94.599 99.570 85.544 66.522 84.507 62.499 0.000 0.000 0.000 0.000 0.000
59.568 55.561 0.000 67.559 77.560 78.561 59.563 71.565 78.568 54.573 52.584 62.588 61.588 61.589 61.592 61.595 80.600 84.604 59.610 61.617 60.625 59.634 61.646 61.658 61.671 61.685 60.699 68.715 97.730 78.745 24.758 0.000 48.827 73.847 86.876 65.912 55.956 15.023 8.091 11.172 9.302 17.407 21.455 0.000 0.000 14.607 76.825 105.996 97.723 101.424 101.160 99.131 99.080 99.034 98.989 99.945 90.902 79.861 102.821 127.782 115.744 132.707 129.671 123.636 130.602 96.571 73.545 83.525 91.513 20.510 0.000 0.000 0.000 0.000
61.575 60.574 55.577 61.573 60.573 8.574 82.576 74.578 61.582 62.586 62.592 61.596 61.599 61.602 61.605 64.608 87.612 70.617 60.622 61.628 67.635 75.646 61.659 59.671 61.683 60.696 63.709 87.722 95.736 70.751 58.767 46.790 68.815 67.839 28.866 13.895 10.925 0.000 0.066 0.232 1.348 2.404 4.430 0.000 17.767 74.857 96.977 106.068 98.683 99.312 99.227 99.177 99.129 99.081 99.036 99.992 90.948 73.906 69.865 102.825 92.786 106.747 109.709 97.671 99.633 71.595 48.561 62.536 129.518 82.506 17.494 7.482 29.472 50.465
61.583 61.583 61.583 61.583 61.584 55.586 71.588 87.591 63.594 60.598 61.603 61.607 61.610 61.614 60.617 83.621 85.625 59.629 61.633 62.637 59.644 21.654 80.673 75.684 62.695 60.706 78.717 97.729 81.742 61.755 61.770 62.787 65.806 69.827 6.856 7.875 0.000 0.000 0.069 0.000 0.000 0.000 0.000 0.000 40.944 98.040 106.208 106.139 98.573 99.392 99.268 99.224 99.175 99.128 99.082 98.037 82.994 84.951 104.909 123.868 122.828 127.788 132.748 119.707 117.663 104.613 53.570 51.539 127.518 91.504 29.493 22.481 87.468 120.463
61.591 61.590 61.591 61.593 61.596 61.598 61.600 72.603 87.606 63.610 60.614 61.618 61.622 59.626 67.629 88.633 68.637 60.641 62.644 60.646 2.648 0.000 68.693 69.699 75.707 74.716 82.726 81.736 62.747 60.759 62.771 65.783 70.796 70.805 0.000 0.000 0.000 0.000 1.353 0.000 0.000 0.000 0.000 2.563 49.328 103.298 106.276 97.933 99.622 99.350 99.322 99.269 99.220 99.173 99.127 99.082 85.038 80.995 101.952 102.911 102.869 105.829 105.788 104.745 109.697 82.627 58.566 73.533 88.511 27.498 0.000 0.000 31.458 57.457
61.601 63.596 63.598 61.604 61.607 61.609 61.612 61.615 72.618 87.622 63.625 58.630 58.634 75.638 87.642 81.646 58.650 61.654 57.656 3.654 0.682 54.709 61.708 61.712 67.718 84.726 84.734 77.743 70.752 62.761 49.771 19.780 84.788 64.793 0.000 0.000 0.000 0.000 0.000 0.000 0.000 0.000 0.000 2.872 22.723 106.411 106.343 98.798 99.516 99.413 99.363 99.313 99.264 99.217 99.171 100.126 95.081 85.038 79.995 78.953 78.911 78.870 78.829 82.790 56.755 0.644 26.535 82.514 78.495 39.479 1.461 0.000 30.450 76.451
62.616 0.000 0.607 61.617 60.619 59.621 59.624 58.626 58.629 71.633 86.637 79.641 86.645 88.650 75.654 59.659 66.664 66.669 54.673 0.000 2.713 65.716 61.719 63.723 87.728 94.734 72.741 63.749 70.756 77.764 65.772 1.778 44.784 62.787 0.000 0.000 0.000 0.000 0.000 0.000 0.000 0.000 0.000 3.182 8.520 106.477 104.070 99.757 99.491 99.459 99.405 99.355 99.306 99.259 99.213 99.168 100.124 99.081 97.037 95.994 95.951 96.910 98.870 72.831 14.793 0.000 11.515 67.495 98.475 89.458 62.443 38.435 55.441 58.445
61.632 60.637 0.000 60.631 71.632 75.633 79.635 84.637 87.640 88.644 88.649 88.653 74.657 61.662 77.667 94.672 95.678 95.685 88.694 66.710 1.718 62.724 60.728 69.732 97.737 84.743 61.749 60.755 62.761 65.767 56.773 1.778 21.782 21.784 0.000 0.000 0.000 0.000 0.000 0.000 0.000 0.000 11.005 12.507 4.573 106.538 108.015 103.636 99.549 99.496 99.445 99.396 99.348 99.301 99.255 99.211 99.167 99.123 99.080 99.035 99.991 102.949 74.909 7.870 0.000 0.000 0.000 12.474 68.454 99.436 90.424 66.421 43.433 12.439
61.642 63.642 59.647 61.644 76.644 75.645 71.646 67.648 66.651 62.656 83.660 73.665 84.669 75.674 91.679 87.685 80.691 81.698 92.707 98.718 87.726 88.732 80.737 88.742 96.746 69.751 60.756 61.761 61.766 60.771 60.775 62.779 57.782 6.783 66.784 57.784 0.000 0.000 0.000 0.000 0.000 1.539 79.717 76.942 106.640 106.592 101.895 102.706 99.581 99.535 99.484 99.435 99.388 99.342 99.297 99.253 99.209 99.166 99.123 101.077 106.028 74.987 14.948 0.000 0.000 0.000 0.000 0.000 9.430 60.407 95.395 45.391 0.000 0.000
63.653 0.000 58.656 61.655 61.655 61.656 60.657 61.658 63.659 61.667 73.672 68.677 77.681 88.686 76.691 61.697 62.703 63.711 64.720 69.728 82.736 92.742 98.747 96.751 85.755 61.759 61.763 61.767 61.772 61.776 62.779 85.781 58.783 0.000 62.785 12.784 6.784 0.000 0.000 0.000 0.000 11.346 99.597 101.790 106.683 100.246 99.926 99.654 99.624 99.570 99.521 99.473 99.426 99.381 99.337 99.294 99.252 99.210 101.168 86.122 40.057 7.022 0.000 0.000 0.000 0.000 0.000 0.000 0.000 31.366 93.361 45.357 0.000 0.000
64.664 0.000 58.665 61.665 61.665 61.666 61.668 62.669 0.670 60.681 64.685 75.689 75.693 83.698 88.703 74.708 59.715 59.723 59.732 61.740 63.747 64.753 65.757 65.761 64.764 63.767 59.770 59.774 60.778 61.781 72.783 86.784 57.786 51.787 53.787 0.000 0.000 0.000 0.000 0.000 0.000 15.326 98.437 106.760 106.721 99.096 99.809 99.706 99.655 99.605 99.556 99.510 99.464 99.420 99.377 99.335 99.293 99.253 104.216 60.187 0.000 0.000 0.000 0.000 0.000 0.000 0.000 0.000 0.000 34.330 94.325 53.319 0.000 0.000
