results3/res_3e8f-0073.wd
ncols         241
nrows         181
xllcorner     12693529.787448
yllcorner     3542525.717860
cellsize      155.156523
NODATA_value  -9999.000000
[rows 132 to 164 of 181, columns 0 to 72 of 241]
92.220 97.220 101.219 101.218 103.218 103.216 97.215 88.213 74.211 63.209 62.207 63.204 62.200 61.197 66.192 80.187 91.181 96.175 96.167 93.157 85.146 76.132 67.114 61.091 66.062 68.027 66.986 67.940 65.900 60.864 74.829 97.795 64.767 0.000 0.000 0.000 4.385 56.377 68.370 65.342 67.319 73.302 91.295 77.293 61.294 60.297 60.302 72.308 93.315 34.322 7.329 2.345 0.000 0.000 0.000 0.000 0.000 0.000 0.000 0.000 0.000 0.000 0.000 0.000 24.315 4.235 8.155 49.052 71.903 75.799 75.687 85.771 113.233
70.226 72.225 75.225 81.224 91.223 97.222 102.221 102.219 95.217 81.215 70.212 64.209 68.206 75.202 88.197 103.192 102.186 99.180 99.171 102.162 102.150 98.136 86.119 74.098 66.073 61.044 62.012 60.977 61.945 69.916 91.890 99.869 11.855 0.000 0.000 0.000 14.394 42.402 60.436 69.430 70.410 67.387 68.383 78.381 73.377 66.373 70.370 78.366 91.363 32.360 18.350 24.361 4.370 0.000 0.000 0.000 0.000 0.000 0.000 0.000 0.000 0.000 0.000 0.000 6.396 0.000 56.180 78.098 73.974 82.942 74.002 113.361 102.117
62.232 62.232 62.231 64.231 69.230 73.228 80.227 89.225 97.223 100.221 94.218 92.215 94.212 97.208 96.203 89.198 80.192 78.186 78.178 83.168 89.157 96.144 99.128 98.110 87.089 77.065 72.039 70.013 78.988 94.966 95.947 81.934 14.929 0.000 0.000 0.000 0.000 0.000 43.544 70.530 49.504 37.454 52.470 67.469 82.461 86.450 88.437 89.423 85.412 12.405 0.000 27.378 24.380 12.383 18.384 12.384 0.000 0.000 0.000 0.000 0.000 0.000 40.626 10.572 76.476 98.407 131.257 87.226 82.274 63.227 99.288 103.795 103.698
63.238 63.238 63.238 63.237 62.236 61.235 63.234 68.232 74.230 84.228 94.225 96.222 89.218 79.214 73.210 65.205 61.199 61.193 61.185 63.177 68.166 74.154 81.140 93.124 98.106 100.087 99.067 95.046 98.027 91.011 72.999 64.993 43.998 2.026 0.000 0.000 0.000 0.000 36.666 69.642 12.624 0.000 45.574 70.564 89.549 97.529 83.505 86.478 72.456 30.442 0.000 54.392 23.389 15.386 26.385 26.384 0.000 0.000 0.000 0.000 0.000 27.736 46.679 119.616 148.535 131.413 114.963 113.904 105.572 104.210 104.080 103.943 69.166
63.245 63.245 63.244 63.244 63.243 63.242 63.241 62.239 62.237 65.234 71.232 70.229 66.225 62.221 62.217 62.213 63.207 63.201 63.194 63.186 62.177 61.166 63.154 69.141 76.126 85.110 93.094 89.079 78.065 66.053 62.045 67.041 75.044 51.054 29.060 29.044 15.005 15.933 51.812 72.748 22.726 4.738 64.689 96.664 98.640 77.613 80.576 79.529 67.492 56.466 7.438 35.410 9.400 0.000 10.385 0.000 0.267 0.000 0.000 0.000 0.000 8.795 71.737 77.653 73.637 74.792 72.764 104.556 104.447 104.332 71.524 74.299 76.167
63.252 63.252 63.252 63.251 63.250 63.249 63.248 63.246 63.244 63.242 62.239 62.236 62.233 63.229 63.225 63.221 63.216 63.211 63.205 63.198 63.189 63.180 63.170 62.159 61.147 62.134 66.122 64.110 63.100 67.091 70.085 69.083 67.083 69.085 69.082 66.067 66.036 69.984 44.899 30.814 19.793 37.798 82.782 96.762 76.737 69.705 68.659 48.568 44.517 7.491 0.000 0.000 0.000 0.564 0.000 0.000 4.269 19.242 34.193 4.123 18.035 80.881 87.864 85.932 83.914 84.992 104.759 104.659 85.779 92.568 85.419 91.188 83.027
63.259 63.259 63.259 63.258 63.258 63.257 63.256 63.254 63.252 63.250 63.247 63.244 63.240 63.236 63.233 63.230 63.226 63.221 63.216 62.210 69.203 71.195 63.186 62.177 61.168 62.158 64.149 67.140 70.133 69.127 64.123 65.121 72.121 75.121 71.117 65.107 62.090 71.067 2.051 0.000 4.836 77.878 86.879 73.864 65.840 85.811 31.787 0.000 0.000 0.000 0.000 0.000 0.000 0.565 0.000 0.000 29.296 71.264 100.215 61.146 94.026 102.178 99.136 98.224 105.038 104.949 104.856 97.870 99.744 99.440 98.299 97.228 15.142
63.267 63.267 63.267 63.266 63.265 63.265 63.264 63.262 63.260 63.258 66.256 66.252 64.248 68.244 66.241 63.239 63.236 63.233 62.228 60.223 71.217 79.211 65.204 62.196 64.189 67.181 69.175 68.169 65.164 67.161 72.159 74.159 75.159 75.160 70.159 64.155 73.148 92.142 11.142 0.000 0.000 52.000 74.993 71.975 75.947 95.913 29.891 0.000 0.000 0.000 0.000 0.000 0.000 1.566 0.000 27.411 79.357 95.302 98.230 103.225 100.386 97.374 105.282 105.204 105.123 97.188 97.971 98.841 98.520 98.490 91.420 68.324 0.000
63.275 63.275 63.274 63.274 63.274 63.273 63.272 63.271 63.269 64.267 71.265 71.261 48.257 16.250 37.248 67.249 61.248 64.245 70.241 73.237 73.232 69.227 65.221 66.216 69.210 68.205 67.200 69.196 73.194 73.193 75.193 74.195 65.198 60.200 62.203 75.205 94.207 104.210 26.216 0.000 0.000 27.129 83.117 85.096 92.060 91.005 26.973 0.000 0.000 0.000 0.000 0.000 0.000 5.566 31.533 75.473 97.387 100.400 99.485 99.485 98.576 105.429 105.356 97.400 98.198 99.058 98.843 98.696 98.651 90.583 82.540 0.000 0.000
63.283 63.283 63.283 63.282 63.282 63.281 63.281 63.280 63.279 65.277 74.275 85.272 61.268 0.000 4.254 52.260 78.260 70.258 68.255 68.252 66.248 65.244 67.239 69.235 67.231 63.227 65.224 77.223 79.223 69.224 63.227 60.231 60.236 65.242 79.248 95.255 92.264 76.276 48.295 16.334 10.329 54.270 83.251 65.233 56.191 48.073 13.023 0.000 0.000 0.000 0.000 0.000 0.000 24.600 75.566 97.476 99.667 98.657 98.764 105.634 105.568 105.500 97.467 99.348 99.058 98.931 98.874 98.799 92.722 79.657 69.619 0.000 0.000
63.291 63.291 63.291 63.291 63.290 63.290 63.290 63.289 63.289 65.288 75.286 62.283 18.276 0.294 0.000 20.277 74.275 66.273 68.270 67.267 65.264 68.260 69.257 66.254 63.251 59.249 69.248 83.248 70.250 60.253 61.259 66.265 76.273 87.282 98.293 91.305 69.319 64.335 83.356 90.377 91.382 95.372 70.384 31.395 3.398 0.000 0.000 0.000 0.000 0.000 0.000 0.000 29.714 75.644 97.658 99.842 98.858 105.816 105.758 105.698 97.741 98.537 99.423 99.120 99.103 99.042 98.965 99.871 87.789 58.702 47.661 5.661 0.000
62.300 62.299 63.299 63.299 63.299 63.299 63.299 63.299 63.299 66.299 76.298 47.298 0.000 6.312 44.308 46.296 63.291 65.288 53.285 35.282 73.280 68.277 64.275 63.273 61.271 63.270 79.270 82.272 64.276 67.281 79.289 88.298 97.309 95.321 83.336 69.352 62.370 78.391 82.415 70.437 51.451 49.451 37.519 17.564 6.608 0.867 0.000 19.216 14.215 0.000 0.000 23.802 75.817 98.913 99.929 98.037 105.927 105.872 97.911 98.719 99.594 99.399 99.275 99.249 99.195 99.142 102.070 65.935 45.862 0.000 0.000 0.000 0.000
71.308 69.308 66.307 64.307 61.308 61.309 61.309 61.309 60.310 65.310 77.311 60.313 41.319 49.318 67.315 63.309 60.305 66.303 61.300 48.298 68.296 62.294 61.292 61.291 63.290 77.290 85.291 51.294 43.299 93.307 98.318 93.330 82.344 72.359 64.376 60.396 71.419 83.445 51.474 26.505 9.533 0.620 17.676 16.734 6.833 8.020 11.150 39.216 23.216 0.000 0.000 56.054 98.080 97.197 106.082 106.032 105.980 97.952 99.841 99.564 99.455 99.422 101.377 96.324 98.292 99.263 110.240 0.000 0.000 0.000 0.000 0.000 0.000
72.318 74.317 80.315 81.315 81.317 78.318 79.319 78.320 77.320 77.321 79.322 62.323 66.325 65.325 62.324 65.321 65.319 64.317 69.315 71.313 65.312 59.311 61.310 63.309 77.308 82.308 71.309 65.313 74.320 97.331 80.346 71.361 63.377 61.395 63.415 62.438 76.465 85.497 49.533 25.577 13.634 15.728 18.784 10.865 11.971 18.104 20.215 13.281 0.000 0.000 34.300 76.304 106.219 106.175 106.130 98.192 98.995 99.890 99.596 99.591 100.546 100.499 73.453 51.388 86.385 100.378 105.387 45.445 0.000 0.000 0.000 0.000 0.000
65.328 59.326 12.320 14.320 23.326 70.328 67.329 67.330 67.331 71.332 80.333 61.334 62.335 61.335 64.334 68.333 69.332 67.330 66.329 69.329 70.328 67.328 61.327 78.327 84.326 75.326 81.326 98.329 95.337 77.352 65.372 61.391 63.409 63.428 62.450 67.476 83.507 85.543 77.584 80.634 51.698 13.781 5.866 4.968 17.084 24.209 14.325 11.415 3.448 29.547 77.499 106.300 106.261 98.341 99.147 100.030 99.841 99.725 99.707 100.658 98.615 92.573 17.550 0.000 68.483 103.478 100.484 99.503 0.000 0.000 0.000 0.000 0.000
63.340 55.340 0.000 0.000 5.338 66.339 62.340 62.341 62.342 66.342 80.343 58.344 62.345 66.345 68.345 69.345 66.344 63.344 61.344 63.344 73.344 86.344 81.345 82.345 59.344 53.343 105.339 91.340 58.348 18.367 38.401 66.422 63.440 63.459 65.481 58.508 42.545 32.583 44.626 84.678 60.744 13.829 8.933 4.058 13.188 18.324 12.462 17.578 17.673 55.713 106.359 97.536 101.271 100.172 99.984 99.873 99.847 99.809 100.766 100.727 65.686 41.628 27.625 30.630 81.584 102.568 98.568 89.581 7.614 0.000 0.000 0.000 0.000
63.353 63.354 46.360 0.000 6.350 67.351 63.351 63.352 62.352 63.353 78.354 65.354 68.355 70.356 69.357 64.357 61.357 62.358 62.358 61.359 71.360 94.361 90.362 77.364 70.364 61.361 37.348 26.345 13.346 0.000 19.444 68.454 63.470 65.487 48.507 22.532 7.580 4.619 46.660 63.708 32.771 4.859 7.979 13.143 20.286 16.437 10.619 3.810 7.154 54.978 106.434 100.424 100.182 100.002 99.986 99.948 99.906 99.866 97.830 88.797 21.772 0.000 38.692 97.681 102.657 100.642 94.637 84.640 2.646 0.000 0.000 0.000 0.000
60.363 62.364 59.367 0.000 2.362 67.362 62.362 60.363 62.363 66.364 70.364 69.365 69.366 67.367 61.368 62.369 62.370 63.371 63.372 68.374 86.376 85.378 78.381 87.383 85.387 56.389 0.000 0.000 0.000 0.000 17.475 68.483 63.497 66.514 37.529 0.000 33.625 59.652 79.688 48.723 0.772 0.000 0.000 2.294 12.376 12.522 12.738 7.163 4.513 106.643 106.541 99.334 100.176 100.075 100.040 99.999 99.961 101.923 86.889 69.858 29.834 5.822 53.771 83.743 92.721 101.706 90.698 79.697 1.699 0.000 0.000 0.000 0.000
67.373 65.374 54.375 0.000 53.373 61.373 63.373 67.373 68.374 69.374 67.375 68.376 66.377 62.379 62.380 63.381 63.383 62.384 64.386 87.388 86.391 68.394 81.398 79.403 83.410 81.420 44.441 0.473 9.496 39.500 44.498 64.507 63.521 63.541 58.567 50.610 67.642 66.676 60.717 82.763 30.816 0.000 0.000 6.319 11.401 9.533 10.704 34.945 59.402 106.736 101.671 101.410 101.148 100.133 100.091 100.052 101.014 98.978 53.944 30.913 42.885 43.860 97.827 99.800 79.779 89.763 84.753 57.750 22.752 0.000 0.000 0.000 0.000
68.381 69.382 66.384 54.388 68.385 68.384 68.384 69.384 69.384 70.385 82.385 64.385 62.388 62.390 63.392 63.394 63.396 64.398 78.400 89.403 64.406 68.410 95.415 87.421 75.430 78.441 81.458 65.479 70.495 85.505 78.513 66.524 59.540 59.561 70.588 86.622 73.656 45.695 17.740 72.797 61.880 11.006 14.130 19.263 15.376 6.508 8.615 49.924 102.178 106.821 98.651 101.297 102.223 100.183 100.143 100.104 93.066 83.030 39.996 10.964 19.934 20.906 81.877 123.852 104.830 80.814 72.803 51.797 60.795 13.795 0.000 0.000 3.934
73.389 73.391 69.393 69.394 69.394 70.394 70.395 66.395 63.395 62.396 25.395 15.393 66.399 63.402 63.404 63.406 62.408 65.411 89.413 75.417 60.420 66.425 83.431 100.437 95.446 92.457 90.471 86.486 82.500 81.511 89.523 86.537 80.555 76.576 79.602 83.633 45.667 9.706 8.751 24.807 20.898 6.009 15.122 25.226 21.335 12.476 5.646 48.894 106.978 106.901 101.548 103.385 100.270 100.235 101.194 97.155 81.117 74.080 80.045 86.012 69.981 91.952 106.924 123.899 132.877 116.860 78.847 83.839 58.836 0.000 0.000 0.000 0.000
12.394 13.399 73.401 68.403 68.404 63.405 60.405 62.406 57.407 10.407 10.407 0.000 67.414 63.415 63.416 63.418 63.421 81.423 88.426 61.430 63.434 63.439 66.445 72.452 74.460 74.470 70.482 73.494 89.507 82.519 73.531 76.546 83.565 87.587 90.611 87.640 62.674 27.712 10.750 9.781 0.000 0.000 10.123 19.183 3.259 0.000 18.818 79.057 107.052 98.903 102.616 102.350 100.330 100.285 101.244 96.204 83.166 49.129 56.093 99.059 110.027 141.997 132.968 104.942 92.920 109.901 88.887 82.878 57.873 0.000 0.000 0.000 0.000
0.000 8.412 22.409 77.413 62.414 60.415 62.416 62.417 63.418 10.419 1.422 56.429 64.427 63.427 63.429 63.431 65.433 89.436 74.439 60.443 63.447 63.452 63.458 62.465 62.473 62.482 61.492 68.503 97.514 76.525 7.537 15.552 27.574 78.593 88.616 72.644 77.677 64.717 16.757 13.787 0.000 4.012 17.064 9.123 0.000 0.000 36.968 107.196 107.125 101.785 103.517 99.421 100.378 100.335 100.293 100.252 87.213 50.176 65.139 102.104 98.071 132.040 127.010 95.983 100.959 86.938 67.922 85.911 63.906 0.000 0.000 0.000 0.000
61.434 57.429 0.000 69.425 79.425 80.426 61.427 73.428 80.429 56.431 54.434 64.437 63.438 63.439 63.440 63.442 82.445 86.448 61.451 63.455 62.459 61.464 63.470 63.477 63.485 63.493 62.502 70.511 99.521 80.531 26.539 0.000 50.584 75.597 88.617 67.641 57.673 16.721 9.775 12.822 10.891 18.960 22.998 0.000 0.000 15.920 78.146 107.266 99.054 102.762 102.500 100.474 100.427 100.383 100.340 101.299 92.260 81.221 104.184 129.148 117.114 134.081 131.049 125.020 131.994 97.971 74.952 84.940 92.934 21.941 0.000 0.000 0.000
63.440 62.439 57.441 63.437 62.436 10.436 84.437 76.438 63.440 64.442 64.444 63.446 63.448 63.449 63.451 66.454 89.456 72.459 62.463 63.466 69.471 77.476 63.482 61.488 63.495 62.503 65.511 89.520 97.529 72.538 60.549 48.565 70.580 69.595 30.612 15.631 12.652 0.000 1.799 1.834 2.892 3.940 5.969 0.000 19.057 76.161 98.290 107.334 100.015 100.649 100.567 100.520 100.474 100.430 100.387 101.345 92.305 75.266 71.228 104.191 94.155 108.120 111.087 99.055 101.025 72.998 49.976 63.960 130.951 83.948 18.946 8.943 30.939
63.447 63.447 63.447 63.446 63.446 57.446 73.447 89.448 65.450 62.452 63.454 63.456 63.458 63.460 62.462 85.465 87.468 61.471 63.474 64.477 61.482 23.487 82.493 77.499 64.506 62.513 80.520 99.528 83.536 63.545 63.554 64.566 67.578 71.590 8.607 9.619 0.000 0.000 13.788 0.000 0.000 0.000 0.000 0.000 42.219 99.331 107.464 107.399 99.903 100.728 100.607 100.566 100.519 100.475 100.432 99.390 84.349 86.309 106.270 125.232 124.195 129.159 134.123 121.088 119.054 106.022 54.994 52.974 128.961 92.953 30.947 23.943 88.938
63.455 63.454 63.454 63.455 63.455 63.456 63.457 74.458 89.460 65.462 62.464 63.466 63.468 61.471 69.473 90.476 70.479 62.482 64.484 62.488 4.493 1.499 70.505 71.510 77.516 76.522 84.528 83.535 64.542 62.550 64.558 67.567 72.574 72.580 0.000 0.000 0.000 0.776 24.776 11.772 12.771 11.770 0.000 3.628 50.585 104.578 107.527 99.256 100.954 100.685 100.659 100.609 100.563 100.519 100.475 100.433 86.392 82.351 103.312 104.273 104.234 107.196 107.158 106.120 111.081 84.040 60.006 74.981 89.966 28.957 0.000 0.000 32.935
63.462 65.462 65.462 63.463 63.464 63.465 63.466 63.468 74.470 89.472 65.474 60.476 60.479 77.481 89.484 83.487 60.490 63.493 59.495 5.496 2.505 56.511 63.516 63.521 69.526 86.531 86.537 79.543 72.549 64.555 51.562 21.568 86.573 66.576 0.000 0.000 0.000 0.000 13.770 6.770 20.770 9.770 0.000 3.911 23.860 107.651 107.589 100.123 100.846 100.747 100.700 100.652 100.606 100.562 100.518 101.476 96.434 86.393 81.353 80.313 80.273 80.234 80.194 84.154 58.109 2.052 28.007 83.980 79.963 40.952 2.944 0.000 31.933
64.471 1.470 2.467 63.471 62.473 61.475 61.476 60.477 60.479 73.481 88.484 81.486 88.489 90.492 77.495 61.498 68.501 68.504 56.507 0.000 4.520 67.523 63.527 65.531 89.535 96.540 74.545 65.550 72.555 79.560 67.565 3.570 46.574 64.576 0.000 0.000 0.000 0.755 6.763 3.767 17.768 0.000 0.000 4.164 9.492 107.712 105.387 101.084 100.820 100.791 100.740 100.693 100.648 100.603 100.560 100.517 101.476 100.434 98.393 97.352 97.311 98.271 100.232 74.192 16.150 0.000 12.988 68.970 99.955 90.944 63.936 39.929 56.930
63.480 62.481 0.000 62.482 73.483 77.484 81.485 86.487 89.489 90.491 90.494 90.496 76.499 63.502 79.506 96.509 97.513 97.517 90.522 68.530 3.531 64.534 62.537 71.541 99.544 86.548 63.552 62.557 64.561 67.565 58.569 3.573 23.576 23.578 0.000 0.000 0.000 6.747 1.755 0.000 0.768 0.000 12.043 13.481 5.147 107.769 109.334 104.962 100.877 100.828 100.780 100.733 100.688 100.644 100.601 100.559 100.517 100.475 100.434 100.392 101.349 104.309 76.269 9.230 0.000 0.000 0.000 13.957 69.944 100.933 91.925 67.923 44.927
63.489 65.489 61.494 63.492 78.492 77.493 73.494 69.496 68.498 64.500 85.503 75.506 86.510 77.513 93.516 89.520 82.524 83.528 94.533 100.538 89.541 90.544 82.547 90.551 98.554 71.557 62.560 63.564 63.567 62.571 62.574 64.577 59.580 8.583 68.590 59.594 0.000 0.691 0.000 0.000 0.000 2.701 80.836 78.065 107.868 107.821 103.213 104.031 100.909 100.866 100.818 100.772 100.727 100.684 100.641 100.599 100.558 100.517 100.475 102.432 107.384 76.345 16.307 0.000 0.000 0.000 0.000 0.000 10.931 61.918 96.911 46.908 0.000
65.497 1.496 60.500 63.501 63.501 63.502 62.503 63.504 65.506 63.510 75.513 70.516 79.520 90.523 78.527 63.530 64.534 65.539 66.543 71.548 84.552 94.555 100.558 98.560 87.563 63.565 63.568 63.571 63.574 63.576 64.579 87.581 60.583 0.587 64.593 14.598 8.608 1.619 0.000 0.000 0.000 12.595 100.807 102.998 107.912 101.558 101.248 100.978 100.952 100.901 100.855 100.809 100.765 100.722 100.680 100.639 100.599 100.559 102.519 87.475 41.413 8.379 0.000 0.000 0.000 0.000 0.000 0.000 0.000 32.896 94.893 46.891 0.000
66.507 0.000 60.509 63.509 63.510 63.511 63.512 64.513 2.513 62.519 66.523 77.526 77.530 85.533 90.537 76.541 61.545 61.549 61.554 63.559 65.562 66.566 67.568 67.570 66.572 65.574 61.576 61.578 62.580 63.582 74.584 88.586 59.587 53.590 55.591 0.000 0.000 1.619 0.000 0.000 0.000 16.590 99.694 107.992 107.952 100.411 101.130 101.030 100.983 100.936 100.890 100.845 100.802 100.760 100.719 100.679 100.639 100.601 105.565 61.537 0.000 0.000 0.000 0.000 0.000 0.000 0.000 0.000 0.000 35.877 95.875 54.872 0.000
