results3/res_3e8f-0117.wd
ncols         241
nrows         181
xllcorner     12693529.787448
yllcorner     3542525.717860
cellsize      155.156523
NODATA_value  -9999.000000
[rows 33 to 65 of 181, columns 73 to 145 of 241]
0.000 0.000 0.000 0.000 0.000 0.000 0.000 0.000 0.000 0.000 0.000 0.000 0.000 0.000 0.000 0.000 0.000 0.000 0.000 0.000 0.000 0.000 0.000 0.000 0.000 0.000 0.000 0.000 0.000 0.000 0.000 0.000 0.000 0.000 0.000 0.000 0.000 0.000 0.000 37.399 60.400 65.402 21.404 0.000 0.000 30.480 44.508 11.488 2.490 34.511 37.527 31.527 32.510 33.477 33.428 33.361 33.276 32.170 38.030 57.815 4.377 12.399 9.732 44.941 61.419 65.949 64.511 65.119 63.663 65.759 60.824 60.413 60.404
0.000 0.000 0.000 0.000 0.000 0.000 0.000 0.000 0.000 0.000 0.000 0.000 0.000 0.000 0.000 0.000 0.000 0.000 0.000 0.000 0.000 0.000 0.000 0.000 0.000 0.000 0.000 0.000 0.000 0.000 0.000 0.000 0.000 0.000 0.000 0.000 0.000 0.000 0.000 0.000 12.400 7.401 0.000 0.000 0.000 0.000 26.595 0.000 0.000 24.551 48.591 47.596 37.581 33.548 33.495 33.422 33.330 32.221 54.098 51.957 0.000 35.268 47.856 61.308 65.804 65.334 64.910 64.424 65.492 61.516 60.789 61.040 63.348
0.000 0.000 0.000 0.000 0.000 0.000 0.000 0.000 0.000 0.000 0.000 0.000 0.000 0.000 0.000 0.000 0.000 0.000 33.054 65.054 18.054 0.000 0.000 0.000 0.000 0.000 0.000 0.000 0.000 0.000 0.000 0.000 0.000 0.000 0.000 0.000 0.000 0.000 0.000 0.000 0.000 0.000 0.000 0.000 0.000 0.000 18.683 0.000 0.000 0.000 26.691 44.686 44.671 35.637 33.582 33.503 31.402 47.287 56.185 0.000 20.936 45.548 60.115 66.633 66.152 65.704 65.190 67.229 63.220 61.293 61.685 64.015 63.265
0.000 0.000 0.000 0.000 0.000 0.000 0.000 0.000 0.000 0.000 0.000 20.055 58.055 0.000 0.000 0.000 0.000 0.000 40.054 91.054 47.054 0.000 0.000 0.000 0.000 0.000 0.000 0.000 0.000 0.000 0.000 0.000 0.000 0.000 0.000 0.000 0.000 0.000 0.000 0.000 0.000 0.000 0.000 0.000 0.000 0.000 21.771 22.811 29.829 15.828 25.795 33.787 46.778 37.750 33.694 30.605 41.486 51.340 40.171 15.845 45.324 62.874 67.423 66.952 66.495 65.961 65.971 64.936 61.911 62.348 64.688 63.942 63.714
0.000 0.000 0.000 0.000 0.000 0.000 0.000 0.000 0.000 0.000 0.000 41.055 76.055 65.055 52.055 7.055 1.055 25.055 79.055 87.054 52.054 0.000 0.000 0.000 0.000 20.842 0.000 0.000 0.000 0.000 0.000 0.000 0.000 0.000 0.000 0.000 0.000 4.849 0.000 0.000 0.000 8.850 26.850 0.000 0.000 37.831 52.819 55.833 53.848 39.862 33.872 32.891 46.903 37.890 29.838 43.737 57.598 45.417 33.312 48.041 52.639 65.204 67.745 67.287 66.738 66.722 64.666 62.642 63.032 65.375 64.632 64.405 64.078
0.000 0.000 0.000 0.000 0.000 0.000 0.000 0.000 0.000 0.000 0.000 12.055 74.055 57.056 38.056 0.052 21.055 71.055 82.055 89.054 48.054 0.000 0.000 0.000 0.000 58.842 42.842 0.000 0.000 0.000 0.000 0.000 0.000 0.000 0.000 0.000 21.849 33.849 35.849 0.000 0.000 17.850 42.850 21.849 35.847 58.842 61.842 62.852 59.870 46.898 33.941 31.001 48.053 39.071 43.030 60.906 54.752 0.000 31.621 50.366 62.990 68.552 68.095 67.536 67.491 65.421 63.502 63.744 66.083 65.343 65.115 64.785 64.461
0.000 0.000 0.000 0.000 0.000 0.000 0.000 0.000 0.000 0.000 0.000 0.000 0.000 25.056 63.056 59.056 47.056 60.056 80.055 91.054 44.053 0.000 0.000 0.000 0.000 20.842 44.842 46.842 0.000 0.000 0.000 0.000 0.000 0.000 0.000 0.000 37.849 38.849 50.849 33.849 22.850 36.850 37.850 33.850 40.850 47.850 45.853 38.864 57.883 23.918 39.992 43.119 33.239 45.309 58.307 55.106 0.000 6.613 43.183 59.813 68.403 68.936 68.378 68.300 65.220 64.534 64.494 66.818 66.081 65.853 65.521 65.190 64.844
0.000 0.000 0.000 0.000 0.000 0.000 0.000 0.000 0.000 0.000 0.000 0.000 0.000 15.056 82.056 77.056 67.057 57.056 81.056 89.054 84.052 69.049 24.047 0.000 0.000 0.000 0.842 54.842 38.842 36.843 47.843 42.843 5.843 0.000 0.000 1.849 37.849 36.849 57.849 63.850 52.850 44.850 36.851 33.851 34.852 35.854 34.859 32.867 40.879 1.899 0.000 2.317 38.475 61.619 59.781 0.000 5.377 43.043 56.684 66.312 69.841 69.392 70.159 66.099 65.816 65.302 67.590 66.851 66.619 66.286 65.955 65.603 65.230
0.000 0.000 0.000 0.000 0.000 0.000 0.000 0.000 0.000 0.000 0.000 0.000 0.000 0.000 15.057 54.057 29.058 65.058 84.057 89.055 87.052 85.048 74.045 33.042 0.000 0.000 0.000 10.842 49.842 49.843 62.843 60.843 53.843 48.844 0.000 0.000 4.848 41.849 60.849 67.850 59.850 43.851 32.852 33.853 33.854 33.856 33.860 33.865 37.870 0.000 0.000 0.000 8.692 45.910 15.418 12.794 47.712 52.494 64.218 70.811 70.652 68.879 67.192 67.484 66.205 68.422 67.665 67.418 67.079 66.749 66.406 66.040 65.630
0.000 0.000 0.000 0.000 0.000 0.000 0.000 0.000 0.000 0.000 0.000 0.000 0.000 0.000 0.000 0.050 86.060 86.060 88.059 88.057 87.052 81.047 75.042 46.039 0.000 0.000 0.000 0.000 0.000 17.843 62.843 56.843 71.844 68.844 47.845 26.846 27.848 36.849 58.849 67.850 58.850 41.851 31.852 36.853 35.855 33.857 33.860 33.863 34.865 26.864 0.000 0.000 0.000 0.000 7.187 50.252 53.180 61.027 71.740 71.843 70.196 72.055 69.750 67.263 69.344 68.544 68.261 67.900 67.561 67.221 66.879 66.521 65.095
0.000 0.000 0.000 0.000 0.000 0.000 20.976 43.973 0.000 21.919 61.909 50.897 54.887 29.881 0.000 0.000 22.062 94.063 88.063 85.060 82.054 85.046 76.038 39.034 0.000 0.000 0.000 0.000 0.000 0.000 0.000 6.843 60.844 61.844 12.844 0.000 3.848 40.849 58.849 63.850 53.850 44.851 42.852 4.854 11.856 39.858 33.860 33.862 34.863 40.863 48.863 10.863 0.000 0.000 22.890 55.849 59.742 70.548 72.757 72.387 75.692 74.254 68.638 70.405 69.512 69.162 68.759 68.392 68.037 67.695 67.369 67.069 72.838
0.000 0.000 0.000 0.000 0.000 0.000 20.978 63.970 5.952 55.929 57.911 69.895 52.883 37.875 0.000 0.000 10.064 79.066 91.071 88.067 88.056 89.044 83.031 37.024 0.000 0.000 0.000 0.000 0.000 0.000 0.000 0.000 0.000 45.844 4.844 0.000 0.000 46.849 43.849 55.850 12.850 0.000 0.000 0.000 0.000 5.859 43.860 37.861 0.862 30.863 64.863 47.863 0.863 0.000 27.643 61.483 70.383 73.501 73.256 77.452 76.709 70.025 71.550 70.560 70.123 69.662 69.252 68.866 68.501 68.155 67.832 67.550 72.351
19.227 63.225 53.222 0.000 0.000 0.000 14.989 74.978 50.958 52.933 58.911 82.891 83.874 78.860 32.847 0.000 0.000 0.000 39.088 93.079 88.062 89.041 86.020 45.006 0.000 0.000 0.000 0.000 0.000 0.000 0.000 0.000 0.000 3.844 0.000 0.000 0.000 0.000 0.000 0.000 0.000 0.000 0.000 0.000 0.000 0.000 0.000 18.861 15.861 0.000 0.000 0.000 0.000 17.055 54.471 71.422 73.096 74.026 78.385 77.999 71.070 72.596 71.599 71.106 70.593 70.139 69.717 69.321 68.946 68.590 68.256 67.946 70.661
19.228 75.224 57.220 53.214 0.000 0.000 2.011 66.995 68.966 68.936 80.907 77.883 89.863 88.846 49.834 0.000 0.000 0.000 15.115 95.099 88.071 89.038 86.003 45.973 0.000 0.000 6.577 54.542 66.505 35.479 0.000 0.000 0.000 0.000 0.000 0.000 0.000 0.000 0.000 0.000 0.000 0.000 0.000 0.000 0.000 0.000 0.000 0.000 3.861 0.000 0.000 0.000 15.023 55.528 72.486 73.066 79.289 78.779 72.363 72.911 73.389 72.544 72.046 71.514 71.031 70.579 70.156 69.754 69.372 69.005 68.654 75.316 15.989
83.230 80.225 59.218 60.209 52.197 0.000 57.048 52.027 59.977 72.937 76.899 87.873 88.848 87.826 56.809 0.000 0.000 0.000 14.159 94.130 88.087 89.036 83.980 63.911 47.805 48.707 48.611 56.546 77.492 44.453 0.000 0.000 0.000 0.000 0.000 0.000 0.000 0.000 0.000 0.000 0.000 0.000 0.000 0.000 0.000 0.000 0.000 0.000 0.000 0.000 13.120 43.896 53.400 72.384 73.972 80.648 80.049 72.919 74.624 73.941 73.380 72.899 72.386 71.899 71.434 70.992 70.572 70.169 69.781 69.405 76.038 21.677 0.000
80.233 75.228 73.219 56.207 60.185 60.151 51.106 44.086 0.000 0.000 18.880 77.861 88.829 86.801 71.768 38.721 0.000 1.349 63.231 84.175 89.111 88.041 88.968 78.888 54.796 51.704 50.616 59.538 77.465 60.389 46.284 47.201 51.140 62.102 26.087 0.000 0.000 0.000 0.000 0.000 0.000 0.000 0.000 0.000 0.000 0.000 0.000 0.000 0.000 0.000 24.322 64.160 72.104 74.750 81.532 81.135 73.651 75.306 74.513 74.125 73.665 73.190 72.720 72.259 71.814 71.384 70.970 70.569 70.179 75.796 22.417 0.000 0.000
69.238 21.233 89.225 60.212 54.187 55.163 57.139 57.127 46.135 0.000 0.000 0.000 22.807 93.782 83.739 61.674 53.566 60.444 59.321 61.228 69.139 70.051 56.963 53.876 51.787 51.698 50.610 59.525 74.441 53.354 50.262 55.180 71.117 74.080 59.072 33.072 0.000 0.000 0.000 0.000 0.000 0.000 0.000 0.000 0.000 0.000 0.000 0.000 0.000 15.168 57.010 72.618 75.456 82.094 81.852 74.357 75.988 75.191 74.819 74.374 73.932 73.486 73.042 72.604 72.177 71.761 71.356 70.959 76.569 22.183 0.000 0.000 0.000
15.245 88.242 89.236 75.230 0.000 2.174 62.159 58.147 69.143 60.143 0.000 0.000 1.810 81.781 78.734 63.668 54.582 51.483 51.380 54.279 67.167 75.059 77.957 70.866 60.779 53.691 52.602 68.511 71.419 46.324 50.229 50.140 51.068 55.028 34.050 0.000 0.000 0.000 4.632 0.000 0.000 0.000 0.000 0.000 0.000 0.000 0.000 18.398 50.067 57.921 71.433 82.753 82.364 75.425 76.013 76.569 75.869 75.492 75.057 74.633 74.206 73.780 73.357 72.940 72.530 72.128 72.733 79.343 22.956 0.000 0.000 0.000 0.000
93.253 89.252 89.249 89.241 76.228 59.199 59.178 59.159 50.147 0.000 15.909 22.889 74.843 71.799 74.747 67.684 68.609 68.526 68.438 71.339 66.190 66.063 67.940 71.853 72.770 70.685 66.595 77.500 75.399 63.295 64.189 64.083 65.986 40.913 0.000 0.000 0.000 0.000 5.632 0.000 0.000 0.000 0.000 0.000 0.000 5.260 53.048 53.618 74.634 75.190 83.839 83.352 77.921 77.629 77.009 76.532 76.143 75.719 75.306 74.892 74.480 74.071 73.666 73.267 72.874 73.487 77.104 9.723 0.000 0.000 0.000 0.000 0.000
92.261 88.265 88.266 89.259 86.243 64.219 58.192 59.166 60.138 52.103 0.997 66.915 63.873 64.825 65.771 60.711 64.645 69.575 77.507 62.451 0.000 0.000 12.887 70.835 66.764 66.685 66.594 66.493 66.384 66.269 66.147 66.019 63.881 58.725 31.516 0.000 7.168 50.941 57.632 69.313 39.066 0.000 0.000 0.000 0.000 54.449 65.259 77.190 77.828 84.583 84.245 78.581 78.249 77.505 77.167 76.768 76.360 75.955 75.551 75.150 74.751 74.357 73.969 73.589 74.214 76.843 24.473 0.000 0.000 0.000 0.000 0.000 0.000
78.269 78.282 78.290 89.284 89.267 79.240 55.207 58.173 59.138 59.094 65.033 73.964 57.908 54.856 52.802 59.744 74.684 73.622 58.563 38.507 0.000 0.000 0.000 0.000 55.767 50.697 50.602 50.494 50.375 51.248 54.112 54.964 54.796 53.589 54.307 52.868 52.394 61.024 67.641 65.243 71.818 69.251 63.724 61.204 63.582 75.152 78.654 78.444 85.077 84.861 79.229 78.874 78.117 77.781 77.377 76.981 76.584 76.188 75.795 75.405 75.018 74.636 74.266 74.905 75.549 14.196 0.000 0.000 0.000 0.000 0.000 0.000 0.000
0.000 44.304 56.326 84.322 88.301 69.267 52.224 51.182 59.144 59.104 58.055 51.998 52.940 58.889 75.837 74.781 57.723 50.668 40.615 0.000 60.233 69.176 65.088 65.977 68.840 71.733 70.625 71.506 74.375 73.236 70.090 71.930 66.748 52.529 56.253 54.904 59.517 77.120 83.666 80.198 73.712 68.209 69.737 76.191 81.035 79.446 85.682 85.327 79.229 80.833 79.411 78.742 78.393 77.986 77.592 77.198 76.806 76.419 76.037 75.657 75.278 75.905 73.554 69.216 20.883 0.000 0.000 0.000 0.000 0.000 0.000 0.000 0.000
0.000 0.000 49.390 68.376 79.349 54.304 46.238 53.187 51.154 58.123 59.086 59.033 51.966 68.924 60.875 49.819 52.760 44.711 0.000 69.373 72.290 72.207 74.112 75.003 77.883 81.770 80.657 80.531 80.383 82.231 83.080 80.920 68.738 54.525 56.274 55.979 55.648 58.274 31.705 4.174 93.618 135.161 112.682 78.610 80.123 86.669 86.222 79.686 82.408 79.817 79.366 79.000 78.597 78.201 77.805 77.411 77.024 76.646 76.276 75.908 77.532 72.152 60.828 15.522 0.000 0.000 0.000 0.000 0.000 0.000 0.000 0.000 39.047
1.693 0.000 4.468 25.442 60.416 42.360 0.000 48.174 53.161 53.148 59.132 48.082 0.000 52.967 50.921 52.858 53.787 63.706 77.595 74.456 76.348 82.249 92.148 136.040 132.920 132.808 132.700 132.579 133.395 117.223 49.082 51.930 49.757 57.560 56.338 53.090 50.824 32.621 0.000 0.000 2.338 60.008 77.041 81.644 87.369 87.048 79.294 80.988 80.281 79.970 79.594 79.204 78.811 78.414 78.015 77.618 77.232 76.864 77.513 76.166 67.791 56.343 14.085 0.000 0.000 0.000 0.000 0.000 0.000 0.000 0.000 30.203 51.132
75.687 23.648 12.572 75.509 53.513 0.000 0.000 0.000 47.168 60.175 52.211 0.000 5.138 61.056 51.983 62.907 75.824 75.731 80.624 83.507 76.397 62.294 53.193 49.088 46.950 49.843 50.757 37.690 0.000 54.184 51.094 49.962 53.801 57.620 54.428 46.219 52.936 33.767 0.000 0.000 55.285 72.314 82.054 87.862 87.642 79.886 81.567 80.857 80.557 80.181 79.805 79.420 79.028 78.630 78.225 77.813 77.422 78.066 73.747 62.453 19.122 0.000 0.000 0.000 0.000 0.000 0.000 0.000 0.000 0.000 0.000 48.274 47.218
85.704 93.687 81.663 0.000 10.614 4.716 0.000 0.000 0.000 0.000 56.325 54.309 62.220 59.134 59.050 58.963 75.870 89.770 78.662 58.550 56.441 51.337 53.242 44.167 0.000 55.855 52.793 41.735 0.000 55.236 50.148 51.021 57.867 55.692 53.534 35.420 0.000 0.464 51.855 49.726 66.533 82.460 88.136 80.831 81.395 82.050 81.440 81.139 80.770 80.404 80.027 79.642 79.250 78.854 78.440 78.987 78.578 68.231 52.955 15.777 0.000 0.000 0.000 0.000 0.000 0.000 0.000 0.000 23.663 22.617 37.532 49.401 37.316
75.731 79.731 69.729 0.000 0.000 69.817 62.843 56.834 0.751 8.563 74.456 71.383 58.298 59.211 59.120 60.025 80.924 132.817 125.704 72.590 127.478 48.371 52.270 52.173 54.062 51.929 51.827 51.721 53.570 49.376 49.241 58.108 56.952 53.747 48.596 37.508 0.000 0.000 53.959 60.828 82.851 81.749 88.497 81.879 82.462 82.007 81.712 81.359 81.003 80.635 80.258 79.870 79.478 79.095 80.693 76.118 57.673 44.324 46.067 11.922 0.000 0.000 0.000 0.000 0.000 0.000 0.000 0.000 32.709 37.656 51.578 45.484 35.401
71.761 66.777 10.794 0.000 0.948 52.892 61.877 58.840 76.767 70.652 75.553 83.467 74.380 59.290 59.195 59.093 57.984 51.869 46.748 51.628 48.511 52.400 52.294 52.191 52.085 51.973 51.866 51.751 50.614 55.458 57.331 58.220 42.086 0.000 41.596 0.000 0.000 0.000 58.167 80.103 84.123 89.501 89.034 81.975 82.624 82.261 81.941 81.602 81.246 80.877 80.498 80.104 79.697 78.355 40.120 0.000 0.000 0.000 0.000 0.000 0.000 0.000 0.000 29.177 24.144 23.091 22.021 25.929 34.807 50.722 44.640 35.557 45.478
63.787 54.822 59.876 4.968 57.995 53.967 52.934 70.884 63.812 79.724 88.637 68.552 54.466 52.375 55.276 58.169 59.051 58.925 51.793 50.662 51.538 51.423 52.316 52.214 52.113 57.013 53.911 50.802 51.676 54.513 58.404 47.354 0.000 0.000 0.000 0.000 13.884 133.765 77.476 84.504 82.487 89.914 81.804 84.318 85.797 82.518 82.196 81.858 81.502 81.129 81.753 78.350 65.851 56.506 14.313 0.000 0.000 0.000 0.000 0.000 0.000 0.000 31.260 31.209 31.164 32.110 32.042 32.960 46.868 46.784 30.704 33.625 35.549
38.802 39.848 33.919 58.034 54.065 53.048 64.007 67.947 78.875 85.796 51.717 50.638 51.556 53.467 52.367 49.255 57.128 57.987 58.836 57.689 51.557 50.439 49.332 50.234 56.142 115.053 82.964 62.872 45.774 0.000 60.421 68.437 0.000 0.000 0.000 0.000 58.005 68.907 85.792 83.832 90.634 90.288 82.897 83.422 84.084 82.785 82.469 82.133 81.775 82.383 81.036 33.693 0.000 0.000 0.000 0.000 0.000 0.000 0.000 0.000 0.000 0.000 38.310 34.238 31.194 32.141 30.077 42.002 48.922 32.843 33.765 41.690 39.617
0.000 0.000 0.000 51.185 54.181 56.153 77.099 88.024 101.944 83.869 12.798 69.728 69.653 53.569 53.471 52.355 50.218 53.058 58.875 56.702 57.561 59.443 57.340 55.249 51.167 46.092 51.022 45.947 0.000 0.000 0.000 54.536 46.561 0.000 0.000 0.559 68.224 85.102 85.184 83.203 90.950 82.630 85.127 86.628 83.366 83.071 82.760 82.431 82.081 79.593 34.314 0.000 0.000 0.000 0.000 0.000 0.000 0.000 0.000 0.000 0.000 37.499 7.433 0.000 39.233 29.185 40.121 52.050 39.976 34.900 39.826 43.753 36.682
0.000 0.000 0.000 49.339 55.323 71.284 82.213 130.105 124.010 125.937 131.878 127.823 128.760 53.685 53.592 52.476 52.331 51.152 45.904 55.684 57.542 58.432 56.337 58.255 58.184 59.126 52.086 0.000 0.000 0.000 0.000 55.611 40.586 0.000 0.000 59.711 81.515 85.453 84.439 91.526 91.246 83.692 84.235 84.920 83.653 83.373 83.072 83.749 58.525 0.000 0.000 0.000 0.000 0.000 0.000 0.000 0.000 0.000 49.780 38.735 28.664 32.566 32.489 33.423 33.319 36.245 49.174 46.102 41.030 41.957 39.884 37.814 33.745
15.539 0.000 0.000 50.509 67.489 75.446 81.363 52.173 51.052 49.991 46.956 47.924 47.880 53.819 53.736 69.626 69.480 45.316 0.000 42.588 55.493 57.405 55.320 57.249 57.190 58.141 54.109 0.000 0.000 0.000 53.810 38.710 0.000 0.000 61.064 69.915 86.765 85.663 84.839 91.788 83.377 85.900 88.432 84.204 83.952 83.695 82.406 69.967 28.746 0.000 0.000 0.000 0.000 0.000 36.003 30.986 30.951 30.899 34.825 46.762 49.691 35.612 30.535 32.460 34.377 49.301 48.228 34.156 43.084 44.013 42.942 35.873 31.805
