results3/res_3e8f-0187.wd
ncols         241
nrows         181
xllcorner     12693529.787448
yllcorner     3542525.717860
cellsize      155.156523
NODATA_value  -9999.000000
[rows 99 to 131 of 181, columns 73 to 145 of 241]
59.830 59.806 59.781 58.755 58.728 63.700 66.672 63.645 59.625 59.615 53.617 9.622 0.000 0.000 0.000 0.000 0.000 14.821 72.788 97.744 95.736 94.893 101.560 101.490 94.590 95.286 95.133 95.024 95.919 95.820 94.730 98.655 57.602 0.000 0.000 0.000 0.000 0.000 0.000 34.627 60.551 72.446 40.313 22.107 52.012 54.927 52.833 56.714 53.528 51.248 20.933 45.692 49.564 64.477 70.414 73.367 71.333 66.309 59.293 54.285 49.281 27.273 0.000 0.000 0.000 0.000 21.668 39.668 51.668 75.668 76.668 76.668 76.668
59.880 59.858 58.834 56.807 60.779 65.749 66.716 66.679 60.651 57.635 62.629 62.628 23.629 0.000 17.453 47.400 24.288 4.088 60.993 100.872 96.122 96.137 101.620 93.902 95.690 95.344 95.256 95.145 95.038 94.936 96.846 95.774 31.728 0.000 0.000 0.000 0.000 0.000 2.930 38.804 44.709 55.620 4.550 0.000 47.130 55.070 53.979 57.853 57.676 28.462 0.000 40.595 54.537 59.473 80.421 81.381 81.351 82.329 83.314 81.305 62.302 0.306 0.320 1.326 0.000 0.000 0.000 38.668 51.668 75.667 76.667 76.667 76.667
59.932 58.911 58.888 61.861 64.833 65.801 40.764 4.703 33.666 69.645 42.637 16.632 8.631 0.000 28.505 78.461 75.374 67.259 86.140 97.290 94.278 101.702 95.183 95.988 95.555 95.490 95.373 95.263 95.150 96.040 93.943 81.866 28.808 1.782 0.000 0.000 0.000 3.155 42.055 48.952 46.859 47.776 20.717 0.000 53.309 71.246 64.159 59.045 33.860 0.000 0.554 23.555 13.516 53.455 78.415 82.385 80.360 80.342 80.329 82.321 55.319 49.325 49.327 55.327 0.000 0.000 0.000 15.667 50.667 75.667 76.667 76.667 76.667
58.986 57.967 62.945 65.918 65.889 65.859 30.836 0.000 0.655 12.644 3.640 0.000 0.000 0.000 21.602 84.562 90.492 98.405 98.364 95.489 102.040 101.832 95.150 95.860 95.711 95.602 95.493 95.381 95.262 101.129 51.021 18.940 2.857 0.452 6.747 9.687 0.000 33.256 51.182 47.091 46.998 45.909 51.825 17.737 46.551 72.445 71.366 69.308 0.000 0.000 43.554 0.000 0.000 51.418 80.401 84.382 81.364 80.350 78.339 67.332 48.329 44.329 45.329 29.328 0.000 0.000 0.000 0.000 46.667 75.667 76.666 76.666 72.666
58.044 64.027 66.005 65.978 63.945 69.908 39.887 0.000 0.000 0.000 0.000 0.000 0.000 0.000 32.740 90.693 93.632 97.509 96.745 96.758 102.228 94.536 96.241 95.916 95.830 95.721 95.615 99.508 105.387 60.196 29.070 4.015 0.000 0.000 0.000 6.626 34.566 57.429 51.329 44.231 49.133 53.035 49.938 47.834 61.713 65.618 55.551 63.512 0.000 0.000 11.554 0.000 0.000 57.397 81.389 86.377 85.365 81.354 76.345 45.339 43.335 44.333 51.332 0.000 0.000 0.000 0.000 40.666 44.666 73.666 76.666 76.666 70.666
65.106 66.092 66.071 65.043 43.006 8.943 27.915 29.915 0.000 0.000 0.000 0.000 0.000 24.042 76.923 90.846 93.750 95.909 96.919 102.557 102.400 95.511 96.212 96.051 95.945 95.839 99.738 61.648 21.582 0.000 39.050 25.035 0.000 0.000 0.000 0.000 42.643 76.566 67.472 62.371 57.268 58.162 56.057 56.951 69.847 63.764 47.707 49.679 0.000 0.000 0.000 0.000 0.000 57.385 85.380 50.373 48.364 80.355 83.348 53.343 44.340 49.337 19.335 0.000 0.000 0.000 0.000 13.666 40.666 58.666 74.666 77.666 70.665
66.174 66.164 62.144 66.116 48.094 0.000 18.915 48.915 0.000 0.000 0.000 0.000 14.256 76.160 90.067 95.989 95.960 96.102 102.840 102.703 94.839 96.614 96.263 96.173 96.059 95.950 99.849 71.766 3.711 0.000 9.045 12.040 0.000 0.000 0.000 0.000 29.798 61.721 66.621 76.514 72.404 60.290 63.176 72.064 66.963 54.883 46.832 47.818 21.864 22.875 0.000 0.000 0.000 55.377 89.375 3.371 0.000 29.354 76.350 66.347 47.344 26.340 0.000 0.000 0.000 0.000 0.000 0.000 13.666 37.666 63.665 73.665 66.665
64.250 61.246 60.226 76.184 55.159 0.000 17.915 45.915 0.000 0.000 0.000 8.423 72.351 85.275 95.204 98.085 97.329 95.359 102.967 94.148 95.922 92.481 94.408 96.285 96.170 97.055 90.943 80.856 28.784 0.000 0.000 0.000 0.000 0.000 0.000 17.209 52.029 56.898 56.778 58.661 67.543 70.419 73.292 67.166 54.056 47.974 46.922 45.898 49.898 34.887 0.000 0.000 0.000 44.372 81.370 47.366 36.361 28.356 71.352 77.349 57.348 0.000 0.000 8.351 0.000 0.000 0.000 0.000 0.000 32.665 56.665 61.665 48.665
58.336 67.345 63.328 4.237 5.198 0.000 8.915 8.915 0.000 0.000 0.000 9.495 88.451 90.394 98.305 97.471 96.492 103.192 103.085 96.106 95.794 95.635 95.517 94.400 95.280 97.155 54.010 4.933 0.000 0.000 0.000 0.000 0.000 20.752 37.617 52.390 63.210 60.063 58.934 55.810 56.686 59.553 71.407 72.251 64.123 53.036 45.982 45.954 47.944 0.000 0.000 0.000 0.000 29.368 71.366 49.364 45.360 45.356 77.353 80.351 63.350 26.351 16.351 59.351 0.000 0.000 0.000 0.000 0.000 35.665 59.665 54.665 40.665
59.430 69.471 56.504 0.000 0.000 0.000 5.915 17.915 1.915 0.000 0.746 75.610 85.567 97.510 97.505 96.648 103.385 103.292 95.418 97.193 96.845 96.752 96.633 96.515 98.396 48.276 0.000 0.000 0.000 0.000 0.000 10.223 36.097 52.887 65.710 61.524 60.357 60.212 60.082 60.960 58.837 57.701 31.531 50.310 75.147 57.065 45.017 47.991 45.980 33.987 0.000 0.000 0.000 30.366 63.364 41.362 0.000 0.000 33.352 70.352 59.351 68.351 75.351 34.351 0.000 0.000 0.000 0.000 0.000 10.665 50.665 48.665 41.665
57.521 61.605 60.714 36.877 0.000 0.000 0.000 3.915 6.915 0.000 28.838 88.753 95.694 97.616 97.776 95.899 103.470 95.705 97.487 97.053 96.984 96.864 97.749 98.632 60.514 0.000 0.000 0.000 0.000 0.000 12.514 55.349 66.180 61.991 60.810 60.638 60.483 60.346 60.223 60.111 60.002 68.882 7.706 0.000 43.091 52.060 44.031 53.011 53.000 34.994 0.000 0.000 0.000 0.000 47.361 84.360 52.358 0.000 26.353 71.352 65.352 56.351 56.351 0.000 0.000 0.000 0.000 0.000 0.000 0.000 29.664 40.664 41.664
69.594 7.714 63.870 62.039 51.239 10.359 0.594 0.000 0.000 20.007 78.939 92.873 98.814 97.799 96.954 103.616 103.547 96.654 97.352 97.201 97.091 97.981 99.866 60.749 0.000 0.000 0.000 0.000 11.030 41.904 52.678 64.480 61.284 61.086 57.902 57.735 57.590 58.464 60.354 60.259 63.177 40.118 0.000 0.000 23.066 48.052 47.035 65.023 61.016 0.000 0.000 0.000 0.000 0.000 31.358 76.358 88.356 45.355 71.353 85.352 77.352 53.352 46.351 18.351 0.000 0.000 0.000 0.000 0.000 0.000 35.664 41.664 45.664
51.634 4.787 66.013 56.172 63.318 55.465 16.718 3.986 13.080 80.075 89.036 98.995 97.883 98.150 96.178 103.675 95.942 97.735 97.395 97.312 98.204 99.103 52.985 0.000 0.000 0.000 0.000 3.295 54.155 65.004 62.815 61.610 63.388 63.169 68.975 73.812 68.679 61.567 55.472 59.392 65.331 23.295 0.000 0.000 19.056 51.046 52.036 74.029 62.024 0.000 0.000 0.000 0.000 0.000 19.357 71.356 80.355 85.354 81.353 81.353 85.352 69.352 48.351 49.351 18.351 11.351 0.000 0.000 0.000 37.664 42.664 40.664 45.664
0.000 0.000 34.224 85.315 48.398 0.000 0.000 18.158 78.181 83.175 97.154 98.063 98.343 96.275 103.759 96.199 98.008 97.585 97.528 98.417 95.312 50.243 0.000 0.000 0.000 0.000 9.574 56.434 64.293 62.142 61.966 65.758 40.489 19.226 22.019 38.857 64.746 66.653 67.573 59.508 60.460 21.435 0.000 0.000 0.000 32.039 50.035 57.031 56.029 5.029 0.000 0.000 0.000 0.000 19.356 62.355 75.355 80.354 81.353 82.353 78.352 74.352 59.352 47.351 51.351 57.351 0.000 0.000 0.000 3.664 40.664 41.664 43.664
0.000 0.000 11.345 86.466 73.561 0.000 0.000 25.307 86.309 94.300 98.253 99.448 99.486 104.074 103.882 97.149 97.865 97.726 97.629 92.526 82.384 33.314 0.000 0.000 8.961 44.875 53.714 65.575 62.441 62.303 66.150 43.967 1.770 0.000 0.000 24.852 62.795 59.725 63.660 69.605 69.568 47.550 0.000 0.000 0.000 14.037 52.034 46.032 53.031 4.030 0.000 0.000 0.000 0.000 24.355 49.355 66.354 80.354 75.353 68.353 70.352 31.352 56.351 65.351 58.351 54.351 0.000 0.000 0.000 0.000 0.664 35.664 40.664
0.000 0.000 0.000 14.642 63.818 3.322 13.459 79.455 91.448 98.434 98.454 98.632 104.421 104.252 96.435 98.234 97.901 97.830 90.741 56.674 0.000 0.000 0.000 17.128 63.046 56.952 64.832 62.712 62.594 63.479 41.365 2.191 0.000 0.000 0.000 23.904 65.856 59.794 59.735 61.687 65.655 67.647 19.677 0.000 0.000 0.000 33.033 52.032 27.031 0.000 0.000 0.000 0.000 0.000 17.354 45.354 56.354 63.353 55.353 52.353 17.353 0.000 5.351 49.351 53.351 62.351 0.000 0.000 0.000 0.000 0.000 29.664 40.663
0.000 0.000 0.000 0.000 1.289 13.546 82.599 87.606 98.602 98.538 99.825 99.900 104.581 96.732 98.512 98.082 98.023 87.921 76.835 40.754 0.000 0.000 0.000 57.210 79.143 64.053 55.950 63.845 61.744 64.653 34.587 0.000 0.000 0.000 20.099 55.006 61.929 60.860 60.799 57.751 53.719 55.705 17.708 0.000 0.000 0.000 14.032 59.032 7.032 0.000 0.000 0.000 0.000 0.000 17.354 47.354 46.353 45.353 43.353 49.353 0.000 0.000 0.000 24.351 47.351 65.351 9.350 0.000 0.000 0.000 0.000 0.663 33.663
0.000 0.000 0.000 0.000 0.000 85.790 84.786 98.775 98.733 99.940 100.015 104.873 104.731 97.685 99.371 97.215 83.101 72.008 45.921 0.000 0.000 0.000 51.476 69.358 69.263 76.168 64.071 53.975 59.883 69.802 72.744 35.742 0.000 0.000 19.192 67.091 60.996 60.917 59.851 55.800 49.766 50.747 16.741 0.000 0.000 0.000 0.000 32.032 40.032 0.000 0.000 0.000 0.000 0.000 25.354 49.353 43.353 44.353 44.353 46.353 29.353 0.000 0.000 0.000 34.351 55.350 33.350 7.350 0.000 0.000 0.000 0.000 28.663
0.000 0.000 0.000 0.000 25.161 86.038 97.982 98.946 99.958 102.148 105.138 105.007 96.990 98.755 95.408 84.310 73.165 45.087 0.000 0.000 0.000 53.708 74.594 60.484 52.383 66.286 78.191 66.099 69.011 69.928 56.845 62.740 41.495 3.970 27.385 59.169 55.048 61.961 56.888 48.832 47.796 51.776 13.768 0.000 0.000 0.000 0.000 19.032 59.032 4.032 0.000 0.000 0.000 0.000 0.000 31.353 46.353 44.353 44.353 44.353 52.352 0.000 0.000 0.000 0.000 36.350 47.350 53.350 0.000 0.000 0.000 0.000 0.000
0.000 0.000 0.000 0.000 68.284 94.217 100.164 99.071 99.342 97.424 105.263 97.271 99.037 93.607 82.540 57.421 0.000 0.000 0.000 0.000 53.935 74.821 61.709 50.601 50.499 52.402 63.309 78.220 69.135 54.053 61.969 63.878 37.775 0.000 24.270 84.154 71.065 59.991 53.907 49.843 46.811 47.794 41.787 5.791 0.000 0.000 0.000 0.000 38.032 10.032 0.000 0.000 0.000 0.000 0.000 11.353 48.353 44.353 44.353 44.352 46.352 30.352 0.000 0.000 0.000 17.350 44.350 47.350 0.000 0.000 0.000 0.000 0.000
0.000 0.000 0.000 71.599 68.474 74.392 89.303 100.478 97.543 105.497 105.382 98.204 93.891 82.745 61.639 0.000 0.000 35.542 0.000 6.169 79.049 61.932 50.820 51.712 50.610 53.513 67.422 76.336 77.255 61.178 57.103 68.025 41.954 0.000 0.000 15.111 28.069 10.030 0.000 19.823 50.811 57.801 58.796 44.795 0.000 0.000 0.000 0.000 0.000 0.000 0.000 0.000 0.000 0.000 0.000 12.353 48.352 47.352 50.352 45.352 42.352 51.352 0.000 0.000 0.000 24.350 58.350 63.350 0.000 0.000 0.000 0.000 0.000
0.000 0.000 10.827 72.723 69.624 70.543 80.519 96.685 105.714 105.607 97.482 94.248 81.919 55.844 0.000 0.000 52.590 51.542 33.444 17.289 67.159 51.039 51.926 50.818 51.715 66.620 72.530 36.448 27.372 79.303 65.237 43.167 4.060 0.000 0.000 0.000 0.000 0.000 0.000 16.814 68.809 62.803 59.800 55.799 10.799 0.000 0.000 0.000 0.000 0.000 0.000 0.000 0.000 0.000 0.000 36.352 45.352 20.352 0.000 20.352 45.352 49.352 0.000 0.000 0.000 26.350 62.350 31.350 0.000 0.000 0.000 0.000 0.000
0.000 86.020 73.930 70.841 68.762 69.641 70.884 74.950 105.818 96.723 92.485 82.075 56.032 0.000 0.000 0.000 56.638 54.591 74.503 58.383 51.260 52.141 51.026 53.917 73.815 70.719 51.632 47.553 52.483 80.423 77.376 41.346 0.000 0.000 0.000 0.000 0.000 0.000 0.000 16.810 75.807 75.804 70.802 61.800 6.800 0.000 0.000 0.000 0.000 0.000 0.000 0.000 0.000 0.000 9.352 48.352 50.352 0.000 0.000 5.352 48.352 49.352 0.000 0.000 0.000 0.000 33.350 0.000 0.000 0.000 0.000 0.000 0.000
2.185 84.109 98.033 89.958 74.860 76.018 68.067 106.015 105.918 75.606 80.283 56.182 0.000 0.000 0.000 0.000 58.734 71.682 69.592 51.479 51.358 51.237 62.121 74.010 62.907 51.811 51.725 51.649 52.583 61.532 79.498 75.494 36.548 0.000 0.000 0.000 0.000 0.000 0.000 0.000 61.805 63.803 75.802 76.801 32.801 0.000 0.000 0.000 0.000 0.000 0.000 0.000 0.000 0.000 40.352 50.352 27.352 0.000 0.000 9.352 49.352 47.352 0.000 0.000 0.000 0.000 0.000 0.000 0.000 0.000 0.000 0.000 0.000
20.255 97.204 100.138 100.069 95.043 85.199 106.202 106.109 67.769 62.542 0.000 0.181 0.000 0.000 0.000 0.000 69.882 74.810 50.705 52.583 52.456 64.330 73.209 55.096 51.991 51.894 51.808 51.733 51.670 51.622 60.592 80.583 73.603 47.634 38.646 42.650 11.650 0.000 0.000 0.000 0.804 41.803 81.802 81.801 42.801 0.000 0.000 0.000 0.000 0.000 0.000 0.000 0.000 0.000 29.352 28.352 0.000 0.000 0.000 0.000 29.352 56.352 0.000 0.000 0.000 0.000 0.000 0.000 0.000 0.000 0.000 0.000 0.000
90.376 100.311 100.253 100.140 104.384 95.444 106.293 67.879 70.561 65.238 0.000 0.000 0.000 0.000 0.000 63.256 75.101 51.972 52.835 52.693 60.552 73.417 51.290 52.173 52.066 51.967 51.880 51.805 51.743 51.695 51.662 55.646 56.645 51.652 52.656 59.652 41.651 0.000 0.000 0.000 0.000 0.000 36.802 72.801 35.801 0.000 0.000 0.000 0.000 0.000 0.000 0.000 0.000 0.000 0.000 0.000 0.000 0.000 0.000 0.000 0.000 8.352 0.000 0.000 0.000 0.000 0.000 0.000 0.000 0.000 0.000 0.000 0.000
96.482 96.423 100.337 101.501 98.549 106.468 106.381 72.552 57.005 2.135 5.135 2.135 0.000 0.000 0.000 80.411 57.295 53.140 52.971 54.801 75.642 55.495 52.363 52.242 52.131 52.030 51.940 51.864 51.801 51.752 51.717 50.693 49.679 52.674 34.672 0.000 0.000 0.000 0.000 0.000 0.000 0.000 0.000 65.801 53.801 20.801 0.000 0.000 0.000 0.000 0.000 0.000 0.000 0.000 0.000 0.000 0.000 0.000 0.000 0.000 0.000 0.000 0.000 0.000 0.000 0.000 0.000 0.000 0.000 0.000 0.000 0.000 0.000
75.596 75.532 79.512 75.670 106.639 106.554 84.054 65.265 56.199 0.000 0.135 2.135 0.000 0.000 0.000 55.682 51.527 51.324 50.106 62.900 55.718 49.560 50.423 50.300 50.187 50.081 50.986 51.908 51.846 51.797 50.759 48.729 50.706 50.692 47.686 37.688 40.689 42.689 41.688 43.688 14.688 0.000 0.000 3.801 62.801 34.801 0.000 0.000 0.000 0.000 0.000 0.000 0.000 0.000 0.000 0.000 0.000 0.000 0.000 0.000 0.000 0.000 0.000 0.000 0.000 0.000 0.000 0.000 0.000 0.000 0.000 0.000 0.000
90.711 112.601 77.849 107.908 106.722 66.600 57.198 0.000 71.607 29.955 0.000 0.000 0.000 0.000 99.488 78.109 48.807 56.523 67.230 65.974 61.772 59.603 59.468 59.350 58.237 52.120 48.016 51.937 51.877 51.831 50.793 50.759 54.723 54.703 55.693 65.690 65.689 61.689 54.688 53.688 32.688 0.000 0.000 0.000 21.801 27.801 0.000 0.000 0.000 0.000 0.000 0.000 0.000 0.000 0.000 0.000 0.000 0.000 0.000 0.000 0.000 0.000 0.000 0.000 0.000 0.000 0.000 0.000 0.000 0.000 0.000 0.000 0.000
138.792 117.390 115.437 106.875 106.800 94.687 0.000 38.645 66.645 140.304 115.779 2.047 47.021 36.443 97.866 57.458 55.071 126.730 117.318 112.993 112.793 111.614 110.495 109.394 108.292 79.144 46.022 51.947 51.895 51.856 51.824 43.792 0.000 0.000 0.000 0.000 0.000 0.000 18.688 70.688 49.688 20.688 0.000 0.000 0.000 0.000 0.000 0.000 0.000 0.000 0.000 0.000 0.000 0.000 0.000 0.000 0.000 0.000 0.000 0.000 0.000 0.000 0.000 0.000 0.000 0.000 0.000 0.000 0.000 0.000 0.000 0.000 0.000
96.961 116.548 107.014 106.946 91.206 0.000 0.000 0.000 10.026 61.838 49.577 0.000 28.274 0.000 57.077 53.784 63.288 119.009 0.000 4.888 0.000 55.564 64.503 125.440 38.391 0.000 55.978 51.935 51.900 52.873 34.857 0.000 0.000 0.000 0.000 0.000 0.000 0.000 0.000 23.688 70.688 26.688 0.000 0.000 0.000 0.000 0.000 0.000 0.000 0.000 0.000 0.000 0.000 0.000 0.000 0.000 0.000 0.000 0.000 0.000 0.000 0.000 0.000 0.000 0.000 0.000 0.000 0.000 0.000 0.000 0.000 0.000 0.000
117.717 115.772 107.078 115.697 117.544 37.832 0.000 17.594 44.594 54.446 31.114 8.321 49.527 95.088 93.580 86.314 0.000 38.009 0.000 16.783 38.679 66.574 111.515 74.471 39.443 0.000 0.000 57.916 51.896 52.881 33.872 0.000 0.000 0.000 0.000 0.000 0.000 0.000 0.000 0.000 17.687 56.687 21.687 0.000 0.000 0.000 0.000 0.000 0.000 0.000 0.000 0.000 0.000 0.000 0.000 0.000 0.000 0.000 0.000 0.000 0.000 0.000 0.000 0.000 0.000 0.000 0.000 0.000 0.000 0.000 0.000 0.000 0.000
115.851 107.193 107.138 96.202 38.968 0.000 0.000 0.000 6.311 33.235 0.000 0.000 42.425 86.156 139.842 75.578 0.000 0.000 0.000 0.000 0.000 80.537 115.513 45.487 42.465 0.000 0.000 0.000 56.887 50.882 48.879 46.879 34.880 0.000 0.000 0.000 0.000 0.000 0.000 0.000 12.687 70.687 28.687 0.000 0.000 0.000 0.000 0.000 0.000 0.000 0.000 0.000 0.000 0.000 0.000 0.000 0.000 0.000 0.000 0.000 0.000 0.000 0.000 0.000 0.000 0.000 0.000 0.000 0.000 0.000 0.000 0.000 0.000
