results3/res_3e8f-0103.wd
ncols         241
nrows         181
xllcorner     12693529.787448
yllcorner     3542525.717860
cellsize      155.156523
NODATA_value  -9999.000000
[rows 0 to 32 of 181, columns 146 to 218 of 241]
0.000 0.000 0.000 0.000 0.000 0.000 0.000 0.000 0.000 0.000 0.000 0.000 0.000 0.000 4.122 15.010 15.824 15.591 15.329 15.055 14.783 14.527 14.297 14.101 13.940 13.815 13.723 13.658 13.618 13.595 13.585 18.582 0.000 0.000 0.000 0.000 0.000 0.000 0.000 0.000 0.000 0.000 0.000 0.000 0.000 0.000 0.000 0.000 0.000 4.617 11.617 0.000 0.000 26.784 31.784 0.000 0.000 0.000 0.000 0.000 0.000 0.000 0.000 0.000 0.000 0.000 0.000 0.000 0.000 0.000 0.000 0.000 0.000
0.000 0.000 0.000 0.000 0.000 0.000 0.000 0.000 0.000 0.000 0.000 0.000 0.000 0.000 15.233 16.085 15.872 15.619 15.342 15.053 14.767 14.500 16.264 15.065 13.905 13.783 13.694 13.635 13.599 13.583 13.579 18.578 0.000 0.000 0.000 0.000 0.000 0.000 0.000 0.000 0.000 0.000 0.000 0.000 0.000 0.000 0.000 0.000 1.619 23.618 0.000 0.000 5.787 38.785 32.784 0.000 0.000 0.000 0.000 0.000 0.000 0.000 0.000 0.000 0.000 0.000 0.000 0.000 17.687 0.000 0.000 0.000 0.000
0.000 0.000 0.000 0.000 0.000 0.000 0.000 0.000 0.000 0.000 0.000 0.000 0.000 18.804 17.493 16.225 15.957 15.673 15.367 15.047 14.733 16.443 16.193 13.989 13.832 13.716 13.637 13.588 13.562 13.557 15.570 9.574 0.000 0.000 0.000 0.000 0.000 0.000 0.000 0.000 0.000 0.000 0.000 0.000 0.000 0.000 0.000 0.000 13.621 0.000 0.000 0.790 31.790 0.000 0.000 0.000 0.000 0.000 0.000 0.000 0.000 0.000 0.000 0.000 0.000 0.000 0.000 0.000 20.688 0.000 0.000 0.000 0.000
0.000 0.000 0.000 0.000 0.000 0.000 0.000 0.000 0.000 0.000 0.000 0.000 2.199 18.115 16.709 16.366 16.059 15.748 15.405 15.037 15.673 15.346 14.076 13.868 13.717 13.614 13.550 13.517 13.506 19.512 0.000 0.000 0.000 0.000 0.000 0.000 0.000 0.000 0.000 0.000 0.000 0.000 0.000 0.000 0.000 0.000 0.000 0.000 57.623 0.000 0.000 6.792 33.793 0.000 0.000 0.000 0.000 0.000 0.000 0.000 0.000 0.000 0.000 0.000 17.715 0.000 0.000 10.690 19.689 20.688 0.000 0.000 0.000
0.000 0.000 0.000 0.000 0.000 0.000 0.000 0.000 0.000 0.000 0.000 7.856 1.153 2.136 16.860 16.471 16.166 15.856 15.469 15.021 15.576 15.193 13.898 13.690 13.553 13.473 13.433 13.422 14.433 15.472 0.000 0.000 0.000 0.000 0.000 0.000 0.000 0.000 0.000 0.000 0.000 0.000 0.000 22.631 17.631 0.000 0.000 13.624 41.625 0.000 0.000 0.000 33.798 0.000 0.000 0.000 0.000 0.000 0.000 0.000 0.000 0.000 32.720 36.718 38.716 0.000 0.000 23.691 18.690 18.688 28.688 0.000 0.000
0.000 0.000 0.000 0.000 0.000 0.000 0.000 0.000 0.000 0.000 10.469 3.122 1.558 1.087 1.053 14.493 16.276 16.041 15.593 17.005 16.415 13.951 13.634 13.440 13.334 13.290 13.286 13.306 19.333 0.000 0.000 0.000 0.000 0.000 0.000 0.000 0.000 0.000 0.000 0.000 0.000 0.000 0.000 2.631 23.632 15.633 13.633 0.000 26.627 0.000 0.000 0.000 18.804 31.807 22.808 20.809 29.808 0.000 0.000 0.000 0.000 0.000 32.722 34.719 39.715 18.708 7.701 24.694 27.691 0.000 0.000 0.000 0.000
0.000 0.000 0.000 0.000 0.000 0.000 0.000 0.000 0.000 0.000 6.792 3.556 3.237 2.768 0.264 0.443 9.405 17.439 16.859 16.988 14.131 13.561 13.247 13.101 13.054 13.067 13.116 13.184 8.258 0.000 0.000 0.000 0.000 0.000 19.677 52.678 0.000 0.000 0.000 0.000 0.000 0.000 0.000 0.000 23.632 36.633 71.635 33.634 34.630 5.630 0.000 0.000 15.806 34.810 19.810 15.810 32.808 0.000 0.000 0.000 0.000 0.000 19.728 25.723 21.716 21.708 25.701 28.695 36.691 0.000 0.000 0.000 15.598
0.000 0.000 0.000 0.000 0.000 0.000 0.000 0.000 0.000 29.803 30.352 7.014 2.670 2.960 2.692 0.616 0.277 4.689 17.415 14.956 13.561 12.914 12.693 12.663 12.714 12.808 13.926 11.055 0.000 0.000 0.000 0.000 0.000 0.000 0.000 40.678 47.679 29.680 21.680 0.000 0.000 0.000 0.000 0.000 0.000 0.000 64.638 43.638 0.000 0.000 0.000 0.000 0.000 27.815 42.814 40.812 42.808 34.801 26.793 29.782 28.770 37.756 41.739 38.728 39.719 39.710 34.701 29.693 26.687 0.000 0.000 0.000 0.000
0.000 0.000 0.000 0.000 0.000 0.000 0.000 0.000 23.724 41.255 42.797 32.389 9.060 1.521 2.670 0.638 2.202 6.694 5.408 14.861 12.242 11.840 11.949 12.143 12.332 13.525 13.726 0.000 0.000 0.000 0.000 0.000 0.000 0.000 0.000 0.000 38.680 48.680 53.680 0.000 0.000 0.000 0.000 0.000 0.000 0.000 36.642 28.642 33.642 0.642 0.000 0.000 11.827 39.823 24.819 18.816 25.811 37.804 25.795 24.785 33.773 42.760 29.746 25.733 28.722 34.711 40.700 42.689 40.678 26.662 17.651 0.628 9.608
0.000 0.000 0.000 0.000 0.000 0.000 0.000 19.681 29.192 44.696 42.192 42.687 35.178 11.672 0.775 4.195 13.579 6.053 1.959 2.669 5.704 10.258 11.118 11.630 11.945 17.235 0.000 0.000 0.000 0.000 0.000 0.000 0.000 0.000 0.000 0.000 5.682 51.681 4.681 0.000 0.000 0.000 0.000 0.000 0.000 32.652 42.647 18.644 34.643 54.643 0.000 0.000 17.832 41.829 20.826 14.822 17.816 30.809 19.800 19.789 21.777 23.764 20.751 21.738 15.725 19.712 25.700 26.687 24.674 33.659 35.644 38.626 46.611
0.000 0.000 0.000 0.000 0.000 0.000 24.656 23.170 46.668 43.144 42.589 41.987 42.292 37.384 19.873 11.656 7.248 0.000 0.000 4.027 2.161 2.928 10.635 11.313 16.584 0.000 0.000 0.000 0.000 0.000 0.000 0.000 29.689 0.000 0.000 0.000 12.684 52.683 0.000 0.000 0.000 0.000 0.000 0.000 27.663 71.658 4.650 7.646 29.644 56.643 0.000 0.000 14.840 39.838 19.834 12.829 15.823 17.816 13.806 12.795 19.783 35.770 18.756 14.742 28.728 24.714 21.700 28.686 28.671 31.656 40.640 44.624 31.610
0.000 0.000 0.000 0.000 0.000 28.574 17.142 45.673 44.168 43.624 43.034 42.378 41.621 41.698 38.537 24.310 3.758 0.000 0.000 45.112 4.120 0.000 0.000 13.403 9.494 0.000 0.000 0.000 0.000 0.000 0.000 0.000 25.689 20.689 29.689 41.688 45.686 35.686 0.000 0.000 0.000 26.679 41.677 46.674 70.668 26.665 0.000 0.000 31.644 19.643 0.000 0.000 17.850 44.848 31.844 15.839 63.833 91.825 40.815 16.804 32.791 79.777 31.763 8.748 73.732 46.717 21.702 28.686 30.670 20.654 29.638 42.621 25.606
0.000 0.000 0.000 0.000 0.000 18.006 39.666 46.214 44.705 44.150 43.543 42.872 42.116 41.248 41.277 40.246 29.503 4.332 49.740 46.869 0.033 0.000 0.000 0.000 0.000 0.000 0.000 0.000 0.000 0.000 0.000 24.690 20.690 25.690 39.690 49.689 33.688 20.687 0.000 0.000 0.000 35.681 34.679 30.676 69.673 29.670 0.000 0.000 10.644 2.643 0.000 10.870 38.864 40.860 34.856 22.851 21.844 54.836 95.826 33.814 26.800 83.785 34.770 8.754 80.737 50.720 13.704 15.687 21.670 12.653 26.636 25.619 13.602
0.000 0.000 0.000 0.000 22.361 32.777 48.301 45.812 45.289 44.726 44.117 43.452 42.718 41.919 40.995 40.276 39.148 51.496 51.161 0.358 0.050 4.971 0.000 0.000 0.000 0.000 0.000 0.000 0.000 40.689 43.689 25.690 24.691 39.691 49.692 35.692 18.689 20.689 20.690 18.691 16.690 28.685 31.682 41.679 81.676 15.673 0.000 0.000 47.645 0.000 0.000 7.878 37.875 37.873 24.870 16.865 12.858 22.850 19.839 59.826 90.811 107.795 88.778 77.760 103.742 97.724 88.706 34.688 14.670 31.652 26.634 15.616 10.598
0.000 0.000 0.000 23.426 32.945 50.441 46.949 46.444 45.913 45.349 44.747 44.097 43.407 42.604 42.088 39.763 51.512 51.515 35.649 18.045 5.230 0.000 0.000 0.000 0.000 0.000 0.000 0.000 0.000 0.000 0.000 4.691 42.692 46.693 38.695 23.697 0.000 0.000 0.000 22.695 18.693 28.689 27.685 50.682 47.680 0.000 0.000 0.000 50.646 0.000 0.000 5.888 35.887 47.887 26.885 32.881 55.875 32.866 14.854 38.840 61.824 95.806 61.787 41.768 89.748 79.729 54.709 23.690 9.671 80.652 48.633 20.614 10.595
0.000 0.000 0.000 28.907 48.551 48.095 47.608 47.101 46.571 46.012 46.420 45.804 44.086 43.698 41.166 51.523 51.510 39.159 40.795 38.488 22.478 3.476 0.000 0.000 0.000 0.000 0.000 0.000 0.000 0.000 0.000 0.000 10.693 42.695 20.698 18.704 24.712 0.000 0.000 23.701 21.697 27.693 28.689 50.685 46.682 0.000 0.000 10.648 57.647 0.000 0.000 7.898 38.900 41.902 22.903 22.901 68.895 103.886 52.873 20.857 36.839 83.819 43.798 10.777 76.755 63.734 21.713 13.692 6.672 87.652 51.632 23.613 24.593
0.000 0.000 29.363 46.744 50.258 48.779 48.289 47.782 47.257 47.705 46.140 45.481 45.183 42.658 51.801 51.603 40.593 41.435 40.489 30.909 11.690 0.000 0.000 0.000 0.000 0.000 0.000 0.000 0.000 0.000 0.000 0.000 0.000 0.000 0.000 23.712 20.719 19.723 21.720 23.710 19.703 27.698 29.692 41.686 37.681 0.000 18.652 51.650 2.648 0.000 0.000 7.908 34.912 40.920 26.925 11.925 13.920 38.909 25.895 7.877 25.856 80.833 36.810 2.786 73.762 58.739 16.717 12.695 8.674 86.653 51.632 23.612 14.590
0.000 28.519 41.981 51.450 49.957 49.473 48.985 48.484 48.964 48.435 46.819 46.571 44.050 52.563 52.128 42.124 43.154 41.057 28.314 0.000 0.000 0.000 0.000 0.000 0.000 0.000 0.000 0.000 0.000 0.000 0.000 0.000 0.000 0.000 0.000 0.000 27.731 37.730 48.726 36.718 25.708 29.703 26.696 31.687 24.677 43.664 61.654 49.650 0.000 0.000 0.000 6.915 32.922 37.940 43.952 41.955 29.950 19.938 32.921 64.900 83.876 104.849 84.822 67.795 101.769 94.744 76.720 36.698 9.676 84.654 56.633 28.612 15.590
25.494 37.057 51.593 51.118 50.646 50.173 49.694 50.201 49.703 48.119 47.909 45.401 53.634 53.074 43.579 44.777 45.753 23.968 0.000 0.000 0.000 0.000 0.000 0.000 0.000 0.000 0.000 0.000 0.000 0.000 0.000 0.000 0.000 0.000 0.000 0.000 25.744 29.742 47.737 6.727 0.000 36.710 27.704 30.688 26.675 14.660 33.652 48.647 35.644 0.000 0.000 0.000 0.000 40.965 42.990 35.994 23.986 32.971 83.951 74.926 55.898 56.867 57.835 57.804 57.775 58.748 60.723 31.700 11.678 83.656 59.634 22.614 16.598
28.932 52.621 52.218 51.782 51.335 50.880 50.413 49.946 49.393 49.216 46.726 54.834 54.224 44.926 46.206 45.264 40.838 0.515 0.000 0.000 0.000 0.000 0.000 0.000 0.000 0.000 0.000 0.000 0.000 0.000 0.000 0.000 0.000 0.000 0.000 0.000 26.759 37.756 21.753 0.000 0.000 33.723 30.720 0.000 0.000 18.651 32.647 47.643 44.640 13.639 0.000 0.000 0.000 0.000 10.051 25.045 9.031 70.011 70.987 19.957 25.924 67.886 38.848 10.812 56.780 46.751 26.725 24.702 15.680 83.658 54.635 11.612 12.590
46.680 54.277 52.874 52.459 52.032 52.594 51.157 50.639 50.499 48.031 56.080 55.453 45.183 47.496 46.553 46.998 16.409 0.000 0.000 0.000 0.000 0.000 0.000 0.000 0.000 0.000 0.000 0.000 0.000 0.000 0.000 0.000 0.000 0.000 0.000 0.000 46.777 44.772 48.767 45.764 41.755 41.740 35.734 0.000 0.000 18.646 31.642 49.637 56.637 19.638 0.000 0.000 0.000 0.000 4.118 17.103 37.082 84.057 47.027 6.994 74.954 75.905 24.859 11.818 32.781 88.751 47.726 15.704 15.683 78.661 96.637 83.609 88.561
56.316 53.932 53.544 53.147 52.737 54.331 51.846 51.749 49.317 57.347 56.710 40.379 44.652 48.766 45.289 22.634 0.000 0.000 0.000 0.000 0.000 0.000 0.000 0.000 0.000 0.000 0.000 0.000 0.000 0.000 0.000 0.000 0.000 0.000 0.000 45.815 44.799 45.788 47.778 46.770 44.760 45.750 38.743 0.000 0.000 19.647 31.637 54.628 27.632 0.000 0.000 0.000 0.000 2.246 32.200 11.169 76.138 70.106 14.073 70.036 82.993 31.921 19.867 22.820 17.776 48.746 87.724 44.704 7.686 78.667 81.643 55.626 0.000
46.937 53.590 54.224 53.843 53.463 53.007 52.949 50.552 58.580 57.986 23.518 28.752 31.706 50.411 34.068 0.000 0.000 0.000 0.000 0.000 0.000 0.000 0.000 36.356 25.355 0.000 0.000 0.000 0.000 0.000 0.000 0.000 0.000 0.000 0.000 22.831 16.818 19.803 23.790 18.778 17.767 16.756 18.744 22.727 16.692 9.657 24.633 3.605 0.000 0.000 0.000 0.000 0.000 4.292 27.267 18.235 19.197 19.158 11.121 32.087 33.062 0.000 0.000 0.000 23.755 16.736 38.719 31.704 13.692 46.679 0.000 0.000 0.000
25.595 41.267 53.916 56.562 54.126 54.095 51.702 59.595 59.127 32.414 0.000 42.038 0.000 53.979 22.525 0.000 0.000 0.000 0.000 0.000 0.000 0.000 0.000 43.358 37.354 0.000 0.000 0.000 0.000 0.000 0.000 0.000 0.000 8.982 0.000 23.861 19.839 19.817 19.799 19.785 19.773 19.762 19.753 21.744 0.000 0.000 0.000 25.554 0.000 0.000 0.000 0.000 5.363 36.364 24.343 23.306 15.257 16.209 16.166 14.128 28.107 0.000 0.000 0.000 0.000 19.724 14.712 27.703 26.697 0.000 0.000 0.000 0.000
17.296 24.964 47.631 52.230 55.210 52.772 60.280 59.978 39.213 15.032 0.000 58.638 56.548 43.011 0.000 0.000 0.000 0.000 0.000 0.000 0.000 0.000 46.378 52.362 23.351 0.000 0.000 0.000 0.000 0.000 0.000 0.000 0.000 25.983 23.962 20.913 19.860 16.827 20.805 20.791 20.779 20.768 20.760 23.754 0.000 0.000 0.000 23.503 23.486 0.000 0.000 0.000 0.000 23.458 16.436 15.390 14.318 14.256 14.206 14.155 15.130 24.130 0.000 0.000 0.000 0.000 20.703 23.700 21.697 0.000 0.000 0.000 16.405
21.017 31.674 36.321 34.242 45.823 60.610 60.491 44.118 22.901 16.416 0.000 38.303 50.998 24.505 0.000 0.000 0.000 0.000 34.519 40.507 32.485 30.439 39.394 32.364 22.336 0.000 0.000 0.000 0.000 0.000 0.000 0.000 0.000 24.004 20.990 19.970 0.000 0.000 25.805 19.795 19.784 19.772 19.764 20.759 0.000 0.000 0.000 24.471 23.468 0.000 0.000 0.000 20.574 16.574 16.553 16.499 15.369 15.291 19.248 0.000 0.000 0.000 0.000 0.000 0.000 0.000 20.698 15.697 15.695 16.694 0.000 0.000 18.404
32.701 46.365 22.103 20.995 60.646 60.648 47.034 33.784 30.144 35.000 0.000 5.275 40.637 0.000 0.000 0.000 0.000 30.541 34.530 36.519 34.509 0.000 0.000 0.000 34.293 18.251 0.000 0.000 0.000 0.000 0.000 0.000 0.000 34.040 31.024 6.008 0.000 0.000 38.813 24.802 20.788 19.774 23.765 0.760 0.000 0.000 37.427 18.442 22.448 0.000 0.000 0.000 0.000 21.713 16.702 20.686 0.000 0.000 0.000 0.000 0.000 0.000 0.000 0.000 0.000 0.000 20.695 15.694 15.694 20.693 0.000 0.000 0.000
53.355 41.962 22.047 17.571 60.575 22.001 27.749 30.005 33.708 52.322 61.817 49.885 0.000 0.000 0.000 0.000 28.564 22.553 28.541 43.530 42.523 0.000 0.000 0.000 0.000 35.209 0.000 0.000 0.000 20.234 0.000 0.000 36.132 35.092 41.060 34.029 0.000 52.858 49.834 47.813 45.792 37.771 18.758 5.758 0.000 13.407 66.412 20.422 21.435 0.000 0.000 0.000 0.000 26.862 12.859 17.856 0.000 0.000 0.000 0.000 0.000 0.000 0.000 0.000 0.000 16.691 18.692 20.692 14.692 19.693 0.000 0.000 0.000
61.891 49.007 31.326 60.015 17.945 19.757 18.953 18.622 28.218 55.787 51.242 22.564 0.000 0.000 27.621 0.000 35.575 27.565 38.553 33.537 12.530 0.000 0.000 0.000 0.000 39.167 15.155 0.000 0.000 16.234 24.235 28.216 30.174 32.135 22.094 19.020 26.938 26.883 46.850 29.824 23.796 21.762 1.737 0.000 0.000 8.402 76.394 32.398 0.000 0.000 0.000 0.000 0.000 40.016 13.017 20.022 0.000 0.000 0.000 0.000 0.000 0.000 0.000 0.000 0.000 18.691 33.691 31.691 24.692 0.000 0.000 0.000 0.000
59.901 58.153 59.418 36.790 24.726 20.898 20.562 19.164 25.780 41.361 36.802 0.000 0.000 0.000 30.621 51.613 46.596 47.581 29.567 0.000 0.000 0.000 0.000 0.000 30.126 21.138 13.143 0.000 0.000 0.000 28.255 32.239 32.211 32.183 16.161 0.000 22.911 23.885 47.861 33.838 27.806 13.745 20.668 35.578 55.490 44.406 68.362 33.380 0.000 0.000 0.000 0.000 0.000 38.168 14.172 15.195 20.269 0.000 0.000 0.000 0.000 0.000 0.000 0.000 0.000 0.000 37.691 34.691 0.000 0.000 0.000 0.000 0.000
57.935 59.305 58.573 57.617 39.791 19.466 20.078 20.719 19.373 22.077 0.000 0.000 0.000 0.000 46.629 36.624 34.614 30.597 0.000 0.000 0.000 0.000 0.000 31.110 22.113 18.117 1.130 0.000 0.000 0.000 28.292 36.275 45.248 44.223 46.207 34.213 0.000 0.000 50.873 34.860 8.845 0.000 23.635 33.577 60.487 22.370 6.270 0.000 0.000 0.000 0.000 0.000 0.000 29.316 16.309 17.316 20.343 0.000 0.000 0.000 0.000 0.000 0.000 0.000 0.000 0.000 0.000 0.000 0.000 0.000 0.000 0.000 0.000
59.302 58.295 60.429 60.616 44.312 20.937 23.591 23.255 20.917 21.497 0.000 26.655 0.000 0.000 40.642 40.641 47.638 0.000 0.000 5.311 0.000 0.000 0.000 26.108 20.101 14.093 0.000 0.000 0.000 0.000 26.347 27.319 29.286 28.255 26.231 18.219 0.000 0.000 52.898 38.884 23.869 0.000 22.662 33.608 57.510 13.319 9.076 0.000 0.000 0.000 0.000 0.000 0.000 36.472 15.432 17.419 17.444 18.506 22.528 0.000 0.000 0.000 0.000 0.000 0.000 0.000 0.000 0.000 0.000 0.000 0.000 0.000 0.000
58.954 61.168 60.376 61.096 34.737 25.407 45.091 38.794 20.542 0.000 0.000 23.655 38.656 43.658 29.656 50.659 42.660 0.000 0.000 19.311 50.312 2.301 0.000 27.112 21.089 18.063 0.000 0.000 34.591 30.528 26.430 28.369 33.321 33.279 31.244 42.214 34.186 0.000 52.936 44.911 44.877 36.825 17.743 35.682 43.627 0.000 11.642 0.000 0.000 0.000 0.000 0.000 1.886 40.669 12.529 14.485 15.509 16.545 21.552 0.000 0.000 0.000 0.000 0.000 0.000 0.000 0.000 0.000 0.000 0.000 0.000 0.000 0.000
