results3/res_3e8f-0072.wd
ncols         241
nrows         181
xllcorner     12693529.787448
yllcorner     3542525.717860
cellsize      155.156523
NODATA_value  -9999.000000
[rows 64 to 95 of 181, columns 148 to 221 of 241]
39.870 55.798 54.727 54.657 54.588 54.520 54.456 54.394 56.336 54.304 0.000 0.000 0.000 0.000 0.000 0.000 0.000 27.782 33.783 38.784 29.787 28.793 22.802 18.814 29.819 43.816 46.807 46.793 49.774 47.752 46.727 46.701 46.675 41.652 33.635 28.627 3.634 0.000 0.000 0.000 0.000 0.000 23.443 9.363 5.248 38.099 68.911 49.692 28.446 19.184 20.969 18.798 13.656 2.534 4.421 3.317 7.219 26.125 41.034 40.946 32.864 40.788 40.716 40.650 40.588 40.530 40.476 40.426 40.380 40.337 40.298 40.262 40.228 40.198
47.940 55.869 54.800 54.732 54.664 54.597 54.533 55.469 53.382 41.343 25.343 0.000 0.000 0.000 0.000 0.000 0.000 28.782 37.781 37.780 41.781 43.783 26.788 25.793 40.794 46.791 46.784 46.772 47.757 46.739 46.720 46.700 46.680 44.663 32.650 33.643 27.642 0.000 0.000 0.000 0.000 0.000 9.366 9.293 3.205 48.082 35.882 41.653 11.385 31.062 24.872 17.726 17.602 8.491 3.388 4.291 3.198 15.107 38.018 39.931 33.850 40.775 41.706 40.641 40.581 40.524 40.472 40.423 40.377 40.335 40.296 40.260 40.226 40.196
54.008 54.940 54.873 54.806 54.739 54.671 54.611 57.567 0.000 0.000 0.000 0.000 0.000 0.000 0.000 0.000 0.000 0.000 0.000 3.776 33.772 33.772 33.774 40.775 46.774 46.771 46.764 46.755 46.743 46.729 46.714 46.698 46.683 48.670 33.659 34.652 26.650 0.000 0.000 0.000 0.000 0.000 0.278 7.239 16.199 10.140 0.000 0.000 0.189 20.809 28.729 22.633 17.536 17.441 7.349 4.260 4.174 7.088 27.999 39.909 34.830 23.758 30.691 37.628 41.570 41.515 40.464 40.416 40.371 40.329 40.291 40.255 40.222 40.192
57.074 55.008 54.945 54.882 54.814 54.738 59.675 48.620 18.617 15.616 0.000 0.000 0.000 0.000 0.000 0.000 0.000 0.000 0.000 0.000 3.761 34.760 43.760 46.760 46.758 46.754 46.748 50.741 48.731 46.720 46.708 46.696 45.685 37.674 31.665 37.658 27.655 0.000 0.000 0.000 0.000 0.000 6.223 11.225 7.212 0.000 0.000 0.000 1.576 4.634 18.603 27.542 16.468 15.388 13.307 4.228 4.150 3.073 8.983 32.877 39.802 24.735 26.672 28.612 30.556 34.503 38.453 40.406 41.362 40.321 40.283 40.248 40.216 40.186
56.137 55.074 55.018 54.964 52.899 51.790 6.732 0.000 22.616 28.616 0.000 0.000 0.000 0.000 0.000 0.000 0.000 0.000 0.000 0.000 16.749 36.748 46.747 46.746 46.743 46.740 46.735 48.728 47.721 46.712 46.703 47.694 37.686 35.677 38.668 33.661 25.658 0.000 0.000 0.000 0.000 10.219 13.220 0.000 0.000 0.000 0.000 9.478 11.501 21.526 24.508 35.464 33.405 21.337 10.265 2.193 4.125 4.072 0.000 12.814 29.767 33.709 38.651 35.594 28.539 33.488 36.439 36.393 34.351 36.311 39.274 40.239 40.207 40.177
57.192 58.132 55.090 56.055 51.030 0.000 0.000 21.615 22.615 27.615 35.615 0.000 0.000 0.000 0.000 0.000 0.000 0.000 0.000 0.000 22.740 35.737 47.735 46.733 46.730 46.727 46.723 47.718 46.712 46.705 46.699 43.692 37.687 2.682 0.000 0.000 0.000 0.000 0.000 0.000 0.000 6.218 13.218 0.000 0.000 0.000 26.447 12.454 7.461 35.460 40.441 41.402 45.351 39.290 27.223 7.154 4.086 4.019 1.894 2.799 8.742 9.684 16.628 24.573 31.520 35.470 36.423 37.378 33.337 36.298 37.262 40.228 40.196 42.167
27.230 3.172 60.155 57.138 42.136 19.173 0.000 0.000 0.000 0.000 0.000 0.000 0.000 0.000 0.000 0.000 0.000 0.000 0.000 0.731 25.732 28.726 44.723 46.721 46.719 46.716 50.712 49.708 46.703 46.699 47.694 38.690 41.688 0.000 0.000 0.000 0.000 0.000 0.000 0.000 0.000 0.000 0.063 0.435 0.000 0.000 57.439 20.433 2.427 33.415 41.391 41.355 41.306 44.249 43.184 23.115 6.046 3.976 1.878 4.781 5.718 13.660 18.604 7.550 7.499 12.450 17.404 23.361 28.321 32.283 36.247 40.215 40.184 43.156
0.000 0.000 64.221 56.205 43.204 25.211 0.000 0.000 0.000 0.000 0.000 0.000 0.000 0.000 0.000 0.000 0.000 0.000 0.000 0.000 0.000 30.711 46.711 46.709 46.708 46.705 48.703 47.699 46.696 46.692 47.689 35.687 45.686 0.000 0.000 0.000 0.000 0.000 0.000 0.000 0.000 0.000 0.000 0.000 0.000 0.000 0.000 10.410 3.400 33.381 41.355 41.319 42.272 42.215 42.149 35.078 11.006 6.933 4.856 1.764 22.689 34.633 40.578 24.525 17.475 13.427 11.383 8.341 8.302 8.266 36.231 40.199 42.170 40.142
0.000 61.431 61.303 59.257 50.263 35.256 0.000 0.000 0.000 0.000 0.000 0.000 0.000 0.000 0.000 0.000 0.000 0.000 0.000 0.000 12.692 35.697 47.699 46.699 46.698 47.696 46.694 46.691 46.688 46.686 47.683 40.682 5.684 0.000 0.000 0.000 0.000 0.000 0.000 0.000 0.000 0.000 0.000 0.000 0.000 0.000 0.000 7.397 6.384 24.355 39.329 42.295 36.248 32.189 38.120 29.042 11.967 10.893 19.817 14.738 37.667 41.606 40.550 38.497 38.449 35.403 33.360 30.319 26.282 18.246 38.213 40.182 43.154 40.127
57.621 13.559 0.000 0.000 56.335 30.296 0.000 0.000 0.000 0.000 0.000 0.000 0.000 0.000 0.000 0.000 0.000 0.000 0.000 0.000 28.686 40.688 47.689 46.689 46.689 48.687 48.685 46.683 46.681 46.679 45.677 41.676 0.000 0.000 0.000 0.000 0.000 0.000 0.000 0.000 0.000 0.000 0.000 0.000 0.000 0.000 0.000 0.000 0.000 21.326 39.311 40.284 21.235 24.174 26.099 23.004 7.929 4.856 27.779 36.705 40.636 42.574 42.518 43.467 41.420 41.375 42.334 41.296 42.259 42.225 41.194 41.164 40.136 40.110
60.657 11.626 0.000 0.000 47.447 0.000 0.000 0.000 25.593 0.000 0.000 0.000 0.000 0.000 0.000 0.000 0.000 0.000 0.000 0.000 31.680 43.680 47.681 46.681 46.680 47.679 47.678 46.676 46.674 47.672 43.670 38.668 0.000 0.000 0.000 0.000 0.000 0.000 0.000 0.000 0.000 0.000 0.000 0.000 0.000 0.000 0.000 0.000 0.305 16.312 38.305 40.296 0.000 0.000 0.000 12.946 6.888 1.823 15.740 34.667 40.598 42.537 42.483 42.433 40.388 40.346 41.306 40.270 40.235 41.203 41.172 41.144 40.117 40.092
55.695 53.663 40.643 26.609 19.559 18.582 14.590 17.593 20.594 20.593 0.000 0.000 0.000 0.000 0.000 0.000 0.000 0.000 0.000 0.000 30.672 44.673 46.673 46.673 46.673 46.672 46.671 46.669 46.667 46.665 28.663 23.660 21.654 16.651 0.000 0.000 0.000 0.000 0.000 0.000 0.000 0.000 0.000 0.000 0.000 0.000 0.000 17.303 8.303 12.305 32.303 33.299 6.299 0.000 0.000 0.000 3.841 8.795 7.719 26.624 39.553 40.494 40.443 40.396 40.353 40.314 40.276 40.242 40.209 40.178 40.150 40.122 40.097 40.073
55.728 54.689 51.657 53.626 27.599 6.596 44.596 17.596 21.595 0.000 0.000 0.000 0.000 0.000 0.000 0.000 0.000 38.649 0.000 0.000 29.665 43.666 47.666 46.667 48.666 49.666 47.665 46.663 46.661 44.659 37.657 28.654 29.651 28.649 0.000 0.000 0.000 0.000 0.000 0.000 0.000 0.000 0.000 0.000 0.000 0.000 0.000 20.302 12.303 19.303 34.301 29.300 35.299 0.000 0.000 0.000 0.000 0.000 0.000 16.559 39.495 40.444 40.398 40.356 40.316 40.279 40.245 40.212 40.182 40.153 40.126 40.100 40.075 40.052
56.754 58.708 55.670 55.638 54.616 55.606 46.603 24.601 0.000 0.000 0.000 0.000 0.000 0.000 0.000 0.000 0.000 31.649 18.650 8.652 24.657 46.659 46.660 46.661 46.661 46.660 46.659 46.658 46.656 46.654 44.652 23.649 27.647 34.645 0.000 0.000 0.000 0.000 0.000 0.000 0.000 0.000 0.000 0.000 0.000 0.000 0.000 32.302 0.000 0.000 22.300 29.299 0.000 0.000 0.000 0.000 0.000 0.000 0.000 0.000 28.423 41.390 40.351 40.313 40.276 40.243 40.211 40.181 40.153 40.126 40.101 40.076 40.053 40.031
51.773 53.719 56.676 56.640 58.622 55.612 53.607 40.605 0.000 0.000 0.000 0.000 0.000 0.000 0.000 0.000 0.000 0.000 22.648 14.650 30.652 48.654 46.655 46.655 46.655 46.655 46.654 46.653 46.651 46.649 47.647 36.645 23.642 27.640 33.636 0.000 0.000 0.000 0.000 0.000 0.000 0.000 0.000 0.000 0.000 0.000 0.000 0.000 0.000 0.000 7.299 26.299 0.000 0.000 0.000 0.000 0.000 0.000 0.000 0.000 16.383 37.344 40.304 40.268 40.235 40.204 40.176 40.149 40.124 40.099 40.075 40.052 40.029 40.008
0.000 0.000 0.000 48.626 53.619 59.612 55.608 44.606 0.000 0.000 28.603 0.000 0.000 0.000 0.000 0.000 0.000 0.000 14.646 18.647 39.648 47.650 48.651 49.651 46.651 46.651 46.650 46.649 46.647 46.645 46.643 47.641 26.638 8.635 17.633 0.000 0.000 0.000 0.000 0.000 0.000 0.000 0.000 0.000 0.000 0.000 0.000 0.000 0.000 0.000 0.000 29.299 0.000 0.000 0.000 0.000 0.000 0.000 0.000 0.000 0.000 17.299 37.254 40.220 40.191 40.165 40.140 40.116 40.094 40.071 40.049 40.027 40.005 39.985
0.000 0.000 23.618 21.619 38.615 57.611 54.608 39.606 20.605 24.604 28.603 0.000 0.000 0.000 0.000 0.000 0.000 0.000 15.643 26.644 46.645 46.646 49.647 49.648 46.648 46.647 46.646 46.645 46.643 46.642 46.639 47.637 43.634 38.631 27.628 7.623 1.620 0.000 0.000 0.000 0.000 0.000 0.000 0.000 0.000 0.000 0.000 0.000 0.000 0.000 0.000 0.000 0.000 0.000 0.000 0.000 0.000 0.000 0.000 0.000 0.000 0.000 22.193 38.169 40.145 40.123 40.103 40.083 40.064 40.044 40.023 40.002 39.981 39.961
5.986 0.000 0.000 23.615 23.613 45.610 57.607 35.606 22.604 27.603 5.603 0.000 0.000 0.000 0.000 0.000 14.635 7.636 12.639 29.641 48.642 48.643 49.644 46.645 46.645 46.644 46.643 46.642 46.641 46.639 46.637 46.634 46.631 48.628 37.625 25.621 14.618 15.615 8.613 0.000 4.609 0.000 0.000 0.000 0.000 0.000 0.000 0.000 0.000 0.000 0.000 0.000 0.000 0.000 0.000 0.000 0.000 0.000 0.000 0.000 0.000 0.000 7.155 35.118 39.098 40.081 40.066 40.051 40.035 40.018 39.999 39.978 39.957 39.936
0.000 0.000 0.000 0.000 22.610 27.608 54.606 42.605 23.604 26.603 1.603 0.000 0.000 0.000 0.000 0.000 17.634 10.635 13.637 31.638 50.640 49.641 47.642 47.643 46.643 46.642 46.641 46.640 46.638 47.637 47.634 47.631 41.628 32.625 36.622 43.619 36.616 34.614 22.612 9.610 16.610 0.000 0.000 0.000 0.000 0.000 0.000 0.000 0.000 0.000 0.000 0.000 0.000 0.000 0.000 0.000 0.000 0.000 0.000 0.000 0.000 0.000 0.000 30.052 40.046 42.038 42.029 42.019 41.008 39.993 39.976 39.955 39.932 39.910
0.000 0.000 0.000 0.000 0.000 29.606 42.605 36.604 35.604 32.603 22.603 0.601 0.000 0.000 0.000 0.000 16.633 9.634 14.635 29.636 41.638 38.639 33.641 35.642 40.642 45.641 47.640 47.638 45.637 35.635 33.633 38.630 27.625 24.622 24.619 35.617 39.614 34.612 20.611 9.610 0.000 0.000 0.000 0.000 0.000 0.000 0.000 0.000 0.000 0.000 0.000 0.000 0.000 0.000 0.000 0.000 0.000 0.000 0.000 0.000 0.000 0.000 0.000 11.993 17.996 19.997 19.995 20.990 29.983 38.973 39.957 40.935 40.907 39.882
0.000 0.000 0.000 0.000 0.000 24.604 18.604 17.604 25.603 25.603 25.602 21.602 0.000 0.000 0.000 0.000 21.632 16.632 21.633 31.634 34.636 37.638 0.000 0.000 0.000 0.000 47.638 44.637 33.635 0.000 0.000 0.000 26.622 58.619 51.617 30.615 36.613 30.611 19.610 4.608 7.607 0.000 0.000 0.000 0.000 0.000 0.000 0.000 0.000 0.000 0.000 0.000 0.000 0.000 0.000 0.000 0.000 0.000 0.000 11.837 22.845 21.861 39.887 47.931 48.950 46.958 48.963 35.964 18.963 36.958 39.946 41.920 33.880 39.850
0.000 0.000 0.000 0.000 0.000 24.604 20.604 0.000 0.000 0.000 0.000 0.000 0.000 0.000 0.000 0.000 27.630 21.630 16.631 12.631 0.000 0.000 0.000 0.000 0.000 0.000 0.000 0.000 20.631 0.000 0.000 0.000 0.000 21.615 54.614 14.613 15.611 14.610 10.608 13.607 60.606 19.605 0.000 0.000 0.000 0.000 0.000 0.000 0.000 0.000 0.000 0.000 0.000 0.000 0.000 0.000 0.000 0.000 0.000 58.830 54.837 36.851 37.871 34.895 35.913 57.925 50.934 36.941 16.947 25.951 24.948 0.000 1.845 15.810
14.036 0.000 0.000 0.000 0.000 0.000 22.603 6.603 0.000 0.000 0.000 0.000 0.000 0.000 0.000 0.000 27.628 27.628 28.629 11.629 0.000 0.000 0.000 0.000 0.000 0.000 0.000 0.000 16.628 0.000 0.000 0.000 0.000 20.613 69.612 33.611 36.610 31.608 16.607 34.606 88.605 85.604 16.604 0.000 0.000 0.000 0.000 0.000 0.000 0.000 0.000 0.000 0.000 0.000 0.000 0.000 0.000 0.000 0.000 61.817 28.823 36.835 27.850 8.867 19.882 62.895 28.908 15.921 22.934 0.000 0.000 0.000 0.000 11.752
9.035 0.000 0.000 0.000 0.000 0.000 0.000 0.000 0.000 0.000 0.000 0.000 0.000 0.000 0.000 0.000 30.627 21.627 15.627 13.628 0.000 0.000 0.000 0.000 0.000 0.000 0.000 13.624 6.625 31.625 27.624 0.000 0.000 26.612 32.612 24.610 67.609 56.607 27.607 0.000 44.604 99.604 0.000 0.000 0.000 0.000 0.000 0.000 0.000 0.000 0.000 0.000 0.000 0.000 40.762 78.762 69.763 65.769 12.782 56.797 24.806 13.815 60.827 41.840 61.854 42.867 12.881 20.900 0.000 0.000 0.000 0.652 9.672 30.699
19.034 0.000 0.000 0.000 0.000 0.000 0.000 0.000 0.000 0.000 0.000 0.000 0.000 0.000 0.000 0.000 0.000 25.624 15.624 0.000 0.000 0.000 0.000 0.000 0.000 0.000 0.000 15.624 12.624 0.000 0.000 0.000 0.000 0.610 0.000 0.000 0.000 22.603 0.000 0.000 0.601 66.603 21.602 0.000 0.000 0.000 0.000 0.000 0.000 0.000 0.000 0.000 0.000 0.000 0.000 0.000 40.759 44.761 0.000 56.783 33.787 6.794 24.803 74.814 88.827 22.839 10.848 0.000 0.000 0.000 0.000 9.635 26.649 38.665
26.031 30.030 22.029 0.000 0.000 0.000 0.000 0.000 0.000 0.000 0.000 0.000 0.000 0.000 0.000 0.000 0.000 15.622 11.622 0.000 0.000 0.000 0.000 0.000 0.000 0.000 16.622 13.623 0.000 0.000 0.000 0.000 0.000 0.000 0.000 0.000 0.000 26.599 0.000 0.000 0.599 0.000 0.000 0.000 0.000 0.000 0.000 0.000 0.000 0.000 0.000 0.000 0.000 0.000 0.000 0.000 16.755 35.755 0.000 58.765 38.767 8.771 57.778 60.787 55.800 63.816 27.825 0.000 0.000 0.000 0.597 23.617 37.627 39.637
16.030 25.029 25.028 25.027 24.026 0.000 0.000 0.000 0.000 0.000 0.000 0.000 0.000 0.000 0.000 0.000 0.000 17.620 13.620 0.000 0.000 0.000 0.000 0.000 0.000 0.000 0.000 19.622 0.000 0.000 0.000 0.000 0.000 0.000 0.000 0.000 0.000 13.596 17.595 0.000 0.000 0.000 0.000 0.000 0.000 0.000 0.000 0.000 0.000 0.000 0.000 0.000 0.000 0.000 0.000 0.000 19.750 39.750 0.000 59.747 44.746 58.747 58.750 17.757 10.770 55.799 4.812 0.000 0.000 1.570 9.579 32.594 40.604 39.613
0.000 22.028 11.028 0.000 24.025 14.025 0.000 0.000 0.000 0.000 0.000 0.000 0.000 0.000 0.000 0.000 0.000 16.619 13.619 1.618 0.000 0.000 0.000 0.000 0.000 0.000 0.000 0.000 0.000 0.000 0.000 0.000 0.000 0.000 0.000 0.000 29.594 46.594 7.594 0.000 0.000 0.000 0.000 0.000 0.000 0.000 0.000 0.000 0.000 0.000 0.000 0.000 0.000 0.000 0.000 0.000 54.747 40.744 1.737 59.729 56.722 48.719 40.720 26.722 27.726 0.000 0.000 0.000 0.000 4.562 11.568 35.576 41.584 39.591
0.000 9.028 1.027 0.000 0.000 0.000 0.000 32.938 28.938 19.937 0.000 0.000 0.000 0.000 0.000 0.000 0.000 20.618 16.618 0.000 0.000 0.000 0.000 0.000 0.000 0.000 0.000 0.000 0.000 0.000 0.000 0.000 0.000 0.000 0.000 0.000 0.000 76.593 42.593 0.000 0.000 0.000 0.000 0.000 0.000 0.000 0.000 0.000 0.000 0.000 0.000 0.000 0.000 0.000 0.000 0.000 0.000 0.000 0.000 33.712 74.696 53.690 52.687 50.687 53.685 1.674 0.000 0.000 0.000 3.551 4.555 16.560 32.566 39.571
0.000 0.000 0.000 30.958 17.956 0.000 28.941 22.939 22.938 14.937 0.000 0.000 0.000 0.000 0.000 0.000 0.000 20.617 15.617 3.617 0.000 0.000 0.000 0.000 0.000 0.000 0.000 0.000 0.000 0.000 0.000 0.000 0.000 0.000 0.000 0.000 0.000 20.593 12.593 0.000 0.000 0.000 0.000 0.000 0.000 0.000 0.000 0.000 0.000 0.000 0.000 0.000 0.000 0.000 0.000 0.000 0.000 0.000 0.000 0.000 16.659 17.657 15.654 15.652 12.654 8.663 0.000 0.000 0.000 3.535 1.538 9.543 20.548 31.553
26.978 27.973 26.966 20.960 21.955 22.949 20.944 25.940 24.938 15.936 12.935 0.000 0.000 0.000 0.000 0.000 0.000 7.617 0.000 0.000 0.000 0.000 0.000 0.000 0.000 0.000 0.000 0.000 0.000 0.000 0.000 0.000 0.000 0.000 0.000 0.000 0.000 0.000 19.592 0.000 0.000 0.000 0.000 0.000 0.000 0.000 0.000 0.000 0.000 0.000 0.000 0.000 0.000 0.000 0.000 0.000 0.000 0.000 0.000 0.000 4.625 3.625 3.620 19.616 14.614 0.000 0.000 0.000 0.000 16.518 28.521 33.526 34.530 37.535
19.978 19.973 19.967 2.960 3.955 7.949 17.944 26.940 23.937 15.935 18.935 7.934 0.000 0.000 0.000 0.000 0.000 0.000 0.000 0.000 0.000 0.000 0.000 0.000 0.000 0.000 0.000 0.000 0.000 0.000 0.000 0.000 0.000 0.000 0.000 0.000 0.000 0.000 0.000 0.000 0.000 0.000 0.000 0.000 0.000 0.000 0.000 0.000 0.000 0.000 0.000 0.000 0.000 0.000 0.000 0.000 0.000 0.000 0.000 0.000 3.590 3.600 5.585 24.578 14.574 0.000 0.000 0.000 11.489 32.499 39.504 40.509 39.514 39.518
