results3/res_3e8f-0164.wd
ncols         241
nrows         181
xllcorner     12693529.787448
yllcorner     3542525.717860
cellsize      155.156523
NODATA_value  -9999.000000
[rows 0 to 32 of 181, columns 146 to 218 of 241]
0.000 0.000 0.000 0.000 0.000 0.000 0.000 0.000 0.000 0.000 0.000 0.000 0.000 0.000 5.581 16.438 17.206 16.920 16.605 16.277 15.956 15.655 15.386 15.158 14.971 14.826 14.718 14.644 14.597 14.571 14.559 19.555 0.000 0.000 0.000 0.000 0.000 0.000 0.000 0.000 0.000 0.000 0.000 0.000 0.000 0.000 0.000 0.000 0.000 18.483 25.483 0.000 0.000 44.433 49.433 0.000 0.000 0.000 0.000 0.000 0.000 0.000 0.000 0.000 0.000 0.000 0.000 0.000 0.000 0.000 0.000 0.000 0.000
0.000 0.000 0.000 0.000 0.000 0.000 0.000 0.000 0.000 0.000 0.000 0.000 0.000 1.134 16.725 17.527 17.259 16.950 16.616 16.272 15.935 15.622 17.347 16.115 14.930 14.788 14.686 14.617 14.575 14.556 14.552 19.551 0.000 0.000 0.000 0.000 0.000 0.000 0.000 0.000 0.000 0.000 0.000 0.000 0.000 0.000 0.000 0.000 15.483 37.483 13.483 0.000 23.433 56.433 50.433 0.000 0.000 0.000 0.000 0.000 0.000 0.000 0.000 0.000 0.000 0.000 0.000 0.000 35.419 0.000 0.000 0.000 0.000
0.000 0.000 0.000 0.000 0.000 0.000 0.000 0.000 0.000 0.000 0.000 0.000 0.000 20.359 19.011 17.686 17.354 17.006 16.637 16.259 15.890 17.553 17.263 15.027 14.845 14.711 14.619 14.562 14.533 14.526 16.541 10.546 0.000 0.000 0.000 0.000 0.000 0.000 0.000 0.000 0.000 0.000 0.000 0.000 0.000 0.000 0.000 0.000 27.484 0.000 0.000 18.433 49.433 11.433 0.000 0.000 0.000 0.000 0.000 0.000 0.000 0.000 0.000 0.000 4.423 0.000 0.000 0.000 38.419 10.419 0.000 0.000 0.000
0.000 0.000 0.000 0.000 0.000 0.000 0.000 0.000 0.000 0.000 0.000 0.000 2.960 19.760 18.276 17.851 17.466 17.081 16.669 16.236 16.814 16.437 15.125 14.885 14.711 14.592 14.518 14.479 14.467 20.474 0.000 0.000 0.000 0.000 0.000 0.000 0.000 0.000 0.000 0.000 0.000 0.000 0.000 12.484 0.000 0.000 0.000 11.484 71.484 1.484 0.000 24.433 51.433 0.000 0.000 0.000 0.000 0.000 0.000 0.000 0.000 0.000 10.423 16.423 35.423 0.000 0.000 28.419 37.419 38.419 10.419 0.000 0.000
0.000 0.000 0.000 0.000 0.000 0.000 0.000 0.000 0.000 0.000 0.000 8.139 1.328 2.880 18.480 17.977 17.577 17.184 16.721 16.203 16.692 16.254 14.917 14.678 14.521 14.428 14.382 14.370 15.383 16.428 0.000 0.000 0.000 0.000 0.000 0.000 0.000 0.000 0.000 0.000 0.000 0.000 13.484 36.485 31.485 0.000 0.000 27.484 55.484 0.000 0.000 0.000 51.434 6.434 0.000 0.000 0.000 0.000 0.000 0.000 0.000 0.000 50.423 54.423 56.423 0.000 0.000 41.419 36.419 36.419 46.419 0.000 0.000
0.000 0.000 0.000 0.000 0.000 0.000 0.000 0.000 0.000 0.000 10.845 3.454 1.830 1.268 1.373 16.000 17.680 17.359 16.827 18.162 17.498 14.971 14.610 14.388 14.267 14.216 14.212 14.235 20.266 0.000 0.000 0.000 0.000 0.000 0.000 0.000 0.000 0.000 0.000 0.000 0.000 0.000 0.000 16.485 37.485 29.485 27.485 9.485 40.485 13.485 0.000 0.000 36.435 49.435 40.435 38.435 47.435 0.000 0.000 0.000 0.000 0.000 50.424 52.423 57.423 36.422 25.421 42.420 45.419 0.000 0.000 0.000 10.408
0.000 0.000 0.000 0.000 0.000 0.000 0.000 0.000 0.000 0.000 7.235 3.947 3.584 3.092 0.421 0.610 10.786 18.743 18.067 18.119 15.166 14.523 14.165 13.997 13.943 13.958 14.015 14.094 9.180 0.000 0.000 0.000 0.000 0.000 33.496 66.496 0.496 0.000 6.497 47.497 0.000 0.000 0.000 13.485 37.485 50.485 85.485 47.485 48.485 19.485 0.000 0.000 33.435 52.435 37.435 33.435 50.435 0.000 0.000 0.000 0.000 0.000 37.424 43.424 39.423 39.422 43.421 46.420 54.419 0.000 0.000 0.000 33.408
0.000 0.000 0.000 0.000 0.000 0.000 0.000 0.000 0.000 30.456 30.913 7.499 3.118 3.362 3.023 0.777 0.360 5.762 18.579 16.080 14.527 13.788 13.530 13.493 13.551 13.659 14.795 11.944 0.000 0.000 0.000 0.000 0.000 0.000 8.496 54.496 61.497 43.497 35.497 7.497 0.000 0.000 0.000 0.000 0.000 11.486 78.486 57.485 4.485 0.000 0.000 0.000 0.000 45.436 60.436 58.436 60.435 52.434 44.433 47.432 46.430 55.428 59.426 56.424 57.423 57.422 52.421 47.420 44.419 0.000 0.000 0.000 0.000
0.000 0.000 0.000 0.000 0.000 0.000 0.000 0.000 24.547 41.999 43.463 32.982 9.577 1.998 3.024 0.817 2.726 7.918 6.406 16.096 13.072 12.572 12.676 12.892 13.108 14.331 14.563 0.000 0.000 0.000 0.000 0.000 0.000 0.000 0.000 6.497 52.497 62.497 67.497 6.497 0.000 0.000 0.000 0.000 0.000 7.486 50.486 42.486 47.486 14.486 0.000 0.000 29.438 57.437 42.437 36.436 43.435 55.435 43.433 42.432 51.430 60.429 47.427 43.425 46.424 52.422 58.421 60.419 58.418 44.416 35.414 18.412 27.410
0.000 0.000 0.000 0.000 0.000 0.000 0.000 20.655 30.096 45.529 42.957 43.387 35.817 12.255 1.153 4.688 14.207 6.413 2.212 2.995 6.094 10.753 11.708 12.293 12.657 17.994 0.000 0.000 0.000 0.000 0.000 0.000 6.499 4.499 0.000 0.000 19.497 65.497 18.497 0.000 0.000 0.000 0.000 0.000 0.000 46.487 56.487 32.486 48.486 68.486 8.486 0.000 35.438 59.438 38.438 32.437 35.436 48.435 37.434 37.433 39.431 41.429 38.427 39.426 33.424 37.422 43.421 44.419 42.417 51.415 53.414 56.412 64.410
0.000 0.000 0.000 0.000 0.000 0.000 25.763 24.214 47.651 44.065 43.450 42.792 43.050 38.110 20.612 12.333 8.005 0.000 0.037 4.328 2.161 3.302 11.110 11.915 17.234 0.000 0.000 0.000 0.000 0.000 0.000 1.499 43.499 2.499 0.000 0.000 26.498 66.498 5.497 0.000 0.000 0.000 0.000 0.000 41.490 85.489 18.487 21.487 43.486 70.486 10.486 0.000 32.439 57.439 37.439 30.438 33.437 35.436 31.435 30.433 37.432 53.430 36.428 32.426 46.425 42.423 39.421 46.419 46.417 49.415 58.413 62.412 49.410
0.000 0.000 0.000 0.000 0.000 29.793 18.311 46.789 45.228 44.630 43.987 43.282 42.481 42.522 39.328 25.032 4.349 0.287 0.054 46.112 4.482 0.072 0.093 14.024 10.129 0.000 0.000 0.000 0.000 0.000 0.000 1.499 39.499 34.499 43.499 55.499 59.498 49.498 0.000 0.000 4.495 40.495 55.494 60.493 84.492 40.491 0.000 0.000 45.486 33.486 0.000 0.000 35.441 62.440 49.440 33.439 81.438 109.437 58.436 34.434 50.433 97.431 49.429 26.427 91.425 64.423 39.421 46.419 48.417 38.415 47.413 60.411 43.409
0.000 0.000 0.000 0.000 0.000 19.275 40.900 47.402 45.844 45.239 44.585 43.869 43.071 42.165 42.156 41.072 30.258 4.892 50.717 47.780 0.325 0.135 0.047 0.052 0.000 0.000 0.000 0.000 0.000 0.000 4.498 38.499 34.499 39.499 53.499 63.499 47.499 34.499 0.000 0.000 2.496 49.495 48.495 44.494 83.493 43.492 0.000 0.000 24.486 16.486 0.000 28.444 56.443 58.442 52.442 40.441 39.440 72.439 113.437 51.436 44.434 101.432 52.430 26.428 98.426 68.424 31.421 33.419 39.417 30.415 44.413 43.411 31.409
0.000 0.000 0.000 0.000 23.778 34.133 49.610 47.075 46.506 45.898 45.244 44.537 43.765 42.930 41.975 41.239 40.101 52.454 52.126 0.929 0.449 9.560 0.000 0.000 0.000 0.000 0.000 0.000 0.000 54.498 57.498 39.499 38.499 53.499 63.500 49.500 32.500 34.499 34.498 32.498 30.497 42.496 45.495 55.494 95.493 29.493 0.000 0.000 61.486 11.486 0.000 25.444 55.444 55.444 42.443 34.443 30.442 40.441 37.439 77.437 108.435 125.433 106.431 95.429 121.426 115.424 106.422 52.419 32.417 49.415 44.413 33.411 28.408
0.000 0.000 0.000 24.951 34.423 51.870 48.332 47.783 47.208 46.602 45.957 45.268 44.541 43.705 43.164 40.801 52.488 52.485 36.680 18.995 6.160 0.000 0.000 0.000 0.000 0.000 0.000 0.000 40.497 7.497 0.000 18.499 56.499 60.500 52.500 37.501 3.501 0.000 1.498 36.498 32.498 42.497 41.496 64.495 61.494 0.000 0.000 3.486 64.486 10.486 0.000 23.446 53.446 65.446 44.445 50.445 73.444 50.443 32.441 56.439 79.437 113.435 79.432 59.430 107.427 97.425 72.422 41.420 27.417 98.415 66.412 38.410 28.408
0.000 0.000 0.000 30.480 50.091 49.593 49.064 48.515 47.943 47.344 47.712 47.057 45.303 44.884 42.314 52.544 52.496 40.246 41.869 39.499 23.464 4.462 0.000 0.000 0.000 0.000 0.000 42.497 11.497 0.000 0.000 0.000 24.500 56.500 34.501 32.502 38.503 1.505 0.000 37.500 35.499 41.498 42.496 64.495 60.494 0.000 0.000 24.486 71.486 7.486 0.000 25.447 56.448 59.448 40.448 40.447 86.447 121.445 70.444 38.441 54.439 101.436 61.434 28.431 94.428 81.425 39.422 31.420 24.417 105.415 69.412 41.410 42.408
0.000 0.000 31.073 48.398 51.868 50.347 49.817 49.270 48.705 49.115 47.511 46.816 46.481 43.915 52.963 52.686 41.739 42.588 41.595 31.954 12.706 0.000 0.000 0.000 0.000 0.000 0.000 38.497 12.497 0.000 0.000 0.000 0.000 0.000 0.000 37.504 34.505 33.506 35.505 37.503 33.500 41.499 43.497 55.495 51.493 13.491 32.488 65.487 16.486 0.000 0.000 25.449 52.449 58.450 44.451 29.450 31.450 56.448 43.446 25.444 43.441 98.438 54.435 20.432 91.429 76.426 34.423 30.420 26.417 104.415 69.412 41.410 32.407
0.000 30.334 43.749 53.171 51.635 51.112 50.585 50.046 50.488 49.922 48.269 47.986 45.425 53.886 53.373 43.389 44.394 42.277 29.477 0.000 0.000 0.000 0.000 0.000 0.000 0.000 0.000 0.000 12.497 0.000 0.000 0.000 0.000 0.000 0.000 0.000 41.509 51.508 62.507 50.505 39.502 43.500 40.498 45.496 38.493 57.490 75.488 63.486 9.485 0.000 0.000 24.450 50.451 55.452 61.454 59.454 47.454 37.452 50.450 82.447 101.444 122.440 102.437 85.433 119.430 112.426 94.423 54.420 27.417 102.415 74.412 46.409 33.407
27.395 38.920 53.417 52.901 52.390 51.880 51.365 51.836 51.302 49.683 49.438 46.894 55.097 54.469 44.947 46.103 47.048 25.299 0.000 0.000 0.000 0.000 0.000 0.000 0.000 0.000 0.000 0.000 0.000 0.000 0.000 0.000 0.000 0.000 0.000 0.000 39.513 43.512 61.510 20.507 0.504 50.501 41.499 44.496 40.493 28.489 47.487 62.485 49.484 8.483 0.000 0.000 15.453 58.455 60.459 53.459 41.458 50.457 101.454 92.451 73.447 74.443 75.438 75.434 75.430 76.427 78.424 49.420 29.418 101.415 77.412 40.409 34.407
30.870 54.533 54.097 53.627 53.145 52.655 52.155 51.653 51.067 50.856 48.332 56.421 55.751 46.403 47.628 46.627 42.127 1.603 0.000 0.000 0.000 0.000 0.000 0.000 0.000 0.000 0.000 0.000 0.000 0.000 0.000 0.000 0.000 0.000 0.000 0.000 40.517 51.516 35.515 0.000 4.507 47.504 44.501 11.498 1.493 32.488 46.485 61.483 58.482 27.482 0.000 0.000 0.000 0.000 27.467 42.466 26.464 87.462 88.459 37.455 43.450 85.445 56.440 28.435 74.431 64.427 44.424 42.421 33.418 101.415 72.412 29.409 30.406
48.681 56.246 54.812 54.365 53.906 54.437 52.969 52.419 52.247 49.748 57.783 57.098 46.766 49.025 48.027 48.413 17.761 0.000 0.000 0.000 0.000 0.000 0.000 0.000 0.000 0.000 0.000 0.000 0.000 0.000 0.000 0.000 0.000 0.000 0.000 7.527 60.523 58.520 62.518 59.515 55.511 55.507 49.503 8.500 1.493 32.486 45.482 63.480 70.480 33.481 0.000 0.000 0.000 0.000 21.475 34.474 54.471 101.468 64.464 24.460 92.454 93.447 42.441 29.435 50.431 106.427 65.424 33.421 33.418 96.415 114.412 101.408 106.404
58.370 55.956 55.540 55.114 54.676 56.241 53.728 53.602 51.141 59.161 58.469 42.063 46.278 50.344 46.819 24.107 0.000 0.000 0.000 0.000 0.000 0.000 0.000 0.000 0.000 0.000 0.000 0.000 0.000 0.000 0.000 0.000 0.000 0.000 0.000 59.531 58.528 59.525 61.521 60.518 58.513 59.509 52.506 7.503 0.000 33.482 45.478 68.475 41.478 0.000 0.000 0.000 0.000 19.492 49.486 28.482 93.479 87.475 31.470 87.465 100.460 49.450 37.442 40.435 35.430 66.426 105.423 62.421 25.418 96.415 99.412 73.407 15.402
49.043 55.670 56.278 55.871 55.465 54.983 54.901 52.479 60.503 59.856 25.285 30.470 33.363 52.038 35.666 0.000 0.000 0.000 0.000 0.000 0.000 0.000 0.000 49.069 38.068 0.000 0.000 0.000 0.000 0.000 0.000 0.000 0.000 0.000 0.000 36.537 30.534 33.529 37.525 32.520 31.516 30.512 32.508 36.503 30.497 23.484 38.472 17.465 0.000 0.000 0.000 0.000 0.000 21.498 44.495 35.491 36.487 36.482 28.477 49.473 50.469 0.000 0.000 11.431 41.428 34.426 56.423 49.421 31.419 64.416 12.414 0.000 10.398
27.754 43.403 56.028 58.650 56.191 56.139 53.723 61.617 61.102 34.417 0.000 43.803 0.000 55.653 24.161 0.000 0.000 0.000 0.000 0.000 0.000 0.000 0.000 56.069 50.068 0.000 0.000 0.000 0.000 0.000 0.000 0.000 0.000 22.582 0.000 37.546 33.541 33.534 33.528 33.523 33.518 33.514 33.510 35.507 13.503 0.000 8.460 39.448 9.437 0.000 0.000 0.000 22.512 53.507 41.504 40.500 32.495 33.489 33.484 31.478 45.476 5.476 0.000 0.000 12.426 37.424 32.423 45.421 44.420 0.000 0.000 0.000 10.396
19.510 27.156 49.801 54.378 57.338 54.880 62.386 62.043 41.294 17.101 0.000 60.450 58.352 44.770 0.000 0.000 0.000 0.000 0.000 0.000 0.000 0.000 59.075 65.070 36.067 0.000 0.000 0.000 0.000 0.000 0.000 0.000 0.000 39.582 37.575 34.561 33.551 30.539 34.531 34.525 34.520 34.516 34.512 37.509 10.507 0.000 0.000 37.431 37.426 7.421 0.000 0.000 7.516 40.516 33.514 32.510 31.505 31.497 31.490 31.482 32.478 41.477 0.000 0.000 0.000 5.423 38.422 41.421 39.420 0.000 0.000 0.000 34.395
23.288 33.922 38.548 36.450 48.008 62.786 62.634 46.273 25.037 18.540 0.000 40.169 52.839 26.304 0.000 0.000 0.000 0.000 47.121 53.117 45.110 43.095 52.081 45.071 35.062 0.000 0.000 0.000 0.000 0.000 0.000 0.000 0.000 37.589 34.582 33.572 7.561 0.000 39.531 33.527 33.522 33.517 33.513 34.511 8.509 0.000 0.000 38.417 37.417 8.416 0.000 0.000 37.521 33.526 33.525 33.522 32.516 32.503 36.496 0.000 3.478 6.478 0.000 0.000 0.000 0.000 38.421 33.420 33.420 34.420 0.000 6.394 36.394
35.026 48.667 24.386 23.260 62.847 62.845 49.260 35.988 32.326 37.166 0.000 7.220 42.530 0.000 0.000 0.000 0.000 43.128 47.124 49.121 47.118 0.000 0.000 0.000 47.048 31.033 0.000 0.000 0.000 0.000 0.000 0.000 5.613 47.602 44.593 19.585 0.000 0.000 52.535 38.530 34.524 33.518 37.513 14.512 0.000 13.395 51.398 32.405 36.408 8.409 0.000 0.000 0.000 38.541 33.540 37.538 4.536 0.000 0.000 0.000 0.000 0.000 0.000 0.000 0.000 0.000 38.420 33.420 33.420 38.420 0.000 0.000 10.394
55.729 44.315 24.381 19.881 62.807 24.296 30.023 32.253 35.930 54.516 63.970 51.962 0.000 0.000 0.000 0.000 41.136 35.132 41.128 56.124 55.122 0.000 0.000 0.000 0.000 48.019 0.000 0.000 0.000 33.666 0.000 0.000 49.623 48.615 54.603 47.588 12.573 66.559 63.544 61.534 59.525 51.517 32.510 19.511 0.000 27.393 80.393 34.397 35.400 9.405 0.000 0.000 0.000 43.556 29.555 34.554 5.553 0.000 0.000 0.000 0.000 0.000 0.000 0.000 0.000 34.419 36.420 38.420 32.420 37.420 0.000 0.000 7.393
64.311 51.410 33.713 62.388 20.314 22.103 21.272 20.915 30.483 58.019 53.431 24.696 0.000 0.000 40.146 6.144 48.139 40.135 51.131 46.127 25.124 0.000 0.000 0.000 0.000 52.005 28.001 0.000 0.000 29.666 37.667 41.659 43.642 45.630 35.616 32.592 40.573 40.560 60.548 43.538 37.526 35.513 15.501 0.000 3.399 22.390 90.385 46.389 12.392 0.000 0.000 0.000 1.573 56.573 29.572 36.570 8.569 0.000 0.000 0.000 0.000 0.000 0.000 0.000 13.419 36.419 51.419 49.419 42.419 1.419 0.000 0.000 8.393
62.365 60.608 61.945 39.239 27.145 23.290 22.927 21.504 28.093 43.643 39.037 0.000 0.000 0.000 43.148 64.146 59.143 60.139 42.135 0.000 0.000 0.000 0.000 0.000 42.992 33.996 25.997 0.000 0.000 0.000 41.674 45.668 45.657 45.647 29.640 0.000 36.566 37.558 61.551 47.542 41.530 27.508 34.480 49.444 69.409 58.383 82.368 47.381 11.386 0.000 0.000 0.000 0.000 54.591 30.588 31.585 36.583 0.000 0.000 0.000 0.000 0.000 0.000 0.000 0.000 6.419 55.419 52.419 5.419 0.000 0.000 0.000 4.393
60.441 61.883 61.092 60.107 42.254 21.903 22.490 23.106 21.738 24.425 0.000 0.000 0.000 0.000 59.151 49.150 47.148 43.144 0.000 0.000 0.000 0.000 0.000 43.987 34.988 30.990 13.993 0.000 0.000 0.000 41.688 49.682 58.672 57.662 59.656 47.657 0.000 5.557 64.556 48.550 22.544 0.000 37.467 47.444 74.409 36.364 20.325 0.000 0.000 0.000 0.000 0.000 7.626 45.613 32.605 33.599 36.596 9.599 0.000 0.000 0.000 0.000 0.000 0.000 0.000 0.000 12.419 13.419 0.000 0.000 0.000 0.000 5.393
61.887 60.866 62.980 63.145 46.818 23.420 26.049 25.688 23.327 23.894 0.000 39.159 0.000 5.157 53.156 53.155 60.154 0.000 0.000 18.062 6.062 0.000 0.000 38.987 32.984 26.981 0.000 0.000 0.000 0.000 39.709 40.698 42.686 41.674 39.664 31.658 0.000 0.000 66.567 52.559 37.550 0.523 36.477 47.455 71.418 27.341 23.242 6.172 0.000 0.000 0.000 0.000 7.638 52.630 31.620 33.610 33.604 34.602 38.601 10.601 0.000 0.000 0.000 0.000 0.000 0.000 0.000 0.000 0.000 0.000 0.000 0.000 0.000
61.572 63.773 62.966 63.667 37.288 27.935 47.595 41.272 22.989 0.713 0.000 36.159 51.159 56.159 42.159 63.160 55.160 0.000 0.000 32.062 63.062 15.057 0.000 39.988 33.980 30.970 0.000 0.000 47.799 43.776 39.740 41.717 46.699 46.683 44.669 55.654 47.634 7.612 66.585 58.568 58.553 50.532 31.504 49.483 57.466 0.000 26.128 9.103 0.000 0.000 0.000 0.000 17.660 56.648 28.635 30.617 31.607 32.603 37.601 9.601 0.000 0.000 0.000 0.000 0.000 0.000 0.000 0.000 0.000 0.000 0.000 0.000 0.000
