results3/res_3e8f-0198.wd
ncols         241
nrows         181
xllcorner     12693529.787448
yllcorner     3542525.717860
cellsize      155.156523
NODATA_value  -9999.000000
[rows 0 to 32 of 181, columns 146 to 218 of 241]
0.000 0.000 0.000 0.000 0.000 0.000 0.000 0.000 0.000 0.000 0.000 0.000 0.000 0.000 5.806 16.657 17.417 17.122 16.798 16.462 16.133 15.825 15.550 15.316 15.125 14.977 14.867 14.791 14.743 14.716 14.704 19.700 0.000 0.000 0.000 0.000 0.000 0.000 0.000 0.000 0.000 0.000 0.000 0.000 0.000 0.000 0.000 0.000 0.000 19.973 26.973 0.000 0.000 46.124 51.124 0.000 0.000 0.000 0.000 0.000 0.000 0.000 0.000 0.000 0.000 0.000 0.000 0.000 0.000 0.000 0.000 0.000 0.000
0.000 0.000 0.000 0.000 0.000 0.000 0.000 0.000 0.000 0.000 0.000 0.000 0.000 1.352 16.955 17.747 17.471 17.153 16.809 16.456 16.111 15.791 17.509 16.273 15.083 14.938 14.833 14.763 14.721 14.701 14.697 19.696 0.000 0.000 0.000 0.000 0.000 0.000 0.000 0.000 0.000 0.000 0.000 0.000 0.000 0.000 0.000 0.000 16.973 38.973 14.973 0.000 25.124 58.124 52.124 0.000 0.000 0.000 0.000 0.000 0.000 0.000 0.000 0.000 0.000 0.000 0.000 0.000 37.120 0.000 0.000 0.000 0.000
0.000 0.000 0.000 0.000 0.000 0.000 0.000 0.000 0.000 0.000 0.000 0.000 0.000 20.586 19.240 17.907 17.566 17.208 16.830 16.442 16.065 17.720 17.424 15.182 14.996 14.859 14.765 14.707 14.677 14.670 16.686 10.691 0.000 0.000 0.000 0.000 0.000 0.000 0.000 0.000 0.000 0.000 0.000 0.000 0.000 0.000 0.000 0.000 28.973 0.000 0.000 20.125 51.125 13.124 0.000 0.000 0.000 0.000 0.000 0.000 0.000 0.000 0.000 0.000 6.121 0.000 0.000 0.000 40.120 12.120 0.000 0.000 0.000
0.000 0.000 0.000 0.000 0.000 0.000 0.000 0.000 0.000 0.000 0.000 0.000 3.096 20.003 18.511 18.076 17.679 17.284 16.861 16.417 16.986 16.600 15.283 15.037 14.859 14.737 14.662 14.623 14.610 20.617 0.000 0.000 0.000 0.000 0.000 0.000 0.000 0.000 0.000 0.000 0.000 0.000 0.000 13.973 0.000 0.000 0.000 12.973 72.973 2.973 0.000 26.125 53.125 0.000 0.000 0.000 0.000 0.000 0.000 0.000 0.000 0.000 12.122 18.122 37.121 0.000 0.000 30.120 39.120 40.120 12.120 0.000 0.000
0.000 0.000 0.000 0.000 0.000 0.000 0.000 0.000 0.000 0.000 0.000 8.177 1.353 3.013 18.724 18.206 17.792 17.387 16.911 16.381 16.860 16.413 15.069 14.825 14.665 14.570 14.523 14.511 15.524 16.571 0.000 0.000 0.000 0.000 0.000 0.000 0.000 0.000 0.000 0.000 0.000 0.000 14.973 37.973 32.973 0.000 0.000 28.973 56.973 0.000 0.000 0.000 53.125 8.125 0.000 0.000 0.000 0.000 0.000 0.000 0.000 0.000 52.122 56.122 58.121 0.120 0.000 43.121 38.120 38.120 48.120 0.000 0.000
0.000 0.000 0.000 0.000 0.000 0.000 0.000 0.000 0.000 0.000 10.899 3.500 1.868 1.293 1.427 16.231 17.895 17.561 17.016 18.336 17.660 15.123 14.756 14.529 14.406 14.354 14.350 14.373 20.405 0.000 0.000 0.000 0.000 0.000 0.000 0.000 0.000 0.000 0.000 0.000 0.000 0.000 0.000 17.973 38.973 30.973 28.973 10.973 41.973 14.973 0.000 0.000 38.125 51.125 42.125 40.125 49.125 0.000 0.000 0.000 0.000 0.000 52.122 54.122 59.121 38.121 27.121 44.121 47.121 0.000 0.000 0.000 12.117
0.000 0.000 0.000 0.000 0.000 0.000 0.000 0.000 0.000 0.000 7.298 4.002 3.633 3.136 0.444 0.636 10.999 18.945 18.254 18.289 15.320 14.665 14.301 14.130 14.075 14.090 14.148 14.229 9.317 0.000 0.000 0.000 0.000 0.000 34.983 67.983 1.983 0.000 7.983 48.983 0.000 0.000 0.000 14.973 38.973 51.973 86.973 48.973 49.973 20.973 0.000 0.000 35.125 54.125 39.125 35.125 52.125 0.000 0.000 0.000 0.000 0.000 39.122 45.122 41.122 41.121 45.121 48.121 56.121 0.000 0.000 0.000 35.117
0.000 0.000 0.000 0.000 0.000 0.000 0.000 0.000 0.000 30.550 30.993 7.568 3.181 3.420 3.070 0.800 0.373 5.968 18.767 16.245 14.667 13.915 13.653 13.615 13.674 13.784 14.924 12.076 0.000 0.000 0.000 0.000 0.000 0.000 9.983 55.983 62.983 44.983 36.983 8.983 0.000 0.000 0.000 0.000 0.000 12.974 79.974 58.973 5.973 0.000 0.000 0.000 0.000 47.125 62.125 60.125 62.125 54.125 46.125 49.124 48.124 57.123 61.122 58.122 59.122 59.121 54.121 49.121 46.120 0.000 0.000 0.000 0.000
0.000 0.000 0.000 0.000 0.000 0.000 0.000 0.000 24.666 42.106 43.558 33.066 9.649 2.065 3.076 0.844 2.809 8.143 6.601 16.256 13.187 12.677 12.781 13.002 13.221 14.449 14.687 0.000 0.000 0.000 0.000 0.000 0.000 0.000 0.000 7.983 53.983 63.983 68.983 7.983 0.000 0.000 0.000 0.000 0.000 8.974 51.974 43.974 48.973 15.973 0.000 0.000 31.126 59.126 44.126 38.125 45.125 57.125 45.125 44.124 53.124 62.123 49.123 45.122 48.122 54.121 60.121 62.121 60.120 46.119 37.119 20.118 29.118
0.000 0.000 0.000 0.000 0.000 0.000 0.000 20.796 30.226 45.650 43.067 43.487 35.908 12.336 1.210 4.762 14.300 6.473 2.256 3.046 6.149 10.823 11.793 12.389 12.761 18.105 0.000 0.000 0.000 0.000 0.000 0.000 7.984 5.984 0.000 0.000 20.983 66.983 19.983 0.000 0.000 0.000 0.000 0.000 0.000 47.974 57.974 33.974 49.973 69.973 9.973 0.000 37.126 61.126 40.126 34.126 37.125 50.125 39.125 39.124 41.124 43.123 40.123 41.122 35.122 39.121 45.121 46.120 44.120 53.119 55.119 58.118 66.118
0.000 0.000 0.000 0.000 0.000 0.000 25.924 24.366 47.793 44.198 43.575 42.909 43.159 38.214 20.719 12.434 8.123 0.000 0.050 4.372 2.161 3.356 11.178 12.002 17.328 0.000 0.000 0.000 0.000 0.000 0.000 2.984 44.984 3.984 0.000 0.000 27.983 67.983 6.983 0.000 0.000 0.000 0.000 0.000 42.976 86.975 19.974 22.974 44.973 71.973 11.973 0.000 34.126 59.126 39.126 32.126 35.126 37.125 33.125 32.125 39.124 55.124 38.123 34.123 48.122 44.122 41.121 48.120 48.120 51.119 60.119 64.118 51.118
0.000 0.000 0.000 0.000 0.000 29.971 18.482 46.952 45.383 44.776 44.125 43.413 42.605 42.641 39.443 25.137 4.435 0.358 0.072 46.259 4.536 0.082 0.106 14.114 10.221 0.000 0.000 0.000 0.000 0.000 0.000 2.984 40.984 35.984 44.984 56.984 60.983 50.983 0.000 0.000 5.979 41.979 56.978 61.978 85.977 41.976 0.000 0.000 46.973 34.972 0.000 0.000 37.127 64.127 51.126 35.126 83.126 111.126 60.125 36.125 52.124 99.124 51.123 28.123 93.122 66.122 41.121 48.120 50.120 40.119 49.119 62.118 45.118
0.000 0.000 0.000 0.000 0.000 19.461 41.080 47.575 46.010 45.398 44.736 44.013 43.209 42.299 42.284 41.193 30.368 4.973 50.858 47.914 0.372 0.154 0.054 0.060 0.000 0.000 0.000 0.000 0.000 0.000 5.984 39.984 35.984 40.984 54.984 64.984 48.984 35.983 0.983 0.000 3.980 50.979 49.979 45.978 84.977 44.977 0.000 0.000 25.972 17.972 0.000 30.128 58.127 60.127 54.127 42.127 41.126 74.126 115.126 53.125 46.125 103.124 54.124 28.123 100.122 70.122 33.121 35.121 41.120 32.119 46.119 45.118 33.117
0.000 0.000 0.000 0.000 23.986 34.332 49.802 47.260 46.684 46.069 45.408 44.695 43.917 43.077 42.118 41.379 40.239 52.587 52.261 1.020 0.510 9.620 0.000 0.000 0.000 0.000 0.000 0.000 0.983 55.984 58.984 40.984 39.984 54.984 64.984 50.984 33.984 35.983 35.982 33.981 31.980 43.980 46.979 56.978 96.978 30.977 0.000 0.000 62.972 12.972 0.000 27.128 57.128 57.128 44.127 36.127 32.127 42.127 39.126 79.126 110.125 127.125 108.124 97.123 123.123 117.122 108.121 54.121 34.120 51.119 46.119 35.118 30.117
0.000 0.000 0.000 25.175 34.639 52.080 48.534 47.979 47.398 46.785 46.134 45.439 44.707 43.865 43.320 40.951 52.625 52.620 36.825 19.123 6.282 0.000 0.000 0.000 0.000 0.000 0.000 0.000 41.983 8.983 0.000 19.984 57.984 61.984 53.984 38.985 4.985 0.000 2.982 37.982 33.981 43.980 42.979 65.978 62.978 0.000 0.000 4.971 65.971 11.971 0.000 25.128 55.128 67.128 46.128 52.128 75.128 52.127 34.127 58.126 81.126 115.125 81.124 61.124 109.123 99.122 74.121 43.121 29.120 100.119 68.119 40.118 30.117
0.000 0.000 0.000 30.711 50.317 49.813 49.278 48.722 48.144 47.539 47.901 47.240 45.481 45.057 42.482 52.690 52.635 40.401 42.021 39.639 23.598 4.596 0.000 0.000 0.000 0.000 0.000 43.983 12.983 0.000 0.000 0.000 25.984 57.984 35.985 33.985 39.986 2.986 0.000 38.982 36.981 42.980 43.979 65.978 61.977 0.000 0.000 25.971 72.971 8.971 0.000 27.129 58.129 61.129 42.129 42.129 88.128 123.128 72.128 40.127 56.126 103.125 63.125 30.124 96.123 83.122 41.121 33.121 26.120 107.119 71.119 43.118 44.117
0.000 0.000 31.325 48.641 52.104 50.578 50.041 49.489 48.917 49.321 47.712 47.011 46.671 44.099 53.132 52.843 41.905 42.755 41.753 32.100 12.846 0.000 0.000 0.000 0.000 0.000 0.000 39.983 13.983 0.000 0.000 0.000 0.000 0.000 0.000 38.986 35.987 34.987 36.986 38.984 34.982 42.981 44.979 56.978 52.976 14.974 33.972 66.971 17.970 0.000 0.000 27.129 54.129 60.129 46.130 31.130 33.129 58.129 45.128 27.128 45.127 100.126 56.125 22.124 93.123 78.122 36.122 32.121 28.120 106.119 71.118 43.118 34.117
0.000 30.601 44.009 53.424 51.882 51.353 50.820 50.275 50.712 50.140 48.481 48.193 45.627 54.079 53.555 43.574 44.574 42.455 29.645 0.000 0.000 0.000 0.000 0.000 0.000 0.000 0.000 0.000 13.983 0.000 0.000 0.000 0.000 0.000 0.000 0.000 42.989 52.988 63.987 51.985 40.983 44.981 41.980 46.978 39.975 58.973 76.971 64.970 10.969 0.000 0.000 26.129 52.130 57.130 63.131 61.131 49.130 39.130 52.129 84.129 103.128 124.127 104.126 87.125 121.124 114.123 96.122 56.121 29.120 104.119 76.118 48.118 35.117
27.674 39.194 53.685 53.163 52.647 52.131 51.610 52.076 51.537 49.913 49.662 47.113 55.311 54.673 45.147 46.296 47.237 25.497 0.000 0.000 0.000 0.000 0.000 0.000 0.000 0.000 0.000 0.000 0.000 0.000 0.000 0.000 0.000 0.000 0.000 0.000 40.991 44.990 62.989 21.986 1.984 51.982 42.980 45.977 41.975 29.972 48.970 63.968 50.967 9.966 0.000 0.000 17.130 60.131 62.132 55.132 43.132 52.131 103.131 94.130 75.128 76.127 77.126 77.125 77.124 78.123 80.122 51.121 31.120 103.119 79.118 42.118 36.117
31.155 54.814 54.374 53.898 53.411 52.916 52.411 51.904 51.313 51.097 48.568 56.654 55.975 46.619 47.836 46.824 42.311 1.770 0.000 0.000 0.000 0.000 0.000 0.000 0.000 0.000 0.000 0.000 0.000 0.000 0.000 0.000 0.000 0.000 0.000 0.000 41.994 52.993 36.992 0.000 5.985 48.983 45.981 12.978 2.974 33.971 47.968 62.966 59.966 28.965 0.000 0.000 0.000 0.000 29.134 44.134 28.134 89.133 90.132 39.131 45.129 87.128 58.126 30.125 76.124 66.123 46.122 44.121 35.120 103.119 74.118 31.118 32.117
48.976 56.536 55.097 54.645 54.182 54.708 53.235 52.681 52.505 50.000 58.033 57.340 46.998 49.249 48.242 48.619 17.956 0.000 0.000 0.000 0.000 0.000 0.000 0.000 0.000 0.000 0.000 0.000 0.000 0.000 0.000 0.000 0.000 0.000 0.000 9.002 61.999 59.997 63.994 60.992 56.988 56.985 50.982 9.979 2.974 33.968 46.965 64.963 71.963 34.964 0.000 0.000 0.000 0.000 23.137 36.136 56.136 103.135 66.133 26.132 94.131 95.129 44.127 31.125 52.124 108.123 67.122 35.121 35.120 98.119 116.118 103.117 108.116
58.673 56.255 55.834 55.403 54.961 56.522 54.005 53.875 51.409 59.428 58.728 42.310 46.517 50.575 47.043 24.321 0.000 0.000 0.000 0.000 0.000 0.000 0.000 0.000 0.000 0.000 0.000 0.000 0.000 0.000 0.000 0.000 0.000 0.000 0.000 61.005 60.003 61.000 62.997 61.993 59.990 60.987 53.983 8.981 0.000 34.964 46.960 69.958 42.961 0.000 0.000 0.000 0.000 21.142 51.140 30.139 95.138 89.137 33.135 89.134 102.132 51.129 39.127 42.125 37.124 68.123 107.122 64.121 27.120 98.119 101.118 75.117 17.116
49.353 55.976 56.581 56.170 55.760 55.275 55.189 52.762 60.786 60.131 25.545 30.723 33.606 52.276 35.900 0.000 0.000 0.000 0.000 0.000 0.000 0.000 0.000 50.484 39.484 0.000 0.000 0.000 0.000 0.000 0.000 0.000 0.000 0.000 0.000 38.010 32.007 35.003 38.999 33.995 32.991 31.988 33.985 37.981 31.975 24.964 39.954 18.948 0.000 0.000 0.000 0.000 0.000 23.143 46.142 37.141 38.140 38.139 30.137 51.136 52.135 0.000 0.000 13.124 43.123 36.122 58.122 51.121 33.120 66.120 14.119 0.000 12.115
28.072 43.717 56.339 58.958 56.495 56.440 54.021 61.915 61.393 34.712 0.000 44.062 0.000 55.898 24.400 0.000 0.000 0.000 0.000 0.000 0.000 0.000 0.000 57.485 51.484 0.000 0.000 0.000 0.000 0.000 0.000 0.000 0.000 24.046 0.000 39.017 35.013 35.007 35.001 34.997 34.993 34.989 34.986 36.983 14.980 0.000 9.942 40.931 10.921 0.000 0.000 0.000 24.147 55.146 43.145 42.144 34.142 35.141 35.139 33.138 47.137 7.137 0.000 0.000 14.123 39.122 34.121 47.121 46.121 0.000 0.000 0.000 12.114
19.837 27.479 50.121 54.695 57.652 55.191 62.697 62.348 41.600 17.406 0.000 60.716 58.617 45.029 0.000 0.000 0.000 0.000 0.000 0.000 0.000 0.000 60.491 66.486 37.483 0.000 0.000 0.000 0.000 0.000 0.000 0.000 0.000 41.046 39.041 36.029 35.020 32.010 36.003 35.998 35.994 35.990 35.987 38.985 11.983 0.000 0.000 38.914 38.910 8.905 0.000 0.000 9.149 42.148 35.148 34.147 33.145 33.143 33.141 33.139 34.138 43.137 0.000 0.000 0.000 7.122 40.121 43.121 41.121 0.000 0.000 0.000 36.113
23.623 34.254 38.876 36.775 48.330 63.107 62.951 46.590 25.352 18.853 0.000 40.443 53.110 26.569 0.000 0.000 0.000 0.000 48.532 54.529 46.522 44.509 53.495 46.486 36.478 0.000 0.000 0.000 0.000 0.000 0.000 0.000 0.000 39.052 36.047 35.038 9.029 0.000 41.002 34.999 34.994 34.990 34.987 35.985 9.984 0.000 0.000 39.901 38.901 9.900 0.000 0.000 39.150 35.151 35.151 35.150 34.148 34.145 38.143 0.000 5.137 8.137 0.000 0.000 0.000 0.000 40.121 35.121 35.121 36.121 0.000 8.113 38.113
35.368 49.006 24.722 23.594 63.173 63.170 49.588 36.312 32.647 37.486 0.000 7.507 42.808 0.000 0.000 0.000 0.000 44.539 48.535 50.532 48.529 0.000 0.000 0.000 48.464 32.451 0.000 0.000 0.000 0.000 0.000 0.000 7.072 49.063 46.055 21.048 0.000 0.000 54.004 40.000 35.995 34.990 38.986 15.985 0.000 14.879 52.882 33.889 37.892 9.894 0.000 0.000 0.000 40.156 35.155 39.155 6.154 0.000 0.000 0.000 0.000 0.000 0.000 0.000 0.000 0.000 40.121 35.121 35.121 40.121 0.000 0.000 12.113
56.078 44.662 24.724 20.222 63.137 24.633 30.358 32.584 36.257 54.839 64.288 52.269 0.000 0.000 0.000 0.000 42.545 36.542 42.539 57.535 56.533 0.000 0.000 0.000 0.000 49.438 0.000 0.000 0.000 35.119 0.000 0.000 51.081 50.074 56.064 49.050 14.037 68.024 65.011 63.003 60.995 52.988 33.983 20.984 0.000 28.877 81.877 35.881 36.884 10.889 0.000 0.000 0.000 45.161 31.160 36.159 7.158 0.000 0.000 0.000 0.000 0.000 0.000 0.000 0.000 36.121 38.121 40.121 34.121 39.121 0.000 0.000 9.113
64.668 51.763 34.064 62.737 20.661 22.447 21.613 21.252 30.817 58.349 53.754 25.011 0.000 0.000 41.554 7.552 49.549 41.545 52.542 47.537 26.535 0.000 0.000 0.000 0.000 53.424 29.420 0.000 0.000 31.119 39.119 43.112 45.098 47.087 37.075 34.054 42.036 42.024 62.013 45.004 38.995 36.984 16.974 0.000 4.882 23.874 91.869 47.873 13.876 0.000 0.000 0.000 3.166 58.166 31.165 38.163 10.162 0.000 0.000 0.000 0.000 0.000 0.000 0.000 15.121 38.121 53.121 51.121 44.121 3.121 0.000 0.000 10.113
62.727 60.969 62.315 39.598 27.499 23.640 23.274 21.848 28.434 43.981 39.368 0.000 0.000 0.000 44.556 65.555 60.552 61.549 43.545 0.000 0.000 0.000 0.000 0.000 44.412 35.415 27.416 0.000 0.000 0.000 43.125 47.120 47.110 47.102 31.095 0.000 38.029 39.022 63.015 49.007 42.996 28.978 35.956 50.923 70.890 59.866 83.853 48.866 12.871 0.000 0.000 0.000 0.000 56.173 32.170 33.167 38.165 0.000 0.000 0.000 0.000 0.000 0.000 0.000 0.000 8.121 57.121 54.121 7.121 0.000 0.000 0.000 6.113
60.809 62.258 61.459 60.470 42.613 22.259 22.842 23.456 22.086 24.776 0.000 0.000 0.000 0.000 60.559 50.558 48.556 44.552 0.000 0.000 0.000 0.000 0.000 45.407 36.408 32.409 15.413 0.000 0.000 0.000 43.137 51.131 60.123 59.114 61.108 49.109 0.000 7.020 66.018 50.011 24.004 0.000 38.947 48.924 75.890 37.849 21.812 0.000 0.000 0.000 0.000 0.000 9.189 47.182 34.176 35.171 38.165 11.162 0.000 0.000 0.000 0.000 0.000 0.000 0.000 0.000 14.120 15.120 0.000 0.000 0.000 0.000 7.113
62.265 61.241 63.352 63.513 47.183 23.780 26.406 26.042 23.680 24.259 0.000 40.566 0.000 6.564 54.563 54.562 61.562 0.000 0.000 19.477 7.477 0.000 0.000 40.406 34.404 28.401 0.000 0.000 0.000 0.000 41.156 42.146 44.135 43.124 41.115 33.110 0.000 0.000 68.025 54.016 39.004 1.986 37.960 48.935 72.898 28.826 24.733 7.667 0.000 0.000 0.000 0.000 9.197 54.190 33.182 35.173 35.164 36.158 40.152 12.150 0.000 0.000 0.000 0.000 0.000 0.000 0.000 0.000 0.000 0.000 0.000 0.000 0.000
61.954 64.152 63.342 64.040 37.657 28.301 47.956 41.627 23.334 1.021 0.000 37.566 52.566 57.566 43.566 64.567 56.567 0.000 0.000 33.478 64.476 16.471 0.000 41.407 35.399 32.391 0.000 0.000 49.236 45.215 41.183 43.163 48.146 48.132 46.118 57.105 49.086 9.066 68.041 60.025 60.010 51.994 32.975 50.956 58.941 0.000 27.625 10.602 0.000 0.000 0.000 0.000 19.210 58.200 30.190 32.175 33.161 34.153 39.149 11.148 0.000 0.000 0.000 0.000 0.000 0.000 0.000 0.000 0.000 0.000 0.000 0.000 0.000
