results3/res_3e8f-0089.wd
ncols         241
nrows         181
xllcorner     12693529.787448
yllcorner     3542525.717860
cellsize      155.156523
NODATA_value  -9999.000000
[rows 132 to 164 of 181, columns 0 to 72 of 241]
93.309 98.309 102.308 102.308 104.307 104.305 98.304 89.301 75.299 64.296 63.293 64.290 63.286 62.281 67.276 81.270 92.263 97.255 97.246 94.235 86.222 77.207 68.188 62.164 67.133 69.097 68.055 69.008 66.968 61.932 75.896 98.863 65.835 0.000 0.000 0.000 5.456 57.448 69.441 66.415 68.392 74.375 92.368 78.365 62.366 61.368 61.373 73.379 94.385 35.391 8.397 3.412 0.000 0.000 0.000 0.000 0.000 0.000 0.000 0.000 0.000 0.000 0.000 0.000 25.222 5.142 9.062 49.960 72.812 76.709 76.599 86.683 114.146
71.314 73.314 76.313 82.312 92.311 98.310 103.308 103.306 96.304 82.301 71.298 65.294 69.290 76.285 89.280 104.274 103.267 100.259 100.249 103.238 103.225 99.210 87.192 75.169 67.143 62.113 63.079 62.044 63.011 70.982 92.955 100.933 12.919 0.000 0.000 0.000 15.464 43.473 61.505 70.499 71.479 68.457 69.452 79.449 74.445 67.441 71.437 79.433 92.430 33.427 19.418 25.428 5.437 0.000 0.000 0.000 0.000 0.000 0.000 0.000 0.000 0.000 0.000 0.000 7.301 0.000 57.087 79.006 74.883 83.852 74.912 114.272 103.029
63.319 63.319 63.318 65.318 70.316 74.315 81.313 90.311 98.309 101.306 95.303 93.299 95.295 98.290 97.284 90.278 81.271 79.263 79.254 84.243 90.231 97.216 100.199 99.179 88.157 78.131 73.104 71.077 80.051 96.028 97.009 82.995 15.989 0.000 0.000 0.000 0.000 0.000 44.609 71.595 50.570 38.520 53.534 68.532 83.525 87.514 89.501 90.487 86.476 13.468 0.444 28.444 25.447 13.450 19.451 13.451 0.000 0.000 0.000 0.000 0.000 0.000 41.529 11.476 77.381 99.313 132.163 88.133 83.182 64.136 100.198 104.708 104.612
64.325 64.324 64.324 64.323 63.322 62.321 64.319 69.317 75.314 85.311 95.308 97.304 90.300 80.295 74.290 66.284 62.277 62.269 62.260 64.250 69.238 75.225 82.210 94.192 99.173 101.152 100.130 96.109 99.089 92.071 74.058 66.050 45.053 3.078 0.000 0.000 0.000 0.000 37.727 70.704 13.685 0.000 46.633 71.622 90.607 98.588 84.565 87.539 73.518 31.504 0.000 55.458 24.456 16.452 27.451 27.451 0.000 0.000 0.000 0.000 0.000 28.638 47.582 120.520 149.439 132.318 115.869 114.811 106.479 105.117 104.989 104.854 70.076
64.330 64.330 64.330 64.329 64.328 64.326 64.325 63.323 63.320 66.317 72.314 71.310 67.306 63.301 63.296 63.290 64.284 64.276 64.268 64.259 63.248 62.236 64.222 70.207 77.191 86.174 94.156 90.139 79.124 67.110 63.100 68.095 76.095 52.102 30.105 30.088 16.050 16.983 52.869 73.806 23.782 5.790 65.742 97.717 99.694 78.667 81.632 80.587 68.552 57.527 8.501 36.475 10.465 0.000 11.451 0.000 1.165 0.000 0.000 0.000 0.000 9.696 72.640 78.556 74.540 75.697 73.668 105.458 105.351 105.238 72.432 75.208 77.077
64.336 64.336 64.336 64.335 64.334 64.333 64.331 64.329 64.327 64.324 63.320 63.317 63.312 64.307 64.302 64.297 64.291 64.284 64.277 64.268 64.259 64.248 64.236 63.223 62.210 63.196 67.182 65.168 64.156 68.146 71.138 70.133 68.131 70.131 70.126 67.109 67.079 71.030 45.961 31.871 20.846 38.846 83.829 97.809 77.784 70.754 69.710 49.625 45.576 8.552 0.000 0.000 0.000 1.447 0.000 0.000 5.165 20.139 35.090 5.021 18.935 81.782 88.765 86.834 84.817 85.895 105.659 105.560 86.685 93.474 86.326 92.097 83.936
64.343 64.343 64.342 64.341 64.340 64.339 64.338 64.336 64.334 64.331 64.328 64.324 64.319 64.314 64.309 64.304 64.299 64.293 64.287 63.279 70.271 72.261 64.251 63.240 62.229 63.218 65.207 68.196 71.187 70.179 65.173 66.169 73.166 76.163 72.157 66.145 63.125 72.099 3.072 0.000 5.883 78.921 87.920 74.904 66.881 86.854 32.831 0.000 0.000 0.000 0.403 0.408 0.427 1.447 0.000 0.000 30.192 72.161 101.112 62.044 94.925 103.078 100.037 99.125 105.934 105.846 105.754 98.774 100.649 100.346 99.205 98.135 16.050
64.349 64.349 64.349 64.348 64.347 64.346 64.345 64.343 64.341 64.338 67.335 67.331 65.327 69.321 67.316 64.312 64.308 64.303 63.298 61.291 72.284 80.276 66.267 63.258 65.249 68.240 70.231 69.223 66.216 68.210 73.206 75.203 76.201 76.199 71.195 65.188 74.178 93.167 12.157 0.000 0.000 53.033 76.026 73.008 76.981 96.949 30.928 0.000 0.396 0.397 0.398 0.394 0.424 2.450 0.000 28.305 80.253 96.198 99.126 104.122 101.284 98.272 106.174 106.098 106.018 98.090 98.874 99.746 99.425 99.396 92.326 69.231 0.000
64.356 64.356 64.356 64.355 64.354 64.353 64.352 64.351 64.349 65.347 72.344 72.340 49.335 17.326 38.322 68.321 62.318 65.314 71.309 74.304 74.297 70.291 66.283 67.276 70.268 69.261 68.254 70.249 74.244 74.240 76.238 75.237 66.237 61.237 63.236 76.235 95.233 105.232 27.234 0.000 0.000 28.154 84.142 86.121 93.086 92.034 28.005 0.000 0.395 0.000 0.000 0.304 0.000 6.454 32.424 76.366 98.282 101.295 100.382 100.382 99.473 106.319 106.248 98.301 99.100 99.960 99.746 99.600 99.556 91.488 83.445 0.000 0.000
64.363 64.363 64.363 64.362 64.362 64.361 64.360 64.359 64.357 66.355 75.353 86.350 62.348 0.000 5.326 53.330 79.329 71.326 69.322 69.317 67.312 66.306 68.300 70.294 68.288 64.282 66.277 78.273 80.270 70.269 64.269 61.270 61.272 66.275 80.278 96.282 93.287 77.295 49.311 17.347 11.343 55.287 84.266 66.248 57.208 49.098 14.051 0.000 0.000 0.894 0.067 0.095 0.000 25.490 76.458 98.369 100.561 99.552 99.659 106.521 106.456 106.389 98.366 100.248 99.960 99.833 99.777 99.703 93.626 80.562 70.524 0.000 0.000
64.371 64.370 64.370 64.370 64.369 64.369 64.368 64.367 64.366 66.365 76.363 63.361 19.357 1.366 0.000 21.345 75.343 67.339 69.335 68.331 66.326 69.321 70.316 67.311 64.307 60.302 70.299 84.297 71.296 61.296 62.299 67.302 77.306 88.312 99.319 92.327 70.338 65.351 84.368 91.388 92.394 96.384 71.388 32.396 4.400 0.000 0.000 0.000 0.000 13.892 0.894 0.000 30.605 76.535 98.550 100.735 99.751 106.699 106.642 106.583 98.638 99.436 100.323 100.021 100.005 99.944 99.868 100.775 88.694 59.607 48.565 6.565 0.565
63.378 63.378 64.377 64.377 64.377 64.377 64.376 64.376 64.375 67.374 77.374 48.373 0.000 7.375 45.372 47.362 64.357 66.353 54.349 36.345 74.341 69.337 65.333 64.329 62.325 64.322 80.320 83.319 65.320 68.322 80.327 89.333 98.340 96.349 84.359 70.371 63.385 79.403 83.423 71.444 52.460 50.467 38.508 18.546 7.597 1.772 0.047 20.093 15.093 0.000 0.000 24.692 76.707 99.804 100.820 98.929 106.807 106.754 98.806 99.616 100.492 100.298 100.175 100.150 100.097 100.045 102.973 66.838 46.766 0.000 0.000 0.000 0.000
72.386 70.385 67.385 65.384 62.385 62.385 62.385 62.385 61.384 66.384 78.384 61.384 42.387 50.383 68.380 64.374 61.370 67.366 62.363 49.359 69.356 63.353 62.349 62.346 64.343 78.341 86.339 52.339 44.342 94.347 99.354 94.362 83.372 73.383 65.396 61.412 72.430 84.452 52.477 27.505 10.535 1.582 18.628 17.686 7.770 8.908 12.032 40.093 24.093 0.000 0.000 56.944 98.969 98.087 106.957 106.909 106.859 98.846 100.737 100.461 100.353 100.321 102.277 97.225 99.194 100.166 111.144 0.000 0.000 0.000 0.000 0.000 0.000
73.394 75.393 81.391 82.391 82.392 79.393 80.394 79.394 78.394 78.394 80.394 63.394 67.394 66.392 63.389 66.386 66.382 65.379 70.377 72.374 66.371 60.369 62.366 64.363 78.361 83.358 72.357 66.358 75.362 98.369 81.379 72.391 64.403 62.416 64.432 63.450 77.472 86.498 50.528 26.564 14.609 16.671 19.725 11.798 12.889 18.997 21.095 14.154 0.000 0.000 35.183 77.190 107.090 107.048 107.004 99.085 99.889 100.785 100.493 100.488 101.445 101.398 74.353 52.289 87.288 101.282 106.291 46.350 0.000 0.000 0.000 0.000 0.000
66.404 60.402 13.397 15.396 24.401 71.402 68.403 68.403 68.403 72.403 81.403 62.403 63.402 62.401 65.399 69.397 70.395 68.392 67.390 70.388 71.386 68.384 62.382 79.380 85.378 76.375 82.373 99.373 96.378 78.388 66.404 62.418 64.432 64.447 63.465 68.485 84.510 86.539 78.573 81.614 52.665 14.729 6.803 5.892 17.991 25.097 15.197 12.276 4.302 30.410 78.375 107.168 107.130 99.231 100.039 100.923 100.735 100.620 100.603 101.556 99.514 93.472 18.450 0.000 69.386 104.382 101.389 100.409 0.000 0.000 0.000 0.000 0.000
64.415 56.415 0.000 0.000 6.412 67.412 63.413 63.413 63.413 67.413 81.413 59.412 63.412 67.411 69.410 70.408 67.407 64.405 62.404 64.403 74.401 87.400 82.399 83.398 60.395 54.391 106.386 92.384 59.388 19.402 39.430 67.446 64.461 64.476 66.494 59.515 43.544 33.576 45.611 85.654 61.707 14.777 9.866 4.975 14.085 19.202 13.322 18.423 18.512 56.568 107.224 98.424 102.161 101.064 100.877 100.766 100.741 100.704 101.662 101.624 66.584 42.527 28.526 31.532 82.488 103.472 99.473 90.489 8.524 0.000 0.000 0.000 0.000
64.426 64.428 47.434 0.000 7.422 68.423 64.423 64.423 63.423 64.423 79.422 66.422 69.422 71.421 70.421 65.420 62.419 63.418 63.418 62.417 72.417 95.416 91.416 78.416 71.414 62.410 38.395 27.389 14.389 0.000 20.468 69.477 64.489 66.503 49.519 23.539 8.576 5.608 47.643 64.683 33.732 5.807 8.910 14.057 21.174 17.304 11.463 4.628 7.969 55.824 107.296 101.313 101.072 100.893 100.877 100.841 100.800 100.761 98.726 89.694 22.670 0.000 39.594 98.583 103.561 101.547 95.543 85.548 3.559 0.000 0.000 0.000 0.000
61.436 63.437 60.439 0.000 3.433 68.433 63.433 61.433 63.433 67.432 71.432 70.432 70.432 68.432 62.432 63.431 63.431 64.431 64.431 69.431 87.432 86.432 79.433 88.435 86.437 57.439 0.000 0.000 0.000 0.000 18.497 69.503 64.514 67.527 38.541 0.577 34.612 60.637 80.669 49.704 1.733 0.000 0.000 3.169 13.250 13.380 13.569 7.947 5.109 107.496 107.398 100.221 101.065 100.965 100.931 100.892 100.854 102.818 87.785 70.755 30.733 6.722 54.672 84.646 93.625 102.611 91.604 80.603 2.605 0.000 0.000 0.000 0.000
68.445 66.446 55.447 0.000 54.444 62.443 64.443 68.443 69.443 70.442 68.442 69.442 67.442 63.443 63.443 64.443 64.443 63.444 65.444 88.445 87.446 69.448 82.450 80.454 84.459 82.469 45.491 1.508 10.519 40.523 45.520 65.526 64.536 64.552 59.572 51.605 68.630 67.659 61.693 83.730 31.763 0.000 0.000 7.200 12.275 10.394 11.546 35.767 60.212 107.587 102.555 102.297 102.037 101.022 100.982 100.945 101.908 99.872 54.840 31.810 43.784 44.760 98.728 100.703 80.682 90.668 85.658 58.654 23.652 0.000 0.000 0.000 0.000
69.453 70.454 67.455 55.458 69.455 69.453 69.453 70.453 70.453 71.452 83.452 65.451 63.453 63.453 64.454 64.455 64.455 65.456 79.457 90.459 65.461 69.463 96.466 88.471 76.477 79.487 82.501 66.514 71.523 86.530 79.535 67.543 60.555 60.571 71.591 87.618 74.645 46.676 18.713 73.759 62.826 11.936 15.043 20.157 16.257 7.376 9.470 50.771 103.024 107.670 99.535 102.183 103.111 101.072 101.034 100.996 93.959 83.924 40.892 11.861 20.833 21.806 82.779 124.755 105.735 81.719 73.708 52.702 61.699 14.699 0.000 0.872 4.872
74.460 74.461 70.463 70.464 70.463 71.463 71.463 67.463 64.463 63.463 26.462 16.459 67.463 64.465 64.465 64.466 63.467 66.469 90.470 76.472 61.474 67.477 84.481 101.486 96.493 93.501 91.511 87.521 83.530 82.538 90.546 87.556 81.569 77.585 80.605 84.629 46.656 10.687 9.723 25.769 21.845 6.939 16.037 26.127 22.224 13.349 6.511 49.756 107.823 107.748 102.431 104.271 101.157 101.124 102.084 98.046 82.010 74.974 80.941 86.910 70.880 92.852 107.826 124.802 133.782 117.766 79.754 84.746 59.743 0.000 0.000 0.000 0.000
13.466 14.469 74.470 69.472 69.472 64.472 61.473 63.473 58.473 11.473 11.474 0.475 68.476 64.476 64.477 64.478 64.479 82.481 89.482 62.485 64.487 64.491 67.495 73.500 75.506 75.513 71.522 74.530 90.539 83.547 74.555 77.566 84.580 88.596 91.615 88.637 63.663 28.693 11.724 10.749 0.000 0.012 11.039 20.091 4.157 0.000 19.685 79.923 107.895 99.782 103.500 103.235 101.217 101.173 102.134 97.095 84.058 50.023 56.989 99.957 110.926 142.897 133.871 105.846 93.826 110.808 89.795 83.787 58.783 0.000 0.000 0.000 0.000
0.482 9.480 23.477 78.480 63.482 61.482 63.482 63.483 64.483 11.484 2.486 57.490 65.488 64.488 64.488 64.489 66.491 90.492 75.494 61.497 64.500 64.503 64.507 63.512 63.518 63.525 62.532 69.540 98.547 77.555 8.563 16.573 28.589 79.603 89.621 73.642 78.667 65.698 17.730 14.754 0.000 4.944 17.988 10.039 0.000 0.000 37.834 108.035 107.965 102.664 104.399 100.305 101.264 101.222 101.182 101.143 88.105 51.069 66.035 103.002 98.970 132.941 127.913 96.888 101.865 87.847 68.832 86.823 64.819 0.000 0.000 0.000 0.000
62.499 58.494 0.000 70.491 80.492 81.492 62.492 74.493 81.493 57.494 55.496 65.498 64.498 64.498 64.499 64.501 83.502 87.504 62.506 64.509 63.512 62.515 64.519 64.524 64.530 64.535 63.542 71.549 100.556 81.563 27.569 0.583 51.598 76.609 89.623 68.641 58.665 17.703 10.745 13.784 11.841 19.899 23.931 0.000 0.000 16.776 79.009 108.102 99.929 103.642 103.382 101.358 101.312 101.269 101.229 102.189 93.151 82.115 105.079 130.045 118.013 134.982 131.953 125.926 132.901 98.881 75.865 85.854 93.852 22.862 0.000 0.000 0.000
64.505 63.504 58.506 64.503 63.501 11.501 85.502 77.502 64.503 65.504 65.505 64.507 64.508 64.509 64.510 67.511 90.513 73.515 63.517 64.520 70.523 78.527 64.531 62.535 64.540 63.546 66.552 90.558 98.564 73.571 61.579 49.591 71.600 70.610 31.622 16.635 13.650 0.000 2.762 2.795 3.839 4.882 6.907 0.000 19.894 77.010 99.148 108.167 100.891 101.528 101.447 101.402 101.358 101.315 101.274 102.234 93.196 76.158 72.122 105.087 95.054 109.021 111.990 99.961 101.934 73.910 50.891 64.878 131.871 84.872 19.874 9.874 31.874
64.512 64.512 64.512 64.511 64.511 58.511 74.511 90.512 66.513 63.514 64.515 64.516 64.518 64.519 63.521 86.522 88.524 62.526 64.528 65.531 62.534 24.538 83.542 78.546 65.551 63.556 81.561 100.566 84.572 64.579 64.586 65.594 68.601 72.609 9.620 10.627 0.000 0.000 14.747 0.000 0.000 0.000 0.000 0.000 43.044 100.171 108.292 108.230 100.778 101.606 101.487 101.447 101.403 101.360 101.318 100.278 85.239 87.201 107.164 126.128 125.093 130.059 135.026 121.994 119.963 106.935 55.911 53.895 129.885 93.880 31.876 24.875 89.874
64.519 64.519 64.519 64.519 64.519 64.519 64.520 75.521 90.522 66.523 63.525 64.526 64.528 62.529 70.531 91.533 71.535 63.537 65.538 63.541 5.545 2.549 71.553 72.557 78.561 77.565 85.570 84.575 65.580 63.586 65.591 68.597 73.603 73.606 0.000 0.000 0.000 1.730 25.732 12.727 13.725 12.725 0.000 4.350 51.386 105.409 108.352 100.125 101.830 101.562 101.538 101.490 101.446 101.403 101.362 101.321 87.281 83.243 104.205 105.168 105.132 108.096 108.061 107.026 111.990 84.954 60.925 75.905 90.893 29.886 0.000 0.000 33.874
64.526 66.526 66.526 64.527 64.527 64.528 64.529 64.530 75.531 90.533 66.534 61.536 61.538 78.540 90.542 84.544 61.546 64.547 60.549 6.548 3.556 57.560 64.564 64.567 70.571 87.575 87.579 80.583 73.588 65.592 52.597 22.601 87.605 67.608 0.000 0.000 0.000 0.721 14.724 7.724 21.724 10.724 0.000 4.601 24.624 108.471 108.412 100.993 101.721 101.623 101.578 101.532 101.488 101.445 101.403 102.363 97.323 87.284 82.245 81.207 81.170 81.133 81.096 85.059 59.018 2.967 28.929 84.907 80.895 41.887 3.883 0.000 32.873
65.534 2.534 3.531 64.535 63.536 62.537 62.538 61.539 61.540 74.542 89.544 82.546 89.548 91.550 78.552 62.554 69.557 69.559 57.561 0.000 5.570 68.572 64.575 66.578 90.581 97.584 75.588 66.591 73.595 80.599 68.603 4.606 47.609 65.611 0.000 0.000 0.000 1.711 7.716 4.721 18.722 0.000 0.000 4.825 10.182 108.528 106.253 101.956 101.694 101.667 101.618 101.573 101.529 101.486 101.444 101.404 102.364 101.324 99.285 98.246 98.207 99.169 101.132 75.095 17.056 0.000 13.915 69.902 100.891 91.884 64.879 40.875 57.873
64.543 63.543 0.000 63.544 74.545 78.546 82.547 87.548 90.549 91.551 91.553 91.555 77.557 64.560 80.562 97.565 98.568 98.571 91.575 69.582 4.582 65.583 63.585 72.588 100.590 87.593 64.596 63.599 65.602 68.605 59.609 4.612 24.614 24.616 0.000 0.000 0.000 7.702 2.709 0.000 1.722 0.000 12.746 14.140 5.522 108.582 110.201 105.833 101.750 101.703 101.657 101.612 101.568 101.526 101.485 101.444 101.404 101.364 101.325 101.284 102.244 105.205 77.168 10.131 0.000 0.000 0.000 14.894 70.885 101.879 92.874 68.872 45.873
64.551 66.552 62.555 64.554 79.554 78.554 74.555 70.556 69.558 65.560 86.562 76.565 87.567 78.570 94.573 90.575 83.578 84.582 95.585 101.590 90.592 91.594 83.596 91.598 99.600 72.602 63.605 64.607 64.610 63.612 63.615 65.617 60.620 9.624 69.632 60.637 0.000 1.687 0.000 0.000 0.000 3.478 81.593 78.816 108.679 108.632 104.080 104.902 101.781 101.740 101.694 101.650 101.607 101.565 101.524 101.484 101.444 101.405 101.365 103.323 108.278 77.240 17.204 0.000 0.000 0.000 0.000 0.000 11.878 62.871 97.867 47.865 0.000
66.559 2.558 61.561 64.561 64.562 64.563 63.563 64.564 66.566 64.569 76.571 71.574 80.577 91.580 79.583 64.586 65.589 66.592 67.596 72.599 85.602 95.604 101.606 99.608 88.610 64.611 64.613 64.615 64.617 64.619 65.621 88.623 61.625 1.629 65.634 15.643 9.657 2.672 0.000 0.000 0.000 13.392 101.602 103.797 108.723 102.420 102.116 101.848 101.824 101.775 101.730 101.686 101.644 101.603 101.563 101.523 101.484 101.446 103.407 88.365 42.305 9.272 0.000 0.000 0.000 0.000 0.000 0.000 0.000 33.860 95.858 47.857 0.000
67.568 0.568 61.569 64.569 64.570 64.571 64.572 65.572 3.572 63.577 67.581 78.584 78.587 86.590 91.593 77.596 62.599 62.603 62.606 64.610 66.612 67.615 68.617 68.618 67.619 66.621 62.622 62.623 63.624 64.626 75.627 89.628 60.629 54.631 56.633 0.000 0.000 2.671 0.000 0.000 0.000 17.408 100.515 108.806 108.764 101.275 101.998 101.900 101.855 101.809 101.765 101.722 101.680 101.640 101.600 101.562 101.524 101.487 106.452 62.425 0.000 0.000 0.000 0.000 0.000 0.000 0.000 0.000 0.000 36.850 96.849 55.848 0.000
