results3/res_3e8f-0164.wd
ncols         241
nrows         181
xllcorner     12693529.787448
yllcorner     3542525.717860
cellsize      155.156523
NODATA_value  -9999.000000
[rows 33 to 65 of 181, columns 73 to 145 of 241]
0.000 0.000 0.000 0.000 0.000 0.000 0.000 0.000 0.000 0.000 0.000 0.000 0.000 0.000 0.000 0.000 0.000 0.000 0.000 0.000 0.000 0.000 0.000 0.000 0.000 0.000 0.000 0.000 0.000 0.000 0.000 0.000 0.000 0.000 0.000 0.000 0.000 0.000 0.000 39.354 62.356 67.357 23.360 0.000 0.000 32.437 46.465 13.444 4.445 36.466 39.482 33.481 34.462 35.427 35.374 35.303 35.212 34.097 39.946 59.712 6.234 14.361 11.649 46.817 63.278 67.807 66.366 66.969 65.505 67.593 62.649 62.256 62.247
0.000 0.000 0.000 0.000 0.000 0.000 0.000 0.000 0.000 0.000 0.000 0.000 0.000 0.000 0.000 0.000 0.000 0.000 0.000 0.000 0.000 0.000 0.000 0.000 0.000 0.000 0.000 0.000 0.000 0.000 0.000 0.000 0.000 0.000 0.000 0.000 0.000 0.000 0.000 0.000 14.356 9.357 0.000 0.000 0.000 0.000 28.557 0.000 0.000 26.507 50.549 49.553 39.536 35.500 35.444 35.367 35.269 34.152 56.019 53.866 0.000 37.201 49.770 63.202 67.685 67.208 66.779 66.287 67.349 63.368 62.664 62.917 65.220
0.000 0.000 0.000 0.000 0.000 0.000 0.000 0.000 0.000 0.000 0.000 0.000 0.000 0.000 0.000 0.000 0.000 0.000 34.864 66.864 19.864 0.000 0.000 0.000 0.000 0.000 0.000 0.000 0.000 0.000 0.000 0.000 0.000 0.000 0.000 0.000 0.000 0.000 0.000 0.000 0.000 0.000 0.000 0.000 0.000 0.000 20.648 0.000 0.000 0.000 28.652 46.646 46.629 37.594 35.536 35.452 33.345 49.223 58.114 0.000 22.858 47.471 62.029 68.536 68.046 67.592 67.073 69.107 65.094 63.198 63.597 65.922 65.168
0.000 0.000 0.000 0.000 0.000 0.000 0.000 0.000 0.000 0.000 0.000 21.866 59.866 0.000 0.000 0.000 0.000 0.000 41.865 92.864 48.864 0.000 0.000 0.000 0.000 0.000 0.000 0.000 0.000 0.000 0.000 0.000 0.000 0.000 0.000 0.000 0.000 0.000 0.000 0.000 0.000 0.000 0.000 0.000 0.000 0.000 23.739 24.780 31.799 17.797 27.760 35.751 48.740 39.711 35.654 32.561 43.435 53.279 42.101 17.770 47.246 64.795 69.339 68.862 68.401 67.862 67.868 66.831 63.845 64.292 66.631 65.883 65.650
0.000 0.000 0.000 0.000 0.000 0.000 0.000 0.000 0.000 0.000 0.000 42.866 77.866 66.866 53.866 8.866 2.866 26.865 80.865 88.864 53.864 0.000 0.000 0.000 0.000 22.822 1.822 0.000 0.000 0.000 0.000 0.000 0.000 0.000 0.000 0.000 0.000 6.825 0.000 0.000 0.000 10.824 28.824 0.000 0.000 39.802 54.789 57.803 55.819 41.831 35.841 34.859 48.870 39.857 31.806 45.704 59.556 47.358 35.240 49.964 54.561 67.124 69.664 69.205 68.654 68.635 66.580 64.602 65.006 67.352 66.611 66.382 66.049
0.000 0.000 0.000 0.000 0.000 0.000 0.000 0.000 0.000 0.000 0.000 13.866 75.866 58.866 39.866 1.866 22.866 72.865 83.865 90.864 49.864 0.000 0.000 0.000 0.000 60.822 44.822 0.000 0.000 0.000 0.000 0.000 0.000 0.000 0.000 0.000 23.825 35.825 37.825 0.000 0.000 19.824 44.824 23.823 37.820 60.815 63.813 64.824 61.842 48.869 35.913 32.974 50.022 41.041 45.008 62.893 56.725 0.000 33.538 52.284 64.909 70.474 70.019 69.460 69.416 67.350 65.485 65.742 68.090 67.358 67.134 66.802 66.471
0.000 0.000 0.000 0.000 0.000 0.000 0.000 0.000 0.000 0.000 0.000 0.000 0.000 26.866 64.866 60.866 48.866 61.866 81.865 92.864 45.863 0.000 0.000 0.000 0.000 22.822 46.822 48.822 0.000 0.000 0.000 0.000 0.000 0.000 0.000 0.000 39.825 40.825 52.825 35.825 24.825 38.825 39.825 35.824 42.823 49.823 47.826 40.836 59.855 25.891 41.969 45.101 35.204 47.277 60.292 57.137 0.073 8.508 45.089 61.725 70.320 70.858 70.305 70.231 67.158 66.537 66.510 68.847 68.126 67.910 67.585 67.253 66.896
0.000 0.000 0.000 0.000 0.000 0.000 0.000 0.000 0.000 0.000 0.000 0.000 0.000 16.867 83.867 78.867 68.867 58.866 82.865 90.864 85.861 70.858 25.855 0.000 0.000 0.000 2.822 56.822 40.822 38.822 49.823 44.823 7.823 0.000 0.000 3.825 39.825 38.825 59.825 65.825 54.825 46.825 38.825 35.826 36.826 37.828 36.832 34.840 42.853 3.872 0.000 4.258 40.415 63.571 61.748 1.143 7.236 44.926 58.581 68.219 71.756 71.315 72.090 68.042 67.832 67.327 69.634 68.916 68.706 68.391 68.073 67.722 67.334
0.000 0.000 0.000 0.000 0.000 0.000 0.000 0.000 0.000 0.000 0.000 0.000 0.000 0.000 16.867 55.868 30.868 66.868 85.866 90.864 88.861 86.856 75.853 34.849 0.000 0.000 0.000 12.822 51.822 51.822 64.823 62.823 55.823 50.823 0.000 0.000 6.825 43.825 62.825 69.825 61.826 45.826 34.826 35.827 35.828 35.830 35.834 35.838 39.843 0.000 0.000 0.000 10.629 47.842 17.327 14.640 49.578 54.376 66.112 72.715 72.565 70.803 69.130 69.499 68.229 70.467 69.738 69.520 69.210 68.908 68.587 68.230 67.803
0.000 0.000 0.000 0.000 0.000 0.000 0.000 0.000 0.000 0.000 0.000 0.000 0.000 0.000 0.000 1.869 87.870 87.870 89.869 89.866 88.861 82.855 76.850 47.846 0.000 0.000 0.000 0.000 0.000 19.823 64.823 58.823 73.823 70.823 49.823 28.824 29.825 38.825 60.825 69.825 60.826 43.826 33.827 38.828 37.829 35.831 35.834 35.837 36.839 28.838 0.000 0.000 0.000 0.000 9.077 52.127 55.058 62.913 73.633 73.743 72.103 73.990 71.740 69.275 71.381 70.611 70.362 70.037 69.737 69.439 69.137 68.808 67.374
0.000 0.000 0.000 0.000 0.000 0.000 22.826 45.823 0.000 23.766 63.756 52.743 56.732 31.726 0.000 0.000 23.872 95.873 89.873 86.869 83.862 86.853 77.845 40.840 0.000 0.000 0.000 0.000 0.000 0.000 0.000 8.823 62.823 63.823 14.823 0.000 5.825 42.825 60.825 65.825 55.826 46.826 44.827 6.828 13.830 41.832 35.834 35.836 36.837 42.837 50.837 12.837 0.000 0.000 24.777 57.733 61.628 72.437 74.651 74.283 77.564 76.142 70.623 72.424 71.564 71.249 70.884 70.561 70.256 69.973 69.716 69.493 75.332
0.000 0.000 0.000 0.000 0.000 0.000 22.829 65.821 7.801 57.777 59.758 71.741 54.728 39.720 0.000 0.000 11.874 80.876 92.881 89.876 89.865 90.850 84.837 38.828 0.000 0.000 0.000 0.000 0.000 0.000 0.000 0.000 0.000 47.823 6.823 0.000 1.825 48.825 45.825 57.825 14.826 0.000 0.000 0.000 0.000 7.833 45.834 39.835 2.836 32.837 66.837 49.837 2.837 0.000 29.530 63.370 72.273 75.394 75.149 79.324 78.579 71.984 73.545 72.588 72.187 71.763 71.397 71.060 70.755 70.483 70.259 70.115 75.130
21.102 65.096 55.092 0.000 0.000 0.000 16.841 76.829 52.807 54.781 60.757 84.737 85.719 80.705 34.691 0.000 0.000 0.000 40.900 94.889 89.870 90.847 87.824 46.808 0.000 0.000 0.000 0.000 0.000 0.000 0.000 0.000 0.000 5.823 0.000 0.000 0.000 0.000 0.000 0.000 0.000 0.000 0.000 0.000 0.000 0.000 0.000 20.836 17.836 0.000 0.000 0.000 0.000 18.942 56.359 73.312 74.988 75.921 80.270 79.877 73.016 74.571 73.604 73.144 72.666 72.251 71.873 71.530 71.219 70.945 70.722 70.578 73.577
21.103 77.095 59.087 55.077 0.000 0.000 3.864 68.846 70.816 70.784 82.754 79.729 91.707 90.689 51.677 0.000 0.000 0.000 16.930 96.911 89.880 90.842 87.804 47.772 0.000 0.000 8.342 56.305 68.264 37.237 0.000 0.000 0.000 0.000 0.000 0.000 0.000 0.000 0.000 0.000 0.000 0.000 0.000 0.000 0.000 0.000 0.000 0.000 5.836 0.000 0.000 0.000 16.906 57.414 74.374 74.957 81.185 80.676 74.289 74.850 75.349 74.529 74.059 73.558 73.109 72.696 72.316 71.967 71.646 71.357 71.105 77.897 18.737
85.105 82.096 61.084 62.067 54.043 0.991 58.905 53.877 61.826 74.785 78.745 89.717 90.692 89.668 58.650 0.000 0.000 0.000 15.980 95.945 89.896 90.840 85.778 65.703 49.587 50.481 50.379 58.308 79.251 46.209 0.000 0.000 0.000 0.000 0.000 0.000 0.000 0.000 0.000 0.000 0.000 0.000 0.000 0.000 0.000 0.000 0.000 0.000 0.000 0.000 14.996 45.774 55.282 74.268 75.858 82.525 81.932 74.839 76.558 75.891 75.348 74.890 74.404 73.946 73.513 73.108 72.729 72.375 72.042 71.732 78.443 24.170 0.000
82.111 77.099 75.085 58.065 62.036 61.999 52.954 45.932 0.000 0.000 20.725 79.704 90.673 88.643 73.605 40.553 0.000 3.152 65.064 85.992 90.919 89.843 90.763 80.677 56.577 53.478 52.383 61.300 79.222 62.141 48.029 48.941 52.876 63.837 27.821 0.000 0.000 0.000 0.000 0.000 0.000 0.000 0.000 0.000 0.000 0.000 0.000 0.000 0.000 0.000 26.196 66.037 73.983 76.632 83.404 83.008 75.562 77.231 76.452 76.080 75.638 75.185 74.739 74.306 73.890 73.495 73.118 72.760 72.416 78.086 24.765 0.000 0.000
71.118 23.105 91.091 62.071 56.039 57.008 58.981 58.964 47.965 0.000 0.000 0.687 24.655 95.624 85.575 63.501 55.380 62.240 61.134 63.040 70.945 71.850 58.756 55.663 53.567 53.471 52.376 61.285 76.195 55.103 52.005 56.918 72.852 75.813 60.805 34.805 0.000 0.000 0.000 0.000 0.000 0.000 0.000 0.000 0.000 0.000 0.000 0.000 0.000 17.035 58.881 74.493 77.333 83.969 83.724 76.258 77.902 77.118 76.761 76.332 75.908 75.482 75.060 74.647 74.248 73.862 73.490 73.129 78.778 24.432 0.000 0.000 0.000
17.126 90.114 91.102 77.090 0.000 4.015 63.997 59.979 70.966 61.954 0.000 0.701 3.662 83.624 80.569 65.495 56.400 53.293 53.191 56.088 68.971 76.857 79.748 72.651 62.556 55.462 54.366 70.270 73.171 48.070 51.969 51.876 52.799 56.757 35.781 0.000 0.000 0.000 6.332 0.000 0.000 0.000 0.000 0.000 0.000 0.000 0.000 20.256 51.926 59.784 73.299 84.629 84.244 77.312 77.907 78.474 77.785 77.421 76.999 76.591 76.181 75.774 75.371 74.977 74.591 74.216 74.849 81.489 25.133 0.000 0.000 0.000 0.000
95.134 91.124 91.112 91.097 78.076 61.041 61.013 60.988 51.966 0.922 17.811 24.760 76.697 73.643 76.582 69.512 70.430 70.342 70.251 73.149 67.993 67.860 69.729 73.636 74.546 72.454 68.358 79.256 77.149 65.039 65.926 65.815 67.713 42.636 0.000 0.000 0.000 0.000 7.332 0.000 0.000 0.000 0.000 0.000 0.000 7.126 54.908 55.475 76.491 77.048 85.694 85.215 79.799 79.516 78.905 78.438 78.060 77.648 77.248 76.849 76.453 76.061 75.675 75.296 74.925 75.561 79.201 11.845 0.000 0.000 0.000 0.000 0.000
94.143 90.135 90.126 91.111 88.089 66.059 60.027 60.994 61.957 53.907 2.841 68.784 65.725 66.667 67.605 62.539 66.467 71.393 79.322 64.264 0.000 0.000 14.673 72.617 68.538 68.452 68.354 68.247 68.131 68.009 67.881 67.746 65.602 60.438 33.221 0.000 8.855 52.633 59.332 71.024 40.785 0.000 0.000 0.000 1.085 56.322 67.116 79.043 79.680 86.429 86.094 80.449 80.126 79.391 79.062 78.673 78.276 77.883 77.492 77.104 76.720 76.342 75.972 75.609 76.252 78.900 26.551 0.000 0.000 0.000 0.000 0.000 0.000
80.149 80.148 80.145 91.133 91.111 81.079 57.042 60.003 60.963 60.917 66.864 75.809 59.751 56.694 54.634 61.571 76.506 75.441 60.379 40.322 0.000 0.000 0.000 0.635 57.538 52.461 52.360 52.245 52.120 52.985 55.842 56.687 56.510 55.295 56.003 54.554 54.077 62.711 69.339 66.955 73.547 71.004 65.493 62.982 65.359 76.979 80.496 80.289 86.921 86.705 81.088 80.742 79.993 79.666 79.271 78.885 78.499 78.115 77.734 77.356 76.982 76.616 76.260 76.915 77.575 16.238 0.000 0.000 0.000 0.000 0.000 0.000 0.000
0.000 46.161 58.174 86.165 90.141 71.104 54.058 53.014 60.974 60.934 59.888 53.836 54.778 60.723 77.666 76.606 59.544 52.486 42.433 0.000 62.011 70.950 66.857 67.739 70.604 73.494 72.380 73.255 76.117 74.970 71.816 73.648 68.457 54.228 57.941 56.582 61.189 78.796 85.358 81.909 75.443 69.970 71.514 77.978 82.831 81.262 87.524 87.175 81.074 82.683 81.269 80.608 80.268 79.870 79.485 79.100 78.719 78.343 77.972 77.603 77.237 77.878 75.539 71.215 22.895 0.000 0.000 0.000 0.000 0.000 0.000 0.000 0.000
0.000 0.000 51.226 70.212 81.185 56.139 48.072 55.020 52.986 59.955 60.920 60.868 53.800 70.755 62.702 51.642 54.579 46.527 0.000 71.159 74.071 73.983 75.883 76.769 79.647 83.530 82.411 82.279 82.123 83.962 84.804 82.634 70.442 56.218 57.953 57.644 57.301 59.925 33.388 5.881 95.345 136.940 114.474 80.407 81.925 88.490 88.052 81.522 84.251 81.665 81.222 80.864 80.469 80.083 79.695 79.311 78.934 78.566 78.206 77.849 79.485 74.118 62.805 17.510 0.000 0.000 0.000 0.000 0.000 0.000 0.000 0.000 45.944
3.461 0.000 6.293 27.272 62.248 44.194 0.000 50.007 54.995 54.982 60.967 49.918 0.000 54.795 52.746 54.679 55.603 65.516 79.395 76.246 78.132 84.028 93.922 137.808 134.684 134.567 134.454 134.327 135.134 118.952 50.803 53.642 51.458 59.248 58.010 54.740 52.446 34.215 0.000 0.000 4.132 61.842 78.855 83.451 89.183 88.864 81.121 82.821 82.121 81.817 81.448 81.065 80.681 80.293 79.903 79.515 79.139 78.780 79.439 78.102 69.737 58.303 16.054 0.000 0.000 0.000 0.000 0.000 0.000 0.000 2.234 37.175 58.057
77.462 25.438 14.380 77.333 55.343 0.000 0.000 0.000 49.003 62.012 54.050 0.000 6.968 62.883 53.808 64.727 77.638 77.539 82.424 85.299 78.183 64.074 54.968 50.857 48.714 51.601 52.511 39.442 0.000 55.909 52.813 51.672 55.501 59.307 56.097 47.862 54.527 35.274 0.000 1.414 57.127 74.146 83.872 89.675 89.454 81.704 83.391 82.687 82.394 82.025 81.656 81.279 80.895 80.506 80.109 79.707 79.326 79.978 75.667 64.381 21.059 0.000 0.000 0.000 0.000 0.000 0.000 0.000 0.000 0.000 5.294 55.235 54.149
87.481 95.472 83.456 0.427 12.448 6.556 1.596 0.601 0.000 0.000 58.170 56.149 64.053 60.963 60.874 60.782 77.684 91.577 80.462 60.343 58.227 53.118 55.018 45.939 0.000 57.612 54.548 43.486 0.000 56.962 51.868 52.733 59.568 57.381 55.209 37.084 0.000 1.759 53.809 51.590 68.376 84.289 89.951 82.638 83.205 83.865 83.261 82.967 82.604 82.245 81.876 81.498 81.114 80.726 80.321 80.878 80.479 70.140 54.871 17.697 0.000 0.000 0.000 0.000 0.000 0.000 0.000 3.668 30.623 29.540 44.411 56.322 44.239
77.509 81.515 71.518 0.000 0.000 71.633 64.631 58.606 2.545 10.451 76.310 73.225 60.133 61.040 60.944 61.844 82.737 134.623 127.504 74.384 129.265 50.153 54.046 53.943 55.827 53.688 53.581 53.470 55.311 51.108 50.965 59.825 58.658 55.438 50.276 39.180 0.000 0.505 55.854 62.686 84.687 83.570 90.308 83.685 84.271 83.820 83.530 83.184 82.834 82.473 82.103 81.723 81.338 80.963 82.570 78.007 59.572 46.231 47.980 13.839 0.000 0.000 0.000 0.000 0.000 0.000 0.000 3.713 39.662 44.584 58.490 52.404 42.324
73.539 68.561 12.583 0.000 2.753 54.712 63.683 60.642 78.579 72.496 77.397 85.306 76.214 61.119 61.019 60.912 59.798 53.675 48.549 53.421 50.298 54.181 54.070 53.961 53.849 53.732 53.620 53.499 52.356 57.194 59.060 59.943 43.800 0.000 43.276 0.000 0.000 0.469 60.023 81.941 85.945 91.291 90.833 83.776 84.428 84.070 83.756 83.422 83.073 82.711 82.339 81.953 81.553 80.218 41.988 0.000 0.000 0.000 0.000 0.000 0.000 0.000 0.000 36.117 31.079 30.016 28.930 32.810 41.726 57.645 51.561 42.480 52.403
65.567 56.608 61.669 6.768 59.795 55.780 54.747 72.698 65.635 81.558 90.474 70.388 56.299 54.204 57.101 59.989 60.865 60.732 53.593 52.455 53.325 53.204 54.090 53.983 53.877 58.772 55.666 52.552 53.420 56.251 60.138 49.085 0.000 0.000 0.000 0.000 15.695 135.575 79.297 86.321 84.294 91.696 83.595 86.114 87.597 84.324 84.007 83.675 83.325 82.959 83.590 80.195 67.705 58.367 16.178 0.000 0.000 0.000 0.000 0.000 0.000 0.000 38.196 38.154 38.104 39.041 38.962 39.872 53.789 53.708 37.629 40.552 42.479
40.583 41.636 35.715 59.842 55.877 54.866 65.828 69.770 80.702 87.629 53.552 52.473 53.389 55.297 54.193 51.076 58.943 59.795 60.637 59.482 53.343 52.218 51.106 52.002 57.905 116.811 84.719 64.623 47.522 0.000 62.157 70.176 0.000 0.000 0.000 0.000 59.818 70.712 87.595 85.629 92.404 92.064 84.684 85.214 85.880 84.586 84.275 83.945 83.593 84.208 82.868 35.531 0.000 0.000 0.000 0.000 0.000 0.000 0.000 0.000 0.000 0.000 45.239 41.199 38.144 39.079 37.006 48.927 55.848 39.771 40.695 48.621 46.550
0.000 0.000 0.000 53.006 56.005 57.979 78.927 89.853 103.776 85.703 14.634 71.564 71.488 55.401 55.299 54.178 52.035 54.868 60.676 58.494 59.345 61.221 59.112 57.015 52.928 47.850 52.777 47.700 0.000 0.000 0.000 56.284 48.312 0.000 0.000 2.239 70.045 86.898 86.972 84.988 92.714 84.406 86.908 88.415 85.157 84.867 84.562 84.238 83.894 81.415 36.141 0.000 0.000 0.000 0.000 0.000 0.000 0.000 0.000 0.000 0.000 44.398 14.321 2.258 46.195 36.127 47.056 58.981 46.906 41.832 46.759 50.688 43.619
0.000 0.000 0.000 51.173 57.157 73.119 84.048 131.939 125.844 127.773 133.715 129.660 130.597 55.519 55.423 54.303 54.152 52.965 47.705 57.474 59.324 60.207 58.106 60.019 59.944 60.882 53.839 0.000 0.000 0.000 0.000 57.366 42.339 0.000 0.000 61.396 83.268 87.221 86.209 93.280 93.005 85.465 86.012 86.701 85.439 85.163 84.868 85.550 60.331 0.000 0.000 0.000 0.000 0.000 0.000 0.000 0.000 0.000 56.706 45.658 35.581 39.474 39.390 40.318 40.249 43.179 56.108 53.036 47.963 48.892 46.821 44.752 40.684
17.429 0.000 0.000 52.354 69.334 77.290 83.206 54.012 52.890 51.829 48.795 49.765 49.720 55.657 55.572 71.457 71.306 47.135 0.000 44.372 57.270 59.177 57.086 59.010 58.947 59.894 55.859 0.000 0.698 1.650 55.584 40.475 0.000 0.000 62.786 71.634 88.506 87.415 86.597 93.536 85.139 87.668 90.204 85.980 85.732 85.480 84.196 71.765 30.548 0.000 0.000 0.000 0.000 0.000 42.950 37.929 37.890 37.833 41.754 53.687 56.612 42.528 37.448 39.374 41.303 56.232 55.162 41.091 50.020 50.950 49.881 42.814 38.748
