results3/res_3e8f-0170.wd
ncols         241
nrows         181
xllcorner     12693529.787448
yllcorner     3542525.717860
cellsize      155.156523
NODATA_value  -9999.000000
[rows 66 to 98 of 181, columns 73 to 145 of 241]
71.528 35.516 0.000 60.657 77.634 76.604 76.576 0.000 47.974 47.958 60.971 56.982 55.962 55.916 54.848 130.748 118.576 0.000 0.000 0.000 51.303 46.241 51.146 54.084 54.032 55.984 56.937 61.881 62.830 63.782 54.745 0.000 0.000 52.034 102.034 83.947 87.812 87.900 85.953 93.872 86.362 86.842 87.581 86.353 86.131 86.927 56.772 0.000 0.000 0.000 0.000 0.000 0.000 0.000 42.354 40.330 40.290 40.236 40.171 40.104 44.032 56.956 53.880 38.806 49.734 58.663 37.592 40.522 46.452 51.383 47.315 41.247 39.182
56.530 62.503 0.347 48.881 72.843 71.814 65.817 18.903 0.000 0.000 54.051 67.131 56.131 55.100 56.056 37.014 0.000 0.000 0.000 0.000 0.000 0.000 62.079 60.052 58.019 40.978 43.930 50.876 51.837 56.804 47.775 0.000 0.000 0.000 62.275 80.183 87.120 87.213 94.298 94.092 86.434 87.123 86.834 86.623 86.413 81.225 39.092 0.000 3.280 36.280 0.000 0.000 0.000 48.434 43.399 40.364 40.322 40.270 40.210 40.145 40.076 40.004 46.931 60.859 61.787 44.717 38.647 39.577 40.508 44.440 43.373 39.307 39.242
58.541 57.472 62.338 60.136 74.042 66.992 67.975 64.989 0.000 0.000 0.000 69.359 64.331 59.296 61.262 8.238 0.000 0.000 0.000 0.000 0.000 0.000 61.038 57.028 48.015 0.000 0.000 48.857 60.838 59.822 0.000 0.000 7.979 64.860 56.607 60.430 67.507 82.567 94.490 86.172 87.728 87.292 87.103 86.885 84.672 67.468 46.280 52.280 50.280 31.280 0.000 0.000 0.000 6.469 57.443 39.407 40.363 44.312 52.254 42.191 40.123 39.053 42.982 57.911 64.840 56.770 42.700 37.632 39.564 39.497 39.431 39.365 38.300
58.584 56.508 60.404 71.283 65.196 58.137 77.102 66.090 18.107 0.000 11.762 61.614 77.539 72.491 72.457 75.439 0.000 0.000 0.000 0.000 6.990 6.995 59.007 50.005 52.999 0.000 0.000 0.000 96.834 123.825 38.814 0.000 64.098 58.995 58.834 58.741 54.823 94.843 94.672 87.219 90.824 87.571 87.362 87.147 78.921 31.695 0.000 54.280 32.280 0.000 0.000 0.000 45.574 44.532 43.496 39.457 43.412 55.361 60.303 58.240 51.173 41.104 50.034 57.963 36.892 42.822 55.753 52.685 48.619 56.553 37.488 39.423 37.358
56.643 62.571 72.486 64.398 56.321 56.259 69.208 77.159 73.124 76.050 77.909 72.797 67.721 69.670 58.638 57.621 0.000 0.000 0.000 7.983 63.986 62.988 50.990 52.986 53.976 57.956 56.943 0.000 7.841 1.828 0.771 10.492 70.321 63.189 58.028 59.118 57.163 94.999 56.834 64.425 79.020 86.841 87.627 85.421 44.171 0.000 0.000 0.000 0.000 0.000 0.000 46.642 40.616 40.587 40.553 41.514 51.468 60.415 59.357 59.293 55.226 51.156 61.085 44.014 38.943 39.873 39.805 49.738 62.672 49.608 37.545 38.481 44.416
62.712 73.645 63.574 56.500 57.432 57.371 59.309 43.216 69.180 67.118 59.028 55.943 54.878 70.832 72.802 59.787 0.000 0.000 0.000 63.981 59.981 56.981 49.979 53.974 53.964 53.949 53.930 12.898 15.861 16.830 18.777 86.640 83.507 72.375 71.330 60.327 95.276 95.144 58.887 65.535 60.312 67.115 85.888 60.738 0.000 0.000 0.000 0.000 0.000 0.000 0.000 46.667 40.663 40.646 40.616 41.578 50.530 60.476 59.416 58.350 55.281 60.210 54.137 38.065 39.993 39.923 39.855 49.789 57.725 36.663 39.602 42.540 61.474
73.787 63.726 56.662 57.597 57.536 58.482 39.442 0.000 26.263 54.212 57.141 57.071 57.016 54.976 78.951 62.939 0.000 0.000 0.000 40.979 57.977 51.975 52.972 53.967 53.958 53.945 53.928 64.905 4.873 8.855 25.861 78.786 88.682 10.569 92.491 82.682 95.392 57.457 71.101 67.745 57.615 54.420 51.071 35.904 0.000 0.000 42.227 0.000 0.000 0.000 0.000 42.695 40.724 40.716 40.689 40.649 41.600 47.543 55.480 55.411 55.339 59.265 37.190 40.115 40.042 38.971 44.903 61.838 44.776 38.717 41.661 22.603 23.524
63.867 56.810 57.751 57.691 57.633 60.580 16.535 14.500 7.398 52.326 57.255 59.182 57.137 56.107 74.087 70.078 0.000 0.000 0.000 0.000 48.972 51.970 53.967 53.962 53.955 53.946 55.934 41.919 0.000 0.000 76.027 78.960 89.869 95.739 89.842 87.879 95.492 78.505 81.208 66.050 58.955 51.881 0.000 0.000 0.000 0.000 40.227 0.000 0.000 0.000 0.000 0.000 43.822 40.806 40.774 40.731 40.678 40.617 40.549 47.476 55.399 43.320 40.241 40.164 40.088 43.016 55.947 55.883 37.823 39.769 42.722 9.689 0.000
56.952 57.897 57.840 57.783 57.725 57.670 61.619 62.568 62.501 58.439 58.371 38.266 55.245 56.226 72.213 71.208 0.000 0.000 0.000 0.000 47.968 53.967 53.964 53.961 53.956 53.949 41.941 0.000 0.000 4.392 81.259 87.162 90.062 90.008 89.086 95.625 87.985 90.702 85.391 70.333 60.273 59.269 59.403 0.000 0.000 0.000 37.227 44.227 37.227 0.000 0.000 0.000 58.937 39.910 40.871 40.822 40.764 41.697 40.623 40.544 40.461 40.376 40.292 40.210 39.132 45.057 59.988 36.924 39.865 39.813 41.770 16.740 0.000
58.040 57.987 57.931 57.873 57.815 57.757 57.702 57.650 57.601 57.557 61.523 0.000 48.352 57.339 73.329 68.335 4.381 0.000 0.000 0.000 52.966 55.965 55.963 55.960 53.957 56.954 0.000 0.000 0.000 73.525 79.453 90.368 90.249 90.357 88.406 95.830 89.117 93.761 89.652 90.586 78.537 66.518 55.538 50.538 52.538 0.000 0.000 43.228 38.227 44.222 45.207 43.169 49.079 59.027 40.978 41.922 50.858 57.785 39.703 40.615 40.524 40.431 40.341 39.253 44.171 63.094 57.023 45.959 38.901 39.849 41.803 56.762 74.718
58.132 58.078 58.023 57.965 57.904 57.841 57.782 60.730 58.695 57.664 61.641 0.000 48.472 57.449 74.429 66.420 6.428 0.000 0.000 0.000 25.965 35.964 34.962 34.960 55.958 40.956 0.000 0.000 0.000 75.731 85.664 90.576 90.535 89.638 96.453 96.158 90.180 91.023 89.881 89.825 90.771 81.728 46.692 0.000 0.000 0.000 0.000 41.229 41.231 38.231 40.230 41.222 40.184 47.140 61.090 44.031 41.962 51.881 39.790 40.691 40.588 40.485 40.386 40.292 48.204 61.125 48.053 59.988 37.931 38.879 43.832 64.788 76.742
58.226 58.173 58.118 58.060 57.996 60.922 62.855 34.791 55.787 58.764 60.737 20.712 51.614 56.558 68.516 66.491 7.481 0.000 0.000 0.000 0.000 0.000 1.961 1.960 36.959 0.000 0.000 0.000 24.168 74.002 90.896 90.778 90.895 88.981 96.719 88.762 94.469 90.165 90.120 90.054 89.995 79.930 40.811 0.000 0.000 0.000 0.000 0.000 44.237 45.242 32.259 40.305 41.295 41.260 45.212 61.151 44.076 40.987 40.884 40.770 40.652 40.536 38.426 44.323 63.230 44.147 43.075 57.011 40.955 38.904 45.858 71.814 76.771
58.322 58.269 58.215 58.160 60.096 35.997 37.926 0.000 17.898 53.868 57.830 61.784 57.716 60.651 65.588 70.546 9.525 0.000 0.000 0.000 0.000 2.960 54.960 61.960 0.000 0.000 0.000 7.453 83.335 85.215 91.110 91.067 90.186 97.201 96.969 89.822 90.538 90.410 90.342 90.279 89.225 69.186 0.000 0.000 0.000 0.000 0.000 0.000 0.000 36.242 0.000 47.444 44.429 40.395 40.346 42.284 59.205 48.108 39.990 40.852 40.713 39.581 44.458 46.346 45.245 42.160 40.088 40.026 39.973 40.925 53.882 75.841 76.802
58.417 58.365 58.315 58.270 63.233 1.219 0.000 24.130 16.039 49.981 58.930 56.877 58.815 70.744 42.637 36.580 1.553 0.000 0.000 0.000 0.000 52.960 58.960 60.960 0.000 0.000 0.000 70.571 75.502 89.415 91.299 91.430 89.525 97.415 89.317 90.995 90.690 90.632 90.558 90.494 82.440 59.402 0.000 0.000 0.000 0.000 0.000 0.000 0.000 0.000 0.000 51.599 46.580 40.545 38.495 41.432 41.353 57.251 50.116 40.936 41.768 39.617 46.481 46.357 43.245 37.159 40.090 40.034 41.985 55.941 74.902 76.867 79.835
59.510 57.458 57.411 57.370 60.341 30.334 27.304 59.221 64.148 58.088 56.033 62.979 72.923 75.872 0.000 0.000 0.000 0.000 0.000 0.000 0.000 20.960 27.960 29.960 0.000 0.000 0.000 72.756 80.693 90.605 91.597 90.635 97.810 97.618 90.346 91.052 90.915 90.839 90.767 90.700 72.638 54.582 0.000 0.000 0.000 0.000 0.000 0.000 0.000 0.000 0.000 49.774 47.749 47.709 44.658 37.596 39.522 40.427 56.286 56.009 52.805 49.638 42.491 41.356 38.219 39.140 40.082 44.033 63.991 75.953 75.920 76.890 75.864
73.598 72.547 71.500 69.459 66.425 67.396 67.357 64.301 65.243 67.189 67.136 73.083 75.025 32.948 0.000 0.000 0.000 0.000 0.000 0.000 0.000 0.000 0.000 0.000 0.000 11.265 19.187 74.007 90.899 91.808 91.758 90.986 97.989 89.818 91.495 91.184 91.121 91.041 90.969 88.902 70.829 41.705 0.000 0.000 0.000 0.000 0.000 0.000 0.000 0.000 0.000 39.973 43.933 46.884 47.830 46.773 43.713 39.650 33.592 0.000 0.000 0.000 0.000 0.000 42.134 40.101 43.063 64.026 76.992 75.961 76.933 79.909 75.888
69.681 71.630 70.584 72.542 74.504 73.468 72.428 70.382 68.334 68.287 69.240 65.192 65.147 0.000 0.000 0.000 0.000 0.000 0.000 0.000 0.000 0.000 0.000 0.000 0.000 60.344 83.287 82.185 91.092 91.980 92.107 90.210 98.155 91.910 91.517 91.395 91.312 91.236 91.168 87.111 67.071 0.000 0.000 0.000 0.000 0.000 0.000 0.000 0.000 0.000 47.356 42.211 39.127 41.063 46.006 47.954 47.907 48.867 39.840 0.000 0.000 0.000 0.000 0.000 43.083 41.067 57.044 78.017 75.991 75.966 75.943 76.923 75.907
57.759 57.709 58.662 65.620 74.581 80.544 68.506 62.466 57.425 55.386 54.345 60.299 39.223 0.000 0.000 0.000 0.000 0.000 0.000 0.000 0.000 0.000 0.000 0.000 0.000 66.480 82.433 90.357 92.271 92.238 91.368 98.450 98.308 93.927 91.734 91.575 91.499 91.422 91.356 86.303 61.272 0.000 0.000 0.000 0.000 0.000 0.000 0.000 0.000 47.621 42.500 42.388 42.302 41.234 38.177 43.131 47.094 48.070 45.062 0.000 0.000 0.000 0.000 46.038 40.048 44.041 72.027 76.008 75.988 75.969 75.951 75.935 75.922
56.832 56.783 60.737 65.696 67.657 70.620 60.585 56.550 57.516 57.485 59.456 37.435 0.000 0.000 0.000 0.000 0.000 0.000 0.000 0.000 0.000 0.000 0.000 0.000 0.000 52.661 81.609 91.539 92.437 92.566 90.676 98.580 91.472 93.148 91.829 91.764 91.678 91.600 91.531 82.475 55.441 0.000 0.000 0.000 0.000 0.000 0.000 0.000 46.854 42.743 42.636 42.540 42.459 42.393 42.339 39.297 38.268 41.257 48.276 48.361 0.000 0.000 0.000 40.028 41.029 59.024 76.014 75.000 74.985 75.970 75.956 75.943 75.933
56.901 56.853 58.809 59.768 57.731 56.696 57.663 56.632 56.604 56.580 61.561 6.550 0.000 0.000 0.000 0.000 0.000 0.000 0.000 0.000 0.000 0.000 0.000 0.000 4.031 60.895 89.806 92.722 92.692 91.822 98.817 98.702 94.469 92.171 92.027 91.938 91.851 91.769 92.692 72.624 60.576 0.000 0.000 46.465 0.000 46.228 48.184 48.099 42.966 42.858 42.762 42.676 42.602 42.540 42.489 42.450 41.425 38.414 47.422 48.447 41.447 0.000 0.000 48.018 40.016 48.012 54.004 56.993 60.982 66.970 72.959 74.949 74.941
57.965 57.919 57.877 57.838 57.802 56.769 56.739 56.712 56.689 55.671 63.658 14.653 0.000 0.000 0.000 0.000 0.000 0.000 0.000 0.000 0.000 0.000 0.000 0.000 45.166 81.083 91.997 92.887 93.027 91.119 98.919 91.920 93.595 92.280 92.205 92.111 92.020 91.932 92.844 64.752 42.664 0.000 0.000 42.465 0.000 41.273 43.224 43.148 43.053 42.962 42.878 42.801 42.733 42.675 42.628 42.591 40.566 42.553 48.552 45.558 0.000 0.000 0.000 47.009 46.007 45.003 43.996 42.988 41.979 45.970 56.961 52.953 54.947
56.025 55.982 55.941 55.904 55.870 55.839 55.812 56.788 58.768 60.755 35.749 2.750 0.000 0.000 0.000 0.000 0.000 0.000 0.000 3.401 12.393 0.000 0.000 15.525 56.384 87.277 93.174 93.163 92.190 99.099 99.014 94.910 92.616 92.468 92.375 92.281 92.188 92.095 88.000 34.876 0.000 0.000 0.000 42.465 48.445 43.366 43.292 43.215 43.136 43.059 42.985 42.916 42.854 42.800 42.755 42.720 39.695 48.680 48.675 44.676 0.000 0.000 0.000 46.002 45.000 45.996 45.990 45.984 45.976 45.969 44.962 44.956 43.951
57.082 57.041 60.003 63.968 66.936 70.906 72.881 75.859 74.842 66.832 4.832 15.849 39.903 7.928 0.000 0.000 0.000 0.000 0.000 43.409 70.384 10.345 0.000 49.667 82.568 92.459 93.359 93.289 92.512 99.173 91.345 93.032 92.716 92.641 92.544 92.449 92.354 93.261 80.186 0.000 0.000 0.000 0.000 22.485 42.505 43.454 45.364 45.283 43.218 43.153 43.088 43.025 42.967 42.916 42.873 39.838 44.813 47.798 48.792 39.793 0.000 0.000 0.000 29.998 50.994 50.990 47.985 44.980 44.974 45.968 46.963 46.958 45.954
59.135 58.097 65.062 74.028 74.998 73.970 72.946 71.925 68.909 62.900 37.899 54.909 72.933 41.953 25.974 1.983 0.000 0.000 14.481 53.442 67.391 6.305 25.143 66.908 91.759 94.643 93.483 93.695 91.671 99.234 93.330 93.045 92.898 92.806 92.713 92.619 92.520 94.407 38.297 0.000 0.000 0.000 0.000 0.000 38.636 44.579 25.426 25.336 42.299 43.248 43.189 43.129 43.074 43.024 41.982 39.948 48.922 48.906 45.901 39.913 45.960 0.000 0.000 0.000 61.989 76.986 69.981 65.977 61.972 57.967 60.962 60.958 43.955
59.186 59.151 62.118 65.087 64.057 62.031 60.007 57.986 55.970 55.959 64.954 66.957 63.966 60.976 64.986 12.991 0.000 0.000 54.520 84.488 35.431 31.343 65.216 89.061 93.928 93.784 93.901 91.856 99.317 91.733 93.448 93.135 93.065 92.971 92.882 92.794 95.698 52.552 0.000 0.000 0.000 0.000 0.000 0.000 40.824 45.802 0.000 0.000 39.395 43.350 43.290 43.230 43.174 43.125 40.083 48.048 49.022 48.003 38.995 42.996 43.008 0.000 0.000 0.000 29.986 59.983 77.978 76.973 76.969 76.965 76.962 70.959 60.956
59.235 59.203 59.172 58.142 58.115 59.089 59.065 59.044 57.026 58.011 63.002 65.998 61.998 57.001 60.004 15.005 0.000 0.000 46.592 56.559 34.502 67.420 82.316 91.196 94.079 94.010 93.107 99.686 99.456 92.723 93.452 93.311 93.223 93.135 93.051 92.976 95.925 0.000 0.000 11.292 20.292 0.000 0.000 42.129 45.033 44.002 51.041 0.010 39.535 43.467 43.392 43.325 43.268 41.219 43.176 49.141 49.113 41.092 42.077 43.070 43.068 0.000 0.000 0.000 0.000 0.000 59.974 75.970 75.966 75.963 75.961 76.958 76.956
59.283 59.254 59.225 59.197 59.170 59.144 59.120 58.098 57.078 61.059 65.044 65.034 60.028 56.025 61.023 14.020 0.000 0.000 42.695 11.655 58.596 82.520 88.429 94.335 94.184 94.393 92.382 99.892 92.141 93.853 93.541 93.472 93.381 93.295 93.212 100.134 84.101 0.000 7.292 57.292 43.292 0.000 0.000 37.224 45.179 44.132 44.080 49.962 47.743 46.592 43.486 43.412 43.354 40.305 48.263 49.227 45.197 40.173 43.154 43.138 45.125 49.136 0.000 0.000 0.000 0.000 0.000 72.965 75.963 75.961 75.959 76.958 74.956
59.333 59.305 59.277 59.250 59.223 59.198 58.174 57.150 59.127 63.104 66.082 62.065 57.054 56.048 59.043 41.033 28.008 28.950 24.839 25.771 65.706 86.635 92.556 94.446 94.584 92.574 100.253 100.081 93.145 93.859 93.714 93.625 93.537 93.453 98.366 41.248 56.244 26.281 57.291 65.293 0.000 0.000 0.000 36.365 45.326 44.267 44.186 54.062 64.882 38.673 48.546 44.482 41.432 43.385 49.343 48.306 39.275 42.249 43.227 43.203 30.158 31.147 0.000 0.000 0.000 0.000 0.000 53.962 74.961 75.959 75.958 79.957 75.955
59.383 59.356 59.329 59.302 59.276 59.251 57.226 57.202 61.177 68.149 69.116 65.091 60.076 58.069 58.068 60.060 60.041 69.002 9.941 43.883 81.824 88.758 94.686 94.651 93.782 100.561 100.412 93.499 94.281 93.944 93.871 93.776 93.690 93.611 101.552 0.000 39.346 41.309 31.299 33.296 0.000 0.000 0.000 39.545 45.494 44.423 50.334 66.219 43.050 0.000 29.543 42.540 40.505 48.461 49.418 45.380 42.347 43.322 43.302 45.288 0.000 0.000 0.000 0.000 0.000 0.000 45.960 26.960 65.959 75.957 75.956 80.955 75.954
59.433 59.406 59.380 59.354 59.328 58.303 57.279 59.255 66.230 43.198 19.140 18.107 15.089 45.086 62.098 57.100 60.094 41.075 3.041 48.997 86.946 92.894 94.781 95.024 93.046 100.699 93.831 94.609 94.178 94.120 94.015 93.923 93.834 94.751 92.680 14.624 14.485 0.000 0.000 0.000 0.000 0.000 38.916 46.776 44.683 43.597 63.510 67.428 0.000 0.000 0.000 38.629 44.587 49.537 49.489 39.448 43.414 43.388 43.370 46.361 0.000 0.000 0.000 0.000 0.000 0.000 24.960 0.000 53.956 75.955 75.955 81.954 75.953
59.483 59.457 59.430 59.405 58.379 57.354 59.331 62.308 70.289 29.274 0.000 0.000 0.000 0.000 44.139 59.149 60.159 46.163 48.149 74.119 91.079 95.004 95.177 93.197 100.941 100.826 94.810 94.506 94.358 94.256 94.159 94.064 93.971 96.879 81.791 10.707 0.000 0.000 0.000 0.000 0.000 0.358 39.055 45.960 44.863 42.773 70.681 31.554 0.000 0.000 44.879 49.761 49.677 49.609 47.553 42.508 43.472 43.447 43.430 45.424 0.000 49.509 1.509 0.000 0.000 0.000 0.000 0.000 46.954 75.954 75.953 75.953 75.952
59.533 59.507 59.481 59.455 58.430 57.405 61.381 65.360 69.344 27.335 0.000 0.000 0.000 0.000 24.169 67.199 62.231 68.269 81.274 90.253 94.214 95.221 94.370 101.146 101.047 94.144 94.920 94.578 94.496 94.393 94.297 94.204 98.109 61.004 32.897 0.000 0.000 0.000 0.000 0.000 1.636 41.477 46.284 45.146 47.038 43.950 67.887 0.000 0.000 40.147 46.997 62.859 51.752 48.670 44.606 42.558 42.521 43.496 43.481 43.480 48.502 44.509 35.509 0.000 0.000 0.000 42.951 44.951 43.952 75.952 75.952 75.952 75.951
59.582 59.556 59.531 59.505 57.479 59.454 65.429 66.407 64.391 51.386 12.403 0.000 0.000 0.000 0.000 20.247 16.295 56.408 87.424 91.404 95.344 95.513 93.637 101.236 93.453 95.233 94.799 94.735 96.625 95.527 94.434 94.346 100.256 23.130 0.000 0.000 0.000 0.000 0.000 22.855 61.761 61.614 49.457 46.303 57.191 52.103 53.030 13.983 1.794 38.297 43.102 53.927 49.802 53.712 47.645 50.596 49.559 46.534 43.519 42.513 42.516 48.517 0.000 0.000 0.000 0.000 39.951 39.951 49.951 75.951 75.951 75.951 75.951
