results3/res_3e8f-0093.wd
ncols         241
nrows         181
xllcorner     12693529.787448
yllcorner     3542525.717860
cellsize      155.156523
NODATA_value  -9999.000000
[rows 33 to 65 of 181, columns 146 to 218 of 241]
61.284 60.516 60.262 60.923 27.610 39.309 61.027 54.750 33.384 0.000 0.000 19.229 0.000 0.237 16.248 41.263 28.265 0.000 0.000 0.000 32.882 40.855 0.000 25.501 17.451 18.374 22.241 31.104 48.953 39.840 34.735 29.648 30.575 30.511 29.451 28.392 27.323 35.221 45.109 37.036 36.966 34.885 13.794 27.709 35.607 0.000 4.211 8.626 32.246 29.919 34.604 44.288 36.948 31.515 0.000 0.000 13.685 13.870 20.765 0.000 0.000 0.000 0.000 0.000 0.000 0.000 0.000 0.000 0.000 0.000 0.000 0.000 0.000
61.176 60.938 60.611 61.304 39.008 56.732 59.493 53.323 0.000 0.000 0.000 21.229 0.000 0.000 0.000 25.303 25.295 33.286 0.000 45.981 33.910 20.829 29.708 20.570 18.469 18.366 17.246 19.119 46.991 44.875 44.771 46.679 39.598 41.525 40.456 40.388 40.315 41.231 45.146 43.073 44.006 38.941 15.880 14.838 0.000 0.000 0.812 14.427 22.193 16.906 22.607 35.312 35.041 32.854 0.000 0.000 0.000 19.395 0.000 0.000 0.000 0.000 0.000 0.000 0.000 22.777 21.794 23.810 13.823 16.830 0.000 0.000 0.000
61.592 61.272 60.969 60.671 60.385 61.120 52.888 39.727 0.000 0.000 0.000 0.000 0.000 0.000 0.000 22.352 19.327 32.277 37.181 29.052 37.947 35.842 16.725 17.602 18.488 18.375 30.257 34.136 38.016 30.901 27.794 37.698 11.613 18.535 13.462 13.390 13.318 16.244 42.171 31.104 29.045 30.992 15.949 17.925 0.000 0.000 10.450 67.434 0.000 0.000 0.000 0.000 36.051 35.007 0.000 0.000 0.000 16.921 14.177 16.330 14.433 22.510 28.575 20.638 42.701 49.761 47.794 32.815 12.829 11.838 15.845 0.000 0.000
61.922 61.619 61.318 61.024 61.742 56.474 38.212 28.970 37.970 0.000 0.000 0.000 0.000 0.000 0.000 19.425 18.384 21.313 17.215 28.100 30.985 33.869 22.748 17.626 17.507 17.389 42.272 48.153 30.035 23.917 23.807 24.708 21.620 21.540 21.465 22.393 25.323 22.255 43.189 35.129 33.077 33.033 15.001 28.987 55.002 0.000 2.437 55.425 0.000 0.000 0.000 0.000 36.105 34.116 12.187 17.231 15.241 13.192 13.282 13.379 12.459 19.523 26.576 13.639 31.704 49.773 45.806 25.826 10.840 10.848 15.853 0.000 0.000
62.266 61.960 61.660 61.367 58.085 43.823 32.518 0.000 0.000 0.000 0.000 24.320 0.000 0.000 0.000 18.540 19.471 19.377 18.267 18.147 24.024 16.899 16.773 18.647 17.524 16.404 40.287 37.171 45.053 48.928 47.808 42.707 38.620 40.540 36.466 40.395 40.327 41.263 45.202 43.148 44.100 40.062 15.034 27.020 49.018 0.000 0.000 58.404 0.000 0.000 0.000 0.000 33.148 36.167 15.215 13.265 13.300 13.323 13.380 13.446 12.503 19.546 28.569 0.000 0.000 7.819 50.832 26.845 10.856 10.863 14.866 0.000 0.000
62.604 62.294 61.995 61.700 51.406 33.216 0.000 0.000 0.000 0.000 22.367 25.320 38.233 38.108 25.943 18.724 18.582 19.456 19.329 18.199 17.065 17.931 17.797 17.666 16.539 25.417 44.301 23.191 37.080 13.933 46.790 36.694 35.612 35.536 32.463 37.394 38.329 38.267 45.210 43.159 40.115 40.080 15.054 29.039 48.033 0.000 0.000 51.383 0.000 0.000 0.000 0.000 37.172 36.191 12.240 14.315 13.372 14.420 14.471 14.520 15.562 23.589 3.585 0.000 0.000 8.853 50.859 31.868 18.875 12.881 15.884 0.000 0.000
62.934 62.618 63.326 56.033 43.622 33.419 0.000 0.000 0.000 0.000 19.413 36.362 30.271 19.148 20.999 20.830 18.679 17.537 19.396 18.253 19.108 18.963 18.819 17.680 17.548 37.424 37.310 37.212 37.142 0.000 18.728 16.665 17.598 17.528 18.458 22.390 25.326 23.266 43.212 37.163 31.122 33.089 16.065 28.050 47.043 0.000 0.000 24.363 15.355 0.000 0.000 0.000 31.178 14.184 0.000 9.383 15.452 19.516 26.564 26.603 26.636 28.664 0.692 0.000 0.000 56.881 49.885 51.891 39.897 14.901 15.904 0.000 0.000
63.244 62.920 62.658 48.483 0.315 0.000 0.000 0.000 0.000 0.000 35.511 30.443 20.341 21.216 21.073 20.919 20.767 18.616 17.464 17.309 19.151 17.993 17.837 16.688 18.549 33.420 24.304 33.205 34.135 0.000 0.000 32.642 31.587 31.519 31.450 33.383 33.320 34.261 46.207 42.160 37.121 39.089 15.066 24.052 52.046 0.000 0.000 83.351 52.347 19.341 6.338 0.000 0.000 0.000 0.000 0.000 12.539 21.626 25.667 24.693 27.717 29.760 15.830 20.877 36.901 51.905 49.910 49.915 37.920 14.924 14.928 0.000 0.000
63.515 64.159 55.903 38.767 0.000 0.000 0.000 0.000 0.000 42.826 36.678 20.558 21.434 21.301 21.157 21.007 20.853 20.697 17.536 18.368 18.194 18.020 18.849 17.688 17.539 20.404 25.282 37.169 24.058 35.914 40.789 33.673 42.589 32.513 33.441 36.373 35.309 34.250 44.197 40.150 28.111 27.081 16.059 23.047 52.043 0.000 0.000 74.345 64.342 41.338 10.335 0.000 0.000 0.000 0.000 0.000 0.000 32.783 24.785 18.786 15.778 30.830 17.872 19.902 27.920 48.929 50.934 48.939 34.943 14.949 11.957 15.974 9.982
71.711 69.299 42.027 31.915 0.000 0.000 0.000 21.265 35.161 35.974 29.817 24.676 21.538 21.396 21.250 21.098 19.943 22.782 27.614 23.433 18.239 19.043 17.853 17.674 17.516 17.376 24.250 25.132 23.016 29.894 28.779 23.674 35.584 15.503 23.428 30.358 29.293 23.234 42.180 35.133 15.094 14.063 17.042 19.033 23.038 0.000 0.000 52.341 32.338 69.335 55.330 0.000 0.000 43.190 17.162 15.115 15.047 16.940 27.902 21.891 0.000 42.912 30.925 26.939 24.950 35.956 51.960 43.963 26.966 15.970 11.976 18.984 42.991
0.000 0.000 20.989 38.952 0.000 0.000 23.477 33.368 47.245 31.092 29.940 29.792 22.645 21.497 21.347 21.194 28.037 35.876 36.705 28.512 23.285 18.061 16.845 17.639 21.474 18.335 17.210 16.093 21.979 22.867 21.760 22.660 24.570 17.486 23.410 28.338 30.272 26.212 42.157 36.109 18.069 17.037 17.015 13.003 0.000 0.000 0.000 8.339 27.337 27.332 61.320 76.295 69.262 37.218 23.181 24.138 24.085 27.027 48.994 66.984 76.002 74.981 76.977 75.980 69.984 63.986 55.987 38.988 21.989 12.991 13.993 26.997 46.000
12.820 0.000 0.000 0.000 0.000 0.000 26.585 46.488 38.358 41.211 38.059 27.907 20.754 21.601 21.447 32.292 37.137 32.981 27.817 24.626 27.328 22.072 21.827 17.565 22.407 16.279 17.162 18.050 16.942 16.836 16.734 16.638 15.548 16.464 16.386 20.314 26.246 25.184 43.128 37.078 16.035 17.001 16.976 15.963 0.000 0.000 0.000 12.340 38.340 27.337 29.325 44.303 55.274 65.240 67.207 73.170 76.130 76.091 75.063 71.048 62.043 60.031 62.024 65.021 67.019 68.017 66.015 70.014 62.012 29.010 16.010 35.010 52.010
51.502 8.357 0.000 0.000 0.000 27.979 43.792 36.639 28.488 36.334 40.178 41.022 30.864 19.706 29.547 38.391 28.239 20.093 19.958 21.848 0.000 0.000 0.000 14.387 18.309 20.212 20.109 17.005 16.902 17.801 16.703 16.609 16.520 17.437 16.358 16.284 16.215 19.151 36.092 35.039 16.993 16.955 16.927 17.911 18.910 0.000 0.000 11.342 29.344 30.352 42.340 29.317 9.291 13.263 49.236 73.205 57.173 52.144 55.120 48.103 34.090 23.078 14.068 12.061 13.055 23.049 21.044 16.039 55.034 70.030 48.026 46.024 50.022
0.000 22.212 0.094 0.000 27.386 37.166 43.965 27.788 30.622 28.460 26.299 34.137 38.975 33.811 37.647 26.486 20.333 21.195 21.072 28.960 0.000 0.000 0.000 11.286 20.232 31.151 32.058 26.959 22.860 24.762 20.667 19.576 17.488 16.404 16.325 17.250 16.179 16.112 19.050 27.994 15.944 15.900 16.865 15.842 0.000 0.000 0.000 0.000 0.000 44.387 28.366 13.336 27.309 29.286 75.268 56.242 39.215 21.192 12.171 13.153 14.138 15.123 15.110 15.099 14.090 12.081 11.073 12.065 20.057 57.048 65.042 50.038 49.035
0.000 8.068 30.454 32.014 30.606 45.333 30.115 23.926 25.752 24.584 21.420 20.255 35.087 41.916 44.743 32.572 22.414 19.282 27.177 0.000 0.000 0.000 0.000 14.239 24.183 31.103 32.011 31.914 33.817 41.722 39.628 35.538 33.452 29.368 23.288 18.212 16.138 17.069 16.004 20.943 13.887 14.837 15.792 17.751 38.695 0.000 0.000 0.000 6.503 48.443 8.401 17.353 8.322 47.306 65.309 25.280 13.254 15.237 15.220 15.202 15.184 15.167 12.151 12.137 11.124 12.113 12.102 12.091 28.080 43.065 16.056 76.051 48.050
0.000 7.540 30.278 22.981 41.691 41.447 36.237 27.049 20.874 21.707 22.541 33.375 36.204 28.024 30.837 39.646 40.470 30.341 0.000 0.000 0.000 0.000 19.329 25.247 29.159 28.066 28.969 28.871 26.773 33.679 34.587 34.498 35.412 32.329 31.248 32.170 23.095 18.022 18.953 15.887 16.825 15.768 14.717 16.673 31.640 0.000 0.000 0.000 6.563 50.482 12.441 0.000 0.000 0.000 32.382 14.315 15.284 13.283 13.270 13.251 12.230 11.209 12.190 12.173 11.158 12.144 11.132 10.120 13.105 9.078 5.065 69.061 78.069
0.000 4.273 24.138 33.943 43.730 34.526 34.337 36.159 33.991 24.827 30.665 39.500 28.328 21.141 19.933 25.705 35.480 42.271 6.079 0.000 22.814 22.631 17.412 26.262 31.141 32.033 27.929 27.826 19.727 16.633 16.543 16.455 15.370 13.287 20.206 34.126 33.048 31.973 26.899 17.827 15.759 16.694 15.635 15.585 16.551 0.000 0.000 0.000 21.705 0.000 0.000 0.000 0.000 0.000 11.522 0.000 0.000 11.342 10.326 10.302 11.276 13.251 13.228 13.208 12.190 12.175 10.162 10.150 11.143 0.000 0.000 0.000 72.094
0.000 3.141 27.058 45.922 36.760 33.592 33.425 34.261 33.102 34.945 39.790 28.633 22.467 22.279 22.051 20.762 21.473 27.184 43.887 41.461 19.996 18.669 17.424 18.247 30.111 27.997 38.888 26.776 19.676 17.584 18.496 17.410 22.326 30.243 26.162 20.081 26.001 35.921 32.843 31.765 22.689 15.615 15.545 16.479 14.430 0.000 0.000 21.846 9.846 0.000 0.000 23.772 18.773 17.737 9.662 0.000 0.000 16.418 13.390 13.357 13.321 13.290 13.264 13.241 13.221 13.204 13.189 12.178 13.173 15.179 5.178 0.000 14.117
0.000 16.093 41.031 36.927 25.798 30.656 35.509 30.360 36.210 42.061 33.919 21.777 20.627 22.456 22.229 25.819 26.466 20.107 30.824 26.499 23.041 19.626 16.368 23.192 27.060 28.954 19.852 46.714 34.618 24.531 16.447 22.364 41.281 51.199 44.117 21.035 22.952 25.869 29.785 34.702 32.618 28.534 17.448 14.359 21.260 27.133 0.000 0.000 17.989 0.000 0.000 0.000 13.809 13.777 13.727 18.691 17.623 13.521 12.462 13.412 13.363 13.325 13.296 13.271 13.249 13.230 13.214 13.201 12.192 12.186 13.178 16.163 12.142
3.145 37.108 43.046 27.957 22.848 24.725 26.595 37.459 41.319 52.171 51.047 43.928 32.808 21.690 24.591 0.000 0.000 18.954 24.801 21.673 0.000 17.428 21.230 38.092 36.984 39.907 0.000 11.612 51.550 45.475 31.397 37.317 55.237 55.155 53.073 21.990 27.904 27.817 29.729 17.638 26.547 32.454 31.357 30.248 43.117 52.007 0.000 0.000 8.132 33.275 0.000 0.000 36.878 17.835 17.780 17.723 17.656 18.583 12.523 11.468 15.394 12.352 12.323 12.298 12.275 13.255 12.236 11.221 11.207 11.196 11.184 11.170 10.156
2.182 48.148 34.088 23.008 22.911 22.803 35.686 33.563 50.435 65.259 62.170 59.079 53.988 44.907 35.852 0.000 0.000 0.000 12.754 23.719 0.000 0.000 14.031 31.964 30.878 45.783 17.651 18.570 51.497 56.423 52.348 51.271 54.193 54.113 55.031 33.946 25.859 27.768 27.674 17.577 26.477 20.377 39.277 10.159 48.953 70.772 41.502 11.329 0.000 11.419 0.000 13.099 72.989 25.907 27.833 27.764 23.697 24.632 16.579 11.543 0.000 12.366 12.347 15.323 18.299 28.277 18.256 13.238 14.222 14.207 14.193 14.178 14.165
34.253 38.213 32.151 30.075 24.987 36.889 30.784 43.674 21.598 0.000 42.295 61.231 60.159 61.097 44.059 0.000 0.000 0.000 6.742 29.731 0.000 0.000 10.899 25.854 20.782 47.696 58.601 58.520 54.446 54.373 54.301 55.227 54.151 54.073 53.991 47.906 22.816 24.722 22.622 17.517 28.409 29.302 32.214 0.000 33.764 69.626 39.406 57.156 17.841 3.562 15.397 71.208 59.074 30.971 24.883 26.805 20.734 14.671 12.618 10.583 0.000 18.399 26.377 34.349 41.322 50.297 39.274 19.253 13.235 14.217 14.201 14.186 14.172
45.366 34.299 34.229 30.154 37.072 33.984 36.887 60.749 47.687 30.627 51.483 60.393 59.320 58.263 38.229 0.000 0.000 0.000 0.000 0.000 0.000 0.000 16.812 25.771 36.699 52.618 54.537 54.463 54.393 54.324 54.255 54.185 54.112 54.036 53.956 53.871 39.779 29.681 22.575 15.461 19.339 19.209 24.064 42.862 28.714 63.563 49.339 56.048 62.805 48.593 53.422 62.263 38.130 39.018 24.923 23.839 15.765 12.699 13.641 15.588 29.528 35.456 53.411 52.375 51.344 50.316 50.290 40.267 18.246 13.227 14.210 14.193 14.178
36.460 24.387 26.314 38.239 35.163 35.089 5.030 0.000 39.772 65.712 60.619 59.536 61.465 43.406 29.365 13.389 0.000 0.000 0.000 0.000 0.000 0.000 22.766 39.721 51.625 54.541 54.468 54.401 54.338 54.275 54.211 54.145 54.076 54.004 53.926 53.841 54.750 48.648 40.537 32.414 30.278 33.131 23.972 40.807 19.669 61.572 0.000 14.893 49.738 21.583 12.435 68.292 32.164 36.050 33.951 14.865 12.788 13.720 13.657 21.600 42.542 53.484 50.437 50.397 50.363 47.332 46.304 44.279 43.257 17.236 13.217 13.199 13.183
26.551 23.476 36.401 36.326 31.252 51.180 5.113 14.050 53.919 60.829 59.744 59.667 59.598 35.532 35.436 46.412 0.000 0.000 0.000 0.000 0.000 0.000 0.000 0.000 48.539 60.453 55.392 54.337 54.283 54.227 54.170 54.109 54.045 53.976 53.902 53.820 53.729 54.626 55.510 52.379 52.230 55.063 34.888 40.724 14.584 55.484 0.000 0.000 45.671 15.568 25.441 59.309 40.183 32.068 35.968 12.881 13.803 12.734 14.671 24.612 45.556 46.503 51.456 50.415 45.378 42.346 46.316 51.290 50.265 39.243 20.223 19.204 18.187
22.643 36.564 37.488 25.412 36.338 57.266 50.194 56.118 62.025 59.941 59.862 59.791 56.730 40.687 0.000 0.000 0.000 0.000 0.000 0.000 0.000 0.000 0.000 0.000 0.000 5.341 46.312 55.273 54.229 54.182 54.131 54.077 54.019 53.955 53.886 55.809 54.721 54.618 53.498 55.361 54.201 54.004 43.794 41.616 18.458 30.297 60.061 38.874 46.708 15.578 43.452 37.319 40.190 28.071 21.972 13.887 13.811 13.743 21.680 26.621 27.566 32.516 40.469 38.428 39.390 50.356 50.326 50.298 50.272 51.249 45.228 41.208 39.190
37.731 37.651 26.573 22.498 37.424 56.351 62.278 61.203 60.124 60.047 59.973 60.904 51.843 44.799 0.000 0.000 0.000 0.000 0.000 0.000 0.000 0.000 0.000 0.000 2.257 22.257 49.241 55.213 54.179 54.140 54.096 54.049 53.997 53.941 55.878 55.808 55.727 47.628 52.504 55.367 58.207 55.959 49.667 45.489 33.337 17.184 65.012 47.853 49.710 14.585 60.469 24.326 5.190 22.054 12.962 13.883 12.812 21.746 27.685 26.627 26.574 25.524 18.478 14.437 44.399 50.364 50.333 50.304 50.277 50.253 51.231 51.211 51.192
34.815 25.734 23.657 21.582 38.508 58.436 60.364 60.292 60.220 60.149 60.080 62.011 40.938 38.869 0.000 0.000 0.000 0.000 0.000 0.000 0.000 0.000 0.000 0.000 0.000 36.191 55.180 54.161 54.135 54.103 54.066 54.025 55.981 54.932 54.878 54.819 48.751 26.664 42.522 52.397 3.302 0.000 27.426 34.336 43.219 30.089 50.951 68.816 53.692 20.586 62.512 0.000 0.000 10.993 13.939 13.874 15.808 25.745 23.686 24.630 26.578 29.529 23.484 24.442 40.404 50.369 50.337 50.308 50.281 50.256 50.233 50.212 50.192
25.895 23.816 28.739 33.665 48.592 60.521 60.451 60.382 60.315 60.249 60.187 61.121 48.030 0.000 0.000 0.000 0.000 0.000 0.000 21.001 0.000 0.000 0.000 0.000 0.000 11.135 46.130 53.116 54.096 54.070 54.040 54.006 55.968 53.928 53.885 53.840 37.794 33.757 0.000 0.000 0.000 0.000 12.276 19.209 41.113 27.004 31.887 74.770 57.656 36.555 46.481 0.000 41.032 17.986 13.928 13.865 15.802 24.741 35.684 35.629 37.578 43.531 38.486 49.445 50.407 50.372 50.340 50.310 50.282 50.257 50.233 50.212 50.192
26.972 23.894 30.819 49.746 60.674 60.605 60.537 60.471 60.408 60.348 60.296 66.259 0.000 0.000 0.000 0.000 0.000 0.000 21.001 33.001 20.002 35.003 31.005 0.000 1.059 33.086 40.086 51.078 54.063 54.043 54.018 54.990 53.959 53.927 53.893 49.860 38.831 43.811 0.000 0.000 0.000 0.000 29.193 21.111 39.021 14.926 16.825 64.719 63.608 55.496 41.377 41.214 30.078 24.993 13.921 13.856 13.793 23.734 45.678 52.626 51.576 51.529 43.486 50.445 50.407 50.372 50.340 50.310 50.282 50.256 50.232 50.210 50.190
25.047 22.970 37.896 57.825 61.755 60.688 60.622 60.558 60.496 60.439 60.390 67.360 0.000 0.000 0.000 0.000 0.000 0.000 10.001 30.001 30.002 29.003 32.007 16.016 24.031 32.048 32.052 49.047 55.036 54.020 54.000 53.977 53.953 53.927 54.901 46.877 42.858 36.846 0.000 0.000 0.000 0.000 0.000 21.022 39.933 16.855 12.769 51.672 68.563 65.444 46.318 25.188 24.074 24.985 15.910 12.844 13.782 16.725 27.670 47.619 50.571 50.525 42.482 50.442 50.405 50.370 50.338 50.308 50.280 50.254 50.230 50.207 50.187
24.119 26.044 45.972 61.902 60.834 60.769 60.705 60.643 60.582 60.522 62.464 60.432 0.000 0.000 0.000 0.000 0.000 0.000 0.000 35.000 41.001 46.002 37.004 36.010 30.017 26.025 37.026 51.023 54.014 54.001 56.985 54.967 53.947 53.927 53.907 48.890 40.876 35.870 10.876 0.000 0.000 0.000 0.000 0.000 31.834 17.792 13.725 46.638 77.527 58.400 37.263 28.145 30.046 27.963 22.891 11.827 13.768 12.712 16.660 35.610 50.563 50.519 42.477 50.438 50.401 50.366 50.334 50.304 50.276 50.250 50.226 50.203 50.183
24.190 34.116 54.045 61.977 60.911 60.849 60.787 60.727 60.666 61.602 59.513 47.472 31.472 0.000 0.000 0.000 0.000 0.000 0.000 35.999 45.000 44.999 48.999 51.001 34.004 33.007 48.007 54.003 53.996 53.986 54.973 53.958 53.943 53.927 53.912 51.898 39.888 40.883 34.883 0.000 0.000 0.000 0.000 0.000 17.779 17.752 11.703 56.629 44.507 50.365 20.190 40.084 34.001 26.929 26.865 17.806 12.750 13.697 12.647 24.599 47.553 49.510 43.469 50.431 51.394 50.360 50.328 50.298 50.271 50.245 50.221 50.198 50.177
