results3/res_3e8f-0080.wd
ncols         241
nrows         181
xllcorner     12693529.787448
yllcorner     3542525.717860
cellsize      155.156523
NODATA_value  -9999.000000
[rows 99 to 131 of 181, columns 0 to 72 of 241]
0.000 0.000 0.000 0.000 0.000 57.702 97.702 99.702 90.701 85.701 0.000 0.000 0.000 0.000 0.000 0.000 0.000 65.697 62.697 0.000 0.000 0.000 1.690 60.689 59.689 0.687 0.000 0.000 0.000 6.744 0.000 0.000 0.000 0.000 12.594 58.589 54.578 53.559 54.532 55.503 68.471 57.436 61.397 53.355 55.309 53.259 54.206 59.149 60.090 58.029 61.965 54.900 54.833 56.765 59.693 73.616 74.550 59.497 45.449 0.000 0.000 0.000 0.000 0.000 23.060 78.056 75.044 62.021 36.997 31.974 75.953 52.933 54.916
0.000 0.000 0.000 0.000 0.000 58.703 98.703 98.703 0.000 0.000 0.000 0.000 0.000 0.000 0.000 0.000 10.697 76.697 65.697 3.697 0.695 0.694 63.691 62.690 66.690 0.000 0.000 0.000 0.000 64.744 56.744 0.000 0.000 0.000 71.640 81.634 67.624 60.609 54.588 56.563 75.534 60.501 66.463 66.422 57.376 72.326 64.272 65.215 55.155 63.092 63.027 60.961 54.893 55.824 59.752 56.649 18.579 8.538 0.000 0.000 0.000 0.000 0.000 26.037 63.041 75.038 82.028 72.012 47.995 48.977 62.959 53.943 54.927
3.708 0.000 0.000 0.000 0.000 45.704 94.704 103.704 13.705 0.000 0.000 0.000 0.000 0.000 0.000 0.000 0.000 83.698 64.697 65.697 67.696 64.694 61.693 62.692 60.691 0.000 0.000 0.000 0.000 57.744 57.744 58.742 57.735 57.720 56.693 66.683 75.676 22.665 86.649 76.628 81.602 66.571 11.534 82.493 80.447 79.397 83.343 72.284 55.223 58.158 63.091 63.023 59.954 55.887 44.841 0.000 0.000 0.000 0.000 0.000 0.000 0.000 0.000 36.033 63.030 63.025 74.017 73.006 55.993 55.978 54.964 54.951 54.938
71.708 74.708 6.708 0.000 0.000 55.705 94.705 99.705 109.706 14.706 0.000 0.000 0.000 0.000 5.701 5.701 3.700 20.699 68.698 65.697 83.696 97.695 72.694 57.693 0.000 0.000 0.000 0.000 0.000 0.000 56.746 57.748 57.742 57.733 57.727 56.731 56.731 55.726 56.715 61.698 73.675 67.645 10.610 82.569 83.523 61.472 68.417 85.357 79.293 66.226 56.157 62.087 63.013 65.928 50.885 0.000 0.000 0.000 0.000 0.000 0.000 0.000 0.000 0.000 14.019 60.016 57.010 57.001 54.991 54.980 54.969 54.958 54.947
85.709 68.709 68.708 70.708 72.707 91.707 99.706 99.706 99.706 101.706 75.706 14.706 0.000 63.702 70.701 71.701 33.700 28.700 91.699 99.698 94.697 90.696 73.695 0.000 0.000 0.000 0.000 0.000 0.000 0.000 0.000 57.763 56.750 55.745 56.751 57.782 57.791 57.793 57.787 58.775 77.754 72.726 55.691 57.650 68.603 79.552 56.495 68.434 69.367 62.295 82.224 65.154 57.084 0.000 0.000 0.000 0.000 0.000 0.000 0.000 0.000 0.000 0.000 0.000 6.012 60.009 55.005 54.999 54.991 54.983 54.974 52.965 50.956
100.709 90.709 71.709 75.708 93.708 99.707 99.707 99.707 99.707 94.707 66.707 72.706 0.704 54.702 89.702 97.702 97.701 81.700 96.700 103.699 13.699 0.000 0.000 0.000 0.000 0.000 0.000 0.000 0.000 0.000 0.000 57.792 0.000 0.000 0.000 58.854 57.860 57.866 57.866 58.859 74.841 79.814 56.779 57.736 57.688 75.636 76.579 54.517 62.446 81.362 73.291 51.223 0.000 0.000 0.000 0.000 0.000 0.000 0.000 0.000 0.000 0.000 0.000 0.000 3.007 60.005 55.002 54.997 54.992 53.985 52.979 57.972 58.966
100.709 100.709 95.709 98.709 99.708 99.708 99.708 99.708 99.707 95.707 70.707 87.707 0.000 0.000 67.703 91.702 99.702 100.701 99.701 104.700 7.700 0.000 0.000 0.000 0.000 0.000 0.000 0.000 0.000 0.000 0.000 57.820 0.000 0.000 59.928 57.921 57.930 57.944 57.954 57.953 74.938 79.911 56.873 57.828 57.778 58.725 79.669 73.609 80.537 70.418 51.354 0.000 0.000 0.000 0.000 0.000 0.000 0.000 0.000 0.000 0.000 0.000 0.000 0.000 58.004 55.003 55.000 54.997 54.993 53.988 55.984 59.980 60.975
98.710 99.710 99.710 99.709 99.709 99.709 99.709 99.708 99.708 100.708 95.707 102.707 26.706 5.706 55.704 74.703 97.703 99.702 100.702 88.701 2.701 0.000 0.000 0.000 0.000 0.000 0.000 0.000 0.000 0.000 0.000 51.849 56.878 56.906 55.935 57.971 57.996 58.025 58.052 58.061 75.048 80.018 56.975 57.924 57.870 57.816 62.764 85.714 65.674 0.000 0.000 0.000 0.000 0.000 0.000 0.000 0.000 0.000 0.000 0.000 0.000 0.000 0.000 0.000 11.003 62.002 58.000 58.997 56.994 52.992 59.989 60.987 58.985
95.710 100.710 99.710 99.710 99.710 99.710 99.709 99.709 99.709 99.708 100.708 93.707 77.707 68.706 62.705 89.704 99.704 99.703 104.703 7.703 0.000 0.000 0.000 0.000 0.000 0.000 0.000 0.000 0.000 0.000 0.000 0.000 0.000 0.000 0.000 58.032 58.059 58.107 58.168 58.190 74.177 81.138 58.084 58.024 57.963 57.907 57.855 63.809 16.772 0.000 0.000 0.000 0.000 0.000 0.000 0.000 0.000 0.000 0.000 0.000 0.000 0.000 0.000 0.000 0.000 0.000 0.000 0.000 2.996 61.995 59.995 60.995 57.995
95.711 100.711 99.711 99.711 99.711 99.711 99.710 99.710 99.710 99.709 100.709 85.708 64.707 63.707 72.706 96.705 99.705 99.704 105.704 10.704 1.704 0.000 0.000 0.000 0.000 0.000 0.000 0.000 0.000 0.000 0.000 0.000 0.000 0.000 0.000 54.067 58.101 55.177 58.323 58.354 77.330 81.274 58.200 58.123 58.053 57.992 57.941 54.894 4.833 0.000 0.000 0.000 0.000 0.000 0.000 0.000 0.000 0.000 0.000 0.000 0.000 53.994 0.000 0.000 0.000 0.000 0.000 0.000 57.998 58.998 60.999 61.001 58.005
98.712 99.712 99.712 99.712 99.712 99.712 99.711 99.711 99.711 99.710 99.710 96.709 73.708 74.708 91.707 98.706 99.706 99.705 106.705 23.705 0.000 0.000 0.000 0.000 0.000 0.000 0.000 0.000 0.000 0.000 0.000 0.000 0.000 0.000 0.000 0.000 54.101 0.000 57.593 58.574 86.517 73.426 58.318 58.216 58.133 71.069 61.022 55.995 0.000 0.000 0.000 0.000 0.000 0.000 0.000 0.000 0.000 0.000 0.000 0.000 5.994 64.995 49.995 0.000 0.000 0.000 0.000 59.000 62.000 61.001 58.003 54.006 54.013
99.713 99.713 99.713 99.713 99.713 99.713 99.712 99.712 99.712 99.711 99.711 99.710 101.709 101.708 100.708 99.707 99.707 101.706 90.706 33.706 0.000 0.000 0.000 0.000 0.000 0.000 0.000 0.000 0.000 0.000 0.000 0.000 0.000 0.000 0.000 0.000 0.000 0.000 57.882 58.832 92.736 61.597 58.431 58.291 70.194 79.127 58.085 58.067 57.085 0.000 0.000 0.000 0.000 0.000 0.000 0.000 0.000 0.000 0.000 0.000 0.000 60.995 61.995 48.995 0.000 54.998 56.999 61.000 60.001 58.002 57.005 53.009 61.016
98.714 97.714 99.714 99.714 99.714 99.714 99.714 99.713 99.713 99.712 99.712 99.711 99.710 99.709 99.708 99.708 100.707 83.707 11.707 2.706 60.707 74.707 20.706 0.000 0.000 1.706 0.000 0.000 0.000 0.000 0.000 0.000 0.000 0.000 0.000 0.125 0.104 0.000 54.222 65.136 88.000 58.794 55.517 58.325 58.223 58.161 58.123 58.105 58.103 55.103 0.000 0.000 0.000 0.000 0.000 0.000 0.000 0.000 0.000 0.000 0.000 55.995 51.995 57.996 52.997 60.998 60.999 60.000 56.001 59.003 54.006 53.009 53.014
88.715 88.715 97.715 99.716 99.716 99.715 99.715 99.715 99.714 99.714 99.713 100.712 101.711 99.710 99.709 99.709 99.708 21.708 5.707 60.707 70.707 80.707 79.706 72.706 64.706 5.706 0.000 0.000 0.000 0.000 0.000 0.000 0.000 0.000 0.179 59.145 62.082 61.935 58.647 57.490 66.332 54.063 0.000 54.269 58.213 58.170 58.141 58.125 57.119 0.000 0.000 0.000 0.000 0.000 0.000 0.000 57.993 68.993 0.000 0.000 56.994 54.995 54.995 51.996 59.996 60.998 60.999 58.000 61.002 61.003 59.005 54.007 43.009
70.716 75.717 94.717 100.717 99.717 99.717 99.717 99.716 99.716 99.715 101.715 87.714 83.712 98.711 103.710 100.709 95.709 77.708 80.708 86.708 80.707 81.707 60.707 53.706 0.000 0.000 0.000 0.000 0.000 0.000 0.000 0.000 0.000 0.000 50.207 56.208 59.166 59.076 58.943 58.844 60.777 0.000 0.000 0.000 53.189 58.166 58.148 58.136 58.130 0.000 0.000 0.000 0.000 0.000 0.000 17.993 74.993 56.993 54.993 54.993 54.994 54.994 52.995 57.995 60.996 60.997 56.998 61.000 61.002 60.003 54.005 55.006 45.007
54.717 69.718 88.718 101.719 102.719 102.719 100.719 99.718 100.718 99.717 100.717 38.715 9.713 57.711 75.710 96.710 103.709 101.709 101.709 87.708 10.708 0.000 0.000 0.000 0.000 0.000 0.000 0.000 0.000 5.221 7.221 0.000 0.000 0.000 0.000 55.313 59.298 57.259 58.204 60.166 61.155 0.000 0.000 0.000 0.000 51.156 58.147 58.140 55.135 0.000 0.000 0.000 0.000 0.000 0.000 0.000 16.993 70.993 53.993 53.993 54.994 53.994 53.995 59.995 60.996 58.997 46.998 0.000 65.003 59.004 59.004 59.005 45.006
18.718 40.719 73.720 79.721 73.721 75.721 92.721 100.720 96.720 89.719 88.719 23.719 0.000 0.000 0.000 33.710 68.710 94.711 101.711 0.000 0.000 0.000 0.000 0.000 0.000 0.000 0.000 0.000 0.000 47.221 68.221 13.221 0.000 0.000 0.000 55.434 61.455 60.457 69.450 70.461 60.521 5.699 0.000 0.000 0.000 0.000 55.145 56.142 0.000 0.000 0.000 0.000 0.000 0.000 0.000 0.000 0.000 75.993 78.993 58.993 52.994 50.994 60.994 60.995 55.995 0.000 0.000 0.000 6.003 64.004 61.004 61.004 51.005
0.000 0.000 54.723 63.723 15.723 1.723 64.723 93.722 84.722 80.722 94.721 61.722 21.723 0.000 0.000 0.000 0.000 39.712 70.714 0.000 0.000 0.000 0.000 0.000 0.000 0.000 0.000 0.000 0.000 0.000 52.221 70.221 1.221 0.000 0.000 46.533 60.632 58.662 88.678 81.708 59.770 61.877 7.994 0.000 0.000 0.000 50.145 0.000 0.000 0.000 0.000 0.000 0.000 0.000 0.000 0.000 0.000 0.000 63.993 80.993 65.994 59.994 60.994 55.994 0.000 0.000 0.000 0.000 0.000 56.004 61.004 61.004 56.004
0.000 0.000 50.726 95.726 52.726 1.725 53.725 85.724 87.724 98.724 100.724 103.724 109.724 48.725 17.725 0.000 0.000 0.000 10.718 5.719 0.000 0.000 0.000 0.000 0.000 0.000 0.000 0.000 0.000 0.000 53.221 68.221 0.000 5.223 9.224 0.000 53.879 61.882 91.894 73.922 61.973 61.045 66.112 0.000 0.000 0.000 0.000 0.000 0.000 0.000 0.000 0.000 0.000 0.000 0.000 0.000 0.000 0.000 0.000 1.993 68.993 58.994 56.994 0.000 0.000 0.000 0.000 0.000 55.003 54.003 56.004 50.004 0.000
23.733 38.732 72.730 90.729 98.728 67.728 80.727 103.727 100.726 99.726 99.725 99.725 99.725 105.725 108.725 64.725 23.724 5.722 68.721 82.721 75.721 77.721 33.721 9.721 6.721 0.000 0.000 0.000 0.000 0.000 32.222 54.222 60.223 60.223 63.224 22.225 55.122 84.092 86.092 63.114 61.156 61.216 64.297 9.428 4.486 0.000 0.000 0.000 0.000 0.000 0.000 0.000 0.000 0.000 0.000 0.000 0.000 0.000 0.000 0.000 0.000 0.000 2.994 0.000 0.000 0.000 0.000 57.003 52.003 50.003 0.000 0.000 0.000
96.734 99.733 99.732 97.731 95.731 96.730 98.729 98.729 99.728 100.728 100.727 99.727 92.727 96.726 99.726 103.725 107.724 108.723 100.722 96.721 93.721 88.721 90.721 83.721 39.721 17.721 0.000 0.000 0.000 0.000 0.000 0.000 0.000 0.000 0.000 79.329 68.293 97.272 88.270 75.286 62.320 61.368 61.431 65.502 61.544 0.000 0.000 0.000 0.000 0.000 0.000 0.000 0.000 0.000 0.000 0.000 0.000 0.000 0.000 0.000 0.000 0.000 0.000 0.000 0.000 0.000 0.000 0.000 0.000 0.000 0.000 0.000 0.000
99.736 94.735 92.735 91.734 85.733 82.733 83.732 83.731 89.730 94.730 94.729 87.728 71.728 86.727 99.726 99.726 99.725 99.724 99.723 99.722 100.722 100.721 103.721 104.721 104.721 104.720 43.720 0.000 0.000 0.000 0.000 0.000 0.000 0.000 0.000 51.468 77.449 82.432 66.429 83.442 71.468 61.507 61.555 64.606 7.643 0.000 0.000 0.000 0.000 0.000 0.000 0.000 0.000 0.000 0.000 0.000 0.000 0.000 0.000 0.000 0.000 0.000 0.000 0.000 0.000 0.000 0.000 0.000 0.000 0.000 0.000 0.000 0.000
69.738 42.737 64.737 78.736 76.736 56.735 41.734 37.734 57.733 74.732 73.731 66.730 61.729 71.728 92.727 100.726 99.725 99.724 99.723 99.723 99.722 103.722 78.721 66.721 65.721 69.720 72.720 11.720 0.720 0.000 0.000 0.000 0.000 0.000 0.000 49.628 85.602 68.579 60.573 70.583 81.605 65.637 61.677 61.724 67.780 11.876 5.920 0.000 0.000 0.000 0.000 0.000 0.000 0.000 0.000 0.000 0.000 0.000 0.000 0.000 0.000 0.000 0.000 0.000 0.000 0.000 0.000 0.000 0.000 0.000 0.000 0.000 0.000
59.740 30.740 52.740 67.739 63.738 40.738 26.737 30.736 50.735 64.734 62.733 62.732 63.731 61.730 80.728 97.727 99.726 99.725 99.724 99.723 98.723 61.722 0.000 0.000 0.000 0.000 0.000 0.000 0.000 55.993 75.993 27.992 13.988 9.975 56.926 73.812 90.753 67.710 61.702 59.711 76.731 78.758 64.793 61.832 61.877 64.929 73.964 11.994 7.001 0.000 0.000 0.000 0.000 0.000 0.000 0.000 0.000 0.000 0.000 0.000 0.000 0.000 0.000 0.000 0.000 0.000 0.000 0.000 0.000 0.000 0.000 0.000 0.000
72.743 68.743 63.742 62.742 63.741 65.740 66.739 69.738 68.737 64.736 63.735 63.734 63.732 62.731 69.729 91.728 100.727 99.725 101.724 73.724 39.723 0.000 0.000 0.000 0.000 0.000 0.000 0.000 0.000 20.993 42.993 45.994 49.998 64.011 60.992 81.941 78.888 52.804 59.815 61.828 63.848 76.874 68.903 63.934 61.967 60.997 78.014 69.016 63.009 0.000 0.000 0.000 0.000 0.000 0.000 0.000 0.000 0.000 0.000 0.000 0.000 0.000 0.000 0.000 0.000 0.000 0.000 0.000 0.000 0.000 0.000 0.000 0.000
62.746 63.746 63.745 63.745 63.744 63.743 63.742 63.741 63.740 63.739 63.737 63.736 63.734 63.732 61.731 82.729 99.727 101.726 97.725 23.724 0.000 0.000 0.000 0.000 0.000 0.000 0.000 0.000 0.000 0.000 0.000 0.000 0.000 48.081 65.088 91.073 65.055 0.000 47.924 62.940 60.961 64.985 66.011 75.036 64.060 62.078 61.080 57.048 0.000 0.000 0.000 0.000 0.000 0.000 0.000 0.000 0.000 0.000 0.000 0.000 0.000 0.000 0.000 0.000 0.000 0.000 0.000 0.000 0.000 0.000 0.000 0.000 22.192
63.749 63.749 63.748 63.748 63.747 63.746 63.745 62.744 62.743 63.741 63.740 63.738 63.736 63.734 62.732 70.730 85.728 96.726 84.724 10.723 0.000 0.000 0.000 0.000 0.000 0.000 0.000 0.000 0.000 0.000 0.000 0.000 0.000 25.143 74.205 99.210 9.202 0.000 46.018 64.045 62.071 61.095 69.118 80.140 68.159 62.174 66.180 0.000 0.000 0.000 0.000 0.000 0.000 0.000 0.000 0.000 0.000 0.000 0.000 0.000 0.000 0.000 0.000 0.000 0.000 0.000 0.000 0.000 0.000 0.000 0.000 0.000 79.268
63.752 63.752 63.752 63.751 63.751 63.750 63.748 67.747 68.746 64.744 63.742 63.740 63.738 63.736 63.733 62.731 65.728 74.726 74.723 15.722 0.000 0.000 0.000 0.000 0.000 0.000 17.298 0.000 0.000 0.000 0.000 0.000 0.000 0.000 78.380 93.359 16.343 0.000 30.085 61.152 62.184 62.207 61.227 66.246 68.263 64.278 66.287 0.000 0.000 0.000 0.000 0.000 0.000 0.000 0.000 0.000 0.000 0.000 0.000 0.000 0.000 0.000 0.000 0.000 0.000 0.000 0.000 0.000 0.000 0.000 0.000 63.492 72.399
63.756 63.756 63.756 63.755 63.754 63.753 62.752 74.750 79.749 66.747 63.745 63.743 63.740 63.738 63.735 63.731 63.728 62.725 65.722 46.720 0.000 0.000 0.000 0.000 0.000 59.299 80.298 42.296 33.285 32.271 0.000 0.000 0.000 59.706 101.576 75.504 75.466 2.488 0.000 47.293 64.306 62.321 62.337 60.353 76.370 80.387 74.403 0.000 0.000 0.000 0.000 0.000 0.000 0.000 0.000 0.000 0.000 0.000 0.000 0.000 0.000 0.000 0.000 0.000 0.000 0.000 0.000 0.000 0.000 0.000 37.660 88.586 74.508
63.760 63.760 63.759 63.759 63.758 63.757 62.756 75.754 81.752 65.750 63.748 63.746 63.743 63.740 63.736 63.733 63.729 63.724 63.720 69.715 40.709 0.000 0.000 0.000 0.000 22.300 37.300 59.303 67.289 71.257 45.196 21.112 55.999 93.837 91.712 71.616 53.531 11.509 0.000 47.421 64.427 63.435 66.446 61.459 70.476 93.499 90.535 35.607 0.000 15.770 0.000 0.000 0.000 0.000 0.000 0.000 0.000 0.000 0.000 0.000 0.000 0.000 0.000 0.000 0.000 0.000 0.000 0.000 0.000 0.000 74.735 130.681 113.616
60.764 61.764 62.764 62.763 63.762 63.761 61.760 76.758 79.756 62.754 63.751 63.749 63.746 63.742 63.738 63.734 63.729 63.724 63.718 63.711 69.703 49.693 0.681 0.000 0.000 0.000 0.000 35.329 66.310 62.273 65.218 69.143 81.047 97.930 81.820 49.718 0.000 0.000 0.000 46.545 63.544 66.546 79.552 65.562 75.576 76.598 95.631 99.680 82.741 32.770 0.000 0.000 0.000 0.000 0.000 0.000 0.000 0.000 0.000 0.000 0.000 0.000 0.000 0.000 0.000 0.000 0.000 0.000 0.000 60.957 70.863 71.790 74.721
81.769 76.769 71.768 69.767 65.767 61.765 61.764 76.762 79.760 61.758 63.755 63.752 63.749 63.745 63.741 63.736 62.731 61.724 62.717 62.709 62.698 68.686 45.669 22.655 0.000 0.000 0.000 34.373 72.348 66.309 61.259 74.194 97.115 91.018 58.919 0.000 0.000 0.000 0.000 44.668 62.659 67.654 74.654 69.660 74.670 73.686 86.709 80.740 73.774 46.799 1.820 0.000 0.000 0.000 0.000 0.000 0.000 0.000 0.000 0.000 0.000 0.000 0.000 0.000 7.767 0.000 0.000 4.130 38.130 66.051 134.969 98.901 130.784
101.774 100.773 96.773 91.772 87.771 82.770 77.769 73.767 68.765 62.762 63.759 63.756 63.753 63.749 62.744 64.739 70.733 75.726 74.718 72.708 66.697 61.682 65.664 71.641 35.605 16.564 20.513 54.443 77.399 68.358 64.313 87.262 99.200 55.109 0.068 0.000 0.000 7.899 14.872 48.800 61.771 66.757 82.752 72.752 65.758 58.767 64.781 82.798 79.816 85.831 4.841 0.000 0.000 0.000 0.000 0.000 0.000 0.000 0.000 0.000 0.000 0.000 0.000 0.000 4.767 0.000 0.000 0.000 73.210 64.146 74.075 96.967 73.138
