results3/res_3e8f-0054.wd
ncols         241
nrows         181
xllcorner     12693529.787448
yllcorner     3542525.717860
cellsize      155.156523
NODATA_value  -9999.000000
[rows 99 to 131 of 181, columns 74 to 147 of 241]
50.774 50.772 49.774 49.777 54.782 57.789 54.797 50.803 50.807 44.807 0.805 0.000 0.000 0.000 0.000 0.000 7.466 65.652 90.717 88.777 87.986 94.754 94.681 87.788 88.482 88.324 88.211 89.102 88.998 87.904 91.823 50.766 0.000 0.000 0.000 0.000 0.000 0.000 8.226 34.061 45.880 13.624 0.000 25.156 28.114 26.055 29.977 26.736 24.253 0.000 17.918 21.854 36.784 42.727 45.683 43.650 38.626 31.609 26.599 21.595 0.000 0.000 0.000 0.000 0.000 0.000 11.928 23.927 47.927 48.926 48.925 48.925 46.924 0.000
50.776 49.775 47.776 51.778 56.781 57.787 57.795 51.801 48.804 53.805 53.804 14.804 0.000 10.960 40.934 17.896 0.000 54.013 93.942 89.227 89.273 94.814 87.116 88.900 88.549 88.457 88.340 88.229 88.123 90.029 88.950 24.897 0.000 0.000 0.000 0.000 0.000 0.000 12.391 18.302 29.219 0.000 0.000 20.351 28.312 27.244 31.141 30.978 1.703 0.000 12.873 26.828 31.758 52.713 53.679 53.652 54.632 55.617 53.607 34.603 0.000 0.000 0.000 0.000 0.000 0.000 10.925 23.922 47.920 48.919 48.918 48.917 41.916 1.916
49.778 49.776 52.776 55.778 56.780 31.781 0.000 24.802 60.803 33.804 7.804 0.000 0.000 21.986 71.946 68.859 60.677 79.368 90.471 87.449 94.897 88.412 89.215 88.776 88.706 88.583 88.466 88.349 89.237 87.139 75.052 21.974 0.000 0.000 0.000 0.000 0.000 15.810 22.645 20.539 21.474 0.000 0.000 26.584 44.541 37.469 32.363 7.170 0.000 0.000 0.000 0.000 25.708 50.689 54.668 52.649 52.632 52.620 54.611 27.607 21.605 21.604 27.604 0.000 0.000 0.000 0.000 22.914 47.914 48.913 48.912 48.910 31.909 0.000
48.778 53.776 56.776 56.777 56.778 21.779 0.000 0.000 3.803 0.000 0.000 0.000 0.000 15.053 78.006 83.916 91.779 91.656 88.740 95.275 95.039 88.390 89.098 88.944 88.829 88.712 88.591 88.465 94.339 44.237 12.144 0.000 0.000 0.000 0.000 0.000 7.117 24.976 20.841 20.734 19.665 25.670 0.000 19.861 45.798 44.729 42.674 0.000 0.000 0.000 0.000 0.000 23.677 52.668 56.656 53.642 52.630 50.619 39.612 20.607 16.605 17.604 1.604 0.000 0.000 0.000 0.000 18.909 47.908 48.907 48.905 44.904 11.901 16.895
54.777 56.776 56.775 54.776 60.777 30.777 0.000 0.000 0.000 0.000 0.000 0.000 0.000 26.165 84.109 87.028 90.869 90.061 90.041 95.484 87.797 89.498 89.169 89.077 88.961 88.845 92.722 98.582 53.416 22.326 0.000 0.000 0.000 0.000 0.000 8.372 31.259 25.135 18.010 22.891 26.784 23.675 21.488 35.203 39.061 28.975 36.930 0.000 0.000 0.000 0.000 0.000 29.656 53.652 58.645 57.636 53.625 48.616 17.610 15.606 16.605 23.604 0.000 0.000 0.000 0.000 12.903 16.904 45.903 48.902 48.900 42.898 13.896 12.893
56.775 56.774 55.774 33.774 0.000 18.776 20.775 0.000 0.000 0.000 0.000 0.000 17.452 70.334 84.247 87.133 89.265 90.245 95.850 95.676 88.786 89.484 89.318 89.208 89.096 92.984 54.870 14.726 0.000 32.325 18.325 0.000 0.000 0.000 0.000 16.487 50.410 41.298 36.171 31.038 31.903 29.759 30.588 43.401 37.267 21.182 23.140 0.000 0.000 0.000 0.000 0.000 29.639 57.637 22.638 20.631 52.619 55.610 25.605 16.602 21.603 0.000 0.000 0.000 0.000 0.000 0.000 12.901 30.898 46.897 49.895 42.894 13.892 12.889
56.773 52.773 56.773 38.773 0.000 9.775 39.775 0.000 0.000 0.000 0.000 7.670 69.571 83.472 89.382 89.337 89.459 96.161 96.011 88.136 89.904 89.548 89.455 89.339 89.229 93.127 65.048 0.000 0.000 2.325 5.325 0.000 0.000 0.000 0.000 3.677 35.598 40.477 50.337 46.188 34.032 36.869 45.703 40.546 28.425 20.346 21.309 0.000 0.000 0.000 0.000 0.000 27.623 61.622 0.000 0.000 1.609 48.602 38.598 19.596 0.000 0.000 0.000 0.000 0.000 0.000 0.000 0.000 9.894 35.893 45.891 38.890 14.889 12.887
51.770 50.770 66.772 45.772 0.000 8.775 36.775 0.000 0.000 0.000 1.865 65.769 78.689 88.609 91.476 90.704 88.716 96.300 87.465 89.231 85.784 87.706 89.581 89.466 90.354 84.247 74.148 22.148 0.000 0.000 0.000 0.000 0.000 0.000 0.000 25.948 30.827 30.675 32.514 41.346 44.169 46.984 40.809 27.656 21.542 20.469 19.442 23.476 8.476 0.000 0.000 0.000 16.610 53.606 19.597 8.594 0.596 43.592 49.590 29.588 0.000 0.000 0.000 0.000 0.000 0.000 0.000 0.000 4.890 28.889 33.888 20.887 12.886 12.885
57.767 53.767 0.000 0.000 0.000 0.000 0.000 0.000 0.000 0.000 2.949 81.887 83.816 91.714 90.864 89.867 96.543 96.427 89.432 89.113 88.949 88.827 87.707 88.590 90.474 47.361 0.000 0.000 0.000 0.000 0.000 0.000 0.000 12.019 26.759 37.341 34.087 32.883 29.697 30.512 33.314 45.090 45.892 37.729 26.616 19.547 19.514 21.512 0.000 0.000 0.000 0.000 1.599 43.596 21.592 17.591 17.589 49.585 52.581 35.579 0.000 0.000 31.555 0.000 0.000 0.000 0.000 0.000 7.888 31.886 26.885 12.884 12.884 11.884
59.764 46.764 0.000 0.000 0.000 0.000 0.000 0.000 0.000 0.000 69.072 79.016 90.943 90.920 90.045 96.748 96.649 88.762 90.528 90.173 90.074 89.951 89.831 91.711 41.593 0.000 0.000 0.000 0.000 0.000 0.000 11.016 27.728 40.279 35.917 34.570 34.296 34.074 34.879 32.693 31.486 5.171 23.939 48.753 30.649 18.587 21.555 19.545 7.551 0.000 0.000 0.000 2.592 35.586 13.583 0.000 0.000 5.578 42.572 31.567 40.560 47.556 6.555 0.000 0.000 0.000 0.000 0.000 0.000 22.882 20.882 13.882 15.883 13.883
51.762 50.761 26.759 0.000 0.000 0.000 0.000 0.000 0.000 22.375 82.250 89.162 91.060 91.197 89.298 96.838 89.065 90.838 90.396 90.321 90.195 91.075 91.953 53.832 0.000 0.000 0.000 0.000 0.000 0.000 30.711 41.305 36.889 35.452 35.062 34.727 34.456 34.237 34.054 33.895 42.766 0.000 0.000 16.696 25.639 17.599 26.575 26.563 8.557 0.000 0.000 0.000 0.000 19.575 56.571 24.564 0.000 0.000 43.561 37.559 28.556 28.554 0.000 0.000 0.000 0.000 0.000 0.000 0.000 1.879 12.879 13.879 0.000 0.000
0.000 53.758 51.758 40.757 0.000 0.000 0.000 0.000 13.613 72.501 86.392 92.297 91.253 90.381 96.990 96.919 90.019 90.711 90.553 90.436 91.320 93.199 54.076 0.000 0.000 0.000 0.000 0.000 18.008 28.692 40.118 36.603 36.071 32.580 32.152 31.819 32.563 34.364 34.204 37.068 13.916 0.000 0.000 0.000 21.611 20.596 38.583 34.576 0.000 0.000 0.000 0.000 0.000 3.569 48.563 60.558 17.553 43.551 57.553 49.553 25.551 18.550 0.000 0.000 0.000 0.000 0.000 0.000 0.000 7.876 13.876 17.876 0.000 0.000
0.000 55.757 45.757 52.756 44.756 5.755 0.000 6.826 73.725 82.622 92.530 91.376 91.609 89.606 97.050 89.323 91.108 90.761 90.671 91.556 92.450 46.324 0.000 0.000 0.000 0.000 0.000 30.662 41.325 38.950 37.466 38.920 38.212 43.646 48.146 42.835 35.615 29.452 33.331 39.255 0.000 0.000 0.000 0.000 24.599 25.593 47.586 35.581 0.000 0.000 0.000 0.000 0.000 0.000 43.554 52.552 57.550 53.548 53.549 57.548 41.547 20.545 21.541 0.000 0.000 0.000 0.000 0.000 9.874 14.874 12.874 17.874 0.000 0.000
0.000 23.756 74.756 37.756 0.000 0.000 12.012 71.928 76.838 90.750 91.606 91.840 89.730 97.135 89.593 91.396 90.965 90.901 91.783 88.672 43.598 0.000 0.000 0.000 0.000 0.000 33.313 41.000 38.679 38.319 41.876 16.398 0.000 0.000 12.952 38.759 40.612 41.497 33.414 34.368 0.000 0.000 0.000 0.000 5.594 23.589 30.586 29.583 0.000 0.000 0.000 0.000 0.000 0.000 34.547 47.547 52.545 53.545 54.545 50.544 46.543 31.541 19.538 23.534 29.533 0.000 0.000 0.000 0.000 12.873 13.872 15.872 0.000 0.000
0.000 0.755 75.755 62.755 0.000 0.000 19.096 80.035 87.958 91.848 92.990 92.977 97.478 97.266 90.549 91.259 91.114 91.009 85.900 75.748 26.673 0.000 0.000 0.000 22.123 30.954 42.627 39.346 39.074 42.770 20.323 0.000 0.000 0.000 0.000 36.637 33.577 37.512 43.460 43.435 21.448 0.000 0.000 0.000 0.000 25.586 19.584 26.584 0.000 0.000 0.000 0.000 0.000 0.000 21.542 38.542 52.541 47.541 40.541 42.542 3.541 28.539 37.536 30.533 26.532 0.000 0.000 0.000 0.000 0.000 7.870 12.869 17.868 0.000
0.000 0.000 3.755 52.755 0.000 7.345 73.242 85.160 92.080 92.041 92.168 97.857 97.673 89.851 91.643 91.302 91.224 84.130 50.058 0.000 0.000 0.000 0.000 40.461 34.292 42.113 39.893 39.685 40.501 18.364 0.000 0.000 0.000 0.000 0.000 39.575 33.548 33.513 35.481 39.463 41.461 0.000 0.000 0.000 0.000 6.584 25.583 0.582 0.000 0.000 0.000 0.000 0.000 0.000 17.538 28.538 35.537 27.537 24.537 0.000 0.000 0.000 21.533 25.531 34.529 0.000 0.000 0.000 0.000 0.000 1.869 12.868 13.868 0.000
0.000 0.000 0.000 0.000 7.531 76.449 81.364 92.290 92.164 93.396 93.423 98.029 90.166 91.937 91.497 91.430 81.322 70.229 34.143 0.000 0.000 0.000 34.786 56.630 41.473 33.313 41.148 38.999 41.883 11.821 0.000 0.000 0.000 0.000 28.533 35.540 34.529 34.509 31.490 27.477 29.472 0.000 0.000 0.000 0.000 0.000 32.581 0.000 0.000 0.000 0.000 0.000 0.000 0.000 19.534 18.534 17.534 15.533 21.533 0.000 0.000 0.000 0.000 19.527 37.527 0.000 0.000 0.000 0.000 0.000 0.000 5.867 18.867 31.867
0.000 0.000 0.000 0.000 79.612 78.556 92.486 92.388 93.541 93.566 98.341 98.190 91.124 92.801 90.637 76.514 65.414 39.322 0.000 0.000 0.000 29.088 46.943 46.799 53.657 41.519 31.389 37.280 47.212 50.216 13.367 0.000 0.000 0.000 40.526 34.525 34.518 33.505 29.493 23.483 24.478 0.000 0.000 0.000 0.000 0.000 5.580 13.578 0.000 0.000 0.000 0.000 0.000 0.000 21.532 15.531 16.530 16.530 18.529 1.527 0.000 0.000 0.000 6.525 27.523 5.521 0.000 0.000 0.000 0.000 0.000 0.866 0.000 0.000
0.000 0.000 0.000 18.841 79.750 91.678 92.606 93.577 95.722 98.622 98.484 90.445 92.200 88.844 77.737 66.583 38.498 0.000 0.000 0.000 31.366 52.233 38.100 29.967 43.838 55.716 43.608 46.521 47.469 34.464 40.518 19.586 0.000 0.517 32.520 28.517 35.511 30.503 22.493 21.485 25.480 0.000 0.000 0.000 0.000 0.000 0.000 32.577 0.000 0.000 0.000 0.000 0.000 0.000 3.530 18.528 16.528 16.527 16.526 24.525 0.000 0.000 0.000 0.000 8.521 19.519 25.518 0.000 0.000 0.000 0.000 0.000 0.000 0.000
0.000 0.000 0.000 61.931 87.870 93.806 92.688 92.927 90.974 98.753 90.738 92.495 87.056 75.982 50.855 0.000 0.000 0.000 0.000 31.611 52.500 39.380 28.256 28.131 30.012 40.902 55.805 46.729 31.678 39.655 41.655 15.655 0.000 0.000 57.517 44.514 33.509 27.501 23.492 20.483 21.478 15.475 0.000 0.000 0.000 0.000 0.000 11.577 0.000 0.000 0.000 0.000 0.000 0.000 0.000 20.525 16.525 16.525 16.524 18.523 2.522 0.000 0.000 0.000 0.000 16.517 19.517 0.000 0.000 0.000 0.000 0.000 0.000 0.000
0.000 0.000 65.189 62.082 68.003 82.905 94.060 91.099 98.997 98.878 91.672 87.352 76.199 55.088 0.000 0.000 13.833 0.000 0.000 56.722 39.642 28.532 29.412 28.291 31.177 45.073 53.984 54.911 38.859 34.824 45.793 19.724 0.000 0.000 0.000 1.513 0.000 0.000 0.000 24.477 31.475 32.473 18.471 0.000 0.000 0.000 0.000 0.000 0.000 0.000 0.000 0.000 0.000 0.000 0.000 20.523 19.524 22.524 17.523 14.521 23.521 0.000 0.000 0.000 0.000 30.516 35.516 0.000 0.000 0.000 0.000 0.000 0.000 0.000
0.000 4.390 66.297 63.206 64.124 74.091 90.240 99.223 99.111 90.960 87.719 75.384 49.304 0.000 0.000 30.869 29.834 11.784 0.000 44.914 28.816 29.694 28.568 29.446 44.333 50.231 14.145 5.075 57.023 42.989 20.969 0.000 0.000 0.000 0.000 0.000 0.000 0.000 0.000 42.473 36.472 33.471 29.470 0.000 0.000 0.000 0.000 0.000 0.000 0.000 0.000 0.000 0.000 0.000 8.518 17.519 0.000 0.000 0.000 17.519 21.519 0.000 0.000 0.000 0.000 34.515 3.516 0.000 0.000 0.000 0.000 0.000 0.000 0.000
79.560 67.484 64.402 62.326 63.201 64.435 68.487 99.330 90.204 85.960 75.547 49.501 0.000 0.000 0.000 34.905 32.849 52.734 36.512 29.204 30.015 28.860 31.720 51.593 48.477 29.375 25.289 30.220 58.170 55.139 19.127 0.000 0.000 0.000 0.000 0.000 0.000 0.000 0.000 49.470 49.470 44.469 35.468 0.000 0.000 0.000 0.000 0.000 0.000 0.000 0.000 0.000 0.000 0.000 20.517 22.518 0.000 0.000 0.000 20.518 21.518 0.000 0.000 0.000 0.000 5.515 0.000 0.000 0.000 0.000 0.000 0.000 0.000 0.000
77.637 91.581 83.512 68.413 69.564 61.603 99.532 99.432 69.080 73.757 49.654 0.000 0.000 0.000 0.000 36.997 49.925 47.792 29.599 29.374 29.180 40.012 51.862 40.727 29.608 29.504 29.417 30.348 39.298 57.271 53.274 14.330 0.000 0.000 0.000 0.000 0.000 0.000 0.000 35.469 37.468 49.467 50.466 6.465 0.000 0.000 0.000 0.000 0.000 0.000 0.000 0.000 0.000 12.514 22.515 0.000 0.000 0.000 0.000 21.517 19.517 0.000 0.000 0.000 0.000 0.000 0.000 0.000 0.000 0.000 0.000 0.000 0.000 0.000
90.770 93.694 93.621 88.589 78.737 99.725 99.629 61.205 55.996 0.000 0.000 0.000 0.000 0.000 0.000 48.162 53.062 28.909 30.719 30.514 42.321 51.145 32.988 29.847 29.723 29.616 29.527 29.456 29.404 38.374 58.367 51.386 25.417 16.429 20.432 0.000 0.000 0.000 0.000 0.000 15.467 55.466 55.465 16.464 0.000 0.000 0.000 0.000 0.000 0.000 0.000 0.000 0.000 1.514 0.513 0.000 0.000 0.000 0.000 1.517 28.517 0.000 0.000 0.000 0.000 0.000 0.000 0.000 0.000 0.000 0.000 0.000 0.000 0.000
93.881 93.812 93.692 97.928 88.978 99.820 61.256 63.916 58.693 0.000 0.000 0.000 0.000 0.000 41.622 53.426 30.254 31.062 30.855 38.644 51.444 29.261 30.097 29.951 29.823 29.712 29.619 29.545 29.490 29.453 33.434 34.431 29.436 30.439 37.435 19.434 0.000 0.000 0.000 0.000 0.000 10.464 46.464 9.463 0.000 0.000 0.000 0.000 0.000 0.000 0.000 0.000 0.000 0.000 0.000 0.000 0.000 0.000 0.000 0.000 0.000 0.000 0.000 0.000 0.000 0.000 0.000 0.000 0.000 0.000 0.000 0.000 0.000 0.000
89.992 93.898 95.053 92.092 100.004 99.912 65.832 50.158 0.000 0.000 0.000 0.000 0.000 0.000 58.818 35.669 31.464 31.233 32.994 53.763 33.549 30.358 30.189 30.038 29.905 29.789 29.693 29.617 29.558 29.515 28.486 27.468 30.459 12.455 0.000 0.000 0.000 0.000 0.000 0.000 0.000 0.000 39.463 27.462 0.000 0.000 0.000 0.000 0.000 0.000 0.000 0.000 0.000 0.000 0.000 0.000 0.000 0.000 0.000 0.000 0.000 0.000 0.000 0.000 0.000 0.000 0.000 0.000 0.000 0.000 0.000 0.000 0.000 0.000
69.102 73.074 69.224 100.186 100.095 77.435 58.459 49.126 0.000 0.000 0.000 0.000 0.000 0.000 34.165 29.966 29.701 28.410 41.127 33.866 27.633 28.434 28.262 28.109 27.969 28.847 29.748 29.671 29.610 28.564 26.527 28.497 28.478 25.467 15.463 18.458 20.453 19.448 21.445 0.000 0.000 0.000 0.000 36.461 8.460 0.000 0.000 0.000 0.000 0.000 0.000 0.000 0.000 0.000 0.000 0.000 0.000 0.000 0.000 0.000 0.000 0.000 0.000 0.000 0.000 0.000 0.000 0.000 0.000 0.000 0.000 0.000 0.000 0.000
106.172 71.413 101.465 100.275 60.093 50.634 0.000 64.037 22.086 0.000 0.000 0.000 0.000 78.169 56.710 27.331 34.964 45.581 44.239 39.940 37.682 37.482 37.317 36.167 30.015 25.883 29.783 29.707 29.650 28.603 28.561 32.516 32.489 33.474 43.465 43.458 39.453 32.447 31.442 10.438 0.000 0.000 0.000 0.000 1.459 0.000 0.000 0.000 0.000 0.000 0.000 0.000 0.000 0.000 0.000 0.000 0.000 0.000 0.000 0.000 0.000 0.000 0.000 0.000 0.000 0.000 0.000 0.000 0.000 0.000 0.000 0.000 0.000 0.000
110.964 109.005 100.440 100.360 88.198 0.000 30.879 58.879 132.137 107.561 0.000 25.625 15.127 76.629 36.174 33.685 105.244 95.711 91.308 90.974 89.674 88.497 87.359 86.226 57.043 23.887 29.793 29.727 29.678 29.639 21.600 0.000 0.000 0.000 0.000 0.000 0.000 0.000 48.437 27.435 0.000 0.000 0.000 0.000 0.000 0.000 0.000 0.000 0.000 0.000 0.000 0.000 0.000 0.000 0.000 0.000 0.000 0.000 0.000 0.000 0.000 0.000 0.000 0.000 0.000 0.000 0.000 0.000 0.000 0.000 0.000 0.000 0.000 0.000
110.127 100.589 100.516 84.770 0.000 0.000 0.000 1.814 53.021 40.986 0.000 7.124 0.000 36.046 32.673 41.992 97.618 0.000 0.000 0.000 33.545 42.473 103.395 16.335 0.000 33.831 29.776 29.730 30.696 12.675 0.000 0.000 0.000 0.000 0.000 0.000 0.000 0.000 1.433 48.430 4.424 0.000 0.000 0.000 0.000 0.000 0.000 0.000 0.000 0.000 0.000 0.000 0.000 0.000 0.000 0.000 0.000 0.000 0.000 0.000 0.000 0.000 0.000 0.000 0.000 0.000 0.000 0.000 0.000 0.000 0.000 0.000 0.000 0.000
109.355 100.657 109.270 111.115 31.403 0.000 8.022 35.023 44.774 22.377 0.115 28.623 74.445 72.838 65.480 0.000 16.617 0.000 0.000 16.487 44.487 89.455 52.415 17.385 0.000 0.000 35.748 29.722 30.702 11.690 0.000 0.000 0.000 0.000 0.000 0.000 0.000 0.000 0.000 0.000 34.419 0.000 0.000 0.000 0.000 0.000 0.000 0.000 0.000 0.000 0.000 0.000 0.000 0.000 0.000 0.000 0.000 0.000 0.000 0.000 0.000 0.000 0.000 0.000 0.000 0.000 0.000 0.000 0.000 0.000 0.000 0.000 0.000 0.000
100.780 100.721 89.780 32.544 0.000 0.000 0.000 0.000 21.676 0.000 0.000 22.294 65.874 119.380 54.930 0.000 0.000 0.000 0.000 0.000 58.462 93.447 23.425 20.405 0.000 0.000 0.000 34.707 28.700 26.695 24.694 12.693 0.000 0.000 0.000 0.000 0.000 0.000 0.000 0.000 48.413 6.411 0.000 0.000 0.000 0.000 0.000 0.000 0.000 0.000 0.000 0.000 0.000 0.000 0.000 0.000 0.000 0.000 0.000 0.000 0.000 0.000 0.000 0.000 0.000 0.000 0.000 0.000 0.000 0.000 0.000 0.000 0.000 0.000
