results3/res_3e8f-0082.wd
ncols         241
nrows         181
xllcorner     12693529.787448
yllcorner     3542525.717860
cellsize      155.156523
NODATA_value  -9999.000000
[rows 33 to 65 of 181, columns 146 to 218 of 241]
60.637 59.873 59.624 60.291 26.984 38.690 60.414 54.143 32.786 0.000 0.000 16.304 0.000 0.000 13.324 38.340 25.342 0.000 0.000 0.000 29.936 37.908 0.000 22.544 14.494 15.415 19.283 28.148 46.002 36.895 31.796 26.716 27.648 27.589 26.535 25.483 24.426 32.347 42.272 34.224 34.182 32.138 11.093 25.056 33.017 0.000 1.492 2.804 26.600 24.441 29.284 39.123 31.942 26.683 0.000 0.000 9.059 9.214 16.127 0.000 0.000 0.000 0.000 0.000 0.000 0.000 0.000 0.000 0.000 0.000 0.000 0.000 0.000
60.518 60.285 59.963 60.662 38.371 56.102 58.868 52.702 0.000 0.000 0.000 18.304 0.000 0.000 0.000 22.382 22.373 30.363 0.000 43.040 30.965 17.880 26.755 17.613 15.510 15.405 14.285 16.160 44.035 41.923 41.823 43.736 36.659 38.592 37.530 37.470 37.409 38.344 42.283 40.232 41.189 36.150 13.117 12.095 0.000 0.000 0.000 8.720 16.586 11.438 17.289 30.144 30.020 27.919 0.000 0.000 0.000 14.650 0.000 0.000 0.000 0.000 0.000 0.000 0.000 17.841 16.857 18.872 8.884 11.891 0.000 0.000 0.000
60.924 60.609 60.311 60.018 59.738 60.479 52.253 39.095 0.000 0.000 0.000 0.000 0.000 0.000 0.000 19.432 16.406 29.352 34.251 26.115 35.004 32.894 13.772 14.644 15.527 15.412 27.293 31.172 35.053 27.941 24.837 34.744 8.662 15.589 10.522 10.459 10.398 13.338 39.282 28.234 26.192 28.157 13.130 15.113 0.000 0.000 4.770 61.770 0.000 0.000 0.000 0.000 31.075 30.055 0.000 0.000 0.000 12.086 9.302 11.434 9.524 17.592 23.650 15.710 37.769 44.826 42.857 27.876 7.890 6.898 10.905 0.000 0.000
61.243 60.945 60.649 60.361 61.085 55.824 37.568 28.332 37.332 0.000 0.000 0.000 0.000 0.000 0.000 16.510 15.466 18.390 14.286 25.164 28.042 30.920 19.793 14.666 14.543 14.422 39.302 45.183 27.065 20.949 20.840 21.743 18.657 18.581 18.511 19.446 22.385 19.327 40.275 32.228 30.188 30.156 12.131 26.115 52.109 0.000 0.000 49.821 0.000 0.000 0.000 0.000 31.149 29.171 7.254 12.309 10.333 8.305 8.388 8.475 7.546 14.602 21.649 8.710 26.772 44.837 40.868 20.887 5.900 5.908 10.912 0.000 0.000
61.575 61.274 60.980 60.693 57.417 43.162 31.865 0.000 0.000 0.000 0.000 21.469 0.000 0.000 0.000 15.632 16.558 16.457 15.340 15.213 21.082 13.949 13.816 15.684 14.556 13.432 37.311 34.194 42.076 45.951 44.831 39.730 35.643 37.566 33.495 37.429 37.368 38.312 42.261 40.216 41.178 37.147 12.124 24.109 46.102 0.000 0.000 52.873 0.000 0.000 0.000 0.000 28.202 31.227 10.282 8.341 8.384 8.415 8.471 8.532 7.584 14.621 23.635 0.000 0.000 2.881 45.893 21.905 5.914 5.921 9.924 0.000 0.000
61.900 61.596 61.303 61.015 50.727 32.542 0.000 0.000 0.000 0.000 19.519 22.469 35.375 35.240 23.063 15.828 15.676 16.541 16.405 15.265 14.123 14.980 14.838 14.699 13.565 22.438 41.318 20.205 34.093 10.949 43.804 33.703 32.620 32.544 29.474 34.408 35.348 35.292 42.241 40.198 37.160 37.131 12.109 26.095 45.088 0.000 0.000 45.925 0.000 0.000 0.000 0.000 32.231 31.252 7.307 9.388 8.448 9.499 9.550 9.597 10.637 18.662 0.000 0.000 0.000 3.912 45.918 26.926 13.932 7.937 10.940 0.000 0.000
62.215 61.907 62.623 55.337 42.934 32.738 0.000 0.000 0.000 0.000 16.569 33.514 27.415 16.283 18.122 17.940 15.778 14.625 16.474 15.320 16.165 16.010 15.857 14.708 14.568 34.437 34.317 34.215 34.143 0.000 15.731 13.659 14.588 14.518 15.449 19.383 22.322 20.266 40.216 34.172 28.136 30.107 13.086 25.074 44.068 0.000 0.000 18.977 9.998 0.000 0.000 0.000 26.238 9.245 0.000 4.455 10.523 14.584 21.632 21.671 21.704 23.730 0.000 0.000 0.000 51.939 44.942 46.947 34.952 9.956 10.959 0.000 0.000
62.510 62.196 61.943 47.775 0.000 0.000 0.000 0.000 0.000 0.000 32.675 27.601 17.490 18.355 18.200 18.035 17.871 15.708 14.545 14.378 16.208 15.037 14.871 13.711 15.561 30.424 21.300 30.195 31.121 0.000 0.000 29.613 28.558 28.489 28.420 30.354 30.292 31.235 43.184 39.140 34.104 36.075 12.056 21.046 49.042 0.000 0.000 78.009 47.019 14.034 1.042 0.000 0.000 0.000 0.000 0.000 7.603 16.683 20.724 19.752 22.779 24.824 10.898 15.939 31.959 46.962 44.965 44.969 32.973 9.977 9.980 0.000 0.000
62.765 63.423 55.177 38.047 0.000 0.000 0.000 0.000 0.000 40.017 33.856 17.725 18.591 18.446 18.290 18.128 17.962 17.793 14.619 15.438 15.251 15.062 15.878 14.703 14.542 17.397 22.266 34.144 21.024 32.865 37.734 30.624 39.540 29.462 30.389 33.320 32.256 31.198 41.146 37.100 25.063 24.035 13.017 20.010 49.014 0.000 0.000 69.030 59.036 36.045 5.052 0.000 0.000 0.000 0.000 0.000 0.000 27.822 19.828 13.835 10.834 25.889 12.932 14.961 22.977 43.984 45.988 43.992 29.995 9.999 7.005 11.019 5.025
70.946 68.555 41.295 31.189 0.000 0.000 0.000 18.499 32.384 33.179 27.007 21.852 18.702 18.547 18.388 18.224 17.056 19.883 24.701 20.505 15.295 16.083 14.876 14.681 14.509 14.357 21.221 22.093 19.967 26.836 25.715 20.608 32.515 12.431 20.354 27.282 26.215 20.155 39.100 32.053 12.014 10.985 13.967 15.965 19.989 0.000 0.000 47.047 27.051 64.058 50.064 0.000 0.000 38.104 12.095 10.073 10.031 11.954 22.931 16.928 0.000 37.966 25.980 21.994 20.004 31.010 47.013 39.014 22.016 11.018 7.022 14.028 38.032
0.000 0.000 20.259 38.224 0.000 0.000 20.734 30.613 44.476 28.307 27.139 26.977 19.816 18.654 18.491 18.324 25.155 32.981 33.796 25.588 20.342 15.099 13.862 14.636 18.455 15.303 14.167 13.040 18.917 19.796 18.682 19.577 21.482 14.395 20.314 25.239 27.169 23.105 39.048 32.998 14.956 13.923 13.902 9.893 0.000 0.000 0.000 3.060 22.064 22.072 56.083 71.101 64.112 32.113 18.108 19.093 19.067 22.033 44.016 62.016 71.043 70.029 72.029 71.033 65.036 59.038 51.038 34.037 17.037 8.036 9.036 22.038 41.039
11.745 0.000 0.000 0.000 0.000 0.000 23.855 43.745 35.599 38.435 35.267 25.099 17.932 18.764 18.596 29.428 34.260 30.091 24.915 21.709 24.386 19.108 18.839 14.547 19.372 13.232 14.104 14.983 13.865 13.750 13.640 13.537 12.441 13.352 13.268 17.190 23.117 22.050 39.989 33.935 12.888 13.851 13.825 12.811 0.000 0.000 0.000 7.069 33.074 22.083 24.094 39.109 50.121 60.129 62.132 68.125 71.112 71.095 70.083 66.080 57.083 55.078 57.074 60.072 62.070 63.068 61.065 65.061 57.057 24.054 11.051 30.048 47.047
50.311 6.862 0.000 0.000 0.000 25.300 41.086 33.911 25.741 33.568 37.394 38.221 28.048 16.874 26.701 35.531 25.366 17.209 17.063 18.946 0.000 0.000 0.000 11.340 15.255 17.149 17.036 13.922 13.809 14.699 13.592 13.490 13.394 14.303 13.217 13.136 13.059 15.988 32.923 31.864 13.812 13.768 13.736 14.716 15.716 0.000 0.000 6.074 24.080 25.091 37.104 24.119 4.136 8.152 44.164 68.165 52.159 47.151 50.143 43.137 29.132 18.125 9.118 7.112 8.105 18.099 16.092 11.085 50.078 65.071 43.064 41.059 45.055
0.000 20.413 0.000 0.000 24.775 34.514 41.279 25.074 27.885 25.702 23.522 31.343 36.164 30.984 34.805 23.630 17.465 18.316 18.184 26.065 0.000 0.000 0.000 8.219 17.161 28.071 28.969 23.861 19.752 21.644 17.539 16.439 14.342 13.249 13.161 14.077 12.997 12.922 15.851 24.786 12.727 12.675 13.633 12.603 0.000 0.000 0.000 0.000 0.000 39.100 23.111 8.129 22.152 24.179 70.207 51.213 34.210 16.207 7.201 8.193 9.184 10.173 10.162 10.151 9.141 7.130 6.120 7.110 15.099 52.088 60.076 45.068 44.063
0.000 5.964 28.137 29.552 28.036 42.702 27.443 21.222 23.022 21.833 18.649 17.466 32.281 39.094 41.904 29.718 19.547 16.404 24.294 0.000 0.000 0.000 0.000 11.157 21.096 28.008 28.907 28.800 30.693 38.587 36.483 32.383 30.286 26.192 20.102 15.014 12.931 13.850 12.774 17.702 10.635 11.573 12.517 14.460 35.379 0.000 0.000 0.000 1.080 43.098 3.111 12.134 3.163 42.205 60.272 20.269 8.263 10.265 10.261 10.251 10.237 10.222 7.206 7.191 6.176 7.162 7.149 7.136 23.122 38.105 11.085 71.075 43.070
0.000 5.343 27.893 20.484 39.115 38.816 33.567 24.349 18.149 18.959 19.775 30.590 33.401 25.205 28.000 36.793 37.601 27.461 0.000 0.000 0.000 0.000 16.241 22.155 26.060 24.958 25.851 25.741 23.633 30.527 31.424 31.324 32.226 29.132 28.039 28.949 19.861 14.775 15.692 12.613 13.537 12.467 11.401 13.343 28.297 0.000 0.000 0.000 1.063 45.093 7.102 0.000 0.000 0.000 27.410 9.329 10.307 8.331 8.328 8.313 7.293 6.271 7.250 7.229 6.211 7.193 6.177 5.163 8.147 4.126 0.086 64.076 73.078
0.000 1.986 21.609 31.377 41.123 31.882 31.661 33.457 31.265 22.081 27.901 36.719 25.529 18.325 17.099 22.851 32.605 39.376 3.162 0.000 19.765 19.566 14.326 23.164 28.032 28.913 24.797 24.682 16.571 13.465 13.362 13.263 12.165 10.069 16.974 30.881 29.788 28.697 23.608 14.521 12.436 13.355 12.279 12.214 13.170 0.000 0.000 0.000 15.992 0.000 0.000 0.000 0.000 0.000 6.628 0.000 0.000 6.423 5.407 5.381 6.350 8.320 8.292 8.267 7.244 7.224 5.205 5.190 6.179 0.000 0.000 0.000 67.089
0.000 0.674 24.423 43.294 34.117 30.927 30.738 31.554 30.375 32.200 37.029 25.855 19.673 19.467 19.220 17.907 18.593 24.277 40.949 38.478 16.966 15.605 14.335 15.141 26.991 24.865 35.744 23.617 16.504 14.399 15.298 14.199 19.102 27.005 22.909 16.812 22.715 32.619 29.522 28.426 19.331 12.237 12.147 13.063 10.999 0.000 0.000 15.972 3.974 0.000 0.000 19.015 14.015 12.962 4.847 0.000 0.000 11.531 8.496 8.453 8.408 8.368 8.333 8.303 8.276 8.252 8.231 7.213 8.200 10.198 0.180 0.000 9.102
0.000 13.374 38.349 34.258 23.125 27.972 32.810 27.645 33.480 39.315 31.158 19.002 17.838 19.652 19.407 22.965 23.583 17.190 27.878 23.520 20.014 16.555 13.269 20.074 23.928 25.810 16.698 43.539 31.429 21.329 13.232 19.135 38.039 47.941 40.843 17.744 19.642 22.540 26.435 31.330 29.224 25.117 14.008 10.893 17.764 23.595 0.000 0.000 11.962 0.000 0.000 0.000 9.069 9.023 8.952 13.906 12.813 8.674 7.593 8.527 8.461 8.410 8.369 8.335 8.305 8.277 8.253 8.231 7.212 7.196 8.173 11.148 7.120
0.376 34.379 40.342 25.264 20.155 22.025 23.885 34.737 38.584 49.424 48.287 41.156 30.026 18.897 21.789 0.000 0.000 16.021 21.853 18.712 0.000 14.333 18.111 34.958 33.837 36.750 0.000 8.414 48.344 42.257 28.165 34.071 51.976 51.879 49.779 18.677 24.571 24.462 26.350 14.235 23.118 28.999 27.876 26.738 39.569 48.427 0.000 0.000 1.953 26.947 0.000 0.000 32.170 13.110 13.031 12.953 12.861 13.759 7.676 6.602 10.501 7.441 7.400 7.364 7.331 8.301 7.272 6.246 6.223 6.200 6.176 6.151 5.127
0.000 45.421 31.376 20.302 20.204 20.091 32.966 30.835 47.697 62.510 59.410 56.310 51.211 42.123 33.063 0.000 0.000 0.000 9.801 20.763 0.000 0.000 10.885 28.809 27.713 42.604 14.451 15.359 48.275 53.189 49.100 48.009 50.916 50.819 51.719 30.614 22.504 24.389 24.268 14.143 23.015 16.886 35.758 6.614 45.346 67.117 37.782 7.577 0.000 4.944 0.000 8.481 68.331 21.216 23.111 23.013 18.917 19.827 11.752 6.702 0.000 7.452 7.425 10.391 13.355 23.322 13.290 8.260 9.232 9.206 9.180 9.154 9.130
31.586 35.509 29.440 27.362 22.271 34.168 28.054 40.939 18.858 0.000 39.532 58.464 57.386 58.319 41.279 0.000 0.000 0.000 3.788 26.775 0.000 0.000 7.734 22.683 17.600 44.501 55.391 55.296 51.210 51.125 51.038 51.950 50.859 50.763 50.662 44.556 19.442 21.321 19.191 14.054 24.912 25.772 28.657 0.000 30.084 65.915 35.652 53.372 14.099 0.019 10.824 66.631 54.458 26.311 20.184 22.072 15.969 9.878 7.803 5.752 0.000 13.491 21.458 29.419 36.379 45.341 34.305 14.272 8.241 9.211 9.183 9.156 9.131
42.664 31.588 31.514 27.435 34.350 31.256 34.144 58.008 44.940 27.873 48.723 57.627 56.550 55.490 35.454 0.000 0.000 0.000 0.000 0.000 0.000 0.000 13.635 22.588 33.505 49.411 51.315 51.226 51.143 51.061 50.979 50.894 50.806 50.712 50.612 50.505 36.388 26.261 19.122 11.971 15.808 15.634 20.441 39.171 24.991 59.806 45.540 52.161 58.827 44.402 49.017 57.761 33.558 34.388 20.244 19.120 11.010 7.914 8.829 10.752 24.665 30.563 48.499 47.447 46.400 45.358 45.318 35.282 13.248 8.216 9.186 9.157 9.130
33.742 21.667 23.591 35.514 32.437 32.363 2.314 0.000 37.021 62.957 57.859 56.772 58.697 40.636 26.593 10.617 0.000 0.000 0.000 0.000 0.000 0.000 19.582 36.530 48.420 51.322 51.232 51.151 51.074 50.999 50.922 50.842 50.758 50.668 50.570 50.464 51.345 45.213 37.065 28.899 26.715 29.515 20.303 37.082 15.904 57.779 0.000 10.904 45.647 17.363 8.081 63.838 27.625 31.440 29.284 10.153 8.039 8.939 8.848 16.764 37.680 48.597 45.528 45.470 45.419 42.372 41.329 39.290 38.253 12.219 8.187 8.157 8.128
23.822 20.747 33.671 33.595 28.519 48.447 2.379 11.306 51.168 58.073 56.984 56.904 56.832 32.764 32.666 43.642 0.000 0.000 0.000 0.000 0.000 0.000 0.000 0.000 45.323 57.226 52.140 51.071 51.005 50.938 50.869 50.795 50.716 50.631 50.538 50.434 50.317 51.182 52.026 48.845 48.637 51.409 31.172 36.951 10.763 51.628 0.000 0.000 41.495 11.322 21.106 54.886 35.664 27.462 31.301 8.169 9.055 7.953 9.861 19.775 40.693 41.616 46.548 45.487 40.432 37.382 41.337 46.295 45.256 34.220 15.186 14.154 13.125
19.906 33.828 34.751 22.675 33.600 54.525 47.451 53.370 59.272 57.184 57.102 57.028 53.965 37.921 0.000 0.000 0.000 0.000 0.000 0.000 0.000 0.000 0.000 0.000 0.000 2.060 43.032 51.988 50.936 50.880 50.819 50.753 50.682 50.603 50.516 52.419 51.306 51.172 50.011 51.819 50.580 50.312 40.027 37.786 14.569 26.342 56.002 34.739 42.515 11.325 39.136 32.935 35.684 23.442 17.289 9.166 9.058 8.959 16.868 21.783 22.703 27.628 35.559 33.497 34.441 45.389 45.342 45.298 45.257 46.219 40.184 36.151 34.120
34.988 34.908 23.831 19.755 34.679 53.605 59.529 58.451 57.368 57.288 57.212 58.141 49.078 42.034 0.000 0.000 0.000 0.000 0.000 0.000 0.000 0.000 0.000 0.000 0.000 18.946 45.939 51.912 50.873 50.827 50.775 50.717 50.654 50.584 52.506 52.418 52.315 44.190 49.029 51.839 54.551 52.234 45.839 41.596 29.386 13.170 60.925 43.700 45.501 10.328 56.177 20.036 0.752 17.334 8.248 9.150 8.052 16.958 22.869 21.786 21.707 20.633 13.565 9.503 39.445 45.392 45.343 45.297 45.255 45.216 46.179 46.145 46.113
32.066 22.987 20.909 18.834 35.759 55.685 57.611 57.536 57.461 57.388 57.317 59.246 38.173 36.103 0.000 0.000 0.000 0.000 0.000 0.000 0.000 0.000 0.000 0.000 0.000 32.876 51.868 50.848 50.818 50.780 50.737 50.687 52.633 51.573 51.506 51.433 45.348 23.243 39.076 48.957 0.000 0.000 23.499 30.373 39.209 26.026 46.829 64.637 49.460 16.309 58.207 0.000 0.000 6.285 9.220 9.133 11.042 20.952 18.866 19.784 21.706 24.634 18.566 19.503 35.445 45.391 45.341 45.294 45.251 45.211 45.173 45.138 45.105
23.142 21.063 25.987 30.912 45.838 57.765 57.693 57.622 57.552 57.485 57.421 58.356 45.264 0.000 0.000 0.000 0.000 0.000 0.000 17.629 0.000 0.000 0.000 0.000 0.000 7.814 42.808 49.793 50.770 50.740 50.704 50.663 52.617 50.568 50.514 50.458 34.403 30.356 0.000 0.000 0.000 0.000 8.284 15.189 37.052 22.896 27.729 70.558 53.393 32.244 42.134 0.000 36.380 13.300 9.213 9.122 11.031 19.943 30.858 30.777 32.701 38.629 33.562 44.499 45.441 45.386 45.335 45.288 45.244 45.203 45.164 45.128 45.094
24.216 21.138 28.063 46.989 57.916 57.845 57.775 57.707 57.641 57.580 57.527 63.491 0.000 0.000 0.000 0.000 0.000 0.000 17.629 29.629 16.632 31.635 27.639 0.000 0.000 29.759 36.757 47.747 50.730 50.706 50.677 51.644 50.606 50.566 50.525 46.484 35.448 40.424 0.000 0.000 0.000 0.000 25.165 17.046 34.915 10.778 12.631 60.474 59.310 51.139 36.952 36.685 25.461 20.322 9.211 9.111 9.018 18.930 40.846 47.767 46.692 46.621 38.554 45.492 45.433 45.378 45.327 45.279 45.234 45.192 45.153 45.117 45.082
22.288 20.212 35.137 55.064 58.993 57.923 57.855 57.789 57.726 57.667 57.618 64.589 0.000 0.000 0.000 0.000 0.000 0.000 6.628 26.628 26.631 25.636 28.643 12.656 20.675 28.706 28.713 45.709 51.697 50.678 50.655 50.628 50.598 50.567 51.535 43.506 39.482 33.468 0.000 0.000 0.000 0.000 0.000 16.915 35.785 12.671 8.544 47.399 64.233 61.050 41.851 20.642 19.458 20.315 11.197 8.095 9.001 11.913 22.831 42.752 45.678 45.608 37.542 45.480 45.422 45.367 45.315 45.267 45.222 45.180 45.140 45.103 45.068
21.359 23.284 43.210 59.139 58.069 58.001 57.933 57.868 57.806 57.746 59.689 57.658 0.000 0.000 0.000 0.000 0.000 0.000 0.000 31.623 37.628 42.634 33.641 32.650 26.663 22.676 33.682 47.679 50.670 50.655 53.637 51.615 50.592 50.567 50.543 45.522 37.505 32.498 7.506 0.000 0.000 0.000 0.000 0.000 27.639 13.575 9.476 42.344 73.173 53.976 32.762 23.574 25.415 23.283 18.170 7.069 8.977 7.892 11.811 30.734 45.661 45.592 37.527 45.465 45.407 45.352 45.301 45.252 45.207 45.165 45.125 45.088 45.053
21.428 31.354 51.282 59.212 58.144 58.077 58.010 57.945 57.883 58.820 56.735 44.696 28.696 0.000 0.000 0.000 0.000 0.000 0.000 32.615 41.625 41.632 45.637 47.643 30.650 29.656 44.658 50.656 50.648 50.637 51.622 50.605 50.587 50.567 50.549 48.533 36.520 37.514 31.514 0.000 0.000 0.000 0.000 0.000 13.557 13.516 7.442 52.328 40.141 45.921 15.645 35.478 29.346 22.231 22.129 13.035 7.948 8.865 7.787 19.712 42.641 44.573 38.508 45.447 46.389 45.335 45.283 45.235 45.190 45.147 45.107 45.070 45.035
