results3/res_3e8f-0170.wd
ncols         241
nrows         181
xllcorner     12693529.787448
yllcorner     3542525.717860
cellsize      155.156523
NODATA_value  -9999.000000
[rows 99 to 131 of 181, columns 73 to 145 of 241]
59.630 59.607 59.582 58.556 58.529 63.502 66.474 63.447 59.427 59.417 53.419 9.425 0.000 0.000 0.000 0.000 0.000 14.645 72.612 97.568 95.561 94.718 101.386 101.316 94.417 95.115 94.963 94.855 95.751 95.653 94.565 98.490 57.438 0.000 0.000 0.000 0.000 0.000 0.000 33.950 59.875 71.763 39.626 21.417 51.322 54.239 52.148 56.030 52.828 50.514 20.187 44.944 48.816 63.730 69.667 72.621 70.587 65.562 58.547 53.538 48.534 26.525 0.000 0.000 0.000 0.000 20.951 38.950 50.950 74.950 75.950 75.950 75.950
59.680 59.658 58.634 56.608 60.580 65.550 66.517 66.480 60.453 57.437 62.431 62.430 23.431 0.000 17.279 47.226 24.113 3.913 60.818 100.697 95.947 95.963 101.446 93.729 95.518 95.173 95.087 94.976 94.870 94.770 96.682 95.612 31.569 0.000 0.000 0.000 0.000 0.000 2.265 38.118 44.028 54.938 3.866 0.000 46.443 54.383 53.291 57.163 56.975 27.745 0.000 39.847 53.789 58.725 79.673 80.634 80.604 81.582 82.567 80.558 61.555 0.000 0.000 0.580 0.000 0.000 0.000 37.950 50.949 74.949 75.949 75.949 75.949
59.731 58.710 58.687 61.661 64.633 65.602 40.565 4.504 33.468 69.447 42.438 16.434 8.433 0.000 28.331 78.286 75.200 67.085 85.965 97.116 94.103 101.528 95.010 95.816 95.384 95.319 95.204 95.095 94.984 95.875 93.781 81.708 28.656 1.637 0.000 0.000 0.000 2.484 41.388 48.275 46.179 47.095 20.035 0.000 52.623 70.559 63.471 58.355 33.165 0.000 0.000 22.807 12.768 52.708 77.668 81.637 79.613 79.595 79.582 81.574 54.572 48.578 48.580 54.581 0.000 0.000 0.000 14.949 49.949 74.948 75.948 75.948 75.948
58.784 57.766 62.743 65.717 65.688 65.658 30.636 0.000 0.457 12.445 3.442 0.000 0.000 0.000 21.429 84.388 90.318 98.231 98.190 95.315 101.867 101.658 94.978 95.688 95.540 95.432 95.324 95.214 95.096 100.966 50.860 18.783 2.708 0.351 5.996 8.955 0.000 32.580 50.508 46.413 46.319 45.228 51.143 17.054 45.866 71.759 70.679 68.620 0.000 0.000 0.000 0.000 0.000 50.670 79.653 83.634 80.616 79.602 77.591 66.584 47.581 43.582 44.582 28.581 0.000 0.000 0.000 0.000 45.948 74.948 75.947 75.947 71.947
57.841 63.825 65.803 65.776 63.744 69.708 39.686 0.000 0.000 0.000 0.000 0.000 0.000 0.000 32.566 90.519 93.459 97.335 96.572 96.585 102.055 94.364 96.070 95.745 95.659 95.551 95.446 99.340 105.221 60.032 28.909 3.856 0.000 0.000 0.000 5.915 33.874 56.748 50.651 43.553 48.454 52.355 49.257 47.152 61.029 64.934 54.865 62.827 0.000 0.000 0.000 0.000 0.000 56.649 80.641 85.629 84.617 80.605 75.597 44.591 42.587 43.586 50.585 0.000 0.000 0.000 0.000 39.947 43.947 72.947 75.947 75.947 69.946
64.903 65.890 65.869 64.841 42.805 8.742 27.714 29.714 0.000 0.000 0.000 0.000 0.000 23.869 76.750 90.673 93.577 95.736 96.746 102.385 102.227 95.339 96.041 95.880 95.775 95.669 99.569 61.480 21.414 0.000 38.890 24.875 0.000 0.000 0.000 0.000 41.961 75.887 66.794 61.693 56.589 57.483 55.376 56.269 69.165 63.080 47.022 48.995 0.000 0.000 0.000 0.000 0.000 56.636 84.632 49.625 47.616 79.606 82.600 52.595 43.591 48.589 18.587 0.000 0.000 0.000 0.000 12.947 39.947 57.946 73.946 76.946 69.946
65.971 65.961 61.941 65.914 47.891 0.000 18.714 48.714 0.000 0.000 0.000 0.000 14.083 75.987 89.895 95.816 95.787 95.929 102.668 102.531 94.667 96.442 96.092 96.002 95.888 95.780 99.680 71.597 3.542 0.000 8.885 11.880 0.000 0.000 0.000 0.000 29.121 61.044 65.945 75.837 71.726 59.611 62.496 71.383 66.281 54.201 46.149 47.135 21.181 22.192 0.000 0.000 0.000 54.628 88.625 2.622 0.000 28.604 75.601 65.597 46.595 25.592 0.000 0.000 0.000 0.000 0.000 0.000 12.946 36.946 62.946 72.945 65.945
64.046 61.042 60.022 75.981 54.955 0.000 17.714 45.714 0.000 0.000 0.000 8.250 72.178 85.102 95.032 97.912 97.156 95.187 102.795 93.976 95.751 92.309 94.237 96.114 95.999 96.884 90.773 80.687 28.615 0.000 0.000 0.000 0.000 0.000 0.000 16.543 51.358 56.225 56.104 57.986 66.866 69.741 72.613 66.485 53.375 47.292 46.239 45.215 49.215 34.204 0.000 0.000 0.000 43.622 80.620 46.617 35.611 27.606 70.602 76.600 56.598 0.000 0.000 7.599 0.000 0.000 0.000 0.000 0.000 31.945 55.945 60.945 47.945
58.131 67.141 63.123 4.033 4.994 0.000 8.714 8.714 0.000 0.000 0.000 9.321 88.278 90.221 98.132 97.299 96.320 103.021 102.913 95.935 95.623 95.464 95.346 94.229 95.110 96.985 53.841 4.764 0.000 0.000 0.000 0.000 0.000 20.102 36.963 51.728 62.543 59.393 58.261 55.136 56.010 58.876 70.728 71.571 63.442 52.354 45.300 45.271 47.261 0.000 0.000 0.000 0.000 28.618 70.616 48.614 44.610 44.606 76.603 79.601 62.600 25.600 15.600 58.599 0.000 0.000 0.000 0.000 0.000 34.945 58.945 53.945 39.945
59.224 69.265 56.298 0.000 0.000 0.000 5.714 17.714 1.714 0.000 0.580 75.436 85.394 97.337 97.333 96.476 103.213 103.120 95.246 97.022 96.673 96.580 96.462 96.344 98.226 48.105 0.000 0.000 0.000 0.000 0.000 9.593 35.461 52.242 65.057 60.864 59.693 59.544 59.411 60.287 58.162 57.024 30.853 49.630 74.466 56.383 44.335 47.308 45.298 33.304 0.000 0.000 0.000 29.616 62.613 40.612 0.000 0.000 32.602 69.601 58.600 67.600 74.600 33.600 0.000 0.000 0.000 0.000 0.000 9.945 49.944 47.944 40.944
57.315 61.398 60.506 36.668 0.000 0.000 0.000 3.714 6.714 0.000 28.670 88.582 95.522 97.444 97.604 95.727 103.298 95.534 97.316 96.882 96.813 96.693 97.578 98.461 60.343 0.000 0.000 0.000 0.000 0.000 11.901 54.726 65.547 61.348 60.159 59.980 59.819 59.678 59.553 59.438 59.327 68.206 7.029 0.000 42.409 51.378 43.348 52.329 52.318 34.311 0.000 0.000 0.000 0.000 46.610 83.609 51.607 0.000 25.601 70.601 64.600 55.600 55.600 0.000 0.000 0.000 0.000 0.000 0.000 0.000 28.944 39.944 40.944
69.387 7.506 63.661 61.830 51.030 10.151 0.415 0.000 0.000 19.836 78.769 92.701 98.643 97.628 96.782 103.444 103.375 96.483 97.181 97.030 96.920 97.810 99.695 60.578 0.000 0.000 0.000 0.000 10.451 41.317 52.075 63.863 60.653 60.445 57.251 57.078 56.927 57.796 59.684 59.586 62.503 39.442 0.000 0.000 22.384 47.369 46.353 64.340 60.333 0.000 0.000 0.000 0.000 0.000 30.607 75.606 87.605 44.603 70.602 84.601 76.600 52.600 45.599 17.599 0.000 0.000 0.000 0.000 0.000 0.000 34.943 40.943 44.943
51.427 4.578 65.802 55.960 63.109 55.264 16.531 3.807 12.906 79.903 88.865 98.824 97.711 97.979 96.007 103.504 95.770 97.563 97.224 97.141 98.033 98.932 52.813 0.000 0.000 0.000 0.000 2.740 53.585 64.424 62.221 60.999 62.757 62.526 68.324 73.152 68.013 60.897 54.800 58.718 64.656 22.619 0.000 0.000 18.374 50.363 51.354 73.346 61.342 0.000 0.000 0.000 0.000 0.000 18.605 70.604 79.604 84.603 80.602 80.601 84.600 68.600 47.599 48.599 17.599 10.598 0.000 0.000 0.000 36.943 41.943 39.943 44.943
0.000 0.000 34.009 85.099 48.182 0.000 0.000 17.984 78.009 83.004 96.983 97.893 98.173 96.104 103.587 96.028 97.837 97.414 97.357 98.246 95.141 50.072 0.000 0.000 0.000 0.000 9.032 55.885 63.735 61.574 61.385 65.155 39.848 18.580 21.366 38.194 64.077 65.981 66.899 58.832 59.784 20.758 0.000 0.000 0.000 31.357 49.353 56.348 55.346 4.347 0.000 0.000 0.000 0.000 18.604 61.603 74.603 79.602 80.601 81.601 77.600 73.600 58.599 46.599 50.599 56.598 0.000 0.000 0.000 2.943 39.943 40.943 42.943
0.000 0.000 11.127 86.245 73.338 0.000 0.000 25.137 86.139 94.130 98.082 99.278 99.315 103.902 103.710 96.978 97.694 97.555 97.458 92.355 82.213 33.142 0.000 0.000 8.435 44.347 53.179 65.035 61.895 61.751 65.591 43.387 1.186 0.000 0.000 24.180 62.121 59.050 62.983 68.928 68.890 46.871 0.000 0.000 0.000 13.354 51.351 45.349 52.348 3.347 0.000 0.000 0.000 0.000 23.602 48.602 65.602 79.601 74.601 67.600 69.600 30.600 55.599 64.599 57.598 53.598 0.000 0.000 0.000 0.000 0.000 34.943 39.943
0.000 0.000 0.000 14.416 63.586 3.165 13.297 79.289 91.280 98.265 98.284 98.462 104.251 104.081 96.264 98.063 97.730 97.659 90.571 56.503 0.000 0.000 0.000 16.608 62.523 56.426 64.303 62.179 62.059 62.945 40.840 1.653 0.000 0.000 0.000 23.225 65.176 59.114 59.055 61.007 64.975 66.967 18.996 0.000 0.000 0.000 32.350 51.349 26.349 0.000 0.000 0.000 0.000 0.000 16.602 44.601 55.601 62.601 54.601 51.600 16.600 0.000 4.599 48.598 52.598 61.598 0.000 0.000 0.000 0.000 0.000 28.942 39.942
0.000 0.000 0.000 0.000 1.124 13.390 82.438 87.441 98.435 98.370 99.656 99.730 104.411 96.562 98.342 97.911 97.852 87.751 76.664 40.584 0.000 0.000 0.000 56.692 78.624 63.532 55.427 63.320 61.218 64.129 34.067 0.000 0.000 0.000 19.407 54.319 61.245 60.177 60.117 57.069 53.038 55.024 17.026 0.000 0.000 0.000 13.350 58.349 6.349 0.000 0.000 0.000 0.000 0.000 16.601 46.601 45.601 44.600 42.600 48.600 0.000 0.000 0.000 23.598 46.598 64.597 8.597 0.000 0.000 0.000 0.000 0.000 32.942
0.000 0.000 0.000 0.000 0.000 85.629 84.623 98.610 98.567 99.772 99.846 104.703 104.561 97.515 99.200 97.045 82.930 71.837 45.751 0.000 0.000 0.000 50.966 68.845 68.748 75.651 63.553 53.455 59.364 69.285 72.232 35.236 0.000 0.000 18.495 66.398 60.307 60.231 59.166 55.116 49.082 50.064 16.058 0.000 0.000 0.000 0.000 31.349 39.349 0.000 0.000 0.000 0.000 0.000 24.601 48.600 42.600 43.600 43.600 45.600 28.599 0.000 0.000 0.000 33.597 54.597 32.597 6.597 0.000 0.000 0.000 0.000 27.942
0.000 0.000 0.000 0.000 24.996 85.874 97.817 98.780 99.791 101.980 104.969 104.838 96.820 98.585 95.238 84.139 72.995 44.916 0.000 0.000 0.000 53.202 74.087 59.974 51.872 65.773 77.677 65.585 68.498 69.417 56.339 62.241 41.011 3.495 26.679 58.473 54.356 61.272 56.201 48.147 47.112 51.093 13.085 0.000 0.000 0.000 0.000 18.349 58.349 3.349 0.000 0.000 0.000 0.000 0.000 30.600 45.600 43.600 43.600 43.599 51.599 0.000 0.000 0.000 0.000 35.597 46.597 52.597 0.000 0.000 0.000 0.000 0.000
0.000 0.000 0.000 0.000 68.119 94.052 99.998 98.904 99.175 97.256 105.094 97.102 98.867 93.437 82.370 57.250 0.000 0.000 0.000 0.000 53.434 74.318 61.204 50.094 49.991 51.892 62.799 77.710 68.625 53.545 61.466 63.378 37.282 0.000 23.568 83.458 70.373 59.301 53.220 49.157 46.126 47.109 41.103 5.107 0.000 0.000 0.000 0.000 37.349 9.349 0.000 0.000 0.000 0.000 0.000 10.599 47.599 43.599 43.599 43.599 45.599 29.599 0.000 0.000 0.000 16.597 43.597 46.597 0.000 0.000 0.000 0.000 0.000
0.000 0.000 0.000 71.432 68.308 74.225 89.137 100.311 97.376 105.328 105.213 98.034 93.721 82.575 61.469 0.000 0.000 35.052 0.000 5.672 78.550 61.432 50.317 51.208 50.104 53.007 66.915 75.829 76.749 60.673 56.600 67.525 41.456 0.000 0.000 14.417 27.376 9.338 0.000 19.137 50.126 57.116 58.111 44.110 0.000 0.000 0.000 0.000 0.000 0.000 0.000 0.000 0.000 0.000 0.000 11.599 47.599 46.599 49.599 44.599 41.599 50.599 0.000 0.000 0.000 23.597 57.596 62.596 0.000 0.000 0.000 0.000 0.000
0.000 0.000 10.659 72.556 69.457 70.376 80.352 96.518 105.546 105.438 97.313 94.079 81.750 55.674 0.000 0.000 52.101 51.052 32.953 16.795 66.663 50.541 51.426 50.316 51.212 66.116 72.026 35.943 26.868 78.799 64.735 42.667 3.561 0.000 0.000 0.000 0.000 0.000 0.000 16.129 68.124 62.118 59.115 55.114 10.114 0.000 0.000 0.000 0.000 0.000 0.000 0.000 0.000 0.000 0.000 35.599 44.599 19.599 0.000 19.599 44.599 48.599 0.000 0.000 0.000 25.596 61.596 30.596 0.000 0.000 0.000 0.000 0.000
0.000 85.850 73.762 70.673 68.595 69.473 70.717 74.782 105.650 96.554 92.315 81.906 55.863 0.000 0.000 0.000 56.150 54.102 74.012 57.890 50.766 51.644 50.528 53.417 73.314 70.218 51.129 47.050 51.980 79.921 76.875 40.845 0.000 0.000 0.000 0.000 0.000 0.000 0.000 16.125 75.122 75.119 70.116 61.115 6.115 0.000 0.000 0.000 0.000 0.000 0.000 0.000 0.000 0.000 8.599 47.599 49.599 0.000 0.000 4.598 47.598 48.598 0.000 0.000 0.000 0.000 32.596 0.000 0.000 0.000 0.000 0.000 0.000
2.020 83.939 97.865 89.791 74.693 75.850 67.899 105.847 105.750 75.436 80.114 56.012 0.000 0.000 0.000 0.000 58.247 71.194 69.103 50.988 50.865 50.743 61.624 73.512 62.408 51.311 51.224 51.147 52.082 61.031 78.997 74.993 36.048 0.000 0.000 0.000 0.000 0.000 0.000 0.000 61.120 63.118 75.117 76.116 32.116 0.000 0.000 0.000 0.000 0.000 0.000 0.000 0.000 0.000 39.599 49.599 26.599 0.000 0.000 8.598 48.598 46.598 0.000 0.000 0.000 0.000 0.000 0.000 0.000 0.000 0.000 0.000 0.000
20.093 97.037 99.971 99.902 94.875 85.031 106.034 105.941 67.598 62.372 0.000 0.001 0.000 0.000 0.000 0.000 69.398 74.325 50.218 52.094 51.965 63.837 72.715 54.600 51.493 51.396 51.309 51.233 51.170 51.122 60.091 80.083 73.102 47.133 38.146 42.149 11.150 0.000 0.000 0.000 0.117 41.117 81.117 81.116 42.116 0.000 0.000 0.000 0.000 0.000 0.000 0.000 0.000 0.000 28.599 27.599 0.000 0.000 0.000 0.000 28.598 55.598 0.000 0.000 0.000 0.000 0.000 0.000 0.000 0.000 0.000 0.000 0.000
90.211 100.146 100.086 99.973 104.217 95.276 106.125 67.703 70.385 65.070 0.000 0.000 0.000 0.000 0.000 62.778 74.621 51.489 52.350 52.206 60.063 72.926 50.797 51.679 51.570 51.470 51.382 51.306 51.243 51.195 51.162 55.146 56.145 51.152 52.155 59.152 41.151 0.000 0.000 0.000 0.000 0.000 36.116 72.116 35.116 0.000 0.000 0.000 0.000 0.000 0.000 0.000 0.000 0.000 0.000 0.000 0.000 0.000 0.000 0.000 0.000 7.598 0.000 0.000 0.000 0.000 0.000 0.000 0.000 0.000 0.000 0.000 0.000
96.317 96.257 100.171 101.334 98.382 106.301 106.213 72.370 56.815 1.960 4.960 1.960 0.000 0.000 0.000 79.936 56.818 52.661 52.489 54.316 75.154 55.006 51.871 51.749 51.636 51.534 51.443 51.365 51.302 51.253 51.217 50.193 49.179 52.174 34.172 0.000 0.000 0.000 0.000 0.000 0.000 0.000 0.000 65.116 53.116 20.115 0.000 0.000 0.000 0.000 0.000 0.000 0.000 0.000 0.000 0.000 0.000 0.000 0.000 0.000 0.000 0.000 0.000 0.000 0.000 0.000 0.000 0.000 0.000 0.000 0.000 0.000 0.000
75.431 75.367 79.346 75.504 106.472 106.387 83.878 65.078 55.998 0.000 0.000 1.960 0.000 0.000 0.000 55.211 51.054 50.848 49.626 62.417 55.232 49.071 49.932 49.808 49.693 49.585 50.490 51.411 51.348 51.298 50.260 48.230 50.206 50.192 47.186 37.188 40.188 42.188 41.188 43.187 14.187 0.000 0.000 3.116 62.115 34.115 0.000 0.000 0.000 0.000 0.000 0.000 0.000 0.000 0.000 0.000 0.000 0.000 0.000 0.000 0.000 0.000 0.000 0.000 0.000 0.000 0.000 0.000 0.000 0.000 0.000 0.000 0.000
90.546 112.435 77.683 107.742 106.555 66.430 57.025 0.000 71.379 29.717 0.000 0.000 0.000 0.000 99.027 77.644 48.339 56.050 66.753 65.492 61.287 59.116 58.978 58.858 57.744 51.625 47.520 51.440 51.380 51.333 50.295 50.260 54.223 54.203 55.193 65.190 65.189 61.188 54.187 53.187 32.187 0.000 0.000 0.000 21.115 27.115 0.000 0.000 0.000 0.000 0.000 0.000 0.000 0.000 0.000 0.000 0.000 0.000 0.000 0.000 0.000 0.000 0.000 0.000 0.000 0.000 0.000 0.000 0.000 0.000 0.000 0.000 0.000
138.627 117.224 115.271 106.709 106.634 94.518 0.000 38.399 66.399 140.058 115.544 1.813 46.549 35.980 97.410 56.999 54.607 126.261 116.842 112.512 112.308 111.126 110.005 108.903 107.799 78.650 45.526 51.450 51.397 51.358 51.326 43.293 0.000 0.000 0.000 0.000 0.000 0.000 18.187 70.187 49.187 20.186 0.000 0.000 0.000 0.000 0.000 0.000 0.000 0.000 0.000 0.000 0.000 0.000 0.000 0.000 0.000 0.000 0.000 0.000 0.000 0.000 0.000 0.000 0.000 0.000 0.000 0.000 0.000 0.000 0.000 0.000 0.000
96.796 116.383 106.848 106.780 91.040 0.000 0.000 0.000 9.761 61.572 49.310 0.000 27.840 0.000 56.634 53.336 62.830 118.545 0.000 4.405 0.000 55.075 64.014 124.950 37.901 0.000 55.482 51.438 51.402 52.375 34.358 0.000 0.000 0.000 0.000 0.000 0.000 0.000 0.000 23.187 70.186 26.186 0.000 0.000 0.000 0.000 0.000 0.000 0.000 0.000 0.000 0.000 0.000 0.000 0.000 0.000 0.000 0.000 0.000 0.000 0.000 0.000 0.000 0.000 0.000 0.000 0.000 0.000 0.000 0.000 0.000 0.000 0.000
117.552 115.607 106.912 115.531 117.378 37.666 0.000 17.313 44.313 54.158 30.813 7.971 49.130 94.679 93.155 85.882 0.000 37.545 0.000 16.299 38.192 66.086 111.026 73.982 38.952 0.000 0.000 57.418 51.398 52.383 33.374 0.000 0.000 0.000 0.000 0.000 0.000 0.000 0.000 0.000 17.186 56.186 21.186 0.000 0.000 0.000 0.000 0.000 0.000 0.000 0.000 0.000 0.000 0.000 0.000 0.000 0.000 0.000 0.000 0.000 0.000 0.000 0.000 0.000 0.000 0.000 0.000 0.000 0.000 0.000 0.000 0.000 0.000
115.686 107.028 106.972 96.037 38.802 0.000 0.000 0.000 6.020 32.935 0.000 0.000 42.029 85.751 139.427 75.155 0.000 0.000 0.000 0.000 0.000 80.049 115.024 44.998 41.975 0.000 0.000 0.000 56.390 50.384 48.380 46.381 34.382 0.000 0.000 0.000 0.000 0.000 0.000 0.000 12.186 70.186 28.186 0.000 0.000 0.000 0.000 0.000 0.000 0.000 0.000 0.000 0.000 0.000 0.000 0.000 0.000 0.000 0.000 0.000 0.000 0.000 0.000 0.000 0.000 0.000 0.000 0.000 0.000 0.000 0.000 0.000 0.000
