results3/res_3e8f-0062.wd
ncols         241
nrows         181
xllcorner     12693529.787448
yllcorner     3542525.717860
cellsize      155.156523
NODATA_value  -9999.000000
[rows 33 to 65 of 181, columns 148 to 221 of 241]
58.313 58.997 25.706 37.427 59.167 52.911 31.573 0.000 0.000 10.079 0.000 0.000 7.098 32.112 19.114 0.000 0.000 0.000 23.717 31.690 0.000 16.344 8.295 9.219 13.097 21.973 39.840 30.744 25.656 20.584 21.524 21.472 20.425 19.381 18.335 26.277 36.230 28.201 28.178 26.159 5.147 19.142 27.147 0.000 0.000 0.000 0.000 0.000 0.000 0.000 0.000 0.000 0.000 0.000 0.000 0.000 0.000 0.000 0.000 0.000 0.000 0.000 0.000 0.000 0.000 0.000 0.000 0.000 0.000 0.000 0.000 0.000 0.000 0.000
58.639 59.353 37.077 54.821 57.599 51.442 0.000 0.000 0.000 12.079 0.000 0.000 0.000 16.151 16.142 24.131 0.000 36.817 24.745 11.664 20.543 11.408 9.310 9.210 8.098 9.982 37.867 35.765 35.675 37.596 30.527 32.467 31.413 31.363 31.314 32.265 36.222 34.190 35.164 30.144 7.130 6.123 0.000 0.000 0.000 0.000 0.000 0.000 0.000 0.000 0.000 0.000 0.000 0.000 0.000 0.000 0.000 0.000 0.000 0.000 0.000 0.000 0.000 0.000 0.000 0.000 0.000 0.000 0.000 0.000 0.000 0.000 0.000 0.000
58.973 58.694 58.428 59.182 50.966 37.817 0.000 0.000 0.000 0.000 0.000 0.000 0.000 13.199 10.173 23.121 28.022 19.889 28.782 26.676 7.558 8.437 9.325 9.215 21.103 24.991 28.880 21.777 18.681 28.597 2.523 9.457 4.398 4.344 4.294 7.247 33.206 22.171 20.144 22.122 7.106 9.096 0.000 0.000 0.000 0.000 0.000 0.000 0.000 0.000 0.000 0.000 0.000 0.000 0.000 0.000 0.000 0.000 0.000 0.000 0.000 0.000 0.000 0.000 0.000 0.000 0.000 0.000 0.000 0.000 0.000 0.000 0.000 0.000
59.298 59.024 59.760 54.511 36.268 27.042 36.042 0.000 0.000 0.000 0.000 0.000 0.000 10.273 9.230 12.157 8.055 18.936 21.818 24.700 13.578 8.455 8.337 8.222 33.109 38.997 20.887 14.779 14.678 15.588 12.509 12.440 12.378 13.321 16.270 13.223 34.182 26.147 24.118 24.094 6.076 20.060 46.039 0.000 0.000 0.000 0.000 0.000 0.000 0.000 0.000 0.000 0.000 0.000 0.000 0.000 0.000 0.000 0.000 0.000 0.000 0.000 0.000 0.000 0.000 0.000 0.000 0.000 0.000 0.000 0.000 0.000 0.000 0.000
59.616 59.342 56.078 41.835 30.551 0.000 0.000 0.000 0.000 15.202 0.000 0.000 0.000 9.391 10.319 10.221 9.107 8.983 14.856 7.727 7.598 9.470 8.347 7.228 31.113 28.002 35.892 39.776 38.663 33.568 29.487 31.416 27.352 31.294 31.241 32.194 36.152 34.116 35.086 31.062 6.043 18.029 40.018 0.000 0.000 0.000 0.000 0.000 0.000 0.000 0.000 0.000 0.000 0.000 0.000 0.000 0.000 0.000 0.000 0.000 0.000 0.000 0.000 0.000 0.000 0.000 0.000 0.000 0.000 0.000 0.000 0.000 0.000 0.000
59.926 59.650 49.375 31.198 0.000 0.000 0.000 0.000 13.251 16.203 29.111 28.980 16.809 9.580 9.433 10.301 10.169 9.033 7.894 8.755 8.617 8.482 7.352 16.229 35.114 14.007 27.902 4.769 37.631 27.534 26.455 26.385 23.321 28.262 29.208 29.159 36.116 34.080 31.049 31.025 6.007 19.994 38.987 0.000 0.000 0.000 0.000 0.000 0.000 0.000 0.000 0.000 0.000 0.000 0.000 0.000 0.000 0.000 0.000 0.000 0.000 0.000 0.000 0.000 0.000 0.000 0.000 0.000 0.000 0.000 0.000 0.000 0.000 0.000
61.232 53.959 41.573 31.386 0.000 0.000 0.000 0.000 10.300 27.246 21.150 10.022 11.865 11.689 9.531 8.382 10.235 9.085 9.934 9.782 9.632 8.488 8.351 28.223 28.108 28.009 27.940 0.000 9.557 7.483 8.415 8.348 9.284 13.224 16.169 14.119 34.075 28.037 22.006 23.982 6.965 18.954 37.950 0.000 0.000 0.000 0.000 0.000 0.000 0.000 0.000 0.000 0.000 0.000 0.000 0.000 0.000 0.000 0.000 0.000 0.000 0.000 0.000 0.000 0.000 0.000 0.000 0.000 0.000 0.000 0.000 0.000 0.000 0.000
60.539 46.379 0.000 0.000 0.000 0.000 0.000 0.000 26.403 21.331 11.223 12.091 11.941 11.780 11.621 9.463 8.303 8.140 9.974 8.807 8.643 7.487 9.340 24.205 15.085 23.982 24.909 0.000 0.000 23.426 22.373 22.309 22.244 24.182 24.125 25.073 37.027 32.988 27.956 29.932 5.916 14.909 42.907 0.000 0.000 0.000 0.000 0.000 0.000 0.000 0.000 0.000 0.000 0.000 0.000 0.000 0.000 0.000 0.000 0.000 0.000 0.000 0.000 0.000 0.000 0.000 0.000 0.000 0.000 0.000 0.000 0.000 0.000 0.000
53.764 36.639 0.000 0.000 0.000 0.000 0.000 33.736 27.579 11.451 12.320 12.180 12.029 11.870 11.709 11.544 8.375 9.198 9.014 8.829 9.648 8.475 8.317 11.174 16.044 27.925 14.806 26.647 31.522 24.421 33.343 23.270 24.201 27.136 26.076 25.022 34.974 30.932 18.899 17.874 6.859 13.856 42.864 0.000 0.000 0.000 0.000 0.000 0.000 0.000 0.000 0.000 0.000 0.000 0.000 0.000 0.000 0.000 0.000 0.000 0.000 0.000 0.000 0.000 0.000 0.000 0.000 0.000 0.000 0.000 0.000 0.000 0.000 0.000
39.877 29.775 0.000 0.000 0.000 12.207 26.095 26.894 20.725 15.575 12.428 12.278 12.123 11.964 10.801 13.632 18.454 14.263 9.056 9.848 8.643 8.450 8.280 8.129 14.994 15.867 13.743 20.614 19.497 14.395 26.307 6.228 14.154 21.085 20.022 13.964 32.913 25.869 5.832 4.806 7.791 9.794 13.829 0.000 0.000 0.000 0.000 0.000 0.000 0.000 0.000 0.000 0.000 0.000 0.000 0.000 0.000 0.000 0.000 0.000 0.000 0.000 0.000 0.000 0.000 0.000 0.000 0.000 0.000 0.000 0.000 0.000 0.000 0.000
18.843 36.809 0.000 0.000 14.439 24.320 38.184 22.019 20.854 20.695 13.539 12.382 12.223 12.062 18.898 26.728 27.547 19.343 14.101 8.862 7.628 8.403 12.222 9.069 7.934 6.808 12.687 13.568 12.457 13.355 15.264 8.180 14.101 19.029 20.962 16.900 32.845 26.797 8.757 7.726 7.706 3.699 0.000 0.000 0.000 0.000 0.000 0.000 0.000 0.000 0.000 0.000 0.000 0.000 0.000 0.000 0.000 2.509 11.510 10.509 12.505 11.501 5.497 0.000 0.000 0.000 0.000 0.000 0.000 0.000 0.000 0.000 0.000 0.000
0.000 0.000 0.000 0.000 17.558 37.448 29.304 32.143 28.977 18.813 11.650 12.488 12.325 23.163 28.000 23.836 18.664 15.462 18.144 12.870 12.604 8.314 13.135 6.993 7.865 8.744 7.627 7.514 7.407 7.306 6.213 7.126 7.044 10.968 16.896 15.831 33.771 27.718 6.672 7.635 7.610 6.596 0.000 0.000 0.000 0.000 0.000 0.000 0.000 0.000 0.000 0.484 2.492 8.494 11.498 11.501 10.505 6.509 0.115 0.120 0.074 0.500 2.495 3.493 1.490 5.489 0.003 0.000 0.000 0.000 0.000 0.000 0.000 0.000
0.000 0.000 0.000 19.002 34.787 27.612 19.442 27.271 31.100 31.930 21.762 10.594 20.427 29.264 19.105 10.953 10.811 12.695 0.000 0.000 0.000 5.113 9.012 10.902 10.789 7.676 7.565 8.456 7.351 7.251 7.156 8.066 6.981 6.901 6.826 9.755 26.690 25.631 7.578 7.534 7.500 8.481 9.480 0.000 0.000 0.000 0.000 0.000 0.000 0.000 0.000 0.000 0.000 8.494 0.031 0.032 0.046 0.041 0.058 0.106 0.000 0.000 0.000 0.028 0.001 0.001 0.002 2.981 0.000 0.000 0.000 0.000 0.000 0.000
0.000 0.000 18.487 28.218 34.978 18.770 21.580 19.399 17.222 25.047 29.873 24.699 28.527 17.360 11.203 12.060 11.932 19.813 0.000 0.000 0.000 1.943 10.898 21.813 22.713 17.607 13.499 15.393 11.290 10.190 8.094 7.002 6.914 7.830 6.750 6.674 9.603 18.537 6.476 6.423 7.377 6.345 0.000 0.000 0.000 0.000 0.000 0.000 0.000 0.000 0.000 0.000 2.364 0.021 0.025 0.038 0.000 0.000 0.000 0.218 0.511 0.582 0.063 0.041 0.000 0.004 0.001 0.026 2.273 0.000 0.000 0.000 0.000 0.000
21.994 23.319 21.757 36.404 21.135 14.911 16.711 15.523 12.341 11.162 25.983 32.803 35.622 23.446 13.286 10.153 18.042 0.000 0.000 0.000 0.000 4.874 14.824 21.741 22.644 22.540 24.433 32.328 30.225 26.125 24.028 19.934 13.843 8.756 6.671 7.590 6.512 11.438 4.368 5.303 6.242 8.178 29.084 0.000 0.000 0.000 0.000 0.000 0.000 0.000 0.000 0.000 0.032 0.009 0.000 0.088 0.210 0.259 0.293 0.320 0.151 0.190 0.000 0.187 0.142 0.031 0.032 0.033 0.000 0.000 0.000 0.000 0.000 0.000
21.650 14.208 32.816 32.506 27.250 18.029 11.828 12.641 13.459 24.279 27.096 18.907 21.712 30.517 31.343 21.225 0.000 0.000 0.000 0.000 9.949 15.870 19.782 18.685 19.582 19.474 17.366 24.261 25.158 25.057 25.959 22.863 21.770 22.678 13.589 8.501 9.416 6.334 7.255 6.179 5.108 7.042 21.989 0.000 0.000 0.000 0.000 0.000 0.000 0.000 0.000 0.000 0.017 0.020 1.132 0.071 0.023 0.005 0.000 0.000 0.429 0.421 0.000 0.280 0.000 0.000 0.000 0.000 0.000 0.000 2.162 0.000 0.000 0.000
15.249 25.047 34.796 25.553 25.330 27.125 24.934 15.752 21.575 30.398 19.214 12.017 10.801 16.567 26.346 33.177 0.000 0.000 13.441 13.253 8.028 16.874 21.749 22.635 18.523 18.409 10.298 7.191 7.088 6.987 5.888 3.791 10.694 24.599 23.504 22.411 17.318 8.227 6.139 7.052 5.969 5.894 6.842 0.000 0.000 0.000 0.000 0.000 0.000 0.000 0.000 0.000 0.000 0.000 0.000 0.102 0.000 0.000 0.000 1.610 1.561 1.518 0.419 0.332 0.000 0.000 0.000 0.000 0.000 0.000 0.055 0.033 0.007 0.000
18.049 36.937 27.767 24.580 24.391 25.208 24.031 25.860 30.692 19.524 13.346 13.148 12.909 11.605 12.295 17.962 34.525 32.104 10.628 9.291 8.036 8.850 20.706 18.584 29.467 17.342 10.225 8.118 9.015 7.915 12.816 20.717 16.618 10.519 16.419 26.319 23.219 22.119 13.020 5.921 5.822 6.724 4.642 0.000 0.000 0.000 0.000 0.000 0.000 12.631 7.631 6.622 0.000 0.000 0.000 5.233 2.136 1.952 1.805 1.654 1.569 1.498 1.391 1.291 1.268 0.249 1.233 3.231 0.000 0.000 0.022 0.008 0.005 0.000
31.962 27.883 16.758 21.608 26.448 21.285 27.124 32.963 24.810 12.658 11.499 13.319 13.081 16.650 17.266 10.852 21.508 17.160 13.678 10.245 6.975 13.785 17.642 19.527 10.420 37.265 25.144 15.040 6.941 12.842 31.743 41.644 34.542 11.439 13.334 16.227 20.119 25.010 22.901 18.791 7.675 4.539 11.359 17.151 0.000 0.000 0.000 0.000 0.000 0.000 2.641 2.613 2.557 7.488 6.411 2.322 1.197 1.928 1.796 1.663 1.568 1.484 1.378 1.229 1.246 1.245 0.231 0.215 1.170 4.167 0.068 0.000 0.000 0.000
33.947 18.877 13.773 15.646 17.507 28.362 32.215 43.060 41.927 34.800 23.674 12.550 15.445 0.000 0.000 9.673 15.495 12.351 0.000 8.039 11.832 28.674 27.550 30.462 0.000 2.104 42.044 35.958 21.866 27.770 45.672 45.572 43.468 12.362 18.251 18.138 20.021 7.902 16.783 22.666 21.548 20.396 33.106 41.943 0.000 0.000 0.000 0.000 0.000 0.000 25.677 6.634 6.569 6.496 6.422 7.356 1.292 0.187 3.779 0.598 0.464 0.280 0.150 0.522 0.072 0.000 0.000 0.000 0.000 0.000 0.000 0.000 0.000 0.000
24.974 13.904 13.810 13.697 26.571 24.443 41.312 56.137 53.038 49.942 44.846 35.761 26.704 0.000 0.000 0.000 3.447 14.399 0.000 0.000 4.643 22.528 21.421 36.309 8.150 9.054 41.971 46.884 42.794 41.700 44.604 44.503 45.398 24.288 16.172 18.051 17.924 7.794 16.664 10.543 29.454 0.346 38.726 60.571 31.287 1.069 0.000 0.000 0.000 1.893 61.757 14.675 16.590 16.505 12.425 13.354 5.303 0.259 0.000 0.238 0.134 0.173 0.135 2.373 0.044 0.000 0.000 0.000 0.000 0.000 0.000 0.000 0.000 0.000
23.030 20.956 15.868 27.761 21.636 34.528 12.454 0.000 33.148 52.083 51.009 51.945 34.906 0.000 0.000 0.000 0.000 20.398 0.000 0.000 1.422 16.373 11.299 38.202 49.089 48.990 44.901 44.814 44.726 45.634 44.539 44.439 44.333 38.220 13.099 14.970 12.831 7.685 18.535 19.390 22.276 0.000 23.491 59.330 29.051 46.669 7.413 0.000 4.173 60.006 47.845 19.720 13.611 15.511 9.417 3.333 1.147 0.000 0.000 0.147 0.523 8.338 15.300 24.274 13.213 0.000 0.000 0.000 0.000 0.000 0.000 0.000 0.000 0.000
25.096 21.024 27.943 24.844 27.686 51.578 38.522 21.460 42.322 51.233 50.161 49.104 29.070 0.000 0.000 0.000 0.000 0.000 0.000 0.000 7.279 16.266 27.200 43.112 45.012 44.918 44.830 44.746 44.660 44.572 44.479 44.381 44.275 44.160 30.035 19.897 12.746 5.581 9.401 9.207 13.983 32.645 18.416 53.209 38.918 45.494 52.157 37.745 42.339 51.076 26.895 27.749 13.623 12.509 4.401 1.056 1.063 0.497 3.652 9.560 27.458 26.356 25.281 24.219 24.152 14.086 0.000 0.000 0.000 0.000 0.000 0.000 0.000 0.000
17.168 29.101 26.037 25.985 0.000 0.000 30.594 56.536 51.447 50.367 52.298 34.241 20.201 4.223 0.000 0.000 0.000 0.000 0.000 0.000 13.245 30.211 42.124 45.035 44.930 44.839 44.757 44.678 44.598 44.514 44.426 44.330 44.226 44.112 44.983 38.839 30.675 22.490 20.283 23.054 13.805 30.537 9.318 51.172 0.000 4.234 38.974 10.739 1.382 57.062 20.912 24.758 22.622 3.503 1.209 1.539 0.746 0.754 16.673 27.565 24.454 24.347 24.251 21.169 20.093 18.020 16.947 0.000 0.000 0.000 0.000 0.000 0.000 0.000
27.241 27.177 22.118 42.075 0.000 4.829 44.726 51.644 50.564 50.490 50.424 26.360 26.269 37.246 0.000 0.000 0.000 0.000 0.000 0.000 0.000 0.000 39.048 50.973 45.836 44.752 44.680 44.611 44.538 44.462 44.379 44.289 44.189 44.076 43.948 44.799 45.625 42.422 42.186 44.923 24.645 30.378 4.150 44.988 0.000 0.000 34.767 4.602 14.364 48.131 28.932 20.750 24.606 1.354 1.940 0.483 0.383 0.801 19.707 20.572 25.448 24.327 19.209 16.115 20.032 24.954 23.876 12.795 0.000 0.000 0.000 0.000 0.000 0.000
28.312 16.246 27.183 48.122 41.053 46.933 52.835 50.751 50.675 50.606 47.548 31.507 0.000 0.000 0.000 0.000 0.000 0.000 0.000 0.000 0.000 0.000 0.000 0.000 36.688 45.651 44.602 44.546 44.484 44.416 44.340 44.257 44.164 46.057 44.933 44.785 43.605 45.387 44.115 43.807 33.474 31.180 7.916 19.642 49.240 27.945 35.725 4.536 32.348 26.165 28.934 16.705 10.521 2.123 1.790 0.690 0.687 1.780 1.941 6.570 14.440 12.304 13.145 24.049 23.968 23.890 23.808 24.716 18.598 14.507 12.440 1.380 0.000 0.000
17.381 13.313 28.247 47.179 53.104 52.015 50.929 50.851 50.779 51.713 42.654 35.612 0.000 0.000 0.000 0.000 0.000 0.000 0.000 0.000 0.000 0.000 0.000 12.543 39.576 45.564 44.532 44.488 44.436 44.376 44.310 44.235 46.152 46.056 45.942 37.803 42.623 45.408 48.080 45.717 39.264 34.954 22.690 6.425 54.132 36.871 38.652 3.470 49.328 13.247 0.000 10.617 1.287 1.884 0.402 0.798 3.272 1.835 1.297 0.124 0.000 0.000 18.021 23.970 23.903 23.830 23.751 23.665 24.571 24.484 24.404 25.317 24.222 21.137
14.449 12.380 29.312 49.242 51.170 51.093 51.017 50.946 50.878 52.811 31.742 29.677 0.000 0.000 0.000 0.000 0.000 0.000 0.000 0.000 0.000 0.000 0.000 26.510 45.509 44.498 44.473 44.438 44.395 44.345 46.287 45.223 45.152 45.072 38.979 16.861 32.675 42.541 0.000 0.000 16.911 23.682 32.465 19.237 39.993 57.755 42.542 9.365 51.248 0.000 0.000 0.000 1.576 1.341 0.970 3.200 0.481 0.255 0.846 3.226 0.000 0.000 13.949 23.906 23.846 23.777 23.702 23.622 23.539 23.457 23.377 23.296 23.214 23.137
19.516 24.447 39.378 51.310 51.240 51.170 51.101 51.036 50.975 51.913 38.828 0.000 0.000 0.000 0.000 0.000 0.000 11.321 0.000 0.000 0.000 0.000 0.000 1.456 36.454 43.444 44.425 44.397 44.362 44.320 46.272 44.219 44.161 44.101 28.039 23.988 0.000 0.000 0.000 0.000 1.536 8.397 30.251 16.065 20.849 63.613 46.395 25.199 35.052 0.000 28.858 5.771 1.556 1.184 0.924 1.795 9.671 9.452 11.306 17.184 12.068 22.982 23.920 23.862 23.799 23.731 23.659 23.583 23.506 23.429 23.352 23.276 23.202 23.132
21.582 40.513 51.445 51.378 51.311 51.245 51.182 51.124 51.074 57.039 0.000 0.000 0.000 0.000 0.000 0.000 11.321 23.321 10.322 25.323 21.324 0.000 0.000 23.400 30.406 41.401 44.387 44.364 44.335 45.301 44.261 44.219 44.174 40.130 29.090 34.064 0.000 0.000 0.000 0.000 18.278 10.206 28.079 3.922 5.723 53.455 52.225 43.986 29.707 29.275 17.945 12.767 1.541 1.194 0.433 0.726 19.534 26.371 25.245 25.137 17.040 23.958 23.889 23.824 23.758 23.691 23.620 23.548 23.474 23.401 23.328 23.256 23.187 23.122
28.646 48.579 52.512 51.446 51.382 51.319 51.259 51.203 51.157 58.130 0.000 0.000 0.000 0.000 0.000 0.000 0.320 20.321 20.322 19.323 22.325 6.332 14.343 22.364 22.370 39.367 45.356 44.338 44.314 44.286 44.255 44.221 45.187 37.155 33.129 27.113 0.000 0.000 0.000 0.000 0.000 10.071 28.936 5.821 1.617 40.260 57.063 53.813 34.516 13.173 11.879 12.671 3.525 0.289 0.287 0.143 1.430 21.254 24.167 24.080 15.998 23.923 23.854 23.788 23.721 23.654 23.585 23.515 23.444 23.373 23.303 23.235 23.170 23.108
36.710 52.643 51.578 51.514 51.451 51.389 51.330 51.274 53.222 51.193 0.000 0.000 0.000 0.000 0.000 0.000 0.000 25.321 31.321 36.321 27.323 26.327 20.333 16.342 27.344 41.341 44.332 44.317 47.298 45.275 44.250 44.224 44.198 39.174 31.156 26.148 1.159 0.000 0.000 0.000 0.000 0.000 20.774 6.689 2.519 35.170 65.953 46.689 25.373 16.020 17.727 15.513 10.377 0.000 0.286 0.000 0.000 9.172 24.090 24.019 15.951 23.883 23.818 23.752 23.687 23.620 23.552 23.483 23.414 23.346 23.278 23.213 23.150 23.091
44.773 52.707 51.643 51.580 51.518 51.458 51.400 52.342 50.264 38.228 22.228 0.000 0.000 0.000 0.000 0.000 0.000 26.320 35.320 35.319 39.319 41.320 24.322 23.325 38.325 44.321 44.313 44.301 45.285 44.267 44.247 44.226 44.206 42.188 30.175 31.168 25.170 0.000 0.000 0.000 0.000 0.000 6.696 6.619 0.468 45.106 32.891 38.615 8.265 27.809 21.498 14.275 14.094 4.887 0.000 0.388 0.000 0.093 21.002 22.958 16.903 23.843 24.782 23.718 23.654 23.588 23.521 23.453 23.385 23.318 23.252 23.189 23.128 23.071
