results3/res_3e8f-0054.wd
ncols         241
nrows         181
xllcorner     12693529.787448
yllcorner     3542525.717860
cellsize      155.156523
NODATA_value  -9999.000000
[rows 33 to 65 of 181, columns 148 to 221 of 241]
57.466 58.162 24.883 36.616 58.367 52.122 30.796 0.000 0.000 7.137 0.000 0.000 4.158 29.172 16.175 0.000 0.000 0.000 20.850 28.827 0.000 13.530 5.487 6.419 10.316 19.209 37.092 28.006 22.926 17.861 18.802 18.751 17.710 16.673 15.633 23.580 33.532 25.506 25.488 23.474 2.464 16.458 24.456 0.000 0.000 0.000 0.000 0.000 0.000 0.000 0.000 0.000 0.000 0.000 0.000 0.000 0.000 0.000 0.000 0.000 0.000 0.000 0.000 0.000 0.000 0.000 0.000 0.000 0.000 0.000 0.000 0.000 0.000 0.000
57.785 58.511 36.245 54.000 56.786 50.635 0.000 0.000 0.000 9.136 0.000 0.000 0.000 13.209 13.203 21.196 0.000 33.935 21.874 8.805 17.702 8.587 6.501 6.416 5.319 7.220 35.120 33.031 32.953 34.884 27.811 29.748 28.703 28.662 28.620 29.575 33.537 31.508 32.487 27.471 4.460 3.454 0.000 0.000 0.000 0.000 0.000 0.000 0.000 0.000 0.000 0.000 0.000 0.000 0.000 0.000 0.000 0.000 0.000 0.000 0.000 0.000 0.000 0.000 0.000 0.000 0.000 0.000 0.000 0.000 0.000 0.000 0.000 0.000
58.114 57.845 57.589 58.351 50.143 36.999 0.000 0.000 0.000 0.000 0.000 0.000 0.000 10.253 7.232 20.189 25.107 16.996 25.906 23.816 4.716 5.613 6.517 6.423 18.327 22.231 26.136 19.047 15.969 25.913 0.000 6.726 1.692 1.651 1.608 4.565 30.532 19.504 17.481 19.464 4.452 6.445 0.000 0.000 0.000 0.000 0.000 0.000 0.000 0.000 0.000 0.000 0.000 0.000 0.000 0.000 0.000 0.000 0.000 0.000 0.000 0.000 0.000 0.000 0.000 0.000 0.000 0.000 0.000 0.000 0.000 0.000 0.000 0.000
58.434 58.169 58.914 53.672 35.436 26.217 35.217 0.000 0.000 0.000 0.000 0.000 0.000 7.319 6.283 9.222 5.137 16.037 18.938 21.838 10.735 5.631 5.531 5.433 30.337 36.241 18.147 12.052 11.964 12.886 9.804 9.735 9.685 10.638 13.595 10.556 31.522 23.494 21.471 21.453 3.439 17.429 43.418 0.000 0.000 0.000 0.000 0.000 0.000 0.000 0.000 0.000 0.000 0.000 0.000 0.000 0.000 0.000 0.000 0.000 0.000 0.000 0.000 0.000 0.000 0.000 0.000 0.000 0.000 0.000 0.000 0.000 0.000 0.000
58.748 58.482 55.225 40.989 29.712 0.000 0.000 0.000 0.000 12.114 0.000 0.000 0.000 6.421 7.360 7.278 6.183 6.078 11.971 4.863 4.754 6.647 5.542 4.442 28.345 25.252 33.158 37.053 35.947 30.865 26.791 28.728 24.673 28.625 28.581 29.542 33.508 31.479 32.456 28.437 3.424 15.414 37.408 0.000 0.000 0.000 0.000 0.000 0.000 0.000 0.000 0.000 0.000 0.000 0.000 0.000 0.000 0.000 0.000 0.000 0.000 0.000 0.000 0.000 0.000 0.000 0.000 0.000 0.000 0.000 0.000 0.000 0.000 0.000
59.055 58.786 48.517 30.344 0.000 0.000 0.000 0.000 10.156 13.114 26.036 25.925 13.779 6.584 6.459 7.348 7.237 6.123 5.006 5.889 5.773 5.660 4.551 13.447 32.351 11.263 25.181 2.054 34.907 24.835 23.770 23.710 20.656 25.607 26.563 26.523 33.489 31.459 28.436 28.418 3.404 17.396 36.391 0.000 0.000 0.000 0.000 0.000 0.000 0.000 0.000 0.000 0.000 0.000 0.000 0.000 0.000 0.000 0.000 0.000 0.000 0.000 0.000 0.000 0.000 0.000 0.000 0.000 0.000 0.000 0.000 0.000 0.000 0.000
60.358 53.090 40.712 30.528 0.000 0.000 0.000 0.000 7.197 24.151 18.070 6.961 8.828 8.678 6.545 5.419 7.295 6.169 7.042 6.915 6.790 5.668 5.553 25.446 25.350 25.268 25.212 0.000 6.852 4.798 5.743 5.688 6.635 10.586 13.540 11.500 31.465 25.435 19.411 21.393 4.381 16.374 35.371 0.000 0.000 0.000 0.000 0.000 0.000 0.000 0.000 0.000 0.000 0.000 0.000 0.000 0.000 0.000 0.000 0.000 0.000 0.000 0.000 0.000 0.000 0.000 0.000 0.000 0.000 0.000 0.000 0.000 0.000 0.000
59.663 45.505 0.000 0.000 0.000 0.000 0.000 0.000 23.286 18.224 8.133 9.021 8.893 8.757 8.622 6.489 5.355 5.218 7.079 5.940 5.803 4.672 6.548 21.435 12.334 21.247 22.187 0.000 0.000 20.761 19.718 19.664 19.611 21.560 21.513 22.472 34.435 30.405 25.381 27.363 3.353 12.349 40.349 0.000 0.000 0.000 0.000 0.000 0.000 0.000 0.000 0.000 0.000 0.000 0.000 0.000 0.000 0.000 0.000 0.000 0.000 0.000 0.000 0.000 0.000 0.000 0.000 0.000 0.000 0.000 0.000 0.000 0.000 0.000
52.886 35.763 0.000 0.000 0.000 0.000 0.000 30.570 24.436 8.327 9.216 9.096 8.968 8.834 8.698 8.560 5.417 6.269 6.116 5.962 6.811 5.667 5.534 8.412 13.303 25.202 12.102 23.968 28.860 21.769 30.702 20.641 21.584 24.531 23.482 22.439 32.401 28.369 16.344 15.327 4.319 11.321 40.326 0.000 0.000 0.000 0.000 0.000 0.000 0.000 0.000 0.000 0.000 0.000 0.000 0.000 0.000 0.000 0.000 0.000 0.000 0.000 0.000 0.000 0.000 0.000 0.000 0.000 0.000 0.000 0.000 0.000 0.000 0.000
38.999 28.898 0.000 0.000 0.000 8.973 22.877 23.705 17.561 12.433 9.308 9.181 9.050 8.915 7.777 10.635 15.486 11.327 6.155 6.982 5.813 5.652 5.507 5.379 12.263 13.156 11.052 17.942 16.842 11.755 23.680 3.614 11.553 18.497 17.446 11.400 30.360 23.326 3.299 2.281 5.275 7.291 11.308 0.000 0.000 0.000 0.000 0.000 0.000 0.000 0.000 0.000 0.000 0.000 0.000 0.000 0.000 0.000 0.000 0.000 0.000 0.000 0.000 0.000 0.000 0.000 0.000 0.000 0.000 0.000 0.000 0.000 0.000 0.000
17.965 35.931 0.000 0.000 11.172 21.070 34.954 18.812 17.672 17.536 10.403 9.270 9.135 8.999 15.860 23.718 24.566 16.396 11.195 5.998 4.806 5.622 9.465 6.332 5.216 4.109 10.007 10.907 9.813 10.728 12.651 5.582 11.518 16.459 18.405 14.357 30.314 24.277 6.247 5.223 5.209 1.207 0.000 0.000 0.000 0.000 0.000 0.000 0.000 0.000 0.000 0.000 0.000 0.000 0.000 0.000 0.000 0.000 1.167 0.134 1.451 0.441 0.006 0.000 0.000 0.000 0.000 0.000 0.000 0.000 0.000 0.000 0.000 0.000
0.000 0.000 0.000 0.000 14.274 34.180 26.057 28.918 25.777 15.637 8.498 9.360 9.222 20.085 24.948 20.810 15.666 12.497 15.233 10.008 9.793 5.565 10.398 4.270 5.160 6.058 4.960 4.865 4.776 4.693 3.615 4.544 4.478 8.416 14.360 13.309 31.263 25.222 4.187 5.157 5.131 4.099 0.000 0.000 0.000 0.000 0.000 0.000 0.000 0.000 0.000 0.000 0.000 0.006 0.655 0.658 0.109 0.052 0.031 0.044 0.020 0.011 0.007 0.157 0.000 0.000 0.000 0.000 0.000 0.000 0.000 0.000 0.000 0.000
0.000 0.000 0.000 15.657 31.472 24.320 16.174 24.028 27.882 28.737 18.594 7.451 17.310 26.171 16.037 7.909 7.790 9.693 0.000 0.000 0.000 2.439 6.292 8.192 8.096 5.002 4.910 5.820 4.733 4.652 4.574 5.502 4.433 4.369 4.310 7.256 24.206 23.162 5.123 5.088 5.058 6.036 7.036 0.000 0.000 0.000 0.000 0.000 0.000 0.000 0.000 0.000 0.000 0.035 0.006 0.007 0.013 0.017 0.026 0.047 0.000 0.000 0.000 0.009 0.000 0.000 0.000 0.025 0.000 0.000 0.000 0.000 0.000 0.000
0.000 0.000 15.076 24.843 31.635 15.456 18.293 16.137 13.986 21.837 26.688 21.541 25.395 14.254 8.121 9.001 8.892 16.792 0.000 0.000 0.000 0.000 8.169 19.110 20.031 14.945 10.857 12.771 8.687 7.606 5.529 4.455 4.384 5.317 4.255 4.198 7.145 16.097 4.056 4.013 4.978 3.953 0.000 0.000 0.000 0.000 0.000 0.000 0.000 0.000 0.000 0.000 0.017 0.004 0.006 0.010 0.000 0.000 0.000 0.097 0.268 0.309 0.018 0.014 0.000 0.001 0.000 0.007 0.019 0.000 0.000 0.000 0.000 0.000
18.408 19.804 18.310 33.003 17.770 11.577 13.404 12.243 9.088 7.935 22.783 29.630 32.476 20.328 10.193 7.080 14.986 0.000 0.000 0.000 0.000 2.125 12.105 19.048 19.973 19.890 21.805 29.720 27.637 23.558 21.482 17.407 11.331 6.261 4.196 5.136 4.079 9.026 1.978 2.930 3.888 5.845 26.784 0.000 0.000 0.000 0.000 0.000 0.000 0.000 0.000 0.000 0.000 0.000 0.000 0.022 0.088 0.118 0.142 0.163 0.066 0.087 0.000 0.081 0.057 0.010 0.009 0.009 0.000 0.000 0.000 0.000 0.000 0.000
18.065 10.694 29.357 29.088 23.867 14.677 8.505 9.344 10.188 21.034 23.879 15.718 18.553 27.389 28.242 18.142 0.000 0.000 0.000 0.000 7.219 13.146 17.078 16.005 16.924 16.839 14.752 21.666 22.584 22.507 23.434 20.361 19.271 20.200 11.134 6.070 7.009 3.950 4.890 3.843 2.798 4.756 19.723 0.000 0.000 0.000 0.000 0.000 0.000 0.000 0.000 0.000 0.000 0.000 0.000 0.000 0.000 0.000 0.000 0.000 0.230 0.225 0.000 0.124 0.000 0.000 0.000 0.000 0.000 0.000 0.000 0.000 0.000 0.000
11.722 21.552 31.336 22.127 21.935 23.759 21.595 12.439 18.287 27.136 15.980 8.813 7.630 13.432 23.245 30.104 0.000 0.000 10.645 10.487 5.293 14.161 19.058 19.968 15.881 15.790 7.698 4.610 4.527 4.451 3.386 1.296 8.194 22.134 21.069 20.003 14.938 5.874 3.812 4.756 3.704 3.659 4.630 0.000 0.000 0.000 0.000 0.000 0.000 0.000 0.000 0.000 0.000 0.000 0.000 0.000 0.000 0.000 0.000 1.333 1.307 1.281 0.210 0.151 0.000 0.000 0.000 0.000 0.000 0.000 0.000 0.000 0.000 0.000
14.551 33.455 24.310 21.149 20.986 21.829 20.677 22.530 27.386 16.242 10.092 9.924 9.721 8.465 9.204 14.925 31.558 29.203 7.804 6.522 5.307 6.147 18.026 15.928 26.840 14.744 7.639 5.548 6.465 5.386 10.308 18.215 14.143 8.075 14.005 23.936 20.866 19.797 10.730 3.665 3.602 4.547 2.505 0.000 0.000 0.000 0.000 0.000 0.000 11.974 6.974 5.970 0.000 0.000 0.000 4.754 1.673 1.537 1.448 1.359 1.309 1.261 1.176 1.092 1.074 0.032 0.030 0.094 0.000 0.000 0.000 0.000 0.000 0.000
28.476 24.408 13.300 18.171 23.033 17.894 23.755 29.617 21.486 9.356 8.221 10.069 9.867 13.504 14.181 7.834 18.545 14.248 10.847 7.490 4.264 11.095 14.972 16.880 7.809 34.707 22.568 12.477 4.398 10.321 29.244 39.164 32.089 9.016 10.943 13.869 17.794 22.720 20.646 16.572 5.494 2.402 9.240 15.110 0.000 0.000 0.000 0.000 0.000 0.000 1.979 1.967 1.941 6.909 5.873 1.826 0.732 1.515 1.443 1.366 1.309 1.251 1.167 1.038 1.055 1.055 0.017 0.001 0.000 0.000 0.000 0.000 0.000 0.000
30.463 15.402 10.313 12.203 14.083 24.959 28.831 39.699 38.585 31.476 20.369 9.264 12.175 0.000 0.000 6.687 12.541 9.397 0.000 5.328 9.166 25.999 24.885 27.810 0.000 0.000 39.450 33.396 19.329 25.258 43.184 43.108 41.033 9.958 15.881 15.802 17.722 5.642 14.561 20.482 19.401 18.293 31.087 39.980 0.000 0.000 0.000 0.000 0.000 0.000 24.995 5.976 5.947 5.914 5.879 6.849 0.813 0.000 3.435 0.329 0.250 0.131 0.055 0.404 0.010 0.000 0.000 0.000 0.000 0.000 0.000 0.000 0.000 0.000
21.486 10.426 10.345 10.246 23.137 21.027 37.913 52.764 49.678 46.596 41.515 32.442 23.394 0.000 0.000 0.000 0.480 11.402 0.000 0.000 2.025 19.850 18.761 33.666 5.524 6.434 39.385 44.328 40.265 39.197 42.126 42.053 42.978 21.901 13.821 15.738 15.652 5.564 14.476 8.396 27.336 0.000 36.837 58.742 29.571 0.000 0.000 0.000 0.000 1.107 61.031 13.996 15.958 15.919 11.883 12.851 4.828 0.000 0.000 0.114 0.059 0.071 0.042 0.414 0.005 0.000 0.000 0.000 0.000 0.000 0.000 0.000 0.000 0.000
19.534 17.471 12.394 24.301 18.193 31.098 9.032 0.000 29.770 48.715 47.652 48.598 31.565 0.000 0.000 0.000 0.000 17.401 0.000 0.000 0.000 13.696 8.645 35.568 46.473 46.393 42.329 42.268 42.205 43.139 42.071 42.000 41.926 35.847 10.765 12.677 10.583 5.485 16.385 17.288 20.212 0.000 21.683 57.580 27.401 45.141 5.983 0.000 3.258 59.170 47.080 19.019 12.968 14.923 8.882 2.844 0.695 0.000 0.000 0.061 0.059 0.078 0.124 8.124 0.005 0.000 0.000 0.000 0.000 0.000 0.000 0.000 0.000 0.000
21.592 17.530 24.459 21.373 24.235 48.140 35.087 18.033 38.917 47.842 46.781 45.732 25.703 0.000 0.000 0.000 0.000 0.000 0.000 0.000 4.578 13.594 24.554 40.488 42.409 42.336 42.270 42.209 42.148 42.085 42.020 41.951 41.877 41.799 27.714 17.621 10.520 3.410 7.291 7.161 12.011 30.784 16.631 51.496 37.311 44.038 50.827 36.582 41.346 50.195 26.101 27.031 12.973 11.924 3.877 0.614 0.656 0.284 0.215 0.153 11.253 10.204 9.137 8.063 7.966 0.000 0.000 0.000 0.000 0.000 0.000 0.000 0.000 0.000
13.655 25.597 22.541 22.496 0.000 0.000 27.142 53.096 48.023 46.956 48.898 30.848 16.812 0.840 0.000 0.000 0.000 0.000 0.000 0.000 10.563 27.548 39.488 42.422 42.341 42.270 42.208 42.150 42.093 42.034 41.972 41.906 41.835 41.757 42.671 36.575 28.466 20.344 18.206 21.055 11.888 28.709 7.563 49.460 0.000 2.873 37.703 9.574 0.375 56.163 20.099 24.030 21.970 2.922 0.702 1.033 0.446 0.340 0.867 11.377 8.293 8.221 8.144 5.026 3.871 1.740 0.663 0.000 0.000 0.000 0.000 0.000 0.000 0.000
23.718 23.663 18.612 38.576 0.000 1.369 41.244 48.187 47.123 47.061 47.006 22.952 22.877 33.868 0.000 0.000 0.000 0.000 0.000 0.000 0.000 0.000 36.429 48.371 43.262 42.197 42.143 42.092 42.040 41.986 41.929 41.867 41.799 41.724 41.639 42.541 43.427 40.293 40.137 42.963 22.778 28.603 2.449 43.322 0.000 0.000 33.545 3.449 13.304 47.189 28.101 20.021 23.957 0.785 1.430 0.163 0.189 0.237 3.530 4.415 9.323 8.245 3.193 0.054 3.694 8.628 7.576 0.000 0.000 0.000 0.000 0.000 0.000 0.000
24.780 12.723 23.670 44.619 37.564 43.470 49.362 47.286 47.220 47.162 44.112 28.077 0.000 0.000 0.000 0.000 0.000 0.000 0.000 0.000 0.000 0.000 0.000 0.000 34.140 43.112 42.075 42.034 41.990 41.942 41.891 41.834 41.772 43.701 42.620 42.523 41.407 43.265 42.086 41.883 31.659 29.454 6.256 18.074 47.800 26.608 34.483 3.374 31.270 25.189 28.095 15.996 9.905 1.571 1.336 0.460 0.410 0.861 0.403 0.226 0.339 0.000 0.000 7.556 7.584 7.559 7.515 8.454 2.419 0.000 0.000 0.000 0.000 0.000
13.840 9.782 24.724 43.667 49.604 48.528 47.446 47.375 47.311 48.254 39.203 32.168 0.000 0.000 0.000 0.000 0.000 0.000 0.000 0.000 0.000 0.000 0.000 10.027 37.048 43.036 42.011 41.980 41.943 41.903 41.858 41.808 43.753 43.690 43.616 35.527 40.412 43.274 46.060 43.822 37.523 33.298 21.105 4.920 52.717 35.541 37.404 2.294 48.214 12.201 0.000 9.964 0.712 1.363 0.134 0.440 2.351 0.989 0.558 0.000 0.000 0.000 1.527 7.529 7.529 7.508 7.473 7.429 8.386 8.330 8.285 9.245 8.208 5.172
10.899 8.839 25.780 45.720 47.657 47.590 47.522 47.457 47.397 49.339 28.280 26.223 0.000 0.000 0.000 0.000 0.000 0.000 0.000 0.000 0.000 0.000 0.000 24.007 42.987 41.974 41.955 41.931 41.902 41.868 43.830 42.788 42.741 42.689 36.630 14.556 30.442 40.357 0.000 0.000 15.314 22.110 30.947 17.783 38.608 56.437 41.288 8.162 50.092 0.000 0.000 0.000 0.920 0.836 0.555 2.381 0.092 0.033 0.161 0.105 0.000 0.000 0.000 7.505 7.495 7.473 7.442 7.405 7.365 7.322 7.281 7.243 7.207 7.173
15.957 20.896 35.837 47.777 47.716 47.654 47.593 47.535 47.481 48.427 35.353 0.000 0.000 0.000 0.000 0.000 0.000 8.755 0.000 0.000 0.000 0.000 0.000 0.000 33.921 40.916 41.905 41.888 41.865 41.838 43.807 41.773 41.736 41.697 25.658 21.625 0.000 0.000 0.000 0.000 0.159 6.879 28.789 14.660 19.493 62.310 45.148 24.006 33.900 0.000 27.978 4.933 0.836 0.621 0.473 0.781 0.789 0.283 0.215 1.539 0.000 6.531 7.512 7.494 7.474 7.449 7.419 7.386 7.349 7.312 7.275 7.240 7.207 7.175
18.014 36.954 47.894 47.835 47.776 47.718 47.662 47.610 47.565 53.535 0.000 0.000 0.000 0.000 0.000 0.000 8.755 20.755 7.756 22.758 18.759 0.000 0.000 20.832 27.860 38.866 41.862 41.850 41.833 42.812 41.787 41.761 41.732 37.704 26.679 31.663 0.000 0.000 0.000 0.000 16.740 8.738 26.672 2.573 4.397 52.163 50.989 42.813 28.603 28.265 17.023 11.906 0.776 0.612 0.184 0.146 3.813 10.678 9.586 9.518 1.216 7.551 7.513 7.485 7.459 7.431 7.401 7.370 7.337 7.303 7.270 7.237 7.206 7.176
25.070 45.010 48.952 47.894 47.836 47.780 47.726 47.677 47.637 54.613 0.000 0.000 0.000 0.000 0.000 0.000 0.000 17.756 17.756 16.758 19.761 3.769 11.782 19.805 19.821 36.828 42.826 41.818 41.805 41.789 41.770 41.750 42.729 34.710 30.693 24.684 0.000 0.000 0.000 0.000 0.000 8.662 27.586 4.529 0.360 38.955 55.833 52.655 33.433 12.169 10.944 11.785 2.662 0.000 0.068 0.033 0.020 5.615 8.551 8.510 0.289 7.533 7.506 7.476 7.446 7.417 7.387 7.356 7.326 7.295 7.265 7.235 7.206 7.177
33.126 49.067 48.009 47.952 47.895 47.840 47.787 47.737 49.692 47.667 0.000 0.000 0.000 0.000 0.000 0.000 0.000 22.755 28.756 33.757 24.759 23.764 17.772 13.784 24.793 38.797 41.796 41.791 44.782 42.770 41.756 41.741 41.726 36.712 28.701 23.695 0.000 0.000 0.000 0.000 0.000 0.000 19.481 5.437 1.239 33.863 64.731 45.543 24.306 15.033 16.800 14.626 9.510 0.000 0.064 0.000 0.000 0.000 8.493 8.472 0.284 7.535 7.504 7.468 7.435 7.404 7.374 7.345 7.317 7.289 7.261 7.233 7.206 7.178
41.181 49.122 48.065 48.010 47.954 47.898 47.844 48.793 46.727 34.696 18.696 0.000 0.000 0.000 0.000 0.000 0.000 23.755 32.756 32.756 36.755 38.756 21.760 20.765 35.771 41.773 41.772 41.768 42.761 41.753 41.742 41.732 41.721 39.712 27.705 28.701 22.701 0.000 0.000 0.000 0.000 0.000 5.420 5.359 0.000 43.842 31.684 37.481 7.215 26.857 20.598 13.411 13.255 4.074 0.000 0.000 0.000 0.000 5.457 7.422 1.261 7.563 8.508 7.458 7.423 7.391 7.362 7.335 7.309 7.283 7.258 7.232 7.207 7.181
