results3/res_3e8f-0131.wd
ncols         241
nrows         181
xllcorner     12693529.787448
yllcorner     3542525.717860
cellsize      155.156523
NODATA_value  -9999.000000
[rows 66 to 98 of 181, columns 146 to 218 of 241]
32.764 47.703 69.646 70.592 70.541 70.493 70.446 70.399 70.353 73.317 9.294 0.000 0.000 0.000 0.000 0.000 0.000 0.000 41.778 16.778 0.000 23.776 53.773 53.774 53.775 60.776 66.776 66.774 66.772 66.768 66.764 66.759 66.754 66.748 66.743 68.738 53.735 54.732 46.731 0.000 0.000 0.000 0.000 0.000 22.973 29.964 38.945 32.911 10.866 8.807 23.772 44.744 52.718 46.693 41.668 41.644 31.620 28.597 28.574 31.552 52.531 64.511 59.491 48.472 55.454 62.437 66.421 66.405 65.391 65.377 65.364 65.351 65.340
35.821 54.760 72.703 70.649 70.601 70.555 70.509 70.460 75.403 64.362 34.343 31.351 0.000 0.000 0.000 0.000 0.000 12.777 14.777 0.000 0.000 0.000 23.766 54.766 63.767 66.767 66.767 66.765 66.763 70.761 68.757 66.753 66.749 66.745 65.741 57.738 51.735 57.734 47.733 0.000 0.000 0.000 0.000 14.966 28.966 33.961 29.953 0.000 0.000 5.754 25.739 28.719 42.698 51.676 40.654 39.631 37.609 28.586 28.564 27.542 33.521 57.501 64.481 49.463 51.445 53.428 55.412 59.396 63.382 65.368 66.355 65.343 65.331
40.877 61.814 71.755 70.703 70.658 70.617 68.577 67.527 22.438 7.385 38.363 44.359 9.360 0.000 0.000 0.000 0.000 0.000 0.000 0.000 0.000 7.755 36.758 56.759 66.759 66.759 66.759 66.758 66.756 68.754 67.751 66.748 66.745 67.742 57.739 55.738 58.736 53.734 45.733 0.000 0.000 0.000 0.000 32.965 35.966 0.000 0.000 0.000 0.701 33.717 35.710 45.696 48.679 59.660 57.640 45.619 34.597 26.575 28.553 28.532 23.511 37.491 54.471 58.453 63.435 60.418 53.402 58.386 61.372 61.358 59.346 61.333 64.322
45.931 68.865 72.800 73.748 70.711 71.680 66.654 12.635 0.000 37.376 38.367 43.363 51.361 0.000 0.000 0.000 0.000 0.000 0.000 0.000 0.000 19.753 42.753 55.753 67.753 66.752 66.752 66.750 66.749 67.747 66.745 66.743 66.741 63.739 57.737 22.737 0.000 0.000 0.000 0.000 0.000 0.000 0.000 28.965 35.965 0.000 0.000 0.000 50.686 36.691 31.687 59.676 64.662 65.645 69.627 63.607 51.586 31.564 28.542 28.521 26.500 27.480 33.460 34.442 41.424 49.407 56.391 60.376 61.362 62.348 58.336 61.324 62.312
27.987 32.917 42.832 18.780 75.759 72.738 57.724 34.723 4.754 0.000 0.000 0.000 0.000 0.000 0.000 0.000 0.000 0.000 0.000 0.000 0.000 20.750 45.747 48.747 64.746 66.746 66.745 66.744 70.743 69.741 66.740 66.738 67.736 58.735 61.734 0.000 0.000 0.000 0.000 0.000 0.000 0.000 0.000 0.000 22.965 31.964 0.000 0.000 81.678 44.676 26.670 57.660 65.648 65.633 65.616 68.596 67.575 47.553 30.532 28.510 26.489 29.469 30.449 38.430 43.413 32.396 32.380 37.365 42.351 48.338 53.325 57.314 61.303
74.049 52.983 0.000 0.000 79.806 71.789 58.781 40.779 7.785 0.000 0.000 0.000 0.000 0.000 0.000 0.000 0.000 0.000 0.000 0.000 0.000 0.000 6.741 50.740 66.740 66.739 66.739 66.738 68.737 67.736 66.734 66.733 67.732 55.731 65.730 0.000 0.000 0.000 0.000 0.000 0.000 0.000 0.000 0.000 0.000 0.000 0.000 0.000 18.671 34.665 27.657 57.648 65.637 65.623 66.607 66.587 66.566 59.543 35.521 31.499 29.477 26.457 47.437 59.418 65.400 49.384 42.368 38.353 36.340 33.327 33.315 33.303 61.292
50.121 0.000 0.000 76.976 76.871 74.831 65.833 50.828 6.821 0.000 0.000 0.000 0.000 0.000 0.000 0.000 0.000 0.000 0.000 0.000 0.000 0.000 32.735 55.734 67.734 66.734 66.733 67.732 66.731 66.730 66.729 66.728 67.727 60.726 25.726 0.000 0.000 0.000 0.000 0.000 0.000 0.000 0.000 0.000 0.000 0.000 0.000 0.000 0.000 31.655 30.646 48.638 63.628 66.616 60.601 56.581 62.558 53.533 36.509 35.487 44.466 39.444 62.424 66.405 65.387 63.371 63.355 60.341 58.328 55.315 51.303 43.292 63.282
77.163 67.162 73.135 29.081 0.000 0.000 71.891 45.881 6.851 0.000 9.051 0.000 0.000 0.000 0.000 0.000 0.000 0.000 0.000 0.000 0.000 0.000 48.729 60.729 67.728 66.728 66.728 68.727 68.726 66.725 66.724 66.723 65.722 61.722 10.721 0.000 0.000 0.000 0.000 0.000 0.000 0.000 0.000 0.000 0.000 0.000 0.000 0.000 0.000 0.000 19.633 45.629 63.622 64.613 45.600 48.577 50.552 47.521 32.497 29.475 52.453 61.431 65.410 67.391 67.373 68.357 66.342 66.328 67.315 66.303 67.291 67.281 66.271
79.206 71.189 76.161 27.132 0.000 0.000 62.959 10.953 0.000 0.000 41.052 4.052 0.000 0.000 0.000 0.000 0.000 0.000 0.000 0.000 0.000 0.000 51.723 63.723 67.723 66.723 66.723 67.722 67.722 66.721 66.720 67.719 63.718 58.717 8.716 0.000 0.000 0.000 0.000 0.000 0.000 0.000 0.000 0.000 0.000 0.000 0.000 0.000 11.622 13.623 24.625 40.623 62.619 64.613 10.608 0.000 0.000 37.501 31.482 26.463 40.442 59.417 65.395 67.375 67.358 67.342 65.327 65.314 66.302 65.290 65.279 66.269 66.259
71.267 71.226 71.189 69.155 56.126 42.086 35.033 34.019 30.040 33.048 36.052 36.052 8.052 0.000 0.000 0.000 0.000 0.000 12.700 14.700 0.000 4.718 50.718 64.718 66.718 66.718 66.718 66.718 66.717 66.716 66.716 66.715 48.714 43.712 41.711 36.708 0.706 0.000 0.000 0.000 0.000 0.000 0.000 0.000 0.000 0.000 0.000 0.000 15.621 41.621 32.621 36.620 56.617 57.614 30.612 0.000 0.000 0.000 28.468 33.455 32.432 51.401 64.378 65.358 65.341 65.326 65.312 65.299 65.288 65.277 65.267 65.257 65.248
71.304 71.258 71.214 70.174 67.137 69.100 43.067 22.052 60.052 33.054 37.055 13.053 0.000 0.000 0.000 0.000 0.000 0.000 12.700 58.700 7.701 0.000 49.713 63.713 67.714 66.714 68.714 69.714 67.713 66.712 66.712 64.711 57.710 48.708 49.707 48.706 1.706 0.000 0.000 0.000 0.000 0.000 0.000 0.000 0.000 0.000 0.000 0.000 9.620 44.620 36.620 43.618 58.616 53.614 59.613 0.000 0.000 0.000 0.000 0.000 0.000 41.378 64.356 65.338 65.323 65.309 65.296 65.284 65.273 65.263 65.253 65.244 65.236
71.336 71.289 72.236 74.189 71.147 71.111 70.084 71.069 62.063 40.061 12.060 0.000 0.000 0.000 0.000 0.000 0.000 0.000 0.000 51.701 38.701 28.704 44.707 66.709 66.710 66.710 66.710 66.710 66.709 66.709 66.708 66.707 64.706 43.705 47.703 54.702 0.000 0.000 0.000 0.000 0.000 0.000 0.000 0.000 0.000 0.000 0.000 0.000 5.620 56.620 0.618 23.617 46.615 53.614 14.614 0.000 0.000 0.000 0.000 0.000 0.000 0.000 53.329 66.317 65.303 65.290 65.279 65.268 65.258 65.249 65.240 65.232 65.224
74.370 70.325 67.253 69.198 72.152 72.112 74.090 71.077 69.069 56.066 5.065 0.000 0.000 0.000 0.000 0.000 0.000 0.000 0.000 7.701 42.701 34.702 50.704 68.705 66.706 66.706 66.707 66.706 66.706 66.705 66.705 66.704 67.702 56.701 43.700 47.698 53.695 0.000 0.000 0.000 0.000 0.000 0.000 0.000 0.000 0.000 0.000 0.000 0.000 1.619 0.000 0.000 31.614 50.614 0.000 0.000 0.000 0.000 0.000 0.000 0.000 0.000 41.313 62.298 65.284 65.271 65.261 65.251 65.243 65.234 65.227 65.219 65.211
67.410 28.389 0.000 0.000 0.000 64.095 69.087 75.078 71.073 60.069 10.068 0.000 44.069 14.069 0.000 0.000 0.000 0.000 0.000 0.000 34.699 38.700 59.701 67.702 68.703 69.704 66.704 66.704 66.703 66.702 66.702 66.701 66.699 67.698 46.696 28.694 37.693 0.000 0.000 0.000 0.000 0.000 0.000 0.000 0.000 0.000 0.000 0.000 0.000 0.000 0.000 0.000 20.613 53.613 0.000 0.000 0.000 0.000 0.000 0.000 0.000 0.000 0.000 42.280 62.261 65.250 65.242 65.234 65.227 65.220 65.213 65.206 65.199
62.443 19.431 0.000 0.000 39.087 37.087 54.083 73.078 70.074 55.071 36.070 40.070 44.070 10.069 0.000 0.000 0.000 0.000 5.692 0.000 35.697 46.698 66.699 66.700 69.701 69.701 66.701 66.701 66.701 66.700 66.699 66.698 66.697 67.695 63.693 58.691 47.689 27.685 21.683 0.000 0.000 0.000 0.000 0.000 0.000 0.000 0.000 0.000 0.000 0.000 0.000 0.000 22.613 14.613 0.000 0.000 0.000 0.000 0.000 0.000 0.000 0.000 0.000 0.000 47.232 63.227 65.222 65.217 65.211 65.205 65.200 65.194 65.187
68.469 49.462 21.468 0.000 0.000 39.084 39.080 61.077 73.074 51.072 38.071 43.070 21.070 0.000 0.000 0.000 0.000 0.000 34.692 27.693 32.695 49.696 68.697 68.698 69.699 66.699 66.699 66.699 66.699 66.698 66.697 66.696 66.694 66.693 66.691 68.689 57.686 45.684 34.681 35.679 28.677 19.676 24.676 0.000 0.000 0.000 0.000 0.000 0.000 0.000 0.000 0.000 25.612 0.612 0.000 0.000 0.000 0.000 0.000 0.000 0.000 0.000 0.000 0.000 32.207 60.205 64.203 65.199 65.196 65.192 65.187 65.182 65.176
71.487 62.479 15.473 0.000 0.000 0.000 38.078 43.075 70.073 58.072 39.071 42.070 17.070 0.000 0.000 0.000 0.000 0.000 37.692 30.692 33.693 51.694 70.695 69.696 67.697 67.698 66.698 66.698 66.697 66.696 66.695 67.694 67.693 67.691 61.689 52.686 56.684 63.682 56.680 54.678 42.677 29.676 36.675 0.000 0.000 0.000 0.000 0.000 0.000 0.000 0.000 0.000 0.000 0.000 0.000 0.000 0.000 0.000 0.000 0.000 0.000 0.000 0.000 0.000 24.184 55.184 65.184 67.183 67.181 67.178 66.175 65.171 65.165
71.501 46.496 0.000 0.000 0.000 0.000 0.000 45.073 58.073 52.072 51.071 48.070 38.070 16.070 0.000 0.000 0.000 0.000 36.691 29.691 34.692 49.693 61.694 58.695 53.696 55.697 60.697 65.697 67.696 67.695 65.694 55.693 53.692 58.690 47.687 44.684 44.682 55.680 59.679 54.677 40.676 29.675 1.675 0.000 0.000 0.000 0.000 0.000 0.000 0.000 0.000 0.000 0.000 0.000 0.000 0.000 0.000 0.000 0.000 0.000 0.000 0.000 0.000 0.000 12.162 37.164 43.166 45.167 45.167 46.166 55.164 64.161 65.156
70.511 36.507 0.000 0.000 0.000 0.000 0.000 40.072 34.072 33.072 41.071 41.070 41.070 37.070 10.070 0.000 0.000 0.000 41.690 36.690 41.691 51.691 54.692 57.694 15.695 0.000 0.000 6.696 67.695 64.694 53.693 8.692 0.000 0.000 46.684 78.682 71.680 50.679 56.677 50.676 39.675 24.674 27.674 0.000 0.000 0.000 0.000 0.000 0.000 0.000 0.000 0.000 0.000 0.000 0.000 0.000 0.000 0.000 0.000 0.000 16.098 37.101 48.108 47.119 65.137 73.145 74.150 72.152 74.154 61.155 44.155 62.154 65.150
68.517 33.514 0.000 0.000 0.000 0.000 0.000 40.072 36.072 15.072 0.000 0.000 0.000 0.000 0.000 0.000 0.000 0.000 47.689 41.689 36.690 32.690 18.690 0.000 0.000 0.000 0.000 0.000 0.000 0.000 40.691 2.691 0.000 0.000 0.000 41.679 74.678 34.677 35.676 34.675 30.674 33.674 80.673 39.672 0.000 0.000 0.000 0.000 0.000 0.000 0.000 0.000 0.000 0.000 0.000 0.000 0.000 0.000 0.000 0.000 2.095 84.098 80.104 62.112 63.122 60.130 61.135 83.139 76.142 62.145 42.148 51.149 50.150
54.521 35.519 29.520 0.000 0.000 0.000 0.000 0.000 38.072 22.071 0.000 0.000 0.000 0.000 0.000 0.000 0.000 0.000 47.688 47.688 48.688 31.689 6.689 0.000 0.000 0.000 0.000 0.000 0.000 0.000 36.690 13.690 0.000 0.000 0.000 40.678 89.677 53.676 56.675 51.674 36.673 54.673 108.672 105.672 36.671 0.000 0.000 0.000 0.000 0.000 0.000 0.000 0.000 0.000 0.000 0.000 0.000 15.080 5.081 3.083 12.089 87.093 54.098 62.104 53.111 34.117 45.122 88.126 54.131 41.135 48.143 2.146 0.000
38.523 38.521 24.520 0.000 0.000 0.000 0.000 0.000 0.000 0.000 0.000 0.000 0.000 0.000 0.000 0.000 0.000 0.000 50.687 41.687 35.687 33.688 7.688 0.000 0.000 0.000 0.000 0.000 0.000 33.688 26.688 51.688 47.688 0.000 0.000 46.677 52.676 44.675 87.674 76.672 47.672 0.672 64.672 119.671 3.671 0.000 0.000 0.000 0.000 0.000 0.000 0.000 0.000 0.000 0.000 0.000 66.078 104.079 95.079 91.081 38.084 82.087 50.090 39.095 86.100 67.105 87.109 68.114 38.119 46.123 0.000 0.000 0.000
41.523 42.522 34.521 0.000 0.000 0.000 0.000 0.000 0.000 0.000 0.000 0.000 0.000 0.000 0.000 0.000 0.000 0.000 4.687 45.686 35.686 13.686 0.000 0.000 0.000 0.000 0.000 0.000 0.000 35.687 32.688 8.688 0.000 0.000 0.000 20.677 0.000 0.000 0.670 42.668 0.000 0.000 20.671 86.671 41.671 0.000 0.000 0.000 0.000 0.000 0.000 0.000 0.000 0.000 0.000 0.000 22.078 2.078 66.077 70.078 21.079 82.081 59.083 32.086 50.089 100.093 114.097 48.102 36.107 3.115 0.000 0.000 12.033
40.523 41.521 41.520 45.520 37.519 0.000 0.000 0.000 0.000 0.000 0.000 0.000 0.000 0.000 0.000 0.000 0.000 0.000 0.000 35.685 31.685 15.685 0.000 0.000 0.000 0.000 0.000 0.000 36.687 33.687 10.687 0.000 0.000 0.000 0.000 0.000 0.000 0.000 0.000 46.664 0.000 0.000 20.671 0.000 0.000 0.000 0.000 0.000 0.000 0.000 0.000 0.000 0.000 0.000 0.000 0.000 0.000 0.000 42.074 61.074 20.074 84.074 64.074 34.076 83.078 86.081 81.085 89.090 53.094 0.000 0.000 0.000 26.026
42.521 20.521 31.520 40.519 40.519 40.518 39.518 0.000 0.000 0.000 0.000 0.000 0.000 0.000 0.000 0.000 0.000 0.000 0.000 37.684 33.684 17.684 0.000 0.000 0.000 0.000 0.000 0.000 0.000 39.687 11.687 0.000 0.000 0.000 0.000 0.000 0.000 0.000 10.659 33.660 37.659 14.659 0.000 0.000 0.000 0.000 0.000 0.000 0.000 0.000 0.000 0.000 0.000 0.000 0.000 0.000 0.000 0.000 45.072 65.071 25.069 85.067 70.065 84.065 84.067 43.069 36.073 81.077 30.086 0.000 0.000 27.010 35.016
47.518 0.000 0.000 37.519 26.519 0.000 39.517 29.517 0.000 0.000 0.000 0.000 0.000 0.000 0.000 0.000 0.000 0.000 0.000 36.684 33.684 21.684 0.000 0.000 0.000 0.000 0.000 0.000 0.000 0.000 0.000 0.000 0.000 0.000 0.000 0.000 0.000 0.000 49.658 66.658 27.658 0.000 0.000 0.000 0.000 0.000 0.000 0.000 0.000 0.000 0.000 0.000 0.000 0.000 0.000 0.000 0.000 0.000 80.070 66.069 27.065 85.058 82.055 74.054 66.055 52.056 53.059 22.062 0.000 0.000 11.001 30.005 37.008
44.515 0.000 0.000 24.519 16.519 0.000 0.000 0.000 0.000 48.473 44.473 35.473 0.000 0.000 0.000 0.000 0.000 0.000 0.000 40.683 36.683 18.683 0.000 0.000 0.000 0.000 0.000 0.000 0.000 0.000 0.000 0.000 0.000 0.000 0.000 0.000 0.000 0.000 12.658 96.657 62.657 0.000 0.000 0.000 0.000 0.000 0.000 0.000 0.000 0.000 0.000 0.000 0.000 0.000 0.000 0.000 0.000 0.000 12.070 0.000 0.000 59.046 100.043 79.041 78.041 76.043 79.045 27.049 0.000 0.000 14.998 28.999 30.001
60.510 0.000 0.000 0.000 0.000 46.484 33.483 0.000 44.475 38.474 38.473 30.473 0.000 0.000 0.000 0.000 0.000 0.000 0.000 40.683 35.683 23.683 0.000 0.000 0.000 0.000 0.000 0.000 0.000 0.000 0.000 0.000 0.000 0.000 0.000 0.000 0.000 0.000 0.000 40.657 32.656 3.655 0.000 0.000 0.000 0.000 0.000 0.000 0.000 0.000 0.000 0.000 0.000 0.000 0.000 0.000 0.000 0.000 0.000 0.000 0.000 6.038 42.030 43.027 41.027 41.028 38.031 34.040 0.000 0.000 7.993 28.993 26.994
71.504 60.499 42.495 43.492 42.489 36.485 37.482 38.479 36.476 41.474 40.473 31.472 28.472 0.000 0.000 0.000 0.000 0.000 0.000 27.683 0.000 0.000 0.000 0.000 0.000 0.000 0.000 0.000 0.000 0.000 0.000 0.000 0.000 0.000 0.000 0.000 0.000 0.000 0.000 0.000 39.655 2.655 0.000 0.000 0.000 0.000 0.000 0.000 0.000 0.000 0.000 0.000 0.000 0.000 0.000 0.000 0.000 0.000 0.000 0.000 0.000 0.000 30.011 29.011 29.011 45.011 40.011 0.000 0.000 0.000 0.984 41.985 53.986
71.500 65.497 35.494 35.492 35.489 18.486 19.482 23.479 33.477 42.474 39.473 31.472 34.471 23.471 0.000 0.000 0.000 0.000 0.000 0.000 0.000 0.000 0.000 0.000 0.000 0.000 0.000 0.000 0.000 0.000 0.000 0.000 0.000 0.000 0.000 0.000 0.000 0.000 0.000 0.000 0.000 42.654 1.653 0.000 0.000 0.000 0.000 0.000 0.000 0.000 0.000 0.000 0.000 0.000 0.000 0.000 0.000 0.000 0.000 0.000 21.977 24.981 28.992 28.995 30.996 49.995 39.992 22.982 0.000 0.000 36.974 57.977 64.979
71.497 69.496 39.494 36.492 16.491 0.000 0.000 0.000 0.000 33.473 36.472 34.471 27.471 0.000 0.000 0.000 0.000 0.000 0.000 0.000 0.000 0.000 0.000 0.000 0.000 0.000 0.000 0.000 0.000 0.000 0.000 0.000 0.000 0.000 0.000 0.000 0.000 0.000 0.000 0.000 0.000 45.653 7.653 0.000 0.000 0.000 0.000 0.000 0.000 0.000 0.000 0.000 0.000 0.000 0.000 0.000 0.000 0.000 0.000 0.000 32.973 29.976 28.980 24.982 37.983 54.982 38.978 27.973 22.966 22.965 46.967 63.969 64.971
71.495 69.495 22.494 26.493 0.000 0.000 0.000 0.000 0.000 0.000 24.471 37.470 29.470 0.000 0.000 0.000 0.000 0.000 0.000 0.000 0.000 0.000 0.000 0.000 0.000 0.000 0.000 0.000 0.000 0.000 0.000 0.000 0.000 0.000 0.000 0.000 0.000 0.000 0.000 0.000 0.000 0.000 13.653 0.000 0.000 0.000 0.000 0.000 0.000 0.000 0.000 0.000 1.949 9.949 0.000 0.000 0.000 0.000 0.000 26.962 24.966 23.968 28.971 42.972 55.971 45.970 29.968 27.965 29.961 26.960 47.961 65.963 64.964
71.493 45.494 0.000 0.000 0.000 0.000 0.000 0.000 0.000 0.000 0.000 27.469 34.468 32.468 0.000 0.000 0.000 0.000 0.000 0.000 0.000 0.000 0.000 0.000 0.000 0.000 0.000 0.000 0.000 0.000 0.000 0.000 0.000 0.000 0.000 0.000 0.000 0.000 0.000 0.000 0.000 0.000 0.000 0.000 0.000 0.000 0.000 0.000 0.000 0.000 0.000 0.000 0.000 2.949 4.950 0.000 31.953 23.954 21.956 33.958 47.961 52.962 54.962 54.962 40.961 28.960 27.958 27.956 26.955 28.954 51.955 66.956 64.958
