results3/res_3e8f-0141.wd
ncols         241
nrows         181
xllcorner     12693529.787448
yllcorner     3542525.717860
cellsize      155.156523
NODATA_value  -9999.000000
[rows 66 to 98 of 181, columns 146 to 218 of 241]
34.389 49.329 71.273 72.219 72.169 72.122 72.076 72.030 71.985 74.949 10.927 0.000 0.000 0.000 0.000 0.000 0.000 0.000 43.857 18.857 0.000 25.855 55.853 55.853 55.854 62.855 68.854 68.853 68.851 68.847 68.843 68.838 68.833 68.828 68.823 70.819 55.815 56.813 48.812 0.000 0.000 0.000 0.000 0.000 25.131 32.123 41.106 35.075 13.036 10.983 25.952 46.926 54.903 48.880 43.858 43.836 33.814 30.792 30.771 33.750 54.730 66.711 61.692 50.674 57.657 64.640 68.625 68.610 67.595 67.582 67.569 67.557 67.545
37.447 56.387 74.330 72.277 72.229 72.184 72.139 72.090 77.034 65.993 35.974 32.983 0.000 0.000 0.000 0.000 0.000 14.857 16.857 0.000 0.000 0.000 25.847 56.848 65.848 68.848 68.847 68.846 68.844 72.841 70.838 68.834 68.830 68.826 67.823 59.820 53.817 59.815 49.814 0.000 0.000 0.000 0.000 17.125 31.125 36.120 32.113 0.000 0.000 7.934 27.921 30.904 44.884 53.865 42.844 41.823 39.802 30.781 30.760 29.740 35.720 59.701 66.682 51.664 53.646 55.630 57.614 61.599 65.585 67.572 68.559 67.546 67.535
42.502 63.441 73.382 72.331 72.287 72.247 70.207 69.158 24.070 9.016 39.995 45.991 10.992 0.000 0.000 0.000 0.000 0.000 0.000 0.000 0.000 9.839 38.841 58.842 68.842 68.842 68.841 68.840 68.838 70.836 69.833 68.831 68.828 69.825 59.822 57.820 60.817 55.816 47.815 0.000 0.000 0.000 0.000 35.124 38.124 0.116 0.000 0.000 2.890 35.900 37.894 47.882 50.867 61.850 59.831 47.811 36.791 28.770 30.750 30.729 25.709 39.690 56.671 60.653 65.636 62.619 55.603 60.588 63.574 63.561 61.548 63.536 66.524
47.557 70.492 74.428 75.377 72.340 73.310 68.284 14.265 0.000 39.008 39.999 44.994 52.993 0.000 0.000 0.000 0.000 0.000 0.000 0.000 0.000 21.837 44.837 57.837 69.837 68.836 68.836 68.835 68.833 69.831 68.829 68.827 68.825 65.823 59.821 24.820 0.000 0.000 0.000 0.000 0.000 0.000 0.000 31.124 38.124 0.000 0.000 0.000 52.880 38.880 33.875 61.865 66.852 67.836 71.819 65.800 53.780 33.759 30.739 30.718 28.698 29.678 35.659 36.641 43.624 51.607 58.592 62.577 63.563 64.549 60.537 63.525 64.514
29.613 34.543 44.460 20.408 77.388 74.368 59.354 36.353 6.384 0.000 0.000 0.000 0.000 0.000 0.000 0.000 0.000 0.000 0.000 0.000 0.000 22.835 47.833 50.832 66.832 68.831 68.831 68.830 72.828 71.827 68.825 68.824 69.822 60.821 63.820 0.000 0.000 0.000 0.000 0.000 0.000 0.000 0.000 0.000 25.123 34.123 0.000 0.000 83.870 46.866 28.860 59.851 67.839 67.825 67.808 70.790 69.770 49.749 32.728 30.707 28.686 31.667 32.647 40.629 45.612 34.595 34.579 39.565 44.551 50.538 55.525 59.513 63.502
75.675 54.609 0.000 0.000 81.436 73.419 60.412 42.410 9.415 0.000 0.000 0.000 0.000 0.000 0.000 0.000 0.000 0.000 0.000 0.000 0.000 0.000 8.828 52.828 68.827 68.827 68.826 68.825 70.824 69.823 68.822 68.820 69.819 57.818 67.818 0.000 0.000 0.000 0.000 0.000 0.000 0.000 0.000 0.000 0.000 1.122 9.122 0.000 20.863 36.856 29.848 59.839 67.829 67.816 68.800 68.781 68.760 61.738 37.717 33.695 31.675 28.654 49.635 61.616 67.598 51.582 44.566 40.552 38.538 35.525 35.513 35.501 63.490
51.749 0.000 0.000 78.606 78.501 76.461 67.463 52.459 8.452 0.000 0.000 0.000 0.000 0.000 0.000 0.000 0.000 0.000 0.000 0.000 0.000 0.000 34.823 57.823 69.823 68.822 68.822 69.821 68.820 68.819 68.818 68.817 69.816 62.815 27.815 0.000 0.000 0.000 0.000 0.000 0.000 0.000 0.000 0.000 0.000 0.000 0.000 0.000 0.000 33.847 32.838 50.830 65.821 68.809 62.795 58.775 64.753 55.728 38.705 37.683 46.662 41.641 64.621 68.602 67.584 65.568 65.552 62.538 60.525 57.512 53.500 45.489 65.478
78.792 68.792 74.765 30.711 0.000 0.000 73.522 47.512 8.482 0.000 10.685 0.000 0.000 0.000 0.000 0.000 0.000 0.000 0.000 0.000 0.000 0.000 50.819 62.819 69.819 68.818 68.818 70.817 70.817 68.816 68.815 68.814 67.813 63.812 12.812 0.000 0.000 0.000 0.000 0.000 0.000 0.000 0.000 0.000 0.000 0.000 0.000 0.000 0.000 0.000 21.826 47.822 65.816 66.807 47.794 50.772 52.747 49.716 34.693 31.671 54.650 63.628 67.607 69.587 69.569 70.553 68.538 68.524 69.511 68.498 69.487 69.476 68.465
80.836 72.819 77.791 28.763 0.000 0.000 64.590 12.585 0.000 0.000 42.685 5.685 0.000 0.000 0.000 0.000 0.000 0.000 0.000 0.000 0.000 0.000 53.815 65.815 69.815 68.815 68.814 69.814 69.813 68.812 68.812 69.811 65.810 60.809 10.808 0.000 0.000 0.000 0.000 0.000 0.000 0.000 0.000 0.000 0.000 0.000 0.000 0.000 13.816 15.817 26.819 42.817 64.813 66.808 12.803 0.000 0.000 39.697 33.678 28.659 42.638 61.613 67.591 69.571 69.553 69.537 67.522 67.508 68.496 67.484 67.473 68.462 68.452
72.897 72.856 72.819 70.786 57.757 43.718 36.665 35.652 31.673 34.681 37.685 37.686 9.685 0.000 0.000 0.000 0.000 0.000 14.798 16.798 0.000 6.811 52.811 66.811 68.811 68.811 68.811 68.810 68.810 68.809 68.808 68.808 50.807 45.806 43.805 38.803 2.802 0.000 0.000 0.000 0.000 0.000 0.000 0.000 0.000 0.000 0.000 0.000 17.815 43.816 34.816 38.814 58.812 59.809 32.807 0.000 0.000 0.000 30.665 35.651 34.628 53.597 66.572 67.552 67.535 67.520 67.505 67.492 67.480 67.469 67.458 67.448 67.439
72.933 72.888 72.845 71.805 68.768 70.732 44.699 23.684 61.685 34.687 38.688 14.687 0.000 0.000 0.000 0.000 0.000 0.000 14.798 60.798 9.798 0.000 51.807 65.807 69.808 68.808 70.808 71.807 69.807 68.806 68.806 66.805 59.804 50.803 51.802 50.801 3.801 0.000 0.000 0.000 0.000 0.000 0.000 0.000 0.000 0.000 0.000 0.000 11.815 46.815 38.814 45.813 60.811 55.809 61.808 0.000 0.000 0.000 0.000 0.000 0.000 43.573 66.550 67.532 67.516 67.501 67.488 67.476 67.464 67.454 67.444 67.434 67.425
72.966 72.919 73.867 75.820 72.779 72.743 71.717 72.702 63.696 41.694 13.693 0.000 0.000 0.000 0.000 0.000 0.000 0.000 1.798 53.798 40.799 30.800 46.803 68.804 68.805 68.805 68.805 68.805 68.804 68.804 68.803 68.802 66.801 45.800 49.799 56.799 0.000 0.000 0.000 0.000 0.000 0.000 0.000 0.000 0.000 0.000 0.000 0.000 7.814 58.814 2.813 25.812 48.811 55.810 16.809 0.000 0.000 0.000 0.000 0.000 0.000 0.000 55.521 68.509 67.495 67.481 67.469 67.458 67.447 67.438 67.428 67.419 67.411
76.000 71.956 68.884 70.829 73.784 73.744 75.723 72.710 70.703 57.699 6.698 0.000 0.000 0.000 0.000 0.000 0.000 0.000 0.000 9.798 44.798 36.799 52.801 70.802 68.802 68.802 68.802 68.802 68.802 68.801 68.801 68.800 69.799 58.798 45.797 49.795 55.793 0.000 0.000 0.000 0.000 0.000 0.000 0.000 0.000 0.000 0.000 0.000 0.000 3.814 0.000 0.000 33.810 52.809 0.000 0.000 0.000 0.000 0.000 0.000 0.000 0.000 43.505 64.489 67.474 67.461 67.449 67.440 67.430 67.422 67.413 67.405 67.397
69.041 30.020 0.000 0.000 0.000 65.728 70.720 76.712 72.706 61.703 11.702 0.000 45.704 15.704 0.000 0.000 0.000 0.000 0.000 0.000 36.797 40.798 61.799 69.799 70.800 71.800 68.800 68.800 68.800 68.799 68.799 68.798 68.797 69.796 48.794 30.793 39.792 0.789 0.000 0.000 0.000 0.000 0.000 0.000 0.000 0.000 0.000 0.000 0.000 0.000 0.000 0.000 22.809 55.809 0.000 0.000 0.000 0.000 0.000 0.000 0.000 0.000 0.000 44.470 64.450 67.438 67.429 67.421 67.413 67.405 67.398 67.390 67.382
64.075 21.063 0.000 0.000 40.720 38.721 55.716 74.712 71.708 56.705 37.704 41.704 45.704 11.704 0.000 0.000 0.000 0.000 7.792 0.000 37.796 48.797 68.797 68.798 71.798 71.798 68.799 68.798 68.798 68.797 68.797 68.796 68.795 69.794 65.792 60.791 49.789 29.787 23.785 0.000 0.000 0.000 0.000 0.000 0.000 0.000 0.000 0.000 0.000 0.000 0.000 0.000 24.809 16.809 0.000 0.000 0.000 0.000 0.000 0.000 0.000 0.000 0.000 0.000 49.418 65.413 67.407 67.401 67.395 67.389 67.382 67.375 67.368
70.102 51.094 23.100 0.000 0.000 40.717 40.714 62.711 74.708 52.706 39.705 44.704 22.704 0.000 0.000 0.000 0.000 0.000 36.792 29.793 34.794 51.795 70.796 70.796 71.797 68.797 68.797 68.797 68.797 68.796 68.795 68.794 68.793 68.792 68.791 70.789 59.787 47.785 36.784 37.782 30.781 21.780 26.780 0.000 0.000 0.000 0.000 0.000 0.000 0.000 0.000 0.000 27.809 2.809 0.000 0.000 0.000 0.000 0.000 0.000 0.000 0.000 0.000 0.000 34.391 62.389 66.386 67.382 67.378 67.373 67.368 67.361 67.354
73.120 64.113 17.107 0.000 0.000 0.000 39.712 44.709 71.708 59.706 40.705 43.705 18.704 0.000 0.000 0.000 0.000 0.000 39.792 32.792 35.793 53.794 72.794 71.795 69.796 69.796 68.796 68.796 68.795 68.795 68.794 69.793 69.792 69.791 63.789 54.787 58.786 65.784 58.783 56.781 44.780 31.780 38.779 0.000 0.000 0.000 0.000 0.000 0.000 0.000 0.000 0.000 0.000 0.000 0.000 0.000 0.000 0.000 0.000 0.000 0.000 0.000 0.000 0.000 26.366 57.366 67.366 69.364 69.362 69.358 68.354 67.348 67.341
73.135 48.130 0.000 0.000 0.000 0.000 0.000 46.708 59.707 53.706 52.705 49.705 39.704 17.704 0.000 0.000 0.000 0.000 38.791 31.792 36.792 51.793 63.793 60.794 55.795 57.795 62.795 67.795 69.795 69.794 67.793 57.792 55.791 60.790 49.788 46.786 46.784 57.783 61.782 56.781 42.780 31.779 3.779 0.000 0.000 0.000 0.000 0.000 0.000 0.000 0.000 0.000 0.000 0.000 0.000 0.000 0.000 0.000 0.000 0.000 0.000 0.000 0.000 0.000 14.342 39.344 45.346 47.347 47.346 48.344 57.341 66.336 67.329
72.146 38.142 0.000 0.000 0.000 0.000 0.000 41.707 35.706 34.706 42.705 42.705 42.705 38.704 11.704 0.000 0.000 0.000 43.791 38.791 43.791 53.792 56.792 59.793 17.794 0.000 0.000 8.795 69.794 66.793 55.792 10.792 0.000 0.000 48.786 80.784 73.783 52.782 58.781 52.780 41.779 26.779 29.778 0.000 0.000 0.000 0.000 0.000 0.000 0.000 0.000 0.000 0.000 0.000 0.000 0.000 0.000 0.000 2.109 0.086 18.269 39.275 50.283 49.295 67.315 75.324 76.328 74.331 76.332 63.332 46.331 64.327 67.320
70.153 35.150 0.000 0.000 0.000 0.000 0.000 41.706 37.706 16.706 0.000 0.000 0.000 0.000 0.000 0.000 0.000 0.000 49.790 43.790 38.790 34.791 20.791 0.000 0.000 0.000 0.000 0.000 0.000 0.000 42.791 4.791 0.000 0.000 0.000 43.782 76.781 36.781 37.780 36.779 32.779 35.778 82.778 41.777 0.000 0.000 0.000 0.000 0.000 0.000 0.000 0.000 0.000 0.000 0.000 0.000 1.668 0.080 0.000 0.000 4.268 86.272 82.279 64.288 65.299 62.307 63.312 85.316 78.319 64.321 44.323 53.321 52.315
56.158 37.156 31.157 0.000 0.000 0.000 0.000 0.000 39.706 23.706 0.000 0.000 0.000 0.000 0.000 0.000 0.000 0.000 49.789 49.789 50.790 33.790 8.790 0.000 0.000 0.000 0.000 0.000 0.000 0.000 38.790 15.790 0.000 0.000 0.000 42.781 91.780 55.780 58.779 53.778 38.778 56.778 110.777 107.777 38.777 0.000 0.000 0.000 0.000 0.000 0.000 0.000 0.000 0.000 0.000 0.000 0.000 17.250 7.253 5.256 14.262 89.267 56.272 64.279 55.286 36.293 47.298 90.303 56.307 43.311 50.318 4.319 0.000
40.161 40.159 26.158 0.000 0.000 0.000 0.000 0.000 0.000 0.000 0.000 0.000 0.000 0.000 0.000 0.000 0.000 0.000 52.789 43.789 37.789 35.789 9.789 0.000 0.000 0.000 0.000 0.000 0.000 35.789 28.789 53.789 49.789 0.000 1.780 48.780 54.780 46.779 89.778 78.777 49.777 2.777 66.777 121.777 5.777 0.000 0.000 0.000 0.000 0.000 0.000 0.000 0.000 0.000 0.000 0.000 68.250 106.251 97.252 93.254 40.257 84.261 52.265 41.270 88.275 69.280 89.285 70.290 40.295 48.299 0.000 0.000 0.000
43.162 44.160 36.159 0.000 0.000 0.000 0.000 0.000 0.000 0.000 0.000 0.000 0.000 0.000 0.000 0.000 0.000 0.000 6.788 47.788 37.788 15.788 0.000 0.000 0.000 0.000 0.000 0.000 0.000 37.788 34.789 10.789 0.000 0.000 0.000 22.780 1.780 0.000 2.776 44.775 0.776 0.000 22.777 88.777 43.776 0.000 0.000 0.000 0.000 0.000 0.000 0.000 0.000 0.000 0.000 0.000 24.250 4.250 68.250 72.251 23.252 84.254 61.257 34.260 52.264 102.268 116.272 50.277 38.283 5.291 0.000 0.000 14.179
42.162 43.160 43.159 47.159 39.158 0.000 0.000 0.000 0.000 0.000 0.000 0.000 0.000 0.000 0.000 0.000 0.000 0.000 0.000 37.787 33.787 17.787 0.000 0.000 0.000 0.000 0.000 0.000 38.788 35.788 12.788 0.000 0.000 0.000 0.000 0.000 0.000 0.000 0.000 48.772 0.000 0.000 22.776 0.000 0.000 0.000 0.000 0.000 0.000 0.000 0.000 0.000 0.000 0.000 0.000 0.000 0.000 0.000 44.247 63.247 22.247 86.247 66.248 36.250 85.252 88.256 83.260 91.264 55.269 0.000 0.000 0.000 28.171
44.161 22.160 33.159 42.159 42.158 42.158 41.157 0.000 0.000 0.000 0.000 0.000 0.000 0.000 0.000 0.000 0.000 0.000 0.000 39.787 35.787 19.787 0.000 0.000 0.000 0.000 0.000 0.000 0.000 41.788 13.788 0.000 0.000 0.000 0.000 0.000 0.000 0.768 12.768 35.769 39.768 16.768 0.000 0.000 0.000 0.000 0.000 0.000 0.000 0.000 0.000 0.000 0.000 0.000 0.000 0.000 0.000 0.000 47.245 67.244 27.242 87.240 72.238 86.239 86.240 45.243 38.246 83.251 32.260 0.000 0.000 29.152 37.159
49.159 0.000 0.000 39.158 28.158 0.000 41.157 31.157 0.000 0.000 0.000 0.000 0.000 0.000 0.000 0.000 0.000 0.000 0.000 38.786 35.786 23.786 0.000 0.000 0.000 0.000 0.000 0.000 0.000 0.000 0.000 0.000 0.000 0.000 0.000 0.000 0.000 0.000 51.768 68.768 29.768 0.000 0.000 0.000 0.000 0.000 0.000 0.000 0.000 0.000 0.000 0.000 0.000 0.000 0.000 0.000 0.000 0.000 82.243 68.242 29.238 87.231 84.228 76.226 68.227 54.229 55.231 24.234 0.000 0.000 13.141 32.145 39.149
46.157 0.000 0.000 26.158 18.158 0.000 0.000 0.000 0.000 50.125 46.125 37.125 0.000 0.000 0.000 0.000 0.000 0.000 0.000 42.786 38.786 20.786 0.000 0.000 0.000 0.000 0.000 0.000 0.000 0.000 0.000 0.000 0.000 0.000 0.000 0.000 0.000 0.000 14.768 98.767 64.767 0.000 0.000 0.000 0.000 0.000 0.000 0.000 0.000 0.000 0.000 0.000 0.000 0.000 0.000 0.000 0.000 0.000 14.243 0.000 0.000 61.218 102.215 81.213 80.213 78.214 81.217 29.220 0.000 0.000 17.136 31.138 32.140
62.153 0.000 0.000 0.000 0.000 48.133 35.133 0.000 46.126 40.125 40.125 32.124 0.000 0.000 0.000 0.000 0.000 0.000 0.000 42.786 37.786 25.786 0.000 0.000 0.000 0.000 0.000 0.000 0.000 0.000 0.000 0.000 0.000 0.000 0.000 0.000 0.000 0.000 0.000 42.767 34.766 5.766 0.000 0.000 0.000 0.000 0.000 0.000 0.000 0.000 0.000 0.000 0.000 0.000 0.000 0.000 0.000 0.000 0.000 0.000 0.000 8.209 44.200 45.198 43.197 43.198 40.201 36.211 0.000 0.000 10.131 31.131 29.132
73.149 62.145 44.142 45.139 44.137 38.134 39.132 40.130 38.127 43.126 42.125 33.124 30.124 0.000 0.000 0.000 0.000 0.000 0.000 29.786 0.000 0.000 0.000 0.000 0.000 0.000 0.000 0.000 0.000 0.000 0.000 0.000 0.000 0.000 0.000 0.000 0.000 0.000 0.000 0.000 41.766 4.765 0.000 0.000 0.000 0.000 0.000 0.000 0.000 0.000 0.000 0.000 0.000 0.000 0.000 0.000 0.000 0.000 0.000 0.000 0.000 0.000 32.180 31.180 31.180 47.179 42.179 0.000 0.000 0.000 3.125 44.125 56.124
73.146 67.144 37.142 37.140 37.137 20.135 21.132 25.130 35.127 44.126 41.124 33.124 36.123 25.123 0.000 0.000 0.000 0.000 0.000 0.000 0.000 0.000 0.000 0.000 0.000 0.000 0.000 0.000 0.000 0.000 0.000 0.000 0.000 0.000 0.000 0.000 0.000 0.000 0.000 0.000 0.000 44.765 3.764 0.000 0.000 0.000 0.000 0.000 0.000 0.000 0.000 0.000 0.000 0.000 0.000 0.000 0.000 0.000 0.000 0.000 24.145 27.150 31.160 31.163 33.163 52.161 42.156 25.144 0.000 0.000 39.118 60.118 67.117
73.144 71.143 41.141 38.140 18.139 0.000 0.000 0.000 0.000 35.125 38.124 36.123 29.123 0.000 0.000 0.000 0.000 0.000 0.000 0.000 0.000 0.000 0.000 0.000 0.000 0.000 0.000 0.000 0.000 0.000 0.000 0.000 0.000 0.000 0.000 0.000 0.000 0.000 0.000 0.000 0.000 47.764 9.764 0.000 0.000 0.000 0.000 0.000 0.000 0.000 0.000 0.000 0.000 0.000 0.000 0.000 0.000 0.000 0.000 0.000 35.141 32.144 31.148 27.149 40.149 57.146 41.141 30.132 25.121 25.115 49.113 66.112 67.110
73.142 71.142 24.141 28.140 0.000 0.000 0.000 0.000 0.000 0.000 26.123 39.123 31.122 0.000 0.000 0.000 0.000 0.000 0.000 0.000 0.000 0.000 0.000 0.000 0.000 0.000 0.000 0.000 0.000 0.000 0.000 0.000 0.000 0.000 0.000 0.000 0.000 0.000 0.000 0.000 0.000 0.000 15.764 0.000 0.000 0.000 0.000 0.000 0.000 0.000 0.000 0.000 4.120 12.120 0.000 0.000 0.000 0.000 0.000 29.131 27.134 26.136 31.138 45.138 58.137 48.134 32.129 30.123 32.116 29.111 50.108 68.105 67.103
73.140 47.141 0.000 0.000 0.000 0.000 0.000 0.000 0.000 0.000 0.000 29.122 36.121 34.121 0.000 0.000 0.000 0.000 0.000 0.000 0.000 0.000 0.000 0.000 0.000 0.000 0.000 0.000 0.000 0.000 0.000 0.000 0.000 0.000 0.000 0.000 0.000 0.000 0.000 0.000 0.000 0.000 0.000 0.000 0.000 0.000 0.000 0.000 0.000 0.000 0.000 0.000 0.000 5.120 7.121 0.000 34.123 26.123 24.125 36.127 50.129 55.130 57.130 57.128 43.126 31.123 30.119 30.114 29.109 31.105 54.102 69.099 67.096
