results3/res_3e8f-0171.wd
ncols         241
nrows         181
xllcorner     12693529.787448
yllcorner     3542525.717860
cellsize      155.156523
NODATA_value  -9999.000000
[rows 66 to 98 of 181, columns 73 to 145 of 241]
71.543 35.531 0.000 60.673 77.650 76.620 76.591 0.000 47.989 47.973 60.987 56.998 55.978 55.932 54.863 130.764 118.591 0.000 0.000 0.000 51.318 46.255 51.161 54.098 54.047 55.998 56.951 61.895 62.844 63.796 54.760 0.000 0.000 52.049 102.048 83.962 87.826 87.915 85.968 93.886 86.377 86.856 87.595 86.368 86.146 86.942 56.787 0.000 0.000 0.000 0.000 0.000 0.000 0.000 42.410 40.386 40.346 40.292 40.227 40.160 44.087 57.011 53.936 38.862 49.790 58.718 37.648 40.577 46.507 51.438 47.369 41.302 39.237
56.545 62.518 0.361 48.897 72.859 71.830 65.833 18.919 0.000 0.000 54.067 67.146 56.146 55.115 56.071 37.030 0.000 0.000 0.000 0.000 0.000 0.000 62.093 60.067 58.034 40.992 43.945 50.890 51.851 56.818 47.789 0.000 0.000 0.000 62.289 80.197 87.135 87.227 94.313 94.107 86.449 87.137 86.849 86.638 86.427 81.240 39.107 0.000 3.295 36.295 0.000 0.000 0.000 48.490 43.455 40.420 40.378 40.326 40.266 40.201 40.132 40.060 46.987 60.915 61.843 44.772 38.702 39.632 40.563 44.495 43.428 39.362 39.297
58.556 57.488 62.353 60.152 74.057 67.008 67.991 65.005 0.000 0.000 0.000 69.374 64.347 59.311 61.277 8.254 0.000 0.000 0.000 0.000 0.000 0.000 61.052 57.042 48.030 0.000 0.000 48.871 60.852 59.836 0.000 0.000 7.994 64.874 56.621 60.444 67.522 82.582 94.505 86.187 87.742 87.306 87.117 86.900 84.687 67.483 46.295 52.295 50.295 31.295 0.000 0.000 0.000 6.526 57.499 39.463 40.419 44.368 52.310 42.246 40.179 39.109 43.038 57.967 64.895 56.825 42.756 37.687 39.619 39.552 39.486 39.420 38.355
58.599 56.523 60.419 71.299 65.211 58.153 77.118 66.105 18.122 0.000 11.777 61.630 77.555 72.506 72.473 75.454 0.000 0.000 0.000 0.000 7.005 7.009 59.021 50.019 53.013 0.000 0.000 0.000 96.848 123.839 38.828 0.000 64.113 59.010 58.848 58.755 54.838 94.857 94.686 87.233 90.839 87.585 87.377 87.162 78.936 31.709 0.000 54.295 32.295 0.000 0.000 0.000 45.630 44.588 43.553 39.514 43.468 55.417 60.359 58.296 51.229 41.160 50.089 58.018 36.947 42.877 55.808 52.741 48.674 56.608 37.543 39.478 37.413
56.658 62.586 72.502 64.413 56.337 56.275 69.223 77.175 73.140 76.066 77.925 72.812 67.737 69.686 58.653 57.637 0.000 0.000 0.000 7.998 64.000 63.002 51.004 53.001 53.991 57.970 56.957 0.000 7.855 1.842 0.785 10.507 70.335 63.204 58.042 59.132 57.178 95.013 56.849 64.439 79.035 86.855 87.642 85.435 44.186 0.000 0.000 0.000 0.000 0.000 0.000 46.698 40.673 40.643 40.610 41.570 51.524 60.472 59.413 59.349 55.282 51.212 61.141 44.070 38.999 39.929 39.860 49.793 62.728 49.664 37.600 38.536 44.471
62.727 73.661 63.589 56.516 57.448 57.386 59.325 43.232 69.196 67.133 59.043 55.959 54.893 70.847 72.817 59.803 0.000 0.000 0.000 63.995 59.995 56.995 49.994 53.988 53.979 53.963 53.944 12.913 15.875 16.844 18.791 86.655 83.521 72.389 71.344 60.341 95.290 95.158 58.901 65.550 60.326 67.130 85.902 60.752 0.000 0.000 0.000 0.000 0.000 0.000 0.000 46.723 40.720 40.702 40.673 41.634 50.587 60.532 59.472 58.406 55.337 60.266 54.193 38.121 40.049 39.979 39.910 49.844 57.780 36.719 39.658 42.595 61.529
73.802 63.741 56.677 57.613 57.552 58.498 39.458 0.000 26.279 54.228 57.157 57.086 57.031 54.992 78.966 62.954 0.000 0.000 0.000 40.993 57.991 51.989 52.986 53.981 53.972 53.959 53.943 64.919 4.888 8.869 25.875 78.800 88.696 10.584 92.505 82.696 95.406 57.471 71.115 67.759 57.630 54.434 51.085 35.919 0.000 0.000 42.284 0.000 0.000 0.000 0.000 42.752 40.781 40.773 40.745 40.706 41.657 47.599 55.536 55.467 55.395 59.321 37.246 40.171 40.098 39.026 44.958 61.893 44.831 38.773 41.717 22.659 23.579
63.882 56.826 57.766 57.706 57.649 60.596 16.551 14.516 7.413 52.341 57.270 59.198 57.153 56.122 74.102 70.093 0.000 0.000 0.000 0.000 48.986 51.984 53.982 53.977 53.970 53.960 55.948 41.934 0.000 0.000 76.041 78.974 89.883 95.753 89.856 87.893 95.506 78.519 81.222 66.064 58.969 51.896 0.000 0.000 0.000 0.000 40.284 0.000 0.000 0.000 0.000 0.000 43.879 40.862 40.831 40.787 40.734 40.673 40.605 47.532 55.455 43.376 40.297 40.220 40.144 43.072 56.003 55.939 37.879 39.825 42.778 9.744 0.000
56.967 57.913 57.856 57.798 57.741 57.686 61.634 62.583 62.517 58.454 58.386 38.282 55.261 56.241 72.228 71.224 0.000 0.000 0.000 0.000 47.982 53.981 53.979 53.975 53.970 53.964 41.956 0.000 0.000 4.406 81.273 87.177 90.076 90.022 89.100 95.640 87.999 90.716 85.405 70.347 60.287 59.283 59.418 0.000 0.000 0.000 37.284 44.284 37.284 0.000 0.000 0.000 58.994 39.967 40.927 40.878 40.820 41.753 40.680 40.600 40.517 40.432 40.348 40.266 39.188 45.113 60.044 36.980 39.921 39.869 41.825 16.796 0.000
58.055 58.002 57.946 57.889 57.831 57.773 57.718 57.665 57.616 57.572 61.538 0.000 48.367 57.354 73.344 68.350 4.397 0.000 0.000 0.000 52.980 55.979 55.977 55.974 53.971 56.968 0.000 0.000 0.000 73.539 79.467 90.382 90.263 90.372 88.420 95.844 89.131 93.775 89.667 90.600 78.551 66.532 55.552 50.552 52.552 0.000 0.000 43.285 38.284 44.279 45.264 43.226 49.136 59.084 41.034 41.979 50.915 57.841 39.760 40.672 40.580 40.488 40.397 39.309 44.227 63.150 57.079 46.015 38.957 39.905 41.859 56.818 74.774
58.147 58.094 58.038 57.981 57.920 57.857 57.798 60.745 58.711 57.680 61.657 0.000 48.487 57.465 74.444 66.436 6.443 0.000 0.000 0.000 25.979 35.978 34.976 34.974 55.972 40.970 0.000 0.000 0.000 75.745 85.678 90.590 90.549 89.652 96.467 96.173 90.194 91.037 89.896 89.839 90.785 81.742 46.706 0.000 0.000 0.000 0.000 41.286 41.288 38.288 40.287 41.279 40.241 47.197 61.147 44.088 42.018 51.937 39.846 40.747 40.644 40.541 40.442 40.348 48.260 61.180 48.109 60.044 37.987 38.935 43.888 64.843 76.797
58.241 58.188 58.133 58.075 58.011 60.938 62.871 34.806 55.803 58.779 60.752 20.727 51.630 56.573 68.532 66.506 7.497 0.000 0.000 0.000 0.000 0.000 1.975 1.974 36.973 0.000 0.000 0.000 24.182 74.016 90.910 90.792 90.909 88.995 96.733 88.776 94.484 90.179 90.134 90.068 90.009 79.944 40.825 0.000 0.000 0.000 0.000 0.000 44.294 45.299 32.316 40.362 41.351 41.317 45.269 61.208 44.133 41.044 40.941 40.826 40.708 40.592 38.482 44.379 63.286 44.203 43.131 57.067 41.010 38.960 45.914 71.870 76.826
58.337 58.284 58.231 58.176 60.112 36.013 37.942 0.000 17.914 53.884 57.845 61.799 57.731 60.667 65.603 70.561 9.540 0.000 0.000 0.000 0.000 2.975 54.975 61.974 0.000 0.000 0.000 7.466 83.349 85.229 91.124 91.081 90.200 97.215 96.983 89.836 90.552 90.424 90.356 90.293 89.239 69.200 0.000 0.000 0.000 0.000 0.000 0.000 0.000 36.299 0.000 47.501 44.486 40.452 40.403 42.340 59.262 48.165 40.047 40.909 40.770 39.637 44.515 46.402 45.301 42.216 40.144 40.082 40.028 40.981 53.937 75.897 76.858
58.432 58.380 58.330 58.285 63.248 1.235 0.000 24.145 16.055 49.997 58.946 56.892 58.830 70.759 42.652 36.595 1.568 0.000 0.000 0.000 0.000 52.975 58.975 60.974 0.000 0.000 0.000 70.584 75.516 89.429 91.312 91.444 89.539 97.429 89.331 91.008 90.704 90.646 90.572 90.508 82.454 59.416 0.000 0.000 0.000 0.000 0.000 0.000 0.000 0.000 0.000 51.657 46.638 40.602 38.552 41.489 41.410 57.308 50.173 40.993 41.824 39.673 46.537 46.413 43.301 37.215 40.146 40.089 42.040 55.997 74.958 76.923 79.891
59.525 57.473 57.426 57.385 60.356 30.349 27.319 59.236 64.163 58.103 56.049 62.994 72.938 75.887 0.000 0.000 0.000 0.000 0.000 0.000 0.000 20.975 27.975 29.974 0.000 0.000 0.000 72.770 80.707 90.618 91.611 90.649 97.824 97.632 90.360 91.066 90.929 90.853 90.781 90.714 72.652 54.596 0.000 0.000 0.000 0.000 0.000 0.000 0.000 0.000 0.000 49.831 47.806 47.766 44.715 37.653 39.579 40.484 56.343 56.066 52.861 49.694 42.548 41.412 38.275 39.196 40.138 44.089 64.047 76.009 75.976 76.946 75.920
73.613 72.562 71.515 69.474 66.440 67.411 67.372 64.316 65.258 67.204 67.152 73.098 75.040 32.964 0.000 0.000 0.000 0.000 0.000 0.000 0.000 0.000 0.000 0.000 0.000 11.279 19.200 74.021 90.913 91.822 91.772 91.000 98.002 89.832 91.509 91.198 91.135 91.054 90.983 88.916 70.843 41.719 0.000 0.000 0.000 0.000 0.000 0.000 0.000 0.000 0.000 40.030 43.991 46.941 47.888 46.831 43.770 39.707 33.649 0.000 0.000 0.000 0.000 0.000 42.191 40.157 43.119 64.082 77.048 76.017 76.989 79.965 75.944
69.697 71.645 70.599 72.557 74.519 73.483 72.443 70.397 68.350 68.302 69.255 65.207 65.162 0.000 0.000 0.000 0.000 0.000 0.000 0.000 0.000 0.000 0.000 0.000 0.000 60.358 83.301 82.199 91.105 91.994 92.121 90.223 98.169 91.924 91.531 91.408 91.326 91.250 91.182 87.125 67.084 0.000 0.000 0.000 0.000 0.000 0.000 0.000 0.000 0.000 47.413 42.269 39.185 41.120 46.064 48.012 47.964 48.924 39.898 0.000 0.000 0.000 0.000 0.000 43.139 41.124 57.100 78.073 76.047 76.022 75.999 76.979 75.963
57.774 57.724 58.678 65.635 74.596 80.559 68.521 62.481 57.440 55.401 54.360 60.314 39.238 0.000 0.000 0.000 0.000 0.000 0.000 0.000 0.000 0.000 0.000 0.000 0.000 66.493 82.447 90.371 92.285 92.252 91.381 98.463 98.322 93.941 91.748 91.588 91.513 91.436 91.370 86.317 61.285 0.000 0.000 0.000 0.000 0.000 0.000 0.000 0.000 47.679 42.558 42.446 42.360 41.292 38.235 43.188 47.152 48.127 45.119 0.000 0.000 0.000 0.000 46.094 40.104 44.098 72.083 76.064 76.044 76.025 76.007 75.991 75.978
56.847 56.798 60.753 65.711 67.672 70.635 60.600 56.565 57.531 57.500 59.472 37.450 0.000 0.000 0.000 0.000 0.000 0.000 0.000 0.000 0.000 0.000 0.000 0.000 0.000 52.675 81.623 91.553 92.451 92.580 90.689 98.593 91.486 93.161 91.843 91.778 91.691 91.614 91.544 82.488 55.455 0.000 0.000 0.000 0.000 0.000 0.000 0.000 46.912 42.800 42.694 42.598 42.517 42.451 42.397 39.355 38.326 41.315 48.333 48.419 0.000 0.000 0.000 40.085 41.085 59.080 76.070 75.056 75.041 76.026 76.012 75.999 75.989
56.916 56.868 58.824 59.783 57.746 56.711 57.678 56.647 56.619 56.595 61.576 6.565 0.000 0.000 0.000 0.000 0.000 0.000 0.000 0.000 0.000 0.000 0.000 0.000 4.044 60.909 89.820 92.736 92.706 91.836 98.830 98.716 94.483 92.185 92.041 91.952 91.865 91.783 92.705 72.637 60.590 0.000 0.000 46.523 0.000 46.286 48.242 48.157 43.024 42.916 42.820 42.734 42.660 42.598 42.547 42.508 41.483 38.472 47.480 48.505 41.505 0.000 0.000 48.074 40.073 48.068 54.060 57.050 61.038 67.026 73.015 75.005 74.997
57.980 57.934 57.892 57.853 57.817 56.784 56.754 56.727 56.704 55.686 63.673 14.668 0.000 0.000 0.000 0.000 0.000 0.000 0.000 0.000 0.000 0.000 0.000 0.000 45.180 81.097 92.011 92.901 93.041 91.133 98.933 91.933 93.609 92.293 92.219 92.124 92.034 91.946 92.858 64.766 42.678 0.000 0.000 42.523 0.000 41.331 43.282 43.206 43.111 43.020 42.935 42.859 42.791 42.733 42.686 42.649 40.624 42.611 48.610 45.616 0.000 0.000 0.000 47.065 46.063 45.059 44.052 43.044 42.035 46.026 57.017 53.010 55.003
56.040 55.997 55.957 55.919 55.885 55.854 55.827 56.803 58.783 60.770 35.764 2.765 0.000 0.000 0.000 0.000 0.000 0.000 0.000 3.415 12.406 0.000 0.000 15.539 56.397 87.291 93.188 93.177 92.204 99.113 99.027 94.923 92.630 92.481 92.388 92.294 92.201 92.109 88.014 34.890 0.000 0.000 0.000 42.523 48.503 43.424 43.350 43.273 43.194 43.117 43.043 42.974 42.912 42.858 42.813 42.778 39.753 48.738 48.733 44.734 0.000 0.000 0.000 46.059 45.056 46.052 46.047 46.040 46.033 46.025 45.018 45.012 44.007
57.097 57.056 60.018 63.983 66.951 70.922 72.896 75.874 74.857 66.847 4.847 15.863 39.918 7.943 0.000 0.000 0.000 0.000 0.000 43.423 70.398 10.359 0.000 49.681 82.581 92.473 93.372 93.302 92.526 99.186 91.359 93.046 92.729 92.655 92.557 92.463 92.368 93.274 80.199 0.000 0.000 0.000 0.000 22.543 42.563 43.511 45.422 45.341 43.276 43.211 43.146 43.083 43.025 42.974 42.931 39.897 44.872 47.856 48.850 39.852 0.000 0.000 0.000 30.055 51.051 51.047 48.042 45.036 45.030 46.024 47.019 47.014 46.010
59.151 58.112 65.077 74.044 75.013 73.985 72.961 71.940 68.924 62.915 37.914 54.924 72.947 41.967 25.989 1.997 0.000 0.000 14.495 53.456 67.404 6.319 25.157 66.921 91.773 94.656 93.497 93.709 91.685 99.248 93.343 93.058 92.911 92.819 92.726 92.632 92.533 94.421 38.310 0.000 0.000 0.000 0.000 0.000 38.694 44.637 25.484 25.394 42.357 43.306 43.247 43.188 43.132 43.082 42.040 40.006 48.981 48.965 45.960 39.971 46.019 0.000 0.000 0.000 62.045 77.042 70.038 66.033 62.028 58.023 61.019 61.015 44.011
59.201 59.166 62.133 65.102 64.073 62.046 60.022 58.001 55.985 55.974 64.969 66.971 63.981 60.991 65.001 13.006 0.000 0.000 54.534 84.502 35.445 31.357 65.229 89.075 93.942 93.797 93.915 91.870 99.331 91.747 93.462 93.149 93.078 92.985 92.896 92.807 95.711 52.566 0.000 0.000 0.000 0.000 0.000 0.000 40.881 45.859 0.000 0.000 39.453 43.408 43.348 43.288 43.232 43.183 40.141 48.107 49.080 48.062 39.053 43.055 43.067 0.000 0.000 0.000 30.042 60.040 78.034 77.030 77.026 77.022 77.018 71.015 61.012
59.250 59.218 59.187 58.158 58.130 59.104 59.080 59.059 57.041 58.026 63.017 66.012 62.013 57.015 60.018 15.020 0.000 0.000 46.605 56.573 34.515 67.434 82.329 91.210 94.092 94.023 93.121 99.700 99.469 92.736 93.466 93.324 93.237 93.149 93.065 92.990 95.938 0.000 0.000 11.306 20.306 0.000 0.000 42.186 45.091 44.059 51.098 0.044 39.593 43.525 43.450 43.384 43.327 41.277 43.235 49.200 49.171 41.150 42.136 43.128 43.126 0.000 0.000 0.000 0.000 0.000 60.030 76.026 76.023 76.020 76.017 77.015 77.013
59.299 59.269 59.240 59.212 59.185 59.159 59.135 58.113 57.093 61.074 65.059 65.048 60.042 56.039 61.037 14.035 0.000 0.000 42.709 11.669 58.609 82.534 88.443 94.348 94.198 94.407 92.396 99.906 92.154 93.866 93.554 93.486 93.395 93.309 93.225 100.148 84.115 0.000 7.305 57.306 43.306 0.000 0.000 37.282 45.236 44.189 44.137 50.019 47.801 46.650 43.544 43.470 43.413 40.364 48.322 49.285 45.255 40.231 43.212 43.197 45.184 49.195 0.000 0.000 0.000 0.000 0.000 73.021 76.020 76.018 76.016 77.014 75.013
59.348 59.320 59.292 59.265 59.238 59.213 58.189 57.165 59.142 63.119 66.097 62.080 57.069 56.062 59.057 41.047 28.022 28.963 24.853 25.785 65.720 86.648 92.570 94.459 94.597 92.587 100.267 100.094 93.159 93.873 93.727 93.639 93.551 93.466 98.380 41.262 56.257 26.295 57.305 65.307 0.000 0.000 0.000 36.422 45.383 44.324 44.243 54.119 64.940 38.732 48.605 44.541 41.491 43.444 49.402 48.365 39.334 42.308 43.286 43.262 30.217 31.206 0.000 0.000 0.000 0.000 0.000 54.019 75.017 76.016 76.014 80.013 76.012
59.398 59.371 59.344 59.317 59.291 59.266 57.241 57.217 61.192 68.164 69.130 65.106 60.090 58.084 58.082 60.075 60.055 69.015 9.955 43.897 81.837 88.771 94.699 94.665 93.796 100.575 100.425 93.512 94.294 93.957 93.884 93.790 93.703 93.625 101.566 0.000 39.359 41.322 31.312 33.309 0.000 0.000 0.000 39.602 45.551 44.480 50.391 66.276 43.108 0.000 29.602 42.599 40.564 48.520 49.477 45.439 42.407 43.381 43.361 45.347 0.000 0.000 0.000 0.000 0.000 0.000 46.017 27.017 66.015 76.014 76.013 81.012 76.011
59.449 59.422 59.395 59.369 59.343 58.318 57.294 59.270 66.245 43.213 19.155 18.121 15.104 45.100 62.112 57.114 60.108 41.089 3.054 49.011 86.960 92.907 94.795 95.037 93.060 100.712 93.844 94.622 94.191 94.133 94.029 93.936 93.847 94.764 92.693 14.637 14.498 0.000 0.000 0.000 0.000 0.000 38.973 46.833 44.740 43.654 63.567 67.485 0.000 0.000 0.000 38.689 44.646 49.596 49.548 39.507 43.473 43.447 43.429 46.420 0.000 0.000 0.000 0.000 0.000 0.000 25.017 0.000 54.013 76.012 76.012 82.011 76.010
59.499 59.472 59.446 59.420 58.394 57.369 59.346 62.324 70.304 29.289 0.000 0.000 0.000 0.000 44.153 59.163 60.173 46.177 48.163 74.132 91.093 95.017 95.190 93.211 100.955 100.839 94.824 94.519 94.371 94.269 94.172 94.077 93.984 96.892 81.804 10.721 0.000 0.000 0.000 0.000 0.000 0.410 39.113 46.017 44.920 42.829 70.738 31.611 0.000 0.000 44.939 49.821 49.737 49.669 47.612 42.567 43.532 43.506 43.490 45.483 0.000 49.569 1.569 0.000 0.000 0.000 0.000 0.000 47.011 76.011 76.010 76.010 76.009
59.548 59.522 59.496 59.470 58.445 57.420 61.396 65.375 69.359 27.350 0.000 0.000 0.000 0.000 24.183 67.213 62.244 68.283 81.287 90.266 94.227 95.234 94.384 101.159 101.061 94.157 94.933 94.591 94.509 94.406 94.310 94.217 98.122 61.017 32.910 0.000 0.000 0.000 0.000 0.000 1.691 41.534 46.340 45.203 47.094 44.006 67.943 0.000 0.000 40.208 47.057 62.919 51.812 48.730 44.666 42.617 42.581 43.555 43.541 43.540 48.562 44.569 35.569 0.000 0.000 0.000 43.008 45.008 44.009 76.009 76.009 76.009 76.008
59.597 59.572 59.546 59.521 57.495 59.469 65.444 66.422 64.406 51.402 12.418 0.000 0.000 0.000 0.000 20.261 16.309 56.422 87.438 91.417 95.358 95.527 93.650 101.249 93.466 95.246 94.812 94.748 96.638 95.539 94.446 94.359 100.268 23.143 0.000 0.000 0.000 0.000 0.000 22.910 61.815 61.670 49.513 46.359 57.247 52.158 53.085 14.036 1.848 38.359 43.163 53.987 49.862 53.772 47.705 50.656 49.619 46.594 43.578 42.573 42.576 48.577 0.000 0.000 0.000 0.000 40.008 40.008 50.008 76.008 76.008 76.008 76.007
