results3/res_3e8f-0066.wd
ncols         241
nrows         181
xllcorner     12693529.787448
yllcorner     3542525.717860
cellsize      155.156523
NODATA_value  -9999.000000
[rows 32 to 63 of 181, columns 74 to 147 of 241]
0.000 0.000 0.000 0.000 0.000 0.000 0.000 0.000 0.000 0.000 0.000 0.000 0.000 0.000 0.000 0.000 0.000 0.000 0.000 0.000 0.000 0.000 0.000 0.000 0.000 0.000 0.000 0.000 0.000 0.000 0.000 0.000 0.000 0.000 0.000 0.000 0.000 0.000 18.649 26.650 42.652 45.655 2.662 30.672 43.689 43.699 41.699 34.698 29.711 29.715 30.709 30.695 30.671 30.637 30.595 31.546 32.492 28.435 45.374 55.308 0.000 0.000 40.124 47.746 58.322 60.933 60.569 60.240 61.841 59.989 57.122 57.148 56.753 58.987
0.000 0.000 0.000 0.000 0.000 0.000 0.000 0.000 0.000 0.000 0.000 0.000 0.000 0.000 0.000 0.000 0.000 0.000 0.000 0.000 0.000 0.000 0.000 0.000 0.000 0.000 0.000 0.000 0.000 0.000 0.000 0.000 0.000 0.000 0.000 0.000 0.000 0.000 34.650 57.651 62.652 18.654 0.000 0.000 27.709 41.729 8.714 0.000 31.745 34.752 28.749 29.734 30.706 30.666 30.614 30.553 29.485 35.413 55.329 1.979 8.680 6.254 41.631 58.159 62.728 61.326 61.966 60.540 62.664 57.752 57.325 57.335 59.626 58.873
0.000 0.000 0.000 0.000 0.000 0.000 0.000 0.000 0.000 0.000 0.000 0.000 0.000 0.000 0.000 0.000 0.000 0.000 0.000 0.000 0.000 0.000 0.000 0.000 0.000 0.000 0.000 0.000 0.000 0.000 0.000 0.000 0.000 0.000 0.000 0.000 0.000 0.000 0.000 9.651 4.651 0.000 0.000 0.000 0.000 23.794 0.000 0.000 21.772 45.798 44.800 34.785 30.755 30.708 30.644 30.566 29.480 51.405 49.367 0.000 31.779 44.451 57.986 62.533 62.100 61.707 61.249 62.344 58.391 57.645 57.911 60.237 59.497 59.274
0.000 0.000 0.000 0.000 0.000 0.000 0.000 0.000 0.000 0.000 0.000 0.000 0.000 0.000 0.000 0.000 0.000 29.571 61.571 14.571 0.000 0.000 0.000 0.000 0.000 0.000 0.000 0.000 0.000 0.000 0.000 0.000 0.000 0.000 0.000 0.000 0.000 0.000 0.000 0.000 0.000 0.000 0.000 0.000 0.000 15.859 0.000 0.000 0.000 23.871 41.867 41.852 32.820 30.767 30.688 28.586 44.467 53.359 0.000 17.663 42.208 56.782 63.333 62.882 62.462 61.973 64.035 60.046 58.095 58.499 60.842 60.107 59.892 59.587
0.000 0.000 0.000 0.000 0.000 0.000 0.000 0.000 0.000 0.000 16.570 54.570 0.000 0.000 0.000 0.000 0.000 36.571 87.571 43.571 0.000 0.000 0.000 0.000 0.000 0.000 0.000 0.000 0.000 0.000 0.000 0.000 0.000 0.000 0.000 0.000 0.000 0.000 0.000 0.000 0.000 0.000 0.000 0.000 0.000 18.924 19.954 26.970 12.971 22.948 30.944 43.936 34.908 30.851 27.756 38.622 48.442 37.206 12.748 42.118 59.608 64.139 63.674 63.231 62.713 62.741 61.720 58.663 59.106 61.455 60.719 60.505 60.200 59.912
0.000 0.000 0.000 0.000 0.000 0.000 0.000 0.000 0.000 0.000 37.570 72.570 61.570 48.570 3.570 0.000 21.571 75.571 83.571 48.571 0.000 0.000 0.000 0.000 17.961 0.000 0.000 0.000 0.000 0.000 0.000 0.000 0.000 0.000 0.000 0.000 1.972 0.000 0.000 0.000 5.974 23.974 0.000 0.000 34.965 49.958 52.970 50.984 36.996 31.007 30.024 44.039 35.026 26.971 40.863 54.705 42.474 30.273 44.921 49.451 61.969 64.488 64.023 63.477 63.468 61.419 59.346 59.739 62.085 61.345 61.127 60.815 60.521 60.229
0.000 0.000 0.000 0.000 0.000 0.000 0.000 0.000 0.000 0.000 8.570 70.570 53.571 34.571 0.000 17.572 67.572 78.572 85.571 44.571 0.000 0.000 0.000 0.000 55.961 39.961 0.000 0.000 0.000 0.000 0.000 0.000 0.000 0.000 0.000 18.972 30.972 32.972 0.000 0.000 14.974 39.975 18.975 32.974 55.972 58.973 59.983 56.999 44.023 31.058 28.108 45.169 36.187 40.145 58.020 51.863 0.000 28.494 47.210 59.797 65.327 64.848 64.276 64.228 62.153 60.163 60.408 62.742 61.997 61.769 61.447 61.139 60.834 60.540
0.000 0.000 0.000 0.000 0.000 0.000 0.000 0.000 0.000 0.000 0.000 0.000 21.571 59.571 55.572 43.572 56.572 76.572 87.572 40.571 0.000 0.000 0.000 0.000 17.961 41.961 43.961 0.000 0.000 0.000 0.000 0.000 0.000 0.000 0.000 34.972 35.972 47.972 30.973 19.973 33.974 34.975 30.975 37.976 44.977 42.980 35.989 55.006 21.041 37.093 40.182 30.343 42.409 55.400 52.210 0.000 3.465 39.998 56.629 65.200 65.709 65.131 65.038 61.943 61.159 61.126 63.438 62.684 62.445 62.108 61.783 61.455 61.137 60.839
0.000 0.000 0.000 0.000 0.000 0.000 0.000 0.000 0.000 0.000 0.000 0.000 11.572 78.572 73.573 63.573 53.573 77.573 85.572 80.571 65.569 20.567 0.000 0.000 0.000 0.000 51.962 35.962 33.962 44.963 39.963 2.963 0.000 0.000 0.000 34.971 33.972 54.972 60.973 49.974 41.974 33.975 30.976 31.977 32.979 31.982 29.988 37.994 0.000 0.000 0.000 35.613 58.706 56.836 0.000 2.340 39.840 53.496 63.119 66.631 66.161 66.908 62.824 62.419 61.917 64.186 63.420 63.164 62.810 62.466 62.115 61.764 61.420 61.116
0.000 0.000 0.000 0.000 0.000 0.000 0.000 0.000 0.000 0.000 0.000 0.000 0.000 11.572 50.573 25.574 61.575 80.574 85.573 83.571 81.568 70.566 29.564 0.000 0.000 0.000 7.962 46.962 46.962 59.963 57.963 50.963 45.964 0.000 0.000 1.971 38.971 57.972 64.973 56.974 40.974 29.975 30.977 30.978 30.980 30.982 30.985 34.988 0.000 0.000 0.000 5.789 42.966 12.402 9.751 44.664 49.354 61.046 67.621 67.442 65.644 63.929 64.086 62.817 65.009 64.219 63.937 63.562 63.197 62.825 62.450 62.064 61.663 62.334
0.000 0.000 0.000 0.000 0.000 0.000 0.000 0.000 0.000 0.000 0.000 0.000 0.000 0.000 0.000 82.577 82.577 84.577 84.575 83.572 77.568 71.565 42.562 0.000 0.000 0.000 0.000 0.000 14.963 59.963 53.963 68.964 65.964 44.966 23.968 24.970 33.971 55.972 64.973 55.974 38.974 28.976 33.977 32.978 30.980 30.982 30.984 31.985 23.985 0.000 0.000 0.000 0.000 4.171 47.188 50.086 57.889 68.573 68.655 66.992 68.797 66.396 63.891 65.941 65.101 64.776 64.370 63.979 63.585 63.190 62.794 61.380 69.834 67.459
0.000 0.000 0.000 0.000 0.000 17.302 40.301 0.000 18.271 58.264 47.256 51.249 26.245 0.000 0.000 18.579 90.580 84.581 81.578 78.574 81.568 72.562 35.558 0.000 0.000 0.000 0.000 0.000 0.000 0.000 3.964 57.964 58.964 9.965 0.000 0.971 37.972 55.972 60.973 50.973 41.975 39.976 1.977 8.979 36.980 30.982 30.983 31.984 37.984 45.984 7.984 0.000 0.000 19.806 52.746 56.617 67.396 69.584 69.204 72.537 71.078 65.306 67.027 66.089 65.694 65.241 64.816 64.395 63.975 63.557 63.154 68.828 0.000 0.000
0.000 0.000 0.000 0.000 0.000 17.303 60.301 2.292 52.278 54.266 66.255 49.247 34.241 0.000 0.000 6.581 75.583 87.588 84.585 84.577 85.567 79.557 33.551 0.000 0.000 0.000 0.000 0.000 0.000 0.000 0.000 0.000 42.964 1.965 0.000 0.000 43.972 40.972 52.973 9.973 0.000 0.000 0.000 0.000 2.981 40.981 34.982 0.000 27.984 61.984 44.984 0.000 0.000 24.510 58.342 67.229 70.331 70.074 74.289 73.555 66.732 68.205 67.167 66.683 66.172 65.706 65.255 64.810 64.364 63.909 63.439 67.950 10.460 0.000
59.510 49.508 0.000 0.000 0.000 11.305 71.308 47.297 49.282 55.266 79.253 80.241 75.232 29.223 0.000 0.000 0.000 35.603 89.595 84.582 85.566 82.549 41.537 0.000 0.000 0.000 0.000 0.000 0.000 0.000 0.000 0.000 0.964 0.000 0.000 0.000 0.000 0.000 0.000 0.000 0.000 0.000 0.000 0.000 0.000 0.000 15.982 12.982 0.000 0.000 0.000 0.000 13.869 51.299 68.249 69.916 70.837 75.192 74.823 67.791 69.277 68.238 67.700 67.139 66.634 66.152 65.687 65.227 64.761 64.277 63.742 66.072 48.971 5.380
71.510 53.507 49.504 0.000 0.000 0.000 63.328 65.308 65.286 77.265 74.248 86.234 85.222 46.214 0.000 0.000 0.000 11.625 91.613 84.591 85.564 82.536 42.512 0.000 0.000 3.188 51.159 63.127 32.106 0.000 0.000 0.000 0.000 0.000 0.000 0.000 0.000 0.000 0.000 0.000 0.000 0.000 0.000 0.000 0.000 0.000 0.000 0.981 0.000 0.000 0.000 11.814 52.327 69.290 69.869 76.066 75.560 69.101 69.633 70.084 69.207 68.671 68.098 67.569 67.066 66.584 66.114 65.648 65.178 64.694 71.181 11.626 0.000 18.432
76.511 55.507 56.501 48.493 0.000 53.402 48.367 56.322 69.289 73.261 84.241 85.223 84.208 53.197 0.000 0.000 0.000 10.660 90.639 84.606 85.565 80.519 60.463 44.376 45.296 45.217 53.162 74.117 41.084 0.000 0.000 0.000 0.000 0.000 0.000 0.000 0.000 0.000 0.000 0.000 0.000 0.000 0.000 0.000 0.000 0.000 0.000 0.000 0.000 9.896 40.673 50.183 69.171 70.762 77.445 76.841 69.658 71.346 70.645 70.059 69.549 69.001 68.476 67.968 67.478 67.002 66.536 66.074 65.610 72.140 17.660 0.000 0.000 3.545
71.513 69.508 52.500 56.486 56.464 47.436 40.419 0.000 0.000 15.247 74.233 85.210 83.191 68.168 35.135 0.000 0.000 59.716 80.678 85.627 84.571 85.511 75.446 51.370 48.295 47.221 56.156 74.095 57.030 42.941 43.871 47.819 58.786 22.773 0.000 0.000 0.000 0.000 0.000 0.000 0.000 0.000 0.000 0.000 0.000 0.000 0.000 0.000 0.000 21.095 60.935 68.880 71.528 78.323 77.931 70.396 72.034 71.225 70.817 70.333 69.831 69.330 68.834 68.349 67.875 67.412 66.955 66.502 72.049 18.594 0.000 0.000 0.000 2.593
17.517 85.513 56.505 50.487 51.470 53.459 53.453 42.463 0.000 0.000 0.000 19.195 90.179 80.150 58.102 50.021 56.928 55.809 57.730 65.655 66.582 53.509 50.438 48.365 48.291 47.218 56.146 71.075 50.001 46.923 51.853 67.799 70.767 55.761 29.760 0.000 0.000 0.000 0.000 0.000 0.000 0.000 0.000 0.000 0.000 0.000 0.000 0.000 11.936 53.780 69.388 72.227 78.868 78.636 71.104 72.721 71.910 71.522 71.059 70.595 70.123 69.650 69.181 68.718 68.263 67.815 67.371 72.930 18.489 0.000 0.000 0.000 0.000 0.000
84.524 85.522 71.520 0.000 0.000 58.477 54.473 65.473 56.473 0.000 0.000 0.000 78.180 75.150 60.101 51.034 47.954 47.864 50.776 63.681 71.591 74.507 67.432 57.360 50.287 49.213 65.136 68.058 42.977 46.895 46.819 47.757 51.722 30.741 0.000 0.000 0.000 1.519 0.000 0.000 0.000 0.000 0.000 0.000 0.000 0.000 15.153 46.828 54.687 68.201 79.511 79.122 72.179 72.762 73.308 72.596 72.206 71.755 71.313 70.866 70.416 69.967 69.521 69.080 68.644 69.213 75.784 19.357 0.000 0.000 0.000 0.000 0.000 0.000
85.532 85.533 85.532 72.531 55.520 55.500 55.488 46.482 0.000 12.281 19.281 71.257 68.211 71.169 64.119 65.059 64.991 64.915 67.831 62.703 62.596 64.494 68.423 69.355 67.285 63.209 74.129 72.043 59.954 60.862 60.772 62.688 37.624 0.000 0.000 0.000 0.000 2.519 0.000 0.000 0.000 0.000 0.000 0.000 2.071 49.766 50.368 71.395 71.957 80.620 80.126 74.678 74.380 73.752 73.266 72.866 72.429 72.001 71.570 71.139 70.709 70.281 69.857 69.437 70.021 73.608 6.196 0.000 0.000 0.000 0.000 0.000 0.000 8.187
84.541 84.545 85.545 82.541 60.530 54.514 55.499 56.486 48.475 0.000 63.305 60.279 61.239 62.196 57.147 61.093 66.035 73.976 58.928 0.000 0.000 9.452 67.410 63.354 63.289 63.212 63.125 63.032 62.933 62.829 62.718 60.599 55.462 28.280 0.000 4.056 47.835 54.519 66.173 35.895 0.000 0.000 0.000 0.000 51.270 62.029 73.955 74.594 81.366 81.029 75.344 75.005 74.253 73.907 73.498 73.080 72.663 72.245 71.828 71.412 70.999 70.591 70.189 70.791 73.396 21.002 0.000 0.000 0.000 0.000 0.000 0.000 0.000 29.197
74.552 74.560 85.563 85.557 75.544 51.526 54.508 55.488 55.463 61.419 70.357 54.313 51.271 49.228 56.181 71.131 70.079 55.027 34.978 0.000 0.000 0.000 0.000 52.364 47.304 47.223 47.130 47.027 47.918 50.801 51.673 51.527 50.346 51.098 49.709 49.277 57.931 64.550 62.106 68.617 66.010 60.474 57.961 60.352 71.938 75.429 75.215 81.850 81.640 75.997 75.635 74.871 74.528 74.116 73.711 73.303 72.896 72.490 72.085 71.682 71.284 70.896 71.516 72.142 10.769 0.000 0.000 0.000 0.000 0.000 0.000 0.000 0.000 40.240
40.567 52.581 80.588 84.582 65.564 48.540 47.517 55.496 55.472 54.437 48.390 49.344 55.305 72.264 71.219 54.171 47.124 37.076 0.000 56.781 65.731 61.654 62.556 65.434 68.340 67.246 68.143 71.030 69.910 66.784 68.646 63.488 49.298 53.058 51.752 56.411 74.061 80.642 77.083 70.457 64.935 66.472 72.942 77.802 76.224 82.445 82.089 76.003 77.605 76.178 75.503 75.147 74.733 74.330 73.927 73.525 73.127 72.733 72.340 71.947 72.559 70.193 65.839 17.490 0.000 0.000 0.000 0.000 0.000 0.000 0.000 0.000 26.404 30.327
0.000 45.611 64.627 75.617 50.591 42.552 49.525 47.508 54.491 55.465 55.423 48.370 65.342 57.304 46.259 49.211 41.171 0.000 65.901 68.830 68.758 70.675 71.580 74.475 78.376 77.277 77.168 77.040 78.908 79.779 77.640 65.483 51.300 53.083 52.831 52.555 55.261 28.876 1.274 90.190 131.825 109.396 75.355 76.889 83.456 83.001 76.464 79.184 76.588 76.132 75.760 75.351 74.948 74.543 74.141 73.744 73.356 72.975 72.595 74.206 68.813 57.476 12.158 0.000 0.000 0.000 0.000 0.000 0.000 0.000 0.000 24.554 37.480 26.406
0.000 0.726 21.691 56.670 38.630 0.000 44.523 49.521 49.518 55.511 44.467 0.000 49.388 47.352 49.301 50.243 60.177 74.089 70.972 72.881 78.797 88.709 132.614 129.510 129.412 129.318 129.213 130.053 113.905 45.783 48.652 46.504 54.334 53.144 49.935 47.715 29.554 0.000 0.000 0.000 56.655 73.753 78.391 84.160 83.838 76.080 77.770 77.058 76.742 76.361 75.965 75.566 75.162 74.755 74.349 73.954 73.577 74.216 72.859 64.471 53.009 10.743 0.000 0.000 0.000 0.000 0.000 0.000 0.000 0.000 15.694 36.627 28.557 16.485
19.931 8.875 71.769 49.741 0.000 0.000 0.000 43.535 56.549 48.595 0.000 1.568 57.470 48.415 59.352 72.283 72.205 77.117 80.019 72.926 58.838 49.750 45.659 43.538 46.446 47.371 34.314 0.000 50.875 47.797 46.683 50.545 54.389 51.225 43.049 49.816 30.685 0.000 0.000 52.006 69.029 78.791 84.646 84.430 76.678 78.355 77.640 77.336 76.955 76.574 76.183 75.784 75.379 74.966 74.546 74.147 74.782 70.454 59.152 15.812 0.000 0.000 0.000 0.000 0.000 0.000 0.000 0.000 0.000 0.000 33.761 32.705 18.636 15.564
89.963 77.947 0.000 6.784 1.083 0.000 0.000 0.000 0.000 52.724 50.722 58.652 55.561 55.485 55.410 72.330 86.245 75.154 55.059 52.966 47.878 49.796 40.732 0.000 52.461 49.407 38.356 0.000 51.924 46.847 47.737 54.604 52.453 50.318 32.221 0.000 0.000 48.614 46.491 63.287 79.215 84.913 77.628 78.192 78.843 78.230 77.925 77.552 77.180 76.798 76.407 76.009 75.605 75.183 75.722 75.305 64.949 49.667 12.484 0.000 0.000 0.000 0.000 0.000 0.000 0.000 0.000 9.146 8.100 23.015 34.884 22.796 14.718 28.643
76.002 66.004 0.000 0.000 66.263 59.268 53.257 0.000 4.949 70.854 67.792 54.719 55.637 55.555 56.472 77.384 129.292 122.196 69.098 124.003 44.911 48.824 48.741 50.647 48.530 48.441 48.348 50.218 46.049 45.931 54.815 53.679 50.501 45.372 34.296 0.000 0.000 50.738 57.607 79.629 78.529 85.279 78.680 79.262 78.804 78.505 78.148 77.788 77.415 77.031 76.638 76.239 75.850 77.441 72.855 54.401 41.044 42.781 8.632 0.000 0.000 0.000 0.000 0.000 0.000 0.000 0.000 18.192 23.139 37.060 30.964 20.877 29.797 29.720
63.044 7.062 0.000 0.000 49.302 58.285 55.245 73.164 67.045 71.951 79.872 70.794 55.713 55.627 55.537 54.442 48.342 43.239 48.135 45.035 48.940 48.849 48.761 48.669 48.572 48.478 48.377 47.258 52.123 54.012 54.915 38.797 0.000 38.372 0.000 0.000 0.000 54.963 76.900 80.922 86.319 85.837 78.781 79.428 79.061 78.738 78.394 78.033 77.659 77.275 76.875 76.461 75.113 36.875 0.000 0.000 0.000 0.000 0.000 0.000 0.000 0.000 14.597 9.583 8.550 7.493 11.410 20.291 36.206 30.123 21.036 30.952 26.872 17.795
51.089 56.139 1.337 54.380 50.357 49.325 67.275 60.203 76.115 85.031 64.953 50.874 48.792 51.704 54.609 55.506 55.396 48.282 47.169 48.063 47.964 48.872 48.784 48.698 53.610 50.521 47.426 48.314 51.172 55.079 44.035 0.000 0.000 0.000 0.000 10.710 130.588 74.291 81.317 79.300 86.742 78.621 81.131 82.606 79.323 78.997 78.654 78.293 77.915 78.533 75.124 62.618 53.267 11.071 0.000 0.000 0.000 0.000 0.000 0.000 0.000 16.616 16.611 16.604 17.573 17.520 18.446 32.356 32.272 16.188 19.105 21.024 17.945 15.868
36.124 30.215 54.382 50.429 49.420 60.384 64.327 75.258 82.182 48.107 47.033 47.958 49.877 48.788 45.688 53.577 54.454 55.323 54.197 48.083 46.982 45.891 46.807 52.727 111.650 79.572 59.489 42.402 0.000 57.096 65.113 0.000 0.000 0.000 0.000 54.834 65.735 82.618 80.658 87.479 87.125 79.720 80.241 80.898 79.595 79.274 78.934 78.570 79.173 77.820 30.472 0.000 0.000 0.000 0.000 0.000 0.000 0.000 0.000 0.000 0.000 23.621 19.626 16.648 17.621 15.567 27.497 34.417 18.336 19.254 27.173 25.094 19.016 15.939
0.000 0.000 47.529 50.532 52.510 73.462 84.393 98.319 80.247 9.181 66.116 66.047 49.971 49.882 48.779 46.659 49.519 55.360 53.212 54.091 55.990 53.903 51.825 47.754 42.689 47.628 42.558 0.000 0.000 0.000 51.207 43.231 0.000 0.000 0.000 65.057 81.938 82.019 80.039 87.802 79.464 81.955 83.452 80.186 79.886 79.571 79.236 78.881 76.385 31.103 0.000 0.000 0.000 0.000 0.000 0.000 0.000 0.000 0.000 0.000 23.259 0.000 0.000 24.741 14.694 25.631 37.558 25.480 20.400 25.320 29.240 22.162 17.085 15.009
