results3/res_3e8f-0125.wd
ncols         241
nrows         181
xllcorner     12693529.787448
yllcorner     3542525.717860
cellsize      155.156523
NODATA_value  -9999.000000
[rows 33 to 65 of 181, columns 146 to 218 of 241]
63.110 62.335 62.071 62.720 29.393 41.078 62.781 56.488 35.097 0.000 0.000 29.343 5.344 10.345 26.348 51.356 38.356 4.355 0.000 0.000 43.177 51.152 9.108 36.056 28.016 28.970 32.899 41.827 59.749 50.691 45.637 40.593 41.556 41.524 40.495 39.466 38.435 46.398 56.356 48.326 48.299 46.269 25.236 39.206 47.168 0.000 17.394 22.327 46.214 44.112 49.012 58.912 51.807 46.752 1.731 0.000 29.631 29.647 36.651 14.643 0.000 0.000 0.000 0.000 0.000 0.000 0.000 0.000 0.000 0.000 0.000 0.000 0.000
63.034 62.788 62.451 63.134 40.824 58.536 61.283 55.103 0.000 0.000 7.342 31.343 0.000 0.000 0.000 35.378 35.371 43.353 6.319 56.271 44.211 31.164 40.116 31.065 29.015 28.961 27.899 29.834 57.768 55.710 55.658 57.612 50.572 52.536 51.504 51.472 51.440 52.406 56.372 54.343 55.317 50.292 27.270 26.255 0.000 0.000 14.307 28.270 36.204 31.109 37.012 49.916 49.825 47.779 5.760 0.000 0.000 34.681 6.684 0.000 0.000 0.000 0.000 0.000 0.000 36.751 35.750 37.750 27.750 30.749 0.000 0.000 0.000
63.484 63.156 62.843 62.534 62.236 62.957 54.711 41.538 0.000 0.000 0.000 0.000 0.000 0.000 0.000 32.408 29.395 42.369 47.331 39.284 48.231 46.179 27.126 28.072 29.018 28.962 40.902 44.841 48.781 41.725 38.672 48.626 22.584 29.546 24.511 24.478 24.446 27.415 53.384 42.357 40.333 42.312 27.297 29.290 9.299 0.000 24.258 81.242 6.223 0.000 0.000 0.000 50.796 49.781 8.770 0.000 0.000 31.713 28.718 30.737 28.746 36.751 42.753 34.753 56.752 63.751 61.751 46.750 26.750 25.749 29.749 0.000 0.000
63.849 63.538 63.227 62.923 63.630 58.346 40.064 30.801 39.801 0.000 0.000 0.000 0.000 0.000 0.000 29.451 28.431 31.397 27.354 38.304 41.249 44.194 33.137 28.081 28.023 27.966 52.907 58.848 40.790 34.734 34.682 35.635 32.592 32.553 32.518 33.484 36.452 33.422 54.394 46.368 44.346 44.328 26.315 40.308 66.308 0.000 16.226 69.217 0.000 0.000 0.000 0.783 50.784 48.777 26.770 31.764 29.755 27.741 27.740 27.746 26.751 33.754 40.755 27.753 45.752 63.752 59.751 39.751 24.750 24.749 29.749 0.000 0.000
64.231 63.914 63.604 63.302 60.012 45.735 34.399 0.000 0.000 0.000 0.000 33.927 0.000 2.814 0.000 28.515 29.481 29.435 28.384 28.328 34.270 27.210 27.149 29.089 28.030 26.970 50.912 47.855 55.798 59.741 58.686 53.639 49.597 51.558 47.522 51.488 51.456 52.427 56.400 54.376 55.356 51.339 26.327 38.320 60.317 0.000 11.204 72.182 0.000 0.000 0.000 0.000 47.778 50.775 29.770 27.766 27.761 27.755 27.754 27.756 26.758 33.760 42.760 0.000 0.000 21.753 64.752 40.751 24.750 24.749 28.749 0.000 0.000
64.609 64.285 63.972 63.671 53.382 35.180 0.000 0.000 0.000 0.000 31.953 34.927 47.880 47.814 35.728 28.614 28.542 29.480 29.418 28.355 27.291 28.226 28.162 28.098 27.035 35.975 54.917 33.861 47.807 24.744 57.684 47.639 46.598 46.560 43.524 48.490 49.459 49.430 56.404 54.381 51.362 51.346 26.335 40.327 59.324 0.000 0.000 65.125 0.000 0.000 0.000 0.000 51.775 50.774 26.771 28.769 27.768 28.766 28.766 28.766 29.766 37.766 17.766 0.000 0.000 22.756 64.754 45.752 32.750 26.749 29.748 0.000 0.000
64.981 64.643 65.329 58.026 45.666 35.423 0.000 0.000 0.000 0.000 28.979 45.948 39.899 28.834 30.757 30.670 28.594 27.523 29.454 28.384 29.314 29.243 29.173 28.105 28.039 47.977 47.918 47.866 47.825 0.000 29.666 27.635 28.597 28.559 29.523 33.490 36.459 34.431 54.405 48.383 42.364 44.349 27.338 39.331 58.328 0.000 0.000 38.069 29.046 0.000 0.000 0.000 45.775 28.774 0.000 23.771 29.774 33.777 40.777 40.776 40.775 42.773 14.772 0.000 6.764 70.760 63.756 65.753 53.751 28.748 29.747 0.000 0.000
65.338 64.977 64.674 50.439 2.137 0.000 0.000 0.000 0.000 7.085 45.036 39.989 29.933 30.868 30.795 30.717 30.640 28.565 27.490 27.414 29.336 28.259 28.183 27.110 29.040 43.975 34.915 43.858 44.804 3.740 3.681 43.637 42.596 42.557 42.521 44.488 44.457 45.428 57.403 53.381 48.363 50.348 26.338 35.331 63.329 0.000 0.000 97.035 66.023 33.006 19.997 0.000 0.000 0.000 0.000 0.000 26.781 35.789 39.789 38.787 41.784 43.780 29.777 34.774 50.768 65.763 63.759 63.755 51.751 28.747 28.744 4.740 0.000
65.662 66.253 57.952 40.784 0.000 0.000 0.000 0.000 0.000 52.135 46.092 30.038 30.977 30.910 30.837 30.762 30.685 30.607 27.527 28.445 28.360 28.274 29.190 28.111 28.037 30.969 35.907 47.848 34.792 46.735 51.682 44.635 53.593 43.553 44.517 47.483 46.452 45.423 55.398 51.376 39.358 38.344 27.334 34.328 63.327 0.000 0.000 88.014 78.007 54.997 23.989 0.000 0.000 0.000 0.000 0.000 0.000 46.809 38.804 32.799 29.793 44.788 31.783 33.777 41.771 62.766 64.761 62.756 48.751 28.746 25.742 29.737 23.732
73.908 71.419 44.096 33.963 0.000 0.000 0.000 30.376 44.323 45.227 39.158 34.093 31.027 30.957 30.884 30.808 29.731 32.651 37.568 33.479 28.383 29.287 28.194 28.106 28.028 27.959 34.895 35.837 33.781 40.727 39.676 34.629 46.586 26.547 34.510 41.475 40.444 34.415 53.390 46.368 26.350 25.335 28.325 30.321 34.324 0.000 0.000 65.999 45.994 82.986 68.974 4.954 5.936 56.919 30.901 28.883 28.861 30.835 41.820 35.811 3.802 56.795 44.788 40.782 38.775 49.769 65.762 57.757 40.751 29.746 25.740 32.734 56.728
0.000 0.000 23.052 41.007 0.000 0.000 32.488 42.430 56.367 40.292 39.221 39.151 32.081 31.008 30.933 30.857 37.779 45.699 46.615 38.520 33.408 28.298 27.192 28.092 32.011 28.942 27.880 26.822 32.768 33.716 32.666 33.620 35.577 28.537 34.500 39.465 41.434 37.405 53.379 47.356 29.337 28.322 28.312 24.306 0.000 0.000 0.000 21.989 40.985 40.978 74.967 89.952 82.936 50.920 36.903 37.885 37.867 40.848 62.833 80.821 89.811 88.802 90.794 89.786 83.779 77.771 69.764 52.758 35.751 26.745 27.739 40.732 59.726
16.127 0.000 0.000 0.000 0.000 3.601 35.546 55.487 47.423 50.353 47.282 37.210 30.136 31.061 30.984 41.907 46.829 42.751 37.672 34.579 37.430 32.304 32.185 28.058 32.981 26.918 27.860 28.805 27.752 27.702 27.654 27.608 26.565 27.525 27.488 31.453 37.420 36.391 54.364 48.341 27.321 28.305 28.293 27.286 2.279 0.000 0.000 25.984 51.980 40.974 42.964 57.951 68.937 78.921 80.905 86.889 89.873 89.857 88.842 84.830 75.819 73.809 75.799 78.790 80.782 81.774 79.766 83.759 75.752 42.745 29.738 48.731 65.724
55.226 13.177 0.000 0.000 0.749 36.656 52.609 45.550 37.485 45.416 49.345 50.270 40.194 29.116 39.036 47.957 37.879 29.806 29.742 31.694 0.000 0.301 0.000 24.976 28.938 30.889 30.837 27.786 27.735 28.686 27.638 27.594 27.551 28.511 27.473 27.438 27.405 30.374 47.347 46.322 28.301 28.284 28.271 29.265 30.272 0.000 0.000 24.981 42.979 43.973 55.964 42.952 22.938 26.923 62.909 86.894 70.879 65.864 68.850 61.837 47.826 36.815 27.804 25.795 26.785 36.776 34.768 29.760 68.752 83.744 61.737 59.730 63.723
0.000 28.128 6.102 0.045 35.819 45.746 52.683 36.619 39.552 37.482 35.409 43.333 48.254 43.172 47.088 36.005 29.925 30.854 30.795 38.761 0.000 0.000 0.000 21.933 30.905 41.863 42.815 37.766 33.716 35.668 31.621 30.577 28.534 27.494 27.456 28.420 27.387 27.355 30.327 39.301 27.277 27.258 28.242 27.232 0.000 0.000 0.000 5.981 3.982 57.976 41.967 26.955 40.940 42.926 88.912 69.898 52.884 34.871 25.857 26.844 27.832 28.820 28.809 28.799 27.788 25.779 24.770 25.761 33.752 70.744 78.736 63.729 62.722
0.000 15.106 38.075 40.006 38.905 53.827 38.758 32.691 34.622 33.551 30.477 29.399 44.317 51.231 54.140 42.049 31.963 28.888 36.825 2.793 0.000 0.000 0.000 24.918 34.887 41.843 42.795 42.745 44.696 52.648 50.602 46.558 44.516 40.476 34.438 29.401 27.367 28.334 27.304 32.276 25.251 26.228 27.208 29.189 50.164 0.000 0.000 0.000 19.990 61.984 21.974 30.961 21.943 60.927 78.916 38.904 26.890 28.877 28.864 28.851 28.838 28.826 25.814 25.802 24.791 25.781 25.771 25.762 41.753 56.744 29.735 89.727 61.720
0.000 15.115 38.089 31.037 49.967 49.898 44.831 35.764 29.695 30.624 31.549 42.470 45.385 37.293 40.193 49.088 49.989 39.911 0.000 0.000 0.000 0.000 29.987 35.933 39.881 38.829 39.777 39.725 37.675 44.627 45.581 45.538 46.496 43.456 42.417 43.380 34.345 29.311 30.279 27.249 28.221 27.196 26.173 28.153 43.138 0.000 0.000 0.000 20.005 63.995 25.984 1.972 0.000 6.925 45.922 27.910 28.896 26.884 26.871 26.858 25.844 24.831 25.818 25.806 24.794 25.783 24.772 23.762 26.753 22.745 18.734 82.723 91.716
0.000 12.150 32.128 42.086 52.030 42.969 42.905 44.839 42.771 33.700 39.626 48.547 37.460 30.363 29.250 35.124 44.992 51.857 15.687 7.521 33.354 33.192 28.041 36.947 41.876 42.815 38.758 38.703 30.652 27.604 27.559 27.515 26.474 24.434 31.395 45.358 44.321 43.286 38.253 29.220 27.190 28.161 27.135 27.113 28.098 0.000 0.000 0.000 35.030 2.007 5.995 0.000 0.000 0.000 24.939 4.916 7.901 24.891 23.879 23.865 24.850 26.836 26.822 26.809 25.796 25.784 23.773 23.763 24.754 12.747 0.000 2.716 85.709
0.000 11.208 35.186 54.148 45.098 42.042 41.980 42.916 41.849 43.779 48.708 37.631 31.547 31.447 31.323 30.163 31.000 36.839 53.682 51.523 30.350 29.180 28.040 28.938 40.860 38.796 49.737 37.678 30.626 28.578 29.534 28.492 33.451 41.411 37.372 31.334 37.297 47.260 44.225 43.190 34.156 27.124 27.093 28.065 26.044 0.000 0.000 35.091 23.079 0.000 0.000 37.017 32.014 31.002 22.978 0.000 0.000 29.901 26.888 26.873 26.856 26.841 26.825 26.811 26.798 26.785 26.773 25.762 26.752 28.743 18.734 0.000 27.702
0.000 24.288 49.261 45.222 34.174 39.119 44.060 38.996 44.930 50.861 42.794 30.725 29.648 31.557 31.432 35.205 36.007 29.817 40.678 36.540 33.343 30.138 27.001 33.904 37.831 39.773 30.718 57.645 45.595 35.550 27.508 33.467 52.427 62.388 55.349 32.310 34.272 37.234 41.196 46.159 44.122 40.085 29.048 26.010 32.969 38.916 0.000 10.104 31.116 0.000 0.000 7.020 27.023 27.013 26.995 31.979 30.954 26.923 25.901 26.881 26.863 26.845 26.828 26.813 26.799 26.785 26.772 26.760 25.749 25.738 26.726 29.712 25.701
11.455 45.394 51.350 36.305 31.256 33.201 35.143 46.080 50.013 60.941 59.883 52.825 41.764 30.700 33.642 0.505 0.000 28.745 34.673 31.616 0.000 28.030 31.922 48.846 47.787 50.745 0.000 22.589 62.558 56.520 42.481 48.441 66.402 66.364 64.325 33.286 39.247 39.207 41.168 29.127 38.087 44.046 43.005 41.959 54.907 63.862 0.000 0.000 21.166 46.216 0.000 0.000 50.047 31.031 31.010 30.987 30.962 31.935 25.912 24.890 28.868 25.848 25.830 25.814 25.799 26.785 25.771 24.758 24.746 24.734 24.722 24.709 23.698
10.517 56.482 42.440 31.393 31.343 31.288 44.230 42.168 59.103 74.006 70.973 67.929 62.882 53.838 44.807 0.000 0.000 0.000 22.652 33.636 0.000 0.000 24.809 42.773 41.727 56.676 28.606 29.565 62.528 67.491 63.453 62.416 65.378 65.340 66.301 45.262 37.222 39.181 39.140 29.097 38.053 32.009 50.965 21.915 60.837 82.765 53.661 23.598 0.000 24.266 0.000 26.130 86.088 39.055 41.026 40.998 36.971 37.945 29.921 24.899 6.872 25.849 25.831 28.815 31.799 41.784 31.770 26.756 27.743 27.730 27.718 27.705 27.694
42.614 46.579 40.534 38.485 33.433 45.379 39.321 52.260 30.223 0.194 51.072 70.038 68.998 69.963 52.942 0.000 0.000 0.000 16.647 39.641 0.000 0.000 21.734 36.709 31.671 58.626 69.577 69.536 65.499 65.463 65.427 66.391 65.354 65.317 65.279 59.240 34.199 36.157 34.113 29.067 40.020 40.973 43.930 0.857 45.759 81.700 51.620 69.536 30.422 16.317 28.249 84.172 72.118 44.076 38.041 40.009 33.980 27.953 25.929 23.912 0.000 31.844 39.831 47.815 54.798 63.783 52.768 32.753 26.740 27.726 27.713 27.701 27.689
53.746 42.686 42.631 38.579 45.527 42.474 45.416 69.328 56.309 39.290 60.204 69.151 68.109 67.075 47.055 0.000 0.000 0.000 0.000 0.000 0.000 0.000 27.683 36.660 47.621 63.581 65.541 65.504 65.469 65.434 65.400 65.366 65.331 65.295 65.258 65.219 51.177 41.134 34.088 27.038 30.986 30.931 35.870 54.789 40.724 75.658 61.583 68.503 75.414 61.330 66.258 75.192 51.137 52.091 38.052 37.018 28.986 25.958 26.932 28.908 42.881 48.853 66.833 65.815 64.798 63.781 63.765 53.750 31.736 26.722 27.709 27.696 27.684
44.850 32.786 34.728 46.673 43.622 43.575 13.539 0.000 48.393 74.360 69.305 68.255 70.211 52.174 38.147 22.163 0.000 0.000 0.000 0.000 0.000 0.000 33.655 50.627 62.574 65.536 65.502 65.469 65.438 65.406 65.375 65.342 65.309 65.275 65.238 65.200 66.158 60.114 52.066 44.013 41.957 44.896 35.830 52.759 31.691 73.623 6.552 27.478 62.402 34.329 25.262 81.201 45.147 49.100 47.059 28.023 25.990 26.960 26.933 34.907 55.881 66.856 63.834 63.815 63.796 60.779 59.763 57.747 56.732 30.718 26.704 26.692 26.679
34.945 31.881 44.820 44.764 39.713 59.666 13.626 22.597 62.510 69.453 68.400 68.351 68.307 44.263 44.197 55.180 0.000 0.000 0.000 0.000 0.000 0.000 0.000 0.576 59.510 71.488 66.462 65.434 65.406 65.378 65.350 65.320 65.289 65.256 65.221 65.184 65.143 66.098 67.048 63.992 63.931 66.865 46.797 52.727 26.658 67.591 3.524 5.456 58.388 28.323 38.261 72.203 53.150 45.103 49.062 26.025 26.991 25.961 27.932 37.906 58.880 59.856 64.834 63.813 58.794 55.776 59.759 64.743 63.728 52.713 33.699 32.686 31.674
31.038 44.971 45.909 33.852 44.798 65.749 58.703 64.657 70.596 68.542 68.491 68.444 65.403 49.374 0.000 0.000 0.000 0.000 0.000 0.000 0.000 0.000 0.000 0.000 4.462 16.444 57.422 66.399 65.376 65.351 65.326 65.299 65.270 65.240 65.207 67.172 66.132 66.087 65.036 66.977 65.911 65.839 55.764 53.692 30.625 42.560 72.496 51.434 59.373 28.313 56.257 50.201 53.147 41.101 35.060 27.024 26.990 26.959 34.931 39.903 40.878 45.854 53.831 51.811 52.791 63.773 63.755 63.739 63.723 64.708 58.694 54.681 52.668
46.124 46.056 34.993 30.935 45.880 64.829 70.779 69.730 68.678 68.627 68.578 69.531 60.488 53.457 0.000 0.000 0.000 0.000 0.000 0.000 0.000 0.000 0.000 0.000 13.433 33.404 60.384 66.366 65.346 65.325 65.303 65.279 65.254 65.227 67.197 67.163 67.126 59.083 64.031 66.970 69.896 67.814 61.728 57.655 45.589 29.527 77.468 60.410 62.355 27.302 73.251 37.196 18.136 35.093 26.055 27.019 25.987 34.956 40.927 39.900 39.875 38.851 31.828 27.807 57.787 63.768 63.750 63.734 63.718 63.703 64.688 64.674 64.661
43.204 34.136 32.073 30.014 46.959 66.907 68.856 68.807 68.758 68.710 68.662 70.614 49.560 47.508 0.000 0.000 0.000 0.000 0.000 0.000 0.000 0.000 0.000 0.000 0.000 47.354 66.346 65.333 65.318 65.301 65.283 65.262 67.240 66.216 66.189 66.160 60.126 38.086 54.036 63.977 14.889 5.794 39.680 46.609 55.549 42.493 63.438 81.385 66.334 33.288 75.252 0.000 11.109 24.080 27.047 27.013 28.981 38.951 36.922 37.896 39.870 42.846 36.823 37.802 53.782 63.763 63.745 63.728 63.712 63.696 63.682 63.668 63.655
34.279 32.212 37.150 42.091 57.035 68.982 68.932 68.884 68.837 68.793 68.749 69.702 56.631 0.000 0.000 0.000 0.000 0.000 0.000 32.215 0.000 11.217 0.000 0.000 0.000 22.314 57.311 64.303 65.293 65.279 65.264 65.247 67.228 65.207 65.185 65.161 49.134 45.100 7.050 9.013 0.000 0.000 24.589 31.553 53.506 39.457 44.407 87.358 70.310 49.263 59.216 9.157 54.110 31.073 27.039 27.006 28.974 37.944 48.916 48.890 50.864 56.840 51.818 62.796 63.776 63.757 63.739 63.721 63.705 63.690 63.675 63.661 63.648
35.350 32.284 39.222 58.164 69.109 69.056 69.006 68.959 68.915 68.874 68.839 74.813 0.000 0.000 0.000 0.000 0.000 0.000 32.214 44.215 31.216 46.217 42.219 0.000 12.259 44.276 51.280 62.277 65.270 65.260 65.247 66.233 65.217 65.201 65.183 61.165 50.147 55.132 0.000 0.000 0.000 8.527 41.533 33.508 51.465 27.421 29.376 77.331 76.285 68.239 54.193 54.145 43.102 38.064 27.029 26.997 26.966 36.937 58.909 65.883 64.857 64.834 56.811 63.790 63.769 63.750 63.732 63.714 63.698 63.682 63.668 63.654 63.640
33.417 31.353 46.292 66.234 70.179 69.127 69.078 69.032 68.989 68.951 68.920 75.900 0.000 0.000 0.000 0.000 0.000 0.000 21.214 41.215 41.216 40.217 43.221 27.229 35.242 43.252 43.256 60.255 66.250 65.242 65.232 65.221 65.209 65.195 66.182 58.168 54.157 48.149 0.000 0.000 0.000 1.518 5.510 33.481 52.425 29.385 25.346 64.304 81.260 78.215 59.171 38.128 37.088 38.052 29.018 25.986 26.956 29.928 40.900 60.874 63.850 63.826 55.803 63.782 63.762 63.742 63.724 63.707 63.690 63.675 63.660 63.646 63.632
32.481 34.418 54.358 70.301 69.247 69.196 69.147 69.101 69.059 69.021 70.990 68.966 0.000 0.000 0.000 0.000 0.000 0.000 7.214 46.214 52.215 57.216 48.218 47.223 41.230 37.235 48.238 62.237 65.233 65.227 68.219 66.211 65.201 65.190 65.180 60.171 52.163 47.159 22.161 0.000 0.000 0.000 0.000 0.000 44.371 30.349 26.318 59.280 90.236 71.191 50.148 41.108 43.071 41.037 36.005 24.974 26.945 25.917 29.891 48.865 63.841 63.817 55.795 63.774 63.753 63.734 63.716 63.698 63.682 63.666 63.651 63.637 63.624
32.543 42.481 62.422 70.365 69.312 69.262 69.213 69.167 69.124 70.086 68.052 56.009 40.009 0.000 0.000 0.000 0.000 0.000 9.213 47.214 56.214 56.213 60.213 62.215 45.219 44.221 59.222 65.221 65.218 65.214 66.208 65.201 65.193 65.186 65.178 63.172 51.166 52.163 46.163 0.000 0.000 0.000 0.000 0.000 30.338 30.323 24.297 69.260 57.215 63.165 33.123 53.086 47.052 40.020 39.990 30.961 25.933 26.906 25.880 37.855 60.831 62.808 56.786 63.765 64.744 63.725 63.707 63.689 63.673 63.657 63.643 63.628 63.615
