results3/res_3e8f-0034.wd
ncols         241
nrows         181
xllcorner     12693529.787448
yllcorner     3542525.717860
cellsize      155.156523
NODATA_value  -9999.000000
[rows 99 to 131 of 181, columns 75 to 149 of 241]
41.746 40.789 40.835 45.884 48.937 45.992 42.034 42.053 36.044 0.000 0.000 0.000 0.000 0.000 0.000 2.676 61.018 86.175 84.325 83.619 90.561 90.488 83.614 84.311 84.155 84.043 84.935 84.832 83.739 87.659 46.602 0.000 0.000 0.000 0.000 0.000 0.000 0.000 24.287 36.164 3.939 0.000 15.586 18.557 16.519 20.477 17.275 14.894 0.000 7.968 11.928 26.883 32.847 35.818 33.796 28.780 21.769 16.763 11.761 0.000 0.000 0.000 0.000 0.000 0.000 0.000 2.199 26.236 27.252 27.262 27.270 25.279 0.000 0.000 0.000
40.733 38.770 42.809 47.851 48.898 48.968 43.013 40.032 45.036 45.034 6.034 0.000 6.791 36.760 13.715 0.000 49.564 89.528 84.866 84.967 90.622 82.950 84.736 84.386 84.294 84.177 84.066 83.960 85.866 84.787 20.734 0.000 0.000 0.000 0.000 0.000 0.000 2.776 8.593 19.505 0.000 0.000 10.781 18.755 17.711 21.635 21.455 0.000 0.000 2.940 16.913 21.869 42.841 43.818 43.801 44.788 45.778 43.772 24.770 0.000 0.000 0.000 0.000 0.000 0.000 0.000 2.156 26.152 27.157 27.166 27.178 20.193 0.000 0.000 0.000
40.717 43.749 46.781 47.813 22.836 0.000 16.020 52.028 25.031 0.000 0.000 0.000 17.822 67.775 64.670 56.449 75.068 86.170 83.171 90.707 84.256 85.060 84.621 84.550 84.427 84.309 84.191 85.078 82.978 70.890 17.812 0.000 0.000 0.000 0.000 0.000 6.056 12.938 10.825 11.759 0.000 0.000 17.001 34.973 27.934 22.898 0.000 0.000 0.000 0.000 0.000 15.840 40.828 44.814 42.802 42.791 42.783 44.778 17.776 11.777 11.777 17.777 0.000 0.000 0.000 0.000 1.088 26.073 27.074 27.082 27.098 10.137 0.000 0.000 0.000
44.700 47.727 47.755 47.783 12.800 0.000 0.000 0.000 0.000 0.000 0.000 0.000 10.900 73.847 79.743 87.583 87.436 84.522 91.119 90.861 84.245 84.954 84.799 84.682 84.563 84.440 84.312 90.183 40.079 7.984 0.000 0.000 0.000 0.000 0.000 0.000 15.174 11.097 11.008 9.948 15.958 0.000 10.250 36.201 35.154 33.126 0.000 0.000 0.000 0.000 0.000 13.824 42.818 46.809 43.801 42.792 40.786 29.781 10.779 6.778 7.778 0.000 0.000 0.000 0.000 0.000 0.000 26.001 27.001 27.004 23.009 0.000 0.000 0.000 0.000
47.683 47.705 45.730 51.764 21.780 0.000 0.000 0.000 0.000 0.000 0.000 0.000 22.030 79.969 82.879 86.709 85.891 85.872 91.349 83.669 85.368 85.035 84.941 84.822 84.703 88.577 94.433 49.262 18.170 0.000 0.000 0.000 0.000 0.000 0.000 21.497 15.369 8.266 13.164 17.067 13.968 11.801 25.548 29.426 19.357 27.325 0.000 0.000 0.000 0.000 0.000 19.813 43.810 48.805 47.799 43.792 38.786 7.782 5.780 6.779 13.778 0.000 0.000 0.000 0.000 0.000 0.000 23.946 26.941 26.940 20.942 0.000 0.000 0.000 0.000
47.665 46.682 24.695 0.000 9.777 11.776 0.000 0.000 0.000 0.000 0.000 13.351 66.222 80.130 83.011 85.139 86.117 91.750 91.559 84.672 85.365 85.196 85.081 84.965 88.850 50.732 10.583 0.000 28.169 14.169 0.000 0.000 0.000 0.000 6.624 40.624 31.542 26.434 21.314 22.187 20.047 20.886 33.716 27.597 11.525 13.491 0.000 0.000 0.000 0.000 0.000 19.806 47.804 12.802 10.798 42.792 45.785 15.782 6.780 11.780 0.000 0.000 0.000 0.000 0.000 0.000 0.000 8.911 24.891 27.888 20.891 0.000 0.000 0.000 0.000
43.648 47.664 29.674 0.000 0.775 30.775 0.000 0.000 0.000 0.000 3.574 65.479 79.380 85.288 85.240 85.363 92.091 91.926 84.044 85.804 85.442 85.343 85.222 85.107 89.001 60.919 0.000 0.000 0.000 1.169 0.000 0.000 0.000 0.000 0.000 25.834 30.739 40.614 36.473 24.318 27.149 35.981 30.832 18.723 10.654 11.623 0.000 0.000 0.000 0.000 0.000 17.800 51.799 0.000 0.000 0.000 38.782 28.780 9.779 0.000 0.000 0.000 0.000 0.000 0.000 0.000 0.000 0.000 13.840 23.844 16.860 0.000 0.000 0.000 0.000
41.632 57.653 36.663 0.000 0.000 27.774 0.000 0.000 0.000 0.000 61.670 74.611 84.537 87.404 86.631 84.643 92.242 83.394 85.151 81.695 83.611 85.479 85.358 86.240 80.128 70.023 18.023 0.000 0.000 0.000 0.000 0.000 0.000 0.000 16.382 21.140 20.967 22.809 31.647 34.465 37.249 31.055 17.910 11.809 10.747 9.723 13.748 0.000 0.000 0.000 0.000 6.796 43.792 9.788 0.000 0.000 33.779 39.778 19.777 0.000 0.000 0.000 0.000 0.000 0.000 0.000 0.000 0.000 6.799 11.802 0.000 0.000 0.000 0.000 0.000
44.609 0.000 0.000 0.000 0.000 0.000 0.000 0.000 0.000 0.000 77.823 79.768 87.667 86.816 85.817 92.508 92.381 85.371 85.044 84.872 84.742 83.616 84.491 86.369 43.248 0.000 0.000 0.000 0.000 0.000 0.000 0.000 2.210 16.930 27.624 24.378 23.180 20.007 20.840 23.647 35.326 36.082 27.944 16.855 9.801 9.775 11.773 0.000 0.000 0.000 0.000 0.000 33.786 11.784 7.782 7.780 39.778 42.776 25.775 0.000 0.000 0.000 0.000 0.000 0.000 0.000 0.000 0.000 9.770 4.779 0.000 0.000 0.000 0.000 0.000
37.594 0.000 0.000 0.000 0.000 0.000 0.000 0.000 0.000 65.180 75.036 86.936 86.903 86.023 92.733 92.624 84.724 86.480 86.116 86.009 85.877 85.749 87.621 37.495 0.000 0.000 0.000 0.000 0.000 0.000 1.170 17.719 30.419 26.098 24.809 24.566 24.367 25.201 23.061 21.956 0.000 14.005 38.927 20.867 8.827 11.804 9.796 0.000 0.000 0.000 0.000 0.000 25.782 3.780 0.000 0.000 0.000 32.772 21.771 30.769 37.769 0.000 0.000 0.000 0.000 0.000 0.000 0.000 0.501 0.000 0.000 0.000 0.000 0.000 0.000
41.583 17.580 0.000 0.000 0.000 0.000 0.000 0.000 18.452 78.324 85.203 87.079 87.203 85.293 92.830 85.048 86.811 86.360 86.275 86.140 87.011 87.881 49.751 0.000 0.000 0.000 0.000 0.000 0.000 20.729 31.413 26.959 25.577 25.235 24.947 24.711 24.521 24.369 24.247 33.160 0.000 0.000 6.893 15.860 7.835 16.819 16.812 0.000 0.000 0.000 0.000 0.000 9.779 46.776 14.773 0.000 0.000 33.770 27.769 18.768 18.768 0.000 0.000 0.000 0.000 0.000 0.000 0.000 0.000 0.000 0.000 0.000 0.000 0.000 0.000
44.579 42.578 31.576 0.000 0.000 0.000 0.000 9.698 68.580 82.461 88.349 87.288 86.406 92.995 92.918 86.011 86.694 86.527 86.401 87.276 89.145 50.013 0.000 0.000 0.000 0.000 0.000 7.786 18.520 30.045 26.611 26.127 22.694 22.320 22.031 22.810 24.639 24.506 27.397 4.278 0.000 0.000 0.000 11.844 10.834 28.825 24.820 0.000 0.000 0.000 0.000 0.000 0.000 38.771 50.770 7.768 33.767 47.768 39.768 15.767 8.767 0.000 0.000 0.000 0.000 0.000 0.000 0.000 0.000 0.000 0.000 0.000 0.000 0.000 0.000
46.576 36.576 43.575 35.574 0.000 0.000 2.926 69.817 78.706 88.604 87.436 87.656 85.640 93.060 85.337 87.112 86.756 86.656 87.532 88.417 42.281 0.000 0.000 0.000 0.000 0.000 20.345 31.052 28.729 27.321 28.858 28.246 33.753 38.318 33.049 25.860 19.720 23.619 29.556 0.000 0.000 0.000 0.000 14.838 15.832 37.827 25.824 0.000 0.000 0.000 0.000 0.000 0.000 33.769 42.768 47.767 43.767 43.767 47.766 31.766 10.766 11.765 0.000 0.000 0.000 0.000 0.000 0.000 0.000 0.000 0.000 0.000 0.000 0.000 0.000
14.575 65.574 28.574 0.000 0.000 8.125 68.034 72.937 86.842 87.687 87.910 85.786 93.151 85.625 87.421 86.980 86.906 87.779 84.658 39.578 0.000 0.000 0.000 0.000 0.000 22.921 30.638 28.347 28.024 31.653 6.256 0.000 0.000 3.152 28.987 30.861 31.763 23.692 24.654 0.000 0.000 0.000 0.000 0.000 13.829 20.827 19.826 0.000 0.000 0.000 0.000 0.000 0.000 24.766 37.766 42.766 43.765 44.765 40.766 36.765 21.765 9.764 13.764 19.763 0.000 0.000 0.000 0.000 0.000 0.000 0.000 0.000 0.000 0.000 0.000
0.000 66.574 53.573 0.000 0.000 15.215 76.149 84.065 87.948 89.081 89.056 93.527 93.294 86.590 87.293 87.139 87.025 81.906 71.741 22.659 0.000 0.000 0.000 11.656 20.503 32.203 28.941 28.675 32.368 10.010 0.000 0.000 0.000 0.000 26.885 23.833 27.778 33.734 33.713 11.725 0.000 0.000 0.000 0.000 15.828 9.827 16.826 0.000 0.000 0.000 0.000 0.000 0.000 11.765 28.765 42.764 37.764 30.764 32.765 0.000 18.764 27.764 20.763 16.763 0.000 0.000 0.000 0.000 0.000 0.000 0.000 0.000 0.000 0.000 0.000
0.000 0.000 43.573 0.000 3.484 69.372 81.284 88.197 88.151 88.271 93.943 93.741 85.916 87.697 87.347 87.260 80.157 46.078 0.000 0.000 0.000 0.000 29.961 23.810 31.649 29.448 29.249 30.042 7.764 0.000 0.000 0.000 0.000 0.000 29.834 23.811 23.781 25.754 29.740 31.738 0.000 0.000 0.000 0.000 0.000 15.827 0.000 0.000 0.000 0.000 0.000 0.000 0.000 7.763 18.763 25.763 17.763 14.763 0.000 0.000 0.000 11.763 15.763 24.763 0.000 0.000 0.000 0.000 0.000 0.000 0.000 0.000 0.000 0.000 0.000
0.000 0.000 0.000 3.683 72.596 77.504 88.424 88.292 89.517 89.536 94.131 86.253 88.013 87.562 87.485 77.367 66.266 30.172 0.000 0.000 0.000 24.251 46.113 30.975 22.835 30.691 28.565 31.482 1.504 0.000 0.000 0.000 0.000 18.801 25.806 24.796 24.779 21.763 17.753 19.749 0.000 0.000 0.000 0.000 0.000 22.826 0.000 0.000 0.000 0.000 0.000 0.000 0.000 9.762 8.762 7.762 5.762 11.762 0.000 0.000 0.000 0.000 9.763 27.763 0.000 0.000 0.000 0.000 0.000 0.000 0.000 0.000 0.000 0.000 0.000
0.000 0.000 0.000 75.771 74.710 88.636 88.532 89.679 89.697 94.470 94.306 87.221 88.887 86.711 72.577 61.468 35.367 0.000 0.000 0.000 18.515 36.390 36.265 43.142 31.024 20.917 26.839 36.821 39.928 3.025 0.000 0.000 0.000 30.795 24.794 24.788 23.778 19.767 13.760 14.756 0.000 0.000 0.000 0.000 0.000 0.000 0.000 0.000 0.000 0.000 0.000 0.000 0.000 11.762 5.761 6.761 6.761 8.761 0.000 0.000 0.000 0.000 0.000 17.763 0.000 0.000 0.000 0.000 0.000 0.000 0.000 0.000 0.000 0.000 0.000
0.000 0.000 15.014 75.919 87.842 88.766 89.732 91.873 94.776 94.626 86.567 88.309 84.941 73.822 62.652 34.560 0.000 0.000 0.000 20.756 41.642 27.527 19.414 33.305 45.202 33.114 36.051 37.036 24.073 30.122 9.171 0.000 0.000 22.791 18.789 25.784 20.776 12.769 11.763 15.759 0.000 0.000 0.000 0.000 0.000 0.000 0.000 0.000 0.000 0.000 0.000 0.000 0.000 0.000 8.760 6.760 6.760 6.759 14.759 0.000 0.000 0.000 0.000 0.000 0.000 0.000 0.000 0.000 0.000 0.000 0.000 0.000 0.000 0.000 0.000
0.000 0.000 58.109 84.047 89.980 88.858 89.092 87.136 94.918 86.881 88.627 83.177 72.090 46.952 0.000 0.000 0.000 0.000 20.963 41.870 28.769 17.664 17.560 19.460 30.368 45.285 36.217 21.200 29.207 31.218 5.220 0.000 0.000 47.788 34.786 23.782 17.776 13.769 10.763 11.760 5.759 0.000 0.000 0.000 0.000 0.000 0.000 0.000 0.000 0.000 0.000 0.000 0.000 0.000 10.759 6.759 6.759 6.759 8.758 0.000 0.000 0.000 0.000 0.000 0.000 0.000 0.000 0.000 0.000 0.000 0.000 0.000 0.000 0.000 0.000
0.000 61.371 58.267 64.189 79.089 90.241 87.277 95.183 95.054 87.825 83.494 72.331 51.207 0.000 0.000 3.004 0.000 0.000 46.058 28.991 17.900 18.800 17.702 20.609 34.524 43.441 44.333 28.340 24.337 35.324 9.272 0.000 0.000 0.000 0.000 0.000 0.000 0.000 14.760 21.759 22.758 8.757 0.000 0.000 0.000 0.000 0.000 0.000 0.000 0.000 0.000 0.000 0.000 0.000 10.759 9.759 12.759 7.758 4.758 13.757 0.000 0.000 0.000 0.000 0.000 0.000 0.000 0.000 0.000 0.000 0.000 0.000 0.000 0.000 0.000
0.660 62.475 59.401 60.322 70.288 86.434 95.429 95.307 87.137 83.884 71.538 45.446 0.000 0.000 20.025 19.004 0.951 0.000 34.218 18.138 19.038 17.936 18.839 33.751 39.676 3.625 0.000 46.489 32.478 10.469 0.000 0.000 0.000 0.000 0.000 0.000 0.000 0.000 32.758 26.758 23.757 19.757 0.000 0.000 0.000 0.000 0.000 0.000 0.000 0.000 0.000 0.000 0.000 0.000 7.758 0.000 0.000 0.000 7.757 11.757 0.000 0.000 0.000 0.000 0.000 0.000 0.000 0.000 0.000 0.000 0.000 0.000 0.000 0.000 0.000
63.773 60.637 58.547 59.416 60.645 64.693 95.545 86.408 82.150 71.724 45.666 0.000 0.000 0.000 24.047 21.999 41.889 25.711 18.459 19.305 18.180 21.068 40.967 37.879 18.807 14.756 19.739 47.651 44.616 8.605 0.000 0.000 0.000 0.000 0.000 0.000 0.000 0.000 39.757 39.757 34.756 25.756 0.000 0.000 0.000 0.000 0.000 0.000 0.000 0.000 0.000 0.000 0.000 10.757 12.757 0.000 0.000 0.000 10.757 11.757 0.000 0.000 0.000 0.000 0.000 0.000 0.000 0.000 0.000 0.000 0.000 0.000 0.000 0.000 0.000
87.853 79.762 64.650 65.793 57.827 95.766 95.657 65.305 69.959 45.844 0.000 0.000 0.000 0.000 26.117 39.056 36.943 18.785 18.602 18.444 29.308 41.188 30.083 18.991 18.915 18.856 19.810 28.759 46.731 42.731 3.779 0.000 0.000 0.000 0.000 0.000 0.000 0.000 25.756 27.756 39.756 40.756 0.000 0.000 0.000 0.000 0.000 0.000 0.000 0.000 0.000 0.000 2.756 12.756 0.000 0.000 0.000 0.000 11.756 9.756 0.000 0.000 0.000 0.000 0.000 0.000 0.000 0.000 0.000 0.000 0.000 0.000 0.000 0.000 0.000
89.964 89.880 84.838 74.980 95.976 95.871 57.494 52.272 0.000 0.000 0.000 0.000 0.000 0.000 37.248 42.166 18.040 19.886 19.719 31.562 40.421 22.295 19.184 19.088 19.007 18.941 18.888 18.844 27.816 47.810 40.827 14.854 5.864 9.867 0.000 0.000 0.000 0.000 0.000 5.756 45.755 45.755 6.755 0.000 0.000 0.000 0.000 0.000 0.000 0.000 0.000 0.000 0.000 0.000 0.000 0.000 0.000 0.000 0.000 18.756 0.000 0.000 0.000 0.000 0.000 0.000 0.000 0.000 0.000 0.000 0.000 0.000 0.000 0.000 0.000
90.085 89.957 94.185 85.230 96.078 57.597 60.273 55.010 0.000 0.000 0.000 0.000 0.000 30.617 42.461 19.321 20.166 19.998 27.827 40.665 18.518 19.387 19.272 19.171 19.085 19.014 18.957 18.912 18.882 22.866 23.865 18.870 19.873 26.870 8.869 0.000 0.000 0.000 0.000 0.000 0.754 36.754 0.000 0.000 0.000 0.000 0.000 0.000 0.000 0.000 0.000 0.000 0.000 0.000 0.000 0.000 0.000 0.000 0.000 0.000 0.000 0.000 0.000 0.000 0.000 0.000 0.000 0.000 0.000 0.000 0.000 0.000 0.000 0.000 0.000
90.176 91.325 88.358 96.276 96.177 62.245 46.644 0.000 0.000 0.000 0.000 0.000 0.000 47.775 24.656 20.492 20.306 22.113 42.926 22.754 19.600 19.464 19.344 19.239 19.148 19.073 19.013 18.966 18.932 17.909 16.896 19.890 1.887 0.000 0.000 0.000 0.000 0.000 0.000 0.000 0.000 29.753 17.753 0.000 0.000 0.000 0.000 0.000 0.000 0.000 0.000 0.000 0.000 0.000 0.000 0.000 0.000 0.000 0.000 0.000 0.000 0.000 0.000 0.000 0.000 0.000 0.000 0.000 0.000 0.000 0.000 0.000 0.000 0.000 0.000
69.357 65.504 96.470 96.373 73.800 54.948 45.814 0.000 0.000 0.000 0.000 0.000 0.000 23.051 18.897 18.686 17.452 30.223 23.012 16.823 17.663 17.525 17.403 17.292 18.196 19.118 19.056 19.009 17.972 15.943 17.920 17.906 14.900 4.900 7.899 9.898 8.897 10.897 0.000 0.000 0.000 0.000 26.753 0.000 0.000 0.000 0.000 0.000 0.000 0.000 0.000 0.000 0.000 0.000 0.000 0.000 0.000 0.000 0.000 0.000 0.000 0.000 0.000 0.000 0.000 0.000 0.000 0.000 0.000 0.000 0.000 0.000 0.000 0.000 0.000
67.702 97.750 96.565 56.396 46.967 0.000 61.126 19.273 0.000 0.000 0.000 0.000 66.802 45.480 16.195 23.904 34.594 33.316 29.074 26.865 26.704 26.571 25.451 19.330 15.225 19.146 19.086 19.040 18.004 17.971 21.935 21.916 22.906 32.902 32.900 28.898 21.897 20.897 0.000 0.000 0.000 0.000 0.000 0.000 0.000 0.000 0.000 0.000 0.000 0.000 0.000 0.000 0.000 0.000 0.000 0.000 0.000 0.000 0.000 0.000 0.000 0.000 0.000 0.000 0.000 0.000 0.000 0.000 0.000 0.000 0.000 0.000 0.000 0.000 0.000
105.300 96.740 96.655 84.495 0.000 28.271 56.271 129.421 104.853 0.000 13.124 3.124 65.125 24.874 22.499 94.142 84.703 80.374 80.102 78.860 77.717 76.606 75.499 46.353 13.230 19.155 19.103 19.063 19.032 11.001 0.000 0.000 0.000 0.000 0.000 0.000 0.000 37.896 16.895 0.000 0.000 0.000 0.000 0.000 0.000 0.000 0.000 0.000 0.000 0.000 0.000 0.000 0.000 0.000 0.000 0.000 0.000 0.000 0.000 0.000 0.000 0.000 0.000 0.000 0.000 0.000 0.000 0.000 0.000 0.000 0.000 0.000 0.000 0.000 0.000
96.897 96.820 81.069 0.000 0.000 0.000 0.083 50.286 38.286 0.000 0.000 0.000 24.699 21.392 30.785 86.463 0.000 0.000 0.000 22.756 31.698 92.636 5.587 0.000 23.186 19.142 19.106 20.079 2.059 0.000 0.000 0.000 0.000 0.000 0.000 0.000 0.000 0.000 37.895 0.000 0.000 0.000 0.000 0.000 0.000 0.000 0.000 0.000 0.000 0.000 0.000 0.000 0.000 0.000 0.000 0.000 0.000 0.000 0.000 0.000 0.000 0.000 0.000 0.000 0.000 0.000 0.000 0.000 0.000 0.000 0.000 0.000 0.000 0.000 0.000
96.969 105.576 107.419 27.707 0.000 5.152 32.152 42.150 19.718 0.000 17.687 63.299 61.580 54.211 0.000 5.463 0.000 0.000 5.710 33.710 78.684 41.652 6.627 0.000 0.000 25.122 19.102 20.087 1.076 0.000 0.000 0.000 0.000 0.000 0.000 0.000 0.000 0.000 0.000 0.000 0.000 0.000 0.000 0.000 0.000 0.000 0.000 0.000 0.000 0.000 0.000 0.000 0.000 0.000 0.000 0.000 0.000 0.000 0.000 0.000 0.000 0.000 0.000 0.000 0.000 0.000 0.000 0.000 0.000 0.000 0.000 0.000 0.000 0.000 0.000
97.036 86.090 28.852 0.000 0.000 0.000 0.000 19.445 0.000 0.000 11.075 54.631 108.112 43.661 0.000 0.000 0.000 0.000 0.000 47.690 82.677 12.660 9.644 0.000 0.000 0.000 24.092 18.087 16.083 14.083 2.082 0.000 0.000 0.000 0.000 0.000 0.000 0.000 0.000 0.000 0.000 0.000 0.000 0.000 0.000 0.000 0.000 0.000 0.000 0.000 0.000 0.000 0.000 0.000 0.000 0.000 0.000 0.000 0.000 0.000 0.000 0.000 0.000 0.000 0.000 0.000 0.000 0.000 0.000 0.000 0.000 0.000 0.000 0.000 0.000
