results3/res_3e8f-0072.wd
ncols         241
nrows         181
xllcorner     12693529.787448
yllcorner     3542525.717860
cellsize      155.156523
NODATA_value  -9999.000000
[rows 128 to 159 of 181, columns 0 to 73 of 241]
63.093 63.093 63.093 63.092 63.091 63.091 62.089 75.088 81.087 65.085 63.083 63.081 63.078 63.076 63.073 63.069 63.066 63.062 63.058 69.054 40.050 0.000 0.000 0.000 0.000 21.650 36.651 58.654 66.639 70.607 44.545 20.461 55.345 93.181 91.055 70.958 52.871 10.849 0.000 46.765 63.770 62.778 65.789 60.803 69.821 92.844 89.881 34.955 0.000 15.119 0.000 0.000 0.000 0.000 0.000 0.000 0.000 0.000 0.000 0.000 0.000 0.000 0.000 0.000 0.000 0.000 0.000 0.000 0.000 0.000 74.201 130.147 113.082 134.991
60.098 61.098 62.098 62.097 63.096 63.095 61.094 76.093 79.091 62.089 63.087 63.085 63.082 63.079 63.076 63.072 63.068 63.063 63.058 63.052 69.045 49.038 0.007 0.000 0.000 0.000 0.000 34.679 65.660 61.624 64.568 68.492 80.394 97.276 81.164 49.061 0.000 0.000 0.000 45.890 62.890 65.892 78.898 64.908 74.923 75.945 94.978 99.028 82.090 32.119 0.000 0.000 0.000 0.000 0.000 0.000 0.000 0.000 0.000 0.000 0.000 0.000 0.000 0.000 0.000 0.000 0.000 0.000 0.000 60.424 70.330 71.256 74.187 93.162
81.103 76.103 71.103 69.102 65.101 61.100 61.099 76.097 79.096 61.094 63.091 63.089 63.086 63.083 63.079 63.075 62.070 61.065 62.058 62.051 62.042 68.030 45.014 22.001 0.000 0.000 0.000 33.724 71.699 65.660 60.609 73.544 96.464 90.366 58.265 0.000 0.000 0.000 0.000 44.016 62.007 67.002 74.002 69.008 74.019 73.035 86.059 80.090 73.124 46.147 1.174 0.000 0.000 0.000 0.000 0.000 0.000 0.000 0.000 0.000 0.000 0.000 0.000 0.000 7.236 0.000 0.000 3.598 37.598 65.518 134.436 98.368 130.251 113.923
101.109 100.108 96.108 91.107 87.107 82.106 77.104 73.103 68.101 62.099 63.096 63.094 63.091 63.087 62.083 64.078 70.073 75.067 74.060 72.051 66.041 61.027 65.010 70.989 34.954 15.915 19.865 53.794 76.750 67.710 63.665 86.613 98.550 54.458 0.000 0.000 0.000 7.250 14.223 48.150 61.121 66.107 82.102 72.103 65.108 58.118 64.132 82.150 79.169 85.185 4.200 0.000 0.000 0.000 0.000 0.000 0.000 0.000 0.000 0.000 0.000 0.000 0.000 0.000 4.237 0.000 0.000 0.000 72.678 63.613 73.542 96.434 72.605 112.060
92.114 97.114 101.114 101.113 103.112 103.111 97.110 88.108 74.106 63.104 62.102 63.099 62.096 61.092 66.088 80.083 91.077 96.071 96.063 93.054 85.042 76.028 67.011 60.989 65.960 67.925 66.885 67.839 65.799 60.763 74.728 97.694 64.666 0.000 0.000 0.000 4.285 56.277 68.270 65.242 67.219 73.202 91.195 77.193 61.194 60.197 60.202 72.209 93.216 34.223 7.230 2.246 0.000 0.000 0.000 0.000 0.000 0.000 0.000 0.000 0.000 0.000 0.000 0.000 24.237 4.156 8.076 48.973 71.824 75.720 75.608 85.692 113.154 103.502
70.120 72.120 75.120 81.119 91.118 97.117 102.116 102.114 95.112 81.110 70.107 64.104 68.101 75.097 88.093 103.088 102.082 99.076 99.068 102.058 102.047 98.033 86.017 73.996 65.971 60.942 61.910 60.876 61.844 69.815 91.789 99.768 11.754 0.000 0.000 0.000 14.294 42.302 60.336 69.330 70.310 67.287 68.284 78.281 73.278 66.274 70.270 78.267 91.264 32.261 18.251 24.262 4.271 0.000 0.000 0.000 0.000 0.000 0.000 0.000 0.000 0.000 0.000 0.000 6.317 0.000 56.101 78.019 73.895 82.863 73.923 113.282 102.038 103.550
62.127 62.126 62.126 64.125 69.125 73.123 80.122 89.120 97.118 100.116 94.114 92.111 94.107 97.103 96.099 89.094 80.089 78.082 78.074 83.065 89.054 96.041 99.026 98.008 86.987 76.963 71.937 69.911 78.887 94.865 95.847 81.834 14.829 0.000 0.000 0.000 0.000 0.000 43.444 70.430 49.405 37.354 52.371 67.370 82.362 86.351 88.338 89.324 85.313 12.305 0.000 27.279 24.281 12.284 18.285 12.285 0.000 0.000 0.000 0.000 0.000 0.000 40.547 10.493 76.397 98.329 131.178 87.147 82.195 63.148 99.209 103.716 103.619 112.342
63.133 63.133 63.133 63.132 62.131 61.130 63.129 68.127 74.125 84.123 94.120 96.117 89.114 79.110 73.106 65.101 61.096 61.089 61.082 63.073 68.063 74.052 81.038 93.022 98.005 99.985 98.965 94.945 97.927 90.911 72.899 64.893 43.898 1.926 0.000 0.000 0.000 0.000 36.566 69.542 12.524 0.000 45.476 70.465 89.450 97.430 83.406 86.379 72.357 30.343 0.000 54.293 23.290 15.287 26.286 26.285 0.000 0.000 0.000 0.000 0.000 27.657 46.600 119.538 148.456 131.334 114.884 113.825 105.493 104.131 104.001 103.864 69.087 114.001
63.140 63.140 63.140 63.139 63.138 63.137 63.136 62.134 62.132 65.130 71.127 70.124 66.121 62.117 62.113 62.109 63.104 63.098 63.091 63.083 62.074 61.064 63.052 69.039 76.024 85.009 92.993 88.978 77.964 65.953 61.945 66.941 74.944 50.955 28.961 28.945 14.906 15.834 51.711 72.648 22.626 4.639 64.591 96.565 98.542 77.514 80.478 79.430 67.393 56.367 7.339 35.311 9.301 0.000 10.285 0.000 0.188 0.000 0.000 0.000 0.000 8.716 71.659 77.575 73.558 74.714 72.685 104.477 104.368 104.254 71.445 74.220 76.088 77.749
63.147 63.147 63.147 63.146 63.145 63.144 63.143 63.142 63.140 63.137 62.135 62.132 62.128 63.125 63.121 63.117 63.113 63.108 63.102 63.095 63.087 63.078 63.068 62.057 61.045 62.033 66.021 64.009 62.999 66.991 69.986 68.983 66.984 68.986 68.984 65.969 65.938 69.885 44.798 30.713 19.694 37.699 82.684 96.664 76.639 69.607 68.561 48.470 44.419 7.393 0.000 0.000 0.000 0.485 0.000 0.000 4.190 19.163 34.114 4.044 17.957 80.802 87.785 85.853 83.835 84.913 104.680 104.581 85.701 92.489 85.340 91.109 82.948 61.886
63.155 63.155 63.154 63.154 63.153 63.152 63.151 63.149 63.148 63.146 63.143 63.140 63.136 63.133 63.129 63.126 63.123 63.118 63.113 62.107 69.100 71.093 63.085 62.076 61.066 62.057 64.048 67.039 70.032 69.027 64.024 65.022 72.022 75.022 71.019 65.010 61.992 70.970 1.956 0.000 4.737 77.780 86.782 73.766 65.742 85.714 31.690 0.000 0.000 0.000 0.000 0.000 0.000 0.486 0.000 0.000 29.217 71.185 100.136 61.068 93.947 102.099 99.058 98.146 104.960 104.870 104.777 97.791 99.665 99.361 98.220 97.149 15.063 0.000
63.162 63.162 63.162 63.162 63.161 63.160 63.159 63.158 63.156 63.154 66.151 66.148 64.144 68.140 66.137 63.136 63.133 63.130 62.126 60.121 71.115 79.109 65.102 62.095 64.088 67.081 69.074 68.068 65.064 67.061 72.060 74.060 75.061 75.062 70.061 64.058 73.052 92.046 11.049 0.000 0.000 51.903 74.896 71.878 75.850 95.817 29.794 0.000 0.000 0.000 0.000 0.000 0.000 1.487 0.000 27.332 79.279 95.224 98.151 103.146 100.307 97.295 105.204 105.126 105.045 97.110 97.892 98.763 98.441 98.411 91.341 68.245 0.000 0.000
63.170 63.170 63.170 63.170 63.169 63.169 63.168 63.167 63.165 64.163 71.161 71.157 48.153 16.146 37.145 67.146 61.145 64.142 70.139 73.135 73.130 69.125 65.120 66.114 69.109 68.104 67.100 69.096 73.094 73.094 75.094 74.096 65.099 60.103 62.106 75.108 94.111 104.115 26.121 0.000 0.000 27.033 83.022 85.001 91.964 90.908 26.876 0.000 0.000 0.000 0.000 0.000 0.000 5.487 31.454 75.394 97.309 100.321 99.407 99.407 98.497 105.351 105.279 97.322 98.120 98.979 98.764 98.617 98.572 90.504 82.461 0.000 0.000 0.000
63.178 63.178 63.178 63.178 63.178 63.177 63.177 63.176 63.175 65.173 74.171 85.168 61.164 0.000 4.151 52.157 78.158 70.156 68.153 68.150 66.146 65.142 67.138 69.134 67.130 63.127 65.124 77.123 79.123 69.125 63.128 60.132 60.138 65.144 79.151 95.159 92.169 76.181 48.201 16.239 10.234 54.175 83.156 65.139 56.096 47.977 12.927 0.000 0.000 0.000 0.000 0.000 0.000 24.522 75.488 97.398 99.589 98.578 98.685 105.557 105.491 105.422 97.388 99.269 98.979 98.852 98.795 98.720 92.643 79.578 69.540 0.000 0.000 0.000
63.187 63.187 63.186 63.186 63.186 63.186 63.186 63.185 63.185 65.184 75.182 62.179 18.172 0.191 0.000 20.175 74.173 66.171 68.168 67.165 65.162 68.159 69.156 66.153 63.150 59.148 69.148 83.148 70.150 60.154 61.160 66.167 76.175 87.185 98.196 91.208 69.223 64.240 83.261 90.283 91.288 95.278 70.291 31.301 3.304 0.000 0.000 0.000 0.000 0.000 0.000 0.000 29.636 75.566 97.580 99.764 98.780 105.739 105.681 105.621 97.662 98.458 99.344 99.041 99.024 98.962 98.885 99.792 87.710 58.623 47.582 5.582 0.000 0.000
62.195 62.195 63.195 63.195 63.195 63.195 63.195 63.195 63.195 66.195 76.195 47.194 0.000 6.210 44.205 46.194 63.189 65.186 53.183 35.181 73.178 68.176 64.174 63.172 61.170 63.169 79.170 82.172 64.176 67.183 79.191 88.201 97.212 95.225 83.239 69.256 62.275 78.297 82.320 70.343 51.357 49.357 37.427 17.472 6.515 0.786 0.000 19.134 14.134 0.000 0.000 23.724 75.738 98.834 99.850 97.959 105.850 105.795 97.832 98.641 99.515 99.320 99.196 99.170 99.116 99.063 101.991 65.855 45.783 0.000 0.000 0.000 0.000 0.000
71.204 69.204 66.203 64.203 61.204 61.205 61.205 61.206 60.206 65.206 77.207 60.209 41.216 49.215 67.212 63.207 60.203 66.200 61.198 48.196 68.194 62.193 61.191 61.190 63.189 77.189 85.191 51.194 43.200 93.209 98.220 93.233 82.247 72.263 64.280 60.301 71.324 83.351 51.381 26.412 9.439 0.532 17.587 16.646 6.746 7.937 11.068 39.134 23.134 0.000 0.000 55.976 98.001 97.119 106.005 105.955 105.903 97.873 99.762 99.485 99.376 99.343 101.298 96.245 98.213 99.184 110.160 0.000 0.000 0.000 0.000 0.000 0.000 0.000
72.214 74.213 80.211 81.211 81.213 78.214 79.215 78.216 77.217 77.217 79.218 62.220 66.223 65.223 62.221 65.219 65.216 64.214 69.213 71.212 65.211 59.210 61.209 63.208 77.208 82.208 71.210 65.214 74.221 97.233 80.248 71.264 63.280 61.298 63.319 62.343 76.371 85.402 49.439 25.484 13.543 15.640 18.696 10.777 11.886 18.021 20.134 13.201 0.000 0.000 34.222 76.225 106.143 106.099 106.053 98.114 98.916 99.811 99.518 99.512 100.467 100.420 73.373 51.308 86.305 100.299 105.307 45.365 0.000 0.000 0.000 0.000 0.000 0.000
65.224 59.222 12.216 14.216 23.222 70.224 67.226 67.227 67.227 71.228 80.229 61.231 62.232 61.232 64.232 68.231 69.229 67.228 66.228 69.227 70.227 67.226 61.226 78.226 84.226 75.226 81.226 98.230 95.238 77.253 65.275 61.294 63.312 63.332 62.354 67.381 83.413 85.449 77.491 80.542 51.607 13.691 5.778 4.882 17.000 24.127 14.244 11.336 3.372 29.467 77.420 106.224 106.185 98.263 99.069 99.951 99.762 99.646 99.628 100.579 98.536 92.494 17.471 0.000 68.403 103.398 100.404 99.423 0.000 0.000 0.000 0.000 0.000 0.000
63.236 55.236 0.000 0.000 5.235 66.236 62.237 62.237 62.238 66.239 80.240 58.241 62.242 66.243 68.243 69.243 66.242 63.242 61.242 63.242 73.243 86.243 81.244 82.244 59.244 53.242 105.239 91.241 58.248 18.268 38.303 66.325 63.343 63.363 65.386 58.414 42.450 32.490 44.534 84.586 60.653 13.740 8.845 3.972 13.104 18.243 12.382 17.501 17.596 55.636 106.284 97.458 101.193 100.094 99.906 99.794 99.769 99.731 100.687 100.648 65.606 41.549 27.546 30.550 81.504 102.488 98.487 89.500 7.532 0.000 0.000 0.000 0.000 0.000
63.249 63.251 46.257 0.000 6.247 67.247 63.248 63.248 62.249 63.250 78.251 65.252 68.253 70.253 69.254 64.255 61.255 62.256 62.256 61.257 71.259 94.260 90.262 77.263 70.263 61.261 37.248 26.245 13.247 0.000 19.346 68.358 63.373 65.392 48.412 22.437 7.486 4.526 46.568 63.616 32.680 4.770 7.891 13.056 20.204 16.357 10.540 3.734 7.077 54.902 106.358 100.346 100.104 99.924 99.907 99.870 99.827 99.787 97.751 88.717 21.693 0.000 38.613 97.601 102.577 100.562 94.556 84.559 2.563 0.000 0.000 0.000 0.000 0.000
60.260 62.261 59.263 0.000 2.258 67.258 62.259 60.259 62.260 66.260 70.261 69.262 69.263 67.265 61.266 62.267 62.268 63.269 63.271 68.272 86.274 85.277 78.280 87.283 85.286 56.289 0.000 0.000 0.000 0.000 17.378 68.387 63.401 66.418 37.434 0.000 33.531 59.559 79.596 48.631 0.682 0.000 0.000 2.215 12.296 12.443 12.661 7.087 4.467 106.568 106.466 99.256 100.098 99.997 99.961 99.921 99.882 101.845 86.810 69.779 29.755 5.742 53.691 83.663 92.641 101.626 90.618 79.616 1.619 0.000 0.000 0.000 0.000 0.000
67.269 65.270 54.271 0.000 53.270 61.270 63.270 67.270 68.271 69.271 67.272 68.273 66.274 62.276 62.278 63.279 63.281 62.283 64.285 87.287 86.290 68.293 81.297 79.303 83.309 81.320 44.340 0.374 9.399 39.402 44.401 64.410 63.425 63.445 58.472 50.516 67.549 66.584 60.625 82.673 30.728 0.000 0.000 6.239 11.322 9.455 10.626 34.870 59.329 106.662 101.593 101.332 101.070 100.054 100.013 99.974 100.935 98.899 53.865 30.833 42.806 43.780 97.747 99.720 79.699 89.683 84.673 57.670 22.673 0.000 0.000 0.000 0.000 0.000
68.278 69.279 66.281 54.285 68.282 68.281 68.281 69.281 69.281 70.282 82.282 64.283 62.285 62.288 63.290 63.292 63.294 64.296 78.298 89.301 64.305 68.309 95.314 87.321 75.329 78.341 81.358 65.381 70.397 85.407 78.415 66.427 59.444 59.466 70.493 86.528 73.563 45.602 17.649 72.707 61.791 10.920 14.046 19.181 15.296 6.429 8.538 49.848 102.103 106.746 98.573 101.219 102.145 100.104 100.065 100.025 92.987 82.951 39.916 10.884 19.854 20.826 81.797 123.772 104.750 80.734 72.723 51.717 60.715 13.715 0.000 0.000 3.848 24.848
73.285 73.287 69.289 69.291 69.291 70.291 70.292 66.292 63.292 62.292 25.292 15.290 66.297 63.300 63.302 63.304 62.306 65.309 89.312 75.315 60.319 66.324 83.330 100.337 95.346 92.357 90.371 86.387 82.401 81.414 89.426 86.440 80.458 76.480 79.507 83.539 45.574 9.614 8.659 24.717 20.810 5.923 15.038 25.143 21.254 12.396 5.568 48.817 106.904 106.827 101.471 103.307 100.192 100.157 101.116 97.076 81.038 74.001 79.966 85.933 69.902 91.872 106.844 123.819 132.797 116.780 78.767 83.759 58.755 0.000 0.000 0.000 0.000 0.000
12.291 13.296 73.298 68.300 68.301 63.302 60.302 62.303 57.304 10.304 10.303 0.000 67.311 63.313 63.314 63.316 63.319 81.322 88.325 61.329 63.333 63.338 66.344 72.351 74.360 74.370 70.382 73.395 89.408 82.421 73.434 76.449 83.469 87.491 90.516 87.546 62.581 27.619 10.659 9.690 0.000 0.000 10.039 19.100 3.177 0.000 18.741 78.980 106.978 98.826 102.539 102.272 100.252 100.207 101.166 96.126 83.087 49.050 56.014 98.980 109.948 141.917 132.888 104.862 92.839 109.821 88.806 82.797 57.792 0.000 0.000 0.000 0.000 0.000
0.000 8.309 22.305 77.310 62.311 60.312 62.313 62.314 63.315 10.317 1.320 56.327 64.325 63.325 63.327 63.329 65.331 89.334 74.337 60.341 63.346 63.351 63.357 62.364 62.373 62.382 61.393 68.404 97.415 76.427 7.439 15.455 27.477 78.497 88.521 72.549 77.583 64.624 16.665 13.696 0.000 3.927 16.980 9.040 0.000 0.000 36.892 107.122 107.051 101.708 103.439 99.343 100.300 100.257 100.215 100.174 87.135 50.097 65.060 102.025 97.992 131.960 126.930 95.902 100.878 86.857 67.841 85.830 63.825 0.000 0.000 0.000 0.000 0.000
61.331 57.325 0.000 69.322 79.322 80.323 61.324 73.325 80.326 56.329 54.332 64.335 63.336 63.337 63.338 63.340 82.343 86.346 61.349 63.353 62.358 61.363 63.370 63.377 63.384 63.393 62.402 70.412 99.422 80.432 26.441 0.000 50.487 75.501 88.521 67.546 57.579 16.629 9.683 12.732 10.805 18.875 22.913 0.000 0.000 15.844 78.070 107.192 98.977 102.685 102.423 100.397 100.349 100.305 100.262 101.221 92.181 81.142 104.105 129.069 117.034 134.001 130.969 124.940 131.913 97.889 74.870 84.857 92.852 21.858 0.000 0.000 0.000 0.000
63.337 62.336 57.338 63.334 62.333 10.333 84.334 76.336 63.337 64.339 64.342 63.344 63.346 63.348 63.350 66.352 89.355 72.358 62.361 63.365 69.370 77.375 63.381 61.388 63.395 62.403 65.411 89.420 97.430 72.440 60.451 48.467 70.483 69.498 30.516 15.536 12.557 0.000 1.708 1.745 2.807 3.855 5.884 0.000 18.982 76.086 98.214 107.260 99.938 100.572 100.489 100.442 100.396 100.351 100.308 101.267 92.226 75.187 71.148 104.111 94.075 108.040 111.007 98.975 100.944 72.917 49.894 63.878 130.868 83.864 18.862 8.858 30.854 51.852
63.344 63.344 63.344 63.343 63.343 57.344 73.344 89.346 65.347 62.350 63.352 63.354 63.356 63.358 62.361 85.363 87.366 61.369 63.372 64.376 61.381 23.386 82.393 77.399 64.406 62.413 80.420 99.428 83.437 63.446 63.456 64.468 67.480 71.493 8.511 9.523 0.000 0.000 13.698 0.000 0.000 0.000 0.000 0.000 42.146 99.257 107.391 107.326 99.826 100.651 100.529 100.488 100.441 100.397 100.353 99.311 84.270 86.230 106.191 125.153 124.115 129.079 134.043 121.008 118.973 105.940 54.912 52.891 128.877 92.869 30.863 23.858 88.853 121.851
63.352 63.351 63.352 63.352 63.352 63.353 63.354 74.356 89.358 65.360 62.362 63.364 63.367 61.369 69.372 90.374 70.377 62.380 64.383 62.386 4.392 1.398 70.404 71.410 77.416 76.422 84.429 83.436 64.443 62.451 64.459 67.468 72.476 72.482 0.000 0.000 0.000 0.688 24.688 11.684 12.683 11.682 0.000 3.568 50.513 104.504 107.455 99.179 100.877 100.607 100.582 100.532 100.486 100.441 100.397 100.355 86.313 82.273 103.233 104.193 104.155 107.117 107.079 106.040 111.000 83.957 59.922 74.898 89.881 28.872 0.000 0.000 32.850 58.849
63.360 65.359 65.359 63.360 63.361 63.363 63.364 63.366 74.367 89.370 65.372 60.374 60.377 77.380 89.382 83.385 60.388 63.391 59.394 5.395 2.404 56.411 63.415 63.420 69.425 86.431 86.437 79.443 72.449 64.456 51.462 21.469 86.474 66.478 0.000 0.000 0.000 0.000 13.682 6.682 20.682 9.682 0.000 3.852 23.792 107.579 107.517 100.046 100.769 100.669 100.622 100.575 100.528 100.484 100.440 101.397 96.356 86.314 81.274 80.233 80.194 80.154 80.115 84.074 58.030 1.968 27.922 83.896 79.878 40.867 2.858 0.000 31.847 77.847
