results3/res_3e8f-0165.wd
ncols         241
nrows         181
xllcorner     12693529.787448
yllcorner     3542525.717860
cellsize      155.156523
NODATA_value  -9999.000000
[rows 66 to 98 of 181, columns 146 to 218 of 241]
36.813 51.752 73.695 74.641 74.590 74.543 74.497 74.452 74.409 77.374 13.353 0.000 1.234 0.000 0.000 0.000 0.000 0.000 46.614 21.614 0.000 28.613 58.611 58.611 58.611 65.611 71.610 71.608 71.606 71.602 71.598 71.593 71.588 71.583 71.578 73.573 58.570 59.567 51.566 0.000 0.000 0.000 0.000 0.000 27.924 34.915 43.897 37.864 15.821 13.775 28.745 49.721 57.697 51.675 46.652 46.629 36.606 33.584 33.561 36.540 57.518 69.497 64.477 53.457 60.439 67.420 71.403 71.386 70.370 70.355 70.341 70.327 70.313
39.873 58.812 76.753 74.700 74.652 74.607 74.562 74.515 79.463 68.424 38.406 35.416 0.000 0.000 0.000 0.000 0.000 17.614 19.614 0.000 0.000 0.000 28.607 59.607 68.607 71.607 71.606 71.604 71.602 75.599 73.595 71.591 71.587 71.583 70.579 62.575 56.572 62.570 52.569 0.000 0.000 0.000 0.000 19.916 33.917 38.912 34.906 0.000 0.747 10.732 30.717 33.699 47.679 56.658 45.637 44.615 42.593 33.571 33.549 32.527 38.505 62.484 69.464 54.444 56.425 58.407 60.389 64.372 68.356 70.341 71.326 70.313 70.299
44.930 65.867 75.808 74.755 74.710 74.670 72.630 71.583 26.503 11.453 42.431 48.427 13.428 0.000 0.000 0.000 0.000 0.000 0.000 0.000 0.000 12.602 41.603 61.604 71.603 71.603 71.602 71.600 71.598 73.596 72.593 71.590 71.587 72.584 62.580 60.577 63.573 58.571 50.570 0.000 0.000 0.000 0.000 37.915 40.914 2.912 1.909 0.000 5.695 38.699 40.692 50.678 53.662 64.643 62.623 50.602 39.581 31.558 33.536 33.514 28.492 42.471 59.450 63.430 68.411 65.392 58.375 63.358 66.342 66.326 64.312 66.298 69.285
49.987 72.921 76.854 77.802 74.764 75.733 70.705 16.683 0.638 41.452 42.438 47.432 55.430 0.000 0.000 0.000 0.000 0.000 0.000 0.000 0.000 24.601 47.601 60.601 72.600 71.600 71.599 71.597 71.596 72.594 71.591 71.589 71.586 68.584 62.582 27.579 0.576 0.000 0.000 0.000 0.000 0.000 0.000 33.915 40.914 0.000 0.000 0.000 55.681 41.679 36.672 64.661 69.646 70.629 74.610 68.590 56.568 36.546 33.523 33.501 31.478 32.457 38.436 39.415 46.396 54.377 61.359 65.342 66.326 67.311 63.296 66.283 67.269
32.045 36.974 46.887 22.834 79.813 76.791 61.775 38.770 8.792 0.000 0.000 0.000 0.000 0.000 0.000 0.000 0.000 0.000 0.000 0.000 0.000 25.600 50.598 53.598 69.597 71.597 71.596 71.595 75.593 74.592 71.590 71.588 72.586 63.584 66.583 0.000 0.000 0.000 0.000 0.000 0.000 0.000 0.000 0.000 27.914 36.914 0.000 0.000 86.669 49.665 31.657 62.646 70.633 70.617 70.599 73.579 72.557 52.534 35.510 33.487 31.464 34.442 35.420 43.400 48.380 37.361 37.343 42.326 47.310 53.295 58.280 62.267 66.254
78.110 57.042 0.000 0.000 83.862 75.844 62.834 44.830 11.832 0.000 0.000 0.000 0.000 0.000 0.000 0.000 0.000 0.000 0.000 0.000 0.000 0.000 11.595 55.595 71.595 71.594 71.593 71.592 73.591 72.590 71.588 71.587 72.586 60.584 70.584 0.000 0.000 0.000 0.000 0.000 0.000 0.000 0.000 0.000 0.000 3.914 11.914 0.000 23.661 39.654 32.645 62.635 70.623 70.608 71.591 71.570 71.547 64.522 40.497 36.473 34.450 31.427 52.404 64.383 70.363 54.344 47.326 43.309 41.293 38.278 38.264 38.250 66.237
54.186 0.000 0.000 81.040 80.930 78.887 69.889 54.883 10.874 0.000 0.000 0.000 0.000 0.000 0.000 0.000 0.000 0.000 0.000 0.000 0.000 0.000 37.593 60.593 72.592 71.592 71.591 72.590 71.589 71.588 71.587 71.586 72.585 65.584 30.584 0.000 0.000 0.000 0.000 0.000 0.000 0.000 0.000 0.000 0.000 0.000 0.000 0.000 0.000 36.644 35.634 53.625 68.615 71.602 65.585 61.563 67.538 58.510 41.484 40.459 49.435 44.411 67.388 71.366 70.345 68.326 68.308 65.291 63.275 60.260 56.246 48.233 68.220
81.233 71.233 77.206 33.150 0.000 0.000 75.951 49.939 10.906 0.000 13.127 0.000 0.000 0.000 0.000 0.000 0.000 0.000 0.000 0.000 0.000 0.590 53.590 65.590 72.590 71.590 71.589 73.588 73.588 71.587 71.586 71.585 70.584 66.583 15.583 0.000 0.000 0.000 0.000 0.000 0.000 0.000 0.000 0.000 0.000 0.000 0.000 0.000 0.000 0.000 24.622 50.617 68.610 69.599 50.585 53.560 55.531 52.496 37.469 34.445 57.420 66.394 70.370 72.347 72.326 73.307 71.289 71.272 72.257 71.242 72.228 72.215 71.203
83.279 75.262 80.234 31.204 0.000 0.000 67.024 15.017 0.000 0.000 45.127 8.127 0.000 0.000 0.000 0.000 0.000 0.000 0.000 0.000 0.000 0.000 56.588 68.588 72.588 71.588 71.587 72.587 72.586 71.585 71.585 72.584 68.583 63.582 13.582 0.000 0.000 0.000 0.000 0.000 0.000 0.000 0.000 0.000 0.000 0.000 0.000 0.000 16.612 18.612 29.614 45.612 67.607 69.601 15.596 0.000 0.000 42.474 36.453 31.431 45.405 64.376 70.350 72.326 72.305 72.286 70.268 70.252 71.237 70.223 70.209 71.197 71.185
75.343 75.301 75.263 73.229 60.200 46.159 39.103 38.089 34.113 37.123 40.127 40.127 12.127 0.000 0.000 0.000 0.000 0.000 17.581 19.581 0.000 9.586 55.586 69.586 71.586 71.586 71.586 71.585 71.585 71.584 71.583 71.583 53.582 48.581 46.581 41.580 5.579 0.000 0.000 0.000 0.000 0.000 0.000 0.000 0.000 0.000 0.000 0.000 20.611 46.611 37.611 41.610 61.607 62.603 35.600 0.000 0.000 0.000 33.436 38.420 37.394 56.356 69.327 70.303 70.283 70.264 70.247 70.231 70.217 70.203 70.190 70.178 70.166
75.382 75.335 75.290 74.249 71.211 73.174 47.140 26.125 64.126 37.129 41.130 17.129 0.000 0.000 0.000 0.000 0.000 0.000 17.581 63.581 12.581 0.583 54.584 68.584 72.585 71.584 73.584 74.584 72.583 71.583 71.582 69.582 62.581 53.581 54.580 53.579 6.579 0.000 0.000 0.000 0.000 0.000 0.000 0.000 0.000 0.000 0.000 0.000 14.611 49.610 41.610 48.608 63.606 58.604 64.603 0.000 0.000 0.000 0.000 0.000 0.000 46.327 69.299 70.278 70.258 70.240 70.224 70.209 70.195 70.182 70.170 70.158 70.147
75.416 75.368 76.314 78.265 75.223 75.186 74.159 75.143 66.138 44.136 16.136 0.000 0.000 0.000 0.000 0.000 0.000 0.000 4.581 56.581 43.581 33.582 49.583 71.583 71.583 71.583 71.583 71.583 71.582 71.582 71.581 71.581 69.580 48.580 52.579 59.579 2.578 0.000 0.000 0.000 0.000 0.000 0.000 0.000 0.000 0.000 0.000 0.000 10.610 61.610 5.609 28.608 51.606 58.605 19.604 0.000 0.000 0.000 0.000 0.000 0.000 0.298 58.265 71.250 70.232 70.215 70.200 70.186 70.173 70.161 70.149 70.138 70.127
78.453 74.407 71.332 73.275 76.229 76.188 78.166 75.152 73.145 60.142 9.141 0.000 0.000 0.000 0.000 0.000 0.000 0.000 0.000 12.581 47.581 39.581 55.581 73.582 71.582 71.582 71.582 71.582 71.581 71.581 71.580 71.580 72.579 61.579 48.578 52.578 58.577 0.576 0.000 0.000 0.000 0.000 0.000 0.000 0.000 0.000 0.000 0.000 0.000 6.610 0.000 0.000 36.605 55.605 0.000 0.000 0.000 0.000 0.000 0.000 0.000 0.000 46.245 67.225 70.205 70.189 70.175 70.162 70.150 70.139 70.128 70.117 70.107
71.496 32.475 0.000 0.000 0.000 68.172 73.163 79.155 75.150 64.147 14.145 0.000 48.149 18.149 0.000 0.000 0.000 0.000 0.000 0.000 39.580 43.580 64.581 72.581 73.581 74.581 71.581 71.581 71.580 71.580 71.580 71.579 71.579 72.578 51.577 33.577 42.576 3.576 0.000 0.000 0.000 0.000 0.000 0.000 0.000 0.000 0.000 0.000 0.000 0.000 0.000 0.000 25.605 58.605 0.000 0.000 0.000 0.000 0.000 0.000 0.000 0.000 0.000 47.200 67.175 70.160 70.148 70.137 70.127 70.117 70.107 70.097 70.087
66.533 23.521 0.000 0.000 43.164 41.164 58.160 77.156 74.152 59.149 40.148 44.149 48.149 14.149 0.000 0.000 0.000 0.000 10.578 0.000 40.579 51.580 71.580 71.580 74.580 74.580 71.580 71.580 71.580 71.579 71.579 71.578 71.578 72.577 68.577 63.576 52.575 32.575 26.574 0.000 0.000 0.000 0.000 0.000 0.000 0.000 0.000 0.000 0.000 0.000 0.000 0.000 27.605 19.605 0.000 0.000 0.000 0.000 0.000 0.000 0.000 0.000 0.000 0.000 52.134 68.128 70.120 70.112 70.104 70.095 70.086 70.076 70.066
72.562 53.555 25.562 0.000 0.000 43.161 43.158 65.155 77.152 55.150 42.149 47.149 25.149 0.000 0.000 0.000 0.000 0.000 39.578 32.578 37.579 54.579 73.579 73.579 74.579 71.580 71.579 71.579 71.579 71.579 71.578 71.578 71.577 71.577 71.576 73.575 62.575 50.574 39.573 40.573 33.572 24.572 29.572 0.000 0.000 0.000 0.000 0.000 0.000 0.000 0.000 0.000 30.605 5.605 0.000 0.000 0.000 0.000 0.000 0.000 0.000 0.000 0.000 0.000 37.100 65.097 69.093 70.087 70.081 70.074 70.065 70.056 70.046
75.583 66.575 19.569 0.000 0.000 0.000 42.156 47.154 74.152 62.151 43.150 46.150 21.150 0.000 0.000 0.000 0.000 0.000 42.578 35.578 38.578 56.578 75.579 74.579 72.579 72.579 71.579 71.579 71.579 71.578 71.578 72.577 72.577 72.576 66.575 57.575 61.574 68.574 61.573 59.572 47.572 34.572 41.571 0.000 0.000 0.000 0.000 0.000 0.000 0.000 0.000 0.000 0.000 0.000 0.000 0.000 0.000 0.000 0.000 0.000 0.000 0.000 0.000 0.000 29.068 60.068 70.066 72.063 72.059 72.053 71.046 70.037 70.027
75.600 50.595 0.000 0.000 0.000 0.000 0.000 49.152 62.152 56.151 55.150 52.150 42.150 20.150 0.000 0.000 0.000 0.000 41.577 34.577 39.578 54.578 66.578 63.578 58.579 60.579 65.579 70.578 72.578 72.578 70.577 60.577 58.577 63.576 52.575 49.574 49.574 60.573 64.572 59.572 45.572 34.571 6.571 0.000 0.000 0.000 0.000 0.000 0.000 0.000 0.000 0.000 0.000 0.000 0.000 0.000 0.000 0.000 0.000 0.000 0.000 0.000 0.000 0.000 17.037 42.040 48.041 50.041 50.039 51.034 60.028 69.019 70.008
74.613 40.609 0.000 0.000 0.000 0.000 0.000 44.152 38.151 37.151 45.150 45.150 45.150 41.150 14.150 0.000 0.000 0.000 46.577 41.577 46.577 56.577 59.578 62.578 20.578 0.000 0.000 11.578 72.578 69.578 58.577 13.577 0.000 0.000 51.574 83.573 76.573 55.572 61.572 55.572 44.571 29.571 32.571 0.000 0.000 0.000 0.000 0.000 0.000 0.000 0.000 0.000 0.000 0.000 0.000 0.000 0.000 0.000 12.953 2.953 20.953 41.957 52.966 51.980 70.004 78.014 79.019 77.020 79.020 66.018 49.013 67.004 69.990
72.623 37.620 0.000 0.000 0.000 0.000 0.000 44.152 40.151 19.151 0.000 0.000 0.000 0.000 0.000 0.000 0.000 0.000 52.577 46.577 41.577 37.577 23.577 0.000 0.000 0.000 0.000 0.000 0.000 0.000 45.577 7.576 0.000 0.000 0.000 46.573 79.572 39.572 40.572 39.571 35.571 38.571 85.571 44.570 0.000 0.000 0.000 0.000 0.000 0.000 0.000 0.000 0.000 0.000 0.000 0.000 11.928 2.928 0.000 0.000 6.949 88.953 84.960 66.971 67.984 64.993 65.999 88.002 81.004 67.004 47.002 55.995 54.977
58.629 39.628 33.630 0.000 0.000 0.000 0.000 0.000 42.151 26.151 0.000 0.000 0.000 0.000 0.000 0.000 0.000 0.000 52.576 52.576 53.577 36.577 11.577 0.000 0.000 0.000 0.000 0.000 0.000 0.000 41.576 18.576 0.000 0.000 0.000 45.572 94.572 58.572 61.571 56.571 41.571 59.571 113.570 110.570 41.570 0.000 0.000 0.000 0.000 0.000 0.000 0.000 0.000 0.000 0.000 0.000 1.928 19.928 9.930 7.934 16.940 91.946 58.952 66.959 57.968 38.975 49.981 92.985 58.989 45.992 52.996 6.996 0.000
42.634 42.632 28.632 0.000 0.000 0.000 0.000 0.000 0.000 0.000 0.000 0.000 0.000 0.000 0.000 0.000 0.000 0.000 55.576 46.576 40.576 38.576 12.576 0.000 0.000 0.000 0.000 0.000 0.000 38.576 31.576 56.576 52.576 0.000 4.572 51.572 57.572 49.571 92.571 81.570 52.570 5.570 69.570 124.570 8.570 0.000 0.000 0.000 0.000 0.000 0.000 0.000 20.926 17.926 12.926 1.927 70.927 108.928 99.928 95.930 42.934 86.937 54.942 43.947 90.953 71.959 91.964 72.969 42.974 50.978 0.000 0.000 0.000
45.637 46.635 38.634 0.000 0.000 0.000 0.000 0.000 0.000 0.000 0.000 0.000 0.000 0.000 0.000 0.000 0.000 0.000 9.576 50.576 40.576 18.576 0.000 0.000 0.000 0.000 0.000 0.000 0.000 40.575 37.576 13.576 0.000 0.000 0.000 25.572 4.572 0.000 5.570 47.570 3.570 0.000 25.570 91.570 46.570 0.000 0.000 0.000 0.000 0.000 0.000 0.000 0.000 2.926 0.000 0.000 26.927 6.927 70.925 74.926 25.927 86.928 63.931 36.934 54.939 104.944 118.949 52.954 40.960 7.969 0.000 0.000 16.819
44.638 45.636 45.635 49.635 41.635 0.000 0.000 0.000 0.000 0.000 0.000 0.000 0.000 0.000 0.000 0.000 0.000 0.000 0.000 40.576 36.576 20.576 0.000 0.000 0.000 0.000 0.000 0.000 41.575 38.575 15.575 0.000 0.000 0.000 0.000 0.000 0.000 0.000 0.000 51.569 0.568 0.000 25.570 0.000 0.000 0.000 0.000 0.000 0.000 0.000 0.000 0.000 0.000 11.926 5.926 7.926 0.926 0.000 46.921 65.920 24.919 88.919 68.919 38.921 87.924 90.928 85.932 93.938 57.944 0.000 0.000 0.000 30.804
46.639 24.637 35.636 44.635 44.635 44.635 43.635 0.000 0.000 0.000 0.000 0.000 0.000 0.000 0.000 0.000 0.000 0.000 0.000 42.575 38.575 22.575 0.000 0.000 0.000 0.000 0.000 0.000 0.000 44.575 16.575 0.000 0.000 0.000 0.000 0.000 0.000 3.567 15.567 38.567 42.567 19.567 0.000 0.000 0.000 0.000 0.000 0.000 0.000 0.000 0.000 0.000 0.000 0.926 0.000 4.926 0.000 0.000 49.917 69.915 29.912 89.908 74.906 88.906 88.908 47.911 40.916 85.922 34.933 0.000 0.000 31.773 39.783
51.640 0.000 0.000 41.635 30.635 0.000 43.635 33.635 0.000 0.000 0.000 0.000 0.000 0.000 0.000 0.000 0.000 0.000 0.000 41.575 38.575 26.575 0.000 0.000 0.000 0.000 0.000 0.000 0.000 0.000 0.000 0.000 0.000 0.000 0.000 0.000 0.000 0.000 54.567 71.567 32.567 0.000 0.000 0.000 0.000 0.000 0.000 0.000 0.000 0.000 0.000 0.000 0.000 0.000 0.000 9.925 0.000 0.000 84.914 70.912 31.906 89.894 86.891 78.890 70.891 56.893 57.897 26.901 0.000 0.000 15.756 34.762 41.768
48.640 0.000 0.000 28.635 20.635 0.000 0.000 0.000 0.000 52.626 48.626 39.626 0.000 0.000 0.000 0.000 0.000 0.000 0.000 45.575 41.575 23.575 0.000 0.000 0.000 0.000 0.000 0.000 0.000 0.000 0.000 0.000 0.000 0.000 0.000 0.000 0.000 0.000 17.567 101.567 67.567 0.000 0.000 0.000 0.000 0.000 0.000 0.000 0.000 0.000 0.000 0.000 0.000 0.000 0.000 0.000 0.000 0.000 16.914 0.000 0.000 63.873 104.872 83.872 82.873 80.875 83.878 31.883 0.000 0.000 19.750 33.752 34.754
64.639 0.000 0.000 0.000 0.000 50.630 37.630 0.000 48.627 42.626 42.626 34.626 0.000 0.000 0.000 0.000 0.000 0.000 0.000 45.575 40.575 28.575 0.000 0.000 0.000 0.000 0.000 0.000 0.000 0.000 0.000 0.000 0.000 0.000 0.000 0.000 0.000 0.000 0.000 45.566 37.566 8.566 0.000 0.000 0.000 0.000 0.000 0.000 0.000 0.000 0.000 0.000 0.000 0.000 0.000 0.000 0.000 0.000 0.000 0.000 0.000 10.853 46.853 47.853 45.853 45.854 42.858 38.871 0.000 0.000 12.743 33.743 31.742
75.637 64.635 46.634 47.633 46.632 40.631 41.630 42.628 40.627 45.626 44.626 35.626 32.625 0.000 0.000 0.000 0.000 0.000 0.000 32.575 0.000 0.000 0.000 0.000 0.000 0.000 0.000 0.000 0.000 0.000 0.000 0.000 0.000 0.000 0.000 0.000 0.000 0.000 0.000 0.000 44.566 7.566 0.000 0.000 0.000 0.000 0.000 0.000 0.000 0.000 0.000 0.000 0.000 0.000 0.000 0.000 0.000 0.000 0.000 0.000 0.000 1.833 34.834 33.834 33.833 49.831 44.830 0.000 0.000 0.000 5.735 46.734 58.731
75.636 69.635 39.634 39.633 39.632 22.631 23.629 27.628 37.627 46.626 43.626 35.626 38.625 27.625 0.000 0.000 0.000 0.000 0.000 0.000 0.000 0.000 0.000 0.000 0.000 0.000 0.000 0.000 0.000 0.000 0.000 0.000 0.000 0.000 0.000 0.000 0.000 0.000 0.000 0.000 1.566 47.566 6.565 0.000 0.000 0.000 0.000 0.000 0.000 0.000 0.000 0.000 0.000 0.000 0.000 0.000 0.000 0.000 0.000 0.000 26.805 29.813 33.816 33.815 35.813 54.809 44.801 27.783 0.000 0.000 41.728 62.725 69.721
75.635 73.635 43.634 40.633 20.633 0.000 0.000 0.000 0.000 37.626 40.626 38.625 31.625 0.000 0.000 0.000 0.000 0.000 0.000 0.000 0.000 0.000 0.000 0.000 0.000 0.000 0.000 0.000 0.000 0.000 0.000 0.000 0.000 0.000 0.000 0.000 0.000 0.000 0.000 0.000 0.000 50.565 12.565 0.000 0.000 0.000 0.000 0.000 0.000 0.000 0.000 0.000 0.000 0.000 0.000 0.000 0.000 0.000 0.000 0.000 37.796 34.799 33.800 29.799 42.795 59.790 43.780 32.766 27.747 27.734 51.725 68.719 69.712
75.634 73.634 26.634 30.634 0.000 0.000 0.000 0.000 0.000 0.000 28.625 41.625 33.625 0.000 0.000 0.000 0.000 0.000 0.000 0.000 0.000 0.000 0.000 0.000 0.000 0.000 0.000 0.000 0.000 0.000 0.000 0.000 0.000 0.000 0.000 0.000 0.000 0.000 0.000 0.000 0.000 0.000 18.565 0.000 0.000 0.000 0.000 0.000 0.000 0.000 0.000 0.000 6.768 14.768 0.000 0.000 0.000 0.000 0.000 31.780 29.785 28.787 33.787 47.784 60.780 50.774 34.765 32.754 34.740 31.729 52.720 70.712 69.704
75.634 49.634 0.000 0.000 0.000 0.000 0.000 0.000 0.000 0.000 0.000 31.625 38.624 36.624 0.000 0.000 0.000 0.000 0.000 0.000 0.000 0.000 0.000 0.000 0.000 0.000 0.000 0.000 0.000 0.000 0.000 0.000 0.000 0.000 0.000 0.000 0.000 0.000 0.000 0.000 0.000 0.000 0.000 0.000 0.000 0.000 0.000 0.000 0.000 0.000 0.000 0.000 0.000 7.768 9.768 0.000 36.770 28.770 26.772 38.775 52.777 57.777 59.775 59.772 45.767 33.761 32.753 32.743 31.733 33.723 56.713 71.704 69.695
