results3/res_3e8f-0105.wd
ncols         241
nrows         181
xllcorner     12693529.787448
yllcorner     3542525.717860
cellsize      155.156523
NODATA_value  -9999.000000
[rows 66 to 98 of 181, columns 146 to 218 of 241]
26.533 41.467 63.404 64.344 64.288 64.234 64.181 64.127 64.074 67.027 2.999 0.000 0.000 0.000 0.000 0.000 0.000 0.000 33.648 8.649 0.000 15.647 45.644 45.644 45.645 52.646 58.646 58.644 58.641 58.636 58.629 58.622 58.614 58.606 58.599 60.593 45.588 46.585 38.583 0.000 0.000 0.000 0.000 0.000 14.084 21.071 30.046 24.006 1.970 0.000 14.591 35.558 43.518 37.478 32.437 32.397 22.358 19.319 19.281 22.245 43.209 55.175 50.142 39.111 46.081 53.052 57.025 56.999 55.975 55.952 55.930 55.909 55.889
29.591 48.525 66.463 64.404 64.351 64.300 64.250 64.195 69.131 58.070 28.044 25.049 0.000 0.000 0.000 0.000 0.000 4.647 6.648 0.000 0.000 0.000 15.633 46.633 55.633 58.633 58.632 58.631 58.628 62.624 60.619 58.613 58.607 58.602 57.596 49.592 43.589 49.586 39.585 0.000 0.000 0.000 0.000 6.073 20.074 25.067 21.056 0.000 0.000 0.000 16.515 19.499 33.473 42.442 31.407 30.371 28.335 19.298 19.262 18.227 24.192 48.158 55.126 40.095 42.065 44.037 46.010 49.984 53.960 55.937 56.916 55.895 55.876
34.648 55.581 65.517 64.460 64.412 64.367 62.323 61.271 16.187 1.087 32.058 38.055 3.056 0.000 0.000 0.000 0.000 0.000 0.000 0.000 0.000 0.000 28.623 48.623 58.622 58.621 58.620 58.618 58.616 60.612 59.609 58.604 58.600 59.596 49.593 47.591 50.589 45.587 37.586 0.000 0.000 0.000 0.000 24.072 27.072 0.000 0.000 0.000 0.000 24.437 26.456 36.451 39.434 50.409 48.379 36.347 25.313 17.278 19.243 19.208 14.174 28.141 45.109 49.078 54.049 51.021 43.994 48.969 51.945 51.922 49.901 51.881 54.862
39.703 62.633 66.564 67.508 64.468 65.434 60.404 6.380 0.000 31.069 32.061 37.058 45.056 0.000 0.000 0.000 0.000 0.000 0.000 0.000 0.000 11.612 34.614 47.613 59.611 58.610 58.609 58.607 58.605 59.602 58.599 58.596 58.593 55.591 49.589 14.590 0.000 0.000 0.000 0.000 0.000 0.000 0.000 20.072 27.071 0.000 0.000 0.000 41.410 27.418 22.422 50.416 55.402 56.380 60.354 54.324 42.292 22.258 19.223 19.189 17.155 18.122 24.091 25.060 32.031 40.003 46.977 50.952 51.929 52.906 48.886 51.866 52.847
21.759 26.685 36.597 12.541 69.519 66.496 51.478 28.467 0.000 0.000 0.000 0.000 0.000 0.000 0.000 0.000 0.000 0.000 0.000 0.000 0.000 12.610 37.609 40.603 56.600 58.599 58.598 58.597 62.595 61.593 58.591 58.588 59.586 50.585 53.584 0.000 0.000 0.000 0.000 0.000 0.000 0.000 0.000 0.000 14.071 23.070 0.000 0.000 72.402 35.402 17.399 48.391 56.377 56.357 56.333 59.304 58.272 38.238 21.204 19.170 17.136 20.103 21.072 29.041 34.012 22.985 22.959 27.934 32.911 38.890 43.869 47.850 51.832
67.822 46.753 0.000 0.000 73.572 65.554 52.545 34.542 1.550 0.000 0.000 0.000 0.000 0.000 0.000 0.000 0.000 0.000 0.000 0.000 0.000 0.000 0.000 42.589 58.589 58.588 58.588 58.587 60.585 59.584 58.582 58.580 59.579 47.578 57.578 0.000 0.000 0.000 0.000 0.000 0.000 0.000 0.000 0.000 0.000 0.000 0.000 0.000 9.395 25.389 18.381 48.372 56.358 56.340 57.316 57.288 57.255 50.220 26.185 22.151 20.117 17.084 38.052 50.021 55.992 39.965 32.940 28.916 26.893 23.872 23.852 23.833 51.816
43.898 0.000 0.000 70.757 70.644 68.602 59.608 44.608 0.603 0.000 0.000 0.000 0.000 0.000 0.000 0.000 0.000 0.000 0.000 0.000 0.000 0.000 24.571 47.576 59.578 58.578 58.578 59.577 58.576 58.575 58.574 58.573 59.572 52.571 17.572 0.000 0.000 0.000 0.000 0.000 0.000 0.000 0.000 0.000 0.000 0.000 0.000 0.000 0.000 22.377 21.366 39.357 54.345 57.328 51.305 47.276 53.241 44.202 27.166 26.131 35.097 30.063 53.031 57.000 55.971 53.944 53.919 50.896 48.874 45.854 41.834 33.816 53.799
70.953 60.956 66.929 22.871 0.000 0.000 65.677 39.674 0.641 0.000 2.841 0.000 0.000 0.000 0.000 0.000 0.000 0.000 0.000 0.000 0.000 0.000 40.566 52.568 59.569 58.569 58.569 60.569 60.568 58.567 58.566 58.565 57.564 53.564 2.567 0.000 0.000 0.000 0.000 0.000 0.000 0.000 0.000 0.000 0.000 0.000 0.000 0.000 0.000 0.000 10.350 36.345 54.336 55.322 36.302 39.269 41.231 38.183 23.146 20.111 43.077 52.042 56.008 57.977 57.948 58.922 56.898 56.875 57.854 56.834 57.816 57.798 56.782
73.006 64.988 69.958 20.928 0.000 0.000 56.749 4.745 0.000 0.000 34.841 0.000 0.000 0.000 0.000 0.000 0.000 0.000 0.000 0.000 0.000 0.000 43.559 55.560 59.561 58.561 58.561 59.561 59.560 58.559 58.558 59.557 55.556 50.555 0.553 0.000 0.000 0.000 0.000 0.000 0.000 0.000 0.000 0.000 0.000 0.000 0.000 0.000 2.335 4.336 15.339 31.337 53.331 55.324 1.316 0.000 0.000 28.153 22.123 17.093 31.058 50.019 55.983 57.952 57.924 57.898 55.874 55.853 56.833 55.814 55.796 56.780 56.764
65.077 65.030 64.990 62.954 49.923 35.882 28.826 27.812 23.832 26.839 29.842 29.842 1.842 0.000 0.000 0.000 0.000 0.000 4.524 6.524 0.000 0.000 42.552 56.552 58.553 58.554 58.554 58.553 58.553 58.552 58.551 58.549 40.548 35.545 33.539 28.536 0.000 0.000 0.000 0.000 0.000 0.000 0.000 0.000 0.000 0.000 0.000 0.000 6.335 32.334 23.335 27.332 47.329 48.325 21.322 0.000 0.000 0.000 19.100 24.079 23.043 41.993 54.955 55.924 55.897 55.872 55.850 55.829 55.811 55.793 55.776 55.761 55.746
65.117 65.066 65.018 63.974 60.935 62.896 36.861 15.845 53.844 26.845 30.844 6.843 0.000 0.000 0.000 0.000 0.000 0.000 4.524 50.525 0.000 0.000 41.544 55.545 59.546 58.547 60.547 61.547 59.546 58.545 58.544 56.543 49.541 40.538 41.535 40.533 0.000 0.000 0.000 0.000 0.000 0.000 0.000 0.000 0.000 0.000 0.000 0.000 0.331 35.333 27.332 34.330 49.327 44.325 50.324 0.000 0.000 0.000 0.000 0.000 0.000 31.957 54.920 55.892 55.868 55.845 55.824 55.805 55.787 55.771 55.756 55.741 55.727
65.150 65.098 66.041 67.990 64.946 64.907 63.879 64.862 55.855 33.851 5.848 0.000 0.000 0.000 0.000 0.000 0.000 0.000 0.000 43.526 30.528 20.531 36.536 58.539 58.540 58.541 58.541 58.541 58.540 58.539 58.538 58.537 56.535 35.532 39.530 46.528 0.000 0.000 0.000 0.000 0.000 0.000 0.000 0.000 0.000 0.000 0.000 0.000 0.000 47.333 0.000 14.328 37.326 44.324 5.324 0.000 0.000 0.000 0.000 0.000 0.000 0.000 43.877 56.859 55.837 55.816 55.797 55.779 55.764 55.749 55.735 55.721 55.708
68.185 64.136 61.059 63.000 65.951 65.908 67.884 64.870 62.862 49.859 0.000 0.000 0.000 0.000 0.000 0.000 0.000 0.000 0.000 0.000 34.527 26.528 42.531 60.533 58.535 58.535 58.536 58.536 58.535 58.534 58.533 58.531 59.529 48.527 35.525 39.522 45.518 0.000 0.000 0.000 0.000 0.000 0.000 0.000 0.000 0.000 0.000 0.000 0.000 0.000 0.000 0.000 22.324 41.324 0.000 0.000 0.000 0.000 0.000 0.000 0.000 0.000 31.853 52.829 55.805 55.785 55.768 55.753 55.739 55.726 55.713 55.701 55.689
61.226 22.203 0.000 0.000 0.000 57.890 62.881 68.872 64.866 53.863 3.863 0.000 37.861 7.861 0.000 0.000 0.000 0.000 0.000 0.000 26.524 30.526 51.527 59.529 60.530 61.531 58.531 58.531 58.530 58.530 58.528 58.527 58.525 59.522 38.520 20.517 29.515 0.000 0.000 0.000 0.000 0.000 0.000 0.000 0.000 0.000 0.000 0.000 0.000 0.000 0.000 0.000 11.323 44.323 0.000 0.000 0.000 0.000 0.000 0.000 0.000 0.000 0.000 32.799 52.769 55.752 55.738 55.726 55.714 55.703 55.692 55.681 55.670
56.260 13.246 0.000 0.000 32.881 30.881 47.877 66.871 63.867 48.865 29.863 33.863 37.862 3.861 0.000 0.000 0.000 0.000 0.000 0.000 27.521 38.522 58.524 58.525 61.526 61.527 58.527 58.527 58.527 58.526 58.524 58.523 58.521 59.518 55.515 50.512 39.509 19.504 13.501 0.000 0.000 0.000 0.000 0.000 0.000 0.000 0.000 0.000 0.000 0.000 0.000 0.000 13.322 5.322 0.000 0.000 0.000 0.000 0.000 0.000 0.000 0.000 0.000 0.000 37.722 53.715 55.707 55.698 55.689 55.680 55.671 55.662 55.651
62.285 43.277 15.282 0.000 0.000 32.877 32.873 54.870 66.867 44.865 31.863 36.863 14.862 0.000 0.000 0.000 0.000 0.000 26.514 19.515 24.518 41.519 60.521 60.522 61.523 58.524 58.524 58.524 58.523 58.522 58.521 58.519 58.517 58.515 58.512 60.509 49.505 37.501 26.498 27.495 20.492 11.491 16.491 0.000 0.000 0.000 0.000 0.000 0.000 0.000 0.000 0.000 16.322 0.000 0.000 0.000 0.000 0.000 0.000 0.000 0.000 0.000 0.000 0.000 22.683 50.680 54.676 55.671 55.665 55.658 55.651 55.643 55.633
65.302 56.294 9.288 0.000 0.000 0.000 31.871 36.868 63.866 51.864 32.863 35.863 10.862 0.000 0.000 0.000 0.000 0.000 29.513 22.514 25.515 43.517 62.518 61.520 59.521 59.522 58.522 58.522 58.521 58.520 58.518 59.517 59.515 59.512 53.509 44.505 48.502 55.499 48.496 46.494 34.492 21.491 28.491 0.000 0.000 0.000 0.000 0.000 0.000 0.000 0.000 0.000 0.000 0.000 0.000 0.000 0.000 0.000 0.000 0.000 0.000 0.000 0.000 0.000 14.647 45.647 55.646 57.644 57.642 57.638 56.633 55.626 55.617
65.315 40.309 0.000 0.000 0.000 0.000 0.000 38.866 51.865 45.864 44.863 41.862 31.862 9.862 0.000 0.000 0.000 0.000 28.511 21.512 26.513 41.514 53.516 50.518 45.519 47.520 52.521 57.520 59.519 59.518 57.516 47.515 45.513 50.510 39.506 36.502 36.499 47.497 51.494 46.492 32.491 21.490 0.000 0.000 0.000 0.000 0.000 0.000 0.000 0.000 0.000 0.000 0.000 0.000 0.000 0.000 0.000 0.000 0.000 0.000 0.000 0.000 0.000 0.000 2.611 27.615 33.618 35.619 35.620 36.619 45.616 54.611 55.603
64.323 30.319 0.000 0.000 0.000 0.000 0.000 33.864 27.864 26.863 34.863 34.862 34.862 30.861 3.861 0.000 0.000 0.000 33.510 28.510 33.511 43.512 46.514 49.516 7.517 0.000 0.000 0.000 59.517 56.516 45.513 0.513 0.000 0.000 38.502 70.499 63.497 42.495 48.493 42.491 31.489 16.488 19.487 0.000 0.000 0.000 0.000 0.000 0.000 0.000 0.000 0.000 0.000 0.000 0.000 0.000 0.000 0.000 0.000 0.000 6.522 27.522 38.530 37.545 55.572 63.585 64.592 62.596 64.599 51.601 34.602 52.601 55.594
62.328 27.325 0.000 0.000 0.000 0.000 0.000 33.864 29.864 8.863 0.000 0.000 0.000 0.000 0.000 0.000 0.000 0.000 39.508 33.508 28.509 24.510 10.512 0.000 0.000 0.000 0.000 0.000 0.000 0.000 32.509 0.000 0.000 0.000 0.000 33.495 66.494 26.493 27.491 26.489 22.488 25.487 72.486 31.485 0.000 0.000 0.000 0.000 0.000 0.000 0.000 0.000 0.000 0.000 0.000 0.000 0.000 0.000 0.000 0.000 0.000 74.515 70.522 52.534 53.549 50.560 51.568 73.575 66.580 52.586 32.591 41.595 40.595
48.330 29.327 23.327 0.000 0.000 0.000 0.000 0.000 31.863 15.863 0.000 0.000 0.000 0.000 0.000 0.000 0.000 0.000 39.506 39.506 40.506 23.507 0.000 0.000 0.000 0.000 0.000 0.000 0.000 0.000 28.504 5.503 0.000 0.000 0.000 32.493 81.492 45.491 48.489 43.488 28.487 46.486 100.485 97.484 28.484 0.000 0.000 0.000 0.000 0.000 0.000 0.000 0.000 0.000 0.000 0.000 0.000 5.471 0.000 0.000 2.493 77.502 44.510 52.519 43.529 24.539 35.547 78.554 44.562 31.571 38.581 0.000 0.000
32.330 32.328 18.327 0.000 0.000 0.000 0.000 0.000 0.000 0.000 0.000 0.000 0.000 0.000 0.000 0.000 0.000 0.000 42.505 33.505 27.504 25.504 0.000 0.000 0.000 0.000 0.000 0.000 0.000 25.500 18.501 43.501 39.501 0.000 0.000 38.492 44.491 36.490 79.488 68.486 39.486 0.000 56.483 111.483 0.000 0.000 0.000 0.000 0.000 0.000 0.000 0.000 0.000 0.000 0.000 0.000 56.470 94.471 85.473 81.476 28.484 72.491 40.497 29.504 76.511 57.519 77.526 58.534 28.542 36.557 0.000 0.000 0.000
35.329 36.327 28.326 0.000 0.000 0.000 0.000 0.000 0.000 0.000 0.000 0.000 0.000 0.000 0.000 0.000 0.000 0.000 0.000 37.502 27.502 5.502 0.000 0.000 0.000 0.000 0.000 0.000 0.000 27.499 24.500 0.499 0.000 0.000 0.000 12.492 0.000 0.000 0.000 34.481 0.000 0.000 12.483 78.483 33.482 0.000 0.000 0.000 0.000 0.000 0.000 0.000 0.000 0.000 0.000 0.000 12.470 0.000 56.471 60.473 11.476 72.480 49.484 22.488 40.494 90.500 104.506 38.512 26.517 0.000 0.000 0.000 2.414
34.326 35.325 35.324 39.322 31.322 0.000 0.000 0.000 0.000 0.000 0.000 0.000 0.000 0.000 0.000 0.000 0.000 0.000 0.000 27.501 23.501 7.501 0.000 0.000 0.000 0.000 0.000 0.000 28.498 25.499 2.499 0.000 0.000 0.000 0.000 0.000 0.000 0.000 0.000 38.476 0.000 0.000 12.482 0.000 0.000 0.000 0.000 0.000 0.000 0.000 0.000 0.000 0.000 0.000 0.000 0.000 0.000 0.000 32.467 51.468 10.469 74.469 54.470 24.473 73.476 76.481 71.486 79.492 43.498 0.000 0.000 0.000 16.404
36.322 14.323 25.323 34.322 34.321 34.320 33.319 0.000 0.000 0.000 0.000 0.000 0.000 0.000 0.000 0.000 0.000 0.000 0.000 29.499 25.499 9.499 0.000 0.000 0.000 0.000 0.000 0.000 0.000 31.498 3.498 0.000 0.000 0.000 0.000 0.000 0.000 0.000 2.471 25.472 29.471 6.470 0.000 0.000 0.000 0.000 0.000 0.000 0.000 0.000 0.000 0.000 0.000 0.000 0.000 0.000 0.000 0.000 35.464 55.463 15.462 75.458 60.456 74.456 74.458 33.461 26.466 71.473 20.485 0.000 0.000 17.381 25.389
41.317 0.000 0.000 31.321 20.321 0.000 33.319 23.319 0.000 0.000 0.000 0.000 0.000 0.000 0.000 0.000 0.000 0.000 0.000 28.498 25.498 13.498 0.000 0.000 0.000 0.000 0.000 0.000 0.000 0.000 0.000 0.000 0.000 0.000 0.000 0.000 0.000 0.000 41.470 58.470 19.470 0.000 0.000 0.000 0.000 0.000 0.000 0.000 0.000 0.000 0.000 0.000 0.000 0.000 0.000 0.000 0.000 0.000 70.462 56.460 17.456 75.447 72.440 64.438 56.438 42.440 43.444 12.448 0.000 0.000 1.369 20.373 27.377
38.310 0.000 0.000 18.321 10.321 0.000 0.000 0.000 0.000 42.245 38.245 29.244 0.000 0.000 0.000 0.000 0.000 0.000 0.000 32.497 28.497 10.497 0.000 0.000 0.000 0.000 0.000 0.000 0.000 0.000 0.000 0.000 0.000 0.000 0.000 0.000 0.000 0.000 4.470 88.470 54.469 0.000 0.000 0.000 0.000 0.000 0.000 0.000 0.000 0.000 0.000 0.000 0.000 0.000 0.000 0.000 0.000 0.000 2.461 0.000 0.000 49.434 90.421 69.417 68.416 66.418 69.423 17.428 0.000 0.000 5.365 19.364 20.365
54.302 0.000 0.000 0.000 0.000 40.262 27.260 0.000 38.248 32.246 32.245 24.244 0.000 0.000 0.000 0.000 0.000 0.000 0.000 32.497 27.497 15.497 0.000 0.000 0.000 0.000 0.000 0.000 0.000 0.000 0.000 0.000 0.000 0.000 0.000 0.000 0.000 0.000 0.000 32.469 24.469 0.000 0.000 0.000 0.000 0.000 0.000 0.000 0.000 0.000 0.000 0.000 0.000 0.000 0.000 0.000 0.000 0.000 0.000 0.000 0.000 0.000 32.393 33.392 31.393 31.395 28.400 24.414 0.000 0.000 0.000 19.351 17.353
65.292 54.284 36.278 37.274 36.269 30.263 31.259 32.254 30.249 35.246 34.245 25.243 22.242 0.000 0.000 0.000 0.000 0.000 0.000 19.497 0.000 0.000 0.000 0.000 0.000 0.000 0.000 0.000 0.000 0.000 0.000 0.000 0.000 0.000 0.000 0.000 0.000 0.000 0.000 0.000 31.469 0.000 0.000 0.000 0.000 0.000 0.000 0.000 0.000 0.000 0.000 0.000 0.000 0.000 0.000 0.000 0.000 0.000 0.000 0.000 0.000 0.000 20.365 19.367 19.368 35.369 30.369 0.000 0.000 0.000 0.000 32.337 44.340
65.286 59.282 29.278 29.274 29.269 12.264 13.259 17.254 27.250 36.246 33.244 25.243 28.242 17.242 0.000 0.000 0.000 0.000 0.000 0.000 0.000 0.000 0.000 0.000 0.000 0.000 0.000 0.000 0.000 0.000 0.000 0.000 0.000 0.000 0.000 0.000 0.000 0.000 0.000 0.000 0.000 0.000 0.000 0.000 0.000 0.000 0.000 0.000 0.000 0.000 0.000 0.000 0.000 0.000 0.000 0.000 0.000 0.000 0.000 0.000 12.314 15.321 19.337 19.343 21.345 40.344 30.339 13.324 0.000 0.000 27.313 48.321 55.326
65.282 63.280 33.277 30.275 10.272 0.000 0.000 0.000 0.000 27.244 30.243 28.242 21.241 0.000 0.000 0.000 0.000 0.000 0.000 0.000 0.000 0.000 0.000 0.000 0.000 0.000 0.000 0.000 0.000 0.000 0.000 0.000 0.000 0.000 0.000 0.000 0.000 0.000 0.000 0.000 0.000 0.000 0.000 0.000 0.000 0.000 0.000 0.000 0.000 0.000 0.000 0.000 0.000 0.000 0.000 0.000 0.000 0.000 0.000 0.000 23.308 20.312 19.319 15.323 28.324 45.323 29.318 18.310 13.301 13.299 37.304 54.310 55.314
65.279 63.278 16.277 20.276 0.000 0.000 0.000 0.000 0.000 0.000 18.241 31.240 23.239 0.000 0.000 0.000 0.000 0.000 0.000 0.000 0.000 0.000 0.000 0.000 0.000 0.000 0.000 0.000 0.000 0.000 0.000 0.000 0.000 0.000 0.000 0.000 0.000 0.000 0.000 0.000 0.000 0.000 0.000 0.000 0.000 0.000 0.000 0.000 0.000 0.000 0.000 0.000 0.000 0.000 0.000 0.000 0.000 0.000 0.000 17.291 15.297 14.301 19.305 33.306 46.306 36.305 20.302 18.298 20.294 17.293 38.296 56.299 55.303
65.275 39.276 0.000 0.000 0.000 0.000 0.000 0.000 0.000 0.000 0.000 21.239 28.237 26.236 0.000 0.000 0.000 0.000 0.000 0.000 0.000 0.000 0.000 0.000 0.000 0.000 0.000 0.000 0.000 0.000 0.000 0.000 0.000 0.000 0.000 0.000 0.000 0.000 0.000 0.000 0.000 0.000 0.000 0.000 0.000 0.000 0.000 0.000 0.000 0.000 0.000 0.000 0.000 0.000 0.000 0.000 22.278 14.279 12.281 24.286 38.289 43.291 45.292 45.292 31.291 19.289 18.287 18.285 17.284 19.284 42.286 57.289 55.293
