results3/res_3e8f-0131.wd
ncols         241
nrows         181
xllcorner     12693529.787448
yllcorner     3542525.717860
cellsize      155.156523
NODATA_value  -9999.000000
[rows 99 to 131 of 181, columns 73 to 145 of 241]
58.300 58.279 58.257 57.234 57.211 62.187 65.163 62.141 58.124 58.116 52.117 8.121 0.000 0.000 0.000 0.000 0.000 13.518 71.514 96.480 94.477 93.638 100.315 100.244 93.349 94.047 93.896 93.788 94.686 94.589 93.502 97.428 56.377 0.000 0.000 0.000 0.000 0.000 0.000 29.717 55.639 67.484 35.220 17.069 47.021 49.957 47.878 51.765 48.527 46.135 15.773 40.519 44.388 59.301 65.237 68.190 66.155 61.130 54.114 49.105 44.100 22.092 0.000 0.000 0.000 0.000 16.492 34.491 46.491 70.491 71.491 71.490 71.490
58.343 58.323 57.302 55.279 59.255 64.230 65.201 65.170 59.146 56.132 61.127 61.126 22.127 0.000 16.229 46.177 23.064 2.866 59.748 99.622 94.872 94.889 100.375 92.664 94.453 94.108 94.022 93.913 93.809 93.711 95.625 94.558 30.515 0.000 0.000 0.000 0.000 0.000 0.000 33.892 39.834 50.767 0.000 0.000 42.180 50.124 49.033 52.896 52.681 23.408 0.000 35.419 49.360 54.294 75.242 76.201 76.170 77.148 78.132 76.123 57.119 0.000 0.000 0.000 0.000 0.000 0.000 33.489 46.489 70.488 71.488 71.487 71.487
58.388 57.369 57.349 60.326 63.301 64.274 39.243 3.190 32.159 68.141 41.133 15.129 7.128 0.000 27.282 77.237 74.149 66.032 84.903 96.050 93.035 100.458 93.947 94.753 94.321 94.257 94.142 94.034 93.926 94.820 92.730 80.662 27.611 0.610 0.000 0.000 0.000 0.000 37.275 44.126 42.036 42.984 16.015 0.000 48.397 66.327 59.232 54.105 28.893 0.000 0.000 18.378 8.337 48.275 73.234 77.202 75.177 75.158 75.145 77.136 50.133 44.137 44.139 50.139 0.000 0.000 0.000 10.488 45.486 70.486 71.485 71.485 71.484
57.434 56.418 61.398 64.375 64.350 64.324 29.305 0.000 0.000 11.138 2.136 0.000 0.000 0.000 20.379 83.339 89.267 97.178 97.133 94.255 100.804 100.590 93.916 94.627 94.479 94.372 94.265 94.155 94.040 99.914 49.814 17.749 1.684 0.000 1.785 4.785 0.000 28.553 46.425 42.301 42.200 41.118 47.046 12.913 41.682 67.556 66.465 64.399 0.000 0.000 0.000 0.000 0.000 46.234 75.217 79.197 76.179 75.163 73.152 62.144 43.141 39.140 40.140 24.140 0.000 0.000 0.000 0.000 41.484 70.483 71.483 71.482 67.481
56.484 62.469 64.450 64.427 62.398 68.367 38.348 0.000 0.000 0.000 0.000 0.000 0.000 0.000 31.518 89.470 92.408 96.283 95.517 95.528 100.995 93.305 95.011 94.686 94.601 94.493 94.388 98.283 104.164 58.981 27.864 2.815 0.000 0.000 0.000 1.786 29.786 52.681 46.569 39.454 44.346 48.243 45.138 43.011 56.863 60.750 50.672 58.627 0.000 0.000 0.000 0.000 0.000 52.210 76.202 81.191 80.177 76.165 71.155 40.149 38.145 39.143 46.142 0.000 0.000 0.000 0.000 35.481 39.481 68.481 71.481 71.480 65.479
63.538 64.525 64.507 63.483 41.451 7.396 26.372 28.371 0.000 0.000 0.000 0.000 0.000 22.824 75.704 89.626 92.529 94.685 95.693 101.331 101.170 94.283 94.985 94.824 94.718 94.612 98.513 60.424 20.354 0.000 37.846 23.833 0.000 0.000 0.000 0.000 37.891 71.818 62.715 57.601 52.486 53.370 51.252 52.129 65.008 58.911 42.844 44.812 0.000 0.000 0.000 0.000 0.000 52.195 80.191 45.186 43.175 75.164 78.156 48.151 39.147 44.145 14.144 0.000 0.000 0.000 0.000 8.480 35.480 53.479 69.479 72.478 65.477
64.596 64.588 60.570 64.546 46.526 0.000 17.371 47.371 0.000 0.000 0.000 0.000 13.040 74.944 88.850 94.770 94.740 94.881 101.619 101.479 93.614 95.389 95.038 94.948 94.834 94.726 98.626 70.545 2.496 0.000 7.842 10.838 0.000 0.000 0.000 0.000 25.070 56.985 61.872 71.751 67.626 55.499 58.371 67.245 62.131 50.040 41.982 42.965 17.014 18.026 0.000 0.000 0.000 50.184 84.182 0.000 0.000 24.158 71.154 61.151 42.148 21.146 0.000 0.000 0.000 0.000 0.000 0.000 8.479 32.478 58.477 68.476 61.476
62.662 59.658 58.641 74.605 53.582 0.000 16.371 44.371 0.000 0.000 0.000 7.209 71.137 84.060 93.989 96.868 96.111 94.140 101.748 92.927 94.700 91.258 93.184 95.061 94.946 95.831 89.721 79.636 27.566 0.000 0.000 0.000 0.000 0.000 0.000 12.549 47.334 52.178 52.038 53.903 62.768 65.630 68.489 62.350 49.229 43.137 42.078 41.051 45.051 30.039 0.000 0.000 0.000 39.174 76.171 42.164 31.160 23.156 66.153 72.150 52.148 0.000 0.000 3.143 0.000 0.000 0.000 0.000 0.000 27.476 51.475 56.475 43.474
56.735 65.744 61.729 2.650 3.616 0.000 7.371 7.371 0.000 0.000 0.000 8.281 87.238 89.180 97.091 96.256 95.277 101.977 101.867 94.887 94.574 94.414 94.295 93.178 94.058 95.933 52.789 3.712 0.000 0.000 0.000 0.000 0.000 16.233 33.055 47.765 58.538 55.357 54.200 51.055 51.913 54.765 66.606 67.437 59.298 48.203 41.143 41.112 43.101 0.000 0.000 0.000 0.000 24.168 66.165 44.162 40.159 40.155 72.151 75.148 58.146 21.144 11.143 54.143 0.000 0.000 0.000 0.000 0.000 30.474 54.474 49.474 35.473
57.816 67.852 54.881 0.000 0.000 0.000 4.371 16.371 0.370 0.000 0.000 74.396 84.356 96.299 96.294 95.436 102.172 102.078 94.202 95.976 95.626 95.532 95.412 95.294 97.175 47.054 0.000 0.000 0.000 0.000 0.000 5.890 31.707 48.412 61.166 56.916 55.697 55.512 55.350 56.204 54.063 52.912 26.730 45.496 70.321 52.232 40.180 43.151 41.140 29.147 0.000 0.000 0.000 25.164 58.160 36.158 0.000 0.000 28.147 65.146 54.145 63.143 70.143 29.143 0.000 0.000 0.000 0.000 0.000 5.474 45.473 43.473 36.472
55.895 59.968 59.063 35.206 0.000 0.000 0.000 2.371 5.371 0.000 27.648 87.551 94.488 96.409 96.567 94.689 102.258 94.493 96.273 95.837 95.768 95.646 96.530 97.412 59.293 0.000 0.000 0.000 0.000 0.000 8.320 51.073 61.820 57.542 56.281 56.037 55.824 55.642 55.485 55.348 55.222 64.092 2.915 0.000 38.260 47.226 39.194 48.173 48.161 30.154 0.000 0.000 0.000 0.000 42.154 79.152 47.149 0.000 21.145 66.144 60.143 51.142 51.142 0.000 0.000 0.000 0.000 0.000 0.000 0.000 24.471 35.471 36.471
67.957 6.061 62.197 60.350 49.539 8.663 0.000 0.000 0.000 18.812 77.744 91.674 97.612 96.595 95.747 102.406 102.336 95.443 96.140 95.987 95.876 96.765 98.648 59.530 0.000 0.000 0.000 0.000 7.071 37.901 48.567 60.263 56.957 56.656 53.378 53.129 52.919 53.746 55.602 55.482 58.385 35.318 0.000 0.000 18.232 43.216 42.198 60.185 56.177 0.000 0.000 0.000 0.000 0.000 26.149 71.148 83.147 40.144 66.143 80.143 72.142 48.141 41.140 13.139 0.000 0.000 0.000 0.000 0.000 0.000 30.470 36.470 40.470
49.991 3.122 64.315 54.457 61.604 53.787 15.094 2.763 11.878 78.880 87.842 97.798 96.683 96.948 94.973 102.466 94.733 96.525 96.184 96.100 96.991 97.889 51.768 0.000 0.000 0.000 0.000 0.000 50.242 61.065 58.784 57.455 59.088 58.749 64.445 69.181 63.979 56.820 50.693 54.593 60.519 18.476 0.000 0.000 14.221 46.209 47.199 69.190 57.186 0.000 0.000 0.000 0.000 0.000 14.146 66.145 75.144 80.143 76.142 76.141 80.140 64.140 43.139 44.138 13.136 6.136 0.000 0.000 0.000 32.469 37.469 35.469 40.469
0.000 0.000 32.482 83.559 46.633 0.000 0.000 16.969 76.992 81.986 95.963 96.870 97.146 95.074 102.550 94.993 96.802 96.377 96.318 97.206 94.100 49.030 0.000 0.000 0.000 0.000 6.097 52.922 60.588 58.335 58.049 61.684 36.192 14.805 17.474 34.172 59.994 61.863 62.759 54.679 55.622 16.591 0.000 0.000 0.000 27.202 45.197 52.193 51.190 0.184 0.000 0.000 0.000 0.000 14.143 57.143 70.142 75.141 76.141 77.140 73.139 69.139 54.138 42.137 46.136 52.135 0.000 0.000 0.000 0.000 35.469 36.468 38.468
0.000 0.000 9.573 84.664 71.736 0.000 0.000 24.138 85.133 93.120 97.067 98.258 98.291 102.870 102.675 95.945 96.660 96.520 96.421 91.317 81.173 32.101 0.000 0.000 5.593 41.483 50.273 62.080 58.854 58.637 62.395 40.039 0.000 0.000 0.000 20.038 57.963 54.878 58.802 64.741 64.698 42.677 0.000 0.000 0.000 9.199 47.196 41.193 48.192 0.000 0.000 0.000 0.000 0.000 19.141 44.141 61.141 75.140 70.139 63.139 65.139 26.138 51.137 60.136 53.135 49.135 0.000 0.000 0.000 0.000 0.000 30.467 35.467
0.000 0.000 0.000 12.788 61.911 2.193 12.348 78.311 90.287 97.261 97.273 97.445 103.225 103.052 95.235 97.032 96.698 96.625 89.535 55.467 0.000 0.000 0.000 13.805 59.702 53.584 61.431 59.273 59.110 59.964 37.853 0.000 0.000 0.000 0.000 18.981 60.940 54.885 54.830 56.784 60.753 62.741 14.758 0.000 0.000 0.000 28.194 47.193 22.192 0.000 0.000 0.000 0.000 0.000 12.140 40.139 51.139 58.139 50.138 47.138 12.138 0.000 0.130 44.134 48.134 57.134 0.000 0.000 0.000 0.000 0.000 24.467 35.467
0.000 0.000 0.000 0.000 0.287 12.502 81.497 86.471 97.447 97.370 98.647 98.714 103.387 95.536 97.314 96.882 96.821 86.718 75.630 39.549 0.000 0.000 0.000 53.908 75.827 60.720 52.596 60.469 58.351 61.255 31.201 0.000 0.000 0.000 14.978 49.965 56.932 55.891 55.850 52.814 48.788 50.776 12.776 0.000 0.000 0.000 9.193 54.193 2.192 0.000 0.000 0.000 0.000 0.000 12.138 42.138 41.138 40.137 38.137 44.137 0.000 0.000 0.000 19.134 42.133 60.132 4.132 0.000 0.000 0.000 0.000 0.000 28.466
0.000 0.000 0.000 0.000 0.000 84.693 83.668 97.636 97.579 98.773 98.838 103.684 103.540 96.490 98.174 96.016 81.900 70.806 44.718 0.000 0.000 0.000 48.231 66.091 65.980 72.872 60.762 50.658 56.568 66.505 69.495 32.593 0.000 0.000 13.992 61.967 55.934 55.898 54.863 50.833 44.811 45.798 11.794 0.000 0.000 0.000 0.000 27.192 35.192 0.000 0.000 0.000 0.000 0.000 20.137 44.137 38.136 39.136 39.136 41.135 24.135 0.000 0.000 0.000 29.132 50.131 28.131 2.130 0.000 0.000 0.000 0.000 23.466
0.000 0.000 0.000 0.000 24.025 84.910 96.847 97.799 98.800 100.979 103.953 103.821 95.799 97.562 94.213 83.112 71.966 43.886 0.000 0.000 0.000 50.503 71.371 57.245 49.131 63.024 74.924 62.833 65.757 66.704 53.682 59.691 38.675 1.046 22.032 53.976 49.938 56.905 51.872 43.844 42.824 46.813 8.808 0.000 0.000 0.000 0.000 14.192 54.192 0.000 0.000 0.000 0.000 0.000 0.000 26.135 41.135 39.135 39.135 39.134 47.134 0.000 0.000 0.000 0.000 31.131 42.130 48.130 0.000 0.000 0.000 0.000 0.000
0.000 0.000 0.000 0.000 67.140 93.074 99.017 97.916 98.179 96.253 104.080 96.083 97.847 92.415 81.346 56.225 0.000 0.000 0.000 0.000 50.764 71.634 58.507 47.386 47.274 49.171 60.076 74.993 65.923 50.871 58.837 60.814 34.789 0.000 18.999 78.967 65.939 54.911 48.876 44.846 41.830 42.821 36.816 0.818 0.000 0.000 0.000 0.000 33.191 5.191 0.000 0.000 0.000 0.000 0.000 6.134 43.134 39.134 39.134 39.134 41.133 25.133 0.000 0.000 0.000 12.130 39.130 42.130 0.000 0.000 0.000 0.000 0.000
0.000 0.000 0.000 70.440 67.320 73.238 88.147 99.317 96.375 104.317 104.201 97.017 92.702 81.554 60.447 0.000 0.000 32.444 0.000 3.028 75.893 58.763 47.637 48.519 47.409 50.308 64.218 73.139 74.073 58.020 53.980 64.941 38.877 0.000 0.000 9.952 22.939 4.925 0.000 14.835 45.829 52.823 53.820 39.820 0.000 0.000 0.000 0.000 0.000 0.000 0.000 0.000 0.000 0.000 0.000 7.134 43.134 42.134 45.133 40.133 37.133 46.132 0.000 0.000 0.000 19.130 53.130 58.130 0.000 0.000 0.000 0.000 0.000
0.000 0.000 9.660 71.560 68.463 69.383 79.356 95.518 104.537 104.428 96.298 93.063 80.732 54.655 0.000 0.000 49.498 48.444 30.336 14.163 64.019 47.886 48.761 47.643 48.535 63.436 69.348 33.271 24.208 76.158 62.121 40.092 1.000 0.000 0.000 0.000 0.000 0.000 0.000 11.830 63.827 57.824 54.822 50.821 5.821 0.000 0.000 0.000 0.000 0.000 0.000 0.000 0.000 0.000 0.000 31.133 40.133 15.133 0.000 15.132 40.132 44.132 0.000 0.000 0.000 21.129 57.129 26.129 0.000 0.000 0.000 0.000 0.000
0.000 84.843 72.760 69.675 67.598 68.476 69.717 73.780 104.642 95.541 91.302 80.890 54.846 0.000 0.000 0.000 53.551 51.499 71.401 55.268 48.133 49.002 47.877 50.759 70.651 67.552 48.466 44.391 49.331 77.284 74.254 38.239 0.000 0.000 0.000 0.000 0.000 0.000 0.000 11.828 70.826 70.824 65.822 56.821 1.821 0.000 0.000 0.000 0.000 0.000 0.000 0.000 0.000 0.000 4.132 43.132 45.133 0.000 0.000 0.128 43.131 44.131 0.000 0.000 0.000 0.000 28.129 0.000 0.000 0.000 0.000 0.000 0.000
1.039 82.926 96.863 88.791 73.694 74.851 66.897 104.841 104.743 74.424 79.101 54.998 0.000 0.000 0.000 0.000 55.657 68.600 66.501 48.376 48.244 48.111 58.985 70.866 59.757 48.658 48.571 48.498 49.438 58.395 76.370 72.372 33.423 0.000 0.000 0.000 0.000 0.000 0.000 0.000 56.824 58.823 70.822 71.821 27.821 0.000 0.000 0.000 0.000 0.000 0.000 0.000 0.000 0.000 35.132 45.132 22.132 0.000 0.000 4.131 44.131 42.131 0.000 0.000 0.000 0.000 0.000 0.000 0.000 0.000 0.000 0.000 0.000
19.126 96.046 98.975 98.904 93.877 84.030 105.030 104.935 66.576 61.361 0.000 0.000 0.000 0.000 0.000 0.000 66.821 71.742 47.627 49.493 49.353 61.216 70.085 51.963 48.852 48.752 48.664 48.590 48.530 48.487 57.461 77.456 70.474 44.504 35.516 39.519 8.519 0.000 0.000 0.000 0.000 36.822 76.821 76.821 37.821 0.000 0.000 0.000 0.000 0.000 0.000 0.000 0.000 0.000 24.132 23.132 0.000 0.000 0.000 0.000 24.131 51.131 0.000 0.000 0.000 0.000 0.000 0.000 0.000 0.000 0.000 0.000 0.000
89.231 99.158 99.093 98.977 103.219 94.275 105.122 66.661 69.341 64.071 0.000 0.000 0.000 0.000 0.000 60.233 72.063 48.921 49.772 49.616 57.461 70.314 48.176 49.050 48.936 48.833 48.743 48.667 48.607 48.561 48.530 52.516 53.515 48.521 49.525 56.521 38.520 0.000 0.000 0.000 0.000 0.000 31.821 67.821 30.820 0.000 0.000 0.000 0.000 0.000 0.000 0.000 0.000 0.000 0.000 0.000 0.000 0.000 0.000 0.000 0.000 3.130 0.000 0.000 0.000 0.000 0.000 0.000 0.000 0.000 0.000 0.000 0.000
95.332 95.269 99.179 100.339 97.384 105.300 105.211 71.298 55.701 0.941 3.941 0.941 0.000 0.000 0.000 77.403 54.276 50.108 49.923 51.737 72.562 52.401 49.256 49.126 49.008 48.901 48.808 48.730 48.668 48.620 48.585 47.562 46.548 49.542 31.540 0.000 0.000 0.000 0.000 0.000 0.000 0.000 0.000 60.820 48.820 15.820 0.000 0.000 0.000 0.000 0.000 0.000 0.000 0.000 0.000 0.000 0.000 0.000 0.000 0.000 0.000 0.000 0.000 0.000 0.000 0.000 0.000 0.000 0.000 0.000 0.000 0.000 0.000
74.445 74.378 78.355 74.510 105.475 105.388 82.836 63.984 54.831 0.000 0.000 0.941 0.000 0.000 0.000 52.700 48.532 48.312 47.074 59.848 52.648 46.473 47.322 47.190 47.069 46.957 47.858 48.778 48.714 48.665 47.627 45.598 47.574 47.560 44.553 34.554 37.553 39.552 38.550 40.550 11.549 0.000 0.000 0.000 57.819 29.819 0.000 0.000 0.000 0.000 0.000 0.000 0.000 0.000 0.000 0.000 0.000 0.000 0.000 0.000 0.000 0.000 0.000 0.000 0.000 0.000 0.000 0.000 0.000 0.000 0.000 0.000 0.000
89.560 111.447 76.692 106.749 105.559 65.419 55.998 0.000 70.085 28.382 0.000 0.000 0.000 0.000 96.568 75.165 45.841 53.532 64.214 62.935 58.709 56.520 56.370 56.242 55.122 48.998 44.890 48.809 48.747 48.700 47.662 47.628 51.591 51.570 52.560 62.556 62.553 58.552 51.550 50.549 29.549 0.000 0.000 0.000 16.819 22.819 0.000 0.000 0.000 0.000 0.000 0.000 0.000 0.000 0.000 0.000 0.000 0.000 0.000 0.000 0.000 0.000 0.000 0.000 0.000 0.000 0.000 0.000 0.000 0.000 0.000 0.000 0.000
137.641 116.237 114.281 105.717 105.640 93.512 0.000 37.022 65.022 138.679 114.216 0.683 44.043 33.507 94.970 54.551 52.134 123.763 114.315 109.967 109.734 108.527 107.395 106.286 105.178 76.024 42.896 48.819 48.765 48.725 48.693 40.660 0.000 0.000 0.000 0.000 0.000 0.000 15.549 67.549 46.548 17.547 0.000 0.000 0.000 0.000 0.000 0.000 0.000 0.000 0.000 0.000 0.000 0.000 0.000 0.000 0.000 0.000 0.000 0.000 0.000 0.000 0.000 0.000 0.000 0.000 0.000 0.000 0.000 0.000 0.000 0.000 0.000
95.811 115.397 105.859 105.789 90.048 0.000 0.000 0.000 8.304 60.097 47.823 0.000 25.510 0.000 54.256 50.935 60.380 116.072 0.000 1.816 0.000 52.460 61.397 122.331 35.280 0.000 52.851 48.807 48.770 49.743 31.725 0.000 0.000 0.000 0.000 0.000 0.000 0.000 0.000 20.548 67.547 23.547 0.000 0.000 0.000 0.000 0.000 0.000 0.000 0.000 0.000 0.000 0.000 0.000 0.000 0.000 0.000 0.000 0.000 0.000 0.000 0.000 0.000 0.000 0.000 0.000 0.000 0.000 0.000 0.000 0.000 0.000 0.000
116.569 114.621 105.924 114.542 116.389 36.677 0.000 15.792 42.792 52.581 29.157 6.067 46.977 92.463 90.863 83.555 0.000 35.071 0.000 13.620 35.538 63.455 108.403 71.359 36.330 0.000 0.000 54.786 48.765 49.750 30.741 0.000 0.000 0.000 0.000 0.000 0.000 0.000 0.000 0.000 14.546 53.546 18.546 0.000 0.000 0.000 0.000 0.000 0.000 0.000 0.000 0.000 0.000 0.000 0.000 0.000 0.000 0.000 0.000 0.000 0.000 0.000 0.000 0.000 0.000 0.000 0.000 0.000 0.000 0.000 0.000 0.000 0.000
114.703 106.042 105.985 95.049 37.814 0.000 0.000 0.000 4.492 31.277 0.000 0.000 39.868 83.548 137.177 72.866 0.000 0.000 0.000 0.000 0.000 77.421 112.399 42.374 39.352 0.000 0.000 0.000 53.756 47.751 45.747 43.747 31.747 0.000 0.000 0.000 0.000 0.000 0.000 0.000 9.546 67.546 25.545 0.000 0.000 0.000 0.000 0.000 0.000 0.000 0.000 0.000 0.000 0.000 0.000 0.000 0.000 0.000 0.000 0.000 0.000 0.000 0.000 0.000 0.000 0.000 0.000 0.000 0.000 0.000 0.000 0.000 0.000
