results3/res_3e8f-0167.wd
ncols         241
nrows         181
xllcorner     12693529.787448
yllcorner     3542525.717860
cellsize      155.156523
NODATA_value  -9999.000000
[rows 99 to 131 of 181, columns 73 to 145 of 241]
59.581 59.557 59.533 58.507 58.480 63.453 66.425 63.398 59.379 59.369 53.370 9.376 0.000 0.000 0.000 0.000 0.000 14.602 72.569 97.525 95.518 94.675 101.344 101.273 94.375 95.073 94.921 94.813 95.710 95.612 94.524 98.450 57.398 0.000 0.000 0.000 0.000 0.000 0.000 33.770 59.697 71.584 39.446 21.237 51.143 54.060 51.969 55.853 52.647 50.324 19.993 44.750 48.623 63.537 69.475 72.428 70.394 65.370 58.354 53.346 48.341 26.333 0.000 0.000 0.000 0.000 20.767 38.767 50.767 74.767 75.767 75.766 75.766
59.631 59.608 58.584 56.559 60.531 65.501 66.469 66.432 60.405 57.389 62.383 62.382 23.383 0.000 17.236 47.184 24.071 3.870 60.775 100.654 95.904 95.920 101.403 93.687 95.476 95.131 95.045 94.935 94.829 94.730 96.642 95.572 31.529 0.000 0.000 0.000 0.000 0.000 2.089 37.936 43.848 54.759 3.687 0.000 46.263 54.204 53.112 56.983 56.793 27.558 0.000 39.653 53.596 58.532 79.480 80.441 80.411 81.389 82.374 80.366 61.362 0.000 0.000 0.387 0.000 0.000 0.000 37.766 50.766 74.766 75.766 75.765 75.765
59.682 58.661 58.638 61.612 64.584 65.553 40.516 4.456 33.419 69.399 42.390 16.385 8.384 0.000 28.289 78.244 75.158 67.042 85.923 97.073 94.061 101.485 94.968 95.774 95.342 95.278 95.162 95.053 94.943 95.835 93.741 81.669 28.618 1.600 0.000 0.000 0.000 2.318 41.215 48.097 46.001 46.917 19.856 0.000 52.444 70.380 63.292 58.175 32.984 0.000 0.000 22.614 12.575 52.514 77.475 81.444 79.420 79.402 79.389 81.381 54.379 48.385 48.387 54.388 0.000 0.000 0.000 14.766 49.765 74.765 75.765 75.764 75.764
58.735 57.716 62.694 65.668 65.639 65.609 30.587 0.000 0.408 12.396 3.393 0.000 0.000 0.000 21.386 84.346 90.275 98.189 98.148 95.272 101.825 101.615 94.936 95.646 95.498 95.390 95.283 95.172 95.055 100.925 50.820 18.744 2.670 0.326 5.806 8.770 0.000 32.409 50.334 46.238 46.142 45.051 50.966 16.876 45.688 71.581 70.500 68.441 0.000 0.000 0.000 0.000 0.000 50.476 79.460 83.441 80.423 79.409 77.398 66.391 47.388 43.389 44.389 28.388 0.000 0.000 0.000 0.000 45.764 74.764 75.764 75.764 71.763
57.792 63.775 65.754 65.727 63.695 69.658 39.637 0.000 0.000 0.000 0.000 0.000 0.000 0.000 32.524 90.477 93.416 97.293 96.529 96.542 102.012 94.321 96.027 95.703 95.618 95.509 95.405 99.299 105.180 59.992 28.870 3.816 0.000 0.000 0.000 5.733 33.697 56.574 50.476 43.377 48.278 52.178 49.079 46.975 60.851 64.755 54.687 62.648 0.000 0.000 0.000 0.000 0.000 56.455 80.447 85.436 84.423 80.412 75.404 44.398 42.394 43.392 50.392 0.000 0.000 0.000 0.000 39.763 43.763 72.763 75.763 75.763 69.762
64.853 65.840 65.819 64.791 42.755 8.693 27.665 29.665 0.000 0.000 0.000 0.000 0.000 23.827 76.708 90.631 93.535 95.693 96.703 102.343 102.185 95.297 95.999 95.838 95.733 95.627 99.527 61.439 21.373 0.000 38.850 24.836 0.000 0.000 0.000 0.000 41.785 75.712 66.619 61.518 56.413 57.306 55.199 56.092 68.987 62.902 46.844 48.816 0.000 0.000 0.000 0.000 0.000 56.443 84.438 49.431 47.422 79.413 82.406 52.401 43.398 48.396 18.394 0.000 0.000 0.000 0.000 12.763 39.763 57.763 73.762 76.762 69.762
65.921 65.911 61.892 65.864 47.842 0.000 18.665 48.665 0.000 0.000 0.000 0.000 14.040 75.945 89.852 95.774 95.745 95.887 102.626 102.489 94.625 96.400 96.050 95.960 95.847 95.739 99.638 71.556 3.501 0.000 8.845 11.841 0.000 0.000 0.000 0.000 28.947 60.870 65.770 75.662 71.550 59.435 62.319 71.205 66.103 54.023 45.971 46.957 21.003 22.014 0.000 0.000 0.000 54.434 88.432 2.429 0.000 28.411 75.407 65.404 46.401 25.398 0.000 0.000 0.000 0.000 0.000 0.000 12.762 36.762 62.762 72.762 65.761
63.996 60.992 59.972 75.931 54.906 0.000 17.665 45.665 0.000 0.000 0.000 8.207 72.136 85.060 94.989 97.870 97.114 95.145 102.753 93.934 95.709 92.267 94.195 96.072 95.958 96.843 90.731 80.646 28.573 0.000 0.000 0.000 0.000 0.000 0.000 16.371 51.185 56.051 55.930 57.811 66.690 69.565 72.436 66.308 53.198 47.115 46.061 45.037 49.037 34.026 0.000 0.000 0.000 43.428 80.426 46.423 35.417 27.412 70.409 76.406 56.404 0.000 0.000 7.405 0.000 0.000 0.000 0.000 0.000 31.761 55.761 60.761 47.761
58.081 67.090 63.073 3.983 4.944 0.000 8.664 8.664 0.000 0.000 0.000 9.279 88.235 90.179 98.090 97.257 96.278 102.979 102.871 95.893 95.581 95.422 95.304 94.187 95.068 96.943 53.799 4.722 0.000 0.000 0.000 0.000 0.000 19.935 36.794 51.558 62.371 59.220 58.087 54.961 55.834 58.700 70.552 71.394 63.264 52.177 45.122 45.093 47.084 0.000 0.000 0.000 0.000 28.424 70.423 48.420 44.417 44.413 76.409 79.407 62.406 25.406 15.405 58.405 0.000 0.000 0.000 0.000 0.000 34.761 58.761 53.761 39.760
59.174 69.215 56.248 0.000 0.000 0.000 5.664 17.664 1.664 0.000 0.540 75.393 85.351 97.295 97.291 96.434 103.171 103.078 95.205 96.980 96.631 96.539 96.420 96.302 98.184 48.064 0.000 0.000 0.000 0.000 0.000 9.433 35.298 52.077 64.889 60.694 59.521 59.371 59.237 60.112 57.986 56.848 30.676 49.453 74.289 56.206 44.157 47.130 45.120 33.127 0.000 0.000 0.000 29.422 62.419 40.418 0.000 0.000 32.408 69.407 58.406 67.406 74.406 33.405 0.000 0.000 0.000 0.000 0.000 9.760 49.760 47.760 40.760
57.264 61.347 60.455 36.617 0.000 0.000 0.000 3.664 6.664 0.000 28.629 88.540 95.480 97.402 97.562 95.685 103.256 95.492 97.274 96.840 96.771 96.651 97.536 98.419 60.301 0.000 0.000 0.000 0.000 0.000 11.746 54.568 65.385 61.184 59.992 59.810 59.648 59.505 59.378 59.263 59.151 68.030 6.853 0.000 42.232 51.200 43.171 52.151 52.140 34.133 0.000 0.000 0.000 0.000 46.416 83.415 51.413 0.000 25.407 70.407 64.406 55.406 55.405 0.000 0.000 0.000 0.000 0.000 0.000 0.000 28.760 39.760 40.760
69.336 7.455 63.610 61.778 50.978 10.100 0.372 0.000 0.000 19.794 78.727 92.660 98.601 97.586 96.740 103.402 103.333 96.441 97.139 96.988 96.878 97.768 99.653 60.536 0.000 0.000 0.000 0.000 10.305 41.169 51.923 63.707 60.492 60.280 57.084 56.907 56.754 57.623 59.509 59.410 62.327 39.266 0.000 0.000 22.207 47.192 46.175 64.163 60.156 0.000 0.000 0.000 0.000 0.000 30.413 75.412 87.411 44.409 70.408 84.407 76.406 52.406 45.405 17.405 0.000 0.000 0.000 0.000 0.000 0.000 34.759 40.759 44.759
51.376 4.527 65.750 55.908 63.057 55.214 16.485 3.764 12.864 79.861 88.823 98.782 97.670 97.937 95.965 103.462 95.729 97.522 97.182 97.099 97.991 98.890 52.772 0.000 0.000 0.000 0.000 2.612 53.441 64.279 62.072 60.845 62.596 62.362 68.156 72.981 67.840 60.723 54.624 58.542 64.479 22.442 0.000 0.000 18.196 50.186 51.176 73.168 61.164 0.000 0.000 0.000 0.000 0.000 18.411 70.410 79.409 84.408 80.407 80.407 84.406 68.405 47.405 48.405 17.404 10.404 0.000 0.000 0.000 36.759 41.759 39.759 44.759
0.000 0.000 33.956 85.046 48.128 0.000 0.000 17.942 77.966 82.962 96.941 97.851 98.131 96.062 103.545 95.986 97.795 97.372 97.315 98.204 95.099 50.030 0.000 0.000 0.000 0.000 8.903 55.755 63.598 61.433 61.240 65.004 39.687 18.415 21.198 38.021 63.902 65.805 66.722 58.655 59.606 20.580 0.000 0.000 0.000 31.179 49.175 56.171 55.169 4.169 0.000 0.000 0.000 0.000 18.409 61.409 74.408 79.408 80.407 81.406 77.406 73.405 58.405 46.404 50.404 56.404 0.000 0.000 0.000 2.759 39.759 40.759 42.759
0.000 0.000 11.073 86.190 73.283 0.000 0.000 25.096 86.097 94.088 98.041 99.236 99.274 103.861 103.669 96.936 97.652 97.514 97.416 92.314 82.171 33.101 0.000 0.000 8.310 44.221 53.052 64.905 61.762 61.616 65.453 43.243 1.043 0.000 0.000 24.003 61.943 58.872 62.805 68.750 68.711 46.693 0.000 0.000 0.000 13.176 51.174 45.172 52.170 3.170 0.000 0.000 0.000 0.000 23.408 48.408 65.408 79.407 74.407 67.406 69.406 30.405 55.405 64.404 57.404 53.404 0.000 0.000 0.000 0.000 0.000 34.758 39.758
0.000 0.000 0.000 14.360 63.529 3.127 13.258 79.249 91.240 98.224 98.243 98.421 104.210 104.040 96.223 98.021 97.689 97.618 90.529 56.461 0.000 0.000 0.000 16.484 62.399 56.301 64.177 62.052 61.931 62.816 40.713 1.523 0.000 0.000 0.000 23.045 64.996 58.935 58.876 60.828 64.796 66.787 18.816 0.000 0.000 0.000 32.172 51.172 26.171 0.000 0.000 0.000 0.000 0.000 16.407 44.407 55.407 62.406 54.406 51.406 16.406 0.000 4.404 48.404 52.404 61.403 0.000 0.000 0.000 0.000 0.000 28.758 39.758
0.000 0.000 0.000 0.000 1.085 13.352 82.399 87.401 98.395 98.329 99.615 99.689 104.369 96.520 98.300 97.870 97.810 87.709 76.622 40.542 0.000 0.000 0.000 56.570 78.501 63.408 55.303 63.195 61.093 64.004 33.943 0.000 0.000 0.000 19.221 54.135 61.062 59.995 59.936 56.889 52.857 54.843 16.846 0.000 0.000 0.000 13.172 58.171 6.171 0.000 0.000 0.000 0.000 0.000 16.407 46.406 45.406 44.406 42.406 48.406 0.000 0.000 0.000 23.403 46.403 64.403 8.403 0.000 0.000 0.000 0.000 0.000 32.758
0.000 0.000 0.000 0.000 0.000 85.590 84.583 98.570 98.526 99.731 99.805 104.662 104.520 97.473 99.159 97.003 82.889 71.796 45.709 0.000 0.000 0.000 50.845 68.724 68.626 75.529 63.430 53.333 59.241 69.163 72.112 35.119 0.000 0.000 18.306 66.212 60.123 60.048 58.984 54.935 48.901 49.883 15.877 0.000 0.000 0.000 0.000 31.171 39.171 0.000 0.000 0.000 0.000 0.000 24.406 48.406 42.406 43.406 43.405 45.405 28.405 0.000 0.000 0.000 33.403 54.403 32.402 6.402 0.000 0.000 0.000 0.000 27.758
0.000 0.000 0.000 0.000 24.956 85.834 97.777 98.739 99.751 101.939 104.928 104.797 96.779 98.544 95.197 84.098 72.953 44.874 0.000 0.000 0.000 53.083 73.967 59.854 51.751 65.652 77.556 65.464 68.377 69.297 56.221 62.127 40.904 3.366 26.486 58.284 54.170 61.088 56.018 47.965 46.930 50.911 12.903 0.000 0.000 0.000 0.000 18.171 58.171 3.171 0.000 0.000 0.000 0.000 0.000 30.405 45.405 43.405 43.405 43.405 51.405 0.000 0.000 0.000 0.000 35.402 46.402 52.402 0.000 0.000 0.000 0.000 0.000
0.000 0.000 0.000 0.000 68.079 94.011 99.958 98.864 99.134 97.215 105.053 97.060 98.826 93.395 82.328 57.209 0.000 0.000 0.000 0.000 53.316 74.200 61.085 49.975 49.871 51.772 62.678 77.590 68.506 53.427 61.349 63.264 37.170 0.000 23.378 83.269 70.186 59.116 53.036 48.975 45.944 46.928 40.921 4.925 0.000 0.000 0.000 0.000 37.171 9.171 0.000 0.000 0.000 0.000 0.000 10.405 47.405 43.405 43.405 43.405 45.404 29.404 0.000 0.000 0.000 16.402 43.402 46.402 0.000 0.000 0.000 0.000 0.000
0.000 0.000 0.000 71.391 68.267 74.185 89.096 100.271 97.335 105.287 105.172 97.993 93.680 82.534 61.428 0.000 0.000 34.937 0.000 5.556 78.433 61.314 50.199 51.089 49.985 52.888 66.796 75.710 76.630 60.556 56.483 67.410 41.342 0.000 0.000 14.229 27.189 9.153 0.000 18.955 49.944 56.934 57.929 43.929 0.000 0.000 0.000 0.000 0.000 0.000 0.000 0.000 0.000 0.000 0.000 11.405 47.405 46.405 49.404 44.404 41.404 50.404 0.000 0.000 0.000 23.402 57.402 62.402 0.000 0.000 0.000 0.000 0.000
0.000 0.000 10.618 72.515 69.416 70.335 80.311 96.477 105.505 105.397 97.271 94.038 81.708 55.633 0.000 0.000 51.986 50.937 32.837 16.678 66.546 50.424 51.308 50.198 51.094 65.997 71.907 35.825 26.750 78.682 64.618 42.551 3.446 0.000 0.000 0.000 0.000 0.000 0.000 15.947 67.942 61.937 58.933 54.932 9.933 0.000 0.000 0.000 0.000 0.000 0.000 0.000 0.000 0.000 0.000 35.404 44.404 19.404 0.000 19.404 44.404 48.404 0.000 0.000 0.000 25.402 61.402 30.402 0.000 0.000 0.000 0.000 0.000
0.000 85.809 73.721 70.633 68.554 69.432 70.676 74.741 105.609 96.513 92.274 81.864 55.822 0.000 0.000 0.000 56.035 53.987 73.897 57.774 50.649 51.528 50.411 53.300 73.196 70.100 51.012 46.932 51.863 79.804 76.758 40.728 0.000 0.000 0.000 0.000 0.000 0.000 0.000 15.943 74.940 74.937 69.935 60.933 5.933 0.000 0.000 0.000 0.000 0.000 0.000 0.000 0.000 0.000 8.404 47.404 49.404 0.000 0.000 4.404 47.404 48.404 0.000 0.000 0.000 0.000 32.402 0.000 0.000 0.000 0.000 0.000 0.000
1.980 83.898 97.824 89.750 74.652 75.809 67.858 105.806 105.709 75.395 80.073 55.971 0.000 0.000 0.000 0.000 58.133 71.080 68.988 50.873 50.749 50.626 61.508 73.395 62.290 51.194 51.107 51.030 51.965 60.914 78.881 74.877 35.931 0.000 0.000 0.000 0.000 0.000 0.000 0.000 60.938 62.936 74.935 75.934 31.934 0.000 0.000 0.000 0.000 0.000 0.000 0.000 0.000 0.000 39.404 49.404 26.404 0.000 0.000 8.404 48.404 46.404 0.000 0.000 0.000 0.000 0.000 0.000 0.000 0.000 0.000 0.000 0.000
20.053 96.997 99.930 99.861 94.835 84.990 105.993 105.900 67.556 62.331 0.000 0.000 0.000 0.000 0.000 0.000 69.284 74.211 50.104 51.979 51.849 63.721 72.598 54.483 51.376 51.279 51.192 51.116 51.053 51.005 59.974 79.966 72.985 47.017 38.029 42.033 11.033 0.000 0.000 0.000 0.000 40.935 80.935 80.934 41.934 0.000 0.000 0.000 0.000 0.000 0.000 0.000 0.000 0.000 28.404 27.404 0.000 0.000 0.000 0.000 28.404 55.404 0.000 0.000 0.000 0.000 0.000 0.000 0.000 0.000 0.000 0.000 0.000
90.172 100.105 100.046 99.933 104.176 95.235 106.084 67.660 70.342 65.029 0.000 0.000 0.000 0.000 0.000 62.666 74.507 51.376 52.236 52.091 59.948 72.810 50.682 51.563 51.453 51.354 51.265 51.189 51.126 51.078 51.045 55.029 56.028 51.035 52.039 59.035 41.034 0.000 0.000 0.000 0.000 0.000 35.934 71.934 34.934 0.000 0.000 0.000 0.000 0.000 0.000 0.000 0.000 0.000 0.000 0.000 0.000 0.000 0.000 0.000 0.000 7.403 0.000 0.000 0.000 0.000 0.000 0.000 0.000 0.000 0.000 0.000 0.000
96.277 96.217 100.130 101.294 98.341 106.260 106.173 72.326 56.770 1.917 4.917 1.917 0.000 0.000 0.000 79.824 56.705 52.548 52.375 54.202 75.039 54.890 51.755 51.633 51.520 51.417 51.326 51.249 51.186 51.136 51.100 50.076 49.063 52.057 34.055 0.000 0.000 0.000 0.000 0.000 0.000 0.000 0.000 64.934 52.934 19.934 0.000 0.000 0.000 0.000 0.000 0.000 0.000 0.000 0.000 0.000 0.000 0.000 0.000 0.000 0.000 0.000 0.000 0.000 0.000 0.000 0.000 0.000 0.000 0.000 0.000 0.000 0.000
75.391 75.326 79.305 75.463 106.431 106.346 83.835 65.033 55.949 0.000 0.000 1.917 0.000 0.000 0.000 55.100 50.942 50.735 49.513 62.303 55.118 48.956 49.817 49.692 49.577 49.469 50.373 51.294 51.231 51.182 50.143 48.113 50.089 50.075 47.069 37.071 40.071 42.071 41.070 43.070 14.070 0.000 0.000 2.934 61.934 33.933 0.000 0.000 0.000 0.000 0.000 0.000 0.000 0.000 0.000 0.000 0.000 0.000 0.000 0.000 0.000 0.000 0.000 0.000 0.000 0.000 0.000 0.000 0.000 0.000 0.000 0.000 0.000
90.506 112.395 77.643 107.702 106.514 66.389 56.983 0.000 71.324 29.661 0.000 0.000 0.000 0.000 98.918 77.534 48.228 55.938 66.640 65.379 61.173 59.001 58.863 58.743 57.628 51.509 47.404 51.324 51.263 51.216 50.178 50.143 54.106 54.086 55.076 65.073 65.072 61.071 54.070 53.070 32.070 0.000 0.000 0.000 20.933 26.933 0.000 0.000 0.000 0.000 0.000 0.000 0.000 0.000 0.000 0.000 0.000 0.000 0.000 0.000 0.000 0.000 0.000 0.000 0.000 0.000 0.000 0.000 0.000 0.000 0.000 0.000 0.000
138.587 117.184 115.231 106.669 106.593 94.477 0.000 38.341 66.340 140.000 115.488 1.759 46.438 35.870 97.302 56.891 54.498 126.150 116.730 112.398 112.194 111.011 109.890 108.788 107.684 78.534 45.409 51.334 51.281 51.241 51.209 43.176 0.000 0.000 0.000 0.000 0.000 0.000 18.070 70.070 49.069 20.069 0.000 0.000 0.000 0.000 0.000 0.000 0.000 0.000 0.000 0.000 0.000 0.000 0.000 0.000 0.000 0.000 0.000 0.000 0.000 0.000 0.000 0.000 0.000 0.000 0.000 0.000 0.000 0.000 0.000 0.000 0.000
96.756 116.343 106.808 106.740 91.000 0.000 0.000 0.000 9.699 61.509 49.246 0.000 27.737 0.000 56.529 53.230 62.721 118.436 0.000 4.291 0.000 54.960 63.899 124.835 37.785 0.000 55.365 51.322 51.286 52.259 34.242 0.000 0.000 0.000 0.000 0.000 0.000 0.000 0.000 23.069 70.069 26.069 0.000 0.000 0.000 0.000 0.000 0.000 0.000 0.000 0.000 0.000 0.000 0.000 0.000 0.000 0.000 0.000 0.000 0.000 0.000 0.000 0.000 0.000 0.000 0.000 0.000 0.000 0.000 0.000 0.000 0.000 0.000
117.512 115.567 106.872 115.491 117.338 37.626 0.000 17.247 44.247 54.090 30.742 7.889 49.035 94.581 93.055 85.780 0.000 37.436 0.000 16.185 38.078 65.971 110.911 73.866 38.837 0.000 0.000 57.302 51.282 52.266 33.257 0.000 0.000 0.000 0.000 0.000 0.000 0.000 0.000 0.000 17.069 56.069 21.069 0.000 0.000 0.000 0.000 0.000 0.000 0.000 0.000 0.000 0.000 0.000 0.000 0.000 0.000 0.000 0.000 0.000 0.000 0.000 0.000 0.000 0.000 0.000 0.000 0.000 0.000 0.000 0.000 0.000 0.000
115.646 106.988 106.932 95.996 38.762 0.000 0.000 0.000 5.953 32.864 0.000 0.000 41.935 85.654 139.328 75.054 0.000 0.000 0.000 0.000 0.000 79.934 114.909 44.883 41.860 0.000 0.000 0.000 56.273 50.268 48.264 46.265 34.265 0.000 0.000 0.000 0.000 0.000 0.000 0.000 12.069 70.069 28.068 0.000 0.000 0.000 0.000 0.000 0.000 0.000 0.000 0.000 0.000 0.000 0.000 0.000 0.000 0.000 0.000 0.000 0.000 0.000 0.000 0.000 0.000 0.000 0.000 0.000 0.000 0.000 0.000 0.000 0.000
