results3/res_3e8f-0097.wd
ncols         241
nrows         181
xllcorner     12693529.787448
yllcorner     3542525.717860
cellsize      155.156523
NODATA_value  -9999.000000
[rows 33 to 65 of 181, columns 146 to 218 of 241]
61.505 60.736 60.480 61.140 27.824 39.522 61.238 54.959 33.590 0.000 0.000 20.481 0.000 1.489 17.494 42.511 29.513 0.000 0.000 0.000 34.161 42.136 0.060 26.808 18.762 19.690 23.568 32.441 50.301 41.197 36.099 31.019 31.952 31.893 30.839 29.787 28.726 36.636 46.535 38.472 38.414 36.348 15.274 29.206 37.123 0.000 6.228 10.911 34.654 32.413 37.176 46.937 39.685 34.385 0.000 0.000 16.794 16.903 23.840 1.840 0.000 0.000 0.000 0.000 0.000 0.000 0.000 0.000 0.000 0.000 0.000 0.000 0.000
61.400 61.162 60.833 61.525 39.226 56.949 59.708 53.537 0.000 0.000 0.000 22.481 0.000 0.000 0.000 26.550 26.543 34.535 0.000 47.253 35.187 22.112 31.001 21.873 19.779 19.684 18.573 20.456 48.337 46.230 46.133 48.049 40.975 42.908 41.846 41.786 41.720 42.646 46.571 44.507 45.451 40.397 17.347 16.313 0.000 0.000 2.996 16.851 24.638 19.410 25.178 37.950 37.735 35.597 0.000 0.000 0.000 22.216 0.000 0.000 0.000 0.000 0.000 0.000 0.000 24.972 23.979 25.985 15.990 18.993 0.000 0.000 0.000
61.821 61.499 61.195 60.895 60.608 61.341 53.107 39.945 0.000 0.000 0.000 0.000 0.000 0.000 0.000 23.596 20.573 33.527 38.439 30.320 39.223 37.125 18.017 18.903 19.798 19.693 31.584 35.472 39.361 32.255 29.156 39.068 12.990 19.919 14.853 14.789 14.725 17.659 43.594 32.537 30.485 32.441 17.405 19.385 0.000 0.000 12.908 69.861 0.000 0.000 0.000 0.000 38.707 37.672 0.000 0.000 0.000 19.528 16.677 18.762 16.818 24.858 30.889 22.916 44.942 51.966 49.979 34.987 14.993 13.997 18.000 0.000 0.000
62.155 61.851 61.548 61.253 61.969 56.699 38.435 29.190 38.190 0.000 0.000 0.000 0.000 0.000 0.000 20.665 19.627 22.562 18.471 29.365 32.258 35.150 24.039 18.926 18.815 18.707 43.598 49.489 31.379 25.271 25.169 26.079 22.998 22.926 22.858 23.793 26.731 23.670 44.612 36.560 34.514 34.476 16.449 30.437 56.450 0.000 4.866 57.825 0.000 0.000 0.000 0.000 38.715 36.712 14.733 19.742 17.735 15.693 15.740 15.792 14.835 21.868 28.894 15.917 33.943 51.971 47.985 27.993 12.998 13.001 18.003 0.000 0.000
62.504 62.196 61.894 61.600 58.315 44.052 32.743 0.000 0.000 0.000 0.000 25.501 0.000 0.000 0.000 19.773 20.709 20.622 19.520 19.409 25.295 18.179 18.062 19.946 18.832 17.721 41.613 38.506 46.397 50.282 49.171 44.079 39.999 41.927 37.860 41.796 41.735 42.678 46.624 44.576 45.535 41.501 16.477 28.465 50.464 0.000 0.000 60.749 0.000 0.000 0.000 0.000 35.726 38.730 17.745 15.760 15.768 15.772 15.798 15.831 14.861 21.885 30.901 0.000 0.000 9.992 52.997 29.001 13.005 13.007 17.009 0.000 0.000
62.847 62.535 62.234 61.937 51.641 33.450 0.000 0.000 0.000 0.000 23.545 26.501 39.420 39.304 27.150 19.945 19.813 20.696 20.579 19.457 18.334 19.209 19.085 18.964 17.846 26.734 45.627 24.525 38.422 15.287 48.156 38.068 36.993 36.924 33.859 38.796 39.737 39.682 46.631 44.586 41.548 41.517 16.495 30.482 49.477 0.000 0.000 53.673 0.000 0.000 0.000 0.000 39.733 38.739 14.756 16.785 15.807 16.827 16.850 16.874 17.895 25.912 5.923 0.000 0.000 11.007 53.009 34.012 21.014 15.015 18.016 0.000 0.000
63.181 62.864 63.568 56.273 43.863 33.656 0.000 0.000 0.000 0.000 20.588 37.540 31.455 20.341 22.202 22.045 19.904 18.772 20.641 19.508 20.374 20.239 20.106 18.978 18.855 38.741 38.636 38.545 38.481 0.000 20.099 18.043 18.981 18.918 19.854 23.793 26.736 24.682 44.633 38.590 32.554 34.525 17.504 29.490 48.484 0.000 0.000 26.598 17.568 0.000 0.000 0.000 33.734 16.736 0.000 11.817 17.850 21.880 28.902 28.919 28.933 30.947 2.956 0.000 0.000 59.021 52.022 54.023 42.024 17.024 18.025 0.000 0.000
63.498 63.170 62.904 48.724 0.514 0.000 0.000 0.000 0.000 0.000 36.679 31.616 21.521 22.404 22.271 22.128 21.986 19.846 18.705 18.561 20.414 19.268 19.124 17.986 19.857 34.738 25.631 34.540 35.475 0.000 0.000 34.022 32.972 32.911 32.848 34.788 34.731 35.678 47.630 43.588 38.553 40.525 16.505 25.492 53.487 0.000 0.000 85.553 54.538 21.516 8.506 0.000 0.000 0.000 0.000 0.000 14.895 23.941 27.959 26.968 29.973 31.985 18.000 23.026 39.037 54.035 52.035 52.034 40.034 17.034 17.034 0.000 0.000
63.775 64.413 56.152 39.014 0.000 0.000 0.000 0.000 0.000 43.973 37.835 21.723 22.608 22.484 22.350 22.210 22.067 21.922 18.772 19.616 19.455 19.293 20.135 18.986 18.848 21.724 26.611 38.507 25.405 37.273 42.158 35.052 43.975 33.906 34.840 37.779 36.721 35.668 45.621 41.579 29.545 28.517 17.498 24.487 53.484 0.000 0.000 76.524 66.516 43.504 12.496 0.000 0.000 0.000 0.000 0.000 0.000 35.031 27.027 21.020 18.005 33.022 20.032 22.043 30.049 51.049 53.048 51.046 37.045 17.044 14.044 18.048 12.048
71.977 69.556 42.279 32.165 0.000 0.000 0.000 22.381 36.285 37.111 30.965 25.834 22.705 22.573 22.437 22.296 21.151 24.002 28.845 24.678 19.497 20.316 19.139 18.974 18.827 18.698 25.582 26.473 24.367 31.255 30.150 25.054 36.971 16.897 24.829 31.766 30.708 24.654 43.606 36.565 16.529 15.502 18.483 20.475 24.479 0.000 0.000 54.503 34.498 71.488 57.479 0.000 0.000 45.311 19.287 17.250 17.199 19.126 30.096 24.083 0.000 45.065 33.065 29.066 27.066 38.064 54.062 46.059 29.056 18.053 14.052 21.051 45.049
0.000 0.000 21.241 39.203 0.000 0.000 24.578 34.478 48.363 32.221 31.079 30.942 23.805 22.668 22.528 22.385 29.240 37.090 37.931 29.752 24.540 19.333 18.133 18.942 22.789 19.661 18.545 17.438 23.334 24.231 23.133 24.041 25.959 18.883 24.813 29.749 31.689 27.635 43.586 37.543 19.507 18.479 18.459 14.449 0.000 0.000 0.000 10.489 29.484 29.473 63.454 78.417 71.379 39.335 25.301 26.264 26.222 29.178 51.149 69.133 78.132 77.108 79.097 78.091 72.086 66.081 58.076 41.071 24.067 15.062 16.059 29.055 48.052
13.214 0.000 0.000 0.000 0.000 0.000 27.679 47.588 39.468 42.332 39.191 29.049 21.907 22.765 22.621 33.477 38.333 34.188 29.036 25.858 28.580 23.343 23.116 18.874 23.727 17.609 18.502 19.399 18.299 18.202 18.109 18.021 16.939 17.863 17.793 21.727 27.666 26.610 44.560 38.515 17.477 18.447 18.425 17.413 0.000 0.000 0.000 14.480 40.476 29.466 31.447 46.418 57.385 67.350 69.317 75.283 78.249 78.215 77.188 73.169 64.155 62.138 64.125 67.114 69.106 70.098 68.091 72.084 64.077 31.071 18.066 37.061 54.056
51.943 8.924 0.000 0.000 0.000 29.043 44.871 37.729 29.590 37.447 41.302 42.157 32.010 20.863 30.716 39.570 29.428 21.293 21.167 23.064 0.000 0.000 0.000 15.709 19.638 21.548 21.453 18.358 18.263 19.170 18.081 17.995 17.914 18.838 17.767 17.700 17.638 20.581 37.528 36.481 18.440 18.406 18.381 19.367 20.366 0.000 0.000 13.477 31.473 32.468 44.451 31.424 11.394 15.364 51.335 75.304 59.274 54.246 57.221 50.200 36.182 25.165 16.150 14.137 15.126 25.115 23.106 18.097 57.088 72.080 50.073 48.066 52.060
0.000 22.906 0.599 0.000 28.419 38.216 45.032 28.868 31.715 29.565 27.415 35.266 40.114 34.962 38.809 27.659 21.517 22.388 22.274 30.169 0.000 0.000 0.000 12.616 21.567 32.492 33.406 28.316 24.225 26.135 22.048 20.965 18.885 17.809 17.738 18.670 17.606 17.546 20.491 29.441 17.396 17.358 18.327 17.306 0.000 0.000 0.000 0.000 0.000 46.484 30.463 15.434 29.404 31.378 77.354 58.326 41.298 23.273 14.250 15.229 16.209 17.191 17.174 17.158 16.145 14.132 13.120 14.109 22.099 59.089 67.080 52.071 51.064
0.000 8.919 31.392 32.993 31.621 46.372 31.172 24.997 26.836 25.682 22.529 21.376 36.220 43.061 45.900 33.740 23.593 20.470 28.372 0.000 0.000 0.000 0.000 15.573 25.522 32.448 33.363 33.274 35.185 43.098 41.013 36.931 34.852 30.776 24.704 19.635 17.570 18.508 17.450 22.396 15.346 16.302 17.263 19.226 40.177 0.000 0.000 0.000 8.563 50.520 10.486 19.444 10.412 49.389 67.377 27.347 15.320 17.298 17.277 17.256 17.235 17.215 14.196 14.179 13.163 14.148 14.135 14.122 30.110 45.097 18.086 78.076 50.068
0.000 8.461 31.232 23.965 42.702 42.479 37.286 28.113 21.952 22.797 23.644 34.489 37.330 29.163 31.988 40.810 41.646 31.526 0.000 0.000 0.000 0.000 20.657 26.581 30.500 29.414 30.324 30.234 28.145 35.058 35.975 35.894 36.816 33.741 32.668 33.598 24.531 19.466 20.405 17.346 18.292 17.241 16.196 18.157 33.128 0.000 0.000 0.000 8.606 52.547 14.516 0.000 0.000 0.000 34.418 16.367 17.337 15.324 15.306 15.284 14.261 13.239 14.218 14.198 13.180 14.163 13.148 12.135 15.121 11.106 7.090 71.079 80.071
0.000 5.231 25.111 34.935 44.741 35.555 35.381 37.218 35.062 25.910 31.760 40.607 29.447 22.273 21.079 26.866 36.656 43.462 7.283 0.000 24.107 23.938 18.734 27.595 32.483 33.383 29.287 29.192 21.102 18.016 17.934 17.854 16.777 14.703 21.630 35.558 34.489 33.422 28.356 19.293 17.233 18.176 17.124 17.080 18.051 0.000 0.000 0.000 23.710 0.000 0.000 0.000 0.000 0.000 13.510 0.000 0.000 13.354 12.338 12.314 13.288 15.262 15.238 15.216 14.196 14.178 12.162 12.147 13.136 1.125 0.000 0.000 74.071
0.000 4.121 28.046 46.922 37.774 34.620 34.466 35.315 34.168 36.023 40.879 29.733 23.578 23.403 23.190 21.920 22.651 28.382 45.105 42.709 21.277 19.973 18.745 19.581 31.455 29.350 40.250 28.147 21.055 18.971 19.891 18.813 23.737 31.663 27.590 21.517 27.446 37.375 34.306 33.238 24.171 17.106 17.044 17.988 15.945 0.000 0.000 23.813 11.813 0.000 0.000 25.681 20.681 19.655 11.603 0.000 0.000 18.401 15.377 15.347 15.314 15.283 15.256 15.232 15.210 15.191 15.173 14.157 15.144 17.134 7.128 0.000 16.075
0.000 17.086 42.029 37.933 26.814 31.684 36.548 31.410 37.272 43.133 35.001 22.869 21.729 23.570 23.358 26.974 27.645 21.310 32.046 27.745 24.318 20.933 17.693 24.530 28.408 30.310 21.216 48.089 36.001 25.922 17.845 23.770 42.696 52.622 45.549 22.475 24.402 27.328 31.255 36.181 34.108 30.034 18.960 15.882 22.796 28.686 0.000 0.000 19.917 0.000 0.000 0.000 15.708 15.683 15.643 20.608 19.551 15.473 14.424 15.382 15.338 15.302 15.272 15.246 15.223 15.202 15.183 15.166 14.150 14.136 15.122 18.103 14.084
4.148 38.110 44.051 28.968 23.867 25.753 27.632 38.506 42.375 53.238 52.123 45.012 33.901 22.791 25.697 0.000 0.000 20.167 26.025 22.906 0.000 18.749 22.565 39.437 38.337 41.266 0.000 12.994 52.938 46.870 32.798 38.727 56.654 56.582 54.508 23.434 29.359 29.282 31.204 19.125 28.045 33.963 32.879 31.785 44.671 53.576 0.000 0.000 10.022 35.127 0.000 0.000 38.760 19.725 19.679 19.630 19.574 20.514 14.465 13.419 17.357 14.314 14.284 14.259 14.235 15.212 14.192 13.172 13.154 13.138 13.121 13.104 12.087
3.187 49.154 35.097 24.021 23.931 23.830 36.721 34.607 51.486 66.321 63.240 60.156 55.071 45.995 36.944 0.000 0.000 0.000 13.981 24.949 0.000 0.000 15.379 33.317 32.238 47.150 19.029 19.954 52.888 57.821 53.753 52.684 55.614 55.542 56.469 35.394 27.317 29.237 29.154 19.069 27.983 21.896 40.809 11.707 50.528 72.372 43.138 12.989 0.000 13.233 0.000 14.939 74.849 27.779 29.717 29.658 25.601 26.547 18.502 13.471 0.000 14.312 14.293 17.270 20.245 30.221 20.199 15.178 16.158 16.140 16.122 16.104 16.087
35.260 39.221 33.162 31.089 26.007 37.915 31.816 44.713 22.643 0.000 43.360 62.301 61.233 62.175 45.140 0.000 0.000 0.000 7.970 30.960 0.000 0.000 12.257 27.215 22.148 49.069 59.981 59.907 55.840 55.774 55.708 56.642 55.574 55.505 55.432 49.357 24.278 26.195 24.108 19.016 29.922 30.829 33.753 0.000 35.363 71.244 41.055 58.841 19.572 5.339 17.192 73.030 60.916 32.827 26.752 28.686 22.625 16.571 14.525 12.494 0.000 20.329 28.308 36.282 43.255 52.230 41.205 21.183 15.161 16.141 16.122 16.104 16.087
46.373 35.307 35.240 31.168 38.091 35.008 37.916 61.786 48.729 31.675 52.539 61.454 60.386 59.332 39.300 0.000 0.000 0.000 0.000 0.000 0.000 0.000 18.176 27.138 38.071 53.996 55.922 55.853 55.789 55.727 55.665 55.602 55.537 55.470 55.399 55.324 41.244 31.158 24.065 16.966 20.860 20.747 25.621 44.444 30.318 65.187 50.996 57.746 64.538 50.357 55.209 64.072 39.958 40.862 26.780 25.708 17.644 14.586 15.535 17.487 31.430 37.368 55.328 54.295 53.265 52.237 52.211 42.186 20.164 15.142 16.122 16.103 16.085
37.466 25.395 27.325 39.253 36.181 36.111 6.054 0.000 40.813 66.756 61.668 60.590 62.524 44.468 30.429 14.451 0.000 0.000 0.000 0.000 0.000 0.000 24.133 41.091 53.001 55.924 55.856 55.795 55.737 55.681 55.623 55.564 55.503 55.439 55.370 55.296 56.216 50.127 42.030 33.923 31.805 34.677 25.539 42.395 21.276 63.192 0.000 16.611 51.477 23.344 14.215 70.092 33.981 37.883 35.798 16.723 14.656 15.596 15.541 23.488 44.436 55.384 52.342 52.305 52.272 49.242 48.215 46.189 45.165 19.142 15.121 15.102 15.083
27.556 24.483 37.411 37.339 32.268 52.200 6.137 15.078 54.954 61.868 60.788 60.716 60.651 36.588 36.497 47.474 0.000 0.000 0.000 0.000 0.000 0.000 0.000 0.000 49.921 61.841 56.785 55.734 55.685 55.635 55.583 55.529 55.473 55.412 55.347 55.275 55.196 56.106 57.005 53.891 53.762 56.617 36.464 42.321 16.200 57.113 0.000 0.000 47.414 17.326 27.216 61.102 41.993 33.893 37.805 14.729 15.662 14.600 16.544 26.491 47.441 48.393 53.350 52.312 47.278 44.246 48.217 53.190 52.165 41.142 22.120 21.099 20.080
23.647 37.570 38.496 26.424 37.353 58.283 51.215 57.144 63.056 60.976 60.902 60.834 57.776 41.735 0.000 0.000 0.000 0.000 0.000 0.000 0.000 0.000 0.000 0.000 0.000 6.734 47.707 56.672 55.633 55.591 55.546 55.498 55.446 55.391 55.330 57.262 56.186 56.097 54.993 56.874 55.735 55.564 45.381 43.226 20.089 31.948 61.743 40.581 48.441 17.329 45.221 39.107 41.995 29.890 23.803 15.728 15.661 15.601 23.545 28.492 29.443 34.397 42.354 40.316 41.280 52.248 52.218 52.190 52.164 53.140 47.117 43.096 41.076
38.733 38.655 27.580 23.507 38.436 57.366 63.297 62.226 61.151 61.078 61.008 61.943 52.884 45.843 0.000 0.000 0.000 0.000 0.000 0.000 0.000 0.000 0.000 0.000 3.654 23.654 50.639 56.615 55.585 55.550 55.512 55.470 55.424 55.375 57.320 57.259 57.189 49.104 53.996 56.878 59.739 57.524 51.269 47.114 34.982 18.848 66.699 49.561 51.438 16.331 62.231 26.109 6.991 23.869 14.788 15.718 14.655 23.597 29.542 28.490 28.442 27.397 20.355 16.316 46.281 52.247 52.217 52.188 52.162 52.137 53.114 53.092 53.071
35.815 26.737 24.662 22.589 39.519 59.449 61.381 61.312 61.243 61.176 61.111 63.045 41.975 39.909 0.000 0.000 0.000 0.000 0.000 0.000 0.000 0.000 0.000 0.000 0.000 37.590 56.581 55.564 55.541 55.513 55.481 55.445 57.406 56.364 56.317 56.266 50.207 28.132 44.010 53.903 4.821 0.000 29.058 35.979 44.877 31.764 52.644 70.527 55.419 22.327 64.263 0.000 0.000 12.808 15.761 15.704 17.645 27.589 25.536 26.486 28.439 31.394 25.353 26.314 42.278 52.245 52.214 52.185 52.158 52.133 52.109 52.087 52.066
26.893 24.816 29.741 34.670 49.600 61.532 61.465 61.399 61.335 61.273 61.213 62.151 49.063 0.000 0.000 0.000 0.000 0.000 0.000 22.402 0.000 1.404 0.000 0.000 0.000 12.535 47.531 54.520 55.503 55.481 55.455 55.425 57.392 55.357 55.319 55.280 39.241 35.209 0.000 0.000 0.000 0.000 13.926 20.867 42.783 28.688 33.586 76.484 59.384 38.296 48.231 0.000 42.833 19.795 15.745 15.689 17.634 26.580 37.528 37.479 39.433 45.389 40.348 51.310 52.274 52.241 52.210 52.180 52.153 52.127 52.103 52.081 52.060
27.968 24.892 31.819 50.748 61.680 61.613 61.548 61.485 61.425 61.368 61.319 67.284 0.000 0.000 0.000 0.000 0.000 0.000 22.401 34.402 21.403 36.405 32.407 0.000 2.461 34.483 41.488 52.482 55.470 55.453 55.432 56.408 55.381 55.353 55.324 51.295 40.270 45.253 0.000 0.000 0.000 0.000 30.853 22.781 40.702 16.619 18.530 66.437 65.340 57.241 43.135 42.990 31.871 26.796 15.734 15.676 15.621 25.568 47.518 54.470 53.425 53.382 45.342 52.304 52.268 52.235 52.203 52.174 52.147 52.121 52.097 52.074 52.053
26.040 23.966 38.894 58.825 62.758 61.693 61.630 61.569 61.510 61.456 61.410 68.382 0.000 0.000 0.000 0.000 0.000 0.000 11.401 31.402 31.403 30.405 33.409 17.420 25.438 33.451 33.455 50.452 56.443 55.430 55.413 55.393 55.372 55.350 56.328 48.307 44.290 38.280 0.000 0.000 0.000 0.000 0.000 22.702 41.624 18.555 14.480 53.394 70.297 67.192 48.080 26.964 25.864 26.785 17.719 14.660 15.606 18.554 29.505 49.459 52.414 52.373 44.333 52.296 52.260 52.227 52.196 52.167 52.139 52.113 52.089 52.066 52.045
25.110 27.037 46.967 62.899 61.834 61.771 61.710 61.650 61.592 61.536 63.483 61.453 0.000 0.000 0.000 0.000 0.000 0.000 0.000 36.401 42.402 47.403 38.406 37.412 31.421 27.428 38.430 52.427 55.420 55.410 58.396 56.381 55.364 55.347 55.330 50.315 42.304 37.298 12.302 0.000 0.000 0.000 0.000 0.000 33.536 19.498 15.440 48.363 79.264 60.151 39.029 29.924 31.835 29.762 24.698 13.641 15.588 14.538 18.491 37.445 52.402 52.361 44.322 52.285 52.251 52.218 52.187 52.157 52.130 52.104 52.080 52.057 52.036
25.177 35.106 55.037 62.971 61.908 61.847 61.788 61.730 61.672 62.612 60.534 48.493 32.493 0.000 0.000 0.000 0.000 0.000 0.000 37.400 46.400 46.400 50.400 52.403 35.407 34.409 49.410 55.407 55.401 55.393 56.382 55.370 55.357 55.344 55.331 53.320 41.312 42.307 36.307 0.000 0.000 0.000 0.000 0.000 19.487 19.463 13.419 58.354 46.246 52.119 21.961 41.866 35.792 28.728 28.671 19.618 14.568 15.520 14.474 26.430 49.388 51.348 45.310 52.274 53.239 52.207 52.176 52.147 52.120 52.094 52.070 52.047 52.026
