results3/res_3e8f-0115.wd
ncols         241
nrows         181
xllcorner     12693529.787448
yllcorner     3542525.717860
cellsize      155.156523
NODATA_value  -9999.000000
[rows 99 to 131 of 181, columns 0 to 72 of 241]
0.000 0.000 0.000 0.000 0.000 59.309 99.309 101.309 92.308 87.308 0.000 0.000 0.000 0.000 0.000 1.306 0.306 67.306 64.306 0.000 0.000 0.304 3.304 62.303 61.303 2.303 0.000 0.000 0.000 8.783 0.000 0.000 0.000 0.000 14.642 60.639 56.629 55.612 56.587 57.560 70.530 59.498 63.462 55.423 57.380 55.334 56.285 61.233 62.178 60.121 64.063 57.003 56.941 58.877 61.811 75.740 76.679 61.630 47.586 0.000 0.000 0.000 0.000 0.000 25.502 80.498 77.488 64.470 39.448 34.426 78.405 55.385 57.365
0.000 0.000 0.000 0.000 0.000 60.310 100.310 100.310 0.000 0.000 0.000 0.000 0.000 0.000 0.000 0.306 12.307 78.307 67.306 5.306 2.306 2.305 65.305 64.304 68.304 0.000 0.000 0.000 0.000 66.783 58.783 0.000 0.000 0.000 73.686 83.681 69.672 62.658 56.639 58.616 77.589 62.558 68.524 68.485 59.443 74.396 66.347 67.294 57.238 65.180 65.120 63.059 56.996 57.933 61.866 58.771 20.706 10.668 0.000 0.000 0.000 0.000 0.000 28.504 65.503 77.499 84.492 74.479 50.464 51.448 65.432 56.415 57.398
5.312 0.000 0.000 0.000 0.000 47.310 96.310 105.310 15.310 0.000 0.000 0.000 0.000 0.000 0.000 0.000 1.307 85.307 66.307 67.306 69.306 66.305 63.305 64.304 62.304 0.303 0.000 0.000 0.000 59.783 59.784 60.782 59.775 59.761 58.735 68.727 77.720 24.710 88.695 78.676 83.652 68.623 13.589 84.551 82.509 81.462 85.412 74.358 57.301 60.241 65.180 65.117 62.053 57.991 46.948 0.000 0.000 0.000 0.000 0.000 0.000 0.000 0.000 38.506 65.507 65.504 76.499 75.492 58.482 58.471 57.459 57.446 57.432
73.313 76.312 8.312 0.000 0.000 57.311 96.311 101.311 111.311 16.311 0.000 0.000 0.000 0.000 7.308 7.308 5.308 22.307 70.307 67.307 85.306 99.306 74.305 59.305 0.000 0.000 0.000 0.000 0.000 0.000 58.785 59.787 59.781 59.773 59.767 58.771 58.771 57.766 58.757 63.741 75.720 69.692 12.659 84.621 85.579 63.532 70.481 87.425 81.366 68.304 58.240 64.176 65.107 68.029 52.989 0.000 0.000 0.000 0.000 0.000 0.000 0.000 0.000 0.509 16.513 62.512 59.510 59.506 57.501 57.495 57.487 57.478 57.467
87.313 70.313 70.312 72.312 74.312 93.311 101.311 101.311 101.311 103.311 77.311 16.311 0.000 65.309 72.309 73.308 35.308 30.308 93.307 101.307 96.307 92.306 75.306 0.000 0.000 0.000 0.000 0.000 0.000 0.000 0.000 59.801 58.789 57.784 58.790 59.818 59.827 59.828 59.823 60.812 79.793 74.767 57.735 59.696 70.653 81.606 58.554 70.497 71.435 64.368 84.303 67.238 59.172 0.129 0.000 0.000 0.000 0.000 0.000 0.000 0.000 0.000 0.000 0.000 8.521 62.522 57.522 57.522 57.522 57.520 57.517 55.512 53.504
102.313 92.313 73.313 77.312 95.312 101.312 101.312 101.311 101.311 96.311 68.311 74.311 2.310 56.309 91.309 99.309 99.309 83.308 98.308 105.308 15.307 0.000 0.000 0.000 0.000 0.000 0.000 0.000 0.000 0.000 0.000 59.828 0.000 0.000 0.000 60.886 59.891 59.896 59.897 60.890 76.874 81.849 58.816 59.776 59.732 77.684 78.631 56.574 64.508 83.430 75.364 53.301 0.000 0.000 0.000 0.000 0.000 0.000 0.000 0.000 0.000 0.000 0.000 0.000 5.529 62.531 57.534 57.539 57.544 56.547 55.548 60.547 61.544
102.313 102.313 97.313 100.313 101.312 101.312 101.312 101.312 101.312 97.312 72.311 89.311 0.000 0.000 69.309 93.309 101.309 102.309 101.308 106.308 9.308 0.000 0.000 0.000 0.000 0.000 0.000 0.000 0.000 0.000 0.000 59.854 0.000 0.000 61.954 59.947 59.956 59.968 59.978 59.977 76.964 81.938 58.903 59.861 59.815 60.766 81.715 75.659 82.592 72.482 53.423 0.000 0.000 0.000 0.000 0.000 0.000 0.000 0.000 0.000 0.000 0.000 0.000 0.000 60.536 57.539 57.545 57.555 57.568 56.577 58.582 62.586 63.587
100.313 101.313 101.313 101.313 101.313 101.313 101.312 101.312 101.312 102.312 97.312 104.311 28.311 7.311 57.310 76.310 99.309 101.309 102.309 90.309 4.308 0.000 0.000 0.000 0.000 0.000 0.000 0.000 0.000 0.000 0.000 53.881 58.907 58.934 57.961 59.994 60.017 60.043 60.068 60.077 77.065 82.037 58.997 59.951 59.901 59.851 64.802 87.756 67.719 0.000 0.000 0.000 0.000 0.000 0.000 0.000 0.000 0.000 0.000 0.000 0.000 0.000 0.000 0.000 13.540 64.543 60.552 61.567 59.596 55.609 62.618 63.626 61.633
97.314 102.314 101.314 101.313 101.313 101.313 101.313 101.313 101.313 101.312 102.312 95.312 79.311 70.311 64.311 91.310 101.310 101.310 106.309 9.309 0.000 0.000 0.000 0.000 0.000 0.000 0.000 0.000 0.000 0.000 0.000 0.000 0.000 0.000 0.000 60.050 60.075 60.120 60.176 60.196 76.184 83.149 60.099 60.043 59.987 59.935 59.887 65.844 18.810 0.000 0.000 0.000 0.000 0.000 0.000 0.000 0.000 0.000 0.000 0.000 0.000 0.000 0.000 0.000 0.000 1.543 0.000 0.000 5.639 64.646 62.656 63.668 60.682
97.314 102.314 101.314 101.314 101.314 101.314 101.313 101.313 101.313 101.313 102.312 87.312 66.312 65.311 74.311 98.311 101.310 101.310 107.310 12.310 3.310 0.000 0.000 0.000 0.000 0.000 0.000 0.000 0.000 0.000 0.000 0.000 0.000 0.000 0.000 56.082 60.114 57.184 60.320 60.349 79.326 83.274 60.206 60.135 60.070 60.014 59.966 56.923 6.867 0.000 0.000 0.000 0.000 0.000 0.000 0.000 0.000 0.000 0.000 0.000 0.000 56.732 0.000 0.000 0.000 0.000 0.000 0.000 60.675 61.680 63.691 63.708 60.731
100.315 101.315 101.315 101.314 101.314 101.314 101.314 101.314 101.314 101.313 101.313 98.312 75.312 76.312 93.311 100.311 101.311 101.310 108.310 25.310 0.000 0.000 0.000 0.000 0.000 0.000 0.000 0.000 0.000 0.000 0.000 0.000 0.000 0.000 0.000 0.000 56.114 0.000 59.570 60.552 88.499 75.415 60.315 60.221 60.144 73.084 63.041 58.016 0.000 0.000 0.000 0.000 0.000 0.000 0.000 0.000 0.000 0.000 0.000 0.000 8.732 67.732 52.732 0.000 0.000 0.000 0.000 61.715 64.706 63.709 60.721 56.742 56.774
101.315 101.315 101.315 101.315 101.315 101.315 101.315 101.314 101.314 101.314 101.313 101.313 103.313 103.312 102.312 101.311 101.311 103.311 92.311 35.310 0.000 0.000 0.000 0.000 0.000 0.000 0.000 0.000 0.000 0.000 0.000 0.000 0.000 0.000 0.000 0.000 0.000 0.000 59.837 60.791 94.702 63.573 60.419 60.291 72.200 81.138 60.099 60.083 59.100 0.000 0.000 0.000 0.000 0.000 0.000 0.000 0.000 0.000 0.000 0.000 0.000 63.732 64.732 51.732 0.000 57.731 59.729 63.725 62.723 60.729 59.742 55.765 63.803
100.316 99.316 101.316 101.316 101.316 101.316 101.315 101.315 101.315 101.314 101.314 101.314 101.313 101.312 101.312 101.312 102.311 85.311 13.311 4.311 62.311 76.311 22.311 0.000 0.000 3.310 0.000 0.000 0.000 0.000 0.000 0.000 0.000 0.000 0.000 1.987 1.969 0.000 56.151 67.072 89.946 60.755 57.499 60.322 60.227 60.170 60.135 60.118 60.116 57.116 0.000 0.000 0.000 0.000 0.000 0.000 0.000 0.000 0.000 0.000 0.000 58.732 54.732 60.732 55.733 63.732 63.732 62.732 58.734 61.741 56.753 55.774 55.808
90.316 90.316 99.317 101.317 101.316 101.316 101.316 101.316 101.316 101.315 101.315 102.314 103.313 101.313 101.312 101.312 101.312 23.311 7.311 62.311 72.311 82.311 81.311 74.310 66.310 7.310 0.000 0.000 0.000 0.000 0.000 0.000 0.000 0.000 2.021 61.004 63.952 63.813 60.545 59.399 68.253 56.004 0.000 56.270 60.218 60.179 60.152 60.137 59.132 0.000 0.000 0.000 0.000 0.000 0.000 0.000 60.731 71.731 0.000 0.000 59.732 57.732 57.732 54.733 62.733 63.734 63.735 60.737 63.740 63.747 61.756 56.769 45.783
72.317 77.317 96.317 102.317 101.317 101.317 101.317 101.317 101.316 101.316 103.315 89.315 85.314 100.313 105.313 102.312 97.312 79.312 82.311 88.311 82.311 83.311 62.311 55.311 1.310 0.000 0.000 0.000 0.000 0.000 0.000 0.000 0.000 0.000 52.038 58.055 61.023 60.941 60.818 60.726 62.664 0.000 0.000 0.000 55.196 60.175 60.158 60.147 60.141 0.000 0.000 0.000 0.000 0.000 0.000 20.731 77.731 59.731 57.731 57.731 57.732 57.732 55.732 60.733 63.734 63.735 59.737 63.740 63.744 62.750 56.757 57.764 47.770
56.318 71.318 90.318 103.318 104.318 104.318 102.318 101.318 102.317 101.317 102.316 40.316 11.314 59.313 77.313 98.312 105.312 103.312 103.312 89.311 12.311 0.000 0.000 0.000 0.000 0.000 0.000 0.000 0.000 7.000 9.000 0.000 0.000 0.000 0.000 57.156 61.145 59.109 60.059 62.024 63.013 0.000 0.000 0.000 0.000 53.166 60.157 60.151 57.146 0.000 0.000 0.000 0.000 0.000 0.000 0.000 19.731 73.731 56.731 56.731 57.732 56.732 56.732 62.733 63.734 61.735 49.738 2.741 67.747 61.751 61.756 61.761 47.764
20.318 42.318 75.319 81.320 75.320 77.319 94.319 102.319 98.318 91.318 90.318 25.317 0.000 0.000 0.000 35.312 70.312 96.312 103.312 0.312 0.000 0.000 0.000 0.000 0.000 0.000 0.000 0.000 0.000 49.000 70.000 15.000 0.000 0.000 0.000 57.269 63.290 62.292 71.286 72.297 62.352 7.516 0.000 0.000 0.000 0.000 57.155 58.153 0.000 0.000 0.000 0.000 0.000 0.000 0.000 0.000 0.000 78.731 81.731 61.731 55.732 53.732 63.732 63.733 58.733 0.000 0.000 0.000 8.750 66.753 63.756 63.758 53.760
0.000 0.000 56.321 65.321 17.321 3.321 66.320 95.320 86.320 82.319 96.319 63.319 23.319 0.000 0.000 0.000 0.000 41.313 72.313 0.000 0.000 0.000 0.000 0.000 0.000 0.000 0.000 0.000 0.000 0.000 54.000 72.000 3.000 0.000 0.000 48.361 62.454 60.482 90.497 83.524 61.582 63.681 9.789 0.000 0.000 0.000 52.155 0.000 0.000 0.000 0.000 0.000 0.000 0.000 0.000 0.000 0.000 0.000 66.731 83.731 68.731 62.732 63.732 58.732 0.000 0.000 0.000 0.000 0.000 58.755 63.756 63.757 58.759
0.000 0.000 52.323 97.323 54.322 3.322 55.322 87.321 89.321 100.320 102.320 105.320 111.319 50.319 19.319 0.000 0.000 0.000 12.314 7.315 0.000 0.314 0.000 0.000 0.000 0.000 0.000 0.000 0.000 0.000 55.000 70.000 0.000 7.002 11.002 0.000 55.682 63.685 93.696 75.722 63.770 62.836 67.898 0.000 0.000 0.000 0.000 0.000 0.000 0.000 0.000 0.000 0.000 0.000 0.000 0.000 0.000 0.000 0.000 4.731 71.731 61.732 59.732 0.000 0.000 0.000 0.000 0.000 57.755 56.755 58.756 52.757 0.000
25.327 40.327 74.325 92.325 100.324 69.324 82.323 105.322 102.322 101.321 101.321 101.320 101.320 107.319 110.319 66.318 25.317 7.316 70.315 84.315 77.315 79.315 35.315 11.314 8.314 0.000 0.000 0.000 0.000 0.000 34.000 56.000 62.001 62.001 65.002 24.003 56.907 85.879 87.880 64.900 62.938 62.994 66.069 11.191 6.244 0.000 0.000 0.000 0.000 0.000 0.000 0.000 0.000 0.000 0.000 0.000 0.000 0.000 0.000 0.000 0.000 0.000 5.732 0.000 0.000 0.000 0.000 59.755 54.755 52.755 0.000 0.000 0.000
98.328 101.328 101.327 99.326 97.326 98.325 100.324 100.324 101.323 102.322 102.322 101.321 94.320 98.320 101.319 105.318 109.317 110.316 102.316 98.315 95.315 90.315 92.315 85.314 41.314 19.314 0.000 0.000 0.000 0.000 0.000 0.000 0.000 0.000 0.000 81.098 70.065 99.046 90.044 77.059 64.090 63.135 63.193 67.259 63.297 0.000 0.000 0.000 0.000 0.000 0.000 0.000 0.000 0.000 0.000 0.000 0.000 0.000 0.000 0.000 0.000 0.000 0.000 0.000 0.000 0.000 0.000 0.000 0.000 0.000 0.000 0.000 0.000
101.329 96.329 94.328 93.328 87.327 84.327 85.326 85.325 91.324 96.324 96.323 89.322 73.321 88.320 101.319 101.318 101.317 101.316 101.316 101.315 102.315 102.315 105.315 106.314 106.314 106.314 45.314 0.000 0.000 0.000 0.000 0.000 0.000 0.000 0.000 53.228 79.210 84.194 68.191 85.202 73.227 63.263 63.308 66.355 9.389 0.000 0.000 0.000 0.000 0.000 0.000 0.000 0.000 0.000 0.000 0.000 0.000 0.000 0.000 0.000 0.000 0.000 0.000 0.000 0.000 0.000 0.000 0.000 0.000 0.000 0.000 0.000 0.000
71.331 44.330 66.330 80.330 78.329 58.328 43.327 39.327 59.326 76.325 75.324 68.323 63.322 73.321 94.319 102.318 101.317 101.316 101.316 101.315 101.315 105.315 80.315 68.314 67.314 71.314 74.314 13.314 2.314 0.000 0.000 0.000 0.000 0.000 0.000 51.375 87.352 70.330 62.324 72.333 83.353 67.383 63.420 63.464 69.516 13.606 7.647 0.000 0.000 0.000 0.000 0.000 0.000 0.000 0.000 0.000 0.000 0.000 0.000 0.000 0.000 0.000 0.000 0.000 0.000 0.000 0.000 0.000 0.000 0.000 0.000 0.000 0.000
61.332 32.332 54.332 69.331 65.331 42.330 28.329 32.328 52.327 66.326 64.325 64.324 65.322 63.321 82.320 99.318 101.317 101.316 101.315 101.315 100.315 63.315 0.000 0.000 0.000 0.000 0.000 0.000 0.000 57.714 77.714 29.713 15.710 11.697 58.652 75.546 92.491 69.451 63.443 61.451 78.469 80.495 66.527 63.563 63.605 66.654 75.688 13.717 8.725 0.000 0.000 0.000 0.000 0.000 0.000 0.000 0.000 0.000 0.000 0.000 0.000 0.000 0.000 0.000 0.000 0.000 0.000 0.000 0.000 0.000 0.000 0.000 0.000
74.334 70.334 65.334 64.333 65.333 67.332 68.331 71.330 70.329 66.327 65.326 65.325 65.323 64.322 71.320 93.318 102.317 101.316 103.315 75.314 41.315 0.000 0.000 0.000 0.000 0.000 0.000 0.000 0.000 22.714 44.714 47.715 51.718 65.731 62.713 83.666 80.617 54.538 61.547 63.559 65.578 78.601 70.628 65.658 63.688 62.717 79.735 70.739 64.732 0.000 0.000 0.000 0.000 0.000 0.000 0.000 0.000 0.000 0.000 0.000 0.000 0.000 0.000 0.000 0.000 0.000 0.000 0.000 0.000 0.000 0.000 0.000 0.000
64.336 65.336 65.336 65.335 65.335 65.334 65.333 65.332 65.330 65.329 65.327 65.326 65.324 65.322 63.320 84.318 101.317 103.315 99.314 25.313 0.000 0.000 0.000 0.000 0.000 0.000 0.000 0.000 0.000 0.000 0.000 0.000 0.000 49.795 66.802 92.789 66.771 0.000 49.647 64.661 62.681 66.703 67.727 76.751 65.773 63.790 62.795 58.773 0.000 0.000 0.000 0.000 0.000 0.000 0.000 0.000 0.000 0.000 0.000 0.000 0.000 0.000 0.000 0.000 0.000 0.000 0.000 0.000 0.000 0.000 0.000 0.000 23.685
65.339 65.339 65.338 65.338 65.337 65.336 65.335 64.334 64.332 65.331 65.329 65.327 65.325 65.323 64.320 72.318 87.316 98.314 86.312 12.312 0.000 0.000 0.000 0.000 0.000 0.000 0.000 0.000 0.000 0.000 0.000 0.000 0.000 26.853 75.910 100.915 10.909 0.000 47.733 65.758 63.782 62.804 70.826 81.846 69.864 63.877 67.880 0.832 0.000 0.000 0.000 0.000 0.000 0.000 0.000 0.000 0.000 0.000 0.000 0.000 0.000 0.000 0.000 0.000 0.000 0.000 0.000 0.000 0.000 0.000 0.000 0.000 80.762
65.341 65.341 65.341 65.340 65.339 65.338 65.337 69.336 70.334 66.332 65.330 65.328 65.326 65.323 65.321 64.318 67.315 76.313 76.310 17.309 0.000 0.000 0.000 0.000 0.000 0.000 18.900 0.000 0.000 0.000 0.000 0.000 0.000 0.000 80.071 95.054 18.041 0.000 31.795 62.856 63.885 63.907 62.925 67.943 69.960 65.973 67.982 0.000 0.000 0.000 0.000 0.000 0.000 0.000 0.000 0.000 0.000 0.000 0.000 0.000 0.000 0.000 0.000 0.000 0.000 0.000 0.000 0.000 0.000 0.000 0.000 64.984 73.892
65.344 65.344 65.344 65.343 65.342 65.341 64.340 76.338 81.336 68.335 65.332 65.330 65.327 65.324 65.321 65.318 65.314 64.311 67.307 48.305 0.000 0.000 0.000 0.000 0.000 60.901 81.900 43.897 34.888 33.875 0.000 0.000 0.000 61.367 103.249 77.188 77.159 4.182 0.000 48.985 65.997 64.011 64.026 62.041 78.058 82.075 76.091 0.000 0.000 0.000 0.000 0.000 0.000 0.000 0.000 0.000 0.000 0.000 0.000 0.000 0.000 0.000 0.000 0.000 0.000 0.000 0.000 0.000 0.000 0.000 39.149 90.076 76.000
65.347 65.347 65.347 65.346 65.345 65.344 64.343 77.341 83.339 67.337 65.334 65.332 65.329 65.325 65.322 65.318 65.314 65.309 65.304 71.298 42.291 0.000 0.000 0.000 0.901 23.901 38.902 60.905 68.891 72.862 46.806 22.730 57.628 95.484 93.373 73.288 55.227 13.204 0.000 49.102 66.107 65.115 68.126 63.139 72.156 95.179 92.216 37.296 1.366 17.391 0.000 0.000 0.000 0.000 0.000 0.000 0.000 0.000 0.000 0.000 0.000 0.000 0.000 0.000 0.000 0.000 0.000 0.000 0.000 0.000 76.223 132.170 115.107
62.351 63.350 64.350 64.349 65.348 65.347 63.346 78.344 81.342 64.339 65.337 65.334 65.331 65.327 65.323 65.318 65.313 65.308 65.301 65.293 71.284 51.271 2.262 0.000 0.000 0.000 0.000 36.928 67.910 63.877 66.825 70.757 82.670 99.567 83.470 51.365 1.301 0.000 0.000 48.214 65.214 68.217 81.222 67.232 77.247 78.268 97.300 101.345 84.387 34.408 0.000 0.000 0.000 0.000 0.000 0.000 0.000 0.000 0.000 0.000 0.000 0.000 0.000 0.000 0.000 0.000 0.000 0.000 0.000 62.440 72.349 73.277 76.210
83.354 78.354 73.354 71.353 67.352 63.350 63.349 78.347 81.345 63.342 65.340 65.337 65.333 65.329 65.324 65.319 64.314 63.307 64.299 64.290 64.279 70.267 47.253 24.238 0.000 0.000 0.000 35.969 73.945 67.909 62.862 75.802 98.729 92.644 60.577 0.000 0.000 0.000 0.000 46.327 64.319 69.315 76.316 71.321 76.332 75.347 88.369 82.397 75.423 48.445 3.468 0.000 0.000 0.000 0.000 0.000 0.000 0.000 0.000 0.000 0.000 0.000 0.000 0.000 9.232 0.000 0.000 5.610 39.610 67.533 136.452 100.387 132.272
103.358 102.358 98.357 93.357 89.356 84.354 79.353 75.351 70.348 64.346 65.343 65.340 65.336 65.331 64.327 66.321 72.315 77.308 76.299 74.289 68.277 63.263 67.246 73.224 37.188 18.149 22.100 56.033 78.992 69.953 65.911 88.862 100.800 56.701 1.643 0.000 0.000 9.535 16.512 50.447 63.420 68.408 84.404 74.405 67.411 60.420 66.433 84.449 81.465 87.479 6.491 0.000 0.000 0.000 0.000 0.000 0.000 0.000 0.000 0.000 0.000 0.000 0.000 0.000 6.232 0.000 0.000 0.000 74.688 65.626 75.557 98.450 74.624
