results3/res_3e8f-0032.wd
ncols         241
nrows         181
xllcorner     12693529.787448
yllcorner     3542525.717860
cellsize      155.156523
NODATA_value  -9999.000000
[rows 99 to 131 of 181, columns 0 to 74 of 241]
0.000 0.000 0.000 0.000 0.000 30.678 70.676 72.670 63.658 58.657 0.000 0.000 0.000 0.000 0.000 0.000 0.000 38.578 35.578 0.000 0.000 0.000 0.000 33.527 32.525 0.000 0.000 0.000 0.000 0.000 0.000 0.000 0.000 0.000 0.000 39.574 35.578 34.584 35.593 36.603 49.614 38.627 42.642 34.656 36.669 34.682 35.697 40.712 41.728 39.745 43.763 36.781 36.800 38.821 41.842 55.867 56.895 41.920 27.934 0.000 0.000 0.000 0.000 0.000 7.992 62.995 60.003 47.024 22.046 17.072 61.101 38.133 40.168 40.206 40.247
0.000 0.000 0.000 0.000 0.000 31.692 71.691 71.689 0.000 0.000 0.000 0.000 0.000 0.000 0.000 0.000 0.000 49.579 38.580 0.000 0.000 0.000 36.544 35.537 39.533 0.000 0.000 0.000 0.000 45.541 37.541 0.000 0.000 0.000 52.563 62.568 48.573 41.579 35.587 37.595 56.605 41.617 47.635 47.648 38.659 53.672 45.685 46.700 36.715 44.731 44.748 42.766 36.785 37.803 41.823 38.848 0.871 0.000 0.000 0.000 0.000 0.000 0.000 11.009 48.007 60.012 67.022 57.038 33.057 34.080 48.105 39.134 40.165 40.199 40.235
0.000 0.000 0.000 0.000 0.000 18.708 67.707 76.707 0.000 0.000 0.000 0.000 0.000 0.000 0.000 0.000 0.000 56.581 37.584 38.582 40.574 37.565 34.553 35.544 33.538 0.000 0.000 0.000 0.000 38.541 38.542 39.545 38.548 38.552 37.558 47.563 56.568 3.574 67.580 57.587 62.594 47.600 0.000 63.643 61.650 60.661 64.673 53.687 36.702 39.718 44.734 44.751 41.769 37.786 26.798 0.000 0.000 0.000 0.000 0.000 0.000 0.000 0.000 21.011 48.014 48.026 59.037 58.050 41.066 41.085 40.108 40.133 40.160 40.190 39.222
44.775 47.775 0.000 0.000 0.000 28.726 67.725 72.726 82.734 0.000 0.000 0.000 0.000 0.000 0.000 0.000 0.000 0.000 41.594 38.588 56.578 70.568 45.559 30.551 0.000 0.000 0.000 0.000 0.000 0.000 37.543 38.545 38.548 38.551 38.556 37.560 37.564 36.569 37.574 42.580 54.586 48.590 0.000 63.631 64.638 42.648 49.661 66.674 60.689 47.704 37.720 43.737 44.755 47.776 32.787 0.000 0.000 0.000 0.000 0.000 0.000 0.000 0.000 0.000 0.000 45.042 42.048 42.059 40.072 40.089 40.108 40.129 40.153 39.179 38.207
58.777 41.776 41.773 43.768 45.760 64.746 72.741 72.740 72.743 74.748 48.750 0.000 0.000 36.650 43.650 44.647 6.640 1.629 64.612 72.600 67.583 63.571 46.564 0.000 0.000 0.000 0.000 0.000 0.000 0.000 0.000 38.545 37.547 36.551 37.554 38.557 38.560 38.564 38.568 39.574 58.579 53.586 36.595 38.612 49.624 60.635 37.647 49.661 50.675 43.691 63.706 46.722 38.738 0.000 0.000 0.000 0.000 0.000 0.000 0.000 0.000 0.000 0.000 0.000 0.000 45.052 40.057 40.065 40.076 40.090 40.106 38.125 36.145 38.167 44.191
73.780 63.779 44.777 48.772 66.766 72.759 72.754 72.752 72.752 67.752 39.753 45.754 0.000 27.651 62.654 70.651 70.645 54.637 69.626 76.619 0.000 0.000 0.000 0.000 0.000 0.000 0.000 0.000 0.000 0.000 0.000 38.543 0.000 0.000 0.000 39.554 38.556 38.559 38.563 39.567 55.573 60.580 37.589 38.600 38.611 56.622 57.634 35.647 43.662 62.679 54.693 32.707 0.000 0.000 0.000 0.000 0.000 0.000 0.000 0.000 0.000 0.000 0.000 0.000 0.000 45.059 40.062 40.069 40.078 39.089 38.103 43.118 44.136 45.155 46.175
73.787 73.785 68.783 71.780 72.775 72.770 72.765 72.762 72.760 68.758 43.757 60.756 0.000 0.000 40.664 64.660 72.654 73.647 72.639 77.633 0.000 0.000 0.000 0.000 0.000 0.000 0.000 0.000 0.000 0.000 0.000 38.542 0.000 0.000 40.547 38.549 38.552 38.554 38.557 38.561 55.566 60.572 37.580 38.589 38.599 39.609 60.620 54.633 61.649 51.669 32.680 0.000 0.000 0.000 0.000 0.000 0.000 0.000 0.000 0.000 0.000 0.000 0.000 0.000 43.062 40.063 40.066 40.071 40.078 39.087 41.098 45.111 46.126 46.142 46.159
71.795 72.794 72.792 72.789 72.785 72.781 72.777 72.773 72.769 73.765 68.761 75.757 0.000 0.000 28.678 47.672 70.665 72.658 73.651 61.641 0.000 0.000 0.000 0.000 0.000 0.000 0.000 0.000 0.000 0.000 0.000 32.541 37.542 37.543 36.545 38.547 38.548 38.549 38.551 38.554 55.559 60.564 37.571 38.579 38.587 38.596 43.605 66.615 46.632 0.000 0.000 0.000 0.000 0.000 0.000 0.000 0.000 0.000 0.000 0.000 0.000 0.000 0.000 0.000 0.000 47.064 43.067 44.072 42.077 38.083 45.092 46.102 44.115 44.128 41.142
68.805 73.805 72.803 72.801 72.797 72.794 72.790 72.785 72.780 72.773 73.766 66.757 50.743 41.724 35.700 62.687 72.678 72.671 77.666 0.000 0.000 0.000 0.000 0.000 0.000 0.000 0.000 0.000 0.000 0.000 0.000 0.000 0.000 0.000 0.000 38.545 38.545 38.545 38.545 38.547 54.551 61.556 38.562 38.569 38.576 38.582 38.589 44.594 0.000 0.000 0.000 0.000 0.000 0.000 0.000 0.000 0.000 0.000 0.000 0.000 0.000 0.000 0.000 0.000 0.000 0.000 0.000 0.000 0.000 47.078 45.084 46.093 43.103 38.114 47.124
68.818 73.817 72.816 72.814 72.811 72.808 72.804 72.798 72.792 72.784 73.774 58.762 37.748 36.731 45.713 69.699 72.689 72.682 78.677 0.000 0.000 0.000 0.000 0.000 0.000 0.000 0.000 0.000 0.000 0.000 0.000 0.000 0.000 0.000 0.000 34.543 38.543 35.542 38.538 38.539 57.542 61.547 38.553 38.559 38.565 38.571 38.575 35.577 0.000 0.000 0.000 0.000 0.000 0.000 0.000 0.000 0.000 0.000 0.000 0.000 0.000 38.982 0.000 0.000 0.000 0.000 0.000 0.000 43.057 44.066 46.074 46.083 43.092 39.101 49.110
71.832 72.832 72.831 72.829 72.827 72.824 72.820 72.814 72.807 72.798 72.786 69.772 46.756 47.739 64.723 71.709 72.699 72.691 79.686 0.000 0.000 0.000 0.000 0.000 0.000 0.000 0.000 0.000 0.000 0.000 0.000 0.000 0.000 0.000 0.000 0.000 34.542 0.000 37.528 38.529 66.533 53.539 38.545 38.551 38.556 51.561 41.564 36.565 0.000 0.000 0.000 0.000 0.000 0.000 0.000 0.000 0.000 0.000 0.000 0.000 0.000 49.982 34.983 0.000 0.000 0.000 0.000 44.040 47.048 46.057 43.065 39.072 39.080 37.089 41.100
72.848 72.848 72.847 72.847 72.845 72.843 72.839 72.833 72.825 72.815 72.801 72.785 74.766 74.748 73.732 72.718 72.707 74.698 63.691 6.690 0.000 0.000 0.000 0.000 0.000 0.000 0.000 0.000 0.000 0.000 0.000 0.000 0.000 0.000 0.000 0.000 0.000 0.000 37.516 38.519 72.523 41.530 38.538 38.545 50.550 59.553 38.555 38.554 37.550 0.000 0.000 0.000 0.000 0.000 0.000 0.000 0.000 0.000 0.000 0.000 0.000 45.983 46.984 33.987 0.000 40.014 42.020 46.031 45.040 43.048 42.056 38.063 46.069 49.075 0.000
71.864 70.865 72.866 72.866 72.865 72.863 72.860 72.855 72.848 72.836 72.820 72.800 72.778 72.757 72.739 72.724 73.714 56.705 0.000 0.000 33.675 47.674 0.000 0.000 0.000 0.000 0.000 0.000 0.000 0.000 0.000 0.000 0.000 0.000 0.000 0.000 0.000 0.000 33.503 44.507 67.513 38.521 35.533 38.541 38.545 38.547 38.549 38.549 38.547 35.546 0.000 0.000 0.000 0.000 0.000 0.000 0.000 0.000 0.000 0.000 0.000 40.983 36.985 42.990 37.998 46.008 46.017 45.026 41.034 44.042 39.048 38.054 38.059 31.067 0.000
61.882 61.884 70.886 72.887 72.887 72.887 72.885 72.882 72.875 72.863 72.845 73.820 74.790 72.763 72.743 72.728 72.719 0.000 0.000 33.682 43.677 53.674 52.671 45.669 37.668 0.000 0.000 0.000 0.000 0.000 0.000 0.000 0.000 0.000 0.000 37.465 40.468 40.474 37.486 36.493 45.500 33.510 0.000 34.541 38.543 38.544 38.545 38.545 37.544 0.000 0.000 0.000 0.000 0.000 0.000 0.000 42.967 53.967 0.000 0.000 41.978 39.981 39.985 36.989 44.996 46.004 46.013 43.022 46.030 46.036 44.042 39.046 28.049 0.000 0.000
43.898 48.903 67.908 73.911 72.911 72.912 72.913 72.913 72.908 72.897 74.878 60.845 56.799 71.764 76.743 73.728 68.717 50.706 53.697 59.688 53.679 54.675 33.672 26.670 0.000 0.000 0.000 0.000 0.000 0.000 0.000 0.000 0.000 0.000 28.462 34.463 37.465 37.470 37.476 37.481 39.484 0.000 0.000 0.000 33.542 38.542 38.542 38.542 38.542 0.000 0.000 0.000 0.000 0.000 0.000 2.966 59.967 41.968 39.970 39.973 39.976 39.980 37.983 42.988 45.994 46.001 42.009 46.019 46.028 45.033 39.037 40.040 30.041 0.000 0.000
27.910 42.923 61.935 74.938 75.935 75.937 73.945 72.949 73.948 72.941 73.925 11.884 0.000 30.751 48.739 69.725 76.715 74.706 74.699 60.693 0.000 0.000 0.000 0.000 0.000 0.000 0.000 0.000 0.000 0.000 0.000 0.000 0.000 0.000 0.000 33.460 37.462 35.465 36.468 38.471 39.473 0.000 0.000 0.000 0.000 31.541 38.540 38.541 35.541 0.000 0.000 0.000 0.000 0.000 0.000 0.000 1.968 55.969 38.970 38.973 39.975 38.978 38.981 44.986 45.991 43.998 32.003 0.000 50.029 44.031 44.033 44.035 30.036 0.000 0.000
0.000 13.947 46.971 52.974 46.955 48.957 65.982 73.991 69.995 62.997 61.998 0.000 0.000 0.000 0.000 6.718 41.712 67.706 74.702 0.000 0.000 0.000 0.000 0.000 0.000 0.000 0.000 0.000 0.000 0.000 0.000 0.000 0.000 0.000 0.000 33.457 39.458 38.459 47.462 48.464 38.465 0.000 0.000 0.000 0.000 0.000 35.539 36.539 0.000 0.000 0.000 0.000 0.000 0.000 0.000 0.000 0.000 60.969 63.971 43.972 37.974 35.977 45.979 45.983 40.986 0.000 0.000 0.000 0.000 49.030 46.031 46.032 36.033 0.000 0.000
0.000 0.000 28.030 37.032 0.000 0.000 38.034 67.039 58.045 54.054 68.072 35.114 0.000 0.000 0.000 0.000 0.000 12.703 43.702 0.000 0.000 0.000 0.000 0.000 0.000 0.000 0.000 0.000 0.000 0.000 0.000 0.000 0.000 0.000 0.000 24.455 38.453 36.454 66.456 59.458 37.459 39.458 0.000 0.000 0.000 0.000 30.538 0.000 0.000 0.000 0.000 0.000 0.000 0.000 0.000 0.000 0.000 0.000 48.971 65.972 50.974 44.976 45.978 40.980 0.000 0.000 0.000 0.000 0.000 41.029 46.030 46.031 41.032 0.000 0.000
0.000 0.000 24.088 69.093 26.118 0.000 27.084 59.086 61.093 72.105 74.125 77.156 83.197 22.219 0.000 0.000 0.000 0.000 0.000 0.000 0.000 0.000 0.000 0.000 0.000 0.000 0.000 0.000 0.000 0.000 0.000 0.000 0.000 0.000 0.000 0.000 31.448 39.449 69.452 51.454 39.456 38.458 43.458 0.000 0.000 0.000 0.000 0.000 0.000 0.000 0.000 0.000 0.000 0.000 0.000 0.000 0.000 0.000 0.000 0.000 53.974 43.975 41.976 0.000 0.000 0.000 0.000 0.000 40.026 39.027 41.028 35.029 0.000 0.000 0.000
0.000 12.164 46.141 64.137 72.143 41.149 54.132 77.131 74.137 73.148 73.166 73.190 73.218 79.243 82.270 38.285 0.000 0.000 42.332 56.331 49.330 51.328 7.327 0.000 0.000 0.000 0.000 0.000 0.000 0.000 0.000 0.000 0.000 0.000 0.000 0.000 32.441 61.444 63.448 40.452 38.456 38.458 41.460 0.000 0.000 0.000 0.000 0.000 0.000 0.000 0.000 0.000 0.000 0.000 0.000 0.000 0.000 0.000 0.000 0.000 0.000 0.000 0.000 0.000 0.000 0.000 0.000 42.024 37.025 35.026 0.000 0.000 0.000 0.000 0.000
70.202 73.188 73.176 71.171 69.171 70.171 72.167 72.169 73.176 74.187 74.202 73.222 66.243 70.264 73.284 77.301 81.320 82.329 74.333 70.333 67.332 62.329 64.326 57.323 13.321 0.000 0.000 0.000 0.000 0.000 0.000 0.000 0.000 0.000 0.000 56.426 45.433 74.439 65.445 52.451 39.457 38.461 38.465 42.469 38.468 0.000 0.000 0.000 0.000 0.000 0.000 0.000 0.000 0.000 0.000 0.000 0.000 0.000 0.000 0.000 0.000 0.000 0.000 0.000 0.000 0.000 0.000 0.000 0.000 0.000 0.000 0.000 0.000 0.000 0.000
73.217 68.211 66.206 65.202 59.200 56.199 57.197 57.204 63.212 68.223 68.236 61.252 45.269 60.286 73.303 73.317 73.329 73.337 73.339 73.338 74.335 74.331 77.327 78.323 78.320 78.318 17.317 0.000 0.000 0.000 0.000 0.000 0.000 0.000 0.000 28.420 54.426 59.435 43.444 60.452 48.460 38.466 38.471 41.475 0.000 0.000 0.000 0.000 0.000 0.000 0.000 0.000 0.000 0.000 0.000 0.000 0.000 0.000 0.000 0.000 0.000 0.000 0.000 0.000 0.000 0.000 0.000 0.000 0.000 0.000 0.000 0.000 0.000 0.000 0.000
43.239 16.236 38.234 52.232 50.231 30.228 15.221 11.237 31.247 48.257 47.269 40.282 35.297 45.311 66.324 74.336 73.345 73.350 73.350 73.346 73.341 77.335 52.328 40.323 39.320 43.318 46.317 0.000 0.000 0.000 0.000 0.000 0.000 0.000 0.000 26.410 62.418 45.431 37.444 47.455 58.465 42.472 38.479 38.486 44.494 0.000 0.000 0.000 0.000 0.000 0.000 0.000 0.000 0.000 0.000 0.000 0.000 0.000 0.000 0.000 0.000 0.000 0.000 0.000 0.000 0.000 0.000 0.000 0.000 0.000 0.000 0.000 0.000 0.000 75.420
33.264 4.263 26.262 41.262 37.263 14.264 0.265 4.277 24.283 38.291 36.301 36.313 37.325 35.338 54.349 71.359 73.366 73.369 73.366 73.357 72.349 35.342 0.000 0.000 0.000 0.000 0.000 0.000 0.000 32.330 52.331 4.332 0.000 0.000 33.374 50.391 67.408 44.428 38.447 36.461 53.472 55.481 41.488 38.496 38.503 41.512 50.516 0.000 0.000 0.000 0.000 0.000 0.000 0.000 0.000 0.000 0.000 0.000 0.000 0.000 0.000 0.000 0.000 0.000 0.000 0.000 0.000 0.000 0.000 0.000 0.000 0.000 0.000 0.000 73.490
46.291 42.291 37.291 36.293 37.296 39.302 40.317 43.313 42.317 38.324 37.333 37.343 37.355 36.366 43.377 65.386 74.393 73.395 75.389 47.368 13.358 0.000 0.000 0.000 0.000 0.000 0.000 0.000 0.000 0.000 19.332 22.334 26.339 40.346 37.359 58.374 55.395 29.426 36.456 38.472 40.483 53.492 45.499 40.506 38.513 37.518 54.521 45.522 39.521 0.000 0.000 0.000 0.000 0.000 0.000 0.000 0.000 0.000 0.000 0.000 0.000 0.000 0.000 0.000 0.000 0.000 0.000 0.000 0.000 0.000 0.000 0.000 0.000 9.723 86.623
36.319 37.319 37.320 37.323 37.326 37.332 37.340 37.343 37.349 37.356 37.365 37.375 37.386 37.397 35.407 56.417 73.424 75.429 71.430 0.000 0.000 0.000 0.000 0.000 0.000 0.000 0.000 0.000 0.000 0.000 0.000 0.000 0.000 24.340 41.342 67.352 41.373 0.000 24.480 39.488 37.497 41.505 42.512 51.518 40.524 38.528 37.529 33.525 0.000 0.000 0.000 0.000 0.000 0.000 0.000 0.000 0.000 0.000 0.000 0.000 0.000 0.000 0.000 0.000 0.000 0.000 0.000 0.000 0.000 0.000 0.000 0.000 14.903 79.823 89.738
37.348 37.348 37.350 37.352 37.356 37.361 37.367 36.373 36.379 37.387 37.396 37.406 37.417 37.429 36.440 44.451 59.461 70.468 58.473 0.000 0.000 0.000 0.000 0.000 0.000 0.000 0.000 0.000 0.000 0.000 0.000 0.000 0.000 1.328 50.319 75.320 0.000 0.000 22.498 40.505 38.512 37.520 45.526 56.532 44.537 38.541 42.543 0.000 0.000 0.000 0.000 0.000 0.000 0.000 0.000 0.000 0.000 0.000 0.000 0.000 0.000 0.000 0.000 0.000 0.000 0.000 0.000 0.000 0.000 0.000 0.000 0.000 71.984 85.926 85.854
37.377 37.378 37.379 37.382 37.386 37.391 37.397 41.403 42.410 38.418 37.428 37.438 37.450 37.462 37.474 36.487 39.500 48.512 48.522 0.000 0.000 0.000 0.000 0.000 0.000 0.000 0.000 0.000 0.000 0.000 0.000 0.000 0.000 0.000 54.289 69.291 0.000 0.000 6.509 37.522 38.529 38.536 37.542 42.548 44.553 40.558 42.560 0.000 0.000 0.000 0.000 0.000 0.000 0.000 0.000 0.000 0.000 0.000 0.000 0.000 0.000 0.000 0.000 0.000 0.000 0.000 0.000 0.000 0.000 0.000 0.000 56.222 65.123 65.045 64.970
37.406 37.407 37.409 37.412 37.416 37.421 36.427 48.433 53.441 40.450 37.460 37.470 37.482 37.495 37.509 37.524 37.540 36.559 39.582 20.621 0.000 0.000 0.000 0.000 0.000 34.150 55.152 17.153 8.156 7.158 0.000 0.000 0.000 35.244 77.259 51.264 51.258 0.000 0.000 23.545 40.549 38.554 38.560 36.566 52.572 56.577 50.581 0.000 0.000 0.000 0.000 0.000 0.000 0.000 0.000 0.000 0.000 0.000 0.000 0.000 0.000 0.000 0.000 0.000 0.000 0.000 0.000 0.000 0.000 0.000 30.400 81.321 67.239 80.168 102.047
37.436 37.437 37.439 37.442 37.446 37.451 36.457 49.464 55.472 39.481 37.491 37.503 37.515 37.529 37.545 37.561 37.580 37.602 37.628 43.660 14.696 0.000 0.000 0.000 0.000 0.000 12.152 34.154 42.157 46.161 20.167 0.000 31.217 69.229 67.241 47.248 29.252 0.000 0.000 23.564 40.567 39.572 42.578 37.585 46.591 69.598 66.607 11.623 0.000 0.000 0.000 0.000 0.000 0.000 0.000 0.000 0.000 0.000 0.000 0.000 0.000 0.000 0.000 0.000 0.000 0.000 0.000 0.000 0.000 0.000 67.479 123.423 106.354 128.259 106.847
34.466 35.467 36.469 36.472 37.476 37.481 35.487 50.494 53.503 36.512 37.523 37.535 37.548 37.563 37.579 37.598 37.618 37.641 37.668 37.699 43.732 23.768 0.000 0.000 0.000 0.000 0.000 10.154 41.158 37.164 40.173 44.188 56.205 73.217 57.228 25.238 0.000 0.000 0.000 22.582 39.585 42.591 55.597 41.604 51.612 52.619 71.628 75.639 58.652 8.658 0.000 0.000 0.000 0.000 0.000 0.000 0.000 0.000 0.000 0.000 0.000 0.000 0.000 0.000 0.000 0.000 0.000 0.000 0.000 53.713 63.615 64.538 67.467 86.438 106.018
55.496 50.497 45.499 43.502 39.506 35.511 35.518 50.525 53.534 35.544 37.555 37.567 37.581 37.597 37.614 37.633 36.654 35.678 36.705 36.736 36.769 42.804 19.841 0.000 0.000 0.000 0.000 9.152 47.157 41.166 36.176 49.187 72.198 66.208 34.218 0.000 0.000 0.000 0.000 20.598 38.602 43.609 50.617 45.625 50.633 49.640 62.647 56.654 49.661 22.664 0.000 0.000 0.000 0.000 0.000 0.000 0.000 0.000 0.000 0.000 0.000 0.000 0.000 0.000 0.000 0.000 0.000 0.000 30.894 58.812 127.728 91.657 123.538 107.206 105.252
75.526 74.527 70.529 65.532 61.536 56.542 51.548 47.556 42.565 36.575 37.586 37.599 37.613 37.629 36.647 38.667 44.689 49.714 48.741 46.771 40.803 35.839 39.880 45.931 9.962 0.000 0.000 29.145 52.155 43.167 39.178 62.187 74.194 30.201 0.000 0.000 0.000 0.000 0.000 24.612 37.617 42.627 58.637 48.647 41.655 34.662 40.667 58.671 55.674 61.675 0.000 0.000 0.000 0.000 0.000 0.000 0.000 0.000 0.000 0.000 0.000 0.000 0.000 0.000 0.000 0.000 0.000 0.000 65.976 56.912 66.841 89.731 65.900 105.351 96.686
