results3/res_3e8f-0022.wd
ncols         241
nrows         181
xllcorner     12693529.787448
yllcorner     3542525.717860
cellsize      155.156523
NODATA_value  -9999.000000
[rows 132 to 164 of 181, columns 0 to 74 of 241]
50.641 55.642 59.644 59.648 61.653 61.659 55.666 46.675 32.685 21.697 20.710 21.725 20.743 19.762 24.785 38.810 49.838 54.869 54.904 51.943 43.985 35.030 26.080 20.139 25.219 27.288 26.354 27.424 25.474 20.518 34.562 57.608 24.663 0.000 0.000 0.000 0.000 17.594 29.602 26.633 28.653 34.670 52.678 38.681 22.682 21.682 21.680 33.677 54.676 0.000 0.000 0.000 0.000 0.000 0.000 0.000 0.000 0.000 0.000 0.000 0.000 0.000 0.000 0.000 0.000 0.000 0.000 39.236 62.117 66.019 65.905 75.983 103.441 93.774 93.715
28.679 30.680 33.683 39.687 49.692 55.698 60.705 60.714 53.724 39.736 28.749 22.764 26.782 33.802 46.825 61.851 60.879 57.910 57.945 60.982 61.023 57.067 45.116 33.170 25.232 20.292 21.351 20.407 21.454 29.495 51.530 59.555 0.000 0.000 0.000 0.000 0.000 3.586 21.581 30.586 31.611 28.643 29.649 39.652 34.654 27.655 31.656 39.656 52.656 0.000 0.000 0.000 0.000 0.000 0.000 0.000 0.000 0.000 0.000 0.000 0.000 0.000 0.000 0.000 0.000 0.000 46.480 68.355 64.222 73.185 64.239 103.588 92.337 93.827 99.068
20.718 20.719 20.722 22.725 27.730 31.736 38.744 47.752 55.762 58.774 52.787 50.803 52.820 55.841 54.864 47.890 38.919 36.950 36.984 42.020 48.059 55.101 58.146 57.196 46.248 36.300 31.351 29.399 38.442 54.480 55.510 41.529 0.000 0.000 0.000 0.000 0.000 0.000 4.549 31.519 10.565 0.000 13.623 28.625 43.628 47.631 49.634 50.636 46.638 0.000 0.000 0.000 0.000 0.000 0.000 0.000 0.000 0.000 0.000 0.000 0.000 0.000 31.044 0.991 66.847 88.759 121.579 77.520 72.553 53.493 89.545 94.020 93.905 102.656 92.162
21.757 21.758 21.761 21.764 20.769 19.775 21.783 26.791 32.801 42.812 52.825 54.840 47.857 37.878 31.901 23.928 19.957 19.988 20.021 22.056 27.093 33.133 40.175 52.219 57.265 59.311 58.356 54.399 57.438 50.473 32.502 24.524 3.537 0.000 0.000 0.000 0.000 0.000 0.000 30.379 0.000 0.000 6.597 31.599 50.603 58.608 44.614 47.619 33.621 0.000 0.000 0.000 0.000 0.000 0.000 0.000 0.000 0.000 0.000 0.000 0.000 18.062 37.062 110.015 138.915 121.775 105.304 104.225 95.880 94.523 94.367 94.200 59.431 104.335 95.916
21.796 21.797 21.800 21.804 21.809 21.815 21.822 20.830 20.840 23.850 29.862 28.876 24.893 20.913 20.937 20.965 21.995 22.026 22.058 22.092 21.127 20.164 22.202 28.242 35.283 44.324 52.364 48.403 37.439 25.472 21.502 26.528 34.551 10.576 0.000 0.000 0.000 0.000 12.102 33.240 0.000 0.000 25.569 57.572 59.578 38.586 41.597 40.605 28.609 17.608 0.000 0.000 0.000 0.000 0.000 0.000 0.000 0.000 0.000 0.000 0.000 0.000 62.126 68.052 64.026 65.168 63.128 94.939 94.808 94.671 61.836 64.598 66.453 68.106 18.064
21.835 21.837 21.839 21.843 21.848 21.854 21.862 21.870 21.878 21.888 20.899 20.911 20.926 21.946 21.971 22.001 22.033 22.064 22.095 22.127 22.160 22.194 22.230 21.266 20.302 21.339 25.376 23.411 22.445 26.477 29.507 28.537 26.566 28.601 28.651 25.700 25.755 29.830 4.965 0.000 0.000 0.000 43.540 57.544 37.551 30.562 29.585 9.597 5.602 0.000 0.000 0.000 0.000 0.000 0.000 0.000 0.000 9.815 24.796 0.000 8.479 71.373 78.301 76.350 74.319 75.387 95.184 95.064 76.135 82.910 75.745 81.502 73.328 52.254 0.000
21.875 21.876 21.879 21.883 21.888 21.895 21.902 21.910 21.918 21.926 21.935 21.945 21.957 21.974 22.002 22.038 22.072 22.103 22.133 21.163 28.194 30.225 22.257 21.290 20.323 21.356 23.389 26.422 29.454 28.485 23.515 24.546 31.578 34.613 30.654 24.696 21.737 30.771 0.000 0.000 0.000 38.497 47.507 34.514 26.522 46.528 0.000 0.000 0.000 0.000 0.000 0.000 0.000 0.000 0.000 0.000 19.879 61.834 90.779 51.682 84.517 92.657 89.591 88.664 95.522 95.413 95.301 88.252 90.109 89.793 88.638 87.554 5.455 0.000 0.000
21.915 21.916 21.919 21.923 21.928 21.935 21.943 21.951 21.958 21.965 24.972 24.977 22.983 26.993 25.024 22.079 22.115 22.145 21.173 19.200 30.228 38.257 24.286 21.315 23.345 26.375 28.405 27.435 24.465 26.494 31.524 33.555 34.587 34.621 29.657 23.693 32.726 51.748 0.000 0.000 0.000 12.488 35.480 32.486 36.495 56.500 0.000 0.000 0.000 0.000 0.000 0.000 0.000 0.000 0.000 17.978 69.926 85.863 88.779 93.753 90.888 87.866 95.822 95.726 95.627 87.609 88.377 89.230 88.896 88.855 81.773 58.664 0.000 0.000 0.000
21.954 21.956 21.958 21.963 21.969 21.977 21.985 21.993 22.001 23.007 30.011 30.011 7.007 0.000 0.000 26.141 20.166 23.191 29.214 32.238 32.263 28.289 24.315 25.342 28.368 27.395 26.422 28.449 32.477 32.505 34.534 33.564 24.595 19.628 21.662 34.695 53.726 63.749 0.000 0.000 0.000 0.000 43.439 45.458 52.472 51.480 0.000 0.000 0.000 0.000 0.000 0.000 0.000 0.000 22.090 66.038 87.951 90.955 90.028 90.015 89.092 96.006 95.915 87.858 88.640 89.481 89.253 89.094 89.037 80.959 72.910 0.000 0.000 0.000 0.000
21.994 21.995 21.998 22.003 22.010 22.019 22.028 22.038 22.046 24.052 33.055 44.051 20.028 0.000 0.000 11.179 37.218 29.240 27.257 27.274 25.299 24.323 26.346 28.369 26.392 22.416 24.440 36.464 38.490 28.517 22.545 19.574 19.604 24.635 38.668 54.701 51.736 35.773 7.817 0.000 0.000 14.308 43.381 25.434 16.458 8.468 0.000 0.000 0.000 0.000 0.000 0.000 0.000 15.209 66.149 88.050 90.231 89.216 89.315 96.270 96.184 96.096 87.946 89.804 89.502 89.360 89.290 89.204 83.115 70.042 59.999 0.000 0.000 0.000 0.000
22.034 22.035 22.037 22.042 22.050 22.061 22.073 22.085 22.095 24.103 34.108 21.110 0.000 0.000 0.000 0.000 33.289 25.295 27.302 26.304 24.337 27.359 28.379 25.398 22.417 18.437 28.458 42.480 29.504 19.529 20.555 25.583 35.612 46.642 57.674 50.708 28.746 23.793 42.861 49.979 51.101 55.236 30.343 0.149 0.000 0.000 0.000 0.000 0.000 0.000 0.000 0.000 20.320 66.247 88.248 90.420 89.439 96.512 96.433 96.353 88.257 89.034 89.899 89.582 89.550 89.476 89.387 90.282 78.190 49.092 38.045 0.000 0.000 0.000 0.000
21.075 21.074 22.074 22.078 22.089 22.105 22.120 22.134 22.147 25.157 35.166 6.172 0.000 0.000 3.396 5.385 22.355 24.350 12.353 0.000 32.389 27.399 23.413 22.428 20.443 22.460 38.477 41.496 23.517 26.541 38.566 47.593 56.621 54.650 42.679 28.711 21.748 37.793 41.858 29.975 11.089 9.194 0.655 0.196 0.000 0.000 0.000 9.683 4.683 0.000 0.000 14.414 66.426 89.516 90.532 88.636 96.664 96.588 88.463 89.252 90.105 89.895 89.755 89.714 89.646 89.580 92.498 56.349 36.269 0.000 0.000 0.000 0.000 0.000 0.000
30.119 28.115 25.107 23.110 20.125 20.150 20.171 20.187 19.201 24.215 36.229 19.242 0.355 8.408 26.409 22.406 19.398 25.398 20.408 7.432 27.431 21.437 20.447 20.458 22.470 36.482 44.496 10.511 2.529 52.552 57.577 52.604 41.631 31.657 23.684 19.712 30.743 42.776 10.805 0.000 0.000 0.000 0.526 0.623 0.000 0.000 1.678 29.683 13.683 0.000 0.000 46.666 88.704 87.825 96.889 96.815 96.740 88.526 90.386 90.095 89.970 89.921 91.859 86.791 88.745 89.704 100.674 0.000 0.000 0.000 0.000 0.000 0.000 0.000 0.000
31.168 33.160 39.132 40.131 40.152 37.202 38.226 37.243 36.258 36.274 38.294 21.323 25.380 24.412 21.426 24.432 24.435 23.440 28.448 30.460 24.466 18.473 20.481 22.490 36.498 41.506 30.513 24.524 33.539 56.561 39.587 30.617 22.642 20.665 22.688 21.711 35.736 44.763 8.783 0.000 0.000 0.000 2.175 0.592 2.564 8.634 10.674 3.689 0.000 0.000 24.880 66.936 97.102 97.032 96.962 88.804 89.585 90.456 90.148 90.126 91.065 91.000 63.937 41.855 76.837 90.819 95.820 35.873 0.000 0.000 0.000 0.000 0.000 0.000 0.000
24.227 18.225 0.000 0.000 0.000 29.280 26.290 26.303 26.316 30.331 39.350 20.376 21.410 20.436 23.453 27.463 28.471 26.478 25.486 28.495 29.502 26.509 20.516 37.523 43.528 34.530 40.529 57.534 54.545 36.567 24.596 20.635 22.657 22.675 21.692 26.710 42.730 44.758 36.781 39.790 10.792 0.000 0.000 0.000 7.637 14.666 4.693 1.712 0.000 19.943 68.071 97.238 97.171 88.990 89.774 90.632 90.429 90.297 90.263 91.198 89.138 83.077 8.038 0.000 58.928 93.916 90.914 89.927 0.000 0.000 0.000 0.000 0.000 0.000 0.000
22.289 14.291 0.000 0.000 0.000 25.349 21.354 21.362 21.372 25.385 39.402 17.423 21.448 25.470 27.487 28.499 25.509 22.518 20.526 22.533 32.540 45.547 40.553 41.558 18.561 12.559 64.542 50.538 17.541 0.000 0.000 25.670 22.679 22.688 24.696 17.708 1.718 0.000 3.797 43.799 19.795 0.000 0.000 0.000 3.681 8.700 2.722 7.758 7.895 46.092 97.343 88.222 91.936 90.810 90.609 90.482 90.440 90.386 91.326 91.272 56.214 32.130 18.101 21.088 72.030 93.005 88.994 79.993 0.000 0.000 0.000 0.000 0.000 0.000 0.000
22.350 22.360 5.391 0.000 0.000 26.415 22.417 22.421 21.428 22.437 37.451 24.469 27.490 29.510 28.526 23.540 20.550 21.559 21.566 20.573 30.580 53.586 49.593 36.598 29.602 20.604 0.000 0.000 0.000 0.000 0.000 27.698 22.701 24.703 7.699 0.000 0.000 0.000 5.812 22.815 0.000 0.000 0.000 3.706 10.706 6.732 0.777 0.000 0.767 45.490 97.469 91.112 90.843 90.650 90.616 90.562 90.503 90.447 88.395 79.348 12.315 0.000 29.149 88.132 93.101 91.078 85.064 75.060 0.000 0.000 0.000 0.000 0.000 0.000 0.000
19.402 21.411 18.424 0.000 0.000 26.481 21.479 19.479 21.481 25.486 29.496 28.513 28.535 26.555 20.571 21.584 21.594 22.602 22.609 27.616 45.622 44.628 37.634 46.640 44.647 15.652 0.000 0.000 0.000 0.000 0.000 27.724 22.725 25.727 0.000 0.000 0.000 18.818 38.825 7.836 0.000 0.000 0.000 0.000 2.706 2.780 2.901 0.778 1.129 97.823 97.648 90.038 90.847 90.730 90.676 90.619 90.563 92.509 77.458 60.412 20.382 0.000 44.214 74.192 83.164 92.141 81.127 70.121 0.000 0.000 0.000 0.000 0.000 0.000 0.000
26.447 24.457 13.471 0.000 12.575 20.549 22.541 26.537 27.533 28.532 26.536 27.554 25.583 21.605 21.621 22.632 22.641 21.648 23.654 46.659 45.665 27.670 40.676 38.684 42.693 40.708 3.737 0.000 0.000 0.000 3.765 23.752 22.749 22.754 17.772 9.784 26.796 25.813 19.835 41.869 0.000 0.000 0.000 0.000 1.511 0.091 1.213 25.451 49.769 97.953 92.429 92.110 91.830 90.794 90.734 90.677 91.621 89.567 44.515 21.460 33.420 34.378 88.302 90.257 70.223 80.197 75.181 48.177 13.194 0.000 0.000 0.000 0.000 0.000 0.000
27.484 28.500 25.534 13.587 27.603 27.602 27.599 28.594 28.586 29.572 41.564 23.585 21.638 21.663 22.676 22.685 22.692 23.697 37.701 48.704 23.708 27.713 54.719 46.727 34.736 37.749 40.768 24.791 29.798 44.794 37.780 25.770 18.766 18.770 29.778 45.786 32.794 4.803 0.000 31.938 21.008 0.367 4.116 9.165 5.214 0.000 0.000 40.549 92.799 98.045 89.399 92.007 92.912 90.851 90.791 90.733 83.677 73.624 30.576 1.520 10.460 11.413 72.358 114.311 95.273 71.243 63.223 42.212 51.212 4.212 0.000 0.000 0.000 14.901 56.901
32.505 32.528 28.580 28.626 28.649 29.657 29.660 25.658 22.646 21.608 0.000 0.000 25.725 22.732 22.738 22.742 21.745 24.747 48.749 34.751 19.753 25.757 42.762 59.769 54.777 51.786 49.798 45.808 41.811 40.805 48.792 45.782 39.779 35.782 38.786 42.789 4.792 0.000 0.000 0.000 0.000 0.000 5.140 15.164 11.189 2.189 0.000 39.720 98.227 98.136 92.305 94.101 90.965 90.909 91.847 87.789 71.731 64.676 70.624 76.572 60.512 82.458 97.405 114.357 123.316 107.281 69.255 74.238 49.230 0.000 0.000 0.000 0.000 0.000 5.902
0.000 0.000 32.633 27.688 27.711 22.720 19.728 21.732 16.732 0.000 0.000 0.000 26.806 22.804 22.802 22.802 22.801 40.800 47.799 20.798 22.798 22.800 25.805 31.811 33.817 33.823 29.829 32.834 48.833 41.825 32.802 35.790 42.787 46.794 49.795 46.795 21.795 0.000 0.000 0.000 0.000 0.000 0.061 9.163 0.000 0.000 9.656 69.890 98.319 89.704 93.358 93.073 91.030 90.964 91.902 86.842 73.784 39.727 46.671 89.615 100.558 132.502 123.448 95.397 83.351 100.311 79.278 73.254 48.241 0.000 0.000 0.000 0.000 0.000 10.903
0.000 0.000 0.000 36.784 21.787 19.787 21.800 21.811 22.820 0.000 0.000 15.932 23.892 22.876 22.868 22.863 24.859 48.854 33.849 19.845 22.842 22.843 22.848 21.853 21.858 21.862 20.865 27.865 56.864 35.861 0.000 0.000 0.000 37.815 47.807 31.801 36.798 23.797 0.000 0.000 0.000 0.000 0.063 0.000 0.000 0.000 27.836 98.509 98.412 92.572 94.265 90.148 91.083 91.018 90.955 90.894 77.834 40.776 55.718 92.660 88.602 122.545 117.488 86.433 91.381 77.333 58.292 76.260 54.240 0.000 0.000 0.000 0.000 0.000 9.904
21.074 17.070 0.000 28.878 38.868 39.843 20.875 32.894 39.919 15.973 13.989 23.973 22.954 22.941 22.932 22.925 41.918 45.910 20.901 22.891 21.884 20.883 22.892 22.898 22.902 22.903 21.903 29.901 58.898 39.896 0.000 0.000 9.866 34.844 47.819 26.807 16.802 0.000 0.000 0.000 0.000 0.000 0.433 0.000 0.000 6.813 69.029 98.606 89.886 93.534 93.254 91.206 91.136 91.071 91.007 91.945 82.884 71.825 94.765 119.706 107.647 124.587 121.527 115.467 122.407 88.349 65.297 75.253 83.219 12.187 0.000 0.000 0.000 0.000 10.906
23.078 22.068 17.040 22.983 21.966 0.000 43.965 35.973 22.989 24.012 24.023 23.020 23.011 23.003 22.995 25.988 48.979 31.969 21.955 22.937 28.921 36.914 22.940 20.948 22.949 21.947 24.944 48.939 56.934 31.930 19.931 7.916 29.891 28.876 0.000 0.000 0.000 0.000 0.000 0.000 0.000 0.000 0.000 0.000 10.013 67.075 89.208 98.705 90.833 91.428 91.324 91.255 91.188 91.122 91.058 91.995 82.934 65.873 61.813 94.752 84.692 98.630 101.567 89.501 91.432 63.361 40.294 54.238 121.194 74.157 9.121 0.000 20.929 41.918 78.909
23.095 23.086 23.069 23.051 23.048 17.069 33.047 49.046 25.054 22.065 23.072 23.073 23.070 23.066 22.060 45.053 47.045 21.032 23.013 23.983 20.951 0.000 42.007 37.006 24.001 21.995 39.987 58.979 42.970 22.960 22.948 23.927 26.906 30.895 0.000 0.000 0.000 0.000 0.000 0.000 0.000 0.000 0.000 0.000 33.213 90.297 98.908 98.805 90.731 91.511 91.369 91.306 91.237 91.172 91.107 90.045 74.983 76.921 96.861 115.799 114.738 119.674 124.609 111.538 109.460 96.367 45.279 43.213 119.163 83.124 21.086 14.013 78.941 111.916 130.906
23.123 23.111 23.103 23.103 23.107 23.113 23.110 34.111 49.116 25.124 22.129 23.132 23.132 21.130 29.127 50.123 30.116 22.104 24.082 22.032 0.000 0.000 30.077 31.068 37.056 36.044 44.032 43.020 24.008 21.995 23.977 26.939 31.914 31.904 0.000 0.000 0.000 0.000 0.000 0.000 0.000 0.000 0.000 0.000 41.637 95.597 99.012 90.137 91.764 91.475 91.426 91.353 91.286 91.220 91.156 91.093 77.031 72.970 93.909 94.847 94.785 97.722 97.655 96.584 101.502 74.370 50.243 65.171 80.122 19.091 0.000 0.000 22.905 48.899 70.897
23.163 25.134 25.130 23.155 23.164 23.169 23.171 23.174 34.179 49.185 25.191 20.195 20.197 37.198 49.197 43.195 20.192 23.187 19.181 0.000 0.000 16.199 23.157 23.133 29.114 46.096 46.079 39.063 32.049 24.036 11.026 0.000 45.907 25.905 0.000 0.000 0.000 0.000 0.000 0.000 0.000 0.000 0.000 0.000 15.443 99.231 99.119 90.990 91.663 91.540 91.470 91.400 91.332 91.267 91.203 92.141 87.080 77.019 71.958 70.897 70.835 70.772 70.708 74.641 48.593 0.000 18.150 74.108 70.063 31.028 0.000 0.000 21.876 67.879 45.882
24.234 0.000 0.000 23.223 22.226 21.229 21.231 20.235 20.241 33.248 48.255 41.262 48.266 50.269 37.270 21.271 28.272 28.273 16.276 0.000 0.000 27.243 23.220 25.196 49.171 56.148 34.126 25.106 32.089 39.076 27.068 0.000 5.905 23.904 0.000 0.000 0.000 0.000 0.000 0.000 0.000 0.000 0.000 0.000 4.112 99.342 96.315 91.928 91.643 91.588 91.513 91.444 91.377 91.313 91.250 91.188 92.128 91.067 89.007 87.947 87.886 88.825 90.763 64.680 6.636 0.000 3.099 59.049 89.995 80.929 53.849 29.826 46.846 49.859 7.870
23.306 22.329 0.000 22.290 33.289 37.291 41.293 46.296 49.302 50.313 50.323 50.331 36.337 23.342 39.345 56.348 57.352 57.359 50.376 28.418 0.000 24.310 22.288 31.259 59.230 46.200 23.172 22.147 24.126 27.111 18.103 0.000 0.000 0.000 0.000 0.000 0.000 0.000 0.000 0.000 0.000 0.000 2.810 4.057 1.722 99.436 100.238 95.811 91.701 91.626 91.554 91.486 91.420 91.357 91.295 91.235 91.176 91.117 91.057 90.997 91.937 94.878 66.839 0.000 0.000 0.000 0.000 3.993 59.938 90.845 81.793 57.782 34.823 3.840 0.000
23.356 25.353 21.377 23.358 38.353 37.353 33.354 29.357 28.361 24.379 45.393 35.404 46.412 37.417 53.421 49.425 42.430 43.438 54.450 60.463 49.458 50.401 42.362 50.326 58.289 31.252 22.216 23.185 23.159 22.141 22.132 24.136 19.135 0.000 28.114 19.113 0.000 0.000 0.000 0.000 0.000 0.000 71.596 68.834 99.534 99.494 94.120 94.878 91.731 91.663 91.592 91.525 91.461 91.400 91.340 91.281 91.224 91.166 91.108 93.049 97.986 66.913 6.876 0.000 0.000 0.000 0.000 0.000 0.846 51.721 86.698 36.687 0.000 0.000 0.000
25.410 0.000 20.421 23.415 23.413 23.414 22.416 23.416 25.408 23.449 35.469 30.481 39.490 50.496 38.499 23.502 24.507 25.515 26.524 31.526 44.512 54.476 60.436 58.393 47.350 23.304 23.258 23.218 23.186 23.163 24.149 47.141 20.136 0.000 24.117 0.000 0.000 0.000 0.000 0.000 0.000 3.382 91.613 93.864 99.560 92.514 92.116 91.824 91.770 91.696 91.628 91.562 91.500 91.441 91.383 91.327 91.271 91.217 93.162 78.104 32.045 0.000 0.000 0.000 0.000 0.000 0.000 0.000 0.000 22.602 84.590 36.581 0.000 0.000 0.000
26.465 0.000 20.472 23.470 23.471 23.475 23.481 24.485 0.000 22.543 26.553 37.564 37.572 45.578 50.579 36.579 21.582 21.592 21.605 23.607 25.590 26.556 27.512 27.464 26.414 25.359 21.296 21.244 22.205 23.179 34.162 48.145 19.134 13.126 15.121 0.000 0.000 0.000 0.000 0.000 0.000 7.434 90.584 99.590 99.574 91.328 91.994 91.868 91.796 91.726 91.659 91.597 91.537 91.480 91.425 91.372 91.319 91.268 96.219 52.161 0.000 0.000 0.000 0.000 0.000 0.000 0.000 0.000 0.000 25.495 85.481 44.466 0.000 0.000 0.000
