results3/res_3e8f-0034.wd
ncols         241
nrows         181
xllcorner     12693529.787448
yllcorner     3542525.717860
cellsize      155.156523
NODATA_value  -9999.000000
[rows 33 to 65 of 181, columns 75 to 149 of 241]
0.000 0.000 0.000 0.000 0.000 0.000 0.000 0.000 0.000 0.000 0.000 0.000 0.000 0.000 0.000 0.000 0.000 0.000 0.000 0.000 0.000 0.000 0.000 0.000 0.000 0.000 0.000 0.000 0.000 0.000 0.000 0.000 0.000 0.000 0.000 0.000 0.000 29.658 52.658 57.659 13.660 0.000 0.000 22.732 36.749 3.739 0.000 26.787 29.797 23.800 24.796 25.784 25.764 25.737 25.706 24.675 30.654 50.649 0.000 4.134 1.888 37.016 53.704 58.371 57.048 57.756 56.390 58.571 53.708 53.307 53.441 55.790 55.093 54.913 55.649
0.000 0.000 0.000 0.000 0.000 0.000 0.000 0.000 0.000 0.000 0.000 0.000 0.000 0.000 0.000 0.000 0.000 0.000 0.000 0.000 0.000 0.000 0.000 0.000 0.000 0.000 0.000 0.000 0.000 0.000 0.000 0.000 0.000 0.000 0.000 0.000 0.000 0.000 4.658 0.000 0.000 0.000 0.000 0.000 18.802 0.000 0.000 16.811 40.836 39.842 29.838 25.823 25.797 25.760 25.714 24.666 46.632 44.640 0.000 27.256 39.979 53.480 58.086 57.723 57.397 57.002 58.155 54.255 53.547 53.944 56.329 55.643 55.474 55.215 55.976
0.000 0.000 0.000 0.000 0.000 0.000 0.000 0.000 0.000 0.000 0.000 0.000 0.000 0.000 0.000 0.000 19.489 51.489 4.489 0.000 0.000 0.000 0.000 0.000 0.000 0.000 0.000 0.000 0.000 0.000 0.000 0.000 0.000 0.000 0.000 0.000 0.000 0.000 0.000 0.000 0.000 0.000 0.000 0.000 10.855 0.000 0.000 0.000 18.893 36.894 36.890 27.874 25.842 25.792 23.723 39.642 48.567 0.000 13.067 37.653 52.267 58.839 58.433 58.068 57.636 59.756 55.819 53.913 54.459 56.863 56.184 56.022 55.766 55.527 55.290
0.000 0.000 0.000 0.000 0.000 0.000 0.000 0.000 0.000 6.478 44.479 0.000 0.000 0.000 0.000 0.000 26.489 77.489 33.489 0.000 0.000 0.000 0.000 0.000 0.000 0.000 0.000 0.000 0.000 0.000 0.000 0.000 0.000 0.000 0.000 0.000 0.000 0.000 0.000 0.000 0.000 0.000 0.000 0.000 13.908 14.936 21.953 7.960 17.949 25.952 38.953 29.941 25.905 22.841 33.746 43.614 32.428 8.037 37.480 55.024 59.598 59.170 58.770 58.300 58.380 57.408 54.393 54.995 57.408 56.730 56.571 56.315 56.074 55.831 55.594
0.000 0.000 0.000 0.000 0.000 0.000 0.000 0.000 0.000 27.479 62.479 51.481 38.481 0.000 0.000 11.490 65.490 73.490 38.490 0.000 0.000 0.000 0.000 12.881 0.000 0.000 0.000 0.000 0.000 0.000 0.000 0.000 0.000 0.000 0.000 0.000 0.000 0.000 0.000 0.931 18.932 0.000 0.000 29.937 44.934 47.947 45.962 31.978 25.992 25.012 39.031 30.031 21.997 35.922 49.808 37.638 25.493 40.202 44.794 57.365 59.927 59.503 58.998 59.034 57.029 54.989 55.559 57.973 57.294 57.133 56.873 56.626 56.376 56.131 55.891
0.000 0.000 0.000 0.000 0.000 0.000 0.000 0.000 0.000 0.000 60.480 43.482 24.482 0.000 7.490 57.491 68.491 75.492 34.492 0.000 0.000 0.000 0.000 50.881 34.881 0.000 0.000 0.000 0.000 0.000 0.000 0.000 0.000 0.000 13.921 25.921 27.922 0.000 0.000 9.931 34.933 13.935 27.938 50.940 53.944 54.955 51.972 38.997 26.029 23.074 40.128 31.155 35.132 53.041 46.924 0.000 23.706 42.484 55.130 60.710 60.273 59.739 59.729 57.692 55.719 56.158 58.565 57.886 57.720 57.453 57.195 56.932 56.676 56.427 56.180
0.000 0.000 0.000 0.000 0.000 0.000 0.000 0.000 0.000 0.000 0.000 11.483 49.485 45.488 33.490 46.492 66.493 77.494 30.495 0.000 0.000 0.000 0.000 12.881 36.882 38.883 0.000 0.000 0.000 0.000 0.000 0.000 0.000 0.000 29.921 30.922 42.922 25.924 14.927 28.930 29.932 25.935 32.939 39.942 37.948 30.958 49.975 16.009 32.055 35.127 25.251 37.328 50.334 47.188 0.000 0.000 35.140 51.898 60.534 61.088 60.545 60.485 57.418 56.630 56.807 59.195 58.512 58.340 58.065 57.795 57.515 57.235 56.969 57.721 50.471
0.000 0.000 0.000 0.000 0.000 0.000 0.000 0.000 0.000 0.000 0.000 1.485 68.487 63.489 53.491 43.493 67.495 75.497 70.498 55.501 10.503 0.000 0.000 0.000 0.000 46.884 30.885 28.886 39.887 34.888 0.000 0.000 0.000 0.000 29.921 28.921 49.922 55.924 44.926 36.929 28.932 25.935 26.939 27.943 26.948 24.954 32.961 0.000 0.000 0.000 30.423 53.574 51.689 0.000 0.000 35.282 48.814 58.446 61.987 61.545 62.316 58.249 57.812 57.530 59.877 59.184 59.000 58.716 58.437 58.143 57.836 57.523 57.243 57.017 42.869
0.000 0.000 0.000 0.000 0.000 0.000 0.000 0.000 0.000 0.000 0.000 0.000 1.488 40.490 15.494 51.496 70.498 75.500 73.502 71.503 60.505 19.506 0.000 0.000 0.000 2.885 41.885 41.887 54.888 52.889 45.891 40.892 0.000 0.000 0.000 33.920 52.922 59.924 51.926 35.928 24.931 25.935 25.939 25.942 25.946 25.950 29.953 0.000 0.000 0.000 0.705 37.856 7.158 4.919 40.047 44.747 56.409 62.983 62.820 61.038 59.327 59.425 58.369 60.636 59.917 59.710 59.409 59.119 58.819 58.504 58.162 57.779 58.463 50.237 33.119
0.000 0.000 0.000 0.000 0.000 0.000 0.000 0.000 0.000 0.000 0.000 0.000 0.000 0.000 72.498 72.500 74.502 74.504 73.505 67.506 61.507 32.507 0.000 0.000 0.000 0.000 0.000 9.887 54.888 48.890 63.892 60.894 39.898 18.905 19.911 28.918 50.921 59.923 50.925 33.928 23.931 28.935 27.939 25.942 25.945 25.947 26.949 18.947 0.000 0.000 0.000 0.000 0.279 42.551 45.473 53.275 63.950 64.038 62.393 64.233 61.738 59.396 61.509 60.735 60.481 60.150 59.839 59.528 59.216 58.894 57.529 65.967 63.593 36.349 26.250
0.000 0.000 0.000 0.000 6.687 29.687 0.000 7.688 47.688 36.688 40.688 15.688 0.000 0.000 8.500 80.503 74.506 71.508 68.510 71.510 62.510 25.510 0.000 0.000 0.000 0.000 0.000 0.000 0.000 0.000 52.893 53.894 4.896 0.000 0.000 32.920 50.921 55.923 45.924 36.927 34.929 0.000 3.940 31.942 25.944 25.946 26.947 32.946 40.946 2.945 0.000 0.000 15.632 48.256 52.033 62.782 64.963 64.599 68.041 66.591 60.789 62.549 61.664 61.331 60.948 60.600 60.264 59.938 59.622 59.327 65.095 0.000 0.000 15.316 33.283
0.000 0.000 0.000 0.000 6.687 49.688 0.000 41.688 43.688 55.688 38.688 23.688 0.000 0.000 0.000 65.508 77.512 74.515 74.515 75.515 69.514 23.513 0.000 0.000 0.000 0.000 0.000 0.000 0.000 0.000 0.000 37.894 0.000 0.000 0.000 38.920 35.921 47.922 4.923 0.000 0.000 0.000 0.000 0.000 35.944 29.945 0.000 22.946 56.946 39.945 0.000 0.000 20.036 53.777 62.612 65.692 65.436 69.705 69.020 62.184 63.683 62.687 62.255 61.805 61.408 61.035 60.679 60.337 60.008 59.697 64.428 7.274 0.000 0.000 0.000
38.688 0.000 0.000 0.000 0.688 60.690 36.690 38.689 44.689 68.689 69.689 64.690 18.690 0.000 0.000 0.000 25.521 79.523 74.523 75.521 72.518 31.516 0.000 0.000 0.000 0.000 0.000 0.000 0.000 0.000 0.000 0.000 0.000 0.000 0.000 0.000 0.000 0.000 0.000 0.000 0.000 0.000 0.000 0.000 0.000 10.944 7.944 0.000 0.000 0.000 0.000 9.092 46.614 63.571 65.234 66.152 70.495 70.184 63.180 64.700 63.701 63.208 62.700 62.254 61.840 61.452 61.082 60.725 60.375 60.025 62.647 46.119 3.249 0.000 0.000
42.689 38.691 0.000 0.000 0.000 52.693 54.692 54.691 66.690 63.690 75.690 74.691 35.691 0.000 0.000 0.000 1.530 81.534 74.532 75.527 72.522 32.517 0.000 0.000 0.000 41.446 53.440 22.436 0.000 0.000 0.000 0.000 0.000 0.000 0.000 0.000 0.000 0.000 0.000 0.000 0.000 0.000 0.000 0.000 0.000 0.000 0.000 0.000 0.000 0.000 6.876 47.459 64.481 65.089 71.240 70.783 64.363 64.935 65.435 64.604 64.113 63.587 63.111 62.665 62.248 61.851 61.472 61.104 60.743 67.382 8.014 0.000 16.328 0.000 0.000
44.691 45.693 37.695 0.000 42.701 37.698 45.694 58.691 62.691 73.691 74.692 73.693 42.693 0.000 0.000 0.000 0.558 80.551 74.544 75.535 70.525 50.515 34.500 35.484 35.468 43.451 64.440 31.432 0.000 0.000 0.000 0.000 0.000 0.000 0.000 0.000 0.000 0.000 0.000 0.000 0.000 0.000 0.000 0.000 0.000 0.000 0.000 0.000 4.785 35.597 45.176 64.220 65.860 72.548 71.987 64.845 66.576 65.920 65.381 64.918 64.418 63.942 63.486 63.051 62.634 62.234 61.850 61.477 68.111 13.747 0.000 0.000 1.556 10.204 11.895
58.693 41.695 45.697 45.701 36.704 29.705 0.000 0.000 4.691 63.692 74.695 72.696 57.696 24.694 0.000 0.000 49.595 70.575 75.559 74.545 75.530 65.516 41.501 38.485 37.469 46.452 64.437 47.421 33.399 34.382 38.368 49.360 13.356 0.000 0.000 0.000 0.000 0.000 0.000 0.000 0.000 0.000 0.000 0.000 0.000 0.000 0.000 0.000 15.950 55.823 63.815 66.506 73.325 72.985 65.501 67.186 66.424 66.063 65.627 65.173 64.720 64.274 63.840 63.418 63.005 62.600 62.216 67.844 14.478 0.000 0.000 0.000 0.682 9.966 2.802
74.695 45.697 39.699 40.703 42.710 42.714 31.718 0.000 0.000 0.000 8.698 79.703 69.700 47.693 39.677 46.654 45.621 47.596 55.574 56.554 43.536 40.519 38.503 38.487 37.470 46.452 61.434 40.416 37.396 42.378 58.364 61.355 46.353 20.353 0.000 0.000 0.000 0.000 0.000 0.000 0.000 0.000 0.000 0.000 0.000 0.000 0.000 6.660 48.568 64.230 67.106 73.761 73.583 66.121 67.790 67.029 66.690 66.274 65.859 65.436 65.013 64.594 64.183 63.776 63.367 62.946 68.570 14.207 0.000 0.000 0.000 0.000 0.000 3.758 13.688
74.698 60.701 0.000 0.000 47.719 43.721 54.724 45.723 0.000 0.000 0.000 67.716 64.710 49.700 40.685 37.665 37.639 40.614 53.586 61.562 64.541 57.523 47.507 40.490 39.472 55.453 58.433 33.412 37.391 37.371 38.355 42.345 21.349 0.000 0.000 0.000 0.000 0.000 0.000 0.000 0.000 0.000 0.000 0.000 0.000 9.679 41.406 49.348 62.928 74.280 73.942 67.058 67.686 68.291 67.632 67.293 66.891 66.498 66.100 65.700 65.302 64.908 64.521 64.137 64.740 71.249 14.909 0.000 0.000 0.000 0.000 0.000 0.000 6.620 25.587
74.702 74.708 61.716 44.722 44.725 44.729 35.733 0.000 1.755 8.755 60.749 57.735 60.725 53.714 54.699 54.681 54.659 57.634 52.595 52.567 54.544 58.524 59.511 57.495 53.476 64.456 62.433 50.410 51.385 51.361 53.339 28.322 0.000 0.000 0.000 0.000 0.000 0.000 0.000 0.000 0.000 0.000 0.000 0.000 44.136 44.842 65.941 66.574 75.312 74.861 69.481 69.232 68.654 68.220 67.872 67.485 67.106 66.725 66.343 65.963 65.586 65.216 64.855 65.510 69.208 1.861 0.000 0.000 0.000 0.000 0.000 0.000 0.000 20.515 16.501
73.706 74.712 71.719 49.725 43.732 44.739 45.746 37.756 0.000 52.762 49.758 50.750 51.742 46.731 50.717 55.701 63.683 48.667 0.000 0.000 0.000 57.520 53.517 53.503 53.483 53.460 53.435 53.408 53.379 53.350 51.318 46.282 19.235 0.000 0.000 39.774 46.704 58.611 28.531 0.000 0.000 0.000 0.000 45.658 56.424 68.409 69.111 75.963 75.674 70.066 69.779 69.079 68.783 68.425 68.057 67.690 67.321 66.952 66.585 66.222 65.864 65.514 66.173 68.842 16.525 0.000 0.000 0.000 0.000 0.000 0.000 0.000 16.388 22.424 7.428
63.709 74.715 74.722 64.730 40.738 43.748 44.757 44.767 50.775 59.774 43.771 40.767 38.761 45.751 60.739 59.723 44.704 24.685 0.000 0.000 0.000 0.000 42.534 37.517 37.494 37.468 37.439 38.408 41.376 42.341 42.301 41.253 42.188 41.087 40.977 49.844 56.729 54.597 61.452 59.254 54.035 51.778 54.391 66.192 69.795 69.646 76.350 76.189 70.635 70.330 69.619 69.327 68.965 68.610 68.252 67.894 67.536 67.179 66.824 66.474 66.135 66.804 67.481 6.162 0.000 0.000 0.000 0.000 0.000 0.000 0.000 0.000 27.351 13.366 2.371
41.713 69.719 73.725 54.733 37.744 36.757 44.769 44.779 43.786 37.786 38.786 44.787 61.784 60.775 43.764 36.748 26.726 0.000 46.696 55.679 51.652 52.616 55.569 58.538 57.509 58.478 61.445 60.411 57.375 59.337 54.294 40.242 44.178 43.096 48.002 65.894 72.772 69.598 63.425 58.272 60.093 66.794 71.851 70.442 76.835 76.522 70.517 72.163 70.794 70.173 69.870 69.506 69.154 68.800 68.447 68.097 67.750 67.404 67.058 67.717 65.396 61.088 12.784 0.000 0.000 0.000 0.000 0.000 0.000 0.000 0.000 13.271 17.300 11.316 9.324
34.717 53.721 64.727 39.735 31.749 38.769 36.784 43.796 44.803 44.801 37.800 54.813 46.811 35.803 38.792 30.782 0.000 55.736 58.713 58.689 60.661 61.627 64.590 68.557 67.525 67.492 67.453 69.415 70.378 68.339 56.295 42.245 44.185 44.117 44.041 46.960 20.866 0.000 83.377 125.338 103.132 69.275 70.972 77.790 77.366 70.915 73.682 71.133 70.729 70.408 70.049 69.697 69.342 68.988 68.639 68.298 67.963 67.628 69.287 63.941 52.646 7.367 0.000 0.000 0.000 0.000 0.000 0.000 0.000 0.000 11.221 24.243 13.262 13.275 9.283
0.000 10.724 45.726 27.730 0.000 33.785 38.801 38.817 44.830 33.815 0.000 38.853 36.846 38.835 39.821 49.806 63.791 60.759 62.732 68.705 78.675 122.643 119.607 119.575 119.544 119.511 120.460 104.418 36.383 39.345 37.303 45.256 44.203 41.146 39.085 21.040 0.000 0.000 0.000 50.446 67.641 72.400 78.429 78.140 70.466 72.205 71.539 71.271 70.938 70.591 70.242 69.887 69.529 69.172 68.825 68.493 69.175 67.861 59.520 48.113 5.880 0.000 0.000 0.000 0.000 0.000 0.000 0.000 0.000 2.185 23.200 15.216 3.230 5.239 17.246
0.000 60.724 38.725 0.000 0.000 0.000 32.821 45.841 37.885 0.000 0.000 46.900 37.887 48.870 61.851 61.830 66.807 69.780 62.751 48.723 39.694 35.662 33.620 36.591 37.567 24.549 0.000 41.413 38.391 37.357 41.317 45.273 42.227 34.178 41.113 22.076 0.000 0.000 46.027 63.004 72.804 78.851 78.667 71.004 72.729 72.059 71.800 71.465 71.131 70.787 70.437 70.081 69.717 69.347 68.995 69.673 65.385 54.119 10.819 0.000 0.000 0.000 0.000 0.000 0.000 0.000 0.000 0.000 0.000 20.169 19.179 5.193 2.200 15.208 15.213
66.190 0.000 0.000 0.000 0.000 0.000 0.000 0.000 41.986 40.014 48.002 44.960 44.932 44.908 61.883 75.857 64.830 44.801 42.771 37.742 39.715 30.694 0.000 42.603 39.585 28.568 0.000 42.433 37.409 38.376 45.337 43.292 41.253 23.226 0.000 0.000 42.702 40.574 57.355 73.284 79.073 71.870 72.466 73.161 72.591 72.329 71.999 71.672 71.335 70.990 70.638 70.282 69.910 70.503 70.135 59.821 44.573 7.411 0.000 0.000 0.000 0.000 0.000 0.000 0.000 0.000 0.000 0.000 9.130 21.144 9.152 1.163 15.172 16.178 4.185
54.201 0.000 0.000 55.283 48.282 42.278 0.000 0.000 60.059 57.053 44.035 45.005 44.975 45.946 66.917 118.886 111.854 58.822 113.791 34.760 38.731 38.704 40.674 38.633 38.602 38.572 40.531 36.475 36.438 45.402 44.361 41.307 36.269 25.247 0.000 0.000 44.830 51.701 73.727 72.639 79.427 72.920 73.534 73.113 72.852 72.536 72.217 71.886 71.547 71.198 70.845 70.500 72.139 67.620 49.220 35.905 37.673 3.542 0.000 0.000 0.000 0.000 0.000 0.000 0.000 0.000 4.105 9.108 23.117 17.124 7.129 16.132 16.141 5.147 1.160
0.000 0.000 0.000 38.285 47.284 44.275 62.249 56.206 61.139 69.106 60.079 45.049 45.018 44.986 43.952 37.916 32.880 37.844 34.810 38.778 38.747 38.717 38.686 38.652 38.620 38.586 37.546 42.501 44.465 45.434 29.397 0.000 29.269 0.000 0.000 0.000 49.060 71.003 75.037 80.483 79.998 73.015 73.691 73.358 73.071 72.764 72.443 72.110 71.768 71.412 71.044 69.735 31.524 0.000 0.000 0.000 0.000 0.000 0.000 0.000 0.000 0.145 0.000 0.000 0.000 0.000 6.102 22.102 16.104 7.107 17.109 13.111 4.114 2.115 0.121
44.551 0.000 43.268 39.289 38.296 56.289 49.267 65.231 74.185 54.154 40.126 38.096 41.063 44.027 44.989 44.948 37.906 36.865 37.828 37.793 38.762 38.731 38.701 43.671 40.639 37.606 38.567 41.518 45.487 34.473 0.000 0.000 0.000 0.000 4.789 124.672 68.384 75.422 73.423 80.903 72.815 75.354 76.858 73.606 73.313 73.006 72.682 72.343 73.002 69.637 57.184 47.872 5.698 0.000 0.000 0.000 0.000 0.000 0.000 0.000 2.150 2.149 2.147 3.137 3.122 4.109 18.100 18.095 2.091 5.090 7.089 4.089 2.089 7.084 12.075
18.702 43.077 39.247 38.307 49.324 53.317 64.298 71.267 37.217 36.199 37.175 39.146 38.112 35.072 43.029 43.981 44.931 43.884 37.843 36.807 35.776 36.746 42.718 101.690 69.662 49.631 32.599 0.000 47.493 55.499 0.000 0.000 0.000 0.000 48.908 59.815 76.707 74.761 81.626 81.280 73.908 74.453 75.136 73.863 73.572 73.265 72.937 73.579 72.262 24.949 0.000 0.000 0.000 0.000 0.000 0.000 0.000 0.000 0.000 0.000 9.151 5.152 2.154 3.141 1.121 13.104 20.094 4.085 5.077 13.072 11.068 5.066 2.067 9.060 28.056
0.000 36.283 39.337 41.369 62.374 73.360 87.341 69.324 0.000 55.250 55.230 39.202 39.166 38.123 36.073 39.016 44.953 42.897 43.853 45.818 43.788 41.760 37.735 32.710 37.687 32.659 0.000 0.000 0.000 41.531 33.539 0.000 0.000 0.000 59.120 76.009 76.101 74.138 81.938 73.617 76.130 77.650 74.409 74.135 73.849 73.545 73.222 70.773 25.517 0.000 0.000 0.000 0.000 0.000 0.000 0.000 0.000 0.000 0.000 8.338 0.000 0.000 10.179 0.154 11.117 23.102 11.087 6.073 11.061 15.052 8.046 3.042 1.037 16.032 36.030
0.000 34.435 40.451 56.457 67.444 115.409 109.381 111.365 117.359 113.321 114.295 39.266 39.227 38.180 38.124 37.058 31.970 41.898 43.855 44.824 42.797 44.773 44.751 45.731 38.717 0.000 0.000 0.000 0.000 42.556 27.547 0.000 0.000 50.602 72.409 76.356 75.356 82.503 82.229 74.674 75.231 75.932 74.683 74.422 74.143 74.842 49.635 0.000 0.000 0.000 0.000 0.000 0.000 0.000 0.000 0.000 20.506 9.495 0.000 3.338 3.300 4.253 4.204 7.169 20.129 17.101 12.078 13.059 11.043 9.031 5.022 2.015 4.003 24.003 40.002
0.000 35.573 52.573 60.566 66.537 37.452 36.409 35.395 32.392 33.382 33.365 39.338 39.299 55.247 55.187 31.122 0.000 28.872 41.847 43.824 41.805 43.785 43.765 44.746 40.733 0.000 0.000 0.000 40.625 25.590 0.000 0.000 51.925 60.789 77.650 76.560 75.752 82.757 74.337 76.872 79.419 75.206 74.969 74.728 73.459 61.047 19.841 0.000 0.000 0.000 0.000 0.000 6.631 1.620 1.598 1.567 5.518 17.484 20.433 6.376 1.316 3.255 5.214 20.174 19.131 5.093 14.065 15.041 14.021 7.005 2.996 1.992 11.979 31.974 39.973
