results3/res_3e8f-0062.wd
ncols         241
nrows         181
xllcorner     12693529.787448
yllcorner     3542525.717860
cellsize      155.156523
NODATA_value  -9999.000000
[rows 99 to 131 of 181, columns 0 to 73 of 241]
0.000 0.000 0.000 0.000 0.000 55.370 95.370 97.369 88.366 83.365 0.000 0.000 0.000 0.000 0.000 0.000 0.000 63.359 60.359 0.000 0.000 0.000 0.000 58.335 57.335 0.000 0.000 0.000 0.000 4.510 0.000 0.000 0.000 0.000 10.363 56.358 52.347 51.328 52.302 53.273 66.241 55.207 59.168 51.126 53.080 51.031 51.978 56.923 57.865 55.804 59.742 52.678 52.612 54.545 57.475 71.400 72.335 57.284 43.237 0.000 0.000 0.000 0.000 0.000 20.796 75.796 72.791 59.776 34.761 29.744 73.728 50.714 52.701 52.691
0.000 0.000 0.000 0.000 0.000 56.373 96.372 96.372 0.000 0.000 0.000 0.000 0.000 0.000 0.000 0.000 8.360 74.360 63.359 1.359 0.000 0.000 61.344 60.340 64.339 0.000 0.000 0.000 0.000 62.510 54.510 0.000 0.000 0.000 69.409 79.403 65.393 58.378 52.358 54.333 73.305 58.272 64.234 64.193 55.147 70.098 62.045 62.988 52.929 60.867 60.803 58.738 52.671 53.603 57.533 54.432 16.364 6.324 0.000 0.000 0.000 0.000 0.000 23.777 60.781 72.779 79.774 69.764 45.752 46.739 60.727 51.715 52.704 52.695
1.386 0.000 0.000 0.000 0.000 43.375 92.375 101.376 11.377 0.000 0.000 0.000 0.000 0.000 0.000 0.000 0.000 81.361 62.360 63.358 65.356 62.352 59.347 60.344 58.341 0.000 0.000 0.000 0.000 55.510 55.510 56.509 55.502 55.488 54.461 64.452 73.444 20.434 84.418 74.398 79.372 64.341 9.305 80.264 78.218 77.169 81.115 70.057 52.996 55.932 60.867 60.800 57.731 53.665 42.620 0.000 0.000 0.000 0.000 0.000 0.000 0.000 0.000 33.774 60.771 60.767 71.762 70.754 53.745 53.734 52.724 52.714 52.706 52.698
69.386 72.386 4.386 0.000 0.000 53.378 92.378 97.378 107.379 12.380 0.000 0.000 0.000 0.000 3.368 3.368 1.366 18.363 66.361 63.359 81.357 95.353 70.350 55.347 0.000 0.000 0.000 0.000 0.000 0.000 54.512 55.515 55.508 55.501 55.495 54.499 54.499 53.495 54.484 59.468 71.445 65.416 8.380 80.339 81.294 59.243 66.189 83.129 77.066 63.999 53.932 59.862 60.790 63.706 48.663 0.000 0.000 0.000 0.000 0.000 0.000 0.000 0.000 0.000 11.761 57.758 54.753 54.746 52.738 52.730 52.721 52.713 52.706 51.699
83.386 66.386 66.386 68.385 70.384 89.382 97.381 97.381 97.381 99.381 73.382 12.382 0.000 61.370 68.369 69.369 31.367 26.365 89.363 97.361 92.359 88.355 71.352 0.000 0.000 0.000 0.000 0.000 0.000 0.000 0.000 55.530 54.517 53.512 54.519 55.550 55.560 55.561 55.556 56.544 75.524 70.496 53.461 55.420 66.374 77.323 54.267 66.206 67.139 60.068 79.998 62.929 54.859 0.000 0.000 0.000 0.000 0.000 0.000 0.000 0.000 0.000 0.000 0.000 3.754 57.750 52.745 52.740 52.733 52.726 52.718 50.711 48.705 50.700
98.387 88.387 69.386 73.386 91.385 97.384 97.383 97.383 97.383 92.383 64.383 70.383 0.000 52.370 87.371 95.370 95.369 79.367 94.366 101.364 11.362 0.000 0.000 0.000 0.000 0.000 0.000 0.000 0.000 0.000 0.000 55.558 0.000 0.000 0.000 56.623 55.629 55.635 55.636 56.628 72.611 77.584 54.549 55.507 55.459 73.407 74.351 52.289 60.218 79.135 71.064 48.996 0.000 0.000 0.000 0.000 0.000 0.000 0.000 0.000 0.000 0.000 0.000 0.000 0.744 57.742 52.739 52.734 52.728 51.721 50.715 55.709 56.704 57.699
98.388 98.388 93.388 96.387 97.386 97.386 97.385 97.385 97.384 93.384 68.384 85.384 0.000 0.000 65.373 89.373 97.371 98.370 97.368 102.367 5.365 0.000 0.000 0.000 0.000 0.000 0.000 0.000 0.000 0.000 0.000 55.587 0.000 0.000 57.696 55.690 55.699 55.713 55.723 55.723 72.709 77.681 54.643 55.598 55.548 56.496 77.440 71.380 78.308 68.190 49.127 0.000 0.000 0.000 0.000 0.000 0.000 0.000 0.000 0.000 0.000 0.000 0.000 0.000 55.738 52.737 52.735 52.730 52.724 51.717 53.711 57.707 58.702 58.699
96.389 97.389 97.389 97.389 97.388 97.388 97.387 97.387 97.386 98.386 93.385 100.384 24.383 3.381 53.377 72.376 95.374 97.373 98.372 86.371 0.366 0.000 0.000 0.000 0.000 0.000 0.000 0.000 0.000 0.000 0.000 49.616 54.645 54.674 53.703 55.740 55.766 55.794 55.822 55.831 72.819 77.789 54.745 55.695 55.641 55.587 60.534 83.485 63.445 0.000 0.000 0.000 0.000 0.000 0.000 0.000 0.000 0.000 0.000 0.000 0.000 0.000 0.000 0.000 8.736 59.735 55.732 56.727 54.720 50.712 57.707 58.704 56.700 56.697
93.391 98.391 97.391 97.391 97.390 97.390 97.389 97.389 97.388 97.387 98.387 91.385 75.384 66.382 60.380 87.378 97.377 97.375 102.374 5.374 0.000 0.000 0.000 0.000 0.000 0.000 0.000 0.000 0.000 0.000 0.000 0.000 0.000 0.000 0.000 55.802 55.829 55.877 55.939 55.961 71.948 78.909 55.855 55.794 55.734 55.677 55.626 61.579 14.543 0.000 0.000 0.000 0.000 0.000 0.000 0.000 0.000 0.000 0.000 0.000 0.000 0.000 0.000 0.000 0.000 0.000 0.000 0.000 0.706 59.704 57.702 58.700 55.698 50.696
93.393 98.393 97.393 97.393 97.392 97.392 97.392 97.391 97.390 97.389 98.389 83.387 62.386 61.384 70.382 94.381 97.379 97.378 103.377 8.377 0.000 0.000 0.000 0.000 0.000 0.000 0.000 0.000 0.000 0.000 0.000 0.000 0.000 0.000 0.000 51.836 55.871 52.948 56.095 56.127 75.103 79.046 55.971 55.894 55.824 55.763 55.711 52.665 2.604 0.000 0.000 0.000 0.000 0.000 0.000 0.000 0.000 0.000 0.000 0.000 0.000 51.673 0.000 0.000 0.000 0.000 0.000 0.000 55.696 56.698 58.698 58.697 55.696 51.694
96.396 97.395 97.395 97.395 97.395 97.395 97.394 97.394 97.393 97.392 97.391 94.390 71.388 72.386 89.385 96.383 97.382 97.381 104.380 21.379 0.000 0.000 0.000 0.000 0.000 0.000 0.000 0.000 0.000 0.000 0.000 0.000 0.000 0.000 0.000 0.000 51.870 0.000 55.367 56.348 84.290 71.199 56.090 55.988 55.904 68.839 58.792 53.764 0.000 0.000 0.000 0.000 0.000 0.000 0.000 0.000 0.000 0.000 0.000 0.000 3.673 62.673 47.673 0.000 0.000 0.000 0.000 56.689 59.691 58.693 55.694 51.694 51.693 49.693
97.398 97.398 97.398 97.398 97.398 97.398 97.397 97.397 97.396 97.395 97.394 97.392 99.391 99.389 98.387 97.386 97.385 99.384 88.383 31.381 0.000 0.000 0.000 0.000 0.000 0.000 0.000 0.000 0.000 0.000 0.000 0.000 0.000 0.000 0.000 0.000 0.000 0.000 55.659 56.608 90.512 59.371 56.203 56.063 67.964 76.897 55.855 55.837 54.854 0.000 0.000 0.000 0.000 0.000 0.000 0.000 0.000 0.000 0.000 0.000 0.000 58.673 59.673 46.674 0.000 52.681 54.683 58.686 57.688 55.690 54.691 50.691 58.692 61.692
96.401 95.401 97.401 97.401 97.401 97.401 97.400 97.400 97.399 97.398 97.397 97.395 97.393 97.391 97.390 97.388 98.387 81.387 9.386 0.386 58.388 72.388 18.388 0.000 0.000 0.000 0.000 0.000 0.000 0.000 0.000 0.000 0.000 0.000 0.000 0.000 0.000 0.000 52.001 62.914 85.777 56.570 53.290 56.096 55.994 55.931 55.892 55.874 55.872 52.872 0.000 0.000 0.000 0.000 0.000 0.000 0.000 0.000 0.000 0.000 0.000 53.673 49.674 55.675 50.677 58.680 58.682 57.684 53.686 56.688 51.689 50.689 50.690 43.691
86.403 86.404 95.404 97.404 97.404 97.404 97.404 97.404 97.403 97.402 97.401 98.399 99.396 97.394 97.392 97.391 97.390 19.390 3.389 58.390 68.389 78.389 77.388 70.388 62.387 3.387 0.000 0.000 0.000 0.000 0.000 0.000 0.000 0.000 0.000 56.932 59.868 59.720 56.430 55.271 64.113 51.841 0.000 52.040 55.983 55.940 55.911 55.894 54.888 0.000 0.000 0.000 0.000 0.000 0.000 0.000 55.669 66.669 0.000 0.000 54.672 52.673 52.674 49.675 57.677 58.679 58.681 55.683 58.685 58.686 56.687 51.688 40.688 0.000
68.406 73.407 92.408 98.408 97.408 97.408 97.408 97.408 97.408 97.407 99.405 85.403 81.399 96.396 101.394 98.393 93.393 75.392 78.392 84.391 78.390 79.389 58.388 51.388 0.000 0.000 0.000 0.000 0.000 0.000 0.000 0.000 0.000 0.000 47.995 53.996 56.953 56.862 56.728 56.629 58.561 0.000 0.000 0.000 50.959 55.935 55.917 55.905 55.899 0.000 0.000 0.000 0.000 0.000 0.000 15.669 72.669 54.669 52.670 52.671 52.672 52.672 50.673 55.674 58.676 58.678 54.680 58.682 58.684 57.685 51.686 52.686 42.686 0.000
52.409 67.410 86.411 99.412 100.413 100.412 98.413 97.413 98.413 97.412 98.411 36.408 7.401 55.398 73.395 94.395 101.395 99.396 99.396 85.392 8.391 0.000 0.000 0.000 0.000 0.000 0.000 0.000 0.000 3.011 5.011 0.000 0.000 0.000 0.000 53.102 57.087 55.047 55.992 57.954 58.943 0.000 0.000 0.000 0.000 48.926 55.916 55.909 52.904 0.000 0.000 0.000 0.000 0.000 0.000 0.000 14.669 68.670 51.670 51.671 52.671 51.672 51.673 57.674 58.675 56.677 44.678 0.000 62.684 56.685 56.685 56.685 42.685 0.000
16.410 38.412 71.416 77.418 71.418 73.416 90.418 98.418 94.418 87.418 86.418 21.417 0.000 0.000 0.000 31.396 66.397 92.400 99.402 0.000 0.000 0.000 0.000 0.000 0.000 0.000 0.000 0.000 0.000 45.011 66.011 11.011 0.000 0.000 0.000 53.224 59.245 58.247 67.241 68.252 58.313 3.493 0.000 0.000 0.000 0.000 52.913 53.911 0.000 0.000 0.000 0.000 0.000 0.000 0.000 0.000 0.000 73.670 76.670 56.670 50.671 48.672 58.672 58.673 53.674 0.000 0.000 0.000 3.684 61.684 58.684 58.685 48.685 0.000
0.000 0.000 52.424 61.424 13.424 0.000 62.424 91.424 82.424 78.424 92.425 59.427 19.431 0.000 0.000 0.000 0.000 37.406 68.411 0.000 0.000 0.000 0.000 0.000 0.000 0.000 0.000 0.000 0.000 0.000 50.011 68.012 0.000 0.000 0.000 44.324 58.424 56.455 86.471 79.501 57.564 59.673 5.791 0.000 0.000 0.000 47.913 0.000 0.000 0.000 0.000 0.000 0.000 0.000 0.000 0.000 0.000 0.000 61.670 78.670 63.671 57.671 58.672 53.672 0.000 0.000 0.000 0.000 0.000 53.684 58.684 58.684 53.684 0.000
0.000 0.000 48.432 93.432 50.431 0.000 51.431 83.430 85.430 96.431 98.431 101.433 107.436 46.440 15.441 0.000 0.000 0.000 8.427 3.432 0.000 0.000 0.000 0.000 0.000 0.000 0.000 0.000 0.000 0.000 51.012 66.012 0.000 3.018 7.018 0.000 51.673 59.676 89.689 71.718 59.770 58.842 63.911 0.000 0.000 0.000 0.000 0.000 0.000 0.000 0.000 0.000 0.000 0.000 0.000 0.000 0.000 0.000 0.000 0.000 66.671 56.671 54.671 0.000 0.000 0.000 0.000 0.000 52.683 51.683 53.684 47.684 0.000 0.000
21.447 36.445 70.441 88.439 96.439 65.440 78.437 101.437 98.436 97.436 97.437 97.438 97.440 103.442 106.443 62.444 21.444 3.441 66.437 80.437 73.440 75.441 31.441 7.440 4.440 0.000 0.000 0.000 0.000 0.000 30.013 52.013 58.015 58.017 61.019 20.022 52.919 81.889 83.890 60.912 58.955 59.016 62.098 7.232 2.290 0.000 0.000 0.000 0.000 0.000 0.000 0.000 0.000 0.000 0.000 0.000 0.000 0.000 0.000 0.000 0.000 0.000 0.671 0.000 0.000 0.000 0.000 54.683 49.683 47.683 0.000 0.000 0.000 0.000
94.449 97.448 97.446 95.445 93.444 94.444 96.443 96.442 97.442 98.442 98.442 97.443 90.444 94.445 97.446 101.446 105.445 106.444 98.442 94.441 91.441 86.441 88.441 81.441 37.440 15.440 0.000 0.000 0.000 0.000 0.000 0.000 0.000 0.000 0.000 77.128 66.092 95.071 86.070 73.087 60.121 59.171 59.234 63.307 59.349 0.000 0.000 0.000 0.000 0.000 0.000 0.000 0.000 0.000 0.000 0.000 0.000 0.000 0.000 0.000 0.000 0.000 0.000 0.000 0.000 0.000 0.000 0.000 0.000 0.000 0.000 0.000 0.000 0.000
97.453 92.452 90.451 89.450 83.450 80.449 81.448 81.448 87.448 92.448 92.448 85.448 69.448 84.449 97.449 97.449 97.448 97.447 97.446 97.445 98.444 98.443 101.442 102.441 102.440 102.440 41.440 0.000 0.000 0.000 0.000 0.000 0.000 0.000 0.000 49.269 75.250 80.234 64.231 81.244 69.272 59.311 59.361 62.412 5.450 0.000 0.000 0.000 0.000 0.000 0.000 0.000 0.000 0.000 0.000 0.000 0.000 0.000 0.000 0.000 0.000 0.000 0.000 0.000 0.000 0.000 0.000 0.000 0.000 0.000 0.000 0.000 0.000 0.000
67.457 40.457 62.456 76.456 74.455 54.454 39.454 35.453 55.453 72.453 71.453 64.453 59.453 69.453 90.453 98.452 97.452 97.450 97.449 97.448 97.446 101.445 76.442 64.441 63.440 67.440 70.440 9.440 0.000 0.000 0.000 0.000 0.000 0.000 0.000 47.431 83.405 66.383 58.377 68.387 79.410 63.443 59.484 59.532 65.590 9.688 3.732 0.000 0.000 0.000 0.000 0.000 0.000 0.000 0.000 0.000 0.000 0.000 0.000 0.000 0.000 0.000 0.000 0.000 0.000 0.000 0.000 0.000 0.000 0.000 0.000 0.000 0.000 0.000
57.462 28.462 50.462 65.461 61.461 38.460 24.460 28.459 48.459 62.458 60.458 60.458 61.458 59.457 78.457 95.456 97.456 97.454 97.453 97.451 96.449 59.447 0.000 0.000 0.000 0.000 0.000 0.000 0.000 53.798 73.798 25.797 11.794 7.781 54.732 71.617 88.558 65.515 59.508 57.518 74.539 76.567 62.602 59.642 59.688 62.741 71.777 9.808 4.815 0.000 0.000 0.000 0.000 0.000 0.000 0.000 0.000 0.000 0.000 0.000 0.000 0.000 0.000 0.000 0.000 0.000 0.000 0.000 0.000 0.000 0.000 0.000 0.000 0.000
70.468 66.467 61.467 60.467 61.466 63.466 64.465 67.465 66.464 62.464 61.464 61.463 61.463 60.462 67.462 89.461 98.460 97.459 99.457 71.456 37.452 0.000 0.000 0.000 0.000 0.000 0.000 0.000 0.000 18.798 40.798 43.800 47.804 61.818 58.798 79.748 76.695 50.611 57.623 59.638 61.659 74.685 66.715 61.747 59.780 58.811 75.829 66.830 60.823 0.000 0.000 0.000 0.000 0.000 0.000 0.000 0.000 0.000 0.000 0.000 0.000 0.000 0.000 0.000 0.000 0.000 0.000 0.000 0.000 0.000 0.000 0.000 0.000 15.351
60.473 61.473 61.473 61.473 61.472 61.472 61.471 61.471 61.470 61.470 61.469 61.469 61.468 61.467 59.467 80.466 97.465 99.464 95.463 21.462 0.000 0.000 0.000 0.000 0.000 0.000 0.000 0.000 0.000 0.000 0.000 0.000 0.000 45.888 62.896 88.881 62.863 0.000 45.736 60.752 58.774 62.799 63.825 72.851 61.876 59.894 58.896 54.863 0.000 0.000 0.000 0.000 0.000 0.000 0.000 0.000 0.000 0.000 0.000 0.000 0.000 0.000 0.000 0.000 0.000 0.000 0.000 0.000 0.000 0.000 0.000 0.000 20.523 85.447
61.479 61.479 61.479 61.479 61.478 61.478 61.477 60.477 60.476 61.476 61.475 61.474 61.474 61.473 60.472 68.471 83.470 94.469 82.468 8.467 0.000 0.000 0.000 0.000 0.000 0.000 0.000 0.000 0.000 0.000 0.000 0.000 0.000 22.951 72.015 97.020 7.012 0.000 43.832 61.860 59.887 58.912 66.935 77.957 65.977 59.992 63.999 0.000 0.000 0.000 0.000 0.000 0.000 0.000 0.000 0.000 0.000 0.000 0.000 0.000 0.000 0.000 0.000 0.000 0.000 0.000 0.000 0.000 0.000 0.000 0.000 0.000 77.599 91.545
61.486 61.486 61.485 61.485 61.485 61.484 61.484 65.483 66.483 62.482 61.481 61.480 61.479 61.478 61.477 60.476 63.475 72.474 72.473 13.472 0.000 0.000 0.000 0.000 0.000 0.000 15.125 0.000 0.000 0.000 0.000 0.000 0.000 0.000 76.193 91.171 14.153 0.000 27.901 58.970 60.003 60.026 59.047 64.066 66.084 62.099 64.109 0.000 0.000 0.000 0.000 0.000 0.000 0.000 0.000 0.000 0.000 0.000 0.000 0.000 0.000 0.000 0.000 0.000 0.000 0.000 0.000 0.000 0.000 0.000 0.000 61.824 70.731 70.657
61.492 61.492 61.492 61.492 61.491 61.491 60.490 72.490 77.489 64.488 61.487 61.486 61.485 61.484 61.483 61.481 61.480 60.479 63.477 44.477 0.000 0.000 0.000 0.000 0.000 57.125 78.125 40.122 31.112 30.098 0.000 0.000 0.000 57.525 99.392 73.319 73.276 0.318 0.000 45.115 62.128 60.144 60.160 58.176 74.194 78.212 72.228 0.000 0.000 0.000 0.000 0.000 0.000 0.000 0.000 0.000 0.000 0.000 0.000 0.000 0.000 0.000 0.000 0.000 0.000 0.000 0.000 0.000 0.000 0.000 35.993 86.918 72.840 85.774
61.499 61.499 61.499 61.499 61.498 61.498 60.497 73.497 79.496 63.495 61.494 61.493 61.492 61.490 61.489 61.487 61.485 61.484 61.482 67.481 38.481 0.000 0.000 0.000 0.000 20.126 35.127 57.130 65.116 69.084 43.023 18.938 53.823 91.659 89.532 69.436 51.355 9.353 0.000 45.247 62.252 61.261 64.272 59.286 68.303 91.327 88.363 33.437 0.000 13.599 0.000 0.000 0.000 0.000 0.000 0.000 0.000 0.000 0.000 0.000 0.000 0.000 0.000 0.000 0.000 0.000 0.000 0.000 0.000 0.000 73.068 129.014 111.949 133.857
58.506 59.506 60.506 60.506 61.505 61.505 59.504 74.504 77.503 60.502 61.501 61.500 61.498 61.497 61.495 61.493 61.491 61.489 61.486 61.484 67.481 47.478 0.000 0.000 0.000 0.000 0.000 33.156 64.137 60.101 63.045 66.970 78.872 95.754 79.642 47.539 0.000 0.000 0.000 44.373 61.373 64.376 77.382 63.392 73.407 74.429 93.462 97.512 80.572 30.599 0.000 0.000 0.000 0.000 0.000 0.000 0.000 0.000 0.000 0.000 0.000 0.000 0.000 0.000 0.000 0.000 0.000 0.000 0.000 59.291 69.197 70.123 73.054 92.029
79.514 74.514 69.514 67.513 63.513 59.512 59.512 74.511 77.510 59.509 61.508 61.507 61.505 61.504 61.502 61.500 60.497 59.494 60.491 60.487 60.482 66.475 43.464 20.455 0.000 0.000 0.000 32.200 70.176 64.138 59.088 72.023 94.942 88.844 56.743 0.000 0.000 0.000 0.000 42.500 60.492 65.487 72.487 67.493 72.504 71.520 84.544 78.575 71.607 44.626 0.000 0.000 0.000 0.000 0.000 0.000 0.000 0.000 0.000 0.000 0.000 0.000 0.000 0.000 6.107 0.000 0.000 2.465 36.466 64.386 133.303 97.235 129.118 112.790
99.522 98.521 94.521 89.521 85.521 80.520 75.520 71.519 66.518 60.517 61.516 61.514 61.513 61.511 60.509 62.507 68.504 73.500 72.496 70.491 64.484 59.475 63.463 69.446 33.418 14.383 18.337 52.270 75.228 66.188 62.144 85.093 97.030 52.937 0.000 0.000 0.000 5.736 12.710 46.636 59.607 64.593 80.588 70.589 63.595 56.605 62.619 80.636 77.655 83.672 2.695 0.000 0.000 0.000 0.000 0.000 0.000 0.000 0.000 0.000 0.000 0.000 0.000 0.000 3.107 0.000 0.000 0.000 71.546 62.481 72.410 95.301 71.472 110.927
