results3/res_3e8f-0154.wd
ncols         241
nrows         181
xllcorner     12693529.787448
yllcorner     3542525.717860
cellsize      155.156523
NODATA_value  -9999.000000
[rows 132 to 164 of 181, columns 0 to 72 of 241]
95.754 100.753 104.753 104.752 106.751 106.750 100.748 91.747 77.744 66.742 65.739 66.736 65.732 64.728 69.724 83.718 94.712 99.706 99.698 96.689 88.678 79.665 70.649 64.629 69.603 71.573 70.537 71.497 69.463 64.432 78.402 101.372 68.348 0.000 0.000 0.000 8.107 60.101 72.096 69.075 71.059 77.050 95.050 81.056 65.064 64.076 64.089 76.105 97.123 38.142 11.165 6.199 0.000 0.000 0.000 0.000 0.000 0.000 0.000 0.000 0.000 0.000 2.515 0.515 27.515 7.446 11.376 52.282 75.143 79.046 78.940 89.028 116.494
73.758 75.758 78.757 84.756 94.755 100.754 105.753 105.751 98.748 84.746 73.743 67.740 71.736 78.732 91.727 106.722 105.716 102.709 102.701 105.691 105.680 101.667 89.652 77.633 69.611 64.586 65.557 64.527 65.500 73.474 95.452 103.433 15.420 0.000 0.000 0.000 18.114 46.121 64.147 73.143 74.131 71.118 72.121 82.126 77.132 70.139 74.148 82.158 95.170 36.185 22.204 28.233 8.264 0.000 0.000 0.000 0.000 0.000 0.000 0.000 0.000 0.000 0.000 0.000 9.598 0.000 59.403 81.327 77.210 86.185 77.250 116.615 105.376
65.762 65.762 65.762 67.761 72.760 76.759 83.757 92.755 100.753 103.750 97.748 95.744 97.740 100.736 99.732 92.726 83.720 81.713 81.705 86.696 92.685 99.673 102.658 101.642 90.623 80.601 75.578 73.555 82.533 98.514 99.498 85.486 18.481 0.000 0.000 0.000 0.000 0.000 47.228 74.219 53.203 41.170 56.190 71.196 86.199 90.202 92.204 93.208 89.215 16.223 3.231 31.266 28.295 16.326 22.342 16.350 0.000 0.000 0.000 0.000 0.000 0.000 43.825 13.773 79.681 101.619 134.476 90.452 85.506 66.466 102.533 107.055 106.964
66.767 66.767 66.766 66.766 65.765 64.763 66.762 71.760 77.758 87.755 97.752 99.749 92.745 82.741 76.736 68.731 64.725 64.718 64.711 66.702 71.692 77.680 84.667 96.653 101.636 103.618 102.600 98.582 101.565 94.550 76.539 68.533 47.536 5.558 0.000 0.000 0.000 0.000 40.318 73.303 16.292 0.000 49.271 74.269 93.267 101.264 87.260 90.257 76.258 34.262 0.282 58.304 27.323 19.341 30.351 30.358 1.371 0.000 0.000 0.000 0.000 30.929 49.876 122.816 151.739 134.623 118.180 117.127 108.800 107.442 107.321 107.193 72.415
66.772 66.772 66.771 66.771 66.770 66.768 66.767 65.765 65.763 68.760 74.758 73.754 69.751 65.747 65.742 65.737 66.731 66.725 66.717 66.709 65.700 64.689 66.678 72.665 79.651 88.636 96.622 92.607 81.594 69.583 65.575 70.571 78.573 54.581 32.587 32.578 18.552 19.506 55.424 76.382 26.369 8.384 68.355 100.343 102.335 81.327 84.315 83.300 71.297 60.304 11.313 39.324 13.354 1.376 14.363 1.368 3.383 1.384 0.000 0.000 0.000 11.985 74.931 80.851 76.840 78.000 75.976 107.766 107.664 107.557 74.758 77.537 79.411
66.777 66.777 66.777 66.776 66.775 66.774 66.772 66.771 66.768 66.766 65.763 65.760 65.756 66.752 66.748 66.743 66.738 66.732 66.725 66.717 66.709 66.700 66.689 65.678 64.667 65.655 69.643 67.631 66.621 70.613 73.606 72.603 70.603 72.604 72.603 69.594 69.573 73.540 48.492 34.431 23.420 41.427 86.421 100.413 80.404 73.392 72.374 52.333 48.325 11.345 0.000 0.000 1.478 3.488 0.000 0.000 7.401 22.385 37.346 7.286 21.208 84.064 91.054 89.127 87.114 88.196 107.956 107.863 88.999 95.791 88.648 94.422 86.266
66.783 66.782 66.782 66.781 66.781 66.779 66.778 66.776 66.774 66.772 66.769 66.766 66.763 66.759 66.755 66.750 66.745 66.740 66.733 65.727 72.719 74.711 66.702 65.693 64.683 65.673 67.663 70.654 73.646 72.640 67.635 68.632 75.631 78.630 74.628 68.620 65.608 74.590 5.572 0.000 8.452 81.484 90.488 77.484 69.475 89.465 35.455 0.000 0.000 1.533 2.569 2.572 2.550 3.541 0.000 0.000 32.434 74.410 103.369 64.309 97.197 105.358 102.323 101.415 108.217 108.134 108.047 101.080 102.960 102.660 101.523 100.457 18.376
66.788 66.788 66.788 66.787 66.786 66.785 66.784 66.782 66.781 66.778 69.776 69.773 67.769 71.765 69.761 66.757 66.753 66.748 65.743 63.737 74.730 82.723 68.715 65.707 67.699 70.691 72.683 71.676 68.670 70.666 75.662 77.660 78.659 78.658 73.657 67.653 76.647 95.639 14.633 0.000 0.000 55.567 78.566 75.559 79.549 99.536 33.528 0.000 2.597 2.583 2.594 2.596 2.577 4.584 0.000 30.540 82.495 98.448 101.384 106.388 103.557 100.550 108.445 108.372 108.297 100.386 101.173 102.049 101.732 101.705 94.639 71.549 0.000
66.794 66.794 66.794 66.793 66.792 66.792 66.790 66.789 66.787 67.785 74.783 74.780 51.776 19.772 40.768 70.765 64.762 67.757 73.753 76.747 76.741 72.735 68.729 69.722 72.715 71.709 70.703 72.697 76.693 76.690 78.688 77.687 68.687 63.687 65.688 78.688 97.687 107.687 29.689 0.000 0.000 30.653 86.648 88.639 95.624 94.601 30.592 0.000 2.612 0.632 1.641 2.642 0.000 8.635 34.632 78.594 100.523 103.546 102.641 102.648 101.744 108.581 108.514 100.587 101.389 102.254 102.042 101.900 101.859 93.794 85.753 0.000 0.000
66.800 66.800 66.800 66.799 66.799 66.798 66.797 66.796 66.794 68.792 77.790 88.787 64.783 1.780 7.774 55.773 81.771 73.767 71.763 71.758 69.753 68.748 70.742 72.737 70.731 66.726 68.721 80.717 82.715 72.713 66.712 63.713 63.715 68.717 82.719 98.723 95.727 79.734 51.747 19.777 13.778 57.743 86.733 68.726 59.708 51.653 16.648 0.775 0.697 21.691 12.686 2.689 0.000 27.690 78.672 100.599 102.804 101.804 101.918 108.770 108.709 108.646 100.645 102.532 102.247 102.123 102.070 101.999 95.926 82.864 72.829 0.000 0.000
66.807 66.807 66.806 66.806 66.805 66.805 66.804 66.803 66.802 68.800 78.798 65.795 21.790 3.790 0.000 23.783 77.781 69.778 71.774 70.770 68.765 71.761 72.756 69.751 66.747 62.742 72.739 86.736 73.735 63.735 64.736 69.738 79.741 90.745 101.750 94.757 72.764 67.775 86.789 93.805 94.813 98.811 73.814 34.822 6.831 0.000 0.954 0.967 0.000 34.703 21.715 1.766 32.790 78.739 100.770 102.969 101.994 108.936 108.884 108.829 100.909 101.710 102.601 102.301 102.288 102.230 102.157 103.068 90.991 61.908 50.868 8.868 2.868
65.813 65.813 66.813 66.812 66.812 66.812 66.811 66.810 66.809 69.808 79.807 50.806 0.000 9.802 47.803 49.796 66.792 68.789 56.785 38.781 76.778 71.774 67.770 66.766 64.762 66.758 82.756 85.754 67.754 70.756 82.758 91.762 100.767 98.773 86.780 72.789 65.799 81.812 85.827 73.843 54.858 52.872 40.891 20.918 9.962 4.055 2.099 22.124 17.139 0.000 0.000 26.853 78.899 102.016 103.047 101.166 109.036 108.987 101.069 101.882 102.762 102.570 102.450 102.428 102.376 102.327 105.259 69.129 49.060 0.000 0.000 0.000 0.000
74.820 72.820 69.819 67.819 64.819 64.819 64.818 64.818 63.817 68.817 80.816 63.816 44.817 52.813 70.810 66.806 63.803 69.800 64.796 51.793 71.790 65.787 64.783 64.780 66.777 80.774 88.772 54.771 46.772 96.775 101.780 96.785 85.792 75.800 67.809 63.819 74.832 86.846 54.864 29.883 12.904 3.929 20.959 19.997 10.045 11.105 14.147 42.168 26.153 0.000 0.000 59.139 101.177 100.308 109.174 109.130 109.084 101.104 103.000 102.726 102.620 102.591 104.549 99.499 101.470 102.443 113.422 0.000 0.000 0.000 0.000 0.000 0.000
75.828 77.827 83.825 84.824 84.825 81.826 82.826 81.826 80.826 80.825 82.824 65.824 69.823 68.821 65.819 68.816 68.813 67.811 72.808 74.805 68.802 62.800 64.797 66.794 80.791 85.788 74.786 68.786 77.788 100.793 83.800 74.808 66.816 64.825 66.836 65.848 79.862 88.879 52.898 28.921 16.948 18.980 22.019 14.065 15.117 21.172 23.218 16.247 0.000 0.000 37.383 79.399 109.295 109.257 109.217 101.336 102.143 103.043 102.752 102.750 103.709 103.665 76.622 54.561 89.560 103.555 108.564 48.621 0.000 0.000 0.000 0.000 0.000
68.836 62.835 15.830 17.829 26.832 73.834 70.834 70.834 70.834 74.833 83.833 64.832 65.831 64.830 67.828 71.826 72.824 70.822 69.819 72.817 73.815 70.813 64.811 81.808 87.805 78.802 84.799 101.798 98.801 80.808 68.819 64.829 66.839 66.849 65.861 70.874 86.890 88.908 80.929 83.955 54.986 17.024 9.071 8.127 20.186 27.248 17.305 14.357 6.382 32.534 80.559 109.365 109.331 101.476 102.287 103.175 102.988 102.875 102.861 103.815 101.775 95.736 20.715 0.000 71.655 106.652 103.658 102.678 0.000 0.000 0.000 0.000 0.000
66.847 58.846 0.000 0.000 8.842 69.842 65.843 65.842 65.842 69.842 83.841 61.841 65.840 69.839 71.837 72.836 69.834 66.833 64.831 66.829 76.828 89.826 84.825 85.823 62.820 56.816 108.810 94.808 61.810 21.819 41.840 69.852 66.862 66.872 68.885 61.899 45.915 35.934 47.957 87.983 64.016 17.059 12.116 7.185 16.254 21.326 15.401 20.466 20.548 58.669 109.415 100.664 104.404 103.310 103.124 103.015 102.992 102.958 103.917 103.881 68.843 44.789 30.788 33.795 84.753 105.738 101.739 92.754 10.788 0.000 0.000 0.000 0.000
66.857 66.858 49.863 0.000 9.851 70.851 66.851 66.851 65.851 66.850 81.850 68.849 71.849 73.848 72.847 67.846 64.845 65.843 65.842 64.841 74.841 97.840 93.839 80.838 73.836 64.831 40.818 29.812 16.811 0.000 22.869 71.875 66.884 68.894 51.906 25.921 10.938 7.957 49.980 67.005 36.036 8.081 11.148 16.243 23.319 19.403 13.505 6.599 9.900 57.900 109.480 103.552 103.314 103.137 103.122 103.088 103.049 103.012 100.978 91.948 24.926 0.000 41.854 100.844 105.823 103.810 97.807 87.812 5.822 0.000 0.000 0.000 0.000
63.865 65.866 62.868 0.000 5.860 70.860 65.860 63.860 65.859 69.859 73.859 72.858 72.858 70.857 64.857 65.856 65.855 66.854 66.854 71.853 89.853 88.853 81.853 90.854 88.855 59.855 0.000 0.000 0.000 0.000 20.893 71.897 66.904 69.914 40.926 2.941 36.958 62.978 83.000 52.023 4.042 0.167 0.242 5.322 15.377 15.463 15.582 9.847 6.581 109.664 109.574 102.457 103.305 103.207 103.174 103.137 103.101 105.067 90.035 73.007 32.986 8.976 56.930 86.905 95.885 104.872 93.865 82.865 4.867 0.000 0.000 0.000 0.000
70.873 68.874 57.875 0.000 56.870 64.869 66.869 70.869 71.868 72.868 70.868 71.867 69.867 65.867 65.866 66.866 66.866 65.865 67.865 90.865 89.866 71.866 84.868 82.870 86.873 84.881 47.898 3.909 12.915 42.917 47.912 67.915 66.921 66.931 61.943 53.958 70.975 69.996 64.019 86.043 34.065 0.186 0.263 9.349 14.402 12.486 13.590 37.747 62.147 109.747 104.783 104.533 104.274 103.261 103.223 103.187 104.152 102.119 57.088 34.060 46.035 47.013 100.984 102.960 82.941 92.927 87.918 60.914 25.913 0.000 0.000 0.000 0.000
71.881 72.881 69.882 57.883 71.880 71.878 71.878 72.877 72.877 73.877 85.877 67.876 65.876 65.876 66.876 66.876 66.876 67.876 81.876 92.877 67.878 71.879 98.881 90.884 78.888 81.895 84.905 68.913 73.919 88.923 81.925 69.929 62.936 62.945 73.957 89.972 76.990 49.011 21.036 76.067 65.110 14.182 17.250 22.325 18.398 9.489 11.558 52.840 105.086 109.826 101.763 104.415 105.345 103.308 103.272 103.236 96.201 86.168 43.137 14.109 23.082 24.057 85.032 127.009 107.991 83.977 75.967 54.961 63.959 16.959 0.000 3.136 7.136
76.888 76.888 72.888 72.888 72.887 73.887 73.886 69.886 66.886 65.886 28.885 18.885 69.886 66.886 66.886 66.886 65.886 68.887 92.887 78.888 63.889 69.891 86.894 103.897 98.901 95.907 93.914 89.920 85.926 84.931 92.935 89.940 83.948 79.957 82.969 86.984 49.002 13.023 12.048 28.078 24.124 9.185 18.242 28.305 24.379 15.481 8.638 51.887 109.970 109.900 104.656 106.500 103.389 103.357 104.320 100.284 84.249 77.216 83.185 89.155 73.128 95.102 110.077 127.055 136.037 120.022 82.011 87.005 62.002 0.000 0.000 0.000 0.000
15.895 16.895 76.894 71.895 71.895 66.895 63.895 65.894 60.894 13.894 13.894 2.895 70.895 66.895 66.895 66.896 66.896 84.897 91.898 64.899 66.901 66.903 69.905 75.909 77.913 77.918 73.923 76.929 92.934 85.939 76.944 79.950 86.957 90.966 93.978 90.993 66.010 31.031 14.054 13.074 0.000 2.194 13.227 22.274 6.326 0.000 21.840 82.084 110.038 101.997 105.724 105.461 103.445 103.404 104.367 99.331 86.296 52.262 59.231 102.200 113.172 145.145 136.120 108.098 96.079 113.063 92.052 86.045 61.042 0.074 0.000 0.000 0.000
2.903 11.902 25.900 80.902 65.903 63.903 65.903 65.903 66.903 13.903 4.903 59.904 67.904 66.904 66.905 66.906 68.906 92.907 77.908 63.910 66.911 66.914 66.916 65.919 65.923 65.927 64.932 71.937 100.942 79.947 10.952 18.958 30.965 81.974 91.984 75.998 81.015 68.037 20.063 17.090 2.127 7.168 20.200 12.237 0.000 0.000 40.001 110.170 110.105 104.880 106.620 102.529 103.490 103.451 103.413 103.376 90.341 53.307 68.274 105.244 101.214 135.187 130.161 99.138 104.117 90.101 71.088 89.081 67.080 1.097 0.000 0.000 0.000
64.911 60.911 0.000 72.911 82.911 83.911 64.911 76.911 83.911 59.912 57.912 67.913 66.913 66.914 66.914 66.915 85.916 89.917 64.918 66.920 65.922 64.924 66.927 66.930 66.933 66.937 65.941 73.945 102.950 83.954 29.959 2.965 53.971 78.979 91.988 70.999 61.015 20.041 13.069 16.096 14.124 22.151 26.170 0.208 0.000 18.921 81.172 110.232 102.135 105.858 105.600 103.578 103.535 103.495 103.457 104.420 95.384 84.350 107.317 132.285 120.255 137.226 134.199 128.174 135.152 101.133 78.119 88.110 96.108 25.114 0.000 0.000 0.000
66.919 65.920 60.923 66.920 65.919 13.919 87.919 79.919 66.920 67.920 67.921 66.921 66.922 66.923 66.924 69.925 92.926 75.927 65.928 66.930 72.932 80.934 66.937 64.940 66.943 65.946 68.950 92.954 100.958 75.962 63.966 51.971 73.976 72.982 33.989 18.997 16.006 0.000 5.079 5.099 6.122 7.143 9.156 0.000 21.980 79.134 101.305 110.293 103.098 103.740 103.663 103.620 103.579 103.539 103.500 104.463 95.427 78.392 74.358 107.325 97.294 111.264 114.235 102.208 104.184 76.162 53.145 67.133 134.128 87.128 22.133 12.135 34.136
66.927 66.927 66.928 66.927 66.927 60.927 76.927 92.928 68.928 65.929 66.929 66.930 66.931 66.932 65.933 88.934 90.935 64.937 66.938 67.939 64.942 26.944 85.947 80.950 67.952 65.955 83.959 102.962 86.965 66.969 66.973 67.976 70.980 74.984 11.989 12.993 0.000 2.065 17.069 0.000 0.097 0.000 0.000 0.000 45.094 102.269 110.408 110.351 102.982 103.816 103.700 103.663 103.621 103.581 103.542 102.505 87.468 89.432 109.398 128.364 127.332 132.300 137.269 124.240 122.212 109.186 58.165 56.150 132.142 96.138 34.135 27.136 92.137
66.934 66.934 66.934 66.934 66.935 66.935 66.935 77.936 92.936 68.937 65.938 66.939 66.940 64.941 72.943 93.944 73.945 65.946 67.947 65.948 7.951 4.954 73.957 74.959 80.962 79.964 87.967 86.970 67.973 65.976 67.979 70.982 75.985 75.987 0.000 0.000 0.000 4.062 28.062 15.060 16.059 15.059 0.000 6.216 53.350 107.485 110.463 102.321 104.035 103.769 103.749 103.704 103.662 103.622 103.583 103.545 89.508 85.472 106.437 107.402 107.368 110.335 110.303 109.271 114.238 87.205 63.179 78.162 93.151 32.146 0.000 0.000 36.138
66.941 68.941 68.941 66.942 66.942 66.943 66.943 66.944 77.945 92.946 68.947 63.948 63.949 80.950 92.952 86.953 63.955 66.956 62.956 8.955 5.961 59.964 66.966 66.969 72.971 89.973 89.976 82.978 75.980 67.983 54.985 24.988 89.990 69.991 0.000 0.000 0.000 3.058 17.058 10.058 24.058 13.059 0.000 6.377 26.466 110.570 110.517 103.190 103.923 103.829 103.787 103.744 103.702 103.662 103.623 104.585 99.547 89.511 84.475 83.439 83.404 83.370 83.336 87.301 61.264 5.218 31.184 87.166 83.155 44.150 6.148 0.000 35.139
67.948 4.948 5.947 66.949 65.949 64.950 64.951 63.952 63.953 76.954 91.955 84.956 91.958 93.959 80.961 64.963 71.965 71.966 59.968 0.000 7.974 70.975 66.977 68.978 92.980 99.982 77.984 68.986 75.988 82.990 70.992 6.994 49.996 67.997 0.000 0.000 0.000 4.053 10.055 7.057 21.058 0.000 0.000 6.471 11.798 110.621 108.441 104.154 103.894 103.871 103.825 103.782 103.741 103.701 103.662 103.624 104.586 103.549 101.512 100.476 100.440 101.404 103.370 77.335 19.300 0.000 16.173 72.163 103.155 94.149 67.146 43.142 60.140
66.956 65.956 0.956 65.957 76.957 80.958 84.958 89.959 92.961 93.962 93.963 93.965 79.967 66.968 82.970 99.972 100.975 100.977 93.980 71.986 6.985 67.985 65.987 74.988 102.989 89.991 66.992 65.994 67.995 70.997 61.999 7.000 27.002 27.004 0.000 0.000 0.000 10.047 5.051 0.000 4.058 0.000 14.468 15.725 6.366 110.671 112.391 108.029 103.949 103.905 103.861 103.819 103.778 103.739 103.700 103.662 103.624 103.587 103.550 103.512 104.474 107.438 79.404 12.369 0.000 5.113 0.000 17.157 73.151 104.147 95.143 71.141 48.141
66.963 68.963 64.965 66.964 81.964 80.965 76.966 72.967 71.968 67.970 88.972 78.973 89.975 80.977 96.980 92.982 85.984 86.987 97.990 103.993 92.994 93.995 85.996 93.997 101.999 75.000 66.001 67.002 67.003 66.004 66.005 68.007 63.009 12.012 72.019 63.024 2.030 4.036 0.000 0.000 0.000 5.412 83.472 80.679 110.764 110.718 106.267 107.096 103.978 103.940 103.897 103.855 103.815 103.775 103.737 103.699 103.662 103.625 103.588 105.548 110.506 79.471 19.437 0.000 0.000 2.113 1.113 0.000 14.147 65.143 100.140 50.139 0.000
68.970 4.970 63.971 66.971 66.971 66.972 65.973 66.975 68.976 66.978 78.980 73.982 82.984 93.986 81.989 66.991 67.994 68.997 69.999 75.002 88.004 98.005 104.006 102.007 91.008 67.009 67.009 67.010 67.010 67.011 68.012 91.013 64.014 4.016 68.020 18.025 12.029 5.033 0.000 0.000 0.000 15.382 103.589 105.797 110.808 104.600 104.307 104.041 104.019 103.973 103.931 103.890 103.850 103.811 103.774 103.736 103.700 103.664 105.627 90.588 44.532 11.501 0.000 4.113 2.113 22.113 29.113 0.000 0.000 36.137 98.136 50.135 0.000
69.976 2.976 63.977 66.977 66.978 66.979 66.980 67.982 5.983 65.985 69.988 80.990 80.992 88.995 93.998 80.001 65.003 65.006 65.009 67.011 69.013 70.015 71.016 71.017 70.017 69.017 65.017 65.018 66.018 67.018 78.018 92.018 63.019 57.020 59.021 0.000 0.000 5.033 0.000 0.000 0.000 19.460 102.579 110.892 110.850 103.457 104.187 104.091 104.049 104.005 103.964 103.924 103.885 103.847 103.809 103.773 103.737 103.703 108.670 64.645 0.000 0.000 2.114 0.113 2.113 17.113 24.113 0.000 0.000 39.132 99.131 58.131 0.000
