results3/res_3e8f-0089.wd
ncols         241
nrows         181
xllcorner     12693529.787448
yllcorner     3542525.717860
cellsize      155.156523
NODATA_value  -9999.000000
[rows 33 to 65 of 181, columns 146 to 218 of 241]
61.062 60.296 60.043 60.706 27.395 39.096 60.817 54.542 33.179 0.000 0.000 18.210 0.000 0.000 15.228 40.244 27.246 0.000 0.000 0.000 31.851 39.824 0.000 24.463 16.413 17.334 21.200 30.063 47.911 38.799 33.695 28.609 29.537 29.473 28.414 27.356 26.290 34.193 44.091 36.024 35.961 33.890 12.810 26.737 34.651 0.000 3.024 6.487 30.133 27.830 32.538 42.243 34.920 29.490 0.000 0.000 11.678 11.880 18.766 0.000 0.000 0.000 0.000 0.000 0.000 0.000 0.000 0.000 0.000 0.000 0.000 0.000 0.000
60.950 60.714 60.388 61.084 38.789 56.516 59.278 53.110 0.000 0.000 0.000 20.209 0.000 0.000 0.000 24.285 24.276 32.266 0.000 44.953 32.880 19.797 28.673 19.533 17.430 17.325 16.204 18.077 45.948 43.833 43.728 45.636 38.556 40.484 39.416 39.350 39.279 40.200 44.120 42.053 42.992 37.933 14.879 13.842 0.000 0.000 0.001 12.299 20.084 14.818 20.542 33.271 33.028 30.849 0.000 0.000 0.000 17.453 0.000 0.000 0.000 0.000 0.000 0.000 0.000 21.003 20.023 22.043 12.059 15.067 0.000 0.000 0.000
61.363 61.044 60.743 60.446 60.163 60.899 52.669 39.510 0.000 0.000 0.000 0.000 0.000 0.000 0.000 21.334 18.308 31.257 36.158 28.026 36.918 34.810 15.690 16.565 17.449 17.334 29.215 33.092 36.971 29.855 26.749 36.653 10.567 17.490 12.418 12.348 12.278 15.206 41.138 30.076 28.020 29.971 14.933 16.910 0.000 0.000 8.329 65.328 0.000 0.000 0.000 0.000 34.070 33.031 0.000 0.000 0.000 15.026 12.309 14.479 12.596 20.684 26.760 18.836 40.911 47.984 46.023 31.048 11.065 10.077 14.086 0.000 0.000
61.689 61.387 61.088 60.796 61.516 56.250 37.991 28.750 37.750 0.000 0.000 0.000 0.000 0.000 0.000 18.409 17.367 20.294 16.193 27.074 29.956 32.837 21.713 16.588 16.467 16.347 41.228 47.108 28.988 22.870 22.759 23.659 20.571 20.491 20.417 21.346 24.277 21.211 42.148 34.092 32.042 32.000 13.970 27.955 53.964 0.000 0.341 53.357 0.000 0.000 0.000 0.000 34.153 32.174 10.272 15.336 13.359 11.317 11.422 11.533 10.625 17.697 24.760 11.837 29.915 47.997 44.038 24.062 9.078 9.089 14.095 0.000 0.000
62.029 61.724 61.426 61.135 57.854 43.595 32.293 0.000 0.000 0.000 0.000 23.331 0.000 0.000 0.000 17.527 18.456 18.359 17.246 17.123 22.996 15.867 15.737 17.609 16.483 15.361 39.241 36.124 44.004 47.878 46.757 41.655 37.566 39.486 35.412 39.342 39.275 40.212 44.154 42.101 43.056 39.019 13.992 25.977 47.974 0.000 0.000 56.388 0.000 0.000 0.000 0.000 31.214 34.242 13.307 11.376 11.426 11.461 11.530 11.606 10.673 17.721 26.746 0.000 0.000 6.053 49.069 25.085 9.097 9.106 13.110 0.000 0.000
62.362 62.054 61.757 61.464 51.171 32.983 0.000 0.000 0.000 0.000 21.379 24.332 37.241 37.112 24.943 17.716 17.570 18.440 18.309 17.175 16.037 16.899 16.761 16.626 15.496 24.371 43.253 22.141 36.028 12.880 45.736 35.636 34.553 34.476 31.404 36.335 37.270 37.209 44.153 42.103 39.061 39.027 14.002 27.987 46.981 0.000 0.000 49.419 0.000 0.000 0.000 0.000 35.247 34.273 10.338 12.435 11.508 12.570 12.632 12.690 13.739 21.768 1.757 0.000 0.000 7.093 49.101 30.111 17.120 11.127 14.131 0.000 0.000
62.686 62.374 63.084 55.793 43.383 33.183 0.000 0.000 0.000 0.000 18.427 35.374 29.280 18.154 19.999 19.825 17.669 16.522 18.377 17.229 18.080 17.930 17.782 16.639 16.503 36.376 36.259 36.159 36.087 0.000 17.669 15.603 16.534 16.463 17.392 21.324 24.260 22.201 42.146 36.099 30.058 32.026 15.002 26.988 45.981 0.000 0.000 22.451 13.463 0.000 0.000 0.000 29.255 12.264 0.000 7.518 13.602 17.678 24.737 24.785 24.825 26.856 0.000 0.000 0.000 55.125 48.131 50.138 38.145 13.151 14.155 0.000 0.000
62.991 62.671 62.412 48.241 0.133 0.000 0.000 0.000 0.000 0.000 34.529 29.458 19.353 20.223 20.075 19.917 19.759 17.604 16.447 16.286 18.123 16.960 16.799 15.646 17.502 32.369 23.250 32.148 33.076 0.000 0.000 31.572 30.517 30.448 30.378 32.310 32.246 33.187 45.134 41.087 36.048 38.017 13.994 22.981 50.976 0.000 0.000 81.470 50.476 17.485 4.488 0.000 0.000 0.000 0.000 0.000 10.703 19.805 23.855 22.888 25.919 27.975 14.069 19.121 35.148 50.153 48.159 48.166 36.172 13.179 13.184 0.000 0.000
63.257 63.906 55.653 38.520 0.000 0.000 0.000 0.000 0.000 41.854 35.701 19.577 20.449 20.311 20.162 20.007 19.848 19.686 16.520 17.346 17.167 16.986 17.810 16.643 16.489 19.350 24.223 36.107 22.992 34.841 39.713 32.598 41.513 31.435 32.362 35.292 34.228 33.168 43.115 39.068 27.029 25.998 14.977 21.967 50.965 0.000 0.000 72.484 62.486 39.490 8.492 0.000 0.000 0.000 0.000 0.000 0.000 30.984 22.988 16.994 13.990 29.056 16.110 18.147 26.169 47.180 49.188 47.194 33.200 13.207 10.218 14.240 8.250
71.447 69.043 41.775 31.666 0.000 0.000 0.000 20.310 34.202 35.008 28.845 23.699 20.556 20.409 20.257 20.100 18.940 21.774 26.600 22.413 17.212 18.009 16.812 16.626 16.462 16.317 23.187 24.065 21.944 28.818 27.700 22.593 34.501 14.418 22.342 29.270 28.204 22.144 41.089 34.041 14.002 12.971 15.951 17.943 21.954 0.000 0.000 50.495 30.496 67.498 53.498 0.000 0.000 41.413 15.387 13.342 13.272 15.158 26.121 20.111 0.000 41.151 29.169 25.188 23.202 34.211 50.217 42.222 25.227 14.233 10.241 17.252 41.261
0.000 0.000 20.739 38.702 0.000 0.000 22.531 32.418 46.289 30.130 28.972 28.818 21.666 20.513 20.357 20.198 27.037 34.870 35.693 27.494 22.258 17.027 15.802 16.588 20.416 17.272 16.142 15.021 20.903 21.787 20.677 21.574 23.481 16.396 22.317 27.243 29.175 25.113 41.057 35.007 16.966 15.933 15.911 11.900 0.000 0.000 0.000 6.505 25.506 25.508 59.505 74.495 67.474 35.439 21.407 22.367 22.316 25.257 47.225 65.219 74.247 73.228 75.228 74.234 68.241 62.245 54.249 37.251 20.254 11.257 12.261 25.267 44.272
12.442 0.000 0.000 0.000 0.000 0.000 25.644 45.541 37.406 40.253 37.095 26.936 19.778 20.619 20.459 31.299 36.139 31.977 26.808 23.611 26.302 21.037 20.783 16.508 21.344 15.211 16.089 16.973 15.861 15.751 15.646 15.546 14.453 15.367 15.286 19.211 25.141 24.076 42.018 35.966 14.921 15.886 15.860 14.847 0.000 0.000 0.000 10.514 36.517 25.522 27.518 42.507 53.488 63.463 65.436 71.404 74.367 74.330 73.305 69.294 60.293 58.285 60.281 63.281 65.281 66.281 64.281 68.281 60.280 27.280 14.281 33.283 50.284
51.081 7.824 0.000 0.000 0.000 27.055 42.859 35.699 27.541 35.380 39.218 40.054 29.891 18.727 28.562 37.400 27.243 19.092 18.952 20.839 0.000 0.000 0.000 13.320 17.239 19.138 19.031 15.923 15.816 16.711 15.609 15.512 15.420 16.333 15.251 15.173 15.101 18.034 34.972 33.917 15.868 15.828 15.798 16.781 17.780 0.000 0.000 9.521 27.527 28.544 40.540 27.526 7.508 11.490 47.470 71.445 55.418 50.392 53.371 46.357 32.348 21.339 12.332 10.326 11.322 21.318 19.314 14.310 53.306 68.303 46.300 44.299 48.298
0.000 21.567 0.000 0.000 26.485 36.252 43.040 26.853 29.679 27.509 25.341 33.173 38.004 32.834 36.664 25.497 19.339 20.197 20.070 27.955 0.000 0.000 0.000 10.212 19.156 30.072 30.974 25.872 21.769 23.667 19.568 18.472 16.381 15.293 15.210 16.131 15.057 14.986 17.921 26.861 14.807 14.761 15.723 14.697 0.000 0.000 0.000 0.000 0.000 42.589 26.572 11.549 25.530 27.518 73.509 54.490 37.468 19.448 10.431 11.417 12.403 13.391 13.380 13.371 12.363 10.355 9.348 10.340 18.333 55.325 63.319 48.315 47.313
0.000 7.311 29.636 31.156 29.718 44.427 29.195 22.996 24.812 23.637 20.465 19.294 34.119 40.942 43.762 31.585 21.422 18.285 26.177 0.000 0.000 0.000 0.000 13.159 23.102 30.018 30.922 30.822 32.721 40.621 38.523 34.429 32.338 28.250 22.166 17.085 15.008 15.934 14.865 19.799 12.739 13.685 14.636 16.589 37.524 0.000 0.000 0.000 4.711 46.650 6.610 15.569 6.547 45.542 63.561 23.537 11.515 13.503 13.490 13.474 13.458 13.442 10.428 10.415 9.403 10.392 10.382 10.371 26.359 41.345 14.335 74.331 46.331
0.000 6.729 29.440 22.116 40.803 40.543 35.320 26.122 19.938 20.762 21.590 32.416 35.238 27.052 29.857 38.660 39.477 29.343 0.000 0.000 0.000 0.000 18.249 24.165 28.074 26.977 27.876 27.773 25.671 32.572 33.476 33.383 34.292 31.204 30.119 31.036 21.956 16.878 17.804 14.733 15.666 14.604 13.547 15.498 30.460 0.000 0.000 0.000 4.773 48.691 10.650 0.000 0.000 0.000 30.656 12.581 13.552 11.560 11.551 11.533 10.513 9.493 10.474 10.457 9.442 10.429 9.417 8.404 11.389 7.360 3.346 67.343 76.354
0.000 3.437 23.278 33.065 42.837 33.620 33.420 35.233 33.056 23.884 29.715 38.544 27.365 20.171 18.956 24.719 34.485 41.268 5.068 0.000 21.750 21.561 16.333 25.177 30.053 30.940 26.831 26.723 18.620 15.521 15.426 15.334 14.244 12.156 19.069 32.984 31.901 30.819 25.740 16.662 14.588 15.517 14.452 14.396 15.358 0.000 0.000 0.000 19.916 0.000 0.000 0.000 0.000 0.000 9.826 0.000 0.000 9.635 8.619 8.595 9.568 11.542 11.519 11.499 10.481 10.465 8.452 8.441 9.433 0.000 0.000 0.000 70.385
0.000 2.248 26.171 45.030 35.860 32.682 32.506 33.335 32.168 34.004 38.843 27.680 21.506 21.311 21.075 19.776 20.477 26.177 42.867 40.423 18.940 17.599 16.344 17.160 29.019 26.899 37.786 25.668 18.563 16.466 17.373 16.283 21.194 29.106 25.018 18.931 24.845 34.759 31.674 30.589 21.506 14.425 14.347 15.275 13.220 0.000 0.000 20.060 8.060 0.000 0.000 22.129 17.129 16.087 7.997 0.000 0.000 14.727 11.697 11.660 11.623 11.590 11.562 11.538 11.517 11.500 11.485 10.474 11.469 13.478 3.479 0.000 12.413
0.000 15.189 40.130 36.024 24.890 29.742 34.589 29.433 35.277 41.122 32.973 20.825 19.670 21.493 21.258 24.834 25.469 19.096 29.801 25.464 21.986 18.554 15.284 22.101 25.964 27.853 18.747 45.601 33.500 23.408 15.319 21.231 40.143 50.055 42.967 19.878 21.788 24.698 28.607 33.515 31.423 27.330 16.236 13.137 20.026 25.885 0.000 0.000 16.205 0.000 0.000 0.000 12.171 12.135 12.078 17.040 15.964 11.849 10.782 11.727 11.673 11.632 11.600 11.574 11.551 11.532 11.515 11.501 10.492 10.487 11.480 14.465 10.442
2.212 36.191 42.135 27.047 21.935 23.808 25.673 36.532 40.386 51.233 50.103 42.979 31.855 20.733 23.629 0.000 0.000 17.937 23.778 20.645 0.000 16.346 20.139 36.995 35.882 38.801 0.000 10.491 50.426 44.347 30.263 36.178 54.092 54.005 51.916 20.826 26.733 26.638 28.541 16.441 25.340 31.238 30.131 29.010 41.865 50.743 0.000 0.000 6.350 31.496 0.000 0.000 35.251 16.204 16.141 16.079 16.004 16.922 10.854 9.793 13.710 10.665 10.634 10.607 10.583 11.561 10.541 9.525 9.511 9.500 9.488 9.473 8.458
1.256 47.228 33.173 22.093 21.995 21.883 34.763 32.635 49.502 64.321 61.227 58.133 53.038 43.954 34.897 0.000 0.000 0.000 11.729 22.693 0.000 0.000 12.929 30.859 29.769 44.669 16.530 17.445 50.368 55.290 51.209 50.127 53.043 52.957 53.868 32.776 24.680 26.581 26.477 16.370 25.260 19.149 38.038 8.910 47.680 69.480 40.183 9.995 0.000 9.642 0.000 11.498 71.378 24.287 26.206 26.129 22.053 22.981 14.921 9.881 0.000 10.685 10.664 13.638 16.612 26.588 16.566 11.546 12.529 12.513 12.498 12.483 12.469
33.361 37.303 31.237 29.158 24.068 35.968 29.859 42.745 20.667 0.000 41.352 60.287 59.212 60.148 43.109 0.000 0.000 0.000 5.717 28.705 0.000 0.000 9.790 24.743 19.667 46.576 57.476 57.390 53.312 53.235 53.157 54.078 52.996 52.912 52.823 46.730 21.632 23.528 21.417 16.301 27.181 28.062 30.964 0.000 32.466 68.314 38.074 55.807 16.492 2.052 13.805 69.619 57.476 29.362 23.265 25.178 19.099 13.027 10.968 8.929 0.000 16.725 24.700 32.670 39.640 48.612 37.587 17.565 11.545 12.526 12.509 12.493 12.478
44.457 33.386 33.313 29.235 36.151 33.061 35.961 59.820 46.754 29.691 50.543 59.450 58.375 57.317 37.282 0.000 0.000 0.000 0.000 0.000 0.000 0.000 15.698 24.655 35.579 51.494 53.408 53.329 53.254 53.181 53.107 53.032 52.953 52.871 52.783 52.690 38.589 28.481 21.363 14.236 18.100 17.954 22.792 41.565 27.404 62.237 47.992 54.666 61.388 47.103 51.878 60.696 36.546 37.421 23.314 22.220 14.137 11.062 11.997 13.938 27.873 33.791 51.741 50.701 49.666 48.635 48.607 38.582 16.559 11.539 12.520 12.502 12.486
35.544 23.470 25.395 37.318 34.240 34.164 4.103 0.000 38.838 64.775 59.680 58.595 60.522 42.462 28.420 12.444 0.000 0.000 0.000 0.000 0.000 0.000 21.650 38.602 50.500 53.411 53.334 53.263 53.195 53.128 53.060 52.988 52.914 52.835 52.749 52.657 53.555 47.443 39.319 31.181 29.029 31.863 22.686 39.500 18.347 60.239 0.000 13.478 48.290 20.094 10.908 66.740 30.592 34.462 32.350 13.252 11.166 12.088 12.019 19.954 40.889 51.825 48.772 48.728 48.689 45.655 44.625 42.597 41.572 15.549 11.529 11.510 11.492
25.631 22.555 35.479 35.403 30.327 50.253 4.185 13.119 52.985 59.893 58.806 58.728 58.657 34.590 34.493 45.468 0.000 0.000 0.000 0.000 0.000 0.000 0.000 0.000 47.409 59.318 54.253 53.195 53.136 53.077 53.014 52.949 52.879 52.805 52.723 52.633 52.532 53.418 54.288 51.140 50.972 53.784 33.587 39.402 13.245 54.133 0.000 0.000 44.201 14.076 23.921 57.765 38.619 30.487 34.373 11.273 12.186 11.107 13.036 22.970 43.907 44.847 49.795 48.749 43.708 40.672 44.639 49.610 48.583 37.559 18.536 17.516 16.498
21.720 35.641 36.564 24.487 35.412 56.338 49.264 55.186 61.091 59.005 58.925 58.852 55.790 39.746 0.000 0.000 0.000 0.000 0.000 0.000 0.000 0.000 0.000 0.000 0.000 4.198 45.167 54.126 53.079 53.028 52.973 52.914 52.851 52.782 52.706 54.620 53.523 53.409 52.275 54.120 52.935 52.714 42.478 40.277 17.099 28.914 58.643 37.428 45.238 14.086 41.936 35.781 38.631 26.494 20.380 12.283 12.197 12.120 20.048 24.982 25.921 30.864 38.812 36.765 37.723 48.685 48.651 48.620 48.592 49.566 43.543 39.521 37.501
36.806 36.725 25.647 21.571 36.496 55.422 61.347 60.270 59.190 59.111 59.036 59.966 50.904 43.860 0.000 0.000 0.000 0.000 0.000 0.000 0.000 0.000 0.000 0.000 1.109 21.110 48.092 54.062 53.025 52.983 52.936 52.884 52.827 52.766 54.697 54.620 54.531 46.421 51.283 54.129 56.936 54.661 48.332 44.131 31.959 15.783 63.586 46.404 48.238 13.094 58.957 22.790 3.633 20.477 11.372 12.282 11.201 20.126 26.056 24.991 24.931 23.875 16.824 12.777 42.734 48.695 48.660 48.628 48.599 48.572 49.547 49.525 49.504
33.887 24.807 22.730 20.654 37.579 57.506 59.433 59.359 59.286 59.213 59.143 61.073 40.000 37.930 0.000 0.000 0.000 0.000 0.000 0.000 0.000 0.000 0.000 0.000 0.000 35.040 54.028 53.007 52.978 52.943 52.903 52.859 54.810 53.756 53.698 53.633 47.558 25.463 41.307 51.176 2.066 0.000 26.058 32.955 41.822 28.675 49.516 67.361 52.218 19.095 61.009 0.000 0.000 9.410 12.348 12.273 14.198 24.127 22.059 22.996 24.937 27.882 21.831 22.784 38.742 48.702 48.666 48.634 48.603 48.576 48.550 48.527 48.505
24.966 22.887 27.810 32.735 47.662 59.590 59.519 59.449 59.380 59.314 59.250 60.184 47.092 0.000 0.000 0.000 0.000 0.000 0.000 19.832 0.000 0.000 0.000 0.000 0.000 9.982 44.975 51.959 52.937 52.909 52.876 52.838 54.797 52.753 52.705 52.656 36.606 32.565 0.000 0.000 0.000 0.000 10.887 17.810 39.701 25.576 30.443 73.308 56.177 35.060 44.975 0.000 39.459 16.405 12.337 12.265 14.193 23.124 34.058 33.997 35.939 41.885 36.835 47.789 48.746 48.706 48.670 48.637 48.606 48.578 48.551 48.527 48.505
26.043 22.965 29.889 48.815 59.743 59.673 59.604 59.537 59.473 59.412 59.359 65.322 0.000 0.000 0.000 0.000 0.000 0.000 19.832 31.833 18.834 33.835 29.837 0.000 0.000 31.932 38.929 49.919 52.902 52.879 52.852 53.822 52.788 52.752 52.715 48.679 37.647 42.625 0.000 0.000 0.000 0.000 27.793 19.699 37.596 13.487 15.372 63.250 62.123 53.993 39.857 39.670 28.513 23.414 12.332 12.257 12.185 22.118 44.054 50.994 49.938 49.885 41.836 48.790 48.747 48.708 48.671 48.637 48.606 48.578 48.551 48.526 48.504
24.117 22.040 36.966 56.894 60.823 59.755 59.688 59.623 59.561 59.503 59.453 66.424 0.000 0.000 0.000 0.000 0.000 0.000 8.832 28.833 28.833 27.835 30.839 14.847 22.860 30.885 30.890 47.885 53.872 52.855 52.833 52.808 52.781 52.753 53.724 45.698 41.677 35.664 0.000 0.000 0.000 0.000 0.000 19.597 38.495 15.406 11.308 50.196 67.071 63.934 44.790 23.640 22.509 23.406 14.321 11.244 12.174 15.108 26.046 45.988 48.933 48.882 40.833 48.788 48.746 48.706 48.670 48.636 48.605 48.576 48.549 48.524 48.501
23.189 25.114 45.041 60.970 59.902 59.835 59.771 59.707 59.645 59.585 61.527 59.495 0.000 0.000 0.000 0.000 0.000 0.000 0.000 33.832 39.832 44.833 35.836 34.841 28.849 24.859 35.862 49.858 52.849 52.835 55.817 53.797 52.776 52.754 52.732 47.713 39.698 34.692 9.698 0.000 0.000 0.000 0.000 0.000 30.383 16.334 12.258 45.158 76.030 56.884 35.727 26.592 28.478 26.382 21.300 10.227 12.159 11.095 15.036 33.979 48.926 48.875 40.828 48.783 48.742 48.703 48.666 48.633 48.601 48.572 48.545 48.520 48.497
23.260 33.186 53.114 61.045 59.979 59.914 59.852 59.790 59.728 60.664 58.576 46.535 30.535 0.000 0.000 0.000 0.000 0.000 0.000 34.831 43.831 43.831 47.831 49.833 32.837 31.841 46.841 52.837 52.829 52.818 53.804 52.789 52.771 52.754 52.737 50.723 38.712 39.706 33.705 0.000 0.000 0.000 0.000 0.000 16.319 16.288 10.232 55.147 43.007 48.845 18.644 38.523 32.427 25.345 25.271 16.203 11.139 12.079 11.022 22.967 45.915 47.866 41.820 48.776 49.735 48.697 48.661 48.627 48.596 48.567 48.540 48.514 48.491
