results3/res_3e8f-0066.wd
ncols         241
nrows         181
xllcorner     12693529.787448
yllcorner     3542525.717860
cellsize      155.156523
NODATA_value  -9999.000000
[rows 96 to 127 of 181, columns 74 to 147 of 241]
53.312 53.304 53.300 52.299 51.302 53.308 56.318 64.331 23.344 0.000 0.000 0.000 0.000 38.943 54.001 55.074 41.156 43.262 69.262 86.266 90.234 90.447 88.504 96.313 96.190 90.165 89.854 89.701 89.592 89.489 89.389 89.291 92.194 77.100 6.012 0.000 0.000 0.000 0.000 0.000 0.000 18.313 25.189 24.069 21.960 49.844 10.672 0.000 0.000 23.567 28.418 28.310 28.223 26.154 21.098 22.055 22.024 22.003 23.994 0.000 28.058 0.000 0.000 0.000 0.000 0.000 0.000 25.124 54.124 54.123 54.121 54.119 54.117 52.114
53.325 53.318 53.313 52.311 51.313 55.316 59.322 63.329 21.334 0.000 0.000 0.000 0.000 19.016 62.089 57.172 63.275 76.367 85.409 89.422 90.476 89.667 96.530 96.425 89.515 90.284 89.936 89.847 89.739 89.636 89.537 93.436 56.325 28.212 0.000 0.000 0.000 0.000 0.000 0.000 20.871 25.617 24.425 26.297 23.201 47.136 0.000 0.000 18.965 25.715 41.508 30.367 27.266 23.192 21.135 21.093 22.063 22.044 22.039 27.053 23.058 14.058 0.000 0.000 0.000 21.112 23.113 22.116 54.117 54.117 54.116 54.114 54.113 52.112
53.336 53.328 53.323 51.321 53.321 59.322 60.324 58.328 45.330 6.329 0.000 0.000 0.000 0.000 15.169 11.248 51.405 82.523 86.582 90.581 90.797 88.960 96.625 88.839 90.612 90.172 90.102 91.985 90.880 89.781 89.686 95.590 18.457 0.000 0.000 0.000 0.000 0.000 2.533 41.400 41.126 28.859 25.599 36.490 31.414 32.362 0.000 0.000 17.216 21.821 32.532 28.383 32.284 26.212 29.158 28.118 25.090 22.072 21.064 21.064 27.064 0.000 0.000 0.000 0.000 18.111 18.111 28.111 54.112 54.111 54.111 54.110 54.110 28.111
53.344 53.337 52.332 52.328 57.327 60.327 57.327 53.328 53.328 47.328 3.328 0.000 0.000 0.000 0.000 0.000 9.572 67.740 92.790 90.839 90.037 96.785 96.710 89.812 90.504 90.345 90.230 91.120 91.016 89.920 93.838 52.780 0.000 0.000 0.000 0.000 0.000 0.000 13.652 39.555 51.374 19.095 0.814 30.652 33.601 31.537 35.460 32.240 29.862 0.000 23.417 27.349 42.274 48.214 51.168 49.133 44.108 37.090 32.080 27.075 5.069 0.000 0.000 0.000 0.000 0.000 17.108 29.107 53.107 54.106 54.106 54.105 52.105 0.000
53.349 52.343 50.338 54.335 59.332 60.331 60.328 54.328 51.328 56.328 56.328 17.328 0.000 13.001 42.975 19.938 0.000 56.079 96.002 91.280 91.318 96.847 89.142 90.925 90.573 90.479 90.361 90.248 90.142 92.047 90.967 26.913 0.000 0.000 0.000 0.000 0.000 0.000 17.867 23.797 34.719 0.000 0.000 25.846 33.802 32.725 36.605 36.398 7.129 0.000 18.369 32.323 37.250 58.203 59.167 59.139 60.117 61.102 59.092 40.087 0.000 0.000 0.000 0.000 0.000 0.000 16.105 29.103 53.102 54.102 54.101 54.100 47.100 7.099
52.354 52.348 55.343 58.340 59.337 34.336 0.000 27.328 63.328 36.328 10.328 2.327 0.000 24.026 73.987 70.900 62.722 81.418 92.520 89.494 96.934 90.440 91.241 90.802 90.730 90.606 90.488 90.370 91.257 89.158 77.070 23.991 0.000 0.000 0.000 0.000 0.000 21.329 28.152 26.048 26.985 0.132 0.000 32.084 50.036 42.956 37.836 12.617 0.000 0.000 1.369 0.000 31.201 56.181 60.158 58.138 58.121 58.108 60.099 33.095 27.096 27.096 33.096 0.000 0.000 0.000 0.000 28.099 53.098 54.097 54.097 54.096 37.095 0.000
51.357 56.351 59.347 59.343 59.341 24.340 0.000 0.000 6.328 0.000 0.000 0.000 0.000 17.092 80.046 85.956 93.820 93.699 90.781 97.309 97.077 90.418 91.125 90.970 90.854 90.736 90.614 90.487 96.360 46.257 14.163 0.000 0.000 0.000 0.000 0.000 12.655 30.506 26.365 26.257 25.189 31.197 0.000 25.369 51.302 50.228 48.168 0.000 0.000 0.000 0.000 0.000 29.171 58.162 62.148 59.134 58.121 56.110 45.103 26.098 22.097 23.096 7.096 0.000 0.000 0.000 0.000 24.095 53.094 54.094 54.093 50.091 17.089 22.086
57.359 59.354 59.350 57.347 63.344 33.342 0.000 0.000 0.000 0.000 0.000 0.000 0.000 28.203 86.147 89.066 92.907 92.098 92.077 97.516 89.826 91.526 91.195 91.103 90.987 90.870 94.746 100.605 55.437 24.347 0.000 0.000 0.000 0.000 0.000 13.923 36.805 30.676 23.546 28.425 32.316 29.207 27.017 40.723 44.576 34.487 42.439 0.000 0.000 0.000 0.000 0.000 35.152 59.147 64.139 63.129 59.118 54.109 23.103 21.099 22.098 29.097 0.000 0.000 0.000 0.000 18.091 22.092 51.091 54.090 54.089 48.088 19.086 18.084
59.360 59.356 58.353 36.349 2.345 21.343 23.343 0.000 0.000 0.000 0.000 0.000 19.489 72.370 86.283 89.168 91.300 92.279 97.879 97.705 90.814 91.511 91.345 91.234 91.122 95.010 56.895 16.750 0.000 34.346 20.346 0.000 0.000 0.000 0.000 22.042 55.964 46.848 41.718 36.582 37.444 35.297 36.121 48.929 42.791 26.704 28.663 0.000 0.000 0.000 0.000 0.000 35.137 63.135 28.133 26.125 58.113 61.106 31.101 22.098 27.097 0.000 0.000 0.000 0.000 0.000 0.000 18.090 36.088 52.087 55.086 48.085 19.084 18.082
59.361 55.358 59.355 41.353 0.000 12.343 42.343 0.000 0.000 0.000 0.000 9.708 71.607 85.507 91.416 91.370 91.491 98.188 98.038 90.164 91.932 91.576 91.482 91.365 91.255 95.153 67.075 0.000 0.000 4.346 7.346 0.000 0.000 0.000 0.000 9.241 41.159 46.036 55.894 51.742 39.583 42.415 51.243 46.081 33.957 25.877 26.845 0.957 1.979 0.000 0.000 0.000 33.125 67.124 0.000 0.000 7.104 54.101 44.098 25.096 4.096 0.000 0.000 0.000 0.000 0.000 0.000 0.000 15.085 41.084 51.083 44.082 20.081 18.080
54.362 53.359 69.356 48.354 0.000 11.342 39.342 0.000 0.000 0.000 3.888 67.809 80.724 90.643 93.509 92.735 90.747 98.326 89.492 91.259 87.811 89.734 91.608 91.493 92.381 86.274 76.176 24.176 0.000 0.000 0.000 0.000 0.000 0.000 0.000 31.520 36.397 36.244 38.081 46.910 49.729 52.538 46.355 33.197 27.078 26.003 24.973 28.996 13.988 0.000 0.000 0.000 22.114 59.111 25.104 14.101 6.099 49.096 55.093 35.091 0.000 0.000 0.000 0.000 0.000 0.000 0.000 0.000 10.082 34.082 39.081 26.080 18.080 18.079
60.363 56.361 0.000 0.000 0.000 2.342 2.342 0.000 0.000 0.000 4.966 83.916 85.848 93.745 92.895 91.897 98.570 98.453 91.459 91.141 90.976 90.854 89.735 90.617 92.500 49.385 0.313 0.000 0.000 0.000 0.000 0.000 1.056 17.630 32.352 42.923 39.666 38.461 35.275 36.089 38.887 50.652 51.443 43.273 32.156 25.084 25.048 27.042 0.000 0.000 0.000 0.000 7.106 49.104 27.100 23.099 23.096 55.091 58.088 41.085 4.081 0.000 37.074 0.000 0.000 0.000 0.000 0.000 13.081 37.079 32.079 18.079 18.078 17.078
62.363 49.361 0.000 0.000 0.000 0.000 11.342 0.000 0.000 0.000 71.095 81.043 92.972 92.950 92.075 98.776 98.676 90.790 92.556 92.201 92.102 91.979 91.858 93.738 43.619 0.000 0.000 0.000 0.000 0.000 0.000 16.580 33.282 45.860 41.502 40.155 39.882 39.661 40.469 38.285 37.077 10.740 29.493 54.295 36.190 24.128 27.094 25.083 13.090 0.000 0.000 0.000 8.102 41.097 19.095 0.000 0.000 11.084 48.082 37.080 46.077 53.075 12.074 0.000 0.000 0.000 0.000 0.000 0.000 28.077 26.077 19.077 21.077 19.078
54.362 53.361 29.360 0.000 0.000 0.000 0.000 0.000 0.000 24.401 84.275 91.189 93.088 93.226 91.327 98.867 91.093 92.866 92.425 92.349 92.223 93.103 93.981 55.860 0.000 0.000 0.000 0.000 0.000 0.000 36.295 46.878 42.456 41.025 40.642 40.314 40.047 39.832 39.654 39.505 48.396 0.000 0.000 22.225 31.182 23.144 32.118 32.105 14.097 0.000 0.000 0.000 0.000 25.090 62.087 30.082 0.000 4.078 49.077 43.076 34.074 34.073 0.000 0.000 0.000 0.000 0.000 0.000 0.000 7.075 18.075 19.075 0.000 0.000
0.361 56.360 54.359 43.359 2.358 0.000 0.000 0.000 15.639 74.527 88.418 94.324 93.280 92.410 99.021 98.949 92.047 92.739 92.581 92.464 93.348 95.227 56.104 0.000 0.000 0.000 0.000 0.000 23.633 34.305 45.712 42.182 41.639 38.142 37.729 37.410 38.162 39.966 39.810 42.687 19.605 0.000 0.000 2.197 27.170 26.147 44.131 40.122 0.000 0.000 0.000 0.000 0.000 9.085 54.081 66.077 23.074 49.074 63.073 55.072 31.071 24.070 0.000 0.000 0.000 0.000 0.000 0.000 0.000 13.073 19.073 23.073 0.000 0.000
0.000 58.359 48.359 55.358 47.358 8.358 0.004 8.852 75.751 84.648 94.556 93.402 93.636 91.634 99.083 91.351 93.136 92.789 92.699 93.585 94.478 48.352 0.000 0.000 0.000 0.000 0.000 36.312 46.961 44.571 43.067 44.499 43.777 49.175 53.721 48.435 41.224 35.060 38.932 44.830 2.732 0.000 0.000 0.000 30.154 31.145 53.136 41.130 0.000 0.000 0.000 0.000 0.000 0.000 49.074 58.073 63.071 59.071 59.070 63.069 47.068 26.066 27.064 0.000 0.000 0.000 0.000 0.000 15.071 20.071 18.071 23.071 0.000 0.000
0.000 26.358 77.358 40.358 0.000 0.000 14.037 73.953 78.863 92.776 93.632 93.866 91.758 99.170 91.621 93.424 92.993 92.929 93.812 90.700 45.626 0.000 0.000 0.000 0.000 0.000 38.989 46.663 44.329 43.951 47.485 21.969 0.497 1.972 18.545 44.385 46.241 47.120 39.027 39.968 0.954 0.000 0.000 0.000 11.148 29.142 36.137 35.134 0.000 0.000 0.000 0.000 0.000 0.000 40.070 53.069 58.068 59.068 60.067 56.067 52.066 37.064 25.061 29.059 35.058 0.000 0.000 0.000 0.000 18.071 19.070 21.070 0.000 0.000
0.000 3.358 78.358 65.358 0.000 0.000 21.121 82.060 89.983 93.873 95.015 95.003 99.509 99.301 92.577 93.287 93.141 93.037 87.928 77.776 28.701 0.000 0.000 0.000 27.834 36.657 48.316 45.024 44.739 48.421 25.953 0.000 0.000 0.000 4.390 42.320 39.233 43.152 49.090 49.054 27.060 0.000 0.000 0.000 0.000 31.138 25.136 32.135 0.000 0.000 0.000 0.000 0.000 2.065 27.066 44.065 58.065 53.065 46.065 48.065 9.064 34.063 43.060 36.058 32.057 0.000 0.000 0.000 0.000 0.000 13.069 18.068 23.067 0.000
0.000 0.000 6.358 55.358 0.000 9.369 75.266 87.184 94.104 94.066 94.193 99.884 99.702 91.878 93.670 93.330 93.252 86.157 52.085 0.000 0.000 0.000 0.409 46.188 40.010 47.823 45.593 45.376 46.184 24.041 0.000 0.000 0.000 0.000 3.306 45.271 39.220 39.167 41.125 45.098 47.091 0.000 0.000 0.000 0.000 12.136 31.135 6.135 0.000 0.000 0.000 0.000 0.000 0.000 23.063 34.062 41.062 33.062 30.062 0.000 0.000 0.000 27.057 31.056 40.055 0.000 0.000 0.000 0.000 0.000 7.068 18.067 19.067 0.000
0.000 0.000 0.000 0.000 9.554 78.473 83.388 94.314 94.188 95.421 95.447 100.054 92.191 93.963 93.524 93.457 83.349 72.257 36.171 0.000 0.000 0.000 40.518 62.359 47.197 39.030 46.859 44.703 47.582 17.517 0.000 0.000 0.000 0.000 34.258 41.238 40.207 40.173 37.144 33.124 35.115 0.000 0.000 0.000 0.000 0.000 38.134 0.000 0.000 0.000 0.000 0.000 0.000 0.000 25.060 24.060 23.059 21.059 27.059 0.000 0.000 0.000 2.055 25.054 43.053 0.000 0.000 0.000 0.000 0.000 0.000 11.067 24.066 37.066
0.000 0.000 0.000 0.000 81.636 80.579 94.509 94.411 95.565 95.589 100.363 100.213 93.149 94.826 92.663 78.541 67.442 41.349 0.000 0.000 0.000 34.836 52.684 52.535 59.388 47.244 37.108 42.995 52.924 55.928 19.085 0.000 0.000 0.000 46.230 40.218 40.198 39.175 35.154 29.138 30.130 0.000 0.000 0.000 0.000 0.000 11.133 19.132 0.000 0.000 0.000 0.000 0.000 3.058 27.058 21.058 22.057 22.057 24.056 7.055 0.000 0.000 0.000 12.052 33.051 11.049 0.000 0.000 0.000 0.000 0.000 6.066 2.066 0.000
0.000 0.000 0.000 20.863 81.773 93.701 94.629 95.600 97.745 100.642 100.505 92.468 94.225 90.870 79.763 68.609 40.525 0.000 0.000 0.000 37.128 57.988 43.848 35.709 49.575 61.449 49.336 52.246 53.191 40.186 46.242 25.314 0.000 6.211 38.214 34.206 41.192 36.175 28.158 27.145 31.139 0.000 0.000 0.000 0.000 0.000 0.000 38.131 0.000 0.000 0.000 0.000 0.000 0.000 9.057 24.056 22.055 22.055 22.054 30.053 0.000 0.000 0.000 0.000 14.049 25.047 31.046 0.000 0.000 0.000 0.000 0.000 0.000 0.000
0.000 0.000 0.000 63.953 89.893 95.829 94.711 94.949 92.997 100.773 92.761 94.518 89.081 78.007 52.881 0.000 0.000 0.000 0.000 37.388 58.268 45.141 34.010 33.880 35.755 46.640 61.540 52.461 37.408 45.385 47.385 21.385 0.000 3.209 63.208 50.201 39.189 33.174 29.159 26.146 27.140 21.138 0.000 0.000 0.000 0.000 0.000 17.131 0.000 0.000 0.000 0.000 0.000 0.000 0.000 26.053 22.054 22.053 22.053 24.052 8.051 0.000 0.000 0.000 0.000 22.046 25.045 0.000 0.000 0.000 0.000 0.000 0.000 0.000
0.000 0.000 67.211 64.103 70.025 84.927 96.082 93.121 101.015 100.897 93.695 89.375 78.223 57.112 0.000 0.000 19.549 0.000 0.000 62.507 45.417 34.298 35.170 34.045 36.926 50.818 59.725 60.650 44.596 40.560 51.528 25.456 0.000 0.000 0.000 7.200 0.000 0.000 0.000 30.141 37.138 38.137 24.136 0.000 0.000 0.000 0.000 0.000 0.000 0.000 0.000 0.000 0.000 0.000 0.000 26.051 25.052 28.052 23.052 20.051 29.050 0.000 0.000 0.000 2.044 36.045 41.045 0.000 0.000 0.000 0.000 0.000 0.000 0.000
0.000 6.411 68.318 65.227 66.146 76.113 92.261 101.240 101.129 92.981 89.741 77.407 51.327 0.000 0.000 36.593 35.549 17.474 1.245 50.717 34.596 35.463 34.330 35.203 50.086 55.981 19.891 10.819 62.766 48.731 26.711 0.000 0.000 0.000 0.000 0.000 0.000 0.000 0.000 48.137 42.136 39.135 35.135 0.000 0.000 0.000 0.000 0.000 0.000 0.000 0.000 0.000 0.000 0.000 14.048 23.049 0.000 0.000 0.000 23.050 27.049 0.000 0.000 0.000 4.044 40.044 9.044 0.000 0.000 0.000 0.000 0.000 0.000 0.000
81.581 69.504 66.423 64.347 65.222 66.456 70.508 101.347 92.224 87.981 77.568 51.523 0.000 0.000 0.000 40.638 38.580 58.463 42.261 34.976 35.787 34.628 37.484 57.352 54.233 35.129 31.040 35.970 63.919 60.887 24.875 0.000 0.000 0.000 0.000 0.000 0.000 0.000 0.000 55.135 55.134 50.134 41.133 0.000 0.000 0.000 0.000 0.000 0.000 0.000 0.000 0.000 0.000 0.000 26.047 28.048 0.000 0.000 0.000 26.049 27.049 0.000 0.000 0.000 0.000 11.044 0.000 0.000 0.000 0.000 0.000 0.000 0.000 0.000
79.657 93.602 85.532 70.434 71.585 63.623 101.549 101.449 71.099 75.778 51.676 0.000 0.000 0.000 0.000 42.741 55.669 53.538 35.354 35.139 34.948 45.778 57.626 46.489 35.367 35.261 35.172 36.102 45.051 63.024 59.028 20.086 0.000 0.000 0.000 0.000 0.000 0.000 0.000 41.134 43.133 55.132 56.131 12.130 0.000 0.000 0.000 0.000 0.000 0.000 0.000 0.000 0.000 18.046 28.047 5.047 0.000 0.000 0.000 27.048 25.048 0.000 0.000 0.000 0.000 0.000 0.000 0.000 0.000 0.000 0.000 0.000 0.000 0.000
92.790 95.714 95.641 90.609 80.757 101.741 101.645 63.221 58.012 0.000 0.000 0.000 0.000 0.000 0.000 53.917 58.817 34.665 36.480 36.279 48.087 56.911 38.752 35.610 35.485 35.376 35.285 35.213 35.161 44.131 64.125 57.146 31.179 22.192 26.195 0.000 0.000 0.000 0.000 0.000 21.132 61.131 61.130 22.130 0.000 0.000 0.000 0.000 0.000 0.000 0.000 0.000 0.000 7.046 6.046 0.000 0.000 0.000 0.000 7.048 34.048 0.000 0.000 0.000 0.000 0.000 0.000 0.000 0.000 0.000 0.000 0.000 0.000 0.000
95.901 95.832 95.712 99.947 90.998 101.836 63.269 65.927 60.707 0.000 0.000 0.000 0.000 0.000 47.394 59.193 36.018 36.826 36.620 44.410 57.211 35.028 35.863 35.716 35.586 35.474 35.380 35.306 35.250 35.213 39.195 40.193 35.199 36.202 43.198 25.198 0.000 0.000 0.000 0.000 0.000 16.130 52.129 15.129 0.000 0.000 0.000 0.000 0.000 0.000 0.000 0.000 0.000 0.000 0.000 0.000 0.000 0.000 0.000 0.000 0.000 0.000 0.000 0.000 0.000 0.000 0.000 0.000 0.000 0.000 0.000 0.000 0.000 0.000
92.011 95.917 97.072 94.111 102.019 101.927 67.839 52.160 0.000 0.000 0.000 0.000 0.000 0.000 64.595 41.443 37.235 37.003 38.764 59.532 39.318 36.126 35.956 35.804 35.670 35.553 35.457 35.379 35.320 35.278 34.249 33.232 36.223 18.220 0.000 0.000 0.000 0.000 0.000 0.000 0.000 0.000 45.128 33.127 0.111 0.000 0.000 0.000 0.000 0.000 0.000 0.000 0.000 0.000 0.000 0.000 0.000 0.000 0.000 0.000 0.000 0.000 0.000 0.000 0.000 0.000 0.000 0.000 0.000 0.000 0.000 0.000 0.000 0.000
71.120 75.092 71.243 102.201 102.110 79.446 60.462 51.114 0.000 0.000 0.000 0.000 0.000 0.000 39.950 35.748 35.479 34.185 46.900 39.637 33.403 34.203 34.030 33.876 33.735 34.613 35.513 35.435 35.375 34.328 32.291 34.262 34.243 31.234 21.232 24.228 26.224 25.221 27.219 0.000 0.000 0.000 0.000 42.126 14.125 0.000 0.000 0.000 0.000 0.000 0.000 0.000 0.000 0.000 0.000 0.000 0.000 0.000 0.000 0.000 0.000 0.000 0.000 0.000 0.000 0.000 0.000 0.000 0.000 0.000 0.000 0.000 0.000 0.000
108.190 73.431 103.483 102.289 62.109 52.648 0.000 65.998 24.145 0.000 0.000 0.000 0.000 83.977 62.506 33.120 40.747 51.360 50.014 45.713 43.454 43.253 43.087 41.935 35.783 31.650 35.549 35.474 35.416 34.369 34.327 38.281 38.255 39.241 49.233 49.228 45.224 38.220 37.217 16.215 0.000 0.000 0.000 1.125 7.125 0.000 0.000 0.000 0.000 0.000 0.000 0.000 0.000 0.000 0.000 0.000 0.000 0.000 0.000 0.000 0.000 0.000 0.000 0.000 0.000 0.000 0.000 0.000 0.000 0.000 0.000 0.000 0.000 0.000
