results3/res_3e8f-0080.wd
ncols         241
nrows         181
xllcorner     12693529.787448
yllcorner     3542525.717860
cellsize      155.156523
NODATA_value  -9999.000000
[rows 99 to 131 of 181, columns 73 to 145 of 241]
54.901 54.887 54.876 53.865 53.857 58.849 61.842 58.834 54.829 54.827 48.826 4.827 0.000 0.000 0.000 0.000 0.000 10.828 68.963 93.996 92.033 91.222 97.953 97.878 90.979 91.671 91.513 91.398 92.288 92.184 91.089 95.008 53.950 0.000 0.000 0.000 0.000 0.000 0.000 18.006 43.911 55.719 23.389 5.193 35.118 38.039 35.946 39.815 36.537 34.082 3.663 28.374 32.212 47.094 53.012 55.953 53.911 48.880 41.860 36.849 31.843 9.835 0.000 0.000 0.000 0.000 3.699 21.698 33.697 57.697 58.696 58.695 58.695
54.914 54.901 53.890 51.881 55.872 60.864 61.855 61.840 55.832 52.829 57.828 57.827 18.827 0.000 14.118 44.087 21.035 0.710 57.283 97.194 92.465 92.497 98.016 90.308 92.091 91.739 91.646 91.528 91.416 91.311 93.216 92.137 28.083 0.000 0.000 0.000 0.000 0.000 0.000 22.221 28.152 39.074 0.000 0.000 30.284 38.223 37.120 40.964 40.715 11.398 0.000 23.281 37.189 42.075 63.006 63.958 63.922 64.896 65.877 63.866 44.861 0.000 0.000 0.000 0.000 0.000 0.000 20.695 33.693 57.692 58.691 58.690 58.689
54.926 53.915 53.904 56.895 59.886 60.879 35.874 0.000 28.831 64.829 37.828 11.828 3.827 0.000 25.150 75.109 72.023 63.860 82.587 93.695 90.669 98.104 91.604 92.406 91.967 91.896 91.772 91.655 91.538 92.426 90.327 78.240 25.162 0.000 0.000 0.000 0.000 0.000 25.681 32.505 30.402 31.351 4.410 0.000 36.511 54.447 47.348 42.205 16.960 0.000 0.000 6.281 0.000 36.009 60.981 64.951 62.924 62.903 62.888 64.878 37.873 31.876 31.876 37.876 0.000 0.000 0.000 0.000 32.688 57.687 58.686 58.685 58.684
53.937 52.927 57.917 60.908 60.900 60.893 25.888 0.000 0.000 7.829 0.000 0.000 0.000 0.000 18.221 81.176 87.091 94.964 94.856 91.944 98.473 98.245 91.582 92.289 92.135 92.019 91.903 91.782 91.655 97.528 47.425 15.337 0.000 0.000 0.000 0.000 0.000 17.008 34.858 30.715 30.601 29.519 35.470 1.313 29.802 55.709 54.620 52.550 0.000 0.000 0.000 0.000 0.000 33.972 62.959 66.940 63.922 62.905 60.892 49.884 30.879 26.878 27.877 11.877 0.000 0.000 0.000 0.000 28.683 57.683 58.682 58.681 54.679
52.948 58.939 60.930 60.921 58.912 64.903 34.898 0.000 0.000 0.000 0.000 0.000 0.000 0.000 29.338 87.283 90.206 94.053 93.252 93.235 98.677 90.986 92.687 92.358 92.267 92.151 92.036 95.914 101.773 56.604 25.511 0.477 0.000 0.000 0.000 0.000 18.279 41.159 35.028 27.895 32.770 36.652 33.532 31.364 45.108 48.965 38.874 46.824 0.000 0.000 0.000 0.000 0.000 39.948 63.941 68.931 67.918 63.904 58.893 27.886 25.881 26.879 33.879 0.000 0.000 0.000 0.000 22.680 26.680 55.679 58.678 58.677 52.675
59.959 60.951 60.942 59.933 37.923 3.910 22.904 24.904 0.000 0.000 0.000 0.000 0.000 20.628 73.508 87.423 90.311 92.447 93.431 99.035 98.864 91.974 92.671 92.506 92.396 92.285 96.176 58.064 17.921 0.000 35.507 21.505 0.000 0.000 0.000 0.000 26.400 60.319 51.201 46.068 40.931 41.790 39.642 40.477 53.301 47.171 31.087 33.048 0.000 0.000 0.000 0.000 0.000 39.931 67.928 32.924 30.914 62.900 65.891 35.886 26.882 31.880 1.879 0.000 0.000 0.000 0.000 0.000 22.678 40.676 56.675 59.673 52.672
60.970 60.964 56.956 60.946 42.939 0.000 13.904 43.903 0.000 0.000 0.000 0.000 10.847 72.747 86.648 92.558 92.515 92.639 99.342 99.193 91.321 93.090 92.734 92.641 92.525 92.417 96.318 68.247 0.248 0.000 5.506 8.505 0.000 0.000 0.000 0.000 13.603 45.516 50.390 60.247 56.094 43.935 46.769 55.603 50.449 38.331 30.256 31.234 5.293 6.307 0.000 0.000 0.000 37.917 71.915 0.000 0.000 11.891 58.887 48.883 29.881 8.880 0.000 0.000 0.000 0.000 0.000 0.000 0.000 19.672 45.671 55.670 48.669
58.983 55.980 54.973 70.955 49.947 0.000 12.903 40.903 0.000 0.000 0.000 5.024 68.947 81.863 91.783 94.652 93.881 91.895 99.479 90.647 92.414 88.967 90.891 92.765 92.650 93.538 87.434 77.358 25.354 0.000 0.000 0.000 0.000 0.000 0.000 1.358 35.892 40.752 40.596 42.434 51.266 54.086 56.896 50.717 37.562 31.447 30.372 29.338 33.337 18.322 0.000 0.000 0.000 26.905 63.902 29.893 18.889 10.887 53.883 59.880 39.877 0.000 0.000 0.000 0.000 0.000 0.000 0.000 0.000 14.669 38.669 43.668 30.667
52.997 61.999 58.000 0.000 0.000 0.000 3.903 3.903 0.000 0.000 0.000 6.102 85.053 86.986 94.886 94.038 93.044 99.720 99.604 92.613 92.295 92.131 92.009 90.890 91.770 93.651 50.523 1.447 0.000 0.000 0.000 0.000 0.000 5.133 21.936 36.620 47.243 44.004 42.809 39.629 40.448 43.248 55.014 55.806 47.637 36.521 29.449 29.410 31.397 0.000 0.000 0.000 0.000 11.896 53.893 31.889 27.887 27.884 59.879 62.875 45.872 8.869 0.000 41.863 0.000 0.000 0.000 0.000 0.000 17.668 41.666 36.665 22.665
54.011 64.019 51.027 0.000 0.000 0.000 0.903 12.903 0.000 0.000 0.000 72.228 82.178 94.110 94.091 93.219 99.926 99.826 91.941 93.709 93.354 93.256 93.133 93.012 94.892 44.771 0.000 0.000 0.000 0.000 0.000 0.000 20.598 37.329 50.057 45.758 44.458 44.212 44.007 44.825 42.649 41.445 15.105 33.856 58.658 40.554 28.492 31.456 29.443 17.451 0.000 0.000 0.000 12.891 45.886 23.884 0.000 0.000 15.872 52.870 41.868 50.866 57.864 16.863 0.000 0.000 0.000 0.000 0.000 0.000 32.663 30.663 23.663
52.023 56.040 55.063 31.094 0.000 0.000 0.000 0.000 0.000 0.000 25.524 85.404 92.322 94.225 94.366 92.471 100.016 92.243 94.018 93.576 93.502 93.376 94.256 95.135 57.013 0.000 0.000 0.000 0.000 0.000 0.000 40.224 50.868 46.528 45.206 44.898 44.617 44.380 44.182 44.017 43.879 52.777 0.000 0.000 26.585 35.545 27.508 36.482 36.467 18.459 0.000 0.000 0.000 0.000 29.878 66.875 34.871 0.000 8.867 53.866 47.865 38.863 38.862 0.000 0.000 0.000 0.000 0.000 0.000 0.000 11.661 22.661 23.661
64.028 2.053 58.093 56.124 45.165 4.193 0.000 0.000 0.000 16.748 75.645 89.543 95.455 94.416 93.550 100.171 100.098 93.197 93.889 93.732 93.616 94.501 96.379 57.257 0.000 0.000 0.000 0.000 0.000 27.427 38.120 49.581 46.121 45.710 42.340 42.011 41.734 42.508 44.325 44.180 47.072 24.008 0.000 0.000 6.552 31.534 30.512 48.495 44.486 0.000 0.000 0.000 0.000 0.000 13.871 58.870 70.867 27.864 53.864 67.863 59.862 35.860 28.859 0.856 0.000 0.000 0.000 0.000 0.000 0.000 17.659 23.659 27.659
46.021 0.000 60.129 50.147 57.176 49.222 10.298 0.730 9.929 76.851 85.761 95.679 94.532 94.772 92.775 100.233 92.499 94.285 93.939 93.850 94.736 95.630 49.505 0.000 0.000 0.000 0.000 0.000 40.079 50.735 48.351 46.858 48.327 47.851 53.433 58.072 52.800 45.592 39.431 43.308 49.221 7.175 0.000 0.000 2.539 34.526 35.512 57.502 45.496 0.000 0.000 0.000 0.000 0.000 1.866 53.865 62.864 67.862 63.861 63.860 67.859 51.858 30.856 31.854 0.852 0.000 0.000 0.000 0.000 19.657 24.657 22.657 27.657
0.000 0.000 28.148 79.158 42.170 0.000 0.000 15.095 75.036 79.963 93.889 94.754 94.996 92.895 100.320 92.768 94.572 94.142 94.078 94.961 91.850 46.777 0.000 0.000 0.000 0.000 0.000 42.749 50.423 48.084 47.691 51.173 25.478 3.934 6.469 23.045 48.803 50.631 51.499 43.399 44.331 5.296 0.000 0.000 0.000 15.518 33.510 40.504 39.501 0.000 0.000 0.000 0.000 0.000 1.863 44.862 57.860 62.859 63.858 64.858 60.857 56.856 41.854 29.852 33.850 39.849 0.000 0.000 0.000 0.000 22.656 23.656 25.655
0.000 0.000 5.158 80.167 67.175 0.000 0.000 22.204 83.153 91.088 94.989 96.139 96.135 100.656 100.451 93.723 94.434 94.289 94.186 89.077 78.926 29.852 0.000 0.000 0.000 31.605 40.423 52.075 48.779 48.488 52.157 29.665 0.000 0.000 0.000 8.835 46.736 43.629 47.534 53.459 53.408 31.382 0.000 0.000 0.000 0.000 35.506 29.504 36.502 0.000 0.000 0.000 0.000 0.000 6.861 31.859 48.857 62.857 57.856 50.856 52.856 13.855 38.853 47.851 40.849 36.848 0.000 0.000 0.000 0.000 0.000 17.654 22.654
0.000 0.000 0.000 8.178 57.189 0.353 10.466 76.363 88.288 95.215 95.185 95.320 101.026 100.846 93.023 94.815 94.476 94.399 87.305 53.234 0.000 0.000 0.000 4.107 50.002 43.788 51.588 49.351 49.129 49.933 27.784 0.000 0.000 0.000 0.000 7.724 49.678 43.614 43.551 45.497 49.459 51.441 3.451 0.000 0.000 0.000 16.504 35.503 10.502 0.000 0.000 0.000 0.000 0.000 0.000 27.855 38.854 45.854 37.853 34.853 0.000 0.000 0.000 31.848 35.847 44.847 0.000 0.000 0.000 0.000 0.000 11.653 22.652
0.000 0.000 0.000 0.000 0.000 10.650 79.575 84.494 95.425 95.306 96.544 96.577 101.195 93.334 95.107 94.669 94.603 84.496 73.404 37.319 0.000 0.000 0.000 44.211 66.113 50.957 42.788 50.613 48.454 51.330 21.263 0.000 0.000 0.000 3.646 38.659 45.638 44.599 44.557 41.519 37.491 39.474 1.464 0.000 0.000 0.000 0.000 42.501 0.000 0.000 0.000 0.000 0.000 0.000 0.000 29.852 28.852 27.851 25.851 31.851 0.000 0.000 0.000 6.847 29.846 47.845 0.000 0.000 0.000 0.000 0.000 0.000 15.651
0.000 0.000 0.000 0.000 0.000 82.743 81.689 95.623 95.529 96.687 96.717 101.502 101.353 94.291 95.970 93.808 79.686 68.588 42.496 0.000 0.000 0.000 38.576 56.415 56.280 63.139 50.996 40.859 46.744 56.671 59.674 22.830 0.000 0.000 2.632 50.631 44.615 44.589 43.559 39.532 33.511 34.499 0.481 0.000 0.000 0.000 0.000 15.500 23.500 0.000 0.000 0.000 0.000 0.000 7.850 31.850 25.850 26.849 26.849 28.848 11.847 0.000 0.000 0.000 16.844 37.843 15.841 0.000 0.000 0.000 0.000 0.000 10.651
0.000 0.000 0.000 0.000 21.984 82.891 94.819 95.749 96.723 98.872 101.780 101.643 93.610 95.367 92.013 80.907 69.754 41.671 0.000 0.000 0.000 40.886 61.738 47.591 39.455 53.323 65.197 53.084 55.993 56.937 43.932 49.987 29.058 0.000 10.621 42.616 38.602 45.583 40.560 32.538 31.522 35.514 0.000 0.000 0.000 0.000 0.000 2.500 42.499 0.000 0.000 0.000 0.000 0.000 0.000 13.849 28.848 26.847 26.847 26.846 34.846 0.000 0.000 0.000 0.000 18.841 29.839 35.838 0.000 0.000 0.000 0.000 0.000
0.000 0.000 0.000 0.000 65.077 91.015 96.952 95.836 96.077 94.128 101.910 93.901 95.659 90.223 79.149 54.024 0.000 0.000 0.000 0.000 41.168 62.035 48.897 37.758 37.626 39.501 50.386 65.286 56.206 41.153 49.129 51.129 25.129 0.000 7.615 67.609 54.597 43.579 37.559 33.539 30.526 31.520 25.520 0.000 0.000 0.000 0.000 0.000 21.499 0.000 0.000 0.000 0.000 0.000 0.000 0.000 30.846 26.845 26.845 26.845 28.844 12.843 0.000 0.000 0.000 0.000 26.838 29.838 0.000 0.000 0.000 0.000 0.000
0.000 0.000 0.000 68.340 65.231 71.152 86.055 97.211 94.252 102.152 102.034 94.835 90.516 79.365 58.254 0.000 0.000 23.113 0.000 0.000 66.301 49.190 38.056 38.920 37.790 40.670 54.561 63.468 64.393 48.339 44.302 55.271 29.199 0.000 0.000 0.000 11.597 0.000 0.000 3.531 34.525 41.521 42.520 28.519 0.000 0.000 0.000 0.000 0.000 0.000 0.000 0.000 0.000 0.000 0.000 0.000 30.844 29.844 32.844 27.844 24.843 33.843 0.000 0.000 0.000 6.836 40.837 45.837 0.000 0.000 0.000 0.000 0.000
0.000 0.000 7.543 69.450 66.357 67.276 77.244 93.394 102.376 102.265 94.121 90.881 78.548 52.468 0.000 0.000 40.174 39.113 20.993 4.810 54.545 38.368 39.216 38.075 38.945 53.826 59.721 23.632 14.560 66.507 52.472 30.452 0.000 0.000 0.000 0.000 0.000 0.000 0.000 0.524 52.522 46.520 43.519 39.518 0.000 0.000 0.000 0.000 0.000 0.000 0.000 0.000 0.000 0.000 0.000 18.841 27.842 2.843 0.000 2.843 27.842 31.842 0.000 0.000 0.000 8.836 44.836 13.836 0.000 0.000 0.000 0.000 0.000
0.000 82.714 70.638 67.556 65.480 66.355 67.590 71.642 102.483 93.364 89.121 78.709 52.663 0.000 0.000 0.000 44.234 42.173 62.056 45.894 38.699 39.524 38.365 41.220 61.088 57.970 38.866 34.778 39.708 67.657 64.626 28.614 0.000 0.000 0.000 0.000 0.000 0.000 0.000 0.521 59.520 59.519 54.518 45.517 0.000 0.000 0.000 0.000 0.000 0.000 0.000 0.000 0.000 0.000 0.000 30.841 32.841 0.000 0.000 0.000 30.841 31.841 0.000 0.000 0.000 0.000 15.836 0.000 0.000 0.000 0.000 0.000 0.000
0.000 80.791 94.735 86.666 71.567 72.719 64.759 102.685 102.585 72.239 76.918 52.816 0.000 0.000 0.000 0.000 46.357 59.287 57.166 39.009 38.834 38.662 49.501 61.353 50.218 39.098 38.994 38.906 39.837 48.788 66.761 62.764 23.823 0.000 0.000 0.000 0.000 0.000 0.000 0.000 45.518 47.518 59.517 60.516 16.515 0.000 0.000 0.000 0.000 0.000 0.000 0.000 0.000 0.000 22.840 32.840 9.840 0.000 0.000 0.000 31.841 29.841 0.000 0.000 0.000 0.000 0.000 0.000 0.000 0.000 0.000 0.000 0.000
17.020 93.924 96.849 96.776 91.744 81.892 102.877 102.781 64.362 59.154 0.000 0.000 0.000 0.000 0.000 0.000 57.549 62.453 38.311 40.144 39.965 51.790 60.624 42.472 39.334 39.212 39.106 39.017 38.947 38.896 47.866 67.860 60.881 34.915 25.928 29.931 0.000 0.000 0.000 0.000 0.000 25.517 65.516 65.515 26.515 0.000 0.000 0.000 0.000 0.000 0.000 0.000 0.000 0.000 11.840 10.840 0.000 0.000 0.000 0.000 11.841 38.841 0.000 0.000 0.000 0.000 0.000 0.000 0.000 0.000 0.000 0.000 0.000
87.115 97.036 96.967 96.847 101.083 92.134 102.971 64.411 67.071 61.849 0.000 0.000 0.000 0.000 0.000 51.042 62.838 39.666 40.483 40.289 48.094 60.908 38.734 39.577 39.435 39.309 39.200 39.109 39.037 38.983 38.947 42.929 43.928 38.935 39.938 46.934 28.934 0.000 0.000 0.000 0.000 0.000 20.515 56.515 19.514 0.000 0.000 0.000 0.000 0.000 0.000 0.000 0.000 0.000 0.000 0.000 0.000 0.000 0.000 0.000 0.000 0.000 0.000 0.000 0.000 0.000 0.000 0.000 0.000 0.000 0.000 0.000 0.000
93.214 93.147 97.052 98.208 95.247 103.154 103.063 68.985 53.310 0.000 0.000 0.000 0.000 0.000 0.000 68.246 45.094 40.891 40.665 42.436 63.216 43.012 39.829 39.666 39.520 39.390 39.277 39.184 39.109 39.052 39.010 37.982 36.966 39.959 21.956 0.000 0.000 0.000 0.000 0.000 0.000 0.000 0.000 49.514 37.513 4.513 0.000 0.000 0.000 0.000 0.000 0.000 0.000 0.000 0.000 0.000 0.000 0.000 0.000 0.000 0.000 0.000 0.000 0.000 0.000 0.000 0.000 0.000 0.000 0.000 0.000 0.000 0.000
72.326 72.256 76.228 72.379 103.336 103.245 80.588 61.611 52.273 0.000 0.000 0.000 0.000 0.000 0.000 43.602 39.402 39.137 37.851 50.574 43.321 37.096 37.904 37.738 37.590 37.454 38.335 39.239 39.164 39.105 38.060 36.024 37.996 37.979 34.970 24.969 27.967 29.964 28.961 30.960 1.959 0.000 0.000 0.000 46.513 18.512 0.000 0.000 0.000 0.000 0.000 0.000 0.000 0.000 0.000 0.000 0.000 0.000 0.000 0.000 0.000 0.000 0.000 0.000 0.000 0.000 0.000 0.000 0.000 0.000 0.000 0.000 0.000
87.442 109.325 74.567 104.618 103.424 63.247 53.788 0.000 67.175 25.334 0.000 0.000 0.000 0.000 87.631 66.158 36.774 44.407 55.026 53.689 49.397 47.147 46.953 46.793 45.647 39.500 35.372 39.274 39.201 39.145 38.100 38.059 42.015 41.990 42.977 52.971 52.967 48.964 41.961 40.959 19.958 0.000 0.000 0.000 5.512 11.512 0.000 0.000 0.000 0.000 0.000 0.000 0.000 0.000 0.000 0.000 0.000 0.000 0.000 0.000 0.000 0.000 0.000 0.000 0.000 0.000 0.000 0.000 0.000 0.000 0.000 0.000 0.000
135.525 114.117 112.157 103.589 103.508 91.352 0.000 33.896 61.896 135.495 111.013 0.000 35.233 24.668 86.104 45.626 43.131 114.689 105.159 100.760 100.433 99.141 97.969 96.834 95.705 66.527 33.377 39.286 39.222 39.174 39.136 31.098 0.000 0.000 0.000 0.000 0.000 0.000 5.959 57.958 36.957 7.955 0.000 0.000 0.000 0.000 0.000 0.000 0.000 0.000 0.000 0.000 0.000 0.000 0.000 0.000 0.000 0.000 0.000 0.000 0.000 0.000 0.000 0.000 0.000 0.000 0.000 0.000 0.000 0.000 0.000 0.000 0.000
93.696 113.279 103.737 103.664 87.922 0.000 0.000 0.000 5.020 56.739 44.530 0.000 16.798 0.000 45.491 42.110 51.434 107.062 0.000 0.000 0.000 43.016 51.946 112.871 25.812 0.000 43.324 39.270 39.227 40.194 22.174 0.000 0.000 0.000 0.000 0.000 0.000 0.000 0.000 10.956 57.955 13.954 0.000 0.000 0.000 0.000 0.000 0.000 0.000 0.000 0.000 0.000 0.000 0.000 0.000 0.000 0.000 0.000 0.000 0.000 0.000 0.000 0.000 0.000 0.000 0.000 0.000 0.000 0.000 0.000 0.000 0.000 0.000
114.456 112.505 103.805 112.421 114.266 34.554 0.000 12.424 39.424 48.910 25.838 2.458 38.363 83.937 82.258 74.890 0.000 26.061 0.000 3.960 25.960 53.961 98.930 61.891 26.861 0.000 0.000 45.245 39.220 40.202 21.191 0.000 0.000 0.000 0.000 0.000 0.000 0.000 0.000 0.000 4.954 43.953 8.952 0.000 0.000 0.000 0.000 0.000 0.000 0.000 0.000 0.000 0.000 0.000 0.000 0.000 0.000 0.000 0.000 0.000 0.000 0.000 0.000 0.000 0.000 0.000 0.000 0.000 0.000 0.000 0.000 0.000 0.000
112.593 103.928 103.869 92.931 35.694 0.000 0.000 0.000 1.002 26.637 0.000 0.000 31.593 75.188 128.715 64.303 0.000 0.000 0.000 0.000 0.000 67.937 102.922 32.901 29.881 0.000 0.000 0.000 44.208 38.202 36.197 34.197 22.197 0.000 0.000 0.000 0.000 0.000 0.000 0.000 0.000 57.951 15.951 0.000 0.000 0.000 0.000 0.000 0.000 0.000 0.000 0.000 0.000 0.000 0.000 0.000 0.000 0.000 0.000 0.000 0.000 0.000 0.000 0.000 0.000 0.000 0.000 0.000 0.000 0.000 0.000 0.000 0.000
