results3/res_3e8f-0129.wd
ncols         241
nrows         181
xllcorner     12693529.787448
yllcorner     3542525.717860
cellsize      155.156523
NODATA_value  -9999.000000
[rows 66 to 98 of 181, columns 73 to 145 of 241]
70.167 34.156 0.000 59.306 76.284 75.254 75.227 0.000 46.633 46.617 59.628 55.638 54.618 54.573 53.505 129.407 117.238 0.000 0.000 0.000 49.992 44.930 49.837 52.777 52.729 54.686 55.645 60.599 61.556 62.510 53.453 0.000 0.000 50.775 100.775 82.687 86.545 86.628 84.677 92.600 85.081 85.557 86.294 85.064 84.839 85.632 55.475 0.000 0.000 0.000 0.000 0.000 0.000 0.000 37.608 35.585 35.548 35.497 35.435 35.371 39.303 52.230 49.157 34.083 45.007 53.933 32.861 35.791 41.721 46.652 42.584 36.517 34.452
55.168 61.144 0.000 47.522 71.487 70.459 64.462 17.546 0.000 0.000 52.706 65.784 54.784 53.753 54.709 35.668 0.000 0.000 0.000 0.000 0.000 0.000 60.768 58.743 56.714 39.680 42.640 49.594 50.560 55.527 46.490 0.000 0.000 0.000 61.013 78.920 85.855 85.944 93.032 92.824 85.156 85.842 85.550 85.337 85.124 79.934 37.800 0.000 1.989 34.989 0.000 0.000 0.000 43.680 38.650 35.618 35.578 35.529 35.472 35.409 35.343 35.273 42.202 56.129 57.056 39.984 33.913 34.843 35.774 39.707 38.640 34.574 34.509
57.177 56.109 60.974 58.774 72.682 65.633 66.616 63.630 0.000 0.000 0.000 68.007 62.980 57.945 59.912 6.889 0.000 0.000 0.000 0.000 0.000 0.000 59.723 55.714 46.704 0.000 0.000 47.578 59.562 58.548 0.000 0.000 6.714 63.595 55.344 59.167 66.243 81.302 93.227 84.901 86.453 86.014 85.823 85.603 83.386 66.180 44.990 50.989 48.989 29.989 0.000 0.000 0.000 1.713 52.693 34.660 35.619 39.569 47.513 37.452 35.386 34.318 38.248 53.176 60.105 52.034 37.964 32.895 34.827 34.760 34.695 34.629 33.565
57.217 55.142 59.038 69.919 63.833 56.775 75.740 64.727 16.744 0.000 10.403 60.258 76.184 71.137 71.104 74.086 0.000 0.000 0.000 0.000 5.665 5.671 57.687 48.687 51.683 0.000 0.000 0.000 95.562 122.555 37.555 0.000 62.832 57.731 57.571 57.479 53.561 93.584 93.411 85.950 89.553 86.297 86.086 85.868 77.639 30.409 0.000 52.989 30.989 0.000 0.000 0.000 40.830 39.790 38.750 34.711 38.667 50.616 55.560 53.498 46.433 36.365 45.295 53.224 32.153 38.082 51.013 47.945 43.879 51.813 32.749 34.684 32.620
55.274 61.202 71.119 63.031 54.955 54.894 67.843 75.795 71.760 74.687 76.548 71.438 66.363 68.313 57.281 56.265 0.000 0.000 0.000 6.655 62.658 61.662 49.667 51.665 52.657 56.639 55.629 0.000 6.568 0.559 0.000 9.211 69.051 61.925 56.766 57.858 55.904 93.742 55.572 63.159 77.753 85.571 86.354 84.145 42.892 0.000 0.000 0.000 0.000 0.000 0.000 41.894 35.870 35.841 35.806 36.767 46.721 55.669 54.611 54.549 50.482 46.413 56.343 39.271 34.200 35.130 35.062 44.995 57.930 44.866 32.803 33.740 39.676
61.341 72.275 62.204 55.131 56.064 56.003 57.942 41.851 67.815 65.753 57.665 54.581 53.517 69.471 71.442 58.428 0.000 0.000 0.000 62.652 58.652 55.652 48.653 52.650 52.643 52.631 52.618 11.599 14.576 15.553 17.506 85.370 82.241 71.113 70.071 59.069 94.022 93.888 57.627 64.274 59.048 65.849 84.618 59.466 0.000 0.000 0.000 0.000 0.000 0.000 0.000 41.918 35.915 35.897 35.868 36.829 45.782 55.728 54.668 53.603 50.535 55.464 49.392 33.319 35.247 35.177 35.109 45.043 52.979 31.918 34.857 37.796 56.731
72.414 62.354 55.290 56.226 56.165 57.112 38.072 0.000 24.896 52.845 55.776 55.706 55.652 53.613 77.589 61.577 0.000 0.000 0.000 39.648 56.644 50.643 51.641 52.638 52.632 52.625 52.615 63.602 3.585 7.577 24.594 77.522 87.422 9.312 91.235 81.427 94.139 56.203 69.845 66.487 56.356 53.158 49.804 34.635 0.000 0.000 37.467 0.000 0.000 0.000 0.000 37.946 35.974 35.966 35.939 35.899 36.850 42.793 50.730 50.662 50.590 54.516 32.441 35.366 35.293 34.222 40.153 57.088 40.027 33.968 36.913 17.856 18.778
62.492 55.436 56.377 56.317 56.259 59.207 15.162 13.127 6.027 50.957 55.887 57.816 55.772 54.742 72.722 68.713 0.000 0.000 0.000 0.000 47.635 50.634 52.632 52.629 52.625 52.620 54.614 40.608 0.000 0.000 74.769 77.704 88.614 94.486 88.590 86.627 94.238 77.254 79.956 64.796 57.700 50.626 0.000 0.000 0.000 0.000 35.467 0.000 0.000 0.000 0.000 0.000 39.070 36.054 36.022 35.979 35.926 35.865 35.797 42.724 50.647 38.569 35.490 35.412 35.336 38.264 51.195 51.131 33.071 35.017 37.970 4.937 0.000
55.575 56.521 56.464 56.406 56.349 56.294 60.243 61.193 61.128 57.067 57.001 36.898 53.878 54.859 70.845 69.841 0.000 0.000 0.000 0.000 46.627 52.626 52.623 52.620 52.618 52.616 40.615 0.000 0.000 3.147 80.010 85.913 88.813 88.760 87.838 94.373 86.739 89.455 84.143 69.083 59.023 58.019 58.155 0.000 0.000 0.000 32.467 39.467 32.467 0.000 0.000 0.000 54.183 35.156 36.117 36.068 36.010 36.943 35.870 35.790 35.707 35.622 35.538 35.456 34.377 40.302 55.233 32.168 35.110 35.058 37.014 11.985 0.000
56.662 56.609 56.552 56.494 56.435 56.377 56.323 56.273 56.226 56.183 60.151 0.000 46.983 55.970 71.960 66.965 3.009 0.000 0.000 0.000 51.621 54.619 54.614 54.612 52.610 55.611 0.000 0.000 0.000 72.284 78.211 89.125 89.006 89.115 87.163 94.580 87.874 92.517 88.408 89.341 77.291 65.271 54.291 49.291 51.291 0.000 0.000 38.468 33.467 39.463 40.448 38.412 44.323 54.271 36.222 37.167 46.103 53.030 34.948 35.860 35.768 35.675 35.584 34.496 39.413 58.336 52.265 41.201 34.142 35.090 37.044 52.003 69.958
56.752 56.699 56.643 56.584 56.521 56.457 56.399 59.350 57.319 56.290 60.268 0.000 47.102 56.079 73.058 65.049 5.054 0.000 0.000 0.000 24.617 34.613 33.605 33.601 54.602 39.606 0.000 0.000 0.000 74.495 84.428 89.339 89.297 88.401 95.216 94.916 88.940 89.783 88.640 88.583 89.528 80.484 45.448 0.000 0.000 0.000 0.000 36.470 36.472 33.472 35.471 36.464 35.427 42.383 56.334 39.274 37.205 47.124 35.033 35.933 35.830 35.727 35.627 35.532 43.444 56.364 43.291 55.227 33.169 34.117 39.070 60.025 71.979
56.845 56.792 56.736 56.677 56.609 59.530 61.466 33.409 54.410 57.389 59.363 19.339 50.243 55.187 67.145 65.118 6.104 0.000 0.000 0.000 0.000 0.000 0.331 0.381 35.589 0.000 0.000 0.000 22.942 72.772 89.665 89.546 89.662 87.748 95.487 87.528 93.234 88.929 88.883 88.815 88.755 78.689 39.569 0.000 0.000 0.000 0.000 0.000 39.477 40.483 27.500 35.546 36.536 36.503 40.454 56.393 39.318 36.229 36.126 36.011 35.892 35.776 33.665 39.562 58.467 39.384 38.310 52.246 36.189 34.139 41.093 67.049 72.006
56.940 56.888 56.834 56.777 58.708 34.588 36.527 0.000 16.523 52.494 56.456 60.410 56.344 59.280 64.218 69.174 8.139 0.000 0.000 0.000 0.000 0.000 50.465 57.468 0.000 0.000 0.000 6.231 82.111 83.990 89.883 89.839 88.958 95.977 95.741 88.591 89.306 89.177 89.107 89.043 87.989 67.949 0.000 0.000 0.000 0.000 0.000 0.000 0.000 31.483 0.000 42.685 39.670 35.636 35.588 37.525 54.446 43.349 35.231 36.092 35.953 34.820 39.696 41.582 40.480 37.393 35.320 35.258 35.204 36.156 49.113 71.073 72.034
57.035 56.984 56.935 56.891 61.856 0.000 0.000 22.758 14.666 48.607 57.556 55.503 57.442 69.373 41.271 35.222 0.190 0.000 0.000 0.000 0.000 48.442 54.449 56.452 0.000 0.000 0.000 69.351 74.282 88.193 90.076 90.206 88.301 96.195 88.092 89.767 89.461 89.402 89.327 89.262 81.207 58.169 0.000 0.000 0.000 0.000 0.000 0.000 0.000 0.000 0.000 46.840 41.821 35.786 33.736 36.672 36.593 52.491 45.355 36.175 37.006 34.854 41.717 41.591 38.477 32.389 35.320 35.262 37.213 51.169 70.130 72.095 75.063
58.128 56.077 56.032 55.994 58.971 28.980 25.939 57.850 62.774 56.713 54.658 61.604 71.549 74.498 0.000 0.000 0.000 0.000 0.000 0.000 0.000 16.440 23.443 25.445 0.000 0.000 0.000 71.540 79.475 89.386 90.378 89.416 96.596 96.401 89.124 89.828 89.690 89.612 89.539 89.471 71.408 53.351 0.000 0.000 0.000 0.000 0.000 0.000 0.000 0.000 0.000 45.014 42.989 42.949 39.898 32.836 34.762 35.666 51.525 51.248 48.043 44.874 37.726 36.588 33.447 34.367 35.308 39.258 59.216 71.178 71.144 72.114 71.089
72.216 71.166 70.121 68.083 65.053 66.029 65.988 62.929 63.869 65.813 65.760 71.707 73.650 31.574 0.000 0.000 0.000 0.000 0.000 0.000 0.000 0.000 0.000 0.000 0.000 10.056 17.976 72.794 89.685 90.593 90.543 89.771 96.777 88.601 90.276 89.963 89.898 89.817 89.745 87.677 69.602 40.477 0.000 0.000 0.000 0.000 0.000 0.000 0.000 0.000 0.000 35.213 39.173 42.124 43.070 42.013 38.952 34.888 28.830 0.000 0.000 0.000 0.000 0.000 37.358 35.324 38.285 59.248 72.214 71.182 72.154 75.130 71.109
68.298 70.248 69.204 71.165 73.129 72.096 71.056 69.008 66.959 66.910 67.862 63.814 63.769 0.000 0.000 0.000 0.000 0.000 0.000 0.000 0.000 0.000 0.000 0.000 0.000 59.136 82.079 80.975 89.881 90.768 90.895 88.997 96.946 90.695 90.301 90.177 90.092 90.015 89.947 85.889 65.847 0.000 0.000 0.000 0.000 0.000 0.000 0.000 0.000 0.000 42.597 37.452 34.368 36.303 41.245 43.193 43.145 44.105 35.078 0.000 0.000 0.000 0.000 0.000 38.302 36.286 52.262 73.235 71.209 71.184 71.161 72.141 71.124
56.375 56.326 57.282 64.241 73.204 79.168 67.130 61.090 56.048 54.007 52.964 58.917 37.843 0.000 0.000 0.000 0.000 0.000 0.000 0.000 0.000 0.000 0.000 0.000 0.000 65.273 81.227 89.150 91.063 91.030 90.159 97.245 97.102 92.714 90.520 90.359 90.282 90.205 90.137 85.084 60.052 0.000 0.000 0.000 0.000 0.000 0.000 0.000 0.000 42.865 37.743 37.630 37.543 36.474 33.416 38.369 42.332 43.307 40.299 0.000 0.000 0.000 0.000 41.251 35.263 39.256 67.242 71.223 71.203 71.183 71.165 71.149 71.135
55.446 55.399 59.355 64.315 66.278 69.243 59.208 55.173 56.138 56.104 58.072 36.047 0.000 0.000 0.000 0.000 0.000 0.000 0.000 0.000 0.000 0.000 0.000 0.000 0.000 51.457 80.405 90.334 91.232 91.361 89.469 97.377 90.265 91.938 90.618 90.552 90.464 90.385 90.315 81.258 54.223 0.000 0.000 0.000 0.000 0.000 0.000 0.000 42.101 37.987 37.879 37.782 37.700 37.633 37.578 34.535 33.505 36.494 43.512 43.597 0.000 0.000 0.000 35.239 36.241 54.236 71.225 70.211 70.196 71.181 71.166 71.153 71.143
55.513 55.467 57.425 58.387 56.351 55.317 56.285 55.255 55.226 55.199 60.173 5.152 0.000 0.000 0.000 0.000 0.000 0.000 0.000 0.000 0.000 0.000 0.000 0.000 2.830 59.694 88.604 91.520 91.489 90.619 97.617 97.502 93.264 90.964 90.819 90.729 90.640 90.557 91.478 71.409 59.361 0.000 0.000 41.725 0.000 41.482 43.436 43.350 38.214 38.104 38.006 37.919 37.843 37.779 37.728 37.688 36.661 33.650 42.658 43.682 36.682 0.000 0.000 43.227 35.225 43.221 49.212 52.202 56.190 62.178 68.166 70.156 70.148
56.576 56.532 56.492 56.455 56.421 55.390 55.362 55.336 55.313 54.292 62.271 13.235 0.000 0.000 0.000 0.000 0.000 0.000 0.000 0.000 0.000 0.000 0.000 0.000 43.966 79.883 90.797 91.687 91.827 89.919 97.721 90.719 92.392 91.076 91.000 90.904 90.812 90.722 91.633 63.539 41.450 0.000 0.000 37.725 0.000 36.528 38.478 38.399 38.302 38.209 38.122 38.043 37.974 37.915 37.866 37.828 35.802 37.788 43.787 40.793 0.000 0.000 0.000 42.216 41.214 40.209 39.202 38.193 37.184 41.174 52.165 48.157 50.151
54.635 54.593 54.555 54.520 54.489 54.460 54.435 55.414 57.397 59.387 34.383 1.391 0.000 0.000 0.000 0.000 0.000 0.000 0.000 2.195 11.187 0.000 0.000 14.328 55.186 86.079 91.976 91.965 90.993 97.903 97.817 93.711 91.416 91.266 91.172 91.077 90.982 90.888 86.792 33.666 0.000 0.000 0.000 37.726 43.705 38.624 38.547 38.467 38.386 38.307 38.231 38.159 38.095 38.039 37.993 37.956 34.930 43.914 43.909 39.909 0.000 0.000 0.000 41.207 40.204 41.200 41.194 41.186 41.178 41.171 40.163 40.157 39.151
55.689 55.650 58.615 62.582 65.553 69.527 71.505 74.488 73.476 65.473 3.486 14.532 38.583 6.608 0.000 0.000 0.000 0.000 0.000 42.203 69.179 9.141 0.000 48.470 81.371 91.263 92.163 92.093 91.317 97.977 90.151 91.836 91.519 91.443 91.344 91.248 91.152 92.056 78.980 0.000 0.000 0.000 0.000 17.746 37.767 38.714 40.621 40.537 38.469 38.402 38.334 38.269 38.208 38.155 38.110 35.074 40.048 43.031 44.024 35.026 0.000 0.000 0.000 25.202 46.197 46.192 43.186 40.180 40.173 41.167 42.160 42.155 41.151
57.741 56.705 63.671 72.641 73.614 72.590 71.570 70.555 67.546 61.545 36.556 53.581 71.610 40.633 24.655 0.671 0.000 0.000 13.272 52.235 66.185 5.102 23.943 65.710 90.563 93.448 92.290 92.502 90.478 98.040 92.137 91.852 91.703 91.610 91.516 91.421 91.320 93.206 37.093 0.000 0.000 0.000 0.000 0.000 33.903 39.844 20.685 20.591 37.551 38.497 38.435 38.373 38.314 38.262 37.218 35.182 44.155 44.138 41.133 35.144 41.190 0.000 0.000 0.000 57.189 72.186 65.180 61.174 57.168 53.162 56.157 56.153 39.149
57.789 57.756 60.725 63.697 62.672 60.650 58.631 56.617 54.608 54.605 63.611 65.624 62.642 59.659 63.674 11.687 0.000 0.000 53.310 83.280 34.225 30.140 64.016 87.865 92.734 92.591 92.711 90.665 98.123 90.545 92.259 91.945 91.873 91.779 91.689 91.599 94.501 51.353 0.000 0.000 0.000 0.000 0.000 0.000 36.098 41.075 0.000 0.000 34.648 38.600 38.537 38.473 38.414 38.362 35.318 43.282 44.254 43.234 34.225 38.226 38.237 0.000 0.000 0.000 25.185 55.182 73.174 72.168 72.162 72.157 72.153 66.150 56.147
57.834 57.805 57.777 56.751 56.727 57.705 57.687 57.673 55.663 56.658 61.658 64.665 60.674 55.686 58.696 13.703 0.000 0.000 45.378 55.348 33.295 66.217 81.117 90.001 92.886 92.820 91.919 98.499 98.263 91.537 92.266 92.123 92.035 91.946 91.861 91.784 94.732 0.000 0.000 10.107 19.107 0.000 0.000 37.414 40.315 39.283 46.323 0.000 34.792 38.720 38.640 38.568 38.507 36.455 38.410 44.373 44.343 36.321 37.306 38.298 38.295 0.000 0.000 0.000 0.000 0.000 55.167 71.161 71.156 71.152 71.149 72.146 72.144
57.879 57.852 57.826 57.802 57.779 57.758 57.740 56.725 55.713 59.704 63.700 63.701 58.706 54.714 59.721 12.726 0.000 0.000 41.476 10.441 57.388 81.318 87.232 93.142 92.995 93.207 91.197 98.709 90.959 92.671 92.358 92.288 92.197 92.109 92.025 98.946 82.912 0.000 6.106 56.107 42.107 0.000 0.000 32.514 40.467 39.418 39.363 45.239 43.008 41.848 38.733 38.654 38.592 35.539 43.495 44.457 40.425 35.400 38.381 38.364 40.352 44.362 0.000 0.000 0.000 0.000 0.000 68.152 71.149 71.146 71.144 72.141 70.139
57.924 57.899 57.874 57.851 57.829 57.808 56.790 55.774 57.760 61.747 64.737 60.733 55.735 54.742 57.750 39.754 26.748 27.705 23.608 24.553 64.498 85.434 91.361 93.255 93.398 91.391 99.077 98.901 91.967 92.681 92.535 92.445 92.356 92.270 97.182 40.062 55.058 25.096 56.106 64.108 0.000 0.000 0.000 31.660 40.620 39.559 39.475 49.344 60.154 33.931 43.792 39.722 36.666 38.617 44.573 43.534 34.501 37.475 38.452 38.428 25.384 26.373 0.000 0.000 0.000 0.000 0.000 49.145 70.143 71.141 71.139 75.137 71.135
57.970 57.945 57.921 57.898 57.877 57.857 55.838 55.821 59.804 66.787 67.768 63.759 58.759 56.768 56.783 58.791 58.786 67.758 8.698 42.664 80.617 87.559 93.494 93.465 92.601 99.390 99.238 92.326 93.107 92.769 92.695 92.600 92.512 92.432 100.372 0.000 38.162 40.123 30.113 32.110 0.000 0.000 0.000 34.846 40.795 39.723 45.632 61.510 38.332 0.000 24.783 37.774 35.736 43.690 44.645 40.605 37.572 38.545 38.525 40.511 0.000 0.000 0.000 0.000 0.000 0.000 41.141 22.141 61.138 71.135 71.134 76.132 71.130
58.015 57.991 57.967 57.945 57.924 56.903 55.885 57.867 64.850 41.829 17.791 16.774 13.774 43.788 60.824 55.841 58.848 39.842 1.821 47.788 85.745 91.700 93.594 93.842 91.869 99.530 92.662 93.439 93.008 92.949 92.844 92.750 92.660 93.576 91.503 13.446 13.304 0.000 0.000 0.000 0.000 0.000 34.223 42.083 39.992 38.907 58.819 62.732 0.000 0.000 0.000 33.856 39.813 44.761 44.713 34.670 38.636 38.609 38.591 41.581 0.000 0.000 0.000 0.000 0.000 0.000 20.141 0.000 49.131 71.130 71.129 77.127 71.125
58.060 58.036 58.013 57.990 56.969 55.949 57.930 60.913 68.899 27.889 0.000 0.000 0.000 0.000 42.882 57.901 58.923 44.943 46.953 72.921 89.886 93.816 93.995 92.021 99.776 99.659 93.644 93.339 93.192 93.089 92.991 92.895 92.801 95.707 80.617 9.531 0.000 0.000 0.000 0.000 0.000 0.000 34.362 41.272 40.181 38.096 66.004 26.868 0.000 0.000 40.093 44.980 44.898 44.830 42.774 37.728 38.692 38.665 38.649 40.641 0.000 44.721 0.000 0.000 0.000 0.000 0.000 0.000 42.125 71.125 71.124 71.123 71.122
58.103 58.080 58.057 58.035 57.013 55.993 59.974 63.957 67.945 25.938 0.000 0.000 0.000 0.000 22.920 65.959 61.001 67.052 80.072 89.059 93.026 94.039 93.195 99.984 99.884 92.981 93.757 93.416 93.333 93.231 93.134 93.040 96.943 59.835 31.726 0.000 0.000 0.000 0.000 0.000 0.000 36.780 41.592 40.463 42.366 39.289 63.235 0.000 0.000 35.342 42.205 58.074 46.970 43.888 39.825 37.776 37.738 38.712 38.697 38.695 43.714 39.721 30.721 0.000 0.000 0.000 38.116 40.117 39.120 71.120 71.120 71.119 71.119
58.146 58.123 58.101 58.079 56.057 58.035 64.015 64.997 62.984 49.981 10.994 0.000 0.000 0.000 0.000 19.014 15.069 55.192 86.225 90.216 94.163 94.338 92.467 100.075 92.294 94.073 93.640 93.576 95.466 94.368 93.275 93.187 99.095 21.965 0.000 0.000 0.000 0.000 0.000 18.280 57.182 56.967 44.764 41.621 52.531 47.461 48.411 9.415 0.000 33.480 38.312 49.143 45.019 48.929 42.862 45.811 44.774 41.748 38.732 37.726 37.728 43.728 0.000 0.000 0.000 0.000 35.115 35.116 45.116 71.117 71.116 71.116 71.116
