results3/res_3e8f-0177.wd
ncols         241
nrows         181
xllcorner     12693529.787448
yllcorner     3542525.717860
cellsize      155.156523
NODATA_value  -9999.000000
[rows 66 to 98 of 181, columns 73 to 145 of 241]
71.621 35.609 0.000 60.754 77.732 76.700 76.672 0.000 48.069 48.053 61.067 57.077 56.057 56.011 54.942 130.843 118.670 0.000 0.000 0.000 51.394 46.331 51.236 54.174 54.122 56.073 57.026 61.969 62.917 63.869 54.835 0.000 0.000 52.125 102.124 84.038 87.903 87.992 86.045 93.963 86.455 86.934 87.673 86.446 86.224 87.020 56.865 0.000 0.000 0.000 0.000 0.000 0.000 0.000 42.705 40.681 40.640 40.587 40.521 40.453 44.381 57.304 54.228 39.154 50.081 59.009 37.938 40.867 46.797 51.727 47.658 41.591 39.525
56.624 62.596 0.434 48.979 72.940 71.911 65.914 19.000 0.000 0.000 54.146 67.226 56.226 55.195 56.151 37.109 0.000 0.000 0.000 0.000 0.000 0.000 62.169 60.142 58.109 41.067 44.019 50.964 51.924 56.891 47.863 0.000 0.000 0.000 62.366 80.274 87.211 87.304 94.389 94.184 86.526 87.215 86.926 86.716 86.506 81.318 39.185 0.000 3.373 36.373 0.000 0.000 0.000 48.785 43.750 40.715 40.673 40.620 40.560 40.495 40.425 40.353 47.280 61.207 62.135 45.063 38.993 39.923 40.853 44.785 43.717 39.651 39.585
58.635 57.567 62.433 60.233 74.138 67.089 68.072 65.086 0.000 0.000 0.000 69.454 64.426 59.391 61.357 8.333 0.000 0.000 0.000 0.000 0.000 0.000 61.127 57.117 48.105 0.000 0.000 48.944 60.925 59.909 0.000 0.000 8.070 64.951 56.698 60.520 67.598 82.658 94.581 86.264 87.820 87.384 87.195 86.978 84.764 67.561 46.373 52.373 50.373 31.373 0.000 0.000 0.000 6.821 57.794 39.758 40.714 44.663 52.604 42.540 40.473 39.402 43.331 58.259 65.188 57.117 43.047 37.978 39.909 39.842 39.775 39.709 38.644
58.679 56.603 60.499 71.379 65.292 58.234 77.199 66.186 18.203 0.000 11.857 61.710 77.635 72.586 72.552 75.534 0.000 0.000 0.000 0.000 7.080 7.084 59.096 50.094 53.088 0.000 0.000 0.000 96.921 123.911 38.899 0.000 64.190 59.086 58.925 58.831 54.914 94.934 94.763 87.310 90.916 87.663 87.454 87.240 79.014 31.787 0.000 54.373 32.373 0.000 0.000 0.000 45.926 44.884 43.848 39.809 43.764 55.712 60.653 58.590 51.523 41.454 50.382 58.311 37.240 43.169 56.100 53.032 48.965 56.898 37.833 39.768 37.702
56.738 62.666 72.582 64.494 56.417 56.356 69.304 77.256 73.220 76.146 78.005 72.893 67.817 69.766 58.733 57.717 0.000 0.000 0.000 8.073 64.075 63.077 51.079 53.076 54.065 58.045 57.032 0.000 7.928 1.914 0.858 10.586 70.412 63.280 58.119 59.209 57.254 95.090 56.925 64.516 79.112 86.932 87.719 85.513 44.263 0.000 0.000 0.000 0.000 0.000 0.000 46.994 40.969 40.939 40.905 41.866 51.820 60.767 59.708 59.644 55.576 51.506 61.435 44.363 39.291 40.221 40.152 50.085 63.019 49.954 37.890 38.826 44.760
62.807 73.741 63.669 56.596 57.528 57.467 59.406 43.313 69.277 67.214 59.124 56.039 54.973 70.927 72.897 59.883 0.000 0.000 0.000 64.070 60.070 57.070 50.068 54.063 54.053 54.038 54.018 12.987 15.949 16.918 18.866 86.731 83.597 72.466 71.420 60.417 95.366 95.234 58.977 65.626 60.402 67.206 85.979 60.829 0.000 0.000 0.000 0.000 0.000 0.000 0.000 47.019 41.016 40.998 40.969 41.930 50.882 60.828 59.767 58.701 55.632 60.560 54.487 38.414 40.342 40.271 40.202 50.136 58.072 37.010 39.948 42.886 61.819
73.882 63.822 56.758 57.693 57.633 58.579 39.539 0.000 26.359 54.308 57.237 57.166 57.111 55.072 79.046 63.034 0.000 0.000 0.000 41.068 58.066 52.064 53.061 54.056 54.047 54.034 54.017 64.993 4.962 8.943 25.950 78.876 88.772 10.660 92.581 82.772 95.482 57.547 71.191 67.835 57.706 54.511 51.162 35.996 0.000 0.000 42.583 0.000 0.000 0.000 0.000 43.048 41.077 41.069 41.042 41.002 41.952 47.895 55.831 55.762 55.690 59.615 37.540 40.464 40.391 39.319 45.251 62.185 45.123 39.064 42.008 22.949 23.869
63.963 56.906 57.847 57.787 57.730 60.677 16.632 14.596 7.494 52.422 57.351 59.278 57.233 56.202 74.183 70.174 0.000 0.000 0.000 0.000 49.061 52.059 54.056 54.051 54.044 54.035 56.023 42.008 0.000 0.000 76.116 79.050 89.958 95.829 89.932 87.969 95.582 78.595 81.298 66.140 59.045 51.972 0.000 0.000 0.000 0.000 40.583 0.000 0.000 0.000 0.000 0.000 44.176 41.159 41.127 41.084 41.031 40.969 40.901 47.827 55.750 43.671 40.592 40.514 40.438 43.365 56.296 56.231 38.171 40.116 43.069 10.035 0.000
57.048 57.993 57.937 57.879 57.822 57.767 61.715 62.664 62.597 58.535 58.467 38.362 55.341 56.322 72.308 71.304 0.000 0.000 0.000 0.000 48.057 54.056 54.053 54.050 54.045 54.038 42.030 0.000 0.000 4.481 81.348 87.252 90.151 90.097 89.175 95.716 88.075 90.792 85.481 70.423 60.363 59.359 59.493 0.000 0.000 0.000 37.583 44.583 37.583 0.000 0.000 0.000 59.291 40.264 41.225 41.175 41.117 42.050 40.976 40.896 40.812 40.727 40.643 40.560 39.481 45.407 60.337 37.272 40.213 40.161 42.117 17.087 0.000
58.136 58.083 58.027 57.970 57.912 57.854 57.799 57.746 57.697 57.653 61.619 0.000 48.448 57.435 73.424 68.430 4.477 0.000 0.000 0.000 53.055 56.054 56.052 56.049 54.046 57.043 0.000 0.000 0.000 73.614 79.542 90.457 90.338 90.447 88.496 95.920 89.207 93.850 89.742 90.676 78.627 66.608 55.628 50.627 52.627 0.000 0.000 43.584 38.583 44.577 45.562 43.525 49.434 59.381 41.332 42.276 51.212 58.138 40.056 40.968 40.876 40.783 40.692 39.604 44.521 63.444 57.373 46.308 39.250 40.197 42.151 57.109 75.065
58.228 58.175 58.119 58.062 58.001 57.939 57.879 60.826 58.792 57.760 61.737 0.000 48.568 57.545 74.524 66.516 6.523 0.000 0.000 0.000 26.054 36.053 35.051 35.049 56.047 41.045 0.000 0.000 0.000 75.819 85.753 90.665 90.624 89.727 96.542 96.248 90.269 91.113 89.971 89.915 90.861 81.817 46.782 0.000 0.000 0.000 0.000 41.585 41.587 38.587 40.585 41.577 40.539 47.495 61.445 44.386 42.316 52.235 40.143 41.043 40.940 40.837 40.737 40.642 48.555 61.475 48.402 60.338 38.280 39.227 44.180 65.135 77.089
58.322 58.269 58.214 58.156 58.093 61.020 62.953 34.887 55.883 58.860 60.832 20.807 51.710 56.653 68.612 66.587 7.577 0.000 0.000 0.000 0.000 0.000 2.050 2.049 37.048 0.000 0.000 0.000 24.257 74.090 90.985 90.867 90.984 89.070 96.808 88.851 94.558 90.254 90.209 90.143 90.084 80.019 40.900 0.000 0.000 0.000 0.000 0.000 44.592 45.598 32.615 40.661 41.650 41.616 45.567 61.506 44.431 41.342 41.238 41.123 41.004 40.888 38.777 44.674 63.581 44.497 43.425 57.360 41.304 39.253 46.206 72.162 77.118
58.418 58.365 58.312 58.257 60.193 36.096 38.024 0.000 17.994 53.964 57.925 61.879 57.811 60.747 65.683 70.641 9.621 0.000 0.000 0.000 0.000 3.049 55.049 62.049 0.000 0.000 0.000 7.540 83.423 85.303 91.198 91.155 90.274 97.289 97.057 89.910 90.626 90.499 90.431 90.368 89.314 69.275 0.000 0.000 0.000 0.000 0.000 0.000 0.000 36.598 0.000 47.801 44.785 40.751 40.702 42.639 59.560 48.463 40.344 41.206 41.066 39.933 44.810 46.697 45.596 42.510 40.438 40.376 40.322 41.274 54.230 76.190 77.150
58.513 58.461 58.411 58.365 63.328 1.314 0.000 24.225 16.134 50.077 59.026 56.972 58.910 70.839 42.732 36.675 1.648 0.000 0.000 0.000 0.000 53.049 59.049 61.049 0.000 0.000 0.000 70.658 75.590 89.503 91.386 91.518 89.613 97.503 89.405 91.083 90.778 90.720 90.647 90.583 82.529 59.491 0.000 0.000 0.000 0.000 0.000 0.000 0.000 0.000 0.000 51.956 46.937 40.902 38.852 41.788 41.708 57.606 50.471 41.290 42.121 39.969 46.833 46.708 43.596 37.509 40.441 40.384 42.334 56.291 75.252 77.216 80.184
59.606 57.554 57.506 57.465 60.435 30.427 27.398 59.315 64.243 58.183 56.129 63.074 73.018 75.967 0.000 0.000 0.000 0.000 0.000 0.000 0.000 21.049 28.049 30.049 0.000 0.000 0.000 72.844 80.780 90.692 91.684 90.723 97.898 97.706 90.434 91.140 91.004 90.927 90.855 90.789 72.726 54.670 0.000 0.000 0.000 0.000 0.000 0.000 0.000 0.000 0.000 50.131 48.106 48.066 45.015 37.953 39.879 40.784 56.642 56.363 53.158 49.990 42.843 41.707 38.570 39.491 40.432 44.383 64.341 76.303 76.269 77.239 76.213
73.694 72.642 71.595 69.554 66.520 67.490 67.452 64.395 65.338 67.283 67.231 73.178 75.120 33.044 0.000 0.000 0.000 0.000 0.000 0.000 0.000 0.000 0.000 0.000 0.000 11.352 19.274 74.094 90.987 91.896 91.846 91.074 98.076 89.906 91.583 91.272 91.209 91.129 91.058 88.991 70.917 41.794 0.000 0.000 0.000 0.000 0.000 0.000 0.000 0.000 0.000 40.331 44.291 47.242 48.188 47.131 44.071 40.007 33.949 0.000 0.000 0.000 0.000 0.000 42.486 40.452 43.414 64.377 77.343 76.311 77.283 80.259 76.238
69.777 71.726 70.679 72.637 74.599 73.563 72.523 70.477 68.429 68.382 69.335 65.287 65.242 0.000 0.000 0.000 0.000 0.000 0.000 0.000 0.000 0.000 0.000 0.000 0.000 60.431 83.374 82.272 91.179 92.067 92.194 90.297 98.242 91.998 91.605 91.482 91.400 91.324 91.256 87.199 67.159 0.000 0.000 0.000 0.000 0.000 0.000 0.000 0.000 0.000 47.715 42.570 39.486 41.422 46.365 48.313 48.265 49.225 40.198 0.000 0.000 0.000 0.000 0.000 43.435 41.419 57.395 78.368 76.342 76.317 76.294 77.274 76.257
57.855 57.804 58.758 65.716 74.676 80.639 68.600 62.560 57.520 55.480 54.440 60.394 39.318 0.000 0.000 0.000 0.000 0.000 0.000 0.000 0.000 0.000 0.000 0.000 0.000 66.567 82.520 90.444 92.358 92.325 91.455 98.536 98.395 94.014 91.822 91.662 91.586 91.510 91.444 86.391 61.359 0.000 0.000 0.000 0.000 0.000 0.000 0.000 0.000 47.982 42.860 42.748 42.662 41.593 38.537 43.490 47.453 48.429 45.421 0.000 0.000 0.000 0.000 46.390 40.400 44.393 72.378 76.359 76.339 76.320 76.301 76.285 76.272
56.928 56.878 60.833 65.791 67.752 70.715 60.679 56.644 57.611 57.579 59.551 37.530 0.000 0.000 0.000 0.000 0.000 0.000 0.000 0.000 0.000 0.000 0.000 0.000 0.000 52.748 81.696 91.626 92.524 92.653 90.763 98.667 91.559 93.235 91.916 91.852 91.765 91.687 91.618 82.562 55.528 0.000 0.000 0.000 0.000 0.000 0.000 0.000 47.215 43.103 42.997 42.900 42.820 42.753 42.699 39.657 38.628 41.617 48.636 48.722 0.000 0.000 0.000 40.380 41.381 59.376 76.365 75.351 75.336 76.321 76.307 76.294 76.284
56.996 56.948 58.904 59.864 57.826 56.791 57.758 56.727 56.699 56.675 61.656 6.644 0.000 0.000 0.000 0.000 0.000 0.000 0.000 0.000 0.000 0.000 0.000 0.000 4.117 60.982 89.893 92.809 92.779 91.909 98.903 98.789 94.556 92.258 92.114 92.025 91.939 91.856 92.779 72.711 60.664 0.000 0.000 46.824 0.000 46.588 48.544 48.460 43.327 43.219 43.123 43.037 42.963 42.901 42.850 42.811 41.786 38.775 47.783 48.809 41.809 0.000 0.000 48.370 40.368 48.364 54.355 57.345 61.333 67.322 73.311 75.301 75.293
58.061 58.015 57.972 57.933 57.897 56.864 56.834 56.807 56.783 55.765 63.753 14.747 0.000 0.000 0.000 0.000 0.000 0.000 0.000 0.000 0.000 0.000 0.000 0.000 45.252 81.169 92.084 92.974 93.114 91.206 99.006 92.006 93.682 92.366 92.292 92.197 92.107 92.019 92.931 64.839 42.751 0.000 0.000 42.824 0.000 41.632 43.584 43.508 43.414 43.323 43.239 43.162 43.094 43.037 42.989 42.952 40.927 42.915 48.914 45.920 0.000 0.000 0.000 47.361 46.359 45.355 44.348 43.340 42.331 46.322 57.313 53.305 55.299
56.121 56.077 56.037 56.000 55.966 55.934 55.907 56.882 58.863 60.849 35.843 2.844 0.000 0.000 0.000 0.000 0.000 0.000 0.000 3.487 12.479 0.000 0.000 15.612 56.470 87.364 93.261 93.249 92.277 99.185 99.100 94.996 92.702 92.554 92.461 92.367 92.274 92.182 88.087 34.963 0.000 0.000 0.000 42.824 48.804 43.725 43.652 43.575 43.497 43.420 43.347 43.278 43.216 43.162 43.117 43.082 40.057 49.043 49.037 45.038 0.000 0.000 0.000 46.355 45.352 46.348 46.342 46.336 46.329 46.321 45.314 45.308 44.303
57.178 57.137 60.099 64.063 67.031 71.002 72.976 75.954 74.937 66.927 4.926 15.942 39.997 8.021 0.000 0.000 0.000 0.000 0.000 43.496 70.471 10.431 0.000 49.753 82.654 92.545 93.445 93.375 92.598 99.259 91.431 93.118 92.802 92.727 92.630 92.536 92.441 93.347 80.272 0.000 0.000 0.000 0.000 22.843 42.863 43.812 45.723 45.644 43.579 43.515 43.450 43.388 43.330 43.279 43.236 40.201 45.176 48.161 49.155 40.157 0.000 0.000 0.000 30.351 51.347 51.343 48.338 45.332 45.327 46.321 47.315 47.310 46.306
59.231 58.193 65.157 74.124 75.093 74.065 73.041 72.020 69.004 62.994 37.993 55.003 73.026 42.046 26.066 2.075 0.000 0.000 14.568 53.529 67.477 6.392 25.229 66.994 91.845 94.729 93.569 93.781 91.757 99.321 93.416 93.131 92.983 92.892 92.799 92.705 92.606 94.494 38.383 0.000 0.000 0.000 0.000 0.000 38.993 44.937 25.786 25.697 42.661 43.610 43.551 43.492 43.437 43.387 42.345 40.311 49.286 49.270 46.265 40.277 46.325 0.000 0.000 0.000 62.341 77.339 70.334 66.329 62.324 58.320 61.315 61.311 44.308
59.282 59.247 62.214 65.182 64.153 62.126 60.102 58.081 56.065 56.053 65.048 67.050 64.059 61.069 65.079 13.084 0.000 0.000 54.607 84.575 35.517 31.429 65.302 89.148 94.014 93.870 93.987 91.942 99.404 91.819 93.534 93.221 93.150 93.057 92.968 92.880 95.784 52.639 0.000 0.000 0.000 0.000 0.000 0.000 41.180 46.158 0.000 0.000 39.757 43.713 43.653 43.593 43.538 43.489 40.447 48.413 49.386 48.368 39.359 43.361 43.373 0.000 0.000 0.000 30.339 60.336 78.331 77.326 77.322 77.318 77.315 71.312 61.309
59.331 59.299 59.268 58.238 58.210 59.184 59.160 59.139 57.120 58.106 63.096 66.091 62.091 57.093 60.096 15.097 0.000 0.000 46.678 56.646 34.588 67.506 82.402 91.282 94.164 94.095 93.193 99.772 99.542 92.808 93.538 93.396 93.308 93.221 93.137 93.062 96.010 0.000 0.000 11.377 20.377 0.000 0.000 42.483 45.388 44.356 51.393 0.296 39.899 43.830 43.755 43.689 43.632 41.583 43.541 49.506 49.478 41.457 42.443 43.435 43.433 0.000 0.000 0.000 0.000 0.000 60.327 76.323 76.320 76.317 76.314 77.312 77.310
59.380 59.350 59.321 59.293 59.265 59.239 59.215 58.193 57.172 61.154 65.138 65.127 60.120 56.117 61.114 14.111 0.000 0.000 42.782 11.742 58.682 82.606 88.515 94.421 94.270 94.479 92.468 99.978 92.226 93.938 93.626 93.557 93.466 93.380 93.297 100.219 84.186 0.000 7.377 57.377 43.377 0.000 0.000 37.578 45.533 44.486 44.434 50.318 48.103 46.954 43.849 43.776 43.719 40.671 48.628 49.592 45.563 40.539 43.520 43.504 45.491 49.502 0.000 0.000 0.000 0.000 0.000 73.319 76.317 76.315 76.313 77.312 75.310
59.429 59.401 59.373 59.346 59.319 59.293 58.269 57.245 59.222 63.199 66.176 62.158 57.147 56.139 59.134 41.123 28.097 29.038 24.927 25.858 65.793 86.721 92.642 94.531 94.670 92.659 100.338 100.166 93.230 93.944 93.798 93.710 93.622 93.537 98.451 41.333 56.329 26.366 57.376 65.378 0.000 0.000 0.000 36.719 45.680 44.620 44.540 54.418 65.241 39.035 48.910 44.848 41.798 43.752 49.710 48.673 39.641 42.616 43.593 43.569 30.524 31.513 0.000 0.000 0.000 0.000 0.000 54.316 75.315 76.314 76.312 80.311 76.310
59.480 59.452 59.425 59.398 59.372 59.346 57.322 57.297 61.272 68.243 69.209 65.184 60.168 58.161 58.158 60.150 60.130 69.090 10.028 43.970 81.910 88.844 94.772 94.737 93.868 100.646 100.497 93.584 94.365 94.028 93.955 93.860 93.774 93.695 101.637 0.000 39.430 41.393 31.383 33.381 0.000 0.000 0.000 39.898 45.847 44.776 50.688 66.573 43.407 0.000 29.909 42.907 40.872 48.829 49.786 45.747 42.715 43.689 43.669 45.656 0.000 0.000 0.000 0.000 0.000 0.000 46.314 27.315 66.313 76.312 76.311 81.310 76.309
59.530 59.503 59.476 59.450 59.424 58.399 57.374 59.350 66.325 43.293 19.234 18.200 15.182 45.177 62.188 57.190 60.182 41.162 3.128 49.084 87.032 92.979 94.867 95.109 93.132 100.784 93.915 94.693 94.262 94.203 94.099 94.006 93.917 94.835 92.763 14.708 14.569 0.000 0.000 0.000 0.000 0.000 39.270 47.129 45.035 43.949 63.862 67.780 0.000 0.000 0.141 38.999 44.956 49.905 49.857 39.816 43.782 43.756 43.738 46.729 0.000 0.000 0.000 0.000 0.000 0.000 25.314 0.000 54.311 76.310 76.310 82.309 76.308
59.580 59.554 59.527 59.501 58.475 57.450 59.426 62.404 70.384 29.369 0.000 0.000 0.000 0.000 44.228 59.238 60.247 46.250 48.236 74.205 91.165 95.090 95.262 93.283 101.026 100.910 94.894 94.589 94.442 94.339 94.241 94.147 94.054 96.962 81.874 10.791 0.000 0.000 0.000 0.000 0.000 0.683 39.412 46.312 45.214 43.122 71.030 31.905 0.000 0.000 45.251 50.132 50.048 49.979 47.922 42.877 43.841 43.816 43.799 45.793 0.000 49.880 1.880 0.000 0.000 0.000 0.000 0.000 47.309 76.309 76.309 76.308 76.308
59.630 59.604 59.578 59.552 58.526 57.501 61.477 65.456 69.439 27.430 0.000 0.000 0.000 0.000 24.257 67.287 62.318 68.356 81.360 90.339 94.299 95.306 94.455 101.231 101.132 94.228 95.003 94.661 94.579 94.476 94.380 94.286 98.191 61.086 32.980 0.000 0.000 0.000 0.000 0.000 1.973 41.827 46.634 45.495 47.385 44.296 68.232 0.000 0.000 40.527 47.372 63.232 52.123 49.040 44.977 42.928 42.891 43.865 43.851 43.850 48.872 44.880 35.880 0.000 0.000 0.000 43.307 45.307 44.308 76.308 76.308 76.307 76.307
59.679 59.654 59.628 59.602 57.576 59.550 65.525 66.503 64.487 51.483 12.499 0.000 0.000 0.000 0.000 20.335 16.383 56.495 87.510 91.490 95.429 95.599 93.722 101.320 93.537 95.316 94.882 94.818 96.707 95.608 94.515 94.427 100.337 23.211 0.000 0.000 0.000 0.000 0.000 23.192 62.094 61.957 49.802 46.649 57.537 52.446 53.370 14.311 2.132 38.683 43.478 54.300 50.173 54.083 48.016 50.966 49.930 46.904 43.889 42.883 42.887 48.887 0.000 0.000 0.000 0.000 40.307 40.307 50.307 76.307 76.307 76.307 76.307
