results3/res_3e8f-0115.wd
ncols         241
nrows         181
xllcorner     12693529.787448
yllcorner     3542525.717860
cellsize      155.156523
NODATA_value  -9999.000000
[rows 132 to 164 of 181, columns 0 to 72 of 241]
94.362 99.362 103.362 103.361 105.360 105.358 99.357 90.355 76.352 65.350 64.347 65.343 64.339 63.334 68.329 82.324 93.317 98.309 98.300 95.290 87.278 78.263 69.245 63.222 68.192 70.158 69.118 70.073 68.035 63.001 76.967 99.934 66.907 0.000 0.000 0.000 6.567 58.559 70.553 67.528 69.507 75.492 93.487 79.485 63.487 62.490 62.495 74.502 95.509 36.517 9.527 4.545 0.000 0.000 0.000 0.000 0.000 0.000 0.000 0.000 0.000 0.000 0.000 0.000 26.232 6.154 10.076 50.976 73.830 77.729 77.620 87.706 115.170
72.367 74.367 77.366 83.365 93.364 99.363 104.361 104.359 97.357 83.354 72.351 66.347 70.343 77.338 90.333 105.327 104.320 101.312 101.303 104.293 104.280 100.266 88.248 76.227 68.201 63.172 64.140 63.107 64.076 72.047 94.022 102.000 13.987 0.000 0.000 0.000 16.574 44.582 62.612 71.606 72.589 69.568 70.565 80.563 75.560 68.558 72.555 80.553 93.552 34.552 20.553 26.564 6.575 0.000 0.000 0.000 0.000 0.000 0.000 0.000 0.000 0.000 0.000 0.000 8.310 0.000 58.100 80.020 75.899 84.870 75.932 115.294 104.052
64.372 64.371 64.371 66.370 71.369 75.367 82.366 91.364 99.361 102.358 96.355 94.351 96.347 99.343 98.337 91.331 82.324 80.317 80.308 85.297 91.285 98.271 101.255 100.236 89.214 79.190 74.164 72.138 81.113 97.091 98.073 84.059 17.053 0.000 0.000 0.000 0.000 0.000 45.708 72.696 51.673 39.627 54.641 69.641 84.634 88.625 90.615 91.604 87.594 14.586 1.574 29.581 26.587 14.594 20.597 14.598 0.000 0.000 0.000 0.000 0.000 0.000 42.533 12.481 78.388 100.321 133.174 89.146 84.197 65.153 101.217 105.731 105.638
65.377 65.376 65.376 65.375 64.374 63.373 65.371 70.369 76.366 86.364 96.360 98.356 91.352 81.347 75.342 67.336 63.330 63.322 63.313 65.304 70.292 76.279 83.264 95.248 100.229 102.209 101.188 97.168 100.148 93.131 75.118 67.111 46.113 4.137 0.000 0.000 0.000 0.000 38.817 71.795 14.779 0.000 47.733 72.724 91.711 99.695 85.675 88.653 74.635 32.624 0.000 56.598 25.599 17.598 28.599 28.599 0.083 0.000 0.000 0.000 0.000 29.640 48.585 121.524 150.445 133.325 116.878 115.822 107.492 106.131 106.006 105.874 71.096
65.382 65.382 65.381 65.380 65.379 65.378 65.376 64.374 64.372 67.369 73.366 72.362 68.358 64.353 64.348 64.342 65.336 65.329 65.321 65.311 64.301 63.289 65.276 71.262 78.246 87.229 95.212 91.196 80.181 68.168 64.158 69.153 77.153 53.160 31.163 31.148 17.113 18.052 53.947 74.890 24.868 6.877 66.834 98.811 100.791 79.768 82.737 81.698 69.669 58.650 9.632 37.614 11.612 0.160 12.602 0.061 2.151 0.139 0.000 0.000 0.000 10.697 73.641 79.559 75.545 76.703 74.676 106.465 106.360 106.249 73.446 76.224 78.094
65.388 65.387 65.387 65.386 65.385 65.384 65.382 65.380 65.378 65.375 64.372 64.368 64.364 65.359 65.354 65.349 65.343 65.336 65.329 65.320 65.311 65.301 65.289 64.277 63.263 64.250 68.236 66.223 65.211 69.201 72.194 71.189 69.187 71.186 71.182 68.167 68.139 72.095 47.031 32.949 21.927 39.929 84.914 98.896 78.874 71.847 70.809 50.733 46.693 9.676 0.000 0.000 0.323 2.399 0.000 0.000 6.153 21.128 36.081 6.014 19.930 82.780 89.765 87.836 85.820 86.900 106.661 106.565 87.694 94.485 87.338 93.111 84.952
65.394 65.393 65.393 65.392 65.391 65.390 65.389 65.387 65.384 65.382 65.379 65.375 65.370 65.365 65.361 65.356 65.351 65.345 65.338 64.331 71.322 73.313 65.303 64.293 63.282 64.270 66.259 69.249 72.240 71.232 66.226 67.222 74.219 77.216 73.211 67.200 64.181 73.157 4.133 0.000 6.962 79.997 88.997 75.983 67.963 87.938 33.918 0.000 0.000 0.333 1.414 1.417 1.413 2.411 0.000 0.000 31.180 73.150 102.103 63.037 95.919 104.075 101.036 100.125 106.930 106.844 106.754 99.780 101.657 101.355 100.216 99.148 17.064
65.400 65.400 65.399 65.398 65.398 65.397 65.395 65.393 65.391 65.389 68.386 68.382 66.377 70.372 68.367 65.363 65.359 65.354 64.348 62.342 73.334 81.326 67.318 64.309 66.300 69.291 71.282 70.274 67.267 69.261 74.257 76.254 77.252 77.250 72.246 66.239 75.230 94.219 13.211 0.000 0.000 54.101 77.094 74.079 78.054 98.026 32.007 0.000 1.411 1.412 1.418 1.424 1.419 3.420 0.000 29.290 81.239 97.187 100.117 105.114 102.278 99.268 107.164 107.090 107.012 99.091 99.876 100.750 100.431 100.403 93.334 70.242 0.000
65.406 65.406 65.406 65.405 65.404 65.403 65.402 65.401 65.399 66.397 73.394 73.390 50.385 18.377 39.373 69.371 63.368 66.364 72.359 75.353 75.347 71.340 67.333 68.325 71.318 70.311 69.304 71.298 75.293 75.289 77.287 76.285 67.285 62.284 64.283 77.282 96.280 106.279 28.281 0.000 0.000 29.212 85.201 87.182 94.151 93.104 29.077 0.000 1.411 0.000 0.443 1.442 0.000 7.430 33.403 77.349 99.267 102.283 101.372 101.373 100.466 107.305 107.236 99.297 100.098 100.960 100.747 100.602 100.560 92.493 84.451 0.000 0.000
65.413 65.413 65.412 65.412 65.411 65.410 65.409 65.408 65.407 67.405 76.403 87.400 63.397 0.391 6.377 54.380 80.378 72.375 70.371 70.366 68.360 67.354 69.348 71.342 69.336 65.330 67.325 79.321 81.318 71.316 65.315 62.316 62.317 67.319 81.322 97.325 94.329 78.337 50.352 18.386 12.383 56.333 85.314 67.298 58.263 50.162 15.119 0.000 0.000 20.468 11.466 1.460 0.000 26.468 77.438 99.352 101.547 100.538 100.647 107.502 107.439 107.373 99.359 101.244 100.956 100.831 100.776 100.704 94.628 81.565 71.528 0.000 0.000
65.420 65.420 65.419 65.419 65.418 65.418 65.417 65.416 65.415 67.414 77.412 64.410 20.406 2.412 0.000 22.393 76.391 68.387 70.383 69.379 67.374 70.369 71.364 68.359 65.354 61.349 71.345 85.343 72.341 62.341 63.343 68.345 78.349 89.353 100.359 93.366 71.375 66.387 85.404 92.423 93.430 97.424 72.426 33.433 5.441 0.000 0.000 0.000 0.000 33.470 20.472 0.557 31.577 77.511 99.530 101.717 100.734 107.674 107.619 107.562 99.628 100.427 101.316 101.014 100.999 100.940 100.865 101.774 89.694 60.609 49.569 7.569 1.569
64.427 64.427 65.426 65.426 65.426 65.425 65.425 65.424 65.423 68.423 78.422 49.421 0.000 8.420 46.418 48.409 65.404 67.400 55.396 37.392 75.388 70.384 66.379 65.375 63.371 65.367 81.365 84.363 66.364 69.365 81.369 90.374 99.380 97.387 85.395 71.406 64.418 80.434 84.452 72.472 53.490 51.507 39.531 19.567 8.627 2.749 0.926 20.987 15.991 0.000 0.000 25.656 77.679 100.780 101.799 99.910 107.778 107.727 99.792 100.604 101.481 101.288 101.166 101.142 101.089 101.038 103.969 67.836 47.765 0.000 0.000 0.000 0.000
73.434 71.434 68.433 66.433 63.433 63.433 63.433 63.433 62.432 67.432 79.431 62.431 43.433 51.429 69.425 65.420 62.416 68.412 63.409 50.405 70.402 64.398 63.395 63.391 65.388 79.385 87.383 53.383 45.384 95.388 100.394 95.401 84.409 74.419 66.430 62.443 73.459 85.477 53.499 28.524 11.552 2.584 19.625 18.678 8.749 9.846 12.950 40.999 24.995 0.000 0.000 57.913 99.942 99.063 107.923 107.877 107.828 99.830 101.723 101.448 101.340 101.309 103.266 98.215 100.185 101.157 112.135 0.000 0.000 0.000 0.000 0.000 0.000
74.443 76.441 82.439 83.439 83.440 80.441 81.441 80.441 79.441 79.441 81.440 64.440 68.440 67.437 64.435 67.431 67.428 66.425 71.422 73.419 67.416 61.413 63.410 65.407 79.404 84.401 73.400 67.400 76.402 99.409 82.418 73.427 65.438 63.449 65.463 64.478 78.496 87.518 51.543 27.573 15.609 17.652 20.706 12.771 13.848 19.934 22.015 15.065 0.000 0.000 36.146 78.158 108.050 108.010 107.968 100.065 100.871 101.768 101.477 101.473 102.430 102.385 75.340 53.277 88.276 102.270 107.279 47.337 0.000 0.000 0.000 0.000 0.000
67.452 61.450 14.444 16.444 25.448 72.449 69.450 69.450 69.450 73.450 82.449 63.449 64.448 63.446 66.444 70.442 71.439 69.437 68.435 71.432 72.430 69.428 63.426 80.423 86.420 77.417 83.414 100.414 97.418 79.426 67.440 63.453 65.465 65.478 64.493 69.510 85.530 87.554 79.582 82.616 53.658 15.710 7.775 6.852 18.937 26.026 16.111 13.182 5.210 31.337 79.329 108.124 108.088 100.209 101.018 101.903 101.716 101.602 101.586 102.539 100.498 94.457 19.436 0.000 70.372 105.369 102.375 101.395 0.000 0.000 0.000 0.000 0.000
65.463 57.463 0.000 0.000 7.458 68.459 64.459 64.459 64.459 68.459 82.458 60.458 64.457 68.456 70.454 71.453 68.451 65.449 63.448 65.446 75.444 88.443 83.441 84.440 61.437 55.433 107.427 93.424 60.427 20.439 40.464 68.479 65.492 65.505 67.521 60.539 44.561 34.586 46.616 86.652 62.696 15.755 10.832 5.927 15.022 20.122 14.225 19.314 19.402 57.486 108.177 99.399 103.138 102.042 101.855 101.745 101.721 101.685 102.643 102.606 67.566 43.511 29.510 32.516 83.472 104.457 100.457 91.472 9.507 0.000 0.000 0.000 0.000
65.474 65.475 48.480 0.000 8.468 69.468 65.468 65.468 64.468 65.468 80.468 67.467 70.467 72.466 71.465 66.464 63.462 64.461 64.460 63.459 73.459 96.458 92.457 79.457 72.455 63.450 39.435 28.429 15.428 0.000 21.499 70.507 65.517 67.531 50.546 24.565 9.588 6.614 48.644 65.678 34.720 6.782 9.871 15.000 22.102 18.215 12.352 5.490 8.817 56.731 108.246 102.288 102.048 101.870 101.854 101.819 101.778 101.740 99.705 90.674 23.651 0.000 40.576 99.565 104.543 102.529 96.526 86.531 4.541 0.000 0.000 0.000 0.000
62.483 64.484 61.486 0.000 4.478 69.478 64.478 62.478 64.478 68.477 72.477 71.477 71.476 69.476 63.475 64.475 64.474 65.473 65.473 70.473 88.473 87.473 80.474 89.475 87.476 58.477 0.000 0.000 0.000 0.000 19.526 70.531 65.541 68.554 39.569 1.590 35.613 61.638 81.667 50.697 2.722 0.000 0.000 4.101 14.172 14.286 14.447 8.781 5.765 108.438 108.344 101.194 102.040 101.941 101.907 101.868 101.832 103.796 88.763 71.734 31.712 7.701 55.653 85.626 94.606 103.592 92.585 81.584 3.586 0.000 0.000 0.000 0.000
69.492 67.492 56.493 0.000 55.488 63.488 65.488 69.487 70.487 71.487 69.487 70.486 68.486 64.486 64.486 65.486 65.486 64.485 66.486 89.486 88.487 70.488 83.490 81.493 85.497 83.506 46.527 2.540 11.548 41.551 46.548 66.552 65.561 65.574 60.590 52.610 69.633 68.659 62.689 84.722 32.750 0.000 0.000 8.132 13.198 11.303 12.437 36.633 61.062 108.525 103.524 103.270 103.010 101.996 101.957 101.920 102.884 100.849 55.817 32.787 44.762 45.738 99.707 101.682 81.662 91.648 86.638 59.634 24.633 0.000 0.000 0.000 0.000
70.500 71.500 68.501 56.503 70.499 70.498 70.497 71.497 71.497 72.496 84.496 66.496 64.496 64.496 65.497 65.497 65.497 66.497 80.498 91.499 66.500 70.502 97.505 89.509 77.514 80.523 83.535 67.545 72.553 87.558 80.562 68.568 61.577 61.590 72.606 88.626 75.649 47.676 19.709 74.749 63.807 12.904 15.996 21.096 17.185 8.294 10.379 51.674 103.925 108.606 100.504 103.154 104.082 102.044 102.007 101.970 94.934 84.900 41.867 12.837 21.809 22.783 83.756 125.733 106.713 82.698 74.687 53.681 62.678 15.678 0.000 1.845 5.845
75.507 75.507 71.508 71.508 71.507 72.507 72.506 68.506 65.506 64.506 27.506 17.506 68.506 65.507 65.507 65.508 64.508 67.509 91.510 77.511 62.513 68.516 85.519 102.523 97.529 94.536 92.545 88.553 84.560 83.567 91.573 88.580 82.590 78.603 81.619 85.638 47.661 11.688 10.720 26.760 22.825 7.908 16.989 27.069 23.157 14.275 7.436 50.684 108.755 108.682 103.399 105.241 102.128 102.095 103.056 99.019 82.983 75.948 81.916 87.885 71.856 93.828 108.803 125.779 134.759 118.743 80.732 85.724 60.721 0.000 0.000 0.000 0.000
14.515 15.515 75.515 70.515 70.516 65.515 62.515 64.515 59.515 12.516 12.516 1.516 69.517 65.517 65.518 65.518 65.519 83.520 90.522 63.524 65.526 65.528 68.532 74.536 76.541 76.548 72.555 75.562 91.569 84.575 75.582 78.591 85.601 89.613 92.629 89.647 64.670 29.696 12.723 11.746 0.000 0.928 11.983 21.034 5.095 0.000 20.623 80.864 108.826 100.745 104.467 104.203 102.186 102.143 103.104 98.067 85.030 50.995 57.962 100.930 111.901 143.872 134.846 106.822 94.802 111.785 90.772 84.764 59.760 0.000 0.000 0.000 0.000
1.524 10.523 24.520 79.523 64.524 62.524 64.524 64.524 65.525 12.525 3.526 58.527 66.527 65.528 65.528 65.529 67.530 91.532 76.533 62.535 65.538 65.540 65.544 64.548 64.553 64.559 63.565 70.571 99.577 78.584 9.591 17.599 29.609 80.621 90.635 74.652 79.674 66.702 18.731 15.756 0.829 5.902 18.942 10.988 0.000 0.000 38.777 108.961 108.894 103.628 105.365 101.272 102.231 102.191 102.151 102.113 89.076 52.041 67.007 103.974 99.944 133.914 128.887 97.862 102.840 88.822 69.808 87.799 65.795 0.000 0.000 0.000 0.000
63.534 59.533 0.000 71.533 81.533 82.533 63.533 75.534 82.534 58.535 56.535 66.536 65.537 65.538 65.539 65.540 84.541 88.543 63.544 65.546 64.549 63.552 65.555 65.559 65.564 65.569 64.574 72.580 101.586 82.592 28.599 1.606 52.616 77.626 90.638 69.653 59.674 18.706 11.742 14.776 12.822 20.868 24.895 0.000 0.000 17.710 79.950 109.026 100.888 104.606 104.346 102.323 102.278 102.237 102.197 103.158 94.121 83.085 106.050 131.017 118.985 135.955 132.926 126.899 133.876 99.855 76.839 86.829 94.826 23.836 0.000 0.000 0.000
65.542 64.543 59.546 65.543 64.542 12.542 86.542 78.543 65.543 66.544 66.545 65.546 65.547 65.548 65.549 68.550 91.552 74.553 64.555 65.557 71.560 79.563 65.567 63.570 65.574 64.579 67.584 91.589 99.594 74.600 62.606 50.613 72.620 71.628 32.638 17.649 14.661 0.000 3.756 3.784 4.820 5.854 7.875 0.000 20.802 77.935 100.087 109.089 101.850 102.490 102.410 102.366 102.323 102.281 102.241 103.202 94.164 77.128 73.092 106.058 96.025 109.993 112.963 100.934 102.907 74.884 51.865 65.852 132.846 85.846 20.848 10.848 32.847
65.550 65.550 65.551 65.551 65.550 59.551 75.551 91.552 67.552 64.553 65.554 65.555 65.556 65.558 64.559 87.561 89.562 63.564 65.566 66.568 63.571 25.574 84.577 79.581 66.585 64.589 82.593 101.597 85.602 65.607 65.612 66.618 69.623 73.629 10.637 11.643 0.000 0.735 15.743 0.000 0.000 0.000 0.000 0.000 43.937 101.084 109.210 109.150 101.736 102.567 102.449 102.410 102.367 102.325 102.284 101.245 86.207 88.169 108.133 127.098 126.064 131.030 135.998 122.966 120.936 107.908 56.885 54.868 130.858 94.853 32.850 25.848 90.847
65.558 65.558 65.558 65.558 65.559 65.559 65.560 76.560 91.561 67.562 64.563 65.565 65.566 63.568 71.569 92.571 72.572 64.574 66.576 64.577 6.581 3.585 72.588 73.591 79.595 78.598 86.602 85.606 66.610 64.614 66.618 69.623 74.627 74.630 0.000 0.000 0.000 2.728 26.731 13.727 14.726 13.726 0.000 5.159 52.243 106.313 109.267 101.080 102.788 102.521 102.499 102.452 102.409 102.367 102.326 102.287 88.248 84.210 105.173 106.137 106.101 109.066 109.032 107.998 112.962 85.927 61.898 76.878 91.866 30.860 0.000 0.000 34.847
65.565 67.565 67.565 65.566 65.567 65.567 65.568 65.569 76.570 91.571 67.573 62.574 62.576 79.577 91.579 85.581 62.583 65.585 61.586 7.585 4.592 58.595 65.599 65.602 71.605 88.608 88.611 81.614 74.618 66.621 53.625 23.628 88.631 68.633 0.000 0.000 0.000 1.724 15.725 8.725 22.725 11.726 0.000 5.369 25.432 109.380 109.324 101.948 102.678 102.581 102.538 102.493 102.450 102.408 102.367 103.327 98.288 88.250 83.212 82.175 82.138 82.102 82.066 86.029 59.990 3.939 29.901 85.880 81.867 42.860 4.856 0.000 33.846
66.573 3.572 4.570 65.573 64.575 63.576 63.576 62.577 62.579 75.580 90.582 83.583 90.585 92.587 79.589 63.591 70.594 70.596 58.597 0.000 6.605 69.607 65.609 67.612 91.614 98.617 76.620 67.623 74.625 81.628 69.631 5.634 48.636 66.638 0.000 0.000 0.000 2.718 8.720 5.723 19.724 0.000 0.000 5.542 10.892 109.435 107.204 102.911 102.650 102.624 102.577 102.532 102.490 102.448 102.407 102.367 103.328 102.289 100.251 99.213 99.175 100.138 102.101 76.065 18.027 0.000 14.888 70.875 101.864 92.856 65.851 41.847 58.846
65.582 64.582 0.000 64.583 75.583 79.584 83.585 88.586 91.587 92.589 92.591 92.593 78.595 65.597 81.599 98.602 99.604 99.607 92.611 70.618 5.617 66.618 64.620 73.622 101.624 88.626 65.629 64.631 66.633 69.635 60.638 5.640 25.642 25.644 0.000 0.000 0.000 8.710 3.715 0.000 2.724 0.000 13.498 14.835 5.896 109.487 111.153 106.787 102.706 102.660 102.615 102.571 102.528 102.487 102.446 102.407 102.367 102.329 102.290 102.250 103.211 106.173 78.137 11.101 0.000 0.000 0.000 15.866 71.858 102.851 93.846 69.844 46.845
65.590 67.591 63.594 65.592 80.592 79.592 75.593 71.594 70.595 66.597 87.600 77.602 88.604 79.607 95.609 91.612 84.615 85.618 96.622 102.625 91.627 92.629 84.631 92.632 100.634 73.636 64.637 65.639 65.641 64.643 64.644 66.646 61.649 10.653 70.660 61.666 0.681 2.697 0.000 0.000 0.000 4.321 82.413 79.629 109.582 109.536 105.030 105.855 102.736 102.696 102.651 102.608 102.566 102.525 102.485 102.445 102.407 102.368 102.329 104.288 109.244 78.207 18.172 0.000 0.000 0.000 0.000 0.000 12.850 63.843 98.839 48.837 0.000
67.598 3.598 62.599 65.599 65.599 65.600 64.601 65.602 67.603 65.606 77.608 72.611 81.614 92.616 80.619 65.622 66.625 67.628 68.632 73.635 86.637 96.639 102.641 100.643 89.644 65.645 65.646 65.647 65.649 65.650 66.651 89.652 62.654 2.657 66.662 16.669 10.678 3.688 0.000 0.000 0.000 14.259 102.468 104.668 109.626 103.367 103.068 102.801 102.778 102.730 102.686 102.643 102.602 102.562 102.522 102.484 102.446 102.408 104.370 89.329 43.271 10.239 0.000 0.000 0.000 0.000 0.000 0.000 0.000 34.831 96.829 48.828 0.000
68.605 1.605 62.606 65.606 65.607 65.608 65.609 66.609 4.610 64.614 68.617 79.620 79.623 87.626 92.629 78.632 63.635 63.639 63.642 65.645 67.648 68.650 69.652 69.653 68.654 67.654 63.655 63.656 64.656 65.657 76.657 90.658 61.659 55.660 57.661 0.000 0.000 3.688 0.000 0.000 0.000 18.301 101.413 109.710 109.668 102.223 102.949 102.852 102.808 102.763 102.720 102.678 102.637 102.598 102.559 102.521 102.484 102.448 107.414 63.388 0.000 0.000 0.000 0.000 0.000 0.000 0.000 0.000 0.000 37.821 97.820 56.819 0.000
