results3/res_3e8f-0060.wd
ncols         241
nrows         181
xllcorner     12693529.787448
yllcorner     3542525.717860
cellsize      155.156523
NODATA_value  -9999.000000
[rows 66 to 98 of 181, columns 74 to 147 of 241]
28.704 0.000 53.960 70.942 69.916 69.891 0.000 41.363 41.346 54.354 50.359 49.338 49.292 48.222 124.121 111.985 0.000 0.000 0.000 45.001 39.958 44.897 47.854 47.817 49.782 50.753 55.728 56.700 57.662 48.606 0.000 0.000 46.259 96.259 78.172 82.027 82.109 80.159 88.102 80.559 81.032 81.766 80.532 80.305 81.096 50.937 0.000 0.000 0.000 0.000 0.000 0.000 0.000 18.488 16.471 16.438 16.391 16.333 16.272 20.205 33.131 30.050 14.962 25.872 34.786 13.706 16.630 22.555 27.482 23.409 17.338 15.268 13.200 28.134
55.695 0.000 42.152 66.121 65.096 59.097 12.169 0.000 0.000 47.421 60.489 49.487 48.454 49.399 30.303 0.000 0.000 0.000 0.000 0.000 0.000 55.865 53.846 51.821 34.787 37.757 44.730 45.709 50.682 41.644 0.000 0.000 0.000 56.496 74.405 81.340 81.431 88.539 88.328 80.639 81.321 81.026 80.810 80.594 75.401 33.265 0.000 0.000 30.456 0.000 0.000 0.000 24.522 19.522 16.503 16.469 16.423 16.367 16.306 16.239 16.166 23.088 37.006 37.923 20.842 14.763 15.687 16.612 20.538 19.466 15.394 15.324 16.256 35.190
50.667 55.551 53.376 67.294 60.249 61.232 58.241 0.000 0.000 0.000 62.688 57.666 52.638 54.616 1.620 0.000 0.000 0.000 0.000 0.000 0.000 54.852 50.844 41.835 0.000 0.000 42.727 54.725 53.713 0.000 0.000 2.203 59.064 50.824 54.652 61.731 76.793 88.735 80.393 81.940 81.498 81.303 81.080 78.860 61.651 40.457 46.457 44.456 25.456 0.000 0.000 0.000 0.000 33.577 15.551 16.512 20.464 28.408 18.346 16.279 15.207 19.131 34.052 40.973 32.894 18.818 13.742 15.668 15.595 15.521 15.448 14.378 21.310 42.244
49.699 53.611 64.506 58.429 51.376 70.341 59.323 11.330 0.000 5.033 54.909 70.850 65.818 65.809 68.841 0.000 0.000 0.000 0.000 0.843 0.844 52.846 43.844 46.841 0.000 0.000 0.000 90.750 117.731 32.731 0.000 58.320 53.211 53.054 52.967 49.054 89.095 88.921 81.444 85.044 81.785 81.570 81.349 73.117 25.884 0.000 48.456 26.456 0.000 0.000 0.000 21.761 20.728 19.659 15.611 19.564 31.512 36.454 34.391 27.323 17.251 26.176 34.100 13.023 18.946 31.871 28.797 24.724 32.651 13.576 15.500 13.429 26.363 49.298
55.760 65.687 57.609 49.541 49.484 62.433 70.379 66.337 69.271 71.156 66.066 61.009 62.974 51.960 50.963 0.000 0.000 0.000 1.843 57.843 56.843 44.844 46.844 47.843 51.845 50.846 0.000 1.807 0.000 0.000 4.670 64.525 57.405 52.252 53.349 51.401 89.253 51.075 58.658 73.249 81.063 81.843 79.631 38.374 0.000 0.000 0.000 0.000 0.000 0.000 22.816 16.794 16.764 16.719 17.672 27.622 36.567 35.507 35.442 31.372 27.299 37.224 20.148 15.072 15.997 15.923 25.851 38.781 25.709 13.633 14.548 20.475 8.415 13.354
66.830 56.767 49.703 50.643 50.587 52.527 36.424 62.367 60.321 52.255 49.192 48.143 64.111 66.094 53.089 0.000 0.000 0.000 57.843 53.843 50.843 43.843 47.843 47.844 47.845 47.847 6.852 9.860 10.912 12.914 80.816 77.708 66.593 65.559 54.565 89.532 89.399 53.133 59.777 54.549 61.346 80.112 54.957 0.000 0.000 0.000 0.000 0.000 0.000 0.000 22.839 16.835 16.816 16.781 17.737 26.685 36.628 35.565 34.497 31.425 36.350 30.273 14.196 16.120 16.046 15.974 25.905 33.838 12.772 15.699 18.585 37.509 54.467 33.410
56.905 49.848 50.792 50.740 51.695 32.663 0.000 19.388 47.391 50.352 50.302 50.262 48.234 72.217 56.209 0.000 0.000 0.000 34.842 51.842 45.843 46.843 47.843 47.844 47.845 47.846 58.848 0.000 2.963 20.014 72.971 82.891 4.795 86.728 76.928 89.646 51.716 65.356 61.996 51.862 48.661 45.301 30.129 0.000 0.000 18.390 0.000 0.000 0.000 0.000 18.866 16.893 16.883 16.852 16.808 17.755 23.695 31.628 31.556 31.480 35.402 13.323 16.244 16.167 15.093 21.022 37.956 20.896 14.843 17.805 0.000 0.000 30.535 0.000
49.982 50.930 50.878 50.830 53.791 9.767 7.778 0.649 45.503 50.459 52.402 50.368 49.345 67.330 63.322 0.000 0.000 0.000 0.000 42.842 45.842 47.843 47.843 47.844 47.844 49.846 35.847 0.000 0.000 70.208 73.164 84.092 89.977 84.090 82.133 89.743 72.771 75.472 60.311 53.213 46.138 0.000 0.000 0.000 0.000 16.390 0.000 0.000 0.000 0.000 0.000 19.989 16.971 16.936 16.890 16.833 16.768 16.697 23.620 31.539 19.456 16.373 16.291 16.212 19.137 32.067 32.003 13.946 15.900 18.872 0.000 0.000 57.603 47.612
51.060 51.010 50.960 50.913 50.871 54.836 55.806 55.751 51.648 51.577 31.481 48.464 49.448 65.435 64.428 0.000 0.000 0.000 0.000 41.842 47.842 47.842 47.843 47.843 47.844 35.845 0.000 0.000 0.000 75.446 81.388 84.305 84.262 83.347 89.871 82.262 84.978 79.664 64.604 54.542 53.538 53.677 0.000 0.000 0.000 13.391 20.392 13.392 0.000 0.000 0.000 35.104 16.075 17.034 16.981 16.920 17.849 16.771 16.687 16.599 16.510 16.422 16.336 15.253 21.176 36.105 13.041 15.986 15.941 17.911 0.000 0.000 59.661 51.646
51.140 51.090 51.040 50.990 50.943 50.900 50.860 50.814 50.759 54.721 0.000 41.560 50.548 66.535 61.527 0.000 0.000 0.000 0.000 46.842 49.842 49.842 49.842 47.843 50.843 0.000 0.000 0.000 67.906 73.740 84.638 84.519 84.631 82.682 90.084 83.402 88.045 83.935 84.866 72.816 60.796 49.816 44.816 46.816 0.000 0.000 19.393 14.393 20.389 21.375 19.338 25.247 35.193 17.142 18.083 27.015 33.938 15.852 16.759 16.662 16.564 16.468 15.376 20.290 39.210 33.137 22.072 15.015 15.966 17.922 32.874 50.814 51.735 51.691
51.220 51.171 51.119 51.066 51.011 50.962 53.919 51.887 50.853 54.828 0.000 41.669 50.648 67.629 59.618 0.000 0.000 0.000 0.000 19.842 29.842 28.842 28.842 49.842 34.843 0.000 0.000 0.000 70.071 79.976 84.873 84.828 83.932 90.752 90.438 84.475 85.317 84.173 84.114 85.058 76.013 40.976 0.000 0.000 0.000 0.000 17.395 17.397 14.399 16.399 17.392 16.354 23.309 37.257 20.194 18.121 28.036 15.939 16.834 16.726 16.617 16.512 16.412 24.320 37.236 24.162 36.096 14.037 14.985 19.937 40.887 52.833 51.775 51.726
51.303 51.253 51.201 51.142 54.074 56.018 27.966 48.961 51.938 53.910 13.885 44.798 49.749 61.715 59.698 0.725 0.000 0.000 0.000 0.000 0.000 0.000 0.000 30.842 0.000 0.000 0.000 18.493 68.331 85.217 85.092 85.206 83.291 91.035 83.073 88.776 84.468 84.420 84.352 84.291 74.223 35.100 0.000 0.000 0.000 0.000 0.000 20.404 21.410 8.429 16.478 17.468 17.433 21.382 37.317 20.238 17.145 17.036 16.914 16.789 16.667 14.550 20.441 39.342 20.254 19.178 33.112 17.053 15.001 21.953 47.905 52.856 51.806 51.756
51.387 51.339 51.289 53.228 29.124 31.071 0.000 11.055 47.027 50.990 54.948 50.888 53.834 58.784 63.756 2.750 0.000 0.000 0.000 0.000 0.000 0.000 0.000 0.000 0.000 0.000 1.818 77.655 79.546 85.440 85.394 84.512 91.543 91.298 84.141 84.853 84.722 84.651 84.585 83.529 63.489 0.000 0.000 0.000 0.000 0.000 0.000 0.000 12.410 0.000 23.624 20.608 16.573 16.521 18.455 35.372 24.269 16.144 16.999 16.851 15.711 20.580 22.460 21.352 18.261 16.185 16.120 16.064 17.014 29.968 51.925 52.882 54.837 50.786
51.471 51.428 51.388 56.357 0.000 0.000 17.259 9.177 43.124 52.076 50.028 51.973 63.915 35.831 29.793 0.000 0.000 0.000 0.000 0.000 0.000 0.000 0.000 0.000 0.000 0.000 64.948 69.851 83.757 85.638 85.768 83.863 91.768 83.652 85.323 85.014 84.952 84.875 84.809 76.752 53.714 0.000 0.000 0.000 0.000 0.000 0.000 0.000 0.000 0.000 27.787 22.767 16.729 14.676 17.609 17.525 33.417 26.274 17.085 17.907 15.746 22.601 22.467 19.346 13.253 16.180 16.120 18.068 32.023 50.982 52.945 55.909 47.874 8.830
50.553 50.512 50.478 53.456 23.461 20.423 52.341 57.272 51.215 49.163 56.113 66.064 69.021 0.000 0.000 0.000 0.000 0.000 0.000 0.000 0.000 0.000 0.000 0.000 0.000 0.000 67.121 75.049 84.956 85.946 84.985 92.181 91.980 84.688 85.389 85.248 85.168 85.092 85.023 66.958 48.900 0.000 0.000 0.000 0.000 0.000 0.000 0.000 0.000 0.000 25.971 23.944 23.901 20.846 13.780 15.701 16.600 32.451 32.160 28.944 25.767 18.610 17.463 14.311 15.226 16.163 20.111 40.067 52.028 51.993 52.962 51.937 42.919 0.000
65.630 64.590 62.556 59.528 60.505 60.467 57.411 58.354 60.301 60.249 66.198 68.148 26.084 0.000 0.000 0.000 0.000 0.000 0.000 0.000 0.000 0.000 0.000 0.000 5.620 13.543 68.367 85.258 86.166 86.115 85.344 92.367 84.174 85.844 85.529 85.461 85.377 85.303 83.233 65.157 36.028 0.000 0.000 0.000 0.000 0.000 0.000 0.000 0.000 0.000 16.181 20.138 23.084 24.026 22.965 19.900 15.832 9.771 0.000 0.000 0.000 0.000 0.000 18.212 16.176 19.135 40.096 53.061 52.028 53.000 55.976 51.957 48.948 29.953
64.702 63.662 65.627 67.595 66.565 65.527 63.482 61.434 61.384 62.334 58.284 58.245 0.000 0.000 0.000 0.000 0.000 0.000 0.000 0.000 0.000 0.000 0.000 0.000 54.697 77.643 76.544 85.453 86.343 86.471 84.575 92.540 86.271 85.873 85.746 85.660 85.580 85.510 81.450 61.408 0.000 0.000 0.000 0.000 0.000 0.000 0.000 0.000 0.000 23.590 18.434 15.343 17.273 22.211 24.154 24.102 25.058 16.029 0.000 0.000 0.000 0.000 0.000 19.148 17.131 33.106 54.079 52.051 52.026 52.003 52.983 51.969 51.961 42.960
50.768 51.730 58.695 67.663 73.631 61.596 55.557 50.515 48.469 47.418 53.360 32.302 0.000 0.000 0.000 0.000 0.000 0.000 0.000 0.000 0.000 0.000 0.000 0.000 60.828 76.788 84.718 86.636 86.607 85.740 92.845 92.699 88.294 86.097 85.933 85.854 85.774 85.705 80.650 55.617 0.000 0.000 0.000 0.000 0.000 0.000 0.000 0.000 23.879 18.746 18.624 18.529 17.453 14.390 19.338 23.296 24.269 21.259 0.000 0.000 0.000 0.000 22.087 16.101 20.096 48.080 52.061 52.040 52.020 52.002 51.987 51.975 51.968 26.965
49.831 53.794 58.761 60.730 63.700 53.668 49.635 50.599 50.559 52.510 30.435 0.000 0.000 0.000 0.000 0.000 0.000 0.000 0.000 0.000 0.000 0.000 0.000 0.000 47.000 75.962 85.902 86.807 86.942 85.055 92.979 85.853 87.522 86.199 86.130 86.040 85.959 85.886 76.828 49.793 0.000 0.000 0.000 0.000 0.000 0.000 0.000 23.137 19.012 18.893 18.786 18.695 18.620 18.559 15.511 14.477 17.463 24.480 24.568 0.000 0.000 0.000 16.072 17.074 35.070 52.059 51.045 51.029 52.013 51.999 51.987 51.977 50.971 16.968
49.889 51.854 52.824 50.796 49.770 50.744 49.716 49.688 49.657 54.630 0.000 0.000 0.000 0.000 0.000 0.000 0.000 0.000 0.000 0.000 0.000 0.000 0.000 0.000 55.210 84.159 87.091 87.069 86.206 93.223 93.106 88.855 86.552 86.404 86.311 86.220 86.134 87.054 66.983 54.933 0.000 0.000 22.841 0.000 22.573 24.519 24.418 19.263 19.139 19.029 18.931 18.846 18.774 18.716 18.670 17.639 14.625 23.631 24.656 17.655 0.000 0.000 24.056 16.055 24.050 30.042 33.031 37.018 43.006 48.994 50.984 50.976 48.971 13.968
50.942 50.912 50.885 50.861 49.840 49.820 49.800 49.778 48.752 56.722 7.722 0.000 0.000 0.000 0.000 0.000 0.000 0.000 0.000 0.000 0.000 0.000 0.000 39.632 75.471 86.376 87.268 87.414 85.511 93.327 86.317 87.987 86.667 86.589 86.490 86.396 86.304 87.212 59.116 37.025 0.000 0.000 18.841 0.000 17.628 19.566 19.472 19.359 19.252 19.153 19.063 18.984 18.916 18.860 18.816 16.785 18.768 24.764 21.769 0.000 0.000 0.000 23.042 22.040 21.035 20.027 19.018 18.008 21.998 32.988 28.980 30.974 34.969 15.966
48.992 48.965 48.943 48.924 48.909 48.896 49.885 51.873 53.850 28.786 0.000 0.000 0.000 0.000 0.000 0.000 0.000 0.000 0.000 6.779 0.000 0.000 9.915 50.793 81.672 87.564 87.555 86.587 93.509 93.423 89.312 87.014 86.862 86.765 86.667 86.570 86.473 82.375 29.245 0.000 0.000 0.000 18.842 24.843 19.746 19.645 19.544 19.448 19.356 19.268 19.186 19.112 19.046 18.992 18.948 15.916 24.897 24.888 20.887 0.000 0.000 0.000 22.031 21.027 22.022 22.015 22.006 21.998 21.989 20.981 20.975 19.969 18.965 18.963
50.038 53.015 56.997 59.983 63.975 65.971 68.972 67.979 59.989 0.000 9.383 33.408 1.434 0.000 0.000 0.000 0.000 0.000 37.790 64.779 4.768 0.000 44.038 76.953 86.850 87.753 87.688 86.917 93.582 85.759 87.441 87.121 87.042 86.941 86.842 86.743 87.646 74.568 0.000 0.000 0.000 0.000 0.000 18.941 19.868 21.725 21.613 19.535 19.457 19.379 19.302 19.230 19.166 19.112 16.069 21.037 24.016 25.006 16.005 0.000 0.000 0.000 6.024 27.017 27.011 24.004 20.996 20.988 21.980 22.974 22.968 21.964 21.961 22.960
51.079 58.060 67.047 68.038 67.036 66.041 65.054 62.082 56.137 31.264 48.358 66.415 35.459 19.494 0.000 0.000 0.000 8.816 47.800 61.780 0.703 19.403 61.245 86.130 89.031 87.882 88.102 86.082 93.643 87.748 87.461 87.309 87.214 87.117 87.019 86.915 88.798 32.683 0.000 0.000 0.000 0.000 0.000 15.113 21.059 1.798 1.661 18.621 19.560 19.487 19.412 19.341 19.277 18.223 16.179 25.146 25.124 22.114 16.123 22.169 0.000 0.000 0.000 38.006 53.001 45.993 41.985 37.978 33.971 36.965 36.960 19.957 20.955 21.956
52.115 55.101 58.092 57.088 55.091 53.101 51.123 49.158 49.214 58.295 60.372 57.434 54.486 58.529 6.566 0.000 0.000 48.832 78.815 29.775 25.689 59.539 83.410 88.302 88.176 88.308 86.271 93.723 86.162 87.875 87.558 87.483 87.386 87.294 87.201 90.101 46.950 0.000 0.000 0.000 0.000 0.000 0.000 17.339 22.315 0.000 0.000 15.734 19.677 19.598 19.518 19.445 19.380 16.324 24.279 25.244 24.219 15.206 19.204 19.215 0.000 0.000 0.000 6.000 35.995 53.984 52.975 52.967 52.961 52.956 46.952 36.949 22.948 0.952
52.148 52.137 51.131 51.131 52.137 52.152 52.177 50.214 51.266 56.332 59.400 55.464 50.522 53.571 8.604 0.000 0.000 40.866 50.851 28.815 61.750 76.655 85.556 88.461 88.411 87.524 94.117 93.868 87.159 87.886 87.740 87.649 87.558 87.470 87.391 90.338 0.000 0.000 5.719 14.719 0.000 0.000 18.704 21.588 20.548 27.587 0.000 15.906 19.815 19.711 19.619 19.540 17.473 19.416 25.369 25.331 17.304 18.285 19.274 19.271 0.000 0.000 0.000 0.000 0.000 35.973 51.963 51.956 51.951 51.946 52.942 52.940 27.938 0.000
52.176 52.168 52.165 52.167 52.176 52.192 51.218 50.256 54.305 58.366 58.433 53.501 49.568 54.629 7.673 0.000 0.000 36.915 5.909 52.886 76.840 82.774 88.705 88.577 88.808 86.813 94.339 86.590 88.298 87.982 87.910 87.815 87.725 87.637 94.556 78.521 0.000 1.718 51.719 37.719 0.000 0.000 13.820 21.763 20.701 20.627 26.462 24.170 22.965 19.813 19.706 19.624 16.555 24.498 25.449 21.410 16.380 19.356 19.338 21.325 25.334 0.000 0.000 0.000 0.000 0.000 48.947 51.944 51.939 51.936 52.932 50.929 24.928 0.000
52.201 52.195 52.193 52.197 52.206 51.223 50.249 52.285 56.333 59.394 55.463 50.539 49.620 52.704 34.788 21.902 22.961 18.971 19.985 59.978 80.950 86.907 88.826 88.992 87.006 94.724 94.540 87.603 88.313 88.163 88.070 87.978 87.889 92.799 35.675 50.670 20.708 51.718 59.720 0.000 0.000 0.000 12.994 21.944 20.866 20.757 30.590 41.348 15.061 24.871 20.770 17.694 19.628 25.570 24.521 15.481 18.449 19.422 19.397 6.355 7.345 0.000 0.000 0.000 0.000 0.000 29.936 50.932 51.929 51.925 55.922 51.918 40.916 0.000
52.223 52.218 52.217 52.221 52.230 50.246 50.269 54.303 61.349 62.413 58.487 53.573 51.670 51.778 53.872 53.957 63.010 4.021 38.082 76.093 83.078 89.046 89.046 88.207 95.051 94.893 87.973 88.748 88.406 88.328 88.229 88.138 88.056 95.994 0.000 33.776 35.737 25.726 27.723 0.000 0.000 0.000 16.218 22.154 21.063 26.947 42.793 19.571 0.000 5.840 18.810 16.754 24.692 25.635 21.585 18.544 19.512 19.488 21.473 0.000 0.000 0.000 0.000 0.000 0.000 21.927 2.928 41.921 51.918 51.914 56.911 51.907 51.902 40.890
52.242 52.237 52.236 52.239 51.247 50.260 52.280 59.308 36.348 12.420 11.501 8.595 38.710 55.866 50.965 54.045 35.102 0.000 43.230 81.232 87.228 89.158 89.438 87.491 95.196 88.318 89.090 88.654 88.590 88.480 88.383 88.289 89.202 87.127 9.068 8.922 0.000 0.000 0.000 0.000 0.000 15.680 23.505 21.390 20.284 40.174 44.067 0.000 0.000 0.000 14.876 20.819 25.753 25.692 15.640 19.599 19.567 19.545 22.534 0.000 0.000 0.000 0.000 0.000 0.000 0.926 0.000 29.908 51.907 51.904 57.902 51.898 51.894 45.887
52.257 52.252 52.251 51.253 50.259 52.269 55.283 63.300 22.316 0.000 0.000 0.000 0.000 38.011 53.076 54.158 40.250 42.367 68.376 85.386 89.359 89.576 87.637 95.452 95.330 89.305 88.995 88.842 88.734 88.631 88.531 88.433 91.336 76.244 5.156 0.000 0.000 0.000 0.000 0.000 0.000 15.855 22.735 21.617 19.511 47.399 8.233 0.000 0.000 21.143 25.999 25.893 25.809 23.741 18.686 19.644 19.613 19.593 21.583 0.000 25.640 0.000 0.000 0.000 0.000 0.000 0.000 22.897 51.896 51.895 51.893 51.891 51.888 49.885
52.269 52.264 52.262 51.263 50.267 54.274 58.283 62.292 20.300 0.000 0.000 0.000 0.000 18.091 61.171 56.261 62.373 75.474 84.524 88.543 89.601 88.796 95.668 95.564 88.654 89.423 89.076 88.988 88.879 88.777 88.678 92.577 55.467 27.355 0.000 0.000 0.000 0.000 0.000 0.000 18.396 23.151 21.961 23.835 20.742 44.679 0.000 0.000 16.531 23.287 39.085 27.947 24.849 20.776 18.720 18.678 19.648 19.630 19.624 24.636 20.640 11.640 0.000 0.000 0.000 18.881 20.882 19.886 51.887 51.887 51.886 51.884 51.883 49.882
52.278 52.273 52.270 50.271 52.273 58.277 59.283 57.288 44.291 5.289 0.000 0.000 0.000 0.000 14.256 10.342 50.508 81.634 85.700 89.704 89.924 88.091 95.762 87.977 89.751 89.311 89.241 91.125 90.020 88.921 88.827 94.731 17.599 0.000 0.000 0.000 0.000 0.000 0.168 38.870 38.642 26.392 23.123 34.018 28.946 29.897 0.000 0.000 14.776 19.390 30.107 25.961 29.864 23.793 26.740 25.701 22.673 19.655 18.646 18.645 24.645 0.000 0.000 0.000 0.000 15.880 15.879 25.880 51.880 51.880 51.879 51.878 51.878 25.880
