results3/res_3e8f-0032.wd
ncols         241
nrows         181
xllcorner     12693529.787448
yllcorner     3542525.717860
cellsize      155.156523
NODATA_value  -9999.000000
[rows 33 to 65 of 181, columns 75 to 149 of 241]
0.000 0.000 0.000 0.000 0.000 0.000 0.000 0.000 0.000 0.000 0.000 0.000 0.000 0.000 0.000 0.000 0.000 0.000 0.000 0.000 0.000 0.000 0.000 0.000 0.000 0.000 0.000 0.000 0.000 0.000 0.000 0.000 0.000 0.000 0.000 0.000 0.000 29.011 52.011 57.013 13.014 0.000 0.000 22.094 36.113 3.102 0.000 26.161 29.172 23.178 24.177 25.168 25.151 25.127 25.099 24.071 30.050 50.043 0.000 3.734 1.469 36.535 53.245 57.925 56.609 57.324 55.965 58.151 53.294 52.894 53.041 55.396 54.706 54.532 55.274
0.000 0.000 0.000 0.000 0.000 0.000 0.000 0.000 0.000 0.000 0.000 0.000 0.000 0.000 0.000 0.000 0.000 0.000 0.000 0.000 0.000 0.000 0.000 0.000 0.000 0.000 0.000 0.000 0.000 0.000 0.000 0.000 0.000 0.000 0.000 0.000 0.000 0.000 4.011 0.000 0.000 0.000 0.000 0.000 18.168 0.000 0.000 16.187 40.214 39.222 29.221 25.210 25.188 25.156 25.114 24.071 46.039 44.041 0.000 26.823 39.540 53.022 57.631 57.275 56.956 56.567 57.726 53.831 53.127 53.537 55.928 55.247 55.084 54.830 55.597
0.000 0.000 0.000 0.000 0.000 0.000 0.000 0.000 0.000 0.000 0.000 0.000 0.000 0.000 0.000 0.000 18.201 50.201 3.201 0.000 0.000 0.000 0.000 0.000 0.000 0.000 0.000 0.000 0.000 0.000 0.000 0.000 0.000 0.000 0.000 0.000 0.000 0.000 0.000 0.000 0.000 0.000 0.000 0.000 10.224 0.000 0.000 0.000 18.274 36.277 36.276 27.264 25.237 25.193 23.132 39.060 47.993 0.000 12.594 37.195 51.812 58.382 57.979 57.619 57.192 59.317 55.386 53.484 54.045 56.455 55.781 55.625 55.374 55.140 54.907
0.000 0.000 0.000 0.000 0.000 0.000 0.000 0.000 0.000 5.188 43.188 0.000 0.000 0.000 0.000 0.000 25.202 76.202 32.202 0.000 0.000 0.000 0.000 0.000 0.000 0.000 0.000 0.000 0.000 0.000 0.000 0.000 0.000 0.000 0.000 0.000 0.000 0.000 0.000 0.000 0.000 0.000 0.000 0.000 13.280 14.310 21.329 7.338 17.330 25.336 38.341 29.333 25.303 22.247 33.162 43.045 31.880 7.522 36.993 54.552 59.134 58.709 58.314 57.848 57.933 56.967 53.956 54.574 56.994 56.321 56.167 55.917 55.680 55.442 55.209
0.000 0.000 0.000 0.000 0.000 0.000 0.000 0.000 0.000 26.188 61.189 50.190 37.191 0.000 0.000 10.203 64.203 72.203 37.203 0.000 0.000 0.000 0.000 12.234 0.000 0.000 0.000 0.000 0.000 0.000 0.000 0.000 0.000 0.000 0.000 0.000 0.000 0.000 0.000 0.296 18.300 0.000 0.000 29.309 44.307 47.321 45.339 31.356 25.373 24.397 38.419 29.424 21.396 35.328 49.226 37.077 24.962 39.693 44.303 56.887 59.458 59.039 58.539 58.580 56.579 54.543 55.131 57.552 56.879 56.723 56.469 56.226 55.981 55.740 55.503
0.000 0.000 0.000 0.000 0.000 0.000 0.000 0.000 0.000 0.000 59.190 42.191 23.192 0.000 6.203 56.203 67.204 74.205 33.205 0.000 0.000 0.000 0.000 50.234 34.235 0.000 0.000 0.000 0.000 0.000 0.000 0.000 0.000 0.000 13.286 25.286 27.286 0.000 0.000 9.298 34.300 13.304 27.308 50.311 53.317 54.329 51.348 38.375 25.411 22.458 39.515 30.547 34.530 52.445 46.335 0.000 23.196 41.984 54.641 60.230 59.801 59.273 59.268 57.235 55.264 55.723 58.138 57.464 57.305 57.043 56.790 56.532 56.280 56.034 55.790
0.000 0.000 0.000 0.000 0.000 0.000 0.000 0.000 0.000 0.000 0.000 10.193 48.195 44.199 32.202 45.204 65.206 76.207 29.208 0.000 0.000 0.000 0.000 12.235 36.235 38.237 0.000 0.000 0.000 0.000 0.000 0.000 0.000 0.000 29.286 30.286 42.287 25.290 14.293 28.297 29.300 25.304 32.308 39.313 37.320 30.331 49.350 15.387 31.436 34.510 24.637 36.721 49.731 46.588 0.000 0.000 34.643 51.406 60.048 60.609 60.072 60.017 56.954 56.166 56.365 58.761 58.085 57.920 57.651 57.386 57.111 56.834 56.572 57.327 50.080
0.000 0.000 0.000 0.000 0.000 0.000 0.000 0.000 0.000 0.000 0.000 0.183 67.198 62.201 52.204 42.206 66.208 74.210 69.212 54.216 9.218 0.000 0.000 0.000 0.000 46.238 30.240 28.241 39.242 34.243 0.000 0.000 0.000 0.000 29.285 28.286 49.287 55.289 44.292 36.296 28.299 25.303 26.308 27.313 26.319 24.326 32.333 0.000 0.000 0.000 29.803 52.967 51.085 0.000 0.000 34.795 48.325 57.959 61.505 61.068 61.843 57.779 57.339 57.081 59.436 58.751 58.574 58.297 58.024 57.736 57.433 57.123 56.846 56.622 42.475
0.000 0.000 0.000 0.000 0.000 0.000 0.000 0.000 0.000 0.000 0.000 0.000 0.189 39.203 14.207 50.209 69.212 74.214 72.216 70.218 59.220 18.222 0.000 0.000 0.000 2.239 41.240 41.241 54.243 52.245 45.247 40.249 0.000 0.000 0.000 33.284 52.286 59.289 51.291 35.295 24.298 25.303 25.308 25.312 25.317 25.321 29.324 0.000 0.000 0.000 0.164 37.261 6.557 4.426 39.559 44.261 55.925 62.501 62.341 60.563 58.854 58.947 57.914 60.189 59.477 59.277 58.984 58.702 58.408 58.100 57.762 57.380 58.066 49.841 32.723
0.000 0.000 0.000 0.000 0.000 0.000 0.000 0.000 0.000 0.000 0.000 0.000 0.000 0.000 71.211 71.213 73.215 73.218 72.220 66.222 60.223 31.224 0.000 0.000 0.000 0.000 0.000 9.242 54.243 48.245 63.248 60.251 39.256 18.264 19.273 28.281 50.285 59.288 50.291 33.294 23.297 28.303 27.308 25.311 25.315 25.318 26.319 18.318 0.000 0.000 0.000 0.000 0.045 42.062 44.987 52.790 63.469 63.559 61.918 63.766 61.261 58.937 61.057 60.289 60.042 59.718 59.415 59.112 58.808 58.494 57.134 65.570 63.196 35.953 25.854
0.000 0.000 0.000 0.000 5.346 28.346 0.000 6.350 46.350 35.351 39.351 14.352 0.000 0.000 7.213 79.216 73.220 70.223 67.225 70.226 61.227 24.228 0.000 0.000 0.000 0.000 0.000 0.000 0.000 0.000 52.250 53.251 4.254 0.000 0.000 32.283 50.285 55.287 45.289 36.293 34.295 0.000 3.309 31.311 25.314 25.316 26.317 32.316 40.316 2.315 0.000 0.000 15.159 47.773 51.549 62.299 64.484 64.124 67.582 66.133 60.328 62.092 61.212 60.885 60.509 60.169 59.841 59.524 59.219 58.934 64.712 0.000 0.000 14.920 32.887
0.000 0.000 0.000 0.000 5.346 48.347 0.000 40.350 42.351 54.351 37.352 22.353 0.000 0.000 0.000 64.220 76.225 73.229 73.231 74.232 68.232 22.232 0.000 0.000 0.000 0.000 0.000 0.000 0.000 0.000 0.000 37.251 0.000 0.000 0.000 38.284 35.285 47.287 4.288 0.000 0.000 0.000 0.000 0.000 35.314 29.314 0.000 22.316 56.315 39.315 0.000 0.000 19.554 53.293 62.128 65.209 64.957 69.238 68.559 61.722 63.223 62.231 61.804 61.359 60.969 60.603 60.257 59.925 59.608 59.313 64.066 6.946 0.000 0.000 0.000
37.334 0.000 0.000 0.000 0.000 59.349 35.350 37.351 43.351 67.352 68.353 63.354 17.356 0.000 0.000 0.000 24.231 78.237 73.239 74.239 71.238 30.238 0.000 0.000 0.000 0.000 0.000 0.000 0.000 0.000 0.000 0.000 0.000 0.000 0.000 0.000 0.000 0.000 0.000 0.000 0.000 0.000 0.000 0.000 0.000 10.314 7.314 0.000 0.000 0.000 0.000 8.598 46.125 63.084 64.749 65.669 70.017 69.712 62.711 64.235 63.240 62.752 62.248 61.807 61.400 61.019 60.658 60.311 59.975 59.644 62.295 45.825 2.991 0.000 0.000
41.336 37.338 0.000 0.000 0.000 51.351 53.351 53.352 65.353 62.354 74.355 73.357 34.358 0.000 0.000 0.000 0.234 80.251 73.250 74.247 71.245 31.243 0.000 0.000 0.000 40.213 52.210 21.208 0.000 0.000 0.000 0.000 0.000 0.000 0.000 0.000 0.000 0.000 0.000 0.000 0.000 0.000 0.000 0.000 0.000 0.000 0.000 0.000 0.000 0.000 6.374 46.961 63.987 64.598 70.752 70.298 63.884 64.460 64.964 64.137 63.650 63.129 62.657 62.217 61.805 61.416 61.044 60.687 60.338 66.993 7.644 0.000 16.096 0.000 0.000
43.338 44.340 36.343 0.000 41.355 36.354 44.352 57.352 61.354 72.356 73.358 72.360 41.361 0.000 0.000 0.000 0.000 79.267 73.262 74.257 69.251 49.246 33.241 34.233 34.225 42.216 63.210 30.206 0.000 0.000 0.000 0.000 0.000 0.000 0.000 0.000 0.000 0.000 0.000 0.000 0.000 0.000 0.000 0.000 0.000 0.000 0.000 0.000 4.272 35.087 44.670 63.719 65.362 72.054 71.496 64.360 66.095 65.443 64.909 64.450 63.954 63.483 63.031 62.600 62.189 61.794 61.417 61.054 67.698 13.345 0.000 0.000 1.407 8.954 10.655
57.340 40.343 44.346 44.351 35.356 28.358 0.000 0.000 3.355 62.357 73.362 71.365 56.366 23.367 0.000 0.000 48.305 69.288 74.276 73.266 74.258 64.250 40.243 37.235 36.226 45.218 63.209 46.200 32.188 33.179 37.171 48.166 12.164 0.000 0.000 0.000 0.000 0.000 0.000 0.000 0.000 0.000 0.000 0.000 0.000 0.000 0.000 0.000 15.436 55.311 63.306 66.001 72.824 72.488 65.009 66.698 65.940 65.584 65.152 64.702 64.254 63.813 63.383 62.965 62.555 62.154 61.776 67.413 14.055 0.000 0.000 0.000 0.590 8.775 1.566
73.342 44.345 38.348 39.353 41.360 41.364 30.369 0.000 0.000 0.000 7.367 78.372 68.372 46.369 38.360 45.345 44.322 46.304 54.288 55.275 42.264 39.255 37.246 37.238 36.228 45.219 60.209 39.198 36.187 41.177 57.169 60.164 45.162 19.162 0.000 0.000 0.000 0.000 0.000 0.000 0.000 0.000 0.000 0.000 0.000 0.000 0.000 6.137 48.049 63.715 66.594 73.251 73.077 65.622 67.296 66.539 66.204 65.793 65.382 64.965 64.546 64.132 63.725 63.322 62.914 62.491 68.121 13.767 0.000 0.000 0.000 0.000 0.000 2.479 12.390
73.346 59.348 0.000 0.000 46.368 42.371 53.374 44.373 0.000 0.000 0.000 66.386 63.382 48.377 39.367 36.353 36.336 39.317 52.298 60.282 63.269 56.259 46.250 39.241 38.232 54.221 57.209 32.197 36.185 36.174 37.164 41.158 20.160 0.000 0.000 0.000 0.000 0.000 0.000 0.000 0.000 0.000 0.000 0.000 0.000 9.140 40.871 48.820 62.405 73.760 73.426 66.548 67.180 67.789 67.135 66.801 66.403 66.015 65.622 65.227 64.833 64.444 64.062 63.683 64.287 70.777 14.449 0.000 0.000 0.000 0.000 0.000 0.000 5.346 24.314
73.349 73.355 60.364 43.370 43.374 43.379 34.383 0.000 0.411 7.417 59.413 56.402 59.396 52.389 53.379 53.366 53.351 56.333 51.306 51.287 53.272 57.262 58.255 56.247 52.236 63.224 61.211 49.197 50.183 50.169 52.156 27.146 0.000 0.000 0.000 0.000 0.000 0.000 0.000 0.000 0.000 0.000 0.000 0.000 43.588 44.299 65.404 66.042 74.788 74.339 68.966 68.721 68.146 67.717 67.373 66.991 66.617 66.240 65.863 65.487 65.116 64.751 64.397 65.061 68.776 1.442 0.000 0.000 0.000 0.000 0.000 0.000 0.000 19.265 15.253
72.353 73.359 70.366 48.373 42.380 43.388 44.396 36.406 0.000 51.423 48.421 49.416 50.410 45.403 49.394 54.382 62.369 47.358 0.000 0.000 0.000 56.262 52.262 52.255 52.243 52.229 52.214 52.198 52.181 52.164 50.145 45.125 18.099 0.000 0.000 38.840 45.801 57.748 27.702 0.000 0.000 0.000 0.000 45.093 55.869 67.863 68.571 75.431 75.146 69.544 69.262 68.566 68.274 67.920 67.557 67.194 66.829 66.465 66.103 65.744 65.391 65.047 65.712 68.390 16.083 0.000 0.000 0.000 0.000 0.000 0.000 0.000 15.170 21.197 6.206
62.356 73.362 73.369 63.377 39.386 42.396 43.407 43.417 49.428 58.431 42.431 39.430 37.427 44.421 59.412 58.401 43.386 23.372 0.000 0.000 0.000 0.000 41.278 36.267 36.252 36.236 36.218 37.200 40.180 41.160 41.137 40.110 41.073 40.016 39.955 48.880 55.816 53.741 60.657 58.528 53.360 51.143 53.788 65.616 69.237 69.097 75.810 75.653 70.108 69.807 69.100 68.812 68.455 68.104 67.750 67.396 67.042 66.690 66.339 65.994 65.659 66.334 67.016 5.703 0.000 0.000 0.000 0.000 0.000 0.000 0.000 0.000 26.145 12.150 1.143
40.360 68.366 72.372 53.381 36.392 35.405 43.418 43.429 42.437 36.441 37.444 43.448 60.447 59.442 42.434 35.423 25.404 0.000 45.397 54.385 50.365 51.339 54.305 57.283 56.264 57.244 60.224 59.203 56.181 58.159 53.134 39.104 43.068 42.021 46.969 64.909 71.841 68.746 62.656 57.563 59.430 66.166 71.252 69.866 76.286 75.977 69.979 71.630 70.265 69.648 69.350 68.990 68.642 68.292 67.943 67.597 67.254 66.912 66.571 67.235 64.918 60.614 12.315 0.000 0.000 0.000 0.000 0.000 0.000 0.000 0.000 12.106 16.115 10.113 8.098
33.364 52.368 63.374 38.382 30.396 37.416 35.431 42.443 43.452 43.453 36.455 53.470 45.471 34.467 37.459 29.452 0.000 54.427 57.410 57.393 59.372 60.348 63.321 67.298 66.277 66.255 66.230 68.206 69.184 67.161 55.135 41.106 43.073 43.034 42.991 45.946 19.893 0.000 82.655 124.663 102.490 68.662 70.382 77.238 76.816 70.373 73.145 70.600 70.200 69.883 69.528 69.180 68.829 68.479 68.134 67.796 67.465 67.135 68.797 63.455 52.164 6.889 0.000 0.000 0.000 0.000 0.000 0.000 0.000 0.000 10.099 23.099 12.097 12.090 8.079
0.000 9.371 44.373 26.377 0.000 32.431 37.447 37.462 43.475 32.464 0.000 37.507 35.503 37.495 38.485 48.475 62.466 59.444 61.424 67.404 77.383 121.359 118.333 118.311 118.291 118.269 119.236 103.209 35.188 38.166 36.141 44.113 43.083 40.050 38.016 19.991 0.000 0.000 0.000 49.820 67.028 71.804 77.873 77.586 69.921 71.664 71.002 70.737 70.408 70.065 69.719 69.368 69.015 68.661 68.318 67.989 68.675 67.364 59.028 47.626 5.395 0.000 0.000 0.000 0.000 0.000 0.000 0.000 0.000 1.104 22.099 14.094 2.086 4.074 16.061
0.000 59.371 37.372 0.000 0.000 0.000 31.465 44.484 36.524 0.000 0.000 45.548 36.538 47.526 60.511 60.496 65.480 68.460 61.439 47.418 38.396 34.374 32.343 35.323 36.306 23.294 0.000 40.207 37.194 36.174 40.150 44.124 41.097 33.069 40.032 21.011 0.000 0.000 45.445 62.411 72.215 78.291 78.109 70.456 72.184 71.518 71.262 70.931 70.600 70.260 69.913 69.561 69.200 68.834 68.486 69.168 64.883 53.620 10.324 0.000 0.000 0.000 0.000 0.000 0.000 0.000 0.000 0.000 0.000 19.111 18.104 4.094 1.075 14.059 14.044
64.549 0.000 0.000 0.000 0.000 0.000 0.000 0.000 40.613 38.640 46.633 43.599 43.577 43.558 60.539 74.520 63.499 43.477 41.454 36.432 38.412 29.396 0.000 41.331 38.319 27.307 0.000 41.220 36.206 37.186 44.162 42.135 40.112 22.096 0.000 0.000 42.139 40.009 56.784 72.710 78.511 71.318 71.916 72.614 72.046 71.788 71.460 71.137 70.803 70.461 70.113 69.761 69.392 69.989 69.625 59.314 44.068 6.909 0.000 0.000 0.000 0.000 0.000 0.000 0.000 0.000 0.000 0.000 8.136 20.123 8.113 0.040 14.064 15.053 3.031
52.561 0.000 0.000 53.836 46.837 40.837 0.000 0.000 58.676 55.674 42.661 43.638 43.615 44.592 65.569 117.544 110.520 57.494 112.470 33.446 37.424 37.403 39.381 37.352 37.331 37.310 39.284 35.248 35.224 44.202 43.177 40.144 35.122 24.109 0.000 0.000 44.270 51.139 73.163 72.074 78.866 72.369 72.986 72.566 72.308 71.994 71.678 71.351 71.014 70.669 70.319 69.977 71.619 67.106 48.709 35.397 37.168 3.038 0.000 0.000 0.000 0.000 0.000 0.000 0.000 0.000 3.187 8.174 22.150 16.131 6.114 15.094 15.072 4.058 0.002
0.000 0.000 0.000 36.835 45.839 42.837 60.823 54.794 59.743 67.719 58.699 43.677 43.653 43.627 42.599 36.571 31.541 36.512 33.485 37.459 37.435 37.412 37.389 37.365 37.342 37.319 36.293 41.264 43.241 44.222 28.199 0.000 28.121 0.000 0.000 0.000 48.503 70.446 74.480 79.930 79.442 72.465 73.144 72.813 72.527 72.223 71.904 71.574 71.234 70.881 70.516 69.210 31.001 0.000 0.000 0.000 0.000 0.000 0.000 0.000 0.000 0.000 0.000 0.000 0.000 0.000 5.201 21.185 15.161 6.139 16.119 12.098 3.073 1.040 0.000
42.963 0.000 41.799 37.832 36.848 54.850 47.839 63.816 72.782 52.761 38.741 36.718 39.693 42.664 43.632 43.598 36.563 35.529 36.498 36.470 37.445 37.421 37.399 42.377 39.355 36.332 37.307 40.275 44.254 33.245 0.000 0.000 0.000 0.000 4.239 124.122 67.832 74.869 72.869 80.353 72.266 74.806 76.311 73.061 72.770 72.465 72.143 71.806 72.468 69.105 56.656 47.346 5.173 0.000 0.000 0.000 0.000 0.000 0.000 0.000 1.379 1.378 1.372 2.344 2.308 3.272 17.232 17.207 1.176 4.147 6.126 3.106 1.053 5.961 10.936
17.135 41.566 37.767 36.844 47.872 51.877 62.868 69.848 35.811 34.802 35.786 37.764 36.736 33.704 41.667 42.626 43.584 42.544 36.509 35.480 34.454 35.431 41.409 100.389 68.369 48.349 31.328 0.000 46.257 54.260 0.000 0.000 0.000 0.000 48.360 59.266 76.158 74.211 81.079 80.732 73.360 73.906 74.590 73.318 73.029 72.723 72.397 73.041 71.726 24.415 0.000 0.000 0.000 0.000 0.000 0.000 0.000 0.000 0.000 0.000 8.381 4.384 1.394 2.362 0.325 12.276 19.249 3.219 4.190 12.160 10.135 4.113 1.045 7.944 26.925
0.000 34.795 37.862 39.905 60.921 71.918 85.908 67.898 0.000 53.852 53.838 37.815 37.786 36.749 34.707 37.658 43.603 41.554 42.516 44.486 42.460 40.438 36.419 31.401 36.385 31.366 0.000 0.000 0.000 40.279 32.283 0.000 0.000 0.000 58.573 75.462 75.554 73.590 81.392 73.070 75.583 77.104 73.863 73.591 73.306 73.003 72.682 70.234 24.980 0.000 0.000 0.000 0.000 0.000 0.000 0.000 0.000 0.000 0.000 7.768 0.000 0.000 9.499 0.000 10.350 22.307 10.268 5.233 10.200 14.169 7.142 2.119 0.026 14.923 34.911
0.000 32.958 38.980 54.994 65.990 113.965 107.948 109.940 115.944 111.917 112.898 37.874 37.843 36.802 36.753 35.695 30.617 40.554 42.516 43.487 41.464 43.445 43.427 44.412 37.402 0.000 0.000 0.000 0.000 41.294 26.288 0.000 0.000 50.060 71.864 75.811 74.810 81.960 81.684 74.128 74.685 75.387 74.138 73.878 73.600 74.300 49.094 0.000 0.000 0.000 0.000 0.000 0.000 0.000 0.000 0.000 19.982 8.970 0.000 2.768 2.700 3.623 3.544 6.483 19.396 16.333 11.285 12.245 10.208 8.175 4.147 1.084 2.938 22.917 38.899
0.000 34.102 51.105 59.102 65.080 36.007 34.977 33.971 30.977 31.973 31.963 37.942 37.909 53.863 53.810 29.752 0.000 27.529 40.505 42.485 40.466 42.449 42.433 43.420 39.410 0.000 0.000 0.000 39.336 24.315 0.000 0.000 51.385 60.248 77.108 76.017 75.208 82.215 73.792 76.327 78.874 74.661 74.424 74.184 72.915 60.505 19.299 0.000 0.000 0.000 0.000 0.000 6.143 1.127 1.102 1.062 4.993 16.960 19.904 5.837 0.750 2.625 4.571 19.508 18.418 4.346 13.296 14.253 13.213 6.176 2.146 1.070 10.930 30.908 38.887
