results3/res_3e8f-0129.wd
ncols         241
nrows         181
xllcorner     12693529.787448
yllcorner     3542525.717860
cellsize      155.156523
NODATA_value  -9999.000000
[rows 66 to 98 of 181, columns 146 to 218 of 241]
32.389 47.328 69.270 70.215 70.164 70.116 70.068 70.021 69.975 72.939 8.916 0.000 0.000 0.000 0.000 0.000 0.000 0.000 41.279 16.279 0.000 23.277 53.274 53.275 53.276 60.277 66.277 66.276 66.273 66.269 66.265 66.260 66.254 66.248 66.243 68.238 53.234 54.232 46.231 0.000 0.000 0.000 0.000 0.000 22.442 29.433 38.413 32.377 10.331 8.269 23.232 44.203 52.175 46.149 41.123 41.098 31.074 28.050 28.026 31.003 51.981 63.960 58.940 47.921 54.902 61.884 65.868 65.852 64.837 64.822 64.809 64.796 64.784
35.446 54.385 72.327 70.273 70.224 70.178 70.132 70.082 75.026 63.984 33.965 30.973 0.000 0.000 0.000 0.000 0.000 12.278 14.278 0.000 0.000 0.000 23.267 54.267 63.268 66.268 66.267 66.266 66.264 70.261 68.258 66.254 66.249 66.245 65.241 57.238 51.235 57.233 47.232 0.000 0.000 0.000 0.000 14.434 28.435 33.429 29.421 0.000 0.000 5.214 25.198 28.177 42.155 51.132 40.108 39.085 37.062 28.038 28.015 26.993 32.971 56.950 63.930 48.911 50.892 52.875 54.858 58.842 62.827 64.813 65.800 64.787 64.775
40.501 61.439 71.379 70.327 70.282 70.241 68.200 67.150 22.061 7.007 37.986 43.981 8.982 0.000 0.000 0.000 0.000 0.000 0.000 0.000 0.000 7.255 36.259 56.259 66.260 66.260 66.259 66.258 66.256 68.254 67.251 66.248 66.245 67.242 57.239 55.237 58.235 53.234 45.233 0.000 0.000 0.000 0.000 32.434 35.434 0.000 0.000 0.000 0.154 33.176 35.167 45.153 48.135 59.115 57.094 45.072 34.050 26.027 28.004 27.982 22.961 36.940 53.920 57.900 62.882 59.865 52.848 57.832 60.817 60.803 58.790 60.778 63.766
45.556 68.490 72.425 73.372 70.335 71.304 66.277 12.258 0.000 36.998 37.989 42.985 50.983 0.000 0.000 0.000 0.000 0.000 0.000 0.000 0.000 19.253 42.253 55.253 67.253 66.252 66.252 66.251 66.249 67.247 66.245 66.243 66.240 63.238 57.237 22.237 0.000 0.000 0.000 0.000 0.000 0.000 0.000 28.434 35.434 0.000 0.000 0.000 50.140 36.147 31.143 59.132 64.117 65.100 69.081 63.060 51.038 31.016 27.993 27.971 25.950 26.929 32.909 33.889 40.871 48.854 55.837 59.822 60.807 61.793 57.780 60.768 61.756
27.612 32.542 42.457 18.404 75.383 72.362 57.347 34.346 4.377 0.000 0.000 0.000 0.000 0.000 0.000 0.000 0.000 0.000 0.000 0.000 0.000 20.250 45.247 48.246 64.246 66.245 66.245 66.244 70.242 69.241 66.239 66.237 67.236 58.234 61.233 0.000 0.000 0.000 0.000 0.000 0.000 0.000 0.000 0.000 22.433 31.433 0.000 0.000 81.132 44.131 26.125 57.115 65.102 65.087 65.069 68.049 67.027 47.005 29.982 27.960 25.938 28.917 29.897 37.878 42.859 31.842 31.826 36.811 41.796 47.783 52.770 56.758 60.746
73.674 52.608 0.000 0.000 79.430 71.413 58.405 40.403 7.408 0.000 0.000 0.000 0.000 0.000 0.000 0.000 0.000 0.000 0.000 0.000 0.000 0.000 6.240 50.240 66.240 66.239 66.238 66.237 68.236 67.235 66.234 66.232 67.231 55.230 65.229 0.000 0.000 0.000 0.000 0.000 0.000 0.000 0.000 0.000 0.000 0.000 0.000 0.000 18.125 34.119 27.111 57.102 65.091 65.077 66.060 66.040 66.017 58.994 34.971 30.948 28.926 25.905 46.885 58.865 64.847 48.830 41.814 37.799 35.785 32.771 32.759 32.747 60.736
49.747 0.000 0.000 76.600 76.495 74.455 65.457 50.452 6.445 0.000 0.000 0.000 0.000 0.000 0.000 0.000 0.000 0.000 0.000 0.000 0.000 0.000 32.234 55.234 67.233 66.233 66.232 67.232 66.231 66.230 66.228 66.227 67.226 60.225 25.225 0.000 0.000 0.000 0.000 0.000 0.000 0.000 0.000 0.000 0.000 0.000 0.000 0.000 0.000 31.109 30.100 48.091 63.082 66.069 60.053 56.033 62.009 52.983 35.959 34.936 43.914 38.892 61.872 65.852 64.834 62.817 62.801 59.786 57.772 54.759 50.747 42.736 62.725
76.788 66.787 72.760 28.706 0.000 0.000 71.515 45.505 6.475 0.000 8.675 0.000 0.000 0.000 0.000 0.000 0.000 0.000 0.000 0.000 0.000 0.000 48.228 60.228 67.228 66.227 66.227 68.226 68.225 66.224 66.223 66.222 65.221 61.220 10.220 0.000 0.000 0.000 0.000 0.000 0.000 0.000 0.000 0.000 0.000 0.000 0.000 0.000 0.000 0.000 19.087 45.083 63.076 64.066 45.052 48.029 50.003 46.971 31.946 28.924 51.902 60.879 64.857 66.837 66.819 67.802 65.787 65.773 66.759 65.747 66.735 66.724 65.714
78.831 70.814 75.786 26.757 0.000 0.000 62.583 10.577 0.000 0.000 40.675 3.676 0.000 0.000 0.000 0.000 0.000 0.000 0.000 0.000 0.000 0.000 51.222 63.222 67.222 66.222 66.221 67.221 67.220 66.220 66.219 67.218 63.217 58.216 8.215 0.000 0.000 0.000 0.000 0.000 0.000 0.000 0.000 0.000 0.000 0.000 0.000 0.000 11.075 13.076 24.078 40.077 62.072 64.067 10.061 0.000 0.000 36.951 30.932 25.912 39.890 58.865 64.842 66.822 66.804 66.787 64.772 64.759 65.746 64.734 64.723 65.712 65.703
70.892 70.851 70.814 68.780 55.750 41.711 34.657 33.643 29.664 32.672 35.676 35.676 7.676 0.000 0.000 0.000 0.000 0.000 12.198 14.198 0.000 4.216 50.216 64.217 66.217 66.217 66.217 66.216 66.216 66.215 66.214 66.213 48.212 43.211 41.209 36.206 0.201 0.000 0.000 0.000 0.000 0.000 0.000 0.000 0.000 0.000 0.000 0.000 15.074 41.075 32.075 36.073 56.070 57.067 30.065 0.000 0.000 0.000 27.917 32.903 31.880 50.848 63.824 64.804 64.786 64.771 64.757 64.744 64.732 64.720 64.710 64.700 64.691
70.929 70.883 70.839 69.798 66.761 68.724 42.691 21.676 59.676 32.678 36.679 12.677 0.000 0.000 0.000 0.000 0.000 0.000 12.198 58.198 7.199 0.000 49.211 63.212 67.212 66.212 68.212 69.212 67.211 66.211 66.210 64.209 57.208 48.206 49.205 48.204 1.203 0.000 0.000 0.000 0.000 0.000 0.000 0.000 0.000 0.000 0.000 0.000 9.074 44.074 36.073 43.071 58.069 53.067 59.066 0.000 0.000 0.000 0.000 0.000 0.000 40.825 63.801 64.784 64.768 64.753 64.740 64.728 64.717 64.706 64.697 64.687 64.679
70.961 70.914 71.861 73.813 70.771 70.735 69.708 70.693 61.687 39.684 11.684 0.000 0.000 0.000 0.000 0.000 0.000 0.000 0.000 51.199 38.199 28.201 44.205 66.207 66.208 66.208 66.208 66.208 66.207 66.207 66.206 66.205 64.204 43.202 47.201 54.200 0.000 0.000 0.000 0.000 0.000 0.000 0.000 0.000 0.000 0.000 0.000 0.000 5.073 56.073 0.049 23.069 46.068 53.067 14.066 0.000 0.000 0.000 0.000 0.000 0.000 0.000 52.774 65.762 64.748 64.734 64.722 64.711 64.701 64.692 64.683 64.675 64.666
73.995 69.950 66.878 68.822 71.777 71.736 73.714 70.701 68.693 55.690 4.688 0.000 0.000 0.000 0.000 0.000 0.000 0.000 0.000 7.199 42.199 34.200 50.202 68.203 66.204 66.204 66.205 66.204 66.204 66.203 66.203 66.201 67.200 56.199 43.197 47.195 53.193 0.000 0.000 0.000 0.000 0.000 0.000 0.000 0.000 0.000 0.000 0.000 0.000 1.073 0.000 0.000 31.067 50.066 0.000 0.000 0.000 0.000 0.000 0.000 0.000 0.000 40.758 61.743 64.727 64.715 64.704 64.694 64.686 64.677 64.669 64.662 64.654
67.035 28.014 0.000 0.000 0.000 63.719 68.711 74.702 70.697 59.693 9.692 0.000 43.693 13.693 0.000 0.000 0.000 0.000 0.000 0.000 34.197 38.198 59.199 67.200 68.201 69.201 66.202 66.201 66.201 66.200 66.199 66.198 66.197 67.195 46.194 28.192 37.190 0.000 0.000 0.000 0.000 0.000 0.000 0.000 0.000 0.000 0.000 0.000 0.000 0.000 0.000 0.000 20.066 53.066 0.000 0.000 0.000 0.000 0.000 0.000 0.000 0.000 0.000 41.724 61.705 64.693 64.685 64.677 64.670 64.662 64.656 64.649 64.642
62.069 19.056 0.000 0.000 38.711 36.711 53.707 72.702 69.698 54.695 35.694 39.694 43.693 9.693 0.000 0.000 0.000 0.000 5.189 0.000 35.195 46.196 66.197 66.198 69.198 69.199 66.199 66.199 66.198 66.198 66.197 66.196 66.194 67.193 63.191 58.189 47.186 27.182 21.180 0.000 0.000 0.000 0.000 0.000 0.000 0.000 0.000 0.000 0.000 0.000 0.000 0.000 22.065 14.065 0.000 0.000 0.000 0.000 0.000 0.000 0.000 0.000 0.000 0.000 46.675 62.670 64.664 64.659 64.653 64.648 64.642 64.636 64.629
68.094 49.087 21.093 0.000 0.000 38.708 38.704 60.701 72.698 50.696 37.695 42.694 20.694 0.000 0.000 0.000 0.000 0.000 34.190 27.191 32.192 49.194 68.195 68.196 69.196 66.197 66.197 66.197 66.196 66.196 66.195 66.193 66.192 66.190 66.188 68.186 57.183 45.181 34.178 35.176 28.174 19.173 24.172 0.000 0.000 0.000 0.000 0.000 0.000 0.000 0.000 0.000 25.065 0.029 0.000 0.000 0.000 0.000 0.000 0.000 0.000 0.000 0.000 0.000 31.649 59.647 63.645 64.641 64.638 64.634 64.629 64.624 64.618
71.112 62.105 15.099 0.000 0.000 0.000 37.702 42.699 69.697 57.696 38.695 41.694 16.694 0.000 0.000 0.000 0.000 0.000 37.189 30.190 33.191 51.192 70.193 69.194 67.195 67.195 66.195 66.195 66.195 66.194 66.193 67.192 67.190 67.188 61.186 52.183 56.181 63.179 56.177 54.175 42.173 29.172 36.172 0.000 0.000 0.000 0.000 0.000 0.000 0.000 0.000 0.000 0.000 0.000 0.000 0.000 0.000 0.000 0.000 0.000 0.000 0.000 0.000 0.000 23.626 54.626 64.626 66.624 66.623 66.620 65.617 64.613 64.607
71.126 46.121 0.000 0.000 0.000 0.000 0.000 44.697 57.696 51.696 50.695 47.694 37.694 15.694 0.000 0.000 0.000 0.000 36.188 29.189 34.189 49.190 61.191 58.192 53.193 55.194 60.195 65.194 67.193 67.193 65.191 55.190 53.189 58.187 47.184 44.181 44.179 55.177 59.175 54.174 40.173 29.172 1.171 0.000 0.000 0.000 0.000 0.000 0.000 0.000 0.000 0.000 0.000 0.000 0.000 0.000 0.000 0.000 0.000 0.000 0.000 0.000 0.000 0.000 11.603 36.605 42.607 44.608 44.608 45.608 54.606 63.603 64.598
70.136 36.132 0.000 0.000 0.000 0.000 0.000 39.696 33.696 32.695 40.695 40.694 40.694 36.694 9.693 0.000 0.000 0.000 41.187 36.188 41.188 51.189 54.190 57.191 15.192 0.000 0.000 6.193 67.193 64.192 53.190 8.190 0.000 0.000 46.181 78.179 71.177 50.175 56.174 50.173 39.172 24.171 27.170 0.000 0.000 0.000 0.000 0.000 0.000 0.000 0.000 0.000 0.000 0.000 0.000 0.000 0.000 0.000 0.000 0.000 15.538 36.541 47.548 46.559 64.577 72.586 73.590 71.593 73.595 60.596 43.597 61.595 64.592
68.142 33.139 0.000 0.000 0.000 0.000 0.000 39.696 35.696 14.695 0.000 0.000 0.000 0.000 0.000 0.000 0.000 0.000 47.186 41.186 36.187 32.187 18.188 0.000 0.000 0.000 0.000 0.000 0.000 0.000 40.188 2.188 0.000 0.000 0.000 41.176 74.175 34.174 35.173 34.171 30.171 33.170 80.169 39.168 0.000 0.000 0.000 0.000 0.000 0.000 0.000 0.000 0.000 0.000 0.000 0.000 0.000 0.000 0.000 0.000 1.534 83.538 79.544 61.552 62.562 59.570 60.575 82.579 75.583 61.586 41.589 50.591 49.591
54.146 35.144 29.144 0.000 0.000 0.000 0.000 0.000 37.695 21.695 0.000 0.000 0.000 0.000 0.000 0.000 0.000 0.000 47.185 47.185 48.186 31.186 6.186 0.000 0.000 0.000 0.000 0.000 0.000 0.000 36.187 13.187 0.000 0.000 0.000 40.174 89.174 53.173 56.171 51.170 36.170 54.169 108.168 105.168 36.167 0.000 0.000 0.000 0.000 0.000 0.000 0.000 0.000 0.000 0.000 0.000 0.000 14.518 4.519 2.522 11.527 86.532 53.537 61.543 52.550 33.556 44.562 87.566 53.571 40.576 47.584 1.587 0.000
38.148 38.146 24.145 0.000 0.000 0.000 0.000 0.000 0.000 0.000 0.000 0.000 0.000 0.000 0.000 0.000 0.000 0.000 50.184 41.184 35.184 33.185 7.185 0.000 0.000 0.000 0.000 0.000 0.000 33.185 26.185 51.186 47.185 0.000 0.000 46.173 52.173 44.172 87.170 76.168 47.169 0.165 64.168 119.167 3.167 0.000 0.000 0.000 0.000 0.000 0.000 0.000 0.000 0.000 0.000 0.000 65.517 103.517 94.518 90.520 37.523 81.526 49.530 38.534 85.539 66.544 86.549 67.554 37.559 45.563 0.000 0.000 0.000
41.148 42.146 34.145 0.000 0.000 0.000 0.000 0.000 0.000 0.000 0.000 0.000 0.000 0.000 0.000 0.000 0.000 0.000 4.184 45.183 35.183 13.183 0.000 0.000 0.000 0.000 0.000 0.000 0.000 35.184 32.185 8.185 0.000 0.000 0.000 20.173 0.000 0.000 0.162 42.164 0.000 0.000 20.167 86.167 41.167 0.000 0.000 0.000 0.000 0.000 0.000 0.000 0.000 0.000 0.000 0.000 21.517 1.516 65.516 69.516 20.518 81.519 58.522 31.525 49.528 99.532 113.537 47.542 35.547 2.555 0.000 0.000 11.476
40.147 41.146 41.145 45.144 37.143 0.000 0.000 0.000 0.000 0.000 0.000 0.000 0.000 0.000 0.000 0.000 0.000 0.000 0.000 35.182 31.182 15.182 0.000 0.000 0.000 0.000 0.000 0.000 36.184 33.184 10.184 0.000 0.000 0.000 0.000 0.000 0.000 0.000 0.000 46.159 0.000 0.000 20.167 0.000 0.000 0.000 0.000 0.000 0.000 0.000 0.000 0.000 0.000 0.000 0.000 0.000 0.000 0.000 41.513 60.513 19.512 83.512 63.513 33.515 82.517 85.520 80.524 88.529 52.534 0.000 0.000 0.000 25.469
42.145 20.145 31.144 40.143 40.143 40.142 39.142 0.000 0.000 0.000 0.000 0.000 0.000 0.000 0.000 0.000 0.000 0.000 0.000 37.181 33.181 17.181 0.000 0.000 0.000 0.000 0.000 0.000 0.000 39.184 11.184 0.000 0.000 0.000 0.000 0.000 0.000 0.000 10.154 33.155 37.154 14.154 0.000 0.000 0.000 0.000 0.000 0.000 0.000 0.000 0.000 0.000 0.000 0.000 0.000 0.000 0.000 0.000 44.510 64.509 24.508 84.505 69.504 83.504 83.505 42.508 35.511 80.516 29.525 0.000 0.000 26.454 34.460
47.142 0.000 0.000 37.143 26.143 0.000 39.141 29.141 0.000 0.000 0.000 0.000 0.000 0.000 0.000 0.000 0.000 0.000 0.000 36.181 33.181 21.181 0.000 0.000 0.000 0.000 0.000 0.000 0.000 0.000 0.000 0.000 0.000 0.000 0.000 0.000 0.000 0.000 49.153 66.153 27.153 0.000 0.000 0.000 0.000 0.000 0.000 0.000 0.000 0.000 0.000 0.000 0.000 0.000 0.000 0.000 0.000 0.000 79.508 65.507 26.504 84.497 81.493 73.492 65.493 51.495 52.497 21.500 0.000 0.000 10.445 29.448 36.452
44.138 0.000 0.000 24.143 16.143 0.000 0.000 0.000 0.000 48.095 44.095 35.095 0.000 0.000 0.000 0.000 0.000 0.000 0.000 40.180 36.180 18.180 0.000 0.000 0.000 0.000 0.000 0.000 0.000 0.000 0.000 0.000 0.000 0.000 0.000 0.000 0.000 0.000 12.153 96.152 62.152 0.000 0.000 0.000 0.000 0.000 0.000 0.000 0.000 0.000 0.000 0.000 0.000 0.000 0.000 0.000 0.000 0.000 11.508 0.000 0.000 58.484 99.481 78.480 77.480 75.481 78.484 26.487 0.000 0.000 14.442 28.443 29.444
60.133 0.000 0.000 0.000 0.000 46.106 33.106 0.000 44.097 38.096 38.095 30.095 0.000 0.000 0.000 0.000 0.000 0.000 0.000 40.180 35.180 23.180 0.000 0.000 0.000 0.000 0.000 0.000 0.000 0.000 0.000 0.000 0.000 0.000 0.000 0.000 0.000 0.000 0.000 40.151 32.151 3.150 0.000 0.000 0.000 0.000 0.000 0.000 0.000 0.000 0.000 0.000 0.000 0.000 0.000 0.000 0.000 0.000 0.000 0.000 0.000 5.476 41.468 42.465 40.465 40.466 37.469 33.478 0.000 0.000 7.438 28.436 26.437
71.127 60.121 42.118 43.114 42.111 36.108 37.105 38.101 36.098 41.096 40.095 31.094 28.094 0.000 0.000 0.000 0.000 0.000 0.000 27.180 0.000 0.000 0.000 0.000 0.000 0.000 0.000 0.000 0.000 0.000 0.000 0.000 0.000 0.000 0.000 0.000 0.000 0.000 0.000 0.000 39.150 2.149 0.000 0.000 0.000 0.000 0.000 0.000 0.000 0.000 0.000 0.000 0.000 0.000 0.000 0.000 0.000 0.000 0.000 0.000 0.000 0.000 29.448 28.449 28.449 44.449 39.449 0.000 0.000 0.000 0.425 41.427 53.429
71.123 65.120 35.117 35.115 35.112 18.108 19.105 23.102 33.099 42.096 39.095 31.094 34.093 23.093 0.000 0.000 0.000 0.000 0.000 0.000 0.000 0.000 0.000 0.000 0.000 0.000 0.000 0.000 0.000 0.000 0.000 0.000 0.000 0.000 0.000 0.000 0.000 0.000 0.000 0.000 0.000 42.148 1.148 0.000 0.000 0.000 0.000 0.000 0.000 0.000 0.000 0.000 0.000 0.000 0.000 0.000 0.000 0.000 0.000 0.000 21.414 24.418 28.429 28.433 30.434 49.433 39.429 22.420 0.000 0.000 36.412 57.417 64.420
71.120 69.119 39.117 36.115 16.113 0.000 0.000 0.000 0.000 33.095 36.094 34.093 27.092 0.000 0.000 0.000 0.000 0.000 0.000 0.000 0.000 0.000 0.000 0.000 0.000 0.000 0.000 0.000 0.000 0.000 0.000 0.000 0.000 0.000 0.000 0.000 0.000 0.000 0.000 0.000 0.000 45.148 7.147 0.000 0.000 0.000 0.000 0.000 0.000 0.000 0.000 0.000 0.000 0.000 0.000 0.000 0.000 0.000 0.000 0.000 32.410 29.412 28.417 24.420 37.420 54.419 38.416 27.411 22.404 22.403 46.406 63.410 64.412
71.118 69.117 22.117 26.116 0.000 0.000 0.000 0.000 0.000 0.000 24.093 37.092 29.092 0.000 0.000 0.000 0.000 0.000 0.000 0.000 0.000 0.000 0.000 0.000 0.000 0.000 0.000 0.000 0.000 0.000 0.000 0.000 0.000 0.000 0.000 0.000 0.000 0.000 0.000 0.000 0.000 0.000 13.147 0.000 0.000 0.000 0.000 0.000 0.000 0.000 0.000 0.000 1.384 9.384 0.000 0.000 0.000 0.000 0.000 26.399 24.403 23.405 28.407 42.409 55.408 45.407 29.405 27.402 29.400 26.399 47.401 65.403 64.405
71.116 45.116 0.000 0.000 0.000 0.000 0.000 0.000 0.000 0.000 0.000 27.091 34.090 32.089 0.000 0.000 0.000 0.000 0.000 0.000 0.000 0.000 0.000 0.000 0.000 0.000 0.000 0.000 0.000 0.000 0.000 0.000 0.000 0.000 0.000 0.000 0.000 0.000 0.000 0.000 0.000 0.000 0.000 0.000 0.000 0.000 0.000 0.000 0.000 0.000 0.000 0.000 0.000 2.385 4.386 0.000 31.389 23.390 21.392 33.395 47.397 52.398 54.399 54.399 40.398 28.397 27.396 27.394 26.393 28.393 51.394 66.396 64.398
