results3/res_3e8f-0060.wd
ncols         241
nrows         181
xllcorner     12693529.787448
yllcorner     3542525.717860
cellsize      155.156523
NODATA_value  -9999.000000
[rows 99 to 131 of 181, columns 0 to 73 of 241]
0.000 0.000 0.000 0.000 0.000 54.840 94.840 96.838 87.835 82.834 0.000 0.000 0.000 0.000 0.000 0.000 0.000 62.827 59.826 0.000 0.000 0.000 0.000 57.797 56.796 0.000 0.000 0.000 0.000 4.058 0.000 0.000 0.000 0.000 9.912 55.907 51.896 50.878 51.852 52.823 65.792 54.757 58.719 50.678 52.632 50.583 51.531 56.477 57.419 55.359 59.298 52.235 52.170 54.104 57.035 70.961 71.897 56.847 42.800 0.000 0.000 0.000 0.000 0.000 20.392 75.391 72.386 59.371 34.357 29.341 73.326 50.312 52.300 52.291
0.000 0.000 0.000 0.000 0.000 55.843 95.843 95.843 0.000 0.000 0.000 0.000 0.000 0.000 0.000 0.000 7.827 73.827 62.827 0.826 0.000 0.000 60.807 59.803 63.801 0.000 0.000 0.000 0.000 62.058 54.058 0.000 0.000 0.000 68.958 78.952 64.942 57.927 51.907 53.883 72.855 57.822 63.785 63.744 54.699 69.650 61.598 62.542 52.483 60.422 60.359 58.294 52.228 53.162 57.092 53.992 15.925 5.886 0.000 0.000 0.000 0.000 0.000 23.373 60.377 72.375 79.370 69.360 45.349 46.336 60.324 51.313 52.303 52.295
0.859 0.000 0.000 0.000 0.000 42.847 91.847 100.847 10.849 0.000 0.000 0.000 0.000 0.000 0.000 0.000 0.000 80.828 61.827 62.825 64.822 61.817 58.811 59.807 57.804 0.000 0.000 0.000 0.000 55.058 55.059 56.057 55.050 55.036 54.009 64.000 72.993 19.983 83.968 73.947 78.922 63.891 8.855 79.815 77.770 76.720 80.667 69.610 52.550 55.487 60.422 60.355 57.288 53.223 42.178 0.000 0.000 0.000 0.000 0.000 0.000 0.000 0.000 33.370 60.367 60.363 71.358 70.350 53.341 53.331 52.322 52.312 52.304 52.297
68.860 71.860 3.860 0.000 0.000 52.850 91.850 96.851 106.852 11.853 0.000 0.000 0.000 0.000 2.839 2.839 0.835 17.831 65.829 62.827 80.823 94.819 69.815 54.811 0.000 0.000 0.000 0.000 0.000 0.000 54.061 55.063 55.057 55.049 55.043 54.048 54.048 53.044 54.033 59.017 70.994 64.965 7.930 79.890 80.845 58.795 65.740 82.682 76.619 63.553 53.486 59.418 60.346 63.263 48.220 0.000 0.000 0.000 0.000 0.000 0.000 0.000 0.000 0.000 11.357 57.354 54.349 54.343 52.335 52.327 52.319 52.311 52.304 51.298
82.860 65.860 65.860 67.859 69.857 88.855 96.854 96.853 96.854 98.854 72.855 11.856 0.000 60.840 67.840 68.839 30.837 25.834 88.832 96.829 91.826 87.821 70.817 0.000 0.000 0.000 0.000 0.000 0.000 0.000 0.000 55.078 54.065 53.061 54.067 55.099 55.109 55.110 55.105 56.093 75.073 70.046 53.011 54.970 65.924 76.874 53.818 65.758 66.692 59.621 79.552 62.484 54.415 0.000 0.000 0.000 0.000 0.000 0.000 0.000 0.000 0.000 0.000 0.000 3.351 57.346 52.341 52.336 52.329 52.322 52.315 50.309 48.303 50.298
97.861 87.861 68.861 72.860 90.859 96.857 96.856 96.856 96.856 91.856 63.856 69.856 0.000 51.841 86.842 94.841 94.839 78.837 93.835 100.833 10.831 0.000 0.000 0.000 0.000 0.000 0.000 0.000 0.000 0.000 0.000 55.107 0.000 0.000 0.000 56.171 55.177 55.183 55.184 56.177 72.160 77.133 54.098 55.056 55.009 72.957 73.902 51.840 59.770 78.688 70.617 48.550 0.000 0.000 0.000 0.000 0.000 0.000 0.000 0.000 0.000 0.000 0.000 0.000 0.340 57.338 52.335 52.330 52.324 51.318 50.312 55.306 56.301 57.297
97.863 97.862 92.862 95.861 96.861 96.860 96.859 96.858 96.858 92.858 67.857 84.857 0.000 0.000 64.845 88.844 96.842 97.840 96.838 101.836 4.833 0.000 0.000 0.000 0.000 0.000 0.000 0.000 0.000 0.000 0.000 55.135 0.000 0.000 57.244 55.238 55.247 55.261 55.271 55.271 72.257 77.230 54.192 55.147 55.098 56.046 76.991 70.931 77.860 67.742 48.680 0.000 0.000 0.000 0.000 0.000 0.000 0.000 0.000 0.000 0.000 0.000 0.000 0.000 55.332 52.333 52.331 52.326 52.320 51.314 53.308 57.303 58.299 58.296
95.864 96.864 96.864 96.863 96.863 96.862 96.861 96.861 96.860 97.860 92.859 99.858 23.857 2.854 52.850 71.847 94.846 96.844 97.842 85.841 0.000 0.000 0.000 0.000 0.000 0.000 0.000 0.000 0.000 0.000 0.000 49.164 54.193 54.222 53.251 55.288 55.313 55.342 55.369 55.379 72.367 77.337 54.294 55.243 55.190 55.136 60.084 83.035 62.996 0.000 0.000 0.000 0.000 0.000 0.000 0.000 0.000 0.000 0.000 0.000 0.000 0.000 0.000 0.000 8.332 59.331 55.328 56.324 54.317 50.308 57.303 58.300 56.297 56.294
92.866 97.866 96.866 96.866 96.865 96.865 96.864 96.863 96.863 96.862 97.861 90.860 74.858 65.856 59.853 86.851 96.849 96.847 101.846 4.845 0.000 0.000 0.000 0.000 0.000 0.000 0.000 0.000 0.000 0.000 0.000 0.000 0.000 0.000 0.000 55.349 55.376 55.425 55.486 55.508 71.495 78.457 55.403 55.343 55.283 55.226 55.175 61.129 14.092 0.000 0.000 0.000 0.000 0.000 0.000 0.000 0.000 0.000 0.000 0.000 0.000 0.000 0.000 0.000 0.000 0.000 0.000 0.000 0.301 59.299 57.298 58.296 55.294 50.292
92.869 97.869 96.869 96.868 96.868 96.868 96.867 96.866 96.866 96.865 97.863 82.862 61.860 60.858 69.856 93.854 96.852 96.851 102.850 7.849 0.000 0.000 0.000 0.000 0.000 0.000 0.000 0.000 0.000 0.000 0.000 0.000 0.000 0.000 0.000 51.383 55.418 52.495 55.642 55.673 74.649 78.593 55.519 55.442 55.372 55.311 55.260 52.214 2.153 0.000 0.000 0.000 0.000 0.000 0.000 0.000 0.000 0.000 0.000 0.000 0.000 51.264 0.000 0.000 0.000 0.000 0.000 0.000 55.288 56.292 58.292 58.292 55.291 51.290
95.872 96.872 96.872 96.871 96.871 96.871 96.870 96.870 96.869 96.868 96.866 93.865 70.863 71.861 88.859 95.857 96.856 96.854 103.853 20.852 0.000 0.000 0.000 0.000 0.000 0.000 0.000 0.000 0.000 0.000 0.000 0.000 0.000 0.000 0.000 0.000 51.418 0.000 54.913 55.894 83.836 70.746 55.637 55.535 55.451 68.387 58.340 53.313 0.000 0.000 0.000 0.000 0.000 0.000 0.000 0.000 0.000 0.000 0.000 0.000 3.264 62.264 47.265 0.000 0.000 0.000 0.000 56.282 59.285 58.287 55.288 51.288 51.288 49.288
96.875 96.875 96.875 96.875 96.875 96.874 96.874 96.873 96.872 96.871 96.870 96.868 98.866 98.864 97.862 96.860 96.859 98.858 87.856 30.854 0.000 0.000 0.000 0.000 0.000 0.000 0.000 0.000 0.000 0.000 0.000 0.000 0.000 0.000 0.000 0.000 0.000 0.000 55.203 56.153 90.057 58.917 55.750 55.610 67.512 76.445 55.402 55.385 54.402 0.000 0.000 0.000 0.000 0.000 0.000 0.000 0.000 0.000 0.000 0.000 0.000 58.265 59.265 46.266 0.000 52.274 54.276 58.279 57.282 55.284 54.285 50.286 58.286 61.286
95.878 94.878 96.879 96.879 96.879 96.878 96.878 96.878 96.877 96.875 96.874 96.872 96.869 96.867 96.865 96.864 97.862 80.861 8.861 0.000 57.865 71.864 17.864 0.000 0.000 0.000 0.000 0.000 0.000 0.000 0.000 0.000 0.000 0.000 0.000 0.000 0.000 0.000 51.544 62.458 85.321 56.115 52.836 55.643 55.541 55.478 55.440 55.422 55.420 52.420 0.000 0.000 0.000 0.000 0.000 0.000 0.000 0.000 0.000 0.000 0.000 53.265 49.265 55.267 50.269 58.272 58.274 57.277 53.279 56.281 51.282 50.283 50.284 43.285
85.882 85.882 94.882 96.883 96.883 96.883 96.883 96.882 96.881 96.880 96.878 97.876 98.873 96.870 96.868 96.867 96.866 18.865 2.865 57.866 67.865 77.865 76.864 69.864 61.863 2.863 0.000 0.000 0.000 0.000 0.000 0.000 0.000 0.000 0.000 56.472 59.408 59.261 55.972 54.814 63.656 51.385 0.000 51.587 55.530 55.487 55.458 55.442 54.436 0.000 0.000 0.000 0.000 0.000 0.000 0.000 55.260 66.260 0.000 0.000 54.263 52.264 52.265 49.266 57.268 58.271 58.273 55.276 58.278 58.279 56.280 51.281 40.282 0.000
67.885 72.886 91.887 97.887 96.888 96.888 96.888 96.887 96.887 96.886 98.884 84.881 80.877 95.873 100.871 97.869 92.869 74.869 77.869 83.868 77.866 78.865 57.864 50.864 0.000 0.000 0.000 0.000 0.000 0.000 0.000 0.000 0.000 0.000 47.535 53.535 56.493 56.402 56.269 56.170 58.103 0.000 0.000 0.000 50.506 55.483 55.464 55.452 55.446 0.000 0.000 0.000 0.000 0.000 0.000 15.260 72.260 54.261 52.261 52.262 52.263 52.264 50.265 55.266 58.268 58.270 54.272 58.275 58.277 57.278 51.279 52.280 42.280 0.000
51.888 66.889 85.891 98.893 99.893 99.893 97.893 96.893 97.893 96.892 97.891 35.888 6.880 54.875 72.872 93.872 100.872 98.873 98.873 84.869 7.868 0.000 0.000 0.000 0.000 0.000 0.000 0.000 0.000 2.545 4.546 0.000 0.000 0.000 0.000 52.641 56.626 54.587 55.532 57.494 58.483 0.000 0.000 0.000 0.000 48.473 55.463 55.456 52.451 0.000 0.000 0.000 0.000 0.000 0.000 0.000 14.260 68.261 51.261 51.262 52.262 51.263 51.264 57.265 58.267 56.269 44.270 0.000 62.277 56.278 56.278 56.279 42.279 0.000
15.890 37.892 70.897 76.899 70.899 72.897 89.899 97.900 93.900 86.900 85.900 20.899 0.000 0.000 0.000 30.873 65.874 91.879 98.882 0.000 0.000 0.000 0.000 0.000 0.000 0.000 0.000 0.000 0.000 44.546 65.546 10.546 0.000 0.000 0.000 52.763 58.784 57.786 66.780 67.791 57.851 3.031 0.000 0.000 0.000 0.000 52.461 53.458 0.000 0.000 0.000 0.000 0.000 0.000 0.000 0.000 0.000 73.261 76.261 56.262 50.262 48.263 58.264 58.265 53.266 0.000 0.000 0.000 3.277 61.277 58.277 58.278 48.278 0.000
0.000 0.000 51.907 60.907 12.907 0.000 61.907 90.907 81.908 77.908 91.909 58.911 18.917 0.000 0.000 0.000 0.000 36.886 67.893 0.000 0.000 0.000 0.000 0.000 0.000 0.000 0.000 0.000 0.000 0.000 49.546 67.547 0.000 0.000 0.000 43.862 57.963 55.993 86.010 79.039 57.102 59.210 5.328 0.000 0.000 0.000 47.461 0.000 0.000 0.000 0.000 0.000 0.000 0.000 0.000 0.000 0.000 0.000 61.261 78.262 63.262 57.263 58.263 53.264 0.000 0.000 0.000 0.000 0.000 53.277 58.277 58.277 53.277 0.000
0.000 0.000 47.917 92.916 49.916 0.000 50.915 82.915 84.915 95.916 97.917 100.919 106.923 45.928 14.930 0.000 0.000 0.000 7.912 2.919 0.000 0.000 0.000 0.000 0.000 0.000 0.000 0.000 0.000 0.000 50.547 65.547 0.000 2.553 6.554 0.000 51.211 59.214 89.226 71.255 59.307 58.379 63.447 0.000 0.000 0.000 0.000 0.000 0.000 0.000 0.000 0.000 0.000 0.000 0.000 0.000 0.000 0.000 0.000 0.000 66.262 56.262 54.263 0.000 0.000 0.000 0.000 0.000 52.276 51.276 53.277 47.277 0.000 0.000
20.935 35.933 69.927 87.925 95.925 64.927 77.924 100.923 97.923 96.923 96.924 96.926 96.928 102.931 105.933 61.934 20.933 2.931 65.925 79.926 72.929 74.930 30.931 6.930 3.930 0.000 0.000 0.000 0.000 0.000 29.548 51.548 57.551 57.553 60.555 19.558 52.456 81.426 83.427 60.449 58.492 58.553 61.633 6.763 1.831 0.000 0.000 0.000 0.000 0.000 0.000 0.000 0.000 0.000 0.000 0.000 0.000 0.000 0.000 0.000 0.000 0.000 0.258 0.000 0.000 0.000 0.000 54.276 49.276 47.276 0.000 0.000 0.000 0.000
93.938 96.936 96.934 94.932 92.932 93.932 95.930 95.930 96.930 97.930 97.931 96.932 89.933 93.935 96.936 100.936 104.936 105.934 97.932 93.931 90.931 85.931 87.931 80.931 36.930 14.930 0.000 0.000 0.000 0.000 0.000 0.000 0.000 0.000 0.000 76.664 65.628 94.608 85.606 72.623 59.658 58.707 58.770 62.844 58.892 0.000 0.000 0.000 0.000 0.000 0.000 0.000 0.000 0.000 0.000 0.000 0.000 0.000 0.000 0.000 0.000 0.000 0.000 0.000 0.000 0.000 0.000 0.000 0.000 0.000 0.000 0.000 0.000 0.000
96.942 91.941 89.940 88.939 82.938 79.938 80.937 80.937 86.936 91.937 91.937 84.938 68.939 83.939 96.940 96.940 96.939 96.938 96.936 96.935 97.934 97.933 100.932 101.931 101.930 101.930 40.930 0.000 0.000 0.000 0.000 0.000 0.000 0.000 0.000 48.805 74.786 79.770 63.768 80.781 68.808 58.848 58.898 61.950 4.990 0.000 0.000 0.000 0.000 0.000 0.000 0.000 0.000 0.000 0.000 0.000 0.000 0.000 0.000 0.000 0.000 0.000 0.000 0.000 0.000 0.000 0.000 0.000 0.000 0.000 0.000 0.000 0.000 0.000
66.947 39.947 61.946 75.945 73.945 53.944 38.944 34.943 54.943 71.943 70.943 63.944 58.944 68.945 89.945 97.944 96.944 96.943 96.941 96.940 96.938 100.935 75.933 63.931 62.930 66.930 69.929 8.929 0.000 0.000 0.000 0.000 0.000 0.000 0.000 46.966 82.941 65.919 57.914 67.924 78.947 62.980 59.022 59.070 65.128 9.225 3.270 0.000 0.000 0.000 0.000 0.000 0.000 0.000 0.000 0.000 0.000 0.000 0.000 0.000 0.000 0.000 0.000 0.000 0.000 0.000 0.000 0.000 0.000 0.000 0.000 0.000 0.000 0.000
56.953 27.953 49.952 64.952 60.951 37.951 23.951 27.950 47.950 61.950 59.950 59.950 60.950 58.950 77.950 94.950 96.949 96.948 96.946 96.944 95.941 58.938 0.000 0.000 0.000 0.000 0.000 0.000 0.000 53.331 73.331 25.331 11.328 7.315 54.266 71.152 88.093 65.051 59.044 57.054 74.075 76.104 62.139 59.180 59.226 62.278 71.315 9.345 4.352 0.000 0.000 0.000 0.000 0.000 0.000 0.000 0.000 0.000 0.000 0.000 0.000 0.000 0.000 0.000 0.000 0.000 0.000 0.000 0.000 0.000 0.000 0.000 0.000 0.000
69.959 65.959 60.959 59.959 60.958 62.958 63.957 66.957 65.957 61.957 60.957 60.957 60.956 59.956 66.956 88.955 97.955 96.954 98.952 70.950 36.946 0.000 0.000 0.000 0.000 0.000 0.000 0.000 0.000 18.332 40.332 43.333 47.338 61.352 58.332 79.282 76.230 50.146 57.159 59.174 61.195 74.222 66.252 61.284 59.318 58.348 75.366 66.368 60.360 0.000 0.000 0.000 0.000 0.000 0.000 0.000 0.000 0.000 0.000 0.000 0.000 0.000 0.000 0.000 0.000 0.000 0.000 0.000 0.000 0.000 0.000 0.000 0.000 15.027
59.966 60.966 60.966 60.966 60.965 60.965 60.965 60.964 60.964 60.964 60.964 60.963 60.963 60.963 58.962 79.962 96.961 98.960 94.959 20.958 0.000 0.000 0.000 0.000 0.000 0.000 0.000 0.000 0.000 0.000 0.000 0.000 0.000 45.422 62.429 88.415 62.396 0.000 45.272 60.288 58.311 62.336 63.362 72.388 61.413 59.431 58.433 54.400 0.000 0.000 0.000 0.000 0.000 0.000 0.000 0.000 0.000 0.000 0.000 0.000 0.000 0.000 0.000 0.000 0.000 0.000 0.000 0.000 0.000 0.000 0.000 0.000 20.199 85.122
60.973 60.973 60.973 60.973 60.972 60.972 60.972 59.972 59.971 60.971 60.971 60.970 60.970 60.969 59.969 67.968 82.967 93.967 81.966 7.965 0.000 0.000 0.000 0.000 0.000 0.000 0.000 0.000 0.000 0.000 0.000 0.000 0.000 22.485 71.548 96.553 6.545 0.000 43.369 61.397 59.424 58.449 66.472 77.494 65.514 59.529 63.536 0.000 0.000 0.000 0.000 0.000 0.000 0.000 0.000 0.000 0.000 0.000 0.000 0.000 0.000 0.000 0.000 0.000 0.000 0.000 0.000 0.000 0.000 0.000 0.000 0.000 77.275 91.221
60.981 60.981 60.980 60.980 60.980 60.980 60.979 64.979 65.979 61.978 60.978 60.978 60.977 60.976 60.976 59.975 62.974 71.973 71.973 12.973 0.000 0.000 0.000 0.000 0.000 0.000 14.653 0.000 0.000 0.000 0.000 0.000 0.000 0.000 75.725 90.704 13.686 0.000 27.437 58.506 59.540 59.563 58.584 63.603 65.621 61.636 63.646 0.000 0.000 0.000 0.000 0.000 0.000 0.000 0.000 0.000 0.000 0.000 0.000 0.000 0.000 0.000 0.000 0.000 0.000 0.000 0.000 0.000 0.000 0.000 0.000 61.500 70.406 70.333
60.988 60.988 60.988 60.988 60.988 60.988 59.987 71.987 76.987 63.986 60.986 60.985 60.984 60.984 60.983 60.982 60.981 59.980 62.980 43.980 0.000 0.000 0.000 0.000 0.000 56.654 77.654 39.651 30.641 29.627 0.000 0.000 0.000 57.057 98.924 72.851 72.808 0.000 0.000 44.652 61.665 59.681 59.697 57.713 73.731 77.749 71.765 0.000 0.000 0.000 0.000 0.000 0.000 0.000 0.000 0.000 0.000 0.000 0.000 0.000 0.000 0.000 0.000 0.000 0.000 0.000 0.000 0.000 0.000 0.000 35.669 86.594 72.516 85.450
60.996 60.996 60.996 60.996 60.996 60.996 59.995 72.995 78.995 62.994 60.994 60.993 60.992 60.991 60.990 60.989 60.988 60.987 60.987 66.987 37.988 0.000 0.000 0.000 0.000 19.655 34.656 56.659 64.645 68.614 42.553 18.469 53.354 91.190 89.064 68.969 50.888 8.888 0.000 44.784 61.789 60.798 63.809 58.823 67.840 90.864 87.900 32.974 0.000 13.135 0.000 0.000 0.000 0.000 0.000 0.000 0.000 0.000 0.000 0.000 0.000 0.000 0.000 0.000 0.000 0.000 0.000 0.000 0.000 0.000 72.744 128.690 111.625 133.533
58.005 59.005 60.005 60.004 61.004 61.004 59.004 74.003 77.003 60.002 61.002 61.001 61.000 60.999 60.998 60.997 60.996 60.994 60.993 60.992 66.991 46.989 0.000 0.000 0.000 0.000 0.000 32.685 63.666 59.631 62.575 66.500 78.403 95.285 79.174 47.071 0.000 0.000 0.000 43.911 60.910 63.913 76.919 62.929 72.944 73.966 92.999 97.048 80.109 30.136 0.000 0.000 0.000 0.000 0.000 0.000 0.000 0.000 0.000 0.000 0.000 0.000 0.000 0.000 0.000 0.000 0.000 0.000 0.000 58.967 68.873 69.799 72.730 91.705
79.013 74.013 69.013 67.013 63.013 59.013 59.012 74.012 77.011 59.011 61.010 61.010 61.009 61.008 61.006 61.005 60.004 59.002 59.999 59.997 59.993 65.988 42.980 19.973 0.000 0.000 0.000 31.729 69.705 63.668 58.618 71.553 94.473 88.375 56.274 0.000 0.000 0.000 0.000 42.038 60.029 65.024 72.025 67.030 72.041 71.057 84.081 78.111 71.144 44.162 0.000 0.000 0.000 0.000 0.000 0.000 0.000 0.000 0.000 0.000 0.000 0.000 0.000 0.000 5.784 0.000 0.000 2.142 36.142 64.062 132.979 96.911 128.794 112.466
99.022 98.022 94.022 89.022 85.022 80.021 75.021 71.021 66.020 60.020 61.019 61.018 61.017 61.016 60.015 62.014 68.012 73.009 72.006 70.003 63.998 58.991 62.980 68.966 32.940 13.907 17.863 51.797 74.756 65.718 61.674 84.624 96.561 52.468 0.000 0.000 0.000 5.274 12.247 46.174 59.144 64.130 80.125 70.127 63.132 56.142 62.156 80.173 77.191 83.208 2.231 0.000 0.000 0.000 0.000 0.000 0.000 0.000 0.000 0.000 0.000 0.000 0.000 0.000 2.784 0.000 0.000 0.000 71.222 62.158 72.086 94.978 71.149 110.603
