results3/res_3e8f-0165.wd
ncols         241
nrows         181
xllcorner     12693529.787448
yllcorner     3542525.717860
cellsize      155.156523
NODATA_value  -9999.000000
[rows 0 to 32 of 181, columns 146 to 218 of 241]
0.000 0.000 0.000 0.000 0.000 0.000 0.000 0.000 0.000 0.000 0.000 0.000 0.000 0.000 5.592 16.449 17.216 16.930 16.614 16.286 15.964 15.663 15.394 15.165 14.978 14.833 14.726 14.651 14.604 14.578 14.566 19.562 0.000 0.000 0.000 0.000 0.000 0.000 0.000 0.000 0.000 0.000 0.000 0.000 0.000 0.000 0.000 0.000 0.000 18.558 25.558 0.000 0.000 44.519 49.519 0.000 0.000 0.000 0.000 0.000 0.000 0.000 0.000 0.000 0.000 0.000 0.000 0.000 0.000 0.000 0.000 0.000 0.000
0.000 0.000 0.000 0.000 0.000 0.000 0.000 0.000 0.000 0.000 0.000 0.000 0.000 1.145 16.736 17.538 17.269 16.960 16.625 16.281 15.943 15.631 17.355 16.123 14.937 14.795 14.693 14.624 14.582 14.563 14.559 19.558 0.000 0.000 0.000 0.000 0.000 0.000 0.000 0.000 0.000 0.000 0.000 0.000 0.000 0.000 0.000 0.000 15.559 37.559 13.558 0.000 23.519 56.519 50.519 0.000 0.000 0.000 0.000 0.000 0.000 0.000 0.000 0.000 0.000 0.000 0.000 0.000 35.505 0.000 0.000 0.000 0.000
0.000 0.000 0.000 0.000 0.000 0.000 0.000 0.000 0.000 0.000 0.000 0.000 0.000 20.369 19.022 17.696 17.364 17.015 16.647 16.268 15.899 17.561 17.271 15.034 14.852 14.718 14.626 14.569 14.540 14.533 16.548 10.553 0.000 0.000 0.000 0.000 0.000 0.000 0.000 0.000 0.000 0.000 0.000 0.000 0.000 0.000 0.000 0.000 27.559 0.000 0.000 18.519 49.519 11.519 0.000 0.000 0.000 0.000 0.000 0.000 0.000 0.000 0.000 0.000 4.509 0.000 0.000 0.000 38.505 10.505 0.000 0.000 0.000
0.000 0.000 0.000 0.000 0.000 0.000 0.000 0.000 0.000 0.000 0.000 0.000 2.967 19.772 18.287 17.862 17.476 17.091 16.678 16.245 16.822 16.444 15.133 14.892 14.718 14.599 14.525 14.486 14.474 20.481 0.000 0.000 0.000 0.000 0.000 0.000 0.000 0.000 0.000 0.000 0.000 0.000 0.000 12.560 0.000 0.000 0.000 11.560 71.559 1.559 0.000 24.519 51.519 0.000 0.000 0.000 0.000 0.000 0.000 0.000 0.000 0.000 10.509 16.509 35.509 0.000 0.000 28.506 37.506 38.505 10.505 0.000 0.000
0.000 0.000 0.000 0.000 0.000 0.000 0.000 0.000 0.000 0.000 0.000 8.140 1.329 2.886 18.491 17.988 17.587 17.194 16.730 16.211 16.700 16.262 14.924 14.685 14.528 14.434 14.389 14.377 15.390 16.435 0.000 0.000 0.000 0.000 0.000 0.000 0.000 0.000 0.000 0.000 0.000 0.000 13.560 36.560 31.560 0.000 0.000 27.560 55.560 0.000 0.000 0.000 51.520 6.520 0.000 0.000 0.000 0.000 0.000 0.000 0.000 0.000 50.509 54.509 56.509 0.000 0.000 41.506 36.506 36.505 46.505 0.000 0.000
0.000 0.000 0.000 0.000 0.000 0.000 0.000 0.000 0.000 0.000 10.847 3.456 1.832 1.269 1.376 16.011 17.691 17.368 16.836 18.170 17.506 14.979 14.617 14.395 14.274 14.223 14.219 14.242 20.273 0.000 0.000 0.000 0.000 0.000 0.000 0.000 0.000 0.000 0.000 0.000 0.000 0.000 0.000 16.560 37.560 29.560 27.560 9.560 40.560 13.560 0.000 0.000 36.521 49.521 40.521 38.521 47.521 0.000 0.000 0.000 0.000 0.000 50.510 52.510 57.509 36.508 25.507 42.506 45.506 0.000 0.000 0.000 10.495
0.000 0.000 0.000 0.000 0.000 0.000 0.000 0.000 0.000 0.000 7.238 3.950 3.587 3.094 0.422 0.611 10.796 18.753 18.076 18.127 15.174 14.530 14.172 14.004 13.950 13.965 14.021 14.100 9.186 0.000 0.000 0.000 0.000 0.000 33.572 66.572 0.571 0.000 6.572 47.572 0.000 0.000 0.000 13.560 37.560 50.560 85.561 47.560 48.560 19.560 0.000 0.000 33.521 52.521 37.521 33.521 50.521 0.000 0.000 0.000 0.000 0.000 37.511 43.510 39.509 39.508 43.507 46.506 54.506 0.000 0.000 0.000 33.495
0.000 0.000 0.000 0.000 0.000 0.000 0.000 0.000 0.000 30.461 30.917 7.503 3.121 3.365 3.025 0.778 0.361 5.772 18.588 16.088 14.533 13.794 13.536 13.498 13.557 13.665 14.801 11.951 0.000 0.000 0.000 0.000 0.000 0.000 8.572 54.572 61.572 43.572 35.572 7.572 0.000 0.000 0.000 0.000 0.000 11.561 78.561 57.561 4.561 0.000 0.000 0.000 0.000 45.522 60.522 58.521 60.521 52.520 44.519 47.518 46.516 55.514 59.512 56.511 57.510 57.508 52.507 47.506 44.505 0.000 0.000 0.000 0.000
0.000 0.000 0.000 0.000 0.000 0.000 0.000 0.000 24.553 42.004 43.467 32.986 9.580 2.001 3.027 0.818 2.730 7.929 6.415 16.103 13.078 12.577 12.681 12.897 13.113 14.337 14.569 0.000 0.000 0.000 0.000 0.000 0.000 0.000 0.000 6.572 52.572 62.572 67.572 6.572 0.000 0.000 0.000 0.000 0.000 7.562 50.561 42.561 47.561 14.561 0.000 0.000 29.523 57.523 42.522 36.522 43.521 55.520 43.519 42.518 51.516 60.515 47.513 43.511 46.510 52.509 58.507 60.506 58.504 44.502 35.500 18.499 27.497
0.000 0.000 0.000 0.000 0.000 0.000 0.000 20.662 30.102 45.535 42.963 43.392 35.822 12.259 1.156 4.691 14.211 6.415 2.214 2.997 6.097 10.756 11.712 12.298 12.662 17.999 0.000 0.000 0.000 0.000 0.000 0.000 6.574 4.574 0.000 0.000 19.572 65.572 18.572 0.000 0.000 0.000 0.000 0.000 0.000 46.563 56.562 32.562 48.561 68.561 8.561 0.000 35.524 59.524 38.523 32.523 35.522 48.521 37.520 37.519 39.517 41.515 38.514 39.512 33.510 37.509 43.507 44.506 42.504 51.502 53.500 56.499 64.497
0.000 0.000 0.000 0.000 0.000 0.000 25.771 24.222 47.658 44.071 43.456 42.798 43.055 38.115 20.617 12.338 8.010 0.000 0.038 4.330 2.161 3.305 11.113 11.919 17.238 0.000 0.000 0.000 0.000 0.000 0.000 1.574 43.574 2.574 0.000 0.000 26.573 66.573 5.572 0.000 0.000 0.000 0.000 0.000 41.566 85.564 18.563 21.562 43.561 70.561 10.561 0.000 32.525 57.525 37.524 30.524 33.523 35.522 31.521 30.519 37.518 53.516 36.514 32.513 46.511 42.509 39.507 46.506 46.504 49.502 58.500 62.498 49.497
0.000 0.000 0.000 0.000 0.000 29.802 18.319 46.797 45.236 44.637 43.993 43.289 42.487 42.527 39.333 25.037 4.353 0.290 0.055 46.119 4.485 0.072 0.093 14.028 10.133 0.000 0.000 0.000 0.000 0.000 0.000 1.574 39.574 34.574 43.574 55.574 59.574 49.573 0.000 0.000 4.570 40.570 55.569 60.568 84.567 40.566 0.000 0.000 45.561 33.561 0.000 0.000 35.526 62.526 49.526 33.525 81.524 109.523 58.522 34.520 50.519 97.517 49.515 26.513 91.511 64.509 39.508 46.506 48.504 38.502 47.500 60.498 43.496
0.000 0.000 0.000 0.000 0.000 19.284 40.908 47.410 45.852 45.247 44.592 43.875 43.077 42.172 42.162 41.078 30.263 4.895 50.724 47.787 0.328 0.136 0.048 0.053 0.000 0.000 0.000 0.000 0.000 0.000 4.574 38.574 34.574 39.574 53.574 63.574 47.574 34.574 0.000 0.000 2.571 49.570 48.570 44.569 83.568 43.567 0.000 0.000 24.561 16.561 0.000 28.529 56.528 58.528 52.527 40.527 39.526 72.525 113.523 51.522 44.520 101.518 52.516 26.514 98.512 68.510 31.508 33.506 39.504 30.502 44.500 43.498 31.496
0.000 0.000 0.000 0.000 23.788 34.143 49.619 47.084 46.515 45.906 45.252 44.545 43.772 42.937 41.982 41.246 40.108 52.460 52.132 0.933 0.452 9.563 0.000 0.000 0.000 0.000 0.000 0.000 0.000 54.573 57.573 39.574 38.574 53.574 63.575 49.575 32.575 34.574 34.573 32.573 30.572 42.571 45.570 55.569 95.569 29.568 0.000 0.000 61.561 11.561 0.000 25.530 55.530 55.529 42.529 34.528 30.527 40.526 37.525 77.523 108.521 125.519 106.517 95.515 121.513 115.510 106.508 52.506 32.504 49.502 44.499 33.497 28.495
0.000 0.000 0.000 24.962 34.433 51.880 48.341 47.792 47.217 46.610 45.966 45.276 44.549 43.713 43.171 40.808 52.494 52.492 36.687 19.001 6.166 0.000 0.000 0.000 0.000 0.000 0.000 0.000 40.572 7.573 0.000 18.574 56.574 60.575 52.575 37.576 3.576 0.000 1.573 36.573 32.573 42.572 41.571 64.570 61.569 0.000 0.000 3.561 64.561 10.561 0.000 23.531 53.531 65.531 44.531 50.530 73.530 50.528 32.527 56.525 79.523 113.521 79.518 59.516 107.513 97.511 72.508 41.506 27.504 98.501 66.499 38.497 28.495
0.000 0.000 0.000 30.491 50.102 49.604 49.074 48.525 47.952 47.353 47.721 47.066 45.311 44.892 42.322 52.551 52.502 40.253 41.876 39.506 23.471 4.469 0.000 0.000 0.000 0.000 0.000 42.572 11.572 0.000 0.000 0.000 24.575 56.575 34.576 32.577 38.578 1.579 0.000 37.575 35.574 41.573 42.571 64.570 60.569 0.000 0.000 24.561 71.561 7.561 0.000 25.533 56.533 59.533 40.533 40.533 86.532 121.531 70.529 38.527 54.525 101.522 61.520 28.517 94.514 81.511 39.509 31.506 24.504 105.501 69.499 41.497 42.495
0.000 0.000 31.085 48.410 51.879 50.359 49.827 49.281 48.715 49.125 47.521 46.825 46.490 43.923 52.971 52.694 41.747 42.596 41.603 31.961 12.712 0.000 0.000 0.000 0.000 0.000 0.000 38.572 12.572 0.000 0.000 0.000 0.000 0.000 0.000 37.579 34.580 33.581 35.580 37.577 33.575 41.574 43.572 55.570 51.568 13.566 32.563 65.562 16.561 0.000 0.000 25.534 52.535 58.535 44.536 29.536 31.535 56.534 43.532 25.530 43.527 98.524 54.521 20.518 91.515 76.512 34.509 30.507 26.504 104.501 69.499 41.497 32.494
0.000 30.347 43.761 53.183 51.647 51.124 50.596 50.057 50.499 49.933 48.279 47.995 45.435 53.895 53.382 43.398 44.402 42.286 29.485 0.000 0.000 0.000 0.000 0.000 0.000 0.000 0.000 0.000 12.572 0.000 0.000 0.000 0.000 0.000 0.000 0.000 41.584 51.583 62.582 50.579 39.577 43.575 40.573 45.570 38.568 57.565 75.563 63.561 9.561 0.000 0.000 24.535 50.536 55.538 61.539 59.540 47.539 37.537 50.535 82.533 101.529 122.526 102.523 85.519 119.516 112.513 94.510 54.507 27.504 102.501 74.499 46.496 33.494
27.408 38.933 53.430 52.914 52.403 51.892 51.377 51.847 51.314 49.694 49.449 46.904 55.107 54.479 44.957 46.112 47.058 25.308 0.000 0.000 0.000 0.000 0.000 0.000 0.000 0.000 0.000 0.000 0.000 0.000 0.000 0.000 0.000 0.000 0.000 0.000 39.587 43.586 61.585 20.582 0.579 50.576 41.574 44.571 40.568 28.565 47.562 62.560 49.559 8.558 0.000 0.000 15.538 58.540 60.544 53.544 41.544 50.542 101.539 92.536 73.532 74.528 75.524 75.520 75.516 76.513 78.510 49.507 29.504 101.501 77.499 40.496 34.494
30.883 54.546 54.110 53.640 53.157 52.668 52.167 51.665 51.079 50.868 48.343 56.432 55.761 46.413 47.638 46.637 42.135 1.611 0.000 0.000 0.000 0.000 0.000 0.000 0.000 0.000 0.000 0.000 0.000 0.000 0.000 0.000 0.000 0.000 0.000 0.000 40.592 51.591 35.589 0.000 4.582 47.579 44.576 11.572 1.568 32.563 46.560 61.558 58.558 27.557 0.000 0.000 0.000 0.000 27.551 42.551 26.549 87.547 88.544 37.540 43.536 85.531 56.526 28.521 74.517 64.513 44.510 42.507 33.504 101.501 72.498 29.496 30.493
48.696 56.260 54.825 54.378 53.920 54.450 52.982 52.432 52.260 49.760 57.795 57.110 46.777 49.036 48.037 48.423 17.770 0.000 0.000 0.000 0.000 0.000 0.000 0.000 0.000 0.000 0.000 0.000 0.000 0.000 0.000 0.000 0.000 0.000 0.000 7.601 60.598 58.595 62.592 59.590 55.585 55.581 49.578 8.574 1.568 32.561 45.557 63.555 70.556 33.556 0.000 0.000 0.000 0.000 21.560 34.558 54.556 101.553 64.549 24.545 92.539 93.533 42.527 29.521 50.517 106.513 65.510 33.507 33.504 96.501 114.498 101.495 106.491
58.384 55.971 55.554 55.128 54.689 56.254 53.741 53.615 51.154 59.174 58.481 42.074 46.290 50.356 46.830 24.117 0.000 0.000 0.000 0.000 0.000 0.000 0.000 0.000 0.000 0.000 0.000 0.000 0.000 0.000 0.000 0.000 0.000 0.000 0.000 59.605 58.603 59.599 61.596 60.592 58.588 59.584 52.580 7.578 0.000 33.558 45.553 68.550 41.553 0.000 0.000 0.000 0.000 19.576 49.570 28.567 93.563 87.559 31.555 87.550 100.545 49.535 37.527 40.521 35.516 66.513 105.510 62.507 25.505 96.502 99.499 73.494 15.489
49.058 55.685 56.293 55.885 55.480 54.997 54.915 52.492 60.517 59.869 25.297 30.482 33.375 52.049 35.677 0.000 0.000 0.000 0.000 0.000 0.000 0.000 0.000 49.140 38.140 0.000 0.000 0.000 0.000 0.000 0.000 0.000 0.000 0.000 0.000 36.611 30.608 33.604 37.599 32.595 31.590 30.586 32.582 36.578 30.572 23.559 38.547 17.540 0.000 0.000 0.000 0.000 0.000 21.582 44.578 35.575 36.571 36.566 28.561 49.557 50.554 0.000 0.000 11.517 41.514 34.512 56.509 49.507 31.505 64.503 12.501 0.000 10.486
27.769 43.418 56.043 58.665 56.206 56.153 53.738 61.631 61.116 34.431 0.000 43.816 0.000 55.665 24.172 0.000 0.000 0.000 0.000 0.000 0.000 0.000 0.000 56.140 50.139 0.000 0.000 0.000 0.000 0.000 0.000 0.000 0.000 22.656 0.000 37.621 33.616 33.609 33.603 33.597 33.593 33.589 33.585 35.581 13.578 0.000 8.535 39.523 9.512 0.000 0.000 0.000 22.595 53.591 41.587 40.584 32.579 33.573 33.568 31.563 45.560 5.561 0.000 0.000 12.512 37.511 32.509 45.507 44.506 0.000 0.000 0.000 10.484
19.526 27.172 49.816 54.393 57.353 54.895 62.401 62.058 41.309 17.116 0.000 60.462 58.365 44.783 0.000 0.000 0.000 0.000 0.000 0.000 0.000 0.000 59.147 65.142 36.138 0.000 0.000 0.000 0.000 0.000 0.000 0.000 0.000 39.656 37.649 34.635 33.625 30.613 34.605 34.600 34.595 34.590 34.587 37.584 10.582 0.000 0.000 37.506 37.502 7.496 0.000 0.000 7.599 40.599 33.597 32.593 31.588 31.580 31.574 31.566 32.563 41.562 0.000 0.000 0.000 5.509 38.508 41.507 39.507 0.000 0.000 0.000 34.482
23.304 33.938 38.563 36.465 48.023 62.801 62.649 46.288 25.052 18.555 0.000 40.182 52.852 26.317 0.000 0.000 0.000 0.000 47.192 53.188 45.181 43.166 52.152 45.142 35.133 0.000 0.000 0.000 0.000 0.000 0.000 0.000 0.000 37.663 34.656 33.646 7.636 0.000 39.605 33.601 33.596 33.592 33.588 34.585 8.583 0.000 0.000 38.493 37.492 8.491 0.000 0.000 37.604 33.608 33.608 33.605 32.599 32.587 36.580 0.000 3.562 6.562 0.000 0.000 0.000 0.000 38.507 33.507 33.506 34.506 0.000 6.481 36.481
35.042 48.683 24.402 23.276 62.862 62.860 49.276 36.003 32.341 37.182 0.000 7.234 42.543 0.000 0.000 0.000 0.000 43.199 47.195 49.192 47.189 0.000 0.000 0.000 47.119 31.105 0.000 0.000 0.000 0.000 0.000 0.000 5.687 47.676 44.667 19.659 0.000 0.000 52.609 38.604 34.598 33.592 37.588 14.586 0.000 13.470 51.473 32.480 36.483 8.485 0.000 0.000 0.000 38.623 33.622 37.620 4.618 0.000 0.000 0.000 0.000 0.000 0.000 0.000 0.000 0.000 38.506 33.506 33.506 38.506 0.000 0.000 10.481
55.745 44.332 24.397 19.898 62.823 24.312 30.039 32.269 35.946 54.531 63.985 51.977 0.000 0.000 0.000 0.000 41.207 35.203 41.199 56.195 55.193 0.000 0.000 0.000 0.000 48.091 0.000 0.000 0.000 33.740 0.000 0.000 49.697 48.688 54.677 47.662 12.647 66.633 63.618 61.608 59.600 51.591 32.585 19.585 0.000 27.468 80.468 34.472 35.475 9.480 0.000 0.000 0.000 43.638 29.637 34.636 5.634 0.000 0.000 0.000 0.000 0.000 0.000 0.000 0.000 34.506 36.506 38.506 32.506 37.506 0.000 0.000 7.481
64.328 51.427 33.729 62.405 20.330 22.119 21.288 20.931 30.499 58.035 53.446 24.712 0.000 0.000 40.217 6.215 48.210 40.206 51.202 46.198 25.195 0.000 0.000 0.000 0.000 52.077 28.073 0.000 0.000 29.740 37.740 41.732 43.716 45.704 35.690 32.666 40.647 40.634 60.622 43.612 37.601 35.587 15.576 0.000 3.474 22.465 90.460 46.464 12.467 0.000 0.000 0.000 1.654 56.654 29.653 36.651 8.650 0.000 0.000 0.000 0.000 0.000 0.000 0.000 13.506 36.506 51.506 49.506 42.506 1.506 0.000 0.000 8.480
62.382 60.625 61.963 39.257 27.162 23.306 22.944 21.520 28.109 43.660 39.053 0.000 0.000 0.000 43.218 64.217 59.214 60.210 42.206 0.000 0.000 0.000 0.000 0.000 43.064 34.067 26.068 0.000 0.000 0.000 41.748 45.741 45.731 45.721 29.713 0.000 36.639 37.632 61.625 47.616 41.604 27.582 34.555 49.519 69.484 58.458 82.444 47.456 11.462 0.000 0.000 0.000 0.000 54.672 30.669 31.666 36.664 0.000 0.000 0.000 0.000 0.000 0.000 0.000 0.000 6.506 55.506 52.506 5.506 0.000 0.000 0.000 4.480
60.459 61.901 61.109 60.124 42.271 21.921 22.507 23.123 21.754 24.442 0.000 0.000 0.000 0.000 59.222 49.221 47.219 43.214 0.000 0.000 0.000 0.000 0.000 44.059 35.060 31.061 14.065 0.000 0.000 0.000 41.761 49.755 58.745 57.736 59.729 47.730 0.000 5.631 64.630 48.624 22.617 0.000 37.542 47.519 74.484 36.440 20.400 0.000 0.000 0.000 0.000 0.000 7.705 45.693 32.685 33.679 36.676 9.678 0.000 0.000 0.000 0.000 0.000 0.000 0.000 0.000 12.506 13.506 0.000 0.000 0.000 0.000 5.480
61.905 60.884 62.998 63.163 46.836 23.437 26.067 25.705 23.344 23.911 0.000 39.230 0.000 5.228 53.226 53.226 60.225 0.000 0.000 18.133 6.133 0.000 0.000 39.058 33.055 27.053 0.000 0.000 0.000 0.000 39.782 40.772 42.759 41.747 39.737 31.732 0.000 0.000 66.641 52.633 37.624 0.597 36.552 47.530 71.493 27.417 23.317 6.248 0.000 0.000 0.000 0.000 7.718 52.709 31.700 33.690 33.683 34.681 38.680 10.680 0.000 0.000 0.000 0.000 0.000 0.000 0.000 0.000 0.000 0.000 0.000 0.000 0.000
61.590 63.791 62.984 63.685 37.306 27.953 47.612 41.289 23.005 0.727 0.000 36.230 51.230 56.230 42.230 63.231 55.231 0.000 0.000 32.133 63.133 15.128 0.000 40.060 34.051 31.042 0.000 0.000 47.872 43.849 39.813 41.790 46.772 46.756 44.742 55.727 47.707 7.685 66.659 58.642 58.626 50.606 31.578 49.558 57.541 0.000 26.204 9.179 0.000 0.000 0.000 0.000 17.738 56.727 28.714 30.697 31.686 32.682 37.680 9.679 0.000 0.000 0.000 0.000 0.000 0.000 0.000 0.000 0.000 0.000 0.000 0.000 0.000
