results3/res_3e8f-0061.wd
ncols         241
nrows         181
xllcorner     12693529.787448
yllcorner     3542525.717860
cellsize      155.156523
NODATA_value  -9999.000000
[rows 66 to 98 of 181, columns 74 to 147 of 241]
28.906 0.000 54.162 71.144 70.117 70.093 0.000 41.563 41.547 54.554 50.560 49.539 49.494 48.425 124.326 112.188 0.000 0.000 0.000 45.192 40.148 45.086 48.043 48.005 49.970 50.942 55.916 56.888 57.851 48.794 0.000 0.000 46.415 96.415 78.327 82.182 82.263 80.313 88.255 80.712 81.184 81.917 80.683 80.455 81.245 51.086 0.000 0.000 0.000 0.000 0.000 0.000 0.000 18.906 16.889 16.856 16.808 16.750 16.687 20.619 33.544 30.461 15.372 26.280 35.193 14.112 17.034 22.958 27.883 23.809 17.737 15.665 13.596 28.528
55.897 0.000 42.354 66.323 65.297 59.299 12.371 0.000 0.000 47.621 60.689 49.687 48.655 49.602 30.515 0.000 0.000 0.000 0.000 0.000 0.000 56.052 54.033 52.008 34.974 37.945 44.919 45.898 50.870 41.832 0.000 0.000 0.000 56.653 74.561 81.496 81.586 88.693 88.482 80.792 81.473 81.178 80.962 80.745 75.552 33.415 0.000 0.000 30.607 0.000 0.000 0.000 24.941 19.941 16.922 16.887 16.840 16.784 16.722 16.654 16.580 23.500 37.417 38.333 21.250 15.170 16.092 17.016 20.941 19.867 15.794 15.722 16.653 35.586
50.869 55.753 53.578 67.496 60.451 61.434 58.443 0.000 0.000 0.000 62.888 57.866 52.838 54.815 1.816 0.000 0.000 0.000 0.000 0.000 0.000 55.037 51.030 42.021 0.000 0.000 42.916 54.913 53.901 0.000 0.000 2.359 59.227 50.983 54.809 61.887 76.948 88.890 80.547 82.093 81.651 81.456 81.232 79.012 61.802 40.608 46.607 44.607 25.607 0.000 0.000 0.000 0.000 33.997 15.970 16.930 20.882 28.825 18.762 16.694 15.621 19.544 34.464 41.384 33.304 19.225 14.149 16.073 15.998 15.924 15.849 14.777 21.709 42.641
49.902 53.813 64.708 58.631 51.578 70.543 59.525 11.533 0.000 5.234 55.109 71.050 66.016 66.003 69.028 0.000 0.000 0.000 0.000 1.026 1.027 53.030 44.027 47.024 0.000 0.000 0.000 90.939 117.920 32.920 0.000 58.473 53.369 53.212 53.124 49.211 89.251 89.076 81.599 85.198 81.938 81.723 81.502 73.269 26.035 0.000 48.607 26.607 0.000 0.000 0.000 22.183 21.149 20.079 16.031 19.984 31.931 36.872 34.808 27.739 17.666 26.590 34.512 13.434 19.356 32.280 29.205 25.131 33.056 13.980 15.903 13.830 26.763 49.697
55.962 65.889 57.811 49.743 49.686 62.635 70.582 66.540 69.474 71.358 66.267 61.208 63.172 52.156 51.156 0.000 0.000 0.000 2.025 58.025 57.026 45.027 47.026 48.025 52.025 51.025 0.000 1.984 0.000 0.000 4.829 64.682 57.562 52.410 53.507 51.557 89.409 51.230 58.813 73.403 81.217 81.997 79.784 38.527 0.000 0.000 0.000 0.000 0.000 0.000 23.239 17.217 17.186 17.140 18.093 28.042 36.987 35.926 35.859 31.789 27.715 37.639 20.562 15.484 16.408 16.333 26.260 39.189 26.116 14.038 14.952 20.877 8.816 13.754
67.033 56.969 49.905 50.844 50.789 52.728 36.627 62.572 60.525 52.457 49.392 48.343 64.309 66.291 53.284 0.000 0.000 0.000 58.025 54.025 51.025 44.025 48.025 48.025 48.025 48.025 7.027 10.029 11.077 13.076 80.976 77.867 66.751 65.717 54.723 89.689 89.556 53.289 59.933 54.704 61.501 80.266 55.111 0.000 0.000 0.000 0.000 0.000 0.000 0.000 23.262 17.258 17.238 17.203 18.158 27.107 37.048 35.984 34.915 31.842 36.766 30.689 14.611 16.534 16.458 16.385 26.315 34.248 13.180 16.105 18.990 37.912 54.870 33.812
57.107 50.050 50.994 50.941 51.896 32.863 0.000 19.597 47.596 50.554 50.503 50.462 48.432 72.414 56.406 0.000 0.000 0.000 35.024 52.024 46.024 47.024 48.024 48.024 48.025 48.025 59.025 0.000 3.127 20.176 73.132 83.050 4.954 86.886 77.086 89.804 51.873 65.513 62.152 52.018 48.816 45.455 30.283 0.000 0.000 18.820 0.000 0.000 0.000 0.000 19.289 17.317 17.306 17.275 17.231 18.177 24.116 32.048 31.976 31.899 35.820 13.740 16.660 16.582 15.507 21.435 38.368 21.307 15.253 18.214 0.000 0.000 30.940 0.000
50.184 51.132 51.079 51.031 53.990 9.965 7.972 0.841 45.708 50.661 52.603 50.568 49.544 67.528 63.520 0.000 0.000 0.000 0.000 43.024 46.024 48.024 48.024 48.024 48.024 50.024 36.025 0.000 0.000 70.369 73.325 84.252 90.136 84.249 82.291 89.901 72.928 75.629 60.468 53.370 46.294 0.000 0.000 0.000 0.000 16.820 0.000 0.000 0.000 0.000 0.000 20.414 17.395 17.361 17.313 17.256 17.190 17.118 24.040 31.958 19.874 16.790 16.708 16.628 19.551 32.480 32.415 14.358 16.312 19.283 0.000 0.000 58.010 48.021
51.263 51.212 51.162 51.113 51.070 55.034 56.003 55.947 51.848 51.778 31.682 48.664 49.647 65.634 64.627 0.000 0.000 0.000 0.000 42.023 48.023 48.023 48.023 48.024 48.024 36.024 0.000 0.000 0.000 75.607 81.549 84.465 84.422 83.506 90.030 82.420 85.136 79.822 64.761 54.699 53.695 53.835 0.000 0.000 0.000 13.821 20.822 13.822 0.000 0.000 0.000 35.530 16.501 17.459 17.406 17.344 18.272 17.193 17.108 17.020 16.930 16.840 16.753 15.670 21.592 36.520 13.455 16.399 16.353 18.324 0.000 0.000 60.070 52.055
51.342 51.292 51.241 51.191 51.143 51.099 51.058 51.012 50.959 54.921 0.000 41.760 50.747 66.734 61.726 0.000 0.000 0.000 0.000 47.023 50.023 50.023 50.023 48.023 51.023 0.000 0.000 0.000 68.067 73.902 84.799 84.679 84.791 82.841 90.243 83.561 88.203 84.093 85.024 72.974 60.954 49.974 44.974 46.974 0.000 0.000 19.823 14.823 20.818 21.804 19.767 25.675 35.620 17.568 18.509 27.440 34.362 16.275 17.181 17.083 16.984 16.888 15.794 20.707 39.626 33.553 22.487 15.429 16.379 18.335 33.287 51.226 52.146 52.101
51.423 51.373 51.321 51.267 51.212 51.162 54.118 52.086 51.053 55.028 0.000 41.869 50.848 67.829 59.818 0.000 0.000 0.000 0.000 20.023 30.023 29.023 29.023 50.023 35.023 0.000 0.000 0.000 70.233 80.137 85.034 84.988 84.092 90.912 90.597 84.634 85.476 84.331 84.273 85.217 76.172 41.135 0.000 0.000 0.000 0.000 17.825 17.827 14.828 16.828 17.822 16.783 23.737 37.684 20.621 18.547 28.461 16.363 17.258 17.148 17.038 16.932 16.831 24.738 37.653 24.578 36.511 14.452 15.399 20.351 41.301 53.246 52.187 52.138
51.506 51.456 51.403 51.344 54.275 56.219 28.166 49.161 52.138 54.110 14.085 44.998 49.949 61.915 59.899 0.923 0.000 0.000 0.000 0.000 0.000 0.000 0.000 31.023 0.000 0.000 0.000 18.658 68.494 85.379 85.253 85.366 83.451 91.195 83.232 88.935 84.627 84.579 84.510 84.449 74.382 35.258 0.000 0.000 0.000 0.000 0.000 20.833 21.840 8.859 16.909 17.898 17.863 21.811 37.746 20.666 17.571 17.461 17.339 17.212 17.089 14.970 20.860 39.760 20.672 19.595 33.528 17.469 15.416 22.367 48.319 53.270 52.219 52.168
51.590 51.542 51.491 53.430 29.326 31.272 0.000 11.255 47.227 51.190 55.148 51.088 54.034 58.984 63.955 2.947 0.000 0.000 0.000 0.000 0.000 0.000 0.000 0.000 0.000 0.000 1.977 77.821 79.709 85.602 85.555 84.673 91.703 91.458 84.301 85.013 84.882 84.810 84.744 83.688 63.648 0.000 0.000 0.000 0.000 0.000 0.000 0.000 12.840 0.000 24.056 21.039 17.004 16.952 18.884 35.801 24.697 16.571 17.424 17.275 16.134 21.002 22.880 21.771 18.679 16.602 16.537 16.480 17.430 30.384 52.340 53.296 55.251 51.199
51.675 51.631 51.591 56.560 0.000 0.000 17.460 9.378 43.324 52.277 50.228 52.174 64.115 36.030 29.993 0.000 0.000 0.000 0.000 0.000 0.000 0.000 0.000 0.000 0.000 0.000 65.104 70.012 83.919 85.800 85.929 84.024 91.928 83.812 85.483 85.174 85.112 85.035 84.969 76.912 53.873 0.000 0.000 0.000 0.000 0.000 0.000 0.000 0.000 0.000 28.220 23.200 17.162 15.108 18.040 17.955 33.847 26.702 17.511 18.331 16.169 23.023 22.888 19.765 13.672 16.598 16.537 18.485 32.439 51.398 53.360 56.324 48.289 9.245
50.757 50.716 50.681 53.659 23.664 20.625 52.543 57.473 51.416 49.364 56.314 66.264 69.221 0.000 0.000 0.000 0.000 0.000 0.000 0.000 0.000 0.000 0.000 0.000 0.000 0.000 67.280 75.209 85.117 86.107 85.146 92.341 92.141 84.848 85.549 85.408 85.328 85.252 85.183 67.118 49.060 0.000 0.000 0.000 0.000 0.000 0.000 0.000 0.000 0.000 26.406 24.379 24.335 21.279 14.213 16.133 17.032 32.881 32.587 29.369 26.190 19.032 17.883 14.731 15.645 16.582 20.529 40.484 52.445 52.410 53.379 52.353 43.335 0.325
65.834 64.794 62.759 59.731 60.707 60.669 57.613 58.556 60.502 60.450 66.399 68.348 26.285 0.000 0.000 0.000 0.000 0.000 0.000 0.000 0.000 0.000 0.000 0.000 5.782 13.705 68.527 85.419 86.327 86.277 85.506 92.528 84.335 86.005 85.689 85.622 85.538 85.464 83.394 65.317 36.188 0.000 0.000 0.000 0.000 0.000 0.000 0.000 0.000 0.000 16.618 20.575 23.521 24.462 23.400 20.334 16.266 10.204 0.000 0.000 0.000 0.000 0.000 18.631 16.595 19.554 40.515 53.479 52.446 53.417 56.393 52.374 49.364 30.368
64.906 63.866 65.830 67.798 66.767 65.729 63.684 61.635 61.585 62.535 58.485 58.445 0.000 0.000 0.000 0.000 0.000 0.000 0.000 0.000 0.000 0.000 0.000 0.000 54.859 77.805 76.706 85.615 86.505 86.633 84.737 92.701 86.433 86.034 85.907 85.821 85.741 85.670 81.611 61.568 0.000 0.000 0.000 0.000 0.000 0.000 0.000 0.000 0.000 24.031 18.874 15.782 17.711 22.648 24.591 24.538 25.494 16.465 0.000 0.000 0.000 0.000 0.000 19.567 17.551 33.525 54.497 52.470 52.444 52.421 53.401 52.386 52.378 43.376
50.973 51.934 58.898 67.866 73.833 61.798 55.759 50.716 48.670 47.619 53.561 32.503 0.000 0.000 0.000 0.000 0.000 0.000 0.000 0.000 0.000 0.000 0.000 0.000 60.991 76.950 84.880 86.798 86.769 85.902 93.007 92.860 88.456 86.259 86.095 86.015 85.935 85.866 80.811 55.778 0.000 0.000 0.000 0.000 0.000 0.000 0.000 0.000 24.323 19.189 19.065 18.969 17.893 14.829 19.776 23.735 24.707 21.697 0.000 0.000 0.000 0.000 22.506 16.521 20.515 48.500 52.480 52.459 52.439 52.421 52.405 52.393 52.386 27.383
50.035 53.998 58.964 60.933 63.902 53.870 49.837 50.800 50.760 52.711 30.636 0.000 0.000 0.000 0.000 0.000 0.000 0.000 0.000 0.000 0.000 0.000 0.000 0.000 47.163 76.125 86.065 86.970 87.104 85.217 93.141 86.015 87.684 86.361 86.292 86.201 86.120 86.048 76.989 49.954 0.000 0.000 0.000 0.000 0.000 0.000 0.000 23.583 19.457 19.337 19.229 19.137 19.062 19.000 15.951 14.917 17.903 24.920 25.009 0.000 0.000 0.000 16.492 17.494 35.490 52.479 51.464 51.449 52.433 52.418 52.406 52.396 51.389 17.386
50.093 52.058 53.027 50.999 49.972 50.945 49.918 49.889 49.858 54.831 0.000 0.000 0.000 0.000 0.000 0.000 0.000 0.000 0.000 0.000 0.000 0.000 0.000 0.000 55.374 84.323 87.254 87.232 86.369 93.385 93.268 89.017 86.714 86.566 86.473 86.382 86.296 87.215 67.144 55.095 0.000 0.000 23.279 0.000 23.019 24.966 24.865 19.710 19.585 19.474 19.375 19.290 19.217 19.158 19.112 18.081 15.067 24.073 25.097 18.097 0.000 0.000 24.477 16.475 24.470 30.462 33.451 37.438 43.426 49.414 51.404 51.396 49.390 14.387
51.147 51.116 51.088 51.064 50.042 50.021 50.001 49.979 48.952 56.923 7.923 0.000 0.000 0.000 0.000 0.000 0.000 0.000 0.000 0.000 0.000 0.000 0.000 39.798 75.636 86.540 87.432 87.578 85.674 93.490 86.480 88.149 86.830 86.751 86.652 86.558 86.466 87.374 59.278 37.186 0.000 0.000 19.279 0.000 18.073 20.013 19.920 19.807 19.699 19.600 19.509 19.429 19.360 19.303 19.259 17.228 19.210 25.207 22.212 0.000 0.000 0.000 23.463 22.460 21.455 20.447 19.438 18.428 22.418 33.408 29.400 31.394 35.389 16.386
49.197 49.169 49.146 49.127 49.111 49.098 50.086 52.073 54.050 28.987 0.000 0.000 0.000 0.000 0.000 0.000 0.000 0.000 0.000 6.938 0.000 0.000 10.082 50.959 81.837 87.729 87.719 86.751 93.673 93.587 89.475 87.177 87.025 86.927 86.829 86.732 86.636 82.537 29.407 0.000 0.000 0.000 19.280 25.281 20.188 20.093 19.995 19.899 19.806 19.717 19.633 19.558 19.492 19.436 19.393 16.361 25.341 25.332 21.331 0.000 0.000 0.000 22.452 21.448 22.442 22.435 22.427 22.418 22.410 21.402 21.395 20.390 19.386 19.383
50.242 53.219 57.200 60.186 64.177 66.172 69.173 68.179 60.188 0.000 9.578 33.603 1.626 0.000 0.000 0.000 0.000 0.000 37.951 64.939 4.924 0.000 44.206 77.120 87.016 87.919 87.853 87.081 93.746 85.922 87.605 87.284 87.205 87.104 87.005 86.906 87.808 74.730 0.000 0.000 0.000 0.000 0.000 19.375 20.304 22.176 22.069 19.988 19.908 19.828 19.750 19.677 19.613 19.558 16.514 21.482 24.461 25.451 16.450 0.000 0.000 0.000 6.445 27.438 27.432 24.425 21.417 21.409 22.401 23.395 23.389 22.385 22.382 23.380
51.283 58.264 67.250 68.241 67.238 66.241 65.254 62.281 56.335 31.460 48.553 66.608 35.649 19.684 0.000 0.000 0.000 8.980 47.963 61.941 0.865 19.576 61.415 86.298 89.198 88.048 88.267 86.247 93.807 87.912 87.624 87.473 87.377 87.280 87.182 87.078 88.961 32.845 0.000 0.000 0.000 0.000 0.000 15.541 21.479 2.238 2.118 19.076 20.012 19.937 19.861 19.789 19.725 18.670 16.626 25.592 25.570 22.560 16.569 22.615 0.000 0.000 0.000 38.427 53.423 46.415 42.407 38.399 34.393 37.387 37.382 20.379 21.377 22.377
52.320 55.305 58.295 57.290 55.292 53.302 51.322 49.357 49.411 58.491 60.566 57.627 54.677 58.719 6.755 0.000 0.000 48.998 78.980 29.940 25.856 59.708 83.578 88.469 88.343 88.474 86.437 93.888 86.326 88.039 87.722 87.647 87.550 87.457 87.364 90.264 47.113 0.000 0.000 0.000 0.000 0.000 0.000 17.770 22.744 0.000 0.000 16.187 20.128 20.048 19.967 19.893 19.828 16.772 24.726 25.691 24.666 15.652 19.651 19.662 0.000 0.000 0.000 6.422 36.417 54.406 53.397 53.389 53.383 53.378 47.374 37.371 23.370 1.374
52.352 52.341 51.334 51.333 52.338 52.352 52.376 50.412 51.463 56.527 59.594 55.656 50.713 53.760 8.792 0.000 0.000 41.034 51.018 28.982 61.917 76.823 85.724 88.628 88.578 87.690 94.282 94.033 87.323 88.050 87.904 87.813 87.721 87.634 87.555 90.501 0.000 0.000 5.883 14.883 0.000 0.000 19.143 22.026 20.985 28.027 0.000 16.356 20.265 20.161 20.068 19.989 17.921 19.864 25.817 25.779 17.751 18.732 19.722 19.719 0.000 0.000 0.000 0.000 0.000 36.395 52.385 52.379 52.373 52.369 53.365 53.363 28.361 0.000
52.380 52.372 52.368 52.369 52.377 52.393 51.418 50.454 54.502 58.561 58.626 53.692 49.758 54.817 7.860 0.000 0.000 37.085 6.078 53.054 77.008 82.942 88.872 88.744 88.974 86.978 94.504 86.755 88.463 88.147 88.074 87.979 87.889 87.801 94.720 78.685 0.000 1.883 51.883 37.883 0.000 0.000 14.261 22.204 21.142 21.070 26.908 24.618 23.414 20.263 20.156 20.073 17.004 24.946 25.898 21.859 16.828 19.804 19.786 21.773 25.783 0.000 0.000 0.000 0.000 0.000 49.370 52.367 52.363 52.359 53.356 51.353 25.351 0.000
52.406 52.399 52.396 52.399 52.408 51.424 50.448 52.483 56.530 59.588 55.656 50.730 49.809 52.890 34.971 22.081 23.137 19.143 20.155 60.148 81.119 87.075 88.994 89.158 87.172 94.889 94.705 87.768 88.478 88.328 88.235 88.142 88.054 92.963 35.839 50.834 20.873 51.882 59.884 0.000 0.000 0.000 13.437 22.388 21.310 21.202 31.036 41.795 15.510 25.320 21.220 18.143 20.077 26.020 24.970 15.930 18.898 19.871 19.846 6.804 7.793 0.000 0.000 0.000 0.000 0.000 30.359 51.356 52.352 52.349 56.346 52.343 41.340 0.000
52.427 52.422 52.420 52.423 52.431 50.446 50.469 54.501 61.546 62.607 58.680 53.763 51.858 51.962 54.054 54.136 63.186 4.194 38.253 76.262 83.246 89.215 89.214 88.374 95.216 95.058 88.138 88.913 88.571 88.493 88.394 88.302 88.220 96.158 0.000 33.941 35.901 25.890 27.887 0.000 0.000 0.000 16.663 22.599 21.508 27.393 43.240 20.018 0.000 6.290 19.260 17.203 25.142 26.085 22.035 18.994 19.961 19.937 21.922 0.000 0.000 0.000 0.000 0.000 0.000 22.351 3.352 42.346 52.342 52.339 57.336 52.332 52.327 41.316
52.446 52.441 52.439 52.442 51.449 50.461 52.480 59.507 36.546 12.615 11.693 8.784 38.897 56.049 51.145 54.224 35.278 0.000 43.401 81.401 87.397 89.326 89.605 87.658 95.362 88.484 89.255 88.819 88.755 88.645 88.547 88.454 89.367 87.291 9.233 9.087 0.000 0.000 0.000 0.000 0.000 16.130 23.954 21.838 20.732 40.622 44.514 0.000 0.000 0.000 15.326 21.269 26.203 26.142 16.091 20.049 20.017 19.995 22.984 0.000 0.000 0.000 0.000 0.000 0.000 1.351 0.000 30.333 52.331 52.329 58.327 52.323 52.319 46.313
52.461 52.456 52.454 51.456 50.461 52.471 55.484 63.500 22.515 0.000 0.000 0.000 0.000 38.191 53.255 54.335 40.425 42.540 68.547 85.556 89.528 89.744 87.804 95.618 95.496 89.470 89.160 89.007 88.899 88.796 88.696 88.598 91.501 76.408 5.320 0.000 0.000 0.000 0.000 0.000 0.000 16.306 23.185 22.067 19.960 47.848 8.681 0.000 0.000 21.595 26.450 26.344 26.260 24.191 19.137 20.095 20.064 20.043 22.034 0.000 26.092 0.000 0.000 0.000 0.000 0.000 0.000 23.322 52.322 52.321 52.319 52.316 52.314 50.310
52.473 52.468 52.466 51.466 50.470 54.476 58.484 62.493 20.500 0.000 0.000 0.000 0.000 18.270 61.348 56.437 62.547 75.647 84.694 88.713 89.770 88.964 95.834 95.730 88.819 89.589 89.241 89.153 89.045 88.943 88.843 92.742 55.632 27.520 0.000 0.000 0.000 0.000 0.000 0.000 18.851 23.604 22.412 24.286 21.193 45.130 0.000 0.000 16.983 23.739 39.537 28.398 25.300 21.227 19.171 19.130 20.100 20.081 20.075 25.088 21.092 12.092 0.000 0.000 0.000 19.307 21.308 20.312 52.313 52.313 52.312 52.310 52.309 50.308
52.483 52.477 52.474 50.474 52.476 58.480 59.484 57.489 44.492 5.490 0.000 0.000 0.000 0.000 14.433 10.517 50.681 81.806 85.870 89.873 90.093 88.259 95.928 88.143 89.917 89.477 89.407 91.290 90.186 89.087 88.993 94.896 17.764 0.000 0.000 0.000 0.000 0.000 0.579 39.331 39.099 26.846 23.576 34.470 29.397 30.348 0.000 0.000 15.228 19.842 30.559 26.413 30.316 24.245 27.192 26.153 23.125 20.107 19.098 19.098 25.097 0.000 0.000 0.000 0.000 16.306 16.305 26.306 52.306 52.306 52.305 52.304 52.304 26.306
