results3/res_3e8f-0150.wd
ncols         241
nrows         181
xllcorner     12693529.787448
yllcorner     3542525.717860
cellsize      155.156523
NODATA_value  -9999.000000
[rows 66 to 98 of 181, columns 73 to 145 of 241]
71.082 35.070 0.000 60.205 77.184 76.154 76.126 0.000 47.529 47.513 60.527 56.537 55.518 55.472 54.404 130.306 118.135 0.000 0.000 0.000 50.877 45.815 50.722 53.661 53.611 55.564 56.520 61.467 62.420 63.370 54.326 0.000 0.000 51.607 101.607 83.520 87.382 87.469 85.520 93.440 85.927 86.405 87.143 85.915 85.692 86.487 56.331 0.000 0.000 0.000 0.000 0.000 0.000 0.000 40.725 38.702 38.663 38.612 38.549 38.484 42.414 55.341 52.267 37.193 48.119 57.047 35.977 38.908 44.839 49.772 45.705 39.640 37.576
56.083 62.059 0.019 48.426 72.390 71.362 65.366 18.451 0.000 0.000 53.606 66.685 55.685 54.655 55.611 36.570 0.000 0.000 0.000 0.000 0.000 0.000 61.657 59.631 57.599 40.559 43.514 50.463 51.425 56.392 47.359 0.000 0.000 0.000 61.847 79.755 86.691 86.782 93.868 93.661 86.000 86.687 86.398 86.186 85.975 80.786 38.653 0.000 2.841 35.841 0.000 0.000 0.000 46.803 41.769 38.735 38.694 38.644 38.586 38.523 38.456 38.386 45.314 59.243 60.171 43.100 37.030 37.962 38.894 42.828 41.762 37.698 37.635
58.092 57.023 61.886 59.683 73.589 66.540 67.523 64.537 0.000 0.000 0.000 68.912 63.884 58.849 60.816 7.792 0.000 0.000 0.000 0.000 0.000 0.000 60.617 56.607 47.595 0.000 0.000 48.445 60.427 59.412 0.000 0.000 7.550 64.431 56.178 60.001 67.078 82.137 94.061 85.740 87.295 86.858 86.668 86.449 84.235 67.030 45.841 51.841 49.841 30.841 0.000 0.000 0.000 4.837 55.811 37.777 38.734 42.684 50.628 40.566 38.501 37.432 41.362 56.292 63.221 55.151 41.083 36.015 37.949 37.883 37.818 37.755 36.691
58.133 56.057 59.952 70.831 64.743 57.685 76.650 65.637 17.654 0.000 11.312 61.165 77.091 72.043 72.010 74.992 0.000 0.000 0.000 0.000 6.570 6.575 58.586 49.585 52.579 0.000 0.000 0.000 96.425 123.417 38.413 0.000 63.669 58.566 58.405 58.312 54.395 94.415 94.243 86.788 90.392 87.138 86.928 86.713 78.485 31.258 0.000 53.841 31.841 0.000 0.000 0.000 43.939 42.898 41.863 37.825 41.782 53.731 58.675 56.613 49.548 39.480 48.411 56.341 35.271 41.202 54.134 51.067 47.002 54.937 35.874 37.811 35.747
56.191 62.118 72.034 63.945 55.868 55.806 68.755 76.707 72.672 75.599 77.459 72.347 67.272 69.221 58.189 57.173 0.000 0.000 0.000 7.563 63.566 62.568 50.570 52.566 53.557 57.537 56.524 0.000 7.431 1.419 0.362 10.055 69.890 62.760 57.600 58.690 56.736 94.572 56.405 63.995 78.589 86.409 87.195 84.987 43.736 0.000 0.000 0.000 0.000 0.000 0.000 45.005 38.980 38.951 38.919 39.880 49.836 58.784 57.727 57.665 53.599 49.530 59.460 42.390 37.320 38.251 38.184 48.118 61.054 47.991 35.929 36.867 42.804
62.258 73.192 63.120 56.046 56.978 56.917 58.856 42.763 68.728 66.666 58.577 55.493 54.428 70.382 72.352 59.338 0.000 0.000 0.000 63.561 59.561 56.561 49.559 53.554 53.545 53.530 53.511 12.481 15.446 16.414 18.355 86.212 83.079 71.948 70.903 59.900 94.850 94.717 58.458 65.107 59.882 66.685 85.456 60.305 0.000 0.000 0.000 0.000 0.000 0.000 0.000 45.029 39.026 39.009 38.980 39.942 48.896 58.843 57.784 56.720 53.652 58.582 52.510 36.439 38.368 38.299 38.232 48.167 56.105 35.044 37.985 40.924 59.860
73.332 63.272 56.208 57.143 57.082 58.028 38.988 0.000 25.810 53.759 56.689 56.619 56.565 54.526 78.501 62.488 0.000 0.000 0.000 40.559 57.557 51.555 52.552 53.547 53.539 53.526 53.510 64.487 4.457 8.437 25.440 78.362 88.257 10.144 92.065 82.256 94.966 57.030 70.674 67.317 57.187 53.991 50.640 35.473 0.000 0.000 40.576 0.000 0.000 0.000 0.000 41.057 39.085 39.077 39.051 39.012 39.964 45.908 53.846 53.778 53.708 57.635 35.561 38.487 38.415 37.345 43.278 60.214 43.154 37.096 40.042 20.985 21.908
63.412 56.355 57.296 57.236 57.178 60.125 16.080 14.045 6.944 51.873 56.802 58.730 56.686 55.655 73.636 69.627 0.000 0.000 0.000 0.000 48.552 51.550 53.548 53.543 53.536 53.527 55.515 41.501 0.000 0.000 75.605 78.537 89.445 95.315 89.417 87.454 95.066 78.079 80.782 65.624 58.528 51.454 0.000 0.000 0.000 0.000 38.576 0.000 0.000 0.000 0.000 0.000 42.181 39.165 39.134 39.091 39.040 38.980 38.913 45.841 53.765 41.688 38.611 38.534 38.460 41.389 54.321 54.258 36.199 38.146 41.100 8.068 0.000
56.496 57.442 57.384 57.326 57.269 57.214 61.163 62.112 62.046 57.985 57.917 37.814 54.793 55.774 71.761 70.757 0.000 0.000 0.000 0.000 47.548 53.547 53.545 53.541 53.536 53.530 41.523 0.000 0.000 3.972 80.838 86.741 89.639 89.585 88.663 95.199 87.561 90.278 84.966 69.908 59.848 58.844 58.979 0.000 0.000 0.000 35.577 42.577 35.577 0.000 0.000 0.000 57.294 38.267 39.229 39.180 39.123 40.058 38.985 38.907 38.825 38.742 38.659 38.579 37.502 43.428 58.360 35.297 38.240 38.189 40.146 15.117 0.000
57.584 57.530 57.474 57.416 57.358 57.300 57.245 57.194 57.145 57.102 61.069 0.000 47.900 56.887 72.876 67.882 3.928 0.000 0.000 0.000 52.546 55.545 55.543 55.541 53.537 56.535 0.000 0.000 0.000 73.106 79.033 89.947 89.828 89.936 87.984 95.405 88.694 93.338 89.229 90.163 78.113 66.094 55.114 50.114 52.114 0.000 0.000 41.577 36.577 42.572 43.557 41.521 47.433 57.381 39.333 40.278 49.215 56.143 38.063 38.977 38.887 38.796 38.706 37.620 42.539 61.463 55.394 44.331 37.274 38.223 40.178 55.138 73.095
57.675 57.622 57.566 57.507 57.446 57.382 57.323 60.272 58.240 57.210 61.187 0.000 48.020 56.997 73.976 65.967 5.974 0.000 0.000 0.000 25.545 35.544 34.542 34.540 55.538 40.537 0.000 0.000 0.000 75.312 85.245 90.157 90.115 89.218 96.032 95.736 89.758 90.601 89.459 89.403 90.348 81.305 46.269 0.000 0.000 0.000 0.000 39.579 39.581 36.581 38.580 39.572 38.535 45.492 59.443 42.385 40.317 50.237 38.148 39.050 38.949 38.848 38.750 38.657 46.571 59.492 46.422 58.358 36.302 37.251 42.205 63.162 75.117
57.769 57.716 57.660 57.601 57.535 60.459 62.393 34.332 55.332 58.310 60.283 20.259 51.162 56.105 68.064 66.038 7.026 0.000 0.000 0.000 0.000 0.000 1.541 1.540 36.539 0.000 0.000 0.000 23.752 73.585 90.478 90.360 90.477 88.562 96.300 88.342 94.049 89.745 89.699 89.632 89.573 79.508 40.388 0.000 0.000 0.000 0.000 0.000 42.586 43.592 30.608 38.654 39.644 39.610 43.563 59.502 42.429 39.342 39.240 39.127 39.011 38.897 36.789 42.687 61.595 42.514 41.442 55.379 39.324 37.275 44.229 70.187 75.145
57.865 57.812 57.759 57.703 59.636 35.525 37.459 0.000 17.445 53.415 57.377 61.331 57.264 60.199 65.136 70.093 9.067 0.000 0.000 0.000 0.000 2.540 54.541 61.540 0.000 0.000 0.000 7.037 82.919 84.799 90.693 90.650 89.769 96.784 96.551 89.403 90.118 89.990 89.922 89.858 88.804 68.765 0.000 0.000 0.000 0.000 0.000 0.000 0.000 34.592 0.000 45.791 42.775 38.742 38.695 40.633 57.555 46.460 38.344 39.208 39.071 37.941 42.820 44.709 43.609 40.525 38.454 38.393 38.340 39.294 52.251 74.212 75.174
57.960 57.908 57.859 57.815 62.779 0.771 0.000 23.679 15.587 49.529 58.478 56.424 58.363 70.292 42.187 36.133 1.101 0.000 0.000 0.000 0.000 52.540 58.540 60.540 0.000 0.000 0.000 70.156 75.087 88.999 90.883 91.014 89.109 97.000 88.900 90.577 90.271 90.213 90.139 90.075 82.020 58.983 0.000 0.000 0.000 0.000 0.000 0.000 0.000 0.000 0.000 49.943 44.925 38.890 36.841 39.778 39.700 55.600 48.467 39.290 40.124 37.976 44.841 44.719 41.608 35.523 38.455 38.399 40.351 54.309 73.271 75.236 78.205
59.053 57.002 56.956 56.917 59.891 29.892 26.857 58.770 63.696 57.636 55.581 62.527 72.470 75.420 0.000 0.000 0.000 0.000 0.000 0.000 0.000 20.540 27.540 29.540 0.000 0.000 0.000 72.343 80.279 90.190 91.182 90.220 97.396 97.204 89.930 90.635 90.498 90.421 90.349 90.282 72.219 54.163 0.000 0.000 0.000 0.000 0.000 0.000 0.000 0.000 0.000 48.115 46.090 46.051 43.000 35.940 37.867 38.773 54.634 54.362 51.161 47.996 40.851 39.717 36.581 37.503 38.445 42.397 62.356 74.319 74.286 75.257 74.232
73.142 72.091 71.045 69.006 65.974 66.948 66.908 63.850 64.791 66.737 66.684 72.631 74.573 32.496 0.000 0.000 0.000 0.000 0.000 0.000 0.000 0.000 0.000 0.000 0.000 10.853 18.774 73.594 90.486 91.395 91.344 90.572 97.576 89.404 91.080 90.769 90.705 90.624 90.553 88.485 70.411 41.287 0.000 0.000 0.000 0.000 0.000 0.000 0.000 0.000 0.000 38.311 42.272 45.223 46.170 45.114 42.054 37.992 31.935 0.000 0.000 0.000 0.000 0.000 40.496 38.463 41.426 62.390 75.356 74.325 75.298 78.274 74.254
69.225 71.174 70.129 72.088 74.052 73.017 71.978 69.931 67.883 67.835 68.788 64.740 64.694 0.000 0.000 0.000 0.000 0.000 0.000 0.000 0.000 0.000 0.000 0.000 0.000 59.933 82.876 81.773 90.679 91.567 91.694 89.796 97.743 91.497 91.103 90.980 90.897 90.820 90.752 86.695 66.654 0.000 0.000 0.000 0.000 0.000 0.000 0.000 0.000 0.000 45.688 40.546 37.463 39.399 44.343 46.291 46.244 47.204 38.178 0.000 0.000 0.000 0.000 0.000 41.444 39.429 55.405 76.379 74.353 74.329 74.306 75.287 74.271
57.302 57.253 58.207 65.166 74.128 80.092 68.054 62.014 56.973 54.933 53.893 59.846 38.770 0.000 0.000 0.000 0.000 0.000 0.000 0.000 0.000 0.000 0.000 0.000 0.000 66.069 82.022 89.946 91.859 91.826 90.956 98.039 97.897 93.514 91.321 91.161 91.084 91.008 90.941 85.888 60.856 0.000 0.000 0.000 0.000 0.000 0.000 0.000 0.000 45.951 40.832 40.720 40.635 39.567 36.511 41.464 45.428 46.404 43.396 0.000 0.000 0.000 0.000 44.397 38.408 42.402 70.387 74.369 74.349 74.330 74.312 74.296 74.284
56.375 56.326 60.282 65.241 67.203 70.167 60.132 56.097 57.064 57.032 59.004 36.982 0.000 0.000 0.000 0.000 0.000 0.000 0.000 0.000 0.000 0.000 0.000 0.000 0.000 52.251 81.199 91.128 92.026 92.155 90.264 98.170 91.061 92.735 91.417 91.351 91.264 91.186 91.117 82.060 55.026 0.000 0.000 0.000 0.000 0.000 0.000 0.000 45.183 41.071 40.966 40.870 40.790 40.724 40.670 37.628 36.599 39.587 46.605 46.689 0.000 0.000 0.000 38.387 39.388 57.383 74.373 73.359 73.344 74.330 74.316 74.303 74.293
56.443 56.396 58.353 59.313 57.277 56.242 57.210 56.180 56.152 56.128 61.108 6.095 0.000 0.000 0.000 0.000 0.000 0.000 0.000 0.000 0.000 0.000 0.000 0.000 3.621 60.486 89.396 92.312 92.282 91.412 98.408 98.293 94.059 91.760 91.615 91.526 91.439 91.356 92.279 72.210 60.162 0.000 0.000 44.795 0.000 44.557 46.512 46.427 41.294 41.186 41.090 41.004 40.930 40.868 40.817 40.778 39.752 36.741 45.749 46.773 39.773 0.000 0.000 46.376 38.375 46.370 52.362 55.352 59.340 65.329 71.318 73.308 73.300
57.507 57.462 57.421 57.382 57.347 56.315 56.286 56.259 56.237 55.219 63.206 14.196 0.000 0.000 0.000 0.000 0.000 0.000 0.000 0.000 0.000 0.000 0.000 0.000 44.757 80.674 91.588 92.478 92.618 90.710 98.511 91.510 93.185 91.869 91.795 91.700 91.609 91.520 92.432 64.339 42.251 0.000 0.000 40.795 0.000 39.601 41.552 41.476 41.380 41.289 41.204 41.127 41.059 41.001 40.953 40.916 38.890 40.877 46.876 43.882 0.000 0.000 0.000 45.366 44.364 43.360 42.353 41.345 40.336 44.327 55.318 51.311 53.304
55.567 55.524 55.485 55.449 55.415 55.385 55.359 56.335 58.317 60.305 35.300 2.304 0.000 0.000 0.000 0.000 0.000 0.000 0.000 2.992 11.984 0.000 0.000 15.117 55.976 86.869 92.766 92.754 91.782 98.691 98.605 94.501 92.207 92.058 91.965 91.871 91.777 91.684 87.589 34.464 0.000 0.000 0.000 40.795 46.775 41.695 41.621 41.542 41.463 41.385 41.310 41.241 41.178 41.123 41.078 41.042 38.017 47.002 46.996 42.996 0.000 0.000 0.000 44.359 43.356 44.352 44.347 44.340 44.332 44.325 43.318 43.312 42.307
56.623 56.583 59.546 63.512 66.480 70.452 72.428 75.407 74.392 66.383 4.385 15.405 39.461 7.486 0.000 0.000 0.000 0.000 0.000 43.001 69.976 9.937 0.000 49.259 82.160 92.051 92.951 92.881 92.104 98.764 90.938 92.625 92.308 92.233 92.135 92.040 91.945 92.851 79.775 0.000 0.000 0.000 0.000 20.815 40.835 41.783 43.693 43.611 41.544 41.478 41.412 41.348 41.289 41.237 41.193 38.158 43.132 46.116 47.110 38.111 0.000 0.000 0.000 28.355 49.350 49.346 46.341 43.335 43.329 44.323 45.317 45.312 44.308
58.676 57.639 64.604 73.572 74.542 73.516 72.493 71.473 68.459 62.451 37.452 54.465 72.491 41.512 25.534 1.545 0.000 0.000 14.072 53.034 66.982 5.897 24.735 66.500 91.352 94.236 93.076 93.288 91.264 98.826 92.923 92.638 92.491 92.399 92.305 92.211 92.111 93.998 37.887 0.000 0.000 0.000 0.000 0.000 36.968 42.911 23.756 23.664 40.625 41.572 41.511 41.450 41.393 41.343 40.299 38.264 47.238 47.222 44.217 38.227 44.273 0.000 0.000 0.000 60.344 75.341 68.336 64.331 60.325 56.320 59.316 59.312 42.308
58.726 58.692 61.660 64.629 63.601 61.576 59.553 57.535 55.520 55.511 64.508 66.513 63.524 60.537 64.548 12.555 0.000 0.000 54.111 84.079 35.022 30.935 64.808 88.654 93.521 93.377 93.495 91.450 98.909 91.328 93.043 92.730 92.659 92.566 92.476 92.387 95.291 52.144 0.000 0.000 0.000 0.000 0.000 0.000 39.158 44.136 0.000 0.000 37.719 41.673 41.611 41.549 41.491 41.441 38.398 46.362 47.335 46.316 37.307 41.308 41.320 0.000 0.000 0.000 28.341 58.338 76.331 75.326 75.322 75.317 75.314 69.310 59.308
58.775 58.743 58.713 57.685 57.658 58.633 58.611 58.592 56.575 57.563 62.556 65.554 61.557 56.562 59.567 14.570 0.000 0.000 46.182 56.150 34.093 67.012 81.908 90.789 93.672 93.604 92.702 99.280 99.048 92.319 93.048 92.906 92.819 92.731 92.647 92.571 95.519 0.000 0.000 10.890 19.890 0.000 0.000 40.468 43.371 42.339 49.378 0.000 37.860 41.790 41.712 41.642 41.582 39.531 41.488 47.452 47.423 39.402 40.387 41.379 41.377 0.000 0.000 0.000 0.000 0.000 58.326 74.321 74.317 74.314 74.311 75.309 75.307
58.822 58.794 58.766 58.738 58.712 58.688 58.666 57.645 56.627 60.611 64.599 64.591 59.588 55.587 60.588 13.588 0.000 0.000 42.285 11.246 58.187 82.112 88.022 93.929 93.779 93.988 91.977 99.488 91.738 93.450 93.138 93.070 92.979 92.892 92.808 99.730 83.697 0.000 6.889 56.890 42.890 0.000 0.000 35.564 43.519 42.471 42.417 48.295 46.071 44.915 41.803 41.726 41.665 38.615 46.571 47.534 43.504 38.480 41.461 41.445 43.432 47.443 0.000 0.000 0.000 0.000 0.000 71.315 74.313 74.311 74.308 75.306 73.305
58.871 58.844 58.817 58.791 58.765 58.741 57.718 56.697 58.676 62.656 65.637 61.623 56.615 55.612 58.611 40.605 27.586 28.533 24.426 25.361 65.298 86.227 92.150 94.040 94.179 92.170 99.851 99.677 92.744 93.458 93.313 93.224 93.136 93.051 97.964 40.845 55.841 25.879 56.889 64.891 0.000 0.000 0.000 34.707 43.668 42.608 42.526 52.398 63.213 36.996 46.861 42.792 39.739 41.691 47.648 46.610 37.579 40.553 41.531 41.507 28.464 29.454 0.000 0.000 0.000 0.000 0.000 52.311 73.309 74.307 74.305 78.304 74.302
58.920 58.894 58.867 58.842 58.817 58.793 56.770 56.748 60.725 67.699 68.669 64.649 59.638 57.635 57.638 59.635 59.620 68.585 9.528 43.473 81.415 88.351 94.280 94.247 93.379 100.160 100.010 93.099 93.881 93.544 93.472 93.377 93.290 93.212 101.152 0.000 38.944 40.906 30.896 32.893 0.000 0.000 0.000 37.889 43.839 42.768 48.678 64.560 41.386 0.000 27.852 40.844 38.807 46.762 47.719 43.681 40.648 41.622 41.603 43.590 0.000 0.000 0.000 0.000 0.000 0.000 44.308 25.308 64.305 74.304 74.302 79.301 74.300
58.970 58.943 58.918 58.892 58.868 57.844 56.821 58.799 65.776 42.747 18.694 17.665 14.652 44.653 61.671 56.678 59.675 40.660 2.628 48.588 86.538 92.487 94.377 94.620 92.644 100.298 93.432 94.210 93.780 93.722 93.618 93.525 93.436 94.353 92.281 14.225 14.084 0.000 0.000 0.000 0.000 0.000 37.259 45.122 43.031 41.947 61.860 65.776 0.000 0.000 0.000 36.923 42.882 47.832 47.785 37.745 41.711 41.686 41.668 44.659 0.000 0.000 0.000 0.000 0.000 0.000 23.308 0.000 52.301 74.300 74.300 80.299 74.297
59.018 58.993 58.967 58.942 57.918 56.894 58.872 61.851 69.833 28.819 0.000 0.000 0.000 0.000 43.717 58.730 59.743 45.749 47.738 73.710 90.673 94.599 94.773 92.795 100.542 100.426 94.413 94.109 93.962 93.860 93.763 93.669 93.576 96.483 81.394 10.309 0.000 0.000 0.000 0.000 0.000 0.000 37.397 44.308 43.216 41.129 69.039 29.907 0.000 0.000 43.153 48.045 47.965 47.900 45.846 40.801 41.767 41.741 41.725 43.719 0.000 47.799 0.000 0.000 0.000 0.000 0.000 0.000 45.298 74.297 74.297 74.296 74.295
59.067 59.041 59.016 58.991 57.967 56.943 60.920 64.900 68.885 26.877 0.000 0.000 0.000 0.000 23.749 66.782 61.816 67.857 80.865 89.846 93.809 94.817 93.968 100.747 100.648 93.746 94.524 94.183 94.102 94.000 93.905 93.812 97.716 60.610 32.502 0.000 0.000 0.000 0.000 0.000 0.098 39.800 44.624 43.496 45.396 42.316 66.259 0.000 0.000 38.395 45.262 61.136 50.035 46.957 42.896 40.849 40.813 41.788 41.773 41.772 46.792 42.799 33.799 0.000 0.000 0.000 41.292 43.293 42.294 74.295 74.294 74.294 74.294
59.114 59.090 59.065 59.040 57.015 58.991 64.967 65.946 63.931 50.926 11.942 0.000 0.000 0.000 0.000 19.832 15.883 55.999 87.017 90.999 94.940 95.111 93.236 100.837 93.056 94.837 94.404 94.342 96.233 95.136 94.044 93.957 99.867 22.738 0.000 0.000 0.000 0.000 0.000 21.248 60.162 59.976 47.803 44.656 55.556 50.478 51.424 12.420 0.241 36.528 41.365 52.202 48.083 51.997 45.932 48.884 47.849 44.824 41.809 40.803 40.806 46.806 0.000 0.000 0.000 0.000 38.292 38.292 48.292 74.292 74.292 74.292 74.292
