results3/res_3e8f-0030.wd
ncols         241
nrows         181
xllcorner     12693529.787448
yllcorner     3542525.717860
cellsize      155.156523
NODATA_value  -9999.000000
[rows 132 to 164 of 181, columns 0 to 74 of 241]
63.635 68.636 72.638 72.641 74.646 74.651 68.658 59.666 45.675 34.685 33.697 34.711 33.726 32.743 37.762 51.783 62.806 67.831 67.860 64.890 56.924 47.961 39.002 33.046 38.091 40.149 39.198 40.244 38.272 33.294 47.312 70.326 37.336 0.000 0.000 0.000 0.000 29.804 41.807 38.817 40.829 46.843 64.858 50.869 34.876 33.881 33.884 45.884 66.884 7.882 0.000 0.000 0.000 0.000 0.000 0.000 0.000 0.000 0.000 0.000 0.000 0.000 0.000 0.000 0.000 0.000 0.891 41.771 64.650 68.554 68.443 78.524 105.985 96.325 96.270
41.666 43.667 46.670 52.673 62.677 68.683 73.690 73.698 66.707 52.717 41.729 35.743 39.758 46.775 59.795 74.816 73.839 70.865 70.893 73.923 73.956 69.991 58.029 46.070 38.113 33.158 34.202 33.241 34.271 42.295 64.314 72.326 0.000 0.000 0.000 0.000 0.000 15.802 33.802 42.811 43.830 40.851 41.873 51.887 46.895 39.899 43.900 51.899 64.896 5.888 0.000 0.000 0.000 0.000 0.000 0.000 0.000 0.000 0.000 0.000 0.000 0.000 0.000 0.000 0.000 0.000 48.982 70.872 66.745 75.711 66.769 106.123 94.876 96.376 101.611
33.698 33.699 33.701 35.705 40.709 44.715 51.721 60.729 68.738 71.749 65.761 63.774 65.790 68.807 67.827 60.848 51.872 49.898 49.925 54.955 60.986 68.020 71.056 70.093 59.132 49.172 44.211 42.246 51.277 67.303 68.325 54.340 0.000 0.000 0.000 0.000 0.000 0.000 16.787 43.798 22.828 10.858 25.897 40.912 55.919 59.921 61.919 62.917 58.915 0.000 0.000 0.000 0.000 0.000 0.000 0.000 0.000 0.000 0.000 0.000 0.000 0.000 33.500 3.456 69.377 91.270 124.084 80.030 75.067 56.012 92.068 96.557 96.449 105.189 94.699
34.729 34.731 34.733 34.736 33.741 32.747 34.753 39.761 45.770 55.780 65.792 67.805 60.820 50.838 44.858 36.880 32.904 32.930 32.957 34.985 40.016 46.048 53.081 65.116 70.152 72.188 71.224 67.258 70.289 63.317 45.344 37.370 16.400 0.000 0.000 0.000 0.000 0.000 9.762 42.766 0.000 0.000 18.945 43.948 62.949 70.946 56.941 59.935 45.932 3.935 0.000 0.000 0.000 0.000 0.000 0.000 0.000 0.000 0.000 0.000 0.000 20.584 39.545 112.491 141.412 124.273 107.803 106.727 98.384 97.029 96.882 96.726 61.954 106.862 98.448
34.761 34.762 34.765 34.768 34.773 34.778 34.785 33.793 33.802 36.811 42.822 41.835 37.850 33.868 33.888 33.911 34.935 34.961 34.988 35.016 34.045 33.075 35.107 41.140 48.173 57.207 65.240 61.273 50.304 38.335 34.365 39.396 47.432 23.478 1.522 1.546 0.000 0.000 24.734 45.740 0.000 0.000 37.991 69.988 71.983 50.976 53.965 52.953 40.944 29.939 0.000 0.000 0.000 0.000 0.000 0.000 0.000 0.000 0.000 0.000 0.000 1.646 64.604 70.526 66.508 67.654 65.616 97.420 97.297 97.168 64.340 67.107 68.969 70.627 20.590
34.793 34.794 34.796 34.800 34.805 34.810 34.817 34.825 34.833 34.842 33.852 33.864 33.878 34.896 34.917 34.941 34.967 34.992 35.019 35.046 35.074 35.103 35.133 34.163 33.195 34.226 38.258 36.290 35.322 39.353 42.385 41.419 39.455 41.495 41.535 38.572 38.614 42.653 17.702 3.720 0.000 11.061 56.040 70.031 50.021 43.009 41.993 21.966 17.955 0.000 0.000 0.000 0.000 0.000 0.000 0.000 0.000 12.227 27.209 0.000 10.888 73.774 80.745 78.810 76.789 77.862 97.649 97.537 78.622 85.402 78.244 84.006 75.838 54.769 0.000
34.824 34.826 34.828 34.832 34.837 34.843 34.850 34.857 34.865 34.873 34.882 34.892 34.904 34.921 34.945 34.972 34.998 35.025 35.051 34.077 41.103 43.131 35.159 34.187 33.217 34.247 36.278 39.309 42.341 41.373 36.406 37.440 44.476 47.514 43.551 37.587 34.620 43.643 0.000 0.000 0.000 51.082 60.081 47.074 39.062 59.047 5.033 0.000 0.000 0.000 0.000 0.000 0.000 0.000 0.000 0.000 22.288 64.246 93.193 54.097 86.933 95.078 92.030 91.114 97.966 97.865 97.759 90.728 92.592 92.281 91.132 90.053 7.960 0.000 0.000
34.856 34.857 34.860 34.864 34.869 34.875 34.882 34.890 34.898 34.905 37.912 37.919 35.926 39.939 37.973 35.003 35.031 35.058 34.083 32.108 43.133 51.159 37.185 34.212 36.240 39.269 41.298 40.329 37.360 39.392 44.426 46.460 47.497 47.534 42.571 36.606 45.637 64.657 0.000 0.000 0.000 25.106 48.129 45.124 49.107 69.087 3.059 0.000 0.000 0.000 0.000 0.000 0.000 0.000 0.000 20.383 72.334 88.274 91.192 96.170 93.309 90.290 98.246 98.157 98.064 90.071 90.844 91.704 91.376 91.339 84.262 61.158 0.000 0.000 0.000
34.887 34.889 34.891 34.896 34.901 34.908 34.916 34.924 34.932 35.939 42.944 42.946 19.944 0.000 9.004 39.037 33.068 36.094 42.118 45.141 45.164 41.187 37.212 38.237 41.263 40.291 39.319 41.349 45.380 45.412 47.446 46.481 37.517 32.555 34.593 47.631 66.666 76.693 0.000 0.000 0.000 0.214 56.206 58.188 65.156 64.135 0.032 0.000 0.000 0.000 0.000 0.000 0.000 0.000 24.489 68.440 90.357 93.364 92.441 92.432 91.512 98.417 98.333 90.305 91.094 91.942 91.719 91.565 91.513 83.439 75.392 0.000 0.000 0.000 0.000
34.919 34.920 34.922 34.927 34.934 34.942 34.951 34.960 34.968 36.976 45.980 56.978 32.960 0.000 0.000 24.073 50.111 42.134 40.154 40.174 38.195 37.216 39.239 41.262 39.287 35.313 37.340 49.369 51.399 41.431 35.465 32.501 32.538 37.576 51.617 67.659 64.704 48.756 20.827 0.000 0.000 27.316 56.301 38.267 29.196 21.165 0.000 0.000 0.000 0.000 0.000 0.000 0.000 17.601 68.544 90.449 92.635 91.623 91.725 98.661 98.582 98.501 90.385 92.252 91.956 91.820 91.755 91.673 85.589 72.519 62.478 0.000 0.000 0.000 0.000
34.950 34.951 34.953 34.958 34.965 34.975 34.986 34.997 35.007 37.016 47.024 34.028 0.000 0.000 0.000 0.000 46.169 38.178 40.192 39.209 37.226 40.246 41.266 38.288 35.310 31.334 41.360 55.388 42.418 32.450 33.485 38.521 48.558 59.598 70.639 63.685 41.737 36.803 55.898 63.054 64.203 68.335 43.418 4.383 0.000 0.000 0.000 0.000 0.000 0.000 0.000 0.000 22.705 68.635 90.641 92.817 91.836 98.883 98.811 98.738 90.682 91.467 92.341 92.029 92.004 91.935 91.851 92.750 80.661 51.567 40.522 0.000 0.000 0.000 0.000
33.982 33.982 34.982 34.986 34.996 35.010 35.023 35.036 35.048 38.060 48.072 19.082 0.000 0.000 16.239 18.235 35.218 37.220 25.229 7.242 45.258 40.275 36.293 35.313 33.333 35.356 51.380 54.406 36.436 39.468 51.504 60.540 69.578 67.618 55.660 41.706 34.758 50.822 54.910 43.062 24.222 22.403 10.654 0.557 0.000 0.000 0.000 11.534 6.534 0.000 0.000 16.792 68.807 91.902 92.919 91.025 99.021 98.953 90.874 91.671 92.533 92.330 92.197 92.163 92.100 92.040 94.961 58.817 38.739 0.000 0.000 0.000 0.000 0.000 0.000
43.016 41.013 38.008 36.011 33.024 33.045 33.062 33.077 32.091 37.105 49.123 32.148 13.198 21.228 39.244 35.250 32.250 38.254 33.263 20.275 40.289 34.304 33.321 33.338 35.356 49.376 57.398 23.422 15.451 65.485 70.522 65.560 54.598 44.637 36.677 32.721 43.768 55.817 23.860 0.000 0.000 0.000 1.420 1.403 0.000 0.441 3.511 31.535 15.534 0.000 0.000 49.041 91.079 90.201 99.222 99.157 99.089 90.929 92.800 92.517 92.398 92.356 94.302 89.240 91.200 92.165 103.138 0.000 0.000 0.000 0.000 0.000 0.000 0.000 0.000
44.053 46.047 52.027 53.027 53.045 50.085 51.105 50.120 49.134 49.149 51.167 34.190 38.220 37.244 34.261 37.271 37.278 36.286 41.295 43.307 37.320 31.333 33.348 35.363 49.379 54.396 43.414 37.436 46.464 69.500 52.541 43.581 35.618 33.655 35.693 34.734 48.777 57.820 21.854 0.000 0.000 0.379 3.377 1.371 4.045 10.332 12.493 5.559 0.000 0.000 27.242 69.299 99.410 99.349 99.287 91.192 91.982 92.863 92.562 92.548 93.494 93.437 66.381 44.306 79.295 93.283 98.287 38.342 0.000 0.000 0.000 0.000 0.000 0.000 0.000
37.098 31.097 0.000 0.000 0.000 42.146 39.154 39.165 39.177 43.190 52.207 33.226 34.248 33.268 36.284 40.297 41.307 39.317 38.327 41.338 42.350 39.363 33.376 50.390 56.402 47.415 53.428 70.444 67.468 49.510 37.564 33.605 35.640 35.673 34.708 39.745 55.788 57.834 49.882 52.924 23.942 0.029 0.000 0.000 9.329 16.452 6.571 3.650 0.000 22.295 70.422 99.528 99.470 91.362 92.155 93.023 92.828 92.704 92.678 93.621 91.569 85.515 10.484 0.000 61.392 96.384 93.384 92.398 0.000 0.000 0.000 0.000 0.000 0.000 0.000
35.145 27.147 0.000 0.000 0.000 38.199 34.203 34.210 34.219 38.231 52.245 30.261 34.280 38.297 40.313 41.326 38.338 35.348 33.359 35.370 45.382 58.394 53.406 54.417 31.427 25.435 77.439 63.446 30.457 0.000 10.599 38.636 35.665 35.692 37.720 30.753 14.796 4.848 16.916 56.950 32.961 0.148 0.213 0.000 5.490 10.576 4.689 9.814 10.170 48.436 99.617 90.578 94.301 93.186 92.992 92.873 92.840 92.794 93.743 93.696 58.645 34.572 20.554 23.550 74.498 95.476 91.468 82.469 0.467 0.000 0.000 0.000 0.000 0.000 0.000
35.192 35.200 18.223 0.000 0.000 39.249 35.250 35.255 34.261 35.269 50.281 37.296 40.313 42.330 41.345 36.358 33.370 34.381 34.392 33.403 43.414 66.425 62.436 49.447 42.456 33.460 9.449 0.000 0.000 0.000 0.000 40.678 35.692 37.711 20.727 0.000 0.000 0.000 18.984 36.001 4.980 0.000 0.336 5.553 12.565 8.675 2.791 0.000 1.600 47.886 99.727 93.468 93.211 93.025 92.999 92.954 92.904 92.856 90.813 81.774 14.746 0.000 31.612 90.599 95.573 93.554 87.544 77.541 0.000 0.000 0.000 0.000 0.000 0.000 0.000
32.232 34.238 31.248 0.000 0.000 39.298 34.297 32.298 34.301 38.306 42.315 41.330 41.348 39.365 33.380 34.393 34.405 35.415 35.426 40.436 58.447 57.458 50.469 59.481 57.491 28.500 0.000 0.000 0.000 0.000 0.000 40.705 35.717 38.734 9.751 0.000 5.957 31.993 52.038 21.090 0.000 0.000 0.000 0.000 4.543 4.767 5.036 1.597 1.928 100.036 99.883 92.391 93.213 93.104 93.059 93.010 92.964 94.919 79.877 62.842 22.818 0.000 46.681 76.663 85.641 94.623 83.613 72.610 0.000 0.000 0.000 0.000 0.000 0.000 0.000
39.266 37.274 26.285 0.000 25.367 33.349 35.343 39.341 40.340 41.340 39.345 40.361 38.385 34.404 34.419 35.431 35.442 34.451 36.461 59.470 58.480 40.491 53.503 51.516 55.531 53.549 16.582 0.000 0.000 11.709 16.716 36.722 35.737 35.760 30.793 22.855 39.922 38.984 33.085 55.234 3.380 0.000 0.000 0.000 3.297 1.828 3.282 27.707 52.192 100.156 94.763 94.464 94.194 93.168 93.116 93.068 94.022 91.977 46.936 23.898 35.866 36.836 90.769 92.731 72.704 82.685 77.674 50.676 15.700 0.000 0.000 0.000 0.000 0.000 0.000
40.294 41.307 38.333 26.374 40.387 40.387 40.386 41.384 41.379 42.370 54.366 36.384 34.428 34.448 35.462 35.472 35.480 36.488 50.497 61.505 36.515 40.525 67.537 59.550 47.566 50.587 53.615 37.653 42.680 57.703 50.718 38.732 31.751 31.776 42.808 58.850 45.895 17.939 0.000 45.380 34.528 1.017 5.253 10.472 6.718 0.000 1.475 42.832 95.131 100.247 91.737 94.360 95.275 93.223 93.174 93.125 86.078 76.033 32.990 3.950 12.912 13.873 74.827 116.790 97.760 73.738 65.725 44.720 53.724 6.724 0.000 0.000 0.000 17.693 59.693
45.310 45.328 41.368 41.403 41.422 42.429 42.432 38.431 35.423 34.396 0.000 0.000 38.494 35.501 35.508 35.515 34.521 37.527 61.533 47.540 32.549 38.559 55.570 72.584 67.599 64.618 62.640 58.665 54.687 53.705 61.721 58.738 52.760 48.786 51.814 55.844 17.868 0.000 0.000 0.000 0.000 0.000 6.332 16.444 12.581 3.581 0.000 42.014 100.425 100.336 94.642 96.454 93.327 93.281 94.230 90.180 74.132 67.086 73.042 79.000 62.959 84.918 99.877 116.840 125.809 109.784 71.766 76.755 51.752 0.000 0.000 0.000 0.000 0.000 8.694
0.000 0.000 45.409 40.450 40.468 35.476 32.482 34.486 29.487 0.000 0.000 0.000 39.556 35.555 35.557 35.559 35.563 53.566 60.570 33.576 35.582 35.592 38.603 44.616 46.630 46.646 42.663 45.681 61.697 54.711 45.724 48.742 55.765 59.795 62.820 59.845 34.867 0.000 0.000 0.000 0.000 0.000 1.241 10.392 0.000 0.000 11.971 72.190 100.513 92.026 95.701 95.425 93.393 93.336 94.284 89.234 76.185 42.138 49.092 92.048 103.006 134.964 125.923 97.885 85.851 102.822 81.800 75.784 50.777 0.000 0.000 0.000 0.000 0.000 13.694
0.000 0.000 0.000 49.523 34.526 32.526 34.537 34.546 35.553 0.000 0.000 28.646 36.618 35.608 35.605 35.605 37.605 61.606 46.608 32.610 35.615 35.624 35.636 34.648 34.661 34.674 33.687 40.700 69.711 48.719 0.000 0.000 0.000 50.809 60.825 44.852 49.890 36.973 0.543 0.795 0.000 0.000 7.587 0.247 0.000 0.000 30.149 100.692 100.602 94.900 96.607 92.500 93.445 93.390 93.337 93.286 80.236 43.188 58.142 95.096 91.052 125.008 119.966 88.926 93.888 79.854 60.827 78.806 56.794 0.000 0.000 0.000 0.000 0.000 12.695
33.739 29.737 0.000 41.593 51.586 52.568 33.593 45.608 52.628 28.670 26.685 36.676 35.664 35.656 35.652 35.650 54.649 58.647 33.645 35.644 34.645 33.653 35.669 35.682 35.693 35.703 34.713 42.722 71.730 52.736 0.000 0.000 22.801 47.808 60.823 39.847 29.868 0.000 0.000 1.057 0.938 9.416 13.501 0.000 0.000 9.145 71.348 100.783 92.201 95.867 95.596 93.557 93.498 93.442 93.389 94.337 85.286 74.237 97.190 122.143 110.097 127.052 124.008 117.964 124.921 90.881 67.846 77.819 85.800 14.789 0.000 0.000 0.000 0.000 13.696
35.743 34.735 29.714 35.672 34.659 0.000 56.660 48.667 35.681 36.700 36.710 35.710 35.706 35.702 35.699 38.696 61.693 44.689 34.683 35.676 41.671 49.676 35.705 33.718 35.727 34.734 37.740 61.746 69.752 44.761 32.777 20.786 42.795 41.802 2.812 0.000 0.000 0.000 0.000 0.000 0.000 0.000 0.000 0.000 12.373 69.418 91.522 100.874 93.152 93.761 93.666 93.607 93.549 93.493 93.439 94.386 85.335 68.285 64.237 97.189 87.142 101.095 104.049 92.001 93.953 65.903 42.859 56.824 123.798 76.778 11.755 1.734 23.716 44.704 81.698
35.756 35.749 35.737 35.723 35.721 29.737 45.722 61.722 37.729 34.739 35.746 35.749 35.748 35.747 34.746 57.743 59.740 33.734 35.724 36.706 33.688 0.000 54.758 49.761 36.764 34.766 52.768 71.771 55.774 35.779 35.784 36.788 39.791 43.794 0.000 0.000 0.000 0.000 0.000 0.000 0.000 0.000 0.000 0.000 35.591 92.644 101.057 100.965 93.049 93.844 93.711 93.657 93.598 93.542 93.487 92.434 77.383 79.332 99.283 118.235 117.187 122.139 127.091 114.040 111.984 98.920 47.862 45.820 121.791 85.770 23.752 16.732 81.710 114.700 133.695
35.776 35.768 35.762 35.762 35.765 35.771 35.769 46.770 61.775 37.782 34.788 35.792 35.793 33.794 41.794 62.793 42.791 34.785 36.772 34.738 0.000 0.000 42.809 43.805 49.802 48.799 56.797 55.796 36.796 34.796 36.796 39.791 44.789 44.790 0.000 0.000 0.000 0.000 0.000 0.000 0.000 0.000 0.000 0.000 44.060 97.942 101.150 92.438 94.086 93.806 93.766 93.703 93.645 93.589 93.534 93.481 79.429 75.379 96.329 97.280 97.231 100.183 100.135 99.084 104.025 76.931 52.849 67.804 82.776 21.759 0.000 0.000 25.692 51.690 73.689
35.807 37.785 37.782 35.801 35.808 35.812 35.814 35.817 46.821 61.827 37.833 32.837 32.841 49.843 61.845 55.846 32.846 35.845 31.842 0.000 0.000 28.893 35.865 35.851 41.841 58.833 58.827 51.822 44.818 36.815 23.814 0.000 58.787 38.787 0.000 0.000 0.000 0.000 0.000 0.000 0.000 0.000 0.000 0.000 17.962 101.340 101.244 93.295 93.984 93.871 93.809 93.749 93.691 93.634 93.580 94.527 89.475 79.424 74.374 73.325 73.276 73.228 73.181 77.137 51.101 0.000 20.797 76.773 72.749 33.732 0.000 0.000 24.677 70.679 48.680
36.860 0.000 0.000 35.852 34.855 33.857 33.859 32.862 32.867 45.873 60.880 53.886 60.891 62.894 49.898 33.900 40.903 40.907 28.911 0.000 0.000 39.922 35.908 37.893 61.880 68.867 46.856 37.847 44.840 51.835 39.832 0.000 18.786 36.786 0.000 0.000 0.000 0.000 0.000 0.000 0.000 0.000 0.000 0.005 5.313 101.435 98.600 94.239 93.962 93.917 93.852 93.792 93.734 93.679 93.625 93.572 94.520 93.470 91.419 90.369 90.319 91.271 93.226 67.182 9.142 0.000 5.769 61.742 92.715 83.688 56.655 32.647 49.660 52.667 10.674
35.915 34.932 0.000 34.903 45.902 49.903 53.905 58.908 61.913 62.921 62.929 62.936 48.942 35.947 51.952 68.956 69.962 69.970 62.984 41.018 0.000 36.966 34.952 43.936 71.918 58.901 35.885 34.872 36.861 39.853 30.849 0.000 0.000 0.000 0.000 0.000 0.000 0.000 0.000 0.000 0.000 0.000 5.500 6.905 2.752 101.517 102.529 98.121 94.020 93.955 93.892 93.833 93.776 93.721 93.668 93.616 93.565 93.515 93.464 93.412 94.361 97.312 69.268 2.225 0.000 0.000 0.000 6.711 62.680 93.651 84.631 60.627 37.648 6.658 0.000
35.953 37.951 33.969 35.954 50.950 49.949 45.950 41.952 40.956 36.969 57.980 47.989 58.996 50.002 66.007 62.012 55.019 56.027 67.039 73.053 62.057 63.025 55.002 62.980 70.957 43.935 34.914 35.895 35.879 34.868 34.862 36.862 31.861 0.000 40.841 31.840 0.000 0.000 0.000 0.000 0.000 0.000 74.222 71.447 101.616 101.573 96.411 97.188 94.050 93.992 93.930 93.872 93.816 93.762 93.710 93.659 93.610 93.560 93.509 95.456 100.401 69.349 9.308 0.000 0.000 0.000 0.000 0.000 3.643 54.607 89.589 39.582 0.000 0.000 0.000
37.994 0.000 33.002 35.997 35.995 35.995 34.996 35.996 37.991 36.021 48.035 43.045 52.053 63.059 51.063 36.068 37.074 38.083 39.093 44.099 57.095 67.075 73.051 71.025 59.998 35.969 35.940 35.915 35.895 35.880 36.871 59.865 32.861 0.000 36.844 0.000 0.000 0.000 0.000 0.000 0.000 5.812 94.089 96.319 101.647 94.790 94.417 94.134 94.090 94.024 93.965 93.908 93.853 93.801 93.751 93.702 93.654 93.607 95.557 80.502 34.438 1.396 0.000 0.000 0.000 0.000 0.000 0.000 0.000 25.544 87.536 39.530 0.000 0.000 0.000
39.037 0.000 33.041 36.039 36.039 36.041 36.045 37.047 0.000 35.089 39.096 50.105 50.112 58.118 63.121 49.123 34.128 34.139 34.152 36.157 38.150 39.130 40.103 40.073 39.041 38.005 33.965 33.931 34.906 35.889 46.877 60.866 31.857 25.851 27.847 0.000 0.000 0.000 0.000 0.000 0.000 9.820 92.959 101.691 101.668 93.615 94.297 94.180 94.117 94.055 93.997 93.942 93.889 93.839 93.791 93.744 93.699 93.655 98.611 54.556 0.000 0.000 0.000 0.000 0.000 0.000 0.000 0.000 0.000 28.489 88.482 47.473 0.000 0.000 0.000
