results3/res_3e8f-0112.wd
ncols         241
nrows         181
xllcorner     12693529.787448
yllcorner     3542525.717860
cellsize      155.156523
NODATA_value  -9999.000000
[rows 0 to 32 of 181, columns 146 to 218 of 241]
0.000 0.000 0.000 0.000 0.000 0.000 0.000 0.000 0.000 0.000 0.000 0.000 0.000 0.000 4.417 15.301 16.107 15.864 15.591 15.306 15.024 14.759 14.521 14.318 14.153 14.023 13.928 13.862 13.819 13.796 13.786 18.782 0.000 0.000 0.000 0.000 0.000 0.000 0.000 0.000 0.000 0.000 0.000 0.000 0.000 0.000 0.000 0.000 0.000 8.132 15.132 0.000 0.000 31.741 36.740 0.000 0.000 0.000 0.000 0.000 0.000 0.000 0.000 0.000 0.000 0.000 0.000 0.000 0.000 0.000 0.000 0.000 0.000
0.000 0.000 0.000 0.000 0.000 0.000 0.000 0.000 0.000 0.000 0.000 0.000 0.000 0.067 15.534 16.379 16.156 15.893 15.604 15.304 15.008 14.731 16.487 15.281 14.116 13.990 13.899 13.837 13.801 13.783 13.780 18.779 0.000 0.000 0.000 0.000 0.000 0.000 0.000 0.000 0.000 0.000 0.000 0.000 0.000 0.000 0.000 0.000 5.134 27.133 3.132 0.000 10.743 43.741 37.741 0.000 0.000 0.000 0.000 0.000 0.000 0.000 0.000 0.000 0.000 0.000 0.000 0.000 22.674 0.000 0.000 0.000 0.000
0.000 0.000 0.000 0.000 0.000 0.000 0.000 0.000 0.000 0.000 0.000 0.000 0.000 19.130 17.805 16.525 16.244 15.947 15.629 15.297 14.971 16.672 16.414 14.203 14.041 13.921 13.840 13.789 13.762 13.756 15.770 9.774 0.000 0.000 0.000 0.000 0.000 0.000 0.000 0.000 0.000 0.000 0.000 0.000 0.000 0.000 0.000 0.000 17.135 0.000 0.000 5.745 36.744 0.000 0.000 0.000 0.000 0.000 0.000 0.000 0.000 0.000 0.000 0.000 0.000 0.000 0.000 0.000 25.675 0.000 0.000 0.000 0.000
0.000 0.000 0.000 0.000 0.000 0.000 0.000 0.000 0.000 0.000 0.000 0.000 2.333 18.456 17.031 16.671 16.349 16.023 15.666 15.284 15.908 15.571 14.293 14.078 13.922 13.816 13.750 13.715 13.704 19.710 0.000 0.000 0.000 0.000 0.000 0.000 0.000 0.000 0.000 0.000 0.000 0.000 0.000 2.145 0.000 0.000 0.000 1.137 61.137 0.000 0.000 11.745 38.746 0.000 0.000 0.000 0.000 0.000 0.000 0.000 0.000 0.000 0.000 3.694 22.694 0.000 0.000 15.676 24.675 25.675 0.000 0.000 0.000
0.000 0.000 0.000 0.000 0.000 0.000 0.000 0.000 0.000 0.000 0.000 7.913 1.187 2.267 17.191 16.781 16.457 16.131 15.728 15.266 15.806 15.412 14.108 13.894 13.753 13.669 13.628 13.617 14.629 15.669 0.000 0.000 0.000 0.000 0.000 0.000 0.000 0.000 0.000 0.000 0.000 0.000 3.145 26.145 21.145 0.000 0.000 17.138 45.139 0.000 0.000 0.000 38.750 0.000 0.000 0.000 0.000 0.000 0.000 0.000 0.000 0.000 37.696 41.695 43.694 0.000 0.000 28.677 23.676 23.675 33.675 0.000 0.000
0.000 0.000 0.000 0.000 0.000 0.000 0.000 0.000 0.000 0.000 10.542 3.189 1.612 1.123 1.111 14.803 16.568 16.317 15.850 17.244 16.639 14.161 13.835 13.635 13.527 13.481 13.477 13.498 19.525 0.000 0.000 0.000 0.000 0.000 0.000 0.000 0.000 0.000 0.000 0.000 0.000 0.000 0.000 6.145 27.146 19.147 17.148 0.000 30.142 3.142 0.000 0.000 23.753 36.756 27.757 25.757 34.756 0.000 0.000 0.000 0.000 0.000 37.698 39.696 44.693 23.688 12.684 29.679 32.677 0.000 0.000 0.000 0.000
0.000 0.000 0.000 0.000 0.000 0.000 0.000 0.000 0.000 0.000 6.879 3.633 3.306 2.832 0.294 0.474 9.695 17.718 17.111 17.221 14.345 13.759 13.436 13.286 13.238 13.251 13.301 13.371 8.448 0.000 0.000 0.000 0.000 0.000 23.186 56.186 0.000 0.000 0.000 0.000 0.000 0.000 0.000 3.146 27.146 40.147 75.149 37.148 38.144 9.143 0.000 0.000 20.755 39.757 24.758 20.757 37.757 0.000 0.000 0.000 0.000 0.000 24.702 30.698 26.694 26.689 30.684 33.679 41.677 0.000 0.000 0.000 20.620
0.000 0.000 0.000 0.000 0.000 0.000 0.000 0.000 0.000 29.931 30.462 7.110 2.759 3.039 2.757 0.647 0.292 4.864 17.654 15.186 13.759 13.094 12.866 12.834 12.887 12.984 14.105 11.238 0.000 0.000 0.000 0.000 0.000 0.000 0.000 44.187 51.188 33.188 25.188 0.000 0.000 0.000 0.000 0.000 0.000 1.149 68.152 47.152 0.000 0.000 0.000 0.000 0.000 32.761 47.760 45.759 47.756 39.752 31.746 34.739 33.731 42.721 46.710 43.702 44.696 44.689 39.683 34.678 31.674 0.000 0.000 0.000 0.000
0.000 0.000 0.000 0.000 0.000 0.000 0.000 0.000 23.884 41.400 42.927 32.506 9.163 1.615 2.738 0.672 2.309 6.922 5.604 15.112 12.411 11.991 12.099 12.298 12.492 13.691 13.898 0.000 0.000 0.000 0.000 0.000 0.000 0.000 0.000 0.000 42.189 52.189 57.189 0.000 0.000 0.000 0.000 0.000 0.000 0.000 40.156 32.156 37.157 4.157 0.000 0.000 16.769 44.766 29.764 23.762 30.758 42.753 30.747 29.740 38.732 47.723 34.714 30.706 33.698 39.690 45.683 47.676 45.668 31.656 22.646 5.637 14.630
0.000 0.000 0.000 0.000 0.000 0.000 0.000 19.870 29.368 44.858 42.341 42.823 35.303 11.787 0.846 4.285 13.714 6.125 2.008 2.732 5.784 10.360 11.240 11.767 12.092 17.392 0.000 0.000 0.000 0.000 0.000 0.000 0.000 0.000 0.000 0.000 9.190 55.190 8.189 0.000 0.000 0.000 0.000 0.000 0.000 36.165 46.161 22.159 38.158 58.158 0.000 0.000 22.773 46.771 25.769 19.766 22.762 35.757 24.751 24.743 26.735 28.727 25.718 26.709 20.700 24.692 30.683 31.674 29.665 38.655 40.646 43.637 51.629
0.000 0.000 0.000 0.000 0.000 0.000 24.871 23.373 46.859 43.323 42.757 42.143 42.439 37.523 20.011 11.775 7.363 0.000 0.000 4.086 2.161 3.005 10.734 11.437 16.718 0.000 0.000 0.000 0.000 0.000 0.000 0.000 33.196 0.000 0.000 0.000 16.192 56.191 0.000 0.000 0.000 0.000 0.000 0.000 31.175 75.170 8.164 11.160 33.159 60.159 0.136 0.000 19.778 44.777 24.774 17.771 20.767 22.761 18.755 17.748 24.739 40.731 23.721 19.712 33.702 29.693 26.684 33.674 33.664 36.654 45.644 49.635 36.626
0.000 0.000 0.000 0.000 0.000 28.811 17.369 45.890 44.374 43.819 43.219 42.553 41.787 41.856 38.686 24.444 3.869 0.000 0.000 45.307 4.190 0.020 0.025 13.531 9.625 0.000 0.000 0.000 0.000 0.000 0.000 0.000 29.196 24.196 33.196 45.195 49.194 39.193 0.000 0.000 0.000 30.188 45.187 50.184 74.179 30.177 0.000 0.000 35.160 23.160 0.000 0.000 22.785 49.784 36.781 20.778 68.773 96.767 45.761 21.753 37.745 84.735 36.725 13.715 78.705 51.695 26.685 33.674 35.664 25.654 34.643 47.633 30.623
0.000 0.000 0.000 0.000 0.000 18.252 39.905 46.445 44.926 44.361 43.745 43.065 42.300 41.425 41.445 40.403 29.646 4.439 49.931 47.045 0.089 0.038 0.013 0.014 0.000 0.000 0.000 0.000 0.000 0.000 0.000 28.197 24.197 29.197 43.197 53.196 37.195 24.195 0.000 0.000 0.000 39.190 38.188 34.186 73.183 33.181 0.000 0.000 14.161 6.160 0.000 15.799 43.795 45.792 39.789 27.786 26.781 59.775 100.768 38.760 31.751 88.741 39.730 13.719 85.708 55.697 18.686 20.675 26.664 17.653 31.642 30.631 18.621
0.000 0.000 0.000 0.000 22.636 33.041 48.555 46.057 45.525 44.954 44.335 43.662 42.921 42.114 41.184 40.462 39.333 51.688 51.353 0.456 0.126 9.208 0.000 0.000 0.000 0.000 0.000 0.000 0.000 44.196 47.196 29.197 28.197 43.198 53.198 39.198 22.196 24.196 24.197 22.198 20.197 32.194 35.191 45.188 85.186 19.183 0.000 0.000 51.163 1.162 0.000 12.804 42.803 42.801 29.798 21.795 17.790 27.784 24.777 64.768 95.758 112.747 93.736 82.724 108.712 102.700 93.688 39.676 19.664 36.653 31.641 20.630 15.619
0.000 0.000 0.000 23.722 33.232 50.719 47.217 46.704 46.165 45.592 44.981 44.324 43.627 42.817 42.296 39.965 51.706 51.709 35.854 18.240 5.425 0.000 0.000 0.000 0.000 0.000 0.000 0.000 0.000 0.000 0.000 8.197 46.198 50.199 42.201 27.202 0.000 0.000 0.000 26.201 22.200 32.197 31.194 54.191 51.189 0.000 0.000 0.000 54.167 0.156 0.000 10.811 40.811 52.810 31.809 37.806 60.802 37.795 19.787 43.778 66.767 100.755 66.742 46.729 94.716 84.703 59.690 28.677 14.665 85.652 53.640 25.629 15.617
0.000 0.000 0.000 29.213 48.850 48.386 47.891 47.376 46.837 46.271 46.670 46.047 44.321 43.928 41.388 51.724 51.705 39.373 41.008 38.692 22.680 3.678 0.000 0.000 0.000 0.000 0.000 0.000 0.000 0.000 0.000 0.000 14.199 46.200 24.203 22.209 28.214 0.000 0.000 27.206 25.204 31.200 32.197 54.194 50.191 0.000 0.000 14.173 61.171 0.000 0.000 12.819 43.820 46.821 27.821 27.819 73.815 108.808 57.800 25.789 41.777 88.763 48.749 15.735 81.720 68.706 26.692 18.678 11.665 92.652 56.640 28.627 29.615
0.000 0.000 29.695 47.066 50.571 49.083 48.585 48.071 47.538 47.979 46.406 45.740 45.435 42.901 52.027 51.814 40.816 41.661 40.707 31.119 11.896 0.000 0.000 0.000 0.000 0.000 0.000 0.000 0.000 0.000 0.000 0.000 0.000 0.000 0.000 27.214 24.221 23.224 25.221 27.214 23.208 31.204 33.200 45.195 41.190 3.184 22.179 55.175 6.173 0.000 0.000 12.827 39.829 45.832 31.835 16.835 18.831 43.824 30.814 12.802 30.788 85.773 41.757 7.741 78.725 63.709 21.694 17.680 13.666 91.653 56.639 28.626 19.613
0.000 28.872 42.325 51.785 50.283 49.792 49.296 48.787 49.260 48.724 47.100 46.846 44.317 52.820 52.370 42.370 43.395 41.294 28.541 0.000 0.000 0.000 0.000 0.000 0.000 0.000 0.000 0.000 0.000 0.000 0.000 0.000 0.000 0.000 0.000 0.000 31.230 41.230 52.227 40.220 29.212 33.209 30.204 35.198 28.191 47.184 65.179 53.176 0.000 0.000 0.000 11.832 37.838 42.845 48.853 46.855 34.851 24.843 37.832 69.818 88.801 109.784 89.765 72.747 106.729 99.712 81.696 41.681 14.667 89.653 61.639 33.626 20.613
25.864 37.419 51.948 51.465 50.985 50.505 50.019 50.519 50.014 48.423 48.206 45.691 53.918 53.344 43.846 45.035 46.005 24.223 0.000 0.000 0.000 0.000 0.000 0.000 0.000 0.000 0.000 0.000 0.000 0.000 0.000 0.000 0.000 0.000 0.000 0.000 29.240 33.239 51.235 10.227 0.000 40.214 31.210 34.201 30.191 18.182 37.177 52.173 39.171 0.000 0.000 0.000 2.847 45.856 47.877 40.881 28.876 37.866 88.852 79.836 60.816 61.795 62.774 62.753 62.733 63.715 65.698 36.682 16.667 88.653 64.639 27.626 21.617
29.309 52.993 52.583 52.141 51.687 51.225 50.752 50.278 49.719 49.535 47.038 55.142 54.520 45.214 46.484 45.531 41.093 0.714 0.000 0.000 0.000 0.000 0.000 0.000 0.000 0.000 0.000 0.000 0.000 0.000 0.000 0.000 0.000 0.000 0.000 0.000 30.252 41.251 25.248 0.000 0.000 37.225 34.221 1.211 0.000 22.176 36.173 51.170 48.169 17.167 0.000 0.000 0.000 0.000 14.919 29.915 13.906 74.893 75.876 24.857 30.834 72.808 43.782 15.758 61.736 51.716 31.699 29.683 20.668 88.653 59.637 16.623 17.612
47.069 54.660 53.251 52.829 52.397 52.952 51.510 50.985 50.838 48.365 56.411 55.772 45.491 47.794 46.841 47.275 16.675 0.000 0.000 0.000 0.000 0.000 0.000 0.000 0.000 0.000 0.000 0.000 0.000 0.000 0.000 0.000 0.000 0.000 0.000 0.000 50.266 48.263 52.259 49.257 45.250 45.239 39.234 0.000 0.000 22.174 35.170 53.166 60.166 23.167 0.000 0.000 0.000 0.000 8.965 21.955 41.941 88.924 51.904 11.881 79.854 80.821 29.790 16.762 37.736 93.716 52.698 20.683 20.668 83.653 101.636 88.617 93.597
56.715 54.325 53.932 53.529 53.114 54.702 52.212 52.109 49.671 57.700 57.052 40.707 44.969 49.074 45.587 22.922 0.000 0.000 0.000 0.000 0.000 0.000 0.000 0.000 0.000 0.000 0.000 0.000 0.000 0.000 0.000 0.000 0.000 0.000 0.000 49.296 48.284 49.276 51.269 50.263 48.255 49.247 42.242 0.000 0.000 23.175 35.167 58.159 31.163 0.000 0.000 0.000 0.000 7.052 37.021 16.000 80.979 74.957 18.934 74.910 87.881 36.832 24.795 27.763 22.732 53.712 92.696 49.683 12.670 83.655 86.635 60.614 2.591
47.347 53.995 54.624 54.238 53.853 53.391 53.329 50.927 58.954 58.349 23.862 29.086 32.029 50.728 34.380 0.000 0.000 0.000 0.000 0.000 0.000 0.000 0.000 39.518 28.517 0.000 0.000 0.000 0.000 0.000 0.000 0.000 0.000 0.000 0.000 26.308 20.298 23.288 27.278 22.270 21.261 20.253 22.244 26.233 20.215 13.185 28.165 7.142 0.000 0.000 0.000 0.000 0.000 9.083 32.067 23.044 24.019 23.993 15.967 36.944 37.927 0.000 0.000 0.000 28.718 21.705 43.693 36.683 18.673 51.664 0.000 0.000 0.000
26.015 41.683 54.327 56.968 54.527 54.493 52.095 59.988 59.511 32.803 0.000 42.382 0.000 54.305 22.843 0.000 0.000 0.000 0.000 0.000 0.000 0.000 0.000 46.519 40.517 0.000 0.000 0.000 0.000 0.000 0.000 0.000 0.000 12.418 0.000 27.330 23.314 23.299 23.287 23.277 23.267 23.259 23.250 25.241 3.228 0.000 0.000 29.102 0.000 0.000 0.000 0.000 10.132 41.132 29.118 28.093 20.060 21.027 20.998 18.972 32.958 0.000 0.000 0.000 0.000 24.696 19.688 32.682 31.677 0.000 0.000 0.000 0.000
17.727 25.391 48.053 52.648 55.624 53.182 60.689 60.379 39.618 15.434 0.000 58.991 56.900 43.354 0.000 0.000 0.000 0.000 0.000 0.000 0.000 0.000 49.534 55.523 26.514 0.000 0.000 0.000 0.000 0.000 0.000 0.000 0.000 29.419 27.403 24.367 23.329 20.307 24.294 24.283 24.274 24.265 24.257 27.251 0.236 0.000 0.000 27.062 27.048 0.000 0.000 0.000 0.000 28.196 21.181 20.150 19.101 19.059 19.025 18.990 19.974 28.973 0.000 0.000 0.000 0.000 25.682 28.679 26.677 0.000 0.000 0.000 21.524
21.459 32.112 36.754 34.672 46.248 61.033 60.907 44.537 23.317 16.830 0.000 38.666 51.357 24.855 0.000 0.000 0.000 0.000 37.638 43.630 35.613 33.579 42.546 35.524 25.503 0.000 0.000 0.000 0.000 0.000 0.000 0.000 0.000 27.435 24.423 23.408 0.000 0.000 29.297 23.290 23.279 23.269 23.262 24.257 0.000 0.000 0.000 28.037 27.034 0.000 0.000 0.000 25.275 21.275 21.261 21.224 20.136 20.083 24.054 0.000 0.000 0.000 0.000 0.000 0.000 0.000 25.678 20.677 20.676 21.675 0.000 0.000 23.524
33.154 46.813 22.548 21.436 61.072 61.074 47.467 34.213 30.569 35.422 0.000 5.654 41.005 0.000 0.000 0.000 0.000 33.655 37.646 39.638 37.631 0.000 0.000 0.000 37.472 21.442 0.000 0.000 0.000 0.000 0.000 0.000 0.000 37.463 34.449 9.432 0.000 0.000 42.309 28.298 24.285 23.272 27.263 4.260 0.000 2.999 41.003 22.015 26.018 0.000 0.000 0.000 0.000 26.369 21.362 25.351 0.000 0.000 0.000 0.000 0.000 0.000 0.000 0.000 0.000 0.000 25.675 20.675 20.674 25.674 0.000 0.000 0.000
53.817 42.421 22.502 18.021 61.009 22.448 28.192 30.442 34.141 52.750 62.236 50.290 0.000 0.000 0.000 0.000 31.672 25.663 31.655 46.647 45.641 0.000 0.000 0.000 0.000 38.411 0.000 0.000 0.000 23.627 0.000 0.000 39.541 38.506 44.476 37.441 2.404 56.369 53.333 51.310 49.290 41.272 22.259 9.259 0.000 16.996 69.996 24.001 25.004 0.000 0.000 0.000 0.000 31.471 17.469 22.467 0.000 0.000 0.000 0.000 0.000 0.000 0.000 0.000 0.000 21.672 23.673 25.673 19.673 24.674 0.000 0.000 0.000
62.363 49.476 31.791 60.478 18.407 20.214 19.405 19.069 28.659 56.222 51.668 22.979 0.000 0.000 30.714 0.000 38.680 30.673 41.663 36.652 15.647 0.000 0.000 0.000 0.000 42.381 18.371 0.000 0.000 19.627 27.628 31.611 33.576 35.544 25.509 22.451 30.402 30.371 50.343 33.319 27.295 25.266 5.242 0.000 0.000 11.992 79.985 35.989 1.995 0.000 0.000 0.000 0.000 44.575 17.577 24.580 0.000 0.000 0.000 0.000 0.000 0.000 0.000 0.000 0.670 23.672 38.672 36.672 29.673 0.000 0.000 0.000 0.000
60.382 58.633 59.913 37.269 25.199 21.365 21.023 19.620 26.231 41.805 37.237 0.000 0.000 0.000 33.715 54.709 49.696 50.685 32.674 0.000 0.000 0.000 0.000 0.000 33.352 24.360 16.362 0.000 0.000 0.000 31.645 35.631 35.608 35.584 19.566 0.000 26.385 27.368 51.349 37.329 31.303 17.256 24.200 39.130 59.061 47.996 71.962 36.977 0.986 0.000 0.000 0.000 0.000 42.679 18.682 19.698 24.748 0.000 0.000 0.000 0.000 0.000 0.000 0.000 0.000 0.000 42.672 39.672 0.000 0.000 0.000 0.000 0.000
58.425 59.811 59.066 58.105 40.272 19.943 20.549 21.185 19.834 22.533 0.000 0.000 0.000 0.000 49.721 39.717 37.709 33.697 0.000 0.000 0.000 0.000 0.000 34.343 25.344 21.347 4.354 0.000 0.000 0.000 31.675 39.661 48.640 47.619 49.606 37.612 0.000 0.000 54.356 38.346 12.333 0.000 27.173 37.128 64.058 25.968 9.890 0.000 0.000 0.000 0.000 0.000 0.000 33.779 20.775 21.781 24.799 0.000 0.000 0.000 0.000 0.000 0.000 0.000 0.000 0.000 0.000 0.670 0.000 0.000 0.000 0.000 0.000
59.809 58.799 60.929 61.111 44.803 21.423 24.072 23.731 21.387 21.960 0.000 29.742 0.000 0.000 43.730 43.730 50.727 0.000 0.000 8.517 0.000 0.000 0.000 29.341 23.335 17.329 0.000 0.000 0.000 0.000 29.721 30.698 32.671 31.646 29.628 21.619 0.000 0.000 56.374 42.364 27.352 0.000 26.193 37.151 61.075 16.928 12.741 0.000 0.000 0.000 0.000 0.000 0.000 40.885 19.858 21.851 21.869 22.914 26.935 0.000 0.000 0.000 0.000 0.000 0.000 0.000 0.000 0.000 0.000 0.000 0.000 0.000 0.000
59.467 61.679 60.884 61.600 35.237 25.903 45.582 39.281 21.024 0.000 0.000 26.742 41.743 46.743 32.741 53.744 45.744 0.000 0.000 22.517 53.517 5.507 0.000 30.347 24.327 21.305 0.000 0.000 37.921 33.870 29.790 31.740 36.701 36.668 34.640 45.617 37.595 0.000 56.403 48.384 48.358 40.317 21.254 39.207 47.165 0.000 15.406 0.000 0.000 0.000 0.000 0.000 6.117 45.017 16.923 18.895 19.912 20.940 25.955 0.000 0.000 0.000 0.000 0.000 0.000 0.000 0.000 0.000 0.000 0.000 0.000 0.000 0.000
