results3/res_3e8f-0171.wd
ncols         241
nrows         181
xllcorner     12693529.787448
yllcorner     3542525.717860
cellsize      155.156523
NODATA_value  -9999.000000
[rows 0 to 32 of 181, columns 146 to 218 of 241]
0.000 0.000 0.000 0.000 0.000 0.000 0.000 0.000 0.000 0.000 0.000 0.000 0.000 0.000 5.649 16.504 17.269 16.981 16.663 16.333 16.009 15.706 15.436 15.205 15.017 14.871 14.763 14.688 14.641 14.614 14.603 19.599 0.000 0.000 0.000 0.000 0.000 0.000 0.000 0.000 0.000 0.000 0.000 0.000 0.000 0.000 0.000 0.000 0.000 18.958 25.958 0.000 0.000 44.973 49.973 0.000 0.000 0.000 0.000 0.000 0.000 0.000 0.000 0.000 0.000 0.000 0.000 0.000 0.000 0.000 0.000 0.000 0.000
0.000 0.000 0.000 0.000 0.000 0.000 0.000 0.000 0.000 0.000 0.000 0.000 0.000 1.200 16.794 17.593 17.323 17.011 16.674 16.327 15.988 15.673 17.396 16.163 14.976 14.833 14.730 14.661 14.619 14.600 14.596 19.595 0.000 0.000 0.000 0.000 0.000 0.000 0.000 0.000 0.000 0.000 0.000 0.000 0.000 0.000 0.000 0.000 15.958 37.958 13.958 0.000 23.974 56.974 50.973 0.000 0.000 0.000 0.000 0.000 0.000 0.000 0.000 0.000 0.000 0.000 0.000 0.000 35.963 0.000 0.000 0.000 0.000
0.000 0.000 0.000 0.000 0.000 0.000 0.000 0.000 0.000 0.000 0.000 0.000 0.000 20.427 19.080 17.752 17.418 17.067 16.695 16.314 15.943 17.603 17.311 15.074 14.890 14.756 14.663 14.606 14.576 14.569 16.585 10.590 0.000 0.000 0.000 0.000 0.000 0.000 0.000 0.000 0.000 0.000 0.000 0.000 0.000 0.000 0.000 0.000 27.958 0.000 0.000 18.974 49.974 11.974 0.000 0.000 0.000 0.000 0.000 0.000 0.000 0.000 0.000 0.000 4.966 0.000 0.000 0.000 38.963 10.963 0.000 0.000 0.000
0.000 0.000 0.000 0.000 0.000 0.000 0.000 0.000 0.000 0.000 0.000 0.000 3.000 19.834 18.346 17.919 17.530 17.142 16.727 16.291 16.865 16.486 15.173 14.931 14.755 14.636 14.561 14.522 14.510 20.517 0.000 0.000 0.000 0.000 0.000 0.000 0.000 0.000 0.000 0.000 0.000 0.000 0.000 12.959 0.000 0.000 0.000 11.959 71.958 1.958 0.000 24.974 51.974 0.000 0.000 0.000 0.000 0.000 0.000 0.000 0.000 0.000 10.966 16.966 35.966 0.000 0.000 28.963 37.963 38.963 10.963 0.000 0.000
0.000 0.000 0.000 0.000 0.000 0.000 0.000 0.000 0.000 0.000 0.000 8.150 1.335 2.919 18.553 18.046 17.642 17.245 16.778 16.256 16.743 16.302 14.963 14.722 14.564 14.470 14.424 14.412 15.425 16.471 0.000 0.000 0.000 0.000 0.000 0.000 0.000 0.000 0.000 0.000 0.000 0.000 13.959 36.959 31.959 0.000 0.000 27.959 55.959 0.000 0.000 0.000 51.975 6.975 0.000 0.000 0.000 0.000 0.000 0.000 0.000 0.000 50.966 54.966 56.966 0.000 0.000 41.963 36.963 36.963 46.963 0.000 0.000
0.000 0.000 0.000 0.000 0.000 0.000 0.000 0.000 0.000 0.000 10.861 3.468 1.842 1.275 1.389 16.070 17.745 17.420 16.884 18.214 17.547 15.017 14.654 14.431 14.309 14.258 14.253 14.277 20.308 0.000 0.000 0.000 0.000 0.000 0.000 0.000 0.000 0.000 0.000 0.000 0.000 0.000 0.000 16.959 37.959 29.959 27.959 9.959 40.959 13.959 0.000 0.000 36.975 49.975 40.975 38.975 47.975 0.000 0.000 0.000 0.000 0.000 50.966 52.966 57.966 36.965 25.964 42.964 45.963 0.000 0.000 0.000 10.955
0.000 0.000 0.000 0.000 0.000 0.000 0.000 0.000 0.000 0.000 7.254 3.964 3.599 3.105 0.428 0.617 10.850 18.804 18.123 18.170 15.213 14.566 14.206 14.037 13.983 13.998 14.055 14.134 9.221 0.000 0.000 0.000 0.000 0.000 33.970 66.970 0.970 0.000 6.970 47.970 0.000 0.000 0.000 13.959 37.959 50.959 85.959 47.959 48.959 19.959 0.000 0.000 33.975 52.976 37.976 33.976 50.975 0.000 0.000 0.000 0.000 0.000 37.967 43.967 39.966 39.965 43.964 46.964 54.963 0.000 0.000 0.000 33.955
0.000 0.000 0.000 0.000 0.000 0.000 0.000 0.000 0.000 30.484 30.937 7.520 3.137 3.379 3.037 0.784 0.364 5.824 18.635 16.130 14.569 13.826 13.567 13.529 13.588 13.697 14.834 11.984 0.000 0.000 0.000 0.000 0.000 0.000 8.970 54.970 61.970 43.970 35.970 7.970 0.000 0.000 0.000 0.000 0.000 11.960 78.960 57.960 4.959 0.000 0.000 0.000 0.000 45.976 60.976 58.976 60.975 52.975 44.974 47.973 46.972 55.970 59.968 56.967 57.966 57.965 52.964 47.964 44.963 0.000 0.000 0.000 0.000
0.000 0.000 0.000 0.000 0.000 0.000 0.000 0.000 24.583 42.031 43.491 33.007 9.599 2.018 3.040 0.825 2.751 7.986 6.464 16.144 13.107 12.604 12.707 12.925 13.142 14.367 14.600 0.000 0.000 0.000 0.000 0.000 0.000 0.000 0.000 6.970 52.970 62.970 67.970 6.970 0.000 0.000 0.000 0.000 0.000 7.960 50.960 42.960 47.960 14.960 0.000 0.000 29.977 57.977 42.977 36.976 43.976 55.975 43.974 42.973 51.972 60.970 47.969 43.968 46.967 52.965 58.964 60.963 58.962 44.960 35.959 18.957 27.956
0.000 0.000 0.000 0.000 0.000 0.000 0.000 20.698 30.135 45.565 42.991 43.417 35.845 12.280 1.171 4.710 14.235 6.431 2.225 3.010 6.111 10.774 11.733 12.322 12.688 18.027 0.000 0.000 0.000 0.000 0.000 0.000 6.972 4.972 0.000 0.000 19.970 65.970 18.970 0.000 0.000 0.000 0.000 0.000 0.000 46.961 56.961 32.960 48.960 68.960 8.960 0.000 35.978 59.978 38.977 32.977 35.976 48.975 37.975 37.973 39.972 41.971 38.970 39.968 33.967 37.966 43.964 44.963 42.962 51.960 53.959 56.957 64.956
0.000 0.000 0.000 0.000 0.000 0.000 25.811 24.260 47.694 44.105 43.488 42.827 43.083 38.141 20.644 12.363 8.040 0.000 0.041 4.342 2.161 3.318 11.130 11.941 17.262 0.000 0.000 0.000 0.000 0.000 0.000 1.972 43.972 2.972 0.000 0.000 26.971 66.971 5.970 0.000 0.000 0.000 0.000 0.000 41.964 85.963 18.961 21.960 43.960 70.960 10.960 0.000 32.979 57.979 37.978 30.978 33.977 35.976 31.975 30.974 37.973 53.972 36.970 32.969 46.967 42.966 39.964 46.963 46.962 49.960 58.959 62.957 49.956
0.000 0.000 0.000 0.000 0.000 29.847 18.362 46.838 45.275 44.674 44.028 43.322 42.519 42.557 39.362 25.064 4.375 0.308 0.059 46.156 4.498 0.075 0.097 14.051 10.157 0.000 0.000 0.000 0.000 0.000 0.000 1.972 39.972 34.972 43.972 55.972 59.971 49.971 0.000 0.000 4.968 40.968 55.967 60.966 84.965 40.964 0.000 0.000 45.960 33.959 0.000 0.000 35.980 62.980 49.979 33.979 81.978 109.977 58.976 34.975 50.974 97.972 49.971 26.969 91.968 64.966 39.965 46.963 48.961 38.960 47.958 60.957 43.955
0.000 0.000 0.000 0.000 0.000 19.331 40.954 47.454 45.894 45.287 44.630 43.912 43.113 42.206 42.195 41.109 30.291 4.916 50.759 47.821 0.339 0.141 0.049 0.055 0.000 0.000 0.000 0.000 0.000 0.000 4.972 38.972 34.972 39.972 53.972 63.972 47.972 34.972 0.000 0.000 2.968 49.968 48.967 44.966 83.966 43.965 0.000 0.000 24.959 16.959 0.000 28.982 56.981 58.981 52.980 40.980 39.979 72.978 113.977 51.976 44.975 101.973 52.971 26.970 98.968 68.966 31.965 33.963 39.961 30.960 44.958 43.957 31.955
0.000 0.000 0.000 0.000 23.841 34.193 49.668 47.131 46.560 45.949 45.293 44.585 43.811 42.975 42.018 41.281 40.143 52.494 52.167 0.956 0.467 9.578 0.000 0.000 0.000 0.000 0.000 0.000 0.000 54.971 57.971 39.972 38.972 53.972 63.972 49.973 32.972 34.972 34.971 32.970 30.969 42.969 45.968 55.967 95.966 29.966 0.000 0.000 61.959 11.959 0.000 25.983 55.982 55.982 42.982 34.981 30.981 40.980 37.979 77.977 108.976 125.974 106.972 95.970 121.969 115.967 106.965 52.963 32.962 49.960 44.958 33.956 28.955
0.000 0.000 0.000 25.019 34.488 51.933 48.393 47.842 47.265 46.657 46.010 45.319 44.591 43.753 43.211 40.846 52.529 52.526 36.723 19.034 6.197 0.000 0.000 0.000 0.000 0.000 0.000 0.000 40.970 7.971 0.000 18.972 56.972 60.973 52.973 37.973 3.974 0.000 1.971 36.971 32.970 42.969 41.968 64.967 61.967 0.000 0.000 3.959 64.959 10.959 0.000 23.984 53.984 65.984 44.983 50.983 73.982 50.981 32.980 56.979 79.977 113.975 79.973 59.971 107.969 97.967 72.965 41.963 27.962 98.960 66.958 38.956 28.954
0.000 0.000 0.000 30.550 50.159 49.659 49.128 48.577 48.003 47.402 47.768 47.112 45.356 44.936 42.365 52.588 52.538 40.293 41.915 39.541 23.505 4.503 0.000 0.000 0.000 0.000 0.000 42.970 11.970 0.000 0.000 0.000 24.972 56.973 34.973 32.974 38.975 1.976 0.000 37.972 35.971 41.970 42.969 64.967 60.967 0.000 0.000 24.959 71.959 7.959 0.000 25.985 56.985 59.985 40.985 40.985 86.984 121.983 70.982 38.980 54.978 101.976 61.974 28.972 94.970 81.968 39.966 31.964 24.962 105.960 69.958 41.956 42.954
0.000 0.000 31.149 48.471 51.939 50.417 49.884 49.336 48.769 49.177 47.571 46.874 46.538 43.970 53.014 52.733 41.789 42.638 41.643 31.998 12.748 0.000 0.000 0.000 0.000 0.000 0.000 38.970 12.970 0.000 0.000 0.000 0.000 0.000 0.000 37.976 34.977 33.977 35.977 37.974 33.972 41.971 43.969 55.967 51.966 13.963 32.961 65.960 16.959 0.000 0.000 25.986 52.986 58.987 44.987 29.987 31.987 56.986 43.984 25.982 43.980 98.978 54.975 20.973 91.971 76.968 34.966 30.964 26.962 104.960 69.958 41.956 32.954
0.000 30.414 43.827 53.247 51.709 51.184 50.655 50.115 50.555 49.988 48.333 48.048 45.486 53.944 53.427 43.445 44.448 42.331 29.528 0.000 0.000 0.000 0.000 0.000 0.000 0.000 0.000 0.000 12.970 0.000 0.000 0.000 0.000 0.000 0.000 0.000 41.980 51.980 62.978 50.976 39.974 43.972 40.970 45.968 38.965 57.963 75.961 63.959 9.958 0.000 0.000 24.987 50.988 55.989 61.990 59.990 47.990 37.989 50.987 82.985 101.982 122.979 102.977 85.974 119.971 112.969 94.966 54.964 27.962 102.960 74.958 46.956 33.954
27.479 39.002 53.497 52.980 52.467 51.956 51.439 51.908 51.373 49.752 49.505 46.960 55.161 54.530 45.007 46.161 47.105 25.358 0.000 0.000 0.000 0.000 0.000 0.000 0.000 0.000 0.000 0.000 0.000 0.000 0.000 0.000 0.000 0.000 0.000 0.000 39.983 43.982 61.981 20.978 0.975 50.973 41.971 44.968 40.965 28.962 47.960 62.958 49.957 8.956 0.000 0.000 15.989 58.991 60.994 53.994 41.993 50.992 101.990 92.987 73.984 74.981 75.978 75.975 75.972 76.969 78.966 49.964 29.962 101.960 77.957 40.955 34.953
30.955 54.618 54.180 53.708 53.225 52.734 52.232 51.729 51.141 50.929 48.403 56.491 55.818 46.468 47.691 46.686 42.182 1.653 0.000 0.000 0.000 0.000 0.000 0.000 0.000 0.000 0.000 0.000 0.000 0.000 0.000 0.000 0.000 0.000 0.000 0.000 40.987 51.986 35.985 0.000 4.977 47.975 44.972 11.969 1.965 32.961 46.958 61.956 58.955 27.955 0.000 0.000 0.000 0.000 28.000 42.999 26.998 87.996 88.994 37.991 43.987 85.983 56.979 28.975 74.972 64.969 44.967 42.964 33.962 101.960 72.957 29.955 30.953
48.770 56.333 54.898 54.449 53.989 54.518 53.049 52.498 52.325 49.823 57.858 57.171 46.836 49.092 48.092 48.475 17.820 0.000 0.000 0.000 0.000 0.000 0.000 0.000 0.000 0.000 0.000 0.000 0.000 0.000 0.000 0.000 0.000 0.000 0.000 7.996 60.993 58.990 62.988 59.985 55.981 55.977 49.974 8.970 1.964 32.959 45.955 63.953 70.953 33.954 0.000 0.000 0.000 0.000 22.007 35.005 55.003 102.001 64.998 24.994 92.990 93.985 42.980 29.976 50.972 106.969 65.967 33.964 33.962 96.960 114.957 101.954 106.952
58.461 56.046 55.628 55.201 54.761 56.325 53.811 53.684 51.221 59.242 58.547 42.137 46.350 50.414 46.887 24.171 0.000 0.000 0.000 0.000 0.000 0.000 0.000 0.000 0.000 0.000 0.000 0.000 0.000 0.000 0.000 0.000 0.000 0.000 0.000 60.000 58.997 59.994 61.991 60.987 58.983 59.980 52.976 7.973 0.000 33.955 45.950 68.948 41.951 0.000 0.000 0.000 0.000 20.019 50.015 29.012 94.009 88.006 32.003 87.999 100.994 49.987 37.981 40.975 35.971 66.969 105.966 62.964 25.962 96.960 99.958 73.954 15.950
49.136 55.762 56.369 55.961 55.554 55.071 54.988 52.564 60.588 59.938 25.363 30.546 33.436 52.110 35.736 0.000 0.000 0.000 0.000 0.000 0.000 0.000 0.000 49.518 38.518 0.000 0.000 0.000 0.000 0.000 0.000 0.000 0.000 0.000 0.000 37.006 31.003 33.999 37.994 32.990 31.986 30.982 32.978 36.974 30.968 23.956 38.944 17.938 0.000 0.000 0.000 0.000 0.000 22.024 45.022 36.019 37.015 37.012 29.008 50.004 51.002 0.000 0.000 11.973 41.970 34.968 56.966 49.964 31.963 64.961 12.959 0.000 10.947
27.849 43.497 56.122 58.743 56.282 56.229 53.813 61.706 61.189 34.506 0.000 43.881 0.000 55.727 24.233 0.000 0.000 0.000 0.000 0.000 0.000 0.000 0.000 56.519 50.518 0.000 0.000 0.000 0.000 0.000 0.000 0.000 0.000 23.048 0.000 38.015 34.010 34.003 33.997 33.992 33.988 33.984 33.980 35.977 13.974 0.000 8.932 39.921 9.910 0.000 0.000 0.000 23.035 54.031 42.029 41.026 33.022 34.017 34.013 32.009 46.007 6.007 0.000 0.000 12.969 37.967 32.966 45.965 44.964 0.000 0.000 0.000 10.945
19.608 27.253 49.897 54.473 57.432 54.974 62.480 62.135 41.386 17.193 0.000 60.530 58.432 44.848 0.000 0.000 0.000 0.000 0.000 0.000 0.000 0.000 59.525 65.520 36.516 0.000 0.000 0.000 0.000 0.000 0.000 0.000 0.000 40.048 38.041 35.028 34.018 31.007 34.999 34.994 34.989 34.985 34.982 37.979 10.977 0.000 0.000 37.904 37.900 7.894 0.000 0.000 8.038 41.038 34.036 33.034 32.029 32.023 32.018 32.012 33.009 42.008 0.000 0.000 0.000 5.966 38.965 41.964 39.964 0.000 0.000 0.000 34.944
23.388 34.022 38.646 36.547 48.104 62.882 62.729 46.368 25.131 18.634 0.000 40.251 52.920 26.384 0.000 0.000 0.000 0.000 47.569 53.566 45.559 43.544 52.530 45.520 35.511 0.000 0.000 0.000 0.000 0.000 0.000 0.000 0.000 38.054 35.048 34.039 8.029 0.000 39.999 33.995 33.991 33.986 33.983 34.980 8.979 0.000 0.000 38.891 37.890 8.889 0.000 0.000 38.042 34.045 34.045 34.043 33.038 33.028 37.023 0.000 4.008 7.008 0.000 0.000 0.000 0.000 38.964 33.964 33.964 34.964 0.000 6.944 36.944
35.129 48.769 24.487 23.361 62.944 62.942 49.359 36.085 32.422 37.262 0.000 7.306 42.613 0.000 0.000 0.000 0.000 43.576 47.573 49.569 47.566 0.000 0.000 0.000 47.498 31.484 0.000 0.000 0.000 0.000 0.000 0.000 6.077 48.067 45.058 20.050 0.000 0.000 53.003 38.998 34.992 33.986 37.982 14.981 0.000 13.868 51.871 32.878 36.881 8.883 0.000 0.000 0.000 39.057 34.056 38.055 5.053 0.000 0.000 0.000 0.000 0.000 0.000 0.000 0.000 0.000 38.964 33.964 33.964 38.964 0.000 0.000 10.943
55.834 44.419 24.484 19.984 62.906 24.397 30.124 32.352 36.028 54.613 64.066 52.054 0.000 0.000 0.000 0.000 41.583 35.580 41.576 56.573 55.570 0.000 0.000 0.000 0.000 48.470 0.000 0.000 0.000 34.128 0.000 0.000 50.087 49.079 55.068 48.054 13.039 67.025 64.011 62.002 59.993 51.985 32.979 19.980 0.000 27.866 80.866 34.870 35.874 9.878 0.000 0.000 0.000 44.069 30.069 35.067 6.066 0.000 0.000 0.000 0.000 0.000 0.000 0.000 0.000 34.963 36.963 38.963 32.963 37.963 0.000 0.000 7.943
64.418 51.516 33.818 62.493 20.418 22.206 21.375 21.016 30.583 58.118 53.528 24.791 0.000 0.000 40.593 6.591 48.587 40.583 51.579 46.575 25.573 0.000 0.000 0.000 0.000 52.456 28.452 0.000 0.000 30.128 38.128 42.121 44.105 46.094 36.080 33.057 41.038 41.025 61.014 44.005 37.994 35.981 15.970 0.000 3.872 22.863 90.858 46.862 12.865 0.000 0.000 0.000 2.083 57.083 30.081 37.079 9.078 0.000 0.000 0.000 0.000 0.000 0.000 0.000 13.963 36.963 51.963 49.963 42.963 1.963 0.000 0.000 8.943
62.473 60.716 62.056 39.347 27.251 23.395 23.032 21.607 28.196 43.745 39.136 0.000 0.000 0.000 43.595 64.593 59.591 60.587 42.583 0.000 0.000 0.000 0.000 0.000 43.443 34.447 26.448 0.000 0.000 0.000 42.136 46.130 46.120 46.110 30.103 0.000 37.031 38.024 62.017 48.008 41.996 27.976 34.950 49.916 69.881 58.856 82.842 47.855 11.860 0.000 0.000 0.000 0.000 55.097 31.094 32.091 37.089 0.000 0.000 0.000 0.000 0.000 0.000 0.000 0.000 6.963 55.963 52.963 5.963 0.000 0.000 0.000 4.943
60.551 61.996 61.202 60.216 42.362 22.010 22.596 23.211 21.842 24.530 0.000 0.000 0.000 0.000 59.598 49.597 47.595 43.591 0.000 0.000 0.000 0.000 0.000 44.438 35.439 31.441 14.444 0.000 0.000 0.000 42.149 50.143 59.133 58.124 60.118 48.119 0.000 6.023 65.021 49.015 23.008 0.000 37.939 47.916 74.881 36.838 20.799 0.000 0.000 0.000 0.000 0.000 8.126 46.115 33.108 34.102 37.098 10.099 0.000 0.000 0.000 0.000 0.000 0.000 0.000 0.000 12.963 13.963 0.000 0.000 0.000 0.000 5.943
62.000 60.978 63.092 63.256 46.928 23.528 26.157 25.795 23.433 24.003 0.000 39.606 0.000 5.604 53.603 53.602 60.601 0.000 0.000 18.510 6.510 0.000 0.000 39.437 33.435 27.432 0.000 0.000 0.000 0.000 40.169 41.159 43.147 42.135 40.126 32.120 0.000 0.000 67.031 53.022 38.012 0.988 36.951 47.927 71.890 27.815 23.717 6.650 0.000 0.000 0.000 0.000 8.137 53.129 32.120 34.110 34.103 35.099 39.097 11.097 0.000 0.000 0.000 0.000 0.000 0.000 0.000 0.000 0.000 0.000 0.000 0.000 0.000
61.687 63.887 63.079 63.779 37.399 28.045 47.704 41.379 23.093 0.804 0.000 36.606 51.606 56.606 42.606 63.607 55.607 0.000 0.000 32.510 63.510 15.506 0.000 40.439 34.431 31.422 0.000 0.000 48.256 44.234 40.199 42.177 47.159 47.144 45.130 56.116 48.096 8.074 67.049 59.032 59.016 50.997 31.973 49.953 57.936 0.000 26.606 9.582 0.000 0.000 0.000 0.000 18.155 57.145 29.132 31.116 32.104 33.099 38.096 10.096 0.000 0.000 0.000 0.000 0.000 0.000 0.000 0.000 0.000 0.000 0.000 0.000 0.000
