results3/res_3e8f-0171.wd
ncols         241
nrows         181
xllcorner     12693529.787448
yllcorner     3542525.717860
cellsize      155.156523
NODATA_value  -9999.000000
[rows 132 to 164 of 181, columns 0 to 72 of 241]
96.048 101.048 105.047 105.047 107.046 107.044 101.043 92.041 78.039 67.036 66.033 67.030 66.027 65.022 70.018 84.013 95.007 100.000 99.993 96.984 88.973 79.961 70.945 64.926 69.902 71.872 70.837 71.799 69.766 64.735 78.706 101.677 68.653 0.000 0.000 0.000 8.424 60.418 72.413 69.393 71.378 77.369 95.370 81.376 65.384 64.396 64.410 76.427 97.445 38.464 11.487 6.521 0.000 0.000 0.000 0.000 0.000 0.000 0.000 0.000 0.000 0.000 2.774 0.774 27.774 7.713 11.651 52.562 75.426 79.330 79.226 89.315 116.782
74.052 76.052 79.052 85.051 95.050 101.049 106.047 106.045 99.043 85.040 74.038 68.034 72.031 79.026 92.022 107.016 106.011 103.004 102.996 105.987 105.976 101.964 89.949 77.931 69.910 64.885 65.857 64.828 65.801 73.776 95.754 103.735 15.724 0.000 0.000 0.000 18.431 46.437 64.462 73.459 74.447 71.436 72.439 82.445 77.451 70.459 74.468 82.479 95.492 36.507 22.526 28.555 8.585 0.000 0.000 0.000 0.000 0.000 0.000 0.000 0.000 0.000 0.000 0.000 9.865 0.000 59.681 81.607 77.493 86.469 77.536 116.902 105.663
66.057 66.057 66.056 68.056 73.055 77.053 84.052 93.050 101.048 104.045 98.042 96.039 98.035 101.031 100.026 93.021 84.015 82.008 82.000 86.992 92.981 99.969 102.955 101.939 90.921 80.900 75.878 73.855 82.834 98.815 99.799 85.788 18.783 0.000 0.000 0.000 0.000 0.000 47.541 74.533 53.517 41.486 56.506 71.513 86.517 90.520 92.524 93.530 89.537 16.546 3.556 31.588 28.615 16.645 22.659 16.665 0.000 0.000 0.000 0.000 0.000 0.000 44.103 14.051 79.957 101.897 134.756 90.733 85.789 66.750 102.818 107.343 107.253
67.062 67.062 67.061 67.060 66.059 65.058 67.057 72.055 78.053 88.050 98.047 100.044 93.040 83.036 77.031 69.026 65.020 65.014 65.006 66.998 71.988 77.977 84.964 96.950 101.934 103.917 102.899 98.881 101.864 94.850 76.839 68.833 47.837 5.858 0.000 0.000 0.000 0.000 40.629 73.614 16.603 0.000 49.586 74.584 93.583 101.581 87.579 90.578 76.580 34.586 0.603 58.624 27.644 19.661 30.667 30.670 1.675 0.000 0.000 0.000 0.000 31.210 50.155 123.096 152.018 134.903 118.461 117.410 109.083 107.728 107.608 107.480 72.703
67.067 67.067 67.066 67.066 67.065 67.063 67.062 66.060 66.058 69.055 75.053 74.049 70.046 66.042 66.037 66.032 67.026 67.020 67.013 67.005 65.996 64.986 66.975 72.962 79.949 88.934 96.920 92.906 81.893 69.882 65.874 70.870 78.872 54.880 32.887 32.878 18.853 19.809 55.731 76.690 26.679 8.693 68.666 100.656 102.650 81.643 84.634 83.621 71.620 60.629 11.634 39.645 13.676 1.689 14.677 1.676 3.680 1.677 0.000 0.000 0.000 12.266 75.212 81.132 77.120 78.282 76.258 108.050 107.949 107.842 75.044 77.824 79.698
67.072 67.072 67.072 67.071 67.070 67.069 67.067 67.066 67.064 67.061 66.058 66.055 66.052 67.048 67.043 67.039 67.033 67.027 67.021 67.013 67.005 66.996 66.986 65.975 64.964 65.952 69.941 67.929 66.919 70.911 73.905 72.902 70.902 72.903 72.902 69.893 69.874 73.842 48.796 34.738 23.728 41.735 86.730 100.724 80.716 73.707 72.691 52.654 48.650 11.675 0.000 0.000 1.761 3.765 0.000 0.000 7.692 22.674 37.632 7.570 21.491 84.346 91.335 89.408 87.396 88.478 108.239 108.147 89.284 96.077 88.934 94.708 86.553
67.078 67.078 67.077 67.077 67.076 67.075 67.073 67.072 67.070 67.067 67.064 67.061 67.058 67.054 67.050 67.046 67.041 67.035 67.029 66.023 73.015 75.007 66.999 65.989 64.980 65.970 67.961 70.952 73.944 72.938 67.933 68.930 75.929 78.928 74.926 68.919 65.907 74.889 5.872 0.000 8.759 81.790 90.795 77.792 69.786 89.777 35.770 0.000 0.000 1.823 2.852 2.852 2.826 3.817 0.000 0.000 32.721 74.696 103.654 64.593 97.480 105.641 102.605 101.697 108.499 108.416 108.329 101.365 103.245 102.945 101.809 100.743 18.662
67.084 67.084 67.083 67.083 67.082 67.081 67.079 67.078 67.076 67.074 70.071 70.068 68.065 72.061 70.057 67.053 67.049 67.044 66.039 64.033 75.026 83.019 69.012 66.004 67.996 70.988 72.980 71.973 68.968 70.963 75.959 77.957 78.956 78.956 73.954 67.950 76.944 95.937 14.931 0.000 0.000 55.870 78.869 75.865 79.856 99.846 33.841 0.000 2.890 2.871 2.881 2.878 2.855 4.862 0.000 30.823 82.779 98.732 101.668 106.671 103.840 100.832 108.725 108.653 108.578 100.669 101.457 102.333 102.016 101.990 94.924 71.834 0.000
67.090 67.090 67.089 67.089 67.088 67.087 67.086 67.084 67.083 68.081 75.078 75.075 52.072 20.068 41.064 71.061 65.057 68.053 74.048 77.043 77.037 73.031 69.025 70.018 73.012 72.005 70.999 72.994 76.990 76.986 78.984 77.983 68.983 63.984 65.984 78.984 97.983 107.983 29.985 0.000 0.000 30.951 86.947 88.940 95.929 94.911 30.907 0.000 2.910 0.919 1.923 2.925 0.000 8.913 34.911 78.875 100.805 103.829 102.923 102.930 102.026 108.860 108.794 100.869 101.672 102.537 102.326 102.184 102.143 94.078 86.038 0.000 0.000
67.096 67.096 67.096 67.095 67.094 67.094 67.093 67.091 67.090 69.088 78.086 89.082 65.079 2.075 8.069 56.069 82.066 74.063 72.059 72.054 70.049 69.044 71.038 73.033 71.027 67.022 69.017 81.014 83.011 73.009 67.008 64.009 64.010 69.012 83.014 99.017 96.021 80.028 52.040 20.068 14.069 58.037 87.027 69.021 60.008 51.962 16.968 1.045 0.975 21.967 12.965 2.974 0.000 27.968 78.951 100.879 103.085 102.085 102.199 109.048 108.988 108.925 100.927 102.815 102.530 102.406 102.354 102.283 96.210 83.149 73.113 0.000 0.000
67.103 67.102 67.102 67.101 67.101 67.100 67.100 67.099 67.097 69.096 79.094 66.091 22.085 4.086 0.000 24.079 78.077 70.073 72.070 71.065 69.061 72.056 73.052 70.047 67.043 63.038 73.035 87.032 74.031 64.030 65.031 70.033 80.036 91.040 102.044 95.050 73.057 68.067 87.080 94.095 95.102 99.100 74.103 35.110 7.118 0.000 1.211 1.220 0.000 34.981 21.995 2.040 33.064 79.015 101.048 103.248 102.274 109.213 109.161 109.106 101.190 101.992 102.883 102.584 102.571 102.514 102.441 103.352 91.275 62.192 51.153 9.153 3.153
66.109 66.109 67.108 67.108 67.108 67.107 67.107 67.106 67.105 70.104 80.103 51.102 0.000 10.098 48.098 50.092 67.088 69.084 57.081 39.077 77.073 72.069 68.065 67.061 65.057 67.054 83.051 86.050 68.049 71.050 83.053 92.056 101.061 99.067 87.073 73.081 66.091 82.102 86.116 74.132 55.145 53.158 41.174 21.198 10.237 4.317 2.348 22.369 17.385 0.000 0.000 27.118 79.171 102.291 103.324 101.444 109.312 109.263 101.349 102.163 103.044 102.852 102.732 102.711 102.660 102.611 105.543 69.413 49.344 0.000 0.000 0.000 0.000
75.116 73.116 70.115 68.114 65.114 65.114 65.114 65.114 64.113 69.112 81.112 64.112 45.113 53.108 71.106 67.102 64.098 70.095 65.092 52.089 72.086 66.082 65.079 65.075 67.072 81.069 89.067 55.066 47.067 97.069 102.074 97.079 86.085 76.092 68.101 64.110 75.122 87.136 55.152 30.169 13.189 4.211 21.238 20.272 10.315 11.366 14.401 42.417 26.401 0.000 0.000 59.409 101.450 100.583 109.449 109.405 109.359 101.384 103.280 103.007 102.901 102.873 104.831 99.782 101.754 102.727 113.706 0.000 0.000 0.000 0.000 0.000 0.000
76.124 78.123 84.121 85.120 85.121 82.122 83.122 82.122 81.121 81.121 83.120 66.120 70.119 69.117 66.114 69.112 69.109 68.106 73.103 75.101 69.098 63.095 65.092 67.089 81.086 86.083 75.081 69.081 78.082 101.087 84.093 75.101 67.108 65.117 67.127 66.138 80.151 89.167 53.185 29.206 17.230 19.260 22.295 14.336 15.383 21.432 23.473 16.499 0.000 0.000 37.654 79.671 109.568 109.530 109.491 101.615 102.422 103.323 103.033 103.031 103.991 103.947 76.904 54.844 89.844 103.839 108.849 48.906 0.000 0.000 0.000 0.000 0.000
69.132 63.131 16.125 18.125 27.128 74.130 71.130 71.130 71.130 75.129 84.129 65.128 66.127 65.125 68.124 72.121 73.119 71.117 70.115 73.113 74.110 71.108 65.106 82.103 88.100 79.097 85.094 102.093 99.095 81.102 69.112 65.122 67.131 67.140 66.151 71.164 87.178 89.195 81.215 84.239 55.267 17.302 9.345 8.396 20.450 27.506 17.559 14.608 6.635 32.793 80.827 109.637 109.603 101.754 102.565 103.454 103.268 103.156 103.142 104.097 102.057 96.019 20.998 0.000 71.939 106.936 103.943 102.963 0.000 0.000 0.000 0.000 0.000
67.142 59.142 0.000 0.137 9.138 70.138 66.138 66.138 66.138 70.138 84.137 62.136 66.136 70.134 72.133 73.131 70.130 67.128 65.126 67.125 77.123 90.121 85.120 86.118 63.115 57.111 109.105 95.102 62.104 22.112 42.132 70.143 67.153 67.163 69.174 62.187 46.203 36.221 48.242 88.266 64.297 17.337 12.388 7.451 16.515 21.582 15.651 20.713 20.794 58.926 109.687 100.941 104.681 103.588 103.403 103.294 103.272 103.238 104.198 104.163 69.125 45.072 31.072 34.080 85.038 106.024 102.025 93.040 11.075 0.000 0.000 0.000 0.000
67.153 67.154 50.159 0.148 10.147 71.147 67.147 67.147 66.147 67.146 82.146 69.145 72.144 74.144 73.143 68.141 65.140 66.139 66.138 65.137 75.136 98.135 94.134 81.133 74.131 65.126 41.112 30.106 17.105 0.000 23.161 72.166 67.174 69.184 52.195 26.209 11.225 8.243 50.264 67.289 36.318 8.359 11.420 16.507 23.577 19.655 13.750 6.837 10.133 58.154 109.751 103.829 103.592 103.415 103.401 103.368 103.329 103.293 101.259 92.230 25.208 0.000 42.138 101.129 106.108 104.096 98.093 88.098 6.109 0.000 0.000 0.000 0.000
64.161 66.162 63.164 0.000 6.156 71.156 66.156 64.156 66.155 70.155 74.155 73.154 73.154 71.153 65.152 66.151 66.151 67.150 67.149 72.149 90.148 89.148 82.148 91.148 89.149 60.150 0.000 0.000 0.000 0.000 21.184 72.187 67.194 70.203 41.214 3.228 37.244 63.263 83.284 52.306 4.326 0.413 0.490 5.578 15.632 15.714 15.825 10.075 6.755 109.932 109.844 102.735 103.583 103.485 103.453 103.416 103.381 105.348 90.316 73.289 33.269 9.260 57.214 87.190 96.171 105.158 94.152 83.152 5.154 0.000 0.000 0.000 0.000
71.169 69.170 58.171 0.000 57.166 65.165 67.165 71.164 72.164 73.164 71.164 72.163 70.163 66.162 66.162 67.161 67.161 66.161 68.160 91.160 90.161 72.161 85.162 83.164 87.167 85.174 48.191 4.201 13.207 43.208 48.203 68.205 67.211 67.220 62.231 54.245 71.262 70.281 64.303 86.326 34.348 0.439 0.514 9.605 14.658 12.738 13.837 37.987 62.381 110.015 105.059 104.810 104.551 103.539 103.501 103.467 104.432 102.400 57.369 34.342 46.318 47.297 101.268 103.245 83.227 93.213 88.206 61.202 26.201 0.000 0.000 0.000 0.000
72.177 73.177 70.178 58.179 72.176 72.174 72.174 73.173 73.173 74.173 86.172 68.172 66.172 66.172 67.172 67.171 67.171 68.171 82.171 93.172 68.173 72.174 99.176 91.178 79.182 82.189 85.198 69.206 74.211 89.214 82.216 70.219 63.225 63.234 74.245 90.259 77.276 49.296 21.319 76.348 65.388 14.454 17.517 22.587 18.657 9.745 11.812 53.092 105.338 110.093 102.039 104.693 105.622 103.586 103.551 103.516 96.482 86.449 43.419 14.391 23.366 24.341 85.317 127.295 108.277 84.264 76.255 55.250 64.248 17.248 0.000 3.441 7.441
77.184 77.184 73.184 73.185 73.184 74.183 74.182 70.182 67.182 66.181 29.181 19.181 70.181 67.181 67.181 67.181 66.182 69.182 93.182 79.183 64.184 70.186 87.188 104.191 99.195 96.200 94.207 90.213 86.218 85.222 93.226 90.231 84.237 80.246 83.257 87.271 49.287 13.307 12.330 28.359 24.402 9.458 18.510 28.569 24.640 15.740 8.897 52.148 110.236 110.166 104.931 106.777 103.666 103.635 104.599 100.563 84.530 77.497 83.467 89.438 73.411 95.386 110.363 127.342 136.324 120.310 82.300 87.294 62.292 0.000 0.000 0.000 0.000
16.191 17.191 77.191 72.191 72.191 67.191 64.191 66.190 61.190 14.190 14.190 3.190 71.190 67.191 67.191 67.191 67.192 85.192 92.193 65.194 67.195 67.197 70.200 76.203 78.206 78.211 74.216 77.221 93.226 86.230 77.235 80.240 87.247 91.255 94.266 91.279 66.296 31.315 14.336 13.355 0.000 2.466 13.497 22.540 6.590 0.000 22.104 82.349 110.304 102.272 106.000 105.738 103.723 103.682 104.646 99.610 86.576 52.543 59.512 102.483 113.456 145.430 136.406 108.385 96.366 113.352 92.342 86.336 61.334 0.363 0.000 0.000 0.000
3.199 12.198 26.196 81.198 66.199 64.199 66.199 66.199 67.199 14.199 5.199 60.199 68.200 67.200 67.200 67.201 69.202 93.202 78.203 64.205 67.206 67.208 67.211 66.213 66.217 66.221 65.225 72.230 101.234 80.238 11.243 19.248 31.255 82.263 92.272 76.285 81.301 68.321 20.345 17.370 2.405 7.443 20.473 12.505 0.000 0.000 40.268 110.434 110.370 105.154 106.896 102.805 103.767 103.728 103.691 103.655 90.621 53.588 68.556 105.526 101.498 135.471 130.447 99.425 104.405 90.390 71.379 89.372 67.373 1.388 0.000 0.000 0.000
65.207 61.207 0.000 73.207 83.207 84.207 65.207 77.207 84.207 60.208 58.208 68.208 67.209 67.209 67.210 67.211 86.211 90.212 65.213 67.215 66.217 65.219 67.221 67.224 67.227 67.230 66.234 74.238 103.242 84.246 30.251 3.255 54.261 79.268 92.276 71.287 61.301 20.325 13.352 16.376 14.402 22.428 26.445 0.476 0.000 19.186 81.439 110.496 102.409 106.133 105.875 103.855 103.812 103.773 103.736 104.699 95.664 84.631 107.599 132.568 120.539 137.511 134.485 128.462 135.441 101.423 78.410 88.403 96.401 25.406 0.000 0.000 0.000
67.216 66.216 61.219 67.216 66.216 14.215 88.215 80.216 67.216 68.216 68.217 67.217 67.218 67.219 67.219 70.220 93.221 76.222 66.223 67.225 73.227 81.229 67.231 65.234 67.237 66.240 69.243 93.246 101.250 76.254 64.258 52.262 74.266 73.272 34.277 19.285 16.293 0.000 5.362 5.379 6.400 7.420 9.433 0.000 22.238 79.396 101.572 110.556 103.371 104.015 103.938 103.896 103.856 103.816 103.779 104.742 95.707 78.672 74.639 107.608 97.578 111.549 114.521 102.496 104.473 76.453 53.437 67.427 134.423 87.424 22.431 12.435 34.438
67.223 67.224 67.224 67.224 67.223 61.223 77.223 93.224 69.224 66.225 67.225 67.226 67.227 67.228 66.229 89.230 91.231 65.232 67.233 68.234 65.236 27.239 86.241 81.244 68.246 66.249 84.252 103.255 87.258 67.261 67.264 68.268 71.271 75.275 12.278 13.281 0.000 2.352 17.354 0.000 0.376 0.000 0.000 0.000 45.347 102.528 110.670 110.614 103.256 104.091 103.975 103.939 103.898 103.858 103.820 102.783 87.748 89.713 109.679 128.647 127.615 132.585 137.556 124.528 122.501 109.477 58.458 56.446 132.439 96.436 34.434 27.436 92.439
67.230 67.231 67.231 67.231 67.231 67.231 67.231 78.232 93.232 69.233 66.234 67.235 67.236 65.237 73.238 94.239 74.240 66.241 68.242 66.243 8.246 5.249 74.251 75.253 81.256 80.258 88.260 87.263 68.266 66.268 68.271 71.274 76.276 76.278 0.000 0.000 0.000 4.349 28.350 15.349 16.349 15.349 0.000 6.447 53.592 107.742 110.724 102.593 104.308 104.043 104.024 103.979 103.939 103.899 103.861 103.824 89.787 85.752 106.718 107.684 107.652 110.620 110.589 109.558 114.527 87.497 63.474 78.459 93.450 32.446 0.000 0.000 36.442
67.238 69.238 69.238 67.238 67.238 67.239 67.239 67.240 78.241 93.241 69.242 64.243 64.245 81.246 93.247 87.249 64.250 67.251 63.251 9.250 6.256 60.259 67.261 67.263 73.265 90.267 90.269 83.271 76.273 68.276 55.278 25.280 90.282 70.283 0.000 0.000 0.000 3.346 17.347 10.347 24.348 13.348 0.000 6.597 26.692 110.830 110.778 103.462 104.197 104.102 104.061 104.019 103.978 103.939 103.900 104.863 99.826 89.791 84.756 83.721 83.687 83.654 83.621 87.589 61.553 5.510 31.480 87.465 83.457 44.453 6.453 0.000 35.445
68.245 5.244 6.244 67.245 66.246 65.246 65.247 64.248 64.249 77.250 92.251 85.252 92.253 94.255 81.257 65.258 72.260 72.261 60.263 0.000 8.268 71.269 67.271 69.273 93.274 100.276 78.278 69.279 76.281 83.283 71.285 7.286 50.288 68.289 0.000 0.000 0.000 4.342 10.344 7.346 21.347 0.000 0.000 6.673 11.996 110.881 108.711 104.426 104.167 104.144 104.099 104.057 104.016 103.977 103.939 103.901 104.865 103.828 101.793 100.757 100.722 101.688 103.654 77.621 19.587 0.000 16.472 72.464 103.459 94.455 67.454 43.452 60.448
67.252 66.252 1.252 66.253 77.253 81.254 85.254 90.255 93.256 94.258 94.259 94.261 80.262 67.264 83.266 100.268 101.270 101.272 94.275 72.281 7.279 68.280 66.281 75.282 103.283 90.285 67.286 66.287 68.289 71.290 62.292 7.293 27.295 27.296 0.000 0.000 0.000 10.336 5.340 0.000 4.347 0.000 14.679 15.919 6.468 110.930 112.662 108.301 104.222 104.178 104.135 104.094 104.054 104.014 103.976 103.939 103.902 103.866 103.830 103.793 104.756 107.721 79.687 12.654 0.000 5.464 0.000 17.461 73.458 104.456 95.455 71.453 48.450
67.259 69.259 65.260 67.260 82.260 81.261 77.262 73.263 72.264 68.266 89.267 79.269 90.271 81.273 97.275 93.277 86.279 87.282 98.285 104.288 93.289 94.290 86.291 94.292 102.293 75.294 66.295 67.296 67.297 66.297 66.299 68.300 63.302 12.304 72.311 63.316 2.321 4.327 0.000 0.000 0.000 5.650 83.703 80.909 111.023 110.977 106.538 107.368 104.251 104.213 104.170 104.129 104.090 104.051 104.013 103.976 103.940 103.904 103.867 105.829 110.787 79.753 19.720 0.000 0.000 2.464 1.464 0.000 14.458 65.457 100.456 50.455 0.000
69.266 5.266 64.266 67.267 67.267 67.268 66.269 67.270 69.272 67.273 79.275 74.277 83.279 94.282 82.284 67.286 68.289 69.292 70.294 75.297 88.298 98.300 104.301 102.301 91.302 67.303 67.303 67.304 67.304 67.305 68.305 91.306 64.307 4.309 68.313 18.317 12.321 5.324 0.000 0.000 0.000 15.628 103.834 106.044 111.066 104.869 104.578 104.312 104.291 104.246 104.204 104.164 104.125 104.086 104.049 104.013 103.977 103.942 105.906 90.868 44.813 11.783 0.000 4.465 2.465 22.465 29.464 0.000 0.000 36.457 98.457 50.456 0.000
70.272 3.272 64.273 67.273 67.274 67.275 67.276 68.278 6.279 66.281 70.283 81.285 81.288 89.290 94.293 80.296 65.299 65.301 65.304 67.306 69.308 70.310 71.311 71.311 70.312 69.312 65.312 65.312 66.312 67.312 78.312 92.312 63.312 57.313 59.314 0.000 0.000 5.324 0.000 0.000 0.000 19.713 102.834 111.151 111.109 103.727 104.457 104.362 104.320 104.278 104.237 104.197 104.158 104.121 104.084 104.049 104.014 103.980 108.948 64.923 0.000 0.000 2.465 0.465 2.465 17.465 24.464 0.000 0.000 39.458 99.458 58.458 0.000
