results3/res_3e8f-0073.wd
ncols         241
nrows         181
xllcorner     12693529.787448
yllcorner     3542525.717860
cellsize      155.156523
NODATA_value  -9999.000000
[rows 99 to 131 of 181, columns 0 to 72 of 241]
0.000 0.000 0.000 0.000 0.000 57.130 97.130 99.129 90.128 85.128 0.000 0.000 0.000 0.000 0.000 0.000 0.000 65.123 62.123 0.000 0.000 0.000 1.114 60.113 59.112 0.106 0.000 0.000 0.000 6.123 0.000 0.000 0.000 0.000 11.972 57.967 53.955 52.936 53.909 54.879 67.847 56.812 60.773 52.730 54.684 52.633 53.580 58.523 59.463 57.401 61.337 54.272 54.205 56.135 59.063 72.986 73.919 58.866 44.818 0.000 0.000 0.000 0.000 0.000 22.364 77.361 74.351 61.331 36.310 31.289 75.269 52.251 54.235
0.000 0.000 0.000 0.000 0.000 58.131 98.131 98.131 0.000 0.000 0.000 0.000 0.000 0.000 0.000 0.000 10.123 76.123 65.123 3.123 0.118 0.115 63.116 62.115 66.114 0.000 0.000 0.000 0.000 64.123 56.123 0.000 0.000 0.000 71.018 81.012 67.002 59.987 53.966 55.941 74.911 59.878 65.840 65.798 56.752 71.701 63.647 64.590 54.529 62.466 62.400 60.333 54.265 55.195 59.122 56.019 17.949 7.907 0.000 0.000 0.000 0.000 0.000 25.340 62.344 74.341 81.333 71.319 47.303 48.287 62.270 53.255 54.242
3.138 0.000 0.000 0.000 0.000 45.132 94.132 103.133 13.133 0.000 0.000 0.000 0.000 0.000 0.000 0.000 0.000 83.124 64.124 65.123 67.122 64.120 61.118 62.116 60.115 0.000 0.000 0.000 0.000 57.123 57.123 58.121 57.114 57.099 56.071 66.062 75.054 22.043 86.027 76.006 80.980 65.948 10.912 81.870 79.824 78.773 82.718 71.659 54.597 57.532 62.465 62.396 59.326 55.259 44.212 0.000 0.000 0.000 0.000 0.000 0.000 0.000 0.000 35.336 62.331 62.327 73.320 72.309 55.297 55.284 54.271 54.258 54.247
71.138 74.138 6.138 0.000 0.000 55.134 94.134 99.134 109.134 14.135 0.000 0.000 0.000 0.000 5.128 5.128 3.127 20.125 68.125 65.124 83.122 97.121 72.119 57.118 0.000 0.000 0.000 0.000 0.000 0.000 56.125 57.127 57.121 57.112 57.106 56.110 56.110 55.105 56.094 61.077 73.054 67.024 9.988 81.947 82.900 60.849 67.793 84.733 78.668 65.600 55.531 61.460 62.386 65.300 50.256 0.000 0.000 0.000 0.000 0.000 0.000 0.000 0.000 0.000 13.319 59.316 56.310 56.302 54.292 54.282 54.271 54.261 54.251
85.138 68.138 68.138 70.137 72.137 91.135 99.135 99.135 99.135 101.135 75.135 14.136 0.000 63.129 70.128 71.128 33.127 28.126 91.126 99.125 94.123 90.121 73.120 0.000 0.000 0.000 0.000 0.000 0.000 0.000 0.000 57.143 56.129 55.124 56.131 57.162 57.171 57.172 57.167 58.154 77.134 72.106 55.070 57.028 67.981 78.929 55.873 67.811 68.743 61.670 81.599 64.528 56.457 0.000 0.000 0.000 0.000 0.000 0.000 0.000 0.000 0.000 0.000 0.000 5.310 59.308 54.303 54.296 54.288 54.280 54.271 52.262 50.254
100.138 90.138 71.138 75.138 93.137 99.136 99.136 99.136 99.136 94.136 66.136 72.136 0.129 54.129 89.129 97.129 97.128 81.128 96.127 103.126 13.125 0.000 0.000 0.000 0.000 0.000 0.000 0.000 0.000 0.000 0.000 57.171 0.000 0.000 0.000 58.235 57.241 57.246 57.247 58.240 74.222 79.195 56.159 57.116 57.067 75.015 75.958 53.895 61.823 80.738 72.666 50.597 0.000 0.000 0.000 0.000 0.000 0.000 0.000 0.000 0.000 0.000 0.000 0.000 2.304 59.302 54.298 54.292 54.285 53.278 52.271 57.264 58.257
100.139 100.139 95.138 98.138 99.138 99.137 99.137 99.137 99.137 95.136 70.136 87.136 0.000 0.000 67.130 91.130 99.129 100.129 99.128 104.127 7.127 0.000 0.000 0.000 0.000 0.000 0.000 0.000 0.000 0.000 0.000 57.200 0.000 0.000 59.309 57.302 57.312 57.325 57.336 57.335 74.320 79.293 56.254 57.208 57.158 58.105 79.048 72.988 79.914 69.794 50.730 0.000 0.000 0.000 0.000 0.000 0.000 0.000 0.000 0.000 0.000 0.000 0.000 0.000 57.300 54.298 54.294 54.289 54.282 53.276 55.270 59.265 60.260
98.139 99.139 99.139 99.139 99.139 99.138 99.138 99.138 99.137 100.137 95.137 102.136 26.135 5.134 55.132 74.131 97.131 99.130 100.129 88.129 2.128 0.000 0.000 0.000 0.000 0.000 0.000 0.000 0.000 0.000 0.000 51.229 56.258 56.287 55.317 57.353 57.379 57.407 57.435 57.444 74.432 79.401 56.357 57.306 57.252 57.197 62.144 85.094 65.053 0.000 0.000 0.000 0.000 0.000 0.000 0.000 0.000 0.000 0.000 0.000 0.000 0.000 0.000 0.000 10.298 61.296 57.292 58.287 56.279 52.274 59.270 60.266 58.262
95.140 100.140 99.140 99.140 99.140 99.139 99.139 99.139 99.138 99.138 100.137 93.137 77.136 68.135 62.134 89.133 99.132 99.131 104.131 7.130 0.000 0.000 0.000 0.000 0.000 0.000 0.000 0.000 0.000 0.000 0.000 0.000 0.000 0.000 0.000 57.415 57.442 57.491 57.553 57.575 73.562 80.523 57.468 57.407 57.346 57.288 57.236 63.189 16.152 0.000 0.000 0.000 0.000 0.000 0.000 0.000 0.000 0.000 0.000 0.000 0.000 0.000 0.000 0.000 0.000 0.000 0.000 0.000 2.273 61.271 59.269 60.267 57.265
95.141 100.141 99.141 99.141 99.141 99.140 99.140 99.140 99.139 99.139 100.138 85.138 64.137 63.136 72.135 96.134 99.133 99.133 105.132 10.132 1.132 0.000 0.000 0.000 0.000 0.000 0.000 0.000 0.000 0.000 0.000 0.000 0.000 0.000 0.000 53.450 57.485 54.562 57.710 57.741 76.717 80.660 57.585 57.507 57.436 57.375 57.323 54.276 4.214 0.000 0.000 0.000 0.000 0.000 0.000 0.000 0.000 0.000 0.000 0.000 0.000 53.256 0.000 0.000 0.000 0.000 0.000 0.000 57.270 58.269 60.268 60.267 57.267
98.142 99.142 99.142 99.142 99.142 99.142 99.141 99.141 99.141 99.140 99.139 96.139 73.138 74.137 91.136 98.135 99.134 99.134 106.134 23.133 0.000 0.000 0.000 0.000 0.000 0.000 0.000 0.000 0.000 0.000 0.000 0.000 0.000 0.000 0.000 0.000 53.484 0.000 56.983 57.964 85.906 72.814 57.705 57.602 57.517 70.452 60.405 55.377 0.000 0.000 0.000 0.000 0.000 0.000 0.000 0.000 0.000 0.000 0.000 0.000 5.256 64.256 49.256 0.000 0.000 0.000 0.000 58.265 61.267 60.267 57.267 53.267 53.268
99.144 99.144 99.144 99.143 99.143 99.143 99.143 99.142 99.142 99.141 99.141 99.140 101.139 101.138 100.137 99.136 99.136 101.135 90.135 33.135 0.000 0.000 0.000 0.000 0.000 0.000 0.000 0.000 0.000 0.000 0.000 0.000 0.000 0.000 0.000 0.000 0.000 0.000 57.276 58.225 92.128 60.987 57.819 57.678 69.578 78.511 57.468 57.451 56.469 0.000 0.000 0.000 0.000 0.000 0.000 0.000 0.000 0.000 0.000 0.000 0.000 60.256 61.256 48.257 0.000 54.261 56.262 60.264 59.265 57.266 56.266 52.267 60.268
98.145 97.145 99.145 99.145 99.145 99.145 99.144 99.144 99.144 99.143 99.142 99.141 99.140 99.139 99.138 99.137 100.137 83.136 11.136 2.136 60.136 74.136 20.136 0.000 0.000 1.135 0.000 0.000 0.000 0.000 0.000 0.000 0.000 0.000 0.000 0.000 0.000 0.000 53.620 64.533 87.395 58.187 54.906 57.712 57.608 57.545 57.507 57.488 57.487 54.487 0.000 0.000 0.000 0.000 0.000 0.000 0.000 0.000 0.000 0.000 0.000 55.256 51.256 57.257 52.258 60.260 60.261 59.263 55.264 58.265 53.265 52.266 52.267
88.146 88.146 97.146 99.147 99.147 99.146 99.146 99.146 99.145 99.145 99.144 100.143 101.141 99.140 99.139 99.138 99.138 21.137 5.137 60.137 70.136 80.136 79.136 72.136 64.135 5.135 0.000 0.000 0.000 0.000 0.000 0.000 0.000 0.000 0.000 58.555 61.492 61.343 58.051 56.892 65.732 53.460 0.000 53.655 57.598 57.555 57.526 57.509 56.503 0.000 0.000 0.000 0.000 0.000 0.000 0.000 57.254 68.254 0.000 0.000 56.255 54.256 54.256 51.257 59.258 60.259 60.261 57.262 60.263 60.264 58.265 53.265 42.266
70.148 75.148 94.148 100.148 99.148 99.148 99.148 99.148 99.147 99.147 101.146 87.145 83.143 98.141 103.140 100.139 95.139 77.138 80.138 86.137 80.137 81.136 60.136 53.136 0.000 0.000 0.000 0.000 0.000 0.000 0.000 0.000 0.000 0.000 49.619 55.619 58.577 58.485 58.351 58.251 60.183 0.000 0.000 0.000 52.574 57.550 57.532 57.520 57.514 0.000 0.000 0.000 0.000 0.000 0.000 17.253 74.254 56.254 54.254 54.254 54.255 54.255 52.256 57.257 60.258 60.259 56.260 60.261 60.263 59.263 53.264 54.264 44.265
54.149 69.149 88.150 101.151 102.151 102.150 100.150 99.150 100.150 99.149 100.148 38.147 9.144 57.142 75.140 96.140 103.140 101.140 101.140 87.138 10.137 0.000 0.000 0.000 0.000 0.000 0.000 0.000 0.000 4.644 6.644 0.000 0.000 0.000 0.000 54.726 58.711 56.671 57.616 59.577 60.566 0.000 0.000 0.000 0.000 50.541 57.531 57.524 54.519 0.000 0.000 0.000 0.000 0.000 0.000 0.000 16.254 70.254 53.254 53.254 54.255 53.255 53.256 59.256 60.257 58.258 46.259 0.000 64.263 58.263 58.263 58.264 44.264
18.149 40.150 73.152 79.153 73.153 75.153 92.153 100.153 96.152 89.152 88.152 23.151 0.000 0.000 0.000 33.140 68.140 94.142 101.142 0.000 0.000 0.000 0.000 0.000 0.000 0.000 0.000 0.000 0.000 46.644 67.644 12.644 0.000 0.000 0.000 54.848 60.870 59.871 68.865 69.876 59.937 5.117 0.000 0.000 0.000 0.000 54.529 55.526 0.000 0.000 0.000 0.000 0.000 0.000 0.000 0.000 0.000 75.254 78.254 58.254 52.255 50.255 60.255 60.256 55.256 0.000 0.000 0.000 5.263 63.263 60.263 60.263 50.263
0.000 0.000 54.156 63.156 15.156 1.156 64.156 93.155 84.155 80.155 94.155 61.155 21.157 0.000 0.000 0.000 0.000 39.144 70.146 0.000 0.000 0.000 0.000 0.000 0.000 0.000 0.000 0.000 0.000 0.000 51.644 69.644 0.644 0.000 0.000 45.949 60.049 58.080 88.096 81.126 59.189 61.297 7.417 0.000 0.000 0.000 49.529 0.000 0.000 0.000 0.000 0.000 0.000 0.000 0.000 0.000 0.000 0.000 63.254 80.254 65.255 59.255 60.255 55.255 0.000 0.000 0.000 0.000 0.000 55.263 60.263 60.263 55.263
0.000 0.000 50.160 95.160 52.160 1.159 53.159 85.158 87.158 98.158 100.158 103.158 109.159 48.160 17.160 0.000 0.000 0.000 10.152 5.154 0.000 0.000 0.000 0.000 0.000 0.000 0.000 0.000 0.000 0.000 52.644 67.645 0.000 4.647 8.648 0.000 53.299 61.302 91.314 73.343 61.395 60.467 65.536 0.000 0.000 0.000 0.000 0.000 0.000 0.000 0.000 0.000 0.000 0.000 0.000 0.000 0.000 0.000 0.000 1.254 68.254 58.255 56.255 0.000 0.000 0.000 0.000 0.000 54.262 53.262 55.263 49.263 0.000
23.168 38.167 72.164 90.163 98.163 67.163 80.162 103.161 100.161 99.160 99.160 99.160 99.160 105.161 108.161 64.161 23.160 5.158 68.156 82.156 75.157 77.157 33.157 9.157 6.157 0.000 0.000 0.000 0.000 0.000 31.645 53.645 59.646 59.647 62.648 21.649 54.545 83.515 85.516 62.538 60.580 60.642 63.723 8.857 3.915 0.000 0.000 0.000 0.000 0.000 0.000 0.000 0.000 0.000 0.000 0.000 0.000 0.000 0.000 0.000 0.000 0.000 2.255 0.000 0.000 0.000 0.000 56.262 51.262 49.262 0.000 0.000 0.000
96.169 99.169 99.167 97.166 95.166 96.165 98.165 98.164 99.163 100.163 100.163 99.162 92.162 96.162 99.162 103.161 107.160 108.159 100.158 96.158 93.157 88.157 90.157 83.157 39.157 17.156 0.000 0.000 0.000 0.000 0.000 0.000 0.000 0.000 0.000 78.755 67.719 96.697 87.696 74.712 61.746 60.796 60.859 64.932 60.974 0.000 0.000 0.000 0.000 0.000 0.000 0.000 0.000 0.000 0.000 0.000 0.000 0.000 0.000 0.000 0.000 0.000 0.000 0.000 0.000 0.000 0.000 0.000 0.000 0.000 0.000 0.000 0.000
99.171 94.171 92.170 91.169 85.169 82.168 83.167 83.167 89.166 94.165 94.165 87.164 71.164 86.164 99.163 99.162 99.161 99.160 99.159 99.159 100.158 100.158 103.157 104.157 104.157 104.156 43.156 0.000 0.000 0.000 0.000 0.000 0.000 0.000 0.000 50.896 76.877 81.860 65.857 82.870 70.897 60.937 60.985 64.037 7.075 0.000 0.000 0.000 0.000 0.000 0.000 0.000 0.000 0.000 0.000 0.000 0.000 0.000 0.000 0.000 0.000 0.000 0.000 0.000 0.000 0.000 0.000 0.000 0.000 0.000 0.000 0.000 0.000
69.174 42.173 64.173 78.172 76.172 56.171 41.170 37.170 57.169 74.168 73.167 66.167 61.166 71.165 92.164 100.163 99.162 99.161 99.160 99.160 99.159 103.158 78.157 66.157 65.157 69.156 72.156 11.156 0.151 0.000 0.000 0.000 0.000 0.000 0.000 49.058 85.032 68.009 60.003 70.013 81.035 65.068 61.109 61.157 67.214 11.311 5.356 0.000 0.000 0.000 0.000 0.000 0.000 0.000 0.000 0.000 0.000 0.000 0.000 0.000 0.000 0.000 0.000 0.000 0.000 0.000 0.000 0.000 0.000 0.000 0.000 0.000 0.000
59.177 30.176 52.176 67.175 63.175 40.174 26.173 30.173 50.172 64.171 62.170 62.169 63.168 61.167 80.166 97.165 99.164 99.163 99.162 99.161 98.160 61.159 0.000 0.000 0.000 0.000 0.000 0.000 0.000 55.427 75.427 27.426 13.423 9.410 56.360 73.245 90.185 67.141 61.134 59.143 76.163 78.192 64.226 61.266 61.312 64.365 73.401 11.431 6.438 0.000 0.000 0.000 0.000 0.000 0.000 0.000 0.000 0.000 0.000 0.000 0.000 0.000 0.000 0.000 0.000 0.000 0.000 0.000 0.000 0.000 0.000 0.000 0.000
72.180 68.179 63.179 62.179 63.178 65.177 66.176 69.176 68.175 64.174 63.173 63.171 63.170 62.169 69.168 91.166 100.165 99.164 101.163 73.162 39.161 0.000 0.000 0.000 0.000 0.000 0.000 0.000 0.000 20.427 42.428 45.429 49.433 63.446 60.427 81.376 78.322 52.237 59.248 61.263 63.283 76.309 68.338 63.371 61.404 60.434 77.452 68.454 62.446 0.000 0.000 0.000 0.000 0.000 0.000 0.000 0.000 0.000 0.000 0.000 0.000 0.000 0.000 0.000 0.000 0.000 0.000 0.000 0.000 0.000 0.000 0.000 0.000
62.183 63.183 63.183 63.182 63.181 63.181 63.180 63.179 63.178 63.177 63.175 63.174 63.172 63.171 61.169 82.168 99.166 101.165 97.164 23.163 0.000 0.000 0.000 0.000 0.000 0.000 0.000 0.000 0.000 0.000 0.000 0.000 0.000 47.517 64.524 90.509 64.491 0.000 47.360 62.376 60.398 64.422 65.448 74.474 63.498 61.516 60.519 56.486 0.000 0.000 0.000 0.000 0.000 0.000 0.000 0.000 0.000 0.000 0.000 0.000 0.000 0.000 0.000 0.000 0.000 0.000 0.000 0.000 0.000 0.000 0.000 0.000 21.737
63.187 63.187 63.186 63.186 63.185 63.184 63.183 62.182 62.181 63.180 63.178 63.177 63.175 63.173 62.171 70.169 85.167 96.166 84.164 10.164 0.000 0.000 0.000 0.000 0.000 0.000 0.000 0.000 0.000 0.000 0.000 0.000 0.000 24.580 73.643 98.648 8.640 0.000 45.455 63.483 61.510 60.534 68.557 79.579 67.599 61.614 65.620 0.000 0.000 0.000 0.000 0.000 0.000 0.000 0.000 0.000 0.000 0.000 0.000 0.000 0.000 0.000 0.000 0.000 0.000 0.000 0.000 0.000 0.000 0.000 0.000 0.000 78.813
63.191 63.190 63.190 63.190 63.189 63.188 63.187 67.186 68.184 64.183 63.181 63.180 63.178 63.175 63.173 62.171 65.169 74.166 74.165 15.163 0.000 0.000 0.000 0.000 0.000 0.000 16.750 0.000 0.000 0.000 0.000 0.000 0.000 0.000 77.820 92.799 15.782 0.000 29.523 60.591 61.624 61.647 60.668 65.687 67.705 63.720 65.729 0.000 0.000 0.000 0.000 0.000 0.000 0.000 0.000 0.000 0.000 0.000 0.000 0.000 0.000 0.000 0.000 0.000 0.000 0.000 0.000 0.000 0.000 0.000 0.000 63.037 71.944
63.195 63.195 63.194 63.194 63.193 63.192 62.191 74.190 79.188 66.187 63.185 63.183 63.180 63.178 63.175 63.173 63.170 62.167 65.164 46.162 0.000 0.000 0.000 0.000 0.000 58.751 79.750 41.747 32.737 31.723 0.000 0.000 0.000 59.151 101.018 74.946 74.907 1.929 0.000 46.735 63.748 61.764 61.779 59.796 75.813 79.831 73.847 0.000 0.000 0.000 0.000 0.000 0.000 0.000 0.000 0.000 0.000 0.000 0.000 0.000 0.000 0.000 0.000 0.000 0.000 0.000 0.000 0.000 0.000 0.000 37.205 88.131 74.053
63.199 63.199 63.199 63.198 63.197 63.196 62.195 75.194 81.192 65.190 63.188 63.186 63.184 63.181 63.178 63.175 63.171 63.167 63.163 69.159 40.154 0.000 0.000 0.000 0.000 21.751 36.752 58.755 66.741 70.709 44.647 20.562 55.447 93.283 91.157 71.059 52.972 10.951 0.000 46.866 63.871 62.879 65.890 60.904 69.921 92.945 89.982 35.055 0.000 15.219 0.000 0.000 0.000 0.000 0.000 0.000 0.000 0.000 0.000 0.000 0.000 0.000 0.000 0.000 0.000 0.000 0.000 0.000 0.000 0.000 74.280 130.226 113.161
60.204 61.204 62.203 62.203 63.202 63.201 61.200 76.198 79.197 62.195 63.192 63.190 63.187 63.184 63.181 63.177 63.173 63.168 63.162 63.156 69.149 49.141 0.127 0.000 0.000 0.000 0.000 34.781 65.762 61.725 64.669 68.593 80.496 97.378 81.266 49.163 0.000 0.000 0.000 45.991 62.990 65.993 78.999 65.009 75.024 76.046 95.079 99.129 82.191 32.219 0.000 0.000 0.000 0.000 0.000 0.000 0.000 0.000 0.000 0.000 0.000 0.000 0.000 0.000 0.000 0.000 0.000 0.000 0.000 60.503 70.409 71.335 74.266
81.209 76.209 71.208 69.208 65.207 61.206 61.204 76.203 79.201 61.199 63.197 63.194 63.191 63.188 63.184 63.180 62.175 61.169 62.163 62.155 62.145 68.134 45.117 22.104 0.000 0.000 0.000 33.826 71.800 65.762 60.711 73.646 96.565 90.467 58.366 0.000 0.000 0.000 0.000 44.116 62.107 67.102 74.103 69.108 74.119 73.136 86.159 80.190 73.224 46.248 1.274 0.000 0.000 0.000 0.000 0.000 0.000 0.000 0.000 0.000 0.000 0.000 0.000 0.000 7.315 0.000 0.000 3.677 37.677 65.597 134.515 98.447 130.330
101.214 100.214 96.214 91.213 87.212 82.211 77.210 73.208 68.206 62.204 63.201 63.199 63.195 63.192 62.188 64.183 70.178 75.171 74.164 72.155 66.144 61.131 65.113 71.091 35.057 16.017 19.966 53.896 76.852 67.811 63.766 86.714 98.651 54.559 0.000 0.000 0.000 7.350 14.323 48.251 61.221 66.207 82.202 72.203 65.208 58.218 64.232 82.250 79.268 85.284 4.299 0.000 0.000 0.000 0.000 0.000 0.000 0.000 0.000 0.000 0.000 0.000 0.000 0.000 4.315 0.000 0.000 0.000 72.757 63.692 73.621 96.513 72.684
