results3/res_3e8f-0032.wd
ncols         241
nrows         181
xllcorner     12693529.787448
yllcorner     3542525.717860
cellsize      155.156523
NODATA_value  -9999.000000
[rows 132 to 164 of 181, columns 0 to 74 of 241]
66.556 71.557 75.559 75.562 77.567 77.572 71.579 62.586 48.595 37.605 36.617 37.630 36.645 35.661 40.680 54.700 65.723 70.747 70.774 67.804 59.836 50.871 41.910 35.952 40.993 43.046 42.090 43.129 41.152 36.170 50.183 73.191 40.192 0.000 0.000 0.000 0.000 32.616 44.618 41.621 43.630 49.644 67.659 53.672 37.681 36.687 36.690 48.691 69.690 10.687 0.000 0.000 0.000 0.000 0.000 0.000 0.000 0.000 0.000 0.000 0.000 0.000 0.000 0.000 0.000 0.000 1.350 42.248 65.123 69.025 68.914 78.996 106.457 96.799 96.744
44.586 46.587 49.589 55.593 65.597 71.602 76.609 76.617 69.626 55.636 44.648 38.661 42.676 49.693 62.712 77.732 76.755 73.780 73.807 76.836 76.867 72.901 60.937 48.975 41.015 36.057 37.096 36.130 37.157 45.178 67.194 75.203 0.000 0.000 0.000 0.000 0.000 18.616 36.617 45.624 46.640 43.661 44.685 54.701 49.710 42.715 46.716 54.714 67.710 8.698 0.000 0.000 0.000 0.000 0.000 0.000 0.000 0.000 0.000 0.000 0.000 0.000 0.000 0.000 0.000 0.000 49.436 71.337 67.213 76.180 67.238 106.594 95.347 96.848 102.083
36.616 36.617 36.620 38.623 43.627 47.633 54.640 63.647 71.656 74.666 68.678 66.691 68.706 71.724 70.743 63.764 54.787 52.811 52.838 57.866 63.897 70.929 73.963 72.998 62.035 52.072 47.107 45.140 54.168 70.192 71.212 57.226 0.000 0.000 0.000 0.000 0.000 0.000 19.612 46.620 25.645 13.675 28.721 43.739 58.746 62.747 64.745 65.741 61.738 0.000 0.000 0.000 0.000 0.000 0.000 0.000 0.000 0.000 0.000 0.000 0.000 0.000 33.965 3.918 69.838 91.730 124.543 80.492 75.532 56.479 92.536 97.027 96.921 105.659 95.169
37.647 37.648 37.650 37.653 36.658 35.663 37.670 42.678 48.687 58.697 68.708 70.721 63.736 53.753 47.773 39.794 35.817 35.842 35.869 37.896 42.926 48.956 55.988 68.022 73.056 75.090 74.123 70.154 73.184 66.211 48.238 40.265 19.300 0.000 0.000 0.000 0.000 0.000 12.598 45.601 0.000 0.000 21.786 46.789 65.788 73.784 59.776 62.768 48.764 6.769 0.000 0.000 0.000 0.000 0.000 0.000 0.000 0.000 0.000 0.000 0.000 21.061 40.011 112.953 141.872 124.733 108.262 107.188 98.847 97.492 97.347 97.193 62.421 107.330 98.917
37.677 37.678 37.680 37.684 37.688 37.694 37.701 36.708 36.717 39.726 45.737 44.750 40.765 36.782 36.802 36.824 37.848 37.873 37.899 37.926 36.954 35.984 38.014 44.045 51.077 60.109 68.141 64.173 53.203 41.233 37.263 42.296 50.336 26.387 4.425 4.449 0.000 0.000 27.584 48.587 0.000 0.000 40.849 72.843 74.835 53.824 56.810 55.793 43.782 32.775 0.000 0.000 0.000 0.000 0.000 0.000 0.000 0.000 0.000 0.000 0.000 2.111 65.066 70.985 66.966 68.113 66.075 97.877 97.756 97.629 64.803 67.572 69.434 71.094 21.058
37.707 37.708 37.711 37.714 37.719 37.725 37.731 37.739 37.747 37.756 36.766 36.778 36.792 37.809 37.830 37.854 37.878 37.904 37.929 37.956 37.983 38.011 38.040 37.069 36.100 37.131 41.162 39.193 38.224 42.255 45.288 44.323 42.361 44.402 44.440 41.473 41.513 45.542 20.567 6.576 0.000 13.955 58.920 72.901 52.885 45.869 44.849 24.812 20.796 0.000 0.000 0.000 0.000 0.000 0.000 0.000 0.000 12.669 27.651 0.000 11.328 74.211 81.196 79.264 77.245 78.318 98.103 97.993 79.081 85.862 78.705 84.469 76.302 55.235 0.000
37.737 37.739 37.741 37.745 37.750 37.756 37.762 37.770 37.778 37.786 37.795 37.804 37.816 37.833 37.857 37.883 37.909 37.935 37.960 36.986 44.012 46.039 38.066 37.094 36.123 37.153 39.183 42.214 45.245 44.278 39.311 40.347 47.384 50.422 46.459 40.494 37.525 46.546 0.000 0.000 0.000 53.991 62.975 49.957 41.937 61.919 7.905 0.000 0.000 0.000 0.000 0.000 0.000 0.000 0.000 0.000 22.730 64.687 93.634 54.540 87.375 95.521 92.478 91.565 98.415 98.315 98.211 91.185 93.050 92.740 91.592 90.515 8.422 0.000 0.000
37.768 37.769 37.771 37.775 37.780 37.787 37.794 37.801 37.809 37.816 40.823 40.830 38.838 42.851 40.884 37.913 37.941 37.968 36.992 35.017 46.041 54.067 40.092 37.119 39.147 42.175 44.205 43.235 40.267 42.300 47.334 49.370 50.407 50.445 45.482 39.518 48.550 67.572 0.000 0.000 0.000 28.045 51.034 48.014 51.988 71.965 5.948 0.000 0.000 0.000 0.000 0.000 0.000 0.000 0.000 20.823 72.774 88.715 91.634 96.612 93.752 90.735 98.691 98.603 98.512 90.523 91.298 92.160 91.832 91.796 84.721 61.618 0.000 0.000 0.000
37.798 37.799 37.802 37.806 37.811 37.818 37.826 37.834 37.842 38.848 45.854 45.856 22.854 0.000 11.914 41.946 35.977 39.003 45.026 48.049 48.071 44.095 40.119 41.144 44.171 43.198 42.227 44.257 48.289 48.322 50.357 49.393 40.431 35.469 37.508 50.547 69.585 79.621 1.672 0.000 0.000 3.109 59.104 61.080 68.038 67.005 2.976 0.000 0.000 0.000 0.000 0.000 0.000 0.000 24.928 68.880 90.797 93.805 92.883 92.875 91.955 98.859 98.776 90.754 91.544 92.394 92.173 92.020 91.969 83.895 75.849 0.000 0.000 0.000 0.000
37.828 37.829 37.831 37.836 37.842 37.850 37.859 37.868 37.876 39.884 48.888 59.886 35.870 0.000 0.000 26.982 53.018 45.041 43.061 43.081 41.102 40.124 42.146 44.170 42.195 38.221 40.249 52.278 54.310 44.344 38.379 35.416 35.455 40.494 54.536 70.579 67.624 51.672 23.720 0.000 0.000 30.180 59.195 41.163 32.081 24.043 0.000 0.000 0.000 0.000 0.000 0.000 0.000 18.038 68.983 90.888 93.075 92.063 92.166 99.098 99.020 98.941 90.832 92.701 92.406 92.271 92.208 92.127 86.044 72.974 62.934 0.000 0.000 0.000 0.000
37.857 37.858 37.860 37.865 37.872 37.882 37.893 37.903 37.913 39.922 49.930 36.934 0.000 0.000 0.000 0.000 49.074 41.084 43.098 42.115 40.133 43.152 44.173 41.195 38.218 34.243 44.270 58.299 45.330 35.364 36.401 41.439 51.478 62.519 73.562 66.609 44.661 39.723 58.807 65.955 67.106 71.236 46.335 7.298 0.000 0.000 0.000 0.000 0.000 0.000 0.000 0.000 23.141 69.072 91.078 93.255 92.275 99.314 99.245 99.173 91.126 91.912 92.787 92.477 92.454 92.386 92.302 93.202 81.115 52.022 40.978 0.000 0.000 0.000 0.000
36.888 36.887 37.888 37.892 37.902 37.915 37.928 37.941 37.953 40.964 50.976 21.986 0.000 0.000 19.140 21.137 38.121 40.124 28.134 10.147 48.163 43.181 39.200 38.220 36.242 38.265 54.290 57.318 39.349 42.384 54.422 63.461 72.501 70.543 58.587 44.635 37.688 53.752 57.833 45.953 27.127 25.324 13.611 0.684 0.000 0.000 0.000 11.838 6.838 0.000 0.000 17.226 69.242 92.337 93.355 91.462 99.449 99.383 91.315 92.113 92.977 92.775 92.643 92.610 92.549 92.489 95.412 59.269 39.192 0.000 0.000 0.000 0.000 0.000 0.000
45.920 43.917 40.913 38.916 35.928 35.948 35.965 35.980 34.993 40.007 52.024 35.049 16.098 24.128 42.144 38.151 35.152 41.157 36.166 23.179 43.193 37.209 36.227 36.245 38.264 52.285 60.308 26.335 18.366 68.403 73.442 68.483 57.524 47.566 39.609 35.656 46.708 58.764 26.822 1.885 0.000 0.000 1.681 1.556 0.000 0.726 3.809 31.839 15.838 0.000 0.000 49.474 91.513 90.635 99.645 99.582 99.516 91.368 93.241 92.958 92.841 92.801 94.748 89.687 91.648 92.614 103.587 0.000 0.000 0.000 0.000 0.000 0.000 0.000 0.000
46.955 48.950 54.931 55.931 55.948 52.986 54.006 53.020 52.034 52.049 54.066 37.089 41.119 40.143 37.160 40.171 40.179 39.187 44.197 46.210 40.223 34.238 36.253 38.270 52.287 57.305 46.325 40.348 49.379 72.418 55.464 46.506 38.547 36.587 38.629 37.674 51.724 60.775 24.819 0.871 0.000 0.620 3.616 1.504 4.274 10.609 12.793 5.869 0.000 0.000 27.673 69.729 99.827 99.768 99.708 91.627 92.419 93.302 93.002 92.989 93.937 93.881 66.827 44.752 79.743 93.731 98.735 38.791 0.000 0.000 0.000 0.000 0.000 0.000 0.000
39.998 33.997 0.000 0.000 0.000 45.044 42.053 42.063 42.075 46.088 55.105 36.124 37.146 36.166 39.182 43.195 44.206 42.217 41.228 44.240 45.253 42.267 36.281 53.295 59.309 50.323 56.338 73.357 70.383 52.430 40.488 36.533 38.572 38.608 37.647 42.689 58.739 60.794 52.851 55.900 26.926 0.064 0.000 0.000 9.603 16.746 6.884 3.976 0.000 22.723 70.851 99.941 99.885 91.794 92.589 93.459 93.265 93.143 93.118 94.062 92.011 85.959 10.928 0.000 61.840 96.831 93.832 92.847 0.000 0.000 0.000 0.000 0.000 0.000 0.000
38.042 30.044 0.000 0.000 0.000 41.095 37.099 37.106 37.115 41.127 55.141 33.157 37.176 41.194 43.210 44.223 41.235 38.247 36.258 38.270 48.283 61.296 56.309 57.322 34.333 28.342 80.348 66.358 33.370 0.000 13.527 41.568 38.599 38.629 40.661 33.699 17.749 7.811 19.891 59.933 35.951 0.260 0.356 0.000 5.788 10.889 5.022 10.171 10.581 48.862 100.027 91.007 94.732 93.619 93.426 93.309 93.276 93.232 94.182 94.137 59.087 35.015 20.999 23.996 74.945 95.923 91.916 82.917 0.917 0.000 0.000 0.000 0.000 0.000 0.000
38.086 38.094 21.116 0.000 0.000 42.142 38.144 38.148 37.154 38.163 53.175 40.190 43.207 45.224 44.240 39.254 36.266 37.278 37.290 36.301 46.314 69.326 65.339 52.351 45.361 36.366 12.356 1.356 0.000 0.000 0.000 43.612 38.629 40.650 23.668 0.000 0.000 0.000 21.971 38.992 7.971 0.000 0.551 5.843 12.871 9.000 3.138 0.000 1.802 48.323 100.133 93.897 93.642 93.457 93.433 93.389 93.340 93.294 91.252 82.214 15.186 0.000 32.057 91.045 96.020 94.001 87.992 77.989 0.000 0.000 0.000 0.000 0.000 0.000 0.000
35.124 37.130 34.139 0.000 0.000 42.188 37.187 35.189 37.192 41.198 45.207 44.222 44.240 42.258 36.273 37.287 37.299 38.311 38.322 43.333 61.345 60.357 53.370 62.383 60.395 31.405 0.000 0.000 0.000 0.000 0.000 43.641 38.655 41.676 12.695 0.000 8.936 34.978 55.032 24.093 0.000 0.000 0.000 0.000 4.855 5.102 5.393 1.786 2.084 100.432 100.285 92.818 93.643 93.535 93.493 93.445 93.400 95.356 80.316 63.282 23.258 0.000 47.126 77.109 86.088 95.070 84.061 73.058 0.000 0.000 0.000 0.000 0.000 0.000 0.000
42.156 40.163 29.174 0.000 28.253 36.236 38.231 42.229 43.229 44.229 42.235 43.251 41.275 37.294 37.310 38.322 38.334 37.344 39.355 62.366 61.377 43.389 56.403 54.417 58.434 56.454 19.488 0.000 0.000 14.636 19.647 39.658 38.677 38.704 33.743 25.815 42.895 41.968 36.086 58.258 6.427 0.000 0.000 0.000 3.590 2.162 3.657 28.123 52.639 100.550 95.187 94.892 94.623 93.599 93.549 93.503 94.458 92.414 47.374 24.338 36.307 37.279 91.213 93.177 73.151 83.132 78.123 51.125 16.149 0.000 0.000 0.000 0.000 0.000 0.000
43.183 44.195 41.220 29.259 43.272 43.272 43.271 44.269 44.265 45.257 57.255 39.274 37.316 37.336 38.350 38.361 38.370 39.379 53.389 64.399 39.410 43.422 70.435 62.451 50.469 53.491 56.522 40.565 45.598 60.627 53.647 41.667 34.691 34.720 45.759 61.809 48.863 20.915 0.000 48.426 37.597 1.170 5.436 10.690 6.980 0.000 1.867 43.242 95.555 100.641 92.162 94.787 95.704 93.654 93.606 93.559 86.514 76.470 33.429 4.390 13.353 14.316 75.272 117.235 98.207 74.186 66.173 45.169 54.173 7.173 0.000 0.000 0.000 18.163 60.163
48.198 48.215 44.253 44.286 44.304 45.311 45.314 41.313 38.306 37.280 0.254 0.000 41.379 38.386 38.394 38.401 37.408 40.416 64.423 50.432 35.442 41.454 58.467 75.483 70.500 67.521 65.547 61.576 57.603 56.627 64.650 61.673 55.700 51.729 54.763 58.801 20.832 0.000 0.000 0.413 0.000 0.000 6.525 16.654 12.817 3.817 0.000 42.428 100.818 100.730 95.066 96.881 93.757 93.712 94.662 90.614 74.568 67.523 73.480 79.440 63.400 85.361 100.321 117.286 126.256 110.232 72.215 77.205 52.202 0.000 0.000 0.000 0.000 0.000 9.163
0.000 0.000 48.291 43.330 43.347 38.355 35.361 37.365 32.366 0.000 0.000 0.000 42.436 38.437 38.439 38.443 38.447 56.452 63.458 36.465 38.474 38.485 41.498 47.513 49.530 49.548 45.569 48.590 64.611 57.631 48.652 51.678 58.709 62.735 65.765 62.799 37.835 2.871 0.000 0.000 0.000 0.000 1.437 10.585 0.000 0.000 12.390 72.606 100.905 92.448 96.126 95.852 93.821 93.767 94.716 89.667 76.620 42.575 49.531 92.488 103.447 135.407 126.367 98.331 86.298 103.271 82.250 76.235 51.228 0.000 0.000 0.000 0.000 0.000 14.164
0.000 0.000 0.000 52.398 37.401 35.402 37.412 37.421 38.428 0.000 0.000 31.520 39.495 38.486 38.484 38.485 40.487 64.489 49.493 35.497 38.504 38.515 38.529 37.544 37.559 37.574 36.590 43.607 72.622 51.633 0.000 0.000 2.723 53.739 63.764 47.797 52.838 39.909 0.688 0.928 0.000 0.000 7.832 0.409 0.000 0.000 30.568 101.083 100.993 95.323 97.033 92.927 93.874 93.821 93.769 93.719 80.671 43.625 58.580 95.536 91.493 125.451 120.411 89.372 94.336 80.304 61.278 79.258 57.247 0.000 0.000 0.000 0.000 0.000 13.164
36.601 32.599 0.000 44.465 54.458 55.442 36.465 48.480 55.499 31.540 29.554 39.547 38.537 38.531 38.528 38.527 57.527 61.527 36.527 38.528 37.532 36.542 38.560 38.575 38.588 38.601 37.613 45.625 74.637 55.649 1.662 0.000 25.722 50.735 63.756 42.788 32.813 0.000 0.000 1.223 1.095 9.612 13.722 0.000 0.000 9.564 71.767 101.172 92.621 96.292 96.022 93.984 93.926 93.872 93.820 94.770 85.721 74.674 97.627 122.582 110.538 127.495 124.452 118.410 125.370 91.332 68.299 78.273 86.256 15.247 0.000 0.000 0.000 0.000 14.165
38.605 37.598 32.578 38.539 37.527 0.000 59.528 51.535 38.548 39.567 39.577 38.578 38.575 38.573 38.571 41.570 64.568 47.566 37.562 38.557 44.555 52.563 38.594 36.609 38.619 37.628 40.637 64.646 72.655 47.664 35.676 23.693 45.710 44.723 5.739 0.000 0.000 0.000 0.000 0.000 0.000 0.000 0.000 0.000 12.791 69.837 91.939 101.261 93.573 94.185 94.091 94.033 93.977 93.923 93.870 94.819 85.770 68.721 64.674 97.628 87.583 101.538 104.493 92.448 94.401 66.354 43.312 57.280 124.256 77.238 12.217 2.199 24.183 45.173 82.167
38.616 38.610 38.599 38.586 38.584 32.600 48.586 64.586 40.593 37.603 38.611 38.614 38.615 38.615 37.614 60.613 62.612 36.607 38.599 39.584 36.569 0.000 57.645 52.649 39.653 37.658 55.662 74.667 58.672 38.678 38.686 39.694 42.702 46.709 0.000 0.000 0.000 0.000 0.000 0.000 0.000 0.000 0.000 0.000 36.008 93.061 101.440 101.350 93.470 94.267 94.136 94.083 94.026 93.971 93.918 92.867 77.817 79.768 99.720 118.673 117.627 122.581 127.535 114.486 112.433 99.372 48.317 46.278 122.251 86.231 24.215 17.197 82.178 115.168 134.164
38.636 38.628 38.623 38.623 38.626 38.631 38.630 49.632 64.637 40.643 37.650 38.654 38.657 36.658 44.659 65.660 45.658 37.654 39.643 37.613 0.000 0.000 45.693 46.690 52.689 51.688 59.688 58.689 39.690 37.693 39.695 42.696 47.699 47.702 0.000 0.000 0.000 0.000 0.000 0.000 0.000 0.000 0.000 0.007 44.478 98.357 101.530 92.855 94.508 94.229 94.191 94.130 94.073 94.018 93.965 93.914 79.863 75.814 96.766 97.718 97.671 100.625 100.579 99.530 104.474 77.384 53.306 68.264 83.238 22.222 0.000 0.000 26.162 52.160 74.159
38.665 40.644 40.642 38.659 38.666 38.670 38.672 38.675 49.679 64.685 40.691 35.696 35.701 52.704 64.706 58.708 35.709 38.709 34.707 0.000 0.000 31.769 38.744 38.732 44.724 61.719 61.714 54.711 47.709 39.708 26.708 0.000 61.698 41.698 0.000 0.000 0.000 0.000 0.000 0.000 0.000 0.000 0.000 0.034 18.368 101.716 101.622 93.713 94.406 94.294 94.234 94.175 94.118 94.064 94.011 94.959 89.909 79.859 74.810 73.762 73.715 73.669 73.625 77.582 51.548 0.000 21.258 77.236 73.213 34.198 0.000 0.000 25.148 71.149 49.151
39.714 0.000 0.000 38.707 37.709 36.712 36.714 35.717 35.722 48.728 63.735 56.741 63.746 65.751 52.755 36.759 43.762 43.767 31.771 0.000 0.000 42.795 38.783 40.770 64.759 71.749 49.740 40.733 47.727 54.724 42.722 0.000 21.697 39.697 0.000 0.000 0.000 0.000 0.000 0.000 0.000 0.000 0.000 0.101 5.591 101.807 99.015 94.659 94.384 94.340 94.277 94.218 94.162 94.107 94.055 94.003 94.953 93.904 91.855 90.806 90.758 91.713 93.669 67.627 9.587 0.000 6.232 62.207 93.182 84.158 57.128 33.121 50.132 53.139 11.145
38.766 37.782 0.000 37.754 48.754 52.755 56.757 61.759 64.764 65.772 65.780 65.788 51.794 38.800 54.805 71.810 72.816 72.825 65.840 43.873 0.000 39.835 37.823 46.809 74.794 61.779 38.766 37.754 39.745 42.738 33.735 0.000 0.000 0.000 0.000 0.000 0.000 0.000 0.000 0.000 0.000 0.000 6.023 7.467 2.945 101.886 102.946 98.540 94.441 94.378 94.317 94.259 94.203 94.150 94.098 94.047 93.997 93.948 93.898 93.849 94.800 97.754 69.711 2.669 0.000 0.000 0.000 7.179 63.151 94.125 85.106 61.102 38.122 7.130 0.000
38.801 40.799 36.816 38.803 53.798 52.798 48.799 44.801 43.804 39.817 60.828 50.837 61.844 52.850 68.856 64.862 57.869 58.879 69.892 75.907 64.914 65.887 57.868 65.849 73.829 46.810 37.791 38.775 38.761 37.751 37.746 39.745 34.743 0.000 43.724 34.723 0.000 0.000 0.000 0.000 0.000 0.000 74.710 71.932 101.986 101.942 96.828 97.608 94.472 94.415 94.354 94.297 94.243 94.190 94.139 94.090 94.041 93.992 93.943 95.891 100.838 69.793 9.752 0.000 0.000 0.000 0.000 0.000 4.117 55.084 90.068 40.061 0.000 0.000 0.000
40.840 0.000 35.847 38.843 38.841 38.841 37.842 38.842 40.836 38.864 50.878 45.888 54.896 65.902 53.908 38.913 39.921 40.931 41.942 46.950 59.949 69.933 75.913 73.890 62.866 38.841 38.815 38.793 38.775 38.762 39.753 62.747 35.743 0.000 39.727 0.000 0.000 0.000 0.000 0.000 0.000 6.258 94.546 96.769 102.018 95.203 94.836 94.554 94.512 94.448 94.389 94.334 94.280 94.229 94.180 94.132 94.085 94.038 95.989 80.934 34.867 1.831 0.000 0.000 0.000 0.000 0.000 0.000 0.000 26.027 88.020 40.014 0.000 0.000 0.000
41.880 0.000 35.883 38.882 38.882 38.884 38.886 39.889 0.000 37.927 41.934 52.942 52.950 60.956 65.960 51.964 36.971 36.983 36.997 39.004 41.000 41.984 42.961 42.934 41.906 40.874 36.838 36.807 37.784 38.769 49.758 63.748 34.740 28.734 30.730 0.000 0.000 0.000 0.000 0.000 0.000 10.257 93.394 102.066 102.041 94.031 94.716 94.601 94.539 94.479 94.422 94.368 94.316 94.267 94.220 94.174 94.129 94.086 99.042 54.988 0.000 0.000 0.000 0.000 0.000 0.000 0.000 0.000 0.000 28.977 88.970 47.962 0.000 0.000 0.000
