results3/res_3e8f-0150.wd
ncols         241
nrows         181
xllcorner     12693529.787448
yllcorner     3542525.717860
cellsize      155.156523
NODATA_value  -9999.000000
[rows 0 to 32 of 181, columns 146 to 218 of 241]
0.000 0.000 0.000 0.000 0.000 0.000 0.000 0.000 0.000 0.000 0.000 0.000 0.000 0.000 5.393 16.255 17.029 16.750 16.442 16.122 15.807 15.511 15.248 15.023 14.840 14.697 14.592 14.519 14.472 14.447 14.436 19.432 0.000 0.000 0.000 0.000 0.000 0.000 0.000 0.000 0.000 0.000 0.000 0.000 0.000 0.000 0.000 0.000 0.000 17.095 24.095 0.000 0.000 42.827 47.827 0.000 0.000 0.000 0.000 0.000 0.000 0.000 0.000 0.000 0.000 0.000 0.000 0.000 0.000 0.000 0.000 0.000 0.000
0.000 0.000 0.000 0.000 0.000 0.000 0.000 0.000 0.000 0.000 0.000 0.000 0.000 0.952 16.532 17.342 17.082 16.781 16.454 16.117 15.786 15.480 17.209 15.982 14.800 14.660 14.560 14.492 14.452 14.432 14.428 19.428 0.000 0.000 0.000 0.000 0.000 0.000 0.000 0.000 0.000 0.000 0.000 0.000 0.000 0.000 0.000 0.000 14.096 36.095 12.095 0.000 21.827 54.827 48.827 0.000 0.000 0.000 0.000 0.000 0.000 0.000 0.000 0.000 0.000 0.000 0.000 0.000 33.804 0.000 0.000 0.000 0.000
0.000 0.000 0.000 0.000 0.000 0.000 0.000 0.000 0.000 0.000 0.000 0.000 0.000 20.166 18.819 17.500 17.176 16.836 16.476 16.105 15.743 17.412 17.127 14.895 14.716 14.585 14.494 14.438 14.409 14.403 16.418 10.423 0.000 0.000 0.000 0.000 0.000 0.000 0.000 0.000 0.000 0.000 0.000 0.000 0.000 0.000 0.000 0.000 26.096 0.000 0.000 16.828 47.828 9.827 0.000 0.000 0.000 0.000 0.000 0.000 0.000 0.000 0.000 0.000 2.810 0.000 0.000 0.000 36.804 8.804 0.000 0.000 0.000
0.000 0.000 0.000 0.000 0.000 0.000 0.000 0.000 0.000 0.000 0.000 0.000 2.849 19.554 18.077 17.662 17.287 16.912 16.508 16.084 16.669 16.298 14.992 14.756 14.584 14.468 14.395 14.357 14.345 20.352 0.000 0.000 0.000 0.000 0.000 0.000 0.000 0.000 0.000 0.000 0.000 0.000 0.000 11.098 0.000 0.000 0.000 10.097 70.097 0.079 0.000 22.828 49.828 0.000 0.000 0.000 0.000 0.000 0.000 0.000 0.000 0.000 8.811 14.810 33.810 0.000 0.000 26.804 35.804 36.804 8.804 0.000 0.000
0.000 0.000 0.000 0.000 0.000 0.000 0.000 0.000 0.000 0.000 0.000 8.104 1.305 2.771 18.273 17.785 17.397 17.016 16.562 16.053 16.550 16.119 14.788 14.552 14.398 14.306 14.261 14.250 15.262 16.307 0.000 0.000 0.000 0.000 0.000 0.000 0.000 0.000 0.000 0.000 0.000 0.000 12.098 35.098 30.098 0.000 0.000 26.098 54.097 0.000 0.000 0.000 49.830 4.830 0.000 0.000 0.000 0.000 0.000 0.000 0.000 0.000 48.811 52.811 54.810 0.000 0.000 39.805 34.804 34.804 44.804 0.000 0.000
0.000 0.000 0.000 0.000 0.000 0.000 0.000 0.000 0.000 0.000 10.796 3.413 1.796 1.245 1.328 15.808 17.502 17.192 16.671 18.015 17.361 14.842 14.487 14.268 14.149 14.099 14.095 14.117 20.148 0.000 0.000 0.000 0.000 0.000 0.000 0.000 0.000 0.000 0.000 0.000 0.000 0.000 0.000 15.098 36.098 28.098 26.098 8.098 39.098 12.098 0.000 0.000 34.830 47.831 38.831 36.831 45.831 0.000 0.000 0.000 0.000 0.000 48.812 50.811 55.810 34.809 23.807 40.805 43.805 0.000 0.000 0.000 8.786
0.000 0.000 0.000 0.000 0.000 0.000 0.000 0.000 0.000 0.000 7.179 3.898 3.541 3.051 0.401 0.587 10.611 18.579 17.914 17.975 15.035 14.401 14.049 13.884 13.831 13.845 13.901 13.978 9.063 0.000 0.000 0.000 0.000 0.000 32.113 65.113 0.000 0.000 5.113 46.113 0.000 0.000 0.000 12.098 36.098 49.099 84.099 46.099 47.099 18.098 0.000 0.000 31.831 50.831 35.832 31.831 48.831 0.000 0.000 0.000 0.000 0.000 35.813 41.812 37.810 37.809 41.807 44.806 52.805 0.000 0.000 0.000 31.786
0.000 0.000 0.000 0.000 0.000 0.000 0.000 0.000 0.000 30.373 30.842 7.438 3.062 3.311 2.981 0.756 0.349 5.601 18.431 15.937 14.404 13.677 13.424 13.388 13.445 13.551 14.685 11.832 0.000 0.000 0.000 0.000 0.000 0.000 7.113 53.113 60.113 42.113 34.113 6.113 0.000 0.000 0.000 0.000 0.000 10.100 77.100 56.099 3.099 0.000 0.000 0.000 0.000 43.833 58.833 56.832 58.831 50.830 42.828 45.825 44.823 53.819 57.816 54.813 55.811 55.809 50.807 45.805 42.804 0.000 0.000 0.000 0.000
0.000 0.000 0.000 0.000 0.000 0.000 0.000 0.000 24.442 41.904 43.378 32.907 9.512 1.938 2.979 0.793 2.657 7.748 6.272 15.939 12.967 12.480 12.584 12.797 13.009 14.229 14.457 0.000 0.000 0.000 0.000 0.000 0.000 0.000 0.000 5.113 51.113 61.113 66.113 5.113 0.000 0.000 0.000 0.000 0.000 6.101 49.100 41.100 46.100 13.100 0.000 0.000 27.835 55.834 40.834 34.833 41.832 53.830 41.828 40.826 49.823 58.820 45.817 41.814 44.812 50.809 56.807 58.805 56.802 42.798 33.795 16.792 25.790
0.000 0.000 0.000 0.000 0.000 0.000 0.000 20.530 29.980 45.422 42.860 43.298 35.737 12.183 1.104 4.623 14.127 6.364 2.177 2.951 6.045 10.690 11.633 12.209 12.567 17.898 0.000 0.000 0.000 0.000 0.000 0.000 5.116 3.116 0.000 0.000 18.114 64.114 17.114 0.000 0.000 0.000 0.000 0.000 0.000 45.102 55.101 31.101 47.100 67.100 7.100 0.000 33.837 57.836 36.835 30.834 33.833 46.831 35.829 35.827 37.824 39.821 36.818 37.815 31.813 35.810 41.807 42.804 40.801 49.798 51.795 54.792 62.789
0.000 0.000 0.000 0.000 0.000 0.000 25.620 24.080 47.524 43.947 43.340 42.689 42.953 38.017 20.517 12.244 7.902 0.000 0.027 4.289 2.161 3.255 11.050 11.839 17.151 0.000 0.000 0.000 0.000 0.000 0.000 0.107 42.116 1.116 0.000 0.000 25.115 65.115 4.114 0.000 0.000 0.000 0.000 0.000 40.107 84.105 17.102 20.101 42.101 69.100 9.100 0.000 30.838 55.838 35.837 28.836 31.835 33.833 29.831 28.828 35.826 51.823 34.820 30.816 44.813 40.810 37.807 44.804 44.801 47.798 56.794 60.791 47.789
0.000 0.000 0.000 0.000 0.000 29.636 18.160 46.645 45.092 44.500 43.864 43.166 42.371 42.416 39.226 24.938 4.273 0.224 0.039 45.982 4.435 0.063 0.081 13.945 10.048 0.000 0.000 0.000 0.000 0.000 0.000 0.110 38.116 33.116 42.116 54.116 58.116 48.116 0.000 0.000 3.114 39.113 54.113 59.111 83.109 39.108 0.000 0.000 44.100 32.100 0.000 0.000 33.841 60.840 47.839 31.838 79.837 107.835 56.833 32.830 48.827 95.824 47.821 24.818 89.814 62.811 37.807 44.804 46.801 36.797 45.794 58.791 41.788
0.000 0.000 0.000 0.000 0.000 19.111 40.740 47.248 45.697 45.098 44.450 43.740 42.948 42.047 42.043 40.966 30.160 4.819 50.592 47.662 0.285 0.119 0.042 0.046 0.000 0.000 0.000 0.000 0.000 0.000 3.116 37.116 33.116 38.117 52.117 62.117 46.117 33.117 0.000 0.000 1.115 48.114 47.113 43.112 82.111 42.110 0.000 0.000 23.100 15.100 0.000 26.845 54.844 56.843 50.842 38.841 37.839 70.837 111.835 49.832 42.829 99.826 50.823 24.819 96.815 66.812 29.808 31.804 37.801 28.797 42.794 41.790 29.787
0.000 0.000 0.000 0.000 23.594 33.958 49.441 46.912 46.349 45.746 45.098 44.397 43.630 42.800 41.849 41.115 39.979 52.334 52.005 0.849 0.395 9.507 0.000 0.000 0.000 0.000 0.000 0.000 0.000 53.115 56.115 38.116 37.117 52.117 62.118 48.118 31.118 33.117 33.117 31.117 29.117 41.115 44.114 54.113 94.112 28.111 0.000 0.000 60.101 10.101 0.000 23.847 53.847 53.846 40.845 32.844 28.842 38.840 35.838 75.835 106.832 123.828 104.824 93.820 119.816 113.812 104.808 50.805 30.801 47.797 42.793 31.790 26.786
0.000 0.000 0.000 24.754 34.231 51.685 48.153 47.609 47.041 46.440 45.801 45.116 44.395 43.563 43.025 40.668 52.365 52.364 36.550 18.879 6.049 0.000 0.000 0.000 0.000 0.000 0.000 0.000 39.113 6.114 0.000 17.116 55.117 59.118 51.118 36.119 2.120 0.000 0.113 35.119 31.118 41.117 40.115 63.114 60.113 0.000 0.000 2.101 63.101 9.101 0.000 21.849 51.849 63.849 42.849 48.848 71.846 48.844 30.841 54.838 77.835 111.831 77.826 57.822 105.818 95.813 70.809 39.805 25.801 96.797 64.793 36.789 26.786
0.000 0.000 0.000 30.276 49.891 49.399 48.875 48.332 47.765 47.171 47.544 46.895 45.146 44.731 42.166 52.414 52.371 40.107 41.733 39.374 23.344 4.342 0.000 0.000 0.000 0.000 0.000 41.113 10.113 0.000 0.000 0.000 23.117 55.118 33.119 31.121 37.123 0.121 0.000 36.121 34.120 40.118 41.116 63.115 59.113 0.000 0.000 23.102 70.101 6.101 0.000 23.852 54.852 57.853 38.853 38.852 84.851 119.848 68.846 36.842 52.838 99.833 59.829 26.824 92.819 79.814 37.810 29.805 22.801 103.797 67.793 39.789 40.785
0.000 0.000 30.851 48.183 51.659 50.144 49.618 49.077 48.517 48.932 47.333 46.643 46.313 43.752 52.813 52.547 41.591 42.441 41.455 31.823 12.580 0.000 0.000 0.000 0.000 0.000 0.000 37.113 11.113 0.000 0.000 0.000 0.000 0.000 0.000 36.124 33.127 32.129 34.128 36.124 32.122 40.120 42.118 54.115 50.112 12.108 31.105 64.103 15.102 0.000 0.000 23.855 50.855 56.856 42.857 27.857 29.856 54.854 41.850 23.846 41.842 96.837 52.831 18.826 89.820 74.815 32.810 28.806 24.801 102.797 67.792 39.788 30.784
0.000 30.098 43.519 52.947 51.417 50.899 50.377 49.843 50.290 49.729 48.081 47.802 45.247 53.715 53.212 43.226 44.234 42.119 29.328 0.000 0.000 0.000 0.000 0.000 0.000 0.000 0.000 0.000 11.112 0.000 0.000 0.000 0.000 0.000 0.000 0.000 40.132 50.132 61.130 49.127 38.124 42.122 39.120 44.117 37.112 56.108 74.104 62.102 8.101 0.000 0.000 22.856 48.858 53.861 59.863 57.864 45.863 35.860 48.856 80.851 99.846 120.840 100.834 83.828 117.822 110.816 92.811 52.806 25.801 100.797 72.792 44.787 31.783
27.148 38.677 53.180 52.669 52.164 51.659 51.148 51.623 51.095 49.480 49.240 46.700 54.907 54.288 44.771 45.932 46.881 25.124 0.000 0.000 0.000 0.000 0.000 0.000 0.000 0.000 0.000 0.000 0.000 0.000 0.000 0.000 0.000 0.000 0.000 0.000 38.137 42.136 60.134 19.131 0.000 49.125 40.123 43.119 39.112 27.106 46.103 61.101 48.100 7.099 0.000 0.000 13.861 56.864 58.871 51.872 39.871 48.868 99.863 90.857 71.851 72.844 73.837 73.830 73.823 74.817 76.812 47.806 27.801 99.796 75.792 38.787 32.783
30.618 54.284 53.853 53.387 52.909 52.424 51.928 51.431 50.850 50.643 48.123 56.215 55.553 46.212 47.445 46.452 41.963 1.455 0.000 0.000 0.000 0.000 0.000 0.000 0.000 0.000 0.000 0.000 0.000 0.000 0.000 0.000 0.000 0.000 0.000 0.000 39.143 50.142 34.140 0.000 3.134 46.130 43.127 10.125 0.111 31.102 45.100 60.099 57.098 26.098 0.000 0.000 0.000 0.000 25.885 40.884 24.881 85.877 86.871 35.864 41.857 83.848 54.839 26.831 72.824 62.817 42.812 40.807 31.801 99.796 70.791 27.786 28.782
48.421 55.990 54.560 54.117 53.663 54.197 52.734 52.188 52.020 49.525 57.562 56.885 46.561 48.827 47.837 48.231 17.588 0.000 0.000 0.000 0.000 0.000 0.000 0.000 0.000 0.000 0.000 0.000 0.000 0.000 0.000 0.000 0.000 0.000 0.000 6.155 59.151 57.148 61.145 58.143 54.138 54.134 48.130 7.128 0.111 31.099 44.097 62.096 69.096 32.097 0.000 0.000 0.000 0.000 19.900 32.897 52.892 99.887 62.880 22.873 90.864 91.852 40.841 27.832 48.824 104.817 63.812 31.807 31.802 94.797 112.791 99.785 104.778
58.103 55.693 55.280 54.858 54.424 55.992 53.483 53.361 50.904 58.925 58.240 41.844 46.068 50.140 46.622 23.917 0.000 0.000 0.000 0.000 0.000 0.000 0.000 0.000 0.000 0.000 0.000 0.000 0.000 0.000 0.000 0.000 0.000 0.000 0.000 58.160 57.157 58.153 60.149 59.145 57.141 58.137 51.133 6.130 0.000 32.098 44.094 67.091 40.093 0.000 0.000 0.000 0.000 17.928 47.918 26.911 91.905 85.898 29.891 85.883 98.873 47.856 35.842 38.830 33.823 64.817 103.811 60.807 23.802 94.797 97.792 71.784 13.775
48.769 55.399 56.011 55.607 55.205 54.726 54.647 52.228 60.253 59.613 25.055 30.247 33.148 51.827 35.459 0.000 0.000 0.000 0.000 0.000 0.000 0.000 0.000 47.764 36.763 0.000 0.000 0.000 0.000 0.000 0.000 0.000 0.000 0.000 0.000 35.168 29.164 32.159 36.154 31.149 30.144 29.140 31.135 35.130 29.120 22.102 37.088 16.081 0.000 0.000 0.000 0.000 0.000 19.938 42.932 33.926 34.919 34.911 26.902 47.895 48.889 0.000 0.000 9.825 39.820 32.815 54.811 47.807 29.803 62.798 10.795 0.000 8.768
27.473 43.125 55.753 58.379 55.922 55.873 53.460 61.353 60.845 34.156 0.000 43.574 0.000 55.436 23.949 0.000 0.000 0.000 0.000 0.000 0.000 0.000 0.000 54.764 48.763 0.000 0.000 0.000 0.000 0.000 0.000 0.000 0.000 21.220 0.000 36.179 32.173 32.165 32.158 32.152 32.147 32.142 32.138 34.133 12.129 0.000 7.076 38.064 8.054 0.000 0.000 0.000 20.961 51.954 39.948 38.941 30.933 31.923 31.913 29.905 43.900 3.901 0.000 0.000 10.816 35.813 30.810 43.807 42.805 0.000 0.000 0.000 8.765
19.222 26.871 49.519 54.098 57.061 54.606 62.112 61.774 41.023 16.832 0.000 60.214 58.118 44.542 0.000 0.000 0.000 0.000 0.000 0.000 0.000 0.000 57.771 63.766 34.762 0.000 0.000 0.000 0.000 0.000 0.000 0.000 0.000 38.220 36.212 33.196 32.184 29.170 33.161 33.155 33.150 33.145 33.140 36.137 9.134 0.000 0.000 36.047 36.043 6.037 0.000 0.000 5.968 38.968 31.965 30.959 29.949 29.936 29.924 29.911 30.904 39.903 0.000 0.000 0.000 3.811 36.808 39.807 37.806 0.000 0.000 0.000 32.762
22.992 33.630 38.258 36.162 47.723 62.502 62.355 45.992 24.759 18.264 0.000 39.926 52.600 26.071 0.000 0.000 0.000 0.000 45.822 51.818 43.810 41.793 50.777 43.766 33.756 0.000 0.000 0.000 0.000 0.000 0.000 0.000 0.000 36.228 33.221 32.209 6.196 0.000 38.162 32.158 32.152 32.147 32.142 33.139 7.136 0.000 0.000 37.034 36.033 7.032 0.000 0.000 35.976 31.985 31.984 31.980 30.969 30.947 34.935 0.000 1.904 4.903 0.000 0.000 0.000 0.000 36.807 31.806 31.806 32.805 0.000 4.761 34.761
34.723 48.368 24.089 22.966 62.559 62.558 48.970 35.701 32.042 36.884 0.000 6.967 42.283 0.000 0.000 0.000 0.000 41.830 45.826 47.822 45.818 0.000 0.000 0.000 45.741 29.725 0.000 0.000 0.000 0.000 0.000 0.000 4.256 46.244 43.233 18.224 0.000 0.000 51.168 37.162 33.155 32.148 36.143 13.141 0.000 12.012 50.014 31.021 35.024 7.026 0.000 0.000 0.000 37.010 32.009 36.006 3.002 0.000 0.000 0.000 0.000 0.000 0.000 0.000 0.000 0.000 36.806 31.805 31.805 36.805 0.000 0.000 8.760
55.420 44.009 24.077 19.581 62.516 23.998 29.727 31.960 35.641 54.230 63.690 51.692 0.000 0.000 0.000 0.000 39.839 33.834 39.830 54.826 53.823 0.000 0.000 0.000 0.000 46.710 0.000 0.000 0.000 32.317 0.000 0.000 48.268 47.258 53.245 46.228 11.212 65.196 62.179 60.168 58.157 50.147 31.140 18.140 0.000 26.010 79.010 33.013 34.016 8.021 0.000 0.000 0.000 42.036 28.035 33.033 4.031 0.000 0.000 0.000 0.000 0.000 0.000 0.000 0.000 32.805 34.805 36.805 30.805 35.805 0.000 0.000 5.760
63.997 51.098 33.403 62.080 20.006 21.798 20.971 20.617 30.188 57.728 53.145 24.419 0.000 0.000 38.850 4.848 46.843 38.839 49.834 44.829 23.826 0.000 0.000 0.000 0.000 50.695 26.690 0.000 0.000 28.317 36.317 40.309 42.290 44.276 34.260 31.233 39.211 39.197 59.184 42.172 36.160 34.144 14.131 0.000 2.018 21.007 89.002 45.005 11.008 0.000 0.000 0.000 0.027 55.064 28.062 35.060 7.059 0.000 0.000 0.000 0.000 0.000 0.000 0.000 11.804 34.804 49.804 47.805 40.805 0.000 0.000 0.000 6.759
62.045 60.290 61.618 38.922 26.832 22.980 22.621 21.200 27.792 43.345 38.745 0.000 0.000 0.000 41.852 62.851 57.847 58.843 40.838 0.000 0.000 0.000 0.000 0.000 41.681 32.685 24.685 0.000 0.000 0.000 40.326 44.319 44.307 44.296 28.287 0.000 35.204 36.196 60.188 46.178 40.165 26.139 33.108 48.068 68.029 57.001 80.984 45.997 10.003 0.000 0.000 0.000 0.000 53.094 29.090 30.087 35.085 0.000 0.000 0.000 0.000 0.000 0.000 0.000 0.000 4.804 53.804 50.804 3.804 0.000 0.000 0.000 2.759
60.116 61.550 60.766 59.785 41.935 21.588 22.178 22.796 21.429 24.116 0.000 0.000 0.000 0.000 57.857 47.855 45.853 41.848 0.000 0.000 0.000 0.000 0.000 42.676 33.676 29.678 12.682 0.000 0.000 0.000 40.342 48.335 57.324 56.313 58.306 46.308 0.000 4.196 63.195 47.189 21.181 0.000 36.093 46.068 73.030 34.981 18.938 0.000 0.000 0.000 0.000 0.000 6.146 44.128 31.118 32.111 35.110 8.119 0.000 0.000 0.000 0.000 0.000 0.000 0.000 0.000 10.804 11.804 0.000 0.000 0.000 0.000 3.758
61.553 60.534 62.651 62.819 46.495 23.099 25.732 25.374 23.014 23.574 0.000 37.866 0.000 3.864 51.862 51.861 58.861 0.000 0.000 16.759 4.759 0.000 0.000 37.675 31.672 25.669 0.000 0.000 0.000 0.000 38.365 39.354 41.340 40.326 38.316 30.310 0.000 0.000 65.208 51.200 36.191 0.000 35.104 46.082 70.041 25.957 21.848 4.773 0.000 0.000 0.000 0.000 6.164 51.153 30.141 32.131 32.126 33.128 37.133 9.134 0.000 0.000 0.000 0.000 0.000 0.000 0.000 0.000 0.000 0.000 0.000 0.000 0.000
61.234 63.437 62.632 63.336 36.959 27.610 47.273 40.955 22.679 0.452 0.000 34.866 49.866 54.866 40.866 61.868 53.868 0.000 0.000 30.759 61.759 13.754 0.000 38.677 32.667 29.657 0.000 0.000 46.467 42.441 38.401 40.375 45.355 45.337 43.321 54.305 46.283 6.258 65.229 57.210 57.193 49.170 30.137 48.114 56.095 0.000 24.725 7.698 0.000 0.000 0.000 0.000 16.193 55.180 27.165 29.143 30.135 31.135 36.136 8.136 0.000 0.000 0.000 0.000 0.000 0.000 0.000 0.000 0.000 0.000 0.000 0.000 0.000
