results3/res_3e8f-0154.wd
ncols         241
nrows         181
xllcorner     12693529.787448
yllcorner     3542525.717860
cellsize      155.156523
NODATA_value  -9999.000000
[rows 0 to 32 of 181, columns 146 to 218 of 241]
0.000 0.000 0.000 0.000 0.000 0.000 0.000 0.000 0.000 0.000 0.000 0.000 0.000 0.000 5.456 16.316 17.088 16.807 16.496 16.173 15.856 15.559 15.294 15.068 14.884 14.740 14.634 14.560 14.514 14.488 14.477 19.473 0.000 0.000 0.000 0.000 0.000 0.000 0.000 0.000 0.000 0.000 0.000 0.000 0.000 0.000 0.000 0.000 0.000 17.561 24.561 0.000 0.000 43.374 48.374 0.000 0.000 0.000 0.000 0.000 0.000 0.000 0.000 0.000 0.000 0.000 0.000 0.000 0.000 0.000 0.000 0.000 0.000
0.000 0.000 0.000 0.000 0.000 0.000 0.000 0.000 0.000 0.000 0.000 0.000 0.000 1.012 16.596 17.403 17.141 16.837 16.508 16.168 15.836 15.527 17.255 16.026 14.843 14.703 14.602 14.534 14.493 14.474 14.470 19.469 0.000 0.000 0.000 0.000 0.000 0.000 0.000 0.000 0.000 0.000 0.000 0.000 0.000 0.000 0.000 0.000 14.562 36.561 12.561 0.000 22.374 55.374 49.374 0.000 0.000 0.000 0.000 0.000 0.000 0.000 0.000 0.000 0.000 0.000 0.000 0.000 34.354 0.000 0.000 0.000 0.000
0.000 0.000 0.000 0.000 0.000 0.000 0.000 0.000 0.000 0.000 0.000 0.000 0.000 20.230 18.883 17.562 17.235 16.892 16.529 16.156 15.792 17.459 17.172 14.939 14.759 14.627 14.536 14.479 14.450 14.444 16.459 10.464 0.000 0.000 0.000 0.000 0.000 0.000 0.000 0.000 0.000 0.000 0.000 0.000 0.000 0.000 0.000 0.000 26.562 0.000 0.000 17.375 48.375 10.374 0.000 0.000 0.000 0.000 0.000 0.000 0.000 0.000 0.000 0.000 3.360 0.000 0.000 0.000 37.354 9.354 0.000 0.000 0.000
0.000 0.000 0.000 0.000 0.000 0.000 0.000 0.000 0.000 0.000 0.000 0.000 2.885 19.623 18.143 17.725 17.346 16.968 16.562 16.134 16.717 16.344 15.037 14.799 14.626 14.509 14.436 14.398 14.386 20.392 0.000 0.000 0.000 0.000 0.000 0.000 0.000 0.000 0.000 0.000 0.000 0.000 0.000 11.563 0.000 0.000 0.000 10.563 70.563 0.562 0.000 23.375 50.375 0.000 0.000 0.000 0.000 0.000 0.000 0.000 0.000 0.000 9.360 15.360 34.360 0.000 0.000 27.355 36.355 37.354 9.354 0.000 0.000
0.000 0.000 0.000 0.000 0.000 0.000 0.000 0.000 0.000 0.000 0.000 8.115 1.313 2.807 18.342 17.849 17.457 17.072 16.615 16.103 16.598 16.164 14.831 14.594 14.439 14.347 14.302 14.290 15.302 16.347 0.000 0.000 0.000 0.000 0.000 0.000 0.000 0.000 0.000 0.000 0.000 0.000 12.563 35.563 30.564 0.000 0.000 26.563 54.563 0.000 0.000 0.000 50.376 5.377 0.000 0.000 0.000 0.000 0.000 0.000 0.000 0.000 49.360 53.360 55.360 0.000 0.000 40.355 35.355 35.355 45.354 0.000 0.000
0.000 0.000 0.000 0.000 0.000 0.000 0.000 0.000 0.000 0.000 10.812 3.427 1.808 1.252 1.343 15.872 17.561 17.247 16.723 18.064 17.406 14.885 14.528 14.308 14.188 14.138 14.134 14.157 20.187 0.000 0.000 0.000 0.000 0.000 0.000 0.000 0.000 0.000 0.000 0.000 0.000 0.000 0.000 15.564 36.564 28.564 26.564 8.564 39.564 12.564 0.000 0.000 35.377 48.377 39.378 37.378 46.378 0.000 0.000 0.000 0.000 0.000 49.361 51.361 56.360 35.358 24.357 41.356 44.355 0.000 0.000 0.000 9.339
0.000 0.000 0.000 0.000 0.000 0.000 0.000 0.000 0.000 0.000 7.198 3.915 3.555 3.065 0.407 0.595 10.669 18.634 17.965 18.023 15.079 14.441 14.088 13.922 13.868 13.883 13.939 14.017 9.102 0.000 0.000 0.000 0.000 0.000 32.577 65.577 0.000 0.000 5.578 46.578 0.000 0.000 0.000 12.564 36.564 49.564 84.564 46.564 47.564 18.564 0.000 0.000 32.377 51.378 36.378 32.378 49.378 0.000 0.000 0.000 0.000 0.000 36.362 42.361 38.360 38.359 42.357 45.356 53.355 0.000 0.000 0.000 32.339
0.000 0.000 0.000 0.000 0.000 0.000 0.000 0.000 0.000 30.401 30.866 7.459 3.081 3.328 2.995 0.763 0.353 5.654 18.480 15.985 14.445 13.714 13.460 13.423 13.480 13.587 14.722 11.869 0.000 0.000 0.000 0.000 0.000 0.000 7.577 53.578 60.578 42.578 34.578 6.578 0.000 0.000 0.000 0.000 0.000 10.565 77.565 56.565 3.565 0.000 0.000 0.000 0.000 44.379 59.379 57.378 59.378 51.376 43.375 46.373 45.370 54.368 58.364 55.362 56.361 56.359 51.357 46.356 43.355 0.000 0.000 0.000 0.000
0.000 0.000 0.000 0.000 0.000 0.000 0.000 0.000 24.477 41.936 43.406 32.932 9.534 1.958 2.994 0.801 2.680 7.804 6.316 15.992 13.002 12.510 12.614 12.829 13.042 14.263 14.492 0.000 0.000 0.000 0.000 0.000 0.000 0.000 0.000 5.578 51.578 61.578 66.578 5.578 0.000 0.000 0.000 0.000 0.000 6.566 49.566 41.565 46.565 13.565 0.000 0.000 28.381 56.380 41.380 35.379 42.378 54.377 42.375 41.373 50.371 59.368 46.366 42.363 45.361 51.359 57.357 59.355 57.353 43.350 34.347 17.345 26.342
0.000 0.000 0.000 0.000 0.000 0.000 0.000 20.572 30.018 45.458 42.892 43.328 35.764 12.207 1.120 4.645 14.154 6.380 2.188 2.966 6.061 10.711 11.658 12.237 12.597 17.930 0.000 0.000 0.000 0.000 0.000 0.000 5.580 3.580 0.000 0.000 18.578 64.578 17.578 0.000 0.000 0.000 0.000 0.000 0.000 45.567 55.567 31.566 47.566 67.565 7.565 0.000 34.382 58.382 37.381 31.380 34.379 47.378 36.376 36.374 38.372 40.369 37.367 38.364 32.362 36.359 42.357 43.355 41.352 50.349 52.347 55.344 63.342
0.000 0.000 0.000 0.000 0.000 0.000 25.668 24.125 47.567 43.986 43.377 42.724 42.986 38.048 20.549 12.274 7.936 0.000 0.031 4.302 2.161 3.271 11.070 11.864 17.179 0.000 0.000 0.000 0.000 0.000 0.000 0.580 42.580 1.580 0.000 0.000 25.579 65.579 4.579 0.000 0.000 0.000 0.000 0.000 40.571 84.570 17.567 20.566 42.566 69.565 9.565 0.000 31.384 56.383 36.383 29.382 32.381 34.379 30.377 29.375 36.373 52.370 35.368 31.365 45.362 41.360 38.357 45.355 45.352 48.349 57.346 61.344 48.342
0.000 0.000 0.000 0.000 0.000 29.688 18.211 46.693 45.137 44.544 43.905 43.205 42.408 42.451 39.260 24.969 4.299 0.245 0.044 46.025 4.451 0.066 0.085 13.971 10.075 0.000 0.000 0.000 0.000 0.000 0.000 0.580 38.580 33.580 42.581 54.581 58.580 48.580 0.000 0.000 3.578 39.577 54.576 59.575 83.573 39.572 0.000 0.000 44.566 32.565 0.000 0.000 34.386 61.385 48.385 32.384 80.382 108.381 57.379 33.377 49.374 96.372 48.369 25.366 90.363 63.360 38.358 45.355 47.352 37.349 46.346 59.343 42.341
0.000 0.000 0.000 0.000 0.000 19.166 40.793 47.300 45.746 45.145 44.495 43.783 42.989 42.087 42.081 41.001 30.193 4.843 50.634 47.701 0.299 0.124 0.043 0.048 0.000 0.000 0.000 0.000 0.000 0.000 3.580 37.580 33.580 38.581 52.581 62.581 46.581 33.581 0.000 0.000 1.578 48.578 47.577 43.576 82.575 42.574 0.000 0.000 23.566 15.566 0.000 27.390 55.388 57.388 51.387 39.386 38.385 71.383 112.381 50.379 43.376 100.373 51.370 25.367 97.364 67.361 30.358 32.355 38.352 29.349 43.346 42.343 30.340
0.000 0.000 0.000 0.000 23.656 34.016 49.497 46.966 46.402 45.797 45.147 44.444 43.675 42.843 41.891 41.157 40.020 52.374 52.046 0.875 0.413 9.525 0.000 0.000 0.000 0.000 0.000 0.000 0.000 53.579 56.580 38.580 37.581 52.581 62.582 48.582 31.582 33.581 33.581 31.581 29.580 41.579 44.578 54.577 94.576 28.575 0.000 0.000 60.566 10.566 0.000 24.391 54.391 54.390 41.389 33.388 29.387 39.385 36.383 76.381 107.378 124.375 105.372 94.368 120.365 114.362 105.358 51.355 31.352 48.349 43.346 32.342 27.340
0.000 0.000 0.000 24.820 34.295 51.747 48.212 47.667 47.097 46.494 45.853 45.167 44.444 43.610 43.071 40.713 52.406 52.405 36.593 18.918 6.086 0.000 0.000 0.000 0.000 0.000 0.000 0.000 39.578 6.578 0.000 17.581 55.581 59.582 51.582 36.583 2.584 0.000 0.581 35.582 31.581 41.580 40.579 63.577 60.577 0.000 0.000 2.566 63.566 9.566 0.000 22.393 52.393 64.393 43.392 49.392 72.390 49.389 31.386 55.384 78.380 112.377 78.374 58.370 106.366 96.363 71.359 40.355 26.352 97.349 65.345 37.342 27.339
0.000 0.000 0.000 30.344 49.958 49.464 48.938 48.393 47.824 47.229 47.600 46.949 45.198 44.782 42.215 52.457 52.413 40.154 41.778 39.416 23.384 4.382 0.000 0.000 0.000 0.000 0.000 41.577 10.577 0.000 0.000 0.000 23.582 55.582 33.583 31.585 37.586 0.588 0.000 36.584 34.583 40.581 41.580 63.578 59.577 0.000 0.000 23.567 70.566 6.566 0.000 24.395 55.395 58.396 39.396 39.395 85.394 120.392 69.390 37.387 53.383 100.379 60.375 27.371 93.367 80.363 38.360 30.356 23.352 104.348 68.345 40.342 41.338
0.000 0.000 30.925 48.255 51.729 50.212 49.685 49.142 48.580 48.993 47.393 46.701 46.369 43.806 52.863 52.593 41.641 42.490 41.502 31.867 12.622 0.000 0.000 0.000 0.000 0.000 0.000 37.577 11.577 0.000 0.000 0.000 0.000 0.000 0.000 36.587 33.589 32.591 34.590 36.587 32.585 40.583 42.581 54.578 50.576 12.572 31.569 64.567 15.566 0.000 0.000 24.397 51.398 57.399 43.400 28.400 30.399 55.397 42.394 24.390 42.386 97.382 53.378 19.373 90.369 75.364 33.360 29.356 25.352 103.348 68.345 40.341 31.338
0.000 30.177 43.596 53.022 51.490 50.970 50.446 49.911 50.356 49.794 48.144 47.863 45.307 53.772 53.266 43.281 44.287 42.172 29.378 0.000 0.000 0.000 0.000 0.000 0.000 0.000 0.000 0.000 11.577 0.000 0.000 0.000 0.000 0.000 0.000 0.000 40.594 50.594 61.592 49.590 38.586 42.584 39.582 44.579 37.576 56.572 74.569 62.567 8.566 0.000 0.000 23.399 49.401 54.402 60.405 58.405 46.404 36.402 49.399 81.395 100.390 121.385 101.380 84.375 118.370 111.365 93.361 53.356 26.352 101.348 73.344 45.341 32.337
27.230 38.758 53.259 52.747 52.239 51.733 51.220 51.694 51.164 49.548 49.306 46.765 54.970 54.348 44.830 45.989 46.937 25.182 0.000 0.000 0.000 0.000 0.000 0.000 0.000 0.000 0.000 0.000 0.000 0.000 0.000 0.000 0.000 0.000 0.000 0.000 38.599 42.598 60.596 19.593 0.000 49.587 40.584 43.581 39.576 27.571 46.567 61.565 48.564 7.563 0.000 0.000 14.403 57.406 59.411 52.412 40.411 49.408 100.405 91.400 72.394 73.388 74.382 74.376 74.371 75.366 77.361 48.357 28.352 100.348 76.344 39.340 33.336
30.702 54.367 53.934 53.467 52.988 52.501 52.004 51.506 50.923 50.715 48.193 56.284 55.619 46.276 47.506 46.511 42.018 1.504 0.000 0.000 0.000 0.000 0.000 0.000 0.000 0.000 0.000 0.000 0.000 0.000 0.000 0.000 0.000 0.000 0.000 0.000 39.604 50.603 34.602 0.000 3.595 46.591 43.588 10.585 0.576 31.567 45.565 60.563 57.563 26.562 0.000 0.000 0.000 0.000 26.423 41.422 25.420 86.416 87.411 36.406 42.399 84.392 55.384 27.377 73.371 63.366 43.361 41.357 32.353 100.348 71.344 28.340 29.336
48.508 56.075 54.644 54.199 53.744 54.277 52.812 52.265 52.096 49.599 57.636 56.956 46.630 48.893 47.900 48.292 17.646 0.000 0.000 0.000 0.000 0.000 0.000 0.000 0.000 0.000 0.000 0.000 0.000 0.000 0.000 0.000 0.000 0.000 0.000 6.616 59.611 57.608 61.606 58.603 54.598 54.594 48.591 7.588 0.576 31.565 44.562 62.560 69.561 32.561 0.000 0.000 0.000 0.000 20.436 33.433 53.429 100.425 63.419 23.413 91.405 92.395 41.386 28.378 49.371 105.366 64.361 32.357 32.353 95.348 113.344 100.338 105.333
58.192 55.781 55.367 54.943 54.508 56.075 53.565 53.442 50.983 59.004 58.317 41.917 46.138 50.208 46.688 23.981 0.000 0.000 0.000 0.000 0.000 0.000 0.000 0.000 0.000 0.000 0.000 0.000 0.000 0.000 0.000 0.000 0.000 0.000 0.000 58.620 57.617 58.614 60.610 59.606 57.602 58.597 51.594 6.591 0.000 32.563 44.558 67.556 40.558 0.000 0.000 0.000 0.000 18.459 48.451 27.445 92.440 86.434 30.428 86.421 99.413 48.398 36.387 39.377 34.370 65.365 104.361 61.357 24.353 95.349 98.344 72.338 14.330
48.861 55.490 56.100 55.695 55.292 54.812 54.732 52.312 60.336 59.694 25.132 30.322 33.220 51.898 35.528 0.000 0.000 0.000 0.000 0.000 0.000 0.000 0.000 48.200 37.200 0.000 0.000 0.000 0.000 0.000 0.000 0.000 0.000 0.000 0.000 35.627 29.624 32.619 36.614 31.609 30.604 29.600 31.596 35.591 29.582 22.566 37.553 16.546 0.000 0.000 0.000 0.000 0.000 20.468 43.463 34.458 35.452 35.445 27.438 48.431 49.427 0.000 0.000 10.372 40.368 33.364 55.360 48.357 30.354 63.350 11.347 0.000 9.325
27.566 43.218 55.845 58.469 56.012 55.962 53.548 61.441 60.931 34.243 0.000 43.650 0.000 55.508 24.019 0.000 0.000 0.000 0.000 0.000 0.000 0.000 0.000 55.200 49.199 0.000 0.000 0.000 0.000 0.000 0.000 0.000 0.000 21.677 0.000 36.638 32.632 32.625 32.618 32.612 32.607 32.603 32.598 34.594 12.590 0.000 7.541 38.529 8.518 0.000 0.000 0.000 21.487 52.481 40.476 39.471 31.464 32.455 32.447 30.440 44.436 4.437 0.000 0.000 11.365 36.362 31.359 44.357 43.356 0.000 0.000 0.000 9.322
19.318 26.966 49.613 54.192 57.154 54.697 62.203 61.864 41.114 16.922 0.000 60.293 58.196 44.618 0.000 0.000 0.000 0.000 0.000 0.000 0.000 0.000 58.207 64.202 35.198 0.000 0.000 0.000 0.000 0.000 0.000 0.000 0.000 38.677 36.669 33.654 32.642 29.629 33.621 33.615 33.610 33.605 33.601 36.597 9.595 0.000 0.000 36.511 36.507 6.502 0.000 0.000 6.494 39.493 32.491 31.485 30.477 30.466 30.456 30.445 31.439 40.438 0.000 0.000 0.000 4.360 37.358 40.357 38.356 0.000 0.000 0.000 33.320
23.091 33.727 38.355 36.258 47.818 62.597 62.448 46.086 24.852 18.356 0.000 40.007 52.680 26.149 0.000 0.000 0.000 0.000 46.256 52.252 44.244 42.229 51.213 44.202 34.193 0.000 0.000 0.000 0.000 0.000 0.000 0.000 0.000 36.685 33.677 32.667 6.654 0.000 38.622 32.617 32.612 32.607 32.602 33.599 7.597 0.000 0.000 37.498 36.497 7.496 0.000 0.000 36.500 32.507 32.507 32.503 31.495 31.475 35.466 0.000 2.439 5.439 0.000 0.000 0.000 0.000 37.357 32.356 32.356 33.356 0.000 5.318 35.318
34.824 48.467 24.188 23.064 62.655 62.654 49.067 35.797 32.137 36.978 0.000 7.052 42.366 0.000 0.000 0.000 0.000 42.264 46.260 48.256 46.253 0.000 0.000 0.000 46.178 30.163 0.000 0.000 0.000 0.000 0.000 0.000 4.711 46.700 43.689 18.680 0.000 0.000 51.626 37.621 33.614 32.608 36.603 13.601 0.000 12.476 50.478 31.485 35.488 7.490 0.000 0.000 0.000 37.529 32.528 36.525 3.522 0.000 0.000 0.000 0.000 0.000 0.000 0.000 0.000 0.000 37.356 32.356 32.356 37.355 0.000 0.000 9.318
55.523 44.111 24.178 19.681 62.613 24.097 29.826 32.058 35.737 54.326 63.783 51.782 0.000 0.000 0.000 0.000 40.272 34.268 40.264 55.260 54.257 0.000 0.000 0.000 0.000 47.148 0.000 0.000 0.000 32.769 0.000 0.000 48.723 47.713 53.701 46.685 11.669 65.653 62.637 60.626 58.616 50.607 31.600 18.600 0.000 26.474 79.474 33.477 34.481 8.485 0.000 0.000 0.000 42.551 28.550 33.548 4.547 0.000 0.000 0.000 0.000 0.000 0.000 0.000 0.000 33.355 35.355 37.355 31.355 36.355 0.000 0.000 6.317
64.102 51.202 33.506 62.183 20.109 21.900 21.071 20.716 30.287 57.825 53.240 24.511 0.000 0.000 39.283 5.281 47.276 39.272 50.267 45.262 24.260 0.000 0.000 0.000 0.000 51.133 27.129 0.000 0.000 28.770 36.770 40.762 42.744 44.730 34.715 31.689 39.668 39.654 59.642 42.631 36.618 34.603 14.590 0.000 2.482 21.471 89.466 45.469 11.472 0.000 0.000 0.000 0.574 55.575 28.573 35.571 7.570 0.000 0.000 0.000 0.000 0.000 0.000 0.000 12.355 35.355 50.355 48.355 41.355 0.354 0.000 0.000 7.317
62.151 60.396 61.728 39.028 26.936 23.083 22.723 21.301 27.892 43.445 38.843 0.000 0.000 0.000 42.285 63.283 58.280 59.276 41.272 0.000 0.000 0.000 0.000 0.000 42.119 33.123 25.124 0.000 0.000 0.000 40.778 44.771 44.760 44.749 28.741 0.000 35.661 36.653 60.646 46.636 40.623 26.598 33.568 48.530 68.492 57.464 81.449 46.462 10.467 0.000 0.000 0.000 0.000 53.601 29.597 30.594 35.592 0.000 0.000 0.000 0.000 0.000 0.000 0.000 0.000 5.355 54.355 51.355 4.355 0.000 0.000 0.000 3.316
60.224 61.661 60.875 59.892 42.042 21.694 22.282 22.900 21.532 24.219 0.000 0.000 0.000 0.000 58.289 48.288 46.285 42.281 0.000 0.000 0.000 0.000 0.000 43.114 34.115 30.117 13.120 0.000 0.000 0.000 40.793 48.786 57.776 56.765 58.759 46.760 0.000 4.653 63.652 47.646 21.639 0.000 36.554 46.529 73.492 35.445 19.403 0.000 0.000 0.000 0.000 0.000 6.646 44.630 31.621 32.614 35.613 8.619 0.000 0.000 0.000 0.000 0.000 0.000 0.000 0.000 11.355 12.355 0.000 0.000 0.000 0.000 4.316
61.664 60.645 62.761 62.928 46.603 23.206 25.838 25.479 23.119 23.680 0.000 38.297 0.000 4.296 52.294 52.293 59.293 0.000 0.000 17.195 5.195 0.000 0.000 38.114 32.111 26.108 0.000 0.000 0.000 0.000 38.816 39.805 41.791 40.778 38.768 30.762 0.000 0.000 65.664 51.656 36.648 0.000 35.564 46.542 70.503 26.421 22.316 5.243 0.000 0.000 0.000 0.000 6.662 51.652 30.641 32.630 32.625 33.626 37.628 9.629 0.000 0.000 0.000 0.000 0.000 0.000 0.000 0.000 0.000 0.000 0.000 0.000 0.000
61.347 63.549 62.743 63.446 37.069 27.719 47.381 41.061 22.783 0.538 0.000 35.298 50.298 55.298 41.298 62.299 54.299 0.000 0.000 31.195 62.195 14.190 0.000 39.116 33.106 30.097 0.000 0.000 46.913 42.889 38.850 40.825 45.806 45.789 43.773 54.758 46.736 6.712 65.684 57.666 57.649 49.627 30.595 48.573 56.555 0.000 25.197 8.170 0.000 0.000 0.000 0.000 16.688 55.675 27.661 29.641 30.632 31.630 36.630 8.630 0.000 0.000 0.000 0.000 0.000 0.000 0.000 0.000 0.000 0.000 0.000 0.000 0.000
