results3/res_3e8f-0125.wd
ncols         241
nrows         181
xllcorner     12693529.787448
yllcorner     3542525.717860
cellsize      155.156523
NODATA_value  -9999.000000
[rows 66 to 98 of 181, columns 73 to 145 of 241]
69.971 33.960 0.000 59.117 76.096 75.066 75.038 0.000 46.448 46.431 59.443 55.452 54.432 54.387 53.319 129.222 117.054 0.000 0.000 0.000 49.819 44.759 49.668 52.609 52.561 54.518 55.477 60.431 61.389 62.344 53.285 0.000 0.000 50.600 100.600 82.512 86.369 86.451 84.500 92.423 84.902 85.378 86.114 84.884 84.659 85.451 55.294 0.000 0.000 0.000 0.000 0.000 0.000 0.000 36.820 34.800 34.764 34.715 34.654 34.590 38.522 51.449 48.376 33.302 44.226 53.152 32.079 35.008 40.938 45.869 41.800 35.733 33.667
54.973 60.949 0.000 47.332 71.297 70.269 64.272 17.355 0.000 0.000 52.520 65.597 54.596 53.566 54.523 35.482 0.000 0.000 0.000 0.000 0.000 0.000 60.601 58.577 56.548 39.513 42.472 49.427 50.393 55.360 46.323 0.000 0.000 0.000 60.839 78.746 85.679 85.768 92.856 92.647 84.978 85.663 85.371 85.158 84.944 79.754 37.619 0.000 1.809 34.809 0.000 0.000 0.000 42.873 37.858 34.833 34.796 34.748 34.691 34.629 34.563 34.493 41.421 55.348 56.275 39.202 33.131 34.061 34.992 38.923 37.856 33.789 33.724
56.981 55.914 60.780 58.582 72.490 65.442 66.425 63.438 0.000 0.000 0.000 67.819 62.792 57.757 59.724 6.701 0.000 0.000 0.000 0.000 0.000 0.000 59.560 55.551 46.540 0.000 0.000 47.411 59.396 58.382 0.000 0.000 6.541 63.422 55.170 58.992 66.068 81.126 93.051 84.724 86.276 85.837 85.644 85.424 83.207 66.000 44.809 50.809 48.809 29.809 0.000 0.000 0.000 0.932 51.908 33.879 34.838 38.789 46.733 36.672 34.607 33.538 37.467 52.396 59.324 51.252 37.182 32.113 34.044 33.977 33.911 33.845 32.780
57.021 54.947 58.844 69.726 63.640 56.582 75.548 64.535 16.551 0.000 10.212 60.068 75.995 70.947 70.914 73.896 0.000 0.000 0.000 0.000 5.507 5.512 57.526 48.526 51.521 0.000 0.000 0.000 95.396 122.389 37.389 0.000 62.660 57.558 57.398 57.305 53.387 93.409 93.235 85.774 89.376 86.120 85.908 85.690 77.460 30.230 0.000 52.809 30.809 0.000 0.000 0.000 40.070 39.034 37.978 33.935 37.889 49.838 54.781 52.720 45.654 35.585 44.515 52.444 31.372 37.301 50.232 47.163 43.096 51.030 31.965 33.900 31.835
55.078 61.007 70.924 62.837 54.761 54.701 67.650 75.602 71.567 74.494 76.356 71.246 66.172 68.122 57.090 56.074 0.000 0.000 0.000 6.498 62.501 61.504 49.508 51.506 52.498 56.480 55.469 0.000 6.404 0.393 0.000 9.040 68.880 61.753 56.593 57.684 55.729 93.567 55.397 62.984 77.576 85.394 86.177 83.968 42.714 0.000 0.000 0.000 0.000 0.000 0.000 41.130 35.107 35.077 35.037 35.994 45.946 54.893 53.835 53.771 49.704 45.635 55.564 38.492 33.420 34.350 34.281 44.213 57.147 44.083 32.019 32.956 38.891
61.144 72.079 62.008 54.936 55.869 55.808 57.748 41.657 67.621 65.560 57.472 54.389 53.325 69.280 71.251 58.236 0.000 0.000 0.000 62.495 58.495 55.495 48.495 52.492 52.485 52.473 52.459 11.438 14.413 15.387 17.338 85.200 82.070 70.942 69.898 58.896 93.848 93.714 57.452 64.099 58.872 65.673 84.442 59.289 0.000 0.000 0.000 0.000 0.000 0.000 0.000 41.153 35.150 35.131 35.099 36.057 45.009 54.953 53.892 52.827 49.758 54.686 48.613 32.540 34.467 34.397 34.328 44.261 52.197 31.135 34.074 37.012 55.946
72.217 62.157 55.094 56.030 55.970 56.916 37.877 0.000 24.702 52.651 55.582 55.513 55.459 53.421 77.396 61.384 0.000 0.000 0.000 39.492 56.489 50.487 51.485 52.482 52.476 52.467 52.456 63.441 3.422 7.412 24.425 77.353 87.251 9.140 91.063 81.255 93.965 56.029 69.671 66.312 56.181 52.982 49.627 34.458 0.000 0.000 36.700 0.000 0.000 0.000 0.000 37.181 35.208 35.198 35.170 35.128 36.078 42.020 49.955 49.886 49.813 53.738 31.663 34.587 34.513 33.442 39.373 56.307 39.245 33.186 36.130 17.072 17.994
62.294 55.238 56.180 56.120 56.063 59.011 14.967 12.932 5.832 50.762 55.693 57.622 55.578 54.548 72.529 68.520 0.000 0.000 0.000 0.000 47.481 50.480 52.478 52.474 52.470 52.464 54.457 40.449 0.000 0.000 74.600 77.534 88.443 94.315 88.418 86.455 94.065 77.080 79.782 64.622 57.526 50.451 0.000 0.000 0.000 0.000 34.700 0.000 0.000 0.000 0.000 0.000 38.303 35.286 35.253 35.208 35.154 35.092 35.023 41.949 49.871 37.792 34.712 34.634 34.557 37.484 50.415 50.350 32.289 34.235 37.187 4.154 0.000
55.377 56.323 56.266 56.209 56.152 56.097 60.047 60.997 60.932 56.872 56.806 36.704 53.684 54.664 70.651 69.647 0.000 0.000 0.000 0.000 46.475 52.473 52.471 52.468 52.465 52.462 40.460 0.000 0.000 2.978 79.841 85.743 88.642 88.589 87.666 94.199 86.566 89.282 83.969 68.910 58.849 57.845 57.982 0.000 0.000 0.000 31.701 38.701 31.701 0.000 0.000 0.000 53.416 34.388 35.348 35.298 35.239 36.171 35.096 35.016 34.932 34.846 34.761 34.678 33.598 39.523 54.452 31.387 34.328 34.276 36.232 11.202 0.000
56.463 56.410 56.354 56.297 56.238 56.180 56.126 56.076 56.029 55.987 59.955 0.000 46.788 55.775 71.764 66.769 2.814 0.000 0.000 0.000 51.470 54.468 54.464 54.462 52.460 55.459 0.000 0.000 0.000 72.115 78.041 88.955 88.836 88.944 86.991 94.407 87.702 92.344 88.235 89.168 77.118 65.098 54.118 49.118 51.118 0.000 0.000 37.702 32.701 38.696 39.682 37.645 43.556 53.504 35.454 36.398 45.333 52.258 34.175 35.086 34.993 34.900 34.807 33.719 38.635 57.557 51.485 40.420 33.361 34.308 36.262 51.220 69.175
56.553 56.500 56.444 56.385 56.323 56.259 56.202 59.153 57.122 56.093 60.071 0.000 46.906 55.883 72.862 64.853 4.858 0.000 0.000 0.000 24.467 34.464 33.457 33.454 54.454 39.457 0.000 0.000 0.000 74.325 84.258 89.169 89.127 88.230 95.044 94.744 88.768 89.611 88.468 88.411 89.356 80.312 45.275 0.000 0.000 0.000 0.000 35.704 35.705 32.706 34.705 35.698 34.660 41.617 55.566 38.506 36.435 46.354 34.261 35.161 35.056 34.952 34.851 34.755 42.666 55.584 42.511 54.446 32.387 33.335 38.287 59.242 71.196
56.645 56.592 56.537 56.477 56.410 59.332 61.268 33.211 54.212 57.191 59.165 19.141 50.046 54.990 66.949 64.922 5.907 0.000 0.000 0.000 0.000 0.000 0.126 0.168 35.444 0.000 0.000 0.000 22.772 72.603 89.495 89.376 89.492 87.577 95.316 87.357 93.063 88.757 88.711 88.643 88.583 78.517 39.396 0.000 0.000 0.000 0.000 0.000 38.711 39.717 26.734 34.781 35.771 35.736 39.687 55.625 38.550 35.460 35.355 35.239 35.119 35.001 32.889 38.784 57.689 38.604 37.530 51.465 35.408 33.357 40.310 66.266 71.223
56.740 56.687 56.634 56.578 58.508 34.390 36.329 0.000 16.324 52.295 56.257 60.212 56.146 59.083 64.021 68.978 7.942 0.000 0.000 0.000 0.000 0.000 25.350 32.353 0.000 0.000 0.000 6.062 81.942 83.820 89.714 89.670 88.789 95.807 95.570 88.420 89.135 89.006 88.936 88.872 87.817 67.777 0.000 0.000 0.000 0.000 0.000 0.000 0.000 30.717 0.000 41.921 38.905 34.871 34.822 36.758 53.679 42.581 34.461 35.321 35.180 34.045 38.920 40.805 39.701 36.614 34.540 34.477 34.423 35.374 48.330 70.290 71.251
56.834 56.783 56.734 56.690 61.656 0.000 0.000 22.558 14.466 48.408 57.357 55.304 57.244 69.175 41.074 35.026 0.003 0.000 0.000 0.000 0.000 23.336 29.341 31.342 0.000 0.000 0.000 69.182 74.112 88.024 89.907 90.037 88.132 96.025 87.922 89.597 89.290 89.231 89.156 89.091 81.036 57.998 0.000 0.000 0.000 0.000 0.000 0.000 0.000 0.000 0.000 46.077 41.058 35.022 32.971 35.907 35.827 51.724 44.587 35.405 36.234 34.080 40.941 40.814 37.698 31.609 34.539 34.481 36.431 50.387 69.348 71.312 74.280
57.926 55.876 55.831 55.793 58.770 28.778 25.738 57.649 62.574 56.513 54.459 61.405 71.349 74.300 0.000 0.000 0.000 0.000 0.000 0.000 0.000 0.000 0.000 0.122 0.000 0.000 0.000 71.371 79.306 89.217 90.209 89.247 96.427 96.232 88.954 89.658 89.520 89.442 89.368 89.301 71.237 53.180 0.000 0.000 0.000 0.000 0.000 0.000 0.000 0.000 0.000 44.252 42.227 42.186 39.135 32.072 33.997 34.901 50.758 50.478 47.270 44.100 36.951 35.811 32.668 33.587 34.527 38.477 58.434 70.395 70.361 71.331 70.306
72.013 70.963 69.919 67.881 64.851 65.828 65.787 62.728 63.668 65.612 65.559 71.506 73.450 31.375 0.000 0.000 0.000 0.000 0.000 0.000 0.000 0.000 0.000 0.000 0.000 9.888 17.808 72.626 89.517 90.425 90.374 89.602 96.609 88.432 90.106 89.794 89.728 89.647 89.575 87.506 69.432 40.306 0.000 0.000 0.000 0.000 0.000 0.000 0.000 0.000 0.000 34.453 38.413 41.363 42.308 41.250 38.189 34.125 28.066 0.000 0.000 0.000 0.000 0.000 36.577 34.543 37.504 58.466 71.432 70.400 71.371 74.347 70.326
68.095 70.045 69.001 70.962 72.927 71.894 70.854 68.807 66.757 66.709 67.661 63.612 63.568 0.000 0.000 0.000 0.000 0.000 0.000 0.000 0.000 0.000 0.000 0.000 0.000 58.968 81.910 80.807 89.712 90.600 90.726 88.828 96.778 90.526 90.131 90.007 89.923 89.846 89.777 85.719 65.677 0.000 0.000 0.000 0.000 0.000 0.000 0.000 0.000 0.000 41.841 36.694 33.609 35.543 40.485 42.432 42.384 43.343 34.316 0.000 0.000 0.000 0.000 0.000 37.521 35.505 51.480 72.453 70.426 70.401 70.378 71.358 70.341
56.171 56.122 57.078 64.039 73.002 78.966 66.928 60.888 55.846 53.804 52.762 58.715 37.641 0.000 0.000 0.000 0.000 0.000 0.000 0.000 0.000 0.000 0.000 0.000 0.000 65.105 81.058 88.982 90.895 90.861 89.991 97.078 96.934 92.546 90.352 90.190 90.113 90.035 89.968 84.914 59.882 0.000 0.000 0.000 0.000 0.000 0.000 0.000 0.000 42.111 36.988 36.873 36.785 35.716 32.658 37.610 41.572 42.547 39.539 0.000 0.000 0.000 0.000 40.469 34.480 38.474 66.459 70.440 70.420 70.400 70.381 70.365 70.352
55.242 55.195 59.152 64.112 66.075 69.040 59.005 54.970 55.935 55.901 57.869 35.843 0.000 0.000 0.000 0.000 0.000 0.000 0.000 0.000 0.000 0.000 0.000 0.000 0.000 51.289 80.237 90.166 91.064 91.193 89.302 97.210 90.097 91.770 90.450 90.383 90.295 90.216 90.145 81.088 54.054 0.000 0.000 0.000 0.000 0.000 0.000 0.000 41.349 37.234 37.125 37.027 36.944 36.876 36.821 33.777 32.747 35.735 42.754 42.840 0.000 0.000 0.000 34.457 35.458 53.453 70.443 69.429 69.413 70.397 70.383 70.370 70.359
55.309 55.263 57.221 58.183 56.147 55.114 56.082 55.052 55.023 54.995 59.969 4.945 0.000 0.000 0.000 0.000 0.000 0.000 0.000 0.000 0.000 0.000 0.000 0.000 2.667 59.525 88.436 91.352 91.322 90.452 97.450 97.335 93.096 90.796 90.651 90.560 90.472 90.388 91.309 71.240 59.192 0.000 0.000 40.980 0.000 40.734 42.688 42.600 37.463 37.352 37.253 37.165 37.088 37.024 36.972 36.932 35.905 32.894 41.901 42.926 35.926 0.000 0.000 42.444 34.443 42.438 48.429 51.419 55.407 61.394 67.383 69.372 69.364
56.371 56.327 56.287 56.251 56.217 55.186 55.158 55.133 55.110 54.089 62.066 13.025 0.000 0.000 0.000 0.000 0.000 0.000 0.000 0.000 0.000 0.000 0.000 0.000 43.801 79.716 90.630 91.520 91.660 89.752 97.555 90.552 92.225 90.908 90.832 90.736 90.644 90.554 91.464 63.371 41.281 0.000 0.000 36.980 0.000 35.780 37.730 37.650 37.552 37.458 37.370 37.291 37.221 37.161 37.111 37.073 35.047 37.033 43.031 40.037 0.000 0.000 0.000 41.433 40.430 39.426 38.419 37.410 36.400 40.391 51.381 47.373 49.367
54.429 54.387 54.350 54.315 54.284 54.256 54.232 55.211 57.195 59.185 34.181 1.192 0.000 0.000 0.000 0.000 0.000 0.000 0.000 2.024 11.016 0.000 0.000 14.161 55.019 85.913 91.809 91.798 90.826 97.737 97.650 93.544 91.249 91.099 91.004 90.909 90.814 90.720 86.623 33.497 0.000 0.000 0.000 36.980 42.960 37.877 37.800 37.719 37.637 37.557 37.480 37.408 37.343 37.286 37.239 37.202 34.176 43.160 43.154 39.155 0.000 0.000 0.000 40.424 39.421 40.416 40.410 40.403 40.395 40.387 39.379 39.372 38.367
55.483 55.444 58.409 62.377 65.348 69.323 71.302 74.285 73.274 65.273 3.288 14.340 38.390 6.415 0.000 0.000 0.000 0.000 0.000 42.032 69.008 8.970 0.000 48.302 81.204 91.096 91.996 91.927 91.150 97.811 89.984 91.670 91.352 91.275 91.177 91.081 90.984 91.889 78.812 0.000 0.000 0.000 0.000 17.001 37.022 37.968 39.874 39.790 37.721 37.653 37.584 37.518 37.457 37.403 37.358 34.321 39.295 42.278 43.271 34.272 0.000 0.000 0.000 24.419 45.413 45.408 42.402 39.396 39.389 40.382 41.376 41.371 40.366
57.533 56.498 63.465 72.435 73.409 72.386 71.367 70.353 67.345 61.345 36.358 53.386 71.416 40.439 24.462 0.479 0.000 0.000 13.101 52.064 66.015 4.932 23.774 65.543 90.396 93.281 92.123 92.336 90.312 97.873 91.971 91.685 91.537 91.444 91.349 91.253 91.152 93.038 36.925 0.000 0.000 0.000 0.000 0.000 33.160 39.100 19.940 19.844 36.804 37.749 37.686 37.623 37.564 37.512 36.467 34.430 43.403 43.386 40.380 34.391 40.438 0.000 0.000 0.000 56.405 71.402 64.396 60.389 56.383 52.378 55.372 55.368 38.365
57.580 57.548 60.518 63.491 62.466 60.445 58.427 56.414 54.406 54.406 63.413 65.429 62.448 59.466 63.482 11.496 0.000 0.000 53.138 83.108 34.054 29.970 63.847 87.697 92.567 92.425 92.544 90.499 97.956 90.379 92.093 91.779 91.707 91.612 91.522 91.432 94.334 51.186 0.000 0.000 0.000 0.000 0.000 0.000 35.357 40.333 0.000 0.000 33.901 37.853 37.789 37.725 37.665 37.612 34.567 42.531 43.502 42.483 33.473 37.474 37.486 0.000 0.000 0.000 24.401 54.398 72.390 71.383 71.377 71.372 71.368 65.365 55.362
57.625 57.596 57.569 56.543 56.520 57.500 57.483 57.470 55.461 56.458 61.460 64.468 60.480 55.493 58.505 13.513 0.000 0.000 45.205 55.176 33.123 66.047 80.948 89.833 92.719 92.653 91.753 98.333 98.097 91.372 92.100 91.958 91.869 91.780 91.695 91.618 94.566 0.000 0.000 9.941 18.941 0.000 0.000 36.677 39.577 38.544 45.584 0.000 34.047 37.974 37.893 37.821 37.759 35.706 37.660 43.623 43.593 35.570 36.555 37.547 37.544 0.000 0.000 0.000 0.000 0.000 54.383 70.376 70.371 70.367 70.363 71.360 71.358
57.669 57.643 57.617 57.593 57.571 57.552 57.535 56.521 55.511 59.504 63.502 63.505 58.512 54.522 59.531 12.537 0.000 0.000 41.301 10.268 57.216 81.148 87.063 92.974 92.828 93.041 91.032 98.544 90.794 92.506 92.193 92.123 92.031 91.943 91.858 98.779 82.746 0.000 5.940 55.941 41.941 0.000 0.000 31.777 39.730 38.680 38.625 44.499 42.266 41.104 37.988 37.907 37.844 34.791 42.746 43.707 39.676 34.650 37.630 37.614 39.601 43.612 0.000 0.000 0.000 0.000 0.000 67.366 70.364 70.361 70.358 71.356 69.354
57.713 57.688 57.664 57.641 57.620 57.601 56.584 55.569 57.556 61.546 64.538 60.537 55.541 54.550 57.561 39.568 26.566 27.525 23.431 24.378 64.326 85.263 91.193 93.088 93.232 91.226 98.913 98.737 91.803 92.516 92.369 92.280 92.190 92.104 97.016 39.896 54.892 24.930 55.940 63.942 0.000 0.000 0.000 30.925 39.885 38.823 38.738 48.606 59.413 33.188 43.047 38.975 35.919 37.869 43.824 42.785 33.752 36.725 37.702 37.678 24.634 25.623 0.000 0.000 0.000 0.000 0.000 48.360 69.358 70.355 70.353 74.351 70.349
57.757 57.733 57.710 57.688 57.667 57.648 55.631 55.615 59.600 66.585 67.569 63.562 58.565 56.578 56.596 58.607 58.605 67.578 8.518 42.489 80.445 87.390 93.326 93.298 92.435 99.227 99.075 92.162 92.942 92.604 92.530 92.435 92.347 92.267 100.207 0.000 37.996 39.957 29.947 31.944 0.000 0.000 0.000 34.114 40.062 38.989 44.896 60.773 37.593 0.000 24.037 37.028 34.989 42.943 43.897 39.857 36.823 37.796 37.776 39.762 0.000 0.000 0.000 0.000 0.000 0.000 40.355 21.355 60.352 70.349 70.347 75.345 70.343
57.801 57.777 57.755 57.733 57.713 56.693 55.676 57.660 64.644 41.625 17.591 16.578 13.581 43.599 60.638 55.659 58.669 39.666 1.646 47.614 85.574 91.531 93.427 93.676 91.704 99.367 92.498 93.275 92.844 92.784 92.679 92.585 92.495 93.410 91.337 13.280 13.138 0.000 0.000 0.000 0.000 0.000 33.495 41.354 39.261 38.175 58.086 61.998 0.000 0.000 0.000 33.110 39.067 44.015 43.965 33.923 37.888 37.861 37.842 40.832 0.000 0.000 0.000 0.000 0.000 0.000 19.355 0.000 48.344 70.343 70.342 76.341 70.339
57.844 57.821 57.799 57.777 56.757 55.737 57.720 60.704 68.691 27.681 0.000 0.000 0.000 0.000 42.700 57.721 58.745 44.768 46.784 72.750 89.716 93.648 93.829 91.856 99.614 99.496 93.481 93.176 93.028 92.925 92.826 92.731 92.636 95.542 80.452 9.366 0.000 0.000 0.000 0.000 0.000 0.000 33.636 40.545 39.453 37.366 65.273 26.136 0.000 0.000 39.350 44.236 44.153 44.084 42.027 36.981 37.944 37.917 37.900 39.893 0.000 43.973 0.000 0.000 0.000 0.000 0.000 0.000 41.338 70.338 70.337 70.336 70.335
57.886 57.864 57.842 57.820 56.799 55.780 59.762 63.746 67.734 25.728 0.000 0.000 0.000 0.000 22.740 65.780 60.823 66.877 79.901 88.889 92.858 93.873 93.029 99.822 99.722 92.819 93.594 93.252 93.170 93.067 92.970 92.875 96.778 59.671 31.561 0.000 0.000 0.000 0.000 0.000 0.000 36.059 40.869 39.738 41.640 38.562 62.506 0.000 0.000 34.602 41.464 57.331 46.225 43.143 39.079 37.029 36.991 37.964 37.949 37.946 42.966 38.973 29.973 0.000 0.000 0.000 37.329 39.330 38.333 70.333 70.333 70.332 70.332
57.927 57.906 57.884 57.863 55.841 57.821 63.801 64.784 62.772 49.769 10.782 0.000 0.000 0.000 0.000 18.836 14.892 55.016 86.053 90.047 93.996 94.173 92.302 99.913 92.132 93.911 93.477 93.414 95.303 94.205 93.111 93.023 98.931 21.801 0.000 0.000 0.000 0.000 0.000 17.567 56.468 56.250 44.044 40.898 51.806 46.735 47.684 8.688 0.000 32.741 37.571 48.400 44.274 48.183 42.116 45.065 44.027 41.000 37.984 36.978 36.980 42.980 0.000 0.000 0.000 0.000 34.328 34.328 44.329 70.329 70.329 70.329 70.328
