results3/res_3e8f-0103.wd
ncols         241
nrows         181
xllcorner     12693529.787448
yllcorner     3542525.717860
cellsize      155.156523
NODATA_value  -9999.000000
[rows 33 to 65 of 181, columns 73 to 145 of 241]
0.000 0.000 0.000 0.000 0.000 0.000 0.000 0.000 0.000 0.000 0.000 0.000 0.000 0.000 0.000 0.000 0.000 0.000 0.000 0.000 0.000 0.000 0.000 0.000 0.000 0.000 0.000 0.000 0.000 0.000 0.000 0.000 0.000 0.000 0.000 0.000 0.000 0.000 0.000 36.667 59.668 64.670 20.672 0.000 0.000 29.743 43.768 10.750 1.752 33.772 36.786 30.786 31.769 32.738 32.690 32.627 32.546 31.448 37.321 57.131 3.746 11.459 8.838 44.078 60.570 65.109 63.678 64.291 62.841 64.942 60.011 59.591 59.579
0.000 0.000 0.000 0.000 0.000 0.000 0.000 0.000 0.000 0.000 0.000 0.000 0.000 0.000 0.000 0.000 0.000 0.000 0.000 0.000 0.000 0.000 0.000 0.000 0.000 0.000 0.000 0.000 0.000 0.000 0.000 0.000 0.000 0.000 0.000 0.000 0.000 0.000 0.000 0.000 11.669 6.669 0.000 0.000 0.000 0.000 25.850 0.000 0.000 23.809 47.846 46.851 36.836 32.804 32.752 32.681 32.592 31.488 53.374 51.253 0.000 34.374 46.977 60.445 64.952 64.490 64.071 63.590 64.662 60.690 59.952 60.199 62.510
0.000 0.000 0.000 0.000 0.000 0.000 0.000 0.000 0.000 0.000 0.000 0.000 0.000 0.000 0.000 0.000 0.000 0.000 32.321 64.321 17.321 0.000 0.000 0.000 0.000 0.000 0.000 0.000 0.000 0.000 0.000 0.000 0.000 0.000 0.000 0.000 0.000 0.000 0.000 0.000 0.000 0.000 0.000 0.000 0.000 0.000 17.931 0.000 0.000 0.000 25.940 43.935 43.921 34.888 32.834 32.754 30.653 46.537 55.434 0.000 20.087 44.685 59.251 65.775 65.299 64.857 64.347 66.389 62.383 60.443 60.829 63.160 62.411
0.000 0.000 0.000 0.000 0.000 0.000 0.000 0.000 0.000 0.000 0.000 19.322 57.322 0.000 0.000 0.000 0.000 0.000 39.321 90.321 46.321 0.000 0.000 0.000 0.000 0.000 0.000 0.000 0.000 0.000 0.000 0.000 0.000 0.000 0.000 0.000 0.000 0.000 0.000 0.000 0.000 0.000 0.000 0.000 0.000 0.000 21.012 22.050 29.068 15.068 25.037 33.031 46.023 36.996 32.940 29.850 40.728 50.574 39.390 15.036 44.490 62.026 66.570 66.098 65.643 65.111 65.124 64.089 61.049 61.477 63.816 63.070 62.843
0.000 0.000 0.000 0.000 0.000 0.000 0.000 0.000 0.000 0.000 0.000 40.322 75.322 64.322 51.322 6.322 0.321 24.321 78.321 86.321 51.320 0.000 0.000 0.000 0.000 20.075 0.000 0.000 0.000 0.000 0.000 0.000 0.000 0.000 0.000 0.000 0.000 4.082 0.000 0.000 0.000 8.083 26.083 0.000 0.000 37.067 52.057 55.070 53.085 39.098 33.109 32.129 46.143 37.132 29.080 42.977 56.834 44.642 32.517 47.227 51.810 64.363 66.897 66.436 65.886 65.870 63.813 61.768 62.148 64.488 63.742 63.514 63.189
0.000 0.000 0.000 0.000 0.000 0.000 0.000 0.000 0.000 0.000 0.000 11.322 73.322 56.322 37.322 0.000 20.322 70.322 81.321 88.321 47.320 0.000 0.000 0.000 0.000 58.075 42.075 0.000 0.000 0.000 0.000 0.000 0.000 0.000 0.000 0.000 21.082 33.082 35.083 0.000 0.000 17.083 42.083 21.083 35.081 58.077 61.077 62.087 59.105 46.132 33.173 30.231 47.290 38.310 42.270 60.145 53.990 0.000 30.810 49.547 62.160 67.713 67.250 66.685 66.638 64.564 62.618 62.849 65.182 64.436 64.205 63.874 63.552
0.000 0.000 0.000 0.000 0.000 0.000 0.000 0.000 0.000 0.000 0.000 0.000 0.000 24.322 62.322 58.322 46.322 59.322 79.321 90.321 43.320 0.000 0.000 0.000 0.000 20.075 44.075 46.076 0.000 0.000 0.000 0.000 0.000 0.000 0.000 0.000 37.082 38.082 50.083 33.083 22.083 36.084 37.084 33.084 40.084 47.084 45.087 38.097 57.116 23.152 39.219 42.332 32.476 44.548 57.544 54.344 0.000 5.795 42.365 58.990 67.572 68.096 67.532 67.448 64.362 63.643 63.592 65.907 65.160 64.924 64.586 64.254 63.912
0.000 0.000 0.000 0.000 0.000 0.000 0.000 0.000 0.000 0.000 0.000 0.000 0.000 14.322 81.323 76.323 66.323 56.323 80.322 88.321 83.319 68.316 23.314 0.000 0.000 0.000 0.071 54.076 38.076 36.076 47.077 42.077 5.077 0.000 0.000 1.082 37.082 36.082 57.083 63.083 52.084 44.084 36.084 33.085 34.086 35.088 34.091 32.098 40.108 1.130 0.000 1.568 37.736 60.861 59.013 0.000 4.564 42.226 55.863 65.486 69.008 68.552 69.312 65.243 64.921 64.398 66.675 65.921 65.677 65.333 64.994 64.639 64.271
0.000 0.000 0.000 0.000 0.000 0.000 0.000 0.000 0.000 0.000 0.000 0.000 0.000 0.000 14.323 53.323 28.324 64.324 83.323 88.321 86.318 84.315 73.312 32.309 0.000 0.000 0.000 10.076 49.076 49.077 62.077 60.077 53.077 48.078 0.000 0.000 4.082 41.082 60.083 67.083 59.084 43.084 32.085 33.086 33.087 33.089 33.092 33.096 37.100 0.000 0.000 0.000 7.941 45.146 14.636 11.995 46.902 51.677 63.396 69.984 69.818 68.037 66.341 66.591 65.303 67.507 66.734 66.471 66.114 65.768 65.411 65.038 64.635
0.000 0.000 0.000 0.000 0.000 0.000 0.000 0.000 0.000 0.000 0.000 0.000 0.000 0.000 0.000 0.000 85.326 85.326 87.325 87.323 86.319 80.314 74.309 45.307 0.000 0.000 0.000 0.000 0.000 17.077 62.077 56.077 71.077 68.078 47.079 26.080 27.082 36.082 58.083 67.083 58.084 41.085 31.085 36.087 35.088 33.090 33.092 33.095 34.097 26.096 0.000 0.000 0.000 0.000 6.390 49.448 52.369 60.210 70.917 71.015 69.363 71.204 68.872 66.369 68.435 67.617 67.316 66.935 66.573 66.209 65.844 65.468 64.044
0.000 0.000 0.000 0.000 0.000 0.000 20.227 43.225 0.000 21.174 61.164 50.153 54.142 29.136 0.000 0.000 21.328 93.329 87.329 84.326 81.320 84.313 75.306 38.301 0.000 0.000 0.000 0.000 0.000 0.000 0.000 6.077 60.077 61.078 12.078 0.000 3.082 40.082 58.083 63.083 53.084 44.085 42.086 4.087 11.088 39.090 33.092 33.094 34.095 40.095 48.095 10.095 0.000 0.000 22.084 55.040 58.928 69.729 71.934 71.561 74.872 73.427 67.759 69.508 68.596 68.226 67.802 67.410 67.027 66.653 66.288 65.946 71.676
0.000 0.000 0.000 0.000 0.000 0.000 20.229 63.223 5.206 55.184 57.166 69.151 52.138 37.130 0.000 0.000 9.330 78.332 90.337 87.332 87.323 88.311 82.299 36.292 0.000 0.000 0.000 0.000 0.000 0.000 0.000 0.000 0.000 45.078 4.078 0.000 0.000 46.083 43.083 55.083 12.083 0.000 0.000 0.000 0.000 5.091 43.092 37.093 0.093 30.095 64.095 47.095 0.089 0.000 26.832 60.669 69.567 72.681 72.433 76.634 75.892 69.161 70.667 69.657 69.201 68.719 68.285 67.872 67.474 67.086 66.710 66.352 71.039
18.488 62.486 52.484 0.000 0.000 0.000 14.238 74.231 50.212 52.188 58.166 82.147 83.130 78.117 32.103 0.000 0.000 0.000 38.353 92.344 87.328 88.308 85.288 44.274 0.000 0.000 0.000 0.000 0.000 0.000 0.000 0.000 0.000 3.078 0.000 0.000 0.000 0.000 0.000 0.000 0.000 0.000 0.000 0.000 0.000 0.000 0.000 18.093 15.093 0.000 0.000 0.000 0.000 16.242 53.657 70.606 72.276 73.204 77.565 77.181 70.215 71.725 70.711 70.200 69.667 69.191 68.744 68.319 67.909 67.509 67.113 66.714 69.277
18.489 74.486 56.482 52.477 0.000 0.000 1.266 66.250 68.222 68.192 80.163 77.139 89.119 88.102 49.091 0.000 0.000 0.000 14.378 94.363 87.337 88.306 85.272 45.243 0.000 0.000 5.860 53.826 65.789 34.765 0.000 0.000 0.000 0.000 0.000 0.000 0.000 0.000 0.000 0.000 0.000 0.000 0.000 0.000 0.000 0.000 0.000 0.000 3.093 0.000 0.000 0.000 14.212 54.716 71.672 72.249 78.466 77.955 71.521 72.062 72.527 71.669 71.155 70.606 70.103 69.630 69.182 68.752 68.335 67.926 67.521 74.113 14.695
82.490 79.486 58.480 59.472 51.461 0.000 56.319 51.289 59.235 72.194 76.156 87.129 88.104 87.082 56.066 0.000 0.000 0.000 13.419 93.393 87.353 88.305 83.250 63.184 47.081 47.986 47.893 55.830 76.777 43.740 0.000 0.000 0.000 0.000 0.000 0.000 0.000 0.000 0.000 0.000 0.000 0.000 0.000 0.000 0.000 0.000 0.000 0.000 0.000 0.000 12.315 43.089 52.591 71.573 73.159 79.837 79.233 72.082 73.779 73.088 72.515 72.021 71.493 70.990 70.506 70.044 69.601 69.171 68.753 68.340 74.931 20.522 0.000
79.494 74.489 72.482 55.470 59.449 59.417 50.373 43.352 0.000 0.000 18.136 77.117 88.085 86.058 71.025 37.981 0.000 0.629 62.485 83.437 88.377 87.310 88.239 78.162 54.073 50.984 49.898 58.822 76.751 59.677 45.574 46.494 50.434 61.397 25.382 0.000 0.000 0.000 0.000 0.000 0.000 0.000 0.000 0.000 0.000 0.000 0.000 0.000 0.000 0.000 23.518 63.355 71.296 73.940 80.725 80.326 72.822 74.468 73.667 73.269 72.798 72.311 71.827 71.351 70.888 70.440 70.005 69.581 69.164 74.752 21.341 0.000 0.000
68.499 20.495 88.488 59.475 53.451 54.428 56.405 56.394 45.404 0.000 0.000 0.000 22.062 93.037 82.998 60.936 52.835 59.720 58.587 60.494 68.407 69.321 56.235 53.151 51.065 50.978 49.893 58.810 73.728 52.643 49.553 54.473 70.411 73.375 58.367 32.367 0.000 0.000 0.000 0.000 0.000 0.000 0.000 0.000 0.000 0.000 0.000 0.000 0.000 14.372 56.210 71.814 74.650 81.288 81.046 73.534 75.157 74.352 73.972 73.518 73.065 72.608 72.150 71.699 71.256 70.823 70.399 69.982 75.570 21.161 0.000 0.000 0.000
14.505 87.503 88.499 74.494 0.000 1.442 61.427 57.416 68.413 59.413 0.000 0.000 1.065 81.033 77.992 62.930 53.848 50.752 50.647 53.546 66.436 74.330 77.231 70.142 60.057 52.972 51.885 67.797 70.707 45.614 49.520 49.434 50.363 54.324 33.346 0.000 0.000 0.000 3.948 0.000 0.000 0.000 0.000 0.000 0.000 0.000 0.000 17.612 49.279 57.128 70.636 81.949 81.557 74.613 75.197 75.746 75.038 74.654 74.210 73.777 73.340 72.903 72.468 72.038 71.614 71.197 71.786 78.379 21.975 0.000 0.000 0.000 0.000
92.513 88.514 88.512 88.507 75.496 58.470 58.447 58.430 49.419 0.000 15.137 22.134 74.101 71.056 74.006 66.946 67.874 67.793 67.705 70.607 65.459 65.335 67.215 71.130 72.050 69.967 65.879 76.786 74.688 62.586 63.482 63.379 65.283 40.211 0.000 0.000 0.000 0.000 4.948 0.000 0.000 0.000 0.000 0.000 0.000 4.482 52.268 52.835 73.847 74.400 83.048 82.556 77.114 76.818 76.192 75.709 75.313 74.881 74.460 74.037 73.616 73.197 72.781 72.371 71.965 72.565 76.168 8.774 0.000 0.000 0.000 0.000 0.000
91.522 87.527 87.530 88.524 85.511 63.488 57.463 58.438 59.415 51.390 0.282 66.164 63.129 64.083 65.032 59.973 63.909 68.840 76.773 61.717 0.000 0.000 12.164 70.113 66.045 65.968 65.879 65.780 65.673 65.560 65.441 65.316 63.181 58.027 30.822 0.000 6.488 50.261 56.948 68.623 38.366 0.000 0.000 0.000 0.000 53.674 64.481 76.409 77.043 83.798 83.457 77.782 77.444 76.694 76.350 75.945 75.530 75.119 74.707 74.297 73.890 73.486 73.089 72.698 73.312 75.930 23.549 0.000 0.000 0.000 0.000 0.000 0.000
77.529 77.545 77.554 88.550 88.535 78.509 54.477 57.445 58.412 58.371 64.306 73.225 57.168 54.117 52.063 59.007 73.947 72.887 57.828 37.773 0.000 0.000 0.000 0.000 55.049 49.980 49.888 49.782 49.665 50.541 53.408 54.263 54.097 52.894 53.617 52.184 51.715 60.346 66.962 64.555 71.109 68.520 62.978 60.448 62.819 74.381 77.878 77.664 84.294 84.077 78.436 78.076 77.313 76.972 76.562 76.160 75.756 75.354 74.953 74.555 74.159 73.770 73.391 74.020 74.655 13.292 0.000 0.000 0.000 0.000 0.000 0.000 0.000
0.000 43.568 55.592 83.589 87.569 68.536 51.493 50.452 58.415 58.375 57.324 51.262 52.203 58.151 75.099 74.044 56.987 49.933 39.880 0.000 59.508 68.452 64.366 65.257 68.122 71.016 69.910 70.794 73.666 72.529 69.386 71.230 66.051 51.836 55.566 54.222 58.840 76.448 82.997 79.525 72.996 67.470 68.986 75.433 80.272 78.677 84.902 84.544 78.446 80.047 78.620 77.945 77.591 77.178 76.778 76.378 75.980 75.586 75.197 74.810 74.423 75.042 72.683 68.338 19.996 0.000 0.000 0.000 0.000 0.000 0.000 0.000 0.000
0.000 0.000 48.657 67.643 78.617 53.572 45.507 52.456 50.423 57.391 58.352 58.298 51.229 68.186 60.137 49.082 52.024 43.976 0.000 68.646 71.565 71.483 73.389 74.282 77.165 81.054 79.942 79.819 79.674 81.525 82.378 80.220 68.042 53.834 55.588 55.299 54.975 57.609 31.053 3.554 92.875 134.402 111.921 77.848 79.359 85.900 85.449 78.908 81.627 79.031 78.576 78.204 77.796 77.395 76.993 76.593 76.200 75.815 75.439 75.064 76.681 71.293 59.963 14.650 0.000 0.000 0.000 0.000 0.000 0.000 0.000 0.000 35.197
0.970 0.000 3.736 24.710 59.683 41.627 0.000 47.442 52.428 52.414 58.397 47.347 0.000 52.228 50.183 52.121 53.051 62.972 76.864 73.727 75.622 81.525 91.426 135.319 132.201 132.091 131.985 131.867 132.686 116.518 48.380 51.231 49.062 56.869 55.652 52.411 50.153 31.958 0.000 0.000 1.573 59.217 76.270 80.879 86.606 86.282 78.523 80.213 79.501 79.186 78.805 78.410 78.012 77.610 77.205 76.802 76.410 76.036 76.679 75.326 66.944 55.487 13.225 0.000 0.000 0.000 0.000 0.000 0.000 0.000 0.000 26.350 47.279
74.960 22.920 11.842 74.777 52.779 0.000 0.000 0.000 46.434 59.440 51.473 0.000 4.396 60.316 51.245 62.170 75.088 74.997 79.892 82.777 75.670 61.569 52.470 48.366 46.231 49.125 50.041 36.976 0.000 53.481 50.392 49.263 53.106 56.929 53.742 45.539 52.268 33.113 0.000 0.000 54.513 71.539 81.285 87.101 86.880 79.120 80.797 80.083 79.779 79.398 79.018 78.628 78.231 77.828 77.416 76.999 76.602 77.241 72.916 61.617 18.280 0.000 0.000 0.000 0.000 0.000 0.000 0.000 0.000 0.000 0.000 44.421 43.364
84.978 92.958 80.933 0.000 9.878 3.976 0.000 0.000 0.000 0.000 55.581 53.565 61.477 58.393 58.311 58.225 75.134 89.036 77.930 57.820 55.713 50.611 52.518 43.445 0.000 55.138 52.078 41.020 0.000 54.532 49.446 50.321 57.170 55.000 52.846 34.735 0.000 0.041 51.075 48.956 65.765 81.694 87.375 80.072 80.634 81.285 80.672 80.367 79.994 79.624 79.242 78.852 78.456 78.054 77.634 78.175 77.760 67.408 52.128 14.946 0.000 0.000 0.000 0.000 0.000 0.000 0.000 0.000 19.817 18.770 33.682 45.549 33.460
75.005 79.003 69.000 0.000 0.000 69.075 62.103 56.101 0.050 7.804 73.706 70.636 57.554 58.468 58.380 59.286 80.187 132.082 124.972 71.860 126.750 47.645 51.546 51.451 53.342 51.212 51.112 51.007 52.860 48.670 48.537 57.407 56.254 53.053 47.907 36.821 0.000 0.000 53.193 60.064 82.090 80.990 87.738 81.122 81.703 81.245 80.946 80.589 80.230 79.857 79.475 79.083 78.686 78.298 79.890 75.307 56.856 43.502 45.241 11.093 0.000 0.000 0.000 0.000 0.000 0.000 0.000 0.000 28.864 33.810 47.729 41.632 31.545
71.033 66.048 10.063 0.000 0.217 52.145 61.134 58.099 76.022 69.901 74.804 82.720 73.635 58.547 58.453 58.354 57.247 51.133 46.015 50.897 47.783 51.674 51.570 51.469 51.365 51.255 51.150 51.037 49.903 54.750 56.625 57.516 41.385 0.000 40.907 0.000 0.000 0.000 57.411 79.348 83.369 88.755 88.282 81.221 81.867 81.501 81.178 80.834 80.475 80.101 79.718 79.319 78.907 77.560 39.323 0.000 0.000 0.000 0.000 0.000 0.000 0.000 0.000 25.354 20.320 19.265 18.190 22.094 30.967 46.878 40.792 31.705 41.622
63.059 54.092 59.143 4.232 57.259 53.224 52.189 70.138 63.066 78.976 87.888 67.805 53.720 51.630 54.534 57.428 58.313 58.189 51.059 49.931 50.810 50.697 51.592 51.491 51.393 56.294 53.195 50.088 50.964 53.804 57.698 46.648 0.000 0.000 0.000 0.000 13.142 133.022 76.729 83.757 81.739 89.172 81.056 83.567 85.043 81.761 81.435 81.094 80.733 80.356 80.976 77.568 65.063 55.714 13.519 0.000 0.000 0.000 0.000 0.000 0.000 0.000 27.442 27.389 27.341 28.284 28.212 29.127 43.030 42.942 26.857 29.774 31.694
38.074 39.117 33.185 57.294 53.323 52.303 63.261 67.200 78.127 85.048 50.969 49.890 50.809 52.721 51.623 48.512 56.388 57.249 58.102 56.958 50.828 49.712 48.608 49.512 55.421 114.334 82.247 62.156 45.060 0.000 59.714 67.730 0.000 0.000 0.000 0.000 57.265 68.167 85.051 83.090 89.899 89.550 82.152 82.674 83.332 82.031 81.711 81.371 81.009 81.613 80.262 32.915 0.000 0.000 0.000 0.000 0.000 0.000 0.000 0.000 0.000 0.000 34.495 30.419 27.372 28.317 26.249 38.170 45.086 29.002 29.920 37.840 35.763
0.000 0.000 0.000 50.439 53.434 55.405 76.350 87.275 101.195 83.119 12.048 68.979 68.905 52.821 52.725 51.611 49.477 52.320 58.140 55.971 56.833 58.717 56.616 54.527 50.446 45.373 50.304 45.230 0.000 0.000 0.000 53.828 45.852 0.000 0.000 0.000 67.485 84.366 84.448 82.467 90.219 81.891 84.385 85.883 82.618 82.319 82.006 81.672 81.319 78.825 33.543 0.000 0.000 0.000 0.000 0.000 0.000 0.000 0.000 0.000 0.000 33.695 3.625 0.000 35.413 25.362 36.295 48.220 36.141 31.061 35.982 39.905 32.829
0.000 0.000 0.000 48.587 54.571 70.531 81.460 129.353 123.258 125.186 131.127 127.072 128.010 52.935 52.844 51.730 51.588 50.412 45.169 54.954 56.815 57.706 55.613 57.533 57.464 58.407 51.367 0.000 0.000 0.000 0.000 54.901 39.877 0.000 0.000 58.997 80.789 84.724 83.709 90.801 90.518 82.956 83.496 84.178 82.908 82.625 82.321 82.994 57.768 0.000 0.000 0.000 0.000 0.000 0.000 0.000 0.000 0.000 45.993 34.945 24.870 28.766 28.684 29.614 29.504 32.425 45.350 42.274 37.197 38.119 36.043 33.967 29.893
14.755 0.000 0.000 49.752 66.732 74.689 80.607 51.420 50.300 49.238 46.203 47.171 47.128 53.067 52.985 68.877 68.734 44.573 0.000 41.860 54.766 56.681 54.597 56.528 56.470 57.423 53.391 0.000 0.000 0.000 53.098 38.000 0.000 0.000 60.348 69.198 86.044 84.939 84.114 91.065 82.647 85.167 87.696 83.466 83.210 82.951 81.659 69.215 27.991 0.000 0.000 0.000 0.000 0.000 32.229 27.211 27.174 27.118 31.040 42.973 45.898 31.814 26.733 28.653 30.565 45.484 44.407 30.330 39.253 40.177 39.102 32.028 27.955
