results3/res_3e8f-0112.wd
ncols         241
nrows         181
xllcorner     12693529.787448
yllcorner     3542525.717860
cellsize      155.156523
NODATA_value  -9999.000000
[rows 132 to 164 of 181, columns 0 to 72 of 241]
94.243 99.243 103.242 103.241 105.240 105.239 99.237 90.235 76.233 65.230 64.227 65.223 64.219 63.214 68.209 82.203 93.197 98.189 98.180 95.169 87.157 78.142 69.123 63.100 68.070 70.035 68.995 69.950 67.911 62.876 76.842 99.809 66.782 0.000 0.000 0.000 6.433 58.425 70.418 67.394 69.372 75.357 93.350 79.349 63.349 62.352 62.357 74.362 95.369 36.376 9.384 4.401 0.000 0.000 0.000 0.000 0.000 0.000 0.000 0.000 0.000 0.000 0.000 0.000 26.108 6.030 9.951 50.851 73.705 77.604 77.495 87.580 115.044
72.247 74.247 77.246 83.246 93.244 99.243 104.241 104.239 97.237 83.234 72.231 66.227 70.223 77.218 90.213 105.207 104.200 101.192 101.183 104.172 104.159 100.144 88.126 76.105 68.079 63.050 64.017 62.983 63.952 71.923 93.898 101.876 13.862 0.000 0.000 0.000 16.440 44.448 62.479 71.472 72.454 69.433 70.429 80.427 75.424 68.420 72.417 80.414 93.412 34.411 20.409 26.418 6.429 0.000 0.000 0.000 0.000 0.000 0.000 0.000 0.000 0.000 0.000 0.000 8.186 0.000 57.976 79.896 75.774 84.745 75.807 115.169 103.927
64.252 64.252 64.251 66.250 71.249 75.248 82.246 91.244 99.241 102.239 96.235 94.231 96.227 99.222 98.217 91.211 82.204 80.196 80.187 85.176 91.164 98.150 101.133 100.114 89.092 79.067 74.041 72.015 80.990 96.967 97.949 83.935 16.929 0.000 0.000 0.000 0.000 0.000 45.576 72.563 51.539 39.493 54.507 69.505 84.498 88.489 90.477 91.465 87.454 14.445 1.430 29.435 26.439 14.444 20.445 14.446 0.000 0.000 0.000 0.000 0.000 0.000 42.410 12.358 78.264 100.198 133.050 89.022 84.072 65.028 101.091 105.606 105.511
65.257 65.257 65.256 65.255 64.254 63.253 65.251 70.249 76.247 86.244 96.240 98.237 91.232 81.227 75.222 67.216 63.209 63.201 63.193 65.183 70.171 76.158 83.143 95.126 100.107 102.087 101.066 97.045 100.025 93.008 74.995 66.987 45.990 4.013 0.000 0.000 0.000 0.000 38.686 71.664 14.647 0.000 47.599 72.590 91.576 99.559 85.538 88.514 74.495 32.483 0.000 56.450 25.449 17.447 28.446 28.446 0.009 0.000 0.000 0.000 0.000 29.517 48.462 121.401 150.322 133.202 116.754 115.698 107.367 106.006 105.881 105.748 70.971
65.262 65.262 65.262 65.261 65.260 65.258 65.257 64.255 64.252 67.249 73.246 72.242 68.238 64.233 64.228 64.222 65.215 65.208 65.200 65.190 64.180 63.168 65.155 71.140 78.124 87.107 95.090 91.073 80.058 68.045 64.035 69.029 77.029 53.036 31.039 31.023 16.987 17.925 53.819 74.760 24.737 6.746 66.701 98.678 100.657 79.632 82.601 81.560 69.528 58.507 9.486 37.466 11.461 0.108 12.448 0.007 2.035 0.012 0.000 0.000 0.000 10.575 73.519 79.436 75.422 76.579 74.552 106.341 106.236 106.125 73.322 76.099 77.969
65.268 65.268 65.267 65.267 65.266 65.264 65.263 65.261 65.258 65.255 64.252 64.248 64.244 65.239 65.234 65.228 65.222 65.216 65.208 65.200 65.190 65.179 65.168 64.155 63.142 64.128 68.114 66.101 65.089 69.078 72.071 71.066 69.063 71.062 71.058 68.042 68.014 71.968 46.904 32.820 21.797 39.798 84.783 98.764 78.741 71.713 70.674 50.595 46.552 9.532 0.000 0.000 0.230 2.301 0.000 0.000 6.035 21.009 35.961 5.893 19.809 82.658 89.643 87.713 85.697 86.777 106.538 106.441 87.570 94.360 87.214 92.986 84.827
65.274 65.274 65.273 65.273 65.272 65.270 65.269 65.267 65.265 65.262 65.259 65.255 65.250 65.245 65.240 65.235 65.230 65.224 65.217 64.210 71.201 73.192 65.182 64.171 63.160 64.149 66.137 69.127 72.117 71.110 66.103 67.099 74.096 77.093 73.087 67.075 64.057 73.032 4.007 0.000 6.832 79.868 88.867 75.853 67.831 87.806 33.785 0.000 0.000 0.238 1.312 1.314 1.310 2.308 0.000 0.000 31.061 73.030 101.983 62.916 95.798 103.953 100.913 100.003 106.807 106.721 106.631 99.656 101.533 101.231 100.092 99.023 16.939
65.280 65.280 65.280 65.279 65.278 65.277 65.275 65.274 65.272 65.269 68.266 68.262 66.257 70.251 68.247 65.243 65.238 65.233 64.227 62.221 73.213 81.205 67.197 64.187 66.178 69.169 71.160 70.152 67.145 69.139 74.134 76.131 77.129 77.126 72.122 66.116 75.106 94.095 13.086 0.000 0.000 53.973 76.966 73.950 77.925 97.895 31.876 0.000 1.310 1.310 1.314 1.319 1.314 3.313 0.000 29.172 81.121 97.067 99.997 104.994 102.157 99.146 107.043 106.968 106.890 98.968 99.753 100.626 100.307 100.279 93.210 70.117 0.000
65.287 65.286 65.286 65.285 65.285 65.284 65.282 65.281 65.279 66.277 73.274 73.270 50.265 18.257 39.253 69.251 63.248 66.243 72.238 75.233 75.226 71.219 67.212 68.204 71.197 70.189 69.182 71.176 75.171 75.167 77.164 76.163 67.162 62.161 64.160 77.159 96.157 106.156 28.157 0.000 0.000 29.085 85.074 87.055 94.023 92.975 28.947 0.000 1.310 0.000 0.335 1.334 0.000 7.317 33.288 77.232 99.149 102.164 101.251 101.253 100.344 107.184 107.115 99.175 99.975 100.837 100.624 100.479 100.436 92.369 84.328 0.000 0.000
65.293 65.293 65.293 65.292 65.292 65.291 65.290 65.289 65.287 67.285 76.283 87.280 63.277 0.271 6.256 54.259 80.258 72.255 70.250 70.245 68.239 67.233 69.227 71.221 69.215 65.209 67.204 79.199 81.196 71.194 65.193 62.193 62.195 67.197 81.199 97.202 94.206 78.214 50.229 18.263 12.260 56.209 85.189 67.173 58.137 50.034 14.990 0.000 0.000 20.355 11.354 1.348 0.000 26.352 77.321 99.234 101.428 100.419 100.527 107.381 107.318 107.252 99.237 101.121 100.834 100.708 100.653 100.580 94.505 81.441 71.405 0.000 0.000
65.300 65.300 65.300 65.299 65.299 65.298 65.297 65.296 65.295 67.294 77.292 64.290 20.287 2.293 0.000 22.273 76.270 68.267 70.263 69.258 67.253 70.248 71.243 68.238 65.233 61.228 71.224 85.221 72.220 62.220 63.221 68.223 78.227 89.231 100.237 93.244 71.253 66.265 85.281 92.301 93.308 97.301 72.303 33.310 5.317 0.000 0.000 0.000 0.000 33.357 20.358 0.445 31.462 77.395 99.412 101.599 100.615 107.555 107.499 107.442 99.506 100.305 101.193 100.892 100.876 100.817 100.742 101.651 89.571 60.486 49.445 7.445 1.445
64.307 64.307 65.307 65.306 65.306 65.306 65.305 65.305 65.304 68.303 78.302 49.301 0.000 8.300 46.298 48.289 65.284 67.279 55.275 37.271 75.267 70.263 66.258 65.254 63.250 65.246 81.244 84.242 66.242 69.244 81.247 90.252 99.258 97.265 85.274 71.284 64.297 80.312 84.331 72.351 53.369 51.386 39.410 19.446 8.505 2.629 0.814 20.879 15.882 0.000 0.000 25.541 77.563 100.663 101.681 99.791 107.659 107.608 99.671 100.482 101.359 101.166 101.043 101.019 100.966 100.915 103.845 67.713 47.642 0.000 0.000 0.000 0.000
73.315 71.314 68.313 66.313 63.313 63.313 63.313 63.313 62.312 67.312 79.311 62.312 43.314 51.309 69.306 65.300 62.296 68.292 63.288 50.285 70.281 64.278 63.274 63.270 65.267 79.264 87.262 53.261 45.263 95.267 100.273 95.280 84.288 74.297 66.309 62.322 73.338 85.356 53.378 28.403 11.431 2.464 19.505 18.559 8.632 9.730 12.838 40.889 24.886 0.000 0.000 57.796 99.825 98.945 107.805 107.758 107.709 99.709 101.601 101.326 101.218 101.187 103.143 98.092 100.062 101.034 112.012 0.000 0.000 0.000 0.000 0.000 0.000
74.323 76.322 82.320 83.319 83.321 80.321 81.322 80.322 79.321 79.321 81.321 64.320 68.320 67.318 64.315 67.311 67.308 66.305 71.302 73.299 67.296 61.293 63.290 65.286 79.283 84.281 73.279 67.279 76.281 99.288 82.296 73.306 65.317 63.328 65.342 64.357 78.376 87.397 51.423 27.453 15.489 17.533 20.588 12.654 13.732 19.820 21.903 14.954 0.000 0.000 36.029 78.040 107.932 107.892 107.849 99.945 100.750 101.647 101.355 101.351 102.308 102.262 75.218 53.155 88.153 102.147 107.156 47.213 0.000 0.000 0.000 0.000 0.000
67.332 61.330 14.325 16.324 25.328 72.330 69.330 69.330 69.330 73.330 82.330 63.329 64.328 63.327 66.324 70.322 71.319 69.317 68.315 71.312 72.310 69.308 63.305 80.303 86.300 77.297 83.294 100.293 97.297 79.306 67.319 63.332 65.344 65.357 64.372 69.390 85.410 87.434 79.463 82.497 53.539 15.592 7.658 6.737 18.823 25.914 16.001 13.072 5.100 31.225 79.212 108.006 107.970 100.088 100.897 101.783 101.595 101.480 101.464 102.417 100.376 94.335 19.313 0.000 70.249 105.245 102.251 101.271 0.000 0.000 0.000 0.000 0.000
65.343 57.343 0.000 0.000 7.339 68.339 64.339 64.339 64.339 68.339 82.339 60.338 64.337 68.336 70.335 71.333 68.331 65.329 63.327 65.326 75.324 88.323 83.321 84.319 61.316 55.312 107.306 93.304 60.307 20.319 40.344 68.358 65.371 65.385 67.400 60.419 44.441 34.467 46.497 86.533 62.578 15.638 10.716 5.812 14.909 20.011 14.116 19.207 19.294 57.374 108.060 99.279 103.017 101.921 101.734 101.624 101.600 101.563 102.521 102.484 67.444 43.388 29.386 32.392 83.348 104.333 100.333 91.348 9.382 0.000 0.000 0.000 0.000
65.354 65.356 48.361 0.000 8.349 69.349 65.349 65.349 64.349 65.348 80.348 67.348 70.347 72.346 71.345 66.344 63.343 64.341 64.340 63.339 73.339 96.338 92.337 79.336 72.335 63.330 39.315 28.309 15.308 0.000 21.379 70.386 65.397 67.410 50.426 24.444 9.469 6.495 48.525 65.560 34.602 6.665 9.756 14.887 21.991 18.105 12.245 5.386 8.716 56.621 108.129 102.168 101.928 101.749 101.734 101.698 101.657 101.619 99.583 90.552 23.528 0.000 40.452 99.441 104.419 102.405 96.401 86.406 4.417 0.000 0.000 0.000 0.000
62.364 64.364 61.366 0.000 4.359 69.359 64.358 62.358 64.358 68.358 72.357 71.357 71.357 69.356 63.356 64.355 64.354 65.354 65.353 70.353 88.353 87.353 80.354 89.355 87.356 58.357 0.000 0.000 0.000 0.000 19.406 70.411 65.421 68.433 39.449 1.470 35.495 61.520 81.549 50.579 2.605 0.000 0.000 3.989 14.061 14.177 14.341 8.681 5.688 108.322 108.228 101.075 101.920 101.820 101.786 101.747 101.710 103.674 88.641 71.612 31.589 7.578 55.529 85.503 94.482 103.467 92.460 81.459 3.461 0.000 0.000 0.000 0.000
69.372 67.373 56.373 0.000 55.369 63.368 65.368 69.368 70.368 71.367 69.367 70.367 68.367 64.366 64.366 65.366 65.366 64.366 66.366 89.366 88.367 70.368 83.370 81.373 85.377 83.386 46.407 2.420 11.428 41.431 46.428 66.432 65.441 65.454 60.470 52.492 69.515 68.541 62.571 84.604 32.633 0.000 0.000 8.020 13.087 11.194 12.330 36.529 60.960 108.409 103.405 103.150 102.890 101.876 101.836 101.799 102.762 100.727 55.694 32.665 44.639 45.615 99.584 101.558 81.538 91.523 86.513 59.509 24.507 0.000 0.000 0.000 0.000
70.380 71.380 68.381 56.383 70.380 70.378 70.378 71.377 71.377 72.377 84.377 66.376 64.377 64.377 65.377 65.377 65.377 66.378 80.378 91.379 66.380 70.382 97.385 89.389 77.395 80.403 83.415 67.425 72.433 87.438 80.442 68.448 61.458 61.471 72.487 88.507 75.531 47.558 19.591 74.632 63.691 12.789 15.883 20.983 17.074 8.183 10.270 51.565 103.815 108.490 100.385 103.035 103.962 101.924 101.886 101.849 94.812 84.778 41.745 12.715 21.686 22.660 83.632 125.608 106.588 82.573 74.562 53.555 62.552 15.552 0.000 1.709 5.709
75.388 75.388 71.388 71.389 71.388 72.387 72.387 68.387 65.387 64.386 27.386 17.386 68.387 65.387 65.388 65.388 64.389 67.389 91.390 77.392 62.394 68.396 85.399 102.403 97.409 94.416 92.425 88.433 84.441 83.447 91.453 88.461 82.471 78.484 81.500 85.520 47.543 11.570 10.602 26.643 22.709 7.793 16.876 26.957 23.046 14.163 7.324 50.571 108.640 108.567 103.279 105.121 102.007 101.974 102.935 98.898 82.861 75.826 81.793 87.762 71.733 93.705 108.678 125.655 134.634 118.618 80.606 85.598 60.594 0.000 0.000 0.000 0.000
14.395 15.395 75.395 70.396 70.396 65.396 62.396 64.396 59.396 12.396 12.396 1.397 69.397 65.398 65.398 65.399 65.400 83.401 90.402 63.404 65.406 65.409 68.412 74.416 76.422 76.428 72.435 75.442 91.449 84.456 75.463 78.471 85.482 89.494 92.510 89.529 64.551 29.578 12.605 11.628 0.000 0.814 11.871 20.922 4.984 0.000 20.509 80.749 108.711 100.627 104.348 104.083 102.066 102.022 102.983 97.945 84.909 50.873 57.840 100.808 111.777 143.749 134.722 106.697 94.676 111.659 90.646 84.637 59.633 0.000 0.000 0.000 0.000
1.405 10.404 24.401 79.404 64.405 62.405 64.405 64.405 65.405 12.406 3.407 58.408 66.408 65.408 65.409 65.410 67.411 91.412 76.414 62.416 65.418 65.421 65.424 64.428 64.433 64.439 63.445 70.451 99.458 78.464 9.471 17.479 29.490 80.502 90.516 74.534 79.556 66.583 18.612 15.637 0.714 5.789 18.829 10.875 0.000 0.000 38.662 108.847 108.780 103.509 105.246 101.152 102.111 102.070 102.030 101.992 88.955 51.919 66.884 103.852 99.820 133.790 128.763 97.737 102.715 88.696 69.681 87.672 65.667 0.000 0.000 0.000 0.000
63.415 59.414 0.000 71.414 81.414 82.414 63.414 75.414 82.415 58.415 56.416 66.417 65.418 65.418 65.419 65.420 84.422 88.423 63.425 65.427 64.429 63.432 65.436 65.440 65.444 65.449 64.455 72.460 101.466 82.472 28.479 1.487 52.497 77.507 90.519 69.534 59.555 18.588 11.625 14.659 12.706 20.754 24.781 0.000 0.000 17.595 79.834 108.912 100.770 104.487 104.227 102.203 102.158 102.116 102.076 103.037 93.999 82.963 105.928 130.894 118.861 135.831 132.801 126.774 133.749 99.728 76.712 86.701 94.697 23.706 0.000 0.000 0.000
65.423 64.424 59.427 65.424 64.423 12.423 86.423 78.423 65.424 66.425 66.426 65.427 65.427 65.428 65.430 68.431 91.432 74.434 64.436 65.438 71.441 79.444 65.447 63.451 65.455 64.459 67.464 91.469 99.475 74.480 62.487 50.494 72.501 71.509 32.519 17.530 14.543 0.000 3.639 3.667 4.704 5.739 7.760 0.000 20.691 77.821 99.972 108.976 101.732 102.371 102.291 102.247 102.203 102.161 102.121 103.081 94.043 77.006 72.970 105.935 95.901 109.869 112.838 100.808 102.781 74.756 51.737 65.723 132.715 85.714 20.715 10.714 32.712
65.431 65.432 65.432 65.432 65.431 59.431 75.432 91.432 67.433 64.434 65.435 65.436 65.437 65.438 64.440 87.441 89.443 63.444 65.446 66.448 63.451 25.454 84.458 79.461 66.465 64.469 82.474 101.478 85.483 65.488 65.493 66.499 69.504 73.511 10.518 11.524 0.000 0.618 15.626 0.000 0.000 0.000 0.000 0.000 43.828 100.972 109.097 109.037 101.618 102.448 102.330 102.291 102.247 102.205 102.164 101.124 86.085 88.048 108.011 126.975 125.940 130.906 135.873 122.840 120.809 107.780 56.755 54.738 130.727 94.721 32.717 25.714 90.712
65.439 65.439 65.439 65.439 65.439 65.440 65.440 76.441 91.442 67.443 64.444 65.446 65.447 63.448 71.450 92.452 72.453 64.455 66.456 64.458 6.462 3.465 72.468 73.472 79.475 78.479 86.483 85.487 66.491 64.495 66.499 69.504 74.508 74.511 0.000 0.000 0.000 2.611 26.614 13.610 14.609 13.609 0.000 5.059 52.138 106.202 109.155 100.962 102.670 102.403 102.380 102.333 102.289 102.247 102.206 102.166 88.127 84.088 105.051 106.014 105.978 108.942 108.907 107.872 112.835 85.798 61.768 76.747 91.733 30.726 0.000 0.000 34.711
65.446 67.446 67.446 65.447 65.447 65.448 65.449 65.450 76.451 91.452 67.453 62.455 62.457 79.458 91.460 85.462 62.464 65.465 61.466 7.465 4.472 58.476 65.479 65.482 71.485 88.488 88.492 81.495 74.498 66.502 53.505 23.509 88.512 68.514 0.000 0.000 0.000 1.606 15.608 8.608 22.608 11.608 0.000 5.273 25.334 109.268 109.212 101.830 102.560 102.463 102.419 102.374 102.330 102.288 102.247 103.207 98.167 88.128 83.090 82.052 82.015 81.978 81.942 85.904 59.863 3.810 29.770 85.748 81.734 42.725 4.719 0.000 33.710
66.454 3.453 4.451 65.454 64.456 63.457 63.457 62.458 62.460 75.461 90.463 83.464 90.466 92.468 79.470 63.472 70.474 70.476 58.478 0.000 6.486 69.488 65.490 67.492 91.495 98.498 76.500 67.503 74.506 81.509 69.512 5.515 48.517 66.518 0.000 0.000 0.000 2.600 8.603 5.606 19.607 0.000 0.000 5.454 10.806 109.323 107.087 102.793 102.532 102.506 102.458 102.413 102.370 102.328 102.287 102.247 103.207 102.168 100.129 99.090 99.052 100.014 101.977 75.940 17.901 0.000 14.756 70.741 101.729 92.720 65.714 41.709 58.708
65.463 64.463 0.000 64.464 75.464 79.465 83.466 88.467 91.468 92.470 92.472 92.474 78.476 65.478 81.480 98.483 99.485 99.488 92.492 70.499 5.498 66.499 64.501 73.503 101.505 88.507 65.509 64.511 66.514 69.516 60.518 5.521 25.523 25.525 0.000 0.000 0.000 8.593 3.598 0.000 2.607 0.000 13.407 14.750 5.851 109.375 111.036 106.669 102.588 102.541 102.496 102.452 102.409 102.367 102.326 102.286 102.247 102.207 102.168 102.128 103.088 106.050 78.013 10.976 0.000 0.000 0.000 15.731 71.721 102.712 93.707 69.704 46.707
65.471 67.472 63.475 65.473 80.473 79.473 75.474 71.475 70.476 66.478 87.481 77.483 88.485 79.488 95.490 91.493 84.496 85.499 96.502 102.506 91.508 92.509 84.511 92.513 100.515 73.516 64.518 65.520 65.522 64.523 64.525 66.527 61.530 10.533 70.541 61.546 0.562 2.580 0.000 0.000 0.000 4.217 82.312 79.529 109.471 109.424 104.913 105.738 102.618 102.578 102.532 102.489 102.446 102.405 102.365 102.325 102.286 102.247 102.208 104.166 109.122 78.084 18.048 0.000 0.000 0.000 0.000 0.000 12.711 63.702 98.697 48.695 0.000
67.479 3.479 62.480 65.480 65.480 65.481 64.482 65.483 67.484 65.487 77.489 72.492 81.495 92.497 80.500 65.503 66.506 67.509 68.513 73.516 86.518 96.520 102.522 100.523 89.524 65.526 65.527 65.528 65.529 65.530 66.532 89.533 62.535 2.538 66.543 16.550 10.560 3.570 0.000 0.000 0.000 14.153 102.362 104.561 109.514 103.250 102.951 102.683 102.660 102.612 102.568 102.525 102.483 102.442 102.403 102.364 102.325 102.287 104.249 89.208 43.148 10.116 0.000 0.000 0.000 0.000 0.000 0.000 0.000 34.687 96.685 48.684 0.000
68.486 1.486 62.487 65.487 65.488 65.489 65.490 66.490 4.490 64.495 68.498 79.501 79.504 87.507 92.510 78.513 63.516 63.520 63.523 65.526 67.529 68.531 69.532 69.534 68.534 67.535 63.536 63.536 64.537 65.538 76.538 90.538 61.539 55.541 57.542 0.000 0.000 3.570 0.000 0.000 0.000 18.191 101.303 109.598 109.556 102.106 102.832 102.735 102.690 102.645 102.601 102.559 102.519 102.479 102.440 102.401 102.364 102.328 107.294 63.267 0.000 0.000 0.000 0.000 0.000 0.000 0.000 0.000 0.000 37.673 97.672 56.671 0.000
