results1/res_4e8f-0174.wd
ncols         241
nrows         181
xllcorner     12693529.787448
yllcorner     3542525.717860
cellsize      155.156523
NODATA_value  -9999.000000
[rows 0 to 32 of 181, columns 146 to 218 of 241]
0.000 0.000 0.000 0.000 0.000 0.000 0.000 0.000 0.000 0.000 0.000 0.000 0.000 0.000 5.673 16.527 17.292 17.003 16.684 16.353 16.028 15.724 15.453 15.222 15.034 14.888 14.779 14.704 14.656 14.630 14.619 19.615 0.000 0.000 0.000 0.000 0.000 0.000 0.000 0.000 0.000 0.000 0.000 0.000 0.000 0.000 0.000 0.000 0.000 19.126 26.126 0.000 0.000 45.166 50.166 0.000 0.000 0.000 0.000 0.000 0.000 0.000 0.000 0.000 0.000 0.000 0.000 0.000 0.000 0.000 0.000 0.000 0.000
0.000 0.000 0.000 0.000 0.000 0.000 0.000 0.000 0.000 0.000 0.000 0.000 0.000 1.223 16.819 17.617 17.346 17.033 16.695 16.347 16.007 15.692 17.413 16.180 14.992 14.849 14.746 14.677 14.635 14.615 14.611 19.610 0.000 0.000 0.000 0.000 0.000 0.000 0.000 0.000 0.000 0.000 0.000 0.000 0.000 0.000 0.000 0.000 16.127 38.126 14.126 0.000 24.166 57.166 51.166 0.000 0.000 0.000 0.000 0.000 0.000 0.000 0.000 0.000 0.000 0.000 0.000 0.000 36.156 0.000 0.000 0.000 0.000
0.000 0.000 0.000 0.000 0.000 0.000 0.000 0.000 0.000 0.000 0.000 0.000 0.000 20.452 19.105 17.776 17.441 17.089 16.716 16.334 15.962 17.621 17.329 15.091 14.906 14.772 14.679 14.621 14.592 14.585 16.601 10.606 0.000 0.000 0.000 0.000 0.000 0.000 0.000 0.000 0.000 0.000 0.000 0.000 0.000 0.000 0.000 0.000 28.127 0.000 0.000 19.166 50.166 12.166 0.000 0.000 0.000 0.000 0.000 0.000 0.000 0.000 0.000 0.000 5.159 0.000 0.000 0.000 39.156 11.156 0.000 0.000 0.000
0.000 0.000 0.000 0.000 0.000 0.000 0.000 0.000 0.000 0.000 0.000 0.000 3.015 19.860 18.372 17.943 17.553 17.164 16.747 16.310 16.884 16.504 15.190 14.947 14.771 14.651 14.577 14.538 14.526 20.532 0.000 0.000 0.000 0.000 0.000 0.000 0.000 0.000 0.000 0.000 0.000 0.000 0.000 13.127 0.000 0.000 0.000 12.127 72.127 2.127 0.000 25.166 52.166 0.000 0.000 0.000 0.000 0.000 0.000 0.000 0.000 0.000 11.159 17.159 36.159 0.000 0.000 29.156 38.156 39.156 11.156 0.000 0.000
0.000 0.000 0.000 0.000 0.000 0.000 0.000 0.000 0.000 0.000 0.000 8.154 1.338 2.934 18.580 18.071 17.665 17.267 16.799 16.276 16.761 16.319 14.979 14.738 14.580 14.486 14.440 14.427 15.441 16.486 0.000 0.000 0.000 0.000 0.000 0.000 0.000 0.000 0.000 0.000 0.000 0.000 14.127 37.127 32.127 0.000 0.000 28.127 56.127 0.000 0.000 0.000 52.167 7.167 0.000 0.000 0.000 0.000 0.000 0.000 0.000 0.000 51.159 55.159 57.159 0.000 0.000 42.157 37.156 37.156 47.156 0.000 0.000
0.000 0.000 0.000 0.000 0.000 0.000 0.000 0.000 0.000 0.000 10.867 3.473 1.846 1.278 1.395 16.094 17.768 17.441 16.904 18.233 17.564 15.034 14.670 14.446 14.324 14.273 14.268 14.292 20.323 0.000 0.000 0.000 0.000 0.000 0.000 0.000 0.000 0.000 0.000 0.000 0.000 0.000 0.000 17.127 38.128 30.128 28.128 10.128 41.127 14.128 0.000 0.000 37.167 50.167 41.167 39.167 48.167 0.000 0.000 0.000 0.000 0.000 51.159 53.159 58.159 37.158 26.158 43.157 46.157 0.000 0.000 0.000 11.149
0.000 0.000 0.000 0.000 0.000 0.000 0.000 0.000 0.000 0.000 7.261 3.970 3.604 3.110 0.430 0.620 10.873 18.826 18.144 18.188 15.229 14.581 14.221 14.052 13.997 14.012 14.069 14.149 9.236 0.000 0.000 0.000 0.000 0.000 34.138 67.138 1.138 0.000 7.138 48.138 0.000 0.000 0.000 14.128 38.128 51.128 86.128 48.128 49.128 20.128 0.000 0.000 34.167 53.168 38.168 34.168 51.167 0.000 0.000 0.000 0.000 0.000 38.160 44.160 40.159 40.158 44.158 47.157 55.157 0.000 0.000 0.000 34.149
0.000 0.000 0.000 0.000 0.000 0.000 0.000 0.000 0.000 30.494 30.946 7.527 3.144 3.386 3.042 0.786 0.365 5.846 18.656 16.147 14.584 13.840 13.580 13.543 13.601 13.710 14.848 11.998 0.000 0.000 0.000 0.000 0.000 0.000 9.138 55.138 62.138 44.138 36.138 8.138 0.000 0.000 0.000 0.000 0.000 12.128 79.128 58.128 5.128 0.000 0.000 0.000 0.000 46.168 61.168 59.168 61.167 53.167 45.166 48.165 47.164 56.163 60.161 57.160 58.159 58.158 53.158 48.157 45.156 0.000 0.000 0.000 0.000
0.000 0.000 0.000 0.000 0.000 0.000 0.000 0.000 24.596 42.043 43.502 33.016 9.606 2.025 3.045 0.828 2.760 8.010 6.485 16.161 13.119 12.615 12.719 12.937 13.154 14.379 14.614 0.000 0.000 0.000 0.000 0.000 0.000 0.000 0.000 7.138 53.138 63.138 68.138 7.138 0.000 0.000 0.000 0.000 0.000 8.129 51.129 43.128 48.128 15.128 0.000 0.000 30.169 58.169 43.168 37.168 44.168 56.167 44.166 43.165 52.164 61.163 48.162 44.161 47.159 53.158 59.157 61.156 59.155 45.154 36.153 19.151 28.150
0.000 0.000 0.000 0.000 0.000 0.000 0.000 20.713 30.149 45.578 43.002 43.428 35.854 12.289 1.177 4.718 14.245 6.437 2.230 3.016 6.117 10.781 11.743 12.332 12.700 18.040 0.000 0.000 0.000 0.000 0.000 0.000 7.140 5.140 0.000 0.000 20.139 66.139 19.138 0.000 0.000 0.000 0.000 0.000 0.000 47.130 57.129 33.129 49.128 69.128 9.128 0.000 36.170 60.169 39.169 33.169 36.168 49.167 38.167 38.166 40.165 42.163 39.162 40.161 34.160 38.159 44.157 45.156 43.155 52.154 54.152 57.151 65.150
0.000 0.000 0.000 0.000 0.000 0.000 25.829 24.277 47.709 44.120 43.501 42.840 43.095 38.152 20.656 12.374 8.053 0.000 0.043 4.346 2.161 3.324 11.138 11.951 17.272 0.000 0.000 0.000 0.000 0.000 0.000 2.140 44.140 3.140 0.000 0.000 27.139 67.139 6.139 0.000 0.000 0.000 0.000 0.000 42.132 86.131 19.130 22.129 44.128 71.128 11.128 0.000 33.170 58.170 38.170 31.169 34.169 36.168 32.167 31.166 38.165 54.164 37.163 33.161 47.160 43.159 40.158 47.156 47.155 50.154 59.152 63.151 50.150
0.000 0.000 0.000 0.000 0.000 29.866 18.381 46.855 45.291 44.690 44.043 43.336 42.532 42.570 39.375 25.075 4.384 0.316 0.061 46.172 4.504 0.076 0.098 14.061 10.167 0.000 0.000 0.000 0.000 0.000 0.000 2.140 40.140 35.140 44.140 56.140 60.139 50.139 0.000 0.000 5.136 41.136 56.135 61.134 85.133 41.132 0.000 0.000 46.128 34.128 0.000 0.000 36.171 63.171 50.171 34.170 82.170 110.169 59.168 35.167 51.166 98.165 50.163 27.162 92.160 65.159 40.158 47.156 49.155 39.154 48.152 61.151 44.150
0.000 0.000 0.000 0.000 0.000 19.351 40.973 47.473 45.912 45.304 44.647 43.928 43.128 42.220 42.209 41.122 30.303 4.925 50.775 47.835 0.344 0.143 0.050 0.055 0.000 0.000 0.000 0.000 0.000 0.000 5.140 39.140 35.140 40.140 54.140 64.140 48.140 35.140 0.138 0.000 3.136 50.136 49.135 45.135 84.134 44.133 0.000 0.000 25.128 17.128 0.000 29.173 57.173 59.172 53.172 41.171 40.171 73.170 114.169 52.168 45.167 102.165 53.164 27.162 99.161 69.159 32.158 34.156 40.155 31.153 45.152 44.151 32.149
0.000 0.000 0.000 0.000 23.863 34.215 49.688 47.151 46.579 45.968 45.311 44.602 43.827 42.990 42.034 41.297 40.157 52.509 52.181 0.966 0.474 9.585 0.000 0.000 0.000 0.000 0.000 0.000 0.137 55.139 58.139 40.140 39.140 54.140 64.140 50.141 33.140 35.140 35.139 33.138 31.137 43.137 46.136 56.135 96.134 30.134 0.000 0.000 62.127 12.127 0.000 26.174 56.174 56.173 43.173 35.173 31.172 41.171 38.170 78.169 109.168 126.166 107.165 96.163 122.161 116.160 107.158 53.157 33.155 50.153 45.152 34.150 29.149
0.000 0.000 0.000 25.043 34.511 51.956 48.415 47.863 47.286 46.676 46.029 45.338 44.609 43.770 43.228 40.863 52.544 52.540 36.739 19.048 6.210 0.000 0.000 0.000 0.000 0.000 0.000 0.000 41.138 8.139 0.000 19.140 57.140 61.141 53.141 38.141 4.142 0.000 2.139 37.139 33.138 43.137 42.136 65.135 62.135 0.000 0.000 4.127 65.127 11.127 0.000 24.175 54.175 66.175 45.175 51.174 74.174 51.173 33.172 57.170 80.169 114.167 80.165 60.164 108.162 98.160 73.158 42.157 28.155 99.153 67.152 39.150 29.149
0.000 0.000 0.000 30.575 50.183 49.683 49.151 48.600 48.025 47.423 47.789 47.132 45.376 44.955 42.383 52.604 52.553 40.309 41.931 39.556 23.519 4.517 0.000 0.000 0.000 0.000 0.000 43.138 12.138 0.000 0.000 0.000 25.140 57.141 35.141 33.142 39.143 2.144 0.000 38.140 36.139 42.138 43.137 65.135 61.134 0.000 0.000 25.127 72.127 8.127 0.000 26.176 57.176 60.176 41.176 41.176 87.175 122.174 71.173 39.172 55.170 102.168 62.166 29.164 95.162 82.161 40.159 32.157 25.155 106.153 70.152 42.150 43.148
0.000 0.000 31.176 48.497 51.965 50.442 49.908 49.360 48.792 49.199 47.593 46.895 46.559 43.990 53.032 52.750 41.807 42.656 41.660 32.014 12.763 0.000 0.000 0.000 0.000 0.000 0.000 39.138 13.138 0.000 0.000 0.000 0.000 0.000 0.000 38.144 35.145 34.145 36.144 38.142 34.140 42.139 44.137 56.135 52.133 14.131 33.129 66.128 17.127 0.000 0.000 26.177 53.177 59.178 45.178 30.178 32.178 57.177 44.175 26.174 44.172 99.170 55.167 21.165 92.163 77.161 35.159 31.157 27.155 105.153 70.152 42.150 33.148
0.000 30.443 43.855 53.274 51.736 51.210 50.681 50.139 50.579 50.011 48.356 48.070 45.508 53.965 53.447 43.465 44.468 42.350 29.546 0.000 0.000 0.000 0.000 0.000 0.000 0.000 0.000 0.000 13.138 0.000 0.000 0.000 0.000 0.000 0.000 0.000 42.148 52.147 63.146 51.144 40.141 44.139 41.137 46.135 39.133 58.131 76.128 64.127 10.126 0.000 0.000 25.178 51.179 56.179 62.180 60.181 48.180 38.179 51.178 83.176 102.173 123.171 103.169 86.166 120.164 113.161 95.159 55.157 28.155 103.153 75.151 47.150 34.148
27.509 39.032 53.526 53.008 52.495 51.983 51.465 51.934 51.398 49.777 49.530 46.983 55.184 54.552 45.029 46.182 47.126 25.379 0.000 0.000 0.000 0.000 0.000 0.000 0.000 0.000 0.000 0.000 0.000 0.000 0.000 0.000 0.000 0.000 0.000 0.000 40.151 44.150 62.148 21.145 1.143 51.140 42.138 45.136 41.133 29.130 48.127 63.126 50.125 9.124 0.000 0.000 16.180 59.181 61.184 54.184 42.184 51.182 102.180 93.178 74.176 75.173 76.170 76.167 76.164 77.162 79.159 50.157 30.155 102.153 78.151 41.149 35.148
30.986 54.648 54.210 53.738 53.253 52.762 52.259 51.756 51.168 50.955 48.428 56.516 55.842 46.491 47.713 46.708 42.202 1.671 0.000 0.000 0.000 0.000 0.000 0.000 0.000 0.000 0.000 0.000 0.000 0.000 0.000 0.000 0.000 0.000 0.000 0.000 41.155 52.154 36.152 0.000 5.145 48.142 45.140 12.136 2.132 33.129 47.126 62.124 59.123 28.123 0.000 0.000 0.000 0.000 28.189 43.189 27.188 88.186 89.184 38.181 44.178 86.174 57.171 29.167 75.164 65.162 45.160 43.157 34.155 102.153 73.151 30.149 31.148
48.802 56.364 54.928 54.479 54.019 54.548 53.078 52.526 52.352 49.851 57.885 57.197 46.861 49.116 48.115 48.497 17.841 0.000 0.000 0.000 0.000 0.000 0.000 0.000 0.000 0.000 0.000 0.000 0.000 0.000 0.000 0.000 0.000 0.000 0.000 8.163 61.160 59.157 63.155 60.152 56.148 56.145 50.141 9.138 2.132 33.127 46.123 64.121 71.121 34.122 0.000 0.000 0.000 0.000 22.195 35.194 55.192 102.190 65.188 25.184 93.181 94.176 43.172 30.168 51.164 107.162 66.160 34.157 34.155 97.153 115.151 102.149 107.146
58.494 56.078 55.660 55.232 54.792 56.355 53.841 53.714 51.250 59.270 58.575 42.164 46.376 50.439 46.911 24.195 0.000 0.000 0.000 0.000 0.000 0.000 0.000 0.000 0.000 0.000 0.000 0.000 0.000 0.000 0.000 0.000 0.000 0.000 0.000 60.167 59.164 60.161 62.158 61.154 59.150 60.147 53.143 8.141 0.000 34.123 46.118 69.116 42.118 0.000 0.000 0.000 0.000 20.207 50.203 29.200 94.198 88.195 32.192 88.188 101.184 50.177 38.172 41.167 36.164 67.161 106.159 63.158 26.156 97.154 100.151 74.148 16.145
49.170 55.795 56.402 55.993 55.586 55.102 55.019 52.594 60.619 59.968 25.391 30.573 33.462 52.135 35.762 0.000 0.000 0.000 0.000 0.000 0.000 0.000 0.000 49.678 38.678 0.000 0.000 0.000 0.000 0.000 0.000 0.000 0.000 0.000 0.000 37.172 31.170 34.165 38.161 33.157 32.153 31.149 33.145 37.141 31.135 24.123 39.112 18.106 0.000 0.000 0.000 0.000 0.000 22.211 45.209 36.206 37.203 37.200 29.196 50.193 51.191 0.000 0.000 12.165 42.163 35.161 57.159 50.158 32.156 65.154 13.153 0.000 11.142
27.883 43.531 56.155 58.776 56.315 56.262 53.845 61.738 61.221 34.538 0.000 43.909 0.000 55.753 24.258 0.000 0.000 0.000 0.000 0.000 0.000 0.000 0.000 56.679 50.678 0.000 0.000 0.000 0.000 0.000 0.000 0.000 0.000 23.214 0.000 38.181 34.176 34.170 34.164 34.159 34.155 34.151 34.147 36.144 14.141 0.000 9.100 40.089 10.078 0.000 0.000 0.000 23.220 54.217 42.215 41.212 33.209 34.205 34.201 32.197 46.195 6.196 0.000 0.000 13.161 38.160 33.159 46.158 45.157 0.000 0.000 0.000 11.141
19.644 27.288 49.932 54.507 57.466 55.007 62.513 62.168 41.419 17.226 0.000 60.558 58.461 44.876 0.000 0.000 0.000 0.000 0.000 0.000 0.000 0.000 59.685 65.680 36.677 0.000 0.000 0.000 0.000 0.000 0.000 0.000 0.000 40.214 38.207 35.194 34.185 31.173 35.166 35.161 35.156 35.152 35.149 38.146 11.144 0.000 0.000 38.072 38.068 8.062 0.000 0.000 8.223 41.223 34.222 33.219 32.216 32.210 32.205 32.200 33.197 42.197 0.000 0.000 0.000 6.159 39.158 42.158 40.157 0.000 0.000 0.000 35.140
23.425 34.057 38.682 36.583 48.139 62.917 62.763 46.402 25.165 18.668 0.000 40.281 52.949 26.413 0.000 0.000 0.000 0.000 47.729 53.725 45.718 43.704 52.690 45.681 35.672 0.000 0.000 0.000 0.000 0.000 0.000 0.000 0.000 38.220 35.214 34.205 8.195 0.000 40.166 34.162 34.157 34.153 34.150 35.147 9.146 0.000 0.000 39.059 38.058 9.057 0.000 0.000 38.227 34.230 34.230 34.228 33.224 33.215 37.210 0.000 4.197 7.197 0.000 0.000 0.000 0.000 39.157 34.157 34.157 35.157 0.000 7.139 37.139
35.166 48.805 24.523 23.397 62.980 62.978 49.394 36.120 32.457 37.297 0.000 7.337 42.643 0.000 0.000 0.000 0.000 43.736 47.732 49.729 47.726 0.000 0.000 0.000 47.658 31.644 0.000 0.000 0.000 0.000 0.000 0.000 6.242 48.233 45.224 20.216 0.000 0.000 53.169 39.164 35.159 34.153 38.149 15.148 0.000 14.037 52.039 33.046 37.049 9.051 0.000 0.000 0.000 39.241 34.240 38.239 5.237 0.000 0.000 0.000 0.000 0.000 0.000 0.000 0.000 0.000 39.157 34.157 34.157 39.157 0.000 0.000 11.139
55.871 44.457 24.521 20.020 62.941 24.434 30.160 32.388 36.064 54.648 64.100 52.087 0.000 0.000 0.000 0.000 41.743 35.739 41.736 56.732 55.730 0.000 0.000 0.000 0.000 48.630 0.000 0.000 0.000 34.293 0.000 0.000 50.252 49.244 55.233 48.219 13.205 67.191 64.177 62.168 60.160 52.152 33.146 20.147 0.000 28.034 81.035 35.038 36.042 10.046 0.000 0.000 0.000 44.252 30.251 35.250 6.249 0.000 0.000 0.000 0.000 0.000 0.000 0.000 0.000 35.157 37.157 39.157 33.157 38.157 0.000 0.000 8.138
64.457 51.554 33.856 62.530 20.456 22.243 21.411 21.053 30.619 58.154 53.563 24.825 0.000 0.000 40.752 6.751 48.746 40.743 51.739 46.734 25.732 0.000 0.000 0.000 0.000 52.617 28.612 0.000 0.000 30.293 38.293 42.286 44.270 46.259 36.245 33.223 41.204 41.191 61.180 44.171 38.160 36.148 16.137 0.000 4.040 23.031 91.027 47.030 13.033 0.000 0.000 0.000 2.264 57.264 30.262 37.261 9.259 0.000 0.000 0.000 0.000 0.000 0.000 0.000 14.156 37.156 52.156 50.157 43.157 2.157 0.000 0.000 9.138
62.513 60.755 62.096 39.386 27.290 23.433 23.069 21.644 28.232 43.781 39.172 0.000 0.000 0.000 43.754 64.753 59.750 60.746 42.743 0.000 0.000 0.000 0.000 0.000 43.603 34.607 26.608 0.000 0.000 0.000 42.300 46.294 46.284 46.275 30.267 0.000 37.197 38.190 62.183 48.174 42.162 28.143 35.117 50.083 70.049 59.024 83.010 48.023 12.028 0.000 0.000 0.000 0.000 55.277 31.274 32.271 37.269 0.000 0.000 0.000 0.000 0.000 0.000 0.000 0.000 7.156 56.156 53.156 6.156 0.000 0.000 0.000 5.138
60.591 62.036 61.242 60.255 42.400 22.049 22.634 23.249 21.880 24.568 0.000 0.000 0.000 0.000 59.757 49.756 47.754 43.750 0.000 0.000 0.000 0.000 0.000 44.599 35.600 31.601 14.605 0.000 0.000 0.000 42.313 50.307 59.297 58.288 60.282 48.283 0.000 6.188 65.187 49.180 23.173 0.000 38.107 48.084 75.049 37.006 20.968 0.000 0.000 0.000 0.000 0.000 8.303 46.293 33.286 34.280 37.276 10.276 0.000 0.000 0.000 0.000 0.000 0.000 0.000 0.000 13.156 14.156 0.000 0.000 0.000 0.000 6.138
62.041 61.019 63.132 63.296 46.967 23.567 26.195 25.833 23.471 24.043 0.000 39.765 0.000 5.763 53.762 53.761 60.761 0.000 0.000 18.669 6.669 0.000 0.000 39.598 33.595 27.593 0.000 0.000 0.000 0.000 40.333 41.323 43.311 42.299 40.290 32.284 0.000 0.000 67.196 53.187 38.177 1.154 37.119 48.095 72.058 27.984 23.887 6.819 0.000 0.000 0.000 0.000 8.314 53.306 32.297 34.288 34.280 35.276 39.274 11.272 0.000 0.000 0.000 0.000 0.000 0.000 0.000 0.000 0.000 0.000 0.000 0.000 0.000
61.728 63.928 63.120 63.820 37.439 28.085 47.743 41.417 23.130 0.837 0.000 36.765 51.765 56.765 42.765 63.766 55.766 0.000 0.000 32.669 63.670 15.665 0.000 40.600 34.591 31.582 0.000 0.000 48.419 44.397 40.362 42.341 47.323 47.308 45.294 56.280 48.260 8.239 67.213 59.197 59.181 51.163 32.139 50.120 58.103 0.000 26.776 9.752 0.000 0.000 0.000 0.000 18.332 57.321 29.309 31.292 32.281 33.275 38.272 10.271 0.000 0.000 0.000 0.000 0.000 0.000 0.000 0.000 0.000 0.000 0.000 0.000 0.000
