results1/res_4e8f-0119.wd
ncols         241
nrows         181
xllcorner     12693529.787448
yllcorner     3542525.717860
cellsize      155.156523
NODATA_value  -9999.000000
[rows 33 to 65 of 181, columns 73 to 145 of 241]
0.000 0.000 0.000 0.000 0.000 0.000 0.000 0.000 0.000 0.000 0.000 0.000 0.000 0.000 0.000 0.000 0.000 0.000 0.000 0.000 0.000 0.000 0.000 0.000 0.000 0.000 0.000 0.000 0.000 0.000 0.000 0.000 0.000 0.000 0.000 0.000 0.000 0.000 0.000 37.505 60.507 65.508 21.511 0.000 0.000 30.587 44.615 11.596 2.597 34.619 37.635 31.634 32.617 33.584 33.534 33.467 33.382 32.275 38.133 57.914 4.469 12.530 9.856 45.061 61.537 66.066 64.628 65.235 63.779 65.874 60.938 60.529 60.519
0.000 0.000 0.000 0.000 0.000 0.000 0.000 0.000 0.000 0.000 0.000 0.000 0.000 0.000 0.000 0.000 0.000 0.000 0.000 0.000 0.000 0.000 0.000 0.000 0.000 0.000 0.000 0.000 0.000 0.000 0.000 0.000 0.000 0.000 0.000 0.000 0.000 0.000 0.000 0.000 12.507 7.508 0.000 0.000 0.000 0.000 26.704 0.000 0.000 24.659 48.699 47.704 37.689 33.655 33.602 33.529 33.437 32.327 54.203 52.059 0.000 35.392 47.978 61.429 65.924 65.452 65.027 64.541 65.608 61.632 60.906 61.157 63.466
0.000 0.000 0.000 0.000 0.000 0.000 0.000 0.000 0.000 0.000 0.000 0.000 0.000 0.000 0.000 0.000 0.000 0.000 33.158 65.158 18.158 0.000 0.000 0.000 0.000 0.000 0.000 0.000 0.000 0.000 0.000 0.000 0.000 0.000 0.000 0.000 0.000 0.000 0.000 0.000 0.000 0.000 0.000 0.000 0.000 0.000 18.792 0.000 0.000 0.000 26.799 44.795 44.779 35.746 33.690 33.611 31.509 47.395 56.293 0.000 21.055 45.669 60.235 66.753 66.271 65.823 65.308 67.346 63.337 61.412 61.805 64.135 63.385
0.000 0.000 0.000 0.000 0.000 0.000 0.000 0.000 0.000 0.000 0.000 20.159 58.159 0.000 0.000 0.000 0.000 0.000 40.158 91.158 47.158 0.000 0.000 0.000 0.000 0.000 0.000 0.000 0.000 0.000 0.000 0.000 0.000 0.000 0.000 0.000 0.000 0.000 0.000 0.000 0.000 0.000 0.000 0.000 0.000 0.000 21.881 22.921 29.939 15.938 25.904 33.897 46.887 37.858 33.802 30.713 41.595 51.450 40.282 15.960 45.441 62.993 67.542 67.071 66.615 66.080 66.090 65.054 62.032 62.470 64.810 64.064 63.836
0.000 0.000 0.000 0.000 0.000 0.000 0.000 0.000 0.000 0.000 0.000 41.159 76.159 65.159 52.159 7.159 1.159 25.158 79.158 87.158 52.158 0.000 0.000 0.000 0.000 20.952 0.000 0.000 0.000 0.000 0.000 0.000 0.000 0.000 0.000 0.000 0.000 4.959 0.000 0.000 0.000 8.960 26.960 0.000 0.000 37.941 52.929 55.943 53.959 39.972 33.982 33.001 47.013 37.999 29.947 43.846 57.707 45.527 33.425 48.156 52.756 65.322 67.864 67.407 66.858 66.841 64.786 62.764 63.156 65.499 64.757 64.529 64.202
0.000 0.000 0.000 0.000 0.000 0.000 0.000 0.000 0.000 0.000 0.000 12.159 74.159 57.159 38.159 0.159 21.159 71.159 82.158 89.158 48.157 0.000 0.000 0.000 0.000 58.952 42.952 0.000 0.000 0.000 0.000 0.000 0.000 0.000 0.000 0.000 21.959 33.959 35.960 0.000 0.000 17.960 42.960 21.959 35.957 58.953 61.952 62.962 59.981 47.008 34.052 31.112 48.163 39.180 43.140 61.016 54.862 0.000 31.735 50.482 63.107 68.670 68.214 67.655 67.611 65.541 63.626 63.869 66.209 65.470 65.242 64.912 64.588
0.000 0.000 0.000 0.000 0.000 0.000 0.000 0.000 0.000 0.000 0.000 0.000 0.000 25.159 63.159 59.160 47.159 60.159 80.158 91.158 44.157 0.000 0.000 0.000 0.000 20.952 44.953 46.953 0.000 0.000 0.000 0.000 0.000 0.000 0.000 0.000 37.959 38.959 50.960 33.960 22.960 36.961 37.961 33.961 40.960 47.960 45.964 38.974 57.993 24.029 40.104 43.232 33.349 45.418 58.416 55.216 0.000 6.728 43.299 59.930 68.520 69.054 68.497 68.419 65.340 64.658 64.620 66.945 66.209 65.982 65.651 65.320 64.973
0.000 0.000 0.000 0.000 0.000 0.000 0.000 0.000 0.000 0.000 0.000 0.000 0.000 15.159 82.160 77.160 67.160 57.160 81.159 89.158 84.156 69.152 24.150 0.000 0.000 0.000 0.953 54.953 38.953 36.953 47.954 42.954 5.954 0.000 0.000 1.959 37.959 36.959 57.960 63.960 52.961 44.961 36.961 33.962 34.963 35.965 34.969 32.977 40.990 2.009 0.000 2.425 38.581 61.727 59.891 0.000 5.492 43.158 56.800 66.429 69.958 69.510 70.278 66.219 65.941 65.429 67.718 66.980 66.750 66.419 66.089 65.737 65.363
0.000 0.000 0.000 0.000 0.000 0.000 0.000 0.000 0.000 0.000 0.000 0.000 0.000 0.000 15.160 54.160 29.161 65.161 84.160 89.158 87.155 85.152 74.148 33.145 0.000 0.000 0.000 10.953 49.953 49.953 62.954 60.954 53.954 48.954 0.000 0.000 4.959 41.959 60.960 67.960 59.961 43.961 32.962 33.963 33.965 33.967 33.970 33.975 37.980 0.000 0.000 0.000 8.800 46.019 15.529 12.907 47.827 52.609 64.334 70.928 70.769 68.997 67.311 67.609 66.331 68.549 67.795 67.550 67.213 66.886 66.544 66.179 65.768
0.000 0.000 0.000 0.000 0.000 0.000 0.000 0.000 0.000 0.000 0.000 0.000 0.000 0.000 0.000 0.161 86.163 86.163 88.163 88.160 87.156 81.150 75.146 46.143 0.000 0.000 0.000 0.000 0.000 17.954 62.954 56.954 71.954 68.955 47.956 26.957 27.959 36.959 58.960 67.960 58.961 41.962 31.963 36.964 35.966 33.968 33.971 33.973 34.976 26.975 0.000 0.000 0.000 0.000 7.300 50.366 53.295 61.142 71.856 71.959 70.313 72.175 69.874 67.388 69.471 68.673 68.393 68.035 67.698 67.361 67.023 66.666 65.240
0.000 0.000 0.000 0.000 0.000 0.000 21.078 44.075 0.000 22.021 62.012 51.000 54.990 29.983 0.000 0.000 22.166 94.166 88.167 85.163 82.157 85.149 76.142 39.137 0.000 0.000 0.000 0.000 0.000 0.000 0.000 6.954 60.954 61.955 12.955 0.000 3.959 40.959 58.960 63.960 53.961 44.962 42.963 4.964 11.966 39.968 33.970 33.972 34.974 40.974 48.974 10.974 0.000 0.000 23.004 55.964 59.857 70.663 72.873 72.503 75.807 74.371 68.761 70.531 69.640 69.293 68.893 68.529 68.177 67.840 67.519 67.224 72.999
0.000 0.000 0.000 0.000 0.000 0.000 21.081 64.073 6.055 56.031 58.014 69.998 52.986 37.977 0.000 0.000 10.168 79.169 91.175 88.170 88.160 89.147 83.135 37.127 0.000 0.000 0.000 0.000 0.000 0.000 0.000 0.000 0.000 45.955 4.955 0.000 0.000 46.960 43.960 55.960 12.960 0.000 0.000 0.000 0.000 5.969 43.971 37.972 0.973 30.974 64.974 47.974 0.973 0.000 27.757 61.597 70.499 73.617 73.372 77.566 76.824 70.146 71.673 70.686 70.252 69.793 69.387 69.005 68.644 68.303 67.987 67.715 72.531
19.329 63.327 53.324 0.000 0.000 0.000 15.091 75.081 51.060 53.036 59.013 82.994 83.977 78.963 32.950 0.000 0.000 0.000 39.192 93.182 88.165 89.144 86.123 45.109 0.000 0.000 0.000 0.000 0.000 0.000 0.000 0.000 0.000 3.955 0.000 0.000 0.000 0.000 0.000 0.000 0.000 0.000 0.000 0.000 0.000 0.000 0.000 18.972 15.972 0.000 0.000 0.000 0.000 17.170 54.585 71.537 73.211 74.142 78.501 78.114 71.190 72.718 71.723 71.233 70.722 70.271 69.852 69.460 69.090 68.740 68.413 68.115 70.851
19.330 75.326 57.322 53.316 0.000 0.000 2.113 67.098 69.069 69.039 81.010 77.986 89.966 88.949 49.937 0.000 0.000 0.000 15.219 95.203 88.175 89.141 86.106 46.076 0.000 0.000 6.678 54.644 66.605 35.580 0.000 0.000 0.000 0.000 0.000 0.000 0.000 0.000 0.000 0.000 0.000 0.000 0.000 0.000 0.000 0.000 0.000 0.000 3.972 0.000 0.000 0.000 15.137 55.643 72.601 73.181 79.405 78.895 72.481 73.030 73.510 72.667 72.171 71.641 71.161 70.712 70.291 69.894 69.516 69.155 68.810 75.482 16.167
83.332 80.327 59.320 60.311 52.299 0.000 57.150 52.129 60.079 73.040 77.002 87.976 88.951 87.929 56.912 0.000 0.000 0.000 14.263 94.234 88.190 89.140 84.082 64.014 47.907 48.808 48.713 56.647 77.593 44.554 0.000 0.000 0.000 0.000 0.000 0.000 0.000 0.000 0.000 0.000 0.000 0.000 0.000 0.000 0.000 0.000 0.000 0.000 0.000 0.000 13.233 44.009 53.514 72.498 74.087 80.762 80.164 73.036 74.742 74.061 73.501 73.022 72.511 72.026 71.564 71.125 70.707 70.308 69.924 69.553 76.191 21.837 0.000
80.335 75.330 73.321 56.308 60.287 60.253 51.208 44.188 0.000 0.000 18.983 77.964 88.932 86.904 71.871 38.823 0.000 1.451 63.336 84.279 89.214 88.144 89.070 78.990 54.898 51.806 50.717 59.639 77.566 60.490 46.384 47.302 51.240 62.202 26.187 0.000 0.000 0.000 0.000 0.000 0.000 0.000 0.000 0.000 0.000 0.000 0.000 0.000 0.000 0.000 24.435 64.274 72.218 74.864 81.646 81.249 73.768 75.424 74.632 74.245 73.786 73.313 72.845 72.386 71.943 71.516 71.105 70.707 70.320 75.941 22.566 0.000 0.000
69.340 21.335 89.327 60.314 54.289 55.264 57.240 57.228 46.236 0.000 0.000 0.000 22.911 93.886 83.842 61.776 53.668 60.544 59.424 61.332 69.242 70.153 57.065 53.978 51.889 51.800 50.712 59.626 74.541 53.454 50.362 55.280 71.217 74.180 59.172 33.172 0.000 0.000 0.000 0.000 0.000 0.000 0.000 0.000 0.000 0.000 0.000 0.000 0.000 15.281 57.123 72.731 75.569 82.208 81.965 74.472 76.104 75.308 74.938 74.494 74.054 73.609 73.167 72.731 72.306 71.892 71.489 71.095 76.708 22.324 0.000 0.000 0.000
15.347 88.344 89.338 75.332 0.000 2.275 62.261 58.248 69.244 60.244 0.000 0.000 1.914 81.885 78.837 63.771 54.684 51.585 51.483 54.381 67.269 75.162 78.059 70.968 60.880 53.792 52.703 68.612 71.520 46.425 50.329 50.240 51.168 55.127 34.150 0.000 0.000 0.000 4.731 0.000 0.000 0.000 0.000 0.000 0.000 0.000 0.000 18.509 50.178 58.033 71.545 82.866 82.478 75.539 76.128 76.685 75.985 75.610 75.176 74.753 74.328 73.903 73.481 73.066 72.658 72.258 72.865 79.477 23.093 0.000 0.000 0.000 0.000
93.355 89.354 89.351 89.343 76.330 59.301 59.279 59.260 50.248 0.000 16.019 22.996 74.948 71.903 74.850 67.787 68.712 68.629 68.541 71.442 66.292 66.165 68.042 71.955 72.872 70.787 66.696 77.601 75.500 63.395 64.289 64.183 66.086 41.012 0.000 0.000 0.000 0.000 5.731 0.000 0.000 0.000 0.000 0.000 0.000 5.370 53.158 53.729 74.745 75.301 83.951 83.465 78.034 77.743 77.124 76.648 76.260 75.837 75.425 75.012 74.601 74.193 73.790 73.393 73.002 73.616 77.235 9.856 0.000 0.000 0.000 0.000 0.000
92.363 88.367 88.367 89.360 86.345 64.320 58.294 59.267 60.239 52.202 1.100 67.021 63.977 64.929 65.875 60.814 64.748 69.678 77.609 62.554 0.000 0.000 12.989 70.937 66.866 66.786 66.695 66.594 66.485 66.369 66.247 66.119 63.981 58.824 31.615 0.000 7.266 51.040 57.731 69.413 39.166 0.000 0.000 0.000 0.000 54.559 65.369 77.300 77.938 84.694 84.356 78.694 78.362 77.619 77.282 76.883 76.477 76.073 75.670 75.270 74.872 74.479 74.093 73.714 74.340 76.970 24.602 0.000 0.000 0.000 0.000 0.000 0.000
78.371 78.384 78.391 89.386 89.369 79.342 55.309 58.274 59.238 59.195 65.134 74.067 58.012 54.960 52.905 59.847 74.787 73.725 58.666 38.610 0.000 0.000 0.000 0.000 55.868 50.798 50.703 50.595 50.476 51.348 54.212 55.064 54.895 53.688 54.405 52.967 52.493 61.123 67.740 65.342 71.918 69.354 63.829 61.310 63.689 75.261 78.763 78.554 85.187 84.971 79.341 78.987 78.230 77.895 77.492 77.097 76.701 76.306 75.914 75.524 75.138 74.758 74.389 75.029 75.674 14.322 0.000 0.000 0.000 0.000 0.000 0.000 0.000
0.000 44.406 56.428 84.424 88.403 69.369 52.325 51.283 59.246 59.206 58.157 52.101 53.044 58.993 75.940 74.884 57.826 50.771 40.718 0.000 60.335 69.278 65.190 66.078 68.941 71.834 70.725 71.607 74.475 73.336 70.189 72.030 66.847 52.628 56.352 55.002 59.615 77.218 83.765 80.298 73.812 68.313 69.842 76.298 81.143 79.554 85.792 85.438 79.340 80.945 79.523 78.855 78.507 78.100 77.707 77.313 76.923 76.537 76.155 75.776 75.398 76.026 73.676 69.339 21.007 0.000 0.000 0.000 0.000 0.000 0.000 0.000 0.000
0.000 0.000 49.492 68.477 79.451 54.405 46.339 53.288 51.255 58.225 59.188 59.136 52.069 69.028 60.978 49.922 52.863 44.814 0.000 69.475 72.392 72.308 74.213 75.104 77.985 81.871 80.757 80.632 80.483 82.330 83.180 81.019 68.836 54.623 56.372 56.077 55.745 58.371 31.803 4.272 93.716 135.265 112.788 78.717 80.230 86.777 86.331 79.795 82.519 79.927 79.478 79.112 78.710 78.315 77.919 77.526 77.140 76.763 76.394 76.026 77.652 72.272 60.950 15.644 0.000 0.000 0.000 0.000 0.000 0.000 0.000 0.000 39.525
1.792 0.000 4.569 25.544 60.518 42.461 0.000 48.276 53.263 53.250 59.234 48.185 0.000 53.070 51.024 52.962 53.890 63.809 77.698 74.558 76.450 82.351 92.250 136.141 133.021 132.909 132.801 132.679 133.495 117.323 49.181 52.029 49.856 57.658 56.436 53.187 50.920 32.716 0.000 0.000 2.445 60.118 77.149 81.751 87.477 87.156 79.403 81.098 80.391 80.081 79.705 79.316 78.924 78.528 78.130 77.733 77.348 76.981 77.631 76.284 67.910 56.463 14.206 0.000 0.000 0.000 0.000 0.000 0.000 0.000 0.000 30.682 51.611
75.786 23.749 12.673 75.610 53.615 0.000 0.000 0.000 47.271 60.278 52.314 0.000 5.242 61.159 52.087 63.011 75.927 75.834 80.726 83.609 76.499 62.396 53.294 49.189 47.051 49.943 50.857 37.790 0.000 54.284 51.193 50.061 53.900 57.718 54.525 46.315 53.031 33.859 0.000 0.000 55.393 72.423 82.162 87.970 87.749 79.995 81.676 80.966 80.667 80.291 79.916 79.532 79.140 78.743 78.339 77.928 77.538 78.182 73.864 62.570 19.240 0.000 0.000 0.000 0.000 0.000 0.000 0.000 0.000 0.000 0.000 48.753 47.698
85.804 93.787 81.763 0.000 10.717 4.818 0.000 0.000 0.000 0.000 56.430 54.414 62.324 59.238 59.154 59.067 75.973 89.873 78.764 58.652 56.542 51.439 53.343 44.269 0.000 55.956 52.894 41.835 0.000 55.336 50.247 51.120 57.965 55.790 53.632 35.518 0.000 0.535 51.969 49.837 66.642 82.568 88.244 80.938 81.503 82.158 81.549 81.248 80.880 80.514 80.138 79.753 79.363 78.967 78.553 79.102 78.694 68.347 53.072 15.893 0.000 0.000 0.000 0.000 0.000 0.000 0.000 0.000 24.142 23.096 38.011 49.881 37.795
75.831 79.831 69.829 0.000 0.000 69.920 62.945 56.936 0.854 8.671 74.561 71.487 58.403 59.315 59.224 60.129 81.027 132.920 125.807 72.692 127.580 48.473 52.371 52.274 54.163 52.030 51.928 51.821 53.670 49.476 49.340 58.207 57.050 53.845 48.694 37.606 0.000 0.000 54.070 60.937 82.960 81.857 88.604 81.987 82.570 82.115 81.820 81.468 81.113 80.745 80.368 79.982 79.590 79.208 80.807 76.232 57.788 44.439 46.183 12.038 0.000 0.000 0.000 0.000 0.000 0.000 0.000 0.000 33.188 38.136 52.058 45.964 35.881
71.860 66.877 10.895 0.000 1.050 52.996 61.981 58.944 76.871 70.757 75.658 83.572 74.485 59.394 59.299 59.197 58.088 51.972 46.851 51.730 48.613 52.501 52.396 52.292 52.186 52.074 51.966 51.851 50.714 55.558 57.430 58.319 42.185 0.000 41.694 0.000 0.000 0.000 58.275 80.211 84.230 89.607 89.140 82.082 82.731 82.368 82.049 81.710 81.355 80.987 80.608 80.215 79.809 78.467 40.233 0.000 0.000 0.000 0.000 0.000 0.000 0.000 0.000 29.654 24.622 23.570 22.499 26.408 35.286 51.201 45.119 36.036 45.958
63.887 54.922 59.977 5.070 58.097 54.071 53.038 70.987 63.917 79.829 88.742 68.657 54.570 52.479 55.381 58.273 59.155 59.028 51.895 50.764 51.640 51.525 52.417 52.314 52.214 57.113 54.011 50.902 51.775 54.612 58.504 47.453 0.000 0.000 0.000 0.000 13.990 133.871 77.583 84.611 82.593 90.019 81.910 84.424 85.904 82.625 82.304 81.966 81.611 81.238 81.863 78.461 65.963 56.618 14.426 0.000 0.000 0.000 0.000 0.000 0.000 0.000 31.737 31.687 31.642 32.588 32.520 33.439 47.347 47.263 31.183 34.105 36.029
38.902 39.949 34.021 58.137 54.168 53.152 64.111 68.052 78.980 85.901 51.822 50.743 51.661 53.571 52.471 49.359 57.231 58.090 58.939 57.791 51.659 50.540 49.433 50.335 56.242 115.153 83.065 62.972 45.874 0.000 60.520 68.536 0.000 0.000 0.000 0.000 58.111 69.013 85.898 83.937 90.739 90.393 83.003 83.529 84.190 82.892 82.576 82.241 81.883 82.492 81.145 33.803 0.000 0.000 0.000 0.000 0.000 0.000 0.000 0.000 0.000 0.000 38.787 34.715 31.672 32.619 30.555 42.481 49.401 33.322 34.245 42.170 40.097
0.000 0.000 0.000 51.289 54.286 56.258 77.204 88.129 102.049 83.974 12.903 69.833 69.758 53.674 53.575 52.459 50.322 53.161 58.978 56.804 57.663 59.544 57.441 55.349 51.267 46.192 51.122 46.047 0.000 0.000 0.000 54.635 46.660 0.000 0.000 0.653 68.330 85.208 85.289 83.308 91.054 82.735 85.232 86.734 83.473 83.177 82.868 82.538 82.189 79.701 34.423 0.000 0.000 0.000 0.000 0.000 0.000 0.000 0.000 0.000 0.000 37.976 7.909 0.000 39.710 29.663 40.600 52.529 40.454 35.379 40.305 44.232 37.162
0.000 0.000 0.000 49.444 55.429 71.389 82.318 130.210 124.115 126.042 131.984 127.928 128.866 53.790 53.697 52.580 52.436 51.256 46.007 55.786 57.644 58.533 56.437 58.355 58.284 59.226 52.186 0.000 0.000 0.000 0.000 55.710 40.685 0.000 0.000 59.811 81.618 85.557 84.543 91.630 91.350 83.797 84.340 85.026 83.759 83.479 83.179 83.856 58.632 0.000 0.000 0.000 0.000 0.000 0.000 0.000 0.000 0.000 50.255 39.210 29.140 33.042 32.965 33.899 33.796 36.722 49.652 46.581 41.508 42.436 40.364 38.293 34.225
15.650 0.000 0.000 50.615 67.595 75.552 81.469 52.279 51.158 50.096 47.061 48.030 47.986 53.924 53.841 69.731 69.584 45.420 0.000 42.690 55.594 57.506 55.420 57.349 57.289 58.241 54.209 0.000 0.000 0.038 53.909 38.809 0.000 0.000 61.165 70.017 86.868 85.766 84.943 91.891 83.481 86.005 88.537 84.309 84.057 83.800 82.512 70.074 28.853 0.000 0.000 0.000 0.000 0.000 36.477 31.460 31.425 31.373 35.300 47.237 50.167 36.087 31.011 32.936 34.854 49.778 48.705 34.634 43.562 44.491 43.421 36.352 32.285
