results1/res_4e8f-0235.wd
ncols         241
nrows         181
xllcorner     12693529.787448
yllcorner     3542525.717860
cellsize      155.156523
NODATA_value  -9999.000000
[rows 66 to 98 of 181, columns 73 to 145 of 241]
71.965 35.950 0.000 61.114 78.090 77.057 77.028 0.000 48.420 48.403 61.416 57.426 56.406 56.360 55.290 131.190 119.016 0.000 0.000 0.000 51.727 46.664 51.567 54.504 54.451 56.401 57.352 62.294 63.240 64.196 55.164 0.000 0.000 52.461 102.461 84.375 88.241 88.332 86.386 94.304 86.797 87.277 88.017 86.790 86.568 87.365 57.210 0.000 0.000 0.000 0.000 0.000 0.000 0.000 43.810 41.786 41.744 41.689 41.622 41.552 45.478 58.399 55.321 40.245 51.170 60.096 39.023 41.950 47.878 52.806 48.736 42.667 40.599
56.968 62.936 0.769 49.344 73.300 72.268 66.270 19.356 0.000 0.000 54.496 67.576 56.576 55.544 56.500 37.458 0.000 0.000 0.000 0.000 0.000 0.000 62.499 60.472 58.438 41.395 44.345 51.289 52.249 57.217 48.190 0.000 0.000 0.000 62.704 80.612 87.550 87.644 94.729 94.524 86.868 87.557 87.269 87.059 86.849 81.662 39.530 0.000 3.717 36.717 0.000 0.000 0.000 49.893 44.857 41.821 41.777 41.724 41.662 41.595 41.524 41.449 48.374 62.299 63.225 46.152 40.080 41.008 41.937 45.866 44.797 40.728 40.661
58.983 57.914 62.784 60.590 74.496 67.446 68.429 65.442 0.000 0.000 0.000 69.805 64.777 59.742 61.707 8.683 0.000 0.000 0.000 0.000 0.000 0.000 61.457 57.446 48.434 0.000 0.000 49.269 61.248 60.232 0.000 0.000 8.411 65.291 57.037 60.859 67.937 82.998 94.920 86.605 88.161 87.726 87.537 87.320 85.108 67.904 46.717 52.717 50.717 31.717 0.000 0.000 0.000 7.930 58.902 40.865 41.820 45.767 53.707 43.642 41.572 40.500 44.427 59.353 66.280 58.207 44.135 39.064 40.994 40.925 40.856 40.788 39.721
59.029 56.954 60.852 71.735 65.649 58.591 77.556 66.542 18.559 0.000 12.211 62.062 77.987 72.938 72.904 75.885 0.000 0.000 0.000 0.000 7.409 7.413 59.426 50.423 53.417 0.000 0.000 0.000 97.244 124.232 39.215 0.000 64.531 59.427 59.264 59.171 55.253 95.272 95.102 87.651 91.257 88.004 87.796 87.582 79.356 32.130 0.000 54.717 32.717 0.000 0.000 0.000 47.037 45.994 44.957 40.917 44.871 56.817 61.758 59.693 52.624 42.553 51.480 59.407 38.334 44.261 57.190 54.120 50.051 57.983 38.916 40.848 38.781
57.091 63.019 72.936 64.849 56.774 56.712 69.661 77.612 73.576 76.502 78.359 73.246 68.169 70.118 59.085 58.069 0.000 0.000 0.000 8.402 64.404 63.406 51.408 53.405 54.394 58.374 57.360 0.000 8.252 2.236 1.185 10.936 70.756 63.621 58.458 59.548 57.593 95.428 57.265 64.856 79.452 87.273 88.060 85.854 44.605 0.000 0.000 0.000 0.000 0.000 0.000 48.107 42.081 42.050 42.016 42.975 52.928 61.874 60.813 60.748 56.679 52.607 62.533 45.460 40.387 41.314 41.244 51.174 64.107 51.041 38.975 39.908 45.841
63.161 74.096 64.025 56.952 57.885 57.824 59.762 43.669 69.633 67.569 59.479 56.393 55.327 71.280 73.250 60.236 0.000 0.000 0.000 64.399 60.399 57.399 50.397 54.392 54.382 54.366 54.347 13.314 16.275 17.245 19.198 87.071 83.938 72.805 71.759 60.756 95.705 95.573 59.316 65.966 60.742 67.547 86.320 61.170 0.000 0.000 0.000 0.000 0.000 0.000 0.000 48.133 42.129 42.111 42.081 43.041 51.992 61.936 60.874 59.807 56.736 61.662 55.587 39.512 41.438 41.366 41.296 51.227 59.162 38.098 41.034 43.970 62.901
74.238 64.178 57.114 58.050 57.990 58.936 39.896 0.000 26.716 54.664 57.593 57.521 57.466 55.426 79.400 63.388 0.000 0.000 0.000 41.397 58.395 52.393 53.390 54.385 54.376 54.363 54.345 65.322 5.290 9.273 26.284 79.213 89.110 10.998 92.919 83.110 95.821 57.885 71.530 68.174 58.045 54.851 51.502 36.336 0.000 0.000 43.708 0.000 0.000 0.000 0.000 44.163 42.192 42.183 42.155 42.114 43.064 49.005 56.940 56.869 56.795 60.719 38.641 41.564 41.489 40.416 46.345 63.278 46.214 40.154 43.095 24.035 24.952
64.319 57.263 58.204 58.145 58.087 61.035 16.990 14.954 7.851 52.778 57.707 59.633 57.588 56.557 74.537 70.528 0.000 0.000 0.000 0.000 49.390 52.388 54.385 54.380 54.373 54.363 56.351 42.336 0.000 0.000 76.451 79.386 90.295 96.166 90.269 88.307 95.920 78.933 81.636 66.478 59.384 52.310 0.000 0.000 0.000 0.000 41.708 0.000 0.000 0.000 0.000 0.245 45.291 42.275 42.242 42.198 42.143 42.081 42.011 48.936 56.857 44.776 41.695 41.615 41.537 44.463 57.392 57.325 39.264 41.207 44.159 11.124 0.000
57.405 58.351 58.294 58.237 58.180 58.126 62.074 63.022 62.955 58.891 58.823 38.717 55.696 56.677 72.663 71.659 0.000 0.000 0.000 0.000 48.386 54.385 54.382 54.378 54.373 54.367 42.359 0.000 0.000 4.816 81.683 87.587 90.487 90.434 89.512 96.054 88.412 91.129 85.818 70.760 60.701 59.697 59.831 0.000 0.000 0.000 38.708 45.708 38.708 0.000 0.000 0.000 60.410 41.382 42.342 42.291 42.232 43.163 42.087 42.006 41.920 41.834 41.747 41.663 40.582 46.506 61.434 38.368 41.308 41.254 43.208 18.177 0.000
58.494 58.441 58.386 58.329 58.271 58.214 58.158 58.105 58.055 58.010 61.976 0.000 48.803 57.790 73.780 68.786 4.833 0.000 0.000 0.000 53.384 56.383 56.381 56.378 54.375 57.372 0.000 0.000 0.000 73.949 79.877 90.792 90.674 90.783 88.832 96.258 89.543 94.187 90.079 91.013 78.964 66.945 55.965 50.965 52.965 0.000 0.000 44.709 39.708 45.702 46.687 44.648 50.556 60.502 42.451 43.394 52.328 59.253 41.170 42.079 41.985 41.891 41.797 40.708 45.623 64.544 58.471 47.405 40.345 41.291 43.243 58.200 76.154
58.586 58.533 58.478 58.421 58.362 58.300 58.240 61.186 59.150 58.118 62.094 0.000 48.923 57.901 74.880 66.872 6.879 0.000 0.000 0.000 26.383 36.382 35.380 35.378 56.376 41.374 0.000 0.000 0.000 76.154 86.088 91.000 90.959 90.063 96.878 96.585 90.605 91.449 90.307 90.251 91.197 82.154 47.119 0.000 0.000 0.000 0.000 42.710 42.712 39.712 41.710 42.702 41.663 48.618 62.567 45.506 43.435 53.352 41.259 42.157 42.051 41.946 41.844 41.748 49.658 62.576 49.502 61.436 39.376 40.322 45.273 66.227 78.178
58.680 58.627 58.573 58.516 58.455 61.385 63.316 35.248 56.241 59.217 61.189 21.163 52.066 57.009 68.968 66.943 7.934 0.000 0.000 0.000 0.000 0.000 2.379 2.378 37.377 0.000 0.000 0.000 24.590 74.425 91.319 91.201 91.318 89.405 97.143 89.186 94.894 90.590 90.545 90.479 90.420 80.356 41.237 0.000 0.000 0.000 0.000 0.000 45.717 46.723 33.740 41.787 42.776 42.741 46.691 62.629 45.552 42.461 42.356 42.238 42.117 41.999 39.886 45.781 64.685 45.600 44.525 58.460 42.401 40.349 47.301 73.255 78.209
58.776 58.723 58.670 58.616 60.556 36.469 38.393 0.000 18.350 54.320 58.281 62.235 58.167 61.102 66.039 70.998 9.979 0.000 0.000 0.000 0.000 3.378 55.378 62.378 0.000 0.000 0.000 7.874 83.756 85.637 91.532 91.489 90.609 97.623 97.391 90.245 90.961 90.834 90.766 90.703 89.649 69.610 0.000 0.000 0.000 0.000 0.000 0.000 0.000 37.723 0.000 48.930 45.913 41.879 41.829 43.765 60.685 49.585 41.464 42.323 42.180 41.045 45.919 47.804 46.701 43.613 41.540 41.476 41.421 42.372 55.327 77.284 78.243
58.872 58.819 58.769 58.723 63.684 1.669 0.000 24.579 16.490 50.432 59.381 57.328 59.265 71.194 43.089 37.030 2.005 0.000 0.000 0.000 0.000 53.378 59.378 61.378 0.000 0.000 0.000 70.991 75.923 89.836 91.720 91.851 89.947 97.836 89.739 91.417 91.113 91.055 90.981 90.918 82.864 59.826 0.000 0.000 0.000 0.000 0.000 0.000 0.000 0.000 0.000 53.088 48.069 42.032 39.982 42.917 42.836 58.732 51.593 42.409 43.237 41.082 47.943 47.816 44.701 38.613 41.543 41.485 43.434 57.389 76.349 78.312 81.279
59.964 57.912 57.864 57.821 60.788 30.774 27.749 59.668 64.597 58.538 56.484 63.429 73.373 76.321 0.250 0.000 0.000 0.000 0.000 0.000 0.000 21.378 28.378 30.378 0.000 0.000 0.000 73.177 81.113 91.025 92.018 91.056 98.230 98.039 90.768 91.474 91.338 91.261 91.189 91.123 73.061 55.005 0.000 0.000 0.000 0.000 0.000 0.000 0.000 0.000 0.000 51.266 49.241 49.200 46.148 39.085 41.010 41.912 57.768 57.484 54.275 51.103 43.954 42.815 39.676 40.595 41.535 45.486 65.442 77.403 77.368 78.337 77.310
74.053 73.000 71.953 69.910 66.874 67.842 67.804 64.749 65.692 67.638 67.586 73.533 75.475 33.398 0.000 0.000 0.000 0.000 0.000 0.000 0.000 0.000 0.000 0.000 0.000 11.685 19.606 74.427 91.319 92.228 92.179 91.407 98.408 90.239 91.916 91.606 91.542 91.462 91.391 89.325 71.252 42.128 0.000 0.000 0.000 0.000 0.000 0.000 0.000 0.000 0.000 41.470 45.430 48.379 49.325 48.267 45.205 41.140 35.081 0.000 0.000 0.000 0.000 0.000 43.591 41.557 44.518 65.480 78.445 77.412 78.384 81.358 77.337
70.136 72.084 71.036 72.993 74.954 73.917 72.877 70.831 68.784 68.737 69.690 65.642 65.597 0.000 0.000 0.000 0.000 0.000 0.000 0.000 0.000 0.000 0.000 0.000 0.000 60.763 83.707 82.604 91.511 92.400 92.527 90.629 98.573 92.331 91.938 91.815 91.733 91.657 91.589 87.533 67.492 0.000 0.000 0.000 0.000 0.000 0.000 0.000 0.000 0.000 48.860 43.713 40.628 42.562 47.505 49.452 49.404 50.363 41.336 0.000 0.000 0.000 0.000 0.000 44.540 42.523 58.499 79.472 77.444 77.419 77.395 78.375 77.358
58.214 58.163 59.116 66.072 75.032 80.994 68.955 62.915 57.875 55.836 54.795 60.749 39.673 0.000 0.000 0.000 0.000 0.000 0.000 0.000 0.000 0.000 0.000 0.000 0.000 66.898 82.852 90.776 92.690 92.657 91.787 98.867 98.726 94.346 92.154 91.994 91.919 91.843 91.777 86.724 61.692 0.000 0.000 0.000 0.000 0.000 0.000 0.000 0.000 49.131 44.008 43.894 43.807 42.738 39.680 44.633 48.596 49.571 46.563 0.000 0.000 0.000 0.000 47.496 41.505 45.498 73.483 77.463 77.443 77.423 77.404 77.388 77.374
57.288 57.237 61.191 66.149 68.109 71.071 61.035 57.000 57.966 57.935 59.906 37.885 0.000 0.000 0.000 0.000 0.000 0.000 0.000 0.000 0.000 0.000 0.000 0.000 0.000 53.080 82.028 91.957 92.856 92.985 91.094 98.997 91.891 93.566 92.248 92.183 92.097 92.020 91.950 82.895 55.861 0.000 0.000 0.000 0.000 0.000 0.000 0.000 48.366 44.253 44.146 44.049 43.968 43.901 43.846 40.804 39.774 42.763 49.783 49.871 0.000 0.000 0.000 41.486 42.487 60.481 77.470 76.456 76.441 77.425 77.411 77.398 77.387
57.356 57.308 59.263 60.222 58.183 57.148 58.114 57.083 57.055 57.030 62.011 6.999 0.000 0.000 0.000 0.000 0.000 0.000 0.000 0.000 0.000 0.000 0.000 0.000 4.448 61.313 90.224 93.140 93.110 92.240 99.234 99.120 94.887 92.589 92.445 92.357 92.270 92.188 93.111 73.043 60.996 0.000 0.000 47.967 0.000 47.738 49.694 49.611 44.479 44.371 44.275 44.188 44.114 44.051 44.000 43.961 42.935 39.925 48.933 49.959 42.959 0.000 0.000 49.476 41.474 49.470 55.461 58.451 62.439 68.427 74.415 76.405 76.397
58.421 58.375 58.332 58.292 58.255 57.221 57.191 57.163 57.140 56.121 64.108 15.102 0.000 0.000 0.000 0.000 0.000 0.000 0.000 0.000 0.000 0.000 0.000 0.000 45.584 81.501 92.415 93.305 93.445 91.537 99.336 92.337 94.012 92.697 92.623 92.528 92.438 92.350 93.262 65.171 43.083 0.000 0.000 43.967 0.000 42.781 44.734 44.660 44.567 44.477 44.393 44.316 44.248 44.190 44.142 44.105 42.080 44.067 50.067 47.073 0.000 0.000 0.000 48.468 47.466 46.461 45.455 44.446 43.437 47.428 58.419 54.411 56.405
56.482 56.438 56.397 56.359 56.324 56.292 56.264 57.239 59.219 61.205 36.199 3.199 0.000 0.000 0.000 0.000 0.000 0.000 0.000 3.820 12.812 0.000 0.000 15.943 56.801 87.695 93.592 93.580 92.608 99.516 99.431 95.326 93.032 92.884 92.791 92.697 92.605 92.512 88.418 35.294 0.000 0.000 0.000 43.967 49.948 44.872 44.801 44.727 44.652 44.577 44.504 44.435 44.373 44.318 44.273 44.238 41.213 50.198 50.193 46.194 0.000 0.000 0.000 47.462 46.459 47.455 47.450 47.443 47.436 47.428 46.421 46.415 45.410
57.539 57.498 60.459 64.423 67.390 71.360 73.333 76.311 75.293 67.283 5.281 16.297 40.350 8.374 0.000 0.000 0.000 0.000 0.000 43.828 70.803 10.764 0.000 50.084 82.985 92.876 93.776 93.706 92.929 99.589 91.761 93.448 93.131 93.056 92.959 92.865 92.770 93.677 80.603 0.000 0.000 0.000 0.000 23.986 44.005 44.956 46.872 46.797 44.736 44.674 44.610 44.547 44.489 44.438 44.394 41.360 46.334 49.319 50.313 41.315 0.000 0.000 0.000 31.458 52.454 52.450 49.446 46.440 46.434 47.429 48.423 48.418 47.414
59.593 58.555 65.518 74.484 75.453 74.424 73.399 72.377 69.361 63.350 38.348 55.357 73.379 42.398 26.418 2.426 0.000 0.000 14.901 53.862 67.810 6.724 25.561 67.325 92.176 95.060 93.900 94.111 92.087 99.651 93.744 93.459 93.312 93.220 93.127 93.033 92.934 94.823 38.713 0.000 0.000 0.000 0.000 0.000 40.131 46.077 26.933 26.851 43.823 44.774 44.715 44.655 44.599 44.549 43.507 41.472 50.447 50.431 47.426 41.438 47.487 0.000 0.000 0.000 63.449 78.447 71.442 67.438 63.433 59.428 62.424 62.420 45.417
59.645 59.609 62.575 65.543 64.513 62.485 60.461 58.439 56.421 56.409 65.403 67.404 64.412 61.421 65.430 13.434 0.000 0.000 54.940 84.908 35.850 31.761 65.634 89.479 94.345 94.200 94.318 92.272 99.734 92.147 93.861 93.549 93.477 93.384 93.295 93.207 96.111 52.967 0.000 0.000 0.000 0.000 0.000 0.000 42.310 47.287 0.000 0.000 40.931 44.883 44.821 44.760 44.703 44.654 41.611 49.576 50.549 49.531 40.522 44.524 44.536 0.000 0.000 0.000 31.447 61.444 79.440 78.436 78.432 78.428 78.425 72.422 62.419
59.694 59.662 59.630 58.600 58.571 59.544 59.519 59.497 57.477 58.462 63.450 66.444 62.443 57.444 60.446 15.446 0.000 0.000 47.012 56.979 34.921 67.838 82.733 91.613 94.495 94.426 93.523 100.102 99.872 93.136 93.864 93.722 93.635 93.547 93.463 93.388 96.337 0.000 0.000 11.701 20.701 0.000 0.000 43.607 46.512 45.474 52.493 1.401 41.088 45.005 44.926 44.859 44.801 42.751 44.708 50.672 50.643 42.622 43.607 44.600 44.598 0.000 0.000 0.000 0.000 0.000 61.436 77.433 77.430 77.428 77.425 78.423 78.421
59.743 59.713 59.684 59.655 59.627 59.600 59.575 58.551 57.530 61.510 65.493 65.480 60.472 56.467 61.463 14.459 0.000 0.000 43.117 12.076 59.015 82.939 88.847 94.752 94.600 94.809 92.797 100.307 92.553 94.264 93.952 93.882 93.791 93.705 93.622 100.545 84.512 0.000 7.701 57.701 43.701 0.000 0.000 38.702 46.655 45.606 45.552 51.445 49.261 48.121 45.021 44.949 44.890 41.841 49.797 50.760 46.730 41.705 44.686 44.670 46.657 50.668 0.000 0.000 0.000 0.000 0.000 74.430 77.429 77.427 77.425 78.424 76.422
59.794 59.765 59.737 59.708 59.681 59.655 58.629 57.604 59.580 63.555 66.531 62.511 57.498 56.489 59.481 41.468 28.438 29.376 25.262 26.192 66.126 87.053 92.974 94.862 94.999 92.989 100.667 100.495 93.556 94.269 94.123 94.033 93.945 93.861 98.775 41.658 56.653 26.690 57.700 65.702 0.000 0.000 0.000 37.843 46.803 45.743 45.664 55.550 66.389 40.199 50.087 46.024 42.972 44.924 50.880 49.842 40.811 43.784 44.762 44.737 31.691 32.680 0.000 0.000 0.000 0.000 0.000 55.428 76.427 77.426 77.425 81.424 77.423
59.845 59.817 59.789 59.762 59.735 59.708 57.683 57.657 61.631 68.600 69.564 65.537 60.519 58.509 58.504 60.493 60.470 69.427 10.364 44.304 82.243 89.176 95.103 95.067 94.197 100.974 100.825 93.909 94.689 94.351 94.277 94.182 94.096 94.017 101.959 0.000 39.754 41.717 31.707 33.705 0.000 0.000 0.298 41.024 46.970 45.898 51.811 67.702 44.546 0.000 31.105 44.090 42.049 50.003 50.958 46.919 43.886 44.859 44.839 46.826 0.000 0.000 0.000 0.000 0.000 0.000 47.427 28.427 67.427 77.426 77.425 82.424 77.424
59.896 59.868 59.841 59.814 59.787 58.762 57.736 59.711 66.685 43.651 19.589 18.553 15.532 45.524 62.532 57.531 60.522 41.500 3.463 49.418 87.365 93.311 95.198 95.439 93.461 101.111 94.240 95.016 94.584 94.525 94.419 94.326 94.237 95.155 93.084 15.029 14.891 0.000 0.000 0.000 0.000 0.000 40.401 48.254 46.155 45.067 64.981 68.902 0.000 0.000 1.218 40.180 46.132 51.079 51.030 40.988 44.954 44.928 44.910 47.901 0.000 0.000 0.000 0.000 0.000 0.000 26.427 0.000 55.426 77.425 77.425 83.424 77.424
59.947 59.920 59.893 59.866 58.840 57.814 59.789 62.766 70.746 29.730 0.000 0.000 0.000 0.000 44.569 59.578 60.585 46.587 48.571 74.539 91.497 95.421 95.592 93.612 101.353 101.238 95.218 94.911 94.762 94.658 94.560 94.464 94.372 97.280 82.193 11.111 0.000 0.000 0.000 0.000 0.000 1.758 40.553 47.435 46.330 44.235 72.143 33.022 0.000 0.000 46.397 51.300 51.220 51.152 49.096 44.050 45.014 44.989 44.973 46.966 0.041 51.060 3.060 0.000 0.000 0.000 0.000 0.000 48.425 77.425 77.424 77.424 77.424
59.997 59.971 59.944 59.918 58.891 57.866 61.841 65.819 69.802 27.793 0.000 0.000 0.000 0.000 24.597 67.626 62.655 68.691 81.694 90.672 94.631 95.637 94.785 101.558 101.459 94.552 95.326 94.982 94.898 94.793 94.695 94.601 98.505 61.402 33.298 0.000 0.000 0.000 0.000 0.000 3.035 42.913 47.742 46.605 48.493 45.401 69.334 0.000 0.000 41.717 48.544 64.404 53.296 50.214 46.150 44.101 44.065 45.040 45.026 45.026 50.050 46.060 37.060 0.000 0.000 0.000 44.424 46.424 45.425 77.424 77.424 77.424 77.424
60.047 60.022 59.996 59.969 57.942 59.916 65.890 66.867 64.851 51.847 12.863 0.000 0.000 0.000 0.000 20.672 16.719 56.829 87.843 91.821 95.760 95.929 94.051 101.647 93.861 95.639 95.203 95.137 97.023 95.922 94.827 94.738 100.647 23.525 0.000 0.000 0.000 0.000 0.000 24.264 63.158 63.040 50.898 47.750 58.637 53.543 54.456 15.369 3.192 39.890 44.659 55.475 51.347 55.257 49.190 52.140 51.104 48.079 45.065 44.060 44.066 50.069 0.000 0.000 0.000 0.000 41.424 41.424 51.424 77.424 77.424 77.424 77.424
