results1/res_4e8f-0127.wd
ncols         241
nrows         181
xllcorner     12693529.787448
yllcorner     3542525.717860
cellsize      155.156523
NODATA_value  -9999.000000
[rows 66 to 98 of 181, columns 146 to 218 of 241]
31.998 46.936 68.878 69.823 69.771 69.722 69.674 69.627 69.581 72.544 8.521 0.000 0.000 0.000 0.000 0.000 0.000 0.000 40.754 15.754 0.000 22.752 52.749 52.749 52.751 59.752 65.752 65.750 65.748 65.744 65.739 65.734 65.728 65.722 65.717 67.712 52.708 53.706 45.705 0.000 0.000 0.000 0.000 0.000 21.882 28.872 37.852 31.814 9.766 7.702 22.664 43.633 51.605 45.577 40.551 40.525 30.499 27.474 27.450 30.426 51.404 63.382 58.361 47.340 54.321 61.303 65.286 65.269 64.253 64.239 64.225 64.211 64.199
35.055 53.993 71.935 69.881 69.831 69.785 69.739 69.688 74.631 63.589 33.570 30.578 0.000 0.000 0.000 0.000 0.000 11.753 13.753 0.000 0.000 0.000 22.741 53.741 62.742 65.742 65.742 65.741 65.739 69.736 67.732 65.728 65.723 65.719 64.715 56.712 50.709 56.707 46.706 0.000 0.000 0.000 0.000 13.874 27.875 32.869 28.860 0.000 0.000 4.645 24.628 27.606 41.583 50.560 39.535 38.511 36.487 27.463 27.439 26.416 32.393 56.371 63.350 48.330 50.311 52.293 54.276 58.259 62.244 64.229 65.215 64.202 64.190
40.110 61.047 70.987 69.934 69.889 69.848 67.807 66.757 21.667 6.613 37.591 43.587 8.587 0.000 0.000 0.000 0.000 0.000 0.000 0.000 0.000 6.729 35.733 55.734 65.734 65.734 65.733 65.732 65.730 67.728 66.725 65.722 65.719 66.716 56.713 54.711 57.709 52.707 44.707 0.000 0.000 0.000 0.000 31.874 34.874 0.000 0.000 0.000 0.000 32.606 34.597 44.581 47.563 58.542 56.520 44.498 33.474 25.451 27.428 27.405 22.382 36.361 53.340 57.320 62.301 59.283 52.265 57.249 60.234 60.219 58.205 60.193 63.180
45.165 68.099 72.033 72.980 69.943 70.911 65.884 11.865 0.000 36.604 37.595 42.590 50.589 0.000 0.000 0.000 0.000 0.000 0.000 0.000 0.000 18.726 41.727 54.727 66.726 65.726 65.725 65.724 65.723 66.721 65.719 65.716 65.714 62.712 56.710 21.711 0.000 0.000 0.000 0.000 0.000 0.000 0.000 27.873 34.873 0.000 0.000 0.000 49.568 35.576 30.571 58.560 63.545 64.527 68.507 62.485 50.462 30.439 27.416 27.393 25.371 26.349 32.328 33.308 40.289 48.271 55.254 59.238 60.223 61.209 57.195 60.182 61.170
27.221 32.151 42.065 18.012 74.990 71.969 56.955 33.954 3.985 0.000 0.000 0.000 0.000 0.000 0.000 0.000 0.000 0.000 0.000 0.000 0.000 19.723 44.721 47.720 63.719 65.719 65.718 65.717 69.716 68.714 65.713 65.711 66.709 57.708 60.707 0.000 0.000 0.000 0.000 0.000 0.000 0.000 0.000 0.000 21.873 30.872 0.000 0.000 80.560 43.559 25.553 56.543 64.529 64.513 64.495 67.474 66.451 46.428 29.404 27.381 25.359 28.337 29.316 37.296 42.277 31.259 31.242 36.227 41.212 47.198 52.184 56.172 60.160
73.284 52.217 0.000 0.000 79.038 71.021 58.013 40.011 7.016 0.000 0.000 0.000 0.000 0.000 0.000 0.000 0.000 0.000 0.000 0.000 0.000 0.000 5.713 49.713 65.713 65.712 65.712 65.711 67.710 66.708 65.707 65.705 66.704 54.703 64.702 0.000 0.000 0.000 0.000 0.000 0.000 0.000 0.000 0.000 0.000 0.000 0.000 0.000 17.553 33.547 26.539 56.529 64.517 64.503 65.485 65.464 65.441 58.417 34.393 30.369 28.347 25.325 46.303 58.283 64.264 48.247 41.230 37.214 35.200 32.186 32.173 32.161 60.149
49.357 0.000 0.000 76.209 76.103 74.063 65.065 50.060 6.053 0.000 0.000 0.000 0.000 0.000 0.000 0.000 0.000 0.000 0.000 0.000 0.000 0.000 31.707 54.707 66.706 65.706 65.705 66.704 65.704 65.702 65.701 65.700 66.699 59.698 24.698 0.000 0.000 0.000 0.000 0.000 0.000 0.000 0.000 0.000 0.000 0.000 0.000 0.000 0.000 30.537 29.527 47.518 62.508 65.495 59.479 55.457 61.432 52.406 35.381 34.357 43.334 38.311 61.290 65.269 64.251 62.233 62.216 59.201 57.187 54.174 50.161 42.149 62.138
76.398 66.397 72.369 28.315 0.000 0.000 71.123 45.113 6.083 0.000 8.284 0.000 0.000 0.000 0.000 0.000 0.000 0.000 0.000 0.000 0.000 0.000 47.700 59.700 66.700 65.700 65.699 67.699 67.698 65.697 65.696 65.695 64.694 60.693 9.693 0.000 0.000 0.000 0.000 0.000 0.000 0.000 0.000 0.000 0.000 0.000 0.000 0.000 0.000 0.000 18.513 44.509 62.502 63.492 44.478 47.454 49.426 46.393 31.367 28.344 51.321 60.297 64.275 66.254 66.236 67.218 65.202 65.187 66.174 65.161 66.149 66.137 65.127
78.441 70.424 75.396 26.367 0.000 0.000 62.191 10.185 0.000 0.000 40.284 3.284 0.000 0.000 0.000 0.000 0.000 0.000 0.000 0.000 0.000 0.000 50.694 62.694 66.694 65.694 65.694 66.693 66.693 65.692 65.691 66.690 62.689 57.688 7.687 0.000 0.000 0.000 0.000 0.000 0.000 0.000 0.000 0.000 0.000 0.000 0.000 0.000 10.501 12.502 23.505 39.503 61.498 63.492 9.487 0.000 0.000 36.372 30.352 25.332 39.308 58.283 64.259 66.238 66.219 66.202 64.187 64.173 65.160 64.147 64.136 65.125 65.115
70.503 70.461 70.424 68.389 55.360 41.320 34.266 33.252 29.273 32.281 35.284 35.285 7.285 0.000 0.000 0.000 0.000 0.000 11.669 13.669 0.000 3.688 49.689 63.689 65.689 65.689 65.689 65.688 65.688 65.687 65.686 65.685 47.684 42.683 40.681 35.678 0.000 0.000 0.000 0.000 0.000 0.000 0.000 0.000 0.000 0.000 0.000 0.000 14.501 40.501 31.501 35.499 55.496 56.493 29.491 0.000 0.000 0.000 27.337 32.323 31.299 50.266 63.240 64.220 64.202 64.185 64.171 64.157 64.145 64.133 64.122 64.112 64.103
70.539 70.493 70.449 69.408 66.371 68.334 42.300 21.285 59.285 32.287 36.287 12.286 0.000 0.000 0.000 0.000 0.000 0.000 11.669 57.669 6.670 0.000 48.683 62.683 66.684 65.684 67.684 68.684 66.683 65.683 65.682 63.681 56.680 47.678 48.677 47.675 0.674 0.000 0.000 0.000 0.000 0.000 0.000 0.000 0.000 0.000 0.000 0.000 8.500 43.500 35.499 42.497 57.495 52.493 58.492 0.000 0.000 0.000 0.000 0.000 0.000 40.241 63.217 64.199 64.182 64.167 64.154 64.141 64.129 64.119 64.109 64.099 64.090
70.571 70.524 71.471 73.423 70.381 70.344 69.317 70.302 61.295 39.293 11.293 0.000 0.000 0.000 0.000 0.000 0.000 0.000 0.000 50.670 37.671 27.673 43.677 65.679 65.679 65.680 65.680 65.680 65.679 65.679 65.678 65.677 63.676 42.674 46.673 53.672 0.000 0.000 0.000 0.000 0.000 0.000 0.000 0.000 0.000 0.000 0.000 0.000 4.500 55.500 0.000 22.496 45.494 52.493 13.492 0.000 0.000 0.000 0.000 0.000 0.000 0.000 52.188 65.176 64.162 64.148 64.135 64.124 64.114 64.104 64.095 64.086 64.077
73.606 69.560 66.488 68.432 71.386 71.345 73.323 70.310 68.302 55.299 4.297 0.000 0.000 0.000 0.000 0.000 0.000 0.000 0.000 6.670 41.670 33.671 49.673 67.675 65.676 65.676 65.676 65.676 65.676 65.675 65.674 65.673 66.672 55.670 42.669 46.667 52.664 0.000 0.000 0.000 0.000 0.000 0.000 0.000 0.000 0.000 0.000 0.000 0.000 0.498 0.000 0.000 30.493 49.493 0.000 0.000 0.000 0.000 0.000 0.000 0.000 0.000 40.172 61.156 64.141 64.127 64.116 64.106 64.097 64.089 64.080 64.072 64.065
66.646 27.625 0.000 0.000 0.000 63.328 68.320 74.311 70.306 59.302 9.301 0.000 43.302 13.302 0.000 0.000 0.000 0.000 0.000 0.000 33.668 37.669 58.670 66.671 67.672 68.673 65.673 65.673 65.672 65.672 65.671 65.670 65.668 66.667 45.665 27.663 36.661 0.000 0.000 0.000 0.000 0.000 0.000 0.000 0.000 0.000 0.000 0.000 0.000 0.000 0.000 0.000 19.492 52.492 0.000 0.000 0.000 0.000 0.000 0.000 0.000 0.000 0.000 41.137 61.117 64.105 64.096 64.088 64.081 64.073 64.066 64.059 64.052
61.680 18.667 0.000 0.000 38.320 36.320 53.316 72.311 69.307 54.304 35.303 39.302 43.302 9.302 0.000 0.000 0.000 0.000 4.660 0.000 34.666 45.667 65.668 65.669 68.670 68.670 65.670 65.670 65.670 65.669 65.668 65.667 65.666 66.664 62.662 57.660 46.657 26.653 20.651 0.000 0.000 0.000 0.000 0.000 0.000 0.000 0.000 0.000 0.000 0.000 0.000 0.000 21.492 13.492 0.000 0.000 0.000 0.000 0.000 0.000 0.000 0.000 0.000 0.000 46.086 62.081 64.075 64.070 64.064 64.058 64.052 64.046 64.039
67.705 48.698 20.704 0.000 0.000 38.317 38.313 60.310 72.307 50.305 37.303 42.303 20.302 0.000 0.000 0.000 0.000 0.000 33.660 26.661 31.663 48.665 67.666 67.667 68.667 65.668 65.668 65.668 65.668 65.667 65.666 65.665 65.663 65.661 65.659 67.657 56.654 44.651 33.649 34.646 27.645 18.644 23.643 0.000 0.000 0.000 0.000 0.000 0.000 0.000 0.000 0.000 24.492 0.000 0.000 0.000 0.000 0.000 0.000 0.000 0.000 0.000 0.000 0.000 31.059 59.058 63.055 64.051 64.048 64.043 64.039 64.033 64.027
70.723 61.716 14.710 0.000 0.000 0.000 37.310 42.308 69.306 57.305 38.304 41.303 16.303 0.000 0.000 0.000 0.000 0.000 36.660 29.661 32.662 50.663 69.664 68.665 66.666 66.666 65.667 65.666 65.666 65.665 65.664 66.663 66.661 66.659 60.657 51.654 55.652 62.650 55.647 53.646 41.644 28.643 35.643 0.000 0.000 0.000 0.000 0.000 0.000 0.000 0.000 0.000 0.000 0.000 0.000 0.000 0.000 0.000 0.000 0.000 0.000 0.000 0.000 0.000 23.035 54.035 64.035 66.034 66.032 66.029 65.026 64.022 64.016
70.737 45.732 0.000 0.000 0.000 0.000 0.000 44.306 57.305 51.304 50.304 47.303 37.303 15.302 0.000 0.000 0.000 0.000 35.659 28.659 33.660 48.661 60.662 57.663 52.664 54.665 59.666 64.665 66.665 66.664 64.663 54.661 52.660 57.658 46.655 43.652 43.650 54.648 58.646 53.644 39.643 28.642 0.642 0.000 0.000 0.000 0.000 0.000 0.000 0.000 0.000 0.000 0.000 0.000 0.000 0.000 0.000 0.000 0.000 0.000 0.000 0.000 0.000 0.000 11.011 36.014 42.016 44.017 44.017 45.016 54.015 63.012 64.007
69.747 35.743 0.000 0.000 0.000 0.000 0.000 39.305 33.305 32.304 40.303 40.303 40.303 36.302 9.302 0.000 0.000 0.000 40.658 35.658 40.659 50.659 53.660 56.662 14.663 0.000 0.000 5.664 66.664 63.663 52.661 7.661 0.000 0.000 45.652 77.650 70.648 49.646 55.645 49.643 38.642 23.641 26.640 0.000 0.000 0.000 0.000 0.000 0.000 0.000 0.000 0.000 0.000 0.000 0.000 0.000 0.000 0.000 0.000 0.000 14.946 35.949 46.955 45.966 63.985 71.994 72.998 71.001 73.003 60.005 43.005 61.004 64.000
67.753 32.750 0.000 0.000 0.000 0.000 0.000 39.305 35.304 14.304 0.000 0.000 0.000 0.000 0.000 0.000 0.000 0.000 46.657 40.657 35.657 31.658 17.658 0.000 0.000 0.000 0.000 0.000 0.000 0.000 39.659 1.659 0.000 0.000 0.000 40.647 73.646 33.645 34.643 33.642 29.641 32.640 79.639 38.639 0.000 0.000 0.000 0.000 0.000 0.000 0.000 0.000 0.000 0.000 0.000 0.000 0.000 0.000 0.000 0.000 0.941 82.945 78.950 60.959 61.969 58.977 59.983 81.987 74.990 60.994 40.997 50.000 49.000
53.757 34.755 28.755 0.000 0.000 0.000 0.000 0.000 37.304 21.304 0.000 0.000 0.000 0.000 0.000 0.000 0.000 0.000 46.656 46.656 47.656 30.656 5.657 0.000 0.000 0.000 0.000 0.000 0.000 0.000 35.657 12.657 0.000 0.000 0.000 39.645 88.644 52.643 55.642 50.641 35.640 53.640 107.639 104.638 35.638 0.000 0.000 0.000 0.000 0.000 0.000 0.000 0.000 0.000 0.000 0.000 0.000 13.922 3.923 1.926 10.931 85.937 52.943 60.949 51.957 32.963 43.969 86.973 52.978 39.983 46.991 0.995 0.000
37.759 37.757 23.756 0.000 0.000 0.000 0.000 0.000 0.000 0.000 0.000 0.000 0.000 0.000 0.000 0.000 0.000 0.000 49.655 40.655 34.655 32.655 6.656 0.000 0.000 0.000 0.000 0.000 0.000 32.655 25.656 50.656 46.656 0.000 0.000 45.644 51.644 43.643 86.641 75.639 46.639 0.000 63.638 118.638 2.638 0.000 0.000 0.000 0.000 0.000 0.000 0.000 0.000 0.000 0.000 0.000 64.921 102.922 93.922 89.924 36.927 80.931 48.935 37.940 84.945 65.950 85.955 66.960 36.965 44.970 0.000 0.000 0.000
40.759 41.757 33.756 0.000 0.000 0.000 0.000 0.000 0.000 0.000 0.000 0.000 0.000 0.000 0.000 0.000 0.000 0.000 3.654 44.654 34.654 12.654 0.000 0.000 0.000 0.000 0.000 0.000 0.000 34.655 31.655 7.656 0.000 0.000 0.000 19.644 0.000 0.000 0.000 41.634 0.000 0.000 19.637 85.637 40.637 0.000 0.000 0.000 0.000 0.000 0.000 0.000 0.000 0.000 0.000 0.000 20.921 0.921 64.920 68.920 19.922 80.924 57.926 30.930 48.934 98.938 112.943 46.948 34.953 1.961 0.000 0.000 10.881
39.758 40.757 40.756 44.755 36.754 0.000 0.000 0.000 0.000 0.000 0.000 0.000 0.000 0.000 0.000 0.000 0.000 0.000 0.000 34.653 30.652 14.653 0.000 0.000 0.000 0.000 0.000 0.000 35.654 32.655 9.655 0.000 0.000 0.000 0.000 0.000 0.000 0.000 0.000 45.629 0.000 0.000 19.637 0.000 0.000 0.000 0.000 0.000 0.000 0.000 0.000 0.000 0.000 0.000 0.000 0.000 0.000 0.000 40.917 59.917 18.917 82.917 62.918 32.919 81.922 84.925 79.930 87.934 51.939 0.000 0.000 0.000 24.874
41.756 19.756 30.755 39.754 39.754 39.753 38.753 0.000 0.000 0.000 0.000 0.000 0.000 0.000 0.000 0.000 0.000 0.000 0.000 36.652 32.652 16.652 0.000 0.000 0.000 0.000 0.000 0.000 0.000 38.654 10.654 0.000 0.000 0.000 0.000 0.000 0.000 0.000 9.624 32.625 36.624 13.623 0.000 0.000 0.000 0.000 0.000 0.000 0.000 0.000 0.000 0.000 0.000 0.000 0.000 0.000 0.000 0.000 43.914 63.913 23.912 83.909 68.908 82.908 82.910 41.912 34.916 79.921 28.930 0.000 0.000 25.858 33.864
46.753 0.000 0.000 36.754 25.754 0.000 38.752 28.752 0.000 0.000 0.000 0.000 0.000 0.000 0.000 0.000 0.000 0.000 0.000 35.651 32.651 20.651 0.000 0.000 0.000 0.000 0.000 0.000 0.000 0.000 0.000 0.000 0.000 0.000 0.000 0.000 0.000 0.000 48.623 65.623 26.623 0.000 0.000 0.000 0.000 0.000 0.000 0.000 0.000 0.000 0.000 0.000 0.000 0.000 0.000 0.000 0.000 0.000 78.912 64.911 25.908 83.900 80.897 72.896 64.897 50.899 51.902 20.905 0.000 0.000 9.849 28.852 35.856
43.749 0.000 0.000 23.754 15.754 0.000 0.000 0.000 0.000 47.705 43.705 34.705 0.000 0.000 0.000 0.000 0.000 0.000 0.000 39.650 35.650 17.650 0.000 0.000 0.000 0.000 0.000 0.000 0.000 0.000 0.000 0.000 0.000 0.000 0.000 0.000 0.000 0.000 11.622 95.622 61.622 0.000 0.000 0.000 0.000 0.000 0.000 0.000 0.000 0.000 0.000 0.000 0.000 0.000 0.000 0.000 0.000 0.000 10.912 0.000 0.000 57.888 98.885 77.883 76.883 74.884 77.887 25.891 0.000 0.000 13.846 27.847 28.848
59.744 0.000 0.000 0.000 0.000 45.717 32.716 0.000 43.707 37.706 37.705 29.704 0.000 0.000 0.000 0.000 0.000 0.000 0.000 39.650 34.650 22.650 0.000 0.000 0.000 0.000 0.000 0.000 0.000 0.000 0.000 0.000 0.000 0.000 0.000 0.000 0.000 0.000 0.000 39.621 31.620 2.619 0.000 0.000 0.000 0.000 0.000 0.000 0.000 0.000 0.000 0.000 0.000 0.000 0.000 0.000 0.000 0.000 0.000 0.000 0.000 4.879 40.870 41.868 39.868 39.869 36.872 32.881 0.000 0.000 6.843 27.840 25.841
70.737 59.732 41.728 42.725 41.721 35.718 36.715 37.711 35.708 40.706 39.705 30.704 27.703 0.000 0.000 0.000 0.000 0.000 0.000 26.650 0.000 0.000 0.000 0.000 0.000 0.000 0.000 0.000 0.000 0.000 0.000 0.000 0.000 0.000 0.000 0.000 0.000 0.000 0.000 0.000 38.619 1.619 0.000 0.000 0.000 0.000 0.000 0.000 0.000 0.000 0.000 0.000 0.000 0.000 0.000 0.000 0.000 0.000 0.000 0.000 0.000 0.000 28.851 27.851 27.851 43.851 38.851 0.000 0.000 0.000 0.000 40.830 52.832
70.733 64.730 34.727 34.725 34.722 17.718 18.715 22.711 32.708 41.706 38.704 30.703 33.703 22.703 0.000 0.000 0.000 0.000 0.000 0.000 0.000 0.000 0.000 0.000 0.000 0.000 0.000 0.000 0.000 0.000 0.000 0.000 0.000 0.000 0.000 0.000 0.000 0.000 0.000 0.000 0.000 41.617 0.616 0.000 0.000 0.000 0.000 0.000 0.000 0.000 0.000 0.000 0.000 0.000 0.000 0.000 0.000 0.000 0.000 0.000 20.815 23.819 27.831 27.834 29.835 48.834 38.831 21.821 0.000 0.000 35.813 56.819 63.822
70.731 68.729 38.727 35.725 15.723 0.000 0.000 0.000 0.000 32.705 35.704 33.703 26.702 0.000 0.000 0.000 0.000 0.000 0.000 0.000 0.000 0.000 0.000 0.000 0.000 0.000 0.000 0.000 0.000 0.000 0.000 0.000 0.000 0.000 0.000 0.000 0.000 0.000 0.000 0.000 0.000 44.617 6.616 0.000 0.000 0.000 0.000 0.000 0.000 0.000 0.000 0.000 0.000 0.000 0.000 0.000 0.000 0.000 0.000 0.000 31.810 28.813 27.818 23.821 36.821 53.820 37.817 26.812 21.805 21.804 45.807 62.811 63.814
70.728 68.728 21.727 25.726 0.000 0.000 0.000 0.000 0.000 0.000 23.703 36.702 28.701 0.000 0.000 0.000 0.000 0.000 0.000 0.000 0.000 0.000 0.000 0.000 0.000 0.000 0.000 0.000 0.000 0.000 0.000 0.000 0.000 0.000 0.000 0.000 0.000 0.000 0.000 0.000 0.000 0.000 12.616 0.000 0.000 0.000 0.000 0.000 0.000 0.000 0.000 0.000 0.783 8.784 0.000 0.000 0.000 0.000 0.000 25.799 23.803 22.806 27.808 41.809 54.809 44.808 28.806 26.803 28.800 25.800 46.802 64.804 63.807
70.726 44.727 0.000 0.000 0.000 0.000 0.000 0.000 0.000 0.000 0.000 26.701 33.700 31.699 0.000 0.000 0.000 0.000 0.000 0.000 0.000 0.000 0.000 0.000 0.000 0.000 0.000 0.000 0.000 0.000 0.000 0.000 0.000 0.000 0.000 0.000 0.000 0.000 0.000 0.000 0.000 0.000 0.000 0.000 0.000 0.000 0.000 0.000 0.000 0.000 0.000 0.000 0.000 1.785 3.785 0.000 30.789 22.790 20.792 32.795 46.797 51.799 53.799 53.799 39.799 27.797 26.796 26.794 25.793 27.794 50.795 65.797 63.800
