results1/res_4e8f-0041.wd
ncols         241
nrows         181
xllcorner     12693529.787448
yllcorner     3542525.717860
cellsize      155.156523
NODATA_value  -9999.000000
[rows 33 to 65 of 181, columns 74 to 147 of 241]
0.000 0.000 0.000 0.000 0.000 0.000 0.000 0.000 0.000 0.000 0.000 0.000 0.000 0.000 0.000 0.000 0.000 0.000 0.000 0.000 0.000 0.000 0.000 0.000 0.000 0.000 0.000 0.000 0.000 0.000 0.000 0.000 0.000 0.000 0.000 0.000 0.000 0.000 31.189 54.190 59.191 15.191 0.000 0.000 24.249 38.264 5.254 0.000 28.285 31.292 25.291 26.283 27.265 27.239 27.206 27.169 26.135 32.113 52.111 0.000 5.170 2.967 38.278 54.906 59.542 58.197 58.887 57.506 59.672 54.798 54.392 54.491 56.825 56.113
0.000 0.000 0.000 0.000 0.000 0.000 0.000 0.000 0.000 0.000 0.000 0.000 0.000 0.000 0.000 0.000 0.000 0.000 0.000 0.000 0.000 0.000 0.000 0.000 0.000 0.000 0.000 0.000 0.000 0.000 0.000 0.000 0.000 0.000 0.000 0.000 0.000 0.000 0.000 6.190 1.190 0.000 0.000 0.000 0.000 20.313 0.000 0.000 18.306 42.326 41.329 31.319 27.299 27.265 27.219 27.164 26.109 48.072 46.091 0.000 28.373 41.114 54.673 59.275 58.896 58.554 58.143 59.282 55.368 54.653 55.014 57.383 56.682 56.499
0.000 0.000 0.000 0.000 0.000 0.000 0.000 0.000 0.000 0.000 0.000 0.000 0.000 0.000 0.000 0.000 0.000 23.058 55.058 8.058 0.000 0.000 0.000 0.000 0.000 0.000 0.000 0.000 0.000 0.000 0.000 0.000 0.000 0.000 0.000 0.000 0.000 0.000 0.000 0.000 0.000 0.000 0.000 0.000 0.000 12.361 0.000 0.000 0.000 20.380 38.378 38.368 29.345 27.304 27.242 25.161 41.064 49.975 0.000 14.282 38.835 53.444 60.027 59.619 59.245 58.800 60.906 56.956 55.040 55.548 57.936 57.242 57.065 56.796
0.000 0.000 0.000 0.000 0.000 0.000 0.000 0.000 0.000 0.000 10.052 48.052 0.000 0.000 0.000 0.000 0.000 30.059 81.059 37.059 0.000 0.000 0.000 0.000 0.000 0.000 0.000 0.000 0.000 0.000 0.000 0.000 0.000 0.000 0.000 0.000 0.000 0.000 0.000 0.000 0.000 0.000 0.000 0.000 0.000 15.410 16.434 23.447 9.451 19.436 27.434 40.429 31.409 27.363 24.285 35.172 45.012 33.789 9.339 38.729 56.241 60.801 60.368 59.961 59.482 59.550 58.567 55.544 56.103 58.499 57.805 57.631 57.362 57.108
0.000 0.000 0.000 0.000 0.000 0.000 0.000 0.000 0.000 0.000 31.052 66.052 55.053 42.054 0.000 0.000 15.060 69.059 77.059 42.059 0.000 0.000 0.000 0.000 14.405 0.000 0.000 0.000 0.000 0.000 0.000 0.000 0.000 0.000 0.000 0.000 0.000 0.000 0.000 0.000 2.438 20.438 0.000 0.000 31.438 46.434 49.445 47.457 33.469 27.479 26.495 40.507 31.498 23.453 37.364 51.229 39.024 26.830 41.498 46.055 58.600 61.146 60.711 60.197 60.224 58.208 56.163 56.686 59.081 58.386 58.209 57.936 57.675 57.415
0.000 0.000 0.000 0.000 0.000 0.000 0.000 0.000 0.000 0.000 2.052 64.053 47.054 28.055 0.000 11.060 61.060 72.060 79.060 38.061 0.000 0.000 0.000 0.000 52.405 36.406 0.000 0.000 0.000 0.000 0.000 0.000 0.000 0.000 0.000 15.432 27.432 29.432 0.000 0.000 11.438 36.439 15.440 29.442 52.442 55.445 56.454 53.468 40.489 27.518 24.558 41.607 32.623 36.589 54.488 48.358 0.000 25.010 43.769 56.393 61.953 61.502 60.957 60.937 58.890 56.917 57.304 59.691 58.994 58.811 58.529 58.257 57.984 57.717
0.000 0.000 0.000 0.000 0.000 0.000 0.000 0.000 0.000 0.000 0.000 0.000 15.055 53.056 49.058 37.060 50.061 70.061 81.062 34.062 0.000 0.000 0.000 0.000 14.406 38.406 40.407 0.000 0.000 0.000 0.000 0.000 0.000 0.000 0.000 31.432 32.432 44.432 27.434 16.435 30.437 31.439 27.440 34.442 41.445 39.449 32.457 51.472 17.502 33.544 36.614 26.739 38.797 51.792 48.640 0.000 0.355 36.431 53.175 61.795 62.335 61.780 61.710 58.636 57.851 57.972 60.339 59.637 59.446 59.154 58.869 58.576 58.286 58.011
0.000 0.000 0.000 0.000 0.000 0.000 0.000 0.000 0.000 0.000 0.000 0.000 5.056 72.058 67.059 57.061 47.062 71.063 79.064 74.064 59.065 14.065 0.000 0.000 0.000 0.000 48.407 32.408 30.409 41.409 36.410 0.000 0.000 0.000 0.000 31.431 30.432 51.432 57.433 46.435 38.437 30.438 27.440 28.443 29.446 28.449 26.455 34.460 0.000 0.000 0.000 31.939 55.036 53.142 0.000 0.000 36.560 50.093 59.716 63.246 62.793 63.555 59.482 59.055 58.713 61.039 60.326 60.123 59.819 59.522 59.213 58.893 58.572 58.286
0.000 0.000 0.000 0.000 0.000 0.000 0.000 0.000 0.000 0.000 0.000 0.000 0.000 5.059 44.060 19.063 55.064 74.065 79.066 77.066 75.066 64.066 23.066 0.000 0.000 0.000 4.408 43.408 43.409 56.410 54.411 47.412 42.413 0.000 0.000 0.000 35.431 54.432 61.433 53.435 37.436 26.438 27.441 27.443 27.446 27.449 27.452 31.454 0.000 0.000 0.000 2.120 39.265 8.598 6.278 41.364 46.037 57.686 64.250 64.075 62.285 60.570 60.684 59.569 61.816 61.077 60.849 60.528 60.218 59.898 59.566 59.212 58.824 59.505
0.000 0.000 0.000 0.000 0.000 0.000 0.000 0.000 0.000 0.000 0.000 0.000 0.000 0.000 0.000 76.066 76.067 78.069 78.069 77.069 71.068 65.067 36.066 0.000 0.000 0.000 0.000 0.000 11.409 56.410 50.411 65.412 62.414 41.416 20.421 21.425 30.429 52.431 61.433 52.434 35.436 25.438 30.440 29.443 27.446 27.448 27.450 28.451 20.450 0.000 0.000 0.000 0.000 1.149 43.873 46.774 54.560 65.224 65.300 63.643 65.466 62.998 60.609 62.705 61.912 61.640 61.287 60.955 60.620 60.285 59.943 58.565 67.007 64.634
0.000 0.000 0.000 0.000 0.000 10.411 33.411 0.000 11.399 51.398 40.396 44.395 19.394 0.000 0.000 12.068 84.071 78.073 75.073 72.072 75.070 66.067 29.066 0.000 0.000 0.000 0.000 0.000 0.000 0.000 0.411 54.413 55.414 6.415 0.000 0.000 34.430 52.431 57.432 47.434 38.435 36.436 0.000 5.445 33.446 27.447 27.449 28.450 34.449 42.449 4.449 0.000 0.000 16.822 49.521 53.313 64.060 66.233 65.856 69.256 67.803 62.008 63.757 62.857 62.507 62.105 61.737 61.377 61.025 60.680 60.355 66.096 0.000 0.000
0.000 0.000 0.000 0.000 0.000 10.411 53.411 0.000 45.400 47.399 59.397 42.395 27.394 0.000 0.000 0.027 69.075 81.080 78.080 78.076 79.072 73.068 27.065 0.000 0.000 0.000 0.000 0.000 0.000 0.000 0.000 0.000 39.414 0.000 0.000 0.000 40.431 37.431 49.432 6.433 0.000 0.000 0.000 0.000 0.000 37.448 31.448 0.000 24.449 58.449 41.449 0.000 0.000 21.285 55.047 63.890 66.968 66.705 70.945 70.246 63.411 64.903 63.895 63.449 62.982 62.567 62.173 61.793 61.422 61.057 60.701 65.369 8.118 0.000
52.445 42.445 0.000 0.000 0.000 4.411 64.412 40.409 42.404 48.400 72.397 73.395 68.393 22.391 0.000 0.000 0.000 29.092 83.089 78.083 79.075 76.066 35.061 0.000 0.000 0.000 0.000 0.000 0.000 0.000 0.000 0.000 0.000 0.000 0.000 0.000 0.000 0.000 0.000 0.000 0.000 0.000 0.000 0.000 0.000 0.000 12.448 9.447 0.000 0.000 0.000 0.000 10.398 47.902 64.857 66.519 67.433 71.765 71.438 64.423 65.934 64.924 64.419 63.897 63.435 63.003 62.595 62.200 61.813 61.425 61.022 63.560 46.867 3.912
64.445 46.446 42.446 0.000 0.000 0.000 56.417 58.412 58.406 70.401 67.397 79.394 78.392 39.390 0.000 0.000 0.000 5.108 85.102 78.091 79.078 76.063 36.052 0.000 0.000 0.000 44.860 56.848 25.838 0.000 0.000 0.000 0.000 0.000 0.000 0.000 0.000 0.000 0.000 0.000 0.000 0.000 0.000 0.000 0.000 0.000 0.000 0.000 0.000 0.000 0.000 8.213 48.782 65.791 66.392 72.544 72.074 65.640 66.201 66.687 65.843 65.340 64.802 64.312 63.852 63.418 63.003 62.600 62.204 61.808 68.403 8.981 0.000 16.931
69.446 48.447 49.447 41.448 0.000 46.437 41.428 49.416 62.407 66.400 77.396 78.393 77.390 46.388 0.000 0.000 0.000 4.130 84.119 78.102 79.082 74.058 54.031 37.989 38.949 38.910 46.872 67.846 34.828 0.000 0.000 0.000 0.000 0.000 0.000 0.000 0.000 0.000 0.000 0.000 0.000 0.000 0.000 0.000 0.000 0.000 0.000 0.000 0.000 6.160 36.964 46.528 65.560 67.187 73.868 73.296 66.141 67.860 67.191 66.639 66.163 65.650 65.162 64.692 64.244 63.814 63.398 62.994 62.596 69.199 14.801 0.000 0.000 1.984
64.447 62.448 45.449 49.449 49.448 40.446 33.444 0.000 0.000 8.398 67.395 78.392 76.389 61.383 28.373 0.000 0.000 53.164 74.144 79.117 78.088 79.058 69.025 44.987 41.949 40.910 49.872 67.837 50.801 36.752 37.713 41.683 52.665 16.657 0.000 0.000 0.000 0.000 0.000 0.000 0.000 0.000 0.000 0.000 0.000 0.000 0.000 0.000 0.000 17.333 57.198 65.179 67.860 74.669 74.316 66.817 68.489 67.714 67.340 66.891 66.423 65.958 65.498 65.052 64.618 64.196 63.783 63.381 68.986 15.592 0.000 0.000 0.000 0.979
10.449 78.450 49.451 43.450 44.451 46.455 46.457 35.463 0.000 0.000 0.000 12.392 83.392 73.382 51.363 43.327 50.281 49.217 51.175 59.135 60.097 47.060 44.024 41.987 41.948 40.909 49.869 64.829 43.787 40.743 45.704 61.673 64.654 49.650 23.650 0.000 0.000 0.000 0.000 0.000 0.000 0.000 0.000 0.000 0.000 0.000 0.000 0.000 8.074 49.966 65.616 68.482 75.132 74.941 67.459 69.114 68.339 67.987 67.558 67.129 66.693 66.255 65.823 65.398 64.981 64.568 64.156 69.762 15.374 0.000 0.000 0.000 0.000 0.000
77.451 78.453 64.455 0.000 0.000 51.465 47.467 58.470 49.470 0.000 0.000 0.000 71.404 68.392 53.370 44.338 41.298 41.250 44.204 57.153 65.105 68.062 61.024 50.988 43.950 42.909 58.867 61.822 36.776 40.729 40.686 41.650 45.629 24.640 0.000 0.000 0.000 0.000 0.000 0.000 0.000 0.000 0.000 0.000 0.000 0.000 11.141 42.855 50.777 64.340 75.681 75.332 68.430 69.046 69.635 68.962 68.609 68.194 67.788 67.376 66.962 66.549 66.140 65.737 65.339 65.941 72.512 16.137 0.000 0.000 0.000 0.000 0.000 0.000
78.454 78.457 78.461 65.468 48.473 48.474 48.477 39.480 0.000 5.465 12.465 64.454 61.430 64.410 57.387 58.358 58.323 58.283 61.237 56.166 56.110 58.058 62.023 62.990 60.954 56.912 67.867 65.818 53.766 54.713 54.661 56.612 31.574 0.000 0.000 0.000 0.000 0.000 0.000 0.000 0.000 0.000 0.000 0.000 0.000 45.628 46.316 67.398 68.013 76.732 76.270 70.871 70.610 70.018 69.571 69.208 68.808 68.416 68.021 67.626 67.231 66.839 66.452 66.071 66.699 70.344 3.001 0.000 0.000 0.000 0.000 0.000 0.000 0.000
77.456 77.461 78.465 75.471 53.477 47.482 48.487 49.494 41.502 0.000 56.477 53.467 54.451 55.433 50.411 54.385 59.354 67.322 52.294 0.000 0.000 3.039 61.020 56.997 56.963 56.920 56.871 56.816 56.758 56.697 56.632 54.562 49.482 22.377 0.000 0.000 42.350 49.196 60.989 30.814 0.000 0.000 0.000 0.000 47.199 57.933 69.895 70.577 77.407 77.106 71.475 71.175 70.461 70.152 69.781 69.400 69.019 68.637 68.255 67.874 67.496 67.124 66.757 67.397 70.042 17.693 0.000 0.000 0.000 0.000 0.000 0.000 0.000 20.042
67.459 67.464 78.469 78.474 68.481 44.489 47.497 48.505 48.511 54.512 63.499 47.488 44.475 42.459 49.439 64.415 63.387 48.356 28.325 0.000 0.000 0.000 0.000 46.017 40.982 40.934 40.879 40.819 41.754 44.684 45.609 45.522 44.416 45.271 44.046 43.802 52.504 59.249 56.956 63.640 61.250 55.887 53.519 56.042 67.763 71.316 71.140 77.818 77.645 72.065 71.745 71.020 70.715 70.340 69.972 69.601 69.230 68.859 68.489 68.120 67.757 67.403 68.057 68.717 7.379 0.000 0.000 0.000 0.000 0.000 0.000 0.000 0.000 31.068
33.463 45.467 73.471 77.477 58.485 41.495 40.508 48.519 48.526 47.527 41.519 42.509 48.503 65.491 64.473 47.450 40.424 30.390 0.000 50.293 59.263 55.215 56.152 59.072 62.013 60.956 61.894 64.826 63.754 60.679 62.597 57.503 43.389 47.247 46.065 50.856 68.615 75.340 71.946 65.542 60.218 61.913 68.515 73.491 72.015 78.331 78.007 71.977 73.612 72.227 71.593 71.276 70.899 70.534 70.167 69.802 69.439 69.080 68.721 68.362 69.008 66.674 62.352 14.034 0.000 0.000 0.000 0.000 0.000 0.000 0.000 0.000 17.170 21.122
0.000 38.470 57.473 68.478 43.486 35.501 42.521 40.536 47.547 48.550 48.540 41.529 58.536 50.528 39.510 42.489 34.470 0.000 59.363 62.323 62.281 64.230 65.171 68.104 72.043 70.982 70.916 70.837 72.758 73.680 71.597 59.502 45.392 47.262 47.110 46.942 49.762 23.551 0.000 85.362 127.191 104.891 70.958 72.588 79.298 78.868 72.389 75.144 72.583 72.166 71.832 71.460 71.095 70.728 70.362 70.000 69.647 69.299 68.953 70.598 65.239 53.932 8.642 0.000 0.000 0.000 0.000 0.000 0.000 0.000 0.000 15.262 28.217 17.172
0.000 0.000 14.474 49.477 31.481 0.000 37.539 42.558 42.575 48.588 37.564 0.000 42.587 40.574 42.552 43.526 53.496 67.462 64.404 66.355 72.307 82.255 126.197 123.132 123.073 123.015 122.950 123.849 107.761 39.687 42.608 40.518 48.415 47.300 44.173 42.039 23.940 0.000 0.000 0.000 52.168 69.324 74.034 79.951 79.655 71.955 73.680 73.003 72.723 72.378 72.019 71.657 71.290 70.920 70.551 70.191 69.848 70.519 69.193 60.840 49.418 7.175 0.000 0.000 0.000 0.000 0.000 0.000 0.000 0.000 6.348 27.308 19.265 7.222
12.456 1.467 64.472 42.474 0.000 0.000 0.000 36.582 49.607 41.664 0.000 0.000 50.651 41.629 52.600 65.566 65.529 70.486 73.437 66.387 52.337 43.286 39.231 37.155 40.101 41.056 28.021 0.000 44.749 41.701 40.631 44.546 48.451 45.350 37.243 44.101 25.020 0.000 0.000 47.627 64.632 74.422 80.384 80.194 72.504 74.216 73.536 73.266 72.920 72.574 72.219 71.857 71.489 71.112 70.730 70.366 71.034 66.735 55.460 12.150 0.000 0.000 0.000 0.000 0.000 0.000 0.000 0.000 0.000 0.000 24.389 23.356 9.315 6.272
82.467 70.472 0.000 0.000 0.000 0.000 0.000 0.000 0.000 45.798 43.829 51.806 48.737 48.692 48.651 65.610 79.566 68.519 48.469 46.419 41.369 43.323 34.285 0.000 46.121 43.088 32.056 0.000 45.785 40.737 41.668 48.585 46.491 44.408 26.349 0.000 0.000 44.252 42.130 58.926 74.861 80.614 73.385 73.974 74.659 74.078 73.806 73.466 73.129 72.781 72.425 72.063 71.695 71.311 71.891 71.510 61.186 45.929 8.762 0.000 0.000 0.000 0.000 0.000 0.000 0.000 0.000 0.000 0.000 13.523 25.462 13.413 5.368 19.322
68.492 58.482 0.000 0.000 59.270 52.262 46.252 0.000 0.000 63.899 60.885 47.851 48.800 48.752 49.704 70.656 122.606 115.555 62.502 117.450 38.399 42.350 42.303 44.250 42.175 42.118 42.060 43.979 39.870 39.794 48.721 47.635 44.523 39.442 28.395 0.000 0.000 46.374 53.248 75.278 74.190 80.966 74.432 75.039 74.609 74.339 74.014 73.686 73.346 72.996 72.637 72.274 71.919 73.546 69.011 50.598 37.272 39.033 4.898 0.000 0.000 0.000 0.000 0.000 0.000 0.000 0.000 8.702 13.660 27.584 21.522 11.469 20.419 20.372
55.547 0.000 0.000 0.000 42.277 51.266 48.241 66.191 60.120 65.016 72.961 63.913 48.862 48.811 48.758 47.704 41.648 36.592 41.535 38.480 42.428 42.377 42.326 42.272 42.211 42.150 42.086 41.009 45.921 47.849 48.787 32.711 0.000 32.441 0.000 0.000 0.000 50.595 72.539 76.573 82.004 81.526 74.524 75.193 74.853 74.558 74.244 73.914 73.572 73.221 72.855 72.477 71.160 32.942 0.000 0.000 0.000 0.000 0.000 0.000 0.000 0.000 5.008 0.000 0.000 0.000 1.804 10.745 26.694 20.633 11.574 21.520 17.469 8.421
43.641 48.760 0.000 47.296 43.296 42.285 60.257 53.212 69.154 78.085 58.029 43.977 41.925 44.871 47.814 48.755 48.692 41.629 40.567 41.509 41.455 42.403 42.353 42.301 47.246 44.188 41.124 42.050 44.955 48.895 37.868 0.000 0.000 0.000 0.000 6.308 126.193 69.911 76.949 74.949 82.419 74.326 76.860 78.359 75.101 74.801 74.487 74.156 73.809 74.460 71.085 58.621 49.301 7.121 0.000 0.000 0.000 0.000 0.000 0.000 0.000 7.010 7.009 7.002 7.977 7.930 8.859 22.795 22.737 6.679 9.623 11.569 8.517 6.468
28.701 22.879 47.176 43.296 42.327 53.319 57.290 68.247 75.197 41.143 40.092 41.042 42.990 41.935 38.874 46.808 47.737 48.664 47.595 41.534 40.479 39.429 40.381 46.333 105.284 73.232 53.174 36.112 0.000 50.908 58.922 0.000 0.000 0.000 0.000 50.425 61.333 78.227 76.281 83.135 82.793 75.416 75.957 76.636 75.357 75.061 74.748 74.413 75.048 73.724 26.404 0.000 0.000 0.000 0.000 0.000 0.000 0.000 0.000 0.000 0.000 14.012 10.014 7.022 7.998 5.954 17.897 24.838 8.781 9.724 17.669 15.615 9.564 6.514
0.000 0.000 40.354 43.387 45.395 66.377 77.337 91.290 73.244 2.199 59.155 59.110 43.060 43.003 41.939 39.867 42.785 48.696 46.616 47.552 49.500 47.454 45.411 41.368 36.325 41.282 36.227 0.000 0.000 0.000 44.990 37.006 0.000 0.000 0.000 60.634 77.524 77.617 75.654 83.445 75.125 77.636 79.153 75.908 75.630 75.339 75.030 74.702 72.245 26.984 0.000 0.000 0.000 0.000 0.000 0.000 0.000 0.000 0.000 0.000 13.413 0.000 0.000 15.074 5.040 15.992 27.938 15.881 10.824 15.768 19.714 12.660 7.609 5.559
0.000 0.000 38.498 44.502 60.491 71.455 119.391 113.334 115.289 121.254 117.220 118.182 43.136 43.080 42.013 41.934 40.842 35.719 45.620 47.559 48.514 46.476 48.439 48.403 49.368 42.342 0.000 0.000 0.000 0.000 46.041 31.023 0.000 0.000 52.111 73.920 77.868 76.868 84.006 83.734 76.181 76.735 77.435 76.183 75.918 75.635 76.331 51.120 0.000 0.000 0.000 0.000 0.000 0.000 0.000 0.000 0.000 25.544 14.514 4.469 8.413 8.346 9.265 9.161 12.096 25.038 21.981 16.924 17.867 15.812 13.757 9.704 6.652 8.602
0.000 0.000 39.639 56.633 64.612 70.563 41.439 40.364 39.327 36.307 37.290 37.263 43.224 43.168 59.098 59.016 34.929 0.000 32.586 45.552 47.523 45.497 47.468 47.436 48.402 44.378 0.000 0.000 0.000 44.179 29.110 0.000 0.000 53.431 62.297 79.159 78.069 77.261 84.259 75.843 78.378 80.923 76.708 76.468 76.226 74.953 62.537 21.329 0.000 0.000 0.000 0.000 0.000 11.701 6.688 6.663 6.625 10.574 22.529 25.481 11.424 6.360 8.288 10.211 25.143 24.082 10.024 18.966 19.910 18.854 11.800 7.747 6.695 16.644
