results1/res_4e8f-0235.wd
ncols         241
nrows         181
xllcorner     12693529.787448
yllcorner     3542525.717860
cellsize      155.156523
NODATA_value  -9999.000000
[rows 33 to 65 of 181, columns 146 to 218 of 241]
65.034 64.249 63.973 64.609 31.267 42.936 64.620 58.305 36.880 0.000 0.000 37.006 13.006 18.006 34.007 59.011 46.010 12.008 0.000 0.937 50.924 58.910 16.887 43.861 35.841 36.818 40.781 49.745 67.705 58.676 53.649 48.626 49.607 49.590 48.575 47.559 46.541 54.523 64.504 56.488 56.473 54.458 33.444 47.432 55.424 0.000 26.004 30.977 54.908 52.850 57.797 67.746 60.705 55.685 10.675 0.000 38.627 38.617 45.614 23.617 0.000 0.000 0.000 0.000 0.000 0.000 0.000 0.000 0.000 0.000 0.000 0.000 0.000
64.987 64.732 64.384 65.054 42.731 60.427 63.158 56.966 0.000 0.000 15.006 39.006 0.000 0.000 0.000 43.021 43.016 51.006 13.986 63.961 51.936 38.914 47.890 38.864 36.840 36.813 35.781 37.748 65.715 63.686 63.659 65.635 58.615 60.596 59.578 59.561 59.544 60.526 64.510 62.494 63.480 58.467 35.456 34.447 7.441 0.000 22.948 36.931 44.896 39.847 45.793 58.737 58.703 56.684 14.674 0.000 0.000 43.601 15.597 0.000 0.000 0.000 0.000 0.000 2.479 45.473 44.466 46.460 36.455 39.451 6.449 0.000 0.000
65.469 65.131 64.808 64.486 64.176 64.882 56.619 43.434 0.000 0.000 0.000 7.006 0.000 0.000 0.000 40.035 37.027 50.013 54.993 46.969 55.944 53.919 34.894 35.867 36.840 36.812 48.783 52.752 56.721 49.692 46.666 56.641 30.620 37.600 32.581 32.563 32.546 35.529 61.514 50.499 48.486 50.474 35.465 37.458 17.454 0.000 32.909 89.903 14.900 0.000 0.000 7.705 59.688 58.673 17.663 0.000 0.000 40.587 37.578 39.559 37.543 45.529 51.516 43.502 65.485 72.474 70.465 55.459 35.454 34.450 38.447 8.445 0.000
65.867 65.545 65.224 64.910 65.604 60.305 42.003 32.719 41.719 0.000 0.000 0.000 0.000 0.000 0.000 37.058 36.044 39.025 35.003 45.978 48.952 51.925 40.898 35.871 35.843 35.814 60.785 66.755 48.726 42.697 42.670 43.645 40.623 40.602 40.583 41.565 44.548 41.531 62.516 54.503 52.490 52.480 34.471 48.465 74.462 0.000 24.876 77.873 0.000 0.000 0.000 9.688 59.672 57.658 35.642 40.616 38.596 36.582 36.570 36.555 35.541 42.528 49.517 36.504 54.487 72.471 68.462 48.456 33.451 33.447 38.445 6.443 0.000
66.284 65.955 65.634 65.324 62.026 47.733 36.368 0.000 0.000 0.000 0.000 41.208 4.194 10.171 2.139 36.095 37.067 37.041 36.015 35.988 41.960 34.932 34.903 36.875 35.846 34.816 58.787 55.758 63.730 67.700 66.672 61.647 57.624 59.604 55.584 59.566 59.549 60.533 64.518 62.505 63.493 59.483 34.476 46.470 68.468 0.000 19.846 80.840 0.000 0.000 0.000 0.000 56.654 59.645 38.630 36.609 36.591 36.576 36.563 36.550 35.538 42.527 51.518 7.511 0.000 30.462 73.457 49.452 33.448 33.444 37.441 4.439 0.000
66.697 66.357 66.032 65.725 55.445 37.231 0.000 0.000 0.000 0.000 39.237 42.222 55.203 55.180 43.150 36.117 36.086 37.058 37.029 35.999 34.969 35.939 35.909 35.878 34.848 43.819 62.790 41.762 55.734 32.701 65.670 55.646 54.624 54.603 51.584 56.565 57.548 57.532 64.518 62.505 59.494 59.484 34.477 48.473 67.470 0.000 5.823 73.800 0.000 0.000 0.000 0.000 60.645 59.638 35.623 37.600 36.583 37.569 37.556 37.544 38.533 46.524 26.518 0.000 0.000 31.456 73.453 54.448 41.443 35.439 38.436 5.434 0.000
67.107 66.746 67.411 60.101 47.798 37.515 0.000 0.000 0.000 0.000 36.252 53.238 47.218 36.194 38.166 38.135 36.105 35.074 37.043 36.011 36.979 36.947 36.914 35.882 35.851 55.820 55.791 55.765 55.744 0.000 37.660 35.643 36.623 36.602 37.583 41.564 44.547 42.531 62.516 56.503 50.492 52.484 35.477 47.473 66.470 0.000 0.000 46.737 37.711 0.000 0.000 0.000 54.643 37.641 0.000 32.586 38.571 42.560 49.549 49.538 49.527 51.518 23.511 0.000 15.459 79.455 72.450 74.444 62.438 37.433 38.429 6.427 0.000
67.505 67.108 66.765 52.468 4.133 0.069 0.000 0.000 0.000 14.306 52.282 47.261 37.238 38.213 38.185 38.154 38.123 36.090 35.057 35.023 36.989 35.954 35.919 34.885 36.852 51.821 42.790 51.761 52.733 11.700 11.668 51.644 50.622 50.600 50.580 52.561 52.544 53.527 65.513 61.500 56.489 58.480 34.474 43.470 71.469 0.000 0.000 105.699 74.686 41.666 28.657 0.000 0.000 0.000 0.000 0.000 35.557 44.550 48.541 47.531 50.520 52.509 38.497 43.479 59.464 74.454 72.447 72.439 60.433 37.426 37.421 13.417 0.000
67.876 68.415 60.072 42.873 0.000 0.000 0.000 2.372 2.358 59.331 53.307 37.284 38.260 38.234 38.205 38.174 38.142 38.108 35.072 36.036 35.999 35.961 36.924 35.887 35.853 38.819 43.788 55.758 42.728 54.697 59.668 52.643 61.619 51.597 52.577 55.557 54.539 53.523 63.508 59.495 47.484 46.475 35.469 42.466 71.465 0.000 0.000 96.674 86.667 63.656 32.648 0.000 0.000 8.577 3.574 0.000 6.549 55.543 47.534 41.524 38.514 53.502 40.490 42.476 50.463 71.452 73.443 71.435 57.427 37.419 34.411 38.403 32.392
76.165 73.605 46.235 36.080 0.000 0.000 4.396 37.385 51.372 52.353 46.332 41.309 38.285 38.257 38.228 38.196 37.162 40.126 45.089 41.050 36.009 36.968 35.927 35.888 35.851 35.817 42.784 43.753 41.723 48.694 47.666 42.640 54.615 34.593 42.572 49.552 48.533 42.516 61.501 54.488 34.476 33.467 36.461 38.458 42.462 0.000 0.000 74.656 54.651 91.643 77.631 13.611 14.595 65.581 39.570 37.558 37.548 39.539 50.529 44.519 12.508 65.496 53.484 49.471 47.459 58.448 74.439 66.429 49.420 38.412 34.403 41.393 65.380
0.000 0.000 25.184 43.132 0.000 0.000 39.406 49.401 63.391 47.377 46.358 46.337 39.311 38.283 38.253 38.219 45.184 53.147 54.107 46.065 41.019 35.974 34.929 35.886 39.848 36.812 35.779 34.748 40.718 41.689 40.661 41.635 43.610 36.587 42.565 47.545 49.526 45.508 61.493 55.478 37.466 36.456 36.449 32.444 0.000 0.000 0.000 30.644 49.640 49.632 83.622 98.608 91.594 59.580 45.568 46.556 46.545 49.535 71.524 89.513 98.502 97.490 99.478 98.466 92.455 86.444 78.433 61.424 44.414 35.405 36.395 49.385 68.373
19.341 0.000 0.000 0.000 0.000 10.421 42.422 62.421 54.416 57.405 54.388 44.367 37.341 38.312 38.280 49.245 54.208 50.170 45.129 42.083 45.030 39.979 39.929 35.881 40.841 34.805 35.772 36.741 35.711 35.682 35.654 35.628 34.603 35.580 35.558 39.537 45.517 44.499 62.482 56.467 35.454 36.443 36.434 35.425 10.414 0.000 0.000 34.635 60.632 49.625 51.616 66.604 77.591 87.578 89.566 95.554 98.542 98.531 97.520 93.508 84.497 82.485 84.473 87.461 89.450 90.439 88.428 92.418 84.408 51.398 38.388 57.378 74.367
58.793 17.670 0.000 0.000 7.391 43.420 59.439 52.447 44.446 52.438 56.422 57.401 47.375 36.344 46.310 55.273 45.234 37.194 37.154 39.109 7.040 7.982 6.926 32.868 36.829 38.796 38.764 35.733 35.703 36.674 35.647 35.620 35.595 36.571 35.549 35.527 35.507 38.488 55.470 54.454 36.440 36.428 36.418 37.409 38.403 0.000 0.000 33.630 51.627 52.621 64.613 51.602 31.589 35.576 71.563 95.551 79.539 74.527 77.515 70.504 56.492 45.480 36.468 34.456 35.444 45.433 43.422 38.411 77.401 92.391 70.381 68.371 72.361
0.000 33.547 11.972 6.212 42.361 52.431 59.466 43.481 46.484 44.478 42.463 50.441 55.413 50.380 54.343 43.302 37.260 38.220 38.185 46.159 0.000 0.000 0.000 29.835 38.813 49.785 50.754 45.724 41.694 43.665 39.638 38.611 36.586 35.562 35.538 36.516 35.495 35.475 38.457 47.440 35.424 35.411 36.400 35.391 4.386 0.000 0.000 14.628 12.625 66.620 50.612 35.601 49.588 51.573 97.560 78.548 61.536 43.523 34.511 35.499 36.487 37.474 37.462 37.450 36.438 34.427 33.415 34.405 42.394 79.384 87.374 72.364 71.355
0.000 20.998 44.158 46.304 45.411 60.476 45.512 39.529 41.532 40.525 37.510 36.487 51.456 58.420 61.378 49.332 39.285 36.241 44.206 10.182 0.000 0.000 0.000 32.825 42.803 49.775 50.745 50.714 52.684 60.656 58.628 54.601 52.576 48.551 42.527 37.504 35.482 36.461 35.442 40.423 33.406 34.391 35.379 37.370 58.365 0.000 0.000 0.000 28.626 70.621 30.614 39.603 30.587 69.569 87.556 47.544 35.532 37.520 37.507 37.494 37.482 37.469 34.457 34.444 33.432 34.420 34.409 34.398 50.387 65.377 38.367 98.356 70.346
0.000 21.290 44.356 37.435 56.502 56.549 51.577 42.590 36.591 37.582 38.564 49.539 52.506 44.466 47.418 56.364 57.308 47.254 4.214 0.000 5.965 4.929 37.883 43.836 47.801 46.768 47.735 47.704 45.674 52.645 53.617 53.590 54.564 51.539 50.515 51.491 42.468 37.446 38.425 35.405 36.386 35.369 34.355 36.344 51.338 0.000 0.000 0.000 28.631 72.626 34.619 10.611 0.000 15.561 54.552 36.541 37.529 35.516 35.503 35.490 34.477 33.464 34.451 34.438 33.425 34.413 33.401 32.390 35.380 31.371 27.361 91.346 100.335
0.000 18.515 38.541 48.579 58.614 49.641 49.657 51.663 49.659 40.647 46.627 55.599 44.563 37.518 36.463 42.398 52.326 59.254 23.183 15.092 41.002 40.939 35.884 44.836 49.795 50.759 46.725 46.692 38.661 35.632 35.605 35.578 34.552 32.527 39.502 53.478 52.454 51.430 46.408 37.386 35.365 36.345 35.328 35.313 36.305 0.000 0.000 0.000 43.643 10.631 14.625 0.000 0.000 0.000 33.550 13.539 16.526 33.511 32.499 32.486 33.472 35.459 35.445 35.432 34.419 34.406 32.394 32.382 33.372 21.364 0.000 11.333 94.319
0.000 17.715 41.715 60.724 51.735 48.744 48.748 49.745 48.736 50.720 55.697 44.668 38.630 38.581 38.519 37.440 38.345 44.253 61.172 59.090 38.011 36.940 35.879 36.828 48.785 46.749 57.714 45.679 38.647 36.619 37.591 36.565 41.539 49.514 45.489 39.464 45.439 55.414 52.389 51.365 42.342 35.319 35.297 36.278 34.263 0.000 0.000 43.671 31.666 0.000 0.000 45.573 40.572 39.567 31.558 0.000 0.000 38.505 35.495 35.482 35.468 35.453 35.439 35.425 35.411 35.398 35.385 34.373 35.361 37.349 27.335 0.000 36.302
6.005 30.915 55.880 51.866 40.859 45.853 50.845 45.834 51.819 57.799 49.775 37.745 36.706 38.658 38.591 42.497 43.361 37.242 48.161 44.088 41.010 37.932 34.863 41.811 45.770 47.736 38.704 65.661 53.631 43.604 35.577 41.552 60.526 70.501 63.475 40.449 42.423 45.397 49.371 54.344 52.318 48.291 37.264 34.237 41.206 47.163 0.000 18.677 39.683 0.000 0.000 15.575 35.576 35.569 35.558 40.543 39.527 35.509 34.494 35.479 35.463 35.448 35.432 35.418 35.403 35.390 35.376 35.363 34.350 34.336 35.322 38.303 34.293
18.096 52.058 58.025 43.001 37.981 39.964 41.945 52.926 56.906 67.884 66.859 59.829 48.794 37.751 40.693 7.595 0.000 36.191 42.141 39.090 2.009 35.916 39.831 56.783 55.747 58.723 0.000 30.630 70.611 64.588 50.563 56.538 74.513 74.487 72.462 41.435 47.408 47.381 49.353 37.324 46.294 52.264 51.232 50.199 63.162 72.120 5.076 0.000 29.706 54.728 0.000 0.000 58.588 39.577 39.562 39.545 39.527 40.510 34.493 33.477 37.460 34.442 34.425 34.410 34.395 35.381 34.367 33.353 33.339 33.325 33.311 33.296 32.284
17.224 63.196 49.163 38.131 38.102 38.075 51.047 49.019 65.995 80.972 77.947 74.919 69.890 60.859 51.834 0.000 0.000 0.000 30.123 41.109 0.000 0.000 32.764 50.741 49.714 64.685 36.644 37.619 70.596 75.573 71.549 70.525 73.500 73.475 74.449 53.422 45.394 47.365 47.335 37.304 46.271 40.237 59.202 30.164 69.124 91.080 62.032 31.981 0.000 32.751 0.000 34.639 94.611 47.589 49.568 49.548 45.528 46.510 38.492 33.475 15.456 34.434 34.417 37.402 40.387 50.372 40.358 35.343 36.329 36.315 36.301 36.287 36.274
49.379 53.340 47.298 45.258 40.222 52.186 46.148 59.107 37.084 7.062 58.038 77.012 75.986 76.963 59.949 0.000 0.000 0.000 24.118 47.113 0.000 0.000 29.718 44.704 39.683 66.658 77.629 77.604 73.581 73.559 73.536 74.512 73.488 73.463 73.437 67.409 42.381 44.350 42.318 37.285 48.249 49.212 52.174 9.133 54.089 90.042 59.990 77.930 38.847 24.774 36.722 92.666 80.628 52.599 46.573 48.550 42.528 36.508 34.490 32.477 0.000 40.420 48.408 56.393 63.378 72.363 61.348 41.333 35.318 36.304 36.290 36.276 36.263
60.562 49.488 49.431 45.383 52.340 49.299 52.253 76.178 63.173 46.154 67.130 76.104 75.079 74.060 54.049 0.000 0.000 0.000 0.000 2.113 0.000 0.000 35.687 44.675 55.656 71.634 73.611 73.588 73.566 73.545 73.523 73.500 73.476 73.452 73.426 73.398 59.369 49.337 42.304 35.268 39.229 39.189 44.147 63.104 49.058 84.010 69.958 76.901 83.837 69.777 74.724 83.677 59.637 60.605 46.576 45.550 37.527 34.505 35.484 37.464 51.439 57.419 75.402 74.386 73.369 72.354 72.338 62.323 40.308 35.293 36.279 36.265 36.252
51.697 39.619 41.555 53.502 50.456 50.417 20.388 0.000 55.275 81.252 76.223 75.194 77.167 59.147 45.139 29.165 0.000 0.000 0.000 0.000 0.000 0.000 41.669 58.651 70.631 73.611 73.591 73.571 73.551 73.531 73.510 73.489 73.466 73.442 73.417 73.389 74.359 68.327 60.291 52.253 50.211 53.168 44.123 61.077 40.030 81.982 14.931 35.878 70.824 42.771 33.723 89.679 53.640 57.606 55.576 36.549 34.524 35.500 35.478 43.456 64.434 75.413 72.395 72.377 72.360 69.344 68.328 66.312 65.297 39.282 35.267 35.253 35.240
41.810 38.734 51.669 51.613 46.565 66.525 20.494 29.481 69.402 76.355 75.317 75.282 75.250 51.220 51.196 62.191 0.000 0.000 0.000 0.000 0.000 0.000 0.000 8.629 67.607 79.589 74.572 73.554 73.536 73.518 73.499 73.479 73.457 73.434 73.409 73.382 73.352 74.319 75.282 72.241 72.196 75.148 55.099 61.051 35.003 75.955 11.907 13.858 66.809 36.761 46.717 80.675 61.638 53.604 57.573 34.545 35.519 34.495 36.471 46.449 67.427 68.406 73.387 72.369 67.351 64.334 68.317 73.301 72.286 61.270 42.256 41.241 40.228
37.913 51.839 52.774 40.717 51.666 72.622 65.584 71.547 77.495 75.449 75.407 75.368 72.329 56.290 6.232 2.211 0.000 0.000 0.000 0.000 0.000 0.000 0.000 0.000 12.579 24.567 65.553 74.538 73.522 73.506 73.488 73.470 73.450 73.428 73.404 75.378 74.348 74.315 73.276 75.232 74.183 74.130 64.075 62.024 38.976 50.929 80.883 59.837 67.792 36.749 64.707 58.668 61.632 49.599 43.568 35.539 35.513 35.488 43.464 48.441 49.419 54.398 62.378 60.359 61.341 72.323 72.306 72.290 72.274 73.258 67.243 63.229 61.215
53.007 52.936 41.872 37.814 52.761 71.714 77.671 76.628 75.583 75.538 75.495 76.453 67.411 60.377 0.000 0.000 0.000 0.000 0.000 0.000 0.000 0.000 0.000 0.000 21.563 41.546 68.534 74.522 73.509 73.494 73.479 73.462 73.444 73.424 75.402 75.377 75.349 67.316 72.276 75.230 78.174 76.112 70.048 65.994 53.947 37.902 85.859 68.816 70.775 35.734 81.695 45.658 26.623 43.591 34.560 35.532 34.505 43.480 49.455 48.432 48.410 47.389 40.369 36.349 66.330 72.312 72.295 72.278 72.262 72.246 73.231 73.216 73.202
50.096 41.026 38.963 36.905 53.851 73.803 75.757 75.713 75.669 75.626 75.583 77.537 56.483 54.430 0.000 0.000 0.000 0.000 0.000 0.000 0.000 0.000 0.000 0.000 0.000 55.522 74.516 73.507 73.496 73.484 73.471 73.456 75.440 74.422 74.402 74.380 68.354 46.323 62.283 72.237 23.169 14.097 48.011 54.958 63.915 50.874 71.834 89.795 74.756 41.717 83.681 7.646 19.612 32.581 35.551 35.523 37.496 47.470 45.446 46.423 48.400 51.379 45.358 46.338 62.319 72.300 72.283 72.266 72.249 72.233 72.217 72.202 72.188
41.179 39.111 44.048 48.990 63.937 75.888 75.841 75.798 75.756 75.715 75.674 76.628 63.556 0.000 0.000 0.000 0.000 0.000 3.468 40.469 1.469 19.469 0.000 0.000 0.000 30.503 65.500 72.494 73.486 73.476 73.464 73.451 75.437 73.422 73.405 73.386 57.365 53.338 15.296 17.267 0.000 0.000 32.939 39.913 61.880 47.845 52.809 95.772 78.736 57.700 67.665 17.631 62.599 39.569 35.540 35.512 37.485 46.460 57.435 57.412 59.389 65.368 60.347 71.326 72.307 72.288 72.270 72.253 72.236 72.219 72.204 72.188 72.174
42.257 39.191 46.129 65.072 76.019 75.969 75.923 75.880 75.840 75.803 75.770 81.746 0.000 0.000 0.000 0.000 0.000 0.000 40.468 52.469 39.469 54.469 50.469 0.000 20.482 52.487 59.487 70.483 73.477 73.469 73.459 74.448 73.436 73.423 73.410 69.395 58.381 63.370 0.000 0.000 0.000 16.887 49.894 41.875 59.848 35.817 37.784 85.750 84.715 76.681 62.648 62.616 51.585 46.556 35.527 35.500 35.474 45.448 67.424 74.400 73.378 73.356 65.334 72.314 72.294 72.275 72.257 72.239 72.222 72.205 72.189 72.174 72.159
40.331 38.266 53.206 73.149 77.096 76.047 76.002 75.960 75.922 75.887 75.858 82.839 0.000 0.000 0.000 0.000 0.000 0.000 29.468 49.468 49.469 48.469 51.470 35.472 43.476 51.478 51.478 68.475 74.470 73.463 73.455 73.446 73.436 73.425 74.415 66.404 62.395 56.389 0.000 0.000 0.000 9.880 13.874 41.847 60.819 37.790 33.760 72.728 89.694 86.661 67.630 46.599 45.570 46.541 37.514 34.487 35.461 38.436 49.412 69.388 72.365 72.343 64.322 72.301 72.281 72.261 72.243 72.225 72.207 72.191 72.175 72.159 72.144
39.402 41.338 61.278 77.222 76.170 76.122 76.078 76.037 76.000 75.966 77.936 75.912 0.000 0.000 0.000 0.000 0.000 0.000 15.468 54.468 60.468 65.468 56.469 55.470 49.471 45.472 56.471 70.468 73.464 73.459 76.452 74.444 73.436 73.428 73.419 68.412 60.406 55.403 30.407 0.000 0.000 0.000 0.000 3.819 52.791 38.766 34.739 67.707 98.673 79.641 58.610 49.581 51.553 49.526 44.499 33.473 35.448 34.423 38.399 57.375 72.352 72.330 64.308 72.287 72.267 72.247 72.228 72.210 72.192 72.175 72.159 72.143 72.128
39.469 49.406 69.347 77.291 76.240 76.193 76.150 76.110 76.074 77.042 75.009 62.961 46.961 0.000 0.000 0.000 0.000 0.000 17.468 55.468 64.468 64.467 68.467 70.467 53.468 52.467 67.466 73.464 73.460 73.455 74.450 73.444 73.437 73.430 73.423 71.417 59.413 60.410 54.411 0.411 0.000 0.000 0.000 0.000 38.759 38.745 32.721 77.688 65.651 71.618 41.589 61.562 55.535 48.510 48.484 39.459 34.434 35.410 34.385 46.362 69.338 71.316 65.294 72.272 73.252 72.232 72.213 72.194 72.176 72.159 72.143 72.127 72.112
