results1/res_4e8f-0123.wd
ncols         241
nrows         181
xllcorner     12693529.787448
yllcorner     3542525.717860
cellsize      155.156523
NODATA_value  -9999.000000
[rows 0 to 32 of 181, columns 146 to 218 of 241]
0.000 0.000 0.000 0.000 0.000 0.000 0.000 0.000 0.000 0.000 0.000 0.000 0.000 0.000 4.768 15.644 16.439 16.184 15.899 15.601 15.307 15.031 14.784 14.573 14.401 14.266 14.167 14.098 14.055 14.031 14.020 19.016 0.000 0.000 0.000 0.000 0.000 0.000 0.000 0.000 0.000 0.000 0.000 0.000 0.000 0.000 0.000 0.000 0.000 11.586 18.586 0.000 0.000 36.123 41.123 0.000 0.000 0.000 0.000 0.000 0.000 0.000 0.000 0.000 0.000 0.000 0.000 0.000 0.000 0.000 0.000 0.000 0.000
0.000 0.000 0.000 0.000 0.000 0.000 0.000 0.000 0.000 0.000 0.000 0.000 0.000 0.361 15.892 16.726 16.490 16.213 15.911 15.597 15.289 15.001 16.747 15.534 14.362 14.232 14.137 14.073 14.035 14.017 14.013 19.013 0.000 0.000 0.000 0.000 0.000 0.000 0.000 0.000 0.000 0.000 0.000 0.000 0.000 0.000 0.000 0.000 8.587 30.587 6.586 0.000 15.124 48.124 42.123 0.000 0.000 0.000 0.000 0.000 0.000 0.000 0.000 0.000 0.000 0.000 0.000 0.000 27.072 0.000 0.000 0.000 0.000
0.000 0.000 0.000 0.000 0.000 0.000 0.000 0.000 0.000 0.000 0.000 0.000 0.000 19.510 18.173 16.878 16.581 16.269 15.935 15.589 15.250 16.939 16.671 14.453 14.284 14.160 14.076 14.023 13.996 13.989 16.004 10.008 0.000 0.000 0.000 0.000 0.000 0.000 0.000 0.000 0.000 0.000 0.000 0.000 0.000 0.000 0.000 0.000 20.588 0.000 0.000 10.125 41.125 3.124 0.000 0.000 0.000 0.000 0.000 0.000 0.000 0.000 0.000 0.000 0.000 0.000 0.000 0.000 30.072 2.072 0.000 0.000 0.000
0.000 0.000 0.000 0.000 0.000 0.000 0.000 0.000 0.000 0.000 0.000 0.000 2.507 18.857 17.411 17.030 16.689 16.345 15.971 15.573 16.183 15.833 14.545 14.322 14.161 14.050 13.982 13.946 13.935 19.941 0.000 0.000 0.000 0.000 0.000 0.000 0.000 0.000 0.000 0.000 0.000 0.000 0.000 5.591 0.000 0.000 0.000 4.590 64.590 0.000 0.000 16.126 43.127 0.000 0.000 0.000 0.000 0.000 0.000 0.000 0.000 0.000 2.088 8.088 27.087 0.000 0.000 20.073 29.073 30.072 2.072 0.000 0.000
0.000 0.000 0.000 0.000 0.000 0.000 0.000 0.000 0.000 0.000 0.000 7.983 1.230 2.436 17.583 17.145 16.799 16.453 16.030 15.550 16.075 15.667 14.353 14.131 13.985 13.899 13.856 13.845 14.857 15.899 0.000 0.000 0.000 0.000 0.000 0.000 0.000 0.000 0.000 0.000 0.000 0.000 6.591 29.591 24.591 0.000 0.000 20.591 48.590 0.000 0.000 0.000 43.129 0.000 0.000 0.000 0.000 0.000 0.000 0.000 0.000 0.000 42.089 46.088 48.087 0.000 0.000 33.074 28.073 28.072 38.072 0.000 0.000
0.000 0.000 0.000 0.000 0.000 0.000 0.000 0.000 0.000 0.000 10.631 3.271 1.679 1.166 1.185 15.167 16.908 16.636 16.148 17.523 16.899 14.406 14.070 13.863 13.751 13.703 13.699 13.721 19.749 0.000 0.000 0.000 0.000 0.000 0.000 0.000 0.000 0.000 0.000 0.000 0.000 0.000 0.000 9.591 30.592 22.592 20.592 2.592 33.591 6.591 0.000 0.000 28.133 41.134 32.135 30.135 39.135 0.000 0.000 0.000 0.000 0.000 42.090 44.089 49.087 28.083 17.079 34.076 37.074 0.000 0.000 0.000 2.030
0.000 0.000 0.000 0.000 0.000 0.000 0.000 0.000 0.000 0.000 6.986 3.729 3.390 2.911 0.332 0.514 10.030 18.036 17.402 17.493 14.593 13.990 13.657 13.501 13.451 13.465 13.517 13.590 8.669 0.000 0.000 0.000 0.000 0.000 26.545 59.545 0.000 0.000 0.000 16.158 0.000 0.000 0.000 6.591 30.592 43.593 78.593 40.593 41.592 12.591 0.000 0.000 25.134 44.136 29.136 25.136 42.135 0.000 0.000 0.000 0.000 0.000 29.093 35.091 31.087 31.083 35.080 38.076 46.074 0.000 0.000 0.000 25.031
0.000 0.000 0.000 0.000 0.000 0.000 0.000 0.000 0.000 30.089 30.598 7.228 2.868 3.137 2.838 0.686 0.312 5.077 17.932 15.454 13.990 13.303 13.066 13.033 13.087 13.188 14.314 11.452 0.000 0.000 0.000 0.000 0.000 0.000 1.545 47.545 54.546 36.543 28.536 0.154 0.000 0.000 0.000 0.000 0.000 4.594 71.595 50.595 0.000 0.000 0.000 0.000 0.000 37.139 52.138 50.137 52.135 44.132 36.127 39.122 38.116 47.108 51.100 48.094 49.089 49.084 44.080 39.075 36.072 0.000 0.000 0.000 0.000
0.000 0.000 0.000 0.000 0.000 0.000 0.000 0.000 24.083 41.580 43.088 32.650 9.289 1.732 2.824 0.714 2.428 7.188 5.832 15.402 12.609 12.166 12.273 12.477 12.678 13.885 14.099 0.000 0.000 0.000 0.000 0.000 0.000 0.000 0.000 0.000 45.549 55.547 60.544 0.000 0.000 0.000 0.000 0.000 0.000 0.598 43.598 35.598 40.599 7.599 0.000 0.000 21.145 49.143 34.141 28.139 35.136 47.133 35.128 34.123 43.117 52.110 39.103 35.096 38.091 44.085 50.079 52.074 50.068 36.059 27.052 10.045 19.039
0.000 0.000 0.000 0.000 0.000 0.000 0.000 20.105 29.585 45.059 42.526 42.993 35.459 11.931 0.937 4.404 13.858 6.205 2.064 2.807 5.877 10.479 11.381 11.926 12.263 17.574 0.000 0.000 0.000 0.000 0.000 0.000 0.000 0.000 0.000 0.000 12.555 58.553 11.548 0.000 0.000 0.000 0.000 0.000 0.000 39.603 49.601 25.600 41.599 61.599 1.599 0.000 27.148 51.146 30.144 24.142 27.139 40.135 29.131 29.125 31.119 33.112 30.106 31.099 25.092 29.086 35.079 36.073 34.066 43.059 45.051 48.045 56.039
0.000 0.000 0.000 0.000 0.000 0.000 25.137 23.624 47.096 43.545 42.964 42.338 42.623 37.700 20.191 11.941 7.553 0.000 0.002 4.158 2.161 3.094 10.848 11.582 16.874 0.000 0.000 0.000 0.000 0.000 0.000 0.000 36.574 0.000 0.000 0.000 19.563 59.562 0.000 0.000 0.000 0.000 0.000 0.000 34.609 78.606 11.602 14.601 36.600 63.600 3.600 0.000 24.152 49.151 29.149 22.146 25.143 27.139 23.134 22.128 29.122 45.115 28.108 24.101 38.094 34.087 31.080 38.073 38.065 41.058 50.051 54.043 41.037
0.000 0.000 0.000 0.000 0.000 29.103 17.650 46.158 44.629 44.061 43.448 42.772 41.995 42.055 38.878 24.620 4.013 0.027 0.002 45.545 4.276 0.035 0.044 13.680 9.777 0.000 0.000 0.000 0.000 0.000 0.000 0.000 32.575 27.576 36.576 48.576 52.572 42.571 0.000 0.000 0.000 33.617 48.616 53.614 77.612 33.610 0.000 0.000 38.601 26.601 0.000 0.000 27.157 54.156 41.154 25.151 73.148 101.144 50.139 26.133 42.126 89.119 41.112 18.104 83.096 56.088 31.081 38.073 40.065 30.057 39.050 52.042 35.035
0.000 0.000 0.000 0.000 0.000 18.556 40.201 46.730 45.199 44.623 43.995 43.305 42.530 41.646 41.658 40.603 29.829 4.574 50.167 47.263 0.155 0.066 0.023 0.025 0.000 0.000 0.000 0.000 0.000 0.000 0.000 31.570 27.574 32.576 46.578 56.579 40.578 27.578 0.000 0.000 0.000 42.617 41.617 37.616 76.614 36.613 0.000 0.000 17.602 9.602 0.000 20.168 48.164 50.162 44.160 32.157 31.154 64.149 105.144 43.138 36.131 93.123 44.115 18.107 90.099 60.090 23.082 25.074 31.065 22.057 36.049 35.041 23.033
0.000 0.000 0.000 0.000 22.975 33.365 48.869 46.360 45.817 45.235 44.606 43.923 43.173 42.358 41.420 40.694 39.564 51.922 51.588 0.583 0.218 9.318 0.000 0.000 0.000 0.000 0.000 0.000 0.000 47.537 50.552 32.567 31.574 46.578 56.581 42.583 25.583 27.587 27.599 25.612 23.617 35.619 38.619 48.618 88.617 22.615 0.000 0.000 54.604 4.604 0.000 17.172 47.170 47.169 34.167 26.165 22.161 32.156 29.151 69.144 100.136 117.128 98.119 87.110 113.101 107.092 98.083 44.074 24.065 41.057 36.048 25.040 20.032
0.000 0.000 0.000 24.087 33.585 51.061 47.548 47.024 46.475 45.893 45.272 44.605 43.899 43.082 42.555 40.215 51.944 51.946 36.104 18.474 5.655 0.000 0.000 0.000 0.000 0.000 0.000 0.000 16.231 0.169 0.000 11.572 49.577 53.581 45.586 30.591 0.000 0.000 0.000 29.620 25.621 35.622 34.621 57.620 54.620 0.000 0.000 0.000 57.606 3.605 0.000 15.177 45.177 57.176 36.175 42.173 65.170 42.165 24.159 48.151 71.143 105.134 71.124 51.114 99.104 89.095 64.085 33.075 19.066 90.057 58.048 30.039 20.030
0.000 0.000 0.000 29.589 49.218 48.744 48.239 47.714 47.165 46.589 46.980 46.347 44.614 44.212 41.664 51.971 51.944 39.635 41.268 38.939 22.922 3.920 0.000 0.000 0.000 0.000 0.000 0.000 0.000 0.000 0.000 0.000 17.580 49.584 27.591 25.603 31.615 0.000 0.000 30.627 28.626 34.626 35.625 57.623 53.622 0.000 0.000 17.611 64.609 0.606 0.000 17.183 48.184 51.184 32.184 32.183 78.180 113.175 62.168 30.160 46.150 93.140 53.129 20.118 86.108 73.097 31.086 23.076 16.066 97.057 61.047 33.038 34.029
0.000 0.000 30.104 47.461 50.955 49.458 48.951 48.427 47.884 48.316 46.734 46.060 45.746 43.203 52.306 52.075 41.092 41.938 40.975 31.373 12.144 0.000 0.000 0.000 0.000 0.000 0.000 0.000 0.000 0.000 0.000 0.000 0.000 0.000 0.000 30.615 27.628 26.637 28.639 30.634 26.632 34.630 36.629 48.626 44.623 6.620 25.616 58.613 9.611 0.000 0.000 17.189 44.191 50.193 36.195 21.195 23.192 48.187 35.179 17.170 35.159 90.147 46.135 12.123 83.111 68.099 26.088 22.077 18.067 96.057 61.047 33.037 24.027
0.000 29.305 42.747 52.195 50.684 50.183 49.678 49.160 49.624 49.080 47.447 47.184 44.646 53.137 52.669 42.674 43.693 41.587 28.822 0.000 0.000 0.000 0.000 0.000 0.000 0.000 0.000 0.000 0.000 0.000 0.000 0.000 0.000 0.000 0.000 0.000 34.643 44.645 55.645 43.641 32.636 36.636 33.634 38.630 31.625 50.620 68.616 56.613 2.612 0.000 0.000 16.193 42.198 47.203 53.209 51.210 39.207 29.201 42.192 74.181 93.169 114.155 94.141 77.127 111.114 104.101 86.090 46.078 19.067 94.057 66.047 38.037 25.027
26.317 37.863 52.383 51.890 51.401 50.912 50.418 50.909 50.396 48.797 48.571 46.048 54.268 53.678 44.173 45.354 46.316 24.540 0.000 0.000 0.000 0.000 0.000 0.000 0.000 0.000 0.000 0.000 0.000 0.000 0.000 0.000 0.000 0.000 0.000 0.000 32.657 36.657 54.654 13.647 0.000 43.643 34.640 37.636 33.626 21.619 40.615 55.613 42.611 1.610 0.000 0.000 7.204 50.211 52.227 45.230 33.226 42.219 93.208 84.195 65.180 66.164 67.147 67.132 67.117 68.103 70.091 41.079 21.068 93.057 69.047 32.037 26.030
29.771 53.448 53.031 52.581 52.118 51.648 51.167 50.685 50.118 49.926 47.421 55.521 54.885 45.567 46.825 45.859 41.404 0.970 0.000 0.000 0.000 0.000 0.000 0.000 0.000 0.000 0.000 0.000 0.000 0.000 0.000 0.000 0.000 0.000 0.000 0.000 33.671 44.670 28.668 0.000 0.000 40.652 37.649 4.646 0.000 25.615 39.613 54.611 51.610 20.610 0.000 0.000 0.000 0.000 19.259 34.256 18.249 79.239 80.226 29.211 35.193 77.173 48.153 20.135 66.119 56.104 36.092 34.080 25.068 93.057 64.046 21.035 22.027
47.546 55.129 53.713 53.284 52.843 53.392 51.942 51.410 51.256 48.774 56.817 56.165 45.869 48.160 47.194 47.615 17.001 0.000 0.000 0.000 0.000 0.000 0.000 0.000 0.000 0.000 0.000 0.000 0.000 0.000 0.000 0.000 0.000 0.000 0.000 0.700 53.687 51.684 55.681 52.681 48.676 48.665 42.659 1.654 0.000 25.614 38.611 56.609 63.608 26.609 0.000 0.000 0.000 0.000 13.294 26.287 46.276 93.263 56.247 16.229 84.208 85.182 34.158 21.136 42.119 98.104 57.092 25.080 25.069 88.057 106.045 93.031 98.016
57.205 54.808 54.408 53.998 53.576 55.157 52.661 52.551 50.106 58.132 57.472 41.108 45.357 49.451 45.954 23.275 0.000 0.000 0.000 0.000 0.000 0.000 0.000 0.000 0.000 0.000 0.000 0.000 0.000 0.000 0.000 0.000 0.000 0.000 0.000 52.713 51.704 52.697 54.692 53.687 51.681 52.674 45.669 0.663 0.000 26.615 38.609 61.604 34.606 0.000 0.000 0.000 0.000 11.361 41.337 20.321 85.305 79.288 23.271 79.252 92.229 41.191 29.161 32.134 27.116 58.103 97.091 54.080 17.070 88.059 91.046 65.028 7.007
47.849 54.490 55.113 54.721 54.330 53.862 53.794 51.386 59.412 58.795 24.283 29.496 32.424 51.117 34.762 0.000 0.000 0.000 0.000 0.000 0.000 0.000 0.000 42.706 31.705 0.000 0.000 0.000 0.000 0.000 0.000 0.000 0.000 0.000 0.000 29.725 23.718 26.709 30.701 25.695 24.688 23.681 25.674 29.667 23.653 16.624 31.604 10.593 0.000 0.000 0.000 0.000 0.000 13.385 36.372 27.355 28.336 28.315 20.296 41.278 42.265 0.000 0.000 3.122 33.110 26.099 48.089 41.080 23.072 56.061 4.054 0.000 1.993
26.529 42.191 54.830 57.466 55.019 54.979 52.576 60.469 59.981 33.280 0.000 42.803 0.000 54.705 23.234 0.000 0.000 0.000 0.000 0.000 0.000 0.000 0.000 49.707 43.705 0.000 0.000 0.000 0.000 0.000 0.000 0.000 0.000 15.820 0.000 30.745 26.733 26.720 26.711 26.702 26.695 26.688 26.681 28.674 6.668 0.000 1.588 32.572 2.559 0.000 0.000 0.000 14.423 45.423 33.412 32.393 24.367 25.342 25.319 23.300 37.288 0.000 0.000 0.000 4.103 29.096 24.087 37.080 36.076 0.000 0.000 0.000 1.984
18.254 25.913 48.570 53.159 56.131 53.684 61.191 60.871 40.114 15.927 0.000 59.423 57.330 43.773 0.000 0.000 0.000 0.000 0.000 0.000 0.000 0.000 52.718 58.709 29.703 0.000 0.000 0.000 0.000 0.000 0.000 0.000 0.000 32.820 30.807 27.777 26.749 23.729 27.718 27.710 27.702 27.694 27.687 30.681 3.677 0.000 0.000 30.551 30.547 0.536 0.000 0.000 0.000 32.472 25.460 24.436 23.399 23.366 23.340 23.313 24.301 33.300 0.000 0.000 0.000 0.000 30.081 33.079 31.077 0.000 0.000 0.000 25.980
22.000 32.647 37.285 35.197 46.768 61.550 61.417 45.050 23.825 17.335 0.000 39.111 51.796 25.284 0.000 0.000 0.000 0.000 40.801 46.794 38.781 36.754 45.728 38.710 28.694 0.000 0.000 0.000 0.000 0.000 0.000 0.000 0.000 30.834 27.824 26.808 0.779 0.000 32.724 26.717 26.709 26.700 26.693 27.687 1.682 0.000 0.000 31.533 30.532 1.527 0.000 0.000 29.532 25.532 25.521 25.493 24.426 24.385 28.362 0.000 0.000 0.000 0.000 0.000 0.000 0.000 30.078 25.077 25.076 26.075 0.000 0.000 27.977
33.708 47.361 23.091 21.975 61.595 61.596 47.997 34.737 31.088 35.937 0.000 6.117 41.456 0.000 0.000 0.000 0.000 36.814 40.808 42.801 40.795 0.000 0.000 0.000 40.669 24.645 0.000 0.000 0.000 0.000 0.000 0.000 0.000 40.858 37.846 12.832 0.000 0.000 45.736 31.727 27.716 26.705 30.696 7.692 0.000 6.505 44.509 25.517 29.520 1.521 0.000 0.000 0.000 30.605 25.599 29.591 0.000 0.000 0.000 0.000 0.000 0.000 0.000 0.000 0.000 0.000 30.075 25.075 25.075 30.075 0.000 0.000 1.976
54.383 42.981 23.057 18.571 61.539 22.994 28.733 30.978 34.669 53.271 62.749 50.784 0.000 0.000 0.000 0.000 34.827 28.821 34.814 49.808 48.803 0.000 0.000 0.000 0.000 41.620 0.000 0.000 0.000 26.995 0.000 0.000 42.924 41.895 47.870 40.842 5.814 59.787 56.757 54.739 52.723 44.707 25.696 12.694 0.000 20.503 73.503 27.507 28.511 2.515 0.000 0.000 0.000 35.682 21.681 26.680 0.000 0.000 0.000 0.000 0.000 0.000 0.000 0.000 0.000 26.073 28.074 30.074 24.074 29.074 0.000 0.000 0.000
62.939 50.048 32.360 61.043 18.971 20.773 19.957 19.615 29.198 56.753 52.189 23.487 0.000 0.000 33.861 0.000 41.834 33.828 44.821 39.812 18.808 0.000 0.000 0.000 0.000 45.596 21.589 0.000 0.000 22.996 30.996 34.983 36.953 38.926 28.898 25.851 33.814 33.789 53.767 36.749 30.729 28.706 8.687 0.000 0.000 15.499 83.494 39.498 5.501 0.000 0.000 0.000 0.000 48.761 21.763 28.770 0.833 0.000 0.000 0.000 0.000 0.000 0.000 0.000 5.073 28.073 43.073 41.073 34.073 0.000 0.000 0.000 0.000
60.969 59.217 60.516 37.852 25.775 21.935 21.587 20.178 26.781 42.348 37.768 0.000 0.000 0.000 36.861 57.857 52.846 53.838 35.829 0.000 0.000 0.000 0.000 0.000 36.573 27.580 19.581 0.000 0.000 0.000 35.010 38.999 38.980 38.960 22.946 0.000 29.801 30.788 54.775 40.760 34.739 20.701 27.658 42.605 62.552 51.502 75.476 40.490 4.495 0.000 0.000 0.000 0.000 46.838 22.841 23.853 28.886 0.000 0.000 0.000 0.000 0.000 0.000 0.000 0.000 0.000 47.072 44.073 0.000 0.000 0.000 0.000 0.000
59.022 60.426 59.667 58.698 40.860 20.524 21.124 21.753 20.396 23.090 0.000 0.000 0.000 0.000 52.866 42.863 40.857 36.847 0.000 0.000 0.000 0.000 0.000 37.566 28.567 24.569 7.575 0.000 0.000 0.000 35.035 43.024 52.006 50.989 52.979 40.984 0.000 0.000 57.785 41.776 15.766 0.000 30.640 40.605 67.550 29.479 13.418 0.000 0.000 0.000 0.000 0.000 0.029 37.912 24.910 25.914 28.933 1.960 0.000 0.000 0.000 0.000 0.000 0.000 0.000 0.000 4.072 5.072 0.000 0.000 0.000 0.000 0.000
60.425 59.412 61.538 61.715 45.401 22.015 24.659 24.312 21.961 22.526 0.000 32.883 0.000 0.000 46.874 46.873 53.872 0.000 0.000 11.704 0.000 0.000 0.000 32.565 26.560 20.555 0.000 0.000 0.000 0.000 33.073 34.054 36.033 35.012 32.997 24.989 0.000 0.000 59.804 45.795 30.784 0.000 29.657 40.624 64.565 20.448 16.300 0.000 0.000 0.000 0.000 0.000 0.082 44.989 23.972 25.963 25.970 26.987 31.008 3.015 0.000 0.000 0.000 0.000 0.000 0.000 0.000 0.000 0.000 0.000 0.000 0.000 0.000
60.091 62.300 61.502 62.213 35.846 26.506 46.180 39.873 21.612 0.000 0.000 29.884 44.884 49.884 35.883 56.884 48.884 0.000 0.000 25.704 56.704 8.696 0.000 33.569 27.553 24.536 0.000 0.000 41.233 37.192 33.128 35.089 40.057 40.031 38.008 48.987 40.964 0.910 59.834 51.814 51.791 43.759 24.708 42.670 50.636 0.000 19.033 1.909 0.000 0.000 0.000 0.000 10.151 49.082 21.026 22.996 23.999 25.011 30.021 2.023 0.000 0.000 0.000 0.000 0.000 0.000 0.000 0.000 0.000 0.000 0.000 0.000 0.000
