results1/res_4e8f-0200.wd
ncols         241
nrows         181
xllcorner     12693529.787448
yllcorner     3542525.717860
cellsize      155.156523
NODATA_value  -9999.000000
[rows 66 to 98 of 181, columns 146 to 218 of 241]
38.139 53.076 75.018 75.963 75.913 75.867 75.824 75.785 75.750 78.720 14.702 0.000 2.567 0.000 0.000 0.000 0.000 1.053 48.053 23.053 0.000 30.051 60.050 60.050 60.049 67.049 73.047 73.045 73.042 73.039 73.034 73.029 73.024 73.018 73.013 75.008 60.004 61.002 53.001 0.000 0.000 0.000 0.000 0.000 29.337 36.327 45.308 39.271 17.220 15.189 30.164 51.140 59.116 53.092 48.068 48.044 38.020 34.996 34.972 37.949 58.926 70.904 65.882 54.861 61.840 68.821 72.802 72.784 71.766 71.750 71.734 71.718 71.704
41.200 60.137 78.077 76.023 75.974 75.930 75.889 75.850 80.813 69.783 39.769 36.786 0.000 0.000 0.000 0.000 0.000 19.053 21.053 0.000 0.000 0.000 30.047 61.047 70.046 73.046 73.044 73.042 73.040 77.037 75.033 73.029 73.024 73.020 72.015 64.011 58.008 64.005 54.004 0.000 0.000 0.000 0.000 21.328 35.329 40.325 36.318 0.000 2.173 12.158 32.140 35.119 49.098 58.076 47.053 46.030 44.006 34.982 34.959 33.935 39.912 63.889 70.867 55.845 57.825 59.805 61.786 65.767 69.750 71.733 72.717 71.702 71.687
46.259 67.194 77.131 76.077 76.030 75.989 73.951 72.913 27.870 12.829 43.807 49.803 14.806 0.000 0.000 0.000 0.000 0.000 0.000 0.000 0.000 14.043 43.044 63.044 73.044 73.043 73.042 73.040 73.038 75.035 74.032 73.029 73.025 74.021 64.018 62.014 65.010 60.007 52.005 0.000 0.000 0.000 0.000 39.328 42.327 4.324 3.321 0.000 7.140 40.131 42.117 52.100 55.082 66.061 64.039 52.016 40.993 32.969 34.945 34.921 29.897 43.874 60.851 64.829 69.808 66.788 59.769 64.750 67.733 67.716 65.700 67.685 70.670
51.316 74.248 78.178 79.123 76.082 77.046 72.013 17.980 1.939 42.857 43.825 48.812 56.809 0.000 0.000 0.000 0.000 0.000 0.000 0.000 0.000 26.042 49.042 62.042 74.042 73.041 73.040 73.038 73.036 74.034 73.031 73.029 73.026 70.023 64.020 29.015 2.013 0.000 0.000 0.000 0.000 0.000 0.000 35.327 42.327 0.000 0.000 0.000 57.117 43.110 38.098 66.084 71.066 72.047 76.026 70.004 57.980 37.955 34.930 34.906 32.881 33.858 39.835 40.812 47.791 55.771 62.751 66.733 67.715 68.698 64.682 67.667 68.652
33.376 38.302 48.211 24.154 81.128 78.101 63.075 40.054 10.044 0.000 0.000 0.000 0.000 0.000 0.000 0.000 0.000 0.000 0.000 0.000 0.000 27.041 52.041 55.040 71.040 73.039 73.038 73.037 77.035 76.033 73.031 73.029 74.027 65.025 68.023 0.000 0.000 0.000 0.000 0.000 0.000 0.000 0.000 0.000 29.327 38.327 0.000 0.000 88.100 51.093 33.082 64.069 72.053 72.035 72.015 74.992 73.968 53.942 36.916 34.891 32.866 35.841 36.817 44.795 49.773 38.752 38.733 43.714 48.696 54.679 59.663 63.648 67.634
79.443 58.372 0.000 0.000 85.175 77.153 64.134 46.118 13.108 0.000 0.000 0.000 0.000 0.000 0.000 0.000 0.000 0.000 0.000 0.000 0.000 0.000 13.039 57.038 73.038 73.037 73.036 73.035 75.034 74.033 73.031 73.029 74.028 62.026 72.026 0.000 0.000 0.000 0.000 0.000 0.000 0.000 0.000 0.000 0.000 5.327 13.327 0.000 25.090 41.080 34.069 64.057 72.042 72.026 73.006 72.982 72.956 65.929 41.902 37.875 35.849 32.824 53.799 65.776 71.754 55.733 48.713 44.694 42.677 39.660 39.644 39.629 67.615
55.521 0.000 0.000 82.362 82.246 80.200 71.190 56.176 12.161 0.000 0.000 0.000 0.000 0.000 0.000 0.000 0.000 0.000 0.000 0.000 0.000 0.000 39.037 62.037 74.036 73.036 73.035 74.034 73.033 73.032 73.031 73.030 74.028 67.028 32.027 0.000 0.000 0.000 0.000 0.000 0.000 0.000 0.000 0.000 0.000 0.000 0.000 0.000 0.000 38.068 37.057 55.046 70.034 73.019 67.000 62.975 68.947 59.916 42.887 41.859 50.832 45.805 68.780 72.756 71.733 69.712 69.692 66.674 64.656 61.640 57.624 49.609 69.595
82.568 72.567 78.537 34.478 0.000 1.224 77.248 51.236 12.199 0.000 14.447 0.000 0.000 0.000 0.000 0.000 0.000 0.000 0.000 0.000 0.000 2.035 55.036 67.036 74.035 73.035 73.034 75.033 75.033 73.032 73.031 73.030 72.029 68.028 17.028 0.000 0.000 0.000 0.000 0.000 0.000 0.000 0.000 0.000 0.000 0.000 0.000 0.000 0.015 0.000 26.043 52.038 70.029 71.017 52.001 54.972 56.940 53.900 38.870 35.842 58.814 67.786 71.759 73.734 73.712 74.690 72.671 72.652 73.635 72.618 73.603 73.588 72.574
84.615 76.596 81.566 32.534 0.000 0.000 68.330 16.324 0.000 0.000 46.447 9.447 0.000 0.000 0.000 0.000 0.000 0.000 0.000 0.000 0.000 1.034 58.034 70.034 74.034 73.034 73.033 74.033 74.032 73.031 73.031 74.030 70.029 65.029 15.028 0.000 0.000 0.000 0.000 0.000 0.000 0.000 0.000 0.000 0.000 0.000 0.000 0.000 18.032 20.033 31.035 47.032 69.027 71.020 17.013 0.000 0.000 43.876 37.851 32.826 46.797 65.765 71.736 73.711 73.688 73.667 71.647 71.629 72.612 71.596 71.581 72.567 72.553
76.682 76.637 76.597 74.559 61.526 47.481 40.419 39.404 35.430 38.442 41.447 41.448 13.448 0.000 0.000 0.000 0.000 0.000 19.032 21.032 0.000 11.033 57.033 71.033 73.033 73.033 73.033 73.032 73.032 73.031 73.030 73.030 55.029 50.029 48.029 43.029 7.029 0.000 0.000 0.000 0.000 0.000 0.000 0.000 0.000 0.000 0.000 0.000 22.032 48.032 39.031 43.029 63.026 64.022 37.019 0.000 0.000 0.000 34.833 39.814 38.784 57.739 70.710 71.686 71.663 71.642 71.623 71.605 71.589 71.573 71.558 71.544 71.531
76.723 76.673 76.625 75.580 72.539 74.498 48.460 27.444 65.445 38.449 42.450 18.449 0.000 0.000 0.000 0.000 0.000 0.000 19.032 65.032 14.032 2.033 56.033 70.033 74.033 73.032 75.032 76.032 74.031 73.031 73.030 71.030 64.029 55.029 56.029 55.029 8.029 0.000 0.000 0.000 0.000 0.000 0.000 0.000 0.000 0.000 0.000 0.000 16.031 51.031 43.030 50.028 65.026 60.023 66.022 0.000 0.000 0.000 0.000 0.000 0.000 47.699 70.680 71.658 71.636 71.616 71.597 71.580 71.564 71.549 71.535 71.522 71.509
76.759 76.708 77.650 79.597 76.551 76.511 75.481 76.465 67.459 45.457 17.457 0.000 0.000 0.000 0.000 0.000 0.000 0.000 6.032 58.032 45.032 35.032 51.032 73.032 73.032 73.032 73.032 73.031 73.031 73.030 73.030 73.030 71.029 50.029 54.029 61.029 4.028 0.000 0.000 0.000 0.000 0.000 0.000 0.000 0.000 0.000 0.000 0.000 12.030 63.030 7.029 30.028 53.026 60.024 21.023 0.000 0.000 0.000 0.000 0.000 0.000 1.676 59.653 72.630 71.608 71.588 71.570 71.554 71.539 71.525 71.511 71.498 71.485
79.798 75.749 72.669 74.608 77.557 77.513 79.489 76.475 74.467 61.464 10.463 0.000 0.000 0.000 0.000 0.000 0.000 0.000 0.000 14.032 49.032 41.032 57.032 75.032 73.032 73.031 73.031 73.031 73.031 73.030 73.030 73.030 74.029 63.029 50.029 54.028 60.028 2.028 0.000 0.000 0.000 0.000 0.000 0.000 0.000 0.000 0.000 0.000 0.000 8.030 0.000 0.000 38.025 57.025 0.000 0.000 0.000 0.000 0.000 0.000 0.000 0.000 47.627 68.602 71.577 71.558 71.541 71.526 71.513 71.499 71.487 71.474 71.462
72.845 33.822 0.000 0.000 0.000 69.496 74.487 80.478 76.472 65.469 15.468 0.000 49.473 19.473 0.000 0.000 0.000 0.000 0.000 0.000 41.031 45.031 66.031 74.031 75.031 76.031 73.031 73.031 73.030 73.030 73.030 73.029 73.029 74.029 53.029 35.028 44.028 5.028 0.000 0.000 0.000 0.000 0.000 0.000 0.000 0.000 0.000 0.000 0.000 0.000 0.000 0.000 27.025 60.025 0.000 0.000 0.000 0.000 0.000 0.000 0.000 0.000 0.000 48.572 68.542 71.524 71.510 71.498 71.486 71.474 71.462 71.450 71.438
67.885 24.872 0.000 0.000 44.488 42.488 59.484 78.479 75.475 60.472 41.471 45.472 49.473 15.473 0.000 0.000 0.000 0.000 12.030 0.000 42.031 53.031 73.031 73.031 76.031 76.031 73.031 73.030 73.030 73.030 73.030 73.029 73.029 74.029 70.028 65.028 54.028 34.028 28.028 0.000 0.000 0.000 0.000 0.000 0.000 0.000 0.000 0.000 0.000 0.000 0.000 0.000 29.025 21.025 0.000 0.000 0.000 0.000 0.000 0.000 0.000 0.000 0.000 0.000 53.495 69.487 71.478 71.469 71.459 71.448 71.438 71.426 71.414
73.916 54.909 26.916 0.000 0.000 44.485 44.482 66.479 78.476 56.474 43.473 48.473 26.473 0.000 0.000 0.000 0.000 0.000 41.030 34.030 39.031 56.031 75.031 75.031 76.031 73.031 73.030 73.030 73.030 73.030 73.029 73.029 73.029 73.029 73.028 75.028 64.028 52.028 41.027 42.027 35.027 26.027 31.027 0.000 0.000 0.000 0.000 0.000 0.000 0.000 0.000 0.000 32.025 7.025 0.000 0.000 0.000 0.000 0.000 0.000 0.000 0.000 0.000 0.000 38.455 66.452 70.447 71.440 71.432 71.424 71.414 71.402 71.390
76.939 67.931 20.924 0.000 0.000 0.000 43.480 48.478 75.476 63.475 44.474 47.474 22.473 0.000 0.000 0.000 0.000 0.000 44.030 37.030 40.030 58.031 77.031 76.031 74.030 74.030 73.030 73.030 73.030 73.030 73.029 74.029 74.029 74.028 68.028 59.028 63.028 70.027 63.027 61.027 49.027 36.027 43.027 1.027 0.000 0.000 0.000 0.000 0.000 0.000 0.000 0.000 0.000 0.000 0.000 0.000 0.000 0.000 0.000 0.000 0.000 0.000 0.000 0.000 30.419 61.418 71.416 73.412 73.407 73.400 72.391 71.380 71.367
76.958 51.953 0.000 0.000 0.000 0.000 0.000 50.476 63.476 57.475 56.474 53.474 43.474 21.474 0.000 0.000 0.000 0.000 43.030 36.030 41.030 56.030 68.030 65.030 60.030 62.030 67.030 72.030 74.030 74.029 72.029 62.029 60.029 65.028 54.028 51.028 51.027 62.027 66.027 61.027 47.027 36.027 8.027 0.000 0.000 0.000 0.000 0.000 0.000 0.000 0.000 0.000 0.000 0.000 0.000 0.000 0.000 0.000 0.000 0.000 1.287 0.000 0.000 0.000 18.383 43.386 49.387 51.386 51.383 52.378 61.370 70.359 71.345
75.973 41.969 0.000 0.000 0.000 0.000 0.000 45.476 39.475 38.475 46.474 46.474 46.474 42.474 15.474 0.000 0.000 0.000 48.030 43.030 48.030 58.030 61.030 64.030 22.030 0.000 0.000 13.030 74.030 71.029 60.029 15.029 0.000 0.000 53.028 85.027 78.027 57.027 63.027 57.027 46.027 31.027 34.027 0.000 0.000 0.000 0.000 0.000 0.000 0.000 0.000 0.000 0.000 0.000 0.000 0.000 0.000 0.000 14.287 4.287 22.287 43.292 54.301 53.318 71.345 79.356 80.361 78.363 80.362 67.359 50.353 68.342 71.324
73.984 38.982 0.000 0.000 0.000 0.000 0.000 45.476 41.475 20.475 0.000 0.000 0.474 0.000 0.000 0.000 0.000 0.000 54.030 48.030 43.030 39.030 25.030 0.000 0.000 0.000 0.000 0.000 0.000 0.000 47.029 9.029 0.000 0.000 0.000 48.027 81.027 41.027 42.027 41.027 37.027 40.027 87.027 46.026 0.000 0.000 0.000 0.000 0.000 0.000 0.000 0.000 0.000 0.000 0.000 0.000 13.259 4.259 0.000 0.000 8.282 90.287 86.295 68.307 69.322 66.332 67.338 89.341 82.343 68.343 48.340 57.330 56.308
59.993 40.991 34.994 0.000 0.000 0.000 0.000 0.000 43.475 27.475 0.000 0.000 0.000 0.000 0.000 0.000 0.000 0.000 54.030 54.030 55.030 38.030 13.030 0.000 0.000 0.000 0.000 0.000 0.000 0.000 43.029 20.029 0.000 0.000 0.000 47.027 96.027 60.027 63.027 58.027 43.027 61.027 115.026 112.026 43.026 0.003 0.007 0.000 0.000 0.000 0.000 0.000 0.000 0.000 0.000 0.000 3.259 21.259 11.261 9.265 18.272 93.278 60.285 68.294 59.303 40.311 51.318 94.322 60.326 47.329 54.334 8.332 0.000
43.998 43.997 29.997 0.000 0.000 0.000 0.000 0.000 0.000 0.000 0.000 0.000 0.000 0.000 0.000 0.000 0.000 0.000 57.030 48.030 42.030 40.030 14.030 0.000 0.000 0.000 0.000 0.000 0.000 40.029 33.029 58.029 54.029 0.000 6.027 53.027 59.027 51.027 94.027 83.027 54.026 7.026 71.026 126.026 10.026 0.000 0.000 0.000 0.000 0.000 0.000 0.000 22.258 19.258 14.258 3.258 72.258 110.258 101.259 97.261 44.265 88.269 56.273 45.279 92.286 73.293 93.299 74.304 44.309 52.314 0.000 0.000 0.000
47.002 48.000 40.000 0.000 0.000 0.000 0.000 0.000 0.000 0.000 0.000 0.000 0.000 0.000 0.000 0.000 0.000 0.000 11.030 52.030 42.030 20.030 0.000 0.000 0.000 0.000 0.000 0.000 0.000 42.029 39.029 15.029 0.000 0.000 0.000 27.027 6.027 0.000 7.026 49.026 5.026 0.000 27.026 93.026 48.026 0.008 0.000 0.000 0.000 0.000 0.000 0.000 0.000 4.258 0.000 0.000 28.258 8.257 72.255 76.255 27.256 88.258 65.261 38.265 56.269 106.275 120.280 54.286 42.294 9.304 0.000 0.000 18.115
46.005 47.003 47.002 51.002 43.002 0.000 0.000 0.000 0.000 0.000 0.000 0.000 0.000 0.000 0.000 0.000 0.000 0.000 0.000 42.030 38.030 22.030 0.000 0.000 0.000 0.000 0.000 0.000 43.029 40.029 17.029 0.000 0.000 0.000 0.000 1.027 0.000 0.000 0.000 53.026 2.026 0.000 27.026 0.000 0.000 0.000 0.000 0.000 0.000 0.000 0.000 0.000 0.000 13.258 7.258 9.258 2.258 0.000 48.250 67.249 26.248 90.247 70.247 40.249 89.252 92.256 87.262 95.268 59.274 0.000 0.000 1.081 32.096
48.007 26.004 37.003 46.002 46.002 46.002 45.002 0.000 0.000 0.000 0.000 0.000 0.000 0.000 0.000 0.000 0.000 0.000 0.000 44.030 40.030 24.030 0.000 0.000 0.000 0.000 0.000 0.000 0.000 46.029 18.029 0.000 0.000 0.000 0.000 0.000 0.000 5.026 17.026 40.026 44.026 21.026 0.000 0.000 0.000 0.000 0.000 0.000 0.000 0.000 0.000 0.000 0.000 2.258 0.257 6.258 0.000 0.000 51.245 71.243 31.239 91.234 76.231 90.232 90.234 49.237 42.242 87.249 36.262 0.000 0.055 33.067 41.075
53.010 0.000 0.000 43.002 32.002 0.000 45.002 35.002 0.000 0.000 0.000 0.000 0.000 0.000 0.000 0.000 0.000 0.000 0.000 43.030 40.030 28.030 0.000 0.000 0.000 0.000 0.000 0.000 0.000 0.000 0.000 0.000 0.000 0.000 0.000 0.000 0.000 0.000 56.026 73.026 34.026 0.000 0.000 0.000 0.000 0.000 0.000 0.000 0.000 0.000 0.000 0.000 0.000 0.000 0.000 11.257 0.000 0.000 86.242 72.239 33.232 91.218 88.213 80.212 72.214 58.216 59.220 28.224 0.000 0.000 17.045 36.052 43.057
50.011 0.000 0.000 30.002 22.002 0.000 0.000 0.000 0.000 54.009 50.009 41.009 0.000 0.000 0.000 0.000 0.000 0.000 0.000 47.030 43.030 25.030 0.000 0.000 0.000 0.000 0.000 0.000 0.000 0.000 0.000 0.000 0.000 0.000 0.000 0.000 0.000 0.000 19.026 103.026 69.026 0.012 0.000 0.000 0.000 0.000 0.000 0.000 0.000 0.000 0.000 0.000 0.000 0.000 0.000 0.000 0.000 0.000 18.242 0.000 0.000 65.193 106.192 85.191 84.192 82.194 85.198 33.204 0.000 0.000 21.037 35.039 36.041
66.012 0.000 0.000 0.000 0.000 52.010 39.010 0.000 50.009 44.009 44.009 36.009 0.000 0.000 0.000 0.000 0.000 0.000 0.000 47.030 42.030 30.030 0.000 0.000 0.000 0.000 0.000 0.000 0.000 0.000 0.000 0.000 0.000 0.000 0.000 0.000 0.000 0.000 0.000 47.025 39.025 10.025 0.000 0.000 0.000 0.000 0.000 0.000 0.000 0.000 0.000 0.000 0.000 0.000 0.000 0.000 0.000 0.000 0.000 0.000 0.000 12.170 48.169 49.169 47.169 47.170 44.175 40.189 0.000 0.000 14.028 35.028 33.026
77.012 66.012 48.011 49.011 48.011 42.010 43.010 44.010 42.009 47.009 46.009 37.009 34.009 0.000 0.000 0.000 0.000 0.000 0.000 34.030 0.000 0.000 0.000 0.000 0.000 0.000 0.000 0.000 0.000 0.000 0.000 0.000 0.000 0.000 0.000 0.000 0.000 0.000 0.000 0.012 46.025 9.025 0.000 0.000 0.000 0.000 0.000 0.000 0.000 0.000 0.000 0.000 0.000 0.000 0.000 0.000 0.000 0.000 0.000 0.000 0.000 3.146 36.147 35.146 35.145 51.143 46.141 0.000 0.000 0.000 7.019 48.017 60.013
77.012 71.012 41.011 41.011 41.011 24.010 25.010 29.010 39.009 48.009 45.009 37.009 40.009 29.009 0.000 0.000 0.000 0.000 0.000 0.000 0.000 0.000 0.000 0.000 0.000 0.000 0.000 0.000 0.000 0.000 0.000 0.000 0.000 0.000 0.000 0.000 0.000 0.000 0.000 0.000 3.025 49.025 8.025 0.000 0.000 0.000 0.000 0.000 0.000 0.000 0.000 0.000 0.000 0.000 0.000 0.000 0.000 0.000 0.000 0.000 28.113 31.122 35.125 35.125 37.122 56.116 46.106 29.085 0.000 0.000 43.012 64.008 71.002
77.012 75.011 45.011 42.011 22.011 0.000 0.000 0.000 0.000 39.009 42.009 40.009 33.009 0.000 0.000 0.000 0.000 0.000 0.000 0.000 0.000 0.000 0.000 0.000 0.000 0.000 0.000 0.000 0.000 0.000 0.000 0.000 0.000 0.000 0.000 0.000 0.000 0.000 0.000 0.000 1.025 52.025 14.025 0.000 0.000 0.000 0.000 0.000 0.000 0.000 0.000 0.000 0.000 0.000 0.000 0.000 0.000 0.000 0.000 0.093 39.103 36.106 35.107 31.105 44.101 61.093 45.082 34.064 29.039 29.022 53.010 70.000 70.992
77.012 75.011 28.011 32.011 0.000 0.000 0.000 0.000 0.000 0.000 30.009 43.008 35.008 0.000 0.000 0.000 0.000 0.000 0.000 0.000 0.000 0.000 0.000 0.000 0.000 0.000 0.000 0.000 0.000 0.000 0.000 0.000 0.000 0.000 0.000 0.000 0.000 0.000 0.000 0.000 0.000 1.025 20.025 0.000 0.000 0.000 0.000 0.000 0.000 0.000 0.000 0.000 8.072 16.072 0.000 0.000 0.000 0.000 0.000 33.084 31.090 30.092 35.091 49.088 62.083 52.075 36.064 34.049 36.032 33.017 54.004 71.993 70.982
77.011 51.011 0.000 0.000 0.000 0.000 0.000 0.000 0.000 0.000 0.000 33.008 40.008 38.008 0.000 0.000 0.000 0.000 0.000 0.000 0.000 0.000 0.000 0.000 0.000 0.000 0.000 0.000 0.000 0.000 0.000 0.000 0.000 0.000 0.000 0.000 0.000 0.000 0.000 0.000 0.000 0.000 0.000 0.000 0.000 0.000 0.000 0.000 0.000 0.000 0.000 0.000 0.000 9.072 11.072 0.000 38.073 30.073 28.075 40.078 54.080 59.080 61.078 61.074 47.068 35.060 34.049 34.037 33.023 35.010 57.997 72.985 70.973
