results1/res_4e8f-0116.wd
ncols         241
nrows         181
xllcorner     12693529.787448
yllcorner     3542525.717860
cellsize      155.156523
NODATA_value  -9999.000000
[rows 66 to 98 of 181, columns 73 to 145 of 241]
69.482 33.471 0.000 58.644 75.623 74.593 74.566 0.000 45.982 45.965 58.975 54.984 53.964 53.919 52.853 128.758 116.592 0.000 0.000 0.000 49.383 44.325 49.238 52.181 52.133 54.090 55.050 60.005 60.964 61.920 52.859 0.000 0.000 50.160 100.160 82.071 85.925 86.006 84.053 91.977 84.452 84.927 85.661 84.429 84.203 84.995 54.836 0.000 0.000 0.000 0.000 0.000 0.000 0.000 34.778 32.761 32.726 32.678 32.617 32.553 36.484 49.410 46.336 31.261 42.184 51.109 30.035 32.963 38.892 43.822 39.752 33.684 31.617
54.484 60.461 0.000 46.855 70.820 69.792 63.795 16.876 0.000 0.000 52.051 65.127 54.126 53.096 54.053 35.013 0.000 0.000 0.000 0.000 0.000 0.000 60.178 58.154 56.124 39.087 42.046 49.002 49.968 54.936 45.897 0.000 0.000 0.000 60.399 78.305 85.237 85.325 92.413 92.203 84.529 85.213 84.920 84.705 84.490 79.299 37.163 0.000 1.354 34.354 0.000 0.000 0.000 40.814 35.814 32.794 32.759 32.712 32.655 32.592 32.525 32.454 39.382 53.308 54.234 37.160 31.088 32.016 32.946 36.876 35.808 31.740 31.674
56.492 55.426 60.294 58.100 72.009 64.962 65.945 62.958 0.000 0.000 0.000 67.345 62.319 57.284 59.251 6.229 0.000 0.000 0.000 0.000 0.000 0.000 59.142 55.133 46.122 0.000 0.000 46.987 58.972 57.958 0.000 0.000 6.106 62.986 54.732 58.553 65.627 80.684 92.609 84.279 85.829 85.388 85.195 84.973 82.755 65.546 44.355 50.354 48.354 29.354 0.000 0.000 0.000 0.000 49.871 31.844 32.804 36.755 44.699 34.637 32.570 31.500 35.429 50.356 57.283 49.210 35.139 30.068 31.999 31.930 31.863 31.796 30.730
56.532 54.458 58.357 69.241 63.156 56.100 75.066 64.053 16.068 0.000 9.733 59.591 75.518 70.471 70.439 73.422 0.000 0.000 0.000 0.000 5.102 5.106 57.116 48.114 51.109 0.000 0.000 0.000 94.974 121.966 36.966 0.000 62.225 57.123 56.961 56.867 52.948 92.969 92.795 85.329 88.931 85.673 85.460 85.240 77.009 29.778 0.000 52.354 30.354 0.000 0.000 0.000 38.058 37.024 35.954 31.906 35.859 47.806 52.748 50.686 43.619 33.549 42.477 50.405 29.332 35.260 48.189 45.119 41.051 48.984 29.917 31.851 29.785
54.587 60.517 70.436 62.350 54.276 54.216 67.165 75.118 71.084 74.011 75.875 70.766 65.693 67.644 56.613 55.597 0.000 0.000 0.000 6.095 62.097 61.099 49.101 51.098 52.090 56.073 55.062 0.000 5.985 0.000 0.000 8.609 68.447 61.319 56.158 57.248 55.291 93.128 54.956 62.541 77.133 84.949 85.731 83.520 42.265 0.000 0.000 0.000 0.000 0.000 0.000 39.114 33.092 33.061 33.015 33.968 43.918 52.863 51.803 51.739 47.670 43.599 53.527 36.454 31.381 32.309 32.238 42.169 55.102 42.036 29.971 30.906 36.840
60.652 71.588 61.518 54.447 55.381 55.322 57.262 41.172 67.137 65.076 56.989 53.907 52.844 68.799 70.770 57.756 0.000 0.000 0.000 62.094 58.094 55.093 48.092 52.088 52.080 52.067 52.052 11.026 13.996 14.966 16.912 84.771 81.639 70.509 69.464 58.461 93.410 93.276 57.012 63.658 58.430 65.229 83.997 58.843 0.000 0.000 0.000 0.000 0.000 0.000 0.000 39.137 33.133 33.113 33.078 34.034 42.983 52.926 51.863 50.796 47.725 52.652 46.577 30.502 32.428 32.356 32.286 42.218 50.152 29.089 32.026 34.962 53.895
71.723 61.665 54.602 55.539 55.480 56.428 37.389 0.000 24.215 52.166 55.097 55.029 54.976 52.938 76.913 60.902 0.000 0.000 0.000 39.092 56.090 50.088 51.086 52.082 52.074 52.064 52.050 63.031 3.006 6.991 24.000 76.924 86.821 8.708 90.629 80.820 93.528 55.592 69.232 65.873 55.741 52.541 49.184 34.014 0.000 0.000 34.691 0.000 0.000 0.000 0.000 35.164 33.191 33.181 33.150 33.106 34.054 39.994 47.927 47.856 47.782 51.705 29.628 32.551 32.475 31.402 37.331 54.264 37.201 31.141 34.083 15.020 15.942
61.800 54.745 55.687 55.628 55.572 58.520 14.476 12.442 5.343 50.274 55.206 57.136 55.093 54.063 72.044 68.035 0.000 0.000 0.000 0.000 47.086 50.084 52.082 52.078 52.072 52.065 54.055 40.043 0.000 0.000 74.172 77.105 88.014 93.884 87.986 86.021 93.628 76.644 79.345 64.185 57.088 50.013 0.000 0.000 0.000 0.000 32.691 0.000 0.000 0.000 0.000 0.000 36.287 33.269 33.235 33.188 33.132 33.068 32.997 39.921 47.841 35.760 32.678 32.598 32.519 35.445 48.374 48.307 30.246 32.190 35.144 2.114 0.000
54.881 55.828 55.772 55.715 55.659 55.605 59.555 60.506 60.442 56.382 56.317 36.217 53.197 54.178 70.164 69.160 0.000 0.000 0.000 0.000 46.083 52.082 52.079 52.076 52.072 52.067 40.061 0.000 0.000 2.564 79.411 85.314 88.213 88.158 87.235 93.763 86.132 88.847 83.534 68.474 58.413 57.409 57.546 0.000 0.000 0.000 29.691 36.692 29.692 0.000 0.000 0.000 51.402 32.373 33.332 33.280 33.219 34.149 33.072 32.989 32.903 32.815 32.728 32.642 31.561 37.484 52.412 29.345 32.285 32.232 34.188 9.159 0.000
55.966 55.914 55.858 55.801 55.744 55.686 55.633 55.584 55.537 55.496 59.463 0.000 46.299 55.286 71.276 66.281 2.324 0.000 0.000 0.000 51.081 54.080 54.078 54.076 52.073 55.071 0.000 0.000 0.000 71.694 77.616 88.528 88.407 88.514 86.561 93.972 87.269 91.911 87.801 88.733 76.683 64.663 53.684 48.684 50.684 0.000 0.000 35.693 30.692 36.687 37.673 35.635 41.545 51.491 33.439 34.382 43.315 50.238 32.153 33.061 32.966 32.870 32.775 31.684 36.598 55.518 49.445 38.378 31.318 32.264 34.217 49.175 67.127
56.054 56.002 55.947 55.889 55.827 55.764 55.707 58.659 56.628 55.599 59.578 0.000 46.415 55.393 72.372 64.363 4.368 0.000 0.000 0.000 24.080 34.079 33.077 33.075 54.073 39.072 0.000 0.000 0.000 73.902 83.833 88.742 88.700 87.802 94.614 94.311 88.337 89.179 88.036 87.978 88.922 79.878 44.842 0.000 0.000 0.000 0.000 33.694 33.696 30.697 32.696 33.689 32.651 39.606 53.554 36.492 34.420 44.336 32.241 33.137 33.030 32.923 32.819 32.720 40.629 53.546 40.471 52.404 30.344 31.290 36.242 57.196 69.148
56.145 56.093 56.038 55.979 55.913 58.836 60.773 32.716 53.717 56.696 58.670 18.646 49.552 54.498 66.457 64.430 5.416 0.000 0.000 0.000 0.000 0.000 0.010 0.014 35.073 0.000 0.000 0.000 22.349 72.179 89.071 88.951 89.066 87.150 94.888 86.928 92.633 88.327 88.280 88.212 88.152 78.085 38.963 0.000 0.000 0.000 0.000 0.000 36.702 37.708 24.726 32.774 33.764 33.729 37.678 53.614 36.537 33.444 33.337 33.217 33.094 32.973 30.858 36.750 55.652 36.565 35.489 49.423 33.364 31.312 38.264 64.219 69.174
56.238 56.186 56.133 56.078 58.009 33.893 35.833 0.000 15.827 51.798 55.761 59.716 55.651 58.589 63.528 68.485 7.451 0.000 0.000 0.000 0.000 0.000 0.013 0.336 0.000 0.000 0.000 5.639 81.519 83.397 89.290 89.245 88.363 95.382 95.144 87.992 88.706 88.577 88.506 88.442 87.387 67.347 0.000 0.000 0.000 0.000 0.000 0.000 0.000 28.708 0.000 39.918 36.901 32.867 32.816 34.750 51.669 40.568 32.445 33.301 33.156 32.018 36.889 38.771 37.664 34.574 32.499 32.434 32.378 33.328 46.284 68.242 69.202
56.331 56.280 56.232 56.188 61.155 0.000 0.000 22.056 13.966 47.909 56.858 54.807 56.747 68.679 40.580 34.533 0.000 0.000 0.000 0.000 0.000 0.000 0.015 0.018 0.000 0.000 0.000 68.759 73.690 87.601 89.483 89.613 87.708 95.601 87.496 89.170 88.863 88.803 88.728 88.662 80.607 57.568 0.000 0.000 0.000 0.000 0.000 0.000 0.000 0.000 0.000 44.077 39.058 33.021 30.969 33.903 33.820 49.715 42.574 33.387 34.211 32.053 38.910 38.779 35.660 29.569 32.497 32.437 34.386 48.341 67.300 69.264 72.231
57.421 55.371 55.326 55.289 58.266 28.274 25.234 57.146 62.072 56.012 53.958 60.905 70.850 73.802 0.000 0.000 0.000 0.000 0.000 0.000 0.000 0.000 0.000 0.000 0.000 0.000 0.000 70.949 78.884 88.795 89.786 88.824 96.006 95.809 88.529 89.232 89.094 89.015 88.941 88.873 70.809 52.752 0.000 0.000 0.000 0.000 0.000 0.000 0.000 0.000 0.000 42.257 40.232 40.190 37.136 30.072 31.995 32.896 48.749 48.462 45.249 42.074 34.920 33.776 30.629 31.545 32.483 36.432 56.387 68.348 68.313 69.283 68.256
71.507 70.457 69.413 67.376 64.346 65.322 65.282 62.223 63.164 65.109 65.057 71.005 72.949 30.875 0.000 0.000 0.000 0.000 0.000 0.000 0.000 0.000 0.000 0.000 0.000 9.465 17.385 72.203 89.094 90.003 89.952 89.180 96.188 88.009 89.682 89.369 89.304 89.221 89.149 87.080 69.005 39.878 0.000 0.000 0.000 0.000 0.000 0.000 0.000 0.000 0.000 32.463 36.422 39.370 40.314 39.255 36.192 32.126 26.066 0.000 0.000 0.000 0.000 0.000 34.534 32.499 35.459 56.420 69.384 68.352 69.322 72.297 68.276
67.587 69.538 68.494 70.455 72.421 71.387 70.348 68.301 66.252 66.204 67.156 63.108 63.064 0.000 0.000 0.000 0.000 0.000 0.000 0.000 0.000 0.000 0.000 0.000 0.000 58.545 81.488 80.385 89.291 90.178 90.305 88.407 96.358 90.104 89.709 89.584 89.499 89.421 89.352 85.293 65.252 0.000 0.000 0.000 0.000 0.000 0.000 0.000 0.000 0.000 39.861 34.710 31.623 33.555 38.496 40.442 40.392 41.350 32.322 0.000 0.000 0.000 0.000 0.000 35.475 33.458 49.433 70.406 68.378 68.352 68.328 69.307 68.290
55.661 55.613 56.570 63.530 72.494 78.458 66.421 60.381 55.339 53.298 52.255 58.208 37.136 0.000 0.000 0.000 0.000 0.000 0.000 0.000 0.000 0.000 0.000 0.000 0.000 64.681 80.636 88.560 90.474 90.441 89.571 96.660 96.515 92.125 89.930 89.768 89.690 89.612 89.544 84.490 59.458 0.000 0.000 0.000 0.000 0.000 0.000 0.000 0.000 40.138 35.011 34.894 34.804 33.732 30.673 35.624 39.585 40.559 37.551 0.000 0.000 0.000 0.000 38.420 32.432 36.426 64.411 68.391 68.370 68.350 68.331 68.314 68.301
54.731 54.684 58.641 63.602 65.566 68.531 58.497 54.462 55.427 55.392 57.359 35.332 0.000 0.000 0.000 0.000 0.000 0.000 0.000 0.000 0.000 0.000 0.000 0.000 0.000 50.864 79.814 89.745 90.644 90.773 88.882 96.793 89.677 91.350 90.029 89.962 89.873 89.794 89.723 80.665 53.631 0.000 0.000 0.000 0.000 0.000 0.000 0.000 39.382 35.265 35.153 35.052 34.967 34.897 34.840 31.795 30.764 33.752 40.771 40.859 0.000 0.000 0.000 32.407 33.409 51.404 68.393 67.378 67.362 68.346 68.331 68.318 68.307
54.796 54.750 56.709 57.672 55.637 54.604 55.573 54.543 54.514 54.486 59.457 4.429 0.000 0.000 0.000 0.000 0.000 0.000 0.000 0.000 0.000 0.000 0.000 0.000 2.263 59.096 88.014 90.932 90.903 90.033 97.034 96.918 92.678 90.377 90.231 90.140 90.051 89.966 90.888 70.818 58.769 0.000 0.000 39.032 0.000 38.779 40.731 40.641 35.500 35.386 35.284 35.193 35.115 35.049 34.995 34.954 33.926 30.914 39.922 40.947 33.947 0.000 0.000 40.393 32.392 40.387 46.378 49.367 53.355 59.342 65.330 67.320 67.311
55.856 55.813 55.774 55.738 55.705 54.676 54.649 54.624 54.601 53.579 61.553 12.499 0.000 0.000 0.000 0.000 0.000 0.000 0.000 0.000 0.000 0.000 0.000 0.000 43.401 79.301 90.212 91.102 91.242 89.334 97.139 90.135 91.807 90.490 90.413 90.316 90.224 90.134 91.043 62.949 40.859 0.000 0.000 35.032 0.000 33.826 35.774 35.693 35.592 35.495 35.405 35.323 35.251 35.189 35.138 35.098 33.071 35.057 41.055 38.061 0.000 0.000 0.000 39.381 38.379 37.374 36.367 35.358 34.348 38.337 49.328 45.319 47.313
53.912 53.871 53.835 53.801 53.771 53.745 53.722 54.702 56.687 58.678 33.676 0.697 0.000 0.000 0.000 0.000 0.000 0.000 0.000 1.600 10.591 0.000 0.000 13.750 54.610 85.499 91.394 91.383 90.411 97.322 97.235 93.127 90.832 90.682 90.586 90.490 90.395 90.300 86.203 33.076 0.000 0.000 0.000 35.032 41.011 35.926 35.847 35.764 35.679 35.596 35.517 35.443 35.376 35.318 35.269 35.231 32.204 41.188 41.181 37.182 0.000 0.000 0.000 38.372 37.369 38.364 38.357 38.349 38.341 38.332 37.325 37.318 36.312
54.964 54.926 57.892 61.861 64.834 68.810 70.791 73.776 72.768 64.770 2.791 13.857 37.905 5.930 0.000 0.000 0.000 0.000 0.000 41.608 68.584 8.547 0.000 47.889 80.791 90.682 91.582 91.512 90.736 97.396 89.570 91.254 90.936 90.859 90.760 90.663 90.566 91.470 78.393 0.000 0.000 0.000 0.000 15.054 35.076 36.020 37.923 37.836 35.765 35.695 35.624 35.556 35.493 35.438 35.390 32.353 37.325 40.308 41.301 32.302 0.000 0.000 0.000 22.366 43.360 43.355 40.349 37.341 37.334 38.327 39.321 39.315 38.311
57.012 55.978 62.946 71.918 72.893 71.872 70.855 69.844 66.839 60.844 35.862 52.896 70.929 39.954 23.977 0.001 0.000 0.000 12.675 51.639 65.591 4.510 23.355 65.127 89.982 92.868 91.710 91.922 89.898 97.459 91.557 91.271 91.122 91.028 90.933 90.837 90.735 92.620 36.507 0.000 0.000 0.000 0.000 0.000 31.217 37.156 17.991 17.892 34.850 35.794 35.729 35.664 35.603 35.549 34.502 32.465 41.437 41.419 38.413 32.424 38.472 0.000 0.000 0.000 54.352 69.348 62.341 58.334 54.328 50.321 53.316 53.311 36.308
57.057 57.026 59.997 62.971 61.948 59.929 57.914 55.904 53.900 53.904 62.916 64.937 61.960 58.981 63.000 11.018 0.000 0.000 52.711 82.682 33.630 29.548 63.428 87.280 92.152 92.011 92.131 90.087 97.542 89.966 91.680 91.365 91.293 91.198 91.107 91.016 93.918 50.769 0.000 0.000 0.000 0.000 0.000 0.000 33.420 38.397 0.000 0.000 31.951 35.901 35.835 35.768 35.706 35.652 32.606 40.568 41.539 40.518 31.508 35.509 35.521 0.000 0.000 0.000 22.347 52.343 70.334 69.327 69.321 69.315 69.311 63.307 53.304
57.099 57.071 57.045 56.021 56.000 56.982 56.968 56.958 54.954 55.955 60.963 63.976 59.993 55.010 58.025 13.036 0.000 0.000 44.775 54.748 32.698 65.625 80.528 89.416 92.305 92.240 91.341 97.922 97.684 90.960 91.688 91.545 91.456 91.366 91.280 91.203 94.151 0.000 0.000 9.527 18.527 0.000 0.000 34.751 37.648 36.613 43.655 0.000 32.101 36.026 35.942 35.867 35.803 33.748 35.701 41.662 41.631 33.608 34.592 35.584 35.581 0.000 0.000 0.000 0.000 0.000 52.326 68.318 68.313 68.309 68.305 69.302 69.299
57.140 57.115 57.091 57.069 57.049 57.032 57.018 56.008 55.002 59.000 63.003 63.012 58.025 54.040 59.054 12.064 0.000 0.000 40.867 9.837 56.789 80.725 86.644 92.558 92.414 92.628 90.621 98.134 90.384 92.095 91.781 91.711 91.618 91.530 91.445 98.365 82.331 0.000 5.527 55.527 41.527 0.000 0.000 29.854 37.805 36.754 36.697 42.567 40.326 39.159 36.039 35.955 35.890 32.836 40.789 41.749 37.716 32.690 35.669 35.652 37.639 41.650 0.000 0.000 0.000 0.000 0.000 65.308 68.305 68.302 68.298 69.296 67.294
57.181 57.157 57.135 57.114 57.095 57.078 56.064 55.053 57.045 61.040 64.039 60.044 55.055 54.071 57.089 39.102 26.110 27.077 22.990 23.944 63.898 84.840 90.774 92.672 92.819 90.815 98.505 98.328 91.393 92.106 91.959 91.868 91.779 91.692 96.604 39.482 54.478 24.516 55.526 63.528 0.000 0.000 0.000 29.007 37.966 36.902 36.813 46.677 57.478 31.246 41.100 37.025 33.968 35.916 41.869 40.829 31.795 34.767 35.743 35.718 22.673 23.661 0.000 0.000 0.000 0.000 0.000 46.300 67.297 68.295 68.292 72.289 68.287
57.221 57.199 57.177 57.157 57.138 57.122 55.108 55.096 59.086 66.076 67.068 63.069 58.080 56.101 56.127 58.146 58.152 67.131 8.070 42.053 80.017 86.967 92.908 92.884 92.024 98.822 98.668 91.754 92.534 92.195 92.121 92.024 91.936 91.856 99.795 0.000 37.583 39.544 29.534 31.531 0.000 0.000 0.000 32.202 38.149 37.073 42.977 58.850 35.664 0.000 22.089 35.079 33.039 40.991 41.944 37.902 34.867 35.839 35.818 37.804 0.000 0.000 0.000 0.000 0.000 0.000 38.294 19.295 58.290 68.288 68.285 73.283 68.281
57.261 57.239 57.218 57.198 57.180 56.164 55.149 57.136 64.125 41.112 17.088 16.084 13.096 43.124 60.174 55.203 58.220 39.225 1.212 47.181 85.148 91.111 93.011 93.263 91.295 98.963 92.093 92.868 92.436 92.376 92.270 92.175 92.084 92.999 90.926 12.869 12.726 0.000 0.000 0.000 0.000 0.000 31.596 39.450 37.354 36.265 56.173 60.082 0.000 0.000 0.000 31.163 37.118 42.065 42.014 31.969 35.933 35.905 35.886 38.876 0.000 0.000 0.000 0.000 0.000 0.000 17.294 0.000 46.282 68.281 68.279 74.277 68.275
57.300 57.279 57.258 57.238 56.220 55.203 57.189 60.176 68.166 27.159 0.000 0.000 0.000 0.000 42.244 57.270 58.300 44.332 46.362 72.325 89.294 93.231 93.415 91.447 99.211 99.093 93.076 92.770 92.621 92.517 92.418 92.322 92.227 95.132 80.041 8.955 0.000 0.000 0.000 0.000 0.000 0.000 31.742 38.648 37.552 35.462 63.366 24.224 0.000 0.000 37.410 42.293 42.207 42.136 40.077 35.029 35.991 35.963 35.945 37.938 0.000 42.019 0.000 0.000 0.000 0.000 0.000 0.000 39.274 68.274 68.273 68.272 68.270
57.338 57.317 57.297 57.277 56.259 55.242 59.226 63.213 67.203 25.198 0.000 0.000 0.000 0.000 22.288 65.332 60.380 66.440 79.473 88.466 92.439 93.458 92.619 99.421 99.320 92.416 93.190 92.847 92.764 92.660 92.562 92.467 96.369 59.261 31.151 0.000 0.000 0.000 0.000 0.000 0.000 34.180 38.983 37.847 39.745 36.664 60.607 0.000 0.000 32.670 39.527 55.390 44.281 41.196 37.129 35.078 35.039 36.011 35.995 35.992 41.012 37.019 28.019 0.000 0.000 0.000 35.263 37.264 36.267 68.268 68.268 68.267 68.266
57.375 57.355 57.335 57.315 55.296 57.278 63.261 64.246 62.236 49.233 10.244 0.000 0.000 0.000 0.000 18.390 14.449 54.575 85.624 89.625 93.580 93.762 91.895 99.513 91.731 93.509 93.074 93.009 94.898 93.799 92.704 92.615 98.522 21.391 0.000 0.000 0.000 0.000 0.000 15.707 54.604 54.377 42.163 39.012 49.917 44.843 45.790 6.793 0.000 30.814 35.638 46.461 42.331 46.237 40.167 43.114 42.075 39.048 36.030 35.024 35.026 41.026 0.000 0.000 0.000 0.000 32.262 32.262 42.263 68.264 68.263 68.263 68.263
