results1/res_4e8f-0212.wd
ncols         241
nrows         181
xllcorner     12693529.787448
yllcorner     3542525.717860
cellsize      155.156523
NODATA_value  -9999.000000
[rows 0 to 32 of 181, columns 146 to 218 of 241]
0.000 0.000 0.000 0.000 0.000 0.000 0.000 0.000 0.000 0.000 0.000 0.000 0.000 0.000 5.849 16.699 17.457 17.161 16.835 16.498 16.167 15.857 15.582 15.347 15.155 15.006 14.896 14.819 14.771 14.744 14.732 19.728 0.000 0.000 0.000 0.000 0.000 0.000 0.000 0.000 0.000 0.000 0.000 0.000 0.000 0.000 0.000 0.000 0.000 20.222 27.222 0.000 0.000 46.402 51.402 0.000 0.000 0.000 0.000 0.000 0.000 0.000 0.000 0.000 0.000 0.000 0.000 0.000 0.000 0.000 0.000 0.000 0.000
0.000 0.000 0.000 0.000 0.000 0.000 0.000 0.000 0.000 0.000 0.000 0.000 0.000 1.394 16.999 17.790 17.512 17.192 16.847 16.492 16.145 15.824 17.541 16.303 15.113 14.967 14.862 14.791 14.749 14.729 14.725 19.724 0.000 0.000 0.000 0.000 0.000 0.000 0.000 0.000 0.000 0.000 0.000 0.000 0.000 0.000 0.000 0.000 17.222 39.222 15.222 0.000 25.402 58.402 52.402 0.000 0.000 0.000 0.000 0.000 0.000 0.000 0.000 0.000 0.000 0.000 0.000 0.000 37.400 0.000 0.000 0.000 0.000
0.000 0.000 0.000 0.000 0.000 0.000 0.000 0.000 0.000 0.000 0.000 0.000 0.000 20.629 19.284 17.950 17.607 17.247 16.867 16.477 16.098 17.752 17.455 15.212 15.025 14.888 14.794 14.735 14.705 14.698 16.714 10.719 0.000 0.000 0.000 0.000 0.000 0.000 0.000 0.000 0.000 0.000 0.000 0.000 0.000 0.000 0.000 0.000 29.222 0.000 0.000 20.402 51.402 13.402 0.000 0.000 0.000 0.000 0.000 0.000 0.000 0.000 0.000 0.000 6.400 0.000 0.000 0.000 40.400 12.400 0.000 0.000 0.000
0.000 0.000 0.000 0.000 0.000 0.000 0.000 0.000 0.000 0.000 0.000 0.000 3.123 20.050 18.556 18.119 17.721 17.323 16.898 16.452 17.019 16.632 15.313 15.066 14.887 14.766 14.690 14.650 14.638 20.645 0.000 0.000 0.000 0.000 0.000 0.000 0.000 0.000 0.000 0.000 0.000 0.000 0.000 14.222 0.000 0.000 0.000 13.222 73.222 3.222 0.000 26.402 53.402 0.000 0.000 0.000 0.000 0.000 0.000 0.000 0.000 0.000 12.400 18.400 37.400 0.000 0.000 30.400 39.400 40.400 12.400 0.000 0.000
0.000 0.000 0.000 0.000 0.000 0.000 0.000 0.000 0.000 0.000 0.000 8.185 1.358 3.040 18.772 18.250 17.833 17.426 16.948 16.416 16.892 16.444 15.098 14.853 14.693 14.597 14.550 14.538 15.551 16.598 0.000 0.000 0.000 0.000 0.000 0.000 0.000 0.000 0.000 0.000 0.000 0.000 15.222 38.222 33.222 0.000 0.000 29.222 57.222 0.000 0.000 0.000 53.402 8.403 0.000 0.000 0.000 0.000 0.000 0.000 0.000 0.000 52.401 56.400 58.400 0.400 0.000 43.400 38.400 38.400 48.400 0.000 0.000
0.000 0.000 0.000 0.000 0.000 0.000 0.000 0.000 0.000 0.000 10.909 3.508 1.875 1.298 1.437 16.275 17.937 17.600 17.052 18.370 17.691 15.153 14.784 14.556 14.432 14.380 14.376 14.400 20.431 0.000 0.000 0.000 0.000 0.000 0.000 0.000 0.000 0.000 0.000 0.000 0.000 0.000 0.000 18.222 39.222 31.222 29.222 11.222 42.222 15.222 0.000 0.000 38.403 51.403 42.403 40.403 49.403 0.000 0.000 0.000 0.000 0.000 52.401 54.401 59.400 38.400 27.400 44.400 47.400 0.000 0.000 0.000 12.398
0.000 0.000 0.000 0.000 0.000 0.000 0.000 0.000 0.000 0.000 7.310 4.012 3.642 3.145 0.448 0.641 11.040 18.984 18.290 18.322 15.350 14.692 14.327 14.155 14.100 14.116 14.174 14.255 9.343 0.000 0.000 0.000 0.000 0.000 35.231 68.231 2.231 0.000 8.231 49.231 0.000 0.000 0.000 15.222 39.222 52.222 87.222 49.222 50.222 21.222 0.000 0.000 35.403 54.403 39.403 35.403 52.403 0.000 0.000 0.000 0.000 0.000 39.401 45.401 41.400 41.400 45.400 48.400 56.400 0.000 0.000 0.000 35.398
0.000 0.000 0.000 0.000 0.000 0.000 0.000 0.000 0.000 30.568 31.009 7.581 3.193 3.431 3.079 0.805 0.375 6.008 18.803 16.276 14.694 13.940 13.677 13.638 13.698 13.809 14.949 12.102 0.000 0.000 0.000 0.000 0.000 0.000 10.231 56.231 63.231 45.231 37.231 9.231 0.000 0.000 0.000 0.000 0.000 13.222 80.222 59.222 6.222 0.000 0.000 0.000 0.000 47.403 62.403 60.403 62.403 54.402 46.402 49.402 48.402 57.401 61.401 58.401 59.401 59.400 54.400 49.400 46.400 0.000 0.000 0.000 0.000
0.000 0.000 0.000 0.000 0.000 0.000 0.000 0.000 24.689 42.126 43.576 33.082 9.663 2.078 3.086 0.849 2.825 8.186 6.638 16.287 13.209 12.697 12.801 13.023 13.243 14.472 14.710 0.000 0.000 0.000 0.000 0.000 0.000 0.000 0.000 8.231 54.231 64.231 69.231 8.231 0.000 0.000 0.000 0.000 0.000 9.223 52.222 44.222 49.222 16.222 0.000 0.000 31.403 59.403 44.403 38.403 45.403 57.403 45.402 44.402 53.402 62.402 49.401 45.401 48.401 54.400 60.400 62.400 60.400 46.399 37.399 20.399 29.398
0.000 0.000 0.000 0.000 0.000 0.000 0.000 20.824 30.252 45.673 43.089 43.507 35.925 12.352 1.221 4.776 14.318 6.484 2.265 3.055 6.160 10.836 11.809 12.408 12.781 18.127 0.000 0.000 0.000 0.000 0.000 0.000 8.232 6.232 0.000 0.000 21.231 67.231 20.231 0.000 0.000 0.000 0.000 0.000 0.000 48.223 58.223 34.222 50.222 70.222 10.222 0.000 37.403 61.403 40.403 34.403 37.403 50.403 39.402 39.402 41.402 43.402 40.401 41.401 35.401 39.400 45.400 46.400 44.400 53.399 55.399 58.399 66.398
0.000 0.000 0.000 0.000 0.000 0.000 25.955 24.396 47.821 44.224 43.599 42.931 43.180 38.234 20.740 12.454 8.146 0.000 0.053 4.381 2.161 3.366 11.191 12.019 17.347 0.000 0.000 0.000 0.000 0.000 0.000 3.232 45.232 4.232 0.000 0.000 28.231 68.231 7.231 0.000 0.000 0.000 0.000 0.000 43.224 87.224 20.223 23.222 45.222 72.221 12.221 0.000 34.403 59.403 39.403 32.403 35.403 37.403 33.403 32.402 39.402 55.402 38.401 34.401 48.401 44.400 41.400 48.400 48.399 51.399 60.399 64.398 51.398
0.000 0.000 0.000 0.000 0.000 30.006 18.515 46.983 45.412 44.804 44.152 43.438 42.629 42.664 39.465 25.158 4.452 0.372 0.076 46.287 4.546 0.084 0.109 14.132 10.239 0.000 0.000 0.000 0.000 0.000 0.000 3.232 41.232 36.232 45.232 57.232 61.232 51.231 0.000 0.000 6.227 42.227 57.227 62.226 86.225 42.225 0.000 0.000 47.221 35.221 0.000 0.000 37.404 64.404 51.403 35.403 83.403 111.403 60.403 36.403 52.402 99.402 51.402 28.401 93.401 66.401 41.400 48.400 50.399 40.399 49.399 62.398 45.398
0.000 0.000 0.000 0.000 0.000 19.497 41.115 47.609 46.042 45.428 44.765 44.041 43.236 42.324 42.309 41.216 30.390 4.989 50.885 47.940 0.380 0.157 0.055 0.061 0.000 0.000 0.000 0.000 0.000 0.000 6.232 40.232 36.232 41.232 55.232 65.232 49.232 36.231 1.231 0.000 4.228 51.227 50.227 46.226 85.226 45.225 0.000 0.000 26.220 18.220 0.000 30.404 58.404 60.404 54.404 42.404 41.403 74.403 115.403 53.403 46.402 103.402 54.402 28.401 100.401 70.401 33.400 35.400 41.399 32.399 46.399 45.398 33.398
0.000 0.000 0.000 0.000 24.026 34.370 49.839 47.296 46.718 46.102 45.440 44.726 43.947 43.106 42.145 41.406 40.265 52.613 52.287 1.038 0.522 9.631 0.000 0.000 0.000 0.000 0.000 0.000 1.232 56.232 59.232 41.232 40.232 55.232 65.232 51.232 34.232 36.231 36.230 34.229 32.228 44.228 47.227 57.226 97.226 31.225 0.000 0.000 63.220 13.220 0.000 27.404 57.404 57.404 44.404 36.404 32.404 42.404 39.403 79.403 110.403 127.402 108.402 97.402 123.401 117.401 108.400 54.400 34.399 51.399 46.399 35.398 30.398
0.000 0.000 0.000 25.218 34.681 52.120 48.573 48.016 47.434 46.820 46.168 45.472 44.739 43.896 43.350 40.980 52.651 52.646 36.853 19.148 6.305 0.000 0.000 0.000 0.000 0.000 0.000 0.000 42.232 9.232 0.000 20.232 58.232 62.232 54.233 39.233 5.233 0.000 3.230 38.230 34.229 44.228 43.227 66.226 63.226 0.000 0.000 5.219 66.219 12.219 0.000 25.405 55.405 67.404 46.404 52.404 75.404 52.404 34.404 58.403 81.403 115.403 81.402 61.402 109.401 99.401 74.400 43.400 29.399 100.399 68.399 40.398 30.398
0.000 0.000 0.000 30.756 50.361 49.855 49.319 48.762 48.183 47.576 47.937 47.276 45.515 45.091 42.514 52.719 52.662 40.431 42.050 39.666 23.624 4.622 0.000 0.000 0.000 0.000 0.000 44.232 13.232 0.000 0.000 0.000 26.232 58.233 36.233 34.233 40.234 3.234 0.000 39.230 37.229 43.228 44.227 66.226 62.225 0.000 0.000 26.219 73.219 9.219 0.000 27.405 58.405 61.405 42.405 42.405 88.405 123.404 72.404 40.404 56.403 103.403 63.402 30.402 96.401 83.401 41.400 33.400 26.400 107.399 71.399 43.398 44.398
0.000 0.000 31.373 48.688 52.150 50.622 50.084 49.531 48.958 49.361 47.751 47.049 46.708 44.134 53.165 52.873 41.937 42.787 41.783 32.128 12.873 0.000 0.000 0.000 0.000 0.000 0.000 40.232 14.232 0.000 0.000 0.000 0.000 0.000 0.000 39.234 36.235 35.235 37.234 39.232 35.230 43.229 45.227 57.225 53.224 15.221 34.219 67.218 18.218 0.000 0.000 27.405 54.405 60.405 46.405 31.405 33.405 58.405 45.405 27.404 45.404 100.403 56.403 22.402 93.402 78.401 36.400 32.400 28.400 106.399 71.399 43.398 34.398
0.000 30.653 44.059 53.473 51.930 51.399 50.865 50.319 50.755 50.183 48.522 48.233 45.666 54.117 53.590 43.610 44.609 42.489 29.678 0.000 0.000 0.000 0.000 0.000 0.000 0.000 0.000 0.000 14.232 0.000 0.000 0.000 0.000 0.000 0.000 0.000 43.236 53.236 64.235 52.233 41.231 45.229 42.227 47.225 40.223 59.221 77.219 65.217 11.217 0.000 0.000 26.405 52.405 57.406 63.406 61.406 49.406 39.406 52.405 84.405 103.404 124.404 104.403 87.402 121.402 114.401 96.401 56.400 29.400 104.399 76.399 48.398 35.398
27.728 39.247 53.737 53.214 52.696 52.180 51.658 52.122 51.583 49.957 49.706 47.155 55.353 54.713 45.185 46.334 47.274 25.535 0.000 0.000 0.000 0.000 0.000 0.000 0.000 0.000 0.000 0.000 0.000 0.000 0.000 0.000 0.000 0.000 0.000 0.000 41.239 45.238 63.236 22.234 2.232 52.230 43.228 46.225 42.222 30.220 49.217 64.216 51.215 10.214 0.000 0.000 17.406 60.406 62.407 55.407 43.407 52.406 103.406 94.405 75.405 76.404 77.403 77.402 77.402 78.401 80.401 51.400 31.400 103.399 79.399 42.398 36.398
31.210 54.869 54.427 53.951 53.462 52.967 52.460 51.953 51.361 51.144 48.613 56.699 56.018 46.660 47.875 46.862 42.346 1.803 0.000 0.000 0.000 0.000 0.000 0.000 0.000 0.000 0.000 0.000 0.000 0.000 0.000 0.000 0.000 0.000 0.000 0.000 42.242 53.241 37.239 0.000 6.232 49.231 46.228 13.225 3.222 34.218 48.215 63.214 60.213 29.213 0.000 0.000 0.000 0.000 29.408 44.408 28.408 89.407 90.407 39.406 45.405 87.404 58.403 30.403 76.402 66.401 46.401 44.400 35.400 103.399 74.399 31.398 32.398
49.033 56.592 55.152 54.699 54.235 54.760 53.287 52.732 52.554 50.049 58.082 57.387 47.043 49.292 48.283 48.658 17.993 0.000 0.000 0.000 0.000 0.000 0.000 0.000 0.000 0.000 0.000 0.000 0.000 0.000 0.000 0.000 0.000 0.000 0.000 9.248 62.246 60.244 64.241 61.239 57.235 57.232 51.229 10.226 3.221 34.216 47.212 65.211 72.211 35.212 0.000 0.000 0.000 0.000 23.410 36.409 56.409 103.408 66.408 26.407 94.406 95.405 44.404 31.403 52.402 108.401 67.401 35.400 35.400 98.399 116.399 103.398 108.397
58.731 56.312 55.891 55.459 55.016 56.576 54.059 53.928 51.461 59.480 58.778 42.358 46.563 50.620 47.086 24.363 0.000 0.000 0.000 0.000 0.000 0.000 0.000 0.000 0.000 0.000 0.000 0.000 0.000 0.000 0.000 0.000 0.000 0.000 0.000 61.251 60.249 61.246 63.243 62.240 60.237 61.234 54.231 9.228 0.000 35.212 47.208 70.205 43.208 0.000 0.000 0.000 0.000 21.413 51.412 30.411 95.410 89.410 33.409 89.408 102.407 51.405 39.404 42.403 37.402 68.401 107.401 64.400 27.400 98.399 101.399 75.398 17.397
49.413 56.036 56.639 56.227 55.817 55.331 55.244 52.817 60.841 60.184 25.595 30.771 33.653 52.322 35.945 0.000 0.000 0.000 0.000 0.000 0.000 0.000 0.000 50.723 39.722 0.000 0.000 0.000 0.000 0.000 0.000 0.000 0.000 0.000 0.000 38.256 32.254 35.250 39.246 34.242 33.238 32.235 34.231 38.228 32.222 25.212 40.201 19.195 0.000 0.000 0.000 0.000 0.000 23.414 46.413 37.412 38.412 38.411 30.410 51.409 52.409 0.000 0.000 13.402 43.401 36.401 58.401 51.400 33.400 66.399 14.399 0.000 12.396
28.133 43.778 56.400 59.018 56.554 56.498 54.079 61.972 61.449 34.769 0.000 44.112 0.000 55.946 24.446 0.000 0.000 0.000 0.000 0.000 0.000 0.000 0.000 57.723 51.722 0.000 0.000 0.000 0.000 0.000 0.000 0.000 0.000 24.292 0.000 39.263 35.259 35.253 35.248 35.243 35.239 35.236 35.233 37.230 15.227 0.000 10.190 41.178 11.168 0.000 0.000 0.000 24.416 55.415 43.415 42.414 34.413 35.412 35.411 33.410 47.410 7.410 0.000 0.000 14.401 39.401 34.400 47.400 46.400 0.000 0.000 0.000 12.396
19.900 27.542 50.183 54.756 57.712 55.251 62.757 62.407 41.660 17.465 0.000 60.767 58.668 45.078 0.000 0.000 0.000 0.000 0.000 0.000 0.000 0.000 60.729 66.724 37.721 0.000 0.000 0.000 0.000 0.000 0.000 0.000 0.000 41.292 39.286 36.275 35.266 32.256 36.249 36.244 36.240 36.237 36.234 39.231 12.230 0.000 0.000 39.161 39.157 9.152 0.000 0.000 9.417 42.417 35.416 34.416 33.415 33.413 33.412 33.411 34.410 43.410 0.000 0.000 0.000 7.401 40.400 43.400 41.400 0.000 0.000 0.000 36.396
23.687 34.318 38.939 36.838 48.392 63.169 63.012 46.652 25.412 18.914 0.000 40.496 53.162 26.620 0.000 0.000 0.000 0.000 48.770 54.767 46.760 44.747 53.733 46.725 36.716 0.000 0.000 0.000 0.000 0.000 0.000 0.000 0.000 39.297 36.292 35.284 9.275 0.000 41.248 35.245 35.241 35.237 35.234 36.232 10.231 0.000 0.000 40.148 39.148 10.147 0.000 0.000 39.418 35.419 35.419 35.418 34.417 34.414 38.413 0.000 5.410 8.410 0.000 0.000 0.000 0.000 40.400 35.400 35.400 36.400 0.000 8.395 38.395
35.435 49.072 24.787 23.659 63.236 63.233 49.651 36.375 32.709 37.547 0.000 7.562 42.862 0.000 0.000 0.000 0.000 44.776 48.773 50.770 48.767 0.000 0.000 0.000 48.703 32.690 0.000 0.000 0.000 0.000 0.000 0.000 7.317 49.308 46.300 21.293 0.000 0.000 54.250 40.246 36.241 35.236 39.233 16.232 0.000 15.126 53.129 34.136 38.139 10.141 0.000 0.000 0.000 40.421 35.421 39.421 6.420 0.000 0.000 0.000 0.000 0.000 0.000 0.000 0.000 0.000 40.400 35.400 35.400 40.400 0.000 0.000 12.395
56.146 44.729 24.790 20.287 63.200 24.699 30.422 32.647 36.321 54.902 64.349 52.328 0.000 0.000 0.000 0.000 42.783 36.779 42.776 57.773 56.771 0.000 0.000 0.000 0.000 49.677 0.000 0.000 0.000 35.362 0.000 0.000 51.326 50.318 56.308 49.295 14.282 68.269 65.257 63.248 61.241 53.234 34.229 21.231 0.000 29.123 82.124 36.128 37.131 11.136 0.000 0.000 0.000 45.425 31.424 36.423 7.423 0.000 0.000 0.000 0.000 0.000 0.000 0.000 0.000 36.400 38.400 40.400 34.400 39.400 0.000 0.000 9.395
64.736 51.831 34.131 62.804 20.728 22.513 21.678 21.317 30.881 58.413 53.816 25.072 0.000 0.000 41.791 7.790 49.786 41.783 52.779 47.775 26.773 0.000 0.000 0.000 0.000 53.663 29.659 0.000 0.000 31.362 39.362 43.356 45.342 47.331 37.319 34.298 42.281 42.269 62.259 45.250 39.241 37.230 17.220 0.000 5.129 24.120 92.116 48.120 14.123 0.000 0.000 0.000 3.428 58.428 31.427 38.426 10.424 0.000 0.000 0.000 0.000 0.000 0.000 0.000 15.400 38.400 53.400 51.400 44.400 3.400 0.000 0.000 10.395
62.797 61.038 62.386 39.667 27.567 23.707 23.341 21.914 28.500 44.047 39.431 0.000 0.000 0.000 44.793 65.792 60.789 61.786 43.782 0.000 0.000 0.000 0.000 0.000 44.651 35.654 27.655 0.000 0.000 0.000 43.369 47.363 47.354 47.345 31.339 0.000 38.274 39.267 63.260 49.252 43.241 29.224 36.202 51.169 71.137 60.113 84.100 49.113 13.118 0.000 0.000 0.000 0.000 56.433 32.431 33.428 38.425 0.000 0.000 0.000 0.000 0.000 0.000 0.000 0.000 8.400 57.400 54.400 7.400 0.000 0.000 0.000 6.395
60.880 62.331 61.530 60.540 42.682 22.328 22.910 23.523 22.154 24.843 0.000 0.000 0.000 0.000 60.796 50.795 48.793 44.789 0.000 0.000 0.000 0.000 0.000 45.646 36.647 32.648 15.652 0.000 0.000 0.000 43.381 51.375 60.366 59.358 61.352 49.352 0.000 7.265 66.263 50.256 24.249 0.000 39.192 49.170 76.136 38.095 22.058 0.000 0.000 0.000 0.000 0.000 9.447 47.441 34.435 35.429 38.424 11.419 0.000 0.000 0.000 0.000 0.000 0.000 0.000 0.000 14.400 15.400 0.000 0.000 0.000 0.000 7.395
62.337 61.313 63.423 63.584 47.253 23.850 26.475 26.110 23.748 24.330 0.000 40.803 0.000 6.801 54.800 54.799 61.798 0.000 0.000 19.718 7.717 0.000 0.000 40.645 34.643 28.640 0.000 0.000 0.000 0.000 41.398 42.389 44.378 43.367 41.358 33.353 0.000 0.000 68.270 54.261 39.249 2.231 38.206 49.180 73.144 29.073 24.980 7.915 0.000 0.000 0.000 0.000 9.453 54.447 33.440 35.430 35.421 36.414 40.407 12.405 0.000 0.000 0.000 0.000 0.000 0.000 0.000 0.000 0.000 0.000 0.000 0.000 0.000
62.027 64.225 63.415 64.112 37.729 28.371 48.026 41.696 23.400 1.082 0.000 37.803 52.803 57.803 43.803 64.803 56.803 0.000 0.000 33.719 64.716 16.711 0.000 41.646 35.639 32.630 0.000 0.000 49.477 45.457 41.425 43.405 48.389 48.375 46.362 57.348 49.330 9.309 68.286 60.270 60.255 52.238 33.220 51.202 59.186 0.000 27.874 10.851 0.000 0.000 0.000 0.000 19.465 58.456 30.446 32.431 33.417 34.408 39.403 11.402 0.000 0.000 0.000 0.000 0.000 0.000 0.000 0.000 0.000 0.000 0.000 0.000 0.000
