results1/res_4e8f-0128.wd
ncols         241
nrows         181
xllcorner     12693529.787448
yllcorner     3542525.717860
cellsize      155.156523
NODATA_value  -9999.000000
[rows 66 to 98 of 181, columns 73 to 145 of 241]
70.119 34.108 0.000 59.260 76.239 75.209 75.181 0.000 46.588 46.571 59.583 55.593 54.572 54.527 53.460 129.362 117.193 0.000 0.000 0.000 49.948 44.887 49.794 52.734 52.686 54.643 55.603 60.556 61.514 62.468 53.411 0.000 0.000 50.732 100.732 82.644 86.501 86.584 84.633 92.556 85.037 85.513 86.249 85.019 84.795 85.588 55.431 0.000 0.000 0.000 0.000 0.000 0.000 0.000 37.414 35.392 35.355 35.305 35.243 35.179 39.111 52.038 48.964 33.890 44.815 53.741 32.669 35.598 41.528 46.459 42.391 36.324 34.259
55.121 61.097 0.000 47.476 71.441 70.413 64.416 17.500 0.000 0.000 52.661 65.738 54.738 53.707 54.664 35.623 0.000 0.000 0.000 0.000 0.000 0.000 60.725 58.701 56.671 39.637 42.597 49.552 50.518 55.485 46.448 0.000 0.000 0.000 60.970 78.877 85.812 85.901 92.989 92.780 85.112 85.798 85.506 85.293 85.080 79.889 37.755 0.000 1.945 34.945 0.000 0.000 0.000 43.482 38.455 35.425 35.386 35.337 35.280 35.217 35.151 35.081 42.009 55.937 56.864 39.792 33.720 34.651 35.582 39.514 38.447 34.381 34.316
57.130 56.062 60.927 58.728 72.635 65.587 66.570 63.583 0.000 0.000 0.000 67.961 62.934 57.899 59.866 6.843 0.000 0.000 0.000 0.000 0.000 0.000 59.681 55.672 46.661 0.000 0.000 47.536 59.520 58.506 0.000 0.000 6.671 63.552 55.301 59.123 66.200 81.258 93.183 84.858 86.409 85.971 85.779 85.559 83.342 66.135 44.945 50.945 48.945 29.945 0.000 0.000 0.000 1.521 52.500 34.468 35.427 39.377 47.321 37.260 35.194 34.126 38.055 52.984 59.912 51.841 37.771 32.702 34.634 34.567 34.501 34.436 33.372
57.170 55.095 58.991 69.872 63.786 56.728 75.694 64.681 16.697 0.000 10.357 60.212 76.138 71.090 71.058 74.040 0.000 0.000 0.000 0.000 5.623 5.629 57.645 48.645 51.641 0.000 0.000 0.000 95.520 122.513 37.513 0.000 62.789 57.688 57.528 57.436 53.518 93.541 93.367 85.907 89.509 86.253 86.042 85.824 77.595 30.365 0.000 52.945 30.945 0.000 0.000 0.000 40.643 39.604 38.560 34.520 38.475 50.425 55.368 53.307 46.241 36.173 45.103 53.032 31.961 37.890 50.821 47.753 43.686 51.621 32.556 34.491 32.427
55.227 61.155 71.072 62.984 54.908 54.847 67.796 75.749 71.713 74.640 76.501 71.391 66.317 68.267 57.235 56.218 0.000 0.000 0.000 6.613 62.616 61.620 49.625 51.623 52.615 56.597 55.587 0.000 6.526 0.517 0.000 9.168 69.008 61.882 56.723 57.815 55.861 93.699 55.529 63.116 77.709 85.527 86.311 84.101 42.848 0.000 0.000 0.000 0.000 0.000 0.000 41.706 35.682 35.653 35.617 36.577 46.530 55.478 54.420 54.357 50.291 46.222 56.151 39.079 34.008 34.938 34.869 44.802 57.737 44.673 32.610 33.546 39.482
61.293 72.228 62.156 55.084 56.016 55.956 57.895 41.804 67.768 65.706 57.618 54.535 53.470 69.425 71.396 58.381 0.000 0.000 0.000 62.609 58.610 55.610 48.610 52.608 52.601 52.589 52.576 11.557 14.534 15.511 17.463 85.327 82.198 71.071 70.028 59.026 93.979 93.845 57.584 64.231 59.004 65.805 84.575 59.422 0.000 0.000 0.000 0.000 0.000 0.000 0.000 41.730 35.727 35.709 35.678 36.639 45.592 55.537 54.477 53.412 50.344 55.272 49.200 33.127 35.055 34.985 34.916 44.850 52.786 31.725 34.664 37.603 56.538
72.366 62.306 55.242 56.178 56.118 57.064 38.025 0.000 24.849 52.798 55.729 55.659 55.605 53.567 77.542 61.530 0.000 0.000 0.000 39.606 56.602 50.601 51.599 52.596 52.590 52.583 52.573 63.560 3.543 7.535 24.551 77.480 87.379 9.269 91.192 81.385 94.096 56.160 69.802 66.444 56.313 53.115 49.760 34.591 0.000 0.000 37.278 0.000 0.000 0.000 0.000 37.758 35.786 35.777 35.749 35.709 36.660 42.603 50.539 50.471 50.399 54.324 32.249 35.174 35.101 34.030 39.961 56.896 39.834 33.776 36.720 17.663 18.584
62.444 55.388 56.329 56.269 56.212 59.159 15.115 13.080 5.980 50.910 55.840 57.769 55.725 54.695 72.675 68.666 0.000 0.000 0.000 0.000 47.593 50.592 52.590 52.587 52.583 52.578 54.572 40.566 0.000 0.000 74.727 77.662 88.572 94.443 88.547 86.585 94.196 77.211 79.913 64.753 57.657 50.583 0.000 0.000 0.000 0.000 35.278 0.000 0.000 0.000 0.000 0.000 38.882 35.865 35.833 35.789 35.736 35.675 35.607 42.533 50.456 38.378 35.298 35.220 35.145 38.072 51.003 50.938 32.878 34.824 37.777 4.744 0.000
55.527 56.473 56.416 56.358 56.301 56.246 60.195 61.145 61.081 57.020 56.954 36.851 53.831 54.812 70.798 69.794 0.000 0.000 0.000 0.000 46.585 52.584 52.581 52.578 52.576 52.574 40.573 0.000 0.000 3.105 79.968 85.871 88.771 88.717 87.796 94.330 86.696 89.412 84.100 69.041 58.980 57.976 58.112 0.000 0.000 0.000 32.279 39.279 32.279 0.000 0.000 0.000 53.994 34.967 35.928 35.879 35.820 36.754 35.679 35.600 35.516 35.431 35.347 35.264 34.185 40.110 55.041 31.976 34.917 34.865 36.821 11.792 0.000
56.614 56.561 56.504 56.446 56.388 56.330 56.275 56.225 56.178 56.136 60.103 0.000 46.936 55.923 71.912 66.917 2.962 0.000 0.000 0.000 51.579 54.577 54.573 54.570 52.569 55.569 0.000 0.000 0.000 72.242 78.169 89.083 88.964 89.072 87.120 94.538 87.831 92.475 88.365 89.298 77.248 65.229 54.249 49.249 51.249 0.000 0.000 38.280 33.279 39.274 40.260 38.223 44.135 54.083 36.033 36.978 45.913 52.840 34.758 35.669 35.577 35.484 35.393 34.305 39.222 58.144 52.073 41.008 33.950 34.898 36.851 51.810 69.765
56.704 56.651 56.595 56.536 56.473 56.409 56.351 59.302 57.271 56.242 60.220 0.000 47.054 56.032 73.011 65.001 5.006 0.000 0.000 0.000 24.575 34.572 33.563 33.559 54.560 39.564 0.000 0.000 0.000 74.453 84.386 89.297 89.255 88.359 95.173 94.873 88.898 89.741 88.598 88.541 89.486 80.442 45.406 0.000 0.000 0.000 0.000 36.281 36.283 33.284 35.283 36.276 35.238 42.195 56.145 39.086 37.016 46.935 34.843 35.743 35.640 35.536 35.436 35.341 43.252 56.172 43.099 55.034 32.976 33.924 38.877 59.832 71.786
56.797 56.744 56.688 56.628 56.561 59.482 61.418 33.361 54.362 57.341 59.315 19.291 50.195 55.139 67.098 65.070 6.056 0.000 0.000 0.000 0.000 0.000 0.222 0.277 35.547 0.000 0.000 0.000 22.900 72.730 89.623 89.504 89.620 87.706 95.445 87.486 93.192 88.886 88.840 88.773 88.713 78.647 39.526 0.000 0.000 0.000 0.000 0.000 39.289 40.295 27.312 35.358 36.348 36.314 40.266 56.204 39.129 36.040 35.936 35.821 35.702 35.585 33.474 39.370 58.276 39.192 38.118 52.054 35.997 33.946 40.900 66.856 71.813
56.892 56.839 56.786 56.729 58.660 34.540 36.479 0.000 16.475 52.446 56.408 60.362 56.296 59.233 64.170 69.127 8.092 0.000 0.000 0.000 0.000 0.000 43.755 50.759 0.000 0.000 0.000 6.189 82.069 83.948 89.841 89.797 88.916 95.935 95.699 88.549 89.264 89.135 89.065 89.001 87.946 67.907 0.000 0.000 0.000 0.000 0.000 0.000 0.000 31.295 0.000 42.498 39.482 35.448 35.400 37.336 54.258 43.160 35.041 35.903 35.762 34.629 39.505 41.391 40.288 37.201 35.128 35.066 35.012 35.964 48.920 70.880 71.841
56.987 56.935 56.887 56.842 61.808 0.000 0.000 22.709 14.617 48.559 57.508 55.455 57.394 69.325 41.223 35.175 0.144 0.000 0.000 0.000 0.000 41.732 47.739 49.743 0.000 0.000 0.000 69.309 74.240 88.151 90.034 90.164 88.260 96.153 88.050 89.725 89.419 89.360 89.285 89.220 81.165 58.127 0.000 0.000 0.000 0.000 0.000 0.000 0.000 0.000 0.000 46.653 41.634 35.598 33.548 36.484 36.405 52.302 45.167 35.986 36.816 34.664 41.526 41.400 38.285 32.197 35.128 35.070 37.020 50.977 69.937 71.902 74.870
58.079 56.029 55.983 55.946 58.922 28.931 25.891 57.802 62.726 56.665 54.610 61.556 71.500 74.450 0.000 0.000 0.000 0.000 0.000 0.000 0.000 9.730 16.733 18.735 0.000 0.000 0.000 71.498 79.434 89.345 90.336 89.375 96.554 96.359 89.082 89.786 89.648 89.570 89.497 89.429 71.366 53.309 0.000 0.000 0.000 0.000 0.000 0.000 0.000 0.000 0.000 44.827 42.802 42.762 39.710 32.648 34.574 35.478 51.336 51.058 47.853 44.684 37.536 36.397 33.256 34.175 35.115 39.066 59.023 70.985 70.951 71.921 70.896
72.167 71.117 70.072 68.034 65.004 65.980 65.940 62.880 63.820 65.764 65.712 71.658 73.601 31.526 0.000 0.000 0.000 0.000 0.000 0.000 0.000 0.000 0.000 0.000 0.000 10.015 17.935 72.753 89.644 90.552 90.501 89.729 96.736 88.559 90.234 89.922 89.857 89.775 89.703 87.635 69.560 40.435 0.000 0.000 0.000 0.000 0.000 0.000 0.000 0.000 0.000 35.027 38.987 41.937 42.883 41.826 38.765 34.701 28.643 0.000 0.000 0.000 0.000 0.000 37.166 35.132 38.093 59.056 72.021 70.989 71.961 74.937 70.916
68.249 70.199 69.155 71.116 73.081 72.047 71.007 68.960 66.910 66.861 67.813 63.765 63.720 0.000 0.000 0.000 0.000 0.000 0.000 0.000 0.000 0.000 0.000 0.000 0.000 59.095 82.037 80.934 89.839 90.727 90.853 88.955 96.905 90.654 90.259 90.135 90.051 89.974 89.905 85.847 65.806 0.000 0.000 0.000 0.000 0.000 0.000 0.000 0.000 0.000 42.412 37.266 34.181 36.116 41.059 43.006 42.958 43.918 34.891 0.000 0.000 0.000 0.000 0.000 38.110 36.094 52.070 73.043 71.016 70.991 70.968 71.948 70.931
56.326 56.277 57.232 64.192 73.155 79.119 67.082 61.041 55.999 53.958 52.915 58.868 37.794 0.000 0.000 0.000 0.000 0.000 0.000 0.000 0.000 0.000 0.000 0.000 0.000 65.232 81.185 89.109 91.022 90.988 90.117 97.204 97.060 92.673 90.479 90.318 90.241 90.163 90.096 85.042 60.010 0.000 0.000 0.000 0.000 0.000 0.000 0.000 0.000 42.680 37.558 37.444 37.357 36.288 33.230 38.183 42.145 43.121 40.112 0.000 0.000 0.000 0.000 41.058 35.070 39.064 67.049 71.030 71.010 70.990 70.972 70.956 70.942
55.397 55.349 59.306 64.266 66.229 69.194 59.159 55.124 56.089 56.055 58.023 35.998 0.000 0.000 0.000 0.000 0.000 0.000 0.000 0.000 0.000 0.000 0.000 0.000 0.000 51.416 80.364 90.293 91.190 91.319 89.428 97.336 90.223 91.897 90.577 90.511 90.422 90.344 90.273 81.216 54.182 0.000 0.000 0.000 0.000 0.000 0.000 0.000 41.916 37.803 37.695 37.597 37.515 37.447 37.392 34.349 33.319 36.308 43.326 43.411 0.000 0.000 0.000 35.047 36.048 54.043 71.032 70.019 70.003 70.988 70.973 70.960 70.950
55.464 55.418 57.376 58.337 56.302 55.268 56.236 55.206 55.177 55.150 60.124 5.102 0.000 0.000 0.000 0.000 0.000 0.000 0.000 0.000 0.000 0.000 0.000 0.000 2.789 59.652 88.563 91.478 91.448 90.578 97.576 97.461 93.223 90.923 90.777 90.687 90.599 90.515 91.437 71.367 59.319 0.000 0.000 41.543 0.000 41.299 43.253 43.166 38.030 37.920 37.821 37.734 37.658 37.594 37.542 37.502 36.476 33.465 42.472 43.497 36.497 0.000 0.000 43.034 35.033 43.028 49.019 52.009 55.997 61.985 67.973 69.963 69.955
56.526 56.482 56.442 56.406 56.372 55.341 55.313 55.287 55.264 54.243 62.221 13.184 0.000 0.000 0.000 0.000 0.000 0.000 0.000 0.000 0.000 0.000 0.000 0.000 43.925 79.842 90.756 91.646 91.786 89.878 97.680 90.678 92.351 91.034 90.959 90.862 90.771 90.681 91.592 63.498 41.409 0.000 0.000 37.543 0.000 36.345 38.294 38.216 38.118 38.025 37.938 37.859 37.789 37.730 37.681 37.643 35.617 37.603 43.602 40.607 0.000 0.000 0.000 42.023 41.021 40.016 39.009 38.000 36.991 40.981 51.972 47.964 49.957
54.585 54.543 54.505 54.471 54.439 54.411 54.386 55.365 57.348 59.338 34.334 1.343 0.000 0.000 0.000 0.000 0.000 0.000 0.000 2.153 11.145 0.000 0.000 14.287 55.145 86.038 91.935 91.924 90.952 97.862 97.776 93.670 91.375 91.225 91.131 91.035 90.941 90.847 86.750 33.624 0.000 0.000 0.000 37.543 43.523 38.441 38.364 38.284 38.203 38.123 38.047 37.975 37.911 37.855 37.808 37.771 34.745 43.730 43.724 39.724 0.000 0.000 0.000 41.014 40.011 41.007 41.001 40.993 40.985 40.977 39.970 39.963 38.958
55.640 55.601 58.565 62.533 65.504 69.478 71.456 74.439 73.427 65.425 3.438 14.486 38.537 6.561 0.000 0.000 0.000 0.000 0.000 42.161 69.137 9.099 0.000 48.429 81.330 91.222 92.122 92.052 91.276 97.936 90.110 91.796 91.478 91.401 91.303 91.207 91.110 92.015 78.939 0.000 0.000 0.000 0.000 17.564 37.585 38.531 40.438 40.354 38.286 38.218 38.150 38.085 38.024 37.971 37.926 34.889 39.863 42.847 43.840 34.841 0.000 0.000 0.000 25.009 46.004 45.999 42.993 39.987 39.980 40.973 41.967 41.962 40.958
57.690 56.655 63.622 72.592 73.565 72.541 71.521 70.506 67.497 61.497 36.508 53.533 71.563 40.586 24.608 0.625 0.000 0.000 13.231 52.193 66.143 5.061 23.902 65.669 90.522 93.407 92.249 92.461 90.437 97.999 92.097 91.811 91.662 91.569 91.475 91.380 91.279 93.164 37.052 0.000 0.000 0.000 0.000 0.000 33.721 39.662 20.503 20.408 37.368 38.314 38.252 38.189 38.131 38.078 37.034 34.998 43.971 43.954 40.948 34.959 41.006 0.000 0.000 0.000 56.996 71.993 64.987 60.981 56.974 52.969 55.964 55.959 38.956
57.738 57.706 60.675 63.647 62.622 60.600 58.582 56.568 54.559 54.557 63.563 65.577 62.595 59.612 63.628 11.641 0.000 0.000 53.268 83.238 34.183 30.099 63.975 87.824 92.693 92.550 92.670 90.625 98.082 90.504 92.218 91.904 91.833 91.738 91.648 91.558 94.460 51.312 0.000 0.000 0.000 0.000 0.000 0.000 35.916 40.893 0.000 0.000 34.465 38.418 38.354 38.290 38.231 38.179 35.134 43.098 44.070 43.050 34.041 38.042 38.053 0.000 0.000 0.000 24.992 54.989 72.981 71.974 71.969 71.964 71.960 65.956 55.953
57.784 57.754 57.726 56.700 56.677 57.656 57.638 57.624 55.614 56.609 61.610 64.617 60.627 55.639 58.650 13.657 0.000 0.000 45.336 55.306 33.253 66.176 81.076 89.960 92.845 92.779 91.879 98.458 98.223 91.497 92.225 92.083 91.994 91.905 91.820 91.744 94.692 0.000 0.000 10.066 19.066 0.000 0.000 37.234 40.135 39.102 46.142 0.000 34.610 38.538 38.457 38.385 38.324 36.271 38.226 44.189 44.159 36.137 37.122 38.114 38.112 0.000 0.000 0.000 0.000 0.000 54.974 70.967 70.963 70.959 70.955 71.952 71.950
57.828 57.802 57.776 57.751 57.729 57.708 57.691 56.676 55.664 59.656 63.652 63.653 58.659 54.667 59.675 12.680 0.000 0.000 41.433 10.399 57.346 81.276 87.191 93.101 92.954 93.166 91.157 98.669 90.919 92.630 92.318 92.248 92.156 92.069 91.984 98.905 82.871 0.000 6.065 56.066 42.066 0.000 0.000 32.334 40.287 39.238 39.183 45.058 42.826 41.666 38.551 38.471 38.409 35.356 43.311 44.273 40.242 35.217 38.197 38.181 40.168 44.179 0.000 0.000 0.000 0.000 0.000 67.958 70.956 70.953 70.950 71.948 69.946
57.873 57.848 57.824 57.800 57.778 57.758 56.740 55.724 57.710 61.698 64.689 60.685 55.688 54.695 57.704 39.709 26.704 27.661 23.565 24.510 64.456 85.392 91.320 93.214 93.357 91.351 99.037 98.861 91.927 92.640 92.494 92.404 92.315 92.229 97.141 40.021 55.017 25.055 56.065 64.067 0.000 0.000 0.000 31.480 40.440 39.379 39.294 49.164 59.973 33.750 43.610 39.539 36.484 38.434 44.390 43.351 34.318 37.291 38.268 38.244 25.201 26.189 0.000 0.000 0.000 0.000 0.000 48.952 69.950 70.947 70.945 74.943 70.941
57.918 57.894 57.870 57.848 57.826 57.806 55.788 55.771 59.755 66.738 67.720 63.711 58.712 56.722 56.738 58.746 58.742 67.714 8.654 42.621 80.575 87.518 93.453 93.424 92.560 99.350 99.198 92.286 93.066 92.729 92.655 92.559 92.471 92.392 100.332 0.000 38.121 40.083 30.072 32.070 0.000 0.000 0.000 34.667 40.616 39.544 45.452 61.330 38.151 0.000 24.601 37.591 35.553 43.507 44.462 40.422 37.389 38.362 38.341 40.328 0.000 0.000 0.000 0.000 0.000 0.000 40.947 21.948 60.944 70.942 70.940 75.938 70.936
57.963 57.939 57.916 57.894 57.873 56.853 55.834 57.817 64.800 41.780 17.742 16.727 13.727 43.742 60.779 55.797 58.804 39.799 1.778 47.746 85.703 91.659 93.553 93.801 91.828 99.490 92.622 93.399 92.967 92.908 92.803 92.709 92.619 93.535 91.462 13.405 13.263 0.000 0.000 0.000 0.000 0.000 34.045 41.905 39.813 38.728 58.640 62.553 0.000 0.000 0.000 33.673 39.630 44.579 44.530 34.487 38.453 38.426 38.408 41.398 0.000 0.000 0.000 0.000 0.000 0.000 19.947 0.000 48.937 70.936 70.935 76.933 70.932
58.008 57.984 57.961 57.939 56.918 55.898 57.879 60.863 68.849 27.839 0.000 0.000 0.000 0.000 42.837 57.857 58.880 44.900 46.912 72.879 89.844 93.775 93.954 91.981 99.737 99.619 93.604 93.299 93.151 93.048 92.951 92.855 92.761 95.667 80.576 9.491 0.000 0.000 0.000 0.000 0.000 0.000 34.185 41.095 40.003 37.917 65.826 26.689 0.000 0.000 39.911 44.798 44.716 44.648 42.591 37.545 38.509 38.482 38.466 40.458 0.000 44.538 0.000 0.000 0.000 0.000 0.000 0.000 41.931 70.931 70.930 70.929 70.928
58.051 58.028 58.005 57.983 56.962 55.941 59.922 63.906 67.894 25.887 0.000 0.000 0.000 0.000 22.876 65.915 60.958 67.009 80.031 89.018 92.985 93.999 93.154 99.944 99.844 92.941 93.717 93.376 93.293 93.190 93.094 93.000 96.903 59.795 31.686 0.000 0.000 0.000 0.000 0.000 0.000 36.604 41.416 40.286 42.189 39.111 63.057 0.000 0.000 35.162 42.024 57.893 46.788 43.706 39.642 37.593 37.556 38.529 38.514 38.512 43.532 39.538 30.538 0.000 0.000 0.000 37.922 39.923 38.926 70.926 70.926 70.926 70.925
58.093 58.071 58.049 58.027 56.005 57.983 63.963 64.945 62.933 49.929 10.943 0.000 0.000 0.000 0.000 18.971 15.026 55.149 86.184 90.175 94.123 94.298 92.427 100.035 92.254 94.034 93.600 93.536 95.426 94.328 93.235 93.147 99.055 21.925 0.000 0.000 0.000 0.000 0.000 18.106 57.008 56.792 44.588 41.444 52.354 47.283 48.233 9.237 0.000 33.299 38.131 48.961 44.837 48.746 42.679 45.629 44.592 41.565 38.549 37.543 37.545 43.545 0.000 0.000 0.000 0.000 34.921 34.922 44.922 70.923 70.923 70.922 70.922
