results1/res_4e8f-0184.wd
ncols         241
nrows         181
xllcorner     12693529.787448
yllcorner     3542525.717860
cellsize      155.156523
NODATA_value  -9999.000000
[rows 99 to 131 of 181, columns 0 to 72 of 241]
0.000 0.000 0.000 0.000 0.000 61.128 101.128 103.128 94.128 89.128 0.000 0.000 0.000 0.000 0.000 3.125 2.125 69.125 66.125 0.000 0.000 2.124 5.124 64.124 63.124 4.124 0.000 0.000 0.000 11.078 0.000 0.000 0.000 0.000 16.936 62.932 58.922 57.905 58.881 59.855 72.826 61.795 65.760 57.722 59.681 57.636 58.589 63.539 64.486 62.432 66.376 59.319 59.261 61.201 64.138 78.069 79.010 63.962 49.919 0.000 0.000 0.000 0.000 0.000 27.977 82.972 79.961 66.943 41.920 36.896 80.872 57.849 59.827
0.000 0.000 0.000 0.000 0.000 62.128 102.128 102.128 0.000 0.000 0.000 0.000 0.000 0.000 0.000 2.125 14.125 80.125 69.125 7.125 4.125 4.125 67.124 66.124 70.124 1.124 0.000 0.000 0.000 69.078 61.078 0.000 0.000 0.033 75.978 85.973 71.964 64.950 58.931 60.909 79.883 64.853 70.819 70.782 61.741 76.696 68.648 69.597 59.544 67.488 67.431 65.373 59.315 60.257 64.193 61.099 23.036 12.999 0.000 0.000 0.000 0.000 0.000 30.994 67.988 79.983 86.975 76.963 52.947 53.930 67.912 58.894 59.874
7.129 0.129 0.000 0.000 0.000 49.128 98.128 107.128 17.128 0.000 0.000 0.000 0.000 0.000 0.000 1.125 3.125 87.125 68.125 69.125 71.125 68.125 65.124 66.124 64.124 2.124 0.000 0.000 0.000 62.078 62.078 63.076 62.068 62.053 61.027 71.017 80.010 27.000 90.985 80.966 85.943 70.915 15.882 86.845 84.804 83.759 87.710 76.658 59.603 62.545 67.486 67.427 64.369 60.317 49.277 0.000 0.000 0.000 0.000 0.000 0.000 0.000 0.000 41.000 67.999 67.997 78.993 77.986 60.977 60.966 59.953 59.939 59.923
75.129 78.129 10.129 0.000 0.000 59.128 98.128 103.128 113.128 18.128 0.000 0.000 0.000 0.000 9.125 9.125 7.125 24.125 72.125 69.125 87.125 101.125 76.125 61.124 0.124 0.000 0.000 0.000 0.000 0.000 61.080 62.082 62.075 62.065 62.058 61.059 61.059 60.054 61.044 66.028 78.007 71.981 14.949 86.912 87.871 65.826 72.776 89.722 83.665 70.604 60.542 66.479 67.417 70.366 55.322 0.000 0.000 0.000 0.000 0.000 0.000 0.000 0.000 3.006 19.012 65.013 62.013 62.011 60.008 60.003 59.996 59.986 59.974
89.129 72.129 72.129 74.129 76.129 95.129 103.128 103.128 103.128 105.128 79.127 18.127 1.127 67.126 74.126 75.125 37.125 32.125 95.125 103.125 98.125 94.125 77.125 1.125 0.000 0.000 0.000 0.000 0.000 0.000 0.000 62.098 61.083 60.076 61.079 62.104 62.112 62.112 62.107 63.096 82.078 77.053 60.021 61.984 72.942 83.896 60.846 72.791 73.730 66.664 86.599 69.532 61.453 2.409 0.000 0.000 0.000 0.000 0.000 0.000 0.000 0.000 0.000 0.000 11.030 65.032 60.034 60.038 60.041 60.042 60.040 58.036 56.028
104.129 94.129 75.129 79.129 97.129 103.129 103.128 103.128 103.128 98.128 70.127 76.127 4.127 58.126 93.126 101.125 101.125 85.125 100.125 107.125 17.125 0.000 0.000 0.000 0.000 0.000 0.000 0.000 0.000 0.000 0.000 62.129 0.000 0.000 0.000 63.166 62.172 62.177 62.177 63.170 79.155 84.131 61.099 62.061 62.018 79.971 80.920 58.864 66.800 85.724 77.659 55.595 0.000 0.000 0.000 0.000 0.000 0.000 0.000 0.000 0.000 0.000 0.000 0.000 8.045 65.049 60.055 60.065 60.076 59.084 58.088 63.089 64.086
104.129 104.129 99.129 102.129 103.129 103.129 103.129 103.128 103.128 99.128 74.128 91.127 0.000 0.000 71.126 95.125 103.125 104.125 103.125 108.125 11.125 0.000 0.000 0.000 0.000 0.000 0.000 0.000 0.000 0.000 0.000 62.160 1.188 1.209 64.225 62.223 62.233 62.245 62.255 62.254 79.241 84.216 61.182 62.142 62.097 63.050 84.000 77.946 84.881 74.774 55.716 0.000 0.000 0.000 0.000 0.000 0.000 0.000 0.000 0.000 0.000 0.000 0.000 0.000 63.058 60.063 60.073 60.091 60.113 59.129 61.140 65.146 66.149
102.130 103.130 103.130 103.129 103.129 103.129 103.129 103.129 103.128 104.128 99.128 106.127 30.127 9.126 59.126 78.125 101.125 103.125 104.125 92.125 6.125 0.000 0.000 0.000 0.000 0.000 0.000 0.000 0.000 0.000 0.000 56.177 61.194 61.213 60.236 62.268 62.292 62.317 62.342 62.350 79.338 84.311 61.273 62.228 62.180 62.131 67.084 90.040 70.004 0.000 0.000 0.000 0.000 0.000 0.000 0.000 0.000 0.000 0.000 0.000 0.000 0.000 0.000 0.000 16.065 67.072 63.084 64.111 62.158 58.180 65.195 66.207 64.217
99.130 104.130 103.130 103.130 103.129 103.129 103.129 103.129 103.128 103.128 104.128 97.127 81.127 72.126 66.126 93.125 103.125 103.125 108.125 11.125 0.000 0.000 0.000 0.000 0.000 0.000 0.000 0.000 0.000 0.000 0.000 0.000 0.000 0.000 0.000 62.323 62.348 62.391 62.445 62.464 78.452 85.418 62.370 62.316 62.262 62.212 62.166 68.124 21.091 0.000 0.000 0.000 0.000 0.000 0.000 0.000 0.000 0.000 0.000 0.000 0.000 0.000 0.000 0.000 0.000 4.076 2.080 0.000 8.228 67.238 65.253 66.270 63.289
99.130 104.130 103.130 103.130 103.130 103.129 103.129 103.129 103.129 103.128 104.128 89.127 68.127 67.126 76.126 100.125 103.125 103.125 109.125 14.124 5.124 0.000 0.000 0.000 0.000 0.000 0.000 0.000 0.000 0.000 0.000 0.000 0.000 0.000 0.000 58.354 62.385 59.453 62.583 62.610 81.589 85.538 62.472 62.404 62.342 62.288 62.242 59.200 9.146 0.000 0.000 0.000 0.000 0.000 0.000 0.000 0.000 0.000 0.000 0.000 0.000 59.373 0.000 0.000 0.000 0.000 0.000 1.314 63.289 64.292 66.307 66.331 63.363
102.130 103.130 103.130 103.130 103.130 103.130 103.129 103.129 103.129 103.128 103.128 100.127 77.127 78.126 95.126 102.125 103.125 103.124 110.124 27.124 0.000 0.000 0.000 0.000 0.000 0.000 0.000 0.000 0.000 0.000 0.000 0.000 0.000 0.000 0.000 0.000 58.385 0.000 61.824 62.806 90.754 77.673 62.577 62.487 62.412 75.355 65.314 60.290 0.000 0.000 0.000 0.000 0.000 0.000 0.000 0.000 0.000 0.000 0.000 0.000 11.373 70.373 55.372 0.000 0.000 0.000 1.350 64.339 67.330 66.335 63.353 59.383 59.429
103.131 103.131 103.131 103.131 103.130 103.130 103.130 103.129 103.129 103.129 103.128 103.127 105.127 105.126 104.126 103.125 103.125 105.124 94.124 37.124 0.000 0.000 0.000 0.000 0.000 0.000 0.000 0.000 0.000 0.000 0.000 0.000 0.000 0.000 0.000 0.000 0.000 0.000 62.083 63.035 96.948 65.823 62.676 62.553 74.466 83.407 62.370 62.354 61.370 0.000 0.000 0.000 0.000 0.000 0.000 0.000 0.000 0.000 0.000 0.000 0.000 66.373 67.372 54.372 1.370 60.367 62.362 66.357 65.356 63.365 62.386 58.421 66.477
102.131 101.131 103.131 103.131 103.131 103.131 103.130 103.130 103.129 103.129 103.128 103.128 103.127 103.126 103.125 103.125 104.124 87.124 15.123 6.123 64.123 78.122 24.122 0.000 0.000 5.122 0.000 0.000 0.000 0.000 0.000 0.000 0.000 0.000 0.000 4.118 4.091 0.933 58.391 69.303 92.179 62.996 59.752 62.582 62.492 62.437 62.404 62.388 62.386 59.386 0.000 0.000 0.000 0.000 0.000 0.000 0.000 0.000 0.000 0.000 0.373 61.373 57.373 63.372 58.372 66.370 66.369 65.369 61.374 64.384 59.404 58.437 58.493
92.132 92.132 101.132 103.132 103.131 103.131 103.131 103.130 103.130 103.129 103.129 104.128 105.127 103.126 103.125 103.124 103.124 25.123 9.123 64.123 74.122 84.122 83.122 76.122 68.122 9.122 0.000 0.000 0.000 0.000 0.000 0.000 0.000 0.000 4.163 63.145 66.096 65.976 62.742 61.606 70.468 58.232 0.000 58.533 62.483 62.446 62.420 62.406 61.401 0.000 0.000 0.000 0.000 0.000 0.000 0.000 63.374 74.374 0.000 0.000 62.373 60.373 60.373 57.373 65.373 66.374 66.375 63.378 66.384 66.394 64.410 59.430 48.452
74.132 79.132 98.132 104.132 103.132 103.132 103.131 103.131 103.130 103.130 105.129 91.128 87.127 102.126 107.125 104.124 99.123 81.123 84.122 90.122 84.122 85.122 64.122 57.122 3.122 0.122 0.000 0.000 0.000 0.000 0.000 0.123 1.123 0.000 54.182 60.201 63.174 63.102 62.995 62.912 64.855 0.000 0.000 0.000 57.463 62.442 62.426 62.415 62.410 0.410 0.000 0.000 0.000 0.000 0.000 23.374 80.374 62.374 60.374 60.374 60.374 60.374 58.374 63.374 66.375 66.376 62.379 66.383 66.390 65.399 59.410 60.422 50.432
58.133 73.133 92.133 105.133 106.133 106.132 104.132 103.131 104.131 103.130 104.129 42.128 13.127 61.126 79.125 100.124 107.123 105.122 105.121 91.121 14.122 0.000 0.000 0.000 0.000 0.000 0.000 0.000 0.000 9.123 11.123 1.123 1.123 1.123 0.000 59.304 63.295 61.265 62.223 64.192 65.184 0.000 0.000 0.000 0.000 55.434 62.426 62.419 59.415 0.000 0.000 0.000 0.000 0.000 0.000 0.000 22.374 76.374 59.374 59.374 60.374 59.374 59.374 65.374 66.375 64.377 52.381 5.386 70.395 64.402 64.410 64.417 50.422
22.133 44.133 77.134 83.134 77.134 79.133 96.133 104.132 100.131 93.131 92.130 27.129 0.000 0.000 0.000 37.123 72.122 98.120 105.119 2.120 0.000 0.000 0.000 0.000 0.000 0.000 0.000 0.000 0.000 51.123 72.123 17.123 2.123 1.123 0.000 59.415 65.436 64.441 73.439 74.451 64.505 9.661 0.000 0.000 0.000 0.000 59.424 60.421 0.000 0.000 0.000 0.000 0.000 0.000 0.000 0.000 0.000 81.374 84.374 64.374 58.374 56.374 66.374 66.374 61.375 0.000 0.000 0.000 11.400 69.405 66.410 66.414 56.417
0.000 0.000 58.135 67.135 19.135 5.134 68.134 97.133 88.132 84.131 98.130 65.129 25.129 0.000 0.000 0.000 0.000 43.118 74.116 0.000 0.000 0.000 0.000 0.000 0.000 0.000 0.000 0.000 0.000 0.000 56.123 74.123 5.123 0.000 0.000 50.505 64.595 62.624 92.640 85.668 63.723 65.818 11.922 0.000 0.000 0.000 54.424 0.000 0.000 0.000 0.000 0.000 0.000 0.000 0.000 0.000 0.000 0.000 69.374 86.374 71.374 65.374 66.374 61.374 0.000 0.000 0.000 0.000 0.000 61.408 66.410 66.413 61.415
0.000 0.000 54.137 99.137 56.136 5.135 57.135 89.134 91.133 102.132 104.131 107.129 113.128 52.126 21.125 0.000 0.000 0.000 14.110 9.107 0.097 2.088 0.000 0.000 0.000 0.000 0.000 0.000 0.000 0.000 57.123 72.123 2.123 9.123 13.123 0.000 57.815 65.819 95.830 77.857 65.902 64.966 70.026 0.000 0.000 0.000 0.000 0.000 0.000 0.000 0.000 0.000 0.000 0.000 0.000 0.000 0.000 0.000 0.000 7.374 74.374 64.374 62.374 0.000 0.000 0.000 0.000 0.409 60.409 59.409 61.410 55.412 0.000
27.141 42.141 76.139 94.138 102.138 71.137 84.136 107.135 104.134 103.133 103.131 103.130 103.128 109.126 112.123 68.120 27.116 9.112 72.108 86.103 79.095 81.087 37.080 13.073 10.068 0.000 0.000 0.000 0.000 0.000 36.123 58.123 64.123 64.123 67.123 26.124 59.032 88.005 90.006 67.026 65.063 65.117 68.189 13.306 8.357 0.000 0.000 0.000 0.000 0.000 0.000 0.000 0.000 0.000 0.000 0.000 0.000 0.000 0.000 0.000 0.374 0.374 8.374 0.000 0.000 0.000 0.000 62.409 57.409 55.409 0.000 0.000 0.000
100.142 103.141 103.141 101.140 99.139 100.138 102.137 102.136 103.135 104.133 104.132 103.130 96.128 100.126 103.123 107.120 111.116 112.112 104.107 100.102 97.095 92.087 94.079 87.071 43.063 21.054 0.000 0.000 0.000 0.000 0.000 0.000 0.000 0.000 0.000 83.216 72.183 101.165 92.163 79.178 66.208 65.252 65.307 69.371 65.409 0.000 0.000 0.000 0.000 0.000 0.000 0.000 0.000 0.000 0.000 0.000 0.000 0.000 0.000 0.000 0.000 0.000 0.000 0.000 0.000 0.000 0.000 0.000 0.000 0.000 0.000 0.000 0.000
103.143 98.143 96.142 95.141 89.140 86.140 87.138 87.137 93.136 98.134 98.133 91.131 75.129 90.126 103.123 103.120 103.116 103.112 103.108 103.102 104.096 104.088 107.079 108.069 108.058 108.045 47.031 0.000 0.000 0.000 0.000 0.000 0.000 0.000 0.000 55.340 81.322 86.307 70.304 87.315 75.339 65.374 65.417 68.463 11.497 0.000 0.772 0.779 0.000 0.000 0.000 0.000 0.000 0.000 0.000 0.000 0.000 0.000 0.000 0.000 0.000 0.000 0.000 0.000 0.000 0.000 0.000 0.000 0.000 0.000 0.000 0.000 0.000
73.144 46.144 68.144 82.143 80.142 60.141 45.140 41.139 61.137 78.136 77.134 70.132 65.129 75.127 96.124 104.121 103.117 103.113 103.109 103.104 103.098 107.090 82.079 70.067 69.055 73.039 76.017 14.980 3.943 0.599 0.426 0.000 0.000 0.000 0.000 53.481 89.458 72.436 64.430 74.438 85.458 69.487 65.524 65.567 71.621 15.713 9.764 1.787 0.804 6.804 4.804 0.000 0.000 0.000 0.000 0.000 0.000 0.000 0.000 0.000 0.000 0.000 0.000 0.000 0.000 0.000 0.000 0.000 0.000 0.000 0.000 0.000 0.000
63.146 34.146 56.145 71.145 67.144 44.143 30.142 34.140 54.139 68.137 66.135 66.133 67.131 65.128 84.125 101.122 103.119 103.115 103.111 103.107 102.102 65.096 0.000 0.000 0.000 0.000 0.000 0.000 0.000 59.902 79.887 31.866 17.844 13.816 60.758 77.647 94.591 71.551 65.543 63.550 80.568 82.593 68.625 65.662 65.704 68.754 77.789 15.808 10.820 0.000 19.804 0.000 0.000 0.000 0.000 0.000 0.000 0.000 0.000 0.000 0.000 0.000 0.000 0.000 0.000 0.000 0.000 0.000 0.000 0.000 0.000 0.000 0.000
76.148 72.148 67.147 66.147 67.146 69.145 70.144 73.142 72.140 68.139 67.137 67.134 67.132 66.129 73.126 95.123 104.120 103.117 105.114 77.110 43.106 0.000 0.000 0.000 0.000 0.000 0.000 0.000 0.000 24.892 46.882 49.867 53.852 67.844 64.812 85.758 82.707 56.633 63.641 65.652 67.670 80.693 72.720 67.750 65.781 64.811 81.830 72.836 66.837 0.000 0.000 0.000 0.000 0.000 0.000 0.000 0.000 0.000 0.000 0.000 0.000 0.000 0.000 0.000 0.000 0.000 0.000 0.000 0.000 0.000 0.000 0.000 0.000
66.150 67.150 67.150 67.149 67.148 67.147 67.146 67.144 67.142 67.140 67.138 67.136 67.133 67.131 65.128 86.125 103.122 105.119 101.116 27.114 0.000 0.000 0.000 0.000 0.000 0.000 0.000 0.000 0.000 0.000 0.000 0.000 0.000 51.896 68.889 94.867 68.846 0.000 51.735 66.748 64.767 68.789 69.813 78.837 67.860 65.877 64.883 60.871 1.854 0.000 0.000 0.000 0.000 0.000 0.000 0.000 0.000 0.000 0.000 0.000 0.000 0.000 0.000 0.000 0.000 0.000 0.000 0.000 0.000 0.000 0.000 0.000 25.431
67.153 67.152 67.152 67.151 67.150 67.149 67.148 66.146 66.145 67.143 67.140 67.138 67.135 67.132 66.129 74.126 89.123 100.120 88.118 14.117 0.000 0.000 0.000 0.000 0.000 0.000 0.000 0.000 0.000 0.000 0.000 0.000 0.000 28.955 77.980 102.974 12.965 0.000 49.815 67.839 65.862 64.884 72.905 83.926 71.944 65.956 69.952 2.912 0.000 0.000 0.000 0.000 0.000 0.000 0.000 0.000 0.000 0.000 0.000 0.000 0.000 0.000 0.000 0.000 0.000 0.000 0.000 0.000 0.000 0.000 0.000 0.000 82.510
67.155 67.155 67.155 67.154 67.153 67.152 67.150 71.149 72.147 68.145 67.143 67.140 67.137 67.134 67.131 66.128 69.125 78.122 78.119 19.117 0.000 0.000 0.000 0.000 0.000 0.000 20.780 0.000 0.000 0.000 0.000 0.000 0.000 1.125 82.102 97.085 20.073 0.000 33.872 64.929 65.957 65.978 64.998 70.017 72.034 68.050 70.059 0.000 0.000 0.000 0.000 0.000 0.000 0.000 0.000 0.000 0.000 0.000 0.000 0.000 0.000 0.000 0.000 0.000 0.000 0.000 0.000 0.000 0.000 0.000 0.000 66.732 75.641
67.158 67.158 67.157 67.157 67.156 67.155 66.153 78.151 83.150 70.147 67.145 67.142 67.139 67.136 67.133 67.129 67.126 66.122 69.119 50.117 0.000 0.000 0.000 0.000 0.000 62.781 83.780 45.778 36.770 35.759 0.000 0.000 0.000 63.302 105.232 79.189 79.171 6.191 0.000 51.048 68.060 66.075 66.091 64.109 80.128 84.149 78.175 1.275 0.000 0.000 0.000 0.000 0.000 0.000 0.000 0.000 0.000 0.000 0.000 0.000 0.000 0.000 0.000 0.000 0.000 0.000 0.000 0.000 0.000 0.000 40.895 91.824 77.750
67.161 67.161 67.161 67.160 67.159 67.158 66.156 79.154 85.152 69.150 67.148 67.145 67.142 67.138 67.135 67.131 67.127 67.123 67.118 73.114 44.109 0.000 0.000 0.000 2.781 25.781 40.782 62.784 70.773 74.747 48.699 24.633 59.544 97.418 95.333 75.268 57.231 15.211 0.000 51.155 68.161 67.170 70.183 65.199 74.219 97.245 94.284 39.356 3.412 19.438 0.000 0.000 0.000 0.000 0.000 0.000 0.000 34.178 64.181 68.183 0.000 0.000 77.220 138.223 0.000 0.000 0.000 0.000 0.000 0.000 77.967 133.916 116.855
64.165 65.164 66.164 66.163 67.162 67.161 65.159 80.158 83.156 66.153 67.151 67.148 67.144 67.141 67.137 67.133 67.128 67.123 67.117 67.111 73.104 53.093 4.086 0.000 0.000 0.000 0.000 38.804 69.789 65.760 68.715 72.656 84.581 101.493 85.413 53.319 3.275 0.000 0.000 50.256 67.258 70.263 83.272 69.285 79.303 80.328 99.361 103.404 86.442 36.464 0.000 0.000 0.000 0.000 0.000 0.000 0.000 0.000 25.183 53.188 67.197 99.207 137.219 60.229 0.000 0.000 0.000 0.000 0.000 64.178 74.090 75.021 77.957
85.168 80.168 75.168 73.167 69.166 65.164 65.163 80.161 83.159 65.157 67.154 67.151 67.147 67.144 67.139 67.135 66.130 65.124 66.118 66.110 66.101 72.090 49.079 26.064 1.047 0.000 0.000 37.840 75.819 69.788 64.747 77.695 100.632 94.559 62.509 0.000 0.000 0.000 0.000 48.356 66.351 71.351 78.356 73.366 78.381 77.402 90.427 84.457 77.487 50.513 5.544 0.000 0.000 0.000 0.000 0.000 0.000 0.000 0.000 21.192 99.198 102.208 105.222 0.229 10.814 0.000 0.000 7.342 41.342 69.267 138.191 102.128 134.016
105.172 104.172 100.171 95.171 91.170 86.168 81.167 77.165 72.163 66.160 67.157 67.154 67.151 67.147 66.142 68.138 74.132 79.126 78.119 76.110 70.100 65.089 69.074 75.056 39.030 19.995 23.953 57.895 80.859 71.826 67.789 90.746 102.691 58.602 3.556 0.000 0.000 11.535 18.515 52.461 65.440 70.433 86.435 76.442 69.454 62.470 68.490 86.512 83.535 89.557 8.576 0.000 0.000 0.000 0.000 0.000 0.000 0.000 0.000 0.000 0.000 0.000 0.000 0.000 7.852 0.000 0.000 0.000 76.416 67.357 77.292 100.189 76.366
