results1/res_4e8_norain-0028.wd
ncols         241
nrows         181
xllcorner     12693529.787448
yllcorner     3542525.717860
cellsize      155.156523
NODATA_value  -9999.000000
[rows 99 to 131 of 181, columns 0 to 74 of 241]
0.000 0.000 0.000 0.000 0.000 24.646 64.644 66.639 57.637 52.636 0.000 0.000 0.000 0.000 0.000 0.000 0.000 32.522 29.522 0.000 0.000 0.000 0.000 27.468 26.467 0.000 0.000 0.000 0.000 0.000 0.000 0.000 0.000 0.000 0.000 35.113 31.122 30.138 31.154 32.173 45.197 34.224 38.256 30.284 32.312 30.340 31.370 36.402 37.436 35.470 39.506 32.544 32.582 34.622 37.665 51.714 52.777 37.821 23.846 0.000 0.000 0.000 0.000 0.000 4.589 59.589 56.603 43.644 18.685 13.725 57.765 34.807 36.850 36.898 36.948
0.000 0.000 0.000 0.000 0.000 25.661 65.660 65.658 0.000 0.000 0.000 0.000 0.000 0.000 0.000 0.000 0.000 43.523 32.524 0.000 0.000 0.000 30.487 29.479 33.475 0.000 0.000 0.000 0.000 41.030 33.031 0.000 0.000 0.000 48.076 58.091 44.104 37.125 31.135 33.150 52.169 37.195 43.237 43.262 34.286 49.312 41.340 42.371 32.404 40.439 40.474 38.511 32.548 33.586 37.623 34.668 0.000 0.000 0.000 0.000 0.000 0.000 0.000 7.616 44.613 56.621 63.637 53.665 29.698 30.732 44.768 35.805 36.845 36.888 36.933
0.000 0.000 0.000 0.000 0.000 12.678 61.678 70.677 0.000 0.000 0.000 0.000 0.000 0.000 0.000 0.000 0.000 50.525 31.529 32.527 34.519 31.509 28.496 29.487 27.481 0.000 0.000 0.000 0.000 34.031 34.032 35.035 34.041 34.049 33.061 43.071 52.078 0.000 63.113 53.124 58.137 43.149 0.000 59.242 57.258 56.281 60.309 49.339 32.372 35.406 40.442 40.478 37.515 33.551 22.574 0.000 0.000 0.000 0.000 0.000 0.000 0.000 0.000 17.621 44.626 44.644 55.661 54.683 37.709 37.738 36.769 36.802 36.838 36.876 35.916
38.749 41.749 0.000 0.000 0.000 22.697 61.696 66.698 76.706 0.000 0.000 0.000 0.000 0.000 0.000 0.000 0.000 0.000 35.539 32.534 50.523 64.512 39.502 24.494 0.000 0.000 0.000 0.000 0.000 0.000 33.033 34.034 34.039 34.045 34.051 33.055 33.059 32.062 33.082 38.095 50.107 44.117 0.000 59.207 60.224 38.248 45.276 62.306 56.339 43.374 33.409 39.445 40.484 43.528 28.551 0.000 0.000 0.000 0.000 0.000 0.000 0.000 0.000 0.000 0.000 41.671 38.681 38.697 36.718 36.742 36.768 36.797 36.829 35.862 34.897
52.751 35.749 35.747 37.741 39.733 58.718 66.713 66.712 66.715 68.721 42.722 0.000 0.000 30.622 37.623 38.621 0.615 0.000 58.556 66.548 61.529 57.516 40.509 0.000 0.000 0.000 0.000 0.000 0.000 0.000 0.000 34.031 33.037 32.042 33.044 34.041 34.043 34.047 34.057 35.069 54.081 49.095 32.113 34.155 45.184 56.211 33.240 45.272 46.306 39.342 59.377 42.412 34.447 0.000 0.000 0.000 0.000 0.000 0.000 0.000 0.000 0.000 0.000 0.000 0.000 41.688 36.695 36.707 36.724 36.744 36.767 34.791 32.818 34.847 40.877
67.754 57.753 38.750 42.746 60.739 66.732 66.727 66.724 66.724 61.725 33.725 39.726 0.000 21.623 56.625 64.623 64.615 48.603 63.583 70.573 0.000 0.000 0.000 0.000 0.000 0.000 0.000 0.000 0.000 0.000 0.000 34.023 0.000 0.000 0.000 35.022 34.024 34.027 34.033 35.042 51.054 56.069 33.089 34.118 34.146 52.173 53.203 31.236 39.273 58.312 50.346 28.378 0.000 0.000 0.000 0.000 0.000 0.000 0.000 0.000 0.000 0.000 0.000 0.000 0.000 41.699 36.704 36.714 36.728 35.744 34.763 39.784 40.807 41.831 42.857
67.761 67.760 62.757 65.754 66.749 66.743 66.739 66.735 66.733 62.731 37.730 54.728 0.000 0.000 34.634 58.630 66.622 67.612 66.599 71.591 0.000 0.000 0.000 0.000 0.000 0.000 0.000 0.000 0.000 0.000 0.000 34.015 0.000 0.000 35.999 34.004 34.004 34.005 34.007 34.014 51.024 56.039 33.059 34.083 34.109 35.135 56.164 50.196 57.237 47.288 28.317 0.000 0.000 0.000 0.000 0.000 0.000 0.000 0.000 0.000 0.000 0.000 0.000 0.000 39.705 36.705 36.710 36.718 36.729 35.743 37.758 41.776 42.795 42.815 42.837
65.770 66.769 66.767 66.764 66.760 66.755 66.751 66.747 66.743 67.739 62.734 69.730 0.000 0.000 22.648 41.642 64.633 66.624 67.614 55.602 0.000 0.000 0.000 0.000 0.000 0.000 0.000 0.000 0.000 0.000 0.000 28.009 33.003 32.999 31.996 33.990 33.986 33.982 33.979 33.982 50.991 56.006 33.025 34.048 34.072 34.096 39.121 62.150 42.193 0.000 0.000 0.000 0.000 0.000 0.000 0.000 0.000 0.000 0.000 0.000 0.000 0.000 0.000 0.000 0.000 43.709 39.712 40.720 38.729 34.740 41.752 42.766 40.782 40.799 37.817
62.781 67.780 66.779 66.776 66.773 66.769 66.764 66.759 66.754 66.747 67.740 60.730 44.715 35.695 29.671 56.656 66.646 66.637 71.631 0.000 0.000 0.000 0.000 0.000 0.000 0.000 0.000 0.000 0.000 0.000 0.000 0.000 0.000 0.000 0.000 33.974 33.969 33.959 33.946 33.944 49.953 56.968 33.989 34.012 34.035 34.057 34.076 40.090 0.000 0.000 0.000 0.000 0.000 0.000 0.000 0.000 0.000 0.000 0.000 0.000 0.000 0.000 0.000 0.000 0.000 0.000 0.000 0.000 0.000 43.736 41.744 42.756 39.769 34.783 43.796
62.794 67.794 66.792 66.790 66.788 66.784 66.779 66.774 66.767 66.759 67.748 52.736 31.720 30.702 39.684 63.669 66.658 66.649 72.644 0.000 0.000 0.000 0.000 0.000 0.000 0.000 0.000 0.000 0.000 0.000 0.000 0.000 0.000 0.000 0.000 29.965 33.957 30.939 33.903 33.898 52.908 56.927 33.952 33.978 34.001 34.021 34.036 31.045 0.000 0.000 0.000 0.000 0.000 0.000 0.000 0.000 0.000 0.000 0.000 0.000 0.000 35.631 0.000 0.000 0.000 0.000 0.000 0.000 39.715 40.725 42.734 42.745 39.756 35.767 45.779
65.809 66.809 66.808 66.807 66.804 66.801 66.797 66.791 66.783 66.773 66.761 63.746 40.729 41.711 58.694 65.679 66.668 66.659 73.654 0.000 0.000 0.000 0.000 0.000 0.000 0.000 0.000 0.000 0.000 0.000 0.000 0.000 0.000 0.000 0.000 0.000 29.956 0.000 32.830 33.837 61.855 48.882 33.915 33.946 33.971 46.991 37.004 32.010 0.000 0.000 0.000 0.000 0.000 0.000 0.000 0.000 0.000 0.000 0.000 0.000 0.000 46.632 31.633 0.000 0.000 0.000 0.000 40.695 43.705 42.715 39.724 35.733 35.743 33.753 37.767
66.826 66.826 66.826 66.825 66.823 66.821 66.817 66.811 66.803 66.791 66.777 66.759 68.740 68.721 67.703 66.688 66.676 68.667 57.659 0.653 0.000 0.000 0.000 0.000 0.000 0.000 0.000 0.000 0.000 0.000 0.000 0.000 0.000 0.000 0.000 0.000 0.000 0.000 32.750 33.765 67.793 36.833 33.881 33.921 45.949 54.968 33.979 33.982 32.973 0.000 0.000 0.000 0.000 0.000 0.000 0.000 0.000 0.000 0.000 0.000 0.000 42.633 43.634 30.637 0.000 36.667 38.674 42.686 41.697 39.706 38.714 34.722 42.730 45.737 0.000
65.844 64.845 66.845 66.845 66.845 66.843 66.840 66.835 66.826 66.814 66.797 66.776 66.752 66.730 66.710 66.695 67.683 50.674 0.000 0.000 27.639 41.638 0.000 0.000 0.000 0.000 0.000 0.000 0.000 0.000 0.000 0.000 0.000 0.000 0.000 0.000 0.000 0.000 28.657 39.682 62.721 33.778 30.855 33.908 33.936 33.953 33.963 33.967 33.966 30.965 0.000 0.000 0.000 0.000 0.000 0.000 0.000 0.000 0.000 0.000 0.000 37.633 33.635 39.640 34.649 42.660 42.670 41.680 37.690 40.698 35.705 34.712 34.719 27.727 0.000
55.862 55.864 64.867 66.868 66.868 66.868 66.866 66.863 66.855 66.843 66.824 67.797 68.765 66.736 66.715 66.699 66.689 0.000 0.000 27.647 37.642 47.638 46.635 39.633 31.632 0.000 0.000 0.000 0.000 0.000 0.000 0.000 0.000 0.000 0.000 32.400 35.418 35.460 32.541 31.586 40.630 28.704 0.000 29.922 33.936 33.947 33.954 33.958 32.959 0.000 0.000 0.000 0.000 0.000 0.000 0.000 39.616 50.617 0.000 0.000 38.628 36.631 36.635 33.640 41.647 42.656 42.666 39.676 42.685 42.692 40.698 35.703 24.706 0.000 0.000
37.879 42.885 61.891 67.893 66.893 66.894 66.896 66.896 66.891 66.879 68.859 54.824 50.775 65.737 70.715 67.699 62.686 44.674 47.664 53.653 47.644 48.639 27.636 20.634 0.000 0.000 0.000 0.000 0.000 0.000 0.000 0.000 0.000 0.000 23.382 29.383 32.396 32.422 32.461 32.491 34.512 0.000 0.000 0.000 28.941 33.946 33.950 33.953 33.954 0.000 0.000 0.000 0.000 0.000 0.000 0.000 56.617 38.618 36.620 36.622 36.626 36.629 34.633 39.638 42.645 42.653 38.662 42.673 42.682 41.688 35.693 36.696 26.698 0.000 0.000
21.892 36.907 55.919 68.923 69.919 69.921 67.930 66.934 67.933 66.927 67.909 5.866 0.000 24.724 42.711 63.696 70.683 68.673 68.665 54.659 0.000 0.000 0.000 0.000 0.000 0.000 0.000 0.000 0.000 0.000 0.000 0.000 0.000 0.000 0.000 28.355 32.360 30.373 31.391 33.406 34.415 0.000 0.000 0.000 0.000 26.946 33.948 33.950 30.951 0.000 0.000 0.000 0.000 0.000 0.000 0.000 0.000 52.619 35.620 35.622 36.625 35.628 35.631 41.636 42.641 40.650 28.655 0.000 46.684 40.686 40.689 40.691 26.692 0.000 0.000
0.000 7.931 40.957 46.960 40.940 42.943 59.969 67.979 63.984 56.986 55.987 0.000 0.000 0.000 0.000 0.684 35.677 61.671 68.668 0.000 0.000 0.000 0.000 0.000 0.000 0.000 0.000 0.000 0.000 0.000 0.000 0.000 0.000 0.000 0.000 28.323 34.318 33.320 42.325 43.329 33.329 0.000 0.000 0.000 0.000 0.000 30.947 31.948 0.000 0.000 0.000 0.000 0.000 0.000 0.000 0.000 0.000 57.619 60.620 40.622 34.624 32.626 42.629 42.632 37.637 0.000 0.000 0.000 0.000 45.685 42.686 42.688 32.689 0.000 0.000
0.000 0.000 22.020 31.022 0.000 0.000 32.025 61.030 52.037 48.048 62.068 29.113 0.000 0.000 0.000 0.000 0.000 6.669 37.668 0.000 0.000 0.000 0.000 0.000 0.000 0.000 0.000 0.000 0.000 0.000 0.000 0.000 0.000 0.000 0.000 19.297 33.271 31.264 61.262 54.258 32.242 34.201 0.000 0.000 0.000 0.000 25.946 0.000 0.000 0.000 0.000 0.000 0.000 0.000 0.000 0.000 0.000 0.000 45.620 62.621 47.623 41.625 42.627 37.629 0.000 0.000 0.000 0.000 0.000 37.683 42.684 42.685 37.687 0.000 0.000
0.000 0.000 18.081 63.087 20.113 0.000 21.078 53.080 55.088 66.102 68.124 71.159 77.205 16.229 0.000 0.000 0.000 0.000 0.000 0.000 0.000 0.000 0.000 0.000 0.000 0.000 0.000 0.000 0.000 0.000 0.000 0.000 0.000 0.000 0.000 0.000 26.207 34.205 64.203 46.197 34.184 33.160 38.135 0.000 0.000 0.000 0.000 0.000 0.000 0.000 0.000 0.000 0.000 0.000 0.000 0.000 0.000 0.000 0.000 0.000 50.623 40.624 38.625 0.000 0.000 0.000 0.000 0.000 36.680 35.681 37.683 31.684 0.000 0.000 0.000
0.000 6.161 40.137 58.134 66.141 35.146 48.128 71.127 68.135 67.149 67.169 67.196 67.227 73.254 76.285 32.301 0.000 0.000 36.353 50.352 43.351 45.349 1.347 0.000 0.000 0.000 0.000 0.000 0.000 0.000 0.000 0.000 0.000 0.000 0.000 0.000 27.145 56.148 58.149 35.145 33.137 33.123 36.110 0.000 0.000 0.000 0.000 0.000 0.000 0.000 0.000 0.000 0.000 0.000 0.000 0.000 0.000 0.000 0.000 0.000 0.000 0.000 0.000 0.000 0.000 0.000 0.000 38.678 33.679 31.680 0.000 0.000 0.000 0.000 0.000
64.201 67.187 67.175 65.171 63.171 64.170 66.164 66.166 67.176 68.190 68.209 67.231 60.254 64.278 67.300 71.319 75.339 76.350 68.354 64.354 61.353 56.350 58.347 51.343 7.341 0.000 0.000 0.000 0.000 0.000 0.000 0.000 0.000 0.000 0.000 51.049 40.080 69.094 60.100 47.100 34.095 33.086 33.074 37.054 33.053 0.000 0.000 0.000 0.000 0.000 0.000 0.000 0.000 0.000 0.000 0.000 0.000 0.000 0.000 0.000 0.000 0.000 0.000 0.000 0.000 0.000 0.000 0.000 0.000 0.000 0.000 0.000 0.000 0.000 0.000
67.217 62.210 60.207 59.205 53.203 50.200 51.194 51.199 57.213 62.229 62.246 55.264 39.284 54.303 67.321 67.336 67.350 67.358 67.361 67.360 68.357 68.352 71.348 72.343 72.340 72.338 11.337 0.000 0.000 0.000 0.000 0.000 0.000 0.000 0.000 23.020 49.035 54.048 38.057 55.061 43.060 33.054 33.046 36.036 0.000 0.000 0.000 0.000 0.000 0.000 0.000 0.000 0.000 0.000 0.000 0.000 0.000 0.000 0.000 0.000 0.000 0.000 0.000 0.000 0.000 0.000 0.000 0.000 0.000 0.000 0.000 0.000 0.000 0.000 0.000
37.242 10.230 32.238 46.240 44.238 24.233 9.216 5.222 25.251 42.268 41.283 34.298 29.314 39.330 60.345 68.357 67.367 67.372 67.373 67.369 67.363 71.357 46.349 34.344 33.340 37.338 40.337 0.000 0.000 0.000 0.000 0.000 0.000 0.000 0.000 20.976 56.992 40.009 32.021 42.028 53.029 37.026 33.020 33.010 38.995 0.000 0.000 0.000 0.000 0.000 0.000 0.000 0.000 0.000 0.000 0.000 0.000 0.000 0.000 0.000 0.000 0.000 0.000 0.000 0.000 0.000 0.000 0.000 0.000 0.000 0.000 0.000 0.000 0.000 74.361
27.281 0.000 20.278 35.278 31.279 8.280 0.000 0.000 18.303 32.310 30.321 30.333 31.346 29.360 48.372 65.383 67.390 67.393 67.390 67.380 66.372 29.364 0.000 0.000 0.000 0.000 0.000 0.000 0.000 26.806 46.807 0.000 0.000 0.000 27.880 44.918 61.948 38.975 32.992 31.001 48.004 50.003 35.999 32.991 32.981 35.968 44.963 0.000 0.000 0.000 0.000 0.000 0.000 0.000 0.000 0.000 0.000 0.000 0.000 0.000 0.000 0.000 0.000 0.000 0.000 0.000 0.000 0.000 0.000 0.000 0.000 0.000 0.000 0.000 72.434
40.321 36.331 31.319 30.317 31.320 33.330 34.355 37.362 36.349 32.351 31.358 31.368 31.379 30.391 37.402 59.412 68.419 67.421 69.415 41.392 7.381 0.000 0.000 0.000 0.000 0.000 0.000 0.000 0.000 0.000 13.809 16.813 20.818 34.823 31.843 52.871 49.907 23.951 30.973 32.982 34.985 47.984 39.981 34.976 32.970 31.963 48.958 39.955 33.954 0.000 0.000 0.000 0.000 0.000 0.000 0.000 0.000 0.000 0.000 0.000 0.000 0.000 0.000 0.000 0.000 0.000 0.000 0.000 0.000 0.000 0.000 0.000 0.000 8.673 85.570
30.352 31.354 31.352 31.352 31.356 31.364 31.376 31.382 31.383 31.387 31.394 31.403 31.413 31.425 29.436 50.446 67.454 69.458 65.459 0.000 0.000 0.000 0.000 0.000 0.000 0.000 0.000 0.000 0.000 0.000 0.000 0.000 0.000 18.811 35.799 61.816 35.861 0.000 18.967 33.969 31.970 35.969 36.967 45.964 34.960 32.956 31.954 27.954 0.000 0.000 0.000 0.000 0.000 0.000 0.000 0.000 0.000 0.000 0.000 0.000 0.000 0.000 0.000 0.000 0.000 0.000 0.000 0.000 0.000 0.000 0.000 0.000 13.859 78.776 88.689
31.382 31.383 31.383 31.385 31.389 31.395 31.403 30.410 30.415 31.420 31.428 31.438 31.448 31.460 30.471 38.482 53.493 64.501 52.506 0.000 0.000 0.000 0.000 0.000 0.000 0.000 0.000 0.000 0.000 0.000 0.000 0.000 0.000 0.000 44.728 69.733 0.000 0.000 16.961 34.958 32.958 31.957 39.956 50.954 38.951 32.949 36.948 0.000 0.000 0.000 0.000 0.000 0.000 0.000 0.000 0.000 0.000 0.000 0.000 0.000 0.000 0.000 0.000 0.000 0.000 0.000 0.000 0.000 0.000 0.000 0.000 0.000 70.943 84.883 84.809
31.413 31.413 31.415 31.417 31.421 31.427 31.433 35.440 36.446 32.454 31.462 31.472 31.483 31.495 31.508 30.521 33.535 42.548 42.558 0.000 0.000 0.000 0.000 0.000 0.000 0.000 0.000 0.000 0.000 0.000 0.000 0.000 0.000 0.000 48.652 63.657 0.000 0.000 0.952 31.947 32.947 32.946 31.946 36.945 38.944 34.943 36.942 0.000 0.000 0.000 0.000 0.000 0.000 0.000 0.000 0.000 0.000 0.000 0.000 0.000 0.000 0.000 0.000 0.000 0.000 0.000 0.000 0.000 0.000 0.000 0.000 55.188 64.086 64.006 63.929
31.444 31.444 31.446 31.449 31.453 31.458 30.464 42.471 47.479 34.487 31.496 31.507 31.519 31.532 31.546 31.562 31.579 30.598 33.623 14.664 0.000 0.000 0.000 0.000 0.000 28.290 49.292 11.294 2.297 1.302 0.000 0.000 0.000 29.531 71.573 45.587 45.572 0.000 0.000 17.936 34.937 32.937 32.937 30.937 46.937 50.937 44.937 0.000 0.000 0.000 0.000 0.000 0.000 0.000 0.000 0.000 0.000 0.000 0.000 0.000 0.000 0.000 0.000 0.000 0.000 0.000 0.000 0.000 0.000 0.000 29.371 80.290 66.206 79.133 101.010
31.475 31.476 31.478 31.481 31.485 31.490 30.496 43.503 49.511 33.520 31.530 31.542 31.554 31.569 31.584 31.602 31.621 31.644 31.672 37.707 8.745 0.000 0.000 0.000 0.000 0.000 6.292 28.293 36.299 40.308 14.320 0.000 25.453 63.491 61.524 41.546 23.558 0.000 0.000 17.927 34.927 33.929 36.930 31.931 40.932 63.932 60.932 5.930 0.000 0.000 0.000 0.000 0.000 0.000 0.000 0.000 0.000 0.000 0.000 0.000 0.000 0.000 0.000 0.000 0.000 0.000 0.000 0.000 0.000 0.000 66.452 122.394 105.324 127.227 105.813
28.507 29.508 30.510 30.513 31.517 31.522 29.528 44.536 47.544 30.553 31.564 31.576 31.590 31.605 31.622 31.641 31.662 31.687 31.715 31.748 37.784 17.822 0.000 0.000 0.000 0.000 0.000 4.291 35.298 31.311 34.332 38.369 50.417 67.455 51.487 19.516 0.000 0.000 0.000 16.917 33.919 36.921 49.924 35.927 45.929 46.930 65.930 69.930 52.929 2.929 0.000 0.000 0.000 0.000 0.000 0.000 0.000 0.000 0.000 0.000 0.000 0.000 0.000 0.000 0.000 0.000 0.000 0.000 0.000 52.692 62.592 63.514 66.440 85.411 104.989
49.538 44.539 39.542 37.545 33.549 29.554 29.561 44.568 47.577 29.587 31.598 31.610 31.625 31.641 31.658 31.678 30.701 29.726 30.755 30.787 30.823 36.861 13.901 0.000 0.000 0.000 0.000 3.282 41.292 35.308 30.330 43.359 66.393 60.425 28.456 0.000 0.000 0.000 0.000 14.907 32.911 37.915 44.920 39.924 44.927 43.929 56.930 50.930 43.930 16.930 0.000 0.000 0.000 0.000 0.000 0.000 0.000 0.000 0.000 0.000 0.000 0.000 0.000 0.000 0.000 0.000 0.000 0.000 29.876 57.793 126.708 90.636 122.515 106.182 104.226
69.570 68.572 64.574 59.577 55.581 50.587 45.593 41.601 36.610 30.620 31.631 31.644 31.659 31.676 30.694 32.715 38.738 43.764 42.793 40.824 34.860 29.898 33.943 39.998 4.032 0.000 0.000 23.265 46.281 37.300 33.322 56.346 68.372 24.398 0.000 0.000 0.000 0.000 0.000 18.896 31.902 36.910 52.917 42.924 35.928 28.931 34.932 52.932 49.932 55.932 0.000 0.000 0.000 0.000 0.000 0.000 0.000 0.000 0.000 0.000 0.000 0.000 0.000 0.000 0.000 0.000 0.000 0.000 64.960 55.896 65.824 88.713 64.881 104.331 95.665
