results1/res_4e8f-0215.wd
ncols         241
nrows         181
xllcorner     12693529.787448
yllcorner     3542525.717860
cellsize      155.156523
NODATA_value  -9999.000000
[rows 132 to 164 of 181, columns 0 to 72 of 241]
96.376 101.376 105.375 105.374 107.373 107.372 101.370 92.368 78.366 67.364 66.361 67.358 66.354 65.350 70.345 84.340 95.335 100.328 100.321 97.313 89.303 80.291 71.276 65.258 70.235 72.207 71.173 72.135 70.103 65.074 79.045 102.017 68.993 0.000 0.000 0.000 8.778 60.771 72.766 69.747 71.733 77.725 95.726 81.732 65.741 64.753 64.768 76.784 97.803 38.822 11.846 6.879 0.000 0.000 0.000 0.000 0.000 0.000 0.000 0.000 0.000 0.160 3.160 1.160 28.160 8.085 12.010 52.913 75.773 79.675 79.569 89.657 117.124
74.380 76.380 79.380 85.379 95.378 101.377 106.375 106.373 99.371 85.368 74.365 68.362 72.358 79.354 92.350 107.345 106.339 103.332 103.325 106.316 106.306 102.294 90.280 78.263 70.243 65.219 66.192 65.164 66.138 74.114 96.092 104.074 16.063 0.000 0.000 0.000 18.784 46.790 64.815 73.811 74.801 71.790 72.794 82.800 77.807 70.815 74.825 82.837 95.850 36.866 22.886 28.913 8.943 0.000 0.000 0.000 0.000 0.000 0.000 0.000 0.000 0.000 0.000 0.000 10.235 0.000 60.033 81.956 77.839 86.813 77.879 117.244 106.005
66.385 66.385 66.385 68.384 73.383 77.381 84.380 93.378 101.376 104.373 98.370 96.367 98.363 101.359 100.355 93.350 84.344 82.337 82.330 87.321 93.312 100.300 103.287 102.272 91.254 81.234 76.212 74.191 83.170 99.151 100.136 86.125 19.120 0.000 0.000 0.000 0.000 0.000 47.891 74.883 53.869 41.839 56.859 71.867 86.871 90.876 92.881 93.887 89.896 16.906 3.917 31.946 28.972 17.000 23.012 17.017 0.000 0.000 0.000 0.000 0.000 0.000 44.450 14.400 80.310 102.246 135.104 91.079 86.134 67.093 103.160 107.684 107.594
67.390 67.390 67.390 67.389 66.388 65.387 67.385 72.383 78.381 88.379 98.376 100.373 93.369 83.365 77.360 69.355 65.350 65.343 65.336 67.328 72.319 78.308 85.296 97.282 102.267 104.250 103.233 99.216 102.200 95.186 77.175 69.170 48.173 6.194 0.000 0.000 0.000 0.000 40.975 73.961 16.952 0.000 49.937 74.936 93.936 101.936 87.935 90.935 76.939 34.947 0.961 58.980 28.001 20.016 31.020 31.021 2.023 0.000 0.000 0.000 0.000 31.552 50.500 123.441 152.365 135.249 118.805 117.753 109.425 108.067 107.947 107.820 73.043
67.396 67.396 67.395 67.394 67.393 67.392 67.391 66.389 66.387 69.384 75.381 74.378 70.375 66.371 66.366 66.362 67.356 67.350 67.343 67.336 66.327 65.317 67.306 73.294 80.281 89.268 97.254 93.240 82.228 70.217 66.210 71.206 79.208 55.216 33.223 33.214 19.191 20.148 56.074 77.035 27.025 9.040 69.015 101.006 103.001 81.996 84.988 83.978 71.979 60.989 11.990 40.001 14.034 2.043 15.029 2.025 4.025 2.020 0.000 0.000 0.000 12.607 75.554 81.474 77.463 78.624 76.600 108.387 108.286 108.180 75.382 78.163 80.037
67.402 67.401 67.401 67.400 67.399 67.398 67.397 67.395 67.393 67.390 66.388 66.384 66.381 67.377 67.373 67.368 67.363 67.358 67.351 67.344 67.336 67.328 67.318 66.308 65.297 66.285 70.274 68.263 67.254 71.246 74.240 73.237 71.237 73.238 73.238 70.229 70.211 74.180 49.136 35.081 24.072 42.080 87.076 101.071 81.066 74.058 73.045 53.011 49.011 12.041 0.109 0.000 2.093 4.093 0.000 0.000 8.033 23.014 37.970 7.908 21.829 84.685 91.675 89.749 87.736 88.818 108.575 108.483 89.621 96.415 89.272 95.047 86.892
67.407 67.407 67.407 67.406 67.405 67.404 67.403 67.401 67.399 67.397 67.394 67.391 67.388 67.384 67.380 67.376 67.371 67.366 67.360 66.354 73.346 75.339 67.330 66.322 65.312 66.303 68.294 71.285 74.278 73.272 68.267 69.265 76.264 79.263 75.261 69.254 66.242 75.226 6.209 0.000 9.103 82.133 91.139 78.137 70.133 90.126 36.121 0.000 0.000 2.151 3.180 3.179 3.149 4.144 0.000 0.000 33.059 75.033 103.991 64.930 97.817 105.978 102.943 102.035 108.832 108.750 108.664 101.701 103.582 103.283 102.146 101.081 19.000
67.413 67.413 67.413 67.412 67.411 67.410 67.409 67.408 67.406 67.403 70.401 70.398 68.394 72.391 70.387 67.383 67.379 67.375 66.369 64.364 75.357 83.351 69.343 66.336 68.328 71.320 73.313 72.306 69.301 71.296 76.293 78.291 79.290 79.289 74.288 68.284 77.279 96.272 15.266 0.000 0.000 56.210 79.210 76.207 80.201 100.194 34.191 0.000 3.228 3.204 3.211 3.207 3.182 5.189 0.000 31.156 83.114 99.068 102.003 107.006 104.175 101.168 109.056 108.985 108.911 101.005 101.793 102.670 102.353 102.328 95.262 72.172 0.000
67.420 67.420 67.419 67.419 67.418 67.417 67.416 67.414 67.413 68.411 75.408 75.405 52.402 20.398 41.394 71.391 65.388 68.384 74.379 77.374 77.369 73.363 69.357 70.350 73.344 72.338 71.332 73.327 77.322 77.319 79.317 78.316 69.316 64.317 66.317 79.316 98.316 108.316 30.318 0.000 0.000 31.287 87.284 89.279 96.270 95.258 31.258 0.000 3.252 1.253 2.254 3.256 0.000 9.242 35.241 79.207 101.138 104.162 103.258 103.264 102.360 109.191 109.125 101.203 102.007 102.873 102.662 102.520 102.480 94.415 86.375 0.000 0.000
67.426 67.426 67.426 67.425 67.425 67.424 67.423 67.422 67.420 69.418 78.416 89.413 65.409 2.406 8.400 56.400 82.397 74.394 72.390 72.385 70.380 69.375 71.370 73.364 71.359 67.354 69.350 81.346 83.343 73.341 67.341 64.341 64.342 69.344 83.346 99.349 96.353 80.359 52.370 20.397 14.398 58.368 87.359 69.354 60.344 52.309 17.325 1.367 1.303 22.294 13.295 3.306 0.000 28.297 79.281 101.210 103.417 102.417 102.532 109.377 109.317 109.255 101.261 103.150 102.865 102.742 102.690 102.620 96.547 83.486 73.450 0.000 0.000
67.433 67.433 67.432 67.432 67.431 67.431 67.430 67.429 67.428 69.426 79.424 66.421 22.416 4.417 0.000 24.410 78.408 70.404 72.401 71.397 69.392 72.388 73.383 70.379 67.374 63.370 73.367 87.364 74.363 64.362 65.363 70.365 80.367 91.371 102.375 95.380 73.387 68.396 87.408 94.423 95.429 99.427 74.429 35.436 7.443 0.000 1.511 1.517 0.000 35.309 22.324 2.371 33.392 79.344 101.377 103.578 102.605 109.540 109.488 109.434 101.523 102.325 103.217 102.919 102.906 102.849 102.777 103.689 91.611 62.529 51.489 9.489 3.489
66.440 66.439 67.439 67.439 67.438 67.438 67.438 67.437 67.436 70.435 80.434 51.432 0.000 10.429 48.429 50.423 67.419 69.415 57.412 39.408 77.405 72.401 68.397 67.393 65.389 67.386 83.383 86.381 68.381 71.382 83.384 92.388 101.392 99.397 87.403 73.410 66.419 82.430 86.443 74.457 55.470 53.481 41.495 21.516 10.549 4.616 2.634 22.649 17.668 0.000 0.000 27.437 79.497 102.619 103.652 101.773 109.637 109.590 101.681 102.495 103.377 103.186 103.066 103.045 102.995 102.946 105.879 69.749 49.680 0.000 0.000 0.000 0.000
75.447 73.446 70.446 68.445 65.445 65.445 65.445 65.445 64.444 69.443 81.443 64.443 45.444 53.439 71.437 67.433 64.430 70.427 65.423 52.420 72.417 66.414 65.410 65.407 67.404 81.401 89.398 55.397 47.398 97.400 102.404 97.409 86.415 76.422 68.430 64.439 75.450 87.462 55.477 30.494 13.511 4.531 21.555 20.585 10.621 11.665 14.692 42.704 26.686 0.000 0.000 59.732 101.776 100.910 109.773 109.730 109.684 101.715 103.612 103.340 103.234 103.206 105.166 100.117 102.089 103.063 114.042 0.000 0.000 0.000 0.000 0.000 0.000
76.455 78.454 84.452 85.452 85.452 82.453 83.453 82.453 81.452 81.452 83.451 66.451 70.450 69.448 66.446 69.443 69.440 68.438 73.435 75.432 69.429 63.427 65.424 67.421 81.418 86.415 75.413 69.412 78.413 101.417 84.424 75.431 67.438 65.446 67.455 66.466 80.478 89.493 53.509 29.529 17.551 19.577 22.609 14.646 15.687 21.730 23.765 16.789 0.000 0.000 37.974 79.994 109.890 109.853 109.814 101.944 102.753 103.654 103.365 103.364 104.324 104.281 77.239 55.179 90.180 104.175 109.185 49.243 0.000 0.000 0.000 0.000 0.000
69.463 63.462 16.457 18.456 27.460 74.461 71.461 71.461 71.461 75.461 84.460 65.459 66.458 65.457 68.455 72.453 73.451 71.449 70.446 73.444 74.442 71.440 65.437 82.435 88.432 79.428 85.425 102.424 99.426 81.432 69.442 65.451 67.460 67.469 66.479 71.491 87.504 89.520 81.539 84.561 55.587 17.619 9.658 8.703 20.751 27.802 17.851 14.899 6.929 33.097 81.144 109.958 109.925 102.082 102.894 103.784 103.599 103.487 103.474 104.429 102.391 96.353 21.333 0.000 72.276 107.273 104.280 103.300 0.000 0.000 0.000 0.000 0.000
67.474 59.473 0.000 0.468 9.469 70.470 66.470 66.470 66.470 70.469 84.469 62.468 66.467 70.466 72.465 73.463 70.461 67.460 65.458 67.456 77.455 90.453 85.451 86.449 63.446 57.442 109.436 95.433 62.434 22.443 42.462 70.472 67.481 67.491 69.502 62.514 46.528 36.545 48.565 88.588 64.617 17.653 12.700 7.756 16.814 21.875 15.940 20.998 21.082 59.226 110.007 101.268 105.009 103.917 103.732 103.624 103.603 103.569 104.530 104.495 69.458 45.406 31.407 34.416 85.374 106.361 102.363 93.378 11.413 0.000 0.000 0.000 0.000
67.484 67.485 50.489 0.479 10.479 71.479 67.479 67.479 66.478 67.478 82.477 69.477 72.476 74.475 73.474 68.473 65.472 66.471 66.469 65.468 75.467 98.466 94.465 81.464 74.462 65.457 41.443 30.437 17.436 0.000 23.490 72.495 67.502 69.511 52.522 26.535 11.550 8.568 50.588 67.611 36.639 8.677 11.732 16.808 23.873 19.946 14.034 7.112 10.404 58.451 110.070 104.157 103.920 103.744 103.731 103.698 103.659 103.624 101.592 92.563 25.541 0.000 42.474 101.465 106.445 104.433 98.431 88.437 6.448 0.000 0.000 0.000 0.000
64.493 66.494 63.495 0.000 6.488 71.488 66.488 64.488 66.487 70.487 74.486 73.486 73.485 71.485 65.484 66.483 66.482 67.482 67.481 72.480 90.480 89.480 82.480 91.480 89.480 60.481 0.000 0.000 0.000 0.000 21.512 72.516 67.522 70.530 41.541 3.554 37.569 63.587 83.607 52.629 4.650 0.718 0.786 5.871 15.924 16.003 16.105 10.340 6.957 110.249 110.162 103.061 103.911 103.814 103.782 103.746 103.712 105.679 90.649 73.622 33.603 9.595 57.550 87.526 96.508 105.496 94.491 83.491 5.493 0.000 0.000 0.000 0.000
71.501 69.501 58.502 0.000 57.498 65.497 67.497 71.496 72.496 73.496 71.495 72.495 70.495 66.494 66.494 67.493 67.493 66.492 68.492 91.492 90.492 72.493 85.494 83.495 87.499 85.505 48.522 4.532 13.537 43.537 48.532 68.533 67.539 67.547 62.557 54.570 71.586 70.604 64.625 86.649 34.672 0.744 0.811 9.897 14.951 13.029 14.123 38.266 62.655 110.331 105.385 105.137 104.879 103.868 103.831 103.796 104.763 102.731 57.702 34.675 46.653 47.632 101.605 103.582 83.565 93.552 88.545 61.542 26.542 0.000 0.000 0.000 0.000
72.509 73.509 70.510 58.511 72.508 72.506 72.506 73.505 73.505 74.505 86.505 68.504 66.504 66.504 67.504 67.503 67.503 68.503 82.503 93.504 68.504 72.505 99.507 91.510 79.513 82.520 85.529 69.536 74.541 89.544 82.544 70.547 63.553 63.561 74.571 90.584 77.600 49.619 21.641 76.668 65.705 14.763 17.821 22.886 18.954 10.040 12.106 53.386 105.633 110.407 102.365 105.019 105.950 103.914 103.880 103.845 96.812 86.781 43.752 14.725 23.700 24.677 85.654 127.633 108.616 84.604 76.595 55.591 64.589 17.589 0.000 3.802 7.802
77.516 77.516 73.516 73.517 73.516 74.515 74.514 70.514 67.514 66.514 29.514 19.513 70.513 67.513 67.513 67.513 66.514 69.514 93.514 79.515 64.516 70.517 87.519 104.522 99.526 96.531 94.537 90.543 86.548 85.551 93.555 90.559 84.565 80.573 83.583 87.596 49.611 13.630 12.651 28.678 24.717 9.768 18.817 28.872 24.941 16.039 9.199 52.453 110.550 110.480 105.257 107.104 103.993 103.963 104.927 100.893 84.860 77.829 83.799 89.772 73.746 95.722 110.700 127.680 136.663 120.650 82.642 87.637 62.636 0.000 0.000 0.000 0.000
16.524 17.523 77.523 72.523 72.523 67.523 64.523 66.523 61.523 14.523 14.523 3.523 71.523 67.523 67.523 67.523 67.524 85.524 92.525 65.526 67.527 67.529 70.531 76.534 78.538 78.542 74.547 77.551 93.556 86.560 77.564 80.568 87.574 91.582 94.592 91.604 66.619 31.638 14.657 13.675 0.000 2.776 13.805 22.845 6.893 0.000 22.413 82.661 110.617 102.595 106.325 106.064 104.049 104.010 104.974 99.940 86.907 52.875 59.845 102.817 113.790 145.766 136.743 108.723 96.706 113.693 92.684 86.680 61.680 0.707 0.000 0.000 0.000
3.531 12.531 26.528 81.531 66.531 64.531 66.531 66.531 67.531 14.531 5.532 60.532 68.532 67.532 67.533 67.533 69.534 93.535 78.535 64.537 67.538 67.540 67.542 66.545 66.548 66.552 65.556 72.560 101.564 80.568 11.572 19.577 31.583 82.590 92.599 76.610 81.625 68.644 20.666 17.689 2.721 7.755 20.783 12.810 0.000 0.000 40.581 110.746 110.682 105.478 107.221 103.131 104.094 104.056 104.020 103.985 90.951 53.919 68.889 105.860 101.833 135.808 130.784 99.764 104.746 90.732 71.722 89.718 67.720 1.733 0.000 0.000 0.000
65.540 61.540 0.000 73.540 83.540 84.540 65.540 77.540 84.540 60.540 58.540 68.541 67.541 67.542 67.542 67.543 86.544 90.545 65.546 67.547 66.549 65.551 67.553 67.555 67.558 67.562 66.565 74.569 103.572 84.576 30.580 3.584 54.589 79.595 92.603 71.612 61.626 20.647 13.673 16.694 14.718 22.742 26.760 0.786 0.000 19.497 81.752 110.807 102.731 106.456 106.200 104.180 104.138 104.100 104.064 105.028 95.995 84.962 107.931 132.901 120.873 137.847 134.823 128.801 135.782 101.766 78.755 88.749 96.748 25.752 0.000 0.000 0.000
67.549 66.549 61.552 67.549 66.548 14.548 88.548 80.548 67.549 68.549 68.549 67.550 67.550 67.551 67.552 70.553 93.554 76.554 66.556 67.557 73.559 81.561 67.563 65.566 67.568 66.571 69.574 93.577 101.580 76.584 64.587 52.591 74.595 73.599 34.604 19.611 16.618 0.000 5.683 5.698 6.716 7.735 9.747 0.000 22.541 79.705 101.885 110.866 103.694 104.338 104.262 104.221 104.182 104.143 104.106 105.071 96.036 79.003 74.972 107.941 97.912 111.885 114.859 102.836 104.814 76.796 53.783 67.775 134.772 87.774 22.785 12.792 34.797
67.556 67.557 67.557 67.557 67.556 61.556 77.556 93.557 69.557 66.557 67.558 67.559 67.560 67.560 66.561 89.562 91.563 65.564 67.565 68.567 65.569 27.571 86.573 81.575 68.578 66.580 84.583 103.586 87.589 67.591 67.594 68.597 71.600 75.603 12.605 13.608 0.000 2.677 17.679 0.000 0.697 0.000 0.000 0.000 45.645 102.833 110.979 110.923 103.577 104.414 104.299 104.264 104.223 104.185 104.148 103.112 88.077 90.044 110.011 128.980 127.950 132.921 137.894 124.868 122.843 109.822 58.806 56.795 132.790 96.789 34.789 27.793 92.799
67.564 67.564 67.564 67.564 67.564 67.564 67.564 78.565 93.565 69.566 66.567 67.568 67.569 65.570 73.571 94.572 74.573 66.574 68.575 66.576 8.578 5.581 74.583 75.585 81.587 80.590 88.592 87.594 68.597 66.599 68.601 71.604 76.606 76.607 0.000 0.000 0.000 4.676 28.676 15.677 16.678 15.678 0.000 6.719 53.877 108.043 111.032 102.913 104.630 104.366 104.347 104.303 104.264 104.225 104.188 104.152 90.117 86.082 107.049 108.017 107.986 110.956 110.926 109.898 114.870 87.843 63.822 78.810 93.804 32.802 0.000 0.000 36.804
67.571 69.571 69.571 67.571 67.571 67.572 67.572 67.573 78.574 93.574 69.575 64.576 64.578 81.579 93.580 87.581 64.583 67.584 63.584 9.583 6.588 60.591 67.593 67.595 73.597 90.599 90.601 83.603 76.605 68.607 55.609 25.610 90.612 70.613 0.000 0.000 0.000 3.673 17.674 10.676 24.677 13.677 0.000 6.856 26.958 111.137 111.085 103.782 104.518 104.425 104.384 104.343 104.303 104.264 104.227 105.191 100.155 90.120 85.087 84.053 84.021 83.989 83.958 87.928 61.895 5.856 31.831 87.819 83.814 44.813 6.816 0.000 35.809
68.578 5.578 6.578 67.578 66.579 65.579 65.580 64.581 64.582 77.583 92.584 85.585 92.586 94.588 81.589 65.591 72.593 72.594 60.595 0.000 8.601 71.602 67.603 69.605 93.606 100.608 78.610 69.611 76.613 83.614 71.616 7.617 50.619 68.620 0.000 0.000 0.000 4.670 10.672 7.674 21.675 0.000 0.000 6.912 12.229 111.187 109.030 104.746 104.488 104.466 104.421 104.380 104.341 104.302 104.265 104.228 105.193 104.158 102.123 101.089 101.055 102.022 103.991 77.959 19.927 0.000 16.827 72.822 103.820 94.819 67.820 43.819 60.814
67.585 66.585 1.585 66.586 77.586 81.587 85.588 90.589 93.590 94.591 94.592 94.594 80.595 67.597 83.599 100.601 101.603 101.605 94.608 72.614 7.612 68.613 66.614 75.615 103.616 90.617 67.618 66.620 68.621 71.622 62.623 7.625 27.626 27.627 0.000 0.000 0.000 10.665 5.669 0.000 4.675 0.000 14.929 16.148 6.588 111.236 112.981 108.621 104.543 104.499 104.457 104.417 104.377 104.339 104.302 104.265 104.230 104.195 104.159 104.124 105.088 108.055 80.022 12.991 0.000 5.877 0.000 17.823 73.824 104.825 95.825 71.823 48.817
67.592 69.592 65.593 67.593 82.593 81.594 77.595 73.596 72.597 68.599 89.600 79.602 90.604 81.606 97.608 93.610 86.613 87.615 98.618 104.621 93.622 94.623 86.624 94.625 102.626 75.626 66.627 67.628 67.629 66.630 66.631 68.632 63.633 12.636 72.643 63.647 2.652 4.657 0.000 0.000 0.000 5.931 83.975 81.179 111.327 111.282 106.857 107.688 104.571 104.534 104.492 104.452 104.413 104.375 104.338 104.302 104.266 104.231 104.196 106.159 111.119 80.085 20.054 0.000 0.000 2.877 1.877 0.000 14.827 65.831 100.832 50.831 0.000
69.599 5.599 64.599 67.600 67.600 67.601 66.602 67.604 69.605 67.607 79.609 74.611 83.613 94.615 82.617 67.620 68.622 69.625 70.627 75.630 88.631 98.633 104.634 102.634 91.635 67.636 67.636 67.637 67.637 67.637 68.638 91.638 64.639 4.641 68.644 18.648 12.651 5.654 0.000 0.000 0.000 15.917 104.122 106.335 111.371 105.187 104.896 104.631 104.611 104.566 104.525 104.485 104.447 104.410 104.373 104.338 104.303 104.268 106.234 91.197 45.143 12.114 0.000 4.878 2.877 22.877 29.877 0.000 0.000 36.839 98.840 50.840 0.000
70.605 3.605 64.606 67.606 67.607 67.608 67.609 68.611 6.613 66.614 70.617 81.619 81.621 89.624 94.626 80.629 65.632 65.635 65.637 67.640 69.641 70.643 71.644 71.645 70.645 69.645 65.645 65.645 66.645 67.645 78.645 92.644 63.645 57.645 59.646 0.000 0.000 5.654 0.000 0.000 0.000 20.011 103.134 111.456 111.413 104.044 104.776 104.681 104.639 104.597 104.557 104.518 104.480 104.444 104.408 104.373 104.339 104.306 109.275 65.250 0.000 0.000 2.880 0.879 2.877 17.877 24.876 0.000 0.000 39.848 99.848 58.848 0.000
