results1/res_4e8f-0053.wd
ncols         241
nrows         181
xllcorner     12693529.787448
yllcorner     3542525.717860
cellsize      155.156523
NODATA_value  -9999.000000
[rows 33 to 65 of 181, columns 74 to 147 of 241]
0.000 0.000 0.000 0.000 0.000 0.000 0.000 0.000 0.000 0.000 0.000 0.000 0.000 0.000 0.000 0.000 0.000 0.000 0.000 0.000 0.000 0.000 0.000 0.000 0.000 0.000 0.000 0.000 0.000 0.000 0.000 0.000 0.000 0.000 0.000 0.000 0.000 0.000 33.111 56.112 61.113 17.114 0.000 0.000 26.168 40.185 7.173 0.000 30.204 33.210 27.209 28.197 29.176 29.144 29.104 29.058 28.013 33.980 53.962 0.713 6.846 4.560 40.042 56.605 61.204 59.830 60.496 59.094 61.240 56.347 55.935 55.987 58.297 57.563
0.000 0.000 0.000 0.000 0.000 0.000 0.000 0.000 0.000 0.000 0.000 0.000 0.000 0.000 0.000 0.000 0.000 0.000 0.000 0.000 0.000 0.000 0.000 0.000 0.000 0.000 0.000 0.000 0.000 0.000 0.000 0.000 0.000 0.000 0.000 0.000 0.000 0.000 0.000 8.112 3.112 0.000 0.000 0.000 0.000 22.240 0.000 0.000 20.227 44.249 43.251 33.239 29.213 29.173 29.119 29.054 27.987 49.939 47.951 0.000 30.066 42.791 56.384 60.969 60.567 60.201 59.768 60.886 56.953 56.226 56.538 58.884 58.162 57.958
0.000 0.000 0.000 0.000 0.000 0.000 0.000 0.000 0.000 0.000 0.000 0.000 0.000 0.000 0.000 0.000 0.000 26.913 58.913 11.913 0.000 0.000 0.000 0.000 0.000 0.000 0.000 0.000 0.000 0.000 0.000 0.000 0.000 0.000 0.000 0.000 0.000 0.000 0.000 0.000 0.000 0.000 0.000 0.000 0.000 14.294 0.000 0.000 0.000 22.310 40.306 40.294 31.266 29.217 29.146 27.052 42.941 51.840 0.000 16.032 40.561 55.155 61.737 61.316 60.923 60.459 62.544 58.576 56.647 57.101 59.465 58.749 58.552 58.263
0.000 0.000 0.000 0.000 0.000 0.000 0.000 0.000 0.000 0.000 13.910 51.910 0.000 0.000 0.000 0.000 0.000 33.914 84.914 40.914 0.000 0.000 0.000 0.000 0.000 0.000 0.000 0.000 0.000 0.000 0.000 0.000 0.000 0.000 0.000 0.000 0.000 0.000 0.000 0.000 0.000 0.000 0.000 0.000 0.000 17.349 18.375 25.390 11.392 21.374 29.371 42.364 33.338 29.285 26.195 37.066 46.886 35.639 11.153 40.504 57.989 62.531 62.086 61.666 61.170 61.221 60.221 57.184 57.684 60.055 59.339 59.144 58.855 58.583
0.000 0.000 0.000 0.000 0.000 0.000 0.000 0.000 0.000 0.000 34.910 69.910 58.911 45.911 0.910 0.000 18.914 72.914 80.914 45.914 0.000 0.000 0.000 0.000 16.355 0.000 0.000 0.000 0.000 0.000 0.000 0.000 0.000 0.000 0.000 0.000 0.376 0.000 0.000 0.000 4.384 22.384 0.000 0.000 33.382 48.377 51.388 49.401 35.413 29.424 28.440 42.453 33.440 25.387 39.285 53.132 40.898 28.677 43.315 47.842 60.363 62.890 62.441 61.912 61.923 59.892 57.838 58.294 60.663 59.944 59.745 59.451 59.173 58.895
0.000 0.000 0.000 0.000 0.000 0.000 0.000 0.000 0.000 0.000 5.910 67.910 50.911 31.912 0.000 14.915 64.915 75.915 82.915 41.915 0.000 0.000 0.000 0.000 54.355 38.355 0.000 0.000 0.000 0.000 0.000 0.000 0.000 0.000 0.000 17.378 29.378 31.378 0.000 0.000 13.384 38.384 17.386 31.387 54.387 57.389 58.398 55.414 42.437 29.468 26.513 43.567 34.581 38.540 56.425 50.278 0.000 26.857 45.589 58.186 63.725 63.257 62.697 62.663 60.603 58.627 58.940 61.299 60.576 60.369 60.066 59.775 59.484 59.203
0.000 0.000 0.000 0.000 0.000 0.000 0.000 0.000 0.000 0.000 0.000 0.000 18.912 56.913 52.914 40.915 53.915 73.916 84.916 37.915 0.000 0.000 0.000 0.000 16.355 40.356 42.356 0.000 0.000 0.000 0.000 0.000 0.000 0.000 0.000 33.378 34.378 46.379 29.380 18.381 32.383 33.384 29.386 36.388 43.390 41.394 34.403 53.418 19.451 35.499 38.577 28.720 40.777 53.768 50.596 0.000 1.937 38.305 54.997 63.590 64.111 63.543 63.460 60.375 59.595 59.636 61.973 61.244 61.027 60.711 60.404 60.093 59.787 59.500
0.000 0.000 0.000 0.000 0.000 0.000 0.000 0.000 0.000 0.000 0.000 0.000 8.913 75.914 70.915 60.916 50.917 74.917 82.917 77.916 62.915 17.915 0.000 0.000 0.000 0.000 50.357 34.358 32.358 43.359 38.359 1.360 0.000 0.000 0.000 33.378 32.378 53.379 59.380 48.381 40.383 32.384 29.386 30.389 31.391 30.395 28.400 36.406 0.000 0.000 0.000 33.959 57.041 55.157 0.000 0.907 38.296 51.892 61.515 65.034 64.570 65.323 61.243 60.830 60.405 62.700 61.959 61.727 61.397 61.074 60.742 60.406 60.072 59.776
0.000 0.000 0.000 0.000 0.000 0.000 0.000 0.000 0.000 0.000 0.000 0.000 0.000 8.915 47.916 22.918 58.919 77.919 82.918 80.917 78.916 67.914 26.913 0.000 0.000 0.000 6.357 45.358 45.358 58.359 56.360 49.360 44.361 0.000 0.000 0.375 37.377 56.378 63.380 55.381 39.382 28.384 29.386 29.389 29.391 29.394 29.398 33.400 0.000 0.000 0.000 4.116 41.273 10.661 8.171 43.171 47.816 59.475 66.038 65.857 64.060 62.344 62.482 61.286 63.503 62.737 62.480 62.129 61.790 61.442 61.086 60.715 60.320 60.995
0.000 0.000 0.000 0.000 0.000 0.000 0.000 0.000 0.000 0.000 0.000 0.000 0.000 0.000 0.000 79.921 79.921 81.922 81.921 80.919 74.916 68.913 39.912 0.000 0.000 0.000 0.000 0.000 13.359 58.359 52.360 67.361 64.362 43.364 22.368 23.372 32.376 54.378 63.379 54.381 37.382 27.384 32.386 31.389 29.391 29.394 29.396 30.397 22.396 0.000 0.000 0.000 0.000 2.735 45.682 48.568 56.347 67.010 67.083 65.418 67.229 64.796 62.345 64.416 63.598 63.297 62.916 62.552 62.186 61.818 61.446 60.049 68.497 66.122
0.000 0.000 0.000 0.000 0.000 14.517 37.517 0.000 15.479 55.476 44.471 48.467 23.464 0.000 0.000 15.923 87.925 81.926 78.925 75.921 78.917 69.912 32.909 0.000 0.000 0.000 0.000 0.000 0.000 0.000 2.360 56.361 57.362 8.363 0.000 0.000 36.377 54.378 59.379 49.380 40.382 38.383 0.386 7.390 35.392 29.393 29.394 30.395 36.395 44.395 6.395 0.000 0.000 18.406 51.254 55.088 65.846 68.020 67.636 70.995 69.537 63.754 65.487 64.567 64.192 63.763 63.364 62.972 62.583 62.199 61.832 67.537 0.000 0.000
0.000 0.000 0.000 0.000 0.000 14.517 57.517 0.000 49.482 51.477 63.471 46.465 31.462 0.000 0.000 3.925 72.928 84.933 81.931 81.925 82.917 76.909 30.904 0.000 0.000 0.000 0.000 0.000 0.000 0.000 0.000 0.000 41.362 0.362 0.000 0.000 42.378 39.378 51.379 8.379 0.000 0.000 0.000 0.000 1.392 39.393 33.394 0.000 26.395 60.395 43.395 0.000 0.000 23.004 56.808 65.676 68.764 68.500 72.720 72.001 65.171 66.651 65.627 65.161 64.670 64.228 63.803 63.388 62.977 62.563 62.146 66.730 9.352 0.000
56.645 46.645 0.000 0.000 0.000 8.517 68.518 44.508 46.491 52.480 76.470 77.462 72.456 26.450 0.000 0.000 0.000 32.948 86.942 81.931 82.918 79.904 38.895 0.000 0.000 0.000 0.000 0.000 0.000 0.000 0.000 0.000 0.000 0.000 0.000 0.000 0.000 0.000 0.000 0.000 0.000 0.000 0.000 0.000 0.000 0.000 14.393 11.393 0.000 0.000 0.000 0.000 12.246 49.712 66.666 68.330 69.247 73.586 73.236 66.209 67.705 66.679 66.156 65.613 65.128 64.670 64.231 63.801 63.372 62.932 62.459 64.885 47.974 4.685
68.645 50.644 46.643 0.000 0.000 0.000 60.529 62.514 62.496 74.480 71.468 83.458 82.450 43.445 0.000 0.000 0.000 8.968 88.958 81.940 82.918 79.895 39.876 0.000 0.000 0.606 48.569 60.548 29.533 0.000 0.000 0.000 0.000 0.000 0.000 0.000 0.000 0.000 0.000 0.000 0.000 0.000 0.000 0.000 0.000 0.000 0.000 0.000 0.000 0.000 0.000 10.130 50.670 67.655 68.244 74.417 73.927 67.477 68.022 68.488 67.626 67.105 66.547 66.036 65.554 65.094 64.650 64.214 63.778 63.334 69.871 10.378 0.000 17.657
73.646 52.644 53.642 45.638 0.000 50.580 45.556 53.523 66.499 70.478 81.464 82.452 81.442 50.434 0.000 0.000 0.000 7.999 87.982 81.954 82.921 77.883 57.837 41.767 42.702 42.640 50.583 71.544 38.517 0.000 0.000 0.000 0.000 0.000 0.000 0.000 0.000 0.000 0.000 0.000 0.000 0.000 0.000 0.000 0.000 0.000 0.000 0.000 0.000 8.149 38.939 48.474 67.482 69.090 75.771 75.182 68.009 69.710 69.024 68.453 67.958 67.426 66.917 66.427 65.957 65.503 65.062 64.627 64.193 70.756 16.313 0.000 0.000 2.587
68.648 66.646 49.642 53.634 53.621 44.604 37.593 0.000 0.000 12.468 71.459 82.444 80.432 65.415 32.391 0.000 0.000 57.047 78.016 82.974 81.927 82.878 72.824 48.763 45.700 44.639 53.581 71.528 54.474 40.400 41.341 45.297 56.270 20.259 0.000 0.000 0.000 0.000 0.000 0.000 0.000 0.000 0.000 0.000 0.000 0.000 0.000 0.000 0.000 19.336 59.188 67.150 69.813 76.615 76.240 68.719 70.372 69.578 69.185 68.716 68.230 67.744 67.265 66.798 66.344 65.901 65.467 65.038 70.611 17.183 0.000 0.000 0.000 1.486
14.651 82.650 53.646 47.635 48.626 50.622 50.620 39.628 0.000 0.000 0.000 16.435 87.426 77.404 55.367 47.303 54.226 53.127 55.060 62.998 63.937 50.878 47.819 45.758 45.697 44.636 53.575 68.514 47.451 44.385 49.326 65.281 68.254 53.248 27.248 0.000 0.000 0.000 0.000 0.000 0.000 0.000 0.000 0.000 0.000 0.000 0.000 0.000 10.130 51.997 67.625 70.476 77.122 76.908 69.397 71.031 70.236 69.864 69.415 68.967 68.511 68.054 67.601 67.156 66.719 66.290 65.867 71.447 17.029 0.000 0.000 0.000 0.000 0.000
81.656 82.657 68.656 0.000 0.000 55.637 51.636 62.637 53.637 0.000 0.000 0.000 75.432 72.409 57.370 48.315 45.250 45.174 48.101 61.022 68.947 71.877 64.815 54.756 47.695 46.633 62.568 65.501 40.432 44.363 44.299 45.246 49.216 28.232 0.000 0.000 0.000 0.000 0.000 0.000 0.000 0.000 0.000 0.000 0.000 0.000 13.271 44.967 52.858 66.396 77.722 77.351 70.425 71.023 71.589 70.894 70.520 70.084 69.658 69.227 68.793 68.360 67.930 67.506 67.087 67.673 74.263 17.855 0.000 0.000 0.000 0.000 0.000 0.000
82.662 82.664 82.666 69.669 52.665 52.655 52.650 43.648 0.000 9.521 16.521 68.502 65.463 68.429 61.388 62.340 62.283 62.220 65.148 60.040 59.951 61.867 65.809 66.754 64.695 60.632 71.563 69.490 57.414 58.337 58.260 60.188 35.134 0.000 0.000 0.000 0.000 0.218 0.000 0.000 0.000 0.000 0.000 0.000 0.297 47.801 48.464 69.523 70.113 78.806 78.325 72.899 72.617 72.005 71.536 71.152 70.732 70.319 69.904 69.489 69.074 68.662 68.253 67.850 68.450 72.053 4.658 0.000 0.000 0.000 0.000 0.000 0.000 2.946
81.668 81.673 82.675 79.676 57.673 51.666 52.661 53.657 45.654 0.000 60.541 57.521 58.489 59.455 54.416 58.372 63.323 71.274 56.233 0.000 0.000 6.833 64.799 60.756 60.701 60.636 60.563 60.483 60.398 60.309 60.215 58.113 52.998 25.843 0.000 1.784 45.478 52.224 63.917 33.666 0.000 0.000 0.000 0.000 49.419 60.124 72.059 72.718 79.520 79.199 73.537 73.215 72.480 72.150 71.758 71.356 70.955 70.553 70.151 69.751 69.353 68.960 68.573 69.190 71.810 19.431 0.000 0.000 0.000 0.000 0.000 0.000 0.000 23.954
71.676 71.683 82.687 82.687 72.684 48.677 51.671 52.664 52.652 58.626 67.582 51.550 48.519 46.486 53.449 68.408 67.364 52.319 32.276 0.000 0.000 0.000 0.000 49.769 44.718 44.648 44.569 44.481 45.387 48.287 49.178 49.053 47.900 48.689 47.359 46.996 55.632 62.278 59.862 66.414 63.871 58.393 55.933 58.375 70.019 73.523 73.319 79.971 79.778 74.162 73.818 73.071 72.745 72.349 71.961 71.569 71.177 70.787 70.397 70.009 69.626 69.253 69.888 70.527 9.168 0.000 0.000 0.000 0.000 0.000 0.000 0.000 0.000 34.989
37.685 49.695 77.703 81.703 62.697 45.689 44.682 52.675 52.665 51.644 45.612 46.579 52.552 69.521 68.486 51.447 44.408 34.363 0.000 54.139 63.096 59.029 59.943 62.834 65.752 64.671 65.583 68.486 67.383 64.275 66.157 61.022 46.859 50.654 49.393 54.097 71.775 78.394 74.838 68.259 62.803 64.396 70.915 75.820 74.282 80.531 80.188 74.126 75.742 74.334 73.676 73.338 72.940 72.554 72.167 71.781 71.399 71.020 70.642 70.264 70.891 68.538 64.198 15.863 0.000 0.000 0.000 0.000 0.000 0.000 0.000 0.000 21.122 25.060
0.000 42.711 61.727 72.724 47.713 39.698 46.694 44.692 51.687 52.674 52.643 45.603 62.588 54.561 43.527 46.488 38.455 0.000 63.244 66.183 66.121 68.049 68.965 71.873 75.787 74.701 74.607 74.496 76.383 77.272 75.153 63.018 48.862 50.677 50.461 50.225 52.978 26.686 0.000 87.979 129.707 107.332 73.334 74.905 81.523 81.078 74.566 77.301 74.720 74.281 73.926 73.533 73.147 72.758 72.372 71.991 71.618 71.252 70.886 72.513 67.134 55.811 10.504 0.000 0.000 0.000 0.000 0.000 0.000 0.000 0.000 19.244 32.184 21.124
0.000 0.000 18.769 53.754 35.733 0.000 41.702 46.711 46.718 52.721 41.682 0.000 46.636 44.610 46.571 47.524 57.471 71.401 68.305 70.228 76.155 86.079 129.997 126.906 126.821 126.739 126.648 127.508 111.382 43.277 46.165 44.037 51.892 50.730 47.551 45.363 27.226 0.000 0.000 0.000 54.591 71.713 76.380 82.204 81.894 74.159 75.864 75.167 74.867 74.502 74.122 73.739 73.352 72.961 72.571 72.192 71.830 72.483 71.140 62.767 51.323 9.067 0.000 0.000 0.000 0.000 0.000 0.000 0.000 0.000 10.359 31.304 23.247 11.188
16.957 5.920 68.826 46.790 0.000 0.000 0.000 40.732 53.754 45.811 0.000 0.000 54.709 45.673 56.623 69.566 69.502 74.429 77.347 70.268 56.193 47.117 43.037 40.932 43.852 44.788 31.738 0.000 48.358 45.291 44.192 48.073 51.940 48.799 40.649 47.450 28.338 0.000 0.000 49.977 66.996 76.770 82.665 82.462 74.734 76.427 75.727 75.438 75.072 74.707 74.331 73.949 73.560 73.164 72.760 72.377 73.026 68.712 57.421 14.094 0.000 0.000 0.000 0.000 0.000 0.000 0.000 0.000 0.000 0.000 28.413 27.368 13.311 10.253
86.985 74.977 0.000 3.790 0.000 0.000 0.000 0.000 0.000 49.959 47.974 55.923 52.819 52.749 52.683 69.615 83.543 72.466 52.385 50.306 45.230 47.160 38.104 0.000 49.869 46.822 35.778 0.000 49.402 44.335 45.240 52.125 49.995 47.879 29.796 0.000 0.000 46.586 44.464 61.263 77.195 82.914 75.653 76.228 76.894 76.295 76.005 75.646 75.290 74.923 74.547 74.165 73.778 73.372 73.929 73.529 63.187 47.916 10.740 0.000 0.000 0.000 0.000 0.000 0.000 0.000 0.000 3.730 2.692 17.622 29.514 17.442 9.378 23.317
73.021 63.027 0.000 0.000 63.541 56.528 50.509 0.000 2.198 68.092 65.040 51.977 52.896 52.820 53.745 74.668 126.589 119.506 66.423 121.341 42.262 46.188 46.116 48.035 45.932 45.854 45.773 47.660 43.512 43.409 52.309 51.191 48.037 42.925 31.861 0.000 0.000 48.708 55.580 77.607 76.512 83.273 76.702 77.295 76.849 76.563 76.220 75.874 75.516 75.147 74.770 74.387 74.012 75.620 71.057 52.621 39.278 41.025 6.883 0.000 0.000 0.000 0.000 0.000 0.000 0.000 0.000 12.768 17.725 31.659 25.580 15.509 24.443 24.380
60.064 4.084 0.000 0.000 46.555 55.533 52.490 70.407 64.290 69.193 77.119 68.047 52.969 52.890 52.809 51.725 45.637 40.548 45.459 42.373 46.291 46.213 46.137 46.057 45.972 45.889 45.801 44.696 49.577 51.480 52.395 36.293 0.000 35.925 0.000 0.000 0.000 52.930 74.871 78.898 84.310 83.831 76.798 77.454 77.100 76.789 76.458 76.112 75.752 75.382 74.997 74.600 73.266 35.037 0.000 0.000 0.000 0.000 0.000 0.000 0.000 0.000 9.110 4.099 3.072 2.027 5.946 14.850 30.780 24.711 15.639 25.570 21.504 12.441
48.114 53.163 0.000 51.610 47.590 46.561 64.512 57.441 73.355 82.272 62.196 48.122 46.045 48.963 51.877 52.785 52.688 45.589 44.492 45.401 45.316 46.237 46.161 46.085 51.008 47.930 44.845 45.747 48.621 52.538 41.500 0.000 0.000 0.000 0.000 8.659 128.540 72.251 79.283 77.274 84.729 76.619 79.140 80.626 77.354 77.040 76.710 76.363 75.998 76.632 73.238 60.751 51.414 9.225 0.000 0.000 0.000 0.000 0.000 0.000 0.000 11.126 11.122 11.116 12.091 12.045 12.980 26.905 26.835 10.765 13.697 15.629 12.564 10.500
33.164 27.290 51.543 47.629 46.636 57.608 61.556 72.489 79.416 45.343 44.272 45.200 47.124 46.041 42.950 50.850 51.742 52.629 51.520 45.422 44.336 43.258 44.185 50.115 109.047 76.978 56.904 39.825 0.000 54.553 62.567 0.000 0.000 0.000 0.000 52.780 63.684 80.572 78.618 85.454 85.106 77.713 78.243 78.910 77.618 77.309 76.981 76.630 77.247 75.908 28.573 0.000 0.000 0.000 0.000 0.000 0.000 0.000 0.000 0.000 0.000 18.130 14.135 11.153 12.130 10.084 22.024 28.957 12.888 13.820 21.753 19.686 13.621 10.558
0.000 0.000 44.711 47.729 49.718 70.678 81.615 95.545 77.477 6.413 63.350 63.284 47.210 47.127 46.032 43.924 46.801 52.664 50.536 51.433 53.348 51.273 49.206 45.144 40.086 45.030 39.967 0.000 0.000 0.000 48.649 40.669 0.000 0.000 0.000 62.996 79.881 79.967 77.994 85.770 77.440 79.940 81.447 78.190 77.900 77.596 77.273 76.931 74.453 29.180 0.000 0.000 0.000 0.000 0.000 0.000 0.000 0.000 0.000 0.000 17.675 0.000 0.000 19.232 9.192 20.138 32.075 20.009 14.942 19.875 23.808 16.742 11.678 9.615
0.000 0.000 42.862 48.856 64.829 75.773 123.681 117.598 119.534 125.482 121.431 122.375 47.307 47.225 46.127 46.012 44.875 39.689 49.529 51.427 52.349 50.281 52.222 52.169 53.123 46.090 0.000 0.000 0.000 0.000 49.710 34.689 0.000 0.000 54.494 76.293 80.233 79.225 86.344 86.065 78.501 79.046 79.736 78.473 78.198 77.903 78.586 53.366 0.000 0.000 0.000 0.000 0.000 0.000 0.000 0.000 0.000 29.841 18.804 8.747 12.676 12.590 13.486 13.351 16.269 29.199 26.131 21.064 21.996 19.929 17.863 13.797 10.733 12.671
0.000 0.000 44.018 61.004 68.971 74.902 45.739 44.634 43.580 40.548 41.519 41.477 47.418 47.339 63.238 63.123 38.999 0.000 36.463 49.397 51.338 49.282 51.232 51.187 52.146 48.119 0.000 0.000 0.000 47.875 32.792 0.000 0.000 55.832 64.689 81.541 80.443 79.625 86.603 78.180 80.706 83.241 79.017 78.768 78.516 77.232 64.800 23.583 0.000 0.000 0.000 0.000 0.000 16.038 11.023 10.991 10.944 14.879 26.824 29.762 15.691 10.609 12.517 14.418 29.334 28.259 14.188 23.118 24.050 22.983 15.916 11.851 10.788 20.726
