results1/res_4e8f-0151.wd
ncols         241
nrows         181
xllcorner     12693529.787448
yllcorner     3542525.717860
cellsize      155.156523
NODATA_value  -9999.000000
[rows 66 to 98 of 181, columns 146 to 218 of 241]
35.622 50.562 72.505 73.451 73.401 73.354 73.308 73.261 73.216 76.180 12.158 0.000 0.013 0.000 0.000 0.000 0.000 0.000 45.296 20.296 0.000 27.294 57.293 57.293 57.293 64.293 70.293 70.291 70.289 70.285 70.281 70.276 70.271 70.266 70.261 72.257 57.254 58.251 50.250 0.000 0.000 0.000 0.000 0.000 26.597 33.589 42.572 36.542 14.502 12.450 27.419 48.394 56.371 50.348 45.326 45.304 35.281 32.259 32.238 35.217 56.196 68.176 63.157 52.138 59.120 66.103 70.086 70.070 69.055 69.041 69.027 69.014 69.002
38.680 57.620 75.563 73.510 73.462 73.417 73.372 73.323 78.266 67.225 37.206 34.215 0.000 0.000 0.000 0.000 0.000 16.296 18.296 0.000 0.000 0.000 27.288 58.288 67.288 70.288 70.287 70.286 70.284 74.281 72.277 70.274 70.270 70.266 69.262 61.258 55.255 61.253 51.252 0.000 0.000 0.000 0.000 18.590 32.591 37.587 33.580 0.000 0.000 9.402 29.388 32.371 46.352 55.332 44.311 43.290 41.269 32.247 32.226 31.205 37.184 61.164 68.145 53.126 55.108 57.090 59.074 63.058 67.043 69.029 70.015 69.002 68.990
43.736 64.675 74.616 73.564 73.520 73.481 71.440 70.391 25.302 10.249 41.227 47.223 12.224 0.000 0.000 0.000 0.000 0.000 0.000 0.000 0.000 11.281 40.283 60.284 70.284 70.283 70.282 70.281 70.279 72.277 71.274 70.271 70.268 71.265 61.262 59.259 62.256 57.254 49.253 0.000 0.000 0.000 0.000 36.589 39.589 1.588 0.583 0.000 4.357 37.367 39.362 49.350 52.334 63.317 61.298 49.278 38.257 30.236 32.214 32.193 27.172 41.152 58.132 62.113 67.095 64.078 57.061 62.045 65.030 65.016 63.002 64.989 67.977
48.792 71.727 75.662 76.611 73.575 74.544 69.518 15.500 0.000 40.240 41.231 46.226 54.225 0.000 0.000 0.000 0.000 0.000 0.000 0.000 0.000 23.280 46.280 59.280 71.279 70.279 70.278 70.277 70.275 71.273 70.271 70.269 70.267 67.264 61.263 26.261 0.000 0.000 0.000 0.000 0.000 0.000 0.000 32.589 39.589 0.000 0.000 0.000 54.347 40.347 35.342 63.332 68.319 69.303 73.285 67.266 55.245 35.224 32.202 32.181 30.160 31.139 37.119 38.100 45.081 53.064 60.047 64.031 65.016 66.002 61.989 64.976 65.964
30.848 35.779 45.694 21.643 78.623 75.603 60.590 37.589 7.621 0.000 0.000 0.000 0.000 0.000 0.000 0.000 0.000 0.000 0.000 0.000 0.000 24.278 49.277 52.276 68.276 70.275 70.274 70.273 74.272 73.270 70.269 70.267 71.265 62.264 65.263 0.000 0.000 0.000 0.000 0.000 0.000 0.000 0.000 0.000 26.589 35.588 0.000 0.000 85.337 48.334 30.327 61.318 69.306 69.291 69.274 72.255 71.234 51.212 34.190 32.168 30.147 33.126 34.105 42.086 47.067 36.050 36.033 41.017 46.002 51.988 56.975 60.962 64.950
76.912 55.845 0.000 0.000 82.672 74.655 61.648 43.647 10.652 0.000 0.000 0.000 0.000 0.000 0.000 0.000 0.000 0.000 0.000 0.000 0.000 0.000 10.273 54.272 70.272 70.272 70.271 70.270 72.269 71.267 70.266 70.265 71.263 59.262 69.262 0.000 0.000 0.000 0.000 0.000 0.000 0.000 0.000 0.000 0.000 2.588 10.588 0.000 22.330 38.323 31.316 61.306 69.295 69.282 70.265 70.246 70.224 63.201 39.178 35.155 33.133 30.112 51.091 63.071 69.052 53.034 46.018 42.002 39.987 36.973 36.960 36.947 64.936
52.986 0.000 0.000 79.845 79.738 77.698 68.701 53.697 9.690 0.000 0.000 0.000 0.000 0.000 0.000 0.000 0.000 0.000 0.000 0.000 0.000 0.000 36.269 59.269 71.269 70.268 70.268 71.267 70.266 70.265 70.264 70.263 71.262 64.261 29.260 0.000 0.000 0.000 0.000 0.000 0.000 0.000 0.000 0.000 0.000 0.000 0.000 0.000 0.000 35.314 34.305 52.297 67.288 70.276 64.260 60.239 66.216 57.190 40.166 39.142 48.120 43.097 66.076 70.055 69.036 67.018 67.001 63.986 61.971 58.958 54.945 46.932 66.921
80.032 70.032 76.005 31.951 0.000 0.000 74.761 48.751 9.720 0.000 11.928 0.000 0.000 0.000 0.000 0.000 0.000 0.000 0.000 0.000 0.000 0.000 52.266 64.266 71.266 70.265 70.265 72.264 72.263 70.262 70.261 70.261 69.260 65.259 14.259 0.000 0.000 0.000 0.000 0.000 0.000 0.000 0.000 0.000 0.000 0.000 0.000 0.000 0.000 0.000 23.294 49.289 67.283 68.273 49.260 52.236 54.210 51.177 36.152 33.129 56.106 65.082 69.059 71.038 71.019 72.001 69.984 69.969 70.955 69.941 70.929 70.917 69.906
82.076 74.060 79.032 30.004 0.000 0.000 65.830 13.825 0.000 0.000 43.928 6.928 0.000 0.000 0.000 0.000 0.000 0.000 0.000 0.000 0.000 0.000 55.263 67.263 71.263 70.262 70.262 71.261 71.261 70.260 70.259 71.259 67.258 62.257 12.256 0.000 0.000 0.000 0.000 0.000 0.000 0.000 0.000 0.000 0.000 0.000 0.000 0.000 15.284 17.284 28.286 44.284 66.280 68.275 14.269 0.000 0.000 41.157 35.137 30.116 44.092 63.066 69.041 71.019 71.000 70.982 68.966 68.951 69.937 68.924 68.912 69.901 69.890
74.138 74.097 74.061 72.028 58.999 44.960 37.906 36.893 32.915 35.924 38.928 38.928 10.928 0.000 0.000 0.000 0.000 0.000 16.251 18.251 0.000 8.260 54.260 68.260 70.260 70.260 70.260 70.259 70.259 70.258 70.257 70.257 52.256 47.255 45.254 40.252 4.252 0.000 0.000 0.000 0.000 0.000 0.000 0.000 0.000 0.000 0.000 0.000 19.283 45.283 36.283 40.282 60.279 61.276 34.273 0.000 0.000 0.000 32.121 37.106 36.082 55.047 68.020 68.999 68.979 68.962 68.947 68.932 68.919 68.907 68.895 68.884 68.873
74.176 74.131 74.087 73.047 70.010 71.974 45.941 24.926 62.927 35.930 39.931 15.929 0.000 0.000 0.000 0.000 0.000 0.000 16.251 62.251 11.251 0.000 53.257 67.257 71.258 70.258 72.257 73.257 71.257 70.256 70.255 68.255 61.254 52.253 53.252 52.251 5.251 0.000 0.000 0.000 0.000 0.000 0.000 0.000 0.000 0.000 0.000 0.000 13.282 48.282 40.282 47.280 62.279 57.277 63.275 0.000 0.000 0.000 0.000 0.000 0.000 45.021 67.995 68.975 68.957 68.941 68.926 68.913 68.900 68.888 68.877 68.867 68.857
74.209 74.162 75.110 77.062 74.021 73.985 72.959 73.944 64.938 42.937 14.936 0.000 0.000 0.000 0.000 0.000 0.000 0.000 3.251 55.251 42.251 32.252 48.254 70.255 70.255 70.255 70.255 70.255 70.255 70.254 70.254 70.253 68.252 47.251 51.251 58.250 1.249 0.000 0.000 0.000 0.000 0.000 0.000 0.000 0.000 0.000 0.000 0.000 9.282 60.282 4.281 27.280 50.278 57.277 18.276 0.000 0.000 0.000 0.000 0.000 0.000 0.000 56.963 69.950 68.933 68.918 68.904 68.892 68.880 68.870 68.859 68.849 68.840
77.244 73.200 70.127 72.072 75.027 74.987 76.965 73.952 71.946 58.942 7.941 0.000 0.000 0.000 0.000 0.000 0.000 0.000 0.000 11.251 46.251 38.252 54.252 72.253 70.253 70.254 70.254 70.253 70.253 70.253 70.252 70.251 71.251 60.250 47.249 51.248 57.247 0.000 0.000 0.000 0.000 0.000 0.000 0.000 0.000 0.000 0.000 0.000 0.000 5.282 0.000 0.000 35.277 54.277 0.000 0.000 0.000 0.000 0.000 0.000 0.000 0.000 44.945 65.927 68.909 68.894 68.882 68.870 68.860 68.850 68.841 68.831 68.822
70.286 31.265 0.000 0.000 0.000 66.971 71.963 77.955 73.949 62.946 12.945 0.000 46.948 16.948 0.000 0.000 0.000 0.000 0.000 0.000 38.250 42.251 63.251 71.252 72.252 73.252 70.252 70.252 70.252 70.251 70.251 70.250 70.249 71.248 50.248 32.247 41.246 2.244 0.000 0.000 0.000 0.000 0.000 0.000 0.000 0.000 0.000 0.000 0.000 0.000 0.000 0.000 24.277 57.277 0.000 0.000 0.000 0.000 0.000 0.000 0.000 0.000 0.000 45.904 65.881 68.868 68.858 68.848 68.839 68.831 68.822 68.814 68.805
65.321 22.309 0.000 0.000 41.964 39.964 56.960 75.955 72.951 57.949 38.947 42.948 46.948 12.948 0.000 0.000 0.000 0.000 9.247 0.000 39.249 50.250 70.250 70.250 73.251 73.251 70.251 70.251 70.250 70.250 70.249 70.249 70.248 71.247 67.246 62.245 51.244 31.243 25.242 0.000 0.000 0.000 0.000 0.000 0.000 0.000 0.000 0.000 0.000 0.000 0.000 0.000 26.277 18.277 0.000 0.000 0.000 0.000 0.000 0.000 0.000 0.000 0.000 0.000 50.844 66.839 68.832 68.826 68.819 68.811 68.804 68.796 68.787
71.348 52.341 24.348 0.000 0.000 41.960 41.957 63.954 75.951 53.950 40.949 45.948 23.948 0.000 0.000 0.000 0.000 0.000 38.247 31.247 36.248 53.249 72.249 72.249 73.250 70.250 70.250 70.250 70.249 70.249 70.248 70.248 70.247 70.246 70.245 72.244 61.243 49.242 38.241 39.239 32.239 23.238 28.238 0.000 0.000 0.000 0.000 0.000 0.000 0.000 0.000 0.000 29.277 4.277 0.000 0.000 0.000 0.000 0.000 0.000 0.000 0.000 0.000 0.000 35.813 63.811 67.807 68.803 68.798 68.792 68.786 68.779 68.770
74.368 65.361 18.354 0.000 0.000 0.000 40.955 45.953 72.951 60.950 41.949 44.949 19.948 0.000 0.000 0.000 0.000 0.000 41.246 34.247 37.247 55.248 74.248 73.249 71.249 71.249 70.249 70.249 70.249 70.248 70.248 71.247 71.246 71.245 65.244 56.243 60.242 67.241 60.240 58.239 46.238 33.238 40.238 0.000 0.000 0.000 0.000 0.000 0.000 0.000 0.000 0.000 0.000 0.000 0.000 0.000 0.000 0.000 0.000 0.000 0.000 0.000 0.000 0.000 27.784 58.784 68.783 70.782 70.779 70.774 69.769 68.762 68.754
74.384 49.379 0.000 0.000 0.000 0.000 0.000 47.951 60.951 54.950 53.949 50.949 40.948 18.948 0.000 0.000 0.000 0.000 40.246 33.246 38.247 53.247 65.247 62.248 57.248 59.249 64.249 69.248 71.248 71.248 69.247 59.246 57.246 62.245 51.243 48.242 48.241 59.240 63.239 58.239 44.238 33.238 5.237 0.000 0.000 0.000 0.000 0.000 0.000 0.000 0.000 0.000 0.000 0.000 0.000 0.000 0.000 0.000 0.000 0.000 0.000 0.000 0.000 0.000 15.756 40.759 46.761 48.761 48.760 49.758 58.754 67.748 68.739
73.395 39.392 0.000 0.000 0.000 0.000 0.000 42.951 36.950 35.950 43.949 43.949 43.948 39.948 12.948 0.000 0.000 0.000 45.246 40.246 45.246 55.246 58.247 61.247 19.248 0.000 0.000 10.248 71.248 68.247 57.246 12.246 0.000 0.000 50.242 82.241 75.240 54.239 60.239 54.238 43.237 28.237 31.237 0.000 0.000 0.000 0.000 0.000 0.000 0.000 0.000 0.000 0.000 0.000 0.000 0.000 0.000 0.000 11.672 1.672 19.672 40.677 51.686 50.700 68.724 76.734 77.739 75.742 77.743 64.743 47.741 65.735 68.726
71.404 36.401 0.000 0.000 0.000 0.000 0.000 42.950 38.950 17.950 0.000 0.000 0.000 0.000 0.000 0.000 0.000 0.000 51.245 45.245 40.245 36.245 22.246 0.000 0.000 0.000 0.000 0.000 0.000 0.000 44.246 6.245 0.000 0.000 0.000 45.239 78.239 38.238 39.238 38.237 34.237 37.237 84.236 43.236 0.000 0.000 0.000 0.000 0.000 0.000 0.000 0.000 0.000 0.000 0.000 0.000 10.634 1.635 0.000 0.000 5.668 87.673 83.681 65.692 66.705 63.714 64.721 86.725 79.728 65.730 45.731 54.727 53.717
57.410 38.408 32.409 0.000 0.000 0.000 0.000 0.000 40.950 24.950 0.000 0.000 0.000 0.000 0.000 0.000 0.000 0.000 51.245 51.245 52.245 35.245 10.245 0.000 0.000 0.000 0.000 0.000 0.000 0.000 40.245 17.245 0.000 0.000 0.000 44.239 93.238 57.238 60.237 55.237 40.236 58.236 112.236 109.236 40.236 0.000 0.000 0.000 0.000 0.000 0.000 0.000 0.000 0.000 0.000 0.000 0.631 18.636 8.641 6.648 15.658 90.665 57.673 65.681 56.690 37.698 48.704 91.709 57.714 44.718 51.725 5.726 0.000
41.413 41.411 27.411 0.000 0.000 0.000 0.000 0.000 0.000 0.000 0.000 0.000 0.000 0.000 0.000 0.000 0.000 0.000 54.244 45.244 39.244 37.244 11.245 0.000 0.000 0.000 0.000 0.000 0.000 37.244 30.244 55.244 51.244 0.000 3.238 50.238 56.238 48.237 91.237 80.236 51.236 4.236 68.236 123.236 7.236 0.000 0.000 0.000 0.000 0.000 0.000 0.000 17.936 14.942 9.952 0.368 69.623 107.633 98.639 94.645 41.652 85.658 53.663 42.670 89.677 70.683 90.689 71.695 41.700 49.705 0.000 0.000 0.000
44.415 45.413 37.412 0.000 0.000 0.000 0.000 0.000 0.000 0.000 0.000 0.000 0.000 0.000 0.000 0.000 0.000 0.000 8.244 49.244 39.244 17.244 0.000 0.000 0.000 0.000 0.000 0.000 0.000 39.244 36.244 12.244 0.000 0.000 0.000 24.238 3.238 0.000 4.236 46.235 2.235 0.000 24.236 90.236 45.235 0.000 0.000 0.000 0.000 0.000 0.000 0.000 0.000 0.000 0.000 0.000 25.628 5.633 69.638 73.642 24.646 85.650 62.654 35.659 53.664 103.669 117.674 51.680 39.687 6.695 0.000 0.000 15.562
43.416 44.414 44.413 48.413 40.412 0.000 0.000 0.000 0.000 0.000 0.000 0.000 0.000 0.000 0.000 0.000 0.000 0.000 0.000 39.243 35.243 19.243 0.000 0.000 0.000 0.000 0.000 0.000 40.243 37.244 14.244 0.000 0.000 0.000 0.000 0.000 0.000 0.000 0.000 50.233 0.000 0.000 24.235 0.000 0.000 0.000 0.000 0.000 0.000 0.000 0.000 0.000 0.000 0.000 0.000 0.000 0.000 0.000 45.638 64.639 23.641 87.642 67.644 37.647 86.650 89.655 84.660 92.665 56.671 0.000 0.000 0.000 29.552
45.416 23.414 34.413 43.413 43.412 43.412 42.412 0.000 0.000 0.000 0.000 0.000 0.000 0.000 0.000 0.000 0.000 0.000 0.000 41.243 37.243 21.243 0.000 0.000 0.000 0.000 0.000 0.000 0.000 43.243 15.243 0.000 0.000 0.000 0.000 0.000 0.000 2.230 14.230 37.231 41.230 18.230 0.000 0.000 0.000 0.000 0.000 0.000 0.000 0.000 0.000 0.000 0.000 0.000 0.000 0.000 0.000 0.000 48.636 68.636 28.635 88.633 73.633 87.634 87.637 46.640 39.644 84.650 33.660 0.000 0.000 30.527 38.536
50.415 0.000 0.000 40.412 29.412 0.000 42.411 32.411 0.000 0.000 0.000 0.000 0.000 0.000 0.000 0.000 0.000 0.000 0.000 40.242 37.242 25.242 0.000 0.000 0.000 0.000 0.000 0.000 0.000 0.000 0.000 0.000 0.000 0.000 0.000 0.000 0.000 0.000 53.230 70.230 31.229 0.000 0.000 0.000 0.000 0.000 0.000 0.000 0.000 0.000 0.000 0.000 0.000 0.000 0.000 0.000 0.000 0.000 83.635 69.634 30.631 88.624 85.621 77.621 69.622 55.624 56.628 25.631 0.000 0.000 14.514 33.519 40.524
47.414 0.000 0.000 27.412 19.412 0.000 0.000 0.000 0.000 51.391 47.390 38.390 0.000 0.000 0.000 0.000 0.000 0.000 0.000 44.242 40.242 22.242 0.000 0.000 0.000 0.000 0.000 0.000 0.000 0.000 0.000 0.000 0.000 0.000 0.000 0.000 0.000 0.000 16.229 100.229 66.229 0.000 0.000 0.000 0.000 0.000 0.000 0.000 0.000 0.000 0.000 0.000 0.000 0.000 0.000 0.000 0.000 0.000 15.635 0.000 0.000 62.609 103.607 82.605 81.606 79.608 82.611 30.615 0.000 0.000 18.509 32.511 33.513
63.411 0.000 0.000 0.000 0.000 49.397 36.396 0.000 47.392 41.391 41.390 33.390 0.000 0.000 0.000 0.000 0.000 0.000 0.000 44.242 39.242 27.242 0.000 0.000 0.000 0.000 0.000 0.000 0.000 0.000 0.000 0.000 0.000 0.000 0.000 0.000 0.000 0.000 0.000 44.229 36.228 7.228 0.000 0.000 0.000 0.000 0.000 0.000 0.000 0.000 0.000 0.000 0.000 0.000 0.000 0.000 0.000 0.000 0.000 0.000 0.000 9.598 45.591 46.589 44.589 44.590 41.593 37.604 0.000 0.000 11.502 32.503 30.503
74.408 63.405 45.403 46.401 45.400 39.398 40.396 41.394 39.392 44.391 43.390 34.390 31.390 0.000 0.000 0.000 0.000 0.000 0.000 31.242 0.000 0.000 0.000 0.000 0.000 0.000 0.000 0.000 0.000 0.000 0.000 0.000 0.000 0.000 0.000 0.000 0.000 0.000 0.000 0.000 43.228 6.228 0.000 0.000 0.000 0.000 0.000 0.000 0.000 0.000 0.000 0.000 0.000 0.000 0.000 0.000 0.000 0.000 0.000 0.000 0.000 0.570 33.571 32.570 32.570 48.569 43.568 0.000 0.000 0.000 4.495 45.495 57.494
74.406 68.405 38.403 38.401 38.400 21.398 22.396 26.394 36.392 45.391 42.390 34.390 37.389 26.389 0.000 0.000 0.000 0.000 0.000 0.000 0.000 0.000 0.000 0.000 0.000 0.000 0.000 0.000 0.000 0.000 0.000 0.000 0.000 0.000 0.000 0.000 0.000 0.000 0.000 0.000 0.226 46.227 5.227 0.000 0.000 0.000 0.000 0.000 0.000 0.000 0.000 0.000 0.000 0.000 0.000 0.000 0.000 0.000 0.000 0.000 25.536 28.541 32.550 32.553 34.552 53.549 43.543 26.528 0.000 0.000 40.489 61.488 68.485
74.405 72.404 42.403 39.402 19.401 0.000 0.000 0.000 0.000 36.390 39.390 37.389 30.389 0.000 0.000 0.000 0.000 0.000 0.000 0.000 0.000 0.000 0.000 0.000 0.000 0.000 0.000 0.000 0.000 0.000 0.000 0.000 0.000 0.000 0.000 0.000 0.000 0.000 0.000 0.000 0.000 49.227 11.227 0.000 0.000 0.000 0.000 0.000 0.000 0.000 0.000 0.000 0.000 0.000 0.000 0.000 0.000 0.000 0.000 0.000 36.531 33.533 32.537 28.538 41.536 58.532 42.525 31.514 26.499 26.490 50.485 67.481 68.477
74.403 72.403 25.403 29.402 0.000 0.000 0.000 0.000 0.000 0.000 27.389 40.389 32.388 0.000 0.000 0.000 0.000 0.000 0.000 0.000 0.000 0.000 0.000 0.000 0.000 0.000 0.000 0.000 0.000 0.000 0.000 0.000 0.000 0.000 0.000 0.000 0.000 0.000 0.000 0.000 0.000 0.000 17.227 0.000 0.000 0.000 0.000 0.000 0.000 0.000 0.000 0.000 5.509 13.509 0.000 0.000 0.000 0.000 0.000 30.519 28.523 27.525 32.526 46.525 59.523 49.518 33.512 31.503 33.494 30.486 51.480 69.474 68.469
74.402 48.403 0.000 0.000 0.000 0.000 0.000 0.000 0.000 0.000 0.000 30.388 37.388 35.387 0.000 0.000 0.000 0.000 0.000 0.000 0.000 0.000 0.000 0.000 0.000 0.000 0.000 0.000 0.000 0.000 0.000 0.000 0.000 0.000 0.000 0.000 0.000 0.000 0.000 0.000 0.000 0.000 0.000 0.000 0.000 0.000 0.000 0.000 0.000 0.000 0.000 0.000 0.000 6.509 8.510 0.000 35.511 27.512 25.513 37.515 51.517 56.517 58.517 58.515 44.511 32.507 31.501 31.494 30.487 32.480 55.473 70.468 68.462
