results1/res_4e8_norain-0012.wd
ncols         241
nrows         181
xllcorner     12693529.787448
yllcorner     3542525.717860
cellsize      155.156523
NODATA_value  -9999.000000
[rows 136 to 169 of 181, columns 0 to 74 of 241]
3.555 3.555 3.556 3.557 3.562 3.577 3.564 2.561 2.563 5.567 11.575 10.587 6.607 2.636 2.677 2.731 3.809 3.876 3.937 3.992 3.060 2.144 4.224 10.303 17.382 26.459 34.532 30.599 19.659 7.710 3.750 8.778 16.794 0.000 0.000 0.000 0.000 0.000 0.000 17.206 0.000 0.000 8.824 40.870 42.897 21.922 24.953 23.990 12.005 0.999 0.000 0.000 0.000 0.000 0.000 0.000 0.000 0.000 0.000 0.000 0.000 0.000 56.179 62.097 58.061 59.196 57.150 88.957 88.817 88.669 55.833 58.583 60.419 62.073 12.043
3.636 3.637 3.639 3.641 3.646 3.652 3.651 3.651 3.653 3.656 2.661 2.669 2.684 3.712 3.756 3.815 3.884 3.950 4.011 4.070 4.140 4.213 4.284 3.354 2.422 3.489 7.552 5.611 4.664 8.711 11.750 10.782 8.810 10.844 10.870 7.891 7.906 11.913 0.000 0.000 0.000 0.000 26.780 40.803 20.829 13.858 12.904 0.000 0.000 0.000 0.000 0.000 0.000 0.000 0.000 0.000 0.000 3.905 18.885 0.000 2.547 65.437 72.357 70.399 68.360 69.423 89.218 89.090 70.153 76.924 69.755 75.499 67.266 46.205 0.000
3.717 3.718 3.721 3.725 3.729 3.735 3.738 3.740 3.742 3.744 3.745 3.746 3.748 3.772 3.820 3.890 3.963 4.031 4.088 3.137 10.219 12.285 4.346 3.406 2.465 3.522 5.577 8.629 11.677 10.720 5.758 6.792 13.822 16.852 12.877 6.898 3.914 12.922 0.000 0.000 0.000 21.713 30.715 17.734 9.759 29.778 0.000 0.000 0.000 0.000 0.000 0.000 0.000 0.000 0.000 0.000 13.973 55.926 84.867 45.764 78.591 86.724 83.652 82.719 89.579 89.463 89.343 82.275 84.129 83.813 82.666 81.611 0.000 0.000 0.000
3.798 3.799 3.802 3.807 3.813 3.820 3.825 3.830 3.833 3.833 6.830 6.820 4.792 8.809 6.864 3.963 4.047 4.122 3.174 1.252 12.314 20.361 6.411 3.461 5.510 8.558 10.606 9.652 6.695 8.735 13.772 15.805 16.836 16.864 11.890 5.913 14.930 33.940 0.000 0.000 0.000 0.000 18.635 15.661 19.698 39.720 0.000 0.000 0.000 0.000 0.000 0.000 0.000 0.000 0.000 12.080 64.024 79.957 82.869 87.837 84.966 81.938 89.898 89.796 89.690 81.639 82.400 83.249 82.914 82.874 75.799 52.705 0.000 0.000 0.000
3.877 3.879 3.883 3.889 3.898 3.907 3.915 3.922 3.926 4.927 11.922 11.913 0.000 0.000 0.000 8.053 2.180 5.238 11.285 14.352 14.391 10.434 6.477 7.519 10.558 9.596 8.639 10.679 14.718 14.755 16.790 15.822 6.853 1.881 3.908 16.933 35.955 45.969 0.000 0.000 0.000 0.000 26.530 28.580 35.654 34.686 0.000 0.000 0.000 0.000 0.000 0.000 0.000 0.000 16.201 60.145 82.053 85.052 84.120 84.103 83.174 90.094 89.997 81.897 82.668 83.500 83.267 83.105 83.049 74.973 66.927 0.000 0.000 0.000 0.000
3.955 3.957 3.962 3.970 3.982 3.995 4.007 4.017 4.024 6.028 15.019 25.998 1.998 0.000 0.000 0.000 19.365 11.367 9.378 9.416 7.466 6.508 8.546 10.579 8.607 4.629 6.675 18.709 20.743 10.778 4.811 1.843 1.873 6.901 20.929 36.958 33.987 18.015 0.000 0.000 0.000 0.000 26.377 8.478 0.000 0.000 0.000 0.000 0.000 0.000 0.000 0.000 0.000 9.330 60.265 82.161 84.338 83.318 83.414 90.378 90.285 90.191 81.986 83.828 83.515 83.366 83.293 83.206 77.121 64.050 54.010 0.000 0.000 0.000 0.000
4.032 4.033 4.038 4.049 4.065 4.084 4.102 4.116 4.126 6.140 16.130 3.064 0.000 0.000 0.000 0.000 15.489 7.486 9.444 8.469 6.548 9.589 10.620 7.645 4.664 0.696 10.723 24.740 11.768 1.803 2.836 7.866 17.895 28.923 39.951 32.982 11.023 6.088 25.223 32.379 33.626 37.875 13.125 0.000 0.000 0.000 0.000 0.000 0.000 0.000 0.000 0.000 14.452 60.373 82.369 84.537 83.553 90.640 90.555 90.468 82.313 83.073 83.921 83.589 83.546 83.464 83.374 84.274 72.188 43.097 32.053 0.000 0.000 0.000 0.000
3.109 3.105 4.109 4.123 4.147 4.175 4.201 4.219 4.226 7.277 17.297 0.000 0.000 0.000 0.000 0.000 4.615 6.647 0.000 0.000 14.670 9.679 5.700 4.718 2.735 4.761 20.762 23.763 5.787 8.831 20.863 29.892 38.920 36.945 24.970 10.999 4.036 20.094 24.202 12.290 0.000 0.000 0.000 0.000 0.000 0.000 0.000 0.000 0.000 0.000 0.000 8.555 60.562 83.648 84.660 82.761 90.806 90.724 82.538 83.309 84.143 83.914 83.757 83.701 83.619 83.546 86.463 50.332 30.260 0.000 0.000 0.000 0.000 0.000 0.000
12.190 10.172 7.169 5.189 2.234 2.294 2.342 2.378 1.420 6.448 18.485 1.635 0.000 0.000 8.947 4.931 1.862 7.839 2.901 0.000 9.785 3.757 2.785 2.794 4.796 18.800 26.800 0.000 0.000 34.873 39.895 34.922 23.947 13.968 5.988 2.007 13.030 25.052 0.000 0.000 0.000 0.000 0.000 0.000 0.000 0.000 0.000 0.000 0.000 0.000 0.000 40.811 82.847 81.966 91.055 90.973 90.890 82.607 84.444 84.135 83.989 83.921 85.840 80.756 82.692 83.640 94.602 0.000 0.000 0.000 0.000 0.000 0.000 0.000 0.000
13.289 15.224 21.208 22.231 22.296 19.424 20.487 19.534 18.588 18.601 20.650 3.756 7.870 6.937 3.965 6.969 6.958 5.947 10.965 12.977 6.928 0.913 2.890 4.878 18.857 23.842 12.841 6.862 15.880 38.895 21.921 12.955 4.979 2.995 5.005 4.014 18.025 27.034 0.000 0.000 0.000 0.000 0.000 0.000 0.000 0.000 0.000 0.000 0.000 0.000 19.036 61.093 91.295 91.216 91.137 82.910 83.672 84.520 84.191 84.148 85.067 84.981 57.894 35.801 70.753 84.719 89.705 29.735 0.000 0.000 0.000 0.000 0.000 0.000 0.000
6.454 0.364 0.000 0.000 0.000 11.597 8.624 8.655 8.691 12.719 21.759 2.811 3.918 2.977 6.008 10.022 11.026 9.027 8.035 11.038 12.029 9.039 3.001 19.972 25.911 16.871 22.860 39.867 36.884 18.907 6.941 2.998 5.021 5.029 4.026 9.021 25.023 27.025 19.019 22.014 0.000 0.000 0.000 0.000 0.000 0.000 0.000 0.000 0.000 14.091 62.234 91.451 91.374 83.121 83.887 84.723 84.500 84.347 84.291 85.204 83.123 77.041 1.985 0.000 52.799 87.778 84.764 83.766 0.000 0.000 0.000 0.000 0.000 0.000 0.000
4.625 0.000 0.000 0.000 0.000 7.745 3.757 3.774 3.801 7.828 21.855 0.003 4.016 8.044 10.069 11.086 8.096 5.103 3.109 5.113 15.113 28.114 23.105 24.099 1.105 0.000 46.861 32.864 0.000 0.000 0.000 8.075 5.079 5.075 7.050 0.001 0.000 0.000 0.000 26.010 2.009 0.000 0.000 0.000 0.000 0.000 0.000 2.191 2.209 40.277 91.572 82.379 86.077 84.931 84.710 84.562 84.498 84.422 85.339 85.262 50.182 26.073 11.997 14.939 65.868 86.830 82.809 73.800 0.000 0.000 0.000 0.000 0.000 0.000 0.000
4.797 4.884 0.000 0.000 0.000 8.882 4.884 4.883 3.911 4.938 19.980 7.060 10.086 12.115 11.139 6.158 3.171 4.180 4.187 3.192 13.196 36.200 32.205 19.219 12.257 3.256 0.000 0.000 0.000 0.000 0.000 10.148 5.146 7.143 0.000 0.000 0.000 0.000 0.000 5.009 0.000 0.000 0.000 0.000 0.000 0.000 0.000 0.000 0.000 39.622 91.721 85.267 84.978 84.764 84.709 84.632 84.550 84.470 82.393 73.322 6.270 0.000 22.990 81.954 86.906 84.867 78.840 68.827 0.000 0.000 0.000 0.000 0.000 0.000 0.000
1.962 3.972 0.970 0.000 0.000 9.018 4.017 2.020 4.021 8.035 12.066 11.115 11.156 9.190 3.217 4.236 4.250 5.259 5.267 10.273 28.280 27.287 20.298 29.314 27.336 0.000 0.000 0.000 0.000 0.000 0.000 10.225 5.215 8.210 0.000 0.000 0.000 1.439 21.437 0.000 0.000 0.000 0.000 0.000 0.000 0.000 0.000 0.000 0.000 92.145 91.934 84.196 84.979 84.838 84.762 84.680 84.600 86.520 71.440 54.363 14.308 0.000 38.021 67.982 76.934 85.891 74.860 63.841 0.000 0.000 0.000 0.000 0.000 0.000 0.000
9.069 7.072 0.000 0.000 0.000 3.155 5.145 9.140 10.119 11.116 9.135 10.178 8.234 4.274 4.302 5.321 5.333 4.342 6.349 29.356 28.363 10.372 23.386 21.406 25.437 23.494 0.000 0.000 0.000 0.000 0.000 6.313 5.282 5.272 0.375 0.000 9.448 8.441 2.437 24.435 0.000 0.000 0.000 0.000 0.000 0.000 0.000 19.493 43.782 92.293 86.620 86.265 85.960 84.899 84.813 84.730 85.649 83.569 38.487 15.381 27.293 28.199 82.091 84.019 63.958 73.906 68.866 41.838 6.821 0.000 0.000 0.000 0.000 0.000 0.000
10.144 11.175 8.254 0.000 10.370 10.303 10.270 11.242 11.199 12.178 24.180 6.228 4.328 4.372 5.397 5.412 5.422 6.428 20.433 31.438 6.445 10.454 37.468 29.487 17.514 20.551 23.593 7.605 12.594 27.563 20.511 8.434 1.419 1.424 12.457 28.464 15.456 0.000 0.000 14.433 3.432 0.000 0.000 0.000 0.000 0.000 0.000 34.650 86.921 92.392 83.585 86.161 87.039 84.951 84.865 84.780 77.697 67.620 24.559 0.000 4.285 5.214 66.126 108.045 88.973 64.911 56.861 35.824 44.805 0.000 0.000 0.000 0.000 0.000 0.000
15.187 15.232 11.334 11.428 11.438 12.418 12.391 8.358 5.258 4.218 0.000 0.000 8.477 5.491 5.503 5.510 4.514 7.516 31.518 17.520 2.525 8.533 25.546 42.562 37.582 34.604 32.624 28.628 24.616 23.585 31.536 28.491 22.478 18.477 21.479 25.481 0.000 0.000 0.000 0.000 0.000 0.000 0.000 0.000 0.000 0.000 0.000 33.870 92.594 92.492 86.491 88.254 85.091 85.006 85.916 81.828 65.741 58.656 64.571 70.471 54.348 76.249 91.153 108.063 116.980 100.905 62.842 67.795 42.769 0.000 0.000 0.000 0.000 0.000 0.000
0.000 0.000 15.422 10.512 10.538 5.541 2.545 4.542 0.000 0.000 0.000 0.000 9.614 5.614 5.614 5.612 5.609 23.606 30.602 3.601 5.603 5.609 8.620 14.634 16.648 16.662 12.671 15.670 31.657 24.626 15.559 18.516 25.499 29.504 32.502 29.501 4.505 0.000 0.000 0.000 0.000 0.000 0.000 0.000 0.000 0.000 4.132 64.096 92.698 83.923 87.539 87.226 85.154 85.059 85.967 80.875 67.784 33.693 40.598 83.496 94.386 126.280 117.177 89.075 76.978 93.888 72.808 66.746 41.709 0.000 0.000 0.000 0.000 0.000 3.283
0.000 0.000 0.000 19.659 4.663 2.662 4.689 4.725 5.811 0.000 0.000 0.000 6.750 5.738 5.727 5.717 7.706 31.696 16.686 2.679 5.676 5.681 5.693 4.706 4.717 4.725 3.728 10.725 39.716 18.704 0.000 0.000 0.000 20.539 30.526 14.517 19.510 6.510 0.000 0.000 0.000 0.000 0.000 0.000 0.000 0.000 22.156 92.919 92.806 86.786 88.446 84.301 85.207 85.111 85.017 84.923 71.829 34.733 49.634 86.530 82.421 116.310 111.198 80.085 84.971 70.860 51.758 69.671 47.612 0.000 0.000 0.000 0.000 0.000 2.284
4.260 0.245 0.000 11.803 21.793 22.758 3.818 15.857 22.897 0.000 0.000 6.976 5.899 5.863 5.840 5.822 24.804 28.786 3.768 5.753 4.744 3.747 5.766 5.780 5.789 5.793 4.792 12.787 41.779 22.772 0.000 0.000 0.000 17.587 30.548 9.532 0.000 0.000 0.000 0.000 0.000 0.000 0.000 0.000 0.000 1.131 63.304 93.035 84.135 87.744 87.437 85.360 85.260 85.164 85.068 85.972 76.876 65.777 88.675 113.569 101.458 118.343 115.222 109.095 115.962 81.825 58.692 68.570 76.458 5.327 0.000 0.000 0.000 0.000 3.286
6.261 5.255 0.178 5.959 4.950 0.000 26.968 18.989 6.025 7.091 7.099 6.054 6.009 5.976 5.950 8.927 31.904 14.877 4.848 5.821 11.801 19.797 5.845 3.862 5.868 4.867 7.862 31.853 39.842 14.834 2.840 0.000 12.712 11.674 0.000 0.000 0.000 0.000 0.000 0.000 0.000 0.000 0.000 0.000 4.119 61.259 83.456 93.154 85.078 85.641 85.510 85.411 85.314 85.217 85.120 86.023 76.925 59.825 55.722 88.614 78.501 92.381 95.253 83.112 84.956 56.787 33.616 47.461 114.323 67.197 2.057 0.000 13.352 34.316 71.291
6.270 6.252 6.207 6.122 6.099 0.151 16.099 32.107 8.125 5.149 6.153 6.133 6.107 6.081 5.058 28.034 30.007 3.972 5.928 6.884 3.842 0.000 24.954 19.956 6.953 4.946 22.936 41.922 25.905 5.881 5.848 6.804 9.752 13.724 0.000 0.000 0.000 0.000 0.000 0.000 0.000 0.000 0.000 0.000 27.228 84.433 93.404 93.277 84.984 85.729 85.559 85.466 85.367 85.270 85.173 84.075 68.977 70.876 90.773 109.665 108.551 113.430 118.296 105.145 102.966 89.750 38.526 36.335 112.176 76.039 13.884 6.636 71.388 104.307 123.280
6.299 6.276 6.249 6.226 6.224 6.255 6.221 17.215 32.221 8.229 5.230 6.220 6.204 4.186 12.167 33.146 13.118 5.076 7.009 4.946 0.000 0.000 13.063 14.056 20.044 19.030 27.014 25.996 6.974 4.940 6.866 9.812 14.768 14.748 0.000 0.000 0.000 0.000 0.000 0.000 0.000 0.000 0.000 0.000 35.452 89.700 93.536 84.434 86.016 85.699 85.621 85.518 85.420 85.323 85.226 85.130 71.032 66.932 87.829 88.723 88.611 91.491 91.358 90.206 95.014 67.722 43.403 58.179 73.008 11.898 0.000 0.000 15.259 41.246 63.248
6.351 8.304 8.287 6.309 6.316 6.324 6.316 6.313 17.314 32.318 8.319 3.314 3.305 20.294 32.280 26.265 3.243 6.207 2.114 0.000 0.000 0.000 6.180 6.161 12.139 29.117 29.095 22.074 15.055 7.041 0.000 0.000 28.760 8.753 0.000 0.000 0.000 0.000 0.000 0.000 0.000 0.000 0.000 0.000 8.775 93.820 93.674 85.287 85.924 85.772 85.671 85.571 85.473 85.377 85.281 86.185 81.089 70.991 65.891 64.787 64.679 64.564 64.441 68.307 42.162 0.000 11.186 66.970 62.781 23.648 0.000 0.000 14.143 60.170 38.208
7.451 0.000 0.000 6.408 5.409 4.410 4.407 3.406 3.407 16.411 31.413 24.413 31.409 33.404 20.397 4.390 11.384 11.381 0.000 0.000 0.000 10.392 6.316 8.271 32.236 39.204 17.175 8.151 15.134 22.128 10.148 0.000 0.000 6.752 0.000 0.000 0.000 0.000 0.000 0.000 0.000 0.000 0.000 0.000 1.329 93.972 90.668 86.228 85.913 85.826 85.721 85.622 85.525 85.430 85.337 85.243 86.149 85.053 82.956 81.856 81.753 82.647 84.537 58.419 0.324 0.000 0.000 51.734 82.499 73.266 45.981 21.906 39.001 42.085 0.113
6.552 5.584 0.000 5.507 16.503 20.501 24.498 29.497 32.498 33.506 33.512 33.516 19.517 6.516 22.514 39.515 40.524 40.553 33.643 11.676 0.000 7.469 5.422 14.374 42.329 29.288 6.252 5.222 7.201 10.192 1.196 0.000 0.000 0.000 0.000 0.000 0.000 0.000 0.000 0.000 0.000 0.000 0.000 0.000 0.000 94.091 94.607 90.123 85.978 85.871 85.769 85.671 85.577 85.484 85.392 85.301 85.210 85.118 85.025 84.930 85.832 88.734 60.642 0.000 0.000 0.000 0.000 0.000 52.217 82.936 73.772 49.738 26.869 0.000 0.000
6.623 8.616 4.643 6.610 21.598 20.592 16.589 12.586 11.585 7.602 28.615 18.623 29.627 20.629 36.630 32.634 25.644 26.666 37.700 43.710 32.685 33.595 25.530 33.473 41.420 14.369 5.323 6.285 6.258 5.245 5.251 7.260 2.262 0.000 0.000 0.000 0.000 0.000 0.000 0.000 0.000 0.000 65.608 62.928 94.184 94.148 88.484 89.192 86.013 85.914 85.814 85.718 85.626 85.537 85.448 85.361 85.273 85.185 85.096 87.006 91.913 60.816 0.739 0.000 0.000 0.000 0.000 0.000 0.000 43.490 78.435 28.407 0.000 0.000 0.000
8.700 0.000 3.705 6.693 6.686 6.683 5.680 6.674 8.654 6.703 18.724 13.735 22.741 33.744 21.745 6.746 7.753 8.767 9.782 14.781 27.753 37.694 43.632 41.570 30.508 6.447 6.388 6.338 6.302 6.281 7.272 30.268 3.266 0.000 0.000 0.000 0.000 0.000 0.000 0.000 0.000 0.000 85.767 88.084 94.203 86.900 86.457 86.138 86.054 85.951 85.855 85.763 85.674 85.588 85.504 85.421 85.338 85.254 87.170 72.084 25.998 0.000 0.000 0.000 0.000 0.000 0.000 0.000 0.000 14.100 76.071 28.048 0.000 0.000 0.000
9.779 0.000 3.778 6.774 6.771 6.773 6.776 7.778 0.000 5.834 9.843 20.853 20.859 28.862 33.859 19.855 4.856 4.867 4.882 6.879 8.851 9.799 10.735 10.667 9.597 8.524 4.443 4.379 5.333 6.305 17.289 31.275 2.268 0.000 0.000 0.000 0.000 0.000 0.000 0.000 0.000 1.795 84.921 94.222 94.211 85.707 86.334 86.181 86.081 85.985 85.893 85.805 85.721 85.639 85.560 85.482 85.404 85.324 90.245 46.164 0.000 0.000 0.000 0.000 0.000 0.000 0.000 0.000 0.000 16.741 76.703 35.667 0.000 0.000 0.000
6.858 5.879 6.858 6.852 6.854 6.862 6.873 8.885 0.000 4.955 4.964 26.975 39.983 22.985 8.976 23.960 32.949 24.965 14.000 4.004 4.973 4.916 6.843 6.767 6.691 15.608 28.484 27.402 15.345 9.319 26.307 0.000 11.264 7.261 3.260 0.000 0.000 0.000 0.000 0.000 0.000 66.787 87.086 94.235 85.025 87.595 91.287 86.205 86.106 86.014 85.927 85.844 85.765 85.689 85.615 85.543 85.471 87.396 63.322 0.000 0.000 0.000 0.000 0.000 0.000 0.000 0.000 0.000 0.000 13.420 76.333 58.252 0.000 0.000 0.000
6.918 6.923 6.921 6.924 6.933 6.948 6.971 7.006 5.072 13.070 28.083 43.100 39.115 8.119 7.103 7.059 11.017 22.044 28.151 33.164 24.124 14.049 3.957 4.868 5.794 5.733 0.000 0.000 16.328 26.319 26.313 0.000 0.000 24.260 0.000 0.000 0.000 0.000 0.000 0.000 8.773 82.957 86.245 94.251 85.912 87.453 88.317 86.219 86.126 86.039 85.957 85.880 85.806 85.736 85.669 85.606 88.542 67.466 0.401 0.000 0.000 0.000 0.000 0.000 0.000 0.000 0.000 0.000 0.000 11.188 72.957 72.757 40.440 0.000 0.000
42.972 42.976 39.981 26.991 18.006 10.028 7.058 9.096 28.140 42.170 44.199 32.230 12.257 7.274 7.258 10.158 0.000 0.000 8.399 9.376 19.311 28.201 33.066 23.957 12.882 1.852 0.000 0.000 9.320 33.317 7.314 0.000 0.000 0.000 0.000 0.000 0.000 0.000 0.000 0.000 18.847 83.106 94.290 94.269 85.762 86.489 86.318 86.230 86.142 86.060 85.984 85.912 85.845 85.781 85.722 88.668 69.627 0.000 0.000 0.000 0.000 0.000 0.000 0.000 0.000 0.000 0.000 19.969 0.000 0.000 37.552 77.380 56.124 28.783 25.545
29.024 29.029 35.038 42.053 43.074 43.102 41.137 43.179 44.226 32.270 17.315 8.363 7.412 7.461 8.500 0.000 0.000 0.000 5.669 14.633 7.544 8.378 12.152 23.012 32.927 33.889 0.000 0.000 26.318 27.316 4.313 0.000 0.000 0.000 0.000 0.000 0.000 0.000 0.000 0.000 20.986 84.336 94.315 87.154 88.718 88.401 88.326 88.234 88.152 88.076 88.006 87.941 87.880 87.823 89.769 73.718 5.673 0.000 0.000 0.000 0.000 0.000 0.000 0.000 0.000 9.919 56.942 65.970 46.990 0.000 5.320 77.090 63.893 42.682 43.500
7.072 7.078 6.090 13.109 36.135 43.169 37.211 27.260 16.314 8.370 7.430 7.496 7.570 7.658 7.781 6.010 10.130 0.000 6.976 5.945 3.855 4.616 0.000 0.000 0.000 0.000 0.000 0.000 0.000 0.000 10.311 19.310 0.000 0.000 0.000 0.000 0.000 0.000 0.000 0.000 60.103 94.374 94.342 66.931 63.558 63.406 63.315 63.231 64.156 64.088 64.025 63.967 63.913 65.861 56.812 3.765 0.000 0.000 0.000 0.000 0.000 0.000 0.000 0.000 54.874 47.897 49.940 81.982 78.011 34.037 0.000 65.766 66.677 43.554 40.428
