results1/res_4e8f-0232.wd
ncols         241
nrows         181
xllcorner     12693529.787448
yllcorner     3542525.717860
cellsize      155.156523
NODATA_value  -9999.000000
[rows 99 to 131 of 181, columns 73 to 145 of 241]
60.091 60.067 60.041 59.015 58.987 63.959 66.930 63.903 59.882 59.873 53.874 9.880 0.000 0.000 0.000 0.000 0.000 15.057 73.024 97.979 95.971 95.127 101.793 101.722 94.819 95.514 95.360 95.249 96.142 96.040 94.948 98.871 57.816 0.000 0.000 0.000 0.000 0.000 0.000 35.352 61.275 73.172 41.043 22.840 52.745 55.658 53.561 57.439 54.260 52.012 21.707 46.469 50.342 65.256 71.193 74.146 72.112 67.088 60.073 55.066 50.064 28.062 0.000 0.000 0.000 0.000 22.405 40.405 52.405 76.405 77.405 77.405 77.405
60.142 60.119 59.094 57.068 61.039 66.009 66.975 66.937 60.909 57.893 62.887 62.886 23.887 0.000 17.687 47.635 24.522 4.323 61.228 101.106 96.356 96.371 101.853 94.132 95.919 95.571 95.482 95.368 95.259 95.154 97.061 95.985 31.936 0.000 0.000 0.000 0.000 0.000 3.662 39.534 45.437 56.349 5.280 0.000 47.863 55.802 54.710 58.585 58.413 29.213 0.000 41.372 55.315 60.251 81.200 82.160 82.130 83.108 84.094 82.086 63.082 1.084 1.094 2.098 0.000 0.000 0.000 39.405 52.405 76.405 77.405 77.405 77.405
60.194 59.173 59.149 62.123 65.093 66.061 41.024 4.961 33.924 69.904 42.895 16.890 8.889 0.000 28.739 78.695 75.609 67.494 86.374 97.524 94.511 101.935 95.414 96.218 95.784 95.717 95.598 95.486 95.371 96.257 94.156 82.073 29.006 1.966 0.000 0.000 0.000 3.893 42.790 49.685 47.590 48.507 21.448 0.000 54.041 71.978 64.891 59.778 34.596 0.000 1.333 24.333 14.294 54.234 79.194 83.164 81.140 81.121 81.108 83.100 56.097 50.098 50.099 56.099 0.000 0.000 0.000 16.405 51.405 76.405 77.405 77.405 77.405
59.249 58.230 63.207 66.180 66.150 66.120 31.097 0.000 0.913 12.903 3.899 0.000 0.000 0.000 21.836 84.796 90.726 98.639 98.598 95.722 102.274 102.065 95.381 96.089 95.939 95.829 95.718 95.604 95.482 101.346 51.232 19.145 3.050 0.591 7.601 10.511 0.000 33.997 51.920 47.826 47.731 46.641 52.557 18.469 47.283 73.178 72.098 70.040 0.000 0.000 44.333 0.333 0.000 52.197 81.180 85.161 82.143 81.129 79.118 68.110 49.106 45.104 46.103 30.101 0.000 0.000 0.000 0.000 47.405 76.405 77.405 77.405 73.405
58.307 64.291 66.268 66.241 64.208 70.170 40.148 0.000 0.000 0.000 0.000 0.000 0.000 0.000 32.974 90.927 93.866 97.743 96.979 96.991 102.461 94.767 96.472 96.146 96.058 95.948 95.840 99.731 105.608 60.412 29.282 4.224 0.000 0.000 0.000 7.420 35.329 58.176 52.069 44.967 49.867 53.769 50.671 48.567 62.445 66.351 56.283 64.245 0.000 0.000 12.333 0.000 0.000 58.177 82.169 87.157 86.144 82.133 77.124 46.117 44.113 45.110 52.108 0.000 0.000 0.000 0.000 41.405 45.405 74.405 77.405 77.404 71.404
65.371 66.356 66.335 65.307 43.269 9.205 28.177 30.177 0.000 0.000 0.000 0.000 0.000 24.276 77.158 91.080 93.984 96.142 97.152 102.790 102.632 95.742 96.443 96.281 96.173 96.066 99.964 61.873 21.805 0.000 39.261 25.245 0.000 0.000 0.000 0.000 43.392 77.309 68.211 63.107 58.002 58.896 56.789 57.683 70.580 64.496 48.439 50.412 0.000 0.000 0.000 0.000 0.000 58.165 86.160 51.153 49.144 81.134 84.128 54.122 45.118 50.114 20.111 0.000 0.000 0.000 0.000 14.405 41.404 59.404 75.404 78.404 71.404
66.440 66.430 62.410 66.381 48.358 0.000 19.177 49.177 0.000 0.000 0.000 0.000 14.491 76.395 90.302 96.223 96.193 96.335 103.073 102.936 95.071 96.845 96.493 96.403 96.287 96.178 100.076 71.992 3.935 0.000 9.256 12.251 0.000 0.000 0.000 0.000 30.537 62.459 67.358 77.249 73.137 61.023 63.908 72.796 67.695 55.616 47.565 48.551 22.597 23.608 0.000 0.000 0.000 56.157 90.155 4.152 0.000 30.133 77.130 67.126 48.123 27.118 0.000 0.000 0.000 0.000 0.000 0.000 14.404 38.404 64.404 74.404 67.404
64.517 61.513 60.492 76.450 55.424 0.000 18.177 46.177 0.000 0.000 0.000 8.659 72.586 85.510 95.439 98.318 97.563 95.593 103.200 94.380 96.154 92.712 94.638 96.515 96.399 97.282 91.170 81.083 29.009 0.000 0.000 0.000 0.000 0.000 0.000 17.938 52.761 57.631 57.512 59.394 68.275 71.152 74.024 67.898 54.789 48.707 47.654 46.631 50.631 35.620 0.000 0.000 0.000 45.152 82.150 48.147 37.141 29.136 72.132 78.129 58.128 0.000 0.000 9.133 0.000 0.000 0.000 0.000 0.000 33.404 57.404 62.404 49.404
58.603 67.613 63.596 4.503 5.463 0.000 9.177 9.177 0.000 0.000 0.000 9.731 88.686 90.628 98.539 97.705 96.726 103.425 103.317 96.339 96.026 95.866 95.748 94.630 95.510 97.384 54.238 5.160 0.000 0.000 0.000 0.000 0.000 21.471 38.338 53.115 63.938 60.793 59.664 56.541 57.417 60.284 72.138 72.983 64.855 53.769 46.715 46.687 48.677 0.000 0.000 0.000 0.000 30.149 72.147 50.145 46.141 46.137 78.134 81.132 64.131 27.132 17.133 60.133 0.000 0.000 0.000 0.000 0.000 36.404 60.404 55.404 41.404
59.699 69.741 56.774 0.000 0.000 0.000 6.177 18.177 2.177 0.000 0.974 75.848 85.802 97.744 97.739 96.882 103.618 103.525 95.651 97.425 97.076 96.983 96.864 96.745 98.626 48.505 0.000 0.000 0.000 0.000 0.000 10.929 36.807 53.603 66.429 62.246 61.083 60.939 60.811 61.689 59.567 58.431 32.262 51.041 75.879 57.798 45.750 48.723 46.713 34.720 0.000 0.000 0.000 31.147 64.145 42.144 0.000 0.000 34.134 71.133 60.133 69.133 76.133 35.133 0.000 0.000 0.000 0.000 0.000 11.404 51.404 49.404 42.404
57.792 61.877 60.987 37.151 0.000 0.000 0.000 4.177 7.177 0.000 29.067 88.987 95.928 97.850 98.010 96.132 103.703 95.938 97.720 97.285 97.216 97.096 97.980 98.862 60.744 0.000 0.000 0.000 0.000 0.000 13.209 56.051 66.889 62.705 61.528 61.359 61.206 61.071 60.950 60.838 60.730 69.610 8.436 0.000 43.824 52.792 44.764 53.744 53.733 35.727 0.000 0.000 0.000 0.000 48.143 85.142 53.140 0.000 27.134 72.134 66.134 57.134 57.134 0.000 0.000 0.000 0.000 0.000 0.000 0.000 30.404 41.404 42.404
69.865 7.987 64.145 62.316 51.516 10.636 0.840 0.000 0.000 20.240 79.171 93.105 99.047 98.033 97.187 103.849 103.780 96.887 97.585 97.434 97.323 98.213 100.097 60.980 0.000 0.000 0.000 0.000 11.700 42.580 53.366 65.179 61.992 61.800 58.619 58.456 58.313 59.188 61.079 60.985 63.904 40.845 0.000 0.000 23.799 48.785 47.768 65.756 61.749 0.000 0.000 0.000 0.000 0.000 32.141 77.140 89.139 46.137 72.136 86.135 78.134 54.134 47.134 19.134 0.000 0.000 0.000 0.000 0.000 0.000 36.404 42.404 46.404
51.906 5.061 66.291 56.450 63.596 55.733 16.968 4.226 13.317 80.309 89.269 99.228 98.116 98.383 96.411 103.909 96.175 97.967 97.628 97.544 98.436 99.335 53.216 0.000 0.000 0.000 0.000 3.953 54.820 65.675 63.496 62.306 64.099 63.885 69.694 74.532 69.400 62.290 56.195 60.117 66.056 24.020 0.000 0.000 19.789 51.779 52.769 74.762 62.758 0.000 0.000 0.000 0.000 0.000 20.139 72.139 81.138 86.137 82.136 82.135 86.135 70.135 49.134 50.134 19.134 12.135 0.000 0.000 0.000 38.404 43.404 41.404 46.404
0.000 0.000 34.507 85.599 48.683 0.000 0.000 18.393 78.415 83.408 97.387 98.296 98.577 96.508 103.993 96.432 98.241 97.818 97.760 98.650 95.545 50.475 0.000 0.000 0.000 0.000 10.222 57.087 64.950 62.805 62.639 66.449 41.214 19.946 22.739 39.577 65.467 67.375 68.296 60.231 61.184 22.159 0.000 0.000 0.000 32.772 50.768 57.764 56.762 5.763 0.000 0.000 0.000 0.000 20.139 63.138 76.138 81.137 82.136 83.136 79.135 75.135 60.135 48.135 52.135 58.135 0.000 0.000 0.000 4.404 41.404 42.404 44.404
0.000 0.000 11.632 86.756 73.854 0.000 0.000 25.539 86.541 94.532 98.485 99.681 99.719 104.307 104.116 97.382 98.098 97.959 97.861 92.759 82.616 33.546 0.000 0.000 9.597 45.514 54.357 66.221 63.090 62.954 66.805 44.636 2.451 0.000 0.000 25.572 63.515 60.446 64.381 70.328 70.290 48.273 0.000 0.000 0.000 14.770 52.768 46.765 53.764 4.763 0.000 0.000 0.000 0.000 25.138 50.138 67.137 81.137 76.136 69.136 71.136 32.135 57.135 66.135 59.135 55.135 0.000 0.000 0.000 0.000 1.404 36.404 41.404
0.000 0.000 0.000 14.940 64.123 3.539 13.681 79.683 91.679 98.665 98.686 98.865 104.655 104.485 96.668 98.467 98.134 98.063 90.974 56.907 0.000 0.000 0.000 17.760 63.680 57.588 65.471 63.352 63.235 64.117 41.990 2.823 0.000 0.000 0.000 24.623 66.575 60.514 60.456 62.408 66.377 68.369 20.399 0.000 0.000 0.000 33.766 52.766 27.765 0.000 0.000 0.000 0.000 0.000 18.138 46.137 57.137 64.137 56.137 53.136 18.136 0.000 6.135 50.135 54.135 63.135 0.000 0.000 0.000 0.000 0.000 30.404 41.404
0.000 0.000 0.000 0.000 1.520 13.762 82.822 87.832 98.832 98.769 100.057 100.132 104.814 96.965 98.745 98.315 98.256 88.154 77.068 40.987 0.000 0.000 0.000 57.841 79.775 64.687 56.586 64.481 62.380 65.287 35.218 0.000 0.000 0.000 20.815 55.723 62.648 61.579 61.519 58.472 54.441 56.427 18.429 0.000 0.000 0.000 14.766 59.766 7.765 0.000 0.000 0.000 0.000 0.000 18.137 48.137 47.137 46.137 44.137 50.137 0.000 0.000 0.000 25.135 48.135 66.134 10.134 0.000 0.000 0.000 0.000 1.404 34.404
0.000 0.000 0.000 0.000 0.000 86.012 85.011 99.003 98.963 100.171 100.247 105.106 104.964 97.918 99.604 97.448 83.334 72.241 46.154 0.000 0.000 0.000 52.102 69.986 69.893 76.800 64.704 54.608 60.516 70.435 73.376 36.375 0.000 0.000 19.906 67.807 61.714 61.636 60.571 56.520 50.486 51.468 17.462 0.000 0.000 0.000 0.000 32.765 40.765 0.000 0.000 0.000 0.000 0.000 26.137 50.137 44.137 45.137 45.137 47.137 30.137 0.000 0.000 0.000 35.134 56.134 34.134 8.134 0.000 0.000 0.000 0.000 29.404
0.000 0.000 0.000 0.000 25.389 86.264 98.209 99.174 100.188 102.379 105.371 105.240 97.223 98.989 95.641 84.543 73.398 45.320 0.000 0.000 0.000 54.329 75.218 61.110 53.010 66.915 78.821 66.730 69.642 70.559 57.477 63.374 42.133 4.615 28.097 59.885 55.765 62.679 57.607 49.552 48.517 52.497 14.489 0.000 0.000 0.000 0.000 19.765 59.765 4.765 0.000 0.000 0.000 0.000 0.000 32.137 47.137 45.137 45.137 45.137 53.137 0.000 0.000 0.000 0.000 37.134 48.134 54.134 0.000 0.000 0.000 0.000 0.000
0.000 0.000 0.000 0.000 68.513 94.446 100.393 99.301 99.573 97.656 105.496 97.504 99.270 93.840 82.773 57.654 0.000 0.000 0.000 0.000 54.552 75.440 62.330 51.224 51.124 53.028 63.936 78.848 69.764 54.683 62.600 64.510 38.409 0.000 24.983 84.869 71.782 60.709 54.626 50.563 47.532 48.515 42.508 6.512 0.000 0.000 0.000 0.000 38.765 10.765 0.000 0.000 0.000 0.000 0.000 12.137 49.137 45.137 45.137 45.137 47.137 31.137 0.000 0.000 0.000 18.134 45.134 48.134 0.000 0.000 0.000 0.000 0.000
0.000 0.000 0.000 71.830 68.705 74.622 89.534 100.709 97.775 105.730 105.615 98.437 94.124 82.978 61.872 0.000 0.000 36.149 0.000 6.782 79.664 62.550 51.439 52.333 51.233 54.138 68.048 76.963 77.883 61.807 57.732 68.655 42.585 0.000 0.000 15.828 28.786 10.747 0.000 20.543 51.532 58.522 59.517 45.516 0.000 0.000 0.000 0.000 0.000 0.000 0.000 0.000 0.000 0.000 0.000 13.137 49.137 48.137 51.137 46.137 43.137 52.137 0.000 0.000 0.000 25.134 59.134 64.134 0.000 0.000 0.000 0.000 0.000
0.000 0.000 11.059 72.955 69.855 70.774 80.751 96.917 105.947 105.840 97.715 94.482 82.152 56.077 0.000 0.000 53.196 52.149 34.053 17.900 67.773 51.655 52.543 51.437 52.337 67.242 73.154 37.073 27.998 79.930 65.865 43.796 4.690 0.000 0.000 0.000 0.000 0.000 0.000 17.535 69.530 63.524 60.521 56.520 11.521 0.000 0.000 0.000 0.000 0.000 0.000 0.000 0.000 0.000 0.000 37.137 46.137 21.137 0.000 21.137 46.137 50.137 0.000 0.000 0.000 27.134 63.134 32.134 0.000 0.000 0.000 0.000 0.000
0.000 86.253 74.163 71.073 68.994 69.872 71.117 75.182 106.051 96.956 92.718 82.308 56.266 0.000 0.000 0.000 57.244 55.197 75.110 58.992 51.872 52.755 51.642 54.535 74.434 71.340 52.254 48.176 53.107 81.049 78.002 41.972 0.000 0.000 0.000 0.000 0.000 0.000 0.000 17.531 76.528 76.525 71.523 62.522 7.522 0.000 0.000 0.000 0.000 0.000 0.000 0.000 0.000 0.000 10.137 49.137 51.137 0.137 0.000 6.137 49.137 50.137 0.000 0.000 0.000 0.000 34.134 0.000 0.000 0.000 0.000 0.000 0.000
2.414 84.342 98.266 90.191 75.093 76.250 68.299 106.248 106.151 75.839 80.517 56.415 0.000 0.000 0.000 0.000 59.338 72.286 70.198 52.087 51.968 51.849 62.735 74.626 63.524 52.431 52.346 52.270 53.206 62.155 80.122 76.118 37.172 0.000 0.000 0.000 0.000 0.000 0.000 0.000 62.526 64.525 76.523 77.523 33.522 0.000 0.000 0.000 0.000 0.000 0.000 0.000 0.000 0.000 41.137 51.137 28.137 0.000 0.000 10.137 50.137 48.137 0.000 0.000 0.000 0.000 0.000 0.000 0.000 0.000 0.000 0.000 0.000
20.486 97.436 100.371 100.302 95.276 85.432 106.435 106.342 68.006 62.776 0.000 0.415 0.000 0.000 0.000 0.000 70.483 75.412 51.309 53.189 53.064 64.940 73.822 55.710 52.607 52.512 52.427 52.354 52.292 52.244 61.214 81.207 74.225 48.256 39.269 43.272 12.273 0.000 0.000 0.000 1.525 42.524 82.524 82.523 43.523 0.000 0.000 0.000 0.000 0.000 0.000 0.000 0.000 0.000 30.137 29.137 0.000 0.000 0.000 0.000 30.137 57.137 0.000 0.000 0.000 0.000 0.000 0.000 0.000 0.000 0.000 0.000 0.000
90.608 100.544 100.485 100.373 104.617 95.677 106.526 68.121 70.804 65.469 0.000 0.000 0.000 0.000 0.000 63.851 75.698 52.571 53.437 53.297 61.158 74.026 51.902 52.787 52.681 52.584 52.498 52.424 52.363 52.316 52.284 56.268 57.267 52.274 53.278 60.275 42.274 0.000 0.000 0.000 0.000 0.000 37.523 73.523 36.523 0.000 0.000 0.000 0.000 0.000 0.000 0.000 0.000 0.000 0.000 0.000 0.000 0.000 0.000 0.000 0.000 9.137 0.000 0.000 0.000 0.000 0.000 0.000 0.000 0.000 0.000 0.000 0.000
96.714 96.656 100.570 101.734 98.782 106.702 106.614 72.801 57.264 2.376 5.376 2.376 0.000 0.000 0.000 81.003 57.889 53.737 53.570 55.404 76.247 56.103 52.973 52.854 52.745 52.646 52.557 52.482 52.421 52.373 52.338 51.314 50.301 53.296 35.294 0.000 0.000 0.000 0.000 0.000 0.000 0.000 0.000 66.523 54.523 21.523 0.000 0.000 0.000 0.000 0.000 0.000 0.000 0.000 0.000 0.000 0.000 0.000 0.000 0.000 0.000 0.000 0.000 0.000 0.000 0.000 0.000 0.000 0.000 0.000 0.000 0.000 0.000
75.829 75.765 79.745 75.903 106.872 106.787 84.297 65.519 56.471 0.000 0.376 2.376 0.000 0.000 0.000 56.269 52.117 51.917 50.703 63.500 56.322 50.166 51.032 50.912 50.800 50.696 51.603 52.526 52.465 52.417 51.380 49.350 51.327 51.314 48.309 38.311 41.312 43.312 42.312 44.312 15.312 0.000 0.000 4.523 63.523 35.523 0.000 0.000 0.000 0.000 0.000 0.000 0.000 0.000 0.000 0.000 0.000 0.000 0.000 0.000 0.000 0.000 0.000 0.000 0.000 0.000 0.000 0.000 0.000 0.000 0.000 0.000 0.000
90.945 112.834 78.082 108.141 106.955 66.836 57.437 0.000 71.908 30.266 0.000 0.000 0.000 0.000 100.063 78.689 49.392 57.112 67.825 66.573 62.375 60.209 60.076 59.960 58.849 52.734 48.632 52.555 52.496 52.450 51.414 51.380 55.344 55.324 56.315 66.313 66.312 62.312 55.312 54.312 33.312 0.000 0.000 0.000 22.523 28.523 0.000 0.000 0.000 0.000 0.000 0.000 0.000 0.000 0.000 0.000 0.000 0.000 0.000 0.000 0.000 0.000 0.000 0.000 0.000 0.000 0.000 0.000 0.000 0.000 0.000 0.000 0.000
139.025 117.623 115.670 107.108 107.033 94.922 0.000 38.967 66.967 140.624 116.082 2.362 47.615 37.027 98.438 58.030 55.649 127.315 117.911 113.592 113.395 112.219 111.102 110.004 108.903 79.758 46.638 52.565 52.514 52.475 52.444 44.412 0.000 0.000 0.000 0.000 0.000 0.000 19.312 71.312 50.312 21.312 0.000 0.000 0.000 0.000 0.000 0.000 0.000 0.000 0.000 0.000 0.000 0.000 0.000 0.000 0.000 0.000 0.000 0.000 0.000 0.000 0.000 0.000 0.000 0.000 0.000 0.000 0.000 0.000 0.000 0.000 0.000
97.194 116.781 107.247 107.179 91.439 0.000 0.000 0.000 10.370 62.183 49.922 0.000 28.821 0.000 57.632 54.345 63.861 119.588 0.000 5.489 0.000 56.170 65.111 126.049 39.001 0.000 56.595 52.553 52.518 53.492 35.476 0.000 0.000 0.000 0.000 0.000 0.000 0.000 0.000 24.312 71.312 27.311 0.000 0.000 0.000 0.000 0.000 0.000 0.000 0.000 0.000 0.000 0.000 0.000 0.000 0.000 0.000 0.000 0.000 0.000 0.000 0.000 0.000 0.000 0.000 0.000 0.000 0.000 0.000 0.000 0.000 0.000 0.000
117.950 116.005 107.310 115.929 117.777 38.065 0.000 17.959 44.959 54.815 31.500 8.764 50.028 95.602 94.114 86.856 0.000 38.588 0.000 17.386 39.283 67.180 112.123 75.080 40.051 0.000 0.000 58.534 52.515 53.500 34.491 0.000 0.000 0.000 0.000 0.000 0.000 0.000 0.000 0.000 18.311 57.311 22.311 0.000 0.000 0.000 0.000 0.000 0.000 0.000 0.000 0.000 0.000 0.000 0.000 0.000 0.000 0.000 0.000 0.000 0.000 0.000 0.000 0.000 0.000 0.000 0.000 0.000 0.000 0.000 0.000 0.000 0.000
116.083 107.426 107.370 96.435 39.200 0.000 0.000 0.000 6.692 33.620 0.000 0.000 42.924 86.665 140.364 76.110 0.000 0.000 0.000 0.000 0.000 81.144 116.121 46.095 43.073 0.000 0.000 0.000 57.506 51.501 49.498 47.499 35.499 0.000 0.000 0.000 0.000 0.000 0.000 0.000 13.311 71.311 29.311 0.000 0.000 0.000 0.000 0.000 0.000 0.000 0.000 0.000 0.000 0.000 0.000 0.000 0.000 0.000 0.000 0.000 0.000 0.000 0.000 0.000 0.000 0.000 0.000 0.000 0.000 0.000 0.000 0.000 0.000
