results1/res_4e8f-0119.wd
ncols         241
nrows         181
xllcorner     12693529.787448
yllcorner     3542525.717860
cellsize      155.156523
NODATA_value  -9999.000000
[rows 99 to 131 of 181, columns 73 to 145 of 241]
57.603 57.584 57.564 56.544 56.523 61.502 64.482 61.462 57.448 57.441 51.442 7.446 0.000 0.000 0.000 0.000 0.000 12.945 70.971 95.949 93.953 93.119 99.805 99.733 92.837 93.534 93.382 93.273 94.169 94.071 92.983 96.907 55.853 0.000 0.000 0.000 0.000 0.000 0.000 27.458 53.376 65.213 32.937 14.778 44.726 47.659 45.576 49.459 46.210 43.803 13.426 38.162 42.026 56.935 62.869 65.820 63.783 58.757 51.740 46.730 41.725 19.717 0.000 0.000 0.000 0.000 13.987 31.986 43.986 67.986 68.985 68.985 68.985
57.641 57.623 56.603 54.583 58.562 63.539 64.515 64.487 58.467 55.455 60.451 60.450 21.451 0.000 15.766 45.718 22.617 2.376 59.224 99.102 94.355 94.374 99.866 92.155 93.943 93.597 93.510 93.399 93.293 93.194 95.107 94.037 29.990 0.000 0.000 0.000 0.000 0.000 0.000 31.642 37.580 48.509 0.000 0.000 39.891 47.832 46.736 50.594 50.370 21.086 0.000 33.058 46.996 51.927 72.872 73.830 73.798 74.774 75.758 73.748 54.744 0.000 0.000 0.000 0.000 0.000 0.000 30.983 43.983 67.982 68.982 68.981 68.981
57.680 56.663 56.644 59.624 62.602 63.578 38.551 2.505 31.478 67.463 40.456 14.452 6.451 0.000 26.815 76.770 73.683 65.557 84.404 95.543 92.525 99.949 93.440 94.246 93.812 93.747 93.631 93.521 93.411 94.305 92.214 80.143 27.079 0.071 0.000 0.000 0.000 0.000 35.046 41.888 39.791 40.735 13.765 0.000 46.114 64.042 56.942 51.810 26.590 0.000 0.000 16.015 5.972 45.907 70.864 74.831 72.805 72.784 72.770 74.761 47.758 41.762 41.763 47.763 0.000 0.000 0.000 7.982 42.980 67.979 68.978 68.978 68.977
56.720 55.704 60.687 63.666 63.644 63.621 28.604 0.000 0.000 10.461 1.458 0.000 0.000 0.000 19.907 82.866 88.792 96.696 96.639 93.755 100.299 100.083 93.412 94.122 93.973 93.864 93.755 93.643 93.526 99.400 49.302 17.241 1.168 0.000 0.000 0.000 0.000 26.341 44.204 40.072 39.963 38.874 44.796 10.653 39.411 65.278 64.183 62.114 0.000 0.000 0.000 0.000 0.000 43.863 72.845 76.824 73.805 72.789 70.777 59.769 40.765 36.764 37.764 21.764 0.000 0.000 0.000 0.000 38.976 67.976 68.975 68.974 64.973
55.762 61.749 63.732 63.710 61.686 67.658 37.642 0.000 0.000 0.000 0.000 0.000 0.000 0.000 31.042 88.993 91.928 95.798 95.025 95.031 100.493 92.803 94.508 94.183 94.096 93.987 93.880 97.772 103.648 58.467 27.352 2.305 0.000 0.000 0.000 0.000 27.591 50.478 44.357 37.233 42.116 46.004 42.890 40.754 54.597 58.478 48.396 56.349 0.000 0.000 0.000 0.000 0.000 49.838 73.829 78.817 77.803 73.790 68.780 37.773 35.769 36.767 43.766 0.000 0.000 0.000 0.000 32.972 36.973 65.973 68.972 68.972 62.971
62.808 63.797 63.781 62.759 40.731 6.684 25.662 27.662 0.000 0.000 0.000 0.000 0.000 22.344 75.225 89.145 92.046 94.199 95.202 100.834 100.671 93.783 94.484 94.322 94.216 94.109 98.008 59.915 19.830 0.000 37.335 23.322 0.000 0.000 0.000 0.000 35.703 69.624 60.512 55.389 50.262 51.136 49.007 49.875 62.746 56.643 40.572 42.539 0.000 0.000 0.000 0.000 0.000 49.821 77.817 42.812 40.801 72.788 75.780 45.774 36.770 41.768 11.767 0.000 0.000 0.000 0.000 5.972 32.971 50.971 66.970 69.969 62.968
63.859 63.851 59.835 63.813 45.795 0.000 16.662 46.662 0.000 0.000 0.000 0.000 12.561 74.464 88.369 94.288 94.255 94.393 101.125 100.984 93.117 94.891 94.539 94.448 94.334 94.226 98.127 70.051 2.016 0.000 7.330 10.326 0.000 0.000 0.000 0.000 22.896 54.803 59.680 69.547 65.410 53.270 56.128 64.992 59.870 47.774 39.713 40.694 14.744 15.756 0.000 0.000 0.000 47.808 81.807 0.000 0.000 21.781 68.777 58.773 39.771 18.769 0.000 0.000 0.000 0.000 0.000 0.000 5.970 29.969 55.968 65.967 58.966
61.915 58.912 57.896 73.862 52.842 0.000 15.662 43.662 0.000 0.000 0.000 6.731 70.658 83.580 93.507 96.385 95.626 93.652 101.256 92.432 94.204 90.761 92.687 94.564 94.448 95.334 89.225 79.144 27.083 0.000 0.000 0.000 0.000 0.000 0.000 10.415 45.181 50.011 49.858 51.710 60.560 63.405 66.244 60.094 46.967 40.872 39.810 38.782 42.782 27.769 0.000 0.000 0.000 36.798 73.795 39.787 28.782 20.779 63.775 69.772 49.770 0.000 0.000 0.762 0.000 0.000 0.000 0.000 0.000 24.966 48.966 53.965 40.965
55.978 64.987 60.977 1.896 2.869 0.000 6.662 6.662 0.000 0.000 0.000 7.803 86.759 88.701 96.610 95.773 94.791 101.487 101.376 94.394 94.079 93.919 93.800 92.681 93.561 95.437 52.293 3.219 0.000 0.000 0.000 0.000 0.000 14.166 30.968 45.649 56.401 53.203 52.032 48.874 49.716 52.546 64.350 65.174 57.032 45.935 38.875 38.842 40.831 0.000 0.000 0.000 0.000 21.790 63.787 41.784 37.781 37.777 69.772 72.769 55.767 18.764 8.763 51.762 0.000 0.000 0.000 0.000 0.000 27.965 51.964 46.964 32.963
57.047 67.080 54.108 0.000 0.000 0.000 3.661 15.661 0.000 0.000 0.000 73.920 83.879 95.820 95.813 94.953 101.684 101.589 93.711 95.484 95.133 95.038 94.918 94.799 96.679 46.558 0.000 0.000 0.000 0.000 0.000 3.897 29.692 46.363 59.090 54.813 53.572 53.369 53.194 54.037 51.885 50.712 24.437 43.221 68.052 49.964 37.911 40.882 38.870 26.877 0.000 0.000 0.000 22.786 55.782 33.779 0.000 0.000 25.768 62.766 51.765 60.763 67.762 26.762 0.000 0.000 0.000 0.000 0.000 2.963 42.963 40.962 33.962
55.114 59.180 58.267 34.394 0.000 0.000 0.000 1.661 4.661 0.000 27.178 87.078 94.013 95.931 96.086 94.205 101.771 94.004 95.783 95.346 95.276 95.153 96.036 96.917 58.798 0.000 0.000 0.000 0.000 0.000 6.378 49.101 59.817 55.506 54.213 53.942 53.706 53.506 53.338 53.196 53.075 61.980 0.797 0.000 35.990 44.956 36.925 45.903 45.891 27.884 0.000 0.000 0.000 0.000 39.774 76.773 44.769 0.000 18.765 63.764 57.763 48.761 48.761 0.000 0.000 0.000 0.000 0.000 0.000 0.000 21.961 32.961 33.961
67.163 5.258 61.386 59.521 48.689 7.802 0.000 0.000 0.000 18.351 77.278 91.203 97.138 96.118 95.267 101.920 101.849 94.955 95.651 95.497 95.385 96.273 98.156 59.037 0.000 0.000 0.000 0.000 5.222 36.031 46.655 58.313 54.969 54.630 51.316 51.036 50.802 51.612 53.457 53.333 56.239 33.181 0.000 0.000 15.963 40.947 39.929 57.915 53.907 0.000 0.000 0.000 0.000 0.000 23.769 68.768 80.766 37.763 63.762 77.762 69.761 45.760 38.758 10.757 0.000 0.000 0.000 0.000 0.000 0.000 27.959 33.959 37.959
49.182 2.302 63.498 53.615 60.745 52.915 14.199 2.281 11.428 78.423 87.379 97.330 96.210 96.471 94.493 101.980 94.248 96.038 95.696 95.611 96.501 97.398 51.277 0.000 0.000 0.000 0.000 0.000 48.413 59.216 56.899 55.528 57.114 56.730 62.386 67.084 61.856 54.681 48.545 52.440 58.366 16.325 0.000 0.000 11.951 43.940 44.929 66.921 54.916 0.000 0.000 0.000 0.000 0.000 11.765 63.764 72.763 77.762 73.761 73.760 77.759 61.758 40.757 41.756 10.754 3.753 0.000 0.000 0.000 29.958 34.958 32.958 37.958
0.000 0.000 31.634 82.697 45.760 0.000 0.000 16.543 76.549 81.533 95.503 96.403 96.674 94.597 102.065 94.509 96.317 95.891 95.831 96.719 93.611 48.541 0.000 0.000 0.000 0.000 4.369 51.174 58.802 56.519 56.198 59.786 34.230 12.791 15.412 32.059 57.857 59.713 60.602 52.517 53.460 14.430 0.000 0.000 0.000 24.932 42.927 49.923 48.920 0.000 0.000 0.000 0.000 0.000 11.762 54.761 67.761 72.760 73.759 74.758 70.758 66.757 51.756 39.754 43.753 49.753 0.000 0.000 0.000 0.000 32.957 33.957 35.956
0.000 0.000 8.706 83.779 70.837 0.000 0.000 23.704 84.691 92.667 96.607 97.792 97.818 102.388 102.191 95.462 96.176 96.035 95.935 90.830 80.685 31.613 0.000 0.000 3.915 39.796 48.565 60.352 57.101 56.860 60.589 38.187 0.000 0.000 0.000 17.883 55.801 52.711 56.631 62.569 62.525 40.504 0.000 0.000 0.000 6.929 44.926 38.923 45.922 0.000 0.000 0.000 0.000 0.000 16.759 41.759 58.758 72.758 67.757 60.757 62.757 23.756 48.755 57.753 50.752 46.752 0.000 0.000 0.000 0.000 0.000 27.956 32.955
0.000 0.000 0.000 11.876 60.973 1.745 11.933 77.880 89.844 96.809 96.813 96.979 102.746 102.572 94.753 96.550 96.215 96.141 89.051 54.982 0.000 0.000 0.000 12.147 58.035 51.907 59.741 57.568 57.391 58.232 36.110 0.000 0.000 0.000 0.000 16.790 58.752 52.698 52.645 54.600 58.570 60.557 12.570 0.000 0.000 0.000 25.924 44.923 19.922 0.000 0.000 0.000 0.000 0.000 9.757 37.757 48.757 55.756 47.756 44.756 9.756 0.000 0.000 41.752 45.751 54.751 0.000 0.000 0.000 0.000 0.000 21.955 32.955
0.000 0.000 0.000 0.000 0.036 12.102 81.077 86.036 97.002 96.916 98.186 98.246 102.910 95.056 96.834 96.400 96.338 86.235 75.146 39.064 0.000 0.000 0.000 52.258 74.172 59.057 50.924 58.789 56.664 59.565 29.511 0.000 0.000 0.000 12.724 47.736 54.718 53.686 53.650 50.619 46.596 48.584 10.583 0.000 0.000 0.000 6.923 51.922 0.000 0.000 0.000 0.000 0.000 0.000 9.756 39.755 38.755 37.755 35.754 41.754 0.000 0.000 0.000 16.751 39.750 57.749 1.748 0.000 0.000 0.000 0.000 0.000 25.954
0.000 0.000 0.000 0.000 0.000 84.269 83.236 97.196 97.129 98.316 98.374 103.209 103.063 96.011 97.694 95.536 81.419 70.323 44.235 0.000 0.000 0.000 46.605 64.456 64.339 71.224 59.109 49.001 54.910 64.853 67.857 30.990 0.000 0.000 11.713 59.711 53.698 53.677 52.652 48.628 42.611 43.600 9.596 0.000 0.000 0.000 0.000 24.921 32.921 0.000 0.000 0.000 0.000 0.000 17.755 41.754 35.753 36.753 36.753 38.752 21.751 0.000 0.000 0.000 26.749 47.748 25.748 0.000 0.000 0.000 0.000 0.000 20.954
0.000 0.000 0.000 0.000 23.580 84.470 96.404 97.351 98.346 100.519 103.480 103.346 95.322 97.084 93.734 82.633 71.485 43.404 0.000 0.000 0.000 48.891 69.754 55.622 47.503 61.392 73.288 61.196 64.123 65.079 52.076 58.123 37.183 0.061 19.703 51.698 47.688 54.672 49.652 41.633 40.619 44.610 6.606 0.000 0.000 0.000 0.000 11.921 51.921 0.000 0.000 0.000 0.000 0.000 0.000 23.752 38.752 36.752 36.751 36.751 44.751 0.000 0.000 0.000 0.000 28.747 39.747 45.746 0.000 0.000 0.000 0.000 0.000
0.000 0.000 0.000 0.000 66.690 92.625 98.566 97.462 97.720 95.789 103.607 95.608 97.371 91.938 80.868 55.746 0.000 0.000 0.000 0.000 49.155 70.028 56.899 45.775 45.659 47.552 58.455 73.372 64.307 49.263 57.244 59.245 33.244 0.000 16.697 76.691 63.682 52.670 46.651 42.632 39.621 40.615 34.611 0.000 0.000 0.000 0.000 0.000 30.920 2.920 0.000 0.000 0.000 0.000 0.000 3.751 40.751 36.751 36.750 36.750 38.749 22.749 0.000 0.000 0.000 9.746 36.746 39.746 0.000 0.000 0.000 0.000 0.000
0.000 0.000 0.000 69.982 66.864 72.783 87.691 98.858 95.913 103.845 103.729 96.542 92.227 81.078 59.970 0.000 0.000 30.942 0.000 1.502 74.282 57.166 46.041 46.919 45.805 48.702 62.609 71.531 72.469 56.423 52.393 63.367 37.305 0.000 0.000 7.686 20.681 2.676 0.000 12.624 43.620 50.616 51.614 37.614 0.000 0.000 0.000 0.000 0.000 0.000 0.000 0.000 0.000 0.000 0.000 4.750 40.750 39.750 42.750 37.749 34.749 43.748 0.000 0.000 0.000 16.746 50.745 55.745 0.000 0.000 0.000 0.000 0.000
0.000 0.000 9.198 71.100 68.004 68.924 78.896 95.055 104.066 103.957 95.824 92.588 80.257 54.179 0.000 0.000 47.998 46.943 28.833 12.661 62.462 46.313 47.180 46.056 46.942 61.840 67.750 31.674 22.613 74.569 60.539 38.523 0.000 0.000 0.000 0.000 0.000 0.000 0.000 9.620 61.618 55.616 52.615 48.614 3.614 0.000 0.000 0.000 0.000 0.000 0.000 0.000 0.000 0.000 0.000 28.749 37.749 12.750 0.000 12.749 37.748 41.748 0.000 0.000 0.000 18.745 54.745 23.745 0.000 0.000 0.000 0.000 0.000
0.000 84.377 72.297 69.213 67.136 68.014 69.254 73.314 104.172 95.068 90.827 80.416 54.371 0.000 0.000 0.000 52.053 49.998 69.894 53.752 46.592 47.445 46.308 49.183 69.068 65.966 46.877 42.802 47.742 75.699 72.673 36.663 0.000 0.000 0.000 0.000 0.000 0.000 0.000 9.618 68.617 68.615 63.614 54.614 0.000 0.000 0.000 0.000 0.000 0.000 0.000 0.000 0.000 0.000 1.748 40.748 42.749 0.000 0.000 0.000 40.747 41.747 0.000 0.000 0.000 0.000 25.745 0.000 0.000 0.000 0.000 0.000 0.000
0.590 82.457 96.398 88.328 73.231 74.386 66.431 104.371 104.273 73.949 78.626 54.523 0.000 0.000 0.000 0.000 54.163 67.102 64.996 46.860 46.711 46.565 57.427 69.299 58.183 47.079 46.989 46.914 47.855 56.813 74.790 70.793 31.844 0.000 0.000 0.000 0.000 0.000 0.000 0.000 54.616 56.615 68.614 69.613 25.613 0.000 0.000 0.000 0.000 0.000 0.000 0.000 0.000 0.000 32.748 42.748 19.748 0.000 0.000 1.747 41.747 39.747 0.000 0.000 0.000 0.000 0.000 0.000 0.000 0.000 0.000 0.000 0.000
18.675 95.586 98.512 98.441 93.412 83.565 104.561 104.466 66.093 60.883 0.000 0.000 0.000 0.000 0.000 0.000 65.334 70.250 46.127 47.981 47.828 59.677 68.534 50.403 47.284 47.179 47.087 47.011 46.950 46.907 55.881 75.877 68.895 42.924 33.936 37.939 6.940 0.000 0.000 0.000 0.000 34.614 74.613 74.613 35.612 0.000 0.000 0.000 0.000 0.000 0.000 0.000 0.000 0.000 21.748 20.748 0.000 0.000 0.000 0.000 21.746 48.746 0.000 0.000 0.000 0.000 0.000 0.000 0.000 0.000 0.000 0.000 0.000
88.775 98.698 98.631 98.514 102.754 93.809 104.654 66.166 68.842 63.593 0.000 0.000 0.000 0.000 0.000 58.770 70.590 47.439 48.279 48.111 55.942 68.781 46.631 47.495 47.373 47.264 47.170 47.091 47.029 46.982 46.952 50.937 51.936 46.942 47.945 54.941 36.940 0.000 0.000 0.000 0.000 0.000 29.613 65.612 28.612 0.000 0.000 0.000 0.000 0.000 0.000 0.000 0.000 0.000 0.000 0.000 0.000 0.000 0.000 0.000 0.000 0.746 0.000 0.000 0.000 0.000 0.000 0.000 0.000 0.000 0.000 0.000 0.000
94.874 94.809 98.717 99.876 96.919 104.833 104.744 70.784 55.163 0.480 3.479 0.478 0.000 0.000 0.000 75.950 52.816 48.638 48.440 50.241 71.050 50.873 47.715 47.574 47.448 47.335 47.237 47.156 47.092 47.043 47.007 45.983 44.969 47.963 29.960 0.000 0.000 0.000 0.000 0.000 0.000 0.000 0.000 58.612 46.611 13.611 0.000 0.000 0.000 0.000 0.000 0.000 0.000 0.000 0.000 0.000 0.000 0.000 0.000 0.000 0.000 0.000 0.000 0.000 0.000 0.000 0.000 0.000 0.000 0.000 0.000 0.000 0.000
73.986 73.918 77.893 74.047 105.010 104.922 82.341 63.454 54.250 0.000 0.000 0.478 0.000 0.000 0.000 51.264 47.087 46.855 45.604 58.362 51.142 44.947 45.781 45.638 45.509 45.391 46.289 47.205 47.140 47.089 46.050 44.020 45.995 45.980 42.973 32.973 35.971 37.969 36.967 38.965 9.965 0.000 0.000 0.000 55.611 27.611 0.000 0.000 0.000 0.000 0.000 0.000 0.000 0.000 0.000 0.000 0.000 0.000 0.000 0.000 0.000 0.000 0.000 0.000 0.000 0.000 0.000 0.000 0.000 0.000 0.000 0.000 0.000
89.101 110.987 76.231 106.286 105.095 64.945 55.514 0.000 69.410 27.671 0.000 0.000 0.000 0.000 95.176 73.754 44.415 52.091 62.758 61.463 57.210 54.993 54.825 54.687 53.560 47.432 43.321 47.236 47.173 47.124 46.085 46.050 50.012 49.991 50.979 60.974 60.971 56.969 49.966 48.965 27.964 0.000 0.000 0.000 14.611 20.611 0.000 0.000 0.000 0.000 0.000 0.000 0.000 0.000 0.000 0.000 0.000 0.000 0.000 0.000 0.000 0.000 0.000 0.000 0.000 0.000 0.000 0.000 0.000 0.000 0.000 0.000 0.000
137.183 115.777 113.820 105.255 105.177 93.041 0.000 36.289 64.289 137.934 113.471 0.202 42.685 32.142 93.598 53.163 50.726 122.338 112.873 108.522 108.240 106.990 105.840 104.724 103.611 74.456 41.326 47.247 47.191 47.150 47.117 39.084 0.000 0.000 0.000 0.000 0.000 0.000 13.965 65.964 44.963 15.962 0.000 0.000 0.000 0.000 0.000 0.000 0.000 0.000 0.000 0.000 0.000 0.000 0.000 0.000 0.000 0.000 0.000 0.000 0.000 0.000 0.000 0.000 0.000 0.000 0.000 0.000 0.000 0.000 0.000 0.000 0.000
95.353 114.937 105.398 105.328 89.587 0.000 0.000 0.000 7.524 59.303 47.018 0.000 24.219 0.000 52.912 49.574 58.987 114.663 0.000 0.365 0.000 50.885 59.823 120.757 33.706 0.000 51.279 47.233 47.196 48.167 30.150 0.000 0.000 0.000 0.000 0.000 0.000 0.000 0.000 18.963 65.962 21.961 0.000 0.000 0.000 0.000 0.000 0.000 0.000 0.000 0.000 0.000 0.000 0.000 0.000 0.000 0.000 0.000 0.000 0.000 0.000 0.000 0.000 0.000 0.000 0.000 0.000 0.000 0.000 0.000 0.000 0.000 0.000
116.111 114.162 105.464 114.082 115.928 36.216 0.000 14.979 41.979 51.739 28.280 5.084 45.753 91.204 89.563 82.235 0.000 33.663 0.000 11.859 33.850 61.841 106.811 69.776 34.750 0.000 0.000 53.212 47.191 48.174 29.165 0.000 0.000 0.000 0.000 0.000 0.000 0.000 0.000 0.000 12.960 51.960 16.959 0.000 0.000 0.000 0.000 0.000 0.000 0.000 0.000 0.000 0.000 0.000 0.000 0.000 0.000 0.000 0.000 0.000 0.000 0.000 0.000 0.000 0.000 0.000 0.000 0.000 0.000 0.000 0.000 0.000 0.000
114.246 105.584 105.526 94.590 37.354 0.000 0.000 0.000 3.675 30.391 0.000 0.000 38.639 82.297 135.900 71.567 0.000 0.000 0.000 0.000 0.000 75.819 110.804 40.785 37.768 0.000 0.000 0.000 52.180 46.175 44.171 42.171 30.171 0.000 0.000 0.000 0.000 0.000 0.000 0.000 7.959 65.959 23.959 0.000 0.000 0.000 0.000 0.000 0.000 0.000 0.000 0.000 0.000 0.000 0.000 0.000 0.000 0.000 0.000 0.000 0.000 0.000 0.000 0.000 0.000 0.000 0.000 0.000 0.000 0.000 0.000 0.000 0.000
