results1/res_4e8f-0211.wd
ncols         241
nrows         181
xllcorner     12693529.787448
yllcorner     3542525.717860
cellsize      155.156523
NODATA_value  -9999.000000
[rows 33 to 65 of 181, columns 73 to 145 of 241]
0.000 0.000 0.000 0.000 0.000 0.000 0.000 0.000 0.000 0.000 0.000 0.000 0.000 0.000 0.000 0.000 0.000 0.000 0.000 0.000 0.000 0.000 0.000 0.000 0.000 0.000 0.000 0.000 0.000 0.000 0.000 0.000 0.000 0.000 0.000 0.000 0.000 0.000 0.000 39.902 62.903 67.904 23.907 0.000 0.000 32.983 47.011 13.990 4.990 37.011 40.027 34.025 35.005 35.969 35.915 35.842 35.748 34.630 40.476 60.238 6.751 14.860 12.136 47.291 63.747 68.275 66.835 67.436 65.970 68.055 63.108 62.718 62.707
0.000 0.000 0.000 0.000 0.000 0.000 0.000 0.000 0.000 0.000 0.000 0.000 0.000 0.000 0.000 0.000 0.000 0.000 0.000 0.000 0.000 0.000 0.000 0.000 0.000 0.000 0.000 0.000 0.000 0.000 0.000 0.000 0.000 0.000 0.000 0.000 0.000 0.000 0.000 0.000 14.903 9.904 0.000 0.000 0.000 0.000 29.103 0.000 0.000 27.052 51.093 50.097 40.080 36.043 35.986 35.906 35.805 34.684 56.549 54.393 0.000 37.693 50.257 63.682 68.160 67.681 67.251 66.758 67.817 63.834 63.134 63.386 65.686
0.000 0.000 0.000 0.000 0.000 0.000 0.000 0.000 0.000 0.000 0.000 0.000 0.000 0.000 0.000 0.000 0.000 0.000 35.325 67.325 20.325 0.000 0.000 0.000 0.000 0.000 0.000 0.000 0.000 0.000 0.000 0.000 0.000 0.000 0.000 0.000 0.000 0.000 0.000 0.000 0.000 0.000 0.000 0.000 0.000 0.000 21.194 0.000 0.000 0.000 29.197 47.191 47.174 38.138 36.079 35.993 33.881 49.754 58.641 0.000 23.353 47.963 62.516 69.019 68.526 68.070 67.549 69.580 65.567 63.676 64.074 66.398 65.642
0.000 0.000 0.000 0.000 0.000 0.000 0.000 0.000 0.000 0.000 0.000 22.327 60.327 0.327 0.000 0.000 0.000 0.000 42.325 93.325 49.325 0.000 0.000 0.000 0.000 0.000 0.000 0.000 0.000 0.000 0.000 0.000 0.000 0.000 0.000 0.000 0.000 0.000 0.000 0.000 0.000 0.000 0.000 0.000 0.000 0.000 24.286 25.327 32.345 18.343 28.306 36.297 49.286 40.257 36.199 33.105 43.974 53.808 42.620 18.277 47.744 65.288 69.828 69.348 68.884 68.343 68.347 67.309 64.331 64.778 67.116 66.367 66.132
0.000 0.000 0.000 0.000 0.000 0.000 0.000 0.000 0.000 0.000 0.000 43.327 78.327 67.327 54.327 9.327 3.326 27.326 81.325 89.325 54.325 0.000 0.000 0.000 0.000 23.374 2.374 0.000 0.000 0.000 0.000 0.000 0.000 0.000 0.000 0.000 0.000 7.374 0.000 0.000 0.000 11.373 29.372 0.000 0.000 40.349 55.336 58.350 56.365 42.378 36.387 35.405 49.416 40.405 32.356 46.254 60.099 47.887 35.752 50.467 55.058 67.617 70.154 69.692 69.140 69.119 67.064 65.095 65.500 67.846 67.105 66.874 66.540
0.000 0.000 0.000 0.000 0.000 0.000 0.000 0.000 0.000 0.000 0.000 14.327 76.327 59.327 40.327 2.327 23.327 73.326 84.325 91.325 50.324 0.000 0.000 0.000 0.374 61.374 45.374 0.000 0.000 0.000 0.000 0.000 0.000 0.000 0.000 0.374 24.374 36.374 38.374 0.000 0.000 20.373 45.372 24.371 38.368 61.362 64.361 65.371 62.389 49.416 36.459 33.520 50.569 41.591 45.564 63.457 57.283 0.000 34.036 52.781 65.403 70.966 70.509 69.950 69.905 67.838 65.985 66.243 68.591 67.861 67.637 67.304 66.970
0.000 0.000 0.000 0.000 0.000 0.000 0.000 0.000 0.000 0.000 0.000 0.000 0.000 27.327 65.327 61.327 49.327 62.326 82.326 93.325 46.323 0.000 0.000 0.000 0.000 23.374 47.374 49.374 0.000 0.000 0.000 0.000 0.000 0.000 0.000 0.000 40.374 41.374 53.374 36.374 25.374 39.373 40.373 36.372 43.371 50.371 48.374 41.383 60.402 26.438 42.514 45.646 35.749 47.826 60.852 57.728 0.306 8.988 45.576 62.215 70.811 71.349 70.796 70.722 67.650 67.041 67.015 69.355 68.636 68.422 68.098 67.765 67.406
0.000 0.000 0.000 0.000 0.000 0.000 0.000 0.000 0.000 0.000 0.000 0.000 0.000 17.327 84.328 79.328 69.328 59.327 83.326 91.324 86.322 71.318 26.315 0.000 0.000 0.000 3.374 57.374 41.374 39.374 50.374 45.374 8.374 0.000 0.000 4.374 40.374 39.374 60.374 66.374 55.374 47.374 39.374 36.374 37.374 38.376 37.379 35.387 43.400 4.419 0.000 4.801 40.955 64.110 62.292 1.590 7.682 45.396 59.061 68.705 72.243 71.805 72.581 68.534 68.340 67.835 70.145 69.432 69.225 68.914 68.598 68.247 67.857
0.000 0.000 0.000 0.000 0.000 0.000 0.000 0.000 0.000 0.000 0.000 0.000 0.000 0.000 17.328 56.328 31.329 67.328 86.327 91.324 89.321 87.317 76.313 35.309 0.309 0.000 0.000 13.374 52.374 52.374 65.374 63.374 56.374 51.374 0.000 0.000 7.374 44.374 63.374 70.374 62.374 46.375 35.375 36.375 36.376 36.378 36.381 36.386 40.391 0.000 0.000 0.000 11.161 48.368 17.831 15.101 50.041 54.848 66.590 73.197 73.050 71.292 69.622 70.007 68.737 70.980 70.256 70.043 69.739 69.443 69.126 68.771 68.341
0.000 0.000 0.000 0.000 0.000 0.000 0.000 0.000 0.000 0.000 0.000 0.000 0.000 0.000 0.000 2.329 88.330 88.330 90.329 90.326 89.321 83.315 77.310 48.306 0.000 0.000 0.000 0.000 0.000 20.374 65.374 59.374 74.374 71.374 50.374 29.374 30.374 39.374 61.374 70.374 61.375 44.375 34.375 39.376 38.378 36.379 36.382 36.384 37.386 29.386 0.000 0.000 0.000 0.000 9.565 52.602 55.531 63.388 74.112 74.225 72.586 74.480 72.242 69.781 71.892 71.128 70.885 70.568 70.276 69.986 69.693 69.371 67.934
0.000 0.000 0.000 0.000 0.000 0.000 23.303 46.300 0.000 24.242 64.231 53.219 57.208 32.201 0.000 0.000 24.333 96.333 90.333 87.329 84.322 87.313 78.305 41.299 0.000 0.000 0.000 0.000 0.000 0.000 0.000 9.374 63.374 64.374 15.374 0.000 6.374 43.374 61.374 66.375 56.375 47.375 45.376 7.377 14.378 42.380 36.382 36.384 37.385 43.385 51.385 13.385 0.000 0.000 25.260 58.212 62.105 72.915 75.131 74.763 78.040 76.620 71.124 72.931 72.078 71.770 71.413 71.099 70.804 70.534 70.290 70.083 75.938
0.000 0.000 0.000 0.000 0.000 0.000 23.306 66.297 8.278 58.252 60.233 72.217 55.203 40.195 0.000 0.000 12.335 81.336 93.342 90.336 90.325 91.310 85.296 39.287 0.000 0.000 0.000 0.000 0.000 0.000 0.000 0.000 0.000 48.374 7.374 0.000 2.374 49.374 46.374 58.375 15.375 0.000 0.000 0.000 0.000 8.381 46.382 40.383 3.384 33.385 67.385 50.385 3.385 0.000 30.012 63.851 72.753 75.874 75.630 79.800 79.053 72.479 74.047 73.098 72.703 72.288 71.930 71.604 71.310 71.054 70.850 70.735 75.795
21.569 65.563 55.558 0.000 0.000 0.000 17.318 77.305 53.283 55.257 61.233 85.212 86.194 81.180 35.166 0.000 0.000 0.000 41.361 95.350 90.330 91.306 88.283 47.267 0.000 0.000 0.000 0.000 0.000 0.000 0.000 0.000 0.000 6.374 0.000 0.000 0.000 0.000 0.000 0.000 0.000 0.000 0.000 0.000 0.000 0.000 0.000 21.384 18.384 0.000 0.000 0.000 0.000 19.425 56.841 73.794 75.470 76.403 80.750 80.354 73.508 75.069 74.109 73.655 73.185 72.778 72.409 72.077 71.779 71.522 71.322 71.212 74.271
21.570 77.562 59.553 55.541 0.000 0.000 4.342 69.323 71.292 71.260 83.229 80.204 92.182 91.164 52.151 0.000 0.000 0.000 17.391 97.372 90.340 91.302 88.263 48.230 0.000 0.000 8.792 56.755 68.714 37.686 0.000 0.000 0.000 0.000 0.000 0.000 0.000 0.000 0.000 0.000 0.000 0.000 0.000 0.000 0.000 0.000 0.000 0.000 6.384 0.000 0.000 0.000 17.390 57.897 74.857 75.440 81.669 81.159 74.779 75.342 75.845 75.030 74.566 74.072 73.630 73.224 72.854 72.515 72.207 71.934 71.702 78.522 19.396
85.573 82.563 61.549 62.530 54.501 1.457 59.385 54.353 62.302 75.261 79.220 90.192 91.167 90.143 59.124 0.000 0.000 0.000 16.441 96.405 90.356 91.299 86.236 66.160 50.042 50.935 50.830 58.759 79.700 46.658 0.000 0.000 0.000 0.000 0.000 0.000 0.000 0.000 0.000 0.000 0.000 0.000 0.000 0.000 0.000 0.000 0.000 0.000 0.000 0.000 15.480 46.257 55.765 74.752 76.341 83.005 82.414 75.328 77.049 76.385 75.847 75.394 74.912 74.461 74.034 73.637 73.266 72.921 72.601 72.304 79.031 24.776 0.000
82.579 77.566 75.551 58.529 62.500 62.465 53.426 46.403 0.000 0.000 21.199 80.177 91.149 89.118 74.079 41.025 0.000 3.616 65.527 86.453 91.379 90.302 91.221 81.133 57.032 53.931 52.835 61.750 79.670 62.588 48.474 49.385 53.320 64.279 28.263 0.000 0.000 0.000 0.000 0.000 0.000 0.000 0.000 0.000 0.000 0.000 0.000 0.000 0.000 0.000 26.680 66.520 74.467 77.115 83.885 83.489 76.050 77.721 76.945 76.576 76.138 75.689 75.248 74.820 74.411 74.022 73.654 73.303 72.970 78.651 25.341 0.000 0.000
71.586 23.573 91.558 62.537 56.504 57.475 59.449 59.431 48.429 0.000 0.000 1.162 25.134 96.100 86.048 63.972 55.848 62.705 61.597 63.501 71.405 72.309 59.214 56.119 54.021 53.924 52.828 61.735 76.643 55.549 52.450 57.362 73.294 76.255 61.247 35.247 0.000 0.000 0.000 0.000 0.000 0.000 0.000 0.000 0.000 0.000 0.000 0.000 0.000 17.518 59.364 74.976 77.817 84.451 84.206 76.745 78.391 77.609 77.255 76.829 76.408 75.986 75.569 75.162 74.768 74.388 74.022 73.669 79.325 24.988 0.000 0.000 0.000
17.595 90.583 91.570 77.558 0.000 4.482 64.464 60.444 71.427 62.410 0.000 1.175 4.140 84.099 81.041 65.965 56.867 53.759 53.655 56.550 69.431 77.316 80.206 73.107 63.011 55.915 54.817 70.719 73.618 48.516 52.413 52.318 53.241 57.199 36.223 0.000 0.000 0.000 6.771 0.000 0.000 0.000 0.000 0.000 0.000 0.000 0.000 20.742 52.411 60.267 73.782 85.113 84.729 77.797 78.393 78.962 78.275 77.913 77.494 77.089 76.682 76.279 75.880 75.490 75.109 74.739 75.378 82.024 25.675 0.000 0.000 0.000 0.000
95.604 91.593 91.581 91.566 78.544 61.508 61.480 61.453 52.426 1.385 18.291 25.231 77.171 74.115 77.053 69.981 70.897 70.808 70.715 73.612 68.454 68.318 70.187 74.092 75.001 72.907 68.808 79.704 77.596 65.484 66.369 66.257 68.154 43.076 0.000 0.000 0.000 0.000 7.771 0.000 0.000 0.000 0.000 0.000 0.000 7.625 55.400 55.963 76.975 77.531 86.174 85.697 80.284 80.001 79.391 78.926 78.550 78.141 77.743 77.347 76.954 76.565 76.183 75.808 75.441 76.081 79.727 12.376 0.000 0.000 0.000 0.000 0.000
94.612 90.605 90.596 91.581 88.558 66.527 60.495 61.460 62.424 54.377 3.315 69.255 66.196 67.138 68.075 63.007 66.934 71.859 79.787 64.728 0.000 0.257 15.132 73.074 68.994 68.904 68.804 68.695 68.577 68.453 68.323 68.187 66.041 60.875 33.655 0.000 9.288 53.068 59.771 71.468 41.232 0.000 0.000 0.000 1.513 56.826 67.608 79.529 80.164 86.908 86.573 80.932 80.611 79.877 79.549 79.162 78.767 78.376 77.987 77.602 77.221 76.846 76.478 76.119 76.766 79.418 27.072 0.000 0.000 0.000 0.000 0.000 0.000
80.619 80.618 80.616 91.604 91.581 81.548 57.510 60.471 61.431 61.386 67.335 76.279 60.222 57.164 55.103 62.039 76.972 75.907 60.844 40.786 0.000 0.000 0.000 1.085 57.995 52.913 52.809 52.693 52.565 53.428 56.283 57.126 56.947 55.729 56.435 54.984 54.509 63.145 69.778 67.399 73.997 71.460 65.951 63.439 65.810 77.457 80.979 80.773 87.401 87.184 81.569 81.225 80.477 80.152 79.759 79.374 78.990 78.607 78.228 77.853 77.482 77.118 76.766 77.423 78.086 16.752 0.000 0.000 0.000 0.000 0.000 0.000 0.000
0.000 46.632 58.646 86.637 90.613 71.575 54.528 53.483 61.443 61.403 60.358 54.306 55.247 61.192 78.134 77.073 60.010 52.951 42.898 0.000 62.461 71.400 67.304 68.182 71.054 73.943 72.828 73.702 76.561 75.412 72.256 74.086 68.892 54.660 58.371 57.010 61.616 79.226 85.795 82.355 75.897 70.428 71.975 78.440 83.295 81.734 88.004 87.655 81.554 83.163 81.751 81.091 80.752 80.355 79.972 79.589 79.209 78.835 78.466 78.100 77.736 78.379 76.043 71.721 23.404 0.000 0.000 0.000 0.000 0.000 0.000 0.000 0.378
0.000 0.000 51.700 70.686 81.658 56.610 48.543 55.489 53.455 60.425 61.390 61.338 54.269 71.223 63.169 52.108 55.044 46.991 0.000 71.612 74.523 74.433 76.331 77.216 80.095 83.978 82.858 82.725 82.567 84.403 85.243 83.070 70.875 56.648 58.380 58.067 57.721 60.346 33.823 6.328 95.805 137.405 114.939 80.873 82.393 88.966 88.529 82.000 84.730 82.145 81.704 81.347 80.953 80.568 80.182 79.799 79.424 79.058 78.700 78.345 79.983 74.618 63.308 18.014 0.000 0.000 0.000 0.000 0.000 0.000 0.000 0.619 47.476
3.939 0.000 6.768 27.748 62.723 44.667 0.000 50.477 55.464 55.452 61.437 50.388 0.000 55.262 53.212 55.144 56.067 65.978 79.854 76.702 78.585 84.479 94.371 138.257 135.132 135.015 134.901 134.772 135.577 119.392 51.241 54.077 51.891 59.677 58.434 55.158 52.855 34.615 0.000 0.000 4.607 62.315 79.326 83.921 89.657 89.338 81.597 83.299 82.599 82.296 81.929 81.548 81.165 80.778 80.390 80.003 79.628 79.272 79.932 78.597 70.234 58.803 16.555 0.000 0.000 0.000 0.000 0.000 0.000 0.000 3.775 38.711 59.591
77.939 25.915 14.857 77.814 55.820 0.000 0.000 0.000 49.473 62.481 54.519 0.000 7.435 63.350 54.273 65.191 78.101 78.000 82.882 85.755 78.637 64.526 55.418 51.307 49.163 52.049 52.958 39.887 0.000 56.348 53.251 52.108 55.933 59.735 56.520 48.277 54.925 35.643 0.000 1.895 57.621 74.627 84.347 90.149 89.928 82.179 83.867 83.164 82.872 82.504 82.137 81.761 81.378 80.990 80.595 80.195 79.815 80.469 76.160 64.875 21.555 0.000 0.000 0.000 0.000 0.000 0.000 0.000 0.000 0.000 6.839 56.777 55.689
87.959 95.949 83.930 0.901 12.923 7.033 2.068 1.073 0.000 0.000 58.639 56.618 64.521 61.429 61.340 61.246 78.146 92.038 80.921 60.800 58.682 53.571 55.469 46.390 0.000 58.060 54.994 43.932 0.000 57.401 52.306 53.169 60.001 57.809 55.633 37.504 0.000 2.114 54.329 52.078 68.863 84.770 90.427 83.112 83.679 84.340 83.737 83.444 83.082 82.724 82.356 81.979 81.597 81.210 80.806 81.366 80.968 70.630 55.363 18.189 0.000 0.000 0.000 0.000 0.000 0.000 0.000 5.235 32.188 31.100 45.965 57.871 45.785
77.987 81.992 71.994 0.000 0.000 72.107 65.102 59.077 3.017 10.921 76.780 73.693 60.601 61.506 61.410 62.308 83.200 135.084 127.963 74.840 129.720 50.606 54.497 54.394 56.276 54.136 54.028 53.915 55.754 51.549 51.404 60.261 59.091 55.867 50.701 39.603 0.000 0.873 56.366 63.180 85.173 84.051 90.783 84.158 84.744 84.295 84.005 83.660 83.312 82.952 82.582 82.204 81.821 81.446 83.055 78.494 60.061 46.721 48.471 14.330 0.000 0.000 0.000 0.000 0.000 0.000 0.000 5.282 41.228 46.147 60.048 53.959 43.875
74.017 69.039 13.059 0.000 3.229 55.187 64.156 61.114 79.051 72.967 77.867 85.775 76.682 61.586 61.485 61.377 60.260 54.136 49.007 53.878 50.753 54.634 54.521 54.412 54.298 54.180 54.066 53.944 52.799 57.635 59.500 60.381 44.236 0.000 43.701 0.000 0.000 0.868 60.523 82.431 86.428 91.762 91.305 84.249 84.902 84.544 84.231 83.898 83.550 83.189 82.818 82.433 82.035 80.701 42.472 0.000 0.000 0.000 0.000 0.000 0.000 0.000 0.000 37.703 32.664 31.599 30.508 34.384 43.296 59.211 53.124 44.039 53.960
66.045 57.086 62.146 7.245 60.271 56.255 55.222 73.172 66.107 82.030 90.944 70.858 56.767 54.671 57.567 60.453 61.328 61.193 54.052 52.912 53.780 53.657 54.542 54.433 54.326 59.219 56.112 52.997 53.864 56.693 60.580 49.527 0.000 0.000 0.000 0.000 16.166 136.042 79.778 86.801 84.771 92.166 84.066 86.585 88.070 84.797 84.481 84.150 83.801 83.436 84.068 80.674 68.186 58.849 16.660 0.000 0.000 0.000 0.000 0.000 0.000 0.000 39.786 39.742 39.691 40.624 40.542 41.448 55.361 55.278 39.195 42.116 44.039
41.062 42.113 36.193 60.319 56.354 55.342 66.303 70.245 81.176 88.101 54.024 52.943 53.858 55.765 54.660 51.541 59.406 60.256 61.096 59.939 53.798 52.671 51.557 52.452 58.353 117.259 85.166 65.069 47.966 0.000 62.599 70.619 0.000 0.000 0.000 0.000 60.292 71.184 88.070 86.104 92.871 92.532 85.154 85.685 86.351 85.059 84.748 84.420 84.068 84.685 83.345 36.010 0.000 0.000 0.000 0.000 0.000 0.000 0.000 0.000 0.000 0.000 46.830 42.789 39.732 40.665 38.588 50.506 57.424 41.343 42.265 50.188 48.115
0.000 0.000 0.000 53.485 56.483 58.456 79.403 90.328 104.249 86.176 15.105 72.034 71.957 55.869 55.766 54.644 52.499 55.329 61.135 58.951 59.800 61.673 59.563 57.465 53.377 48.297 53.223 48.146 0.000 0.000 0.000 56.731 48.759 0.000 0.000 2.691 70.525 87.370 87.444 85.458 93.180 84.874 87.378 88.885 85.628 85.338 85.034 84.711 84.368 81.890 36.618 0.000 0.000 0.000 0.000 0.000 0.000 0.000 0.000 0.000 0.000 45.995 15.916 3.850 47.784 37.714 48.640 60.562 48.484 43.407 48.331 52.258 45.187
0.000 0.000 0.000 51.653 57.637 73.597 84.525 132.415 126.319 128.246 134.188 130.132 131.067 55.989 55.891 54.769 54.617 53.428 48.164 57.930 59.778 60.659 58.556 60.468 60.391 61.328 54.285 0.000 0.000 0.000 0.018 57.815 42.787 0.000 0.159 61.840 83.731 87.687 86.675 93.744 93.469 85.932 86.480 87.171 85.909 85.634 85.339 86.023 60.804 0.000 0.000 0.000 0.000 0.000 0.000 0.000 0.000 0.000 58.315 47.265 37.186 41.075 40.988 41.912 41.841 44.768 57.695 54.620 49.544 50.470 48.396 46.325 42.255
17.896 0.000 0.000 52.836 69.815 77.770 83.685 54.488 53.364 52.303 49.268 50.237 50.192 56.128 56.041 71.925 71.772 47.600 0.000 44.827 57.723 59.629 57.536 59.459 59.393 60.340 56.303 0.239 1.141 2.094 56.040 40.927 0.000 0.000 63.240 72.087 88.965 87.878 87.061 93.999 85.605 88.134 90.671 86.449 86.201 85.949 84.667 72.236 31.020 0.000 0.000 0.000 0.000 0.000 44.568 39.546 39.506 39.446 43.365 55.295 58.218 44.130 39.048 40.971 42.897 57.824 56.751 42.677 51.604 52.531 51.459 44.389 40.321
