results1/res_4e8_norain-0018.wd
ncols         241
nrows         181
xllcorner     12693529.787448
yllcorner     3542525.717860
cellsize      155.156523
NODATA_value  -9999.000000
[rows 99 to 131 of 181, columns 0 to 74 of 241]
0.000 0.000 0.000 0.000 0.000 5.861 45.862 47.856 38.851 33.848 0.000 0.000 0.000 0.000 0.000 0.000 0.000 13.791 10.791 0.000 0.000 0.000 0.000 8.729 7.728 0.000 0.000 0.000 0.000 0.000 0.000 0.000 0.000 0.000 0.000 22.939 18.966 18.011 19.057 20.109 33.171 22.243 26.326 18.396 20.464 18.534 19.608 24.685 25.767 23.852 27.939 21.028 21.120 23.214 26.313 40.426 41.569 26.667 12.724 0.000 0.000 0.000 0.000 0.000 0.000 51.039 48.070 35.147 10.223 5.286 49.342 26.396 28.452 28.513 28.578
0.000 0.000 0.000 0.000 0.000 6.877 46.896 46.899 0.000 0.000 0.000 0.000 0.000 0.000 0.000 0.000 0.000 24.793 13.795 0.000 0.000 0.000 11.750 10.741 14.737 0.000 0.000 0.000 0.000 28.729 20.730 0.000 0.000 0.000 35.836 45.877 31.913 24.974 18.999 21.038 40.088 25.156 31.270 31.329 22.387 37.452 29.523 30.601 20.682 28.767 28.855 26.944 21.035 22.125 26.213 23.319 0.000 0.000 0.000 0.000 0.000 0.000 0.000 0.000 36.133 48.119 55.140 45.186 21.240 22.293 36.343 27.394 28.446 28.501 28.559
0.000 0.000 0.000 0.000 0.000 0.000 42.947 51.947 0.000 0.000 0.000 0.000 0.000 0.000 0.000 0.000 0.000 31.796 12.801 13.799 15.790 12.777 9.761 10.751 8.743 0.000 0.000 0.000 0.000 21.730 21.732 22.737 21.748 21.766 20.797 30.820 39.837 0.000 50.928 40.956 45.991 31.022 0.000 47.263 45.304 44.364 48.434 37.512 20.595 23.682 28.770 28.860 25.951 22.039 11.097 0.000 0.000 0.000 0.000 0.000 0.000 0.000 0.000 9.148 36.148 36.164 47.185 46.218 29.258 29.301 28.345 28.391 28.437 28.486 27.537
20.096 23.096 0.000 0.000 0.000 4.023 43.000 47.998 58.017 0.000 0.000 0.000 0.000 0.000 0.000 0.000 0.000 0.000 16.816 13.809 31.795 45.782 20.769 5.759 0.000 0.000 0.000 0.000 0.000 0.000 20.731 21.732 21.742 21.755 21.767 20.772 20.777 19.779 20.832 25.867 37.898 31.922 0.000 47.158 48.203 26.267 33.340 50.420 44.506 31.595 21.685 27.777 28.873 31.983 17.039 0.000 0.000 0.000 0.000 0.000 0.000 0.000 0.000 0.000 0.000 33.206 30.219 30.243 28.274 28.309 28.347 28.386 28.427 27.470 26.514
34.099 17.097 17.093 19.085 21.071 40.049 48.034 48.031 48.038 50.050 24.055 0.000 0.000 11.930 18.931 19.930 0.000 0.000 39.839 47.828 42.803 38.786 21.777 0.000 0.000 0.000 0.000 0.000 0.000 0.000 0.000 21.720 20.735 19.744 20.745 21.725 21.723 21.730 21.755 22.782 41.813 36.848 19.891 22.008 33.087 44.161 21.239 33.323 34.415 27.509 47.600 30.690 22.781 0.000 0.000 0.000 0.000 0.000 0.000 0.000 0.000 0.000 0.000 0.000 0.000 33.234 28.244 28.262 28.287 28.316 28.348 26.381 24.417 26.453 32.490
49.105 39.103 20.099 24.092 42.082 48.069 48.059 48.055 48.056 43.059 15.062 21.064 0.000 2.932 37.935 45.931 45.921 29.904 44.876 51.863 0.000 0.000 0.000 0.000 0.000 0.000 0.000 0.000 0.000 0.000 0.000 21.693 0.000 0.000 0.000 22.661 21.660 21.664 21.676 22.696 38.725 43.765 20.820 21.899 21.975 40.052 41.133 19.222 27.321 46.427 38.517 16.603 0.000 0.000 0.000 0.000 0.000 0.000 0.000 0.000 0.000 0.000 0.000 0.000 0.000 33.253 28.261 28.275 28.296 27.320 26.347 31.375 32.405 33.436 34.467
49.115 49.114 44.110 47.105 48.097 48.089 48.081 48.076 48.073 44.072 19.070 36.069 0.000 0.000 15.947 39.941 47.930 48.916 47.899 52.887 0.000 0.000 0.000 0.000 0.000 0.000 0.000 0.000 0.000 0.000 0.000 21.668 0.000 0.000 23.588 21.598 21.595 21.590 21.590 21.602 38.628 43.669 20.724 21.793 21.865 22.940 44.019 38.110 45.223 35.363 16.439 0.000 0.000 0.000 0.000 0.000 0.000 0.000 0.000 0.000 0.000 0.000 0.000 0.000 31.263 28.264 28.271 28.284 28.301 27.323 29.345 33.369 34.393 34.419 34.445
47.130 48.128 48.125 48.121 48.116 48.109 48.103 48.097 48.091 49.086 44.080 51.075 0.000 0.000 3.967 22.957 45.945 47.932 48.919 36.902 0.000 0.000 0.000 0.000 0.000 0.000 0.000 0.000 0.000 0.000 0.000 15.644 20.621 20.599 19.579 21.551 21.532 21.512 21.494 21.495 38.518 43.560 20.617 21.684 21.754 21.824 26.896 49.978 30.100 0.000 0.000 0.000 0.000 0.000 0.000 0.000 0.000 0.000 0.000 0.000 0.000 0.000 0.000 0.000 0.000 35.270 31.276 32.288 30.304 26.324 33.342 34.361 32.382 32.403 29.424
44.147 49.146 48.144 48.141 48.137 48.132 48.126 48.119 48.111 48.103 49.092 42.079 26.059 17.033 10.998 37.978 47.963 47.951 52.943 0.000 0.000 0.000 0.000 0.000 0.000 0.000 0.000 0.000 0.000 0.000 0.000 0.000 0.000 0.000 0.000 21.495 21.473 21.432 21.381 21.368 37.390 44.438 21.502 21.573 21.643 21.708 21.764 27.806 0.000 0.000 0.000 0.000 0.000 0.000 0.000 0.000 0.000 0.000 0.000 0.000 0.000 0.000 0.000 0.000 0.000 0.000 0.000 0.000 0.000 35.329 33.339 34.354 31.370 26.386 35.402
44.168 49.167 48.166 48.164 48.161 48.157 48.152 48.144 48.135 48.123 49.108 34.090 13.068 12.043 21.017 44.996 47.980 47.968 53.961 0.000 0.000 0.000 0.000 0.000 0.000 0.000 0.000 0.000 0.000 0.000 0.000 0.000 0.000 0.000 0.000 17.464 21.433 18.365 21.230 21.207 40.237 44.300 21.381 21.463 21.538 21.601 21.649 18.676 0.000 0.000 0.000 0.000 0.000 0.000 0.000 0.000 0.000 0.000 0.000 0.000 0.000 27.245 0.000 0.000 0.000 0.000 0.000 0.000 31.315 32.323 34.333 34.345 31.358 27.371 37.384
47.191 48.191 48.191 48.190 48.189 48.186 48.181 48.174 48.163 48.149 48.130 45.107 22.082 23.056 40.031 47.011 47.994 47.982 54.975 0.000 0.000 0.000 0.000 0.000 0.000 0.000 0.000 0.000 0.000 0.000 0.000 0.000 0.000 0.000 0.000 0.000 17.432 0.000 19.971 20.993 49.054 36.147 21.258 21.363 21.448 34.512 24.555 19.576 0.000 0.000 0.000 0.000 0.000 0.000 0.000 0.000 0.000 0.000 0.000 0.000 0.000 38.245 23.246 0.000 0.000 0.000 0.000 32.300 35.308 34.316 31.325 27.335 27.346 25.358 29.373
48.215 48.217 48.218 48.220 48.220 48.219 48.215 48.209 48.197 48.180 48.157 48.129 50.099 50.070 49.044 48.023 48.006 49.993 38.983 0.000 0.000 0.000 0.000 0.000 0.000 0.000 0.000 0.000 0.000 0.000 0.000 0.000 0.000 0.000 0.000 0.000 0.000 0.000 19.690 20.741 54.838 23.978 21.143 21.282 33.379 42.445 21.484 21.497 20.476 0.000 0.000 0.000 0.000 0.000 0.000 0.000 0.000 0.000 0.000 0.000 0.000 34.246 35.247 22.250 0.000 28.276 30.282 34.293 33.301 31.310 30.318 26.326 34.334 37.341 0.000
47.241 46.244 48.248 48.252 48.255 48.256 48.255 48.250 48.239 48.220 48.191 48.155 48.117 48.083 48.055 48.033 49.016 32.004 0.000 0.000 8.949 22.947 0.000 0.000 0.000 0.000 0.000 0.000 0.000 0.000 0.000 0.000 0.000 0.000 0.000 0.000 0.000 0.000 15.359 26.445 49.581 20.784 18.057 21.245 21.344 21.404 21.440 21.456 21.455 18.454 0.000 0.000 0.000 0.000 0.000 0.000 0.000 0.000 0.000 0.000 0.000 29.246 25.248 31.252 26.260 34.270 34.279 33.288 29.296 32.303 27.310 26.317 26.324 19.332 0.000
37.266 37.271 46.280 48.287 48.293 48.298 48.301 48.299 48.290 48.271 48.236 49.183 50.133 48.092 48.061 48.038 48.024 0.000 0.000 8.960 18.953 28.947 27.943 20.940 12.938 0.000 0.000 0.000 0.000 0.000 0.000 0.000 0.000 0.000 0.000 18.444 21.508 21.656 18.942 18.101 27.259 15.521 0.000 17.297 21.350 21.390 21.417 21.431 20.436 0.000 0.000 0.000 0.000 0.000 0.000 0.000 31.232 42.232 0.000 0.000 30.242 28.245 28.248 25.252 33.259 34.267 34.275 31.284 34.292 34.298 32.304 27.309 16.312 0.000 0.000
19.288 24.297 43.315 49.327 48.334 48.343 48.353 48.357 48.354 48.339 50.301 36.209 32.144 47.092 52.061 49.038 44.019 26.001 28.986 34.970 28.956 29.948 8.944 1.941 0.000 0.000 0.000 0.000 0.000 0.000 0.000 0.000 0.000 0.000 9.380 15.381 18.425 18.518 18.655 18.760 20.834 0.000 0.000 0.000 16.370 21.391 21.408 21.418 21.423 0.000 0.000 0.000 0.000 0.000 0.000 0.000 48.232 30.233 28.235 28.237 28.240 28.243 26.246 31.251 34.257 34.264 30.271 34.281 34.290 33.295 27.299 28.302 18.304 0.000 0.000
3.302 18.318 37.356 50.373 51.377 51.389 49.411 48.426 49.432 48.431 49.424 0.000 0.000 6.073 24.056 45.036 52.014 50.000 49.988 35.978 0.000 0.000 0.000 0.000 0.000 0.000 0.000 0.000 0.000 0.000 0.000 0.000 0.000 0.000 0.000 14.277 18.294 16.338 17.401 19.453 20.483 0.000 0.000 0.000 0.000 14.397 21.405 21.412 18.417 0.000 0.000 0.000 0.000 0.000 0.000 0.000 0.000 44.234 27.235 27.237 28.239 27.242 27.245 33.249 34.254 32.261 20.266 0.000 38.291 32.294 32.296 32.298 18.299 0.000 0.000
0.000 0.000 22.422 28.435 22.412 24.427 41.481 49.504 45.519 38.530 37.541 0.000 0.000 0.000 0.000 0.000 17.005 42.998 49.991 0.000 0.000 0.000 0.000 0.000 0.000 0.000 0.000 0.000 0.000 0.000 0.000 0.000 0.000 0.000 0.000 14.158 20.138 19.142 28.158 29.168 19.164 0.000 0.000 0.000 0.000 0.000 18.405 19.408 0.000 0.000 0.000 0.000 0.000 0.000 0.000 0.000 0.000 49.234 52.235 32.236 26.238 24.240 34.243 34.246 29.250 0.000 0.000 0.000 0.000 37.293 34.294 34.295 24.296 0.000 0.000
0.000 0.000 3.477 12.534 0.000 0.000 13.582 42.594 33.610 29.633 43.670 10.745 0.000 0.000 0.000 0.000 0.000 0.000 18.989 0.000 0.000 0.000 0.000 0.000 0.000 0.000 0.000 0.000 0.000 0.000 0.000 0.000 0.000 0.000 0.000 5.059 18.961 16.933 46.922 39.901 17.842 19.684 0.000 0.000 0.000 0.000 13.404 0.000 0.000 0.000 0.000 0.000 0.000 0.000 0.000 0.000 0.000 0.000 37.235 54.236 39.238 33.239 34.241 29.243 0.000 0.000 0.000 0.000 0.000 29.291 34.292 34.293 29.294 0.000 0.000
0.000 0.000 0.000 44.691 1.750 0.000 2.675 34.681 36.697 47.724 49.764 52.821 58.885 0.000 0.000 0.000 0.000 0.000 0.000 0.000 0.000 0.000 0.000 0.000 0.000 0.000 0.000 0.000 0.000 0.000 0.000 0.000 0.000 0.000 0.000 0.000 11.716 19.709 49.698 31.672 19.619 18.528 23.428 0.000 0.000 0.000 0.000 0.000 0.000 0.000 0.000 0.000 0.000 0.000 0.000 0.000 0.000 0.000 0.000 0.000 42.238 32.239 30.240 0.000 0.000 0.000 0.000 0.000 28.288 27.289 29.291 23.292 0.000 0.000 0.000
0.000 0.000 21.857 39.808 47.808 16.803 29.763 52.758 49.774 48.803 48.843 48.893 48.951 55.025 58.072 14.098 0.000 0.000 18.186 32.186 25.185 27.183 0.000 0.000 0.000 0.000 0.000 0.000 0.000 0.000 0.000 0.000 0.000 0.000 0.000 0.000 12.479 41.489 43.490 20.473 18.436 18.381 21.329 0.000 0.000 0.000 0.000 0.000 0.000 0.000 0.000 0.000 0.000 0.000 0.000 0.000 0.000 0.000 0.000 0.000 0.000 0.000 0.000 0.000 0.000 0.000 0.000 30.287 25.288 23.288 0.000 0.000 0.000 0.000 0.000
45.969 48.946 48.908 46.877 44.860 45.841 47.818 47.818 48.841 49.874 49.913 48.957 42.004 46.054 49.094 53.126 57.160 58.179 50.187 46.189 43.187 38.184 40.180 33.177 0.000 0.000 0.000 0.000 0.000 0.000 0.000 0.000 0.000 0.000 0.000 36.118 25.234 54.282 45.300 32.296 19.273 18.233 18.180 22.098 18.096 0.000 0.000 0.000 0.000 0.000 0.000 0.000 0.000 0.000 0.000 0.000 0.000 0.000 0.000 0.000 0.000 0.000 0.000 0.000 0.000 0.000 0.000 0.000 0.000 0.000 0.000 0.000 0.000 0.000 0.000
48.993 43.964 41.953 40.936 34.914 31.884 32.852 32.855 38.898 43.942 43.981 37.019 21.056 36.094 49.126 49.154 49.177 49.191 49.197 49.197 50.192 50.186 53.180 54.176 54.171 54.169 0.000 0.000 0.000 0.000 0.000 0.000 0.000 0.000 0.000 8.003 34.058 39.105 23.133 40.140 28.128 18.100 18.061 21.018 0.000 0.000 0.000 0.000 0.000 0.000 0.000 0.000 0.000 0.000 0.000 0.000 0.000 0.000 0.000 0.000 0.000 0.000 0.000 0.000 0.000 0.000 0.000 0.000 0.000 0.000 0.000 0.000 0.000 0.000 0.000
19.049 0.000 14.007 28.000 25.980 5.931 0.000 0.000 6.957 24.017 23.052 16.082 11.111 21.140 42.166 50.188 49.205 49.214 49.216 49.210 49.200 53.192 28.182 16.176 15.171 19.168 22.166 0.000 0.000 0.000 0.000 0.000 0.000 0.000 0.000 5.836 41.890 24.949 16.988 27.004 38.000 21.980 17.946 17.898 23.825 0.000 0.000 0.000 0.000 0.000 0.000 0.000 0.000 0.000 0.000 0.000 0.000 0.000 0.000 0.000 0.000 0.000 0.000 0.000 0.000 0.000 0.000 0.000 0.000 0.000 0.000 0.000 0.000 0.000 70.300
9.107 0.000 2.082 17.078 13.075 0.000 0.000 0.000 0.109 14.117 12.130 12.148 13.169 11.190 30.211 47.229 49.241 49.247 49.244 49.229 48.209 11.199 0.000 0.000 0.000 0.000 0.000 0.000 0.000 0.000 0.000 0.000 0.000 0.000 12.473 29.615 46.721 23.814 17.867 15.890 32.890 34.874 20.846 17.806 17.752 20.689 29.660 0.000 0.000 0.000 0.000 0.000 0.000 0.000 0.000 0.000 0.000 0.000 0.000 0.000 0.000 0.000 0.000 0.000 0.000 0.000 0.000 0.000 0.000 0.000 0.000 0.000 0.000 0.000 68.377
22.166 18.180 13.159 12.156 13.171 15.225 16.252 19.259 18.246 14.208 13.203 13.212 13.227 12.244 19.261 41.276 50.287 49.291 51.284 23.256 0.000 0.000 0.000 0.000 0.000 0.000 0.000 0.000 0.000 0.000 0.000 1.265 5.268 19.271 16.333 37.432 34.565 8.719 15.780 17.799 19.797 32.783 24.759 19.728 17.692 16.656 33.633 24.619 18.618 0.000 0.000 0.000 0.000 0.000 0.000 0.000 0.000 0.000 0.000 0.000 0.000 0.000 0.000 0.000 0.000 0.000 0.000 0.000 0.000 0.000 0.000 0.000 0.000 4.632 81.523
12.214 13.217 13.213 13.216 13.230 13.255 13.272 13.280 13.277 13.266 13.265 13.273 13.285 13.300 11.315 32.329 49.340 51.347 47.348 0.000 0.000 0.000 0.000 0.000 0.000 0.000 0.000 0.000 0.000 0.000 0.000 0.000 0.000 3.213 20.157 46.216 20.390 0.000 3.737 18.729 16.718 20.703 21.682 30.658 19.632 17.610 16.599 12.608 0.000 0.000 0.000 0.000 0.000 0.000 0.000 0.000 0.000 0.000 0.000 0.000 0.000 0.000 0.000 0.000 0.000 0.000 0.000 0.000 0.000 0.000 0.000 0.000 9.829 74.741 84.649
13.260 13.262 13.263 13.268 13.278 13.293 13.306 12.313 12.316 13.317 13.321 13.330 13.342 13.356 12.372 20.387 35.400 46.410 34.415 0.000 0.000 0.000 0.000 0.000 0.000 0.000 0.000 0.000 0.000 0.000 0.000 0.000 0.000 0.000 28.867 53.887 0.000 0.000 1.700 19.663 17.645 16.629 24.610 35.590 23.570 17.554 21.545 0.000 0.000 0.000 0.000 0.000 0.000 0.000 0.000 0.000 0.000 0.000 0.000 0.000 0.000 0.000 0.000 0.000 0.000 0.000 0.000 0.000 0.000 0.000 0.000 0.000 66.918 80.855 80.777
13.306 13.308 13.311 13.316 13.325 13.335 13.345 17.354 18.360 14.366 13.374 13.385 13.398 13.414 13.431 12.448 15.465 24.480 24.489 0.000 0.000 0.000 0.000 0.000 0.000 0.000 0.000 0.000 0.000 0.000 0.000 0.000 0.000 0.000 32.560 47.579 0.000 0.000 0.000 16.585 17.573 17.558 16.541 21.523 23.506 19.493 21.485 0.000 0.000 0.000 0.000 0.000 0.000 0.000 0.000 0.000 0.000 0.000 0.000 0.000 0.000 0.000 0.000 0.000 0.000 0.000 0.000 0.000 0.000 0.000 0.000 51.177 60.069 59.985 59.905
13.353 13.355 13.358 13.363 13.370 13.379 12.388 24.397 29.406 16.415 13.426 13.439 13.454 13.472 13.491 13.512 13.534 12.556 15.575 0.000 0.000 0.000 0.000 0.000 0.000 0.000 0.000 0.000 0.000 0.000 0.000 0.000 0.000 13.059 55.234 29.292 29.234 0.000 0.000 2.519 19.506 17.491 17.474 15.457 31.440 35.427 29.418 0.000 0.000 0.000 0.000 0.000 0.000 0.000 0.000 0.000 0.000 0.000 0.000 0.000 0.000 0.000 0.000 0.000 0.000 0.000 0.000 0.000 0.000 0.000 25.370 76.285 62.196 75.120 96.993
13.400 13.402 13.405 13.410 13.417 13.425 12.434 25.443 31.453 15.465 13.477 13.492 13.510 13.530 13.552 13.577 13.605 13.638 13.680 19.749 0.000 0.000 0.000 0.000 0.000 0.000 0.000 11.106 19.108 23.121 0.000 0.000 8.725 46.885 45.028 25.123 7.178 0.000 0.000 2.467 19.444 18.426 21.408 16.391 25.374 48.357 45.344 0.000 0.000 0.000 0.000 0.000 0.000 0.000 0.000 0.000 0.000 0.000 0.000 0.000 0.000 0.000 0.000 0.000 0.000 0.000 0.000 0.000 0.000 0.000 62.456 118.395 101.322 123.221 101.804
10.447 11.449 12.452 12.457 13.463 13.471 11.480 26.490 29.501 12.514 13.529 13.545 13.565 13.587 13.612 13.641 13.674 13.712 13.760 13.820 19.885 0.000 0.000 0.000 0.000 0.000 0.000 0.000 18.097 14.137 17.230 21.367 33.568 50.729 34.871 2.996 0.000 0.000 0.000 1.423 18.379 21.362 34.344 20.326 30.307 31.286 50.258 54.202 37.178 0.000 0.000 0.000 0.000 0.000 0.000 0.000 0.000 0.000 0.000 0.000 0.000 0.000 0.000 0.000 0.000 0.000 0.000 0.000 0.000 48.708 58.603 59.521 62.444 81.412 100.989
31.494 26.496 21.499 19.504 15.510 11.518 11.527 26.537 29.550 11.563 13.579 13.597 13.618 13.642 13.670 13.701 12.738 11.780 12.829 12.887 12.952 19.021 0.000 0.000 0.000 0.000 0.000 0.000 24.049 18.100 13.187 26.305 49.451 43.594 11.731 0.000 0.000 0.000 0.000 0.000 17.308 22.298 29.283 24.264 29.245 28.224 41.200 35.172 28.156 1.141 0.000 0.000 0.000 0.000 0.000 0.000 0.000 0.000 0.000 0.000 0.000 0.000 0.000 0.000 0.000 0.000 0.000 0.000 25.901 53.815 122.725 86.650 118.526 102.190 100.232
51.541 50.543 46.546 41.551 37.557 32.565 27.574 23.585 18.598 12.612 13.629 13.648 13.671 13.696 12.726 14.759 20.798 25.842 24.892 22.950 17.015 12.092 16.188 22.249 0.000 0.000 0.000 5.863 28.952 20.029 16.114 39.217 51.339 7.465 0.000 0.000 0.000 0.000 0.000 3.228 16.247 21.242 37.225 27.205 20.185 13.166 19.149 37.133 34.125 40.129 0.000 0.000 0.000 0.000 0.000 0.000 0.000 0.000 0.000 0.000 0.000 0.000 0.000 0.000 0.000 0.000 0.000 0.000 60.989 51.923 61.847 84.733 60.898 100.345 91.676
