results1/res_4e8f-0216.wd
ncols         241
nrows         181
xllcorner     12693529.787448
yllcorner     3542525.717860
cellsize      155.156523
NODATA_value  -9999.000000
[rows 66 to 98 of 181, columns 73 to 145 of 241]
71.916 35.901 0.000 61.062 78.038 77.006 76.977 0.000 48.369 48.353 61.366 57.376 56.356 56.309 55.240 131.140 118.966 0.000 0.000 0.000 51.679 46.616 51.520 54.456 54.403 56.354 57.305 62.247 63.194 64.148 55.117 0.000 0.000 52.413 102.413 84.327 88.193 88.284 86.337 94.255 86.749 87.228 87.968 86.741 86.520 87.316 57.161 0.000 0.000 0.000 0.000 0.000 0.000 0.000 43.652 41.628 41.587 41.531 41.464 41.395 45.321 58.242 55.164 40.089 51.014 59.941 38.868 41.795 47.723 52.652 48.582 42.513 40.445
56.919 62.887 0.720 49.292 73.248 72.217 66.219 19.305 0.000 0.000 54.446 67.525 56.525 55.494 56.449 37.407 0.000 0.000 0.000 0.000 0.000 0.000 62.451 60.424 58.390 41.348 44.298 51.242 52.202 57.170 48.143 0.000 0.000 0.000 62.656 80.564 87.502 87.596 94.681 94.475 86.820 87.509 87.220 87.010 86.800 81.613 39.481 0.000 3.668 36.668 0.000 0.000 0.000 49.735 44.698 41.663 41.619 41.566 41.504 41.437 41.366 41.292 48.217 62.143 63.069 45.996 39.924 40.852 41.782 45.711 44.642 40.574 40.507
58.933 57.864 62.734 60.538 74.445 67.394 68.377 65.391 0.000 0.000 0.000 69.754 64.727 59.691 61.657 8.633 0.000 0.000 0.000 0.000 0.000 0.000 61.409 57.399 48.386 0.000 0.000 49.222 61.202 60.186 0.000 0.000 8.363 65.243 56.989 60.811 67.889 82.950 94.872 86.557 88.113 87.677 87.489 87.272 85.059 67.855 46.668 52.668 50.668 31.668 0.000 0.000 0.000 7.771 58.744 40.707 41.662 45.609 53.549 43.484 41.415 40.343 44.270 59.197 66.123 58.051 43.979 38.909 40.839 40.770 40.702 40.634 39.567
58.979 56.903 60.802 71.684 65.598 58.539 77.504 66.491 18.508 0.000 12.160 62.011 77.936 72.887 72.853 75.835 0.000 0.000 0.000 0.000 7.361 7.366 59.378 50.376 53.370 0.000 0.000 0.000 97.198 124.186 39.170 0.000 64.483 59.379 59.216 59.123 55.205 95.224 95.054 87.602 91.208 87.955 87.747 87.533 79.307 32.081 0.000 54.668 32.668 0.000 0.000 0.000 46.878 45.835 44.798 40.758 44.712 56.659 61.600 59.535 52.467 42.395 51.323 59.250 38.177 44.105 57.034 53.964 49.895 57.828 38.761 40.693 38.626
57.040 62.968 72.886 64.798 56.723 56.661 69.609 77.561 73.525 76.450 78.308 73.195 68.119 70.067 59.035 58.018 0.000 0.000 0.000 8.354 64.357 63.359 51.361 53.357 54.347 58.326 57.313 0.000 8.205 2.190 1.138 10.886 70.707 63.573 58.410 59.500 57.545 95.380 57.217 64.807 79.404 87.225 88.012 85.806 44.557 0.000 0.000 0.000 0.000 0.000 0.000 47.947 41.922 41.891 41.857 42.817 52.769 61.715 60.655 60.590 56.521 52.449 62.376 45.303 40.230 41.158 41.087 51.018 63.951 50.885 38.819 39.753 45.686
63.110 74.045 63.974 56.901 57.834 57.773 59.711 43.618 69.581 67.518 59.427 56.342 55.276 71.230 73.200 60.185 0.000 0.000 0.000 64.352 60.352 57.352 50.350 54.345 54.335 54.319 54.299 13.268 16.229 17.199 19.150 87.023 83.889 72.757 71.711 60.708 95.657 95.525 59.268 65.918 60.694 67.498 86.271 61.122 0.000 0.000 0.000 0.000 0.000 0.000 0.000 47.973 41.970 41.951 41.921 42.882 51.833 61.778 60.716 59.648 56.578 61.504 55.430 39.355 41.281 41.209 41.139 51.071 59.005 37.942 40.879 43.814 62.746
74.187 64.126 57.063 57.999 57.938 58.885 39.845 0.000 26.665 54.613 57.541 57.470 57.415 55.375 79.349 63.337 0.000 0.000 0.000 41.350 58.348 52.346 53.343 54.337 54.328 54.316 54.298 65.275 5.243 9.226 26.236 79.165 89.062 10.950 92.871 83.062 95.773 57.837 71.482 68.126 57.997 54.802 51.454 36.288 0.000 0.000 43.548 0.000 0.000 0.000 0.000 44.003 42.032 42.024 41.996 41.955 42.905 48.846 56.781 56.711 56.637 60.561 38.484 41.407 41.332 40.259 46.189 63.122 46.058 39.998 42.940 23.880 24.797
64.268 57.212 58.153 58.093 58.036 60.983 16.938 14.903 7.799 52.727 57.656 59.582 57.537 56.506 74.486 70.477 0.000 0.000 0.000 0.000 49.343 52.341 54.338 54.333 54.326 54.316 56.304 42.289 0.000 0.000 76.403 79.338 90.247 96.118 90.222 88.259 95.872 78.885 81.588 66.430 59.336 52.262 0.000 0.000 0.000 0.000 41.548 0.000 0.000 0.000 0.000 0.097 45.132 42.115 42.083 42.039 41.984 41.922 41.852 48.777 56.698 44.618 41.537 41.457 41.380 44.305 57.235 57.169 39.107 41.051 44.003 10.968 0.000
57.353 58.299 58.243 58.186 58.129 58.074 62.022 62.971 62.903 58.840 58.772 38.666 55.645 56.625 72.612 71.608 0.000 0.000 0.000 0.000 48.339 54.338 54.335 54.331 54.326 54.320 42.312 0.000 0.000 4.769 81.635 87.540 90.440 90.386 89.465 96.006 88.364 91.081 85.770 70.713 60.653 59.649 59.783 0.000 0.000 0.000 38.548 45.548 38.547 0.000 0.000 0.000 60.250 41.222 42.182 42.132 42.072 43.004 41.928 41.847 41.762 41.675 41.589 41.505 40.425 46.348 61.277 38.211 41.151 41.097 43.052 18.021 0.000
58.442 58.389 58.334 58.277 58.220 58.162 58.107 58.054 58.004 57.959 61.924 0.000 48.752 57.739 73.729 68.735 4.781 0.000 0.000 0.000 53.337 56.336 56.334 56.331 54.328 57.325 0.000 0.000 0.000 73.902 79.830 90.745 90.627 90.735 88.784 96.210 89.496 94.140 90.031 90.965 78.916 66.897 55.917 50.917 52.917 0.000 0.000 44.548 39.547 45.541 46.526 44.488 50.395 60.342 42.291 43.234 52.169 59.094 41.010 41.920 41.827 41.732 41.639 40.550 45.465 64.386 58.314 47.248 40.188 41.134 43.087 58.044 75.997
58.535 58.482 58.427 58.370 58.310 58.248 58.188 61.134 59.099 58.066 62.043 0.000 48.872 57.849 74.829 66.821 6.828 0.000 0.000 0.000 26.336 36.335 35.333 35.331 56.329 41.327 0.000 0.000 0.000 76.106 86.040 90.952 90.911 90.015 96.830 96.537 90.558 91.401 90.260 90.204 91.150 82.106 47.071 0.000 0.000 0.000 0.000 42.550 42.551 39.551 41.549 42.541 41.502 48.458 62.406 45.346 43.275 53.192 41.099 41.998 41.892 41.787 41.686 41.589 49.500 62.418 49.345 61.278 39.219 40.165 45.117 66.070 78.022
58.629 58.576 58.522 58.465 58.403 61.333 63.264 35.196 56.190 59.166 61.138 21.112 52.014 56.958 68.917 66.892 7.882 0.000 0.000 0.000 0.000 0.000 2.332 2.331 37.330 0.000 0.000 0.000 24.543 74.377 91.272 91.154 91.271 89.357 97.096 89.139 94.847 90.543 90.498 90.431 90.373 80.308 41.189 0.000 0.000 0.000 0.000 0.000 45.557 46.562 33.579 41.626 42.615 42.580 46.531 62.468 45.392 42.301 42.196 42.079 41.958 41.840 39.727 45.622 64.527 45.442 44.368 58.302 42.244 40.192 47.144 73.099 78.053
58.725 58.672 58.619 58.565 60.504 36.415 38.340 0.000 18.299 54.269 58.230 62.184 58.116 61.051 65.988 70.946 9.927 0.000 0.000 0.000 0.000 3.331 55.331 62.331 0.000 0.000 0.000 7.827 83.709 85.590 91.485 91.442 90.561 97.576 97.344 90.198 90.914 90.787 90.718 90.656 89.602 69.563 0.000 0.000 0.000 0.000 0.000 0.000 0.000 37.562 0.000 48.768 45.752 41.718 41.668 43.604 60.524 49.425 41.304 42.163 42.021 40.886 45.761 47.646 46.543 43.455 41.382 41.319 41.263 42.214 55.169 77.127 78.086
58.820 58.767 58.718 58.671 63.633 1.618 0.000 24.528 16.439 50.381 59.330 57.277 59.214 71.143 43.037 36.979 1.953 0.000 0.000 0.000 0.000 53.331 59.331 61.331 0.000 0.000 0.000 70.944 75.876 89.789 91.673 91.804 89.900 97.789 89.692 91.370 91.065 91.007 90.934 90.870 82.816 59.779 0.000 0.000 0.000 0.000 0.000 0.000 0.000 0.000 0.000 52.926 47.907 41.871 39.820 42.756 42.675 58.571 51.433 42.249 43.077 40.923 47.784 47.657 44.543 38.455 41.385 41.327 43.277 57.232 76.192 78.155 81.121
59.913 57.860 57.812 57.770 60.737 30.724 27.698 59.618 64.546 58.487 56.433 63.378 73.322 76.270 0.204 0.000 0.000 0.000 0.000 0.000 0.000 21.331 28.331 30.331 0.000 0.000 0.000 73.130 81.066 90.978 91.970 91.009 98.183 97.992 90.721 91.427 91.290 91.214 91.142 91.076 73.014 54.958 0.000 0.000 0.000 0.000 0.000 0.000 0.000 0.000 0.000 51.104 49.079 49.038 45.986 38.924 40.848 41.751 57.607 57.324 54.115 50.944 43.795 42.656 39.517 40.437 41.377 45.328 65.284 77.245 77.211 78.180 77.153
74.001 72.949 71.901 69.859 66.823 67.792 67.754 64.698 65.641 67.587 67.536 73.482 75.424 33.347 0.000 0.000 0.000 0.000 0.000 0.000 0.000 0.000 0.000 0.000 0.000 11.638 19.559 74.380 91.272 92.181 92.131 91.360 98.361 90.192 91.869 91.558 91.495 91.415 91.344 89.277 71.204 42.081 0.000 0.000 0.000 0.000 0.000 0.000 0.000 0.000 0.000 41.307 45.267 48.217 49.162 48.105 45.043 40.978 34.919 0.000 0.000 0.000 0.000 0.000 43.432 41.398 44.360 65.322 78.287 77.255 78.226 81.200 77.179
70.085 72.033 70.985 72.942 74.903 73.866 72.826 70.781 68.733 68.686 69.639 65.591 65.546 0.000 0.000 0.000 0.000 0.000 0.000 0.000 0.000 0.000 0.000 0.000 0.000 60.716 83.660 82.558 91.464 92.353 92.480 90.582 98.527 92.284 91.891 91.768 91.686 91.610 91.542 87.485 67.445 0.000 0.000 0.000 0.000 0.000 0.000 0.000 0.000 0.000 48.697 43.550 40.465 42.399 47.342 49.289 49.241 50.200 41.173 0.000 0.000 0.000 0.000 0.000 44.381 42.365 58.341 79.313 77.286 77.261 77.237 78.217 77.200
58.163 58.112 59.065 66.021 74.981 80.943 68.905 62.865 57.824 55.785 54.744 60.698 39.622 0.000 0.000 0.000 0.000 0.000 0.000 0.000 0.000 0.000 0.000 0.000 0.000 66.852 82.805 90.729 92.643 92.610 91.740 98.821 98.680 94.299 92.107 91.947 91.872 91.796 91.730 86.677 61.645 0.000 0.000 0.000 0.000 0.000 0.000 0.000 0.000 48.966 43.844 43.730 43.643 42.574 39.517 44.470 48.432 49.408 46.400 0.000 0.000 0.000 0.000 47.337 41.347 45.340 73.324 77.305 77.285 77.265 77.246 77.230 77.216
57.236 57.186 61.140 66.097 68.058 71.020 60.984 56.949 57.915 57.884 59.856 37.834 0.000 0.000 0.000 0.000 0.000 0.000 0.000 0.000 0.000 0.000 0.000 0.000 0.000 53.033 81.981 91.911 92.809 92.938 91.047 98.951 91.844 93.520 92.201 92.137 92.050 91.973 91.903 82.848 55.814 0.000 0.000 0.000 0.000 0.000 0.000 0.000 48.201 44.089 43.982 43.885 43.804 43.737 43.682 40.640 39.611 42.600 49.619 49.707 0.000 0.000 0.000 41.328 42.328 60.323 77.312 76.298 76.282 77.267 77.252 77.240 77.229
57.305 57.256 59.212 60.171 58.132 57.097 58.063 57.032 57.004 56.979 61.960 6.949 0.000 0.000 0.000 0.000 0.000 0.000 0.000 0.000 0.000 0.000 0.000 0.000 4.402 61.267 90.177 93.093 93.063 92.193 99.187 99.073 94.841 92.543 92.398 92.310 92.223 92.141 93.064 72.996 60.949 0.000 0.000 47.804 0.000 47.573 49.530 49.446 44.314 44.206 44.110 44.024 43.949 43.887 43.836 43.797 42.771 39.761 48.769 49.795 42.795 0.000 0.000 49.318 41.316 49.311 55.303 58.292 62.280 68.268 74.257 76.247 76.239
58.370 58.323 58.280 58.241 58.204 57.170 57.140 57.112 57.089 56.070 64.057 15.052 0.000 0.000 0.000 0.000 0.000 0.000 0.000 0.000 0.000 0.000 0.000 0.000 45.537 81.454 92.368 93.258 93.398 91.490 99.290 92.290 93.965 92.650 92.576 92.481 92.391 92.303 93.216 65.124 43.036 0.000 0.000 43.804 0.000 42.617 44.570 44.495 44.402 44.312 44.228 44.151 44.083 44.025 43.977 43.941 41.915 43.903 49.902 46.909 0.000 0.000 0.000 48.309 47.307 46.303 45.296 44.288 43.279 47.269 58.260 54.252 56.246
56.430 56.386 56.345 56.308 56.273 56.241 56.213 57.188 59.168 61.155 36.148 3.149 0.000 0.000 0.000 0.000 0.000 0.000 0.000 3.773 12.765 0.000 0.000 15.896 56.755 87.648 93.545 93.533 92.561 99.469 99.384 95.279 92.986 92.837 92.744 92.651 92.558 92.466 88.371 35.248 0.000 0.000 0.000 43.804 49.785 44.708 44.637 44.563 44.487 44.411 44.338 44.270 44.207 44.153 44.108 44.073 41.048 50.033 50.028 46.029 0.000 0.000 0.000 47.303 46.300 47.296 47.291 47.284 47.277 47.270 46.263 46.256 45.251
57.488 57.446 60.407 64.372 67.339 71.309 73.282 76.260 75.242 67.232 5.231 16.246 40.300 8.324 0.000 0.000 0.000 0.000 0.000 43.781 70.756 10.717 0.000 50.038 82.938 92.829 93.729 93.659 92.882 99.543 91.714 93.401 93.085 93.010 92.913 92.819 92.724 93.630 80.556 0.000 0.000 0.000 0.000 23.823 43.842 44.793 46.708 46.632 44.571 44.508 44.444 44.382 44.324 44.272 44.229 41.194 46.169 49.154 50.148 41.150 0.000 0.000 0.000 31.299 52.295 52.292 49.287 46.281 46.276 47.270 48.264 48.259 47.255
59.542 58.503 65.467 74.433 75.402 74.373 73.348 72.326 69.310 63.299 38.297 55.307 73.329 42.348 26.368 2.376 0.000 0.000 14.854 53.815 67.763 6.677 25.514 67.279 92.130 95.013 93.853 94.065 92.041 99.605 93.698 93.413 93.265 93.174 93.081 92.987 92.888 94.776 38.666 0.000 0.000 0.000 0.000 0.000 39.968 45.914 26.769 26.686 43.657 44.607 44.549 44.489 44.433 44.384 43.341 41.307 50.281 50.265 47.261 41.273 47.322 0.000 0.000 0.000 63.290 78.288 71.284 67.279 63.274 59.270 62.265 62.261 45.258
59.593 59.557 62.523 65.491 64.462 62.434 60.409 58.388 56.371 56.358 65.352 67.354 64.362 61.371 65.380 13.384 0.000 0.000 54.893 84.861 35.803 31.715 65.587 89.432 94.298 94.154 94.271 92.225 99.688 92.101 93.815 93.502 93.431 93.338 93.249 93.161 96.065 52.921 0.000 0.000 0.000 0.000 0.000 0.000 42.149 47.126 0.000 0.000 40.763 44.715 44.654 44.593 44.537 44.487 41.445 49.410 50.383 49.365 40.356 44.358 44.371 0.000 0.000 0.000 31.288 61.285 79.281 78.277 78.273 78.269 78.266 72.263 62.260
59.642 59.610 59.578 58.548 58.519 59.492 59.468 59.446 57.426 58.411 63.400 66.394 62.393 57.394 60.396 15.397 0.000 0.000 46.965 56.932 34.874 67.792 82.687 91.566 94.448 94.379 93.476 100.055 99.826 93.090 93.818 93.676 93.589 93.501 93.417 93.342 96.291 0.000 0.000 11.656 20.656 0.000 0.000 43.446 46.351 45.315 52.337 1.242 40.917 44.836 44.759 44.692 44.634 42.584 44.541 50.506 50.477 42.456 43.442 44.434 44.432 0.000 0.000 0.000 0.000 0.000 61.277 77.274 77.271 77.268 77.266 78.264 78.262
59.692 59.662 59.632 59.603 59.575 59.549 59.524 58.500 57.479 61.459 65.442 65.430 60.422 56.417 61.414 14.410 0.000 0.000 43.069 12.029 58.968 82.892 88.800 94.705 94.554 94.762 92.751 100.261 92.507 94.218 93.906 93.836 93.745 93.659 93.576 100.499 84.466 0.000 7.655 57.656 43.656 0.000 0.000 38.541 46.495 45.447 45.393 51.285 49.095 47.954 44.853 44.781 44.723 41.674 49.631 50.594 46.564 41.539 44.520 44.504 46.491 50.502 0.000 0.000 0.000 0.000 0.000 74.271 77.269 77.268 77.266 78.264 76.263
59.742 59.713 59.685 59.657 59.629 59.603 58.578 57.553 59.529 63.504 66.480 62.461 57.448 56.439 59.431 41.419 28.390 29.328 25.215 26.145 66.079 87.006 92.927 94.815 94.953 92.942 100.620 100.448 93.510 94.223 94.077 93.988 93.900 93.815 98.729 41.612 56.608 26.644 57.654 65.656 0.000 0.000 0.000 37.682 46.642 45.583 45.504 55.389 66.225 40.033 49.919 45.856 42.805 44.757 50.714 49.676 40.644 43.618 44.595 44.571 31.525 32.514 0.000 0.000 0.000 0.000 0.000 55.269 76.268 77.267 77.266 81.264 77.264
59.793 59.765 59.737 59.710 59.683 59.657 57.631 57.606 61.579 68.549 69.514 65.487 60.469 58.459 58.455 60.444 60.422 69.380 10.317 44.257 82.196 89.129 95.056 95.021 94.151 100.928 100.779 93.863 94.644 94.306 94.232 94.137 94.050 93.972 101.913 0.000 39.708 41.671 31.662 33.659 0.000 0.000 0.162 40.862 46.809 45.738 51.651 67.541 44.383 0.000 30.933 43.921 41.882 49.836 50.791 46.752 43.719 44.693 44.673 46.659 0.000 0.000 0.000 0.000 0.000 0.000 47.268 28.268 67.267 77.266 77.265 82.264 77.264
59.844 59.816 59.789 59.762 59.736 58.710 57.685 59.660 66.633 43.600 19.539 18.503 15.482 45.475 62.483 57.483 60.474 41.452 3.416 49.371 87.318 93.264 95.151 95.392 93.414 101.065 94.195 94.971 94.539 94.480 94.374 94.281 94.192 95.110 93.039 14.983 14.846 0.000 0.000 0.000 0.000 0.000 40.241 48.094 45.995 44.908 64.821 68.742 0.000 0.000 1.055 40.012 45.965 50.913 50.864 40.822 44.788 44.762 44.744 47.734 0.000 0.000 0.000 0.000 0.000 0.000 26.268 0.000 55.266 77.265 77.265 83.264 77.264
59.895 59.868 59.841 59.814 58.788 57.762 59.738 62.715 70.694 29.679 0.000 0.000 0.000 0.000 44.521 59.530 60.538 46.539 48.524 74.492 91.451 95.374 95.546 93.566 101.307 101.191 95.173 94.866 94.717 94.613 94.515 94.420 94.327 97.236 82.148 11.066 0.000 0.000 0.000 0.000 0.000 1.605 40.391 47.276 46.171 44.077 71.984 32.863 0.000 0.000 46.237 51.135 51.054 50.986 48.929 43.883 44.848 44.822 44.806 46.800 0.000 50.892 2.892 0.000 0.000 0.000 0.000 0.000 48.265 77.265 77.265 77.264 77.264
59.945 59.918 59.892 59.866 58.839 57.814 61.789 65.768 69.751 27.741 0.000 0.000 0.000 0.000 24.549 67.578 62.608 68.644 81.647 90.625 94.584 95.590 94.739 101.512 101.413 94.506 95.280 94.937 94.853 94.748 94.651 94.557 98.461 61.358 33.253 0.000 0.000 0.000 0.000 0.000 2.883 42.761 47.586 46.448 48.336 45.244 69.176 0.000 0.000 41.550 48.380 64.239 53.131 50.048 45.984 43.935 43.898 44.873 44.859 44.859 49.883 45.892 36.892 0.000 0.000 0.000 44.264 46.264 45.264 77.264 77.264 77.264 77.264
59.995 59.969 59.943 59.917 57.890 59.864 65.838 66.815 64.799 51.795 12.812 0.000 0.000 0.000 0.000 20.625 16.671 56.782 87.796 91.775 95.714 95.882 94.005 101.601 93.815 95.594 95.158 95.092 96.979 95.878 94.783 94.694 100.604 23.481 0.000 0.000 0.000 0.000 0.000 24.110 63.004 62.886 50.743 47.593 58.481 53.386 54.300 15.216 3.044 39.721 44.493 55.309 51.182 55.091 49.024 51.974 50.938 47.913 44.898 43.894 43.899 49.901 0.000 0.000 0.000 0.000 41.264 41.264 51.264 77.264 77.264 77.264 77.264
