results1/res_4e8f-0172.wd
ncols         241
nrows         181
xllcorner     12693529.787448
yllcorner     3542525.717860
cellsize      155.156523
NODATA_value  -9999.000000
[rows 132 to 164 of 181, columns 0 to 72 of 241]
96.060 101.060 105.059 105.059 107.058 107.056 101.055 92.053 78.051 67.048 66.045 67.042 66.039 65.034 70.030 84.025 95.019 100.012 100.005 96.996 88.985 79.973 70.957 64.938 69.914 71.884 70.850 71.811 69.778 64.748 78.718 101.689 68.665 0.000 0.000 0.000 8.437 60.431 72.426 69.406 71.391 77.382 95.383 81.389 65.398 64.409 64.423 76.440 97.458 38.477 11.500 6.534 0.000 0.000 0.000 0.000 0.000 0.000 0.000 0.000 0.000 0.000 2.784 0.784 27.785 7.724 11.662 52.573 75.438 79.342 79.238 89.327 116.794
74.065 76.064 79.064 85.063 95.062 101.061 106.059 106.057 99.055 85.052 74.050 68.046 72.043 79.038 92.034 107.029 106.023 103.016 103.008 105.999 105.988 101.976 89.961 77.943 69.922 64.897 65.869 64.840 65.813 73.789 95.766 103.748 15.736 0.000 0.000 0.000 18.443 46.450 64.475 73.472 74.460 71.448 72.452 82.458 77.464 70.472 74.481 82.492 95.505 36.520 22.539 28.568 8.598 0.000 0.000 0.000 0.000 0.000 0.000 0.000 0.000 0.000 0.000 0.000 9.876 0.000 59.693 81.619 77.504 86.481 77.548 116.914 105.675
66.069 66.069 66.068 68.068 73.067 77.065 84.064 93.062 101.060 104.057 98.054 96.051 98.047 101.043 100.038 93.033 84.027 82.020 82.013 87.004 92.993 99.981 102.968 101.951 90.933 80.912 75.890 73.867 82.846 98.827 99.811 85.800 18.795 0.000 0.000 0.000 0.000 0.000 47.554 74.546 53.530 41.499 56.519 71.526 86.530 90.533 92.537 93.543 89.550 16.560 3.569 31.601 28.628 16.658 22.672 16.677 0.000 0.000 0.000 0.000 0.000 0.000 44.115 14.063 79.968 101.909 134.767 90.745 85.801 66.762 102.830 107.355 107.265
67.074 67.074 67.073 67.073 66.072 65.070 67.069 72.067 78.065 88.062 98.059 100.056 93.052 83.048 77.043 69.038 65.032 65.026 65.018 67.010 72.000 77.989 84.976 96.962 101.946 103.929 102.911 98.893 101.877 94.862 76.851 68.846 47.849 5.871 0.000 0.000 0.000 0.000 40.641 73.626 16.616 0.000 49.598 74.597 93.596 101.594 87.592 90.591 76.593 34.599 0.616 58.637 27.657 19.674 30.679 30.683 1.688 0.000 0.000 0.000 0.000 31.221 50.167 123.107 152.030 134.914 118.472 117.421 109.095 107.740 107.620 107.492 72.715
67.079 67.079 67.078 67.078 67.077 67.075 67.074 66.072 66.070 69.067 75.065 74.061 70.058 66.054 66.049 66.044 67.039 67.032 67.025 67.017 66.008 64.998 66.987 72.974 79.961 88.947 96.932 92.918 81.905 69.894 65.886 70.883 78.884 54.892 32.899 32.890 18.866 19.821 55.743 76.703 26.691 8.706 68.679 100.669 102.662 81.656 84.647 83.634 71.633 60.642 11.647 39.658 13.689 1.701 14.690 1.688 3.693 1.690 0.000 0.000 0.000 12.278 75.224 81.143 77.132 78.293 76.270 108.062 107.961 107.854 75.056 77.836 79.710
67.084 67.084 67.084 67.083 67.082 67.081 67.079 67.078 67.076 67.073 66.070 66.067 66.064 67.060 67.055 67.051 67.045 67.039 67.033 67.026 67.017 67.008 66.998 65.988 64.976 65.965 69.953 67.942 66.932 70.923 73.917 72.914 70.914 72.915 72.914 69.905 69.886 73.854 48.808 34.750 23.740 41.748 86.743 100.736 80.729 73.720 72.704 52.667 48.663 11.689 0.000 0.000 1.773 3.776 0.000 0.000 7.704 22.686 37.644 7.582 21.503 84.358 91.347 89.420 87.407 88.490 108.251 108.159 89.296 96.089 88.946 94.720 86.565
67.090 67.090 67.089 67.089 67.088 67.087 67.085 67.084 67.082 67.079 67.077 67.073 67.070 67.066 67.062 67.058 67.053 67.047 67.041 66.035 73.027 75.019 67.011 66.002 64.992 65.982 67.973 70.964 73.956 72.950 67.945 68.943 75.941 78.941 74.938 68.931 65.919 74.902 5.884 0.000 8.771 81.802 90.808 77.805 69.798 89.790 35.783 0.000 0.000 1.835 2.864 2.864 2.837 3.829 0.000 0.000 32.733 74.708 103.666 64.605 97.492 105.653 102.617 101.709 108.510 108.428 108.341 101.376 103.257 102.957 101.820 100.755 18.674
67.096 67.096 67.095 67.095 67.094 67.093 67.092 67.090 67.088 67.086 70.083 70.080 68.077 72.073 70.069 67.065 67.061 67.056 66.051 64.045 75.038 83.031 69.024 66.016 68.008 71.000 72.992 71.986 68.980 70.975 75.972 77.970 78.969 78.968 73.966 67.962 76.956 95.949 14.944 0.000 0.000 55.883 78.882 75.877 79.869 99.859 33.854 0.000 2.902 2.883 2.893 2.890 2.867 4.874 0.000 30.835 82.790 98.744 101.680 106.683 103.852 100.844 108.736 108.665 108.590 100.681 101.469 102.345 102.028 102.002 94.936 71.846 0.000
67.102 67.102 67.101 67.101 67.100 67.099 67.098 67.097 67.095 68.093 75.090 75.087 52.084 20.080 41.076 71.073 65.069 68.065 74.060 77.055 77.049 73.043 69.037 70.030 73.024 72.017 71.011 73.006 77.002 76.999 78.997 77.996 68.996 63.996 65.996 78.996 97.995 107.995 29.997 0.000 0.000 30.964 86.959 88.953 95.941 94.924 30.920 0.000 2.922 0.930 1.935 2.937 0.000 8.925 34.923 78.887 100.816 103.840 102.935 102.942 102.038 108.872 108.805 100.881 101.684 102.549 102.338 102.196 102.155 94.090 86.050 0.000 0.000
67.108 67.108 67.108 67.107 67.106 67.106 67.105 67.103 67.102 69.100 78.098 89.095 65.091 2.088 8.081 56.081 82.079 74.075 72.071 72.066 70.061 69.056 71.050 73.045 71.039 67.034 69.030 81.026 83.023 73.021 67.020 64.021 64.022 69.024 83.026 99.029 96.033 80.040 52.052 20.080 14.081 58.049 87.039 69.033 60.020 51.975 16.981 1.056 0.986 21.979 12.977 2.986 0.000 27.979 78.962 100.890 103.097 102.097 102.211 109.060 108.999 108.937 100.939 102.827 102.542 102.418 102.366 102.295 96.222 83.161 73.125 0.000 0.000
67.115 67.114 67.114 67.114 67.113 67.112 67.112 67.111 67.109 69.108 79.106 66.103 22.097 4.098 0.000 24.091 78.089 70.085 72.082 71.078 69.073 72.069 73.064 70.059 67.055 63.050 73.047 87.044 74.043 64.042 65.043 70.045 80.048 91.052 102.056 95.062 73.069 68.079 87.092 94.107 95.114 99.112 74.115 35.122 7.130 0.000 1.222 1.230 0.000 34.993 22.007 2.052 33.075 79.027 101.059 103.260 102.286 109.224 109.172 109.118 101.202 102.003 102.895 102.596 102.583 102.526 102.453 103.364 91.287 62.204 51.164 9.164 3.164
66.121 66.121 67.121 67.120 67.120 67.119 67.119 67.118 67.117 70.116 80.115 51.114 0.000 10.110 48.111 50.104 67.100 69.096 57.093 39.089 77.085 72.081 68.077 67.073 65.070 67.066 83.064 86.062 68.062 71.063 83.065 92.069 101.073 99.079 87.085 73.093 66.103 82.114 86.128 74.143 55.157 53.169 41.186 21.210 10.248 4.328 2.359 22.379 17.395 0.000 0.000 27.129 79.183 102.303 103.335 101.455 109.323 109.275 101.361 102.175 103.055 102.864 102.744 102.722 102.672 102.622 105.555 69.425 49.356 0.000 0.000 0.000 0.000
75.128 73.128 70.127 68.126 65.127 65.127 65.126 65.126 64.125 69.125 81.124 64.124 45.125 53.120 71.118 67.114 64.111 70.107 65.104 52.101 72.098 66.094 65.091 65.087 67.084 81.081 89.079 55.078 47.079 97.081 102.086 97.091 86.097 76.104 68.113 64.122 75.134 87.147 55.163 30.181 13.201 4.223 21.249 20.283 10.326 11.377 14.412 42.428 26.411 0.000 0.000 59.420 101.462 100.595 109.460 109.416 109.371 101.396 103.292 103.019 102.913 102.884 104.843 99.794 101.766 102.739 113.718 0.000 0.000 0.000 0.000 0.000 0.000
76.136 78.135 84.133 85.132 85.133 82.134 83.134 82.134 81.133 81.133 83.132 66.132 70.131 69.129 66.127 69.124 69.121 68.118 73.116 75.113 69.110 63.107 65.104 67.101 81.098 86.095 75.093 69.093 78.094 101.099 84.105 75.113 67.120 65.129 67.139 66.150 80.163 89.179 53.197 29.217 17.242 19.271 22.306 14.348 15.394 21.443 23.483 16.509 0.000 0.000 37.666 79.683 109.579 109.541 109.502 101.626 102.434 103.335 103.045 103.043 104.003 103.959 76.916 54.856 89.856 103.851 108.860 48.918 0.000 0.000 0.000 0.000 0.000
69.144 63.143 16.138 18.137 27.141 74.142 71.142 71.142 71.142 75.141 84.141 65.140 66.139 65.138 68.136 72.134 73.131 71.129 70.127 73.125 74.123 71.120 65.118 82.115 88.112 79.109 85.106 102.105 99.107 81.114 69.124 65.134 67.143 67.152 66.163 71.176 87.190 89.207 81.227 84.250 55.279 17.314 9.357 8.407 20.461 27.516 17.569 14.619 6.645 32.804 80.839 109.648 109.615 101.765 102.577 103.466 103.280 103.167 103.154 104.108 102.069 96.030 21.010 0.000 71.951 106.948 103.955 102.975 0.000 0.000 0.000 0.000 0.000
67.155 59.155 0.000 0.149 9.150 70.150 66.151 66.151 66.150 70.150 84.149 62.149 66.148 70.147 72.145 73.144 70.142 67.140 65.138 67.137 77.135 90.134 85.132 86.130 63.127 57.123 109.117 95.114 62.116 22.124 42.144 70.155 67.165 67.175 69.186 62.199 46.215 36.233 48.253 88.278 64.308 17.348 12.400 7.462 16.526 21.592 15.661 20.723 20.805 58.936 109.698 100.953 104.693 103.600 103.415 103.306 103.284 103.250 104.210 104.174 69.137 45.084 31.084 34.091 85.050 106.036 102.037 93.052 11.087 0.000 0.000 0.000 0.000
67.165 67.166 50.171 0.160 10.159 71.159 67.159 67.159 66.159 67.158 82.158 69.157 72.157 74.156 73.155 68.153 65.152 66.151 66.150 65.149 75.148 98.147 94.146 81.145 74.143 65.138 41.124 30.118 17.117 0.000 23.173 72.178 67.186 69.196 52.207 26.221 11.237 8.255 50.276 67.300 36.329 8.371 11.431 16.518 23.588 19.665 13.761 6.847 10.143 58.165 109.762 103.841 103.604 103.427 103.413 103.379 103.340 103.304 101.271 92.242 25.220 0.000 42.150 101.141 106.120 104.108 98.105 88.110 6.121 0.000 0.000 0.000 0.000
64.174 66.174 63.176 0.000 6.169 71.168 66.168 64.168 66.168 70.167 74.167 73.166 73.166 71.165 65.164 66.163 66.163 67.162 67.161 72.161 90.160 89.160 82.160 91.161 89.161 60.162 0.000 0.000 0.000 0.000 21.196 72.199 67.206 70.215 41.226 3.240 37.256 63.275 83.296 52.318 4.337 0.424 0.500 5.589 15.642 15.724 15.835 10.085 6.762 109.943 109.855 102.746 103.595 103.497 103.465 103.428 103.393 105.359 90.328 73.301 33.281 9.272 57.226 87.201 96.182 105.170 94.164 83.164 5.166 0.000 0.000 0.000 0.000
71.182 69.182 58.183 0.000 57.178 65.177 67.177 71.177 72.176 73.176 71.176 72.175 70.175 66.174 66.174 67.174 67.173 66.173 68.173 91.173 90.173 72.173 85.174 83.176 87.180 85.186 48.203 4.213 13.219 43.220 48.215 68.217 67.223 67.232 62.243 54.257 71.273 70.292 64.314 86.338 34.360 0.450 0.525 9.615 14.668 12.748 13.847 37.997 62.391 110.026 105.071 104.822 104.563 103.551 103.513 103.478 104.444 102.411 57.381 34.354 46.330 47.309 101.280 103.257 83.238 93.225 88.218 61.214 26.213 0.000 0.000 0.000 0.000
72.189 73.189 70.190 58.192 72.188 72.187 72.186 73.185 73.185 74.185 86.185 68.184 66.184 66.184 67.184 67.184 67.183 68.183 82.184 93.184 68.185 72.186 99.188 91.190 79.194 82.201 85.210 69.218 74.223 89.226 82.228 70.231 63.237 63.246 74.257 90.271 77.288 49.307 21.331 76.360 65.399 14.465 17.528 22.598 18.667 9.755 11.822 53.102 105.349 110.104 102.051 104.704 105.634 103.598 103.562 103.527 96.493 86.461 43.431 14.403 23.377 24.353 85.329 127.307 108.289 84.276 76.267 55.262 64.260 17.260 0.000 3.453 7.453
77.196 77.196 73.196 73.197 73.196 74.195 74.194 70.194 67.194 66.194 29.194 19.193 70.193 67.193 67.193 67.193 66.194 69.194 93.194 79.195 64.196 70.198 87.200 104.203 99.207 96.213 94.219 90.225 86.230 85.234 93.238 90.242 84.249 80.258 83.269 87.283 49.299 13.319 12.342 28.370 24.413 9.469 18.521 28.580 24.651 15.750 8.908 52.159 110.247 110.177 104.943 106.789 103.678 103.647 104.610 100.575 84.541 77.509 83.478 89.450 73.423 95.398 110.375 127.354 136.336 120.322 82.312 87.307 62.304 0.000 0.000 0.000 0.000
16.204 17.203 77.203 72.203 72.203 67.203 64.203 66.203 61.202 14.202 14.202 3.202 71.203 67.203 67.203 67.203 67.204 85.204 92.205 65.206 67.208 67.209 70.212 76.215 78.218 78.223 74.228 77.233 93.238 86.242 77.247 80.252 87.259 91.267 94.278 91.291 66.307 31.327 14.348 13.367 0.000 2.477 13.508 22.551 6.601 0.000 22.115 82.360 110.315 102.283 106.011 105.749 103.734 103.694 104.657 99.622 86.588 52.555 59.524 102.495 113.467 145.442 136.418 108.397 96.378 113.364 92.354 86.348 61.346 0.375 0.000 0.000 0.000
3.211 12.210 26.208 81.210 66.211 64.211 66.211 66.211 67.211 14.211 5.211 60.211 68.212 67.212 67.213 67.213 69.214 93.214 78.215 64.217 67.218 67.220 67.223 66.226 66.229 66.233 65.237 72.242 101.246 80.250 11.255 19.260 31.267 82.274 92.284 76.297 81.313 68.333 20.357 17.382 2.416 7.454 20.484 12.516 0.000 0.000 40.279 110.445 110.381 105.166 106.908 102.816 103.779 103.740 103.703 103.667 90.633 53.600 68.568 105.538 101.510 135.483 130.459 99.437 104.417 90.402 71.391 89.385 67.385 1.400 0.000 0.000 0.000
65.220 61.220 0.000 73.219 83.219 84.219 65.219 77.219 84.220 60.220 58.220 68.220 67.221 67.221 67.222 67.223 86.224 90.224 65.226 67.227 66.229 65.231 67.233 67.236 67.239 67.243 66.246 74.250 103.254 84.258 30.263 3.267 54.273 79.280 92.288 71.298 61.313 20.337 13.363 16.387 14.413 22.439 26.457 0.488 0.000 19.197 81.450 110.507 102.420 106.144 105.887 103.866 103.823 103.785 103.747 104.711 95.676 84.643 107.610 132.580 120.550 137.523 134.497 128.474 135.453 101.436 78.423 88.415 96.413 25.419 0.000 0.000 0.000
67.228 66.229 61.231 67.229 66.228 14.228 88.228 80.228 67.228 68.228 68.229 67.229 67.230 67.231 67.231 70.232 93.233 76.234 66.235 67.237 73.239 81.241 67.243 65.246 67.249 66.252 69.255 93.259 101.262 76.266 64.270 52.274 74.278 73.283 34.289 19.296 16.305 0.000 5.373 5.391 6.411 7.431 9.444 0.000 22.249 79.407 101.583 110.567 103.383 104.026 103.949 103.908 103.867 103.828 103.790 104.754 95.718 78.684 74.651 107.620 97.589 111.561 114.533 102.508 104.485 76.465 53.449 67.439 134.435 87.436 22.444 12.448 34.451
67.235 67.236 67.236 67.236 67.236 61.235 77.236 93.236 69.236 66.237 67.237 67.238 67.239 67.240 66.241 89.242 91.243 65.244 67.245 68.246 65.248 27.251 86.253 81.256 68.258 66.261 84.264 103.267 87.270 67.273 67.276 68.280 71.283 75.287 12.290 13.293 0.000 2.364 17.366 0.000 0.387 0.000 0.000 0.000 45.358 102.539 110.681 110.625 103.267 104.102 103.986 103.951 103.909 103.870 103.832 102.795 87.759 89.725 109.691 128.658 127.627 132.597 137.568 124.540 122.513 109.490 58.471 56.458 132.451 96.448 34.447 27.449 92.452
67.243 67.243 67.243 67.243 67.243 67.243 67.244 78.244 93.245 69.245 66.246 67.247 67.248 65.249 73.250 94.251 74.252 66.253 68.254 66.255 8.258 5.261 74.263 75.265 81.268 80.270 88.273 87.275 68.278 66.280 68.283 71.286 76.288 76.290 0.000 0.000 0.000 4.361 28.362 15.361 16.361 15.361 0.000 6.457 53.602 107.752 110.735 102.604 104.320 104.055 104.035 103.991 103.950 103.911 103.872 103.835 89.799 85.764 106.730 107.696 107.663 110.632 110.601 109.570 114.540 87.509 63.486 78.471 93.463 32.459 0.000 0.000 36.455
67.250 69.250 69.250 67.250 67.250 67.251 67.251 67.252 78.253 93.254 69.255 64.256 64.257 81.258 93.259 87.261 64.262 67.263 63.264 9.262 6.268 60.271 67.273 67.275 73.277 90.279 90.281 83.283 76.285 68.288 55.290 25.292 90.294 70.295 0.000 0.000 0.000 3.358 17.359 10.359 24.360 13.360 0.000 6.606 26.701 110.841 110.788 103.473 104.208 104.114 104.072 104.030 103.990 103.950 103.912 104.875 99.838 89.802 84.767 83.733 83.699 83.666 83.633 87.601 61.566 5.523 31.493 87.478 83.469 44.466 6.466 0.000 35.458
68.257 5.257 6.256 67.257 66.258 65.258 65.259 64.260 64.261 77.262 92.263 85.264 92.266 94.267 81.269 65.270 72.272 72.273 60.275 0.000 8.280 71.281 67.283 69.285 93.286 100.288 78.290 69.291 76.293 83.295 71.297 7.298 50.300 68.301 0.000 0.000 0.000 4.354 10.356 7.358 21.359 0.000 0.000 6.682 12.004 110.892 108.723 104.437 104.179 104.156 104.110 104.068 104.028 103.989 103.950 103.913 104.876 103.840 101.804 100.769 100.734 101.700 103.666 77.633 19.599 0.000 16.485 72.477 103.472 94.468 67.467 43.465 60.461
67.264 66.264 1.264 66.265 77.265 81.266 85.267 90.268 93.269 94.270 94.271 94.273 80.274 67.276 83.278 100.280 101.282 101.284 94.287 72.293 7.291 68.292 66.293 75.294 103.296 90.297 67.298 66.300 68.301 71.302 62.304 7.305 27.307 27.308 0.000 0.000 0.000 10.348 5.352 0.000 4.359 0.000 14.688 15.927 6.472 110.941 112.673 108.312 104.233 104.189 104.147 104.105 104.065 104.026 103.988 103.951 103.914 103.878 103.841 103.805 104.768 107.733 79.699 12.666 0.000 5.479 0.000 17.474 73.471 104.469 95.468 71.466 48.463
67.271 69.271 65.272 67.272 82.272 81.273 77.274 73.275 72.276 68.278 89.279 79.281 90.283 81.285 97.287 93.289 86.292 87.294 98.297 104.300 93.301 94.302 86.303 94.304 102.305 75.306 66.307 67.308 67.309 66.310 66.311 68.312 63.314 12.317 72.323 63.328 2.333 4.339 0.000 0.000 0.000 5.660 83.713 80.918 111.033 110.988 106.550 107.379 104.262 104.225 104.182 104.141 104.101 104.062 104.025 103.988 103.951 103.915 103.879 105.840 110.799 79.765 19.732 0.000 0.000 2.479 1.479 0.000 14.471 65.470 100.469 50.468 0.000
69.278 5.278 64.279 67.279 67.279 67.280 66.281 67.283 69.284 67.286 79.287 74.289 83.292 94.294 82.296 67.299 68.301 69.304 70.306 75.309 88.310 98.312 104.313 102.314 91.314 67.315 67.315 67.316 67.316 67.317 68.317 91.318 64.319 4.321 68.325 18.329 12.333 5.336 0.000 0.000 0.000 15.638 103.844 106.055 111.077 104.881 104.589 104.324 104.303 104.257 104.216 104.175 104.136 104.098 104.061 104.024 103.988 103.953 105.918 90.879 44.824 11.794 0.000 4.479 2.479 22.479 29.479 0.000 0.000 36.471 98.470 50.470 0.000
70.284 3.284 64.285 67.285 67.286 67.287 67.288 68.290 6.291 66.293 70.295 81.298 81.300 89.303 94.305 80.308 65.311 65.313 65.316 67.318 69.320 70.322 71.323 71.323 70.324 69.324 65.324 65.324 66.324 67.324 78.324 92.324 63.324 57.325 59.326 0.000 0.000 5.336 0.000 0.000 0.000 19.724 102.844 111.162 111.120 103.738 104.469 104.374 104.332 104.289 104.248 104.208 104.170 104.132 104.096 104.060 104.025 103.991 108.960 64.934 0.000 0.000 2.480 0.480 2.480 17.479 24.479 0.000 0.000 39.472 99.472 58.472 0.000
