results1/res_4e8_norain-0018.wd
ncols         241
nrows         181
xllcorner     12693529.787448
yllcorner     3542525.717860
cellsize      155.156523
NODATA_value  -9999.000000
[rows 33 to 65 of 181, columns 75 to 149 of 241]
0.000 0.000 0.000 0.000 0.000 0.000 0.000 0.000 0.000 0.000 0.000 0.000 0.000 0.000 0.000 0.000 0.000 0.000 0.000 0.000 0.000 0.000 0.000 0.000 0.000 0.000 0.000 0.000 0.000 0.000 0.000 0.000 0.000 0.000 0.000 0.000 0.000 19.834 42.836 47.838 3.840 0.000 0.000 12.969 26.988 0.000 0.000 17.205 20.238 14.276 15.317 16.362 16.409 16.457 16.500 15.529 21.529 41.497 0.000 0.000 0.000 31.033 47.843 52.610 51.373 52.158 50.863 53.108 48.300 47.883 48.181 50.599 49.968 49.857 50.661
0.000 0.000 0.000 0.000 0.000 0.000 0.000 0.000 0.000 0.000 0.000 0.000 0.000 0.000 0.000 0.000 0.000 0.000 0.000 0.000 0.000 0.000 0.000 0.000 0.000 0.000 0.000 0.000 0.000 0.000 0.000 0.000 0.000 0.000 0.000 0.000 0.000 0.000 0.000 0.000 0.000 0.000 0.000 0.000 9.019 0.000 0.000 7.249 31.294 30.333 20.377 16.429 16.488 16.555 16.624 15.681 37.693 35.594 0.000 21.099 33.877 47.460 52.168 51.902 51.665 51.348 52.574 48.736 48.040 48.599 51.050 50.425 50.318 50.121 50.943
0.000 0.000 0.000 0.000 0.000 0.000 0.000 0.000 0.000 0.000 0.000 0.000 0.000 0.000 0.000 0.000 7.833 39.833 0.000 0.000 0.000 0.000 0.000 0.000 0.000 0.000 0.000 0.000 0.000 0.000 0.000 0.000 0.000 0.000 0.000 0.000 0.000 0.000 0.000 0.000 0.000 0.000 0.000 0.000 1.154 0.000 0.000 0.000 9.358 27.386 27.431 18.489 16.561 16.651 14.760 30.878 39.969 0.000 6.534 31.321 46.074 52.762 52.464 52.197 51.854 54.055 50.188 48.311 49.030 51.501 50.882 50.779 50.581 50.398 50.215
0.000 0.000 0.000 0.000 0.000 0.000 0.000 0.000 0.000 0.000 32.819 0.000 0.000 0.000 0.000 0.000 14.833 65.833 21.834 0.000 0.000 0.000 0.000 0.000 0.000 0.000 0.000 0.000 0.000 0.000 0.000 0.000 0.000 0.000 0.000 0.000 0.000 0.000 0.000 0.000 0.000 0.000 0.000 0.000 4.260 5.283 12.299 0.000 8.394 16.424 29.471 20.535 16.618 13.730 24.886 35.105 24.337 0.861 30.746 48.579 53.337 53.045 52.759 52.388 52.558 51.663 48.691 49.483 51.966 51.349 51.248 51.049 50.861 50.670 50.482
0.000 0.000 0.000 0.000 0.000 0.000 0.000 0.000 0.000 15.819 50.820 39.821 26.822 0.000 0.000 0.000 53.834 61.834 26.835 0.000 0.000 0.000 0.000 3.013 0.000 0.000 0.000 0.000 0.000 0.000 0.000 0.000 0.000 0.000 0.000 0.000 0.000 0.000 0.000 0.000 9.216 0.000 0.000 20.262 35.270 38.290 36.317 22.359 16.401 15.444 29.497 20.562 12.646 26.764 40.952 29.318 17.898 33.222 38.110 50.911 53.645 53.354 52.959 53.093 51.170 49.182 49.966 52.453 51.838 51.737 51.534 51.339 51.139 50.940 50.744
0.000 0.000 0.000 0.000 0.000 0.000 0.000 0.000 0.000 0.000 48.820 31.821 12.824 0.000 0.000 45.835 56.835 63.836 22.836 0.000 0.000 0.000 0.000 41.014 25.015 0.000 0.000 0.000 0.000 0.000 0.000 0.000 0.000 0.000 4.167 16.167 18.169 0.000 0.000 0.188 25.217 4.226 18.238 41.255 44.270 45.291 42.320 29.361 16.407 13.456 30.511 21.571 25.642 43.730 37.841 0.000 16.715 35.716 48.560 54.308 54.009 53.589 53.680 51.724 49.804 50.486 52.970 52.357 52.255 52.046 51.842 51.629 51.417 51.209 51.001
0.000 0.000 0.000 0.000 0.000 0.000 0.000 0.000 0.000 0.000 0.000 0.000 37.828 33.831 21.834 34.835 54.837 65.838 18.839 0.000 0.000 0.000 0.000 3.015 27.017 29.021 0.000 0.000 0.000 0.000 0.000 0.000 0.000 0.000 20.167 21.168 33.171 16.178 5.187 19.197 20.211 16.223 23.235 30.250 28.265 21.284 40.311 6.361 22.410 25.462 15.522 27.571 40.620 37.675 0.000 0.000 28.533 45.368 54.108 54.768 54.322 54.352 51.358 50.607 51.059 53.527 52.913 52.808 52.596 52.383 52.154 51.918 51.691 52.479 45.263
0.000 0.000 0.000 0.000 0.000 0.000 0.000 0.000 0.000 0.000 0.000 0.000 56.830 51.832 41.835 31.837 55.839 63.841 58.843 43.847 0.000 0.000 0.000 0.000 0.000 37.026 21.032 19.037 30.041 25.044 0.000 0.000 0.000 0.000 20.166 19.167 40.171 46.177 35.186 27.196 19.207 16.219 17.232 18.244 17.257 15.270 23.282 0.000 0.000 0.000 20.546 43.570 41.595 0.000 0.000 29.130 42.514 52.126 55.703 55.316 56.146 52.128 51.693 51.711 54.140 53.517 53.403 53.186 52.970 52.733 52.474 52.200 51.952 51.752 37.622
0.000 0.000 0.000 0.000 0.000 0.000 0.000 0.000 0.000 0.000 0.000 0.000 0.000 28.834 3.837 39.839 58.842 63.844 61.847 59.851 48.855 7.857 0.000 0.000 0.000 0.000 32.035 32.038 45.043 43.048 36.055 31.061 0.000 0.000 0.000 24.163 43.168 50.175 42.184 26.193 15.204 16.216 16.228 16.240 16.250 16.259 20.264 0.000 0.000 0.000 0.000 27.569 0.005 0.018 34.230 38.743 50.288 56.821 56.660 54.895 53.200 53.248 52.493 54.837 54.185 54.047 53.816 53.595 53.360 53.105 52.809 52.456 53.164 44.957 27.850
0.000 0.000 0.000 0.000 0.000 0.000 0.000 0.000 0.000 0.000 0.000 0.000 0.000 0.000 60.839 60.842 62.845 62.847 61.851 55.855 49.858 20.860 0.000 0.000 0.000 0.000 0.000 0.002 45.046 39.050 54.058 51.067 30.088 9.109 10.132 19.155 41.165 50.173 41.182 24.191 14.200 19.214 18.227 16.238 16.245 16.251 17.253 9.250 0.000 0.000 0.000 0.000 0.000 37.102 39.714 47.349 57.934 57.986 56.347 58.274 55.596 53.488 55.663 54.946 54.756 54.492 54.251 54.012 53.772 53.518 52.203 60.650 58.292 31.063 20.971
0.000 0.000 0.000 0.000 0.000 17.521 0.000 0.000 35.550 24.553 28.556 3.558 0.000 0.000 0.000 68.846 62.848 59.851 56.855 59.859 50.863 13.865 0.000 0.000 0.000 0.000 0.000 0.000 0.000 0.000 43.060 44.062 0.000 0.000 0.000 23.160 41.165 46.171 36.180 27.188 25.194 0.000 0.000 22.240 16.244 16.247 17.249 23.247 31.245 0.000 0.000 0.000 9.783 42.491 46.190 56.861 58.994 58.627 62.257 60.790 54.892 56.677 55.831 55.550 55.226 54.944 54.679 54.431 54.200 53.992 59.835 0.000 0.000 10.032 28.001
0.000 0.000 0.000 0.000 0.000 37.522 0.000 29.543 31.548 43.553 26.557 11.560 0.000 0.000 0.000 53.848 65.851 62.854 62.859 63.864 57.870 11.874 0.000 0.000 0.000 0.000 0.000 0.000 0.000 0.000 0.000 28.062 0.000 0.000 0.000 29.162 26.165 38.168 0.000 0.000 0.000 0.000 0.000 0.000 26.244 20.244 0.000 13.245 47.245 30.244 0.000 0.000 14.082 47.861 56.687 59.743 59.481 63.852 63.210 56.293 57.795 56.823 56.428 56.024 55.683 55.374 55.092 54.834 54.604 54.416 59.310 2.405 0.000 0.000 0.000
26.443 0.000 0.000 0.000 0.000 48.523 24.529 26.539 32.547 56.554 57.561 52.566 6.572 0.000 0.000 0.000 13.853 67.856 62.862 63.871 60.879 19.886 0.000 0.000 0.000 0.000 0.000 0.000 0.000 0.000 0.000 0.000 0.000 0.000 0.000 0.000 0.000 0.000 0.000 0.000 0.000 0.000 0.000 0.000 0.000 1.243 0.000 0.000 0.000 0.000 0.000 2.974 40.524 57.547 59.243 60.167 64.534 64.279 57.249 58.784 57.805 57.339 56.867 56.465 56.104 55.778 55.481 55.210 54.967 54.758 57.589 41.497 0.000 0.000 0.000
30.444 26.446 0.000 0.000 0.000 40.518 42.526 42.537 54.547 51.557 63.566 62.573 23.578 0.000 0.000 0.000 0.000 69.856 62.864 63.877 60.892 20.905 0.000 0.000 0.000 30.124 42.136 11.146 0.000 0.000 0.000 0.000 0.000 0.000 0.000 0.000 0.000 0.000 0.000 0.000 0.000 0.000 0.000 0.000 0.000 0.000 0.000 0.000 0.000 0.000 0.857 41.221 58.333 59.000 65.166 64.745 58.346 58.944 59.473 58.668 58.202 57.705 57.264 56.860 56.492 56.154 55.843 55.558 55.297 62.061 2.852 0.000 0.000 0.000 0.000
32.445 33.449 25.453 0.000 30.493 25.505 33.522 46.536 50.548 61.562 62.572 61.583 30.590 0.000 0.000 0.000 0.000 68.849 62.862 63.882 58.907 38.938 22.988 24.032 24.074 32.113 53.139 20.156 0.000 0.000 0.000 0.000 0.000 0.000 0.000 0.000 0.000 0.000 0.000 0.000 0.000 0.000 0.000 0.000 0.000 0.000 0.000 0.000 0.000 29.317 39.063 58.039 59.702 66.460 65.918 58.781 60.538 59.909 59.399 58.962 58.489 58.042 57.619 57.222 56.850 56.503 56.182 55.883 62.602 8.331 0.000 0.000 0.000 0.000 0.000
46.446 29.451 33.458 33.469 24.481 17.489 0.000 0.000 0.000 51.570 62.579 60.596 45.609 12.628 0.000 0.000 37.799 58.828 63.855 62.883 63.915 53.952 29.994 27.036 26.077 35.115 53.150 36.185 22.232 23.270 27.297 38.314 2.321 0.000 0.000 0.000 0.000 0.000 0.000 0.000 0.000 0.000 0.000 0.000 0.000 0.000 0.000 0.000 9.726 49.569 57.607 60.308 67.170 66.866 59.390 61.101 60.367 60.034 59.625 59.197 58.771 58.353 57.948 57.559 57.185 56.825 56.498 62.192 8.897 0.000 0.000 0.000 0.000 0.000 0.000
62.449 33.453 27.459 28.468 30.476 30.479 19.478 0.000 0.000 0.000 0.000 67.613 57.625 35.647 27.684 34.723 33.771 35.809 43.846 44.882 31.920 28.960 27.001 27.042 26.082 35.122 50.161 29.201 26.243 31.280 47.308 50.325 35.328 9.327 0.000 0.000 0.000 0.000 0.000 0.000 0.000 0.000 0.000 0.000 0.000 0.000 0.000 0.618 42.161 57.930 60.848 67.524 67.388 59.958 61.657 60.927 60.615 60.227 59.839 59.442 59.044 58.650 58.263 57.883 57.505 57.115 62.792 8.492 0.000 0.000 0.000 0.000 0.000 0.000 0.000
62.449 48.451 0.000 0.000 35.474 31.476 42.477 33.477 0.000 0.000 0.000 55.618 52.630 37.652 28.681 25.715 25.754 28.793 41.837 49.880 52.923 45.968 36.009 29.049 28.089 44.131 47.173 22.216 26.259 26.299 27.332 31.350 10.339 0.000 0.000 0.000 0.000 0.000 0.000 0.000 0.000 0.000 0.000 0.000 0.000 3.301 35.087 43.116 56.623 67.953 67.647 60.812 61.469 62.109 61.482 61.173 60.800 60.435 60.063 59.688 59.312 58.940 58.572 58.206 58.836 65.339 9.065 0.000 0.000 0.000 0.000 0.000 0.000 0.000 0.000
62.449 62.453 49.459 32.465 32.471 32.475 23.478 0.000 0.000 0.000 48.597 45.611 48.628 41.649 42.675 42.704 42.736 45.773 40.829 40.878 42.927 46.979 48.018 46.056 42.096 53.139 51.184 39.231 40.279 40.327 42.371 17.405 0.000 0.000 0.000 0.000 0.000 0.000 0.000 0.000 0.000 0.000 0.000 0.000 37.642 38.408 59.564 60.258 68.972 68.536 63.194 62.975 62.426 62.025 61.708 61.351 61.001 60.647 60.291 59.934 59.579 59.227 58.878 59.532 63.297 0.000 0.000 0.000 0.000 0.000 0.000 0.000 0.000 0.000 0.000
61.450 62.454 59.459 37.465 31.471 32.476 33.482 25.490 0.000 40.566 37.584 38.602 39.621 34.642 38.666 43.690 51.714 36.734 0.000 0.000 0.000 46.003 42.028 42.061 42.101 42.145 42.193 42.245 42.300 42.358 40.422 35.495 8.594 0.000 0.000 30.538 37.679 49.866 20.020 0.000 0.000 0.000 0.000 39.018 49.870 61.923 62.677 69.563 69.307 63.734 63.479 62.809 62.545 62.218 61.881 61.543 61.202 60.861 60.520 60.179 59.842 59.512 60.181 62.749 10.523 0.000 0.000 0.000 0.000 0.000 0.000 0.000 0.000 0.000 0.000
51.451 62.455 62.459 52.465 28.471 31.478 32.486 32.498 38.520 47.549 31.572 28.592 26.613 33.634 48.656 47.677 32.696 12.715 0.000 0.000 0.000 0.000 31.032 26.061 26.101 26.148 26.200 27.256 30.318 31.385 31.463 30.560 31.693 30.901 31.125 40.398 47.633 45.900 53.175 51.455 46.594 44.615 47.458 59.465 63.200 63.120 69.870 69.750 64.256 63.985 63.307 63.047 62.717 62.393 62.065 61.735 61.406 61.076 60.748 60.421 60.099 60.799 61.587 0.397 0.000 0.000 0.000 0.000 0.000 0.000 0.000 0.000 0.000 0.000 0.000
29.452 57.456 61.460 42.465 25.471 24.478 32.486 32.497 31.515 25.537 26.561 32.584 49.605 48.626 31.647 24.666 14.681 0.000 34.858 43.879 39.913 40.955 44.007 47.050 46.095 47.145 50.202 49.264 46.330 48.402 43.486 29.589 33.718 32.885 38.077 56.298 63.554 60.926 55.325 50.595 52.731 59.679 64.941 63.701 70.266 69.986 64.056 65.734 64.403 63.817 63.547 63.216 62.895 62.573 62.250 61.929 61.609 61.291 60.975 61.659 59.335 54.999 6.792 0.000 0.000 0.000 0.000 0.000 0.000 0.000 0.000 0.000 0.000 0.000 0.000
22.454 41.456 52.460 27.464 19.470 26.477 24.483 31.491 32.504 32.525 25.554 42.576 34.597 23.619 26.641 18.659 0.000 43.805 46.837 46.868 48.904 49.946 52.992 57.037 56.084 56.137 56.201 58.268 59.335 57.408 45.492 31.590 33.707 33.846 33.999 37.164 11.359 0.000 75.603 117.890 95.917 62.254 64.118 71.206 70.796 64.417 67.219 64.701 64.331 64.044 63.717 63.397 63.074 62.753 62.435 62.122 61.812 61.504 63.204 57.904 46.585 1.362 0.000 0.000 0.000 0.000 0.000 0.000 0.000 0.000 0.000 0.000 0.000 0.000 0.000
0.000 0.000 33.460 15.462 0.000 21.478 26.479 26.481 32.486 21.505 0.000 26.571 24.588 26.612 27.639 37.672 51.720 48.774 50.816 56.853 66.891 110.933 107.979 108.023 108.068 108.118 109.197 93.273 25.335 28.404 26.483 34.573 33.676 30.790 28.912 11.001 0.000 0.000 0.000 43.322 60.614 65.494 71.805 71.537 63.933 65.705 65.071 64.834 64.534 64.219 63.901 63.578 63.253 62.930 62.616 62.312 63.013 61.708 53.435 42.169 0.075 0.000 0.000 0.000 0.000 0.000 0.000 0.000 0.000 0.000 0.000 0.000 0.000 0.000 0.000
0.000 48.458 26.459 0.000 0.000 0.000 20.473 33.469 25.453 0.000 0.000 34.550 25.572 36.601 49.634 49.670 54.713 57.758 50.799 36.838 27.875 23.915 21.968 25.010 26.045 13.073 0.000 30.290 27.330 26.390 30.463 34.545 31.633 23.729 30.856 11.928 0.000 0.000 39.199 56.106 65.934 72.179 72.019 64.437 66.195 65.557 65.328 65.024 64.721 64.408 64.088 63.762 63.431 63.099 62.786 63.497 59.220 47.883 4.659 0.000 0.000 0.000 0.000 0.000 0.000 0.000 0.000 0.000 0.000 0.000 0.000 0.000 0.000 0.000 0.000
23.169 0.000 0.000 0.000 0.000 0.000 0.000 0.000 29.405 27.413 35.451 32.509 32.549 32.587 49.624 63.663 52.704 32.746 30.786 25.823 27.858 18.886 0.000 31.006 28.031 17.055 0.000 31.268 26.307 27.364 34.433 32.512 30.584 12.636 0.000 0.000 35.990 33.849 50.597 66.511 72.366 65.256 65.876 66.600 66.058 65.824 65.523 65.226 64.919 64.604 64.281 63.952 63.609 64.250 63.932 53.673 38.486 1.262 0.000 0.000 0.000 0.000 0.000 0.000 0.000 0.000 0.000 0.000 0.000 0.000 0.000 0.000 0.000 0.000 0.000
11.213 0.000 0.000 41.726 34.764 28.807 0.000 0.000 47.349 44.384 31.432 32.484 32.531 33.573 54.614 106.655 99.695 46.736 101.775 22.813 26.849 26.884 28.925 26.977 27.017 27.061 29.125 25.207 25.266 34.325 33.395 30.487 25.555 14.595 0.000 0.000 38.131 44.998 67.017 65.928 72.724 66.316 66.953 66.555 66.320 66.029 65.738 65.436 65.126 64.807 64.482 64.157 65.805 61.359 43.022 29.775 31.630 0.000 0.000 0.000 0.000 0.000 0.000 0.000 0.000 0.000 0.000 0.000 0.000 0.000 0.000 0.000 0.000 0.000 0.000
0.000 0.000 0.000 24.688 33.758 30.852 48.983 43.116 48.258 56.343 47.409 32.466 32.516 32.562 31.605 25.646 20.687 25.728 22.766 26.804 26.840 26.877 26.916 26.959 27.001 27.048 26.106 31.172 33.226 34.275 18.334 0.000 18.554 0.000 0.000 0.000 42.378 64.325 68.366 73.858 73.344 66.420 67.116 66.803 66.538 66.256 65.960 65.654 65.341 65.018 64.684 63.388 25.097 0.000 0.000 0.000 0.000 0.000 0.000 0.000 0.000 0.000 0.000 0.000 0.000 0.000 0.000 0.000 0.000 0.000 0.000 0.000 0.000 0.000 0.000
8.925 0.000 29.386 25.582 24.730 42.858 35.984 52.106 61.225 41.322 27.395 25.455 28.507 31.554 32.597 32.639 25.681 24.721 25.760 25.797 26.832 26.867 26.904 31.942 28.982 26.026 27.079 30.148 34.193 23.214 0.000 0.000 0.000 0.000 0.000 117.970 61.717 68.767 66.777 74.296 66.215 68.767 70.287 67.053 66.779 66.494 66.193 65.880 66.568 63.239 50.847 41.617 0.000 0.000 0.000 0.000 0.000 0.000 0.000 0.000 0.000 0.000 0.000 0.000 0.000 0.000 0.000 0.000 0.000 0.000 0.000 0.000 0.000 0.000 0.000
1.874 28.476 25.191 24.523 35.721 39.866 50.988 58.099 24.216 23.324 24.396 26.453 25.503 22.549 30.592 31.634 32.676 31.717 25.756 24.791 23.825 24.857 30.890 89.923 57.958 37.996 21.037 0.000 36.184 44.175 0.000 0.000 0.000 0.000 42.372 53.198 70.076 68.132 75.042 74.687 67.317 67.871 68.567 67.308 67.035 66.747 66.440 67.106 65.812 18.526 0.000 0.000 0.000 0.000 0.000 0.000 0.000 0.000 0.000 0.000 0.000 0.000 0.000 0.000 0.000 0.000 0.000 0.000 0.000 0.000 0.000 0.000 0.000 0.000 0.000
0.000 22.116 25.378 27.600 48.767 59.897 74.006 56.085 0.000 42.364 42.410 26.460 26.505 25.547 23.587 26.628 32.673 30.717 31.755 33.788 31.819 29.848 25.876 20.904 25.931 20.963 0.000 0.000 0.000 30.128 22.116 0.000 0.000 0.000 52.547 69.410 69.491 67.527 75.360 67.024 69.542 71.071 67.840 67.579 67.307 67.019 66.714 64.290 19.051 0.000 0.000 0.000 0.000 0.000 0.000 0.000 0.000 0.000 0.000 0.000 0.000 0.000 0.000 0.000 0.000 0.000 0.000 0.000 0.000 0.000 0.000 0.000 0.000 0.000 0.000
0.000 20.494 26.604 42.733 53.849 101.950 96.053 98.152 104.270 100.359 101.421 26.470 26.512 25.548 25.582 24.619 19.672 29.724 31.759 32.789 30.815 32.840 32.864 33.885 26.900 0.000 0.000 0.000 0.000 31.094 16.105 0.000 0.000 44.018 65.825 69.763 68.758 75.935 75.656 68.085 68.646 69.355 68.114 67.863 67.595 68.307 43.109 0.000 0.000 0.000 0.000 0.000 0.000 0.000 0.000 0.000 0.000 0.000 0.000 0.000 0.000 0.000 0.000 0.000 0.000 0.000 0.000 0.000 0.000 0.000 0.000 0.000 0.000 0.000 0.000
0.000 21.761 38.811 46.881 52.947 24.001 23.106 22.199 19.299 20.382 20.444 26.490 26.525 42.551 42.573 18.596 0.000 16.746 29.770 31.792 29.814 31.835 31.855 32.873 28.885 0.000 0.000 0.000 29.005 14.049 0.000 0.000 45.342 54.205 71.064 69.970 69.159 76.192 67.748 70.284 72.835 68.628 68.397 68.164 66.904 54.506 13.307 0.000 0.000 0.000 0.000 0.000 0.000 0.000 0.000 0.000 0.000 0.000 0.000 0.000 0.000 0.000 0.000 0.000 0.000 0.000 0.000 0.000 0.000 0.000 0.000 0.000 0.000 0.000 0.000
