results1/res_4e8f-0176.wd
ncols         241
nrows         181
xllcorner     12693529.787448
yllcorner     3542525.717860
cellsize      155.156523
NODATA_value  -9999.000000
[rows 66 to 98 of 181, columns 146 to 218 of 241]
37.417 52.356 74.297 75.243 75.193 75.146 75.102 75.060 75.020 77.988 13.967 0.000 1.842 0.000 0.000 0.000 0.000 0.274 47.275 22.275 0.000 29.273 59.272 59.271 59.271 66.271 72.270 72.268 72.265 72.262 72.257 72.252 72.247 72.242 72.237 74.232 59.228 60.226 52.225 0.000 0.000 0.000 0.000 0.000 28.575 35.565 44.547 38.512 16.465 14.427 29.400 50.376 58.353 52.330 47.306 47.283 37.260 34.237 34.214 37.191 58.169 70.148 65.127 54.107 61.087 68.068 72.050 72.033 71.017 71.001 70.986 70.971 70.957
40.477 59.415 77.357 75.303 75.254 75.209 75.167 75.123 80.078 69.043 39.027 36.041 0.000 0.000 0.000 0.000 0.000 18.275 20.275 0.000 0.000 0.000 29.268 60.268 69.268 72.267 72.266 72.264 72.262 76.259 74.255 72.251 72.247 72.243 71.239 63.235 57.231 63.229 53.228 0.000 0.000 0.000 0.000 20.566 34.567 39.563 35.556 0.000 1.404 11.391 31.375 34.356 48.335 57.314 46.292 45.270 43.247 34.224 34.201 33.178 39.156 63.134 70.113 55.092 57.073 59.054 61.036 65.018 69.001 70.986 71.970 70.956 70.942
45.535 66.472 76.411 75.357 75.312 75.271 73.232 72.189 27.126 12.080 43.058 49.054 14.056 0.000 0.000 0.000 0.000 0.000 0.000 0.000 0.000 13.264 42.265 62.265 72.265 72.264 72.263 72.261 72.259 74.257 73.254 72.251 72.247 73.244 63.240 61.237 64.233 59.230 51.229 0.000 0.000 0.000 0.000 38.566 41.565 3.562 2.559 0.000 6.367 39.363 41.351 51.336 54.318 65.299 63.278 51.256 40.234 32.211 34.188 34.165 29.142 43.120 60.098 64.078 69.057 66.038 59.020 64.002 66.986 66.970 64.955 66.940 69.926
50.593 73.525 77.457 78.404 75.365 76.331 71.301 17.274 1.225 42.093 43.071 48.061 56.059 0.000 0.000 0.000 0.000 0.000 0.000 0.000 0.000 25.263 48.263 61.262 73.262 72.261 72.260 72.259 72.257 73.255 72.253 72.250 72.247 69.245 63.242 28.239 1.236 0.000 0.000 0.000 0.000 0.000 0.000 34.565 41.565 0.000 0.000 0.000 56.347 42.342 37.332 65.319 70.303 71.285 75.265 69.244 57.221 37.198 34.174 34.151 32.128 33.105 39.083 40.062 47.042 55.022 62.004 65.986 66.969 67.953 63.938 66.924 67.910
32.651 37.579 47.490 23.435 80.412 77.388 62.368 39.356 9.363 0.000 0.000 0.000 0.000 0.000 0.000 0.000 0.000 0.000 0.000 0.000 0.000 26.262 51.261 54.260 70.260 72.259 72.258 72.257 76.255 75.253 72.252 72.250 73.248 64.246 67.245 0.000 0.000 0.000 0.000 0.000 0.000 0.000 0.000 0.000 28.565 37.565 0.000 0.000 87.332 50.326 32.317 63.305 71.290 71.273 71.254 74.233 73.210 53.185 36.161 34.137 32.113 35.090 36.067 44.045 49.025 38.005 37.986 42.969 47.952 53.936 58.921 62.907 66.893
78.717 57.648 0.000 0.000 84.460 76.440 63.427 45.417 12.414 0.000 0.000 0.000 0.000 0.000 0.000 0.000 0.000 0.000 0.000 0.000 0.000 0.000 12.258 56.258 72.257 72.257 72.256 72.255 74.254 73.252 72.251 72.249 73.248 61.247 71.246 0.000 0.000 0.000 0.000 0.000 0.000 0.000 0.000 0.000 0.000 4.565 12.565 0.000 24.323 40.314 33.304 63.293 71.280 71.264 72.245 72.223 72.199 65.173 41.147 37.122 35.097 32.073 53.050 65.028 71.007 54.987 47.968 43.950 41.934 38.918 38.903 38.889 66.875
54.794 0.000 0.000 81.642 81.529 79.485 70.482 55.473 11.461 0.000 0.000 0.000 0.000 0.000 0.000 0.000 0.000 0.000 0.000 0.000 0.000 0.000 38.256 61.256 73.255 72.255 72.254 73.253 72.252 72.251 72.250 72.249 73.248 66.247 31.246 0.000 0.000 0.000 0.000 0.000 0.000 0.000 0.000 0.000 0.000 0.000 0.000 0.000 0.000 37.303 36.293 54.283 69.272 72.258 66.240 62.217 68.190 59.160 42.133 41.107 50.082 45.056 68.032 72.009 70.988 68.968 68.949 65.931 63.915 60.899 56.884 48.870 68.857
81.841 71.841 77.812 33.755 0.000 0.515 76.543 50.531 11.496 0.000 13.729 0.000 0.000 0.000 0.000 0.000 0.000 0.000 0.000 0.000 0.000 1.254 54.254 66.254 73.254 72.253 72.253 74.252 74.251 72.250 72.249 72.248 71.247 67.247 16.246 0.000 0.000 0.000 0.000 0.000 0.000 0.000 0.000 0.000 0.000 0.000 0.000 0.000 0.000 0.000 25.280 51.275 69.267 70.256 51.240 54.213 56.183 53.146 38.118 35.092 58.065 67.038 71.013 72.989 72.968 73.947 71.929 71.911 72.895 71.879 72.865 72.851 71.838
83.888 75.870 80.841 31.810 0.000 0.000 67.620 15.613 0.000 0.000 45.729 8.729 0.000 0.000 0.000 0.000 0.000 0.000 0.000 0.000 0.000 0.252 57.252 69.252 73.252 72.252 72.251 73.251 73.250 72.249 72.248 73.248 69.247 64.247 14.246 0.000 0.000 0.000 0.000 0.000 0.000 0.000 0.000 0.000 0.000 0.000 0.000 0.000 17.269 19.270 30.272 46.269 68.264 70.258 16.252 0.000 0.000 43.123 37.100 32.077 46.050 65.019 70.992 72.968 72.946 72.926 70.907 70.890 71.874 70.859 70.845 71.831 71.819
75.953 75.910 75.871 73.835 60.805 46.762 39.703 38.689 34.714 37.724 40.729 40.730 12.729 0.000 0.000 0.000 0.000 0.000 18.247 20.247 0.000 10.250 56.250 70.251 72.251 72.250 72.250 72.250 72.249 72.248 72.248 72.247 54.247 49.246 47.246 42.245 6.245 0.000 0.000 0.000 0.000 0.000 0.000 0.000 0.000 0.000 0.000 0.000 21.269 47.269 38.269 42.267 62.264 63.260 36.257 0.000 0.000 0.000 34.083 39.066 38.037 56.997 69.968 70.944 70.922 70.902 70.884 70.868 70.852 70.838 70.824 70.811 70.799
75.992 75.945 75.898 74.856 71.816 73.778 47.742 26.726 64.728 37.731 41.732 17.731 0.000 0.000 0.000 0.000 0.000 0.000 18.247 64.247 13.248 1.249 55.249 69.249 73.249 72.249 74.249 75.249 73.248 72.248 72.247 70.247 63.246 54.246 55.245 54.245 7.245 0.000 0.000 0.000 0.000 0.000 0.000 0.000 0.000 0.000 0.000 0.000 15.268 50.268 42.267 49.266 64.263 59.261 65.260 0.000 0.000 0.000 0.000 0.000 0.000 46.963 69.939 70.917 70.896 70.878 70.860 70.844 70.830 70.816 70.802 70.790 70.778
76.028 75.978 76.922 78.872 75.828 75.790 74.762 75.746 66.740 44.738 16.738 0.000 0.000 0.000 0.000 0.000 0.000 0.000 5.247 57.247 44.247 34.248 50.248 72.248 72.248 72.248 72.248 72.248 72.247 72.247 72.246 72.246 70.246 49.245 53.245 60.244 3.244 0.000 0.000 0.000 0.000 0.000 0.000 0.000 0.000 0.000 0.000 0.000 11.268 62.267 6.266 29.265 52.263 59.262 20.261 0.000 0.000 0.000 0.000 0.000 0.000 0.936 58.908 71.889 70.869 70.851 70.835 70.820 70.806 70.793 70.780 70.768 70.757
79.066 75.018 71.941 73.883 76.834 76.792 78.769 75.755 73.748 60.745 9.744 0.000 0.000 0.000 0.000 0.000 0.000 0.000 0.000 13.247 48.247 40.247 56.247 74.248 72.248 72.247 72.247 72.247 72.247 72.246 72.246 72.245 73.245 62.245 49.244 53.244 59.244 1.243 0.000 0.000 0.000 0.000 0.000 0.000 0.000 0.000 0.000 0.000 0.000 7.267 0.000 0.000 37.262 56.262 0.000 0.000 0.000 0.000 0.000 0.000 0.000 0.000 46.885 67.863 70.841 70.823 70.808 70.794 70.782 70.770 70.758 70.746 70.735
72.111 33.088 0.000 0.000 0.000 68.776 73.767 79.759 75.753 64.750 14.748 0.000 48.753 18.753 0.000 0.000 0.000 0.000 0.000 0.000 40.247 44.247 65.247 73.247 74.247 75.247 72.247 72.246 72.246 72.246 72.245 72.245 72.245 73.244 52.244 34.243 43.243 4.243 0.000 0.000 0.000 0.000 0.000 0.000 0.000 0.000 0.000 0.000 0.000 0.000 0.000 0.000 26.262 59.262 0.000 0.000 0.000 0.000 0.000 0.000 0.000 0.000 0.000 47.835 67.808 70.792 70.779 70.768 70.757 70.746 70.735 70.724 70.713
67.149 24.136 0.000 0.000 43.768 41.768 58.764 77.759 74.755 59.753 40.752 44.752 48.753 14.753 0.000 0.000 0.000 0.000 11.245 0.000 41.246 52.246 72.246 72.246 75.246 75.246 72.246 72.246 72.246 72.245 72.245 72.245 72.244 73.244 69.243 64.243 53.242 33.242 27.241 0.000 0.000 0.000 0.000 0.000 0.000 0.000 0.000 0.000 0.000 0.000 0.000 0.000 28.262 20.262 0.000 0.000 0.000 0.000 0.000 0.000 0.000 0.000 0.000 0.000 52.765 68.758 70.750 70.741 70.732 70.723 70.713 70.702 70.691
73.179 54.172 26.179 0.000 0.000 43.765 43.762 65.759 77.756 55.754 42.753 47.753 25.753 0.000 0.000 0.000 0.000 0.000 40.245 33.245 38.245 55.246 74.246 74.246 75.246 72.246 72.246 72.245 72.245 72.245 72.245 72.244 72.244 72.243 72.243 74.242 63.242 51.241 40.241 41.240 34.240 25.240 30.240 0.000 0.000 0.000 0.000 0.000 0.000 0.000 0.000 0.000 31.262 6.262 0.000 0.000 0.000 0.000 0.000 0.000 0.000 0.000 0.000 0.000 37.728 65.725 69.720 70.714 70.707 70.700 70.691 70.681 70.670
76.201 67.193 20.186 0.000 0.000 0.000 42.760 47.758 74.756 62.755 43.754 46.753 21.753 0.000 0.000 0.000 0.000 0.000 43.245 36.245 39.245 57.245 76.245 75.245 73.245 73.245 72.245 72.245 72.245 72.245 72.244 73.244 73.243 73.243 67.242 58.242 62.241 69.241 62.241 60.240 48.240 35.240 42.240 0.238 0.000 0.000 0.000 0.000 0.000 0.000 0.000 0.000 0.000 0.000 0.000 0.000 0.000 0.000 0.000 0.000 0.000 0.000 0.000 0.000 29.695 60.694 70.692 72.689 72.684 72.678 71.670 70.660 70.648
76.219 51.213 0.000 0.000 0.000 0.000 0.000 49.756 62.756 56.755 55.754 52.754 42.754 20.754 0.000 0.000 0.000 0.000 42.245 35.245 40.245 55.245 67.245 64.245 59.245 61.245 66.245 71.245 73.245 73.244 71.244 61.244 59.243 64.243 53.242 50.241 50.241 61.241 65.240 60.240 46.240 35.240 7.239 0.000 0.000 0.000 0.000 0.000 0.000 0.000 0.000 0.000 0.000 0.000 0.000 0.000 0.000 0.000 0.000 0.000 0.572 0.000 0.000 0.000 17.662 42.664 48.666 50.665 50.662 51.658 60.651 69.641 70.628
75.232 41.229 0.000 0.000 0.000 0.000 0.000 44.756 38.755 37.755 45.754 45.754 45.754 41.754 14.754 0.000 0.000 0.000 47.244 42.244 47.244 57.245 60.245 63.245 21.245 0.000 0.000 12.245 73.245 70.244 59.244 14.244 0.000 0.000 52.241 84.241 77.241 56.240 62.240 56.240 45.240 30.239 33.239 0.000 0.000 0.000 0.000 0.000 0.000 0.000 0.000 0.000 0.000 0.000 0.000 0.000 0.000 0.000 13.572 3.572 21.572 42.576 53.586 52.601 70.626 78.636 79.641 77.643 79.642 66.640 49.634 67.625 70.609
73.243 38.240 0.000 0.000 0.000 0.000 0.000 44.755 40.755 19.755 0.000 0.000 0.000 0.000 0.000 0.000 0.000 0.000 53.244 47.244 42.244 38.244 24.244 0.000 0.000 0.000 0.000 0.000 0.000 0.000 46.243 8.243 0.000 0.000 0.000 47.240 80.240 40.240 41.240 40.239 36.239 39.239 86.239 45.239 0.000 0.000 0.000 0.000 0.000 0.000 0.000 0.000 0.000 0.000 0.000 0.000 12.546 3.546 0.000 0.000 7.567 89.572 85.580 67.591 68.604 65.614 66.620 88.623 81.625 67.625 47.623 56.614 55.595
59.250 40.249 34.251 0.000 0.000 0.000 0.000 0.000 42.755 26.755 0.000 0.000 0.000 0.000 0.000 0.000 0.000 0.000 53.244 53.244 54.244 37.244 12.244 0.000 0.000 0.000 0.000 0.000 0.000 0.000 42.243 19.243 0.000 0.000 0.000 46.240 95.240 59.240 62.239 57.239 42.239 60.239 114.239 111.239 42.239 0.000 0.000 0.000 0.000 0.000 0.000 0.000 0.000 0.000 0.000 0.000 2.545 20.546 10.548 8.551 17.558 92.564 59.570 67.578 58.587 39.595 50.601 93.605 59.609 46.612 53.617 7.616 0.000
43.255 43.254 29.254 0.000 0.000 0.000 0.000 0.000 0.000 0.000 0.000 0.000 0.000 0.000 0.000 0.000 0.000 0.000 56.244 47.244 41.244 39.244 13.244 0.000 0.000 0.000 0.000 0.000 0.000 39.243 32.243 57.243 53.243 0.000 5.240 52.240 58.240 50.239 93.239 82.239 53.239 6.239 70.239 125.239 9.239 0.000 0.000 0.000 0.000 0.000 0.000 0.000 21.544 18.544 13.544 2.545 71.545 109.545 100.546 96.548 43.551 87.555 55.560 44.565 91.572 72.578 92.583 73.589 43.594 51.598 0.000 0.000 0.000
46.259 47.257 39.256 0.000 0.000 0.000 0.000 0.000 0.000 0.000 0.000 0.000 0.000 0.000 0.000 0.000 0.000 0.000 10.244 51.244 41.244 19.244 0.000 0.000 0.000 0.000 0.000 0.000 0.000 41.243 38.243 14.243 0.000 0.000 0.000 26.240 5.240 0.000 6.239 48.238 4.238 0.000 26.239 92.239 47.239 0.000 0.000 0.000 0.000 0.000 0.000 0.000 0.000 3.544 0.000 0.000 27.544 7.544 71.542 75.543 26.544 87.545 64.548 37.552 55.556 105.561 119.567 53.572 41.579 8.588 0.000 0.000 17.421
45.261 46.259 46.258 50.258 42.258 0.000 0.000 0.000 0.000 0.000 0.000 0.000 0.000 0.000 0.000 0.000 0.000 0.000 0.000 41.243 37.243 21.243 0.000 0.000 0.000 0.000 0.000 0.000 42.243 39.243 16.243 0.000 0.000 0.000 0.000 0.239 0.000 0.000 0.000 52.238 1.238 0.000 26.239 0.000 0.000 0.000 0.000 0.000 0.000 0.000 0.000 0.000 0.000 12.544 6.544 8.544 1.544 0.000 47.537 66.537 25.536 89.535 69.535 39.537 88.540 91.544 86.549 94.555 58.561 0.000 0.000 0.389 31.405
47.262 25.260 36.258 45.258 45.258 45.258 44.258 0.000 0.000 0.000 0.000 0.000 0.000 0.000 0.000 0.000 0.000 0.000 0.000 43.243 39.243 23.243 0.000 0.000 0.000 0.000 0.000 0.000 0.000 45.243 17.243 0.000 0.000 0.000 0.000 0.000 0.000 4.237 16.237 39.237 43.237 20.237 0.000 0.000 0.000 0.000 0.000 0.000 0.000 0.000 0.000 0.000 0.000 1.544 0.000 5.544 0.000 0.000 50.533 70.531 30.528 90.523 75.521 89.521 89.523 48.526 41.531 86.538 35.549 0.000 0.000 32.373 40.383
52.264 0.000 0.000 42.258 31.258 0.000 44.257 34.257 0.000 0.000 0.000 0.000 0.000 0.000 0.000 0.000 0.000 0.000 0.000 42.243 39.243 27.243 0.000 0.000 0.000 0.000 0.000 0.000 0.000 0.000 0.000 0.000 0.000 0.000 0.000 0.000 0.000 0.000 55.237 72.237 33.237 0.000 0.000 0.000 0.000 0.000 0.000 0.000 0.000 0.000 0.000 0.000 0.000 0.000 0.000 10.544 0.000 0.000 85.530 71.528 32.521 90.509 87.505 79.504 71.505 57.507 58.511 27.515 0.000 0.000 16.354 35.361 42.366
49.265 0.000 0.000 29.258 21.258 0.000 0.000 0.000 0.000 53.256 49.256 40.256 0.000 0.000 0.000 0.000 0.000 0.000 0.000 46.243 42.243 24.243 0.000 0.000 0.000 0.000 0.000 0.000 0.000 0.000 0.000 0.000 0.000 0.000 0.000 0.000 0.000 0.000 18.237 102.237 68.237 0.000 0.000 0.000 0.000 0.000 0.000 0.000 0.000 0.000 0.000 0.000 0.000 0.000 0.000 0.000 0.000 0.000 17.530 0.000 0.000 64.486 105.485 84.484 83.485 81.487 84.491 32.496 0.000 0.000 20.348 34.350 35.352
65.264 0.000 0.000 0.000 0.000 51.259 38.259 0.000 49.257 43.256 43.256 35.256 0.000 0.000 0.000 0.000 0.000 0.000 0.000 46.243 41.243 29.243 0.000 0.000 0.000 0.000 0.000 0.000 0.000 0.000 0.000 0.000 0.000 0.000 0.000 0.000 0.000 0.000 0.000 46.236 38.236 9.236 0.000 0.000 0.000 0.000 0.000 0.000 0.000 0.000 0.000 0.000 0.000 0.000 0.000 0.000 0.000 0.000 0.000 0.000 0.000 11.464 47.464 48.464 46.464 46.465 43.470 39.483 0.000 0.000 13.340 34.339 32.339
76.263 65.262 47.261 48.261 47.260 41.259 42.258 43.258 41.257 46.256 45.256 36.256 33.256 0.000 0.000 0.000 0.000 0.000 0.000 33.243 0.000 0.000 0.000 0.000 0.000 0.000 0.000 0.000 0.000 0.000 0.000 0.000 0.000 0.000 0.000 0.000 0.000 0.000 0.000 0.000 45.236 8.236 0.000 0.000 0.000 0.000 0.000 0.000 0.000 0.000 0.000 0.000 0.000 0.000 0.000 0.000 0.000 0.000 0.000 0.000 0.000 2.443 35.443 34.443 34.442 50.441 45.439 0.000 0.000 0.000 6.331 47.330 59.327
76.263 70.262 40.261 40.261 40.260 23.259 24.258 28.258 38.257 47.256 44.256 36.256 39.256 28.256 0.000 0.000 0.000 0.000 0.000 0.000 0.000 0.000 0.000 0.000 0.000 0.000 0.000 0.000 0.000 0.000 0.000 0.000 0.000 0.000 0.000 0.000 0.000 0.000 0.000 0.000 2.236 48.236 7.236 0.000 0.000 0.000 0.000 0.000 0.000 0.000 0.000 0.000 0.000 0.000 0.000 0.000 0.000 0.000 0.000 0.000 27.412 30.421 34.424 34.423 36.421 55.416 45.407 28.388 0.000 0.000 42.325 63.321 70.316
76.262 74.262 44.261 41.261 21.260 0.000 0.000 0.000 0.000 38.256 41.256 39.256 32.255 0.000 0.000 0.000 0.000 0.000 0.000 0.000 0.000 0.000 0.000 0.000 0.000 0.000 0.000 0.000 0.000 0.000 0.000 0.000 0.000 0.000 0.000 0.000 0.000 0.000 0.000 0.000 0.235 51.236 13.236 0.000 0.000 0.000 0.000 0.000 0.000 0.000 0.000 0.000 0.000 0.000 0.000 0.000 0.000 0.000 0.000 0.000 38.403 35.406 34.407 30.405 43.402 60.395 44.385 33.369 28.347 28.332 52.322 69.314 70.307
76.262 74.262 27.261 31.261 0.000 0.000 0.000 0.000 0.000 0.000 29.256 42.255 34.255 0.000 0.000 0.000 0.000 0.000 0.000 0.000 0.000 0.000 0.000 0.000 0.000 0.000 0.000 0.000 0.000 0.000 0.000 0.000 0.000 0.000 0.000 0.000 0.000 0.000 0.000 0.000 0.000 0.235 19.236 0.000 0.000 0.000 0.000 0.000 0.000 0.000 0.000 0.000 7.374 15.374 0.000 0.000 0.000 0.000 0.000 32.385 30.391 29.393 34.392 48.390 61.385 51.378 35.368 33.355 35.340 32.327 53.316 71.307 70.298
76.261 50.261 0.000 0.000 0.000 0.000 0.000 0.000 0.000 0.000 0.000 32.255 39.255 37.255 0.000 0.000 0.000 0.000 0.000 0.000 0.000 0.000 0.000 0.000 0.000 0.000 0.000 0.000 0.000 0.000 0.000 0.000 0.000 0.000 0.000 0.000 0.000 0.000 0.000 0.000 0.000 0.000 0.000 0.000 0.000 0.000 0.000 0.000 0.000 0.000 0.000 0.000 0.000 8.374 10.374 0.000 37.375 29.376 27.377 39.380 53.382 58.382 60.380 60.377 46.371 34.364 33.355 33.344 32.332 34.320 57.310 72.299 70.289
