results1/res_4e8_f.dem
ncols         241
nrows         181
xllcorner     12693529.787448
yllcorner     3542525.717860
cellsize      155.156523
NODATA_value  -9999.000000
[rows 30 to 59 of 181, columns 0 to 66 of 241]
229.000 200.000 195.000 208.000 207.000 193.000 228.000 231.000 233.000 241.000 245.000 203.000 186.000 229.000 200.000 205.000 208.000 204.000 205.000 201.000 191.000 203.000 208.000 208.000 197.000 198.000 208.000 207.000 184.000 179.000 207.000 209.000 202.000 171.000 194.000 177.000 113.000 114.000 85.000 91.000 88.000 87.000 101.000 107.000 110.000 86.000 91.000 120.000 119.000 114.000 120.000 104.000 83.000 85.000 85.000 85.000 85.000 85.000 85.000 85.000 85.000 106.000 162.000 150.000 105.000 113.000 111.000
197.000 195.000 203.000 209.000 209.000 209.000 225.000 228.000 234.000 220.000 231.000 215.000 214.000 186.000 193.000 188.000 204.000 185.000 166.000 197.000 206.000 209.000 208.000 208.000 209.000 189.000 208.000 208.000 184.000 120.000 177.000 206.000 160.000 96.000 160.000 173.000 119.000 84.000 85.000 85.000 85.000 85.000 84.000 84.000 86.000 85.000 87.000 99.000 85.000 88.000 103.000 110.000 83.000 85.000 85.000 85.000 85.000 85.000 85.000 85.000 85.000 125.000 194.000 115.000 121.000 119.000 113.000
193.000 194.000 205.000 209.000 209.000 210.000 195.000 192.000 196.000 192.000 196.000 242.000 254.000 197.000 202.000 188.000 189.000 182.000 101.000 199.000 208.000 208.000 208.000 208.000 209.000 199.000 198.000 208.000 189.000 123.000 118.000 176.000 178.000 117.000 119.000 115.000 115.000 86.000 85.000 85.000 85.000 85.000 85.000 85.000 85.000 85.000 85.000 88.000 87.000 85.000 85.000 90.000 85.000 85.000 85.000 85.000 85.000 85.000 84.000 97.000 168.000 208.000 205.000 168.000 115.000 120.000 123.000
214.000 200.000 203.000 208.000 210.000 210.000 201.000 198.000 198.000 196.000 200.000 227.000 242.000 195.000 208.000 212.000 192.000 156.000 116.000 180.000 207.000 208.000 208.000 202.000 207.000 210.000 188.000 202.000 206.000 137.000 121.000 118.000 120.000 110.000 115.000 97.000 98.000 85.000 85.000 85.000 85.000 85.000 85.000 85.000 85.000 85.000 85.000 85.000 85.000 85.000 85.000 85.000 85.000 85.000 85.000 85.000 85.000 85.000 84.000 114.000 215.000 207.000 207.000 207.000 209.000 185.000 101.000
240.000 203.000 196.000 198.000 202.000 204.000 197.000 195.000 195.000 197.000 202.000 199.000 208.000 191.000 207.000 203.000 171.000 122.000 119.000 164.000 202.000 204.000 204.000 185.000 203.000 209.000 190.000 194.000 191.000 201.000 133.000 122.000 124.000 113.000 113.000 84.000 86.000 85.000 85.000 85.000 86.000 91.000 90.000 85.000 85.000 85.000 85.000 85.000 85.000 85.000 85.000 85.000 85.000 85.000 85.000 85.000 85.000 85.000 86.000 113.000 189.000 188.000 209.000 206.000 196.000 183.000 177.000
236.000 200.000 194.000 186.000 161.000 195.000 194.000 191.000 191.000 192.000 201.000 202.000 208.000 196.000 202.000 195.000 141.000 112.000 118.000 114.000 163.000 168.000 168.000 170.000 168.000 202.000 197.000 200.000 206.000 196.000 188.000 123.000 123.000 106.000 104.000 85.000 85.000 85.000 85.000 88.000 102.000 118.000 114.000 85.000 85.000 85.000 85.000 85.000 85.000 86.000 85.000 85.000 85.000 85.000 85.000 85.000 85.000 85.000 88.000 112.000 119.000 130.000 193.000 201.000 191.000 205.000 189.000
225.000 206.000 205.000 195.000 127.000 162.000 194.000 194.000 192.000 206.000 205.000 203.000 205.000 205.000 194.000 207.000 203.000 125.000 138.000 120.000 114.000 117.000 117.000 117.000 114.000 166.000 174.000 166.000 170.000 172.000 176.000 123.000 122.000 102.000 84.000 85.000 85.000 85.000 89.000 110.000 114.000 106.000 111.000 93.000 85.000 85.000 85.000 86.000 90.000 94.000 98.000 93.000 91.000 88.000 86.000 85.000 85.000 86.000 98.000 123.000 120.000 130.000 194.000 206.000 191.000 207.000 190.000
186.000 190.000 196.000 197.000 137.000 114.000 147.000 148.000 147.000 167.000 192.000 196.000 194.000 210.000 197.000 196.000 208.000 183.000 198.000 153.000 139.000 117.000 117.000 118.000 122.000 119.000 100.000 112.000 116.000 117.000 120.000 122.000 123.000 109.000 85.000 85.000 85.000 86.000 103.000 121.000 113.000 121.000 103.000 108.000 85.000 85.000 86.000 95.000 101.000 112.000 168.000 105.000 108.000 120.000 115.000 90.000 85.000 88.000 112.000 122.000 123.000 136.000 213.000 209.000 192.000 179.000 183.000
158.000 146.000 138.000 152.000 127.000 116.000 103.000 123.000 105.000 101.000 135.000 151.000 171.000 205.000 211.000 197.000 194.000 202.000 209.000 211.000 193.000 133.000 109.000 109.000 115.000 119.000 106.000 118.000 122.000 121.000 122.000 122.000 122.000 112.000 85.000 85.000 86.000 93.000 107.000 179.000 194.000 129.000 115.000 103.000 92.000 85.000 91.000 100.000 105.000 195.000 212.000 213.000 210.000 186.000 155.000 103.000 100.000 97.000 122.000 128.000 195.000 210.000 196.000 182.000 181.000 188.000 208.000
174.000 149.000 131.000 138.000 146.000 155.000 146.000 180.000 147.000 113.000 100.000 103.000 167.000 208.000 209.000 210.000 195.000 198.000 202.000 193.000 197.000 201.000 128.000 116.000 107.000 108.000 101.000 116.000 116.000 110.000 114.000 122.000 122.000 114.000 87.000 85.000 95.000 118.000 123.000 207.000 200.000 177.000 106.000 99.000 98.000 86.000 103.000 98.000 96.000 187.000 207.000 192.000 179.000 178.000 155.000 92.000 98.000 119.000 122.000 129.000 204.000 181.000 181.000 193.000 210.000 209.000 205.000
210.000 204.000 201.000 203.000 200.000 211.000 218.000 213.000 209.000 138.000 114.000 112.000 143.000 194.000 208.000 208.000 210.000 198.000 187.000 199.000 204.000 209.000 131.000 121.000 123.000 118.000 102.000 104.000 100.000 84.000 105.000 121.000 122.000 115.000 94.000 96.000 97.000 194.000 198.000 194.000 197.000 170.000 114.000 114.000 98.000 94.000 105.000 110.000 95.000 164.000 180.000 183.000 190.000 169.000 113.000 119.000 98.000 95.000 120.000 108.000 158.000 187.000 206.000 212.000 213.000 210.000 209.000
206.000 210.000 210.000 211.000 209.000 208.000 212.000 210.000 214.000 166.000 125.000 117.000 109.000 142.000 200.000 209.000 209.000 209.000 193.000 205.000 168.000 164.000 127.000 121.000 122.000 118.000 116.000 103.000 103.000 85.000 97.000 119.000 122.000 119.000 106.000 111.000 117.000 196.000 210.000 210.000 210.000 155.000 116.000 114.000 100.000 117.000 114.000 110.000 95.000 162.000 190.000 206.000 203.000 165.000 119.000 121.000 119.000 92.000 93.000 102.000 119.000 191.000 212.000 209.000 208.000 209.000 209.000
195.000 197.000 196.000 211.000 227.000 216.000 202.000 199.000 200.000 190.000 129.000 109.000 115.000 106.000 183.000 213.000 204.000 204.000 187.000 167.000 123.000 115.000 121.000 119.000 115.000 105.000 102.000 102.000 111.000 90.000 98.000 118.000 122.000 119.000 116.000 102.000 201.000 192.000 209.000 207.000 203.000 99.000 116.000 130.000 119.000 195.000 189.000 107.000 103.000 181.000 187.000 202.000 200.000 200.000 163.000 101.000 94.000 104.000 103.000 125.000 126.000 125.000 191.000 209.000 209.000 209.000 210.000
220.000 204.000 191.000 226.000 254.000 221.000 199.000 195.000 194.000 179.000 118.000 97.000 112.000 113.000 147.000 171.000 161.000 159.000 152.000 121.000 120.000 122.000 117.000 111.000 105.000 110.000 114.000 108.000 116.000 108.000 112.000 125.000 122.000 134.000 124.000 113.000 175.000 186.000 201.000 196.000 167.000 99.000 107.000 166.000 189.000 181.000 186.000 188.000 133.000 182.000 180.000 202.000 202.000 190.000 88.000 95.000 112.000 200.000 182.000 183.000 119.000 125.000 192.000 210.000 213.000 213.000 209.000
249.000 238.000 228.000 245.000 253.000 237.000 217.000 204.000 199.000 192.000 167.000 112.000 109.000 115.000 113.000 117.000 117.000 116.000 117.000 120.000 120.000 115.000 110.000 111.000 118.000 120.000 121.000 113.000 108.000 112.000 111.000 114.000 118.000 186.000 181.000 123.000 154.000 179.000 185.000 186.000 171.000 99.000 175.000 200.000 207.000 189.000 189.000 189.000 194.000 209.000 184.000 182.000 180.000 182.000 103.000 108.000 137.000 214.000 211.000 206.000 126.000 135.000 213.000 204.000 236.000 208.000 208.000
245.000 250.000 250.000 251.000 253.000 255.000 223.000 202.000 197.000 195.000 208.000 155.000 118.000 114.000 118.000 121.000 123.000 122.000 121.000 122.000 110.000 100.000 104.000 105.000 106.000 105.000 106.000 101.000 91.000 120.000 125.000 97.000 113.000 179.000 192.000 199.000 182.000 187.000 203.000 205.000 207.000 132.000 198.000 208.000 209.000 196.000 203.000 208.000 206.000 207.000 185.000 181.000 187.000 210.000 138.000 128.000 195.000 209.000 209.000 208.000 192.000 215.000 211.000 196.000 179.000 205.000 206.000
245.000 248.000 249.000 234.000 228.000 228.000 233.000 216.000 198.000 197.000 201.000 186.000 133.000 110.000 114.000 114.000 115.000 119.000 123.000 124.000 101.000 91.000 119.000 130.000 105.000 101.000 94.000 98.000 111.000 188.000 210.000 157.000 139.000 179.000 210.000 211.000 212.000 197.000 197.000 203.000 198.000 205.000 194.000 215.000 215.000 200.000 192.000 195.000 182.000 218.000 190.000 189.000 195.000 212.000 214.000 194.000 210.000 209.000 210.000 209.000 194.000 195.000 210.000 210.000 180.000 161.000 178.000
247.000 251.000 255.000 225.000 206.000 207.000 223.000 219.000 204.000 194.000 191.000 158.000 120.000 135.000 146.000 146.000 146.000 119.000 114.000 123.000 104.000 114.000 182.000 206.000 169.000 150.000 131.000 150.000 180.000 200.000 206.000 217.000 202.000 186.000 200.000 209.000 208.000 211.000 195.000 202.000 198.000 198.000 185.000 234.000 233.000 195.000 181.000 184.000 192.000 203.000 214.000 214.000 211.000 209.000 208.000 210.000 210.000 210.000 207.000 207.000 183.000 181.000 211.000 207.000 197.000 153.000 90.000
244.000 250.000 235.000 212.000 206.000 209.000 207.000 209.000 215.000 166.000 141.000 122.000 103.000 169.000 199.000 195.000 198.000 167.000 146.000 118.000 136.000 159.000 201.000 211.000 212.000 200.000 177.000 208.000 203.000 211.000 224.000 210.000 209.000 188.000 182.000 198.000 194.000 229.000 198.000 182.000 180.000 183.000 180.000 226.000 231.000 240.000 197.000 207.000 212.000 213.000 211.000 210.000 209.000 209.000 210.000 211.000 212.000 204.000 195.000 196.000 206.000 181.000 194.000 192.000 179.000 158.000 103.000
246.000 230.000 205.000 200.000 203.000 207.000 209.000 217.000 183.000 126.000 108.000 105.000 139.000 191.000 206.000 203.000 204.000 209.000 201.000 162.000 188.000 180.000 191.000 201.000 217.000 207.000 173.000 191.000 209.000 229.000 244.000 202.000 196.000 195.000 190.000 186.000 184.000 225.000 230.000 209.000 211.000 220.000 194.000 238.000 253.000 255.000 216.000 209.000 210.000 210.000 209.000 209.000 210.000 208.000 204.000 211.000 208.000 205.000 199.000 198.000 205.000 183.000 180.000 182.000 195.000 183.000 163.000
225.000 214.000 204.000 204.000 204.000 210.000 204.000 177.000 130.000 105.000 136.000 160.000 196.000 208.000 204.000 203.000 204.000 205.000 207.000 207.000 204.000 201.000 190.000 185.000 227.000 203.000 167.000 181.000 214.000 222.000 232.000 215.000 199.000 208.000 209.000 208.000 221.000 251.000 244.000 254.000 255.000 247.000 211.000 204.000 247.000 253.000 212.000 208.000 202.000 202.000 209.000 210.000 208.000 201.000 182.000 207.000 209.000 208.000 202.000 196.000 182.000 185.000 183.000 191.000 210.000 187.000 164.000
208.000 209.000 209.000 208.000 208.000 213.000 202.000 139.000 136.000 165.000 189.000 209.000 211.000 209.000 209.000 204.000 202.000 203.000 210.000 206.000 198.000 220.000 226.000 217.000 237.000 206.000 181.000 197.000 203.000 230.000 250.000 255.000 234.000 211.000 209.000 207.000 246.000 253.000 252.000 252.000 240.000 209.000 209.000 207.000 234.000 239.000 212.000 211.000 194.000 184.000 200.000 206.000 196.000 204.000 178.000 189.000 205.000 200.000 182.000 184.000 190.000 206.000 200.000 181.000 204.000 188.000 149.000
208.000 208.000 208.000 208.000 209.000 202.000 191.000 168.000 184.000 212.000 208.000 222.000 218.000 207.000 210.000 206.000 200.000 200.000 209.000 208.000 215.000 237.000 252.000 254.000 254.000 235.000 204.000 202.000 203.000 222.000 249.000 251.000 254.000 231.000 225.000 222.000 247.000 238.000 235.000 237.000 211.000 209.000 211.000 210.000 208.000 207.000 209.000 208.000 210.000 183.000 151.000 191.000 198.000 201.000 170.000 175.000 184.000 183.000 189.000 207.000 210.000 207.000 203.000 176.000 174.000 159.000 103.000
204.000 207.000 208.000 207.000 208.000 206.000 192.000 183.000 202.000 209.000 221.000 249.000 227.000 205.000 206.000 225.000 231.000 208.000 201.000 204.000 234.000 248.000 247.000 250.000 250.000 254.000 233.000 227.000 231.000 210.000 223.000 247.000 252.000 252.000 252.000 254.000 240.000 213.000 207.000 205.000 207.000 207.000 199.000 203.000 205.000 205.000 202.000 198.000 196.000 178.000 132.000 191.000 199.000 197.000 150.000 141.000 177.000 202.000 206.000 202.000 203.000 195.000 163.000 161.000 156.000 185.000 138.000
238.000 223.000 205.000 206.000 208.000 211.000 206.000 199.000 204.000 225.000 248.000 253.000 241.000 233.000 233.000 246.000 252.000 235.000 226.000 228.000 243.000 247.000 247.000 249.000 252.000 253.000 250.000 249.000 253.000 220.000 205.000 228.000 234.000 249.000 251.000 253.000 217.000 210.000 209.000 198.000 198.000 199.000 173.000 190.000 195.000 196.000 198.000 199.000 199.000 177.000 205.000 194.000 184.000 181.000 104.000 99.000 171.000 203.000 180.000 171.000 181.000 184.000 192.000 193.000 170.000 185.000 214.000
252.000 245.000 236.000 240.000 225.000 207.000 209.000 209.000 208.000 217.000 239.000 250.000 251.000 252.000 252.000 251.000 249.000 248.000 249.000 249.000 251.000 247.000 245.000 249.000 224.000 220.000 243.000 251.000 234.000 212.000 210.000 209.000 207.000 226.000 248.000 255.000 219.000 207.000 208.000 191.000 197.000 200.000 179.000 196.000 200.000 196.000 196.000 197.000 187.000 145.000 152.000 187.000 191.000 186.000 122.000 115.000 140.000 184.000 161.000 160.000 189.000 209.000 210.000 209.000 203.000 182.000 196.000
252.000 253.000 255.000 243.000 219.000 211.000 207.000 206.000 213.000 208.000 228.000 253.000 251.000 252.000 255.000 248.000 247.000 252.000 250.000 245.000 242.000 248.000 253.000 254.000 214.000 197.000 221.000 232.000 213.000 206.000 208.000 208.000 208.000 208.000 226.000 234.000 216.000 209.000 209.000 179.000 193.000 201.000 179.000 183.000 192.000 188.000 187.000 189.000 171.000 104.000 96.000 166.000 199.000 203.000 115.000 108.000 107.000 153.000 161.000 180.000 208.000 207.000 209.000 202.000 169.000 164.000 142.000
224.000 231.000 232.000 214.000 184.000 198.000 209.000 214.000 192.000 202.000 253.000 255.000 255.000 244.000 218.000 228.000 252.000 236.000 238.000 248.000 245.000 254.000 236.000 223.000 214.000 210.000 208.000 205.000 207.000 208.000 211.000 210.000 206.000 203.000 200.000 205.000 210.000 199.000 192.000 171.000 174.000 154.000 137.000 154.000 183.000 159.000 156.000 160.000 180.000 144.000 113.000 97.000 184.000 200.000 137.000 110.000 118.000 96.000 156.000 189.000 207.000 208.000 198.000 174.000 95.000 94.000 89.000
199.000 199.000 210.000 184.000 173.000 207.000 216.000 168.000 141.000 158.000 217.000 208.000 199.000 205.000 215.000 236.000 255.000 214.000 221.000 251.000 235.000 239.000 200.000 195.000 194.000 200.000 212.000 210.000 211.000 203.000 187.000 189.000 189.000 184.000 186.000 202.000 210.000 197.000 193.000 191.000 176.000 117.000 98.000 133.000 158.000 142.000 143.000 138.000 173.000 194.000 119.000 98.000 184.000 197.000 184.000 114.000 109.000 115.000 156.000 198.000 205.000 193.000 161.000 167.000 108.000 122.000 101.000
175.000 187.000 179.000 143.000 160.000 222.000 234.000 160.000 173.000 199.000 206.000 206.000 194.000 239.000 249.000 255.000 246.000 192.000 199.000 217.000 202.000 213.000 186.000 173.000 169.000 190.000 214.000 203.000 195.000 186.000 163.000 173.000 192.000 193.000 194.000 204.000 208.000 211.000 215.000 204.000 193.000 151.000 138.000 113.000 105.000 141.000 164.000 165.000 194.000 173.000 137.000 135.000 182.000 200.000 184.000 108.000 104.000 114.000 141.000 151.000 157.000 144.000 146.000 164.000 125.000 110.000 108.000
