results1/res_4e8f-0212.wd
ncols         241
nrows         181
xllcorner     12693529.787448
yllcorner     3542525.717860
cellsize      155.156523
NODATA_value  -9999.000000
[rows 33 to 65 of 181, columns 146 to 218 of 241]
64.972 64.187 63.912 64.548 31.207 42.876 64.562 58.247 36.823 0.000 0.000 36.803 12.803 17.804 33.805 58.809 45.808 11.806 0.000 0.732 50.719 58.705 16.682 43.655 35.635 36.612 40.575 49.538 67.498 58.468 53.440 48.418 49.398 49.381 48.365 47.349 46.331 54.313 64.294 56.277 56.262 54.248 33.233 47.221 55.212 0.000 25.790 30.763 54.693 52.635 57.580 67.529 60.487 55.466 10.456 0.000 38.408 38.399 45.396 23.399 0.000 0.000 0.000 0.000 0.000 0.000 0.000 0.000 0.000 0.000 0.000 0.000 0.000
64.924 64.670 64.322 64.992 42.670 60.366 63.098 56.906 0.000 0.000 14.803 38.803 0.000 0.000 0.000 42.819 42.814 50.804 13.784 63.758 51.732 38.709 47.685 38.659 36.634 36.607 35.575 37.541 65.508 63.478 63.451 65.427 58.406 60.387 59.369 59.351 59.334 60.316 64.299 62.284 63.270 58.257 35.245 34.236 7.230 0.000 22.734 36.717 44.682 39.631 45.577 58.520 58.486 56.466 14.456 0.000 0.000 43.384 15.381 0.000 0.000 0.000 0.000 0.000 2.268 45.262 44.256 46.250 36.245 39.242 6.240 0.000 0.000
65.405 65.067 64.745 64.424 64.114 64.821 56.559 43.374 0.000 0.000 0.000 6.803 0.000 0.000 0.000 39.834 36.825 49.811 54.790 46.766 55.740 53.715 34.689 35.662 36.635 36.607 48.576 52.545 56.514 49.485 46.458 56.433 30.411 37.391 32.372 32.354 32.336 35.319 61.304 50.289 48.276 50.264 35.254 37.247 17.243 0.000 32.695 89.689 14.686 0.000 0.000 7.488 59.471 58.456 17.446 0.000 0.000 40.372 37.363 39.345 37.330 45.317 51.304 43.290 65.274 72.263 70.255 55.249 35.244 34.240 38.238 8.235 0.000
65.802 65.481 65.160 64.846 65.542 60.243 41.941 32.658 41.658 0.000 0.000 0.000 0.000 0.000 0.000 36.857 35.843 38.823 34.801 45.775 48.748 51.721 40.694 35.666 35.637 35.608 60.579 66.548 48.519 42.489 42.462 43.437 40.414 40.393 40.374 41.356 44.338 41.322 62.306 54.293 52.280 52.270 34.261 48.255 74.252 0.000 24.663 77.660 0.000 0.000 0.000 9.472 59.456 57.442 35.426 40.400 38.382 36.368 36.355 36.341 35.328 42.316 49.305 36.293 54.276 72.261 68.252 48.246 33.241 33.238 38.235 6.233 0.000
66.218 65.890 65.569 65.260 61.963 47.670 36.305 0.000 0.000 0.000 0.000 41.010 3.996 9.972 1.940 35.895 36.866 36.840 35.813 35.786 41.757 34.728 34.699 36.670 35.640 34.611 58.581 55.552 63.522 67.492 66.464 61.439 57.416 59.395 55.375 59.356 59.339 60.323 64.308 62.295 63.283 59.273 34.265 46.260 68.257 0.000 19.633 80.627 0.000 0.000 0.000 0.000 56.438 59.429 38.414 36.394 36.377 36.362 36.349 36.337 35.325 42.315 51.306 7.299 0.000 30.252 73.247 49.242 33.238 33.234 37.231 4.230 0.000
66.630 66.291 65.966 65.660 55.381 37.167 0.000 0.000 0.000 0.000 39.040 42.024 55.006 54.981 42.951 35.917 35.886 36.856 36.827 35.797 34.766 35.736 35.705 35.674 34.643 43.613 62.584 41.555 55.527 32.494 65.462 55.438 54.416 54.395 51.375 56.356 57.339 57.323 64.308 62.295 59.284 59.274 34.267 48.262 67.260 0.000 5.610 73.587 0.000 0.000 0.000 0.000 60.429 59.423 35.407 37.386 36.369 37.355 37.343 37.332 38.321 46.312 26.306 0.000 0.000 31.247 73.243 54.238 41.234 35.230 38.226 5.225 0.000
67.039 66.678 67.344 60.035 47.733 37.450 0.000 0.000 0.000 0.000 36.055 53.041 47.021 35.996 37.967 37.936 35.904 34.873 36.841 35.809 36.776 36.743 36.710 35.678 35.646 55.615 55.585 55.558 55.537 0.000 37.452 35.435 36.414 36.394 37.374 41.355 44.337 42.321 62.307 56.294 50.283 52.274 35.267 47.262 66.260 0.000 0.000 46.525 37.499 0.000 0.000 0.000 54.427 37.425 0.000 32.372 38.358 42.347 49.336 49.326 49.316 51.306 23.300 0.000 15.250 79.245 72.240 74.234 62.229 37.224 38.220 6.218 0.000
67.436 67.039 66.697 52.401 4.067 0.029 0.000 0.000 0.000 14.111 52.086 47.064 37.041 38.015 37.986 37.955 37.923 35.890 34.856 34.821 36.786 35.751 35.715 34.681 36.647 51.615 42.584 51.555 52.526 11.492 11.460 51.436 50.413 50.392 50.371 52.352 52.334 53.318 65.303 61.290 56.279 58.271 34.264 43.260 71.259 0.000 0.000 105.487 74.474 41.455 28.446 0.000 0.000 0.000 0.000 0.000 35.345 44.338 48.329 47.319 50.309 52.298 38.287 43.269 59.254 74.245 72.237 72.230 60.224 37.218 37.212 13.208 0.000
67.805 68.346 60.003 42.805 0.000 0.000 0.000 2.179 2.165 59.137 53.112 37.088 38.063 38.036 38.007 37.975 37.942 37.907 34.871 35.834 35.796 35.758 36.720 35.683 35.648 38.614 43.582 55.551 42.521 54.490 59.461 52.435 61.411 51.389 52.368 55.348 54.330 53.313 63.298 59.285 47.274 46.265 35.259 42.256 71.255 0.000 0.000 96.463 86.456 63.445 32.437 0.000 0.000 8.367 3.363 0.000 6.338 55.332 47.323 41.313 38.303 53.292 40.279 42.266 50.253 71.243 73.234 71.226 57.218 37.210 34.203 38.195 32.184
76.093 73.535 46.166 36.011 0.000 0.000 4.204 37.193 51.179 52.159 46.137 41.114 38.088 38.060 38.030 37.997 36.963 39.926 44.888 40.848 35.806 36.765 35.723 35.684 35.646 35.611 42.578 43.546 41.516 48.486 47.458 42.432 54.407 34.384 42.363 49.343 48.324 42.307 61.292 54.278 34.267 33.257 36.251 38.248 42.252 0.000 0.000 74.445 54.440 91.432 77.420 13.401 14.385 65.370 39.360 37.347 37.337 39.328 50.318 44.308 12.297 65.286 53.274 49.262 47.250 58.239 74.230 66.221 49.212 38.203 34.194 41.185 65.172
0.000 0.000 25.115 43.063 0.000 0.000 39.215 49.209 63.199 47.183 46.164 46.141 39.115 38.087 38.055 38.021 44.985 52.947 53.907 45.864 40.817 35.771 34.725 35.682 39.642 36.606 35.573 34.541 40.510 41.481 40.453 41.427 43.402 36.378 42.356 47.336 49.317 45.299 61.283 55.269 37.257 36.247 36.239 32.234 0.000 0.000 0.000 30.433 49.429 49.422 83.411 98.397 91.383 59.370 45.358 46.346 46.335 49.324 71.314 89.303 98.292 97.280 99.269 98.257 92.246 86.235 78.225 61.215 44.206 35.196 36.187 49.177 68.166
19.244 0.000 0.000 0.000 0.000 10.233 42.232 62.231 54.224 57.212 54.194 44.172 37.146 38.116 38.083 49.047 54.009 49.970 44.928 41.882 44.828 39.776 39.725 35.676 40.635 34.599 35.566 36.534 35.504 35.474 35.447 35.420 34.395 35.371 35.349 39.328 45.308 44.290 62.273 56.258 35.245 36.233 36.224 35.216 10.205 0.000 0.000 34.424 60.421 49.415 51.405 66.394 77.381 87.368 89.356 95.344 98.332 98.321 97.310 93.298 84.287 82.275 84.264 87.252 89.241 90.230 88.219 92.209 84.199 51.190 38.180 57.170 74.160
58.686 17.539 0.000 0.000 7.206 43.234 59.250 52.257 44.255 52.245 56.229 57.207 47.180 36.148 46.113 55.075 45.035 36.995 36.954 38.909 6.839 7.779 6.722 32.663 36.624 38.590 38.557 35.526 35.496 36.467 35.439 35.412 35.387 36.363 35.340 35.318 35.297 38.278 55.261 54.245 36.231 36.218 36.208 37.200 38.194 0.000 0.000 33.419 51.416 52.411 64.402 51.391 31.379 35.366 71.353 95.341 79.329 74.317 77.306 70.294 56.282 45.271 36.259 34.247 35.236 45.224 43.214 38.203 77.193 92.183 70.173 68.164 72.154
0.000 33.391 11.804 6.036 42.179 52.245 59.278 43.292 46.293 44.285 42.269 50.247 55.218 50.184 54.146 43.105 37.062 38.021 37.985 45.959 0.000 0.000 0.000 29.630 38.607 49.578 50.547 45.517 41.487 43.458 39.430 38.403 36.377 35.353 35.329 36.307 35.286 35.266 38.247 47.230 35.215 35.201 36.190 35.182 4.177 0.000 0.000 14.417 12.415 66.409 50.402 35.391 49.377 51.363 97.350 78.338 61.326 43.314 34.302 35.290 36.278 37.266 37.254 37.242 36.230 34.219 33.208 34.197 42.187 79.177 87.167 72.157 71.148
0.000 20.830 43.985 46.126 45.229 60.290 45.324 39.340 41.342 40.333 37.317 36.292 51.262 58.224 61.182 49.135 39.088 36.043 44.007 9.983 0.000 0.000 0.000 32.619 42.597 49.568 50.537 50.507 52.476 60.447 58.419 54.393 52.367 48.342 42.318 37.295 35.273 36.252 35.232 40.214 33.197 34.182 35.169 37.160 58.155 0.000 0.000 0.000 28.416 70.411 30.404 39.393 30.377 69.359 87.347 47.335 35.323 37.310 37.298 37.286 37.273 37.261 34.248 34.236 33.224 34.212 34.201 34.190 50.180 65.170 38.160 98.149 70.140
0.000 21.114 44.178 37.255 56.319 56.363 51.389 42.400 36.400 37.390 38.371 49.345 52.311 44.270 47.222 56.167 57.110 47.056 4.016 0.000 5.761 4.724 37.677 43.630 47.594 46.560 47.528 47.496 45.465 52.436 53.408 53.381 54.355 51.330 50.306 51.282 42.259 37.237 38.216 35.196 36.177 35.160 34.146 36.134 51.128 0.000 0.000 0.000 28.421 72.415 34.409 10.401 0.000 15.351 54.343 36.332 37.320 35.307 35.294 35.281 34.269 33.256 34.243 34.230 33.218 34.206 33.194 32.183 35.173 31.164 27.154 91.140 100.129
0.000 18.335 38.360 48.395 58.429 49.454 49.469 51.473 49.468 40.455 46.434 55.405 44.369 37.323 36.267 42.202 52.129 59.056 22.984 14.891 40.798 40.734 35.678 44.629 49.588 50.552 46.517 46.484 38.453 35.424 35.396 35.369 34.343 32.317 39.293 53.268 52.244 51.221 46.198 37.176 35.155 36.136 35.118 35.104 36.095 0.000 0.000 0.000 43.433 10.421 14.415 0.000 0.000 0.000 33.341 13.330 16.318 33.303 32.290 32.277 33.264 35.251 35.237 35.224 34.211 34.199 32.187 32.175 33.165 21.157 0.000 11.126 94.113
0.000 17.531 41.530 60.538 51.549 48.556 48.559 49.555 48.544 50.527 55.504 44.474 38.435 38.386 38.323 37.243 38.148 44.055 60.973 58.890 37.808 36.735 35.672 36.620 48.578 46.541 57.506 45.470 38.439 36.410 37.382 36.356 41.330 49.304 45.279 39.254 45.229 55.204 52.180 51.156 42.132 35.109 35.088 36.068 34.053 0.000 0.000 43.462 31.456 0.000 0.000 45.365 40.364 39.359 31.350 0.000 0.000 38.297 35.287 35.274 35.260 35.246 35.231 35.218 35.204 35.191 35.178 34.166 35.155 37.143 27.130 0.000 36.096
5.816 30.727 55.693 51.678 40.670 45.664 50.655 45.643 51.627 57.607 49.582 37.551 36.512 38.462 38.396 42.301 43.164 37.045 47.963 43.889 40.807 37.725 34.655 41.603 45.562 47.528 38.495 65.452 53.422 43.394 35.368 41.342 60.317 70.291 63.265 40.240 42.214 45.188 49.161 54.135 52.108 48.082 37.055 34.027 40.997 46.954 0.000 18.467 39.473 0.000 0.000 15.367 35.368 35.362 35.350 40.336 39.319 35.301 34.286 35.271 35.256 35.240 35.225 35.211 35.197 35.183 35.170 35.157 34.144 34.131 35.116 38.098 34.088
17.905 51.868 57.836 42.811 37.791 39.773 41.754 52.734 56.714 67.691 66.665 59.635 48.599 37.556 40.497 7.399 0.000 35.995 41.946 38.896 1.807 35.703 39.622 56.574 55.538 58.514 0.000 30.421 70.402 64.378 50.354 56.329 74.303 74.278 72.252 41.225 47.199 47.171 49.143 37.114 46.084 52.054 51.023 49.990 62.953 71.911 4.867 0.000 29.496 54.520 0.000 0.000 58.380 39.369 39.355 39.338 39.320 40.302 34.286 33.270 37.252 34.235 34.219 34.203 34.189 35.175 34.161 33.147 33.134 33.120 33.106 33.091 32.079
17.031 63.004 48.971 37.940 37.911 37.883 50.855 48.826 65.802 80.779 77.753 74.725 69.695 60.664 51.638 0.000 0.000 0.000 29.928 40.914 0.000 0.000 32.554 50.532 49.505 64.475 36.434 37.409 70.386 75.363 71.339 70.315 73.290 73.265 74.239 53.212 45.184 47.155 47.125 37.094 46.061 40.028 58.992 29.955 68.915 90.871 61.823 31.772 0.000 32.543 0.000 34.431 94.403 47.381 49.361 49.341 45.321 46.303 38.285 33.268 15.249 34.227 34.211 37.196 40.181 50.166 40.152 35.138 36.124 36.110 36.096 36.082 36.069
49.184 53.147 47.105 45.066 40.029 51.993 45.955 58.914 36.891 6.868 57.843 76.817 75.791 76.768 59.753 0.000 0.000 0.000 23.923 46.919 0.000 0.000 29.509 44.494 39.473 66.448 77.419 77.394 73.371 73.349 73.325 74.302 73.278 73.253 73.227 67.199 42.171 44.140 42.109 37.075 48.040 49.003 51.964 8.924 53.880 89.834 59.782 77.721 38.639 24.566 36.514 92.459 80.421 52.391 46.366 48.343 42.321 36.301 34.284 32.270 0.000 40.214 48.202 56.188 63.172 72.157 61.143 41.128 35.114 36.099 36.085 36.072 36.059
60.367 49.294 49.237 45.189 52.146 49.105 52.060 75.984 62.979 45.960 66.935 75.909 74.884 73.864 53.854 0.000 0.000 0.000 0.000 1.919 0.000 0.000 35.477 44.465 55.446 71.424 73.400 73.378 73.356 73.334 73.312 73.290 73.266 73.241 73.215 73.188 59.159 49.127 42.094 35.058 39.020 38.980 43.938 62.895 48.849 83.801 69.750 76.693 83.629 69.569 74.517 83.469 59.430 60.397 46.369 45.344 37.320 34.298 35.278 37.258 51.233 57.213 75.196 74.180 73.164 72.148 72.133 62.118 40.103 35.089 36.075 36.061 36.048
51.502 39.424 41.361 53.307 50.261 50.222 20.194 0.000 55.080 81.057 76.028 74.999 76.972 58.951 44.943 28.969 0.000 0.000 0.000 0.000 0.000 0.000 41.459 58.441 70.421 73.401 73.381 73.361 73.341 73.320 73.300 73.278 73.255 73.232 73.206 73.179 74.149 68.116 60.081 52.043 50.002 52.958 43.914 60.868 39.821 81.773 14.723 35.670 70.616 42.563 33.515 89.471 53.433 57.399 55.369 36.342 34.317 35.294 35.272 43.250 64.228 75.208 72.189 72.172 72.155 69.139 68.123 66.108 65.093 39.078 35.064 35.050 35.036
41.615 38.539 51.474 51.418 46.370 66.329 20.299 29.285 69.206 76.159 75.121 75.086 75.054 51.025 51.000 61.995 0.000 0.000 0.000 0.000 0.000 0.000 0.000 8.419 67.396 79.378 74.361 73.343 73.325 73.307 73.288 73.268 73.246 73.223 73.198 73.171 73.142 74.108 75.072 72.031 71.986 74.939 54.890 60.842 34.794 75.747 11.699 13.650 66.601 36.554 46.509 80.468 61.431 53.397 57.367 34.339 35.313 34.289 36.265 46.243 67.222 68.201 73.182 72.164 67.146 64.129 68.113 73.097 72.082 61.067 42.052 41.038 40.024
37.717 51.643 52.578 40.521 51.470 72.426 65.388 71.351 77.299 75.253 75.211 75.172 72.133 56.094 6.036 2.016 0.000 0.000 0.000 0.000 0.000 0.000 0.000 0.000 12.368 24.356 65.341 74.326 73.311 73.294 73.277 73.258 73.238 73.217 73.193 75.167 74.138 74.104 73.066 75.022 73.973 73.920 63.866 61.815 38.767 50.721 80.675 59.629 67.585 36.541 64.500 58.461 61.425 49.392 43.361 35.333 35.307 35.282 43.258 48.236 49.214 54.193 62.173 60.154 61.136 72.119 72.102 72.086 72.070 73.055 67.040 63.026 61.012
52.811 52.740 41.675 37.617 52.565 71.518 77.474 76.432 75.386 75.342 75.299 76.256 67.214 60.180 0.000 0.000 0.000 0.000 0.000 0.000 0.000 0.000 0.000 0.000 21.351 41.335 68.322 74.310 73.297 73.283 73.267 73.251 73.232 73.212 75.191 75.166 75.138 67.105 72.066 75.020 77.964 75.903 69.839 65.786 53.738 37.694 85.651 68.609 70.567 35.527 81.488 45.451 26.416 43.384 34.354 35.326 34.299 43.274 49.250 48.227 48.205 47.184 40.164 36.145 66.126 72.108 72.091 72.074 72.058 72.043 73.028 73.013 72.999
49.898 40.829 38.765 36.707 53.654 73.605 75.560 75.516 75.472 75.429 75.386 77.340 56.286 54.233 0.000 0.000 0.000 0.000 0.000 0.000 0.000 0.000 0.000 0.000 0.000 55.310 74.304 73.295 73.284 73.272 73.259 73.244 75.228 74.210 74.191 74.168 68.143 46.112 62.072 72.027 22.960 13.888 47.802 54.750 63.707 50.666 71.626 89.587 74.548 41.510 83.474 7.439 19.406 32.374 35.345 35.317 37.290 47.265 45.241 46.218 48.195 51.174 45.154 46.134 62.115 72.097 72.079 72.062 72.046 72.030 72.015 72.000 71.986
40.980 38.913 43.850 48.793 63.739 75.690 75.644 75.600 75.558 75.517 75.476 76.430 63.358 0.000 0.000 0.000 0.000 0.000 3.254 40.254 1.254 19.254 0.000 0.000 0.000 30.290 65.287 72.281 73.273 73.263 73.252 73.239 75.225 73.210 73.193 73.174 57.153 53.127 15.085 17.056 0.000 0.000 32.731 39.705 61.672 47.637 52.601 95.565 78.529 57.493 67.458 17.425 62.393 39.363 35.334 35.306 37.280 46.255 57.230 57.207 59.185 65.163 60.142 71.123 72.103 72.085 72.067 72.050 72.033 72.017 72.001 71.986 71.972
42.058 38.992 45.931 64.873 75.820 75.771 75.725 75.682 75.642 75.605 75.572 81.547 0.000 0.000 0.000 0.000 0.000 0.000 40.254 52.254 39.254 54.254 50.255 0.000 20.268 52.274 59.274 70.270 73.264 73.256 73.246 74.235 73.224 73.211 73.197 69.183 58.169 63.158 0.000 0.000 0.000 16.679 49.686 41.667 59.640 35.609 37.576 85.543 84.508 76.474 62.441 62.409 51.379 46.350 35.322 35.295 35.269 45.243 67.219 74.196 73.173 73.152 65.131 72.110 72.091 72.072 72.054 72.036 72.019 72.003 71.988 71.972 71.958
40.132 38.067 53.007 72.950 76.897 75.849 75.803 75.762 75.723 75.689 75.659 82.640 0.000 0.000 0.000 0.000 0.000 0.000 29.254 49.254 49.254 48.254 51.255 35.257 43.262 51.265 51.264 68.261 74.256 73.250 73.242 73.233 73.223 73.213 74.202 66.192 62.183 56.177 0.000 0.000 0.000 9.672 13.666 41.639 60.611 37.583 33.553 72.521 89.488 86.455 67.423 46.393 45.364 46.335 37.308 34.282 35.256 38.231 49.207 69.184 72.161 72.139 64.118 72.098 72.078 72.059 72.040 72.022 72.005 71.989 71.973 71.958 71.943
39.202 41.138 61.079 77.023 75.971 75.923 75.878 75.838 75.800 75.767 77.737 75.712 0.000 0.000 0.000 0.000 0.000 0.000 15.254 54.254 60.254 65.254 56.254 55.255 49.257 45.258 56.257 70.255 73.251 73.245 76.239 74.231 73.223 73.215 73.206 68.199 60.193 55.190 30.194 0.000 0.000 0.000 0.000 3.611 52.583 38.559 34.531 67.500 98.467 79.434 58.404 49.375 51.347 49.320 44.294 33.268 35.243 34.219 38.195 57.171 72.148 72.126 64.105 72.084 72.064 72.045 72.026 72.008 71.991 71.974 71.958 71.943 71.928
39.269 49.206 69.147 77.091 76.040 75.993 75.950 75.910 75.874 76.841 74.809 62.761 46.761 0.000 0.000 0.000 0.000 0.000 17.254 55.254 64.253 64.253 68.253 70.253 53.253 52.253 67.252 73.250 73.246 73.242 74.236 73.230 73.223 73.217 73.210 71.204 59.200 60.197 54.197 0.197 0.000 0.000 0.000 0.000 38.552 38.537 32.514 77.482 65.444 71.412 41.383 61.356 55.330 48.304 48.279 39.254 34.230 35.205 34.181 46.158 69.135 71.112 65.091 72.070 73.049 72.030 72.011 71.993 71.975 71.958 71.942 71.927 71.912
