results1/res_4e8f-0128.wd
ncols         241
nrows         181
xllcorner     12693529.787448
yllcorner     3542525.717860
cellsize      155.156523
NODATA_value  -9999.000000
[rows 99 to 131 of 181, columns 0 to 72 of 241]
0.000 0.000 0.000 0.000 0.000 59.851 99.851 101.850 92.850 87.850 0.000 0.000 0.000 0.000 0.000 1.848 0.848 67.848 64.848 0.000 0.000 0.846 3.846 62.845 61.845 2.845 0.000 0.000 0.000 9.479 0.000 0.000 0.000 0.000 15.341 61.337 57.327 56.310 57.286 58.259 71.230 60.198 64.163 56.125 58.083 56.037 56.989 61.938 62.884 60.828 64.771 57.712 57.652 59.590 62.525 76.455 77.395 62.347 48.303 0.000 0.000 0.000 0.000 0.000 26.297 81.292 78.282 65.264 40.242 35.220 79.198 56.177 58.156
0.000 0.000 0.000 0.000 0.000 60.851 100.851 100.851 0.000 0.000 0.000 0.000 0.000 0.000 0.000 0.848 12.849 78.848 67.848 5.848 2.848 2.847 65.846 64.846 68.846 0.000 0.000 0.000 0.000 67.479 59.479 0.000 0.000 0.000 74.384 84.378 70.370 63.356 57.337 59.315 78.288 63.258 69.224 69.186 60.144 75.098 67.050 67.998 57.943 65.886 65.827 63.767 57.707 58.645 62.579 59.485 21.422 11.384 0.000 0.000 0.000 0.000 0.000 29.306 66.303 78.298 85.291 75.279 51.264 52.248 66.231 57.214 58.196
5.854 0.000 0.000 0.000 0.000 47.852 96.852 105.852 15.852 0.000 0.000 0.000 0.000 0.000 0.000 0.000 1.849 85.849 66.848 67.848 69.848 66.847 63.847 64.846 62.846 0.846 0.000 0.000 0.000 60.479 60.479 61.478 60.470 60.457 59.432 69.423 78.417 25.407 89.393 79.373 84.350 69.321 14.288 85.250 83.209 82.163 86.114 75.061 58.004 60.946 65.885 65.824 62.762 58.703 47.662 0.000 0.000 0.000 0.000 0.000 0.000 0.000 0.000 39.310 66.310 66.308 77.303 76.296 59.287 59.277 58.265 58.251 58.237
73.854 76.854 8.854 0.000 0.000 57.852 96.852 101.852 111.852 16.853 0.000 0.000 0.000 0.000 7.850 7.850 5.849 22.849 70.849 67.848 85.848 99.848 74.847 59.847 0.000 0.000 0.000 0.000 0.000 0.000 59.481 60.483 60.477 60.469 60.463 59.467 59.467 58.462 59.453 64.437 76.416 70.389 13.357 85.320 86.278 64.231 71.181 88.127 82.068 69.007 58.944 64.880 65.814 68.745 53.703 0.000 0.000 0.000 0.000 0.000 0.000 0.000 0.000 1.315 17.320 63.320 60.319 60.316 58.312 58.307 58.300 58.291 58.279
87.854 70.854 70.854 72.854 74.854 93.853 101.853 101.853 101.853 103.853 77.853 16.853 0.000 65.851 72.850 73.850 35.850 30.849 93.849 101.849 96.848 92.848 75.847 0.000 0.000 0.000 0.000 0.000 0.000 0.000 0.000 60.497 59.484 58.480 59.485 60.513 60.522 60.523 60.518 61.507 80.488 75.463 58.431 60.393 71.351 82.304 59.253 71.197 72.135 65.069 85.005 67.939 59.870 0.814 0.000 0.000 0.000 0.000 0.000 0.000 0.000 0.000 0.000 0.000 9.333 63.334 58.335 58.337 58.339 58.339 58.337 56.332 54.325
102.854 92.854 73.854 77.854 95.854 101.854 101.853 101.853 101.853 96.853 68.853 74.853 2.852 56.851 91.851 99.851 99.850 83.850 98.850 105.849 15.849 0.000 0.000 0.000 0.000 0.000 0.000 0.000 0.000 0.000 0.000 60.523 0.000 0.000 0.000 61.579 60.585 60.590 60.590 61.583 77.568 82.543 59.510 60.472 60.428 78.381 79.329 57.272 65.207 84.131 76.065 54.002 0.000 0.000 0.000 0.000 0.000 0.000 0.000 0.000 0.000 0.000 0.000 0.000 6.344 63.347 58.352 58.359 58.367 57.373 56.376 61.376 62.373
102.855 102.855 97.854 100.854 101.854 101.854 101.854 101.854 101.853 97.853 72.853 89.853 0.000 0.000 69.851 93.851 101.851 102.850 101.850 106.850 9.850 0.000 0.000 0.000 0.000 0.000 0.000 0.000 0.000 0.000 0.000 60.549 0.000 0.000 62.647 60.640 60.649 60.661 60.670 60.669 77.656 82.631 59.596 60.555 60.510 61.462 82.411 76.356 83.290 73.181 54.123 0.000 0.000 0.000 0.000 0.000 0.000 0.000 0.000 0.000 0.000 0.000 0.000 0.000 61.354 58.358 58.366 58.380 58.398 57.410 59.418 63.423 64.425
100.855 101.855 101.855 101.855 101.855 101.854 101.854 101.854 101.854 102.854 97.853 104.853 28.853 7.852 57.852 76.851 99.851 101.851 102.851 90.850 4.850 0.000 0.000 0.000 0.000 0.000 0.000 0.000 0.000 0.000 0.000 54.575 59.601 59.627 58.653 60.686 60.709 60.734 60.759 60.767 77.756 82.728 59.689 60.643 60.594 60.545 65.497 88.452 68.415 0.000 0.000 0.000 0.000 0.000 0.000 0.000 0.000 0.000 0.000 0.000 0.000 0.000 0.000 0.000 14.359 65.364 61.375 62.396 60.434 56.452 63.464 64.474 62.482
97.855 102.855 101.855 101.855 101.855 101.855 101.855 101.854 101.854 101.854 102.854 95.853 79.853 70.853 64.852 91.852 101.852 101.851 106.851 9.851 0.000 0.000 0.000 0.000 0.000 0.000 0.000 0.000 0.000 0.000 0.000 0.000 0.000 0.000 0.000 60.741 60.766 60.810 60.865 60.885 76.873 83.838 60.789 60.734 60.679 60.627 60.580 66.538 19.505 0.000 0.000 0.000 0.000 0.000 0.000 0.000 0.000 0.000 0.000 0.000 0.000 0.000 0.000 0.000 0.000 2.364 0.370 0.000 6.490 65.499 63.511 64.526 61.542
97.856 102.856 101.856 101.856 101.855 101.855 101.855 101.855 101.855 101.854 102.854 87.854 66.853 65.853 74.853 98.852 101.852 101.852 107.852 12.851 3.851 0.000 0.000 0.000 0.000 0.000 0.000 0.000 0.000 0.000 0.000 0.000 0.000 0.000 0.000 56.773 60.804 57.873 61.006 61.034 80.013 83.961 60.894 60.824 60.760 60.705 60.658 57.616 7.560 0.000 0.000 0.000 0.000 0.000 0.000 0.000 0.000 0.000 0.000 0.000 0.000 57.614 0.000 0.000 0.000 0.000 0.000 0.000 61.536 62.543 64.556 64.577 61.603
100.856 101.856 101.856 101.856 101.856 101.856 101.856 101.855 101.855 101.855 101.855 98.854 75.854 76.853 93.853 100.853 101.852 101.852 108.852 25.852 0.000 0.000 0.000 0.000 0.000 0.000 0.000 0.000 0.000 0.000 0.000 0.000 0.000 0.000 0.000 0.000 56.804 0.000 60.252 61.234 89.182 76.100 61.002 60.909 60.833 73.774 63.732 58.707 0.000 0.000 0.000 0.000 0.000 0.000 0.000 0.000 0.000 0.000 0.000 0.000 9.614 68.614 53.614 0.000 0.000 0.000 0.000 62.589 65.576 64.580 61.595 57.621 57.659
101.857 101.857 101.857 101.857 101.857 101.856 101.856 101.856 101.856 101.855 101.855 101.855 103.854 103.854 102.853 101.853 101.853 103.852 92.852 35.852 0.000 0.000 0.000 0.000 0.000 0.000 0.000 0.000 0.000 0.000 0.000 0.000 0.000 0.000 0.000 0.000 0.000 0.000 60.515 61.469 95.382 64.255 61.104 60.977 72.888 81.828 60.789 60.773 59.790 0.000 0.000 0.000 0.000 0.000 0.000 0.000 0.000 0.000 0.000 0.000 0.000 64.614 65.614 52.614 0.000 58.611 60.608 64.602 63.600 61.606 60.623 56.652 64.699
100.857 99.857 101.857 101.857 101.857 101.857 101.857 101.857 101.856 101.856 101.856 101.855 101.855 101.854 101.854 101.853 102.853 85.853 13.853 4.853 62.853 76.852 22.852 0.000 0.000 3.852 0.000 0.000 0.000 0.000 0.000 0.000 0.000 0.000 0.000 2.644 2.627 0.000 56.823 67.745 90.621 61.434 58.182 61.008 60.915 60.858 60.824 60.807 60.806 57.806 0.000 0.000 0.000 0.000 0.000 0.000 0.000 0.000 0.000 0.000 0.000 59.614 55.614 61.614 56.614 64.613 64.612 63.612 59.614 62.622 57.639 56.666 56.712
90.858 90.858 99.858 101.858 101.858 101.858 101.858 101.858 101.857 101.857 101.856 102.856 103.855 101.855 101.854 101.854 101.853 23.853 7.853 62.853 72.853 82.853 81.852 74.852 66.852 7.852 0.000 0.000 0.000 0.000 0.000 0.000 0.000 0.000 2.678 61.661 64.610 64.473 61.210 60.067 68.924 56.679 0.000 56.957 60.906 60.867 60.841 60.826 59.821 0.000 0.000 0.000 0.000 0.000 0.000 0.000 61.613 72.613 0.000 0.000 60.614 58.614 58.614 55.614 63.615 64.615 64.616 61.618 64.623 64.631 62.643 57.660 46.678
72.859 77.859 96.859 102.859 101.859 101.859 101.859 101.858 101.858 101.858 103.857 89.857 85.856 100.855 105.854 102.854 97.854 79.853 82.853 88.853 82.853 83.853 62.852 55.852 1.852 0.000 0.000 0.000 0.000 0.000 0.000 0.000 0.000 0.000 52.695 58.712 61.680 61.599 61.478 61.388 63.328 0.000 0.000 0.000 55.884 60.863 60.847 60.836 60.831 0.000 0.000 0.000 0.000 0.000 0.000 21.613 78.613 60.613 58.613 58.614 58.614 58.614 56.614 61.615 64.616 64.617 60.619 64.622 64.628 63.635 57.644 58.654 48.662
56.859 71.859 90.860 103.860 104.860 104.860 102.860 101.859 102.859 101.859 102.858 40.857 11.856 59.855 77.855 98.854 105.854 103.854 103.854 89.853 12.853 0.000 0.000 0.000 0.000 0.000 0.000 0.000 0.000 7.638 9.638 0.000 0.000 0.000 0.000 57.811 61.799 59.764 60.716 62.681 63.671 0.000 0.000 0.000 0.000 53.855 60.846 60.840 57.835 0.000 0.000 0.000 0.000 0.000 0.000 0.000 20.613 74.613 57.613 57.614 58.614 57.614 57.614 63.615 64.616 62.618 50.620 3.625 68.631 62.637 62.643 62.649 48.653
20.860 42.860 75.861 81.861 75.861 77.861 94.861 102.860 98.860 91.860 90.859 25.859 0.000 0.000 0.000 35.854 70.854 96.854 103.854 0.854 0.000 0.000 0.000 0.000 0.000 0.000 0.000 0.000 0.000 49.638 70.638 15.638 0.638 0.000 0.000 57.922 63.942 62.944 71.939 72.949 63.004 8.165 0.000 0.000 0.000 0.000 57.844 58.842 0.000 0.000 0.000 0.000 0.000 0.000 0.000 0.000 0.000 79.613 82.613 62.614 56.614 54.614 64.614 64.615 59.615 0.000 0.000 0.000 9.635 67.639 64.643 64.647 54.649
0.000 0.000 56.863 65.863 17.863 3.862 66.862 95.862 86.861 82.861 96.861 63.860 23.861 0.000 0.000 0.000 0.000 41.854 72.855 0.000 0.000 0.000 0.000 0.000 0.000 0.000 0.000 0.000 0.000 0.000 54.639 72.639 3.639 0.000 0.000 49.012 63.103 61.131 91.146 84.173 62.229 64.327 10.434 0.000 0.000 0.000 52.844 0.000 0.000 0.000 0.000 0.000 0.000 0.000 0.000 0.000 0.000 0.000 67.614 84.614 69.614 63.614 64.614 59.614 0.000 0.000 0.000 0.000 0.000 59.642 64.643 64.645 59.647
0.000 0.000 52.865 97.864 54.864 3.864 55.863 87.863 89.862 100.862 102.862 105.861 111.861 50.861 19.861 0.000 0.000 0.000 12.856 7.857 0.000 0.857 0.000 0.000 0.000 0.000 0.000 0.000 0.000 0.000 55.639 70.639 0.639 7.640 11.640 0.000 56.327 64.330 94.341 76.368 64.414 63.480 68.541 0.000 0.000 0.000 0.000 0.000 0.000 0.000 0.000 0.000 0.000 0.000 0.000 0.000 0.000 0.000 0.000 5.614 72.614 62.614 60.614 0.000 0.000 0.000 0.000 0.000 58.642 57.642 59.643 53.644 0.000
25.869 40.868 74.867 92.866 100.866 69.865 82.865 105.864 102.864 101.863 101.863 101.862 101.862 107.861 110.861 66.860 25.859 7.858 70.857 84.857 77.857 79.857 35.857 11.857 8.856 0.000 0.000 0.000 0.000 0.000 34.639 56.639 62.639 62.640 65.640 24.641 57.548 86.521 88.522 65.542 63.580 63.636 66.710 11.830 6.883 0.000 0.000 0.000 0.000 0.000 0.000 0.000 0.000 0.000 0.000 0.000 0.000 0.000 0.000 0.000 0.000 0.000 6.614 0.000 0.000 0.000 0.000 60.642 55.642 53.642 0.000 0.000 0.000
98.870 101.869 101.868 99.868 97.867 98.867 100.866 100.865 101.865 102.864 102.863 101.863 94.862 98.862 101.861 105.860 109.859 110.858 102.858 98.857 95.857 90.857 92.857 85.857 41.856 19.856 0.000 0.000 0.000 0.000 0.000 0.000 0.000 0.000 0.000 81.735 70.702 99.684 90.683 77.698 64.729 63.774 63.832 67.897 63.936 0.000 0.000 0.000 0.000 0.000 0.000 0.000 0.000 0.000 0.000 0.000 0.000 0.000 0.000 0.000 0.000 0.000 0.000 0.000 0.000 0.000 0.000 0.000 0.000 0.000 0.000 0.000 0.000
101.871 96.870 94.870 93.869 87.869 84.868 85.867 85.867 91.866 96.865 96.864 89.864 73.863 88.862 101.861 101.860 101.859 101.858 101.858 101.857 102.857 102.857 105.857 106.857 106.856 106.856 45.856 0.000 0.000 0.000 0.000 0.000 0.000 0.000 0.000 53.861 79.844 84.829 68.827 85.839 73.864 63.901 63.945 66.992 10.027 0.000 0.000 0.000 0.000 0.000 0.000 0.000 0.000 0.000 0.000 0.000 0.000 0.000 0.000 0.000 0.000 0.000 0.000 0.000 0.000 0.000 0.000 0.000 0.000 0.000 0.000 0.000 0.000
71.872 44.872 66.871 80.871 78.870 58.870 43.869 39.868 59.867 76.866 75.865 68.864 63.863 73.862 94.861 102.860 101.859 101.858 101.858 101.857 101.857 105.857 80.857 68.856 67.856 71.856 74.856 13.856 2.856 0.000 0.000 0.000 0.000 0.000 0.000 52.004 87.982 70.962 62.958 72.967 83.988 68.018 64.056 64.100 70.153 14.243 8.286 0.326 0.000 0.000 0.000 0.000 0.000 0.000 0.000 0.000 0.000 0.000 0.000 0.000 0.000 0.000 0.000 0.000 0.000 0.000 0.000 0.000 0.000 0.000 0.000 0.000 0.000
61.874 32.873 54.873 69.873 65.872 42.871 28.871 32.870 52.869 66.868 64.867 64.865 65.864 63.863 82.862 99.860 101.859 101.858 101.858 101.857 100.857 63.857 0.000 0.000 0.000 0.000 0.000 0.000 0.000 58.332 78.332 30.331 16.328 12.316 59.272 76.170 93.118 70.080 64.075 62.084 79.103 81.129 67.161 64.198 64.241 67.291 76.326 14.356 9.365 0.000 0.000 0.000 0.000 0.000 0.000 0.000 0.000 0.000 0.000 0.000 0.000 0.000 0.000 0.000 0.000 0.000 0.000 0.000 0.000 0.000 0.000 0.000 0.000
74.876 70.875 65.875 64.875 65.874 67.873 68.872 71.871 70.870 66.869 65.868 65.866 65.865 64.863 71.862 93.860 102.859 101.858 103.857 75.857 41.857 0.000 0.000 0.000 0.000 0.000 0.000 0.000 0.000 23.332 45.332 48.333 52.336 66.348 63.331 84.286 81.239 55.165 62.177 64.190 66.210 79.234 71.261 66.291 64.323 63.352 80.372 71.380 65.373 0.000 0.000 0.000 0.000 0.000 0.000 0.000 0.000 0.000 0.000 0.000 0.000 0.000 0.000 0.000 0.000 0.000 0.000 0.000 0.000 0.000 0.000 0.000 0.000
64.878 65.877 65.877 65.877 65.876 65.875 65.874 65.873 65.872 65.870 65.869 65.867 65.866 65.864 63.862 84.860 101.859 103.857 99.856 25.856 0.000 0.000 0.000 0.000 0.000 0.000 0.000 0.000 0.000 0.000 0.000 0.000 0.000 50.410 67.416 93.404 67.388 0.000 50.277 65.292 63.312 67.335 68.359 77.383 66.406 64.424 63.430 59.418 0.397 0.000 0.000 0.000 0.000 0.000 0.000 0.000 0.000 0.000 0.000 0.000 0.000 0.000 0.000 0.000 0.000 0.000 0.000 0.000 0.000 0.000 0.000 0.000 24.197
65.880 65.880 65.879 65.879 65.878 65.877 65.876 64.875 64.874 65.872 65.870 65.869 65.867 65.865 64.862 72.860 87.858 98.856 86.855 12.854 0.000 0.000 0.000 0.000 0.000 0.000 0.000 0.000 0.000 0.000 0.000 0.000 0.000 27.465 76.521 101.526 11.521 0.000 48.362 66.387 64.412 63.434 71.456 82.477 70.495 64.507 68.507 1.465 0.000 0.000 0.000 0.000 0.000 0.000 0.000 0.000 0.000 0.000 0.000 0.000 0.000 0.000 0.000 0.000 0.000 0.000 0.000 0.000 0.000 0.000 0.000 0.000 81.274
65.882 65.882 65.882 65.881 65.880 65.880 65.878 69.877 70.876 66.874 65.872 65.870 65.868 65.865 65.863 64.860 67.858 76.855 76.853 17.852 0.000 0.000 0.000 0.000 0.000 0.000 19.461 0.000 0.000 0.000 0.000 0.000 0.000 0.000 80.675 95.659 18.648 0.000 32.423 63.483 64.513 64.535 63.554 68.573 70.590 66.604 68.611 0.000 0.000 0.000 0.000 0.000 0.000 0.000 0.000 0.000 0.000 0.000 0.000 0.000 0.000 0.000 0.000 0.000 0.000 0.000 0.000 0.000 0.000 0.000 0.000 65.496 74.404
65.885 65.885 65.885 65.884 65.883 65.882 64.881 76.879 81.878 68.876 65.874 65.872 65.869 65.866 65.863 65.860 65.857 64.853 67.850 48.848 0.000 0.000 0.000 0.000 0.000 61.462 82.461 44.459 35.450 34.437 0.000 0.000 0.000 61.955 103.844 77.787 77.765 4.788 0.000 49.611 66.623 64.638 64.653 62.670 78.688 82.706 76.723 0.000 0.000 0.000 0.000 0.000 0.000 0.000 0.000 0.000 0.000 0.000 0.000 0.000 0.000 0.000 0.000 0.000 0.000 0.000 0.000 0.000 0.000 0.000 39.660 90.588 76.512
65.888 65.888 65.887 65.887 65.886 65.885 64.884 77.882 83.880 67.878 65.876 65.873 65.871 65.867 65.864 65.860 65.856 65.852 65.847 71.842 42.835 0.000 0.000 0.000 1.462 24.462 39.463 61.466 69.453 73.425 47.371 23.299 58.202 96.065 93.961 73.882 55.835 13.812 0.000 49.725 66.731 65.740 68.751 63.766 72.785 95.810 92.852 37.941 1.991 18.014 0.000 0.000 0.000 0.000 0.000 0.000 0.000 0.000 0.000 0.000 0.000 0.000 0.000 0.000 0.000 0.000 0.000 0.000 0.000 0.000 76.733 132.681 115.618
62.891 63.891 64.891 64.890 65.889 65.888 63.886 78.885 81.883 64.881 65.878 65.875 65.872 65.869 65.865 65.861 65.856 65.850 65.844 65.837 71.828 51.815 2.807 0.000 0.000 0.000 0.000 37.488 68.471 64.439 67.390 71.325 83.242 100.144 84.052 51.943 1.891 0.000 0.000 48.835 65.835 68.839 81.846 67.858 77.875 78.899 97.933 101.980 85.017 35.038 0.000 0.000 0.000 0.000 0.000 0.000 0.000 0.000 0.000 0.000 0.000 0.000 0.000 0.000 0.000 0.000 0.000 0.000 0.000 62.950 72.858 73.787 76.721
83.895 78.895 73.894 71.893 67.892 63.891 63.890 78.888 81.886 63.884 65.881 65.878 65.875 65.871 65.867 65.862 64.856 63.850 64.843 64.834 64.824 70.812 47.799 24.785 0.000 0.000 0.000 36.527 74.504 68.470 63.425 76.367 99.297 93.216 61.160 0.000 0.000 0.000 0.000 46.943 64.937 69.934 76.937 71.945 76.958 75.977 89.002 83.031 76.058 49.082 4.110 0.000 0.000 0.000 0.000 0.000 0.000 0.000 0.000 0.000 0.000 0.000 0.000 0.000 9.733 0.000 0.000 6.118 40.118 68.041 136.962 100.897 132.782
103.899 102.898 98.898 93.897 89.896 84.895 79.893 75.891 70.889 64.887 65.884 65.881 65.877 65.873 64.869 66.863 72.857 77.851 76.843 74.833 68.822 63.808 67.792 73.771 37.737 18.699 22.652 56.589 79.549 70.512 66.471 89.423 101.363 57.263 2.211 0.000 0.000 10.143 17.120 51.059 64.034 69.024 85.023 75.027 68.036 61.049 67.065 85.084 82.104 88.122 7.138 0.000 0.000 0.000 0.000 0.000 0.000 0.000 0.000 0.000 0.000 0.000 0.000 0.000 6.733 0.000 0.000 0.000 75.195 66.133 76.065 98.960 75.134
