results1/res_4e8f-0039.wd
ncols         241
nrows         181
xllcorner     12693529.787448
yllcorner     3542525.717860
cellsize      155.156523
NODATA_value  -9999.000000
[rows 99 to 131 of 181, columns 0 to 73 of 241]
0.000 0.000 0.000 0.000 0.000 39.801 79.800 81.794 72.785 67.784 0.000 0.000 0.000 0.000 0.000 0.000 0.000 47.719 44.719 0.000 0.000 0.000 0.000 42.642 41.641 0.000 0.000 0.000 0.000 0.000 0.000 0.000 0.000 0.000 0.000 45.775 41.774 40.771 41.766 42.760 55.751 44.740 48.726 40.717 42.707 40.697 41.686 46.674 47.661 45.648 49.635 42.622 42.609 44.596 47.583 61.569 62.557 47.545 33.538 0.000 0.000 0.000 0.000 0.000 12.659 67.660 64.663 51.670 26.678 21.687 65.699 42.713 44.730 44.750
0.000 0.000 0.000 0.000 0.000 40.813 80.812 80.810 0.000 0.000 0.000 0.000 0.000 0.000 0.000 0.000 0.000 58.721 47.720 0.000 0.000 0.000 45.666 44.656 48.651 0.000 0.000 0.000 0.000 51.821 43.821 0.000 0.000 0.000 58.806 68.796 54.792 47.789 41.785 43.780 62.772 47.761 53.740 53.734 44.726 59.716 51.704 52.692 42.678 50.665 50.651 48.637 42.623 43.609 47.595 44.577 6.567 0.000 0.000 0.000 0.000 0.000 0.000 15.664 52.663 64.665 71.668 61.674 37.681 38.690 52.701 43.714 44.730 44.748
0.000 0.000 0.000 0.000 0.000 27.826 76.826 85.826 0.000 0.000 0.000 0.000 0.000 0.000 0.000 0.000 0.000 65.725 46.721 47.714 49.704 46.692 43.677 44.666 42.658 0.000 0.000 0.000 0.000 44.821 44.822 45.824 44.823 44.821 43.816 53.813 62.811 9.809 73.806 63.803 68.798 53.793 0.000 69.754 67.747 66.737 70.725 59.711 42.697 45.682 50.667 50.652 47.636 43.622 32.613 0.000 0.000 0.000 0.000 0.000 0.000 0.000 0.000 25.665 52.666 52.668 63.672 62.677 45.684 45.692 44.702 44.713 44.727 44.743
53.882 56.882 0.000 0.000 0.000 37.841 76.841 81.842 91.848 0.000 0.000 0.000 0.000 0.000 0.000 0.000 0.000 2.732 50.727 47.719 65.707 79.695 54.684 39.675 0.000 0.000 0.000 0.000 0.000 0.000 43.824 44.826 44.825 44.825 44.825 43.828 43.830 42.830 43.829 48.827 60.824 54.821 0.000 69.781 70.773 48.761 55.747 72.732 66.716 53.700 43.683 49.667 50.650 53.631 38.622 0.000 0.000 0.000 0.000 0.000 0.000 0.000 0.000 0.000 3.669 49.671 46.675 46.679 44.685 44.692 44.701 44.711 44.723 43.737
67.884 50.883 50.881 52.876 54.869 73.858 81.854 81.853 81.856 83.860 57.861 0.000 0.000 45.770 52.770 53.766 15.759 10.746 73.737 81.727 76.711 72.699 55.691 0.000 0.000 0.000 0.000 0.000 0.000 0.000 0.000 44.831 43.828 42.828 43.833 44.845 44.850 44.853 44.854 45.853 64.850 59.846 42.842 44.818 55.802 66.787 43.771 55.755 56.737 49.718 69.701 52.683 44.666 0.000 0.000 0.000 0.000 0.000 0.000 0.000 0.000 0.000 0.000 0.000 0.000 49.675 44.677 44.680 44.685 44.691 44.698 42.707 40.718 42.730
82.887 72.886 53.884 57.880 75.875 81.869 81.865 81.863 81.863 76.864 48.864 54.864 0.000 36.771 71.774 79.771 79.765 63.757 78.750 85.744 0.000 0.000 0.000 0.000 0.000 0.000 0.000 0.000 0.000 0.000 0.000 44.840 0.000 0.000 0.000 45.871 44.874 44.878 44.881 45.881 61.879 66.873 43.863 44.847 44.831 62.814 63.797 41.779 49.759 68.737 60.718 38.700 0.000 0.000 0.000 0.000 0.000 0.000 0.000 0.000 0.000 0.000 0.000 0.000 0.000 49.676 44.678 44.680 44.684 43.689 42.695 47.703 48.712 49.722
82.892 82.891 77.889 80.886 81.882 81.878 81.875 81.872 81.870 77.869 52.867 69.865 0.000 0.000 49.784 73.780 81.774 82.768 81.761 86.756 0.000 0.000 0.000 0.000 0.000 0.000 0.000 0.000 0.000 0.000 0.000 44.850 0.000 0.000 46.895 44.894 44.899 44.905 44.911 44.913 61.911 66.904 43.892 44.877 44.860 45.843 66.825 60.807 67.785 57.752 38.735 0.000 0.000 0.000 0.000 0.000 0.000 0.000 0.000 0.000 0.000 0.000 0.000 0.000 47.676 44.677 44.678 44.680 44.683 43.686 45.691 49.697 50.705 50.713
80.898 81.898 81.896 81.894 81.891 81.888 81.884 81.881 81.878 82.875 77.871 84.866 8.862 0.000 37.798 56.792 79.786 81.779 82.773 70.764 0.000 0.000 0.000 0.000 0.000 0.000 0.000 0.000 0.000 0.000 0.000 38.861 43.872 43.884 42.896 44.911 44.922 44.934 44.946 44.951 61.948 66.939 43.925 44.908 44.890 44.872 49.855 72.838 52.822 0.000 0.000 0.000 0.000 0.000 0.000 0.000 0.000 0.000 0.000 0.000 0.000 0.000 0.000 0.000 0.675 51.677 47.678 48.680 46.681 42.681 49.685 50.690 48.697 48.704
77.907 82.906 81.905 81.903 81.901 81.898 81.895 81.891 81.887 81.882 82.876 75.868 59.858 50.841 44.819 71.807 81.798 81.791 86.787 0.000 0.000 0.000 0.000 0.000 0.000 0.000 0.000 0.000 0.000 0.000 0.000 0.000 0.000 0.000 0.000 44.934 44.944 44.963 44.987 44.997 60.993 67.981 44.962 44.941 44.921 44.902 44.884 50.868 3.844 0.000 0.000 0.000 0.000 0.000 0.000 0.000 0.000 0.000 0.000 0.000 0.000 0.000 0.000 0.000 0.000 0.000 0.000 0.000 0.000 51.675 49.678 50.683 47.689 42.695
77.917 82.917 81.916 81.914 81.912 81.910 81.907 81.903 81.898 81.892 82.884 67.874 46.862 45.847 54.831 78.819 81.809 81.802 87.799 0.000 0.000 0.000 0.000 0.000 0.000 0.000 0.000 0.000 0.000 0.000 0.000 0.000 0.000 0.000 0.000 40.946 44.959 41.988 45.043 45.056 64.048 68.028 45.002 44.975 44.951 44.930 44.914 41.904 0.000 0.000 0.000 0.000 0.000 0.000 0.000 0.000 0.000 0.000 0.000 0.000 0.000 43.603 0.000 0.000 0.000 0.000 0.000 0.000 47.658 48.665 50.670 50.675 47.681 43.686
80.929 81.928 81.928 81.927 81.925 81.923 81.920 81.916 81.911 81.904 81.894 78.883 55.870 56.855 73.840 80.828 81.819 81.811 88.807 5.807 0.000 0.000 0.000 0.000 0.000 0.000 0.000 0.000 0.000 0.000 0.000 0.000 0.000 0.000 0.000 0.000 40.958 0.000 44.143 45.136 73.116 60.083 45.044 45.007 44.977 57.955 47.940 42.932 0.000 0.000 0.000 0.000 0.000 0.000 0.000 0.000 0.000 0.000 0.000 0.000 0.000 54.603 39.604 0.000 0.000 0.000 0.000 48.645 51.651 50.657 47.663 43.668 43.673 41.678
81.941 81.941 81.941 81.941 81.940 81.938 81.936 81.932 81.926 81.919 81.908 81.895 83.880 83.864 82.849 81.836 81.826 83.819 72.811 15.809 0.000 0.000 0.000 0.000 0.000 0.000 0.000 0.000 0.000 0.000 0.000 0.000 0.000 0.000 0.000 0.000 0.000 0.000 44.250 45.231 79.196 48.145 45.084 45.033 56.997 65.973 44.958 44.951 43.955 0.000 0.000 0.000 0.000 0.000 0.000 0.000 0.000 0.000 0.000 0.000 0.000 50.604 51.605 38.607 0.000 44.626 46.631 50.639 49.645 47.651 46.656 42.661 50.665 53.669
80.955 79.956 81.956 81.956 81.956 81.955 81.953 81.950 81.945 81.937 81.926 81.910 81.891 81.872 81.856 81.843 82.833 65.827 0.000 0.000 42.801 56.800 2.799 0.000 0.000 0.000 0.000 0.000 0.000 0.000 0.000 0.000 0.000 0.000 0.000 0.000 0.000 0.000 40.376 51.344 74.293 45.217 42.114 45.043 45.006 44.983 44.969 44.962 44.960 41.959 0.000 0.000 0.000 0.000 0.000 0.000 0.000 0.000 0.000 0.000 0.000 45.604 41.606 47.609 42.615 50.622 50.628 49.635 45.641 48.646 43.650 42.654 42.658 35.663
70.969 70.970 79.972 81.973 81.974 81.974 81.973 81.972 81.968 81.960 81.949 82.930 83.903 81.879 81.860 81.846 81.836 3.831 0.000 42.807 52.803 62.800 61.798 54.797 46.796 0.000 0.000 0.000 0.000 0.000 0.000 0.000 0.000 0.000 0.000 44.723 47.699 47.644 44.535 43.475 52.416 40.316 0.000 41.021 45.000 44.984 44.973 44.967 43.964 0.000 0.000 0.000 0.000 0.000 0.000 0.000 47.592 58.593 0.000 0.000 46.601 44.603 44.605 41.609 49.613 50.619 50.625 47.632 50.638 50.642 48.646 43.649 32.651 0.000
52.983 57.986 76.990 82.992 81.992 81.993 81.995 81.996 81.994 81.989 83.979 69.959 65.914 80.880 85.861 82.847 77.837 59.829 62.821 68.813 62.805 63.801 42.799 35.797 0.000 0.000 0.000 0.000 0.000 0.000 0.000 0.000 0.000 0.000 35.747 41.747 44.732 44.697 44.646 44.607 46.580 0.000 0.000 0.000 39.990 44.981 44.974 44.969 44.967 0.000 0.000 0.000 0.000 0.000 0.000 7.592 64.592 46.593 44.595 44.597 44.599 44.601 42.604 47.607 50.612 50.617 46.623 50.630 50.636 49.640 43.642 44.644 34.645 0.000
36.994 52.002 71.011 84.014 85.011 85.013 83.020 82.024 83.025 82.024 83.020 21.015 0.000 39.869 57.858 78.845 85.836 83.829 83.823 69.817 0.000 0.000 0.000 0.000 0.000 0.000 0.000 0.000 0.000 0.000 0.000 0.000 0.000 0.000 0.000 40.789 44.784 42.768 43.746 45.728 46.718 0.000 0.000 0.000 0.000 37.976 44.972 44.969 41.968 0.000 0.000 0.000 0.000 0.000 0.000 0.000 6.593 60.594 43.595 43.596 44.598 43.600 43.603 49.606 50.610 48.615 36.619 0.000 54.637 48.638 48.640 48.641 34.642 0.000
1.004 23.017 56.039 62.042 56.027 58.029 75.048 83.056 79.059 72.062 71.064 6.067 0.000 0.000 0.000 15.839 50.834 76.828 83.825 0.000 0.000 0.000 0.000 0.000 0.000 0.000 0.000 0.000 0.000 32.110 53.111 0.000 0.000 0.000 0.000 40.837 46.846 45.847 54.843 55.842 45.846 0.000 0.000 0.000 0.000 0.000 41.970 42.969 0.000 0.000 0.000 0.000 0.000 0.000 0.000 0.000 0.000 65.594 68.595 48.596 42.598 40.599 50.601 50.604 45.606 0.000 0.000 0.000 0.000 53.638 50.638 50.639 40.640 0.000
0.000 0.000 37.086 46.088 0.000 0.000 47.089 76.092 67.096 63.101 77.108 44.122 4.153 0.000 0.000 0.000 0.000 21.826 52.825 0.000 0.000 0.000 0.000 0.000 0.000 0.000 0.000 0.000 0.000 0.000 37.112 55.113 0.000 0.000 0.000 31.877 45.918 43.931 73.938 66.951 44.979 47.047 0.000 0.000 0.000 0.000 36.970 0.000 0.000 0.000 0.000 0.000 0.000 0.000 0.000 0.000 0.000 0.000 53.595 70.596 55.597 49.599 50.600 45.602 0.000 0.000 0.000 0.000 0.000 45.636 50.637 50.638 45.639 0.000
0.000 0.000 33.133 78.137 35.157 0.000 36.128 68.129 70.132 81.138 83.147 86.162 92.184 31.210 0.222 0.000 0.000 0.000 0.000 0.000 0.000 0.000 0.000 0.000 0.000 0.000 0.000 0.000 0.000 0.000 38.114 53.115 0.000 0.000 0.000 0.000 39.017 47.021 77.029 59.045 47.073 46.116 51.162 0.000 0.000 0.000 0.000 0.000 0.000 0.000 0.000 0.000 0.000 0.000 0.000 0.000 0.000 0.000 0.000 0.000 58.598 48.598 46.599 0.000 0.000 0.000 0.000 0.000 44.634 43.635 45.636 39.637 0.000 0.000
6.206 21.197 55.176 73.172 81.177 50.181 63.167 86.164 83.166 82.172 82.181 82.195 82.214 88.236 91.264 47.282 6.292 0.000 51.319 65.319 58.319 60.317 16.316 0.000 0.000 0.000 0.000 0.000 0.000 0.000 17.116 39.118 45.125 45.132 48.140 7.149 40.114 69.108 71.114 48.129 46.152 46.183 49.210 0.000 0.000 0.000 0.000 0.000 0.000 0.000 0.000 0.000 0.000 0.000 0.000 0.000 0.000 0.000 0.000 0.000 0.000 0.000 0.000 0.000 0.000 0.000 0.000 46.633 41.634 39.634 0.000 0.000 0.000 0.000
79.216 82.211 82.203 80.199 78.199 79.199 81.196 81.195 82.198 83.204 83.213 82.225 75.240 79.257 82.276 86.291 90.303 91.314 83.320 79.321 76.320 71.318 73.316 66.313 22.311 0.301 0.000 0.000 0.000 0.000 0.000 0.000 0.000 0.000 0.000 64.194 53.184 82.182 73.189 60.204 47.226 46.253 46.285 50.329 46.328 0.000 0.000 0.000 0.000 0.000 0.000 0.000 0.000 0.000 0.000 0.000 0.000 0.000 0.000 0.000 0.000 0.000 0.000 0.000 0.000 0.000 0.000 0.000 0.000 0.000 0.000 0.000 0.000 0.000
82.231 77.229 75.225 74.223 68.223 65.223 66.222 66.224 72.227 77.233 77.242 70.252 54.265 69.278 82.292 82.304 82.314 82.322 82.325 82.326 83.324 83.321 86.317 87.313 87.311 87.309 26.308 0.000 0.000 0.000 0.000 0.000 0.000 0.000 0.000 36.249 62.246 67.249 51.258 68.274 56.295 46.320 46.348 49.374 0.000 0.000 0.000 0.000 0.000 0.000 0.000 0.000 0.000 0.000 0.000 0.000 0.000 0.000 0.000 0.000 0.000 0.000 0.000 0.000 0.000 0.000 0.000 0.000 0.000 0.000 0.000 0.000 0.000 0.000
52.250 25.249 47.248 61.247 59.247 39.247 24.249 20.251 40.255 57.261 56.269 49.279 44.289 54.301 75.312 83.321 82.329 82.334 82.335 82.334 82.330 86.325 61.318 49.314 48.311 52.309 55.308 0.000 0.000 0.000 0.000 0.000 0.000 0.000 0.000 34.307 70.305 53.309 45.321 55.339 66.361 50.385 46.414 46.447 52.495 0.000 0.000 0.000 0.000 0.000 0.000 0.000 0.000 0.000 0.000 0.000 0.000 0.000 0.000 0.000 0.000 0.000 0.000 0.000 0.000 0.000 0.000 0.000 0.000 0.000 0.000 0.000 0.000 0.000
42.271 13.271 35.270 50.270 46.271 23.272 9.275 13.278 33.282 47.289 45.296 45.305 46.314 44.324 63.333 80.341 82.347 82.350 82.349 82.345 81.338 44.331 0.000 0.000 0.000 0.000 0.000 0.000 0.000 40.427 60.427 12.428 0.000 0.000 41.397 58.368 75.358 52.361 46.380 44.401 61.424 63.448 49.475 46.506 46.543 49.587 58.607 0.000 0.000 0.000 0.000 0.000 0.000 0.000 0.000 0.000 0.000 0.000 0.000 0.000 0.000 0.000 0.000 0.000 0.000 0.000 0.000 0.000 0.000 0.000 0.000 0.000 0.000 0.000
55.293 51.293 46.293 45.294 46.295 48.297 49.300 52.304 51.309 47.315 46.323 46.331 46.340 45.349 52.357 74.364 83.369 82.371 84.368 56.359 22.348 0.000 0.000 0.000 0.000 0.000 0.000 0.000 0.000 5.427 27.428 30.430 34.435 48.441 45.428 66.411 63.398 37.399 44.438 46.463 48.486 61.509 53.533 48.559 46.587 45.612 62.628 53.636 47.635 0.000 0.000 0.000 0.000 0.000 0.000 0.000 0.000 0.000 0.000 0.000 0.000 0.000 0.000 0.000 0.000 0.000 0.000 0.000 0.000 0.000 0.000 0.000 0.000 11.036
45.316 46.316 46.317 46.318 46.320 46.323 46.326 46.330 46.336 46.342 46.349 46.357 46.366 46.375 44.383 65.390 82.396 84.398 80.394 6.376 0.000 0.000 0.000 0.000 0.000 0.000 0.000 0.000 0.000 0.000 0.000 0.000 0.000 32.462 49.462 75.451 49.424 0.000 32.512 47.528 45.548 49.569 50.590 59.612 48.633 46.649 45.656 41.645 0.000 0.000 0.000 0.000 0.000 0.000 0.000 0.000 0.000 0.000 0.000 0.000 0.000 0.000 0.000 0.000 0.000 0.000 0.000 0.000 0.000 0.000 0.000 0.000 16.212 81.134
46.340 46.340 46.341 46.343 46.345 46.348 46.352 45.356 45.362 46.369 46.376 46.384 46.393 46.402 45.411 53.419 68.427 79.432 67.434 0.000 0.000 0.000 0.000 0.000 0.000 0.000 0.000 0.000 0.000 0.000 0.000 0.000 0.000 9.484 58.507 83.509 0.000 0.000 30.571 48.590 46.610 45.630 53.649 64.667 52.683 46.696 50.703 0.000 0.000 0.000 0.000 0.000 0.000 0.000 0.000 0.000 0.000 0.000 0.000 0.000 0.000 0.000 0.000 0.000 0.000 0.000 0.000 0.000 0.000 0.000 0.000 0.000 73.290 87.234
46.364 46.364 46.365 46.367 46.370 46.373 46.377 50.382 51.388 47.395 46.403 46.411 46.421 46.430 46.440 45.451 48.461 57.470 57.478 0.000 0.000 0.000 0.000 0.000 0.000 0.000 0.844 0.000 0.000 0.000 0.000 0.000 0.000 0.000 62.572 77.571 0.600 0.000 14.611 45.652 46.674 46.692 45.708 50.724 52.738 48.750 50.757 0.000 0.000 0.000 0.000 0.000 0.000 0.000 0.000 0.000 0.000 0.000 0.000 0.000 0.000 0.000 0.000 0.000 0.000 0.000 0.000 0.000 0.000 0.000 0.000 57.521 66.425 66.350
46.388 46.389 46.390 46.392 46.395 46.399 45.403 57.408 62.415 49.422 46.430 46.439 46.449 46.459 46.471 46.483 46.496 45.511 48.530 29.563 0.000 0.000 0.000 0.000 0.000 42.846 63.847 25.848 16.847 15.844 0.000 0.000 0.000 43.680 85.641 59.626 59.633 0.000 0.000 31.734 48.744 46.756 46.769 44.783 60.797 64.809 58.820 0.000 0.000 0.000 0.000 0.000 0.000 0.000 0.000 0.000 0.000 0.000 0.000 0.000 0.000 0.000 0.000 0.000 0.000 0.000 0.000 0.000 0.000 0.000 31.693 82.617 68.537 81.469
46.413 46.413 46.415 46.417 46.420 46.424 45.429 58.435 64.441 48.449 46.457 46.467 46.477 46.489 46.501 46.515 46.530 46.548 46.570 52.597 23.627 0.000 0.000 0.000 0.000 5.847 20.848 42.851 50.849 54.842 28.826 4.803 39.769 77.721 75.685 55.662 37.647 0.000 0.000 31.806 48.812 47.820 50.831 45.843 54.857 77.872 74.894 19.935 0.000 0.000 0.000 0.000 0.000 0.000 0.000 0.000 0.000 0.000 0.000 0.000 0.000 0.000 0.000 0.000 0.000 0.000 0.000 0.000 0.000 0.000 68.770 124.715 107.648 129.555
43.438 44.438 45.440 45.442 46.446 46.450 44.455 59.461 62.468 45.476 46.484 46.494 46.505 46.518 46.531 46.546 46.563 46.582 46.604 46.630 52.658 32.688 0.000 0.000 0.000 0.000 0.000 18.861 49.858 45.850 48.835 52.814 64.785 81.750 65.717 33.689 0.000 0.000 0.000 30.874 47.877 50.883 63.892 49.903 59.915 60.930 79.949 83.977 67.010 17.023 0.000 0.000 0.000 0.000 0.000 0.000 0.000 0.000 0.000 0.000 0.000 0.000 0.000 0.000 0.000 0.000 0.000 0.000 0.000 54.997 64.901 65.827 68.757 87.731
64.463 59.463 54.465 52.468 48.471 44.475 44.481 59.487 62.494 44.502 46.512 46.522 46.534 46.546 46.561 46.576 45.594 44.614 45.636 45.661 45.688 51.719 28.756 5.777 0.000 0.000 0.000 17.875 55.872 49.865 44.852 57.833 80.807 74.777 42.747 0.000 0.000 0.000 0.000 28.939 46.940 51.945 58.952 53.961 58.972 57.984 70.998 65.014 58.030 31.037 0.000 0.000 0.000 0.000 0.000 0.000 0.000 0.000 0.000 0.000 0.000 0.000 0.000 0.000 0.000 0.000 0.000 0.000 32.172 60.092 129.010 92.942 124.824 108.495
84.488 83.489 79.490 74.493 70.497 65.501 60.506 56.513 51.520 45.529 46.538 46.549 46.561 46.575 45.590 47.606 53.624 58.644 57.666 55.690 49.716 44.744 48.774 54.799 18.824 0.000 3.896 37.892 60.891 51.886 47.877 70.860 82.834 38.805 0.000 0.000 0.000 0.000 0.000 33.004 46.002 51.004 67.011 57.020 50.028 43.037 49.045 67.053 64.059 70.060 0.000 0.000 0.000 0.000 0.000 0.000 0.000 0.000 0.000 0.000 0.000 0.000 0.000 0.000 0.000 0.000 0.000 0.000 67.252 58.190 68.119 91.011 67.182 106.636
