results1/res_4e8f-0075.wd
ncols         241
nrows         181
xllcorner     12693529.787448
yllcorner     3542525.717860
cellsize      155.156523
NODATA_value  -9999.000000
[rows 66 to 98 of 181, columns 73 to 145 of 241]
66.791 30.781 0.000 56.021 73.002 71.974 71.949 0.000 43.407 43.391 56.400 52.408 51.390 51.349 50.288 126.200 114.048 0.000 0.000 0.000 46.951 41.901 46.826 49.776 49.733 51.694 52.658 57.622 58.586 59.545 50.487 0.000 0.000 47.875 97.875 79.784 83.635 83.712 81.757 89.691 82.145 82.613 83.342 82.104 81.872 82.658 52.496 0.000 0.000 0.000 0.000 0.000 0.000 0.000 23.603 21.584 21.547 21.496 21.431 21.363 25.289 38.206 35.115 20.018 30.917 39.822 18.732 21.647 27.564 32.483 28.403 22.325 20.248
51.792 57.772 0.000 44.216 68.184 67.159 61.161 14.237 0.000 0.000 49.470 62.540 51.540 50.512 51.472 32.436 0.000 0.000 0.000 0.000 0.000 0.000 57.779 55.757 53.730 36.694 39.657 46.620 47.592 52.562 43.525 0.000 0.000 0.000 58.119 76.023 82.954 83.040 90.138 89.922 82.229 82.907 82.608 82.387 82.167 76.970 34.831 0.000 0.000 32.027 0.000 0.000 0.000 29.641 24.641 21.619 21.581 21.530 21.469 21.401 21.326 21.245 28.158 42.067 42.974 25.883 19.796 20.711 21.628 25.547 24.468 20.389 20.312
53.800 52.742 57.622 55.443 69.360 62.316 63.300 60.312 0.000 0.000 0.000 64.742 59.717 54.685 56.655 3.634 0.000 0.000 0.000 0.000 0.000 0.000 56.753 52.745 43.735 0.000 0.000 44.610 56.600 55.587 0.000 0.000 3.834 60.714 52.457 56.277 63.350 78.405 90.339 81.993 83.535 83.089 82.890 82.662 80.438 63.225 42.028 48.027 46.027 27.027 0.000 0.000 0.000 0.000 38.701 20.672 21.629 25.575 33.513 23.445 21.370 20.290 24.205 39.118 46.030 37.942 23.856 18.773 20.691 20.610 20.531 20.453 19.376
53.838 51.773 55.682 66.574 60.497 53.444 72.412 61.400 13.413 0.000 7.101 56.969 72.902 67.858 67.828 70.812 0.000 0.000 0.000 0.000 2.728 2.730 54.736 45.734 48.730 0.000 0.000 0.000 92.611 119.599 34.599 0.000 59.954 54.852 54.691 54.596 50.678 90.708 90.529 83.049 86.645 83.381 83.162 82.937 74.700 27.462 0.000 50.027 28.027 0.000 0.000 0.000 26.903 25.867 24.791 20.739 24.687 36.629 41.565 39.495 32.419 22.339 31.256 39.171 18.085 23.999 36.915 33.833 29.752 37.672 18.593 20.515 18.439
51.897 57.832 67.756 59.677 51.608 51.552 64.505 72.461 68.428 71.360 73.232 68.131 63.063 65.017 53.988 52.973 0.000 0.000 0.000 3.724 59.725 58.727 46.728 48.726 49.721 53.711 52.705 0.000 3.635 0.000 0.000 6.334 66.176 59.051 53.892 54.983 53.027 90.871 52.689 60.268 74.854 82.665 83.441 81.224 39.962 0.000 0.000 0.000 0.000 0.000 0.000 27.965 21.940 21.907 21.857 22.805 32.750 41.690 40.623 40.551 36.473 32.393 42.309 25.224 20.139 21.055 20.973 30.892 43.813 30.734 18.655 19.575 25.500
57.962 68.901 58.835 51.768 52.706 52.651 54.595 38.511 64.476 62.419 54.338 51.261 50.202 66.160 68.133 55.119 0.000 0.000 0.000 59.723 55.723 52.723 45.722 49.720 49.715 49.708 49.699 8.683 11.658 12.652 14.617 82.492 79.369 68.244 67.203 56.203 91.159 91.022 54.751 61.392 56.160 62.954 81.715 56.557 0.000 0.000 0.000 0.000 0.000 0.000 0.000 27.990 21.985 21.964 21.925 22.876 31.820 41.757 40.687 39.611 36.532 41.449 35.364 19.278 21.193 21.110 21.028 30.950 38.873 17.796 20.717 23.632 42.560
69.031 58.974 51.915 52.855 52.799 53.750 34.713 0.000 21.549 49.502 52.438 52.374 52.324 50.287 74.264 58.252 0.000 0.000 0.000 36.722 53.721 47.720 48.719 49.717 49.713 49.707 49.701 60.693 0.677 4.680 21.708 74.648 84.555 6.449 88.375 78.568 91.279 53.343 66.979 63.616 53.479 50.274 46.907 31.732 0.000 0.000 23.596 0.000 0.000 0.000 0.000 24.019 22.049 22.037 22.003 21.955 22.897 28.830 36.756 36.677 36.593 40.507 18.419 21.332 21.246 20.162 26.082 43.006 25.933 19.862 22.786 3.675 4.608
59.104 52.050 52.995 52.939 52.885 55.836 11.794 9.761 2.668 47.603 52.539 54.473 52.432 51.403 69.383 65.374 0.000 0.000 0.000 0.000 44.719 47.718 49.717 49.715 49.712 49.708 51.703 37.698 0.000 0.000 71.889 74.837 85.756 91.632 85.739 83.775 91.380 74.401 77.099 61.936 54.836 47.759 0.000 0.000 0.000 0.000 21.596 0.000 0.000 0.000 0.000 0.000 25.154 22.134 22.096 22.044 21.982 21.911 21.832 28.747 36.658 24.567 21.475 21.384 21.296 24.212 37.133 37.059 18.991 20.933 23.890 0.000 0.000
52.181 53.129 53.075 53.020 52.966 52.915 56.867 57.820 57.760 53.703 53.642 33.547 50.527 51.508 67.493 66.486 0.000 0.000 0.000 0.000 43.717 49.717 49.715 49.714 49.712 49.709 37.706 0.000 0.000 0.436 77.121 83.057 85.967 85.918 84.996 91.516 83.898 86.612 81.296 66.234 56.171 55.167 55.308 0.000 0.000 0.000 18.597 25.597 18.597 0.000 0.000 0.000 40.279 21.248 22.202 22.145 22.077 23.000 21.914 21.822 21.725 21.627 21.529 21.434 20.343 26.257 41.178 18.105 21.041 20.988 22.952 0.000 0.000
53.260 53.209 53.156 53.101 53.045 52.991 52.940 52.892 52.848 52.808 56.778 0.000 43.622 52.609 68.596 63.590 0.000 0.000 0.000 0.000 48.716 51.716 51.715 51.713 49.712 52.711 0.000 0.000 0.000 69.568 75.408 86.303 86.180 86.287 84.332 91.732 85.041 89.682 85.570 86.501 74.449 62.429 51.450 46.450 48.449 0.000 0.000 24.598 19.598 25.593 26.577 24.536 30.436 40.377 22.320 23.256 32.182 39.097 21.002 21.901 21.794 21.687 21.582 20.481 25.385 44.296 38.216 27.143 20.080 21.025 22.980 37.938 55.880
53.343 53.292 53.238 53.182 53.124 53.063 53.009 55.962 53.932 52.904 56.883 0.000 43.730 52.710 69.692 61.689 1.720 0.000 0.000 0.000 21.716 31.715 30.714 30.713 51.712 36.712 0.000 0.000 0.000 71.738 81.642 86.537 86.488 85.588 92.399 92.085 86.117 86.957 85.812 85.752 86.695 77.650 42.612 0.000 0.000 0.000 0.000 22.600 22.603 19.603 21.603 22.595 21.553 28.504 42.446 25.378 23.298 33.204 21.099 21.984 21.865 21.746 21.631 21.521 29.420 42.328 29.246 41.173 19.109 20.053 25.003 45.955 57.902
53.428 53.376 53.323 53.267 53.203 56.130 58.070 30.015 51.013 53.992 55.968 15.945 46.858 51.809 63.774 61.754 2.751 0.000 0.000 0.000 0.000 0.000 0.000 0.000 32.712 0.000 0.000 0.000 20.173 70.003 86.885 86.756 86.865 84.946 92.683 84.719 90.421 86.112 86.063 85.993 85.931 75.863 36.737 0.000 0.000 0.000 0.000 0.000 25.609 26.616 13.636 21.689 22.678 22.639 26.583 42.512 25.426 22.324 22.204 22.072 21.935 21.801 19.674 25.554 44.446 25.350 24.267 38.195 22.131 20.076 27.026 52.978 57.929
53.514 53.463 53.412 53.358 55.293 31.183 33.126 0.000 13.113 49.086 53.050 57.009 52.949 55.893 60.839 65.804 4.777 0.000 0.000 0.000 0.000 0.000 0.000 0.000 0.000 0.000 0.000 3.464 79.343 81.220 87.108 87.057 86.172 93.194 92.947 85.790 86.501 86.369 86.297 86.230 85.173 65.132 0.000 0.000 0.000 0.000 0.000 0.000 0.000 17.616 0.000 28.848 25.830 21.791 21.735 23.662 40.572 29.460 21.324 22.165 22.004 20.851 25.708 27.577 26.460 23.360 21.277 21.207 21.146 22.093 35.045 57.001 57.959
53.601 53.550 53.503 53.460 58.427 0.000 0.000 19.325 11.241 45.187 54.139 52.091 54.036 65.975 37.887 31.845 0.000 0.000 0.000 0.000 0.000 0.000 0.000 0.000 0.000 0.000 0.000 66.586 71.515 85.425 87.305 87.431 85.523 93.420 85.305 86.975 86.665 86.602 86.525 86.457 78.400 55.360 0.000 0.000 0.000 0.000 0.000 0.000 0.000 0.000 0.000 33.024 28.002 21.961 19.904 22.830 22.739 38.622 31.466 22.259 23.065 20.890 27.732 27.587 24.455 18.354 21.275 21.210 23.154 37.105 56.062 58.023 60.988
54.684 52.635 52.590 52.553 55.529 25.533 22.493 54.409 59.338 53.281 51.230 58.180 68.130 71.085 0.000 0.000 0.000 0.000 0.000 0.000 0.000 0.000 0.000 0.000 0.000 0.000 0.000 68.777 76.712 86.622 87.612 86.649 93.837 93.634 86.343 87.044 86.902 86.821 86.744 86.674 68.608 50.549 0.000 0.000 0.000 0.000 0.000 0.000 0.000 0.000 0.000 31.223 29.195 29.148 26.088 19.017 20.932 21.822 37.659 37.341 34.106 30.913 23.742 22.583 19.420 20.327 21.259 25.203 45.155 57.113 57.075 58.042 57.014
68.763 67.714 66.670 64.633 61.603 62.578 62.537 59.480 60.422 62.369 62.318 68.269 70.217 28.151 0.000 0.000 0.000 0.000 0.000 0.000 0.000 0.000 0.000 0.000 0.000 7.294 15.215 70.033 86.925 87.833 87.782 87.010 94.025 85.834 87.503 87.186 87.118 87.033 86.958 84.887 66.810 37.680 0.000 0.000 0.000 0.000 0.000 0.000 0.000 0.000 0.000 21.451 25.405 28.348 29.285 28.219 25.149 21.075 15.008 0.000 0.000 0.000 0.000 0.000 23.314 21.276 24.232 45.189 58.150 57.115 58.083 61.056 57.033
64.836 66.787 65.744 67.706 69.671 68.638 67.598 65.552 63.503 63.454 64.406 60.360 60.320 0.000 0.000 0.000 0.000 0.000 0.000 0.000 0.000 0.000 0.000 0.000 0.000 56.373 79.318 78.217 87.124 88.013 88.140 86.242 94.200 87.933 87.534 87.407 87.319 87.239 87.167 83.107 63.064 0.000 0.000 0.000 0.000 0.000 0.000 0.000 0.000 0.000 28.893 23.726 20.628 22.552 27.486 29.425 29.369 30.322 21.291 0.000 0.000 0.000 0.000 0.000 24.248 22.230 38.203 59.172 57.142 57.114 57.088 58.066 57.048
52.903 52.855 53.813 60.774 69.739 75.704 63.666 57.625 52.583 50.539 49.493 55.444 34.382 0.000 0.000 0.000 0.000 0.000 0.000 0.000 0.000 0.000 0.000 0.000 0.000 62.508 78.466 86.394 88.311 88.280 87.411 94.510 94.361 89.959 87.761 87.596 87.516 87.435 87.365 82.310 57.276 0.000 0.000 0.000 0.000 0.000 0.000 0.000 0.000 29.203 24.062 23.930 23.829 22.748 19.681 24.626 28.582 29.553 26.543 0.000 0.000 0.000 0.000 27.185 21.200 25.193 53.177 57.155 57.133 57.110 57.090 57.072 57.057
51.964 51.919 55.878 60.840 62.806 65.772 55.738 51.702 52.664 52.625 54.585 32.542 0.000 0.000 0.000 0.000 0.000 0.000 0.000 0.000 0.000 0.000 0.000 0.000 0.000 48.684 77.644 87.582 88.485 88.617 86.728 94.647 87.521 89.189 87.865 87.796 87.704 87.622 87.549 78.490 51.454 0.000 0.000 0.000 0.000 0.000 0.000 0.000 28.478 24.345 24.219 24.105 24.009 23.930 23.866 20.815 19.779 22.765 29.785 29.881 0.000 0.000 0.000 21.171 22.173 40.168 57.156 56.140 56.123 57.105 57.089 57.075 57.063
52.021 51.978 53.939 54.904 52.872 51.841 52.811 51.780 51.747 51.712 56.678 1.661 0.000 0.000 0.000 0.000 0.000 0.000 0.000 0.000 0.000 0.000 0.000 0.000 0.232 56.901 85.847 88.775 88.750 87.884 94.896 94.776 90.526 88.222 88.073 87.979 87.887 87.800 88.719 68.647 56.597 0.000 0.000 28.218 0.000 27.928 29.874 29.771 24.611 24.481 24.366 24.262 24.173 24.098 24.036 23.989 22.957 19.943 28.950 29.978 22.978 0.000 0.000 29.155 21.154 29.148 35.139 38.127 42.113 48.099 54.086 56.075 56.066
53.072 53.032 52.997 52.965 52.936 51.910 51.885 51.859 51.832 50.798 58.754 9.714 0.000 0.000 0.000 0.000 0.000 0.000 0.000 0.000 0.000 0.000 0.000 0.000 41.333 77.168 88.067 88.956 89.098 87.191 95.003 87.992 89.660 88.340 88.260 88.160 88.065 87.972 88.879 60.782 38.689 0.000 0.000 24.219 0.000 22.982 24.923 24.829 24.713 24.602 24.500 24.406 24.323 24.252 24.194 24.148 22.116 24.099 30.097 27.103 0.000 0.000 0.000 28.141 27.139 26.133 25.125 24.115 23.104 27.093 38.083 34.073 36.066
51.119 51.083 51.051 51.023 50.999 50.977 50.959 51.941 53.923 55.893 30.825 0.000 0.000 0.000 0.000 0.000 0.000 0.000 0.000 0.000 8.426 0.000 0.000 11.632 52.501 83.374 89.260 89.246 88.275 95.190 95.102 90.988 88.690 88.537 88.438 88.339 88.241 88.144 84.044 30.913 0.000 0.000 0.000 24.219 30.195 25.097 25.005 24.909 24.812 24.716 24.625 24.539 24.462 24.394 24.338 24.293 21.261 30.242 30.234 26.234 0.000 0.000 0.000 27.130 26.127 27.121 27.114 27.105 27.096 27.086 26.078 26.070 25.064
52.162 52.129 55.101 59.078 62.058 66.042 68.031 71.025 70.024 62.028 0.227 11.364 35.387 3.405 0.000 0.000 0.000 0.000 0.000 39.449 66.426 6.396 0.000 45.762 78.668 88.556 89.453 89.382 88.606 95.267 87.439 89.120 88.799 88.719 88.617 88.517 88.417 89.318 76.239 0.000 0.000 0.000 0.000 4.244 24.269 25.205 27.093 26.991 24.908 24.826 24.744 24.664 24.591 24.526 24.471 21.427 26.394 29.373 30.364 21.365 0.000 0.000 0.000 11.124 32.117 32.111 29.103 26.095 26.087 27.079 28.072 28.066 27.061
54.200 53.172 60.148 69.128 70.113 69.103 68.099 67.104 64.121 58.164 33.269 50.346 68.391 37.424 21.452 0.000 0.000 0.000 10.501 49.473 63.432 2.367 21.191 62.986 87.851 90.741 89.584 89.797 87.773 95.330 89.431 89.142 88.989 88.893 88.795 88.696 88.591 90.473 34.356 0.000 0.000 0.000 0.000 0.000 20.433 26.362 7.170 7.055 24.004 24.937 24.861 24.784 24.712 24.648 23.593 21.549 30.515 30.494 27.485 21.496 27.548 0.000 0.000 0.000 43.107 58.102 51.094 47.086 43.079 39.072 42.066 42.061 25.057
54.234 54.210 57.190 60.174 59.163 57.157 55.159 53.170 51.194 51.236 60.300 62.360 59.408 56.447 60.480 8.508 0.000 0.000 50.530 80.508 31.464 27.393 61.275 85.139 90.020 89.886 90.010 87.967 95.415 87.847 89.558 89.241 89.165 89.067 88.973 88.880 91.779 48.626 0.000 0.000 0.000 0.000 0.000 0.000 22.668 27.640 0.000 0.000 21.116 25.057 24.978 24.898 24.825 24.760 21.705 29.660 30.625 29.600 20.588 24.588 24.600 0.000 0.000 0.000 11.101 41.096 59.086 58.077 58.070 58.064 58.059 52.054 42.051
54.264 54.244 54.227 53.215 53.207 54.205 54.210 54.224 52.248 53.286 58.335 61.386 57.434 52.477 55.512 10.536 0.000 0.000 42.582 52.563 30.525 63.464 78.378 87.277 90.175 90.119 89.225 95.809 95.561 88.845 89.571 89.425 89.333 89.240 89.152 89.072 92.018 0.000 0.000 7.405 16.405 0.000 0.000 24.052 26.931 25.891 32.938 0.000 21.287 25.197 25.097 25.007 24.930 22.864 24.807 30.761 30.724 22.696 23.677 24.667 24.664 0.000 0.000 0.000 0.000 0.000 41.076 57.067 57.061 57.055 57.051 58.047 58.045
54.292 54.275 54.261 54.251 54.245 54.245 54.252 53.266 52.290 56.324 60.367 60.415 55.465 51.513 56.557 9.588 0.000 0.000 38.652 7.638 54.609 78.561 84.494 90.421 90.289 90.513 88.512 96.030 88.279 89.986 89.669 89.596 89.500 89.409 89.321 96.239 80.204 0.000 3.405 53.405 39.405 0.000 0.000 19.172 27.115 26.054 25.986 31.831 29.548 28.349 25.205 25.103 25.024 21.957 29.901 30.853 26.814 21.783 24.759 24.740 26.725 30.737 0.000 0.000 0.000 0.000 0.000 54.054 57.050 57.046 57.043 58.039 56.037
54.319 54.304 54.292 54.283 54.278 54.279 53.286 52.300 54.322 58.354 61.395 57.443 52.497 51.555 54.614 36.671 23.743 24.765 20.735 21.729 61.711 82.676 88.627 90.541 90.701 88.708 96.415 96.231 89.293 90.002 89.851 89.758 89.665 89.575 94.484 37.359 52.355 22.394 53.404 61.406 0.000 0.000 0.000 18.350 27.301 26.225 26.121 35.960 46.725 20.448 30.270 26.177 23.105 25.042 30.985 29.937 20.896 23.863 24.836 24.808 11.760 12.748 0.000 0.000 0.000 0.000 0.000 35.044 56.041 57.037 57.034 61.031 57.028
54.344 54.330 54.318 54.310 54.306 54.307 52.313 52.325 56.345 63.374 64.415 60.465 55.526 53.596 53.674 55.739 55.794 64.817 5.795 39.833 77.830 84.806 90.767 90.760 89.915 96.743 96.584 89.664 90.439 90.096 90.017 89.918 89.826 89.743 97.681 0.000 35.462 37.423 27.412 29.409 0.000 0.000 0.000 21.578 27.515 26.426 32.312 48.162 24.943 0.000 11.250 24.230 22.178 30.119 31.062 27.012 23.971 24.938 24.913 26.897 0.000 0.000 0.000 0.000 0.000 0.000 27.037 8.037 47.032 57.028 57.026 62.023 57.019
54.366 54.353 54.342 54.334 54.330 53.330 52.334 54.343 61.358 38.382 14.425 13.478 10.544 40.629 57.746 52.819 55.876 36.914 0.000 44.978 82.970 88.957 90.879 91.150 89.196 96.889 90.012 90.782 90.345 90.281 90.171 90.073 89.978 90.891 88.815 10.756 10.609 0.000 0.000 0.000 0.000 0.000 21.041 28.869 26.755 25.650 45.541 49.435 0.000 0.000 0.000 20.315 26.259 31.194 31.133 21.080 25.037 25.005 24.982 27.970 0.000 0.000 0.000 0.000 0.000 0.000 6.037 0.000 35.021 57.019 57.017 63.015 57.012
54.386 54.373 54.362 54.354 53.350 52.348 54.350 57.355 65.363 24.372 0.000 0.000 0.000 0.000 39.863 54.913 55.977 42.049 44.141 70.129 87.126 91.088 91.295 89.347 97.147 97.024 90.999 90.688 90.535 90.426 90.323 90.222 90.124 93.026 77.933 6.844 0.000 0.000 0.000 0.000 0.000 0.000 21.214 28.101 26.986 24.879 52.767 13.601 0.000 0.000 26.597 31.455 31.351 31.265 29.195 24.138 25.094 25.062 25.041 27.031 0.000 31.107 0.000 0.000 0.000 0.000 0.000 0.000 28.011 57.011 57.010 57.008 57.006
54.403 54.390 54.379 54.371 53.366 52.363 56.363 60.364 64.367 22.371 0.000 0.000 0.000 0.000 19.929 62.995 58.070 64.163 77.244 86.276 90.281 91.328 90.513 97.365 97.260 90.349 91.118 90.770 90.682 90.573 90.470 90.371 94.269 57.158 29.045 0.000 0.000 0.000 0.000 0.000 0.000 23.737 28.500 27.335 29.211 26.114 50.047 0.000 0.000 21.939 28.740 44.559 33.424 30.322 26.244 24.184 24.139 25.107 25.088 25.083 30.101 26.107 17.107 0.000 0.000 0.000 23.997 25.999 25.003 57.004 57.003 57.002 57.001
54.417 54.405 54.394 54.386 52.380 54.376 60.373 61.372 59.372 46.373 7.373 0.000 0.000 0.000 0.000 16.069 12.143 52.291 83.397 87.447 91.438 91.647 89.805 97.461 89.674 91.447 91.007 90.937 92.820 91.715 90.615 90.521 96.424 19.291 0.000 0.000 0.000 0.000 0.000 5.372 44.248 43.975 31.714 28.527 39.408 34.320 35.259 0.000 0.000 20.138 24.864 35.616 31.463 35.355 29.275 32.216 31.172 28.141 25.121 24.113 24.114 30.114 0.000 0.000 0.000 0.000 20.996 20.997 30.998 56.998 56.997 56.997 56.996
