results1/res_4e8f-0007.wd
ncols         241
nrows         181
xllcorner     12693529.787448
yllcorner     3542525.717860
cellsize      155.156523
NODATA_value  -9999.000000
[rows 34 to 67 of 181, columns 76 to 151 of 241]
0.000 0.000 0.000 0.000 0.000 0.000 0.000 0.000 0.000 0.000 0.000 0.000 0.000 0.000 0.000 0.000 0.000 0.000 0.000 0.000 0.000 0.000 0.000 0.000 0.000 0.000 0.000 0.000 0.000 0.000 0.000 0.000 0.000 0.000 0.000 0.000 0.000 0.000 0.000 0.000 0.000 0.000 0.000 0.000 0.000 0.000 0.000 17.150 16.245 6.275 2.280 2.309 2.373 2.500 2.025 24.051 21.777 0.000 9.291 22.161 35.896 40.704 40.521 40.359 40.112 41.399 37.623 37.096 37.604 40.152 39.668 39.719 39.694 40.691 18.685 36.671
0.000 0.000 0.000 0.000 0.000 0.000 0.000 0.000 0.000 0.000 0.000 0.000 0.000 0.000 0.000 0.000 18.470 0.000 0.000 0.000 0.000 0.000 0.000 0.000 0.000 0.000 0.000 0.000 0.000 0.000 0.000 0.000 0.000 0.000 0.000 0.000 0.000 0.000 0.000 0.000 0.000 0.000 0.000 0.000 0.000 0.000 0.000 0.000 13.312 13.343 4.367 2.389 2.449 1.381 17.673 26.672 0.000 0.000 19.423 34.297 41.097 40.892 40.707 40.437 42.705 38.904 37.141 37.888 40.450 39.945 39.970 39.913 39.878 39.845 39.814 40.780
0.000 0.000 0.000 0.000 0.000 0.000 0.000 0.000 0.000 0.000 0.000 0.000 0.000 0.000 0.000 0.000 44.473 0.464 0.000 0.000 0.000 0.000 0.000 0.000 0.000 0.000 0.000 0.000 0.000 0.000 0.000 0.000 0.000 0.000 0.000 0.000 0.000 0.000 0.000 0.000 0.000 0.000 0.000 0.000 0.000 0.000 0.000 0.000 2.347 15.420 6.454 2.432 0.494 11.871 22.049 11.294 0.000 18.858 36.681 41.508 41.299 41.093 40.796 41.036 40.205 37.283 38.184 40.759 40.247 40.256 40.176 40.115 40.056 40.000 40.946 35.891
0.000 0.000 0.000 0.000 0.000 0.000 0.000 0.000 0.000 0.000 0.000 0.000 0.000 0.000 0.000 32.481 40.478 5.476 0.000 0.000 0.000 0.000 0.000 0.000 0.000 0.000 0.000 0.000 0.000 0.000 0.000 0.000 0.000 0.000 0.000 0.000 0.000 0.000 0.000 0.000 0.000 0.000 0.491 15.662 18.704 16.775 2.881 0.935 1.241 15.536 6.596 0.000 13.612 27.865 16.358 5.160 20.896 26.036 38.939 41.750 41.531 41.205 41.406 39.542 37.537 38.507 41.091 40.574 40.574 40.477 40.395 40.312 40.233 40.155 37.079 23.009
0.000 0.000 0.000 0.000 0.000 0.000 0.000 0.000 0.000 0.000 0.000 0.000 0.000 0.000 24.488 35.486 42.485 1.479 0.000 0.000 0.000 0.000 0.000 0.000 0.000 0.000 0.000 0.000 0.000 0.000 0.000 0.000 0.000 0.000 0.000 0.000 0.000 0.000 0.000 0.000 0.000 0.000 21.618 24.648 25.690 22.754 9.877 0.970 0.000 16.670 7.798 12.062 30.371 24.618 0.000 4.437 23.494 36.452 42.285 42.053 41.692 41.842 39.934 37.921 38.872 41.456 40.936 40.929 40.819 40.717 40.610 40.507 40.408 40.310 30.209 12.146
0.000 0.000 0.000 0.000 0.000 0.000 0.000 0.000 0.000 0.000 0.000 16.468 12.469 0.475 13.491 33.494 44.496 0.000 0.000 0.000 0.000 0.000 0.000 0.000 0.000 0.000 0.000 0.000 0.000 0.000 0.000 0.000 0.000 0.000 0.000 0.000 0.000 0.000 0.000 0.000 0.000 3.599 10.613 8.637 1.667 20.688 0.000 7.713 10.860 1.675 13.867 27.016 24.194 0.000 0.000 16.315 33.190 41.994 42.713 42.314 42.388 39.420 38.483 39.298 41.869 41.344 41.328 41.206 41.088 40.957 40.824 40.698 41.584 34.469 22.300 12.222
0.000 0.000 0.000 0.000 0.000 0.000 0.000 0.000 0.000 0.000 0.000 35.469 30.472 20.483 10.497 34.504 42.512 37.526 22.533 0.000 0.000 0.000 0.000 0.000 0.000 0.000 0.000 0.000 0.000 0.000 0.000 0.000 0.000 0.000 0.000 0.000 0.000 0.000 0.000 0.000 0.000 0.000 0.000 0.000 0.000 3.655 0.000 0.000 0.000 6.805 29.872 27.944 0.000 0.000 16.912 30.317 39.968 43.592 43.241 44.096 40.074 39.334 39.818 42.352 41.812 41.781 41.645 41.513 41.365 41.202 41.031 40.879 40.761 26.685 0.000 0.000
0.000 0.000 0.000 0.000 0.000 0.000 0.000 0.000 0.000 0.000 0.000 0.000 7.470 0.000 18.511 37.516 42.524 40.534 38.543 27.551 0.000 0.000 0.000 0.000 0.000 0.000 0.000 0.000 0.000 0.000 0.000 0.000 0.000 0.000 0.000 0.000 0.000 0.000 0.000 0.000 0.000 0.000 0.000 0.000 0.000 0.335 0.000 0.000 0.000 0.000 13.871 0.000 0.000 21.947 26.505 38.095 44.676 44.559 42.819 41.089 40.708 40.494 42.941 42.364 42.301 42.142 41.992 41.832 41.657 41.457 41.220 42.029 33.896 16.826 0.000 0.000
0.000 0.000 0.000 0.000 0.000 0.000 0.000 0.000 0.000 0.000 0.000 0.000 0.000 39.520 39.522 41.528 41.537 40.546 34.555 28.561 0.000 0.000 0.000 0.000 0.000 0.000 0.000 0.000 0.000 0.000 0.000 0.000 0.000 0.000 0.000 0.000 0.000 0.000 0.000 0.000 0.000 0.000 0.000 0.000 0.000 0.000 0.000 0.000 0.000 0.000 0.000 0.000 24.693 27.388 35.092 45.741 45.857 44.289 46.257 43.083 41.433 43.692 43.034 42.908 42.706 42.526 42.346 42.166 41.978 40.750 49.363 47.120 19.971 9.897 0.000 0.000
0.000 0.000 0.000 0.000 0.000 0.000 0.000 13.122 2.132 6.140 0.000 0.000 0.000 0.000 47.532 41.539 38.550 35.562 38.573 29.579 0.000 0.000 0.000 0.000 0.000 0.000 0.000 0.000 0.000 0.000 0.000 0.000 0.000 0.000 0.000 0.000 0.000 0.000 0.000 0.000 0.000 0.000 0.000 0.000 0.000 0.000 0.000 0.000 0.000 0.000 0.000 0.000 30.001 33.832 44.589 46.799 46.536 50.619 49.162 42.881 44.673 43.861 43.626 43.353 43.121 42.905 42.702 42.511 42.337 48.205 0.000 0.000 0.000 16.896 0.000 0.000
0.000 0.000 0.000 0.000 14.983 0.000 7.090 9.113 21.135 4.151 0.000 0.000 0.000 0.000 32.539 44.547 41.565 41.581 42.596 36.607 0.000 0.000 0.000 0.000 0.000 0.000 0.000 0.000 0.000 0.000 0.000 0.000 0.000 0.000 0.000 0.000 0.000 0.000 0.000 0.000 0.000 0.000 0.000 0.000 0.000 0.000 0.000 0.000 0.000 0.000 0.000 1.962 35.454 44.343 47.466 47.289 51.997 51.477 44.306 45.779 44.818 44.451 44.085 43.786 43.518 43.273 43.047 42.839 42.657 47.529 0.000 0.000 0.000 0.000 0.000 0.000
0.000 0.000 0.000 0.000 25.985 2.018 4.068 10.109 34.146 35.179 30.213 0.000 0.000 0.000 0.000 0.000 46.586 41.603 42.627 39.646 0.000 0.000 0.000 0.000 0.000 0.000 0.000 0.000 0.000 0.000 0.000 0.000 0.000 0.000 0.000 0.000 0.000 0.000 0.000 0.000 0.000 0.000 0.000 0.000 0.000 0.000 0.000 0.000 0.000 0.000 0.000 28.228 45.201 46.913 47.883 52.423 52.295 45.180 46.724 45.764 45.319 44.875 44.508 44.184 43.893 43.625 43.375 43.142 42.925 45.726 29.724 0.000 0.000 0.000 0.000 0.000
0.000 0.000 0.000 0.000 17.956 20.002 20.057 32.111 29.164 41.209 40.249 1.298 0.000 0.000 0.000 0.000 48.591 41.621 42.665 39.708 0.000 0.000 0.000 0.000 9.613 21.634 0.000 0.000 0.000 0.000 0.000 0.000 0.000 0.000 0.000 0.000 0.000 0.000 0.000 0.000 0.000 0.000 0.000 0.000 0.000 0.000 0.000 0.000 0.000 0.000 28.968 46.009 46.659 52.825 52.481 46.114 46.759 47.333 46.565 46.128 45.661 45.252 44.883 44.551 44.245 43.959 43.689 43.429 50.176 0.000 0.000 0.000 0.000 0.000 0.000 0.000
4.571 0.000 0.000 7.714 2.883 10.978 24.050 28.116 39.190 40.246 39.303 8.350 0.000 0.000 0.000 0.000 47.570 41.625 42.707 37.814 17.979 2.199 3.364 3.486 11.594 32.656 0.000 0.000 0.000 0.000 0.000 0.000 0.000 0.000 0.000 0.000 0.000 0.000 0.000 0.000 0.000 0.000 0.000 0.000 0.000 0.000 0.000 0.000 16.725 26.549 45.621 47.319 54.161 53.636 46.474 48.270 47.685 47.220 46.821 46.384 45.972 45.584 45.226 44.892 44.579 44.281 43.992 50.710 0.000 0.000 0.000 0.000 0.000 0.000 0.000 0.000
1.144 5.841 6.009 0.770 0.000 0.000 0.000 0.000 29.236 40.284 38.371 23.424 0.000 0.000 0.000 16.380 37.495 42.606 41.726 42.864 33.026 9.203 6.362 5.500 14.625 32.743 15.894 2.072 3.164 7.214 18.233 0.000 0.000 0.000 0.000 0.000 0.000 0.000 0.000 0.000 0.000 0.000 0.000 0.000 0.000 0.000 0.000 0.000 36.894 45.032 47.802 54.753 54.518 47.012 48.759 48.068 47.777 47.411 47.023 46.635 46.255 45.891 45.544 45.215 44.899 44.593 50.292 0.000 0.000 0.000 0.000 0.000 0.000 0.000 0.000 0.000
5.086 0.150 1.485 3.841 3.879 0.000 0.000 0.000 0.000 0.000 45.477 35.553 13.720 5.884 13.061 12.267 14.428 22.579 23.731 10.891 8.060 6.228 6.384 5.529 14.664 29.798 8.948 6.095 11.193 27.245 30.254 15.252 0.000 0.000 0.000 0.000 0.000 0.000 0.000 0.000 0.000 0.000 0.000 0.000 0.000 0.000 0.000 29.582 45.307 48.242 54.949 54.892 47.497 49.239 48.554 48.285 47.940 47.592 47.236 46.878 46.524 46.180 45.847 45.525 45.210 50.901 0.000 0.000 0.000 0.000 0.000 0.000 0.000 0.000 0.000 0.000
20.221 0.000 0.000 8.853 4.929 15.904 6.892 0.000 0.000 0.000 33.510 30.593 15.726 6.874 4.033 4.203 7.372 20.552 28.731 31.912 25.098 15.266 8.421 7.567 23.708 26.839 2.021 6.171 6.268 7.322 11.287 0.000 0.000 0.000 0.000 0.000 0.000 0.000 0.000 0.000 0.000 0.000 0.000 0.000 0.000 22.164 30.307 43.931 55.221 54.973 48.219 48.920 49.612 49.035 48.770 48.440 48.117 47.786 47.452 47.117 46.786 46.460 46.141 46.828 53.518 0.000 0.000 0.000 0.000 0.000 0.000 0.000 0.000 0.000 0.000 0.000
34.480 21.904 5.337 5.800 6.092 0.000 0.000 0.000 0.000 26.344 23.462 26.585 19.719 20.856 20.996 21.143 24.307 19.529 19.729 21.931 26.155 27.319 25.468 21.614 32.763 30.917 19.087 20.247 20.387 22.491 0.000 0.000 0.000 0.000 0.000 0.000 0.000 0.000 0.000 0.000 0.000 0.000 0.000 24.687 25.537 46.681 47.435 56.271 55.850 50.543 50.365 49.860 49.506 49.234 48.921 48.613 48.300 47.985 47.670 47.355 47.043 46.734 47.430 51.128 0.000 0.000 0.000 0.000 0.000 0.000 0.000 0.000 0.000 0.000 0.000 0.000
34.576 31.911 10.323 4.931 6.558 8.227 1.210 0.000 18.017 15.230 16.412 17.570 12.711 16.839 21.955 30.068 15.186 0.000 0.000 0.000 25.272 21.391 21.519 21.660 21.815 21.981 22.160 22.346 22.543 20.765 16.063 0.000 0.000 0.000 13.850 21.331 33.926 4.404 0.000 0.000 0.000 0.000 25.875 36.837 48.971 49.774 56.760 56.564 51.022 50.807 50.181 49.959 49.677 49.384 49.088 48.789 48.488 48.187 47.887 47.591 47.297 48.007 50.718 0.000 0.000 0.000 0.000 0.000 0.000 0.000 0.000 0.000 0.000 0.000 0.000 0.000
34.614 34.860 25.128 2.177 5.996 7.812 8.628 15.255 24.809 9.148 6.390 4.574 11.719 26.836 25.918 10.992 0.000 0.000 0.000 0.000 0.000 10.457 5.557 5.695 5.856 6.034 7.227 10.437 11.675 11.966 11.363 12.976 12.626 13.392 23.370 31.219 30.045 37.883 36.802 32.413 30.799 33.941 46.215 50.116 50.123 56.930 56.879 51.471 51.248 50.615 50.399 50.112 49.832 49.547 49.259 48.968 48.677 48.387 48.104 47.826 48.551 49.278 0.000 0.000 0.000 0.000 0.000 0.000 0.000 0.000 0.000 0.000 0.000 0.000 0.000 0.000
29.675 33.803 14.961 0.227 0.414 8.404 8.925 8.333 2.821 4.167 10.430 27.619 26.760 9.869 2.892 0.000 0.000 14.002 23.065 19.162 20.283 23.425 26.559 25.710 26.882 30.073 29.279 26.502 28.756 24.062 10.448 14.942 14.511 20.181 39.022 47.131 45.153 40.284 36.108 38.658 45.931 51.459 50.436 57.182 56.955 51.157 52.879 51.600 51.062 50.837 50.550 50.273 49.994 49.713 49.432 49.150 48.865 48.583 49.316 47.058 42.804 0.000 0.000 0.000 0.000 0.000 0.000 0.000 0.000 0.000 0.000 0.000 0.000 0.000 0.000 0.000
13.695 24.731 0.000 0.000 2.906 1.166 8.341 9.553 9.831 3.203 20.546 12.717 1.896 4.991 0.000 0.000 22.848 25.941 26.034 28.139 29.263 32.404 36.547 35.704 35.893 36.097 38.315 39.539 37.788 26.079 12.426 14.836 15.296 15.799 19.410 0.000 0.000 60.992 103.711 82.043 48.632 50.716 58.166 57.759 51.473 54.319 51.842 51.517 51.274 50.991 50.715 50.436 50.158 49.882 49.609 49.335 49.053 50.766 45.521 34.289 0.000 0.000 0.000 0.000 0.000 0.000 0.000 0.000 0.000 0.000 0.000 0.000 0.000 0.000 0.000 0.000
0.000 5.714 0.000 0.000 0.000 3.512 3.598 9.714 0.000 0.000 4.826 2.923 5.061 6.183 16.397 30.577 27.757 29.882 35.991 46.101 90.227 87.382 87.523 87.668 87.890 89.111 73.347 5.551 8.779 7.042 15.343 14.681 12.042 10.311 0.000 0.000 0.000 0.000 29.579 46.993 52.028 58.709 58.476 50.950 52.763 52.166 51.969 51.709 51.436 51.160 50.880 50.599 50.320 50.050 49.789 50.529 49.246 40.908 29.714 0.000 0.000 0.000 0.000 0.000 0.000 0.000 0.000 0.000 0.000 0.000 0.000 0.000 0.000 0.000 0.000 0.000
0.000 0.000 0.000 0.000 0.000 0.000 10.829 3.099 0.000 0.000 13.011 4.073 15.171 28.286 28.433 33.580 36.721 29.841 15.948 7.049 3.164 1.371 4.497 5.557 0.000 0.000 10.412 7.542 6.736 10.969 15.225 12.504 4.880 12.095 0.000 0.000 0.000 25.878 42.679 52.523 58.991 58.881 51.418 53.216 52.612 52.419 52.151 51.885 51.612 51.333 51.049 50.762 50.476 50.210 50.969 46.747 35.496 0.000 0.000 0.000 0.000 0.000 0.000 0.000 0.000 0.000 0.000 0.000 0.000 0.000 0.000 0.000 0.000 0.000 0.000 0.000
0.000 0.000 0.000 0.000 0.000 0.000 0.000 7.779 6.010 14.114 11.137 11.189 11.265 28.359 42.470 31.589 11.710 9.816 4.913 6.986 0.000 0.000 10.460 7.508 0.000 0.000 11.348 6.472 7.654 14.877 13.084 11.234 0.000 0.000 0.000 22.871 20.703 37.386 53.261 59.103 52.185 52.835 53.593 53.081 52.879 52.610 52.345 52.073 51.794 51.511 51.223 50.925 51.615 51.345 41.133 25.995 0.000 0.000 0.000 0.000 0.000 0.000 0.000 0.000 0.000 0.000 0.000 0.000 0.000 0.000 0.000 0.000 0.000 0.000 0.000 0.000
0.000 0.000 21.639 14.626 8.610 0.000 0.000 26.072 23.139 10.196 11.236 11.283 12.344 33.417 85.501 78.601 25.714 80.800 1.905 5.998 6.097 8.220 6.378 6.508 6.682 8.897 5.163 5.347 14.532 13.802 11.000 6.116 0.000 0.000 0.000 25.039 31.891 53.885 52.775 59.482 53.267 53.933 53.559 53.348 53.084 52.819 52.546 52.268 51.983 51.695 51.408 53.100 48.713 30.426 17.222 19.108 0.000 0.000 0.000 0.000 0.000 0.000 0.000 0.000 0.000 0.000 0.000 0.000 0.000 0.000 0.000 0.000 0.000 0.000 0.000 0.000
0.000 0.000 4.652 13.632 10.596 28.529 22.437 27.299 35.280 26.298 11.328 11.366 11.412 10.468 4.516 0.000 4.747 1.807 5.898 5.978 6.073 6.188 6.324 6.467 6.641 5.849 11.059 13.222 14.327 0.000 0.000 0.000 0.000 0.000 0.000 29.329 51.270 55.308 60.852 60.252 53.403 54.115 53.819 53.572 53.309 53.035 52.755 52.470 52.178 51.878 50.616 12.357 0.000 0.000 0.000 0.000 0.000 0.000 0.000 0.000 0.000 0.000 0.000 0.000 0.000 0.000 0.000 0.000 0.000 0.000 0.000 0.000 0.000 0.000 0.000 0.000
0.000 9.719 5.688 4.656 22.614 15.556 31.485 40.409 20.385 6.392 4.414 7.443 10.474 11.527 11.583 4.665 3.736 4.801 4.872 5.946 6.032 6.137 11.265 8.397 5.567 6.801 10.005 14.158 3.227 0.000 0.000 0.000 0.000 0.000 104.995 48.718 55.758 53.770 61.343 53.226 55.778 57.304 54.080 53.818 53.545 53.260 52.969 53.682 50.382 38.027 28.820 0.000 0.000 0.000 0.000 0.000 0.000 0.000 0.000 0.000 0.000 0.000 0.000 0.000 0.000 0.000 0.000 0.000 0.000 0.000 0.000 0.000 0.000 0.000 0.000 0.000
9.770 5.752 4.726 15.692 19.649 30.597 37.540 3.470 2.462 3.471 5.494 4.520 1.553 9.586 10.624 11.678 10.735 4.789 3.844 2.904 3.974 10.063 69.205 37.289 17.433 0.659 0.000 16.177 24.199 0.000 0.000 0.000 0.000 29.436 40.247 57.114 55.168 62.158 61.774 54.352 54.902 55.601 54.347 54.079 53.795 53.493 54.179 52.908 5.644 0.000 0.000 0.000 0.000 0.000 0.000 0.000 0.000 0.000 0.000 0.000 0.000 0.000 0.000 0.000 0.000 0.000 0.000 0.000 0.000 0.000 0.000 0.000 0.000 0.000 0.000 0.000
2.789 5.794 7.775 28.740 39.693 53.646 35.609 0.000 21.524 21.539 5.572 5.599 4.624 2.634 5.652 11.689 9.738 10.777 12.815 10.853 8.897 4.939 0.074 5.124 0.312 0.000 0.000 0.000 10.194 2.192 0.000 0.000 0.000 39.626 56.483 56.556 54.594 62.498 54.091 56.596 58.120 54.888 54.628 54.357 54.063 53.740 51.348 6.127 0.000 0.000 0.000 0.000 0.000 0.000 0.000 0.000 0.000 0.000 0.000 0.000 0.000 0.000 0.000 0.000 0.000 0.000 0.000 0.000 0.000 0.000 0.000 0.000 0.000 0.000 0.000 0.000
0.872 6.863 22.842 33.801 81.739 75.686 77.644 83.608 79.574 80.590 5.660 5.680 4.682 4.677 3.664 0.000 8.753 10.769 11.785 9.799 11.825 11.857 12.880 5.956 0.000 0.000 0.000 0.000 11.192 0.000 0.000 0.000 31.133 52.927 56.859 55.854 63.109 62.813 55.165 55.715 56.419 55.175 54.924 54.659 55.362 30.057 0.000 0.000 0.000 0.000 0.000 0.000 0.000 0.000 0.000 0.000 0.000 0.000 0.000 0.000 0.000 0.000 0.000 0.000 0.000 0.000 0.000 0.000 0.000 0.000 0.000 0.000 0.000 0.000 0.000 0.000
1.968 18.951 26.930 32.885 3.779 2.715 1.679 0.000 0.010 0.002 5.799 5.781 21.749 21.730 0.000 0.000 0.000 8.763 10.760 8.733 10.749 10.786 11.829 7.866 0.000 0.000 0.000 7.776 0.000 0.000 0.000 32.478 41.334 58.185 57.086 56.275 63.381 54.858 57.378 59.920 55.705 55.469 55.237 53.995 41.670 0.488 0.000 0.000 0.000 0.000 0.000 0.000 0.000 0.000 0.000 0.000 0.000 0.000 0.000 0.000 0.000 0.000 0.000 0.000 0.000 0.000 0.000 0.000 0.000 0.000 0.000 0.000 0.000 0.000 0.000 0.000
10.006 27.046 26.044 26.030 0.000 0.000 0.000 11.116 7.105 6.061 5.958 4.898 80.804 68.766 0.000 0.000 0.000 2.761 0.000 2.626 5.653 5.710 7.784 8.815 13.796 14.786 15.781 6.778 0.000 0.000 21.623 71.624 53.542 57.405 57.494 55.562 63.630 55.991 56.467 57.208 55.983 55.763 56.560 26.416 0.000 0.000 0.000 0.000 0.000 0.000 0.000 0.000 0.000 0.000 0.000 0.000 0.000 0.000 0.000 0.000 0.000 0.000 0.000 0.000 0.000 0.000 0.000 0.000 0.000 0.000 0.000 0.000 0.000 0.000 0.000 0.000
0.000 22.184 21.171 15.163 0.000 0.000 0.000 4.128 17.141 6.120 5.078 6.050 0.000 0.000 0.000 0.000 0.000 0.000 0.000 13.478 11.529 9.619 0.000 0.000 2.788 3.783 8.780 0.000 0.000 0.000 0.000 31.858 49.777 56.724 56.831 64.064 63.857 56.077 56.761 56.473 56.260 56.040 50.827 8.694 0.000 0.000 4.392 0.000 0.000 0.000 0.000 0.000 0.000 0.000 0.000 0.000 0.000 0.000 0.000 0.000 0.000 0.000 0.000 0.000 0.000 0.000 0.000 0.000 0.000 0.000 0.000 0.000 0.000 0.000 0.000 0.000
