results1/res_4e8_norain-0014.wd
ncols         241
nrows         181
xllcorner     12693529.787448
yllcorner     3542525.717860
cellsize      155.156523
NODATA_value  -9999.000000
[rows 102 to 135 of 181, columns 0 to 74 of 241]
2.450 5.441 0.000 0.000 0.000 0.000 25.388 30.392 40.412 0.000 0.000 0.000 0.000 0.000 0.000 0.000 0.000 0.000 0.000 0.000 13.703 27.692 2.684 0.000 0.000 0.000 0.000 0.000 0.000 0.000 14.676 15.677 15.687 15.700 15.713 14.719 14.726 13.731 14.789 19.829 31.866 25.895 0.000 41.163 42.214 20.284 27.364 44.453 38.547 25.644 15.742 21.841 22.945 26.064 11.125 0.000 0.000 0.000 0.000 0.000 0.000 0.000 0.000 0.000 0.000 29.164 26.167 26.171 24.178 24.188 24.202 24.219 24.241 23.268 22.298
16.469 0.000 0.000 1.486 3.480 22.467 30.440 30.435 30.442 32.452 6.443 0.000 0.000 0.000 0.845 1.861 0.000 0.000 21.804 29.779 24.723 20.697 3.686 0.000 0.000 0.000 0.000 0.000 0.000 0.000 0.000 15.663 14.680 13.690 14.690 15.670 15.669 15.678 15.707 16.739 35.774 30.814 13.865 15.997 27.084 38.166 15.252 27.346 28.446 21.549 41.648 24.746 16.845 0.000 0.000 0.000 0.000 0.000 0.000 0.000 0.000 0.000 0.000 0.000 0.000 29.161 24.163 24.166 24.172 24.179 24.191 22.206 20.225 22.248 28.274
31.498 21.509 2.512 6.505 24.498 30.489 30.479 30.475 30.477 25.482 0.000 3.538 0.000 0.000 19.861 27.875 27.879 11.866 26.838 33.820 0.000 0.000 0.000 0.000 0.000 0.000 0.000 0.000 0.000 0.000 0.000 15.635 0.000 0.000 0.000 16.602 15.602 15.607 15.622 16.645 32.679 37.725 14.787 15.875 15.961 34.046 35.135 13.233 21.343 40.459 32.557 10.651 0.000 0.000 0.000 0.000 0.000 0.000 0.000 0.000 0.000 0.000 0.000 0.000 0.000 29.158 24.159 24.161 24.164 23.169 22.177 27.190 28.206 29.226 30.248
31.524 31.528 26.530 29.529 30.527 30.524 30.520 30.518 30.520 26.525 1.544 18.548 0.000 0.000 0.000 21.910 29.904 30.890 29.870 34.852 0.000 0.000 0.000 0.000 0.000 0.000 0.000 0.000 0.000 0.000 0.000 15.609 0.000 0.000 17.524 15.535 15.532 15.527 15.529 15.544 32.574 37.620 14.682 15.758 15.839 16.922 38.010 32.110 39.234 29.388 10.472 0.000 0.000 0.000 0.000 0.000 0.000 0.000 0.000 0.000 0.000 0.000 0.000 0.000 27.153 24.154 24.155 24.155 24.155 23.156 25.161 29.171 30.185 30.202 30.222
29.555 30.558 30.562 30.564 30.567 30.568 30.568 30.568 30.568 31.568 26.571 33.569 0.000 0.000 0.000 4.959 27.948 29.931 30.910 18.876 0.000 0.000 0.000 0.000 0.000 0.000 0.000 0.000 0.000 0.000 0.000 9.583 14.559 14.536 13.515 15.485 15.465 15.443 15.425 15.427 32.453 37.501 14.565 15.639 15.716 15.795 20.874 43.964 24.099 0.000 0.000 0.000 0.000 0.000 0.000 0.000 0.000 0.000 0.000 0.000 0.000 0.000 0.000 0.000 0.000 31.153 27.153 28.152 26.148 22.139 29.142 30.151 28.163 28.178 25.195
26.594 31.597 30.603 30.610 30.617 30.623 30.627 30.627 30.625 30.618 31.608 24.597 8.588 0.000 0.000 20.028 30.007 29.985 34.970 0.000 0.000 0.000 0.000 0.000 0.000 0.000 0.000 0.000 0.000 0.000 0.000 0.000 0.000 0.000 0.000 15.425 15.400 15.357 15.301 15.288 31.313 38.367 15.438 15.517 15.595 15.667 15.729 21.775 0.000 0.000 0.000 0.000 0.000 0.000 0.000 0.000 0.000 0.000 0.000 0.000 0.000 0.000 0.000 0.000 0.000 0.000 0.000 0.000 0.000 31.111 29.118 30.128 27.140 22.153 31.166
26.638 31.643 30.652 30.664 30.677 30.689 30.697 30.700 30.694 30.680 31.657 16.632 0.000 0.000 3.209 27.127 30.077 30.043 36.025 0.000 0.000 0.000 0.000 0.000 0.000 0.000 0.000 0.000 0.000 0.000 0.000 0.000 0.000 0.000 0.000 11.390 15.357 12.283 15.137 15.112 34.146 38.216 15.305 15.397 15.480 15.550 15.603 12.633 0.000 0.000 0.000 0.000 0.000 0.000 0.000 0.000 0.000 0.000 0.000 0.000 0.000 22.895 0.000 0.000 0.000 0.000 0.000 0.000 27.056 28.078 30.092 30.104 27.116 23.129 33.142
29.686 30.694 30.708 30.727 30.748 30.768 30.784 30.790 30.783 30.759 30.715 27.653 4.562 5.443 22.301 29.204 30.139 30.095 37.070 0.000 0.000 0.000 0.000 0.000 0.000 0.000 0.000 0.000 0.000 0.000 0.000 0.000 0.000 0.000 0.000 0.000 11.356 0.000 13.852 14.877 42.945 30.048 15.171 15.286 15.381 28.452 18.499 13.522 0.000 0.000 0.000 0.000 0.000 0.000 0.000 0.000 0.000 0.000 0.000 0.000 0.000 33.897 18.898 0.000 0.000 0.000 0.000 28.017 31.036 30.054 27.069 23.081 23.094 21.107 25.125
30.737 30.748 30.769 30.797 30.829 30.861 30.888 30.903 30.898 30.866 30.803 30.711 32.599 32.477 31.355 30.259 30.188 32.138 21.099 0.000 0.000 0.000 0.000 0.000 0.000 0.000 0.000 0.000 0.000 0.000 0.000 0.000 0.000 0.000 0.000 0.000 0.000 0.000 13.545 14.601 48.708 17.862 15.045 15.198 27.306 36.378 15.421 15.437 14.413 0.000 0.000 0.000 0.000 0.000 0.000 0.000 0.000 0.000 0.000 0.000 0.000 29.898 30.901 17.905 0.000 23.962 25.976 29.999 29.018 27.035 26.049 22.061 30.072 33.081 0.000
29.785 28.802 30.833 30.872 30.919 30.968 31.014 31.046 31.050 31.013 30.928 30.799 30.656 30.518 30.394 30.297 31.227 14.178 0.000 0.000 0.000 4.891 0.000 0.000 0.000 0.000 0.000 0.000 0.000 0.000 0.000 0.000 0.000 0.000 0.000 0.000 0.000 0.000 9.182 20.276 43.425 14.649 11.950 15.157 15.268 15.334 15.373 15.391 15.390 12.389 0.000 0.000 0.000 0.000 0.000 0.000 0.000 0.000 0.000 0.000 0.000 24.898 20.903 26.912 21.928 29.950 29.968 28.987 25.005 28.019 23.032 22.042 22.053 15.066 0.000
19.827 19.851 28.896 30.950 31.015 31.088 31.164 31.226 31.251 31.218 31.108 31.908 32.719 30.554 30.416 30.317 30.255 0.000 0.000 0.000 0.918 10.901 9.882 2.872 0.000 0.000 0.000 0.000 0.000 0.000 0.000 0.000 0.000 0.000 0.000 12.196 15.261 15.416 12.725 11.897 21.069 9.358 0.000 11.215 15.274 15.319 15.348 15.364 14.370 0.000 0.000 0.000 0.000 0.000 0.000 0.000 26.867 37.868 0.000 0.000 25.889 23.895 23.901 20.911 28.925 29.942 29.960 26.978 29.995 30.008 28.018 23.026 12.031 0.000 0.000
1.854 6.890 25.960 32.028 31.111 31.216 31.336 31.453 31.518 31.509 33.386 19.017 14.767 29.573 34.407 31.308 26.231 8.153 11.095 17.042 10.975 11.933 0.000 0.000 0.000 0.000 0.000 0.000 0.000 0.000 0.000 0.000 0.000 0.000 3.131 9.132 12.171 12.264 12.407 12.519 14.598 0.000 0.000 0.000 10.296 15.320 15.338 15.350 15.356 0.000 0.000 0.000 0.000 0.000 0.000 0.000 43.868 25.870 23.873 23.878 23.885 23.891 21.899 26.908 29.921 29.936 25.952 29.973 29.990 29.000 23.008 24.013 14.017 0.000 0.000
0.000 0.936 20.037 33.098 34.196 34.336 32.522 31.739 32.870 31.924 32.919 0.000 0.000 0.000 6.342 27.286 34.217 32.144 32.098 18.065 0.000 0.000 0.000 0.000 0.000 0.000 0.000 0.000 0.000 0.000 0.000 0.000 0.000 0.000 0.000 8.033 12.028 10.062 11.122 13.176 14.207 0.000 0.000 0.000 0.000 8.327 15.336 15.343 12.349 0.000 0.000 0.000 0.000 0.000 0.000 0.000 0.000 39.871 22.874 22.878 23.883 22.888 22.895 28.903 29.914 27.930 15.940 0.000 33.992 27.996 28.001 28.004 14.007 0.000 0.000
0.000 0.000 5.084 11.141 5.249 7.420 24.684 33.121 29.309 22.407 21.455 0.000 0.000 0.000 0.000 0.000 0.000 25.116 32.098 0.000 0.000 0.000 0.000 0.000 0.000 0.000 0.000 0.000 0.000 0.000 0.000 0.000 0.000 0.000 0.000 7.939 13.847 12.834 21.846 22.855 12.848 0.000 0.000 0.000 0.000 0.000 12.336 13.339 0.000 0.000 0.000 0.000 0.000 0.000 0.000 0.000 0.000 44.872 47.874 27.877 21.881 19.886 29.891 29.897 24.905 0.000 0.000 0.000 0.000 32.994 29.996 29.998 20.000 0.000 0.000
0.000 0.000 0.000 0.000 0.000 0.000 0.000 26.760 17.846 13.949 28.049 0.000 0.000 0.000 0.000 0.000 0.000 0.000 1.076 0.000 0.000 0.000 0.000 0.000 0.000 0.000 0.000 0.000 0.000 0.000 0.000 0.000 0.000 0.000 0.000 0.000 12.587 10.581 40.575 33.551 11.484 13.306 0.000 0.000 0.000 0.000 7.335 0.000 0.000 0.000 0.000 0.000 0.000 0.000 0.000 0.000 0.000 0.000 32.875 49.877 34.880 28.883 29.887 24.892 0.000 0.000 0.000 0.000 0.000 24.990 29.992 29.994 24.996 0.000 0.000
0.000 0.000 0.000 30.583 0.000 0.000 0.000 19.323 21.373 32.505 34.752 38.280 44.573 0.000 0.000 0.000 0.000 0.000 0.000 0.000 0.000 0.000 0.000 0.000 0.000 0.000 0.000 0.000 0.000 0.000 0.000 0.000 0.000 0.000 0.000 0.000 5.335 13.331 43.321 25.292 13.232 12.129 17.016 0.000 0.000 0.000 0.000 0.000 0.000 0.000 0.000 0.000 0.000 0.000 0.000 0.000 0.000 0.000 0.000 0.000 37.880 27.882 25.884 0.000 0.000 0.000 0.000 0.000 23.984 22.987 24.990 18.991 0.000 0.000 0.000
0.000 0.000 7.618 25.591 33.519 2.380 15.115 37.845 34.828 33.954 34.183 34.525 34.874 41.313 44.587 0.952 0.000 0.000 5.708 19.719 12.723 14.720 0.000 0.000 0.000 0.000 0.000 0.000 0.000 0.000 0.000 0.000 0.000 0.000 0.000 0.000 6.086 35.090 37.086 14.066 12.024 11.963 14.904 0.000 0.000 0.000 0.000 0.000 0.000 0.000 0.000 0.000 0.000 0.000 0.000 0.000 0.000 0.000 0.000 0.000 0.000 0.000 0.000 0.000 0.000 0.000 0.000 25.981 20.983 18.984 0.000 0.000 0.000 0.000 0.000
31.644 34.651 34.654 32.652 30.575 31.419 33.244 33.123 34.149 35.309 35.509 34.770 28.094 32.485 35.832 40.196 44.456 45.617 37.704 33.734 30.736 25.725 27.710 20.699 0.000 0.000 0.000 0.000 0.000 0.000 0.000 0.000 0.000 0.000 0.000 29.783 18.835 47.857 38.867 25.862 12.837 11.794 11.736 15.644 11.643 0.000 0.000 0.000 0.000 0.000 0.000 0.000 0.000 0.000 0.000 0.000 0.000 0.000 0.000 0.000 0.000 0.000 0.000 0.000 0.000 0.000 0.000 0.000 0.000 0.000 0.000 0.000 0.000 0.000 0.000
34.645 29.663 27.702 26.798 20.718 17.485 18.327 18.262 24.345 29.634 29.781 22.962 7.255 22.711 36.066 36.354 36.563 36.696 36.765 36.783 37.769 37.740 40.714 41.694 41.677 41.667 0.000 0.000 0.000 0.000 0.000 0.000 0.000 0.000 0.000 1.704 27.616 32.638 16.666 33.678 21.669 11.642 11.601 14.555 0.000 0.000 0.000 0.000 0.000 0.000 0.000 0.000 0.000 0.000 0.000 0.000 0.000 0.000 0.000 0.000 0.000 0.000 0.000 0.000 0.000 0.000 0.000 0.000 0.000 0.000 0.000 0.000 0.000 0.000 0.000
4.636 0.000 0.004 14.129 12.022 0.000 0.000 0.000 0.000 10.107 9.030 2.101 0.146 8.047 29.376 37.597 36.753 36.848 36.885 36.870 36.825 40.759 15.720 3.694 2.676 6.664 9.657 0.000 0.000 0.000 0.000 0.000 0.000 0.000 0.000 0.000 35.325 18.413 10.482 20.516 31.522 15.505 11.471 11.421 17.340 0.000 0.000 0.000 0.000 0.000 0.000 0.000 0.000 0.000 0.000 0.000 0.000 0.000 0.000 0.000 0.000 0.000 0.000 0.000 0.000 0.000 0.000 0.000 0.000 0.000 0.000 0.000 0.000 0.000 67.758
0.000 0.000 0.000 3.676 1.474 0.000 0.000 0.000 0.000 2.654 0.988 1.160 2.519 0.263 17.800 34.912 37.011 37.065 37.063 36.996 35.907 0.000 0.000 0.000 0.000 0.000 0.000 0.000 0.000 0.000 0.000 0.000 0.000 0.000 5.462 22.613 39.948 17.207 11.333 9.384 26.397 28.386 14.359 11.318 11.260 14.191 23.160 0.000 0.000 0.000 0.000 0.000 0.000 0.000 0.000 0.000 0.000 0.000 0.000 0.000 0.000 0.000 0.000 0.000 0.000 0.000 0.000 0.000 0.000 0.000 0.000 0.000 0.000 0.000 65.836
12.129 8.097 3.025 1.655 2.662 4.841 5.884 8.849 7.743 3.520 2.608 2.642 2.629 1.476 7.111 29.247 38.319 37.346 39.312 11.151 0.000 0.000 0.000 0.000 0.000 0.000 0.000 0.000 0.000 0.000 0.000 0.000 0.000 12.311 9.312 30.430 27.647 2.129 9.262 11.290 13.296 26.286 18.263 13.231 11.193 10.154 27.130 18.115 12.114 0.000 0.000 0.000 0.000 0.000 0.000 0.000 0.000 0.000 0.000 0.000 0.000 0.000 0.000 0.000 0.000 0.000 0.000 0.000 0.000 0.000 0.000 0.000 0.000 2.118 78.982
2.161 3.138 3.089 3.017 2.954 2.964 2.964 2.921 2.860 2.821 2.813 2.808 2.800 2.797 0.518 20.653 37.680 39.694 35.696 0.000 0.000 0.000 0.000 0.000 0.000 0.000 0.000 0.000 0.000 0.000 0.000 0.000 0.000 0.000 13.047 39.147 13.397 0.000 0.000 12.219 10.212 14.198 15.178 24.153 13.126 11.103 10.091 6.103 0.000 0.000 0.000 0.000 0.000 0.000 0.000 0.000 0.000 0.000 0.000 0.000 0.000 0.000 0.000 0.000 0.000 0.000 0.000 0.000 0.000 0.000 0.000 0.000 7.320 72.233 82.126
3.218 3.205 3.178 3.141 3.109 3.098 3.087 2.071 2.043 3.005 2.985 2.970 2.953 2.925 1.802 9.018 24.058 35.062 23.087 0.000 0.000 0.000 0.000 0.000 0.000 0.000 0.000 0.000 0.000 0.000 0.000 0.000 0.000 0.000 21.682 46.717 0.000 0.000 0.000 13.155 11.137 10.119 18.099 29.078 17.057 11.040 15.031 0.000 0.000 0.000 0.000 0.000 0.000 0.000 0.000 0.000 0.000 0.000 0.000 0.000 0.000 0.000 0.000 0.000 0.000 0.000 0.000 0.000 0.000 0.000 0.000 0.000 64.408 78.343 78.259
3.289 3.286 3.278 3.262 3.245 3.231 3.217 7.226 8.212 4.173 3.152 3.136 3.120 3.097 3.063 1.824 4.477 13.414 13.510 0.000 0.000 0.000 0.000 0.000 0.000 0.000 0.000 0.000 0.000 0.000 0.000 0.000 0.000 0.000 25.283 40.324 0.000 0.000 0.000 10.109 11.064 11.041 10.021 15.003 16.985 12.971 14.963 0.000 0.000 0.000 0.000 0.000 0.000 0.000 0.000 0.000 0.000 0.000 0.000 0.000 0.000 0.000 0.000 0.000 0.000 0.000 0.000 0.000 0.000 0.000 0.000 48.669 57.560 57.474 57.390
3.362 3.375 3.387 3.386 3.377 3.365 2.358 14.354 19.344 6.325 3.313 3.304 3.294 3.281 3.262 3.235 3.140 2.103 5.034 0.000 0.000 0.000 0.000 0.000 0.000 0.000 0.000 0.000 0.000 0.000 0.000 0.000 0.000 5.596 47.844 21.971 21.970 0.000 0.000 0.000 12.971 10.960 10.944 8.928 24.911 28.897 22.888 0.000 0.000 0.000 0.000 0.000 0.000 0.000 0.000 0.000 0.000 0.000 0.000 0.000 0.000 0.000 0.000 0.000 0.000 0.000 0.000 0.000 0.000 0.000 22.866 73.779 59.689 72.611 94.482
3.425 3.464 3.509 3.518 3.513 3.494 2.472 15.489 21.486 5.471 3.473 3.473 3.472 3.471 3.472 3.473 3.483 3.565 3.645 9.890 0.000 0.000 0.000 0.000 0.000 0.000 0.000 2.968 10.968 14.986 0.000 0.000 1.097 39.349 37.526 17.748 0.000 0.000 0.000 0.000 12.891 11.883 14.870 9.853 18.836 41.819 38.804 0.000 0.000 0.000 0.000 0.000 0.000 0.000 0.000 0.000 0.000 0.000 0.000 0.000 0.000 0.000 0.000 0.000 0.000 0.000 0.000 0.000 0.000 0.000 59.953 115.892 98.816 120.714 99.296
0.742 1.715 2.701 2.686 3.664 3.629 1.646 16.647 19.639 2.614 3.636 3.644 3.652 3.662 3.680 3.706 3.736 3.795 3.946 4.137 10.341 0.000 0.000 0.000 0.000 0.000 0.000 0.000 9.953 6.004 9.129 13.322 25.607 42.982 27.165 0.000 0.000 0.000 0.000 0.000 11.820 14.812 27.799 13.781 23.761 24.738 43.707 47.646 30.620 0.000 0.000 0.000 0.000 0.000 0.000 0.000 0.000 0.000 0.000 0.000 0.000 0.000 0.000 0.000 0.000 0.000 0.000 0.000 0.000 46.211 56.103 57.020 59.942 78.908 98.483
21.965 16.919 11.865 9.840 5.828 1.831 1.828 16.815 19.811 1.816 3.812 3.818 3.829 3.846 3.883 3.934 3.008 2.125 3.235 3.374 3.547 9.734 0.000 0.000 0.000 0.000 0.000 0.000 15.887 9.948 5.063 18.230 41.461 35.810 3.987 0.000 0.000 0.000 0.000 0.000 10.757 15.749 22.733 17.713 22.691 21.668 34.642 28.611 21.595 0.000 0.000 0.000 0.000 0.000 0.000 0.000 0.000 0.000 0.000 0.000 0.000 0.000 0.000 0.000 0.000 0.000 0.000 0.000 23.408 51.320 120.228 84.151 116.025 99.688 97.728
42.042 41.022 36.996 31.982 27.980 23.002 18.001 13.975 8.974 2.996 3.982 3.987 4.000 4.013 3.074 5.140 11.227 16.350 15.446 13.578 7.739 2.940 7.184 13.325 0.000 0.000 0.000 0.000 20.761 11.838 7.947 31.074 43.198 0.000 0.000 0.000 0.000 0.000 0.000 0.000 9.704 14.694 30.673 20.647 13.622 6.600 12.581 30.564 27.554 33.553 0.000 0.000 0.000 0.000 0.000 0.000 0.000 0.000 0.000 0.000 0.000 0.000 0.000 0.000 0.000 0.000 0.000 0.000 58.497 49.430 59.353 82.236 58.400 97.845 89.171
33.139 38.130 42.118 42.111 44.110 44.116 38.117 29.112 15.115 4.126 3.132 4.147 3.175 2.219 7.262 21.326 32.410 37.514 37.624 34.753 26.906 18.082 9.277 3.467 8.712 10.921 10.118 11.321 9.559 4.698 18.812 41.922 9.060 0.000 0.000 0.000 0.000 4.648 16.649 13.652 15.662 21.650 39.620 25.580 9.551 8.532 8.519 20.511 41.506 0.000 0.000 0.000 0.000 0.000 0.000 0.000 0.000 0.000 0.000 0.000 0.000 0.000 0.000 0.000 0.000 0.000 0.000 34.779 57.656 61.555 61.439 71.514 98.970 89.291 89.233
11.246 13.242 16.237 22.233 32.233 38.236 43.239 43.242 36.249 22.260 11.275 5.298 9.333 16.387 29.429 44.493 43.575 40.673 40.782 43.907 44.049 40.207 28.378 16.556 8.748 3.934 5.112 4.287 5.456 13.585 35.681 43.745 0.000 0.000 0.000 0.000 0.000 0.000 8.647 17.646 18.644 15.624 16.579 26.502 21.471 14.458 18.454 26.454 39.454 0.000 0.000 0.000 0.000 0.000 0.000 0.000 0.000 0.000 0.000 0.000 0.000 0.000 0.000 0.000 0.000 0.000 42.030 63.901 59.765 68.725 59.776 99.121 87.868 89.343 94.585
3.357 3.355 3.354 5.353 10.354 14.355 21.363 30.370 38.379 41.392 35.410 33.436 35.472 38.520 37.575 30.643 21.725 19.820 19.927 25.046 31.177 38.319 41.471 40.630 29.793 19.955 15.110 13.259 22.394 38.504 39.585 25.631 0.000 0.000 0.000 0.000 0.000 0.000 0.000 18.643 0.000 0.000 0.493 15.379 30.374 34.377 36.386 37.397 33.404 0.000 0.000 0.000 0.000 0.000 0.000 0.000 0.000 0.000 0.000 0.000 0.000 0.000 26.654 0.000 62.394 84.313 117.132 73.071 68.101 49.038 85.086 89.537 89.418 98.187 87.684
4.470 4.470 4.471 4.473 3.477 2.484 4.488 9.496 15.506 25.520 35.539 37.565 30.601 20.649 14.708 6.779 2.863 2.957 3.061 5.173 10.294 16.423 23.559 35.699 40.842 42.982 42.117 38.244 41.358 34.453 16.524 8.565 0.000 0.000 0.000 0.000 0.000 0.000 0.000 17.642 0.000 0.000 0.000 18.255 37.269 45.290 31.318 34.346 20.361 0.000 0.000 0.000 0.000 0.000 0.000 0.000 0.000 0.000 0.000 0.000 0.000 13.654 32.654 105.597 134.481 117.336 100.863 99.780 91.432 90.069 89.904 89.729 54.968 99.879 91.485
