results1/res_4e8f-0159.wd
ncols         241
nrows         181
xllcorner     12693529.787448
yllcorner     3542525.717860
cellsize      155.156523
NODATA_value  -9999.000000
[rows 66 to 98 of 181, columns 73 to 145 of 241]
71.327 35.315 0.000 60.450 77.428 76.398 76.371 0.000 47.771 47.755 60.769 56.780 55.760 55.714 54.646 130.547 118.375 0.000 0.000 0.000 51.109 46.047 50.953 53.891 53.840 55.793 56.747 61.692 62.643 63.594 54.554 0.000 0.000 51.838 101.838 83.751 87.614 87.702 85.754 93.673 86.162 86.641 87.379 86.151 85.929 86.724 56.569 0.000 0.000 0.000 0.000 0.000 0.000 0.000 41.588 39.564 39.525 39.472 39.408 39.342 43.271 56.196 53.121 38.048 48.977 57.906 36.836 39.766 45.697 50.629 46.562 40.496 38.431
56.328 62.303 0.173 48.673 72.636 71.608 65.611 18.697 0.000 0.000 53.848 66.928 55.928 54.897 55.854 36.812 0.000 0.000 0.000 0.000 0.000 0.000 61.886 59.860 57.828 40.787 43.740 50.688 51.649 56.616 47.585 0.000 0.000 0.000 62.078 79.986 86.923 87.015 94.100 93.894 86.234 86.922 86.633 86.422 86.211 81.023 38.890 0.000 3.078 36.078 0.000 0.000 0.000 47.667 42.632 39.598 39.557 39.505 39.446 39.382 39.314 39.243 46.172 60.100 61.029 43.959 37.889 38.821 39.753 43.686 42.620 38.554 38.490
58.338 57.269 62.133 59.930 73.835 66.786 67.769 64.783 0.000 0.000 0.000 69.155 64.128 59.093 61.059 8.036 0.000 0.000 0.000 0.000 0.000 0.000 60.846 56.836 47.823 0.000 0.000 48.669 60.650 59.635 0.000 0.000 7.782 64.662 56.410 60.232 67.310 82.370 94.293 85.974 87.528 87.092 86.902 86.685 84.471 67.266 46.078 52.078 50.078 31.078 0.000 0.000 0.000 5.702 56.676 38.640 39.597 43.547 51.489 41.427 39.361 38.292 42.221 57.151 64.080 56.011 41.942 36.874 38.808 38.742 38.676 38.612 37.548
58.379 56.303 60.198 71.077 64.990 57.931 76.896 65.884 17.901 0.000 11.557 61.410 77.335 72.287 72.254 75.236 0.000 0.000 0.000 0.000 6.799 6.803 58.815 49.813 52.807 0.000 0.000 0.000 96.647 123.639 38.631 0.000 63.901 58.798 58.637 58.544 54.626 94.646 94.475 87.020 90.625 87.371 87.162 86.947 78.721 31.493 0.000 54.078 32.078 0.000 0.000 0.000 44.805 43.763 42.729 38.690 42.646 54.595 59.538 57.476 50.410 40.341 49.272 57.201 36.131 42.062 54.994 51.927 47.861 55.797 36.733 38.669 36.605
56.438 62.365 72.281 64.192 56.115 56.053 69.001 76.953 72.918 75.845 77.704 72.592 67.517 69.466 58.434 57.417 0.000 0.000 0.000 7.792 63.794 62.796 50.798 52.795 53.785 57.765 56.752 0.000 7.654 1.641 0.583 10.291 70.122 62.992 57.831 58.921 56.967 94.802 56.637 64.227 78.822 86.642 87.428 85.221 43.971 0.000 0.000 0.000 0.000 0.000 0.000 45.872 39.847 39.818 39.785 40.746 50.701 59.649 58.591 58.528 54.462 50.393 60.322 43.252 38.182 39.113 39.045 48.979 61.914 48.851 36.789 37.726 43.662
62.506 73.440 63.367 56.294 57.226 57.164 59.103 43.010 68.975 66.912 58.823 55.738 54.673 70.627 72.598 59.583 0.000 0.000 0.000 63.789 59.789 56.789 49.788 53.783 53.773 53.758 53.739 12.708 15.671 16.640 18.584 86.444 83.310 72.179 71.133 60.130 95.080 94.947 58.690 65.338 60.114 66.917 85.689 60.539 0.000 0.000 0.000 0.000 0.000 0.000 0.000 45.897 39.893 39.876 39.847 40.809 49.762 59.709 58.649 57.584 54.516 59.445 53.374 37.302 39.231 39.162 39.094 49.029 56.966 35.905 38.845 41.784 60.719
73.580 63.520 56.456 57.391 57.330 58.276 39.236 0.000 26.057 54.006 56.936 56.865 56.811 54.771 78.746 62.734 0.000 0.000 0.000 40.787 57.785 51.783 52.780 53.775 53.766 53.754 53.737 64.714 4.683 8.663 25.668 78.591 88.486 10.374 92.295 82.486 95.196 57.261 70.904 67.548 57.418 54.223 50.872 35.705 0.000 0.000 41.450 0.000 0.000 0.000 0.000 41.925 39.954 39.946 39.919 39.880 40.831 46.775 54.712 54.644 54.573 58.499 36.425 39.351 39.279 38.209 44.141 61.077 44.016 37.958 40.903 21.846 22.768
63.660 56.604 57.544 57.484 57.426 60.373 16.329 14.293 7.191 52.120 57.049 58.977 56.932 55.902 73.882 69.873 0.000 0.000 0.000 0.000 48.780 51.779 53.776 53.771 53.764 53.755 55.743 41.728 0.000 0.000 75.833 78.766 89.674 95.544 89.647 87.684 95.296 78.309 81.012 65.854 58.759 51.685 0.000 0.000 0.000 0.000 39.451 0.000 0.000 0.000 0.000 0.000 43.051 40.034 40.003 39.960 39.908 39.847 39.780 46.708 54.632 42.554 39.476 39.399 39.324 42.253 55.185 55.122 37.063 39.009 41.963 8.930 0.000
56.745 57.690 57.633 57.575 57.518 57.463 61.412 62.360 62.294 58.232 58.165 38.061 55.040 56.021 72.007 71.003 0.000 0.000 0.000 0.000 47.777 53.775 53.773 53.769 53.764 53.758 41.750 0.000 0.000 4.199 81.065 86.969 89.868 89.813 88.891 95.429 87.790 90.507 85.196 70.137 60.077 59.073 59.208 0.000 0.000 0.000 36.451 43.451 36.451 0.000 0.000 0.000 58.164 39.137 40.099 40.050 39.993 40.927 39.853 39.775 39.692 39.609 39.526 39.445 38.367 44.294 59.225 36.162 39.104 39.053 41.010 15.981 0.000
57.833 57.779 57.723 57.666 57.607 57.549 57.494 57.443 57.394 57.350 61.317 0.000 48.147 57.134 73.123 68.129 4.175 0.000 0.000 0.000 52.774 55.773 55.771 55.769 53.765 56.763 0.000 0.000 0.000 73.333 79.260 90.175 90.056 90.164 88.212 95.635 88.923 93.566 89.458 90.391 78.342 66.323 55.343 50.343 52.343 0.000 0.000 42.451 37.450 43.445 44.431 42.394 48.305 58.253 40.204 41.149 50.086 57.013 38.933 39.845 39.755 39.663 39.573 38.487 43.405 62.329 56.260 45.196 38.139 39.088 41.043 56.002 73.959
57.924 57.871 57.815 57.757 57.696 57.632 57.573 60.522 58.488 57.458 61.435 0.000 48.267 57.244 74.223 66.215 6.222 0.000 0.000 0.000 25.773 35.772 34.770 34.768 55.766 40.764 0.000 0.000 0.000 75.538 85.472 90.383 90.342 89.445 96.259 95.964 89.986 90.829 89.687 89.631 90.577 81.533 46.497 0.000 0.000 0.000 0.000 40.453 40.454 37.455 39.453 40.446 39.408 46.365 60.316 43.257 41.188 51.108 39.018 39.920 39.818 39.716 39.618 39.525 47.438 60.359 47.288 59.225 37.168 38.117 43.070 64.027 75.982
58.018 57.965 57.910 57.851 57.786 60.712 62.645 34.582 55.580 58.558 60.531 20.506 51.409 56.352 68.311 66.285 7.275 0.000 0.000 0.000 0.000 0.000 1.769 1.768 36.767 0.000 0.000 0.000 23.977 73.810 90.704 90.586 90.703 88.788 96.527 88.569 94.276 89.972 89.926 89.860 89.801 79.736 40.617 0.000 0.000 0.000 0.000 0.000 43.460 44.466 31.482 39.528 40.518 40.484 44.436 60.375 43.302 40.214 40.111 39.998 39.881 39.766 37.657 43.556 62.463 43.381 42.309 56.246 40.191 38.141 45.096 71.053 76.010
58.114 58.061 58.008 57.952 59.887 35.782 37.714 0.000 17.692 53.663 57.624 61.578 57.511 60.446 65.383 70.340 9.317 0.000 0.000 0.000 0.000 2.769 54.769 61.769 0.000 0.000 0.000 7.262 83.144 85.024 90.919 90.875 89.994 97.009 96.776 89.629 90.345 90.217 90.148 90.085 89.031 68.992 0.000 0.000 0.000 0.000 0.000 0.000 0.000 35.466 0.000 46.666 43.651 39.617 39.569 41.507 58.429 47.333 39.216 40.080 39.942 38.811 43.689 45.578 44.478 41.393 39.322 39.261 39.208 40.161 53.119 75.079 76.041
58.210 58.157 58.108 58.063 63.027 1.015 0.000 23.925 15.834 49.776 58.725 56.672 58.610 70.539 42.433 36.377 1.348 0.000 0.000 0.000 0.000 52.769 58.769 60.769 0.000 0.000 0.000 70.380 75.311 89.224 91.107 91.238 89.334 97.224 89.125 90.802 90.497 90.439 90.365 90.301 82.247 59.209 0.000 0.000 0.000 0.000 0.000 0.000 0.000 0.000 0.000 50.820 45.801 39.766 37.716 40.654 40.575 56.474 49.340 40.163 40.996 38.846 45.711 45.588 42.477 36.392 39.324 39.268 41.219 55.177 74.138 76.104 79.072
59.303 57.251 57.204 57.164 60.136 30.134 27.101 59.016 63.943 57.883 55.828 62.774 72.718 75.667 0.000 0.000 0.000 0.000 0.000 0.000 0.000 20.769 27.769 29.769 0.000 0.000 0.000 72.566 80.502 90.414 91.406 90.445 97.620 97.428 90.155 90.860 90.723 90.647 90.574 90.508 72.445 54.389 0.000 0.000 0.000 0.000 0.000 0.000 0.000 0.000 0.000 48.993 46.968 46.928 43.877 36.816 38.743 39.649 55.509 55.235 52.032 48.867 41.721 40.587 37.451 38.373 39.315 43.267 63.225 75.188 75.155 76.126 75.100
73.391 72.340 71.294 69.254 66.220 67.193 67.154 64.096 65.038 66.984 66.931 72.878 74.820 32.743 0.000 0.000 0.000 0.000 0.000 0.000 0.000 0.000 0.000 0.000 0.000 11.076 18.997 73.817 90.709 91.618 91.568 90.796 97.799 89.627 91.304 90.993 90.929 90.849 90.778 88.711 70.637 41.513 0.000 0.000 0.000 0.000 0.000 0.000 0.000 0.000 0.000 39.190 43.151 46.101 47.048 45.992 42.932 38.869 32.812 0.000 0.000 0.000 0.000 0.000 41.366 39.334 42.296 63.259 76.226 75.195 76.167 79.143 75.123
69.474 71.423 70.377 72.336 74.299 73.264 72.224 70.178 68.130 68.082 69.035 64.987 64.942 0.000 0.000 0.000 0.000 0.000 0.000 0.000 0.000 0.000 0.000 0.000 0.000 60.155 83.098 81.996 90.902 91.790 91.917 90.020 97.965 91.720 91.327 91.204 91.121 91.045 90.977 86.920 66.879 0.000 0.000 0.000 0.000 0.000 0.000 0.000 0.000 0.000 46.570 41.426 38.343 40.279 45.223 47.171 47.124 48.084 39.057 0.000 0.000 0.000 0.000 0.000 42.315 40.299 56.276 77.250 75.224 75.199 75.177 76.157 75.141
57.552 57.502 58.456 65.414 74.376 80.339 68.301 62.261 57.221 55.181 54.140 60.094 39.018 0.000 0.000 0.000 0.000 0.000 0.000 0.000 0.000 0.000 0.000 0.000 0.000 66.291 82.244 90.168 92.082 92.049 91.178 98.261 98.119 93.737 91.544 91.384 91.308 91.232 91.165 86.112 61.080 0.000 0.000 0.000 0.000 0.000 0.000 0.000 0.000 46.834 41.714 41.602 41.517 40.448 37.392 42.346 46.309 47.285 44.277 0.000 0.000 0.000 0.000 45.269 39.279 43.273 71.258 75.240 75.220 75.201 75.183 75.167 75.155
56.625 56.576 60.531 65.489 67.451 70.415 60.379 56.344 57.311 57.280 59.252 37.230 0.000 0.000 0.000 0.000 0.000 0.000 0.000 0.000 0.000 0.000 0.000 0.000 0.000 52.473 81.421 91.350 92.248 92.377 90.487 98.391 91.283 92.958 91.639 91.574 91.488 91.410 91.340 82.284 55.250 0.000 0.000 0.000 0.000 0.000 0.000 0.000 46.066 41.955 41.849 41.753 41.672 41.606 41.552 38.510 37.481 40.470 47.488 47.573 0.000 0.000 0.000 39.259 40.260 58.255 75.245 74.231 74.216 75.201 75.187 75.175 75.165
56.693 56.645 58.602 59.562 57.525 56.490 57.457 56.427 56.399 56.375 61.356 6.345 0.000 0.000 0.000 0.000 0.000 0.000 0.000 0.000 0.000 0.000 0.000 0.000 3.842 60.707 89.617 92.533 92.503 91.633 98.628 98.514 94.280 91.982 91.838 91.749 91.662 91.579 92.502 72.433 60.386 0.000 0.000 45.678 0.000 45.441 47.396 47.311 42.178 42.070 41.974 41.888 41.814 41.752 41.701 41.662 40.636 37.625 46.633 47.658 40.658 0.000 0.000 47.249 39.247 47.242 53.234 56.224 60.213 66.201 72.190 74.180 74.172
57.757 57.711 57.670 57.631 57.596 56.563 56.533 56.506 56.484 55.466 63.454 14.448 0.000 0.000 0.000 0.000 0.000 0.000 0.000 0.000 0.000 0.000 0.000 0.000 44.978 80.895 91.809 92.699 92.839 90.931 98.731 91.731 93.406 92.091 92.017 91.922 91.831 91.743 92.654 64.562 42.474 0.000 0.000 41.678 0.000 40.485 42.436 42.360 42.265 42.173 42.089 42.012 41.944 41.885 41.838 41.801 39.776 41.763 47.761 44.767 0.000 0.000 0.000 46.239 45.237 44.233 43.226 42.218 41.209 45.200 56.191 52.184 54.178
55.817 55.774 55.734 55.697 55.664 55.633 55.606 56.582 58.563 60.550 35.544 2.546 0.000 0.000 0.000 0.000 0.000 0.000 0.000 3.213 12.205 0.000 0.000 15.338 56.196 87.090 92.986 92.975 92.003 98.911 98.826 94.722 92.428 92.280 92.186 92.092 91.999 91.906 87.811 34.687 0.000 0.000 0.000 41.678 47.659 42.579 42.504 42.427 42.347 42.270 42.196 42.126 42.064 42.009 41.964 41.928 38.903 47.888 47.883 43.883 0.000 0.000 0.000 45.232 44.230 45.226 45.220 45.213 45.206 45.199 44.192 44.186 43.181
56.874 56.833 59.795 63.761 66.729 70.700 72.675 75.653 74.637 66.628 4.628 15.645 39.700 7.726 0.000 0.000 0.000 0.000 0.000 43.221 70.197 10.157 0.000 49.479 82.380 92.271 93.171 93.101 92.324 98.985 91.158 92.845 92.528 92.453 92.356 92.261 92.166 93.072 79.997 0.000 0.000 0.000 0.000 21.698 41.719 42.667 44.576 44.495 42.429 42.363 42.298 42.234 42.175 42.124 42.080 39.045 44.020 47.004 47.998 38.999 0.000 0.000 0.000 29.228 50.224 50.220 47.215 44.209 44.203 45.197 46.192 46.187 45.183
58.927 57.889 64.854 73.821 74.791 73.764 72.740 71.719 68.704 62.695 37.695 54.706 72.730 41.751 25.773 1.782 0.000 0.000 14.293 53.255 67.203 6.118 24.956 66.721 91.572 94.456 93.296 93.508 91.484 99.047 93.143 92.858 92.711 92.619 92.526 92.431 92.332 94.219 38.108 0.000 0.000 0.000 0.000 0.000 37.851 43.794 24.639 24.548 41.510 42.457 42.397 42.337 42.281 42.230 41.188 39.153 48.127 48.111 45.106 39.117 45.163 0.000 0.000 0.000 61.218 76.215 69.210 65.205 61.200 57.195 60.191 60.187 43.183
58.977 58.943 61.910 64.879 63.850 61.824 59.801 57.781 55.765 55.754 64.750 66.754 63.764 60.775 64.786 12.791 0.000 0.000 54.332 84.300 35.243 31.155 65.028 88.874 93.741 93.597 93.715 91.669 99.130 91.547 93.262 92.949 92.878 92.785 92.696 92.607 95.511 52.365 0.000 0.000 0.000 0.000 0.000 0.000 40.040 45.018 0.000 0.000 38.605 42.559 42.498 42.436 42.380 42.330 39.287 47.252 48.225 47.206 38.197 42.199 42.210 0.000 0.000 0.000 29.215 59.212 77.206 76.201 76.197 76.193 76.189 70.186 60.184
59.026 58.994 58.964 57.934 57.907 58.882 58.858 58.838 56.821 57.807 62.798 65.795 61.796 56.800 59.804 14.806 0.000 0.000 46.403 56.371 34.314 67.233 82.128 91.009 93.892 93.823 92.921 99.500 99.268 92.537 93.267 93.125 93.038 92.950 92.865 92.790 95.739 0.000 0.000 11.108 20.108 0.000 0.000 41.348 44.251 43.220 50.259 0.000 38.745 42.676 42.599 42.531 42.472 40.422 42.379 48.343 48.314 40.293 41.279 42.271 42.269 0.000 0.000 0.000 0.000 0.000 59.202 75.197 75.194 75.190 75.188 76.185 76.183
59.074 59.045 59.016 58.988 58.962 58.937 58.913 57.892 56.872 60.855 64.841 64.831 59.826 55.825 60.824 13.822 0.000 0.000 42.507 11.467 58.408 82.333 88.242 94.148 93.998 94.207 92.196 99.706 91.956 93.668 93.356 93.287 93.196 93.110 93.027 99.949 83.916 0.000 7.107 57.108 43.108 0.000 0.000 36.444 44.398 43.351 43.298 49.177 46.955 45.801 42.692 42.616 42.556 39.506 47.463 48.427 44.396 39.372 42.353 42.337 44.325 48.336 0.000 0.000 0.000 0.000 0.000 72.192 75.190 75.188 75.186 76.184 74.182
59.123 59.096 59.068 59.041 59.015 58.990 57.967 56.944 58.922 62.900 65.879 61.863 56.853 55.848 58.845 40.837 27.814 28.758 24.650 25.583 65.518 86.447 92.370 94.259 94.398 92.388 100.068 99.895 92.961 93.675 93.530 93.441 93.353 93.268 98.182 41.063 56.059 26.097 57.106 65.108 0.000 0.000 0.000 35.586 44.547 43.487 43.405 53.279 64.096 37.882 47.750 43.684 40.631 42.584 48.541 47.504 38.473 41.447 42.425 42.401 29.357 30.346 0.000 0.000 0.000 0.000 0.000 53.188 74.187 75.185 75.183 79.182 75.181
59.173 59.146 59.119 59.093 59.067 59.043 57.019 56.995 60.971 67.944 68.912 64.889 59.876 57.871 57.871 59.866 59.848 68.810 9.752 43.695 81.636 88.571 94.499 94.465 93.597 100.377 100.227 93.315 94.097 93.761 93.688 93.593 93.506 93.428 101.369 0.000 39.161 41.124 31.114 33.111 0.000 0.000 0.000 38.767 44.717 43.646 49.556 65.438 42.267 0.000 28.744 41.738 39.701 47.657 48.614 44.576 41.543 42.518 42.498 44.485 0.000 0.000 0.000 0.000 0.000 0.000 45.186 26.186 65.184 75.182 75.181 80.180 75.179
59.223 59.196 59.170 59.144 59.119 58.094 57.071 59.047 66.023 42.993 18.937 17.905 14.889 44.887 61.903 56.907 59.902 40.884 2.851 48.809 86.759 92.707 94.595 94.838 92.861 100.515 93.648 94.426 93.995 93.937 93.833 93.741 93.651 94.569 92.497 14.441 14.301 0.000 0.000 0.000 0.000 0.000 38.138 45.999 43.907 42.823 62.735 66.652 0.000 0.000 0.000 37.821 43.779 48.730 48.682 38.641 42.608 42.582 42.565 45.555 0.000 0.000 0.000 0.000 0.000 0.000 24.186 0.000 53.180 75.180 75.179 81.178 75.177
59.272 59.246 59.220 59.195 58.170 57.145 59.122 62.100 70.081 29.067 0.000 0.000 0.000 0.000 43.945 58.957 59.968 45.973 47.960 73.931 90.892 94.818 94.991 93.012 100.758 100.642 94.628 94.323 94.176 94.074 93.977 93.883 93.790 96.698 81.609 10.525 0.000 0.000 0.000 0.000 0.000 0.000 38.276 45.185 44.091 42.002 69.911 30.781 0.000 0.000 44.059 48.947 48.866 48.799 46.744 41.700 42.665 42.639 42.623 44.616 0.000 48.699 0.699 0.000 0.000 0.000 0.000 0.000 46.178 75.177 75.177 75.176 75.176
59.321 59.296 59.270 59.245 58.220 57.195 61.172 65.151 69.135 27.126 0.000 0.000 0.000 0.000 23.976 67.008 62.040 68.080 81.086 90.066 94.027 95.035 94.185 100.963 100.864 93.961 94.738 94.397 94.315 94.213 94.118 94.025 97.929 60.823 32.716 0.000 0.000 0.000 0.000 0.000 0.887 40.689 45.506 44.373 46.269 43.184 67.124 0.000 0.000 39.311 46.172 62.041 50.938 47.858 43.796 41.748 41.712 42.687 42.672 42.671 47.692 43.699 34.699 0.000 0.000 0.000 42.173 44.174 43.175 75.175 75.175 75.175 75.174
59.370 59.345 59.320 59.295 57.269 59.243 65.219 66.197 64.182 51.177 12.193 0.000 0.000 0.000 0.000 20.057 16.106 56.220 87.237 91.218 95.158 95.328 93.452 101.052 93.270 95.051 94.618 94.555 96.445 95.348 94.255 94.168 100.078 22.951 0.000 0.000 0.000 0.000 0.000 22.101 61.014 60.848 48.686 45.534 56.426 51.342 52.278 13.255 1.039 37.451 42.275 53.107 48.986 52.898 46.833 49.785 48.749 45.724 42.709 41.703 41.706 47.706 0.000 0.000 0.000 0.000 39.173 39.173 49.173 75.174 75.173 75.173 75.173
