results1/res_4e8f-0053.wd
ncols         241
nrows         181
xllcorner     12693529.787448
yllcorner     3542525.717860
cellsize      155.156523
NODATA_value  -9999.000000
[rows 33 to 65 of 181, columns 148 to 221 of 241]
57.345 58.043 24.766 36.501 58.254 52.010 30.686 0.000 0.000 6.603 0.000 0.000 3.624 28.638 15.640 0.000 0.000 0.000 20.309 28.286 0.000 12.979 4.933 5.861 9.751 18.636 36.506 27.410 22.320 17.247 18.183 18.131 17.089 16.049 15.005 22.942 32.878 24.850 24.839 22.834 1.830 15.827 23.824 0.000 0.000 0.000 0.000 0.000 0.000 0.000 0.000 0.000 0.000 0.000 0.000 0.000 0.000 0.000 0.000 0.000 0.000 0.000 0.000 0.000 0.000 0.000 0.000 0.000 0.000 0.000 0.000 0.000 0.000 0.000
57.664 58.391 36.127 53.883 56.671 50.521 0.000 0.000 0.000 8.602 0.000 0.000 0.000 12.675 12.668 20.661 0.000 33.396 21.333 8.263 17.158 8.038 5.949 5.859 4.757 6.650 34.541 32.443 32.356 34.281 27.201 29.139 28.091 28.045 27.998 28.945 32.900 30.871 31.853 26.842 3.835 2.831 0.000 0.000 0.000 0.000 0.000 0.000 0.000 0.000 0.000 0.000 0.000 0.000 0.000 0.000 0.000 0.000 0.000 0.000 0.000 0.000 0.000 0.000 0.000 0.000 0.000 0.000 0.000 0.000 0.000 0.000 0.000 0.000
57.992 57.725 57.470 58.233 50.026 36.882 0.000 0.000 0.000 0.000 0.000 0.000 0.000 9.719 6.698 19.654 24.571 16.458 25.367 23.275 4.173 5.066 5.967 5.869 17.769 21.666 25.564 18.466 15.381 25.321 0.000 6.134 1.091 1.043 0.995 3.939 29.908 18.881 16.861 18.847 3.837 5.832 0.000 0.000 0.000 0.000 0.000 0.000 0.000 0.000 0.000 0.000 0.000 0.000 0.000 0.000 0.000 0.000 0.000 0.000 0.000 0.000 0.000 0.000 0.000 0.000 0.000 0.000 0.000 0.000 0.000 0.000 0.000 0.000
58.311 58.047 58.794 53.553 35.318 26.100 35.100 0.000 0.000 0.000 0.000 0.000 0.000 6.785 5.749 8.687 4.602 15.500 18.400 21.298 10.193 5.087 4.984 4.883 29.783 35.683 17.582 11.478 11.381 12.300 9.218 9.146 9.091 10.040 12.992 9.948 30.913 22.885 20.863 20.847 2.836 16.829 42.824 0.000 0.000 0.000 0.000 0.000 0.000 0.000 0.000 0.000 0.000 0.000 0.000 0.000 0.000 0.000 0.000 0.000 0.000 0.000 0.000 0.000 0.000 0.000 0.000 0.000 0.000 0.000 0.000 0.000 0.000 0.000
58.624 58.360 55.104 40.868 29.593 0.000 0.000 0.000 0.000 11.582 0.000 0.000 0.000 5.888 6.827 6.744 5.648 5.543 11.435 4.325 4.215 6.105 4.999 3.896 27.797 24.701 32.603 36.484 35.365 30.281 26.209 28.144 24.087 28.036 27.989 28.947 32.912 30.883 31.860 27.843 2.831 14.824 36.820 0.000 0.000 0.000 0.000 0.000 0.000 0.000 0.000 0.000 0.000 0.000 0.000 0.000 0.000 0.000 0.000 0.000 0.000 0.000 0.000 0.000 0.000 0.000 0.000 0.000 0.000 0.000 0.000 0.000 0.000 0.000
58.931 58.663 48.395 30.223 0.000 0.000 0.000 0.000 9.624 12.583 25.505 25.394 13.247 6.052 5.926 6.815 6.703 5.588 4.471 5.353 5.236 5.121 4.010 12.906 31.809 10.721 24.646 1.491 34.314 24.252 23.191 23.133 20.078 25.027 25.981 25.940 32.904 30.875 27.852 27.834 2.822 16.815 35.812 0.000 0.000 0.000 0.000 0.000 0.000 0.000 0.000 0.000 0.000 0.000 0.000 0.000 0.000 0.000 0.000 0.000 0.000 0.000 0.000 0.000 0.000 0.000 0.000 0.000 0.000 0.000 0.000 0.000 0.000 0.000
60.234 52.967 40.589 30.406 0.000 0.000 0.000 0.000 6.666 23.620 17.539 6.429 8.296 8.146 6.012 4.887 6.762 5.636 6.509 6.381 6.255 5.133 5.017 24.909 24.812 24.730 24.676 0.000 6.269 4.224 5.173 5.118 6.065 10.015 12.968 10.927 30.891 24.862 18.838 20.821 3.810 15.803 34.800 0.000 0.000 0.000 0.000 0.000 0.000 0.000 0.000 0.000 0.000 0.000 0.000 0.000 0.000 0.000 0.000 0.000 0.000 0.000 0.000 0.000 0.000 0.000 0.000 0.000 0.000 0.000 0.000 0.000 0.000 0.000
59.538 45.381 0.000 0.000 0.000 0.000 0.000 0.000 22.754 17.693 7.601 8.489 8.362 8.226 8.091 5.957 4.823 4.686 6.547 5.408 5.271 4.139 6.015 20.901 11.799 20.713 21.653 0.000 0.000 20.201 19.157 19.104 19.050 20.999 20.951 21.909 33.873 29.843 24.819 26.802 2.792 11.788 39.787 0.000 0.000 0.000 0.000 0.000 0.000 0.000 0.000 0.000 0.000 0.000 0.000 0.000 0.000 0.000 0.000 0.000 0.000 0.000 0.000 0.000 0.000 0.000 0.000 0.000 0.000 0.000 0.000 0.000 0.000 0.000
52.761 35.638 0.000 0.000 0.000 0.000 0.000 30.038 23.904 7.796 8.685 8.565 8.437 8.304 8.168 8.029 4.887 5.739 5.586 5.432 6.282 5.137 5.003 7.881 12.771 24.670 11.569 23.433 28.321 21.223 30.152 20.090 21.032 23.979 22.930 21.887 31.849 27.817 15.793 14.777 3.769 10.770 39.773 0.000 0.000 0.000 0.000 0.000 0.000 0.000 0.000 0.000 0.000 0.000 0.000 0.000 0.000 0.000 0.000 0.000 0.000 0.000 0.000 0.000 0.000 0.000 0.000 0.000 0.000 0.000 0.000 0.000 0.000 0.000
38.874 28.773 0.000 0.000 0.000 8.439 22.344 23.172 17.029 11.901 8.777 8.650 8.519 8.385 7.247 10.105 14.957 10.798 5.627 6.455 5.286 5.126 4.980 4.850 11.734 12.627 10.521 17.410 16.308 11.217 23.140 3.072 11.011 17.954 16.904 10.858 29.819 22.785 2.759 1.744 4.736 6.752 10.762 0.000 0.000 0.000 0.000 0.000 0.000 0.000 0.000 0.000 0.000 0.000 0.000 0.000 0.000 0.000 0.000 0.000 0.000 0.000 0.000 0.000 0.000 0.000 0.000 0.000 0.000 0.000 0.000 0.000 0.000 0.000
17.840 35.806 0.000 0.000 10.637 20.535 34.420 18.279 17.139 17.004 9.872 8.739 8.605 8.469 15.331 23.189 24.038 15.869 10.669 5.473 4.284 5.101 8.940 5.806 4.689 3.582 9.479 10.379 9.284 10.197 12.119 5.048 10.984 15.925 17.872 13.825 29.783 23.746 5.716 4.690 4.679 0.677 0.000 0.000 0.000 0.000 0.000 0.000 0.000 0.000 0.000 0.000 0.000 0.000 0.000 0.000 0.000 0.000 0.303 0.040 0.284 0.013 0.002 0.000 0.000 0.000 0.000 0.000 0.000 0.000 0.000 0.000 0.000 0.000
0.000 0.000 0.000 0.000 13.739 33.645 25.522 28.385 25.245 15.105 7.967 8.830 8.693 19.556 24.419 20.282 15.138 11.970 14.708 9.485 9.274 5.055 9.874 3.745 4.635 5.534 4.436 4.342 4.252 4.168 3.090 4.018 3.952 7.891 13.836 12.786 30.741 24.702 3.668 4.637 4.610 3.575 0.000 0.000 0.000 0.000 0.000 0.000 0.000 0.000 0.000 0.000 0.000 0.000 0.069 0.107 0.054 0.033 0.020 0.029 0.013 0.007 0.004 0.006 0.000 0.000 0.000 0.000 0.000 0.000 0.000 0.000 0.000 0.000
0.000 0.000 0.000 15.118 30.934 23.785 15.640 23.494 27.349 28.206 18.063 6.921 16.781 25.643 15.509 7.382 7.263 9.166 0.000 0.000 0.000 1.921 5.756 7.666 7.574 4.481 4.390 5.301 4.215 4.133 4.056 4.984 3.915 3.852 3.794 6.742 23.695 22.654 4.617 4.580 4.551 5.529 6.528 0.000 0.000 0.000 0.000 0.000 0.000 0.000 0.000 0.000 0.000 0.000 0.000 0.000 0.008 0.011 0.017 0.031 0.000 0.000 0.000 0.003 0.000 0.000 0.000 0.000 0.000 0.000 0.000 0.000 0.000 0.000
0.000 0.000 14.533 24.302 31.097 14.920 17.758 15.604 13.453 21.305 26.158 21.011 24.866 13.726 7.594 8.473 8.365 16.265 0.000 0.000 0.000 0.000 7.644 18.589 19.513 14.428 10.342 12.257 8.174 7.094 5.018 3.945 3.874 4.808 3.748 3.693 6.644 15.601 3.565 3.517 4.484 3.461 0.000 0.000 0.000 0.000 0.000 0.000 0.000 0.000 0.000 0.000 0.000 0.000 0.000 0.000 0.000 0.000 0.000 0.064 0.195 0.226 0.003 0.006 0.000 0.000 0.000 0.000 0.000 0.000 0.000 0.000 0.000 0.000
17.845 19.250 17.764 32.461 17.231 11.040 12.869 11.710 8.556 7.404 22.253 29.101 31.948 19.801 9.666 6.554 14.459 0.000 0.000 0.000 0.000 1.614 11.589 18.533 19.460 19.378 21.294 29.210 27.129 23.052 20.978 16.904 10.827 5.759 3.696 4.639 3.587 8.541 1.492 2.440 3.406 5.372 26.322 0.000 0.000 0.000 0.000 0.000 0.000 0.000 0.000 0.000 0.000 0.000 0.000 0.002 0.029 0.061 0.088 0.113 0.046 0.061 0.000 0.042 0.014 0.000 0.000 0.000 0.000 0.000 0.000 0.000 0.000 0.000
17.504 10.142 28.811 28.547 23.329 14.140 7.970 8.810 9.656 20.504 23.349 15.190 18.026 26.862 27.717 17.617 0.000 0.000 0.000 0.000 6.715 12.639 16.569 15.495 16.415 16.331 14.245 21.162 22.082 22.007 22.937 19.867 18.773 19.703 10.640 5.581 6.523 3.467 4.405 3.366 2.330 4.297 19.273 0.000 0.000 0.000 0.000 0.000 0.000 0.000 0.000 0.000 0.000 0.000 0.000 0.000 0.000 0.000 0.000 0.000 0.175 0.169 0.000 0.076 0.000 0.000 0.000 0.000 0.000 0.000 0.000 0.000 0.000 0.000
11.172 21.005 30.793 21.586 21.397 23.223 21.060 11.906 17.755 26.605 15.450 8.285 7.103 12.907 22.722 29.582 0.000 0.000 10.142 9.984 4.790 13.657 18.553 19.462 15.375 15.286 7.195 4.109 4.030 3.957 2.898 0.807 7.694 21.642 20.582 19.520 14.459 5.399 3.341 4.292 3.249 3.216 4.199 0.000 0.000 0.000 0.000 0.000 0.000 0.000 0.000 0.000 0.000 0.000 0.000 0.000 0.000 0.000 0.000 1.259 1.235 1.213 0.151 0.101 0.000 0.000 0.000 0.000 0.000 0.000 0.000 0.000 0.000 0.000
14.007 32.913 23.770 20.610 20.449 21.294 20.143 21.997 26.855 15.712 9.563 9.396 9.195 7.941 8.682 14.407 31.044 28.694 7.300 6.020 4.806 5.646 17.524 15.426 26.338 14.243 7.141 5.051 5.971 4.895 9.818 17.721 13.652 7.589 13.524 23.460 20.395 19.331 10.269 3.211 3.159 4.118 2.077 0.000 0.000 0.000 0.000 0.000 0.000 11.818 6.818 5.815 0.000 0.000 0.000 4.632 1.555 1.432 1.357 1.281 1.237 1.193 1.113 1.034 1.017 0.001 0.000 0.000 0.000 0.000 0.000 0.000 0.000 0.000
27.938 23.870 12.763 17.635 22.498 17.360 23.222 29.085 20.955 8.827 7.692 9.541 9.341 12.981 13.660 7.318 18.032 13.738 10.343 6.992 3.769 10.597 14.471 16.379 7.308 34.208 22.073 11.985 3.908 9.834 28.758 38.678 31.606 8.537 10.468 13.399 17.330 22.260 20.192 16.125 5.057 1.959 8.761 14.654 0.000 0.000 0.000 0.000 0.000 0.000 1.822 1.812 1.792 6.767 5.739 1.699 0.614 1.410 1.352 1.287 1.237 1.185 1.106 0.982 0.999 0.999 0.000 0.000 0.000 0.000 0.000 0.000 0.000 0.000
29.928 14.867 9.778 11.669 13.549 24.425 28.299 39.168 38.054 30.947 19.840 8.735 11.647 0.000 0.000 6.174 12.030 8.883 0.000 4.836 8.681 25.501 24.386 27.312 0.000 0.000 38.960 32.908 18.843 24.774 42.702 42.629 40.557 9.485 15.413 15.339 17.265 5.189 14.115 20.040 18.960 17.838 30.644 39.547 0.000 0.000 0.000 0.000 0.000 0.000 24.835 5.820 5.797 5.771 5.744 6.720 0.690 0.000 3.346 0.258 0.193 0.093 0.033 0.376 0.000 0.000 0.000 0.000 0.000 0.000 0.000 0.000 0.000 0.000
20.954 9.893 9.812 9.714 22.605 20.494 37.381 52.232 49.148 46.067 40.986 31.914 22.866 0.000 0.000 0.000 0.001 10.883 0.000 0.000 1.535 19.340 18.261 33.170 5.034 5.946 38.899 43.844 39.782 38.717 41.649 41.579 42.507 21.434 13.359 15.281 15.201 5.119 14.037 7.962 26.905 0.000 36.428 58.344 29.195 0.000 0.000 0.000 0.000 0.925 60.863 13.835 15.806 15.776 11.748 12.723 4.706 0.000 0.000 0.084 0.042 0.050 0.028 0.372 0.000 0.000 0.000 0.000 0.000 0.000 0.000 0.000 0.000 0.000
19.005 16.941 11.864 23.771 17.661 30.566 8.501 0.000 29.240 48.186 47.123 48.069 31.036 0.000 0.000 0.000 0.000 16.882 0.000 0.000 0.000 13.195 8.148 35.075 45.985 45.907 41.845 41.786 41.726 42.663 41.598 41.530 41.459 35.385 10.308 12.225 10.139 5.047 15.954 16.864 19.793 0.000 21.297 57.205 27.047 44.818 5.678 0.000 3.051 58.978 46.903 18.854 12.814 14.779 8.748 2.719 0.581 0.000 0.000 0.045 0.042 0.054 0.064 6.610 0.000 0.000 0.000 0.000 0.000 0.000 0.000 0.000 0.000 0.000
21.065 17.002 23.931 20.844 23.705 47.608 34.555 17.503 38.387 47.313 46.253 45.204 25.174 0.000 0.000 0.000 0.000 0.000 0.000 0.000 4.084 13.099 24.061 39.999 41.923 41.853 41.790 41.731 41.672 41.612 41.550 41.484 41.415 41.341 27.261 17.175 10.081 2.979 6.868 6.749 11.611 30.402 16.259 51.133 36.970 43.729 50.538 36.325 41.124 49.996 25.918 26.862 12.817 11.780 3.745 0.505 0.551 0.237 0.178 0.117 9.705 8.667 7.614 6.557 6.476 0.000 0.000 0.000 0.000 0.000 0.000 0.000 0.000 0.000
13.130 25.072 22.015 21.971 0.000 0.000 26.610 52.566 47.494 46.428 48.370 30.321 16.283 0.316 0.000 0.000 0.000 0.000 0.000 0.000 10.069 27.055 38.998 41.935 41.858 41.790 41.731 41.675 41.620 41.564 41.505 41.443 41.376 41.303 42.222 36.133 28.032 19.919 17.792 20.652 11.500 28.337 7.203 49.099 0.000 2.589 37.421 9.312 0.170 55.962 19.912 23.859 21.814 2.778 0.577 0.889 0.369 0.281 0.483 9.799 6.736 6.681 6.619 3.528 2.395 0.254 0.000 0.000 0.000 0.000 0.000 0.000 0.000 0.000
23.195 23.139 18.089 38.053 0.000 0.854 40.708 47.657 46.595 46.534 46.479 22.426 22.353 33.350 0.000 0.000 0.000 0.000 0.000 0.000 0.000 0.000 35.942 47.886 42.782 41.720 41.668 41.620 41.570 41.519 41.465 41.407 41.343 41.272 41.193 42.102 42.996 39.872 39.728 42.568 22.399 28.243 2.092 42.960 0.000 0.000 33.276 3.194 13.068 46.977 27.910 19.849 23.799 0.646 1.298 0.101 0.148 0.187 1.996 2.831 7.760 6.703 1.662 0.000 1.972 6.786 5.743 0.000 0.000 0.000 0.000 0.000 0.000 0.000
24.258 12.202 23.148 44.099 37.047 42.958 48.838 46.760 46.695 46.636 43.586 27.552 0.000 0.000 0.000 0.000 0.000 0.000 0.000 0.000 0.000 0.000 0.000 0.000 33.666 42.639 41.604 41.565 41.523 41.478 41.429 41.376 41.317 43.251 42.175 42.086 40.978 42.846 41.681 41.494 31.287 29.096 5.901 17.737 47.489 26.318 34.213 3.122 31.030 24.969 27.902 15.828 9.755 1.435 1.219 0.407 0.354 0.746 0.339 0.186 0.237 0.000 0.000 5.735 5.759 5.735 5.700 6.661 0.618 0.000 0.000 0.000 0.000 0.000
13.320 9.261 24.204 43.148 49.086 48.010 46.925 46.852 46.788 47.729 38.678 31.643 0.000 0.000 0.000 0.000 0.000 0.000 0.000 0.000 0.000 0.000 0.000 9.557 36.577 42.566 41.543 41.513 41.478 41.440 41.398 41.351 43.299 43.240 43.172 35.089 39.983 42.855 45.658 43.437 37.161 32.951 20.769 4.598 52.412 35.254 37.134 2.036 47.963 11.966 0.000 9.805 0.578 1.235 0.078 0.372 2.191 0.866 0.480 0.000 0.000 0.000 0.000 5.711 5.711 5.694 5.665 5.630 6.584 6.545 6.512 7.482 6.453 3.425
10.380 8.320 25.261 45.201 47.139 47.071 47.001 46.935 46.875 48.816 27.756 25.699 0.000 0.000 0.000 0.000 0.000 0.000 0.000 0.000 0.000 0.000 0.000 23.538 42.519 41.506 41.489 41.466 41.438 41.407 43.371 42.331 42.288 42.239 36.184 14.116 30.010 39.932 0.000 0.000 14.970 21.778 30.626 17.473 38.309 56.150 41.012 7.890 49.832 0.000 0.000 0.000 0.777 0.727 0.471 2.230 0.048 0.017 0.133 0.086 0.000 0.000 0.000 5.690 5.682 5.664 5.640 5.609 5.574 5.541 5.510 5.481 5.454 5.427
15.439 20.378 35.318 47.259 47.198 47.135 47.073 47.014 46.960 47.905 34.830 0.000 0.000 0.000 0.000 0.000 0.000 8.296 0.000 0.000 0.000 0.000 0.000 0.000 33.456 40.451 41.441 41.424 41.403 41.377 43.349 41.317 41.282 41.246 25.210 21.179 0.000 0.000 0.000 0.000 0.000 6.566 28.483 14.361 19.199 62.026 44.875 23.741 33.643 0.000 27.773 4.734 0.675 0.503 0.383 0.663 0.663 0.224 0.170 1.190 0.000 4.703 5.690 5.678 5.664 5.644 5.621 5.594 5.565 5.536 5.508 5.481 5.455 5.430
17.497 36.436 47.377 47.317 47.258 47.199 47.142 47.090 47.045 53.014 0.000 0.000 0.000 0.000 0.000 0.000 8.296 20.296 7.297 22.298 18.300 0.000 0.000 20.370 27.397 38.403 41.399 41.388 41.372 42.352 41.329 41.305 41.278 37.252 26.229 31.214 0.000 0.000 0.000 0.000 16.438 8.438 26.379 2.291 4.100 51.881 50.719 42.555 28.357 28.038 16.812 11.706 0.606 0.487 0.138 0.107 3.388 10.287 9.218 9.167 0.735 5.718 5.691 5.670 5.651 5.630 5.607 5.583 5.557 5.531 5.505 5.481 5.456 5.433
24.554 44.494 48.435 47.376 47.318 47.262 47.208 47.158 47.117 54.093 0.000 0.000 0.000 0.000 0.000 0.000 0.000 17.296 17.297 16.299 19.301 3.309 11.321 19.343 19.359 36.366 42.364 41.357 41.345 41.330 41.313 41.294 42.275 34.257 30.241 24.232 0.000 0.000 0.000 0.000 0.000 8.370 27.302 4.253 0.121 38.679 55.567 52.402 33.194 11.944 10.733 11.583 2.468 0.000 0.047 0.022 0.013 5.239 8.192 8.164 0.051 5.703 5.685 5.663 5.642 5.620 5.597 5.574 5.550 5.527 5.504 5.481 5.459 5.437
32.610 48.551 47.492 47.435 47.378 47.322 47.269 47.218 49.173 47.147 0.000 0.000 0.000 0.000 0.000 0.000 0.000 22.296 28.297 33.298 24.299 23.304 17.312 13.323 24.332 38.336 41.336 41.331 44.322 42.311 41.298 41.284 41.271 36.258 28.248 23.242 0.000 0.000 0.000 0.000 0.000 0.000 19.206 5.169 0.970 33.588 64.469 45.294 24.071 14.813 16.591 14.424 9.307 0.000 0.036 0.000 0.000 0.000 8.148 8.133 0.041 5.707 5.685 5.658 5.634 5.611 5.588 5.566 5.545 5.524 5.503 5.483 5.462 5.441
40.666 48.607 47.550 47.493 47.437 47.381 47.327 48.275 46.208 34.177 18.177 0.000 0.000 0.000 0.000 0.000 0.000 23.296 32.296 32.296 36.295 38.296 21.299 20.305 35.310 41.312 41.312 41.308 42.302 41.294 41.285 41.275 41.266 39.257 27.251 28.247 22.247 0.000 0.000 0.000 0.000 0.000 5.148 5.089 0.000 43.575 31.426 37.234 6.983 26.644 20.396 13.215 13.065 3.891 0.000 0.000 0.000 0.000 5.118 7.089 0.826 5.734 6.690 5.652 5.627 5.604 5.581 5.560 5.541 5.522 5.504 5.486 5.467 5.447
