results1/res_4e8_norain-0021.wd
ncols         241
nrows         181
xllcorner     12693529.787448
yllcorner     3542525.717860
cellsize      155.156523
NODATA_value  -9999.000000
[rows 132 to 164 of 181, columns 0 to 74 of 241]
48.767 53.769 57.771 57.775 59.781 59.788 53.796 44.805 30.817 19.830 18.844 19.861 18.881 17.903 22.928 36.955 47.987 53.022 53.061 50.104 42.152 33.203 24.261 18.329 23.423 25.507 24.591 25.685 23.752 18.807 32.858 55.912 22.981 0.000 0.000 0.000 0.000 15.946 27.956 24.992 27.015 33.033 51.039 37.042 21.042 20.040 20.038 32.035 53.033 0.000 0.000 0.000 0.000 0.000 0.000 0.000 0.000 0.000 0.000 0.000 0.000 0.000 0.000 0.000 0.000 0.000 0.000 38.826 61.706 65.608 65.494 75.572 103.030 93.362 93.304
26.807 28.808 31.811 37.815 47.821 53.827 58.836 58.845 51.857 37.870 26.885 20.902 24.922 31.944 44.969 59.998 59.030 56.065 56.104 59.146 59.192 55.243 43.298 31.362 23.436 18.509 19.582 18.653 19.714 27.764 49.806 57.835 0.000 0.000 0.000 0.000 0.000 1.938 19.931 28.937 29.966 27.000 28.002 38.004 33.005 26.006 30.007 38.007 51.007 0.000 0.000 0.000 0.000 0.000 0.000 0.000 0.000 0.000 0.000 0.000 0.000 0.000 0.000 0.000 0.000 0.000 46.070 67.944 63.812 72.774 63.828 103.177 91.926 93.416 98.657
18.847 18.848 18.851 20.855 25.861 29.867 36.876 45.885 53.896 56.909 50.924 48.941 50.961 53.984 53.010 46.039 37.071 35.106 35.144 40.185 46.230 53.278 56.330 55.388 44.450 34.513 29.575 27.635 36.687 52.732 53.767 39.788 0.000 0.000 0.000 0.000 0.000 0.000 2.895 29.860 8.912 0.000 11.965 26.967 41.971 45.974 47.979 48.982 44.983 0.000 0.000 0.000 0.000 0.000 0.000 0.000 0.000 0.000 0.000 0.000 0.000 0.000 30.656 0.593 66.429 88.346 121.168 77.110 72.143 53.083 89.135 93.608 93.493 102.245 91.751
19.887 19.888 19.891 19.895 18.901 17.907 19.916 24.925 30.936 40.949 50.963 52.980 45.999 36.022 30.049 22.078 18.111 18.146 18.183 20.222 25.265 31.310 38.358 50.410 55.464 57.519 56.573 52.624 55.671 48.711 30.743 22.764 1.770 0.000 0.000 0.000 0.000 0.000 0.000 28.698 0.000 0.000 4.928 29.931 48.936 56.944 42.952 45.959 31.962 0.000 0.000 0.000 0.000 0.000 0.000 0.000 0.000 0.000 0.000 0.000 0.000 17.665 36.665 109.614 138.507 121.366 104.895 103.816 95.470 94.114 93.957 93.790 59.021 103.925 95.506
19.927 19.929 19.931 19.936 19.941 19.948 19.956 18.965 18.976 21.987 28.001 27.017 23.036 19.059 19.086 19.117 20.150 20.184 20.221 20.259 19.299 18.341 20.385 26.431 33.479 42.527 50.575 46.620 35.662 23.700 19.731 24.757 32.777 8.797 0.000 0.000 0.000 0.000 10.377 31.536 0.000 0.000 23.890 55.894 57.902 36.913 39.929 38.940 26.945 15.944 0.000 0.000 0.000 0.000 0.000 0.000 0.000 0.000 0.000 0.000 0.000 0.000 61.725 67.649 63.620 64.761 62.720 94.532 94.401 94.263 61.427 64.188 66.044 67.696 17.653
19.968 19.969 19.972 19.976 19.982 19.988 19.996 20.005 20.015 20.026 19.038 19.053 19.070 20.092 20.120 20.154 20.189 20.223 20.259 20.295 20.332 20.371 20.411 19.453 18.495 19.538 23.580 21.621 20.660 24.695 27.728 26.757 24.786 26.819 26.867 23.917 23.977 28.062 3.219 0.000 0.000 0.000 41.849 55.855 35.864 28.880 27.912 7.929 3.937 0.000 0.000 0.000 0.000 0.000 0.000 0.000 0.000 9.412 24.393 0.000 8.075 70.970 77.898 75.946 73.914 74.981 94.778 94.658 75.727 82.501 75.336 81.092 72.918 51.844 0.000
20.008 20.010 20.013 20.017 20.023 20.030 20.038 20.046 20.055 20.065 20.075 20.087 20.101 20.121 20.152 20.192 20.229 20.264 20.297 19.331 26.365 28.401 20.437 19.475 18.513 19.551 21.589 24.626 27.662 26.696 21.728 22.759 29.791 32.826 28.867 22.910 19.953 28.991 0.000 0.000 0.000 36.788 45.803 32.813 24.823 44.831 0.000 0.000 0.000 0.000 0.000 0.000 0.000 0.000 0.000 0.000 19.476 61.432 90.376 51.279 84.113 92.253 89.188 88.260 95.118 95.009 94.895 87.844 89.701 89.384 88.229 87.145 5.045 0.000 0.000
20.049 20.050 20.053 20.058 20.064 20.071 20.079 20.088 20.097 20.105 23.113 23.120 21.127 25.141 23.175 20.234 20.273 20.306 19.337 17.367 28.399 36.431 22.464 19.498 21.532 24.566 26.600 25.634 22.667 24.699 29.731 31.763 32.795 32.830 27.866 21.903 30.937 49.960 0.000 0.000 0.000 10.775 33.763 30.772 34.784 54.792 0.000 0.000 0.000 0.000 0.000 0.000 0.000 0.000 0.000 17.575 69.523 85.461 88.376 93.350 90.485 87.462 95.419 95.323 95.223 87.202 87.969 88.822 88.488 88.446 81.364 58.255 0.000 0.000 0.000
20.089 20.091 20.094 20.099 20.106 20.114 20.123 20.132 20.140 21.147 28.152 28.153 5.150 0.000 0.000 24.299 18.325 21.353 27.379 30.405 30.433 26.463 22.492 23.522 26.552 25.582 24.613 26.643 30.674 30.705 32.736 31.767 22.799 17.832 19.866 32.900 51.932 61.954 0.000 0.000 0.000 0.000 41.703 43.730 50.751 49.763 0.000 0.000 0.000 0.000 0.000 0.000 0.000 0.000 21.688 65.636 87.549 90.552 89.625 89.612 88.688 95.604 95.513 87.451 88.232 89.073 88.844 88.685 88.628 80.550 72.500 0.000 0.000 0.000 0.000
20.130 20.132 20.134 20.140 20.147 20.157 20.167 20.177 20.186 22.193 31.197 42.193 18.171 0.000 0.000 9.338 35.378 27.402 25.421 25.441 23.469 22.496 24.522 26.547 24.573 20.600 22.627 34.654 36.683 26.712 20.742 17.772 17.803 22.835 36.868 52.902 49.937 33.973 6.013 0.000 0.000 12.528 41.619 23.694 14.730 6.746 0.000 0.000 0.000 0.000 0.000 0.000 0.000 14.807 65.747 87.648 89.829 88.814 88.913 95.870 95.783 95.695 87.539 89.396 89.093 88.951 88.881 88.794 82.706 69.632 59.589 0.000 0.000 0.000 0.000
20.171 20.172 20.174 20.179 20.189 20.201 20.213 20.225 20.236 22.245 32.251 19.253 0.000 0.000 0.000 0.000 31.450 23.457 25.466 24.471 22.506 25.531 26.553 23.574 20.596 16.619 26.642 40.666 27.692 17.721 18.750 23.779 33.808 44.838 55.870 48.904 26.942 21.988 41.056 48.173 49.297 53.439 28.551 0.109 0.000 0.000 0.000 0.000 0.000 0.000 0.000 0.000 19.920 65.846 87.847 90.019 89.037 96.113 96.035 95.954 87.851 88.628 89.491 89.173 89.141 89.065 88.976 89.871 77.780 48.682 37.636 0.000 0.000 0.000 0.000
19.214 19.213 20.212 20.217 20.229 20.245 20.261 20.276 20.289 23.300 33.310 4.316 0.000 0.000 1.556 3.545 20.516 22.512 10.516 0.000 30.558 25.570 21.585 20.602 18.620 20.638 36.657 39.677 21.700 24.731 36.758 45.786 54.813 52.842 40.872 26.904 19.940 35.985 40.049 28.167 9.281 7.380 0.455 0.152 0.000 0.000 0.000 9.358 4.358 0.000 0.000 14.015 66.026 89.116 90.131 88.235 96.267 96.191 88.059 88.847 89.698 89.487 89.346 89.304 89.234 89.169 92.086 55.939 35.859 0.000 0.000 0.000 0.000 0.000 0.000
28.258 26.254 23.247 21.250 18.265 18.292 18.313 18.330 17.345 22.360 34.374 17.387 0.000 6.569 24.569 20.566 17.559 23.560 18.571 5.597 25.598 19.606 18.618 18.631 20.645 34.659 42.672 8.686 0.713 50.746 55.768 50.794 39.820 29.846 21.872 17.900 28.931 40.963 8.991 0.000 0.000 0.000 0.411 0.491 0.000 0.000 1.356 29.359 13.358 0.000 0.000 46.267 88.305 87.425 96.494 96.420 96.344 88.122 89.980 89.688 89.561 89.511 91.449 86.379 88.332 89.291 100.260 0.000 0.000 0.000 0.000 0.000 0.000 0.000 0.000
29.308 31.300 37.272 38.271 38.293 35.345 36.370 35.388 34.404 34.421 36.441 19.472 23.535 22.570 19.585 22.592 22.596 21.601 26.611 28.625 22.633 16.641 18.651 20.661 34.671 39.680 28.690 22.703 31.725 54.749 37.775 28.803 20.828 18.850 20.873 19.896 33.922 42.946 6.963 0.000 0.000 0.000 1.963 0.461 2.283 8.329 10.353 3.362 0.000 0.000 24.482 66.539 96.710 96.640 96.568 88.402 89.182 90.050 89.741 89.717 90.655 90.589 63.525 41.442 76.422 90.403 95.403 35.455 0.000 0.000 0.000 0.000 0.000 0.000 0.000
22.369 16.367 0.000 0.000 0.000 27.425 24.436 24.449 24.463 28.479 37.500 18.528 19.564 18.592 21.611 25.623 26.632 24.640 23.649 26.659 27.668 24.677 18.685 35.693 41.699 32.704 38.706 55.713 52.727 34.752 22.781 18.818 20.839 20.857 19.873 24.892 40.917 42.938 34.953 37.954 8.954 0.000 0.000 0.000 7.333 14.351 4.366 1.380 0.000 19.548 67.675 96.849 96.780 88.590 89.372 90.228 90.024 89.890 89.855 90.788 88.726 82.664 7.624 0.000 58.510 93.498 90.495 89.507 0.000 0.000 0.000 0.000 0.000 0.000 0.000
20.432 12.434 0.000 0.000 0.000 23.497 19.502 19.510 19.521 23.535 37.553 15.576 19.602 23.626 25.645 26.659 23.670 20.679 18.688 20.697 30.705 43.713 38.721 39.727 16.732 10.731 62.717 48.717 15.721 0.000 0.000 23.848 20.857 20.866 22.874 15.882 0.000 0.000 1.957 41.958 17.955 0.000 0.000 0.000 3.364 8.376 2.387 7.410 7.516 45.700 96.955 87.824 91.536 90.409 90.206 90.078 90.034 89.978 90.917 90.860 55.801 31.716 17.684 20.668 71.610 92.584 88.573 79.572 0.000 0.000 0.000 0.000 0.000 0.000 0.000
20.495 20.505 3.537 0.000 0.000 24.564 20.566 20.571 19.578 20.588 35.603 22.622 25.645 27.667 26.684 21.699 18.710 19.720 19.729 18.737 28.745 51.752 47.759 34.766 27.771 18.773 0.000 0.000 0.000 0.000 0.000 25.872 20.875 22.878 5.875 0.000 0.000 0.000 3.963 20.965 0.000 0.000 0.000 3.384 10.384 6.401 0.438 0.000 0.662 45.090 97.084 90.713 90.443 90.248 90.213 90.157 90.097 90.039 87.984 78.935 11.900 0.000 28.729 87.711 92.679 90.655 84.641 74.635 0.000 0.000 0.000 0.000 0.000 0.000 0.000
17.548 19.557 16.571 0.000 0.000 24.631 19.630 17.630 19.633 23.638 27.649 26.667 26.691 24.712 18.730 19.743 19.754 20.764 20.772 25.779 43.786 42.793 35.800 44.807 42.814 13.820 0.000 0.000 0.000 0.000 0.000 25.895 20.895 23.897 0.000 0.000 0.000 16.964 36.969 5.976 0.000 0.000 0.000 0.000 2.388 2.441 2.534 0.671 1.004 97.444 97.265 89.640 90.447 90.328 90.273 90.214 90.156 92.100 77.046 59.996 19.965 0.000 43.791 73.768 82.740 91.716 80.700 69.694 0.000 0.000 0.000 0.000 0.000 0.000 0.000
24.595 22.605 11.619 0.000 10.728 18.701 20.693 24.689 25.686 26.685 24.690 25.709 23.739 19.763 19.780 20.793 20.802 19.810 21.816 44.822 43.828 25.835 38.841 36.849 40.859 38.874 1.903 0.000 0.000 0.000 1.930 21.918 20.915 20.919 15.932 7.941 24.949 23.960 17.975 39.996 0.000 0.000 0.000 0.000 1.223 0.000 0.840 25.045 49.350 97.575 92.033 91.711 91.430 90.392 90.330 90.271 91.214 89.158 44.104 21.040 32.998 33.954 87.877 89.831 69.796 79.769 74.752 47.747 12.762 0.000 0.000 0.000 0.000 0.000 0.000
25.632 26.649 23.685 11.739 25.756 25.755 25.752 26.748 26.740 27.726 39.718 21.741 19.796 19.822 20.836 20.846 20.853 21.859 35.863 46.868 21.872 25.878 52.884 44.892 32.901 35.914 38.933 22.955 27.962 42.958 35.944 23.934 16.930 16.932 27.938 43.943 30.948 2.953 0.000 30.040 19.085 0.279 3.909 8.940 4.972 0.000 0.000 40.145 92.394 97.666 89.003 91.608 92.511 90.448 90.387 90.328 83.271 73.217 30.171 1.107 10.033 10.989 71.932 113.884 94.845 70.813 62.791 41.779 50.778 3.777 0.000 0.000 0.000 14.398 56.398
30.654 30.678 26.732 26.779 26.803 27.812 27.815 23.813 20.801 19.763 0.000 0.000 23.885 20.892 20.899 20.904 19.907 22.910 46.912 32.914 17.917 23.921 40.927 57.933 52.941 49.951 47.962 43.972 39.975 38.969 46.956 43.946 37.942 33.943 36.945 40.947 2.949 0.000 0.000 0.000 0.000 0.000 4.924 14.940 10.956 1.955 0.000 39.322 97.849 97.757 91.908 93.702 90.564 90.506 91.443 87.382 71.324 64.268 70.215 76.162 60.092 82.035 96.979 113.929 122.885 106.848 68.820 73.802 48.793 0.000 0.000 0.000 0.000 0.000 5.399
0.000 0.000 30.786 25.843 25.866 20.877 17.884 19.889 14.889 0.000 0.000 0.000 24.968 20.966 20.965 20.965 20.964 38.963 45.962 18.962 20.962 20.965 23.969 29.975 31.982 31.988 27.994 30.998 46.997 39.989 30.965 33.953 40.949 44.955 47.955 44.953 19.952 0.000 0.000 0.000 0.000 0.000 0.000 8.940 0.000 0.000 9.261 69.495 97.941 89.309 92.960 92.673 90.629 90.561 91.497 86.435 73.375 39.317 46.259 89.201 100.138 132.079 123.022 94.968 82.919 99.876 78.840 72.814 47.800 0.000 0.000 0.000 0.000 0.000 10.400
0.000 0.000 0.000 34.942 19.945 17.945 19.959 19.970 20.980 0.000 0.000 14.096 22.055 21.039 21.032 21.027 23.023 47.018 32.014 18.009 21.007 21.008 21.013 20.018 20.023 20.027 19.029 26.030 55.028 34.025 0.000 0.000 0.000 35.975 45.967 29.960 34.957 21.955 0.000 0.000 0.000 0.000 0.000 0.000 0.000 0.000 27.442 98.133 98.035 92.176 93.867 89.748 90.681 90.615 90.550 90.487 77.425 40.365 55.305 92.244 88.182 122.121 117.061 86.003 90.947 76.895 57.851 75.815 53.793 0.000 0.000 0.000 0.000 0.000 9.401
19.239 15.235 0.000 27.038 37.028 38.003 19.036 31.056 38.081 14.137 12.154 22.139 21.119 21.106 21.097 21.090 40.083 44.075 19.066 21.057 20.049 19.048 21.057 21.064 21.067 21.068 20.067 28.066 57.063 38.060 0.000 0.000 8.027 33.004 45.978 24.966 14.960 0.000 0.000 0.000 0.000 0.000 0.000 0.000 0.000 6.415 68.634 98.231 89.492 93.137 92.856 90.805 90.734 90.667 90.601 91.537 82.474 71.412 94.351 119.289 107.226 124.163 121.099 115.035 121.971 87.909 64.852 74.804 82.765 11.728 0.000 0.000 0.000 0.000 10.404
21.244 20.233 15.204 21.146 20.129 0.000 42.128 34.137 21.154 22.178 22.189 21.186 21.178 21.169 21.162 24.154 47.146 30.135 20.121 21.103 27.087 35.080 21.106 19.114 21.115 20.113 23.109 47.104 55.098 30.094 18.094 6.078 28.052 27.037 0.000 0.000 0.000 0.000 0.000 0.000 0.000 0.000 0.000 0.000 9.610 66.676 88.814 98.331 90.438 91.031 90.926 90.855 90.785 90.718 90.652 91.587 82.523 65.460 61.397 94.334 84.270 98.205 101.138 89.068 90.994 62.917 39.845 53.784 120.735 73.692 8.651 0.000 20.430 41.417 78.407
21.261 21.251 21.235 21.216 21.213 15.235 31.213 47.212 23.220 20.232 21.240 21.241 21.238 21.234 20.228 43.222 45.213 19.200 21.180 22.150 19.118 0.000 40.174 35.172 22.168 20.161 38.153 57.144 41.135 21.125 21.112 22.089 25.068 29.056 0.000 0.000 0.000 0.000 0.000 0.000 0.000 0.000 0.000 0.000 32.806 89.897 98.536 98.433 90.337 91.114 90.970 90.905 90.835 90.767 90.701 89.636 74.572 76.508 96.445 115.381 114.316 119.250 124.180 111.105 109.021 95.922 44.826 42.753 118.698 82.654 20.611 13.527 78.444 111.415 130.404
21.290 21.278 21.270 21.270 21.274 21.281 21.278 32.279 47.285 23.292 20.298 21.301 21.302 19.300 27.297 48.292 28.285 20.274 22.251 20.200 0.000 0.000 28.245 29.236 35.224 34.211 42.199 41.186 22.173 20.160 22.141 25.101 30.076 30.065 0.000 0.000 0.000 0.000 0.000 0.000 0.000 0.000 0.000 0.000 41.220 95.195 98.643 89.745 91.368 91.078 91.027 90.952 90.883 90.815 90.749 90.684 76.620 72.557 93.493 94.429 94.364 97.297 97.227 96.152 101.064 73.923 49.784 64.706 79.651 18.616 0.000 0.000 22.403 48.396 70.393
21.331 23.302 23.298 21.323 21.332 21.338 21.340 21.343 32.348 47.355 23.362 18.366 18.369 35.370 47.369 41.367 18.364 21.359 17.353 0.000 0.000 14.370 21.327 21.303 27.283 44.264 44.246 37.230 30.215 22.201 9.191 0.000 44.069 24.066 0.000 0.000 0.000 0.000 0.000 0.000 0.000 0.000 0.000 0.000 15.004 98.866 98.752 90.597 91.268 91.143 91.071 90.999 90.929 90.862 90.797 91.732 86.669 76.606 71.542 70.479 70.414 70.349 70.281 74.211 48.160 0.000 17.681 73.635 69.584 30.544 0.000 0.000 21.370 67.373 45.376
22.404 0.000 0.000 21.394 20.397 19.400 19.403 18.407 18.413 31.420 46.428 39.435 46.439 48.442 35.444 19.445 26.446 26.447 14.451 0.000 0.000 25.415 21.392 23.367 47.341 54.317 32.294 23.273 30.255 37.242 25.234 0.000 4.066 22.065 0.000 0.000 0.000 0.000 0.000 0.000 0.000 0.000 0.000 0.000 3.934 98.979 95.925 91.534 91.248 91.190 91.114 91.043 90.974 90.908 90.843 90.780 91.717 90.655 88.592 87.529 87.466 88.402 90.338 64.251 6.205 0.000 2.625 58.569 89.508 80.431 53.339 29.312 46.335 49.350 7.363
21.478 20.502 0.000 20.463 31.462 35.464 39.466 44.470 47.476 48.487 48.498 48.506 34.513 21.517 37.521 54.524 55.528 55.536 48.552 26.596 0.000 22.484 20.461 29.432 57.401 44.370 21.341 20.315 22.293 25.278 16.270 0.000 0.000 0.000 0.000 0.000 0.000 0.000 0.000 0.000 0.000 0.000 2.397 3.643 1.553 99.076 99.848 95.418 91.305 91.228 91.155 91.085 91.017 90.952 90.889 90.827 90.765 90.704 90.643 90.581 91.518 94.458 66.417 0.000 0.000 0.000 0.000 3.509 59.449 90.335 81.274 57.261 34.308 3.329 0.000
21.530 23.528 19.553 21.533 36.528 35.528 31.529 27.532 26.537 22.555 43.570 33.582 44.590 35.595 51.600 47.603 40.609 41.617 52.629 58.642 47.637 48.578 40.538 48.500 56.462 29.424 20.387 21.354 21.327 20.308 20.299 22.302 17.301 0.000 26.278 17.277 0.000 0.000 0.000 0.000 0.000 0.000 71.150 68.405 99.174 99.134 93.730 94.485 91.335 91.265 91.193 91.124 91.058 90.995 90.933 90.873 90.814 90.755 90.695 92.633 97.568 66.494 6.455 0.000 0.000 0.000 0.000 0.000 0.356 51.185 86.163 36.152 0.000 0.000 0.000
23.586 0.000 18.598 21.592 21.590 21.591 20.593 21.593 23.586 21.628 33.649 28.661 37.670 48.676 36.680 21.683 22.688 23.696 24.705 29.707 42.693 52.655 58.613 56.570 45.524 21.477 21.430 21.388 21.355 21.331 22.316 45.308 18.302 0.000 22.281 0.000 0.000 0.000 0.000 0.000 0.000 2.971 91.194 93.451 99.198 92.126 91.724 91.430 91.374 91.298 91.228 91.161 91.097 91.036 90.977 90.919 90.862 90.806 92.749 77.690 31.629 0.000 0.000 0.000 0.000 0.000 0.000 0.000 0.000 22.053 84.041 36.031 0.000 0.000 0.000
24.643 0.000 18.650 21.649 21.650 21.655 21.660 22.665 0.000 20.725 24.736 35.747 35.756 43.761 48.763 34.763 19.765 19.776 19.789 21.790 23.773 24.738 25.692 25.642 24.590 23.533 19.469 19.415 20.374 21.347 32.329 46.311 17.299 11.291 13.286 0.000 0.000 0.000 0.000 0.000 0.000 7.030 90.182 99.227 99.211 90.939 91.602 91.474 91.399 91.328 91.260 91.196 91.134 91.076 91.019 90.964 90.910 90.857 95.807 51.748 0.000 0.000 0.000 0.000 0.000 0.000 0.000 0.000 0.000 24.934 84.918 43.901 0.000 0.000 0.000
