results1/res_4e8f-0219.wd
ncols         241
nrows         181
xllcorner     12693529.787448
yllcorner     3542525.717860
cellsize      155.156523
NODATA_value  -9999.000000
[rows 33 to 65 of 181, columns 73 to 145 of 241]
0.000 0.000 0.000 0.000 0.000 0.000 0.000 0.000 0.000 0.000 0.000 0.000 0.000 0.000 0.000 0.000 0.000 0.000 0.000 0.000 0.000 0.000 0.000 0.000 0.000 0.000 0.000 0.000 0.000 0.000 0.000 0.000 0.000 0.000 0.000 0.000 0.000 0.000 0.000 39.937 62.938 67.940 23.942 0.000 0.000 33.018 47.046 14.025 5.025 37.046 40.062 34.060 35.040 36.004 35.949 35.876 35.782 34.665 40.510 60.271 6.784 14.891 12.167 47.321 63.777 68.305 66.864 67.465 65.999 68.084 63.137 62.747 62.736
0.000 0.000 0.000 0.000 0.000 0.000 0.000 0.000 0.000 0.000 0.000 0.000 0.000 0.000 0.000 0.000 0.000 0.000 0.000 0.000 0.000 0.000 0.000 0.000 0.000 0.000 0.000 0.000 0.000 0.000 0.000 0.000 0.000 0.000 0.000 0.000 0.000 0.000 0.000 0.000 14.938 9.939 0.000 0.000 0.000 0.000 29.138 0.000 0.000 27.087 51.128 50.132 40.115 36.078 36.021 35.941 35.839 34.719 56.582 54.427 0.000 37.724 50.288 63.712 68.190 67.711 67.281 66.787 67.846 63.863 63.163 63.416 65.716
0.000 0.000 0.000 0.000 0.000 0.000 0.000 0.000 0.000 0.000 0.000 0.000 0.000 0.000 0.000 0.000 0.000 0.000 35.355 67.355 20.355 0.000 0.000 0.000 0.000 0.000 0.000 0.000 0.000 0.000 0.000 0.000 0.000 0.000 0.000 0.000 0.000 0.000 0.000 0.000 0.000 0.000 0.000 0.000 0.000 0.000 21.230 0.000 0.000 0.000 29.232 47.226 47.209 38.173 36.114 36.028 33.916 49.788 58.674 0.000 23.385 47.994 62.547 69.050 68.556 68.100 67.579 69.610 65.596 63.706 64.104 66.428 65.672
0.000 0.000 0.000 0.000 0.000 0.000 0.000 0.000 0.000 0.000 0.000 22.357 60.357 0.357 0.000 0.000 0.000 0.000 42.356 93.355 49.355 0.000 0.000 0.000 0.000 0.000 0.000 0.000 0.000 0.000 0.000 0.000 0.000 0.000 0.000 0.000 0.000 0.000 0.000 0.000 0.000 0.000 0.000 0.000 0.000 0.000 24.321 25.362 32.380 18.378 28.341 36.332 49.321 40.292 36.234 33.140 44.008 53.842 42.653 18.309 47.776 65.319 69.859 69.379 68.915 68.373 68.378 67.339 64.361 64.808 67.146 66.397 66.162
0.000 0.000 0.000 0.000 0.000 0.000 0.000 0.000 0.000 0.000 0.000 43.357 78.357 67.357 54.357 9.357 3.357 27.356 81.356 89.355 54.355 0.000 0.000 0.000 0.000 23.409 2.409 0.000 0.000 0.000 0.000 0.000 0.000 0.000 0.000 0.000 0.000 7.409 0.000 0.000 0.000 11.408 29.408 0.000 0.000 40.385 55.372 58.385 56.400 42.413 36.422 35.440 49.451 40.440 32.391 46.290 60.134 47.921 35.785 50.499 55.089 67.649 70.185 69.723 69.170 69.150 67.094 65.126 65.530 67.876 67.136 66.905 66.570
0.000 0.000 0.000 0.000 0.000 0.000 0.000 0.000 0.000 0.000 0.000 14.357 76.357 59.357 40.357 2.357 23.357 73.356 84.356 91.355 50.355 0.000 0.000 0.000 0.409 61.409 45.409 0.000 0.000 0.000 0.000 0.000 0.000 0.000 0.000 0.409 24.409 36.409 38.409 0.000 0.000 20.408 45.408 24.406 38.403 61.397 64.396 65.406 62.424 49.451 36.494 33.555 50.604 41.626 45.600 63.494 57.319 0.000 34.068 52.812 65.435 70.997 70.540 69.981 69.935 67.868 66.016 66.274 68.622 67.892 67.668 67.335 67.001
0.000 0.000 0.000 0.000 0.000 0.000 0.000 0.000 0.000 0.000 0.000 0.000 0.000 27.358 65.358 61.358 49.357 62.357 82.356 93.355 46.354 0.000 0.000 0.000 0.000 23.409 47.409 49.409 0.000 0.000 0.000 0.000 0.000 0.000 0.000 0.000 40.410 41.409 53.409 36.409 25.409 39.409 40.408 36.408 43.407 50.406 48.409 41.419 60.437 26.473 42.549 45.681 35.784 47.861 60.888 57.766 0.324 9.019 45.607 62.246 70.842 71.380 70.827 70.753 67.681 67.073 67.047 69.386 68.668 68.454 68.130 67.797 67.438
0.000 0.000 0.000 0.000 0.000 0.000 0.000 0.000 0.000 0.000 0.000 0.000 0.000 17.358 84.358 79.358 69.358 59.357 83.356 91.354 86.352 71.348 26.346 0.000 0.000 0.000 3.409 57.409 41.409 39.409 50.409 45.409 8.409 0.000 0.000 4.410 40.410 39.410 60.410 66.409 55.409 47.409 39.409 36.409 37.410 38.411 37.415 35.422 43.435 4.454 0.000 4.835 40.990 64.144 62.326 1.618 7.710 45.425 59.092 68.735 72.274 71.836 72.612 68.565 68.372 67.867 70.177 69.464 69.257 68.947 68.630 68.280 67.889
0.000 0.000 0.000 0.000 0.000 0.000 0.000 0.000 0.000 0.000 0.000 0.000 0.000 0.000 17.358 56.359 31.359 67.358 86.357 91.355 89.351 87.347 76.343 35.340 0.340 0.000 0.000 13.409 52.409 52.409 65.409 63.409 56.409 51.409 0.000 0.000 7.410 44.410 63.410 70.410 62.410 46.410 35.410 36.411 36.412 36.413 36.417 36.421 40.426 0.000 0.000 0.000 11.195 48.401 17.863 15.131 50.070 54.877 66.620 73.228 73.081 71.323 69.653 70.039 68.769 71.012 70.288 70.076 69.772 69.476 69.159 68.805 68.374
0.000 0.000 0.000 0.000 0.000 0.000 0.000 0.000 0.000 0.000 0.000 0.000 0.000 0.000 0.000 2.360 88.360 88.360 90.359 90.356 89.351 83.345 77.340 48.336 0.000 0.000 0.000 0.000 0.000 20.409 65.409 59.409 74.409 71.409 50.409 29.409 30.410 39.410 61.410 70.410 61.410 44.410 34.411 39.412 38.413 36.415 36.417 36.420 37.422 29.421 0.000 0.000 0.000 0.000 9.596 52.632 55.561 63.418 74.142 74.255 72.617 74.511 72.274 69.813 71.924 71.161 70.918 70.601 70.309 70.020 69.728 69.405 67.969
0.000 0.000 0.000 0.000 0.000 0.000 23.335 46.332 0.000 24.273 64.263 53.250 57.239 32.233 0.000 0.000 24.363 96.363 90.364 87.360 84.352 87.343 78.335 41.330 0.000 0.000 0.000 0.000 0.000 0.000 0.000 9.409 63.409 64.409 15.409 0.000 6.410 43.410 61.410 66.410 56.410 47.410 45.411 7.412 14.413 42.415 36.417 36.419 37.420 43.420 51.420 13.420 0.000 0.000 25.291 58.243 62.135 72.945 75.161 74.793 78.070 76.650 71.155 72.963 72.110 71.802 71.446 71.132 70.838 70.568 70.326 70.120 75.975
0.000 0.000 0.000 0.000 0.000 0.000 23.338 66.329 8.309 58.284 60.265 72.248 55.235 40.226 0.000 0.000 12.365 81.367 93.372 90.367 90.355 91.340 85.326 39.318 0.000 0.000 0.000 0.000 0.000 0.000 0.000 0.000 0.000 48.409 7.409 0.000 2.410 49.410 46.410 58.410 15.410 0.000 0.000 0.000 0.000 8.416 46.417 40.419 3.419 33.420 67.420 50.420 3.420 0.000 30.043 63.882 72.784 75.905 75.660 79.830 79.083 72.510 74.079 73.130 72.736 72.321 71.963 71.637 71.345 71.089 70.887 70.773 75.836
21.600 65.594 55.589 0.000 0.000 0.000 17.349 77.337 53.314 55.288 61.264 85.243 86.226 81.211 35.197 0.000 0.000 0.000 41.391 95.380 90.360 91.336 88.313 47.297 0.000 0.000 0.000 0.000 0.000 0.000 0.000 0.000 0.000 6.409 0.000 0.000 0.000 0.000 0.000 0.000 0.000 0.000 0.000 0.000 0.000 0.000 0.000 21.419 18.419 0.000 0.000 0.000 0.000 19.455 56.872 73.824 75.501 76.434 80.781 80.384 73.539 75.101 74.140 73.687 73.217 72.811 72.443 72.111 71.814 71.558 71.359 71.251 74.313
21.601 77.593 59.583 55.572 0.000 0.000 4.374 69.355 71.323 71.291 83.260 80.235 92.214 91.195 52.183 0.000 0.000 0.000 17.422 97.402 90.370 91.332 88.293 48.260 0.000 0.000 8.822 56.784 68.743 37.715 0.000 0.000 0.000 0.000 0.000 0.000 0.000 0.000 0.000 0.000 0.000 0.000 0.000 0.000 0.000 0.000 0.000 0.000 6.419 0.000 0.000 0.000 17.420 57.928 74.888 75.470 81.700 81.190 74.810 75.373 75.877 75.062 74.598 74.104 73.662 73.257 72.887 72.549 72.242 71.969 71.739 78.560 19.436
85.604 82.594 61.580 62.561 54.531 1.487 59.417 54.385 62.333 75.292 79.251 90.223 91.198 90.175 59.156 0.000 0.000 0.000 16.472 96.436 90.386 91.329 86.266 66.190 50.072 50.964 50.860 58.788 79.729 46.687 0.000 0.000 0.000 0.000 0.000 0.000 0.000 0.000 0.000 0.000 0.000 0.000 0.000 0.000 0.000 0.000 0.000 0.000 0.000 0.000 15.510 46.288 55.796 74.782 76.372 83.036 82.444 75.359 77.080 76.417 75.878 75.425 74.944 74.493 74.067 73.670 73.300 72.955 72.635 72.339 79.067 24.813 0.000
82.610 77.597 75.581 58.560 62.530 62.496 53.457 46.435 0.000 0.000 21.230 80.209 91.180 89.149 74.110 41.056 0.000 3.646 65.557 86.484 91.409 90.332 91.251 81.163 57.062 53.961 52.864 61.779 79.700 62.617 48.503 49.414 53.349 64.308 28.292 0.000 0.000 0.000 0.000 0.000 0.000 0.000 0.000 0.000 0.000 0.000 0.000 0.000 0.000 0.000 26.710 66.551 74.498 77.146 83.915 83.519 76.081 77.752 76.976 76.607 76.169 75.720 75.280 74.853 74.444 74.055 73.687 73.337 73.004 78.686 25.376 0.000 0.000
71.617 23.604 91.589 62.568 56.535 57.506 59.480 59.462 48.460 0.000 0.000 1.194 25.166 96.131 86.079 64.003 55.879 62.736 61.628 63.532 71.436 72.340 59.244 56.149 54.051 53.954 52.857 61.764 76.673 55.578 52.479 57.391 73.323 76.284 61.276 35.276 0.000 0.000 0.000 0.000 0.000 0.000 0.000 0.000 0.000 0.000 0.000 0.000 0.000 17.549 59.395 75.007 77.847 84.482 84.236 76.776 78.422 77.641 77.286 76.860 76.440 76.018 75.601 75.194 74.800 74.421 74.055 73.702 79.359 25.023 0.000 0.000 0.000
17.626 90.614 91.601 77.589 0.000 4.513 64.495 60.474 71.458 62.440 0.000 1.206 4.172 84.131 81.073 65.996 56.898 53.789 53.686 56.580 69.462 77.346 80.236 73.137 63.041 55.945 54.847 70.748 73.648 48.545 52.442 52.347 53.270 57.227 36.252 0.000 0.000 0.000 6.800 0.000 0.000 0.000 0.000 0.000 0.000 0.000 0.000 20.773 52.442 60.298 73.813 85.144 84.759 77.828 78.424 78.993 78.306 77.944 77.525 77.120 76.714 76.310 75.912 75.522 75.142 74.772 75.411 82.058 25.709 0.000 0.000 0.000 0.000
95.635 91.624 91.612 91.597 78.575 61.539 61.511 61.483 52.457 1.416 18.323 25.262 77.202 74.146 77.084 70.012 70.928 70.838 70.746 73.642 68.484 68.348 70.217 74.122 75.031 72.937 68.838 79.734 77.625 65.513 66.398 66.286 68.182 43.105 0.000 0.000 0.000 0.000 7.800 0.000 0.000 0.000 0.000 0.000 0.000 7.656 55.432 55.994 77.006 77.562 86.204 85.727 80.314 80.032 79.422 78.957 78.581 78.172 77.775 77.378 76.985 76.597 76.215 75.840 75.474 76.114 79.760 12.409 0.000 0.000 0.000 0.000 0.000
94.643 90.636 90.627 91.612 88.589 66.558 60.525 61.491 62.454 54.408 3.346 69.287 66.227 67.169 68.106 63.038 66.965 71.889 79.817 64.759 0.000 0.285 15.162 73.104 69.023 68.934 68.834 68.724 68.606 68.482 68.352 68.215 66.069 60.904 33.683 0.000 9.316 53.096 59.800 71.496 41.261 0.000 0.000 0.000 1.541 56.858 67.639 79.561 80.195 86.938 86.604 80.963 80.641 79.907 79.580 79.193 78.798 78.407 78.019 77.634 77.253 76.877 76.510 76.151 76.798 79.450 27.105 0.000 0.000 0.000 0.000 0.000 0.000
80.650 80.649 80.647 91.635 91.612 81.579 57.541 60.502 61.462 61.417 67.366 76.310 60.253 57.195 55.134 62.070 77.003 75.937 60.875 40.817 0.000 0.000 0.000 1.114 58.025 52.942 52.839 52.722 52.594 53.457 56.312 57.154 56.975 55.758 56.463 55.012 54.537 63.173 69.806 67.428 74.026 71.489 65.981 63.468 65.839 77.488 81.010 80.803 87.432 87.215 81.600 81.255 80.508 80.182 79.790 79.405 79.021 78.638 78.260 77.885 77.514 77.150 76.798 77.455 78.118 16.784 0.000 0.000 0.000 0.000 0.000 0.000 0.000
0.000 46.663 58.677 86.668 90.644 71.606 54.559 53.514 61.474 61.434 60.389 54.337 55.278 61.223 78.165 77.103 60.041 52.982 42.929 0.000 62.491 71.429 67.334 68.211 71.083 73.972 72.857 73.731 76.590 75.441 72.285 74.115 68.921 54.688 58.399 57.038 61.644 79.254 85.824 82.384 75.926 70.458 72.005 78.470 83.324 81.765 88.035 87.686 81.584 83.194 81.781 81.121 80.783 80.386 80.003 79.620 79.240 78.866 78.497 78.132 77.768 78.411 76.075 71.753 23.436 0.000 0.000 0.000 0.000 0.000 0.000 0.000 0.461
0.000 0.000 51.731 70.717 81.689 56.642 48.574 55.520 53.486 60.456 61.421 61.369 54.300 71.254 63.200 52.138 55.075 47.022 0.000 71.642 74.553 74.463 76.361 77.245 80.124 84.007 82.887 82.754 82.596 84.432 85.271 83.099 70.904 56.676 58.408 58.095 57.748 60.373 33.851 6.357 95.834 137.434 114.969 80.903 82.423 88.996 88.560 82.031 84.760 82.176 81.734 81.377 80.984 80.599 80.213 79.830 79.455 79.089 78.731 78.376 80.015 74.650 63.340 18.046 0.000 0.000 0.000 0.000 0.000 0.000 0.000 0.705 47.564
3.971 0.000 6.800 27.779 62.754 44.698 0.000 50.508 55.495 55.483 61.468 50.419 0.000 55.292 53.243 55.175 56.097 66.008 79.884 76.732 78.615 84.509 94.401 138.286 135.162 135.044 134.930 134.802 135.606 119.421 51.269 54.106 51.919 59.705 58.461 55.185 52.881 34.640 0.000 0.000 4.638 62.346 79.356 83.951 89.687 89.369 81.628 83.330 82.630 82.327 81.959 81.578 81.196 80.809 80.421 80.034 79.659 79.303 79.963 78.628 70.266 58.834 16.587 0.000 0.000 0.000 0.000 0.000 0.000 0.000 3.863 38.798 59.679
77.971 25.947 14.888 77.846 55.851 0.000 0.000 0.000 49.504 62.512 54.550 0.000 7.466 63.381 54.304 65.222 78.131 78.030 82.913 85.785 78.667 64.556 55.448 51.336 49.192 52.078 52.987 39.917 0.000 56.377 53.279 52.136 55.962 59.763 56.547 48.304 54.950 35.667 0.000 1.926 57.653 74.658 84.378 90.180 89.958 82.210 83.898 83.195 82.903 82.535 82.168 81.791 81.409 81.021 80.626 80.226 79.846 80.500 76.191 64.906 21.586 0.000 0.000 0.000 0.000 0.000 0.000 0.000 0.000 0.000 6.927 56.866 55.777
87.990 95.980 83.961 0.933 12.954 7.064 2.100 1.104 0.000 0.000 58.670 56.649 64.552 61.460 61.370 61.277 78.177 92.068 80.951 60.830 58.712 53.601 55.499 46.419 0.000 58.089 55.023 43.961 0.000 57.430 52.335 53.197 60.029 57.837 55.661 37.532 0.000 2.138 54.362 52.109 68.894 84.801 90.458 83.142 83.710 84.370 83.768 83.474 83.113 82.755 82.386 82.010 81.628 81.241 80.837 81.397 80.999 70.661 55.394 18.221 0.000 0.000 0.000 0.000 0.000 0.000 0.000 5.325 32.278 31.190 46.054 57.960 45.874
78.018 82.024 72.025 0.000 0.000 72.139 65.134 59.108 3.048 10.952 76.811 73.724 60.632 61.537 61.440 62.339 83.230 135.115 127.993 74.870 129.750 50.636 54.527 54.423 56.305 54.165 54.057 53.944 55.783 51.577 51.433 60.290 59.120 55.895 50.729 39.630 0.000 0.898 56.399 63.211 85.204 84.081 90.813 84.188 84.775 84.325 84.036 83.690 83.342 82.982 82.613 82.234 81.851 81.477 83.085 78.525 60.092 46.752 48.502 14.361 0.000 0.000 0.000 0.000 0.000 0.000 0.000 5.373 41.319 46.237 60.138 54.048 43.965
74.049 69.070 13.091 0.000 3.260 55.218 64.188 61.145 79.083 72.999 77.898 85.806 76.713 61.617 61.516 61.407 60.291 54.167 49.038 53.908 50.783 54.664 54.551 54.441 54.328 54.209 54.095 53.973 52.828 57.664 59.529 60.410 44.265 0.000 43.729 0.000 0.000 0.895 60.555 82.462 86.459 91.792 91.336 84.279 84.932 84.574 84.262 83.929 83.580 83.219 82.849 82.463 82.066 80.731 42.503 0.000 0.000 0.000 0.000 0.000 0.000 0.000 0.000 37.795 32.756 31.691 30.600 34.475 43.387 59.302 53.214 44.129 54.050
66.077 57.118 62.178 7.277 60.302 56.287 55.253 73.203 66.139 82.061 90.976 70.889 56.798 54.702 57.598 60.484 61.359 61.223 54.082 52.943 53.810 53.687 54.572 54.462 54.355 59.248 56.141 53.026 53.893 56.722 60.609 49.555 0.000 0.000 0.000 0.000 16.196 136.072 79.809 86.832 84.802 92.196 84.096 86.616 88.100 84.827 84.511 84.180 83.831 83.466 84.099 80.705 68.217 58.880 16.691 0.000 0.000 0.000 0.000 0.000 0.000 0.000 39.879 39.835 39.783 40.716 40.634 41.540 55.452 55.369 39.286 42.206 44.130
41.094 42.145 36.225 60.351 56.385 55.374 66.334 70.276 81.207 88.132 54.055 52.974 53.889 55.795 54.690 51.571 59.436 60.286 61.126 59.969 53.828 52.701 51.587 52.482 58.383 117.288 85.195 65.098 47.996 0.000 62.628 70.648 0.000 0.000 0.000 0.000 60.322 71.214 88.100 86.134 92.901 92.562 85.184 85.715 86.381 85.089 84.779 84.450 84.099 84.715 83.376 36.040 0.000 0.000 0.000 0.000 0.000 0.000 0.000 0.000 0.000 0.056 46.923 42.881 39.824 40.757 38.680 50.597 57.515 41.434 42.355 50.279 48.205
0.000 0.000 0.000 53.517 56.515 58.488 79.435 90.359 104.281 86.207 15.137 72.065 71.988 55.900 55.797 54.674 52.530 55.360 61.165 58.981 59.830 61.703 59.592 57.494 53.406 48.326 53.253 48.175 0.000 0.000 0.000 56.760 48.788 0.000 0.000 2.719 70.556 87.401 87.474 85.489 93.210 84.905 87.408 88.915 85.658 85.368 85.065 84.742 84.399 81.921 36.648 0.000 0.000 0.000 0.000 0.000 0.000 0.000 0.000 0.000 0.000 46.088 16.009 3.943 47.877 37.806 48.732 60.654 48.576 43.499 48.423 52.349 45.277
0.000 0.000 0.000 51.685 57.669 73.629 84.557 132.446 126.350 128.277 134.219 130.163 131.098 56.020 55.922 54.800 54.648 53.458 48.194 57.960 59.808 60.689 58.586 60.497 60.421 61.357 54.314 0.000 0.000 0.000 0.039 57.845 42.816 0.000 0.182 61.869 83.761 87.717 86.706 93.773 93.499 85.962 86.510 87.201 85.939 85.664 85.370 86.053 60.834 0.000 0.000 0.000 0.000 0.000 0.000 0.000 0.000 0.000 58.409 47.359 37.279 41.168 41.081 42.005 41.933 44.861 57.787 54.712 49.636 50.561 48.488 46.416 42.346
17.926 0.000 0.000 52.868 69.847 77.802 83.717 54.520 53.396 52.334 49.299 50.268 50.223 56.159 56.072 71.956 71.803 47.630 0.000 44.857 57.753 59.658 57.565 59.488 59.423 60.369 56.332 0.267 1.170 2.123 56.069 40.957 0.000 0.000 63.269 72.117 88.995 87.908 87.091 94.029 85.635 88.164 90.701 86.479 86.231 85.979 84.697 72.267 31.050 0.000 0.000 0.000 0.000 0.000 44.662 39.641 39.600 39.541 43.459 55.389 58.311 44.224 39.141 41.064 42.990 57.916 56.843 42.769 51.696 52.623 51.551 44.481 40.413
