results1/res_4e8_norain-0028.wd
ncols         241
nrows         181
xllcorner     12693529.787448
yllcorner     3542525.717860
cellsize      155.156523
NODATA_value  -9999.000000
[rows 66 to 98 of 181, columns 75 to 149 of 241]
0.000 38.781 55.781 54.783 54.782 0.000 26.623 26.644 39.690 35.724 34.737 34.734 33.714 109.675 97.630 0.000 0.000 0.000 31.386 26.377 31.362 34.355 34.352 36.351 37.350 42.347 43.345 44.346 35.347 0.000 0.000 39.172 89.172 71.092 74.959 75.052 73.118 81.101 73.559 74.044 74.792 73.574 73.363 74.168 44.020 0.000 0.000 0.000 0.000 0.000 0.000 0.000 3.853 1.832 1.801 1.754 1.662 1.590 5.486 18.403 15.301 0.114 10.467 19.337 0.000 0.099 5.823 10.798 6.771 0.725 0.000 0.000 0.000 11.489 12.501
0.000 26.941 50.926 49.918 43.918 0.000 0.000 0.000 32.747 45.804 34.822 33.821 34.799 15.737 0.000 0.000 0.000 0.000 0.000 0.000 42.345 40.343 38.343 21.347 24.347 31.345 32.345 37.345 28.346 0.000 0.000 0.000 49.393 67.313 74.262 74.368 81.520 81.318 73.630 74.323 74.042 73.839 73.637 68.456 26.328 0.000 0.000 23.505 0.000 0.000 0.000 9.875 4.875 1.843 1.811 1.768 1.703 1.636 1.548 1.408 8.204 22.023 22.753 5.633 0.000 0.000 0.455 3.823 2.802 0.059 0.015 0.004 0.001 14.468 12.474
40.240 38.116 52.066 45.047 46.054 43.105 0.000 0.000 0.000 47.924 42.928 37.928 39.926 0.000 0.000 0.000 0.000 0.000 0.000 0.000 41.331 37.331 28.330 0.000 0.000 29.344 41.343 40.343 0.000 0.000 0.000 51.878 43.692 47.546 54.644 69.725 81.705 73.361 74.920 74.490 74.307 74.096 71.889 54.692 33.509 39.507 37.506 18.505 0.000 0.000 0.000 0.000 18.930 0.889 1.827 5.789 13.739 3.687 1.626 0.492 4.235 19.110 25.891 17.811 3.852 0.000 0.585 0.534 0.276 0.195 0.000 0.001 3.436 13.446 12.452
38.287 49.219 43.175 36.151 55.145 44.157 0.000 0.000 0.000 40.042 56.037 51.038 51.052 54.103 0.000 0.000 0.000 0.000 0.000 0.000 39.318 30.318 33.318 0.000 0.000 0.000 77.342 104.342 19.341 0.000 51.217 46.066 45.922 45.854 41.961 82.044 81.881 74.405 78.015 74.766 74.563 74.354 66.133 18.912 0.000 41.506 19.506 0.000 0.000 0.000 7.069 6.045 4.998 0.942 4.866 16.826 21.773 19.714 12.642 2.547 11.381 19.291 0.000 3.866 16.894 13.942 9.937 17.926 0.000 0.182 0.000 0.000 10.432 14.436 15.437
50.346 42.300 34.263 34.236 47.221 55.222 51.251 54.256 56.232 51.165 46.141 48.135 37.140 36.156 0.000 0.000 0.000 0.000 44.297 43.299 31.306 33.307 34.306 38.300 37.297 0.000 0.000 0.000 0.000 0.000 57.367 50.247 45.113 46.232 44.304 82.191 44.016 51.609 66.209 74.034 74.825 72.622 31.378 0.000 0.000 0.000 0.000 0.000 0.000 8.110 2.093 2.070 2.035 2.995 12.929 21.874 20.816 20.753 16.681 12.593 22.482 5.385 0.292 1.021 1.008 10.994 23.980 10.953 0.000 0.000 0.000 0.000 0.000 0.000 0.000
41.408 34.374 35.342 35.312 37.281 21.259 47.275 45.286 37.275 34.247 33.228 49.221 51.220 38.224 0.000 0.000 0.000 44.293 40.295 37.297 30.299 34.300 34.299 34.297 34.295 0.000 2.968 3.968 5.969 73.873 70.642 59.404 58.411 47.444 82.444 82.325 46.067 52.719 47.499 54.306 73.082 47.934 0.000 0.000 0.000 0.000 0.000 0.000 0.000 8.127 2.124 2.107 2.077 3.036 11.983 21.926 20.865 19.801 16.735 21.662 15.572 0.000 1.308 1.140 1.098 11.056 19.038 0.000 0.000 0.000 0.000 0.000 0.000 0.000 0.000
34.472 35.445 35.419 36.388 17.334 0.000 4.306 32.338 35.335 35.319 35.306 33.299 57.297 41.297 0.000 0.000 0.000 21.293 38.293 32.294 33.295 34.295 34.295 34.294 34.293 45.292 0.000 0.000 13.066 66.008 75.918 0.000 79.582 69.813 82.545 44.634 58.281 54.928 44.801 41.609 38.263 23.098 0.000 0.000 0.000 0.000 0.000 0.000 0.000 4.148 2.170 2.157 2.131 2.091 3.040 8.982 16.917 16.853 16.795 20.750 0.000 1.526 1.438 0.294 6.168 23.120 6.079 0.010 0.001 0.000 0.000 0.000 0.000 0.000 18.339
35.537 35.517 35.500 38.489 0.000 0.000 0.000 30.425 35.410 37.388 35.380 34.375 52.372 48.371 0.000 0.000 0.000 0.000 29.291 32.291 34.291 34.292 34.292 34.291 36.291 22.291 0.000 0.000 63.221 66.175 77.107 83.021 77.027 75.038 82.627 65.682 68.389 53.233 46.140 39.068 0.000 0.000 0.000 0.000 0.000 0.000 0.000 0.000 0.000 0.000 5.262 2.221 2.201 2.164 2.114 2.056 1.976 8.900 16.843 4.793 1.739 1.603 1.453 4.305 17.236 17.178 0.000 0.011 0.031 0.000 0.000 4.905 0.000 1.184 0.000
35.602 35.588 35.578 35.579 39.611 40.612 40.589 36.528 36.494 16.444 33.450 34.449 50.446 49.444 0.000 0.000 0.000 0.000 28.289 34.289 34.289 34.289 34.289 34.289 22.290 0.000 0.000 0.000 68.423 74.367 77.284 77.238 76.285 82.733 75.161 77.884 72.574 57.517 47.458 46.454 46.589 0.000 0.000 0.000 0.000 0.000 0.000 0.000 0.000 0.000 20.384 1.357 2.300 2.254 2.199 3.138 2.022 1.946 1.889 1.829 1.760 1.658 0.472 6.324 21.296 0.000 0.187 0.068 0.058 0.000 0.000 6.932 0.278 4.226 0.000
35.666 35.655 35.644 35.639 35.642 35.638 35.626 35.607 39.594 0.000 26.528 35.525 51.520 46.517 0.000 0.000 0.000 0.000 33.288 36.288 36.288 36.288 34.288 37.288 0.000 0.000 0.000 60.828 66.681 77.584 77.467 77.573 75.606 82.942 76.298 80.945 76.837 77.772 65.723 53.704 42.723 37.723 39.722 0.000 0.000 0.000 0.000 5.647 6.648 4.625 10.526 20.503 2.423 3.351 12.287 19.231 1.116 1.979 1.931 1.867 1.790 0.638 5.421 24.366 18.327 7.310 0.121 0.088 0.039 0.026 0.155 0.660 0.642 0.546 0.000
35.732 35.721 35.707 35.691 35.680 38.672 36.672 35.680 39.681 0.000 26.611 35.603 52.593 44.587 0.000 0.000 0.000 0.000 6.287 16.287 15.287 15.287 36.287 21.287 0.000 0.000 0.000 62.976 72.890 77.794 77.750 76.850 83.637 83.313 77.367 78.211 77.069 77.012 77.958 68.914 33.878 0.000 0.000 0.000 0.000 0.000 0.000 0.000 1.674 2.700 1.690 8.611 22.522 5.433 3.360 13.300 1.184 2.031 1.979 1.907 1.783 1.602 9.456 22.393 9.335 21.299 0.000 0.005 0.016 0.022 2.275 1.068 0.894 0.768 0.000
35.801 35.792 35.772 38.740 40.716 12.699 33.710 36.759 38.772 0.000 29.702 34.684 46.663 44.651 0.000 0.000 0.000 0.000 0.000 0.000 0.000 0.000 17.286 0.000 0.000 0.000 11.349 61.209 78.109 77.991 78.108 76.194 83.924 75.959 81.663 77.357 77.310 77.243 77.183 67.118 27.998 0.000 0.000 0.000 0.000 0.000 0.000 0.000 0.000 1.970 2.940 2.773 6.619 22.501 5.421 2.348 2.239 2.109 2.038 1.970 0.000 5.573 24.497 5.415 4.321 18.252 2.186 0.042 0.022 0.034 2.326 1.209 0.973 1.777 3.752
35.877 35.874 37.852 13.779 15.748 0.000 0.000 31.876 35.875 39.879 35.812 38.767 43.726 48.705 0.000 0.000 0.000 0.000 0.000 0.000 0.000 0.000 0.000 0.000 0.000 0.000 70.488 72.407 78.315 78.276 77.399 84.433 84.189 77.023 77.735 77.604 77.534 77.470 76.415 56.375 0.000 0.000 0.000 0.000 0.000 0.000 0.000 0.000 0.000 9.251 6.193 2.096 1.763 3.533 20.474 9.416 1.296 2.144 2.088 0.958 5.699 7.625 6.546 3.448 1.203 1.011 0.695 0.234 0.136 1.515 2.415 4.364 0.233 0.000 0.000
35.961 35.974 40.983 0.000 0.000 2.263 0.000 27.995 36.976 34.949 36.901 48.848 20.770 14.737 0.000 0.000 0.000 0.000 0.000 0.000 0.000 0.000 0.000 0.000 0.000 57.842 62.710 76.616 78.503 78.638 76.740 84.655 76.527 78.198 77.889 77.828 77.752 77.687 69.632 46.594 0.000 0.000 0.000 0.000 0.000 0.000 0.000 0.000 0.000 13.452 8.455 2.474 0.469 2.539 2.527 18.470 11.342 2.195 3.111 0.958 7.741 7.682 4.614 0.000 0.797 0.497 0.325 0.262 0.824 2.568 5.515 0.000 0.000 0.000 0.000
35.049 35.079 38.123 8.217 5.260 37.264 42.226 36.134 34.084 41.041 50.996 53.955 0.000 0.000 0.000 0.000 0.000 0.000 0.000 0.000 0.000 0.000 0.000 0.000 0.000 59.974 67.897 77.806 78.801 77.845 85.060 84.864 77.556 78.257 78.117 78.037 77.963 77.895 59.831 41.775 0.000 0.000 0.000 0.000 0.000 0.000 0.000 0.000 0.000 11.649 9.702 9.782 6.874 0.001 1.317 1.878 17.348 17.212 14.092 10.953 3.814 2.748 0.000 0.000 0.291 0.252 0.357 1.775 1.716 2.632 1.611 0.000 0.000 0.000 0.000
49.132 47.171 44.216 45.269 45.301 42.306 43.282 45.233 45.185 51.138 53.087 11.020 0.000 0.000 0.000 0.000 0.000 0.000 0.000 0.000 0.000 0.000 0.000 0.000 6.319 61.185 78.089 79.004 78.960 78.195 85.241 77.034 78.704 78.390 78.323 78.240 78.167 76.099 58.024 28.899 0.000 0.000 0.000 0.000 0.000 0.000 0.000 0.000 0.000 2.049 5.923 8.982 10.002 9.029 5.960 1.880 0.000 0.000 0.000 0.000 0.000 0.000 0.000 0.000 0.115 0.234 2.779 1.749 2.707 5.667 1.649 0.000 0.000 0.000 0.000
48.214 50.257 52.300 51.341 50.369 48.377 46.364 46.331 47.287 43.237 43.195 0.000 0.000 0.000 0.000 0.000 0.000 0.000 0.000 0.000 0.000 0.000 0.000 47.545 70.453 69.357 78.274 79.171 79.307 77.420 85.407 79.124 78.726 78.601 78.515 78.437 78.367 74.309 54.268 0.000 0.000 0.000 0.000 0.000 0.000 0.000 0.000 0.000 9.654 4.531 1.387 3.224 8.121 10.126 10.121 11.178 2.271 0.000 0.000 0.000 0.000 0.000 0.000 0.000 0.073 3.759 1.751 1.730 1.704 2.680 1.666 1.666 0.000 0.000 0.000
36.295 43.343 52.388 58.429 46.458 40.471 35.465 33.440 32.395 38.330 17.262 0.000 0.000 0.000 0.000 0.000 0.000 0.000 0.000 0.000 0.000 0.000 0.000 53.639 69.589 77.521 79.447 79.426 78.567 85.698 85.560 81.140 78.944 78.781 78.703 78.625 78.557 73.503 48.470 0.000 0.000 0.000 0.000 0.000 0.000 0.000 0.000 9.878 4.777 4.687 4.628 3.519 0.490 5.231 9.220 10.291 7.353 0.000 0.000 0.000 0.000 0.000 0.000 0.000 0.083 1.746 1.737 1.718 1.700 1.684 1.673 1.669 0.000 0.000 0.000
38.378 43.431 45.482 48.527 38.563 34.585 35.588 35.569 37.524 15.426 0.000 0.000 0.000 0.000 0.000 0.000 0.000 0.000 0.000 0.000 0.000 0.000 0.000 39.781 68.745 78.691 79.606 79.751 77.876 85.824 78.689 80.359 79.039 78.971 78.882 78.803 78.732 69.675 42.640 0.000 0.000 0.000 0.000 0.000 0.000 0.000 9.074 4.979 4.890 4.813 4.754 4.708 4.731 1.666 0.603 3.412 10.499 10.581 0.000 0.000 0.000 0.000 0.000 0.000 1.728 0.729 0.722 1.708 1.697 1.684 1.676 0.667 0.000 0.000 0.000
36.462 37.523 35.582 34.637 35.684 34.717 34.733 34.727 39.704 0.000 0.000 0.000 0.000 0.000 0.000 0.000 0.000 0.000 0.000 0.000 0.000 0.000 0.000 47.961 76.920 79.863 79.855 79.005 86.050 85.942 81.684 79.383 79.237 79.146 79.057 78.972 79.894 59.825 47.777 0.000 0.000 8.629 0.000 8.420 10.374 10.291 5.169 5.073 4.992 4.922 4.867 4.829 4.817 4.814 3.818 0.720 9.649 10.663 3.663 0.000 0.000 0.000 0.000 0.000 0.000 0.000 0.000 0.000 0.000 0.671 0.668 0.000 0.000 0.000 0.000
35.547 35.617 35.687 34.755 34.818 34.869 34.901 33.900 41.864 0.000 0.000 0.000 0.000 0.000 0.000 0.000 0.000 0.000 0.000 0.000 0.000 0.000 32.310 68.182 79.110 80.023 80.188 78.304 86.146 79.136 80.809 79.492 79.416 79.319 79.227 79.136 80.047 51.954 29.865 0.000 0.000 4.629 0.000 3.467 5.411 5.330 5.238 5.155 5.081 5.017 4.963 4.923 4.897 4.878 2.860 4.837 10.776 7.759 0.000 0.000 0.000 0.000 0.000 0.000 0.000 0.000 0.000 0.000 0.000 0.000 0.000 0.000 0.000 0.000 0.000
33.632 33.712 33.794 33.879 33.963 35.042 37.102 39.111 13.987 0.000 0.000 0.000 0.000 0.000 0.000 0.000 0.000 0.000 0.000 0.000 0.000 2.526 43.438 74.352 80.276 80.294 79.349 86.307 86.232 82.126 79.831 79.681 79.586 79.489 79.394 79.300 75.204 22.079 0.000 0.000 0.000 4.630 10.631 5.569 5.473 5.381 5.299 5.227 5.161 5.100 5.047 5.004 4.970 4.941 1.918 10.891 10.859 6.839 0.000 0.000 0.000 0.000 0.000 0.000 0.000 0.000 0.000 0.000 0.000 0.000 0.000 0.000 0.000 0.000 0.000
37.715 41.805 44.901 49.004 51.116 54.234 53.354 45.456 0.000 0.000 20.133 0.000 0.000 0.000 0.000 0.000 0.000 29.781 56.788 0.000 0.000 36.614 69.565 79.504 80.446 80.415 79.671 86.369 78.564 80.251 79.933 79.856 79.756 79.659 79.562 80.466 67.391 0.000 0.000 0.000 0.000 0.000 4.694 5.706 7.534 7.421 5.349 5.294 5.235 5.177 5.122 5.076 5.037 2.007 6.979 9.952 10.930 1.926 0.000 0.000 0.000 0.000 0.000 0.000 0.000 0.000 0.000 0.000 0.000 0.000 0.000 0.000 0.000 0.000 0.000
42.793 51.892 53.001 52.123 51.262 50.424 47.624 41.903 17.410 34.812 53.134 22.368 6.493 0.000 0.000 0.000 0.731 39.774 53.796 0.000 11.819 53.751 78.704 81.662 80.562 80.824 78.835 86.418 80.552 80.268 80.119 80.024 79.927 79.829 79.727 81.613 25.502 0.000 0.000 0.000 0.000 0.000 1.091 7.030 0.000 0.000 4.383 5.364 5.311 5.249 5.190 5.139 4.097 2.062 11.033 11.008 7.984 1.994 8.018 0.000 0.000 0.000 0.000 0.000 0.000 0.000 0.000 0.000 0.000 0.000 0.000 0.000 0.000 0.000 0.000
39.864 42.969 42.088 40.225 38.385 36.578 34.817 35.123 44.514 46.892 44.223 41.477 45.619 0.000 0.000 0.000 40.682 70.755 21.825 17.884 51.887 75.869 80.846 80.791 80.982 78.995 86.482 78.959 80.678 80.364 80.290 80.193 80.098 80.004 82.904 39.758 0.000 0.000 0.000 0.000 0.000 0.000 3.417 8.333 0.000 0.000 1.532 5.468 5.395 5.319 5.251 5.195 2.148 10.111 11.082 10.062 1.048 5.039 5.042 0.000 0.000 0.000 0.000 0.000 0.000 0.000 0.000 0.000 0.000 0.000 0.000 0.000 0.000 0.000 0.000
36.925 36.033 36.158 37.304 37.476 37.686 35.943 37.260 42.633 46.021 42.389 37.698 40.889 0.000 0.000 0.000 32.600 42.740 20.866 53.939 68.977 77.992 80.992 81.022 80.199 86.885 86.623 79.958 80.690 80.547 80.456 80.362 80.270 80.185 83.126 0.000 0.000 0.000 7.427 0.000 0.000 4.571 7.571 6.554 13.602 0.000 1.782 5.608 5.484 5.381 5.301 3.240 5.192 11.153 11.123 3.104 4.095 5.077 5.068 0.000 0.000 0.000 0.000 0.000 0.000 0.000 0.000 0.000 0.000 0.000 0.000 0.000 0.000 0.000 0.000
36.974 37.083 37.208 37.356 37.532 36.746 36.011 40.341 44.737 45.171 40.616 37.037 42.349 0.000 0.000 0.000 28.377 0.000 44.961 69.030 75.090 81.136 81.111 81.429 79.504 87.115 79.388 81.102 80.789 80.719 80.624 80.530 80.435 87.340 71.290 0.000 0.000 44.428 30.427 0.000 0.000 0.000 7.743 6.709 6.651 12.499 10.200 8.798 5.552 5.419 5.334 2.272 10.225 11.187 7.154 2.135 5.121 5.106 7.087 11.087 0.000 0.000 0.000 0.000 0.000 0.000 0.000 0.000 0.000 0.000 0.000 0.000 0.000 0.000 0.000
37.010 37.115 37.237 37.380 36.550 35.756 38.016 42.354 45.805 42.310 37.868 37.486 41.123 24.050 11.751 13.373 10.155 11.717 51.988 73.129 79.226 81.268 81.543 79.655 87.510 87.323 80.407 81.121 80.975 80.884 80.792 80.701 85.600 28.448 43.406 13.424 44.428 52.429 0.000 0.000 0.000 0.000 7.948 6.890 6.794 16.647 27.469 1.028 10.507 6.410 3.342 5.291 11.249 10.217 1.186 4.161 5.149 5.141 0.000 0.000 0.000 0.000 0.000 0.000 0.000 0.000 0.000 0.000 0.000 0.000 0.000 0.000 0.000 0.000 0.000
37.033 37.132 37.246 37.378 35.532 35.714 39.941 47.257 48.819 45.396 41.060 39.916 40.607 43.277 43.831 53.211 0.000 30.008 68.143 75.276 81.386 81.514 80.787 87.843 87.682 80.777 81.558 81.220 81.146 81.050 80.961 80.880 88.817 0.000 26.460 28.439 18.432 20.430 0.000 0.000 0.000 2.412 8.213 7.108 12.987 28.826 5.647 0.000 0.000 4.372 2.336 10.299 11.265 7.233 4.209 5.187 5.174 7.167 0.000 0.000 0.000 0.000 0.000 0.000 0.000 0.000 0.000 0.000 0.000 0.000 0.000 0.000 0.000 0.000 0.000
37.043 37.135 37.239 36.355 35.485 37.628 44.780 21.914 0.000 0.000 0.000 27.513 45.111 40.621 44.085 25.431 0.000 35.164 73.301 79.453 81.532 81.946 80.112 87.991 81.125 81.902 81.470 81.410 81.305 81.212 81.123 82.042 79.970 1.840 1.679 0.000 0.000 0.000 0.000 0.000 1.736 9.573 7.449 6.342 26.221 30.023 0.000 0.000 0.000 0.365 6.329 11.304 11.278 1.247 5.221 5.204 5.193 8.187 0.000 0.000 0.000 0.000 0.000 0.000 0.000 0.000 0.000 0.000 0.000 0.000 0.000 0.000 0.000 0.000 0.000
37.044 37.127 36.219 35.319 37.426 40.535 48.635 7.705 0.000 0.000 0.000 0.000 27.703 43.012 44.455 30.999 33.720 60.183 77.452 81.619 81.999 80.207 88.252 88.128 82.119 81.814 81.665 81.561 81.463 81.368 81.277 84.193 69.130 0.000 0.000 0.000 0.000 0.000 0.000 0.000 1.865 8.761 7.670 5.590 33.531 0.000 0.000 0.000 6.430 11.392 11.346 11.312 9.283 4.257 5.234 5.217 5.206 7.201 0.000 11.209 0.000 0.000 0.000 0.000 0.000 0.000 0.000 0.000 0.000 0.000 0.000 0.000 0.000 0.000 0.000
37.036 37.110 36.191 35.277 39.366 43.452 47.523 5.566 0.000 0.000 0.000 0.000 7.987 51.270 46.726 53.388 66.980 76.397 80.673 81.926 81.285 88.472 88.366 81.473 82.247 81.904 81.819 81.714 81.615 81.520 85.426 48.325 20.227 0.000 0.000 0.000 0.000 0.000 0.000 4.320 9.154 7.977 9.880 6.818 30.783 0.000 0.000 1.743 8.468 24.402 13.352 10.315 6.285 4.261 4.240 5.225 5.215 5.210 10.210 6.209 0.000 0.000 0.000 0.000 0.000 0.000 0.000 0.000 0.000 0.000 0.000 0.000 0.000 0.000 0.000
37.022 37.088 35.159 37.234 43.310 44.383 42.440 29.471 0.000 0.000 0.000 0.000 0.000 4.357 1.208 41.846 73.415 77.752 81.959 82.347 80.660 88.569 80.806 82.583 82.146 82.078 83.964 82.861 81.765 81.673 87.581 10.452 0.000 0.000 0.000 0.000 0.000 0.000 24.632 24.486 12.300 9.111 20.057 15.019 15.999 0.000 0.000 1.085 4.482 15.396 11.347 15.311 9.283 12.260 11.242 8.228 5.219 4.213 4.211 10.210 0.000 0.000 0.000 0.000 0.000 0.000 0.000 0.000 0.000 0.000 0.000 0.000 0.000 0.000 0.000
