results1/res_4e8f-0145.wd
ncols         241
nrows         181
xllcorner     12693529.787448
yllcorner     3542525.717860
cellsize      155.156523
NODATA_value  -9999.000000
[rows 33 to 65 of 181, columns 73 to 145 of 241]
0.000 0.000 0.000 0.000 0.000 0.000 0.000 0.000 0.000 0.000 0.000 0.000 0.000 0.000 0.000 0.000 0.000 0.000 0.000 0.000 0.000 0.000 0.000 0.000 0.000 0.000 0.000 0.000 0.000 0.000 0.000 0.000 0.000 0.000 0.000 0.000 0.000 0.000 0.000 38.766 61.767 66.769 22.772 0.000 0.000 31.850 45.879 12.858 3.859 35.881 38.897 32.896 33.878 34.844 34.793 34.723 34.634 33.522 39.374 59.143 5.673 13.817 11.116 46.296 62.762 67.290 65.850 66.453 64.992 67.082 62.141 61.744 61.736
0.000 0.000 0.000 0.000 0.000 0.000 0.000 0.000 0.000 0.000 0.000 0.000 0.000 0.000 0.000 0.000 0.000 0.000 0.000 0.000 0.000 0.000 0.000 0.000 0.000 0.000 0.000 0.000 0.000 0.000 0.000 0.000 0.000 0.000 0.000 0.000 0.000 0.000 0.000 0.000 13.768 8.769 0.000 0.000 0.000 0.000 27.970 0.000 0.000 25.922 49.964 48.968 38.952 34.917 34.863 34.787 34.692 33.578 55.449 53.296 0.000 36.662 49.236 62.674 67.161 66.686 66.258 65.768 66.832 62.852 62.143 62.397 64.701
0.000 0.000 0.000 0.000 0.000 0.000 0.000 0.000 0.000 0.000 0.000 0.000 0.000 0.000 0.000 0.000 0.000 0.000 34.359 66.359 19.359 0.000 0.000 0.000 0.000 0.000 0.000 0.000 0.000 0.000 0.000 0.000 0.000 0.000 0.000 0.000 0.000 0.000 0.000 0.000 0.000 0.000 0.000 0.000 0.000 0.000 20.061 0.000 0.000 0.000 28.066 46.061 46.045 37.010 34.954 34.872 32.768 48.650 57.546 0.000 22.316 46.931 61.493 68.005 67.517 67.066 66.549 68.584 64.572 62.669 63.067 65.394 64.642
0.000 0.000 0.000 0.000 0.000 0.000 0.000 0.000 0.000 0.000 0.000 21.361 59.361 0.000 0.000 0.000 0.000 0.000 41.359 92.359 48.359 0.000 0.000 0.000 0.000 0.000 0.000 0.000 0.000 0.000 0.000 0.000 0.000 0.000 0.000 0.000 0.000 0.000 0.000 0.000 0.000 0.000 0.000 0.000 0.000 0.000 23.152 24.193 31.212 17.210 27.174 35.166 48.155 39.126 35.069 31.979 42.858 52.709 41.539 17.219 46.702 64.254 68.802 68.328 67.869 67.332 67.339 66.303 63.307 63.753 66.093 65.346 65.115
0.000 0.000 0.000 0.000 0.000 0.000 0.000 0.000 0.000 0.000 0.000 42.361 77.361 66.361 53.361 8.361 2.360 26.360 80.360 88.359 53.359 0.000 0.000 0.000 0.000 22.230 1.230 0.000 0.000 0.000 0.000 0.000 0.000 0.000 0.000 0.000 0.000 6.235 0.000 0.000 0.000 10.235 28.235 0.000 0.000 39.214 54.202 57.216 55.232 41.245 35.255 34.273 48.283 39.270 31.218 45.117 58.975 46.789 34.684 49.415 54.017 66.583 69.125 68.668 68.119 68.101 66.047 64.057 64.459 66.804 66.064 65.835 65.505
0.000 0.000 0.000 0.000 0.000 0.000 0.000 0.000 0.000 0.000 0.000 13.361 75.361 58.361 39.361 1.361 22.361 72.360 83.360 90.359 49.359 0.000 0.000 0.000 0.000 60.230 44.230 0.000 0.000 0.000 0.000 0.000 0.000 0.000 0.000 0.000 23.235 35.235 37.235 0.000 0.000 19.236 44.235 23.234 37.232 60.227 63.226 64.236 61.255 48.283 35.327 32.388 49.436 40.452 44.415 62.295 56.135 0.000 32.992 51.740 64.367 69.933 69.479 68.922 68.878 66.812 64.934 65.188 67.534 66.801 66.576 66.245 65.916
0.000 0.000 0.000 0.000 0.000 0.000 0.000 0.000 0.000 0.000 0.000 0.000 0.000 26.361 64.361 60.361 48.361 61.361 81.360 92.359 45.358 0.000 0.000 0.000 0.000 22.230 46.230 48.230 0.000 0.000 0.000 0.000 0.000 0.000 0.000 0.000 39.235 40.235 52.236 35.236 24.236 38.236 39.236 35.236 42.235 49.235 47.238 40.249 59.268 25.305 41.383 44.516 34.619 46.689 59.695 56.515 0.000 7.977 44.552 61.187 69.781 70.318 69.765 69.691 66.617 65.979 65.951 68.285 67.560 67.342 67.015 66.683 66.330
0.000 0.000 0.000 0.000 0.000 0.000 0.000 0.000 0.000 0.000 0.000 0.000 0.000 16.361 83.362 78.362 68.362 58.361 82.360 90.359 85.356 70.353 25.351 0.000 0.000 0.000 2.230 56.230 40.231 38.231 49.231 44.231 7.231 0.000 0.000 3.235 39.235 38.235 59.236 65.236 54.236 46.236 38.237 35.237 36.238 37.240 36.244 34.252 42.265 3.285 0.000 3.675 39.834 62.990 61.162 0.679 6.727 44.402 58.050 67.684 71.218 70.776 71.550 67.499 67.271 66.765 69.067 68.345 68.129 67.811 67.489 67.139 66.754
0.000 0.000 0.000 0.000 0.000 0.000 0.000 0.000 0.000 0.000 0.000 0.000 0.000 0.000 16.362 55.362 30.363 66.363 85.361 90.359 88.356 86.352 75.348 34.345 0.000 0.000 0.000 12.231 51.231 51.231 64.231 62.231 55.231 50.232 0.000 0.000 6.235 43.235 62.236 69.236 61.236 45.237 34.238 35.238 35.240 35.242 35.246 35.250 39.255 0.000 0.000 0.000 10.054 47.273 16.776 14.127 49.061 53.852 65.583 72.182 72.029 70.265 68.588 68.938 67.667 69.900 69.164 68.939 68.622 68.313 67.987 67.628 67.205
0.000 0.000 0.000 0.000 0.000 0.000 0.000 0.000 0.000 0.000 0.000 0.000 0.000 0.000 0.000 1.364 87.365 87.365 89.364 89.361 88.356 82.351 76.345 47.342 0.000 0.000 0.000 0.000 0.000 19.231 64.231 58.231 73.232 70.232 49.233 28.234 29.235 38.235 60.236 69.236 60.237 43.237 33.238 38.239 37.241 35.243 35.246 35.249 36.251 28.250 0.000 0.000 0.000 0.000 8.541 51.601 54.534 62.386 73.104 73.212 71.569 73.450 71.185 68.716 70.816 70.038 69.781 69.447 69.137 68.829 68.518 68.181 66.749
0.000 0.000 0.000 0.000 0.000 0.000 22.302 45.299 0.000 23.243 63.233 52.221 56.210 31.204 0.000 0.000 23.367 95.368 89.368 86.364 83.357 86.349 77.341 40.336 0.000 0.000 0.000 0.000 0.000 0.000 0.000 8.231 62.232 63.232 14.232 0.000 5.235 42.235 60.236 65.236 55.237 46.237 44.238 6.240 13.241 41.244 35.246 35.248 36.249 42.249 50.249 12.249 0.000 0.000 24.245 57.204 61.100 71.908 74.121 73.753 77.041 75.614 70.071 71.863 70.994 70.671 70.297 69.963 69.646 69.348 69.073 68.831 74.653
0.000 0.000 0.000 0.000 0.000 0.000 22.304 65.296 7.277 57.253 59.235 71.219 54.206 39.198 0.000 0.000 11.369 80.371 92.377 89.372 89.360 90.346 84.333 38.324 0.000 0.000 0.000 0.000 0.000 0.000 0.000 0.000 0.000 47.232 6.232 0.000 1.235 48.236 45.236 57.236 14.236 0.000 0.000 0.000 0.000 7.245 45.246 39.247 2.248 32.249 66.249 49.249 2.249 0.000 29.000 62.841 71.744 74.864 74.620 78.800 78.056 71.438 72.990 72.025 71.614 71.182 70.804 70.456 70.135 69.845 69.596 69.417 74.379
20.579 64.574 54.570 0.000 0.000 0.000 16.315 76.304 52.283 54.258 60.235 84.214 85.197 80.183 34.169 0.000 0.000 0.000 40.396 94.385 89.366 90.343 87.320 46.305 0.000 0.000 0.000 0.000 0.000 0.000 0.000 0.000 0.000 5.232 0.000 0.000 0.000 0.000 0.000 0.000 0.000 0.000 0.000 0.000 0.000 0.000 0.000 20.248 17.248 0.000 0.000 0.000 0.000 18.412 55.828 72.781 74.458 75.391 79.743 79.351 72.473 74.020 73.046 72.578 72.091 71.666 71.278 70.921 70.594 70.300 70.049 69.863 72.791
20.579 76.573 58.566 54.558 0.000 0.000 3.338 68.322 70.292 70.261 82.231 79.207 91.185 90.168 51.156 0.000 0.000 0.000 16.425 96.406 89.376 90.339 87.301 47.269 0.000 0.000 7.848 55.812 67.772 36.745 0.000 0.000 0.000 0.000 0.000 0.000 0.000 0.000 0.000 0.000 0.000 0.000 0.000 0.000 0.000 0.000 0.000 0.000 5.248 0.000 0.000 0.000 16.377 56.884 73.844 74.426 80.654 80.145 73.751 74.308 74.802 73.976 73.499 72.990 72.533 72.110 71.720 71.357 71.021 70.713 70.435 77.195 17.993
84.582 81.574 60.564 61.550 53.532 0.476 58.377 53.353 61.302 74.262 78.223 89.196 90.170 89.147 58.130 0.000 0.000 0.000 15.474 95.439 89.391 90.336 85.275 65.203 49.089 49.985 49.885 57.816 78.759 45.719 0.000 0.000 0.000 0.000 0.000 0.000 0.000 0.000 0.000 0.000 0.000 0.000 0.000 0.000 0.000 0.000 0.000 0.000 0.000 0.000 14.468 45.245 54.753 73.739 75.329 81.998 81.404 74.301 76.017 75.346 74.799 74.336 73.842 73.378 72.937 72.523 72.133 71.767 71.420 71.094 77.785 23.490 0.000
81.586 76.577 74.564 57.546 61.520 61.481 52.433 45.411 0.000 0.000 20.203 79.184 90.152 88.122 73.086 40.035 0.000 2.643 64.557 85.486 90.414 89.340 90.262 80.177 56.079 52.982 51.889 60.807 78.731 61.651 47.541 48.455 52.392 63.352 27.337 0.000 0.000 0.000 0.000 0.000 0.000 0.000 0.000 0.000 0.000 0.000 0.000 0.000 0.000 0.000 25.669 65.509 73.455 76.103 82.878 82.482 75.027 76.692 75.910 75.534 75.087 74.629 74.177 73.737 73.314 72.910 72.525 72.155 71.800 77.457 24.121 0.000 0.000
70.593 22.582 90.569 61.551 55.521 56.491 58.463 58.448 47.452 0.000 0.000 0.171 24.131 95.104 85.056 62.985 54.867 61.730 60.626 62.533 70.440 71.347 58.255 55.163 53.069 52.975 51.883 60.793 75.705 54.614 51.518 56.433 72.367 75.329 60.321 34.321 0.000 0.000 0.000 0.000 0.000 0.000 0.000 0.000 0.000 0.000 0.000 0.000 0.000 16.508 58.354 73.965 76.805 83.442 83.198 75.725 77.366 76.578 76.217 75.785 75.356 74.926 74.498 74.080 73.673 73.280 72.899 72.530 78.169 23.813 0.000 0.000 0.000
16.600 89.591 90.580 76.569 0.000 3.498 63.480 59.464 70.456 61.452 0.000 0.190 3.138 83.104 80.052 64.980 55.887 52.782 52.683 55.581 68.466 76.354 79.247 72.151 62.059 54.967 53.873 69.778 72.681 47.583 51.483 51.391 52.316 56.274 35.298 0.000 0.000 0.000 5.853 0.000 0.000 0.000 0.000 0.000 0.000 0.000 0.000 19.729 51.400 59.258 72.773 84.101 83.715 76.782 77.375 77.940 77.248 76.881 76.456 76.044 75.630 75.218 74.810 74.410 74.019 73.637 74.263 80.896 24.532 0.000 0.000 0.000 0.000
94.608 90.600 90.590 90.577 77.556 60.523 60.497 60.474 51.456 0.411 17.284 24.241 76.178 73.124 76.066 68.997 69.917 69.831 69.742 72.641 67.488 67.357 69.228 73.136 74.049 71.959 67.865 78.765 76.660 64.552 65.441 65.332 67.231 42.155 0.000 0.000 0.000 0.000 6.853 0.000 0.000 0.000 0.000 0.000 0.000 6.590 54.376 54.947 75.964 76.523 85.171 84.690 79.271 78.986 78.372 77.903 77.522 77.108 76.705 76.302 75.902 75.506 75.115 74.732 74.355 74.985 78.620 11.258 0.000 0.000 0.000 0.000 0.000
93.616 89.611 89.604 90.591 87.570 65.541 59.510 60.478 61.442 53.387 2.320 68.265 65.206 66.150 67.090 62.025 65.954 70.882 78.812 63.755 0.000 0.000 14.172 72.117 68.041 67.957 67.862 67.757 67.643 67.523 67.397 67.264 65.122 59.960 32.745 0.000 8.382 52.157 58.853 70.541 40.299 0.000 0.000 0.000 0.642 55.782 66.586 78.516 79.155 85.908 85.572 79.923 79.598 78.861 78.529 78.138 77.739 77.343 76.949 76.558 76.170 75.788 75.413 75.046 75.685 78.329 25.974 0.000 0.000 0.000 0.000 0.000 0.000
79.623 79.624 79.624 90.613 90.591 80.560 56.524 59.486 60.446 60.398 66.345 75.291 59.234 56.178 54.120 61.058 75.994 74.930 59.869 39.812 0.000 0.000 0.000 0.166 57.041 51.967 51.869 51.756 51.633 52.500 55.359 56.206 56.032 54.819 55.529 54.083 53.606 62.238 68.861 66.471 73.057 70.509 64.995 62.484 64.865 76.462 79.973 79.766 86.400 86.184 80.564 80.216 79.465 79.136 78.739 78.351 77.962 77.575 77.191 76.810 76.433 76.063 75.704 76.355 77.011 15.670 0.000 0.000 0.000 0.000 0.000 0.000 0.000
0.000 45.639 57.654 85.645 89.622 70.586 53.540 52.496 60.456 60.416 59.370 53.319 54.261 60.208 77.153 76.094 59.033 51.976 41.923 0.000 61.516 70.457 66.367 67.252 70.113 73.002 71.890 72.767 75.631 74.486 71.335 73.169 67.981 53.754 57.471 56.114 60.722 78.326 84.881 81.424 74.951 69.472 71.013 77.476 82.327 80.749 87.004 86.653 80.553 82.161 80.745 80.082 79.740 79.340 78.953 78.566 78.182 77.803 77.430 77.059 76.689 77.326 74.985 70.657 22.334 0.000 0.000 0.000 0.000 0.000 0.000 0.000 0.000
0.000 0.000 50.707 69.693 80.666 55.620 47.554 54.502 52.468 59.438 60.403 60.352 53.285 70.241 62.190 51.131 54.069 46.018 0.000 70.661 73.575 73.489 75.391 76.279 79.156 83.039 81.921 81.791 81.638 83.479 84.323 82.156 69.967 55.746 57.486 57.181 56.841 59.464 32.913 5.395 94.846 136.437 113.969 79.901 81.418 87.975 87.535 81.003 83.730 81.144 80.699 80.339 79.942 79.553 79.164 78.777 78.397 78.027 77.665 77.306 78.939 73.568 62.253 16.955 0.000 0.000 0.000 0.000 0.000 0.000 0.000 0.000 44.154
2.954 0.000 5.775 26.753 61.729 43.675 0.000 49.490 54.477 54.465 60.450 49.401 0.000 54.283 52.235 54.169 55.095 65.010 78.893 75.747 77.635 83.533 93.428 137.316 134.193 134.077 133.965 133.840 134.649 118.470 50.323 53.165 50.985 58.778 57.545 54.283 51.997 33.776 0.000 0.000 3.619 61.331 78.345 82.942 88.670 88.350 80.605 82.304 81.601 81.295 80.925 80.541 80.155 79.764 79.372 78.982 78.603 78.243 78.899 77.559 69.192 57.755 15.504 0.000 0.000 0.000 0.000 0.000 0.000 0.000 0.454 35.349 56.256
76.953 24.927 13.865 76.814 54.824 0.000 0.000 0.000 48.486 61.494 53.533 0.000 6.456 62.372 53.297 64.218 77.131 77.033 81.921 84.799 77.685 63.578 54.473 50.365 48.223 51.111 52.022 38.953 0.000 55.428 52.334 51.196 55.028 58.838 55.633 47.407 54.090 34.866 0.000 0.903 56.598 73.628 83.359 89.162 88.941 81.190 82.875 82.170 81.875 81.504 81.134 80.755 80.369 79.978 79.579 79.175 78.791 79.442 75.129 63.841 20.517 0.000 0.000 0.000 0.000 0.000 0.000 0.000 0.000 0.000 3.522 53.436 52.351
86.972 94.962 82.945 0.000 11.929 6.034 1.084 0.092 0.000 0.000 57.653 55.635 63.540 60.451 60.364 60.273 77.177 91.072 79.959 59.843 57.729 52.622 54.523 45.446 0.000 57.123 54.059 42.998 0.000 56.481 51.389 52.257 59.095 56.911 54.744 36.622 0.000 1.392 53.251 51.064 67.852 83.770 89.438 82.127 82.693 83.351 82.746 82.450 82.086 81.725 81.354 80.974 80.589 80.199 79.791 80.347 79.945 69.604 54.333 17.158 0.000 0.000 0.000 0.000 0.000 0.000 0.000 1.840 28.803 27.729 42.614 54.522 42.439
77.000 81.005 71.008 0.000 0.000 71.121 64.127 58.103 2.048 9.927 75.793 72.710 59.620 60.528 60.434 61.336 82.230 134.119 127.002 73.883 128.767 49.656 53.551 53.450 55.335 53.198 53.093 52.982 54.826 50.625 50.485 59.347 58.183 54.968 49.809 38.716 0.000 0.206 55.310 62.157 84.165 83.053 89.795 83.173 83.759 83.307 83.016 82.668 82.317 81.954 81.582 81.200 80.814 80.437 82.041 77.476 59.039 45.695 47.443 13.301 0.000 0.000 0.000 0.000 0.000 0.000 0.000 1.877 37.840 42.771 56.684 50.600 40.521
73.030 68.051 12.072 0.000 2.242 54.202 63.175 60.135 78.072 71.981 76.882 84.792 75.702 60.608 60.509 60.404 59.291 53.171 48.046 52.921 49.800 53.685 53.575 53.468 53.358 53.242 53.131 53.012 51.871 56.710 58.578 59.462 43.323 0.000 42.809 0.000 0.000 0.104 59.489 81.417 85.427 90.783 90.323 83.266 83.917 83.558 83.243 82.907 82.557 82.193 81.819 81.431 81.030 79.693 41.462 0.000 0.000 0.000 0.000 0.000 0.000 0.000 0.000 34.272 29.238 28.181 27.103 30.995 39.908 55.830 49.750 40.672 50.597
65.058 56.098 61.158 6.256 59.283 55.268 54.237 72.188 65.124 81.045 89.960 69.875 55.786 53.693 56.591 59.480 60.359 60.228 53.091 51.955 52.827 52.707 53.596 53.490 53.386 58.282 55.177 52.065 52.934 55.766 59.655 48.602 0.000 0.000 0.000 0.000 15.182 135.063 78.779 85.803 83.780 91.191 83.087 85.605 87.087 83.812 83.494 83.161 82.809 82.441 83.071 79.674 67.182 57.842 15.652 0.000 0.000 0.000 0.000 0.000 0.000 0.000 36.357 36.307 36.260 37.203 37.132 38.049 51.968 51.891 35.815 38.741 40.669
40.074 41.125 35.204 59.329 55.364 54.353 65.315 69.258 80.190 87.116 53.039 51.960 52.877 54.785 53.683 50.567 58.436 59.290 60.134 58.982 52.845 51.722 50.612 51.510 57.414 116.322 84.231 64.136 47.035 0.000 61.672 69.690 0.000 0.000 0.000 0.000 59.303 70.200 87.082 85.118 91.901 91.559 84.177 84.706 85.370 84.076 83.764 83.432 83.079 83.692 82.350 35.012 0.000 0.000 0.000 0.000 0.000 0.000 0.000 0.000 0.000 0.000 43.408 39.338 36.293 37.239 35.173 47.100 54.025 37.951 38.878 46.807 44.738
0.000 0.000 0.000 52.492 55.490 57.465 78.413 89.339 103.262 85.189 14.120 71.050 70.975 54.889 54.788 53.669 51.528 54.363 60.173 57.995 58.848 60.725 58.618 56.523 52.438 47.360 52.289 47.212 0.000 0.000 0.000 55.795 47.822 0.000 0.000 1.752 69.526 86.388 86.464 84.480 92.213 83.902 86.403 87.908 84.649 84.357 84.051 83.726 83.381 80.899 35.625 0.000 0.000 0.000 0.000 0.000 0.000 0.000 0.000 0.000 0.000 42.596 12.528 0.452 44.335 34.286 45.223 57.153 45.082 40.010 44.940 48.871 41.804
0.000 0.000 0.000 50.656 56.641 72.602 83.532 131.424 125.330 127.259 133.202 129.146 130.084 55.007 54.912 53.793 53.644 52.459 47.202 56.975 58.828 59.712 57.613 59.528 59.454 60.393 53.352 0.000 0.000 0.000 0.000 56.874 41.848 0.000 0.000 60.920 82.770 86.718 85.705 92.781 92.505 84.961 85.507 86.196 84.932 84.655 84.359 85.040 59.819 0.000 0.000 0.000 0.000 0.000 0.000 0.000 0.000 0.000 54.881 43.836 33.764 37.664 37.587 38.521 38.421 41.347 54.278 51.208 46.138 47.069 45.000 42.933 38.867
16.907 0.000 0.000 51.835 68.815 76.772 82.689 53.496 52.375 51.315 48.281 49.250 49.206 55.144 55.059 70.946 70.796 46.627 0.000 43.875 56.775 58.684 56.594 58.520 58.458 59.407 55.373 0.000 0.224 1.158 55.085 39.980 0.000 0.000 62.297 71.146 88.011 86.917 86.097 93.039 84.638 87.165 89.701 85.476 85.227 84.973 83.688 71.255 30.037 0.000 0.000 0.000 0.000 0.000 41.115 36.094 36.057 36.002 39.926 51.862 54.791 40.711 35.635 37.560 39.479 54.405 53.334 39.264 48.195 49.126 48.059 40.993 36.928
