results1/res_4e8f-0209.wd
ncols         241
nrows         181
xllcorner     12693529.787448
yllcorner     3542525.717860
cellsize      155.156523
NODATA_value  -9999.000000
[rows 33 to 65 of 181, columns 73 to 145 of 241]
0.000 0.000 0.000 0.000 0.000 0.000 0.000 0.000 0.000 0.000 0.000 0.000 0.000 0.000 0.000 0.000 0.000 0.000 0.000 0.000 0.000 0.000 0.000 0.000 0.000 0.000 0.000 0.000 0.000 0.000 0.000 0.000 0.000 0.000 0.000 0.000 0.000 0.000 0.000 39.891 62.892 67.894 23.896 0.000 0.000 32.972 47.001 13.979 4.980 37.001 40.016 34.014 34.995 35.958 35.904 35.831 35.738 34.620 40.466 60.227 6.741 14.850 12.126 47.282 63.738 68.267 66.826 67.427 65.961 68.046 63.100 62.709 62.698
0.000 0.000 0.000 0.000 0.000 0.000 0.000 0.000 0.000 0.000 0.000 0.000 0.000 0.000 0.000 0.000 0.000 0.000 0.000 0.000 0.000 0.000 0.000 0.000 0.000 0.000 0.000 0.000 0.000 0.000 0.000 0.000 0.000 0.000 0.000 0.000 0.000 0.000 0.000 0.000 14.893 9.893 0.000 0.000 0.000 0.000 29.092 0.000 0.000 27.042 51.083 50.087 40.069 36.033 35.975 35.896 35.795 34.674 56.538 54.383 0.000 37.684 50.247 63.672 68.151 67.672 67.242 66.749 67.808 63.825 63.125 63.377 65.678
0.000 0.000 0.000 0.000 0.000 0.000 0.000 0.000 0.000 0.000 0.000 0.000 0.000 0.000 0.000 0.000 0.000 0.000 35.316 67.316 20.316 0.000 0.000 0.000 0.000 0.000 0.000 0.000 0.000 0.000 0.000 0.000 0.000 0.000 0.000 0.000 0.000 0.000 0.000 0.000 0.000 0.000 0.000 0.000 0.000 0.000 21.184 0.000 0.000 0.000 29.186 47.181 47.163 38.128 36.069 35.982 33.871 49.743 58.630 0.000 23.344 47.953 62.507 69.010 68.517 68.061 67.540 69.571 65.558 63.667 64.065 66.389 65.633
0.000 0.000 0.000 0.000 0.000 0.000 0.000 0.000 0.000 0.000 0.000 22.318 60.318 0.318 0.000 0.000 0.000 0.000 42.316 93.316 49.316 0.000 0.000 0.000 0.000 0.000 0.000 0.000 0.000 0.000 0.000 0.000 0.000 0.000 0.000 0.000 0.000 0.000 0.000 0.000 0.000 0.000 0.000 0.000 0.000 0.000 24.275 25.316 32.334 18.332 28.295 36.286 49.276 40.247 36.189 33.094 43.963 53.798 42.610 18.267 47.734 65.278 69.819 69.339 68.875 68.334 68.338 67.300 64.321 64.769 67.107 66.358 66.123
0.000 0.000 0.000 0.000 0.000 0.000 0.000 0.000 0.000 0.000 0.000 43.318 78.318 67.318 54.318 9.318 3.317 27.317 81.316 89.316 54.316 0.000 0.000 0.000 0.000 23.363 2.363 0.000 0.000 0.000 0.000 0.000 0.000 0.000 0.000 0.000 0.000 7.363 0.000 0.000 0.000 11.362 29.362 0.000 0.000 40.339 55.326 58.339 56.355 42.367 36.376 35.394 49.406 40.394 32.345 46.244 60.089 47.876 35.742 50.457 55.048 67.608 70.145 69.683 69.131 69.110 67.054 65.085 65.490 67.836 67.095 66.865 66.530
0.000 0.000 0.000 0.000 0.000 0.000 0.000 0.000 0.000 0.000 0.000 14.318 76.318 59.318 40.318 2.318 23.317 73.317 84.316 91.316 50.315 0.000 0.000 0.000 0.363 61.363 45.363 0.000 0.000 0.000 0.000 0.000 0.000 0.000 0.000 0.363 24.363 36.363 38.363 0.000 0.000 20.362 45.362 24.360 38.358 61.352 64.350 65.360 62.378 49.405 36.449 33.509 50.558 41.580 45.553 63.446 57.272 0.000 34.027 52.771 65.394 70.956 70.500 69.940 69.895 67.828 65.975 66.233 68.581 67.851 67.628 67.294 66.961
0.000 0.000 0.000 0.000 0.000 0.000 0.000 0.000 0.000 0.000 0.000 0.000 0.000 27.318 65.318 61.318 49.318 62.317 82.316 93.315 46.314 0.000 0.000 0.000 0.000 23.363 47.363 49.363 0.000 0.000 0.000 0.000 0.000 0.000 0.000 0.000 40.363 41.363 53.363 36.363 25.363 39.363 40.362 36.362 43.361 50.360 48.363 41.373 60.392 26.427 42.504 45.635 35.738 47.815 60.841 57.716 0.301 8.979 45.567 62.206 70.801 71.339 70.787 70.712 67.640 67.032 67.006 69.345 68.627 68.413 68.088 67.756 67.397
0.000 0.000 0.000 0.000 0.000 0.000 0.000 0.000 0.000 0.000 0.000 0.000 0.000 17.318 84.318 79.318 69.318 59.318 83.317 91.315 86.312 71.309 26.306 0.000 0.000 0.000 3.363 57.363 41.363 39.363 50.363 45.363 8.363 0.000 0.000 4.364 40.364 39.364 60.364 66.363 55.363 47.363 39.363 36.363 37.364 38.365 37.369 35.376 43.389 4.408 0.000 4.790 40.945 64.100 62.281 1.581 7.674 45.387 59.052 68.695 72.234 71.796 72.572 68.525 68.331 67.826 70.135 69.422 69.215 68.904 68.588 68.238 67.847
0.000 0.000 0.000 0.000 0.000 0.000 0.000 0.000 0.000 0.000 0.000 0.000 0.000 0.000 17.319 56.319 31.319 67.319 86.318 91.315 89.312 87.307 76.304 35.300 0.300 0.000 0.000 13.363 52.363 52.363 65.363 63.363 56.363 51.363 0.000 0.000 7.364 44.364 63.364 70.364 62.364 46.364 35.364 36.365 36.366 36.368 36.371 36.375 40.380 0.000 0.000 0.000 11.151 48.357 17.822 15.093 50.033 54.839 66.581 73.188 73.041 71.283 69.612 69.998 68.728 70.970 70.246 70.033 69.729 69.433 69.116 68.761 68.331
0.000 0.000 0.000 0.000 0.000 0.000 0.000 0.000 0.000 0.000 0.000 0.000 0.000 0.000 0.000 2.320 88.321 88.321 90.320 90.317 89.312 83.306 77.300 48.297 0.000 0.000 0.000 0.000 0.000 20.363 65.363 59.363 74.363 71.363 50.363 29.363 30.364 39.364 61.364 70.364 61.364 44.364 34.365 39.366 38.367 36.369 36.371 36.374 37.376 29.375 0.000 0.000 0.000 0.000 9.555 52.593 55.522 63.379 74.103 74.215 72.577 74.471 72.233 69.771 71.882 71.119 70.875 70.558 70.266 69.976 69.683 69.360 67.924
0.000 0.000 0.000 0.000 0.000 0.000 23.294 46.291 0.000 24.232 64.222 53.209 57.198 32.192 0.000 0.000 24.323 96.324 90.324 87.320 84.313 87.304 78.295 41.290 0.000 0.000 0.000 0.000 0.000 0.000 0.000 9.363 63.363 64.363 15.363 0.000 6.364 43.364 61.364 66.364 56.364 47.364 45.365 7.366 14.368 42.370 36.371 36.373 37.374 43.374 51.374 13.374 0.000 0.000 25.251 58.203 62.096 72.906 75.121 74.754 78.031 76.611 71.114 72.921 72.068 71.760 71.403 71.089 70.794 70.523 70.279 70.072 75.926
0.000 0.000 0.000 0.000 0.000 0.000 23.297 66.288 8.268 58.243 60.224 72.207 55.194 40.185 0.000 0.000 12.325 81.327 93.333 90.327 90.315 91.301 85.287 39.278 0.000 0.000 0.000 0.000 0.000 0.000 0.000 0.000 0.000 48.363 7.363 0.000 2.364 49.364 46.364 58.364 15.364 0.000 0.000 0.000 0.000 8.371 46.372 40.373 3.374 33.374 67.374 50.374 3.374 0.000 30.003 63.842 72.744 75.865 75.621 79.791 79.044 72.470 74.038 73.088 72.694 72.278 71.920 71.593 71.300 71.043 70.839 70.724 75.783
21.560 65.554 55.549 0.000 0.000 0.000 17.308 77.296 53.273 55.247 61.223 85.202 86.185 81.170 35.156 0.000 0.000 0.000 41.352 95.341 90.321 91.297 88.274 47.258 0.000 0.000 0.000 0.000 0.000 0.000 0.000 0.000 0.000 6.363 0.000 0.000 0.000 0.000 0.000 0.000 0.000 0.000 0.000 0.000 0.000 0.000 0.000 21.373 18.373 0.000 0.000 0.000 0.000 19.416 56.832 73.785 75.461 76.394 80.741 80.345 73.499 75.060 74.099 73.646 73.175 72.768 72.399 72.066 71.769 71.511 71.311 71.201 74.258
21.561 77.553 59.543 55.532 0.000 0.000 4.332 69.314 71.282 71.250 83.220 80.194 92.173 91.155 52.142 0.000 0.000 0.000 17.382 97.362 90.331 91.293 88.253 48.221 0.000 0.000 8.783 56.746 68.705 37.677 0.000 0.000 0.000 0.000 0.000 0.000 0.000 0.000 0.000 0.000 0.000 0.000 0.000 0.000 0.000 0.000 0.000 0.000 6.373 0.000 0.000 0.000 17.380 57.888 74.848 75.430 81.660 81.150 74.770 75.333 75.836 75.021 74.556 74.062 73.620 73.214 72.844 72.504 72.196 71.923 71.691 78.510 19.384
85.564 82.553 61.540 62.521 54.491 1.447 59.376 54.344 62.292 75.251 79.211 90.182 91.157 90.134 59.115 0.000 0.000 0.000 16.432 96.396 90.347 91.290 86.227 66.151 50.033 50.925 50.821 58.750 79.691 46.649 0.000 0.000 0.000 0.000 0.000 0.000 0.000 0.000 0.000 0.000 0.000 0.000 0.000 0.000 0.000 0.000 0.000 0.000 0.000 0.000 15.470 46.248 55.756 74.742 76.332 82.996 82.405 75.318 77.040 76.376 75.837 75.384 74.902 74.451 74.025 73.627 73.256 72.911 72.590 72.293 79.020 24.765 0.000
82.569 77.557 75.541 58.520 62.490 62.455 53.416 46.394 0.000 0.000 21.189 80.168 91.139 89.108 74.069 41.016 0.000 3.607 65.518 86.444 91.370 90.293 91.212 81.124 57.023 53.922 52.826 61.741 79.661 62.579 48.465 49.376 53.311 64.270 28.254 0.000 0.000 0.000 0.000 0.000 0.000 0.000 0.000 0.000 0.000 0.000 0.000 0.000 0.000 0.000 26.670 66.511 74.458 77.106 83.876 83.479 76.041 77.712 76.935 76.566 76.128 75.679 75.239 74.810 74.401 74.012 73.643 73.293 72.960 78.640 25.330 0.000 0.000
71.577 23.564 91.548 62.528 56.495 57.466 59.440 59.422 48.420 0.000 0.000 1.153 25.125 96.090 86.038 63.962 55.839 62.696 61.588 63.492 71.396 72.300 59.205 56.110 54.012 53.915 52.819 61.726 76.634 55.540 52.441 57.353 73.286 76.246 61.238 35.238 0.000 0.000 0.000 0.000 0.000 0.000 0.000 0.000 0.000 0.000 0.000 0.000 0.000 17.509 59.355 74.967 77.807 84.442 84.196 76.736 78.382 77.600 77.245 76.819 76.399 75.977 75.559 75.152 74.758 74.378 74.012 73.659 79.315 24.978 0.000 0.000 0.000
17.585 90.573 91.560 77.548 0.000 4.473 64.454 60.434 71.418 62.401 0.000 1.165 4.131 84.090 81.032 65.956 56.858 53.750 53.646 56.541 69.422 77.307 80.197 73.098 63.002 55.906 54.808 70.710 73.610 48.507 52.405 52.310 53.232 57.190 36.214 0.000 0.000 0.000 6.763 0.000 0.000 0.000 0.000 0.000 0.000 0.000 0.000 20.733 52.402 60.258 73.773 85.104 84.719 77.788 78.384 78.953 78.265 77.904 77.485 77.079 76.673 76.269 75.870 75.480 75.100 74.729 75.368 82.014 25.665 0.000 0.000 0.000 0.000
95.594 91.584 91.572 91.557 78.535 61.499 61.470 61.443 52.417 1.376 18.282 25.222 77.161 74.106 77.044 69.971 70.888 70.798 70.706 73.603 68.445 68.309 70.178 74.083 74.992 72.898 68.799 79.695 77.587 65.475 66.360 66.248 68.145 43.067 0.000 0.000 0.000 0.000 7.763 0.000 0.000 0.000 0.000 0.000 0.000 7.615 55.391 55.953 76.966 77.522 86.164 85.687 80.274 79.992 79.382 78.917 78.541 78.131 77.734 77.337 76.944 76.556 76.173 75.799 75.431 76.071 79.717 12.366 0.000 0.000 0.000 0.000 0.000
94.603 90.595 90.586 91.571 88.549 66.518 60.485 61.451 62.414 54.367 3.305 69.246 66.187 67.128 68.066 62.998 66.925 71.849 79.777 64.719 0.000 0.248 15.123 73.065 68.984 68.895 68.795 68.686 68.568 68.444 68.314 68.178 66.032 60.867 33.647 0.000 9.280 53.060 59.763 71.459 41.224 0.000 0.000 0.000 1.505 56.816 67.598 79.520 80.155 86.898 86.564 80.923 80.601 79.867 79.540 79.152 78.757 78.367 77.978 77.593 77.211 76.836 76.469 76.109 76.756 79.408 27.063 0.000 0.000 0.000 0.000 0.000 0.000
80.609 80.608 80.606 91.594 91.571 81.539 57.501 60.462 61.422 61.377 67.325 76.270 60.212 57.154 55.094 62.029 76.963 75.897 60.835 40.777 0.000 0.000 0.000 1.076 57.985 52.904 52.800 52.684 52.556 53.420 56.275 57.117 56.938 55.721 56.427 54.976 54.500 63.137 69.769 67.391 73.988 71.451 65.942 63.430 65.801 77.448 80.970 80.763 87.392 87.175 81.560 81.215 80.468 80.142 79.749 79.365 78.980 78.598 78.219 77.844 77.473 77.109 76.756 77.413 78.076 16.742 0.000 0.000 0.000 0.000 0.000 0.000 0.000
0.000 46.623 58.637 86.628 90.603 71.565 54.518 53.473 61.434 61.394 60.349 54.296 55.238 61.183 78.125 77.063 60.001 52.942 42.889 0.000 62.452 71.391 67.295 68.173 71.045 73.934 72.819 73.693 76.552 75.404 72.247 74.077 68.884 54.652 58.363 57.001 61.608 79.217 85.787 82.346 75.888 70.419 71.966 78.431 83.286 81.725 87.995 87.646 81.544 83.154 81.741 81.081 80.743 80.346 79.962 79.579 79.200 78.826 78.456 78.091 77.727 78.369 76.034 71.711 23.394 0.000 0.000 0.000 0.000 0.000 0.000 0.000 0.354
0.000 0.000 51.690 70.676 81.648 56.601 48.533 55.480 53.446 60.416 61.380 61.329 54.260 71.214 63.160 52.098 55.035 46.982 0.000 71.603 74.514 74.424 76.322 77.207 80.086 83.969 82.849 82.716 82.558 84.395 85.234 83.062 70.867 56.640 58.372 58.059 57.713 60.338 33.815 6.319 95.796 137.395 114.930 80.864 82.384 88.957 88.520 81.991 84.720 82.136 81.694 81.337 80.944 80.559 80.173 79.790 79.414 79.048 78.691 78.336 79.974 74.609 63.298 18.005 0.000 0.000 0.000 0.000 0.000 0.000 0.000 0.594 47.449
3.929 0.000 6.759 27.738 62.713 44.657 0.000 50.467 55.455 55.442 61.428 50.378 0.000 55.252 53.203 55.135 56.058 65.969 79.845 76.693 78.576 84.470 94.362 138.248 135.123 135.006 134.892 134.764 135.568 119.384 51.232 54.069 51.882 59.668 58.425 55.150 52.847 34.607 0.000 0.000 4.598 62.306 79.317 83.912 89.648 89.329 81.588 83.290 82.590 82.287 81.919 81.538 81.156 80.769 80.380 79.994 79.619 79.262 79.923 78.587 70.225 58.793 16.546 0.000 0.000 0.000 0.000 0.000 0.000 0.000 3.748 38.684 59.565
77.930 25.905 14.847 77.804 55.810 0.000 0.000 0.000 49.463 62.472 54.510 0.000 7.426 63.340 54.264 65.182 78.092 77.991 82.873 85.746 78.628 64.517 55.409 51.298 49.154 52.040 52.949 39.879 0.000 56.339 53.242 52.099 55.925 59.726 56.511 48.268 54.917 35.636 0.000 1.886 57.611 74.617 84.338 90.140 89.919 82.170 83.858 83.155 82.863 82.495 82.128 81.751 81.369 80.981 80.586 80.185 79.806 80.460 76.150 64.866 21.545 0.000 0.000 0.000 0.000 0.000 0.000 0.000 0.000 0.000 6.812 56.751 55.662
87.949 95.939 83.920 0.892 12.913 7.023 2.059 1.063 0.000 0.000 58.630 56.608 64.511 61.420 61.330 61.237 78.137 92.028 80.912 60.790 58.673 53.562 55.460 46.381 0.000 58.051 54.985 43.923 0.000 57.392 52.297 53.160 59.992 57.801 55.625 37.496 0.000 2.107 54.319 52.068 68.853 84.761 90.418 83.103 83.670 84.331 83.728 83.434 83.073 82.715 82.346 81.970 81.588 81.201 80.797 81.356 80.958 70.621 55.353 18.180 0.000 0.000 0.000 0.000 0.000 0.000 0.000 5.208 32.160 31.072 45.938 57.844 45.758
77.977 81.982 71.984 0.000 0.000 72.098 65.093 59.068 3.007 10.912 76.771 73.684 60.591 61.497 61.400 62.299 83.190 135.075 127.954 74.831 129.711 50.597 54.488 54.385 56.267 54.127 54.019 53.906 55.745 51.540 51.395 60.253 59.083 55.859 50.693 39.594 0.000 0.865 56.356 63.170 85.164 84.041 90.773 84.149 84.735 84.285 83.996 83.651 83.303 82.942 82.573 82.194 81.811 81.437 83.045 78.484 60.051 46.711 48.462 14.321 0.000 0.000 0.000 0.000 0.000 0.000 0.000 5.255 41.201 46.120 60.021 53.932 43.848
74.008 69.029 13.050 0.000 3.219 55.177 64.147 61.105 79.042 72.958 77.857 85.766 76.673 61.577 61.476 61.367 60.251 54.127 48.998 53.869 50.744 54.625 54.512 54.403 54.289 54.171 54.057 53.935 52.791 57.627 59.491 60.372 44.228 0.000 43.693 0.000 0.000 0.860 60.513 82.421 86.418 91.753 91.296 84.239 84.892 84.535 84.222 83.889 83.541 83.180 82.809 82.423 82.026 80.691 42.463 0.000 0.000 0.000 0.000 0.000 0.000 0.000 0.000 37.675 32.636 31.571 30.481 34.356 43.269 59.184 53.096 44.012 53.933
66.036 57.076 62.136 7.236 60.261 56.246 55.212 73.162 66.098 82.021 90.935 70.848 56.758 54.662 57.558 60.444 61.319 61.184 54.043 52.903 53.771 53.648 54.533 54.424 54.317 59.210 56.103 52.988 53.855 56.684 60.571 49.518 0.000 0.000 0.000 0.000 16.157 136.033 79.769 86.792 84.762 92.157 84.056 86.576 88.061 84.788 84.472 84.141 83.792 83.427 84.059 80.665 68.177 58.840 16.651 0.000 0.000 0.000 0.000 0.000 0.000 0.000 39.758 39.714 39.663 40.596 40.514 41.421 55.334 55.250 39.168 42.088 44.012
41.052 42.104 36.183 60.310 56.344 55.333 66.293 70.235 81.166 88.092 54.014 52.934 53.849 55.755 54.650 51.531 59.397 60.247 61.086 59.930 53.789 52.662 51.548 52.443 58.344 117.250 85.157 65.060 47.958 0.000 62.591 70.610 0.000 0.000 0.000 0.000 60.283 71.175 88.060 86.095 92.862 92.523 85.145 85.676 86.342 85.050 84.739 84.410 84.059 84.676 83.336 36.000 0.000 0.000 0.000 0.000 0.000 0.000 0.000 0.000 0.000 0.000 46.802 42.761 39.704 40.637 38.560 50.478 57.396 41.316 42.237 50.161 48.088
0.000 0.000 0.000 53.475 56.473 58.447 79.393 90.318 104.240 86.166 15.096 72.025 71.948 55.860 55.757 54.634 52.490 55.320 61.126 58.942 59.791 61.664 59.554 57.456 53.368 48.288 53.214 48.137 0.000 0.000 0.000 56.722 48.750 0.000 0.000 2.683 70.516 87.361 87.434 85.449 93.171 84.865 87.368 88.875 85.619 85.329 85.025 84.702 84.359 81.881 36.609 0.000 0.000 0.000 0.000 0.000 0.000 0.000 0.000 0.000 0.000 45.967 15.888 3.822 47.756 37.686 48.612 60.535 48.457 43.380 48.304 52.230 45.159
0.000 0.000 0.000 51.643 57.627 73.588 84.515 132.405 126.309 128.237 134.178 130.122 131.058 55.979 55.882 54.760 54.608 53.418 48.155 57.921 59.769 60.650 58.547 60.459 60.383 61.319 54.276 0.000 0.000 0.000 0.012 57.806 42.778 0.000 0.152 61.831 83.722 87.678 86.666 93.734 93.460 85.923 86.471 87.161 85.899 85.625 85.330 86.014 60.795 0.000 0.000 0.000 0.000 0.000 0.000 0.000 0.000 0.000 58.287 47.237 37.158 41.047 40.960 41.885 41.813 44.740 57.667 54.592 49.517 50.442 48.369 46.297 42.228
17.886 0.000 0.000 52.827 69.805 77.761 83.675 54.478 53.355 52.293 49.259 50.227 50.182 56.118 56.031 71.916 71.763 47.590 0.000 44.818 57.714 59.620 57.527 59.450 59.385 60.331 56.294 0.230 1.132 2.085 56.031 40.919 0.000 0.000 63.231 72.078 88.956 87.869 87.052 93.990 85.596 88.125 90.662 86.440 86.192 85.940 84.657 72.227 31.011 0.000 0.000 0.000 0.000 0.000 44.539 39.518 39.477 39.418 43.336 55.267 58.189 44.102 39.020 40.943 42.869 57.796 56.723 42.649 51.576 52.503 51.432 44.362 40.294
