results1/res_4e8_norain-0010.wd
ncols         241
nrows         181
xllcorner     12693529.787448
yllcorner     3542525.717860
cellsize      155.156523
NODATA_value  -9999.000000
[rows 132 to 164 of 181, columns 0 to 75 of 241]
16.144 21.179 25.241 25.336 27.402 27.477 21.583 12.678 0.000 0.000 0.000 0.000 0.000 0.000 0.000 6.789 17.899 23.059 23.247 20.473 12.685 3.847 0.000 0.000 0.000 0.000 0.000 0.000 0.000 0.000 7.138 30.312 0.000 0.000 0.000 0.000 0.000 0.000 0.000 0.000 0.000 0.000 0.000 0.000 0.000 0.000 0.000 0.000 1.813 0.000 0.000 0.000 0.000 0.000 0.000 0.000 0.000 0.000 0.000 0.000 0.000 0.000 0.000 0.000 0.000 0.000 0.000 31.055 53.926 57.819 57.698 67.769 95.221 85.524 85.465 94.036
0.170 0.203 0.273 5.428 15.458 21.533 26.674 26.799 19.981 6.120 0.000 0.000 0.000 1.265 14.510 29.700 28.872 26.060 26.270 29.508 29.757 26.029 14.355 2.629 0.000 0.000 0.000 0.000 0.000 1.782 23.975 32.086 0.000 0.000 0.000 0.000 0.000 0.000 0.000 0.000 0.000 0.000 0.000 0.000 0.000 0.000 0.000 0.000 0.000 0.000 0.000 0.000 0.000 0.000 0.000 0.000 0.000 0.000 0.000 0.000 0.000 0.000 0.000 0.000 0.000 0.000 38.321 60.185 56.043 64.997 56.043 95.381 84.124 85.577 90.833 88.652
0.206 0.188 0.139 0.528 0.397 0.292 4.810 13.888 22.050 25.285 19.513 17.685 19.861 23.084 22.410 15.649 6.853 5.059 5.286 10.551 16.829 24.177 27.521 26.876 16.312 6.625 2.037 0.827 10.311 26.575 27.808 13.984 0.000 0.000 0.000 0.000 0.000 0.000 0.000 0.000 0.000 0.000 0.000 0.000 0.000 0.000 0.000 0.000 0.000 0.000 0.000 0.000 0.000 0.000 0.000 0.000 0.000 0.000 0.000 0.000 0.000 0.000 22.969 0.000 58.702 80.618 113.429 69.362 64.386 45.317 81.359 85.780 85.654 94.465 83.958 1.580
1.548 1.530 1.477 1.262 0.230 0.000 0.470 0.351 0.441 9.485 19.594 21.707 14.840 4.961 0.317 0.146 0.000 0.000 0.000 0.424 0.330 2.477 9.696 22.011 27.454 29.810 29.235 25.689 29.135 22.537 4.710 0.761 0.000 0.000 0.000 0.000 0.000 0.000 0.000 0.000 0.000 0.000 0.000 0.000 0.000 0.000 0.000 0.000 0.000 0.000 0.000 0.000 0.000 0.000 0.000 0.000 0.000 0.000 0.000 0.000 0.000 9.969 28.970 101.913 130.793 113.646 97.167 96.079 87.726 86.350 86.174 85.986 51.242 96.157 87.769 0.000
1.587 1.577 1.559 1.538 1.551 1.535 1.389 0.265 0.164 0.617 0.828 0.351 0.234 0.151 0.200 0.297 1.472 1.455 1.407 1.241 0.161 0.000 0.413 0.398 5.700 14.944 23.337 19.694 9.017 1.288 0.000 3.749 11.831 0.000 0.000 0.000 0.000 0.000 0.000 0.000 0.000 0.000 0.000 0.000 0.000 0.000 0.000 0.000 0.000 0.000 0.000 0.000 0.000 0.000 0.000 0.000 0.000 0.000 0.000 0.000 0.000 0.000 54.030 59.951 55.916 57.051 55.005 86.811 86.667 86.515 53.679 56.428 58.264 59.921 9.894 0.000
1.646 1.641 1.634 1.626 1.619 1.606 1.585 1.584 1.536 1.271 0.269 0.281 0.349 1.539 1.533 1.520 1.499 1.477 1.437 1.370 1.378 1.355 1.215 0.114 0.000 0.000 1.015 0.516 0.040 3.683 6.778 5.841 3.914 5.993 6.044 3.084 3.125 7.166 0.000 0.000 0.000 0.000 0.000 0.000 0.000 0.000 0.000 0.000 0.000 0.000 0.000 0.000 0.000 0.000 0.000 0.000 0.000 1.811 16.791 0.000 0.447 63.260 70.205 68.255 66.219 67.282 87.079 86.948 68.004 74.772 67.601 73.344 65.112 44.052 0.000 0.000
1.709 1.707 1.704 1.699 1.694 1.687 1.678 1.669 1.655 1.640 1.666 1.659 1.628 1.582 1.558 1.540 1.527 1.513 1.483 0.429 7.426 9.407 1.365 0.278 0.000 0.000 1.145 4.238 7.175 6.011 0.998 1.985 8.992 12.021 8.054 2.085 0.000 8.207 0.000 0.000 0.000 0.000 0.000 0.000 0.000 0.000 0.000 0.000 0.000 0.000 0.000 0.000 0.000 0.000 0.000 0.000 11.879 53.831 82.774 43.674 76.515 84.597 81.516 80.584 87.449 87.331 87.207 80.128 81.978 81.660 80.512 79.456 0.000 0.000 0.000 0.000
1.771 1.770 1.769 1.768 1.765 1.763 1.760 1.758 1.756 1.754 4.753 4.724 2.653 6.604 4.575 1.557 1.556 1.583 0.593 0.000 9.472 17.441 3.405 0.276 1.935 4.749 6.576 5.415 2.308 4.182 9.137 11.076 12.049 12.045 7.067 1.205 10.265 29.249 0.000 0.000 0.000 0.000 0.000 0.000 0.000 0.000 0.000 0.000 0.000 0.000 0.000 0.000 0.000 0.000 0.000 9.986 61.929 77.862 80.773 85.741 82.868 79.824 87.778 87.673 87.564 79.497 80.252 81.098 80.760 80.719 73.644 50.550 0.000 0.000 0.000 0.000
1.829 1.830 1.831 1.831 1.831 1.831 1.832 1.836 1.842 2.848 9.833 9.810 0.000 0.000 0.000 5.556 0.000 2.712 8.690 11.638 11.550 7.481 3.399 4.266 7.070 5.833 4.662 6.531 10.421 10.301 12.185 11.114 2.081 0.000 0.000 12.347 31.307 41.274 0.000 0.000 0.000 0.000 0.000 0.000 0.000 0.000 0.000 0.000 0.000 0.000 0.000 0.000 0.000 0.000 14.110 58.052 79.959 82.956 82.023 82.003 81.072 87.980 87.880 79.758 80.523 81.350 81.113 80.949 80.892 72.815 64.769 0.000 0.000 0.000 0.000 0.000
1.881 1.884 1.890 1.891 1.889 1.889 1.893 1.903 1.917 3.929 12.920 23.875 0.000 0.000 0.000 0.000 16.846 8.794 6.733 6.673 4.610 3.533 5.443 7.331 5.195 0.928 2.706 14.627 16.534 6.415 0.331 0.000 0.000 2.611 16.544 32.431 29.343 13.267 0.000 0.000 0.000 0.000 0.000 0.000 0.000 0.000 0.000 0.000 0.000 0.000 0.000 0.000 0.000 7.242 58.175 80.070 82.244 81.222 81.315 88.273 88.177 88.079 79.848 81.680 81.360 81.206 81.131 81.044 74.959 61.889 51.849 0.000 0.000 0.000 0.000 0.000
1.923 1.931 1.954 1.954 1.941 1.933 1.937 1.956 1.988 4.032 14.043 0.967 0.000 0.000 0.000 0.000 12.899 4.886 6.777 5.712 3.685 6.601 7.509 4.420 1.320 0.000 6.802 20.737 7.673 0.000 0.000 3.829 13.776 24.679 35.591 28.490 6.366 0.617 10.866 17.809 18.772 22.753 0.000 0.000 0.000 0.000 0.000 0.000 0.000 0.000 0.000 0.000 12.368 58.287 80.281 82.447 81.460 88.544 88.456 88.366 80.184 80.934 81.771 81.429 81.379 81.293 81.202 82.105 70.022 40.934 29.891 0.000 0.000 0.000 0.000 0.000
1.097 1.086 2.065 2.042 1.983 1.964 1.968 1.990 2.035 5.170 15.197 0.000 0.000 0.000 0.000 0.000 1.991 4.074 0.000 0.000 11.819 6.675 2.573 1.502 0.000 1.181 16.964 19.845 1.834 4.934 16.933 25.882 34.820 32.737 20.653 6.571 0.000 5.853 9.850 0.000 0.000 0.000 0.000 0.000 0.000 0.000 0.000 0.000 0.000 0.000 0.000 6.476 58.481 81.565 82.574 80.672 88.716 88.630 80.421 81.183 82.004 81.764 81.594 81.528 81.439 81.361 84.279 48.157 28.089 0.000 0.000 0.000 0.000 0.000 0.000 0.000
10.251 8.223 5.191 3.194 0.322 0.407 0.444 0.460 0.000 4.373 16.380 0.000 0.000 0.000 6.800 2.790 0.000 5.329 0.482 0.000 7.098 0.943 0.138 0.042 1.494 15.330 23.204 0.000 0.000 31.002 35.983 30.948 19.886 9.796 1.766 0.000 0.000 10.783 0.000 0.000 0.000 0.000 0.000 0.000 0.000 0.000 0.000 0.000 0.000 0.000 0.000 38.735 80.769 79.885 88.975 88.889 88.803 80.494 82.320 82.000 81.842 81.759 83.660 78.567 80.494 81.435 92.395 0.000 0.000 0.000 0.000 0.000 0.000 0.000 0.000 0.000
11.318 13.263 19.249 20.292 20.435 17.584 18.641 17.657 16.642 16.570 18.570 1.709 5.801 4.811 1.810 4.782 4.707 3.577 8.579 10.534 4.410 0.000 0.311 1.903 15.620 20.446 9.318 3.260 12.181 35.089 18.050 9.040 1.444 0.016 0.976 0.000 3.731 12.733 0.000 0.000 0.000 0.000 0.000 0.000 0.000 0.000 0.000 0.000 0.000 0.000 16.967 59.022 89.225 89.143 89.060 80.810 81.562 82.399 82.059 82.006 82.913 82.813 55.689 33.597 68.535 82.493 87.471 27.488 0.000 0.000 0.000 0.000 0.000 0.000 0.000 0.000
4.441 0.000 0.000 0.000 0.000 9.690 6.697 6.703 6.700 10.695 19.698 0.745 1.858 0.864 3.851 7.820 8.762 6.695 5.635 8.613 9.598 6.654 0.524 17.089 22.742 13.517 19.362 36.281 33.195 15.124 3.088 0.130 2.045 2.090 0.682 0.647 10.748 12.703 4.647 7.609 0.000 0.000 0.000 0.000 0.000 0.000 0.000 0.000 0.000 12.027 60.169 89.388 89.308 81.033 81.790 82.615 82.382 82.218 82.151 83.055 80.967 74.890 0.000 0.000 50.557 85.530 82.510 81.506 0.000 0.000 0.000 0.000 0.000 0.000 0.000 0.000
2.578 0.000 0.000 0.000 0.000 5.789 1.795 1.798 1.807 5.812 19.820 0.000 1.948 5.952 7.917 8.886 5.827 2.806 0.795 2.687 12.716 25.724 20.684 21.524 0.000 0.000 43.335 29.308 0.000 0.000 0.000 5.350 2.275 2.227 4.165 0.000 0.000 0.000 0.000 11.590 0.000 0.000 0.000 0.000 0.000 0.000 0.000 0.323 0.337 38.236 89.515 80.305 83.994 82.838 82.606 82.447 82.372 82.284 83.191 83.103 48.013 23.890 9.769 12.686 63.608 84.562 80.534 71.522 0.000 0.000 0.000 0.000 0.000 0.000 0.000 0.000
2.703 2.825 0.000 0.000 0.000 6.883 2.886 2.871 1.908 2.927 17.952 5.014 8.019 10.012 8.980 3.980 0.992 1.993 2.008 0.929 10.855 33.841 29.820 16.799 9.895 0.893 0.000 0.000 0.000 0.000 0.000 7.431 2.398 4.374 0.000 0.000 0.000 0.000 0.000 0.000 0.000 0.000 0.000 0.000 0.000 0.000 0.000 0.000 0.000 37.567 89.673 83.191 82.891 82.666 82.599 82.511 82.417 82.324 80.235 71.153 4.093 0.000 20.731 79.684 84.625 82.577 76.543 66.525 0.000 0.000 0.000 0.000 0.000 0.000 0.000 0.000
0.177 2.096 0.000 0.000 0.000 6.974 2.016 0.106 2.044 6.037 10.046 9.072 9.090 7.098 1.115 2.124 2.136 3.108 3.089 8.061 25.993 24.966 17.955 26.959 24.992 0.000 0.000 0.000 0.000 0.000 0.000 7.545 2.494 5.462 0.000 0.000 0.000 0.000 0.156 0.000 0.000 0.000 0.000 0.000 0.000 0.000 0.000 0.000 0.000 90.123 89.899 82.120 82.890 82.737 82.647 82.552 82.458 84.365 69.272 52.181 12.114 0.000 35.742 65.693 74.634 83.580 72.538 61.512 0.000 0.000 0.000 0.000 0.000 0.000 0.000 0.000
7.330 5.295 0.000 0.000 0.000 1.236 3.231 7.237 8.174 9.133 7.122 8.140 6.174 2.207 2.240 3.228 3.215 2.192 4.164 27.130 26.089 8.077 21.076 19.089 23.124 21.193 0.000 0.000 0.000 0.000 0.000 3.710 2.573 2.517 0.000 0.000 7.262 6.258 0.042 0.168 0.000 0.000 0.000 0.000 0.000 0.000 0.000 17.463 41.751 90.281 84.559 84.188 83.869 82.794 82.694 82.597 83.501 81.406 36.310 13.186 25.068 25.934 79.803 81.714 61.638 71.571 66.517 39.475 4.438 0.000 0.000 0.000 0.000 0.000 0.000 0.000
8.370 9.383 6.441 0.000 8.483 8.422 8.345 9.308 9.245 10.199 22.171 4.193 2.270 2.306 3.322 3.315 3.299 4.278 18.246 29.206 4.158 8.176 35.184 27.198 15.223 18.262 21.306 5.314 10.293 25.243 18.156 6.010 0.000 0.000 10.272 26.272 13.267 0.000 0.000 0.000 0.000 0.000 0.000 0.000 0.000 0.000 0.000 32.623 84.893 90.386 81.523 84.084 84.947 82.844 82.742 82.641 75.542 65.450 22.376 0.000 2.041 2.931 63.824 105.724 86.632 62.551 54.484 33.433 42.402 0.000 0.000 0.000 0.000 0.000 0.000 0.000
13.398 13.427 9.499 9.561 9.544 10.492 10.420 6.405 3.299 2.249 0.000 0.000 6.434 3.433 3.425 3.412 2.393 5.368 29.336 15.292 0.307 6.287 23.288 40.295 35.310 32.328 30.342 26.344 22.324 21.280 29.215 26.166 20.219 16.255 19.273 23.278 0.000 0.000 0.000 0.000 0.000 0.000 0.000 0.000 0.000 0.000 0.000 31.846 90.602 90.492 84.429 86.176 82.997 82.896 83.789 79.684 63.579 56.475 62.368 68.238 52.089 73.961 88.840 105.725 114.617 98.519 60.436 65.372 40.336 0.000 0.000 0.000 0.000 0.000 0.000 0.000
0.000 0.000 13.570 8.641 8.640 3.585 0.678 2.682 0.000 0.000 0.000 0.000 7.558 3.549 3.534 3.515 3.492 21.465 28.437 1.413 3.438 3.396 6.386 12.387 14.393 14.398 10.392 13.396 29.379 22.339 13.258 16.220 23.238 27.274 30.287 27.291 2.294 0.000 0.000 0.000 0.000 0.000 0.000 0.000 0.000 0.000 2.189 62.134 90.714 81.881 85.476 85.148 83.059 82.947 83.837 78.728 65.617 31.504 38.386 81.257 92.119 123.984 114.851 86.720 74.594 91.474 70.369 64.285 39.236 0.000 0.000 0.000 0.000 0.000 0.000 0.000
0.000 0.000 0.000 17.794 2.798 0.843 2.915 2.900 3.965 0.000 0.000 0.000 4.693 3.672 3.648 3.623 5.595 29.565 14.529 0.527 3.504 3.474 3.475 2.473 2.478 2.481 1.480 8.471 37.457 16.441 0.000 0.000 0.000 18.318 28.310 12.304 17.298 4.298 0.000 0.000 0.000 0.000 0.000 0.000 0.000 0.000 20.189 90.953 90.831 84.742 86.385 82.223 83.111 82.999 82.886 82.773 69.658 32.539 47.416 84.285 80.147 114.006 108.861 77.713 82.564 68.417 49.280 67.165 45.088 0.000 0.000 0.000 0.000 0.000 0.000 0.000
2.371 0.000 0.000 9.942 19.945 20.959 1.995 14.009 21.031 0.000 0.000 4.938 3.848 3.800 3.765 3.733 22.701 26.671 1.656 3.649 2.599 1.578 3.567 3.553 3.566 3.570 2.575 10.554 39.538 20.527 0.000 0.000 0.000 15.370 28.332 7.318 0.000 0.000 0.000 0.000 0.000 0.000 0.000 0.000 0.000 0.000 61.327 91.079 82.110 85.699 85.376 83.282 83.165 83.051 82.937 83.821 74.703 63.581 86.454 111.321 99.180 116.032 112.875 106.709 113.532 79.350 56.172 66.009 73.863 2.699 0.000 0.000 0.000 0.000 0.003 0.002
4.371 3.366 0.000 4.087 3.083 0.000 25.118 17.111 4.119 5.140 5.110 4.029 3.962 3.914 3.879 6.844 29.805 12.762 2.743 3.705 9.662 17.643 3.664 1.668 3.664 2.657 5.648 29.632 37.615 12.602 0.617 0.000 10.499 9.460 0.000 0.000 0.000 0.000 0.000 0.000 0.000 0.000 0.000 0.000 2.345 59.362 81.507 91.208 83.052 83.598 83.451 83.336 83.220 83.105 82.989 83.872 74.752 57.629 53.500 86.365 76.221 90.067 92.900 80.715 82.508 54.280 31.048 44.838 111.654 64.504 0.000 0.000 10.151 31.105 68.073 51.060
4.379 4.361 4.318 4.238 4.216 0.000 14.209 30.200 6.196 3.191 4.162 4.107 4.057 4.018 2.995 25.959 27.914 1.877 3.814 4.767 1.716 0.000 22.781 17.788 4.765 2.747 20.730 39.710 23.689 3.664 3.635 4.591 7.539 11.511 0.000 0.000 0.000 0.000 0.000 0.000 0.000 0.000 0.000 0.000 25.480 82.595 91.481 91.342 82.962 83.689 83.503 83.392 83.276 83.160 83.044 81.927 66.807 68.683 88.554 107.419 106.274 111.118 115.944 102.744 100.506 87.213 35.906 33.641 109.413 73.195 10.864 3.535 68.199 101.092 120.056 101.048
4.404 4.382 4.356 4.333 4.328 4.351 4.310 15.286 30.274 6.267 3.242 4.179 4.143 2.145 10.124 31.084 11.017 3.008 4.882 2.824 0.000 0.000 10.890 11.882 17.861 16.838 24.816 23.792 4.766 2.730 4.655 7.600 12.555 12.536 0.000 0.000 0.000 0.000 0.000 0.000 0.000 0.000 0.000 0.000 33.814 87.892 91.625 82.436 83.995 83.663 83.568 83.448 83.333 83.217 83.102 82.985 68.865 64.743 85.616 86.482 86.340 89.186 89.014 87.814 92.558 65.164 40.722 55.408 70.163 9.000 0.000 0.000 12.027 38.010 60.014 42.030
4.453 6.408 6.391 4.410 4.414 4.415 4.394 4.359 15.348 30.363 6.359 1.349 1.332 18.308 30.271 24.239 1.231 4.206 0.105 0.000 0.000 0.000 4.010 3.988 9.960 26.930 26.902 19.877 12.854 4.836 0.000 0.000 26.548 6.541 0.000 0.000 0.000 0.000 0.000 0.000 0.000 0.000 0.000 0.000 7.535 91.936 91.776 83.294 83.909 83.740 83.622 83.505 83.390 83.275 83.161 84.046 78.929 68.809 63.685 62.555 62.419 62.273 62.115 65.940 39.749 0.000 8.413 64.105 59.835 20.642 0.000 0.000 10.873 56.910 34.961 0.000
5.546 0.000 0.000 4.503 3.502 2.501 2.496 1.493 1.487 14.478 29.480 22.499 29.488 31.441 18.417 2.416 9.429 9.392 0.000 0.000 0.000 8.235 4.153 6.102 30.060 37.022 14.988 5.960 12.938 19.925 7.924 0.000 0.000 4.540 0.000 0.000 0.000 0.000 0.000 0.000 0.000 0.000 0.000 0.000 0.533 92.100 88.697 84.234 83.902 83.799 83.677 83.561 83.447 83.334 83.222 83.110 83.996 82.880 80.760 79.636 79.508 80.373 82.232 56.086 0.000 0.000 0.000 48.767 79.430 70.094 42.681 18.565 35.685 38.797 0.000 0.000
4.640 3.669 0.000 3.596 14.594 18.592 22.594 27.609 30.606 31.586 31.583 31.585 17.575 4.555 20.539 37.535 38.536 38.542 31.602 9.616 0.000 5.319 3.264 12.208 40.156 27.110 4.070 3.037 5.014 8.003 0.000 0.000 0.000 0.000 0.000 0.000 0.000 0.000 0.000 0.000 0.000 0.000 0.000 0.000 0.000 92.221 92.644 88.135 83.972 83.848 83.730 83.615 83.504 83.394 83.285 83.176 83.066 82.954 82.841 82.724 83.604 86.481 58.356 0.000 0.000 0.000 0.000 0.000 49.026 79.623 70.385 46.330 23.507 0.000 0.000 0.000
4.707 6.698 2.718 4.693 19.684 18.681 14.680 10.681 9.675 5.678 26.681 16.682 27.675 18.663 34.651 30.643 23.638 24.639 35.648 41.632 30.576 31.457 23.378 31.310 39.249 12.193 3.144 4.105 4.078 3.070 3.091 5.097 0.030 0.000 0.000 0.000 0.000 0.000 0.000 0.000 0.000 0.000 63.656 60.976 92.311 92.276 86.524 87.207 84.010 83.895 83.779 83.668 83.560 83.454 83.349 83.244 83.139 83.033 82.925 84.815 89.704 58.592 0.000 0.000 0.000 0.000 0.000 0.000 0.000 39.990 74.909 24.866 0.000 0.000 0.000 0.000
6.784 0.000 1.783 4.775 4.770 4.767 3.766 4.760 6.735 4.772 16.783 11.786 20.782 31.772 19.760 4.747 5.737 6.729 7.719 12.689 25.638 35.559 41.480 39.407 28.337 4.271 4.210 4.160 4.126 4.109 5.107 28.105 1.101 0.000 0.000 0.000 0.000 0.000 0.000 0.000 0.000 0.000 83.818 86.138 92.329 84.945 84.486 84.154 84.055 83.936 83.825 83.718 83.614 83.513 83.413 83.314 83.214 83.114 85.012 69.909 23.806 0.000 0.000 0.000 0.000 0.000 0.000 0.000 0.000 10.439 72.396 24.361 0.000 0.000 0.000 0.000
7.863 0.000 1.862 4.856 4.853 4.854 4.856 5.858 0.000 3.891 7.896 18.898 18.895 26.885 31.870 17.851 2.833 2.823 2.810 4.768 6.730 7.661 8.578 8.500 7.423 6.344 2.264 2.201 3.158 4.134 15.122 29.113 0.027 0.000 0.000 0.000 0.000 0.000 0.000 0.000 0.000 0.153 83.001 92.345 92.335 83.757 84.365 84.199 84.085 83.974 83.868 83.766 83.668 83.572 83.478 83.385 83.292 83.197 88.101 44.004 0.000 0.000 0.000 0.000 0.000 0.000 0.000 0.000 0.000 12.934 72.877 31.822 0.000 0.000 0.000 0.000
