results1/res_4e8f-0193.wd
ncols         241
nrows         181
xllcorner     12693529.787448
yllcorner     3542525.717860
cellsize      155.156523
NODATA_value  -9999.000000
[rows 0 to 32 of 181, columns 146 to 218 of 241]
0.000 0.000 0.000 0.000 0.000 0.000 0.000 0.000 0.000 0.000 0.000 0.000 0.000 0.000 5.784 16.635 17.396 17.103 16.779 16.444 16.115 15.808 15.534 15.300 15.110 14.962 14.852 14.776 14.728 14.702 14.690 19.686 0.000 0.000 0.000 0.000 0.000 0.000 0.000 0.000 0.000 0.000 0.000 0.000 0.000 0.000 0.000 0.000 0.000 19.849 26.849 0.000 0.000 45.988 50.988 0.000 0.000 0.000 0.000 0.000 0.000 0.000 0.000 0.000 0.000 0.000 0.000 0.000 0.000 0.000 0.000 0.000 0.000
0.000 0.000 0.000 0.000 0.000 0.000 0.000 0.000 0.000 0.000 0.000 0.000 0.000 1.331 16.932 17.726 17.450 17.133 16.790 16.438 16.094 15.775 17.493 16.257 15.068 14.923 14.819 14.749 14.707 14.687 14.683 19.682 0.000 0.000 0.000 0.000 0.000 0.000 0.000 0.000 0.000 0.000 0.000 0.000 0.000 0.000 0.000 0.000 16.849 38.849 14.849 0.000 24.988 57.988 51.988 0.000 0.000 0.000 0.000 0.000 0.000 0.000 0.000 0.000 0.000 0.000 0.000 0.000 36.983 0.000 0.000 0.000 0.000
0.000 0.000 0.000 0.000 0.000 0.000 0.000 0.000 0.000 0.000 0.000 0.000 0.000 20.563 19.217 17.886 17.546 17.188 16.811 16.424 16.048 17.704 17.408 15.167 14.981 14.845 14.751 14.693 14.663 14.656 16.672 10.677 0.000 0.000 0.000 0.000 0.000 0.000 0.000 0.000 0.000 0.000 0.000 0.000 0.000 0.000 0.000 0.000 28.849 0.000 0.000 19.988 50.988 12.988 0.000 0.000 0.000 0.000 0.000 0.000 0.000 0.000 0.000 0.000 5.984 0.000 0.000 0.000 39.983 11.983 0.000 0.000 0.000
0.000 0.000 0.000 0.000 0.000 0.000 0.000 0.000 0.000 0.000 0.000 0.000 3.083 19.980 18.488 18.054 17.658 17.264 16.842 16.400 16.969 16.584 15.267 15.022 14.844 14.723 14.648 14.608 14.596 20.603 0.000 0.000 0.000 0.000 0.000 0.000 0.000 0.000 0.000 0.000 0.000 0.000 0.000 13.849 0.000 0.000 0.000 12.849 72.849 2.849 0.000 25.988 52.988 0.000 0.000 0.000 0.000 0.000 0.000 0.000 0.000 0.000 11.984 17.984 36.984 0.000 0.000 29.983 38.983 39.983 11.983 0.000 0.000
0.000 0.000 0.000 0.000 0.000 0.000 0.000 0.000 0.000 0.000 0.000 8.174 1.351 3.000 18.700 18.183 17.771 17.367 16.892 16.364 16.844 16.398 15.054 14.811 14.651 14.556 14.509 14.497 15.510 16.557 0.000 0.000 0.000 0.000 0.000 0.000 0.000 0.000 0.000 0.000 0.000 0.000 14.849 37.849 32.849 0.000 0.000 28.849 56.849 0.000 0.000 0.000 52.988 7.988 0.000 0.000 0.000 0.000 0.000 0.000 0.000 0.000 51.984 55.984 57.984 0.000 0.000 42.983 37.983 37.983 47.983 0.000 0.000
0.000 0.000 0.000 0.000 0.000 0.000 0.000 0.000 0.000 0.000 10.894 3.495 1.864 1.291 1.421 16.208 17.874 17.541 16.997 18.319 17.644 15.108 14.741 14.515 14.392 14.340 14.336 14.360 20.391 0.000 0.000 0.000 0.000 0.000 0.000 0.000 0.000 0.000 0.000 0.000 0.000 0.000 0.000 17.849 38.849 30.850 28.849 10.849 41.849 14.849 0.000 0.000 37.988 50.988 41.988 39.988 48.988 0.000 0.000 0.000 0.000 0.000 51.984 53.984 58.984 37.984 26.984 43.983 46.983 0.000 0.000 0.000 11.979
0.000 0.000 0.000 0.000 0.000 0.000 0.000 0.000 0.000 0.000 7.292 3.997 3.628 3.132 0.442 0.633 10.978 18.926 18.236 18.272 15.305 14.651 14.287 14.117 14.062 14.077 14.135 14.215 9.303 0.000 0.000 0.000 0.000 0.000 34.859 67.859 1.859 0.000 7.859 48.859 0.000 0.000 0.000 14.849 38.849 51.850 86.850 48.850 49.849 20.849 0.000 0.000 34.988 53.988 38.989 34.988 51.988 0.000 0.000 0.000 0.000 0.000 38.985 44.985 40.984 40.984 44.984 47.983 55.983 0.000 0.000 0.000 34.979
0.000 0.000 0.000 0.000 0.000 0.000 0.000 0.000 0.000 30.540 30.986 7.561 3.175 3.414 3.065 0.798 0.372 5.948 18.748 16.229 14.653 13.903 13.641 13.603 13.662 13.772 14.911 12.063 0.000 0.000 0.000 0.000 0.000 0.000 9.859 55.859 62.859 44.859 36.859 8.859 0.000 0.000 0.000 0.000 0.000 12.850 79.850 58.850 5.850 0.000 0.000 0.000 0.000 46.989 61.989 59.989 61.988 53.988 45.988 48.987 47.987 56.986 60.985 57.985 58.984 58.984 53.984 48.983 45.983 0.000 0.000 0.000 0.000
0.000 0.000 0.000 0.000 0.000 0.000 0.000 0.000 24.654 42.095 43.549 33.057 9.642 2.058 3.071 0.842 2.801 8.121 6.582 16.240 13.176 12.666 12.771 12.991 13.210 14.438 14.674 0.000 0.000 0.000 0.000 0.000 0.000 0.000 0.000 7.859 53.859 63.859 68.859 7.859 0.000 0.000 0.000 0.000 0.000 8.850 51.850 43.850 48.850 15.849 0.000 0.000 30.989 58.989 43.989 37.989 44.989 56.988 44.988 43.987 52.987 61.986 48.986 44.985 47.985 53.984 59.984 61.983 59.983 45.982 36.981 19.981 28.980
0.000 0.000 0.000 0.000 0.000 0.000 0.000 20.782 30.214 45.638 43.057 43.478 35.899 12.328 1.205 4.755 14.291 6.467 2.252 3.041 6.144 10.816 11.784 12.380 12.751 18.094 0.000 0.000 0.000 0.000 0.000 0.000 7.860 5.860 0.000 0.000 20.859 66.859 19.859 0.000 0.000 0.000 0.000 0.000 0.000 47.851 57.850 33.850 49.850 69.849 9.849 0.000 36.990 60.989 39.989 33.989 36.989 49.988 38.988 38.988 40.987 42.986 39.986 40.985 34.985 38.984 44.984 45.983 43.982 52.982 54.981 57.980 65.980
0.000 0.000 0.000 0.000 0.000 0.000 25.908 24.351 47.779 44.185 43.563 42.897 43.148 38.204 20.709 12.424 8.111 0.000 0.049 4.368 2.161 3.351 11.171 11.994 17.319 0.000 0.000 0.000 0.000 0.000 0.000 2.860 44.860 3.860 0.000 0.000 27.859 67.859 6.859 0.000 0.000 0.000 0.000 0.000 42.852 86.852 19.851 22.850 44.849 71.849 11.849 0.000 33.990 58.990 38.990 31.989 34.989 36.989 32.988 31.988 38.987 54.987 37.986 33.985 47.985 43.984 40.984 47.983 47.982 50.982 59.981 63.980 50.980
0.000 0.000 0.000 0.000 0.000 29.954 18.465 46.936 45.368 44.762 44.111 43.400 42.593 42.629 39.431 25.127 4.427 0.351 0.070 46.245 4.531 0.081 0.105 14.105 10.212 0.000 0.000 0.000 0.000 0.000 0.000 2.860 40.860 35.860 44.860 56.860 60.860 50.860 0.000 0.000 5.856 41.855 56.855 61.854 85.853 41.853 0.000 0.000 46.849 34.849 0.000 0.000 36.990 63.990 50.990 34.990 82.990 110.989 59.989 35.988 51.988 98.987 50.986 27.986 92.985 65.984 40.984 47.983 49.982 39.982 48.981 61.980 44.980
0.000 0.000 0.000 0.000 0.000 19.443 41.062 47.558 45.994 45.382 44.721 43.999 43.196 42.286 42.272 41.181 30.358 4.965 50.844 47.901 0.367 0.152 0.053 0.059 0.000 0.000 0.000 0.000 0.000 0.000 5.860 39.860 35.860 40.860 54.860 64.860 48.860 35.860 0.859 0.000 3.856 50.856 49.855 45.854 84.854 44.853 0.000 0.000 25.848 17.848 0.000 29.991 57.991 59.991 53.991 41.990 40.990 73.990 114.989 52.989 45.988 102.987 53.987 27.986 99.985 69.984 32.984 34.983 40.982 31.982 45.981 44.980 32.979
0.000 0.000 0.000 0.000 23.965 34.313 49.783 47.242 46.667 46.052 45.392 44.680 43.902 43.063 42.104 41.366 40.225 52.574 52.248 1.011 0.504 9.614 0.000 0.000 0.000 0.000 0.000 0.000 0.860 55.860 58.860 40.860 39.860 54.860 64.860 50.860 33.860 35.859 35.859 33.858 31.857 43.856 46.855 56.855 96.854 30.854 0.000 0.000 62.848 12.848 0.000 26.992 56.992 56.991 43.991 35.991 31.991 41.990 38.990 78.989 109.989 126.988 107.987 96.986 122.985 116.985 107.984 53.983 33.982 50.982 45.981 34.980 29.979
0.000 0.000 0.000 25.153 34.618 52.059 48.514 47.959 47.379 46.767 46.117 45.422 44.690 43.850 43.305 40.937 52.611 52.607 36.810 19.111 6.270 0.000 0.000 0.000 0.000 0.000 0.000 0.000 41.860 8.860 0.000 19.860 57.860 61.861 53.861 38.861 4.861 0.000 2.858 37.858 33.857 43.856 42.856 65.855 62.854 0.000 0.000 4.847 65.848 11.848 0.000 24.992 54.992 66.992 45.992 51.992 74.991 51.991 33.990 57.990 80.989 114.988 80.987 60.987 108.986 98.985 73.984 42.983 28.982 99.982 67.981 39.980 29.979
0.000 0.000 0.000 30.688 50.295 49.791 49.257 48.702 48.124 47.519 47.882 47.222 45.463 45.040 42.465 52.676 52.622 40.386 42.006 39.625 23.585 4.583 0.000 0.000 0.000 0.000 0.000 43.859 12.859 0.000 0.000 0.000 25.861 57.861 35.861 33.862 39.862 2.863 0.000 38.859 36.858 42.857 43.856 65.855 61.854 0.000 0.000 25.847 72.847 8.847 0.000 26.993 57.993 60.993 41.993 41.993 87.992 122.992 71.991 39.991 55.990 102.989 62.988 29.987 95.986 82.985 40.984 32.983 25.982 106.981 70.981 42.980 43.979
0.000 0.000 31.300 48.617 52.081 50.555 50.019 49.467 48.897 49.301 47.692 46.992 46.653 44.080 53.116 52.827 41.888 42.739 41.737 32.085 12.832 0.000 0.000 0.000 0.000 0.000 0.000 39.859 13.859 0.000 0.000 0.000 0.000 0.000 0.000 38.863 35.863 34.863 36.863 38.861 34.859 42.858 44.856 56.854 52.853 14.850 33.848 66.847 17.847 0.000 0.000 26.993 53.993 59.994 45.994 30.994 32.993 57.993 44.992 26.991 44.991 99.990 55.988 21.987 92.986 77.985 35.984 31.983 27.982 105.981 70.981 42.980 33.979
0.000 30.575 43.983 53.399 51.858 51.329 50.796 50.252 50.690 50.119 48.461 48.172 45.607 54.060 53.537 43.556 44.557 42.438 29.629 0.000 0.000 0.000 0.000 0.000 0.000 0.000 0.000 0.000 13.859 0.000 0.000 0.000 0.000 0.000 0.000 0.000 42.865 52.865 63.864 51.862 40.860 44.858 41.856 46.854 39.852 58.850 76.848 64.846 10.846 0.000 0.000 25.994 51.994 56.994 62.995 60.995 48.995 38.994 51.993 83.993 102.991 123.990 103.989 86.988 120.987 113.985 95.984 55.983 28.982 103.981 75.981 47.980 34.979
27.647 39.167 53.658 53.138 52.622 52.107 51.586 52.052 51.514 49.890 49.640 47.091 55.290 54.653 45.127 46.277 47.219 25.477 0.000 0.000 0.000 0.000 0.000 0.000 0.000 0.000 0.000 0.000 0.000 0.000 0.000 0.000 0.000 0.000 0.000 0.000 40.868 44.867 62.866 21.863 1.861 51.859 42.857 45.854 41.851 29.849 48.846 63.845 50.844 9.843 0.000 0.000 16.994 59.995 61.996 54.997 42.996 51.996 102.995 93.994 74.992 75.991 76.990 76.988 76.987 77.986 79.984 50.983 30.982 102.981 78.981 41.980 35.979
31.127 54.787 54.346 53.872 53.385 52.891 52.386 51.880 51.289 51.074 48.544 56.631 55.953 46.598 47.815 46.805 42.293 1.754 0.000 0.000 0.000 0.000 0.000 0.000 0.000 0.000 0.000 0.000 0.000 0.000 0.000 0.000 0.000 0.000 0.000 0.000 41.871 52.870 36.869 0.000 5.862 48.860 45.857 12.854 2.851 33.847 47.845 62.843 59.842 28.842 0.000 0.000 0.000 0.000 28.999 43.999 27.998 88.998 89.996 38.995 44.994 86.992 57.990 29.988 75.987 65.986 45.985 43.983 34.982 102.981 73.980 30.979 31.979
48.947 56.507 55.069 54.617 54.155 54.681 53.209 52.656 52.479 49.975 58.009 57.317 46.975 49.227 48.221 48.599 17.937 0.000 0.000 0.000 0.000 0.000 0.000 0.000 0.000 0.000 0.000 0.000 0.000 0.000 0.000 0.000 0.000 0.000 0.000 8.879 61.876 59.873 63.871 60.869 56.865 56.862 50.859 9.855 2.850 33.845 46.842 64.840 71.840 34.841 0.000 0.000 0.000 0.000 23.002 36.002 56.001 103.000 65.998 25.997 93.995 94.993 43.990 30.989 51.987 107.986 66.985 34.984 34.983 97.982 115.980 102.979 107.978
58.643 56.225 55.805 55.375 54.933 56.494 53.978 53.848 51.383 59.402 58.702 42.286 46.493 50.553 47.021 24.300 0.000 0.000 0.000 0.000 0.000 0.000 0.000 0.000 0.000 0.000 0.000 0.000 0.000 0.000 0.000 0.000 0.000 0.000 0.000 60.882 59.880 60.877 62.874 61.870 59.867 60.863 53.860 8.858 0.000 34.841 46.837 69.835 42.837 0.000 0.000 0.000 0.000 21.008 51.006 30.005 95.003 89.002 33.000 88.999 101.997 50.993 38.991 41.988 36.987 67.985 106.984 63.984 26.983 97.982 100.981 74.979 16.977
49.323 55.946 56.551 56.140 55.731 55.246 55.161 52.734 60.758 60.104 25.519 30.698 33.582 52.253 35.877 0.000 0.000 0.000 0.000 0.000 0.000 0.000 0.000 50.365 39.365 0.000 0.000 0.000 0.000 0.000 0.000 0.000 0.000 0.000 0.000 37.887 31.884 34.880 38.876 33.872 32.868 31.865 33.862 37.858 31.852 24.841 39.830 18.824 0.000 0.000 0.000 0.000 0.000 23.010 46.009 37.007 38.006 38.004 30.003 51.001 52.000 0.000 0.000 12.987 42.986 35.985 57.984 50.984 32.983 65.982 13.981 0.000 11.976
28.040 43.686 56.309 58.928 56.465 56.410 53.992 61.885 61.364 34.683 0.000 44.037 0.000 55.874 24.377 0.000 0.000 0.000 0.000 0.000 0.000 0.000 0.000 57.365 51.364 0.000 0.000 0.000 0.000 0.000 0.000 0.000 0.000 23.924 0.000 38.894 34.890 34.884 34.879 34.874 34.870 34.866 34.863 36.860 14.857 0.000 9.819 40.808 10.798 0.000 0.000 0.000 24.015 55.013 43.012 42.011 34.009 35.007 35.005 33.003 47.002 7.003 0.000 0.000 13.985 38.985 33.984 46.984 45.983 0.000 0.000 0.000 11.975
19.805 27.448 50.089 54.663 57.621 55.160 62.666 62.318 41.570 17.376 0.000 60.690 58.591 45.003 0.000 0.000 0.000 0.000 0.000 0.000 0.000 0.000 60.371 66.367 37.363 0.000 0.000 0.000 0.000 0.000 0.000 0.000 0.000 40.924 38.918 35.907 34.898 31.887 35.880 35.875 35.871 35.867 35.864 38.862 11.860 0.000 0.000 38.791 38.787 8.782 0.000 0.000 9.016 42.016 35.015 34.014 33.012 33.009 33.007 33.004 34.003 43.003 0.000 0.000 0.000 6.984 39.984 42.984 40.983 0.000 0.000 0.000 35.975
23.590 34.221 38.844 36.743 48.298 63.075 62.920 46.559 25.321 18.823 0.000 40.416 53.083 26.543 0.000 0.000 0.000 0.000 48.413 54.410 46.403 44.390 53.376 46.367 36.358 0.000 0.000 0.000 0.000 0.000 0.000 0.000 0.000 38.930 35.924 34.916 8.907 0.000 40.879 34.876 34.872 34.868 34.864 35.863 9.861 0.000 0.000 39.778 38.778 9.777 0.000 0.000 39.018 35.019 35.019 35.018 34.016 34.012 38.009 0.000 5.003 8.003 0.000 0.000 0.000 0.000 39.984 34.983 34.983 35.983 0.000 7.974 37.974
35.335 48.973 24.689 23.561 63.141 63.138 49.556 36.281 32.616 37.454 0.000 7.479 42.781 0.000 0.000 0.000 0.000 44.420 48.416 50.413 48.410 0.000 0.000 0.000 48.345 32.332 0.000 0.000 0.000 0.000 0.000 0.000 6.950 48.941 45.933 20.926 0.000 0.000 53.882 39.878 35.872 34.867 38.864 15.863 0.000 14.756 52.759 33.766 37.769 9.771 0.000 0.000 0.000 40.025 35.024 39.023 6.023 0.000 0.000 0.000 0.000 0.000 0.000 0.000 0.000 0.000 39.983 34.983 34.983 39.983 0.000 0.000 11.974
56.044 44.628 24.690 20.188 63.104 24.600 30.325 32.551 36.225 54.808 64.257 52.238 0.000 0.000 0.000 0.000 42.426 36.423 42.420 57.416 56.414 0.000 0.000 0.000 0.000 49.318 0.000 0.000 0.000 34.997 0.000 0.000 50.959 49.952 55.942 48.928 13.914 67.901 64.889 62.880 60.873 52.865 33.861 20.862 0.000 28.754 81.754 35.758 36.761 10.766 0.000 0.000 0.000 45.030 31.030 36.029 7.028 0.000 0.000 0.000 0.000 0.000 0.000 0.000 0.000 35.983 37.983 39.983 33.983 38.983 0.000 0.000 8.974
64.632 51.728 34.029 62.703 20.627 22.413 21.579 21.219 30.784 58.316 53.722 24.980 0.000 0.000 41.435 7.434 49.430 41.426 52.423 47.418 26.416 0.000 0.000 0.000 0.000 53.305 29.301 0.000 0.000 30.997 38.997 42.990 44.976 46.965 36.953 33.931 41.913 41.901 61.891 44.882 38.872 36.861 16.852 0.000 4.759 23.751 91.746 47.750 13.753 0.000 0.000 0.000 3.037 58.037 31.036 38.034 10.033 0.000 0.000 0.000 0.000 0.000 0.000 0.000 14.983 37.983 52.983 50.983 43.983 2.983 0.000 0.000 9.974
62.691 60.933 62.279 39.562 27.464 23.605 23.240 21.814 28.401 43.948 39.335 0.000 0.000 0.000 44.437 65.436 60.433 61.430 43.426 0.000 0.000 0.000 0.000 0.000 44.292 35.296 27.296 0.000 0.000 0.000 43.004 46.998 46.989 46.980 30.973 0.000 37.906 38.899 62.893 48.884 42.873 28.856 35.833 50.801 70.768 59.744 83.730 48.743 12.748 0.000 0.000 0.000 0.000 56.044 32.042 33.039 38.036 0.000 0.000 0.000 0.000 0.000 0.000 0.000 0.000 7.983 56.983 53.983 6.983 0.000 0.000 0.000 5.974
60.773 62.221 61.423 60.434 42.578 22.224 22.807 23.421 22.052 24.741 0.000 0.000 0.000 0.000 60.440 50.439 48.437 44.433 0.000 0.000 0.000 0.000 0.000 45.287 36.288 32.290 15.293 0.000 0.000 0.000 43.016 51.010 60.001 58.993 60.987 48.987 0.000 6.897 65.895 49.889 23.881 0.000 38.824 48.801 75.768 37.726 21.689 0.000 0.000 0.000 0.000 0.000 9.062 47.055 34.049 35.043 38.038 11.034 0.000 0.000 0.000 0.000 0.000 0.000 0.000 0.000 13.983 14.983 0.000 0.000 0.000 0.000 6.974
62.227 61.204 63.315 63.477 47.147 23.745 26.371 26.008 23.646 24.223 0.000 40.447 0.000 6.446 54.444 54.444 61.443 0.000 0.000 19.357 7.356 0.000 0.000 40.286 34.284 28.282 0.000 0.000 0.000 0.000 41.034 42.025 44.013 43.003 40.994 32.988 0.000 0.000 67.903 53.894 38.882 1.864 37.838 48.812 72.775 28.704 24.610 7.544 0.000 0.000 0.000 0.000 9.070 54.063 33.055 35.046 35.037 36.031 40.026 12.024 0.000 0.000 0.000 0.000 0.000 0.000 0.000 0.000 0.000 0.000 0.000 0.000 0.000
61.916 64.115 63.305 64.004 37.621 28.265 47.921 41.593 23.300 0.990 0.000 37.447 52.447 57.447 43.447 64.448 56.448 0.000 0.000 33.357 64.356 16.351 0.000 41.288 35.280 32.271 0.000 0.000 49.116 45.095 41.062 43.042 48.025 48.010 45.997 56.984 48.965 8.944 67.920 59.903 59.888 51.871 32.853 50.834 58.818 0.000 27.502 10.479 0.000 0.000 0.000 0.000 19.084 58.074 30.063 32.048 33.035 34.027 39.023 11.022 0.000 0.000 0.000 0.000 0.000 0.000 0.000 0.000 0.000 0.000 0.000 0.000 0.000
