results1/res_4e8f-0199.wd
ncols         241
nrows         181
xllcorner     12693529.787448
yllcorner     3542525.717860
cellsize      155.156523
NODATA_value  -9999.000000
[rows 0 to 32 of 181, columns 146 to 218 of 241]
0.000 0.000 0.000 0.000 0.000 0.000 0.000 0.000 0.000 0.000 0.000 0.000 0.000 0.000 5.810 16.660 17.420 17.126 16.801 16.466 16.136 15.828 15.553 15.319 15.128 14.979 14.870 14.793 14.745 14.719 14.707 19.703 0.000 0.000 0.000 0.000 0.000 0.000 0.000 0.000 0.000 0.000 0.000 0.000 0.000 0.000 0.000 0.000 0.000 19.995 26.995 0.000 0.000 46.149 51.149 0.000 0.000 0.000 0.000 0.000 0.000 0.000 0.000 0.000 0.000 0.000 0.000 0.000 0.000 0.000 0.000 0.000 0.000
0.000 0.000 0.000 0.000 0.000 0.000 0.000 0.000 0.000 0.000 0.000 0.000 0.000 1.356 16.959 17.751 17.474 17.156 16.813 16.459 16.114 15.794 17.512 16.275 15.086 14.941 14.836 14.766 14.724 14.704 14.699 19.699 0.000 0.000 0.000 0.000 0.000 0.000 0.000 0.000 0.000 0.000 0.000 0.000 0.000 0.000 0.000 0.000 16.995 38.995 14.995 0.000 25.149 58.149 52.149 0.000 0.000 0.000 0.000 0.000 0.000 0.000 0.000 0.000 0.000 0.000 0.000 0.000 37.145 0.000 0.000 0.000 0.000
0.000 0.000 0.000 0.000 0.000 0.000 0.000 0.000 0.000 0.000 0.000 0.000 0.000 20.590 19.244 17.911 17.570 17.212 16.833 16.445 16.068 17.723 17.426 15.185 14.998 14.862 14.768 14.710 14.680 14.673 16.689 10.694 0.000 0.000 0.000 0.000 0.000 0.000 0.000 0.000 0.000 0.000 0.000 0.000 0.000 0.000 0.000 0.000 28.995 0.000 0.000 20.149 51.149 13.149 0.000 0.000 0.000 0.000 0.000 0.000 0.000 0.000 0.000 0.000 6.146 0.000 0.000 0.000 40.145 12.145 0.000 0.000 0.000
0.000 0.000 0.000 0.000 0.000 0.000 0.000 0.000 0.000 0.000 0.000 0.000 3.099 20.008 18.515 18.080 17.683 17.287 16.864 16.421 16.989 16.603 15.285 15.040 14.861 14.740 14.665 14.625 14.613 20.620 0.000 0.000 0.000 0.000 0.000 0.000 0.000 0.000 0.000 0.000 0.000 0.000 0.000 13.996 0.000 0.000 0.000 12.995 72.995 2.995 0.000 26.149 53.149 0.000 0.000 0.000 0.000 0.000 0.000 0.000 0.000 0.000 12.146 18.146 37.146 0.000 0.000 30.145 39.145 40.145 12.145 0.000 0.000
0.000 0.000 0.000 0.000 0.000 0.000 0.000 0.000 0.000 0.000 0.000 8.178 1.354 3.016 18.729 18.210 17.796 17.390 16.914 16.384 16.863 16.416 15.072 14.828 14.667 14.572 14.526 14.513 15.526 16.573 0.000 0.000 0.000 0.000 0.000 0.000 0.000 0.000 0.000 0.000 0.000 0.000 14.996 37.996 32.996 0.000 0.000 28.995 56.995 0.000 0.000 0.000 53.149 8.150 0.000 0.000 0.000 0.000 0.000 0.000 0.000 0.000 52.146 56.146 58.146 0.146 0.000 43.145 38.145 38.145 48.145 0.000 0.000
0.000 0.000 0.000 0.000 0.000 0.000 0.000 0.000 0.000 0.000 10.900 3.500 1.869 1.294 1.428 16.235 17.899 17.564 17.019 18.339 17.663 15.126 14.758 14.531 14.408 14.356 14.352 14.376 20.407 0.000 0.000 0.000 0.000 0.000 0.000 0.000 0.000 0.000 0.000 0.000 0.000 0.000 0.000 17.996 38.996 30.996 28.996 10.996 41.996 14.996 0.000 0.000 38.150 51.150 42.150 40.150 49.150 0.000 0.000 0.000 0.000 0.000 52.147 54.146 59.146 38.146 27.146 44.146 47.145 0.000 0.000 0.000 12.142
0.000 0.000 0.000 0.000 0.000 0.000 0.000 0.000 0.000 0.000 7.299 4.003 3.634 3.137 0.444 0.636 11.002 18.949 18.257 18.292 15.323 14.667 14.303 14.132 14.077 14.093 14.150 14.231 9.319 0.000 0.000 0.000 0.000 0.000 35.005 68.005 2.005 0.000 8.005 49.005 0.000 0.000 0.000 14.996 38.996 51.996 86.996 48.996 49.996 20.996 0.000 0.000 35.150 54.150 39.150 35.150 52.150 0.000 0.000 0.000 0.000 0.000 39.147 45.147 41.146 41.146 45.146 48.146 56.145 0.000 0.000 0.000 35.142
0.000 0.000 0.000 0.000 0.000 0.000 0.000 0.000 0.000 30.551 30.995 7.569 3.182 3.421 3.071 0.801 0.373 5.971 18.770 16.248 14.669 13.918 13.655 13.617 13.676 13.786 14.926 12.078 0.000 0.000 0.000 0.000 0.000 0.000 10.005 56.005 63.005 45.005 37.005 9.005 0.000 0.000 0.000 0.000 0.000 12.996 79.996 58.996 5.996 0.000 0.000 0.000 0.000 47.150 62.150 60.150 62.150 54.150 46.149 49.149 48.148 57.148 61.147 58.147 59.146 59.146 54.146 49.145 46.145 0.000 0.000 0.000 0.000
0.000 0.000 0.000 0.000 0.000 0.000 0.000 0.000 24.668 42.108 43.560 33.067 9.650 2.066 3.077 0.845 2.811 8.147 6.604 16.259 13.189 12.678 12.783 13.003 13.223 14.451 14.689 0.000 0.000 0.000 0.000 0.000 0.000 0.000 0.000 8.005 54.005 64.005 69.005 8.005 0.000 0.000 0.000 0.000 0.000 8.996 51.996 43.996 48.996 15.996 0.000 0.000 31.150 59.150 44.150 38.150 45.150 57.150 45.149 44.149 53.148 62.148 49.147 45.147 48.147 54.146 60.146 62.145 60.145 46.144 37.144 20.143 29.143
0.000 0.000 0.000 0.000 0.000 0.000 0.000 20.799 30.229 45.652 43.069 43.489 35.909 12.338 1.211 4.763 14.302 6.474 2.257 3.047 6.150 10.824 11.794 12.391 12.763 18.107 0.000 0.000 0.000 0.000 0.000 0.000 8.006 6.006 0.000 0.000 21.005 67.005 20.005 0.000 0.000 0.000 0.000 0.000 0.000 47.997 57.996 33.996 49.996 69.995 9.995 0.000 37.151 61.151 40.150 34.150 37.150 50.150 39.149 39.149 41.149 43.148 40.148 41.147 35.147 39.146 45.146 46.145 44.145 53.144 55.144 58.143 66.143
0.000 0.000 0.000 0.000 0.000 0.000 25.927 24.369 47.796 44.201 43.577 42.911 43.161 38.216 20.721 12.436 8.125 0.000 0.050 4.373 2.161 3.357 11.179 12.004 17.330 0.000 0.000 0.000 0.000 0.000 0.000 3.006 45.006 4.006 0.000 0.000 28.005 68.005 7.005 0.000 0.000 0.000 0.000 0.000 42.998 86.998 19.997 22.996 44.995 71.995 11.995 0.000 34.151 59.151 39.151 32.151 35.150 37.150 33.150 32.149 39.149 55.148 38.148 34.147 48.147 44.146 41.146 48.145 48.145 51.144 60.144 64.143 51.143
0.000 0.000 0.000 0.000 0.000 29.975 18.485 46.954 45.385 44.779 44.127 43.415 42.608 42.643 39.445 25.139 4.437 0.359 0.072 46.262 4.537 0.082 0.106 14.116 10.223 0.000 0.000 0.000 0.000 0.000 0.000 3.006 41.006 36.006 45.006 57.006 61.006 51.005 0.000 0.000 6.002 42.001 57.001 62.000 85.999 41.999 0.000 0.000 46.995 34.995 0.000 0.000 37.151 64.151 51.151 35.151 83.151 111.150 60.150 36.150 52.149 99.149 51.148 28.148 93.147 66.146 41.146 48.145 50.145 40.144 49.144 62.143 45.143
0.000 0.000 0.000 0.000 0.000 19.464 41.083 47.578 46.013 45.400 44.739 44.016 43.212 42.301 42.286 41.195 30.370 4.975 50.860 47.917 0.372 0.154 0.054 0.060 0.000 0.000 0.000 0.000 0.000 0.000 6.006 40.006 36.006 41.006 55.006 65.006 49.006 36.005 1.005 0.000 4.002 51.001 50.001 46.000 85.000 44.999 0.000 0.000 25.994 17.994 0.000 30.152 58.152 60.152 54.152 42.151 41.151 74.151 115.150 53.150 46.149 103.149 54.148 28.148 100.147 70.147 33.146 35.145 41.145 32.144 46.144 45.143 33.142
0.000 0.000 0.000 0.000 23.989 34.335 49.805 47.263 46.687 46.072 45.411 44.698 43.920 43.080 42.120 41.382 40.241 52.589 52.263 1.022 0.511 9.621 0.000 0.000 0.000 0.000 0.000 0.000 1.006 56.006 59.006 41.006 40.006 55.006 65.006 51.006 34.006 36.005 36.004 34.004 32.003 44.002 47.001 57.000 97.000 31.000 0.000 0.000 62.994 12.994 0.000 27.152 57.152 57.152 44.152 36.152 32.152 42.151 39.151 79.150 110.150 127.149 108.149 97.148 123.147 117.147 108.146 54.145 34.145 51.144 46.143 35.143 30.142
0.000 0.000 0.000 25.179 34.643 52.083 48.538 47.982 47.401 46.788 46.137 45.442 44.710 43.868 43.323 40.954 52.627 52.623 36.827 19.125 6.284 0.000 0.000 0.000 0.000 0.000 0.000 0.000 42.006 9.006 0.000 20.006 58.006 62.006 54.007 39.007 5.007 0.000 3.004 38.004 34.003 44.002 43.001 66.001 63.000 0.000 0.000 4.993 65.993 11.993 0.000 25.153 55.153 67.153 46.153 52.152 75.152 52.152 34.151 58.151 81.150 115.150 81.149 61.148 109.148 99.147 74.146 43.145 29.145 100.144 68.143 40.143 30.142
0.000 0.000 0.000 30.715 50.321 49.817 49.281 48.726 48.147 47.542 47.904 47.244 45.484 45.060 42.485 52.693 52.638 40.404 42.024 39.641 23.601 4.599 0.000 0.000 0.000 0.000 0.000 44.005 13.006 0.000 0.000 0.000 26.006 58.007 36.007 34.008 40.008 3.009 0.000 39.005 37.004 43.003 44.001 66.000 61.999 0.000 0.000 25.993 72.993 8.993 0.000 27.153 58.153 61.153 42.153 42.153 88.153 123.153 72.152 40.152 56.151 103.150 63.149 30.149 96.148 83.147 41.146 33.145 26.145 107.144 71.143 43.143 44.142
0.000 0.000 31.329 48.645 52.109 50.582 50.045 49.493 48.921 49.325 47.715 47.014 46.675 44.102 53.135 52.846 41.908 42.758 41.756 32.102 12.848 0.000 0.000 0.000 0.000 0.000 0.000 40.005 14.005 0.000 0.000 0.000 0.000 0.000 0.000 39.008 36.009 35.009 37.008 39.006 35.005 43.003 45.002 57.000 52.998 14.996 33.994 66.993 17.992 0.000 0.000 27.154 54.154 60.154 46.154 31.154 33.154 58.153 45.153 27.152 45.151 100.151 56.150 22.149 93.148 78.147 36.146 32.146 28.145 106.144 71.143 43.143 34.142
0.000 30.606 44.013 53.428 51.886 51.357 50.824 50.279 50.716 50.144 48.485 48.196 45.631 54.083 53.558 43.577 44.578 42.458 29.648 0.000 0.000 0.000 0.000 0.000 0.000 0.000 0.000 0.000 14.005 0.000 0.000 0.000 0.000 0.000 0.000 0.000 43.011 53.010 64.009 52.007 41.005 45.004 42.002 47.000 39.997 58.995 76.993 64.992 10.991 0.000 0.000 26.154 52.154 57.155 63.155 61.155 49.155 39.154 52.154 84.153 103.152 124.151 104.150 87.149 121.148 114.147 96.146 56.146 29.145 104.144 76.143 48.143 35.142
27.679 39.199 53.690 53.168 52.651 52.136 51.615 52.080 51.541 49.917 49.666 47.117 55.315 54.677 45.150 46.300 47.241 25.500 0.000 0.000 0.000 0.000 0.000 0.000 0.000 0.000 0.000 0.000 0.000 0.000 0.000 0.000 0.000 0.000 0.000 0.000 41.013 45.013 63.011 22.008 2.006 52.004 43.002 46.000 41.997 29.994 48.992 63.990 50.989 9.989 0.000 0.000 17.155 60.155 62.156 55.157 43.156 52.156 103.155 94.154 75.153 76.152 77.151 77.149 77.148 78.147 80.147 51.146 31.145 103.144 79.143 42.143 36.142
31.160 54.819 54.378 53.903 53.415 52.921 52.415 51.909 51.318 51.102 48.572 56.658 55.979 46.623 47.839 46.828 42.314 1.773 0.000 0.000 0.000 0.000 0.000 0.000 0.000 0.000 0.000 0.000 0.000 0.000 0.000 0.000 0.000 0.000 0.000 0.000 42.017 53.016 37.014 0.000 6.007 49.005 46.003 13.000 2.996 33.993 47.990 62.988 59.988 28.988 0.000 0.000 0.000 0.000 29.159 44.158 28.158 89.157 90.156 39.155 45.154 87.153 58.151 30.150 76.149 66.148 46.147 44.146 35.145 103.144 74.143 31.142 32.142
48.981 56.541 55.102 54.650 54.187 54.713 53.240 52.686 52.509 50.004 58.038 57.345 47.002 49.252 48.246 48.622 17.959 0.000 0.000 0.000 0.000 0.000 0.000 0.000 0.000 0.000 0.000 0.000 0.000 0.000 0.000 0.000 0.000 0.000 0.000 9.024 62.021 60.019 64.016 61.014 57.010 57.007 51.004 10.001 2.996 33.991 46.987 64.985 71.986 34.987 0.000 0.000 0.000 0.000 23.161 36.161 56.160 103.159 66.158 26.157 94.155 95.153 44.151 31.150 52.149 108.147 67.147 35.146 35.145 98.144 116.143 103.142 108.141
58.678 56.260 55.839 55.408 54.966 56.527 54.010 53.880 51.414 59.433 58.732 42.314 46.521 50.579 47.047 24.325 0.000 0.000 0.000 0.000 0.000 0.000 0.000 0.000 0.000 0.000 0.000 0.000 0.000 0.000 0.000 0.000 0.000 0.000 0.000 61.027 60.025 61.022 63.019 62.015 60.012 61.009 54.006 9.003 0.000 34.986 46.982 69.980 42.983 0.000 0.000 0.000 0.000 21.166 51.164 30.163 95.162 89.161 33.160 89.158 102.157 51.154 39.152 42.150 37.148 68.147 107.147 64.146 27.145 98.144 101.143 75.142 17.141
49.359 55.982 56.586 56.175 55.766 55.280 55.194 52.767 60.791 60.136 25.549 30.727 33.610 52.281 35.904 0.000 0.000 0.000 0.000 0.000 0.000 0.000 0.000 50.506 39.506 0.000 0.000 0.000 0.000 0.000 0.000 0.000 0.000 0.000 0.000 38.032 32.029 35.025 39.021 34.017 33.014 32.010 34.007 38.003 31.997 24.987 39.976 18.970 0.000 0.000 0.000 0.000 0.000 23.167 46.166 37.165 38.164 38.163 30.161 51.160 52.159 0.000 0.000 13.149 43.148 36.147 58.146 51.146 33.145 66.144 14.144 0.000 12.140
28.077 43.723 56.345 58.963 56.501 56.445 54.026 61.920 61.398 34.717 0.000 44.067 0.000 55.903 24.404 0.000 0.000 0.000 0.000 0.000 0.000 0.000 0.000 57.506 51.505 0.000 0.000 0.000 0.000 0.000 0.000 0.000 0.000 24.068 0.000 39.039 35.035 35.029 35.024 35.019 35.015 35.011 35.008 37.005 15.003 0.000 9.965 40.953 10.943 0.000 0.000 0.000 24.171 55.170 43.169 42.168 34.166 35.165 35.163 33.162 47.161 7.161 0.000 0.000 14.147 39.147 34.146 47.146 46.146 0.000 0.000 0.000 12.139
19.842 27.485 50.126 54.700 57.657 55.196 62.702 62.353 41.606 17.412 0.000 60.721 58.622 45.033 0.000 0.000 0.000 0.000 0.000 0.000 0.000 0.000 60.512 66.507 37.504 0.000 0.000 0.000 0.000 0.000 0.000 0.000 0.000 41.068 39.063 36.051 35.042 32.032 36.025 36.020 36.016 36.012 36.009 39.007 12.005 0.000 0.000 38.936 38.932 8.927 0.000 0.000 9.172 42.172 35.172 34.171 33.169 33.167 33.165 33.163 34.162 43.162 0.000 0.000 0.000 7.146 40.146 43.146 41.146 0.000 0.000 0.000 36.139
23.629 34.259 38.882 36.781 48.335 63.113 62.956 46.596 25.357 18.859 0.000 40.448 53.114 26.574 0.000 0.000 0.000 0.000 48.554 54.550 46.544 44.530 53.517 46.508 36.499 0.000 0.000 0.000 0.000 0.000 0.000 0.000 0.000 39.074 36.069 35.060 9.051 0.000 41.024 35.021 35.017 35.013 35.009 36.007 10.006 0.000 0.000 39.923 38.923 9.922 0.000 0.000 39.174 35.175 35.175 35.174 34.172 34.169 38.167 0.000 5.162 8.162 0.000 0.000 0.000 0.000 40.146 35.146 35.146 36.145 0.000 8.138 38.138
35.374 49.012 24.728 23.600 63.178 63.176 49.594 36.318 32.653 37.491 0.000 7.512 42.813 0.000 0.000 0.000 0.000 44.560 48.557 50.554 48.551 0.000 0.000 0.000 48.486 32.472 0.000 0.000 0.000 0.000 0.000 0.000 7.094 49.085 46.077 21.070 0.000 0.000 54.026 40.022 36.017 35.012 39.009 16.007 0.000 14.901 52.904 33.911 37.914 9.916 0.000 0.000 0.000 40.179 35.179 39.178 6.178 0.000 0.000 0.000 0.000 0.000 0.000 0.000 0.000 0.000 40.146 35.146 35.145 40.145 0.000 0.000 12.138
56.084 44.668 24.730 20.228 63.142 24.639 30.363 32.589 36.263 54.845 64.293 52.274 0.000 0.000 0.000 0.000 42.567 36.563 42.560 57.557 56.555 0.000 0.000 0.000 0.000 49.459 0.000 0.000 0.000 35.140 0.000 0.000 51.103 50.096 56.086 49.072 14.059 68.046 65.033 63.025 61.017 53.010 34.005 21.006 0.000 28.899 81.899 35.903 36.907 10.911 0.000 0.000 0.000 45.184 31.184 36.183 7.182 0.000 0.000 0.000 0.000 0.000 0.000 0.000 0.000 36.145 38.145 40.145 34.145 39.145 0.000 0.000 9.138
64.674 51.769 34.070 62.743 20.667 22.453 21.619 21.258 30.823 58.355 53.759 25.017 0.000 0.000 41.575 7.574 49.570 41.567 52.563 47.559 26.557 0.000 0.000 0.000 0.000 53.446 29.442 0.000 0.000 31.140 39.140 43.134 45.120 47.109 37.097 34.076 42.058 42.046 62.035 45.026 39.017 37.006 16.996 0.000 4.904 23.896 91.891 47.895 13.898 0.000 0.000 0.000 3.190 58.190 31.188 38.187 10.186 0.000 0.000 0.000 0.000 0.000 0.000 0.000 15.145 38.145 53.145 51.145 44.145 3.145 0.000 0.000 10.138
62.733 60.975 62.321 39.604 27.505 23.646 23.280 21.854 28.440 43.987 39.373 0.000 0.000 0.000 44.577 65.576 60.573 61.570 43.566 0.000 0.000 0.000 0.000 0.000 44.433 35.437 27.438 0.000 0.000 0.000 43.147 47.142 47.132 47.123 31.117 0.000 38.051 39.044 63.037 49.029 43.018 29.000 35.978 50.945 70.913 59.889 83.875 48.888 12.893 0.000 0.000 0.000 0.000 56.196 32.194 33.191 38.188 0.000 0.000 0.000 0.000 0.000 0.000 0.000 0.000 8.145 57.145 54.145 7.145 0.000 0.000 0.000 6.138
60.815 62.265 61.466 60.476 42.619 22.265 22.848 23.462 22.092 24.782 0.000 0.000 0.000 0.000 60.580 50.579 48.577 44.574 0.000 0.000 0.000 0.000 0.000 45.428 36.429 32.431 15.434 0.000 0.000 0.000 43.159 51.153 60.145 59.136 61.130 49.131 0.000 7.042 66.040 50.033 24.026 0.000 38.969 48.946 75.912 37.871 21.834 0.000 0.000 0.000 0.000 0.000 9.212 47.205 34.199 35.194 38.188 11.185 0.000 0.000 0.000 0.000 0.000 0.000 0.000 0.000 14.145 15.145 0.000 0.000 0.000 0.000 7.138
62.271 61.247 63.358 63.520 47.189 23.787 26.413 26.048 23.687 24.266 0.000 40.587 0.000 6.586 54.584 54.584 61.583 0.000 0.000 19.499 7.498 0.000 0.000 40.427 34.425 28.423 0.000 0.000 0.000 0.000 41.177 42.168 44.157 43.146 41.137 33.132 0.000 0.000 68.047 54.038 39.026 2.008 37.983 48.957 72.920 28.849 24.755 7.690 0.000 0.000 0.000 0.000 9.220 54.213 33.205 35.196 35.187 36.181 40.175 12.173 0.000 0.000 0.000 0.000 0.000 0.000 0.000 0.000 0.000 0.000 0.000 0.000 0.000
61.960 64.159 63.349 64.047 37.664 28.307 47.963 41.634 23.340 1.026 0.000 37.587 52.587 57.587 43.587 64.588 56.588 0.000 0.000 33.499 64.498 16.493 0.000 41.429 35.421 32.412 0.000 0.000 49.258 45.237 41.205 43.185 48.168 48.154 46.140 57.127 49.108 9.087 68.063 60.047 60.032 52.015 32.997 50.978 58.963 0.000 27.648 10.624 0.000 0.000 0.000 0.000 19.233 58.223 30.213 32.198 33.184 34.176 39.171 11.171 0.000 0.000 0.000 0.000 0.000 0.000 0.000 0.000 0.000 0.000 0.000 0.000 0.000
