results1/res_4e8f-0096.wd
ncols         241
nrows         181
xllcorner     12693529.787448
yllcorner     3542525.717860
cellsize      155.156523
NODATA_value  -9999.000000
[rows 66 to 98 of 181, columns 146 to 218 of 241]
23.982 38.910 60.842 61.778 61.717 61.659 61.602 61.545 61.489 64.443 0.427 0.000 0.000 0.000 0.000 0.000 0.000 0.000 30.015 5.016 0.000 12.013 42.009 42.009 42.010 49.011 55.010 55.007 55.001 54.994 54.985 54.975 54.965 54.954 54.944 56.935 41.928 42.924 34.922 0.000 0.000 0.000 0.000 0.000 10.005 16.990 25.963 19.928 0.000 0.000 10.356 31.314 39.263 33.211 28.160 28.111 18.063 15.017 14.972 17.929 38.888 50.848 45.810 34.774 41.739 48.707 52.676 52.647 51.620 51.594 51.570 51.548 51.527
27.046 45.975 63.907 61.845 61.788 61.734 61.681 61.626 66.563 55.499 25.492 22.491 0.000 0.000 0.000 0.000 0.000 1.014 3.014 0.000 0.000 0.000 11.998 42.998 51.998 54.997 54.995 54.992 54.988 58.982 56.975 54.967 54.959 54.951 53.944 45.937 39.931 45.927 35.925 0.000 0.000 0.000 0.000 1.993 15.994 20.986 16.974 0.000 0.000 0.000 12.265 15.244 29.211 38.171 27.128 26.084 24.040 14.997 14.954 13.912 19.872 43.833 50.796 35.760 37.726 39.694 41.664 45.635 49.608 51.583 52.559 51.537 51.516
32.108 53.036 62.967 61.907 61.855 61.809 59.764 58.714 13.639 0.000 29.491 35.491 0.490 0.000 0.000 0.000 0.000 0.000 0.000 0.000 0.000 0.000 24.988 44.987 54.986 54.985 54.983 54.980 54.976 56.972 55.966 54.960 54.954 55.948 45.943 43.938 46.933 41.929 33.927 0.000 0.000 0.000 0.000 19.992 22.992 0.000 0.000 0.000 0.000 20.172 22.195 32.188 35.165 46.134 44.097 32.058 21.017 12.976 14.935 14.894 9.855 23.817 40.780 44.745 49.712 46.680 39.650 44.622 47.596 47.571 45.547 47.525 50.505
37.168 60.093 64.019 64.960 61.918 62.882 57.852 3.829 0.000 28.490 29.491 34.491 42.490 0.000 0.000 0.000 0.000 0.000 0.000 0.000 0.000 7.977 30.979 43.977 55.975 54.973 54.971 54.969 54.966 55.962 54.958 54.953 54.949 51.945 45.942 10.940 0.000 0.000 0.000 0.000 0.000 0.000 0.000 15.992 22.991 0.000 0.000 0.000 37.141 23.150 18.155 46.147 51.129 52.102 56.070 50.034 37.995 17.956 14.915 14.876 12.837 13.799 19.763 20.729 27.696 35.665 42.635 46.608 47.582 48.557 44.534 47.513 48.493
19.230 24.151 34.055 9.997 66.975 63.951 48.932 25.920 0.000 0.000 0.000 0.000 0.000 0.000 0.000 0.000 0.000 0.000 0.000 0.000 0.000 8.975 33.973 36.967 52.964 54.963 54.961 54.959 58.956 57.953 54.950 54.947 55.944 46.941 49.940 0.000 0.000 0.000 0.000 0.000 0.000 0.000 0.000 0.000 9.991 18.990 0.000 0.000 68.132 31.132 13.128 44.118 52.101 52.077 52.047 55.013 53.975 33.936 16.896 14.857 12.818 15.781 16.745 24.711 29.678 18.648 18.619 23.592 28.566 34.543 39.520 43.499 47.479
65.299 44.225 0.000 0.000 71.034 63.014 50.006 32.001 0.000 0.000 0.000 0.000 0.000 0.000 0.000 0.000 0.000 0.000 0.000 0.000 0.000 0.000 0.000 38.954 54.953 54.952 54.951 54.949 56.947 55.945 54.942 54.940 55.938 43.937 53.937 0.000 0.000 0.000 0.000 0.000 0.000 0.000 0.000 0.000 0.000 0.000 0.000 0.000 5.125 21.117 14.108 44.097 52.080 52.057 53.029 52.995 52.957 45.916 21.876 17.837 15.799 12.762 33.726 45.692 51.660 35.630 28.601 24.575 22.550 19.527 19.505 19.485 47.465
41.383 0.000 0.000 68.236 68.112 66.067 57.076 42.076 0.000 0.000 0.000 0.000 0.000 0.000 0.000 0.000 0.000 0.000 0.000 0.000 0.000 0.000 20.936 43.941 55.942 54.942 54.942 55.940 54.939 54.937 54.935 54.933 55.932 48.932 13.934 0.000 0.000 0.000 0.000 0.000 0.000 0.000 0.000 0.000 0.000 0.000 0.000 0.000 0.000 18.104 17.092 35.080 50.065 53.044 47.016 42.981 48.941 39.898 22.856 21.817 30.779 25.741 48.705 52.671 51.639 49.610 49.582 46.556 44.532 41.510 37.489 29.469 49.451
68.447 58.451 64.422 20.360 0.000 0.000 63.154 37.152 0.000 0.000 0.333 0.000 0.000 0.000 0.000 0.000 0.000 0.000 0.000 0.000 0.000 0.000 36.931 48.932 55.933 54.934 54.933 56.932 56.931 54.929 54.928 54.926 53.925 49.924 0.000 0.000 0.000 0.000 0.000 0.000 0.000 0.000 0.000 0.000 0.000 0.000 0.000 0.000 0.000 0.000 6.075 32.068 50.057 51.040 32.010 34.974 36.930 33.876 18.835 15.797 38.758 47.720 51.683 53.649 53.617 54.589 52.562 52.537 53.514 52.492 53.472 53.453 52.435
70.505 62.486 67.455 18.422 0.000 0.000 54.234 2.231 0.000 0.000 32.336 0.000 0.000 0.000 0.000 0.000 0.000 0.000 0.000 0.000 0.000 0.000 39.924 51.925 55.926 54.926 54.925 55.925 55.924 54.922 54.921 55.919 51.918 46.916 0.000 0.000 0.000 0.000 0.000 0.000 0.000 0.000 0.000 0.000 0.000 0.000 0.000 0.000 0.000 0.015 11.064 27.061 49.055 51.048 0.000 0.000 0.000 23.843 17.810 12.777 26.739 45.697 51.658 53.624 53.593 53.565 51.540 51.516 52.494 51.473 51.454 52.436 52.419
62.583 62.533 62.490 60.452 47.421 33.377 26.317 25.303 21.325 24.334 27.336 27.337 0.000 0.000 0.000 0.000 0.000 0.000 0.891 2.892 0.000 0.000 38.917 52.918 54.918 54.919 54.918 54.918 54.917 54.916 54.914 54.913 36.911 31.908 29.902 24.899 0.000 0.000 0.000 0.000 0.000 0.000 0.000 0.000 0.000 0.000 0.000 0.000 2.056 28.057 19.058 23.057 43.053 44.050 17.050 0.000 0.000 0.000 14.786 19.762 18.723 37.670 50.630 51.596 51.567 51.540 51.516 51.494 51.473 51.453 51.435 51.418 51.402
62.627 62.572 62.521 61.475 58.433 60.393 34.356 13.339 51.338 24.339 28.339 4.338 0.000 0.000 0.000 0.000 0.000 0.000 0.891 46.892 0.000 0.000 37.910 51.911 55.912 54.912 56.912 57.912 55.911 54.910 54.908 52.907 45.905 36.902 37.899 36.897 0.000 0.000 0.000 0.000 0.000 0.000 0.000 0.000 0.000 0.000 0.000 0.000 0.000 31.056 23.056 30.054 45.052 40.050 46.050 0.000 0.000 0.000 0.000 0.000 0.000 27.632 50.594 51.565 51.538 51.514 51.491 51.470 51.451 51.433 51.416 51.399 51.384
62.663 62.608 63.547 65.493 62.446 62.405 61.375 62.358 53.350 31.347 3.343 0.000 0.000 0.000 0.000 0.000 0.000 0.000 0.000 39.893 26.895 16.897 32.903 54.905 54.906 54.906 54.907 54.906 54.906 54.905 54.903 54.901 52.899 31.897 35.895 42.893 0.000 0.000 0.000 0.000 0.000 0.000 0.000 0.000 0.000 0.000 0.000 0.000 0.000 43.056 0.000 10.052 33.051 40.050 1.049 0.000 0.000 0.000 0.000 0.000 0.000 0.000 39.550 52.531 51.508 51.485 51.465 51.446 51.428 51.411 51.396 51.381 51.366
65.702 61.650 58.567 60.504 63.452 63.406 65.382 62.367 60.359 47.355 0.000 0.000 0.000 0.000 0.000 0.000 0.000 0.000 0.000 0.000 30.894 22.895 38.898 56.900 54.901 54.902 54.902 54.901 54.901 54.900 54.898 54.897 55.895 44.893 31.890 35.888 41.884 0.000 0.000 0.000 0.000 0.000 0.000 0.000 0.000 0.000 0.000 0.000 0.000 0.000 0.000 0.000 18.049 37.049 0.000 0.000 0.000 0.000 0.000 0.000 0.000 0.000 27.525 48.501 51.477 51.456 51.437 51.420 51.404 51.389 51.375 51.361 51.348
58.747 19.722 0.000 0.000 0.000 55.388 60.378 66.369 62.363 51.360 1.361 0.000 35.360 5.360 0.000 0.000 0.000 0.000 0.000 0.000 22.892 26.893 47.894 55.896 56.897 57.897 54.898 54.897 54.897 54.896 54.894 54.893 54.891 55.889 34.886 16.884 25.881 0.000 0.000 0.000 0.000 0.000 0.000 0.000 0.000 0.000 0.000 0.000 0.000 0.000 0.000 0.000 7.048 40.048 0.000 0.000 0.000 0.000 0.000 0.000 0.000 0.000 0.000 28.472 48.444 51.424 51.408 51.394 51.380 51.367 51.354 51.342 51.330
53.784 10.770 0.000 0.000 30.379 28.379 45.374 64.369 61.365 46.362 27.361 31.361 35.360 1.360 0.000 0.000 0.000 0.000 0.000 0.000 23.889 34.890 54.891 54.892 57.893 57.894 54.894 54.894 54.893 54.892 54.891 54.889 54.887 55.885 51.882 46.880 35.876 15.872 9.869 0.000 0.000 0.000 0.000 0.000 0.000 0.000 0.000 0.000 0.000 0.000 0.000 0.000 9.047 1.047 0.000 0.000 0.000 0.000 0.000 0.000 0.000 0.000 0.000 0.000 33.401 49.390 51.378 51.367 51.356 51.345 51.334 51.323 51.312
59.813 40.805 12.811 0.000 0.000 30.375 30.371 52.368 64.365 42.363 29.361 34.361 12.360 0.000 0.000 0.000 0.000 0.000 22.882 15.883 20.885 37.887 56.888 56.889 57.890 54.891 54.891 54.891 54.890 54.889 54.888 54.886 54.884 54.882 54.879 56.876 45.873 33.870 22.867 23.864 16.862 7.861 12.860 0.000 0.000 0.000 0.000 0.000 0.000 0.000 0.000 0.000 12.047 0.000 0.000 0.000 0.000 0.000 0.000 0.000 0.000 0.000 0.000 0.000 18.369 46.358 50.348 51.339 51.331 51.323 51.314 51.305 51.294
62.833 53.824 6.818 0.000 0.000 0.000 29.369 34.366 61.364 49.363 30.361 33.361 8.360 0.000 0.000 0.000 0.000 0.000 25.881 18.882 21.883 39.885 58.886 57.887 55.888 55.889 54.889 54.889 54.888 54.887 54.886 55.884 55.882 55.880 49.877 40.873 44.871 51.868 44.865 42.863 30.861 17.860 24.860 0.000 0.000 0.000 0.000 0.000 0.000 0.000 0.000 0.000 0.000 0.000 0.000 0.000 0.000 0.000 0.000 0.000 0.000 0.000 0.000 0.000 10.347 41.327 51.318 53.312 53.307 53.302 52.296 51.288 51.278
62.848 37.842 0.000 0.000 0.000 0.000 0.000 36.364 49.363 43.362 42.361 39.361 29.360 7.360 0.000 0.000 0.000 0.000 24.880 17.880 22.881 37.882 49.884 46.885 41.887 43.888 48.888 53.888 55.887 55.885 53.884 43.883 41.881 46.878 35.874 32.871 32.868 43.866 47.864 42.862 28.860 17.859 0.000 0.000 0.000 0.000 0.000 0.000 0.000 0.000 0.000 0.000 0.000 0.000 0.000 0.000 0.000 0.000 0.000 0.000 0.000 0.000 0.000 0.000 0.000 23.283 29.284 31.284 31.283 32.282 41.279 50.273 51.265
61.859 27.854 0.000 0.000 0.000 0.000 0.000 31.363 25.362 24.362 32.361 32.361 32.360 28.360 1.360 0.000 0.000 0.000 29.878 24.879 29.879 39.880 42.882 45.884 3.885 0.000 0.000 0.000 55.885 52.884 41.882 0.000 0.000 0.000 34.871 66.868 59.866 38.864 44.862 38.860 27.859 12.858 15.857 0.000 0.000 0.000 0.000 0.000 0.000 0.000 0.000 0.000 0.000 0.000 0.000 0.000 0.000 0.000 0.000 0.000 2.172 23.173 34.178 33.189 51.208 59.239 60.252 58.258 60.261 47.263 30.264 48.263 51.256
59.866 24.862 0.000 0.000 0.000 0.000 0.000 31.362 27.362 6.362 0.000 0.000 0.000 0.000 0.000 0.000 0.000 0.000 35.877 29.877 24.877 20.878 6.880 0.000 0.000 0.000 0.000 0.000 0.000 0.000 28.879 0.000 0.000 0.000 0.000 29.864 62.863 22.862 23.860 22.859 18.858 21.857 68.856 27.855 0.000 0.000 0.000 0.000 0.000 0.000 0.000 0.000 0.000 0.000 0.000 0.000 0.000 0.000 0.000 0.000 0.000 70.168 66.173 48.182 49.196 46.214 47.226 69.234 62.241 48.247 28.252 37.257 36.256
45.869 26.867 20.867 0.000 0.000 0.000 0.000 0.000 29.362 13.362 0.000 0.000 0.000 0.000 0.000 0.000 0.000 0.000 35.875 35.875 36.875 19.876 0.000 0.000 0.000 0.000 0.000 0.000 0.000 0.000 24.875 1.874 0.000 0.000 0.000 28.862 77.862 41.861 44.859 39.858 24.857 42.856 96.855 93.854 24.854 0.000 0.000 0.000 0.000 0.000 0.000 0.000 0.000 0.000 0.000 0.000 0.000 1.123 0.000 0.000 0.000 73.158 40.163 48.171 39.182 20.194 31.204 74.213 40.222 27.232 34.242 0.000 0.000
29.871 29.868 15.868 0.000 0.000 0.000 0.000 0.000 0.000 0.000 0.000 0.000 0.000 0.000 0.000 0.000 0.000 0.000 38.874 29.873 23.873 21.873 0.000 0.000 0.000 0.000 0.000 0.000 0.000 21.873 14.874 39.874 35.873 0.000 0.000 34.861 40.861 32.860 75.858 64.856 35.856 0.000 52.854 107.854 0.000 0.000 0.000 0.000 0.000 0.000 0.000 0.000 0.000 0.000 0.000 0.000 52.123 90.124 81.125 77.128 24.134 68.144 36.151 25.158 72.166 53.175 73.184 54.192 24.202 32.217 0.000 0.000 0.000
32.871 33.869 25.868 0.000 0.000 0.000 0.000 0.000 0.000 0.000 0.000 0.000 0.000 0.000 0.000 0.000 0.000 0.000 0.000 33.872 23.871 1.871 0.000 0.000 0.000 0.000 0.000 0.000 0.000 23.872 20.873 0.000 0.000 0.000 0.000 8.861 0.000 0.000 0.000 30.852 0.000 0.000 8.853 74.853 29.853 0.000 0.000 0.000 0.000 0.000 0.000 0.000 0.000 0.000 0.000 0.000 8.123 0.000 52.124 56.126 7.129 68.134 45.139 18.144 36.150 86.157 100.164 34.171 22.177 0.000 0.000 0.000 0.000
31.869 32.868 32.867 36.866 28.865 0.000 0.000 0.000 0.000 0.000 0.000 0.000 0.000 0.000 0.000 0.000 0.000 0.000 0.000 23.870 19.870 3.870 0.000 0.000 0.000 0.000 0.000 0.000 24.871 21.871 0.000 0.000 0.000 0.000 0.000 0.000 0.000 0.000 0.000 34.848 0.000 0.000 8.853 0.000 0.000 0.000 0.000 0.000 0.000 0.000 0.000 0.000 0.000 0.000 0.000 0.000 0.000 0.000 28.122 47.123 6.124 70.125 50.127 20.130 69.134 72.139 67.145 75.152 39.158 0.000 0.000 0.000 12.065
33.867 11.867 22.866 31.865 31.864 31.864 30.863 0.000 0.000 0.000 0.000 0.000 0.000 0.000 0.000 0.000 0.000 0.000 0.000 25.869 21.869 5.869 0.000 0.000 0.000 0.000 0.000 0.000 0.000 27.871 0.000 0.000 0.000 0.000 0.000 0.000 0.000 0.000 0.000 21.844 25.843 2.843 0.000 0.000 0.000 0.000 0.000 0.000 0.000 0.000 0.000 0.000 0.000 0.000 0.000 0.000 0.000 0.000 31.120 51.119 11.118 71.116 56.114 70.115 70.117 29.121 22.126 67.133 16.145 0.000 0.000 13.048 21.055
38.863 0.000 0.000 28.864 17.864 0.000 30.863 20.863 0.000 0.000 0.000 0.000 0.000 0.000 0.000 0.000 0.000 0.000 0.000 24.868 21.868 9.868 0.000 0.000 0.000 0.000 0.000 0.000 0.000 0.000 0.000 0.000 0.000 0.000 0.000 0.000 0.000 0.000 37.842 54.843 15.842 0.000 0.000 0.000 0.000 0.000 0.000 0.000 0.000 0.000 0.000 0.000 0.000 0.000 0.000 0.000 0.000 0.000 66.118 52.117 13.113 71.105 68.100 60.098 52.099 38.102 39.106 8.110 0.000 0.000 0.000 16.041 23.044
35.858 0.000 0.000 15.864 7.864 0.000 0.000 0.000 0.000 39.805 35.805 26.805 0.000 0.000 0.000 0.000 0.000 0.000 0.000 28.867 24.867 6.867 0.000 0.000 0.000 0.000 0.000 0.000 0.000 0.000 0.000 0.000 0.000 0.000 0.000 0.000 0.000 0.000 0.841 84.842 50.842 0.000 0.000 0.000 0.000 0.000 0.000 0.000 0.000 0.000 0.000 0.000 0.000 0.000 0.000 0.000 0.000 0.000 0.000 0.000 0.000 45.094 86.082 65.079 64.079 62.082 65.086 13.091 0.000 0.000 1.031 15.031 16.034
51.852 0.000 0.000 0.000 0.000 37.819 24.818 0.000 35.807 29.806 29.805 21.804 0.000 0.000 0.000 0.000 0.000 0.000 0.000 28.866 23.867 11.867 0.000 0.000 0.000 0.000 0.000 0.000 0.000 0.000 0.000 0.000 0.000 0.000 0.000 0.000 0.000 0.000 0.000 28.841 20.841 0.000 0.000 0.000 0.000 0.000 0.000 0.000 0.000 0.000 0.000 0.000 0.000 0.000 0.000 0.000 0.000 0.000 0.000 0.000 0.000 0.000 28.057 29.057 27.058 27.060 24.065 20.078 0.000 0.000 0.000 15.020 13.022
62.844 51.837 33.833 34.829 33.825 27.820 28.817 29.813 27.809 32.806 31.805 22.804 19.803 0.000 0.000 0.000 0.000 0.000 0.000 15.866 0.000 0.000 0.000 0.000 0.000 0.000 0.000 0.000 0.000 0.000 0.000 0.000 0.000 0.000 0.000 0.000 0.000 0.000 0.000 0.000 27.841 0.000 0.000 0.000 0.000 0.000 0.000 0.000 0.000 0.000 0.000 0.000 0.000 0.000 0.000 0.000 0.000 0.000 0.000 0.000 0.000 0.000 16.032 15.034 15.035 31.036 26.036 0.000 0.000 0.000 0.000 28.008 40.010
62.840 56.836 26.832 26.829 26.826 9.821 10.817 14.813 24.809 33.806 30.804 22.803 25.803 14.802 0.000 0.000 0.000 0.000 0.000 0.000 0.000 0.000 0.000 0.000 0.000 0.000 0.000 0.000 0.000 0.000 0.000 0.000 0.000 0.000 0.000 0.000 0.000 0.000 0.000 0.000 0.000 0.000 0.000 0.000 0.000 0.000 0.000 0.000 0.000 0.000 0.000 0.000 0.000 0.000 0.000 0.000 0.000 0.000 0.000 0.000 7.986 10.992 15.007 15.012 17.014 36.013 26.008 8.995 0.000 0.000 22.985 43.993 50.998
62.836 60.834 30.832 27.830 7.828 0.000 0.000 0.000 0.000 24.805 27.803 25.802 18.802 0.000 0.000 0.000 0.000 0.000 0.000 0.000 0.000 0.000 0.000 0.000 0.000 0.000 0.000 0.000 0.000 0.000 0.000 0.000 0.000 0.000 0.000 0.000 0.000 0.000 0.000 0.000 0.000 0.000 0.000 0.000 0.000 0.000 0.000 0.000 0.000 0.000 0.000 0.000 0.000 0.000 0.000 0.000 0.000 0.000 0.000 0.000 18.980 15.984 14.990 10.994 23.995 40.994 24.990 13.982 8.974 8.973 32.977 49.982 50.987
62.833 60.833 13.832 17.831 0.000 0.000 0.000 0.000 0.000 0.000 15.802 28.801 20.801 0.000 0.000 0.000 0.000 0.000 0.000 0.000 0.000 0.000 0.000 0.000 0.000 0.000 0.000 0.000 0.000 0.000 0.000 0.000 0.000 0.000 0.000 0.000 0.000 0.000 0.000 0.000 0.000 0.000 0.000 0.000 0.000 0.000 0.000 0.000 0.000 0.000 0.000 0.000 0.000 0.000 0.000 0.000 0.000 0.000 0.000 12.965 10.970 9.974 14.977 28.979 41.979 31.978 15.975 13.971 15.968 12.967 33.969 51.973 50.977
62.830 36.831 0.000 0.000 0.000 0.000 0.000 0.000 0.000 0.000 0.000 18.800 25.799 23.798 0.000 0.000 0.000 0.000 0.000 0.000 0.000 0.000 0.000 0.000 0.000 0.000 0.000 0.000 0.000 0.000 0.000 0.000 0.000 0.000 0.000 0.000 0.000 0.000 0.000 0.000 0.000 0.000 0.000 0.000 0.000 0.000 0.000 0.000 0.000 0.000 0.000 0.000 0.000 0.000 0.000 0.000 17.952 9.953 7.956 19.960 33.963 38.965 40.966 40.965 26.965 14.963 13.961 13.960 12.958 14.959 37.961 52.964 50.967
