results1/res_4e8f-0239.wd
ncols         241
nrows         181
xllcorner     12693529.787448
yllcorner     3542525.717860
cellsize      155.156523
NODATA_value  -9999.000000
[rows 99 to 131 of 181, columns 73 to 145 of 241]
60.104 60.080 60.055 59.028 59.000 63.972 66.943 63.916 59.895 59.886 53.887 9.893 0.000 0.000 0.000 0.000 0.000 15.069 73.035 97.990 95.982 95.138 101.805 101.734 94.830 95.526 95.371 95.260 96.153 96.051 94.959 98.881 57.827 0.000 0.000 0.000 0.000 0.000 0.000 35.392 61.315 73.212 41.083 22.880 52.785 55.698 53.601 57.479 54.300 52.054 21.749 46.512 50.384 65.298 71.236 74.189 72.155 67.131 60.116 55.109 50.107 28.105 0.000 0.000 0.000 0.000 22.447 40.447 52.447 76.447 77.447 77.446 77.446
60.155 60.132 59.108 57.081 61.052 66.022 66.988 66.950 60.922 57.906 62.900 62.899 23.900 0.000 17.699 47.646 24.534 4.335 61.240 101.118 96.367 96.383 101.864 94.144 95.930 95.583 95.493 95.379 95.270 95.165 97.071 95.996 31.946 0.000 0.000 0.000 0.000 0.000 3.702 39.574 45.477 56.389 5.320 0.000 47.903 55.843 54.750 58.625 58.454 29.254 0.000 41.415 55.358 60.294 81.243 82.203 82.173 83.151 84.137 82.129 63.125 1.127 1.136 2.140 0.000 0.000 0.000 39.447 52.447 76.446 77.446 77.446 77.446
60.207 59.186 59.162 62.136 65.106 66.074 41.037 4.974 33.937 69.917 42.908 16.903 8.902 0.000 28.751 78.706 75.620 67.505 86.386 97.536 94.523 101.947 95.425 96.230 95.795 95.728 95.609 95.497 95.382 96.267 94.166 82.083 29.016 1.975 0.000 0.000 0.000 3.934 42.831 49.725 47.630 48.547 21.488 0.000 54.082 72.018 64.931 59.818 34.636 0.000 1.376 24.376 14.337 54.277 79.237 83.207 81.183 81.164 81.151 83.143 56.139 50.141 50.142 56.142 0.000 0.000 0.000 16.446 51.446 76.446 77.446 77.446 77.446
59.262 58.243 63.220 66.193 66.163 66.133 31.110 0.000 0.926 12.916 3.912 0.000 0.000 0.000 21.848 84.808 90.737 98.651 98.609 95.734 102.285 102.077 95.392 96.101 95.951 95.840 95.729 95.615 95.493 101.356 51.243 19.155 3.060 0.598 7.648 10.556 0.000 34.037 51.961 47.866 47.771 46.681 52.597 18.509 47.324 73.218 72.138 70.081 0.000 0.000 44.376 0.376 0.000 52.240 81.223 85.204 82.186 81.172 79.161 68.153 49.149 45.147 46.146 30.144 0.000 0.000 0.000 0.000 47.446 76.446 77.446 77.446 73.446
58.321 64.304 66.282 66.254 64.221 70.183 40.161 0.000 0.000 0.000 0.000 0.000 0.000 0.000 32.985 90.938 93.878 97.754 96.990 97.003 102.472 94.779 96.483 96.157 96.069 95.959 95.851 99.742 105.619 60.423 29.293 4.234 0.000 0.000 0.000 7.463 35.371 58.217 52.109 45.008 49.907 53.809 50.711 48.607 62.485 66.391 56.324 64.285 0.000 0.000 12.376 0.000 0.000 58.220 82.212 87.200 86.187 82.176 77.167 46.160 44.156 45.153 52.151 0.000 0.000 0.000 0.000 41.446 45.446 74.446 77.446 77.446 71.446
65.384 66.370 66.348 65.320 43.283 9.219 28.190 30.190 0.000 0.000 0.000 0.000 0.000 24.288 77.169 91.092 93.996 96.154 97.163 102.802 102.644 95.754 96.454 96.292 96.185 96.077 99.975 61.884 21.816 0.000 39.272 25.256 0.000 0.000 0.000 0.000 43.433 77.350 68.251 63.148 58.042 58.936 56.830 57.723 70.620 64.537 48.479 50.452 0.000 0.000 0.000 0.000 0.000 58.208 86.203 51.196 49.187 81.177 84.171 54.165 45.161 50.157 20.154 0.000 0.000 0.000 0.000 14.446 41.446 59.446 75.446 78.446 71.446
66.453 66.443 62.423 66.394 48.371 0.000 19.190 49.190 0.000 0.000 0.000 0.000 14.502 76.406 90.313 96.234 96.205 96.347 103.085 102.947 95.082 96.857 96.505 96.414 96.299 96.189 100.087 72.003 3.946 0.000 9.266 12.261 0.000 0.000 0.000 0.000 30.578 62.499 67.398 77.289 73.178 61.063 63.948 72.836 67.735 55.656 47.605 48.591 22.637 23.648 0.000 0.000 0.000 56.200 90.198 4.195 0.000 30.176 77.173 67.169 48.165 27.161 0.000 0.000 0.000 0.000 0.000 0.000 14.446 38.446 64.446 74.446 67.446
64.530 61.526 60.505 76.463 55.437 0.000 18.190 46.190 0.000 0.000 0.000 8.670 72.598 85.521 95.450 98.330 97.574 95.604 103.212 94.392 96.165 92.723 94.650 96.526 96.410 97.294 91.181 81.094 29.020 0.000 0.000 0.000 0.000 0.000 0.000 17.978 52.801 57.671 57.552 59.434 68.315 71.192 74.064 67.938 54.829 48.747 47.695 46.671 50.671 35.660 0.000 0.000 0.000 45.195 82.193 48.190 37.184 29.179 72.175 78.172 58.171 0.000 0.000 9.176 0.000 0.000 0.000 0.000 0.000 33.446 57.446 62.446 49.446
58.617 67.627 63.609 4.516 5.477 0.000 9.190 9.190 0.000 0.000 0.000 9.743 88.698 90.640 98.551 97.716 96.737 103.437 103.329 96.350 96.037 95.878 95.759 94.641 95.521 97.395 54.249 5.171 0.000 0.000 0.000 0.000 0.000 21.510 38.378 53.155 63.978 60.833 59.704 56.581 57.457 60.324 72.178 73.023 64.895 53.809 46.755 46.727 48.717 0.000 0.000 0.000 0.000 30.192 72.190 50.188 46.184 46.180 78.177 81.175 64.174 27.175 17.176 60.176 0.000 0.000 0.000 0.000 0.000 36.446 60.446 55.446 41.446
59.712 69.754 56.788 0.000 0.000 0.000 6.190 18.190 2.190 0.000 0.985 75.859 85.814 97.756 97.751 96.893 103.629 103.536 95.662 97.437 97.088 96.994 96.875 96.757 98.637 48.516 0.000 0.000 0.000 0.000 0.000 10.968 36.846 53.642 66.468 62.286 61.122 60.979 60.850 61.729 59.606 58.471 32.302 51.081 75.920 57.838 45.790 48.764 46.754 34.760 0.000 0.000 0.000 31.190 64.188 42.187 0.000 0.000 34.177 71.176 60.176 69.176 76.176 35.176 0.000 0.000 0.000 0.000 0.000 11.446 51.446 49.446 42.446
57.805 61.890 61.000 37.165 0.000 0.000 0.000 4.190 7.190 0.000 29.078 88.998 95.939 97.861 98.021 96.144 103.714 95.950 97.731 97.297 97.228 97.107 97.991 98.874 60.755 0.000 0.000 0.000 0.000 0.000 13.247 56.090 66.928 62.744 61.567 61.399 61.246 61.110 60.989 60.878 60.769 69.650 8.476 0.000 43.864 52.833 44.804 53.784 53.773 35.767 0.000 0.000 0.000 0.000 48.186 85.185 53.183 0.000 27.178 72.177 66.177 57.177 57.177 0.000 0.000 0.000 0.000 0.000 0.000 0.000 30.446 41.446 42.446
69.878 8.001 64.159 62.329 51.530 10.650 0.853 0.000 0.000 20.251 79.182 93.117 99.059 98.044 97.199 103.861 103.792 96.898 97.596 97.445 97.335 98.225 100.109 60.991 0.000 0.000 0.000 0.000 11.737 42.618 53.404 65.217 62.031 61.839 58.659 58.495 58.352 59.228 61.119 61.024 63.943 40.884 0.000 0.000 23.839 48.825 47.809 65.796 61.789 0.000 0.000 0.000 0.000 0.000 32.184 77.183 89.182 46.180 72.179 86.178 78.178 54.177 47.177 19.177 0.000 0.000 0.000 0.000 0.000 0.000 36.446 42.446 46.446
51.919 5.075 66.305 56.464 63.609 55.747 16.980 4.238 13.328 80.321 89.281 99.239 98.127 98.395 96.423 103.920 96.186 97.979 97.639 97.556 98.448 99.347 53.228 0.000 0.000 0.000 0.000 3.990 54.856 65.712 63.534 62.344 64.138 63.924 69.733 74.571 69.440 62.329 56.235 60.156 66.096 24.059 0.000 0.000 19.829 51.819 52.810 74.802 62.798 0.000 0.000 0.000 0.000 0.000 20.183 72.182 81.181 86.180 82.179 82.179 86.178 70.178 49.178 50.178 19.178 12.178 0.000 0.000 0.000 38.446 43.446 41.446 46.446
0.000 0.000 34.521 85.613 48.697 0.000 0.000 18.405 78.427 83.420 97.398 98.308 98.588 96.519 104.004 96.443 98.252 97.829 97.772 98.661 95.556 50.487 0.000 0.000 0.000 0.000 10.258 57.123 64.987 62.841 62.676 66.487 41.254 19.986 22.778 39.617 65.506 67.414 68.335 60.270 61.223 22.198 0.000 0.000 0.000 32.813 50.809 57.805 56.802 5.803 0.000 0.000 0.000 0.000 20.182 63.181 76.181 81.180 82.180 83.179 79.178 75.178 60.178 48.178 52.178 58.178 0.000 0.000 0.000 4.446 41.446 42.446 44.446
0.000 0.000 11.646 86.771 73.869 0.000 0.000 25.551 86.552 94.544 98.496 99.692 99.730 104.319 104.127 97.393 98.109 97.971 97.873 92.770 82.628 33.557 0.000 0.000 9.633 45.550 54.393 66.257 63.126 62.990 66.841 44.672 2.488 0.000 0.000 25.611 63.554 60.485 64.421 70.367 70.330 48.312 0.000 0.000 0.000 14.810 52.808 46.806 53.804 4.804 0.000 0.000 0.000 0.000 25.181 50.181 67.181 81.180 76.180 69.179 71.179 32.178 57.178 66.178 59.178 55.178 0.000 0.000 0.000 0.000 1.446 36.446 41.446
0.000 0.000 0.000 14.954 64.138 3.550 13.692 79.694 91.690 98.677 98.697 98.876 104.666 104.497 96.680 98.478 98.146 98.074 90.986 56.918 0.000 0.000 0.000 17.796 63.716 57.623 65.506 63.388 63.270 64.152 42.026 2.856 0.000 0.000 0.000 24.662 66.614 60.553 60.495 62.447 66.416 68.408 20.438 0.000 0.000 0.000 33.807 52.806 27.805 0.000 0.000 0.000 0.000 0.000 18.181 46.181 57.180 64.180 56.180 53.179 18.179 0.000 6.178 50.178 54.178 63.178 0.000 0.000 0.000 0.000 0.000 30.446 41.446
0.000 0.000 0.000 0.000 1.531 13.773 82.833 87.844 98.843 98.780 100.068 100.143 104.825 96.977 98.757 98.326 98.267 88.166 77.079 40.999 0.000 0.000 0.000 57.876 79.810 64.722 56.621 64.517 62.415 65.323 35.253 0.000 0.000 0.000 20.854 55.762 62.687 61.618 61.558 58.511 54.480 56.466 18.469 0.000 0.000 0.000 14.806 59.806 7.805 0.000 0.000 0.000 0.000 0.000 18.180 48.180 47.180 46.180 44.180 50.180 0.000 0.000 0.000 25.178 48.178 66.178 10.178 0.000 0.000 0.000 0.000 1.446 34.446
0.000 0.000 0.000 0.000 0.000 86.023 85.022 99.014 98.974 100.182 100.259 105.117 104.975 97.929 99.615 97.460 83.346 72.252 46.166 0.000 0.000 0.000 52.137 70.021 69.928 76.835 64.739 54.643 60.552 70.470 73.412 36.411 0.000 0.000 19.945 67.846 61.753 61.675 60.609 56.559 50.525 51.507 17.501 0.000 0.000 0.000 0.000 32.806 40.806 0.000 0.000 0.000 0.000 0.000 26.180 50.180 44.180 45.180 45.180 47.180 30.180 0.000 0.000 0.000 35.178 56.178 34.178 8.178 0.000 0.000 0.000 0.000 29.446
0.000 0.000 0.000 0.000 25.400 86.275 98.220 99.185 100.199 102.390 105.382 105.252 97.235 99.000 95.653 84.554 73.410 45.331 0.000 0.000 0.000 54.364 75.253 61.145 53.045 66.950 78.856 66.765 69.678 70.595 57.513 63.409 42.169 4.652 28.135 59.923 55.804 62.718 57.646 49.591 48.556 52.536 14.528 0.000 0.000 0.000 0.000 19.806 59.806 4.806 0.000 0.000 0.000 0.000 0.000 32.180 47.180 45.180 45.180 45.180 53.180 0.000 0.000 0.000 0.000 37.178 48.178 54.178 0.000 0.000 0.000 0.000 0.000
0.000 0.000 0.000 0.000 68.525 94.457 100.404 99.312 99.584 97.667 105.507 97.516 99.282 93.851 82.784 57.665 0.000 0.000 0.000 0.000 54.587 75.475 62.365 51.259 51.159 53.063 63.972 78.884 69.799 54.718 62.636 64.545 38.445 0.000 25.022 84.908 71.821 60.747 54.665 50.602 47.571 48.554 42.547 6.551 0.000 0.000 0.000 0.000 38.806 10.806 0.000 0.000 0.000 0.000 0.000 12.180 49.180 45.180 45.180 45.180 47.180 31.180 0.000 0.000 0.000 18.178 45.178 48.178 0.000 0.000 0.000 0.000 0.000
0.000 0.000 0.000 71.841 68.716 74.633 89.545 100.721 97.786 105.741 105.627 98.448 94.136 82.989 61.884 0.000 0.000 36.183 0.000 6.816 79.699 62.584 51.474 52.368 51.268 54.173 68.083 76.998 77.918 61.842 57.767 68.691 42.621 0.000 0.000 15.866 28.824 10.786 0.000 20.582 51.571 58.561 59.556 45.556 0.000 0.000 0.000 0.000 0.000 0.000 0.000 0.000 0.000 0.000 0.000 13.180 49.180 48.180 51.180 46.180 43.180 52.180 0.000 0.000 0.000 25.178 59.178 64.178 0.000 0.000 0.000 0.000 0.000
0.000 0.000 11.070 72.966 69.867 70.786 80.762 96.928 105.959 105.851 97.727 94.493 82.164 56.089 0.000 0.000 53.230 52.183 34.087 17.934 67.807 51.689 52.578 51.472 52.371 67.277 73.189 37.108 28.033 79.965 65.900 43.831 4.726 0.000 0.000 0.000 0.000 0.000 0.000 17.574 69.569 63.563 60.560 56.559 11.560 0.000 0.000 0.000 0.000 0.000 0.000 0.000 0.000 0.000 0.000 37.180 46.180 21.180 0.000 21.180 46.180 50.180 0.000 0.000 0.000 27.178 63.178 32.178 0.000 0.000 0.000 0.000 0.000
0.000 86.264 74.174 71.085 69.006 69.884 71.128 75.194 106.063 96.968 92.730 82.320 56.277 0.000 0.000 0.000 57.277 55.231 75.144 59.026 51.906 52.789 51.676 54.569 74.469 71.375 52.289 48.211 53.142 81.084 78.037 42.007 0.000 0.000 0.000 0.000 0.000 0.000 0.000 17.570 76.567 76.564 71.562 62.561 7.561 0.000 0.000 0.000 0.000 0.000 0.000 0.000 0.000 0.000 10.180 49.180 51.180 0.180 0.000 6.180 49.180 50.180 0.000 0.000 0.000 0.000 34.178 0.000 0.000 0.000 0.000 0.000 0.000
2.426 84.354 98.278 90.202 75.104 76.262 68.311 106.260 106.163 75.851 80.528 56.427 0.000 0.000 0.000 0.000 59.371 72.320 70.232 52.121 52.002 51.884 62.769 74.660 63.559 52.465 52.380 52.305 53.241 62.190 80.157 76.153 37.207 0.000 0.000 0.000 0.000 0.000 0.000 0.000 62.565 64.564 76.562 77.562 33.561 0.000 0.000 0.000 0.000 0.000 0.000 0.000 0.000 0.000 41.180 51.180 28.180 0.000 0.000 10.180 50.180 48.180 0.000 0.000 0.000 0.000 0.000 0.000 0.000 0.000 0.000 0.000 0.000
20.497 97.447 100.382 100.313 95.287 85.443 106.447 106.353 68.018 62.788 0.000 0.426 0.000 0.000 0.000 0.000 70.516 75.446 51.343 53.223 53.098 64.974 73.856 55.745 52.641 52.547 52.462 52.388 52.327 52.279 61.249 81.241 74.260 48.291 39.304 43.307 12.308 0.000 0.000 0.000 1.564 42.564 82.563 82.562 43.562 0.000 0.000 0.000 0.000 0.000 0.000 0.000 0.000 0.000 30.180 29.180 0.000 0.000 0.000 0.000 30.180 57.180 0.000 0.000 0.000 0.000 0.000 0.000 0.000 0.000 0.000 0.000 0.000
90.620 100.555 100.497 100.385 104.629 95.688 106.538 68.133 70.816 65.481 0.000 0.000 0.000 0.000 0.000 63.883 75.731 52.604 53.470 53.331 61.192 74.060 51.936 52.821 52.715 52.619 52.533 52.459 52.398 52.351 52.319 56.303 57.302 52.309 53.313 60.310 42.309 0.000 0.000 0.000 0.000 0.000 37.562 73.562 36.562 0.000 0.000 0.000 0.000 0.000 0.000 0.000 0.000 0.000 0.000 0.000 0.000 0.000 0.000 0.000 0.000 9.180 0.000 0.000 0.000 0.000 0.000 0.000 0.000 0.000 0.000 0.000 0.000
96.726 96.667 100.581 101.745 98.794 106.713 106.626 72.814 57.277 2.388 5.388 2.388 0.000 0.000 0.000 81.036 57.922 53.770 53.603 55.437 76.280 56.137 53.007 52.888 52.779 52.680 52.592 52.517 52.456 52.408 52.373 51.349 50.336 53.331 35.329 0.000 0.000 0.000 0.000 0.000 0.000 0.000 0.000 66.562 54.562 21.562 0.000 0.000 0.000 0.000 0.000 0.000 0.000 0.000 0.000 0.000 0.000 0.000 0.000 0.000 0.000 0.000 0.000 0.000 0.000 0.000 0.000 0.000 0.000 0.000 0.000 0.000 0.000
75.840 75.776 79.756 75.915 106.884 106.799 84.309 65.532 56.485 0.000 0.388 2.388 0.000 0.000 0.000 56.302 52.149 51.950 50.736 63.534 56.356 50.200 51.065 50.946 50.835 50.730 51.637 52.561 52.500 52.452 51.414 49.385 51.362 51.349 48.344 38.346 41.346 43.347 42.347 44.347 15.347 0.000 0.000 4.562 63.562 35.562 0.000 0.000 0.000 0.000 0.000 0.000 0.000 0.000 0.000 0.000 0.000 0.000 0.000 0.000 0.000 0.000 0.000 0.000 0.000 0.000 0.000 0.000 0.000 0.000 0.000 0.000 0.000
90.956 112.845 78.093 108.153 106.966 66.847 57.449 0.000 71.924 30.282 0.000 0.000 0.000 0.000 100.095 78.721 49.424 57.145 67.858 66.606 62.408 60.243 60.110 59.994 58.884 52.768 48.667 52.589 52.531 52.485 51.448 51.415 55.379 55.359 56.350 66.348 66.347 62.347 55.347 54.347 33.347 0.000 0.000 0.000 22.562 28.562 0.000 0.000 0.000 0.000 0.000 0.000 0.000 0.000 0.000 0.000 0.000 0.000 0.000 0.000 0.000 0.000 0.000 0.000 0.000 0.000 0.000 0.000 0.000 0.000 0.000 0.000 0.000
139.036 117.634 115.681 107.119 107.045 94.934 0.000 38.984 66.984 140.641 116.098 2.380 47.647 37.058 98.469 58.062 55.681 127.347 117.943 113.625 113.429 112.253 111.136 110.038 108.937 79.792 46.672 52.599 52.548 52.510 52.479 44.447 0.000 0.000 0.000 0.000 0.000 0.000 19.347 71.347 50.347 21.346 0.000 0.000 0.000 0.000 0.000 0.000 0.000 0.000 0.000 0.000 0.000 0.000 0.000 0.000 0.000 0.000 0.000 0.000 0.000 0.000 0.000 0.000 0.000 0.000 0.000 0.000 0.000 0.000 0.000 0.000 0.000
97.205 116.793 107.258 107.190 91.450 0.000 0.000 0.000 10.388 62.201 49.940 0.000 28.851 0.000 57.663 54.376 63.892 119.620 0.000 5.522 0.000 56.204 65.145 126.083 39.035 0.000 56.630 52.588 52.553 53.527 35.511 0.000 0.000 0.000 0.000 0.000 0.000 0.000 0.000 24.347 71.346 27.346 0.000 0.000 0.000 0.000 0.000 0.000 0.000 0.000 0.000 0.000 0.000 0.000 0.000 0.000 0.000 0.000 0.000 0.000 0.000 0.000 0.000 0.000 0.000 0.000 0.000 0.000 0.000 0.000 0.000 0.000 0.000
117.962 116.016 107.322 115.941 117.788 38.076 0.000 17.979 44.979 54.835 31.521 8.788 50.055 95.630 94.143 86.886 0.000 38.620 0.000 17.420 39.317 67.214 112.157 75.114 40.085 0.000 0.000 58.568 52.549 53.535 34.526 0.000 0.000 0.000 0.000 0.000 0.000 0.000 0.000 0.000 18.346 57.346 22.346 0.000 0.000 0.000 0.000 0.000 0.000 0.000 0.000 0.000 0.000 0.000 0.000 0.000 0.000 0.000 0.000 0.000 0.000 0.000 0.000 0.000 0.000 0.000 0.000 0.000 0.000 0.000 0.000 0.000 0.000
116.095 107.437 107.381 96.446 39.211 0.000 0.000 0.000 6.712 33.640 0.000 0.000 42.951 86.693 140.392 76.139 0.000 0.000 0.000 0.000 0.000 81.178 116.155 46.129 43.107 0.000 0.000 0.000 57.541 51.536 49.532 47.533 35.534 0.000 0.000 0.000 0.000 0.000 0.000 0.000 13.346 71.346 29.346 0.000 0.000 0.000 0.000 0.000 0.000 0.000 0.000 0.000 0.000 0.000 0.000 0.000 0.000 0.000 0.000 0.000 0.000 0.000 0.000 0.000 0.000 0.000 0.000 0.000 0.000 0.000 0.000 0.000 0.000
