results1/res_4e8f-0128.wd
ncols         241
nrows         181
xllcorner     12693529.787448
yllcorner     3542525.717860
cellsize      155.156523
NODATA_value  -9999.000000
[rows 99 to 131 of 181, columns 73 to 145 of 241]
58.135 58.114 58.092 57.070 57.048 62.025 65.001 61.979 57.963 57.955 51.956 7.961 0.000 0.000 0.000 0.000 0.000 13.378 71.381 96.349 94.348 93.510 100.188 100.117 93.221 93.919 93.767 93.660 94.557 94.460 93.372 97.298 56.245 0.000 0.000 0.000 0.000 0.000 0.000 29.204 55.126 66.968 34.702 16.548 46.500 49.436 47.355 51.242 48.001 45.605 15.240 39.984 43.852 58.764 64.700 67.652 65.617 60.591 53.575 48.565 43.561 21.553 0.000 0.000 0.000 0.000 15.921 33.920 45.920 69.920 70.919 70.919 70.919
58.177 58.158 57.137 55.115 59.091 64.066 65.038 65.008 58.985 55.971 60.966 60.965 21.966 0.000 16.112 46.061 22.951 2.744 59.621 99.494 94.744 94.761 100.248 92.537 94.325 93.980 93.894 93.784 93.680 93.582 95.496 94.427 30.383 0.000 0.000 0.000 0.000 0.000 0.000 33.381 39.322 50.255 0.000 0.000 41.661 49.604 48.511 52.373 52.156 22.880 0.000 34.883 48.823 53.757 74.704 75.663 75.632 76.609 77.593 75.584 56.579 0.000 0.000 0.000 0.000 0.000 0.000 32.918 45.917 69.917 70.916 70.916 70.915
58.221 57.202 57.182 60.160 63.136 64.109 39.079 3.028 31.997 67.979 40.972 14.968 6.967 0.000 27.164 77.119 74.031 65.910 84.779 95.924 92.909 100.331 93.821 94.627 94.194 94.130 94.014 93.906 93.797 94.691 92.601 80.532 27.478 0.477 0.000 0.000 0.000 0.000 36.769 43.618 41.527 42.474 15.504 0.000 47.878 65.808 58.712 53.584 28.370 0.000 0.000 17.841 7.800 47.737 72.696 76.664 74.639 74.619 74.606 76.597 49.594 43.598 43.600 49.600 0.000 0.000 0.000 9.916 44.915 69.914 70.914 70.913 70.912
57.266 56.249 61.230 64.208 64.183 64.158 29.139 0.000 0.000 10.977 1.974 0.000 0.000 0.000 20.261 83.219 89.147 97.056 97.009 94.130 100.678 100.464 93.791 94.501 94.353 94.245 94.138 94.028 93.911 99.785 49.686 17.622 1.555 0.000 1.287 4.287 0.000 28.051 45.921 41.795 41.693 40.609 46.535 12.400 41.166 67.039 65.947 63.880 0.000 0.000 0.000 0.000 0.000 45.696 74.678 78.658 75.640 74.624 72.613 61.605 42.601 38.601 39.601 23.600 0.000 0.000 0.000 0.000 40.912 69.911 70.911 70.910 66.910
56.314 62.300 64.281 64.258 62.230 68.199 38.181 0.000 0.000 0.000 0.000 0.000 0.000 0.000 31.399 89.350 92.288 96.161 95.394 95.404 100.870 93.180 94.886 94.561 94.475 94.367 94.262 98.155 104.036 58.852 27.736 2.688 0.000 0.000 0.000 1.287 29.288 52.181 46.067 38.950 43.840 47.735 44.628 42.498 56.348 60.234 50.155 58.110 0.000 0.000 0.000 0.000 0.000 51.672 75.663 80.652 79.638 75.626 70.616 39.609 37.605 38.604 45.603 0.000 0.000 0.000 0.000 34.909 38.909 67.909 70.909 70.908 64.907
63.366 64.354 64.336 63.312 41.281 7.228 26.204 28.204 0.000 0.000 0.000 0.000 0.000 22.704 75.584 89.505 92.408 94.564 95.571 101.207 101.046 94.159 94.860 94.699 94.593 94.487 98.387 60.297 20.223 0.000 37.719 23.705 0.000 0.000 0.000 0.000 37.395 71.320 62.215 57.099 51.981 52.863 50.742 51.617 64.495 58.396 42.328 44.296 0.000 0.000 0.000 0.000 0.000 51.656 79.652 44.647 42.636 74.624 77.617 47.611 38.608 43.606 13.604 0.000 0.000 0.000 0.000 7.908 34.908 52.907 68.907 71.906 64.905
64.423 64.414 60.397 64.374 46.355 0.000 17.204 47.204 0.000 0.000 0.000 0.000 12.921 74.824 88.730 94.650 94.619 94.759 101.497 101.356 93.491 95.265 94.913 94.823 94.709 94.601 98.502 70.422 2.376 0.000 7.714 10.710 0.000 0.000 0.000 0.000 24.577 56.490 61.375 71.250 67.123 54.993 57.862 66.734 61.617 49.526 41.467 42.449 16.499 17.511 0.000 0.000 0.000 49.645 83.643 0.000 0.000 23.619 70.615 60.611 41.609 20.607 0.000 0.000 0.000 0.000 0.000 0.000 7.907 31.905 57.905 67.904 60.904
62.486 59.483 58.466 74.431 53.409 0.000 16.204 44.204 0.000 0.000 0.000 7.090 71.018 83.940 93.869 96.747 95.990 94.019 101.626 92.804 94.577 91.134 93.061 94.938 94.822 95.707 89.597 79.513 27.445 0.000 0.000 0.000 0.000 0.000 0.000 12.066 46.846 51.687 51.544 53.405 62.267 65.125 67.980 61.838 48.715 42.623 41.564 40.536 44.536 29.523 0.000 0.000 0.000 38.635 75.632 41.625 30.620 22.617 65.613 71.610 51.608 0.000 0.000 2.603 0.000 0.000 0.000 0.000 0.000 26.904 50.903 55.903 42.902
56.558 65.566 61.551 2.475 3.442 0.000 7.204 7.204 0.000 0.000 0.000 8.162 87.119 89.061 96.971 96.136 95.156 101.855 101.745 94.765 94.451 94.291 94.172 93.054 93.934 95.809 52.665 3.589 0.000 0.000 0.000 0.000 0.000 15.768 32.584 47.286 58.054 54.869 53.708 50.560 51.414 54.261 66.093 66.924 58.783 47.688 40.628 40.596 42.586 0.000 0.000 0.000 0.000 23.628 65.626 43.622 39.619 39.616 71.611 74.609 57.606 20.604 10.603 53.603 0.000 0.000 0.000 0.000 0.000 29.902 53.902 48.901 34.901
57.636 67.671 54.699 0.000 0.000 0.000 4.204 16.203 0.203 0.000 0.000 74.277 84.237 96.180 96.174 95.316 102.051 101.956 94.080 95.853 95.504 95.409 95.289 95.171 97.051 46.930 0.000 0.000 0.000 0.000 0.000 5.446 31.257 47.952 60.698 56.441 55.216 55.026 54.861 55.712 53.568 52.412 26.210 44.980 69.806 51.717 39.665 42.636 40.625 28.631 0.000 0.000 0.000 24.624 57.621 35.618 0.000 0.000 27.607 64.606 53.605 62.603 69.603 28.603 0.000 0.000 0.000 0.000 0.000 4.901 44.901 42.900 35.900
55.713 59.783 58.875 35.014 0.000 0.000 0.000 2.203 5.203 0.000 27.531 87.433 94.370 96.290 96.448 94.569 102.137 94.371 96.152 95.715 95.645 95.524 96.407 97.289 59.170 0.000 0.000 0.000 0.000 0.000 7.890 50.635 61.373 57.086 55.815 55.564 55.344 55.157 54.997 54.859 54.733 63.611 2.433 0.000 37.745 46.711 38.679 47.657 47.646 29.638 0.000 0.000 0.000 0.000 41.614 78.613 46.609 0.000 20.605 65.604 59.603 50.602 50.602 0.000 0.000 0.000 0.000 0.000 0.000 0.000 23.899 34.899 35.899
67.772 5.873 62.005 60.153 49.338 8.460 0.000 0.000 0.000 18.697 77.628 91.556 97.494 96.476 95.628 102.285 102.215 95.322 96.019 95.866 95.754 96.643 98.526 59.407 0.000 0.000 0.000 0.000 6.667 37.491 48.145 59.831 56.513 56.202 52.914 52.656 52.439 53.261 55.113 54.992 57.896 34.830 0.000 0.000 17.717 42.701 41.683 59.669 55.662 0.000 0.000 0.000 0.000 0.000 25.609 70.608 82.607 39.604 65.603 79.603 71.602 47.601 40.600 12.599 0.000 0.000 0.000 0.000 0.000 0.000 29.898 35.898 39.898
49.806 2.932 64.118 54.256 61.400 53.582 14.886 2.645 11.764 78.765 87.726 97.681 96.566 96.830 94.854 102.345 94.613 96.404 96.063 95.978 96.869 97.767 51.646 0.000 0.000 0.000 0.000 0.000 49.843 60.661 58.370 57.029 58.649 58.296 63.981 68.706 63.496 56.333 50.204 54.102 60.027 17.985 0.000 0.000 13.706 45.694 46.684 68.675 56.671 0.000 0.000 0.000 0.000 0.000 13.606 65.605 74.604 79.603 75.602 75.601 79.600 63.600 42.599 43.597 12.596 5.596 0.000 0.000 0.000 31.897 36.897 34.897 39.897
0.000 0.000 32.279 83.353 46.425 0.000 0.000 16.862 76.881 81.873 95.848 96.754 97.029 94.956 102.430 94.874 96.682 96.257 96.198 97.086 93.979 48.909 0.000 0.000 0.000 0.000 5.728 52.547 60.202 57.940 57.645 61.266 35.756 14.354 17.009 33.692 59.507 61.372 62.266 54.185 55.127 16.097 0.000 0.000 0.000 26.687 44.682 51.678 50.675 0.000 0.000 0.000 0.000 0.000 13.603 56.603 69.602 74.601 75.601 76.600 72.599 68.599 53.598 41.597 45.596 51.595 0.000 0.000 0.000 0.000 34.896 35.896 37.895
0.000 0.000 9.366 84.452 71.521 0.000 0.000 24.030 85.023 93.007 96.953 98.142 98.174 102.751 102.555 95.826 96.540 96.400 96.301 91.197 81.052 31.980 0.000 0.000 5.237 41.125 49.909 61.711 58.477 58.253 62.003 39.634 0.000 0.000 0.000 19.545 57.468 54.382 58.305 64.243 64.200 42.179 0.000 0.000 0.000 8.683 46.681 40.678 47.677 0.000 0.000 0.000 0.000 0.000 18.601 43.601 60.600 74.600 69.599 62.599 64.599 25.598 50.597 59.596 52.595 48.594 0.000 0.000 0.000 0.000 0.000 29.895 34.895
0.000 0.000 0.000 12.570 61.687 2.081 12.245 78.204 90.177 97.149 97.159 97.330 103.107 102.934 95.116 96.913 96.578 96.506 89.415 55.347 0.000 0.000 0.000 13.455 59.350 53.229 61.072 58.910 58.743 59.593 37.479 0.000 0.000 0.000 0.000 18.477 60.437 54.382 54.328 56.283 60.252 62.239 14.255 0.000 0.000 0.000 27.679 46.678 21.677 0.000 0.000 0.000 0.000 0.000 11.599 39.599 50.599 57.598 49.598 46.598 11.598 0.000 0.000 43.594 47.594 56.593 0.000 0.000 0.000 0.000 0.000 23.894 34.894
0.000 0.000 0.000 0.000 0.215 12.403 81.393 86.363 97.337 97.257 98.533 98.599 103.269 95.417 97.195 96.763 96.702 86.599 75.511 39.429 0.000 0.000 0.000 53.560 75.478 60.368 52.242 60.113 57.992 60.896 30.842 0.000 0.000 0.000 14.454 49.449 56.421 55.383 55.343 52.309 48.284 50.272 12.272 0.000 0.000 0.000 8.678 53.677 1.677 0.000 0.000 0.000 0.000 0.000 11.598 41.598 40.597 39.597 37.597 43.596 0.000 0.000 0.000 18.593 41.593 59.592 3.591 0.000 0.000 0.000 0.000 0.000 27.894
0.000 0.000 0.000 0.000 0.000 84.589 83.561 97.528 97.468 98.660 98.723 103.567 103.422 96.372 98.056 95.898 81.782 70.687 44.599 0.000 0.000 0.000 47.890 65.747 65.634 72.524 60.413 50.308 56.218 66.157 69.152 32.260 0.000 0.000 13.460 61.442 55.416 55.385 54.353 50.325 44.304 45.292 11.288 0.000 0.000 0.000 0.000 26.677 34.677 0.000 0.000 0.000 0.000 0.000 19.597 43.597 37.596 38.596 38.595 40.595 23.594 0.000 0.000 0.000 28.592 49.591 27.591 1.590 0.000 0.000 0.000 0.000 22.893
0.000 0.000 0.000 0.000 23.915 84.802 96.738 97.689 98.688 100.866 103.837 103.704 95.682 97.444 94.095 82.994 71.847 43.767 0.000 0.000 0.000 50.166 71.033 56.904 48.789 62.681 74.580 62.488 65.414 66.363 53.347 59.368 38.376 0.809 21.484 53.444 49.415 56.388 51.359 43.334 42.316 46.305 8.300 0.000 0.000 0.000 0.000 13.677 53.676 0.000 0.000 0.000 0.000 0.000 0.000 25.595 40.595 38.595 38.594 38.594 46.594 0.000 0.000 0.000 0.000 30.590 41.590 47.590 0.000 0.000 0.000 0.000 0.000
0.000 0.000 0.000 0.000 67.029 92.963 98.906 97.804 98.066 96.139 103.964 95.967 97.730 92.297 81.228 56.107 0.000 0.000 0.000 0.000 50.431 71.300 58.171 47.049 46.935 48.831 59.736 74.653 65.585 50.535 58.506 60.490 34.472 0.000 18.460 78.436 65.414 54.391 48.362 44.335 41.321 42.312 36.308 0.309 0.000 0.000 0.000 0.000 32.676 4.676 0.000 0.000 0.000 0.000 0.000 5.594 42.594 38.594 38.594 38.593 40.593 24.592 0.000 0.000 0.000 11.589 38.589 41.589 0.000 0.000 0.000 0.000 0.000
0.000 0.000 0.000 70.328 67.208 73.126 88.035 99.204 96.262 104.201 104.085 96.900 92.585 81.437 60.330 0.000 0.000 32.123 0.000 2.703 75.563 58.431 47.304 48.184 47.073 49.971 63.881 72.802 73.737 57.688 53.650 64.615 38.550 0.000 0.000 9.424 22.414 4.402 0.000 14.325 45.319 52.315 53.312 39.312 0.000 0.000 0.000 0.000 0.000 0.000 0.000 0.000 0.000 0.000 0.000 6.593 42.593 41.593 44.593 39.593 36.592 45.592 0.000 0.000 0.000 18.589 52.589 57.589 0.000 0.000 0.000 0.000 0.000
0.000 0.000 9.547 71.447 68.351 69.270 79.243 95.405 104.421 104.312 96.182 92.946 80.615 54.538 0.000 0.000 49.177 48.123 30.013 13.838 63.691 47.556 48.429 47.311 48.201 63.101 69.013 32.937 23.875 75.828 61.793 39.769 0.681 0.000 0.000 0.000 0.000 0.000 0.000 11.320 63.318 57.315 54.313 50.312 5.312 0.000 0.000 0.000 0.000 0.000 0.000 0.000 0.000 0.000 0.000 30.593 39.593 14.593 0.000 14.592 39.592 43.591 0.000 0.000 0.000 20.589 56.589 25.589 0.000 0.000 0.000 0.000 0.000
0.000 84.729 72.647 69.562 67.485 68.362 69.604 73.666 104.527 95.425 91.185 80.774 54.730 0.000 0.000 0.000 53.232 51.179 71.079 54.945 47.807 48.674 47.547 50.428 70.319 67.220 48.133 44.059 48.999 76.954 73.925 37.913 0.000 0.000 0.000 0.000 0.000 0.000 0.000 11.318 70.316 70.315 65.313 56.313 1.312 0.000 0.000 0.000 0.000 0.000 0.000 0.000 0.000 0.000 3.592 42.592 44.592 0.000 0.000 0.000 42.591 43.591 0.000 0.000 0.000 0.000 27.589 0.000 0.000 0.000 0.000 0.000 0.000
0.929 82.811 96.749 88.678 73.581 74.737 66.783 104.726 104.628 74.308 78.985 54.882 0.000 0.000 0.000 0.000 55.339 68.281 66.181 48.054 47.919 47.785 58.657 70.537 59.426 48.327 48.240 48.167 49.108 58.065 76.042 72.044 33.095 0.000 0.000 0.000 0.000 0.000 0.000 0.000 56.315 58.314 70.313 71.312 27.312 0.000 0.000 0.000 0.000 0.000 0.000 0.000 0.000 0.000 34.592 44.592 21.592 0.000 0.000 3.590 43.591 41.591 0.000 0.000 0.000 0.000 0.000 0.000 0.000 0.000 0.000 0.000 0.000
19.016 95.934 98.862 98.791 93.763 83.916 104.915 104.821 66.459 61.245 0.000 0.000 0.000 0.000 0.000 0.000 66.505 71.425 47.308 49.173 49.031 60.891 69.759 51.635 48.523 48.422 48.334 48.260 48.200 48.157 57.132 77.127 70.146 44.175 35.187 39.190 8.190 0.000 0.000 0.000 0.000 36.313 76.312 76.312 37.312 0.000 0.000 0.000 0.000 0.000 0.000 0.000 0.000 0.000 23.591 22.591 0.000 0.000 0.000 0.000 23.590 50.590 0.000 0.000 0.000 0.000 0.000 0.000 0.000 0.000 0.000 0.000 0.000
89.120 99.045 98.980 98.864 103.105 94.161 105.008 66.541 69.220 63.956 0.000 0.000 0.000 0.000 0.000 59.922 71.750 48.607 49.455 49.297 57.140 69.990 47.851 48.723 48.608 48.504 48.414 48.338 48.277 48.231 48.201 52.187 53.186 48.192 49.195 56.192 38.191 0.000 0.000 0.000 0.000 0.000 31.312 67.312 30.311 0.000 0.000 0.000 0.000 0.000 0.000 0.000 0.000 0.000 0.000 0.000 0.000 0.000 0.000 0.000 0.000 2.590 0.000 0.000 0.000 0.000 0.000 0.000 0.000 0.000 0.000 0.000 0.000
95.220 95.157 99.066 100.226 97.271 105.186 105.097 71.174 55.572 0.827 3.827 0.827 0.000 0.000 0.000 77.095 53.967 49.796 49.609 51.421 72.242 52.079 48.932 48.800 48.680 48.573 48.479 48.401 48.338 48.290 48.256 47.232 46.219 49.213 31.211 0.000 0.000 0.000 0.000 0.000 0.000 0.000 0.000 60.311 48.311 15.311 0.000 0.000 0.000 0.000 0.000 0.000 0.000 0.000 0.000 0.000 0.000 0.000 0.000 0.000 0.000 0.000 0.000 0.000 0.000 0.000 0.000 0.000 0.000 0.000 0.000 0.000 0.000
74.333 74.266 78.242 74.397 105.361 105.274 82.716 63.857 54.694 0.000 0.000 0.827 0.000 0.000 0.000 52.395 48.226 48.003 46.763 59.534 52.330 46.151 46.998 46.863 46.741 46.628 47.529 48.449 48.385 48.336 47.298 45.268 47.245 47.231 44.224 34.225 37.224 39.222 38.221 40.220 11.219 0.000 0.000 0.000 57.310 29.310 0.000 0.000 0.000 0.000 0.000 0.000 0.000 0.000 0.000 0.000 0.000 0.000 0.000 0.000 0.000 0.000 0.000 0.000 0.000 0.000 0.000 0.000 0.000 0.000 0.000 0.000 0.000
89.448 111.335 76.580 106.636 105.446 65.304 55.881 0.000 69.930 28.219 0.000 0.000 0.000 0.000 96.271 74.865 45.538 53.227 63.906 62.624 58.393 56.198 56.044 55.915 54.794 48.670 44.561 48.479 48.418 48.371 47.333 47.298 51.261 51.241 52.230 62.226 62.224 58.222 51.221 50.220 29.219 0.000 0.000 0.000 16.310 22.310 0.000 0.000 0.000 0.000 0.000 0.000 0.000 0.000 0.000 0.000 0.000 0.000 0.000 0.000 0.000 0.000 0.000 0.000 0.000 0.000 0.000 0.000 0.000 0.000 0.000 0.000 0.000
137.529 116.125 114.169 105.604 105.527 93.397 0.000 36.855 64.855 138.510 114.050 0.565 43.750 33.214 94.678 54.256 51.835 123.461 114.009 109.662 109.419 108.203 107.068 105.957 104.849 75.695 42.567 48.490 48.436 48.396 48.364 40.331 0.000 0.000 0.000 0.000 0.000 0.000 15.220 67.219 46.218 17.218 0.000 0.000 0.000 0.000 0.000 0.000 0.000 0.000 0.000 0.000 0.000 0.000 0.000 0.000 0.000 0.000 0.000 0.000 0.000 0.000 0.000 0.000 0.000 0.000 0.000 0.000 0.000 0.000 0.000 0.000 0.000
95.699 115.285 105.747 105.677 89.936 0.000 0.000 0.000 8.127 59.917 47.641 0.000 25.234 0.000 53.970 50.646 60.084 115.773 0.000 1.491 0.000 52.128 61.065 121.999 34.948 0.000 52.522 48.477 48.441 49.413 31.396 0.000 0.000 0.000 0.000 0.000 0.000 0.000 0.000 20.218 67.217 23.217 0.000 0.000 0.000 0.000 0.000 0.000 0.000 0.000 0.000 0.000 0.000 0.000 0.000 0.000 0.000 0.000 0.000 0.000 0.000 0.000 0.000 0.000 0.000 0.000 0.000 0.000 0.000 0.000 0.000 0.000 0.000
116.457 114.509 105.812 114.430 116.276 36.564 0.000 15.609 42.609 52.390 28.956 5.837 46.718 92.196 90.586 83.274 0.000 34.773 0.000 13.247 35.181 63.115 108.067 71.026 35.998 0.000 0.000 54.457 48.436 49.421 30.411 0.000 0.000 0.000 0.000 0.000 0.000 0.000 0.000 0.000 14.216 53.216 18.216 0.000 0.000 0.000 0.000 0.000 0.000 0.000 0.000 0.000 0.000 0.000 0.000 0.000 0.000 0.000 0.000 0.000 0.000 0.000 0.000 0.000 0.000 0.000 0.000 0.000 0.000 0.000 0.000 0.000 0.000
114.592 105.931 105.874 94.937 37.702 0.000 0.000 0.000 4.310 31.079 0.000 0.000 39.607 83.282 136.905 72.590 0.000 0.000 0.000 0.000 0.000 77.083 112.063 42.039 39.018 0.000 0.000 0.000 53.427 47.421 45.417 43.418 31.418 0.000 0.000 0.000 0.000 0.000 0.000 0.000 9.216 67.216 25.215 0.000 0.000 0.000 0.000 0.000 0.000 0.000 0.000 0.000 0.000 0.000 0.000 0.000 0.000 0.000 0.000 0.000 0.000 0.000 0.000 0.000 0.000 0.000 0.000 0.000 0.000 0.000 0.000 0.000 0.000
