results1/res_4e8f-0145.wd
ncols         241
nrows         181
xllcorner     12693529.787448
yllcorner     3542525.717860
cellsize      155.156523
NODATA_value  -9999.000000
[rows 99 to 131 of 181, columns 0 to 72 of 241]
0.000 0.000 0.000 0.000 0.000 60.469 100.469 102.469 93.469 88.469 0.000 0.000 0.000 0.000 0.000 2.467 1.467 68.467 65.467 0.000 0.000 1.466 4.465 63.465 62.465 3.464 0.000 0.000 0.000 10.256 0.000 0.000 0.000 0.000 16.119 62.115 58.106 57.089 58.065 59.039 72.010 60.979 64.944 56.906 58.865 56.820 57.772 62.722 63.669 61.615 65.558 58.501 58.443 60.383 63.319 77.250 78.191 63.143 49.100 0.000 0.000 0.000 0.000 0.000 27.146 82.141 79.131 66.113 41.090 36.067 80.044 57.022 59.000
0.000 0.000 0.000 0.000 0.000 61.470 101.470 101.470 0.000 0.000 0.000 0.000 0.000 0.000 0.000 1.467 13.467 79.467 68.467 6.467 3.466 3.466 66.466 65.465 69.465 0.465 0.000 0.000 0.000 68.256 60.256 0.000 0.000 0.000 75.161 85.156 71.147 64.134 58.115 60.093 79.067 64.037 70.003 69.966 60.925 75.880 67.832 68.781 58.727 66.671 66.614 64.555 58.497 59.437 63.373 60.280 22.217 12.180 0.000 0.000 0.000 0.000 0.000 30.161 67.156 79.151 86.143 76.131 52.116 53.099 67.082 58.064 59.045
6.472 0.000 0.000 0.000 0.000 48.470 97.470 106.470 16.470 0.000 0.000 0.000 0.000 0.000 0.000 0.467 2.467 86.467 67.467 68.467 70.466 67.466 64.466 65.465 63.465 1.465 0.000 0.000 0.000 61.256 61.256 62.255 61.248 61.234 60.209 70.200 79.194 26.184 90.170 80.151 85.127 70.099 15.067 86.030 83.988 82.943 86.895 75.842 58.787 61.729 66.670 66.610 63.551 59.497 48.457 0.000 0.000 0.000 0.000 0.000 0.000 0.000 0.000 40.166 67.166 67.163 78.159 77.152 60.143 60.133 59.121 59.107 59.092
74.472 77.472 9.472 0.000 0.000 58.471 97.471 102.471 112.471 17.471 0.000 0.000 0.000 0.000 8.468 8.468 6.468 23.468 71.467 68.467 86.467 100.466 75.466 60.466 0.000 0.000 0.000 0.000 0.000 0.000 60.258 61.260 61.254 61.246 61.240 60.243 60.243 59.238 60.229 65.213 77.193 71.166 14.134 86.097 87.056 65.010 71.961 88.907 82.849 69.789 59.727 65.664 66.600 69.544 54.501 0.000 0.000 0.000 0.000 0.000 0.000 0.000 0.000 2.172 18.177 64.178 61.178 61.176 59.172 59.167 59.161 59.151 59.140
88.472 71.472 71.472 73.472 75.472 94.471 102.471 102.471 102.471 104.471 78.471 17.471 0.470 66.469 73.469 74.468 36.468 31.468 94.468 102.467 97.467 93.467 76.466 0.466 0.000 0.000 0.000 0.000 0.000 0.000 0.000 61.274 60.261 59.256 60.262 61.289 61.297 61.298 61.293 62.282 81.264 76.238 59.207 61.170 72.128 83.082 60.031 71.976 72.915 65.849 85.784 68.718 60.642 1.595 0.000 0.000 0.000 0.000 0.000 0.000 0.000 0.000 0.000 0.000 10.193 64.195 59.198 59.201 59.203 59.204 59.203 57.198 55.191
103.472 93.472 74.472 78.472 96.472 102.472 102.471 102.471 102.471 97.471 69.471 75.470 3.470 57.469 92.469 100.469 100.468 84.468 99.468 106.468 16.468 0.000 0.000 0.000 0.000 0.000 0.000 0.000 0.000 0.000 0.000 61.301 0.000 0.000 0.000 62.353 61.359 61.363 61.364 62.357 78.341 83.317 60.285 61.247 61.204 79.157 80.106 58.050 65.985 84.910 76.844 54.781 0.000 0.000 0.000 0.000 0.000 0.000 0.000 0.000 0.000 0.000 0.000 0.000 7.208 64.211 59.217 59.226 59.236 58.244 57.248 62.249 63.246
103.473 103.472 98.472 101.472 102.472 102.472 102.472 102.472 102.471 98.471 73.471 90.471 0.000 0.000 70.469 94.469 102.469 103.468 102.468 107.468 10.468 0.000 0.000 0.000 0.000 0.000 0.000 0.000 0.000 0.000 0.000 61.327 0.369 0.396 63.418 61.412 61.421 61.433 61.442 61.441 78.428 83.404 60.370 61.329 61.284 62.237 83.187 77.133 84.067 73.959 54.902 0.000 0.000 0.000 0.000 0.000 0.000 0.000 0.000 0.000 0.000 0.000 0.000 0.000 62.219 59.224 59.234 59.250 59.271 58.286 60.296 64.302 65.305
101.473 102.473 102.473 102.473 102.472 102.472 102.472 102.472 102.472 103.471 98.471 105.471 29.471 8.470 58.470 77.469 100.469 102.469 103.469 91.468 5.468 0.000 0.000 0.000 0.000 0.000 0.000 0.000 0.000 0.000 0.000 55.351 60.376 60.400 59.425 61.457 61.480 61.505 61.530 61.538 78.527 83.499 60.461 61.415 61.367 61.319 66.271 89.226 69.191 0.000 0.000 0.000 0.000 0.000 0.000 0.000 0.000 0.000 0.000 0.000 0.000 0.000 0.000 0.000 15.225 66.232 62.244 63.269 61.313 57.334 64.348 65.360 63.370
98.473 103.473 102.473 102.473 102.473 102.473 102.472 102.472 102.472 102.472 103.471 96.471 80.471 71.470 65.470 92.470 102.469 102.469 107.469 10.469 0.000 0.000 0.000 0.000 0.000 0.000 0.000 0.000 0.000 0.000 0.000 0.000 0.000 0.000 0.000 61.512 61.536 61.579 61.634 61.653 77.641 84.607 61.558 61.504 61.450 61.400 61.353 67.312 20.279 0.000 0.000 0.000 0.000 0.000 0.000 0.000 0.000 0.000 0.000 0.000 0.000 0.000 0.000 0.000 0.000 3.235 1.239 0.000 7.378 66.388 64.403 65.419 62.438
98.473 103.473 102.473 102.473 102.473 102.473 102.473 102.473 102.472 102.472 103.472 88.471 67.471 66.471 75.470 99.470 102.470 102.469 108.469 13.469 4.469 0.000 0.000 0.000 0.000 0.000 0.000 0.000 0.000 0.000 0.000 0.000 0.000 0.000 0.000 57.543 61.574 58.642 61.772 61.800 80.779 84.728 61.662 61.593 61.530 61.476 61.430 58.388 8.333 0.000 0.000 0.000 0.000 0.000 0.000 0.000 0.000 0.000 0.000 0.000 0.000 58.520 0.000 0.000 0.000 0.000 0.000 0.463 62.432 63.439 65.454 65.477 62.508
101.474 102.474 102.474 102.474 102.474 102.473 102.473 102.473 102.473 102.472 102.472 99.472 76.471 77.471 94.471 101.470 102.470 102.470 109.469 26.469 0.000 0.000 0.000 0.000 0.000 0.000 0.000 0.000 0.000 0.000 0.000 0.000 0.000 0.000 0.000 0.000 57.574 0.000 61.014 61.997 89.945 76.865 61.768 61.677 61.602 74.544 64.503 59.478 0.000 0.000 0.000 0.000 0.000 0.000 0.000 0.000 0.000 0.000 0.000 0.000 10.520 69.520 54.520 0.000 0.000 0.000 0.502 63.490 66.477 65.481 62.498 58.527 58.571
102.474 102.474 102.474 102.474 102.474 102.474 102.474 102.474 102.473 102.473 102.473 102.472 104.472 104.471 103.471 102.470 102.470 104.470 93.470 36.469 0.000 0.000 0.000 0.000 0.000 0.000 0.000 0.000 0.000 0.000 0.000 0.000 0.000 0.000 0.000 0.000 0.000 0.000 61.273 62.228 96.142 65.017 61.868 61.744 73.656 82.597 61.559 61.543 60.559 0.000 0.000 0.000 0.000 0.000 0.000 0.000 0.000 0.000 0.000 0.000 0.000 65.520 66.520 53.520 0.519 59.516 61.513 65.506 64.503 62.511 61.530 57.563 65.616
101.475 100.475 102.475 102.475 102.475 102.475 102.474 102.474 102.474 102.473 102.473 102.472 102.472 102.471 102.471 102.471 103.470 86.470 14.470 5.470 63.470 77.469 23.469 0.000 0.000 4.469 0.000 0.000 0.000 0.000 0.000 0.000 0.000 0.000 0.000 3.375 3.357 0.219 57.577 68.499 91.377 62.193 58.945 61.774 61.683 61.627 61.593 61.577 61.575 58.575 0.000 0.000 0.000 0.000 0.000 0.000 0.000 0.000 0.000 0.000 0.000 60.521 56.521 62.520 57.520 65.519 65.518 64.517 60.520 63.530 58.548 57.579 57.632
91.475 91.475 100.476 102.476 102.475 102.475 102.475 102.475 102.474 102.474 102.474 103.473 104.472 102.472 102.471 102.471 102.470 24.470 8.470 63.470 73.470 83.469 82.469 75.469 67.469 8.469 0.000 0.000 0.000 0.000 0.000 0.000 0.000 0.000 3.410 62.394 65.344 65.211 61.955 60.814 69.674 57.433 0.000 57.724 61.674 61.636 61.610 61.595 60.590 0.000 0.000 0.000 0.000 0.000 0.000 0.000 62.520 73.520 0.000 0.000 61.521 59.521 59.521 56.521 64.521 65.521 65.522 62.525 65.530 65.539 63.553 58.573 47.593
73.476 78.476 97.476 103.476 102.476 102.476 102.476 102.476 102.475 102.475 104.474 90.474 86.473 101.472 106.471 103.471 98.470 80.470 83.470 89.470 83.470 84.469 63.469 56.469 2.469 0.000 0.000 0.000 0.000 0.000 0.000 0.000 0.356 0.000 53.427 59.444 62.414 62.335 62.218 62.130 64.070 0.000 0.000 0.000 56.653 61.632 61.615 61.605 61.600 0.000 0.000 0.000 0.000 0.000 0.000 22.520 79.520 61.520 59.520 59.521 59.521 59.521 57.521 62.521 65.522 65.523 61.526 65.530 65.536 64.544 58.554 59.565 49.574
57.476 72.477 91.477 104.477 105.477 105.477 103.477 102.476 103.476 102.475 103.475 41.474 12.473 60.472 78.471 99.471 106.470 104.470 104.470 90.470 13.470 0.000 0.000 0.000 0.000 0.000 0.000 0.000 0.000 8.357 10.357 0.356 0.356 0.356 0.000 58.542 62.531 60.498 61.450 63.417 64.407 0.000 0.000 0.000 0.000 54.623 61.615 61.609 58.604 0.000 0.000 0.000 0.000 0.000 0.000 0.000 21.520 75.520 58.520 58.521 59.521 58.521 58.521 64.522 65.523 63.524 51.527 4.532 69.540 63.547 63.554 63.560 49.565
21.477 43.477 76.478 82.478 76.478 78.478 95.478 103.477 99.477 92.476 91.476 26.476 0.000 0.000 0.000 36.470 71.470 97.470 104.470 1.470 0.000 0.000 0.000 0.000 0.000 0.000 0.000 0.000 0.000 50.357 71.357 16.357 1.357 0.356 0.000 58.652 64.672 63.674 72.669 73.680 63.734 8.893 0.000 0.000 0.000 0.000 58.613 59.611 0.000 0.000 0.000 0.000 0.000 0.000 0.000 0.000 0.000 80.520 83.520 63.521 57.521 55.521 65.521 65.522 60.522 0.000 0.000 0.000 10.544 68.549 65.554 65.558 55.560
0.000 0.000 57.480 66.480 18.479 4.479 67.479 96.478 87.478 83.477 97.477 64.477 24.477 0.000 0.000 0.000 0.000 42.470 73.470 0.000 0.000 0.000 0.000 0.000 0.000 0.000 0.000 0.000 0.000 0.000 55.357 73.357 4.357 0.000 0.000 49.741 63.830 61.858 91.873 84.900 62.956 65.052 11.157 0.000 0.000 0.000 53.613 0.000 0.000 0.000 0.000 0.000 0.000 0.000 0.000 0.000 0.000 0.000 68.521 85.521 70.521 64.521 65.521 60.521 0.000 0.000 0.000 0.000 0.000 60.552 65.554 65.556 60.558
0.000 0.000 53.481 98.481 55.481 4.480 56.480 88.479 90.479 101.478 103.478 106.477 112.477 51.476 20.476 0.000 0.000 0.000 13.469 8.469 0.000 1.465 0.000 0.000 0.000 0.000 0.000 0.000 0.000 0.000 56.357 71.357 1.357 8.358 12.358 0.000 57.050 65.054 95.065 77.091 65.137 64.202 69.262 0.000 0.000 0.000 0.000 0.000 0.000 0.000 0.000 0.000 0.000 0.000 0.000 0.000 0.000 0.000 0.000 6.521 73.521 63.521 61.521 0.000 0.000 0.000 0.000 0.000 59.553 58.553 60.554 54.555 0.000
26.485 41.485 75.483 93.483 101.482 70.482 83.481 106.480 103.480 102.479 102.478 102.478 102.477 108.476 111.475 67.474 26.472 8.471 71.470 85.468 78.466 80.465 36.463 12.461 9.460 0.000 0.000 0.000 0.000 0.000 35.357 57.357 63.357 63.358 66.358 25.359 58.267 87.241 89.242 66.263 64.301 64.356 67.428 12.547 7.599 0.000 0.000 0.000 0.000 0.000 0.000 0.000 0.000 0.000 0.000 0.000 0.000 0.000 0.000 0.000 0.000 0.000 7.521 0.000 0.000 0.000 0.000 61.553 56.553 54.553 0.000 0.000 0.000
99.486 102.486 102.485 100.484 98.484 99.483 101.482 101.482 102.481 103.480 103.479 102.478 95.477 99.476 102.475 106.474 110.473 111.471 103.470 99.468 96.466 91.465 93.463 86.461 42.459 20.457 0.000 0.000 0.000 0.000 0.000 0.000 0.000 0.000 0.000 82.451 71.419 100.401 91.400 78.416 65.447 64.492 64.548 68.614 64.651 0.000 0.000 0.000 0.000 0.000 0.000 0.000 0.000 0.000 0.000 0.000 0.000 0.000 0.000 0.000 0.000 0.000 0.000 0.000 0.000 0.000 0.000 0.000 0.000 0.000 0.000 0.000 0.000
102.487 97.487 95.486 94.486 88.485 85.484 86.484 86.483 92.482 97.481 97.480 90.479 74.478 89.477 102.475 102.474 102.473 102.471 102.470 102.468 103.467 103.465 106.463 107.460 107.458 107.455 46.452 0.000 0.000 0.000 0.000 0.000 0.000 0.000 0.000 54.575 80.558 85.544 69.542 86.555 74.580 64.616 64.660 67.707 10.742 0.000 0.001 0.014 0.000 0.000 0.000 0.000 0.000 0.000 0.000 0.000 0.000 0.000 0.000 0.000 0.000 0.000 0.000 0.000 0.000 0.000 0.000 0.000 0.000 0.000 0.000 0.000 0.000
72.488 45.488 67.488 81.487 79.487 59.486 44.485 40.484 60.483 77.482 76.481 69.480 64.479 74.477 95.476 103.474 102.473 102.471 102.470 102.468 102.467 106.465 81.463 69.460 68.457 72.454 75.449 14.441 3.433 0.221 0.112 0.000 0.000 0.000 0.000 52.715 88.693 71.674 63.670 73.680 84.701 68.732 64.769 64.813 70.867 14.958 9.005 1.035 0.020 0.192 0.000 0.000 0.000 0.000 0.000 0.000 0.000 0.000 0.000 0.000 0.000 0.000 0.000 0.000 0.000 0.000 0.000 0.000 0.000 0.000 0.000 0.000 0.000
62.490 33.490 55.489 70.489 66.488 43.487 29.487 33.486 53.485 67.483 65.482 65.481 66.479 64.478 83.476 100.475 102.473 102.472 102.470 102.469 101.468 64.466 0.000 0.000 0.000 0.000 0.000 0.000 0.000 59.056 79.052 31.047 17.040 13.025 59.979 76.878 93.826 70.789 64.785 62.794 79.814 81.840 67.872 64.910 64.953 68.003 77.039 15.065 10.077 0.000 0.000 0.000 0.000 0.000 0.000 0.000 0.000 0.000 0.000 0.000 0.000 0.000 0.000 0.000 0.000 0.000 0.000 0.000 0.000 0.000 0.000 0.000 0.000
75.492 71.491 66.491 65.491 66.490 68.489 69.488 72.487 71.486 67.485 66.483 66.482 66.480 65.478 72.477 94.475 103.473 102.472 104.470 76.469 42.468 0.000 0.000 0.000 0.000 0.000 0.000 0.000 0.000 24.054 46.052 49.049 53.048 67.056 64.035 84.990 81.944 55.873 62.885 64.899 66.919 79.943 71.970 67.001 65.033 64.063 81.083 72.092 66.089 0.000 0.000 0.000 0.000 0.000 0.000 0.000 0.000 0.000 0.000 0.000 0.000 0.000 0.000 0.000 0.000 0.000 0.000 0.000 0.000 0.000 0.000 0.000 0.000
65.494 66.493 66.493 66.493 66.492 66.491 66.490 66.489 66.488 66.486 66.485 66.483 66.481 66.479 64.477 85.475 102.473 104.471 100.470 26.469 0.000 0.000 0.000 0.000 0.000 0.000 0.000 0.000 0.000 0.000 0.000 0.000 0.000 51.114 68.117 94.103 68.086 0.000 50.984 65.998 64.019 68.042 69.066 78.091 67.114 65.132 64.138 60.130 1.110 0.000 0.000 0.000 0.000 0.000 0.000 0.000 0.000 0.000 0.000 0.000 0.000 0.000 0.000 0.000 0.000 0.000 0.000 0.000 0.000 0.000 0.000 0.000 24.780
66.496 66.496 66.495 66.495 66.494 66.493 66.492 65.491 65.489 66.488 66.486 66.484 66.482 66.480 65.478 73.475 88.473 99.471 87.469 13.468 0.000 0.000 0.000 0.000 0.000 0.000 0.000 0.000 0.000 0.000 0.000 0.000 0.000 28.169 77.216 102.218 12.212 0.000 49.068 67.092 65.117 64.139 72.161 83.182 71.200 65.212 69.209 2.169 0.000 0.000 0.000 0.000 0.000 0.000 0.000 0.000 0.000 0.000 0.000 0.000 0.000 0.000 0.000 0.000 0.000 0.000 0.000 0.000 0.000 0.000 0.000 0.000 81.858
66.498 66.498 66.498 66.497 66.496 66.495 66.494 70.493 71.491 67.490 66.488 66.486 66.483 66.481 66.478 65.476 68.473 77.470 77.468 18.467 0.000 0.000 0.000 0.000 0.000 0.000 20.098 0.000 0.000 0.000 0.000 0.000 0.000 0.427 81.359 96.343 19.332 0.000 33.127 64.186 65.216 65.238 64.257 69.276 71.294 67.308 69.315 0.000 0.000 0.000 0.000 0.000 0.000 0.000 0.000 0.000 0.000 0.000 0.000 0.000 0.000 0.000 0.000 0.000 0.000 0.000 0.000 0.000 0.000 0.000 0.000 66.080 74.989
66.501 66.501 66.500 66.500 66.499 66.498 65.497 77.495 82.493 69.492 66.489 66.487 66.485 66.482 66.479 66.476 66.472 65.469 68.466 49.464 0.000 0.000 0.000 0.000 0.000 62.098 83.098 45.095 36.087 35.075 0.000 0.000 0.000 62.610 104.513 78.462 78.441 5.464 0.000 50.311 67.323 65.338 65.354 63.371 79.390 83.410 77.429 0.558 0.000 0.000 0.000 0.000 0.000 0.000 0.000 0.000 0.000 0.000 0.000 0.000 0.000 0.000 0.000 0.000 0.000 0.000 0.000 0.000 0.000 0.000 40.244 91.172 77.097
66.504 66.504 66.503 66.502 66.502 66.501 65.499 78.498 84.496 68.494 66.492 66.489 66.486 66.483 66.480 66.476 66.472 66.468 66.463 72.458 43.452 0.000 0.000 0.000 2.099 25.099 40.099 62.102 70.090 74.063 48.012 23.943 58.850 96.719 94.622 74.549 56.508 14.486 0.000 50.422 67.428 66.437 69.450 64.466 73.485 96.512 93.554 38.640 2.692 18.717 0.000 0.000 0.000 0.000 0.000 0.000 0.000 0.000 0.000 0.000 0.000 0.000 0.000 4.065 0.000 0.000 0.000 0.000 0.000 0.000 77.317 133.265 116.203
63.507 64.507 65.506 65.506 66.505 66.503 64.502 79.500 82.499 65.496 66.494 66.491 66.488 66.485 66.481 66.477 66.472 66.467 66.461 66.454 72.445 52.434 3.426 0.000 0.000 0.000 0.000 38.123 69.107 65.076 68.030 71.967 83.888 100.795 84.708 52.605 2.556 0.000 0.000 49.528 66.529 69.534 82.543 68.556 78.574 79.599 98.635 102.682 85.720 35.743 0.000 0.000 0.000 0.000 0.000 0.000 0.000 0.000 0.000 0.000 0.000 0.000 14.073 0.022 0.000 0.000 0.000 0.000 0.000 63.531 73.441 74.371 77.305
84.510 79.510 74.510 72.509 68.508 64.507 64.505 79.504 82.502 64.499 66.497 66.494 66.490 66.487 66.483 66.478 65.473 64.467 65.460 65.452 65.442 71.430 48.418 25.404 0.383 0.000 0.000 37.160 75.138 69.106 64.063 77.008 99.941 93.864 61.811 0.000 0.000 0.000 0.000 47.633 65.627 70.626 77.631 72.640 77.655 76.676 89.703 83.734 76.764 49.790 4.820 0.000 0.000 0.000 0.000 0.000 0.000 0.000 0.000 0.000 0.000 0.000 0.057 0.033 10.290 0.000 0.000 6.697 40.698 68.621 137.543 101.479 133.366
104.514 103.514 99.513 94.512 90.511 85.510 80.509 76.507 71.505 65.502 66.500 66.497 66.493 66.489 65.485 67.480 73.474 78.467 77.460 75.451 69.440 64.427 68.412 74.392 38.360 19.324 23.280 57.219 80.181 71.146 67.107 90.062 102.004 57.909 2.860 0.000 0.000 10.822 17.801 51.743 64.721 69.713 85.714 75.720 68.731 61.747 67.766 85.789 82.811 88.832 7.851 0.000 0.000 0.000 0.000 0.000 0.000 0.000 0.000 0.000 0.000 0.000 0.000 0.000 7.294 0.000 0.000 0.000 75.774 66.713 76.645 99.541 75.716
