results1/res_4e8_norain-0010.wd
ncols         241
nrows         181
xllcorner     12693529.787448
yllcorner     3542525.717860
cellsize      155.156523
NODATA_value  -9999.000000
[rows 33 to 65 of 181, columns 76 to 151 of 241]
0.000 0.000 0.000 0.000 0.000 0.000 0.000 0.000 0.000 0.000 0.000 0.000 0.000 0.000 0.000 0.000 0.000 0.000 0.000 0.000 0.000 0.000 0.000 0.000 0.000 0.000 0.000 0.000 0.000 0.000 0.000 0.000 0.000 0.000 0.000 0.000 7.174 30.176 35.178 0.000 0.000 0.000 0.467 14.510 0.000 0.000 5.161 8.316 2.490 3.611 4.730 4.851 4.971 5.079 4.154 10.171 30.096 0.000 0.000 0.000 23.212 40.084 44.925 43.757 44.606 43.366 45.657 40.890 40.548 40.840 43.340 42.826 42.846 43.789 10.744 22.682
0.000 0.000 0.000 0.000 0.000 0.000 0.000 0.000 0.000 0.000 0.000 0.000 0.000 0.000 0.000 0.000 0.000 0.000 0.000 0.000 0.000 0.000 0.000 0.000 0.000 0.000 0.000 0.000 0.000 0.000 0.000 0.000 0.000 0.000 0.000 0.000 0.000 0.000 0.000 0.000 0.000 0.000 0.000 0.000 0.000 0.000 0.000 19.496 18.676 8.791 4.911 5.048 5.205 5.368 4.497 26.526 24.310 0.000 12.891 25.766 39.501 44.310 44.128 43.963 43.712 44.994 41.207 40.583 41.168 43.685 43.149 43.142 43.054 43.988 21.920 39.849
0.000 0.000 0.000 0.000 0.000 0.000 0.000 0.000 0.000 0.000 0.000 0.000 0.000 0.000 0.000 0.000 28.163 0.000 0.000 0.000 0.000 0.000 0.000 0.000 0.000 0.000 0.000 0.000 0.000 0.000 0.000 0.000 0.000 0.000 0.000 0.000 0.000 0.000 0.000 0.000 0.000 0.000 0.000 0.000 0.000 0.000 0.000 0.000 15.897 15.966 7.076 5.226 5.435 3.692 19.941 29.125 0.000 0.000 23.018 37.905 44.719 44.523 44.344 44.076 46.343 42.534 40.711 41.501 44.036 43.491 43.469 43.361 43.272 43.184 43.099 44.015
0.000 0.000 0.000 0.000 0.000 0.000 0.000 0.000 0.000 0.000 0.000 0.000 0.000 0.000 0.000 3.163 54.164 10.165 0.000 0.000 0.000 0.000 0.000 0.000 0.000 0.000 0.000 0.000 0.000 0.000 0.000 0.000 0.000 0.000 0.000 0.000 0.000 0.000 0.000 0.000 0.000 0.000 0.000 0.000 0.000 1.064 0.000 0.000 5.049 18.104 9.200 5.346 2.692 14.026 24.451 13.909 0.000 22.381 40.257 45.122 44.940 44.753 44.468 44.714 43.882 40.944 41.853 44.400 43.852 43.822 43.699 43.592 43.484 43.380 44.278 39.178
0.000 0.000 0.000 0.000 0.000 0.000 0.000 0.000 0.000 7.785 0.503 0.277 0.000 0.000 0.000 42.164 50.167 15.168 0.000 0.000 0.000 0.000 0.000 0.000 0.000 0.000 0.000 0.000 0.000 0.000 0.000 0.000 0.000 0.000 0.000 0.000 0.000 0.000 0.000 0.000 0.000 0.000 9.012 24.022 27.040 25.067 11.104 5.137 4.147 18.200 9.277 1.509 15.834 30.187 18.930 8.152 24.174 29.507 42.509 45.380 45.200 44.900 45.118 43.262 41.288 42.236 44.789 44.238 44.203 44.068 43.945 43.819 43.696 43.574 40.455 26.344
0.000 0.000 0.000 0.000 0.000 0.000 0.000 0.000 0.000 5.773 0.219 0.272 0.000 0.000 34.157 45.165 52.171 11.175 0.000 0.000 0.000 0.000 0.000 0.000 0.000 0.000 0.000 0.000 0.000 0.000 0.000 0.000 0.000 0.000 4.923 6.924 0.000 0.000 0.000 13.957 0.000 6.992 30.003 33.015 34.032 31.058 18.108 5.162 2.205 19.271 10.367 14.526 32.733 26.960 0.000 7.596 26.863 39.964 45.890 45.720 45.402 45.580 43.694 41.760 42.661 45.213 44.660 44.619 44.473 44.334 44.188 44.045 43.906 43.767 33.625 15.536
0.000 0.000 0.000 0.000 0.000 0.000 0.000 0.000 0.000 0.000 0.000 26.038 22.080 10.116 23.150 43.168 54.180 7.186 0.000 0.000 0.000 0.000 0.000 0.000 0.000 0.000 0.000 0.000 0.000 0.000 0.000 0.000 0.000 8.923 9.924 21.925 4.928 0.000 7.952 8.958 4.968 11.982 18.994 17.005 10.017 29.027 0.000 11.201 14.240 4.314 16.393 29.494 26.613 0.000 0.000 19.774 36.719 45.600 46.383 46.036 46.149 43.216 42.412 43.146 45.684 45.127 45.079 44.924 44.770 44.602 44.431 44.267 45.117 37.965 25.743 15.639
0.000 0.000 0.000 0.000 0.000 0.000 0.000 0.000 0.000 0.000 0.000 45.061 40.086 30.120 20.160 44.181 52.194 47.206 32.221 0.000 0.000 0.000 0.000 0.000 0.000 0.000 0.000 0.000 0.000 0.000 0.000 0.000 0.000 8.924 7.925 28.927 34.931 23.939 15.948 7.956 4.965 5.976 6.986 5.995 4.003 12.008 0.000 0.000 0.000 9.355 32.397 30.445 0.000 0.000 20.699 34.005 43.651 47.302 46.988 47.884 43.904 43.355 43.722 46.223 45.653 45.591 45.424 45.259 45.076 44.876 44.666 44.478 44.330 30.234 0.000 0.000
0.000 0.000 0.000 0.000 0.000 0.000 0.000 0.000 0.000 0.000 0.000 0.000 17.085 0.000 28.192 47.202 52.213 50.225 48.237 37.249 0.000 0.000 0.000 0.000 0.000 0.000 0.000 0.000 0.000 0.000 0.000 0.000 0.000 0.000 12.926 31.928 38.932 30.938 14.945 3.953 4.962 4.972 4.980 4.987 4.993 8.996 0.000 0.000 0.000 0.000 16.396 0.000 0.000 25.906 30.390 41.919 48.477 48.364 46.640 44.952 44.813 44.450 46.863 46.258 46.167 45.979 45.800 45.608 45.400 45.161 44.880 45.651 37.491 20.409 0.000 0.000
0.000 0.000 0.000 0.000 0.000 0.000 0.000 0.000 0.000 0.000 0.000 0.000 0.000 49.213 49.215 51.222 51.233 50.244 44.255 38.263 9.269 0.000 0.000 0.000 0.000 0.000 0.000 0.000 0.000 0.000 0.000 0.000 0.000 0.000 7.927 29.928 38.932 29.937 12.943 2.950 7.960 6.970 4.977 4.982 4.986 5.987 0.000 0.000 0.000 0.000 0.000 0.000 28.795 31.420 39.062 49.664 49.752 48.171 50.220 47.212 45.428 47.657 46.977 46.826 46.597 46.391 46.183 45.975 45.755 44.491 53.041 50.755 23.574 13.503 0.000 0.000
0.000 0.000 0.000 0.000 5.792 0.000 0.000 23.846 12.850 16.853 0.000 0.000 0.000 0.000 57.234 51.242 48.253 45.265 48.276 39.282 2.276 0.000 0.000 0.000 0.000 0.000 0.000 0.000 0.000 0.000 0.000 0.000 0.000 0.000 11.927 29.928 34.931 24.936 15.941 13.945 0.000 0.000 10.978 4.980 4.981 5.981 11.976 19.974 0.000 0.000 0.000 1.662 34.173 37.929 48.631 50.801 50.501 54.500 53.011 46.887 48.673 47.844 47.590 47.294 47.039 46.798 46.570 46.354 46.157 52.005 0.000 0.000 2.549 20.525 0.000 0.000
0.000 0.000 0.000 0.000 25.794 0.000 17.835 19.844 31.852 14.859 0.000 0.000 0.000 0.000 42.246 54.260 51.275 51.290 52.304 46.316 0.318 0.000 0.000 0.000 0.000 0.000 0.000 0.000 0.000 0.000 0.000 0.000 0.000 0.000 17.927 14.927 26.929 0.000 0.000 0.000 0.000 0.000 0.000 14.980 8.980 0.000 1.974 35.973 18.972 0.000 0.000 5.958 39.655 48.485 51.566 51.354 56.004 55.417 48.335 49.811 48.839 48.456 48.071 47.751 47.461 47.195 46.946 46.716 46.514 51.370 0.000 0.000 0.000 0.000 0.000 0.000
0.000 0.000 0.000 0.000 36.798 12.810 14.828 20.844 44.859 45.873 40.889 0.000 0.000 0.000 0.000 2.278 56.299 51.317 52.338 49.362 8.394 0.000 0.000 0.000 0.000 0.000 0.000 0.000 0.000 0.000 0.000 0.000 0.000 0.000 0.000 0.000 0.000 0.000 0.000 0.000 0.000 0.000 0.000 0.000 0.000 0.000 0.000 0.000 0.000 0.000 0.000 32.303 49.369 51.078 52.030 56.556 56.368 49.270 50.801 49.825 49.365 48.904 48.518 48.174 47.863 47.574 47.305 47.051 46.814 49.591 33.590 0.000 0.000 0.000 0.000 0.000
14.638 0.000 0.000 0.000 28.792 30.807 30.826 42.846 39.868 51.888 50.908 11.926 0.000 0.000 0.000 0.000 58.326 51.343 52.369 49.401 9.433 0.000 0.000 0.000 18.850 30.866 0.000 0.000 0.000 0.000 0.000 0.000 0.000 0.000 0.000 0.000 0.000 0.000 0.000 0.000 0.000 0.000 0.000 0.000 0.000 0.000 0.000 0.000 0.000 0.000 33.267 50.239 50.881 57.075 56.678 50.307 50.926 51.470 50.678 50.221 49.735 49.307 48.919 48.567 48.242 47.937 47.647 47.372 54.100 0.000 0.000 0.000 0.000 0.000 0.000 0.000
21.647 13.659 0.000 18.752 13.773 21.801 34.825 38.850 49.880 50.904 49.930 18.947 0.000 0.000 0.000 0.000 57.338 51.361 52.397 47.443 27.504 11.603 12.689 12.765 20.835 41.884 8.928 0.000 0.000 0.000 0.000 0.000 0.000 0.000 0.000 0.000 0.000 0.000 0.000 0.000 0.000 0.000 0.000 0.000 0.000 0.000 0.000 0.000 21.203 30.988 49.991 51.633 58.455 57.894 50.726 52.496 51.884 51.390 50.967 50.506 50.073 49.666 49.287 48.934 48.601 48.284 47.977 54.690 0.514 0.000 0.000 0.000 0.000 0.000 0.000 0.000
17.656 21.674 21.703 12.733 5.749 0.000 0.000 0.000 39.899 50.921 48.962 33.986 1.035 0.000 0.000 26.295 47.329 52.368 51.415 52.472 42.539 18.620 15.699 14.774 23.844 41.908 24.974 11.057 12.121 16.166 27.189 0.000 0.000 0.000 0.000 0.000 0.000 0.000 0.000 0.000 0.000 0.000 0.000 0.000 0.000 0.000 0.000 1.676 41.413 49.502 52.226 59.142 58.857 51.329 53.047 52.326 52.006 51.612 51.197 50.785 50.382 49.997 49.631 49.282 48.945 48.622 54.289 1.073 0.000 0.000 0.000 0.000 0.000 0.000 0.000 0.000
21.665 15.680 16.704 18.729 18.743 7.748 0.000 0.000 0.000 0.000 56.013 46.037 24.087 16.143 23.200 22.264 24.315 32.368 33.427 20.492 17.563 15.639 15.714 14.789 23.861 38.933 18.004 15.078 20.142 36.189 39.215 24.213 0.000 0.000 0.000 0.000 0.000 0.000 0.000 0.000 0.000 0.000 0.000 0.000 0.000 0.000 0.000 34.092 49.820 52.737 59.431 59.331 51.886 53.592 52.873 52.574 52.198 51.822 51.438 51.054 50.676 50.310 49.958 49.618 49.278 54.969 0.754 0.000 0.000 0.000 0.000 0.000 0.000 0.000 0.000 0.000
36.670 0.000 0.000 23.740 19.749 30.754 21.752 0.000 0.000 0.000 44.041 41.063 26.100 17.145 14.194 14.247 17.302 30.366 38.433 41.506 34.585 24.660 17.733 16.807 32.882 35.958 11.035 15.111 15.181 16.236 20.269 0.000 0.000 0.000 0.000 0.000 0.000 0.000 0.000 0.000 0.000 0.000 0.000 0.000 0.000 26.864 34.966 48.518 59.797 59.502 52.714 53.384 54.034 53.419 53.121 52.758 52.404 52.043 51.680 51.317 50.959 50.609 50.274 50.955 57.580 1.350 0.000 0.000 0.000 0.000 0.000 0.000 0.000 0.000 0.000 0.000
50.683 37.707 20.727 20.745 20.759 11.770 0.000 0.000 0.000 37.037 34.051 37.075 30.107 31.145 31.186 31.230 34.282 29.361 29.437 31.518 35.612 36.684 34.754 30.827 41.903 39.984 28.068 29.153 29.235 31.308 6.357 0.000 0.000 0.000 0.000 0.000 0.000 0.000 0.000 0.000 0.000 0.000 0.000 29.528 30.339 51.421 52.125 60.895 60.440 55.095 54.884 54.344 53.954 53.646 53.300 52.959 52.614 52.268 51.922 51.576 51.234 50.896 51.576 55.348 0.000 0.000 0.000 0.000 0.000 0.000 0.000 0.000 0.000 0.000 0.000 0.000
50.691 47.711 25.732 19.754 20.776 21.799 13.830 0.000 29.000 26.026 27.051 28.080 23.111 27.144 32.176 40.208 25.237 0.000 0.000 0.000 34.661 30.713 30.773 30.844 30.922 31.008 31.101 31.199 31.302 29.406 24.497 0.000 0.000 0.000 20.825 28.113 40.478 10.774 0.000 0.000 0.000 0.000 30.821 41.716 53.795 54.545 61.470 61.229 55.637 55.386 54.724 54.467 54.150 53.822 53.493 53.161 52.828 52.495 52.164 51.835 51.504 52.165 54.786 2.592 0.000 0.000 0.000 0.000 0.000 0.000 0.000 0.000 0.000 0.000 0.000 0.000
50.698 50.717 40.739 16.764 19.792 20.823 20.863 26.920 35.976 20.016 17.051 15.084 22.115 37.145 36.170 21.189 1.212 0.000 0.000 0.000 0.000 19.736 14.785 14.854 14.936 15.028 16.130 19.242 20.368 20.520 19.728 21.103 20.495 20.955 30.537 38.038 36.549 44.071 42.630 37.973 36.149 39.114 51.226 55.021 54.970 61.723 61.633 56.152 55.888 55.217 54.965 54.644 54.329 54.010 53.688 53.365 53.041 52.720 52.405 52.095 52.786 53.475 0.000 0.000 0.000 0.000 0.000 0.000 0.000 0.000 0.000 0.000 0.000 0.000 0.000 0.000
45.704 49.722 30.745 13.774 12.807 20.841 20.880 19.924 13.969 15.014 21.056 38.092 37.123 20.151 13.172 3.180 0.000 23.499 32.530 28.577 29.637 32.711 35.778 34.853 35.941 39.041 38.152 35.272 37.410 32.578 18.795 23.088 22.430 27.833 46.334 53.953 51.611 46.333 41.845 44.160 51.246 56.616 55.459 62.061 61.792 55.934 57.624 56.301 55.724 55.462 55.139 54.827 54.514 54.200 53.886 53.571 53.254 52.940 53.643 51.355 47.070 0.000 0.000 0.000 0.000 0.000 0.000 0.000 0.000 0.000 0.000 0.000 0.000 0.000 0.000 0.000
29.709 40.726 15.746 7.780 14.823 12.858 19.892 20.928 20.965 14.016 31.070 23.105 12.137 15.166 7.190 0.000 32.427 35.470 35.515 37.566 38.626 41.694 45.765 44.842 44.934 45.045 47.164 48.287 46.425 34.588 20.787 23.028 23.303 23.616 27.013 1.620 0.000 66.802 109.281 87.439 53.882 55.835 63.072 62.644 56.296 59.107 56.597 56.234 55.955 55.636 55.325 55.011 54.700 54.391 54.086 53.780 53.465 55.145 49.872 38.613 0.000 0.000 0.000 0.000 0.000 0.000 0.000 0.000 0.000 0.000 0.000 0.000 0.000 0.000 0.000 0.000
0.000 21.728 3.736 0.000 9.849 14.877 14.905 20.934 9.949 0.000 15.104 13.125 15.154 16.189 26.233 40.308 37.386 39.443 45.495 55.549 99.609 96.677 96.746 96.819 96.911 98.043 82.175 14.289 17.416 15.565 23.739 22.934 20.141 18.316 0.648 0.000 0.000 0.000 34.914 52.256 57.198 63.669 63.408 55.818 57.596 56.967 56.737 56.442 56.135 55.825 55.510 55.195 54.883 54.581 54.289 54.998 53.682 45.305 34.088 0.000 0.000 0.000 0.000 0.000 0.000 0.000 0.000 0.000 0.000 0.000 0.000 0.000 0.000 0.000 0.000 0.000
36.722 14.724 0.000 0.000 0.000 8.897 21.919 13.958 0.000 0.000 23.120 14.139 25.168 38.204 38.249 43.306 46.367 39.422 25.474 16.527 12.584 10.662 13.726 14.779 1.817 0.000 19.206 16.279 15.387 19.520 23.670 20.830 13.012 20.173 1.217 0.000 0.000 31.002 47.852 57.677 64.009 63.870 56.328 58.092 57.457 57.233 56.933 56.635 56.328 56.016 55.698 55.377 55.058 54.760 55.492 51.243 39.962 0.000 0.000 0.000 0.000 0.000 0.000 0.000 0.000 0.000 0.000 0.000 0.000 0.000 0.000 0.000 0.000 0.000 0.000 0.000
0.000 0.000 0.000 0.000 0.000 0.000 0.000 18.021 16.059 24.090 21.118 21.145 21.175 38.212 52.254 41.303 21.355 19.406 14.456 16.503 7.541 0.000 19.718 16.757 5.794 0.000 20.167 15.235 16.336 23.458 21.594 19.707 1.785 0.000 0.000 27.909 25.752 42.460 58.347 64.161 57.150 57.777 58.505 57.965 57.734 57.436 57.142 56.839 56.528 56.212 55.891 55.559 56.213 55.912 45.675 30.521 0.000 0.000 0.000 0.000 0.000 0.000 0.000 0.000 0.000 0.000 0.000 0.000 0.000 0.000 0.000 0.000 0.000 0.000 0.000 0.000
0.000 0.000 31.010 24.012 18.015 0.000 0.000 36.048 33.069 20.094 21.120 21.148 22.180 43.215 95.255 88.300 35.347 90.394 11.442 15.489 15.538 17.597 15.674 15.738 15.809 17.918 14.061 14.162 23.264 22.385 19.542 14.648 3.699 0.000 0.000 30.068 36.924 58.924 57.817 64.541 58.227 58.870 58.473 58.239 57.949 57.659 57.358 57.051 56.735 56.415 56.096 57.754 53.323 35.003 21.775 23.648 0.000 0.000 0.000 0.000 0.000 0.000 0.000 0.000 0.000 0.000 0.000 0.000 0.000 0.000 0.000 0.000 0.000 0.000 0.000 0.000
0.000 0.000 14.010 23.013 20.020 38.031 32.044 37.057 45.076 36.098 21.123 21.151 21.181 20.216 14.254 9.295 14.339 11.384 15.430 15.476 15.526 15.582 15.646 15.713 15.789 14.886 19.997 22.090 23.174 7.278 0.000 7.646 0.000 0.000 0.000 34.343 56.283 60.318 65.827 65.255 58.355 59.050 58.736 58.470 58.186 57.889 57.583 57.271 56.949 56.618 55.326 17.040 0.000 0.000 0.000 0.000 0.000 0.000 0.000 0.000 0.000 0.000 0.000 0.000 0.000 0.000 0.000 0.000 0.000 0.000 0.000 0.000 0.000 0.000 0.000 0.000
0.000 19.004 15.008 14.014 32.021 25.032 41.045 50.061 30.081 16.102 14.126 17.152 20.181 21.214 21.251 14.291 13.333 14.375 14.418 15.462 15.509 15.560 20.617 17.679 14.752 15.840 18.955 23.030 12.065 0.000 0.000 0.000 0.000 0.000 109.989 53.717 60.757 58.762 66.305 58.186 60.727 62.240 59.001 58.723 58.434 58.131 57.815 58.502 55.173 42.781 33.553 0.000 0.000 0.000 0.000 0.000 0.000 0.000 0.000 0.000 0.000 0.000 0.000 0.000 0.000 0.000 0.000 0.000 0.000 0.000 0.000 0.000 0.000 0.000 0.000 0.000
18.999 15.002 14.007 25.013 29.022 40.033 47.046 13.064 12.086 13.106 15.128 14.152 11.180 19.211 20.247 21.286 20.327 14.368 13.408 12.448 13.490 19.535 78.584 46.638 26.700 9.769 0.000 25.010 32.993 0.000 0.000 0.000 0.000 34.424 45.237 62.103 60.154 67.106 66.726 59.307 59.850 60.538 59.272 58.992 58.698 58.386 59.047 57.750 10.461 0.000 0.000 0.000 0.000 0.000 0.000 0.000 0.000 0.000 0.000 0.000 0.000 0.000 0.000 0.000 0.000 0.000 0.000 0.000 0.000 0.000 0.000 0.000 0.000 0.000 0.000 0.000
11.998 15.000 17.005 38.013 49.023 63.034 45.044 0.000 31.096 31.110 15.129 15.151 14.177 12.206 15.241 21.282 19.324 20.363 22.398 20.434 18.470 14.508 9.548 14.590 9.644 0.000 0.000 0.000 18.905 10.883 0.000 0.000 0.000 44.612 61.468 61.540 59.572 67.444 59.051 61.551 63.068 59.827 59.557 59.277 58.981 58.670 56.236 10.993 0.000 0.000 0.000 0.000 0.000 0.000 0.000 0.000 0.000 0.000 0.000 0.000 0.000 0.000 0.000 0.000 0.000 0.000 0.000 0.000 0.000 0.000 0.000 0.000 0.000 0.000 0.000 0.000
9.996 15.998 32.004 43.012 91.024 85.038 87.054 93.075 89.094 90.111 15.128 15.148 14.171 14.197 13.231 8.280 18.328 20.362 21.391 19.420 21.450 21.481 22.511 15.533 0.000 0.000 0.000 0.000 19.843 4.862 0.000 0.000 36.116 57.910 61.841 60.833 68.054 67.758 60.124 60.670 61.368 60.116 59.856 59.578 60.281 35.077 0.000 0.000 0.000 0.000 0.000 0.000 0.000 0.000 0.000 0.000 0.000 0.000 0.000 0.000 0.000 0.000 0.000 0.000 0.000 0.000 0.000 0.000 0.000 0.000 0.000 0.000 0.000 0.000 0.000 0.000
10.993 27.996 36.001 42.009 13.025 12.044 11.060 8.078 9.096 9.112 15.128 15.145 31.164 31.184 7.206 0.000 5.346 18.367 20.388 18.408 20.431 20.457 21.483 17.501 0.000 0.000 0.000 17.685 2.763 0.000 0.000 37.461 46.316 63.167 62.066 61.252 68.327 59.820 62.338 64.876 60.657 60.415 60.172 58.901 46.487 5.282 0.000 0.000 0.000 0.000 0.000 0.000 0.000 0.000 0.000 0.000 0.000 0.000 0.000 0.000 0.000 0.000 0.000 0.000 0.000 0.000 0.000 0.000 0.000 0.000 0.000 0.000 0.000 0.000 0.000 0.000
