results1/res_4e8f-0238.wd
ncols         241
nrows         181
xllcorner     12693529.787448
yllcorner     3542525.717860
cellsize      155.156523
NODATA_value  -9999.000000
[rows 66 to 98 of 181, columns 73 to 145 of 241]
71.970 35.955 0.000 61.120 78.095 77.063 77.034 0.000 48.425 48.408 61.421 57.432 56.411 56.365 55.295 131.195 119.021 0.000 0.000 0.000 51.732 46.668 51.572 54.509 54.455 56.406 57.357 62.299 63.245 64.201 55.169 0.000 0.000 52.466 102.466 84.380 88.246 88.337 86.391 94.309 86.802 87.282 88.022 86.795 86.574 87.370 57.215 0.000 0.000 0.000 0.000 0.000 0.000 0.000 43.827 41.802 41.761 41.706 41.639 41.569 45.494 58.416 55.337 40.261 51.187 60.113 39.040 41.967 47.895 52.823 48.752 42.683 40.615
56.973 62.941 0.774 49.350 73.305 72.274 66.276 19.362 0.000 0.000 54.501 67.581 56.581 55.549 56.505 37.463 0.000 0.000 0.000 0.000 0.000 0.000 62.503 60.476 58.442 41.399 44.350 51.294 52.253 57.222 48.195 0.000 0.000 0.000 62.709 80.617 87.555 87.649 94.734 94.529 86.873 87.562 87.274 87.064 86.854 81.667 39.535 0.000 3.722 36.722 0.000 0.000 0.000 49.910 44.874 41.838 41.794 41.741 41.679 41.612 41.540 41.466 48.391 62.316 63.242 46.169 40.096 41.024 41.953 45.883 44.813 40.745 40.677
58.988 57.919 62.789 60.595 74.501 67.451 68.434 65.448 0.000 0.000 0.000 69.810 64.782 59.747 61.712 8.689 0.000 0.000 0.000 0.000 0.000 0.000 61.462 57.451 48.439 0.000 0.000 49.274 61.253 60.237 0.000 0.000 8.416 65.296 57.042 60.864 67.942 83.003 94.925 86.610 88.166 87.731 87.542 87.326 85.113 67.909 46.722 52.722 50.722 31.722 0.000 0.000 0.000 7.947 58.919 40.882 41.837 45.784 53.724 43.659 41.589 40.517 44.444 59.370 66.296 58.224 44.152 39.081 41.011 40.941 40.873 40.805 39.738
59.034 56.959 60.858 71.740 65.654 58.596 77.561 66.548 18.565 0.000 12.216 62.067 77.992 72.943 72.909 75.891 0.000 0.000 0.000 0.000 7.414 7.418 59.430 50.428 53.422 0.000 0.000 0.000 97.249 124.236 39.220 0.000 64.536 59.432 59.269 59.176 55.258 95.277 95.107 87.656 91.262 88.009 87.801 87.587 79.361 32.135 0.000 54.722 32.722 0.000 0.000 0.000 47.054 46.011 44.974 40.934 44.887 56.834 61.774 59.710 52.641 42.570 51.497 59.423 38.350 44.278 57.207 54.137 50.068 58.000 38.932 40.865 38.797
57.096 63.024 72.942 64.855 56.779 56.718 69.666 77.617 73.582 76.507 78.364 73.251 68.175 70.123 59.091 58.074 0.000 0.000 0.000 8.406 64.409 63.411 51.413 53.409 54.399 58.378 57.365 0.000 8.256 2.240 1.189 10.941 70.761 63.626 58.463 59.553 57.598 95.433 57.270 64.861 79.457 87.278 88.065 85.859 44.610 0.000 0.000 0.000 0.000 0.000 0.000 48.124 42.098 42.067 42.033 42.992 52.945 61.891 60.830 60.765 56.695 52.623 62.550 45.476 40.403 41.331 41.260 51.191 64.123 51.057 38.991 39.925 45.857
63.167 74.101 64.030 56.958 57.890 57.829 59.768 43.674 69.638 67.574 59.484 56.398 55.332 71.286 73.256 60.241 0.000 0.000 0.000 64.404 60.404 57.404 50.402 54.397 54.387 54.371 54.351 13.319 16.280 17.250 19.203 87.076 83.943 72.810 71.764 60.761 95.710 95.578 59.321 65.971 60.747 67.552 86.325 61.175 0.000 0.000 0.000 0.000 0.000 0.000 0.000 48.150 42.146 42.128 42.098 43.058 52.009 61.953 60.891 59.824 56.752 61.679 55.604 39.529 41.455 41.383 41.312 51.244 59.178 38.114 41.051 43.986 62.917
74.243 64.183 57.119 58.055 57.995 58.941 39.901 0.000 26.721 54.669 57.598 57.526 57.471 55.431 79.406 63.393 0.000 0.000 0.000 41.402 58.400 52.398 53.395 54.389 54.380 54.368 54.350 65.326 5.295 9.278 26.288 79.218 89.115 11.003 92.924 83.115 95.826 57.890 71.535 68.179 58.050 54.856 51.507 36.341 0.000 0.000 43.726 0.000 0.000 0.000 0.000 44.181 42.209 42.200 42.172 42.131 43.081 49.022 56.957 56.886 56.812 60.735 38.658 41.581 41.506 40.432 46.362 63.295 46.231 40.170 43.112 24.052 24.969
64.324 57.268 58.209 58.150 58.093 61.040 16.995 14.959 7.856 52.783 57.712 59.639 57.593 56.562 74.542 70.533 0.000 0.000 0.000 0.000 49.395 52.393 54.390 54.385 54.378 54.368 56.356 42.341 0.000 0.000 76.456 79.391 90.300 96.171 90.274 88.312 95.925 78.938 81.641 66.483 59.389 52.315 0.000 0.000 0.000 0.000 41.726 0.000 0.000 0.000 0.000 0.261 45.308 42.292 42.259 42.215 42.160 42.098 42.028 48.953 56.874 44.793 41.712 41.632 41.554 44.479 57.409 57.342 39.280 41.224 44.175 11.140 0.000
57.410 58.356 58.300 58.242 58.186 58.131 62.079 63.027 62.960 58.897 58.828 38.723 55.702 56.682 72.668 71.664 0.000 0.000 0.000 0.000 48.391 54.390 54.387 54.383 54.378 54.372 42.364 0.000 0.000 4.821 81.688 87.592 90.492 90.439 89.517 96.059 88.417 91.134 85.823 70.765 60.706 59.702 59.836 0.000 0.000 0.000 38.726 45.726 38.725 0.000 0.000 0.000 60.427 41.399 42.359 42.308 42.249 43.180 42.104 42.023 41.937 41.850 41.764 41.680 40.599 46.523 61.451 38.385 41.324 41.270 43.225 18.194 0.000
58.499 58.446 58.391 58.334 58.277 58.219 58.164 58.111 58.060 58.015 61.981 0.000 48.808 57.795 73.785 68.791 4.838 0.000 0.000 0.000 53.389 56.388 56.386 56.383 54.380 57.377 0.000 0.000 0.000 73.954 79.882 90.797 90.679 90.788 88.837 96.263 89.548 94.192 90.084 91.018 78.969 66.950 55.970 50.970 52.970 0.000 0.000 44.726 39.725 45.719 46.704 44.665 50.573 60.519 42.468 43.411 52.346 59.270 41.187 42.096 42.002 41.908 41.814 40.725 45.640 64.561 58.488 47.422 40.362 41.308 43.260 58.217 76.170
58.591 58.538 58.484 58.427 58.367 58.306 58.246 61.191 59.155 58.123 62.099 0.000 48.928 57.906 74.885 66.877 6.885 0.000 0.000 0.000 26.388 36.387 35.385 35.383 56.381 41.379 0.000 0.000 0.000 76.159 86.093 91.005 90.964 90.068 96.882 96.590 90.610 91.454 90.312 90.256 91.202 82.159 47.124 0.000 0.000 0.000 0.000 42.727 42.729 39.729 41.727 42.719 41.680 48.635 62.584 45.523 43.452 53.369 41.276 42.174 42.068 41.963 41.861 41.764 49.675 62.593 49.519 61.453 39.393 40.339 45.290 66.244 78.195
58.686 58.633 58.578 58.522 58.460 61.390 63.322 35.253 56.247 59.222 61.194 21.168 52.071 57.014 68.973 66.948 7.939 0.000 0.000 0.000 0.000 0.000 2.384 2.383 37.382 0.000 0.000 0.000 24.595 74.429 91.324 91.206 91.323 89.410 97.148 89.191 94.899 90.595 90.550 90.484 90.425 80.360 41.242 0.000 0.000 0.000 0.000 0.000 45.735 46.740 33.757 41.804 42.793 42.758 46.709 62.646 45.569 42.478 42.373 42.255 42.134 42.016 39.903 45.798 64.702 45.617 44.542 58.477 42.418 40.366 47.318 73.272 78.226
58.782 58.729 58.676 58.622 60.561 36.474 38.398 0.000 18.356 54.326 58.287 62.240 58.172 61.108 66.044 71.003 9.984 0.000 0.000 0.000 0.000 3.383 55.383 62.383 0.000 0.000 0.000 7.879 83.761 85.642 91.537 91.494 90.614 97.628 97.396 90.250 90.966 90.839 90.771 90.708 89.654 69.615 0.000 0.000 0.000 0.000 0.000 0.000 0.000 37.740 0.000 48.947 45.931 41.896 41.846 43.782 60.702 49.603 41.481 42.340 42.197 41.062 45.936 47.821 46.718 43.630 41.556 41.493 41.438 42.388 55.343 77.301 78.260
58.877 58.824 58.774 58.728 63.689 1.674 0.000 24.584 16.495 50.437 59.386 57.333 59.271 71.200 43.094 37.036 2.010 0.000 0.000 0.000 0.000 53.383 59.383 61.383 0.000 0.000 0.000 70.996 75.928 89.841 91.725 91.856 89.952 97.841 89.744 91.422 91.117 91.060 90.986 90.923 82.869 59.831 0.000 0.000 0.000 0.000 0.000 0.000 0.000 0.000 0.000 53.105 48.086 42.050 39.999 42.934 42.853 58.749 51.610 42.426 43.254 41.099 47.960 47.833 44.718 38.630 41.560 41.502 43.451 57.406 76.366 78.329 81.295
59.970 57.917 57.869 57.826 60.793 30.779 27.754 59.674 64.602 58.543 56.489 63.435 73.378 76.326 0.255 0.000 0.000 0.000 0.000 0.000 0.000 21.383 28.383 30.383 0.000 0.000 0.000 73.182 81.118 91.030 92.022 91.061 98.235 98.043 90.773 91.479 91.342 91.266 91.194 91.128 73.066 55.010 0.000 0.000 0.000 0.000 0.000 0.000 0.000 0.000 0.000 51.284 49.259 49.218 46.165 39.103 41.027 41.930 57.785 57.501 54.292 51.120 43.971 42.832 39.693 40.612 41.552 45.502 65.459 77.420 77.385 78.354 77.327
74.058 73.006 71.958 69.915 66.879 67.847 67.809 64.754 65.697 67.644 67.592 73.538 75.480 33.403 0.000 0.000 0.000 0.000 0.000 0.000 0.000 0.000 0.000 0.000 0.000 11.689 19.611 74.432 91.324 92.233 92.183 91.412 98.412 90.244 91.921 91.610 91.547 91.467 91.396 89.330 71.256 42.133 0.000 0.000 0.000 0.000 0.000 0.000 0.000 0.000 0.000 41.487 45.447 48.397 49.342 48.284 45.223 41.158 35.099 0.000 0.000 0.000 0.000 0.000 43.608 41.574 44.535 65.497 78.462 77.429 78.400 81.375 77.354
70.141 72.089 71.042 72.998 74.959 73.922 72.882 70.837 68.789 68.742 69.695 65.647 65.602 0.000 0.000 0.000 0.000 0.000 0.000 0.000 0.000 0.000 0.000 0.000 0.000 60.768 83.711 82.609 91.516 92.404 92.532 90.634 98.578 92.335 91.942 91.820 91.738 91.662 91.594 87.537 67.497 0.000 0.000 0.000 0.000 0.000 0.000 0.000 0.000 0.000 48.878 43.730 40.645 42.580 47.522 49.470 49.421 50.380 41.353 0.000 0.000 0.000 0.000 0.000 44.557 42.540 58.516 79.489 77.461 77.436 77.412 78.392 77.375
58.220 58.168 59.121 66.078 75.038 80.999 68.961 62.921 57.880 55.841 54.800 60.754 39.678 0.000 0.000 0.000 0.000 0.000 0.000 0.000 0.000 0.000 0.000 0.000 0.000 66.903 82.857 90.781 92.695 92.662 91.792 98.872 98.731 94.351 92.159 91.999 91.924 91.848 91.782 86.729 61.697 0.000 0.000 0.000 0.000 0.000 0.000 0.000 0.000 49.148 44.025 43.912 43.824 42.755 39.698 44.650 48.613 49.589 46.581 0.000 0.000 0.000 0.000 47.512 41.522 45.515 73.500 77.480 77.460 77.440 77.421 77.405 77.391
57.293 57.243 61.196 66.154 68.114 71.077 61.040 57.005 57.971 57.940 59.912 37.890 0.000 0.000 0.000 0.000 0.000 0.000 0.000 0.000 0.000 0.000 0.000 0.000 0.000 53.085 82.033 91.962 92.860 92.990 91.099 99.002 91.896 93.571 92.253 92.188 92.102 92.024 91.955 82.899 55.866 0.000 0.000 0.000 0.000 0.000 0.000 0.000 48.384 44.271 44.164 44.067 43.985 43.918 43.864 40.821 39.792 42.781 49.800 49.888 0.000 0.000 0.000 41.503 42.504 60.498 77.487 76.473 76.458 77.442 77.428 77.415 77.404
57.362 57.313 59.268 60.227 58.189 57.153 58.119 57.088 57.060 57.036 62.016 7.005 0.000 0.000 0.000 0.000 0.000 0.000 0.000 0.000 0.000 0.000 0.000 0.000 4.453 61.318 90.229 93.145 93.115 92.245 99.238 99.125 94.892 92.594 92.450 92.362 92.275 92.192 93.116 73.048 61.000 0.000 0.000 47.985 0.000 47.755 49.712 49.628 44.496 44.388 44.292 44.206 44.131 44.069 44.018 43.978 42.953 39.942 48.951 49.977 42.977 0.000 0.000 49.493 41.491 49.486 55.478 58.468 62.456 68.444 74.432 76.422 76.414
58.426 58.380 58.337 58.297 58.260 57.227 57.196 57.168 57.145 56.126 64.113 15.108 0.000 0.000 0.000 0.000 0.000 0.000 0.000 0.000 0.000 0.000 0.000 0.000 45.588 81.505 92.420 93.310 93.450 91.541 99.341 92.342 94.017 92.702 92.628 92.533 92.443 92.355 93.267 65.176 43.088 0.000 0.000 43.985 0.000 42.799 44.752 44.677 44.584 44.494 44.410 44.334 44.266 44.207 44.160 44.123 42.098 44.085 50.084 47.091 0.000 0.000 0.000 48.485 47.483 46.478 45.472 44.463 43.454 47.445 58.436 54.428 56.422
56.487 56.443 56.402 56.364 56.329 56.298 56.269 57.245 59.225 61.211 36.204 3.204 0.000 0.000 0.000 0.000 0.000 0.000 0.000 3.825 12.816 0.000 0.000 15.948 56.806 87.700 93.596 93.585 92.612 99.520 99.435 95.331 93.037 92.889 92.796 92.702 92.609 92.517 88.423 35.299 0.000 0.000 0.000 43.985 49.966 44.889 44.819 44.745 44.669 44.594 44.521 44.453 44.390 44.336 44.291 44.255 41.230 50.216 50.210 46.211 0.000 0.000 0.000 47.478 46.476 47.472 47.467 47.460 47.453 47.445 46.438 46.432 45.427
57.545 57.503 60.464 64.428 67.395 71.365 73.339 76.316 75.299 67.288 5.287 16.302 40.355 8.379 0.000 0.000 0.000 0.000 0.000 43.833 70.808 10.768 0.000 50.089 82.990 92.881 93.780 93.710 92.934 99.594 91.766 93.453 93.136 93.061 92.964 92.870 92.775 93.682 80.607 0.000 0.000 0.000 0.000 24.004 44.023 44.974 46.889 46.814 44.754 44.692 44.628 44.565 44.507 44.456 44.412 41.377 46.352 49.337 50.331 41.333 0.000 0.000 0.000 31.475 52.471 52.467 49.463 46.457 46.451 47.446 48.440 48.435 47.431
59.599 58.560 65.523 74.490 75.458 74.430 73.404 72.383 69.366 63.355 38.353 55.362 73.384 42.403 26.423 2.431 0.000 0.000 14.906 53.866 67.814 6.729 25.566 67.330 92.181 95.064 93.905 94.116 92.092 99.656 93.749 93.464 93.316 93.225 93.132 93.038 92.939 94.828 38.717 0.000 0.000 0.000 0.000 0.000 40.148 46.094 26.951 26.869 43.841 44.792 44.733 44.673 44.617 44.567 43.524 41.490 50.464 50.448 47.444 41.456 47.505 0.000 0.000 0.000 63.466 78.463 71.459 67.455 63.450 59.445 62.441 62.437 45.434
59.650 59.614 62.580 65.548 64.518 62.491 60.466 58.444 56.427 56.414 65.408 67.409 64.417 61.426 65.435 13.439 0.000 0.000 54.945 84.912 35.855 31.766 65.638 89.484 94.350 94.205 94.322 92.277 99.739 92.152 93.866 93.553 93.482 93.389 93.300 93.212 96.116 52.972 0.000 0.000 0.000 0.000 0.000 0.000 42.327 47.304 0.000 0.000 40.949 44.901 44.839 44.777 44.721 44.671 41.629 49.594 50.567 49.549 40.540 44.542 44.554 0.000 0.000 0.000 31.464 61.461 79.457 78.453 78.449 78.445 78.442 72.439 62.436
59.699 59.667 59.635 58.605 58.576 59.549 59.524 59.502 57.483 58.467 63.456 66.450 62.448 57.449 60.451 15.451 0.000 0.000 47.017 56.984 34.925 67.843 82.738 91.618 94.500 94.430 93.528 100.107 99.877 93.141 93.869 93.727 93.639 93.552 93.468 93.393 96.342 0.000 0.000 11.706 20.706 0.000 0.000 43.624 46.529 45.491 52.509 1.418 41.107 45.023 44.944 44.877 44.819 42.768 44.725 50.690 50.661 42.639 43.625 44.617 44.615 0.000 0.000 0.000 0.000 0.000 61.453 77.450 77.447 77.445 77.442 78.440 78.438
59.749 59.719 59.689 59.660 59.632 59.605 59.580 58.557 57.535 61.515 65.498 65.485 60.477 56.472 61.468 14.464 0.000 0.000 43.121 12.080 59.020 82.943 88.852 94.756 94.605 94.814 92.802 100.312 92.558 94.269 93.956 93.887 93.796 93.710 93.627 100.550 84.516 0.000 7.705 57.706 43.706 0.000 0.000 38.719 46.672 45.623 45.569 51.463 49.279 48.139 45.039 44.967 44.908 41.858 49.815 50.778 46.748 41.723 44.704 44.688 46.674 50.686 0.000 0.000 0.000 0.000 0.000 74.447 77.446 77.444 77.442 78.441 76.439
59.799 59.770 59.742 59.714 59.686 59.660 58.634 57.610 59.585 63.561 66.536 62.517 57.503 56.494 59.486 41.473 28.443 29.381 25.267 26.197 66.131 87.058 92.978 94.867 95.004 92.994 100.671 100.499 93.561 94.274 94.127 94.038 93.950 93.865 98.779 41.662 56.658 26.695 57.705 65.707 0.000 0.000 0.000 37.860 46.820 45.760 45.681 55.567 66.407 40.217 50.105 46.042 42.990 44.942 50.898 49.860 40.828 43.802 44.779 44.755 31.709 32.697 0.000 0.000 0.000 0.000 0.000 55.445 76.445 77.443 77.442 81.441 77.440
59.850 59.822 59.794 59.767 59.740 59.714 57.688 57.662 61.636 68.606 69.570 65.542 60.524 58.514 58.509 60.498 60.475 69.432 10.369 44.309 82.248 89.181 95.108 95.072 94.202 100.979 100.830 93.914 94.694 94.356 94.282 94.187 94.100 94.022 101.963 0.000 39.759 41.722 31.712 33.709 0.000 0.000 0.313 41.041 46.987 45.915 51.828 67.719 44.563 0.000 31.123 44.107 42.067 50.020 50.976 46.936 43.903 44.877 44.857 46.843 0.000 0.000 0.000 0.000 0.000 0.000 47.444 28.444 67.444 77.443 77.442 82.441 77.441
59.901 59.874 59.846 59.819 59.793 58.767 57.742 59.716 66.690 43.656 19.595 18.558 15.537 45.529 62.537 57.536 60.526 41.505 3.468 49.423 87.370 93.316 95.202 95.444 93.465 101.116 94.245 95.021 94.589 94.529 94.424 94.331 94.242 95.159 93.088 15.033 14.896 0.000 0.000 0.000 0.000 0.000 40.418 48.271 46.172 45.084 64.998 68.919 0.000 0.000 1.235 40.198 46.150 51.097 51.048 41.006 44.972 44.946 44.928 47.918 0.000 0.000 0.000 0.000 0.000 0.000 26.444 0.000 55.443 77.442 77.442 83.441 77.441
59.952 59.925 59.898 59.871 58.845 57.819 59.795 62.772 70.751 29.735 0.000 0.000 0.000 0.000 44.574 59.583 60.590 46.592 48.576 74.544 91.502 95.426 95.597 93.617 101.358 101.242 95.223 94.916 94.767 94.663 94.564 94.469 94.376 97.285 82.198 11.116 0.000 0.000 0.000 0.000 0.000 1.774 40.570 47.452 46.347 44.252 72.160 33.039 0.000 0.000 46.414 51.318 51.238 51.170 49.113 44.068 45.032 45.006 44.990 46.984 0.057 51.077 3.077 0.000 0.000 0.000 0.000 0.000 48.442 77.442 77.442 77.441 77.441
60.003 59.976 59.950 59.923 58.897 57.871 61.846 65.825 69.808 27.798 0.000 0.000 0.000 0.000 24.602 67.631 62.660 68.696 81.699 90.677 94.636 95.642 94.790 101.563 101.464 94.556 95.330 94.986 94.902 94.797 94.700 94.605 98.510 61.407 33.302 0.000 0.000 0.000 0.000 0.000 3.052 42.929 47.759 46.622 48.510 45.418 69.350 0.000 0.000 41.735 48.561 64.421 53.314 50.231 46.168 44.119 44.083 45.057 45.043 45.043 50.068 46.077 37.077 0.000 0.000 0.000 44.441 46.442 45.442 77.442 77.441 77.441 77.441
60.053 60.027 60.001 59.975 57.948 59.921 65.895 66.873 64.856 51.852 12.869 0.000 0.000 0.000 0.000 20.677 16.724 56.834 87.848 91.826 95.765 95.933 94.056 101.652 93.866 95.644 95.208 95.141 97.028 95.927 94.832 94.742 100.652 23.529 0.000 0.000 0.000 0.000 0.000 24.281 63.175 63.056 50.915 47.766 58.654 53.560 54.473 15.385 3.208 39.908 44.676 55.492 51.365 55.274 49.208 52.158 51.122 48.097 45.082 44.078 44.084 50.087 0.000 0.000 0.000 0.000 41.441 41.441 51.441 77.441 77.441 77.441 77.441
