results1/res_4e8f.inittm
ncols         241
nrows         181
xllcorner     12693529.787448
yllcorner     3542525.717860
cellsize      155.156523
NODATA_value  -9999.000000
[rows 29 to 57 of 181, columns 66 to 131 of 241]
-9999.000 -9999.000 -9999.000 -9999.000 -9999.000 -9999.000 -9999.000 -9999.000 -9999.000 -9999.000 -9999.000 -9999.000 -9999.000 -9999.000 -9999.000 -9999.000 -9999.000 -9999.000 -9999.000 -9999.000 -9999.000 -9999.000 -9999.000 -9999.000 -9999.000 -9999.000 -9999.000 -9999.000 -9999.000 -9999.000 -9999.000 -9999.000 -9999.000 -9999.000 -9999.000 -9999.000 -9999.000 -9999.000 -9999.000 -9999.000 -9999.000 -9999.000 -9999.000 -9999.000 -9999.000 59.138 21.523 21.465 19.734 19.274 20.040 22.522 22.123 20.346 19.606 18.166 17.021 17.022 17.009 17.003 22.905 16.945 17.712 16.699 16.657 15.136
-9999.000 -9999.000 -9999.000 -9999.000 -9999.000 -9999.000 -9999.000 -9999.000 -9999.000 -9999.000 -9999.000 -9999.000 -9999.000 -9999.000 -9999.000 -9999.000 -9999.000 -9999.000 -9999.000 -9999.000 -9999.000 -9999.000 -9999.000 -9999.000 -9999.000 -9999.000 -9999.000 -9999.000 -9999.000 -9999.000 -9999.000 -9999.000 -9999.000 -9999.000 -9999.000 -9999.000 -9999.000 -9999.000 -9999.000 -9999.000 -9999.000 -9999.000 -9999.000 -9999.000 -9999.000 59.116 22.637 21.471 19.389 20.531 23.058 24.816 23.582 23.453 21.707 20.721 16.983 16.997 16.976 16.942 16.894 16.902 16.895 16.541 16.489 14.728
-9999.000 -9999.000 -9999.000 -9999.000 -9999.000 -9999.000 -9999.000 -9999.000 -9999.000 -9999.000 -9999.000 -9999.000 -9999.000 -9999.000 -9999.000 -9999.000 -9999.000 -9999.000 -9999.000 -9999.000 -9999.000 -9999.000 -9999.000 -9999.000 -9999.000 -9999.000 -9999.000 -9999.000 -9999.000 -9999.000 -9999.000 -9999.000 -9999.000 -9999.000 -9999.000 -9999.000 -9999.000 -9999.000 -9999.000 -9999.000 -9999.000 -9999.000 -9999.000 -9999.000 -9999.000 50.602 23.112 25.168 19.354 19.316 19.007 18.968 18.931 23.517 24.265 22.771 16.937 16.961 17.131 16.884 16.825 16.848 16.861 16.536 16.483 16.076
-9999.000 -9999.000 -9999.000 -9999.000 -9999.000 -9999.000 -9999.000 -9999.000 -9999.000 -9999.000 -9999.000 -9999.000 -9999.000 -9999.000 -9999.000 -9999.000 -9999.000 -9999.000 -9999.000 -9999.000 -9999.000 -9999.000 -9999.000 -9999.000 -9999.000 -9999.000 -9999.000 -9999.000 -9999.000 -9999.000 -9999.000 -9999.000 -9999.000 -9999.000 -9999.000 -9999.000 -9999.000 -9999.000 -9999.000 -9999.000 -9999.000 -9999.000 -9999.000 -9999.000 -9999.000 -9999.000 42.681 29.169 20.544 19.344 127.640 22.993 17.099 17.016 16.964 16.920 16.875 16.872 16.892 16.825 16.764 16.797 16.817 16.697 16.536 17.227
-9999.000 -9999.000 -9999.000 -9999.000 -9999.000 -9999.000 -9999.000 -9999.000 -9999.000 -9999.000 -9999.000 -9999.000 -9999.000 -9999.000 -9999.000 -9999.000 -9999.000 -9999.000 -9999.000 -9999.000 -9999.000 -9999.000 -9999.000 -9999.000 -9999.000 -9999.000 -9999.000 -9999.000 -9999.000 -9999.000 -9999.000 -9999.000 -9999.000 -9999.000 -9999.000 -9999.000 -9999.000 -9999.000 -9999.000 -9999.000 -9999.000 -9999.000 -9999.000 -9999.000 -9999.000 -9999.000 21.708 20.730 20.564 42.682 -9999.000 -9999.000 26.781 17.616 70.978 194.487 16.584 16.359 18.277 16.859 16.712 16.751 16.770 16.717 16.681 15.857
-9999.000 -9999.000 -9999.000 -9999.000 -9999.000 -9999.000 -9999.000 -9999.000 -9999.000 -9999.000 -9999.000 -9999.000 -9999.000 -9999.000 -9999.000 -9999.000 -9999.000 -9999.000 -9999.000 -9999.000 -9999.000 -9999.000 -9999.000 -9999.000 -9999.000 -9999.000 -9999.000 -9999.000 -9999.000 -9999.000 -9999.000 -9999.000 -9999.000 -9999.000 -9999.000 -9999.000 -9999.000 -9999.000 -9999.000 -9999.000 -9999.000 -9999.000 -9999.000 -9999.000 -9999.000 -9999.000 -9999.000 66.974 98.446 -9999.000 -9999.000 -9999.000 -9999.000 34.803 -9999.000 -9999.000 36.631 16.031 16.010 16.346 16.668 16.707 16.723 16.665 16.627 13.795
-9999.000 -9999.000 -9999.000 -9999.000 -9999.000 -9999.000 -9999.000 -9999.000 -9999.000 -9999.000 -9999.000 -9999.000 -9999.000 -9999.000 -9999.000 -9999.000 -9999.000 -9999.000 -9999.000 -9999.000 -9999.000 -9999.000 -9999.000 -9999.000 -9999.000 32.751 14.353 77.320 -9999.000 -9999.000 -9999.000 -9999.000 -9999.000 -9999.000 -9999.000 -9999.000 -9999.000 -9999.000 -9999.000 -9999.000 -9999.000 -9999.000 -9999.000 -9999.000 -9999.000 -9999.000 -9999.000 -9999.000 -9999.000 -9999.000 -9999.000 -9999.000 -9999.000 47.096 -9999.000 -9999.000 -9999.000 31.863 15.991 15.967 16.454 16.669 16.718 16.769 13.825 13.312
-9999.000 -9999.000 -9999.000 -9999.000 -9999.000 -9999.000 -9999.000 -9999.000 -9999.000 -9999.000 -9999.000 -9999.000 -9999.000 -9999.000 -9999.000 -9999.000 -9999.000 -9999.000 71.200 28.472 483.510 -9999.000 -9999.000 -9999.000 -9999.000 24.508 12.279 19.082 -9999.000 -9999.000 -9999.000 -9999.000 -9999.000 -9999.000 -9999.000 -9999.000 -9999.000 -9999.000 -9999.000 -9999.000 -9999.000 -9999.000 -9999.000 -9999.000 -9999.000 -9999.000 -9999.000 -9999.000 -9999.000 -9999.000 -9999.000 -9999.000 -9999.000 42.140 40.481 26.157 54.660 34.119 16.663 15.876 16.078 16.661 17.221 15.398 13.297 13.263
-9999.000 -9999.000 -9999.000 -9999.000 -9999.000 -9999.000 -9999.000 -9999.000 -9999.000 -9999.000 -9999.000 -9999.000 -9999.000 -9999.000 -9999.000 -9999.000 -9999.000 -9999.000 29.718 26.685 26.632 26.586 138.901 270.696 50.917 13.236 12.260 16.976 -9999.000 -9999.000 -9999.000 -9999.000 44.108 334.535 -9999.000 -9999.000 -9999.000 -9999.000 -9999.000 -9999.000 -9999.000 -9999.000 -9999.000 -9999.000 141.391 -9999.000 -9999.000 -9999.000 86.996 31.756 -9999.000 -9999.000 19.377 17.809 16.967 16.920 16.887 16.849 16.803 15.853 15.998 21.964 15.165 13.304 13.255 13.206
-9999.000 -9999.000 -9999.000 -9999.000 -9999.000 -9999.000 -9999.000 -9999.000 -9999.000 -9999.000 -9999.000 -9999.000 -9999.000 -9999.000 -9999.000 -9999.000 -9999.000 -9999.000 102.236 26.649 26.584 26.515 323.351 68.250 13.870 12.888 12.172 18.385 -9999.000 -9999.000 -9999.000 485.974 39.289 39.276 -9999.000 -9999.000 -9999.000 -9999.000 -9999.000 -9999.000 -9999.000 -9999.000 485.622 42.583 24.779 24.418 -9999.000 -9999.000 49.632 20.125 42.334 19.675 17.367 17.142 16.983 16.948 16.924 16.926 21.965 15.768 15.747 15.320 13.822 13.801 -9999.000 13.497
-9999.000 -9999.000 -9999.000 -9999.000 -9999.000 -9999.000 -9999.000 -9999.000 -9999.000 -9999.000 -9999.000 -9999.000 -9999.000 -9999.000 -9999.000 -9999.000 -9999.000 -9999.000 -9999.000 -9999.000 50.956 16.286 16.383 19.066 15.075 13.116 12.061 21.464 -9999.000 -9999.000 -9999.000 -9999.000 44.074 39.192 39.125 -9999.000 -9999.000 -9999.000 -9999.000 -9999.000 -9999.000 -9999.000 -9999.000 24.091 23.930 22.436 24.765 41.672 20.644 20.086 20.046 19.013 18.281 18.473 19.235 17.407 37.778 16.949 16.772 16.747 15.127 14.120 14.102 432.369 105.220 9.934
-9999.000 -9999.000 -9999.000 -9999.000 -9999.000 -9999.000 -9999.000 -9999.000 -9999.000 -9999.000 -9999.000 -9999.000 -9999.000 -9999.000 -9999.000 -9999.000 -9999.000 -9999.000 -9999.000 -9999.000 88.318 15.826 15.798 15.770 15.742 12.989 12.027 12.581 13.979 55.377 -9999.000 -9999.000 -9999.000 283.700 38.837 38.811 39.202 37.329 38.174 124.168 -9999.000 -9999.000 231.222 24.141 24.229 21.577 20.208 20.170 20.131 20.092 20.049 19.845 19.681 19.840 20.988 18.995 227.936 -9999.000 199.410 15.900 14.169 14.144 337.964 126.389 9.895 7.315
-9999.000 -9999.000 -9999.000 -9999.000 -9999.000 -9999.000 -9999.000 -9999.000 -9999.000 -9999.000 -9999.000 -9999.000 -9999.000 -9999.000 -9999.000 -9999.000 -9999.000 -9999.000 -9999.000 -9999.000 -9999.000 88.297 16.619 39.149 14.316 12.552 11.977 12.160 12.430 13.613 32.656 488.098 -9999.000 -9999.000 75.519 37.034 36.983 35.315 35.277 36.324 37.112 -9999.000 -9999.000 141.213 23.484 21.154 20.242 20.212 21.823 21.755 20.113 20.049 20.046 20.045 20.056 19.376 -9999.000 -9999.000 -9999.000 87.394 15.135 50.084 49.912 8.974 8.154 6.448
-9999.000 -9999.000 -9999.000 -9999.000 -9999.000 -9999.000 -9999.000 -9999.000 -9999.000 -9999.000 -9999.000 -9999.000 -9999.000 -9999.000 -9999.000 -9999.000 -9999.000 -9999.000 -9999.000 -9999.000 -9999.000 -9999.000 323.449 12.180 12.128 11.909 11.943 12.117 12.931 13.524 19.976 -9999.000 -9999.000 -9999.000 -9999.000 -9999.000 50.069 35.274 35.243 32.081 31.984 31.919 31.843 30.016 24.228 21.395 20.312 21.369 23.449 24.954 20.141 20.094 20.116 20.114 20.127 19.839 31.663 -9999.000 -9999.000 -9999.000 -9999.000 87.840 8.521 8.036 6.781 3.517
-9999.000 -9999.000 444.492 -9999.000 -9999.000 -9999.000 -9999.000 -9999.000 -9999.000 -9999.000 -9999.000 -9999.000 -9999.000 71.516 22.625 -9999.000 68.680 16.353 17.875 17.308 39.665 -9999.000 -9999.000 65.138 11.900 11.888 12.196 12.778 12.165 13.426 25.374 -9999.000 -9999.000 -9999.000 -9999.000 -9999.000 -9999.000 -9999.000 108.334 34.529 34.356 66.151 -9999.000 159.812 23.637 21.404 20.869 22.111 23.095 23.340 141.025 70.171 20.161 20.199 20.204 19.898 19.933 19.965 74.953 -9999.000 -9999.000 23.856 7.622 6.973 4.488 3.402
-9999.000 -9999.000 445.996 444.972 368.224 -9999.000 -9999.000 -9999.000 -9999.000 -9999.000 -9999.000 -9999.000 -9999.000 71.514 15.571 152.656 16.713 16.324 15.118 17.270 28.017 -9999.000 -9999.000 113.753 13.191 11.687 11.656 11.622 11.532 12.589 27.419 -9999.000 -9999.000 -9999.000 -9999.000 -9999.000 -9999.000 -9999.000 -9999.000 -9999.000 37.656 141.527 -9999.000 334.178 23.230 23.204 21.891 65.888 -9999.000 -9999.000 -9999.000 -9999.000 123.604 20.245 20.254 282.519 25.542 19.991 20.559 283.005 -9999.000 16.552 6.851 4.966 3.336 1.936
-9999.000 -9999.000 -9999.000 62.847 18.111 18.092 87.818 77.533 18.847 19.754 -9999.000 -9999.000 -9999.000 91.760 15.319 17.904 17.277 16.156 14.496 14.438 14.648 34.569 -9999.000 -9999.000 -9999.000 25.366 11.621 11.592 11.494 11.962 20.578 -9999.000 -9999.000 -9999.000 -9999.000 -9999.000 -9999.000 -9999.000 -9999.000 -9999.000 160.197 -9999.000 -9999.000 -9999.000 -9999.000 -9999.000 -9999.000 -9999.000 -9999.000 -9999.000 -9999.000 -9999.000 -9999.000 -9999.000 47.209 55.126 -9999.000 -9999.000 -9999.000 -9999.000 38.989 7.921 4.839 3.265 1.894 0.000
-9999.000 -9999.000 -9999.000 -9999.000 19.353 18.060 17.840 77.474 17.916 19.314 19.734 -9999.000 -9999.000 227.012 15.300 15.195 15.169 14.706 14.690 14.229 14.215 18.282 -9999.000 -9999.000 -9999.000 88.133 11.552 11.542 11.459 11.950 19.578 -9999.000 -9999.000 141.278 14.629 11.043 27.998 -9999.000 -9999.000 -9999.000 -9999.000 -9999.000 -9999.000 -9999.000 -9999.000 -9999.000 -9999.000 -9999.000 -9999.000 -9999.000 -9999.000 -9999.000 -9999.000 -9999.000 -9999.000 159.657 -9999.000 -9999.000 -9999.000 45.837 7.820 4.733 3.177 0.000 0.000 3.306
118.553 129.759 -9999.000 -9999.000 -9999.000 19.249 17.557 17.575 17.656 18.975 18.755 19.831 370.679 17.596 17.559 16.009 14.958 14.744 14.273 14.213 14.198 16.419 -9999.000 -9999.000 -9999.000 92.111 11.528 11.510 11.429 12.260 14.300 17.732 17.124 17.009 14.088 10.459 19.688 -9999.000 -9999.000 -9999.000 -9999.000 -9999.000 -9999.000 -9999.000 -9999.000 -9999.000 -9999.000 -9999.000 -9999.000 -9999.000 -9999.000 -9999.000 -9999.000 -9999.000 -9999.000 -9999.000 -9999.000 56.159 10.131 8.213 5.049 3.093 0.000 0.000 3.220 3.340
118.472 127.181 -9999.000 -9999.000 366.530 19.159 17.539 17.597 17.909 17.946 18.726 18.096 18.017 17.985 22.645 -9999.000 -9999.000 77.279 14.682 14.197 14.186 14.932 26.695 -9999.000 251.236 14.425 12.297 11.429 11.411 11.429 13.094 16.054 16.035 15.980 13.357 10.429 13.214 17.725 17.041 15.772 15.347 42.411 -9999.000 -9999.000 -9999.000 -9999.000 -9999.000 -9999.000 -9999.000 -9999.000 -9999.000 -9999.000 -9999.000 -9999.000 -9999.000 -9999.000 -9999.000 23.944 6.795 5.256 3.014 0.000 0.000 3.135 3.254 3.370
118.483 -9999.000 18.512 19.049 19.338 17.584 17.519 18.342 71.602 16.723 18.755 19.379 18.938 17.129 17.113 21.453 -9999.000 -9999.000 390.191 65.705 14.014 13.995 15.566 16.592 15.153 15.107 14.648 11.814 11.400 15.222 15.834 16.099 16.027 15.982 13.345 10.408 14.890 15.436 15.221 14.675 14.717 15.455 30.341 -9999.000 -9999.000 -9999.000 -9999.000 -9999.000 -9999.000 -9999.000 -9999.000 -9999.000 -9999.000 -9999.000 -9999.000 -9999.000 46.072 7.564 4.778 2.959 0.000 0.000 3.053 3.171 3.288 3.399
118.113 364.825 18.338 18.608 19.334 17.408 17.324 91.726 16.841 16.661 17.787 -9999.000 221.680 16.442 16.539 16.572 16.992 -9999.000 388.324 235.144 13.997 13.968 15.231 16.635 17.136 17.071 16.285 12.672 11.269 11.153 11.134 13.736 15.278 15.216 10.858 10.390 17.743 15.293 15.166 14.637 14.693 28.859 -9999.000 -9999.000 -9999.000 157.617 -9999.000 -9999.000 -9999.000 -9999.000 -9999.000 -9999.000 -9999.000 -9999.000 38.426 8.830 7.412 4.980 0.000 0.000 2.959 3.042 3.138 3.236 3.335 3.433
57.571 52.693 18.326 18.173 18.151 17.321 17.302 16.701 16.662 16.586 16.517 16.487 16.459 16.414 16.374 19.910 374.408 87.553 65.693 14.805 14.769 13.938 13.906 13.358 13.290 13.254 12.842 12.775 12.649 11.479 10.959 10.491 10.402 10.340 9.973 9.925 11.128 10.074 10.016 9.621 21.405 -9999.000 -9999.000 -9999.000 -9999.000 145.222 -9999.000 -9999.000 -9999.000 -9999.000 -9999.000 -9999.000 141.363 8.384 8.230 4.872 3.821 0.000 0.000 1.659 2.930 3.054 3.174 3.276 3.371 3.462
18.563 18.504 18.337 18.688 39.983 17.346 42.201 16.796 16.764 16.723 16.546 16.512 16.493 16.482 16.340 16.167 18.459 267.957 15.405 15.383 15.299 15.218 15.474 14.318 13.334 13.272 14.546 -9999.000 486.741 96.929 10.753 10.594 10.334 10.139 9.981 9.883 9.796 9.707 9.621 9.568 9.524 30.613 -9999.000 125.855 9.580 8.159 7.187 14.934 -9999.000 -9999.000 -9999.000 345.971 8.094 6.799 4.132 2.742 0.000 0.000 1.624 2.867 2.980 3.092 3.202 3.304 3.398 3.485
30.878 26.237 18.629 19.392 19.638 18.618 18.579 17.593 17.555 17.515 16.589 16.543 16.524 17.361 16.392 16.116 16.056 15.627 15.426 16.220 16.558 17.001 15.650 13.454 13.384 15.741 26.514 -9999.000 -9999.000 -9999.000 386.967 13.120 15.638 15.468 15.323 15.207 14.645 12.971 9.758 9.544 9.474 9.199 9.406 9.338 7.760 6.978 7.164 6.418 6.606 7.151 7.386 7.047 4.851 3.257 2.696 0.000 0.000 1.593 2.805 2.919 3.028 3.132 3.234 3.331 3.420 3.502
-9999.000 -9999.000 288.646 -9999.000 -9999.000 -9999.000 -9999.000 -9999.000 22.752 19.278 17.151 16.702 18.139 19.092 19.043 16.176 16.116 16.257 17.415 17.008 16.148 15.626 15.563 15.522 17.542 24.606 -9999.000 12.745 12.005 12.272 12.128 11.681 11.441 11.450 11.380 11.257 11.274 11.301 9.662 9.597 9.960 8.822 8.876 8.019 6.297 5.971 5.934 5.899 6.705 6.430 4.930 3.160 2.606 0.000 0.000 1.991 1.594 2.760 2.869 2.976 3.076 3.173 3.267 3.356 3.439 3.516
-9999.000 170.209 69.078 82.439 288.167 241.421 207.044 -9999.000 -9999.000 20.386 18.258 17.433 19.478 21.328 18.449 18.373 16.372 15.923 16.052 17.258 15.434 15.990 17.491 15.467 21.434 -9999.000 12.024 11.535 11.494 11.355 11.295 11.181 11.044 10.990 10.900 10.818 9.416 9.292 9.257 9.230 9.202 8.766 8.710 8.659 8.170 25.118 151.727 4.938 4.303 4.269 4.234 2.538 0.000 0.000 1.936 2.006 2.710 2.821 2.929 3.029 3.124 3.213 3.299 3.379 3.454 3.527
63.376 70.499 49.984 50.634 50.191 47.791 38.767 241.718 -9999.000 170.943 57.417 18.929 24.226 -9999.000 20.338 16.657 16.615 15.794 20.166 -9999.000 15.394 16.619 15.449 15.031 12.573 11.449 11.422 11.276 11.082 10.875 9.622 9.599 9.568 9.539 9.515 9.445 9.429 15.179 13.539 13.491 8.867 8.823 9.443 10.295 26.589 -9999.000 -9999.000 207.204 7.442 4.623 1.803 0.000 0.000 2.572 2.670 2.711 2.806 2.902 2.996 3.085 3.169 3.250 3.326 3.397 3.467 3.521
39.594 48.194 49.941 37.973 47.356 38.288 35.626 38.751 73.131 105.844 19.672 19.649 -9999.000 -9999.000 -9999.000 20.669 15.793 15.735 -9999.000 159.374 13.125 15.934 12.673 11.725 11.646 11.403 11.317 11.300 12.598 14.928 17.104 18.098 16.344 15.618 25.728 -9999.000 13.116 13.565 13.477 9.713 8.930 9.221 15.102 10.365 26.455 -9999.000 340.988 7.989 5.823 1.763 0.000 0.000 2.506 2.620 2.726 2.809 2.892 2.975 3.056 3.133 3.207 3.278 3.344 3.412 3.466 4.489
