results1/res_4e8f-0102.wd
ncols         241
nrows         181
xllcorner     12693529.787448
yllcorner     3542525.717860
cellsize      155.156523
NODATA_value  -9999.000000
[rows 33 to 65 of 181, columns 146 to 218 of 241]
61.795 61.025 60.767 61.425 28.107 39.803 61.516 55.234 33.862 0.000 0.000 22.287 0.000 3.295 19.299 44.314 31.316 0.000 0.000 0.000 35.957 43.924 1.851 28.745 20.686 21.614 25.499 34.382 52.254 43.160 38.071 32.999 33.939 33.887 32.841 31.795 30.743 38.666 48.579 40.526 40.480 38.430 17.373 31.320 39.255 0.000 8.730 13.479 37.281 35.097 39.917 49.736 42.544 37.374 0.000 0.000 19.987 20.046 27.011 5.011 0.000 0.000 0.000 0.000 0.000 0.000 0.000 0.000 0.000 0.000 0.000 0.000 0.000
61.695 61.455 61.125 61.815 39.514 57.235 59.992 53.819 0.000 0.000 0.280 24.286 0.000 0.000 0.000 28.348 28.342 36.334 0.000 49.068 37.001 23.936 32.858 23.769 21.688 21.602 20.500 22.394 50.286 48.190 48.103 50.027 42.961 44.902 43.848 43.795 43.739 44.676 48.611 46.558 47.512 42.470 19.431 18.405 0.000 0.000 5.536 19.426 27.267 22.094 27.919 40.746 40.584 38.495 0.000 0.000 0.000 25.220 0.000 0.000 0.000 0.000 0.000 0.000 0.000 27.599 26.601 28.603 18.605 21.605 0.000 0.000 0.000
62.121 61.799 61.493 61.190 60.901 61.632 53.396 40.232 0.000 0.000 0.000 0.000 0.000 0.000 0.000 25.390 22.369 35.327 40.246 32.134 41.045 38.962 19.876 20.786 21.697 21.605 33.507 37.407 41.307 34.211 31.124 41.045 14.976 21.913 16.855 16.799 16.744 19.687 45.632 34.584 32.541 34.505 19.478 21.465 1.483 0.000 15.453 72.421 0.000 0.000 0.000 0.000 41.551 40.527 0.000 0.000 0.000 22.393 19.473 21.516 19.543 27.561 33.573 25.582 47.590 54.598 52.602 37.604 17.606 16.607 20.607 0.000 0.000
62.461 62.156 61.851 61.554 62.268 56.995 38.728 29.480 38.480 0.000 0.000 0.000 0.000 0.000 0.000 22.452 21.418 24.358 20.276 31.179 34.084 36.991 25.897 20.803 20.709 20.614 45.518 51.420 33.323 27.226 27.135 28.055 24.984 24.919 24.860 25.804 28.749 25.697 46.647 38.603 36.565 36.533 18.510 32.499 58.500 0.000 7.402 60.386 0.000 0.000 0.000 0.000 41.542 39.535 17.535 22.530 20.518 18.488 18.509 18.533 17.553 24.567 31.577 18.583 36.591 54.600 50.604 30.607 15.608 15.608 20.609 0.000 0.000
62.816 62.506 62.203 61.907 58.621 44.354 33.041 0.000 0.000 0.000 0.000 27.205 0.000 0.000 0.000 21.550 22.492 22.413 21.322 21.223 27.121 20.020 19.919 21.820 20.721 19.625 43.529 40.434 48.338 52.235 51.137 46.055 41.985 43.921 39.862 43.806 43.753 44.704 48.658 46.616 47.581 43.553 18.532 30.520 52.516 0.000 2.368 63.334 0.000 0.000 0.000 0.000 38.540 41.538 20.539 18.539 18.537 18.532 18.542 18.556 17.568 24.578 33.584 0.000 0.000 12.608 55.609 31.610 15.611 15.611 19.611 0.000 0.000
63.166 62.852 62.548 62.250 51.953 33.760 0.000 0.000 0.000 0.000 25.245 28.206 41.132 41.027 28.889 21.705 21.587 22.481 22.376 21.268 20.159 21.049 20.941 20.835 19.733 28.634 47.540 26.450 40.360 17.239 50.124 40.045 38.979 38.918 35.861 40.806 41.755 41.707 48.663 46.625 43.591 43.565 18.545 32.533 51.528 0.000 0.000 56.249 0.000 0.000 0.000 0.000 42.539 41.540 17.543 19.551 18.557 19.563 19.571 19.580 20.587 28.593 8.597 0.000 0.000 13.615 55.615 36.615 23.614 17.613 20.613 0.000 0.000
63.508 63.186 63.888 56.590 44.184 33.972 0.000 0.000 0.000 0.000 22.284 39.240 33.164 22.061 23.936 23.795 21.669 20.550 22.433 21.315 22.196 22.078 21.961 20.848 20.741 40.640 40.548 40.468 40.411 0.000 22.073 20.023 20.969 20.913 21.857 25.804 28.753 26.707 46.664 40.627 34.596 36.570 19.552 31.540 50.534 0.000 0.000 29.164 20.130 0.000 0.000 0.000 36.539 19.539 0.000 14.565 20.579 24.592 31.600 31.605 31.608 33.612 5.614 0.000 0.000 61.623 54.622 56.620 44.618 19.616 20.616 0.000 0.000
63.832 63.498 63.226 49.039 0.792 0.000 0.000 0.000 0.000 0.524 38.368 33.308 23.222 24.118 23.998 23.870 23.743 21.618 20.492 20.364 22.234 21.104 20.977 19.856 21.742 36.638 27.543 36.463 37.406 0.000 0.000 36.005 34.961 34.907 34.852 36.799 36.749 37.702 49.661 45.624 40.594 42.569 18.552 27.541 55.536 0.000 0.000 88.114 57.097 24.072 11.061 0.000 0.000 0.000 0.000 0.000 17.602 26.626 30.632 29.632 32.630 34.631 20.634 25.641 41.640 56.633 54.629 54.625 42.622 19.619 19.617 0.000 0.000
64.118 64.748 56.481 39.338 0.000 0.000 0.000 0.000 0.000 45.619 39.502 23.403 24.300 24.189 24.069 23.944 23.816 23.686 20.553 21.414 21.271 21.128 21.988 20.856 20.735 23.625 28.525 40.434 27.344 39.226 44.125 37.031 45.964 35.902 36.845 39.791 38.740 37.694 47.652 43.616 31.586 30.562 19.545 26.536 55.533 0.000 0.000 79.081 69.072 46.059 15.050 0.000 0.000 0.000 0.000 0.000 0.000 37.678 29.671 23.663 20.647 35.650 22.650 24.650 32.646 53.641 55.635 53.630 39.626 19.622 16.618 20.614 14.611
72.328 69.895 42.610 32.493 0.000 0.000 0.000 23.989 37.903 38.746 32.617 27.501 24.387 24.269 24.147 24.021 22.891 25.758 30.619 26.470 21.309 22.148 20.992 20.846 20.717 20.603 27.500 28.404 26.309 33.210 32.117 27.032 38.960 18.894 26.835 33.779 32.728 26.681 45.639 38.602 18.572 17.548 20.532 22.524 26.529 0.000 0.000 57.057 37.051 74.041 60.031 0.000 0.000 47.874 21.854 19.825 19.788 21.736 32.713 26.701 0.000 47.671 35.667 31.661 29.655 40.649 56.642 48.636 31.630 20.624 16.619 23.613 47.608
0.000 0.000 21.571 39.532 0.000 0.000 26.165 36.075 49.973 33.846 32.721 32.598 25.477 24.354 24.228 24.101 30.971 38.837 39.695 31.536 26.348 21.164 19.987 20.819 24.683 21.569 20.468 19.372 25.280 26.189 25.102 26.022 27.948 20.882 26.820 31.764 33.711 29.663 45.621 39.583 21.551 20.527 20.509 16.501 0.000 0.000 0.000 13.040 32.034 32.023 66.004 80.967 73.932 41.893 27.864 28.834 28.802 31.768 53.744 71.728 80.719 79.697 81.684 80.675 74.666 68.657 60.649 43.641 26.634 17.627 18.620 31.614 50.607
13.743 0.000 0.000 0.000 0.000 0.000 29.255 49.175 41.068 43.946 40.821 30.695 23.568 24.441 24.312 35.184 40.055 35.925 30.789 27.631 30.384 25.174 24.973 20.759 25.629 19.525 20.429 21.338 20.250 20.164 20.081 20.003 18.931 19.864 19.802 23.744 29.690 28.641 46.597 40.558 19.525 20.498 20.479 19.469 0.000 0.000 0.000 17.029 43.024 32.013 33.994 48.966 59.936 69.904 71.875 77.846 80.817 80.790 79.766 75.748 66.732 64.714 66.700 69.687 71.676 72.665 70.656 74.646 66.638 33.629 20.622 39.614 56.607
52.541 9.699 0.000 0.000 0.000 30.579 46.426 39.301 31.177 39.050 42.921 43.792 33.661 22.529 32.397 41.267 31.140 23.018 22.906 24.815 0.000 0.000 0.000 17.614 21.550 23.471 23.387 20.302 20.218 21.135 20.056 19.980 19.909 20.842 19.779 19.720 19.666 22.615 39.569 38.528 20.492 20.462 20.440 21.427 22.427 0.000 0.000 16.024 34.020 35.011 46.993 33.969 13.941 17.913 53.886 77.859 61.833 56.807 59.785 52.765 38.747 27.729 18.713 16.699 17.686 27.674 25.662 20.652 59.641 74.632 52.623 50.615 54.607
0.000 23.857 1.496 0.000 29.910 39.732 46.570 30.425 33.290 31.156 29.024 36.890 41.755 36.618 40.481 29.347 23.219 24.104 24.001 31.908 0.000 0.000 0.000 14.533 23.488 34.422 35.345 30.265 26.184 28.104 24.027 22.953 20.883 19.816 19.753 20.693 19.637 19.584 22.536 31.492 19.453 19.419 20.392 19.374 0.000 0.000 0.000 0.000 0.000 49.018 33.000 17.974 31.947 33.921 79.897 60.872 43.847 25.823 16.801 17.781 18.762 19.743 19.726 19.710 18.695 16.681 15.668 16.656 24.645 61.635 69.624 54.615 53.606
0.000 10.132 32.756 34.410 33.088 47.870 32.695 26.542 28.400 27.263 24.127 22.990 37.851 44.708 47.563 35.420 25.287 22.176 30.088 0.000 0.000 0.000 0.000 17.496 27.450 34.383 35.307 35.228 37.149 45.071 42.996 38.923 36.853 32.787 26.723 21.662 19.605 20.550 19.499 24.452 17.408 18.370 19.335 21.303 42.260 0.000 0.000 0.000 11.078 53.044 13.016 21.980 12.952 51.928 69.911 29.884 17.859 19.837 19.817 19.797 19.776 19.757 16.738 16.720 15.704 16.688 16.674 16.661 32.649 47.637 20.625 80.614 52.604
0.000 9.784 32.610 25.386 44.160 43.967 38.799 29.647 23.505 24.367 25.231 36.093 38.950 30.800 33.643 42.482 43.334 33.224 0.000 0.000 0.000 0.000 22.575 28.505 32.431 31.354 32.273 32.192 30.113 37.036 37.962 37.890 38.821 35.754 34.690 35.629 26.570 21.513 22.459 19.408 20.360 19.316 18.277 20.243 35.217 0.000 0.000 0.000 11.111 55.065 17.041 0.000 0.000 0.000 36.935 18.896 19.869 17.851 17.833 17.812 16.791 15.769 16.749 16.729 15.711 16.695 15.679 14.665 17.652 13.640 9.626 73.613 82.599
0.000 6.610 26.513 36.366 46.200 37.039 36.887 38.744 36.606 27.471 33.338 42.201 31.057 23.901 22.726 28.534 38.342 45.162 8.986 0.646 25.998 25.835 20.646 29.519 34.417 35.327 31.241 31.156 23.075 19.998 19.925 19.855 18.787 16.720 23.656 37.593 36.533 35.473 30.416 21.361 19.308 20.259 19.213 19.175 20.149 0.000 0.000 0.000 26.191 0.000 0.000 0.000 0.000 0.000 15.998 0.000 0.000 15.866 14.851 14.829 15.805 17.781 17.759 17.738 16.718 16.700 14.683 14.668 15.655 3.646 0.000 0.000 76.586
0.000 5.532 29.469 48.363 39.236 36.102 35.967 36.834 35.704 37.575 42.447 31.317 25.177 25.019 24.827 23.584 24.340 30.097 46.850 44.512 23.134 21.862 20.655 21.506 33.392 31.297 42.207 30.115 23.033 20.958 21.886 20.817 25.750 33.685 29.620 23.557 29.494 39.432 36.371 35.312 26.254 19.197 19.143 20.094 18.056 0.000 0.000 26.287 14.272 0.000 0.000 28.119 23.120 22.100 14.062 0.000 0.000 20.896 17.876 17.850 17.821 17.793 17.767 17.745 17.724 17.704 17.686 16.670 17.655 19.642 9.631 0.000 18.580
0.000 18.517 43.466 39.383 28.280 33.165 38.045 32.924 38.800 44.677 36.559 24.441 23.316 25.173 24.981 28.634 29.337 23.037 33.803 29.541 26.166 22.823 19.607 26.460 30.350 32.261 23.177 50.063 37.984 27.913 19.845 25.779 44.713 54.648 47.584 24.519 26.455 29.390 33.326 38.262 36.198 32.134 21.069 18.001 24.926 30.830 0.000 1.312 22.337 0.000 0.000 0.000 18.140 18.120 18.087 23.056 22.010 17.948 16.908 17.872 17.835 17.802 17.774 17.750 17.728 17.708 17.688 17.670 16.653 16.637 17.621 20.599 16.581
5.593 39.552 45.498 30.424 25.334 27.233 29.126 40.014 43.898 54.775 53.672 46.573 35.473 24.374 27.290 0.000 0.000 21.911 27.786 24.682 0.000 20.656 24.491 41.376 40.286 43.221 0.000 14.977 54.927 48.867 34.803 40.740 58.676 58.612 56.547 25.482 31.416 31.349 33.281 21.212 30.142 36.071 34.998 33.916 46.817 55.735 0.000 0.000 12.419 37.501 0.000 0.000 41.181 22.152 22.113 22.071 22.025 22.977 16.936 15.897 19.846 16.805 16.778 16.754 16.732 17.710 16.689 15.670 15.651 15.633 15.615 15.596 14.579
4.634 50.601 36.549 25.480 25.399 25.309 38.212 36.109 53.001 67.852 64.781 61.706 56.630 47.562 38.515 0.000 0.000 0.000 15.748 26.719 0.000 0.000 17.323 35.268 34.196 49.117 21.008 21.941 54.882 59.823 55.762 54.701 57.639 57.576 58.512 37.446 29.379 31.309 31.237 21.163 30.087 24.012 42.936 13.848 52.693 74.557 45.355 15.226 0.000 15.584 0.000 17.326 77.251 30.193 32.141 32.092 28.044 28.999 20.962 15.936 0.000 16.796 16.779 19.757 22.734 32.712 22.690 17.669 18.649 18.630 18.611 18.592 18.574
36.708 40.670 34.616 32.550 27.474 39.392 33.303 46.209 24.147 0.000 44.893 63.840 62.779 63.727 46.695 0.000 0.000 0.000 9.738 32.728 0.000 0.000 14.213 29.175 24.115 51.044 61.965 61.898 57.838 57.780 57.722 58.663 57.603 57.542 57.479 51.413 26.344 28.271 26.195 21.115 32.033 32.953 35.886 0.000 37.549 73.446 43.282 61.097 21.866 7.667 19.540 75.401 63.304 35.230 29.167 31.111 25.060 19.014 16.976 14.949 0.000 22.804 30.785 38.762 45.737 54.713 43.690 23.668 17.646 18.626 18.606 18.587 18.569
47.820 36.757 36.695 32.628 39.557 36.482 39.398 63.279 50.230 33.183 54.060 62.982 61.920 60.872 40.843 0.000 0.000 0.000 0.000 0.000 0.000 0.000 20.140 29.105 40.045 55.978 57.911 57.849 57.792 57.737 57.682 57.627 57.569 57.510 57.448 57.383 43.313 33.238 26.157 19.071 22.979 22.880 27.771 46.617 32.508 67.395 53.230 60.015 66.835 52.679 57.551 66.434 42.336 43.255 29.186 28.126 20.072 17.023 17.978 19.936 33.885 39.832 57.797 56.767 55.740 54.714 54.689 44.666 22.643 17.622 18.602 18.582 18.563
38.912 26.844 28.778 40.711 37.644 37.580 7.529 0.000 42.311 68.260 63.180 62.109 64.048 45.998 31.962 15.982 0.000 0.000 0.000 0.000 0.000 0.000 26.101 43.063 54.982 57.912 57.851 57.796 57.745 57.694 57.644 57.592 57.538 57.482 57.421 57.357 58.287 52.210 44.125 36.032 33.930 36.819 27.699 44.574 23.471 65.398 0.000 18.897 53.779 25.664 16.553 72.447 36.352 40.270 38.198 19.135 17.078 18.027 17.979 25.933 46.887 57.842 54.804 54.771 54.741 51.713 50.687 48.663 47.640 21.618 17.596 17.576 17.557
28.999 25.930 38.862 38.795 33.729 53.667 7.609 16.558 56.443 63.366 62.293 62.226 62.166 38.108 38.024 49.003 0.000 0.000 0.000 0.000 0.000 0.000 0.000 0.000 51.909 63.836 58.786 57.741 57.697 57.652 57.607 57.560 57.510 57.457 57.400 57.337 57.268 58.190 59.103 56.004 55.892 58.766 38.633 44.509 18.403 59.328 0.000 0.000 49.722 19.645 29.549 63.450 44.356 36.273 40.201 17.137 18.080 17.027 18.978 28.932 49.887 50.845 55.807 54.772 49.741 46.712 50.685 55.659 54.635 43.612 24.591 23.570 22.551
25.088 39.015 39.945 27.877 38.811 59.747 52.685 58.620 64.540 62.467 62.399 62.337 59.283 43.246 0.000 0.000 0.000 0.000 0.000 0.000 0.000 0.000 0.000 0.000 0.000 8.739 49.715 58.684 57.649 57.612 57.572 57.530 57.485 57.436 57.383 59.325 58.258 58.181 57.091 58.988 57.867 57.719 47.560 45.425 22.306 34.183 64.004 42.864 50.742 19.645 47.549 41.447 44.349 32.267 26.196 18.134 18.077 18.024 25.975 30.929 31.885 36.844 44.806 42.771 43.739 54.709 54.681 54.655 54.630 55.606 49.584 45.563 43.543
40.171 40.096 29.026 24.957 39.891 58.827 64.763 63.698 62.629 62.562 62.499 63.439 54.384 47.346 0.000 0.000 0.000 0.000 0.000 0.000 0.000 0.000 0.000 0.000 5.666 25.666 52.653 58.631 57.605 57.574 57.540 57.504 57.464 57.421 59.373 59.320 59.259 51.186 56.093 58.991 61.871 59.684 53.462 49.327 37.212 21.096 68.966 51.846 53.738 18.644 64.555 28.443 9.326 26.249 17.184 18.125 17.070 26.018 31.970 30.924 30.881 29.840 22.803 18.767 48.735 54.704 54.676 54.649 54.624 54.600 55.577 55.556 55.535
37.249 28.175 26.104 24.036 40.970 60.906 62.843 62.780 62.717 62.656 62.596 64.535 43.470 41.408 0.000 0.000 0.000 0.000 0.000 0.000 0.000 0.000 0.000 0.000 0.000 39.607 58.599 57.584 57.564 57.540 57.512 57.481 59.446 58.409 58.369 58.325 52.274 30.209 46.105 56.012 6.941 0.000 31.278 38.209 47.120 34.022 54.917 72.815 57.721 24.640 66.583 0.000 2.263 15.220 18.167 18.112 20.060 30.009 27.962 28.917 30.874 33.834 27.797 28.762 44.729 54.698 54.669 54.642 54.616 54.592 54.569 54.547 54.527
28.324 26.250 31.180 36.112 51.047 62.984 62.922 62.862 62.804 62.748 62.693 63.636 50.553 0.000 0.000 0.000 0.000 0.000 0.000 24.428 0.000 3.431 0.000 0.000 0.000 14.555 49.552 56.543 57.529 57.509 57.487 57.461 59.432 57.402 57.369 57.335 41.302 37.274 0.000 1.011 0.000 0.000 16.163 23.111 45.038 30.955 35.867 78.777 61.691 40.613 50.554 0.406 45.244 22.203 18.151 18.099 20.047 28.998 39.952 39.907 41.866 47.826 42.789 53.754 54.721 54.690 54.661 54.634 54.608 54.583 54.560 54.538 54.518
29.395 26.323 33.253 52.187 63.123 63.061 63.001 62.943 62.888 62.838 62.794 68.763 0.000 0.000 0.000 0.000 0.000 0.000 24.428 36.428 23.430 38.431 34.434 0.000 4.486 36.507 43.512 54.508 57.498 57.483 57.465 58.444 57.421 57.396 57.371 53.346 42.324 47.310 0.000 0.000 0.000 0.036 33.099 25.036 42.967 18.895 20.818 68.737 67.653 59.567 45.477 45.357 34.261 29.195 18.137 18.084 18.033 27.985 49.939 56.896 55.855 55.816 47.780 54.745 54.712 54.681 54.652 54.625 54.599 54.574 54.551 54.529 54.508
27.464 25.393 40.324 60.259 64.196 63.135 63.077 63.021 62.969 62.922 62.883 69.859 0.000 0.000 0.000 0.000 0.000 0.000 13.428 33.428 33.429 32.432 35.436 19.446 27.464 35.477 35.481 52.479 58.472 57.460 57.446 57.429 57.411 57.392 58.373 50.355 46.340 40.332 0.000 0.000 0.000 0.000 0.000 24.967 43.898 20.839 16.773 55.699 72.616 69.525 50.429 29.332 28.247 29.178 20.120 17.066 18.017 20.970 31.925 51.883 54.843 54.805 46.768 54.734 54.702 54.671 54.642 54.614 54.588 54.564 54.540 54.518 54.497
26.530 28.460 48.393 64.329 63.267 63.208 63.151 63.096 63.044 62.997 64.958 62.931 0.000 0.000 0.000 0.000 0.000 0.000 0.000 38.428 44.428 49.430 40.433 39.439 33.448 29.455 40.457 54.456 57.450 57.441 60.430 58.417 57.402 57.388 57.373 52.360 44.351 39.346 14.349 0.000 0.000 0.000 0.000 0.000 35.821 21.789 17.738 50.672 81.588 62.489 41.384 32.293 34.217 32.153 27.097 16.046 17.998 16.953 20.909 39.868 54.829 54.791 46.756 54.722 54.690 54.659 54.630 54.603 54.577 54.552 54.529 54.507 54.486
26.593 36.525 56.459 64.397 63.337 63.279 63.223 63.168 63.115 64.066 62.022 49.976 33.976 0.000 0.000 0.000 0.000 0.000 1.425 39.426 48.427 48.427 52.427 54.430 37.434 36.437 51.438 57.436 57.432 57.425 58.416 57.406 57.395 57.383 57.373 55.363 43.356 44.352 38.352 0.000 0.000 0.000 0.000 0.000 21.778 21.757 15.719 60.662 48.573 54.462 24.323 44.241 38.176 31.120 31.069 22.022 16.977 17.934 16.892 28.852 51.814 53.777 47.742 54.708 55.676 54.646 54.617 54.590 54.564 54.540 54.517 54.495 54.474
