results1/res_4e8f-0053.wd
ncols         241
nrows         181
xllcorner     12693529.787448
yllcorner     3542525.717860
cellsize      155.156523
NODATA_value  -9999.000000
[rows 132 to 164 of 181, columns 0 to 73 of 241]
87.520 92.520 96.520 96.521 98.522 98.523 92.524 83.525 69.526 58.528 57.530 58.532 57.534 56.536 61.539 75.541 86.544 91.547 91.549 88.552 80.553 71.553 62.551 56.545 61.533 63.515 62.489 63.456 61.427 56.399 70.371 93.342 60.317 0.000 0.000 0.000 0.004 52.016 64.011 60.986 62.964 68.949 86.945 72.945 56.947 55.950 55.955 67.962 88.969 29.979 2.999 0.000 0.000 0.000 0.000 0.000 0.000 0.000 0.000 0.000 0.000 0.000 0.000 0.000 21.496 1.374 5.211 46.123 68.982 72.881 72.771 82.855 110.318 100.666
65.533 67.533 70.534 76.534 86.535 92.536 97.537 97.539 90.540 76.542 65.544 59.546 63.548 70.551 83.553 98.556 97.559 94.562 94.564 97.566 97.567 93.567 81.564 69.559 61.549 56.535 57.517 56.495 57.474 65.454 87.436 95.419 7.408 0.000 0.000 0.000 10.047 38.047 56.079 65.073 66.055 63.035 64.035 74.035 69.033 62.030 66.027 74.024 87.022 28.022 14.020 20.038 0.011 0.000 0.000 0.000 0.000 0.000 0.000 0.000 0.000 0.000 0.000 0.000 3.544 0.000 53.255 75.176 71.056 80.026 71.087 110.446 99.203 100.713
57.547 57.547 57.548 59.548 64.549 68.550 75.551 84.552 92.554 95.556 89.558 87.560 89.562 92.565 91.568 84.571 75.575 73.578 73.580 78.582 84.583 91.583 94.581 93.577 82.570 72.560 67.548 65.535 74.521 90.509 91.499 77.491 10.488 0.000 0.000 0.000 0.000 0.000 39.184 66.171 45.148 33.103 48.124 63.127 78.121 82.111 84.098 85.084 81.073 8.067 0.000 23.057 20.063 8.064 14.064 8.064 0.000 0.000 0.000 0.000 0.000 0.000 37.730 7.680 73.592 95.509 128.346 84.312 79.360 60.314 96.375 100.880 100.782 109.508
58.561 58.561 58.561 58.562 57.563 56.564 58.565 63.567 69.568 79.570 89.572 91.574 84.577 74.580 68.583 60.587 56.591 56.594 56.597 58.600 63.601 69.602 76.601 88.599 93.594 95.589 94.582 90.574 93.567 86.562 68.559 60.560 39.564 0.000 0.000 0.000 0.000 0.000 32.303 65.281 8.264 0.000 41.234 66.228 85.214 93.195 79.170 82.143 68.120 26.107 0.000 50.070 19.069 11.066 22.064 22.064 0.000 0.000 0.000 0.000 0.000 24.833 43.780 116.720 145.640 128.513 112.057 110.996 102.663 101.307 101.174 101.033 66.255 111.168
58.575 58.575 58.576 58.576 58.577 58.578 58.580 57.581 57.583 60.584 66.587 65.589 61.592 57.595 57.599 57.603 58.607 58.611 58.615 58.618 57.620 56.622 58.623 64.622 71.621 80.618 88.616 84.613 73.612 61.612 57.616 62.626 70.646 46.693 24.710 24.701 10.662 11.582 47.445 68.384 18.365 0.408 60.350 92.335 94.313 73.284 76.246 75.196 63.159 52.133 3.109 31.086 5.077 0.000 6.064 0.000 0.000 0.000 0.000 0.000 0.000 5.889 68.835 74.754 70.738 71.892 69.862 101.662 101.551 101.433 68.617 71.390 73.257 74.917
58.589 58.589 58.590 58.591 58.592 58.593 58.594 58.596 58.597 58.599 57.601 57.603 57.606 58.610 58.614 58.619 58.625 58.630 58.634 58.638 58.641 58.644 58.646 57.647 56.648 57.649 61.650 59.652 58.655 62.660 65.668 64.681 62.700 64.724 64.736 61.731 61.703 65.641 40.510 26.446 15.443 33.512 78.479 92.451 72.420 65.383 64.333 44.238 40.185 3.159 0.000 0.000 0.000 0.000 0.000 0.000 1.403 16.378 31.344 1.255 15.101 77.969 84.959 83.031 81.015 82.093 101.871 101.769 82.875 89.662 82.512 88.280 80.118 59.055
58.603 58.604 58.604 58.605 58.606 58.607 58.609 58.611 58.612 58.614 58.616 58.618 58.620 58.624 58.629 58.636 58.643 58.649 58.654 57.658 64.662 66.666 58.670 57.673 56.676 57.680 59.684 62.689 65.696 64.705 59.717 60.731 67.749 70.767 66.780 60.784 57.779 66.768 0.000 0.000 0.547 73.621 82.602 69.571 61.532 81.495 27.466 0.000 0.000 0.000 0.000 0.000 0.000 0.000 0.000 0.000 26.428 68.395 97.345 58.266 91.123 99.274 96.236 95.325 102.158 102.066 101.970 94.967 96.839 96.534 95.392 94.320 12.233 0.000
58.618 58.618 58.619 58.620 58.621 58.622 58.624 58.626 58.628 58.629 61.630 61.632 59.633 63.636 61.643 58.654 58.662 58.669 57.674 55.680 66.685 74.689 60.694 57.699 59.705 62.711 64.718 63.726 60.736 62.748 67.762 69.779 70.797 70.816 65.833 59.848 68.861 87.883 6.940 0.000 0.000 47.758 70.737 67.698 71.644 91.598 25.571 0.000 0.000 0.000 0.000 0.000 0.000 0.000 0.000 24.532 76.482 92.426 95.351 100.339 97.491 94.478 102.409 102.329 102.246 94.288 95.069 95.937 95.615 95.584 88.513 65.417 0.000 0.000
58.632 58.633 58.633 58.634 58.636 58.638 58.639 58.641 58.643 59.645 66.646 66.646 43.646 11.645 32.654 62.674 56.683 59.690 65.696 68.702 68.707 64.713 60.719 61.725 64.733 63.741 62.750 64.761 68.774 68.789 70.806 69.825 60.846 55.867 57.889 70.912 89.936 99.965 21.997 0.000 0.000 22.915 78.891 80.839 87.750 86.683 22.649 0.000 0.000 0.000 0.000 0.000 0.000 2.682 28.650 72.591 94.507 97.519 96.602 96.599 95.686 102.562 102.487 94.503 95.299 96.156 95.939 95.792 95.746 87.677 79.634 0.000 0.000 0.000
58.647 58.647 58.648 58.649 58.651 58.653 58.655 58.658 58.660 60.662 69.662 80.661 56.658 0.000 0.000 47.704 73.708 65.713 63.718 63.724 61.730 60.737 62.744 64.751 62.760 58.770 60.781 72.795 74.810 64.828 58.847 55.869 55.893 60.919 74.946 90.974 88.006 72.043 44.087 12.151 6.160 50.098 79.073 61.016 51.834 43.737 8.693 0.000 0.000 0.000 0.000 0.000 0.000 21.715 72.682 94.593 96.783 95.774 95.880 102.777 102.707 102.636 94.570 96.447 96.156 96.027 95.969 95.894 89.816 76.751 66.713 0.000 0.000 0.000
58.661 58.662 58.662 58.664 58.666 58.668 58.671 58.674 58.677 60.680 70.681 57.679 13.669 0.000 0.000 15.730 69.732 61.736 63.741 62.747 60.753 63.760 64.768 61.777 58.787 54.798 64.811 78.826 65.844 55.865 56.888 61.913 71.940 82.969 94.000 87.034 65.072 60.113 79.159 86.205 87.232 91.245 66.288 27.320 0.000 0.000 0.000 0.000 0.000 0.000 0.000 0.000 26.828 72.758 94.773 96.957 95.976 102.969 102.907 102.844 94.848 95.641 96.524 96.218 96.200 96.136 96.059 96.965 84.883 55.796 44.754 2.754 0.000 0.000
57.676 57.676 58.677 58.678 58.681 58.684 58.688 58.692 58.696 61.699 71.703 42.706 0.000 1.766 39.765 41.756 58.755 60.758 48.763 30.769 68.776 63.783 59.792 58.801 56.812 58.825 74.839 77.856 59.876 62.900 74.926 83.954 92.985 91.017 79.053 65.091 58.134 74.180 78.230 66.278 47.320 45.360 33.515 13.654 2.945 0.000 0.000 15.734 10.734 0.000 0.000 20.912 72.929 96.026 97.045 95.155 103.086 103.028 95.022 95.827 96.698 96.501 96.374 96.346 96.290 96.235 99.162 63.027 42.955 0.000 0.000 0.000 0.000 0.000
66.691 64.691 61.690 59.692 56.695 56.700 56.704 56.709 55.714 60.720 72.726 55.736 36.758 44.769 62.772 58.773 55.775 61.779 56.784 43.790 63.798 57.806 56.815 56.825 58.837 72.849 80.865 46.883 38.906 88.932 93.962 88.994 78.028 68.064 60.102 56.145 67.192 79.245 47.301 22.360 5.409 0.000 13.759 12.904 3.173 4.465 7.645 35.734 19.734 0.000 0.000 53.162 95.194 94.315 103.254 103.200 103.144 95.065 96.948 96.670 96.558 96.523 98.475 93.419 95.384 96.353 107.328 0.000 0.000 0.000 0.000 0.000 0.000 0.000
67.707 69.706 75.703 76.703 76.708 73.715 74.722 73.727 72.733 72.739 74.746 57.756 61.768 60.778 57.784 60.788 60.793 59.798 64.804 66.811 60.819 54.828 56.838 58.848 72.860 77.872 66.888 60.907 69.931 92.962 75.997 67.033 59.069 57.107 59.148 58.194 72.246 81.305 45.372 21.449 9.548 11.717 14.858 7.053 8.352 14.577 16.736 9.825 0.000 0.000 31.381 73.411 103.405 103.357 103.307 95.310 96.109 96.999 96.704 96.696 97.649 97.599 70.550 48.482 83.475 97.464 102.469 42.522 0.000 0.000 0.000 0.000 0.000 0.000
60.725 54.722 7.712 9.712 18.719 65.732 62.740 62.746 62.751 66.758 75.765 56.773 57.783 56.791 59.798 63.804 64.810 62.817 61.824 64.832 65.841 62.850 56.860 73.871 79.882 70.893 76.907 93.925 90.951 72.987 61.031 57.071 59.109 59.148 58.190 63.238 79.293 81.357 73.434 76.518 47.618 9.744 1.911 1.252 13.607 20.755 10.898 8.004 0.470 26.519 74.566 103.497 103.452 95.463 96.265 97.143 96.953 96.835 96.815 97.763 95.718 89.673 14.647 0.000 65.569 100.561 97.562 96.576 0.000 0.000 0.000 0.000 0.000 0.000
58.747 50.747 0.000 0.000 0.748 61.755 57.759 57.764 57.770 61.775 75.782 53.790 57.798 61.806 63.814 64.821 61.828 58.835 56.843 58.852 68.862 81.872 76.882 77.893 54.903 48.913 100.922 86.937 53.961 14.006 34.070 62.111 59.148 59.186 61.227 54.274 38.333 28.395 40.490 80.570 56.664 9.815 5.013 0.534 9.804 14.938 9.097 14.273 14.726 52.727 103.565 94.662 98.394 97.290 97.101 96.987 96.959 96.919 97.873 97.832 62.788 38.726 24.719 27.720 78.670 99.649 95.642 86.643 4.643 0.000 0.000 0.000 0.000 0.000
58.768 58.772 41.782 0.000 1.770 62.776 58.779 58.783 57.788 58.793 73.799 60.806 63.814 65.822 64.830 59.838 56.846 57.854 57.863 56.872 66.882 89.893 85.904 72.916 65.926 56.933 32.931 21.939 8.950 0.000 15.133 64.155 59.186 61.221 44.258 18.300 3.369 0.483 42.562 59.607 28.653 0.948 4.266 9.576 16.893 13.095 7.276 0.963 4.381 51.991 103.650 97.550 97.303 97.122 97.103 97.064 97.019 96.976 94.937 85.901 18.875 0.000 35.784 94.770 99.743 97.724 91.715 81.712 0.000 0.000 0.000 0.000 0.000 0.000
55.787 57.789 54.793 0.000 0.000 62.798 57.800 55.802 57.805 61.810 65.816 64.822 64.830 62.838 56.846 57.855 57.863 58.872 58.881 63.892 81.903 80.915 73.927 82.940 80.953 51.963 0.000 0.000 0.000 0.000 13.173 64.192 59.220 62.254 33.285 0.000 29.466 55.540 75.597 44.645 0.000 0.000 0.000 0.000 9.096 9.274 9.581 4.216 3.226 103.891 103.773 96.464 97.300 97.197 97.159 97.116 97.074 99.034 83.996 66.963 26.936 2.919 50.864 80.833 89.808 98.790 87.780 76.778 0.000 0.000 0.000 0.000 0.000 0.000
62.804 60.806 49.809 0.000 48.829 56.821 58.819 62.820 63.823 64.826 62.831 63.838 61.846 57.855 57.863 58.872 58.881 57.890 59.900 82.911 81.923 63.936 76.950 74.965 78.983 77.004 40.035 0.000 5.168 35.181 40.195 60.218 59.250 59.291 54.342 46.423 63.490 62.564 56.642 78.731 26.849 0.000 0.000 2.984 8.121 6.325 7.597 31.969 56.511 103.994 98.812 98.539 98.275 97.256 97.212 97.170 98.129 96.089 51.052 28.017 39.986 40.957 94.920 96.890 76.866 86.848 81.839 54.841 19.865 0.000 0.000 0.000 0.000 0.000
63.819 64.822 61.827 49.837 63.838 63.836 63.836 64.837 64.839 65.841 77.845 59.852 57.863 57.872 58.881 58.889 58.898 59.908 73.918 84.929 59.942 63.956 90.971 82.989 71.009 74.034 77.067 61.114 66.155 81.182 74.207 62.237 55.273 55.317 66.370 82.437 69.507 41.584 13.674 68.790 57.967 7.272 10.562 15.847 12.078 3.309 5.543 46.940 99.270 104.084 95.791 98.429 99.352 97.309 97.266 97.223 90.182 80.142 37.104 8.069 17.035 18.003 78.970 120.941 101.917 77.898 69.887 48.884 57.888 10.888 0.000 0.000 0.904 21.904
68.832 68.836 64.841 64.847 64.850 65.851 65.852 61.853 58.855 57.856 20.857 10.863 61.881 58.890 58.899 58.907 57.916 60.925 84.935 70.947 55.960 61.975 78.991 96.010 91.031 88.056 86.086 82.121 78.155 77.185 85.215 82.249 76.288 72.333 75.386 79.447 41.516 5.593 4.680 20.788 16.957 2.289 11.566 21.766 18.037 9.265 2.600 45.975 104.252 104.169 98.692 100.520 97.402 97.363 98.319 94.276 78.234 71.194 77.155 83.118 67.083 89.049 104.017 120.987 129.962 113.941 75.927 80.919 55.917 0.000 0.000 0.000 0.000 0.000
7.841 8.851 68.854 63.860 63.864 58.866 55.868 57.870 52.872 5.871 5.864 0.000 62.906 58.911 58.917 58.924 58.932 76.942 83.952 56.964 58.977 58.992 62.009 68.028 70.049 70.073 66.100 69.129 85.159 78.189 69.220 72.257 79.297 83.342 86.393 83.451 58.518 23.592 6.666 5.727 0.000 0.000 6.545 15.615 0.002 0.000 15.899 76.157 104.333 96.058 99.758 99.489 97.464 97.415 98.371 93.327 80.285 46.244 53.204 96.166 107.129 139.094 130.061 102.030 90.002 106.979 85.961 79.948 54.943 0.000 0.000 0.000 0.000 0.000
0.000 3.871 17.867 72.875 57.879 55.882 57.885 57.888 58.891 5.893 0.000 51.934 59.928 58.930 58.935 58.941 60.949 84.957 69.967 55.979 58.993 59.008 59.026 58.045 58.066 58.088 57.112 64.138 93.164 72.191 3.221 11.260 23.304 74.345 84.392 68.448 73.513 60.590 12.666 9.727 0.000 0.351 13.454 5.535 0.000 0.000 34.106 104.494 104.414 98.939 100.662 96.562 97.515 97.467 97.421 97.377 84.334 47.292 62.252 99.213 95.175 129.138 124.103 93.069 98.038 84.011 64.988 82.972 60.963 0.000 0.000 0.000 0.000 0.000
56.904 52.896 0.000 64.894 74.896 75.899 56.902 68.905 75.910 51.918 49.934 59.940 58.943 58.946 58.951 58.957 77.964 81.972 56.982 58.993 58.007 57.023 59.042 59.061 59.081 59.101 58.123 66.146 95.169 76.192 22.211 0.000 46.313 71.342 84.384 63.434 53.497 12.589 5.681 8.789 6.958 15.127 19.289 0.000 0.000 13.113 75.320 104.573 96.221 99.914 99.648 97.618 97.566 97.518 97.471 98.426 89.382 78.340 101.298 126.258 114.219 131.181 128.143 122.107 129.071 95.038 72.010 81.988 89.974 18.969 0.000 0.000 0.000 0.000
58.913 57.912 52.916 58.912 57.913 5.915 79.918 71.922 58.928 59.935 59.945 58.951 58.956 58.961 58.966 61.972 84.979 67.986 57.995 59.005 65.018 73.036 59.057 57.077 59.095 58.114 61.133 85.153 93.174 68.196 56.220 44.253 66.292 65.327 26.368 11.409 8.453 0.000 0.000 0.000 0.000 0.227 2.287 0.000 16.302 73.375 95.487 104.651 97.180 97.804 97.717 97.665 97.615 97.567 97.519 98.474 89.429 72.386 68.344 101.303 91.262 105.222 108.183 96.143 98.102 70.061 47.025 60.997 127.978 80.964 15.948 5.934 27.922 48.913
58.924 58.924 58.925 58.926 58.928 52.931 68.934 84.939 60.944 57.951 58.958 58.964 58.970 58.976 57.982 80.988 82.994 57.000 59.006 60.013 57.025 19.045 78.075 73.094 60.110 58.126 76.143 95.160 79.179 59.199 59.222 60.248 63.277 67.307 4.352 5.380 0.000 0.000 0.000 0.000 0.000 0.000 0.000 0.000 39.495 96.575 104.804 104.728 97.073 97.886 97.760 97.714 97.663 97.614 97.567 96.520 81.476 83.432 103.389 122.347 121.305 126.264 131.223 118.180 116.133 103.079 52.032 49.998 125.976 89.960 27.947 20.933 85.917 118.910
58.935 58.934 58.935 58.939 58.943 58.946 58.950 69.954 84.960 60.966 57.972 58.978 58.985 56.991 64.997 86.003 66.009 58.014 60.017 58.017 0.000 0.000 66.105 67.114 73.125 72.138 80.152 79.167 60.183 58.200 60.219 63.240 68.259 68.274 0.000 0.000 0.000 0.000 0.000 0.000 0.000 0.000 0.000 1.421 47.908 101.848 104.880 96.440 98.120 97.846 97.815 97.760 97.709 97.660 97.612 97.566 83.521 79.477 100.433 101.390 101.348 104.306 104.265 103.221 108.171 81.091 57.024 71.989 86.967 25.954 0.000 0.000 29.905 55.903
58.948 60.941 60.943 58.953 58.958 58.961 58.965 58.970 69.975 84.981 60.987 55.993 56.000 73.006 85.013 79.019 56.025 59.030 55.033 1.024 0.000 52.133 59.127 59.131 65.139 82.149 82.160 75.173 68.186 60.200 47.215 17.234 82.248 62.255 0.000 0.000 0.000 0.000 0.000 0.000 0.000 0.000 0.000 1.766 21.506 105.031 104.955 97.305 98.015 97.910 97.857 97.805 97.754 97.705 97.657 98.611 93.565 83.521 78.477 77.433 77.391 77.349 77.308 81.270 55.238 0.000 24.985 80.967 76.948 37.936 0.000 0.000 28.895 74.896
59.968 0.000 0.000 58.972 57.974 56.977 56.980 55.985 55.990 68.995 84.002 77.008 84.015 86.022 73.029 57.036 64.043 64.050 52.055 0.000 0.088 63.140 59.140 61.144 85.150 92.159 70.168 61.179 68.189 75.199 63.206 0.000 42.243 60.245 0.000 0.000 0.000 0.000 0.000 0.000 0.000 0.000 0.000 2.136 7.729 105.105 102.586 98.260 97.992 97.957 97.900 97.848 97.798 97.749 97.701 97.655 98.609 97.564 95.520 94.476 94.432 95.390 97.350 71.311 13.275 0.000 9.965 65.944 96.924 87.905 60.881 36.875 53.883 56.888
58.988 57.995 0.000 57.989 68.990 72.992 76.995 81.999 85.004 86.010 86.017 86.024 72.030 59.038 75.045 92.053 93.061 93.071 86.082 64.101 0.000 60.147 58.150 67.155 95.161 82.168 59.176 58.185 60.193 63.201 54.206 0.000 19.235 19.237 0.000 0.000 0.000 0.000 0.000 0.000 0.000 0.000 9.795 11.334 4.060 105.173 106.527 102.141 98.050 97.995 97.941 97.890 97.840 97.791 97.744 97.698 97.653 97.608 97.563 97.518 98.473 101.430 73.390 6.350 0.000 0.000 0.000 10.922 66.900 97.879 88.864 64.861 41.875 10.882
59.002 61.002 57.009 59.006 74.006 73.007 69.010 65.013 64.017 60.025 81.032 71.039 82.046 73.053 89.061 85.070 78.079 79.090 90.103 96.120 85.141 86.152 78.158 86.164 94.170 67.177 58.184 59.191 59.198 58.205 58.211 60.219 55.227 4.231 64.228 55.227 0.000 0.000 0.000 0.000 0.000 0.273 78.428 75.639 105.277 105.228 100.409 101.211 98.083 98.034 97.980 97.929 97.880 97.832 97.786 97.740 97.696 97.652 97.607 99.560 104.510 73.468 13.429 0.000 0.000 0.000 0.000 0.000 7.873 58.847 93.835 43.830 0.000 0.000
61.016 0.000 56.021 59.020 59.020 59.022 58.024 59.026 61.028 59.040 71.048 66.055 75.062 86.069 74.077 59.086 60.096 61.108 62.121 67.136 80.150 90.161 96.168 94.174 83.180 59.185 59.191 59.198 59.204 59.210 60.215 83.220 56.224 0.000 60.227 10.227 4.226 0.000 0.000 0.000 0.000 9.900 98.205 100.404 105.318 98.769 98.434 98.160 98.127 98.070 98.018 97.968 97.919 97.872 97.827 97.782 97.739 97.696 99.653 84.606 38.540 5.504 0.000 0.000 0.000 0.000 0.000 0.000 0.000 29.803 91.797 43.793 0.000 0.000
62.030 0.000 56.033 59.033 59.034 59.036 59.038 60.039 0.000 58.061 62.066 73.071 73.078 81.085 86.092 72.101 57.111 57.124 57.139 59.152 61.164 62.173 63.180 63.185 62.189 61.194 57.199 57.205 58.211 59.216 70.220 84.222 55.225 49.226 51.226 0.000 0.000 0.000 0.000 0.000 0.000 13.879 97.003 105.387 105.352 97.613 98.318 98.211 98.158 98.104 98.053 98.004 97.957 97.911 97.867 97.823 97.781 97.740 102.702 58.672 0.000 0.000 0.000 0.000 0.000 0.000 0.000 0.000 0.000 32.765 92.759 51.753 0.000 0.000
