results1/res_4e8f-0041.wd
ncols         241
nrows         181
xllcorner     12693529.787448
yllcorner     3542525.717860
cellsize      155.156523
NODATA_value  -9999.000000
[rows 66 to 98 of 181, columns 74 to 147 of 241]
22.383 0.000 47.788 64.777 63.762 63.747 0.000 35.355 35.347 48.359 44.369 43.358 43.327 42.273 118.193 106.104 0.000 0.000 0.000 39.540 34.528 39.522 42.501 42.470 44.427 45.389 50.357 51.325 52.292 43.249 0.000 0.000 42.565 92.565 74.488 78.358 78.456 76.523 84.492 76.964 77.449 78.195 76.975 76.760 77.563 47.413 0.000 0.000 0.000 0.000 0.000 0.000 0.000 10.714 8.701 8.676 8.640 8.596 8.550 12.500 25.444 22.383 7.318 18.250 27.186 6.125 9.066 15.009 19.952 15.896 9.842 7.788 5.735 20.685
49.377 0.000 35.948 59.926 58.910 52.916 5.979 0.000 0.000 41.414 54.469 43.474 42.452 43.404 24.298 0.000 0.000 0.000 0.000 0.000 0.000 50.560 48.546 46.516 29.446 32.397 39.355 40.328 45.303 36.276 0.000 0.000 0.000 52.778 70.702 77.656 77.765 84.907 84.708 77.032 77.725 77.443 77.239 77.035 71.853 29.724 0.000 0.000 26.904 0.000 0.000 0.000 16.740 11.740 8.725 8.699 8.664 8.622 8.575 8.525 8.470 15.411 29.349 30.287 13.225 7.165 8.107 9.050 12.994 11.938 7.883 7.828 8.775 27.724
44.357 49.268 47.131 61.069 54.038 55.030 52.042 0.000 0.000 0.000 56.621 51.616 46.604 48.592 0.000 0.000 0.000 0.000 0.000 0.000 0.000 49.613 45.608 36.600 0.000 0.000 37.341 49.327 48.316 0.000 0.000 0.000 55.240 47.066 50.927 58.032 73.118 85.092 76.760 78.320 77.890 77.707 77.495 75.288 58.089 36.906 42.905 40.904 21.904 0.000 0.000 0.000 0.000 25.783 7.762 8.732 12.695 20.652 10.605 8.554 7.499 11.442 26.382 33.322 25.263 11.205 6.147 8.091 8.035 7.980 7.924 6.868 13.811 34.760
43.384 47.317 58.238 52.181 45.144 64.123 53.117 5.134 0.000 0.000 48.779 64.764 59.756 59.769 62.839 0.000 0.000 0.000 0.000 0.000 0.000 47.672 38.673 41.678 0.000 0.000 0.000 85.323 112.319 27.319 0.000 54.554 49.417 49.287 49.229 45.343 85.429 85.266 77.802 81.413 78.165 77.961 77.752 69.531 22.310 0.000 44.905 22.904 0.000 0.000 0.000 13.925 12.899 11.846 7.809 11.772 23.732 28.688 26.639 19.587 9.532 18.475 26.417 5.358 11.300 24.243 21.187 17.132 25.077 6.022 7.965 5.908 18.843 41.794
49.432 59.379 51.323 43.274 43.235 56.202 64.169 60.151 63.123 65.063 59.952 54.906 56.888 45.890 44.908 0.000 0.000 0.000 0.000 52.759 51.751 39.730 41.734 42.760 46.828 45.872 0.000 0.000 0.000 0.000 0.899 60.690 53.589 48.471 49.602 47.684 85.576 47.409 55.004 69.605 77.431 78.222 76.020 34.776 0.000 0.000 0.000 0.000 0.000 0.000 14.968 8.951 8.927 8.892 9.856 19.817 28.774 27.727 27.677 23.623 19.567 29.510 12.452 7.394 8.336 8.281 18.227 31.173 18.120 6.065 7.005 12.959 0.900 5.828
60.490 50.445 43.400 44.358 44.321 46.280 30.209 56.177 54.156 46.116 43.059 42.021 58.001 59.995 46.997 0.000 0.000 0.000 52.770 48.768 45.765 38.763 42.774 42.802 42.851 42.917 2.144 5.576 6.795 9.015 77.032 73.904 62.739 61.768 50.811 85.832 85.711 49.459 56.112 50.893 57.701 76.478 51.331 0.000 0.000 0.000 0.000 0.000 0.000 0.000 14.986 8.983 8.967 8.940 9.906 18.866 28.821 27.771 26.718 23.662 28.605 22.546 6.487 8.429 8.372 8.317 18.265 26.215 5.166 8.113 11.033 29.980 46.948 25.888
50.551 43.512 44.474 44.439 45.410 26.390 0.000 13.192 41.208 44.185 44.148 44.119 42.100 66.091 50.088 0.000 0.000 0.000 29.773 46.776 40.779 41.784 42.797 42.822 42.860 42.910 53.971 0.000 0.000 16.218 69.202 79.149 1.080 82.946 73.180 85.935 48.022 61.671 58.319 48.194 45.002 41.658 26.494 0.000 0.000 10.387 0.000 0.000 0.000 0.000 11.007 9.028 9.020 8.996 8.961 9.920 15.872 23.819 23.763 23.704 27.643 5.582 8.521 8.462 7.406 13.352 30.302 13.256 7.217 10.188 0.000 0.000 22.991 0.000
43.613 44.578 44.544 44.514 47.491 3.481 1.506 0.000 39.298 44.270 46.229 44.206 43.190 61.181 57.177 0.000 0.000 0.000 0.000 37.786 40.789 42.796 42.809 42.829 42.856 44.891 30.931 0.000 0.000 66.438 69.411 80.366 86.304 80.363 78.400 86.021 69.069 71.777 56.622 49.531 42.459 0.000 0.000 0.000 0.000 8.387 0.000 0.000 0.000 0.000 0.000 12.104 9.089 9.062 9.025 8.980 8.928 8.871 15.811 23.747 11.683 8.618 8.555 8.494 11.437 24.383 24.334 6.291 8.257 11.236 0.000 0.000 50.035 40.037
44.675 44.643 44.612 44.583 44.558 48.541 49.532 49.499 45.418 45.366 25.293 42.285 43.275 59.267 58.262 0.000 0.000 0.000 0.000 36.794 42.797 42.803 42.814 42.828 42.846 30.869 0.000 0.000 0.000 71.685 77.638 80.572 80.546 79.622 86.134 78.545 81.268 75.960 60.904 50.846 49.843 49.977 0.000 0.000 0.000 5.388 12.390 5.390 0.000 0.000 0.000 27.194 8.172 9.139 9.097 9.047 9.990 8.928 8.861 8.792 8.722 8.653 8.587 7.523 13.464 28.410 5.361 8.319 8.284 10.262 0.000 0.000 52.076 44.065
44.739 44.708 44.678 44.647 44.619 44.595 44.575 44.548 44.510 48.483 0.000 35.367 44.358 60.349 55.343 0.000 0.000 0.000 0.000 41.798 44.801 44.807 44.815 42.824 45.832 0.000 0.000 0.000 64.139 69.979 80.885 80.777 80.899 78.952 86.340 79.680 84.328 80.222 81.158 69.110 57.091 46.111 41.111 43.110 0.000 0.000 11.391 6.391 12.391 13.388 11.371 17.306 27.265 9.225 10.177 19.122 26.059 7.989 8.915 8.838 8.762 8.687 7.615 12.549 31.487 25.431 14.381 7.338 8.300 10.267 25.230 43.185 44.129 44.097
44.804 44.774 44.743 44.710 44.676 44.646 47.624 45.610 44.590 48.575 0.000 35.459 44.443 61.427 53.418 0.000 0.000 0.000 0.000 14.801 24.803 23.808 23.815 44.822 29.827 0.000 0.000 0.000 66.299 76.209 81.115 81.078 80.190 87.012 86.698 80.747 81.593 80.452 80.397 81.344 72.301 37.265 0.000 0.000 0.000 0.000 9.392 9.393 6.395 8.402 9.419 8.395 15.360 29.317 12.266 10.205 20.134 8.055 8.971 8.885 8.799 8.717 8.640 16.569 29.504 16.447 28.396 6.352 7.312 12.275 33.238 45.198 44.156 44.121
44.870 44.843 44.812 44.774 47.727 49.692 21.664 42.678 45.667 47.650 7.636 38.567 43.527 55.500 53.485 0.000 0.000 0.000 0.000 0.000 0.000 0.000 0.000 25.821 0.000 0.000 0.000 14.695 64.548 81.444 81.328 81.449 79.543 87.293 79.334 85.041 80.737 80.692 80.626 80.568 70.503 31.384 0.000 0.000 0.000 0.000 0.000 12.394 13.396 0.430 8.510 9.494 9.462 13.419 29.365 12.298 9.218 9.127 9.029 8.930 8.835 6.744 12.659 31.583 12.515 11.456 25.405 9.361 7.321 14.285 40.249 45.213 44.176 44.139
44.940 44.915 44.887 46.847 22.768 24.730 0.000 4.770 40.750 44.724 48.693 44.645 47.601 52.559 57.537 0.000 0.000 0.000 0.000 0.000 0.000 0.000 0.000 0.000 0.000 0.000 0.000 73.842 75.757 81.662 81.625 80.750 87.794 87.553 80.397 81.112 80.984 80.915 80.852 79.798 59.759 0.000 0.000 0.000 0.000 0.000 0.000 0.000 4.396 0.000 15.624 12.608 8.577 8.533 10.476 27.404 16.314 8.205 9.088 8.973 7.865 12.764 14.671 13.588 10.517 8.458 8.409 8.366 9.328 22.294 44.262 45.230 47.197 43.156
45.011 44.992 44.974 49.960 0.000 0.000 10.951 2.882 36.840 45.803 43.765 45.721 57.671 29.599 23.568 0.000 0.000 0.000 0.000 0.000 0.000 0.000 0.000 0.000 0.000 0.000 61.213 66.074 79.975 81.860 81.995 80.098 88.014 79.898 81.572 81.266 81.207 81.133 81.069 73.014 49.977 0.000 0.000 0.000 0.000 0.000 0.000 0.000 0.000 0.000 19.755 14.738 8.705 6.661 9.603 9.528 25.429 18.293 9.146 10.010 7.888 14.777 14.674 11.580 5.508 8.452 8.405 10.366 24.332 43.301 45.273 48.249 40.227 1.192
44.081 44.068 44.059 47.060 17.090 14.076 46.020 50.968 44.925 42.884 49.844 59.802 62.765 0.000 0.000 0.000 0.000 0.000 0.000 0.000 0.000 0.000 0.000 0.000 0.000 0.000 63.351 71.269 81.173 82.165 81.208 88.418 88.222 80.928 81.631 81.493 81.416 81.343 81.276 63.213 45.157 0.000 0.000 0.000 0.000 0.000 0.000 0.000 0.000 0.000 17.904 15.882 15.847 12.802 5.747 7.678 8.579 24.394 24.191 21.034 17.902 10.782 9.669 6.550 7.484 8.435 12.395 32.361 44.332 44.305 45.283 44.265 35.253 0.000
59.149 58.140 56.133 53.132 54.134 54.119 51.086 52.047 54.007 53.966 59.924 61.879 19.822 0.000 0.000 0.000 0.000 0.000 0.000 0.000 0.000 0.000 0.000 0.000 1.822 9.733 64.574 81.468 82.377 82.330 81.563 88.599 80.404 82.077 81.765 81.700 81.619 81.547 79.479 61.405 32.281 0.000 0.000 0.000 0.000 0.000 0.000 0.000 0.000 0.000 8.075 12.041 14.998 15.952 14.905 11.858 7.817 1.809 0.000 0.000 0.000 0.000 0.000 10.469 8.442 11.410 32.380 45.353 44.328 45.307 48.289 44.275 41.267 22.269
58.216 57.208 59.203 61.200 60.195 59.182 57.158 55.126 55.090 56.049 52.006 51.970 0.000 0.000 0.000 0.000 0.000 0.000 0.000 0.000 0.000 0.000 0.000 0.000 50.899 73.838 72.743 81.655 82.548 82.680 80.789 88.766 82.496 82.100 81.976 81.892 81.815 81.747 77.689 57.648 0.000 0.000 0.000 0.000 0.000 0.000 0.000 0.000 0.000 15.407 10.281 7.208 9.152 14.105 16.065 16.033 17.021 8.051 0.000 0.000 0.000 0.000 0.000 11.416 9.404 25.384 46.363 44.342 44.322 44.305 45.290 44.280 44.273 35.271
44.280 45.275 52.272 61.270 67.265 55.255 49.237 44.212 42.178 41.135 47.081 26.025 0.000 0.000 0.000 0.000 0.000 0.000 0.000 0.000 0.000 0.000 0.000 0.000 57.016 72.975 80.908 82.830 82.805 81.942 89.059 88.919 84.513 82.318 82.157 82.080 82.003 81.936 76.883 51.850 0.000 0.000 0.000 0.000 0.000 0.000 0.000 0.000 15.641 10.534 10.435 10.358 9.299 6.251 11.215 15.190 16.183 13.193 0.000 0.000 0.000 0.000 14.364 8.376 12.373 40.361 44.346 44.330 44.315 44.301 44.289 44.280 44.274 19.272
43.342 47.341 52.341 54.342 57.341 47.336 43.324 44.305 44.277 46.234 24.157 0.000 0.000 0.000 0.000 0.000 0.000 0.000 0.000 0.000 0.000 0.000 0.000 0.000 43.175 72.138 82.082 82.992 83.132 81.252 89.187 82.060 83.733 82.414 82.348 82.260 82.181 82.111 73.055 46.021 0.000 0.000 0.000 0.000 0.000 0.000 0.000 14.852 10.749 10.652 10.565 10.493 10.434 10.387 7.353 6.331 9.327 16.346 16.410 0.000 0.000 0.000 8.351 9.353 27.350 44.341 43.330 43.318 44.306 44.295 44.285 44.278 43.273 9.270
43.403 45.406 46.411 44.416 43.421 44.423 43.420 43.409 43.390 48.367 0.000 0.000 0.000 0.000 0.000 0.000 0.000 0.000 0.000 0.000 0.000 0.000 0.000 0.000 51.370 80.324 83.261 83.246 82.388 89.417 89.307 85.057 82.757 82.612 82.523 82.435 82.351 83.274 63.205 51.157 0.000 0.000 14.471 0.000 14.222 16.173 16.085 10.955 10.852 10.762 10.682 10.614 10.557 10.511 10.477 9.456 6.448 15.455 16.474 9.474 0.000 0.000 16.338 8.336 16.332 22.325 25.316 29.306 35.296 41.287 43.279 43.273 41.269 6.267
44.462 44.470 44.480 44.492 43.505 43.516 43.523 43.522 42.507 50.477 1.476 0.000 0.000 0.000 0.000 0.000 0.000 0.000 0.000 0.000 0.000 0.000 0.000 35.757 71.611 82.526 83.428 83.582 81.688 89.515 82.509 84.183 82.867 82.792 82.696 82.605 82.516 83.427 55.334 33.245 0.000 0.000 10.471 0.000 9.271 11.212 11.128 11.031 10.942 10.861 10.788 10.724 10.669 10.624 10.590 8.567 10.555 16.553 13.557 0.000 0.000 0.000 15.326 14.322 13.317 12.311 11.303 10.294 14.286 25.279 21.272 23.267 27.264 8.262
42.518 42.532 42.548 42.568 42.590 42.613 43.635 45.649 47.639 22.557 0.000 0.000 0.000 0.000 0.000 0.000 0.000 0.000 0.000 2.669 0.000 0.000 6.010 46.902 77.797 83.703 83.705 82.747 89.682 89.604 85.499 83.205 83.056 82.962 82.867 82.774 82.680 78.584 25.459 0.000 0.000 0.000 10.472 16.474 11.380 11.277 11.183 11.101 11.024 10.952 10.885 10.824 10.771 10.727 10.693 7.668 16.653 16.646 12.645 0.000 0.000 0.000 14.318 13.311 14.304 14.298 14.291 14.283 14.276 13.270 13.264 12.260 11.257 11.256
43.572 46.591 50.614 53.642 57.674 59.712 62.755 61.801 53.842 0.000 3.576 27.619 0.000 0.000 0.000 0.000 0.000 0.000 33.670 60.669 0.668 0.000 40.117 73.047 82.962 83.882 83.831 83.070 89.748 81.936 83.623 83.307 83.231 83.133 83.038 82.942 83.847 70.771 0.000 0.000 0.000 0.000 0.000 10.569 11.499 13.334 13.227 11.164 11.103 11.040 10.977 10.918 10.866 10.821 7.786 12.759 15.742 16.734 7.732 0.000 0.000 0.000 0.000 19.298 19.293 16.286 13.279 13.272 14.266 15.260 15.255 14.252 14.250 15.249
44.622 51.646 60.675 61.711 60.754 59.806 58.872 55.958 50.087 25.338 42.535 60.661 29.781 13.850 0.000 0.000 0.000 4.670 43.670 57.668 0.000 15.410 57.294 82.207 85.131 84.003 84.240 82.233 89.801 83.922 83.639 83.491 83.398 83.304 83.209 83.108 84.995 28.883 0.000 0.000 0.000 0.000 0.000 6.735 12.713 0.000 0.000 10.227 11.185 11.127 11.064 11.005 10.952 9.907 7.870 16.842 16.823 13.814 7.819 13.850 0.000 0.000 0.000 30.290 45.283 38.275 34.268 30.261 26.255 29.250 29.246 12.243 13.242 14.245
45.668 48.696 51.730 50.772 48.824 46.888 44.969 43.073 43.211 52.391 54.564 51.710 48.834 52.919 1.044 0.000 0.000 44.670 74.674 25.666 21.625 55.527 79.440 84.366 84.268 84.423 82.406 89.870 82.328 84.045 83.732 83.661 83.566 83.476 83.386 86.288 43.142 0.000 0.000 0.000 0.000 0.000 0.000 8.922 13.907 0.000 0.000 7.331 11.284 11.218 11.150 11.087 11.031 7.984 15.946 16.916 15.895 6.882 10.878 10.883 0.000 0.000 0.000 0.000 28.274 46.265 45.257 45.250 45.244 45.239 39.235 29.232 15.231 0.000
45.709 45.740 44.778 44.825 45.883 45.954 46.043 44.154 45.292 50.453 53.621 49.781 44.926 48.046 3.140 0.000 0.000 36.666 46.689 24.699 57.681 72.633 81.577 84.517 84.499 83.636 90.263 90.011 83.323 84.054 83.912 83.823 83.734 83.648 83.570 86.517 0.000 0.000 1.879 10.879 0.000 0.000 10.220 13.124 12.087 19.109 0.000 7.482 11.403 11.313 11.230 11.161 9.102 11.054 17.014 16.983 8.959 9.941 10.929 10.920 0.000 0.000 0.000 0.000 0.000 28.254 44.244 44.237 44.232 44.227 45.223 45.221 20.219 0.000
45.745 45.777 45.818 45.867 45.928 46.003 45.095 44.210 48.349 52.510 52.686 47.866 44.043 49.201 2.323 0.000 0.000 32.640 1.719 48.759 72.766 78.748 84.722 84.633 84.896 82.928 90.486 82.748 84.461 84.148 84.078 83.986 83.897 83.811 90.730 74.694 0.000 0.000 47.879 33.879 0.000 0.000 5.317 13.267 12.207 12.132 17.974 15.713 14.533 11.399 11.299 11.224 8.164 16.115 17.074 13.042 8.016 10.996 10.978 12.948 16.948 0.000 0.000 0.000 0.000 0.000 41.229 44.224 44.219 44.215 45.211 43.208 17.207 0.000
45.774 45.807 45.848 45.898 45.959 45.034 44.126 46.241 50.383 53.554 49.746 44.956 44.178 47.416 29.694 17.028 18.286 14.566 15.771 55.847 76.876 82.882 84.846 85.051 83.101 90.870 90.687 83.760 84.474 84.327 84.237 84.147 84.059 88.969 31.844 46.834 16.869 47.878 55.880 0.000 0.000 0.000 4.465 13.419 12.345 12.238 22.078 32.864 6.616 16.453 12.343 9.273 11.216 17.167 16.127 7.094 10.068 11.050 11.038 0.000 0.000 0.000 0.000 0.000 0.000 0.000 22.220 43.211 44.206 44.202 48.199 44.195 33.193 0.000
45.798 45.830 45.870 45.918 45.977 44.048 44.136 48.246 55.388 56.577 52.790 48.033 46.299 46.590 48.858 49.102 58.266 0.000 33.943 71.981 79.011 85.028 85.073 84.274 91.193 91.037 84.124 84.904 84.565 84.491 84.394 84.305 84.224 92.161 0.000 29.931 31.895 21.885 23.882 0.000 0.000 0.000 7.659 13.601 12.514 18.397 34.236 11.050 0.000 0.000 10.349 8.308 16.259 17.213 13.172 10.139 11.114 11.097 13.087 0.000 0.000 0.000 0.000 0.000 0.000 0.000 0.000 34.195 44.193 44.190 49.187 44.182 44.176 33.163
45.815 45.846 45.884 45.929 44.983 44.046 46.123 53.218 30.348 6.576 5.803 3.087 33.396 50.788 46.046 49.259 30.409 0.000 39.078 77.120 83.168 85.149 85.475 83.569 91.337 84.466 85.241 84.809 84.748 84.642 84.547 84.456 85.370 83.290 5.197 5.064 0.000 0.000 0.000 0.000 0.000 7.062 14.911 12.811 11.716 31.602 35.419 0.000 0.000 0.000 6.396 12.352 17.301 17.252 7.211 11.178 11.153 11.136 14.127 0.000 0.000 0.000 0.000 0.000 0.000 0.000 0.000 22.181 44.180 44.178 50.176 44.172 44.167 38.160
45.827 45.856 45.890 44.931 43.978 46.032 49.092 57.155 16.211 0.000 0.000 0.000 0.000 33.121 48.279 49.477 35.703 38.010 64.169 81.266 85.305 85.579 83.693 91.589 91.469 85.452 85.146 84.996 84.892 84.792 84.696 84.602 87.511 72.432 1.329 0.000 0.000 0.000 0.000 0.000 0.000 7.214 14.113 13.016 10.936 38.877 0.000 0.000 0.000 12.597 17.487 17.405 17.339 15.285 10.242 11.208 11.184 11.167 13.160 0.000 17.190 0.000 0.000 0.000 0.000 0.000 0.000 15.169 44.169 44.168 44.166 44.163 44.160 42.156
45.834 45.860 45.891 44.927 43.968 48.012 52.058 56.101 14.130 0.000 0.000 0.000 0.000 13.296 56.472 51.669 57.914 71.157 80.327 84.435 85.562 84.816 91.800 91.698 84.797 85.571 85.227 85.142 85.037 84.938 84.842 88.745 51.640 23.536 0.000 0.000 0.000 0.000 0.000 0.000 9.677 14.469 13.309 15.206 12.135 36.093 0.000 0.000 7.896 14.707 30.550 19.443 16.366 12.308 10.264 10.231 11.206 11.191 11.184 16.190 12.191 3.190 0.000 0.000 0.000 11.151 13.152 12.158 44.159 44.158 44.157 44.156 44.155 42.154
45.836 45.860 45.888 43.919 45.954 51.991 53.029 51.060 38.078 0.000 0.000 0.000 0.000 0.000 9.642 5.813 46.129 77.379 81.544 85.626 85.911 84.134 91.892 84.118 85.896 85.460 85.393 87.279 86.178 85.081 84.990 90.897 13.768 0.000 0.000 0.000 0.000 0.000 0.000 30.077 29.886 17.675 14.449 25.365 20.307 21.268 0.000 0.000 6.085 10.785 21.565 17.450 21.374 15.318 18.276 17.244 14.221 11.206 10.198 10.195 16.193 0.000 0.000 0.000 0.000 8.150 8.149 18.150 44.151 44.150 44.150 44.149 44.149 18.151
