results1/res_4e8f-0159.wd
ncols         241
nrows         181
xllcorner     12693529.787448
yllcorner     3542525.717860
cellsize      155.156523
NODATA_value  -9999.000000
[rows 66 to 98 of 181, columns 146 to 218 of 241]
36.368 51.308 73.250 74.197 74.146 74.098 74.052 74.006 73.961 76.924 12.902 0.000 0.788 0.000 0.000 0.000 0.000 0.000 46.127 21.127 0.000 28.125 58.124 58.124 58.124 65.124 71.123 71.121 71.119 71.115 71.111 71.106 71.101 71.096 71.091 73.087 58.083 59.081 51.080 0.000 0.000 0.000 0.000 0.000 27.438 34.430 43.413 37.381 15.340 13.289 28.258 49.233 57.210 51.187 46.165 46.142 36.120 33.098 33.076 36.054 57.033 69.013 63.993 52.974 59.955 66.937 70.920 70.904 69.889 69.874 69.860 69.846 69.833
39.427 58.367 76.309 74.256 74.208 74.162 74.117 74.068 79.012 67.971 37.952 34.961 0.000 0.000 0.000 0.000 0.000 17.127 19.127 0.000 0.000 0.000 28.120 59.120 68.120 71.119 71.118 71.117 71.114 75.112 73.108 71.104 71.100 71.096 70.092 62.089 56.085 62.083 52.082 0.000 0.000 0.000 0.000 19.431 33.431 38.427 34.421 0.000 0.266 10.242 30.228 33.210 47.191 56.171 45.150 44.129 42.107 33.085 33.063 32.042 38.021 62.000 68.980 53.961 55.942 57.924 59.907 63.891 67.875 69.860 70.846 69.833 69.820
44.485 65.422 75.363 74.311 74.267 74.226 72.186 71.137 26.049 10.996 41.974 47.970 12.971 0.000 0.000 0.000 0.000 0.000 0.000 0.000 0.000 12.114 41.115 61.116 71.116 71.115 71.114 71.113 71.111 73.108 72.106 71.103 71.099 72.096 62.093 60.090 63.087 58.084 50.083 0.000 0.000 0.000 0.000 37.430 40.429 2.427 1.424 0.000 5.199 38.207 40.202 50.189 53.173 64.156 62.136 50.116 39.094 31.073 33.051 33.029 28.008 41.987 58.967 62.947 67.929 64.910 57.893 62.877 65.861 65.846 63.832 65.819 68.806
49.541 72.475 76.410 77.358 74.321 75.291 70.264 16.245 0.227 40.989 41.979 46.974 54.972 0.000 0.000 0.000 0.000 0.000 0.000 0.000 0.000 24.112 47.112 60.112 72.112 71.111 71.110 71.109 71.108 72.106 71.103 71.101 71.099 68.096 62.094 27.092 0.084 0.000 0.000 0.000 0.000 0.000 0.000 33.430 40.429 0.000 0.000 0.000 55.188 41.188 36.182 64.172 69.158 70.142 74.123 68.103 56.082 36.061 33.038 33.016 30.995 31.974 37.953 38.933 45.914 53.896 60.879 64.862 65.847 66.832 62.818 65.804 66.791
31.598 36.528 46.443 22.390 79.370 76.350 61.336 38.334 8.364 0.000 0.000 0.000 0.000 0.000 0.000 0.000 0.000 0.000 0.000 0.000 0.000 25.111 50.110 53.109 69.109 71.108 71.107 71.106 75.105 74.103 71.101 71.100 72.098 63.096 66.095 0.000 0.000 0.000 0.000 0.000 0.000 0.000 0.000 0.000 27.429 36.429 0.000 0.000 86.177 49.174 31.167 62.157 70.145 70.130 70.112 73.093 72.071 52.049 35.026 33.003 30.981 33.960 34.938 42.918 47.899 36.881 36.863 41.847 46.831 52.816 57.802 61.789 65.777
77.663 56.595 0.000 0.000 83.420 75.403 62.395 44.393 11.398 0.000 0.000 0.000 0.000 0.000 0.000 0.000 0.000 0.000 0.000 0.000 0.000 0.000 11.106 55.106 71.106 71.105 71.104 71.103 73.102 72.101 71.100 71.098 72.097 60.096 70.095 0.000 0.000 0.000 0.000 0.000 0.000 0.000 0.000 0.000 0.000 3.429 11.429 0.000 23.170 39.163 32.155 62.146 70.134 70.120 71.104 71.083 71.061 64.037 40.013 35.990 33.967 30.945 51.923 63.902 69.883 53.864 46.847 42.831 40.815 37.800 37.787 37.774 65.761
53.739 0.000 0.000 80.596 80.487 78.446 69.449 54.444 10.437 0.000 0.000 0.000 0.000 0.000 0.000 0.000 0.000 0.000 0.000 0.000 0.000 0.000 37.103 60.103 72.103 71.102 71.102 72.101 71.100 71.099 71.098 71.097 72.096 65.095 30.094 0.000 0.000 0.000 0.000 0.000 0.000 0.000 0.000 0.000 0.000 0.000 0.000 0.000 0.000 36.154 35.144 53.136 68.127 71.114 65.098 61.077 67.052 58.025 41.000 39.976 48.953 43.929 66.907 70.886 69.866 67.847 67.830 64.813 62.798 59.784 55.770 47.757 67.745
80.785 70.786 76.759 32.704 0.000 0.000 75.510 49.499 10.468 0.000 12.681 0.000 0.000 0.000 0.000 0.000 0.000 0.000 0.000 0.000 0.000 0.090 53.101 65.101 72.100 71.100 71.099 73.099 73.098 71.097 71.096 71.095 70.094 66.094 15.093 0.000 0.000 0.000 0.000 0.000 0.000 0.000 0.000 0.000 0.000 0.000 0.000 0.000 0.000 0.000 24.133 50.129 68.121 69.112 50.098 53.073 55.046 52.012 36.986 33.962 56.938 65.913 69.890 71.868 71.847 72.829 70.811 70.795 71.780 70.766 71.753 71.740 70.728
82.831 74.814 79.786 30.757 0.000 0.000 66.581 14.575 0.000 0.000 44.681 7.681 0.000 0.000 0.000 0.000 0.000 0.000 0.000 0.000 0.000 0.000 56.098 68.098 72.098 71.098 71.097 72.097 72.096 71.095 71.095 72.094 68.093 63.092 13.092 0.000 0.000 0.000 0.000 0.000 0.000 0.000 0.000 0.000 0.000 0.000 0.000 0.000 16.123 18.124 29.126 45.124 67.119 69.113 15.108 0.000 0.000 41.991 35.970 30.949 44.924 63.896 69.871 71.848 71.828 71.809 69.792 69.776 70.762 69.748 69.735 70.723 70.711
74.893 74.852 74.815 72.782 59.753 45.713 38.658 37.645 33.668 36.677 39.681 39.682 11.682 0.000 0.000 0.000 0.000 0.000 17.089 19.089 0.000 9.096 55.096 69.096 71.096 71.096 71.095 71.095 71.094 71.094 71.093 71.092 53.092 48.091 46.090 41.089 5.088 0.000 0.000 0.000 0.000 0.000 0.000 0.000 0.000 0.000 0.000 0.000 20.122 46.123 37.123 41.121 61.118 62.115 35.112 0.000 0.000 0.000 32.954 37.939 36.913 55.877 68.849 69.826 69.806 69.788 69.772 69.756 69.742 69.729 69.717 69.705 69.694
74.932 74.886 74.842 73.801 70.764 72.728 46.695 25.679 63.680 36.683 40.684 16.683 0.000 0.000 0.000 0.000 0.000 0.000 17.089 63.089 12.089 0.090 54.094 68.094 72.094 71.094 73.094 74.093 72.093 71.092 71.092 69.091 62.090 53.090 54.089 53.088 6.088 0.000 0.000 0.000 0.000 0.000 0.000 0.000 0.000 0.000 0.000 0.000 14.122 49.122 41.121 48.120 63.118 58.116 64.114 0.000 0.000 0.000 0.000 0.000 0.000 45.849 68.822 69.801 69.783 69.765 69.750 69.735 69.722 69.709 69.698 69.686 69.675
74.966 74.918 75.865 77.817 74.776 74.739 73.713 74.698 65.692 43.690 15.690 0.000 0.000 0.000 0.000 0.000 0.000 0.000 4.089 56.089 43.089 33.090 49.091 71.092 71.092 71.092 71.092 71.092 71.091 71.091 71.090 71.090 69.089 48.089 52.088 59.087 2.087 0.000 0.000 0.000 0.000 0.000 0.000 0.000 0.000 0.000 0.000 0.000 10.121 61.121 5.120 28.119 51.117 58.116 19.115 0.000 0.000 0.000 0.000 0.000 0.000 0.000 57.789 70.774 69.757 69.741 69.727 69.713 69.701 69.689 69.678 69.667 69.657
78.002 73.956 70.883 72.827 75.781 75.741 77.719 74.706 72.699 59.696 8.695 0.000 0.000 0.000 0.000 0.000 0.000 0.000 0.000 12.089 47.089 39.089 55.090 73.090 71.091 71.091 71.091 71.090 71.090 71.090 71.089 71.089 72.088 61.087 48.087 52.086 58.086 0.078 0.000 0.000 0.000 0.000 0.000 0.000 0.000 0.000 0.000 0.000 0.000 6.121 0.000 0.000 36.117 55.116 0.000 0.000 0.000 0.000 0.000 0.000 0.000 0.000 45.770 66.751 69.732 69.716 69.703 69.691 69.679 69.669 69.658 69.648 69.638
71.044 32.023 0.000 0.000 0.000 67.725 72.717 78.709 74.704 63.700 13.699 0.000 47.702 17.702 0.000 0.000 0.000 0.000 0.000 0.000 39.088 43.089 64.089 72.089 73.090 74.090 71.090 71.089 71.089 71.089 71.088 71.088 71.087 72.086 51.086 33.085 42.084 3.083 0.000 0.000 0.000 0.000 0.000 0.000 0.000 0.000 0.000 0.000 0.000 0.000 0.000 0.000 25.116 58.116 0.000 0.000 0.000 0.000 0.000 0.000 0.000 0.000 0.000 46.726 66.703 69.688 69.677 69.667 69.657 69.648 69.638 69.629 69.619
66.080 23.068 0.000 0.000 42.718 40.718 57.714 76.709 73.705 58.703 39.702 43.702 47.702 13.702 0.000 0.000 0.000 0.000 10.085 0.000 40.087 51.088 71.088 71.088 74.089 74.089 71.089 71.088 71.088 71.088 71.087 71.087 71.086 72.086 68.085 63.084 52.083 32.082 26.081 0.000 0.000 0.000 0.000 0.000 0.000 0.000 0.000 0.000 0.000 0.000 0.000 0.000 27.116 19.116 0.000 0.000 0.000 0.000 0.000 0.000 0.000 0.000 0.000 0.000 51.664 67.658 69.651 69.643 69.635 69.627 69.618 69.609 69.600
72.109 53.102 25.108 0.000 0.000 42.715 42.712 64.709 76.706 54.704 41.703 46.703 24.703 0.000 0.000 0.000 0.000 0.000 39.086 32.086 37.087 54.087 73.087 73.088 74.088 71.088 71.088 71.088 71.087 71.087 71.087 71.086 71.085 71.085 71.084 73.083 62.082 50.082 39.081 40.080 33.079 24.079 29.078 0.000 0.000 0.000 0.000 0.000 0.000 0.000 0.000 0.000 30.116 5.116 0.000 0.000 0.000 0.000 0.000 0.000 0.000 0.000 0.000 0.000 36.631 64.629 68.624 69.619 69.613 69.607 69.599 69.590 69.581
75.129 66.121 19.115 0.000 0.000 0.000 41.709 46.707 73.706 61.704 42.704 45.703 20.703 0.000 0.000 0.000 0.000 0.000 42.085 35.086 38.086 56.086 75.087 74.087 72.087 72.087 71.087 71.087 71.087 71.086 71.086 72.085 72.085 72.084 66.083 57.082 61.082 68.081 61.080 59.079 47.079 34.078 41.078 0.000 0.000 0.000 0.000 0.000 0.000 0.000 0.000 0.000 0.000 0.000 0.000 0.000 0.000 0.000 0.000 0.000 0.000 0.000 0.000 0.000 28.601 59.601 69.599 71.597 71.593 71.587 70.581 69.572 69.563
75.146 50.140 0.000 0.000 0.000 0.000 0.000 48.706 61.705 55.704 54.704 51.703 41.703 19.703 0.000 0.000 0.000 0.000 41.085 34.085 39.085 54.086 66.086 63.086 58.087 60.087 65.087 70.087 72.086 72.086 70.085 60.085 58.084 63.084 52.082 49.082 49.081 60.080 64.079 59.079 45.078 34.078 6.078 0.000 0.000 0.000 0.000 0.000 0.000 0.000 0.000 0.000 0.000 0.000 0.000 0.000 0.000 0.000 0.000 0.000 0.000 0.000 0.000 0.000 16.572 41.574 47.576 49.575 49.573 50.570 59.564 68.556 69.545
74.158 40.154 0.000 0.000 0.000 0.000 0.000 43.705 37.705 36.704 44.704 44.703 44.703 40.703 13.703 0.000 0.000 0.000 46.085 41.085 46.085 56.085 59.085 62.086 20.086 0.000 0.000 11.086 72.086 69.086 58.085 13.085 0.000 0.000 51.082 83.081 76.080 55.079 61.079 55.078 44.078 29.078 32.078 0.000 0.000 0.000 0.000 0.000 0.000 0.000 0.000 0.000 0.000 0.000 0.000 0.000 0.000 0.000 12.490 2.491 20.491 41.495 52.503 51.517 69.540 77.549 78.554 76.556 78.556 65.554 48.550 66.542 69.530
72.167 37.164 0.000 0.000 0.000 0.000 0.000 43.705 39.705 18.705 0.000 0.000 0.000 0.000 0.000 0.000 0.000 0.000 52.084 46.084 41.084 37.085 23.085 0.000 0.000 0.000 0.000 0.000 0.000 0.000 45.084 7.084 0.000 0.000 0.000 46.080 79.079 39.079 40.078 39.078 35.078 38.077 85.077 44.077 0.000 0.000 0.000 0.000 0.000 0.000 0.000 0.000 0.000 0.000 0.000 0.000 11.466 2.467 0.000 0.000 6.487 88.491 84.498 66.508 67.520 64.529 65.535 87.538 80.540 66.541 46.539 55.533 54.518
58.173 39.172 33.173 0.000 0.000 0.000 0.000 0.000 41.705 25.705 0.000 0.000 0.000 0.000 0.000 0.000 0.000 0.000 52.084 52.084 53.084 36.084 11.084 0.000 0.000 0.000 0.000 0.000 0.000 0.000 41.084 18.084 0.000 0.000 0.000 45.079 94.079 58.078 61.078 56.077 41.077 59.077 113.077 110.077 41.077 0.000 0.000 0.000 0.000 0.000 0.000 0.000 0.000 0.000 0.000 0.000 1.466 19.467 9.469 7.472 16.479 91.484 58.490 66.497 57.505 38.512 49.518 92.522 58.526 45.529 52.534 6.534 0.000
42.177 42.176 28.175 0.000 0.000 0.000 0.000 0.000 0.000 0.000 0.000 0.000 0.000 0.000 0.000 0.000 0.000 0.000 55.084 46.084 40.084 38.084 12.084 0.000 0.000 0.000 0.000 0.000 0.000 38.083 31.083 56.083 52.083 0.000 4.078 51.078 57.078 49.078 92.077 81.077 52.077 5.077 69.077 124.077 8.077 0.000 0.000 0.000 0.000 0.000 0.000 0.000 20.463 17.463 12.464 1.465 70.466 108.466 99.467 95.469 42.472 86.476 54.480 43.485 90.491 71.497 91.502 72.507 42.512 50.516 0.000 0.000 0.000
45.180 46.178 38.177 0.000 0.000 0.000 0.000 0.000 0.000 0.000 0.000 0.000 0.000 0.000 0.000 0.000 0.000 0.000 9.083 50.083 40.083 18.083 0.000 0.000 0.000 0.000 0.000 0.000 0.000 40.083 37.083 13.083 0.000 0.000 0.000 25.078 4.078 0.000 5.077 47.076 3.076 0.000 25.077 91.077 46.077 0.000 0.000 0.000 0.000 0.000 0.000 0.000 0.000 2.463 0.000 0.000 26.465 6.465 70.464 74.464 25.466 86.467 63.470 36.473 54.477 104.482 118.487 52.492 40.498 7.507 0.000 0.000 16.361
44.181 45.179 45.178 49.178 41.178 0.000 0.000 0.000 0.000 0.000 0.000 0.000 0.000 0.000 0.000 0.000 0.000 0.000 0.000 40.083 36.083 20.083 0.000 0.000 0.000 0.000 0.000 0.000 41.083 38.083 15.083 0.000 0.000 0.000 0.000 0.000 0.000 0.000 0.000 51.074 0.069 0.000 25.077 0.000 0.000 0.000 0.000 0.000 0.000 0.000 0.000 0.000 0.000 11.463 5.463 7.462 0.464 0.000 46.460 65.459 24.459 88.458 68.458 38.460 87.463 90.467 85.471 93.477 57.482 0.000 0.000 0.000 30.348
46.182 24.180 35.179 44.178 44.178 44.178 43.177 0.000 0.000 0.000 0.000 0.000 0.000 0.000 0.000 0.000 0.000 0.000 0.000 42.083 38.083 22.083 0.000 0.000 0.000 0.000 0.000 0.000 0.000 44.083 16.083 0.000 0.000 0.000 0.000 0.000 0.000 3.072 15.072 38.073 42.072 19.072 0.000 0.000 0.000 0.000 0.000 0.000 0.000 0.000 0.000 0.000 0.000 0.462 0.000 4.462 0.000 0.000 49.456 69.455 29.452 89.448 74.446 88.446 88.448 47.451 40.455 85.461 34.471 0.000 0.000 31.319 39.329
51.182 0.000 0.000 41.178 30.178 0.000 43.177 33.177 0.000 0.000 0.000 0.000 0.000 0.000 0.000 0.000 0.000 0.000 0.000 41.082 38.082 26.082 0.000 0.000 0.000 0.000 0.000 0.000 0.000 0.000 0.000 0.000 0.000 0.000 0.000 0.000 0.000 0.000 54.072 71.072 32.072 0.000 0.000 0.000 0.000 0.000 0.000 0.000 0.000 0.000 0.000 0.000 0.000 0.000 0.000 9.462 0.000 0.000 84.454 70.451 31.446 89.435 86.431 78.431 70.431 56.434 57.437 26.441 0.000 0.000 15.304 34.309 41.314
48.181 0.000 0.000 28.178 20.178 0.000 0.000 0.000 0.000 52.164 48.164 39.163 0.000 0.000 0.000 0.000 0.000 0.000 0.000 45.082 41.082 23.082 0.000 0.000 0.000 0.000 0.000 0.000 0.000 0.000 0.000 0.000 0.000 0.000 0.000 0.000 0.000 0.000 17.072 101.072 67.072 0.000 0.000 0.000 0.000 0.000 0.000 0.000 0.000 0.000 0.000 0.000 0.000 0.000 0.000 0.000 0.000 0.000 16.454 0.000 0.000 63.416 104.414 83.413 82.414 80.416 83.419 31.424 0.000 0.000 19.298 33.300 34.302
64.180 0.000 0.000 0.000 0.000 50.169 37.168 0.000 48.164 42.164 42.164 34.163 0.000 0.000 0.000 0.000 0.000 0.000 0.000 45.082 40.082 28.082 0.000 0.000 0.000 0.000 0.000 0.000 0.000 0.000 0.000 0.000 0.000 0.000 0.000 0.000 0.000 0.000 0.000 45.071 37.071 8.071 0.000 0.000 0.000 0.000 0.000 0.000 0.000 0.000 0.000 0.000 0.000 0.000 0.000 0.000 0.000 0.000 0.000 0.000 0.000 10.398 46.396 47.395 45.395 45.396 42.400 38.412 0.000 0.000 12.291 33.291 31.291
75.177 64.175 46.174 47.172 46.171 40.169 41.168 42.166 40.165 45.164 44.164 35.163 32.163 0.000 0.000 0.000 0.000 0.000 0.000 32.082 0.000 0.000 0.000 0.000 0.000 0.000 0.000 0.000 0.000 0.000 0.000 0.000 0.000 0.000 0.000 0.000 0.000 0.000 0.000 0.000 44.071 7.071 0.000 0.000 0.000 0.000 0.000 0.000 0.000 0.000 0.000 0.000 0.000 0.000 0.000 0.000 0.000 0.000 0.000 0.000 0.000 1.376 34.376 33.376 33.375 49.374 44.373 0.000 0.000 0.000 5.284 46.283 58.281
75.176 69.175 39.173 39.172 39.171 22.169 23.168 27.166 37.165 46.164 43.163 35.163 38.163 27.163 0.000 0.000 0.000 0.000 0.000 0.000 0.000 0.000 0.000 0.000 0.000 0.000 0.000 0.000 0.000 0.000 0.000 0.000 0.000 0.000 0.000 0.000 0.000 0.000 0.000 0.000 1.070 47.070 6.070 0.000 0.000 0.000 0.000 0.000 0.000 0.000 0.000 0.000 0.000 0.000 0.000 0.000 0.000 0.000 0.000 0.000 26.345 29.353 33.357 33.358 35.356 54.352 44.344 27.328 0.000 0.000 41.277 62.275 69.271
75.175 73.174 43.173 40.172 20.172 0.000 0.000 0.000 0.000 37.163 40.163 38.163 31.162 0.000 0.000 0.000 0.000 0.000 0.000 0.000 0.000 0.000 0.000 0.000 0.000 0.000 0.000 0.000 0.000 0.000 0.000 0.000 0.000 0.000 0.000 0.000 0.000 0.000 0.000 0.000 0.000 50.070 12.070 0.000 0.000 0.000 0.000 0.000 0.000 0.000 0.000 0.000 0.000 0.000 0.000 0.000 0.000 0.000 0.000 0.000 37.338 34.340 33.342 29.341 42.339 59.333 43.325 32.311 27.293 27.281 51.274 68.268 69.263
75.174 73.174 26.173 30.173 0.000 0.000 0.000 0.000 0.000 0.000 28.163 41.162 33.162 0.000 0.000 0.000 0.000 0.000 0.000 0.000 0.000 0.000 0.000 0.000 0.000 0.000 0.000 0.000 0.000 0.000 0.000 0.000 0.000 0.000 0.000 0.000 0.000 0.000 0.000 0.000 0.000 0.000 18.070 0.000 0.000 0.000 0.000 0.000 0.000 0.000 0.000 0.000 6.311 14.311 0.000 0.000 0.000 0.000 0.000 31.323 29.327 28.329 33.329 47.328 60.324 50.318 34.310 32.300 34.287 31.277 52.269 70.261 69.254
75.173 49.173 0.000 0.000 0.000 0.000 0.000 0.000 0.000 0.000 0.000 31.162 38.161 36.161 0.000 0.000 0.000 0.000 0.000 0.000 0.000 0.000 0.000 0.000 0.000 0.000 0.000 0.000 0.000 0.000 0.000 0.000 0.000 0.000 0.000 0.000 0.000 0.000 0.000 0.000 0.000 0.000 0.000 0.000 0.000 0.000 0.000 0.000 0.000 0.000 0.000 0.000 0.000 7.311 9.312 0.000 36.313 28.314 26.315 38.318 52.320 57.320 59.319 59.316 45.312 33.306 32.298 32.289 31.280 33.271 56.262 71.254 69.247
