results1/res_4e8_f.dem
ncols         241
nrows         181
xllcorner     12693529.787448
yllcorner     3542525.717860
cellsize      155.156523
NODATA_value  -9999.000000
[rows 30 to 59 of 181, columns 134 to 200 of 241]
86.000 142.000 191.000 149.000 107.000 95.000 85.000 85.000 85.000 85.000 85.000 85.000 85.000 67.219 84.000 87.000 104.000 124.000 123.000 122.000 123.000 120.000 152.000 172.000 210.000 196.000 98.000 108.000 110.000 114.000 167.000 179.000 185.000 187.000 179.000 113.000 122.000 126.000 143.000 189.000 190.000 180.000 115.000 107.000 98.000 99.000 97.000 109.000 175.000 151.000 92.000 108.000 134.000 178.000 119.000 109.000 82.000 120.000 136.000 160.000 181.000 178.000 171.000 166.000 148.000 110.000 123.000
125.000 170.000 145.000 102.000 100.000 86.000 85.000 85.000 85.000 85.000 84.000 85.000 67.222 85.000 85.000 84.000 100.000 123.000 120.000 120.000 122.000 121.000 231.000 118.000 177.000 152.000 104.000 104.000 97.000 173.000 169.000 139.000 151.000 184.000 180.000 118.000 124.000 130.000 196.000 186.000 176.000 166.000 117.000 116.000 114.000 115.000 117.000 125.000 179.000 168.000 90.000 104.000 119.000 156.000 120.000 109.000 85.000 129.000 133.000 150.000 183.000 191.000 175.000 176.000 148.000 103.000 124.000
177.000 171.000 107.000 99.000 88.000 85.000 85.000 85.000 83.000 85.000 85.000 67.225 85.000 85.000 85.000 84.000 110.000 119.000 99.000 105.000 123.000 145.000 241.000 121.000 106.000 101.000 115.000 94.000 102.000 180.000 182.000 125.000 94.000 142.000 174.000 117.000 123.000 126.000 174.000 164.000 109.000 113.000 117.000 115.000 110.000 110.000 112.000 101.000 109.000 149.000 90.000 98.000 98.000 106.000 125.000 107.000 99.000 183.000 130.000 147.000 168.000 166.000 166.000 164.000 138.000 99.000 127.000
140.000 142.000 106.000 89.000 84.000 85.000 84.000 85.000 83.000 85.000 67.229 85.000 85.000 85.000 85.000 84.000 117.000 105.000 83.000 89.000 110.000 200.000 171.000 122.000 146.000 141.000 125.000 100.000 113.000 147.000 174.000 158.000 108.000 100.000 142.000 115.000 123.000 122.000 118.000 109.000 91.000 100.000 105.000 110.000 109.000 109.000 110.000 111.000 112.000 104.000 94.000 102.000 102.000 104.000 125.000 111.000 103.000 181.000 132.000 127.000 103.000 105.000 100.000 90.000 97.000 102.000 147.000
117.000 104.000 90.000 85.000 85.000 85.000 85.000 84.000 85.000 67.232 85.000 85.000 85.000 85.000 85.000 84.000 106.000 88.000 85.000 91.000 173.000 212.000 144.000 120.000 191.000 201.000 180.000 116.000 116.000 108.000 145.000 95.000 107.000 120.000 111.000 120.000 122.000 122.000 123.000 121.000 93.000 95.000 95.000 93.000 100.000 98.000 99.000 99.000 99.000 98.000 94.000 96.000 95.000 100.000 123.000 124.000 151.000 182.000 135.000 121.000 113.000 118.000 112.000 99.000 99.000 101.000 143.000
107.000 92.000 85.000 85.000 85.000 85.000 83.000 84.000 67.235 85.000 85.000 85.000 85.000 85.000 85.000 85.000 85.000 84.000 92.000 105.000 203.000 209.000 193.000 152.000 188.000 212.000 187.000 119.000 122.000 109.000 104.000 112.000 103.000 105.000 124.000 123.000 122.000 122.000 110.000 106.000 102.000 109.000 112.000 102.000 128.000 121.000 126.000 126.000 126.000 123.000 97.000 108.000 110.000 108.000 123.000 121.000 141.000 202.000 125.000 68.000 143.000 192.000 183.000 150.000 98.000 99.000 140.000
90.000 85.000 85.000 85.000 85.000 85.000 83.000 67.238 85.000 85.000 85.000 85.000 85.000 85.000 85.000 85.000 84.000 89.000 107.000 116.000 107.000 207.000 190.000 164.000 191.000 204.000 187.000 122.000 123.000 120.000 124.000 113.000 110.000 107.000 118.000 123.000 123.000 123.000 98.000 92.000 110.000 116.000 116.000 115.000 118.000 118.000 118.000 117.000 114.000 117.000 96.000 104.000 106.000 106.000 124.000 110.000 84.000 188.000 133.000 80.000 184.000 193.000 186.000 148.000 98.000 100.000 122.000
88.000 85.000 85.000 85.000 85.000 84.000 67.241 85.000 85.000 85.000 85.000 85.000 85.000 85.000 85.000 85.000 88.000 102.000 113.000 150.000 152.000 197.000 160.000 118.000 155.000 149.000 157.000 123.000 122.000 122.000 123.000 123.000 117.000 124.000 124.000 122.000 123.000 124.000 100.000 103.000 95.000 91.000 92.000 97.000 101.000 99.000 103.000 99.000 99.000 98.000 94.000 96.000 95.000 99.000 124.000 112.000 90.000 190.000 138.000 77.000 201.000 212.000 204.000 161.000 101.000 98.000 119.000
85.000 85.000 85.000 85.000 84.000 67.244 85.000 85.000 85.000 85.000 85.000 85.000 85.000 85.000 85.000 85.000 95.000 113.000 160.000 187.000 182.000 187.000 120.000 117.000 104.000 104.000 116.000 123.000 123.000 122.000 122.000 123.000 124.000 123.000 123.000 123.000 124.000 115.000 96.000 117.000 103.000 126.000 93.000 103.000 104.000 104.000 107.000 102.000 101.000 101.000 94.000 96.000 99.000 99.000 124.000 110.000 91.000 195.000 152.000 84.000 187.000 207.000 202.000 164.000 97.000 98.000 122.000
85.000 85.000 85.000 85.000 67.247 85.000 85.000 85.000 85.000 85.000 85.000 85.000 85.000 85.000 84.000 91.000 103.000 113.000 209.000 187.000 167.000 188.000 123.000 106.000 112.000 123.000 121.000 121.000 123.000 124.000 122.000 123.000 122.000 122.000 122.000 123.000 123.000 103.000 103.000 103.000 103.000 185.000 121.000 123.000 122.000 122.000 121.000 117.000 114.000 116.000 96.000 102.000 108.000 106.000 123.000 111.000 92.000 215.000 174.000 111.000 120.000 177.000 175.000 165.000 103.000 120.000 171.000
85.000 84.000 85.000 67.250 85.000 85.000 85.000 85.000 85.000 85.000 85.000 85.000 85.000 85.000 85.000 99.000 147.000 151.000 206.000 193.000 186.000 145.000 107.000 112.000 122.000 121.000 121.000 121.000 121.000 123.000 124.000 124.000 122.000 123.000 123.000 124.000 122.000 107.000 116.000 107.000 106.000 147.000 147.000 107.000 108.000 108.000 108.000 106.000 106.000 105.000 93.000 97.000 102.000 100.000 124.000 115.000 87.000 217.000 188.000 52.000 83.000 116.000 129.000 184.000 168.000 166.000 171.000
85.000 85.000 67.253 85.000 85.000 85.000 85.000 85.000 85.000 85.000 85.000 85.000 85.000 84.000 92.000 109.000 192.000 204.000 204.000 157.000 157.000 100.000 106.000 122.000 121.000 121.000 121.000 121.000 121.000 121.000 124.000 123.000 123.000 123.000 122.000 123.000 123.000 120.000 115.000 103.000 116.000 104.000 99.000 106.000 97.000 107.000 106.000 103.000 104.000 105.000 95.000 99.000 111.000 112.000 123.000 116.000 87.000 209.000 190.000 61.000 71.000 94.000 125.000 182.000 164.000 149.000 154.000
67.259 67.256 85.000 85.000 85.000 85.000 85.000 85.000 85.000 85.000 85.000 86.000 77.000 79.000 106.000 116.000 199.000 214.000 155.000 122.000 108.000 107.000 113.000 118.000 121.000 121.000 121.000 121.000 122.000 119.000 114.000 118.000 123.000 122.000 123.000 123.000 123.000 123.000 116.000 115.000 117.000 110.000 111.000 116.000 104.000 124.000 116.000 109.000 110.000 116.000 97.000 104.000 124.000 125.000 122.000 120.000 116.000 197.000 194.000 83.000 103.000 66.000 80.000 144.000 143.000 92.000 118.000
67.261 85.000 85.000 85.000 85.000 85.000 85.000 85.000 85.000 85.000 85.000 79.000 157.000 195.000 127.000 109.000 196.000 200.000 120.000 110.000 96.000 112.000 113.000 113.000 120.000 121.000 121.000 121.000 114.000 106.000 105.000 113.000 118.000 123.000 124.000 123.000 119.000 122.000 123.000 124.000 118.000 117.000 118.000 117.000 115.000 122.000 116.000 111.000 109.000 113.000 97.000 103.000 121.000 122.000 122.000 126.000 175.000 188.000 201.000 127.000 108.000 108.000 74.000 59.000 66.000 98.000 112.000
85.000 85.000 85.000 85.000 85.000 85.000 85.000 85.000 85.000 85.000 85.000 80.000 137.000 229.000 187.000 171.000 196.000 149.000 117.000 97.000 105.000 102.000 105.000 115.000 122.000 121.000 121.000 110.000 105.000 109.000 114.000 117.000 114.000 119.000 119.000 123.000 118.000 124.000 123.000 122.000 123.000 123.000 123.000 123.000 124.000 123.000 123.000 119.000 113.000 114.000 96.000 102.000 123.000 122.000 122.000 123.000 148.000 187.000 202.000 123.000 97.000 108.000 106.000 91.000 80.000 70.000 68.000
85.000 85.000 85.000 85.000 85.000 85.000 85.000 85.000 85.000 85.000 85.000 82.000 98.000 140.000 207.000 222.000 152.000 116.000 100.000 107.000 115.000 107.000 103.000 102.000 112.000 123.000 113.000 104.000 114.000 122.000 122.000 120.000 152.000 151.000 152.000 126.000 122.000 120.000 120.000 123.000 123.000 122.000 123.000 123.000 123.000 122.000 123.000 123.000 123.000 120.000 103.000 104.000 122.000 122.000 122.000 121.000 120.000 189.000 202.000 124.000 106.000 105.000 93.000 106.000 126.000 122.000 86.000
85.000 85.000 85.000 85.000 85.000 85.000 85.000 85.000 85.000 85.000 78.000 137.000 167.000 125.000 147.000 153.000 117.000 107.000 100.000 116.000 113.000 115.000 117.000 109.000 104.000 109.000 105.000 116.000 122.000 121.000 121.000 113.000 198.000 203.000 197.000 129.000 120.000 109.000 108.000 113.000 117.000 115.000 119.000 120.000 122.000 123.000 123.000 122.000 123.000 123.000 120.000 111.000 123.000 123.000 122.000 123.000 154.000 181.000 205.000 143.000 145.000 91.000 107.000 122.000 108.000 106.000 60.000
85.000 85.000 85.000 85.000 85.000 85.000 85.000 85.000 85.000 78.000 132.000 183.000 195.000 138.000 115.000 113.000 114.000 99.000 114.000 120.000 118.000 119.000 122.000 123.000 108.000 101.000 98.000 110.000 120.000 123.000 115.000 149.000 201.000 205.000 159.000 126.000 116.000 109.000 108.000 108.000 106.000 98.000 100.000 104.000 106.000 110.000 116.000 121.000 123.000 122.000 123.000 118.000 125.000 124.000 123.000 121.000 100.000 163.000 200.000 164.000 129.000 87.000 127.000 118.000 127.000 88.000 70.000
85.000 85.000 85.000 85.000 85.000 85.000 85.000 85.000 79.000 132.000 181.000 189.000 191.000 138.000 115.000 122.000 103.000 103.000 108.000 117.000 123.000 122.000 121.000 110.000 107.000 115.000 112.000 103.000 102.000 112.000 155.000 195.000 153.000 154.000 121.000 115.000 111.000 112.000 111.000 111.000 113.000 106.000 105.000 105.000 104.000 107.000 108.000 107.000 116.000 121.000 120.000 123.000 122.000 123.000 124.000 122.000 107.000 166.000 185.000 160.000 129.000 85.000 123.000 147.000 177.000 142.000 103.000
85.000 85.000 85.000 85.000 85.000 85.000 85.000 79.000 133.000 181.000 187.000 187.000 191.000 141.000 121.000 111.000 101.000 110.000 110.000 108.000 110.000 119.000 113.000 104.000 115.000 122.000 123.000 117.000 107.000 100.000 136.000 144.000 118.000 118.000 123.000 114.000 109.000 108.000 112.000 112.000 120.000 123.000 123.000 123.000 124.000 126.000 119.000 105.000 106.000 107.000 112.000 121.000 123.000 122.000 123.000 123.000 122.000 186.000 188.000 159.000 114.000 147.000 143.000 175.000 171.000 162.000 124.000
85.000 85.000 85.000 85.000 85.000 84.000 77.000 133.000 185.000 189.000 186.000 186.000 195.000 142.000 118.000 99.000 108.000 111.000 111.000 110.000 111.000 109.000 104.000 115.000 121.000 121.000 121.000 122.000 121.000 115.000 98.000 100.000 121.000 122.000 123.000 122.000 110.000 112.000 101.000 113.000 120.000 122.000 121.000 122.000 117.000 109.000 113.000 119.000 113.000 103.000 106.000 107.000 116.000 123.000 123.000 122.000 124.000 167.000 184.000 114.000 126.000 197.000 187.000 112.000 117.000 118.000 126.000
85.000 85.000 85.000 85.000 84.000 80.000 147.000 192.000 151.000 170.000 188.000 186.000 154.000 129.000 104.000 108.000 119.000 114.000 109.000 114.000 108.000 102.000 110.000 122.000 123.000 121.000 121.000 117.000 116.000 122.000 111.000 115.000 118.000 121.000 124.000 117.000 113.000 111.000 120.000 93.000 105.000 115.000 123.000 117.000 98.000 88.000 95.000 118.000 116.000 113.000 109.000 104.000 106.000 110.000 121.000 124.000 117.000 111.000 190.000 139.000 118.000 165.000 186.000 142.000 122.000 122.000 122.000
85.000 85.000 85.000 84.000 81.000 133.000 203.000 204.000 133.000 158.000 202.000 198.000 142.000 108.000 102.000 117.000 122.000 120.000 118.000 107.000 103.000 92.000 93.000 100.000 111.000 122.000 119.000 152.000 162.000 123.000 117.000 120.000 157.000 123.000 119.000 102.000 103.000 100.000 166.000 128.000 88.000 94.000 108.000 102.000 84.000 84.000 86.000 117.000 111.000 111.000 109.000 121.000 112.000 106.000 107.000 108.000 95.000 86.000 153.000 173.000 128.000 103.000 181.000 184.000 99.000 118.000 118.000
85.000 85.000 84.000 83.000 144.000 192.000 155.000 167.000 179.000 180.000 191.000 198.000 143.000 97.000 111.000 122.000 122.000 122.000 109.000 111.000 94.000 79.000 82.000 85.000 90.000 99.000 108.000 185.000 207.000 169.000 129.000 118.000 179.000 168.000 126.000 108.000 109.000 94.000 122.000 121.000 88.000 83.000 87.000 88.000 85.000 85.000 84.000 105.000 113.000 111.000 111.000 121.000 112.000 118.000 99.000 128.000 89.000 67.000 96.000 126.000 161.000 125.000 164.000 123.000 63.000 110.000 108.000
84.000 86.000 90.000 138.000 191.000 197.000 138.000 154.000 191.000 187.000 192.000 160.000 111.000 107.000 113.000 115.000 120.000 108.000 114.000 101.000 123.000 153.000 102.000 83.000 84.000 83.000 100.000 190.000 211.000 209.000 135.000 112.000 187.000 197.000 129.000 114.000 119.000 92.000 81.000 81.000 85.000 85.000 85.000 84.000 85.000 85.000 85.000 91.000 116.000 114.000 116.000 121.000 110.000 109.000 106.000 149.000 104.000 68.000 98.000 80.000 119.000 133.000 121.000 65.000 77.000 105.000 111.000
88.000 99.000 144.000 184.000 188.000 179.000 172.000 182.000 187.000 193.000 160.000 113.000 100.000 111.000 111.000 115.000 108.000 111.000 108.000 84.000 97.000 114.000 93.000 84.000 85.000 86.000 106.000 180.000 208.000 214.000 173.000 157.000 204.000 197.000 123.000 114.000 103.000 87.000 85.000 85.000 85.000 85.000 85.000 85.000 85.000 85.000 85.000 85.000 99.000 109.000 116.000 123.000 119.000 119.000 114.000 95.000 109.000 74.000 88.000 81.000 74.000 88.000 83.000 74.000 98.000 97.000 111.000
104.000 146.000 185.000 186.000 185.000 183.000 183.000 185.000 190.000 157.000 122.000 101.000 109.000 121.000 119.000 107.000 110.000 110.000 140.000 162.000 105.000 79.000 84.000 85.000 83.000 101.000 115.000 131.000 180.000 208.000 205.000 204.000 196.000 188.000 117.000 100.000 88.000 85.000 85.000 85.000 85.000 85.000 85.000 85.000 85.000 85.000 85.000 85.000 84.000 90.000 98.000 106.000 108.000 105.000 114.000 97.000 118.000 76.000 143.000 122.000 87.000 115.000 124.000 68.000 104.000 100.000 102.000
180.000 182.000 187.000 185.000 184.000 186.000 189.000 190.000 196.000 154.000 104.000 105.000 119.000 122.000 109.000 109.000 114.000 94.000 140.000 131.000 91.000 84.000 85.000 85.000 85.000 109.000 109.000 98.000 164.000 206.000 210.000 211.000 189.000 189.000 170.000 150.000 91.000 79.000 84.000 85.000 85.000 85.000 85.000 85.000 85.000 85.000 85.000 85.000 85.000 84.000 83.000 86.000 86.000 83.000 103.000 97.000 123.000 82.000 146.000 144.000 91.000 121.000 111.000 77.000 96.000 104.000 100.000
189.000 187.000 185.000 197.000 209.000 199.000 156.000 129.000 130.000 115.000 103.000 115.000 123.000 109.000 108.000 120.000 109.000 88.000 95.000 89.000 83.000 85.000 85.000 85.000 88.000 104.000 154.000 158.000 190.000 209.000 208.000 210.000 199.000 195.000 200.000 183.000 146.000 134.000 93.000 84.000 85.000 85.000 85.000 85.000 85.000 85.000 85.000 83.000 84.000 84.000 85.000 83.000 84.000 84.000 94.000 96.000 119.000 107.000 77.000 98.000 90.000 121.000 93.000 99.000 96.000 108.000 114.000
186.000 188.000 190.000 191.000 194.000 197.000 156.000 120.000 115.000 101.000 107.000 117.000 108.000 108.000 119.000 123.000 108.000 89.000 83.000 84.000 85.000 85.000 85.000 84.000 93.000 100.000 198.000 216.000 208.000 210.000 210.000 197.000 198.000 196.000 197.000 180.000 137.000 117.000 90.000 84.000 85.000 85.000 85.000 85.000 85.000 85.000 83.000 83.000 83.000 91.000 86.000 83.000 80.000 82.000 88.000 92.000 104.000 120.000 72.000 89.000 87.000 122.000 76.000 112.000 131.000 114.000 123.000
