results1/res_4e8f-0128.wd
ncols         241
nrows         181
xllcorner     12693529.787448
yllcorner     3542525.717860
cellsize      155.156523
NODATA_value  -9999.000000
[rows 33 to 65 of 181, columns 73 to 145 of 241]
0.000 0.000 0.000 0.000 0.000 0.000 0.000 0.000 0.000 0.000 0.000 0.000 0.000 0.000 0.000 0.000 0.000 0.000 0.000 0.000 0.000 0.000 0.000 0.000 0.000 0.000 0.000 0.000 0.000 0.000 0.000 0.000 0.000 0.000 0.000 0.000 0.000 0.000 0.000 37.956 60.957 65.959 21.961 0.000 0.000 31.040 45.068 12.048 3.049 35.071 38.088 32.087 33.069 34.036 33.985 33.917 33.830 32.719 38.573 58.346 4.882 13.038 10.348 45.539 62.009 66.537 65.097 65.702 64.243 66.336 61.398 60.994 60.985
0.000 0.000 0.000 0.000 0.000 0.000 0.000 0.000 0.000 0.000 0.000 0.000 0.000 0.000 0.000 0.000 0.000 0.000 0.000 0.000 0.000 0.000 0.000 0.000 0.000 0.000 0.000 0.000 0.000 0.000 0.000 0.000 0.000 0.000 0.000 0.000 0.000 0.000 0.000 0.000 12.958 7.958 0.000 0.000 0.000 0.000 27.159 0.000 0.000 25.112 49.154 48.158 38.143 34.108 34.055 33.981 33.887 32.776 54.648 52.497 0.000 35.886 48.465 61.909 66.400 65.926 65.499 65.011 66.076 62.099 61.379 61.632 63.939
0.000 0.000 0.000 0.000 0.000 0.000 0.000 0.000 0.000 0.000 0.000 0.000 0.000 0.000 0.000 0.000 0.000 0.000 33.593 65.593 18.593 0.000 0.000 0.000 0.000 0.000 0.000 0.000 0.000 0.000 0.000 0.000 0.000 0.000 0.000 0.000 0.000 0.000 0.000 0.000 0.000 0.000 0.000 0.000 0.000 0.000 19.250 0.000 0.000 0.000 27.256 45.251 45.234 36.200 34.144 34.064 31.963 47.848 56.747 0.000 21.535 46.153 60.719 67.234 66.749 66.299 65.783 67.820 63.810 61.893 62.288 64.617 63.867
0.000 0.000 0.000 0.000 0.000 0.000 0.000 0.000 0.000 0.000 0.000 20.595 58.595 0.000 0.000 0.000 0.000 0.000 40.594 91.593 47.593 0.000 0.000 0.000 0.000 0.000 0.000 0.000 0.000 0.000 0.000 0.000 0.000 0.000 0.000 0.000 0.000 0.000 0.000 0.000 0.000 0.000 0.000 0.000 0.000 0.000 22.340 23.381 30.400 16.399 26.363 34.355 47.344 38.315 34.258 31.169 42.051 51.908 40.744 16.429 45.918 63.474 68.023 67.552 67.095 66.559 66.568 65.532 62.520 62.961 65.301 64.556 64.326
0.000 0.000 0.000 0.000 0.000 0.000 0.000 0.000 0.000 0.000 0.000 41.595 76.595 65.595 52.595 7.595 1.595 25.594 79.594 87.593 52.593 0.000 0.000 0.000 0.000 21.415 0.415 0.000 0.000 0.000 0.000 0.000 0.000 0.000 0.000 0.000 0.000 5.422 0.000 0.000 0.000 9.422 27.422 0.000 0.000 38.402 53.390 56.404 54.420 40.433 34.443 33.461 47.471 38.457 30.404 44.303 58.165 45.988 33.891 48.627 53.232 65.801 68.344 67.888 67.339 67.323 65.268 63.258 63.655 65.999 65.258 65.030 64.702
0.000 0.000 0.000 0.000 0.000 0.000 0.000 0.000 0.000 0.000 0.000 12.595 74.595 57.595 38.595 0.595 21.595 71.594 82.594 89.593 48.593 0.000 0.000 0.000 0.000 59.415 43.415 0.000 0.000 0.000 0.000 0.000 0.000 0.000 0.000 0.000 22.422 34.422 36.422 0.000 0.000 18.423 43.422 22.422 36.420 59.415 62.414 63.424 60.443 47.471 34.515 31.576 48.623 39.638 43.597 61.474 55.320 0.000 32.205 50.955 63.583 69.149 68.695 68.137 68.094 66.026 64.125 64.374 66.716 65.980 65.754 65.424 65.098
0.000 0.000 0.000 0.000 0.000 0.000 0.000 0.000 0.000 0.000 0.000 0.000 0.000 25.595 63.595 59.595 47.595 60.595 80.594 91.593 44.592 0.000 0.000 0.000 0.000 21.415 45.415 47.416 0.000 0.000 0.000 0.000 0.000 0.000 0.000 0.000 38.422 39.422 51.422 34.423 23.423 37.423 38.423 34.423 41.423 48.423 46.426 39.437 58.456 24.493 40.571 43.704 33.807 45.875 58.874 55.675 0.000 7.200 43.771 60.404 68.997 69.533 68.979 68.903 65.827 65.162 65.129 67.458 66.727 66.504 66.175 65.844 65.495
0.000 0.000 0.000 0.000 0.000 0.000 0.000 0.000 0.000 0.000 0.000 0.000 0.000 15.595 82.596 77.596 67.596 57.596 81.595 89.593 84.591 69.588 24.586 0.000 0.000 0.000 1.416 55.416 39.416 37.416 48.416 43.417 6.417 0.000 0.000 2.422 38.422 37.422 58.422 64.423 53.423 45.423 37.424 34.424 35.425 36.427 35.431 33.440 41.453 2.473 0.000 2.865 39.025 62.180 60.348 0.137 5.962 43.629 57.272 66.903 70.435 69.990 70.761 66.706 66.448 65.939 68.235 67.503 67.280 66.954 66.628 66.277 65.899
0.000 0.000 0.000 0.000 0.000 0.000 0.000 0.000 0.000 0.000 0.000 0.000 0.000 0.000 15.596 54.596 29.597 65.597 84.596 89.594 87.591 85.587 74.583 33.580 0.000 0.000 0.000 11.416 50.416 50.416 63.417 61.417 54.417 49.417 0.000 0.000 5.422 42.422 61.422 68.423 60.423 44.424 33.425 34.426 34.427 34.429 34.433 34.438 38.443 0.000 0.000 0.000 9.249 46.472 15.988 13.369 48.294 53.079 64.806 71.402 71.246 69.478 67.796 68.115 66.841 69.066 68.319 68.083 67.755 67.435 67.100 66.738 66.323
0.000 0.000 0.000 0.000 0.000 0.000 0.000 0.000 0.000 0.000 0.000 0.000 0.000 0.000 0.000 0.598 86.599 86.599 88.598 88.596 87.591 81.586 75.581 46.578 0.000 0.000 0.000 0.000 0.000 18.416 63.417 57.417 72.417 69.418 48.418 27.420 28.421 37.422 59.422 68.423 59.423 42.424 32.425 37.426 36.428 34.430 34.433 34.436 35.438 27.437 0.000 0.000 0.000 0.000 7.763 50.831 53.762 61.612 72.328 72.433 70.789 72.659 70.372 67.894 69.984 69.195 68.924 68.577 68.252 67.927 67.600 67.252 65.824
0.000 0.000 0.000 0.000 0.000 0.000 21.523 44.521 0.000 22.466 62.456 51.444 55.433 30.427 0.000 0.000 22.602 94.602 88.602 85.599 82.592 85.584 76.576 39.572 0.000 0.000 0.000 0.000 0.000 0.000 0.000 7.417 61.417 62.418 13.418 0.000 4.422 41.422 59.422 64.423 54.423 45.424 43.425 5.427 12.429 40.431 34.433 34.435 35.436 41.436 49.436 11.436 0.000 0.000 23.470 56.431 60.326 71.133 73.345 72.976 76.275 74.842 69.259 71.039 70.157 69.820 69.431 69.079 68.742 68.422 68.120 67.847 73.641
0.000 0.000 0.000 0.000 0.000 0.000 21.526 64.518 6.500 56.476 58.458 70.442 53.429 38.421 0.000 0.000 10.603 79.605 91.611 88.606 88.595 89.582 83.569 37.561 0.000 0.000 0.000 0.000 0.000 0.000 0.000 0.000 0.000 46.418 5.418 0.000 0.422 47.422 44.422 56.423 13.423 0.000 0.000 0.000 0.000 6.432 44.433 38.434 1.435 31.436 65.436 48.436 1.436 0.000 28.224 62.065 70.968 74.088 73.844 78.033 77.290 70.637 72.175 71.196 70.772 70.325 69.930 69.562 69.218 68.898 68.610 68.376 73.252
19.790 63.786 53.783 0.000 0.000 0.000 15.537 75.526 51.505 53.480 59.458 83.438 84.421 79.407 33.393 0.000 0.000 0.000 39.629 93.619 88.601 89.579 86.557 45.542 0.000 0.000 0.000 0.000 0.000 0.000 0.000 0.000 0.000 4.418 0.000 0.000 0.000 0.000 0.000 0.000 0.000 0.000 0.000 0.000 0.000 0.000 0.000 19.435 16.435 0.000 0.000 0.000 0.000 17.637 55.053 72.006 73.681 74.614 78.970 78.582 71.677 73.213 72.227 71.746 71.245 70.805 70.399 70.021 69.669 69.343 69.047 68.795 71.610
19.790 75.786 57.780 53.774 0.000 0.000 2.559 67.543 69.514 69.483 81.454 78.430 90.409 89.392 50.380 0.000 0.000 0.000 15.657 95.639 88.610 89.575 86.539 46.508 0.000 0.000 7.101 55.065 67.027 36.001 0.000 0.000 0.000 0.000 0.000 0.000 0.000 0.000 0.000 0.000 0.000 0.000 0.000 0.000 0.000 0.000 0.000 0.000 4.435 0.000 0.000 0.000 15.603 56.110 73.069 73.650 79.877 79.367 72.962 73.514 74.000 73.165 72.677 72.156 71.685 71.247 70.839 70.456 70.095 69.756 69.439 76.148 16.879
83.792 80.786 59.778 60.768 52.754 0.000 57.596 52.575 60.524 73.485 77.446 88.419 89.394 88.372 57.355 0.000 0.000 0.000 14.703 94.671 88.626 89.573 84.514 64.444 48.334 49.234 49.136 57.069 78.014 44.974 0.000 0.000 0.000 0.000 0.000 0.000 0.000 0.000 0.000 0.000 0.000 0.000 0.000 0.000 0.000 0.000 0.000 0.000 0.000 0.000 13.697 44.473 53.980 72.965 74.554 81.228 80.631 73.514 75.225 74.548 73.993 73.521 73.018 72.541 72.088 71.659 71.254 70.868 70.500 70.147 76.807 22.478 0.000
80.796 75.789 73.779 56.764 60.741 60.703 51.655 44.635 0.000 0.000 19.427 78.407 89.376 87.347 72.312 39.263 0.000 1.884 63.781 84.717 89.649 88.577 89.502 79.419 55.325 52.231 51.140 60.061 77.986 60.909 46.802 47.718 51.656 62.617 26.602 0.000 0.000 0.000 0.000 0.000 0.000 0.000 0.000 0.000 0.000 0.000 0.000 0.000 0.000 0.000 24.898 64.737 72.683 75.330 82.110 81.713 74.243 75.903 75.115 74.733 74.280 73.813 73.352 72.901 72.466 72.049 71.648 71.263 70.889 76.525 23.166 0.000 0.000
69.802 21.795 89.784 60.769 54.741 55.714 57.688 57.674 46.681 0.000 0.000 0.000 23.354 94.328 84.283 62.214 54.102 60.972 59.859 61.767 69.676 70.586 57.496 54.406 52.315 52.224 51.134 60.047 74.961 53.873 50.779 55.696 71.632 74.594 59.587 33.587 0.000 0.000 0.000 0.000 0.000 0.000 0.000 0.000 0.000 0.000 0.000 0.000 0.000 15.740 57.584 73.194 76.033 82.671 82.429 74.945 76.580 75.788 75.422 74.983 74.548 74.109 73.673 73.245 72.827 72.422 72.029 71.645 77.269 22.897 0.000 0.000 0.000
15.809 88.803 89.795 75.787 0.000 2.723 62.707 58.693 69.688 60.688 0.000 0.000 2.360 82.328 79.278 64.209 55.119 52.018 51.917 54.816 67.703 75.593 78.489 71.396 61.306 54.216 53.125 69.033 71.939 46.842 50.745 50.655 51.582 55.541 34.564 0.000 0.000 0.000 5.138 0.000 0.000 0.000 0.000 0.000 0.000 0.000 0.000 18.963 50.634 58.491 72.005 83.330 82.943 76.006 76.598 77.158 76.461 76.090 75.660 75.242 74.821 74.402 73.986 73.577 73.176 72.784 73.399 80.020 23.644 0.000 0.000 0.000 0.000
93.817 89.813 89.806 89.796 76.779 59.748 59.724 59.704 50.689 0.000 16.486 23.452 75.396 72.347 75.292 68.226 69.149 69.064 68.976 71.876 66.725 66.596 68.471 72.381 73.296 71.210 67.118 78.020 75.918 63.812 64.704 64.598 66.499 41.425 0.000 0.000 0.000 0.000 6.138 0.000 0.000 0.000 0.000 0.000 0.000 5.820 53.609 54.182 75.199 75.758 84.408 83.924 78.499 78.210 77.594 77.121 76.736 76.317 75.908 75.500 75.094 74.691 74.293 73.902 73.517 74.138 77.764 10.392 0.000 0.000 0.000 0.000 0.000
92.825 88.825 88.822 89.812 86.794 64.767 58.738 59.709 60.677 52.631 1.543 67.475 64.425 65.373 66.316 61.253 65.185 70.114 78.045 62.989 0.000 0.000 13.416 71.362 67.289 67.208 67.115 67.013 66.902 66.785 66.662 66.532 64.393 59.234 32.023 0.000 7.671 51.446 58.139 69.823 39.578 0.000 0.000 0.000 0.084 55.008 65.819 77.752 78.392 85.148 84.811 79.155 78.826 78.086 77.751 77.356 76.952 76.552 76.153 75.757 75.364 74.975 74.594 74.220 74.852 77.488 25.126 0.000 0.000 0.000 0.000 0.000 0.000
78.832 78.840 78.844 89.836 89.816 79.787 55.752 58.716 59.677 59.631 65.572 74.512 58.456 55.402 53.346 60.286 75.224 74.162 59.101 39.045 0.000 0.000 0.000 0.000 56.290 51.219 51.123 51.013 50.892 51.763 54.626 55.476 55.305 54.097 54.812 53.371 52.897 61.527 68.147 65.752 72.333 69.778 64.260 61.747 64.130 75.707 79.213 79.005 85.640 85.425 79.799 79.447 78.693 78.361 77.961 77.569 77.176 76.785 76.396 76.010 75.628 75.252 74.888 75.532 76.182 14.835 0.000 0.000 0.000 0.000 0.000 0.000 0.000
0.000 44.859 56.878 84.871 88.849 69.814 52.768 51.725 59.686 59.645 58.597 52.543 53.486 59.434 76.380 75.322 58.263 51.207 41.154 0.000 60.759 69.701 65.612 66.500 69.362 72.254 71.144 72.024 74.891 73.750 70.602 72.441 67.256 53.035 56.757 55.405 60.017 77.620 84.170 80.706 74.225 68.738 70.275 76.735 81.584 79.999 86.244 85.891 79.793 81.400 79.981 79.315 78.969 78.566 78.175 77.784 77.397 77.014 76.636 76.261 75.886 76.518 74.172 69.839 21.511 0.000 0.000 0.000 0.000 0.000 0.000 0.000 0.000
0.000 0.000 49.937 68.923 79.896 54.849 46.783 53.731 51.697 58.666 59.629 59.577 52.510 69.468 61.418 50.360 53.300 45.250 0.000 69.901 72.817 72.732 74.636 75.526 78.405 82.290 81.175 81.048 80.898 82.744 83.592 81.429 69.244 55.029 56.775 56.477 56.144 58.768 32.205 4.678 94.121 135.696 113.225 79.157 80.672 87.224 86.780 80.246 82.971 80.382 79.935 79.572 79.172 78.780 78.387 77.997 77.613 77.239 76.873 76.509 78.138 72.763 61.443 16.141 0.000 0.000 0.000 0.000 0.000 0.000 0.000 0.000 41.429
2.218 0.000 5.011 25.986 60.961 42.905 0.000 48.718 53.705 53.692 59.676 48.627 0.000 53.510 51.463 53.399 54.326 64.242 78.128 74.985 76.875 82.775 92.672 136.562 133.442 133.328 133.218 133.096 133.910 117.735 49.592 52.438 50.263 58.063 56.837 53.585 51.313 33.104 0.000 0.000 2.882 60.574 77.595 82.194 87.921 87.601 79.851 81.548 80.843 80.535 80.161 79.774 79.385 78.992 78.596 78.203 77.820 77.456 78.109 76.765 68.394 56.952 14.697 0.000 0.000 0.000 0.000 0.000 0.000 0.000 0.000 32.595 53.519
76.214 24.180 13.110 76.051 54.057 0.000 0.000 0.000 47.712 60.720 52.757 0.000 5.682 61.599 52.525 63.447 76.362 76.266 81.156 84.036 76.925 62.820 53.717 49.610 47.471 50.361 51.274 38.207 0.000 54.695 51.603 50.469 54.307 58.122 54.926 46.712 53.418 34.230 0.000 0.201 55.839 72.871 82.607 88.413 88.193 80.440 82.123 81.415 81.118 80.745 80.372 79.990 79.601 79.206 78.804 78.396 78.009 78.657 74.340 63.049 19.722 0.000 0.000 0.000 0.000 0.000 0.000 0.000 0.000 0.000 0.813 50.671 49.609
86.232 94.217 82.196 0.000 11.160 5.262 0.334 0.000 0.000 0.000 56.875 54.858 62.766 59.678 59.592 59.503 76.408 90.305 79.194 59.080 56.968 51.862 53.765 44.689 0.000 56.373 53.310 42.251 0.000 55.746 50.657 51.528 58.372 56.194 54.034 35.917 0.000 0.839 52.442 50.294 67.091 83.015 88.688 81.380 81.946 82.602 81.995 81.697 81.330 80.967 80.593 80.210 79.822 79.429 79.018 79.570 79.164 68.820 53.547 16.370 0.000 0.000 0.000 0.000 0.000 0.000 0.000 0.000 26.047 25.000 39.912 51.790 39.706
76.259 80.261 70.261 0.000 0.000 70.361 63.382 57.366 1.293 9.129 75.010 71.932 58.845 59.755 59.663 60.565 81.462 133.352 126.236 73.120 128.005 48.896 52.793 52.693 54.581 52.446 52.343 52.235 54.083 49.887 49.750 58.616 57.457 54.249 49.097 38.007 0.000 0.000 54.528 61.389 83.407 82.301 89.047 82.428 83.012 82.559 82.266 81.915 81.562 81.197 80.822 80.438 80.048 79.668 81.270 76.699 58.259 44.912 46.658 12.514 0.000 0.000 0.000 0.000 0.000 0.000 0.000 0.000 35.095 40.042 53.964 47.873 37.791
72.289 67.307 11.326 0.000 1.488 53.441 62.420 59.382 77.311 71.205 76.104 84.016 74.927 59.835 59.738 59.634 58.522 52.403 47.280 52.157 49.037 52.924 52.816 52.711 52.602 52.489 52.380 52.264 51.126 55.969 57.840 58.728 42.592 0.000 42.097 0.000 0.000 0.000 58.724 80.658 84.674 90.044 89.580 82.522 83.172 82.811 82.494 82.156 81.803 81.437 81.061 80.670 80.266 78.926 40.694 0.000 0.000 0.000 0.000 0.000 0.000 0.000 0.000 31.564 26.532 25.479 24.409 28.317 37.195 53.109 47.028 37.947 47.869
64.316 55.353 60.410 5.505 58.531 54.511 53.478 71.428 64.359 80.274 89.187 69.101 55.013 52.920 55.820 58.710 59.589 59.460 52.324 51.190 52.064 51.946 52.836 52.732 52.629 57.527 54.425 51.315 52.188 55.024 58.914 47.862 0.000 0.000 0.000 0.000 14.430 134.311 78.025 85.052 83.033 90.454 82.347 84.863 86.344 83.067 82.747 82.411 82.058 81.687 82.314 78.914 66.419 57.077 14.885 0.000 0.000 0.000 0.000 0.000 0.000 0.000 33.647 33.597 33.552 34.498 34.430 35.349 49.257 49.173 33.093 36.016 37.942
39.332 40.380 34.455 58.574 54.607 53.593 64.554 68.495 79.424 86.346 52.267 51.187 52.104 54.013 52.911 49.796 57.666 58.522 59.367 58.217 52.081 50.960 49.851 50.750 56.656 115.566 83.477 63.384 46.286 0.000 60.930 68.945 0.000 0.000 0.000 0.000 58.551 69.451 86.336 84.374 91.169 90.825 83.439 83.966 84.629 83.333 83.018 82.685 82.329 82.940 81.595 34.255 0.000 0.000 0.000 0.000 0.000 0.000 0.000 0.000 0.000 0.000 40.697 36.625 33.582 34.529 32.465 44.391 51.312 35.233 36.156 44.082 42.011
0.000 0.000 0.000 51.731 54.729 56.701 77.648 88.573 102.494 84.419 13.348 70.278 70.202 54.116 54.016 52.898 50.758 53.594 59.406 57.229 58.084 59.962 57.856 55.763 51.679 46.603 51.533 46.459 0.000 0.000 0.000 55.044 47.069 0.000 0.000 1.051 68.771 85.643 85.723 83.742 91.484 83.168 85.666 87.170 83.910 83.616 83.308 82.980 82.633 80.148 34.872 0.000 0.000 0.000 0.000 0.000 0.000 0.000 0.000 0.000 0.000 39.885 9.819 0.000 41.620 31.573 42.510 54.439 42.365 37.291 42.217 46.146 39.076
0.000 0.000 0.000 49.890 55.875 71.836 82.765 130.656 124.561 126.488 132.430 128.374 129.310 54.234 54.139 53.021 52.873 51.690 46.435 56.209 58.063 58.948 56.850 58.766 58.694 59.635 52.594 0.000 0.000 0.000 0.000 56.118 41.094 0.000 0.000 60.223 82.044 85.986 84.973 92.056 91.778 84.229 84.773 85.460 84.195 83.916 83.617 84.296 59.074 0.000 0.000 0.000 0.000 0.000 0.000 0.000 0.000 0.000 52.164 41.119 31.048 34.951 34.875 35.809 35.706 38.632 51.562 48.492 43.420 44.348 42.276 40.207 36.139
16.119 0.000 0.000 51.065 68.045 76.002 81.919 52.726 51.605 50.543 47.508 48.477 48.432 54.370 54.285 70.173 70.024 45.857 0.000 43.109 56.010 57.919 55.830 57.757 57.696 58.647 54.615 0.000 0.000 0.409 54.317 39.217 0.000 0.000 61.583 70.434 87.290 86.191 85.370 92.315 83.910 86.435 88.968 84.742 84.491 84.236 82.949 70.513 29.294 0.000 0.000 0.000 0.000 0.000 38.394 33.375 33.338 33.284 37.209 49.146 52.075 37.996 32.920 34.846 36.764 51.688 50.616 36.545 45.474 46.404 45.334 38.266 34.200
