results1/res_4e8f-0119.wd
ncols         241
nrows         181
xllcorner     12693529.787448
yllcorner     3542525.717860
cellsize      155.156523
NODATA_value  -9999.000000
[rows 66 to 98 of 181, columns 73 to 145 of 241]
69.650 33.639 0.000 58.806 75.785 74.755 74.727 0.000 46.141 46.124 59.135 55.144 54.124 54.080 53.013 128.917 116.751 0.000 0.000 0.000 49.535 44.476 49.389 52.331 52.283 54.240 55.200 60.155 61.114 62.069 53.008 0.000 0.000 50.314 100.314 82.225 86.080 86.161 84.209 92.133 84.609 85.084 85.819 84.588 84.362 85.154 54.996 0.000 0.000 0.000 0.000 0.000 0.000 0.000 35.495 33.477 33.443 33.395 33.334 33.271 37.203 50.130 47.056 31.981 42.905 51.831 30.758 33.687 39.616 44.546 40.478 34.410 32.343
54.652 60.628 0.000 47.018 70.983 69.956 63.958 17.040 0.000 0.000 52.212 65.288 54.287 53.257 54.214 35.174 0.000 0.000 0.000 0.000 0.000 0.000 60.327 58.303 56.273 39.236 42.196 49.151 50.118 55.085 46.046 0.000 0.000 0.000 60.553 78.459 85.392 85.480 92.568 92.358 84.686 85.370 85.077 84.863 84.649 79.457 37.322 0.000 1.513 34.513 0.000 0.000 0.000 41.530 36.530 33.510 33.475 33.428 33.372 33.310 33.244 33.174 40.101 54.028 54.955 37.882 31.810 32.739 33.670 37.601 36.533 32.466 32.400
56.660 55.594 60.461 58.265 72.174 65.126 66.109 63.123 0.000 0.000 0.000 67.508 62.481 57.446 59.413 6.391 0.000 0.000 0.000 0.000 0.000 0.000 59.290 55.281 46.270 0.000 0.000 47.136 59.121 58.107 0.000 0.000 6.258 63.139 54.885 58.706 65.781 80.838 92.763 84.434 85.984 85.544 85.351 85.130 82.913 65.705 44.513 50.513 48.513 29.513 0.000 0.000 0.000 0.000 50.586 32.559 33.520 37.472 45.416 35.354 33.288 32.219 36.148 51.076 58.004 49.932 35.861 30.791 32.722 32.655 32.588 32.522 31.456
56.700 54.626 58.524 69.407 63.322 56.265 75.231 64.218 16.234 0.000 9.897 59.754 75.682 70.635 70.602 73.584 0.000 0.000 0.000 0.000 5.247 5.252 57.263 48.261 51.256 0.000 0.000 0.000 95.123 122.115 37.115 0.000 62.377 57.275 57.113 57.020 53.101 93.123 92.948 85.484 89.086 85.829 85.616 85.397 77.167 29.936 0.000 52.513 30.513 0.000 0.000 0.000 38.771 37.738 36.669 32.621 36.574 48.522 53.465 51.403 44.336 34.267 43.196 51.124 30.052 35.981 48.911 45.842 41.774 49.708 30.642 32.577 30.511
54.756 60.685 70.603 62.517 54.442 54.382 67.332 75.284 71.250 74.177 76.040 70.931 65.857 67.808 56.776 55.761 0.000 0.000 0.000 6.241 62.243 61.245 49.247 51.245 52.236 56.219 55.208 0.000 6.133 0.121 0.000 8.760 68.598 61.470 56.310 57.400 55.444 93.281 55.109 62.695 77.287 85.104 85.886 83.676 42.421 0.000 0.000 0.000 0.000 0.000 0.000 39.827 33.805 33.775 33.729 34.683 44.633 53.579 52.519 52.455 48.388 44.317 54.245 37.173 32.101 33.029 32.960 42.891 55.825 42.760 30.696 31.632 37.567
60.821 71.756 61.686 54.615 55.548 55.489 57.429 41.339 67.303 65.242 57.154 54.072 53.009 68.964 70.935 57.921 0.000 0.000 0.000 62.239 58.239 55.239 48.238 52.234 52.226 52.213 52.198 11.173 14.144 15.115 17.062 84.922 81.790 70.660 69.616 58.613 93.563 93.428 57.165 63.811 58.584 65.384 84.152 58.999 0.000 0.000 0.000 0.000 0.000 0.000 0.000 39.850 33.846 33.826 33.791 34.748 43.697 53.640 52.578 51.512 48.442 53.369 47.295 31.221 33.148 33.076 33.007 42.940 50.875 29.812 32.751 35.688 54.622
71.893 61.834 54.771 55.708 55.648 56.595 37.556 0.000 24.382 52.332 55.264 55.195 55.142 53.104 77.079 61.067 0.000 0.000 0.000 39.236 56.234 50.233 51.231 52.226 52.220 52.210 52.196 63.178 3.154 7.140 24.150 77.075 86.971 8.859 90.781 80.972 93.680 55.744 69.385 66.026 55.894 52.695 49.338 34.169 0.000 0.000 35.398 0.000 0.000 0.000 0.000 35.877 33.904 33.893 33.863 33.820 34.767 40.708 48.642 48.572 48.498 52.422 30.345 33.269 33.194 32.122 38.052 54.985 37.922 31.863 34.806 15.748 16.669
61.970 54.914 55.856 55.797 55.740 58.689 14.645 12.610 5.511 50.442 55.373 57.303 55.259 54.230 72.210 68.202 0.000 0.000 0.000 0.000 47.229 50.228 52.226 52.222 52.217 52.209 54.200 40.189 0.000 0.000 74.323 77.256 88.164 94.034 88.137 86.172 93.780 76.796 79.497 64.337 57.241 50.165 0.000 0.000 0.000 0.000 33.398 0.000 0.000 0.000 0.000 0.000 36.999 33.980 33.947 33.901 33.845 33.781 33.711 40.636 48.557 36.476 33.395 33.316 33.238 36.164 49.094 49.028 30.967 32.911 35.864 2.830 0.000
55.051 55.998 55.942 55.885 55.828 55.774 59.724 60.674 60.611 56.550 56.485 36.384 53.364 54.345 70.331 69.327 0.000 0.000 0.000 0.000 46.226 52.225 52.223 52.219 52.215 52.211 40.205 0.000 0.000 2.703 79.562 85.465 88.363 88.309 87.385 93.915 86.283 88.999 83.686 68.626 58.565 57.561 57.698 0.000 0.000 0.000 30.399 37.399 30.399 0.000 0.000 0.000 52.112 33.084 34.043 33.992 33.931 34.862 33.785 33.703 33.618 33.531 33.444 33.360 32.279 38.203 53.131 30.066 33.006 32.952 34.908 9.878 0.000
56.137 56.084 56.029 55.971 55.913 55.856 55.802 55.753 55.706 55.664 59.632 0.000 46.467 55.454 71.444 66.448 2.492 0.000 0.000 0.000 51.223 54.222 54.220 54.218 52.215 55.213 0.000 0.000 0.000 71.838 77.764 88.677 88.557 88.664 86.711 94.124 87.419 92.062 87.952 88.885 76.834 64.815 53.835 48.835 50.835 0.000 0.000 36.400 31.399 37.395 38.380 36.343 42.253 52.200 34.149 35.092 44.026 50.950 32.866 33.775 33.680 33.585 33.491 32.401 37.316 56.237 50.164 39.098 32.038 32.985 34.937 49.895 67.849
56.226 56.173 56.118 56.059 55.998 55.934 55.877 58.828 56.798 55.769 59.747 0.000 46.583 55.561 72.540 64.531 4.536 0.000 0.000 0.000 24.222 34.221 33.218 33.216 54.214 39.214 0.000 0.000 0.000 74.048 83.980 88.891 88.848 87.951 94.764 94.462 88.487 89.329 88.186 88.128 89.073 80.029 44.993 0.000 0.000 0.000 0.000 34.402 34.404 31.404 33.404 34.396 33.358 40.314 54.263 37.202 35.130 45.046 32.952 33.850 33.744 33.638 33.535 33.437 41.347 54.264 41.190 53.124 31.064 32.011 36.963 57.917 69.870
56.317 56.264 56.209 56.150 56.084 59.006 60.943 32.886 53.887 56.866 58.840 18.816 49.722 54.667 66.626 64.599 5.585 0.000 0.000 0.000 0.000 0.000 0.040 0.056 35.212 0.000 0.000 0.000 22.496 72.326 89.218 89.099 89.214 87.299 95.037 87.077 92.782 88.476 88.430 88.362 88.302 78.235 39.114 0.000 0.000 0.000 0.000 0.000 37.410 38.416 25.433 33.480 34.470 34.435 38.386 54.322 37.246 34.154 34.047 33.929 33.807 33.688 31.573 37.467 56.370 37.284 36.209 50.143 34.084 32.032 38.985 64.940 69.896
56.410 56.358 56.305 56.249 58.181 34.063 36.003 0.000 15.998 51.969 55.931 59.887 55.821 58.759 63.697 68.654 7.620 0.000 0.000 0.000 0.000 0.000 0.073 5.348 0.000 0.000 0.000 5.786 81.665 83.544 89.437 89.392 88.511 95.530 95.292 88.141 88.855 88.726 88.656 88.591 87.536 67.496 0.000 0.000 0.000 0.000 0.000 0.000 0.000 29.415 0.000 40.622 37.606 33.572 33.522 35.457 52.376 41.277 33.155 34.012 33.869 32.732 37.605 39.487 38.382 35.293 33.218 33.154 33.098 34.049 47.005 68.964 69.924
56.504 56.453 56.405 56.361 61.327 0.000 0.000 22.229 14.138 48.080 57.030 54.978 56.918 68.850 40.750 34.702 0.000 0.000 0.000 0.000 0.000 0.000 2.344 4.345 0.000 0.000 0.000 68.906 73.836 87.747 89.630 89.760 87.855 95.749 87.644 89.319 89.012 88.952 88.876 88.811 80.756 57.718 0.000 0.000 0.000 0.000 0.000 0.000 0.000 0.000 0.000 44.781 39.761 33.724 31.673 34.608 34.526 50.422 43.282 34.097 34.923 32.767 39.626 39.496 36.378 30.288 33.216 33.157 35.106 49.062 68.022 69.986 72.953
57.595 55.545 55.500 55.462 58.439 28.448 25.407 57.319 62.245 56.184 54.130 61.077 71.022 73.973 0.000 0.000 0.000 0.000 0.000 0.000 0.000 0.000 0.000 0.000 0.000 0.000 0.000 71.095 79.031 88.941 89.933 88.971 96.152 95.956 88.677 89.380 89.242 89.163 89.090 89.022 70.958 52.901 0.000 0.000 0.000 0.000 0.000 0.000 0.000 0.000 0.000 42.959 40.933 40.892 37.839 30.776 32.699 33.601 49.456 49.171 45.961 42.788 35.635 34.493 31.347 32.264 33.203 37.152 57.108 69.069 69.035 70.004 68.978
71.681 70.631 69.587 67.550 64.520 65.496 65.456 62.397 63.337 65.282 65.230 71.177 73.121 31.047 0.000 0.000 0.000 0.000 0.000 0.000 0.000 0.000 0.000 0.000 0.000 9.612 17.532 72.350 89.241 90.149 90.098 89.326 96.334 88.156 89.830 89.517 89.451 89.369 89.297 87.228 69.153 40.027 0.000 0.000 0.000 0.000 0.000 0.000 0.000 0.000 0.000 33.162 37.121 40.070 41.015 39.956 36.894 32.828 26.769 0.000 0.000 0.000 0.000 0.000 35.254 33.219 36.179 57.141 70.105 69.073 70.044 73.019 68.998
67.762 69.712 68.669 70.630 72.595 71.561 70.522 68.475 66.426 66.377 67.329 63.281 63.237 0.000 0.000 0.000 0.000 0.000 0.000 0.000 0.000 0.000 0.000 0.000 0.000 58.691 81.634 80.531 89.437 90.325 90.451 88.553 96.504 90.251 89.855 89.731 89.646 89.569 89.499 85.441 65.400 0.000 0.000 0.000 0.000 0.000 0.000 0.000 0.000 0.000 40.556 35.407 32.320 34.253 39.195 41.141 41.092 42.050 33.023 0.000 0.000 0.000 0.000 0.000 36.195 34.179 50.154 71.127 69.099 69.073 69.050 70.029 69.013
55.837 55.788 56.745 63.705 72.669 78.633 66.595 60.555 55.514 53.472 52.429 58.382 37.310 0.000 0.000 0.000 0.000 0.000 0.000 0.000 0.000 0.000 0.000 0.000 0.000 64.828 80.782 88.706 90.620 90.587 89.716 96.805 96.660 92.271 90.076 89.915 89.837 89.759 89.691 84.637 59.605 0.000 0.000 0.000 0.000 0.000 0.000 0.000 0.000 40.830 35.705 35.589 35.500 34.429 31.370 36.321 40.283 41.257 38.249 0.000 0.000 0.000 0.000 39.141 33.153 37.147 65.132 69.113 69.092 69.072 69.053 69.036 69.023
54.907 54.860 58.817 63.778 65.741 68.706 58.672 54.637 55.602 55.567 57.534 35.508 0.000 0.000 0.000 0.000 0.000 0.000 0.000 0.000 0.000 0.000 0.000 0.000 0.000 51.011 79.961 89.891 90.789 90.919 89.028 96.937 89.823 91.495 90.175 90.108 90.020 89.940 89.869 80.812 53.778 0.000 0.000 0.000 0.000 0.000 0.000 0.000 40.072 35.956 35.845 35.745 35.661 35.592 35.535 32.491 31.461 34.448 41.467 41.554 0.000 0.000 0.000 33.129 34.130 52.125 69.114 68.100 68.084 69.068 69.054 69.040 69.030
54.972 54.927 56.885 57.848 55.813 54.780 55.749 54.719 54.689 54.661 59.633 4.607 0.000 0.000 0.000 0.000 0.000 0.000 0.000 0.000 0.000 0.000 0.000 0.000 2.405 59.245 88.160 91.077 91.048 90.178 97.179 97.062 92.823 90.523 90.376 90.286 90.197 90.113 91.034 70.964 58.916 0.000 0.000 39.714 0.000 39.464 41.417 41.328 36.188 36.075 35.975 35.885 35.807 35.742 35.689 35.648 34.620 31.609 40.616 41.642 34.641 0.000 0.000 41.115 33.114 41.109 47.100 50.089 54.077 60.064 66.053 68.042 68.034
56.033 55.990 55.951 55.915 55.882 54.852 54.824 54.799 54.776 53.755 61.729 12.680 0.000 0.000 0.000 0.000 0.000 0.000 0.000 0.000 0.000 0.000 0.000 0.000 43.539 79.445 90.357 91.247 91.387 89.479 97.283 90.279 91.952 90.635 90.559 90.462 90.370 90.279 91.190 63.095 41.006 0.000 0.000 35.714 0.000 34.511 36.459 36.379 36.279 36.183 36.094 36.013 35.941 35.880 35.830 35.791 33.764 35.750 41.749 38.754 0.000 0.000 0.000 40.103 39.101 38.096 37.089 36.080 35.070 39.060 50.051 46.042 48.035
54.090 54.049 54.012 53.978 53.948 53.921 53.897 54.878 56.862 58.853 33.850 0.866 0.000 0.000 0.000 0.000 0.000 0.000 0.000 1.747 10.739 0.000 0.000 13.892 54.751 85.642 91.538 91.527 90.555 97.466 97.379 93.272 90.977 90.826 90.731 90.635 90.541 90.446 86.349 33.222 0.000 0.000 0.000 35.714 41.694 36.609 36.531 36.449 36.365 36.283 36.205 36.132 36.066 36.008 35.960 35.922 32.895 41.879 41.873 37.874 0.000 0.000 0.000 39.094 38.091 39.086 39.079 39.072 39.064 39.055 38.048 38.041 37.035
55.143 55.105 58.070 62.039 65.011 68.987 70.967 73.952 72.943 64.944 2.963 14.024 38.073 6.097 0.000 0.000 0.000 0.000 0.000 41.754 68.731 8.694 0.000 48.032 80.934 90.825 91.725 91.656 90.880 97.540 89.713 91.398 91.080 91.003 90.904 90.808 90.711 91.615 78.539 0.000 0.000 0.000 0.000 15.736 35.757 36.703 38.607 38.520 36.450 36.381 36.311 36.244 36.181 36.127 36.080 33.043 38.016 40.999 41.992 32.993 0.000 0.000 0.000 23.088 44.083 44.078 41.071 38.064 38.057 39.050 40.044 40.038 39.034
57.192 56.157 63.125 72.096 73.071 72.049 71.032 70.019 67.013 61.017 36.033 53.065 71.097 40.122 24.144 0.165 0.000 0.000 12.822 51.786 65.737 4.656 23.500 65.271 90.125 93.011 91.853 92.065 90.041 97.602 91.701 91.414 91.265 91.172 91.077 90.981 90.880 92.765 36.652 0.000 0.000 0.000 0.000 0.000 31.897 37.837 18.673 18.576 35.535 36.479 36.415 36.351 36.290 36.237 35.191 33.154 42.126 42.109 39.103 33.114 39.161 0.000 0.000 0.000 55.074 70.070 63.064 59.057 55.051 51.045 54.039 54.035 37.031
57.238 57.206 60.177 63.150 62.127 60.107 58.091 56.080 54.075 54.077 63.088 65.107 62.128 59.148 63.167 11.183 0.000 0.000 52.858 82.829 33.776 29.694 63.573 87.424 92.295 92.154 92.274 90.230 97.686 90.109 91.823 91.509 91.436 91.341 91.251 91.160 94.062 50.914 0.000 0.000 0.000 0.000 0.000 0.000 34.098 39.074 0.000 0.000 32.634 36.585 36.520 36.453 36.393 36.339 33.293 41.256 42.227 41.207 32.197 36.198 36.209 0.000 0.000 0.000 23.070 53.066 71.057 70.050 70.044 70.039 70.034 64.031 54.028
57.281 57.252 57.226 56.201 56.180 57.161 57.146 57.135 55.129 56.129 61.135 64.146 60.161 55.177 58.191 13.201 0.000 0.000 44.924 54.896 32.845 65.771 80.673 89.560 92.448 92.383 91.484 98.065 97.827 91.103 91.831 91.688 91.599 91.509 91.424 91.347 94.295 0.000 0.000 9.671 18.671 0.000 0.000 35.425 38.322 37.289 44.330 0.000 32.782 36.708 36.625 36.551 36.488 34.434 36.387 42.349 42.318 34.295 35.280 36.272 36.269 0.000 0.000 0.000 0.000 0.000 53.050 69.042 69.037 69.033 69.029 70.026 70.023
57.323 57.297 57.272 57.250 57.229 57.211 57.196 56.185 55.177 59.174 63.176 63.182 58.193 54.206 59.219 12.228 0.000 0.000 41.017 9.986 56.937 80.871 86.789 92.702 92.557 92.771 90.763 98.276 90.526 92.237 91.924 91.854 91.761 91.673 91.588 98.509 82.475 0.000 5.670 55.671 41.671 0.000 0.000 30.527 38.479 37.428 37.372 43.243 41.005 39.840 36.721 36.639 36.574 33.520 41.474 42.435 38.402 33.377 36.356 36.340 38.326 42.337 0.000 0.000 0.000 0.000 0.000 66.032 69.029 69.026 69.023 70.020 68.018
57.364 57.341 57.317 57.296 57.276 57.259 56.244 55.231 57.222 61.215 64.211 60.214 55.223 54.237 57.252 39.263 26.268 27.232 23.142 24.094 64.046 84.987 90.918 92.816 92.961 90.957 98.646 98.470 91.535 92.248 92.101 92.011 91.921 91.835 96.747 39.626 54.621 24.659 55.669 63.671 0.000 0.000 0.000 29.678 38.637 37.574 37.486 47.352 58.155 31.925 41.781 37.708 34.651 36.600 42.554 41.514 32.480 35.452 36.429 36.404 23.360 24.348 0.000 0.000 0.000 0.000 0.000 47.024 68.022 69.019 69.017 73.014 69.012
57.406 57.383 57.361 57.340 57.321 57.304 55.288 55.275 59.263 66.252 67.241 63.239 58.248 56.265 56.289 58.305 58.308 67.286 8.225 42.204 80.165 87.113 93.053 93.027 92.166 98.962 98.809 91.895 92.675 92.337 92.263 92.166 92.078 91.998 99.938 0.000 37.726 39.687 29.677 31.674 0.000 0.000 0.000 32.870 38.818 37.743 43.648 59.523 36.339 0.000 22.771 35.761 33.722 41.674 42.628 38.587 35.552 36.524 36.503 38.489 0.000 0.000 0.000 0.000 0.000 0.000 39.019 20.019 59.015 69.012 69.010 74.008 69.006
57.448 57.425 57.403 57.383 57.364 56.347 55.331 57.317 64.304 41.289 17.262 16.255 13.264 43.288 60.335 55.360 58.375 39.378 1.362 47.331 85.295 91.256 93.155 93.406 91.436 99.103 92.233 93.009 92.577 92.517 92.412 92.317 92.226 93.142 91.068 13.011 12.869 0.000 0.000 0.000 0.000 0.000 32.259 40.115 38.020 36.933 56.842 60.752 0.000 0.000 0.000 31.845 37.800 42.747 42.697 32.653 36.617 36.590 36.571 39.561 0.000 0.000 0.000 0.000 0.000 0.000 18.019 0.000 47.007 69.006 69.004 75.002 69.000
57.488 57.466 57.445 57.425 56.406 55.388 57.372 60.358 68.347 27.339 0.000 0.000 0.000 0.000 42.402 57.426 58.454 44.483 46.508 72.472 89.440 93.375 93.558 91.588 99.351 99.232 93.216 92.910 92.762 92.658 92.559 92.463 92.369 95.274 80.183 9.097 0.000 0.000 0.000 0.000 0.000 0.000 32.404 39.311 38.216 36.127 64.033 24.892 0.000 0.000 38.088 42.973 42.888 42.818 40.759 35.712 36.674 36.647 36.629 38.622 0.000 42.702 0.000 0.000 0.000 0.000 0.000 0.000 40.000 68.999 68.999 68.997 68.996
57.527 57.506 57.485 57.465 56.446 55.428 59.411 63.397 67.387 25.381 0.000 0.000 0.000 0.000 22.444 65.487 60.534 66.591 79.621 88.612 92.584 93.601 92.761 99.560 99.459 92.555 93.330 92.987 92.904 92.801 92.703 92.608 96.511 59.403 31.293 0.000 0.000 0.000 0.000 0.000 0.000 34.836 39.642 38.507 40.407 37.327 61.270 0.000 0.000 33.346 40.204 56.069 44.961 41.877 37.811 35.760 35.722 36.694 36.678 36.676 41.696 37.702 28.702 0.000 0.000 0.000 35.989 37.990 36.993 68.994 68.994 68.993 68.992
57.566 57.545 57.525 57.504 55.485 57.466 63.448 64.432 62.421 49.418 10.430 0.000 0.000 0.000 0.000 18.544 14.602 54.728 85.772 89.771 93.724 93.904 92.036 99.651 91.869 93.648 93.214 93.149 95.038 93.939 92.845 92.756 98.663 21.533 0.000 0.000 0.000 0.000 0.000 16.356 55.254 55.031 42.820 39.670 50.577 45.503 46.451 7.455 0.000 31.487 36.314 47.139 43.011 46.918 40.849 43.797 42.758 39.731 36.714 35.707 35.709 41.710 0.000 0.000 0.000 0.000 32.988 32.988 42.989 68.989 68.989 68.989 68.988
