results1/res_4e8f-0145.wd
ncols         241
nrows         181
xllcorner     12693529.787448
yllcorner     3542525.717860
cellsize      155.156523
NODATA_value  -9999.000000
[rows 0 to 32 of 181, columns 146 to 218 of 241]
0.000 0.000 0.000 0.000 0.000 0.000 0.000 0.000 0.000 0.000 0.000 0.000 0.000 0.000 5.303 16.167 16.944 16.669 16.364 16.047 15.735 15.442 15.181 14.959 14.777 14.636 14.531 14.459 14.413 14.387 14.376 19.372 0.000 0.000 0.000 0.000 0.000 0.000 0.000 0.000 0.000 0.000 0.000 0.000 0.000 0.000 0.000 0.000 0.000 16.404 23.404 0.000 0.000 41.995 46.995 0.000 0.000 0.000 0.000 0.000 0.000 0.000 0.000 0.000 0.000 0.000 0.000 0.000 0.000 0.000 0.000 0.000 0.000
0.000 0.000 0.000 0.000 0.000 0.000 0.000 0.000 0.000 0.000 0.000 0.000 0.000 0.865 16.439 17.253 16.997 16.699 16.376 16.042 15.715 15.411 17.143 15.918 14.737 14.599 14.499 14.432 14.392 14.373 14.369 19.368 0.000 0.000 0.000 0.000 0.000 0.000 0.000 0.000 0.000 0.000 0.000 0.000 0.000 0.000 0.000 0.000 13.405 35.404 11.404 0.000 20.995 53.995 47.995 0.000 0.000 0.000 0.000 0.000 0.000 0.000 0.000 0.000 0.000 0.000 0.000 0.000 32.966 0.000 0.000 0.000 0.000
0.000 0.000 0.000 0.000 0.000 0.000 0.000 0.000 0.000 0.000 0.000 0.000 0.000 20.072 18.726 17.410 17.091 16.754 16.398 16.031 15.672 17.344 17.062 14.832 14.654 14.524 14.434 14.379 14.350 14.344 16.359 10.363 0.000 0.000 0.000 0.000 0.000 0.000 0.000 0.000 0.000 0.000 0.000 0.000 0.000 0.000 0.000 0.000 25.406 0.000 0.000 15.996 46.996 8.995 0.000 0.000 0.000 0.000 0.000 0.000 0.000 0.000 0.000 0.000 1.974 0.000 0.000 0.000 35.966 7.966 0.000 0.000 0.000
0.000 0.000 0.000 0.000 0.000 0.000 0.000 0.000 0.000 0.000 0.000 0.000 2.797 19.455 17.981 17.571 17.201 16.830 16.431 16.010 16.599 16.231 14.928 14.694 14.524 14.408 14.336 14.298 14.286 20.293 0.000 0.000 0.000 0.000 0.000 0.000 0.000 0.000 0.000 0.000 0.000 0.000 0.000 10.407 0.000 0.000 0.000 9.407 69.406 0.000 0.000 21.996 48.997 0.000 0.000 0.000 0.000 0.000 0.000 0.000 0.000 0.000 7.974 13.974 32.974 0.000 0.000 25.966 34.966 35.966 7.966 0.000 0.000
0.000 0.000 0.000 0.000 0.000 0.000 0.000 0.000 0.000 0.000 0.000 8.087 1.295 2.720 18.174 17.693 17.311 16.935 16.485 15.981 16.482 16.055 14.725 14.492 14.339 14.248 14.203 14.192 15.204 16.248 0.000 0.000 0.000 0.000 0.000 0.000 0.000 0.000 0.000 0.000 0.000 0.000 11.407 34.407 29.407 0.000 0.000 25.407 53.407 0.000 0.000 0.000 48.998 3.999 0.000 0.000 0.000 0.000 0.000 0.000 0.000 0.000 47.975 51.974 53.974 0.000 0.000 38.967 33.967 33.966 43.966 0.000 0.000
0.000 0.000 0.000 0.000 0.000 0.000 0.000 0.000 0.000 0.000 10.773 3.394 1.780 1.233 1.307 15.716 17.416 17.112 16.596 17.944 17.294 14.779 14.427 14.210 14.092 14.042 14.038 14.061 20.090 0.000 0.000 0.000 0.000 0.000 0.000 0.000 0.000 0.000 0.000 0.000 0.000 0.000 0.000 14.407 35.407 27.408 25.408 7.408 38.407 11.408 0.000 0.000 33.999 47.000 38.000 36.000 45.000 0.000 0.000 0.000 0.000 0.000 47.976 49.975 54.974 33.972 22.970 39.968 42.967 0.000 0.000 0.000 7.943
0.000 0.000 0.000 0.000 0.000 0.000 0.000 0.000 0.000 0.000 7.151 3.874 3.520 3.032 0.391 0.577 10.527 18.501 17.841 17.906 14.972 14.342 13.993 13.829 13.776 13.791 13.846 13.923 9.006 0.000 0.000 0.000 0.000 0.000 31.423 64.423 0.000 0.000 4.424 45.424 0.000 0.000 0.000 11.407 35.408 48.408 83.408 45.408 46.408 17.408 0.000 0.000 31.000 50.001 35.001 31.001 48.000 0.000 0.000 0.000 0.000 0.000 34.977 40.976 36.974 36.972 40.970 43.968 51.967 0.000 0.000 0.000 30.943
0.000 0.000 0.000 0.000 0.000 0.000 0.000 0.000 0.000 30.333 30.807 7.409 3.035 3.287 2.961 0.746 0.344 5.524 18.361 15.869 14.345 13.624 13.373 13.337 13.394 13.499 14.632 11.777 0.000 0.000 0.000 0.000 0.000 0.000 6.423 52.423 59.424 41.424 33.424 5.424 0.000 0.000 0.000 0.000 0.000 9.409 76.409 55.409 2.409 0.000 0.000 0.000 0.000 43.002 58.002 56.001 58.000 49.998 41.996 44.993 43.990 52.986 56.981 53.978 54.975 54.972 49.970 44.968 41.966 0.000 0.000 0.000 0.000
0.000 0.000 0.000 0.000 0.000 0.000 0.000 0.000 24.390 41.858 43.337 32.870 9.481 1.909 2.957 0.782 2.624 7.667 6.209 15.862 12.916 12.435 12.539 12.752 12.962 14.180 14.406 0.000 0.000 0.000 0.000 0.000 0.000 0.000 0.000 4.424 50.424 60.424 65.424 4.424 0.000 0.000 0.000 0.000 0.000 5.411 48.410 40.410 45.410 12.410 0.000 0.000 27.006 55.004 40.003 34.002 41.001 52.999 40.997 39.994 48.990 57.987 44.983 40.979 43.976 49.973 55.970 57.967 55.964 41.959 32.955 15.951 24.948
0.000 0.000 0.000 0.000 0.000 0.000 0.000 20.469 29.923 45.371 42.812 43.255 35.697 12.147 1.080 4.592 14.088 6.341 2.160 2.930 6.021 10.660 11.597 12.169 12.524 17.852 0.000 0.000 0.000 0.000 0.000 0.000 4.427 2.427 0.000 0.000 17.425 63.425 16.424 0.000 0.000 0.000 0.000 0.000 0.000 44.412 54.411 30.411 46.410 66.410 6.410 0.000 33.007 57.006 36.005 30.004 33.002 46.000 34.998 34.995 36.991 38.988 35.984 36.980 30.977 34.973 40.970 41.966 39.963 48.959 50.955 53.951 61.948
0.000 0.000 0.000 0.000 0.000 0.000 25.551 24.015 47.463 43.890 43.287 42.639 42.907 37.972 20.470 12.201 7.852 0.000 0.023 4.270 2.161 3.232 11.021 11.802 17.112 0.000 0.000 0.000 0.000 0.000 0.000 0.000 41.427 0.427 0.000 0.000 24.426 64.425 3.425 0.000 0.000 0.000 0.000 0.000 39.418 83.415 16.413 19.411 41.410 68.410 8.410 0.000 30.009 55.009 35.008 28.006 31.004 33.002 29.000 27.997 34.993 50.989 33.986 29.982 43.978 39.974 36.970 43.966 43.962 46.958 55.954 59.950 46.947
0.000 0.000 0.000 0.000 0.000 29.560 18.087 46.575 45.026 44.438 43.805 43.110 42.317 42.365 39.176 24.893 4.236 0.194 0.033 45.919 4.412 0.059 0.076 13.907 10.010 0.000 0.000 0.000 0.000 0.000 0.000 0.000 37.427 32.428 41.428 53.428 57.427 47.427 0.000 0.000 2.424 38.424 53.424 58.422 82.420 38.419 0.000 0.000 43.410 31.410 0.000 0.000 33.012 60.012 47.010 31.009 79.007 107.005 56.002 31.999 47.995 94.991 46.987 23.983 88.979 61.975 36.970 43.966 45.962 35.958 44.954 57.950 40.946
0.000 0.000 0.000 0.000 0.000 19.032 40.663 47.174 45.626 45.031 44.385 43.678 42.888 41.990 41.988 40.914 30.113 4.784 50.532 47.604 0.266 0.111 0.039 0.043 0.000 0.000 0.000 0.000 0.000 0.000 2.427 36.427 32.428 37.428 51.428 61.428 45.428 32.428 0.000 0.000 0.426 47.425 46.424 42.423 81.422 41.421 0.000 0.000 22.411 14.411 0.000 26.018 54.016 56.015 50.014 38.012 37.010 70.008 111.005 49.002 41.998 98.994 49.989 23.985 95.980 65.976 28.971 30.967 36.962 27.958 41.953 40.949 28.945
0.000 0.000 0.000 0.000 23.506 33.873 49.359 46.833 46.273 45.673 45.028 44.329 43.565 42.737 41.788 41.055 39.920 52.276 51.946 0.811 0.370 9.481 0.000 0.000 0.000 0.000 0.000 0.000 0.000 52.426 55.427 37.427 36.428 51.428 61.429 47.429 30.429 32.429 32.429 30.430 28.429 40.427 43.426 53.424 93.423 27.422 0.000 0.000 59.411 9.411 0.000 23.020 53.019 53.019 40.018 32.016 28.014 38.012 35.009 75.005 106.001 122.996 103.992 92.987 118.982 112.977 103.972 49.967 29.962 46.957 41.953 30.948 25.944
0.000 0.000 0.000 24.658 34.139 51.596 48.066 47.526 46.960 46.361 45.725 45.043 44.324 43.494 42.958 40.604 52.306 52.305 36.487 18.823 5.995 0.000 0.000 0.000 0.000 0.000 0.000 0.000 38.424 5.425 0.000 16.428 54.428 58.429 50.430 35.431 1.432 0.000 0.000 34.431 30.430 40.429 39.427 62.426 59.425 0.000 0.000 1.412 62.412 8.411 0.000 21.023 51.023 63.023 42.022 48.021 71.019 48.016 30.013 54.009 77.004 110.999 76.994 56.989 104.983 94.978 69.973 38.967 24.962 95.957 63.952 35.948 25.943
0.000 0.000 0.000 30.178 49.795 49.305 48.784 48.243 47.679 47.088 47.464 46.817 45.069 44.657 42.094 52.351 52.310 40.040 41.667 39.313 23.285 4.283 0.000 0.000 0.000 0.000 0.000 40.423 9.423 0.000 0.000 0.000 22.429 54.430 32.431 30.434 36.435 0.000 0.000 35.433 33.432 39.430 40.429 62.427 58.425 0.000 0.000 22.413 69.412 5.412 0.000 23.026 54.027 57.027 38.027 38.026 84.025 119.022 68.018 36.014 52.009 99.003 58.997 25.991 91.985 78.979 36.973 28.968 21.962 102.957 66.952 38.947 39.942
0.000 0.000 30.744 48.080 51.558 50.046 49.523 48.984 48.427 48.844 47.248 46.559 46.232 43.673 52.741 52.480 41.520 42.369 41.387 31.760 12.519 0.000 0.000 0.000 0.000 0.000 0.000 36.423 10.423 0.000 0.000 0.000 0.000 0.000 0.000 35.437 32.440 31.442 33.441 35.437 31.435 39.433 41.430 53.428 49.424 11.420 30.417 63.414 14.413 0.000 0.000 23.029 50.030 56.032 42.033 27.033 29.031 54.028 41.024 23.019 41.013 96.007 52.000 17.993 88.987 73.980 31.974 27.968 23.963 101.957 66.951 38.946 29.941
0.000 29.984 43.408 52.839 51.312 50.797 50.277 49.745 50.195 49.636 47.990 47.714 45.161 53.632 53.134 43.147 44.156 42.043 29.256 0.000 0.000 0.000 0.000 0.000 0.000 0.000 0.000 0.000 10.423 0.000 0.000 0.000 0.000 0.000 0.000 0.000 39.445 49.445 60.444 48.441 37.437 41.435 38.432 43.429 36.424 55.420 73.416 61.414 7.412 0.000 0.000 22.032 48.034 53.037 59.040 57.041 45.040 35.036 48.031 80.026 99.019 120.011 100.003 82.996 116.989 109.982 91.975 51.969 24.963 99.957 71.951 43.945 30.940
27.028 38.561 53.065 52.558 52.054 51.552 51.043 51.521 50.995 49.382 49.144 46.607 54.815 54.201 44.685 45.849 46.801 25.040 0.000 0.000 0.000 0.000 0.000 0.000 0.000 0.000 0.000 0.000 0.000 0.000 0.000 0.000 0.000 0.000 0.000 0.000 37.451 41.450 59.448 18.444 0.000 48.438 39.436 42.432 38.425 26.418 45.414 60.412 47.411 6.410 0.000 0.000 13.038 56.042 58.050 51.052 39.050 48.046 99.040 90.033 71.025 72.016 73.007 72.998 72.990 73.982 75.976 46.969 26.963 98.957 74.951 37.945 31.939
30.496 54.164 53.735 53.271 52.796 52.313 51.819 51.324 50.745 50.541 48.023 56.115 55.457 46.120 47.356 46.367 41.884 1.385 0.000 0.000 0.000 0.000 0.000 0.000 0.000 0.000 0.000 0.000 0.000 0.000 0.000 0.000 0.000 0.000 0.000 0.000 38.458 49.457 33.455 0.000 2.448 45.444 42.441 9.438 0.000 30.413 44.411 59.410 56.409 25.409 0.000 0.000 0.000 0.000 25.067 40.066 24.062 85.057 86.050 35.042 41.032 83.021 54.010 26.000 71.991 61.983 41.976 39.969 30.963 98.957 69.950 26.944 27.939
48.296 55.866 54.438 53.997 53.545 54.082 52.620 52.076 51.911 49.417 57.455 56.782 46.462 48.732 47.745 48.143 17.505 0.000 0.000 0.000 0.000 0.000 0.000 0.000 0.000 0.000 0.000 0.000 0.000 0.000 0.000 0.000 0.000 0.000 0.000 5.471 58.466 56.463 60.460 57.458 53.453 53.448 47.445 6.443 0.000 30.410 43.408 61.407 68.407 31.408 0.000 0.000 0.000 0.000 19.086 32.082 52.077 99.070 62.062 22.052 90.041 91.026 40.013 27.001 47.991 103.983 62.976 30.970 30.963 93.957 111.950 98.942 103.934
57.974 55.566 55.155 54.735 54.302 55.872 53.365 53.245 50.789 58.812 58.130 41.739 45.966 50.042 46.526 23.825 0.000 0.000 0.000 0.000 0.000 0.000 0.000 0.000 0.000 0.000 0.000 0.000 0.000 0.000 0.000 0.000 0.000 0.000 0.000 57.476 56.473 57.469 59.465 58.461 56.456 57.452 50.448 5.445 0.000 31.410 43.405 66.402 39.404 0.000 0.000 0.000 0.000 17.121 47.108 26.100 91.093 85.084 29.075 85.065 98.052 47.031 35.014 37.999 32.989 63.982 102.975 59.970 22.964 93.958 96.951 70.941 12.930
48.637 55.269 55.882 55.480 55.079 54.602 54.525 52.107 60.132 59.495 24.945 30.140 33.044 51.726 35.359 0.000 0.000 0.000 0.000 0.000 0.000 0.000 0.000 47.119 36.119 0.000 0.000 0.000 0.000 0.000 0.000 0.000 0.000 0.000 0.000 34.485 28.481 31.476 35.470 30.465 29.460 28.455 30.450 34.444 28.434 21.415 36.400 15.392 0.000 0.000 0.000 0.000 0.000 19.134 42.127 33.119 34.110 34.100 26.089 47.080 48.073 0.000 0.000 8.992 38.986 31.980 53.975 46.970 28.965 61.959 9.955 0.000 7.922
27.337 42.991 55.621 58.248 55.793 55.745 53.333 61.227 60.721 34.031 0.000 43.463 0.000 55.331 23.846 0.000 0.000 0.000 0.000 0.000 0.000 0.000 0.000 54.120 48.118 0.000 0.000 0.000 0.000 0.000 0.000 0.000 0.000 20.541 0.000 35.497 31.491 31.482 31.475 31.469 31.463 31.458 31.453 33.448 11.444 0.000 6.387 37.375 7.363 0.000 0.000 0.000 20.162 51.153 39.146 38.138 30.128 31.115 31.103 29.092 43.086 3.088 0.000 0.000 9.981 34.977 29.973 42.970 41.968 0.000 0.000 0.000 7.917
19.083 26.734 49.383 53.964 56.928 54.474 61.980 61.645 40.893 16.702 0.000 60.101 58.005 44.432 0.000 0.000 0.000 0.000 0.000 0.000 0.000 0.000 57.127 63.122 34.117 0.000 0.000 0.000 0.000 0.000 0.000 0.000 0.000 37.542 35.533 32.516 31.502 28.488 32.479 32.472 32.466 32.461 32.456 35.452 8.449 0.000 0.000 35.356 35.352 5.346 0.000 0.000 5.172 38.171 31.167 30.160 29.148 29.131 29.116 29.100 30.092 39.090 0.000 0.000 0.000 2.974 35.972 38.970 36.969 0.000 0.000 0.000 31.914
22.850 33.489 38.118 36.024 47.586 62.365 62.220 45.857 24.625 18.131 0.000 39.809 52.484 25.958 0.000 0.000 0.000 0.000 45.181 51.177 43.168 41.151 50.133 43.122 33.111 0.000 0.000 0.000 0.000 0.000 0.000 0.000 0.000 35.550 32.542 31.530 5.516 0.000 37.480 31.475 31.469 31.463 31.458 32.455 6.452 0.000 0.000 36.342 35.342 6.341 0.000 0.000 35.182 31.192 31.192 31.186 30.173 30.145 34.130 0.000 1.091 4.090 0.000 0.000 0.000 0.000 35.970 30.969 30.968 31.968 0.000 3.912 33.912
34.578 48.223 23.946 22.824 62.420 62.420 48.831 35.563 31.905 36.748 0.000 6.845 42.165 0.000 0.000 0.000 0.000 41.190 45.186 47.181 45.177 0.000 0.000 0.000 45.095 29.079 0.000 0.000 0.000 0.000 0.000 0.000 3.580 45.567 42.556 17.545 0.000 0.000 50.486 36.480 32.472 31.465 35.459 12.457 0.000 11.320 49.322 30.329 34.332 6.334 0.000 0.000 0.000 36.223 31.222 35.219 2.214 0.000 0.000 0.000 0.000 0.000 0.000 0.000 0.000 0.000 35.968 30.968 30.968 35.968 0.000 0.000 7.911
55.271 43.862 23.931 19.436 62.375 23.854 29.585 31.819 35.501 54.092 63.554 51.561 0.000 0.000 0.000 0.000 39.199 33.194 39.190 54.186 53.183 0.000 0.000 0.000 0.000 46.063 0.000 0.000 0.000 31.646 0.000 0.000 47.593 46.583 52.569 45.551 10.533 64.516 61.498 59.486 57.475 49.465 30.457 17.457 0.000 25.317 78.317 32.321 33.325 7.329 0.000 0.000 0.000 41.256 27.255 32.253 3.251 0.000 0.000 0.000 0.000 0.000 0.000 0.000 0.000 31.967 33.967 35.967 29.967 34.967 0.000 0.000 4.911
63.845 50.947 33.253 61.931 19.858 21.651 20.826 20.473 30.046 57.588 53.008 24.285 0.000 0.000 38.211 4.209 46.204 38.199 49.194 44.188 23.186 0.000 0.000 0.000 0.000 50.047 26.042 0.000 0.000 27.646 35.646 39.637 41.617 43.602 33.585 30.556 38.533 38.518 58.504 41.492 35.478 33.462 13.447 0.000 1.328 20.315 88.309 44.313 10.316 0.000 0.000 0.000 0.000 54.291 27.289 34.287 6.285 0.000 0.000 0.000 0.000 0.000 0.000 0.000 10.966 33.967 48.967 46.967 39.967 0.000 0.000 0.000 5.910
61.890 60.136 61.460 38.769 26.680 22.830 22.473 21.053 27.646 43.202 38.605 0.000 0.000 0.000 41.214 62.212 57.209 58.204 40.199 0.000 0.000 0.000 0.000 0.000 41.032 32.036 24.037 0.000 0.000 0.000 39.655 43.648 43.635 43.623 27.614 0.000 34.525 35.517 59.509 45.498 39.484 25.456 32.424 47.383 67.342 56.310 80.292 45.305 9.310 0.000 0.000 0.000 0.000 52.328 28.324 29.320 34.319 0.000 0.000 0.000 0.000 0.000 0.000 0.000 0.000 3.966 52.966 49.967 2.967 0.000 0.000 0.000 1.909
59.959 61.389 60.609 59.629 41.781 21.436 22.027 22.647 21.281 23.968 0.000 0.000 0.000 0.000 57.218 47.217 45.214 41.209 0.000 0.000 0.000 0.000 0.000 42.027 33.027 29.029 12.033 0.000 0.000 0.000 39.672 47.664 56.653 55.641 57.634 45.636 0.000 3.517 62.516 46.510 20.502 0.000 35.409 45.383 72.342 34.290 18.244 0.000 0.000 0.000 0.000 0.000 5.390 43.369 30.357 31.351 34.351 7.364 0.000 0.000 0.000 0.000 0.000 0.000 0.000 0.000 9.966 10.966 0.000 0.000 0.000 0.000 2.909
61.391 60.373 62.492 62.661 46.339 22.945 25.579 25.222 22.863 23.421 0.000 37.228 0.000 3.226 51.224 51.223 58.223 0.000 0.000 16.115 4.115 0.000 0.000 37.026 31.023 25.019 0.000 0.000 0.000 0.000 37.697 38.685 40.670 39.656 37.645 29.638 0.000 0.000 64.530 50.522 35.513 0.000 34.421 45.397 69.354 25.265 21.150 4.071 0.000 0.000 0.000 0.000 5.412 50.400 29.387 31.375 31.372 32.376 36.384 8.386 0.000 0.000 0.000 0.000 0.000 0.000 0.000 0.000 0.000 0.000 0.000 0.000 0.000
61.071 63.274 62.471 63.175 36.801 27.453 47.118 40.801 22.529 0.333 0.000 34.228 49.228 54.228 40.229 61.230 53.230 0.000 0.000 30.115 61.116 13.110 0.000 38.028 32.018 29.007 0.000 0.000 45.806 41.778 37.735 39.708 44.687 44.668 42.651 53.634 45.611 5.585 64.553 56.534 56.515 48.491 29.456 47.432 55.412 0.000 24.020 6.992 0.000 0.000 0.000 0.000 15.446 54.431 26.415 28.391 29.385 30.386 35.389 7.389 0.000 0.000 0.000 0.000 0.000 0.000 0.000 0.000 0.000 0.000 0.000 0.000 0.000
