results1/res_4e8f-0174.wd
ncols         241
nrows         181
xllcorner     12693529.787448
yllcorner     3542525.717860
cellsize      155.156523
NODATA_value  -9999.000000
[rows 132 to 164 of 181, columns 0 to 72 of 241]
96.083 101.083 105.082 105.082 107.081 107.079 101.078 92.076 78.074 67.071 66.068 67.065 66.061 65.057 70.053 84.048 95.042 100.035 100.028 97.019 89.008 79.996 70.980 64.962 69.937 71.908 70.873 71.834 69.801 64.771 78.742 101.713 68.689 0.000 0.000 0.000 8.462 60.455 72.450 69.430 71.415 77.407 95.408 81.413 65.422 64.434 64.448 76.465 97.483 38.502 11.525 6.559 0.000 0.000 0.000 0.000 0.000 0.000 0.000 0.000 0.000 0.000 2.805 0.805 27.805 7.745 11.684 52.596 75.460 79.365 79.260 89.350 116.817
74.087 76.087 79.087 85.086 95.085 101.084 106.082 106.080 99.078 85.075 74.072 68.069 72.066 79.061 92.057 107.051 106.045 103.039 103.031 106.022 106.011 101.999 89.984 77.966 69.945 64.920 65.893 64.864 65.837 73.812 95.790 103.771 15.760 0.000 0.000 0.000 18.468 46.474 64.500 73.496 74.485 71.473 72.477 82.482 77.489 70.497 74.506 82.517 95.530 36.545 22.564 28.593 8.623 0.000 0.000 0.000 0.000 0.000 0.000 0.000 0.000 0.000 0.000 0.000 9.898 0.000 59.715 81.641 77.527 86.504 77.570 116.937 105.698
66.092 66.092 66.091 68.091 73.090 77.088 84.087 93.085 101.083 104.080 98.077 96.074 98.070 101.066 100.061 93.056 84.050 82.043 82.036 87.027 93.016 100.004 102.991 101.975 90.956 80.935 75.913 73.891 82.869 98.851 99.835 85.823 18.818 0.000 0.000 0.000 0.000 0.000 47.578 74.570 53.555 41.524 56.543 71.551 86.555 90.558 92.562 93.567 89.575 16.585 3.594 31.625 28.653 16.682 22.696 16.702 0.000 0.000 0.000 0.000 0.000 0.000 44.137 14.085 79.990 101.931 134.790 90.767 85.824 66.785 102.853 107.378 107.288
67.097 67.097 67.096 67.095 66.094 65.093 67.092 72.090 78.088 88.085 98.082 100.079 93.075 83.071 77.066 69.061 65.055 65.049 65.041 67.033 72.023 78.012 84.999 96.985 101.969 103.952 102.934 98.917 101.900 94.886 76.875 68.869 47.872 5.894 0.000 0.000 0.000 0.000 40.665 73.651 16.640 0.000 49.623 74.622 93.621 101.619 87.617 90.615 76.618 34.624 0.641 58.662 27.682 19.698 30.704 30.707 1.712 0.000 0.000 0.000 0.000 31.244 50.189 123.129 152.052 134.937 118.495 117.444 109.118 107.763 107.643 107.515 72.738
67.102 67.102 67.101 67.101 67.100 67.098 67.097 66.095 66.093 69.090 75.088 74.084 70.081 66.077 66.072 66.067 67.062 67.055 67.048 67.040 66.031 65.021 67.010 72.997 79.984 88.970 96.955 92.941 81.929 69.918 65.910 70.906 78.908 54.916 32.922 32.913 18.889 19.845 55.767 76.727 26.715 8.730 68.703 100.693 102.687 81.680 84.671 83.659 71.658 60.667 11.672 39.682 13.714 1.726 14.714 1.712 3.716 1.713 0.000 0.000 0.000 12.300 75.246 81.166 77.154 78.316 76.293 108.085 107.983 107.877 75.079 77.859 79.733
67.107 67.107 67.107 67.106 67.105 67.104 67.102 67.101 67.099 67.096 66.093 66.090 66.087 67.083 67.078 67.074 67.068 67.062 67.056 67.049 67.040 67.031 67.021 66.011 64.999 65.988 69.976 67.965 66.955 70.947 73.941 72.937 70.937 72.939 72.938 69.929 69.909 73.878 48.832 34.774 23.764 41.772 86.767 100.761 80.753 73.744 72.729 52.692 48.688 11.714 0.000 0.000 1.795 3.798 0.000 0.000 7.727 22.709 37.667 7.605 21.526 84.380 91.369 89.443 87.430 88.512 108.274 108.181 89.318 96.111 88.968 94.743 86.587
67.113 67.113 67.112 67.112 67.111 67.110 67.108 67.107 67.105 67.102 67.100 67.096 67.093 67.089 67.085 67.081 67.076 67.070 67.064 66.058 73.050 75.042 67.034 66.025 65.015 66.006 67.996 70.987 73.980 72.973 67.969 68.966 75.965 78.964 74.961 68.954 65.942 74.925 5.908 0.000 8.795 81.826 90.832 77.829 69.822 89.814 35.807 0.000 0.000 1.857 2.886 2.886 2.859 3.851 0.000 0.000 32.756 74.731 103.688 64.628 97.515 105.675 102.639 101.732 108.533 108.450 108.364 101.399 103.279 102.980 101.843 100.778 18.697
67.119 67.119 67.118 67.118 67.117 67.116 67.114 67.113 67.111 67.109 70.106 70.103 68.100 72.096 70.092 67.088 67.084 67.079 66.074 64.068 75.061 83.054 69.047 66.039 68.031 71.023 73.016 72.009 69.003 70.998 75.995 77.993 78.992 78.991 73.989 67.985 76.980 95.972 14.967 0.000 0.000 55.906 78.905 75.901 79.893 99.883 33.878 0.000 2.925 2.905 2.915 2.912 2.889 4.896 0.000 30.857 82.813 98.767 101.702 106.705 103.874 100.866 108.759 108.687 108.612 100.704 101.491 102.368 102.051 102.025 94.959 71.869 0.000
67.125 67.125 67.124 67.124 67.123 67.122 67.121 67.120 67.118 68.116 75.113 75.110 52.107 20.103 41.099 71.096 65.092 68.088 74.084 77.078 77.073 73.066 69.060 70.053 73.047 72.040 71.034 73.029 77.025 77.022 79.020 78.019 69.019 64.019 66.019 79.019 98.018 108.018 30.020 0.000 0.000 30.987 86.983 88.976 95.965 94.948 30.944 0.000 2.946 0.953 1.957 2.960 0.000 8.947 34.945 78.909 100.839 103.863 102.958 102.965 102.060 108.894 108.827 100.903 101.706 102.571 102.360 102.218 102.178 94.113 86.073 0.000 0.000
67.131 67.131 67.131 67.130 67.129 67.129 67.128 67.126 67.125 69.123 78.121 89.118 65.114 2.111 8.104 56.104 82.102 74.098 72.094 72.089 70.084 69.079 71.073 73.068 71.062 67.057 69.053 81.049 83.046 73.044 67.043 64.044 64.045 69.047 83.049 99.052 96.056 80.063 52.075 20.103 14.104 58.072 87.062 69.057 60.043 51.999 17.006 1.078 1.009 22.001 12.999 3.009 0.000 28.001 78.985 100.913 103.119 102.119 102.233 109.082 109.022 108.959 100.962 102.849 102.564 102.441 102.388 102.318 96.245 83.183 73.148 0.000 0.000
67.138 67.137 67.137 67.137 67.136 67.135 67.135 67.134 67.132 69.131 79.129 66.126 22.120 4.121 0.000 24.114 78.112 70.109 72.105 71.101 69.096 72.092 73.087 70.082 67.078 63.074 73.070 87.067 74.066 64.065 65.066 70.068 80.071 91.075 102.079 95.085 73.092 68.102 87.114 94.130 95.137 99.134 74.137 35.145 7.153 0.000 1.242 1.250 0.000 35.015 22.029 2.074 33.097 79.049 101.082 103.282 102.308 109.246 109.194 109.140 101.224 102.026 102.918 102.618 102.606 102.548 102.475 103.387 91.309 62.227 51.187 9.187 3.187
66.144 66.144 67.144 67.143 67.143 67.142 67.142 67.141 67.140 70.139 80.138 51.137 0.000 10.133 48.134 50.127 67.123 69.119 57.116 39.112 77.108 72.104 68.100 67.096 65.093 67.089 83.087 86.085 68.085 71.086 83.088 92.092 101.096 99.101 87.108 73.116 66.125 82.137 86.151 74.166 55.179 53.192 41.208 21.232 10.270 4.349 2.378 22.398 17.414 0.000 0.000 27.150 79.204 102.325 103.357 101.478 109.345 109.297 101.383 102.197 103.078 102.887 102.767 102.745 102.694 102.645 105.577 69.448 49.378 0.000 0.000 0.000 0.000
75.151 73.151 70.150 68.150 65.150 65.150 65.149 65.149 64.148 69.148 81.147 64.147 45.148 53.143 71.141 67.137 64.134 70.130 65.127 52.124 72.121 66.117 65.114 65.110 67.107 81.104 89.102 55.101 47.102 97.104 102.109 97.114 86.120 76.127 68.135 64.145 75.157 87.170 55.186 30.204 13.223 4.245 21.271 20.305 10.347 11.397 14.432 42.447 26.431 0.000 0.000 59.442 101.484 100.617 109.482 109.438 109.393 101.418 103.314 103.041 102.936 102.907 104.866 99.817 101.788 102.762 113.741 0.000 0.000 0.000 0.000 0.000 0.000
76.159 78.158 84.156 85.155 85.156 82.157 83.157 82.157 81.157 81.156 83.155 66.155 70.154 69.152 66.150 69.147 69.144 68.141 73.139 75.136 69.133 63.130 65.127 67.124 81.121 86.119 75.116 69.116 78.117 101.122 84.128 75.135 67.143 65.152 67.161 66.173 80.186 89.201 53.219 29.240 17.264 19.293 22.328 14.369 15.415 21.463 23.503 16.529 0.000 0.000 37.687 79.704 109.601 109.563 109.524 101.648 102.456 103.357 103.067 103.066 104.025 103.981 76.939 54.878 89.878 103.874 108.883 48.940 0.000 0.000 0.000 0.000 0.000
69.167 63.166 16.161 18.160 27.164 74.165 71.165 71.165 71.165 75.164 84.164 65.163 66.162 65.161 68.159 72.157 73.154 71.152 70.150 73.148 74.146 71.143 65.141 82.138 88.135 79.132 85.129 102.128 99.130 81.136 69.147 65.157 67.166 67.175 66.186 71.198 87.213 89.229 81.249 84.272 55.301 17.335 9.378 8.428 20.481 27.537 17.589 14.638 6.665 32.825 80.860 109.670 109.636 101.787 102.599 103.488 103.302 103.190 103.176 104.131 102.092 96.053 21.033 0.000 71.974 106.971 103.978 102.998 0.000 0.000 0.000 0.000 0.000
67.178 59.178 0.000 0.172 9.173 70.174 66.174 66.174 66.173 70.173 84.172 62.172 66.171 70.170 72.168 73.167 70.165 67.163 65.162 67.160 77.158 90.157 85.155 86.153 63.150 57.146 109.140 95.137 62.139 22.147 42.167 70.178 67.187 67.197 69.209 62.222 46.237 36.255 48.276 88.300 64.330 17.370 12.421 7.483 16.546 21.612 15.681 20.742 20.824 58.957 109.719 100.975 104.715 103.622 103.437 103.328 103.306 103.272 104.232 104.197 69.159 45.106 31.106 34.114 85.072 106.058 102.060 93.075 11.109 0.000 0.000 0.000 0.000
67.188 67.189 50.194 0.183 10.182 71.182 67.182 67.182 66.182 67.182 82.181 69.180 72.180 74.179 73.178 68.177 65.175 66.174 66.173 65.172 75.171 98.170 94.169 81.168 74.166 65.161 41.147 30.141 17.140 0.000 23.195 72.201 67.209 69.218 52.230 26.243 11.259 8.277 50.298 67.323 36.351 8.393 11.453 16.538 23.608 19.685 13.780 6.865 10.161 58.185 109.784 103.863 103.626 103.449 103.435 103.401 103.363 103.327 101.294 92.264 25.242 0.000 42.173 101.163 106.143 104.130 98.127 88.133 6.144 0.000 0.000 0.000 0.000
64.197 66.198 63.199 0.000 6.192 71.191 66.191 64.191 66.191 70.190 74.190 73.189 73.189 71.188 65.187 66.187 66.186 67.185 67.184 72.184 90.183 89.183 82.183 91.184 89.184 60.185 0.000 0.000 0.000 0.000 21.218 72.222 67.228 70.238 41.249 3.263 37.279 63.297 83.318 52.340 4.360 0.444 0.520 5.609 15.662 15.744 15.854 10.103 6.775 109.965 109.876 102.768 103.617 103.519 103.487 103.450 103.415 105.382 90.351 73.323 33.303 9.294 57.249 87.224 96.205 105.193 94.187 83.186 5.189 0.000 0.000 0.000 0.000
71.205 69.205 58.206 0.000 57.201 65.201 67.200 71.200 72.199 73.199 71.199 72.198 70.198 66.198 66.197 67.197 67.196 66.196 68.196 91.196 90.196 72.196 85.197 83.199 87.203 85.209 48.226 4.236 13.242 43.243 48.238 68.240 67.246 67.254 62.266 54.279 71.296 70.315 64.336 86.360 34.382 0.470 0.545 9.635 14.688 12.768 13.867 38.016 62.409 110.047 105.093 104.844 104.585 103.573 103.535 103.500 104.466 102.434 57.403 34.376 46.353 47.331 101.303 103.280 83.261 93.248 88.240 61.237 26.236 0.000 0.000 0.000 0.000
72.212 73.212 70.213 58.215 72.211 72.210 72.209 73.208 73.208 74.208 86.208 68.207 66.207 66.207 67.207 67.207 67.206 68.206 82.207 93.207 68.208 72.209 99.211 91.213 79.217 82.224 85.233 69.241 74.246 89.249 82.250 70.254 63.260 63.269 74.280 90.294 77.310 49.330 21.353 76.382 65.421 14.486 17.549 22.618 18.688 9.775 11.842 53.122 105.369 110.125 102.073 104.726 105.656 103.620 103.584 103.549 96.516 86.484 43.453 14.425 23.400 24.376 85.351 127.330 108.312 84.299 76.290 55.285 64.283 17.283 0.000 3.478 7.478
77.219 77.219 73.220 73.220 73.219 74.218 74.217 70.217 67.217 66.217 29.217 19.217 70.216 67.216 67.216 67.217 66.217 69.217 93.218 79.218 64.219 70.221 87.223 104.226 99.230 96.235 94.242 90.248 86.253 85.257 93.260 90.265 84.272 80.280 83.291 87.305 49.322 13.341 12.364 28.392 24.435 9.490 18.542 28.601 24.672 15.771 8.928 52.180 110.269 110.198 104.965 106.811 103.700 103.669 104.632 100.597 84.564 77.531 83.501 89.472 73.446 95.421 110.397 127.376 136.359 120.345 82.335 87.330 62.327 0.000 0.000 0.000 0.000
16.227 17.226 77.226 72.226 72.226 67.226 64.226 66.226 61.226 14.225 14.225 3.226 71.226 67.226 67.226 67.226 67.227 85.227 92.228 65.229 67.231 67.232 70.235 76.238 78.241 78.246 74.251 77.256 93.261 86.265 77.269 80.275 87.281 91.290 94.300 91.314 66.330 31.349 14.370 13.389 0.000 2.499 13.530 22.572 6.622 0.000 22.136 82.381 110.336 102.305 106.033 105.771 103.756 103.716 104.679 99.644 86.610 52.577 59.547 102.517 113.490 145.464 136.441 108.419 96.401 113.387 92.377 86.371 61.370 0.398 0.000 0.000 0.000
3.234 12.234 26.231 81.234 66.234 64.234 66.234 66.234 67.234 14.234 5.234 60.235 68.235 67.235 67.236 67.236 69.237 93.238 78.239 64.240 67.241 67.243 67.246 66.249 66.252 66.256 65.260 72.264 101.269 80.273 11.278 19.283 31.289 82.297 92.307 76.319 81.335 68.355 20.379 17.404 2.438 7.476 20.505 12.537 0.000 0.000 40.300 110.466 110.402 105.188 106.929 102.838 103.801 103.762 103.725 103.689 90.655 53.622 68.590 105.561 101.532 135.506 130.481 99.459 104.440 90.425 71.414 89.408 67.408 1.424 0.000 0.000 0.000
65.243 61.243 0.000 73.243 83.242 84.242 65.242 77.242 84.243 60.243 58.243 68.244 67.244 67.245 67.245 67.246 86.247 90.247 65.249 67.250 66.252 65.254 67.256 67.259 67.262 67.265 66.269 74.273 103.277 84.281 30.285 3.290 54.296 79.302 92.310 71.321 61.335 20.359 13.386 16.409 14.435 22.461 26.478 0.509 0.000 19.218 81.471 110.528 102.442 106.166 105.909 103.888 103.845 103.807 103.769 104.733 95.698 84.665 107.633 132.602 120.573 137.546 134.520 128.497 135.476 101.459 78.446 88.438 96.437 25.442 0.000 0.000 0.000
67.251 66.252 61.254 67.252 66.251 14.251 88.251 80.251 67.251 68.251 68.252 67.252 67.253 67.254 67.255 70.255 93.256 76.257 66.258 67.260 73.262 81.264 67.266 65.269 67.272 66.275 69.278 93.281 101.285 76.289 64.292 52.297 74.301 73.306 34.312 19.319 16.327 0.000 5.396 5.413 6.433 7.453 9.466 0.000 22.269 79.428 101.604 110.588 103.405 104.048 103.971 103.930 103.889 103.850 103.812 104.776 95.740 78.706 74.674 107.642 97.612 111.583 114.556 102.531 104.508 76.488 53.473 67.463 134.459 87.460 22.468 12.472 34.475
67.259 67.259 67.260 67.259 67.259 61.259 77.259 93.259 69.259 66.260 67.261 67.261 67.262 67.263 66.264 89.265 91.266 65.267 67.268 68.269 65.272 27.274 86.276 81.279 68.281 66.284 84.287 103.290 87.293 67.296 67.299 68.303 71.306 75.309 12.312 13.316 0.000 2.386 17.389 0.000 0.409 0.000 0.000 0.000 45.378 102.559 110.702 110.646 103.289 104.124 104.008 103.972 103.931 103.892 103.854 102.817 87.781 89.747 109.713 128.681 127.650 132.619 137.590 124.563 122.537 109.513 58.494 56.482 132.475 96.472 34.471 27.473 92.477
67.266 67.266 67.266 67.266 67.266 67.266 67.267 78.267 93.268 69.268 66.269 67.270 67.271 65.272 73.273 94.274 74.275 66.276 68.277 66.278 8.281 5.284 74.286 75.288 81.291 80.293 88.295 87.298 68.301 66.303 68.306 71.309 76.311 76.313 0.000 0.000 0.000 4.384 28.384 15.383 16.384 15.383 0.000 6.475 53.621 107.773 110.756 102.626 104.342 104.077 104.057 104.013 103.972 103.933 103.894 103.857 89.821 85.786 106.752 107.718 107.686 110.654 110.624 109.593 114.563 87.533 63.510 78.495 93.486 32.483 0.000 0.000 36.480
67.273 69.273 69.273 67.273 67.274 67.274 67.274 67.275 78.276 93.277 69.278 64.279 64.280 81.281 93.282 87.284 64.285 67.286 63.287 9.285 6.291 60.294 67.296 67.298 73.300 90.302 90.304 83.306 76.308 68.311 55.313 25.315 90.317 70.318 0.000 0.000 0.000 3.380 17.381 10.382 24.383 13.383 0.000 6.624 26.719 110.862 110.809 103.495 104.230 104.136 104.094 104.052 104.012 103.972 103.934 104.897 99.860 89.825 84.790 83.755 83.722 83.689 83.656 87.623 61.589 5.546 31.516 87.502 83.493 44.490 6.491 0.000 35.483
68.280 5.280 6.279 67.280 66.281 65.281 65.282 64.283 64.284 77.285 92.286 85.287 92.289 94.290 81.292 65.293 72.295 72.297 60.298 0.000 8.303 71.305 67.306 69.308 93.309 100.311 78.313 69.314 76.316 83.318 71.320 7.321 50.323 68.324 0.000 0.000 0.000 4.377 10.378 7.381 21.382 0.000 0.000 6.698 12.020 110.913 108.744 104.459 104.200 104.177 104.132 104.090 104.050 104.011 103.972 103.935 104.898 103.862 101.827 100.791 100.756 101.722 103.689 77.656 19.622 0.000 16.509 72.501 103.496 94.493 67.492 43.489 60.486
67.287 66.287 1.287 66.288 77.288 81.289 85.290 90.291 93.292 94.293 94.294 94.296 80.297 67.299 83.301 100.303 101.305 101.307 94.310 72.316 7.315 68.315 66.316 75.317 103.319 90.320 67.321 66.323 68.324 71.325 62.327 7.328 27.330 27.331 0.000 0.000 0.000 10.371 5.375 0.000 4.382 0.000 14.705 15.943 6.481 110.962 112.695 108.334 104.255 104.211 104.168 104.127 104.087 104.048 104.010 103.973 103.936 103.900 103.864 103.827 104.790 107.755 79.722 12.689 0.000 5.508 0.000 17.499 73.496 104.494 95.493 71.491 48.488
67.294 69.294 65.295 67.295 82.296 81.296 77.297 73.298 72.299 68.301 89.303 79.304 90.306 81.308 97.310 93.312 86.315 87.317 98.320 104.323 93.324 94.325 86.326 94.327 102.328 75.329 66.330 67.331 67.332 66.333 66.334 68.335 63.337 12.339 72.346 63.351 2.356 4.362 0.000 0.000 0.000 5.679 83.731 80.937 111.054 111.009 106.571 107.401 104.284 104.246 104.203 104.163 104.123 104.084 104.047 104.010 103.973 103.937 103.901 105.863 110.822 79.787 19.755 0.000 0.000 2.508 1.508 0.000 14.496 65.495 100.495 50.494 0.000
69.301 5.301 64.302 67.302 67.303 67.303 66.304 67.306 69.307 67.309 79.311 74.313 83.315 94.317 82.319 67.322 68.324 69.327 70.329 75.332 88.333 98.335 104.336 102.337 91.337 67.338 67.338 67.339 67.339 67.340 68.340 91.341 64.342 4.344 68.348 18.351 12.356 5.359 0.000 0.000 0.000 15.658 103.864 106.074 111.098 104.902 104.610 104.345 104.324 104.279 104.237 104.197 104.158 104.120 104.083 104.046 104.010 103.975 105.940 90.901 44.847 11.817 0.000 4.508 2.508 22.508 29.508 0.000 0.000 36.497 98.496 50.496 0.000
70.307 3.307 64.308 67.308 67.309 67.310 67.311 68.313 6.315 66.316 70.318 81.321 81.323 89.326 94.328 80.331 65.334 65.337 65.339 67.341 69.343 70.345 71.346 71.346 70.347 69.347 65.347 65.347 66.347 67.347 78.347 92.347 63.347 57.348 59.349 0.000 0.000 5.359 0.000 0.000 0.000 19.744 102.865 111.182 111.140 103.760 104.490 104.395 104.353 104.311 104.270 104.230 104.192 104.154 104.118 104.082 104.047 104.013 108.982 64.957 0.000 0.000 2.509 0.508 2.508 17.508 24.508 0.000 0.000 39.498 99.498 58.498 0.000
