results1/res_4e8f-0238.wd
ncols         241
nrows         181
xllcorner     12693529.787448
yllcorner     3542525.717860
cellsize      155.156523
NODATA_value  -9999.000000
[rows 99 to 131 of 181, columns 0 to 72 of 241]
0.000 0.000 0.000 0.000 0.000 61.377 101.377 103.377 94.377 89.377 0.000 0.000 0.000 0.000 0.000 3.373 2.373 69.373 66.373 0.000 0.000 2.373 5.373 64.373 63.373 4.373 0.000 0.000 0.000 11.380 0.000 0.000 0.000 0.000 17.237 63.233 59.223 58.206 59.182 60.155 73.127 62.095 66.060 58.023 59.981 57.937 58.889 63.839 64.786 62.732 66.676 59.619 59.561 61.501 64.438 78.369 79.309 64.262 50.219 0.000 0.000 0.000 0.000 0.000 28.278 83.273 80.262 67.244 42.220 37.196 81.173 58.149 60.126
0.000 0.000 0.000 0.000 0.000 62.377 102.377 102.377 0.000 0.000 0.000 0.000 0.000 0.000 0.000 2.373 14.373 80.373 69.373 7.373 4.373 4.373 67.373 66.373 70.373 1.373 0.000 0.000 0.000 69.380 61.380 0.000 0.000 0.323 76.280 86.274 72.265 65.251 59.232 61.209 80.183 65.153 71.120 71.082 62.041 76.996 68.948 69.897 59.844 67.788 67.731 65.673 59.615 60.557 64.493 61.399 23.336 13.299 0.000 0.000 0.000 0.000 0.000 31.296 68.290 80.285 87.276 77.264 53.249 54.231 68.213 59.194 60.175
7.378 0.378 0.000 0.000 0.000 49.377 98.377 107.377 17.377 0.000 0.000 0.000 0.000 0.000 0.000 1.374 3.373 87.373 68.373 69.373 71.373 68.373 65.373 66.373 64.373 2.373 0.000 0.000 0.000 62.380 62.380 63.378 62.369 62.354 61.328 71.318 80.311 27.300 91.286 81.267 86.243 71.215 16.182 87.145 85.104 84.059 88.011 76.959 59.903 62.846 67.786 67.727 64.669 60.617 49.577 0.000 0.000 0.000 0.000 0.000 0.000 0.000 0.000 41.302 68.301 68.299 79.295 78.288 61.279 61.268 60.255 60.240 60.224
75.378 78.378 10.378 0.000 0.000 59.377 98.377 103.377 113.377 18.377 0.000 0.000 0.000 0.000 9.374 9.374 7.374 24.373 72.373 69.373 87.373 101.373 76.373 61.373 0.373 0.000 0.000 0.000 0.000 0.000 61.382 62.384 62.376 62.366 62.359 61.360 61.359 60.354 61.344 66.329 78.308 72.281 15.249 87.213 88.171 66.126 73.076 90.023 83.965 70.904 60.843 66.780 67.717 70.666 55.622 0.000 0.000 0.000 0.000 0.000 0.000 0.000 0.000 3.308 19.314 65.316 62.315 62.314 60.310 60.305 60.298 60.288 60.276
89.378 72.378 72.378 74.378 76.378 95.377 103.377 103.377 103.377 105.376 79.376 18.376 1.375 67.374 74.374 75.374 37.374 32.373 95.373 103.373 98.373 94.373 77.373 1.373 0.000 0.000 0.000 0.000 0.000 0.000 0.000 62.401 61.385 60.377 61.380 62.405 62.412 62.413 62.408 63.397 82.378 77.353 60.322 62.284 73.243 84.197 61.146 73.091 74.030 66.965 86.899 69.832 61.753 2.710 0.000 0.000 0.000 0.000 0.000 0.000 0.000 0.000 0.000 0.000 11.332 65.334 60.337 60.341 60.344 60.345 60.344 58.339 56.331
104.378 94.378 75.378 79.378 97.378 103.377 103.377 103.377 103.377 98.376 70.376 76.376 4.375 58.375 93.374 101.374 101.374 85.373 100.373 107.373 17.373 0.000 0.000 0.000 0.000 0.000 0.000 0.000 0.000 0.000 0.000 62.434 0.000 0.000 0.000 63.467 62.472 62.477 62.478 63.471 79.455 84.431 61.399 62.361 62.318 80.271 81.221 59.165 67.100 86.024 77.959 55.895 0.000 0.000 0.000 0.000 0.000 0.000 0.000 0.000 0.000 0.000 0.000 0.000 8.348 65.352 60.359 60.368 60.380 59.388 58.392 63.393 64.390
104.378 104.378 99.378 102.378 103.378 103.378 103.377 103.377 103.377 99.376 74.376 91.376 0.000 0.000 71.374 95.374 103.373 104.373 103.373 108.373 11.373 0.000 0.000 0.000 0.000 0.000 0.000 0.000 0.000 0.000 0.000 62.466 1.491 1.509 64.523 62.523 62.533 62.546 62.555 62.554 79.541 84.517 61.483 62.442 62.398 63.350 84.301 78.247 85.181 75.074 56.017 0.000 0.000 0.000 0.000 0.000 0.000 0.000 0.000 0.000 0.000 0.000 0.000 0.000 63.361 60.366 60.377 60.395 60.418 59.434 61.445 65.451 66.454
102.378 103.378 103.378 103.378 103.378 103.378 103.377 103.377 103.377 104.376 99.376 106.375 30.375 9.374 59.374 78.374 101.373 103.373 104.373 92.373 6.373 0.000 0.000 0.000 0.000 0.000 0.000 0.000 0.000 0.000 0.000 56.481 61.495 61.514 60.535 62.568 62.592 62.618 62.642 62.650 79.639 84.612 61.573 62.528 62.480 62.432 67.385 90.340 70.304 0.000 0.000 0.000 0.000 0.000 0.000 0.000 0.000 0.000 0.000 0.000 0.000 0.000 0.000 0.000 16.368 67.376 63.388 64.416 62.464 58.486 65.501 66.513 64.523
99.379 104.379 103.378 103.378 103.378 103.378 103.378 103.377 103.377 103.376 104.376 97.375 81.375 72.374 66.374 93.373 103.373 103.373 108.373 11.373 0.000 0.000 0.000 0.000 0.000 0.000 0.000 0.000 0.000 0.000 0.000 0.000 0.000 0.000 0.000 62.624 62.648 62.691 62.746 62.765 78.753 85.718 62.670 62.616 62.562 62.512 62.466 68.425 21.392 0.000 0.000 0.000 0.000 0.000 0.000 0.000 0.000 0.000 0.000 0.000 0.000 0.000 0.000 0.000 0.000 4.380 2.384 0.000 8.536 67.545 65.559 66.577 63.596
99.379 104.379 103.379 103.379 103.378 103.378 103.378 103.377 103.377 103.376 104.376 89.375 68.375 67.374 76.374 100.373 103.373 103.373 109.372 14.372 5.372 0.000 0.000 0.000 0.000 0.000 0.000 0.000 0.000 0.000 0.000 0.000 0.000 0.000 0.000 58.655 62.685 59.754 62.884 62.911 81.889 85.838 62.772 62.704 62.642 62.588 62.542 59.501 9.446 0.000 0.000 0.000 0.000 0.000 0.000 0.000 0.000 0.000 0.000 0.000 0.000 59.679 0.000 0.000 0.000 0.000 0.000 1.622 63.598 64.600 66.615 66.639 63.671
102.379 103.379 103.379 103.379 103.379 103.378 103.378 103.378 103.377 103.377 103.376 100.375 77.375 78.374 95.374 102.373 103.373 103.372 110.372 27.372 0.000 0.000 0.000 0.000 0.000 0.000 0.000 0.000 0.000 0.000 0.000 0.000 0.000 0.000 0.000 0.000 58.685 0.000 62.126 63.107 91.054 77.973 62.877 62.787 62.713 75.656 65.615 60.590 0.000 0.000 0.000 0.000 0.000 0.000 0.000 0.000 0.000 0.000 0.000 0.000 11.679 70.679 55.679 0.000 0.000 0.000 1.656 64.645 67.637 66.643 63.661 59.692 59.738
103.380 103.379 103.379 103.379 103.379 103.379 103.378 103.378 103.377 103.377 103.376 103.375 105.375 105.374 104.373 103.373 103.372 105.372 94.371 37.371 0.000 0.000 0.000 0.000 0.000 0.000 0.000 0.000 0.000 0.000 0.000 0.000 0.000 0.000 0.000 0.000 0.000 0.000 62.386 63.336 97.248 66.123 62.976 62.853 74.766 83.707 62.670 62.655 61.671 0.000 0.000 0.000 0.000 0.000 0.000 0.000 0.000 0.000 0.000 0.000 0.000 66.679 67.679 54.678 1.676 60.673 62.667 66.663 65.664 63.673 62.694 58.730 66.787
102.380 101.380 103.380 103.380 103.379 103.379 103.379 103.378 103.378 103.377 103.376 103.376 103.375 103.374 103.373 103.372 104.372 87.371 15.370 6.370 64.370 78.369 24.369 0.000 0.000 5.369 0.000 0.000 0.000 0.000 0.000 0.000 0.000 0.000 0.000 4.391 4.360 1.208 58.697 69.603 92.478 63.296 60.051 62.882 62.793 62.738 62.704 62.688 62.687 59.687 0.000 0.000 0.000 0.000 0.000 0.000 0.000 0.000 0.000 0.000 0.680 61.679 57.679 63.679 58.678 66.677 66.675 65.676 61.681 64.692 59.713 58.746 58.803
92.380 92.380 101.380 103.380 103.380 103.380 103.379 103.379 103.378 103.377 103.377 104.376 105.375 103.374 103.373 103.372 103.371 25.370 9.370 64.369 74.369 84.369 83.369 76.369 68.369 9.369 0.000 0.000 0.000 0.000 0.000 0.000 0.000 0.000 4.442 63.422 66.374 66.258 63.035 61.902 70.764 58.530 0.000 58.833 62.784 62.746 62.721 62.706 61.701 0.000 0.000 0.000 0.000 0.000 0.000 0.000 63.680 74.680 0.000 0.000 62.680 60.680 60.680 57.680 65.680 66.680 66.682 63.685 66.691 66.702 64.718 59.739 48.761
74.381 79.381 98.381 104.381 103.381 103.380 103.380 103.379 103.378 103.378 105.377 91.376 87.375 102.374 107.372 104.371 99.370 81.369 84.369 90.369 84.369 85.369 64.369 57.369 3.369 0.369 0.000 0.000 0.000 0.000 0.000 0.412 1.412 0.000 54.461 60.481 63.455 63.387 63.284 63.204 65.148 0.000 0.000 0.000 57.763 62.742 62.726 62.716 62.711 0.711 0.000 0.000 0.000 0.000 0.000 23.680 80.680 62.680 60.680 60.680 60.680 60.680 58.680 63.681 66.681 66.683 62.686 66.690 66.698 65.707 59.719 60.731 50.741
58.381 73.381 92.382 105.382 106.381 106.381 104.380 103.380 104.379 103.378 104.377 42.376 13.375 61.374 79.372 100.370 107.369 105.368 105.367 91.367 14.368 0.000 0.000 0.000 0.000 0.000 0.000 0.000 0.000 9.412 11.412 1.412 1.412 1.412 0.000 59.586 63.579 61.551 62.511 64.482 65.475 0.000 0.000 0.000 0.000 55.734 62.726 62.720 59.715 0.000 0.000 0.000 0.000 0.000 0.000 0.000 22.680 76.680 59.680 59.680 60.680 59.680 59.681 65.681 66.682 64.684 52.688 5.694 70.702 64.710 64.718 64.726 50.731
22.382 44.382 77.383 83.383 77.382 79.382 96.381 104.381 100.380 93.379 92.378 27.377 0.000 0.000 0.000 37.369 72.368 98.366 105.365 2.366 0.000 0.000 0.000 0.000 0.000 0.000 0.000 0.000 0.000 51.412 72.412 17.412 2.412 1.412 0.000 59.699 65.722 64.727 73.726 74.740 64.794 9.950 0.000 0.000 0.000 0.000 59.724 60.722 0.000 0.000 0.000 0.000 0.000 0.000 0.000 0.000 0.000 81.680 84.680 64.680 58.680 56.681 66.681 66.681 61.682 0.000 0.000 0.000 11.708 69.713 66.718 66.723 56.725
0.000 0.000 58.384 67.384 19.384 5.383 68.382 97.381 88.380 84.379 98.378 65.377 25.376 0.000 0.000 0.000 0.000 43.363 74.360 0.000 0.000 0.000 0.000 0.000 0.000 0.000 0.000 0.000 0.000 0.000 56.412 74.412 5.412 0.000 0.000 50.790 64.881 62.911 92.928 85.956 64.011 66.106 12.209 0.000 0.000 0.000 54.724 0.000 0.000 0.000 0.000 0.000 0.000 0.000 0.000 0.000 0.000 0.000 69.680 86.681 71.681 65.681 66.681 61.681 0.000 0.000 0.000 0.000 0.000 61.716 66.719 66.721 61.723
0.000 0.000 54.386 99.386 56.385 5.384 57.383 89.382 91.381 102.380 104.378 107.377 113.375 52.373 21.371 0.000 0.000 0.000 14.352 9.347 0.334 2.323 0.000 0.000 0.000 0.000 0.000 0.000 0.000 0.000 57.412 72.412 2.412 9.412 13.412 0.000 58.102 66.106 96.118 78.144 66.190 65.253 70.313 0.000 0.000 0.000 0.000 0.000 0.000 0.000 0.000 0.000 0.000 0.000 0.000 0.000 0.000 0.000 0.000 7.681 74.681 64.681 62.681 0.000 0.000 0.000 0.000 0.717 60.717 59.717 61.719 55.720 0.000
27.390 42.390 76.388 94.387 102.386 71.385 84.384 107.383 104.382 103.381 103.379 103.377 103.375 109.372 112.369 68.364 27.359 9.354 72.349 86.342 79.332 81.322 37.311 13.302 10.295 0.000 0.000 0.000 0.000 0.000 36.412 58.412 64.412 64.412 67.412 26.412 59.320 88.293 90.294 67.313 65.351 65.404 68.476 13.592 8.643 0.000 0.000 0.000 0.000 0.000 0.000 0.000 0.000 0.000 0.000 0.000 0.000 0.000 0.000 0.000 0.681 0.681 8.681 0.000 0.000 0.000 0.000 62.717 57.717 55.717 0.000 0.000 0.000
100.391 103.391 103.390 101.389 99.388 100.387 102.386 102.385 103.383 104.381 104.380 103.377 96.375 100.372 103.369 107.364 111.360 112.354 104.348 100.341 97.332 92.322 94.310 87.299 43.288 21.276 0.000 0.000 0.000 0.000 0.000 0.000 0.000 0.000 0.000 83.505 72.472 101.453 92.451 79.465 66.495 65.538 65.593 69.657 65.694 0.000 0.000 0.000 0.000 0.000 0.000 0.000 0.000 0.000 0.000 0.000 0.000 0.000 0.000 0.000 0.000 0.000 0.000 0.000 0.000 0.000 0.000 0.000 0.000 0.000 0.000 0.000 0.000
103.392 98.392 96.391 95.391 89.390 86.389 87.387 87.386 93.384 98.383 98.381 91.378 75.376 90.372 103.369 103.365 103.360 103.355 103.349 103.342 104.333 104.322 107.310 108.296 108.281 108.264 47.244 0.000 0.000 0.000 0.000 0.000 0.000 0.000 0.000 55.629 81.611 86.595 70.591 87.602 75.625 65.660 65.703 68.749 11.783 0.000 1.056 1.064 0.000 0.000 0.000 0.000 0.000 0.000 0.000 0.000 0.000 0.000 0.000 0.000 0.000 0.000 0.000 0.000 0.000 0.000 0.000 0.000 0.000 0.000 0.000 0.000 0.000
73.394 46.394 68.393 82.392 80.391 60.390 45.389 41.388 61.386 78.384 77.382 70.379 65.377 75.373 96.370 104.366 103.362 103.357 103.351 103.344 103.336 107.325 82.310 70.294 69.277 73.255 76.225 15.174 4.124 0.765 0.597 0.000 0.000 0.000 0.000 53.773 89.748 72.725 64.718 74.725 85.744 69.773 65.809 65.852 71.905 15.997 10.048 2.072 1.087 7.087 5.087 0.000 0.000 0.000 0.000 0.000 0.000 0.000 0.000 0.000 0.000 0.000 0.000 0.000 0.000 0.000 0.000 0.000 0.000 0.000 0.000 0.000 0.000
63.396 34.395 56.395 71.394 67.393 44.392 30.391 34.389 54.388 68.386 66.383 66.381 67.378 65.375 84.371 101.368 103.363 103.359 103.354 103.348 102.341 65.333 0.000 0.000 0.000 0.000 0.000 0.000 0.000 60.232 80.213 32.184 18.155 14.120 61.057 77.941 94.881 71.840 65.831 63.837 80.854 82.878 68.910 65.946 65.989 69.038 78.073 16.091 11.102 0.000 20.087 0.000 0.000 0.000 0.000 0.000 0.000 0.000 0.000 0.000 0.000 0.000 0.000 0.000 0.000 0.000 0.000 0.000 0.000 0.000 0.000 0.000 0.000
76.398 72.398 67.397 66.396 67.395 69.394 70.393 73.391 72.389 68.387 67.385 67.383 67.380 66.377 73.373 95.370 104.366 103.362 105.357 77.353 43.347 0.000 0.000 0.000 0.000 0.000 0.000 0.000 0.000 25.218 47.205 50.184 54.162 68.147 65.110 86.052 82.998 56.922 63.927 65.938 67.955 80.978 73.004 68.034 66.065 65.094 82.113 73.119 67.119 0.000 0.000 0.000 0.000 0.000 0.000 0.000 0.000 0.000 0.000 0.000 0.000 0.000 0.000 0.000 0.000 0.000 0.000 0.000 0.000 0.000 0.000 0.000 0.000
66.400 67.400 67.400 67.399 67.398 67.397 67.395 67.394 67.392 67.390 67.387 67.385 67.382 67.379 65.375 86.372 103.368 105.365 101.361 27.359 0.000 0.000 0.000 0.000 0.000 0.000 0.000 0.000 0.000 0.000 0.000 0.000 0.000 52.197 69.185 95.159 69.136 0.000 52.020 67.033 65.051 69.073 70.096 79.120 68.143 66.160 65.166 61.154 2.137 0.000 0.000 0.000 0.000 0.000 0.000 0.000 0.000 0.000 0.000 0.000 0.000 0.000 0.000 0.000 0.000 0.000 0.000 0.000 0.000 0.000 0.000 0.000 25.697
67.403 67.403 67.402 67.401 67.400 67.399 67.398 66.396 66.394 67.392 67.389 67.387 67.384 67.381 66.377 74.374 89.371 100.367 88.365 14.363 0.000 0.000 0.000 0.000 0.000 0.000 0.000 0.000 0.000 0.000 0.000 0.000 0.000 29.258 78.273 103.263 13.252 0.000 50.099 68.122 66.144 65.166 73.187 84.208 72.226 66.238 70.235 3.195 0.000 0.000 0.000 0.000 0.000 0.000 0.000 0.000 0.000 0.000 0.000 0.000 0.000 0.000 0.000 0.000 0.000 0.000 0.000 0.000 0.000 0.000 0.000 0.000 82.777
67.406 67.405 67.405 67.404 67.403 67.402 67.401 71.399 72.397 68.395 67.392 67.389 67.386 67.383 67.380 66.376 69.373 78.369 78.367 19.365 0.000 0.000 0.000 0.000 0.000 0.000 21.042 0.000 0.000 0.000 0.000 0.000 0.000 1.404 82.387 97.368 20.357 0.000 34.155 65.211 66.239 66.260 65.279 70.298 72.316 68.332 70.342 0.000 0.000 0.000 0.000 0.000 0.000 0.000 0.000 0.000 0.000 0.000 0.000 0.000 0.000 0.000 0.000 0.000 0.000 0.000 0.000 0.000 0.000 0.000 0.000 66.999 75.908
67.409 67.409 67.408 67.407 67.406 67.405 66.404 78.402 83.400 70.397 67.395 67.392 67.389 67.386 67.382 67.378 67.375 66.371 69.368 50.366 0.000 0.000 0.000 0.000 0.000 63.043 84.042 46.040 37.032 36.021 0.000 0.000 0.000 63.566 105.506 79.467 79.450 6.470 0.000 51.328 68.340 66.355 66.371 64.388 80.408 84.430 78.459 1.549 0.000 0.000 0.000 0.000 0.000 0.000 0.000 0.000 0.000 0.000 0.000 0.000 0.000 0.000 0.000 0.000 0.000 0.000 0.000 0.000 0.000 0.000 41.163 92.091 78.016
67.412 67.412 67.411 67.411 67.410 67.408 66.407 79.405 85.403 69.401 67.398 67.395 67.392 67.388 67.385 67.381 67.377 67.372 67.368 73.364 44.360 0.000 0.000 0.000 3.043 26.043 41.044 63.046 71.034 75.010 48.962 24.897 59.810 97.685 95.604 75.543 57.508 15.489 0.000 51.434 68.439 67.449 70.461 65.477 74.497 97.523 94.561 39.626 3.684 19.711 0.000 0.000 0.000 0.000 0.000 0.000 0.000 45.212 75.212 79.212 0.000 0.000 88.212 149.212 0.000 0.000 0.000 0.000 0.000 0.000 78.235 134.183 117.122
64.416 65.416 66.415 66.414 67.413 67.412 65.410 80.409 83.406 66.404 67.401 67.398 67.395 67.391 67.387 67.383 67.379 67.374 67.368 67.362 73.355 53.346 4.339 0.000 0.000 0.000 0.000 39.066 70.050 66.022 68.978 72.920 84.846 101.760 85.683 53.592 3.550 0.000 0.000 50.533 67.535 70.540 83.549 69.562 79.580 80.604 99.636 103.677 86.715 36.737 0.000 0.000 0.000 0.000 0.000 0.000 0.000 0.000 36.212 64.212 78.212 110.212 148.212 71.212 0.000 0.000 0.000 0.000 0.000 64.447 74.358 75.288 78.224
85.420 80.419 75.419 73.418 69.417 65.416 65.414 80.412 83.410 65.408 67.405 67.402 67.398 67.395 67.390 67.386 66.381 65.375 66.369 66.362 66.354 72.343 49.332 26.317 1.302 0.000 0.000 38.100 76.080 70.050 65.009 77.959 100.896 94.825 62.777 0.000 0.000 0.000 0.000 48.631 66.627 71.626 78.632 73.642 78.657 77.677 90.702 84.732 77.761 50.787 5.818 0.000 0.000 0.000 0.000 0.000 0.000 0.000 0.000 32.212 110.212 113.212 116.212 1.212 11.212 0.212 0.000 7.612 41.612 69.537 138.459 102.396 134.283
105.424 104.424 100.423 95.422 91.421 86.420 81.418 77.416 72.414 66.412 67.409 67.406 67.402 67.398 66.394 68.389 74.384 79.378 78.371 76.363 70.353 65.342 69.328 75.311 39.287 20.253 24.211 58.155 81.120 72.087 68.051 91.009 102.955 58.867 3.822 0.000 0.000 11.807 18.787 52.734 65.714 70.708 86.709 76.717 69.729 62.745 68.764 86.786 83.809 89.831 8.850 0.000 0.000 0.000 0.000 0.000 0.000 0.000 0.000 0.000 0.000 0.000 0.000 0.000 8.212 0.000 0.000 0.000 76.688 67.627 77.561 100.457 76.633
