results1/res_4e8f-0039.wd
ncols         241
nrows         181
xllcorner     12693529.787448
yllcorner     3542525.717860
cellsize      155.156523
NODATA_value  -9999.000000
[rows 132 to 164 of 181, columns 0 to 73 of 241]
75.513 80.514 84.516 84.518 86.522 86.527 80.532 71.539 57.546 46.555 45.565 46.576 45.589 44.603 49.618 63.635 74.653 79.673 79.695 76.718 68.743 59.769 50.796 44.822 49.850 51.882 50.900 51.909 49.913 44.914 58.910 81.897 48.865 0.000 0.000 0.000 0.000 41.111 53.103 50.071 52.060 58.061 76.069 62.078 46.086 45.091 45.094 57.095 78.092 19.086 0.000 0.000 0.000 0.000 0.000 0.000 0.000 0.000 0.000 0.000 0.000 0.000 0.000 0.000 19.075 0.000 2.599 43.530 66.397 70.298 70.189 80.273 107.735 98.080
53.538 55.539 58.541 64.544 74.548 80.552 85.558 85.565 78.572 64.581 53.591 47.603 51.616 58.630 71.646 86.663 85.682 82.702 82.723 85.746 85.770 81.795 69.820 57.845 49.871 44.896 45.916 44.930 45.941 53.948 75.952 83.953 0.000 0.000 0.000 0.000 0.000 27.119 45.129 54.118 55.107 52.110 53.128 63.140 58.146 51.148 55.146 63.141 76.131 17.105 3.098 9.093 0.000 0.000 0.000 0.000 0.000 0.000 0.000 0.000 0.000 0.000 0.000 0.000 1.075 0.000 50.669 72.595 68.477 77.448 68.508 107.866 96.622 98.128
45.564 45.564 45.566 47.569 52.573 56.578 63.583 72.590 80.598 83.607 77.617 75.629 77.642 80.657 79.673 72.691 63.710 61.730 61.751 66.773 72.797 79.820 82.845 81.869 70.894 60.917 55.938 53.956 62.972 78.987 80.000 66.010 0.000 0.000 0.000 0.000 0.000 0.000 28.176 55.166 34.140 22.147 37.192 52.208 67.211 71.209 73.202 74.194 70.188 0.000 0.000 12.088 9.087 0.000 0.000 0.000 0.000 0.000 0.000 0.000 0.000 0.000 35.200 5.154 71.075 92.969 125.784 81.744 76.789 57.741 93.801 98.300 98.197 106.931
46.589 46.590 46.592 46.595 45.598 44.603 46.609 51.616 57.624 67.633 77.643 79.654 72.668 62.683 56.700 48.718 44.737 44.758 44.779 46.801 51.823 57.847 64.870 76.894 81.918 83.942 82.964 78.985 82.006 75.027 57.050 49.080 28.128 0.000 0.000 0.000 0.000 0.000 21.232 54.233 0.000 0.000 30.287 55.288 74.284 82.275 68.261 71.246 57.238 15.249 0.000 39.086 8.086 0.009 0.001 0.000 0.000 0.000 0.000 0.000 0.000 22.298 41.247 114.188 143.108 125.971 109.504 108.436 100.099 98.746 98.607 98.459 63.685 108.596
46.614 46.615 46.617 46.620 46.624 46.629 46.634 45.641 45.649 48.658 54.668 53.679 49.693 45.708 45.726 45.745 46.765 46.785 46.807 46.828 45.850 44.873 46.897 52.920 59.944 68.968 76.992 73.016 62.040 50.066 46.095 51.131 59.178 35.239 13.281 13.305 0.000 0.318 36.288 57.302 7.347 0.000 49.381 81.375 83.364 62.346 65.322 64.292 52.272 41.260 0.000 20.085 0.000 0.000 0.000 0.000 0.000 0.000 0.000 0.000 0.000 3.351 66.299 72.218 68.201 69.350 67.314 99.117 99.001 98.878 66.056 68.827 70.692 72.352
46.639 46.640 46.642 46.645 46.649 46.654 46.660 46.667 46.674 46.682 45.692 45.703 45.716 46.732 46.751 46.772 46.793 46.814 46.835 46.856 46.878 46.900 46.923 45.947 44.971 45.996 50.021 48.047 47.074 51.103 54.135 53.172 51.214 53.260 53.299 50.330 50.359 54.361 29.330 15.341 4.393 22.491 67.482 81.469 61.449 54.425 53.391 33.327 29.299 0.000 0.000 0.000 0.000 0.000 0.000 0.000 0.000 13.874 28.857 0.000 12.543 75.427 82.421 80.493 78.477 79.552 99.335 99.228 80.324 87.108 79.955 85.721 77.557 56.491
46.664 46.665 46.667 46.670 46.675 46.680 46.685 46.692 46.699 46.707 46.716 46.726 46.738 46.754 46.777 46.800 46.822 46.843 46.864 45.884 52.906 54.928 46.951 45.974 44.998 46.024 48.050 51.077 54.106 53.137 48.171 49.208 56.248 59.289 55.327 49.359 46.385 55.398 0.000 0.000 0.000 62.599 71.589 58.569 50.542 70.513 16.491 0.000 0.000 0.000 0.000 0.000 0.000 0.000 0.000 0.000 23.933 65.892 94.841 55.749 88.588 96.738 93.700 92.790 99.634 99.538 99.439 92.422 94.291 93.984 92.839 91.764 9.674 0.000
46.689 46.690 46.692 46.696 46.700 46.705 46.711 46.718 46.725 46.732 49.739 49.747 47.756 51.771 49.802 46.830 46.853 46.873 45.893 43.913 54.934 62.956 48.978 46.001 48.026 51.052 53.079 52.107 49.137 51.170 56.205 58.242 59.281 59.321 54.360 48.396 57.427 76.448 0.000 0.000 0.000 36.718 59.706 56.678 60.636 80.597 14.569 0.000 0.000 0.000 0.000 0.000 0.000 0.000 0.000 22.023 73.976 89.919 92.840 97.821 94.964 91.949 99.898 99.814 99.727 91.752 92.530 93.395 93.070 93.037 85.964 62.864 0.000 0.000
46.714 46.715 46.717 46.721 46.725 46.731 46.737 46.744 46.751 47.758 54.763 54.768 31.770 0.000 20.834 50.866 44.886 47.905 53.923 56.942 56.962 52.983 49.005 50.028 53.053 52.079 51.107 53.136 57.168 57.201 59.237 58.275 49.315 44.356 46.397 59.438 78.479 88.521 10.577 0.000 0.000 11.849 67.840 69.801 76.729 75.671 11.619 0.000 0.000 0.000 0.000 0.000 0.000 0.187 26.125 70.078 91.997 95.008 94.088 94.082 93.165 100.058 99.979 91.974 92.767 93.621 93.403 93.252 93.204 85.133 77.089 0.000 0.000 0.000
46.739 46.740 46.742 46.746 46.751 46.757 46.764 46.771 46.779 48.785 57.790 68.791 44.788 0.000 0.000 35.913 61.924 53.938 51.954 51.971 49.990 49.011 51.032 53.055 51.080 47.106 49.134 61.164 63.196 53.231 47.268 44.307 44.348 49.391 63.435 79.481 76.530 60.582 32.634 0.767 0.000 38.991 68.005 49.958 40.808 32.739 0.000 0.000 0.000 0.000 0.000 0.000 0.000 19.229 70.176 92.084 94.273 93.263 93.368 100.286 100.212 100.136 92.047 93.920 93.628 93.496 93.436 93.358 87.277 74.210 64.171 0.000 0.000 0.000
46.763 46.764 46.766 46.770 46.776 46.783 46.791 46.800 46.808 48.815 58.820 45.820 1.803 0.000 0.000 3.952 57.958 49.969 51.984 51.000 49.018 52.038 53.059 50.081 47.106 43.132 53.160 67.191 54.224 44.260 45.298 50.338 60.381 71.425 82.472 75.522 53.578 48.643 67.728 74.867 76.011 80.121 55.232 16.218 0.000 0.000 0.000 0.000 0.000 0.000 0.000 0.000 24.328 70.261 92.269 94.449 93.469 100.491 100.425 100.357 92.332 93.123 94.002 93.695 93.674 93.609 93.528 94.432 82.347 53.257 42.213 0.209 0.000 0.000
45.788 45.788 46.789 46.793 46.800 46.810 46.819 46.829 46.839 49.848 59.857 30.865 0.000 0.000 27.992 29.984 46.989 48.999 37.012 19.028 57.045 52.064 48.085 47.107 45.130 47.156 63.184 66.216 48.250 51.287 63.327 72.369 81.412 79.458 67.507 53.559 46.618 62.686 66.768 54.879 36.046 34.250 22.583 2.694 0.040 0.000 0.000 12.634 7.634 0.000 0.000 18.408 70.427 93.524 94.543 92.651 100.617 100.555 92.513 93.316 94.184 93.985 93.856 93.826 93.768 93.711 96.636 60.496 40.422 0.000 0.000 0.000 0.000 0.000
54.814 52.812 49.810 47.813 44.824 44.836 44.848 44.859 43.871 48.883 60.897 43.918 24.961 32.986 51.000 47.006 44.015 50.026 45.040 32.055 52.072 46.090 45.110 45.131 47.154 61.179 69.207 35.238 27.274 77.313 82.355 77.398 66.443 56.489 48.538 44.591 55.650 67.715 35.781 10.836 0.000 0.000 3.576 2.693 0.147 1.452 4.581 32.634 16.634 0.000 0.000 50.655 92.694 91.817 100.800 100.740 100.679 92.562 94.440 94.161 94.047 94.010 95.960 90.902 92.866 93.834 104.808 0.000 0.000 0.000 0.000 0.000 0.000 0.000
55.842 57.838 63.825 64.828 64.847 61.864 62.879 61.891 60.903 60.916 62.932 45.952 49.978 48.999 46.015 49.027 49.039 48.052 53.066 55.081 49.098 43.116 45.135 47.155 61.177 66.200 55.227 49.258 58.295 81.336 64.382 55.427 47.472 45.518 47.566 46.619 60.678 69.743 33.805 9.850 0.002 2.042 5.035 1.921 4.874 11.341 13.581 6.687 0.000 0.000 28.847 70.903 100.967 100.913 100.858 92.813 93.609 94.497 94.201 94.191 95.142 95.089 68.038 45.967 80.960 94.949 99.955 40.010 0.000 0.000 0.000 0.000 0.000 0.000
48.875 42.874 0.000 0.000 6.872 53.897 50.912 50.923 50.935 54.948 63.963 44.980 46.000 45.019 48.036 52.050 53.063 51.077 50.092 53.107 54.124 51.141 45.160 62.179 68.199 59.220 65.243 82.273 79.311 61.358 49.410 45.457 47.501 47.545 46.591 51.641 67.702 69.773 61.849 64.909 35.970 0.366 0.000 0.000 10.326 17.526 7.715 4.847 0.000 23.890 72.018 101.071 101.020 92.972 93.772 94.647 94.456 94.337 94.315 95.263 93.215 87.166 12.138 0.000 63.057 98.049 95.051 94.066 0.000 0.000 0.000 0.000 0.000 0.000
46.910 38.911 0.000 0.000 0.000 49.942 45.948 45.957 45.966 49.978 63.992 42.008 46.025 50.043 52.059 53.074 50.088 47.103 45.118 47.133 57.150 70.167 65.184 66.202 43.220 37.237 89.254 75.279 42.321 2.374 22.444 50.491 47.532 47.572 49.611 42.652 26.718 16.799 28.909 68.968 45.012 0.761 0.772 0.000 6.579 11.720 5.907 11.134 11.716 50.025 101.148 92.178 95.907 94.799 94.610 94.495 94.466 94.425 95.379 95.336 60.290 36.222 22.210 25.211 76.161 97.141 93.135 84.136 2.136 0.000 0.000 0.000 0.000 0.000
46.944 46.950 29.967 0.000 0.000 50.981 46.984 46.990 45.997 47.007 62.019 49.034 52.051 54.068 53.084 48.100 45.114 46.129 46.144 45.159 55.175 78.192 74.210 61.227 54.243 45.256 21.259 10.269 0.000 0.000 3.503 52.532 47.566 49.601 32.630 6.641 0.000 0.000 31.019 48.043 17.027 0.000 1.139 6.590 13.690 9.871 4.052 0.000 2.490 49.493 101.246 95.067 94.817 94.636 94.616 94.575 94.530 94.487 92.447 83.412 16.386 0.000 33.271 92.260 97.236 95.219 89.210 79.208 0.000 0.000 0.000 0.000 0.000 0.000
43.973 45.978 42.986 0.000 0.000 51.018 46.019 44.022 46.027 50.034 54.045 53.060 53.078 51.095 45.111 46.127 46.141 47.156 47.170 52.186 70.202 69.218 62.236 71.254 69.271 40.284 0.000 0.000 0.000 0.000 1.548 52.569 47.600 50.636 21.668 0.000 18.015 44.062 64.106 33.159 0.000 0.000 0.000 0.000 5.722 6.020 6.380 2.363 2.511 101.521 101.385 93.986 94.818 94.714 94.675 94.631 94.589 96.548 81.511 64.479 24.457 0.443 48.342 78.324 87.304 96.288 85.280 74.278 0.000 0.000 0.000 0.000 0.000 0.000
50.999 49.004 38.012 0.000 37.069 45.056 47.052 51.053 52.055 53.058 51.067 52.083 50.106 46.125 46.141 47.155 47.169 46.183 48.197 71.212 70.228 52.245 65.263 63.282 67.303 65.327 28.361 0.000 0.000 23.550 28.566 48.592 47.629 47.676 42.740 34.851 51.968 51.067 45.182 67.331 15.511 0.000 0.000 0.000 4.456 3.107 4.661 29.247 53.851 101.633 96.345 96.061 95.797 94.777 94.731 94.688 95.646 93.607 48.570 25.536 37.508 38.484 92.425 94.392 74.368 84.351 79.343 52.346 17.371 0.000 0.000 0.000 0.000 0.000
52.020 53.029 50.048 38.076 52.084 52.084 52.083 53.083 53.082 54.078 66.083 48.101 46.138 46.158 47.172 47.185 47.198 48.211 62.224 73.239 48.254 52.271 79.289 71.310 59.333 62.360 65.397 49.448 54.492 69.536 62.570 50.606 43.649 43.700 54.764 70.847 57.940 30.057 2.227 57.471 46.692 1.852 6.037 11.400 7.823 0.366 2.868 44.332 96.700 101.726 93.323 95.956 96.877 94.832 94.788 94.744 87.702 77.662 34.624 5.589 14.556 15.522 76.482 118.449 99.424 75.405 67.394 46.392 55.397 8.397 0.000 0.000 0.000 19.438
57.032 57.045 53.076 53.097 53.108 54.112 54.115 50.116 47.111 46.092 9.087 0.000 50.189 47.197 47.207 47.217 46.228 49.239 73.251 59.265 44.280 50.297 67.315 84.335 79.359 76.386 74.418 70.456 66.494 65.533 73.572 70.615 64.661 60.712 63.770 67.834 29.890 0.000 0.000 9.544 5.618 0.000 7.154 17.339 13.597 4.629 0.301 43.535 101.903 101.815 96.228 98.050 94.930 94.889 95.843 91.799 75.756 68.716 74.676 80.639 64.603 86.568 101.532 118.500 127.473 111.452 73.438 78.430 53.428 0.000 0.000 0.000 0.000 0.000
0.000 0.000 57.114 52.128 52.138 47.144 44.150 46.154 41.155 0.000 0.000 0.000 51.233 47.235 47.241 47.249 47.257 65.267 72.278 45.291 47.305 47.321 50.339 56.360 58.382 58.407 54.434 57.465 73.496 66.529 57.573 60.619 67.671 71.718 74.771 71.832 46.895 11.957 0.000 0.000 0.000 0.000 2.078 11.204 0.000 0.000 13.526 73.734 101.990 93.603 97.291 97.021 94.995 94.944 95.898 90.853 77.809 43.767 50.727 93.688 104.651 136.614 127.579 99.546 87.517 104.493 83.475 77.463 52.457 0.000 0.000 0.000 0.000 0.000
0.000 0.000 6.139 61.164 46.174 44.178 46.187 46.196 47.202 0.000 0.000 40.290 48.274 47.272 47.275 47.280 49.287 73.295 58.305 44.316 47.329 47.345 47.363 46.382 46.403 46.425 45.449 52.474 81.497 60.516 0.000 0.000 11.687 62.717 72.765 56.828 61.902 49.020 1.947 1.447 0.000 0.000 8.610 0.997 0.000 0.000 31.708 102.164 102.077 96.482 98.198 94.096 95.047 94.998 94.950 94.905 81.860 44.817 59.776 96.736 92.697 126.659 121.622 90.588 95.556 81.528 62.505 80.489 58.481 0.000 0.000 0.000 0.000 0.000
45.320 41.319 0.000 53.218 63.216 64.207 45.227 57.240 64.257 40.292 38.307 48.307 47.304 47.304 47.306 47.311 66.317 70.323 45.330 47.339 46.351 45.367 47.386 47.405 47.424 47.444 46.464 54.484 83.504 64.522 10.538 0.000 34.673 59.700 72.746 51.813 41.866 0.949 0.000 1.757 1.590 10.205 14.407 0.000 0.000 10.705 72.908 102.252 93.774 97.454 97.187 95.154 95.100 95.050 95.002 95.955 86.910 75.866 98.824 123.783 111.742 128.703 125.664 119.627 126.591 92.558 69.530 79.509 87.496 16.492 0.000 0.000 0.000 0.000
47.323 46.318 41.304 47.274 46.267 0.000 68.275 60.282 47.294 48.312 48.324 47.329 47.331 47.334 47.337 50.341 73.346 56.351 46.355 47.361 53.371 61.387 47.409 45.429 47.446 46.462 49.479 73.496 81.514 56.532 44.554 32.590 54.634 53.666 14.705 0.000 0.000 0.000 0.000 0.000 0.000 0.000 0.000 0.000 13.922 70.975 93.078 102.338 94.730 95.347 95.258 95.204 95.151 95.101 95.052 96.005 86.959 69.914 65.871 98.828 88.787 102.746 105.706 93.665 95.624 67.583 44.547 58.520 125.501 78.489 13.475 3.463 25.452 46.444
47.332 47.327 47.319 47.310 47.310 41.324 57.317 73.319 49.327 46.338 47.348 47.354 47.359 47.363 46.368 69.372 71.376 45.379 47.381 48.380 45.384 7.402 66.437 61.455 48.469 46.482 64.495 83.508 67.523 47.539 47.559 48.583 51.608 55.624 0.000 0.000 0.000 0.000 0.000 0.000 0.000 0.000 0.000 0.000 37.133 94.192 102.511 102.425 94.626 95.431 95.303 95.254 95.201 95.150 95.100 94.053 79.006 80.961 100.917 119.873 118.831 123.789 128.747 115.703 113.656 100.602 49.555 47.523 123.501 87.486 25.474 18.462 83.448 116.442
47.346 47.340 47.337 47.338 47.341 47.347 47.348 58.352 73.359 49.367 46.375 47.382 47.388 45.394 53.399 74.404 54.409 46.411 48.409 46.394 0.000 0.000 54.482 55.487 61.494 60.502 68.511 67.521 48.532 46.544 48.559 51.576 56.591 56.600 0.000 0.000 0.000 0.000 0.000 0.000 0.000 0.000 0.000 0.122 45.590 99.481 102.597 94.005 95.669 95.393 95.359 95.301 95.248 95.197 95.147 95.099 81.052 77.007 97.962 98.918 98.875 101.832 101.790 100.746 105.695 78.616 54.550 69.515 84.494 23.482 0.000 0.000 27.437 53.435
47.366 49.352 49.351 47.365 47.371 47.375 47.379 47.383 58.389 73.397 49.405 44.412 44.419 61.426 73.432 67.438 44.444 47.448 43.450 0.000 0.000 40.539 47.522 47.518 53.519 70.523 70.527 63.533 56.540 48.548 35.558 5.571 70.581 50.586 0.000 0.000 0.000 0.000 0.000 0.000 0.000 0.000 0.000 0.261 19.418 102.773 102.684 94.867 95.567 95.459 95.403 95.347 95.294 95.243 95.193 96.145 91.098 81.052 76.006 74.962 74.918 74.875 74.834 78.795 52.764 0.000 22.512 78.494 74.477 35.465 0.000 0.000 26.427 72.428
48.402 0.000 0.000 47.400 46.402 45.405 45.409 44.414 44.420 57.427 72.435 65.443 72.451 74.459 61.466 45.474 52.481 52.489 40.495 0.000 0.000 51.557 47.550 49.546 73.543 80.543 58.543 49.544 56.547 63.551 51.554 0.000 30.576 48.578 0.000 0.000 0.000 0.000 0.000 0.000 0.000 0.000 0.000 0.492 6.288 102.859 100.162 95.817 95.545 95.506 95.446 95.391 95.338 95.287 95.237 95.189 96.142 95.096 93.050 92.005 91.960 92.917 94.876 68.837 10.800 0.000 7.493 63.474 94.455 85.437 58.414 34.409 51.416 54.421
47.439 46.451 0.000 46.434 57.434 61.436 65.439 70.443 73.449 74.458 74.467 74.476 60.484 47.493 63.501 80.510 81.520 81.531 74.547 52.576 0.000 48.582 46.578 55.572 83.567 70.562 47.558 46.556 48.555 51.555 42.555 0.000 7.570 7.574 0.000 0.000 0.000 0.000 0.000 0.000 0.000 0.000 7.332 8.835 3.323 102.935 104.097 99.699 95.604 95.544 95.487 95.433 95.380 95.329 95.280 95.233 95.186 95.140 95.094 95.047 96.001 98.958 70.917 3.877 0.000 0.000 0.000 8.453 64.432 95.412 86.398 62.395 39.409 8.415
47.465 49.464 45.476 47.468 62.466 61.466 57.469 53.472 52.477 48.489 69.500 59.509 70.519 61.527 77.536 73.546 66.557 67.571 78.586 84.605 73.621 74.613 66.606 74.599 82.590 55.582 46.574 47.567 47.562 46.559 46.558 48.559 43.562 0.000 52.541 43.540 0.000 0.000 0.000 0.000 0.000 0.000 75.970 73.185 103.037 102.991 97.979 98.768 95.636 95.583 95.526 95.472 95.420 95.371 95.322 95.275 95.229 95.184 95.137 97.089 102.039 70.996 10.956 0.000 0.000 0.000 0.000 0.000 5.407 56.383 91.371 41.366 0.000 0.000
49.492 0.000 44.498 47.496 47.495 47.496 46.498 47.500 49.500 47.522 59.535 54.545 63.554 74.563 62.572 47.582 48.594 49.608 50.624 55.638 68.647 78.644 84.637 82.627 71.615 47.602 47.589 47.577 47.568 47.562 48.559 71.557 44.557 0.000 48.543 0.000 0.000 0.000 0.000 0.000 0.000 7.456 95.757 97.970 103.073 96.349 95.995 95.716 95.678 95.618 95.562 95.509 95.459 95.410 95.363 95.317 95.273 95.228 97.183 82.134 36.068 3.032 0.000 0.000 0.000 0.000 0.000 0.000 0.000 27.341 89.336 41.332 0.000 0.000
50.521 0.000 44.524 47.523 47.524 47.526 47.529 48.531 0.000 46.566 50.573 61.581 61.590 69.599 74.607 60.617 45.629 45.645 45.664 47.678 49.684 50.680 51.671 51.657 50.642 49.624 45.603 45.585 46.572 47.564 58.559 72.556 43.553 37.549 39.546 0.000 0.000 0.000 0.000 0.000 0.000 11.441 94.572 103.128 103.100 95.184 95.877 95.766 95.707 95.650 95.596 95.545 95.496 95.448 95.403 95.359 95.316 95.274 100.234 56.194 0.000 0.000 0.000 0.000 0.000 0.000 0.000 0.000 0.000 30.305 90.300 49.294 0.000 0.000
