results1/res_4e8f-0123.wd
ncols         241
nrows         181
xllcorner     12693529.787448
yllcorner     3542525.717860
cellsize      155.156523
NODATA_value  -9999.000000
[rows 99 to 131 of 181, columns 73 to 145 of 241]
57.848 57.828 57.807 56.786 56.765 61.743 64.721 61.700 57.685 57.678 51.679 7.683 0.000 0.000 0.000 0.000 0.000 13.144 71.159 96.133 94.134 93.298 99.981 99.909 93.013 93.711 93.559 93.451 94.347 94.249 93.161 97.087 56.033 0.000 0.000 0.000 0.000 0.000 0.000 28.280 54.200 66.039 33.768 15.611 45.561 48.496 46.414 50.298 47.054 44.652 14.281 39.021 42.887 57.797 63.732 66.683 64.648 59.622 52.605 47.595 42.590 20.583 0.000 0.000 0.000 0.000 14.903 32.902 44.902 68.902 69.901 69.901 69.901
57.888 57.869 56.849 54.828 58.806 63.782 64.756 64.727 58.706 55.693 60.688 60.687 21.688 0.000 15.924 45.874 22.769 2.543 59.406 99.282 94.534 94.552 100.041 92.330 94.118 93.773 93.686 93.576 93.471 93.372 95.285 94.216 30.171 0.000 0.000 0.000 0.000 0.000 0.000 32.460 38.400 49.331 0.000 0.000 40.724 48.666 47.572 51.431 51.211 21.931 0.000 33.918 47.857 52.790 73.736 74.694 74.662 75.639 76.623 74.613 55.609 0.000 0.000 0.000 0.000 0.000 0.000 31.899 44.899 68.898 69.898 69.897 69.897
57.929 56.912 56.892 59.871 62.848 63.823 38.794 2.746 31.717 67.700 40.693 14.690 6.689 0.000 26.974 76.929 73.842 65.718 84.576 95.717 92.701 100.124 93.615 94.421 93.988 93.923 93.807 93.698 93.588 94.482 92.392 80.322 27.262 0.261 0.000 0.000 0.000 0.000 35.857 42.702 40.608 41.553 14.583 0.000 46.944 64.873 57.775 52.645 27.428 0.000 0.000 16.876 6.834 46.769 71.727 75.695 73.669 73.649 73.635 75.627 48.623 42.627 42.629 48.629 0.000 0.000 0.000 8.898 43.896 68.895 69.895 69.894 69.894
56.972 55.956 60.937 63.916 63.892 63.869 28.851 0.000 0.000 10.698 1.696 0.000 0.000 0.000 20.069 83.027 88.954 96.860 96.809 93.927 100.473 100.258 93.585 94.296 94.147 94.039 93.930 93.820 93.703 99.577 49.478 17.416 1.346 0.000 0.358 3.364 0.000 27.146 45.012 40.883 40.777 39.691 45.614 11.475 40.237 66.107 65.012 62.945 0.000 0.000 0.000 0.000 0.000 44.727 73.709 77.689 74.670 73.654 71.642 60.634 41.630 37.630 38.630 22.629 0.000 0.000 0.000 0.000 39.893 68.892 69.892 69.891 65.890
56.017 62.003 63.985 63.963 61.937 67.908 37.890 0.000 0.000 0.000 0.000 0.000 0.000 0.000 31.205 89.156 92.093 95.964 95.194 95.202 100.666 92.976 94.681 94.356 94.270 94.161 94.055 97.948 103.826 58.644 27.528 2.481 0.000 0.000 0.000 0.375 28.389 51.280 45.162 38.041 42.927 46.818 43.707 41.574 55.421 59.304 49.223 57.177 0.000 0.000 0.000 0.000 0.000 50.702 74.694 79.682 78.668 74.655 69.645 38.638 36.634 37.633 44.632 0.000 0.000 0.000 0.000 33.889 37.890 66.890 69.889 69.889 63.888
63.066 64.054 64.037 63.015 40.985 6.935 25.913 27.912 0.000 0.000 0.000 0.000 0.000 22.509 75.389 89.310 92.211 94.365 95.371 101.005 100.843 93.955 94.656 94.495 94.389 94.282 98.182 60.090 20.011 0.000 37.511 23.498 0.000 0.000 0.000 0.000 36.500 70.423 61.314 56.194 51.071 51.948 49.823 50.694 63.568 57.467 41.398 43.365 0.000 0.000 0.000 0.000 0.000 50.686 78.682 43.677 41.666 73.653 76.645 46.640 37.636 42.634 12.633 0.000 0.000 0.000 0.000 6.889 33.888 51.888 67.887 70.886 63.885
64.119 64.111 60.095 64.072 46.054 0.000 16.912 46.912 0.000 0.000 0.000 0.000 12.725 74.628 88.534 94.453 94.422 94.561 101.295 101.154 93.288 95.062 94.710 94.620 94.506 94.398 98.299 70.221 2.182 0.000 7.507 10.502 0.000 0.000 0.000 0.000 23.688 55.597 60.478 70.349 66.216 54.080 56.943 65.810 60.691 48.597 40.537 41.519 15.569 16.581 0.000 0.000 0.000 48.674 82.672 0.000 0.000 22.647 69.643 59.639 40.637 19.635 0.000 0.000 0.000 0.000 0.000 0.000 6.887 30.886 56.885 66.884 59.884
62.179 59.176 58.159 74.126 53.106 0.000 15.912 43.912 0.000 0.000 0.000 6.895 70.822 83.745 93.672 96.551 95.792 93.820 101.425 92.602 94.375 90.932 92.858 94.735 94.620 95.505 89.395 79.313 27.247 0.000 0.000 0.000 0.000 0.000 0.000 11.195 45.966 50.801 50.652 52.508 61.363 64.214 67.060 60.914 47.788 41.695 40.634 39.606 43.606 28.593 0.000 0.000 0.000 37.663 74.660 40.653 29.648 21.645 64.641 70.638 50.636 0.000 0.000 1.629 0.000 0.000 0.000 0.000 0.000 25.884 49.883 54.883 41.882
56.246 65.253 61.240 2.167 3.136 0.000 6.912 6.912 0.000 0.000 0.000 7.967 86.923 88.865 96.775 95.939 94.958 101.656 101.545 94.563 94.250 94.089 93.970 92.852 93.732 95.607 52.463 3.388 0.000 0.000 0.000 0.000 0.000 14.926 31.734 46.423 57.182 53.989 52.822 49.668 50.515 53.352 65.169 65.996 57.855 46.759 39.699 39.667 41.656 0.000 0.000 0.000 0.000 22.656 64.654 42.650 38.647 38.644 70.639 73.636 56.634 19.631 9.630 52.629 0.000 0.000 0.000 0.000 0.000 28.882 52.882 47.881 33.881
57.319 67.353 54.380 0.000 0.000 0.000 3.912 15.912 0.000 0.000 0.000 74.083 84.042 95.984 95.978 95.119 101.852 101.757 93.880 95.653 95.303 95.208 95.088 94.969 96.850 46.728 0.000 0.000 0.000 0.000 0.000 4.637 30.438 47.118 59.852 55.583 54.349 54.150 53.979 54.826 52.677 51.512 25.268 44.046 68.876 50.787 38.735 41.706 39.694 27.701 0.000 0.000 0.000 23.652 56.648 34.646 0.000 0.000 26.634 63.633 52.632 61.630 68.629 27.629 0.000 0.000 0.000 0.000 0.000 3.881 43.880 41.880 34.880
55.391 59.458 58.547 34.679 0.000 0.000 0.000 1.912 4.912 0.000 27.339 87.240 94.176 96.094 96.251 94.371 101.939 94.172 95.952 95.515 95.445 95.323 96.206 97.088 58.969 0.000 0.000 0.000 0.000 0.000 7.104 49.836 60.560 56.257 54.973 54.710 54.479 54.285 54.120 53.979 53.856 62.749 1.555 0.000 36.814 45.780 37.749 46.727 46.715 28.708 0.000 0.000 0.000 0.000 40.641 77.639 45.636 0.000 19.632 64.631 58.630 49.628 49.628 0.000 0.000 0.000 0.000 0.000 0.000 0.000 22.878 33.878 34.878
67.446 5.541 61.670 59.812 48.988 8.106 0.000 0.000 0.000 18.507 77.437 91.364 97.300 96.281 95.432 102.087 102.017 95.123 95.819 95.666 95.554 96.443 98.325 59.206 0.000 0.000 0.000 0.000 5.923 36.738 47.373 59.041 55.707 55.379 52.074 51.802 51.575 52.389 54.237 54.114 57.019 33.958 0.000 0.000 16.787 41.771 40.753 58.739 54.731 0.000 0.000 0.000 0.000 0.000 24.636 69.635 81.633 38.630 64.630 78.629 70.628 46.627 39.626 11.624 0.000 0.000 0.000 0.000 0.000 0.000 28.877 34.877 38.877
49.475 2.591 63.781 53.909 61.047 53.224 14.520 2.448 11.578 78.578 87.537 97.490 96.372 96.635 94.658 102.147 94.415 96.206 95.864 95.779 96.669 97.567 51.446 0.000 0.000 0.000 0.000 0.000 49.109 59.917 57.610 56.250 57.849 57.476 63.143 67.851 62.629 55.459 49.325 53.221 59.147 17.106 0.000 0.000 12.775 44.764 45.753 67.745 55.740 0.000 0.000 0.000 0.000 0.000 12.632 64.631 73.630 78.629 74.628 74.627 78.626 62.625 41.624 42.623 11.622 4.621 0.000 0.000 0.000 30.876 35.876 33.876 38.876
0.000 0.000 31.929 82.998 46.065 0.000 0.000 16.688 76.699 81.687 95.660 96.563 96.836 94.761 102.232 94.676 96.484 96.058 95.999 96.887 93.780 48.709 0.000 0.000 0.000 0.000 5.038 51.848 59.486 57.211 56.900 60.500 34.961 13.536 16.169 32.829 58.633 60.492 61.383 53.300 54.242 15.212 0.000 0.000 0.000 25.756 43.751 50.747 49.744 0.000 0.000 0.000 0.000 0.000 12.629 55.629 68.628 73.627 74.626 75.626 71.625 67.624 52.623 40.622 44.621 50.620 0.000 0.000 0.000 0.000 33.875 34.875 36.874
0.000 0.000 9.008 84.088 71.151 0.000 0.000 23.852 84.841 92.822 96.764 97.951 97.980 102.554 102.357 95.628 96.342 96.202 96.102 90.998 80.853 31.781 0.000 0.000 4.570 40.453 49.228 61.021 57.777 57.542 61.279 38.889 0.000 0.000 0.000 18.663 56.582 53.494 57.416 63.353 63.310 41.289 0.000 0.000 0.000 7.753 45.750 39.747 46.746 0.000 0.000 0.000 0.000 0.000 17.627 42.626 59.626 73.625 68.625 61.624 63.624 24.624 49.623 58.621 51.620 47.619 0.000 0.000 0.000 0.000 0.000 28.874 33.873
0.000 0.000 0.000 12.194 61.300 1.896 12.075 78.027 89.995 96.964 96.970 97.139 102.911 102.737 94.919 96.716 96.381 96.308 89.217 55.149 0.000 0.000 0.000 12.796 58.687 52.562 60.399 58.231 58.058 58.902 36.783 0.000 0.000 0.000 0.000 17.578 59.539 53.486 53.432 55.388 59.357 61.344 13.358 0.000 0.000 0.000 26.748 45.747 20.746 0.000 0.000 0.000 0.000 0.000 10.625 38.625 49.624 56.624 48.623 45.623 10.624 0.000 0.000 42.619 46.619 55.618 0.000 0.000 0.000 0.000 0.000 22.873 33.873
0.000 0.000 0.000 0.000 0.109 12.240 81.221 86.185 97.155 97.071 98.344 98.407 103.074 95.222 96.999 96.566 96.505 86.401 75.313 39.231 0.000 0.000 0.000 52.905 74.821 59.708 51.577 59.445 57.321 60.224 30.170 0.000 0.000 0.000 13.526 48.532 55.511 54.477 54.441 51.408 47.385 49.373 11.372 0.000 0.000 0.000 7.747 52.746 0.746 0.000 0.000 0.000 0.000 0.000 10.623 40.623 39.623 38.622 36.622 42.622 0.000 0.000 0.000 17.618 40.618 58.617 2.616 0.000 0.000 0.000 0.000 0.000 26.872
0.000 0.000 0.000 0.000 0.000 84.415 83.384 97.347 97.284 98.473 98.533 103.372 103.228 96.176 97.860 95.701 81.585 70.490 44.401 0.000 0.000 0.000 47.246 65.099 64.983 71.870 59.757 49.650 55.560 65.502 68.503 31.627 0.000 0.000 12.521 60.514 54.496 54.472 53.445 49.420 43.401 44.390 10.386 0.000 0.000 0.000 0.000 25.746 33.745 0.000 0.000 0.000 0.000 0.000 18.622 42.622 36.621 37.621 37.621 39.620 22.619 0.000 0.000 0.000 27.617 48.616 26.615 0.614 0.000 0.000 0.000 0.000 21.872
0.000 0.000 0.000 0.000 23.733 84.621 96.556 97.505 98.502 100.677 103.643 103.510 95.487 97.249 93.899 82.798 71.650 43.570 0.000 0.000 0.000 49.528 70.392 56.261 48.144 62.034 73.931 61.840 64.766 65.720 52.713 58.751 37.794 0.399 20.522 52.505 48.489 55.469 50.447 42.426 41.410 45.401 7.397 0.000 0.000 0.000 0.000 12.745 52.745 0.000 0.000 0.000 0.000 0.000 0.000 24.620 39.620 37.620 37.619 37.619 45.619 0.000 0.000 0.000 0.000 29.615 40.614 46.614 0.000 0.000 0.000 0.000 0.000
0.000 0.000 0.000 0.000 66.845 92.780 98.722 97.618 97.878 95.949 103.770 95.772 97.535 92.102 81.033 55.911 0.000 0.000 0.000 0.000 49.794 70.664 57.535 46.411 46.296 48.190 59.094 74.011 64.945 49.900 57.877 59.872 33.865 0.000 17.510 77.498 64.485 53.470 47.447 43.426 40.414 41.406 35.403 0.000 0.000 0.000 0.000 0.000 31.745 3.744 0.000 0.000 0.000 0.000 0.000 4.619 41.619 37.619 37.618 37.618 39.618 23.617 0.000 0.000 0.000 10.614 37.614 40.614 0.000 0.000 0.000 0.000 0.000
0.000 0.000 0.000 70.140 67.021 72.940 87.848 99.016 96.072 104.008 103.892 96.706 92.391 81.242 60.135 0.000 0.000 31.534 0.000 2.104 74.924 57.799 46.672 47.551 46.439 49.336 63.245 72.166 73.104 57.057 53.025 63.995 37.930 0.000 0.000 8.491 21.484 3.477 0.000 13.417 44.412 51.408 52.406 38.406 0.000 0.000 0.000 0.000 0.000 0.000 0.000 0.000 0.000 0.000 0.000 5.618 41.618 40.618 43.618 38.617 35.617 44.617 0.000 0.000 0.000 17.613 51.613 56.613 0.000 0.000 0.000 0.000 0.000
0.000 0.000 9.357 71.258 68.163 69.082 79.055 95.215 104.229 104.119 95.988 92.752 80.421 54.344 0.000 0.000 48.589 47.534 29.424 13.250 63.077 46.935 47.805 46.683 47.572 62.471 68.382 32.306 23.246 75.200 61.170 39.152 0.099 0.000 0.000 0.000 0.000 0.000 0.000 10.413 62.411 56.408 53.407 49.406 4.406 0.000 0.000 0.000 0.000 0.000 0.000 0.000 0.000 0.000 0.000 29.617 38.617 13.618 0.000 13.617 38.616 42.616 0.000 0.000 0.000 19.613 55.613 24.613 0.000 0.000 0.000 0.000 0.000
0.000 84.538 72.457 69.372 67.296 68.173 69.414 73.475 104.334 95.231 90.991 80.580 54.535 0.000 0.000 0.000 52.644 50.590 70.488 54.349 47.201 48.060 46.928 49.806 69.694 66.594 47.506 43.431 48.372 76.329 73.302 37.292 0.000 0.000 0.000 0.000 0.000 0.000 0.000 10.411 69.409 69.408 64.407 55.406 0.405 0.000 0.000 0.000 0.000 0.000 0.000 0.000 0.000 0.000 2.616 41.617 43.617 0.000 0.000 0.000 41.616 42.615 0.000 0.000 0.000 0.000 26.613 0.000 0.000 0.000 0.000 0.000 0.000
0.744 82.619 96.558 88.488 73.391 74.547 66.592 104.533 104.435 74.114 78.790 54.687 0.000 0.000 0.000 0.000 54.753 67.693 65.590 47.458 47.317 47.176 58.043 69.919 58.805 47.704 47.616 47.542 48.483 57.441 75.419 71.422 32.472 0.000 0.000 0.000 0.000 0.000 0.000 0.000 55.408 57.407 69.406 70.406 26.405 0.000 0.000 0.000 0.000 0.000 0.000 0.000 0.000 0.000 33.616 43.616 20.616 0.000 0.000 2.615 42.615 40.615 0.000 0.000 0.000 0.000 0.000 0.000 0.000 0.000 0.000 0.000 0.000
18.831 95.745 98.672 98.601 93.573 83.726 104.723 104.629 66.261 61.049 0.000 0.000 0.000 0.000 0.000 0.000 65.922 70.840 46.719 48.579 48.431 60.285 69.148 51.020 47.905 47.801 47.712 47.637 47.577 47.534 56.509 76.505 69.523 43.552 34.564 38.567 7.568 0.000 0.000 0.000 0.000 35.406 75.406 75.405 36.405 0.000 0.000 0.000 0.000 0.000 0.000 0.000 0.000 0.000 22.616 21.616 0.000 0.000 0.000 0.000 22.615 49.615 0.000 0.000 0.000 0.000 0.000 0.000 0.000 0.000 0.000 0.000 0.000
88.933 98.857 98.791 98.674 102.915 93.970 104.816 66.338 69.016 63.760 0.000 0.000 0.000 0.000 0.000 59.349 71.172 48.025 48.869 48.706 56.543 69.387 47.243 48.111 47.991 47.885 47.793 47.716 47.655 47.609 47.579 51.564 52.563 47.570 48.573 55.569 37.568 0.000 0.000 0.000 0.000 0.000 30.405 66.405 29.404 0.000 0.000 0.000 0.000 0.000 0.000 0.000 0.000 0.000 0.000 0.000 0.000 0.000 0.000 0.000 0.000 1.615 0.000 0.000 0.000 0.000 0.000 0.000 0.000 0.000 0.000 0.000 0.000
95.032 94.968 98.877 100.036 97.080 104.995 104.905 70.963 55.351 0.637 3.636 0.636 0.000 0.000 0.000 76.525 53.394 49.220 49.027 50.833 71.648 51.478 48.325 48.188 48.065 47.955 47.860 47.781 47.717 47.669 47.634 46.610 45.597 48.591 30.588 0.000 0.000 0.000 0.000 0.000 0.000 0.000 0.000 59.404 47.404 14.403 0.000 0.000 0.000 0.000 0.000 0.000 0.000 0.000 0.000 0.000 0.000 0.000 0.000 0.000 0.000 0.000 0.000 0.000 0.000 0.000 0.000 0.000 0.000 0.000 0.000 0.000 0.000
74.145 74.077 78.053 74.207 105.171 105.083 82.513 63.639 54.455 0.000 0.000 0.636 0.000 0.000 0.000 51.833 47.660 47.432 46.186 58.951 51.738 45.551 46.391 46.252 46.127 46.011 46.911 47.829 47.764 47.715 46.677 44.646 46.623 46.608 43.601 33.601 36.600 38.598 37.597 39.596 10.595 0.000 0.000 0.000 56.403 28.403 0.000 0.000 0.000 0.000 0.000 0.000 0.000 0.000 0.000 0.000 0.000 0.000 0.000 0.000 0.000 0.000 0.000 0.000 0.000 0.000 0.000 0.000 0.000 0.000 0.000 0.000 0.000
89.260 111.146 76.391 106.446 105.256 65.109 55.682 0.000 69.652 27.926 0.000 0.000 0.000 0.000 95.728 74.314 44.980 52.663 63.335 62.046 57.804 55.597 55.436 55.302 54.178 48.052 43.943 47.860 47.797 47.750 46.711 46.677 50.639 50.618 51.608 61.603 61.600 57.598 50.596 49.595 28.594 0.000 0.000 0.000 15.403 21.403 0.000 0.000 0.000 0.000 0.000 0.000 0.000 0.000 0.000 0.000 0.000 0.000 0.000 0.000 0.000 0.000 0.000 0.000 0.000 0.000 0.000 0.000 0.000 0.000 0.000 0.000 0.000
137.341 115.936 113.980 105.414 105.337 93.204 0.000 36.553 64.553 138.203 113.742 0.362 43.221 32.681 94.142 53.714 51.284 122.903 113.445 109.096 108.832 107.598 106.455 105.342 104.231 75.077 41.948 47.870 47.816 47.775 47.743 39.710 0.000 0.000 0.000 0.000 0.000 0.000 14.595 66.594 45.593 16.593 0.000 0.000 0.000 0.000 0.000 0.000 0.000 0.000 0.000 0.000 0.000 0.000 0.000 0.000 0.000 0.000 0.000 0.000 0.000 0.000 0.000 0.000 0.000 0.000 0.000 0.000 0.000 0.000 0.000 0.000 0.000
95.511 115.096 105.558 105.487 89.747 0.000 0.000 0.000 7.805 59.589 47.307 0.000 24.734 0.000 53.446 50.115 59.540 115.222 0.000 0.905 0.000 51.507 60.445 121.379 34.328 0.000 51.903 47.857 47.820 48.793 30.775 0.000 0.000 0.000 0.000 0.000 0.000 0.000 0.000 19.593 66.593 22.592 0.000 0.000 0.000 0.000 0.000 0.000 0.000 0.000 0.000 0.000 0.000 0.000 0.000 0.000 0.000 0.000 0.000 0.000 0.000 0.000 0.000 0.000 0.000 0.000 0.000 0.000 0.000 0.000 0.000 0.000 0.000
116.269 114.321 105.623 114.241 116.087 36.375 0.000 15.274 42.274 52.042 28.589 5.418 46.248 91.708 90.081 82.760 0.000 34.222 0.000 12.547 34.512 62.477 107.439 70.401 35.374 0.000 0.000 53.836 47.815 48.800 29.790 0.000 0.000 0.000 0.000 0.000 0.000 0.000 0.000 0.000 13.591 52.591 17.591 0.000 0.000 0.000 0.000 0.000 0.000 0.000 0.000 0.000 0.000 0.000 0.000 0.000 0.000 0.000 0.000 0.000 0.000 0.000 0.000 0.000 0.000 0.000 0.000 0.000 0.000 0.000 0.000 0.000 0.000
114.404 105.742 105.685 94.748 37.513 0.000 0.000 0.000 3.975 30.717 0.000 0.000 39.130 82.797 136.409 72.084 0.000 0.000 0.000 0.000 0.000 76.451 111.434 41.413 38.393 0.000 0.000 0.000 52.806 46.800 44.796 42.797 30.797 0.000 0.000 0.000 0.000 0.000 0.000 0.000 8.591 66.590 24.590 0.000 0.000 0.000 0.000 0.000 0.000 0.000 0.000 0.000 0.000 0.000 0.000 0.000 0.000 0.000 0.000 0.000 0.000 0.000 0.000 0.000 0.000 0.000 0.000 0.000 0.000 0.000 0.000 0.000 0.000
