results1/res_4e8f-0075.wd
ncols         241
nrows         181
xllcorner     12693529.787448
yllcorner     3542525.717860
cellsize      155.156523
NODATA_value  -9999.000000
[rows 132 to 164 of 181, columns 0 to 72 of 241]
92.408 97.408 101.408 101.407 103.406 103.405 97.403 88.402 74.399 63.397 62.394 63.391 62.388 61.384 66.379 80.374 91.368 96.361 96.353 93.343 85.331 76.317 67.298 61.276 66.246 68.211 67.169 68.123 66.083 61.046 75.011 97.977 64.949 0.000 0.000 0.000 4.567 56.558 68.551 65.524 67.500 73.483 91.476 77.474 61.475 60.478 60.482 72.489 93.496 34.502 7.508 2.524 0.000 0.000 0.000 0.000 0.000 0.000 0.000 0.000 0.000 0.000 0.000 0.000 24.460 4.380 8.300 49.197 72.048 75.944 75.832 85.916 113.378
70.414 72.414 75.413 81.413 91.412 97.410 102.409 102.407 95.405 81.403 70.400 64.397 68.393 75.389 88.384 103.379 102.373 99.366 99.357 102.347 102.335 98.321 86.303 74.282 66.257 61.227 62.194 61.160 62.128 70.098 92.072 100.050 12.036 0.000 0.000 0.000 14.575 42.584 60.618 69.611 70.591 67.568 68.564 78.561 73.558 66.554 70.550 78.546 91.543 32.540 18.530 24.540 4.550 0.000 0.000 0.000 0.000 0.000 0.000 0.000 0.000 0.000 0.000 0.000 6.541 0.000 56.325 78.243 74.119 83.087 74.147 113.506 102.262
62.420 62.420 62.419 64.419 69.418 73.416 80.415 89.413 97.411 100.409 94.406 92.402 94.399 97.395 96.390 89.385 80.378 78.371 78.363 83.353 89.342 96.328 99.312 98.293 87.272 77.247 72.221 70.195 79.170 95.147 96.129 82.115 15.110 0.000 0.000 0.000 0.000 0.000 43.725 70.711 49.685 37.635 52.650 67.649 82.641 86.630 88.617 89.603 85.592 12.584 0.000 27.557 24.560 12.563 18.564 12.564 0.000 0.000 0.000 0.000 0.000 0.000 40.770 10.717 76.621 98.552 131.401 87.371 82.419 63.371 99.433 103.941 103.844
63.426 63.426 63.426 63.425 62.424 61.423 63.421 68.420 74.417 84.415 94.412 96.409 89.405 79.401 73.396 65.391 61.385 61.378 61.371 63.361 68.351 74.338 81.324 93.308 98.289 100.270 99.249 95.228 98.209 91.192 73.180 65.173 44.178 2.205 0.000 0.000 0.000 0.000 36.847 69.823 12.805 0.000 45.754 70.743 89.728 97.708 83.684 86.658 72.635 30.622 0.000 54.572 23.569 15.566 26.564 26.564 0.000 0.000 0.000 0.000 0.000 27.880 46.824 119.761 148.680 131.557 115.108 114.049 105.716 104.354 104.225 104.088 69.311
63.433 63.433 63.432 63.432 63.431 63.430 63.428 62.426 62.424 65.422 71.419 70.416 66.412 62.408 62.403 62.398 63.393 63.387 63.379 63.371 62.361 61.350 63.338 69.324 76.309 85.293 93.276 89.260 78.246 66.233 62.225 67.221 75.223 51.232 29.238 29.222 15.183 16.113 51.993 72.929 22.906 4.917 64.868 96.842 98.819 77.791 80.755 79.708 67.671 56.645 7.617 35.590 9.579 0.000 10.564 0.000 0.412 0.000 0.000 0.000 0.000 8.939 71.882 77.798 73.781 74.937 72.908 104.700 104.591 104.477 71.669 74.444 76.312
63.440 63.440 63.439 63.439 63.438 63.437 63.435 63.434 63.431 63.429 62.426 62.423 62.419 63.415 63.411 63.406 63.402 63.396 63.389 63.382 63.373 63.364 63.353 62.341 61.329 62.316 66.303 64.291 63.280 67.271 70.265 69.262 67.262 69.263 69.260 66.245 66.214 70.163 45.083 30.995 19.973 37.976 82.960 96.939 76.914 69.882 68.837 48.747 44.696 7.671 0.000 0.000 0.000 0.709 0.000 0.000 4.413 19.386 34.337 4.267 18.180 81.025 88.008 86.076 84.058 85.137 104.903 104.803 85.924 92.713 85.564 91.333 83.172
63.447 63.447 63.446 63.446 63.445 63.444 63.443 63.441 63.439 63.437 63.434 63.431 63.427 63.423 63.419 63.415 63.411 63.406 63.400 62.394 69.387 71.378 63.369 62.360 61.350 62.340 64.330 67.321 70.313 69.307 64.302 65.300 72.299 75.298 71.294 65.283 62.265 71.241 2.224 0.000 5.014 78.055 87.056 74.040 66.016 85.988 31.964 0.000 0.000 0.000 0.000 0.000 0.000 0.709 0.000 0.000 29.440 71.408 100.359 61.291 94.170 102.322 99.281 98.369 105.181 105.092 104.999 98.014 99.889 99.585 98.444 97.373 15.287
63.454 63.454 63.454 63.453 63.453 63.452 63.451 63.449 63.447 63.445 66.442 66.439 64.435 68.430 66.427 63.424 63.421 63.417 62.413 60.407 71.401 79.394 65.386 62.379 64.371 67.363 69.356 68.349 65.344 67.340 72.338 74.337 75.337 75.337 70.335 64.330 73.322 92.314 11.309 0.000 0.000 52.175 75.168 72.150 76.122 96.089 30.067 0.000 0.000 0.000 0.000 0.000 0.000 1.709 0.000 27.555 79.501 95.446 98.374 103.369 100.530 97.518 105.425 105.347 105.267 97.333 98.116 98.986 98.665 98.635 91.565 68.469 0.000
63.462 63.462 63.462 63.461 63.461 63.460 63.459 63.458 63.456 64.454 71.451 71.448 48.443 16.436 37.434 67.434 61.432 64.429 70.425 73.421 73.416 69.410 65.404 66.398 69.392 68.386 67.381 69.376 73.373 73.372 75.372 74.373 65.374 60.377 62.378 75.379 94.380 104.382 26.386 0.000 0.000 27.303 83.291 85.270 92.233 91.179 27.147 0.000 0.000 0.000 0.000 0.000 0.000 5.710 31.677 75.617 97.531 100.544 99.629 99.629 98.720 105.571 105.499 97.545 98.343 99.203 98.988 98.841 98.796 90.728 82.685 0.000 0.000
63.470 63.470 63.469 63.469 63.469 63.468 63.468 63.467 63.465 65.464 74.461 85.458 61.455 0.000 4.439 52.445 78.445 70.442 68.439 68.435 66.431 65.426 67.421 69.417 67.412 63.408 65.405 77.403 79.402 69.402 63.404 60.408 60.412 65.417 79.423 95.429 92.437 76.448 48.466 16.504 10.500 54.442 83.423 65.405 56.363 48.246 13.197 0.000 0.000 0.000 0.000 0.000 0.000 24.744 75.710 97.620 99.811 98.801 98.908 105.777 105.711 105.642 97.611 99.492 99.203 99.076 99.019 98.944 92.867 79.802 69.764 0.000 0.000
63.478 63.478 63.478 63.477 63.477 63.477 63.477 63.476 63.475 65.474 75.472 62.469 18.463 0.479 0.000 20.461 74.459 66.457 68.454 67.450 65.447 68.443 69.439 66.435 63.432 59.430 69.428 83.428 70.429 60.432 61.436 66.442 76.449 87.457 98.467 91.478 69.491 64.507 83.526 90.548 91.553 95.543 70.554 31.564 3.567 0.000 0.000 0.000 0.000 0.000 0.000 0.000 29.858 75.788 97.802 99.986 99.002 105.958 105.900 105.840 97.885 98.682 99.568 99.265 99.248 99.187 99.110 100.016 87.935 58.847 47.806 5.806 0.000
62.486 62.486 63.486 63.486 63.486 63.486 63.486 63.486 63.485 66.485 76.484 47.484 0.000 6.496 44.491 46.480 63.475 65.472 53.468 35.465 73.463 68.460 64.457 63.454 61.452 63.450 79.450 82.451 64.454 67.459 79.466 88.475 97.485 95.496 83.509 69.524 62.542 78.562 82.585 70.607 51.621 49.623 37.686 17.730 6.774 1.017 0.000 19.363 14.363 0.000 0.000 23.946 75.960 99.056 100.072 98.180 106.068 106.014 98.055 98.864 99.739 99.544 99.420 99.395 99.340 99.287 102.216 66.080 46.007 0.000 0.000 0.000 0.000
71.495 69.494 66.494 64.494 61.494 61.495 61.495 61.496 60.496 65.496 77.496 60.498 41.503 49.502 67.499 63.493 60.489 66.486 61.483 48.481 68.478 62.476 61.474 61.472 63.471 77.470 85.470 51.473 43.478 93.485 98.495 93.506 82.519 72.533 64.550 60.569 71.591 83.616 51.644 26.674 9.702 0.780 17.837 16.895 6.991 8.170 11.299 39.363 23.363 0.000 0.000 56.198 98.223 97.341 106.223 106.173 106.122 98.096 99.985 99.709 99.599 99.567 101.522 96.469 98.438 99.409 110.386 0.000 0.000 0.000 0.000 0.000 0.000
72.504 74.503 80.501 81.501 81.503 78.504 79.505 78.506 77.506 77.506 79.507 62.508 66.510 65.510 62.508 65.505 65.502 64.500 69.498 71.496 65.494 59.493 61.491 63.490 77.489 82.488 71.489 65.492 74.498 97.509 80.522 71.537 63.552 61.569 63.588 62.610 76.636 85.666 49.701 25.744 13.799 15.888 18.943 11.022 12.126 18.254 20.363 13.428 0.000 0.000 34.443 76.447 106.359 106.316 106.271 98.336 99.139 100.034 99.741 99.735 100.691 100.644 73.598 51.533 86.531 100.524 105.533 45.592 0.000 0.000 0.000 0.000 0.000
65.514 59.513 12.507 14.506 23.512 70.514 67.515 67.516 67.516 71.517 80.518 61.518 62.519 61.519 64.518 68.517 69.515 67.514 66.512 69.511 70.510 67.509 61.509 78.508 84.507 75.506 81.505 98.508 95.515 77.529 65.548 61.566 63.583 63.602 62.622 67.647 83.677 85.712 77.752 80.800 51.862 13.941 6.025 5.125 17.237 24.358 14.471 11.559 3.590 29.690 77.642 106.440 106.401 98.484 99.291 100.174 99.985 99.869 99.852 100.803 98.760 92.718 17.696 0.000 68.629 103.625 100.631 99.651 0.000 0.000 0.000 0.000 0.000
63.526 55.526 0.000 0.000 5.524 66.525 62.526 62.526 62.527 66.528 80.528 58.529 62.529 66.529 68.529 69.528 66.528 63.527 61.527 63.526 73.526 86.526 81.526 82.526 59.525 53.523 105.519 91.519 58.526 18.544 38.577 66.596 63.614 63.632 65.653 58.679 42.714 32.751 44.793 84.844 60.907 13.990 9.091 4.214 13.339 18.471 12.606 17.720 17.813 55.855 106.499 97.679 101.415 100.316 100.128 100.017 99.991 99.954 100.910 100.872 65.831 41.773 27.771 30.776 81.731 102.715 98.715 89.729 7.763 0.000 0.000 0.000 0.000
63.539 63.540 46.546 0.000 6.536 67.536 63.537 63.537 62.538 63.538 78.539 65.539 68.540 70.540 69.540 64.540 61.540 62.541 62.541 61.541 71.542 94.543 90.544 77.545 70.544 61.541 37.528 26.524 13.525 0.000 19.618 68.629 63.643 65.660 48.679 22.702 7.749 4.787 46.827 63.873 32.934 5.020 8.137 13.299 20.435 16.582 10.760 3.947 7.294 55.118 106.573 100.567 100.325 100.146 100.129 100.092 100.050 100.011 97.974 88.942 21.917 0.000 38.838 97.827 102.804 100.789 94.784 84.789 2.797 0.000 0.000 0.000 0.000
60.549 62.550 59.552 0.000 2.547 67.547 62.548 60.548 62.548 66.549 70.549 69.550 69.550 67.551 61.552 62.553 62.553 63.554 63.555 68.556 86.558 85.559 78.562 87.564 85.567 56.570 0.000 0.000 0.000 0.000 17.649 68.657 63.670 66.686 37.701 0.000 33.793 59.819 79.854 48.889 0.935 0.000 0.000 2.436 12.520 12.664 12.876 7.293 4.603 106.780 106.679 99.477 100.320 100.219 100.184 100.144 100.105 102.068 87.033 70.003 29.980 5.967 53.917 83.890 92.868 101.853 90.845 79.844 1.846 0.000 0.000 0.000 0.000
67.558 65.559 54.560 0.000 53.559 61.558 63.558 67.559 68.559 69.559 67.559 68.560 66.561 62.562 62.564 63.565 63.566 62.567 64.569 87.571 86.573 68.576 81.579 79.584 83.590 81.601 44.622 0.650 9.671 39.674 44.673 64.681 63.694 63.713 58.738 50.780 67.810 66.843 60.882 82.927 30.976 0.000 0.000 6.464 11.545 9.675 10.842 35.080 59.535 106.873 101.813 101.553 101.292 100.276 100.235 100.196 101.159 99.122 54.089 31.058 43.031 44.006 97.973 99.946 79.925 89.910 84.900 57.896 22.896 0.000 0.000 0.000 0.000
68.567 69.568 66.570 54.573 68.570 68.569 68.569 69.569 69.569 70.570 82.570 64.570 62.572 62.574 63.575 63.577 63.579 64.580 78.582 89.585 64.588 68.592 95.596 87.602 75.610 78.621 81.637 65.657 70.671 85.680 78.687 66.698 59.713 59.733 70.759 86.791 73.825 45.861 17.905 72.960 62.039 11.162 14.282 19.410 15.521 6.651 8.755 50.063 102.316 106.958 98.794 101.440 102.366 100.326 100.287 100.248 93.211 83.175 40.141 11.109 20.079 21.052 82.023 123.998 104.977 80.961 72.949 51.943 60.940 13.940 0.000 0.077 4.089
73.574 73.576 69.578 69.580 69.580 70.580 70.580 66.580 63.580 62.580 25.580 15.578 66.583 63.586 63.587 63.589 62.591 65.593 89.596 75.599 60.602 66.606 83.612 100.618 95.626 92.637 90.650 86.664 82.676 81.687 89.698 86.711 80.728 76.748 79.773 83.803 45.835 9.873 8.915 24.969 21.057 6.164 15.274 25.375 21.482 12.619 5.787 49.035 107.114 107.038 101.691 103.528 100.413 100.379 101.338 97.299 81.261 74.225 80.190 86.158 70.127 92.098 107.070 124.045 133.024 117.007 78.994 83.986 58.983 0.000 0.000 0.000 0.000
12.579 13.585 73.586 68.588 68.589 63.590 60.590 62.591 57.591 10.592 10.592 0.000 67.597 63.598 63.600 63.601 63.603 81.606 88.609 61.612 63.616 63.620 66.626 72.632 74.640 74.650 70.661 73.672 89.684 82.695 73.707 76.721 83.739 87.759 90.782 87.810 62.842 27.878 10.915 9.945 0.000 0.000 10.274 19.333 3.407 0.000 18.959 79.198 107.188 99.045 102.759 102.493 100.474 100.429 101.388 96.348 83.310 49.273 56.238 99.205 110.173 142.143 133.115 105.089 93.067 110.049 89.035 83.025 58.021 0.000 0.000 0.000 0.000
0.000 8.597 22.594 77.598 62.599 60.600 62.601 62.601 63.602 10.604 1.607 56.612 64.610 63.610 63.612 63.613 65.616 89.618 74.621 60.625 63.629 63.633 63.639 62.645 62.653 62.661 61.671 68.681 97.691 76.702 7.713 15.727 27.747 78.766 88.788 72.814 77.845 64.883 16.922 13.950 0.000 4.166 17.217 9.275 0.000 0.000 37.109 107.331 107.260 101.927 103.660 99.564 100.521 100.478 100.437 100.397 87.358 50.320 65.284 102.250 98.217 132.186 127.157 96.130 101.106 87.086 68.070 86.060 64.055 0.000 0.000 0.000 0.000
61.619 57.613 0.000 69.610 79.610 80.610 61.611 73.612 80.613 56.615 54.618 64.620 63.621 63.622 63.623 63.625 82.627 86.630 61.633 63.637 62.641 61.646 63.651 63.657 63.664 63.672 62.681 70.690 99.699 80.708 26.715 0.000 50.758 75.770 88.789 67.812 57.842 16.888 9.939 12.984 11.049 19.116 23.152 0.000 0.000 16.059 78.286 107.401 99.195 102.904 102.643 100.617 100.570 100.526 100.484 101.444 92.404 81.366 104.329 129.294 117.260 134.227 131.196 125.168 132.141 98.119 75.101 85.089 93.084 22.092 0.000 0.000 0.000
63.625 62.624 57.626 63.622 62.621 10.621 84.621 76.622 63.624 64.625 64.627 63.629 63.631 63.633 63.634 66.636 89.639 72.642 62.645 63.648 69.653 77.657 63.663 61.669 63.675 62.682 65.690 89.698 97.707 72.716 60.726 48.741 70.755 69.769 30.785 15.803 12.822 0.000 1.961 1.998 3.047 4.096 6.124 0.000 19.193 76.299 98.429 107.468 100.156 100.791 100.709 100.662 100.617 100.573 100.530 101.489 92.449 75.410 71.373 104.336 94.301 108.267 111.234 99.203 101.173 73.147 50.126 64.110 131.102 84.099 19.099 9.096 31.094
63.632 63.632 63.632 63.631 63.630 57.631 73.631 89.632 65.634 62.635 63.637 63.639 63.641 63.643 62.645 85.648 87.650 61.653 63.656 64.659 61.664 23.669 82.674 77.680 64.686 62.692 80.699 99.706 83.714 63.722 63.732 64.742 67.753 71.765 8.780 9.791 0.000 0.000 13.948 0.000 0.000 0.000 0.000 0.000 42.354 99.467 107.598 107.534 100.045 100.870 100.749 100.708 100.662 100.618 100.575 99.534 84.493 86.454 106.415 125.377 124.341 129.305 134.270 121.236 119.202 106.171 55.144 53.125 129.113 93.106 31.100 24.096 89.093
63.639 63.639 63.639 63.639 63.639 63.640 63.641 74.642 89.644 65.645 62.647 63.649 63.652 61.654 69.656 90.659 70.661 62.664 64.666 62.670 4.675 1.680 70.685 71.690 77.696 76.702 84.708 83.714 64.721 62.728 64.736 67.744 72.751 72.757 0.000 0.000 0.000 0.935 24.935 11.930 12.928 11.928 0.000 3.738 50.718 104.713 107.660 99.396 101.096 100.826 100.801 100.752 100.706 100.662 100.619 100.577 86.536 82.496 103.457 104.418 104.380 107.343 107.305 106.268 111.229 84.189 60.156 75.133 90.118 29.110 0.000 0.000 33.091
63.647 65.646 65.646 63.647 63.648 63.649 63.650 63.652 74.653 89.655 65.657 60.660 60.662 77.664 89.667 83.670 60.672 63.675 59.677 5.677 2.686 56.692 63.696 63.701 69.706 86.711 86.716 79.722 72.728 64.734 51.740 21.746 86.751 66.754 0.000 0.000 0.000 0.000 13.927 6.927 20.927 9.927 0.000 4.020 23.985 107.784 107.722 100.263 100.988 100.888 100.842 100.795 100.749 100.705 100.662 101.619 96.578 86.538 81.497 80.458 80.419 80.380 80.341 84.301 58.258 2.202 28.158 84.133 80.117 41.106 3.099 0.000 32.089
64.655 1.654 2.652 63.656 62.657 61.659 61.660 60.661 60.663 73.665 88.667 81.670 88.672 90.675 77.678 61.680 68.683 68.686 56.689 0.000 4.701 67.703 63.707 65.711 89.715 96.720 74.724 65.729 72.734 79.739 67.744 3.749 46.752 64.755 0.000 0.000 0.000 0.910 6.919 3.924 17.925 0.000 0.000 4.268 9.606 107.843 105.527 101.225 100.962 100.933 100.882 100.836 100.790 100.746 100.703 100.661 101.620 100.579 98.538 97.497 97.457 98.417 100.378 74.339 16.298 0.000 13.141 69.124 100.110 91.100 64.092 40.086 57.087
63.664 62.664 0.000 62.666 73.667 77.668 81.669 86.670 89.672 90.674 90.677 90.680 76.682 63.685 79.688 96.691 97.695 97.699 90.703 68.712 3.712 64.715 62.718 71.721 99.725 86.728 63.732 62.736 64.740 67.745 58.749 3.752 23.755 23.758 0.000 0.000 0.000 6.901 1.910 0.000 0.925 0.000 12.156 13.586 5.209 107.900 109.474 105.102 101.019 100.970 100.922 100.876 100.831 100.787 100.744 100.702 100.661 100.620 100.578 100.537 101.494 104.454 76.416 9.377 0.000 0.000 0.000 14.112 70.100 101.090 92.083 68.081 45.084
63.673 65.673 61.677 63.676 78.676 77.677 73.678 69.679 68.681 64.684 85.687 75.689 86.692 77.696 93.699 89.702 82.706 83.710 94.714 100.719 89.722 90.725 82.728 90.731 98.734 71.737 62.740 63.744 63.747 62.750 62.753 64.757 59.759 8.763 68.771 59.776 0.000 0.857 0.000 0.000 0.000 2.826 80.958 78.186 107.999 107.951 103.353 104.172 101.050 101.007 100.960 100.914 100.870 100.826 100.784 100.743 100.702 100.661 100.620 102.576 107.530 76.490 16.453 0.000 0.000 0.000 0.000 0.000 11.088 62.077 97.071 47.068 0.000
65.681 1.679 60.683 63.684 63.685 63.686 62.687 63.688 65.689 63.693 75.696 70.699 79.703 90.706 78.709 63.713 64.717 65.721 66.725 71.729 84.733 94.736 100.738 98.741 87.743 63.746 63.748 63.751 63.754 63.756 64.759 87.761 60.763 0.768 64.774 14.781 8.793 1.805 0.000 0.000 0.000 12.724 100.935 103.127 108.043 101.697 101.388 101.119 101.093 101.042 100.996 100.951 100.908 100.865 100.823 100.783 100.742 100.703 102.663 87.619 41.558 8.524 0.000 0.000 0.000 0.000 0.000 0.000 0.000 33.058 95.055 47.053 0.000
66.691 0.000 60.692 63.693 63.693 63.694 63.695 64.696 2.696 62.702 66.706 77.709 77.713 85.716 90.720 76.723 61.727 61.731 61.736 63.740 65.744 66.746 67.749 67.751 66.753 65.755 61.756 61.758 62.760 63.762 74.764 88.766 59.767 53.770 55.772 0.000 0.000 1.805 0.000 0.000 0.000 16.721 99.826 108.124 108.083 100.550 101.271 101.171 101.124 101.077 101.031 100.987 100.944 100.903 100.862 100.822 100.783 100.745 105.709 61.681 0.000 0.000 0.000 0.000 0.000 0.000 0.000 0.000 0.000 36.041 96.039 55.037 0.000
