results1/res_4e8f-0196.wd
ncols         241
nrows         181
xllcorner     12693529.787448
yllcorner     3542525.717860
cellsize      155.156523
NODATA_value  -9999.000000
[rows 33 to 65 of 181, columns 73 to 145 of 241]
0.000 0.000 0.000 0.000 0.000 0.000 0.000 0.000 0.000 0.000 0.000 0.000 0.000 0.000 0.000 0.000 0.000 0.000 0.000 0.000 0.000 0.000 0.000 0.000 0.000 0.000 0.000 0.000 0.000 0.000 0.000 0.000 0.000 0.000 0.000 0.000 0.000 0.000 0.000 39.797 62.799 67.800 23.803 0.000 0.000 32.879 46.908 13.886 4.887 36.908 39.923 33.921 34.902 35.866 35.812 35.739 35.646 34.529 40.376 60.138 6.653 14.766 12.045 47.202 63.660 68.188 66.748 67.349 65.884 67.969 63.023 62.632 62.622
0.000 0.000 0.000 0.000 0.000 0.000 0.000 0.000 0.000 0.000 0.000 0.000 0.000 0.000 0.000 0.000 0.000 0.000 0.000 0.000 0.000 0.000 0.000 0.000 0.000 0.000 0.000 0.000 0.000 0.000 0.000 0.000 0.000 0.000 0.000 0.000 0.000 0.000 0.000 0.000 14.799 9.800 0.000 0.000 0.000 0.000 28.999 0.000 0.000 26.949 50.990 49.994 39.977 35.940 35.883 35.804 35.703 34.584 56.448 54.293 0.000 37.601 50.166 63.592 68.071 67.593 67.163 66.670 67.730 63.747 63.046 63.299 65.600
0.000 0.000 0.000 0.000 0.000 0.000 0.000 0.000 0.000 0.000 0.000 0.000 0.000 0.000 0.000 0.000 0.000 0.000 35.235 67.235 20.234 0.000 0.000 0.000 0.000 0.000 0.000 0.000 0.000 0.000 0.000 0.000 0.000 0.000 0.000 0.000 0.000 0.000 0.000 0.000 0.000 0.000 0.000 0.000 0.000 0.000 21.091 0.000 0.000 0.000 29.093 47.088 47.071 38.035 35.976 35.890 33.780 49.653 58.541 0.000 23.260 47.870 62.425 68.929 68.436 67.981 67.460 69.492 65.479 63.588 63.986 66.310 65.555
0.000 0.000 0.000 0.000 0.000 0.000 0.000 0.000 0.000 0.000 0.000 22.236 60.236 0.236 0.000 0.000 0.000 0.000 42.235 93.235 49.234 0.000 0.000 0.000 0.000 0.000 0.000 0.000 0.000 0.000 0.000 0.000 0.000 0.000 0.000 0.000 0.000 0.000 0.000 0.000 0.000 0.000 0.000 0.000 0.000 0.000 24.182 25.223 32.241 18.239 28.202 36.194 49.183 40.154 36.096 33.002 43.871 53.708 42.522 18.182 47.651 65.195 69.736 69.257 68.794 68.253 68.258 67.220 64.240 64.688 67.026 66.278 66.043
0.000 0.000 0.000 0.000 0.000 0.000 0.000 0.000 0.000 0.000 0.000 43.236 78.236 67.236 54.236 9.236 3.236 27.235 81.235 89.235 54.234 0.000 0.000 0.000 0.000 23.269 2.269 0.000 0.000 0.000 0.000 0.000 0.000 0.000 0.000 0.000 0.000 7.270 0.000 0.000 0.000 11.268 29.268 0.000 0.000 40.245 55.233 58.246 56.261 42.274 36.283 35.301 49.313 40.301 32.251 46.150 59.996 47.787 35.656 50.372 54.965 67.525 70.063 69.601 69.049 69.029 66.973 65.003 65.408 67.754 67.014 66.783 66.449
0.000 0.000 0.000 0.000 0.000 0.000 0.000 0.000 0.000 0.000 0.000 14.236 76.236 59.237 40.236 2.236 23.236 73.236 84.235 91.234 50.234 0.000 0.000 0.000 0.268 61.269 45.269 0.000 0.000 0.000 0.000 0.000 0.000 0.000 0.000 0.270 24.270 36.270 38.270 0.000 0.000 20.269 45.268 24.267 38.264 61.258 64.257 65.267 62.285 49.312 36.356 33.416 50.465 41.487 45.458 63.350 57.177 0.000 33.943 52.688 65.311 70.874 70.417 69.858 69.813 67.747 65.892 66.150 68.498 67.768 67.544 67.211 66.878
0.000 0.000 0.000 0.000 0.000 0.000 0.000 0.000 0.000 0.000 0.000 0.000 0.000 27.237 65.237 61.237 49.236 62.236 82.235 93.234 46.233 0.000 0.000 0.000 0.000 23.269 47.269 49.269 0.000 0.000 0.000 0.000 0.000 0.000 0.000 0.000 40.270 41.270 53.270 36.270 25.270 39.269 40.269 36.268 43.267 50.267 48.270 41.279 60.299 26.334 42.411 45.543 35.646 47.722 60.746 57.615 0.255 8.898 45.485 62.123 70.719 71.257 70.704 70.630 67.558 66.948 66.922 69.261 68.542 68.328 68.003 67.671 67.313
0.000 0.000 0.000 0.000 0.000 0.000 0.000 0.000 0.000 0.000 0.000 0.000 0.000 17.237 84.237 79.237 69.237 59.236 83.235 91.234 86.231 71.227 26.225 0.000 0.000 0.000 3.269 57.269 41.269 39.269 50.269 45.269 8.269 0.000 0.000 4.270 40.270 39.270 60.270 66.270 55.270 47.270 39.270 36.270 37.270 38.272 37.275 35.283 43.296 4.315 0.000 4.698 40.853 64.008 62.189 1.505 7.600 45.308 58.972 68.614 72.152 71.713 72.489 68.442 68.246 67.741 70.050 69.336 69.129 68.818 68.501 68.151 67.761
0.000 0.000 0.000 0.000 0.000 0.000 0.000 0.000 0.000 0.000 0.000 0.000 0.000 0.000 17.237 56.238 31.238 67.238 86.236 91.234 89.230 87.226 76.222 35.219 0.219 0.000 0.000 13.269 52.269 52.269 65.269 63.269 56.269 51.269 0.000 0.000 7.270 44.270 63.270 70.270 62.270 46.270 35.271 36.271 36.272 36.274 36.277 36.282 40.287 0.000 0.000 0.000 11.061 48.268 17.737 15.015 49.955 54.760 66.501 73.107 72.960 71.201 69.530 69.913 68.643 70.885 70.160 69.947 69.642 69.344 69.027 68.672 68.242
0.000 0.000 0.000 0.000 0.000 0.000 0.000 0.000 0.000 0.000 0.000 0.000 0.000 0.000 0.000 2.239 88.240 88.240 90.239 90.236 89.231 83.225 77.219 48.216 0.000 0.000 0.000 0.000 0.000 20.269 65.269 59.269 74.269 71.269 50.269 29.269 30.270 39.270 61.270 70.270 61.270 44.271 34.271 39.272 38.273 36.275 36.278 36.280 37.282 29.282 0.000 0.000 0.000 0.000 9.473 52.513 55.442 63.299 74.022 74.135 72.496 74.388 72.149 69.687 71.797 71.033 70.789 70.470 70.177 69.886 69.592 69.268 67.832
0.000 0.000 0.000 0.000 0.000 0.000 23.209 46.206 0.000 24.148 64.137 53.125 57.114 32.108 0.000 0.000 24.242 96.243 90.243 87.239 84.232 87.223 78.214 41.209 0.000 0.000 0.000 0.000 0.000 0.000 0.000 9.269 63.269 64.269 15.269 0.000 6.270 43.270 61.270 66.270 56.270 47.271 45.272 7.273 14.274 42.276 36.278 36.280 37.281 43.281 51.281 13.281 0.000 0.000 25.170 58.123 62.016 72.826 75.041 74.673 77.951 76.531 71.030 72.837 71.982 71.673 71.316 71.000 70.704 70.431 70.186 69.976 75.828
0.000 0.000 0.000 0.000 0.000 0.000 23.212 66.203 8.184 58.158 60.139 72.123 55.110 40.101 0.000 0.000 12.244 81.246 93.251 90.246 90.234 91.220 85.206 39.197 0.000 0.000 0.000 0.000 0.000 0.000 0.000 0.000 0.000 48.269 7.269 0.000 2.270 49.270 46.270 58.270 15.270 0.000 0.000 0.000 0.000 8.277 46.278 40.279 3.280 33.281 67.281 50.281 3.281 0.000 29.922 63.761 72.663 75.784 75.540 79.711 78.965 72.387 73.954 73.003 72.608 72.191 71.832 71.504 71.209 70.950 70.743 70.623 75.676
21.477 65.471 55.466 0.000 0.000 0.000 17.224 77.211 53.189 55.163 61.139 85.118 86.101 81.086 35.072 0.000 0.000 0.000 41.270 95.259 90.240 91.216 88.193 47.177 0.000 0.000 0.000 0.000 0.000 0.000 0.000 0.000 0.000 6.269 0.000 0.000 0.000 0.000 0.000 0.000 0.000 0.000 0.000 0.000 0.000 0.000 0.000 21.280 18.280 0.000 0.000 0.000 0.000 19.334 56.751 73.703 75.380 76.313 80.660 80.265 73.416 74.976 74.015 73.560 73.089 72.680 72.311 71.976 71.677 71.417 71.213 71.098 74.147
21.478 77.470 59.461 55.450 0.000 0.000 4.248 69.229 71.198 71.166 83.135 80.110 92.088 91.070 52.058 0.000 0.000 0.000 17.301 97.281 90.250 91.212 88.173 48.140 0.000 0.000 8.704 56.667 68.626 37.598 0.000 0.000 0.000 0.000 0.000 0.000 0.000 0.000 0.000 0.000 0.000 0.000 0.000 0.000 0.000 0.000 0.000 0.000 6.280 0.000 0.000 0.000 17.299 57.806 74.767 75.349 81.578 81.068 74.687 75.250 75.753 74.937 74.472 73.976 73.534 73.127 72.755 72.414 72.104 71.829 71.594 78.409 19.278
85.481 82.471 61.457 62.439 54.410 1.365 59.290 54.259 62.208 75.167 79.126 90.098 91.073 90.050 59.031 0.000 0.000 0.000 16.351 96.315 90.266 91.209 86.146 66.071 49.953 50.846 50.742 58.670 79.612 46.570 0.000 0.000 0.000 0.000 0.000 0.000 0.000 0.000 0.000 0.000 0.000 0.000 0.000 0.000 0.000 0.000 0.000 0.000 0.000 0.000 15.389 46.166 55.674 74.661 76.251 82.915 82.323 75.236 76.957 76.293 75.754 75.300 74.817 74.365 73.938 73.539 73.167 72.821 72.498 72.200 78.924 24.666 0.000
82.486 77.474 75.459 58.438 62.408 62.373 53.332 46.310 0.000 0.000 21.105 80.084 91.055 89.024 73.985 40.932 0.000 3.525 65.436 86.363 91.289 90.212 91.131 81.044 56.943 53.842 52.746 61.661 79.582 62.500 48.387 49.298 53.233 64.193 28.176 0.000 0.000 0.000 0.000 0.000 0.000 0.000 0.000 0.000 0.000 0.000 0.000 0.000 0.000 0.000 26.588 66.429 74.376 77.024 83.794 83.398 75.958 77.629 76.853 76.483 76.045 75.595 75.153 74.725 74.315 73.925 73.555 73.203 72.868 78.547 25.236 0.000 0.000
71.494 23.481 91.465 62.445 56.412 57.383 59.357 59.339 48.338 0.000 0.000 1.069 25.040 96.006 85.955 63.879 55.756 62.613 61.506 63.411 71.315 72.219 59.124 56.029 53.932 53.835 52.739 61.647 76.555 55.462 52.363 57.275 73.208 76.168 61.160 35.160 0.000 0.000 0.000 0.000 0.000 0.000 0.000 0.000 0.000 0.000 0.000 0.000 0.000 17.427 59.273 74.885 77.725 84.360 84.115 76.654 78.300 77.517 77.162 76.736 76.315 75.892 75.474 75.066 74.671 74.290 73.924 73.569 79.225 24.886 0.000 0.000 0.000
17.502 90.490 91.477 77.465 0.000 4.390 64.372 60.352 71.336 62.320 0.000 1.081 4.046 84.006 80.948 65.873 56.775 53.667 53.564 56.459 69.341 77.226 80.116 73.018 62.922 55.826 54.729 70.631 73.531 48.429 52.326 52.232 53.155 57.112 36.136 0.000 0.000 0.000 6.686 0.000 0.000 0.000 0.000 0.000 0.000 0.000 0.000 20.650 52.319 60.176 73.691 85.022 84.637 77.706 78.302 78.870 78.183 77.821 77.401 76.996 76.589 76.184 75.785 75.394 75.013 74.642 75.280 81.926 25.575 0.000 0.000 0.000 0.000
95.511 91.500 91.488 91.473 78.452 61.416 61.388 61.361 52.335 1.294 18.196 25.139 77.078 74.022 76.960 69.888 70.805 70.716 70.624 73.521 68.364 68.229 70.097 74.003 74.912 72.818 68.720 79.616 77.508 65.397 66.283 66.171 68.068 42.990 0.000 0.000 0.000 0.000 7.686 0.000 0.000 0.000 0.000 0.000 0.000 7.530 55.306 55.870 76.883 77.439 86.083 85.606 80.192 79.910 79.300 78.834 78.458 78.048 77.650 77.254 76.860 76.471 76.088 75.713 75.345 75.985 79.630 12.278 0.000 0.000 0.000 0.000 0.000
94.519 90.512 90.503 91.488 88.466 66.435 60.402 61.368 62.332 54.284 3.221 69.162 66.103 67.045 67.983 62.915 66.842 71.767 79.695 64.637 0.000 0.174 15.041 72.984 68.904 68.816 68.716 68.607 68.490 68.366 68.237 68.101 65.955 60.790 33.571 0.000 9.205 52.984 59.686 71.382 41.146 0.000 0.000 0.000 1.430 56.730 67.514 79.437 80.072 86.817 86.482 80.841 80.519 79.785 79.457 79.070 78.675 78.284 77.895 77.509 77.127 76.752 76.384 76.024 76.671 79.322 26.976 0.000 0.000 0.000 0.000 0.000 0.000
80.526 80.525 80.523 91.511 91.488 81.456 57.418 60.379 61.339 61.294 67.242 76.187 60.129 57.071 55.011 61.947 76.881 75.815 60.753 40.695 0.000 0.000 0.000 0.996 57.905 52.824 52.721 52.605 52.478 53.342 56.197 57.040 56.862 55.645 56.351 54.901 54.425 63.061 69.693 67.314 73.911 71.373 65.864 63.352 65.724 77.366 80.887 80.681 87.310 87.093 81.478 81.133 80.385 80.060 79.667 79.282 78.897 78.515 78.136 77.760 77.389 77.024 76.671 77.328 77.991 16.656 0.000 0.000 0.000 0.000 0.000 0.000 0.000
0.000 46.539 58.553 86.544 90.519 71.482 54.435 53.390 61.351 61.311 60.266 54.213 55.155 61.100 78.042 76.981 59.918 52.860 42.806 0.000 62.373 71.312 67.217 68.095 70.965 73.855 72.740 73.614 76.474 75.326 72.170 74.001 68.807 54.576 58.288 56.927 61.534 79.143 85.711 82.269 75.810 70.340 71.887 78.352 83.206 81.644 87.913 87.564 81.463 83.072 81.659 80.999 80.660 80.263 79.880 79.497 79.117 78.742 78.373 78.007 77.643 78.285 75.949 71.627 23.309 0.000 0.000 0.000 0.000 0.000 0.000 0.000 0.148
0.000 0.000 51.606 70.592 81.565 56.517 48.450 55.397 53.363 60.332 61.297 61.246 54.177 71.131 63.077 52.016 54.952 46.900 0.000 71.523 74.434 74.345 76.243 77.129 80.007 83.890 82.770 82.637 82.480 84.317 85.157 82.985 70.791 56.564 58.297 57.985 57.640 60.265 33.739 6.242 95.716 137.316 114.850 80.784 82.304 88.875 88.438 81.909 84.639 82.054 81.612 81.255 80.862 80.476 80.090 79.707 79.331 78.965 78.607 78.252 79.890 74.525 63.214 17.920 0.000 0.000 0.000 0.000 0.000 0.000 0.000 0.373 47.216
3.844 0.000 6.674 27.653 62.629 44.573 0.000 50.384 55.372 55.359 61.344 50.295 0.000 55.170 53.120 55.053 55.976 65.887 79.764 76.612 78.496 84.391 94.283 138.169 135.044 134.927 134.813 134.685 135.490 119.306 51.155 53.992 51.806 59.593 58.351 55.077 52.775 34.537 0.000 0.000 4.516 62.224 79.236 83.831 89.566 89.248 81.507 83.208 82.508 82.205 81.837 81.456 81.073 80.686 80.298 79.911 79.536 79.179 79.839 78.504 70.141 58.709 16.461 0.000 0.000 0.000 0.000 0.000 0.000 0.000 3.517 38.454 59.333
77.845 25.820 14.762 77.719 55.726 0.000 0.000 0.000 49.380 62.389 54.426 0.000 7.343 63.258 54.181 65.100 78.010 77.909 82.792 85.666 78.548 64.438 55.330 51.219 49.075 51.961 52.870 39.800 0.000 56.262 53.165 52.023 55.849 59.651 56.437 48.196 54.848 35.571 0.000 1.803 57.526 74.534 84.256 90.059 89.837 82.089 83.776 83.074 82.781 82.413 82.046 81.669 81.287 80.899 80.504 80.103 79.723 80.377 76.067 64.782 21.462 0.000 0.000 0.000 0.000 0.000 0.000 0.000 0.000 0.000 6.579 56.518 55.430
87.864 95.854 83.836 0.808 12.829 6.939 1.975 0.979 0.000 0.000 58.546 56.525 64.428 61.337 61.248 61.155 78.055 91.947 80.831 60.710 58.593 53.482 55.381 46.302 0.000 57.972 54.907 43.845 0.000 57.315 52.221 53.084 59.916 57.726 55.551 37.422 0.000 2.044 54.229 51.984 68.769 84.678 90.336 83.022 83.589 84.250 83.647 83.353 82.991 82.633 82.265 81.888 81.506 81.118 80.715 81.274 80.876 70.538 55.270 18.097 0.000 0.000 0.000 0.000 0.000 0.000 0.000 4.970 31.923 30.836 45.703 57.610 45.524
77.892 81.897 71.899 0.000 0.000 72.014 65.009 58.984 2.923 10.828 76.687 73.601 60.508 61.414 61.318 62.217 83.109 134.994 127.873 74.751 129.631 50.517 54.409 54.305 56.188 54.048 53.940 53.827 55.668 51.463 51.318 60.176 59.007 55.784 50.618 39.520 0.000 0.797 56.268 63.085 85.080 83.959 90.692 84.067 84.654 84.204 83.915 83.569 83.221 82.861 82.491 82.112 81.729 81.355 82.963 78.402 59.969 46.628 48.379 14.238 0.000 0.000 0.000 0.000 0.000 0.000 0.000 5.017 40.963 45.883 59.785 53.696 43.613
73.923 68.944 12.965 0.000 3.135 55.093 64.062 61.020 78.958 72.874 77.774 85.682 76.590 61.494 61.393 61.285 60.169 54.046 48.917 53.789 50.664 54.545 54.433 54.323 54.210 54.092 53.979 53.857 52.713 57.549 59.414 60.295 44.151 0.000 43.618 0.000 0.000 0.789 60.427 82.337 86.335 91.672 91.215 84.158 84.811 84.454 84.141 83.808 83.459 83.098 82.727 82.342 81.944 80.609 42.380 0.000 0.000 0.000 0.000 0.000 0.000 0.000 0.000 37.434 32.395 31.331 30.241 34.117 43.031 58.946 52.860 43.776 53.697
65.950 56.991 62.051 7.151 60.176 56.161 55.128 73.078 66.014 81.937 90.851 70.765 56.675 54.579 57.475 60.362 61.237 61.102 53.962 52.823 53.691 53.568 54.454 54.345 54.238 59.132 56.025 52.910 53.777 56.607 60.494 49.441 0.000 0.000 0.000 0.000 16.076 135.953 79.686 86.709 84.680 92.076 83.976 86.495 87.980 84.707 84.391 84.059 83.710 83.345 83.977 80.583 68.095 58.758 16.569 0.000 0.000 0.000 0.000 0.000 0.000 0.000 39.516 39.473 39.422 40.356 40.274 41.181 55.095 55.012 38.931 41.851 43.776
40.967 42.019 36.098 60.225 56.259 55.248 66.209 70.151 81.082 88.008 53.930 52.851 53.766 55.672 54.568 51.449 59.315 60.165 61.005 59.849 53.708 52.582 51.469 52.364 58.265 117.171 85.078 64.982 47.880 0.000 62.513 70.533 0.000 0.000 0.000 0.000 60.201 71.094 87.979 86.013 92.781 92.442 85.064 85.595 86.261 84.969 84.658 84.329 83.978 84.594 83.254 35.919 0.000 0.000 0.000 0.000 0.000 0.000 0.000 0.000 0.000 0.000 46.560 42.519 39.463 40.396 38.320 50.238 57.157 41.077 41.999 49.923 47.850
0.000 0.000 0.000 53.390 56.388 58.362 79.309 90.234 104.156 86.082 15.012 71.941 71.864 55.777 55.674 54.552 52.408 55.239 61.045 58.861 59.711 61.585 59.475 57.377 53.289 48.209 53.136 48.059 0.000 0.000 0.000 56.644 48.672 0.000 0.000 2.607 70.434 87.280 87.353 85.368 93.091 84.785 87.288 88.795 85.538 85.248 84.944 84.621 84.278 81.800 36.527 0.000 0.000 0.000 0.000 0.000 0.000 0.000 0.000 0.000 0.000 45.724 15.645 3.580 47.515 37.445 48.371 60.294 48.217 43.140 48.065 51.992 44.921
0.000 0.000 0.000 51.558 57.542 73.502 84.430 132.321 126.225 128.153 134.094 130.038 130.974 55.896 55.799 54.677 54.525 53.337 48.074 57.840 59.689 60.571 58.468 60.380 60.304 61.241 54.198 0.000 0.000 0.000 0.000 57.728 42.700 0.000 0.091 61.753 83.642 87.597 86.586 93.655 93.380 85.843 86.390 87.081 85.819 85.544 85.249 85.932 60.713 0.000 0.000 0.000 0.000 0.000 0.000 0.000 0.000 0.000 58.041 46.992 36.913 40.803 40.716 41.642 41.570 44.499 57.425 54.351 49.276 50.202 48.129 46.058 41.989
17.804 0.000 0.000 52.741 69.720 77.675 83.590 54.394 53.271 52.209 49.175 50.143 50.099 56.035 55.948 71.833 71.680 47.508 0.000 44.737 57.634 59.540 57.448 59.371 59.306 60.253 56.216 0.157 1.053 2.007 55.951 40.839 0.000 0.000 63.153 72.000 88.877 87.789 86.972 93.910 85.515 88.045 90.582 86.359 86.111 85.859 84.577 72.146 30.930 0.000 0.000 0.000 0.000 0.000 44.292 39.271 39.230 39.172 43.091 55.021 57.944 43.858 38.776 40.700 42.626 57.554 56.481 42.408 51.335 52.263 51.192 44.122 40.055
