results1/res_4e8f-0184.wd
ncols         241
nrows         181
xllcorner     12693529.787448
yllcorner     3542525.717860
cellsize      155.156523
NODATA_value  -9999.000000
[rows 66 to 98 of 181, columns 146 to 218 of 241]
37.716 52.655 74.596 75.542 75.492 75.446 75.402 75.361 75.324 78.293 14.273 0.000 2.144 0.000 0.000 0.000 0.000 0.610 47.610 22.610 0.000 29.608 59.607 59.606 59.606 66.606 72.605 72.603 72.600 72.596 72.592 72.587 72.582 72.576 72.571 74.566 59.563 60.560 52.559 0.000 0.000 0.000 0.000 0.000 28.904 35.895 44.876 38.839 16.790 14.757 29.732 50.708 58.685 52.661 47.638 47.614 37.591 34.567 34.544 37.521 58.499 70.477 65.456 54.435 61.415 68.396 72.378 72.360 71.343 71.327 71.312 71.297 71.282
40.777 59.714 77.655 75.602 75.553 75.509 75.467 75.425 80.384 69.351 39.336 36.351 0.000 0.000 0.000 0.000 0.000 18.610 20.610 0.000 0.000 0.000 29.604 60.603 69.603 72.602 72.601 72.599 72.597 76.594 74.590 72.586 72.582 72.577 71.573 63.569 57.566 63.563 53.562 0.000 0.000 0.000 0.000 20.896 34.896 39.892 35.885 0.000 1.737 11.725 31.708 34.688 48.667 57.646 46.623 45.601 43.577 34.554 34.531 33.508 39.485 63.463 70.441 55.420 57.400 59.381 61.362 65.345 69.328 71.311 72.296 71.281 71.267
45.835 66.771 76.710 75.656 75.610 75.569 73.531 72.490 27.435 12.392 43.370 49.366 14.369 0.000 0.000 0.000 0.000 0.000 0.000 0.000 0.000 13.599 42.600 62.601 72.600 72.599 72.598 72.597 72.594 74.592 73.589 72.586 72.582 73.579 63.575 61.571 64.568 59.565 51.563 0.000 0.000 0.000 0.000 38.895 41.894 3.892 2.888 0.000 6.706 39.699 41.685 51.669 54.651 65.631 63.610 51.587 40.564 32.541 34.517 34.494 29.471 43.448 60.426 64.405 69.385 66.365 59.346 64.328 67.311 67.295 65.279 67.265 70.250
50.892 73.824 77.756 78.702 75.662 76.628 71.597 17.567 1.521 42.412 43.385 48.374 56.372 0.000 0.000 0.000 0.000 0.000 0.000 0.000 0.000 25.598 48.598 61.598 73.598 72.597 72.596 72.594 72.593 73.590 72.588 72.585 72.583 69.580 63.577 28.573 1.570 0.000 0.000 0.000 0.000 0.000 0.000 34.895 41.894 0.000 0.000 0.000 56.684 42.677 37.666 65.652 70.636 71.617 75.597 69.575 57.552 37.528 34.504 34.480 32.456 33.433 39.410 40.389 47.368 55.348 62.329 66.311 67.294 68.278 64.262 67.248 68.233
32.951 37.878 47.789 23.733 80.709 77.683 62.661 39.645 9.645 0.000 0.000 0.000 0.000 0.000 0.000 0.000 0.000 0.000 0.000 0.000 0.000 26.597 51.597 54.596 70.596 72.595 72.594 72.593 76.591 75.589 72.587 72.585 73.583 64.581 67.580 0.000 0.000 0.000 0.000 0.000 0.000 0.000 0.000 0.000 28.894 37.894 0.000 0.000 87.668 50.661 32.651 63.638 71.623 71.605 71.586 74.564 73.540 53.515 36.490 34.465 32.441 35.417 36.394 44.372 49.351 38.331 38.312 43.293 48.276 54.260 59.245 63.230 67.216
79.017 57.948 0.000 0.000 84.757 76.735 63.720 45.708 12.701 0.000 0.000 0.000 0.000 0.000 0.000 0.000 0.000 0.000 0.000 0.000 0.000 0.000 12.594 56.594 72.594 72.593 72.592 72.591 74.590 73.588 72.587 72.585 73.584 61.583 71.582 0.000 0.000 0.000 0.000 0.000 0.000 0.000 0.000 0.000 0.000 4.894 12.894 0.000 24.658 40.649 33.638 63.626 71.612 71.596 72.577 72.554 72.529 65.502 41.476 37.450 35.425 32.400 53.376 65.354 71.332 55.312 48.293 44.275 42.258 39.241 39.226 39.212 67.198
55.095 0.000 0.000 81.940 81.826 79.781 70.775 55.764 11.751 0.000 0.000 0.000 0.000 0.000 0.000 0.000 0.000 0.000 0.000 0.000 0.000 0.000 38.592 61.592 73.592 72.591 72.591 73.590 72.589 72.588 72.586 72.585 73.584 66.583 31.583 0.000 0.000 0.000 0.000 0.000 0.000 0.000 0.000 0.000 0.000 0.000 0.000 0.000 0.000 37.637 36.626 54.616 69.604 72.590 66.571 62.547 68.520 59.489 42.461 41.435 50.408 45.383 68.358 72.335 71.313 69.292 69.273 66.255 64.238 61.222 57.207 49.192 69.179
82.142 72.141 78.112 34.054 0.000 0.809 76.835 50.823 11.787 0.000 14.026 0.000 0.000 0.000 0.000 0.000 0.000 0.000 0.000 0.000 0.000 1.590 54.591 66.591 73.590 72.590 72.589 74.589 74.588 72.587 72.586 72.585 71.584 67.583 16.583 0.000 0.000 0.000 0.000 0.000 0.000 0.000 0.000 0.000 0.000 0.000 0.000 0.000 0.000 0.000 25.613 51.607 69.599 70.588 51.572 54.544 56.513 53.475 38.446 35.419 58.392 67.364 71.338 73.314 73.292 74.271 72.252 72.234 73.217 72.202 73.187 73.173 72.159
84.188 76.170 81.141 32.110 0.000 0.000 67.914 15.908 0.000 0.000 46.026 9.026 0.000 0.000 0.000 0.000 0.000 0.000 0.000 0.000 0.000 0.589 57.589 69.589 73.589 72.589 72.588 73.588 73.587 72.586 72.585 73.585 69.584 64.583 14.583 0.000 0.000 0.000 0.000 0.000 0.000 0.000 0.000 0.000 0.000 0.000 0.000 0.000 17.602 19.603 30.605 46.602 68.597 70.590 16.584 0.000 0.000 43.451 37.427 32.403 46.375 65.344 71.316 73.292 73.269 73.249 71.230 71.212 72.196 71.180 71.166 72.152 72.139
76.254 76.210 76.171 74.135 61.103 47.059 39.999 38.985 35.010 38.021 41.026 41.027 13.027 0.000 0.000 0.000 0.000 0.000 18.586 20.586 0.000 10.587 56.588 70.588 72.588 72.588 72.587 72.587 72.586 72.586 72.585 72.584 54.584 49.583 47.583 42.583 6.583 0.000 0.000 0.000 0.000 0.000 0.000 0.000 0.000 0.000 0.000 0.000 21.601 47.601 38.601 42.599 62.596 63.592 36.589 0.000 0.000 0.000 34.410 39.392 38.363 57.320 70.291 71.267 71.245 71.225 71.207 71.189 71.173 71.158 71.144 71.131 71.118
76.294 76.246 76.199 75.155 72.115 74.076 48.039 27.023 65.025 38.028 42.029 18.028 0.000 0.000 0.000 0.000 0.000 0.000 18.586 64.586 13.586 1.586 55.587 69.587 73.587 72.587 74.586 75.586 73.586 72.585 72.585 70.584 63.584 54.583 55.583 54.583 7.582 0.000 0.000 0.000 0.000 0.000 0.000 0.000 0.000 0.000 0.000 0.000 15.601 50.600 42.600 49.598 64.596 59.593 65.592 0.000 0.000 0.000 0.000 0.000 0.000 47.284 70.262 71.240 71.219 71.200 71.182 71.165 71.150 71.136 71.122 71.109 71.097
76.330 76.280 77.223 79.172 76.127 76.088 75.059 76.043 67.037 45.036 17.036 0.000 0.000 0.000 0.000 0.000 0.000 0.000 5.586 57.586 44.586 34.586 50.586 72.586 72.586 72.586 72.586 72.585 72.585 72.585 72.584 72.584 70.583 49.583 53.583 60.582 3.582 0.000 0.000 0.000 0.000 0.000 0.000 0.000 0.000 0.000 0.000 0.000 11.600 62.600 6.599 29.598 52.596 59.594 20.593 0.000 0.000 0.000 0.000 0.000 0.000 1.259 59.233 72.212 71.191 71.172 71.155 71.140 71.126 71.112 71.099 71.087 71.075
79.368 75.320 72.242 74.182 77.133 77.091 79.067 76.053 74.046 61.043 10.042 0.000 0.000 0.000 0.000 0.000 0.000 0.000 0.000 13.585 48.585 40.585 56.585 74.585 72.585 72.585 72.585 72.585 72.585 72.584 72.584 72.583 73.583 62.583 49.582 53.582 59.582 1.581 0.000 0.000 0.000 0.000 0.000 0.000 0.000 0.000 0.000 0.000 0.000 7.600 0.000 0.000 37.595 56.595 0.000 0.000 0.000 0.000 0.000 0.000 0.000 0.000 47.209 68.185 71.162 71.143 71.128 71.114 71.101 71.088 71.076 71.064 71.052
72.414 33.391 0.000 0.000 0.000 69.074 74.065 80.056 76.051 65.048 15.046 0.000 49.051 19.051 0.000 0.000 0.000 0.000 0.000 0.000 40.585 44.585 65.585 73.585 74.585 75.585 72.585 72.584 72.584 72.584 72.583 72.583 72.583 73.582 52.582 34.582 43.581 4.581 0.000 0.000 0.000 0.000 0.000 0.000 0.000 0.000 0.000 0.000 0.000 0.000 0.000 0.000 26.595 59.595 0.000 0.000 0.000 0.000 0.000 0.000 0.000 0.000 0.000 48.157 68.128 71.112 71.098 71.086 71.075 71.064 71.052 71.041 71.030
67.452 24.440 0.000 0.000 44.066 42.066 59.062 78.057 75.053 60.051 41.050 45.050 49.051 15.051 0.000 0.000 0.000 0.000 11.583 0.000 41.584 52.584 72.585 72.585 75.584 75.584 72.584 72.584 72.584 72.583 72.583 72.583 72.582 73.582 69.582 64.581 53.581 33.581 27.580 0.000 0.000 0.000 0.000 0.000 0.000 0.000 0.000 0.000 0.000 0.000 0.000 0.000 28.595 20.595 0.000 0.000 0.000 0.000 0.000 0.000 0.000 0.000 0.000 0.000 53.083 69.076 71.068 71.059 71.049 71.039 71.029 71.018 71.007
73.483 54.476 26.483 0.000 0.000 44.063 44.060 66.057 78.054 56.052 43.051 48.051 26.051 0.000 0.000 0.000 0.000 0.000 40.583 33.584 38.584 55.584 74.584 74.584 75.584 72.584 72.584 72.584 72.583 72.583 72.583 72.583 72.582 72.582 72.581 74.581 63.581 51.580 40.580 41.580 34.579 25.579 30.579 0.000 0.000 0.000 0.000 0.000 0.000 0.000 0.000 0.000 31.595 6.595 0.000 0.000 0.000 0.000 0.000 0.000 0.000 0.000 0.000 0.000 38.045 66.042 70.037 71.031 71.024 71.016 71.006 70.996 70.984
76.506 67.498 20.490 0.000 0.000 0.000 43.058 48.056 75.054 63.053 44.052 47.052 22.051 0.000 0.000 0.000 0.000 0.000 43.583 36.583 39.584 57.584 76.584 75.584 73.584 73.584 72.584 72.583 72.583 72.583 72.583 73.582 73.582 73.582 67.581 58.581 62.580 69.580 62.580 60.579 48.579 35.579 42.579 0.579 0.000 0.000 0.000 0.000 0.000 0.000 0.000 0.000 0.000 0.000 0.000 0.000 0.000 0.000 0.000 0.000 0.000 0.000 0.000 0.000 30.011 61.010 71.008 73.005 73.000 72.993 71.985 70.974 70.962
76.524 51.519 0.000 0.000 0.000 0.000 0.000 50.054 63.054 57.053 56.052 53.052 43.052 21.052 0.000 0.000 0.000 0.000 42.583 35.583 40.583 55.583 67.584 64.584 59.584 61.584 66.583 71.583 73.583 73.583 71.582 61.582 59.582 64.581 53.581 50.580 50.580 61.580 65.580 60.579 46.579 35.579 7.579 0.000 0.000 0.000 0.000 0.000 0.000 0.000 0.000 0.000 0.000 0.000 0.000 0.000 0.000 0.000 0.000 0.000 0.884 0.000 0.000 0.000 17.977 42.980 48.981 50.980 50.977 51.972 60.965 69.954 70.941
75.538 41.534 0.000 0.000 0.000 0.000 0.000 45.054 39.053 38.053 46.052 46.052 46.052 42.052 15.052 0.000 0.000 0.000 47.583 42.583 47.583 57.583 60.583 63.584 21.584 0.000 0.000 12.583 73.583 70.583 59.582 14.582 0.000 0.000 52.580 84.580 77.580 56.580 62.579 56.579 45.579 30.579 33.579 0.000 0.000 0.000 0.000 0.000 0.000 0.000 0.000 0.000 0.000 0.000 0.000 0.000 0.000 0.000 13.884 3.884 21.884 42.889 53.898 52.914 70.940 78.950 79.955 77.957 79.957 66.954 49.948 67.938 70.921
73.549 38.546 0.000 0.000 0.000 0.000 0.000 45.054 41.053 20.053 0.000 0.000 0.038 0.000 0.000 0.000 0.000 0.000 53.583 47.583 42.583 38.583 24.583 0.000 0.000 0.000 0.000 0.000 0.000 0.000 46.582 8.582 0.000 0.000 0.000 47.580 80.579 40.579 41.579 40.579 36.579 39.579 86.579 45.579 0.000 0.000 0.000 0.000 0.000 0.000 0.000 0.000 0.000 0.000 0.000 0.000 12.857 3.857 0.000 0.000 7.879 89.884 85.892 67.904 68.918 65.927 66.933 88.937 81.939 67.938 47.936 56.927 55.906
59.557 40.555 34.558 0.000 0.000 0.000 0.000 0.000 43.053 27.053 0.000 0.000 0.000 0.000 0.000 0.000 0.000 0.000 53.583 53.583 54.583 37.583 12.583 0.000 0.000 0.000 0.000 0.000 0.000 0.000 42.582 19.582 0.000 0.000 0.000 46.579 95.579 59.579 62.579 57.579 42.579 60.579 114.579 111.578 42.578 0.000 0.000 0.000 0.000 0.000 0.000 0.000 0.000 0.000 0.000 0.000 2.857 20.858 10.859 8.863 17.870 92.876 59.883 67.891 58.900 39.908 50.914 93.919 59.922 46.925 53.930 7.928 0.000
43.562 43.560 29.561 0.000 0.000 0.000 0.000 0.000 0.000 0.000 0.000 0.000 0.000 0.000 0.000 0.000 0.000 0.000 56.583 47.583 41.583 39.583 13.583 0.000 0.000 0.000 0.000 0.000 0.000 39.582 32.582 57.582 53.582 0.000 5.579 52.579 58.579 50.579 93.579 82.579 53.578 6.578 70.578 125.578 9.578 0.000 0.000 0.000 0.000 0.000 0.000 0.000 21.856 18.856 13.856 2.856 71.857 109.857 100.857 96.859 43.863 87.867 55.872 44.877 91.884 72.890 92.896 73.901 43.906 51.911 0.000 0.000 0.000
46.566 47.564 39.563 0.000 0.000 0.000 0.000 0.000 0.000 0.000 0.000 0.000 0.000 0.000 0.000 0.000 0.000 0.000 10.583 51.582 41.582 19.582 0.000 0.000 0.000 0.000 0.000 0.000 0.000 41.581 38.582 14.582 0.000 0.000 0.000 26.579 5.579 0.000 6.578 48.578 4.578 0.000 26.578 92.578 47.578 0.000 0.000 0.000 0.000 0.000 0.000 0.000 0.000 3.856 0.000 0.000 27.856 7.856 71.854 75.854 26.855 87.857 64.859 37.863 55.868 105.873 119.878 53.884 41.891 8.901 0.000 0.000 17.725
45.568 46.566 46.565 50.565 42.565 0.000 0.000 0.000 0.000 0.000 0.000 0.000 0.000 0.000 0.000 0.000 0.000 0.000 0.000 41.582 37.582 21.582 0.000 0.000 0.000 0.000 0.000 0.000 42.581 39.581 16.581 0.000 0.000 0.000 0.000 0.579 0.000 0.000 0.000 52.578 1.578 0.000 26.578 0.000 0.000 0.000 0.000 0.000 0.000 0.000 0.000 0.000 0.000 12.856 6.856 8.856 1.856 0.000 47.849 66.848 25.847 89.846 69.846 39.848 88.851 91.855 86.860 94.866 58.873 0.000 0.000 0.692 31.707
47.570 25.567 36.566 45.566 45.565 45.565 44.565 0.000 0.000 0.000 0.000 0.000 0.000 0.000 0.000 0.000 0.000 0.000 0.000 43.582 39.582 23.582 0.000 0.000 0.000 0.000 0.000 0.000 0.000 45.581 17.581 0.000 0.000 0.000 0.000 0.000 0.000 4.577 16.577 39.577 43.577 20.577 0.000 0.000 0.000 0.000 0.000 0.000 0.000 0.000 0.000 0.000 0.000 1.856 0.000 5.856 0.000 0.000 50.844 70.842 30.839 90.834 75.831 89.832 89.834 48.837 41.842 86.848 35.861 0.000 0.000 32.676 40.685
52.572 0.000 0.000 42.565 31.565 0.000 44.565 34.565 0.000 0.000 0.000 0.000 0.000 0.000 0.000 0.000 0.000 0.000 0.000 42.582 39.582 27.582 0.000 0.000 0.000 0.000 0.000 0.000 0.000 0.000 0.000 0.000 0.000 0.000 0.000 0.000 0.000 0.000 55.577 72.577 33.577 0.000 0.000 0.000 0.000 0.000 0.000 0.000 0.000 0.000 0.000 0.000 0.000 0.000 0.000 10.856 0.000 0.000 85.841 71.839 32.832 90.819 87.814 79.813 71.815 57.817 58.821 27.825 0.000 0.000 16.656 35.663 42.668
49.573 0.000 0.000 29.565 21.565 0.000 0.000 0.000 0.000 53.568 49.568 40.568 0.000 0.000 0.000 0.000 0.000 0.000 0.000 46.582 42.582 24.582 0.000 0.000 0.000 0.000 0.000 0.000 0.000 0.000 0.000 0.000 0.000 0.000 0.000 0.000 0.000 0.000 18.577 102.577 68.577 0.000 0.000 0.000 0.000 0.000 0.000 0.000 0.000 0.000 0.000 0.000 0.000 0.000 0.000 0.000 0.000 0.000 17.841 0.000 0.000 64.795 105.794 84.793 83.794 81.796 84.800 32.806 0.000 0.000 20.649 34.651 35.653
65.574 0.000 0.000 0.000 0.000 51.570 38.570 0.000 49.569 43.568 43.568 35.568 0.000 0.000 0.000 0.000 0.000 0.000 0.000 46.582 41.582 29.582 0.000 0.000 0.000 0.000 0.000 0.000 0.000 0.000 0.000 0.000 0.000 0.000 0.000 0.000 0.000 0.000 0.000 46.577 38.577 9.577 0.000 0.000 0.000 0.000 0.000 0.000 0.000 0.000 0.000 0.000 0.000 0.000 0.000 0.000 0.000 0.000 0.000 0.000 0.000 11.773 47.772 48.772 46.772 46.773 43.778 39.792 0.000 0.000 13.641 34.640 32.639
76.573 65.572 47.572 48.571 47.571 41.570 42.570 43.569 41.569 46.568 45.568 36.568 33.568 0.000 0.000 0.000 0.000 0.000 0.000 33.582 0.000 0.000 0.000 0.000 0.000 0.000 0.000 0.000 0.000 0.000 0.000 0.000 0.000 0.000 0.000 0.000 0.000 0.000 0.000 0.000 45.577 8.577 0.000 0.000 0.000 0.000 0.000 0.000 0.000 0.000 0.000 0.000 0.000 0.000 0.000 0.000 0.000 0.000 0.000 0.000 0.000 2.750 35.751 34.751 34.749 50.748 45.746 0.000 0.000 0.000 6.632 47.630 59.627
76.573 70.572 40.572 40.571 40.571 23.570 24.570 28.569 38.569 47.568 44.568 36.568 39.568 28.568 0.000 0.000 0.000 0.000 0.000 0.000 0.000 0.000 0.000 0.000 0.000 0.000 0.000 0.000 0.000 0.000 0.000 0.000 0.000 0.000 0.000 0.000 0.000 0.000 0.000 0.000 2.576 48.576 7.576 0.000 0.000 0.000 0.000 0.000 0.000 0.000 0.000 0.000 0.000 0.000 0.000 0.000 0.000 0.000 0.000 0.000 27.718 30.728 34.730 34.730 36.727 55.722 45.712 28.692 0.000 0.000 42.625 63.621 70.616
76.573 74.572 44.572 41.572 21.571 0.000 0.000 0.000 0.000 38.568 41.568 39.568 32.568 0.000 0.000 0.000 0.000 0.000 0.000 0.000 0.000 0.000 0.000 0.000 0.000 0.000 0.000 0.000 0.000 0.000 0.000 0.000 0.000 0.000 0.000 0.000 0.000 0.000 0.000 0.000 0.576 51.576 13.576 0.000 0.000 0.000 0.000 0.000 0.000 0.000 0.000 0.000 0.000 0.000 0.000 0.000 0.000 0.000 0.000 0.000 38.709 35.712 34.713 30.711 43.707 60.700 44.689 33.673 28.650 28.634 52.623 69.614 70.606
76.572 74.572 27.572 31.572 0.000 0.000 0.000 0.000 0.000 0.000 29.568 42.568 34.568 0.000 0.000 0.000 0.000 0.000 0.000 0.000 0.000 0.000 0.000 0.000 0.000 0.000 0.000 0.000 0.000 0.000 0.000 0.000 0.000 0.000 0.000 0.000 0.000 0.000 0.000 0.000 0.000 0.576 19.576 0.000 0.000 0.000 0.000 0.000 0.000 0.000 0.000 0.000 7.679 15.679 0.000 0.000 0.000 0.000 0.000 32.691 30.696 29.698 34.698 48.695 61.690 51.683 35.672 33.659 35.643 32.629 53.617 71.607 70.597
76.572 50.572 0.000 0.000 0.000 0.000 0.000 0.000 0.000 0.000 0.000 32.568 39.567 37.567 0.000 0.000 0.000 0.000 0.000 0.000 0.000 0.000 0.000 0.000 0.000 0.000 0.000 0.000 0.000 0.000 0.000 0.000 0.000 0.000 0.000 0.000 0.000 0.000 0.000 0.000 0.000 0.000 0.000 0.000 0.000 0.000 0.000 0.000 0.000 0.000 0.000 0.000 0.000 8.679 10.679 0.000 37.680 29.681 27.682 39.685 53.687 58.687 60.685 60.682 46.676 34.668 33.659 33.647 32.634 34.622 57.610 72.599 70.588
