results1/res_4e8f-0145.wd
ncols         241
nrows         181
xllcorner     12693529.787448
yllcorner     3542525.717860
cellsize      155.156523
NODATA_value  -9999.000000
[rows 132 to 164 of 181, columns 0 to 72 of 241]
95.518 100.517 104.517 104.516 106.515 106.514 100.512 91.511 77.508 66.506 65.503 66.500 65.496 64.492 69.488 83.482 94.476 99.469 99.461 96.452 88.440 79.427 70.411 64.390 69.364 71.332 70.296 71.255 69.221 64.189 78.158 101.128 68.103 0.000 0.000 0.000 7.850 59.844 71.838 68.817 70.801 76.791 94.791 80.795 64.803 63.814 63.827 75.843 96.859 37.878 10.900 5.934 0.000 0.000 0.000 0.000 0.000 0.000 0.000 0.000 0.000 0.000 2.297 0.298 27.299 7.225 11.150 52.054 74.913 78.814 78.708 88.795 116.261
73.522 75.522 78.521 84.520 94.519 100.518 105.516 105.515 98.512 84.510 73.507 67.504 71.500 78.496 91.491 106.486 105.479 102.472 102.464 105.454 105.443 101.430 89.414 77.395 69.372 64.346 65.316 64.286 65.258 73.232 95.209 103.189 15.177 0.000 0.000 0.000 17.857 45.864 63.891 72.886 73.874 70.860 71.862 81.867 76.872 69.878 73.886 81.895 94.906 35.920 21.938 27.967 7.998 0.000 0.000 0.000 0.000 0.000 0.000 0.000 0.000 0.000 0.000 0.000 9.377 0.000 59.175 81.098 76.980 85.953 77.018 116.382 105.142
65.526 65.526 65.525 67.525 72.524 76.522 83.521 92.519 100.517 103.514 97.511 95.508 97.504 100.500 99.495 92.490 83.483 81.476 81.468 86.459 92.448 99.435 102.420 101.403 90.383 80.362 75.338 73.314 82.292 98.272 99.256 85.244 18.238 0.000 0.000 0.000 0.000 0.000 46.974 73.965 52.948 40.913 55.932 70.938 85.940 89.941 91.943 92.945 88.951 15.958 2.965 30.999 28.028 16.060 22.079 16.088 0.000 0.000 0.000 0.000 0.000 0.000 43.597 13.547 79.455 101.391 134.247 90.223 85.276 66.234 102.301 106.822 106.730
66.531 66.531 66.530 66.529 65.528 64.527 66.526 71.524 77.522 87.519 97.516 99.513 92.509 82.505 76.500 68.495 64.488 64.482 64.474 66.465 71.454 77.443 84.429 96.414 101.397 103.379 102.360 98.342 101.324 94.309 76.298 68.291 47.295 5.317 0.000 0.000 0.000 0.000 40.067 73.050 16.039 0.000 49.015 74.012 93.009 101.004 86.999 89.994 75.993 33.995 0.023 58.037 27.056 19.074 30.088 30.097 1.121 0.000 0.000 0.000 0.000 30.701 49.648 122.589 151.512 134.395 117.951 116.897 108.569 107.210 107.089 106.960 72.182
66.536 66.536 66.535 66.534 66.533 66.532 66.531 65.529 65.527 68.524 74.521 73.518 69.514 65.510 65.505 65.500 66.494 66.488 66.480 66.472 65.462 64.452 66.440 72.427 79.412 88.397 96.382 92.367 81.354 69.342 65.334 70.330 78.332 54.340 32.346 32.336 18.309 19.260 55.176 76.132 26.118 8.132 68.101 100.088 102.078 81.068 84.055 83.037 71.031 60.036 11.046 39.055 13.084 1.118 14.102 1.114 3.143 1.148 0.000 0.000 0.000 11.756 74.703 80.623 76.611 77.772 75.747 107.536 107.434 107.326 74.526 77.305 79.178
66.541 66.541 66.540 66.540 66.539 66.537 66.536 66.534 66.532 66.530 65.527 65.524 65.520 66.516 66.511 66.506 66.501 66.495 66.488 66.480 66.472 66.462 66.452 65.440 64.428 65.416 69.404 67.392 66.382 70.373 73.366 72.363 70.362 72.364 72.362 69.352 69.331 73.296 48.246 34.182 23.170 41.176 86.169 100.160 80.149 73.135 72.115 52.070 48.058 11.072 0.000 0.000 1.254 3.272 0.000 0.000 7.166 22.152 37.115 7.056 20.979 83.835 90.825 88.898 86.885 87.967 107.727 107.634 88.768 95.560 88.416 94.190 86.034
66.546 66.546 66.546 66.545 66.544 66.543 66.542 66.540 66.538 66.536 66.533 66.530 66.526 66.522 66.518 66.513 66.508 66.503 66.496 65.489 72.482 74.473 66.464 65.455 64.445 65.435 67.425 70.415 73.407 72.401 67.396 68.393 75.392 78.391 74.388 68.380 65.366 74.348 5.329 0.000 8.202 81.234 90.239 77.233 69.222 89.210 35.199 0.000 0.000 1.299 2.346 2.350 2.333 3.323 0.000 0.000 32.202 74.178 103.139 64.080 96.968 105.129 102.094 101.187 107.989 107.905 107.818 100.850 102.729 102.429 101.291 100.225 18.143
66.552 66.552 66.552 66.551 66.550 66.549 66.548 66.546 66.544 66.542 69.539 69.536 67.533 71.529 69.524 66.520 66.516 66.511 65.506 63.499 74.493 82.485 68.477 65.469 67.461 70.453 72.445 71.438 68.432 70.427 75.423 77.421 78.420 78.419 73.417 67.413 76.407 95.399 14.393 0.000 0.000 55.321 78.319 75.311 79.298 99.282 33.272 0.000 2.362 2.352 2.366 2.372 2.356 4.364 0.000 30.313 82.266 98.219 101.155 106.159 103.328 100.321 108.217 108.145 108.069 100.156 100.943 101.818 101.501 101.474 94.408 71.317 0.000
66.558 66.558 66.557 66.557 66.556 66.555 66.554 66.553 66.551 67.549 74.546 74.543 51.539 19.535 40.531 70.528 64.525 67.520 73.515 76.510 76.504 72.498 68.491 69.484 72.477 71.471 70.465 72.459 76.455 76.452 78.450 77.449 68.449 63.449 65.449 78.449 97.449 107.449 29.451 0.000 0.000 30.410 86.404 88.394 95.376 94.348 30.336 0.000 2.371 0.403 1.415 2.416 0.000 8.412 34.408 78.368 100.295 103.318 102.412 102.420 101.516 108.354 108.287 100.357 101.159 102.024 101.812 101.669 101.628 93.563 85.522 0.000 0.000
66.564 66.564 66.564 66.563 66.562 66.562 66.561 66.559 66.558 68.556 77.554 88.551 64.547 1.543 7.536 55.536 81.534 73.530 71.526 71.521 69.516 68.511 70.505 72.499 70.494 66.488 68.484 80.480 82.477 72.475 66.475 63.476 63.477 68.479 82.482 98.485 95.490 79.497 51.511 19.541 13.542 57.505 86.493 68.485 59.464 51.400 16.387 0.572 0.481 21.469 12.463 2.460 0.000 27.467 78.448 100.373 102.577 101.576 101.690 108.545 108.484 108.420 100.417 102.303 102.017 101.893 101.840 101.769 95.695 82.633 72.598 0.000 0.000
66.571 66.570 66.570 66.569 66.569 66.568 66.568 66.567 66.565 68.564 78.562 65.559 21.554 3.555 0.000 23.547 77.544 69.541 71.537 70.533 68.528 71.524 72.519 69.514 66.509 62.505 72.502 86.499 73.498 63.498 64.499 69.501 79.505 90.509 101.514 94.520 72.529 67.539 86.554 93.571 94.579 98.576 73.580 34.588 6.597 0.000 0.755 0.771 0.000 34.478 21.488 1.546 32.571 78.518 100.547 102.744 101.768 108.712 108.659 108.603 100.681 101.481 102.372 102.072 102.058 102.000 101.927 102.838 90.760 61.677 50.637 8.637 2.637
65.577 65.577 66.576 66.576 66.576 66.575 66.575 66.574 66.573 69.572 79.571 50.570 0.000 9.566 47.566 49.560 66.556 68.552 56.548 38.545 76.541 71.537 67.533 66.529 64.525 66.522 82.519 85.518 67.518 70.519 82.522 91.526 100.531 98.537 86.545 72.554 65.565 81.578 85.593 73.611 54.626 52.641 40.661 20.690 9.738 3.840 1.900 21.928 16.941 0.000 0.000 26.640 78.681 101.795 102.823 100.941 108.812 108.763 100.842 101.654 102.534 102.341 102.220 102.198 102.146 102.096 105.028 68.898 48.829 0.000 0.000 0.000 0.000
74.584 72.583 69.583 67.582 64.582 64.582 64.582 64.582 63.581 68.580 80.580 63.580 44.581 52.576 70.574 66.570 63.566 69.563 64.560 51.557 71.553 65.550 64.547 64.543 66.540 80.537 88.535 54.535 46.536 96.539 101.544 96.550 85.557 75.565 67.574 63.585 74.598 86.614 54.632 29.652 12.675 3.700 20.732 19.773 9.826 10.893 13.943 41.967 25.954 0.000 0.000 58.920 100.957 100.086 108.952 108.907 108.861 100.877 102.772 102.498 102.391 102.361 104.319 99.269 101.240 102.213 113.191 0.000 0.000 0.000 0.000 0.000 0.000
75.592 77.590 83.589 84.588 84.589 81.590 82.590 81.590 80.589 80.589 82.588 65.588 69.587 68.585 65.583 68.580 68.577 67.574 72.572 74.569 68.566 62.563 64.560 66.558 80.555 85.552 74.550 68.550 77.552 100.557 83.564 74.573 66.581 64.591 66.602 65.615 79.630 88.647 52.667 28.691 16.720 18.754 21.795 13.845 14.901 20.961 23.012 16.043 0.000 0.000 37.164 79.178 109.073 109.035 108.995 101.109 101.916 102.815 102.524 102.522 103.480 103.435 76.392 54.330 89.329 103.324 108.333 48.389 0.000 0.000 0.000 0.000 0.000
68.600 62.598 15.593 17.592 26.596 73.597 70.598 70.598 70.598 74.597 83.597 64.596 65.595 64.594 67.592 71.590 72.587 70.585 69.583 72.581 73.579 70.577 64.574 81.572 87.569 78.566 84.563 101.562 98.565 80.573 68.584 64.595 66.605 66.616 65.628 70.642 86.658 88.677 80.700 83.726 54.759 16.800 8.850 7.909 19.973 27.038 17.100 14.154 6.178 32.323 80.341 109.144 109.110 101.250 102.060 102.948 102.761 102.648 102.633 103.586 101.546 95.507 20.485 0.000 71.423 106.420 103.426 102.446 0.000 0.000 0.000 0.000 0.000
66.610 58.610 0.000 0.000 8.606 69.606 65.606 65.606 65.606 69.606 83.605 61.605 65.604 69.603 71.601 72.600 69.598 66.596 64.595 66.593 76.592 89.590 84.589 85.587 62.584 56.580 108.574 94.572 61.574 21.584 41.605 69.618 66.628 66.639 68.652 61.667 45.684 35.704 47.728 87.756 63.790 16.836 11.896 6.970 16.043 21.119 15.198 20.266 20.348 58.461 109.195 100.439 104.178 103.083 102.897 102.788 102.765 102.730 103.688 103.652 68.613 44.559 30.558 33.564 84.521 105.506 101.507 92.522 10.555 0.000 0.000 0.000 0.000
66.620 66.622 49.627 0.000 9.615 70.615 66.615 66.615 65.615 66.614 81.614 68.613 71.613 73.612 72.611 67.610 64.609 65.607 65.606 64.605 74.605 97.604 93.603 80.602 73.600 64.596 40.582 29.576 16.575 0.000 22.635 71.642 66.651 68.662 51.674 25.690 10.707 7.728 49.751 66.778 35.810 7.858 10.928 16.030 23.110 19.198 13.305 6.406 9.711 57.694 109.261 103.327 103.088 102.910 102.896 102.861 102.821 102.784 100.750 91.719 24.696 0.000 41.623 100.612 105.591 103.577 97.574 87.579 5.589 0.000 0.000 0.000 0.000
63.629 65.630 62.632 0.000 5.624 70.624 65.624 63.624 65.623 69.623 73.623 72.622 72.622 70.621 64.620 65.620 65.619 66.618 66.618 71.618 89.617 88.617 81.618 90.618 88.619 59.620 0.000 0.000 0.000 0.000 20.659 71.664 66.671 69.682 40.694 2.710 36.728 62.749 82.772 51.795 3.815 0.029 0.069 5.113 15.169 15.260 15.385 9.661 6.439 109.446 109.356 102.232 103.079 102.980 102.947 102.910 102.873 104.838 89.806 72.778 32.756 8.745 56.698 86.672 95.652 104.639 93.632 82.631 4.633 0.000 0.000 0.000 0.000
70.637 68.638 57.638 0.000 56.634 64.633 66.633 70.632 71.632 72.632 70.632 71.631 69.631 65.631 65.630 66.630 66.630 65.629 67.629 90.630 89.630 71.631 84.632 82.634 86.638 84.646 47.664 3.675 12.681 42.683 47.679 67.682 66.689 66.699 61.712 53.727 70.746 69.767 63.791 85.817 33.839 0.038 0.084 9.140 14.194 12.280 13.389 37.553 61.956 109.530 104.559 104.308 104.048 103.035 102.996 102.960 103.924 101.890 56.859 33.830 45.805 46.782 100.752 102.727 82.707 92.693 87.684 60.680 25.679 0.000 0.000 0.000 0.000
71.645 72.645 69.646 57.647 71.643 71.642 71.641 72.641 72.641 73.641 85.641 67.640 65.640 65.640 66.640 66.640 66.640 67.640 81.641 92.641 67.642 71.644 98.646 90.649 78.654 81.661 84.671 68.680 73.686 88.689 81.692 69.696 62.704 62.714 73.727 89.742 76.761 48.783 20.809 75.841 64.885 13.961 17.032 22.112 18.188 9.281 11.352 52.635 104.881 109.609 101.539 104.190 105.119 103.082 103.045 103.009 95.973 85.940 42.908 13.879 22.852 23.826 84.800 126.776 107.757 83.742 75.732 54.726 63.723 16.723 0.000 2.885 6.885
76.652 76.652 72.652 72.652 72.651 73.650 73.650 69.650 66.650 65.649 28.649 18.649 69.650 66.650 66.650 66.650 65.650 68.651 92.652 78.653 63.654 69.656 86.658 103.662 98.667 95.673 93.680 89.687 85.692 84.697 92.702 89.708 83.716 79.726 82.738 86.754 48.773 12.795 11.821 27.853 23.901 8.965 18.024 28.090 24.166 15.270 8.427 51.675 109.754 109.683 104.431 106.275 103.163 103.131 104.093 100.057 84.021 76.988 82.955 88.925 72.897 94.870 109.845 126.822 135.803 119.787 81.776 86.769 61.765 0.000 0.000 0.000 0.000
15.659 16.659 76.658 71.659 71.659 66.659 63.658 65.658 60.658 13.658 13.658 2.659 70.659 66.659 66.660 66.660 66.661 84.661 91.662 64.664 66.665 66.668 69.670 75.674 77.678 77.683 73.689 76.695 92.700 85.706 76.711 79.717 86.725 90.735 93.747 90.763 65.781 30.803 13.827 12.848 0.000 1.973 13.009 22.057 6.111 0.000 21.625 81.868 109.823 101.774 105.500 105.236 103.220 103.178 104.140 99.103 86.068 52.034 59.001 101.970 112.941 144.913 135.887 107.864 95.844 112.828 91.815 85.807 60.804 0.000 0.000 0.000 0.000
2.667 11.666 25.663 80.666 65.667 63.667 65.667 65.667 66.667 13.667 4.667 59.668 67.668 66.669 66.669 66.670 68.671 92.672 77.673 63.674 66.676 66.679 66.681 65.685 65.689 65.693 64.698 71.703 100.708 79.714 10.719 18.725 30.733 81.742 91.754 75.768 80.786 67.809 19.836 16.864 1.904 6.946 19.980 12.019 0.000 0.000 39.784 109.955 109.889 104.657 106.396 102.304 103.265 103.225 103.186 103.149 90.113 53.078 68.045 105.013 100.983 134.954 129.928 98.903 103.882 89.864 70.850 88.842 66.839 0.856 0.000 0.000 0.000
64.675 60.675 0.000 72.675 82.675 83.675 64.675 76.675 83.675 59.676 57.676 67.677 66.677 66.678 66.679 66.680 85.681 89.682 64.683 66.685 65.687 64.689 66.692 66.695 66.699 66.703 65.707 73.712 102.716 83.721 29.726 2.732 53.739 78.747 91.757 70.769 60.786 19.813 12.843 15.870 13.900 21.928 25.947 0.002 0.000 18.706 80.955 110.018 101.913 105.634 105.376 103.354 103.310 103.270 103.231 104.193 95.156 84.121 107.087 132.055 120.023 136.994 133.965 127.939 134.916 100.896 77.880 87.870 95.867 24.873 0.000 0.000 0.000
66.683 65.684 60.687 66.684 65.683 13.683 87.683 79.683 66.684 67.684 67.685 66.686 66.686 66.687 66.688 69.689 92.690 75.692 65.693 66.695 72.697 80.699 66.702 64.705 66.709 65.712 68.716 92.720 100.724 75.729 63.733 51.738 73.744 72.750 33.758 18.766 15.776 0.000 4.852 4.873 5.898 6.920 8.934 0.000 21.771 78.921 101.089 110.079 102.876 103.517 103.439 103.396 103.354 103.313 103.274 104.236 95.199 78.163 74.128 107.095 97.062 111.031 114.001 101.973 103.947 75.924 52.905 66.892 133.885 86.884 21.886 11.886 33.886
66.691 66.691 66.692 66.691 66.691 60.691 76.691 92.692 68.692 65.693 66.694 66.695 66.696 66.697 65.698 88.699 90.700 64.701 66.703 67.704 64.707 26.709 85.712 80.715 67.718 65.721 83.725 102.728 86.732 66.736 66.740 67.744 70.748 74.753 11.757 12.762 0.000 1.837 16.841 0.000 0.000 0.000 0.000 0.000 44.889 102.058 110.195 110.138 102.760 103.593 103.476 103.439 103.396 103.356 103.316 102.278 87.240 89.204 109.168 128.134 127.100 132.067 137.036 124.005 121.975 108.947 57.924 55.908 131.897 95.892 33.888 26.887 91.886
66.698 66.698 66.698 66.698 66.699 66.699 66.699 77.700 92.701 68.701 65.702 66.703 66.705 64.706 72.707 93.708 73.710 65.711 67.712 65.713 7.716 4.719 73.722 74.725 80.727 79.730 87.733 86.736 67.739 65.743 67.746 70.749 75.752 75.754 0.000 0.000 0.000 3.833 27.833 14.831 15.830 14.829 0.000 6.028 53.153 107.277 110.250 102.100 103.813 103.547 103.526 103.480 103.438 103.397 103.357 103.318 89.280 85.243 106.207 107.172 107.137 110.103 110.069 109.035 114.001 86.965 62.937 77.917 92.905 31.899 0.000 0.000 35.885
66.705 68.705 68.705 66.705 66.706 66.707 66.707 66.708 77.709 92.710 68.711 63.712 63.713 80.715 92.716 86.718 63.719 66.721 62.721 8.720 5.726 59.729 66.732 66.734 72.737 89.739 89.742 82.744 75.747 67.750 54.752 24.755 89.757 69.758 0.000 0.000 0.000 2.828 16.829 9.829 23.829 12.829 0.000 6.198 26.282 110.358 110.305 102.969 103.701 103.606 103.563 103.520 103.478 103.437 103.397 104.358 99.320 89.283 84.246 83.209 83.173 83.138 83.102 87.066 61.027 4.978 30.940 86.919 82.906 43.899 5.894 0.000 34.885
67.712 4.712 5.710 66.712 65.713 64.714 64.715 63.716 63.717 76.718 91.719 84.721 91.722 93.724 80.726 64.728 71.729 71.731 59.733 0.000 7.739 70.740 66.742 68.744 92.746 99.748 77.750 68.752 75.754 82.757 70.759 6.761 49.763 67.764 0.000 0.000 0.000 3.823 9.825 6.827 20.828 0.000 0.000 6.306 11.637 110.410 108.220 103.932 103.673 103.648 103.601 103.558 103.517 103.476 103.436 103.397 104.359 103.321 101.284 100.246 100.209 101.173 103.137 77.101 19.064 0.000 15.927 71.913 102.903 93.895 66.890 42.886 59.885
66.720 65.720 0.720 65.721 76.721 80.722 84.723 89.724 92.725 93.726 93.728 93.729 79.731 66.733 82.735 99.737 100.739 100.742 93.745 71.751 6.750 67.751 65.752 74.754 102.755 89.757 66.758 65.760 67.762 70.764 61.765 6.767 26.769 26.771 0.000 0.000 0.000 9.816 4.821 0.000 3.828 0.000 14.296 15.567 6.283 110.461 112.170 107.807 103.727 103.682 103.639 103.596 103.554 103.514 103.474 103.436 103.397 103.359 103.321 103.283 104.244 107.207 79.171 12.136 0.000 4.447 0.000 16.905 72.896 103.889 94.885 70.882 47.884
66.727 68.728 64.730 66.729 81.729 80.729 76.730 72.731 71.733 67.734 88.736 78.738 89.740 80.742 96.744 92.747 85.749 86.752 97.755 103.758 92.759 93.761 85.762 93.763 101.764 74.766 65.767 66.768 66.769 65.771 65.772 67.774 62.776 11.779 71.786 62.792 1.798 3.805 0.000 0.000 0.000 5.218 83.283 80.493 110.554 110.508 106.047 106.875 103.757 103.718 103.674 103.632 103.591 103.551 103.512 103.474 103.436 103.398 103.360 105.320 110.277 79.240 19.206 0.000 0.000 1.448 0.445 0.000 13.889 64.881 99.877 49.875 0.000
68.734 4.735 63.735 66.735 66.736 66.737 65.738 66.739 68.740 66.742 78.744 73.746 82.749 93.751 81.754 66.756 67.759 68.762 69.764 74.767 87.769 97.770 103.772 101.773 90.774 66.774 66.775 66.776 66.777 66.778 67.778 90.779 63.781 3.783 67.787 17.792 11.797 4.801 0.000 0.000 0.000 15.183 103.390 105.597 110.598 104.380 104.086 103.820 103.798 103.751 103.709 103.667 103.627 103.587 103.549 103.511 103.474 103.437 105.400 90.360 44.303 11.271 0.000 3.451 1.452 21.451 28.451 0.000 0.000 35.869 97.868 49.867 0.000
69.741 2.741 63.741 66.742 66.743 66.744 66.745 67.746 5.748 65.750 69.752 80.754 80.757 88.760 93.763 79.766 64.769 64.771 64.774 66.777 68.779 69.781 70.782 70.783 69.783 68.783 64.783 64.784 65.784 66.784 77.785 91.785 62.785 56.786 58.788 0.000 0.000 4.801 0.000 0.000 0.000 19.254 102.372 110.682 110.640 103.237 103.966 103.870 103.827 103.784 103.742 103.701 103.661 103.623 103.585 103.548 103.512 103.476 108.443 64.417 0.000 0.000 1.634 0.000 1.456 16.453 23.452 0.000 0.000 38.858 98.858 57.857 0.000
