results1/res_4e8f-0189.wd
ncols         241
nrows         181
xllcorner     12693529.787448
yllcorner     3542525.717860
cellsize      155.156523
NODATA_value  -9999.000000
[rows 33 to 65 of 181, columns 146 to 218 of 241]
64.823 64.040 63.766 64.403 31.063 42.734 64.421 58.108 36.688 0.000 0.000 36.337 12.338 17.338 33.340 58.344 45.343 11.341 0.000 0.265 50.249 58.236 16.213 43.186 35.165 36.141 40.104 49.066 67.025 57.994 52.966 47.942 48.922 48.905 47.888 46.872 45.854 53.835 63.815 55.798 55.783 53.768 32.753 46.741 54.732 0.000 25.303 30.275 54.204 52.144 57.088 67.035 59.990 54.969 9.958 0.000 37.909 37.902 44.899 22.902 0.000 0.000 0.000 0.000 0.000 0.000 0.000 0.000 0.000 0.000 0.000 0.000 0.000
64.774 64.520 64.174 64.845 42.524 60.222 62.955 56.764 0.000 0.000 14.337 38.337 0.000 0.000 0.000 42.354 42.349 50.339 13.320 63.295 51.265 38.241 47.216 38.190 36.164 36.137 35.104 37.070 65.035 63.004 62.976 64.952 57.930 59.910 58.892 58.874 58.856 59.839 63.821 61.805 62.791 57.777 34.765 33.756 6.751 0.000 22.247 36.229 44.193 39.141 45.085 58.026 57.991 55.971 13.960 0.000 0.000 42.890 14.888 0.000 0.000 0.000 0.000 0.000 1.789 44.783 43.777 45.771 35.767 38.764 5.762 0.000 0.000
65.252 64.916 64.594 64.275 63.966 64.674 56.413 43.230 0.000 0.000 0.000 6.337 0.000 0.000 0.000 39.369 36.361 49.347 54.326 46.302 55.274 53.248 34.221 35.194 36.166 36.137 48.105 52.073 56.042 49.011 45.984 55.958 29.936 36.915 31.896 31.877 31.859 34.842 60.826 49.811 47.797 49.785 34.775 36.768 16.764 0.000 32.209 89.202 14.197 0.000 0.000 6.994 58.977 57.962 16.952 0.000 0.000 39.881 36.873 38.858 36.845 44.833 50.821 42.809 64.794 71.784 69.776 54.770 34.766 33.762 37.760 7.758 0.000
65.647 65.327 65.007 64.695 65.391 60.094 41.794 32.512 41.512 0.000 0.000 0.000 0.000 0.000 0.000 36.392 35.379 38.360 34.337 45.311 48.283 51.255 40.226 35.198 35.168 35.138 60.108 66.077 48.046 42.016 41.988 42.963 39.939 39.918 39.898 40.879 43.861 40.845 61.829 53.815 51.802 51.791 33.782 47.776 73.773 0.000 24.176 77.173 0.000 0.000 0.000 8.978 58.963 56.949 34.934 39.910 37.893 35.879 35.868 35.855 34.843 41.832 48.822 35.811 53.796 71.782 67.774 47.768 32.764 32.760 37.758 5.756 0.000
66.060 65.733 65.414 65.106 61.810 47.519 36.156 0.000 0.000 0.000 0.000 40.564 3.550 9.529 1.492 35.429 36.403 36.377 35.350 35.322 41.292 34.263 34.232 36.202 35.172 34.141 58.111 55.081 63.051 67.020 65.990 60.964 56.941 58.920 54.899 58.880 58.863 59.846 63.831 61.817 62.805 58.795 33.787 45.782 67.779 0.000 19.148 80.141 0.000 0.000 0.000 0.000 55.946 58.937 37.923 35.905 35.889 35.875 35.863 35.852 34.841 41.832 50.824 6.817 0.000 29.773 72.769 48.765 32.761 32.757 36.754 3.753 0.000
66.470 66.132 65.809 65.504 55.226 37.013 0.000 0.000 0.000 0.000 38.593 41.578 54.559 54.534 42.500 35.459 35.426 36.395 36.365 35.334 34.302 35.270 35.238 35.206 34.175 43.144 62.114 41.084 55.055 32.021 64.989 54.964 53.941 53.920 50.899 55.880 56.863 56.846 63.831 61.818 58.806 58.797 33.789 47.784 66.782 0.000 5.125 73.103 0.000 0.000 0.000 0.000 59.938 58.931 34.917 36.897 35.882 36.869 36.858 36.848 37.838 45.830 25.824 0.000 0.000 30.769 72.766 53.761 40.757 34.753 37.750 4.748 0.000
66.876 66.517 67.184 59.876 47.576 37.295 0.000 0.000 0.000 0.000 35.609 52.594 46.573 35.547 37.515 37.480 35.446 34.413 36.380 35.347 36.313 36.278 36.244 35.211 35.178 55.146 55.115 55.087 55.066 0.000 36.979 34.961 35.940 35.919 36.898 40.879 43.861 41.845 61.830 55.817 49.805 51.796 34.789 46.785 65.783 0.000 0.000 46.042 37.017 0.000 0.000 0.000 53.936 36.934 0.000 31.885 37.873 41.862 48.852 48.843 48.833 50.825 22.818 0.000 14.772 78.768 71.763 73.757 61.752 36.748 37.744 5.742 0.000
67.270 66.875 66.535 52.240 3.908 0.000 0.000 0.000 0.000 13.667 51.640 46.617 36.593 37.565 37.534 37.500 37.466 35.431 34.396 34.360 36.323 35.286 35.250 34.214 36.179 51.146 42.114 51.084 52.055 11.020 10.987 50.962 49.939 49.917 49.896 51.877 51.859 52.842 64.827 60.814 55.802 57.793 33.787 42.783 70.781 0.000 0.000 105.005 73.993 40.974 27.965 0.000 0.000 0.000 0.000 0.000 34.861 43.855 47.847 46.837 49.828 51.818 37.807 42.790 58.776 73.768 71.760 71.754 59.747 36.742 36.737 12.733 0.000
67.636 68.179 59.839 42.642 0.000 0.000 0.000 1.739 1.724 58.694 52.667 36.642 37.616 37.587 37.555 37.522 37.486 37.450 34.412 35.373 35.334 35.294 36.255 35.216 35.180 38.145 43.112 55.080 42.049 54.018 58.988 51.961 60.937 50.914 51.893 54.873 53.854 52.837 62.822 58.809 46.797 45.788 34.782 41.779 70.778 0.000 0.000 95.982 85.975 62.964 31.957 0.000 0.000 7.887 2.884 0.000 5.856 54.850 46.842 40.832 37.822 52.812 39.801 41.788 49.776 70.766 72.757 70.750 56.742 36.735 33.728 37.720 31.710
75.921 73.367 46.001 35.847 0.000 0.000 3.767 36.754 50.739 51.717 45.693 40.668 37.641 37.611 37.579 37.544 36.508 39.470 44.430 40.388 35.345 36.301 35.258 35.217 35.179 35.142 42.108 43.076 41.045 48.014 46.985 41.958 53.933 33.910 41.888 48.868 47.849 41.831 60.816 53.802 33.790 32.781 35.774 37.771 41.775 0.000 0.000 73.965 53.960 90.952 76.940 12.921 13.905 64.891 38.880 36.868 36.857 38.847 49.838 43.828 11.818 64.807 52.796 48.784 46.773 57.763 73.754 65.745 48.737 37.729 33.720 40.711 64.699
0.000 0.000 24.950 42.898 0.000 0.000 38.779 48.772 62.760 46.742 45.721 45.696 38.669 37.638 37.605 37.569 44.531 52.491 53.449 45.404 40.356 35.308 34.260 35.216 39.175 36.138 35.103 34.070 40.039 41.009 39.980 40.953 42.928 35.904 41.882 46.861 48.841 44.823 60.807 54.793 36.780 35.770 35.762 31.758 0.000 0.000 0.000 29.953 48.949 48.942 82.931 97.918 90.904 58.891 44.879 45.867 45.855 48.845 70.835 88.824 97.813 96.803 98.791 97.780 91.769 85.759 77.749 60.740 43.731 34.722 35.713 48.704 67.693
19.015 0.000 0.000 0.000 0.000 9.803 41.799 61.795 53.786 56.771 53.752 43.728 36.699 37.668 37.633 48.595 53.556 49.515 44.472 41.424 44.368 39.313 39.260 35.210 40.168 34.130 35.096 36.063 35.032 35.002 34.974 34.947 33.921 34.897 34.874 38.853 44.832 43.814 61.797 55.782 34.768 35.757 35.748 34.739 9.729 0.000 0.000 33.945 59.942 48.935 50.926 65.915 76.902 86.889 88.877 94.865 97.854 97.842 96.831 92.820 83.809 81.798 83.787 86.776 88.765 89.755 87.745 91.735 83.726 50.716 37.707 56.697 73.688
58.437 17.234 0.000 0.000 6.785 42.807 58.819 51.823 43.818 51.806 55.787 56.763 46.734 35.700 45.664 54.624 44.583 36.541 36.499 38.451 6.378 7.316 6.257 32.196 36.155 38.120 38.087 35.055 35.024 35.994 34.966 34.939 34.913 35.888 34.865 34.843 34.822 37.803 54.785 53.769 35.755 35.742 35.732 36.724 37.718 0.000 0.000 32.940 50.937 51.931 63.923 50.913 30.900 34.887 70.875 94.863 78.851 73.840 76.828 69.817 55.806 44.794 35.783 33.771 34.760 44.750 42.739 37.729 76.720 91.710 69.701 67.691 71.682
0.000 33.032 11.417 5.633 41.762 51.821 58.849 42.859 45.857 43.846 41.828 49.803 54.773 49.737 53.697 42.654 36.610 37.568 37.531 45.503 0.000 0.000 0.000 29.161 38.138 49.108 50.077 45.045 41.014 42.985 38.956 37.929 35.903 34.878 34.855 35.832 34.811 34.790 37.772 46.754 34.739 34.725 35.714 34.706 3.701 0.000 0.000 13.938 11.936 65.930 49.923 34.912 48.899 50.885 96.873 77.860 60.849 42.837 33.825 34.813 35.802 36.790 36.778 36.767 35.756 33.745 32.734 33.724 41.714 78.704 86.695 71.685 70.676
0.000 20.444 43.587 45.718 44.811 59.866 44.895 38.906 40.905 39.894 36.875 35.849 50.816 57.777 60.733 48.685 38.636 35.590 43.553 9.528 0.000 0.000 0.000 32.150 42.127 49.098 50.066 50.035 52.004 59.974 57.946 53.919 51.893 47.867 41.843 36.820 34.798 35.777 34.757 39.738 32.721 33.706 34.694 36.684 57.679 0.000 0.000 0.000 27.937 69.932 29.925 38.914 29.898 68.882 86.870 46.858 34.846 36.834 36.822 36.810 36.798 36.786 33.774 33.762 32.750 33.739 33.728 33.718 49.708 64.698 37.689 97.678 69.669
0.000 20.712 43.771 36.841 55.899 55.938 50.959 41.967 35.963 36.951 37.930 48.902 51.866 43.823 46.773 55.718 56.659 46.604 3.562 0.000 5.297 4.258 37.209 43.160 47.124 46.089 47.056 47.024 44.993 51.963 52.935 52.907 53.881 50.855 49.831 50.807 41.784 36.762 37.740 34.720 35.701 34.684 33.670 35.659 50.653 0.000 0.000 0.000 27.943 71.937 33.930 9.922 0.000 14.874 53.866 35.856 36.844 34.831 34.819 34.807 33.794 32.782 33.769 33.757 32.745 33.733 32.722 31.711 34.701 30.692 26.683 90.669 99.659
0.000 17.921 37.944 47.975 58.005 49.026 49.037 51.038 49.031 40.015 45.992 54.962 43.924 36.876 35.819 41.753 51.679 58.604 22.530 14.434 40.336 40.268 35.210 44.159 49.117 50.080 46.045 46.011 37.980 34.950 34.922 34.895 33.868 31.843 38.818 52.793 51.769 50.746 45.723 36.701 34.680 35.660 34.643 34.629 35.620 0.000 0.000 0.000 42.955 9.943 13.936 0.000 0.000 0.000 32.866 12.854 15.842 32.828 31.816 31.803 32.790 34.777 34.764 34.751 33.739 33.727 31.715 31.704 32.694 20.687 0.000 10.657 93.644
0.000 17.108 41.107 60.112 51.120 48.125 48.125 49.118 48.106 50.087 55.062 44.030 37.990 37.939 37.875 36.795 37.698 43.605 60.521 58.435 37.346 36.268 35.202 36.149 48.106 46.068 57.033 44.997 37.965 35.936 36.908 35.881 40.855 48.829 44.804 38.779 44.754 54.729 51.705 50.680 41.657 34.634 34.612 35.593 33.578 0.000 0.000 42.985 30.979 0.000 0.000 44.893 39.891 38.885 30.876 0.000 0.000 37.823 34.813 34.801 34.787 34.773 34.759 34.746 34.733 34.720 34.708 33.696 34.685 36.674 26.661 0.000 35.629
5.382 30.296 55.263 51.247 40.238 45.229 50.219 45.204 51.187 57.165 49.139 37.106 36.066 38.016 37.948 41.852 42.715 36.595 47.514 43.438 40.347 37.254 34.183 41.130 45.089 47.055 38.022 64.978 52.948 42.920 34.894 40.868 59.842 69.816 62.790 39.764 41.738 44.712 48.686 53.660 51.633 47.606 36.580 33.552 40.522 46.480 0.000 17.991 38.997 0.000 0.000 14.894 34.896 34.889 34.878 39.863 38.847 34.828 33.814 34.799 34.784 34.768 34.754 34.740 34.726 34.713 34.700 34.687 33.675 33.662 34.648 37.631 33.621
17.468 51.433 57.401 42.376 37.355 39.336 41.316 52.294 56.272 67.248 66.221 59.190 48.153 37.109 40.050 6.951 0.000 35.548 41.500 38.456 1.349 35.220 39.145 56.099 55.064 58.040 0.000 29.946 69.927 63.903 49.879 55.853 73.828 73.802 71.776 40.750 46.723 46.696 48.668 36.639 45.609 51.579 50.548 49.515 62.479 71.437 4.393 0.000 29.021 54.045 0.000 0.000 57.908 38.897 38.882 38.866 38.848 39.830 33.814 32.798 36.781 33.763 33.748 33.733 33.719 34.705 33.692 32.678 32.665 32.652 32.638 32.624 31.612
16.590 62.564 48.532 37.501 37.472 37.443 50.414 48.385 65.359 80.335 77.308 74.279 69.248 60.217 51.191 0.000 0.000 0.000 29.484 40.472 0.000 0.000 32.078 50.056 49.030 64.000 35.959 36.934 69.911 74.888 70.864 69.840 72.815 72.789 73.763 52.736 44.709 46.680 46.650 36.619 45.586 39.553 58.518 29.481 68.440 90.397 61.349 31.299 0.000 32.069 0.000 33.959 93.931 46.909 48.889 48.869 44.850 45.831 37.814 32.797 14.778 33.757 33.741 36.726 39.711 49.697 39.683 34.670 35.656 35.642 35.629 35.616 35.603
48.737 52.703 46.663 44.624 39.587 51.551 45.513 58.471 36.446 6.423 57.397 76.370 75.344 76.320 59.305 0.000 0.000 0.000 23.480 46.476 0.000 0.000 29.033 44.019 38.998 65.972 76.944 76.919 72.896 72.873 72.850 73.826 72.802 72.777 72.751 66.724 41.695 43.665 41.633 36.600 47.565 48.528 51.490 8.449 53.406 89.360 59.308 77.248 38.166 24.093 36.042 91.987 79.949 51.920 45.894 47.872 41.850 35.831 33.813 31.799 0.000 39.744 47.733 55.718 62.704 71.689 60.675 40.660 34.647 35.633 35.619 35.606 35.594
59.919 48.847 48.792 44.744 51.702 48.661 51.615 75.539 62.533 45.513 66.487 75.461 74.436 73.416 53.405 0.000 0.000 0.000 0.000 1.476 0.000 0.000 35.002 43.989 54.970 70.948 72.924 72.902 72.880 72.858 72.836 72.814 72.790 72.765 72.740 72.712 58.683 48.652 41.618 34.583 38.545 38.505 43.464 62.421 48.375 83.328 69.276 76.220 83.156 69.096 74.045 82.997 58.959 59.926 45.898 44.873 36.850 33.828 34.808 36.788 50.764 56.744 74.727 73.712 72.696 71.681 71.666 61.651 39.637 34.623 35.609 35.596 35.583
51.053 38.976 40.913 52.860 49.814 49.775 19.747 0.000 54.632 80.608 75.579 74.550 76.523 58.502 44.494 28.519 0.000 0.000 0.000 0.000 0.000 0.000 40.983 57.965 69.945 72.925 72.904 72.884 72.864 72.844 72.823 72.802 72.779 72.755 72.730 72.702 73.673 67.641 59.606 51.568 49.527 52.484 43.439 60.394 39.347 81.300 14.250 35.198 70.144 42.091 33.043 89.000 52.962 56.928 54.899 35.872 33.847 34.824 34.802 42.781 63.759 74.739 71.721 71.704 71.688 68.672 67.657 65.642 64.627 38.613 34.599 34.586 34.573
41.164 38.089 51.024 50.969 45.921 65.880 19.849 28.835 68.756 75.709 74.671 74.636 74.604 50.575 50.550 61.543 0.000 0.000 0.000 0.000 0.000 0.000 0.000 7.942 66.920 78.902 73.884 72.867 72.849 72.830 72.811 72.791 72.770 72.747 72.722 72.695 72.666 73.633 74.596 71.555 71.511 74.464 54.416 60.368 34.321 75.273 11.226 13.177 66.129 36.082 46.038 79.997 60.960 52.927 56.896 33.869 34.843 33.819 35.797 45.775 66.753 67.733 72.714 71.697 66.680 63.663 67.647 72.632 71.617 60.602 41.588 40.575 39.561
37.264 51.191 52.127 40.070 51.019 71.975 64.936 70.899 76.847 74.801 74.760 74.721 71.682 55.643 5.587 1.566 0.000 0.000 0.000 0.000 0.000 0.000 0.000 0.000 11.891 23.879 64.864 73.849 72.834 72.817 72.800 72.781 72.762 72.740 72.717 74.691 73.661 73.628 72.590 74.547 73.498 73.446 63.392 61.342 38.294 50.248 80.202 59.157 67.113 36.070 64.029 57.990 60.955 48.922 42.892 34.864 34.838 34.813 42.790 47.768 48.746 53.726 61.707 59.688 60.671 71.654 71.637 71.621 71.606 72.591 66.577 62.563 60.550
52.356 52.286 41.222 37.164 52.112 71.065 77.021 75.979 74.933 74.889 74.846 75.804 66.762 59.729 0.000 0.000 0.000 0.000 0.000 0.000 0.000 0.000 0.000 0.000 20.874 40.857 67.845 73.833 72.820 72.805 72.790 72.773 72.755 72.735 74.714 74.689 74.661 66.629 71.590 74.544 77.489 75.428 69.365 65.312 53.265 37.221 85.179 68.137 70.096 35.056 81.017 44.981 25.946 42.915 33.885 34.857 33.831 42.806 48.782 47.760 47.738 46.717 39.698 35.679 65.661 71.643 71.627 71.611 71.595 71.580 72.565 72.551 72.538
49.442 40.374 38.310 36.252 53.199 73.151 75.105 75.061 75.018 74.975 74.932 76.886 55.833 53.781 0.000 0.000 0.000 0.000 0.000 0.000 0.000 0.000 0.000 0.000 0.000 54.832 73.826 72.817 72.807 72.795 72.781 72.766 74.750 73.733 73.713 73.691 67.666 45.635 61.596 71.551 22.485 13.414 47.329 54.277 63.234 50.194 71.154 89.116 74.077 41.040 83.003 6.969 18.936 31.905 34.876 34.848 36.822 46.797 44.774 45.751 47.729 50.708 44.688 45.669 61.651 71.633 71.616 71.599 71.583 71.568 71.553 71.539 71.525
40.523 38.456 43.394 48.336 63.283 75.234 75.187 75.144 75.101 75.061 75.020 75.975 62.904 0.000 0.000 0.000 0.000 0.000 2.773 39.773 0.774 18.774 0.000 0.000 0.000 29.812 64.809 71.803 72.795 72.785 72.774 72.761 74.747 72.732 72.715 72.697 56.676 52.650 14.609 16.580 0.000 0.000 32.258 39.233 61.200 47.165 52.130 95.094 78.058 57.023 66.988 16.955 61.924 38.894 34.865 34.838 36.812 45.788 56.764 56.741 58.719 64.698 59.678 70.658 71.639 71.621 71.604 71.587 71.571 71.556 71.541 71.526 71.512
41.599 38.534 45.473 64.416 75.363 75.313 75.267 75.224 75.184 75.147 75.114 81.090 0.000 0.000 0.000 0.000 0.000 0.000 39.773 51.773 38.774 53.774 49.774 0.000 19.789 51.795 58.795 69.791 72.785 72.777 72.768 73.757 72.745 72.733 72.719 68.705 57.691 62.680 0.000 0.000 0.000 16.207 49.213 41.195 59.168 35.138 37.105 85.072 84.038 76.004 61.972 61.940 50.910 45.881 34.854 34.827 34.802 44.777 66.753 73.730 72.708 72.687 64.667 71.647 71.628 71.609 71.592 71.575 71.558 71.543 71.527 71.513 71.499
39.671 37.607 52.547 72.491 76.438 75.390 75.344 75.302 75.263 75.228 75.199 82.180 0.000 0.000 0.000 0.000 0.000 0.000 28.773 48.773 48.774 47.774 50.775 34.777 42.782 50.785 50.785 67.782 73.777 72.771 72.763 72.754 72.744 72.734 73.724 65.713 61.704 55.699 0.000 0.000 0.000 9.200 13.194 41.167 60.140 37.112 33.082 72.051 89.018 85.985 66.954 45.924 44.895 45.868 36.841 33.815 34.790 37.765 48.742 68.719 71.697 71.675 63.655 71.635 71.615 71.597 71.579 71.562 71.545 71.529 71.514 71.499 71.485
38.740 40.678 60.618 76.563 75.511 75.462 75.418 75.376 75.339 75.305 77.275 75.251 0.000 0.000 0.000 0.000 0.000 0.000 14.773 53.773 59.773 64.773 55.774 54.775 48.777 44.778 55.778 69.775 72.771 72.766 75.759 73.752 72.744 72.736 72.728 67.720 59.714 54.712 29.715 0.000 0.000 0.000 0.000 3.140 52.112 38.088 34.061 67.030 97.997 78.965 57.935 48.907 50.879 48.853 43.827 32.802 34.777 33.753 37.730 56.707 71.685 71.663 63.642 71.622 71.602 71.583 71.565 71.548 71.531 71.515 71.500 71.485 71.470
38.806 48.744 68.685 76.630 75.579 75.532 75.488 75.447 75.410 76.377 74.344 62.297 46.297 0.000 0.000 0.000 0.000 0.000 16.773 54.773 63.773 63.772 67.772 69.773 52.773 51.773 66.772 72.770 72.767 72.762 73.757 72.751 72.744 72.738 72.731 70.725 58.721 59.719 53.719 0.000 0.000 0.000 0.000 0.000 38.081 38.067 32.044 77.012 64.975 70.943 40.915 60.888 54.863 47.838 47.813 38.788 33.764 34.740 33.717 45.694 68.672 70.650 64.629 71.608 72.589 71.569 71.551 71.534 71.517 71.500 71.485 71.470 71.455
