results1/res_4e8f-0193.wd
ncols         241
nrows         181
xllcorner     12693529.787448
yllcorner     3542525.717860
cellsize      155.156523
NODATA_value  -9999.000000
[rows 33 to 65 of 181, columns 146 to 218 of 241]
64.859 64.076 63.801 64.439 31.098 42.769 64.455 58.142 36.721 0.000 0.000 36.448 12.448 17.448 33.450 58.454 45.453 11.451 0.000 0.375 50.360 58.347 16.323 43.297 35.276 36.252 40.215 49.177 67.136 58.106 53.078 48.054 49.035 49.017 48.001 46.984 45.966 53.947 63.928 55.911 55.896 53.881 32.866 46.854 54.845 0.000 25.418 30.390 54.319 52.260 57.204 67.151 60.107 55.086 10.075 0.000 38.027 38.019 45.016 23.019 0.000 0.000 0.000 0.000 0.000 0.000 0.000 0.000 0.000 0.000 0.000 0.000 0.000
64.810 64.556 64.210 64.881 42.559 60.257 62.990 56.799 0.000 0.000 14.447 38.447 0.000 0.000 0.000 42.464 42.459 50.449 13.430 63.405 51.375 38.352 47.327 38.301 36.275 36.248 35.215 37.181 65.147 63.116 63.088 65.064 58.042 60.023 59.005 58.987 58.969 59.951 63.934 61.918 62.904 57.890 34.879 33.869 6.864 0.000 22.362 36.344 44.308 39.256 45.201 58.143 58.108 56.087 14.077 0.000 0.000 43.006 15.004 0.000 0.000 0.000 0.000 0.000 1.902 44.896 43.890 45.884 35.880 38.876 5.874 0.000 0.000
65.289 64.953 64.631 64.311 64.002 64.710 56.449 43.265 0.000 0.000 0.000 6.447 0.000 0.000 0.000 39.479 36.471 49.456 54.436 46.411 55.384 53.358 34.332 35.304 36.277 36.248 48.217 52.185 56.153 49.123 46.095 56.070 30.048 37.027 32.008 31.990 31.972 34.955 60.938 49.923 47.910 49.898 34.888 36.881 16.877 0.000 32.323 89.317 14.313 0.000 0.000 7.110 59.094 58.079 17.068 0.000 0.000 39.997 36.989 38.973 36.959 44.947 50.935 42.922 64.907 71.897 69.889 54.883 34.879 33.875 37.873 7.871 0.000
65.685 65.365 65.044 64.732 65.428 60.131 41.830 32.547 41.547 0.000 0.000 0.000 0.000 0.000 0.000 36.502 35.489 38.469 34.446 45.421 48.393 51.365 40.337 35.308 35.279 35.249 60.219 66.188 48.158 42.128 42.100 43.075 40.051 40.030 40.010 40.992 43.974 40.957 61.942 53.927 51.915 51.904 33.895 47.889 73.886 0.000 24.291 77.288 0.000 0.000 0.000 9.095 59.079 57.065 35.050 40.026 38.008 35.994 35.983 35.970 34.958 41.946 48.936 35.924 53.909 71.895 67.887 47.881 32.876 32.873 37.870 5.869 0.000
66.099 65.771 65.451 65.143 61.848 47.555 36.193 0.000 0.000 0.000 0.000 40.669 3.655 9.633 1.598 35.540 36.512 36.486 35.460 35.431 41.402 34.373 34.343 36.312 35.282 34.252 58.222 55.192 63.162 67.131 66.102 61.076 57.053 59.032 55.012 58.993 58.975 59.959 63.943 61.930 62.918 58.908 33.900 45.894 67.892 0.000 19.262 80.256 0.000 0.000 0.000 0.000 56.062 59.053 38.039 36.020 36.004 35.990 35.978 35.966 34.955 41.946 50.937 6.931 0.000 29.886 72.882 48.877 32.873 32.869 36.867 3.865 0.000
66.509 66.171 65.847 65.542 55.264 37.050 0.000 0.000 0.000 0.000 38.699 41.683 54.664 54.639 42.607 35.567 35.535 36.504 36.474 35.443 34.412 35.380 35.349 35.317 34.286 43.255 62.225 41.195 55.167 32.133 65.100 55.076 54.053 54.032 51.012 55.993 56.975 56.959 63.944 61.930 58.919 58.909 33.902 47.897 66.895 0.000 5.239 73.217 0.000 0.000 0.000 0.000 60.054 59.047 35.033 37.012 35.997 36.984 36.972 36.962 37.952 45.943 25.938 0.000 0.000 30.882 72.878 53.874 40.869 34.865 37.862 4.860 0.000
66.916 66.556 67.223 59.915 47.614 37.332 0.000 0.000 0.000 0.000 35.715 52.700 46.679 35.653 37.622 37.588 35.555 34.522 36.489 35.456 36.422 36.388 36.354 35.321 35.288 55.257 55.226 55.199 55.177 0.000 37.091 35.073 36.052 36.031 37.011 40.991 43.974 41.957 61.942 55.929 49.918 51.909 34.902 46.897 65.895 0.000 0.000 46.156 37.131 0.000 0.000 0.000 54.051 37.049 0.000 32.000 37.987 41.977 48.966 48.957 48.947 50.938 22.932 0.000 14.885 78.880 71.875 73.870 61.865 36.860 37.856 5.854 0.000
67.310 66.915 66.574 52.279 3.947 0.000 0.000 0.000 0.000 13.772 51.745 46.723 36.699 37.671 37.641 37.608 37.574 35.540 34.505 34.469 36.433 35.396 35.360 34.324 36.290 51.257 42.225 51.195 52.166 11.131 11.099 51.074 50.051 50.029 50.008 51.989 51.971 52.954 64.939 60.926 55.915 57.906 33.899 42.895 70.894 0.000 0.000 105.119 74.106 41.088 28.079 0.000 0.000 0.000 0.000 0.000 34.975 43.969 47.960 46.951 49.941 51.931 37.920 42.903 58.889 73.880 71.873 71.866 59.860 36.854 36.849 12.845 0.000
67.677 68.220 59.879 42.682 0.000 0.000 0.000 1.843 1.828 58.798 52.772 36.748 37.721 37.693 37.662 37.629 37.594 37.558 34.521 35.482 35.443 35.404 36.365 35.327 35.290 38.256 43.223 55.192 42.161 54.129 59.099 52.073 61.049 51.026 52.005 54.985 53.967 52.950 62.935 58.921 46.910 45.901 34.894 41.891 70.891 0.000 0.000 96.095 86.088 63.078 32.070 0.000 0.000 8.000 2.997 0.000 5.970 54.964 46.955 40.946 37.936 52.925 39.913 41.900 49.888 70.878 72.870 70.862 56.854 36.847 33.840 37.832 31.821
75.963 73.408 46.041 35.887 0.000 0.000 3.870 36.858 50.843 51.821 45.798 40.773 37.747 37.717 37.685 37.651 36.615 39.578 44.538 40.497 35.454 36.411 35.368 35.327 35.289 35.253 42.219 43.187 41.156 48.126 47.097 42.070 54.045 34.022 42.000 48.980 47.961 41.944 60.928 53.914 33.902 32.893 35.887 37.884 41.887 0.000 0.000 74.078 54.073 91.065 77.053 13.034 14.018 65.004 38.993 36.981 36.970 38.961 49.951 43.941 11.931 64.920 52.908 48.897 46.885 57.875 73.866 65.857 48.849 37.840 33.832 40.822 64.811
0.000 0.000 24.990 42.938 0.000 0.000 38.882 48.875 62.863 46.846 45.826 45.801 38.774 37.744 37.711 37.676 44.638 52.599 53.557 45.513 40.465 35.417 34.370 35.326 39.285 36.248 35.214 34.181 40.150 41.120 40.092 41.065 43.040 36.016 41.994 46.973 48.954 44.936 60.919 54.905 36.893 35.883 35.875 31.870 0.000 0.000 0.000 30.066 49.062 49.055 83.045 98.031 91.017 59.004 44.992 45.980 45.968 48.958 70.948 88.937 97.926 96.915 98.904 97.893 91.882 85.871 77.861 60.852 43.843 34.834 35.825 48.815 67.804
19.070 0.000 0.000 0.000 0.000 9.905 41.902 61.898 53.889 56.875 53.856 43.833 36.805 37.774 37.739 48.702 53.663 49.623 44.580 41.532 44.477 39.422 39.370 35.320 40.278 34.241 35.207 36.174 35.143 35.114 35.085 35.058 34.033 35.009 34.986 38.965 44.945 43.926 61.909 55.894 34.881 35.870 35.860 34.852 9.841 0.000 0.000 34.058 60.055 49.048 51.039 66.028 77.015 87.002 88.990 94.978 97.966 97.955 96.944 92.933 83.922 81.911 83.899 86.888 88.877 89.867 87.856 91.847 83.837 50.828 37.818 56.809 73.799
58.496 17.307 0.000 0.000 6.885 42.908 58.921 51.925 43.921 51.910 55.891 56.868 46.839 35.806 45.770 54.731 44.690 36.648 36.606 38.559 6.487 7.425 6.367 32.306 36.266 38.231 38.198 35.166 35.135 36.106 35.077 35.050 35.025 36.000 34.977 34.955 34.934 37.915 54.897 53.881 35.867 35.855 35.844 36.836 37.830 0.000 0.000 33.053 51.050 52.044 64.036 51.025 31.013 35.000 70.988 94.976 78.964 73.952 76.941 69.929 55.918 44.906 35.895 33.884 34.872 44.862 42.851 37.841 76.831 91.822 69.812 67.803 71.794
0.000 33.117 11.509 5.728 41.861 51.921 58.950 42.961 45.960 43.950 41.932 49.908 54.878 49.843 53.803 42.761 36.717 37.675 37.638 45.611 0.000 0.000 0.000 29.272 38.249 49.219 50.188 45.157 41.126 43.097 39.068 38.041 36.015 34.990 34.967 35.944 34.923 34.903 37.884 46.867 34.851 34.838 35.827 34.818 3.813 0.000 0.000 14.051 12.048 66.043 50.036 35.025 49.012 50.998 96.985 77.973 60.961 42.949 33.938 34.926 35.914 36.902 36.890 36.879 35.867 33.856 32.846 33.835 41.825 78.816 86.806 71.796 70.788
0.000 20.535 43.682 45.815 44.910 59.967 44.997 39.009 41.008 39.998 36.980 35.954 50.922 57.883 60.839 48.792 38.743 35.697 43.660 9.635 0.000 0.000 0.000 32.260 42.238 49.209 50.178 50.146 52.116 60.086 58.058 54.031 52.004 47.979 41.955 36.932 34.910 35.889 34.869 39.850 32.833 33.818 34.806 36.797 57.792 0.000 0.000 0.000 28.050 70.045 30.038 39.027 30.011 68.994 86.982 46.970 34.958 36.946 36.934 36.922 36.910 36.898 33.886 33.874 32.862 33.851 33.840 33.829 49.819 64.810 37.800 97.789 69.780
0.000 20.807 43.867 36.939 55.998 56.038 51.061 42.069 36.067 37.055 38.034 49.007 51.972 43.929 46.879 55.824 56.766 46.711 3.670 0.000 5.407 4.368 37.320 43.271 47.235 46.201 47.168 47.135 45.104 52.075 53.046 53.019 53.993 50.967 49.943 50.919 41.896 36.874 37.852 34.832 35.814 34.797 33.782 35.771 50.765 0.000 0.000 0.000 28.056 72.050 34.043 10.035 0.000 14.986 53.978 35.968 36.956 34.943 34.931 34.919 33.906 32.893 33.881 33.868 32.856 33.845 32.833 31.823 34.813 30.804 26.794 90.780 99.769
0.000 18.019 38.042 48.075 58.106 49.128 49.139 51.141 49.134 40.119 46.097 55.067 44.029 36.982 35.925 41.859 51.785 58.711 22.638 14.542 40.446 40.378 35.320 44.270 49.228 50.191 46.157 46.123 38.092 35.062 35.034 35.007 33.980 31.955 38.930 52.905 51.881 50.858 45.835 36.813 34.792 35.772 34.755 34.741 35.732 0.000 0.000 0.000 43.067 10.055 14.049 0.000 0.000 0.000 32.978 12.967 15.954 32.940 31.928 31.915 32.902 34.889 34.876 34.863 33.850 33.838 31.826 31.815 32.805 20.798 0.000 10.767 93.755
0.000 17.208 41.207 60.213 51.222 48.227 48.227 49.222 48.209 50.191 55.167 44.135 38.095 38.045 37.981 36.901 37.805 43.711 60.628 58.542 37.455 36.378 35.313 36.261 48.217 46.180 57.145 45.109 38.077 36.048 37.020 35.993 40.967 48.942 44.916 38.891 44.866 54.841 51.817 50.793 41.769 34.746 34.724 35.705 33.690 0.000 0.000 43.097 31.091 0.000 0.000 45.004 40.003 38.997 30.988 0.000 0.000 37.935 34.925 34.912 34.898 34.884 34.870 34.857 34.844 34.831 34.819 33.807 34.795 36.784 26.771 0.000 35.739
5.485 30.398 55.365 51.349 40.340 45.332 50.322 45.308 51.291 57.270 49.243 37.211 36.172 38.121 38.054 41.958 42.822 36.702 47.620 43.544 40.456 37.366 34.295 41.242 45.200 47.166 38.134 65.090 53.060 43.032 35.006 40.980 59.954 69.928 62.902 39.877 41.851 44.824 48.798 53.772 51.745 47.719 36.692 33.665 40.634 46.592 0.000 18.103 39.109 0.000 0.000 15.005 35.007 35.000 34.989 39.975 38.958 34.940 33.925 34.910 34.895 34.880 34.865 34.851 34.837 34.824 34.811 34.798 33.785 33.773 34.758 37.741 33.731
17.572 51.536 57.504 42.479 37.459 39.439 41.419 52.398 56.377 67.353 66.326 59.295 48.259 37.215 40.156 7.057 0.000 35.654 41.606 38.560 1.457 35.334 39.258 56.211 55.176 58.152 0.000 30.059 70.039 64.016 49.991 55.966 73.940 73.915 71.889 40.862 46.835 46.808 48.780 36.751 45.721 51.691 50.660 49.627 62.591 71.549 4.505 0.000 29.133 54.157 0.000 0.000 58.019 39.008 38.994 38.977 38.959 39.942 33.925 32.909 36.892 33.874 33.859 33.844 33.830 34.816 33.802 32.789 32.776 32.762 32.749 32.734 31.722
16.694 62.668 48.636 37.605 37.576 37.547 50.518 48.489 65.464 80.440 77.413 74.385 69.354 60.323 51.297 0.000 0.000 0.000 29.589 40.577 0.000 0.000 32.190 50.169 49.142 64.112 36.072 37.046 70.023 75.000 70.976 69.952 72.927 72.902 73.876 52.849 44.821 46.792 46.762 36.731 45.699 39.665 58.630 29.593 68.552 90.508 61.461 31.410 0.000 32.181 0.000 34.070 94.043 47.020 49.000 48.980 44.961 45.942 37.925 32.908 14.889 33.868 33.852 36.837 39.822 49.808 39.794 34.780 35.766 35.753 35.739 35.726 35.713
48.843 52.808 46.767 44.728 39.692 51.656 45.617 58.576 36.552 6.528 57.503 76.476 75.450 76.427 59.412 0.000 0.000 0.000 23.585 46.581 0.000 0.000 29.145 44.131 39.110 66.085 77.056 77.031 73.008 72.985 72.962 73.939 72.914 72.889 72.863 66.836 41.807 43.777 41.745 36.712 47.677 48.640 51.602 8.561 53.518 89.471 59.420 77.360 38.277 24.205 36.153 92.098 80.060 52.031 46.006 47.983 41.961 35.942 33.924 31.910 0.000 39.855 47.843 55.829 62.814 71.799 60.785 40.771 34.757 35.743 35.729 35.716 35.703
60.025 48.953 48.897 44.850 51.807 48.766 51.720 75.645 62.638 45.619 66.593 75.567 74.542 73.522 53.511 0.000 0.000 0.000 0.000 1.581 0.000 0.000 35.114 44.101 55.082 71.060 73.037 73.014 72.992 72.971 72.949 72.926 72.902 72.878 72.852 72.824 58.795 48.764 41.731 34.695 38.657 38.617 43.576 62.532 48.487 83.439 69.388 76.331 83.268 69.208 74.156 83.109 59.070 60.037 46.009 44.984 36.961 33.939 34.919 36.899 50.874 56.854 74.838 73.822 72.806 71.791 71.776 61.761 39.747 34.733 35.719 35.706 35.693
51.160 39.082 41.019 52.966 49.920 49.881 19.853 0.000 54.739 80.715 75.685 74.656 76.629 58.608 44.600 28.626 0.000 0.000 0.000 0.000 0.000 0.000 41.096 58.077 70.057 73.037 73.017 72.997 72.977 72.957 72.936 72.914 72.892 72.868 72.842 72.815 73.785 67.753 59.718 51.680 49.639 52.596 43.551 60.506 39.459 81.411 14.361 35.309 70.255 42.203 33.155 89.111 53.073 57.039 55.010 35.983 33.958 34.935 34.913 42.892 63.870 74.850 71.832 71.815 71.798 68.782 67.767 65.752 64.737 38.722 34.709 34.695 34.682
41.271 38.196 51.131 51.075 46.027 65.987 19.956 28.942 68.863 75.816 74.778 74.743 74.711 50.681 50.657 61.651 0.000 0.000 0.000 0.000 0.000 0.000 0.000 8.055 67.033 79.015 73.997 72.979 72.961 72.943 72.924 72.904 72.882 72.859 72.835 72.808 72.778 73.745 74.708 71.668 71.623 74.576 54.528 60.480 34.432 75.385 11.337 13.289 66.240 36.193 46.149 80.108 61.071 53.038 57.007 33.980 34.954 33.930 35.907 45.885 66.864 67.844 72.825 71.807 66.790 63.773 67.757 72.741 71.726 60.712 41.698 40.684 39.671
37.372 51.299 52.234 40.177 51.126 72.082 65.043 71.006 76.954 74.908 74.867 74.827 71.789 55.750 5.693 1.672 0.000 0.000 0.000 0.000 0.000 0.000 0.000 0.000 12.004 23.991 64.977 73.962 72.946 72.930 72.913 72.894 72.874 72.853 72.829 74.803 73.774 73.741 72.703 74.659 73.610 73.558 63.504 61.453 38.405 50.359 80.314 59.269 67.224 36.181 64.140 58.101 61.066 49.033 43.002 34.974 34.948 34.924 42.900 47.878 48.856 53.836 61.817 59.798 60.780 71.763 71.747 71.731 71.716 72.701 66.686 62.672 60.659
52.464 52.393 41.329 37.271 52.219 71.172 77.129 76.086 75.041 74.996 74.953 75.911 66.869 59.836 0.000 0.000 0.000 0.000 0.000 0.000 0.000 0.000 0.000 0.000 20.987 40.970 67.958 73.946 72.932 72.918 72.903 72.886 72.868 72.848 74.826 74.802 74.774 66.741 71.702 74.657 77.601 75.540 69.477 65.424 53.377 37.333 85.290 68.248 70.207 35.167 81.128 45.092 26.057 43.025 33.995 34.967 33.941 42.916 48.893 47.870 47.848 46.827 39.808 35.789 65.771 71.753 71.736 71.720 71.704 71.689 72.674 72.660 72.646
49.551 40.482 38.418 36.360 53.307 73.259 75.213 75.169 75.125 75.083 75.039 76.993 55.941 53.888 0.000 0.000 0.000 0.000 0.000 0.000 0.000 0.000 0.000 0.000 0.000 54.945 73.939 72.930 72.919 72.908 72.894 72.879 74.863 73.846 73.826 73.804 67.779 45.748 61.709 71.664 22.597 13.526 47.440 54.388 63.345 50.305 71.266 89.227 74.188 41.151 83.114 7.080 19.047 32.016 34.986 34.959 36.932 46.908 44.884 45.861 47.839 50.818 44.798 45.779 61.760 71.742 71.725 71.708 71.692 71.677 71.662 71.648 71.634
40.632 38.565 43.502 48.445 63.391 75.342 75.296 75.252 75.210 75.169 75.129 76.083 63.012 0.000 0.000 0.000 0.000 0.000 2.887 39.887 0.887 18.888 0.000 0.000 0.000 29.925 64.922 71.916 72.908 72.898 72.887 72.874 74.860 72.845 72.828 72.810 56.789 52.763 14.721 16.692 0.000 0.000 32.370 39.344 61.311 47.277 52.241 95.205 78.169 57.133 67.099 17.066 62.035 39.004 34.976 34.949 36.923 45.898 56.874 56.851 58.829 64.808 59.787 70.768 71.749 71.731 71.713 71.696 71.680 71.664 71.649 71.635 71.621
41.708 38.643 45.581 64.524 75.471 75.422 75.376 75.333 75.293 75.256 75.223 81.198 0.000 0.000 0.000 0.000 0.000 0.000 39.887 51.887 38.887 53.888 49.888 0.000 19.902 51.909 58.908 69.905 72.899 72.890 72.881 73.870 72.858 72.846 72.832 68.818 57.804 62.793 0.000 0.000 0.000 16.318 49.325 41.307 59.279 35.249 37.216 85.183 84.149 76.115 62.083 62.051 51.021 45.992 34.964 34.937 34.912 44.887 66.863 73.840 72.818 72.797 64.776 71.756 71.737 71.719 71.701 71.684 71.667 71.651 71.636 71.621 71.607
39.781 37.717 52.656 72.600 76.547 75.499 75.453 75.411 75.372 75.338 75.308 82.289 0.000 0.000 0.000 0.000 0.000 0.000 28.887 48.887 48.887 47.888 50.889 34.891 42.896 50.899 50.898 67.896 73.891 72.884 72.876 72.867 72.858 72.847 73.837 65.826 61.817 55.812 0.000 0.000 0.000 9.311 13.305 41.278 60.251 37.223 33.193 72.161 89.129 86.096 67.065 46.035 45.006 45.978 36.951 33.925 34.900 37.875 48.852 68.829 71.806 71.785 63.764 71.744 71.724 71.706 71.688 71.670 71.654 71.638 71.622 71.607 71.593
38.850 40.787 60.727 76.672 75.620 75.572 75.527 75.486 75.448 75.414 77.385 75.360 0.000 0.000 0.000 0.000 0.000 0.000 14.887 53.887 59.887 64.887 55.888 54.889 48.891 44.892 55.891 69.889 72.885 72.879 75.873 73.865 72.857 72.849 72.841 67.833 59.827 54.825 29.828 0.000 0.000 0.000 0.000 3.251 52.223 38.199 34.172 67.141 98.108 79.076 58.046 49.017 50.990 48.963 43.937 32.912 34.887 33.863 37.839 56.816 71.794 71.772 63.751 71.731 71.711 71.692 71.674 71.656 71.640 71.623 71.608 71.593 71.578
38.916 48.854 68.795 76.740 75.689 75.641 75.598 75.557 75.520 76.487 74.455 62.408 46.408 0.000 0.000 0.000 0.000 0.000 16.887 54.887 63.887 63.886 67.886 69.886 52.887 51.887 66.886 72.883 72.880 72.876 73.870 72.864 72.858 72.851 72.844 70.839 58.834 59.832 53.832 0.000 0.000 0.000 0.000 0.000 38.192 38.178 32.155 77.123 65.086 71.054 41.025 60.999 54.973 47.948 47.923 38.898 33.874 34.850 33.827 45.803 68.781 70.759 64.738 71.717 72.697 71.678 71.660 71.642 71.625 71.608 71.593 71.578 71.563
