results1/res_4e8_norain-0018.wd
ncols         241
nrows         181
xllcorner     12693529.787448
yllcorner     3542525.717860
cellsize      155.156523
NODATA_value  -9999.000000
[rows 132 to 164 of 181, columns 0 to 74 of 241]
42.589 47.590 51.594 51.598 53.605 53.612 47.622 38.633 24.646 13.661 12.678 13.698 12.722 11.749 16.779 30.814 41.854 46.899 46.949 44.006 36.071 27.143 18.226 12.311 17.427 19.533 18.644 19.775 17.870 12.950 27.027 50.111 17.224 0.000 0.000 0.000 0.000 11.203 23.204 20.210 22.212 28.199 46.173 32.146 16.125 15.108 15.096 27.088 48.083 0.000 0.000 0.000 0.000 0.000 0.000 0.000 0.000 0.000 0.000 0.000 0.000 0.000 0.000 0.000 0.000 0.000 0.000 37.264 60.144 64.045 63.931 74.008 101.466 91.796 91.738
20.636 22.638 25.641 31.646 41.652 47.660 52.669 52.680 45.693 31.709 20.726 14.747 18.771 25.798 38.830 53.866 52.906 49.951 50.002 53.057 53.119 49.187 37.263 25.345 17.437 12.531 13.627 12.723 13.806 21.876 43.934 51.977 0.000 0.000 0.000 0.000 0.000 0.000 15.201 24.199 25.193 22.171 23.123 33.084 28.061 21.048 25.042 33.039 46.039 0.000 0.000 0.000 0.000 0.000 0.000 0.000 0.000 0.000 0.000 0.000 0.000 0.000 0.000 0.000 0.000 0.000 44.509 66.383 62.250 71.212 62.266 101.614 90.363 91.848 97.091
12.684 12.686 12.689 14.694 19.700 23.708 30.717 39.728 47.741 50.756 44.773 42.794 44.818 47.846 46.878 39.915 30.956 29.001 29.050 34.104 40.162 47.226 50.295 49.369 38.448 28.529 23.609 21.687 30.757 46.815 47.860 33.887 0.000 0.000 0.000 0.000 0.000 0.000 0.000 25.193 4.192 0.000 7.064 22.007 36.988 40.983 42.986 43.991 39.994 0.000 0.000 0.000 0.000 0.000 0.000 0.000 0.000 0.000 0.000 0.000 0.000 0.000 29.119 0.000 64.865 86.786 119.608 75.550 70.582 51.523 87.573 92.040 91.924 100.683 90.187
13.732 13.734 13.737 13.742 12.748 11.755 13.765 18.775 24.788 34.802 44.819 46.839 39.863 29.891 23.924 15.962 12.003 12.048 12.096 14.147 19.203 25.261 32.324 44.390 49.459 51.528 50.597 46.662 49.720 42.768 24.805 16.825 0.000 0.000 0.000 0.000 0.000 0.000 0.000 24.188 0.000 0.000 0.002 24.894 43.901 51.913 37.930 40.945 26.955 0.000 0.000 0.000 0.000 0.000 0.000 0.000 0.000 0.000 0.000 0.000 0.000 16.119 35.119 108.063 136.950 119.808 103.336 102.257 93.911 92.554 92.395 92.225 57.461 102.366 93.954
13.780 13.782 13.785 13.790 13.796 13.804 13.812 12.823 12.834 15.848 21.863 20.882 16.905 12.933 12.967 13.007 14.049 14.094 14.140 14.189 13.241 12.295 14.351 20.410 27.470 36.530 44.589 40.645 29.694 17.736 13.768 18.785 26.784 2.787 0.000 0.000 0.000 0.000 6.184 27.185 0.000 0.000 18.717 50.777 52.809 31.840 34.877 33.904 21.928 10.927 0.000 0.000 0.000 0.000 0.000 0.000 0.000 0.000 0.000 0.000 0.000 0.000 60.176 66.098 62.065 63.205 61.164 92.977 92.845 92.705 59.868 62.629 64.484 66.138 16.097
13.829 13.830 13.833 13.838 13.844 13.852 13.861 13.870 13.881 13.893 12.906 12.922 12.943 13.971 14.007 14.050 14.094 14.139 14.184 14.230 14.278 14.327 14.378 13.430 12.483 13.536 17.587 15.635 14.678 18.716 21.746 20.767 18.780 20.793 20.810 17.825 17.836 21.842 0.000 0.000 0.000 0.000 36.658 50.688 30.721 23.761 22.835 2.869 0.000 0.000 0.000 0.000 0.000 0.000 0.000 0.000 0.000 7.864 22.845 0.000 6.526 69.420 76.347 74.394 72.360 73.426 93.226 93.104 74.169 80.942 73.777 79.533 71.358 50.285 0.000
13.877 13.879 13.882 13.887 13.893 13.901 13.910 13.919 13.929 13.938 13.948 13.960 13.975 14.002 14.043 14.094 14.141 14.185 14.228 13.271 20.315 22.360 14.406 13.452 12.499 13.545 15.589 18.631 21.670 20.705 15.734 16.758 23.778 26.796 22.814 16.830 13.843 22.850 0.000 0.000 0.000 31.541 40.571 27.599 19.627 39.650 0.000 0.000 0.000 0.000 0.000 0.000 0.000 0.000 0.000 0.000 17.929 59.884 88.828 49.730 82.564 90.703 87.637 86.709 93.569 93.459 93.344 86.286 88.141 87.824 86.669 85.585 3.485 0.000 0.000
13.925 13.927 13.931 13.936 13.943 13.951 13.960 13.969 13.977 13.985 16.991 16.995 14.997 19.022 17.069 14.144 14.193 14.234 13.273 11.312 22.352 30.393 16.434 13.475 15.516 18.556 20.595 19.633 16.668 18.701 23.730 25.756 26.779 26.800 21.821 15.841 24.857 43.866 0.000 0.000 0.000 5.513 28.486 25.510 29.541 49.563 0.000 0.000 0.000 0.000 0.000 0.000 0.000 0.000 0.000 16.029 67.977 83.913 86.828 91.801 88.936 85.913 93.874 93.776 93.676 85.644 86.410 87.261 86.927 86.884 79.803 56.694 0.000 0.000 0.000
13.974 13.976 13.979 13.985 13.993 14.002 14.012 14.021 14.029 15.035 22.037 22.036 0.000 0.000 0.000 18.221 12.253 15.288 21.321 24.355 24.391 20.428 16.464 17.500 20.536 19.571 18.605 20.639 24.671 24.702 26.731 25.757 16.783 11.808 13.832 26.856 45.879 55.894 0.000 0.000 0.000 0.000 36.354 38.414 45.466 44.499 0.000 0.000 0.000 0.000 0.000 0.000 0.000 0.000 20.144 64.090 86.003 89.006 88.078 88.065 87.140 94.061 93.969 85.894 86.673 87.512 87.282 87.122 87.065 78.987 70.938 0.000 0.000 0.000 0.000
14.022 14.024 14.028 14.034 14.043 14.054 14.066 14.077 14.085 16.090 25.087 36.077 12.075 0.000 0.000 3.267 29.314 21.344 19.370 19.396 17.431 16.465 18.496 20.527 18.558 14.588 16.617 28.647 30.677 20.706 14.735 11.762 11.789 16.817 30.845 46.876 43.909 27.939 0.036 0.000 0.000 6.985 36.163 18.328 9.410 1.454 0.000 0.000 0.000 0.000 0.000 0.000 0.000 13.264 64.203 86.103 88.284 87.268 87.367 94.331 94.243 94.153 85.981 87.835 87.530 87.386 87.315 87.229 81.141 68.068 58.025 0.000 0.000 0.000 0.000
14.071 14.072 14.075 14.082 14.093 14.107 14.122 14.136 14.147 16.153 26.147 13.111 0.000 0.000 0.000 0.000 25.395 17.406 19.419 18.430 16.475 19.505 20.531 17.557 14.582 10.606 20.631 34.657 21.684 11.714 12.742 17.769 27.797 38.826 49.858 42.895 20.943 16.017 35.161 42.333 43.531 47.809 22.985 0.000 0.000 0.000 0.000 0.000 0.000 0.000 0.000 0.000 18.378 64.303 86.304 88.475 87.494 94.579 94.499 94.416 86.296 87.068 87.928 87.607 87.572 87.496 87.407 88.303 76.213 47.117 36.071 0.000 0.000 0.000 0.000
13.121 13.120 14.120 14.127 14.141 14.162 14.182 14.200 14.216 17.230 27.240 0.000 0.000 0.000 0.000 0.000 14.466 16.469 4.473 0.000 24.537 19.551 15.569 14.588 12.607 14.627 30.647 33.667 15.691 18.725 30.752 39.778 48.805 46.834 34.866 20.904 13.954 30.025 34.136 22.307 3.454 1.654 0.000 0.000 0.000 0.000 0.000 0.000 0.000 0.000 0.000 12.474 64.485 87.574 88.589 86.693 94.736 94.658 86.506 87.290 88.137 87.922 87.778 87.733 87.661 87.593 90.511 54.368 34.290 0.000 0.000 0.000 0.000 0.000 0.000
22.173 20.168 17.161 15.166 12.186 12.218 12.245 12.267 11.288 16.312 28.344 11.406 0.000 0.567 18.575 14.566 11.537 17.531 12.534 0.000 19.586 13.594 12.607 12.620 14.635 28.649 36.663 2.675 0.000 44.744 49.763 44.788 33.814 23.841 15.870 11.904 22.945 34.994 3.054 0.000 0.000 0.000 0.000 0.000 0.000 0.000 0.000 7.463 0.000 0.000 0.000 44.727 86.765 85.886 94.970 94.893 94.815 86.570 88.423 88.127 87.996 87.942 89.876 84.803 86.751 87.708 98.675 0.000 0.000 0.000 0.000 0.000 0.000 0.000 0.000
23.231 25.221 31.190 32.191 32.219 29.282 30.314 29.338 28.360 28.386 30.421 13.470 17.533 16.570 13.586 16.589 16.585 15.587 20.598 22.629 16.629 10.635 12.644 14.654 28.664 33.673 22.683 16.696 25.720 48.745 31.770 22.798 14.823 12.847 14.872 13.899 27.929 36.955 0.974 0.000 0.000 0.000 0.000 0.000 0.000 5.925 7.906 0.318 0.000 0.000 22.940 65.000 95.193 95.120 95.046 86.855 87.630 88.494 88.180 88.151 89.085 89.015 61.947 39.861 74.834 88.811 93.808 33.854 0.000 0.000 0.000 0.000 0.000 0.000 0.000
16.300 10.298 0.000 0.000 0.000 21.380 18.394 18.411 18.431 22.454 31.484 12.521 13.562 12.592 15.612 19.622 20.628 18.635 17.646 20.660 21.668 18.675 12.683 29.690 35.696 26.700 32.700 49.707 46.722 28.747 16.776 12.813 14.836 14.854 13.872 18.892 34.919 36.937 28.939 31.930 2.927 0.000 0.000 0.000 4.951 11.945 1.933 0.000 0.000 17.991 66.132 95.337 95.266 87.048 87.826 88.677 88.468 88.330 88.289 89.218 87.151 81.084 6.040 0.000 56.911 91.897 88.891 87.901 0.000 0.000 0.000 0.000 0.000 0.000 0.000
14.373 6.374 0.000 0.000 0.000 17.465 13.472 13.483 13.499 17.518 31.542 9.571 13.602 17.628 19.648 20.661 17.672 14.681 12.691 14.701 24.709 37.717 32.723 33.729 10.732 4.730 56.713 42.712 9.716 0.000 0.000 17.845 14.853 14.863 16.871 9.881 0.000 0.000 0.000 35.926 11.926 0.000 0.000 0.000 0.970 5.973 0.483 5.832 5.919 44.131 95.448 86.287 89.996 88.864 88.657 88.524 88.475 88.414 89.347 89.285 54.221 30.131 16.088 19.063 70.003 90.974 86.961 77.958 0.000 0.000 0.000 0.000 0.000 0.000 0.000
14.448 14.452 0.000 0.000 0.000 18.544 14.547 14.554 13.564 14.578 29.597 16.621 19.648 21.672 20.691 15.706 12.718 13.728 13.737 12.745 22.753 45.760 41.766 28.772 21.775 12.777 0.000 0.000 0.000 0.000 0.000 19.869 14.872 16.875 0.000 0.000 0.000 0.000 0.000 14.925 0.000 0.000 0.000 0.984 7.987 3.988 0.000 0.000 0.326 43.521 95.583 89.176 88.901 88.701 88.661 88.601 88.535 88.472 86.411 77.355 10.316 0.000 27.121 86.099 91.063 89.036 83.020 73.012 0.000 0.000 0.000 0.000 0.000 0.000 0.000
11.520 13.535 10.576 0.000 0.000 18.623 13.621 11.623 13.627 17.635 21.649 20.671 20.698 18.722 12.741 13.756 13.768 14.777 14.785 19.793 37.799 36.806 29.812 38.818 36.823 7.826 0.000 0.000 0.000 0.000 0.000 19.892 14.892 17.893 0.000 0.000 0.000 10.894 30.891 0.000 0.000 0.000 0.000 0.000 0.370 0.511 0.795 0.328 0.555 95.964 95.775 88.104 88.904 88.780 88.720 88.655 88.592 90.530 75.468 58.409 18.372 0.000 42.175 72.149 81.116 90.088 79.069 68.060 0.000 0.000 0.000 0.000 0.000 0.000 0.000
18.579 16.594 5.619 0.000 4.735 12.704 14.694 18.690 19.688 20.688 18.695 19.717 17.752 13.778 13.797 14.811 14.821 13.829 15.836 38.842 37.848 19.854 32.860 30.867 34.874 32.881 0.000 0.000 0.000 0.000 0.000 15.916 14.913 14.913 9.918 1.917 18.909 17.897 11.891 33.886 0.000 0.000 0.000 0.000 0.000 0.000 0.000 23.433 47.721 96.099 90.505 90.173 89.886 88.843 88.775 88.711 89.649 87.587 42.525 19.442 31.391 32.338 86.256 88.205 68.165 78.132 73.110 46.100 11.107 0.000 0.000 0.000 0.000 0.000 0.000
19.625 20.646 17.688 5.749 19.767 19.766 19.763 20.758 20.749 21.734 33.727 15.752 13.816 13.844 14.861 14.871 14.879 15.885 29.889 40.893 15.898 19.903 46.909 38.917 26.927 29.944 32.982 16.998 22.000 36.990 29.971 17.945 10.933 10.929 21.927 37.924 24.916 0.000 0.000 23.883 12.881 0.000 0.000 0.000 0.000 0.000 0.000 38.566 90.820 96.191 87.472 90.070 90.966 88.898 88.831 88.766 81.704 71.647 28.602 0.000 8.414 9.368 70.306 112.252 93.205 69.167 61.139 40.121 49.116 2.115 0.000 0.000 0.000 12.459 54.460
24.651 24.678 20.740 20.794 20.821 21.831 21.834 17.832 14.818 13.776 0.000 0.000 17.916 14.924 14.931 14.937 13.940 16.943 40.944 26.946 11.949 17.953 34.958 51.966 46.975 43.988 42.005 38.014 34.013 33.002 40.981 37.960 31.948 27.943 30.940 34.938 0.000 0.000 0.000 0.000 0.000 0.000 0.000 0.000 0.000 0.000 0.000 37.775 96.376 96.283 90.377 92.162 89.019 88.954 89.885 85.819 69.755 62.694 68.636 74.574 58.482 80.414 95.350 112.291 121.238 105.193 67.157 72.132 47.119 0.000 0.000 0.000 0.000 0.000 3.461
0.000 0.000 24.803 19.867 19.893 14.905 11.913 13.918 8.919 0.000 0.000 0.000 19.010 15.007 15.006 15.005 15.004 33.003 40.001 13.000 15.000 15.003 18.008 24.014 26.022 26.030 22.038 25.041 41.038 34.025 24.991 27.969 34.958 38.958 41.953 38.950 13.953 0.000 0.000 0.000 0.000 0.000 0.000 0.000 0.000 0.000 7.732 67.967 96.470 87.785 91.426 91.133 89.083 89.008 89.938 84.870 71.803 37.738 44.673 87.604 98.528 130.457 121.389 93.324 81.264 98.210 77.164 71.130 46.111 0.000 0.000 0.000 0.000 0.000 8.463
0.000 0.000 0.000 28.978 13.982 11.983 13.998 14.011 15.022 0.000 0.000 8.154 16.108 15.090 15.081 15.075 17.070 41.065 26.059 12.054 15.051 15.052 15.057 14.064 14.069 14.074 13.077 20.077 49.074 28.070 0.000 0.000 0.000 29.978 39.968 23.960 28.957 15.955 0.000 0.000 0.000 0.000 0.000 0.000 0.000 0.000 25.918 96.668 96.567 90.650 92.332 88.207 89.134 89.061 88.990 88.920 75.851 38.783 53.714 90.643 86.570 120.497 115.424 84.353 89.285 75.219 56.161 74.114 52.083 0.000 0.000 0.000 0.000 0.000 7.467
13.316 9.312 0.000 21.088 31.077 32.048 13.085 25.108 32.137 8.200 6.220 16.202 15.180 15.165 15.155 15.147 34.139 38.130 13.119 15.108 14.099 13.098 15.108 15.115 15.119 15.121 14.120 22.118 51.115 32.112 0.000 0.000 2.034 27.010 39.981 18.967 8.961 0.000 0.000 0.000 0.000 0.000 0.000 0.000 0.000 4.880 67.109 96.771 87.974 91.608 91.321 89.264 89.186 89.112 89.040 89.969 80.898 69.828 92.758 117.685 105.611 122.536 119.459 113.381 120.302 86.222 63.148 73.082 81.025 9.965 0.000 0.000 0.000 0.000 8.471
15.322 14.310 9.277 15.211 14.191 0.000 36.190 28.200 15.219 16.246 16.259 15.256 15.246 15.237 15.228 18.220 41.210 24.197 14.181 15.161 21.142 29.134 15.163 13.172 15.173 14.171 17.167 41.161 49.156 24.153 12.160 0.056 22.059 21.049 0.000 0.000 0.000 0.000 0.000 0.000 0.000 0.000 0.000 0.000 8.052 65.133 87.291 96.875 88.917 89.502 89.391 89.313 89.237 89.163 89.090 90.018 80.946 63.875 59.803 92.730 82.655 96.577 99.496 87.411 89.319 61.221 38.126 52.042 118.971 71.906 6.843 0.000 18.511 39.491 76.476
15.342 15.330 15.312 15.290 15.286 9.311 25.286 41.285 17.294 14.308 15.317 15.318 15.315 15.309 14.303 37.295 39.285 13.271 15.248 16.214 13.177 0.000 34.240 29.238 16.233 14.225 32.216 51.207 35.196 15.185 15.170 16.138 19.096 23.080 0.000 0.000 0.000 0.000 0.000 0.000 0.000 0.000 0.000 0.000 31.232 88.348 97.092 96.982 88.817 89.585 89.435 89.363 89.286 89.212 89.139 88.066 72.995 74.923 94.850 113.776 112.701 117.622 122.538 109.447 107.343 94.217 43.092 40.991 116.911 80.845 18.781 11.656 76.531 109.488 128.471
15.374 15.360 15.351 15.352 15.355 15.363 15.360 26.361 41.367 17.376 14.383 15.386 15.387 13.385 21.381 42.376 22.367 14.354 16.329 14.270 0.000 0.000 22.320 23.310 29.297 28.283 36.268 35.254 16.239 14.223 16.200 19.149 24.111 24.095 0.000 0.000 0.000 0.000 0.000 0.000 0.000 0.000 0.000 0.000 39.609 93.645 97.204 88.235 89.846 89.550 89.492 89.411 89.335 89.260 89.187 89.115 75.043 70.972 91.899 92.826 92.750 95.672 95.589 94.497 99.389 72.214 48.035 62.919 77.836 16.784 0.000 0.000 20.469 46.459 68.455
15.421 17.388 17.383 15.412 15.422 15.428 15.430 15.434 26.440 41.447 17.455 12.460 12.462 29.463 41.462 35.460 12.456 15.451 11.444 0.000 0.000 8.462 15.413 15.386 21.363 38.342 38.322 31.303 24.286 16.271 3.259 0.000 38.103 18.098 0.000 0.000 0.000 0.000 0.000 0.000 0.000 0.000 0.000 0.000 13.298 97.444 97.321 89.086 89.747 89.616 89.536 89.458 89.382 89.308 89.235 90.164 85.093 75.022 69.950 68.877 68.803 68.727 68.648 72.565 46.503 0.000 15.915 71.815 67.731 28.670 0.000 0.000 19.418 65.424 43.429
16.504 0.000 0.000 15.491 14.495 13.498 13.502 12.506 12.512 25.521 40.530 33.537 40.542 42.545 29.547 13.548 20.549 20.550 8.554 0.000 0.000 19.513 15.487 17.458 41.429 48.402 26.376 17.352 24.332 31.316 19.307 0.000 0.000 16.096 0.000 0.000 0.000 0.000 0.000 0.000 0.000 0.000 0.000 0.000 3.291 97.567 94.427 90.021 89.728 89.663 89.580 89.502 89.427 89.354 89.282 89.212 90.142 89.073 87.002 85.931 85.859 86.786 88.711 62.611 4.557 0.000 0.821 56.694 87.605 78.496 51.361 27.323 44.362 47.391 5.410
15.588 14.615 0.000 14.570 25.569 29.571 33.573 38.577 41.585 42.597 42.608 42.618 28.625 15.630 31.634 48.637 49.642 49.650 42.669 20.718 0.000 16.591 14.564 23.531 51.497 38.462 15.429 14.400 16.375 19.358 10.348 0.000 0.000 0.000 0.000 0.000 0.000 0.000 0.000 0.000 0.000 0.000 0.872 2.095 0.928 97.670 98.349 93.906 89.785 89.701 89.621 89.544 89.470 89.399 89.329 89.261 89.193 89.125 89.056 88.986 89.916 92.847 64.800 0.000 0.000 0.000 0.000 1.605 57.501 88.348 79.264 55.247 32.315 1.354 0.000
15.647 17.644 13.672 15.650 30.644 29.643 25.645 21.648 20.653 16.674 37.691 27.703 38.712 29.718 45.723 41.727 34.733 35.741 46.754 52.769 41.763 42.697 34.651 42.608 50.565 23.522 14.481 15.443 15.413 14.392 14.381 16.385 11.385 0.000 20.359 11.358 0.000 0.000 0.000 0.000 0.000 0.000 69.470 66.785 97.767 97.728 92.229 92.972 89.815 89.738 89.659 89.584 89.512 89.443 89.375 89.309 89.243 89.178 89.112 91.043 95.971 64.887 4.843 0.000 0.000 0.000 0.000 0.000 0.000 49.130 84.102 34.087 0.000 0.000 0.000
17.710 0.000 12.723 15.717 15.714 15.715 14.717 15.718 17.709 15.756 27.779 22.794 31.803 42.810 30.814 15.817 16.822 17.831 18.840 23.842 36.826 46.783 52.736 50.687 39.636 15.583 15.529 15.482 15.444 15.418 16.401 39.392 12.386 0.000 16.363 0.000 0.000 0.000 0.000 0.000 0.000 1.431 89.590 91.880 97.789 90.633 90.216 89.916 89.853 89.770 89.694 89.621 89.552 89.485 89.420 89.357 89.294 89.232 91.170 76.105 30.037 0.000 0.000 0.000 0.000 0.000 0.000 0.000 0.000 19.943 81.927 33.913 0.000 0.000 0.000
18.775 0.000 12.783 15.781 15.782 15.787 15.793 16.798 0.000 14.866 18.878 29.890 29.900 37.906 42.907 28.907 13.909 13.920 13.935 15.936 17.916 18.876 19.825 19.769 18.710 17.646 13.573 13.512 14.466 15.436 26.416 40.396 11.382 5.373 7.368 0.000 0.000 0.000 0.000 0.000 0.000 5.487 88.644 97.812 97.799 89.440 90.093 89.958 89.877 89.799 89.726 89.656 89.590 89.526 89.464 89.404 89.345 89.287 94.232 50.168 0.000 0.000 0.000 0.000 0.000 0.000 0.000 0.000 0.000 22.771 82.750 41.725 0.000 0.000 0.000
