results1/res_4e8f-0193.wd
ncols         241
nrows         181
xllcorner     12693529.787448
yllcorner     3542525.717860
cellsize      155.156523
NODATA_value  -9999.000000
[rows 132 to 164 of 181, columns 0 to 72 of 241]
96.253 101.253 105.252 105.252 107.251 107.249 101.248 92.246 78.244 67.241 66.238 67.235 66.232 65.228 70.223 84.218 95.212 100.206 100.199 97.190 89.180 80.168 71.153 65.135 70.112 72.083 71.049 72.011 69.978 64.948 78.919 101.891 68.867 0.000 0.000 0.000 8.649 60.642 72.637 69.618 71.603 77.595 95.596 81.602 65.612 64.624 64.638 76.655 97.673 38.693 11.716 6.750 0.000 0.000 0.000 0.000 0.000 0.000 0.000 0.000 0.000 0.035 3.040 1.040 28.040 7.965 11.889 52.793 75.652 79.554 79.448 89.536 117.003
74.258 76.258 79.257 85.256 95.255 101.254 106.252 106.250 99.248 85.246 74.243 68.240 72.236 79.232 92.227 107.222 106.216 103.210 103.202 106.194 106.183 102.171 90.157 78.140 70.119 65.095 66.068 65.039 66.013 73.989 95.967 103.949 15.937 0.000 0.000 0.000 18.655 46.661 64.686 73.683 74.672 71.661 72.665 82.671 77.678 70.686 74.696 82.707 95.721 36.737 22.756 28.784 8.814 0.000 0.000 0.000 0.000 0.000 0.000 0.000 0.000 0.000 0.000 0.000 10.115 0.000 59.913 81.836 77.718 86.693 77.758 117.123 105.884
66.263 66.262 66.262 68.261 73.260 77.259 84.257 93.255 101.253 104.251 98.248 96.245 98.241 101.237 100.232 93.227 84.221 82.215 82.207 87.199 93.189 100.177 103.164 102.148 91.130 81.110 76.088 74.066 83.045 99.027 100.011 86.000 18.995 0.000 0.000 0.000 0.000 0.000 47.763 74.755 53.741 41.711 56.731 71.738 86.743 90.747 92.752 93.758 89.766 16.777 3.787 31.817 28.845 16.873 22.886 16.891 0.000 0.000 0.000 0.000 0.000 0.000 44.330 14.280 80.190 102.127 134.984 90.959 86.013 66.973 103.040 107.563 107.473
67.268 67.267 67.267 67.266 66.265 65.264 67.262 72.261 78.258 88.256 98.253 100.250 93.246 83.242 77.238 69.233 65.227 65.221 65.213 67.205 72.196 78.185 85.173 97.159 102.143 104.127 103.109 99.092 102.076 95.062 77.051 69.046 48.049 6.070 0.000 0.000 0.000 0.000 40.849 73.834 16.825 0.000 49.809 74.808 93.808 101.807 87.806 90.806 76.810 34.817 0.832 58.853 27.873 19.889 30.894 30.896 1.899 0.000 0.000 0.000 0.000 31.433 50.380 123.322 152.246 135.129 118.685 117.633 109.305 107.946 107.827 107.700 72.922
67.273 67.273 67.272 67.272 67.271 67.269 67.268 66.266 66.264 69.261 75.259 74.255 70.252 66.248 66.244 66.239 67.233 67.227 67.220 67.213 66.204 65.194 67.183 73.171 80.158 89.144 97.130 93.116 82.104 70.093 66.086 71.082 79.084 55.092 33.099 33.091 19.067 20.024 55.948 76.909 26.899 8.914 68.888 100.879 102.873 81.868 84.860 83.849 71.850 60.859 11.862 39.874 13.906 1.917 14.904 1.901 3.902 1.898 0.000 0.000 0.000 12.488 75.434 81.355 77.344 78.504 76.480 108.267 108.166 108.060 75.262 78.042 79.916
67.279 67.278 67.278 67.277 67.276 67.275 67.274 67.272 67.270 67.267 66.265 66.262 66.258 67.254 67.250 67.245 67.240 67.235 67.228 67.221 67.213 67.204 67.195 66.184 65.173 66.162 70.151 68.140 67.130 71.122 74.116 73.113 71.113 73.115 73.114 70.106 70.087 74.056 49.012 34.956 23.947 41.955 86.950 100.945 80.939 73.931 72.917 52.882 48.880 11.910 0.027 0.000 1.973 3.974 0.000 0.000 7.911 22.893 37.850 7.788 21.710 84.566 91.555 89.629 87.616 88.698 108.456 108.364 89.501 96.295 89.152 94.927 86.771
67.284 67.284 67.284 67.283 67.282 67.281 67.280 67.278 67.276 67.274 67.271 67.268 67.265 67.261 67.257 67.253 67.248 67.243 67.237 66.230 73.223 75.216 67.207 66.198 65.189 66.180 68.170 71.162 74.154 73.148 68.144 69.141 76.140 79.140 75.137 69.131 66.119 75.103 6.086 0.000 8.977 82.008 91.014 78.012 70.007 90.000 35.993 0.000 0.000 2.033 3.062 3.061 3.032 4.025 0.000 0.000 32.939 74.913 103.871 64.810 97.698 105.859 102.823 101.916 108.714 108.631 108.545 101.582 103.462 103.163 102.026 100.961 18.880
67.290 67.290 67.290 67.289 67.288 67.287 67.286 67.284 67.283 67.280 70.278 70.275 68.271 72.268 70.264 67.260 67.256 67.251 66.246 64.240 75.234 83.227 69.220 66.213 68.205 71.197 73.190 72.183 69.177 71.173 76.170 78.168 79.167 79.166 74.165 68.161 77.156 96.149 15.143 0.000 0.000 56.086 79.086 76.082 80.076 100.068 34.064 0.000 3.106 3.083 3.092 3.088 3.064 5.071 0.000 31.037 82.994 98.948 101.884 106.887 104.056 101.049 108.938 108.867 108.793 100.886 101.673 102.550 102.233 102.208 95.142 72.052 0.000
67.297 67.296 67.296 67.295 67.295 67.294 67.293 67.291 67.290 68.287 75.285 75.282 52.279 20.275 41.271 71.268 65.265 68.261 74.256 77.251 77.246 73.240 69.233 70.227 73.221 72.214 71.209 73.203 77.199 77.196 79.194 78.194 69.194 64.194 66.194 79.194 98.194 108.194 30.196 0.000 0.000 31.165 87.161 89.156 96.146 95.132 31.131 0.000 3.129 1.132 2.135 3.137 0.000 9.124 35.123 79.089 101.019 104.043 103.139 103.146 102.241 109.073 109.007 101.084 101.888 102.753 102.542 102.401 102.360 94.295 86.255 0.000 0.000
67.303 67.303 67.302 67.302 67.301 67.301 67.300 67.298 67.297 69.295 78.293 89.290 65.286 2.283 8.277 56.276 82.274 74.271 72.267 72.262 70.257 69.252 71.247 73.241 71.236 67.231 69.227 81.223 83.220 73.218 67.218 64.218 64.220 69.222 83.224 99.227 96.231 80.237 52.249 20.277 14.278 58.247 87.238 69.233 60.222 52.183 17.196 1.249 1.184 22.176 13.176 3.188 0.000 28.179 79.163 101.091 103.298 102.299 102.413 109.260 109.200 109.138 101.142 103.030 102.745 102.622 102.570 102.500 96.427 83.366 73.330 0.000 0.000
67.310 67.309 67.309 67.309 67.308 67.307 67.307 67.306 67.305 69.303 79.301 66.298 22.292 4.293 0.000 24.287 78.284 70.281 72.278 71.274 69.269 72.265 73.260 70.256 67.251 63.247 73.244 87.241 74.240 64.240 65.240 70.242 80.245 91.249 102.253 95.259 73.266 68.275 87.288 94.303 95.310 99.308 74.310 35.317 7.325 0.000 1.402 1.408 0.000 35.191 22.206 2.252 33.274 79.226 101.259 103.460 102.486 109.423 109.371 109.317 101.404 102.206 103.098 102.799 102.787 102.730 102.657 103.569 91.491 62.409 51.369 9.369 3.369
66.316 66.316 67.316 67.315 67.315 67.315 67.314 67.313 67.312 70.311 80.310 51.309 0.000 10.305 48.306 50.300 67.296 69.292 57.289 39.285 77.282 72.278 68.274 67.270 65.266 67.263 83.260 86.259 68.258 71.259 83.262 92.265 101.270 99.275 87.282 73.289 66.299 82.310 86.324 74.338 55.351 53.363 41.378 21.401 10.436 4.508 2.530 22.547 17.565 0.000 0.000 27.322 79.379 102.501 103.535 101.655 109.521 109.473 101.563 102.377 103.258 103.067 102.947 102.926 102.875 102.826 105.759 69.629 49.560 0.000 0.000 0.000 0.000
75.323 73.323 70.322 68.322 65.322 65.322 65.322 65.321 64.321 69.320 81.319 64.319 45.321 53.316 71.314 67.310 64.306 70.303 65.300 52.297 72.294 66.291 65.287 65.284 67.281 81.278 89.276 55.275 47.276 97.278 102.282 97.288 86.294 76.301 68.309 64.318 75.329 87.343 55.358 30.375 13.394 4.414 21.439 20.471 10.510 11.556 14.587 42.600 26.582 0.000 0.000 59.616 101.659 100.793 109.657 109.614 109.568 101.597 103.494 103.221 103.115 103.087 105.046 99.998 101.969 102.943 113.922 0.000 0.000 0.000 0.000 0.000 0.000
76.331 78.330 84.328 85.328 85.329 82.329 83.330 82.329 81.329 81.328 83.328 66.327 70.327 69.325 66.322 69.320 69.317 68.314 73.312 75.309 69.306 63.304 65.301 67.298 81.295 86.292 75.290 69.289 78.291 101.295 84.302 75.309 67.316 65.325 67.334 66.345 80.358 89.373 53.390 29.411 17.434 19.461 22.494 14.533 15.577 21.622 23.659 16.684 0.000 0.000 37.860 79.878 109.775 109.738 109.699 101.826 102.635 103.536 103.246 103.245 104.205 104.161 77.119 55.059 90.060 104.055 109.065 49.122 0.000 0.000 0.000 0.000 0.000
69.340 63.338 16.333 18.333 27.336 74.337 71.338 71.338 71.337 75.337 84.336 65.336 66.335 65.333 68.332 72.330 73.327 71.325 70.323 73.321 74.319 71.317 65.314 82.312 88.309 79.306 85.302 102.301 99.303 81.310 69.320 65.330 67.339 67.348 66.358 71.371 87.385 89.401 81.420 84.443 55.470 17.503 9.544 8.591 20.642 27.695 17.745 14.794 6.823 32.988 81.030 109.843 109.810 101.965 102.777 103.666 103.481 103.368 103.355 104.310 102.271 96.233 21.213 0.000 72.155 107.152 104.159 103.179 0.000 0.000 0.000 0.000 0.000
67.350 59.350 0.000 0.345 9.346 70.346 66.346 66.346 66.346 70.346 84.345 62.344 66.344 70.342 72.341 73.340 70.338 67.336 65.335 67.333 77.331 90.330 85.328 86.326 63.323 57.319 109.313 95.310 62.312 22.321 42.340 70.351 67.360 67.370 69.381 62.394 46.409 36.426 48.447 88.471 64.500 17.538 12.586 7.645 16.706 21.769 15.836 20.895 20.978 59.118 109.892 101.151 104.892 103.799 103.614 103.506 103.485 103.451 104.411 104.376 69.339 45.286 31.287 34.295 85.254 106.240 102.241 93.257 11.291 0.000 0.000 0.000 0.000
67.360 67.362 50.366 0.356 10.355 71.355 67.355 67.355 66.355 67.354 82.354 69.353 72.353 74.352 73.351 68.350 65.348 66.347 66.346 65.345 75.344 98.343 94.342 81.341 74.339 65.334 41.321 30.315 17.313 0.000 23.368 72.374 67.381 69.391 52.402 26.415 11.431 8.449 50.469 67.493 36.521 8.561 11.618 16.699 23.766 19.840 13.932 7.013 10.307 58.345 109.956 104.040 103.803 103.626 103.613 103.579 103.541 103.505 101.473 92.443 25.422 0.000 42.354 101.345 106.324 104.312 98.309 88.315 6.326 0.000 0.000 0.000 0.000
64.369 66.370 63.372 0.000 6.365 71.364 66.364 64.364 66.364 70.363 74.363 73.362 73.362 71.361 65.360 66.360 66.359 67.358 67.358 72.357 90.357 89.356 82.357 91.357 89.357 60.358 0.000 0.000 0.000 0.000 21.391 72.394 67.401 70.410 41.421 3.434 37.450 63.468 83.489 52.511 4.531 0.605 0.678 5.765 15.818 15.898 16.004 10.245 6.884 110.135 110.048 102.945 103.794 103.696 103.664 103.628 103.593 105.560 90.530 73.503 33.483 9.475 57.429 87.405 96.387 105.374 94.369 83.369 5.371 0.000 0.000 0.000 0.000
71.377 69.378 58.378 0.000 57.374 65.374 67.373 71.373 72.372 73.372 71.372 72.371 70.371 66.371 66.370 67.370 67.369 66.369 68.369 91.369 90.369 72.370 85.371 83.372 87.376 85.383 48.399 4.409 13.415 43.416 48.410 68.412 67.418 67.426 62.437 54.451 71.467 70.486 64.507 86.530 34.553 0.632 0.703 9.791 14.845 12.924 14.020 38.166 62.557 110.218 105.268 105.020 104.762 103.750 103.713 103.678 104.644 102.612 57.582 34.556 46.533 47.512 101.484 103.461 83.443 93.430 88.423 61.420 26.419 0.000 0.000 0.000 0.000
72.385 73.385 70.386 58.388 72.384 72.383 72.382 73.382 73.381 74.381 86.381 68.381 66.380 66.380 67.380 67.380 67.380 68.380 82.380 93.380 68.381 72.382 99.384 91.387 79.391 82.397 85.406 69.414 74.419 89.422 82.423 70.426 63.432 63.441 74.451 90.465 77.481 49.500 21.523 76.551 65.589 14.650 17.710 22.777 18.846 9.933 12.000 53.280 105.527 110.295 102.248 104.902 105.833 103.797 103.762 103.727 96.694 86.662 43.632 14.605 23.580 24.556 85.532 127.511 108.494 84.481 76.473 55.468 64.466 17.466 0.000 3.669 7.669
77.392 77.392 73.393 73.393 73.392 74.391 74.391 70.390 67.390 66.390 29.390 19.390 70.390 67.390 67.390 67.390 66.390 69.390 93.391 79.392 64.393 70.394 87.396 104.399 99.403 96.409 94.415 90.421 86.426 85.430 93.433 90.438 84.444 80.452 83.463 87.476 49.492 13.511 12.534 28.561 24.602 9.655 18.705 28.762 24.832 15.931 9.091 52.344 110.438 110.368 105.140 106.987 103.876 103.846 104.809 100.775 84.742 77.710 83.680 89.652 73.626 95.601 110.578 127.558 136.541 120.528 82.518 87.513 62.511 0.000 0.000 0.000 0.000
16.400 17.400 77.399 72.400 72.400 67.399 64.399 66.399 61.399 14.399 14.399 3.399 71.399 67.399 67.399 67.400 67.400 85.401 92.402 65.403 67.404 67.406 70.408 76.411 78.415 78.419 74.424 77.429 93.434 86.438 77.442 80.447 87.454 91.462 94.472 91.485 66.500 31.519 14.540 13.557 0.000 2.663 13.693 22.734 6.783 0.000 22.302 82.549 110.505 102.480 106.209 105.947 103.932 103.892 104.856 99.821 86.788 52.756 59.725 102.697 113.670 145.645 136.622 108.601 96.584 113.570 92.560 86.555 61.555 0.582 0.000 0.000 0.000
3.408 12.407 26.404 81.407 66.407 64.407 66.407 66.407 67.407 14.408 5.408 60.408 68.408 67.409 67.409 67.410 69.410 93.411 78.412 64.413 67.415 67.417 67.419 66.422 66.425 66.429 65.433 72.438 101.442 80.446 11.450 19.455 31.461 82.469 92.478 76.490 81.506 68.525 20.548 17.572 2.605 7.641 20.669 12.699 0.000 0.000 40.469 110.634 110.570 105.362 107.105 103.014 103.977 103.938 103.902 103.867 90.833 53.800 68.769 105.740 101.712 135.686 130.663 99.641 104.623 90.608 71.598 89.593 67.594 1.608 0.000 0.000 0.000
65.416 61.416 0.000 73.416 83.416 84.416 65.416 77.416 84.416 60.416 58.417 68.417 67.417 67.418 67.419 67.419 86.420 90.421 65.422 67.424 66.425 65.427 67.430 67.432 67.435 67.439 66.442 74.446 103.450 84.454 30.458 3.463 54.468 79.474 92.482 71.492 61.506 20.529 13.555 16.578 14.602 22.627 26.645 0.673 0.000 19.386 81.640 110.696 102.616 106.340 106.083 104.063 104.021 103.983 103.946 104.910 95.876 84.843 107.811 132.781 120.753 137.726 134.701 128.678 135.659 101.642 78.630 88.623 96.622 25.626 0.000 0.000 0.000
67.424 66.425 61.428 67.425 66.424 14.424 88.424 80.424 67.425 68.425 68.425 67.426 67.427 67.427 67.428 70.429 93.430 76.431 66.432 67.433 73.435 81.437 67.440 65.442 67.445 66.448 69.451 93.455 101.458 76.462 64.465 52.469 74.474 73.478 34.484 19.490 16.498 0.000 5.565 5.581 6.600 7.620 9.632 0.000 22.433 79.595 101.773 110.755 103.578 104.223 104.146 104.105 104.065 104.026 103.989 104.953 95.918 78.884 74.852 107.821 97.792 111.764 114.737 102.713 104.691 76.672 53.657 67.648 134.645 87.647 22.656 12.661 34.665
67.432 67.433 67.433 67.433 67.432 61.432 77.432 93.433 69.433 66.434 67.434 67.435 67.436 67.437 66.438 89.438 91.440 65.441 67.442 68.443 65.445 27.447 86.450 81.452 68.455 66.457 84.460 103.463 87.466 67.469 67.472 68.475 71.479 75.482 12.484 13.487 0.000 2.558 17.560 0.000 0.579 0.000 0.000 0.000 45.538 102.724 110.868 110.813 103.462 104.298 104.183 104.147 104.107 104.068 104.030 102.994 87.959 89.925 109.892 128.860 127.829 132.800 137.772 124.745 122.720 109.697 58.679 56.668 132.662 96.660 34.659 27.663 92.667
67.439 67.440 67.440 67.440 67.440 67.440 67.440 78.441 93.441 69.442 66.443 67.444 67.445 65.446 73.447 94.448 74.449 66.450 68.451 66.452 8.455 5.457 74.460 75.462 81.464 80.467 88.469 87.472 68.474 66.477 68.479 71.482 76.484 76.485 0.000 0.000 0.000 4.556 28.556 15.556 16.557 15.557 0.000 6.622 53.775 107.935 110.922 102.798 104.515 104.250 104.231 104.187 104.147 104.108 104.070 104.034 89.998 85.964 106.930 107.897 107.865 110.834 110.804 109.775 114.746 87.717 63.696 78.682 93.675 32.672 0.000 0.000 36.671
67.447 69.447 69.447 67.447 67.447 67.448 67.448 67.449 78.449 93.450 69.451 64.452 64.454 81.455 93.456 87.458 64.459 67.460 63.460 9.459 6.465 60.468 67.470 67.472 73.474 90.476 90.478 83.480 76.482 68.484 55.486 25.488 90.490 70.491 0.000 0.000 0.000 3.553 17.554 10.555 24.556 13.556 0.000 6.763 26.863 111.027 110.975 103.667 104.403 104.309 104.268 104.227 104.186 104.147 104.110 105.073 100.037 90.002 84.967 83.934 83.901 83.868 83.837 87.805 61.771 5.731 31.703 87.690 83.683 44.681 6.683 0.000 35.675
68.454 5.454 6.453 67.454 66.455 65.455 65.456 64.457 64.458 77.459 92.460 85.461 92.463 94.464 81.466 65.467 72.469 72.470 60.472 0.000 8.477 71.478 67.480 69.482 93.483 100.485 78.486 69.488 76.490 83.492 71.493 7.495 50.496 68.497 0.000 0.000 0.000 4.549 10.551 7.553 21.555 0.000 0.000 6.827 12.146 111.078 108.916 104.632 104.373 104.351 104.306 104.264 104.224 104.186 104.148 104.111 105.075 104.039 102.004 100.969 100.935 101.902 103.869 77.837 19.804 0.000 16.697 72.691 103.687 94.686 67.685 43.684 60.679
67.461 66.461 1.461 66.462 77.462 81.463 85.463 90.464 93.466 94.467 94.468 94.470 80.471 67.473 83.475 100.477 101.479 101.481 94.484 72.490 7.488 68.489 66.490 75.491 103.493 90.494 67.495 66.496 68.498 71.499 62.500 7.502 27.503 27.505 0.000 0.000 0.000 10.544 5.548 0.000 4.555 0.000 14.839 16.066 6.545 111.126 112.867 108.506 104.428 104.384 104.342 104.301 104.261 104.223 104.185 104.148 104.112 104.076 104.041 104.005 104.968 107.934 79.902 12.869 0.000 5.722 0.000 17.690 73.689 104.689 95.688 71.686 48.682
67.468 69.468 65.469 67.469 82.469 81.470 77.471 73.472 72.473 68.475 89.476 79.478 90.480 81.482 97.484 93.486 86.489 87.491 98.494 104.497 93.498 94.499 86.500 94.501 102.502 75.503 66.504 67.505 67.506 66.507 66.508 68.509 63.510 12.513 72.520 63.525 2.530 4.535 0.000 0.000 0.000 5.831 83.878 81.082 111.218 111.173 106.743 107.573 104.456 104.419 104.377 104.336 104.297 104.259 104.221 104.185 104.149 104.113 104.077 106.040 110.999 79.966 19.934 0.000 0.000 2.722 1.722 0.000 14.691 65.692 100.693 50.692 0.000
69.475 5.475 64.475 67.476 67.476 67.477 66.478 67.479 69.481 67.483 79.484 74.486 83.489 94.491 82.493 67.496 68.498 69.501 70.504 75.506 88.508 98.509 104.510 102.511 91.512 67.512 67.513 67.513 67.514 67.514 68.514 91.515 64.516 4.518 68.522 18.525 12.529 5.532 0.000 0.000 0.000 15.814 104.019 106.231 111.262 105.073 104.782 104.517 104.497 104.451 104.410 104.370 104.331 104.294 104.257 104.221 104.186 104.151 106.116 91.078 45.024 11.995 0.000 4.723 2.723 22.723 29.722 0.000 0.000 36.697 98.697 50.697 0.000
70.481 3.481 64.482 67.482 67.483 67.484 67.485 68.487 6.488 66.490 70.492 81.495 81.497 89.500 94.502 80.505 65.508 65.511 65.513 67.516 69.518 70.519 71.520 71.521 70.521 69.521 65.521 65.521 66.522 67.521 78.521 92.521 63.521 57.522 59.523 0.000 0.000 5.532 0.000 0.000 0.000 19.905 103.026 111.347 111.304 103.931 104.662 104.567 104.525 104.483 104.442 104.403 104.365 104.328 104.292 104.256 104.222 104.188 109.157 65.133 0.000 0.000 2.725 0.724 2.723 17.723 24.722 0.000 0.000 39.702 99.702 58.702 0.000
