results1/res_4e8_f.dem
ncols         241
nrows         181
xllcorner     12693529.787448
yllcorner     3542525.717860
cellsize      155.156523
NODATA_value  -9999.000000
[rows 0 to 29 of 181, columns 67 to 133 of 241]
108.000 109.000 110.000 110.000 112.000 118.000 122.000 116.000 114.000 122.000 120.000 181.000 200.000 194.000 175.000 197.000 190.000 175.000 115.000 109.000 105.000 109.000 96.000 92.000 86.000 89.000 96.000 85.000 85.000 85.000 85.000 84.000 94.000 198.000 201.000 163.000 118.000 124.000 107.000 104.000 84.000 83.000 106.000 119.000 122.000 137.000 124.000 104.000 125.000 122.000 121.000 120.000 114.000 117.000 98.000 96.000 106.000 121.000 115.000 113.000 112.000 123.000 122.000 122.000 122.000 117.000 110.000
97.000 98.000 99.000 99.000 100.000 117.000 118.000 115.000 116.000 118.000 105.000 178.000 219.000 201.000 188.000 207.000 185.000 188.000 137.000 109.000 109.000 110.000 92.000 85.000 86.000 84.000 87.000 85.000 85.000 85.000 86.000 89.000 136.000 212.000 183.000 113.000 118.000 114.000 99.000 146.000 93.000 84.000 86.000 103.000 113.000 194.000 219.000 117.000 123.000 123.000 122.000 121.000 118.000 113.000 98.000 109.000 96.000 97.000 114.000 113.000 117.000 125.000 122.000 122.000 122.000 113.000 98.000
99.000 99.000 98.000 101.000 103.000 115.000 115.000 115.000 118.000 105.000 130.000 187.000 237.000 207.000 196.000 196.000 180.000 191.000 181.000 112.000 108.000 113.000 89.000 94.000 92.000 89.000 85.000 85.000 84.000 84.000 83.000 101.000 201.000 209.000 194.000 153.000 128.000 119.000 111.000 110.000 102.000 118.000 135.000 108.000 96.000 170.000 209.000 183.000 119.000 122.000 123.000 124.000 123.000 118.000 100.000 123.000 118.000 99.000 95.000 110.000 125.000 122.000 122.000 123.000 124.000 122.000 120.000
91.000 91.000 90.000 100.000 114.000 116.000 115.000 116.000 117.000 105.000 165.000 200.000 234.000 199.000 183.000 182.000 192.000 193.000 194.000 119.000 109.000 112.000 89.000 92.000 89.000 90.000 85.000 87.000 93.000 97.000 123.000 143.000 209.000 209.000 212.000 215.000 180.000 177.000 114.000 108.000 139.000 195.000 204.000 98.000 102.000 96.000 88.000 164.000 120.000 123.000 122.000 123.000 124.000 111.000 107.000 113.000 120.000 120.000 103.000 97.000 114.000 123.000 122.000 124.000 121.000 121.000 121.000
84.000 83.000 90.000 106.000 115.000 115.000 116.000 116.000 103.000 107.000 166.000 188.000 224.000 189.000 193.000 192.000 200.000 180.000 192.000 123.000 110.000 98.000 88.000 89.000 90.000 84.000 84.000 103.000 110.000 146.000 197.000 201.000 208.000 209.000 211.000 195.000 200.000 205.000 182.000 116.000 182.000 204.000 189.000 93.000 120.000 96.000 94.000 102.000 116.000 123.000 123.000 122.000 121.000 117.000 123.000 111.000 110.000 111.000 120.000 115.000 123.000 120.000 112.000 121.000 121.000 121.000 121.000
85.000 97.000 110.000 115.000 115.000 116.000 115.000 114.000 100.000 98.000 116.000 170.000 207.000 193.000 207.000 151.000 149.000 137.000 140.000 113.000 107.000 97.000 95.000 103.000 103.000 88.000 86.000 113.000 145.000 199.000 212.000 210.000 210.000 211.000 203.000 189.000 200.000 201.000 209.000 189.000 188.000 184.000 178.000 127.000 112.000 113.000 113.000 110.000 109.000 117.000 125.000 124.000 123.000 122.000 123.000 122.000 116.000 116.000 123.000 123.000 122.000 119.000 95.000 97.000 115.000 120.000 122.000
101.000 113.000 116.000 115.000 116.000 116.000 102.000 94.000 106.000 97.000 85.000 181.000 208.000 193.000 201.000 155.000 121.000 117.000 93.000 139.000 145.000 110.000 107.000 109.000 109.000 101.000 134.000 158.000 198.000 212.000 210.000 213.000 204.000 197.000 181.000 190.000 186.000 200.000 205.000 209.000 198.000 177.000 177.000 178.000 119.000 136.000 117.000 119.000 116.000 118.000 122.000 125.000 120.000 123.000 122.000 123.000 124.000 123.000 124.000 122.000 123.000 124.000 117.000 100.000 95.000 104.000 119.000
113.000 116.000 115.000 117.000 115.000 101.000 88.000 83.000 92.000 104.000 90.000 177.000 211.000 204.000 192.000 199.000 124.000 113.000 135.000 183.000 192.000 144.000 137.000 138.000 103.000 107.000 194.000 213.000 213.000 209.000 203.000 172.000 155.000 139.000 125.000 147.000 141.000 185.000 188.000 194.000 175.000 179.000 186.000 180.000 174.000 191.000 146.000 117.000 119.000 121.000 121.000 114.000 109.000 123.000 123.000 122.000 122.000 122.000 122.000 123.000 124.000 121.000 122.000 123.000 111.000 97.000 96.000
115.000 115.000 114.000 108.000 108.000 94.000 85.000 85.000 84.000 96.000 97.000 121.000 185.000 212.000 199.000 199.000 166.000 156.000 181.000 187.000 196.000 189.000 188.000 180.000 159.000 135.000 197.000 211.000 210.000 216.000 161.000 121.000 104.000 102.000 81.000 103.000 110.000 144.000 133.000 142.000 127.000 183.000 200.000 190.000 187.000 184.000 194.000 139.000 142.000 118.000 116.000 95.000 110.000 114.000 121.000 122.000 122.000 122.000 122.000 122.000 123.000 119.000 121.000 121.000 123.000 122.000 104.000
115.000 116.000 103.000 88.000 106.000 103.000 90.000 84.000 84.000 86.000 102.000 96.000 131.000 185.000 195.000 185.000 197.000 201.000 202.000 190.000 195.000 199.000 201.000 195.000 199.000 182.000 187.000 213.000 217.000 173.000 124.000 124.000 105.000 116.000 85.000 102.000 114.000 106.000 108.000 85.000 97.000 140.000 175.000 188.000 194.000 181.000 158.000 177.000 195.000 150.000 122.000 104.000 113.000 110.000 118.000 124.000 122.000 122.000 122.000 122.000 123.000 124.000 122.000 121.000 121.000 119.000 102.000
116.000 106.000 95.000 124.000 159.000 168.000 126.000 102.000 89.000 84.000 98.000 98.000 101.000 122.000 174.000 193.000 215.000 234.000 213.000 201.000 193.000 195.000 197.000 190.000 188.000 192.000 153.000 161.000 166.000 119.000 120.000 124.000 109.000 116.000 104.000 94.000 96.000 98.000 102.000 128.000 112.000 94.000 160.000 187.000 181.000 146.000 142.000 164.000 181.000 203.000 176.000 152.000 149.000 111.000 118.000 124.000 123.000 122.000 122.000 122.000 122.000 123.000 125.000 122.000 120.000 106.000 103.000
107.000 104.000 144.000 188.000 204.000 197.000 138.000 112.000 113.000 99.000 92.000 100.000 100.000 106.000 167.000 204.000 205.000 240.000 238.000 214.000 190.000 199.000 201.000 206.000 154.000 143.000 124.000 117.000 118.000 117.000 103.000 107.000 101.000 119.000 126.000 108.000 85.000 98.000 88.000 137.000 108.000 98.000 165.000 181.000 139.000 96.000 102.000 145.000 166.000 172.000 196.000 214.000 214.000 136.000 116.000 122.000 123.000 123.000 122.000 123.000 124.000 122.000 123.000 122.000 119.000 99.000 124.000
98.000 104.000 166.000 206.000 209.000 206.000 177.000 167.000 133.000 108.000 89.000 102.000 99.000 107.000 165.000 204.000 196.000 233.000 255.000 223.000 181.000 175.000 189.000 190.000 125.000 111.000 117.000 118.000 117.000 102.000 98.000 98.000 93.000 106.000 102.000 109.000 107.000 105.000 94.000 91.000 90.000 96.000 135.000 137.000 97.000 100.000 99.000 96.000 152.000 143.000 174.000 185.000 204.000 197.000 142.000 119.000 123.000 119.000 115.000 118.000 121.000 123.000 122.000 122.000 117.000 122.000 122.000
93.000 111.000 127.000 181.000 210.000 209.000 205.000 205.000 181.000 134.000 99.000 100.000 94.000 139.000 191.000 210.000 201.000 202.000 206.000 194.000 176.000 173.000 182.000 183.000 165.000 159.000 157.000 159.000 149.000 137.000 139.000 114.000 105.000 97.000 137.000 143.000 120.000 92.000 99.000 95.000 83.000 88.000 93.000 96.000 100.000 100.000 100.000 100.000 100.000 118.000 146.000 163.000 181.000 206.000 199.000 143.000 119.000 111.000 108.000 108.000 112.000 120.000 123.000 122.000 122.000 124.000 125.000
105.000 117.000 113.000 174.000 216.000 205.000 207.000 211.000 213.000 140.000 95.000 100.000 103.000 152.000 199.000 198.000 187.000 181.000 183.000 191.000 199.000 206.000 204.000 208.000 207.000 204.000 204.000 202.000 196.000 195.000 181.000 114.000 107.000 158.000 200.000 198.000 144.000 130.000 107.000 87.000 85.000 84.000 89.000 97.000 97.000 100.000 100.000 101.000 99.000 119.000 118.000 153.000 144.000 160.000 201.000 199.000 140.000 109.000 109.000 109.000 109.000 111.000 122.000 124.000 123.000 122.000 124.000
93.000 92.000 113.000 170.000 212.000 132.000 169.000 218.000 214.000 180.000 125.000 111.000 118.000 132.000 173.000 198.000 205.000 199.000 197.000 205.000 218.000 182.000 207.000 205.000 198.000 211.000 206.000 197.000 199.000 210.000 205.000 146.000 148.000 205.000 205.000 193.000 163.000 175.000 169.000 99.000 85.000 85.000 84.000 89.000 88.000 99.000 96.000 96.000 100.000 116.000 122.000 119.000 119.000 116.000 183.000 199.000 154.000 109.000 109.000 109.000 109.000 112.000 121.000 123.000 124.000 123.000 124.000
117.000 74.000 83.000 120.000 117.000 56.000 86.000 146.000 182.000 206.000 182.000 132.000 71.000 45.000 110.000 149.000 172.000 186.000 202.000 211.000 175.000 169.000 186.000 160.000 151.000 182.000 177.000 160.000 171.000 201.000 200.000 184.000 200.000 209.000 208.000 202.000 173.000 179.000 205.000 127.000 88.000 85.000 85.000 85.000 83.000 92.000 142.000 89.000 94.000 99.000 115.000 123.000 123.000 118.000 186.000 150.000 105.000 109.000 109.000 109.000 110.000 118.000 121.000 121.000 122.000 124.000 123.000
121.000 121.000 100.000 83.000 82.000 45.000 109.000 190.000 199.000 208.000 179.000 158.000 164.000 157.000 170.000 176.000 215.000 187.000 199.000 201.000 165.000 172.000 185.000 181.000 154.000 183.000 191.000 181.000 192.000 203.000 187.000 182.000 190.000 194.000 197.000 197.000 183.000 188.000 177.000 122.000 104.000 86.000 85.000 85.000 85.000 85.000 141.000 92.000 90.000 87.000 105.000 119.000 115.000 151.000 151.000 105.000 109.000 109.000 109.000 109.000 116.000 121.000 121.000 121.000 121.000 122.000 123.000
73.000 79.000 110.000 87.000 92.000 98.000 164.000 185.000 184.000 239.000 192.000 163.000 197.000 205.000 203.000 222.000 250.000 164.000 183.000 210.000 198.000 155.000 182.000 189.000 176.000 170.000 191.000 202.000 210.000 210.000 193.000 196.000 194.000 188.000 181.000 180.000 180.000 177.000 131.000 94.000 114.000 105.000 87.000 85.000 85.000 85.000 82.000 88.000 96.000 107.000 116.000 104.000 111.000 155.000 106.000 109.000 109.000 109.000 109.000 112.000 121.000 121.000 121.000 121.000 121.000 121.000 121.000
104.000 85.000 88.000 78.000 94.000 79.000 127.000 162.000 176.000 224.000 186.000 166.000 190.000 186.000 214.000 246.000 255.000 181.000 184.000 211.000 153.000 163.000 217.000 211.000 198.000 204.000 214.000 182.000 214.000 214.000 190.000 205.000 209.000 204.000 201.000 183.000 184.000 164.000 133.000 129.000 105.000 117.000 89.000 85.000 85.000 85.000 84.000 86.000 104.000 120.000 124.000 95.000 114.000 112.000 112.000 109.000 109.000 109.000 111.000 119.000 121.000 121.000 121.000 121.000 121.000 121.000 121.000
102.000 106.000 96.000 75.000 100.000 75.000 126.000 176.000 175.000 216.000 179.000 164.000 196.000 189.000 205.000 235.000 255.000 192.000 212.000 226.000 180.000 189.000 220.000 201.000 185.000 207.000 237.000 182.000 222.000 239.000 224.000 210.000 209.000 209.000 211.000 184.000 197.000 194.000 179.000 187.000 102.000 104.000 87.000 83.000 84.000 85.000 85.000 99.000 117.000 122.000 122.000 97.000 108.000 122.000 119.000 114.000 110.000 110.000 117.000 121.000 121.000 121.000 121.000 121.000 121.000 121.000 121.000
108.000 83.000 70.000 66.000 34.000 59.000 111.000 124.000 165.000 222.000 179.000 164.000 197.000 231.000 246.000 243.000 253.000 191.000 217.000 252.000 228.000 212.000 221.000 201.000 187.000 216.000 249.000 188.000 222.000 239.000 229.000 222.000 204.000 209.000 201.000 181.000 203.000 212.000 194.000 157.000 137.000 136.000 147.000 105.000 88.000 84.000 96.000 115.000 122.000 123.000 117.000 91.000 94.000 112.000 121.000 120.000 118.000 116.000 123.000 122.000 121.000 121.000 121.000 121.000 121.000 121.000 121.000
99.000 70.000 86.000 95.000 128.000 156.000 163.000 184.000 159.000 183.000 173.000 149.000 180.000 212.000 214.000 211.000 211.000 171.000 213.000 255.000 238.000 210.000 229.000 213.000 190.000 202.000 245.000 191.000 224.000 246.000 232.000 230.000 191.000 186.000 185.000 179.000 198.000 212.000 197.000 127.000 152.000 180.000 208.000 129.000 93.000 89.000 111.000 122.000 123.000 120.000 104.000 87.000 82.000 95.000 117.000 121.000 117.000 101.000 108.000 118.000 121.000 121.000 121.000 121.000 121.000 121.000 121.000
79.000 68.000 122.000 148.000 201.000 170.000 141.000 135.000 67.000 124.000 177.000 147.000 186.000 217.000 211.000 211.000 216.000 171.000 208.000 255.000 234.000 207.000 195.000 193.000 199.000 207.000 222.000 177.000 222.000 248.000 239.000 238.000 230.000 204.000 183.000 180.000 184.000 177.000 173.000 154.000 154.000 183.000 199.000 167.000 154.000 113.000 118.000 122.000 120.000 110.000 90.000 85.000 85.000 84.000 112.000 122.000 96.000 82.000 90.000 102.000 120.000 121.000 121.000 121.000 121.000 121.000 121.000
161.000 106.000 126.000 126.000 134.000 120.000 95.000 86.000 86.000 143.000 195.000 191.000 202.000 230.000 243.000 241.000 247.000 233.000 239.000 255.000 239.000 225.000 230.000 235.000 240.000 241.000 217.000 206.000 238.000 243.000 236.000 237.000 246.000 217.000 184.000 195.000 200.000 174.000 161.000 161.000 157.000 162.000 167.000 189.000 202.000 171.000 128.000 122.000 116.000 95.000 85.000 85.000 84.000 86.000 103.000 122.000 97.000 85.000 88.000 90.000 108.000 120.000 121.000 121.000 121.000 121.000 121.000
111.000 101.000 103.000 99.000 100.000 114.000 117.000 121.000 112.000 145.000 192.000 194.000 191.000 195.000 229.000 251.000 252.000 250.000 251.000 248.000 240.000 239.000 244.000 247.000 243.000 244.000 242.000 242.000 244.000 238.000 236.000 239.000 217.000 197.000 183.000 199.000 202.000 193.000 191.000 180.000 175.000 183.000 165.000 178.000 198.000 197.000 134.000 122.000 104.000 86.000 85.000 84.000 88.000 89.000 96.000 116.000 104.000 90.000 85.000 87.000 94.000 108.000 118.000 121.000 121.000 121.000 121.000
104.000 86.000 86.000 86.000 86.000 88.000 87.000 100.000 105.000 101.000 144.000 190.000 198.000 181.000 211.000 252.000 250.000 250.000 249.000 236.000 241.000 240.000 225.000 226.000 240.000 244.000 242.000 239.000 237.000 236.000 236.000 237.000 236.000 199.000 186.000 197.000 196.000 195.000 205.000 189.000 187.000 199.000 179.000 181.000 193.000 196.000 136.000 119.000 97.000 86.000 84.000 88.000 89.000 86.000 89.000 113.000 108.000 103.000 86.000 84.000 87.000 94.000 117.000 120.000 121.000 121.000 121.000
112.000 93.000 84.000 85.000 85.000 85.000 87.000 95.000 101.000 91.000 139.000 201.000 216.000 235.000 238.000 251.000 249.000 251.000 240.000 234.000 240.000 239.000 238.000 229.000 226.000 232.000 238.000 245.000 245.000 241.000 237.000 235.000 248.000 203.000 190.000 197.000 195.000 194.000 201.000 185.000 194.000 198.000 179.000 187.000 154.000 146.000 128.000 115.000 96.000 85.000 90.000 88.000 86.000 85.000 84.000 95.000 115.000 117.000 104.000 88.000 82.000 97.000 103.000 115.000 121.000 121.000 121.000
115.000 106.000 88.000 84.000 84.000 89.000 101.000 109.000 107.000 121.000 177.000 206.000 197.000 223.000 253.000 249.000 250.000 245.000 238.000 239.000 239.000 239.000 248.000 215.000 186.000 191.000 191.000 191.000 214.000 233.000 239.000 244.000 247.000 197.000 196.000 206.000 200.000 199.000 196.000 182.000 197.000 200.000 179.000 189.000 136.000 118.000 126.000 109.000 89.000 86.000 109.000 103.000 86.000 83.000 84.000 82.000 97.000 120.000 121.000 109.000 100.000 113.000 105.000 117.000 120.000 121.000 122.000
116.000 115.000 103.000 89.000 90.000 95.000 95.000 97.000 137.000 184.000 182.000 193.000 201.000 226.000 253.000 250.000 248.000 232.000 230.000 224.000 202.000 207.000 204.000 186.000 191.000 201.000 200.000 193.000 214.000 226.000 223.000 225.000 226.000 216.000 211.000 211.000 209.000 209.000 193.000 182.000 196.000 199.000 182.000 188.000 140.000 116.000 116.000 107.000 95.000 104.000 120.000 119.000 108.000 100.000 90.000 83.000 85.000 112.000 121.000 123.000 120.000 122.000 120.000 120.000 107.000 116.000 120.000
