results1/res_4e8f-0174.wd
ncols         241
nrows         181
xllcorner     12693529.787448
yllcorner     3542525.717860
cellsize      155.156523
NODATA_value  -9999.000000
[rows 66 to 98 of 181, columns 146 to 218 of 241]
37.325 52.264 74.205 75.151 75.101 75.054 75.010 74.967 74.927 77.894 13.873 0.000 1.749 0.000 0.000 0.000 0.000 0.172 47.174 22.174 0.000 29.172 59.171 59.170 59.170 66.170 72.169 72.167 72.164 72.161 72.156 72.152 72.146 72.141 72.136 74.131 59.128 60.125 52.124 0.000 0.000 0.000 0.000 0.000 28.475 35.466 44.448 38.413 16.366 14.328 29.300 50.276 58.253 52.230 47.207 47.183 37.160 34.137 34.114 37.092 58.070 70.049 65.028 54.008 60.988 67.970 71.952 71.935 70.918 70.902 70.887 70.873 70.859
40.385 59.323 77.264 75.211 75.162 75.117 75.074 75.030 79.984 68.948 38.932 35.945 0.000 0.000 0.000 0.000 0.000 18.173 20.173 0.000 0.000 0.000 29.167 60.167 69.167 72.166 72.165 72.163 72.161 76.158 74.154 72.150 72.146 72.142 71.138 63.134 57.130 63.128 53.127 0.000 0.000 0.000 0.000 20.467 34.468 39.464 35.457 0.000 1.303 11.290 31.274 34.255 48.235 57.214 46.192 45.170 43.147 34.124 34.101 33.079 39.057 63.035 70.014 54.994 56.974 58.955 60.937 64.920 68.903 70.887 71.872 70.858 70.844
45.443 66.379 76.319 75.265 75.220 75.179 73.140 72.096 27.031 11.984 42.962 48.958 13.960 0.000 0.000 0.000 0.000 0.000 0.000 0.000 0.000 13.162 42.164 62.164 72.163 72.163 72.162 72.160 72.158 74.156 73.153 72.150 72.146 73.143 63.139 61.136 64.132 59.129 51.128 0.000 0.000 0.000 0.000 38.466 41.466 3.463 2.460 0.000 6.264 39.261 41.251 51.236 54.218 65.199 63.178 51.157 40.134 32.111 34.088 34.065 29.043 43.021 59.999 63.979 68.959 65.940 58.922 63.904 66.888 66.872 64.857 66.842 69.828
50.500 73.433 77.365 78.312 75.273 76.240 71.210 17.184 1.135 41.995 42.974 47.965 55.962 0.000 0.000 0.000 0.000 0.000 0.000 0.000 0.000 25.161 48.161 61.161 73.161 72.160 72.159 72.158 72.156 73.154 72.151 72.149 72.146 69.144 63.141 28.138 1.135 0.000 0.000 0.000 0.000 0.000 0.000 34.466 41.466 0.000 0.000 0.000 56.245 42.241 37.232 65.219 70.203 71.185 75.165 69.144 57.122 37.098 34.075 34.052 32.029 33.006 38.984 39.963 46.943 54.924 61.905 65.888 66.871 67.855 63.840 66.826 67.812
32.559 37.486 47.398 23.344 80.321 77.297 62.277 39.266 9.276 0.000 0.000 0.000 0.000 0.000 0.000 0.000 0.000 0.000 0.000 0.000 0.000 26.160 51.159 54.159 70.158 72.157 72.157 72.155 76.154 75.152 72.150 72.148 73.146 64.145 67.143 0.000 0.000 0.000 0.000 0.000 0.000 0.000 0.000 0.000 28.466 37.465 0.000 0.000 87.231 50.225 32.216 63.204 71.190 71.173 71.154 74.133 73.110 53.086 36.062 34.038 32.014 34.991 35.968 43.947 48.926 37.907 37.888 42.871 47.854 53.838 58.823 62.809 66.795
78.625 57.555 0.000 0.000 84.369 76.349 63.336 45.328 12.325 0.000 0.000 0.000 0.000 0.000 0.000 0.000 0.000 0.000 0.000 0.000 0.000 0.000 12.157 56.156 72.156 72.155 72.154 72.153 74.152 73.151 72.149 72.148 73.146 61.145 71.144 0.000 0.000 0.000 0.000 0.000 0.000 0.000 0.000 0.000 0.000 4.465 12.465 0.000 24.222 40.213 33.204 63.192 71.180 71.164 72.146 72.124 72.099 65.074 41.048 37.023 34.999 31.975 52.952 64.930 70.909 54.889 47.870 43.853 41.836 38.820 38.806 38.791 66.778
54.702 0.000 0.000 81.550 81.437 79.394 70.391 55.383 11.371 0.000 0.000 0.000 0.000 0.000 0.000 0.000 0.000 0.000 0.000 0.000 0.000 0.000 38.154 61.154 73.154 72.153 72.153 73.152 72.151 72.150 72.148 72.147 73.146 66.145 31.145 0.000 0.000 0.000 0.000 0.000 0.000 0.000 0.000 0.000 0.000 0.000 0.000 0.000 0.000 37.203 36.192 54.183 69.172 72.158 66.140 62.117 68.090 59.061 42.034 41.008 49.983 44.958 67.934 71.911 70.890 68.870 68.851 65.834 63.817 60.802 56.787 48.773 68.760
81.748 71.748 77.720 33.663 0.000 0.425 76.453 50.441 11.406 0.000 13.637 0.000 0.000 0.000 0.000 0.000 0.000 0.000 0.000 0.000 0.000 1.152 54.152 66.152 73.152 72.152 72.151 74.150 74.149 72.149 72.148 72.147 71.146 67.145 16.145 0.000 0.000 0.000 0.000 0.000 0.000 0.000 0.000 0.000 0.000 0.000 0.000 0.000 0.000 0.000 25.179 51.174 69.166 70.155 51.140 54.114 56.084 53.047 38.019 34.993 57.967 66.940 70.915 72.891 72.870 73.850 71.831 71.814 72.798 71.782 72.768 72.754 71.741
83.795 75.777 80.748 31.718 0.000 0.000 67.529 15.523 0.000 0.000 45.637 8.637 0.000 0.000 0.000 0.000 0.000 0.000 0.000 0.000 0.000 0.149 57.150 69.150 73.150 72.150 72.150 73.149 73.148 72.148 72.147 73.146 69.145 64.145 14.144 0.000 0.000 0.000 0.000 0.000 0.000 0.000 0.000 0.000 0.000 0.000 0.000 0.000 17.169 19.170 30.172 46.169 68.164 70.158 16.152 0.000 0.000 43.024 37.001 31.978 45.951 64.921 70.894 72.870 72.848 72.828 70.810 70.793 71.777 70.762 70.748 71.735 71.722
75.860 75.817 75.778 73.743 60.712 46.670 39.612 38.598 34.622 37.633 40.637 40.638 12.638 0.000 0.000 0.000 0.000 0.000 18.145 20.145 0.000 10.148 56.149 70.149 72.149 72.149 72.148 72.148 72.147 72.147 72.146 72.145 54.145 49.144 47.144 42.143 6.143 0.000 0.000 0.000 0.000 0.000 0.000 0.000 0.000 0.000 0.000 0.000 21.168 47.168 38.168 42.166 62.163 63.160 36.157 0.000 0.000 0.000 33.984 38.967 37.939 56.899 69.870 70.846 70.825 70.805 70.787 70.771 70.755 70.741 70.727 70.714 70.702
75.899 75.852 75.806 74.763 71.724 73.686 47.650 26.635 64.636 37.639 41.640 17.639 0.000 0.000 0.000 0.000 0.000 0.000 18.145 64.145 13.146 1.147 55.147 69.148 73.148 72.147 74.147 75.147 73.146 72.146 72.145 70.145 63.144 54.144 55.143 54.143 7.143 0.000 0.000 0.000 0.000 0.000 0.000 0.000 0.000 0.000 0.000 0.000 15.168 50.167 42.167 49.165 64.163 59.161 65.159 0.000 0.000 0.000 0.000 0.000 0.000 46.866 69.841 70.820 70.799 70.780 70.763 70.748 70.733 70.719 70.706 70.694 70.682
75.934 75.885 76.830 78.780 75.736 75.698 74.670 75.654 66.648 44.647 16.646 0.000 0.000 0.000 0.000 0.000 0.000 0.000 5.145 57.145 44.145 34.146 50.146 72.146 72.147 72.146 72.146 72.146 72.146 72.145 72.145 72.144 70.144 49.143 53.143 60.142 3.142 0.000 0.000 0.000 0.000 0.000 0.000 0.000 0.000 0.000 0.000 0.000 11.167 62.167 6.166 29.165 52.163 59.161 20.160 0.000 0.000 0.000 0.000 0.000 0.000 0.838 58.810 71.792 70.772 70.754 70.738 70.723 70.710 70.697 70.684 70.672 70.661
78.972 74.925 71.848 73.790 76.742 76.700 78.677 75.664 73.657 60.653 9.652 0.000 0.000 0.000 0.000 0.000 0.000 0.000 0.000 13.145 48.145 40.145 56.145 74.146 72.146 72.146 72.145 72.145 72.145 72.144 72.144 72.144 73.143 62.143 49.142 53.142 59.141 1.141 0.000 0.000 0.000 0.000 0.000 0.000 0.000 0.000 0.000 0.000 0.000 7.167 0.000 0.000 37.162 56.162 0.000 0.000 0.000 0.000 0.000 0.000 0.000 0.000 46.787 67.765 70.744 70.726 70.711 70.698 70.685 70.674 70.662 70.651 70.639
72.017 32.995 0.000 0.000 0.000 68.684 73.675 79.667 75.661 64.658 14.657 0.000 48.661 18.661 0.000 0.000 0.000 0.000 0.000 0.000 40.145 44.145 65.145 73.145 74.145 75.145 72.145 72.144 72.144 72.144 72.143 72.143 72.143 73.142 52.142 34.141 43.141 4.140 0.000 0.000 0.000 0.000 0.000 0.000 0.000 0.000 0.000 0.000 0.000 0.000 0.000 0.000 26.162 59.162 0.000 0.000 0.000 0.000 0.000 0.000 0.000 0.000 0.000 47.738 67.712 70.696 70.683 70.672 70.661 70.650 70.640 70.629 70.618
67.055 24.042 0.000 0.000 43.676 41.676 58.672 77.667 74.663 59.661 40.660 44.660 48.661 14.661 0.000 0.000 0.000 0.000 11.143 0.000 41.144 52.144 72.144 72.144 75.144 75.144 72.144 72.144 72.144 72.143 72.143 72.143 72.142 73.142 69.141 64.141 53.140 33.140 27.139 0.000 0.000 0.000 0.000 0.000 0.000 0.000 0.000 0.000 0.000 0.000 0.000 0.000 28.162 20.162 0.000 0.000 0.000 0.000 0.000 0.000 0.000 0.000 0.000 0.000 52.669 68.662 70.654 70.645 70.636 70.627 70.617 70.607 70.596
73.085 54.078 26.085 0.000 0.000 43.673 43.670 65.667 77.664 55.662 42.661 47.661 25.661 0.000 0.000 0.000 0.000 0.000 40.143 33.143 38.143 55.144 74.144 74.144 75.144 72.144 72.144 72.143 72.143 72.143 72.143 72.142 72.142 72.141 72.141 74.140 63.140 51.139 40.139 41.138 34.138 25.137 30.137 0.000 0.000 0.000 0.000 0.000 0.000 0.000 0.000 0.000 31.162 6.162 0.000 0.000 0.000 0.000 0.000 0.000 0.000 0.000 0.000 0.000 37.632 65.629 69.625 70.619 70.612 70.604 70.595 70.585 70.575
76.107 67.099 20.092 0.000 0.000 0.000 42.668 47.666 74.664 62.663 43.662 46.662 21.661 0.000 0.000 0.000 0.000 0.000 43.143 36.143 39.143 57.143 76.143 75.143 73.143 73.143 72.143 72.143 72.143 72.143 72.142 73.142 73.141 73.141 67.140 58.140 62.139 69.139 62.138 60.138 48.138 35.137 42.137 0.134 0.000 0.000 0.000 0.000 0.000 0.000 0.000 0.000 0.000 0.000 0.000 0.000 0.000 0.000 0.000 0.000 0.000 0.000 0.000 0.000 29.599 60.599 70.597 72.594 72.589 72.583 71.575 70.565 70.554
76.124 51.119 0.000 0.000 0.000 0.000 0.000 49.664 62.664 56.663 55.662 52.662 42.662 20.662 0.000 0.000 0.000 0.000 42.142 35.142 40.143 55.143 67.143 64.143 59.143 61.143 66.143 71.143 73.143 73.142 71.142 61.142 59.141 64.141 53.140 50.139 50.139 61.138 65.138 60.138 46.137 35.137 7.137 0.000 0.000 0.000 0.000 0.000 0.000 0.000 0.000 0.000 0.000 0.000 0.000 0.000 0.000 0.000 0.000 0.000 0.477 0.000 0.000 0.000 17.566 42.569 48.571 50.570 50.567 51.563 60.556 69.546 70.533
75.138 41.134 0.000 0.000 0.000 0.000 0.000 44.664 38.663 37.663 45.662 45.662 45.662 41.662 14.662 0.000 0.000 0.000 47.142 42.142 47.142 57.142 60.143 63.143 21.143 0.000 0.000 12.143 73.142 70.142 59.142 14.141 0.000 0.000 52.139 84.139 77.138 56.138 62.138 56.137 45.137 30.137 33.137 0.000 0.000 0.000 0.000 0.000 0.000 0.000 0.000 0.000 0.000 0.000 0.000 0.000 0.000 0.000 13.477 3.477 21.478 42.482 53.491 52.506 70.531 78.541 79.546 77.548 79.548 66.545 49.540 67.530 70.515
73.148 38.145 0.000 0.000 0.000 0.000 0.000 44.663 40.663 19.663 0.000 0.000 0.000 0.000 0.000 0.000 0.000 0.000 53.142 47.142 42.142 38.142 24.142 0.000 0.000 0.000 0.000 0.000 0.000 0.000 46.141 8.141 0.000 0.000 0.000 47.138 80.138 40.138 41.137 40.137 36.137 39.137 86.137 45.136 0.000 0.000 0.000 0.000 0.000 0.000 0.000 0.000 0.000 0.000 0.000 0.000 12.452 3.452 0.000 0.000 7.473 89.478 85.485 67.496 68.510 65.519 66.525 88.529 81.530 67.530 47.528 56.520 55.501
59.156 40.154 34.156 0.000 0.000 0.000 0.000 0.000 42.663 26.663 0.000 0.000 0.000 0.000 0.000 0.000 0.000 0.000 53.142 53.142 54.142 37.142 12.142 0.000 0.000 0.000 0.000 0.000 0.000 0.000 42.141 19.141 0.000 0.000 0.000 46.138 95.138 59.137 62.137 57.137 42.137 60.137 114.136 111.136 42.136 0.000 0.000 0.000 0.000 0.000 0.000 0.000 0.000 0.000 0.000 0.000 2.451 20.452 10.454 8.457 17.464 92.470 59.476 67.484 58.493 39.501 50.507 93.511 59.515 46.518 53.522 7.521 0.000
43.160 43.159 29.159 0.000 0.000 0.000 0.000 0.000 0.000 0.000 0.000 0.000 0.000 0.000 0.000 0.000 0.000 0.000 56.142 47.142 41.142 39.142 13.142 0.000 0.000 0.000 0.000 0.000 0.000 39.141 32.141 57.141 53.141 0.000 5.137 52.137 58.137 50.137 93.137 82.136 53.136 6.136 70.136 125.136 9.136 0.000 0.000 0.000 0.000 0.000 0.000 0.000 21.450 18.450 13.450 2.451 71.451 109.451 100.452 96.454 43.457 87.461 55.466 44.471 91.478 72.484 92.489 73.494 43.499 51.504 0.000 0.000 0.000
46.164 47.162 39.161 0.000 0.000 0.000 0.000 0.000 0.000 0.000 0.000 0.000 0.000 0.000 0.000 0.000 0.000 0.000 10.141 51.141 41.141 19.141 0.000 0.000 0.000 0.000 0.000 0.000 0.000 41.140 38.141 14.141 0.000 0.000 0.000 26.137 5.137 0.000 6.136 48.136 4.136 0.000 26.136 92.136 47.136 0.000 0.000 0.000 0.000 0.000 0.000 0.000 0.000 3.450 0.000 0.000 27.450 7.450 71.448 75.449 26.450 87.452 64.454 37.458 55.462 105.467 119.472 53.478 41.485 8.494 0.000 0.000 17.330
45.166 46.164 46.163 50.163 42.163 0.000 0.000 0.000 0.000 0.000 0.000 0.000 0.000 0.000 0.000 0.000 0.000 0.000 0.000 41.141 37.141 21.141 0.000 0.000 0.000 0.000 0.000 0.000 42.140 39.140 16.140 0.000 0.000 0.000 0.000 0.134 0.000 0.000 0.000 52.135 1.135 0.000 26.136 0.000 0.000 0.000 0.000 0.000 0.000 0.000 0.000 0.000 0.000 12.450 6.450 8.450 1.450 0.000 47.444 66.443 25.442 89.441 69.441 39.443 88.446 91.450 86.455 94.461 58.467 0.000 0.000 0.298 31.314
47.167 25.165 36.163 45.163 45.163 45.163 44.162 0.000 0.000 0.000 0.000 0.000 0.000 0.000 0.000 0.000 0.000 0.000 0.000 43.141 39.141 23.141 0.000 0.000 0.000 0.000 0.000 0.000 0.000 45.140 17.140 0.000 0.000 0.000 0.000 0.000 0.000 4.134 16.134 39.135 43.134 20.134 0.000 0.000 0.000 0.000 0.000 0.000 0.000 0.000 0.000 0.000 0.000 1.450 0.000 5.450 0.000 0.000 50.439 70.438 30.434 90.429 75.427 89.428 89.430 48.433 41.437 86.444 35.455 0.000 0.000 32.281 40.292
52.169 0.000 0.000 42.163 31.163 0.000 44.162 34.162 0.000 0.000 0.000 0.000 0.000 0.000 0.000 0.000 0.000 0.000 0.000 42.141 39.141 27.141 0.000 0.000 0.000 0.000 0.000 0.000 0.000 0.000 0.000 0.000 0.000 0.000 0.000 0.000 0.000 0.000 55.134 72.134 33.134 0.000 0.000 0.000 0.000 0.000 0.000 0.000 0.000 0.000 0.000 0.000 0.000 0.000 0.000 10.450 0.000 0.000 85.437 71.434 32.428 90.415 87.411 79.410 71.411 57.414 58.418 27.421 0.000 0.000 16.263 35.270 42.275
49.169 0.000 0.000 29.163 21.163 0.000 0.000 0.000 0.000 53.160 49.160 40.160 0.000 0.000 0.000 0.000 0.000 0.000 0.000 46.141 42.141 24.141 0.000 0.000 0.000 0.000 0.000 0.000 0.000 0.000 0.000 0.000 0.000 0.000 0.000 0.000 0.000 0.000 18.134 102.134 68.134 0.000 0.000 0.000 0.000 0.000 0.000 0.000 0.000 0.000 0.000 0.000 0.000 0.000 0.000 0.000 0.000 0.000 17.437 0.000 0.000 64.393 105.392 84.391 83.392 81.394 84.398 32.403 0.000 0.000 20.257 34.259 35.261
65.169 0.000 0.000 0.000 0.000 51.163 38.163 0.000 49.160 43.160 43.160 35.160 0.000 0.000 0.000 0.000 0.000 0.000 0.000 46.141 41.141 29.141 0.000 0.000 0.000 0.000 0.000 0.000 0.000 0.000 0.000 0.000 0.000 0.000 0.000 0.000 0.000 0.000 0.000 46.134 38.134 9.133 0.000 0.000 0.000 0.000 0.000 0.000 0.000 0.000 0.000 0.000 0.000 0.000 0.000 0.000 0.000 0.000 0.000 0.000 0.000 11.371 47.371 48.371 46.371 46.372 43.377 39.390 0.000 0.000 13.249 34.249 32.248
76.168 65.167 47.166 48.165 47.164 41.163 42.162 43.162 41.161 46.160 45.160 36.160 33.159 0.000 0.000 0.000 0.000 0.000 0.000 33.141 0.000 0.000 0.000 0.000 0.000 0.000 0.000 0.000 0.000 0.000 0.000 0.000 0.000 0.000 0.000 0.000 0.000 0.000 0.000 0.000 45.133 8.133 0.000 0.000 0.000 0.000 0.000 0.000 0.000 0.000 0.000 0.000 0.000 0.000 0.000 0.000 0.000 0.000 0.000 0.000 0.000 2.350 35.351 34.350 34.349 50.348 45.346 0.000 0.000 0.000 6.241 47.239 59.236
76.167 70.166 40.166 40.165 40.164 23.163 24.162 28.162 38.161 47.160 44.160 36.160 39.159 28.159 0.000 0.000 0.000 0.000 0.000 0.000 0.000 0.000 0.000 0.000 0.000 0.000 0.000 0.000 0.000 0.000 0.000 0.000 0.000 0.000 0.000 0.000 0.000 0.000 0.000 0.000 2.133 48.133 7.133 0.000 0.000 0.000 0.000 0.000 0.000 0.000 0.000 0.000 0.000 0.000 0.000 0.000 0.000 0.000 0.000 0.000 27.320 30.329 34.331 34.331 36.328 55.323 45.315 28.296 0.000 0.000 42.234 63.231 70.226
76.167 74.166 44.166 41.165 21.165 0.000 0.000 0.000 0.000 38.160 41.160 39.159 32.159 0.000 0.000 0.000 0.000 0.000 0.000 0.000 0.000 0.000 0.000 0.000 0.000 0.000 0.000 0.000 0.000 0.000 0.000 0.000 0.000 0.000 0.000 0.000 0.000 0.000 0.000 0.000 0.131 51.133 13.133 0.000 0.000 0.000 0.000 0.000 0.000 0.000 0.000 0.000 0.000 0.000 0.000 0.000 0.000 0.000 0.000 0.000 38.311 35.314 34.315 30.313 43.309 60.303 44.293 33.277 28.256 28.241 52.231 69.224 70.216
76.166 74.166 27.166 31.165 0.000 0.000 0.000 0.000 0.000 0.000 29.159 42.159 34.159 0.000 0.000 0.000 0.000 0.000 0.000 0.000 0.000 0.000 0.000 0.000 0.000 0.000 0.000 0.000 0.000 0.000 0.000 0.000 0.000 0.000 0.000 0.000 0.000 0.000 0.000 0.000 0.000 0.131 19.133 0.000 0.000 0.000 0.000 0.000 0.000 0.000 0.000 0.000 7.282 15.282 0.000 0.000 0.000 0.000 0.000 32.293 30.299 29.301 34.300 48.298 61.293 51.286 35.277 33.264 35.249 32.236 53.226 71.216 70.207
76.165 50.166 0.000 0.000 0.000 0.000 0.000 0.000 0.000 0.000 0.000 32.159 39.159 37.158 0.000 0.000 0.000 0.000 0.000 0.000 0.000 0.000 0.000 0.000 0.000 0.000 0.000 0.000 0.000 0.000 0.000 0.000 0.000 0.000 0.000 0.000 0.000 0.000 0.000 0.000 0.000 0.000 0.000 0.000 0.000 0.000 0.000 0.000 0.000 0.000 0.000 0.000 0.000 8.282 10.282 0.000 37.283 29.284 27.285 39.288 53.290 58.290 60.288 60.285 46.279 34.272 33.263 33.253 32.241 34.230 57.219 72.209 70.199
