results1/res_4e8f-0178.wd
ncols         241
nrows         181
xllcorner     12693529.787448
yllcorner     3542525.717860
cellsize      155.156523
NODATA_value  -9999.000000
[rows 132 to 164 of 181, columns 0 to 72 of 241]
96.124 101.124 105.124 105.123 107.122 107.121 101.119 92.117 78.115 67.112 66.109 67.106 66.103 65.099 70.094 84.089 95.083 100.076 100.069 97.060 89.050 80.037 71.022 65.003 69.979 71.950 70.915 71.877 69.844 64.814 78.784 101.756 68.732 0.000 0.000 0.000 8.506 60.500 72.494 69.475 71.460 77.452 95.452 81.458 65.467 64.479 64.493 76.510 97.527 38.547 11.570 6.604 0.000 0.000 0.000 0.000 0.000 0.000 0.000 0.000 0.000 0.000 2.842 0.842 27.842 7.783 11.724 52.636 75.501 79.406 79.301 89.391 116.858
74.129 76.129 79.128 85.127 95.126 101.125 106.123 106.121 99.119 85.117 74.114 68.110 72.107 79.103 92.098 107.093 106.087 103.080 103.072 106.063 106.053 102.040 90.026 78.008 69.987 64.962 65.935 64.906 65.879 73.854 95.832 103.814 15.802 0.000 0.000 0.000 18.512 46.519 64.544 73.540 74.529 71.517 72.521 82.527 77.534 70.541 74.551 82.562 95.575 36.590 22.609 28.638 8.668 0.000 0.000 0.000 0.000 0.000 0.000 0.000 0.000 0.000 0.000 0.000 9.936 0.000 59.755 81.681 77.567 86.544 77.612 116.978 105.739
66.133 66.133 66.133 68.132 73.131 77.130 84.128 93.126 101.124 104.121 98.118 96.115 98.111 101.107 100.103 93.097 84.091 82.085 82.077 87.068 93.058 100.046 103.032 102.016 90.998 80.977 75.955 73.933 82.912 98.893 99.877 85.866 18.861 0.000 0.000 0.000 0.000 0.000 47.622 74.614 53.599 41.568 56.588 71.595 86.599 90.603 92.607 93.612 89.620 16.630 3.639 31.670 28.698 16.727 22.740 16.745 0.000 0.000 0.000 0.000 0.000 0.000 44.177 14.125 80.029 101.971 134.830 90.808 85.864 66.826 102.894 107.420 107.329
67.138 67.138 67.138 67.137 66.136 65.135 67.133 72.131 78.129 88.126 98.123 100.120 93.117 83.112 77.108 69.103 65.097 65.090 65.083 67.074 72.065 78.054 85.041 97.027 102.011 103.994 102.976 98.959 101.942 94.928 76.917 68.911 47.915 5.936 0.000 0.000 0.000 0.000 40.709 73.694 16.684 0.000 49.667 74.666 93.665 101.663 87.661 90.660 76.663 34.669 0.686 58.706 27.726 19.743 30.748 30.751 1.755 0.000 0.000 0.000 0.000 31.284 50.229 123.169 152.092 134.977 118.535 117.484 109.158 107.804 107.684 107.557 72.779
67.143 67.143 67.143 67.142 67.141 67.140 67.138 66.136 66.134 69.132 75.129 74.126 70.122 66.118 66.114 66.109 67.103 67.097 67.090 67.082 66.073 65.063 67.052 73.039 80.026 89.012 96.997 92.983 81.971 69.960 65.952 70.948 78.950 54.958 32.964 32.955 18.931 19.887 55.810 76.770 26.759 8.773 68.747 100.737 102.731 81.724 84.716 83.704 71.703 60.712 11.716 39.727 13.759 1.770 14.758 1.756 3.758 1.755 0.000 0.000 0.000 12.340 75.286 81.206 77.194 78.356 76.333 108.125 108.024 107.918 75.120 77.900 79.774
67.149 67.149 67.148 67.147 67.147 67.145 67.144 67.142 67.140 67.138 66.135 66.132 66.128 67.124 67.120 67.115 67.110 67.104 67.097 67.090 67.082 67.073 67.063 66.052 65.041 66.030 70.018 68.007 66.997 70.989 73.983 72.979 70.979 72.981 72.980 69.971 69.952 73.920 48.874 34.817 23.807 41.815 86.810 100.804 80.797 73.788 72.773 52.737 48.733 11.760 0.000 0.000 1.836 3.838 0.000 0.000 7.769 22.751 37.708 7.646 21.566 84.421 91.410 89.483 87.470 88.553 108.314 108.222 89.359 96.152 89.009 94.784 86.629
67.154 67.154 67.154 67.153 67.152 67.151 67.150 67.148 67.146 67.144 67.141 67.138 67.134 67.131 67.127 67.122 67.117 67.112 67.106 66.099 73.092 75.084 67.075 66.066 65.057 66.047 68.038 71.029 74.021 73.015 68.010 69.008 76.007 79.006 75.003 68.996 65.984 74.967 5.950 0.000 8.838 81.869 90.875 77.872 69.866 89.858 35.851 0.000 0.000 1.898 2.926 2.926 2.898 3.891 0.000 0.000 32.797 74.772 103.729 64.668 97.555 105.716 102.680 101.772 108.573 108.491 108.404 101.440 103.320 103.021 101.884 100.819 18.738
67.160 67.160 67.160 67.159 67.158 67.157 67.156 67.154 67.153 67.150 70.148 70.145 68.141 72.137 70.133 67.130 67.125 67.121 66.115 64.109 75.103 83.096 69.088 66.081 68.073 71.065 73.057 72.051 69.045 71.040 76.037 78.035 79.034 79.033 74.031 68.027 77.021 96.014 15.009 0.000 0.000 55.949 78.948 75.944 79.936 99.927 33.922 0.000 2.967 2.946 2.956 2.953 2.929 4.936 0.000 30.897 82.854 98.808 101.743 106.746 103.915 100.907 108.799 108.727 108.653 100.744 101.532 102.408 102.092 102.066 95.000 71.910 0.000
67.166 67.166 67.166 67.165 67.165 67.164 67.162 67.161 67.159 68.157 75.155 75.152 52.148 20.145 41.140 71.137 65.134 68.130 74.125 77.120 77.114 73.108 69.102 70.095 73.088 72.082 71.076 73.071 77.067 77.063 79.061 78.060 69.060 64.061 66.061 79.060 98.060 108.060 30.062 0.000 0.000 31.029 87.025 89.018 96.008 94.991 30.988 0.000 2.988 0.994 1.998 3.000 0.000 8.987 34.985 78.950 100.879 103.903 102.998 103.005 102.101 108.934 108.868 100.944 101.747 102.612 102.401 102.259 102.219 94.154 86.114 0.000 0.000
67.173 67.173 67.172 67.172 67.171 67.170 67.169 67.168 67.166 69.165 78.162 89.159 65.155 2.152 8.146 56.146 82.143 74.140 72.135 72.131 70.126 69.121 71.115 73.109 71.104 67.099 69.094 81.090 83.088 73.086 67.085 64.085 64.087 69.089 83.091 99.094 96.098 80.104 52.116 20.144 14.145 58.113 87.103 69.098 60.085 52.042 17.051 1.118 1.049 22.041 13.040 3.050 0.000 28.041 79.025 100.953 103.159 102.159 102.273 109.122 109.062 108.999 101.002 102.890 102.605 102.481 102.429 102.359 96.285 83.224 73.189 0.000 0.000
67.179 67.179 67.179 67.178 67.178 67.177 67.176 67.175 67.174 69.172 79.170 66.167 22.162 4.163 0.000 24.156 78.153 70.150 72.146 71.142 69.138 72.133 73.129 70.124 67.119 63.115 73.112 87.109 74.107 64.107 65.108 70.110 80.112 91.116 102.121 95.126 73.133 68.143 87.155 94.171 95.178 99.175 74.178 35.185 7.193 0.000 1.279 1.287 0.000 35.055 22.069 2.114 33.137 79.089 101.122 103.322 102.348 109.286 109.234 109.179 101.265 102.066 102.958 102.659 102.646 102.589 102.516 103.428 91.350 62.267 51.228 9.228 3.228
66.186 66.186 67.185 67.185 67.184 67.184 67.184 67.183 67.182 70.181 80.180 51.178 0.000 10.174 48.175 50.169 67.165 69.161 57.158 39.154 77.150 72.146 68.142 67.138 65.134 67.131 83.128 86.126 68.126 71.127 83.129 92.133 101.137 99.143 87.149 73.157 66.166 82.178 86.192 74.207 55.220 53.232 41.248 21.271 10.309 4.386 2.413 22.432 17.449 0.000 0.000 27.189 79.244 102.365 103.397 101.518 109.385 109.336 101.424 102.237 103.118 102.927 102.807 102.786 102.735 102.686 105.618 69.488 49.419 0.000 0.000 0.000 0.000
75.193 73.192 70.192 68.191 65.191 65.191 65.191 65.191 64.190 69.189 81.188 64.188 45.190 53.185 71.183 67.179 64.175 70.172 65.169 52.166 72.162 66.159 65.155 65.152 67.149 81.146 89.144 55.143 47.143 97.146 102.150 97.155 86.161 76.168 68.177 64.186 75.197 87.211 55.226 30.244 13.263 4.284 21.311 20.343 10.385 11.434 14.468 42.483 26.466 0.000 0.000 59.481 101.523 100.656 109.521 109.478 109.432 101.458 103.355 103.082 102.976 102.947 104.906 99.857 101.829 102.803 113.782 0.000 0.000 0.000 0.000 0.000 0.000
76.200 78.199 84.198 85.197 85.198 82.199 83.199 82.199 81.198 81.198 83.197 66.196 70.196 69.194 66.191 69.188 69.186 68.183 73.180 75.178 69.175 63.172 65.169 67.166 81.163 86.160 75.158 69.157 78.159 101.163 84.169 75.177 67.184 65.193 67.202 66.214 80.226 89.242 53.259 29.280 17.304 19.332 22.367 14.407 15.453 21.500 23.539 16.565 0.000 0.000 37.726 79.743 109.640 109.602 109.563 101.688 102.496 103.397 103.108 103.106 104.065 104.022 76.979 54.919 89.919 103.914 108.924 48.981 0.000 0.000 0.000 0.000 0.000
69.209 63.207 16.202 18.202 27.205 74.206 71.207 71.207 71.206 75.206 84.205 65.205 66.204 65.202 68.200 72.198 73.196 71.194 70.192 73.189 74.187 71.185 65.183 82.180 88.177 79.174 85.170 102.169 99.171 81.178 69.188 65.198 67.207 67.216 66.227 71.239 87.253 89.270 81.289 84.312 55.340 17.375 9.417 8.466 20.519 27.573 17.625 14.674 6.701 32.862 80.898 109.709 109.675 101.827 102.639 103.528 103.342 103.230 103.216 104.171 102.132 96.094 21.073 0.000 72.015 107.012 104.019 103.039 0.000 0.000 0.000 0.000 0.000
67.219 59.219 0.000 0.214 9.215 70.215 66.215 66.215 66.215 70.215 84.214 62.213 66.212 70.211 72.210 73.208 70.206 67.205 65.203 67.201 77.200 90.198 85.196 86.194 63.191 57.187 109.181 95.178 62.180 22.189 42.208 70.219 67.229 67.238 69.250 62.263 46.278 36.295 48.316 88.340 64.370 17.409 12.460 7.521 16.583 21.649 15.717 20.777 20.859 58.993 109.758 101.014 104.755 103.662 103.477 103.368 103.346 103.312 104.272 104.237 69.200 45.147 31.147 34.155 85.113 106.099 102.101 93.116 11.151 0.000 0.000 0.000 0.000
67.229 67.231 50.236 0.225 10.224 71.224 67.224 67.224 66.224 67.223 82.223 69.222 72.221 74.220 73.219 68.218 65.217 66.216 66.215 65.213 75.212 98.211 94.210 81.209 74.207 65.202 41.189 30.183 17.181 0.000 23.237 72.242 67.250 69.259 52.271 26.284 11.300 8.318 50.339 67.363 36.391 8.432 11.491 16.576 23.645 19.721 13.815 6.899 10.194 58.221 109.822 103.903 103.666 103.489 103.475 103.442 103.403 103.367 101.334 92.304 25.283 0.000 42.214 101.204 106.184 104.171 98.169 88.174 6.185 0.000 0.000 0.000 0.000
64.238 66.239 63.241 0.000 6.233 71.233 66.233 64.233 66.232 70.232 74.231 73.231 73.230 71.230 65.229 66.228 66.227 67.227 67.226 72.225 90.225 89.225 82.225 91.225 89.226 60.226 0.000 0.000 0.000 0.000 21.259 72.263 67.269 70.278 41.290 3.303 37.319 63.338 83.358 52.380 4.400 0.482 0.557 5.645 15.698 15.780 15.889 10.135 6.800 110.003 109.915 102.808 103.657 103.559 103.527 103.490 103.455 105.422 90.391 73.364 33.344 9.335 57.289 87.265 96.246 105.234 94.228 83.228 5.230 0.000 0.000 0.000 0.000
71.246 69.247 58.247 0.000 57.243 65.242 67.242 71.241 72.241 73.241 71.240 72.240 70.240 66.239 66.239 67.238 67.238 66.237 68.237 91.237 90.237 72.238 85.239 83.241 87.244 85.251 48.268 4.278 13.283 43.284 48.279 68.281 67.287 67.295 62.306 54.320 71.336 70.355 64.377 86.400 34.422 0.508 0.581 9.671 14.725 12.804 13.902 38.050 62.443 110.086 105.132 104.883 104.625 103.613 103.575 103.541 104.506 102.474 57.444 34.417 46.393 47.372 101.344 103.321 83.302 93.290 88.282 61.278 26.278 0.000 0.000 0.000 0.000
72.254 73.254 70.255 58.256 72.253 72.251 72.251 73.250 73.250 74.250 86.249 68.249 66.249 66.249 67.248 67.248 67.248 68.248 82.248 93.249 68.249 72.250 99.252 91.255 79.259 82.265 85.275 69.282 74.287 89.290 82.291 70.295 63.301 63.309 74.320 90.334 77.351 49.370 21.393 76.421 65.461 14.525 17.586 22.655 18.724 9.812 11.878 53.158 105.405 110.163 102.112 104.766 105.696 103.660 103.624 103.590 96.556 86.524 43.494 14.466 23.441 24.417 85.392 127.371 108.353 84.340 76.331 55.326 64.324 17.324 0.000 3.522 7.522
77.261 77.261 73.261 73.262 73.261 74.260 74.259 70.259 67.259 66.258 29.258 19.258 70.258 67.258 67.258 67.258 66.258 69.259 93.259 79.260 64.261 70.262 87.265 104.268 99.272 96.277 94.283 90.289 86.294 85.298 93.302 90.306 84.313 80.321 83.332 87.345 49.362 13.381 12.404 28.432 24.474 9.529 18.580 28.638 24.709 15.808 8.965 52.217 110.307 110.236 105.004 106.850 103.739 103.709 104.672 100.637 84.604 77.572 83.541 89.513 73.487 95.462 110.438 127.418 136.400 120.386 82.377 87.371 62.369 0.000 0.000 0.000 0.000
16.268 17.268 77.268 72.268 72.268 67.268 64.268 66.267 61.267 14.267 14.267 3.267 71.267 67.268 67.268 67.268 67.268 85.269 92.270 65.271 67.272 67.274 70.276 76.279 78.283 78.287 74.292 77.297 93.302 86.306 77.311 80.316 87.322 91.331 94.341 91.354 66.370 31.389 14.410 13.428 0.000 2.537 13.568 22.610 6.659 0.000 22.174 82.419 110.374 102.344 106.073 105.811 103.796 103.756 104.719 99.684 86.650 52.618 59.587 102.558 113.531 145.505 136.482 108.461 96.443 113.429 92.419 86.413 61.412 0.440 0.000 0.000 0.000
3.276 12.275 26.273 81.275 66.276 64.276 66.276 66.276 67.276 14.276 5.276 60.276 68.277 67.277 67.277 67.278 69.278 93.279 78.280 64.281 67.283 67.285 67.287 66.290 66.293 66.297 65.301 72.306 101.310 80.314 11.319 19.324 31.330 82.338 92.347 76.360 81.375 68.396 20.419 17.443 2.477 7.514 20.544 12.575 0.000 0.000 40.338 110.504 110.440 105.227 106.969 102.878 103.840 103.802 103.765 103.729 90.695 53.662 68.631 105.601 101.573 135.547 130.523 99.501 104.482 90.467 71.456 89.450 67.451 1.466 0.000 0.000 0.000
65.284 61.284 0.000 73.284 83.284 84.284 65.284 77.284 84.284 60.285 58.285 68.285 67.286 67.286 67.287 67.287 86.288 90.289 65.290 67.292 66.293 65.295 67.298 67.300 67.303 67.307 66.311 74.314 103.318 84.322 30.326 3.331 54.337 79.343 92.351 71.362 61.376 20.399 13.426 16.449 14.474 22.500 26.517 0.547 0.000 19.255 81.509 110.566 102.481 106.205 105.948 103.928 103.885 103.847 103.809 104.773 95.739 84.705 107.673 132.643 120.614 137.586 134.561 128.538 135.517 101.501 78.488 88.481 96.479 25.484 0.000 0.000 0.000
67.293 66.293 61.296 67.293 66.293 14.292 88.292 80.293 67.293 68.293 68.294 67.294 67.295 67.295 67.296 70.297 93.298 76.299 66.300 67.301 73.303 81.305 67.308 65.310 67.313 66.316 69.319 93.323 101.326 76.330 64.334 52.338 74.342 73.347 34.353 19.360 16.368 0.000 5.436 5.452 6.472 7.492 9.505 0.000 22.306 79.466 101.642 110.626 103.444 104.088 104.011 103.969 103.929 103.890 103.852 104.816 95.781 78.747 74.714 107.683 97.653 111.624 114.597 102.572 104.549 76.530 53.515 67.505 134.501 87.503 22.511 12.516 34.519
67.300 67.301 67.301 67.301 67.300 61.300 77.300 93.301 69.301 66.302 67.302 67.303 67.304 67.305 66.306 89.307 91.308 65.309 67.310 68.311 65.313 27.315 86.318 81.320 68.323 66.325 84.328 103.331 87.334 67.337 67.340 68.344 71.347 75.350 12.353 13.356 0.000 2.427 17.429 0.000 0.449 0.000 0.000 0.000 45.414 102.596 110.739 110.683 103.328 104.163 104.047 104.012 103.971 103.932 103.894 102.857 87.822 89.787 109.754 128.721 127.690 132.660 137.632 124.604 122.578 109.555 58.537 56.524 132.518 96.515 34.514 27.517 92.521
67.308 67.308 67.308 67.308 67.308 67.308 67.308 78.309 93.309 69.310 66.311 67.312 67.313 65.314 73.315 94.316 74.317 66.318 68.319 66.320 8.323 5.325 74.328 75.330 81.332 80.334 88.337 87.339 68.342 66.345 68.347 71.350 76.352 76.354 0.000 0.000 0.000 4.424 28.425 15.424 16.425 15.424 0.000 6.508 53.656 107.809 110.793 102.665 104.381 104.116 104.097 104.052 104.012 103.972 103.934 103.897 89.861 85.826 106.792 107.759 107.727 110.695 110.665 109.635 114.605 87.575 63.552 78.538 93.530 32.526 0.000 0.000 36.524
67.315 69.315 69.315 67.315 67.315 67.316 67.316 67.317 78.318 93.318 69.319 64.320 64.322 81.323 93.324 87.326 64.327 67.328 63.328 9.327 6.332 60.335 67.338 67.340 73.342 90.344 90.346 83.348 76.350 68.352 55.354 25.356 90.358 70.359 0.000 0.000 0.000 3.421 17.422 10.423 24.424 13.424 0.000 6.655 26.752 110.899 110.847 103.534 104.269 104.175 104.134 104.092 104.051 104.012 103.974 104.937 99.900 89.865 84.830 83.796 83.762 83.729 83.697 87.665 61.630 5.588 31.559 87.545 83.537 44.534 6.535 0.000 35.527
68.322 5.322 6.321 67.322 66.323 65.323 65.324 64.325 64.326 77.327 92.328 85.329 92.330 94.332 81.333 65.335 72.337 72.338 60.339 0.000 8.345 71.346 67.348 69.349 93.351 100.352 78.354 69.356 76.358 83.359 71.361 7.363 50.364 68.365 0.000 0.000 0.000 4.418 10.419 7.422 21.423 0.000 0.000 6.727 12.048 110.950 108.783 104.498 104.239 104.216 104.171 104.130 104.089 104.050 104.012 103.975 104.938 103.902 101.867 100.832 100.797 101.763 103.730 77.697 19.664 0.000 16.552 72.545 103.540 94.538 67.536 43.535 60.531
67.329 66.329 1.329 66.330 77.330 81.331 85.331 90.332 93.333 94.335 94.336 94.338 80.339 67.341 83.343 100.345 101.347 101.349 94.352 72.358 7.356 68.357 66.358 75.359 103.360 90.361 67.363 66.364 68.365 71.367 62.368 7.369 27.371 27.372 0.000 0.000 0.000 10.412 5.416 0.000 4.423 0.000 14.735 15.971 6.495 110.999 112.734 108.373 104.294 104.250 104.208 104.166 104.126 104.087 104.050 104.012 103.976 103.940 103.904 103.867 104.831 107.796 79.763 12.730 0.000 5.559 0.000 17.543 73.541 104.539 95.538 71.536 48.533
67.336 69.336 65.337 67.337 82.337 81.338 77.339 73.340 72.341 68.343 89.344 79.346 90.348 81.350 97.352 93.354 86.356 87.359 98.362 104.365 93.366 94.367 86.368 94.369 102.370 75.370 66.371 67.372 67.373 66.374 66.375 68.376 63.378 12.381 72.388 63.393 2.398 4.403 0.000 0.000 0.000 5.713 83.764 80.970 111.091 111.046 106.610 107.440 104.322 104.285 104.243 104.202 104.162 104.124 104.086 104.049 104.013 103.977 103.941 105.903 110.862 79.828 19.795 0.000 0.000 2.559 1.559 0.000 14.541 65.541 100.541 50.540 0.000
69.343 5.343 64.343 67.344 67.344 67.345 66.346 67.347 69.349 67.350 79.352 74.354 83.356 94.359 82.361 67.363 68.366 69.369 70.371 75.373 88.375 98.376 104.377 102.378 91.379 67.379 67.380 67.380 67.381 67.381 68.382 91.383 64.384 4.386 68.389 18.393 12.397 5.400 0.000 0.000 0.000 15.693 103.899 106.109 111.135 104.941 104.649 104.384 104.363 104.318 104.276 104.236 104.197 104.159 104.122 104.086 104.050 104.015 105.980 90.942 44.887 11.857 0.000 4.559 2.559 22.559 29.559 0.000 0.000 36.544 98.543 50.543 0.000
70.349 3.349 64.350 67.350 67.351 67.352 67.353 68.355 6.356 66.358 70.360 81.362 81.365 89.367 94.370 80.373 65.375 65.378 65.381 67.383 69.385 70.386 71.387 71.388 70.388 69.388 65.388 65.389 66.389 67.389 78.388 92.388 63.389 57.389 59.390 0.000 0.000 5.400 0.000 0.000 0.000 19.780 102.901 111.219 111.177 103.798 104.529 104.434 104.392 104.349 104.309 104.269 104.231 104.194 104.157 104.122 104.087 104.053 109.021 64.997 0.000 0.000 2.560 0.560 2.559 17.559 24.559 0.000 0.000 39.546 99.546 58.546 0.000
