results1/res_4e8f-0193.wd
ncols         241
nrows         181
xllcorner     12693529.787448
yllcorner     3542525.717860
cellsize      155.156523
NODATA_value  -9999.000000
[rows 99 to 131 of 181, columns 73 to 145 of 241]
59.897 59.873 59.848 58.822 58.795 63.767 66.738 63.711 59.691 59.681 53.683 9.689 0.000 0.000 0.000 0.000 0.000 14.886 72.853 97.808 95.800 94.957 101.624 101.554 94.653 95.349 95.196 95.086 95.981 95.881 94.790 98.714 57.661 0.000 0.000 0.000 0.000 0.000 0.000 34.804 60.728 72.624 40.492 22.287 52.192 55.106 53.011 56.891 53.709 51.438 21.124 45.884 49.756 64.669 70.606 73.559 71.524 66.500 59.485 54.476 49.473 27.467 0.000 0.000 0.000 0.000 21.845 39.845 51.845 75.845 76.844 76.844 76.844
59.948 59.925 58.901 56.874 60.846 65.816 66.783 66.745 60.717 57.701 62.695 62.695 23.696 0.000 17.518 47.465 24.353 4.153 61.058 100.937 96.186 96.202 101.684 93.965 95.753 95.407 95.318 95.206 95.098 94.996 96.905 95.832 31.785 0.000 0.000 0.000 0.000 0.000 3.109 38.983 44.887 55.799 4.729 0.000 47.310 55.250 54.158 58.033 57.858 28.648 0.000 40.786 54.728 59.664 80.612 81.572 81.542 82.520 83.506 81.497 62.493 0.496 0.510 1.516 0.000 0.000 0.000 38.844 51.844 75.844 76.844 76.844 76.844
59.999 58.979 58.955 61.929 64.900 65.868 40.831 4.769 33.732 69.712 42.703 16.698 8.697 0.000 28.570 78.525 75.439 67.324 86.204 97.355 94.342 101.766 95.247 96.052 95.618 95.552 95.435 95.324 95.211 96.099 94.002 81.923 28.863 1.833 0.000 0.000 0.000 3.337 42.236 49.132 47.038 47.956 20.897 0.000 53.489 71.426 64.339 59.226 34.042 0.000 0.747 23.747 13.707 53.647 78.607 82.576 80.552 80.533 80.520 82.513 55.510 49.515 49.517 55.517 0.000 0.000 0.000 15.844 50.844 75.844 76.844 76.844 76.843
59.054 58.035 63.012 65.986 65.956 65.926 30.904 0.000 0.721 12.710 3.707 0.000 0.000 0.000 21.667 84.627 90.557 98.470 98.429 95.553 102.105 101.896 95.214 95.923 95.774 95.665 95.555 95.443 95.323 101.189 51.079 18.996 2.911 0.490 6.959 9.891 0.000 33.438 51.364 47.272 47.178 46.089 52.005 17.917 46.731 72.625 71.546 69.488 0.000 0.000 43.746 0.000 0.000 51.610 80.593 84.573 81.556 80.541 78.530 67.523 48.520 44.519 45.519 29.518 0.000 0.000 0.000 0.000 46.843 75.843 76.843 76.843 72.843
58.112 64.095 66.073 66.046 64.013 69.976 39.954 0.000 0.000 0.000 0.000 0.000 0.000 0.000 32.805 90.758 93.697 97.574 96.810 96.823 102.292 94.600 96.305 95.980 95.893 95.784 95.677 99.570 105.448 60.255 29.129 4.073 0.000 0.000 0.000 6.823 34.755 57.613 51.511 44.412 49.314 53.216 50.118 48.015 61.893 65.798 55.731 63.693 0.000 0.000 11.746 0.000 0.000 57.589 81.581 86.569 85.556 81.545 76.536 45.530 43.526 44.524 51.523 0.000 0.000 0.000 0.000 40.843 44.843 73.843 76.843 76.843 70.843
65.174 66.161 66.139 65.111 43.074 9.011 27.982 29.982 0.000 0.000 0.000 0.000 0.000 24.107 76.989 90.911 93.815 95.974 96.983 102.622 102.464 95.575 96.276 96.115 96.008 95.901 99.800 61.711 21.644 0.000 39.109 25.093 0.000 0.000 0.000 0.000 42.828 76.750 67.654 62.553 57.449 58.343 56.237 57.131 70.028 63.944 47.887 49.860 0.000 0.000 0.000 0.000 0.000 57.577 85.572 50.565 48.556 80.546 83.540 53.535 44.531 49.528 19.525 0.000 0.000 0.000 0.000 13.843 40.843 58.843 74.843 77.843 70.842
66.243 66.233 62.213 66.185 48.162 0.000 18.982 48.982 0.000 0.000 0.000 0.000 14.321 76.226 90.133 96.054 96.025 96.167 102.905 102.768 94.903 96.678 96.327 96.237 96.122 96.013 99.912 71.829 3.773 0.000 9.103 12.098 0.000 0.000 0.000 0.000 29.980 61.903 66.803 76.696 72.585 60.471 63.356 72.244 67.143 55.064 47.013 47.999 22.045 23.056 0.000 0.000 0.000 55.569 89.566 3.563 0.000 29.545 76.542 66.538 47.535 26.531 0.000 0.000 0.000 0.000 0.000 0.000 13.843 37.842 63.842 73.842 66.842
64.320 61.316 60.295 76.253 55.227 0.000 17.982 45.982 0.000 0.000 0.000 8.489 72.417 85.340 95.270 98.150 97.394 95.424 103.032 94.213 95.987 92.545 94.472 96.349 96.234 97.118 91.006 80.919 28.846 0.000 0.000 0.000 0.000 0.000 0.000 17.389 52.209 57.079 56.960 58.843 67.724 70.600 73.473 67.347 54.237 48.155 47.102 46.079 50.079 35.067 0.000 0.000 0.000 44.563 81.562 47.558 36.553 28.547 71.544 77.541 57.539 0.000 0.000 8.543 0.000 0.000 0.000 0.000 0.000 32.842 56.842 61.842 48.842
58.405 67.415 63.398 4.306 5.267 0.000 8.982 8.982 0.000 0.000 0.000 9.561 88.517 90.459 98.370 97.536 96.558 103.258 103.150 96.171 95.859 95.700 95.581 94.464 95.344 97.219 54.074 4.996 0.000 0.000 0.000 0.000 0.000 20.929 37.795 52.569 63.390 60.244 59.114 55.991 56.867 59.734 71.588 72.432 64.303 53.217 46.163 46.134 48.125 0.000 0.000 0.000 0.000 29.560 71.558 49.556 45.552 45.548 77.545 80.543 63.542 26.542 16.543 59.543 0.000 0.000 0.000 0.000 0.000 35.842 59.842 54.842 40.842
59.500 69.542 56.575 0.000 0.000 0.000 5.982 17.982 1.982 0.000 0.810 75.677 85.632 97.575 97.571 96.714 103.450 103.357 95.483 97.258 96.909 96.816 96.697 96.579 98.460 48.339 0.000 0.000 0.000 0.000 0.000 10.395 36.270 53.063 65.887 61.702 60.536 60.392 60.263 61.141 59.018 57.882 31.712 50.490 75.328 57.246 45.198 48.171 46.161 34.168 0.000 0.000 0.000 30.558 63.556 41.554 0.000 0.000 33.544 70.543 59.543 68.543 75.543 34.543 0.000 0.000 0.000 0.000 0.000 10.842 50.842 48.842 41.842
57.592 61.677 60.786 36.950 0.000 0.000 0.000 3.982 6.982 0.000 28.903 88.819 95.759 97.682 97.841 95.964 103.535 95.771 97.552 97.118 97.049 96.929 97.813 98.696 60.578 0.000 0.000 0.000 0.000 0.000 12.682 55.520 66.353 62.166 60.987 60.816 60.662 60.525 60.404 60.292 60.183 69.063 7.887 0.000 43.272 52.240 44.212 53.192 53.181 35.174 0.000 0.000 0.000 0.000 47.553 84.552 52.550 0.000 26.545 71.544 65.544 56.543 56.543 0.000 0.000 0.000 0.000 0.000 0.000 0.000 29.841 40.841 41.841
69.665 7.786 63.943 62.113 51.314 10.434 0.661 0.000 0.000 20.072 79.004 92.938 98.879 97.865 97.019 103.681 103.612 96.719 97.417 97.266 97.156 98.046 99.930 60.813 0.000 0.000 0.000 0.000 11.190 42.066 52.844 64.650 61.456 61.261 58.078 57.913 57.769 58.644 60.535 60.440 63.358 40.299 0.000 0.000 23.247 48.233 47.216 65.204 61.197 0.000 0.000 0.000 0.000 0.000 31.550 76.550 88.549 45.547 71.545 85.545 77.544 53.544 46.544 18.544 0.000 0.000 0.000 0.000 0.000 0.000 35.841 41.841 45.841
51.706 4.860 66.088 56.247 63.393 55.538 16.787 4.052 13.146 80.141 89.102 99.060 97.948 98.216 96.244 103.741 96.007 97.800 97.460 97.377 98.269 99.168 53.049 0.000 0.000 0.000 0.000 3.451 54.314 65.164 62.979 61.778 63.561 63.344 69.152 73.990 68.858 61.747 55.652 59.573 65.512 23.476 0.000 0.000 19.237 51.227 52.217 74.209 62.205 0.000 0.000 0.000 0.000 0.000 19.549 71.548 80.548 85.547 81.546 81.545 85.544 69.544 48.544 49.544 18.543 11.543 0.000 0.000 0.000 37.841 42.841 40.841 45.841
0.000 0.000 34.301 85.392 48.475 0.000 0.000 18.223 78.246 83.240 97.219 98.129 98.409 96.340 103.825 96.264 98.073 97.650 97.593 98.482 95.377 50.308 0.000 0.000 0.000 0.000 9.727 56.589 64.449 62.299 62.127 65.925 40.665 19.402 22.197 39.037 64.926 66.833 67.754 59.689 60.642 21.616 0.000 0.000 0.000 32.220 50.216 57.212 56.210 5.210 0.000 0.000 0.000 0.000 19.548 62.548 75.547 80.546 81.546 82.545 78.545 74.544 59.544 47.544 51.543 57.543 0.000 0.000 0.000 3.841 40.841 41.841 43.841
0.000 0.000 11.423 86.545 73.641 0.000 0.000 25.372 86.374 94.365 98.318 99.514 99.551 104.139 103.948 97.214 97.930 97.792 97.694 92.592 82.449 33.379 0.000 0.000 9.110 45.025 53.865 65.728 62.595 62.457 66.306 44.128 1.933 0.000 0.000 25.033 62.976 59.907 63.841 69.787 69.750 47.732 0.000 0.000 0.000 14.218 52.215 46.213 53.211 4.211 0.000 0.000 0.000 0.000 24.547 49.547 66.546 80.546 75.546 68.545 70.545 31.544 56.544 65.544 58.543 54.543 0.000 0.000 0.000 0.000 0.841 35.841 40.841
0.000 0.000 0.000 14.724 63.902 3.382 13.521 79.519 91.513 98.499 98.519 98.698 104.487 104.318 96.501 98.299 97.967 97.896 90.807 56.739 0.000 0.000 0.000 17.276 63.194 57.101 64.982 62.862 62.744 63.629 41.512 2.342 0.000 0.000 0.000 24.087 66.038 59.976 59.917 61.869 65.837 67.829 19.860 0.000 0.000 0.000 33.214 52.213 27.212 0.000 0.000 0.000 0.000 0.000 17.546 45.546 56.546 63.546 55.545 52.545 17.545 0.000 5.544 49.543 53.543 62.543 0.000 0.000 0.000 0.000 0.000 29.841 40.841
0.000 0.000 0.000 0.000 1.353 13.606 82.662 87.669 98.667 98.603 99.890 99.965 104.647 96.798 98.578 98.147 98.088 87.987 76.900 40.820 0.000 0.000 0.000 57.357 79.291 64.201 56.099 63.994 61.892 64.801 34.734 0.000 0.000 0.000 20.284 55.190 62.113 61.043 60.982 57.934 53.902 55.888 17.890 0.000 0.000 0.000 14.213 59.213 7.213 0.000 0.000 0.000 0.000 0.000 17.546 47.546 46.546 45.546 43.545 49.545 0.000 0.000 0.000 24.543 47.543 65.543 9.543 0.000 0.000 0.000 0.000 0.841 33.841
0.000 0.000 0.000 0.000 0.000 85.853 84.849 98.839 98.798 100.005 100.081 104.939 104.797 97.751 99.437 97.281 83.167 72.074 45.987 0.000 0.000 0.000 51.622 69.505 69.410 76.316 64.219 54.122 60.030 69.949 72.890 35.887 0.000 0.000 19.377 67.276 61.180 61.101 60.034 55.983 49.948 50.930 16.924 0.000 0.000 0.000 0.000 32.213 40.213 0.000 0.000 0.000 0.000 0.000 25.546 49.546 43.546 44.545 44.545 46.545 29.545 0.000 0.000 0.000 34.543 55.543 33.543 7.543 0.000 0.000 0.000 0.000 28.841
0.000 0.000 0.000 0.000 25.226 86.102 98.046 99.010 100.023 102.213 105.204 105.074 97.056 98.821 95.474 84.376 73.231 45.152 0.000 0.000 0.000 53.852 74.740 60.630 52.529 66.433 78.338 66.246 69.157 70.073 56.990 62.883 41.635 4.105 27.573 59.355 55.233 62.145 57.071 49.015 47.979 51.959 13.951 0.000 0.000 0.000 0.000 19.213 59.213 4.213 0.000 0.000 0.000 0.000 0.000 31.545 46.545 44.545 44.545 44.545 52.545 0.000 0.000 0.000 0.000 36.543 47.543 53.543 0.000 0.000 0.000 0.000 0.000
0.000 0.000 0.000 0.000 68.350 94.282 100.229 99.136 99.407 97.490 105.329 97.337 99.103 93.673 82.606 57.487 0.000 0.000 0.000 0.000 54.079 74.965 61.854 50.746 50.644 52.548 63.455 78.365 69.280 54.198 62.114 64.021 37.918 0.000 24.456 84.340 71.250 60.175 54.091 50.027 46.994 47.977 41.970 5.974 0.000 0.000 0.000 0.000 38.213 10.213 0.000 0.000 0.000 0.000 0.000 11.545 48.545 44.545 44.545 44.545 46.545 30.545 0.000 0.000 0.000 17.543 44.543 47.543 0.000 0.000 0.000 0.000 0.000
0.000 0.000 0.000 71.665 68.540 74.457 89.369 100.544 97.609 105.563 105.449 98.270 93.957 82.811 61.705 0.000 0.000 35.684 0.000 6.312 79.192 62.076 50.964 51.857 50.755 53.659 67.567 76.481 77.400 61.323 57.247 68.169 42.097 0.000 0.000 15.297 28.254 10.215 0.000 20.006 50.994 57.984 58.979 44.979 0.000 0.000 0.000 0.000 0.000 0.000 0.000 0.000 0.000 0.000 0.000 12.545 48.545 47.545 50.545 45.545 42.545 51.545 0.000 0.000 0.000 24.543 58.542 63.542 0.000 0.000 0.000 0.000 0.000
0.000 0.000 10.893 72.789 69.690 70.609 80.585 96.751 105.781 105.673 97.548 94.315 81.985 55.910 0.000 0.000 52.732 51.684 33.587 17.432 67.302 51.183 52.070 50.962 51.860 66.764 72.675 36.593 27.517 79.447 65.381 43.311 4.204 0.000 0.000 0.000 0.000 0.000 0.000 16.997 68.992 62.987 59.983 55.982 10.983 0.000 0.000 0.000 0.000 0.000 0.000 0.000 0.000 0.000 0.000 36.545 45.545 20.545 0.000 20.545 45.545 49.545 0.000 0.000 0.000 26.542 62.542 31.542 0.000 0.000 0.000 0.000 0.000
0.000 86.087 73.998 70.908 68.829 69.707 70.951 75.016 105.885 96.789 92.551 82.141 56.099 0.000 0.000 0.000 56.780 54.733 74.645 58.525 51.403 52.284 51.170 54.061 73.959 70.864 51.776 47.697 52.627 80.568 77.520 41.490 0.000 0.000 0.000 0.000 0.000 0.000 0.000 16.994 75.990 75.987 70.985 61.984 6.984 0.000 0.000 0.000 0.000 0.000 0.000 0.000 0.000 0.000 9.545 48.545 50.545 0.000 0.000 5.545 48.545 49.545 0.000 0.000 0.000 0.000 33.542 0.000 0.000 0.000 0.000 0.000 0.000
2.249 84.177 98.101 90.025 74.927 76.085 68.133 106.082 105.985 75.672 80.350 56.248 0.000 0.000 0.000 0.000 58.875 71.823 69.734 51.621 51.500 51.380 62.264 74.153 63.050 51.955 51.869 51.793 52.727 61.676 79.642 75.638 36.692 0.000 0.000 0.000 0.000 0.000 0.000 0.000 61.988 63.987 75.985 76.984 32.984 0.000 0.000 0.000 0.000 0.000 0.000 0.000 0.000 0.000 40.545 50.545 27.545 0.000 0.000 9.545 49.545 47.545 0.000 0.000 0.000 0.000 0.000 0.000 0.000 0.000 0.000 0.000 0.000
20.321 97.271 100.205 100.136 95.110 85.266 106.269 106.176 67.837 62.608 0.000 0.248 0.000 0.000 0.000 0.000 70.023 74.951 50.847 52.725 52.598 64.472 73.352 55.239 52.134 52.038 51.952 51.877 51.814 51.766 60.735 80.727 73.746 47.777 38.790 42.793 11.794 0.000 0.000 0.000 0.987 41.986 81.985 81.985 42.985 0.000 0.000 0.000 0.000 0.000 0.000 0.000 0.000 0.000 29.545 28.545 0.000 0.000 0.000 0.000 29.544 56.544 0.000 0.000 0.000 0.000 0.000 0.000 0.000 0.000 0.000 0.000 0.000
90.443 100.379 100.320 100.208 104.452 95.511 106.360 67.947 70.630 65.303 0.000 0.000 0.000 0.000 0.000 63.396 75.241 52.112 52.976 52.834 60.694 73.559 51.433 52.316 52.209 52.111 52.024 51.948 51.886 51.839 51.806 55.790 56.789 51.796 52.799 59.796 41.795 0.000 0.000 0.000 0.000 0.000 36.985 72.985 35.985 0.000 0.000 0.000 0.000 0.000 0.000 0.000 0.000 0.000 0.000 0.000 0.000 0.000 0.000 0.000 0.000 8.544 0.000 0.000 0.000 0.000 0.000 0.000 0.000 0.000 0.000 0.000 0.000
96.549 96.490 100.404 101.568 98.616 106.536 106.448 72.622 57.078 2.203 5.203 2.203 0.000 0.000 0.000 80.551 57.435 53.281 53.111 54.942 75.783 55.637 52.505 52.385 52.274 52.173 52.083 52.007 51.945 51.896 51.860 50.836 49.823 52.818 34.816 0.000 0.000 0.000 0.000 0.000 0.000 0.000 0.000 65.985 53.985 20.985 0.000 0.000 0.000 0.000 0.000 0.000 0.000 0.000 0.000 0.000 0.000 0.000 0.000 0.000 0.000 0.000 0.000 0.000 0.000 0.000 0.000 0.000 0.000 0.000 0.000 0.000 0.000
75.664 75.600 79.579 75.738 106.706 106.621 84.123 65.336 56.273 0.000 0.203 2.203 0.000 0.000 0.000 55.821 51.666 51.464 50.247 63.041 55.860 49.702 50.565 50.443 50.330 50.224 51.129 52.052 51.989 51.941 50.903 48.873 50.849 50.836 47.830 37.832 40.833 42.832 41.832 43.832 14.832 0.000 0.000 3.985 62.985 34.984 0.000 0.000 0.000 0.000 0.000 0.000 0.000 0.000 0.000 0.000 0.000 0.000 0.000 0.000 0.000 0.000 0.000 0.000 0.000 0.000 0.000 0.000 0.000 0.000 0.000 0.000 0.000
90.780 112.669 77.917 107.976 106.789 66.668 57.266 0.000 71.686 30.035 0.000 0.000 0.000 0.000 99.625 78.246 48.946 56.662 67.370 66.115 61.913 59.745 59.610 59.492 58.380 52.262 48.159 52.081 52.021 51.974 50.937 50.903 54.866 54.846 55.837 65.834 65.833 61.833 54.832 53.832 32.832 0.000 0.000 0.000 21.984 27.984 0.000 0.000 0.000 0.000 0.000 0.000 0.000 0.000 0.000 0.000 0.000 0.000 0.000 0.000 0.000 0.000 0.000 0.000 0.000 0.000 0.000 0.000 0.000 0.000 0.000 0.000 0.000
138.860 117.458 115.505 106.943 106.868 94.755 0.000 38.728 66.727 140.386 115.855 2.124 47.165 36.584 98.003 57.594 55.208 126.868 117.457 113.134 112.934 111.755 110.637 109.536 108.434 79.287 46.165 52.091 52.039 51.999 51.968 43.935 0.000 0.000 0.000 0.000 0.000 0.000 18.832 70.832 49.832 20.832 0.000 0.000 0.000 0.000 0.000 0.000 0.000 0.000 0.000 0.000 0.000 0.000 0.000 0.000 0.000 0.000 0.000 0.000 0.000 0.000 0.000 0.000 0.000 0.000 0.000 0.000 0.000 0.000 0.000 0.000 0.000
97.029 116.617 107.082 107.014 91.274 0.000 0.000 0.000 10.113 61.925 49.663 0.000 28.407 0.000 57.210 53.918 63.424 119.146 0.000 5.029 0.000 55.705 64.645 125.582 38.534 0.000 56.122 52.079 52.043 53.017 35.000 0.000 0.000 0.000 0.000 0.000 0.000 0.000 0.000 23.832 70.832 26.832 0.000 0.000 0.000 0.000 0.000 0.000 0.000 0.000 0.000 0.000 0.000 0.000 0.000 0.000 0.000 0.000 0.000 0.000 0.000 0.000 0.000 0.000 0.000 0.000 0.000 0.000 0.000 0.000 0.000 0.000 0.000
117.786 115.840 107.145 115.764 117.612 37.900 0.000 17.686 44.686 54.538 31.210 8.429 49.649 95.212 93.709 86.444 0.000 38.146 0.000 16.925 38.820 66.715 111.657 74.613 39.585 0.000 0.000 58.059 52.039 53.024 34.016 0.000 0.000 0.000 0.000 0.000 0.000 0.000 0.000 0.000 17.831 56.831 21.831 0.000 0.000 0.000 0.000 0.000 0.000 0.000 0.000 0.000 0.000 0.000 0.000 0.000 0.000 0.000 0.000 0.000 0.000 0.000 0.000 0.000 0.000 0.000 0.000 0.000 0.000 0.000 0.000 0.000 0.000
115.919 107.261 107.205 96.270 39.035 0.000 0.000 0.000 6.406 33.331 0.000 0.000 42.546 86.279 139.968 75.706 0.000 0.000 0.000 0.000 0.000 80.679 115.655 45.629 42.607 0.000 0.000 0.000 57.031 51.026 49.022 47.023 35.023 0.000 0.000 0.000 0.000 0.000 0.000 0.000 12.831 70.831 28.831 0.000 0.000 0.000 0.000 0.000 0.000 0.000 0.000 0.000 0.000 0.000 0.000 0.000 0.000 0.000 0.000 0.000 0.000 0.000 0.000 0.000 0.000 0.000 0.000 0.000 0.000 0.000 0.000 0.000 0.000
