results1/res_4e8f-0102.wd
ncols         241
nrows         181
xllcorner     12693529.787448
yllcorner     3542525.717860
cellsize      155.156523
NODATA_value  -9999.000000
[rows 0 to 32 of 181, columns 146 to 218 of 241]
0.000 0.000 0.000 0.000 0.000 0.000 0.000 0.000 0.000 0.000 0.000 0.000 0.000 0.000 4.089 14.978 15.793 15.561 15.300 15.027 14.756 14.501 14.272 14.076 13.916 13.792 13.700 13.636 13.595 13.573 13.563 18.559 0.000 0.000 0.000 0.000 0.000 0.000 0.000 0.000 0.000 0.000 0.000 0.000 0.000 0.000 0.000 0.000 0.000 4.157 11.156 0.000 0.000 26.075 31.075 0.000 0.000 0.000 0.000 0.000 0.000 0.000 0.000 0.000 0.000 0.000 0.000 0.000 0.000 0.000 0.000 0.000 0.000
0.000 0.000 0.000 0.000 0.000 0.000 0.000 0.000 0.000 0.000 0.000 0.000 0.000 0.000 15.200 16.052 15.840 15.589 15.313 15.025 14.740 14.474 16.239 15.040 13.881 13.760 13.672 13.612 13.577 13.560 13.557 18.556 0.000 0.000 0.000 0.000 0.000 0.000 0.000 0.000 0.000 0.000 0.000 0.000 0.000 0.000 0.000 0.000 1.160 23.158 0.000 0.000 5.079 38.076 32.075 0.000 0.000 0.000 0.000 0.000 0.000 0.000 0.000 0.000 0.000 0.000 0.000 0.000 16.971 0.000 0.000 0.000 0.000
0.000 0.000 0.000 0.000 0.000 0.000 0.000 0.000 0.000 0.000 0.000 0.000 0.000 18.768 17.458 16.192 15.925 15.642 15.338 15.019 14.706 16.417 16.169 13.966 13.809 13.694 13.615 13.565 13.540 13.534 15.548 9.552 0.000 0.000 0.000 0.000 0.000 0.000 0.000 0.000 0.000 0.000 0.000 0.000 0.000 0.000 0.000 0.000 13.164 0.000 0.000 0.026 31.081 0.000 0.000 0.000 0.000 0.000 0.000 0.000 0.000 0.000 0.000 0.000 0.000 0.000 0.000 0.000 19.971 0.000 0.000 0.000 0.000
0.000 0.000 0.000 0.000 0.000 0.000 0.000 0.000 0.000 0.000 0.000 0.000 2.185 18.077 16.673 16.332 16.027 15.718 15.376 15.009 15.646 15.321 14.052 13.845 13.694 13.591 13.528 13.494 13.484 19.490 0.000 0.000 0.000 0.000 0.000 0.000 0.000 0.000 0.000 0.000 0.000 0.000 0.000 0.000 0.000 0.000 0.000 0.000 57.166 0.000 0.000 6.084 33.085 0.000 0.000 0.000 0.000 0.000 0.000 0.000 0.000 0.000 0.000 0.000 17.001 0.000 0.000 9.974 18.973 19.972 0.000 0.000 0.000
0.000 0.000 0.000 0.000 0.000 0.000 0.000 0.000 0.000 0.000 0.000 7.850 1.149 2.123 16.823 16.437 16.133 15.825 15.440 14.994 15.550 15.168 13.875 13.667 13.531 13.451 13.411 13.400 14.411 15.450 0.000 0.000 0.000 0.000 0.000 0.000 0.000 0.000 0.000 0.000 0.000 0.000 0.000 22.178 17.178 0.000 0.000 13.169 41.169 0.000 0.000 0.000 33.090 0.000 0.000 0.000 0.000 0.000 0.000 0.000 0.000 0.000 32.006 36.004 38.001 0.000 0.000 22.975 17.974 17.972 27.972 0.000 0.000
0.000 0.000 0.000 0.000 0.000 0.000 0.000 0.000 0.000 0.000 10.461 3.115 1.552 1.084 1.047 14.458 16.244 16.010 15.565 16.978 16.390 13.927 13.611 13.418 13.313 13.269 13.265 13.285 19.311 0.000 0.000 0.000 0.000 0.000 0.000 0.000 0.000 0.000 0.000 0.000 0.000 0.000 0.000 2.178 23.179 15.180 13.181 0.000 26.173 0.000 0.000 0.000 18.096 31.099 22.101 20.101 29.100 0.000 0.000 0.000 0.000 0.000 32.008 34.005 39.000 17.993 6.986 23.979 26.976 0.000 0.000 0.000 0.000
0.000 0.000 0.000 0.000 0.000 0.000 0.000 0.000 0.000 0.000 6.782 3.547 3.229 2.760 0.261 0.439 9.372 17.408 16.831 16.962 14.107 13.539 13.226 13.080 13.034 13.046 13.095 13.163 8.237 0.000 0.000 0.000 0.000 0.000 19.235 52.235 0.000 0.000 0.000 0.000 0.000 0.000 0.000 0.000 23.179 36.180 71.182 33.182 34.177 5.176 0.000 0.000 15.098 34.102 19.102 15.102 32.100 0.000 0.000 0.000 0.000 0.000 19.014 25.009 21.002 20.994 24.986 27.979 35.975 0.000 0.000 0.000 14.871
0.000 0.000 0.000 0.000 0.000 0.000 0.000 0.000 0.000 29.789 30.339 7.003 2.660 2.951 2.684 0.613 0.275 4.669 17.389 14.930 13.539 12.894 12.674 12.644 12.695 12.789 13.906 11.034 0.000 0.000 0.000 0.000 0.000 0.000 0.000 40.236 47.237 29.237 21.237 0.000 0.000 0.000 0.000 0.000 0.000 0.000 64.187 43.187 0.000 0.000 0.000 0.000 0.000 27.108 42.106 40.104 42.100 34.093 26.083 29.072 28.060 37.045 41.027 38.015 39.005 38.995 33.985 28.977 25.971 0.000 0.000 0.000 0.000
0.000 0.000 0.000 0.000 0.000 0.000 0.000 0.000 23.706 41.239 42.783 32.377 9.049 1.511 2.662 0.634 2.189 6.668 5.386 14.833 12.223 11.824 11.932 12.126 12.314 13.507 13.706 0.000 0.000 0.000 0.000 0.000 0.000 0.000 0.000 0.000 38.238 48.238 53.238 0.000 0.000 0.000 0.000 0.000 0.000 0.000 36.192 28.191 33.192 0.184 0.000 0.000 11.120 39.116 24.112 18.108 25.103 37.095 25.086 24.075 33.062 42.048 29.033 25.020 28.008 33.996 39.985 41.973 39.961 25.946 16.935 0.000 8.881
0.000 0.000 0.000 0.000 0.000 0.000 0.000 19.660 29.173 44.678 42.176 42.671 35.164 11.660 0.767 4.186 13.564 6.045 1.954 2.662 5.695 10.246 11.104 11.614 11.929 17.218 0.000 0.000 0.000 0.000 0.000 0.000 0.000 0.000 0.000 0.000 5.240 51.239 4.238 0.000 0.000 0.000 0.000 0.000 0.000 32.204 42.198 18.195 34.194 54.194 0.000 0.000 17.125 41.123 20.119 14.114 17.108 30.100 19.091 19.080 21.067 23.053 20.039 21.025 15.011 18.998 24.984 25.971 23.957 32.941 34.925 37.905 45.887
0.000 0.000 0.000 0.000 0.000 0.000 24.632 23.147 46.647 43.125 42.571 41.969 42.276 37.369 19.859 11.643 7.237 0.000 0.000 4.020 2.161 2.919 10.624 11.299 16.569 0.000 0.000 0.000 0.000 0.000 0.000 0.000 29.248 0.000 0.000 0.000 12.242 52.241 0.000 0.000 0.000 0.000 0.000 0.000 27.217 71.211 4.202 7.197 29.195 56.194 0.000 0.000 14.134 39.132 19.128 12.123 15.116 17.108 13.098 12.086 19.073 35.059 18.044 14.030 28.015 24.000 20.985 27.969 27.954 30.937 39.920 43.902 30.886
0.000 0.000 0.000 0.000 0.000 28.548 17.117 45.649 44.145 43.602 43.013 42.359 41.603 41.681 38.521 24.295 3.746 0.000 0.000 45.091 4.112 0.000 0.000 13.389 9.479 0.000 0.000 0.000 0.000 0.000 0.000 0.000 25.248 20.248 29.248 41.247 45.245 35.244 0.000 0.000 0.000 26.236 41.234 46.230 70.224 26.220 0.000 0.000 31.195 19.195 0.000 0.000 17.145 44.142 31.138 15.133 63.126 91.117 40.107 16.095 32.081 79.067 31.051 8.035 73.019 46.002 20.986 27.969 29.952 19.935 28.917 41.899 24.882
0.000 0.000 0.000 0.000 0.000 17.978 39.639 46.189 44.681 44.126 43.521 42.851 42.095 41.229 41.259 40.228 29.487 4.320 49.719 46.849 0.028 0.000 0.000 0.000 0.000 0.000 0.000 0.000 0.000 0.000 0.000 24.248 20.249 25.249 39.249 49.248 33.247 20.246 0.000 0.000 0.000 35.238 34.236 30.233 69.229 29.226 0.000 0.000 10.196 2.195 0.000 10.166 38.159 40.155 34.151 22.146 21.139 54.130 95.118 33.106 26.091 83.075 34.059 8.041 80.024 50.006 12.988 14.970 20.952 11.933 25.915 24.896 12.878
0.000 0.000 0.000 0.000 22.331 32.748 48.273 45.785 45.263 44.701 44.093 43.429 42.696 41.897 40.974 40.256 39.127 51.475 51.140 0.348 0.043 3.728 0.000 0.000 0.000 0.000 0.000 0.000 0.000 40.248 43.248 25.249 24.249 39.250 49.251 35.251 18.248 20.247 20.249 18.250 16.248 28.243 31.240 41.236 81.233 15.229 0.000 0.000 47.198 0.000 0.000 7.174 37.171 37.169 24.165 16.160 12.153 22.144 19.132 59.119 90.103 107.086 88.068 77.049 103.029 97.010 87.991 33.971 13.952 30.932 25.913 14.893 9.874
0.000 0.000 0.000 23.393 32.913 50.411 46.919 46.415 45.886 45.323 44.721 44.072 43.383 42.581 42.065 39.741 51.491 51.493 35.626 18.024 5.208 0.000 0.000 0.000 0.000 0.000 0.000 0.000 0.000 0.000 0.000 4.250 42.251 46.252 38.254 23.256 0.000 0.000 0.000 22.254 18.252 28.248 27.244 50.240 47.238 0.000 0.000 0.000 50.200 0.000 0.000 5.185 35.184 47.184 26.182 32.178 55.171 32.162 14.149 38.134 61.117 95.098 61.078 41.057 89.036 79.015 53.994 22.973 8.953 79.932 47.912 19.891 9.871
0.000 0.000 0.000 28.873 48.518 48.063 47.577 47.071 46.541 45.984 46.392 45.777 44.060 43.673 41.141 51.501 51.489 39.136 40.771 38.465 22.456 3.454 0.000 0.000 0.000 0.000 0.000 0.000 0.000 0.000 0.000 0.000 10.252 42.254 20.257 18.265 24.273 0.000 0.000 23.261 21.257 27.252 28.248 50.243 46.240 0.000 0.000 10.205 57.203 0.000 0.000 7.196 38.198 41.200 22.201 22.199 68.193 103.183 52.169 20.152 36.133 83.111 43.089 10.066 76.043 63.020 20.998 12.976 5.954 86.932 50.911 22.890 23.868
0.000 0.000 29.326 46.709 50.223 48.745 48.256 47.751 47.226 47.675 46.110 45.453 45.155 42.631 51.776 51.580 40.568 41.411 40.464 30.886 11.668 0.000 0.000 0.000 0.000 0.000 0.000 0.000 0.000 0.000 0.000 0.000 0.000 0.000 0.000 23.273 20.281 19.285 21.282 23.271 19.264 27.258 29.252 41.245 37.240 0.000 18.209 51.206 2.205 0.000 0.000 7.207 34.211 40.219 26.224 11.224 13.219 38.208 25.192 7.173 25.151 80.127 36.101 2.076 73.050 58.026 16.002 11.978 7.956 85.933 50.911 22.889 13.865
0.000 28.480 41.943 51.413 49.921 49.438 48.951 48.451 48.931 48.404 46.788 46.541 44.020 52.535 52.102 42.097 43.128 41.031 28.288 0.000 0.000 0.000 0.000 0.000 0.000 0.000 0.000 0.000 0.000 0.000 0.000 0.000 0.000 0.000 0.000 0.000 27.294 37.293 48.289 36.280 25.269 29.264 26.257 31.247 24.236 43.222 61.212 49.208 0.000 0.000 0.000 6.214 32.221 37.240 43.253 41.256 29.251 19.238 32.220 64.198 83.172 104.144 84.115 67.086 101.058 94.031 76.005 35.981 8.958 83.935 55.912 27.889 14.865
25.453 37.017 51.554 51.080 50.608 50.136 49.658 50.166 49.669 48.086 47.877 45.369 53.602 53.044 43.550 44.748 45.725 23.940 0.000 0.000 0.000 0.000 0.000 0.000 0.000 0.000 0.000 0.000 0.000 0.000 0.000 0.000 0.000 0.000 0.000 0.000 25.308 29.306 47.300 6.290 0.000 36.272 27.265 30.249 26.234 14.219 33.211 48.205 35.202 0.000 0.000 0.000 0.000 40.266 42.294 35.298 23.290 32.274 83.253 74.226 55.196 56.163 57.129 57.096 57.064 58.035 60.009 30.984 10.960 82.936 58.913 21.891 15.874
28.890 52.580 52.177 51.743 51.296 50.842 50.376 49.909 49.358 49.181 46.691 54.800 54.191 44.894 46.175 45.235 40.810 0.493 0.000 0.000 0.000 0.000 0.000 0.000 0.000 0.000 0.000 0.000 0.000 0.000 0.000 0.000 0.000 0.000 0.000 0.000 26.324 37.322 21.318 0.000 0.000 33.287 30.284 0.000 0.000 18.210 32.206 47.201 44.199 13.197 0.000 0.000 0.000 0.000 9.358 24.352 8.338 69.317 70.291 19.259 25.223 67.183 38.142 10.104 56.069 46.038 26.011 23.986 14.962 82.938 53.914 10.889 11.865
46.637 54.234 52.833 52.418 51.992 52.555 51.119 50.601 50.461 47.995 56.044 55.417 45.149 47.463 46.521 46.967 16.380 0.000 0.000 0.000 0.000 0.000 0.000 0.000 0.000 0.000 0.000 0.000 0.000 0.000 0.000 0.000 0.000 0.000 0.000 0.000 46.343 44.338 48.333 45.330 41.321 41.306 35.299 0.000 0.000 18.206 31.201 49.196 56.195 19.196 0.000 0.000 0.000 0.000 3.429 16.414 36.392 83.365 46.334 6.298 74.256 75.203 24.154 11.110 32.070 88.038 47.011 14.987 14.965 77.942 95.916 82.885 87.834
56.271 53.888 53.501 53.105 52.696 54.290 51.806 51.709 49.278 57.308 56.673 40.343 44.617 48.732 45.256 22.602 0.000 0.000 0.000 0.000 0.000 0.000 0.000 0.000 0.000 0.000 0.000 0.000 0.000 0.000 0.000 0.000 0.000 0.000 0.000 45.384 44.368 45.356 47.346 46.337 44.327 45.316 38.309 0.000 0.000 19.207 31.197 54.187 27.191 0.000 0.000 0.000 0.000 1.574 31.514 10.485 75.453 69.419 13.383 69.344 82.298 31.221 19.162 22.112 17.065 48.033 87.009 43.988 6.969 77.948 80.922 54.904 0.000
46.892 53.545 54.180 53.800 53.420 52.964 52.907 50.511 58.539 57.946 23.480 28.715 31.670 50.376 34.034 0.000 0.000 0.000 0.000 0.000 0.000 0.000 0.000 35.978 24.977 0.000 0.000 0.000 0.000 0.000 0.000 0.000 0.000 0.000 0.000 22.401 16.388 19.372 23.358 18.346 17.335 16.323 18.311 22.293 16.255 9.218 24.193 3.163 0.000 0.000 0.000 0.000 0.000 3.629 26.594 17.557 18.517 18.475 10.435 31.398 32.372 0.000 0.000 0.000 23.043 16.022 38.004 30.988 12.975 45.961 0.000 0.000 0.000
25.548 41.221 53.871 56.517 54.081 54.051 51.658 59.552 59.085 32.371 0.000 42.000 0.000 53.943 22.489 0.000 0.000 0.000 0.000 0.000 0.000 0.000 0.000 42.979 36.976 0.000 0.000 0.000 0.000 0.000 0.000 0.000 0.000 8.559 0.000 23.433 19.410 19.387 19.369 19.355 19.342 19.331 19.321 21.312 0.000 0.000 0.000 25.111 0.000 0.000 0.000 0.000 4.701 35.701 23.676 22.635 14.582 15.530 15.484 13.443 27.420 0.000 0.000 0.000 0.000 19.009 13.997 26.987 25.981 0.000 0.000 0.000 0.000
17.248 24.917 47.584 52.183 55.164 52.727 60.235 59.934 39.169 14.987 0.000 58.599 56.510 42.973 0.000 0.000 0.000 0.000 0.000 0.000 0.000 0.000 46.000 51.984 22.972 0.000 0.000 0.000 0.000 0.000 0.000 0.000 0.000 25.560 23.538 20.487 19.432 16.398 20.376 20.362 20.349 20.338 20.330 23.324 0.000 0.000 0.000 23.060 23.041 0.000 0.000 0.000 0.000 22.800 15.775 14.725 13.647 13.580 13.527 13.472 14.445 23.445 0.000 0.000 0.000 0.000 19.987 22.984 20.981 0.000 0.000 0.000 15.666
20.968 31.626 36.273 34.194 45.776 60.564 60.445 44.072 22.855 16.371 0.000 38.263 50.959 24.466 0.000 0.000 0.000 0.000 34.146 40.135 32.112 30.064 39.016 31.986 21.956 0.000 0.000 0.000 0.000 0.000 0.000 0.000 0.000 23.582 20.567 19.547 0.000 0.000 25.376 19.367 19.355 19.344 19.335 20.329 0.000 0.000 0.000 24.026 23.024 0.000 0.000 0.000 19.923 15.923 15.900 15.842 14.702 14.618 18.572 0.000 0.000 0.000 0.000 0.000 0.000 0.000 19.982 14.980 14.979 15.977 0.000 0.000 17.666
32.651 46.315 22.054 20.946 60.598 60.601 46.986 33.736 30.097 34.953 0.000 5.233 40.596 0.000 0.000 0.000 0.000 30.170 34.158 36.147 34.136 0.000 0.000 0.000 33.912 17.868 0.000 0.000 0.000 0.000 0.000 0.000 0.000 33.619 30.603 5.586 0.000 0.000 38.386 24.375 20.361 19.347 23.339 0.332 0.000 0.000 36.981 17.997 22.003 0.000 0.000 0.000 0.000 21.071 16.060 20.042 0.000 0.000 0.000 0.000 0.000 0.000 0.000 0.000 0.000 0.000 19.978 14.977 14.977 19.976 0.000 0.000 0.000
53.304 41.911 21.997 17.522 60.527 21.952 27.700 29.956 33.660 52.275 61.771 49.841 0.000 0.000 0.000 0.000 28.193 22.182 28.170 43.158 42.151 0.000 0.000 0.000 0.000 34.824 0.000 0.000 0.000 19.821 0.000 0.000 35.715 34.673 40.640 33.608 0.000 52.433 49.407 47.386 45.366 37.346 18.334 5.334 0.000 12.961 65.966 19.976 20.989 0.000 0.000 0.000 0.000 26.231 12.227 17.223 0.000 0.000 0.000 0.000 0.000 0.000 0.000 0.000 0.000 15.974 17.975 19.976 13.975 18.976 0.000 0.000 0.000
61.839 48.955 31.274 59.964 17.894 19.706 18.903 18.572 28.169 55.739 51.195 22.518 0.000 0.000 27.252 0.000 35.205 27.195 38.182 33.166 12.158 0.000 0.000 0.000 0.000 38.780 14.768 0.000 0.000 15.821 23.822 27.802 29.758 31.718 21.676 18.600 26.515 26.458 46.425 29.398 23.370 21.337 1.311 0.000 0.000 7.956 75.948 31.952 0.000 0.000 0.000 0.000 0.000 39.394 12.396 19.402 0.000 0.000 0.000 0.000 0.000 0.000 0.000 0.000 0.000 17.974 32.974 30.974 23.975 0.000 0.000 0.000 0.000
59.848 58.100 59.363 36.737 24.674 20.846 20.511 19.114 25.730 41.312 36.754 0.000 0.000 0.000 30.252 51.245 46.226 47.211 29.196 0.000 0.000 0.000 0.000 0.000 29.735 20.749 12.757 0.000 0.000 0.000 27.843 31.826 31.797 31.767 15.745 0.000 22.487 23.460 47.436 33.411 27.378 13.313 20.225 35.136 55.046 43.960 67.915 32.934 0.000 0.000 0.000 0.000 0.000 37.556 13.561 14.586 19.666 0.000 0.000 0.000 0.000 0.000 0.000 0.000 0.000 0.000 36.974 33.974 0.000 0.000 0.000 0.000 0.000
57.881 59.249 58.518 57.564 39.737 19.413 20.026 20.667 19.322 22.027 0.000 0.000 0.000 0.000 46.260 36.255 34.245 30.228 0.000 0.000 0.000 0.000 0.000 30.718 21.721 17.725 0.740 0.000 0.000 0.000 27.881 35.863 44.836 43.810 45.793 33.799 0.000 0.000 50.448 34.434 8.418 0.000 23.195 33.136 60.043 21.924 5.821 0.000 0.000 0.000 0.000 0.000 0.000 28.714 15.707 16.717 19.746 0.000 0.000 0.000 0.000 0.000 0.000 0.000 0.000 0.000 0.000 0.000 0.000 0.000 0.000 0.000 0.000
59.246 58.239 60.374 60.561 44.258 20.883 23.538 23.203 20.865 21.446 0.000 26.287 0.000 0.000 40.274 40.273 47.270 0.000 0.000 4.944 0.000 0.000 0.000 25.715 19.708 13.701 0.000 0.000 0.000 0.000 25.937 26.908 28.874 27.842 25.818 17.806 0.000 0.000 52.473 38.459 23.443 0.000 22.225 33.169 57.068 12.872 8.623 0.000 0.000 0.000 0.000 0.000 0.000 35.879 14.838 16.827 16.856 17.925 21.951 0.000 0.000 0.000 0.000 0.000 0.000 0.000 0.000 0.000 0.000 0.000 0.000 0.000 0.000
58.897 61.111 60.320 61.040 34.682 25.352 45.037 38.741 20.489 0.000 0.000 23.287 38.289 43.291 29.289 50.292 42.292 0.000 0.000 18.944 49.945 1.934 0.000 26.718 20.695 17.670 0.000 0.000 34.189 30.124 26.023 27.960 32.910 32.868 30.832 41.801 33.772 0.000 52.513 44.487 44.452 36.397 17.310 35.247 43.190 0.000 11.176 0.000 0.000 0.000 0.000 0.000 1.360 40.084 11.940 13.898 14.927 15.969 20.977 0.000 0.000 0.000 0.000 0.000 0.000 0.000 0.000 0.000 0.000 0.000 0.000 0.000 0.000
