results1/res_4e8_norain-0019.wd
ncols         241
nrows         181
xllcorner     12693529.787448
yllcorner     3542525.717860
cellsize      155.156523
NODATA_value  -9999.000000
[rows 132 to 164 of 181, columns 0 to 74 of 241]
44.732 49.734 53.737 53.741 55.747 55.754 49.763 40.774 26.787 15.801 14.818 15.837 14.859 13.884 18.913 32.945 43.982 49.023 49.069 46.120 38.177 29.241 20.317 14.396 19.502 21.600 20.702 21.821 19.907 14.979 29.049 52.124 19.225 0.000 0.000 0.000 0.000 12.932 24.933 21.942 23.944 29.933 47.910 33.890 17.876 16.864 16.855 28.848 49.845 0.000 0.000 0.000 0.000 0.000 0.000 0.000 0.000 0.000 0.000 0.000 0.000 0.000 0.000 0.000 0.000 0.000 0.000 37.825 60.705 64.607 64.492 74.570 102.028 92.359 92.300
22.776 24.777 27.780 33.785 43.791 49.798 54.807 54.818 47.830 33.845 22.862 16.881 20.904 27.930 40.959 55.993 55.030 52.071 52.116 55.166 55.222 51.283 39.352 27.427 19.513 14.599 15.686 14.775 15.850 23.914 45.967 54.005 0.000 0.000 0.000 0.000 0.000 0.000 16.927 25.921 26.918 23.902 24.855 34.831 29.817 22.810 26.807 34.806 47.805 0.000 0.000 0.000 0.000 0.000 0.000 0.000 0.000 0.000 0.000 0.000 0.000 0.000 0.000 0.000 0.000 0.000 45.070 66.944 62.811 71.774 62.827 102.176 90.925 92.412 97.655
14.820 14.821 14.824 16.829 21.835 25.842 32.851 41.862 49.874 52.888 46.905 44.924 46.947 49.973 49.003 42.037 33.075 31.116 31.161 36.209 42.262 49.320 52.383 51.451 40.523 30.598 25.672 23.743 32.807 48.860 49.901 35.926 0.000 0.000 0.000 0.000 0.000 0.000 0.000 26.899 5.908 0.000 8.779 23.761 38.754 42.754 44.758 45.763 41.766 0.000 0.000 0.000 0.000 0.000 0.000 0.000 0.000 0.000 0.000 0.000 0.000 0.000 29.679 0.000 65.425 87.346 120.168 76.111 71.143 52.084 88.135 92.604 92.488 101.244 90.750
15.864 15.866 15.868 15.873 14.879 13.886 15.895 20.905 26.917 36.931 46.947 48.966 41.988 32.015 26.046 18.080 14.118 14.159 14.203 16.249 21.300 27.353 34.410 46.471 51.534 53.598 52.661 48.721 51.775 44.820 26.854 18.873 0.000 0.000 0.000 0.000 0.000 0.000 0.000 25.868 0.000 0.000 1.681 26.680 45.686 53.696 39.711 42.723 28.731 0.000 0.000 0.000 0.000 0.000 0.000 0.000 0.000 0.000 0.000 0.000 0.000 16.679 35.679 108.623 137.510 120.368 103.897 102.818 94.472 93.115 92.957 92.788 58.021 102.925 94.507
15.908 15.910 15.913 15.917 15.923 15.930 15.939 14.949 14.960 17.973 23.988 23.005 19.027 15.054 15.085 15.121 16.160 16.201 16.243 16.288 15.335 14.384 16.436 22.490 29.545 38.601 46.655 42.707 31.753 19.793 15.823 20.842 28.845 4.852 0.000 0.000 0.000 0.000 7.810 28.839 0.000 0.000 20.573 52.595 54.613 33.636 36.666 35.689 23.706 12.705 0.000 0.000 0.000 0.000 0.000 0.000 0.000 0.000 0.000 0.000 0.000 0.000 60.736 66.657 62.625 63.765 61.724 93.537 93.405 93.265 60.428 63.189 65.044 66.696 16.654
15.953 15.954 15.957 15.962 15.968 15.975 15.983 15.992 16.003 16.014 15.027 15.043 15.063 16.089 16.122 16.162 16.202 16.243 16.284 16.326 16.369 16.415 16.461 15.509 14.558 15.607 19.654 17.699 16.740 20.776 23.805 22.827 20.843 22.860 22.883 19.904 19.924 23.944 0.494 0.000 0.000 0.000 38.499 52.515 32.537 25.568 24.632 4.662 0.681 0.000 0.000 0.000 0.000 0.000 0.000 0.000 0.000 8.422 23.403 0.000 7.084 69.979 76.906 74.953 72.920 73.986 93.785 93.663 74.730 81.503 74.337 80.093 71.918 50.844 0.000
15.997 15.999 16.002 16.007 16.013 16.020 16.028 16.037 16.046 16.055 16.065 16.077 16.093 16.118 16.155 16.202 16.245 16.286 16.325 15.364 22.404 24.445 16.487 15.530 14.573 15.615 17.657 20.697 23.734 22.767 17.796 18.821 25.842 28.864 24.886 18.907 15.926 24.939 0.000 0.000 0.000 33.382 42.410 29.431 21.453 41.470 0.000 0.000 0.000 0.000 0.000 0.000 0.000 0.000 0.000 0.000 18.487 60.442 89.386 50.289 83.122 91.262 88.196 87.268 94.127 94.017 93.903 86.846 88.702 88.385 87.230 86.145 4.046 0.000 0.000
16.042 16.044 16.047 16.052 16.058 16.066 16.074 16.082 16.090 16.098 19.104 19.110 17.117 21.138 19.180 16.248 16.293 16.331 15.367 13.402 24.439 32.476 18.513 15.551 17.589 20.627 22.664 21.699 18.733 20.764 25.793 27.819 28.844 28.868 23.892 17.915 26.935 45.949 0.000 0.000 0.000 7.355 30.330 27.349 31.374 51.391 0.000 0.000 0.000 0.000 0.000 0.000 0.000 0.000 0.000 16.587 68.535 84.471 87.387 92.360 89.494 86.471 94.431 94.334 94.234 86.205 86.971 87.823 87.488 87.446 80.364 57.255 0.000 0.000 0.000
16.087 16.088 16.092 16.097 16.104 16.113 16.122 16.130 16.137 17.142 24.144 24.142 1.140 0.000 0.000 20.319 14.349 17.381 23.411 26.441 26.474 22.508 18.541 19.575 22.608 21.640 20.673 22.705 26.736 26.766 28.794 27.821 18.847 13.873 15.900 28.927 47.953 57.974 0.000 0.000 0.000 0.000 38.206 40.261 47.306 46.330 0.000 0.000 0.000 0.000 0.000 0.000 0.000 0.000 20.701 64.648 86.560 89.564 88.636 88.623 87.699 94.618 94.526 86.455 87.235 88.074 87.844 87.684 87.627 79.549 71.500 0.000 0.000 0.000 0.000
16.131 16.133 16.136 16.142 16.150 16.160 16.171 16.181 16.189 18.192 27.189 38.176 14.163 0.000 0.000 5.362 31.406 23.433 21.457 21.480 19.511 18.542 20.571 22.599 20.628 16.656 18.684 30.713 32.741 22.770 16.798 13.825 13.852 18.880 32.909 48.941 45.977 30.022 2.087 0.000 0.000 8.864 38.030 20.184 11.261 3.295 0.000 0.000 0.000 0.000 0.000 0.000 0.000 13.821 64.761 86.661 88.841 87.826 87.925 94.887 94.799 94.710 86.543 88.397 88.092 87.949 87.879 87.792 81.704 68.630 58.588 0.000 0.000 0.000 0.000
16.176 16.177 16.180 16.186 16.196 16.209 16.223 16.235 16.245 18.251 28.245 15.212 0.000 0.000 0.000 0.000 27.481 19.492 21.504 20.511 18.551 21.578 22.603 19.626 16.650 12.674 22.697 36.722 23.748 13.777 14.804 19.831 29.858 40.887 51.917 44.952 22.996 18.055 37.150 44.314 45.490 49.700 24.866 0.028 0.000 0.000 0.000 0.000 0.000 0.000 0.000 0.000 18.935 64.861 86.861 89.032 88.051 95.134 95.054 94.972 86.857 87.630 88.491 88.171 88.137 88.061 87.971 88.867 76.777 47.680 36.634 0.000 0.000 0.000 0.000
15.222 15.221 16.221 16.227 16.241 16.259 16.278 16.294 16.309 19.321 29.330 0.349 0.000 0.000 0.000 0.000 16.547 18.551 6.557 0.000 26.606 21.619 17.636 16.655 14.673 16.692 32.711 35.731 17.755 20.787 32.813 41.839 50.865 48.893 36.922 22.957 15.999 32.056 36.143 24.304 5.458 3.580 0.103 0.044 0.000 0.000 0.000 8.506 3.506 0.000 0.000 13.031 65.042 88.131 89.146 87.250 95.290 95.212 87.066 87.851 88.700 88.486 88.343 88.298 88.227 88.160 91.077 54.933 34.854 0.000 0.000 0.000 0.000 0.000 0.000
24.270 22.266 19.259 17.263 14.282 14.312 14.336 14.356 13.375 18.396 30.425 13.479 0.000 2.639 20.642 16.636 13.611 19.608 14.619 1.649 21.650 15.658 14.671 14.684 16.699 30.712 38.726 4.737 0.000 46.805 51.823 46.847 35.872 25.898 17.925 13.955 24.990 37.028 5.064 0.000 0.000 0.000 0.111 0.152 0.000 0.000 0.507 28.507 12.506 0.000 0.000 45.284 87.322 86.442 95.522 95.445 95.368 87.130 88.984 88.690 88.560 88.507 90.442 85.370 87.320 88.277 99.245 0.000 0.000 0.000 0.000 0.000 0.000 0.000 0.000
25.323 27.315 33.286 34.287 34.313 31.371 32.400 31.422 30.442 30.466 32.497 15.542 19.602 18.637 15.652 18.656 18.653 17.655 22.664 24.679 18.687 12.695 14.705 16.715 30.725 35.735 24.744 18.757 27.781 50.805 33.830 24.857 16.880 14.903 16.926 15.951 29.979 39.004 3.022 0.000 0.000 0.000 1.339 0.140 1.504 7.510 9.510 2.509 0.000 0.000 23.502 65.559 95.743 95.670 95.597 87.414 88.190 89.055 88.742 88.716 89.650 89.581 62.515 40.430 75.405 89.384 94.382 34.430 0.000 0.000 0.000 0.000 0.000 0.000 0.000
18.387 12.385 0.000 0.000 0.000 23.461 20.474 20.489 20.507 24.529 33.556 14.590 15.628 14.658 17.676 21.686 22.692 20.698 19.706 22.716 23.724 20.732 14.740 31.748 37.754 28.758 34.760 51.767 48.783 30.807 18.835 14.871 16.892 16.909 15.926 20.945 36.971 38.991 30.998 33.984 4.980 0.000 0.000 0.000 6.515 13.515 3.513 0.510 0.000 18.572 66.698 95.886 95.815 87.605 88.384 89.237 89.029 88.892 88.853 89.783 87.718 81.653 6.610 0.000 57.486 92.473 89.468 88.479 0.000 0.000 0.000 0.000 0.000 0.000 0.000
16.455 8.456 0.000 0.000 0.000 19.539 15.546 15.556 15.570 19.588 33.610 11.637 15.666 19.690 21.709 22.722 19.731 16.739 14.747 16.756 26.763 39.771 34.778 35.784 12.788 6.786 58.772 44.771 11.776 0.000 0.000 19.900 16.908 16.918 18.926 11.935 0.000 0.000 0.000 37.976 13.977 0.000 0.000 0.000 2.523 7.523 1.516 6.507 6.561 44.726 95.995 86.843 90.552 89.422 89.216 89.084 89.037 88.978 89.912 89.852 54.789 30.701 16.663 19.641 70.581 91.553 87.541 78.539 0.000 0.000 0.000 0.000 0.000 0.000 0.000
16.524 16.528 0.000 0.000 0.000 20.613 16.616 16.622 15.631 16.644 31.661 18.684 21.708 23.731 22.749 17.763 14.773 15.782 15.790 14.798 24.805 47.811 43.818 30.823 23.827 14.829 0.000 0.000 0.000 0.000 0.000 21.923 16.926 18.929 1.926 0.000 0.000 0.000 0.000 16.969 0.000 0.000 0.000 2.532 9.532 5.537 0.000 0.000 0.436 44.101 96.128 89.732 89.458 89.260 89.221 89.162 89.098 89.036 86.977 77.923 10.885 0.000 27.699 86.679 91.644 89.619 83.603 73.596 0.000 0.000 0.000 0.000 0.000 0.000 0.000
13.591 15.605 12.643 0.000 0.000 20.685 15.684 13.685 15.689 19.696 23.709 22.729 22.754 20.777 14.795 15.809 15.819 16.828 16.835 21.842 39.848 38.854 31.860 40.866 38.871 9.874 0.000 0.000 0.000 0.000 0.000 21.944 16.945 19.946 0.000 0.000 0.000 12.962 32.961 1.963 0.000 0.000 0.000 0.000 1.538 1.561 1.622 0.442 0.711 96.502 96.316 88.659 89.461 89.338 89.280 89.217 89.156 91.096 76.036 58.979 18.943 0.000 42.756 72.731 81.700 90.674 79.656 68.648 0.000 0.000 0.000 0.000 0.000 0.000 0.000
20.646 18.660 7.682 0.000 6.789 14.760 16.751 20.748 21.746 22.745 20.752 21.772 19.804 15.829 15.847 16.859 16.869 15.876 17.882 40.888 39.893 21.898 34.904 32.911 36.918 34.925 0.000 0.000 0.000 0.000 0.000 17.967 16.965 16.966 11.974 3.975 20.971 19.964 13.961 35.960 0.000 0.000 0.000 0.000 0.242 0.000 0.000 24.021 48.310 96.635 91.058 90.728 90.443 89.402 89.336 89.274 90.213 88.154 43.093 20.013 31.967 32.918 86.839 88.790 68.752 78.722 73.701 46.693 11.703 0.000 0.000 0.000 0.000 0.000 0.000
21.688 22.707 19.746 7.803 21.819 21.818 21.815 22.811 22.802 23.788 35.781 17.805 15.864 15.890 16.905 16.915 16.922 17.927 31.931 42.935 17.939 21.944 48.950 40.957 28.967 31.983 35.018 19.034 24.037 39.030 32.015 19.993 12.984 12.982 23.982 39.981 26.975 0.000 0.000 25.956 14.955 0.000 0.000 0.149 0.150 0.000 0.000 39.139 91.390 96.727 88.025 90.625 91.524 89.457 89.393 89.330 82.270 72.214 29.171 0.107 8.993 9.949 70.891 112.839 93.795 69.760 61.734 40.719 49.715 2.714 0.000 0.000 0.000 13.170 55.170
26.712 26.737 22.795 22.844 22.869 23.878 23.881 19.879 16.866 15.827 0.000 0.000 19.956 16.964 16.970 16.975 15.978 18.981 42.982 28.984 13.986 19.990 36.995 54.002 49.011 46.023 44.040 40.049 36.049 35.040 43.023 40.007 33.998 29.996 32.995 36.993 0.000 0.000 0.000 0.000 0.000 0.000 0.000 2.446 0.206 0.000 0.000 38.335 96.911 96.818 90.930 92.718 89.576 89.514 90.447 86.383 70.321 63.263 69.207 75.150 59.062 80.997 95.936 112.880 121.831 105.789 67.756 72.734 47.723 0.000 0.000 0.000 0.000 0.000 4.171
0.000 0.000 26.852 21.911 21.936 16.946 13.954 15.959 10.959 0.000 0.000 0.000 21.043 17.040 17.039 17.038 17.037 35.036 42.035 15.034 17.034 17.036 20.041 26.047 28.054 28.062 24.069 27.073 43.071 36.060 27.032 30.015 37.007 41.011 44.008 41.006 16.008 0.000 0.000 0.000 0.000 0.000 0.000 0.000 0.000 0.000 8.285 68.520 97.004 88.335 91.980 91.689 89.640 89.568 90.500 85.435 72.370 38.308 45.246 88.181 99.109 131.041 121.977 93.916 81.860 98.810 77.769 71.738 46.720 0.000 0.000 0.000 0.000 0.000 9.173
0.000 0.000 0.000 31.015 16.018 14.018 16.032 16.044 17.054 0.000 0.000 10.176 18.133 17.116 17.108 17.103 19.099 43.094 28.088 14.083 17.080 17.081 17.086 16.092 16.097 16.102 15.105 22.105 51.103 30.099 0.000 0.000 0.000 32.032 42.023 26.015 31.012 18.011 0.000 0.000 0.000 0.000 0.000 0.000 0.000 0.000 26.469 97.199 97.100 91.201 92.886 88.763 89.692 89.621 89.552 89.485 76.419 39.353 54.288 91.221 87.151 121.082 116.014 84.948 89.884 75.824 56.771 74.729 52.701 0.000 0.000 0.000 0.000 0.000 8.175
15.327 11.324 0.000 23.116 33.105 34.078 15.113 27.134 34.160 10.219 8.237 18.220 17.200 17.186 17.176 17.169 36.161 40.153 15.143 17.133 16.125 15.124 17.133 17.140 17.143 17.145 16.144 24.142 53.138 34.135 0.000 0.000 4.092 29.066 42.036 21.022 11.017 0.000 0.000 0.000 0.000 0.000 0.000 0.000 0.000 5.434 67.660 97.300 88.522 92.159 91.874 89.820 89.744 89.672 89.603 90.534 81.466 70.399 93.332 118.263 106.193 123.122 120.050 113.977 120.904 86.831 63.763 73.705 81.655 10.605 0.000 0.000 0.000 0.000 9.178
17.333 16.321 11.291 17.230 16.211 0.000 38.210 30.219 17.236 18.261 18.273 17.270 17.261 17.252 17.244 20.236 43.227 26.215 16.200 17.182 23.165 31.157 17.183 15.192 17.193 16.191 19.187 43.181 51.175 26.169 14.168 2.150 24.121 23.103 0.000 0.000 0.000 0.000 0.000 0.000 0.000 0.000 0.000 0.000 8.614 65.689 87.841 97.403 89.466 90.053 89.944 89.868 89.795 89.723 89.652 90.583 81.514 64.446 60.377 93.308 83.237 97.163 100.088 88.008 89.923 61.833 38.747 52.673 119.610 72.555 7.501 0.000 19.213 40.196 77.183
17.350 17.340 17.323 17.302 17.299 11.322 27.298 43.297 19.306 16.318 17.326 17.327 17.324 17.319 16.313 39.306 41.297 15.283 17.262 18.230 15.197 0.000 36.254 31.253 18.248 16.240 34.232 53.222 37.212 17.201 17.187 18.162 21.138 25.125 0.000 0.000 0.000 0.000 0.000 0.000 0.000 0.000 0.000 0.000 31.800 88.907 97.615 97.508 89.365 90.136 89.988 89.918 89.844 89.772 89.701 88.631 73.562 75.494 95.424 114.354 113.282 118.208 123.130 110.045 107.948 94.832 43.719 41.629 117.560 81.503 19.448 12.339 77.231 110.194 129.179
17.380 17.368 17.359 17.359 17.363 17.370 17.367 28.368 43.373 19.381 16.387 17.390 17.390 15.388 23.385 44.380 24.372 16.359 18.336 16.282 0.000 0.000 24.328 25.318 31.306 30.293 38.280 37.266 18.253 16.238 18.217 21.175 26.147 26.136 0.000 0.000 0.000 0.000 0.000 0.000 0.000 0.000 0.000 0.000 40.191 94.204 97.725 88.779 90.394 90.100 90.044 89.966 89.892 89.820 89.749 89.680 75.611 71.542 92.473 93.403 93.331 96.257 96.179 95.093 99.993 72.830 48.666 63.566 78.496 17.452 0.000 0.000 21.178 47.169 69.165
17.424 19.393 19.388 17.415 17.424 17.430 17.432 17.435 28.440 43.447 19.453 14.458 14.460 31.461 43.460 37.457 14.454 17.448 13.442 0.000 0.000 10.458 17.413 17.388 23.367 40.347 40.329 33.312 26.296 18.282 5.271 0.000 40.140 20.136 0.000 0.000 0.000 0.000 0.000 0.000 0.000 0.000 0.000 0.000 13.915 97.959 97.840 89.630 90.295 90.165 90.088 90.012 89.938 89.867 89.797 90.728 85.659 75.591 70.523 69.454 69.383 69.311 69.236 73.158 47.100 0.000 16.550 72.475 68.408 29.357 0.000 0.000 20.135 66.139 44.143
18.500 0.000 0.000 17.488 16.491 15.495 15.497 14.501 14.507 27.515 42.522 35.529 42.533 44.536 31.537 15.538 22.538 22.540 10.543 0.000 0.000 21.504 17.480 19.454 43.428 50.403 28.379 19.357 26.338 33.324 21.316 0.000 0.047 18.134 0.000 0.000 0.000 0.000 0.000 0.000 0.000 0.000 0.000 0.000 3.515 98.078 94.966 90.565 90.274 90.212 90.131 90.056 89.983 89.912 89.843 89.776 90.708 89.641 87.574 86.506 86.437 87.368 89.297 63.201 5.151 0.000 1.469 57.374 88.306 79.210 52.093 28.058 45.089 48.108 6.125
17.578 16.603 0.000 16.561 27.560 31.561 35.563 40.567 43.573 44.584 44.595 44.603 30.610 17.614 33.617 50.620 51.624 51.631 44.648 22.693 0.000 18.576 16.552 25.521 53.490 40.458 17.428 16.400 18.378 21.362 12.353 0.000 0.000 0.000 0.000 0.000 0.000 0.000 0.000 0.000 0.000 0.000 1.405 2.649 1.148 98.179 98.886 94.449 90.331 90.250 90.172 90.098 90.026 89.957 89.889 89.823 89.758 89.692 89.627 89.560 90.492 93.426 65.382 0.000 0.000 0.000 0.000 2.303 58.231 89.086 80.010 55.994 33.055 2.081 0.000
17.632 19.629 15.655 17.635 32.629 31.628 27.629 23.632 22.637 18.655 39.670 29.682 40.690 31.695 47.699 43.702 36.707 37.715 48.727 54.740 43.735 44.673 36.631 44.592 52.553 25.513 16.475 17.441 17.413 16.394 16.384 18.388 13.387 0.000 22.365 13.363 0.000 0.000 0.000 0.000 0.000 0.000 70.067 67.363 98.276 98.237 92.768 93.515 90.361 90.287 90.210 90.137 90.067 90.000 89.935 89.871 89.807 89.744 89.681 91.615 96.545 65.465 5.423 0.000 0.000 0.000 0.000 0.000 0.000 49.894 84.868 34.854 0.000 0.000 0.000
19.690 0.000 14.702 17.696 17.694 17.694 16.696 17.696 19.687 17.731 29.752 24.765 33.773 44.779 32.782 17.785 18.789 19.797 20.805 25.807 38.792 48.753 54.709 52.664 41.617 17.569 17.520 17.476 17.442 17.418 18.402 41.394 14.388 0.000 18.368 0.000 0.000 0.000 0.000 0.000 0.000 1.982 90.163 92.442 98.299 91.170 90.758 90.460 90.399 90.319 90.245 90.174 90.107 90.042 89.979 89.917 89.857 89.797 91.737 76.674 30.609 0.000 0.000 0.000 0.000 0.000 0.000 0.000 0.000 20.728 82.714 34.701 0.000 0.000 0.000
20.750 0.000 14.757 17.755 17.757 17.761 17.766 18.771 0.000 16.832 20.842 31.853 31.862 39.867 44.868 30.867 15.869 15.879 15.892 17.893 19.875 20.838 21.791 21.739 20.685 19.627 15.560 15.504 16.462 17.434 28.416 42.398 13.385 7.377 9.372 0.000 0.000 0.000 0.000 0.000 0.000 6.039 89.195 98.324 98.310 89.979 90.635 90.502 90.424 90.348 90.276 90.208 90.144 90.082 90.022 89.964 89.907 89.851 94.797 50.736 0.000 0.000 0.000 0.000 0.000 0.000 0.000 0.000 0.000 23.577 83.558 42.537 0.000 0.000 0.000
