results1/res_4e8f-0235.wd
ncols         241
nrows         181
xllcorner     12693529.787448
yllcorner     3542525.717860
cellsize      155.156523
NODATA_value  -9999.000000
[rows 132 to 164 of 181, columns 0 to 72 of 241]
96.424 101.423 105.423 105.422 107.421 107.420 101.418 92.416 78.414 67.412 66.409 67.405 66.402 65.398 70.393 84.388 95.383 100.376 100.369 97.361 89.351 80.339 71.324 65.307 70.284 72.255 71.222 72.184 70.152 65.123 79.094 102.066 69.043 0.000 0.000 0.000 8.828 60.822 72.817 69.798 71.783 77.776 95.777 81.783 65.792 64.804 64.819 76.835 97.853 38.873 11.896 6.930 0.000 0.000 0.000 0.000 0.000 0.000 0.000 0.000 0.000 0.208 3.208 1.208 28.208 8.133 12.057 52.961 75.821 79.723 79.617 89.705 117.172
74.428 76.428 79.428 85.427 95.426 101.424 106.423 106.421 99.419 85.416 74.413 68.410 72.406 79.402 92.398 107.393 106.387 103.380 103.373 106.364 106.354 102.342 90.328 78.312 70.291 65.267 66.241 65.213 66.187 74.163 96.141 104.123 16.112 0.000 0.000 0.000 18.834 46.840 64.865 73.862 74.851 71.840 72.844 82.850 77.857 70.866 74.876 82.887 95.901 36.917 22.936 28.964 8.993 0.000 0.000 0.000 0.000 0.000 0.000 0.000 0.000 0.000 0.000 0.000 10.283 0.000 60.081 82.004 77.886 86.861 77.927 117.292 106.053
66.433 66.433 66.433 68.432 73.431 77.429 84.428 93.426 101.424 104.421 98.418 96.415 98.411 101.407 100.403 93.398 84.392 82.385 82.378 87.370 93.360 100.348 103.335 102.320 91.302 81.282 76.261 74.239 83.219 99.200 100.185 86.174 19.169 0.000 0.000 0.000 0.000 0.000 47.941 74.933 53.919 41.889 56.909 71.917 86.922 90.926 92.931 93.938 89.946 16.957 3.968 31.996 29.022 17.049 23.061 17.065 0.000 0.000 0.000 0.000 0.000 0.000 44.497 14.447 80.358 102.294 135.151 91.127 86.181 67.141 103.208 107.732 107.642
67.439 67.438 67.438 67.437 66.436 65.435 67.433 72.431 78.429 88.427 98.424 100.421 93.417 83.413 77.408 69.403 65.398 65.391 65.384 67.376 72.367 78.356 85.344 97.331 102.315 104.299 103.282 99.265 102.249 95.235 77.224 69.219 48.222 6.243 0.000 0.000 0.000 0.000 41.025 74.011 17.001 0.000 49.987 74.986 93.986 101.986 87.985 90.985 76.990 34.997 1.011 59.030 28.050 20.065 31.069 31.070 2.072 0.000 0.000 0.000 0.000 31.600 50.547 123.489 152.413 135.296 118.853 117.801 109.473 108.114 107.995 107.868 73.091
67.444 67.444 67.443 67.443 67.442 67.440 67.439 66.437 66.435 69.432 75.430 74.426 70.423 66.419 66.414 66.410 67.404 67.398 67.391 67.384 66.375 65.365 67.355 73.343 80.330 89.316 97.302 93.289 82.276 70.266 66.258 71.255 79.256 55.264 33.271 33.263 19.240 20.197 56.123 77.085 27.074 9.089 69.064 101.056 103.051 82.046 85.039 84.029 72.030 61.040 12.040 40.051 14.083 2.092 15.078 2.074 4.073 2.068 0.000 0.000 0.000 12.655 75.601 81.522 77.511 78.672 76.647 108.434 108.334 108.228 75.430 78.211 80.085
67.450 67.449 67.449 67.448 67.447 67.446 67.445 67.443 67.441 67.438 66.436 66.433 66.429 67.425 67.421 67.416 67.411 67.406 67.399 67.392 67.384 67.376 67.366 66.356 65.345 66.334 70.323 68.312 67.302 71.294 74.288 73.285 71.285 73.287 73.286 70.278 70.259 74.229 49.185 35.130 24.122 42.130 87.126 101.121 81.115 74.108 73.095 53.062 49.062 12.093 0.149 0.000 2.141 4.141 0.000 0.000 8.081 23.062 38.018 7.955 21.876 84.733 91.722 89.796 87.783 88.866 108.622 108.530 89.669 96.462 89.320 95.095 86.940
67.456 67.455 67.455 67.454 67.453 67.452 67.451 67.449 67.447 67.445 67.442 67.439 67.436 67.432 67.428 67.424 67.419 67.414 67.408 66.402 73.395 75.387 67.379 66.370 65.361 66.351 68.342 71.334 74.326 73.320 68.316 69.313 76.312 79.311 75.309 69.302 66.291 75.274 6.258 0.000 9.152 82.182 91.188 78.187 70.182 90.176 36.170 0.000 0.000 2.198 3.227 3.226 3.197 4.192 0.000 0.000 33.107 75.081 104.038 64.977 97.865 106.025 102.990 102.082 108.879 108.797 108.712 101.749 103.630 103.330 102.194 101.129 19.048
67.462 67.461 67.461 67.460 67.460 67.459 67.457 67.456 67.454 67.452 70.449 70.446 68.443 72.439 70.435 67.431 67.427 67.423 66.418 64.412 75.406 83.399 69.392 66.384 68.376 71.369 73.361 72.355 69.349 71.344 76.341 78.339 79.338 79.338 74.336 68.332 77.327 96.320 15.314 0.000 0.000 56.259 79.258 76.256 80.250 100.243 34.240 0.000 3.277 3.253 3.259 3.254 3.229 5.237 0.000 31.204 83.161 99.115 102.051 107.054 104.223 101.215 109.103 109.032 108.958 101.052 101.841 102.717 102.401 102.375 95.310 72.220 0.000
67.468 67.468 67.467 67.467 67.466 67.465 67.464 67.463 67.461 68.459 75.456 75.453 52.450 20.446 41.442 71.439 65.436 68.432 74.428 77.422 77.417 73.411 69.405 70.398 73.392 72.386 71.380 73.375 77.371 77.368 79.366 78.365 69.364 64.365 66.365 79.364 98.364 108.364 30.365 0.000 0.000 31.335 87.332 89.327 96.319 95.307 31.308 0.000 3.302 1.301 2.301 3.303 0.000 9.289 35.288 79.254 101.185 104.210 103.305 103.312 102.407 109.237 109.172 101.251 102.054 102.920 102.710 102.568 102.528 94.463 86.423 0.000 0.000
67.474 67.474 67.474 67.473 67.473 67.472 67.471 67.470 67.468 69.466 78.464 89.461 65.457 2.454 8.448 56.448 82.445 74.442 72.438 72.434 70.429 69.424 71.418 73.413 71.407 67.402 69.398 81.394 83.391 73.389 67.389 64.389 64.390 69.392 83.394 99.397 96.400 80.406 52.418 20.444 14.445 58.415 87.406 69.402 60.392 52.358 17.375 1.414 1.350 22.341 13.342 3.354 0.000 28.344 79.328 101.257 103.464 102.464 102.579 109.424 109.364 109.302 101.309 103.197 102.912 102.789 102.737 102.667 96.594 83.533 73.498 0.000 0.000
67.481 67.481 67.481 67.480 67.480 67.479 67.478 67.477 67.476 69.475 79.473 66.470 22.464 4.465 0.000 24.458 78.456 70.453 72.449 71.445 69.441 72.436 73.432 70.427 67.423 63.418 73.415 87.412 74.411 64.410 65.411 70.413 80.415 91.419 102.423 95.428 73.435 68.444 87.456 94.470 95.476 99.473 74.476 35.482 7.489 0.000 1.555 1.560 0.000 35.356 22.372 2.419 33.439 79.391 101.424 103.625 102.651 109.586 109.535 109.481 101.570 102.372 103.265 102.966 102.954 102.897 102.825 103.736 91.659 62.576 51.537 9.537 3.537
66.488 66.488 67.487 67.487 67.487 67.486 67.486 67.485 67.484 70.483 80.482 51.481 0.000 10.477 48.478 50.471 67.467 69.464 57.460 39.457 77.453 72.449 68.445 67.441 65.437 67.434 83.431 86.430 68.429 71.430 83.432 92.435 101.440 99.445 87.451 73.458 66.467 82.478 86.490 74.504 55.516 53.527 41.541 21.562 10.594 4.659 2.675 22.690 17.708 0.000 0.000 27.483 79.543 102.666 103.699 101.820 109.684 109.636 101.728 102.542 103.424 103.233 103.114 103.093 103.043 102.994 105.926 69.797 49.728 0.000 0.000 0.000 0.000
75.495 73.495 70.494 68.494 65.494 65.494 65.494 65.493 64.492 69.492 81.491 64.491 45.492 53.488 71.485 67.481 64.478 70.475 65.472 52.469 72.465 66.462 65.459 65.455 67.452 81.449 89.447 55.445 47.446 97.448 102.452 97.457 86.463 76.470 68.477 64.486 75.497 87.510 55.524 30.540 13.558 4.577 21.600 20.629 10.665 11.708 14.734 42.745 26.727 0.000 0.000 59.778 101.822 100.957 109.819 109.776 109.731 101.762 103.659 103.387 103.282 103.254 105.213 100.165 102.137 103.111 114.090 0.000 0.000 0.000 0.000 0.000 0.000
76.503 78.502 84.500 85.500 85.501 82.501 83.501 82.501 81.501 81.500 83.500 66.499 70.499 69.496 66.494 69.491 69.489 68.486 73.483 75.481 69.478 63.475 65.472 67.469 81.466 86.463 75.461 69.460 78.461 101.465 84.471 75.478 67.486 65.494 67.503 66.513 80.525 89.539 53.556 29.575 17.597 19.623 22.654 14.690 15.731 21.772 23.807 16.830 0.001 0.000 38.020 80.040 109.935 109.899 109.860 101.991 102.800 103.701 103.412 103.411 104.371 104.328 77.286 55.227 90.227 104.223 109.233 49.291 0.000 0.000 0.000 0.000 0.000
69.512 63.510 16.505 18.505 27.508 74.509 71.510 71.510 71.509 75.509 84.508 65.508 66.507 65.505 68.503 72.501 73.499 71.497 70.495 73.493 74.490 71.488 65.486 82.483 88.480 79.476 85.473 102.472 99.474 81.480 69.490 65.499 67.507 67.516 66.526 71.538 87.551 89.567 81.585 84.607 55.633 17.664 9.702 8.747 20.795 27.844 17.893 14.940 6.970 33.140 81.189 110.003 109.971 102.129 102.941 103.831 103.646 103.534 103.521 104.476 102.438 96.400 21.381 0.000 72.324 107.321 104.328 103.349 0.000 0.000 0.000 0.000 0.000
67.522 59.522 0.000 0.517 9.518 70.518 66.518 66.518 66.518 70.518 84.517 62.516 66.516 70.514 72.513 73.511 70.510 67.508 65.506 67.505 77.503 90.501 85.499 86.497 63.494 57.490 109.484 95.481 62.482 22.490 42.509 70.520 67.529 67.538 69.549 62.561 46.575 36.592 48.612 88.635 64.663 17.699 12.744 7.800 16.857 21.917 15.981 21.039 21.123 59.268 110.052 101.315 105.056 103.963 103.779 103.671 103.650 103.616 104.577 104.543 69.506 45.454 31.455 34.464 85.422 106.409 102.411 93.426 11.461 0.000 0.000 0.000 0.000
67.532 67.533 50.538 0.527 10.527 71.527 67.527 67.527 66.527 67.526 82.526 69.525 72.525 74.524 73.523 68.521 65.520 66.519 66.518 65.517 75.516 98.514 94.513 81.512 74.510 65.505 41.491 30.485 17.484 0.000 23.537 72.543 67.550 69.559 52.570 26.582 11.597 8.614 50.634 67.657 36.685 8.723 11.777 16.851 23.915 19.987 14.075 7.152 10.443 58.493 110.115 104.203 103.967 103.790 103.777 103.744 103.706 103.671 101.639 92.610 25.589 0.000 42.522 101.513 106.493 104.481 98.479 88.485 6.496 0.000 0.000 0.000 0.000
64.541 66.542 63.543 0.000 6.537 71.537 66.536 64.536 66.536 70.535 74.535 73.534 73.534 71.533 65.532 66.532 66.531 67.530 67.529 72.529 90.528 89.528 82.528 91.528 89.528 60.529 0.000 0.000 0.000 0.000 21.560 72.563 67.569 70.578 41.588 3.601 37.616 63.634 83.654 52.676 4.697 0.762 0.829 5.913 15.966 16.044 16.145 10.378 6.985 110.293 110.207 103.108 103.958 103.860 103.829 103.793 103.759 105.726 90.696 73.670 33.650 9.643 57.598 87.574 96.556 105.544 94.539 83.539 5.542 0.000 0.000 0.000 0.000
71.549 69.550 58.550 0.000 57.546 65.546 67.545 71.545 72.545 73.544 71.544 72.544 70.543 66.543 66.542 67.542 67.541 66.541 68.541 91.540 90.541 72.541 85.542 83.544 87.547 85.553 48.570 4.579 13.585 43.585 48.580 68.581 67.586 67.594 62.605 54.618 71.633 70.651 64.672 86.695 34.718 0.788 0.854 9.939 14.993 13.070 14.164 38.306 62.694 110.375 105.431 105.184 104.925 103.915 103.877 103.843 104.810 102.778 57.749 34.723 46.700 47.680 101.653 103.630 83.613 93.601 88.594 61.591 26.590 0.000 0.000 0.000 0.000
72.557 73.557 70.558 58.560 72.556 72.555 72.554 73.554 73.553 74.553 86.553 68.553 66.552 66.552 67.552 67.552 67.552 68.552 82.552 93.552 68.553 72.554 99.555 91.558 79.562 82.568 85.577 69.584 74.589 89.591 82.592 70.595 63.600 63.608 74.619 90.631 77.647 49.665 21.687 76.714 65.751 14.808 17.865 22.929 18.996 10.082 12.148 53.428 105.675 110.452 102.411 105.066 105.996 103.961 103.926 103.892 96.859 86.828 43.799 14.772 23.748 24.725 85.702 127.681 108.664 84.652 76.644 55.640 64.638 17.638 0.000 3.854 7.854
77.565 77.565 73.565 73.565 73.564 74.563 74.563 70.563 67.562 66.562 29.562 19.562 70.562 67.562 67.562 67.562 66.562 69.562 93.563 79.563 64.564 70.566 87.568 104.570 99.574 96.579 94.586 90.591 86.596 85.599 93.602 90.606 84.612 80.620 83.630 87.643 49.658 13.676 12.698 28.724 24.762 9.813 18.861 28.915 24.984 16.082 9.242 52.496 110.594 110.525 105.303 107.150 104.040 104.010 104.974 100.940 84.907 77.876 83.847 89.819 73.794 95.770 110.748 127.728 136.712 120.699 82.691 87.686 62.685 0.000 0.000 0.000 0.000
16.572 17.572 77.571 72.572 72.572 67.572 64.571 66.571 61.571 14.571 14.571 3.571 71.571 67.571 67.572 67.572 67.572 85.573 92.573 65.574 67.576 67.577 70.579 76.582 78.586 78.590 74.595 77.599 93.604 86.607 77.611 80.616 87.622 91.630 94.639 91.651 66.666 31.684 14.704 13.721 0.000 2.821 13.849 22.889 6.936 0.000 22.457 82.705 110.661 102.641 106.371 106.110 104.096 104.056 105.021 99.987 86.954 52.922 59.892 102.864 113.838 145.814 136.792 108.772 96.755 113.742 92.733 86.729 61.730 0.757 0.000 0.000 0.000
3.580 12.579 26.577 81.579 66.580 64.580 66.580 66.580 67.580 14.580 5.580 60.580 68.581 67.581 67.581 67.582 69.582 93.583 78.584 64.585 67.586 67.588 67.590 66.593 66.596 66.600 65.604 72.608 101.612 80.616 11.620 19.624 31.630 82.637 92.646 76.657 81.672 68.690 20.712 17.735 2.766 7.800 20.827 12.854 0.000 0.000 40.626 110.790 110.726 105.524 107.267 103.177 104.140 104.102 104.066 104.032 90.998 53.966 68.936 105.908 101.881 135.856 130.833 99.812 104.795 90.781 71.772 89.767 67.769 1.782 0.000 0.000 0.000
65.589 61.589 0.000 73.589 83.588 84.588 65.588 77.588 84.589 60.589 58.589 68.589 67.590 67.590 67.591 67.591 86.592 90.593 65.594 67.595 66.597 65.599 67.601 67.604 67.607 67.610 66.613 74.617 103.620 84.624 30.628 3.632 54.637 79.643 92.650 71.659 61.673 20.694 13.719 16.740 14.764 22.787 26.805 0.830 0.000 19.541 81.797 110.851 102.777 106.502 106.246 104.226 104.185 104.147 104.110 105.075 96.042 85.009 107.978 132.949 120.921 137.895 134.871 128.850 135.831 101.816 78.805 88.799 96.798 25.802 0.000 0.000 0.000
67.597 66.598 61.601 67.598 66.597 14.597 88.597 80.597 67.597 68.597 68.598 67.598 67.599 67.600 67.600 70.601 93.602 76.603 66.604 67.605 73.607 81.609 67.611 65.614 67.616 66.619 69.622 93.625 101.628 76.632 64.635 52.639 74.643 73.647 34.652 19.658 16.665 0.000 5.729 5.744 6.761 7.780 9.793 0.000 22.584 79.749 101.930 110.910 103.739 104.384 104.308 104.267 104.228 104.190 104.153 105.118 96.083 79.051 75.019 107.989 97.960 111.933 114.908 102.884 104.863 76.846 53.833 67.825 134.822 87.825 22.836 12.843 34.849
67.605 67.605 67.606 67.605 67.605 61.605 77.605 93.605 69.606 66.606 67.607 67.607 67.608 67.609 66.610 89.611 91.612 65.613 67.614 68.615 65.617 27.619 86.621 81.624 68.626 66.629 84.631 103.634 87.637 67.639 67.642 68.645 71.648 75.651 12.653 13.655 0.000 2.724 17.726 0.000 0.744 0.000 0.000 0.000 45.687 102.876 111.023 110.967 103.623 104.460 104.345 104.310 104.270 104.231 104.194 103.159 88.124 90.091 110.058 129.027 127.998 132.969 137.942 124.916 122.893 109.872 58.856 56.845 132.841 96.840 34.840 27.845 92.851
67.612 67.612 67.613 67.613 67.613 67.613 67.613 78.613 93.614 69.615 66.615 67.616 67.617 65.618 73.619 94.620 74.621 66.622 68.623 66.624 8.627 5.629 74.631 75.634 81.636 80.638 88.640 87.642 68.645 66.647 68.649 71.652 76.654 76.655 0.000 0.000 0.000 4.723 28.724 15.724 16.726 15.725 0.000 6.758 53.917 108.086 111.076 102.958 104.676 104.412 104.393 104.350 104.310 104.272 104.234 104.198 90.164 86.130 107.097 108.065 108.034 111.004 110.975 109.947 114.919 87.892 63.873 78.861 93.855 32.853 0.000 0.000 36.856
67.620 69.620 69.620 67.620 67.620 67.620 67.621 67.621 78.622 93.623 69.624 64.625 64.626 81.627 93.629 87.630 64.631 67.632 63.633 9.631 6.637 60.639 67.642 67.643 73.645 90.647 90.649 83.651 76.653 68.655 55.657 25.659 90.660 70.661 0.000 0.000 0.000 3.721 17.722 10.723 24.724 13.725 0.000 6.893 26.995 111.180 111.129 103.828 104.564 104.470 104.430 104.389 104.349 104.311 104.273 105.237 100.202 90.167 85.134 84.101 84.069 84.037 84.007 87.976 61.944 5.906 31.882 87.871 83.866 44.865 6.869 0.000 35.861
68.627 5.627 6.627 67.627 66.628 65.628 65.629 64.629 64.630 77.631 92.632 85.634 92.635 94.637 81.638 65.640 72.641 72.643 60.644 0.000 8.649 71.650 67.652 69.653 93.655 100.656 78.658 69.659 76.661 83.663 71.664 7.666 50.667 68.668 0.000 0.000 0.000 4.718 10.719 7.722 21.723 0.000 0.000 6.946 12.262 111.230 109.076 104.792 104.534 104.512 104.467 104.426 104.387 104.349 104.311 104.275 105.240 104.205 102.170 101.136 101.103 102.070 104.039 78.007 19.976 0.000 16.878 72.874 103.872 94.872 67.873 43.872 60.867
67.634 66.634 1.634 66.634 77.635 81.635 85.636 90.637 93.638 94.639 94.641 94.642 80.644 67.646 83.647 100.649 101.651 101.654 94.656 72.662 7.661 68.661 66.662 75.663 103.664 90.666 67.667 66.668 68.669 71.670 62.672 7.673 27.674 27.675 0.000 0.000 0.000 10.713 5.716 0.000 4.723 0.000 14.964 16.180 6.606 111.279 113.026 108.666 104.588 104.545 104.503 104.463 104.423 104.385 104.348 104.312 104.276 104.241 104.206 104.171 105.136 108.102 80.070 13.039 0.000 5.937 0.000 17.875 73.877 104.878 95.879 71.877 48.871
67.641 69.641 65.641 67.642 82.642 81.643 77.644 73.645 72.646 68.648 89.649 79.651 90.653 81.655 97.657 93.659 86.661 87.664 98.666 104.669 93.670 94.671 86.672 94.673 102.674 75.675 66.676 67.676 67.677 66.678 66.679 68.680 63.681 12.684 72.691 63.695 2.700 4.705 0.000 0.000 0.000 5.971 84.014 81.217 111.371 111.326 106.902 107.733 104.616 104.580 104.538 104.498 104.459 104.421 104.384 104.348 104.313 104.278 104.243 106.206 111.166 80.133 20.102 0.000 0.000 2.937 1.937 0.000 14.881 65.885 100.887 50.887 0.000
69.647 5.648 64.648 67.648 67.649 67.650 66.651 67.652 69.654 67.655 79.657 74.659 83.661 94.664 82.666 67.668 68.671 69.673 70.676 75.678 88.680 98.681 104.682 102.683 91.684 67.684 67.685 67.685 67.685 67.686 68.686 91.687 64.688 4.689 68.692 18.696 12.699 5.702 0.000 0.000 0.000 15.958 104.163 106.376 111.414 105.232 104.942 104.677 104.657 104.612 104.571 104.531 104.493 104.456 104.419 104.384 104.349 104.315 106.281 91.244 45.191 12.162 0.000 4.938 2.938 22.937 29.937 0.000 0.000 36.895 98.896 50.896 0.000
70.654 3.654 64.654 67.655 67.656 67.657 67.658 68.660 6.661 66.663 70.665 81.667 81.670 89.672 94.675 80.678 65.680 65.683 65.686 67.688 69.690 70.691 71.692 71.693 70.693 69.693 65.693 65.694 66.694 67.693 78.693 92.693 63.693 57.693 59.694 0.000 0.000 5.702 0.000 0.000 0.000 20.054 103.176 111.499 111.457 104.090 104.821 104.726 104.685 104.643 104.603 104.564 104.526 104.490 104.454 104.419 104.385 104.352 109.321 65.297 0.000 0.000 2.941 0.940 2.938 17.937 24.937 0.000 0.000 39.905 99.905 58.906 0.000
