results1/res_4e8f-0102.wd
ncols         241
nrows         181
xllcorner     12693529.787448
yllcorner     3542525.717860
cellsize      155.156523
NODATA_value  -9999.000000
[rows 66 to 98 of 181, columns 73 to 145 of 241]
68.699 32.688 0.000 57.881 74.860 73.830 73.803 0.000 45.228 45.211 58.220 54.228 53.208 53.164 52.099 128.005 115.842 0.000 0.000 0.000 48.657 43.601 48.516 51.460 51.414 53.372 54.332 59.289 60.249 61.205 52.145 0.000 0.000 49.447 99.447 81.357 85.209 85.288 83.333 91.260 83.727 84.199 84.931 83.697 83.468 84.257 54.097 0.000 0.000 0.000 0.000 0.000 0.000 0.000 30.965 28.946 28.909 28.858 28.793 28.725 32.652 45.574 42.495 27.415 38.333 47.253 26.174 29.097 35.021 39.945 35.871 29.797 27.725
53.700 59.677 0.000 46.086 70.052 69.024 63.027 16.106 0.000 0.000 51.294 64.368 53.367 52.337 53.295 34.256 0.000 0.000 0.000 0.000 0.000 0.000 59.459 57.435 55.405 38.369 41.329 48.286 49.254 54.221 45.183 0.000 0.000 0.000 59.688 77.593 84.524 84.611 91.701 91.488 83.807 84.489 84.193 83.976 83.758 78.565 36.428 0.000 0.621 33.621 0.000 0.000 0.000 37.003 32.003 28.982 28.944 28.894 28.834 28.767 28.696 28.621 35.543 49.465 50.386 33.307 27.230 28.153 29.077 33.002 31.928 27.855 27.784
55.708 54.644 59.515 57.325 71.237 64.190 65.173 62.186 0.000 0.000 0.000 66.582 61.555 56.521 58.489 5.467 0.000 0.000 0.000 0.000 0.000 0.000 58.424 54.415 45.404 0.000 0.000 46.272 58.257 57.244 0.000 0.000 5.400 62.280 54.024 57.844 64.917 79.972 91.899 83.563 85.110 84.667 84.471 84.246 82.026 64.815 43.621 49.621 47.621 28.621 0.000 0.000 0.000 0.000 46.063 28.034 28.992 32.940 40.880 30.814 28.744 27.670 31.594 46.516 53.438 45.361 31.284 26.208 28.133 28.059 27.985 27.913 26.841
55.747 53.675 57.576 68.463 62.380 55.324 74.291 63.277 15.292 0.000 8.961 58.822 74.751 69.705 69.673 72.656 0.000 0.000 0.000 0.000 4.386 4.390 56.399 47.397 50.392 0.000 0.000 0.000 94.261 121.252 36.252 0.000 61.520 56.418 56.255 56.160 52.240 92.263 92.087 84.616 88.215 84.955 84.739 84.517 76.284 29.049 0.000 51.621 29.621 0.000 0.000 0.000 34.262 33.226 32.151 28.101 32.050 43.995 48.933 46.867 39.796 29.721 38.645 46.568 25.491 31.414 44.338 41.263 37.188 45.115 26.041 27.969 25.898
53.801 59.733 69.653 61.569 53.497 53.437 66.388 74.342 70.307 73.235 75.101 69.994 64.922 66.874 55.843 54.827 0.000 0.000 0.000 5.380 61.382 60.384 48.386 50.383 51.375 55.359 54.349 0.000 5.273 0.000 0.000 7.906 67.743 60.615 55.454 56.543 54.586 92.424 54.248 61.831 76.420 84.234 85.013 82.800 41.542 0.000 0.000 0.000 0.000 0.000 0.000 35.321 29.297 29.265 29.217 30.167 40.114 49.055 47.992 47.923 43.851 39.775 49.698 32.620 27.543 28.466 28.391 38.316 51.243 38.170 26.097 27.023 32.953
59.865 70.802 60.734 53.664 54.599 54.541 56.482 40.394 66.358 64.298 56.212 53.132 52.069 68.025 69.997 56.983 0.000 0.000 0.000 61.378 57.378 54.378 47.377 51.373 51.365 51.353 51.339 10.315 13.286 14.259 16.207 84.068 80.937 69.807 68.762 57.759 92.709 92.573 56.307 62.950 57.721 64.518 83.282 58.127 0.000 0.000 0.000 0.000 0.000 0.000 0.000 35.346 29.342 29.320 29.283 30.236 39.182 49.122 48.055 46.984 43.909 48.831 42.752 26.673 28.594 28.518 28.443 38.370 46.298 25.227 28.153 31.074 50.006
70.936 60.878 53.816 54.755 54.696 55.645 36.606 0.000 23.435 51.386 54.319 54.251 54.199 52.161 76.137 60.125 0.000 0.000 0.000 38.377 55.375 49.374 50.371 51.367 51.360 51.351 51.338 62.320 2.296 6.283 23.295 76.222 86.120 8.008 89.930 80.121 92.828 54.892 68.530 65.169 55.035 51.833 48.472 33.299 0.000 0.000 30.933 0.000 0.000 0.000 0.000 31.374 29.403 29.392 29.360 29.313 30.258 36.194 44.124 44.049 43.970 47.888 25.806 28.725 28.645 27.567 33.493 50.421 33.353 27.287 30.216 11.113 12.049
61.011 53.956 54.899 54.842 54.786 57.735 13.692 11.657 4.560 49.492 54.425 56.356 54.313 53.283 71.264 67.255 0.000 0.000 0.000 0.000 46.371 49.370 51.368 51.364 51.358 51.351 53.342 39.331 0.000 0.000 73.467 76.405 87.315 93.186 87.289 85.324 92.929 75.946 78.646 63.484 56.386 49.310 0.000 0.000 0.000 0.000 28.933 0.000 0.000 0.000 0.000 0.000 32.505 29.486 29.450 29.400 29.341 29.273 29.198 36.117 44.033 31.947 28.861 28.775 28.693 31.614 44.539 44.470 26.406 28.351 31.311 0.000 0.000
54.091 55.038 54.983 54.927 54.871 54.818 58.768 59.720 59.657 55.598 55.534 35.435 52.414 53.395 69.382 68.377 0.000 0.000 0.000 0.000 45.368 51.367 51.365 51.362 51.358 51.354 39.348 0.000 0.000 1.893 78.702 84.617 87.519 87.465 86.541 93.065 85.438 88.152 82.838 67.777 57.715 56.711 56.850 0.000 0.000 0.000 25.934 32.934 25.934 0.000 0.000 0.000 47.627 28.597 29.553 29.498 29.433 30.359 29.278 29.190 29.099 29.006 28.913 28.824 27.738 33.657 48.582 25.513 28.452 28.401 30.365 5.358 0.000
55.174 55.122 55.067 55.011 54.954 54.897 54.845 54.796 54.750 54.709 58.677 0.000 45.515 54.502 70.491 65.493 1.544 0.000 0.000 0.000 50.367 53.366 53.364 53.362 51.359 54.357 0.000 0.000 0.000 71.042 76.935 87.841 87.719 87.825 85.870 93.277 86.577 91.219 87.108 88.040 75.989 63.969 52.989 47.989 49.989 0.000 0.000 31.935 26.935 32.930 33.914 31.875 37.778 47.721 29.667 30.606 39.535 46.454 28.364 29.267 29.166 29.064 28.964 27.868 32.778 51.694 45.617 34.549 27.488 28.435 30.391 45.351 63.292
55.260 55.208 55.154 55.096 55.036 54.973 54.917 57.869 55.838 54.810 58.788 0.000 45.628 54.607 71.587 63.579 3.590 0.000 0.000 0.000 23.366 33.365 32.364 32.362 53.360 38.358 0.000 0.000 0.000 73.236 83.158 88.062 88.016 87.117 93.928 93.621 87.648 88.490 87.346 87.287 88.231 79.186 44.149 0.000 0.000 0.000 0.000 29.937 29.939 26.940 28.939 29.932 28.891 35.844 49.789 32.723 30.647 40.557 28.457 29.348 29.234 29.121 29.011 28.908 36.811 49.724 36.646 48.577 26.515 27.461 32.413 53.365 65.312
55.349 55.297 55.243 55.185 55.119 58.043 59.981 31.925 52.925 55.904 57.878 17.855 48.763 53.710 65.670 63.646 4.634 0.000 0.000 0.000 0.000 0.000 0.000 0.000 34.360 0.000 0.000 0.000 21.679 71.509 88.397 88.274 88.386 86.469 94.206 86.244 91.947 87.640 87.592 87.524 87.463 77.395 38.272 0.000 0.000 0.000 0.000 0.000 32.946 33.952 20.971 29.022 30.011 29.974 33.920 49.853 32.771 29.673 29.559 29.433 29.302 29.175 27.053 32.939 51.836 32.745 31.666 45.597 29.536 27.482 34.433 60.386 65.337
55.440 55.388 55.336 55.281 57.214 33.099 35.040 0.000 15.032 51.003 54.966 58.923 54.859 57.799 62.740 67.699 6.667 0.000 0.000 0.000 0.000 0.000 0.000 0.000 0.000 0.000 0.000 4.969 80.849 82.726 88.617 88.570 87.687 94.706 94.465 87.311 88.024 87.893 87.822 87.757 86.701 66.660 0.000 0.000 0.000 0.000 0.000 0.000 0.000 24.952 0.000 36.174 33.157 29.120 29.067 30.997 47.911 36.804 28.674 29.522 29.368 28.222 33.086 34.961 33.849 30.755 28.676 28.608 28.550 29.499 42.452 64.408 65.366
55.531 55.480 55.432 55.389 60.355 0.000 0.000 21.255 13.167 47.111 56.062 54.011 55.952 67.887 39.790 33.745 0.000 0.000 0.000 0.000 0.000 0.000 0.000 0.000 0.000 0.000 0.000 68.090 73.020 86.930 88.812 88.940 87.034 94.928 86.819 88.492 88.183 88.122 88.046 87.980 79.923 56.885 0.000 0.000 0.000 0.000 0.000 0.000 0.000 0.000 0.000 40.344 35.323 29.284 27.229 30.159 30.072 45.960 38.811 29.613 30.427 28.260 35.109 34.971 31.845 25.749 28.674 28.611 30.557 44.510 63.468 65.430 68.395
56.619 54.569 54.524 54.487 57.464 27.470 24.430 56.344 61.271 55.211 53.158 60.106 70.053 73.006 0.000 0.000 0.000 0.000 0.000 0.000 0.000 0.000 0.000 0.000 0.000 0.000 0.000 70.280 78.215 88.126 89.116 88.154 95.337 95.138 87.854 88.556 88.416 88.337 88.262 88.193 70.128 52.070 0.000 0.000 0.000 0.000 0.000 0.000 0.000 0.000 0.000 38.535 36.508 36.463 33.406 26.339 28.257 29.152 44.997 44.692 41.467 38.282 31.119 29.967 26.812 27.724 28.659 32.605 52.559 64.518 64.481 65.449 64.421
70.702 69.653 68.609 66.572 63.542 64.517 64.477 61.419 62.360 64.306 64.254 70.203 72.148 30.077 0.000 0.000 0.000 0.000 0.000 0.000 0.000 0.000 0.000 0.000 0.000 8.797 16.718 71.536 88.427 89.335 89.284 88.511 95.521 87.338 89.010 88.695 88.629 88.545 88.472 86.402 68.326 39.198 0.000 0.000 0.000 0.000 0.000 0.000 0.000 0.000 0.000 28.753 32.709 35.655 36.595 35.532 32.466 28.396 22.332 0.000 0.000 0.000 0.000 0.000 30.712 28.675 31.633 52.592 65.555 64.520 65.490 68.463 64.441
66.780 68.731 67.687 69.649 71.614 70.580 69.541 67.494 65.445 65.397 66.350 62.303 62.260 0.000 0.000 0.000 0.000 0.000 0.000 0.000 0.000 0.000 0.000 0.000 0.000 57.877 80.820 79.718 88.624 89.512 89.638 87.740 95.694 89.435 89.038 88.912 88.826 88.748 88.677 84.618 64.576 0.000 0.000 0.000 0.000 0.000 0.000 0.000 0.000 0.000 36.175 31.015 27.923 29.851 34.788 36.730 36.678 37.633 28.604 0.000 0.000 0.000 0.000 0.000 31.649 29.632 45.605 66.576 64.547 64.520 64.495 65.473 64.455
54.852 54.804 55.761 62.721 71.685 77.650 65.612 59.572 54.530 52.488 51.445 57.398 36.329 0.000 0.000 0.000 0.000 0.000 0.000 0.000 0.000 0.000 0.000 0.000 0.000 64.013 79.968 87.894 89.809 89.776 88.906 95.998 95.852 91.457 89.262 89.099 89.020 88.941 88.872 83.817 58.784 0.000 0.000 0.000 0.000 0.000 0.000 0.000 0.000 36.470 31.335 31.211 31.115 30.039 26.976 31.924 35.882 36.855 33.846 0.000 0.000 0.000 0.000 34.590 28.604 32.597 60.581 64.561 64.539 64.517 64.497 64.480 64.465
53.919 53.872 57.830 62.791 64.756 67.721 57.687 53.651 54.616 54.579 56.544 34.516 0.000 0.000 0.000 0.000 0.000 0.000 0.000 0.000 0.000 0.000 0.000 0.000 0.000 50.193 79.147 89.080 89.980 90.111 88.220 96.133 89.014 90.685 89.363 89.295 89.205 89.124 89.053 79.994 52.959 0.000 0.000 0.000 0.000 0.000 0.000 0.000 35.729 31.604 31.486 31.378 31.288 31.214 31.153 28.106 27.073 30.060 37.080 37.173 0.000 0.000 0.000 28.577 29.579 47.573 64.562 63.547 63.530 64.513 64.497 64.483 64.472
53.981 53.936 55.896 56.859 54.825 53.793 54.762 53.732 53.701 53.670 58.637 3.607 0.000 0.000 0.000 0.000 0.000 0.000 0.000 0.000 0.000 0.000 0.000 0.000 1.623 58.420 87.348 90.269 90.242 89.373 96.377 96.260 92.016 89.714 89.567 89.475 89.385 89.299 90.219 70.149 58.100 0.000 0.000 35.419 0.000 35.150 37.100 37.004 31.854 31.733 31.625 31.528 31.445 31.375 31.318 31.274 30.244 27.232 36.240 37.267 30.266 0.000 0.000 36.562 28.561 36.555 42.546 45.535 49.522 55.508 61.496 63.484 63.475
55.038 54.996 54.958 54.923 54.892 53.863 53.836 53.812 53.788 52.762 60.727 11.667 0.000 0.000 0.000 0.000 0.000 0.000 0.000 0.000 0.000 0.000 0.000 0.000 42.774 78.649 89.555 90.444 90.585 88.677 96.483 89.476 91.147 89.829 89.751 89.653 89.560 89.468 90.377 62.282 40.191 0.000 0.000 31.419 0.000 30.201 32.145 32.059 31.951 31.848 31.753 31.666 31.589 31.523 31.469 31.427 29.398 31.383 37.381 34.388 0.000 0.000 0.000 35.549 34.547 33.541 32.534 31.524 30.514 34.503 45.493 41.484 43.477
53.091 53.052 53.016 52.984 52.956 52.931 52.909 53.891 55.876 57.863 32.841 0.041 0.000 0.000 0.000 0.000 0.000 0.000 0.000 0.935 9.925 0.000 0.000 13.105 53.968 84.850 90.741 90.728 89.756 96.668 96.581 92.471 90.174 90.023 89.926 89.829 89.733 89.637 85.539 32.410 0.000 0.000 0.000 31.420 37.397 32.307 32.223 32.134 32.044 31.956 31.872 31.793 31.722 31.660 31.609 31.568 28.539 37.522 37.515 33.515 0.000 0.000 0.000 34.539 33.535 34.530 34.523 34.515 34.506 34.497 33.489 33.482 32.476
54.140 54.103 57.071 61.042 64.017 67.996 69.979 72.967 71.964 63.973 2.014 13.102 37.146 5.169 0.000 0.000 0.000 0.000 0.000 40.946 67.921 7.885 0.000 47.241 80.144 90.033 90.931 90.860 90.084 96.744 88.916 90.600 90.280 90.202 90.101 90.004 89.905 90.808 77.731 0.000 0.000 0.000 0.000 11.443 31.466 32.407 34.304 34.211 32.136 32.061 31.986 31.913 31.846 31.787 31.737 28.697 33.668 36.650 37.642 28.643 0.000 0.000 0.000 18.533 39.526 39.521 36.514 33.506 33.499 34.491 35.484 35.478 34.474
56.185 55.152 62.122 71.096 72.074 71.056 70.043 69.036 66.038 60.052 35.085 52.129 70.166 39.193 23.218 0.000 0.000 0.000 12.009 50.974 64.928 3.850 22.699 64.475 89.332 92.218 91.060 91.272 89.247 96.807 90.905 90.618 90.468 90.373 90.276 90.179 90.076 91.960 35.845 0.000 0.000 0.000 0.000 0.000 27.617 33.552 14.375 14.271 31.226 32.166 32.097 32.028 31.963 31.905 30.856 28.816 37.786 37.767 34.761 28.772 34.823 0.000 0.000 0.000 50.517 65.513 58.506 54.498 50.491 46.485 49.479 49.474 32.470
56.225 56.196 59.170 62.146 61.127 59.111 57.101 55.096 53.100 53.112 62.135 64.165 61.194 58.220 62.243 10.264 0.000 0.000 52.043 82.016 32.966 28.888 62.772 86.627 91.502 91.362 91.483 89.438 96.891 89.317 91.030 90.714 90.641 90.544 90.452 90.361 93.261 50.111 0.000 0.000 0.000 0.000 0.000 0.000 29.833 34.807 0.000 0.000 28.333 32.280 32.210 32.138 32.073 32.015 28.966 36.925 37.894 36.872 27.861 31.862 31.875 0.000 0.000 0.000 18.512 48.508 66.498 65.490 65.484 65.478 65.473 59.469 49.466
56.264 56.238 56.214 55.193 55.176 56.162 56.153 56.149 54.152 55.162 60.179 63.201 59.226 54.250 57.270 12.285 0.000 0.000 44.104 54.079 32.033 64.964 79.872 88.763 91.655 91.593 90.695 97.276 97.034 90.313 91.040 90.895 90.805 90.714 90.628 90.550 93.497 0.000 0.000 8.877 17.877 0.000 0.000 31.184 34.074 33.038 40.083 0.000 28.492 32.412 32.323 32.243 32.175 30.117 32.067 38.025 37.992 29.967 30.950 31.941 31.939 0.000 0.000 0.000 0.000 0.000 48.489 64.481 64.475 64.470 64.466 65.463 65.460
56.300 56.277 56.256 56.237 56.221 56.208 56.200 55.196 54.197 58.204 62.217 62.236 57.258 53.282 58.304 11.320 0.000 0.000 40.190 9.165 56.123 80.064 85.988 91.906 91.765 91.983 89.977 97.491 89.741 91.450 91.135 91.063 90.969 90.880 90.794 97.714 81.679 0.000 4.877 54.877 40.877 0.000 0.000 26.294 34.242 33.188 33.127 38.988 36.732 35.554 32.426 32.337 32.268 29.210 37.159 38.117 34.082 29.054 32.032 32.014 34.000 38.011 0.000 0.000 0.000 0.000 0.000 61.469 64.466 64.462 64.459 65.456 63.454
56.336 56.315 56.295 56.277 56.262 56.250 55.242 54.237 56.237 60.241 63.251 59.267 54.289 53.317 56.345 38.370 25.395 26.375 22.301 23.267 63.230 84.179 90.118 92.022 92.172 90.172 97.867 97.688 90.751 91.463 91.314 91.222 91.131 91.044 95.954 38.832 53.828 23.866 54.876 62.878 0.000 0.000 0.000 25.457 34.413 33.345 33.251 43.106 53.894 27.646 37.491 33.412 30.350 32.295 38.245 37.202 28.165 31.135 32.110 32.083 19.035 20.023 0.000 0.000 0.000 0.000 0.000 42.460 63.458 64.455 64.452 68.449 64.446
56.371 56.351 56.332 56.315 56.301 56.289 54.280 54.274 58.271 65.272 66.277 62.291 57.316 55.349 55.390 57.421 57.440 66.429 7.371 41.374 79.349 86.308 92.255 92.236 91.380 98.188 98.032 91.116 91.894 91.554 91.478 91.380 91.290 91.209 99.148 0.000 36.933 38.894 28.884 30.881 0.000 0.000 0.000 28.664 34.607 33.527 39.425 55.290 32.092 0.000 18.480 31.469 29.426 37.374 38.324 34.279 31.242 32.212 32.189 34.174 0.000 0.000 0.000 0.000 0.000 0.000 34.454 15.455 54.450 64.447 64.444 69.442 64.439
56.406 56.386 56.368 56.351 56.336 55.324 54.315 56.308 63.303 40.300 16.294 15.306 12.332 42.375 59.444 54.485 57.514 38.529 0.537 46.508 84.484 90.454 92.361 92.619 90.655 98.331 91.458 92.232 91.798 91.736 91.628 91.532 91.440 92.354 90.280 12.222 12.078 0.000 0.000 0.000 0.000 0.000 28.083 35.928 33.826 32.732 52.633 56.537 0.000 0.000 0.000 27.558 33.510 38.453 38.398 28.350 32.312 32.282 32.261 35.250 0.000 0.000 0.000 0.000 0.000 0.000 13.454 0.000 42.440 64.439 64.437 70.435 64.433
56.439 56.419 56.401 56.385 55.370 54.357 56.347 59.339 67.333 26.331 0.000 0.000 0.000 0.000 41.527 56.560 57.601 43.645 45.697 71.660 88.635 92.579 92.770 90.807 98.583 98.463 92.443 92.135 91.984 91.879 91.778 91.680 91.584 94.488 79.396 8.309 0.000 0.000 0.000 0.000 0.000 0.000 28.239 35.139 34.037 31.941 59.839 20.688 0.000 0.000 33.821 38.696 38.605 38.529 36.465 31.413 32.372 32.342 32.323 34.315 0.000 38.400 0.000 0.000 0.000 0.000 0.000 0.000 35.432 64.432 64.431 64.429 64.428
56.470 56.451 56.433 56.417 55.402 54.388 58.377 62.367 66.361 24.358 0.000 0.000 0.000 0.000 21.578 64.628 59.684 65.753 78.801 87.803 91.785 92.811 91.979 98.796 98.693 91.786 92.559 92.214 92.129 92.023 91.923 91.826 95.727 58.618 30.507 0.000 0.000 0.000 0.000 0.000 0.000 30.705 35.496 34.351 36.242 33.156 57.095 0.000 0.000 29.099 35.947 51.801 40.684 37.592 33.520 31.465 31.423 32.393 32.375 32.372 37.393 33.400 24.400 0.000 0.000 0.000 31.419 33.421 32.424 64.425 64.425 64.424 64.423
56.500 56.482 56.464 56.448 54.432 56.417 62.404 63.393 61.385 48.383 9.391 0.000 0.000 0.000 0.000 17.690 13.753 53.884 84.950 88.965 92.931 93.120 91.260 98.889 91.105 92.881 92.445 92.378 94.264 93.163 92.066 91.975 97.880 20.749 0.000 0.000 0.000 0.000 0.000 12.266 51.156 50.915 38.688 35.526 46.425 41.346 42.290 3.294 0.000 27.252 32.066 42.877 38.738 42.636 36.560 39.503 38.461 35.431 32.413 31.405 31.407 37.407 0.000 0.000 0.000 0.000 28.418 28.419 38.420 64.420 64.420 64.419 64.419
