results1/res_4e8f-0238.wd
ncols         241
nrows         181
xllcorner     12693529.787448
yllcorner     3542525.717860
cellsize      155.156523
NODATA_value  -9999.000000
[rows 66 to 98 of 181, columns 146 to 218 of 241]
38.550 53.487 75.427 76.372 76.322 76.276 76.234 76.196 76.162 79.133 15.115 0.000 2.977 0.000 0.000 0.000 0.000 1.485 48.485 23.485 0.000 30.484 60.482 60.482 60.482 67.481 73.480 73.477 73.474 73.470 73.466 73.461 73.455 73.449 73.444 75.439 60.435 61.433 53.432 0.000 0.000 0.000 0.000 0.000 29.759 36.749 45.730 39.692 17.640 15.609 30.583 51.558 59.534 53.510 48.486 48.461 38.437 35.412 35.388 38.364 59.341 71.318 66.295 55.274 62.253 69.232 73.213 73.194 72.177 72.159 72.143 72.127 72.112
41.611 60.548 78.488 76.433 76.384 76.340 76.299 76.262 81.227 70.198 40.185 37.203 0.000 0.000 0.000 0.000 0.000 19.485 21.485 0.000 0.000 0.000 30.480 61.480 70.479 73.478 73.477 73.475 73.472 77.469 75.465 73.461 73.456 73.451 72.447 64.442 58.439 64.436 54.435 0.000 0.000 0.000 0.000 21.750 35.751 40.747 36.740 0.000 2.592 12.578 32.559 35.538 49.516 58.494 47.471 46.447 44.423 35.398 35.374 34.349 40.326 64.302 71.280 56.258 58.236 60.216 62.196 66.177 70.159 72.142 73.125 72.110 72.094
46.671 67.605 77.542 76.487 76.440 76.399 74.361 73.324 28.287 13.248 44.225 50.221 15.225 0.000 0.000 0.000 0.000 0.000 0.000 0.000 0.000 14.476 43.477 63.477 73.477 73.476 73.474 73.473 73.470 75.468 74.464 73.461 73.457 74.453 64.449 62.445 65.442 60.438 52.436 0.000 0.000 0.000 0.000 39.750 42.749 4.746 3.743 0.000 7.559 40.550 42.536 52.519 55.499 66.478 64.456 52.433 41.409 33.384 35.359 35.334 30.310 44.286 61.263 65.241 70.219 67.198 60.179 65.160 68.141 68.124 66.107 68.092 71.076
51.729 74.660 78.590 79.533 76.492 77.455 72.422 18.388 2.348 43.280 44.246 49.232 57.228 0.000 0.000 0.000 0.000 0.000 0.000 0.000 0.000 26.476 49.476 62.475 74.475 73.474 73.473 73.471 73.469 74.467 73.464 73.461 73.459 70.455 64.452 29.447 2.444 0.000 0.000 0.000 0.000 0.000 0.000 35.749 42.749 0.000 0.000 0.000 57.535 43.528 38.516 66.501 71.484 72.464 76.443 70.420 58.395 38.370 35.345 35.319 33.294 34.270 40.246 41.223 48.201 56.180 63.160 67.141 68.123 69.105 65.089 68.073 69.058
33.790 38.715 48.623 24.565 81.538 78.509 63.482 40.457 10.438 0.000 0.000 0.000 0.000 0.000 0.000 0.000 0.000 0.000 0.000 0.000 0.000 27.475 52.474 55.474 71.473 73.472 73.471 73.470 77.468 76.466 73.464 73.462 74.460 65.458 68.456 0.000 0.000 0.000 0.000 0.000 0.000 0.000 0.000 0.000 29.749 38.749 0.000 0.000 88.518 51.511 33.500 64.486 72.470 72.452 72.431 75.408 74.383 54.356 37.330 35.303 33.278 36.252 37.228 45.205 50.182 39.161 39.141 44.121 49.103 55.086 60.069 64.053 68.038
79.857 58.786 0.000 0.000 85.585 77.561 64.540 46.521 13.508 0.000 0.000 0.000 0.000 0.000 0.000 0.000 0.000 0.000 0.000 0.000 0.000 0.000 13.473 57.472 73.472 73.471 73.470 73.469 75.468 74.466 73.465 73.463 74.461 62.460 72.459 0.000 0.000 0.000 0.000 0.000 0.000 0.000 0.000 0.000 0.000 5.749 13.749 0.000 25.508 41.498 34.486 64.474 72.459 72.442 73.422 73.398 73.371 66.343 42.315 38.287 36.261 33.234 54.209 66.185 72.162 56.141 49.120 45.101 43.083 40.065 40.049 40.033 68.018
55.936 0.000 0.000 82.774 82.657 80.611 71.596 56.581 12.564 0.000 0.000 0.000 0.000 0.000 0.000 0.000 0.000 0.000 0.000 0.000 0.000 0.000 39.471 62.471 74.471 73.470 73.469 74.468 73.467 73.466 73.465 73.463 74.462 67.461 32.461 0.000 0.000 0.000 0.000 0.000 0.000 0.000 0.000 0.000 0.000 0.000 0.000 0.000 0.000 38.486 37.474 55.463 70.451 73.436 67.416 63.390 69.361 60.329 43.299 42.271 51.243 46.215 69.189 73.164 72.141 70.119 70.099 67.079 65.061 62.044 58.028 50.012 69.998
82.984 72.983 78.952 34.892 0.000 1.632 77.652 51.642 12.603 0.000 14.859 0.000 0.000 0.000 0.000 0.000 0.000 0.000 0.000 0.000 0.000 2.470 55.470 67.470 74.470 73.469 73.469 75.468 75.467 73.466 73.465 73.464 72.463 68.463 17.462 0.000 0.000 0.000 0.000 0.000 0.000 0.000 0.000 0.000 0.000 0.000 0.000 0.000 0.449 0.000 26.460 52.455 70.446 71.434 52.416 55.387 57.354 54.313 39.282 36.253 59.224 68.195 72.167 74.142 74.118 75.096 73.076 73.057 74.039 73.022 74.006 73.990 72.976
85.032 77.012 81.981 32.949 0.000 0.000 68.738 16.731 0.000 0.000 46.859 9.859 0.000 0.000 0.000 0.000 0.000 0.000 0.000 0.000 0.000 1.469 58.469 70.469 74.469 73.469 73.468 74.467 74.467 73.466 73.465 74.464 70.464 65.463 15.463 0.000 0.000 0.000 0.000 0.000 0.000 0.000 0.000 0.000 0.000 0.000 0.000 0.000 18.449 20.450 31.452 47.449 69.443 71.436 17.429 0.000 0.000 44.288 38.262 33.237 47.207 66.173 72.144 74.118 74.094 74.072 72.052 72.033 73.015 71.999 71.983 72.968 72.954
77.099 77.053 77.012 74.974 61.940 47.893 40.829 39.814 35.841 38.853 41.858 41.859 13.859 0.000 0.000 0.000 0.000 0.000 19.468 21.468 0.000 11.469 57.469 71.469 73.468 73.468 73.468 73.467 73.467 73.466 73.465 73.465 55.464 50.464 48.464 43.464 7.464 0.000 0.000 0.000 0.000 0.000 0.000 0.000 0.000 0.000 0.000 0.000 22.449 48.449 39.448 43.446 63.443 64.439 37.436 0.000 0.000 0.000 35.243 40.224 39.192 58.147 71.117 72.091 72.068 72.046 72.026 72.008 71.991 71.974 71.959 71.945 71.931
77.140 77.090 77.041 75.995 72.953 74.910 48.872 27.855 65.857 38.860 42.862 18.861 0.000 0.000 0.000 0.000 0.000 0.000 19.468 65.468 14.468 2.468 56.468 70.468 74.468 73.468 75.467 76.467 74.466 73.466 73.465 71.465 64.465 55.464 56.464 55.464 8.464 0.000 0.000 0.000 0.000 0.000 0.000 0.000 0.000 0.000 0.000 0.000 16.448 51.448 43.447 50.445 65.443 60.440 66.439 0.000 0.000 0.000 0.000 0.000 0.000 48.104 71.085 72.063 72.040 72.019 71.999 71.982 71.965 71.950 71.935 71.921 71.907
77.177 77.125 78.066 80.012 76.965 76.924 75.894 76.877 67.870 45.869 17.869 0.000 0.000 0.000 0.000 0.000 0.000 0.000 6.468 58.468 45.468 35.468 51.468 73.468 73.468 73.467 73.467 73.467 73.466 73.466 73.465 73.465 71.465 50.465 54.464 61.464 4.464 0.000 0.000 0.000 0.000 0.000 0.000 0.000 0.000 0.000 0.000 0.000 12.448 63.447 7.446 30.445 53.443 60.441 21.440 0.000 0.000 0.000 0.000 0.000 0.000 2.081 60.058 73.034 72.010 71.990 71.971 71.954 71.939 71.924 71.910 71.896 71.883
80.217 76.167 73.086 75.023 77.972 77.927 79.902 76.887 74.880 61.876 10.875 0.000 0.000 0.000 0.000 0.000 0.000 0.000 0.000 14.468 49.468 41.468 57.468 75.467 73.467 73.467 73.467 73.467 73.466 73.466 73.466 73.465 74.465 63.465 50.465 54.465 60.464 2.465 0.000 0.000 0.000 0.000 0.000 0.000 0.000 0.000 0.000 0.000 0.000 8.447 0.000 0.000 38.442 57.442 0.000 0.000 0.000 0.000 0.000 0.000 0.000 0.000 48.031 69.004 71.979 71.958 71.941 71.925 71.911 71.897 71.884 71.871 71.858
73.265 34.242 0.000 0.000 0.000 69.909 74.900 80.891 76.885 65.882 15.880 0.000 49.885 19.885 0.000 0.000 0.000 0.000 0.000 0.000 41.467 45.467 66.467 74.467 75.467 76.467 73.467 73.466 73.466 73.466 73.466 73.465 73.465 74.465 53.465 35.465 44.465 5.465 0.000 0.000 0.000 0.000 0.000 0.000 0.000 0.000 0.000 0.000 0.000 0.000 0.000 0.000 27.442 60.442 0.000 0.000 0.000 0.000 0.000 0.000 0.000 0.000 0.000 48.973 68.942 71.923 71.909 71.896 71.883 71.871 71.858 71.846 71.833
68.306 25.293 0.000 0.000 44.901 42.901 59.897 78.892 75.888 60.885 41.884 45.885 49.885 15.885 0.000 0.000 0.000 0.000 12.467 0.000 42.467 53.467 73.467 73.467 76.467 76.467 73.467 73.466 73.466 73.466 73.466 73.465 73.465 74.465 70.465 65.465 54.465 34.465 28.465 0.000 0.000 0.000 0.000 0.000 0.000 0.000 0.000 0.000 0.000 0.000 0.000 0.000 29.442 21.442 0.000 0.000 0.000 0.000 0.000 0.000 0.000 0.000 0.000 0.000 53.893 69.885 71.875 71.865 71.855 71.844 71.833 71.821 71.808
74.338 55.331 27.338 0.000 0.000 44.898 44.895 66.891 78.889 56.887 43.886 48.886 26.886 0.000 0.000 0.000 0.000 0.000 41.467 34.467 39.467 56.467 75.467 75.467 76.467 73.467 73.466 73.466 73.466 73.466 73.466 73.465 73.465 73.465 73.465 75.465 64.465 52.465 41.464 42.464 35.464 26.464 31.464 0.000 0.000 0.000 0.000 0.000 0.000 0.000 0.000 0.000 32.442 7.442 0.000 0.000 0.000 0.000 0.000 0.000 0.000 0.000 0.000 0.000 38.851 66.848 70.842 71.835 71.827 71.818 71.808 71.796 71.783
77.362 68.354 21.346 0.000 0.000 0.000 43.893 48.890 75.889 63.887 44.887 47.886 22.886 0.000 0.000 0.000 0.000 0.000 44.467 37.467 40.467 58.467 77.467 76.467 74.467 74.467 73.466 73.466 73.466 73.466 73.466 74.465 74.465 74.465 68.465 59.465 63.465 70.465 63.464 61.464 49.464 36.464 43.464 1.464 0.000 0.000 0.000 0.000 0.000 0.000 0.000 0.000 0.000 0.000 0.000 0.000 0.000 0.000 0.000 0.000 0.000 0.000 0.000 0.000 30.813 61.813 71.811 73.807 73.801 73.793 72.784 71.772 71.759
77.382 52.376 0.000 0.000 0.000 0.000 0.000 50.889 63.889 57.888 56.887 53.887 43.887 21.887 0.000 0.000 0.000 0.000 43.467 36.467 41.467 56.467 68.467 65.467 60.467 62.466 67.466 72.466 74.466 74.466 72.466 62.465 60.465 65.465 54.465 51.465 51.465 62.464 66.464 61.464 47.464 36.464 8.464 0.000 0.000 0.000 0.000 0.000 0.000 0.000 0.000 0.000 0.000 0.000 0.000 0.000 0.000 0.000 0.000 0.000 1.676 0.000 0.000 0.000 18.776 43.779 49.781 51.779 51.776 52.770 61.762 70.750 71.735
76.397 42.393 0.000 0.000 0.000 0.000 0.000 45.889 39.888 38.888 46.887 46.887 46.887 42.887 15.887 0.000 0.000 0.000 48.467 43.467 48.467 58.467 61.467 64.467 22.467 0.000 0.000 13.466 74.466 71.466 60.466 15.465 0.000 0.000 53.465 85.465 78.465 57.464 63.464 57.464 46.464 31.464 34.464 0.000 0.000 0.000 0.000 0.000 0.000 0.000 0.000 0.000 0.000 0.000 0.000 0.000 0.000 0.000 14.676 4.676 22.676 43.681 54.691 53.708 71.736 79.748 80.753 78.755 80.754 67.750 50.744 68.732 71.713
74.409 39.406 0.000 0.000 0.000 0.000 0.000 45.888 41.888 20.888 0.000 0.000 0.887 0.000 0.000 0.000 0.000 0.000 54.467 48.467 43.467 39.467 25.467 0.000 0.000 0.000 0.000 0.000 0.000 0.000 47.465 9.465 0.000 0.000 0.000 48.464 81.464 41.464 42.464 41.464 37.464 40.464 87.464 46.464 0.000 0.000 5.464 0.000 0.000 0.000 0.000 0.000 0.000 0.000 0.000 0.000 13.647 4.647 0.000 0.000 8.671 90.676 86.684 68.697 69.712 66.722 67.729 89.733 82.734 68.734 48.730 57.720 56.697
60.417 41.416 35.419 0.000 0.000 0.000 0.000 0.000 43.888 27.888 0.000 0.000 0.000 0.000 0.000 0.000 0.000 0.000 54.467 54.467 55.467 38.467 13.467 0.000 0.000 0.000 0.000 0.000 0.000 0.000 43.465 20.465 0.000 0.000 0.000 47.464 96.464 60.464 63.464 58.464 43.464 61.464 115.464 112.464 43.464 0.464 27.464 24.464 0.000 0.000 0.000 0.000 0.000 0.000 0.000 0.000 3.647 21.647 11.649 9.653 18.661 93.667 60.674 68.683 59.693 40.701 51.708 94.713 60.716 47.719 54.724 8.722 0.000
44.424 44.422 30.422 0.000 0.000 0.000 0.000 0.000 0.000 0.000 0.000 0.000 0.000 0.000 0.000 0.000 0.000 0.000 57.467 48.467 42.467 40.467 14.467 0.000 0.000 0.000 0.000 0.000 0.000 40.465 33.465 58.465 54.465 0.000 6.464 53.464 59.464 51.464 94.464 83.464 54.464 7.464 71.464 126.464 10.464 0.000 5.464 0.000 0.000 0.000 0.000 0.000 22.646 19.646 14.646 3.646 72.646 110.646 101.647 97.649 44.653 88.657 56.662 45.668 92.675 73.682 93.688 74.694 44.699 52.704 0.000 0.000 0.000
47.428 48.426 40.425 0.000 0.000 0.000 0.000 0.000 0.000 0.000 0.000 0.000 0.000 0.000 0.000 0.000 0.000 0.000 11.467 52.467 42.467 20.467 0.000 0.000 0.000 0.000 0.000 0.000 0.000 42.465 39.465 15.465 0.000 0.000 0.000 27.464 6.464 0.000 7.464 49.464 5.464 0.000 27.464 93.464 48.464 0.464 0.000 0.000 0.000 0.000 0.000 0.000 0.000 4.646 0.000 0.000 28.646 8.645 72.643 76.643 27.644 88.646 65.649 38.653 56.657 106.663 120.669 54.675 42.683 9.693 0.000 0.000 18.492
46.431 47.429 47.428 51.428 43.428 0.000 0.000 0.000 0.000 0.000 0.000 0.000 0.000 0.000 0.000 0.000 0.000 0.000 0.000 42.467 38.467 22.467 0.000 0.000 0.000 0.000 0.000 0.000 43.465 40.465 17.465 0.000 0.000 0.000 0.000 1.464 0.000 0.000 0.000 53.464 2.464 0.000 27.464 0.000 0.000 0.000 0.000 0.000 0.000 0.000 0.000 0.000 0.000 13.646 7.646 9.646 2.646 0.000 48.637 67.636 26.635 90.634 70.634 40.636 89.639 92.644 87.649 95.656 59.663 0.000 0.000 1.458 32.471
48.433 26.430 37.429 46.428 46.428 46.428 45.428 0.000 0.000 0.000 0.000 0.000 0.000 0.000 0.000 0.000 0.000 0.000 0.000 44.467 40.467 24.467 0.000 0.000 0.000 0.000 0.000 0.000 0.000 46.465 18.465 0.000 0.000 0.000 0.000 0.000 0.000 5.464 17.464 40.464 44.464 21.464 0.000 0.000 0.000 0.000 0.000 0.000 0.000 0.000 0.000 0.000 0.000 2.646 0.646 6.646 0.000 0.000 51.632 71.630 31.626 91.621 76.618 90.618 90.620 49.624 42.629 87.636 36.649 0.000 0.432 33.444 41.451
53.437 0.000 0.000 43.428 32.428 0.000 45.428 35.428 0.000 0.000 0.000 0.000 0.000 0.000 0.000 0.000 0.000 0.000 0.000 43.467 40.467 28.467 0.000 0.000 0.000 0.000 0.000 0.000 0.000 0.000 0.000 0.000 0.000 0.000 0.000 0.000 0.000 0.000 56.464 73.464 34.464 0.000 0.000 0.000 0.000 0.000 0.000 0.000 0.000 0.000 0.000 0.000 0.000 0.000 0.000 11.646 0.000 0.000 86.629 72.626 33.619 91.604 88.599 80.598 72.599 58.602 59.606 28.610 0.000 0.000 17.421 36.428 43.432
50.439 0.000 0.000 30.428 22.428 0.000 0.000 0.000 0.000 54.440 50.440 41.440 0.000 0.000 0.000 0.000 0.000 0.000 0.000 47.467 43.467 25.467 0.000 0.000 0.000 0.000 0.000 0.000 0.000 0.000 0.000 0.000 0.000 0.000 0.000 0.000 0.000 0.000 19.464 103.464 69.464 0.464 0.000 0.000 0.000 0.000 0.000 0.000 0.000 0.000 0.000 0.000 0.000 0.000 0.000 0.000 0.000 0.000 18.629 0.000 0.000 65.578 106.576 85.576 84.577 82.579 85.583 33.589 0.000 0.000 21.413 35.414 36.415
66.440 0.000 0.000 0.000 0.000 52.440 39.440 0.000 50.440 44.440 44.440 36.440 0.000 0.000 0.000 0.000 0.000 0.000 0.000 47.467 42.467 30.467 0.000 0.000 0.000 0.000 0.000 0.000 0.000 0.000 0.000 0.000 0.000 0.000 0.000 0.000 0.000 0.000 0.000 47.464 39.464 10.464 0.000 0.000 0.000 0.000 0.000 0.000 0.000 0.000 0.000 0.000 0.000 0.000 0.000 0.000 0.000 0.000 0.000 0.000 0.000 12.553 48.553 49.552 47.553 47.554 44.558 40.574 0.000 0.000 14.403 35.402 33.400
77.440 66.441 48.441 49.440 48.440 42.440 43.440 44.440 42.440 47.440 46.440 37.440 34.440 0.000 0.000 0.000 0.000 0.000 0.000 34.467 0.000 0.000 0.000 0.000 0.000 0.000 0.000 0.000 0.000 0.000 0.000 0.000 0.000 0.000 0.000 0.000 0.000 0.000 0.000 0.464 46.464 9.464 0.000 0.000 0.000 0.000 0.000 0.000 0.000 0.000 0.000 0.000 0.000 0.000 0.000 0.000 0.000 0.000 0.000 0.000 0.000 3.529 36.529 35.529 35.527 51.525 46.523 0.000 0.000 0.000 7.393 48.391 60.387
77.441 71.441 41.441 41.441 41.440 24.440 25.440 29.440 39.440 48.440 45.440 37.440 40.440 29.440 0.000 0.000 0.000 0.000 0.000 0.000 0.000 0.000 0.000 0.000 0.000 0.000 0.000 0.000 0.000 0.000 0.000 0.000 0.000 0.000 0.000 0.000 0.000 0.000 0.000 0.000 3.464 49.464 8.464 0.000 0.000 0.000 0.000 0.000 0.000 0.000 0.000 0.000 0.000 0.000 0.000 0.000 0.000 0.000 0.000 0.000 28.493 31.504 35.506 35.506 37.503 56.497 46.486 29.464 0.000 0.000 43.386 64.381 71.375
77.441 75.441 45.441 42.441 22.441 0.000 0.000 0.000 0.000 39.440 42.440 40.440 33.440 0.000 0.000 0.000 0.000 0.000 0.000 0.000 0.000 0.000 0.000 0.000 0.000 0.000 0.000 0.000 0.000 0.000 0.000 0.000 0.000 0.000 0.000 0.000 0.000 0.000 0.000 0.000 1.464 52.464 14.464 0.000 0.000 0.000 0.000 0.000 0.000 0.000 0.000 0.000 0.000 0.000 0.000 0.000 0.000 0.000 0.000 0.474 39.483 36.486 35.487 31.485 44.481 61.473 45.461 34.441 29.415 29.397 53.383 70.374 71.364
77.441 75.441 28.441 32.441 0.000 0.000 0.000 0.000 0.000 0.000 30.440 43.440 35.440 0.000 0.000 0.000 0.000 0.000 0.000 0.000 0.000 0.000 0.000 0.000 0.000 0.000 0.000 0.000 0.000 0.000 0.000 0.000 0.000 0.000 0.000 0.000 0.000 0.000 0.000 0.000 0.000 1.464 20.464 0.000 0.000 0.000 0.000 0.000 0.000 0.000 0.000 0.000 8.451 16.451 0.000 0.000 0.000 0.000 0.000 33.464 31.470 30.472 35.471 49.468 62.462 52.454 36.442 34.426 36.408 33.392 54.378 72.366 71.354
77.441 51.441 0.000 0.000 0.000 0.000 0.000 0.000 0.000 0.000 0.000 33.440 40.440 38.440 0.000 0.000 0.000 0.000 0.000 0.000 0.000 0.000 0.000 0.000 0.000 0.000 0.000 0.000 0.000 0.000 0.000 0.000 0.000 0.000 0.000 0.000 0.000 0.000 0.000 0.000 0.000 0.000 0.000 0.000 0.000 0.000 0.000 0.000 0.000 0.000 0.000 0.000 0.000 9.451 11.451 0.000 38.452 30.453 28.454 40.458 54.460 59.460 61.457 61.453 47.446 35.438 34.427 34.413 33.399 35.384 58.370 73.357 71.344
