results1/res_4e8f.inittm
ncols         241
nrows         181
xllcorner     12693529.787448
yllcorner     3542525.717860
cellsize      155.156523
NODATA_value  -9999.000000
[rows 87 to 115 of 181, columns 0 to 65 of 241]
-9999.000 -9999.000 -9999.000 -9999.000 -9999.000 -9999.000 -9999.000 -9999.000 -9999.000 -9999.000 -9999.000 -9999.000 -9999.000 -9999.000 -9999.000 -9999.000 -9999.000 -9999.000 -9999.000 -9999.000 -9999.000 -9999.000 -9999.000 -9999.000 -9999.000 -9999.000 -9999.000 -9999.000 -9999.000 -9999.000 -9999.000 -9999.000 -9999.000 -9999.000 -9999.000 43.873 -9999.000 -9999.000 47.461 -9999.000 39.552 40.446 40.478 40.617 60.529 -9999.000 114.577 19.413 19.427 19.584 19.005 13.785 13.306 13.291 13.723 15.455 13.698 12.350 12.331 12.313 11.783 11.749 11.710 126.826 -9999.000 -9999.000
-9999.000 -9999.000 -9999.000 -9999.000 -9999.000 -9999.000 -9999.000 -9999.000 -9999.000 -9999.000 -9999.000 -9999.000 -9999.000 -9999.000 -9999.000 -9999.000 -9999.000 -9999.000 -9999.000 -9999.000 -9999.000 -9999.000 -9999.000 -9999.000 -9999.000 -9999.000 -9999.000 -9999.000 -9999.000 -9999.000 -9999.000 -9999.000 -9999.000 -9999.000 -9999.000 43.212 -9999.000 -9999.000 44.612 -9999.000 38.108 44.617 102.767 40.638 49.389 458.529 21.085 19.460 19.405 15.309 13.558 13.484 13.475 15.797 15.746 13.364 13.110 13.071 12.368 11.856 11.801 11.749 11.673 28.654 60.991 60.632
-9999.000 -9999.000 -9999.000 -9999.000 -9999.000 -9999.000 -9999.000 -9999.000 -9999.000 -9999.000 -9999.000 -9999.000 -9999.000 -9999.000 -9999.000 -9999.000 -9999.000 -9999.000 -9999.000 -9999.000 -9999.000 -9999.000 -9999.000 -9999.000 -9999.000 -9999.000 -9999.000 -9999.000 -9999.000 -9999.000 -9999.000 -9999.000 -9999.000 -9999.000 -9999.000 42.559 42.534 41.900 40.289 41.002 38.017 44.599 -9999.000 146.326 96.140 24.604 21.270 25.155 19.836 14.169 13.665 15.133 18.637 19.072 13.719 13.189 13.161 12.762 12.403 12.462 14.910 16.632 11.629 11.447 11.133 10.989
-9999.000 -9999.000 -9999.000 -9999.000 -9999.000 -9999.000 -9999.000 -9999.000 -9999.000 200.704 236.200 -9999.000 -9999.000 -9999.000 -9999.000 -9999.000 -9999.000 -9999.000 -9999.000 -9999.000 -9999.000 182.501 182.470 182.033 152.723 152.729 152.926 157.132 169.364 -9999.000 -9999.000 -9999.000 -9999.000 -9999.000 408.497 -9999.000 -9999.000 -9999.000 38.144 38.016 37.950 221.308 162.602 -9999.000 40.067 18.098 18.520 14.273 14.236 14.207 20.920 19.517 18.714 14.040 13.737 13.713 13.112 12.782 14.718 12.631 11.990 11.950 11.903 11.621 11.284 47.694
-9999.000 -9999.000 -9999.000 -9999.000 -9999.000 -9999.000 -9999.000 -9999.000 -9999.000 42.124 42.076 42.091 -9999.000 -9999.000 -9999.000 -9999.000 -9999.000 -9999.000 -9999.000 -9999.000 -9999.000 201.229 -9999.000 -9999.000 125.186 -9999.000 -9999.000 -9999.000 -9999.000 -9999.000 -9999.000 -9999.000 -9999.000 -9999.000 408.408 -9999.000 -9999.000 44.254 44.192 122.490 23.368 32.902 162.533 23.558 15.258 15.248 15.238 15.228 17.265 19.120 23.225 16.431 14.179 14.051 14.640 17.462 14.048 12.809 14.774 15.376 12.007 11.957 11.909 11.671 11.887 25.552
-9999.000 -9999.000 -9999.000 -9999.000 -9999.000 -9999.000 -9999.000 -9999.000 -9999.000 43.404 42.028 42.023 -9999.000 -9999.000 -9999.000 -9999.000 -9999.000 -9999.000 -9999.000 -9999.000 -9999.000 -9999.000 236.870 92.129 93.812 95.586 95.611 95.822 236.883 -9999.000 -9999.000 61.390 -9999.000 -9999.000 346.577 68.088 44.190 -9999.000 18.988 -9999.000 23.314 79.374 15.816 19.725 15.534 17.331 19.421 27.665 28.866 25.232 19.332 14.262 14.189 15.031 17.850 18.730 16.045 13.503 13.571 18.084 12.330 12.077 11.981 14.145 18.109 17.594
-9999.000 -9999.000 -9999.000 -9999.000 -9999.000 -9999.000 -9999.000 -9999.000 -9999.000 479.950 41.987 41.980 200.506 -9999.000 -9999.000 -9999.000 -9999.000 -9999.000 -9999.000 -9999.000 -9999.000 -9999.000 -9999.000 92.056 -9999.000 98.643 -9999.000 -9999.000 -9999.000 -9999.000 -9999.000 37.049 -9999.000 23.392 23.022 70.366 19.221 19.194 18.698 31.810 19.348 15.991 15.804 15.602 15.541 15.617 15.776 15.783 15.577 15.550 15.518 14.275 15.504 17.851 17.649 17.476 17.323 16.521 16.017 15.856 15.553 15.407 12.077 12.154 12.903 17.445
-9999.000 -9999.000 -9999.000 -9999.000 -9999.000 -9999.000 -9999.000 -9999.000 -9999.000 -9999.000 41.841 41.796 41.946 236.456 -9999.000 -9999.000 -9999.000 -9999.000 -9999.000 -9999.000 -9999.000 -9999.000 92.036 91.969 111.781 45.348 142.102 138.096 -9999.000 -9999.000 -9999.000 36.296 -9999.000 23.255 22.828 61.343 -9999.000 -9999.000 18.681 18.658 16.528 16.011 17.878 18.614 15.836 17.508 19.487 17.728 15.831 17.128 16.992 16.863 18.104 17.900 17.725 17.561 17.388 17.113 16.832 16.419 15.882 15.468 40.880 -9999.000 51.104 17.550
-9999.000 -9999.000 480.709 -9999.000 -9999.000 -9999.000 236.371 146.538 -9999.000 -9999.000 41.914 41.544 41.584 367.944 -9999.000 -9999.000 -9999.000 -9999.000 -9999.000 -9999.000 -9999.000 -9999.000 111.777 58.074 68.603 44.069 125.126 137.937 368.483 -9999.000 -9999.000 36.197 -9999.000 23.419 22.813 63.821 -9999.000 -9999.000 37.955 117.589 18.068 16.726 16.852 16.368 15.854 16.246 16.953 18.515 15.881 24.642 18.599 18.351 18.159 17.991 17.831 17.678 17.526 17.337 17.076 16.840 16.156 45.386 -9999.000 -9999.000 -9999.000 50.072
-9999.000 -9999.000 57.881 95.798 181.301 -9999.000 -9999.000 40.856 40.907 40.988 41.464 41.500 41.529 200.668 -9999.000 -9999.000 -9999.000 -9999.000 236.490 236.498 -9999.000 97.531 97.404 54.024 42.713 44.049 122.150 122.315 122.405 -9999.000 242.053 21.899 -9999.000 23.304 22.699 22.595 -9999.000 -9999.000 45.722 131.408 19.253 16.860 17.679 19.436 16.744 17.658 21.784 18.283 15.907 27.896 19.553 18.404 18.242 18.095 17.955 17.816 17.681 17.545 17.390 17.013 16.293 51.512 -9999.000 -9999.000 -9999.000 170.947
-9999.000 -9999.000 57.822 48.679 48.030 124.497 159.329 40.794 42.640 43.267 44.067 43.390 44.135 -9999.000 -9999.000 -9999.000 -9999.000 -9999.000 201.631 200.806 368.299 134.209 130.959 42.645 42.674 44.292 161.697 134.275 169.186 -9999.000 290.087 21.744 21.735 21.635 21.566 21.520 21.512 21.504 19.784 19.746 19.354 16.890 16.976 16.991 16.755 16.879 17.074 18.778 15.916 28.028 19.533 18.477 18.331 18.201 18.081 17.965 17.852 17.755 17.538 34.535 -9999.000 -9999.000 -9999.000 -9999.000 79.337 10.644
-9999.000 -9999.000 -9999.000 65.130 47.974 39.871 36.848 34.332 84.025 130.529 -9999.000 -9999.000 -9999.000 -9999.000 -9999.000 -9999.000 237.333 236.186 41.236 368.159 -9999.000 -9999.000 -9999.000 42.605 42.642 56.664 -9999.000 -9999.000 -9999.000 -9999.000 -9999.000 23.532 26.044 205.853 23.242 23.669 23.615 23.253 19.817 21.442 19.356 17.253 17.214 18.509 19.581 19.419 17.612 16.152 16.142 24.857 20.078 19.495 18.452 18.325 18.214 19.102 19.023 17.995 17.689 42.746 -9999.000 -9999.000 -9999.000 -9999.000 54.275 9.931
-9999.000 -9999.000 -9999.000 -9999.000 -9999.000 43.866 33.281 33.167 34.512 35.401 -9999.000 -9999.000 -9999.000 -9999.000 -9999.000 299.323 299.209 41.001 41.179 -9999.000 -9999.000 299.272 181.601 42.162 42.584 200.831 -9999.000 -9999.000 -9999.000 135.521 -9999.000 -9999.000 -9999.000 -9999.000 109.274 23.706 23.914 24.324 23.721 22.709 19.381 21.392 19.354 23.993 22.078 23.842 22.803 19.552 19.412 19.824 19.886 20.074 20.001 18.480 18.295 18.352 18.174 18.108 29.941 -9999.000 -9999.000 -9999.000 -9999.000 -9999.000 64.535 9.906
-9999.000 -9999.000 -9999.000 -9999.000 -9999.000 43.095 33.171 33.152 -9999.000 -9999.000 -9999.000 -9999.000 -9999.000 -9999.000 -9999.000 299.963 127.704 40.415 40.370 159.907 200.527 200.641 41.528 41.625 41.678 368.153 -9999.000 -9999.000 -9999.000 22.994 23.714 -9999.000 -9999.000 503.615 23.029 22.412 22.889 23.590 23.731 21.879 19.406 20.996 19.380 19.425 21.468 20.034 20.169 19.578 21.864 19.883 19.846 20.122 20.084 19.471 18.500 19.368 86.524 123.778 -9999.000 -9999.000 -9999.000 -9999.000 -9999.000 53.358 10.451 9.894
159.234 479.359 -9999.000 -9999.000 -9999.000 57.634 33.767 32.897 118.851 -9999.000 -9999.000 -9999.000 -9999.000 -9999.000 -9999.000 367.893 235.988 40.345 40.314 40.040 39.498 40.325 41.479 41.535 42.155 299.702 -9999.000 -9999.000 -9999.000 22.956 22.898 22.667 22.613 22.539 22.964 22.373 22.359 80.013 19.582 19.573 19.430 20.576 113.039 19.448 19.647 19.709 19.631 19.606 21.894 21.236 19.724 19.618 19.567 19.525 32.128 -9999.000 -9999.000 -9999.000 -9999.000 -9999.000 -9999.000 -9999.000 -9999.000 31.409 10.234 9.963
38.338 38.380 141.457 -9999.000 -9999.000 45.806 33.741 32.860 32.830 116.216 -9999.000 -9999.000 -9999.000 -9999.000 146.481 146.490 159.585 102.339 39.219 40.006 35.954 34.688 38.314 44.991 480.568 -9999.000 -9999.000 -9999.000 -9999.000 -9999.000 23.464 22.628 22.539 22.458 22.377 22.332 22.324 22.808 21.979 21.047 19.737 20.540 116.688 19.486 19.515 20.993 20.239 19.630 19.939 20.369 21.554 20.049 19.619 19.559 25.026 -9999.000 -9999.000 -9999.000 -9999.000 -9999.000 -9999.000 -9999.000 -9999.000 298.740 92.640 9.823
35.348 39.042 39.042 38.568 38.113 34.296 32.812 32.803 32.799 32.840 37.474 116.197 367.708 40.613 38.718 38.496 76.809 85.912 34.461 33.400 33.933 34.656 38.098 368.226 -9999.000 -9999.000 -9999.000 -9999.000 -9999.000 -9999.000 -9999.000 22.739 23.385 23.586 22.331 21.875 21.786 21.705 21.634 21.411 19.751 19.860 22.416 21.483 20.231 20.246 21.666 20.245 20.207 20.920 20.101 20.078 21.377 312.596 -9999.000 -9999.000 -9999.000 -9999.000 -9999.000 -9999.000 -9999.000 -9999.000 -9999.000 -9999.000 135.442 9.844
32.899 34.456 38.322 37.451 33.922 32.768 32.749 32.739 32.739 33.725 39.533 38.098 200.283 46.969 34.815 33.485 33.439 36.323 33.557 33.286 119.115 -9999.000 -9999.000 -9999.000 -9999.000 -9999.000 -9999.000 -9999.000 -9999.000 -9999.000 -9999.000 22.871 -9999.000 -9999.000 -9999.000 21.861 21.800 21.719 21.649 21.456 19.815 19.823 21.772 21.528 21.486 20.345 20.356 22.953 20.923 20.459 20.449 25.219 -9999.000 -9999.000 -9999.000 -9999.000 -9999.000 -9999.000 -9999.000 -9999.000 -9999.000 -9999.000 -9999.000 -9999.000 162.907 9.933
32.866 32.833 33.509 32.896 32.737 32.708 32.680 32.661 32.659 33.504 38.547 34.966 -9999.000 -9999.000 39.441 34.450 33.252 33.057 33.201 33.217 137.542 -9999.000 -9999.000 -9999.000 -9999.000 -9999.000 -9999.000 -9999.000 -9999.000 -9999.000 -9999.000 22.990 378.918 377.500 21.981 21.922 21.841 21.770 21.705 21.648 19.828 19.837 21.798 21.556 21.499 21.344 20.369 20.459 20.469 20.654 25.431 -9999.000 -9999.000 -9999.000 -9999.000 -9999.000 -9999.000 -9999.000 -9999.000 -9999.000 -9999.000 -9999.000 -9999.000 -9999.000 10.495 10.307
32.929 32.802 32.757 32.720 32.684 32.645 32.609 32.581 32.567 32.546 33.490 33.520 89.513 146.236 45.993 37.807 33.363 32.994 33.057 35.008 168.692 -9999.000 -9999.000 -9999.000 -9999.000 -9999.000 -9999.000 -9999.000 -9999.000 -9999.000 -9999.000 26.242 23.133 22.994 22.905 21.960 21.886 21.817 21.753 21.690 19.849 19.854 21.845 21.592 21.539 21.492 20.979 20.469 20.818 -9999.000 -9999.000 -9999.000 -9999.000 -9999.000 -9999.000 -9999.000 -9999.000 -9999.000 -9999.000 -9999.000 -9999.000 -9999.000 -9999.000 -9999.000 105.336 10.218
33.512 32.740 32.714 32.674 32.630 32.584 32.542 32.509 32.486 32.482 32.450 33.903 36.994 39.031 40.759 34.754 32.863 32.924 32.961 137.382 -9999.000 -9999.000 -9999.000 -9999.000 -9999.000 -9999.000 -9999.000 -9999.000 -9999.000 -9999.000 -9999.000 -9999.000 -9999.000 -9999.000 -9999.000 21.991 21.925 21.856 21.783 21.709 20.057 19.869 21.680 21.631 21.581 21.533 21.491 20.923 96.375 -9999.000 -9999.000 -9999.000 -9999.000 -9999.000 -9999.000 -9999.000 -9999.000 -9999.000 -9999.000 -9999.000 -9999.000 -9999.000 -9999.000 -9999.000 -9999.000 256.829
33.496 32.705 32.675 32.629 32.577 32.527 32.483 32.445 32.416 32.399 32.377 35.302 40.067 40.384 38.174 33.467 32.776 32.856 32.898 127.449 181.316 -9999.000 -9999.000 -9999.000 -9999.000 -9999.000 -9999.000 -9999.000 -9999.000 -9999.000 -9999.000 -9999.000 -9999.000 -9999.000 -9999.000 24.546 21.992 23.973 21.804 21.724 19.974 19.888 21.715 21.677 21.631 21.583 21.540 23.490 146.857 -9999.000 -9999.000 -9999.000 -9999.000 -9999.000 -9999.000 -9999.000 -9999.000 -9999.000 -9999.000 -9999.000 -9999.000 12.222 -9999.000 -9999.000 -9999.000 -9999.000
32.855 32.684 32.639 32.583 32.527 32.476 32.429 32.389 32.355 32.330 32.323 33.255 37.851 37.689 34.342 32.866 32.690 32.778 32.825 95.906 -9999.000 -9999.000 -9999.000 -9999.000 -9999.000 -9999.000 -9999.000 -9999.000 -9999.000 -9999.000 -9999.000 -9999.000 -9999.000 -9999.000 -9999.000 -9999.000 24.571 -9999.000 22.273 21.737 19.986 20.302 21.735 21.727 21.693 21.604 21.578 22.712 -9999.000 -9999.000 -9999.000 -9999.000 -9999.000 -9999.000 -9999.000 -9999.000 -9999.000 -9999.000 -9999.000 -9999.000 136.231 11.592 13.862 -9999.000 -9999.000 -9999.000
32.701 32.656 32.605 32.542 32.482 32.429 32.382 32.340 32.304 32.273 32.254 32.313 32.354 32.414 32.511 32.598 32.635 32.669 34.577 76.770 -9999.000 -9999.000 -9999.000 -9999.000 -9999.000 -9999.000 -9999.000 -9999.000 -9999.000 -9999.000 -9999.000 -9999.000 -9999.000 -9999.000 -9999.000 -9999.000 -9999.000 -9999.000 22.312 21.747 20.000 21.269 21.744 21.789 21.730 21.631 22.209 22.231 22.408 -9999.000 -9999.000 -9999.000 -9999.000 -9999.000 -9999.000 -9999.000 -9999.000 -9999.000 -9999.000 -9999.000 -9999.000 11.538 11.608 15.551 374.843 10.348
32.859 33.014 32.579 32.508 32.443 32.388 32.340 32.299 32.262 32.228 32.204 32.254 32.325 32.409 32.465 32.537 32.600 35.838 124.470 168.389 41.803 37.804 102.193 -9999.000 -9999.000 181.218 -9999.000 -9999.000 -9999.000 -9999.000 -9999.000 -9999.000 -9999.000 -9999.000 -9999.000 218.200 219.245 380.277 25.836 20.985 20.081 21.742 23.848 21.874 21.992 22.146 22.228 22.255 22.288 23.819 -9999.000 -9999.000 -9999.000 -9999.000 -9999.000 -9999.000 -9999.000 -9999.000 -9999.000 -9999.000 446.978 11.483 12.202 11.608 11.559 8.387
34.770 34.732 32.916 32.486 32.413 32.353 32.304 32.263 32.225 32.192 32.174 32.196 32.226 32.394 32.433 32.498 32.619 100.004 146.109 41.783 38.688 36.694 36.819 38.252 40.257 146.232 -9999.000 -9999.000 -9999.000 -9999.000 -9999.000 -9999.000 -9999.000 -9999.000 215.940 23.992 22.977 22.829 22.764 22.952 20.887 26.039 -9999.000 24.549 22.144 22.233 22.256 22.285 22.441 -9999.000 -9999.000 -9999.000 -9999.000 -9999.000 -9999.000 -9999.000 10.909 10.212 -9999.000 -9999.000 11.315 11.414 11.519 12.196 8.496 8.412
38.477 37.373 33.631 32.468 32.405 32.330 32.278 32.234 32.193 32.123 32.036 34.752 35.601 32.737 32.466 32.571 33.601 37.092 36.454 35.290 36.466 36.515 41.805 47.928 235.893 480.847 -9999.000 -9999.000 -9999.000 -9999.000 -9999.000 484.576 381.316 -9999.000 34.153 27.879 23.019 22.764 22.599 22.460 21.545 -9999.000 -9999.000 -9999.000 25.369 22.272 22.292 22.320 22.360 442.071 -9999.000 -9999.000 -9999.000 -9999.000 -9999.000 79.223 10.209 10.182 11.144 11.202 11.269 11.327 11.671 8.794 8.470 8.441
46.510 38.680 34.691 32.432 32.334 32.289 32.260 32.236 32.085 32.048 32.001 67.793 130.055 43.716 37.486 33.386 33.422 33.611 33.636 35.094 127.413 -9999.000 -9999.000 -9999.000 -9999.000 -9999.000 -9999.000 -9999.000 -9999.000 145.837 135.536 379.476 379.830 380.980 -9999.000 29.479 23.602 26.014 24.362 21.807 21.603 -9999.000 -9999.000 -9999.000 -9999.000 28.089 22.335 22.359 23.810 -9999.000 -9999.000 -9999.000 -9999.000 -9999.000 -9999.000 -9999.000 82.410 9.474 11.393 11.379 11.327 11.267 11.160 8.574 8.501 8.616
106.154 64.545 37.782 36.484 37.663 37.166 33.728 32.094 32.051 32.015 31.977 94.849 -9999.000 -9999.000 -9999.000 76.688 39.119 33.947 33.666 298.802 -9999.000 -9999.000 -9999.000 -9999.000 -9999.000 -9999.000 -9999.000 -9999.000 -9999.000 94.058 93.232 114.022 321.109 379.838 -9999.000 29.700 23.797 24.265 23.278 21.834 21.807 141.403 -9999.000 -9999.000 -9999.000 -9999.000 23.815 22.771 -9999.000 -9999.000 -9999.000 -9999.000 -9999.000 -9999.000 -9999.000 -9999.000 -9999.000 9.328 9.230 9.965 11.942 13.001 8.626 8.594 10.156 -9999.000
