results1/res_4e8f-0039.wd
ncols         241
nrows         181
xllcorner     12693529.787448
yllcorner     3542525.717860
cellsize      155.156523
NODATA_value  -9999.000000
[rows 33 to 65 of 181, columns 74 to 147 of 241]
0.000 0.000 0.000 0.000 0.000 0.000 0.000 0.000 0.000 0.000 0.000 0.000 0.000 0.000 0.000 0.000 0.000 0.000 0.000 0.000 0.000 0.000 0.000 0.000 0.000 0.000 0.000 0.000 0.000 0.000 0.000 0.000 0.000 0.000 0.000 0.000 0.000 0.000 30.819 53.819 58.820 14.821 0.000 0.000 23.880 37.896 4.885 0.000 27.919 30.926 24.926 25.919 26.902 26.878 26.846 26.810 25.777 31.755 51.753 0.000 4.906 2.701 37.961 54.604 59.248 57.907 58.602 57.225 59.395 54.523 54.119 54.227 56.564 55.856
0.000 0.000 0.000 0.000 0.000 0.000 0.000 0.000 0.000 0.000 0.000 0.000 0.000 0.000 0.000 0.000 0.000 0.000 0.000 0.000 0.000 0.000 0.000 0.000 0.000 0.000 0.000 0.000 0.000 0.000 0.000 0.000 0.000 0.000 0.000 0.000 0.000 0.000 0.000 5.819 0.819 0.000 0.000 0.000 0.000 19.944 0.000 0.000 17.940 41.961 40.964 30.956 26.936 26.905 26.861 26.808 25.754 47.718 45.735 0.000 28.090 40.828 54.373 58.976 58.601 58.263 57.856 58.998 55.087 54.374 54.744 57.117 56.420 56.240
0.000 0.000 0.000 0.000 0.000 0.000 0.000 0.000 0.000 0.000 0.000 0.000 0.000 0.000 0.000 0.000 0.000 22.159 54.160 7.160 0.000 0.000 0.000 0.000 0.000 0.000 0.000 0.000 0.000 0.000 0.000 0.000 0.000 0.000 0.000 0.000 0.000 0.000 0.000 0.000 0.000 0.000 0.000 0.000 0.000 11.993 0.000 0.000 0.000 20.015 38.013 38.004 28.983 26.944 26.885 24.806 40.713 49.627 0.000 13.976 38.537 53.148 59.728 59.320 58.948 58.507 60.616 56.669 54.756 55.274 57.666 56.975 56.802 56.537
0.000 0.000 0.000 0.000 0.000 0.000 0.000 0.000 0.000 0.000 9.152 47.152 0.000 0.000 0.000 0.000 0.000 29.160 80.160 36.160 0.000 0.000 0.000 0.000 0.000 0.000 0.000 0.000 0.000 0.000 0.000 0.000 0.000 0.000 0.000 0.000 0.000 0.000 0.000 0.000 0.000 0.000 0.000 0.000 0.000 15.042 16.066 23.080 9.084 19.070 27.069 40.066 31.046 27.003 23.928 34.819 44.665 33.450 9.013 38.415 55.935 60.498 60.066 59.661 59.184 59.255 58.275 55.253 55.824 58.224 57.534 57.364 57.098 56.847
0.000 0.000 0.000 0.000 0.000 0.000 0.000 0.000 0.000 0.000 30.152 65.152 54.153 41.154 0.000 0.000 14.161 68.161 76.161 41.161 0.000 0.000 0.000 0.000 14.034 0.000 0.000 0.000 0.000 0.000 0.000 0.000 0.000 0.000 0.000 0.000 0.000 0.000 0.000 0.000 2.069 20.069 0.000 0.000 31.070 46.066 49.077 47.090 33.102 27.113 26.129 40.142 31.135 23.093 37.007 50.877 38.679 26.496 41.173 45.738 58.289 60.839 60.407 59.895 59.923 57.911 55.866 56.401 58.801 58.111 57.938 57.668 57.411 57.153
0.000 0.000 0.000 0.000 0.000 0.000 0.000 0.000 0.000 0.000 1.152 63.153 46.154 27.155 0.000 10.161 60.161 71.162 78.162 37.162 0.000 0.000 0.000 0.000 52.034 36.034 0.000 0.000 0.000 0.000 0.000 0.000 0.000 0.000 0.000 15.062 27.062 29.062 0.000 0.000 11.069 36.070 15.071 29.073 52.074 55.077 56.086 53.100 40.122 27.151 24.191 41.240 32.258 36.227 54.129 48.003 0.000 24.682 43.446 56.075 61.640 61.192 60.650 60.632 58.588 56.614 57.015 59.407 58.714 58.536 58.258 57.990 57.719 57.455
0.000 0.000 0.000 0.000 0.000 0.000 0.000 0.000 0.000 0.000 0.000 0.000 14.156 52.157 48.159 36.161 49.162 69.163 80.163 33.164 0.000 0.000 0.000 0.000 14.034 38.035 40.036 0.000 0.000 0.000 0.000 0.000 0.000 0.000 0.000 31.062 32.062 44.063 27.064 16.066 30.068 31.070 27.072 34.074 41.076 39.081 32.089 51.104 17.134 33.177 36.246 26.369 38.431 51.428 48.278 0.000 0.124 36.104 52.853 61.477 62.020 61.469 61.401 58.328 57.542 57.677 60.050 59.353 59.167 58.880 58.599 58.309 58.021 57.749
0.000 0.000 0.000 0.000 0.000 0.000 0.000 0.000 0.000 0.000 0.000 0.000 4.157 71.158 66.160 56.162 46.164 70.165 78.166 73.166 58.168 13.168 0.000 0.000 0.000 0.000 48.036 32.037 30.038 41.039 36.039 0.000 0.000 0.000 0.000 31.062 30.062 51.063 57.064 46.066 38.067 30.069 27.072 28.074 29.077 28.081 26.086 34.092 0.000 0.000 0.000 31.559 54.670 52.777 0.000 0.000 36.243 49.772 59.396 62.928 62.478 63.242 59.171 58.741 58.414 60.745 60.038 59.839 59.541 59.249 58.943 58.627 58.308 58.023
0.000 0.000 0.000 0.000 0.000 0.000 0.000 0.000 0.000 0.000 0.000 0.000 0.000 4.159 43.161 18.164 54.166 73.167 78.168 76.169 74.169 63.169 22.169 0.000 0.000 0.000 4.037 43.037 43.038 56.039 54.040 47.041 42.042 0.000 0.000 0.000 35.061 54.062 61.064 53.065 37.067 26.069 27.072 27.074 27.077 27.080 27.083 31.086 0.000 0.000 0.000 1.759 38.912 8.233 5.936 41.033 45.713 57.365 63.931 63.759 61.970 60.256 60.366 59.265 61.517 60.784 60.561 60.246 59.941 59.626 59.299 58.947 58.561 59.242
0.000 0.000 0.000 0.000 0.000 0.000 0.000 0.000 0.000 0.000 0.000 0.000 0.000 0.000 0.000 75.168 75.169 77.171 77.172 76.171 70.171 64.170 35.170 0.000 0.000 0.000 0.000 0.000 11.039 56.039 50.040 65.042 62.043 41.046 20.050 21.055 30.060 52.062 61.063 52.065 35.067 25.069 30.072 29.075 27.077 27.079 27.081 28.082 20.081 0.000 0.000 0.000 0.000 0.905 43.541 46.447 54.237 64.903 64.982 63.327 65.154 62.679 60.302 62.402 61.614 61.347 61.000 60.673 60.345 60.016 59.679 58.304 66.745 64.371
0.000 0.000 0.000 0.000 0.000 9.468 32.468 0.000 10.459 50.459 39.458 43.457 18.456 0.000 0.000 11.170 83.173 77.175 74.176 71.175 74.173 65.172 28.170 0.000 0.000 0.000 0.000 0.000 0.000 0.000 0.010 54.042 55.043 6.045 0.000 0.000 34.061 52.062 57.063 47.064 38.066 36.067 0.000 5.076 33.077 27.079 27.080 28.081 34.081 42.080 4.080 0.000 0.000 16.530 49.205 52.992 63.738 65.913 65.539 68.948 67.496 61.699 63.451 62.555 62.210 61.812 61.450 61.096 60.751 60.414 60.096 65.844 0.000 0.000
0.000 0.000 0.000 0.000 0.000 9.468 52.468 0.000 44.460 46.459 58.458 41.457 26.456 0.000 0.000 0.000 68.177 80.182 77.182 77.180 78.176 72.173 26.170 0.000 0.000 0.000 0.000 0.000 0.000 0.000 0.000 0.000 39.043 0.000 0.000 0.000 40.061 37.062 49.063 6.063 0.000 0.000 0.000 0.000 0.000 37.079 31.079 0.000 24.080 58.080 41.080 0.000 0.000 20.973 54.728 63.568 66.646 66.385 70.630 69.935 63.100 64.593 63.589 63.147 62.684 62.274 61.885 61.512 61.148 60.793 60.448 65.133 7.907 0.000
51.491 41.492 0.000 0.000 0.000 3.469 63.469 39.467 41.463 47.460 71.458 72.457 67.456 21.455 0.000 0.000 0.000 28.194 82.192 77.186 78.180 75.173 34.168 0.000 0.000 0.000 0.000 0.000 0.000 0.000 0.000 0.000 0.000 0.000 0.000 0.000 0.000 0.000 0.000 0.000 0.000 0.000 0.000 0.000 0.000 0.000 12.079 9.079 0.000 0.000 0.000 0.000 10.067 47.577 64.533 66.194 67.109 71.442 71.120 64.108 65.621 64.614 64.112 63.593 63.136 62.709 62.306 61.917 61.538 61.160 60.771 63.331 46.682 3.747
63.492 45.493 41.494 0.000 0.000 0.000 55.474 57.470 57.465 69.461 66.459 78.457 77.455 38.454 0.000 0.000 0.000 4.209 84.204 77.195 78.183 75.171 35.161 0.000 0.000 0.000 44.000 55.990 24.981 0.000 0.000 0.000 0.000 0.000 0.000 0.000 0.000 0.000 0.000 0.000 0.000 0.000 0.000 0.000 0.000 0.000 0.000 0.000 0.000 0.000 0.000 7.873 48.446 65.459 66.062 72.212 71.746 65.315 65.879 66.369 65.529 65.029 64.494 64.007 63.551 63.122 62.711 62.315 61.926 61.539 68.146 8.739 0.000 16.782
68.493 47.494 48.495 40.496 0.000 45.490 40.483 48.473 61.466 65.461 76.459 77.457 76.455 45.453 0.000 0.000 0.000 3.230 83.221 77.206 78.188 73.168 53.145 37.110 38.076 38.043 46.011 66.988 33.973 0.000 0.000 0.000 0.000 0.000 0.000 0.000 0.000 0.000 0.000 0.000 0.000 0.000 0.000 0.000 0.000 0.000 0.000 0.000 0.000 5.808 36.615 46.183 65.218 66.850 73.531 72.963 65.811 67.533 66.868 66.320 65.847 65.338 64.852 64.386 63.941 63.515 63.103 62.704 62.313 68.924 14.535 0.000 0.000 1.878
63.494 61.495 44.496 48.497 48.498 39.497 32.496 0.000 0.000 7.460 66.458 77.457 75.455 60.451 27.443 0.000 0.000 52.260 73.243 78.220 77.195 78.169 68.141 44.109 41.076 40.043 49.011 66.981 49.950 35.908 36.874 40.849 51.833 15.826 0.000 0.000 0.000 0.000 0.000 0.000 0.000 0.000 0.000 0.000 0.000 0.000 0.000 0.000 0.000 16.979 56.847 64.830 67.514 74.326 73.976 66.481 68.157 67.385 67.015 66.569 66.105 65.643 65.187 64.744 64.314 63.894 63.483 63.086 68.697 15.310 0.000 0.000 0.000 0.903
9.496 77.498 48.499 42.499 43.501 45.505 45.508 34.514 0.000 0.000 0.000 11.458 82.459 72.451 50.435 42.405 49.364 48.308 50.271 58.237 59.204 46.172 43.141 41.109 41.077 40.043 49.009 63.974 42.938 39.900 44.866 60.840 63.824 48.820 22.820 0.000 0.000 0.000 0.000 0.000 0.000 0.000 0.000 0.000 0.000 0.000 0.000 0.000 7.711 49.607 65.261 68.130 74.781 74.593 67.117 68.776 68.005 67.656 67.231 66.806 66.373 65.940 65.511 65.090 64.675 64.263 63.849 69.459 15.078 0.000 0.000 0.000 0.000 0.000
76.498 77.501 63.503 0.000 0.000 50.515 46.518 57.520 48.520 0.000 0.000 0.000 70.472 67.461 52.443 43.415 40.380 40.338 43.297 56.252 64.211 67.174 60.142 50.111 43.079 42.044 58.008 60.969 35.929 39.889 39.851 40.820 44.802 23.811 0.000 0.000 0.000 0.000 0.000 0.000 0.000 0.000 0.000 0.000 0.000 0.000 10.764 42.482 50.410 63.978 75.322 74.975 68.078 68.698 69.291 68.622 68.273 67.862 67.459 67.051 66.641 66.232 65.827 65.428 65.034 65.636 72.190 15.825 0.000 0.000 0.000 0.000 0.000 0.000
77.501 77.504 77.509 64.516 47.521 47.523 47.527 38.530 0.000 4.527 11.527 63.517 60.496 63.479 56.459 57.434 57.403 57.368 60.327 55.265 55.216 57.172 61.142 62.114 60.083 56.048 67.008 64.966 52.921 53.875 53.830 55.787 30.755 0.000 0.000 0.000 0.000 0.000 0.000 0.000 0.000 0.000 0.000 0.000 0.000 45.244 45.936 67.023 67.643 76.367 75.908 70.515 70.256 69.669 69.225 68.867 68.470 68.082 67.690 67.299 66.908 66.520 66.138 65.762 66.398 70.056 2.709 0.000 0.000 0.000 0.000 0.000 0.000 0.000
76.503 76.508 77.513 74.519 52.525 46.531 47.537 48.544 40.553 0.000 55.538 52.530 53.516 54.500 49.481 53.458 58.431 66.403 51.378 0.000 0.000 2.155 60.140 56.122 56.093 56.055 56.013 55.965 55.915 55.862 55.806 53.745 48.676 21.585 0.000 0.000 41.697 48.564 60.384 30.233 0.000 0.000 0.000 0.000 46.801 57.544 69.512 70.199 77.035 76.737 71.113 70.817 70.107 69.801 69.434 69.056 68.679 68.301 67.923 67.546 67.172 66.803 66.441 67.086 69.737 17.397 0.000 0.000 0.000 0.000 0.000 0.000 0.000 19.338
66.506 66.511 77.516 77.522 67.529 43.538 46.547 47.555 47.563 53.566 62.557 46.548 43.538 41.525 48.508 63.487 62.462 47.434 27.406 0.000 0.000 0.000 0.000 45.141 40.110 40.069 40.021 39.969 40.912 43.852 44.786 44.711 43.619 44.494 43.299 43.088 51.830 58.610 56.356 63.082 60.739 55.412 53.072 55.617 67.358 70.923 70.755 77.439 77.269 71.697 71.381 70.660 70.359 69.988 69.623 69.256 68.888 68.521 68.154 67.790 67.430 67.080 67.738 68.403 7.070 0.000 0.000 0.000 0.000 0.000 0.000 0.000 0.000 30.354
32.510 44.514 72.518 76.525 57.533 40.544 39.557 47.569 47.577 46.580 40.575 41.568 47.564 64.554 63.539 46.520 39.496 29.465 0.000 49.389 58.362 54.320 55.264 58.191 61.139 60.089 61.035 63.976 62.913 59.848 61.776 56.695 42.597 46.473 45.316 50.135 67.927 74.689 71.349 65.002 59.720 61.445 68.072 73.068 71.609 77.945 77.624 71.600 73.238 71.858 71.227 70.914 70.541 70.180 69.817 69.455 69.096 68.739 68.384 68.029 68.679 66.348 62.030 13.716 0.000 0.000 0.000 0.000 0.000 0.000 0.000 0.000 16.425 20.390
0.000 37.517 56.520 67.525 42.534 34.549 41.570 39.586 46.597 47.602 47.595 40.586 57.596 49.589 38.575 41.556 33.540 0.000 58.452 61.416 61.378 63.334 64.281 67.221 71.167 70.114 70.055 69.986 71.917 72.849 70.777 58.695 44.599 46.487 46.355 46.209 49.054 22.871 0.000 84.854 126.715 104.438 70.524 72.170 78.908 78.479 72.008 74.767 72.209 71.795 71.465 71.097 70.736 70.372 70.009 69.651 69.301 68.957 68.614 70.263 64.908 53.604 8.317 0.000 0.000 0.000 0.000 0.000 0.000 0.000 0.000 14.493 27.459 16.425
0.000 0.000 13.520 48.523 30.528 0.000 36.588 41.607 41.624 47.637 36.616 0.000 41.644 39.633 41.615 42.592 52.567 66.538 63.488 65.445 71.402 81.356 125.305 122.247 122.194 122.144 122.086 122.998 106.920 38.857 41.787 39.709 47.620 46.520 43.410 41.294 23.208 0.000 0.000 0.000 51.724 68.890 73.612 79.556 79.262 71.569 73.299 72.625 72.348 72.006 71.651 71.293 70.929 70.563 70.197 69.841 69.500 70.175 68.852 60.502 49.085 6.844 0.000 0.000 0.000 0.000 0.000 0.000 0.000 0.000 5.557 26.527 18.494 6.461
11.418 0.456 63.517 41.520 0.000 0.000 0.000 35.630 48.654 40.708 0.000 0.000 49.704 40.685 51.659 64.630 64.597 69.561 72.517 65.473 51.430 42.385 38.335 36.267 39.220 40.180 27.149 0.000 43.911 40.869 39.808 43.734 47.651 44.564 36.471 43.347 24.278 0.000 0.000 47.211 64.210 74.003 79.986 79.798 72.115 73.831 73.154 72.887 72.544 72.201 71.850 71.491 71.126 70.753 70.375 70.014 70.685 66.389 55.117 11.809 0.000 0.000 0.000 0.000 0.000 0.000 0.000 0.000 0.000 0.000 23.588 22.563 8.531 5.497
81.432 69.441 0.000 0.000 0.000 0.000 0.000 0.000 0.000 44.834 42.866 50.846 47.784 47.744 47.708 64.671 78.632 67.591 47.547 45.503 40.459 42.418 33.384 0.000 45.239 42.209 31.181 0.000 44.943 39.901 40.841 47.768 45.687 43.614 25.562 0.000 0.000 43.848 41.724 58.517 74.451 80.214 72.991 73.582 74.270 73.692 73.423 73.086 72.752 72.407 72.054 71.695 71.331 70.950 71.534 71.157 60.836 45.581 8.416 0.000 0.000 0.000 0.000 0.000 0.000 0.000 0.000 0.000 0.000 12.691 24.644 12.606 4.570 18.535
67.458 57.449 0.000 0.000 58.270 51.264 45.255 0.000 0.000 62.930 59.917 46.887 47.843 47.799 48.757 69.714 121.670 114.624 61.578 116.532 37.486 41.443 41.401 43.354 41.287 41.237 41.185 43.115 39.018 38.952 47.888 46.812 43.714 38.643 27.603 0.000 0.000 45.971 52.844 74.873 73.786 80.566 74.038 74.648 74.220 73.953 73.631 73.305 72.968 72.621 72.266 71.905 71.553 73.183 68.654 50.244 36.921 38.684 4.550 0.000 0.000 0.000 0.000 0.000 0.000 0.000 0.000 7.827 12.796 26.739 20.691 10.649 19.610 19.572
54.514 0.000 0.000 0.000 41.277 50.268 47.246 65.200 59.134 64.037 71.987 62.945 47.900 47.854 47.808 46.760 40.710 35.659 40.608 37.560 41.513 41.467 41.422 41.374 41.320 41.266 41.209 40.141 45.063 47.000 47.946 31.879 0.000 31.643 0.000 0.000 0.000 50.194 72.138 76.172 81.607 81.128 74.131 74.803 74.465 74.172 73.860 73.533 73.194 72.845 72.482 72.107 70.792 32.577 0.000 0.000 0.000 0.000 0.000 0.000 0.000 0.000 4.091 0.000 0.000 0.000 0.921 9.859 25.823 19.777 10.731 20.689 16.648 7.609
42.609 47.732 0.000 46.289 42.293 41.285 59.261 52.220 68.165 77.100 57.049 43.004 40.959 43.911 46.860 47.807 47.751 40.693 39.638 40.586 40.538 41.492 41.447 41.401 46.352 43.300 40.244 41.178 44.094 48.041 37.017 0.000 0.000 0.000 0.000 5.909 125.794 69.511 76.550 74.550 82.023 73.932 76.467 77.968 74.712 74.415 74.103 73.774 73.429 74.082 70.710 58.250 48.932 6.754 0.000 0.000 0.000 0.000 0.000 0.000 0.000 6.092 6.091 6.086 7.066 7.029 7.975 21.911 21.862 5.815 8.770 10.726 7.685 5.645
27.672 21.854 46.159 42.286 41.321 52.318 56.294 67.256 74.208 40.146 39.107 40.065 42.020 40.971 37.916 45.857 46.793 47.727 46.664 40.609 39.561 38.516 39.473 45.431 104.386 72.340 52.288 35.233 0.000 50.053 58.065 0.000 0.000 0.000 0.000 50.027 60.934 77.829 75.883 82.740 82.397 75.022 75.564 76.245 74.968 74.674 74.362 74.030 74.667 73.345 26.028 0.000 0.000 0.000 0.000 0.000 0.000 0.000 0.000 0.000 0.000 13.094 9.096 6.103 7.083 5.047 17.000 23.948 7.899 8.852 16.807 14.763 8.721 5.680
0.000 0.000 39.338 42.374 44.387 65.374 76.340 90.301 72.265 1.219 58.166 58.130 42.086 42.036 40.978 38.912 41.838 47.757 45.684 46.627 48.580 46.539 44.500 40.462 35.424 40.385 35.336 0.000 0.000 0.000 44.125 36.140 0.000 0.000 0.000 60.236 77.125 77.219 75.256 83.050 74.731 77.242 78.761 75.517 75.240 74.951 74.643 74.317 71.862 26.604 0.000 0.000 0.000 0.000 0.000 0.000 0.000 0.000 0.000 0.000 12.429 0.000 0.000 14.145 4.117 15.077 27.031 14.983 9.935 14.888 18.842 11.798 6.756 4.714
0.000 0.000 37.481 43.487 59.480 70.450 118.393 112.343 114.308 120.282 116.239 117.203 42.160 42.109 41.047 40.975 39.891 34.778 44.689 46.634 47.594 45.560 47.527 47.494 48.463 41.440 0.000 0.000 0.000 0.000 45.170 30.155 0.000 0.000 51.713 73.521 77.469 76.470 83.611 83.339 75.786 76.342 77.042 75.791 75.528 75.246 75.943 50.734 0.000 0.000 0.000 0.000 0.000 0.000 0.000 0.000 0.000 24.542 13.516 3.477 7.429 7.373 8.304 8.217 11.162 24.113 21.065 16.017 16.969 14.923 12.877 8.832 5.789 7.748
0.000 0.000 38.618 55.613 63.596 69.552 40.439 39.372 38.341 35.326 36.307 36.281 42.244 42.193 58.127 58.052 33.971 0.000 31.658 44.628 46.602 44.580 46.554 46.525 47.494 43.472 0.000 0.000 0.000 43.294 28.232 0.000 0.000 53.031 61.898 78.760 77.671 76.864 83.864 75.448 77.983 80.529 76.315 76.076 75.834 74.563 62.149 20.941 0.000 0.000 0.000 0.000 0.000 10.678 5.667 5.645 5.613 9.568 21.529 24.487 10.439 5.385 7.323 9.258 24.201 23.149 9.100 18.051 19.004 17.957 10.911 6.866 5.822 15.780
