results1/res_4e8_norain-0014.wd
ncols         241
nrows         181
xllcorner     12693529.787448
yllcorner     3542525.717860
cellsize      155.156523
NODATA_value  -9999.000000
[rows 34 to 67 of 181, columns 75 to 149 of 241]
0.000 0.000 0.000 0.000 0.000 0.000 0.000 0.000 0.000 0.000 0.000 0.000 0.000 0.000 0.000 0.000 0.000 0.000 0.000 0.000 0.000 0.000 0.000 0.000 0.000 0.000 0.000 0.000 0.000 0.000 0.000 0.000 0.000 0.000 0.000 0.000 0.000 0.000 0.000 0.000 0.000 0.000 0.000 0.000 2.973 0.000 0.000 1.456 25.537 24.596 14.672 10.764 10.869 10.987 11.108 10.208 32.231 30.067 0.000 17.509 30.332 43.987 48.745 48.521 48.321 48.037 49.293 45.478 44.788 45.391 47.869 47.274 47.201 47.039 47.896
0.000 0.000 0.000 0.000 0.000 0.000 0.000 0.000 0.000 0.000 0.000 0.000 0.000 0.000 0.000 0.000 3.915 35.915 0.000 0.000 0.000 0.000 0.000 0.000 0.000 0.000 0.000 0.000 0.000 0.000 0.000 0.000 0.000 0.000 0.000 0.000 0.000 0.000 0.000 0.000 0.000 0.000 0.000 0.000 0.000 0.000 0.000 0.000 3.620 21.671 21.753 12.858 10.987 11.146 9.335 25.539 34.692 0.000 2.842 27.688 42.499 49.249 49.005 48.784 48.480 50.716 46.877 45.008 45.782 48.280 47.687 47.613 47.445 47.293 47.142
0.000 0.000 0.000 0.000 0.000 0.000 0.000 0.000 0.000 0.000 28.879 0.000 0.000 0.000 0.000 0.000 10.916 61.917 17.917 0.000 0.000 0.000 0.000 0.000 0.000 0.000 0.000 0.000 0.000 0.000 0.000 0.000 0.000 0.000 0.000 0.000 0.000 0.000 0.000 0.000 0.000 0.000 0.000 0.000 0.000 0.000 6.328 0.000 2.653 10.717 23.810 14.928 11.078 8.275 19.548 29.923 19.309 0.000 26.998 44.901 49.730 49.503 49.272 48.948 49.159 48.297 45.335 46.197 48.705 48.114 48.039 47.866 47.706 47.543 47.383
0.000 0.000 0.000 0.000 0.000 0.000 0.000 0.000 0.000 11.879 46.880 35.882 22.885 0.000 0.000 0.000 49.918 57.919 22.919 0.000 0.000 0.000 0.000 0.000 0.000 0.000 0.000 0.000 0.000 0.000 0.000 0.000 0.000 0.000 0.000 0.000 0.000 0.000 0.000 0.000 2.809 0.000 0.000 14.108 29.151 32.224 30.329 16.473 10.624 9.735 23.845 14.968 7.121 21.330 35.659 24.297 13.312 29.094 34.251 47.189 50.013 49.791 49.452 49.634 47.749 45.770 46.641 49.155 48.564 48.488 48.309 48.139 47.965 47.792 47.621
0.000 0.000 0.000 0.000 0.000 0.000 0.000 0.000 0.000 0.000 44.881 27.884 8.888 0.000 0.000 41.919 52.920 59.922 18.923 0.000 0.000 0.000 0.000 0.000 0.000 0.000 0.000 0.000 0.000 0.000 0.000 0.000 0.000 0.000 0.000 9.520 11.524 0.000 0.000 0.000 18.810 0.000 12.013 35.066 38.122 39.192 36.292 23.468 10.636 7.754 24.867 15.981 20.109 38.267 32.462 0.000 12.547 31.720 44.725 50.588 50.373 50.017 50.162 48.248 46.335 47.126 49.638 49.048 48.968 48.783 48.601 48.412 48.224 48.040 47.856
0.000 0.000 0.000 0.000 0.000 0.000 0.000 0.000 0.000 0.000 0.000 0.000 33.898 29.905 17.912 30.919 50.924 61.927 14.929 0.000 0.000 0.000 0.000 0.000 0.000 0.000 0.000 0.000 0.000 0.000 0.000 0.000 0.000 0.000 13.511 14.516 26.530 9.551 0.000 12.769 13.811 9.877 16.960 24.023 22.079 15.132 34.180 0.499 16.699 19.781 9.890 21.979 35.069 32.168 0.000 0.000 24.611 41.515 50.343 51.082 50.701 50.785 47.831 47.080 47.666 50.164 49.572 49.489 49.297 49.106 48.898 48.684 48.480 49.288 42.095
0.000 0.000 0.000 0.000 0.000 0.000 0.000 0.000 0.000 0.000 0.000 0.000 52.901 47.906 37.913 27.924 51.929 59.934 54.938 39.945 0.000 0.000 0.000 0.000 0.000 0.235 0.203 0.000 9.774 4.788 0.000 0.000 0.000 0.000 13.507 12.504 33.529 39.572 28.644 20.727 12.792 9.860 10.929 11.989 11.039 9.079 17.105 0.000 0.000 0.000 14.933 37.977 36.023 0.000 0.000 25.447 38.770 48.398 52.019 51.679 52.553 48.566 48.112 48.291 50.750 50.149 50.055 49.857 49.659 49.440 49.202 48.949 48.722 48.540 34.422
0.000 0.000 0.000 0.000 0.000 0.000 0.000 0.000 0.000 0.000 0.000 0.000 0.000 24.904 0.000 35.934 54.937 59.941 57.947 55.953 44.961 3.965 0.000 0.000 0.000 0.000 11.685 11.723 24.774 22.816 15.880 10.934 0.000 0.000 0.000 17.464 36.511 43.567 35.633 19.703 8.771 9.842 9.908 9.966 10.010 10.041 14.058 0.000 0.000 0.000 0.000 21.976 0.000 0.000 30.638 35.121 46.646 53.187 53.053 51.314 49.633 49.636 49.055 51.429 50.796 50.677 50.463 50.257 50.037 49.797 49.519 49.190 49.920 41.729 24.631
0.000 0.000 0.000 0.000 0.000 0.000 0.000 0.000 0.000 0.000 0.000 0.000 0.000 0.000 56.940 56.942 58.945 58.949 57.955 51.961 45.967 16.970 0.000 0.000 0.000 0.000 0.000 0.000 24.797 18.835 33.905 31.003 10.240 1.038 3.126 12.380 34.483 43.552 34.619 17.684 7.747 12.829 11.898 9.958 9.994 10.017 11.028 3.022 0.000 0.000 0.000 0.000 0.000 33.553 36.154 43.779 54.363 54.430 52.820 54.830 52.016 50.049 52.247 51.544 51.371 51.121 50.894 50.667 50.437 50.191 48.889 57.373 55.040 27.827 17.743
0.000 0.000 0.000 0.000 0.000 13.631 0.000 0.000 31.668 20.671 24.674 0.000 0.000 0.000 0.000 64.949 58.952 55.958 52.964 55.970 46.976 9.979 0.000 0.000 0.000 0.000 0.000 0.000 0.000 0.000 22.918 23.946 0.000 0.000 0.000 16.446 34.490 39.542 29.609 20.666 18.706 0.000 0.000 15.975 9.993 10.007 11.017 17.017 25.015 0.000 0.000 0.000 6.241 38.955 42.658 53.334 55.479 55.142 58.951 57.465 51.482 53.266 52.427 52.156 51.844 51.575 51.321 51.081 50.854 50.642 56.474 0.000 0.000 6.798 24.770
0.000 0.000 0.000 0.000 0.000 33.632 0.000 25.660 27.666 39.672 22.678 7.684 0.000 0.000 0.000 49.953 61.959 58.966 58.973 59.981 53.988 7.993 0.000 0.000 0.000 0.000 0.000 0.000 0.000 0.000 0.000 7.931 0.000 0.000 0.000 22.468 19.491 31.516 0.000 0.000 0.000 0.000 0.000 0.000 19.997 14.001 0.000 7.015 41.014 24.013 0.000 0.000 10.536 44.338 53.181 56.252 56.014 60.525 59.898 52.911 54.399 53.425 53.034 52.638 52.306 52.007 51.735 51.485 51.255 51.051 55.892 0.000 0.000 0.000 0.000
22.525 0.000 0.000 0.000 0.000 44.635 20.643 22.655 28.665 52.675 53.684 48.692 2.699 0.000 0.000 0.000 9.966 63.975 58.984 59.994 57.005 16.012 0.000 0.000 0.000 0.000 0.000 0.000 0.000 0.000 0.000 0.000 0.000 0.000 0.000 0.000 0.000 0.000 0.000 0.000 0.000 0.000 0.000 0.000 0.000 0.000 0.000 0.000 0.000 0.000 0.000 0.003 36.952 54.045 55.764 56.708 61.167 60.933 53.868 55.397 54.416 53.950 53.480 53.084 52.732 52.415 52.128 51.868 51.633 51.414 54.152 38.151 0.000 0.000 0.000
26.527 22.531 0.000 0.000 0.000 36.630 38.640 38.653 50.666 47.679 59.691 58.701 19.708 0.000 0.000 0.000 0.000 65.984 58.994 60.008 57.025 17.041 0.000 0.000 0.000 26.306 38.320 7.331 0.000 0.000 0.000 0.000 0.000 0.000 0.000 0.000 0.000 0.000 0.000 0.000 0.000 0.000 0.000 0.000 0.000 0.000 0.000 0.000 0.000 0.000 0.000 37.982 54.931 55.568 61.766 61.347 54.956 55.559 56.088 55.283 54.816 54.320 53.882 53.484 53.123 52.794 52.496 52.227 51.994 58.821 0.000 0.000 0.000 0.000 0.000
28.530 29.537 21.544 0.000 26.603 21.617 29.636 42.651 46.667 57.686 58.700 57.715 26.725 0.000 0.000 0.000 0.000 64.985 59.000 60.021 55.049 35.085 19.147 20.200 20.248 28.293 49.323 16.343 0.000 0.000 0.000 0.000 0.000 0.000 0.000 0.000 0.000 0.000 0.000 0.000 0.000 0.000 0.000 0.000 0.000 0.000 0.000 0.000 0.000 25.999 35.760 54.730 56.345 63.117 62.556 55.397 57.153 56.525 56.015 55.578 55.106 54.660 54.239 53.847 53.482 53.144 52.835 52.553 59.294 5.057 0.000 0.000 0.000 0.000 0.000
42.534 25.542 29.553 29.571 20.590 13.600 0.000 0.000 0.000 47.698 58.711 56.735 41.753 8.777 0.000 0.000 33.949 54.973 60.000 59.030 60.065 50.106 26.156 23.205 22.253 31.297 49.337 32.377 18.433 19.475 23.506 34.523 0.000 0.000 0.000 0.000 0.000 0.000 0.000 0.000 0.000 0.000 0.000 0.000 0.000 0.000 0.000 0.000 6.385 46.238 54.281 56.979 63.838 63.532 56.018 57.724 56.988 56.653 56.243 55.815 55.389 54.971 54.570 54.185 53.816 53.465 53.148 58.855 5.574 0.000 0.000 0.000 0.000 0.000 0.000
58.542 29.547 23.557 24.571 26.587 26.595 15.597 0.000 0.000 0.000 0.000 63.763 53.777 31.802 23.842 30.881 29.926 31.961 39.996 41.034 28.075 25.120 23.167 23.214 22.261 31.307 46.352 25.398 22.446 27.489 43.522 46.541 31.550 5.549 0.000 0.000 0.000 0.000 0.000 0.000 0.000 0.000 0.000 0.000 0.000 0.000 0.000 0.000 38.809 54.589 57.509 64.181 64.053 56.598 58.290 57.556 57.241 56.850 56.460 56.061 55.662 55.268 54.883 54.507 54.134 53.752 59.437 5.145 0.000 0.000 0.000 0.000 0.000 0.000 0.000
58.545 44.549 0.000 0.000 31.592 27.597 38.600 29.599 0.000 0.000 0.000 51.778 48.791 33.813 24.843 21.876 21.913 24.950 37.992 46.036 49.083 42.132 32.179 25.225 24.272 40.319 43.367 18.416 22.466 22.513 23.551 27.572 6.560 0.000 0.000 0.000 0.000 0.000 0.000 0.000 0.000 0.000 0.000 0.000 0.000 0.131 31.676 39.759 53.277 64.599 64.289 57.465 58.120 58.753 58.122 57.808 57.430 57.061 56.686 56.308 55.931 55.558 55.190 54.826 55.462 61.972 5.704 0.000 0.000 0.000 0.000 0.000 0.000 0.000 0.000
58.548 58.557 45.571 28.583 28.593 28.602 19.608 0.000 0.000 0.000 44.772 41.781 44.797 37.818 38.843 38.870 38.900 41.934 36.988 37.037 39.089 43.148 44.193 42.237 38.282 49.331 47.382 35.435 36.491 36.546 38.598 13.637 0.000 0.000 0.000 0.000 0.000 0.000 0.000 0.000 0.000 0.000 0.000 0.000 34.399 35.193 56.249 56.931 65.668 65.215 59.860 59.636 59.082 58.676 58.353 57.991 57.636 57.276 56.915 56.555 56.196 55.842 55.493 56.148 59.915 0.000 0.000 0.000 0.000 0.000 0.000 0.000 0.000 0.000 0.000
57.552 58.561 55.573 33.585 27.598 28.611 29.624 21.642 0.000 36.746 33.763 34.780 35.799 30.819 34.841 39.863 47.884 32.901 0.000 0.000 0.000 42.178 38.210 38.247 38.291 38.341 38.395 38.454 38.517 38.584 36.658 31.743 4.859 0.000 0.000 26.968 34.133 46.354 16.536 0.000 0.000 0.000 0.000 35.741 46.604 58.658 59.385 66.270 66.012 60.416 60.153 59.478 59.207 58.876 58.533 58.189 57.842 57.494 57.146 56.800 56.458 56.124 56.792 59.358 7.136 0.000 0.000 0.000 0.000 0.000 0.000 0.000 0.000 0.000 0.000
47.555 58.565 58.576 48.589 24.603 27.619 28.638 28.661 34.695 43.730 27.756 24.778 22.800 29.820 44.840 43.858 28.873 8.887 0.000 0.000 0.000 0.000 27.222 22.253 22.296 22.348 22.406 23.470 26.539 27.617 27.707 26.820 27.976 27.219 27.482 36.803 44.079 42.394 49.719 48.057 43.236 41.287 44.153 56.178 59.922 59.841 66.570 66.456 60.950 60.672 59.988 59.722 59.387 59.057 58.724 58.388 58.050 57.712 57.375 57.042 56.714 57.403 58.194 0.000 0.000 0.000 0.000 0.000 0.000 0.000 0.000 0.000 0.000 0.000 0.000
25.560 53.568 57.579 38.592 21.608 20.627 28.647 28.669 27.696 21.724 22.753 28.779 45.802 44.823 27.842 20.857 10.864 0.000 31.065 40.085 36.116 37.155 40.204 43.247 42.294 43.349 46.412 45.481 42.555 44.638 39.735 25.854 30.006 29.201 34.426 52.685 59.986 57.423 51.892 47.212 49.385 56.360 61.640 60.412 66.958 66.674 60.764 62.440 61.102 60.510 60.235 59.898 59.573 59.245 58.917 58.589 58.260 57.930 57.601 58.281 55.954 51.581 3.387 0.000 0.000 0.000 0.000 0.000 0.000 0.000 0.000 0.000 0.000 0.000 0.000
18.565 37.571 48.581 23.592 15.612 22.636 20.655 27.675 28.696 28.720 21.752 38.785 30.808 19.829 22.849 14.865 0.000 40.017 43.046 43.075 45.109 46.148 49.192 53.237 52.286 52.343 52.413 54.487 55.563 53.646 41.742 27.856 29.993 30.154 30.335 33.528 7.756 0.000 72.211 114.540 92.593 58.949 60.828 67.941 67.517 61.137 63.934 61.412 61.036 60.743 60.412 60.087 59.760 59.434 59.112 58.793 58.473 58.147 59.820 54.527 43.240 0.000 0.000 0.000 0.000 0.000 0.000 0.000 0.000 0.000 0.000 0.000 0.000 0.000 0.000
0.000 0.000 29.582 11.587 0.000 17.649 22.664 22.680 28.696 17.707 0.000 22.803 20.817 22.837 23.861 33.890 47.939 44.990 47.027 53.062 63.097 107.136 104.181 104.225 104.271 104.325 105.410 89.494 21.564 24.642 22.733 30.838 29.957 27.090 25.232 7.337 0.000 0.000 0.000 40.019 57.319 62.209 68.550 68.280 60.666 62.433 61.793 61.551 61.245 60.925 60.602 60.275 59.947 59.621 59.304 58.998 59.692 58.365 50.008 38.767 0.000 0.000 0.000 0.000 0.000 0.000 0.000 0.000 0.000 0.000 0.000 0.000 0.000 0.000 0.000
0.000 44.578 22.580 0.000 0.000 0.000 16.674 29.685 21.702 0.000 0.000 30.807 21.822 32.842 45.868 45.899 50.937 53.977 47.014 33.048 24.083 20.120 18.171 21.213 22.248 9.277 0.000 26.514 23.560 22.627 26.711 30.806 27.907 20.018 27.167 8.251 0.000 0.000 35.954 52.843 62.664 68.919 68.764 61.184 62.936 62.291 62.057 61.747 61.438 61.120 60.796 60.466 60.132 59.799 59.487 60.203 55.934 44.612 1.383 0.000 0.000 0.000 0.000 0.000 0.000 0.000 0.000 0.000 0.000 0.000 0.000 0.000 0.000 0.000 0.000
7.082 0.000 0.000 0.000 0.000 0.000 0.000 0.000 25.726 23.748 31.772 28.799 28.821 28.844 45.871 59.900 48.934 28.969 27.003 22.036 24.067 15.092 0.000 27.208 24.234 13.259 0.000 27.491 22.534 23.598 30.677 28.768 26.850 8.910 0.000 0.000 32.785 30.637 47.370 63.273 69.097 62.018 62.635 63.353 62.805 62.565 62.258 61.955 61.642 61.322 60.995 60.662 60.317 60.957 60.643 50.393 35.230 0.000 0.000 0.000 0.000 0.000 0.000 0.000 0.000 0.000 0.000 0.000 0.000 0.000 0.000 0.000 0.000 0.000 0.000
0.000 0.000 0.000 38.567 31.577 25.589 0.000 0.000 43.728 40.747 27.771 28.795 28.820 29.844 50.871 102.900 95.931 42.963 97.995 19.026 23.058 23.090 25.129 23.180 23.221 23.267 25.335 21.425 21.489 30.554 29.634 26.739 21.817 10.863 0.000 0.000 34.933 41.795 63.805 62.707 69.467 63.084 63.719 63.315 63.074 62.777 62.479 62.171 61.855 61.531 61.201 60.872 62.518 58.070 39.737 26.498 28.363 0.000 0.000 0.000 0.000 0.000 0.000 0.000 0.000 0.000 0.000 0.000 0.000 0.000 0.000 0.000 0.000 0.000 0.000
0.000 0.000 0.000 21.558 30.577 27.602 45.639 39.675 44.714 52.743 43.769 28.794 28.819 28.844 27.870 21.898 16.927 21.957 18.988 23.019 23.050 23.082 23.119 23.161 23.204 23.253 22.314 27.385 29.444 30.498 14.565 0.000 14.816 0.000 0.000 0.000 39.191 61.134 65.171 70.663 70.124 63.200 63.890 63.571 63.300 63.010 62.708 62.395 62.076 61.747 61.407 60.107 21.812 0.000 0.000 0.000 0.000 0.000 0.000 0.000 0.000 0.000 0.000 0.000 0.000 0.000 0.000 0.000 0.000 0.000 0.000 0.000 0.000 0.000 0.000
6.898 0.000 26.483 22.532 21.570 39.604 32.640 48.674 57.710 37.742 23.769 21.795 24.819 27.844 28.869 28.896 21.924 20.953 21.982 22.011 23.041 23.072 23.105 28.142 25.183 22.229 23.285 26.358 30.406 19.429 0.000 0.000 0.000 0.000 0.000 114.807 58.545 65.589 63.595 71.120 63.016 65.559 67.070 63.829 63.549 63.256 62.948 62.628 63.309 59.973 47.573 38.340 0.000 0.000 0.000 0.000 0.000 0.000 0.000 0.000 0.000 0.000 0.000 0.000 0.000 0.000 0.000 0.000 0.000 0.000 0.000 0.000 0.000 0.000 0.000
0.793 26.261 22.435 21.517 32.568 36.607 47.642 54.674 20.710 19.747 20.773 22.797 21.820 18.843 26.867 27.893 28.921 27.950 21.978 21.005 20.032 21.060 27.089 86.121 54.156 34.196 17.240 0.000 32.394 40.383 0.000 0.000 0.000 0.000 39.225 50.044 66.916 64.968 71.892 71.525 64.127 64.672 65.361 64.094 63.813 63.517 63.202 63.859 62.559 15.266 0.000 0.000 0.000 0.000 0.000 0.000 0.000 0.000 0.000 0.000 0.000 0.000 0.000 0.000 0.000 0.000 0.000 0.000 0.000 0.000 0.000 0.000 0.000 0.000 0.000
0.000 19.414 22.479 24.535 45.579 56.615 70.647 52.671 0.000 38.763 38.781 22.801 22.822 21.843 19.865 22.890 28.919 26.948 27.975 29.999 28.023 26.047 22.072 17.098 22.126 17.160 0.000 0.000 0.000 26.328 18.314 0.000 0.000 0.000 49.406 66.266 66.341 64.373 72.220 63.855 66.362 67.882 64.643 64.373 64.093 63.797 63.484 61.049 15.804 0.000 0.000 0.000 0.000 0.000 0.000 0.000 0.000 0.000 0.000 0.000 0.000 0.000 0.000 0.000 0.000 0.000 0.000 0.000 0.000 0.000 0.000 0.000 0.000 0.000 0.000
0.000 17.504 23.532 39.566 50.599 98.629 92.662 94.694 100.733 96.764 97.786 22.806 22.825 21.843 21.862 20.885 15.918 25.951 27.975 28.995 27.015 29.035 29.055 30.075 23.090 0.000 0.000 0.000 0.000 27.289 12.301 0.000 0.000 40.895 62.694 66.628 65.621 72.814 72.526 64.922 65.474 66.175 64.926 64.667 64.391 65.094 39.891 0.000 0.000 0.000 0.000 0.000 0.000 0.000 0.000 0.000 0.000 0.000 0.000 0.000 0.000 0.000 0.000 0.000 0.000 0.000 0.000 0.000 0.000 0.000 0.000 0.000 0.000 0.000 0.000
0.000 18.566 35.580 43.600 49.621 20.642 19.678 18.710 15.744 16.773 16.796 22.814 22.829 38.842 38.855 14.869 0.000 12.965 25.979 27.993 26.007 28.023 28.040 29.057 25.069 0.000 0.000 0.000 25.189 10.238 0.000 0.000 42.230 51.089 67.943 66.845 66.031 73.079 64.605 67.130 69.672 65.457 65.218 64.978 63.709 51.299 10.094 0.000 0.000 0.000 0.000 0.000 0.000 0.000 0.000 0.000 0.000 0.000 0.000 0.000 0.000 0.000 0.000 0.000 0.000 0.000 0.000 0.000 0.000 0.000 0.000 0.000 0.000 0.000 0.000
0.000 26.616 43.623 42.633 42.643 0.000 14.700 14.723 27.761 23.790 22.811 22.826 21.837 97.843 85.849 0.000 0.000 0.000 19.985 14.992 20.000 23.011 23.026 25.046 26.062 31.077 32.092 33.112 24.140 0.000 0.000 31.371 81.372 63.290 67.154 67.243 65.307 73.322 65.733 66.211 66.954 65.732 65.516 66.319 36.170 0.000 0.000 0.000 0.000 0.000 0.000 0.000 0.000 0.000 0.000 0.000 0.000 0.000 0.000 0.000 0.000 0.000 0.000 0.000 0.000 0.000 0.000 0.000 0.000 0.000 0.000 0.000 0.000 0.000 0.000
0.000 14.660 38.663 37.669 31.676 0.000 0.000 0.000 20.787 33.815 22.832 21.844 22.850 3.846 0.000 0.000 0.000 0.000 0.000 0.000 30.989 28.996 27.010 10.038 13.058 20.076 21.090 26.104 17.122 0.000 0.000 0.000 41.598 59.518 66.464 66.569 73.752 73.546 65.811 66.498 66.211 66.004 65.797 60.612 18.482 0.000 0.000 15.655 0.000 0.000 0.000 0.000 0.000 0.000 0.000 0.000 0.000 0.000 0.000 0.000 0.000 0.000 0.000 0.000 0.000 0.000 0.000 0.000 0.000 0.000 0.000 0.000 0.000 0.000 0.000
