results1/res_4e8f-0199.wd
ncols         241
nrows         181
xllcorner     12693529.787448
yllcorner     3542525.717860
cellsize      155.156523
NODATA_value  -9999.000000
[rows 33 to 65 of 181, columns 146 to 218 of 241]
64.904 64.120 63.845 64.482 31.141 42.812 64.498 58.184 36.762 0.000 0.000 36.588 12.588 17.588 33.590 58.594 45.593 11.591 0.000 0.516 50.501 58.488 16.464 43.438 35.417 36.394 40.356 49.319 67.279 58.249 53.220 48.197 49.178 49.160 48.144 47.128 46.110 54.091 64.072 56.055 56.040 54.025 33.011 46.998 54.989 0.000 25.564 30.536 54.466 52.407 57.351 67.299 60.255 55.235 10.224 0.000 38.176 38.167 45.164 23.167 0.000 0.000 0.000 0.000 0.000 0.000 0.000 0.000 0.000 0.000 0.000 0.000 0.000
64.855 64.601 64.254 64.925 42.603 60.300 63.033 56.842 0.000 0.000 14.587 38.587 0.000 0.000 0.000 42.604 42.599 50.589 13.569 63.544 51.515 38.492 47.468 38.442 36.416 36.389 35.357 37.323 65.289 63.258 63.231 65.206 58.185 60.166 59.148 59.130 59.112 60.095 64.077 62.062 63.047 58.034 35.022 34.013 7.008 0.000 22.508 36.490 44.454 39.403 45.348 58.290 58.256 56.235 14.225 0.000 0.000 43.154 15.151 0.000 0.000 0.000 0.000 0.000 2.045 45.039 44.033 46.027 36.023 39.019 6.017 0.000 0.000
65.335 64.998 64.676 64.356 64.047 64.754 56.492 43.308 0.000 0.000 0.000 6.587 0.000 0.000 0.000 39.619 36.611 49.596 54.576 46.551 55.524 53.499 34.472 35.445 36.418 36.389 48.358 52.326 56.295 49.265 46.238 56.213 30.190 37.170 32.151 32.133 32.115 35.098 61.082 50.067 48.054 50.042 35.032 37.025 17.021 0.000 32.469 89.463 14.459 0.000 0.000 7.258 59.241 58.226 17.216 0.000 0.000 40.143 37.135 39.118 37.104 45.091 51.079 43.066 65.051 72.040 70.032 55.026 35.021 34.018 38.015 8.013 0.000
65.732 65.411 65.090 64.777 65.473 60.175 41.874 32.591 41.591 0.000 0.000 0.000 0.000 0.000 0.000 36.642 35.628 38.609 34.586 45.560 48.533 51.505 40.477 35.449 35.420 35.391 60.360 66.330 48.300 42.270 42.242 43.217 40.194 40.173 40.153 41.135 44.117 41.100 62.085 54.071 52.058 52.048 34.039 48.033 74.030 0.000 24.437 77.433 0.000 0.000 0.000 9.242 59.226 57.212 35.197 40.172 38.154 36.140 36.128 36.115 35.102 42.091 49.080 36.068 54.052 72.038 68.030 48.024 33.019 33.015 38.013 6.011 0.000
66.146 65.818 65.498 65.189 61.893 47.601 36.237 0.000 0.000 0.000 0.000 40.803 3.789 9.765 1.734 35.680 36.652 36.626 35.599 35.571 41.542 34.513 34.483 36.453 35.423 34.393 58.363 55.333 63.304 67.273 66.244 61.219 57.196 59.174 55.154 59.136 59.118 60.102 64.087 62.073 63.061 59.051 34.043 46.038 68.035 0.000 19.407 80.401 0.000 0.000 0.000 0.000 56.209 59.200 38.186 36.166 36.150 36.136 36.123 36.111 35.100 42.090 51.082 7.075 0.000 30.029 73.025 49.020 33.016 33.012 37.009 4.008 0.000
66.557 66.219 65.894 65.589 55.310 37.097 0.000 0.000 0.000 0.000 38.833 41.817 54.798 54.773 42.742 35.705 35.673 36.643 36.613 35.583 34.552 35.520 35.489 35.457 34.426 43.396 62.366 41.337 55.309 32.275 65.242 55.218 54.196 54.174 51.154 56.136 57.118 57.102 64.087 62.074 59.062 59.053 34.046 48.041 67.038 0.000 5.384 73.362 0.000 0.000 0.000 0.000 60.200 59.194 35.179 37.158 36.142 37.129 37.117 37.106 38.096 46.088 26.082 0.000 0.000 31.024 73.021 54.016 41.012 35.008 38.005 5.003 0.000
66.965 66.605 67.271 59.962 47.662 37.379 0.000 0.000 0.000 0.000 35.848 52.834 46.813 35.788 37.758 37.725 35.692 34.660 36.628 35.595 36.561 36.528 36.494 35.461 35.429 55.397 55.367 55.340 55.319 0.000 37.233 35.215 36.194 36.173 37.153 41.134 44.117 42.100 62.085 56.072 50.061 52.052 35.045 47.041 66.039 0.000 0.000 46.300 37.275 0.000 0.000 0.000 54.198 37.196 0.000 32.145 38.132 42.121 49.111 49.101 49.091 51.082 23.076 0.000 15.027 79.023 72.018 74.012 62.007 37.002 37.998 5.996 0.000
67.360 66.964 66.623 52.328 3.995 0.000 0.000 0.000 0.000 13.905 51.879 46.857 36.833 37.806 37.776 37.744 37.711 35.677 34.643 34.607 36.572 35.535 35.500 34.465 36.430 51.398 42.367 51.337 52.308 11.273 11.241 51.216 50.193 50.172 50.151 52.132 52.114 53.097 65.082 61.069 56.058 58.049 34.043 43.039 71.037 0.000 0.000 105.263 74.250 41.231 28.222 0.000 0.000 0.000 0.000 0.000 35.120 44.113 48.105 47.095 50.085 52.075 38.063 43.046 59.032 74.023 72.015 72.008 60.002 36.996 36.991 12.987 0.000
67.728 68.270 59.929 42.731 0.000 0.000 0.000 1.975 1.960 58.931 52.906 36.881 37.856 37.828 37.798 37.765 37.731 37.695 34.659 35.621 35.582 35.543 36.504 35.467 35.431 38.397 43.364 55.333 42.302 54.271 59.242 52.215 61.191 51.169 52.147 55.128 54.109 53.093 63.078 59.064 47.053 46.044 35.038 42.034 71.034 0.000 0.000 96.239 86.232 63.221 32.213 0.000 0.000 8.144 3.140 0.000 6.114 55.108 47.099 41.089 38.079 53.068 40.057 42.043 50.031 71.021 73.012 71.004 56.996 36.989 33.982 37.974 31.963
76.015 73.458 46.091 35.936 0.000 0.000 4.001 36.989 50.975 51.954 45.931 40.907 37.881 37.852 37.821 37.787 36.752 39.715 44.676 40.635 35.593 36.550 35.508 35.467 35.430 35.394 42.360 43.328 41.297 48.267 47.239 42.212 54.187 34.164 42.143 49.122 48.104 42.086 61.071 54.057 34.046 33.036 36.030 38.027 42.030 0.000 0.000 74.222 54.217 91.208 77.197 13.178 14.162 65.147 39.137 37.124 37.113 39.104 50.095 44.085 12.074 65.063 53.051 49.039 47.028 58.018 74.008 65.999 48.991 37.982 33.974 40.964 64.952
0.000 0.000 25.039 42.988 0.000 0.000 39.013 49.007 62.995 46.979 45.959 45.935 38.908 37.879 37.846 37.811 44.775 52.736 53.695 45.651 40.604 35.556 34.510 35.466 39.426 36.389 35.355 34.323 40.292 41.262 40.234 41.207 43.182 36.158 42.136 47.116 49.096 45.079 61.062 55.048 37.036 36.026 36.018 32.013 0.000 0.000 0.000 30.210 49.206 49.198 83.188 98.174 91.160 59.147 45.135 46.123 46.112 49.101 71.091 89.080 98.069 97.058 99.047 98.035 92.024 86.013 78.003 60.994 43.985 34.976 35.966 48.957 67.946
19.139 0.000 0.000 0.000 0.000 10.034 42.032 62.029 54.021 57.008 53.989 43.966 36.939 37.908 37.874 48.838 53.799 49.759 44.717 41.670 44.615 39.561 39.510 35.460 40.419 34.382 35.348 36.316 35.285 35.256 35.227 35.201 34.175 35.151 35.129 39.107 45.087 44.069 62.052 56.037 35.024 36.012 36.003 34.995 9.984 0.000 0.000 34.201 60.198 49.192 51.182 66.171 77.158 87.145 89.133 95.121 98.109 98.098 97.087 93.076 84.065 82.053 84.042 87.031 89.019 90.009 87.998 91.989 83.979 50.969 37.960 56.950 73.940
58.572 17.398 0.000 0.000 7.011 43.036 59.051 52.056 44.052 52.042 56.024 57.001 46.973 35.941 45.905 54.866 44.826 36.785 36.743 38.697 6.625 7.564 6.507 32.447 36.407 38.372 38.339 35.308 35.277 36.248 35.219 35.193 35.167 36.143 35.120 35.098 35.077 38.058 55.040 54.024 36.010 35.998 35.987 36.979 37.973 0.000 0.000 33.196 51.193 52.188 64.179 51.169 31.156 35.143 71.131 95.119 79.107 74.095 77.084 70.072 56.060 45.049 36.037 34.026 35.014 45.004 42.993 37.983 76.973 91.963 69.953 67.944 71.935
0.000 33.225 11.625 5.850 41.986 52.049 59.079 43.091 46.091 44.082 42.065 50.041 55.012 49.977 53.938 42.896 36.853 37.811 37.775 45.748 0.000 0.000 0.000 29.413 38.390 49.360 50.329 45.298 41.268 43.238 39.210 38.183 36.158 35.133 35.109 36.087 35.065 35.045 38.027 47.009 34.994 34.981 35.969 34.961 3.956 0.000 0.000 14.194 12.192 66.187 50.179 35.168 49.155 51.141 97.128 78.116 61.104 43.092 34.080 35.068 36.056 37.044 37.032 37.021 36.009 33.998 32.987 33.977 41.967 78.957 86.947 71.937 70.928
0.000 20.651 43.801 45.937 45.035 60.094 45.125 39.139 41.139 40.130 37.112 36.087 51.055 58.017 60.974 48.927 38.879 35.833 43.796 9.772 0.000 0.000 0.000 32.401 42.379 49.350 50.319 50.288 52.258 60.228 58.200 54.173 52.147 48.122 42.098 37.075 35.053 36.032 35.012 39.993 32.976 33.961 34.949 36.940 57.934 0.000 0.000 0.000 28.193 70.188 30.181 39.170 30.154 69.137 87.125 47.113 35.101 37.089 37.077 37.064 37.052 37.040 34.027 34.015 33.004 33.992 33.981 33.970 49.960 64.951 37.941 97.930 69.921
0.000 20.928 43.990 37.063 56.124 56.166 51.190 42.200 36.198 37.186 38.167 49.140 52.105 44.063 47.014 55.959 56.901 46.847 3.806 0.000 5.546 4.508 37.461 43.412 47.376 46.342 47.309 47.277 45.246 52.217 53.189 53.162 54.135 51.110 50.086 51.062 42.039 37.017 37.995 34.975 35.956 34.939 33.925 35.914 50.908 0.000 0.000 0.000 28.199 72.193 34.186 10.178 0.000 15.129 54.121 36.110 37.098 35.085 35.073 35.061 34.048 33.035 34.022 34.010 32.998 33.986 32.974 31.964 34.954 30.944 26.935 90.921 99.910
0.000 18.143 38.167 48.201 58.233 49.256 49.269 51.272 49.265 40.251 46.229 55.200 44.163 37.116 36.060 41.994 51.920 58.847 22.774 14.679 40.584 40.518 35.461 44.411 49.370 50.333 46.299 46.265 38.234 35.204 35.176 35.149 34.123 32.097 39.072 53.048 52.024 51.001 45.978 36.956 34.935 35.915 34.898 34.884 35.875 0.000 0.000 0.000 43.210 10.199 14.192 0.000 0.000 0.000 33.120 13.109 16.096 33.082 32.070 32.057 33.044 35.030 35.017 35.004 33.991 33.979 31.967 31.956 32.946 20.938 0.000 10.908 93.895
0.000 17.335 41.334 60.341 51.350 48.357 48.358 49.353 48.341 50.324 55.299 44.268 38.229 38.179 38.116 37.036 37.940 43.847 60.764 58.679 37.594 36.518 35.455 36.402 48.359 46.322 57.287 45.251 38.219 36.190 37.163 36.136 41.110 49.084 45.059 39.034 45.009 54.984 51.960 50.935 41.912 34.889 34.867 35.848 33.833 0.000 0.000 43.240 31.234 0.000 0.000 45.146 40.144 39.139 31.130 0.000 0.000 38.077 35.067 35.054 35.040 35.026 35.012 34.998 34.985 34.972 34.959 33.947 34.936 36.925 26.911 0.000 35.879
5.615 30.528 55.494 51.479 40.470 45.463 50.453 45.440 51.423 57.402 49.377 37.345 36.306 38.256 38.189 42.093 42.956 36.836 47.755 43.680 40.594 37.507 34.437 41.384 45.343 47.309 38.276 65.233 53.202 43.175 35.148 41.122 60.097 70.071 63.045 40.019 41.993 44.967 48.941 53.914 51.888 47.861 36.834 33.807 40.777 46.734 0.000 18.246 39.252 0.000 0.000 15.147 35.148 35.142 35.131 40.116 39.099 35.081 34.066 35.052 35.036 35.021 35.006 34.992 34.978 34.964 34.951 34.938 33.926 33.913 34.898 37.881 33.870
17.703 51.666 57.634 42.610 37.590 39.571 41.551 52.530 56.509 67.486 66.460 59.429 48.393 37.349 40.290 7.192 0.000 35.788 41.739 38.692 1.595 35.479 39.401 56.354 55.319 58.294 0.000 30.201 70.182 64.158 50.134 56.108 74.083 74.058 72.032 41.005 46.978 46.951 48.922 36.894 45.864 51.834 50.802 49.769 62.733 71.691 4.647 0.000 29.275 54.299 0.000 0.000 58.161 39.150 39.135 39.118 39.100 40.083 34.066 33.050 37.033 34.015 33.999 33.985 33.970 34.956 33.943 32.929 32.916 32.902 32.888 32.874 31.862
16.827 62.800 48.768 37.737 37.707 37.679 50.651 48.622 65.597 80.573 77.547 74.519 69.488 60.457 51.431 0.000 0.000 0.000 29.722 40.709 0.000 0.000 32.334 50.312 49.285 64.255 36.214 37.189 70.166 75.143 71.119 70.095 73.070 73.045 74.018 52.992 44.964 46.935 46.905 36.874 45.841 39.807 58.772 29.735 68.695 90.651 61.603 31.552 0.000 32.323 0.000 34.212 94.184 47.162 49.141 49.121 45.102 46.083 38.066 33.049 15.030 34.008 33.992 36.977 39.962 49.948 39.934 34.920 35.906 35.892 35.878 35.865 35.852
48.977 52.941 46.900 44.861 39.824 51.788 45.750 58.709 36.685 6.662 57.637 76.610 75.584 76.561 59.546 0.000 0.000 0.000 23.718 46.714 0.000 0.000 29.288 44.274 39.253 66.228 77.199 77.174 73.151 73.128 73.105 74.082 73.057 73.032 73.006 66.979 41.950 43.920 41.888 36.855 47.820 48.783 51.744 8.703 53.660 89.614 59.562 77.502 38.419 24.346 36.294 92.239 80.202 52.172 46.147 48.124 42.102 36.082 34.065 32.051 0.000 39.996 47.984 55.969 62.954 71.939 60.925 40.910 34.896 35.882 35.868 35.855 35.842
60.160 49.087 49.031 44.983 51.940 48.900 51.854 75.778 62.772 45.753 66.728 75.701 74.677 73.657 53.646 0.000 0.000 0.000 0.000 1.714 0.000 0.000 35.257 44.244 55.225 71.203 73.180 73.157 73.136 73.114 73.092 73.069 73.046 73.021 72.995 72.967 58.938 48.907 41.873 34.838 38.800 38.760 43.718 62.675 48.629 83.582 69.530 76.473 83.409 69.349 74.297 83.250 59.211 60.178 46.150 45.125 37.101 34.080 35.059 37.039 51.015 56.994 74.978 73.962 72.946 71.931 71.916 61.901 39.886 34.872 35.858 35.845 35.832
51.295 39.217 41.154 53.100 50.055 50.016 19.987 0.000 54.873 80.849 75.820 74.791 76.764 58.743 44.736 28.761 0.000 0.000 0.000 0.000 0.000 0.000 41.239 58.220 70.200 73.180 73.160 73.140 73.120 73.100 73.079 73.057 73.035 73.011 72.985 72.958 73.928 67.896 59.861 51.823 49.782 52.738 43.694 60.648 39.601 81.553 14.503 35.451 70.396 42.344 33.296 89.252 53.214 57.180 55.150 36.123 34.099 35.076 35.054 43.032 64.010 74.990 71.972 71.954 71.938 68.922 67.906 65.891 64.876 38.861 34.847 34.834 34.821
41.407 38.331 51.266 51.210 46.162 66.122 20.091 29.077 68.998 75.951 74.913 74.878 74.846 50.817 50.792 61.787 0.000 0.000 0.000 0.000 0.000 0.000 0.000 8.198 67.176 79.158 74.140 73.123 73.105 73.086 73.067 73.047 73.026 73.003 72.978 72.951 72.921 73.888 74.851 71.810 71.766 74.719 54.670 60.622 34.574 75.527 11.479 13.430 66.382 36.334 46.290 80.249 61.212 53.178 57.148 34.120 35.094 34.070 36.047 46.025 67.004 67.983 72.964 71.946 66.929 63.912 67.896 72.881 71.865 60.851 41.836 40.822 39.809
37.508 51.435 52.370 40.312 51.262 72.218 65.179 71.142 77.090 75.044 75.002 74.963 71.925 55.885 5.828 1.807 0.000 0.000 0.000 0.000 0.000 0.000 0.000 0.000 12.147 24.135 65.121 74.106 73.090 73.074 73.056 73.038 73.018 72.996 72.973 74.946 73.917 73.884 72.846 74.802 73.753 73.700 63.646 61.595 38.547 50.501 80.455 59.410 67.365 36.322 64.281 58.242 61.206 49.173 43.143 35.115 35.089 35.064 43.040 48.018 48.996 53.976 61.956 59.938 60.920 71.902 71.886 71.870 71.854 72.839 66.825 62.811 60.797
52.601 52.530 41.466 37.408 52.355 71.308 77.265 76.222 75.177 75.132 75.089 76.047 67.005 59.971 0.000 0.000 0.000 0.000 0.000 0.000 0.000 0.000 0.000 0.000 21.130 41.114 68.102 74.089 73.076 73.062 73.046 73.030 73.011 72.992 74.970 74.945 74.917 66.884 71.845 74.799 77.744 75.683 69.619 65.566 53.519 37.474 85.432 68.389 70.348 35.308 81.269 45.232 26.198 43.166 34.136 35.108 34.081 43.056 49.032 48.010 47.988 46.967 39.947 35.928 65.910 71.892 71.875 71.859 71.843 71.827 72.813 72.798 72.784
49.688 40.619 38.555 36.497 53.444 73.395 75.350 75.306 75.262 75.219 75.176 77.130 56.077 54.024 0.000 0.000 0.000 0.000 0.000 0.000 0.000 0.000 0.000 0.000 0.000 55.088 74.082 73.074 73.063 73.051 73.038 73.023 75.007 73.989 73.970 73.948 67.922 45.891 61.852 71.807 22.739 13.668 47.582 54.530 63.487 50.447 71.407 89.368 74.329 41.292 83.255 7.220 19.187 32.156 35.127 35.099 37.073 47.047 45.023 46.000 47.978 50.957 44.937 45.918 61.899 71.881 71.864 71.847 71.831 71.815 71.800 71.785 71.771
40.769 38.702 43.639 48.582 63.528 75.479 75.433 75.389 75.347 75.306 75.266 76.220 63.148 0.000 0.000 0.000 0.000 0.000 3.032 40.032 1.032 19.032 0.000 0.000 0.000 30.069 65.066 72.060 73.052 73.042 73.031 73.018 75.004 72.989 72.972 72.954 56.932 52.906 14.865 16.836 0.000 0.000 32.511 39.486 61.453 47.418 52.382 95.346 78.310 57.274 67.240 17.207 62.175 39.145 35.116 35.089 37.062 46.037 57.013 56.990 58.968 64.947 59.926 70.907 71.887 71.869 71.852 71.835 71.818 71.802 71.787 71.772 71.758
41.846 38.780 45.719 64.662 75.609 75.559 75.513 75.470 75.430 75.393 75.360 81.336 0.000 0.000 0.000 0.000 0.000 0.000 40.032 52.032 39.032 54.032 50.033 0.000 20.046 52.053 59.053 70.049 73.043 73.035 73.025 74.014 73.002 72.990 72.976 68.962 57.948 62.937 0.000 0.000 0.000 16.460 49.466 41.448 59.421 35.390 37.358 85.324 84.290 76.256 62.223 62.191 51.161 46.132 35.104 35.077 35.051 45.027 67.003 73.979 72.957 72.936 64.915 71.895 71.875 71.857 71.839 71.822 71.805 71.789 71.773 71.759 71.744
39.919 37.855 52.794 72.738 76.685 75.636 75.591 75.549 75.511 75.476 75.447 82.427 0.000 0.000 0.000 0.000 0.000 0.000 29.032 49.032 49.032 48.032 51.033 35.036 43.040 51.043 51.043 68.040 74.035 73.028 73.021 73.012 73.002 72.991 73.981 65.970 61.961 55.956 0.000 0.000 0.000 9.453 13.446 41.420 60.392 37.364 33.334 72.302 89.269 86.237 67.205 46.175 45.146 46.118 37.091 34.065 35.039 38.015 48.991 68.968 71.945 71.923 63.902 71.882 71.863 71.844 71.826 71.808 71.791 71.775 71.759 71.744 71.730
38.989 40.925 60.866 76.810 75.758 75.710 75.666 75.625 75.587 75.553 77.523 75.499 0.000 0.000 0.000 0.000 0.000 0.000 15.032 54.032 60.032 65.032 56.032 55.034 49.035 45.036 56.036 70.033 73.029 73.024 76.017 74.010 73.002 72.993 72.985 67.977 59.972 54.969 29.972 0.000 0.000 0.000 0.000 3.392 52.364 38.340 34.313 67.282 98.248 79.216 58.186 49.157 51.130 49.103 44.077 33.051 35.027 34.002 37.978 56.955 71.933 71.911 63.889 71.869 71.849 71.830 71.812 71.794 71.777 71.760 71.745 71.730 71.715
39.055 48.993 68.933 76.878 75.827 75.780 75.737 75.696 75.660 76.627 74.595 62.547 46.547 0.000 0.000 0.000 0.000 0.000 17.032 55.032 64.031 64.031 68.031 70.031 53.031 52.031 67.030 73.028 73.025 73.020 74.015 73.009 73.002 72.995 72.989 70.983 58.978 59.976 53.976 0.000 0.000 0.000 0.000 0.000 38.333 38.319 32.296 77.263 65.226 71.194 41.165 61.139 55.113 48.087 48.062 39.038 34.013 34.989 33.965 45.942 68.919 70.897 64.876 71.855 72.835 71.816 71.797 71.779 71.762 71.745 71.729 71.714 71.700
