results1/res_4e8f-0228.wd
ncols         241
nrows         181
xllcorner     12693529.787448
yllcorner     3542525.717860
cellsize      155.156523
NODATA_value  -9999.000000
[rows 66 to 98 of 181, columns 146 to 218 of 241]
38.487 53.425 75.365 76.310 76.260 76.214 76.172 76.134 76.100 79.071 15.053 0.000 2.915 0.000 0.000 0.000 0.000 1.419 48.419 23.419 0.000 30.417 60.416 60.416 60.415 67.415 73.413 73.411 73.408 73.404 73.400 73.394 73.389 73.383 73.378 75.373 60.369 61.367 53.366 0.000 0.000 0.000 0.000 0.000 29.694 36.684 45.665 39.627 17.576 15.545 30.519 51.494 59.470 53.446 48.422 48.397 38.373 35.349 35.324 38.300 59.277 71.254 66.232 55.210 62.189 69.169 73.150 73.131 72.114 72.097 72.080 72.064 72.049
41.549 60.485 78.425 76.371 76.322 76.277 76.237 76.199 81.165 70.136 40.123 37.141 0.000 0.000 0.000 0.000 0.000 19.419 21.419 0.000 0.000 0.000 30.413 61.413 70.413 73.412 73.410 73.408 73.406 77.402 75.399 73.394 73.390 73.385 72.381 64.376 58.373 64.370 54.369 0.000 0.000 0.000 0.000 21.686 35.687 40.682 36.675 0.000 2.528 12.513 32.494 35.474 49.452 58.430 47.407 46.383 44.359 35.334 35.310 34.286 40.262 64.239 71.216 56.194 58.173 60.153 62.133 66.115 70.097 72.079 73.063 72.047 72.032
46.608 67.543 77.480 76.425 76.378 76.337 74.299 73.262 28.224 13.185 44.162 50.159 15.162 0.000 0.000 0.000 0.000 0.000 0.000 0.000 0.000 14.410 43.411 63.411 73.410 73.409 73.408 73.406 73.404 75.401 74.398 73.395 73.391 74.387 64.383 62.379 65.375 60.372 52.370 0.000 0.000 0.000 0.000 39.685 42.684 4.682 3.678 0.000 7.495 40.486 42.472 52.455 55.435 66.414 64.392 52.369 41.345 33.320 35.296 35.271 30.247 44.223 61.200 65.178 70.156 67.136 60.116 65.097 68.079 68.062 66.045 68.029 71.014
51.667 74.597 78.527 79.471 76.429 77.393 72.359 18.325 2.285 43.218 44.183 49.169 57.166 0.000 0.000 0.000 0.000 0.000 0.000 0.000 0.000 26.409 49.409 62.409 74.408 73.408 73.406 73.405 73.403 74.400 73.398 73.395 73.392 70.389 64.386 29.381 2.378 0.000 0.000 0.000 0.000 0.000 0.000 35.685 42.685 0.000 0.000 0.000 57.471 43.464 38.452 66.437 71.420 72.400 76.379 70.356 58.332 38.306 35.281 35.256 33.231 34.207 40.183 41.160 48.138 56.117 63.097 67.078 68.060 69.043 65.026 68.011 68.996
33.727 38.652 48.560 24.502 81.475 78.447 63.420 40.395 10.377 0.000 0.000 0.000 0.000 0.000 0.000 0.000 0.000 0.000 0.000 0.000 0.000 27.409 52.408 55.407 71.407 73.406 73.405 73.403 77.402 76.400 73.398 73.396 74.394 65.392 68.390 0.000 0.000 0.000 0.000 0.000 0.000 0.000 0.000 0.000 29.685 38.685 0.000 0.000 88.454 51.447 33.436 64.422 72.406 72.388 72.367 75.344 74.319 54.293 37.266 35.240 33.214 36.189 37.165 45.142 50.119 39.098 39.078 44.059 49.041 55.023 60.007 63.991 67.976
79.794 58.723 0.000 0.000 85.523 77.499 64.478 46.459 13.446 0.000 0.000 0.000 0.000 0.000 0.000 0.000 0.000 0.000 0.000 0.000 0.000 0.000 13.406 57.406 73.405 73.405 73.404 73.403 75.401 74.400 73.398 73.396 74.395 62.393 72.393 0.000 0.000 0.000 0.000 0.000 0.000 0.000 0.000 0.000 0.000 5.685 13.685 0.000 25.444 41.434 34.422 64.410 72.396 72.378 73.358 73.334 73.307 66.279 42.251 38.224 36.197 33.171 54.146 66.122 72.100 56.078 49.058 45.039 43.020 40.003 39.987 39.971 67.956
55.873 0.000 0.000 82.711 82.594 80.548 71.534 56.519 12.502 0.000 0.000 0.000 0.000 0.000 0.000 0.000 0.000 0.000 0.000 0.000 0.000 0.000 39.405 62.404 74.404 73.404 73.403 74.402 73.401 73.400 73.398 73.397 74.396 67.395 32.394 0.000 0.000 0.000 0.000 0.000 0.000 0.000 0.000 0.000 0.000 0.000 0.000 0.000 0.000 38.422 37.410 55.399 70.387 73.372 67.352 63.327 69.298 60.266 43.236 42.208 51.180 46.152 69.126 73.102 72.078 70.057 70.036 67.017 64.999 61.982 57.966 49.950 69.936
82.920 72.919 78.889 34.829 0.000 1.569 77.590 51.580 12.541 0.000 14.796 0.000 0.000 0.000 0.000 0.000 0.000 0.000 0.000 0.000 0.000 2.403 55.403 67.403 74.403 73.403 73.402 75.401 75.400 73.399 73.398 73.397 72.397 68.396 17.396 0.000 0.000 0.000 0.000 0.000 0.000 0.000 0.000 0.000 0.000 0.000 0.000 0.000 0.385 0.000 26.396 52.391 70.382 71.370 52.353 55.323 57.290 54.250 39.219 36.190 59.162 68.132 72.105 74.079 74.056 75.034 73.014 72.995 73.977 72.960 73.944 73.929 72.914
84.968 76.949 81.918 32.886 0.000 0.000 68.675 16.669 0.000 0.000 46.796 9.796 0.000 0.000 0.000 0.000 0.000 0.000 0.000 0.000 0.000 1.402 58.403 70.403 74.402 73.402 73.401 74.401 74.400 73.399 73.399 74.398 70.397 65.397 15.396 0.000 0.000 0.000 0.000 0.000 0.000 0.000 0.000 0.000 0.000 0.000 0.000 0.000 18.385 20.386 31.388 47.385 69.380 71.372 17.366 0.000 0.000 44.225 38.199 33.174 47.144 66.110 72.081 74.055 74.032 74.010 71.990 71.971 72.953 71.937 71.921 72.906 72.892
77.035 76.990 76.949 74.911 61.877 47.830 40.767 39.751 35.779 38.790 41.795 41.796 13.796 0.000 0.000 0.000 0.000 0.000 19.401 21.401 0.000 11.402 57.402 71.402 73.402 73.401 73.401 73.400 73.400 73.399 73.399 73.398 55.398 50.397 48.397 43.397 7.397 0.000 0.000 0.000 0.000 0.000 0.000 0.000 0.000 0.000 0.000 0.000 22.385 48.385 39.385 43.382 63.379 64.375 37.372 0.000 0.000 0.000 35.180 40.161 39.130 58.084 71.054 72.029 72.006 71.984 71.965 71.946 71.929 71.913 71.898 71.883 71.869
77.077 77.026 76.977 75.932 72.890 74.848 48.809 27.792 65.794 38.797 42.799 18.798 0.000 0.000 0.000 0.000 0.000 0.000 19.401 65.401 14.401 2.401 56.401 70.401 74.401 73.401 75.401 76.400 74.400 73.399 73.399 71.398 64.398 55.398 56.397 55.397 8.397 0.000 0.000 0.000 0.000 0.000 0.000 0.000 0.000 0.000 0.000 0.000 16.384 51.384 43.383 50.381 65.379 60.376 66.375 0.000 0.000 0.000 0.000 0.000 0.000 48.042 71.023 72.001 71.978 71.957 71.938 71.920 71.904 71.888 71.874 71.859 71.846
77.114 77.062 78.003 79.949 76.902 76.861 75.831 76.814 67.808 45.806 17.806 0.000 0.000 0.000 0.000 0.000 0.000 0.000 6.401 58.401 45.401 35.401 51.401 73.401 73.401 73.401 73.400 73.400 73.400 73.399 73.399 73.398 71.398 50.398 54.398 61.398 4.398 0.000 0.000 0.000 0.000 0.000 0.000 0.000 0.000 0.000 0.000 0.000 12.384 63.383 7.382 30.381 53.379 60.377 21.376 0.000 0.000 0.000 0.000 0.000 0.000 2.019 59.996 72.972 71.949 71.928 71.910 71.893 71.877 71.863 71.849 71.835 71.822
80.154 76.104 73.022 74.960 77.909 77.864 79.839 76.824 74.817 61.813 10.812 0.000 0.000 0.000 0.000 0.000 0.000 0.000 0.000 14.401 49.401 41.401 57.401 75.401 73.400 73.400 73.400 73.400 73.399 73.399 73.399 73.398 74.398 63.398 50.398 54.398 60.398 2.398 0.000 0.000 0.000 0.000 0.000 0.000 0.000 0.000 0.000 0.000 0.000 8.383 0.000 0.000 38.378 57.378 0.000 0.000 0.000 0.000 0.000 0.000 0.000 0.000 47.969 68.942 71.917 71.897 71.880 71.864 71.850 71.836 71.823 71.810 71.797
73.201 34.178 0.000 0.000 0.000 69.846 74.837 80.828 76.822 65.819 15.817 0.000 49.822 19.822 0.000 0.000 0.000 0.000 0.000 0.000 41.400 45.400 66.400 74.400 75.400 76.400 73.400 73.400 73.399 73.399 73.399 73.398 73.398 74.398 53.398 35.398 44.398 5.398 0.000 0.000 0.000 0.000 0.000 0.000 0.000 0.000 0.000 0.000 0.000 0.000 0.000 0.000 27.378 60.378 0.000 0.000 0.000 0.000 0.000 0.000 0.000 0.000 0.000 48.912 68.881 71.862 71.848 71.835 71.822 71.810 71.798 71.785 71.773
68.242 25.229 0.000 0.000 44.838 42.838 59.834 78.829 75.825 60.822 41.821 45.822 49.822 15.822 0.000 0.000 0.000 0.000 12.400 0.000 42.400 53.400 73.400 73.400 76.400 76.400 73.400 73.399 73.399 73.399 73.399 73.398 73.398 74.398 70.398 65.398 54.398 34.398 28.397 0.000 0.000 0.000 0.000 0.000 0.000 0.000 0.000 0.000 0.000 0.000 0.000 0.000 29.378 21.378 0.000 0.000 0.000 0.000 0.000 0.000 0.000 0.000 0.000 0.000 53.832 69.824 71.814 71.805 71.794 71.783 71.772 71.760 71.748
74.274 55.267 27.274 0.000 0.000 44.835 44.832 66.828 78.826 56.824 43.823 48.823 26.823 0.000 0.000 0.000 0.000 0.000 41.400 34.400 39.400 56.400 75.400 75.400 76.400 73.400 73.400 73.399 73.399 73.399 73.399 73.398 73.398 73.398 73.398 75.398 64.398 52.398 41.397 42.397 35.397 26.397 31.397 0.000 0.000 0.000 0.000 0.000 0.000 0.000 0.000 0.000 32.378 7.378 0.000 0.000 0.000 0.000 0.000 0.000 0.000 0.000 0.000 0.000 38.791 66.787 70.782 71.775 71.767 71.758 71.747 71.736 71.723
77.298 68.290 21.282 0.000 0.000 0.000 43.830 48.827 75.826 63.824 44.824 47.823 22.823 0.000 0.000 0.000 0.000 0.000 44.400 37.400 40.400 58.400 77.400 76.400 74.400 74.400 73.399 73.399 73.399 73.399 73.399 74.398 74.398 74.398 68.398 59.398 63.398 70.397 63.397 61.397 49.397 36.397 43.397 1.397 0.000 0.000 0.000 0.000 0.000 0.000 0.000 0.000 0.000 0.000 0.000 0.000 0.000 0.000 0.000 0.000 0.000 0.000 0.000 0.000 30.753 61.752 71.750 73.746 73.740 73.733 72.724 71.712 71.699
77.317 52.312 0.000 0.000 0.000 0.000 0.000 50.826 63.826 57.825 56.824 53.824 43.824 21.824 0.000 0.000 0.000 0.000 43.400 36.400 41.400 56.400 68.400 65.400 60.400 62.400 67.399 72.399 74.399 74.399 72.399 62.398 60.398 65.398 54.398 51.398 51.397 62.397 66.397 61.397 47.397 36.397 8.397 0.000 0.000 0.000 0.000 0.000 0.000 0.000 0.000 0.000 0.000 0.000 0.000 0.000 0.000 0.000 0.000 0.000 1.616 0.000 0.000 0.000 18.716 43.719 49.720 51.719 51.716 52.710 61.702 70.690 71.675
76.332 42.329 0.000 0.000 0.000 0.000 0.000 45.826 39.825 38.825 46.824 46.824 46.824 42.824 15.824 0.000 0.000 0.000 48.400 43.400 48.400 58.400 61.400 64.400 22.400 0.000 0.000 13.399 74.399 71.399 60.399 15.399 0.000 0.000 53.398 85.398 78.397 57.397 63.397 57.397 46.397 31.397 34.397 0.000 0.000 0.000 0.000 0.000 0.000 0.000 0.000 0.000 0.000 0.000 0.000 0.000 0.000 0.000 14.616 4.616 22.616 43.621 54.631 53.648 71.676 79.688 80.693 78.695 80.694 67.690 50.684 68.672 71.654
74.344 39.341 0.000 0.000 0.000 0.000 0.000 45.825 41.825 20.825 0.000 0.000 0.824 0.000 0.000 0.000 0.000 0.000 54.400 48.400 43.400 39.400 25.400 0.000 0.000 0.000 0.000 0.000 0.000 0.000 47.399 9.399 0.000 0.000 0.000 48.397 81.397 41.397 42.397 41.397 37.397 40.397 87.397 46.397 0.000 0.000 5.396 0.000 0.000 0.000 0.000 0.000 0.000 0.000 0.000 0.000 13.588 4.588 0.000 0.000 8.611 90.616 86.625 68.637 69.652 66.663 67.669 89.673 82.674 68.674 48.671 57.661 56.637
60.353 41.352 35.355 0.000 0.000 0.000 0.000 0.000 43.825 27.825 0.000 0.000 0.000 0.000 0.000 0.000 0.000 0.000 54.400 54.400 55.400 38.400 13.400 0.000 0.000 0.000 0.000 0.000 0.000 0.000 43.398 20.398 0.000 0.000 0.000 47.397 96.397 60.397 63.397 58.397 43.397 61.397 115.397 112.397 43.397 0.397 27.396 24.396 0.000 0.000 0.000 0.000 0.000 0.000 0.000 0.000 3.588 21.588 11.590 9.594 18.601 93.607 60.614 68.623 59.633 40.641 51.648 94.653 60.657 47.660 54.664 8.662 0.000
44.359 44.357 30.358 0.000 0.000 0.000 0.000 0.000 0.000 0.000 0.000 0.000 0.000 0.000 0.000 0.000 0.000 0.000 57.400 48.400 42.400 40.400 14.400 0.000 0.000 0.000 0.000 0.000 0.000 40.398 33.398 58.398 54.398 0.000 6.397 53.397 59.397 51.397 94.397 83.397 54.397 7.397 71.397 126.397 10.397 0.000 5.396 0.000 0.000 0.000 0.000 0.000 22.587 19.587 14.587 3.587 72.587 110.587 101.587 97.590 44.593 88.597 56.602 45.609 92.615 73.622 93.628 74.634 44.639 52.644 0.000 0.000 0.000
47.363 48.361 40.361 0.000 0.000 0.000 0.000 0.000 0.000 0.000 0.000 0.000 0.000 0.000 0.000 0.000 0.000 0.000 11.400 52.400 42.400 20.400 0.000 0.000 0.000 0.000 0.000 0.000 0.000 42.398 39.398 15.398 0.000 0.000 0.000 27.397 6.397 0.000 7.397 49.397 5.397 0.000 27.397 93.397 48.397 0.397 0.000 0.000 0.000 0.000 0.000 0.000 0.000 4.587 0.000 0.000 28.586 8.586 72.584 76.584 27.585 88.587 65.589 38.593 56.598 106.604 120.609 54.616 42.623 9.634 0.000 0.000 18.434
46.366 47.364 47.363 51.363 43.364 0.000 0.000 0.000 0.000 0.000 0.000 0.000 0.000 0.000 0.000 0.000 0.000 0.000 0.000 42.400 38.400 22.400 0.000 0.000 0.000 0.000 0.000 0.000 43.398 40.398 17.398 0.000 0.000 0.000 0.000 1.397 0.000 0.000 0.000 53.397 2.397 0.000 27.397 0.000 0.000 0.000 0.000 0.000 0.000 0.000 0.000 0.000 0.000 13.586 7.586 9.586 2.586 0.000 48.578 67.577 26.576 90.575 70.575 40.577 89.580 92.584 87.590 95.596 59.603 0.000 0.000 1.400 32.414
48.369 26.366 37.364 46.364 46.364 46.364 45.364 0.000 0.000 0.000 0.000 0.000 0.000 0.000 0.000 0.000 0.000 0.000 0.000 44.400 40.400 24.400 0.000 0.000 0.000 0.000 0.000 0.000 0.000 46.398 18.398 0.000 0.000 0.000 0.000 0.000 0.000 5.397 17.397 40.397 44.397 21.397 0.000 0.000 0.000 0.000 0.000 0.000 0.000 0.000 0.000 0.000 0.000 2.586 0.586 6.586 0.000 0.000 51.573 71.571 31.567 91.561 76.559 90.559 90.561 49.564 42.570 87.577 36.590 0.000 0.375 33.386 41.393
53.372 0.000 0.000 43.364 32.364 0.000 45.364 35.364 0.000 0.000 0.000 0.000 0.000 0.000 0.000 0.000 0.000 0.000 0.000 43.400 40.400 28.400 0.000 0.000 0.000 0.000 0.000 0.000 0.000 0.000 0.000 0.000 0.000 0.000 0.000 0.000 0.000 0.000 56.397 73.397 34.397 0.000 0.000 0.000 0.000 0.000 0.000 0.000 0.000 0.000 0.000 0.000 0.000 0.000 0.000 11.586 0.000 0.000 86.570 72.567 33.560 91.545 88.540 80.539 72.540 58.543 59.547 28.551 0.000 0.000 17.363 36.370 43.375
50.374 0.000 0.000 30.364 22.364 0.000 0.000 0.000 0.000 54.375 50.375 41.375 0.000 0.000 0.000 0.000 0.000 0.000 0.000 47.400 43.400 25.400 0.000 0.000 0.000 0.000 0.000 0.000 0.000 0.000 0.000 0.000 0.000 0.000 0.000 0.000 0.000 0.000 19.397 103.397 69.397 0.397 0.000 0.000 0.000 0.000 0.000 0.000 0.000 0.000 0.000 0.000 0.000 0.000 0.000 0.000 0.000 0.000 18.570 0.000 0.000 65.519 106.517 85.517 84.518 82.520 85.524 33.530 0.000 0.000 21.355 35.357 36.358
66.375 0.000 0.000 0.000 0.000 52.375 39.375 0.000 50.375 44.375 44.375 36.374 0.000 0.000 0.000 0.000 0.000 0.000 0.000 47.400 42.400 30.400 0.000 0.000 0.000 0.000 0.000 0.000 0.000 0.000 0.000 0.000 0.000 0.000 0.000 0.000 0.000 0.000 0.000 47.397 39.397 10.397 0.000 0.000 0.000 0.000 0.000 0.000 0.000 0.000 0.000 0.000 0.000 0.000 0.000 0.000 0.000 0.000 0.000 0.000 0.000 12.494 48.494 49.494 47.494 47.495 44.500 40.515 0.000 0.000 14.345 35.345 33.343
77.375 66.375 48.375 49.375 48.375 42.375 43.375 44.375 42.375 47.375 46.375 37.374 34.374 0.000 0.000 0.000 0.000 0.000 0.000 34.400 0.000 0.000 0.000 0.000 0.000 0.000 0.000 0.000 0.000 0.000 0.000 0.000 0.000 0.000 0.000 0.000 0.000 0.000 0.000 0.397 46.397 9.397 0.000 0.000 0.000 0.000 0.000 0.000 0.000 0.000 0.000 0.000 0.000 0.000 0.000 0.000 0.000 0.000 0.000 0.000 0.000 3.470 36.471 35.470 35.469 51.467 46.465 0.000 0.000 0.000 7.336 48.334 60.330
77.376 71.375 41.375 41.375 41.375 24.375 25.375 29.375 39.375 48.375 45.374 37.374 40.374 29.374 0.000 0.000 0.000 0.000 0.000 0.000 0.000 0.000 0.000 0.000 0.000 0.000 0.000 0.000 0.000 0.000 0.000 0.000 0.000 0.000 0.000 0.000 0.000 0.000 0.000 0.000 3.397 49.397 8.397 0.000 0.000 0.000 0.000 0.000 0.000 0.000 0.000 0.000 0.000 0.000 0.000 0.000 0.000 0.000 0.000 0.000 28.435 31.445 35.448 35.447 37.444 56.438 46.428 29.406 0.000 0.000 43.329 64.324 71.318
77.376 75.376 45.375 42.375 22.375 0.000 0.000 0.000 0.000 39.375 42.374 40.374 33.374 0.000 0.000 0.000 0.000 0.000 0.000 0.000 0.000 0.000 0.000 0.000 0.000 0.000 0.000 0.000 0.000 0.000 0.000 0.000 0.000 0.000 0.000 0.000 0.000 0.000 0.000 0.000 1.397 52.397 14.397 0.000 0.000 0.000 0.000 0.000 0.000 0.000 0.000 0.000 0.000 0.000 0.000 0.000 0.000 0.000 0.000 0.415 39.424 36.428 35.429 31.427 44.423 61.415 45.402 34.384 29.358 29.339 53.326 70.316 71.307
77.376 75.376 28.376 32.375 0.000 0.000 0.000 0.000 0.000 0.000 30.374 43.374 35.374 0.000 0.000 0.000 0.000 0.000 0.000 0.000 0.000 0.000 0.000 0.000 0.000 0.000 0.000 0.000 0.000 0.000 0.000 0.000 0.000 0.000 0.000 0.000 0.000 0.000 0.000 0.000 0.000 1.397 20.397 0.000 0.000 0.000 0.000 0.000 0.000 0.000 0.000 0.000 8.393 16.393 0.000 0.000 0.000 0.000 0.000 33.406 31.411 30.413 35.413 49.410 62.404 52.396 36.384 34.368 36.350 33.334 54.320 72.308 71.297
77.376 51.376 0.000 0.000 0.000 0.000 0.000 0.000 0.000 0.000 0.000 33.374 40.374 38.374 0.000 0.000 0.000 0.000 0.000 0.000 0.000 0.000 0.000 0.000 0.000 0.000 0.000 0.000 0.000 0.000 0.000 0.000 0.000 0.000 0.000 0.000 0.000 0.000 0.000 0.000 0.000 0.000 0.000 0.000 0.000 0.000 0.000 0.000 0.000 0.000 0.000 0.000 0.000 9.393 11.393 0.000 38.394 30.395 28.396 40.400 54.402 59.402 61.399 61.395 47.388 35.380 34.369 34.356 33.341 35.327 58.313 73.300 71.287
