results1/res_4e8f-0031.wd
ncols         241
nrows         181
xllcorner     12693529.787448
yllcorner     3542525.717860
cellsize      155.156523
NODATA_value  -9999.000000
[rows 99 to 131 of 181, columns 0 to 74 of 241]
0.000 0.000 0.000 0.000 0.000 29.214 69.211 71.205 62.195 57.194 0.000 0.000 0.000 0.000 0.000 0.000 0.000 37.097 34.097 0.000 0.000 0.000 0.000 32.047 31.046 0.000 0.000 0.000 0.000 0.000 0.000 0.000 0.000 0.000 0.000 38.526 34.531 33.539 34.549 35.562 48.576 37.593 41.612 33.629 35.646 33.664 34.682 39.701 40.722 38.743 42.766 35.789 35.813 37.838 40.865 54.897 55.937 40.966 26.983 0.000 0.000 0.000 0.000 0.000 7.185 62.188 59.198 46.221 21.245 16.273 60.305 37.340 39.378 39.419 39.462
0.000 0.000 0.000 0.000 0.000 30.228 70.227 70.225 0.000 0.000 0.000 0.000 0.000 0.000 0.000 0.000 0.000 48.099 37.099 0.000 0.000 0.000 35.064 34.057 38.053 0.000 0.000 0.000 0.000 44.481 36.481 0.000 0.000 0.000 51.509 61.516 47.523 40.530 34.540 36.550 55.562 40.578 46.602 46.618 37.633 52.648 44.665 45.684 35.704 43.725 43.747 41.769 35.792 36.816 40.839 37.868 0.000 0.000 0.000 0.000 0.000 0.000 0.000 10.204 47.202 59.208 66.219 56.237 32.258 33.282 47.310 38.341 39.375 39.411 39.450
0.000 0.000 0.000 0.000 0.000 17.244 66.244 75.243 0.000 0.000 0.000 0.000 0.000 0.000 0.000 0.000 0.000 55.101 36.104 37.102 39.095 36.085 33.073 34.064 32.058 0.000 0.000 0.000 0.000 37.481 37.483 38.485 37.489 37.494 36.502 46.508 55.515 2.521 66.529 56.538 61.546 46.554 0.000 62.609 60.618 59.632 63.649 52.667 35.686 38.707 43.728 43.750 40.772 36.794 25.809 0.000 0.000 0.000 0.000 0.000 0.000 0.000 0.000 20.207 47.211 47.224 58.235 57.249 40.267 40.288 39.313 39.340 39.369 39.401 38.435
43.314 46.313 0.000 0.000 0.000 27.263 66.262 71.263 81.271 0.000 0.000 0.000 0.000 0.000 0.000 0.000 0.000 0.000 40.113 37.109 55.098 69.088 44.079 29.071 0.000 0.000 0.000 0.000 0.000 0.000 36.483 37.485 37.488 37.493 37.498 36.502 36.507 35.512 36.518 41.525 53.533 47.538 0.000 62.591 63.601 41.615 48.631 65.649 59.668 46.688 36.709 42.731 43.754 46.780 31.794 0.000 0.000 0.000 0.000 0.000 0.000 0.000 0.000 0.000 0.000 44.241 41.248 41.259 39.274 39.292 39.313 39.336 39.362 38.390 37.419
57.315 40.314 40.311 42.306 44.297 63.284 71.278 71.278 71.281 73.286 47.288 0.000 0.000 35.191 42.191 43.189 5.186 0.127 63.130 71.122 66.104 62.092 45.085 0.000 0.000 0.000 0.000 0.000 0.000 0.000 0.000 37.484 36.488 35.491 36.495 37.496 37.499 37.503 37.508 38.514 57.521 52.530 35.541 37.564 48.580 59.596 36.612 48.630 49.650 42.670 62.690 45.711 37.732 0.000 0.000 0.000 0.000 0.000 0.000 0.000 0.000 0.000 0.000 0.000 0.000 44.253 39.258 39.267 39.279 39.294 39.311 37.331 35.353 37.377 43.402
72.319 62.318 43.315 47.310 65.304 71.297 71.292 71.290 71.289 66.290 38.291 44.292 0.000 26.192 61.194 69.192 69.186 53.174 68.155 75.146 0.000 0.000 0.000 0.000 0.000 0.000 0.000 0.000 0.000 0.000 0.000 37.480 0.000 0.000 0.000 38.488 37.490 37.493 37.497 38.503 54.510 59.518 36.530 37.546 37.561 55.576 56.592 34.611 42.631 61.653 53.672 31.691 0.000 0.000 0.000 0.000 0.000 0.000 0.000 0.000 0.000 0.000 0.000 0.000 0.000 44.260 39.264 39.271 39.281 38.293 37.308 42.325 43.343 44.364 45.385
72.325 72.324 67.322 70.318 71.313 71.308 71.304 71.300 71.298 67.296 42.295 59.294 0.000 0.000 39.203 63.199 71.192 72.182 71.171 76.163 0.000 0.000 0.000 0.000 0.000 0.000 0.000 0.000 0.000 0.000 0.000 37.478 0.000 0.000 39.477 37.480 37.482 37.484 37.486 37.491 54.497 59.505 36.516 37.529 37.542 38.556 59.572 53.590 60.612 50.640 31.656 0.000 0.000 0.000 0.000 0.000 0.000 0.000 0.000 0.000 0.000 0.000 0.000 0.000 42.264 39.264 39.267 39.273 39.281 38.291 40.303 44.317 45.333 45.350 45.368
70.334 71.333 71.331 71.328 71.324 71.320 71.315 71.311 71.308 72.304 67.299 74.296 0.000 0.000 27.217 46.211 69.203 71.194 72.184 60.173 0.000 0.000 0.000 0.000 0.000 0.000 0.000 0.000 0.000 0.000 0.000 31.476 36.475 36.474 35.475 37.474 37.474 37.474 37.475 37.477 54.483 59.491 36.501 37.512 37.524 37.537 42.550 65.565 45.588 0.000 0.000 0.000 0.000 0.000 0.000 0.000 0.000 0.000 0.000 0.000 0.000 0.000 0.000 0.000 0.000 46.266 42.269 43.274 41.281 37.288 44.297 45.308 43.321 43.335 40.351
67.344 72.344 71.342 71.340 71.336 71.333 71.328 71.324 71.318 71.312 72.305 65.295 49.281 40.262 34.239 61.225 71.215 71.207 76.201 0.000 0.000 0.000 0.000 0.000 0.000 0.000 0.000 0.000 0.000 0.000 0.000 0.000 0.000 0.000 0.000 37.469 37.467 37.465 37.461 37.462 53.467 60.475 37.485 37.495 37.506 37.517 37.526 43.533 0.000 0.000 0.000 0.000 0.000 0.000 0.000 0.000 0.000 0.000 0.000 0.000 0.000 0.000 0.000 0.000 0.000 0.000 0.000 0.000 0.000 46.282 44.289 45.298 42.309 37.321 46.332
67.357 72.356 71.355 71.353 71.351 71.347 71.343 71.337 71.331 71.323 72.313 57.301 36.286 35.269 44.251 68.237 71.226 71.218 77.214 0.000 0.000 0.000 0.000 0.000 0.000 0.000 0.000 0.000 0.000 0.000 0.000 0.000 0.000 0.000 0.000 33.465 37.463 34.457 37.445 37.444 56.449 60.458 37.468 37.480 37.490 37.499 37.506 34.510 0.000 0.000 0.000 0.000 0.000 0.000 0.000 0.000 0.000 0.000 0.000 0.000 0.000 38.183 0.000 0.000 0.000 0.000 0.000 0.000 42.261 43.271 45.279 45.288 42.297 38.307 48.317
70.372 71.371 71.370 71.369 71.367 71.364 71.359 71.354 71.346 71.337 71.325 68.311 45.295 46.278 63.261 70.247 71.236 71.228 78.223 0.000 0.000 0.000 0.000 0.000 0.000 0.000 0.000 0.000 0.000 0.000 0.000 0.000 0.000 0.000 0.000 0.000 33.462 0.000 36.418 37.421 65.429 52.440 37.453 37.465 37.476 50.484 40.489 35.492 0.000 0.000 0.000 0.000 0.000 0.000 0.000 0.000 0.000 0.000 0.000 0.000 0.000 49.184 34.184 0.000 0.000 0.000 0.000 43.243 46.252 45.261 42.269 38.277 38.286 36.295 40.307
71.387 71.388 71.387 71.387 71.385 71.382 71.379 71.373 71.365 71.354 71.340 71.324 73.305 73.287 72.270 71.256 71.244 73.235 62.228 5.227 0.000 0.000 0.000 0.000 0.000 0.000 0.000 0.000 0.000 0.000 0.000 0.000 0.000 0.000 0.000 0.000 0.000 0.000 36.389 37.395 71.405 40.421 37.439 37.454 49.465 58.472 37.476 37.477 36.472 0.000 0.000 0.000 0.000 0.000 0.000 0.000 0.000 0.000 0.000 0.000 0.000 45.184 46.186 33.188 0.000 39.216 41.223 45.235 44.244 42.252 41.260 37.267 45.274 48.280 0.000
70.405 69.405 71.406 71.406 71.405 71.404 71.401 71.396 71.388 71.376 71.360 71.340 71.317 71.295 71.277 71.262 72.251 55.243 0.000 0.000 32.212 46.211 0.000 0.000 0.000 0.000 0.000 0.000 0.000 0.000 0.000 0.000 0.000 0.000 0.000 0.000 0.000 0.000 32.355 43.364 66.379 37.400 34.428 37.448 37.458 37.464 37.468 37.469 37.467 34.466 0.000 0.000 0.000 0.000 0.000 0.000 0.000 0.000 0.000 0.000 0.000 40.184 36.187 42.191 37.200 45.210 45.219 44.229 40.238 43.245 38.252 37.258 37.264 30.272 0.000
60.422 60.424 69.427 71.428 71.428 71.427 71.426 71.422 71.415 71.403 71.385 72.359 73.329 71.302 71.281 71.266 71.257 0.000 0.000 32.219 42.214 52.211 51.208 44.206 36.205 0.000 0.000 0.000 0.000 0.000 0.000 0.000 0.000 0.000 0.000 36.260 39.267 39.283 36.313 35.329 44.346 32.372 0.000 33.452 37.456 37.460 37.462 37.463 36.463 0.000 0.000 0.000 0.000 0.000 0.000 0.000 42.167 53.168 0.000 0.000 41.180 39.182 39.186 36.191 44.198 45.206 45.215 42.225 45.233 45.240 43.245 38.250 27.253 0.000 0.000
42.439 47.444 66.450 72.452 71.452 71.453 71.455 71.454 71.449 71.438 73.418 59.385 55.338 70.302 75.281 72.266 67.255 49.244 52.235 58.225 52.217 53.212 32.209 25.207 0.000 0.000 0.000 0.000 0.000 0.000 0.000 0.000 0.000 0.000 27.253 33.254 36.260 36.270 36.284 36.296 38.304 0.000 0.000 0.000 32.457 37.458 37.459 37.460 37.461 0.000 0.000 0.000 0.000 0.000 0.000 2.167 59.167 41.169 39.171 39.174 39.177 39.181 37.184 42.189 45.196 45.203 41.211 45.222 45.231 44.236 38.240 39.243 29.245 0.000 0.000
26.451 41.465 60.477 73.480 74.477 74.479 72.487 71.491 72.490 71.483 72.467 10.425 0.000 29.289 47.277 68.263 75.253 73.244 73.237 59.230 0.000 0.000 0.000 0.000 0.000 0.000 0.000 0.000 0.000 0.000 0.000 0.000 0.000 0.000 0.000 32.245 36.248 34.253 35.261 37.267 38.271 0.000 0.000 0.000 0.000 30.457 37.458 37.458 34.459 0.000 0.000 0.000 0.000 0.000 0.000 0.000 1.168 55.169 38.171 38.173 39.176 38.179 38.183 44.187 45.192 43.200 31.205 0.000 49.232 43.234 43.237 43.239 29.240 0.000 0.000
0.000 12.489 45.513 51.516 45.497 47.500 64.524 72.534 68.538 61.540 60.541 0.000 0.000 0.000 0.000 5.256 40.250 66.243 73.240 0.000 0.000 0.000 0.000 0.000 0.000 0.000 0.000 0.000 0.000 0.000 0.000 0.000 0.000 0.000 0.000 32.235 38.234 37.236 46.239 47.241 37.242 0.000 0.000 0.000 0.000 0.000 34.456 35.457 0.000 0.000 0.000 0.000 0.000 0.000 0.000 0.000 0.000 60.170 63.171 43.173 37.175 35.178 45.181 45.184 40.188 0.000 0.000 0.000 0.000 48.233 45.234 45.236 35.237 0.000 0.000
0.000 0.000 26.573 35.576 0.000 0.000 36.578 65.583 56.589 52.599 66.617 33.659 0.000 0.000 0.000 0.000 0.000 11.241 42.240 0.000 0.000 0.000 0.000 0.000 0.000 0.000 0.000 0.000 0.000 0.000 0.000 0.000 0.000 0.000 0.000 23.226 37.218 35.217 65.218 58.219 36.215 38.204 0.000 0.000 0.000 0.000 29.455 0.000 0.000 0.000 0.000 0.000 0.000 0.000 0.000 0.000 0.000 0.000 48.172 65.173 50.175 44.177 45.179 40.181 0.000 0.000 0.000 0.000 0.000 40.232 45.233 45.234 40.235 0.000 0.000
0.000 0.000 22.632 67.638 24.663 0.000 25.629 57.631 59.638 70.650 72.670 75.702 81.744 20.767 0.000 0.000 0.000 0.000 0.000 0.000 0.000 0.000 0.000 0.000 0.000 0.000 0.000 0.000 0.000 0.000 0.000 0.000 0.000 0.000 0.000 0.000 30.198 38.198 68.200 50.200 38.198 37.193 42.187 0.000 0.000 0.000 0.000 0.000 0.000 0.000 0.000 0.000 0.000 0.000 0.000 0.000 0.000 0.000 0.000 0.000 53.175 43.176 41.177 0.000 0.000 0.000 0.000 0.000 39.229 38.230 40.231 34.232 0.000 0.000 0.000
0.000 10.710 44.687 62.683 70.689 39.695 52.678 75.677 72.683 71.694 71.712 71.737 71.765 77.790 80.819 36.834 0.000 0.000 40.881 54.881 47.879 49.877 5.876 0.000 0.000 0.000 0.000 0.000 0.000 0.000 0.000 0.000 0.000 0.000 0.000 0.000 31.177 60.180 62.183 39.185 37.186 37.184 40.182 0.000 0.000 0.000 0.000 0.000 0.000 0.000 0.000 0.000 0.000 0.000 0.000 0.000 0.000 0.000 0.000 0.000 0.000 0.000 0.000 0.000 0.000 0.000 0.000 41.227 36.228 34.229 0.000 0.000 0.000 0.000 0.000
68.749 71.735 71.723 69.718 67.718 68.718 70.714 70.716 71.723 72.734 72.750 71.769 64.791 68.812 71.833 75.850 79.869 80.879 72.883 68.883 65.881 60.878 62.875 55.872 11.870 0.000 0.000 0.000 0.000 0.000 0.000 0.000 0.000 0.000 0.000 55.141 44.154 73.162 64.168 51.173 38.176 37.177 37.177 41.174 37.173 0.000 0.000 0.000 0.000 0.000 0.000 0.000 0.000 0.000 0.000 0.000 0.000 0.000 0.000 0.000 0.000 0.000 0.000 0.000 0.000 0.000 0.000 0.000 0.000 0.000 0.000 0.000 0.000 0.000 0.000
71.764 66.759 64.753 63.749 57.748 54.746 55.744 55.751 61.759 66.770 66.784 59.800 43.818 58.835 71.852 71.866 71.879 71.886 71.889 71.888 72.885 72.881 75.876 76.872 76.870 76.867 15.866 0.000 0.000 0.000 0.000 0.000 0.000 0.000 0.000 27.129 53.137 58.147 42.156 59.164 47.169 37.172 37.174 40.174 0.000 0.000 0.000 0.000 0.000 0.000 0.000 0.000 0.000 0.000 0.000 0.000 0.000 0.000 0.000 0.000 0.000 0.000 0.000 0.000 0.000 0.000 0.000 0.000 0.000 0.000 0.000 0.000 0.000 0.000 0.000
41.787 14.784 36.782 50.780 48.778 28.776 13.768 9.785 29.795 46.805 45.817 38.831 33.846 43.860 64.874 72.886 71.895 71.900 71.900 71.896 71.891 75.885 50.878 38.873 37.869 41.867 44.866 0.000 0.000 0.000 0.000 0.000 0.000 0.000 0.000 25.110 61.120 44.134 36.147 46.157 57.165 41.170 37.173 37.176 43.178 0.000 0.000 0.000 0.000 0.000 0.000 0.000 0.000 0.000 0.000 0.000 0.000 0.000 0.000 0.000 0.000 0.000 0.000 0.000 0.000 0.000 0.000 0.000 0.000 0.000 0.000 0.000 0.000 0.000 75.183
31.812 2.811 24.811 39.811 35.811 12.813 0.000 2.826 22.832 36.840 34.850 34.862 35.875 33.887 52.899 69.909 71.916 71.919 71.916 71.907 70.899 33.891 0.000 0.000 0.000 0.000 0.000 0.000 0.000 31.008 51.009 3.010 0.000 0.000 32.059 49.081 66.101 43.123 37.142 35.155 52.164 54.170 40.175 37.178 37.181 40.185 49.186 0.000 0.000 0.000 0.000 0.000 0.000 0.000 0.000 0.000 0.000 0.000 0.000 0.000 0.000 0.000 0.000 0.000 0.000 0.000 0.000 0.000 0.000 0.000 0.000 0.000 0.000 0.000 73.254
44.840 40.840 35.840 34.842 35.845 37.852 38.868 41.863 40.867 36.874 35.883 35.893 35.905 34.916 41.927 63.937 72.943 71.945 73.940 45.918 11.908 0.000 0.000 0.000 0.000 0.000 0.000 0.000 0.000 0.000 18.010 21.012 25.018 39.024 36.038 57.056 54.081 28.115 35.143 37.158 39.167 52.174 44.179 39.182 37.186 36.188 53.189 44.189 38.188 0.000 0.000 0.000 0.000 0.000 0.000 0.000 0.000 0.000 0.000 0.000 0.000 0.000 0.000 0.000 0.000 0.000 0.000 0.000 0.000 0.000 0.000 0.000 0.000 9.487 86.387
34.868 35.869 35.870 35.873 35.876 35.882 35.890 35.894 35.899 35.906 35.915 35.925 35.936 35.947 33.958 54.968 71.976 73.981 69.982 0.000 0.000 0.000 0.000 0.000 0.000 0.000 0.000 0.000 0.000 0.000 0.000 0.000 0.000 23.018 40.013 66.024 40.052 0.000 23.160 38.167 36.174 40.179 41.184 50.188 39.192 37.194 36.194 32.191 0.000 0.000 0.000 0.000 0.000 0.000 0.000 0.000 0.000 0.000 0.000 0.000 0.000 0.000 0.000 0.000 0.000 0.000 0.000 0.000 0.000 0.000 0.000 0.000 14.669 79.588 89.503
35.898 35.899 35.900 35.903 35.907 35.912 35.918 34.924 34.930 35.938 35.947 35.957 35.969 35.980 34.992 43.003 58.013 69.021 57.025 0.000 0.000 0.000 0.000 0.000 0.000 0.000 0.000 0.000 0.000 0.000 0.000 0.000 0.000 0.000 48.974 73.977 0.000 0.000 21.171 39.177 37.182 36.187 44.192 55.196 43.200 37.202 41.203 0.000 0.000 0.000 0.000 0.000 0.000 0.000 0.000 0.000 0.000 0.000 0.000 0.000 0.000 0.000 0.000 0.000 0.000 0.000 0.000 0.000 0.000 0.000 0.000 0.000 71.751 85.692 85.620
35.928 35.928 35.930 35.933 35.937 35.942 35.948 39.954 40.962 36.970 35.979 35.990 36.002 36.014 36.026 35.039 38.052 47.065 47.075 0.000 0.000 0.000 0.000 0.000 0.000 0.000 0.000 0.000 0.000 0.000 0.000 0.000 0.000 0.000 52.932 67.935 0.000 0.000 5.179 36.187 37.192 37.197 36.202 41.206 43.210 39.213 41.215 0.000 0.000 0.000 0.000 0.000 0.000 0.000 0.000 0.000 0.000 0.000 0.000 0.000 0.000 0.000 0.000 0.000 0.000 0.000 0.000 0.000 0.000 0.000 0.000 55.990 64.890 64.812 64.737
35.958 35.958 35.960 35.963 35.967 35.972 34.978 46.985 51.993 39.002 36.012 36.023 36.035 36.048 36.062 36.077 36.094 35.113 38.136 19.176 0.000 0.000 0.000 0.000 0.000 32.734 53.735 15.737 6.739 5.742 0.000 0.000 0.000 33.867 75.889 49.896 49.888 0.000 0.000 22.201 39.204 37.208 37.213 35.218 51.222 55.226 49.229 0.000 0.000 0.000 0.000 0.000 0.000 0.000 0.000 0.000 0.000 0.000 0.000 0.000 0.000 0.000 0.000 0.000 0.000 0.000 0.000 0.000 0.000 0.000 30.169 81.090 67.008 79.936 101.815
35.988 35.989 35.991 35.994 35.998 36.003 35.009 48.016 54.024 38.034 36.044 36.056 36.069 36.083 36.098 36.115 36.134 36.156 36.183 42.216 13.252 0.000 0.000 0.000 0.000 0.000 10.735 32.737 40.740 44.746 18.753 0.000 29.826 67.845 65.863 45.874 27.880 0.000 0.000 22.213 39.216 38.220 41.225 36.230 45.236 68.241 65.248 10.259 0.000 0.000 0.000 0.000 0.000 0.000 0.000 0.000 0.000 0.000 0.000 0.000 0.000 0.000 0.000 0.000 0.000 0.000 0.000 0.000 0.000 0.000 67.249 123.192 106.123 128.028 106.615
33.018 34.019 35.021 35.024 36.029 36.034 34.040 49.047 52.056 35.066 36.076 36.089 36.102 36.117 36.134 36.152 36.173 36.197 36.224 36.255 42.290 22.326 0.000 0.000 0.000 0.000 0.000 8.736 39.741 35.749 38.762 42.782 54.808 71.827 55.843 23.858 0.000 0.000 0.000 21.224 38.227 41.232 54.238 40.244 50.250 51.256 70.263 74.271 57.281 7.286 0.000 0.000 0.000 0.000 0.000 0.000 0.000 0.000 0.000 0.000 0.000 0.000 0.000 0.000 0.000 0.000 0.000 0.000 0.000 53.484 63.386 64.309 67.237 86.208 105.788
54.049 49.050 44.052 42.055 38.059 34.065 34.071 49.079 52.087 34.097 36.109 36.121 36.135 36.151 36.169 36.188 35.210 34.234 35.262 35.293 35.327 41.363 18.401 0.000 0.000 0.000 0.000 7.732 45.739 39.749 34.763 47.779 70.796 64.812 32.827 0.000 0.000 0.000 0.000 19.234 37.237 42.244 49.251 44.259 49.266 48.272 61.278 55.283 48.288 21.291 0.000 0.000 0.000 0.000 0.000 0.000 0.000 0.000 0.000 0.000 0.000 0.000 0.000 0.000 0.000 0.000 0.000 0.000 30.666 58.584 127.499 91.428 123.308 106.977 105.022
74.079 73.080 69.083 64.086 60.090 55.096 50.102 46.110 41.119 35.129 36.141 36.154 36.168 36.185 35.203 37.223 43.245 48.270 47.298 45.328 39.362 34.399 38.441 44.493 8.525 0.000 0.000 27.723 50.734 41.748 37.762 60.776 72.788 28.799 0.000 0.000 0.000 0.000 0.000 23.240 36.246 41.256 57.266 47.275 40.283 33.289 39.294 57.297 54.299 60.300 0.000 0.000 0.000 0.000 0.000 0.000 0.000 0.000 0.000 0.000 0.000 0.000 0.000 0.000 0.000 0.000 0.000 0.000 65.748 56.684 66.613 89.502 65.671 105.123 96.457
