results1/res_4e8f-0107.wd
ncols         241
nrows         181
xllcorner     12693529.787448
yllcorner     3542525.717860
cellsize      155.156523
NODATA_value  -9999.000000
[rows 0 to 32 of 181, columns 146 to 218 of 241]
0.000 0.000 0.000 0.000 0.000 0.000 0.000 0.000 0.000 0.000 0.000 0.000 0.000 0.000 4.253 15.140 15.950 15.712 15.446 15.167 14.891 14.630 14.397 14.198 14.035 13.908 13.814 13.749 13.708 13.685 13.675 18.671 0.000 0.000 0.000 0.000 0.000 0.000 0.000 0.000 0.000 0.000 0.000 0.000 0.000 0.000 0.000 0.000 0.000 6.247 13.246 0.000 0.000 29.237 34.237 0.000 0.000 0.000 0.000 0.000 0.000 0.000 0.000 0.000 0.000 0.000 0.000 0.000 0.000 0.000 0.000 0.000 0.000
0.000 0.000 0.000 0.000 0.000 0.000 0.000 0.000 0.000 0.000 0.000 0.000 0.000 0.000 15.367 16.216 15.998 15.741 15.459 15.165 14.874 14.603 16.363 15.161 13.999 13.875 13.786 13.725 13.689 13.672 13.669 18.668 0.000 0.000 0.000 0.000 0.000 0.000 0.000 0.000 0.000 0.000 0.000 0.000 0.000 0.000 0.000 0.000 3.248 25.247 1.246 0.000 8.240 41.238 35.237 0.000 0.000 0.000 0.000 0.000 0.000 0.000 0.000 0.000 0.000 0.000 0.000 0.000 20.159 0.000 0.000 0.000 0.000
0.000 0.000 0.000 0.000 0.000 0.000 0.000 0.000 0.000 0.000 0.000 0.000 0.000 18.949 17.632 16.359 16.085 15.795 15.484 15.159 14.839 16.545 16.292 14.085 13.925 13.808 13.728 13.677 13.652 13.646 15.659 9.664 0.000 0.000 0.000 0.000 0.000 0.000 0.000 0.000 0.000 0.000 0.000 0.000 0.000 0.000 0.000 0.000 15.250 0.000 0.000 3.242 34.242 0.000 0.000 0.000 0.000 0.000 0.000 0.000 0.000 0.000 0.000 0.000 0.000 0.000 0.000 0.000 23.159 0.000 0.000 0.000 0.000
0.000 0.000 0.000 0.000 0.000 0.000 0.000 0.000 0.000 0.000 0.000 0.000 2.257 18.267 16.852 16.502 16.188 15.871 15.522 15.147 15.778 15.447 14.173 13.962 13.808 13.704 13.639 13.605 13.594 19.600 0.000 0.000 0.000 0.000 0.000 0.000 0.000 0.000 0.000 0.000 0.000 0.000 0.000 0.251 0.000 0.000 0.000 0.000 59.252 0.000 0.000 9.243 36.244 0.000 0.000 0.000 0.000 0.000 0.000 0.000 0.000 0.000 0.000 1.182 20.182 0.000 0.000 13.161 22.160 23.160 0.000 0.000 0.000
0.000 0.000 0.000 0.000 0.000 0.000 0.000 0.000 0.000 0.000 0.000 7.881 1.168 2.193 17.007 16.609 16.296 15.979 15.585 15.130 15.679 15.291 13.992 13.781 13.643 13.561 13.520 13.509 14.521 15.561 0.000 0.000 0.000 0.000 0.000 0.000 0.000 0.000 0.000 0.000 0.000 0.000 1.259 24.259 19.260 0.000 0.000 15.254 43.254 0.000 0.000 0.000 36.248 0.000 0.000 0.000 0.000 0.000 0.000 0.000 0.000 0.000 35.185 39.183 41.182 0.000 0.000 26.162 21.161 21.160 31.160 0.000 0.000
0.000 0.000 0.000 0.000 0.000 0.000 0.000 0.000 0.000 0.000 10.501 3.152 1.582 1.103 1.078 14.631 16.406 16.164 15.708 17.112 16.515 14.045 13.724 13.527 13.420 13.375 13.371 13.392 19.419 0.000 0.000 0.000 0.000 0.000 0.000 0.000 0.000 0.000 0.000 0.000 0.000 0.000 0.000 4.260 25.261 17.262 15.263 0.000 28.257 1.258 0.000 0.000 21.253 34.255 25.257 23.257 32.256 0.000 0.000 0.000 0.000 0.000 35.187 37.185 42.181 21.176 10.170 27.165 30.162 0.000 0.000 0.000 0.000
0.000 0.000 0.000 0.000 0.000 0.000 0.000 0.000 0.000 0.000 6.830 3.590 3.267 2.796 0.277 0.456 9.534 17.564 16.972 17.092 14.227 13.649 13.332 13.184 13.136 13.149 13.199 13.268 8.343 0.000 0.000 0.000 0.000 0.000 21.306 54.307 0.000 0.000 0.000 0.000 0.000 0.000 0.000 1.260 25.261 38.262 73.264 35.264 36.260 7.259 0.000 0.000 18.255 37.257 22.258 18.257 35.256 0.000 0.000 0.000 0.000 0.000 22.192 28.188 24.182 24.176 28.170 31.165 39.162 0.000 0.000 0.000 18.095
0.000 0.000 0.000 0.000 0.000 0.000 0.000 0.000 0.000 29.859 30.400 7.056 2.709 2.995 2.720 0.630 0.284 4.767 17.522 15.059 13.649 12.994 12.770 12.740 12.792 12.887 14.006 11.137 0.000 0.000 0.000 0.000 0.000 0.000 0.000 42.307 49.308 31.309 23.309 0.000 0.000 0.000 0.000 0.000 0.000 0.000 66.269 45.268 0.000 0.000 0.000 0.000 0.000 30.262 45.261 43.259 45.256 37.251 29.244 32.236 31.226 40.215 44.201 41.192 42.185 42.177 37.170 32.163 29.159 0.000 0.000 0.000 0.000
0.000 0.000 0.000 0.000 0.000 0.000 0.000 0.000 23.794 41.319 42.854 32.441 9.105 1.562 2.700 0.653 2.250 6.796 5.496 14.973 12.318 11.908 12.016 12.213 12.404 13.600 13.803 0.000 0.000 0.000 0.000 0.000 0.000 0.000 0.000 0.000 40.309 50.309 55.309 0.000 0.000 0.000 0.000 0.000 0.000 0.000 38.273 30.273 35.274 2.274 0.000 0.000 14.271 42.268 27.265 21.262 28.258 40.253 28.246 27.237 36.228 45.217 32.206 28.196 31.187 37.178 43.169 45.161 43.151 29.137 20.125 3.115 12.106
0.000 0.000 0.000 0.000 0.000 0.000 0.000 19.764 29.269 44.767 42.258 42.747 35.233 11.723 0.806 4.234 13.641 6.086 1.981 2.697 5.740 10.304 11.172 11.691 12.011 17.305 0.000 0.000 0.000 0.000 0.000 0.000 0.000 0.000 0.000 0.000 7.310 53.310 6.309 0.000 0.000 0.000 0.000 0.000 0.000 34.283 44.278 20.276 36.275 56.275 0.000 0.000 20.275 44.273 23.271 17.267 20.262 33.257 22.249 22.241 24.232 26.221 23.210 24.200 18.190 22.180 28.169 29.159 27.148 36.136 38.124 41.114 49.104
0.000 0.000 0.000 0.000 0.000 0.000 24.750 23.259 46.752 43.223 42.663 42.055 42.357 37.445 19.933 11.706 7.294 0.000 0.000 4.053 2.161 2.962 10.679 11.369 16.644 0.000 0.000 0.000 0.000 0.000 0.000 0.000 31.317 0.000 0.000 0.000 14.312 54.312 0.000 0.000 0.000 0.000 0.000 0.000 29.293 73.288 6.281 9.278 31.276 58.276 0.000 0.000 17.282 42.280 22.277 15.273 18.268 20.262 16.255 15.246 22.236 38.226 21.215 17.204 31.193 27.181 24.170 31.159 31.147 34.135 43.123 47.112 34.101
0.000 0.000 0.000 0.000 0.000 28.678 17.242 45.768 44.258 43.709 43.115 42.455 41.694 41.767 38.602 24.368 3.807 0.000 0.000 45.198 4.151 0.014 0.017 13.461 9.552 0.000 0.000 0.000 0.000 0.000 0.000 0.000 27.318 22.318 31.317 43.317 47.315 37.314 0.000 0.000 0.000 28.308 43.306 48.303 72.298 28.295 0.000 0.000 33.277 21.277 0.000 0.000 20.290 47.288 34.285 18.281 66.276 94.269 43.262 19.253 35.242 82.231 34.220 11.208 76.196 49.184 24.171 31.159 33.146 23.134 32.121 45.109 28.098
0.000 0.000 0.000 0.000 0.000 18.114 39.771 46.315 44.802 44.242 43.632 42.957 42.196 41.325 41.350 40.314 29.565 4.378 49.824 46.946 0.061 0.026 0.009 0.010 0.000 0.000 0.000 0.000 0.000 0.000 0.000 26.318 22.318 27.318 41.318 51.318 35.316 22.316 0.000 0.000 0.000 37.310 36.308 32.305 71.302 31.300 0.000 0.000 12.278 4.277 0.000 13.306 41.301 43.298 37.295 25.291 24.285 57.278 98.270 36.261 29.250 86.238 37.226 11.213 83.200 53.186 16.173 18.160 24.146 15.133 29.120 28.107 16.094
0.000 0.000 0.000 0.000 22.482 32.893 48.412 45.920 45.393 44.826 44.213 43.544 42.807 42.004 41.077 40.357 39.229 51.580 51.245 0.401 0.087 9.156 0.000 0.000 0.000 0.000 0.000 0.000 0.000 42.317 45.318 27.318 26.319 41.320 51.320 37.320 20.318 22.317 22.318 20.320 18.318 30.314 33.311 43.308 83.306 17.303 0.000 0.000 49.281 0.000 0.000 10.312 40.310 40.308 27.305 19.302 15.296 25.289 22.281 62.270 93.259 110.246 91.232 80.218 106.204 100.190 91.175 37.161 17.147 34.133 29.119 18.105 13.091
0.000 0.000 0.000 23.556 33.071 50.563 47.067 46.558 46.024 45.456 44.850 44.196 43.503 42.697 42.179 39.851 51.598 51.600 35.739 18.132 5.316 0.000 0.000 0.000 0.000 0.000 0.000 0.000 0.000 0.000 0.000 6.319 44.320 48.321 40.323 25.325 0.000 0.000 0.000 24.323 20.321 30.318 29.314 52.311 49.309 0.000 0.000 0.000 52.284 0.000 0.000 8.320 38.319 50.319 29.318 35.315 58.310 35.303 17.293 41.282 64.269 98.255 64.240 44.225 92.209 82.194 57.178 26.163 12.148 83.133 51.118 23.103 13.089
0.000 0.000 0.000 29.041 48.683 48.223 47.733 47.222 46.688 46.126 46.530 45.910 44.189 43.799 41.263 51.611 51.596 39.253 40.888 38.578 22.567 3.565 0.000 0.000 0.000 0.000 0.000 0.000 0.000 0.000 0.000 0.000 12.321 44.322 22.326 20.332 26.339 0.000 0.000 25.329 23.326 29.322 30.318 52.314 48.311 0.000 0.000 12.288 59.287 0.000 0.000 10.329 41.330 44.331 25.332 25.330 71.326 106.318 55.308 23.295 39.281 86.265 46.249 13.232 79.214 66.198 24.181 16.165 9.149 90.133 54.118 26.102 27.086
0.000 0.000 29.509 46.886 50.395 48.913 48.419 47.909 47.380 47.825 46.256 45.595 45.293 42.764 51.900 51.696 40.691 41.534 40.585 31.001 11.781 0.000 0.000 0.000 0.000 0.000 0.000 0.000 0.000 0.000 0.000 0.000 0.000 0.000 0.000 25.339 22.346 21.349 23.346 25.338 21.331 29.326 31.321 43.315 39.310 1.302 20.294 53.290 4.288 0.000 0.000 10.337 37.340 43.345 29.349 14.350 16.345 41.337 28.325 10.311 28.295 83.277 39.258 5.239 76.220 61.202 19.184 15.167 11.150 89.134 54.117 26.101 17.084
0.000 28.674 42.132 51.597 50.100 49.613 49.121 48.617 49.094 48.562 46.942 46.692 44.167 52.676 52.234 42.232 43.260 41.161 28.414 0.000 0.000 0.000 0.000 0.000 0.000 0.000 0.000 0.000 0.000 0.000 0.000 0.000 0.000 0.000 0.000 0.000 29.357 39.356 50.352 38.345 27.336 31.331 28.326 33.317 26.309 45.301 63.294 51.291 0.000 0.000 0.000 9.342 35.348 40.361 46.371 44.373 32.369 22.360 35.346 67.330 86.310 107.290 87.268 70.246 104.226 97.206 79.187 39.169 12.152 87.135 59.118 31.101 18.084
25.657 37.216 51.749 51.270 50.795 50.319 49.837 50.340 49.840 48.253 48.040 45.529 53.758 53.192 43.696 44.890 45.864 24.080 0.000 0.000 0.000 0.000 0.000 0.000 0.000 0.000 0.000 0.000 0.000 0.000 0.000 0.000 0.000 0.000 0.000 0.000 27.368 31.366 49.362 8.353 0.000 38.338 29.333 32.320 28.309 16.298 35.292 50.288 37.285 0.000 0.000 0.000 0.362 43.380 45.401 38.404 26.398 35.387 86.371 77.351 58.328 59.304 60.278 60.254 60.231 61.209 63.189 34.171 14.153 86.136 62.119 25.103 19.090
29.097 52.784 52.378 51.940 51.489 51.031 50.562 50.091 49.536 49.356 46.863 54.969 54.354 45.052 46.328 45.382 40.950 0.601 0.000 0.000 0.000 0.000 0.000 0.000 0.000 0.000 0.000 0.000 0.000 0.000 0.000 0.000 0.000 0.000 0.000 0.000 28.382 39.380 23.377 0.000 0.000 35.351 32.348 0.000 0.000 20.291 34.288 49.285 46.283 15.281 0.000 0.000 0.000 0.000 12.450 27.445 11.434 72.418 73.399 22.376 28.349 70.319 41.289 13.260 59.234 49.211 29.191 27.173 18.155 86.138 57.119 14.101 15.084
46.851 54.445 53.040 52.622 52.192 52.752 51.312 50.791 50.648 48.178 56.226 55.593 45.318 47.627 46.679 47.120 16.526 0.000 0.000 0.000 0.000 0.000 0.000 0.000 0.000 0.000 0.000 0.000 0.000 0.000 0.000 0.000 0.000 0.000 0.000 0.000 48.398 46.394 50.390 47.387 43.379 43.366 37.361 0.000 0.000 20.288 33.284 51.280 58.280 21.280 0.000 0.000 0.000 0.000 6.503 19.492 39.475 86.455 49.431 9.404 77.373 78.334 27.298 14.265 35.235 91.211 50.191 18.174 18.157 81.140 99.121 86.099 91.061
56.491 54.105 53.715 53.315 52.903 54.494 52.007 51.907 49.473 57.502 56.861 40.523 44.791 48.902 45.420 22.760 0.000 0.000 0.000 0.000 0.000 0.000 0.000 0.000 0.000 0.000 0.000 0.000 0.000 0.000 0.000 0.000 0.000 0.000 0.000 47.434 46.419 47.409 49.401 48.393 46.384 47.375 40.369 0.000 0.000 21.290 33.281 56.272 29.276 0.000 0.000 0.000 0.000 4.606 34.569 13.544 78.520 72.494 16.467 72.439 85.404 34.347 22.303 25.266 20.231 51.208 90.190 47.174 10.160 81.145 84.126 58.112 0.041
47.118 53.768 54.400 54.017 53.634 53.176 53.116 50.717 58.744 58.145 23.669 28.899 31.848 50.551 34.205 0.000 0.000 0.000 0.000 0.000 0.000 0.000 0.000 37.824 26.824 0.000 0.000 0.000 0.000 0.000 0.000 0.000 0.000 0.000 0.000 24.448 18.436 21.423 25.411 20.400 19.390 18.380 20.370 24.357 18.334 11.300 26.278 5.252 0.000 0.000 0.000 0.000 0.000 6.643 29.623 20.597 21.567 21.536 13.506 34.479 35.459 0.000 0.000 0.000 26.215 19.200 41.186 34.174 16.164 49.154 0.000 0.000 0.000
25.779 41.450 54.097 56.741 54.302 54.270 51.874 59.768 59.296 32.585 0.000 42.189 0.000 54.122 22.665 0.000 0.000 0.000 0.000 0.000 0.000 0.000 0.000 44.826 38.823 0.000 0.000 0.000 0.000 0.000 0.000 0.000 0.000 10.584 0.000 25.475 21.455 21.436 21.420 21.407 21.396 21.386 21.376 23.367 1.350 0.000 0.000 27.207 0.000 0.000 0.000 0.000 7.700 38.700 26.683 25.654 17.615 18.577 18.542 16.512 30.495 0.000 0.000 0.000 0.000 22.190 17.181 30.174 29.169 0.000 0.000 0.000 0.000
17.485 25.152 47.817 52.413 55.392 52.952 60.460 60.154 39.391 15.209 0.000 58.793 56.703 43.162 0.000 0.000 0.000 0.000 0.000 0.000 0.000 0.000 47.843 53.830 24.820 0.000 0.000 0.000 0.000 0.000 0.000 0.000 0.000 27.584 25.566 22.522 21.474 18.445 22.426 22.413 22.402 22.392 22.383 25.378 0.000 0.000 0.000 25.163 25.147 0.000 0.000 0.000 0.000 25.775 18.757 17.721 16.663 16.614 16.574 16.533 17.513 26.513 0.000 0.000 0.000 0.000 23.174 26.171 24.169 0.000 0.000 0.000 18.937
21.211 31.867 36.511 34.431 46.010 60.796 60.674 44.302 23.084 16.598 0.000 38.463 51.156 24.659 0.000 0.000 0.000 0.000 35.966 41.957 33.937 31.897 40.857 33.831 23.807 0.000 0.000 0.000 0.000 0.000 0.000 0.000 0.000 25.604 22.591 21.573 0.000 0.000 27.427 21.418 21.407 21.396 21.387 22.383 0.000 0.000 0.000 26.134 25.132 0.000 0.000 0.000 22.867 18.868 18.851 18.808 17.704 17.642 21.608 0.000 0.000 0.000 0.000 0.000 0.000 0.000 23.169 18.168 18.167 19.166 0.000 0.000 20.937
32.901 46.562 22.299 21.189 60.833 60.835 47.224 33.972 30.331 35.185 0.000 5.442 40.799 0.000 0.000 0.000 0.000 31.986 35.976 37.967 35.958 0.000 0.000 0.000 35.770 19.733 0.000 0.000 0.000 0.000 0.000 0.000 0.000 35.637 32.622 7.606 0.000 0.000 40.436 26.425 22.411 21.398 25.388 2.385 0.000 1.087 39.094 20.108 24.114 0.000 0.000 0.000 0.000 23.979 18.970 22.957 0.000 0.000 0.000 0.000 0.000 0.000 0.000 0.000 0.000 0.000 23.167 18.166 18.166 23.166 0.000 0.000 0.000
53.558 42.164 22.247 17.769 60.766 22.198 27.944 30.197 33.898 52.510 62.002 50.063 0.000 0.000 0.000 0.000 30.006 23.996 29.986 44.977 43.970 0.000 0.000 0.000 0.000 36.696 0.000 0.000 0.000 21.816 0.000 0.000 37.722 36.684 42.654 35.624 0.556 54.482 51.456 49.436 47.416 39.396 20.382 7.383 0.000 15.081 68.084 22.091 23.102 0.000 0.000 0.000 0.000 29.098 15.096 20.093 0.000 0.000 0.000 0.000 0.000 0.000 0.000 0.000 0.000 19.164 21.165 23.165 17.165 22.165 0.000 0.000 0.000
62.099 49.213 31.530 60.218 18.148 19.958 19.152 18.818 28.412 55.978 51.430 22.746 0.000 0.000 29.056 0.000 37.016 29.007 39.996 34.983 13.977 0.000 0.000 0.000 0.000 40.660 16.649 0.000 0.000 17.816 25.817 29.799 31.760 33.725 23.687 20.620 28.549 28.501 48.472 31.447 25.421 23.389 3.362 0.000 0.000 10.076 78.068 34.072 0.051 0.000 0.000 0.000 0.000 42.221 15.222 22.226 0.000 0.000 0.000 0.000 0.000 0.000 0.000 0.000 0.000 21.164 36.164 34.164 27.164 0.000 0.000 0.000 0.000
60.113 58.364 59.636 37.000 24.934 21.103 20.765 19.365 25.978 41.557 36.993 0.000 0.000 0.000 32.056 53.050 48.034 49.021 31.009 0.000 0.000 0.000 0.000 0.000 31.626 22.636 14.638 0.000 0.000 0.000 29.835 33.820 33.794 33.769 17.749 0.000 24.526 25.503 49.482 35.460 29.432 15.379 22.315 37.234 57.155 46.080 70.041 35.056 0.000 0.000 0.000 0.000 0.000 40.343 16.346 17.363 22.420 0.000 0.000 0.000 0.000 0.000 0.000 0.000 0.000 0.000 40.164 37.164 0.000 0.000 0.000 0.000 0.000
58.151 59.527 58.790 57.832 40.002 19.676 20.285 20.924 19.576 22.278 0.000 0.000 0.000 0.000 48.063 38.059 36.050 32.036 0.000 0.000 0.000 0.000 0.000 32.614 23.616 19.620 2.629 0.000 0.000 0.000 29.869 37.853 46.829 45.806 47.792 35.798 0.000 0.000 52.492 36.481 10.467 0.000 25.285 35.233 62.152 24.048 7.959 0.000 0.000 0.000 0.000 0.000 0.000 31.463 18.456 19.459 22.479 0.000 0.000 0.000 0.000 0.000 0.000 0.000 0.000 0.000 0.000 0.000 0.000 0.000 0.000 0.000 0.000
59.525 58.517 60.649 60.834 44.528 21.151 23.803 23.464 21.124 21.701 0.000 28.085 0.000 0.000 42.075 42.074 49.072 0.000 0.000 6.799 0.000 0.000 0.000 27.612 21.606 15.599 0.000 0.000 0.000 0.000 27.919 28.894 30.864 29.836 27.815 19.804 0.000 0.000 54.515 40.503 25.489 0.000 24.308 35.259 59.173 15.003 10.787 0.000 0.000 0.000 0.000 0.000 0.000 38.591 17.555 19.541 19.556 20.601 24.617 0.000 0.000 0.000 0.000 0.000 0.000 0.000 0.000 0.000 0.000 0.000 0.000 0.000 0.000
59.180 61.393 60.599 61.317 34.957 25.625 45.307 39.008 20.754 0.000 0.000 25.086 40.087 45.089 31.088 52.091 44.091 0.000 0.000 20.800 51.800 3.789 0.000 28.617 22.595 19.572 0.000 0.000 36.142 32.085 27.995 29.940 34.896 34.859 32.827 43.800 35.775 0.000 54.550 46.528 46.498 38.452 19.379 37.325 45.276 0.000 13.401 0.000 0.000 0.000 0.000 0.000 3.878 42.754 14.634 16.593 17.605 18.629 23.634 0.000 0.000 0.000 0.000 0.000 0.000 0.000 0.000 0.000 0.000 0.000 0.000 0.000 0.000
