results1/res_4e8f-0238.wd
ncols         241
nrows         181
xllcorner     12693529.787448
yllcorner     3542525.717860
cellsize      155.156523
NODATA_value  -9999.000000
[rows 99 to 131 of 181, columns 73 to 145 of 241]
60.103 60.078 60.053 59.026 58.999 63.970 66.942 63.914 59.894 59.884 53.886 9.892 0.000 0.000 0.000 0.000 0.000 15.067 73.034 97.989 95.981 95.137 101.803 101.732 94.829 95.524 95.370 95.258 96.152 96.050 94.958 98.880 57.825 0.000 0.000 0.000 0.000 0.000 0.000 35.387 61.310 73.207 41.078 22.875 52.780 55.693 53.596 57.474 54.295 52.049 21.744 46.506 50.379 65.293 71.230 74.184 72.150 67.126 60.111 55.103 50.102 28.099 0.000 0.000 0.000 0.000 22.441 40.441 52.441 76.441 77.441 77.441 77.441
60.153 60.130 59.106 57.079 61.051 66.020 66.986 66.948 60.920 57.904 62.898 62.898 23.899 0.000 17.697 47.645 24.533 4.333 61.238 101.117 96.366 96.381 101.863 94.142 95.929 95.581 95.492 95.378 95.268 95.164 97.070 95.994 31.945 0.000 0.000 0.000 0.000 0.000 3.697 39.569 45.472 56.384 5.315 0.000 47.898 55.837 54.745 58.620 58.449 29.249 0.000 41.410 55.352 60.288 81.237 82.197 82.168 83.146 84.131 82.123 63.120 1.121 1.131 2.135 0.000 0.000 0.000 39.441 52.441 76.441 77.441 77.441 77.441
60.206 59.185 59.161 62.134 65.105 66.073 41.035 4.973 33.935 69.915 42.906 16.901 8.900 0.000 28.750 78.705 75.619 67.504 86.384 97.534 94.521 101.945 95.424 96.228 95.793 95.727 95.608 95.495 95.380 96.266 94.165 82.082 29.015 1.974 0.000 0.000 0.000 3.929 42.825 49.720 47.625 48.542 21.483 0.000 54.077 72.013 64.926 59.813 34.631 0.000 1.370 24.370 14.331 54.272 79.232 83.201 81.177 81.159 81.146 83.138 56.134 50.135 50.137 56.137 0.000 0.000 0.000 16.441 51.441 76.441 77.441 77.441 77.441
59.260 58.241 63.218 66.192 66.162 66.131 31.109 0.000 0.925 12.914 3.910 0.000 0.000 0.000 21.847 84.806 90.736 98.649 98.608 95.732 102.284 102.075 95.390 96.099 95.949 95.839 95.728 95.614 95.492 101.355 51.241 19.154 3.059 0.597 7.642 10.550 0.000 34.032 51.956 47.861 47.766 46.676 52.592 18.504 47.318 73.213 72.133 70.076 0.000 0.000 44.370 0.370 0.000 52.235 81.218 85.199 82.181 81.166 79.155 68.148 49.143 45.142 46.141 30.139 0.000 0.000 0.000 0.000 47.441 76.441 77.441 77.441 73.441
58.319 64.302 66.280 66.252 64.219 70.182 40.160 0.000 0.000 0.000 0.000 0.000 0.000 0.000 32.984 90.937 93.876 97.753 96.989 97.001 102.471 94.777 96.482 96.156 96.068 95.958 95.850 99.741 105.617 60.421 29.291 4.233 0.000 0.000 0.000 7.458 35.366 58.212 52.104 45.002 49.902 53.804 50.706 48.602 62.480 66.386 56.318 64.280 0.000 0.000 12.370 0.000 0.000 58.214 82.206 87.194 86.182 82.170 77.161 46.155 44.150 45.147 52.145 0.000 0.000 0.000 0.000 41.441 45.441 74.441 77.441 77.441 71.441
65.382 66.368 66.347 65.318 43.281 9.217 28.188 30.188 0.000 0.000 0.000 0.000 0.000 24.286 77.168 91.090 93.994 96.152 97.162 102.800 102.642 95.752 96.453 96.291 96.183 96.075 99.973 61.883 21.815 0.000 39.270 25.254 0.000 0.000 0.000 0.000 43.428 77.345 68.246 63.142 58.037 58.931 56.825 57.718 70.615 64.532 48.474 50.447 0.000 0.000 0.000 0.000 0.000 58.202 86.198 51.191 49.181 81.172 84.165 54.160 45.155 50.152 20.149 0.000 0.000 0.000 0.000 14.441 41.441 59.441 75.441 78.441 71.441
66.451 66.441 62.421 66.393 48.370 0.000 19.188 49.188 0.000 0.000 0.000 0.000 14.501 76.405 90.312 96.233 96.204 96.345 103.083 102.946 95.081 96.855 96.503 96.413 96.297 96.188 100.085 72.001 3.945 0.000 9.265 12.260 0.000 0.000 0.000 0.000 30.573 62.494 67.393 77.284 73.172 61.058 63.943 72.831 67.730 55.651 47.600 48.586 22.632 23.643 0.000 0.000 0.000 56.195 90.192 4.189 0.000 30.171 77.167 67.163 48.160 27.156 0.000 0.000 0.000 0.000 0.000 0.000 14.441 38.441 64.441 74.441 67.441
64.529 61.525 60.504 76.462 55.435 0.000 18.188 46.188 0.000 0.000 0.000 8.669 72.597 85.520 95.449 98.329 97.573 95.603 103.210 94.390 96.164 92.722 94.648 96.525 96.409 97.292 91.179 81.092 29.019 0.000 0.000 0.000 0.000 0.000 0.000 17.973 52.796 57.666 57.547 59.429 68.310 71.187 74.059 67.933 54.824 48.742 47.690 46.666 50.666 35.655 0.000 0.000 0.000 45.190 82.188 48.185 37.179 29.173 72.170 78.167 58.165 0.000 0.000 9.170 0.000 0.000 0.000 0.000 0.000 33.441 57.441 62.441 49.441
58.615 67.625 63.607 4.515 5.475 0.000 9.188 9.188 0.000 0.000 0.000 9.741 88.696 90.638 98.549 97.715 96.736 103.435 103.327 96.349 96.036 95.876 95.758 94.640 95.519 97.394 54.248 5.170 0.000 0.000 0.000 0.000 0.000 21.505 38.373 53.150 63.973 60.828 59.699 56.576 57.452 60.319 72.173 73.018 64.890 53.804 46.750 46.722 48.712 0.000 0.000 0.000 0.000 30.186 72.185 50.182 46.179 46.174 78.171 81.169 64.169 27.170 17.170 60.170 0.000 0.000 0.000 0.000 0.000 36.441 60.441 55.441 41.441
59.711 69.752 56.786 0.000 0.000 0.000 6.188 18.188 2.188 0.000 0.984 75.858 85.812 97.754 97.749 96.892 103.628 103.535 95.661 97.435 97.086 96.993 96.873 96.755 98.636 48.515 0.000 0.000 0.000 0.000 0.000 10.963 36.841 53.637 66.463 62.281 61.117 60.974 60.845 61.724 59.601 58.465 32.296 51.076 75.914 57.833 45.785 48.759 46.749 34.755 0.000 0.000 0.000 31.185 64.183 42.181 0.000 0.000 34.171 71.171 60.170 69.170 76.171 35.170 0.000 0.000 0.000 0.000 0.000 11.441 51.441 49.441 42.441
57.803 61.888 60.999 37.163 0.000 0.000 0.000 4.188 7.188 0.000 29.077 88.997 95.938 97.860 98.020 96.142 103.713 95.948 97.730 97.295 97.226 97.106 97.990 98.872 60.754 0.000 0.000 0.000 0.000 0.000 13.242 56.085 66.923 62.739 61.562 61.394 61.241 61.105 60.984 60.873 60.764 69.645 8.471 0.000 43.859 52.827 44.799 53.779 53.768 35.762 0.000 0.000 0.000 0.000 48.180 85.179 53.178 0.000 27.172 72.172 66.171 57.171 57.171 0.000 0.000 0.000 0.000 0.000 0.000 0.000 30.441 41.441 42.441
69.877 7.999 64.157 62.328 51.528 10.648 0.851 0.000 0.000 20.250 79.181 93.115 99.057 98.043 97.197 103.859 103.790 96.897 97.595 97.444 97.333 98.223 100.107 60.990 0.000 0.000 0.000 0.000 11.732 42.613 53.399 65.212 62.026 61.834 58.654 58.490 58.347 59.223 61.114 61.019 63.938 40.879 0.000 0.000 23.834 48.820 47.803 65.791 61.784 0.000 0.000 0.000 0.000 0.000 32.178 77.178 89.177 46.175 72.173 86.172 78.172 54.172 47.172 19.172 0.000 0.000 0.000 0.000 0.000 0.000 36.441 42.441 46.441
51.918 5.073 66.303 56.462 63.608 55.745 16.979 4.236 13.327 80.319 89.279 99.238 98.126 98.393 96.421 103.919 96.185 97.977 97.638 97.554 98.446 99.345 53.226 0.000 0.000 0.000 0.000 3.985 54.852 65.708 63.529 62.339 64.133 63.919 69.728 74.566 69.434 62.324 56.230 60.151 66.091 24.054 0.000 0.000 19.824 51.814 52.804 74.797 62.793 0.000 0.000 0.000 0.000 0.000 20.177 72.177 81.176 86.175 82.174 82.173 86.173 70.172 49.172 50.172 19.172 12.172 0.000 0.000 0.000 38.440 43.440 41.440 46.440
0.000 0.000 34.520 85.612 48.695 0.000 0.000 18.403 78.425 83.418 97.397 98.306 98.587 96.518 104.003 96.442 98.251 97.828 97.770 98.660 95.555 50.485 0.000 0.000 0.000 0.000 10.253 57.118 64.982 62.837 62.671 66.482 41.249 19.981 22.773 39.612 65.501 67.409 68.330 60.265 61.218 22.193 0.000 0.000 0.000 32.807 50.804 57.800 56.797 5.798 0.000 0.000 0.000 0.000 20.176 63.176 76.175 81.175 82.174 83.173 79.173 75.173 60.172 48.172 52.172 58.172 0.000 0.000 0.000 4.440 41.440 42.440 44.440
0.000 0.000 11.644 86.769 73.867 0.000 0.000 25.549 86.551 94.542 98.495 99.691 99.729 104.317 104.126 97.392 98.108 97.969 97.871 92.769 82.626 33.556 0.000 0.000 9.628 45.545 54.388 66.253 63.122 62.986 66.836 44.668 2.483 0.000 0.000 25.606 63.549 60.480 64.416 70.362 70.325 48.307 0.000 0.000 0.000 14.805 52.803 46.800 53.799 4.798 0.000 0.000 0.000 0.000 25.176 50.175 67.175 81.175 76.174 69.174 71.173 32.173 57.172 66.172 59.172 55.172 0.000 0.000 0.000 0.000 1.440 36.440 41.440
0.000 0.000 0.000 14.953 64.136 3.548 13.691 79.693 91.688 98.675 98.696 98.875 104.665 104.495 96.678 98.477 98.144 98.073 90.984 56.917 0.000 0.000 0.000 17.791 63.711 57.619 65.502 63.383 63.266 64.148 42.021 2.852 0.000 0.000 0.000 24.657 66.609 60.548 60.490 62.442 66.411 68.403 20.433 0.000 0.000 0.000 33.801 52.801 27.800 0.000 0.000 0.000 0.000 0.000 18.175 46.175 57.175 64.175 56.174 53.174 18.174 0.000 6.172 50.172 54.172 63.172 0.000 0.000 0.000 0.000 0.000 30.440 41.440
0.000 0.000 0.000 0.000 1.530 13.771 82.831 87.842 98.841 98.779 100.067 100.142 104.824 96.975 98.755 98.325 98.266 88.164 77.078 40.997 0.000 0.000 0.000 57.871 79.806 64.718 56.617 64.512 62.411 65.318 35.249 0.000 0.000 0.000 20.849 55.757 62.682 61.613 61.553 58.506 54.475 56.461 18.464 0.000 0.000 0.000 14.801 59.801 7.800 0.000 0.000 0.000 0.000 0.000 18.175 48.175 47.175 46.175 44.174 50.174 0.000 0.000 0.000 25.172 48.172 66.172 10.172 0.000 0.000 0.000 0.000 1.440 34.440
0.000 0.000 0.000 0.000 0.000 86.022 85.021 99.012 98.973 100.181 100.257 105.116 104.974 97.928 99.614 97.458 83.344 72.251 46.164 0.000 0.000 0.000 52.133 70.017 69.924 76.830 64.734 54.639 60.547 70.466 73.407 36.406 0.000 0.000 19.940 67.841 61.748 61.670 60.605 56.554 50.520 51.502 17.496 0.000 0.000 0.000 0.000 32.801 40.800 0.000 0.000 0.000 0.000 0.000 26.175 50.175 44.175 45.174 45.174 47.174 30.174 0.000 0.000 0.000 35.172 56.172 34.172 8.172 0.000 0.000 0.000 0.000 29.440
0.000 0.000 0.000 0.000 25.399 86.274 98.219 99.184 100.198 102.389 105.381 105.250 97.233 98.999 95.651 84.553 73.408 45.330 0.000 0.000 0.000 54.359 75.248 61.140 53.041 66.945 78.852 66.761 69.673 70.590 57.508 63.405 42.164 4.647 28.131 59.918 55.799 62.713 57.641 49.586 48.551 52.531 14.523 0.000 0.000 0.000 0.000 19.800 59.800 4.800 0.000 0.000 0.000 0.000 0.000 32.175 47.175 45.174 45.174 45.174 53.174 0.000 0.000 0.000 0.000 37.172 48.172 54.172 0.000 0.000 0.000 0.000 0.000
0.000 0.000 0.000 0.000 68.523 94.456 100.403 99.311 99.583 97.666 105.506 97.514 99.280 93.850 82.783 57.664 0.000 0.000 0.000 0.000 54.582 75.471 62.361 51.255 51.154 53.059 63.967 78.879 69.795 54.713 62.631 64.541 38.440 0.000 25.017 84.903 71.816 60.742 54.660 50.597 47.566 48.549 42.542 6.546 0.000 0.000 0.000 0.000 38.800 10.800 0.000 0.000 0.000 0.000 0.000 12.174 49.174 45.174 45.174 45.174 47.174 31.174 0.000 0.000 0.000 18.172 45.172 48.172 0.000 0.000 0.000 0.000 0.000
0.000 0.000 0.000 71.839 68.714 74.632 89.544 100.719 97.785 105.740 105.625 98.447 94.134 82.988 61.882 0.000 0.000 36.178 0.000 6.812 79.694 62.580 51.469 52.364 51.263 54.168 68.078 76.994 77.914 61.838 57.763 68.686 42.616 0.000 0.000 15.861 28.819 10.781 0.000 20.577 51.566 58.556 59.551 45.551 0.000 0.000 0.000 0.000 0.000 0.000 0.000 0.000 0.000 0.000 0.000 13.174 49.174 48.174 51.174 46.174 43.174 52.174 0.000 0.000 0.000 25.172 59.172 64.172 0.000 0.000 0.000 0.000 0.000
0.000 0.000 11.069 72.964 69.865 70.784 80.760 96.927 105.957 105.850 97.725 94.492 82.162 56.087 0.000 0.000 53.226 52.178 34.083 17.930 67.803 51.685 52.573 51.467 52.367 67.273 73.185 37.103 28.029 79.960 65.895 43.826 4.721 0.000 0.000 0.000 0.000 0.000 0.000 17.569 69.564 63.558 60.555 56.554 11.555 0.000 0.000 0.000 0.000 0.000 0.000 0.000 0.000 0.000 0.000 37.174 46.174 21.174 0.000 21.174 46.174 50.174 0.000 0.000 0.000 27.172 63.172 32.172 0.000 0.000 0.000 0.000 0.000
0.000 86.262 74.173 71.083 69.004 69.882 71.126 75.192 106.061 96.966 92.728 82.318 56.276 0.000 0.000 0.000 57.273 55.227 75.140 59.022 51.902 52.784 51.672 54.565 74.464 71.370 52.284 48.207 53.138 81.079 78.033 42.003 0.000 0.000 0.000 0.000 0.000 0.000 0.000 17.565 76.562 76.559 71.557 62.556 7.556 0.000 0.000 0.000 0.000 0.000 0.000 0.000 0.000 0.000 10.174 49.174 51.174 0.174 0.000 6.174 49.174 50.174 0.000 0.000 0.000 0.000 34.172 0.000 0.000 0.000 0.000 0.000 0.000
2.424 84.352 98.276 90.201 75.103 76.260 68.309 106.258 106.161 75.849 80.527 56.425 0.000 0.000 0.000 0.000 59.367 72.316 70.228 52.116 51.998 51.879 62.765 74.656 63.555 52.461 52.376 52.301 53.237 62.186 80.153 76.149 37.202 0.000 0.000 0.000 0.000 0.000 0.000 0.000 62.560 64.559 76.557 77.557 33.556 0.000 0.000 0.000 0.000 0.000 0.000 0.000 0.000 0.000 41.174 51.174 28.174 0.000 0.000 10.174 50.174 48.174 0.000 0.000 0.000 0.000 0.000 0.000 0.000 0.000 0.000 0.000 0.000
20.496 97.446 100.381 100.312 95.286 85.442 106.445 106.352 68.016 62.786 0.000 0.425 0.000 0.000 0.000 0.000 70.512 75.441 51.338 53.219 53.094 64.970 73.852 55.740 52.637 52.542 52.458 52.384 52.322 52.275 61.245 81.237 74.256 48.287 39.299 43.303 12.303 0.000 0.000 0.000 1.559 42.559 82.558 82.557 43.557 0.000 0.000 0.000 0.000 0.000 0.000 0.000 0.000 0.000 30.174 29.174 0.000 0.000 0.000 0.000 30.174 57.174 0.000 0.000 0.000 0.000 0.000 0.000 0.000 0.000 0.000 0.000 0.000
90.618 100.554 100.495 100.383 104.627 95.687 106.536 68.131 70.814 65.479 0.000 0.000 0.000 0.000 0.000 63.879 75.727 52.600 53.466 53.326 61.188 74.055 51.931 52.817 52.711 52.614 52.528 52.455 52.394 52.347 52.315 56.298 57.298 52.305 53.308 60.305 42.304 0.000 0.000 0.000 0.000 0.000 37.557 73.557 36.557 0.000 0.000 0.000 0.000 0.000 0.000 0.000 0.000 0.000 0.000 0.000 0.000 0.000 0.000 0.000 0.000 9.174 0.000 0.000 0.000 0.000 0.000 0.000 0.000 0.000 0.000 0.000 0.000
96.724 96.666 100.580 101.744 98.792 106.712 106.624 72.812 57.276 2.386 5.386 2.386 0.000 0.000 0.000 81.031 57.917 53.766 53.599 55.433 76.276 56.132 53.002 52.884 52.775 52.676 52.587 52.512 52.451 52.403 52.368 51.345 50.332 53.326 35.325 0.000 0.000 0.000 0.000 0.000 0.000 0.000 0.000 66.557 54.557 21.557 0.000 0.000 0.000 0.000 0.000 0.000 0.000 0.000 0.000 0.000 0.000 0.000 0.000 0.000 0.000 0.000 0.000 0.000 0.000 0.000 0.000 0.000 0.000 0.000 0.000 0.000 0.000
75.839 75.775 79.755 75.913 106.882 106.797 84.307 65.530 56.483 0.000 0.386 2.386 0.000 0.000 0.000 56.298 52.145 51.946 50.732 63.530 56.351 50.196 51.061 50.941 50.830 50.726 51.633 52.556 52.495 52.447 51.410 49.381 51.358 51.345 48.339 38.341 41.342 43.342 42.342 44.342 15.342 0.000 0.000 4.557 63.557 35.557 0.000 0.000 0.000 0.000 0.000 0.000 0.000 0.000 0.000 0.000 0.000 0.000 0.000 0.000 0.000 0.000 0.000 0.000 0.000 0.000 0.000 0.000 0.000 0.000 0.000 0.000 0.000
90.954 112.844 78.092 108.151 106.964 66.846 57.448 0.000 71.922 30.280 0.000 0.000 0.000 0.000 100.091 78.717 49.420 57.141 67.853 66.602 62.404 60.238 60.105 59.990 58.879 52.764 48.662 52.585 52.526 52.481 51.444 51.410 55.374 55.355 56.346 66.343 66.343 62.342 55.342 54.342 33.342 0.000 0.000 0.000 22.557 28.557 0.000 0.000 0.000 0.000 0.000 0.000 0.000 0.000 0.000 0.000 0.000 0.000 0.000 0.000 0.000 0.000 0.000 0.000 0.000 0.000 0.000 0.000 0.000 0.000 0.000 0.000 0.000
139.035 117.633 115.680 107.118 107.043 94.932 0.000 38.982 66.982 140.639 116.096 2.377 47.643 37.054 98.465 58.058 55.677 127.343 117.939 113.621 113.425 112.249 111.132 110.033 108.933 79.788 46.668 52.595 52.544 52.505 52.474 44.442 0.000 0.000 0.000 0.000 0.000 0.000 19.342 71.342 50.342 21.342 0.000 0.000 0.000 0.000 0.000 0.000 0.000 0.000 0.000 0.000 0.000 0.000 0.000 0.000 0.000 0.000 0.000 0.000 0.000 0.000 0.000 0.000 0.000 0.000 0.000 0.000 0.000 0.000 0.000 0.000 0.000
97.204 116.791 107.256 107.189 91.449 0.000 0.000 0.000 10.386 62.199 49.938 0.000 28.847 0.000 57.659 54.372 63.888 119.616 0.000 5.518 0.000 56.200 65.141 126.078 39.031 0.000 56.625 52.583 52.549 53.523 35.506 0.000 0.000 0.000 0.000 0.000 0.000 0.000 0.000 24.342 71.342 27.342 0.000 0.000 0.000 0.000 0.000 0.000 0.000 0.000 0.000 0.000 0.000 0.000 0.000 0.000 0.000 0.000 0.000 0.000 0.000 0.000 0.000 0.000 0.000 0.000 0.000 0.000 0.000 0.000 0.000 0.000 0.000
117.960 116.015 107.320 115.939 117.787 38.075 0.000 17.976 44.976 54.833 31.519 8.785 50.052 95.627 94.139 86.882 0.000 38.616 0.000 17.415 39.312 67.210 112.152 75.109 40.081 0.000 0.000 58.564 52.545 53.530 34.521 0.000 0.000 0.000 0.000 0.000 0.000 0.000 0.000 0.000 18.342 57.342 22.342 0.000 0.000 0.000 0.000 0.000 0.000 0.000 0.000 0.000 0.000 0.000 0.000 0.000 0.000 0.000 0.000 0.000 0.000 0.000 0.000 0.000 0.000 0.000 0.000 0.000 0.000 0.000 0.000 0.000 0.000
116.093 107.435 107.380 96.444 39.210 0.000 0.000 0.000 6.710 33.638 0.000 0.000 42.947 86.689 140.389 76.135 0.000 0.000 0.000 0.000 0.000 81.174 116.150 46.125 43.103 0.000 0.000 0.000 57.537 51.532 49.528 47.529 35.529 0.000 0.000 0.000 0.000 0.000 0.000 0.000 13.342 71.342 29.342 0.000 0.000 0.000 0.000 0.000 0.000 0.000 0.000 0.000 0.000 0.000 0.000 0.000 0.000 0.000 0.000 0.000 0.000 0.000 0.000 0.000 0.000 0.000 0.000 0.000 0.000 0.000 0.000 0.000 0.000
