results1/res_4e8f-0199.wd
ncols         241
nrows         181
xllcorner     12693529.787448
yllcorner     3542525.717860
cellsize      155.156523
NODATA_value  -9999.000000
[rows 66 to 98 of 181, columns 146 to 218 of 241]
38.119 53.056 74.997 75.943 75.892 75.846 75.804 75.765 75.729 78.700 14.681 0.000 2.547 0.000 0.000 0.000 0.000 1.032 48.032 23.032 0.000 30.030 60.029 60.028 60.028 67.027 73.026 73.024 73.021 73.017 73.013 73.008 73.002 72.997 72.992 74.987 59.983 60.981 52.980 0.000 0.000 0.000 0.000 0.000 29.316 36.306 45.287 39.250 17.199 15.168 30.143 51.119 59.095 53.071 48.048 48.024 38.000 34.976 34.952 37.929 58.906 70.883 65.861 54.840 61.820 68.800 72.782 72.764 71.746 71.730 71.714 71.698 71.684
41.179 60.116 78.057 76.002 75.954 75.909 75.868 75.829 80.792 69.762 39.749 36.765 0.000 0.000 0.000 0.000 0.000 19.032 21.032 0.000 0.000 0.000 30.026 61.025 70.025 73.024 73.023 73.021 73.018 77.015 75.012 73.007 73.003 72.999 71.994 63.990 57.986 63.984 53.983 0.000 0.000 0.000 0.000 21.308 35.308 40.304 36.297 0.000 2.152 12.138 32.119 35.099 49.078 58.056 47.033 46.010 43.986 34.962 34.938 33.915 39.891 63.869 70.846 55.825 57.804 59.785 61.766 65.747 69.730 71.713 72.697 71.682 71.667
46.238 67.173 77.111 76.057 76.010 75.969 73.931 72.892 27.849 12.808 43.786 49.782 14.785 0.000 0.000 0.000 0.000 0.000 0.000 0.000 0.000 14.022 43.023 63.023 73.022 73.022 73.020 73.019 73.016 75.014 74.011 73.007 73.004 74.000 63.996 61.992 64.989 59.986 51.984 0.000 0.000 0.000 0.000 39.307 42.306 4.303 3.300 0.000 7.120 40.111 42.097 52.080 55.061 66.041 64.019 51.996 40.972 32.948 34.924 34.900 29.876 43.853 60.831 64.809 69.788 66.768 59.749 64.730 67.713 67.696 65.680 67.665 70.650
51.296 74.227 78.158 79.102 76.062 77.026 71.993 17.960 1.919 42.836 43.804 48.791 56.788 0.000 0.000 0.000 0.000 0.000 0.000 0.000 0.000 26.021 49.021 62.021 74.020 73.019 73.018 73.017 73.015 74.013 73.010 73.007 73.005 70.002 63.999 28.994 1.992 0.000 0.000 0.000 0.000 0.000 0.000 35.307 42.306 0.000 0.000 0.000 57.096 43.089 38.078 66.063 71.046 72.027 76.006 69.983 57.959 37.935 34.910 34.885 32.861 33.837 39.814 40.792 47.771 55.751 62.731 66.713 67.695 68.678 64.662 67.647 68.632
33.356 38.281 48.191 24.134 81.108 78.080 63.055 40.035 10.025 0.000 0.000 0.000 0.000 0.000 0.000 0.000 0.000 0.000 0.000 0.000 0.000 27.020 52.019 55.019 71.018 73.018 73.016 73.015 77.014 76.012 73.010 73.008 74.006 65.004 68.002 0.000 0.000 0.000 0.000 0.000 0.000 0.000 0.000 0.000 29.306 38.306 0.000 0.000 88.079 51.072 33.062 64.048 72.033 72.015 71.994 74.972 73.947 53.922 36.896 34.870 32.845 35.821 36.797 44.774 49.753 38.732 38.713 43.694 48.676 54.659 59.643 63.628 67.614
79.423 58.352 0.000 0.000 85.155 77.132 64.114 46.098 13.088 0.000 0.000 0.000 0.000 0.000 0.000 0.000 0.000 0.000 0.000 0.000 0.000 0.000 13.017 57.017 73.017 73.016 73.015 73.014 75.013 74.011 73.010 73.008 74.006 62.005 72.004 0.000 0.000 0.000 0.000 0.000 0.000 0.000 0.000 0.000 0.000 5.306 13.306 0.000 25.069 41.059 34.048 64.036 72.022 72.005 72.985 72.962 72.936 65.909 41.881 37.855 35.829 32.803 53.779 65.756 71.734 55.713 48.693 44.674 42.657 39.640 39.624 39.609 67.595
55.501 0.000 0.000 82.341 82.226 80.180 71.169 56.156 12.141 0.000 0.000 0.000 0.000 0.000 0.000 0.000 0.000 0.000 0.000 0.000 0.000 0.000 39.016 62.015 74.015 73.015 73.014 74.013 73.012 73.011 73.009 73.008 74.007 67.006 32.006 0.000 0.000 0.000 0.000 0.000 0.000 0.000 0.000 0.000 0.000 0.000 0.000 0.000 0.000 38.048 37.036 55.026 70.014 72.999 66.980 62.955 68.926 59.895 42.866 41.839 50.812 45.785 68.760 72.736 71.713 69.692 69.672 66.654 64.636 61.620 57.604 49.589 69.575
82.547 72.547 78.517 34.457 0.000 1.204 77.228 51.217 12.179 0.000 14.427 0.000 0.000 0.000 0.000 0.000 0.000 0.000 0.000 0.000 0.000 2.014 55.014 67.014 74.014 73.013 73.013 75.012 75.011 73.010 73.009 73.008 72.008 68.007 17.007 0.000 0.000 0.000 0.000 0.000 0.000 0.000 0.000 0.000 0.000 0.000 0.000 0.000 0.001 0.000 26.023 52.017 70.008 70.997 51.980 54.951 56.919 53.880 38.850 35.822 58.794 67.766 71.739 73.714 73.692 74.670 72.651 72.632 73.615 72.598 73.583 73.568 72.554
84.595 76.576 81.546 32.514 0.000 0.000 68.310 16.303 0.000 0.000 46.427 9.427 0.000 0.000 0.000 0.000 0.000 0.000 0.000 0.000 0.000 1.013 58.013 70.013 74.013 73.012 73.012 74.011 74.011 73.010 73.009 74.008 70.008 65.007 15.007 0.000 0.000 0.000 0.000 0.000 0.000 0.000 0.000 0.000 0.000 0.000 0.000 0.000 18.012 20.012 31.014 47.012 69.006 70.999 16.993 0.000 0.000 43.855 37.831 32.806 46.777 65.745 71.716 73.691 73.668 73.647 71.628 71.609 72.592 71.576 71.561 72.547 72.533
76.661 76.616 76.576 74.539 61.506 47.461 40.399 39.384 35.410 38.421 41.426 41.427 13.427 0.000 0.000 0.000 0.000 0.000 19.011 21.011 0.000 11.012 57.012 71.012 73.012 73.012 73.011 73.011 73.010 73.010 73.009 73.008 55.008 50.007 48.007 43.007 7.007 0.000 0.000 0.000 0.000 0.000 0.000 0.000 0.000 0.000 0.000 0.000 22.011 48.011 39.011 43.009 63.006 64.002 36.999 0.000 0.000 0.000 34.812 39.794 38.764 57.719 70.690 71.666 71.643 71.622 71.603 71.585 71.569 71.553 71.539 71.525 71.511
76.702 76.652 76.604 75.560 72.518 74.477 48.440 27.423 65.425 38.428 42.430 18.428 0.000 0.000 0.000 0.000 0.000 0.000 19.011 65.011 14.011 2.011 56.011 70.011 74.011 73.011 75.011 76.010 74.010 73.009 73.009 71.008 64.008 55.008 56.007 55.007 8.007 0.000 0.000 0.000 0.000 0.000 0.000 0.000 0.000 0.000 0.000 0.000 16.010 51.010 43.009 50.008 65.005 60.003 66.001 0.000 0.000 0.000 0.000 0.000 0.000 47.679 70.660 71.638 71.616 71.596 71.577 71.560 71.544 71.530 71.515 71.502 71.489
76.738 76.687 77.629 79.577 76.531 76.490 75.461 76.444 67.438 45.437 17.436 0.000 0.000 0.000 0.000 0.000 0.000 0.000 6.010 58.010 45.011 35.011 51.011 73.011 73.011 73.010 73.010 73.010 73.009 73.009 73.009 73.008 71.008 50.008 54.007 61.007 4.007 0.000 0.000 0.000 0.000 0.000 0.000 0.000 0.000 0.000 0.000 0.000 12.010 63.010 7.009 30.007 53.005 60.004 21.003 0.000 0.000 0.000 0.000 0.000 0.000 1.656 59.633 72.610 71.588 71.568 71.550 71.534 71.519 71.505 71.492 71.478 71.466
79.778 75.729 72.648 74.587 77.537 77.493 79.469 76.454 74.447 61.444 10.442 0.000 0.000 0.000 0.000 0.000 0.000 0.000 0.000 14.010 49.010 41.010 57.010 75.010 73.010 73.010 73.010 73.009 73.009 73.009 73.008 73.008 74.008 63.007 50.007 54.007 60.007 2.007 0.000 0.000 0.000 0.000 0.000 0.000 0.000 0.000 0.000 0.000 0.000 8.010 0.000 0.000 38.005 57.004 0.000 0.000 0.000 0.000 0.000 0.000 0.000 0.000 47.607 68.582 71.558 71.538 71.521 71.507 71.493 71.480 71.467 71.455 71.442
72.824 33.801 0.000 0.000 0.000 69.476 74.467 80.458 76.452 65.449 15.447 0.000 49.452 19.452 0.000 0.000 0.000 0.000 0.000 0.000 41.010 45.010 66.010 74.010 75.010 76.010 73.009 73.009 73.009 73.009 73.008 73.008 73.008 74.007 53.007 35.007 44.007 5.007 0.000 0.000 0.000 0.000 0.000 0.000 0.000 0.000 0.000 0.000 0.000 0.000 0.000 0.000 27.004 60.004 0.000 0.000 0.000 0.000 0.000 0.000 0.000 0.000 0.000 48.552 68.522 71.505 71.491 71.478 71.466 71.454 71.443 71.431 71.419
67.864 24.851 0.000 0.000 44.468 42.468 59.464 78.459 75.455 60.452 41.451 45.452 49.452 15.452 0.000 0.000 0.000 0.000 12.009 0.000 42.010 53.010 73.010 73.010 76.009 76.009 73.009 73.009 73.009 73.008 73.008 73.008 73.008 74.007 70.007 65.007 54.007 34.006 28.006 0.000 0.000 0.000 0.000 0.000 0.000 0.000 0.000 0.000 0.000 0.000 0.000 0.000 29.004 21.004 0.000 0.000 0.000 0.000 0.000 0.000 0.000 0.000 0.000 0.000 53.475 69.468 71.459 71.449 71.439 71.429 71.418 71.407 71.395
73.895 54.888 26.895 0.000 0.000 44.465 44.461 66.458 78.455 56.454 43.453 48.453 26.453 0.000 0.000 0.000 0.000 0.000 41.009 34.009 39.009 56.009 75.009 75.009 76.009 73.009 73.009 73.009 73.008 73.008 73.008 73.008 73.007 73.007 73.007 75.007 64.006 52.006 41.006 42.006 35.006 26.005 31.005 0.000 0.000 0.000 0.000 0.000 0.000 0.000 0.000 0.000 32.004 7.004 0.000 0.000 0.000 0.000 0.000 0.000 0.000 0.000 0.000 0.000 38.436 66.432 70.427 71.421 71.413 71.404 71.394 71.383 71.371
76.918 67.910 20.903 0.000 0.000 0.000 43.459 48.457 75.456 63.454 44.453 47.453 22.453 0.000 0.000 0.000 0.000 0.000 44.009 37.009 40.009 58.009 77.009 76.009 74.009 74.009 73.009 73.009 73.008 73.008 73.008 74.008 74.007 74.007 68.007 59.006 63.006 70.006 63.006 61.006 49.006 36.005 43.005 1.005 0.000 0.000 0.000 0.000 0.000 0.000 0.000 0.000 0.000 0.000 0.000 0.000 0.000 0.000 0.000 0.000 0.000 0.000 0.000 0.000 30.399 61.399 71.397 73.393 73.388 73.380 72.372 71.361 71.348
76.937 51.932 0.000 0.000 0.000 0.000 0.000 50.456 63.455 57.454 56.454 53.453 43.453 21.453 0.000 0.000 0.000 0.000 43.009 36.009 41.009 56.009 68.009 65.009 60.009 62.009 67.009 72.008 74.008 74.008 72.008 62.008 60.007 65.007 54.007 51.006 51.006 62.006 66.006 61.006 47.005 36.005 8.005 0.000 0.000 0.000 0.000 0.000 0.000 0.000 0.000 0.000 0.000 0.000 0.000 0.000 0.000 0.000 0.000 0.000 1.268 0.000 0.000 0.000 18.364 43.367 49.368 51.367 51.364 52.359 61.351 70.340 71.325
75.952 41.948 0.000 0.000 0.000 0.000 0.000 45.455 39.455 38.455 46.454 46.454 46.453 42.453 15.453 0.000 0.000 0.000 48.009 43.009 48.009 58.009 61.009 64.009 22.009 0.000 0.000 13.008 74.008 71.008 60.008 15.008 0.000 0.000 53.006 85.006 78.006 57.006 63.006 57.005 46.005 31.005 34.005 0.000 0.000 0.000 0.000 0.000 0.000 0.000 0.000 0.000 0.000 0.000 0.000 0.000 0.000 0.000 14.268 4.268 22.268 43.272 54.282 53.298 71.325 79.337 80.342 78.343 80.343 67.340 50.333 68.322 71.305
73.963 38.961 0.000 0.000 0.000 0.000 0.000 45.455 41.455 20.455 0.000 0.000 0.453 0.000 0.000 0.000 0.000 0.000 54.009 48.009 43.009 39.009 25.009 0.000 0.000 0.000 0.000 0.000 0.000 0.000 47.007 9.007 0.000 0.000 0.000 48.006 81.006 41.006 42.005 41.005 37.005 40.005 87.005 46.005 0.000 0.000 0.000 0.000 0.000 0.000 0.000 0.000 0.000 0.000 0.000 0.000 13.240 4.240 0.000 0.000 8.263 90.268 86.276 68.288 69.302 66.312 67.319 89.322 82.324 68.323 48.321 57.311 56.289
59.972 40.970 34.973 0.000 0.000 0.000 0.000 0.000 43.455 27.455 0.000 0.000 0.000 0.000 0.000 0.000 0.000 0.000 54.008 54.008 55.008 38.009 13.009 0.000 0.000 0.000 0.000 0.000 0.000 0.000 43.007 20.007 0.000 0.000 0.000 47.006 96.006 60.005 63.005 58.005 43.005 61.005 115.005 112.005 43.005 0.000 0.000 0.000 0.000 0.000 0.000 0.000 0.000 0.000 0.000 0.000 3.240 21.240 11.242 9.246 18.253 93.259 60.266 68.274 59.284 40.292 51.298 94.303 60.307 47.310 54.314 8.313 0.000
43.977 43.976 29.976 0.000 0.000 0.000 0.000 0.000 0.000 0.000 0.000 0.000 0.000 0.000 0.000 0.000 0.000 0.000 57.008 48.008 42.008 40.008 14.008 0.000 0.000 0.000 0.000 0.000 0.000 40.007 33.007 58.007 54.007 0.000 6.005 53.005 59.005 51.005 94.005 83.005 54.005 7.005 71.005 126.005 10.005 0.000 0.000 0.000 0.000 0.000 0.000 0.000 22.239 19.239 14.239 3.239 72.239 110.239 101.240 97.242 44.245 88.249 56.254 45.260 92.267 73.274 93.280 74.285 44.290 52.295 0.000 0.000 0.000
46.981 47.979 39.979 0.000 0.000 0.000 0.000 0.000 0.000 0.000 0.000 0.000 0.000 0.000 0.000 0.000 0.000 0.000 11.008 52.008 42.008 20.008 0.000 0.000 0.000 0.000 0.000 0.000 0.000 42.007 39.007 15.007 0.000 0.000 0.000 27.005 6.005 0.000 7.005 49.005 5.005 0.000 27.005 93.005 48.005 0.000 0.000 0.000 0.000 0.000 0.000 0.000 0.000 4.239 0.000 0.000 28.238 8.238 72.236 76.236 27.237 88.239 65.242 38.245 56.250 106.256 120.261 54.267 42.274 9.285 0.000 0.000 18.096
45.984 46.982 46.981 50.981 42.981 0.000 0.000 0.000 0.000 0.000 0.000 0.000 0.000 0.000 0.000 0.000 0.000 0.000 0.000 42.008 38.008 22.008 0.000 0.000 0.000 0.000 0.000 0.000 43.007 40.007 17.007 0.000 0.000 0.000 0.000 1.005 0.000 0.000 0.000 53.005 2.005 0.000 27.005 0.000 0.000 0.000 0.000 0.000 0.000 0.000 0.000 0.000 0.000 13.238 7.238 9.238 2.238 0.000 48.231 67.230 26.229 90.228 70.228 40.230 89.233 92.237 87.243 95.249 59.255 0.000 0.000 1.063 32.077
47.986 25.983 36.982 45.981 45.981 45.981 44.981 0.000 0.000 0.000 0.000 0.000 0.000 0.000 0.000 0.000 0.000 0.000 0.000 44.008 40.008 24.008 0.000 0.000 0.000 0.000 0.000 0.000 0.000 46.007 18.007 0.000 0.000 0.000 0.000 0.000 0.000 5.004 17.004 40.004 44.004 21.004 0.000 0.000 0.000 0.000 0.000 0.000 0.000 0.000 0.000 0.000 0.000 2.238 0.238 6.238 0.000 0.000 51.226 71.224 31.220 91.215 76.212 90.213 90.214 49.218 42.223 87.230 36.243 0.000 0.035 33.048 41.056
52.989 0.000 0.000 42.981 31.981 0.000 44.981 34.981 0.000 0.000 0.000 0.000 0.000 0.000 0.000 0.000 0.000 0.000 0.000 43.008 40.008 28.008 0.000 0.000 0.000 0.000 0.000 0.000 0.000 0.000 0.000 0.000 0.000 0.000 0.000 0.000 0.000 0.000 56.004 73.004 34.004 0.000 0.000 0.000 0.000 0.000 0.000 0.000 0.000 0.000 0.000 0.000 0.000 0.000 0.000 11.238 0.000 0.000 86.223 72.220 33.213 91.199 88.194 80.193 72.195 58.197 59.201 28.205 0.000 0.000 17.026 36.033 43.038
49.990 0.000 0.000 29.981 21.981 0.000 0.000 0.000 0.000 53.987 49.987 40.987 0.000 0.000 0.000 0.000 0.000 0.000 0.000 47.008 43.008 25.008 0.000 0.000 0.000 0.000 0.000 0.000 0.000 0.000 0.000 0.000 0.000 0.000 0.000 0.000 0.000 0.000 19.004 103.004 69.004 0.000 0.000 0.000 0.000 0.000 0.000 0.000 0.000 0.000 0.000 0.000 0.000 0.000 0.000 0.000 0.000 0.000 18.223 0.000 0.000 65.174 106.173 85.172 84.173 82.175 85.179 33.185 0.000 0.000 21.019 35.021 36.022
65.991 0.000 0.000 0.000 0.000 51.989 38.989 0.000 49.988 43.988 43.987 35.987 0.000 0.000 0.000 0.000 0.000 0.000 0.000 47.008 42.008 30.008 0.000 0.000 0.000 0.000 0.000 0.000 0.000 0.000 0.000 0.000 0.000 0.000 0.000 0.000 0.000 0.000 0.000 47.004 39.004 10.004 0.000 0.000 0.000 0.000 0.000 0.000 0.000 0.000 0.000 0.000 0.000 0.000 0.000 0.000 0.000 0.000 0.000 0.000 0.000 12.151 48.150 49.150 47.150 47.151 44.156 40.171 0.000 0.000 14.010 35.009 33.008
76.991 65.990 47.990 48.990 47.989 41.989 42.989 43.988 41.988 46.988 45.987 36.987 33.987 0.000 0.000 0.000 0.000 0.000 0.000 34.008 0.000 0.000 0.000 0.000 0.000 0.000 0.000 0.000 0.000 0.000 0.000 0.000 0.000 0.000 0.000 0.000 0.000 0.000 0.000 0.000 46.004 9.004 0.000 0.000 0.000 0.000 0.000 0.000 0.000 0.000 0.000 0.000 0.000 0.000 0.000 0.000 0.000 0.000 0.000 0.000 0.000 3.127 36.128 35.127 35.126 51.124 46.123 0.000 0.000 0.000 7.001 47.999 59.995
76.991 70.990 40.990 40.990 40.989 23.989 24.989 28.988 38.988 47.988 44.987 36.987 39.987 28.987 0.000 0.000 0.000 0.000 0.000 0.000 0.000 0.000 0.000 0.000 0.000 0.000 0.000 0.000 0.000 0.000 0.000 0.000 0.000 0.000 0.000 0.000 0.000 0.000 0.000 0.000 3.004 49.004 8.004 0.000 0.000 0.000 0.000 0.000 0.000 0.000 0.000 0.000 0.000 0.000 0.000 0.000 0.000 0.000 0.000 0.000 28.094 31.104 35.106 35.106 37.103 56.097 46.087 29.066 0.000 0.000 42.994 63.990 70.984
76.990 74.990 44.990 41.990 21.990 0.000 0.000 0.000 0.000 38.987 41.987 39.987 32.987 0.000 0.000 0.000 0.000 0.000 0.000 0.000 0.000 0.000 0.000 0.000 0.000 0.000 0.000 0.000 0.000 0.000 0.000 0.000 0.000 0.000 0.000 0.000 0.000 0.000 0.000 0.000 1.004 52.004 14.004 0.000 0.000 0.000 0.000 0.000 0.000 0.000 0.000 0.000 0.000 0.000 0.000 0.000 0.000 0.000 0.000 0.074 39.084 36.087 35.088 31.086 44.082 61.075 45.063 34.045 29.021 29.003 52.991 69.982 70.973
76.990 74.990 27.990 31.990 0.000 0.000 0.000 0.000 0.000 0.000 29.987 42.987 34.987 0.000 0.000 0.000 0.000 0.000 0.000 0.000 0.000 0.000 0.000 0.000 0.000 0.000 0.000 0.000 0.000 0.000 0.000 0.000 0.000 0.000 0.000 0.000 0.000 0.000 0.000 0.000 0.000 1.004 20.004 0.000 0.000 0.000 0.000 0.000 0.000 0.000 0.000 0.000 8.053 16.053 0.000 0.000 0.000 0.000 0.000 33.065 31.071 30.073 35.073 49.070 62.064 52.056 36.045 34.030 36.014 32.998 53.986 71.974 70.964
76.990 50.990 0.000 0.000 0.000 0.000 0.000 0.000 0.000 0.000 0.000 32.987 39.987 37.987 0.000 0.000 0.000 0.000 0.000 0.000 0.000 0.000 0.000 0.000 0.000 0.000 0.000 0.000 0.000 0.000 0.000 0.000 0.000 0.000 0.000 0.000 0.000 0.000 0.000 0.000 0.000 0.000 0.000 0.000 0.000 0.000 0.000 0.000 0.000 0.000 0.000 0.000 0.000 9.053 11.053 0.000 38.054 30.055 28.056 40.059 54.061 59.061 61.059 61.055 47.049 35.041 34.031 34.018 33.005 34.991 57.978 72.966 70.954
