results1/res_4e8f-0211.wd
ncols         241
nrows         181
xllcorner     12693529.787448
yllcorner     3542525.717860
cellsize      155.156523
NODATA_value  -9999.000000
[rows 33 to 65 of 181, columns 146 to 218 of 241]
64.968 64.183 63.908 64.544 31.203 42.873 64.558 58.243 36.820 0.000 0.000 36.790 12.790 17.790 33.792 58.796 45.795 11.793 0.000 0.719 50.705 58.692 16.669 43.642 35.622 36.598 40.562 49.525 67.485 58.455 53.427 48.404 49.385 49.368 48.352 47.336 46.318 54.299 64.280 56.264 56.249 54.234 33.220 47.207 55.199 0.000 25.776 30.749 54.679 52.621 57.566 67.515 60.473 55.452 10.442 0.000 38.394 38.385 45.381 23.385 0.000 0.000 0.000 0.000 0.000 0.000 0.000 0.000 0.000 0.000 0.000 0.000 0.000
64.920 64.666 64.318 64.988 42.666 60.362 63.094 56.903 0.000 0.000 14.790 38.790 0.000 0.000 0.000 42.806 42.801 50.791 13.771 63.745 51.718 38.696 47.672 38.646 36.621 36.594 35.562 37.528 65.495 63.465 63.437 65.413 58.392 60.373 59.355 59.338 59.320 60.303 64.286 62.270 63.256 58.243 35.231 34.222 7.217 0.000 22.720 36.703 44.668 39.617 45.563 58.506 58.472 56.452 14.442 0.000 0.000 43.370 15.367 0.000 0.000 0.000 0.000 0.000 2.255 45.249 44.242 46.236 36.232 39.228 6.226 0.000 0.000
65.401 65.063 64.741 64.420 64.110 64.817 56.555 43.370 0.000 0.000 0.000 6.790 0.000 0.000 0.000 39.821 36.812 49.798 54.777 46.753 55.727 53.702 34.676 35.649 36.622 36.593 48.563 52.532 56.501 49.471 46.444 56.420 30.398 37.377 32.358 32.340 32.323 35.306 61.290 50.275 48.262 50.251 35.241 37.234 17.230 0.000 32.682 89.676 14.672 0.000 0.000 7.474 59.457 58.442 17.432 0.000 0.000 40.358 37.349 39.331 37.316 45.303 51.290 43.277 65.261 72.250 70.241 55.235 35.230 34.227 38.224 8.222 0.000
65.798 65.477 65.156 64.842 65.538 60.239 41.937 32.654 41.654 0.000 0.000 0.000 0.000 0.000 0.000 36.844 35.830 38.810 34.788 45.762 48.735 51.708 40.681 35.653 35.624 35.595 60.565 66.535 48.505 42.476 42.449 43.424 40.401 40.380 40.361 41.342 44.325 41.308 62.293 54.279 52.267 52.256 34.248 48.241 74.238 0.000 24.649 77.646 0.000 0.000 0.000 9.458 59.442 57.428 35.412 40.387 38.368 36.354 36.342 36.328 35.314 42.302 49.291 36.279 54.262 72.247 68.239 48.233 33.228 33.224 38.221 6.220 0.000
66.214 65.885 65.565 65.255 61.959 47.665 36.301 0.000 0.000 0.000 0.000 40.997 3.983 9.960 1.927 35.882 36.853 36.827 35.800 35.773 41.744 34.715 34.686 36.657 35.627 34.597 58.568 55.539 63.509 67.479 66.450 61.425 57.402 59.381 55.362 59.343 59.326 60.309 64.295 62.281 63.269 59.260 34.252 46.246 68.244 0.000 19.619 80.613 0.000 0.000 0.000 0.000 56.424 59.415 38.400 36.380 36.363 36.349 36.336 36.323 35.312 42.301 51.293 7.286 0.000 30.238 73.234 49.229 33.224 33.221 37.218 4.216 0.000
66.626 66.287 65.962 65.656 55.376 37.162 0.000 0.000 0.000 0.000 39.027 42.011 54.993 54.969 42.939 35.904 35.873 36.843 36.814 35.784 34.753 35.723 35.692 35.661 34.630 43.600 62.570 41.542 55.514 32.481 65.449 55.425 54.402 54.381 51.362 56.343 57.325 57.309 64.295 62.282 59.270 59.261 34.254 48.249 67.247 0.000 5.596 73.573 0.000 0.000 0.000 0.000 60.415 59.409 35.394 37.372 36.355 37.342 37.329 37.318 38.308 46.298 26.292 0.000 0.000 31.233 73.230 54.225 41.220 35.216 38.213 5.211 0.000
67.035 66.674 67.340 60.030 47.729 37.446 0.000 0.000 0.000 0.000 36.043 53.028 47.008 35.983 37.955 37.923 35.891 34.860 36.828 35.796 36.763 36.730 36.697 35.664 35.633 55.602 55.572 55.545 55.524 0.000 37.439 35.422 36.401 36.380 37.360 41.342 44.324 42.308 62.293 56.280 50.269 52.260 35.253 47.249 66.247 0.000 0.000 46.511 37.486 0.000 0.000 0.000 54.413 37.411 0.000 32.358 38.344 42.333 49.323 49.312 49.302 51.293 23.286 0.000 15.236 79.232 72.226 74.221 62.215 37.211 38.207 6.204 0.000
67.432 67.035 66.692 52.396 4.063 0.027 0.000 0.000 0.000 14.099 52.073 47.051 37.028 38.002 37.973 37.942 37.910 35.877 34.843 34.808 36.773 35.737 35.702 34.668 36.634 51.602 42.571 51.542 52.513 11.479 11.447 51.423 50.400 50.378 50.358 52.339 52.321 53.305 65.290 61.277 56.266 58.257 34.251 43.247 71.245 0.000 0.000 105.474 74.461 41.441 28.432 0.000 0.000 0.000 0.000 0.000 35.331 44.324 48.315 47.306 50.295 52.285 38.273 43.255 59.241 74.231 72.224 72.217 60.210 37.204 37.199 13.195 0.000
67.800 68.341 59.999 42.801 0.000 0.000 0.000 2.166 2.152 59.124 53.099 37.076 38.051 38.024 37.994 37.962 37.929 37.894 34.858 35.821 35.783 35.745 36.707 35.670 35.634 38.601 43.569 55.538 42.508 54.477 59.447 52.421 61.398 51.375 52.354 55.335 54.317 53.300 63.285 59.272 47.261 46.252 35.246 42.242 71.242 0.000 0.000 96.449 86.442 63.431 32.423 0.000 0.000 8.353 3.350 0.000 6.324 55.318 47.309 41.300 38.289 53.278 40.266 42.252 50.240 71.229 73.220 71.212 57.204 37.197 34.189 38.181 32.170
76.088 73.530 46.162 36.007 0.000 0.000 4.192 37.180 51.166 52.147 46.125 41.101 38.076 38.048 38.017 37.984 36.950 39.913 44.875 40.835 35.794 36.752 35.710 35.670 35.633 35.598 42.565 43.533 41.503 48.473 47.445 42.418 54.394 34.371 42.349 49.329 48.311 42.294 61.278 54.265 34.253 33.244 36.237 38.235 42.238 0.000 0.000 74.432 54.427 91.418 77.407 13.387 14.371 65.357 39.346 37.334 37.323 39.314 50.304 44.294 12.283 65.272 53.260 49.248 47.236 58.226 74.216 66.207 49.198 38.190 34.181 41.171 65.159
0.000 0.000 25.110 43.058 0.000 0.000 39.203 49.197 63.187 47.171 46.151 46.129 39.103 38.074 38.042 38.008 44.972 52.934 53.894 45.851 40.804 35.758 34.712 35.669 39.629 36.593 35.560 34.528 40.497 41.468 40.440 41.413 43.388 36.365 42.343 47.323 49.303 45.286 61.270 55.256 37.243 36.233 36.225 32.221 0.000 0.000 0.000 30.419 49.415 49.408 83.398 98.384 91.370 59.356 45.344 46.332 46.321 49.311 71.300 89.289 98.278 97.267 99.255 98.244 92.232 86.221 78.211 61.202 44.192 35.183 36.173 49.163 68.152
19.237 0.000 0.000 0.000 0.000 10.221 42.220 62.218 54.212 57.199 54.182 44.159 37.133 38.103 38.070 49.034 53.997 49.957 44.916 41.869 44.815 39.763 39.712 35.663 40.622 34.586 35.553 36.521 35.490 35.461 35.433 35.407 34.382 35.358 35.335 39.314 45.294 44.276 62.259 56.244 35.231 36.220 36.211 35.202 10.191 0.000 0.000 34.411 60.408 49.401 51.392 66.380 77.367 87.354 89.342 95.330 98.319 98.307 97.296 93.285 84.273 82.262 84.250 87.239 89.227 90.216 88.206 92.196 84.186 51.176 38.167 57.157 74.146
58.679 17.530 0.000 0.000 7.195 43.222 59.238 52.245 44.243 52.233 56.216 57.194 47.167 36.135 46.100 55.062 45.023 36.983 36.942 38.896 6.826 7.766 6.709 32.650 36.611 38.576 38.544 35.513 35.482 36.453 35.425 35.399 35.373 36.349 35.326 35.305 35.284 38.265 55.247 54.231 36.217 36.205 36.195 37.186 38.180 0.000 0.000 33.406 51.403 52.397 64.389 51.378 31.365 35.352 71.340 95.327 79.316 74.304 77.292 70.281 56.269 45.257 36.245 34.234 35.222 45.211 43.200 38.190 77.180 92.170 70.160 68.150 72.141
0.000 33.381 11.793 6.025 42.167 52.233 59.266 43.280 46.281 44.273 42.257 50.234 55.205 50.171 54.133 43.092 37.050 38.009 37.973 45.946 0.000 0.000 0.000 29.616 38.594 49.565 50.534 45.503 41.473 43.444 39.416 38.390 36.364 35.339 35.316 36.294 35.272 35.252 38.234 47.217 35.201 35.188 36.177 35.168 4.164 0.000 0.000 14.403 12.401 66.396 50.388 35.377 49.364 51.350 97.337 78.324 61.312 43.300 34.288 35.276 36.264 37.252 37.240 37.228 36.216 34.205 33.194 34.184 42.173 79.163 87.153 72.143 71.134
0.000 20.819 43.973 46.115 45.217 60.278 45.312 39.327 41.329 40.321 37.304 36.280 51.249 58.212 61.169 49.123 39.075 36.030 43.994 9.970 0.000 0.000 0.000 32.606 42.584 49.555 50.524 50.493 52.463 60.434 58.406 54.379 52.353 48.329 42.305 37.282 35.260 36.239 35.219 40.200 33.183 34.168 35.156 37.147 58.142 0.000 0.000 0.000 28.402 70.397 30.390 39.379 30.363 69.346 87.333 47.321 35.309 37.297 37.284 37.272 37.260 37.247 34.235 34.223 33.211 34.199 34.188 34.177 50.167 65.157 38.147 98.136 70.126
0.000 21.103 44.167 37.243 56.307 56.351 51.377 42.388 36.388 37.378 38.359 49.333 52.299 44.258 47.209 56.154 57.097 47.043 4.003 0.000 5.748 4.711 37.664 43.617 47.581 46.547 47.515 47.483 45.452 52.423 53.395 53.368 54.342 51.317 50.292 51.269 42.246 37.224 38.202 35.182 36.164 35.147 34.132 36.121 51.115 0.000 0.000 0.000 28.408 72.402 34.395 10.387 0.000 15.337 54.329 36.318 37.306 35.293 35.281 35.268 34.255 33.242 34.229 34.217 33.204 34.192 33.181 32.170 35.160 31.150 27.141 91.126 100.115
0.000 18.323 38.348 48.384 58.417 49.442 49.457 51.461 49.456 40.442 46.422 55.393 44.356 37.310 36.255 42.189 52.116 59.043 22.971 14.878 40.785 40.721 35.665 44.616 49.575 50.538 46.504 46.471 38.440 35.410 35.383 35.356 34.330 32.304 39.279 53.255 52.231 51.208 46.185 37.163 35.142 36.122 35.105 35.091 36.082 0.000 0.000 0.000 43.419 10.407 14.401 0.000 0.000 0.000 33.327 13.317 16.304 33.289 32.277 32.264 33.251 35.237 35.224 35.211 34.198 34.185 32.173 32.162 33.152 21.144 0.000 11.113 94.100
0.000 17.519 41.518 60.526 51.536 48.544 48.546 49.542 48.532 50.515 55.492 44.461 38.423 38.373 38.310 37.231 38.135 44.043 60.961 58.878 37.795 36.722 35.659 36.607 48.565 46.528 57.493 45.457 38.425 36.397 37.369 36.343 41.317 49.291 45.266 39.241 45.216 55.191 52.167 51.142 42.119 35.096 35.074 36.055 34.040 0.000 0.000 43.448 31.442 0.000 0.000 45.352 40.351 39.345 31.337 0.000 0.000 38.284 35.274 35.261 35.247 35.232 35.218 35.204 35.191 35.178 35.165 34.153 35.141 37.130 27.116 0.000 36.083
5.804 30.715 55.681 51.666 40.658 45.651 50.642 45.630 51.614 57.594 49.569 37.538 36.499 38.450 38.383 42.288 43.152 37.032 47.951 43.877 40.795 37.712 34.642 41.590 45.548 47.515 38.482 65.439 53.408 43.381 35.355 41.329 60.303 70.278 63.252 40.226 42.200 45.174 49.148 54.121 52.095 48.068 37.042 34.014 40.984 46.941 0.000 18.454 39.460 0.000 0.000 15.353 35.355 35.348 35.337 40.322 39.306 35.288 34.273 35.258 35.243 35.227 35.212 35.197 35.183 35.170 35.157 35.144 34.131 34.117 35.103 38.085 34.075
17.893 51.856 57.824 42.799 37.779 39.761 41.742 52.722 56.701 67.679 66.653 59.623 48.587 37.543 40.485 7.386 0.000 35.983 41.933 38.884 1.795 35.690 39.608 56.560 55.525 58.501 0.000 30.408 70.389 64.365 50.340 56.315 74.290 74.264 72.239 41.212 47.185 47.158 49.130 37.101 46.071 52.041 51.009 49.976 62.940 71.898 4.854 0.000 29.483 54.506 0.000 0.000 58.367 39.356 39.341 39.324 39.307 40.289 34.272 33.256 37.239 34.221 34.205 34.190 34.176 35.161 34.148 33.134 33.120 33.107 33.093 33.078 32.066
17.018 62.992 48.959 37.927 37.898 37.871 50.842 48.814 65.790 80.766 77.740 74.712 69.682 60.652 51.626 0.000 0.000 0.000 29.915 40.902 0.000 0.000 32.541 50.518 49.491 64.462 36.421 37.396 70.373 75.350 71.326 70.302 73.277 73.252 74.225 53.199 45.171 47.142 47.112 37.081 46.048 40.014 58.979 29.942 68.901 90.857 61.810 31.759 0.000 32.529 0.000 34.418 94.390 47.368 49.347 49.327 45.308 46.289 38.272 33.255 15.236 34.214 34.198 37.182 40.168 50.153 40.139 35.124 36.110 36.096 36.082 36.069 36.056
49.171 53.134 47.093 45.053 40.017 51.981 45.943 58.902 36.878 6.856 57.831 76.804 75.778 76.756 59.741 0.000 0.000 0.000 23.911 46.906 0.000 0.000 29.495 44.481 39.460 66.434 77.406 77.381 73.358 73.335 73.312 74.289 73.264 73.239 73.213 67.186 42.157 44.127 42.095 37.062 48.026 48.990 51.951 8.910 53.867 89.820 59.769 77.708 38.625 24.553 36.501 92.445 80.408 52.378 46.353 48.330 42.308 36.288 34.270 32.257 0.000 40.201 48.189 56.174 63.159 72.144 61.129 41.115 35.100 36.086 36.072 36.059 36.046
60.354 49.281 49.225 45.177 52.134 49.093 52.047 75.972 62.966 45.947 66.922 75.896 74.871 73.852 53.841 0.000 0.000 0.000 0.000 1.906 0.000 0.000 35.464 44.451 55.432 71.410 73.387 73.365 73.343 73.321 73.299 73.276 73.253 73.228 73.202 73.175 59.145 49.114 42.080 35.045 39.007 38.966 43.925 62.881 48.836 83.788 69.736 76.679 83.616 69.555 74.503 83.456 59.417 60.384 46.356 45.330 37.307 34.285 35.265 37.244 51.220 57.199 75.183 74.167 73.151 72.135 72.120 62.105 40.090 35.076 36.061 36.048 36.035
51.490 39.411 41.348 53.295 50.249 50.210 20.181 0.000 55.068 81.044 76.015 74.986 76.959 58.938 44.931 28.957 0.000 0.000 0.000 0.000 0.000 0.000 41.446 58.427 70.408 73.388 73.367 73.347 73.327 73.307 73.286 73.265 73.242 73.218 73.193 73.165 74.135 68.103 60.068 52.030 49.988 52.945 43.900 60.854 39.808 81.760 14.710 35.657 70.603 42.550 33.502 89.458 53.419 57.386 55.356 36.329 34.304 35.281 35.259 43.237 64.215 75.195 72.176 72.159 72.142 69.126 68.110 66.094 65.079 39.065 35.050 35.037 35.023
41.602 38.526 51.461 51.405 46.357 66.317 20.286 29.273 69.193 76.146 75.108 75.074 75.041 51.012 50.987 61.982 0.000 0.000 0.000 0.000 0.000 0.000 0.000 8.405 67.383 79.365 74.348 73.330 73.312 73.294 73.274 73.254 73.233 73.210 73.185 73.158 73.128 74.095 75.058 72.017 71.973 74.925 54.877 60.828 34.781 75.733 11.685 13.637 66.588 36.540 46.496 80.455 61.417 53.384 57.353 34.325 35.300 34.275 36.252 46.230 67.208 68.188 73.169 72.150 67.133 64.116 68.100 73.084 72.068 61.053 42.039 41.025 40.011
37.704 51.631 52.566 40.508 51.458 72.414 65.375 71.338 77.286 75.240 75.198 75.159 72.121 56.081 6.024 2.003 0.000 0.000 0.000 0.000 0.000 0.000 0.000 0.000 12.354 24.342 65.328 74.313 73.297 73.281 73.264 73.245 73.225 73.204 73.180 75.154 74.124 74.091 73.053 75.009 73.960 73.907 63.853 61.802 38.754 50.707 80.662 59.616 67.571 36.528 64.486 58.448 61.412 49.379 43.348 35.320 35.293 35.269 43.245 48.222 49.201 54.180 62.160 60.141 61.123 72.106 72.089 72.073 72.057 73.042 67.027 63.013 60.999
52.798 52.727 41.662 37.604 52.552 71.505 77.461 76.419 75.373 75.329 75.286 76.243 67.201 60.168 0.000 0.000 0.000 0.000 0.000 0.000 0.000 0.000 0.000 0.000 21.338 41.321 68.309 74.297 73.284 73.269 73.254 73.237 73.219 73.199 75.177 75.153 75.125 67.092 72.052 75.006 77.950 75.889 69.826 65.772 53.725 37.681 85.638 68.595 70.554 35.513 81.474 45.438 26.403 43.371 34.341 35.312 34.286 43.261 49.237 48.214 48.192 47.171 40.151 36.131 66.113 72.095 72.078 72.061 72.045 72.030 73.015 73.000 72.986
49.885 40.816 38.753 36.695 53.641 73.593 75.547 75.503 75.460 75.417 75.373 77.327 56.274 54.221 0.000 0.000 0.000 0.000 0.000 0.000 0.000 0.000 0.000 0.000 0.000 55.296 74.290 73.282 73.271 73.259 73.246 73.231 75.215 74.197 74.177 74.155 68.130 46.098 62.059 72.014 22.946 13.875 47.789 54.736 63.693 50.653 71.613 89.574 74.535 41.497 83.461 7.426 19.392 32.361 35.331 35.303 37.277 47.252 45.228 46.204 48.182 51.161 45.140 46.121 62.102 72.084 72.066 72.049 72.033 72.017 72.002 71.987 71.973
40.968 38.900 43.838 48.780 63.726 75.677 75.631 75.587 75.545 75.504 75.464 76.418 63.346 0.000 0.000 0.000 0.000 0.000 3.241 40.241 1.241 19.241 0.000 0.000 0.000 30.277 65.274 72.268 73.260 73.250 73.239 73.226 75.212 73.196 73.180 73.161 57.140 53.114 15.072 17.043 0.000 0.000 32.718 39.692 61.659 47.624 52.588 95.552 78.515 57.480 67.445 17.412 62.380 39.349 35.321 35.293 37.267 46.241 57.217 57.194 59.172 65.150 60.129 71.109 72.090 72.072 72.054 72.037 72.020 72.004 71.988 71.973 71.959
42.045 38.979 45.918 64.860 75.807 75.758 75.712 75.669 75.629 75.592 75.559 81.535 0.000 0.000 0.000 0.000 0.000 0.000 40.241 52.241 39.241 54.241 50.241 0.000 20.255 52.261 59.261 70.257 73.251 73.243 73.233 74.222 73.210 73.197 73.184 69.170 58.156 63.144 0.000 0.000 0.000 16.666 49.672 41.654 59.627 35.596 37.563 85.529 84.495 76.461 62.428 62.396 51.366 46.336 35.308 35.281 35.255 45.230 67.206 74.183 73.160 73.138 65.117 72.097 72.078 72.059 72.041 72.023 72.006 71.990 71.974 71.959 71.945
40.119 38.054 52.994 72.937 76.884 75.836 75.791 75.749 75.710 75.676 75.646 82.627 0.000 0.000 0.000 0.000 0.000 0.000 29.241 49.241 49.241 48.241 51.242 35.244 43.248 51.251 51.251 68.248 74.243 73.237 73.229 73.220 73.210 73.199 74.189 66.178 62.169 56.163 0.000 0.000 0.000 9.659 13.652 41.626 60.598 37.570 33.540 72.508 89.474 86.442 67.410 46.380 45.350 46.322 37.295 34.269 35.243 38.218 49.194 69.171 72.148 72.126 64.105 72.084 72.065 72.046 72.027 72.009 71.992 71.976 71.960 71.945 71.930
39.189 41.125 61.066 77.010 75.958 75.910 75.866 75.825 75.788 75.754 77.724 75.700 0.000 0.000 0.000 0.000 0.000 0.000 15.240 54.240 60.240 65.240 56.241 55.242 49.244 45.245 56.244 70.241 73.237 73.232 76.225 74.218 73.210 73.201 73.193 68.185 60.179 55.177 30.180 0.000 0.000 0.000 0.000 3.598 52.570 38.545 34.518 67.487 98.453 79.421 58.391 49.362 51.334 49.307 44.281 33.255 35.230 34.205 38.181 57.158 72.135 72.113 64.092 72.071 72.051 72.031 72.013 71.995 71.978 71.961 71.945 71.930 71.915
39.256 49.193 69.134 77.078 76.027 75.980 75.937 75.897 75.861 76.828 74.796 62.748 46.748 0.000 0.000 0.000 0.000 0.000 17.240 55.240 64.240 64.240 68.239 70.240 53.240 52.240 67.239 73.236 73.233 73.228 74.223 73.217 73.210 73.203 73.197 71.191 59.186 60.184 54.184 0.184 0.000 0.000 0.000 0.000 38.538 38.524 32.501 77.468 65.431 71.399 41.370 61.343 55.317 48.291 48.266 39.241 34.216 35.192 34.168 46.145 69.122 71.099 65.078 72.057 73.036 72.017 71.998 71.980 71.962 71.945 71.929 71.914 71.899
