results1/res_4e8f-0031.wd
ncols         241
nrows         181
xllcorner     12693529.787448
yllcorner     3542525.717860
cellsize      155.156523
NODATA_value  -9999.000000
[rows 66 to 98 of 181, columns 75 to 149 of 241]
0.000 41.448 58.444 57.438 57.431 0.000 29.211 29.221 42.252 38.274 37.277 37.263 36.232 112.181 100.122 0.000 0.000 0.000 33.769 28.757 33.740 36.728 36.717 38.706 39.695 44.684 45.675 46.666 37.656 0.000 0.000 40.222 90.222 72.143 76.011 76.105 74.171 82.149 74.612 75.097 75.845 74.626 74.414 75.218 45.070 0.000 0.000 0.000 0.000 0.000 0.000 0.000 4.718 2.702 2.670 2.622 2.556 2.500 6.435 19.361 16.296 1.078 11.880 20.825 0.000 2.292 8.255 13.206 9.152 3.097 1.002 0.000 11.904 33.901 34.898
0.000 29.596 53.579 52.567 46.563 0.000 0.000 0.000 35.304 48.356 37.368 36.359 37.329 18.254 0.000 0.000 0.000 0.000 0.000 0.000 44.731 42.726 40.718 23.706 26.694 33.683 34.675 39.668 30.662 0.000 0.000 0.000 50.440 68.362 75.312 75.419 82.567 82.366 74.682 75.376 75.094 74.891 74.688 69.507 27.379 0.000 0.000 24.557 0.000 0.000 0.000 10.739 5.740 2.720 2.687 2.642 2.586 2.528 2.462 2.379 9.284 23.161 24.012 6.936 0.854 1.325 2.298 6.257 5.205 1.121 0.890 0.669 18.911 36.897 34.889
42.881 40.761 54.710 47.688 48.691 45.738 0.000 0.000 0.000 50.480 45.480 40.476 42.471 0.000 0.000 0.000 0.000 0.000 0.000 0.000 43.729 39.727 30.725 0.000 0.000 31.678 43.674 42.671 0.000 0.000 0.000 52.919 44.736 48.593 55.693 70.774 82.753 74.412 75.971 75.542 75.359 75.148 72.941 55.743 34.560 40.558 38.558 19.557 0.000 0.000 0.000 0.000 19.781 1.755 2.717 6.672 14.619 4.563 2.506 1.420 5.305 20.212 27.071 18.990 4.963 0.000 1.531 1.485 1.282 1.196 0.061 4.919 25.904 35.891 34.881
40.926 51.859 45.813 38.786 57.777 46.785 0.000 0.000 0.000 42.605 58.597 53.595 53.608 56.663 0.000 0.000 0.000 0.000 0.000 0.000 41.729 32.729 35.730 0.000 0.000 0.000 79.672 106.671 21.670 0.000 52.252 47.104 46.964 46.899 43.007 83.091 82.928 75.456 79.066 75.818 75.614 75.405 67.184 19.963 0.000 42.558 20.558 0.000 0.000 0.000 7.936 6.908 5.849 1.806 5.758 17.710 22.656 20.598 13.535 3.464 12.378 20.312 0.000 4.990 17.957 14.898 10.811 18.767 0.000 1.191 0.000 9.907 32.897 36.885 37.874
52.982 44.935 36.896 36.867 49.847 57.840 53.856 56.850 58.816 53.738 48.709 50.699 39.703 38.719 0.000 0.000 0.000 0.000 46.728 45.729 33.730 35.732 36.735 40.743 39.749 0.000 0.000 0.000 0.000 0.000 58.399 51.283 46.153 47.275 45.350 83.238 45.066 52.659 67.260 75.085 75.876 73.674 32.429 0.000 0.000 0.000 0.000 0.000 0.000 8.985 2.965 2.938 2.898 3.856 13.806 22.754 21.697 21.637 17.574 13.506 23.430 6.348 1.180 2.023 1.979 11.925 24.868 11.817 0.000 0.040 0.024 0.000 0.000 6.882 0.000
44.042 37.005 37.971 37.939 39.904 23.874 49.878 47.879 39.860 36.824 35.801 51.790 53.788 40.791 0.000 0.000 0.000 46.727 42.728 39.729 32.730 36.733 36.738 36.745 36.756 0.308 3.873 4.914 6.956 74.881 71.666 60.437 59.450 48.486 83.492 83.372 47.116 53.769 48.549 55.356 74.133 48.985 0.000 0.000 0.000 0.000 0.000 0.000 0.000 9.004 3.001 2.982 2.950 3.908 12.858 22.803 21.743 20.681 17.618 22.555 16.488 0.346 2.160 2.064 2.007 11.960 19.920 0.000 0.000 0.020 0.025 0.015 0.000 0.000 0.000
37.103 38.074 38.045 39.013 19.958 0.000 6.903 34.929 37.921 37.899 37.882 35.873 59.868 43.868 0.000 0.000 0.000 23.727 40.728 34.729 35.731 36.734 36.738 36.744 36.753 47.765 0.000 0.000 14.073 67.023 76.940 0.000 80.622 70.855 83.594 45.682 59.330 55.977 45.851 42.659 39.313 24.149 0.000 0.000 0.000 0.000 0.000 0.000 0.000 5.028 3.052 3.040 3.010 2.967 3.915 9.856 17.791 17.725 17.661 21.610 0.000 2.298 2.223 1.114 7.029 23.987 6.932 0.437 1.301 0.000 0.000 0.000 0.000 0.000 40.817
38.166 38.143 38.124 41.110 0.000 0.000 0.000 33.014 37.996 39.969 37.957 36.950 54.945 50.944 0.000 0.000 0.000 0.000 31.728 34.729 36.730 36.733 36.737 36.742 38.748 24.756 0.000 0.000 64.239 67.197 78.134 84.055 78.066 76.081 83.677 66.730 69.437 54.282 47.189 40.117 0.000 0.000 0.000 0.000 0.000 0.000 0.000 0.000 0.000 0.000 6.141 3.117 3.085 3.037 2.979 2.914 2.842 9.767 17.692 5.614 2.515 2.370 2.243 5.137 18.070 18.028 0.001 0.424 2.247 0.000 0.000 22.947 12.940 18.933 0.000
38.228 38.211 38.197 38.193 42.217 43.212 43.183 39.118 39.079 19.025 36.028 37.025 53.021 52.018 0.000 0.000 0.000 0.000 30.728 36.729 36.730 36.732 36.735 36.738 24.743 0.000 0.000 0.000 69.449 75.395 78.315 78.273 77.324 83.785 76.208 78.931 73.621 58.565 48.506 47.503 47.637 0.000 0.000 0.000 0.000 5.203 0.000 0.000 0.000 0.000 21.253 2.221 3.175 3.117 3.052 3.980 2.896 2.810 2.727 2.638 2.540 2.424 1.249 7.130 22.084 0.000 0.707 0.430 1.066 0.000 0.000 24.959 16.945 21.932 0.000
38.290 38.275 38.260 38.250 38.247 38.237 38.219 38.195 42.179 0.000 29.106 38.101 54.095 49.091 0.000 0.000 0.000 0.000 35.728 38.728 38.729 38.731 36.733 39.734 0.000 0.000 0.000 61.861 67.712 78.616 78.501 78.610 76.646 83.994 77.344 81.991 77.884 78.819 66.770 54.751 43.771 38.771 40.770 0.000 0.000 4.207 0.205 6.470 7.488 5.480 11.397 21.344 3.276 4.205 13.132 20.057 1.964 2.851 2.766 2.673 2.576 1.417 6.225 25.135 19.053 7.973 0.516 0.431 0.416 0.474 16.041 16.991 16.956 16.924 14.889
38.354 38.339 38.321 38.300 38.284 41.270 39.263 38.265 42.264 0.000 29.190 38.180 55.168 47.161 0.000 0.000 0.000 0.000 8.728 18.728 17.729 17.730 38.731 23.733 0.000 0.000 0.000 64.011 73.924 78.828 78.786 77.888 84.681 84.360 78.413 79.257 78.115 78.059 79.005 69.962 34.926 0.000 0.000 0.000 0.000 2.212 2.221 0.294 2.516 3.554 2.522 9.461 23.380 6.295 4.213 14.131 2.029 2.905 2.814 2.712 2.575 2.404 10.247 23.132 10.021 21.938 0.000 0.063 0.201 6.121 18.066 17.015 16.968 16.924 15.883
38.421 38.407 38.383 41.347 43.320 15.296 36.299 39.339 41.348 1.354 32.285 37.259 49.237 47.224 0.000 0.000 0.000 0.000 0.000 0.000 0.000 0.000 19.731 0.000 0.000 0.000 12.387 62.246 79.145 79.028 79.146 77.233 84.966 77.002 82.708 78.402 78.356 78.289 78.230 68.165 29.045 0.000 0.000 0.000 0.000 0.000 5.221 6.226 0.000 2.714 3.681 3.599 7.487 23.384 6.293 3.200 3.090 2.972 2.874 2.784 0.592 6.375 25.266 6.126 4.959 18.820 2.669 0.216 0.161 13.133 18.092 17.041 16.981 17.927 19.878
38.494 38.485 40.459 16.386 18.353 0.000 0.000 34.444 38.438 42.428 38.378 41.336 46.296 51.275 0.000 0.000 0.000 0.000 0.000 0.000 0.000 0.000 0.000 0.000 0.000 0.000 71.527 73.445 79.353 79.315 78.437 85.472 85.229 78.066 78.779 78.649 78.580 78.516 77.461 57.422 0.000 0.000 0.000 0.000 0.000 0.000 0.000 0.000 0.000 9.906 6.872 2.790 2.587 4.459 21.377 10.288 2.160 3.021 2.925 1.786 6.568 8.442 7.316 4.147 1.786 1.499 1.055 0.385 0.371 17.180 18.134 20.080 15.996 12.931 14.875
38.574 38.579 43.583 0.000 0.000 4.820 0.000 30.555 39.533 37.504 39.461 51.412 23.338 17.306 0.000 0.000 0.000 0.000 0.000 0.000 0.000 0.000 0.000 0.000 0.000 58.883 63.750 77.655 79.542 79.677 77.779 85.693 77.568 79.241 78.933 78.873 78.798 78.733 70.678 47.640 0.000 0.000 0.000 0.000 0.000 0.000 0.000 0.000 0.000 14.119 9.113 3.107 1.038 3.496 3.467 19.385 12.221 3.074 3.955 1.797 8.607 8.509 5.409 0.000 1.204 0.804 0.537 0.717 16.349 18.248 21.191 13.156 0.000 0.000 0.000
37.656 37.677 40.712 10.791 7.824 39.820 44.779 38.688 36.637 43.594 53.551 56.512 0.000 0.000 0.000 0.000 0.000 0.000 0.000 0.000 0.000 0.000 0.000 0.000 0.000 61.016 68.938 78.846 79.841 78.884 86.096 85.901 78.598 79.300 79.160 79.082 79.008 78.941 60.877 42.821 0.000 0.000 0.000 0.000 0.000 0.000 0.000 0.000 0.000 12.337 10.353 10.379 7.450 0.371 1.941 2.646 18.267 18.097 14.952 11.804 4.663 3.578 0.270 0.188 0.498 0.454 5.536 17.452 17.353 18.278 17.229 8.204 0.000 0.000 0.000
51.734 49.762 46.796 47.838 47.861 44.859 45.831 47.780 47.733 53.686 55.638 13.575 0.000 0.000 0.000 0.000 0.000 0.000 0.000 0.000 0.000 0.000 0.000 0.000 7.363 62.228 79.131 80.045 80.001 79.235 86.277 78.074 79.746 79.433 79.367 79.285 79.212 77.144 59.070 29.945 0.000 0.000 0.000 0.000 0.000 0.000 0.000 0.000 0.000 2.666 6.585 9.606 10.609 9.627 6.528 2.465 0.000 0.000 0.000 0.000 0.000 0.000 1.522 0.091 0.216 5.481 18.453 17.401 18.340 21.288 17.251 14.231 0.000 0.000 0.000
50.810 52.841 54.873 53.904 52.923 50.924 48.906 48.871 49.828 45.780 45.740 0.000 0.000 0.000 0.000 0.000 0.000 0.000 0.000 0.000 0.000 0.000 0.000 48.592 71.498 70.402 79.317 80.213 80.348 78.460 86.444 80.165 79.769 79.644 79.559 79.481 79.412 75.354 55.313 0.000 0.000 0.000 0.000 0.000 0.000 0.000 0.000 0.000 10.224 5.068 1.964 3.849 8.753 10.759 10.741 11.791 2.901 0.000 0.000 0.000 0.000 0.000 2.504 0.138 0.326 19.423 17.399 17.364 17.324 18.287 17.260 17.244 8.238 0.000 0.000
38.884 45.919 54.953 60.983 49.003 43.009 37.999 35.971 34.927 40.866 19.803 0.000 0.000 0.000 0.000 0.000 0.000 0.000 0.000 0.000 0.000 0.000 0.000 54.686 70.636 78.566 80.490 80.468 79.608 86.734 86.596 82.181 79.986 79.824 79.747 79.669 79.601 74.548 49.515 0.000 0.000 0.000 0.000 0.000 0.000 0.000 0.000 10.502 5.379 5.271 5.208 4.117 1.067 5.916 9.886 10.949 8.011 0.000 0.000 0.000 0.000 0.000 0.000 0.057 13.377 17.379 17.362 17.338 17.310 17.284 17.264 17.253 0.000 0.000 0.000
40.960 46.000 48.038 51.072 41.098 37.112 38.110 38.089 40.045 17.955 0.000 0.000 0.000 0.000 0.000 0.000 0.000 0.000 0.000 0.000 0.000 0.000 0.000 40.830 69.793 79.737 80.650 80.793 78.917 86.861 79.729 81.401 80.081 80.015 79.926 79.847 79.777 70.720 43.686 0.000 0.000 0.000 0.000 0.000 0.000 0.000 9.739 5.626 5.520 5.430 5.363 5.313 5.316 2.257 1.202 4.109 11.182 11.268 0.000 0.000 0.000 0.000 0.000 0.310 17.364 16.359 16.339 17.320 17.300 17.280 17.264 16.256 0.000 0.000 0.000
39.036 40.082 38.128 37.170 38.206 37.230 37.240 37.230 42.209 0.000 0.000 0.000 0.000 0.000 0.000 0.000 0.000 0.000 0.000 0.000 0.000 0.000 0.000 49.013 77.970 80.911 80.900 80.048 87.087 86.979 82.725 80.425 80.279 80.189 80.101 80.017 80.939 60.870 48.822 0.000 0.000 9.384 0.000 9.139 11.087 10.993 5.852 5.741 5.646 5.565 5.502 5.456 5.433 5.418 4.420 1.368 10.340 11.355 4.354 0.000 0.000 0.000 0.000 0.000 0.000 0.000 2.322 8.310 14.294 16.277 16.264 14.255 0.000 0.000 0.000
38.112 38.167 38.221 37.275 37.325 37.365 37.389 36.385 44.351 0.000 0.000 0.000 0.000 0.000 0.000 0.000 0.000 0.000 0.000 0.000 0.000 0.000 33.371 69.239 80.162 81.072 81.234 79.346 87.183 80.176 81.850 80.534 80.459 80.363 80.271 80.182 81.093 52.999 30.911 0.000 0.000 5.384 0.000 4.191 6.129 6.039 5.936 5.842 5.757 5.683 5.623 5.576 5.543 5.521 3.509 5.500 11.464 8.456 0.000 0.000 0.000 0.000 0.000 0.000 0.000 0.000 0.000 0.000 0.000 0.000 0.000 0.049 0.000 0.000 0.000
36.188 36.251 36.317 36.385 36.454 37.517 39.566 41.571 16.461 0.000 0.000 0.000 0.000 0.000 0.000 0.000 0.000 0.000 0.000 0.000 0.000 3.597 44.504 75.412 81.330 81.344 80.395 87.346 87.270 83.165 80.872 80.723 80.629 80.534 80.440 80.346 76.250 23.125 0.000 0.000 0.000 5.384 11.385 6.305 6.199 6.099 6.012 5.932 5.857 5.789 5.730 5.681 5.643 5.615 2.594 11.577 11.559 7.551 0.000 0.000 0.000 0.000 0.000 0.000 0.000 0.000 0.000 0.000 0.000 0.000 0.000 0.000 0.000 0.000 0.000
40.261 44.333 47.411 51.496 53.588 56.686 55.786 47.872 0.000 0.000 22.315 0.000 0.000 0.000 0.000 0.000 0.000 30.959 57.965 0.000 0.000 37.690 70.636 80.567 81.503 81.466 80.717 87.408 79.602 81.290 80.974 80.898 80.800 80.704 80.608 81.513 68.437 0.000 0.000 0.000 0.000 0.000 5.465 6.445 8.264 8.148 6.079 6.017 5.951 5.886 5.826 5.775 5.734 2.701 7.676 10.657 11.642 2.639 0.000 0.000 0.000 0.000 0.000 0.000 0.000 0.000 0.000 0.000 0.000 0.000 0.000 0.000 0.000 0.000 0.000
45.330 54.409 55.499 54.600 53.716 52.852 50.022 44.260 19.695 37.039 55.315 24.516 8.623 0.000 0.000 0.000 1.930 40.953 54.972 0.000 12.921 54.839 79.780 82.728 81.620 81.874 79.880 87.458 81.589 81.306 81.159 81.066 80.971 80.876 80.775 82.661 26.549 0.000 0.000 0.000 0.000 0.000 1.775 7.748 0.000 0.000 5.141 6.106 6.045 5.978 5.915 5.860 4.815 2.780 11.752 11.731 8.715 2.723 8.755 0.000 0.000 0.000 0.000 0.000 0.000 0.000 0.000 0.000 0.000 0.000 0.000 0.000 0.000 0.000 0.000
42.391 45.477 44.575 42.689 40.824 38.987 37.190 37.451 46.785 49.109 46.392 43.609 47.731 0.000 0.000 0.000 41.908 71.951 22.998 19.029 53.003 76.965 81.927 81.859 82.039 80.043 87.524 79.995 81.714 81.401 81.329 81.235 81.143 81.052 83.954 40.807 0.000 0.000 0.000 0.000 0.000 0.000 4.075 9.023 0.000 0.000 2.269 6.222 6.145 6.065 5.995 5.936 2.888 10.850 11.821 10.801 1.790 5.783 5.787 0.000 0.000 0.000 0.000 0.000 0.000 0.000 0.000 0.000 0.000 0.000 0.000 0.000 0.000 0.000 0.000
39.444 38.533 38.637 39.759 39.905 40.082 38.300 39.570 44.887 48.219 44.534 39.798 42.962 0.000 0.000 0.000 33.844 43.945 22.040 55.086 70.098 79.092 82.074 82.089 81.255 87.922 87.664 80.992 81.724 81.582 81.493 81.403 81.316 81.237 84.183 0.000 0.000 0.000 8.536 0.000 0.000 5.261 8.256 7.245 14.293 0.000 2.478 6.370 6.246 6.143 6.063 4.001 5.951 11.912 11.882 3.861 4.847 5.833 5.823 0.000 0.000 0.000 0.000 0.000 0.000 0.000 0.000 0.000 0.000 0.000 0.000 0.000 0.000 0.000 0.000
39.486 39.576 39.681 39.806 39.954 39.136 38.361 42.640 46.976 47.347 42.728 39.089 44.356 0.000 0.000 0.000 29.679 0.000 46.130 70.177 76.212 82.236 82.192 82.493 80.555 88.149 80.419 82.133 81.821 81.751 81.657 81.568 81.479 88.396 72.358 0.000 0.000 45.536 31.536 0.000 0.000 0.380 8.443 7.408 7.342 13.176 10.861 9.539 6.326 6.199 6.115 3.052 11.004 11.965 7.935 2.912 5.895 5.877 7.850 11.850 0.000 0.000 0.000 0.000 0.000 0.000 0.000 0.000 0.000 0.000 0.000 0.000 0.000 0.000 0.000
39.516 39.605 39.707 39.828 38.972 38.147 40.367 44.654 48.032 44.463 39.943 39.474 43.019 25.805 13.390 14.895 11.514 12.968 53.175 74.280 80.347 82.365 82.618 80.712 88.540 88.355 81.435 82.149 82.003 81.912 81.821 81.732 86.639 29.510 44.495 14.528 45.536 53.537 0.000 0.000 0.000 0.057 8.670 7.601 7.491 17.325 28.114 1.677 11.319 7.214 4.145 6.091 12.046 11.010 1.981 4.958 5.942 5.932 0.000 0.000 0.000 0.000 0.000 0.000 0.000 0.000 0.000 0.000 0.000 0.000 0.000 0.000 0.000 0.000 0.000
39.535 39.619 39.716 39.828 37.959 38.115 42.309 49.575 51.036 47.532 43.107 41.846 42.439 45.008 45.470 54.781 0.000 31.217 69.321 76.421 82.502 82.604 81.855 88.869 88.710 81.802 82.583 82.244 82.170 82.073 81.983 81.900 89.834 0.000 27.586 29.552 19.542 21.540 0.000 0.000 0.000 3.151 8.965 7.836 13.698 29.517 6.316 0.000 0.000 5.193 3.160 11.119 12.081 8.047 5.020 5.999 5.984 7.976 0.000 0.000 0.000 0.000 0.000 0.000 0.000 0.000 0.000 0.000 0.000 0.000 0.000 0.000 0.000 0.000 0.000
39.544 39.622 39.710 38.810 37.921 40.045 47.178 24.303 0.857 0.368 0.000 29.365 46.885 42.318 45.700 26.978 0.000 36.362 74.470 80.590 82.639 83.026 81.171 89.015 82.148 82.924 82.492 82.431 82.325 82.230 82.139 83.051 80.964 2.838 2.712 0.000 0.000 0.000 0.000 0.000 2.494 10.338 8.204 7.081 26.946 30.731 0.000 0.000 0.000 1.215 7.182 12.147 12.110 2.078 6.052 6.033 6.020 9.013 0.000 0.000 0.000 0.000 0.000 0.000 0.000 0.000 0.000 0.000 0.000 0.000 0.000 0.000 0.000 0.000 0.000
39.544 39.615 38.694 37.780 39.872 42.967 51.055 10.118 0.000 0.000 0.000 0.000 29.417 44.681 46.035 32.455 35.034 61.399 78.616 82.744 83.093 81.273 89.273 89.150 83.139 82.833 82.684 82.579 82.480 82.383 82.290 85.202 70.133 0.000 0.000 0.000 0.000 0.000 0.000 0.000 2.626 9.535 8.430 6.340 34.273 0.000 0.000 0.000 7.357 12.291 12.224 12.175 10.136 5.104 6.079 6.061 6.049 8.043 0.000 12.078 0.000 0.000 0.000 0.000 0.000 0.000 0.000 0.000 0.000 0.000 0.000 0.000 0.000 0.000 0.000
39.537 39.601 38.670 37.745 41.821 45.895 49.958 7.996 0.000 0.000 0.000 0.000 9.685 52.954 48.303 54.773 68.247 77.589 81.816 83.033 82.362 89.489 89.385 82.490 83.264 82.920 82.835 82.729 82.630 82.534 86.437 49.334 21.233 0.000 0.000 0.000 0.000 0.000 0.000 5.100 9.908 8.744 10.644 7.574 31.533 0.000 0.000 2.603 9.424 25.321 14.247 11.194 7.154 5.123 5.099 6.082 6.072 6.068 11.076 7.078 0.000 0.000 0.000 0.000 0.000 0.000 0.000 0.000 0.000 0.000 0.000 0.000 0.000 0.000 0.000
39.525 39.582 37.643 39.707 45.773 46.836 44.886 31.913 0.000 0.000 0.000 0.000 0.000 6.148 2.514 43.087 74.593 78.892 83.068 83.430 81.718 89.584 81.818 83.596 83.159 83.091 84.977 83.874 82.777 82.685 88.592 11.462 0.000 0.000 0.000 0.000 0.000 0.000 25.457 25.292 13.099 9.889 20.826 15.780 16.753 0.000 0.000 1.570 5.450 16.321 12.250 16.200 10.163 13.134 12.113 9.097 6.087 5.082 5.082 11.080 0.000 0.000 0.000 0.000 0.000 0.000 0.000 0.000 0.000 0.000 0.000 0.000 0.000 0.000 0.000
