results1/res_4e8f-0239.wd
ncols         241
nrows         181
xllcorner     12693529.787448
yllcorner     3542525.717860
cellsize      155.156523
NODATA_value  -9999.000000
[rows 132 to 164 of 181, columns 0 to 72 of 241]
96.430 101.429 105.429 105.428 107.427 107.426 101.424 92.422 78.420 67.417 66.415 67.411 66.408 65.404 70.399 84.394 95.389 100.382 100.375 97.367 89.357 80.345 71.330 65.313 70.290 72.261 71.228 72.190 70.158 65.129 79.100 102.072 69.049 0.000 0.000 0.000 8.834 60.828 72.823 69.804 71.790 77.782 95.783 81.789 65.798 64.810 64.825 76.841 97.860 38.879 11.902 6.936 0.000 0.000 0.000 0.000 0.000 0.000 0.000 0.000 0.000 0.214 3.214 1.214 28.214 8.139 12.063 52.967 75.827 79.729 79.623 89.712 117.178
74.434 76.434 79.434 85.433 95.432 101.430 106.429 106.427 99.425 85.422 74.419 68.416 72.412 79.408 92.404 107.399 106.393 103.386 103.379 106.370 106.360 102.348 90.334 78.318 70.297 65.273 66.247 65.219 66.193 74.169 96.147 104.129 16.118 0.000 0.000 0.000 18.840 46.847 64.871 73.868 74.857 71.846 72.850 82.857 77.864 70.872 74.882 82.894 95.907 36.923 22.942 28.970 8.999 0.000 0.000 0.000 0.000 0.000 0.000 0.000 0.000 0.000 0.000 0.000 10.289 0.000 60.087 82.010 77.892 86.867 77.933 117.298 106.059
66.439 66.439 66.439 68.438 73.437 77.435 84.434 93.432 101.430 104.427 98.424 96.421 98.417 101.413 100.409 93.404 84.398 82.391 82.384 87.376 93.366 100.354 103.341 102.326 91.308 81.288 76.267 74.245 83.225 99.206 100.191 86.180 19.175 0.000 0.000 0.000 0.000 0.000 47.947 74.939 53.925 41.896 56.915 71.923 86.928 90.932 92.937 93.944 89.953 16.963 3.974 32.002 29.028 17.056 23.067 17.072 0.000 0.000 0.000 0.000 0.000 0.000 44.503 14.453 80.364 102.300 135.157 91.133 86.187 67.147 103.214 107.738 107.648
67.445 67.444 67.444 67.443 66.442 65.441 67.439 72.437 78.435 88.433 98.430 100.426 93.423 83.419 77.414 69.409 65.404 65.397 65.390 67.382 72.373 78.362 85.350 97.337 102.321 104.305 103.288 99.271 102.255 95.241 77.230 69.225 48.228 6.249 0.000 0.000 0.000 0.000 41.031 74.017 17.008 0.000 49.993 74.993 93.992 101.992 87.992 90.992 76.996 35.004 1.017 59.036 28.056 20.071 31.075 31.076 2.078 0.000 0.000 0.000 0.000 31.606 50.553 123.495 152.419 135.302 118.859 117.807 109.479 108.120 108.001 107.874 73.097
67.450 67.450 67.449 67.449 67.448 67.446 67.445 66.443 66.441 69.438 75.436 74.432 70.429 66.425 66.420 66.416 67.410 67.404 67.397 67.390 66.381 65.371 67.361 73.349 80.336 89.322 97.308 93.295 82.282 70.272 66.264 71.261 79.263 55.270 33.277 33.269 19.246 20.203 56.129 77.091 27.080 9.096 69.071 101.062 103.057 82.052 85.045 84.035 72.036 61.046 12.046 40.057 14.090 2.098 15.084 2.080 4.079 2.074 0.000 0.000 0.000 12.661 75.607 81.528 77.517 78.678 76.653 108.440 108.340 108.234 75.436 78.217 80.091
67.456 67.455 67.455 67.454 67.453 67.452 67.451 67.449 67.447 67.444 66.442 66.439 66.435 67.431 67.427 67.422 67.417 67.412 67.405 67.398 67.390 67.382 67.372 66.362 65.351 66.340 70.329 68.318 67.308 71.300 74.294 73.291 71.291 73.293 73.292 70.284 70.265 74.235 49.191 35.137 24.128 42.136 87.132 101.127 81.122 74.114 73.101 53.068 49.068 12.099 0.154 0.000 2.147 4.148 0.000 0.000 8.087 23.068 38.024 7.961 21.882 84.739 91.728 89.802 87.789 88.871 108.628 108.536 89.675 96.468 89.326 95.101 86.946
67.462 67.461 67.461 67.460 67.459 67.458 67.457 67.455 67.453 67.451 67.448 67.445 67.442 67.438 67.434 67.430 67.425 67.420 67.414 66.408 73.401 75.393 67.385 66.376 65.367 66.357 68.348 71.340 74.332 73.326 68.322 69.319 76.318 79.317 75.315 69.308 66.297 75.280 6.264 0.000 9.158 82.188 91.194 78.193 70.188 90.182 36.177 0.000 0.000 2.204 3.233 3.232 3.203 4.198 0.000 0.000 33.113 75.087 104.044 64.983 97.870 106.031 102.996 102.088 108.885 108.803 108.717 101.755 103.636 103.336 102.200 101.135 19.054
67.468 67.467 67.467 67.466 67.466 67.465 67.463 67.462 67.460 67.458 70.455 70.452 68.449 72.445 70.441 67.437 67.433 67.429 66.424 64.418 75.412 83.405 69.398 66.390 68.382 71.375 73.367 72.361 69.355 71.351 76.347 78.345 79.344 79.344 74.342 68.338 77.333 96.326 15.320 0.000 0.000 56.265 79.265 76.262 80.256 100.249 34.247 0.000 3.283 3.259 3.265 3.260 3.235 5.243 0.000 31.209 83.167 99.121 102.057 107.060 104.229 101.221 109.109 109.038 108.964 101.058 101.847 102.723 102.407 102.381 95.316 72.226 0.000
67.474 67.474 67.473 67.473 67.472 67.471 67.470 67.469 67.467 68.465 75.462 75.459 52.456 20.452 41.448 71.445 65.442 68.438 74.434 77.428 77.423 73.417 69.411 70.404 73.398 72.392 71.386 73.381 77.377 77.374 79.372 78.371 69.370 64.371 66.371 79.370 98.370 108.370 30.371 0.000 0.000 31.341 87.338 89.333 96.325 95.313 31.314 0.000 3.308 1.307 2.307 3.309 0.000 9.295 35.294 79.260 101.191 104.216 103.311 103.318 102.413 109.243 109.178 101.257 102.060 102.926 102.716 102.574 102.534 94.469 86.429 0.000 0.000
67.481 67.480 67.480 67.479 67.479 67.478 67.477 67.476 67.474 69.472 78.470 89.467 65.463 2.460 8.454 56.454 82.451 74.448 72.444 72.440 70.435 69.430 71.424 73.419 71.413 67.408 69.404 81.400 83.397 73.395 67.395 64.395 64.396 69.398 83.400 99.403 96.406 80.412 52.424 20.450 14.451 58.421 87.412 69.408 60.398 52.364 17.382 1.420 1.356 22.347 13.348 3.360 0.000 28.350 79.334 101.263 103.470 102.470 102.585 109.429 109.370 109.308 101.314 103.203 102.918 102.795 102.743 102.673 96.600 83.539 73.504 0.000 0.000
67.487 67.487 67.487 67.486 67.486 67.485 67.484 67.483 67.482 69.481 79.479 66.476 22.470 4.471 0.000 24.464 78.462 70.459 72.455 71.451 69.447 72.442 73.438 70.433 67.429 63.424 73.421 87.418 74.417 64.416 65.417 70.419 80.421 91.425 102.429 95.434 73.441 68.449 87.461 94.476 95.482 99.479 74.482 35.488 7.495 0.000 1.560 1.565 0.000 35.362 22.378 2.425 33.444 79.397 101.430 103.631 102.657 109.592 109.540 109.487 101.576 102.378 103.271 102.972 102.960 102.903 102.831 103.742 91.665 62.582 51.543 9.543 3.543
66.494 66.494 67.493 67.493 67.493 67.492 67.492 67.491 67.490 70.489 80.488 51.487 0.000 10.483 48.484 50.477 67.473 69.470 57.466 39.463 77.459 72.455 68.451 67.447 65.443 67.440 83.437 86.436 68.435 71.436 83.438 92.441 101.446 99.451 87.457 73.464 66.473 82.483 86.496 74.510 55.522 53.533 41.547 21.567 10.599 4.664 2.680 22.695 17.713 0.000 0.000 27.489 79.549 102.671 103.705 101.826 109.689 109.642 101.734 102.548 103.430 103.239 103.120 103.099 103.049 103.000 105.932 69.803 49.734 0.000 0.000 0.000 0.000
75.501 73.501 70.500 68.500 65.500 65.500 65.500 65.499 64.498 69.498 81.497 64.497 45.498 53.494 71.491 67.487 64.484 70.481 65.478 52.475 72.471 66.468 65.465 65.461 67.458 81.455 89.453 55.451 47.452 97.454 102.458 97.463 86.469 76.476 68.483 64.492 75.503 87.515 55.530 30.546 13.564 4.583 21.606 20.635 10.671 11.713 14.739 42.750 26.732 0.000 0.000 59.784 101.828 100.962 109.825 109.781 109.736 101.767 103.665 103.393 103.288 103.260 105.219 100.171 102.143 103.117 114.096 0.000 0.000 0.000 0.000 0.000 0.000
76.509 78.508 84.506 85.506 85.507 82.507 83.508 82.507 81.507 81.506 83.506 66.505 70.505 69.503 66.500 69.497 69.495 68.492 73.489 75.487 69.484 63.481 65.478 67.475 81.472 86.469 75.467 69.466 78.467 101.471 84.477 75.484 67.492 65.499 67.509 66.519 80.531 89.545 53.562 29.581 17.603 19.629 22.660 14.696 15.736 21.778 23.813 16.835 0.001 0.000 38.026 80.046 109.941 109.904 109.866 101.997 102.805 103.707 103.418 103.417 104.377 104.334 77.292 55.233 90.233 104.229 109.239 49.297 0.000 0.000 0.000 0.000 0.000
69.518 63.516 16.511 18.511 27.514 74.515 71.516 71.516 71.515 75.515 84.514 65.514 66.513 65.511 68.509 72.507 73.505 71.503 70.501 73.499 74.496 71.494 65.492 82.489 88.486 79.482 85.479 102.478 99.480 81.486 69.496 65.505 67.513 67.522 66.532 71.544 87.557 89.573 81.591 84.613 55.639 17.670 9.708 8.752 20.800 27.850 17.898 14.945 6.976 33.145 81.194 110.009 109.976 102.134 102.947 103.836 103.652 103.540 103.527 104.482 102.444 96.406 21.386 0.000 72.330 107.327 104.334 103.355 0.000 0.000 0.000 0.000 0.000
67.528 59.528 0.000 0.523 9.524 70.524 66.524 66.524 66.524 70.524 84.523 62.522 66.522 70.520 72.519 73.517 70.516 67.514 65.512 67.511 77.509 90.507 85.505 86.503 63.500 57.496 109.490 95.487 62.488 22.496 42.515 70.526 67.535 67.544 69.555 62.567 46.581 36.598 48.618 88.641 64.669 17.704 12.750 7.805 16.862 21.923 15.986 21.044 21.128 59.274 110.058 101.320 105.062 103.969 103.785 103.677 103.656 103.622 104.583 104.549 69.512 45.460 31.461 34.470 85.428 106.415 102.417 93.432 11.467 0.000 0.000 0.000 0.000
67.538 67.539 50.544 0.533 10.533 71.533 67.533 67.533 66.533 67.532 82.532 69.531 72.531 74.530 73.529 68.527 65.526 66.525 66.524 65.523 75.522 98.520 94.519 81.518 74.516 65.511 41.497 30.491 17.490 0.000 23.543 72.549 67.556 69.565 52.575 26.588 11.603 8.620 50.640 67.663 36.691 8.729 11.782 16.857 23.921 19.992 14.080 7.157 10.448 58.499 110.121 104.209 103.973 103.796 103.783 103.750 103.712 103.677 101.645 92.616 25.595 0.000 42.528 101.519 106.499 104.487 98.485 88.491 6.502 0.000 0.000 0.000 0.000
64.547 66.548 63.549 0.000 6.543 71.543 66.542 64.542 66.542 70.541 74.541 73.540 73.540 71.539 65.538 66.538 66.537 67.536 67.535 72.535 90.534 89.534 82.534 91.534 89.534 60.535 0.000 0.000 0.000 0.000 21.566 72.569 67.575 70.584 41.594 3.607 37.622 63.640 83.660 52.682 4.703 0.768 0.835 5.918 15.971 16.049 16.150 10.383 6.989 110.299 110.212 103.114 103.963 103.866 103.835 103.799 103.765 105.732 90.702 73.676 33.656 9.649 57.604 87.581 96.562 105.550 94.545 83.545 5.548 0.000 0.000 0.000 0.000
71.555 69.556 58.556 0.000 57.552 65.552 67.551 71.551 72.551 73.550 71.550 72.550 70.549 66.549 66.548 67.548 67.547 66.547 68.547 91.546 90.547 72.547 85.548 83.550 87.553 85.559 48.576 4.585 13.590 43.591 48.585 68.587 67.592 67.600 62.611 54.623 71.639 70.657 64.678 86.701 34.724 0.793 0.860 9.944 14.998 13.075 14.169 38.311 62.699 110.381 105.437 105.189 104.931 103.920 103.883 103.849 104.816 102.784 57.755 34.729 46.706 47.686 101.659 103.636 83.619 93.607 88.600 61.597 26.596 0.000 0.000 0.000 0.000
72.563 73.564 70.564 58.566 72.562 72.561 72.560 73.560 73.560 74.559 86.559 68.559 66.559 66.558 67.558 67.558 67.558 68.558 82.558 93.558 68.559 72.560 99.561 91.564 79.568 82.574 85.583 69.590 74.595 89.597 82.598 70.601 63.606 63.614 74.625 90.637 77.653 49.671 21.693 76.720 65.756 14.813 17.870 22.934 19.001 10.087 12.153 53.433 105.680 110.458 102.417 105.071 106.002 103.967 103.932 103.898 96.865 86.834 43.805 14.778 23.754 24.731 85.708 127.687 108.671 84.658 76.650 55.646 64.644 17.644 0.000 3.861 7.861
77.571 77.571 73.571 73.571 73.570 74.570 74.569 70.569 67.568 66.568 29.568 19.568 70.568 67.568 67.568 67.568 66.568 69.568 93.569 79.569 64.570 70.572 87.574 104.577 99.580 96.585 94.592 90.597 86.602 85.605 93.608 90.612 84.618 80.626 83.636 87.649 49.664 13.682 12.704 28.730 24.768 9.818 18.866 28.921 24.989 16.087 9.248 52.502 110.600 110.530 105.309 107.156 104.046 104.016 104.980 100.946 84.913 77.882 83.853 89.825 73.800 95.776 110.754 127.734 136.718 120.705 82.697 87.692 62.691 0.000 0.000 0.000 0.000
16.578 17.578 77.577 72.578 72.578 67.578 64.577 66.577 61.577 14.577 14.577 3.577 71.577 67.577 67.578 67.578 67.578 85.579 92.579 65.580 67.582 67.583 70.585 76.588 78.592 78.596 74.601 77.605 93.610 86.613 77.617 80.622 87.628 91.635 94.645 91.657 66.672 31.690 14.709 13.727 0.000 2.826 13.855 22.894 6.941 0.000 22.463 82.710 110.667 102.647 106.377 106.116 104.102 104.062 105.027 99.992 86.960 52.928 59.898 102.870 113.844 145.820 136.798 108.778 96.761 113.748 92.740 86.735 61.736 0.763 0.000 0.000 0.000
3.586 12.585 26.583 81.585 66.586 64.586 66.586 66.586 67.586 14.586 5.586 60.586 68.587 67.587 67.587 67.588 69.588 93.589 78.590 64.591 67.592 67.594 67.596 66.599 66.602 66.606 65.610 72.614 101.618 80.622 11.626 19.630 31.636 82.643 92.652 76.663 81.677 68.696 20.718 17.741 2.772 7.806 20.833 12.860 0.000 0.000 40.631 110.795 110.732 105.530 107.273 103.183 104.146 104.108 104.072 104.038 91.004 53.972 68.942 105.914 101.887 135.862 130.839 99.818 104.801 90.787 71.778 89.773 67.775 1.788 0.000 0.000 0.000
65.595 61.595 0.000 73.595 83.595 84.594 65.594 77.594 84.595 60.595 58.595 68.595 67.596 67.596 67.597 67.598 86.598 90.599 65.600 67.601 66.603 65.605 67.607 67.610 67.613 67.616 66.619 74.623 103.626 84.630 30.634 3.638 54.643 79.649 92.656 71.665 61.678 20.700 13.725 16.746 14.770 22.793 26.811 0.836 0.000 19.547 81.803 110.857 102.782 106.508 106.252 104.232 104.190 104.153 104.116 105.081 96.048 85.015 107.984 132.955 120.927 137.901 134.877 128.856 135.837 101.822 78.811 88.805 96.804 25.808 0.000 0.000 0.000
67.603 66.604 61.607 67.604 66.603 14.603 88.603 80.603 67.603 68.603 68.604 67.604 67.605 67.606 67.606 70.607 93.608 76.609 66.610 67.611 73.613 81.615 67.617 65.620 67.622 66.625 69.628 93.631 101.634 76.638 64.641 52.645 74.649 73.653 34.658 19.664 16.671 0.000 5.735 5.749 6.767 7.786 9.798 0.000 22.589 79.754 101.935 110.916 103.745 104.390 104.314 104.273 104.234 104.196 104.159 105.124 96.089 79.057 75.025 107.995 97.966 111.939 114.914 102.890 104.869 76.852 53.839 67.831 134.828 87.831 22.843 12.850 34.855
67.611 67.611 67.612 67.611 67.611 61.611 77.611 93.611 69.612 66.612 67.613 67.613 67.614 67.615 66.616 89.617 91.618 65.619 67.620 68.621 65.623 27.625 86.627 81.630 68.632 66.635 84.637 103.640 87.643 67.645 67.648 68.651 71.654 75.657 12.659 13.661 0.000 2.730 17.732 0.000 0.750 0.000 0.000 0.000 45.692 102.881 111.028 110.973 103.629 104.465 104.350 104.316 104.276 104.237 104.200 103.165 88.130 90.097 110.064 129.033 128.004 132.975 137.948 124.922 122.899 109.878 58.862 56.852 132.847 96.846 34.847 27.851 92.857
67.618 67.619 67.619 67.619 67.619 67.619 67.619 78.619 93.620 69.621 66.621 67.622 67.623 65.624 73.625 94.626 74.627 66.628 68.629 66.630 8.633 5.635 74.637 75.640 81.642 80.644 88.646 87.648 68.651 66.653 68.655 71.658 76.660 76.661 0.000 0.000 0.000 4.729 28.729 15.730 16.732 15.731 0.000 6.763 53.922 108.092 111.082 102.964 104.682 104.418 104.399 104.355 104.316 104.277 104.240 104.204 90.169 86.135 107.103 108.071 108.040 111.010 110.981 109.953 114.925 87.899 63.879 78.867 93.862 32.860 0.000 0.000 36.863
67.626 69.626 69.626 67.626 67.626 67.626 67.627 67.628 78.628 93.629 69.630 64.631 64.632 81.633 93.635 87.636 64.637 67.638 63.639 9.637 6.643 60.645 67.648 67.649 73.651 90.653 90.655 83.657 76.659 68.661 55.663 25.665 90.666 70.667 0.000 0.000 0.000 3.727 17.728 10.729 24.730 13.731 0.000 6.897 27.000 111.186 111.134 103.833 104.569 104.476 104.436 104.395 104.355 104.317 104.279 105.243 100.208 90.173 85.140 84.107 84.075 84.043 84.013 87.982 61.950 5.912 31.888 87.877 83.872 44.872 6.876 0.000 35.868
68.633 5.633 6.633 67.633 66.634 65.634 65.635 64.635 64.636 77.637 92.639 85.640 92.641 94.643 81.644 65.646 72.647 72.649 60.650 0.000 8.655 71.656 67.658 69.659 93.661 100.662 78.664 69.666 76.667 83.669 71.670 7.672 50.673 68.674 0.000 0.000 0.000 4.724 10.725 7.728 21.729 0.000 0.000 6.950 12.266 111.236 109.081 104.798 104.540 104.517 104.473 104.432 104.393 104.354 104.317 104.281 105.245 104.211 102.176 101.142 101.109 102.076 104.045 78.014 19.982 0.000 16.884 72.881 103.879 94.879 67.880 43.879 60.874
67.640 66.640 1.640 66.640 77.641 81.642 85.642 90.643 93.644 94.646 94.647 94.648 80.650 67.652 83.654 100.655 101.657 101.660 94.663 72.668 7.667 68.667 66.668 75.669 103.670 90.672 67.673 66.674 68.675 71.676 62.678 7.679 27.680 27.681 0.000 0.000 0.000 10.719 5.722 0.000 4.729 0.000 14.968 16.184 6.608 111.284 113.032 108.672 104.594 104.551 104.509 104.468 104.429 104.391 104.354 104.318 104.282 104.247 104.212 104.177 105.141 108.108 80.076 13.045 0.000 5.945 0.000 17.882 73.883 104.885 95.886 71.884 48.877
67.647 69.647 65.647 67.648 82.648 81.649 77.650 73.651 72.652 68.654 89.655 79.657 90.659 81.661 97.663 93.665 86.667 87.670 98.672 104.675 93.676 94.677 86.678 94.679 102.680 75.681 66.682 67.683 67.683 66.684 66.685 68.686 63.687 12.690 72.697 63.701 2.706 4.711 0.000 0.000 0.000 5.976 84.019 81.222 111.376 111.331 106.908 107.739 104.622 104.585 104.543 104.503 104.465 104.427 104.390 104.354 104.319 104.284 104.249 106.212 111.172 80.139 20.108 0.000 0.000 2.945 1.945 0.000 14.888 65.892 100.893 50.893 0.000
69.653 5.654 64.654 67.654 67.655 67.656 66.657 67.658 69.660 67.661 79.663 74.665 83.667 94.670 82.672 67.674 68.677 69.679 70.682 75.684 88.686 98.687 104.688 102.689 91.690 67.690 67.691 67.691 67.691 67.692 68.692 91.693 64.694 4.695 68.699 18.702 12.705 5.708 0.000 0.000 0.000 15.963 104.168 106.381 111.419 105.237 104.947 104.683 104.662 104.617 104.577 104.537 104.499 104.462 104.425 104.390 104.355 104.321 106.287 91.249 45.196 12.168 0.000 4.946 2.946 22.945 29.945 0.000 0.000 36.902 98.903 50.903 0.000
70.660 3.660 64.661 67.661 67.662 67.663 67.664 68.666 6.667 66.669 70.671 81.673 81.676 89.678 94.681 80.684 65.687 65.689 65.692 67.694 69.696 70.698 71.699 71.699 70.700 69.700 65.699 65.700 66.700 67.699 78.699 92.699 63.699 57.699 59.700 0.000 0.000 5.708 0.000 0.000 0.000 20.059 103.182 111.504 111.462 104.095 104.827 104.732 104.691 104.649 104.608 104.569 104.532 104.495 104.460 104.425 104.391 104.358 109.327 65.303 0.000 0.000 2.948 0.947 2.946 17.945 24.944 0.000 0.000 39.912 99.912 58.913 0.000
