results1/res_4e8f-0234.wd
ncols         241
nrows         181
xllcorner     12693529.787448
yllcorner     3542525.717860
cellsize      155.156523
NODATA_value  -9999.000000
[rows 99 to 131 of 181, columns 0 to 72 of 241]
0.000 0.000 0.000 0.000 0.000 61.371 101.371 103.371 94.371 89.371 0.000 0.000 0.000 0.000 0.000 3.367 2.367 69.367 66.367 0.000 0.000 2.367 5.367 64.367 63.367 4.367 0.000 0.000 0.000 11.373 0.000 0.000 0.000 0.000 17.230 63.226 59.216 58.199 59.175 60.148 73.119 62.088 66.053 58.015 59.974 57.929 58.882 63.832 64.779 62.725 66.669 59.612 59.553 61.494 64.431 78.361 79.302 64.255 50.211 0.000 0.000 0.000 0.000 0.000 28.271 83.265 80.255 67.237 42.213 37.189 81.165 58.142 60.119
0.000 0.000 0.000 0.000 0.000 62.371 102.371 102.371 0.000 0.000 0.000 0.000 0.000 0.000 0.000 2.367 14.367 80.367 69.367 7.367 4.367 4.367 67.367 66.367 70.367 1.367 0.000 0.000 0.000 69.373 61.373 0.000 0.000 0.315 76.273 86.267 72.257 65.243 59.225 61.202 80.176 65.146 71.112 71.075 62.034 76.989 68.941 69.890 59.836 67.781 67.723 65.666 59.607 60.549 64.485 61.392 23.328 13.292 0.000 0.000 0.000 0.000 0.000 31.288 68.283 80.277 87.269 77.257 53.241 54.224 68.206 59.187 60.167
7.372 0.372 0.000 0.000 0.000 49.371 98.371 107.371 17.371 0.000 0.000 0.000 0.000 0.000 0.000 1.367 3.367 87.367 68.367 69.367 71.367 68.367 65.367 66.367 64.367 2.367 0.000 0.000 0.000 62.373 62.373 63.370 62.362 62.346 61.320 71.311 80.303 27.293 91.278 81.259 86.236 71.208 16.175 87.138 85.097 84.052 88.003 76.951 59.896 62.838 67.779 67.720 64.662 60.610 49.570 0.000 0.000 0.000 0.000 0.000 0.000 0.000 0.000 41.294 68.294 68.292 79.287 78.280 61.271 61.260 60.247 60.233 60.217
75.372 78.372 10.372 0.000 0.000 59.371 98.371 103.371 113.371 18.370 0.000 0.000 0.000 0.000 9.368 9.368 7.367 24.367 72.367 69.367 87.367 101.367 76.367 61.367 0.367 0.000 0.000 0.000 0.000 0.000 61.375 62.377 62.369 62.359 62.351 61.353 61.352 60.347 61.337 66.321 78.301 72.274 15.242 87.205 88.164 66.118 73.069 90.015 83.958 70.897 60.835 66.772 67.710 70.659 55.614 0.000 0.000 0.000 0.000 0.000 0.000 0.000 0.000 3.301 19.307 65.308 62.308 62.306 60.303 60.298 60.291 60.281 60.269
89.372 72.372 72.372 74.372 76.371 95.371 103.371 103.371 103.370 105.370 79.370 18.369 1.369 67.368 74.368 75.368 37.367 32.367 95.367 103.367 98.367 94.367 77.367 1.367 0.000 0.000 0.000 0.000 0.000 0.000 0.000 62.393 61.377 60.370 61.373 62.398 62.405 62.406 62.400 63.389 82.371 77.346 60.314 62.277 73.235 84.189 61.139 73.084 74.023 66.957 86.892 69.824 61.745 2.702 0.000 0.000 0.000 0.000 0.000 0.000 0.000 0.000 0.000 0.000 11.325 65.327 60.330 60.333 60.337 60.338 60.336 58.332 56.324
104.372 94.372 75.372 79.372 97.371 103.371 103.371 103.371 103.370 98.370 70.370 76.369 4.369 58.368 93.368 101.368 101.367 85.367 100.367 107.367 17.367 0.000 0.000 0.000 0.000 0.000 0.000 0.000 0.000 0.000 0.000 62.426 0.000 0.000 0.000 63.459 62.465 62.470 62.470 63.464 79.448 84.424 61.392 62.354 62.311 80.264 81.213 59.157 67.093 86.017 77.952 55.888 0.000 0.000 0.000 0.000 0.000 0.000 0.000 0.000 0.000 0.000 0.000 0.000 8.341 65.345 60.351 60.361 60.372 59.380 58.385 63.386 64.383
104.372 104.372 99.372 102.372 103.372 103.371 103.371 103.371 103.371 99.370 74.370 91.370 0.000 0.000 71.368 95.368 103.367 104.367 103.367 108.367 11.367 0.000 0.000 0.000 0.000 0.000 0.000 0.000 0.000 0.000 0.000 62.459 1.483 1.502 64.516 62.516 62.526 62.538 62.548 62.547 79.534 84.509 61.475 62.435 62.390 63.343 84.293 78.239 85.174 75.067 56.009 0.000 0.000 0.000 0.000 0.000 0.000 0.000 0.000 0.000 0.000 0.000 0.000 0.000 63.354 60.359 60.370 60.387 60.411 59.427 61.437 65.444 66.446
102.372 103.372 103.372 103.372 103.372 103.372 103.371 103.371 103.371 104.370 99.370 106.369 30.369 9.368 59.368 78.367 101.367 103.367 104.367 92.367 6.367 0.000 0.000 0.000 0.000 0.000 0.000 0.000 0.000 0.000 0.000 56.473 61.488 61.506 60.528 62.561 62.585 62.610 62.635 62.643 79.632 84.604 61.566 62.521 62.473 62.424 67.377 90.333 70.297 0.000 0.000 0.000 0.000 0.000 0.000 0.000 0.000 0.000 0.000 0.000 0.000 0.000 0.000 0.000 16.361 67.368 63.381 64.408 62.456 58.479 65.493 66.505 64.515
99.372 104.372 103.372 103.372 103.372 103.372 103.371 103.371 103.371 103.370 104.370 97.369 81.369 72.368 66.368 93.367 103.367 103.367 108.367 11.366 0.000 0.000 0.000 0.000 0.000 0.000 0.000 0.000 0.000 0.000 0.000 0.000 0.000 0.000 0.000 62.616 62.641 62.684 62.738 62.758 78.745 85.711 62.663 62.609 62.555 62.505 62.458 68.417 21.384 0.000 0.000 0.000 0.000 0.000 0.000 0.000 0.000 0.000 0.000 0.000 0.000 0.000 0.000 0.000 0.000 4.372 2.376 0.000 8.528 67.538 65.552 66.569 63.589
99.373 104.373 103.373 103.372 103.372 103.372 103.372 103.371 103.371 103.370 104.370 89.369 68.369 67.368 76.368 100.367 103.367 103.366 109.366 14.366 5.366 0.000 0.000 0.000 0.000 0.000 0.000 0.000 0.000 0.000 0.000 0.000 0.000 0.000 0.000 58.647 62.678 59.746 62.877 62.904 81.882 85.831 62.765 62.697 62.634 62.581 62.535 59.493 9.439 0.000 0.000 0.000 0.000 0.000 0.000 0.000 0.000 0.000 0.000 0.000 0.000 59.671 0.000 0.000 0.000 0.000 0.000 1.614 63.591 64.593 66.607 66.631 63.663
102.373 103.373 103.373 103.373 103.372 103.372 103.372 103.371 103.371 103.370 103.370 100.369 77.369 78.368 95.367 102.367 103.366 103.366 110.366 27.366 0.000 0.000 0.000 0.000 0.000 0.000 0.000 0.000 0.000 0.000 0.000 0.000 0.000 0.000 0.000 0.000 58.678 0.000 62.118 63.099 91.047 77.966 62.870 62.779 62.705 75.648 65.607 60.583 0.000 0.000 0.000 0.000 0.000 0.000 0.000 0.000 0.000 0.000 0.000 0.000 11.671 70.671 55.671 0.000 0.000 0.000 1.649 64.637 67.630 66.635 63.653 59.684 59.731
103.373 103.373 103.373 103.373 103.373 103.373 103.372 103.372 103.371 103.371 103.370 103.369 105.369 105.368 104.367 103.367 103.366 105.365 94.365 37.365 0.000 0.000 0.000 0.000 0.000 0.000 0.000 0.000 0.000 0.000 0.000 0.000 0.000 0.000 0.000 0.000 0.000 0.000 62.379 63.329 97.240 66.116 62.969 62.846 74.759 83.700 62.663 62.647 61.663 0.000 0.000 0.000 0.000 0.000 0.000 0.000 0.000 0.000 0.000 0.000 0.000 66.671 67.671 54.671 1.669 60.666 62.660 66.655 65.656 63.666 62.687 58.722 66.779
102.374 101.374 103.374 103.374 103.373 103.373 103.373 103.372 103.372 103.371 103.370 103.369 103.369 103.368 103.367 103.366 104.365 87.365 15.364 6.364 64.363 78.363 24.363 0.000 0.000 5.363 0.000 0.000 0.000 0.000 0.000 0.000 0.000 0.000 0.000 4.384 4.353 1.201 58.690 69.596 92.470 63.288 60.044 62.875 62.785 62.730 62.697 62.681 62.679 59.679 0.000 0.000 0.000 0.000 0.000 0.000 0.000 0.000 0.000 0.000 0.672 61.672 57.672 63.671 58.670 66.669 66.668 65.668 61.673 64.685 59.705 58.739 58.795
92.374 92.374 101.374 103.374 103.374 103.374 103.373 103.373 103.372 103.371 103.370 104.370 105.369 103.368 103.367 103.366 103.365 25.364 9.364 64.363 74.363 84.363 83.363 76.363 68.363 9.363 0.000 0.000 0.000 0.000 0.000 0.000 0.000 0.000 4.435 63.415 66.367 66.251 63.028 61.894 70.757 58.523 0.000 58.826 62.776 62.739 62.713 62.699 61.694 0.000 0.000 0.000 0.000 0.000 0.000 0.000 63.673 74.673 0.000 0.000 62.673 60.672 60.672 57.672 65.672 66.673 66.674 63.677 66.684 66.695 64.711 59.732 48.753
74.375 79.375 98.375 104.375 103.374 103.374 103.374 103.373 103.372 103.372 105.371 91.370 87.369 102.367 107.366 104.365 99.364 81.363 84.363 90.362 84.363 85.363 64.363 57.363 3.363 0.363 0.000 0.000 0.000 0.000 0.000 0.405 1.405 0.000 54.455 60.474 63.448 63.380 63.277 63.197 65.140 0.000 0.000 0.000 57.756 62.735 62.719 62.708 62.703 0.703 0.000 0.000 0.000 0.000 0.000 23.673 80.673 62.673 60.673 60.673 60.673 60.673 58.673 63.673 66.674 66.675 62.678 66.683 66.690 65.700 59.711 60.724 50.733
58.375 73.375 92.375 105.375 106.375 106.375 104.374 103.374 104.373 103.372 104.371 42.370 13.369 61.367 79.366 100.364 107.363 105.362 105.361 91.361 14.362 0.000 0.000 0.000 0.000 0.000 0.000 0.000 0.000 9.405 11.405 1.405 1.405 1.405 0.000 59.579 63.572 61.544 62.504 64.475 65.467 0.000 0.000 0.000 0.000 55.727 62.719 62.712 59.708 0.000 0.000 0.000 0.000 0.000 0.000 0.000 22.673 76.673 59.673 59.673 60.673 59.673 59.673 65.674 66.675 64.677 52.680 5.686 70.695 64.703 64.711 64.718 50.723
22.375 44.376 77.376 83.376 77.376 79.376 96.375 104.374 100.374 93.373 92.372 27.371 0.000 0.000 0.000 37.363 72.362 98.360 105.359 2.360 0.000 0.000 0.000 0.000 0.000 0.000 0.000 0.000 0.000 51.405 72.405 17.405 2.405 1.405 0.000 59.693 65.715 64.720 73.719 74.733 64.787 9.943 0.000 0.000 0.000 0.000 59.717 60.714 0.000 0.000 0.000 0.000 0.000 0.000 0.000 0.000 0.000 81.673 84.673 64.673 58.673 56.673 66.673 66.674 61.674 0.000 0.000 0.000 11.700 69.706 66.711 66.715 56.718
0.000 0.000 58.378 67.378 19.377 5.377 68.376 97.375 88.374 84.373 98.372 65.371 25.370 0.000 0.000 0.000 0.000 43.357 74.354 0.000 0.000 0.000 0.000 0.000 0.000 0.000 0.000 0.000 0.000 0.000 56.405 74.405 5.405 0.000 0.000 50.783 64.874 62.904 92.921 85.949 64.004 66.099 12.202 0.000 0.000 0.000 54.717 0.000 0.000 0.000 0.000 0.000 0.000 0.000 0.000 0.000 0.000 0.000 69.673 86.673 71.673 65.673 66.673 61.673 0.000 0.000 0.000 0.000 0.000 61.709 66.711 66.714 61.716
0.000 0.000 54.380 99.379 56.379 5.378 57.377 89.376 91.375 102.374 104.372 107.371 113.369 52.367 21.365 0.000 0.000 0.000 14.346 9.341 0.328 2.317 0.000 0.000 0.000 0.000 0.000 0.000 0.000 0.000 57.405 72.405 2.405 9.405 13.405 0.000 58.095 66.099 96.111 78.137 66.183 65.246 70.306 0.000 0.000 0.000 0.000 0.000 0.000 0.000 0.000 0.000 0.000 0.000 0.000 0.000 0.000 0.000 0.000 7.673 74.673 64.673 62.673 0.000 0.000 0.000 0.000 0.710 60.710 59.710 61.711 55.712 0.000
27.384 42.384 76.382 94.381 102.380 71.379 84.378 107.377 104.376 103.374 103.373 103.371 103.369 109.366 112.363 68.358 27.353 9.348 72.343 86.336 79.326 81.316 37.306 13.296 10.289 0.000 0.000 0.000 0.000 0.000 36.405 58.405 64.405 64.405 67.405 26.405 59.313 88.286 90.287 67.306 65.344 65.397 68.469 13.585 8.636 0.000 0.000 0.000 0.000 0.000 0.000 0.000 0.000 0.000 0.000 0.000 0.000 0.000 0.000 0.000 0.673 0.673 8.673 0.000 0.000 0.000 0.000 62.710 57.710 55.710 0.000 0.000 0.000
100.385 103.385 103.384 101.383 99.382 100.381 102.380 102.378 103.377 104.375 104.373 103.371 96.369 100.366 103.362 107.358 111.354 112.348 104.342 100.335 97.326 92.316 94.305 87.293 43.282 21.270 0.000 0.000 0.000 0.000 0.000 0.000 0.000 0.000 0.000 83.498 72.465 101.446 92.444 79.458 66.488 65.531 65.587 69.650 65.687 0.000 0.000 0.000 0.000 0.000 0.000 0.000 0.000 0.000 0.000 0.000 0.000 0.000 0.000 0.000 0.000 0.000 0.000 0.000 0.000 0.000 0.000 0.000 0.000 0.000 0.000 0.000 0.000
103.386 98.386 96.385 95.384 89.383 86.382 87.381 87.380 93.378 98.376 98.374 91.372 75.369 90.366 103.363 103.359 103.354 103.349 103.343 103.336 104.327 104.317 107.304 108.290 108.276 108.259 47.239 0.000 0.000 0.000 0.000 0.000 0.000 0.000 0.000 55.622 81.604 86.588 70.584 87.595 75.618 65.653 65.696 68.742 11.776 0.000 1.049 1.057 0.000 0.000 0.000 0.000 0.000 0.000 0.000 0.000 0.000 0.000 0.000 0.000 0.000 0.000 0.000 0.000 0.000 0.000 0.000 0.000 0.000 0.000 0.000 0.000 0.000
73.388 46.387 68.387 82.386 80.385 60.384 45.383 41.381 61.380 78.378 77.376 70.373 65.370 75.367 96.364 104.360 103.356 103.351 103.345 103.338 103.330 107.319 82.304 70.288 69.271 73.250 76.220 15.170 4.120 0.760 0.592 0.000 0.000 0.000 0.000 53.765 89.740 72.718 64.711 74.718 85.737 69.766 65.803 65.846 71.898 15.990 10.041 2.065 1.080 7.080 5.080 0.000 0.000 0.000 0.000 0.000 0.000 0.000 0.000 0.000 0.000 0.000 0.000 0.000 0.000 0.000 0.000 0.000 0.000 0.000 0.000 0.000 0.000
63.390 34.389 56.389 71.388 67.387 44.386 30.385 34.383 54.381 68.379 66.377 66.375 67.372 65.369 84.365 101.362 103.357 103.353 103.348 103.342 102.335 65.327 0.000 0.000 0.000 0.000 0.000 0.000 0.000 60.224 80.205 32.176 18.148 14.112 61.050 77.934 94.874 71.833 65.824 63.830 80.847 82.872 68.903 65.939 65.982 69.031 78.066 16.085 11.095 0.000 20.080 0.000 0.000 0.000 0.000 0.000 0.000 0.000 0.000 0.000 0.000 0.000 0.000 0.000 0.000 0.000 0.000 0.000 0.000 0.000 0.000 0.000 0.000
76.392 72.391 67.391 66.390 67.389 69.388 70.387 73.385 72.383 68.381 67.379 67.376 67.374 66.370 73.367 95.363 104.360 103.356 105.351 77.347 43.341 0.000 0.000 0.000 0.000 0.000 0.000 0.000 0.000 25.210 47.197 50.176 54.154 68.140 65.103 86.045 82.991 56.915 63.920 65.931 67.948 80.971 72.997 68.027 66.058 65.087 82.106 73.113 67.113 0.000 0.000 0.000 0.000 0.000 0.000 0.000 0.000 0.000 0.000 0.000 0.000 0.000 0.000 0.000 0.000 0.000 0.000 0.000 0.000 0.000 0.000 0.000 0.000
66.394 67.394 67.393 67.393 67.392 67.390 67.389 67.387 67.386 67.383 67.381 67.378 67.376 67.372 65.369 86.366 103.362 105.359 101.355 27.353 0.000 0.000 0.000 0.000 0.000 0.000 0.000 0.000 0.000 0.000 0.000 0.000 0.000 52.189 69.178 95.152 69.129 0.000 52.013 67.026 65.044 69.066 70.089 79.113 68.136 66.153 65.159 61.147 2.130 0.000 0.000 0.000 0.000 0.000 0.000 0.000 0.000 0.000 0.000 0.000 0.000 0.000 0.000 0.000 0.000 0.000 0.000 0.000 0.000 0.000 0.000 0.000 25.691
67.397 67.396 67.396 67.395 67.394 67.393 67.392 66.390 66.388 67.386 67.383 67.381 67.378 67.375 66.371 74.368 89.364 100.361 88.359 14.357 0.000 0.000 0.000 0.000 0.000 0.000 0.000 0.000 0.000 0.000 0.000 0.000 0.000 29.251 78.266 103.256 13.245 0.000 50.092 68.115 66.138 65.159 73.180 84.201 72.219 66.231 70.228 3.188 0.000 0.000 0.000 0.000 0.000 0.000 0.000 0.000 0.000 0.000 0.000 0.000 0.000 0.000 0.000 0.000 0.000 0.000 0.000 0.000 0.000 0.000 0.000 0.000 82.770
67.400 67.399 67.399 67.398 67.397 67.396 67.394 71.393 72.391 68.388 67.386 67.383 67.380 67.377 67.374 66.370 69.367 78.363 78.361 19.359 0.000 0.000 0.000 0.000 0.000 0.000 21.036 0.000 0.000 0.000 0.000 0.000 0.000 1.397 82.380 97.362 20.350 0.000 34.148 65.204 66.232 66.253 65.272 70.291 72.309 68.325 70.335 0.000 0.000 0.000 0.000 0.000 0.000 0.000 0.000 0.000 0.000 0.000 0.000 0.000 0.000 0.000 0.000 0.000 0.000 0.000 0.000 0.000 0.000 0.000 0.000 66.993 75.902
67.403 67.402 67.402 67.401 67.400 67.399 66.397 78.396 83.394 70.391 67.389 67.386 67.383 67.379 67.376 67.372 67.369 66.365 69.362 50.360 0.000 0.000 0.000 0.000 0.000 63.036 84.036 46.033 37.025 36.014 0.000 0.000 0.000 63.560 105.499 79.460 79.444 6.463 0.000 51.322 68.334 66.348 66.364 64.382 80.401 84.424 78.452 1.543 0.000 0.000 0.000 0.000 0.000 0.000 0.000 0.000 0.000 0.000 0.000 0.000 0.000 0.000 0.000 0.000 0.000 0.000 0.000 0.000 0.000 0.000 41.156 92.084 78.010
67.406 67.406 67.405 67.405 67.403 67.402 66.401 79.399 85.397 69.394 67.392 67.389 67.386 67.382 67.378 67.375 67.370 67.366 67.362 73.358 44.354 0.000 0.000 0.000 3.037 26.037 41.037 63.039 71.028 75.003 48.955 24.891 59.803 97.678 95.598 75.536 57.501 15.482 0.000 51.427 68.433 67.442 70.455 65.470 74.490 97.516 94.554 39.620 3.677 19.704 0.000 0.000 0.000 0.000 0.000 0.000 0.000 45.206 75.206 79.206 0.000 0.000 88.206 149.206 0.000 0.000 0.000 0.000 0.000 0.000 78.228 134.177 117.116
64.410 65.409 66.409 66.408 67.407 67.406 65.404 80.402 83.400 66.398 67.395 67.392 67.389 67.385 67.381 67.377 67.372 67.367 67.362 67.356 73.349 53.340 4.333 0.000 0.000 0.000 0.000 39.059 70.044 66.016 68.972 72.914 84.840 101.753 85.677 53.585 3.543 0.000 0.000 50.526 67.528 70.533 83.542 69.555 79.573 80.597 99.630 103.671 86.708 36.731 0.000 0.000 0.000 0.000 0.000 0.000 0.000 0.000 36.206 64.206 78.206 110.206 148.206 71.206 0.000 0.000 0.000 0.000 0.000 64.441 74.351 75.282 78.217
85.414 80.413 75.413 73.412 69.411 65.410 65.408 80.406 83.404 65.402 67.399 67.396 67.392 67.388 67.384 67.380 66.375 65.369 66.363 66.356 66.347 72.337 49.326 26.311 1.296 0.000 0.000 38.094 76.074 70.043 65.003 77.952 100.890 94.819 62.770 0.000 0.000 0.000 0.000 48.625 66.620 71.620 78.625 73.635 78.650 77.670 90.696 84.725 77.754 50.780 5.812 0.000 0.000 0.000 0.000 0.000 0.000 0.000 0.000 32.206 110.206 113.206 116.206 1.206 11.206 0.206 0.000 7.606 41.606 69.531 138.453 102.390 134.277
105.418 104.417 100.417 95.416 91.415 86.414 81.412 77.410 72.408 66.406 67.403 67.400 67.396 67.392 66.388 68.383 74.378 79.371 78.365 76.357 70.347 65.336 69.322 75.305 39.281 20.247 24.205 58.149 81.113 72.081 68.045 91.002 102.949 58.861 3.816 0.000 0.000 11.801 18.781 52.727 65.707 70.701 86.703 76.710 69.722 62.738 68.758 86.780 83.802 89.824 8.844 0.000 0.000 0.000 0.000 0.000 0.000 0.000 0.000 0.000 0.000 0.000 0.000 0.000 8.206 0.000 0.000 0.000 76.681 67.621 77.554 100.451 76.627
