results1/res_4e8f-0152.wd
ncols         241
nrows         181
xllcorner     12693529.787448
yllcorner     3542525.717860
cellsize      155.156523
NODATA_value  -9999.000000
[rows 33 to 65 of 181, columns 146 to 218 of 241]
64.227 63.447 63.176 63.819 30.484 42.160 63.854 57.549 36.141 0.000 0.000 34.090 10.090 15.091 31.093 56.099 43.099 9.098 0.000 0.000 47.990 55.975 13.948 40.916 32.891 33.863 37.818 46.773 64.724 55.687 50.653 45.625 46.601 46.580 45.561 44.542 43.521 51.498 61.476 53.456 53.437 51.417 30.396 44.380 52.369 0.000 22.876 27.843 51.759 49.687 54.618 64.551 57.492 52.464 7.450 0.000 35.395 35.396 42.395 20.394 0.000 0.000 0.000 0.000 0.000 0.000 0.000 0.000 0.000 0.000 0.000 0.000 0.000
64.168 63.918 63.575 64.251 41.935 59.638 62.377 56.190 0.000 0.000 12.089 36.089 0.000 0.000 0.000 40.112 40.107 48.096 11.076 61.047 49.011 35.982 44.953 35.922 33.891 33.858 32.819 34.778 62.737 60.700 60.666 62.637 55.611 57.588 56.566 56.546 56.525 57.504 61.483 59.464 60.446 55.429 32.413 31.401 4.394 0.000 19.814 33.793 41.748 36.683 42.615 55.544 55.501 53.476 11.464 0.000 0.000 40.401 12.400 0.000 0.000 0.000 0.000 0.000 0.000 42.358 41.355 43.352 33.350 36.348 3.347 0.000 0.000
64.637 64.304 63.986 63.671 63.367 64.080 55.825 42.645 0.000 0.000 0.000 4.089 0.000 0.000 0.000 37.129 34.121 47.106 52.083 44.055 53.023 50.991 31.959 32.926 33.893 33.858 45.821 49.783 53.745 46.709 43.676 53.646 27.619 34.594 29.571 29.550 29.529 32.508 58.489 47.471 45.454 47.439 32.427 34.417 14.412 0.000 29.775 86.766 11.757 0.000 0.000 4.511 56.492 55.475 14.465 0.000 0.000 37.406 34.404 36.401 34.396 42.391 48.385 40.378 62.369 69.361 67.356 52.352 32.349 31.347 35.346 5.345 0.000
65.021 64.705 64.389 64.081 64.783 59.491 41.197 31.921 40.921 0.000 0.000 0.000 0.000 0.000 0.000 34.155 33.143 36.123 32.097 43.067 46.034 49.001 37.967 32.932 32.897 32.861 57.825 63.788 45.751 39.715 39.682 40.651 37.624 37.599 37.575 38.553 41.532 38.512 59.494 51.477 49.461 49.448 31.437 45.429 71.425 0.000 21.744 74.741 0.000 0.000 0.000 6.496 56.481 54.469 32.457 37.441 35.428 33.415 33.408 33.402 32.397 39.392 46.386 33.379 51.370 69.360 65.355 45.351 30.348 30.346 35.344 3.344 0.000
65.424 65.101 64.786 64.482 61.191 46.904 35.551 0.000 0.000 0.000 0.000 38.419 1.405 7.387 0.000 33.193 34.173 34.146 33.115 33.081 39.046 32.011 31.974 33.938 32.902 31.865 55.829 52.793 60.757 64.720 63.685 58.654 54.627 56.601 52.578 56.555 56.534 57.515 61.497 59.481 60.466 56.454 31.444 43.438 65.434 0.000 16.717 77.711 0.000 0.000 0.000 0.000 53.468 56.462 35.451 33.439 33.428 33.418 33.410 33.404 32.398 39.393 48.388 4.384 0.000 27.356 70.353 46.350 30.347 30.344 34.342 1.341 0.000
65.822 65.489 65.171 64.870 54.594 36.385 0.000 0.000 0.000 0.000 36.447 39.430 52.407 52.375 40.322 33.252 33.209 34.172 34.135 33.098 32.060 33.021 32.983 32.944 31.906 40.869 59.833 38.798 52.763 29.722 62.684 52.655 51.628 51.603 48.579 53.556 54.535 54.516 61.498 59.483 56.469 56.458 31.449 45.443 64.440 0.000 2.697 70.676 0.000 0.000 0.000 0.000 57.462 56.458 32.448 34.436 33.427 34.419 34.411 34.405 35.399 43.394 23.390 0.000 0.000 28.354 70.351 51.348 38.344 32.341 35.339 2.337 0.000
66.216 65.863 66.537 59.234 46.930 36.658 0.000 0.000 0.000 0.000 33.464 50.446 44.419 33.384 35.338 35.286 33.240 32.197 34.156 33.115 34.074 34.032 33.991 32.950 32.910 52.872 52.835 52.802 52.776 0.000 34.673 32.652 33.627 33.602 34.578 38.556 41.535 39.516 59.498 53.483 47.470 49.459 32.450 44.445 63.442 0.000 0.000 43.620 34.597 0.000 0.000 0.000 51.461 34.459 0.000 29.430 35.425 39.418 46.412 46.405 46.399 48.393 20.389 0.000 12.358 76.354 69.350 71.346 59.342 34.338 35.335 3.333 0.000
66.596 66.211 65.881 51.599 3.295 0.000 0.000 0.000 0.000 11.527 49.498 44.471 34.440 35.403 35.360 35.313 35.267 33.222 32.177 32.133 34.088 33.043 32.998 31.955 33.913 48.873 39.835 48.799 49.764 8.723 8.684 48.654 47.627 47.601 47.577 49.554 49.533 50.514 62.496 58.481 53.468 55.457 31.449 40.445 68.442 0.000 0.000 102.586 71.575 38.558 25.549 0.000 0.000 0.000 0.000 0.000 32.423 41.419 45.412 44.406 47.398 49.391 35.384 40.373 56.362 71.356 69.350 69.344 57.339 34.335 34.331 10.328 0.000
66.947 67.505 59.176 41.986 0.000 0.000 0.000 0.000 0.000 56.556 50.532 34.501 35.467 35.428 35.385 35.340 35.293 35.246 32.199 33.151 33.102 33.053 34.005 32.958 32.914 35.872 40.833 52.795 39.758 51.721 56.685 49.654 58.625 48.599 49.574 52.551 51.529 50.510 60.492 56.477 44.464 43.453 32.446 39.441 68.441 0.000 0.000 93.565 83.558 60.549 29.541 0.000 0.000 5.477 0.470 0.000 3.426 52.421 44.414 38.406 35.398 50.390 37.382 39.372 47.363 68.355 70.349 68.342 54.336 34.331 31.325 35.319 29.311
75.219 72.685 45.332 35.184 0.000 0.000 1.712 34.695 48.662 49.609 43.571 38.535 35.498 35.457 35.414 35.368 34.320 37.271 42.221 38.169 33.116 34.062 33.010 32.960 32.913 32.869 39.828 40.790 38.753 45.717 44.682 39.651 51.622 31.595 39.569 46.546 45.524 39.504 58.486 51.470 31.457 30.446 33.439 35.435 39.438 0.000 0.000 71.550 51.545 88.537 74.526 10.508 11.492 62.478 36.465 34.450 34.435 36.425 47.416 41.407 9.398 62.389 50.381 46.372 44.363 55.355 71.347 63.340 46.333 35.327 31.320 38.312 62.303
0.000 0.000 24.283 42.233 0.000 0.000 36.728 46.712 60.684 44.646 43.609 43.571 36.531 35.489 35.444 35.397 42.349 50.298 51.245 43.189 38.130 33.070 32.013 32.958 36.908 33.864 32.822 31.783 37.746 38.711 37.677 38.646 40.616 33.589 39.563 44.539 46.517 42.496 58.478 52.462 34.448 33.436 33.428 29.423 0.000 0.000 0.000 27.539 46.535 46.529 80.519 95.505 88.492 56.478 42.465 43.451 43.438 46.427 68.417 86.408 95.398 94.389 96.380 95.371 89.362 83.353 75.345 58.338 41.330 32.323 33.315 46.308 65.299
18.026 0.000 0.000 0.000 0.000 7.782 39.760 59.740 51.715 54.682 51.647 41.609 34.568 35.524 35.478 46.429 51.379 47.327 42.273 39.213 42.144 37.077 37.012 32.951 37.900 31.855 32.814 33.775 32.738 32.703 32.670 32.638 31.609 32.581 32.555 36.530 42.508 41.487 59.468 53.451 32.436 33.424 33.414 32.405 7.395 0.000 0.000 31.532 57.529 46.523 48.514 63.503 74.491 84.478 86.465 92.452 95.440 95.429 94.418 90.408 81.398 79.389 81.379 84.370 86.360 87.352 85.343 89.335 81.327 48.319 35.312 54.304 71.296
57.342 15.861 0.000 0.000 4.807 40.803 56.792 49.775 41.752 49.722 53.688 54.650 44.607 33.562 43.513 52.462 42.411 34.358 34.305 36.246 4.157 5.081 4.009 29.934 33.884 35.842 35.803 32.765 32.729 33.694 32.661 32.630 32.600 33.572 32.545 32.520 32.497 35.475 52.456 51.438 33.422 33.408 33.398 34.390 35.385 0.000 0.000 30.528 48.526 49.521 61.513 48.502 28.490 32.478 68.465 92.453 76.441 71.430 74.419 67.409 53.398 42.388 33.378 31.368 32.359 42.350 40.341 35.332 74.324 89.316 67.308 65.300 69.292
0.000 31.379 9.624 3.750 39.812 49.830 56.829 40.817 43.795 41.767 39.733 47.694 52.650 47.602 51.551 40.497 34.443 35.391 35.344 43.310 0.000 0.000 0.000 26.890 35.863 46.827 47.790 42.753 38.718 40.683 36.650 35.619 33.589 32.561 32.534 33.509 32.485 32.462 35.442 44.423 32.406 32.391 33.379 32.370 1.365 0.000 0.000 11.527 9.526 63.521 47.513 32.503 46.490 48.477 94.465 75.454 58.442 40.431 31.420 32.409 33.398 34.388 34.377 34.367 33.357 31.348 30.338 31.329 39.321 76.312 84.304 69.296 68.288
0.000 18.654 41.742 43.815 42.859 57.878 42.878 36.867 38.846 37.818 34.784 33.743 48.698 55.647 58.591 46.532 36.473 33.418 41.369 7.339 0.000 0.000 0.000 29.875 39.848 46.814 47.777 47.741 49.705 57.671 55.638 51.607 49.577 45.549 39.522 34.496 32.471 33.448 32.426 37.405 30.387 31.371 32.357 34.346 55.338 0.000 0.000 0.000 25.529 67.524 27.517 36.506 27.491 66.476 84.465 44.454 32.443 34.432 34.420 34.409 34.398 34.387 31.376 31.365 30.355 31.345 31.336 31.326 47.318 62.309 35.300 95.291 67.284
0.000 18.841 41.874 34.909 53.933 53.942 48.939 39.926 33.904 34.875 35.840 46.798 49.750 41.696 44.634 53.568 54.500 44.439 1.379 0.000 3.053 2.006 34.942 40.885 44.843 43.803 44.764 44.727 42.691 49.657 50.625 50.594 51.564 48.536 47.508 48.482 39.456 34.432 35.409 32.387 33.366 32.348 31.332 33.320 48.312 0.000 0.000 0.000 25.538 69.531 31.523 7.515 0.000 12.471 51.465 33.455 34.444 32.432 32.421 32.410 31.398 30.386 31.375 31.364 30.353 31.342 30.332 29.323 32.314 28.306 24.297 88.285 97.276
0.000 15.995 36.004 46.015 56.022 47.020 47.011 48.993 46.969 37.939 43.903 52.860 41.810 34.751 33.683 39.604 49.519 56.431 20.336 12.221 38.100 38.015 32.943 41.883 46.834 47.791 43.751 43.712 35.676 32.642 32.610 32.580 31.550 29.521 36.494 50.467 49.440 48.415 43.390 34.366 32.344 33.323 32.304 32.289 33.279 0.000 0.000 0.000 40.553 7.538 11.531 0.000 0.000 0.000 30.471 10.457 13.444 30.433 29.422 29.410 30.398 32.386 32.373 32.362 31.350 31.339 29.329 29.319 30.310 18.304 0.000 8.276 91.266
0.000 15.140 39.132 58.126 49.118 46.106 46.089 47.068 46.041 48.009 52.972 41.929 35.878 35.816 35.742 34.649 35.539 41.431 58.331 56.226 35.113 34.011 32.931 33.869 45.819 43.776 54.736 42.695 35.658 33.625 34.594 33.564 38.535 46.507 42.479 36.451 42.424 52.397 49.371 48.345 39.320 32.295 32.272 33.252 31.236 0.000 0.000 40.591 28.583 0.000 0.000 42.513 37.511 36.503 28.490 0.000 0.000 35.434 32.424 32.411 32.398 32.385 32.372 32.359 32.347 32.336 32.325 31.314 32.304 34.295 24.285 0.000 33.255
3.366 28.293 53.260 49.237 38.218 43.197 48.174 43.147 49.118 55.085 47.048 35.005 33.956 35.896 35.818 39.711 40.558 34.424 45.331 41.240 38.113 34.986 31.903 38.843 42.796 44.758 35.722 62.672 50.638 40.607 32.577 38.548 57.519 67.491 60.463 37.435 39.407 42.379 46.351 51.323 49.295 45.267 34.239 31.210 38.178 44.134 0.000 15.598 36.606 0.000 0.000 12.515 32.517 32.509 32.497 37.483 36.465 32.444 31.428 32.413 32.398 32.384 32.370 32.356 32.344 32.332 32.320 32.309 31.298 31.287 32.275 35.261 31.251
15.439 49.407 55.375 40.346 35.319 37.291 39.261 50.230 54.198 65.165 64.128 57.089 46.044 34.992 37.925 4.818 0.000 33.376 39.328 36.290 0.000 32.918 36.850 53.803 52.766 55.739 0.000 27.635 67.613 61.587 47.559 53.531 71.504 71.476 69.448 38.419 44.390 44.361 46.331 34.301 43.270 49.238 48.206 47.171 60.133 69.090 2.044 0.000 26.637 51.667 0.000 0.000 55.532 36.520 36.504 36.487 36.469 37.450 31.432 30.416 34.399 31.382 31.367 31.353 31.340 32.327 31.315 30.303 30.292 30.280 30.268 30.256 29.245
14.545 60.521 46.488 35.454 35.421 35.386 48.350 46.313 63.280 78.247 75.213 72.177 67.140 58.104 49.073 0.000 0.000 0.000 27.314 38.304 0.000 0.000 29.777 47.754 46.725 61.693 33.646 34.619 67.594 72.568 68.542 67.515 70.488 70.461 71.432 50.404 42.374 44.344 44.312 34.280 43.246 37.211 56.174 27.136 66.094 88.048 58.999 28.946 0.000 29.698 0.000 31.589 91.559 44.535 46.514 46.493 42.473 43.453 35.435 30.418 12.398 31.378 31.363 34.349 37.336 47.323 37.310 32.297 33.285 33.273 33.261 33.250 33.239
46.675 50.642 44.603 42.563 37.523 49.483 43.440 56.393 34.361 4.331 55.300 74.267 73.236 74.209 57.191 0.000 0.000 0.000 21.310 44.307 0.000 0.000 26.726 41.711 36.688 63.660 74.628 74.601 70.575 70.550 70.525 71.499 70.473 70.446 70.418 64.389 39.359 41.328 39.294 34.260 45.223 46.185 49.145 6.103 51.059 87.010 56.957 74.893 35.807 21.729 33.676 89.619 77.579 49.548 43.522 45.498 39.476 33.456 31.438 29.424 0.000 37.370 45.359 53.345 60.331 69.318 58.304 38.291 32.279 33.267 33.255 33.243 33.232
57.837 46.771 46.718 42.670 49.626 46.583 49.534 73.456 60.442 43.417 64.387 73.356 72.327 71.304 51.291 0.000 0.000 0.000 0.000 0.000 0.000 0.000 32.691 41.677 52.656 68.631 70.605 70.580 70.556 70.533 70.509 70.484 70.459 70.432 70.405 70.376 56.346 46.313 39.278 32.241 36.202 36.161 41.118 60.074 46.027 80.977 66.924 73.864 80.798 66.735 71.681 80.632 56.591 57.557 43.528 42.502 34.478 31.456 32.436 34.416 48.393 54.373 72.357 71.341 70.327 69.312 69.299 59.285 37.272 32.260 33.248 33.236 33.225
48.959 36.887 38.827 50.775 47.729 47.689 17.658 0.000 52.534 78.507 73.475 72.443 74.413 56.390 42.378 26.397 0.000 0.000 0.000 0.000 0.000 0.000 38.670 55.649 67.627 70.604 70.582 70.559 70.537 70.515 70.493 70.470 70.445 70.420 70.393 70.365 71.334 65.301 57.264 49.225 47.183 50.139 41.093 58.046 36.998 78.949 11.897 32.843 67.786 39.731 30.681 86.636 50.596 54.561 52.531 33.503 31.478 32.455 32.433 40.412 61.391 72.371 69.354 69.337 69.322 66.307 65.292 63.279 62.265 36.253 32.240 32.228 32.217
39.062 35.991 48.929 48.874 43.826 63.784 17.751 26.731 66.652 73.603 72.563 72.527 72.494 48.463 48.436 59.416 0.000 0.000 0.000 0.000 0.000 0.000 0.000 5.623 64.598 76.577 71.558 70.538 70.518 70.498 70.478 70.456 70.434 70.409 70.384 70.356 70.325 71.291 72.254 69.212 69.167 72.119 52.070 58.020 31.972 72.923 8.873 10.823 63.772 33.723 43.677 77.635 58.596 50.562 54.531 31.502 32.476 31.452 33.430 43.408 64.387 65.368 70.349 69.332 64.316 61.301 65.286 70.272 69.258 58.245 39.232 38.220 37.209
35.155 49.085 50.023 37.967 48.917 69.871 62.831 68.792 74.738 72.691 72.648 72.609 69.571 53.533 3.484 0.000 0.000 0.000 0.000 0.000 0.000 0.000 0.000 0.000 9.564 21.550 62.534 71.517 70.500 70.482 70.464 70.444 70.423 70.401 70.376 72.349 71.319 71.286 70.247 72.203 71.154 71.100 61.046 58.994 35.945 47.897 77.850 56.803 64.757 33.712 61.669 55.629 58.593 46.559 40.528 32.499 32.473 32.448 40.425 45.403 46.382 51.363 59.344 57.327 58.310 69.294 69.279 69.264 69.250 70.237 64.224 60.212 58.200
50.241 50.173 39.111 35.054 50.002 68.954 74.910 73.866 72.819 72.774 72.731 73.688 64.648 57.616 0.000 0.000 0.000 0.000 0.000 0.000 0.000 0.000 0.000 0.000 18.544 38.524 65.510 71.497 70.482 70.467 70.451 70.433 70.414 70.394 72.371 72.346 72.318 64.285 69.246 72.200 75.144 73.083 67.019 62.965 50.917 34.871 82.827 65.783 67.741 32.699 78.659 42.621 23.586 40.553 31.523 32.494 31.468 40.443 46.420 45.398 45.377 44.357 37.338 33.320 63.303 69.287 69.271 69.256 69.242 69.229 70.216 70.203 70.191
47.321 38.255 36.193 34.136 51.083 71.034 72.988 72.943 72.898 72.855 72.812 74.767 53.716 51.666 0.000 0.000 0.000 0.000 0.000 0.000 0.000 0.000 0.000 0.000 0.000 52.493 71.486 70.477 70.466 70.453 70.439 70.424 72.407 71.389 71.369 71.347 65.321 43.290 59.251 69.206 20.139 11.068 44.983 51.930 60.886 47.844 68.803 86.763 71.723 38.684 80.646 4.611 16.577 29.545 32.515 32.487 34.461 44.436 42.413 43.391 45.370 48.350 42.331 43.313 59.295 69.279 69.263 69.248 69.234 69.220 69.207 69.194 69.182
38.396 36.332 41.271 46.214 61.161 73.111 73.064 73.020 72.977 72.936 72.895 73.851 60.783 0.000 0.000 0.000 0.000 0.000 0.413 37.413 0.000 16.415 0.000 0.000 0.000 27.468 62.465 69.459 70.451 70.441 70.429 70.416 72.402 70.386 70.369 70.350 54.329 50.303 12.263 14.235 0.000 0.000 29.913 36.887 58.853 44.816 49.779 92.742 75.705 54.668 64.632 14.598 59.566 36.535 32.506 32.479 34.453 43.429 54.405 54.383 56.362 62.342 57.323 68.305 69.287 69.270 69.254 69.239 69.224 69.210 69.197 69.184 69.172
39.468 36.405 43.345 62.289 73.236 73.186 73.139 73.095 73.053 73.016 72.983 78.959 0.000 0.000 0.000 0.000 0.000 0.000 37.413 49.414 36.414 51.415 47.416 0.000 17.437 49.446 56.447 67.444 70.438 70.430 70.420 71.409 70.397 70.385 70.371 66.357 55.343 60.331 0.000 0.000 0.000 13.865 46.871 38.852 56.821 32.789 34.755 82.721 81.686 73.651 59.617 59.584 48.553 43.523 32.496 32.469 32.444 42.420 64.397 71.375 70.354 70.333 62.314 69.296 69.278 69.261 69.245 69.230 69.215 69.201 69.187 69.174 69.162
37.536 35.474 50.415 70.360 74.307 73.258 73.211 73.167 73.127 73.091 73.061 80.042 0.000 0.000 0.000 0.000 0.000 0.000 26.413 46.414 46.414 45.415 48.417 32.421 40.428 48.433 48.434 65.432 71.427 70.421 70.413 70.404 70.394 70.384 71.373 63.363 59.354 53.348 0.000 0.000 0.000 6.859 10.853 38.829 57.792 34.763 30.733 69.701 86.667 83.633 64.600 43.568 42.539 43.510 34.484 31.458 32.433 35.410 46.387 66.365 69.344 69.324 61.305 69.286 69.268 69.251 69.235 69.219 69.204 69.190 69.177 69.163 69.151
36.602 38.541 58.483 74.428 73.376 73.326 73.280 73.236 73.196 73.160 75.130 73.107 0.000 0.000 0.000 0.000 0.000 0.000 12.413 51.413 57.414 62.414 53.415 52.418 46.421 42.423 53.424 67.422 70.418 70.413 73.407 71.400 70.392 70.384 70.375 65.368 57.362 52.359 27.362 0.000 0.000 0.000 0.000 0.795 49.756 35.737 31.712 64.682 95.649 76.614 55.581 46.551 48.523 46.496 41.470 30.446 32.422 31.399 35.377 54.355 69.334 69.314 61.295 69.276 69.258 69.241 69.224 69.209 69.194 69.179 69.166 69.152 69.140
36.665 46.604 66.547 74.493 73.442 73.393 73.346 73.302 73.260 74.223 72.191 60.149 44.148 0.000 0.000 0.000 0.000 0.000 14.413 52.413 61.413 61.413 65.413 67.414 50.415 49.416 64.416 70.414 70.411 70.407 71.402 70.396 70.390 70.383 70.377 68.371 56.367 57.364 51.364 0.000 0.000 0.000 0.000 0.000 35.729 35.717 29.697 74.667 62.632 68.593 38.561 58.532 52.506 45.481 45.457 36.433 31.410 32.387 31.365 43.344 66.323 68.303 62.284 69.265 70.247 69.230 69.213 69.197 69.182 69.168 69.154 69.141 69.128
