results1/res_4e8f-0159.wd
ncols         241
nrows         181
xllcorner     12693529.787448
yllcorner     3542525.717860
cellsize      155.156523
NODATA_value  -9999.000000
[rows 0 to 32 of 181, columns 146 to 218 of 241]
0.000 0.000 0.000 0.000 0.000 0.000 0.000 0.000 0.000 0.000 0.000 0.000 0.000 0.000 5.524 16.382 17.152 16.868 16.555 16.230 15.910 15.611 15.344 15.116 14.931 14.787 14.680 14.606 14.559 14.533 14.521 19.517 0.000 0.000 0.000 0.000 0.000 0.000 0.000 0.000 0.000 0.000 0.000 0.000 0.000 0.000 0.000 0.000 0.000 18.063 25.063 0.000 0.000 43.952 48.952 0.000 0.000 0.000 0.000 0.000 0.000 0.000 0.000 0.000 0.000 0.000 0.000 0.000 0.000 0.000 0.000 0.000 0.000
0.000 0.000 0.000 0.000 0.000 0.000 0.000 0.000 0.000 0.000 0.000 0.000 0.000 1.078 16.665 17.470 17.205 16.898 16.566 16.224 15.890 15.579 17.305 16.074 14.890 14.749 14.647 14.579 14.538 14.518 14.514 19.513 0.000 0.000 0.000 0.000 0.000 0.000 0.000 0.000 0.000 0.000 0.000 0.000 0.000 0.000 0.000 0.000 15.063 37.063 13.063 0.000 22.952 55.952 49.952 0.000 0.000 0.000 0.000 0.000 0.000 0.000 0.000 0.000 0.000 0.000 0.000 0.000 34.935 0.000 0.000 0.000 0.000
0.000 0.000 0.000 0.000 0.000 0.000 0.000 0.000 0.000 0.000 0.000 0.000 0.000 20.300 18.952 17.629 17.300 16.954 16.588 16.212 15.845 17.510 17.221 14.987 14.805 14.672 14.581 14.524 14.495 14.488 16.504 10.508 0.000 0.000 0.000 0.000 0.000 0.000 0.000 0.000 0.000 0.000 0.000 0.000 0.000 0.000 0.000 0.000 27.063 0.000 0.000 17.952 48.952 10.952 0.000 0.000 0.000 0.000 0.000 0.000 0.000 0.000 0.000 0.000 3.940 0.000 0.000 0.000 37.935 9.935 0.000 0.000 0.000
0.000 0.000 0.000 0.000 0.000 0.000 0.000 0.000 0.000 0.000 0.000 0.000 2.926 19.697 18.215 17.793 17.411 17.029 16.619 16.189 16.769 16.394 15.085 14.846 14.672 14.554 14.480 14.442 14.430 20.436 0.000 0.000 0.000 0.000 0.000 0.000 0.000 0.000 0.000 0.000 0.000 0.000 0.000 12.064 0.000 0.000 0.000 11.064 71.064 1.064 0.000 23.953 50.953 0.000 0.000 0.000 0.000 0.000 0.000 0.000 0.000 0.000 9.940 15.940 34.940 0.000 0.000 27.936 36.936 37.935 9.935 0.000 0.000
0.000 0.000 0.000 0.000 0.000 0.000 0.000 0.000 0.000 0.000 0.000 8.128 1.321 2.846 18.416 17.918 17.522 17.133 16.672 16.157 16.649 16.213 14.877 14.639 14.483 14.391 14.345 14.333 15.346 16.391 0.000 0.000 0.000 0.000 0.000 0.000 0.000 0.000 0.000 0.000 0.000 0.000 13.064 36.064 31.065 0.000 0.000 27.064 55.064 0.000 0.000 0.000 50.954 5.954 0.000 0.000 0.000 0.000 0.000 0.000 0.000 0.000 49.940 53.940 55.940 0.000 0.000 40.936 35.936 35.936 45.935 0.000 0.000
0.000 0.000 0.000 0.000 0.000 0.000 0.000 0.000 0.000 0.000 10.830 3.442 1.820 1.261 1.359 15.941 17.626 17.307 16.779 18.117 17.456 14.932 14.573 14.351 14.231 14.180 14.176 14.199 20.230 0.000 0.000 0.000 0.000 0.000 0.000 0.000 0.000 0.000 0.000 0.000 0.000 0.000 0.000 16.065 37.065 29.065 27.065 9.065 40.065 13.065 0.000 0.000 35.954 48.954 39.955 37.955 46.955 0.000 0.000 0.000 0.000 0.000 49.941 51.941 56.940 35.939 24.938 41.937 44.936 0.000 0.000 0.000 9.923
0.000 0.000 0.000 0.000 0.000 0.000 0.000 0.000 0.000 0.000 7.218 3.932 3.571 3.080 0.415 0.603 10.732 18.693 18.020 18.075 15.126 14.485 14.130 13.963 13.909 13.924 13.980 14.058 9.144 0.000 0.000 0.000 0.000 0.000 33.077 66.077 0.069 0.000 6.077 47.077 0.000 0.000 0.000 13.065 37.065 50.065 85.065 47.065 48.065 19.065 0.000 0.000 32.955 51.955 36.955 32.955 49.955 0.000 0.000 0.000 0.000 0.000 36.942 42.941 38.940 38.939 42.938 45.937 53.936 0.000 0.000 0.000 32.923
0.000 0.000 0.000 0.000 0.000 0.000 0.000 0.000 0.000 30.431 30.892 7.481 3.101 3.347 3.010 0.770 0.357 5.712 18.533 16.036 14.489 13.754 13.498 13.461 13.518 13.626 14.762 11.910 0.000 0.000 0.000 0.000 0.000 0.000 8.077 54.077 61.077 43.077 35.077 7.077 0.000 0.000 0.000 0.000 0.000 11.066 78.066 57.066 4.066 0.000 0.000 0.000 0.000 44.956 59.956 57.955 59.955 51.954 43.952 46.951 45.949 54.947 58.944 55.942 56.941 56.939 51.938 46.936 43.936 0.000 0.000 0.000 0.000
0.000 0.000 0.000 0.000 0.000 0.000 0.000 0.000 24.515 41.970 43.437 32.959 9.557 1.980 3.011 0.810 2.705 7.865 6.363 16.049 13.040 12.544 12.648 12.863 13.078 14.300 14.531 0.000 0.000 0.000 0.000 0.000 0.000 0.000 0.000 6.077 52.078 62.078 67.078 6.077 0.000 0.000 0.000 0.000 0.000 7.067 50.066 42.066 47.066 14.066 0.000 0.000 28.958 56.957 41.957 35.956 42.955 54.954 42.953 41.951 50.949 59.947 46.945 42.943 45.941 51.939 57.938 59.936 57.934 43.931 34.929 17.927 26.925
0.000 0.000 0.000 0.000 0.000 0.000 0.000 20.617 30.060 45.497 42.928 43.360 35.793 12.233 1.138 4.668 14.183 6.398 2.201 2.982 6.079 10.734 11.685 12.267 12.630 17.965 0.000 0.000 0.000 0.000 0.000 0.000 6.080 4.080 0.000 0.000 19.078 65.078 18.078 0.000 0.000 0.000 0.000 0.000 0.000 46.068 56.067 32.067 48.066 68.066 8.066 0.000 34.959 58.958 37.958 31.957 34.956 47.955 36.953 36.952 38.950 40.948 37.946 38.944 32.942 36.940 42.938 43.936 41.934 50.931 52.929 55.927 63.925
0.000 0.000 0.000 0.000 0.000 0.000 25.719 24.173 47.612 44.029 43.417 42.761 43.021 38.082 20.583 12.306 7.973 0.000 0.034 4.316 2.161 3.288 11.092 11.892 17.209 0.000 0.000 0.000 0.000 0.000 0.000 1.080 43.080 2.080 0.000 0.000 26.079 66.078 5.078 0.000 0.000 0.000 0.000 0.000 41.071 85.070 18.068 21.067 43.066 70.066 10.066 0.000 31.960 56.960 36.959 29.958 32.957 34.956 30.955 29.953 36.951 52.949 35.947 31.944 45.942 41.940 38.938 45.936 45.933 48.931 57.929 61.927 48.925
0.000 0.000 0.000 0.000 0.000 29.745 18.265 46.745 45.187 44.590 43.950 43.247 42.448 42.489 39.297 25.003 4.326 0.268 0.049 46.072 4.468 0.069 0.089 14.000 10.104 0.000 0.000 0.000 0.000 0.000 0.000 1.080 39.080 34.080 43.080 55.080 59.079 49.079 0.000 0.000 4.077 40.076 55.076 60.075 84.073 40.072 0.000 0.000 45.066 33.066 0.000 0.000 34.962 61.961 48.961 32.960 80.959 108.957 57.956 33.954 49.952 96.950 48.948 25.945 90.943 63.940 38.938 45.936 47.933 37.931 46.928 59.926 42.924
0.000 0.000 0.000 0.000 0.000 19.226 40.851 47.355 45.799 45.196 44.544 43.830 43.033 42.130 42.122 41.040 30.228 4.870 50.679 47.744 0.313 0.130 0.046 0.050 0.000 0.000 0.000 0.000 0.000 0.000 4.079 38.080 34.080 39.080 53.080 63.080 47.080 34.080 0.000 0.000 2.077 49.077 48.076 44.075 83.074 43.073 0.000 0.000 24.066 16.066 0.000 27.965 55.964 57.963 51.963 39.962 38.961 71.959 112.958 50.956 43.953 100.951 51.949 25.946 97.944 67.941 30.938 32.936 38.933 29.931 43.928 42.926 30.923
0.000 0.000 0.000 0.000 23.722 34.080 49.559 47.026 46.458 45.852 45.200 44.495 43.724 42.891 41.937 41.202 40.064 52.418 52.089 0.904 0.433 9.544 0.000 0.000 0.000 0.000 0.000 0.000 0.000 54.079 57.079 39.080 38.080 53.081 63.081 49.081 32.081 34.080 34.080 32.080 30.079 42.078 45.077 55.076 95.075 29.074 0.000 0.000 61.066 11.066 0.000 24.966 54.966 54.965 41.965 33.964 29.963 39.961 36.960 76.958 107.955 124.953 105.950 94.947 120.944 114.942 105.939 51.936 31.933 48.931 43.928 32.925 27.923
0.000 0.000 0.000 24.891 34.364 51.814 48.277 47.730 47.157 46.552 45.910 45.222 44.497 43.662 43.121 40.761 52.451 52.448 36.640 18.960 6.126 0.000 0.000 0.000 0.000 0.000 0.000 0.000 40.078 7.078 0.000 18.080 56.081 60.081 52.082 37.082 3.083 0.000 1.080 36.080 32.080 42.079 41.077 64.076 61.076 0.000 0.000 3.067 64.066 10.066 0.000 22.968 52.968 64.967 43.967 49.966 72.965 49.964 31.962 55.960 78.957 112.954 78.951 58.948 106.945 96.942 71.939 40.936 26.933 97.931 65.928 37.925 27.922
0.000 0.000 0.000 30.418 50.030 49.534 49.007 48.459 47.889 47.291 47.661 47.008 45.255 44.837 42.269 52.505 52.458 40.204 41.828 39.461 23.428 4.426 0.000 0.000 0.000 0.000 0.000 42.077 11.077 0.000 0.000 0.000 24.081 56.081 34.082 32.084 38.085 1.087 0.000 37.082 35.081 41.080 42.078 64.077 60.076 0.000 0.000 24.067 71.067 7.066 0.000 24.970 55.970 58.970 39.970 39.970 85.969 120.967 69.965 37.962 53.960 100.956 60.953 27.950 93.946 80.943 38.940 30.937 23.933 104.930 68.928 40.925 41.922
0.000 0.000 31.006 48.333 51.804 50.286 49.756 49.212 48.648 49.059 47.457 46.763 46.430 43.865 52.918 52.644 41.694 42.543 41.552 31.914 12.668 0.000 0.000 0.000 0.000 0.000 0.000 38.077 12.077 0.000 0.000 0.000 0.000 0.000 0.000 37.086 34.088 33.089 35.088 37.085 33.083 41.081 43.079 55.077 51.075 13.072 32.069 65.068 16.067 0.000 0.000 24.971 51.972 57.973 43.973 28.973 30.972 55.971 42.968 24.966 42.962 97.959 53.955 19.951 90.947 75.944 33.940 29.937 25.934 103.930 68.927 40.924 31.921
0.000 30.262 43.679 53.103 51.569 51.047 50.522 49.984 50.428 49.864 48.212 47.930 45.371 53.834 53.324 43.340 44.345 42.229 29.432 0.000 0.000 0.000 0.000 0.000 0.000 0.000 0.000 0.000 12.077 0.000 0.000 0.000 0.000 0.000 0.000 0.000 41.092 51.091 62.090 50.087 39.084 43.082 40.080 45.078 38.075 57.071 75.069 63.067 9.066 0.000 0.000 23.973 49.974 54.976 60.977 58.978 46.977 36.975 49.973 81.969 100.965 121.961 101.957 84.952 118.948 111.944 93.941 53.937 26.934 101.930 73.927 45.924 32.921
27.320 38.846 53.345 52.831 52.321 51.813 51.299 51.771 51.239 49.621 49.378 46.835 55.039 54.414 44.894 46.051 46.998 25.246 0.000 0.000 0.000 0.000 0.000 0.000 0.000 0.000 0.000 0.000 0.000 0.000 0.000 0.000 0.000 0.000 0.000 0.000 39.096 43.095 61.093 20.090 0.085 50.084 41.082 44.079 40.075 28.071 47.068 62.066 49.065 8.064 0.000 0.000 14.976 57.978 59.983 52.984 40.983 49.981 100.977 91.973 72.969 73.964 74.959 74.954 74.949 75.945 77.941 48.937 28.934 100.930 76.927 39.924 33.921
30.793 54.457 54.023 53.554 53.073 52.585 52.086 51.586 51.001 50.792 48.268 56.358 55.690 46.345 47.573 46.574 42.077 1.558 0.000 0.000 0.000 0.000 0.000 0.000 0.000 0.000 0.000 0.000 0.000 0.000 0.000 0.000 0.000 0.000 0.000 0.000 40.101 51.100 35.098 0.000 4.091 47.087 44.084 11.081 1.075 32.068 46.066 61.064 58.063 27.063 0.000 0.000 0.000 0.000 26.993 41.992 25.990 86.987 87.983 36.978 42.973 84.967 55.960 27.955 73.950 63.945 43.941 41.937 32.934 100.930 71.927 28.923 29.920
48.602 56.168 54.735 54.289 53.832 54.364 52.897 52.349 52.178 49.680 57.716 57.033 46.704 48.965 47.969 48.358 17.709 0.000 0.000 0.000 0.000 0.000 0.000 0.000 0.000 0.000 0.000 0.000 0.000 0.000 0.000 0.000 0.000 0.000 0.000 7.111 60.107 58.105 62.102 59.099 55.095 55.091 49.087 8.084 1.075 32.066 45.063 63.061 70.061 33.062 0.000 0.000 0.000 0.000 21.003 34.001 53.998 100.994 63.990 23.984 91.978 92.970 41.962 28.955 49.950 105.945 64.941 32.938 32.934 95.930 113.927 100.922 105.918
58.289 55.876 55.461 55.036 54.599 56.165 53.654 53.529 51.069 59.090 58.400 41.996 46.214 50.282 46.759 24.049 0.000 0.000 0.000 0.000 0.000 0.000 0.000 0.000 0.000 0.000 0.000 0.000 0.000 0.000 0.000 0.000 0.000 0.000 0.000 59.115 58.113 59.109 61.106 60.102 58.098 59.094 52.090 7.087 0.000 33.063 45.059 68.056 41.059 0.000 0.000 0.000 0.000 19.023 49.016 28.012 93.007 87.002 30.997 86.991 99.984 48.972 36.963 39.954 34.949 65.944 104.941 61.938 24.934 95.931 98.927 72.921 14.915
48.960 55.588 56.197 55.791 55.386 54.905 54.824 52.402 60.427 59.782 25.215 30.403 33.298 51.974 35.603 0.000 0.000 0.000 0.000 0.000 0.000 0.000 0.000 48.671 37.671 0.000 0.000 0.000 0.000 0.000 0.000 0.000 0.000 0.000 0.000 36.122 30.119 33.114 37.109 32.105 31.100 30.096 32.092 36.087 30.080 23.065 38.053 17.046 0.000 0.000 0.000 0.000 0.000 21.030 44.026 35.022 36.017 36.011 28.005 49.000 49.996 0.000 0.000 10.950 40.947 33.943 55.940 48.938 30.935 63.932 11.929 0.000 9.911
27.668 43.318 55.945 58.568 56.109 56.058 53.643 61.537 61.024 34.338 0.000 43.733 0.000 55.587 24.096 0.000 0.000 0.000 0.000 0.000 0.000 0.000 0.000 55.672 49.671 0.000 0.000 0.000 0.000 0.000 0.000 0.000 0.000 22.169 0.000 37.132 33.127 33.120 33.113 33.108 33.103 33.098 33.094 35.090 13.087 0.000 8.041 39.029 9.018 0.000 0.000 0.000 22.047 53.041 41.037 40.033 32.027 33.020 33.013 31.007 45.003 5.004 0.000 0.000 11.944 36.942 31.940 44.938 43.937 0.000 0.000 0.000 9.908
19.423 27.070 49.715 54.293 57.254 54.797 62.303 61.961 41.212 17.019 0.000 60.378 58.281 44.701 0.000 0.000 0.000 0.000 0.000 0.000 0.000 0.000 58.679 64.673 35.670 0.000 0.000 0.000 0.000 0.000 0.000 0.000 0.000 39.169 37.162 34.148 33.137 30.124 34.116 34.110 34.105 34.101 34.097 37.093 10.091 0.000 0.000 37.012 37.007 7.002 0.000 0.000 7.052 40.051 33.049 32.045 31.038 31.029 31.020 31.011 32.007 41.006 0.000 0.000 0.000 4.940 37.939 40.938 38.937 0.000 0.000 0.000 33.906
23.198 33.833 38.460 36.362 47.921 62.699 62.549 46.187 24.952 18.456 0.000 40.095 52.766 26.233 0.000 0.000 0.000 0.000 46.725 52.721 44.714 42.699 51.684 44.674 34.664 0.000 0.000 0.000 0.000 0.000 0.000 0.000 0.000 37.177 34.170 33.159 7.148 0.000 39.116 33.112 33.107 33.102 33.098 34.095 8.093 0.000 0.000 37.998 36.998 7.997 0.000 0.000 37.058 33.063 33.063 33.060 32.052 32.036 36.028 0.000 3.006 6.006 0.000 0.000 0.000 0.000 37.937 32.937 32.937 33.936 0.000 5.905 35.906
34.934 48.576 24.296 23.171 62.759 62.758 49.172 35.901 32.239 37.081 0.000 7.143 42.455 0.000 0.000 0.000 0.000 42.733 46.729 48.725 46.722 0.000 0.000 0.000 46.650 30.636 0.000 0.000 0.000 0.000 0.000 0.000 5.202 47.191 44.181 19.172 0.000 0.000 52.121 38.116 34.109 33.103 37.098 14.096 0.000 12.976 50.978 31.986 35.989 7.990 0.000 0.000 0.000 38.081 33.080 37.078 4.076 0.000 0.000 0.000 0.000 0.000 0.000 0.000 0.000 0.000 37.937 32.937 32.936 37.936 0.000 0.000 9.905
55.635 44.222 24.288 19.790 62.718 24.205 29.933 32.164 35.842 54.429 63.885 51.880 0.000 0.000 0.000 0.000 40.740 34.736 40.733 55.729 54.727 0.000 0.000 0.000 0.000 47.621 0.000 0.000 0.000 33.257 0.000 0.000 49.213 48.204 54.192 47.176 12.161 66.146 63.131 61.120 59.111 51.102 32.095 19.096 0.000 26.974 79.974 33.977 34.981 8.986 0.000 0.000 0.000 43.100 29.099 34.098 5.096 0.000 0.000 0.000 0.000 0.000 0.000 0.000 0.000 33.936 35.936 37.936 31.936 36.936 0.000 0.000 6.905
64.216 51.315 33.618 62.294 20.220 22.010 21.181 20.824 30.393 57.931 53.344 24.612 0.000 0.000 39.751 5.749 47.744 39.740 50.736 45.731 24.729 0.000 0.000 0.000 0.000 51.607 27.603 0.000 0.000 29.258 37.258 41.250 43.233 45.220 35.206 32.181 40.161 40.147 60.135 43.124 37.113 35.098 15.086 0.000 2.981 21.971 89.966 45.969 11.972 0.000 0.000 0.000 1.120 56.120 29.119 36.117 8.115 0.000 0.000 0.000 0.000 0.000 0.000 0.000 12.936 35.936 50.936 48.936 41.936 0.936 0.000 0.000 7.904
62.267 60.511 61.846 39.143 27.050 23.195 22.834 21.412 28.001 43.553 38.948 0.000 0.000 0.000 42.753 63.751 58.748 59.744 41.740 0.000 0.000 0.000 0.000 0.000 42.593 33.597 25.598 0.000 0.000 0.000 41.266 45.259 45.248 45.238 29.230 0.000 36.153 37.146 61.139 47.130 41.117 27.093 34.064 49.027 68.991 57.964 81.949 46.962 10.967 0.000 0.000 0.000 0.000 54.142 30.138 31.135 36.133 0.000 0.000 0.000 0.000 0.000 0.000 0.000 0.000 5.936 54.936 51.936 4.936 0.000 0.000 0.000 3.904
60.342 61.782 60.993 60.009 42.157 21.808 22.395 23.012 21.644 24.331 0.000 0.000 0.000 0.000 58.756 48.755 46.753 42.749 0.000 0.000 0.000 0.000 0.000 43.589 34.590 30.591 13.594 0.000 0.000 0.000 41.280 49.273 58.263 57.253 59.247 47.248 0.000 5.145 64.145 48.138 22.132 0.000 37.050 47.026 73.991 35.945 19.905 0.000 0.000 0.000 0.000 0.000 7.181 45.167 32.158 33.152 36.150 9.154 0.000 0.000 0.000 0.000 0.000 0.000 0.000 0.000 11.936 12.936 0.000 0.000 0.000 0.000 4.904
61.785 60.765 62.880 63.046 46.720 23.322 25.953 25.593 23.232 23.796 0.000 38.765 0.000 4.763 52.761 52.761 59.760 0.000 0.000 17.665 5.665 0.000 0.000 38.588 32.585 26.582 0.000 0.000 0.000 0.000 39.302 40.291 42.278 41.266 39.256 31.250 0.000 0.000 66.156 52.148 37.140 0.113 36.059 47.038 71.000 26.922 22.820 5.749 0.000 0.000 0.000 0.000 7.195 52.186 31.176 33.166 33.160 34.159 38.160 10.160 0.000 0.000 0.000 0.000 0.000 0.000 0.000 0.000 0.000 0.000 0.000 0.000 0.000
61.469 63.671 62.864 63.566 37.188 27.837 47.497 41.176 22.895 0.632 0.000 35.765 50.765 55.765 41.765 62.766 54.766 0.000 0.000 31.665 62.666 14.661 0.000 39.590 33.581 30.571 0.000 0.000 47.395 43.371 39.334 41.311 46.292 46.275 44.260 55.246 47.225 7.202 66.175 58.158 58.141 50.120 31.089 49.068 57.051 0.000 25.704 8.679 0.000 0.000 0.000 0.000 17.219 56.207 28.193 30.175 31.165 32.162 37.161 9.161 0.000 0.000 0.000 0.000 0.000 0.000 0.000 0.000 0.000 0.000 0.000 0.000 0.000
