results1/res_4e8f-0232.wd
ncols         241
nrows         181
xllcorner     12693529.787448
yllcorner     3542525.717860
cellsize      155.156523
NODATA_value  -9999.000000
[rows 99 to 131 of 181, columns 0 to 72 of 241]
0.000 0.000 0.000 0.000 0.000 61.367 101.367 103.367 94.367 89.367 0.000 0.000 0.000 0.000 0.000 3.364 2.364 69.364 66.364 0.000 0.000 2.364 5.364 64.364 63.364 4.364 0.000 0.000 0.000 11.368 0.000 0.000 0.000 0.000 17.226 63.222 59.212 58.194 59.171 60.144 73.115 62.084 66.049 58.011 59.970 57.925 58.878 63.828 64.775 62.720 66.664 59.607 59.549 61.490 64.426 78.357 79.298 64.250 50.207 0.000 0.000 0.000 0.000 0.000 28.267 83.261 80.251 67.233 42.209 37.185 81.161 58.138 60.115
0.000 0.000 0.000 0.000 0.000 62.367 102.367 102.367 0.000 0.000 0.000 0.000 0.000 0.000 0.000 2.364 14.364 80.364 69.364 7.364 4.364 4.364 67.364 66.364 70.364 1.364 0.000 0.000 0.000 69.368 61.368 0.000 0.000 0.311 76.269 86.263 72.253 65.239 59.220 61.198 80.172 65.142 71.108 71.071 62.029 76.985 68.937 69.886 59.832 67.777 67.719 65.661 59.603 60.545 64.481 61.388 23.324 13.287 0.000 0.000 0.000 0.000 0.000 31.284 68.278 80.273 87.265 77.253 53.237 54.220 68.202 59.183 60.163
7.368 0.368 0.000 0.000 0.000 49.367 98.367 107.367 17.367 0.000 0.000 0.000 0.000 0.000 0.000 1.364 3.364 87.364 68.364 69.364 71.364 68.364 65.364 66.364 64.364 2.364 0.000 0.000 0.000 62.368 62.368 63.366 62.358 62.342 61.316 71.307 80.299 27.289 91.274 81.255 86.232 71.204 16.171 87.134 85.093 84.048 87.999 76.947 59.892 62.834 67.775 67.715 64.658 60.606 49.566 0.000 0.000 0.000 0.000 0.000 0.000 0.000 0.000 41.290 68.290 68.288 79.283 78.276 61.267 61.256 60.243 60.229 60.213
75.368 78.368 10.368 0.000 0.000 59.367 98.367 103.367 113.367 18.367 0.000 0.000 0.000 0.000 9.364 9.364 7.364 24.364 72.364 69.364 87.364 101.364 76.364 61.364 0.364 0.000 0.000 0.000 0.000 0.000 61.371 62.373 62.365 62.355 62.347 61.349 61.348 60.343 61.333 66.317 78.296 72.270 15.238 87.201 88.160 66.114 73.065 90.011 83.954 70.893 60.831 66.768 67.705 70.655 55.610 0.000 0.000 0.000 0.000 0.000 0.000 0.000 0.000 3.296 19.303 65.304 62.304 62.302 60.299 60.294 60.286 60.277 60.264
89.368 72.368 72.368 74.368 76.368 95.368 103.367 103.367 103.367 105.367 79.366 18.366 1.365 67.365 74.364 75.364 37.364 32.364 95.364 103.364 98.364 94.364 77.364 1.364 0.000 0.000 0.000 0.000 0.000 0.000 0.000 62.389 61.373 60.366 61.369 62.393 62.401 62.401 62.396 63.385 82.367 77.342 60.310 62.273 73.231 84.185 61.135 73.079 74.019 66.953 86.888 69.820 61.741 2.698 0.000 0.000 0.000 0.000 0.000 0.000 0.000 0.000 0.000 0.000 11.321 65.323 60.326 60.329 60.332 60.334 60.332 58.327 56.319
104.369 94.368 75.368 79.368 97.368 103.368 103.368 103.367 103.367 98.367 70.366 76.366 4.365 58.365 93.364 101.364 101.364 85.364 100.364 107.364 17.364 0.000 0.000 0.000 0.000 0.000 0.000 0.000 0.000 0.000 0.000 62.422 0.000 0.000 0.000 63.455 62.461 62.466 62.466 63.460 79.444 84.420 61.388 62.350 62.307 80.260 81.209 59.153 67.089 86.013 77.947 55.884 0.000 0.000 0.000 0.000 0.000 0.000 0.000 0.000 0.000 0.000 0.000 0.000 8.337 65.340 60.347 60.357 60.368 59.376 58.381 63.382 64.378
104.369 104.369 99.369 102.368 103.368 103.368 103.368 103.367 103.367 99.367 74.366 91.366 0.000 0.000 71.364 95.364 103.364 104.364 103.364 108.364 11.364 0.000 0.000 0.000 0.000 0.000 0.000 0.000 0.000 0.000 0.000 62.455 1.479 1.498 64.512 62.512 62.522 62.534 62.544 62.543 79.530 84.505 61.471 62.431 62.386 63.339 84.289 78.235 85.170 75.063 56.005 0.000 0.000 0.000 0.000 0.000 0.000 0.000 0.000 0.000 0.000 0.000 0.000 0.000 63.350 60.355 60.365 60.383 60.406 59.422 61.433 65.440 66.442
102.369 103.369 103.369 103.369 103.368 103.368 103.368 103.367 103.367 104.367 99.366 106.366 30.365 9.365 59.364 78.364 101.364 103.364 104.363 92.363 6.363 0.000 0.000 0.000 0.000 0.000 0.000 0.000 0.000 0.000 0.000 56.469 61.484 61.502 60.524 62.557 62.580 62.606 62.631 62.639 79.628 84.600 61.562 62.516 62.468 62.420 67.373 90.329 70.293 0.000 0.000 0.000 0.000 0.000 0.000 0.000 0.000 0.000 0.000 0.000 0.000 0.000 0.000 0.000 16.357 67.364 63.376 64.404 62.452 58.474 65.489 66.501 64.511
99.369 104.369 103.369 103.369 103.369 103.368 103.368 103.368 103.367 103.367 104.366 97.366 81.365 72.365 66.364 93.364 103.364 103.363 108.363 11.363 0.000 0.000 0.000 0.000 0.000 0.000 0.000 0.000 0.000 0.000 0.000 0.000 0.000 0.000 0.000 62.612 62.637 62.680 62.734 62.753 78.741 85.707 62.658 62.605 62.551 62.500 62.454 68.413 21.380 0.000 0.000 0.000 0.000 0.000 0.000 0.000 0.000 0.000 0.000 0.000 0.000 0.000 0.000 0.000 0.000 4.368 2.372 0.000 8.524 67.534 65.548 66.565 63.585
99.369 104.369 103.369 103.369 103.369 103.368 103.368 103.368 103.367 103.367 104.366 89.366 68.365 67.365 76.364 100.364 103.363 103.363 109.363 14.363 5.363 0.000 0.000 0.000 0.000 0.000 0.000 0.000 0.000 0.000 0.000 0.000 0.000 0.000 0.000 58.643 62.674 59.742 62.873 62.900 81.878 85.827 62.761 62.693 62.630 62.576 62.531 59.489 9.435 0.000 0.000 0.000 0.000 0.000 0.000 0.000 0.000 0.000 0.000 0.000 0.000 59.667 0.000 0.000 0.000 0.000 0.000 1.610 63.586 64.589 66.603 66.627 63.659
102.370 103.370 103.369 103.369 103.369 103.369 103.368 103.368 103.368 103.367 103.366 100.366 77.365 78.365 95.364 102.363 103.363 103.363 110.362 27.362 0.000 0.000 0.000 0.000 0.000 0.000 0.000 0.000 0.000 0.000 0.000 0.000 0.000 0.000 0.000 0.000 58.674 0.000 62.114 63.095 91.043 77.962 62.866 62.775 62.701 75.644 65.603 60.579 0.000 0.000 0.000 0.000 0.000 0.000 0.000 0.000 0.000 0.000 0.000 0.000 11.667 70.667 55.667 0.000 0.000 0.000 1.644 64.633 67.626 66.631 63.649 59.680 59.727
103.370 103.370 103.370 103.370 103.369 103.369 103.369 103.368 103.368 103.367 103.367 103.366 105.365 105.364 104.364 103.363 103.363 105.362 94.362 37.361 0.000 0.000 0.000 0.000 0.000 0.000 0.000 0.000 0.000 0.000 0.000 0.000 0.000 0.000 0.000 0.000 0.000 0.000 62.375 63.325 97.236 66.112 62.965 62.841 74.755 83.696 62.659 62.643 61.659 0.000 0.000 0.000 0.000 0.000 0.000 0.000 0.000 0.000 0.000 0.000 0.000 66.667 67.667 54.666 1.665 60.662 62.656 66.651 65.652 63.662 62.682 58.718 66.775
102.370 101.370 103.370 103.370 103.370 103.370 103.369 103.369 103.368 103.367 103.367 103.366 103.365 103.364 103.364 103.363 104.362 87.361 15.361 6.361 64.360 78.360 24.360 0.000 0.000 5.360 0.000 0.000 0.000 0.000 0.000 0.000 0.000 0.000 0.000 4.380 4.350 1.197 58.686 69.592 92.466 63.284 60.040 62.871 62.781 62.726 62.693 62.676 62.675 59.675 0.000 0.000 0.000 0.000 0.000 0.000 0.000 0.000 0.000 0.000 0.668 61.668 57.667 63.667 58.666 66.665 66.664 65.664 61.669 64.681 59.701 58.734 58.791
92.371 92.371 101.371 103.371 103.370 103.370 103.370 103.369 103.368 103.368 103.367 104.366 105.365 103.364 103.363 103.362 103.361 25.361 9.360 64.360 74.360 84.360 83.360 76.360 68.360 9.360 0.000 0.000 0.000 0.000 0.000 0.000 0.000 0.000 4.431 63.411 66.363 66.247 63.024 61.890 70.753 58.518 0.000 58.822 62.772 62.735 62.709 62.695 61.690 0.000 0.000 0.000 0.000 0.000 0.000 0.000 63.669 74.669 0.000 0.000 62.668 60.668 60.668 57.668 65.668 66.669 66.670 63.673 66.680 66.691 64.706 59.727 48.749
74.371 79.371 98.371 104.371 103.371 103.371 103.370 103.370 103.369 103.368 105.367 91.366 87.365 102.364 107.363 104.362 99.361 81.360 84.359 90.359 84.359 85.359 64.360 57.360 3.360 0.360 0.000 0.000 0.000 0.000 0.000 0.401 1.401 0.000 54.451 60.470 63.444 63.376 63.273 63.193 65.136 0.000 0.000 0.000 57.752 62.731 62.715 62.704 62.699 0.699 0.000 0.000 0.000 0.000 0.000 23.669 80.669 62.669 60.669 60.669 60.669 60.669 58.669 63.669 66.670 66.671 62.674 66.679 66.686 65.696 59.707 60.719 50.729
58.372 73.372 92.372 105.372 106.372 106.371 104.371 103.370 104.369 103.369 104.368 42.367 13.365 61.364 79.363 100.361 107.360 105.358 105.358 91.358 14.359 0.000 0.000 0.000 0.000 0.000 0.000 0.000 0.000 9.401 11.401 1.401 1.401 1.401 0.000 59.576 63.568 61.540 62.500 64.471 65.464 0.000 0.000 0.000 0.000 55.723 62.714 62.708 59.704 0.000 0.000 0.000 0.000 0.000 0.000 0.000 22.669 76.669 59.669 59.669 60.669 59.669 59.669 65.669 66.670 64.673 52.676 5.682 70.691 64.699 64.706 64.714 50.719
22.372 44.372 77.373 83.373 77.373 79.372 96.372 104.371 100.370 93.369 92.368 27.367 0.000 0.000 0.000 37.360 72.359 98.356 105.355 2.357 0.000 0.000 0.000 0.000 0.000 0.000 0.000 0.000 0.000 51.401 72.401 17.401 2.401 1.401 0.000 59.689 65.711 64.717 73.715 74.729 64.783 9.939 0.000 0.000 0.000 0.000 59.712 60.710 0.000 0.000 0.000 0.000 0.000 0.000 0.000 0.000 0.000 81.669 84.669 64.669 58.669 56.669 66.669 66.669 61.670 0.000 0.000 0.000 11.696 69.701 66.706 66.711 56.714
0.000 0.000 58.375 67.374 19.374 5.373 68.373 97.372 88.371 84.370 98.369 65.367 25.367 0.000 0.000 0.000 0.000 43.353 74.350 0.000 0.000 0.000 0.000 0.000 0.000 0.000 0.000 0.000 0.000 0.000 56.401 74.401 5.401 0.000 0.000 50.780 64.870 62.900 92.917 85.945 64.000 66.095 12.198 0.000 0.000 0.000 54.712 0.000 0.000 0.000 0.000 0.000 0.000 0.000 0.000 0.000 0.000 0.000 69.669 86.669 71.669 65.669 66.669 61.669 0.000 0.000 0.000 0.000 0.000 61.705 66.707 66.709 61.712
0.000 0.000 54.376 99.376 56.375 5.375 57.374 89.373 91.372 102.370 104.369 107.367 113.366 52.363 21.361 0.000 0.000 0.000 14.343 9.337 0.325 2.314 0.000 0.000 0.000 0.000 0.000 0.000 0.000 0.000 57.401 72.401 2.401 9.401 13.401 0.000 58.092 66.095 96.107 78.133 66.179 65.242 70.302 0.000 0.000 0.000 0.000 0.000 0.000 0.000 0.000 0.000 0.000 0.000 0.000 0.000 0.000 0.000 0.000 7.669 74.669 64.669 62.669 0.000 0.000 0.000 0.000 0.706 60.706 59.706 61.707 55.708 0.000
27.381 42.380 76.379 94.378 102.377 71.376 84.375 107.374 104.372 103.371 103.369 103.367 103.365 109.363 112.359 68.355 27.350 9.345 72.340 86.333 79.323 81.313 37.302 13.293 10.286 0.000 0.000 0.000 0.000 0.000 36.401 58.401 64.401 64.401 67.401 26.401 59.309 88.282 90.283 67.303 65.340 65.394 68.465 13.581 8.632 0.000 0.000 0.000 0.000 0.000 0.000 0.000 0.000 0.000 0.000 0.000 0.000 0.000 0.000 0.000 0.669 0.669 8.669 0.000 0.000 0.000 0.000 62.706 57.706 55.706 0.000 0.000 0.000
100.382 103.381 103.380 101.379 99.378 100.377 102.376 102.375 103.374 104.372 104.370 103.368 96.365 100.363 103.359 107.355 111.350 112.345 104.339 100.332 97.323 92.313 94.301 87.290 43.279 21.267 0.000 0.000 0.000 0.000 0.000 0.000 0.000 0.000 0.000 83.494 72.461 101.442 92.440 79.454 66.484 65.527 65.583 69.646 65.684 0.000 0.000 0.000 0.000 0.000 0.000 0.000 0.000 0.000 0.000 0.000 0.000 0.000 0.000 0.000 0.000 0.000 0.000 0.000 0.000 0.000 0.000 0.000 0.000 0.000 0.000 0.000 0.000
103.383 98.382 96.382 95.381 89.380 86.379 87.378 87.376 93.375 98.373 98.371 91.369 75.366 90.363 103.360 103.355 103.351 103.346 103.340 103.333 104.324 104.313 107.301 108.287 108.273 108.256 47.236 0.000 0.000 0.000 0.000 0.000 0.000 0.000 0.000 55.618 81.600 86.584 70.581 87.591 75.614 65.649 65.692 68.738 11.772 0.000 1.045 1.053 0.000 0.000 0.000 0.000 0.000 0.000 0.000 0.000 0.000 0.000 0.000 0.000 0.000 0.000 0.000 0.000 0.000 0.000 0.000 0.000 0.000 0.000 0.000 0.000 0.000
73.384 46.384 68.383 82.383 80.382 60.381 45.379 41.378 61.376 78.374 77.372 70.370 65.367 75.364 96.361 104.357 103.352 103.347 103.342 103.335 103.327 107.316 82.301 70.285 69.268 73.247 76.217 15.167 4.117 0.758 0.590 0.000 0.000 0.000 0.000 53.761 89.737 72.714 64.707 74.714 85.733 69.762 65.799 65.842 71.895 15.986 10.038 2.061 1.076 7.076 5.076 0.000 0.000 0.000 0.000 0.000 0.000 0.000 0.000 0.000 0.000 0.000 0.000 0.000 0.000 0.000 0.000 0.000 0.000 0.000 0.000 0.000 0.000
63.386 34.386 56.385 71.385 67.384 44.383 30.381 34.380 54.378 68.376 66.374 66.371 67.368 65.365 84.362 101.358 103.354 103.349 103.344 103.339 102.332 65.324 0.000 0.000 0.000 0.000 0.000 0.000 0.000 60.219 80.200 32.172 18.143 14.108 61.046 77.930 94.870 71.829 65.820 63.826 80.843 82.868 68.899 65.935 65.978 69.027 78.062 16.081 11.091 0.000 20.076 0.000 0.000 0.000 0.000 0.000 0.000 0.000 0.000 0.000 0.000 0.000 0.000 0.000 0.000 0.000 0.000 0.000 0.000 0.000 0.000 0.000 0.000
76.388 72.388 67.388 66.387 67.386 69.385 70.383 73.382 72.380 68.378 67.376 67.373 67.370 66.367 73.364 95.360 104.356 103.352 105.348 77.343 43.338 0.000 0.000 0.000 0.000 0.000 0.000 0.000 0.000 25.206 47.193 50.172 54.150 68.136 65.099 86.041 82.987 56.911 63.917 65.927 67.944 80.967 72.994 68.023 66.054 65.083 82.102 73.109 67.109 0.000 0.000 0.000 0.000 0.000 0.000 0.000 0.000 0.000 0.000 0.000 0.000 0.000 0.000 0.000 0.000 0.000 0.000 0.000 0.000 0.000 0.000 0.000 0.000
66.391 67.390 67.390 67.389 67.388 67.387 67.386 67.384 67.382 67.380 67.378 67.375 67.372 67.369 65.366 86.362 103.359 105.355 101.352 27.350 0.000 0.000 0.000 0.000 0.000 0.000 0.000 0.000 0.000 0.000 0.000 0.000 0.000 52.185 69.174 95.148 69.125 0.000 52.009 67.022 65.041 69.062 70.085 79.109 68.132 66.149 65.155 61.143 2.126 0.000 0.000 0.000 0.000 0.000 0.000 0.000 0.000 0.000 0.000 0.000 0.000 0.000 0.000 0.000 0.000 0.000 0.000 0.000 0.000 0.000 0.000 0.000 25.687
67.393 67.393 67.393 67.392 67.391 67.390 67.388 66.386 66.385 67.382 67.380 67.377 67.374 67.371 66.368 74.364 89.361 100.358 88.355 14.353 0.000 0.000 0.000 0.000 0.000 0.000 0.000 0.000 0.000 0.000 0.000 0.000 0.000 29.247 78.262 103.252 13.241 0.000 50.088 68.111 66.134 65.155 73.177 84.197 72.216 66.228 70.224 3.184 0.000 0.000 0.000 0.000 0.000 0.000 0.000 0.000 0.000 0.000 0.000 0.000 0.000 0.000 0.000 0.000 0.000 0.000 0.000 0.000 0.000 0.000 0.000 0.000 82.767
67.396 67.396 67.395 67.395 67.394 67.392 67.391 71.389 72.387 68.385 67.382 67.380 67.377 67.374 67.370 66.367 69.363 78.360 78.357 19.356 0.000 0.000 0.000 0.000 0.000 0.000 21.032 0.000 0.000 0.000 0.000 0.000 0.000 1.394 82.376 97.358 20.346 0.000 34.144 65.200 66.228 66.249 65.268 70.287 72.305 68.321 70.331 0.000 0.000 0.000 0.000 0.000 0.000 0.000 0.000 0.000 0.000 0.000 0.000 0.000 0.000 0.000 0.000 0.000 0.000 0.000 0.000 0.000 0.000 0.000 0.000 66.989 75.898
67.399 67.399 67.398 67.398 67.397 67.395 66.394 78.392 83.390 70.388 67.385 67.382 67.379 67.376 67.373 67.369 67.365 66.362 69.358 50.356 0.000 0.000 0.000 0.000 0.000 63.033 84.032 46.030 37.022 36.011 0.000 0.000 0.000 63.556 105.496 79.456 79.440 6.459 0.000 51.318 68.330 66.344 66.360 64.378 80.397 84.420 78.448 1.539 0.000 0.000 0.000 0.000 0.000 0.000 0.000 0.000 0.000 0.000 0.000 0.000 0.000 0.000 0.000 0.000 0.000 0.000 0.000 0.000 0.000 0.000 41.153 92.081 78.007
67.403 67.402 67.402 67.401 67.400 67.399 66.397 79.395 85.393 69.391 67.388 67.385 67.382 67.379 67.375 67.371 67.367 67.363 67.359 73.354 44.350 0.000 0.000 0.000 3.033 26.033 41.034 63.036 71.024 75.000 48.952 24.887 59.799 97.675 95.594 75.532 57.497 15.478 0.000 51.423 68.429 67.438 70.451 65.467 74.487 97.513 94.551 39.616 3.674 19.701 0.000 0.000 0.000 0.000 0.000 0.000 0.000 45.203 75.203 79.203 0.000 0.000 88.203 149.203 0.000 0.000 0.000 0.000 0.000 0.000 78.225 134.174 117.112
64.406 65.406 66.405 66.405 67.404 67.402 65.401 80.399 83.397 66.394 67.392 67.389 67.385 67.382 67.378 67.374 67.369 67.364 67.359 67.353 73.346 53.336 4.329 0.000 0.000 0.000 0.000 39.056 70.041 66.012 68.968 72.910 84.836 101.750 85.673 53.582 3.540 0.000 0.000 50.523 67.524 70.529 83.538 69.552 79.570 80.594 99.626 103.667 86.705 36.727 0.000 0.000 0.000 0.000 0.000 0.000 0.000 0.000 36.203 64.203 78.203 110.203 148.203 71.203 0.000 0.000 0.000 0.000 0.000 64.437 74.348 75.278 78.214
85.410 80.410 75.409 73.409 69.407 65.406 65.405 80.403 83.401 65.398 67.395 67.392 67.389 67.385 67.381 67.376 66.371 65.366 66.359 66.352 66.344 72.334 49.322 26.307 1.292 0.000 0.000 38.090 76.070 70.040 64.999 77.949 100.886 94.815 62.767 0.000 0.000 0.000 0.000 48.621 66.616 71.616 78.621 73.631 78.647 77.667 90.692 84.721 77.750 50.777 5.808 0.000 0.000 0.000 0.000 0.000 0.000 0.000 0.000 32.203 110.203 113.203 116.203 1.203 11.203 0.203 0.000 7.602 41.602 69.527 138.449 102.386 134.274
105.414 104.414 100.413 95.413 91.412 86.410 81.409 77.407 72.405 66.402 67.399 67.396 67.393 67.389 66.384 68.379 74.374 79.368 78.361 76.353 70.344 65.332 69.319 75.301 39.277 20.243 24.202 58.145 81.110 72.077 68.041 90.999 102.945 58.857 3.812 0.000 0.000 11.797 18.777 52.724 65.704 70.697 86.699 76.707 69.719 62.734 68.754 86.776 83.799 89.821 8.840 0.000 0.000 0.000 0.000 0.000 0.000 0.000 0.000 0.000 0.000 0.000 0.000 0.000 8.203 0.000 0.000 0.000 76.678 67.617 77.551 100.447 76.623
