results1/res_4e8f-0234.wd
ncols         241
nrows         181
xllcorner     12693529.787448
yllcorner     3542525.717860
cellsize      155.156523
NODATA_value  -9999.000000
[rows 99 to 131 of 181, columns 73 to 145 of 241]
60.095 60.071 60.046 59.019 58.992 63.963 66.934 63.907 59.886 59.877 53.878 9.884 0.000 0.000 0.000 0.000 0.000 15.061 73.027 97.982 95.974 95.130 101.797 101.726 94.823 95.518 95.363 95.252 96.145 96.044 94.952 98.874 57.820 0.000 0.000 0.000 0.000 0.000 0.000 35.364 61.288 73.185 41.056 22.852 52.757 55.671 53.574 57.452 54.272 52.025 21.720 46.482 50.355 65.269 71.206 74.160 72.126 67.102 60.087 55.079 50.077 28.075 0.000 0.000 0.000 0.000 22.418 40.418 52.418 76.418 77.418 77.418 77.418
60.146 60.123 59.099 57.072 61.043 66.013 66.979 66.941 60.913 57.897 62.891 62.890 23.892 0.000 17.691 47.638 24.526 4.326 61.232 101.110 96.359 96.375 101.856 94.136 95.922 95.575 95.485 95.372 95.262 95.158 97.064 95.988 31.939 0.000 0.000 0.000 0.000 0.000 3.675 39.547 45.450 56.362 5.293 0.000 47.875 55.815 54.723 58.598 58.426 29.226 0.000 41.386 55.328 60.264 81.213 82.173 82.143 83.122 84.107 82.099 63.096 1.097 1.107 2.111 0.000 0.000 0.000 39.418 52.418 76.418 77.418 77.418 77.418
60.198 59.177 59.153 62.127 65.098 66.065 41.028 4.965 33.928 69.908 42.899 16.894 8.893 0.000 28.743 78.698 75.612 67.497 86.378 97.528 94.515 101.939 95.417 96.222 95.787 95.720 95.602 95.489 95.374 96.260 94.159 82.076 29.009 1.969 0.000 0.000 0.000 3.906 42.803 49.698 47.603 48.520 21.461 0.000 54.054 71.991 64.904 59.791 34.608 0.000 1.346 24.346 14.307 54.248 79.208 83.177 81.153 81.135 81.122 83.114 56.110 50.111 50.113 56.113 0.000 0.000 0.000 16.418 51.418 76.418 77.418 77.418 77.418
59.253 58.234 63.211 66.184 66.154 66.124 31.101 0.000 0.917 12.907 3.903 0.000 0.000 0.000 21.840 84.800 90.729 98.643 98.601 95.726 102.277 102.069 95.384 96.093 95.943 95.832 95.722 95.608 95.485 101.349 51.235 19.148 3.053 0.593 7.616 10.525 0.000 34.009 51.933 47.838 47.744 46.654 52.570 18.482 47.296 73.190 72.111 70.053 0.000 0.000 44.346 0.346 0.000 52.211 81.194 85.175 82.157 81.142 79.131 68.124 49.119 45.118 46.117 30.115 0.000 0.000 0.000 0.000 47.418 76.418 77.418 77.418 73.418
58.311 64.295 66.272 66.245 64.212 70.174 40.152 0.000 0.000 0.000 0.000 0.000 0.000 0.000 32.977 90.930 93.870 97.746 96.982 96.995 102.464 94.771 96.475 96.149 96.062 95.951 95.844 99.735 105.611 60.415 29.286 4.227 0.000 0.000 0.000 7.434 35.342 58.189 52.081 44.980 49.880 53.781 50.683 48.580 62.458 66.363 56.296 64.258 0.000 0.000 12.346 0.000 0.000 58.190 82.182 87.170 86.158 82.146 77.137 46.131 44.126 45.123 52.122 0.000 0.000 0.000 0.000 41.418 45.418 74.418 77.418 77.417 71.417
65.375 66.361 66.339 65.311 43.274 9.210 28.181 30.181 0.000 0.000 0.000 0.000 0.000 24.280 77.161 91.084 93.988 96.146 97.156 102.794 102.636 95.746 96.446 96.284 96.177 96.069 99.967 61.876 21.809 0.000 39.264 25.249 0.000 0.000 0.000 0.000 43.405 77.322 68.223 63.120 58.014 58.908 56.802 57.696 70.593 64.509 48.452 50.424 0.000 0.000 0.000 0.000 0.000 58.178 86.174 51.167 49.157 81.148 84.141 54.136 45.131 50.128 20.125 0.000 0.000 0.000 0.000 14.418 41.417 59.417 75.417 78.417 71.417
66.444 66.434 62.414 66.385 48.362 0.000 19.181 49.181 0.000 0.000 0.000 0.000 14.494 76.398 90.305 96.226 96.197 96.339 103.077 102.939 95.074 96.849 96.497 96.406 96.291 96.181 100.079 71.995 3.939 0.000 9.259 12.254 0.000 0.000 0.000 0.000 30.550 62.472 67.370 77.262 73.150 61.036 63.921 72.809 67.708 55.628 47.578 48.564 22.609 23.621 0.000 0.000 0.000 56.171 90.168 4.165 0.000 30.147 77.143 67.139 48.136 27.132 0.000 0.000 0.000 0.000 0.000 0.000 14.417 38.417 64.417 74.417 67.417
64.521 61.517 60.496 76.454 55.428 0.000 18.181 46.181 0.000 0.000 0.000 8.662 72.590 85.513 95.442 98.322 97.566 95.596 103.204 94.384 96.158 92.716 94.642 96.518 96.402 97.286 91.173 81.086 29.012 0.000 0.000 0.000 0.000 0.000 0.000 17.951 52.774 57.644 57.524 59.407 68.287 71.164 74.037 67.911 54.801 48.719 47.667 46.643 50.644 35.632 0.000 0.000 0.000 45.166 82.164 48.161 37.155 29.149 72.146 78.143 58.141 0.000 0.000 9.146 0.000 0.000 0.000 0.000 0.000 33.417 57.417 62.417 49.417
58.608 67.617 63.600 4.507 5.468 0.000 9.181 9.181 0.000 0.000 0.000 9.735 88.690 90.632 98.543 97.708 96.729 103.429 103.321 96.342 96.029 95.870 95.751 94.633 95.513 97.387 54.241 5.164 0.000 0.000 0.000 0.000 0.000 21.483 38.351 53.128 63.950 60.806 59.677 56.554 57.429 60.297 72.151 72.996 64.867 53.781 46.727 46.699 48.690 0.000 0.000 0.000 0.000 30.162 72.161 50.158 46.154 46.150 78.147 81.145 64.144 27.146 17.146 60.146 0.000 0.000 0.000 0.000 0.000 36.417 60.417 55.417 41.417
59.703 69.745 56.779 0.000 0.000 0.000 6.181 18.181 2.181 0.000 0.977 75.851 85.806 97.748 97.743 96.886 103.621 103.528 95.654 97.429 97.080 96.987 96.867 96.749 98.630 48.508 0.000 0.000 0.000 0.000 0.000 10.941 36.819 53.615 66.441 62.259 61.095 60.952 60.823 61.702 59.579 58.443 32.274 51.054 75.892 57.810 45.762 48.736 46.726 34.733 0.000 0.000 0.000 31.160 64.159 42.157 0.000 0.000 34.147 71.146 60.146 69.146 76.146 35.146 0.000 0.000 0.000 0.000 0.000 11.417 51.417 49.417 42.417
57.796 61.881 60.991 37.156 0.000 0.000 0.000 4.181 7.181 0.000 29.071 88.990 95.931 97.854 98.013 96.136 103.707 95.942 97.723 97.289 97.220 97.099 97.983 98.866 60.748 0.000 0.000 0.000 0.000 0.000 13.221 56.063 66.901 62.717 61.540 61.371 61.219 61.083 60.962 60.851 60.742 69.623 8.448 0.000 43.836 52.805 44.776 53.757 53.746 35.739 0.000 0.000 0.000 0.000 48.156 85.155 53.154 0.000 27.148 72.147 66.147 57.147 57.147 0.000 0.000 0.000 0.000 0.000 0.000 0.000 30.417 41.417 42.417
69.869 7.991 64.149 62.320 51.520 10.641 0.844 0.000 0.000 20.243 79.175 93.109 99.051 98.036 97.191 103.853 103.784 96.890 97.588 97.437 97.327 98.217 100.101 60.983 0.000 0.000 0.000 0.000 11.712 42.592 53.378 65.191 62.004 61.812 58.632 58.468 58.325 59.200 61.092 60.997 63.916 40.857 0.000 0.000 23.812 48.797 47.781 65.768 61.761 0.000 0.000 0.000 0.000 0.000 32.154 77.154 89.152 46.151 72.149 86.148 78.148 54.148 47.148 19.148 0.000 0.000 0.000 0.000 0.000 0.000 36.417 42.417 46.417
51.910 5.066 66.295 56.455 63.600 55.737 16.972 4.230 13.320 80.313 89.273 99.231 98.119 98.387 96.415 103.913 96.178 97.971 97.631 97.548 98.440 99.339 53.220 0.000 0.000 0.000 0.000 3.965 54.831 65.687 63.508 62.318 64.111 63.897 69.706 74.544 69.412 62.302 56.208 60.129 66.068 24.032 0.000 0.000 19.801 51.791 52.782 74.774 62.770 0.000 0.000 0.000 0.000 0.000 20.153 72.152 81.152 86.151 82.150 82.149 86.148 70.148 49.148 50.148 19.148 12.148 0.000 0.000 0.000 38.417 43.417 41.417 46.417
0.000 0.000 34.512 85.604 48.687 0.000 0.000 18.397 78.419 83.412 97.390 98.300 98.580 96.512 103.996 96.435 98.245 97.821 97.764 98.653 95.548 50.479 0.000 0.000 0.000 0.000 10.233 57.098 64.962 62.816 62.650 66.461 41.227 19.958 22.751 39.590 65.479 67.387 68.308 60.243 61.196 22.171 0.000 0.000 0.000 32.785 50.781 57.777 56.775 5.775 0.000 0.000 0.000 0.000 20.152 63.152 76.151 81.151 82.150 83.149 79.149 75.148 60.148 48.148 52.148 58.148 0.000 0.000 0.000 4.417 41.417 42.417 44.417
0.000 0.000 11.636 86.761 73.859 0.000 0.000 25.543 86.544 94.536 98.489 99.685 99.722 104.311 104.119 97.386 98.101 97.963 97.865 92.763 82.620 33.549 0.000 0.000 9.608 45.525 54.368 66.233 63.101 62.965 66.816 44.647 2.462 0.000 0.000 25.584 63.527 60.458 64.394 70.340 70.303 48.285 0.000 0.000 0.000 14.783 52.780 46.778 53.777 4.776 0.000 0.000 0.000 0.000 25.151 50.151 67.151 81.150 76.150 69.149 71.149 32.149 57.148 66.148 59.148 55.148 0.000 0.000 0.000 0.000 1.417 36.417 41.417
0.000 0.000 0.000 14.944 64.128 3.542 13.685 79.687 91.682 98.669 98.689 98.868 104.658 104.489 96.672 98.470 98.138 98.067 90.978 56.910 0.000 0.000 0.000 17.771 63.691 57.599 65.482 63.363 63.246 64.128 42.001 2.833 0.000 0.000 0.000 24.636 66.587 60.526 60.468 62.420 66.389 68.381 20.411 0.000 0.000 0.000 33.779 52.778 27.777 0.000 0.000 0.000 0.000 0.000 18.151 46.151 57.151 64.150 56.150 53.150 18.149 0.000 6.148 50.148 54.148 63.148 0.000 0.000 0.000 0.000 0.000 30.417 41.417
0.000 0.000 0.000 0.000 1.523 13.765 82.825 87.836 98.835 98.772 100.060 100.136 104.818 96.969 98.749 98.318 98.259 88.158 77.071 40.991 0.000 0.000 0.000 57.852 79.786 64.698 56.597 64.492 62.391 65.298 35.229 0.000 0.000 0.000 20.827 55.735 62.660 61.591 61.532 58.484 54.453 56.439 18.442 0.000 0.000 0.000 14.778 59.778 7.778 0.000 0.000 0.000 0.000 0.000 18.151 48.151 47.151 46.150 44.150 50.150 0.000 0.000 0.000 25.148 48.148 66.148 10.148 0.000 0.000 0.000 0.000 1.417 34.417
0.000 0.000 0.000 0.000 0.000 86.016 85.014 99.006 98.966 100.174 100.251 105.109 104.968 97.922 99.607 97.452 83.338 72.245 46.158 0.000 0.000 0.000 52.113 69.997 69.904 76.811 64.715 54.619 60.527 70.446 73.387 36.386 0.000 0.000 19.918 67.819 61.726 61.648 60.583 56.532 50.499 51.480 17.474 0.000 0.000 0.000 0.000 32.778 40.778 0.000 0.000 0.000 0.000 0.000 26.151 50.151 44.150 45.150 45.150 47.150 30.150 0.000 0.000 0.000 35.148 56.148 34.148 8.148 0.000 0.000 0.000 0.000 29.417
0.000 0.000 0.000 0.000 25.392 86.268 98.213 99.178 100.192 102.382 105.375 105.244 97.227 98.992 95.645 84.546 73.402 45.323 0.000 0.000 0.000 54.340 75.229 61.121 53.021 66.926 78.832 66.741 69.653 70.570 57.488 63.385 42.144 4.627 28.109 59.897 55.777 62.691 57.619 49.564 48.529 52.509 14.501 0.000 0.000 0.000 0.000 19.778 59.778 4.778 0.000 0.000 0.000 0.000 0.000 32.150 47.150 45.150 45.150 45.150 53.150 0.000 0.000 0.000 0.000 37.148 48.148 54.148 0.000 0.000 0.000 0.000 0.000
0.000 0.000 0.000 0.000 68.517 94.449 100.397 99.304 99.576 97.659 105.499 97.508 99.274 93.843 82.776 57.657 0.000 0.000 0.000 0.000 54.563 75.451 62.341 51.235 51.135 53.039 63.947 78.859 69.775 54.694 62.611 64.521 38.420 0.000 24.995 84.881 71.794 60.721 54.638 50.575 47.544 48.527 42.521 6.525 0.000 0.000 0.000 0.000 38.778 10.778 0.000 0.000 0.000 0.000 0.000 12.150 49.150 45.150 45.150 45.150 47.150 31.150 0.000 0.000 0.000 18.148 45.148 48.148 0.000 0.000 0.000 0.000 0.000
0.000 0.000 0.000 71.833 68.708 74.625 89.537 100.713 97.779 105.733 105.619 98.440 94.128 82.981 61.876 0.000 0.000 36.159 0.000 6.793 79.675 62.561 51.450 52.344 51.244 54.149 68.059 76.974 77.894 61.818 57.743 68.667 42.596 0.000 0.000 15.840 28.798 10.759 0.000 20.555 51.544 58.534 59.529 45.529 0.000 0.000 0.000 0.000 0.000 0.000 0.000 0.000 0.000 0.000 0.000 13.150 49.150 48.150 51.150 46.150 43.150 52.150 0.000 0.000 0.000 25.148 59.148 64.148 0.000 0.000 0.000 0.000 0.000
0.000 0.000 11.062 72.958 69.859 70.778 80.754 96.921 105.951 105.843 97.719 94.485 82.156 56.081 0.000 0.000 53.207 52.159 34.064 17.911 67.784 51.666 52.554 51.448 52.347 67.253 73.165 37.084 28.009 79.941 65.876 43.807 4.701 0.000 0.000 0.000 0.000 0.000 0.000 17.547 69.542 63.537 60.533 56.532 11.533 0.000 0.000 0.000 0.000 0.000 0.000 0.000 0.000 0.000 0.000 37.150 46.150 21.150 0.000 21.150 46.150 50.150 0.000 0.000 0.000 27.148 63.148 32.148 0.000 0.000 0.000 0.000 0.000
0.000 86.256 74.166 71.077 68.998 69.876 71.120 75.186 106.055 96.960 92.722 82.312 56.269 0.000 0.000 0.000 57.254 55.208 75.121 59.003 51.883 52.765 51.653 54.545 74.445 71.351 52.265 48.187 53.118 81.059 78.013 41.983 0.000 0.000 0.000 0.000 0.000 0.000 0.000 17.544 76.540 76.537 71.535 62.534 7.534 0.000 0.000 0.000 0.000 0.000 0.000 0.000 0.000 0.000 10.150 49.150 51.150 0.150 0.000 6.150 49.150 50.150 0.000 0.000 0.000 0.000 34.148 0.000 0.000 0.000 0.000 0.000 0.000
2.418 84.346 98.270 90.195 75.096 76.254 68.303 106.252 106.155 75.843 80.521 56.419 0.000 0.000 0.000 0.000 59.348 72.297 70.209 52.097 51.979 51.860 62.745 74.637 63.535 52.441 52.356 52.281 53.217 62.166 80.133 76.129 37.183 0.000 0.000 0.000 0.000 0.000 0.000 0.000 62.538 64.537 76.536 77.535 33.535 0.000 0.000 0.000 0.000 0.000 0.000 0.000 0.000 0.000 41.150 51.150 28.150 0.000 0.000 10.150 50.150 48.150 0.000 0.000 0.000 0.000 0.000 0.000 0.000 0.000 0.000 0.000 0.000
20.490 97.440 100.374 100.305 95.279 85.435 106.439 106.346 68.010 62.780 0.000 0.418 0.000 0.000 0.000 0.000 70.493 75.423 51.320 53.200 53.075 64.951 73.832 55.721 52.618 52.523 52.438 52.364 52.303 52.255 61.225 81.217 74.236 48.267 39.280 43.283 12.284 0.000 0.000 0.000 1.537 42.537 82.536 82.535 43.535 0.000 0.000 0.000 0.000 0.000 0.000 0.000 0.000 0.000 30.150 29.150 0.000 0.000 0.000 0.000 30.150 57.150 0.000 0.000 0.000 0.000 0.000 0.000 0.000 0.000 0.000 0.000 0.000
90.612 100.548 100.489 100.377 104.621 95.681 106.530 68.124 70.807 65.473 0.000 0.000 0.000 0.000 0.000 63.861 75.709 52.581 53.447 53.307 61.169 74.036 51.912 52.797 52.691 52.595 52.509 52.435 52.374 52.327 52.295 56.279 57.278 52.285 53.289 60.286 42.285 0.000 0.000 0.000 0.000 0.000 37.535 73.535 36.535 0.000 0.000 0.000 0.000 0.000 0.000 0.000 0.000 0.000 0.000 0.000 0.000 0.000 0.000 0.000 0.000 9.150 0.000 0.000 0.000 0.000 0.000 0.000 0.000 0.000 0.000 0.000 0.000
96.718 96.659 100.574 101.737 98.786 106.705 106.618 72.805 57.268 2.380 5.380 2.380 0.000 0.000 0.000 81.013 57.899 53.747 53.580 55.414 76.257 56.113 52.983 52.865 52.756 52.656 52.568 52.493 52.432 52.384 52.349 51.325 50.312 53.307 35.305 0.000 0.000 0.000 0.000 0.000 0.000 0.000 0.000 66.535 54.535 21.535 0.000 0.000 0.000 0.000 0.000 0.000 0.000 0.000 0.000 0.000 0.000 0.000 0.000 0.000 0.000 0.000 0.000 0.000 0.000 0.000 0.000 0.000 0.000 0.000 0.000 0.000 0.000
75.832 75.769 79.748 75.907 106.876 106.791 84.301 65.523 56.475 0.000 0.380 2.380 0.000 0.000 0.000 56.280 52.127 51.927 50.713 63.511 56.333 50.177 51.042 50.922 50.811 50.706 51.614 52.537 52.476 52.428 51.391 49.361 51.338 51.325 48.320 38.322 41.322 43.323 42.323 44.323 15.323 0.000 0.000 4.535 63.535 35.535 0.000 0.000 0.000 0.000 0.000 0.000 0.000 0.000 0.000 0.000 0.000 0.000 0.000 0.000 0.000 0.000 0.000 0.000 0.000 0.000 0.000 0.000 0.000 0.000 0.000 0.000 0.000
90.948 112.837 78.086 108.145 106.958 66.839 57.441 0.000 71.913 30.271 0.000 0.000 0.000 0.000 100.073 78.699 49.402 57.122 67.835 66.583 62.385 60.220 60.086 59.971 58.860 52.745 48.643 52.566 52.507 52.461 51.424 51.391 55.355 55.335 56.326 66.324 66.323 62.323 55.323 54.323 33.323 0.000 0.000 0.000 22.535 28.535 0.000 0.000 0.000 0.000 0.000 0.000 0.000 0.000 0.000 0.000 0.000 0.000 0.000 0.000 0.000 0.000 0.000 0.000 0.000 0.000 0.000 0.000 0.000 0.000 0.000 0.000 0.000
139.029 117.627 115.674 107.112 107.037 94.926 0.000 38.972 66.972 140.630 116.087 2.368 47.625 37.037 98.448 58.040 55.659 127.325 117.921 113.602 113.406 112.230 111.113 110.014 108.914 79.769 46.648 52.576 52.524 52.486 52.455 44.423 0.000 0.000 0.000 0.000 0.000 0.000 19.323 71.322 50.322 21.322 0.000 0.000 0.000 0.000 0.000 0.000 0.000 0.000 0.000 0.000 0.000 0.000 0.000 0.000 0.000 0.000 0.000 0.000 0.000 0.000 0.000 0.000 0.000 0.000 0.000 0.000 0.000 0.000 0.000 0.000 0.000
97.197 116.785 107.250 107.182 91.442 0.000 0.000 0.000 10.375 62.189 49.928 0.000 28.831 0.000 57.642 54.354 63.871 119.598 0.000 5.499 0.000 56.181 65.122 126.059 39.012 0.000 56.606 52.564 52.529 53.503 35.487 0.000 0.000 0.000 0.000 0.000 0.000 0.000 0.000 24.322 71.322 27.322 0.000 0.000 0.000 0.000 0.000 0.000 0.000 0.000 0.000 0.000 0.000 0.000 0.000 0.000 0.000 0.000 0.000 0.000 0.000 0.000 0.000 0.000 0.000 0.000 0.000 0.000 0.000 0.000 0.000 0.000 0.000
117.954 116.008 107.314 115.933 117.780 38.068 0.000 17.965 44.965 54.822 31.507 8.772 50.036 95.611 94.123 86.865 0.000 38.598 0.000 17.397 39.294 67.191 112.133 75.090 40.062 0.000 0.000 58.545 52.525 53.511 34.502 0.000 0.000 0.000 0.000 0.000 0.000 0.000 0.000 0.000 18.322 57.322 22.322 0.000 0.000 0.000 0.000 0.000 0.000 0.000 0.000 0.000 0.000 0.000 0.000 0.000 0.000 0.000 0.000 0.000 0.000 0.000 0.000 0.000 0.000 0.000 0.000 0.000 0.000 0.000 0.000 0.000 0.000
116.087 107.429 107.373 96.438 39.203 0.000 0.000 0.000 6.698 33.626 0.000 0.000 42.932 86.674 140.373 76.119 0.000 0.000 0.000 0.000 0.000 81.155 116.131 46.106 43.084 0.000 0.000 0.000 57.517 51.512 49.509 47.509 35.510 0.000 0.000 0.000 0.000 0.000 0.000 0.000 13.322 71.322 29.322 0.000 0.000 0.000 0.000 0.000 0.000 0.000 0.000 0.000 0.000 0.000 0.000 0.000 0.000 0.000 0.000 0.000 0.000 0.000 0.000 0.000 0.000 0.000 0.000 0.000 0.000 0.000 0.000 0.000 0.000
