results1/res_4e8f-0107.wd
ncols         241
nrows         181
xllcorner     12693529.787448
yllcorner     3542525.717860
cellsize      155.156523
NODATA_value  -9999.000000
[rows 99 to 131 of 181, columns 0 to 72 of 241]
0.000 0.000 0.000 0.000 0.000 59.004 99.004 101.004 92.003 87.003 0.000 0.000 0.000 0.000 0.000 0.000 0.000 67.001 64.001 0.000 0.000 0.000 2.999 61.999 60.998 1.998 0.000 0.000 0.000 8.368 0.000 0.000 0.000 0.000 14.225 60.221 56.211 55.193 56.168 57.141 70.110 59.077 63.041 55.001 56.958 54.911 55.861 60.808 61.752 59.695 63.635 56.574 56.511 58.446 61.379 75.307 76.245 61.195 47.150 0.000 0.000 0.000 0.000 0.000 24.998 79.994 76.983 63.964 38.942 33.920 77.899 54.879 56.859
0.000 0.000 0.000 0.000 0.000 60.004 100.004 100.004 0.000 0.000 0.000 0.000 0.000 0.000 0.000 0.000 12.002 78.002 67.001 5.001 2.001 2.000 65.000 63.999 67.999 0.000 0.000 0.000 0.000 66.368 58.368 0.000 0.000 0.000 73.269 83.264 69.255 62.240 56.221 58.198 77.170 62.139 68.104 68.064 59.021 73.974 65.924 66.870 56.814 64.755 64.694 62.631 56.567 57.502 61.434 58.338 20.272 10.233 0.000 0.000 0.000 0.000 0.000 27.995 64.995 76.991 83.983 73.970 49.955 50.938 64.921 55.905 56.888
5.007 0.000 0.000 0.000 0.000 47.005 96.005 105.005 15.005 0.000 0.000 0.000 0.000 0.000 0.000 0.000 1.002 85.002 66.002 67.001 69.001 66.000 63.000 64.000 61.999 0.000 0.000 0.000 0.000 59.368 59.368 60.366 59.359 59.345 58.319 68.310 77.303 24.293 88.278 78.259 83.234 68.205 13.170 84.131 82.088 81.041 84.990 73.935 56.877 59.817 64.754 64.690 61.625 57.561 46.518 0.000 0.000 0.000 0.000 0.000 0.000 0.000 0.000 37.995 64.995 64.992 75.987 74.978 57.968 57.956 56.944 56.931 56.917
73.007 76.007 8.007 0.000 0.000 57.005 96.005 101.005 111.005 16.005 0.000 0.000 0.000 0.000 7.003 7.003 5.003 22.002 70.002 67.002 85.001 99.001 74.000 59.000 0.000 0.000 0.000 0.000 0.000 0.000 58.370 59.372 59.365 59.358 59.351 58.355 58.355 57.350 58.340 63.324 75.303 69.275 12.242 84.203 85.160 63.112 70.060 87.004 80.944 67.880 57.816 63.750 64.680 67.600 52.559 0.000 0.000 0.000 0.000 0.000 0.000 0.000 0.000 0.000 15.998 61.997 58.994 58.989 56.983 56.975 56.967 56.957 56.946
87.007 70.007 70.007 72.007 74.006 93.006 101.006 101.006 101.006 103.006 77.005 16.005 0.000 65.004 72.004 73.003 35.003 30.003 93.002 101.002 96.002 92.001 75.001 0.000 0.000 0.000 0.000 0.000 0.000 0.000 0.000 59.386 58.373 57.368 58.374 59.403 59.412 59.413 59.408 60.396 79.377 74.351 57.318 59.279 70.235 81.187 58.134 70.076 71.013 63.945 83.879 66.813 58.747 0.000 0.000 0.000 0.000 0.000 0.000 0.000 0.000 0.000 0.000 0.000 8.003 62.003 57.002 57.001 56.999 56.996 56.991 54.985 52.978
102.007 92.007 73.007 77.007 95.007 101.006 101.006 101.006 101.006 96.006 68.006 74.005 2.005 56.004 91.004 99.004 99.003 83.003 98.003 105.002 15.002 0.000 0.000 0.000 0.000 0.000 0.000 0.000 0.000 0.000 0.000 59.413 0.000 0.000 0.000 60.472 59.477 59.482 59.483 60.476 76.459 81.434 58.400 59.360 59.315 77.266 78.213 56.155 64.087 83.009 74.942 52.877 0.000 0.000 0.000 0.000 0.000 0.000 0.000 0.000 0.000 0.000 0.000 0.000 5.008 62.009 57.011 57.014 57.016 56.018 55.017 60.015 61.011
102.007 102.007 97.007 100.007 101.007 101.007 101.006 101.006 101.006 97.006 72.006 89.006 0.000 0.000 69.004 93.004 101.004 102.003 101.003 106.003 9.003 0.000 0.000 0.000 0.000 0.000 0.000 0.000 0.000 0.000 0.000 59.440 0.000 0.000 61.541 59.534 59.543 59.555 59.565 59.564 76.551 81.525 58.489 59.447 59.400 60.350 81.298 75.241 82.173 72.061 53.001 0.000 0.000 0.000 0.000 0.000 0.000 0.000 0.000 0.000 0.000 0.000 0.000 0.000 60.013 57.015 57.019 57.026 57.035 56.042 58.045 62.047 63.047
100.008 101.008 101.007 101.007 101.007 101.007 101.007 101.007 101.006 102.006 97.006 104.006 28.006 7.005 57.005 76.004 99.004 101.004 102.003 90.003 4.003 0.000 0.000 0.000 0.000 0.000 0.000 0.000 0.000 0.000 0.000 53.467 58.494 58.521 57.548 59.581 59.605 59.632 59.657 59.666 76.654 81.626 58.585 59.537 59.487 59.436 64.386 87.340 67.302 0.000 0.000 0.000 0.000 0.000 0.000 0.000 0.000 0.000 0.000 0.000 0.000 0.000 0.000 0.000 13.016 64.018 60.024 61.036 59.058 55.068 62.075 63.081 61.086
97.008 102.008 101.008 101.008 101.008 101.007 101.007 101.007 101.007 101.007 102.006 95.006 79.006 70.005 64.005 91.005 101.004 101.004 106.004 9.004 0.000 0.000 0.000 0.000 0.000 0.000 0.000 0.000 0.000 0.000 0.000 0.000 0.000 0.000 0.000 59.639 59.664 59.709 59.766 59.787 75.775 82.738 59.688 59.631 59.574 59.521 59.472 65.429 18.394 0.000 0.000 0.000 0.000 0.000 0.000 0.000 0.000 0.000 0.000 0.000 0.000 0.000 0.000 0.000 0.000 1.018 0.000 0.000 5.092 64.097 62.105 63.115 60.127
97.008 102.008 101.008 101.008 101.008 101.008 101.008 101.008 101.007 101.007 102.007 87.006 66.006 65.006 74.005 98.005 101.005 101.004 107.004 12.004 3.004 0.000 0.000 0.000 0.000 0.000 0.000 0.000 0.000 0.000 0.000 0.000 0.000 0.000 0.000 55.671 59.703 56.775 59.912 59.942 78.919 82.866 59.796 59.724 59.658 59.602 59.553 56.509 6.452 0.000 0.000 0.000 0.000 0.000 0.000 0.000 0.000 0.000 0.000 0.000 0.000 56.164 0.000 0.000 0.000 0.000 0.000 0.000 60.120 61.125 63.134 63.148 60.168
100.009 101.009 101.009 101.009 101.009 101.008 101.008 101.008 101.008 101.007 101.007 98.007 75.006 76.006 93.006 100.005 101.005 101.005 108.005 25.005 0.000 0.000 0.000 0.000 0.000 0.000 0.000 0.000 0.000 0.000 0.000 0.000 0.000 0.000 0.000 0.000 55.703 0.000 59.166 60.148 88.094 75.009 59.908 59.812 59.734 72.673 62.630 57.604 0.000 0.000 0.000 0.000 0.000 0.000 0.000 0.000 0.000 0.000 0.000 0.000 8.164 67.164 52.164 0.000 0.000 0.000 0.000 61.152 64.144 63.147 60.157 56.175 56.202
101.009 101.009 101.009 101.009 101.009 101.009 101.009 101.009 101.008 101.008 101.008 101.007 103.007 103.006 102.006 101.006 101.005 103.005 92.005 35.005 0.000 0.000 0.000 0.000 0.000 0.000 0.000 0.000 0.000 0.000 0.000 0.000 0.000 0.000 0.000 0.000 0.000 0.000 59.438 60.391 94.301 63.170 60.014 59.883 71.791 80.728 59.689 59.672 58.689 0.000 0.000 0.000 0.000 0.000 0.000 0.000 0.000 0.000 0.000 0.000 0.000 63.164 64.164 51.164 0.000 57.163 59.162 63.159 62.158 60.163 59.173 55.192 63.223
100.010 99.010 101.010 101.010 101.010 101.010 101.009 101.009 101.009 101.009 101.008 101.008 101.007 101.007 101.006 101.006 102.006 85.005 13.005 4.005 62.005 76.005 22.005 0.000 0.000 3.005 0.000 0.000 0.000 0.000 0.000 0.000 0.000 0.000 0.000 1.606 1.588 0.000 55.757 66.676 89.548 60.355 57.094 59.914 59.818 59.760 59.724 59.707 59.706 56.706 0.000 0.000 0.000 0.000 0.000 0.000 0.000 0.000 0.000 0.000 0.000 58.164 54.164 60.164 55.165 63.164 63.164 62.164 58.166 61.172 56.182 55.198 55.224
90.011 90.011 99.011 101.011 101.011 101.010 101.010 101.010 101.010 101.009 101.009 102.008 103.008 101.007 101.007 101.006 101.006 23.006 7.005 62.005 72.005 82.005 81.005 74.005 66.005 7.005 0.000 0.000 0.000 0.000 0.000 0.000 0.000 0.000 1.641 60.623 63.570 63.428 60.157 59.009 67.860 55.608 0.000 55.862 59.809 59.769 59.742 59.727 58.721 0.000 0.000 0.000 0.000 0.000 0.000 0.000 60.163 71.163 0.000 0.000 59.164 57.164 57.164 54.165 62.165 63.166 63.167 60.168 63.171 63.176 61.184 56.194 45.204
72.011 77.011 96.011 102.011 101.011 101.011 101.011 101.011 101.010 101.010 103.010 89.009 85.008 100.007 105.007 102.006 97.006 79.006 82.006 88.005 82.005 83.005 62.005 55.005 1.005 0.000 0.000 0.000 0.000 0.000 0.000 0.000 0.000 0.000 51.659 57.676 60.642 60.559 60.434 60.341 62.278 0.000 0.000 0.000 54.787 59.765 59.748 59.737 59.731 0.000 0.000 0.000 0.000 0.000 0.000 20.163 77.163 59.163 57.163 57.163 57.164 57.164 55.164 60.165 63.165 63.166 59.168 63.170 63.174 62.178 56.184 57.190 47.194
56.012 71.012 90.012 103.012 104.012 104.012 102.012 101.012 102.011 101.011 102.010 40.010 11.008 59.008 77.007 98.006 105.006 103.006 103.006 89.006 12.005 0.000 0.000 0.000 0.000 0.000 0.000 0.000 0.000 6.635 8.635 0.000 0.000 0.000 0.000 56.778 60.766 58.730 59.679 61.643 62.632 0.000 0.000 0.000 0.000 52.756 59.747 59.741 56.736 0.000 0.000 0.000 0.000 0.000 0.000 0.000 19.163 73.163 56.163 56.163 57.163 56.164 56.164 62.165 63.165 61.167 49.169 2.172 67.176 61.180 61.183 61.187 47.189
20.012 42.012 75.013 81.014 75.013 77.013 94.013 102.013 98.012 91.012 90.012 25.011 0.000 0.000 0.000 35.006 70.006 96.006 103.006 0.000 0.000 0.000 0.000 0.000 0.000 0.000 0.000 0.000 0.000 48.635 69.635 14.635 0.000 0.000 0.000 56.892 62.913 61.915 70.909 71.920 61.976 7.143 0.000 0.000 0.000 0.000 56.745 57.743 0.000 0.000 0.000 0.000 0.000 0.000 0.000 0.000 0.000 78.163 81.163 61.163 55.163 53.164 63.164 63.164 58.165 0.000 0.000 0.000 8.178 66.181 63.183 63.185 53.187
0.000 0.000 56.015 65.015 17.015 3.015 66.014 95.014 86.013 82.013 96.013 63.012 23.013 0.000 0.000 0.000 0.000 41.007 72.007 0.000 0.000 0.000 0.000 0.000 0.000 0.000 0.000 0.000 0.000 0.000 53.635 71.635 2.635 0.000 0.000 47.986 62.080 60.108 90.124 83.151 61.209 63.310 9.420 0.000 0.000 0.000 51.745 0.000 0.000 0.000 0.000 0.000 0.000 0.000 0.000 0.000 0.000 0.000 66.163 83.163 68.163 62.164 63.164 58.164 0.000 0.000 0.000 0.000 0.000 58.182 63.183 63.184 58.185
0.000 0.000 52.017 97.017 54.016 3.016 55.015 87.015 89.014 100.014 102.013 105.013 111.013 50.013 19.012 0.000 0.000 0.000 12.008 7.008 0.000 0.000 0.000 0.000 0.000 0.000 0.000 0.000 0.000 0.000 54.635 69.635 0.000 6.636 10.637 0.000 55.311 63.314 93.326 75.352 63.400 62.467 67.530 0.000 0.000 0.000 0.000 0.000 0.000 0.000 0.000 0.000 0.000 0.000 0.000 0.000 0.000 0.000 0.000 4.163 71.163 61.163 59.164 0.000 0.000 0.000 0.000 0.000 57.182 56.182 58.183 52.184 0.000
25.021 40.020 74.019 92.018 100.018 69.017 82.017 105.016 102.015 101.015 101.014 101.014 101.013 107.013 110.012 66.011 25.010 7.009 70.009 84.008 77.008 79.008 35.008 11.008 8.008 0.000 0.000 0.000 0.000 0.000 33.635 55.635 61.636 61.636 64.637 23.637 56.540 85.512 87.512 64.533 62.571 62.628 65.704 10.827 5.881 0.000 0.000 0.000 0.000 0.000 0.000 0.000 0.000 0.000 0.000 0.000 0.000 0.000 0.000 0.000 0.000 0.000 5.163 0.000 0.000 0.000 0.000 59.182 54.182 52.182 0.000 0.000 0.000
98.022 101.021 101.020 99.020 97.019 98.019 100.018 100.017 101.017 102.016 102.015 101.014 94.014 98.013 101.012 105.011 109.010 110.010 102.009 98.008 95.008 90.008 92.008 85.008 41.007 19.007 0.000 0.000 0.000 0.000 0.000 0.000 0.000 0.000 0.000 80.735 69.701 98.681 89.679 76.694 63.725 62.771 62.829 66.896 62.935 0.000 0.000 0.000 0.000 0.000 0.000 0.000 0.000 0.000 0.000 0.000 0.000 0.000 0.000 0.000 0.000 0.000 0.000 0.000 0.000 0.000 0.000 0.000 0.000 0.000 0.000 0.000 0.000
101.023 96.022 94.022 93.021 87.021 84.020 85.019 85.019 91.018 96.017 96.016 89.015 73.014 88.013 101.012 101.011 101.010 101.009 101.009 101.008 102.008 102.008 105.008 106.008 106.007 106.007 45.007 0.000 0.000 0.000 0.000 0.000 0.000 0.000 0.000 52.866 78.848 83.832 67.829 84.840 72.864 62.901 62.946 65.993 9.028 0.000 0.000 0.000 0.000 0.000 0.000 0.000 0.000 0.000 0.000 0.000 0.000 0.000 0.000 0.000 0.000 0.000 0.000 0.000 0.000 0.000 0.000 0.000 0.000 0.000 0.000 0.000 0.000
71.024 44.024 66.023 80.023 78.022 58.022 43.021 39.020 59.019 76.018 75.017 68.016 63.015 73.014 94.012 102.011 101.010 101.009 101.009 101.008 101.008 105.008 80.008 68.008 67.007 71.007 74.007 13.007 2.007 0.000 0.000 0.000 0.000 0.000 0.000 51.016 86.992 69.970 61.964 71.972 82.992 67.022 63.060 63.103 69.156 13.247 7.288 0.000 0.000 0.000 0.000 0.000 0.000 0.000 0.000 0.000 0.000 0.000 0.000 0.000 0.000 0.000 0.000 0.000 0.000 0.000 0.000 0.000 0.000 0.000 0.000 0.000 0.000
61.026 32.026 54.025 69.025 65.024 42.023 28.022 32.021 52.020 66.019 64.018 64.017 65.015 63.014 82.013 99.011 101.010 101.009 101.008 101.008 100.008 63.008 0.000 0.000 0.000 0.000 0.000 0.000 0.000 57.362 77.361 29.361 15.357 11.345 58.299 75.190 92.134 69.093 63.085 61.092 78.110 80.136 66.168 63.205 63.247 66.295 75.329 13.358 8.365 0.000 0.000 0.000 0.000 0.000 0.000 0.000 0.000 0.000 0.000 0.000 0.000 0.000 0.000 0.000 0.000 0.000 0.000 0.000 0.000 0.000 0.000 0.000 0.000
74.028 70.027 65.027 64.027 65.026 67.025 68.024 71.023 70.022 66.021 65.019 65.018 65.016 64.014 71.013 93.011 102.010 101.008 103.008 75.007 41.007 0.000 0.000 0.000 0.000 0.000 0.000 0.000 0.000 22.362 44.362 47.363 51.366 65.379 62.360 83.313 80.262 54.181 61.190 63.202 65.220 78.243 70.271 65.300 63.331 62.359 79.376 70.379 64.372 0.000 0.000 0.000 0.000 0.000 0.000 0.000 0.000 0.000 0.000 0.000 0.000 0.000 0.000 0.000 0.000 0.000 0.000 0.000 0.000 0.000 0.000 0.000 0.000
64.030 65.030 65.029 65.029 65.028 65.027 65.026 65.025 65.023 65.022 65.020 65.019 65.017 65.015 63.013 84.011 101.009 103.008 99.006 25.006 0.000 0.000 0.000 0.000 0.000 0.000 0.000 0.000 0.000 0.000 0.000 0.000 0.000 49.445 66.451 92.438 66.420 0.000 49.291 64.305 62.325 66.347 67.371 76.395 65.417 63.434 62.437 58.411 0.000 0.000 0.000 0.000 0.000 0.000 0.000 0.000 0.000 0.000 0.000 0.000 0.000 0.000 0.000 0.000 0.000 0.000 0.000 0.000 0.000 0.000 0.000 0.000 23.364
65.032 65.032 65.031 65.031 65.030 65.029 65.028 64.027 64.025 65.024 65.022 65.020 65.018 65.015 64.013 72.011 87.008 98.006 86.005 12.004 0.000 0.000 0.000 0.000 0.000 0.000 0.000 0.000 0.000 0.000 0.000 0.000 0.000 26.503 75.562 100.567 10.561 0.000 47.378 65.404 63.428 62.450 70.471 81.491 69.510 63.523 67.528 0.479 0.000 0.000 0.000 0.000 0.000 0.000 0.000 0.000 0.000 0.000 0.000 0.000 0.000 0.000 0.000 0.000 0.000 0.000 0.000 0.000 0.000 0.000 0.000 0.000 80.440
65.035 65.034 65.034 65.033 65.033 65.031 65.030 69.029 70.027 66.025 65.023 65.021 65.019 65.016 65.013 64.010 67.007 76.005 76.002 17.001 0.000 0.000 0.000 0.000 0.000 0.000 18.580 0.000 0.000 0.000 0.000 0.000 0.000 0.000 79.727 94.708 17.694 0.000 31.440 62.503 63.532 63.554 62.572 67.590 69.606 65.620 67.629 0.000 0.000 0.000 0.000 0.000 0.000 0.000 0.000 0.000 0.000 0.000 0.000 0.000 0.000 0.000 0.000 0.000 0.000 0.000 0.000 0.000 0.000 0.000 0.000 64.663 73.570
65.037 65.037 65.037 65.036 65.035 65.034 64.033 76.031 81.029 68.027 65.025 65.022 65.020 65.017 65.014 65.010 65.006 64.003 66.999 47.997 0.000 0.000 0.000 0.000 0.000 60.581 81.580 43.578 34.568 33.555 0.000 0.000 0.000 61.031 102.910 76.845 76.814 3.836 0.000 48.634 65.646 63.660 63.674 61.690 77.706 81.723 75.738 0.000 0.000 0.000 0.000 0.000 0.000 0.000 0.000 0.000 0.000 0.000 0.000 0.000 0.000 0.000 0.000 0.000 0.000 0.000 0.000 0.000 0.000 0.000 38.829 89.755 75.679
65.040 65.040 65.040 65.039 65.038 65.037 64.035 77.034 83.032 67.030 65.027 65.024 65.021 65.018 65.014 65.010 65.006 65.001 64.995 70.990 41.982 0.000 0.000 0.000 0.581 23.582 38.582 60.585 68.571 72.542 46.484 22.406 57.301 95.152 93.037 72.949 54.880 12.858 0.000 48.753 65.758 64.766 67.776 62.788 71.805 94.827 91.863 36.939 1.021 17.050 0.000 0.000 0.000 0.000 0.000 0.000 0.000 0.000 0.000 0.000 0.000 0.000 0.000 0.000 0.000 0.000 0.000 0.000 0.000 0.000 75.902 131.850 114.786
62.044 63.043 64.043 64.042 65.041 65.040 63.038 78.037 81.035 64.032 65.029 65.026 65.023 65.019 65.015 65.010 65.005 64.999 64.992 64.984 70.974 50.961 1.952 0.000 0.000 0.000 0.000 36.609 67.591 63.557 66.504 70.434 82.345 99.238 83.138 51.034 0.966 0.000 0.000 47.867 64.867 67.869 80.874 66.883 76.897 77.918 96.949 100.994 84.041 34.062 0.000 0.000 0.000 0.000 0.000 0.000 0.000 0.000 0.000 0.000 0.000 0.000 0.000 0.000 0.000 0.000 0.000 0.000 0.000 62.122 72.029 72.957 75.889
83.047 78.047 73.047 71.046 67.045 63.043 63.042 78.040 81.038 63.035 65.032 65.029 65.025 65.021 65.016 65.011 64.005 62.998 63.990 63.981 63.970 69.957 46.943 23.928 0.000 0.000 0.000 35.651 73.626 67.590 62.542 75.481 98.406 92.317 60.243 0.000 0.000 0.000 0.000 45.982 63.974 68.969 75.969 70.974 75.984 74.999 88.020 82.047 75.075 48.096 3.118 0.000 0.000 0.000 0.000 0.000 0.000 0.000 0.000 0.000 0.000 0.000 0.000 0.000 8.918 0.000 0.000 5.292 39.293 67.214 136.134 100.067 131.952
103.051 102.051 98.050 93.050 89.048 84.047 79.045 75.043 70.041 64.038 65.035 65.032 65.028 65.023 64.018 66.013 72.006 76.999 75.990 73.980 67.968 62.953 66.935 72.912 36.876 17.835 21.785 55.717 78.674 69.635 65.592 88.542 100.480 56.384 1.319 0.000 0.000 9.196 16.171 50.105 63.077 68.064 84.059 74.060 67.064 60.073 66.085 84.100 81.116 87.129 6.139 0.000 0.000 0.000 0.000 0.000 0.000 0.000 0.000 0.000 0.000 0.000 0.000 0.000 5.918 0.000 0.000 0.000 74.371 65.308 75.238 98.131 74.304
