results1/res_4e8f-0221.wd
ncols         241
nrows         181
xllcorner     12693529.787448
yllcorner     3542525.717860
cellsize      155.156523
NODATA_value  -9999.000000
[rows 132 to 164 of 181, columns 0 to 72 of 241]
96.394 101.394 105.393 105.393 107.392 107.390 101.389 92.387 78.385 67.382 66.379 67.376 66.372 65.368 70.364 84.359 95.353 100.347 100.340 97.331 89.321 80.309 71.295 65.277 70.254 72.225 71.192 72.154 70.122 65.093 79.064 102.036 69.012 0.000 0.000 0.000 8.797 60.791 72.786 69.767 71.752 77.745 95.746 81.752 65.761 64.773 64.787 76.804 97.822 38.842 11.865 6.899 0.000 0.000 0.000 0.000 0.000 0.000 0.000 0.000 0.000 0.178 3.178 1.178 28.178 8.103 12.028 52.931 75.791 79.693 79.588 89.676 117.143
74.399 76.399 79.398 85.397 95.396 101.395 106.393 106.391 99.389 85.387 74.384 68.381 72.377 79.373 92.368 107.363 106.357 103.351 103.343 106.335 106.325 102.313 90.299 78.282 70.261 65.238 66.211 65.183 66.156 74.133 96.111 104.093 16.081 0.000 0.000 0.000 18.803 46.809 64.834 73.831 74.820 71.809 72.813 82.819 77.826 70.835 74.845 82.856 95.870 36.886 22.905 28.933 8.962 0.000 0.000 0.000 0.000 0.000 0.000 0.000 0.000 0.000 0.000 0.000 10.254 0.000 60.051 81.974 77.857 86.831 77.897 117.263 106.023
66.404 66.404 66.403 68.402 73.401 77.400 84.398 93.396 101.394 104.392 98.389 96.386 98.382 101.378 100.373 93.368 84.362 82.356 82.348 87.340 93.330 100.319 103.305 102.290 91.272 81.253 76.231 74.209 83.189 99.170 100.155 86.144 19.139 0.000 0.000 0.000 0.000 0.000 47.910 74.902 53.888 41.858 56.878 71.886 86.891 90.895 92.900 93.906 89.915 16.926 3.937 31.965 28.991 17.019 23.031 17.035 0.000 0.000 0.000 0.000 0.000 0.000 44.468 14.418 80.328 102.265 135.122 91.098 86.152 67.111 103.179 107.703 107.612
67.409 67.409 67.408 67.407 66.406 65.405 67.404 72.402 78.400 88.397 98.394 100.391 93.387 83.383 77.379 69.374 65.368 65.362 65.355 67.346 72.337 78.327 85.314 97.301 102.286 104.269 103.252 99.235 102.219 95.205 77.194 69.189 48.192 6.213 0.000 0.000 0.000 0.000 40.994 73.980 16.971 0.000 49.956 74.955 93.955 101.955 87.954 90.954 76.959 34.966 0.980 58.999 28.020 20.035 31.038 31.040 2.042 0.000 0.000 0.000 0.000 31.570 50.518 123.459 152.383 135.267 118.824 117.771 109.444 108.085 107.965 107.839 73.061
67.414 67.414 67.414 67.413 67.412 67.411 67.409 66.407 66.405 69.403 75.400 74.397 70.393 66.389 66.385 66.380 67.375 67.369 67.362 67.354 66.345 65.336 67.325 73.313 80.300 89.286 97.272 93.259 82.246 70.236 66.228 71.225 79.227 55.234 33.241 33.233 19.210 20.167 56.093 77.054 27.044 9.059 69.034 101.025 103.020 82.015 85.008 83.998 71.999 61.009 12.009 40.021 14.053 2.062 15.048 2.044 4.044 2.038 0.000 0.000 0.000 12.625 75.572 81.493 77.481 78.642 76.618 108.405 108.304 108.198 75.401 78.181 80.055
67.420 67.420 67.419 67.419 67.418 67.417 67.415 67.413 67.411 67.409 66.406 66.403 66.399 67.396 67.391 67.387 67.382 67.376 67.370 67.363 67.355 67.346 67.337 66.326 65.315 66.304 70.293 68.282 67.272 71.264 74.258 73.255 71.255 73.257 73.256 70.248 70.229 74.199 49.155 35.100 24.091 42.099 87.095 101.090 81.085 74.077 73.064 53.031 49.030 12.061 0.124 0.000 2.111 4.112 0.000 0.000 8.051 23.032 37.989 7.926 21.847 84.703 91.693 89.767 87.754 88.836 108.593 108.501 89.639 96.433 89.290 95.065 86.910
67.426 67.426 67.425 67.425 67.424 67.423 67.421 67.420 67.418 67.415 67.413 67.409 67.406 67.402 67.398 67.394 67.389 67.384 67.378 66.372 73.365 75.357 67.349 66.340 65.331 66.322 68.313 71.304 74.296 73.290 68.286 69.283 76.282 79.282 75.279 69.273 66.261 75.245 6.228 0.000 9.122 82.152 91.158 78.156 70.152 90.145 36.140 0.000 0.000 2.169 3.198 3.197 3.167 4.162 0.000 0.000 33.077 75.051 104.009 64.948 97.835 105.996 102.961 102.053 108.850 108.768 108.682 101.720 103.600 103.301 102.165 101.099 19.019
67.432 67.432 67.431 67.431 67.430 67.429 67.428 67.426 67.424 67.422 70.419 70.416 68.413 72.409 70.405 67.402 67.398 67.393 66.388 64.382 75.376 83.369 69.362 66.354 68.347 71.339 73.332 72.325 69.319 71.315 76.312 78.310 79.309 79.308 74.306 68.303 77.297 96.290 15.285 0.000 0.000 56.229 79.229 76.226 80.220 100.213 34.210 0.000 3.247 3.223 3.229 3.225 3.200 5.207 0.000 31.174 83.132 99.086 102.022 107.025 104.193 101.186 109.074 109.003 108.929 101.023 101.811 102.688 102.371 102.346 95.280 72.190 0.000
67.438 67.438 67.438 67.437 67.436 67.436 67.434 67.433 67.431 68.429 75.427 75.424 52.420 20.417 41.413 71.410 65.406 68.402 74.398 77.393 77.387 73.381 69.375 70.369 73.362 72.356 71.350 73.345 77.341 77.338 79.336 78.335 69.335 64.335 66.335 79.335 98.334 108.334 30.336 0.000 0.000 31.306 87.302 89.297 96.289 95.277 31.277 0.000 3.271 1.271 2.272 3.274 0.000 9.260 35.259 79.225 101.156 104.180 103.276 103.283 102.378 109.209 109.143 101.222 102.025 102.891 102.680 102.539 102.498 94.434 86.394 0.000 0.000
67.445 67.445 67.444 67.444 67.443 67.442 67.441 67.440 67.439 69.437 78.434 89.431 65.428 2.424 8.418 56.418 82.416 74.412 72.408 72.404 70.399 69.394 71.388 73.383 71.378 67.373 69.368 81.364 83.362 73.360 67.359 64.359 64.361 69.362 83.365 99.367 96.371 80.377 52.389 20.415 14.416 58.386 87.377 69.373 60.363 52.328 17.344 1.385 1.321 22.312 13.313 3.325 0.000 28.315 79.299 101.228 103.435 102.435 102.550 109.395 109.335 109.273 101.279 103.168 102.883 102.760 102.708 102.638 96.565 83.504 73.468 0.000 0.000
67.451 67.451 67.451 67.450 67.450 67.449 67.449 67.448 67.446 69.445 79.443 66.440 22.434 4.435 0.000 24.429 78.426 70.423 72.419 71.415 69.411 72.407 73.402 70.397 67.393 63.389 73.385 87.383 74.381 64.381 65.381 70.383 80.386 91.389 102.393 95.399 73.405 68.414 87.426 94.441 95.447 99.445 74.447 35.453 7.461 0.000 1.528 1.533 0.000 35.327 22.342 2.389 33.409 79.362 101.395 103.596 102.622 109.558 109.506 109.452 101.541 102.343 103.236 102.937 102.925 102.867 102.795 103.707 91.629 62.547 51.508 9.508 3.508
66.458 66.458 67.458 67.457 67.457 67.457 67.456 67.455 67.454 70.453 80.452 51.451 0.000 10.447 48.448 50.441 67.438 69.434 57.431 39.427 77.423 72.419 68.415 67.411 65.408 67.404 83.402 86.400 68.399 71.400 83.403 92.406 101.410 99.415 87.421 73.429 66.438 82.448 86.461 74.475 55.488 53.498 41.513 21.534 10.566 4.633 2.650 22.665 17.683 0.000 0.000 27.455 79.514 102.637 103.670 101.791 109.655 109.607 101.699 102.513 103.395 103.204 103.085 103.064 103.013 102.964 105.897 69.767 49.698 0.000 0.000 0.000 0.000
75.466 73.465 70.464 68.464 65.464 65.464 65.464 65.463 64.463 69.462 81.461 64.461 45.463 53.458 71.456 67.452 64.448 70.445 65.442 52.439 72.436 66.432 65.429 65.425 67.422 81.419 89.417 55.416 47.416 97.419 102.423 97.428 86.434 76.440 68.448 64.457 75.468 87.481 55.495 30.512 13.529 4.549 21.572 20.602 10.638 11.681 14.708 42.720 26.701 0.000 0.000 59.750 101.793 100.928 109.790 109.747 109.702 101.733 103.630 103.358 103.252 103.224 105.184 100.135 102.107 103.082 114.061 0.000 0.000 0.000 0.000 0.000 0.000
76.473 78.472 84.471 85.470 85.471 82.472 83.472 82.471 81.471 81.471 83.470 66.470 70.469 69.467 66.464 69.462 69.459 68.456 73.453 75.451 69.448 63.445 65.442 67.439 81.436 86.433 75.431 69.430 78.432 101.436 84.442 75.449 67.456 65.464 67.473 66.484 80.496 89.511 53.527 29.547 17.569 19.595 22.626 14.663 15.704 21.746 23.782 16.805 0.000 0.000 37.992 80.012 109.907 109.870 109.832 101.962 102.771 103.672 103.383 103.382 104.342 104.299 77.257 55.197 90.198 104.194 109.204 49.261 0.000 0.000 0.000 0.000 0.000
69.482 63.480 16.475 18.475 27.478 74.480 71.480 71.480 71.480 75.479 84.479 65.478 66.477 65.475 68.474 72.472 73.469 71.467 70.465 73.463 74.461 71.458 65.456 82.453 88.450 79.447 85.444 102.442 99.444 81.450 69.460 65.470 67.478 67.487 66.497 71.509 87.522 89.538 81.557 84.578 55.604 17.636 9.675 8.720 20.768 27.818 17.867 14.914 6.945 33.113 81.161 109.975 109.942 102.100 102.912 103.802 103.617 103.505 103.492 104.447 102.409 96.371 21.351 0.000 72.294 107.291 104.299 103.319 0.000 0.000 0.000 0.000 0.000
67.492 59.492 0.000 0.487 9.488 70.488 66.489 66.488 66.488 70.488 84.487 62.487 66.486 70.485 72.483 73.482 70.480 67.478 65.476 67.475 77.473 90.471 85.470 86.467 63.465 57.460 109.454 95.451 62.453 22.461 42.480 70.491 67.500 67.509 69.520 62.532 46.547 36.563 48.583 88.606 64.634 17.671 12.717 7.773 16.830 21.891 15.956 21.014 21.097 59.242 110.024 101.286 105.027 103.935 103.750 103.642 103.621 103.587 104.548 104.514 69.477 45.424 31.425 34.434 85.393 106.379 102.381 93.397 11.432 0.000 0.000 0.000 0.000
67.502 67.504 50.508 0.498 10.498 71.498 67.497 67.497 66.497 67.497 82.496 69.496 72.495 74.494 73.493 68.492 65.490 66.489 66.488 65.487 75.486 98.485 94.484 81.482 74.480 65.475 41.462 30.456 17.454 0.000 23.508 72.513 67.521 69.530 52.540 26.553 11.568 8.586 50.606 67.629 36.657 8.695 11.749 16.825 23.889 19.961 14.050 7.127 10.419 58.467 110.087 104.174 103.938 103.762 103.749 103.716 103.677 103.642 101.610 92.581 25.559 0.000 42.493 101.484 106.464 104.452 98.449 88.455 6.466 0.000 0.000 0.000 0.000
64.511 66.512 63.514 0.000 6.507 71.507 66.506 64.506 66.506 70.505 74.505 73.505 73.504 71.503 65.503 66.502 66.501 67.500 67.499 72.499 90.498 89.498 82.498 91.498 89.499 60.499 0.000 0.000 0.000 0.000 21.531 72.534 67.540 70.548 41.559 3.572 37.587 63.605 83.625 52.647 4.668 0.735 0.803 5.887 15.940 16.019 16.121 10.355 6.968 110.266 110.179 103.079 103.929 103.831 103.800 103.764 103.730 105.697 90.667 73.641 33.621 9.613 57.568 87.545 96.527 105.515 94.509 83.509 5.512 0.000 0.000 0.000 0.000
71.520 69.520 58.521 0.000 57.516 65.516 67.515 71.515 72.515 73.514 71.514 72.514 70.513 66.513 66.512 67.512 67.511 66.511 68.511 91.511 90.511 72.511 85.512 83.514 87.517 85.524 48.540 4.550 13.555 43.556 48.550 68.552 67.557 67.565 62.576 54.589 71.604 70.622 64.643 86.666 34.689 0.761 0.828 9.913 14.967 13.045 14.139 38.281 62.670 110.348 105.403 105.155 104.897 103.886 103.849 103.814 104.781 102.749 57.720 34.694 46.671 47.651 101.623 103.601 83.583 93.571 88.564 61.561 26.560 0.000 0.000 0.000 0.000
72.527 73.528 70.528 58.530 72.526 72.525 72.524 73.524 73.524 74.523 86.523 68.523 66.523 66.522 67.522 67.522 67.522 68.522 82.522 93.522 68.523 72.524 99.526 91.528 79.532 82.538 85.547 69.555 74.559 89.562 82.563 70.566 63.571 63.579 74.590 90.603 77.618 49.637 21.659 76.686 65.722 14.780 17.838 22.902 18.970 10.056 12.122 53.402 105.649 110.424 102.382 105.037 105.968 103.932 103.897 103.863 96.830 86.799 43.770 14.743 23.718 24.695 85.672 127.651 108.635 84.622 76.614 55.610 64.608 17.608 0.000 3.822 7.822
77.535 77.535 73.535 73.535 73.534 74.534 74.533 70.533 67.532 66.532 29.532 19.532 70.532 67.532 67.532 67.532 66.532 69.532 93.533 79.534 64.535 70.536 87.538 104.541 99.545 96.550 94.556 90.562 86.566 85.570 93.573 90.577 84.583 80.591 83.601 87.614 49.629 13.648 12.669 28.695 24.734 9.785 18.833 28.889 24.957 16.055 9.216 52.470 110.567 110.497 105.274 107.121 104.011 103.981 104.945 100.911 84.878 77.847 83.817 89.790 73.764 95.741 110.718 127.698 136.682 120.669 82.661 87.656 62.654 0.000 0.000 0.000 0.000
16.542 17.542 77.541 72.542 72.542 67.542 64.542 66.541 61.541 14.541 14.541 3.541 71.541 67.542 67.542 67.542 67.542 85.543 92.544 65.545 67.546 67.547 70.550 76.552 78.556 78.560 74.565 77.570 93.574 86.578 77.582 80.587 87.593 91.600 94.610 91.622 66.637 31.655 14.675 13.692 0.000 2.793 13.822 22.862 6.909 0.000 22.430 82.677 110.634 102.613 106.343 106.081 104.067 104.028 104.992 99.958 86.925 52.893 59.863 102.835 113.809 145.784 136.762 108.742 96.725 113.712 92.703 86.699 61.699 0.726 0.000 0.000 0.000
3.550 12.549 26.547 81.549 66.550 64.550 66.550 66.550 67.550 14.550 5.550 60.550 68.551 67.551 67.551 67.552 69.552 93.553 78.554 64.555 67.557 67.558 67.561 66.563 66.567 66.570 65.574 72.578 101.582 80.586 11.590 19.595 31.601 82.608 92.617 76.628 81.643 68.662 20.683 17.707 2.738 7.773 20.800 12.827 0.000 0.000 40.598 110.762 110.699 105.496 107.239 103.148 104.111 104.074 104.037 104.003 90.969 53.937 68.907 105.878 101.851 135.826 130.803 99.782 104.765 90.751 71.741 89.737 67.739 1.752 0.000 0.000 0.000
65.559 61.559 0.000 73.559 83.559 84.558 65.558 77.558 84.559 60.559 58.559 68.559 67.560 67.560 67.561 67.562 86.562 90.563 65.564 67.566 66.567 65.569 67.571 67.574 67.577 67.580 66.584 74.587 103.591 84.594 30.598 3.603 54.608 79.613 92.621 71.630 61.644 20.665 13.690 16.712 14.736 22.759 26.777 0.803 0.000 19.514 81.770 110.824 102.748 106.474 106.217 104.198 104.156 104.118 104.082 105.046 96.013 84.980 107.949 132.920 120.892 137.866 134.842 128.820 135.801 101.785 78.774 88.768 96.767 25.771 0.000 0.000 0.000
67.567 66.568 61.571 67.568 66.567 14.567 88.567 80.567 67.567 68.568 68.568 67.569 67.569 67.570 67.570 70.571 93.572 76.573 66.574 67.576 73.577 81.579 67.582 65.584 67.587 66.590 69.593 93.596 101.599 76.602 64.606 52.609 74.613 73.618 34.623 19.629 16.636 0.000 5.701 5.715 6.733 7.752 9.765 0.000 22.557 79.722 101.902 110.883 103.711 104.356 104.280 104.239 104.199 104.161 104.124 105.089 96.054 79.022 74.990 107.960 97.931 111.903 114.878 102.854 104.833 76.815 53.802 67.794 134.791 87.794 22.804 12.811 34.817
67.575 67.575 67.576 67.575 67.575 61.575 77.575 93.575 69.576 66.576 67.577 67.577 67.578 67.579 66.580 89.581 91.582 65.583 67.584 68.585 65.587 27.589 86.592 81.594 68.596 66.599 84.602 103.604 87.607 67.610 67.613 68.616 71.619 75.621 12.623 13.626 0.000 2.695 17.697 0.000 0.715 0.000 0.000 0.000 45.661 102.849 110.995 110.940 103.595 104.431 104.316 104.281 104.241 104.203 104.166 103.130 88.095 90.062 110.029 128.998 127.968 132.939 137.912 124.886 122.862 109.841 58.825 56.814 132.809 96.808 34.809 27.813 92.819
67.582 67.583 67.583 67.583 67.583 67.583 67.583 78.583 93.584 69.585 66.585 67.586 67.587 65.588 73.589 94.590 74.592 66.593 68.593 66.594 8.597 5.599 74.602 75.604 81.606 80.608 88.610 87.613 68.615 66.618 68.620 71.622 76.624 76.626 0.000 0.000 0.000 4.694 28.695 15.695 16.697 15.696 0.000 6.734 53.892 108.060 111.049 102.930 104.648 104.384 104.365 104.321 104.282 104.243 104.206 104.170 90.135 86.100 107.067 108.035 108.004 110.974 110.945 109.917 114.889 87.862 63.842 78.830 93.824 32.822 0.000 0.000 36.824
67.590 69.590 69.590 67.590 67.590 67.590 67.591 67.592 78.592 93.593 69.594 64.595 64.596 81.597 93.599 87.600 64.601 67.602 63.603 9.601 6.607 60.610 67.612 67.614 73.616 90.617 90.619 83.621 76.623 68.625 55.627 25.629 90.630 70.631 0.000 0.000 0.000 3.692 17.692 10.694 24.695 13.696 0.000 6.870 26.972 111.153 111.102 103.800 104.536 104.442 104.402 104.360 104.321 104.282 104.245 105.208 100.173 90.138 85.105 84.071 84.039 84.008 83.977 87.946 61.914 5.875 31.851 87.839 83.834 44.833 6.837 0.000 35.829
68.597 5.597 6.597 67.597 66.598 65.598 65.599 64.599 64.600 77.601 92.603 85.604 92.605 94.607 81.608 65.610 72.611 72.613 60.614 0.000 8.619 71.621 67.622 69.624 93.625 100.627 78.628 69.630 76.631 83.633 71.634 7.636 50.637 68.638 0.000 0.000 0.000 4.688 10.690 7.692 21.694 0.000 0.000 6.925 12.241 111.204 109.048 104.764 104.506 104.483 104.439 104.398 104.358 104.320 104.283 104.246 105.211 104.176 102.141 101.107 101.073 102.041 104.009 77.978 19.946 0.000 16.846 72.842 103.840 94.839 67.840 43.839 60.834
67.604 66.604 1.604 66.604 77.605 81.606 85.606 90.607 93.608 94.610 94.611 94.612 80.614 67.616 83.618 100.619 101.621 101.624 94.627 72.632 7.631 68.631 66.632 75.633 103.635 90.636 67.637 66.638 68.639 71.641 62.642 7.643 27.644 27.646 0.000 0.000 0.000 10.684 5.687 0.000 4.694 0.000 14.942 16.160 6.595 111.252 112.998 108.638 104.560 104.517 104.475 104.434 104.395 104.357 104.320 104.283 104.248 104.212 104.177 104.142 105.106 108.073 80.041 13.009 0.000 5.900 0.000 17.843 73.844 104.845 95.845 71.844 48.838
67.611 69.611 65.611 67.612 82.612 81.613 77.614 73.615 72.616 68.618 89.619 79.621 90.623 81.625 97.627 93.629 86.631 87.634 98.636 104.639 93.640 94.641 86.642 94.643 102.644 75.645 66.646 67.647 67.647 66.648 66.649 68.650 63.652 12.655 72.661 63.666 2.670 4.675 0.000 0.000 0.000 5.946 83.990 81.194 111.344 111.299 106.874 107.705 104.588 104.552 104.509 104.469 104.430 104.393 104.356 104.320 104.284 104.249 104.214 106.177 111.137 80.104 20.072 0.000 0.000 2.900 1.900 0.000 14.848 65.852 100.853 50.853 0.000
69.617 5.618 64.618 67.618 67.619 67.620 66.621 67.622 69.624 67.625 79.627 74.629 83.631 94.634 82.636 67.638 68.641 69.643 70.646 75.648 88.650 98.651 104.652 102.653 91.654 67.654 67.655 67.655 67.656 67.656 68.656 91.657 64.658 4.660 68.663 18.666 12.670 5.673 0.000 0.000 0.000 15.933 104.138 106.351 111.387 105.204 104.914 104.649 104.629 104.583 104.543 104.503 104.465 104.427 104.391 104.355 104.321 104.286 106.252 91.215 45.161 12.132 0.000 4.901 2.901 22.900 29.900 0.000 0.000 36.861 98.861 50.861 0.000
70.624 3.624 64.625 67.625 67.626 67.627 67.628 68.630 6.631 66.633 70.635 81.637 81.640 89.642 94.645 80.648 65.651 65.653 65.656 67.658 69.660 70.662 71.663 71.663 70.664 69.664 65.663 65.664 66.664 67.663 78.663 92.663 63.663 57.664 59.664 0.000 0.000 5.673 0.000 0.000 0.000 20.028 103.150 111.472 111.430 104.062 104.793 104.698 104.657 104.615 104.574 104.535 104.498 104.461 104.425 104.391 104.356 104.323 109.293 65.268 0.000 0.000 2.903 0.902 2.901 17.900 24.899 0.000 0.000 39.870 99.870 58.870 0.000
