results1/res_4e8f-0196.wd
ncols         241
nrows         181
xllcorner     12693529.787448
yllcorner     3542525.717860
cellsize      155.156523
NODATA_value  -9999.000000
[rows 99 to 131 of 181, columns 73 to 145 of 241]
59.925 59.901 59.876 58.850 58.822 63.794 66.766 63.739 59.718 59.709 53.710 9.716 0.000 0.000 0.000 0.000 0.000 14.910 72.877 97.832 95.825 94.981 101.648 101.578 94.676 95.373 95.219 95.109 96.004 95.903 94.813 98.736 57.683 0.000 0.000 0.000 0.000 0.000 0.000 34.879 60.803 72.699 40.568 22.363 52.268 55.182 53.086 56.967 53.786 51.518 21.206 45.965 49.837 64.751 70.688 73.641 71.606 66.582 59.566 54.558 49.555 27.549 0.000 0.000 0.000 0.000 21.922 39.922 51.922 75.921 76.921 76.921 76.921
59.975 59.953 58.928 56.902 60.874 65.844 66.810 66.773 60.745 57.729 62.723 62.722 23.723 0.000 17.542 47.489 24.377 4.177 61.082 100.961 96.210 96.226 101.708 93.989 95.777 95.430 95.342 95.229 95.121 95.018 96.927 95.854 31.807 0.000 0.000 0.000 0.000 0.000 3.185 39.058 44.962 55.874 4.805 0.000 47.386 55.326 54.234 58.109 57.935 28.727 0.000 40.868 54.810 59.746 80.694 81.654 81.624 82.602 83.587 81.579 62.575 0.578 0.591 1.597 0.000 0.000 0.000 38.921 51.921 75.921 76.921 76.921 76.921
60.027 59.007 58.983 61.957 64.928 65.896 40.859 4.797 33.759 69.739 42.731 16.726 8.724 0.000 28.594 78.550 75.463 67.348 86.229 97.379 94.366 101.790 95.271 96.076 95.642 95.576 95.458 95.347 95.234 96.122 94.024 81.945 28.884 1.852 0.000 0.000 0.000 3.413 42.311 49.208 47.114 48.031 20.972 0.000 53.565 71.502 64.415 59.302 34.118 0.000 0.828 23.829 13.789 53.729 78.689 82.658 80.634 80.615 80.602 82.594 55.592 49.596 49.598 55.598 0.000 0.000 0.000 15.921 50.921 75.921 76.921 76.921 76.920
59.082 58.063 63.040 66.014 65.984 65.954 30.931 0.000 0.749 12.738 3.734 0.000 0.000 0.000 21.691 84.651 90.581 98.494 98.453 95.577 102.129 101.920 95.237 95.947 95.798 95.688 95.579 95.466 95.346 101.212 51.101 19.018 2.931 0.504 7.047 9.976 0.000 33.515 51.440 47.348 47.254 46.164 52.081 17.993 46.807 72.701 71.622 69.564 0.000 0.000 43.828 0.000 0.000 51.691 80.674 84.655 81.637 80.623 78.612 67.605 48.601 44.601 45.600 29.599 0.000 0.000 0.000 0.000 46.920 75.920 76.920 76.920 72.920
58.140 64.123 66.101 66.074 64.041 70.004 39.982 0.000 0.000 0.000 0.000 0.000 0.000 0.000 32.829 90.782 93.721 97.598 96.834 96.847 102.316 94.624 96.329 96.003 95.917 95.807 95.700 99.593 105.471 60.278 29.151 4.095 0.000 0.000 0.000 6.905 34.833 57.690 51.587 44.488 49.390 53.292 50.194 48.091 61.969 65.874 55.807 63.769 0.000 0.000 11.828 0.000 0.000 57.671 81.662 86.651 85.638 81.627 76.618 45.612 43.608 44.606 51.604 0.000 0.000 0.000 0.000 40.920 44.920 73.920 76.920 76.920 70.920
65.203 66.189 66.168 65.139 43.102 9.039 28.010 30.010 0.000 0.000 0.000 0.000 0.000 24.131 77.013 90.935 93.840 95.998 97.007 102.646 102.488 95.599 96.300 96.138 96.032 95.925 99.824 61.734 21.667 0.000 39.130 25.115 0.000 0.000 0.000 0.000 42.905 76.826 67.730 62.629 57.524 58.419 56.313 57.207 70.104 64.020 47.963 49.935 0.000 0.000 0.000 0.000 0.000 57.658 85.654 50.647 48.638 80.628 83.622 53.616 44.613 49.610 19.607 0.000 0.000 0.000 0.000 13.920 40.920 58.920 74.920 77.920 70.920
66.271 66.261 62.241 66.213 48.190 0.000 19.010 49.010 0.000 0.000 0.000 0.000 14.345 76.250 90.157 96.078 96.049 96.191 102.929 102.792 94.927 96.702 96.351 96.260 96.146 96.037 99.935 71.852 3.796 0.000 9.125 12.120 0.000 0.000 0.000 0.000 30.057 61.979 66.879 76.772 72.661 60.547 63.432 72.320 67.219 55.140 47.089 48.075 22.120 23.132 0.000 0.000 0.000 55.651 89.648 3.645 0.000 29.627 76.623 66.620 47.617 26.613 0.000 0.000 0.000 0.000 0.000 0.000 13.920 37.920 63.919 73.919 66.919
64.348 61.344 60.323 76.282 55.256 0.000 18.010 46.010 0.000 0.000 0.000 8.513 72.441 85.364 95.294 98.174 97.418 95.448 103.056 94.236 96.011 92.569 94.496 96.373 96.257 97.141 91.029 80.942 28.869 0.000 0.000 0.000 0.000 0.000 0.000 17.464 52.285 57.155 57.035 58.918 67.799 70.676 73.548 67.422 54.313 48.231 47.178 46.154 50.155 35.143 0.000 0.000 0.000 44.645 81.643 47.640 36.634 28.629 71.625 77.623 57.621 0.000 0.000 8.625 0.000 0.000 0.000 0.000 0.000 32.919 56.919 61.919 48.919
58.434 67.444 63.426 4.334 5.295 0.000 9.010 9.010 0.000 0.000 0.000 9.585 88.541 90.483 98.394 97.560 96.582 103.281 103.173 96.195 95.882 95.723 95.605 94.487 95.368 97.242 54.097 5.020 0.000 0.000 0.000 0.000 0.000 21.003 37.869 52.644 63.465 60.319 59.190 56.066 56.942 59.809 71.663 72.508 64.379 53.292 46.239 46.210 48.201 0.000 0.000 0.000 0.000 29.642 71.640 49.638 45.634 45.630 77.627 80.625 63.624 26.625 16.625 59.625 0.000 0.000 0.000 0.000 0.000 35.919 59.919 54.919 40.919
59.529 69.570 56.604 0.000 0.000 0.000 6.010 18.010 2.010 0.000 0.833 75.701 85.657 97.600 97.595 96.738 103.474 103.381 95.507 97.282 96.933 96.840 96.721 96.603 98.484 48.363 0.000 0.000 0.000 0.000 0.000 10.468 36.344 53.137 65.961 61.776 60.611 60.467 60.338 61.216 59.093 57.957 31.787 50.566 75.404 57.321 45.274 48.247 46.237 34.244 0.000 0.000 0.000 30.640 63.638 41.636 0.000 0.000 33.626 70.626 59.625 68.625 75.625 34.625 0.000 0.000 0.000 0.000 0.000 10.919 50.919 48.919 41.919
57.621 61.705 60.815 36.979 0.000 0.000 0.000 4.010 7.010 0.000 28.926 88.843 95.783 97.706 97.865 95.988 103.559 95.794 97.576 97.142 97.073 96.953 97.837 98.720 60.602 0.000 0.000 0.000 0.000 0.000 12.754 55.593 66.426 62.240 61.061 60.890 60.736 60.600 60.479 60.367 60.258 69.138 7.962 0.000 43.347 52.316 44.287 53.268 53.257 35.250 0.000 0.000 0.000 0.000 47.635 84.634 52.632 0.000 26.627 71.626 65.626 56.626 56.625 0.000 0.000 0.000 0.000 0.000 0.000 0.000 29.919 40.919 41.919
69.694 7.815 63.972 62.142 51.343 10.463 0.686 0.000 0.000 20.096 79.028 92.962 98.903 97.889 97.043 103.705 103.636 96.743 97.441 97.290 97.180 98.070 99.954 60.837 0.000 0.000 0.000 0.000 11.259 42.136 52.915 64.722 61.529 61.335 58.152 57.988 57.844 58.719 60.610 60.514 63.433 40.374 0.000 0.000 23.323 48.308 47.292 65.279 61.272 0.000 0.000 0.000 0.000 0.000 31.633 76.632 88.631 45.629 71.628 85.627 77.626 53.626 46.626 18.626 0.000 0.000 0.000 0.000 0.000 0.000 35.919 41.919 45.919
51.734 4.889 66.117 56.276 63.422 55.566 16.813 4.077 13.171 80.165 89.125 99.084 97.972 98.240 96.267 103.765 96.031 97.824 97.484 97.401 98.293 99.192 53.073 0.000 0.000 0.000 0.000 3.519 54.382 65.234 63.049 61.850 63.634 63.418 69.226 74.064 68.932 61.821 55.727 59.648 65.587 23.551 0.000 0.000 19.313 51.302 52.293 74.285 62.281 0.000 0.000 0.000 0.000 0.000 19.631 71.631 80.630 85.629 81.628 81.627 85.627 69.626 48.626 49.626 18.626 11.626 0.000 0.000 0.000 37.918 42.918 40.918 45.918
0.000 0.000 34.330 85.422 48.505 0.000 0.000 18.248 78.270 83.264 97.243 98.153 98.433 96.364 103.849 96.288 98.097 97.674 97.617 98.506 95.401 50.332 0.000 0.000 0.000 0.000 9.794 56.656 64.517 62.368 62.197 65.996 40.740 19.476 22.271 39.111 65.000 66.908 67.828 59.763 60.716 21.691 0.000 0.000 0.000 32.296 50.292 57.288 56.286 5.286 0.000 0.000 0.000 0.000 19.630 62.630 75.629 80.629 81.628 82.627 78.627 74.626 59.626 47.626 51.626 57.626 0.000 0.000 0.000 3.918 40.918 41.918 43.918
0.000 0.000 11.453 86.575 73.672 0.000 0.000 25.396 86.397 94.389 98.342 99.538 99.575 104.163 103.972 97.238 97.954 97.816 97.718 92.615 82.473 33.402 0.000 0.000 9.176 45.091 53.932 65.795 62.662 62.525 66.374 44.197 2.003 0.000 0.000 25.107 63.050 59.981 63.915 69.861 69.824 47.806 0.000 0.000 0.000 14.293 52.291 46.289 53.287 4.287 0.000 0.000 0.000 0.000 24.629 49.629 66.629 80.628 75.628 68.627 70.627 31.626 56.626 65.626 58.626 54.626 0.000 0.000 0.000 0.000 0.918 35.918 40.918
0.000 0.000 0.000 14.755 63.934 3.404 13.544 79.543 91.537 98.523 98.543 98.722 104.511 104.342 96.524 98.323 97.991 97.919 90.831 56.763 0.000 0.000 0.000 17.341 63.260 57.167 65.048 62.928 62.811 63.695 41.577 2.408 0.000 0.000 0.000 24.161 66.112 60.050 59.991 61.943 65.911 67.903 19.934 0.000 0.000 0.000 33.290 52.289 27.288 0.000 0.000 0.000 0.000 0.000 17.629 45.629 56.628 63.628 55.628 52.627 17.627 0.000 5.626 49.626 53.626 62.625 0.000 0.000 0.000 0.000 0.000 29.918 40.918
0.000 0.000 0.000 0.000 1.376 13.629 82.685 87.693 98.690 98.626 99.914 99.989 104.671 96.822 98.602 98.171 98.112 88.011 76.924 40.844 0.000 0.000 0.000 57.422 79.356 64.267 56.165 64.060 61.958 64.867 34.800 0.000 0.000 0.000 20.357 55.263 62.186 61.117 61.056 58.008 53.976 55.962 17.965 0.000 0.000 0.000 14.289 59.289 7.289 0.000 0.000 0.000 0.000 0.000 17.628 47.628 46.628 45.628 43.628 49.628 0.000 0.000 0.000 24.626 47.625 65.625 9.625 0.000 0.000 0.000 0.000 0.918 33.918
0.000 0.000 0.000 0.000 0.000 85.875 84.872 98.862 98.822 100.029 100.105 104.963 104.821 97.775 99.460 97.305 83.191 72.097 46.011 0.000 0.000 0.000 51.687 69.570 69.475 76.381 64.284 54.188 60.096 70.014 72.956 35.952 0.000 0.000 19.450 67.349 61.254 61.174 60.108 56.057 50.022 51.004 16.998 0.000 0.000 0.000 0.000 32.289 40.289 0.000 0.000 0.000 0.000 0.000 25.628 49.628 43.628 44.628 44.628 46.627 29.627 0.000 0.000 0.000 34.625 55.625 33.625 7.625 0.000 0.000 0.000 0.000 28.918
0.000 0.000 0.000 0.000 25.249 86.125 98.069 99.034 100.047 102.237 105.228 105.097 97.080 98.845 95.498 84.399 73.255 45.176 0.000 0.000 0.000 53.917 74.804 60.695 52.594 66.498 78.403 66.311 69.223 70.139 57.056 62.949 41.702 4.174 27.645 59.428 55.306 62.218 57.145 49.089 48.053 52.033 14.025 0.000 0.000 0.000 0.000 19.289 59.289 4.288 0.000 0.000 0.000 0.000 0.000 31.628 46.628 44.628 44.627 44.627 52.627 0.000 0.000 0.000 0.000 36.625 47.625 53.625 0.000 0.000 0.000 0.000 0.000
0.000 0.000 0.000 0.000 68.373 94.305 100.253 99.160 99.431 97.514 105.353 97.361 99.127 93.696 82.629 57.510 0.000 0.000 0.000 0.000 54.143 75.030 61.918 50.811 50.709 52.612 63.520 78.431 69.345 54.263 62.179 64.087 37.984 0.000 24.529 84.413 71.324 60.249 54.165 50.100 47.068 48.051 42.044 6.048 0.000 0.000 0.000 0.000 38.288 10.288 0.000 0.000 0.000 0.000 0.000 11.628 48.628 44.627 44.627 44.627 46.627 30.627 0.000 0.000 0.000 17.625 44.625 47.625 0.000 0.000 0.000 0.000 0.000
0.000 0.000 0.000 71.688 68.563 74.481 89.392 100.568 97.633 105.587 105.472 98.294 93.981 82.835 61.729 0.000 0.000 35.747 0.000 6.375 79.256 62.140 51.028 51.921 50.819 53.723 67.632 76.546 77.465 61.388 57.312 68.234 42.163 0.000 0.000 15.370 28.327 10.288 0.000 20.080 51.068 58.058 59.053 45.053 0.000 0.000 0.000 0.000 0.000 0.000 0.000 0.000 0.000 0.000 0.000 12.627 48.627 47.627 50.627 45.627 42.627 51.627 0.000 0.000 0.000 24.625 58.625 63.625 0.000 0.000 0.000 0.000 0.000
0.000 0.000 10.917 72.813 69.714 70.633 80.609 96.775 105.805 105.697 97.572 94.338 82.009 55.934 0.000 0.000 52.795 51.747 33.650 17.495 67.366 51.247 52.134 51.026 51.924 66.829 72.740 36.657 27.582 79.512 65.446 43.376 4.269 0.000 0.000 0.000 0.000 0.000 0.000 17.071 69.066 63.061 60.057 56.056 11.057 0.000 0.000 0.000 0.000 0.000 0.000 0.000 0.000 0.000 0.000 36.627 45.627 20.627 0.000 20.627 45.627 49.627 0.000 0.000 0.000 26.625 62.625 31.625 0.000 0.000 0.000 0.000 0.000
0.000 86.111 74.021 70.932 68.853 69.731 70.974 75.040 105.909 96.813 92.575 82.165 56.122 0.000 0.000 0.000 56.843 54.796 74.708 58.588 51.466 52.347 51.233 54.125 74.023 70.928 51.841 47.762 52.692 80.632 77.585 41.555 0.000 0.000 0.000 0.000 0.000 0.000 0.000 17.068 76.064 76.061 71.059 62.058 7.058 0.000 0.000 0.000 0.000 0.000 0.000 0.000 0.000 0.000 9.627 48.627 50.627 0.000 0.000 5.627 48.627 49.627 0.000 0.000 0.000 0.000 33.625 0.000 0.000 0.000 0.000 0.000 0.000
2.272 84.200 98.124 90.049 74.951 76.108 68.157 106.105 106.009 75.696 80.374 56.272 0.000 0.000 0.000 0.000 58.938 71.886 69.797 51.684 51.564 51.443 62.327 74.217 63.114 52.019 51.933 51.857 52.792 61.741 79.707 75.703 36.757 0.000 0.000 0.000 0.000 0.000 0.000 0.000 62.062 64.061 76.059 77.059 33.058 0.000 0.000 0.000 0.000 0.000 0.000 0.000 0.000 0.000 40.627 50.627 27.627 0.000 0.000 9.627 49.627 47.627 0.000 0.000 0.000 0.000 0.000 0.000 0.000 0.000 0.000 0.000 0.000
20.344 97.294 100.229 100.160 95.134 85.289 106.293 106.199 67.861 62.632 0.000 0.271 0.000 0.000 0.000 0.000 70.085 75.014 50.909 52.788 52.661 64.535 73.415 55.303 52.198 52.102 52.016 51.941 51.879 51.831 60.800 80.792 73.811 47.842 38.855 42.858 11.859 0.000 0.000 0.000 1.061 42.060 82.059 82.059 43.059 0.000 0.000 0.000 0.000 0.000 0.000 0.000 0.000 0.000 29.627 28.627 0.000 0.000 0.000 0.000 29.627 56.627 0.000 0.000 0.000 0.000 0.000 0.000 0.000 0.000 0.000 0.000 0.000
90.466 100.402 100.343 100.231 104.475 95.535 106.384 67.972 70.654 65.327 0.000 0.000 0.000 0.000 0.000 63.458 75.303 52.174 53.038 52.897 60.756 73.622 51.496 52.380 52.273 52.175 52.088 52.013 51.951 51.903 51.870 55.854 56.853 51.860 52.864 59.860 41.860 0.000 0.000 0.000 0.000 0.000 37.059 73.059 36.059 0.000 0.000 0.000 0.000 0.000 0.000 0.000 0.000 0.000 0.000 0.000 0.000 0.000 0.000 0.000 0.000 8.627 0.000 0.000 0.000 0.000 0.000 0.000 0.000 0.000 0.000 0.000 0.000
96.573 96.514 100.428 101.592 98.640 106.559 106.472 72.648 57.104 2.228 5.227 2.227 0.000 0.000 0.000 80.612 57.496 53.342 53.173 55.005 75.846 55.700 52.568 52.448 52.338 52.237 52.147 52.071 52.009 51.960 51.925 50.901 49.887 52.882 34.880 0.000 0.000 0.000 0.000 0.000 0.000 0.000 0.000 66.059 54.059 21.059 0.000 0.000 0.000 0.000 0.000 0.000 0.000 0.000 0.000 0.000 0.000 0.000 0.000 0.000 0.000 0.000 0.000 0.000 0.000 0.000 0.000 0.000 0.000 0.000 0.000 0.000 0.000
75.687 75.623 79.603 75.761 106.730 106.645 84.148 65.362 56.301 0.000 0.227 2.227 0.000 0.000 0.000 55.882 51.727 51.525 50.308 63.103 55.922 49.764 50.628 50.506 50.394 50.287 51.193 52.116 52.054 52.005 50.967 48.937 50.914 50.900 47.895 37.897 40.897 42.897 41.897 43.897 14.897 0.000 0.000 4.059 63.059 35.059 0.000 0.000 0.000 0.000 0.000 0.000 0.000 0.000 0.000 0.000 0.000 0.000 0.000 0.000 0.000 0.000 0.000 0.000 0.000 0.000 0.000 0.000 0.000 0.000 0.000 0.000 0.000
90.803 112.692 77.940 108.000 106.813 66.691 57.291 0.000 71.717 30.067 0.000 0.000 0.000 0.000 99.684 78.306 49.006 56.723 67.432 66.177 61.976 59.808 59.673 59.555 58.443 52.326 48.223 52.145 52.085 52.039 51.001 50.967 54.931 54.911 55.901 65.899 65.898 61.897 54.897 53.897 32.896 0.000 0.000 0.000 22.059 28.059 0.000 0.000 0.000 0.000 0.000 0.000 0.000 0.000 0.000 0.000 0.000 0.000 0.000 0.000 0.000 0.000 0.000 0.000 0.000 0.000 0.000 0.000 0.000 0.000 0.000 0.000 0.000
138.884 117.481 115.528 106.966 106.891 94.778 0.000 38.761 66.760 140.419 115.886 2.156 47.226 36.644 98.062 57.653 55.268 126.929 117.519 113.196 112.996 111.818 110.700 109.599 108.497 79.351 46.228 52.155 52.103 52.064 52.032 44.000 0.000 0.000 0.000 0.000 0.000 0.000 18.897 70.896 49.896 20.896 0.000 0.000 0.000 0.000 0.000 0.000 0.000 0.000 0.000 0.000 0.000 0.000 0.000 0.000 0.000 0.000 0.000 0.000 0.000 0.000 0.000 0.000 0.000 0.000 0.000 0.000 0.000 0.000 0.000 0.000 0.000
97.053 116.640 107.105 107.037 91.297 0.000 0.000 0.000 10.148 61.960 49.699 0.000 28.463 0.000 57.267 53.976 63.483 119.206 0.000 5.091 0.000 55.768 64.708 125.645 38.597 0.000 56.186 52.143 52.107 53.081 35.064 0.000 0.000 0.000 0.000 0.000 0.000 0.000 0.000 23.896 70.896 26.896 0.000 0.000 0.000 0.000 0.000 0.000 0.000 0.000 0.000 0.000 0.000 0.000 0.000 0.000 0.000 0.000 0.000 0.000 0.000 0.000 0.000 0.000 0.000 0.000 0.000 0.000 0.000 0.000 0.000 0.000 0.000
117.809 115.864 107.169 115.788 117.635 37.923 0.000 17.723 44.723 54.576 31.250 8.475 49.700 95.265 93.764 86.500 0.000 38.206 0.000 16.987 38.883 66.778 111.720 74.676 39.648 0.000 0.000 58.123 52.103 53.088 34.080 0.000 0.000 0.000 0.000 0.000 0.000 0.000 0.000 0.000 17.896 56.896 21.896 0.000 0.000 0.000 0.000 0.000 0.000 0.000 0.000 0.000 0.000 0.000 0.000 0.000 0.000 0.000 0.000 0.000 0.000 0.000 0.000 0.000 0.000 0.000 0.000 0.000 0.000 0.000 0.000 0.000 0.000
115.942 107.284 107.229 96.293 39.059 0.000 0.000 0.000 6.445 33.370 0.000 0.000 42.598 86.332 140.022 75.761 0.000 0.000 0.000 0.000 0.000 80.742 115.718 45.692 42.670 0.000 0.000 0.000 57.095 51.090 49.086 47.087 35.087 0.000 0.000 0.000 0.000 0.000 0.000 0.000 12.896 70.896 28.896 0.000 0.000 0.000 0.000 0.000 0.000 0.000 0.000 0.000 0.000 0.000 0.000 0.000 0.000 0.000 0.000 0.000 0.000 0.000 0.000 0.000 0.000 0.000 0.000 0.000 0.000 0.000 0.000 0.000 0.000
