results1/res_4e8f-0053.wd
ncols         241
nrows         181
xllcorner     12693529.787448
yllcorner     3542525.717860
cellsize      155.156523
NODATA_value  -9999.000000
[rows 99 to 131 of 181, columns 74 to 147 of 241]
50.473 50.473 49.475 49.479 54.485 57.493 54.502 50.510 50.514 44.514 0.511 0.000 0.000 0.000 0.000 0.000 7.234 65.424 90.490 88.552 87.763 94.534 94.462 87.570 88.263 88.106 87.993 88.884 88.781 87.687 91.606 50.549 0.000 0.000 0.000 0.000 0.000 0.000 7.727 33.563 45.381 13.126 0.000 24.662 27.620 25.562 29.484 26.235 23.720 0.000 17.408 21.346 36.276 42.220 45.177 43.144 38.120 31.104 26.094 21.090 0.000 0.000 0.000 0.000 0.000 0.000 11.433 23.432 47.431 48.431 48.430 48.429 46.429 0.000
50.476 49.475 47.477 51.479 56.484 57.490 57.500 51.507 48.510 53.511 53.510 14.510 0.000 10.739 40.713 17.675 0.000 53.788 93.717 89.004 89.051 94.594 86.897 88.682 88.331 88.238 88.122 88.011 87.906 89.812 88.733 24.679 0.000 0.000 0.000 0.000 0.000 0.000 11.892 17.804 28.720 0.000 0.000 19.858 27.820 26.754 30.654 30.502 1.234 0.000 12.364 26.320 31.251 52.207 53.173 53.147 54.127 55.112 53.103 34.098 0.000 0.000 0.000 0.000 0.000 0.000 10.429 23.426 47.425 48.424 48.423 48.422 41.421 1.420
49.477 49.476 52.477 55.479 56.481 31.484 0.000 24.508 60.509 33.510 7.510 0.000 0.000 21.765 71.725 68.637 60.455 79.145 90.249 87.227 94.677 88.192 88.996 88.558 88.487 88.364 88.248 88.131 89.020 86.921 74.834 21.757 0.000 0.000 0.000 0.000 0.000 15.310 22.146 20.040 20.975 0.000 0.000 26.091 44.049 36.979 31.876 6.689 0.000 0.000 0.000 0.000 25.202 50.184 54.163 52.144 52.128 52.115 54.107 27.102 21.101 21.100 27.100 0.000 0.000 0.000 0.000 22.420 47.419 48.418 48.417 48.416 31.414 0.000
48.476 53.476 56.476 56.477 56.479 21.480 0.000 0.000 3.509 0.000 0.000 0.000 0.000 14.831 77.785 83.695 91.557 91.435 88.519 95.055 94.819 88.171 88.879 88.726 88.611 88.494 88.373 88.247 94.121 44.019 11.927 0.000 0.000 0.000 0.000 0.000 6.616 24.476 20.341 20.235 19.166 25.171 0.000 19.368 45.305 44.237 42.183 0.000 0.000 0.000 0.000 0.000 23.172 52.164 56.151 53.138 52.125 50.115 39.107 20.103 16.101 17.100 1.099 0.000 0.000 0.000 0.000 18.414 47.413 48.412 48.411 44.409 11.407 16.401
54.475 56.474 56.475 54.475 60.477 30.478 0.000 0.000 0.000 0.000 0.000 0.000 0.000 25.944 83.888 86.807 90.648 89.840 89.820 95.265 87.578 89.279 88.950 88.858 88.743 88.627 92.504 98.364 53.198 22.108 0.000 0.000 0.000 0.000 0.000 7.871 30.757 24.635 17.509 22.392 26.285 23.177 20.991 34.708 38.567 28.482 36.437 0.000 0.000 0.000 0.000 0.000 29.151 53.147 58.141 57.132 53.121 48.112 17.105 15.102 16.100 23.100 0.000 0.000 0.000 0.000 12.409 16.409 45.408 48.407 48.406 42.404 13.402 12.399
56.473 56.472 55.473 33.473 0.000 18.476 20.476 0.000 0.000 0.000 0.000 0.000 17.231 70.112 84.026 86.912 89.045 90.025 95.631 95.456 88.567 89.265 89.099 88.989 88.877 92.766 54.652 14.508 0.000 32.107 18.107 0.000 0.000 0.000 0.000 15.984 49.908 40.797 35.670 30.538 31.404 29.260 30.090 42.905 36.772 20.688 22.646 0.000 0.000 0.000 0.000 0.000 29.135 57.134 22.134 20.127 52.117 55.106 25.101 16.098 21.099 0.000 0.000 0.000 0.000 0.000 0.000 12.407 30.404 46.403 49.401 42.400 13.398 12.396
56.470 52.470 56.471 38.471 0.000 9.476 39.475 0.000 0.000 0.000 0.000 7.447 69.349 83.251 89.161 89.116 89.239 95.942 95.792 87.917 89.685 89.329 89.236 89.120 89.010 92.909 64.830 0.000 0.000 2.107 5.107 0.000 0.000 0.000 0.000 3.174 35.095 39.975 49.836 45.688 33.533 36.371 45.205 40.050 27.929 19.851 20.814 0.000 0.000 0.000 0.000 0.000 27.120 61.119 0.000 0.000 1.106 48.097 38.094 19.092 0.000 0.000 0.000 0.000 0.000 0.000 0.000 0.000 9.400 35.399 45.398 38.396 14.395 12.393
51.467 50.468 66.470 45.470 0.000 8.475 36.475 0.000 0.000 0.000 1.648 65.545 78.467 88.388 91.256 90.483 88.496 96.081 87.246 89.012 85.565 87.487 89.362 89.247 90.135 84.029 73.929 21.929 0.000 0.000 0.000 0.000 0.000 0.000 0.000 25.444 30.323 30.172 32.012 40.845 43.669 46.485 40.311 27.159 21.045 19.973 18.946 22.981 7.980 0.000 0.000 0.000 16.108 53.102 19.092 8.089 0.072 43.087 49.085 29.084 0.000 0.000 0.000 0.000 0.000 0.000 0.000 0.000 4.396 28.395 33.394 20.393 12.392 12.391
57.464 53.464 0.000 0.000 0.000 0.000 0.000 0.000 0.000 0.000 2.736 81.668 83.597 91.494 90.644 89.647 96.324 96.208 89.213 88.894 88.730 88.608 87.488 88.371 90.255 47.142 0.000 0.000 0.000 0.000 0.000 0.000 0.000 11.510 26.251 36.835 33.582 32.379 29.194 30.011 32.814 44.591 45.393 37.232 26.120 19.050 19.018 21.016 0.000 0.000 0.000 0.000 1.094 43.090 21.087 17.086 17.083 49.080 52.077 35.075 0.000 0.000 31.052 0.000 0.000 0.000 0.000 0.000 7.394 31.392 26.391 12.391 12.391 11.390
59.460 46.460 0.000 0.000 0.000 0.000 0.000 0.000 0.000 0.000 68.856 78.798 90.724 90.701 89.826 96.529 96.430 88.543 90.309 89.954 89.855 89.732 89.612 91.492 41.374 0.000 0.000 0.000 0.000 0.000 0.000 10.502 27.215 39.769 35.409 34.063 33.791 33.569 34.376 32.191 30.985 4.672 23.440 48.255 30.152 18.091 21.059 19.049 7.054 0.000 0.000 0.000 2.085 35.081 13.078 0.000 0.000 5.074 42.068 31.064 40.056 47.053 6.052 0.000 0.000 0.000 0.000 0.000 0.000 22.389 20.388 13.388 15.389 13.390
51.458 50.457 26.455 0.000 0.000 0.000 0.000 0.000 0.000 22.158 82.032 88.944 90.841 90.978 89.078 96.619 88.846 90.619 90.177 90.102 89.976 90.856 91.734 53.613 0.000 0.000 0.000 0.000 0.000 0.000 30.193 40.789 36.375 34.941 34.553 34.219 33.950 33.732 33.549 33.392 42.263 0.000 0.000 16.198 25.142 17.103 26.079 26.067 8.060 0.000 0.000 0.000 0.000 19.071 56.067 24.061 0.000 0.000 43.058 37.056 28.053 28.051 0.000 0.000 0.000 0.000 0.000 0.000 0.000 1.385 12.385 13.385 0.000 0.000
0.000 53.454 51.454 40.453 0.000 0.000 0.000 0.000 13.395 72.283 86.174 92.079 91.034 90.163 96.770 96.699 89.800 90.492 90.333 90.217 91.101 92.980 53.857 0.000 0.000 0.000 0.000 0.000 17.484 28.169 39.598 36.086 35.557 32.068 31.642 31.311 32.057 33.858 33.699 36.564 13.413 0.000 0.000 0.000 21.115 20.100 38.087 34.079 0.000 0.000 0.000 0.000 0.000 3.065 48.059 60.054 17.050 43.048 57.050 49.050 25.048 18.047 0.000 0.000 0.000 0.000 0.000 0.000 0.000 7.382 13.382 17.382 0.000 0.000
0.000 55.453 45.452 52.452 44.451 5.451 0.000 6.608 73.507 82.404 92.311 91.157 91.390 89.387 96.831 89.104 90.889 90.542 90.452 91.337 92.231 46.105 0.000 0.000 0.000 0.000 0.000 30.134 40.799 38.426 36.944 38.401 37.697 43.134 47.637 42.327 35.109 28.946 32.826 38.751 0.000 0.000 0.000 0.000 24.103 25.096 47.089 35.085 0.000 0.000 0.000 0.000 0.000 0.000 43.051 52.049 57.047 53.046 53.046 57.045 41.044 20.042 21.039 0.000 0.000 0.000 0.000 0.000 9.380 14.380 12.380 17.380 0.000 0.000
0.000 23.452 74.452 37.451 0.000 0.000 11.793 71.710 76.619 90.532 91.387 91.621 89.512 96.915 89.373 91.177 90.746 90.682 91.564 88.453 43.379 0.000 0.000 0.000 0.000 0.000 32.782 40.470 38.151 37.793 41.352 15.876 0.000 0.000 12.444 38.252 40.106 40.992 32.909 33.863 0.000 0.000 0.000 0.000 5.098 23.093 30.089 29.087 0.000 0.000 0.000 0.000 0.000 0.000 34.045 47.044 52.043 53.042 54.042 50.042 46.041 31.039 19.036 23.032 29.031 0.000 0.000 0.000 0.000 12.379 13.378 15.378 0.000 0.000
0.000 0.450 75.451 62.451 0.000 0.000 18.878 79.816 87.739 91.630 92.771 92.758 97.258 97.047 90.330 91.040 90.895 90.790 85.681 75.529 26.454 0.000 0.000 0.000 21.587 30.419 42.093 38.815 38.544 42.241 19.797 0.000 0.000 0.000 0.000 36.131 33.071 37.006 42.955 42.930 20.942 0.000 0.000 0.000 0.000 25.090 19.088 26.087 0.000 0.000 0.000 0.000 0.000 0.000 21.040 38.039 52.039 47.038 40.039 42.040 3.039 28.037 37.033 30.031 26.030 0.000 0.000 0.000 0.000 0.000 7.376 12.376 17.375 0.000
0.000 0.000 3.451 52.451 0.000 7.127 73.023 84.941 91.861 91.822 91.949 97.638 97.454 89.632 91.424 91.083 91.005 83.911 49.839 0.000 0.000 0.000 0.000 39.923 33.756 41.577 39.358 39.151 39.969 17.832 0.000 0.000 0.000 0.000 0.000 39.069 33.043 33.007 34.976 38.958 40.956 0.000 0.000 0.000 0.000 6.088 25.087 0.041 0.000 0.000 0.000 0.000 0.000 0.000 17.036 28.036 35.035 27.035 24.035 0.000 0.000 0.000 21.031 25.029 34.028 0.000 0.000 0.000 0.000 0.000 1.375 12.374 13.374 0.000
0.000 0.000 0.000 0.000 7.312 76.231 81.146 92.072 91.946 93.178 93.204 97.810 89.947 91.718 91.278 91.211 81.103 70.010 33.924 0.000 0.000 0.000 34.247 56.091 40.935 32.776 40.612 38.464 41.349 11.287 0.000 0.000 0.000 0.000 28.028 35.035 34.023 34.004 30.985 26.972 28.967 0.000 0.000 0.000 0.000 0.000 32.085 0.000 0.000 0.000 0.000 0.000 0.000 0.000 19.032 18.032 17.032 15.031 21.031 0.000 0.000 0.000 0.000 19.025 37.025 0.000 0.000 0.000 0.000 0.000 0.000 5.374 18.373 31.373
0.000 0.000 0.000 0.000 79.394 78.337 92.267 92.169 93.322 93.347 98.123 97.971 90.905 92.582 90.418 76.295 65.196 39.103 0.000 0.000 0.000 28.547 46.403 46.260 53.118 40.981 30.851 36.743 46.676 49.679 12.830 0.000 0.000 0.000 40.021 34.020 34.012 33.000 28.988 22.978 23.973 0.000 0.000 0.000 0.000 0.000 5.083 13.082 0.000 0.000 0.000 0.000 0.000 0.000 21.030 15.029 16.029 16.028 18.027 1.025 0.000 0.000 0.000 6.023 27.022 5.020 0.000 0.000 0.000 0.000 0.000 0.368 0.000 0.000
0.000 0.000 0.000 18.622 79.532 91.459 92.388 93.358 95.504 98.404 98.266 90.226 91.981 88.626 77.518 66.364 38.280 0.000 0.000 0.000 30.824 51.691 37.558 29.426 43.298 55.177 43.069 45.983 46.931 33.927 39.980 19.048 0.000 0.000 32.015 28.012 35.006 29.998 21.988 20.980 24.975 0.000 0.000 0.000 0.000 0.000 0.000 32.082 0.000 0.000 0.000 0.000 0.000 0.000 3.028 18.027 16.026 16.026 16.025 24.023 0.000 0.000 0.000 0.000 8.020 19.018 25.017 0.000 0.000 0.000 0.000 0.000 0.000 0.000
0.000 0.000 0.000 61.712 87.652 93.588 92.470 92.708 90.756 98.535 90.519 92.276 86.838 75.763 50.637 0.000 0.000 0.000 0.000 31.067 51.956 38.837 27.713 27.590 29.471 40.362 55.266 46.190 31.139 39.117 41.117 15.116 0.000 0.000 57.012 44.009 33.004 26.996 22.987 19.978 20.973 14.971 0.000 0.000 0.000 0.000 0.000 11.081 0.000 0.000 0.000 0.000 0.000 0.000 0.000 20.024 16.024 16.024 16.023 18.021 2.020 0.000 0.000 0.000 0.000 16.016 19.016 0.000 0.000 0.000 0.000 0.000 0.000 0.000
0.000 0.000 64.971 61.863 67.784 82.686 93.842 90.880 98.779 98.660 91.454 87.134 75.981 54.869 0.000 0.000 13.282 0.000 0.000 56.177 39.098 27.988 28.869 27.749 30.636 44.532 53.443 54.371 38.319 34.284 45.254 19.185 0.000 0.000 0.000 1.008 0.000 0.000 0.000 23.972 30.970 31.968 17.967 0.000 0.000 0.000 0.000 0.000 0.000 0.000 0.000 0.000 0.000 0.000 0.000 20.022 19.023 22.022 17.022 14.020 23.019 0.000 0.000 0.000 0.000 30.015 35.015 0.000 0.000 0.000 0.000 0.000 0.000 0.000
0.000 4.172 66.079 62.987 63.906 73.872 90.021 99.005 98.893 90.742 87.500 75.166 49.085 0.000 0.000 30.317 29.282 11.233 0.000 44.368 28.271 29.149 28.024 28.903 43.790 49.690 13.603 4.534 56.482 42.448 20.429 0.000 0.000 0.000 0.000 0.000 0.000 0.000 0.000 41.968 35.967 32.966 28.965 0.000 0.000 0.000 0.000 0.000 0.000 0.000 0.000 0.000 0.000 0.000 8.018 17.019 0.000 0.000 0.000 17.018 21.018 0.000 0.000 0.000 0.000 34.014 3.014 0.000 0.000 0.000 0.000 0.000 0.000 0.000
79.342 67.265 64.184 62.108 62.983 64.217 68.269 99.112 89.986 85.742 75.329 49.282 0.000 0.000 0.000 34.353 32.298 52.183 35.963 28.656 29.468 28.315 31.176 51.049 47.934 28.833 24.747 29.679 57.629 54.598 18.586 0.000 0.000 0.000 0.000 0.000 0.000 0.000 0.000 48.966 48.965 43.964 34.964 0.000 0.000 0.000 0.000 0.000 0.000 0.000 0.000 0.000 0.000 0.000 20.017 22.018 0.000 0.000 0.000 20.017 21.017 0.000 0.000 0.000 0.000 5.014 0.000 0.000 0.000 0.000 0.000 0.000 0.000 0.000
77.418 91.363 83.293 68.194 69.346 61.385 99.314 99.215 68.862 73.540 49.436 0.000 0.000 0.000 0.000 36.445 49.373 47.240 29.049 28.826 28.633 39.465 51.316 40.182 29.064 28.961 28.874 29.805 38.756 56.729 52.732 13.788 0.000 0.000 0.000 0.000 0.000 0.000 0.000 34.964 36.963 48.963 49.962 5.961 0.000 0.000 0.000 0.000 0.000 0.000 0.000 0.000 0.000 12.015 22.016 0.000 0.000 0.000 0.000 21.016 19.016 0.000 0.000 0.000 0.000 0.000 0.000 0.000 0.000 0.000 0.000 0.000 0.000 0.000
90.551 93.476 93.402 88.371 78.518 99.507 99.411 60.989 55.780 0.000 0.000 0.000 0.000 0.000 0.000 47.608 52.509 28.357 30.168 29.965 41.772 50.598 32.441 29.302 29.179 29.073 28.984 28.913 28.862 37.832 57.825 50.844 24.875 15.887 19.889 0.000 0.000 0.000 0.000 0.000 14.962 54.961 54.960 15.960 0.000 0.000 0.000 0.000 0.000 0.000 0.000 0.000 0.000 1.014 0.000 0.000 0.000 0.000 0.000 1.015 28.016 0.000 0.000 0.000 0.000 0.000 0.000 0.000 0.000 0.000 0.000 0.000 0.000 0.000
93.663 93.594 93.473 97.709 88.760 99.602 61.041 63.702 58.478 0.000 0.000 0.000 0.000 0.000 41.066 52.871 29.699 30.509 30.303 38.093 50.894 28.713 29.550 29.405 29.277 29.167 29.075 29.002 28.947 28.911 32.892 33.889 28.894 29.896 36.893 18.892 0.000 0.000 0.000 0.000 0.000 9.960 45.959 8.959 0.000 0.000 0.000 0.000 0.000 0.000 0.000 0.000 0.000 0.000 0.000 0.000 0.000 0.000 0.000 0.000 0.000 0.000 0.000 0.000 0.000 0.000 0.000 0.000 0.000 0.000 0.000 0.000 0.000 0.000
89.774 93.679 94.834 91.873 99.786 99.694 65.619 49.948 0.000 0.000 0.000 0.000 0.000 0.000 58.260 35.112 30.908 30.679 32.442 53.212 32.999 29.809 29.641 29.492 29.359 29.244 29.149 29.073 29.015 28.972 27.943 26.926 29.917 11.913 0.000 0.000 0.000 0.000 0.000 0.000 0.000 0.000 38.958 26.958 0.000 0.000 0.000 0.000 0.000 0.000 0.000 0.000 0.000 0.000 0.000 0.000 0.000 0.000 0.000 0.000 0.000 0.000 0.000 0.000 0.000 0.000 0.000 0.000 0.000 0.000 0.000 0.000 0.000 0.000
68.883 72.855 69.006 99.968 99.877 77.220 58.249 48.922 0.000 0.000 0.000 0.000 0.000 0.000 33.605 29.407 29.144 27.855 40.574 33.314 27.082 27.885 27.714 27.562 27.423 28.302 29.204 29.127 29.067 28.021 25.984 27.955 27.936 24.925 14.922 17.917 19.912 18.907 20.904 0.000 0.000 0.000 0.000 35.957 7.956 0.000 0.000 0.000 0.000 0.000 0.000 0.000 0.000 0.000 0.000 0.000 0.000 0.000 0.000 0.000 0.000 0.000 0.000 0.000 0.000 0.000 0.000 0.000 0.000 0.000 0.000 0.000 0.000 0.000
105.953 71.194 101.246 100.057 59.876 50.418 0.000 63.848 21.893 0.000 0.000 0.000 0.000 77.602 56.146 26.770 34.406 45.025 43.685 39.388 37.132 36.933 36.769 35.619 29.469 25.338 29.238 29.163 29.106 28.060 28.018 31.973 31.947 32.932 42.923 42.917 38.912 31.907 30.901 9.898 0.000 0.000 0.000 0.000 0.955 0.000 0.000 0.000 0.000 0.000 0.000 0.000 0.000 0.000 0.000 0.000 0.000 0.000 0.000 0.000 0.000 0.000 0.000 0.000 0.000 0.000 0.000 0.000 0.000 0.000 0.000 0.000 0.000 0.000
110.745 108.786 100.222 100.142 87.980 0.000 30.707 58.707 131.939 107.355 0.000 25.048 14.553 76.059 35.608 33.122 104.684 95.154 90.753 90.422 89.124 87.948 86.810 85.678 56.496 23.342 29.248 29.183 29.134 29.095 21.057 0.000 0.000 0.000 0.000 0.000 0.000 0.000 47.897 26.895 0.000 0.000 0.000 0.000 0.000 0.000 0.000 0.000 0.000 0.000 0.000 0.000 0.000 0.000 0.000 0.000 0.000 0.000 0.000 0.000 0.000 0.000 0.000 0.000 0.000 0.000 0.000 0.000 0.000 0.000 0.000 0.000 0.000 0.000
109.908 100.371 100.298 84.552 0.000 0.000 0.000 1.662 52.801 40.771 0.000 6.543 0.000 35.474 32.103 41.427 97.055 0.000 0.000 0.000 32.995 41.924 102.847 15.787 0.000 33.286 29.231 29.186 30.152 12.131 0.000 0.000 0.000 0.000 0.000 0.000 0.000 0.000 0.893 47.890 3.884 0.000 0.000 0.000 0.000 0.000 0.000 0.000 0.000 0.000 0.000 0.000 0.000 0.000 0.000 0.000 0.000 0.000 0.000 0.000 0.000 0.000 0.000 0.000 0.000 0.000 0.000 0.000 0.000 0.000 0.000 0.000 0.000 0.000
109.136 100.439 109.051 110.896 31.184 0.000 7.766 34.766 44.545 22.158 0.037 28.038 73.863 72.261 64.906 0.000 16.054 0.000 0.000 15.938 43.938 88.906 51.866 16.836 0.000 0.000 35.204 29.178 30.158 11.147 0.000 0.000 0.000 0.000 0.000 0.000 0.000 0.000 0.000 0.000 33.879 0.000 0.000 0.000 0.000 0.000 0.000 0.000 0.000 0.000 0.000 0.000 0.000 0.000 0.000 0.000 0.000 0.000 0.000 0.000 0.000 0.000 0.000 0.000 0.000 0.000 0.000 0.000 0.000 0.000 0.000 0.000 0.000 0.000
100.561 100.502 89.561 32.325 0.000 0.000 0.000 0.000 21.455 0.000 0.000 21.708 65.292 118.800 54.353 0.000 0.000 0.000 0.000 0.000 57.913 92.898 22.876 19.856 0.000 0.000 0.000 34.163 28.156 26.151 24.150 12.149 0.000 0.000 0.000 0.000 0.000 0.000 0.000 0.000 47.874 5.872 0.000 0.000 0.000 0.000 0.000 0.000 0.000 0.000 0.000 0.000 0.000 0.000 0.000 0.000 0.000 0.000 0.000 0.000 0.000 0.000 0.000 0.000 0.000 0.000 0.000 0.000 0.000 0.000 0.000 0.000 0.000 0.000
