results1/res_4e8f-0216.wd
ncols         241
nrows         181
xllcorner     12693529.787448
yllcorner     3542525.717860
cellsize      155.156523
NODATA_value  -9999.000000
[rows 66 to 98 of 181, columns 146 to 218 of 241]
38.380 53.317 75.258 76.203 76.153 76.107 76.065 76.027 75.992 78.963 14.945 0.000 2.808 0.000 0.000 0.000 0.000 1.302 48.302 23.302 0.000 30.300 60.299 60.298 60.298 67.297 73.296 73.294 73.291 73.287 73.283 73.277 73.272 73.267 73.261 75.256 60.253 61.250 53.249 0.000 0.000 0.000 0.000 0.000 29.583 36.573 45.554 39.516 17.465 15.434 30.408 51.384 59.360 53.336 48.312 48.288 38.264 35.239 35.215 38.192 59.168 71.146 66.124 55.102 62.082 69.062 73.042 73.024 72.006 71.989 71.973 71.958 71.943
41.441 60.378 78.318 76.263 76.214 76.170 76.130 76.092 81.057 70.028 40.015 37.032 0.000 0.000 0.000 0.000 0.000 19.302 21.302 0.000 0.000 0.000 30.296 61.295 70.295 73.294 73.293 73.291 73.288 77.285 75.281 73.277 73.273 73.268 72.264 64.260 58.256 64.253 54.252 0.000 0.000 0.000 0.000 21.575 35.575 40.571 36.564 0.000 2.418 12.403 32.384 35.364 49.342 58.320 47.297 46.274 44.250 35.225 35.201 34.177 40.154 64.131 71.108 56.086 58.065 60.045 62.026 66.007 69.990 71.972 72.956 71.941 71.926
46.500 67.435 77.372 76.317 76.271 76.229 74.191 73.154 28.116 13.076 44.054 50.050 15.053 0.000 0.000 0.000 0.000 0.000 0.000 0.000 0.000 14.292 43.293 63.293 73.292 73.292 73.290 73.289 73.286 75.284 74.280 73.277 73.273 74.270 64.266 62.262 65.259 60.255 52.254 0.000 0.000 0.000 0.000 39.574 42.573 4.570 3.567 0.000 7.385 40.376 42.362 52.345 55.326 66.305 64.283 52.260 41.236 33.211 35.187 35.163 30.138 44.115 61.092 65.070 70.049 67.028 60.009 64.990 67.972 67.955 65.938 67.923 70.908
51.559 74.489 78.419 79.363 76.322 77.286 72.252 18.218 2.176 43.108 44.074 49.060 57.057 0.000 0.000 0.000 0.000 0.000 0.000 0.000 0.000 26.291 49.291 62.291 74.290 73.289 73.288 73.287 73.285 74.282 73.280 73.277 73.274 70.271 64.268 29.264 2.261 0.000 0.000 0.000 0.000 0.000 0.000 35.574 42.573 0.000 0.000 0.000 57.361 43.354 38.342 66.328 71.310 72.291 76.270 70.247 58.223 38.198 35.172 35.147 33.123 34.099 40.075 41.053 48.031 56.010 62.990 66.972 67.954 68.936 64.920 67.904 68.890
33.619 38.544 48.452 24.394 81.368 78.339 63.313 40.289 10.273 0.000 0.000 0.000 0.000 0.000 0.000 0.000 0.000 0.000 0.000 0.000 0.000 27.290 52.289 55.289 71.288 73.288 73.286 73.285 77.284 76.282 73.280 73.277 74.275 65.273 68.272 0.000 0.000 0.000 0.000 0.000 0.000 0.000 0.000 0.000 29.573 38.573 0.000 0.000 88.344 51.337 33.326 64.313 72.297 72.279 72.258 75.235 74.210 54.184 37.158 35.132 33.107 36.082 37.058 45.034 50.012 38.991 38.971 43.952 48.934 54.917 59.901 63.885 67.871
79.686 58.615 0.000 0.000 85.415 77.392 64.371 46.353 13.341 0.000 0.000 0.000 0.000 0.000 0.000 0.000 0.000 0.000 0.000 0.000 0.000 0.000 13.287 57.287 73.287 73.286 73.285 73.284 75.283 74.281 73.279 73.278 74.276 62.275 72.274 0.000 0.000 0.000 0.000 0.000 0.000 0.000 0.000 0.000 0.000 5.573 13.573 0.000 25.334 41.324 34.313 64.300 72.286 72.269 73.249 73.225 73.199 66.171 42.143 38.116 36.090 33.064 54.039 66.015 71.993 55.971 48.951 44.932 42.914 39.897 39.881 39.866 67.851
55.765 0.000 0.000 82.603 82.486 80.440 71.427 56.412 12.396 0.000 0.000 0.000 0.000 0.000 0.000 0.000 0.000 0.000 0.000 0.000 0.000 0.000 39.286 62.286 74.285 73.285 73.284 74.283 73.282 73.281 73.279 73.278 74.277 67.276 32.275 0.000 0.000 0.000 0.000 0.000 0.000 0.000 0.000 0.000 0.000 0.000 0.000 0.000 0.000 38.312 37.300 55.290 70.278 73.263 67.243 63.218 69.189 60.157 43.128 42.100 51.072 46.045 69.019 72.995 71.972 69.950 69.930 66.911 64.893 61.876 57.860 49.845 69.831
82.811 72.811 78.780 34.720 0.000 1.462 77.484 51.473 12.434 0.000 14.688 0.000 0.000 0.000 0.000 0.000 0.000 0.000 0.000 0.000 0.000 2.284 55.284 67.284 74.284 73.283 73.283 75.282 75.281 73.280 73.279 73.278 72.277 68.277 17.276 0.000 0.000 0.000 0.000 0.000 0.000 0.000 0.000 0.000 0.000 0.000 0.000 0.000 0.276 0.000 26.287 52.281 70.272 71.260 52.244 55.214 57.182 54.142 39.111 36.083 59.054 68.025 71.998 73.973 73.950 74.928 72.908 72.889 73.871 72.854 73.839 73.824 72.809
84.859 76.840 81.809 32.777 0.000 0.000 68.568 16.562 0.000 0.000 46.688 9.688 0.000 0.000 0.000 0.000 0.000 0.000 0.000 0.000 0.000 1.283 58.283 70.283 74.283 73.283 73.282 74.281 74.281 73.280 73.279 74.278 70.277 65.277 15.277 0.000 0.000 0.000 0.000 0.000 0.000 0.000 0.000 0.000 0.000 0.000 0.000 0.000 18.276 20.277 31.279 47.276 69.270 71.263 17.256 0.000 0.000 44.117 38.092 33.066 47.037 66.003 71.975 73.949 73.926 73.904 71.884 71.866 72.848 71.832 71.816 72.802 72.788
76.926 76.881 76.840 74.802 61.769 47.722 40.659 39.644 35.671 38.683 41.687 41.688 13.688 0.000 0.000 0.000 0.000 0.000 19.281 21.281 0.000 11.282 57.282 71.282 73.282 73.282 73.281 73.281 73.280 73.279 73.279 73.278 55.277 50.277 48.277 43.276 7.276 0.000 0.000 0.000 0.000 0.000 0.000 0.000 0.000 0.000 0.000 0.000 22.275 48.275 39.275 43.273 63.270 64.266 37.262 0.000 0.000 0.000 35.073 40.054 39.023 57.978 70.948 71.923 71.900 71.879 71.859 71.841 71.824 71.808 71.793 71.779 71.765
76.967 76.917 76.869 75.823 72.781 74.739 48.701 27.684 65.686 38.689 42.691 18.690 0.000 0.000 0.000 0.000 0.000 0.000 19.281 65.281 14.281 2.281 56.282 70.282 74.281 73.281 75.281 76.280 74.280 73.279 73.278 71.278 64.277 55.277 56.277 55.276 8.276 0.000 0.000 0.000 0.000 0.000 0.000 0.000 0.000 0.000 0.000 0.000 16.275 51.274 43.274 50.272 65.269 60.267 66.265 0.000 0.000 0.000 0.000 0.000 0.000 47.936 70.917 71.895 71.873 71.852 71.833 71.815 71.799 71.784 71.769 71.755 71.742
77.004 76.952 77.894 79.840 76.794 76.753 75.723 76.706 67.700 45.698 17.698 0.000 0.000 0.000 0.000 0.000 0.000 0.000 6.281 58.281 45.281 35.281 51.281 73.281 73.281 73.281 73.280 73.280 73.279 73.279 73.278 73.278 71.277 50.277 54.276 61.276 4.276 0.000 0.000 0.000 0.000 0.000 0.000 0.000 0.000 0.000 0.000 0.000 12.274 63.274 7.273 30.271 53.269 60.268 21.267 0.000 0.000 0.000 0.000 0.000 0.000 1.913 59.890 72.866 71.844 71.823 71.805 71.788 71.773 71.758 71.745 71.731 71.718
80.044 75.994 72.913 74.851 77.800 77.755 79.731 76.716 74.709 61.705 10.704 0.000 0.000 0.000 0.000 0.000 0.000 0.000 0.000 14.281 49.281 41.281 57.281 75.281 73.280 73.280 73.280 73.279 73.279 73.278 73.278 73.278 74.277 63.277 50.276 54.276 60.276 2.275 0.000 0.000 0.000 0.000 0.000 0.000 0.000 0.000 0.000 0.000 0.000 8.274 0.000 0.000 38.269 57.268 0.000 0.000 0.000 0.000 0.000 0.000 0.000 0.000 47.864 68.837 71.812 71.792 71.775 71.760 71.746 71.733 71.719 71.707 71.694
73.091 34.068 0.000 0.000 0.000 69.738 74.729 80.720 76.714 65.711 15.709 0.000 49.714 19.714 0.000 0.000 0.000 0.000 0.000 0.000 41.280 45.280 66.280 74.280 75.280 76.280 73.279 73.279 73.279 73.278 73.278 73.277 73.277 74.276 53.276 35.276 44.275 5.275 0.000 0.000 0.000 0.000 0.000 0.000 0.000 0.000 0.000 0.000 0.000 0.000 0.000 0.000 27.269 60.268 0.000 0.000 0.000 0.000 0.000 0.000 0.000 0.000 0.000 48.807 68.776 71.758 71.744 71.731 71.719 71.706 71.694 71.682 71.670
68.132 25.119 0.000 0.000 44.730 42.730 59.726 78.721 75.716 60.714 41.713 45.714 49.714 15.714 0.000 0.000 0.000 0.000 12.280 0.000 42.280 53.280 73.280 73.280 76.280 76.279 73.279 73.279 73.278 73.278 73.278 73.277 73.277 74.276 70.276 65.275 54.275 34.274 28.274 0.000 0.000 0.000 0.000 0.000 0.000 0.000 0.000 0.000 0.000 0.000 0.000 0.000 29.269 21.268 0.000 0.000 0.000 0.000 0.000 0.000 0.000 0.000 0.000 0.000 53.728 69.720 71.711 71.701 71.691 71.680 71.669 71.657 71.645
74.164 55.156 27.164 0.000 0.000 44.727 44.724 66.720 78.717 56.716 43.715 48.715 26.715 0.000 0.000 0.000 0.000 0.000 41.280 34.280 39.280 56.280 75.280 75.280 76.279 73.279 73.279 73.279 73.278 73.278 73.277 73.277 73.276 73.276 73.275 75.275 64.274 52.274 41.273 42.272 35.272 26.272 31.271 0.000 0.000 0.000 0.000 0.000 0.000 0.000 0.000 0.000 32.268 7.268 0.000 0.000 0.000 0.000 0.000 0.000 0.000 0.000 0.000 0.000 38.687 66.684 70.678 71.672 71.664 71.655 71.644 71.633 71.620
77.187 68.179 21.171 0.000 0.000 0.000 43.721 48.719 75.718 63.716 44.715 47.715 22.715 0.000 0.000 0.000 0.000 0.000 44.279 37.280 40.280 58.280 77.280 76.279 74.279 74.279 73.279 73.278 73.278 73.278 73.277 74.277 74.276 74.276 68.275 59.274 63.274 70.273 63.273 61.272 49.272 36.271 43.271 1.271 0.000 0.000 0.000 0.000 0.000 0.000 0.000 0.000 0.000 0.000 0.000 0.000 0.000 0.000 0.000 0.000 0.000 0.000 0.000 0.000 30.650 61.649 71.647 73.643 73.638 73.630 72.621 71.610 71.596
77.207 52.201 0.000 0.000 0.000 0.000 0.000 50.718 63.717 57.717 56.716 53.716 43.715 21.715 0.000 0.000 0.000 0.000 43.279 36.279 41.279 56.279 68.279 65.279 60.279 62.279 67.279 72.278 74.278 74.278 72.277 62.277 60.276 65.275 54.275 51.274 51.273 62.273 66.272 61.272 47.272 36.271 8.271 0.000 0.000 0.000 0.000 0.000 0.000 0.000 0.000 0.000 0.000 0.000 0.000 0.000 0.000 0.000 0.000 0.000 1.515 0.000 0.000 0.000 18.613 43.617 49.618 51.617 51.613 52.608 61.600 70.588 71.573
76.222 42.218 0.000 0.000 0.000 0.000 0.000 45.717 39.717 38.717 46.716 46.716 46.715 42.715 15.715 0.000 0.000 0.000 48.279 43.279 48.279 58.279 61.279 64.279 22.279 0.000 0.000 13.278 74.278 71.278 60.277 15.277 0.000 0.000 53.274 85.273 78.273 57.273 63.272 57.272 46.271 31.271 34.270 0.000 0.000 0.000 0.000 0.000 0.000 0.000 0.000 0.000 0.000 0.000 0.000 0.000 0.000 0.000 14.515 4.515 22.515 43.520 54.530 53.546 71.574 79.585 80.591 78.592 80.592 67.588 50.582 68.570 71.552
74.233 39.231 0.000 0.000 0.000 0.000 0.000 45.717 41.717 20.717 0.000 0.000 0.715 0.000 0.000 0.000 0.000 0.000 54.279 48.279 43.279 39.279 25.279 0.000 0.000 0.000 0.000 0.000 0.000 0.000 47.277 9.277 0.000 0.000 0.000 48.273 81.273 41.272 42.272 41.271 37.271 40.270 87.270 46.269 0.000 0.000 0.000 0.000 0.000 0.000 0.000 0.000 0.000 0.000 0.000 0.000 13.487 4.487 0.000 0.000 8.510 90.515 86.523 68.535 69.550 66.561 67.567 89.571 82.572 68.572 48.569 57.559 56.536
60.242 41.241 35.243 0.000 0.000 0.000 0.000 0.000 43.717 27.717 0.000 0.000 0.000 0.000 0.000 0.000 0.000 0.000 54.279 54.279 55.279 38.279 13.279 0.000 0.000 0.000 0.000 0.000 0.000 0.000 43.277 20.277 0.000 0.000 0.000 47.272 96.272 60.272 63.271 58.271 43.270 61.270 115.269 112.268 43.266 0.077 15.463 12.461 0.000 0.000 0.000 0.000 0.000 0.000 0.000 0.000 3.486 21.487 11.488 9.492 18.500 93.506 60.513 68.522 59.532 40.540 51.546 94.551 60.555 47.558 54.562 8.561 0.000
44.248 44.246 30.246 0.000 0.000 0.000 0.000 0.000 0.000 0.000 0.000 0.000 0.000 0.000 0.000 0.000 0.000 0.000 57.279 48.279 42.279 40.279 14.279 0.000 0.000 0.000 0.000 0.000 0.000 40.277 33.277 58.277 54.277 0.000 6.272 53.272 59.272 51.272 94.271 83.271 54.270 7.270 71.269 126.268 10.267 0.000 0.000 0.000 0.000 0.000 0.000 0.000 22.485 19.485 14.486 3.486 72.486 110.486 101.486 97.488 44.492 88.496 56.501 45.507 92.514 73.521 93.527 74.533 44.538 52.543 0.000 0.000 0.000
47.252 48.250 40.249 0.000 0.000 0.000 0.000 0.000 0.000 0.000 0.000 0.000 0.000 0.000 0.000 0.000 0.000 0.000 11.279 52.279 42.279 20.279 0.000 0.000 0.000 0.000 0.000 0.000 0.000 42.277 39.277 15.277 0.000 0.000 0.000 27.272 6.272 0.000 7.271 49.271 5.270 0.000 27.268 93.268 48.267 0.267 0.000 0.000 0.000 0.000 0.000 0.000 0.000 4.485 0.000 0.000 28.485 8.485 72.483 76.483 27.484 88.485 65.488 38.492 56.497 106.502 120.508 54.514 42.522 9.532 0.000 0.000 18.336
46.255 47.253 47.252 51.252 43.252 0.000 0.000 0.000 0.000 0.000 0.000 0.000 0.000 0.000 0.000 0.000 0.000 0.000 0.000 42.279 38.279 22.279 0.000 0.000 0.000 0.000 0.000 0.000 43.277 40.277 17.277 0.000 0.000 0.000 0.000 1.272 0.000 0.000 0.000 53.271 2.270 0.000 27.268 0.000 0.000 0.000 0.000 0.000 0.000 0.000 0.000 0.000 0.000 13.485 7.485 9.485 2.485 0.000 48.477 67.476 26.475 90.474 70.474 40.476 89.479 92.483 87.489 95.495 59.502 0.000 0.000 1.302 32.316
48.257 26.254 37.253 46.252 46.252 46.252 45.252 0.000 0.000 0.000 0.000 0.000 0.000 0.000 0.000 0.000 0.000 0.000 0.000 44.279 40.279 24.279 0.000 0.000 0.000 0.000 0.000 0.000 0.000 46.277 18.277 0.000 0.000 0.000 0.000 0.000 0.000 5.270 17.270 40.270 44.270 21.270 0.000 0.000 0.000 0.000 0.000 0.000 0.000 0.000 0.000 0.000 0.000 2.485 0.485 6.485 0.000 0.000 51.472 71.470 31.466 91.461 76.458 90.458 90.460 49.464 42.469 87.476 36.489 0.000 0.277 33.288 41.295
53.260 0.000 0.000 43.252 32.252 0.000 45.252 35.252 0.000 0.000 0.000 0.000 0.000 0.000 0.000 0.000 0.000 0.000 0.000 43.279 40.279 28.279 0.000 0.000 0.000 0.000 0.000 0.000 0.000 0.000 0.000 0.000 0.000 0.000 0.000 0.000 0.000 0.000 56.270 73.270 34.270 0.000 0.000 0.000 0.000 0.000 0.000 0.000 0.000 0.000 0.000 0.000 0.000 0.000 0.000 11.485 0.000 0.000 86.469 72.466 33.459 91.444 88.440 80.439 72.440 58.442 59.446 28.451 0.000 0.000 17.265 36.272 43.277
50.262 0.000 0.000 30.252 22.252 0.000 0.000 0.000 0.000 54.262 50.262 41.262 0.000 0.000 0.000 0.000 0.000 0.000 0.000 47.279 43.279 25.279 0.000 0.000 0.000 0.000 0.000 0.000 0.000 0.000 0.000 0.000 0.000 0.000 0.000 0.000 0.000 0.000 19.270 103.270 69.270 0.270 0.000 0.000 0.000 0.000 0.000 0.000 0.000 0.000 0.000 0.000 0.000 0.000 0.000 0.000 0.000 0.000 18.469 0.000 0.000 65.419 106.417 85.417 84.418 82.420 85.424 33.430 0.000 0.000 21.257 35.259 36.260
66.263 0.000 0.000 0.000 0.000 52.263 39.263 0.000 50.262 44.262 44.262 36.262 0.000 0.000 0.000 0.000 0.000 0.000 0.000 47.279 42.279 30.279 0.000 0.000 0.000 0.000 0.000 0.000 0.000 0.000 0.000 0.000 0.000 0.000 0.000 0.000 0.000 0.000 0.000 47.270 39.270 10.270 0.000 0.000 0.000 0.000 0.000 0.000 0.000 0.000 0.000 0.000 0.000 0.000 0.000 0.000 0.000 0.000 0.000 0.000 0.000 12.394 48.394 49.394 47.394 47.395 44.400 40.415 0.000 0.000 14.248 35.247 33.246
77.263 66.263 48.263 49.263 48.263 42.263 43.263 44.262 42.262 47.262 46.262 37.262 34.262 0.000 0.000 0.000 0.000 0.000 0.000 34.279 0.000 0.000 0.000 0.000 0.000 0.000 0.000 0.000 0.000 0.000 0.000 0.000 0.000 0.000 0.000 0.000 0.000 0.000 0.000 0.270 46.270 9.270 0.000 0.000 0.000 0.000 0.000 0.000 0.000 0.000 0.000 0.000 0.000 0.000 0.000 0.000 0.000 0.000 0.000 0.000 0.000 3.370 36.371 35.371 35.369 51.367 46.365 0.000 0.000 0.000 7.238 48.236 60.232
77.264 71.263 41.263 41.263 41.263 24.263 25.263 29.262 39.262 48.262 45.262 37.262 40.262 29.262 0.000 0.000 0.000 0.000 0.000 0.000 0.000 0.000 0.000 0.000 0.000 0.000 0.000 0.000 0.000 0.000 0.000 0.000 0.000 0.000 0.000 0.000 0.000 0.000 0.000 0.000 3.270 49.270 8.270 0.000 0.000 0.000 0.000 0.000 0.000 0.000 0.000 0.000 0.000 0.000 0.000 0.000 0.000 0.000 0.000 0.000 28.336 31.346 35.349 35.348 37.345 56.339 46.329 29.307 0.000 0.000 43.231 64.227 71.220
77.264 75.263 45.263 42.263 22.263 0.000 0.000 0.000 0.000 39.262 42.262 40.262 33.262 0.000 0.000 0.000 0.000 0.000 0.000 0.000 0.000 0.000 0.000 0.000 0.000 0.000 0.000 0.000 0.000 0.000 0.000 0.000 0.000 0.000 0.000 0.000 0.000 0.000 0.000 0.000 1.270 52.270 14.270 0.000 0.000 0.000 0.000 0.000 0.000 0.000 0.000 0.000 0.000 0.000 0.000 0.000 0.000 0.000 0.000 0.316 39.326 36.329 35.330 31.328 44.324 61.316 45.304 34.285 29.260 29.242 53.229 70.219 71.210
77.264 75.264 28.263 32.263 0.000 0.000 0.000 0.000 0.000 0.000 30.262 43.262 35.262 0.000 0.000 0.000 0.000 0.000 0.000 0.000 0.000 0.000 0.000 0.000 0.000 0.000 0.000 0.000 0.000 0.000 0.000 0.000 0.000 0.000 0.000 0.000 0.000 0.000 0.000 0.000 0.000 1.270 20.270 0.000 0.000 0.000 0.000 0.000 0.000 0.000 0.000 0.000 8.294 16.294 0.000 0.000 0.000 0.000 0.000 33.307 31.312 30.315 35.314 49.311 62.305 52.297 36.285 34.270 36.252 33.237 54.223 72.211 71.200
77.264 51.264 0.000 0.000 0.000 0.000 0.000 0.000 0.000 0.000 0.000 33.262 40.262 38.262 0.000 0.000 0.000 0.000 0.000 0.000 0.000 0.000 0.000 0.000 0.000 0.000 0.000 0.000 0.000 0.000 0.000 0.000 0.000 0.000 0.000 0.000 0.000 0.000 0.000 0.000 0.000 0.000 0.000 0.000 0.000 0.000 0.000 0.000 0.000 0.000 0.000 0.000 0.000 9.294 11.294 0.000 38.295 30.296 28.297 40.301 54.303 59.303 61.301 61.296 47.290 35.281 34.271 34.258 33.243 35.229 58.216 73.203 71.190
