results1/res_4e8f-0234.wd
ncols         241
nrows         181
xllcorner     12693529.787448
yllcorner     3542525.717860
cellsize      155.156523
NODATA_value  -9999.000000
[rows 66 to 98 of 181, columns 73 to 145 of 241]
71.963 35.948 0.000 61.113 78.088 77.055 77.026 0.000 48.418 48.401 61.414 57.425 56.404 56.358 55.288 131.188 119.014 0.000 0.000 0.000 51.725 46.662 51.565 54.502 54.449 56.399 57.351 62.292 63.239 64.194 55.162 0.000 0.000 52.459 102.459 84.373 88.240 88.330 86.384 94.302 86.795 87.275 88.015 86.788 86.567 87.363 57.208 0.000 0.000 0.000 0.000 0.000 0.000 0.000 43.804 41.780 41.738 41.683 41.616 41.546 45.472 58.393 55.315 40.239 51.164 60.091 39.017 41.945 47.872 52.801 48.730 42.661 40.593
56.966 62.934 0.768 49.342 73.298 72.266 66.268 19.355 0.000 0.000 54.494 67.574 56.574 55.542 56.498 37.456 0.000 0.000 0.000 0.000 0.000 0.000 62.497 60.470 58.436 41.393 44.344 51.287 52.247 57.215 48.189 0.000 0.000 0.000 62.702 80.610 87.549 87.642 94.727 94.522 86.866 87.556 87.267 87.057 86.847 81.660 39.528 0.000 3.715 36.715 0.000 0.000 0.000 49.887 44.851 41.815 41.771 41.718 41.656 41.589 41.518 41.443 48.368 62.293 63.219 46.146 40.074 41.002 41.931 45.860 44.791 40.722 40.655
58.981 57.912 62.782 60.588 74.494 67.444 68.427 65.441 0.000 0.000 0.000 69.803 64.775 59.740 61.705 8.682 0.000 0.000 0.000 0.000 0.000 0.000 61.455 57.445 48.432 0.000 0.000 49.267 61.247 60.231 0.000 0.000 8.409 65.289 57.035 60.858 67.936 82.996 94.919 86.603 88.159 87.724 87.535 87.319 85.106 67.902 46.715 52.715 50.715 31.715 0.000 0.000 0.000 7.924 58.896 40.859 41.814 45.761 53.701 43.636 41.566 40.494 44.421 59.347 66.274 58.201 44.129 39.058 40.988 40.919 40.851 40.783 39.715
59.027 56.952 60.850 71.733 65.647 58.589 77.554 66.540 18.558 0.000 12.209 62.060 77.985 72.936 72.902 75.883 0.000 0.000 0.000 0.000 7.407 7.412 59.424 50.422 53.415 0.000 0.000 0.000 97.242 124.230 39.213 0.000 64.530 59.425 59.263 59.169 55.252 95.271 95.100 87.649 91.255 88.002 87.794 87.580 79.354 32.128 0.000 54.715 32.715 0.000 0.000 0.000 47.031 45.987 44.951 40.911 44.864 56.811 61.752 59.687 52.618 42.547 51.474 59.401 38.328 44.255 57.184 54.114 50.045 57.977 38.910 40.842 38.775
57.089 63.017 72.935 64.848 56.772 56.710 69.659 77.610 73.575 76.500 78.357 73.244 68.168 70.116 59.083 58.067 0.000 0.000 0.000 8.400 64.402 63.404 51.407 53.403 54.393 58.372 57.358 0.000 8.250 2.234 1.183 10.934 70.754 63.619 58.457 59.546 57.591 95.426 57.263 64.854 79.450 87.271 88.058 85.853 44.603 0.000 0.000 0.000 0.000 0.000 0.000 48.101 42.075 42.044 42.010 42.969 52.922 61.868 60.807 60.742 56.673 52.601 62.527 45.454 40.381 41.308 41.238 51.168 64.101 51.035 38.969 39.902 45.835
63.159 74.094 64.023 56.950 57.883 57.822 59.761 43.667 69.631 67.567 59.477 56.391 55.325 71.279 73.249 60.234 0.000 0.000 0.000 64.398 60.397 57.397 50.396 54.390 54.380 54.364 54.345 13.313 16.274 17.244 19.196 87.069 83.936 72.804 71.758 60.754 95.703 95.571 59.315 65.964 60.741 67.545 86.318 61.168 0.000 0.000 0.000 0.000 0.000 0.000 0.000 48.127 42.123 42.105 42.074 43.034 51.986 61.930 60.868 59.801 56.730 61.656 55.581 39.506 41.432 41.360 41.290 51.221 59.156 38.092 41.028 43.964 62.895
74.236 64.176 57.112 58.048 57.988 58.934 39.894 0.000 26.714 54.662 57.591 57.519 57.464 55.424 79.398 63.386 0.000 0.000 0.000 41.395 58.393 52.391 53.388 54.383 54.374 54.361 54.344 65.320 5.288 9.271 26.282 79.211 89.109 10.996 92.917 83.109 95.819 57.883 71.528 68.172 58.044 54.849 51.500 36.334 0.000 0.000 43.702 0.000 0.000 0.000 0.000 44.157 42.186 42.177 42.149 42.108 43.058 48.999 56.934 56.863 56.789 60.713 38.635 41.558 41.483 40.410 46.339 63.272 46.208 40.148 43.090 24.029 24.946
64.317 57.261 58.202 58.143 58.085 61.033 16.988 14.952 7.849 52.776 57.705 59.631 57.586 56.555 74.535 70.526 0.000 0.000 0.000 0.000 49.388 52.386 54.383 54.379 54.371 54.362 56.349 42.335 0.000 0.000 76.449 79.384 90.294 96.164 90.268 88.305 95.919 78.931 81.634 66.477 59.382 52.309 0.000 0.000 0.000 0.000 41.702 0.000 0.000 0.000 0.000 0.239 45.285 42.269 42.236 42.192 42.137 42.075 42.005 48.930 56.851 44.770 41.689 41.609 41.531 44.457 57.386 57.319 39.258 41.201 44.153 11.118 0.000
57.403 58.349 58.292 58.235 58.178 58.124 62.072 63.020 62.953 58.890 58.821 38.716 55.694 56.675 72.661 71.657 0.000 0.000 0.000 0.000 48.384 54.383 54.381 54.377 54.372 54.365 42.357 0.000 0.000 4.814 81.681 87.586 90.486 90.432 89.511 96.053 88.410 91.127 85.817 70.759 60.699 59.695 59.829 0.000 0.000 0.000 38.702 45.702 38.702 0.000 0.000 0.000 60.404 41.376 42.336 42.285 42.226 43.157 42.081 42.000 41.914 41.827 41.741 41.657 40.576 46.500 61.428 38.362 41.302 41.248 43.202 18.171 0.000
58.492 58.439 58.384 58.327 58.269 58.212 58.156 58.103 58.053 58.008 61.974 0.000 48.801 57.788 73.778 68.784 4.831 0.000 0.000 0.000 53.382 56.381 56.379 56.376 54.373 57.370 0.000 0.000 0.000 73.947 79.876 90.791 90.672 90.781 88.830 96.257 89.542 94.185 90.077 91.011 78.962 66.943 55.963 50.963 52.963 0.000 0.000 44.703 39.702 45.696 46.681 44.642 50.550 60.496 42.445 43.388 52.322 59.247 41.164 42.073 41.979 41.885 41.791 40.702 45.617 64.538 58.465 47.399 40.339 41.285 43.237 58.194 76.148
58.584 58.531 58.476 58.419 58.360 58.298 58.238 61.184 59.148 58.116 62.092 0.000 48.921 57.899 74.878 66.870 6.878 0.000 0.000 0.000 26.381 36.380 35.378 35.376 56.374 41.372 0.000 0.000 0.000 76.152 86.086 90.998 90.957 90.061 96.876 96.583 90.604 91.447 90.306 90.250 91.196 82.152 47.117 0.000 0.000 0.000 0.000 42.704 42.706 39.706 41.704 42.696 41.657 48.612 62.561 45.500 43.429 53.346 41.252 42.151 42.045 41.940 41.838 41.742 49.652 62.570 49.496 61.430 39.370 40.316 45.267 66.221 78.172
58.679 58.626 58.571 58.515 58.453 61.383 63.315 35.246 56.239 59.215 61.187 21.161 52.064 57.007 68.966 66.941 7.932 0.000 0.000 0.000 0.000 0.000 2.377 2.376 37.375 0.000 0.000 0.000 24.589 74.423 91.317 91.200 91.317 89.403 97.141 89.184 94.892 90.588 90.543 90.477 90.419 80.354 41.235 0.000 0.000 0.000 0.000 0.000 45.711 46.717 33.734 41.781 42.770 42.735 46.685 62.623 45.546 42.455 42.349 42.232 42.111 41.992 39.880 45.775 64.679 45.594 44.519 58.454 42.395 40.343 47.295 73.249 78.203
58.774 58.721 58.669 58.614 60.554 36.467 38.391 0.000 18.349 54.318 58.279 62.233 58.165 61.101 66.037 70.996 9.977 0.000 0.000 0.000 0.000 3.377 55.377 62.376 0.000 0.000 0.000 7.872 83.755 85.636 91.531 91.487 90.607 97.621 97.390 90.243 90.960 90.832 90.764 90.701 89.648 69.609 0.000 0.000 0.000 0.000 0.000 0.000 0.000 37.717 0.000 48.923 45.907 41.873 41.823 43.759 60.678 49.579 41.458 42.317 42.174 41.039 45.913 47.798 46.695 43.607 41.534 41.470 41.415 42.365 55.321 77.278 78.237
58.870 58.817 58.767 58.721 63.682 1.667 0.000 24.577 16.488 50.430 59.379 57.326 59.264 71.193 43.087 37.029 2.003 0.000 0.000 0.000 0.000 53.377 59.377 61.377 0.000 0.000 0.000 70.990 75.922 89.834 91.718 91.850 89.945 97.834 89.737 91.415 91.111 91.053 90.980 90.916 82.862 59.825 0.000 0.000 0.000 0.000 0.000 0.000 0.000 0.000 0.000 53.082 48.063 42.026 39.975 42.911 42.830 58.726 51.587 42.403 43.230 41.076 47.937 47.810 44.695 38.607 41.537 41.479 43.428 57.383 76.343 78.306 81.273
59.962 57.910 57.862 57.819 60.786 30.772 27.747 59.667 64.595 58.536 56.482 63.427 73.371 76.319 0.248 0.000 0.000 0.000 0.000 0.000 0.000 21.377 28.377 30.377 0.000 0.000 0.000 73.175 81.112 91.024 92.016 91.054 98.228 98.037 90.766 91.472 91.336 91.260 91.188 91.121 73.059 55.004 0.000 0.000 0.000 0.000 0.000 0.000 0.000 0.000 0.000 51.260 49.235 49.194 46.142 39.079 41.003 41.906 57.762 57.478 54.268 51.097 43.948 42.809 39.670 40.589 41.529 45.479 65.436 77.397 77.362 78.331 77.304
74.051 72.998 71.951 69.908 66.872 67.840 67.802 64.747 65.690 67.636 67.584 73.531 75.473 33.396 0.000 0.000 0.000 0.000 0.000 0.000 0.000 0.000 0.000 0.000 0.000 11.683 19.604 74.425 91.317 92.227 92.177 91.405 98.406 90.237 91.914 91.604 91.540 91.461 91.390 89.323 71.250 42.127 0.000 0.000 0.000 0.000 0.000 0.000 0.000 0.000 0.000 41.463 45.423 48.373 49.319 48.261 45.199 41.134 35.075 0.000 0.000 0.000 0.000 0.000 43.585 41.551 44.512 65.474 78.439 77.406 78.377 81.352 77.331
70.134 72.082 71.034 72.991 74.952 73.915 72.875 70.829 68.782 68.735 69.688 65.640 65.595 0.000 0.000 0.000 0.000 0.000 0.000 0.000 0.000 0.000 0.000 0.000 0.000 60.761 83.705 82.603 91.509 92.398 92.525 90.628 98.572 92.329 91.936 91.813 91.731 91.655 91.588 87.531 67.490 0.000 0.000 0.000 0.000 0.000 0.000 0.000 0.000 0.000 48.854 43.707 40.622 42.556 47.499 49.446 49.398 50.357 41.330 0.000 0.000 0.000 0.000 0.000 44.534 42.517 58.493 79.466 77.438 77.413 77.389 78.369 77.352
58.213 58.161 59.114 66.071 75.030 80.992 68.954 62.914 57.873 55.834 54.793 60.747 39.671 0.000 0.000 0.000 0.000 0.000 0.000 0.000 0.000 0.000 0.000 0.000 0.000 66.897 82.851 90.775 92.688 92.656 91.785 98.866 98.725 94.345 92.152 91.993 91.917 91.841 91.775 86.722 61.691 0.000 0.000 0.000 0.000 0.000 0.000 0.000 0.000 49.124 44.002 43.888 43.801 42.731 39.674 44.627 48.589 49.565 46.557 0.000 0.000 0.000 0.000 47.489 41.499 45.492 73.477 77.457 77.437 77.417 77.398 77.382 77.368
57.286 57.236 61.189 66.147 68.107 71.070 61.033 56.998 57.964 57.933 59.905 37.883 0.000 0.000 0.000 0.000 0.000 0.000 0.000 0.000 0.000 0.000 0.000 0.000 0.000 53.078 82.026 91.956 92.854 92.983 91.092 98.996 91.889 93.565 92.246 92.182 92.095 92.018 91.949 82.893 55.859 0.000 0.000 0.000 0.000 0.000 0.000 0.000 48.360 44.247 44.140 44.043 43.961 43.894 43.840 40.797 39.768 42.757 49.776 49.865 0.000 0.000 0.000 41.480 42.481 60.475 77.464 76.450 76.435 77.419 77.405 77.392 77.381
57.355 57.306 59.261 60.220 58.181 57.146 58.112 57.081 57.053 57.028 62.009 6.998 0.000 0.000 0.000 0.000 0.000 0.000 0.000 0.000 0.000 0.000 0.000 0.000 4.447 61.312 90.222 93.138 93.108 92.238 99.232 99.118 94.886 92.588 92.443 92.355 92.268 92.186 93.109 73.041 60.994 0.000 0.000 47.961 0.000 47.731 49.688 49.605 44.472 44.365 44.268 44.182 44.107 44.045 43.994 43.955 42.929 39.918 48.927 49.953 42.953 0.000 0.000 49.470 41.468 49.463 55.455 58.445 62.433 68.421 74.409 76.399 76.391
58.419 58.373 58.330 58.290 58.253 57.220 57.189 57.161 57.138 56.119 64.106 15.100 0.000 0.000 0.000 0.000 0.000 0.000 0.000 0.000 0.000 0.000 0.000 0.000 45.582 81.499 92.413 93.303 93.443 91.535 99.334 92.335 94.010 92.695 92.621 92.526 92.436 92.348 93.261 65.169 43.081 0.000 0.000 43.961 0.000 42.775 44.728 44.653 44.560 44.470 44.386 44.310 44.242 44.184 44.136 44.099 42.074 44.061 50.060 47.067 0.000 0.000 0.000 48.462 47.460 46.455 45.449 44.440 43.431 47.422 58.413 54.405 56.399
56.480 56.436 56.395 56.357 56.322 56.291 56.262 57.237 59.217 61.203 36.197 3.197 0.000 0.000 0.000 0.000 0.000 0.000 0.000 3.818 12.810 0.000 0.000 15.941 56.800 87.693 93.590 93.578 92.606 99.514 99.429 95.324 93.031 92.882 92.789 92.695 92.603 92.511 88.416 35.293 0.000 0.000 0.000 43.961 49.942 44.866 44.795 44.721 44.645 44.570 44.497 44.429 44.366 44.312 44.267 44.231 41.206 50.192 50.187 46.187 0.000 0.000 0.000 47.455 46.453 47.449 47.443 47.437 47.430 47.422 46.415 46.409 45.404
57.537 57.496 60.457 64.421 67.388 71.358 73.332 76.309 75.291 67.281 5.280 16.295 40.348 8.372 0.000 0.000 0.000 0.000 0.000 43.826 70.801 10.762 0.000 50.083 82.983 92.874 93.774 93.704 92.927 99.588 91.759 93.446 93.129 93.054 92.957 92.863 92.769 93.675 80.601 0.000 0.000 0.000 0.000 23.980 43.999 44.950 46.866 46.790 44.730 44.668 44.604 44.541 44.483 44.432 44.388 41.353 46.328 49.313 50.307 41.309 0.000 0.000 0.000 31.452 52.448 52.444 49.440 46.434 46.428 47.422 48.417 48.412 47.408
59.591 58.553 65.516 74.482 75.451 74.422 73.397 72.375 69.359 63.348 38.346 55.355 73.377 42.396 26.416 2.424 0.000 0.000 14.899 53.860 67.808 6.722 25.559 67.324 92.174 95.058 93.898 94.110 92.086 99.650 93.743 93.457 93.310 93.218 93.125 93.032 92.933 94.821 38.711 0.000 0.000 0.000 0.000 0.000 40.124 46.071 26.927 26.845 43.817 44.767 44.709 44.649 44.593 44.543 43.500 41.466 50.440 50.424 47.420 41.432 47.481 0.000 0.000 0.000 63.443 78.440 71.436 67.432 63.427 59.422 62.418 62.414 45.411
59.643 59.607 62.573 65.541 64.511 62.484 60.459 58.437 56.420 56.407 65.401 67.402 64.410 61.419 65.428 13.432 0.000 0.000 54.938 84.906 35.848 31.760 65.632 89.477 94.343 94.198 94.316 92.270 99.733 92.145 93.860 93.547 93.476 93.383 93.294 93.205 96.110 52.965 0.000 0.000 0.000 0.000 0.000 0.000 42.304 47.281 0.000 0.000 40.925 44.876 44.815 44.753 44.697 44.647 41.605 49.570 50.543 49.525 40.516 44.518 44.530 0.000 0.000 0.000 31.441 61.438 79.434 78.429 78.426 78.422 78.419 72.416 62.413
59.692 59.660 59.628 58.598 58.569 59.542 59.517 59.495 57.476 58.460 63.449 66.443 62.441 57.442 60.444 15.444 0.000 0.000 47.010 56.977 34.919 67.837 82.732 91.611 94.493 94.424 93.521 100.100 99.871 93.134 93.863 93.721 93.633 93.545 93.461 93.386 96.335 0.000 0.000 11.700 20.700 0.000 0.000 43.600 46.505 45.468 52.487 1.395 41.082 44.998 44.920 44.852 44.794 42.744 44.701 50.665 50.637 42.615 43.601 44.593 44.591 0.000 0.000 0.000 0.000 0.000 61.430 77.427 77.424 77.422 77.419 78.417 78.415
59.742 59.712 59.682 59.653 59.625 59.598 59.573 58.550 57.528 61.508 65.491 65.478 60.470 56.465 61.461 14.457 0.000 0.000 43.115 12.074 59.013 82.937 88.845 94.750 94.598 94.807 92.795 100.305 92.551 94.262 93.950 93.881 93.789 93.703 93.620 100.543 84.510 0.000 7.699 57.700 43.700 0.000 0.000 38.695 46.649 45.600 45.546 51.439 49.255 48.115 45.015 44.942 44.884 41.834 49.791 50.754 46.724 41.699 44.680 44.664 46.650 50.662 0.000 0.000 0.000 0.000 0.000 74.424 77.423 77.421 77.419 78.417 76.416
59.792 59.763 59.735 59.707 59.679 59.653 58.627 57.603 59.578 63.553 66.529 62.510 57.496 56.487 59.479 41.466 28.436 29.374 25.260 26.190 66.124 87.051 92.972 94.860 94.998 92.987 100.665 100.493 93.554 94.267 94.121 94.032 93.943 93.859 98.773 41.656 56.652 26.688 57.698 65.700 0.000 0.000 0.000 37.836 46.796 45.737 45.658 55.544 66.383 40.193 50.081 46.018 42.966 44.917 50.874 49.836 40.804 43.778 44.755 44.731 31.685 32.673 0.000 0.000 0.000 0.000 0.000 55.422 76.421 77.420 77.419 81.418 77.417
59.843 59.815 59.787 59.760 59.733 59.706 57.681 57.655 61.629 68.598 69.563 65.535 60.517 58.507 58.502 60.491 60.468 69.426 10.362 44.302 82.241 89.174 95.101 95.065 94.196 100.972 100.823 93.907 94.688 94.350 94.276 94.181 94.094 94.016 101.957 0.000 39.752 41.715 31.706 33.703 0.000 0.000 0.293 41.018 46.964 45.892 51.805 67.696 44.539 0.000 31.098 44.083 42.043 49.996 50.952 46.912 43.879 44.853 44.833 46.819 0.000 0.000 0.000 0.000 0.000 0.000 47.421 28.421 67.420 77.420 77.419 82.418 77.418
59.894 59.867 59.839 59.812 59.786 58.760 57.734 59.709 66.683 43.649 19.588 18.551 15.530 45.522 62.530 57.529 60.520 41.498 3.461 49.416 87.363 93.309 95.196 95.437 93.459 101.110 94.239 95.015 94.583 94.523 94.418 94.324 94.235 95.153 93.082 15.027 14.890 0.000 0.000 0.000 0.000 0.000 40.395 48.248 46.149 45.061 64.975 68.896 0.000 0.000 1.212 40.174 46.126 51.073 51.024 40.982 44.948 44.922 44.904 47.894 0.000 0.000 0.000 0.000 0.000 0.000 26.421 0.000 55.419 77.419 77.419 83.418 77.418
59.945 59.918 59.891 59.864 58.838 57.812 59.788 62.765 70.744 29.728 0.000 0.000 0.000 0.000 44.567 59.576 60.584 46.585 48.569 74.537 91.496 95.419 95.591 93.610 101.352 101.236 95.216 94.910 94.760 94.656 94.558 94.463 94.370 97.279 82.191 11.109 0.000 0.000 0.000 0.000 0.000 1.752 40.547 47.429 46.324 44.229 72.137 33.016 0.000 0.000 46.391 51.294 51.214 51.146 49.089 44.043 45.008 44.982 44.966 46.960 0.035 51.053 3.053 0.000 0.000 0.000 0.000 0.000 48.419 77.419 77.418 77.418 77.418
59.996 59.969 59.942 59.916 58.889 57.864 61.839 65.817 69.800 27.791 0.000 0.000 0.000 0.000 24.596 67.624 62.653 68.690 81.692 90.670 94.629 95.635 94.783 101.556 101.457 94.550 95.324 94.980 94.896 94.791 94.693 94.599 98.504 61.400 33.296 0.000 0.000 0.000 0.000 0.000 3.030 42.907 47.736 46.599 48.487 45.395 69.328 0.000 0.000 41.711 48.538 64.397 53.290 50.207 46.144 44.095 44.058 45.033 45.019 45.019 50.044 46.053 37.053 0.000 0.000 0.000 44.418 46.418 45.418 77.418 77.418 77.418 77.418
60.045 60.020 59.994 59.967 57.941 59.914 65.888 66.865 64.849 51.845 12.862 0.000 0.000 0.000 0.000 20.670 16.717 56.827 87.841 91.820 95.759 95.927 94.049 101.646 93.859 95.637 95.201 95.135 97.022 95.921 94.825 94.736 100.646 23.523 0.000 0.000 0.000 0.000 0.000 24.258 63.152 63.034 50.892 47.744 58.631 53.537 54.450 15.363 3.187 39.883 44.652 55.468 51.341 55.250 49.184 52.134 51.098 48.073 45.058 44.054 44.060 50.063 0.000 0.000 0.000 0.000 41.418 41.418 51.418 77.418 77.418 77.418 77.418
