results1/res_4e8_norain-0021.wd
ncols         241
nrows         181
xllcorner     12693529.787448
yllcorner     3542525.717860
cellsize      155.156523
NODATA_value  -9999.000000
[rows 99 to 131 of 181, columns 0 to 74 of 241]
0.000 0.000 0.000 0.000 0.000 12.487 52.489 54.486 45.483 40.481 0.000 0.000 0.000 0.000 0.000 0.000 0.000 20.368 17.368 0.000 0.000 0.000 0.000 15.303 14.302 0.000 0.000 0.000 0.000 0.000 0.000 0.000 0.000 0.000 0.000 26.854 22.875 21.910 22.945 23.985 37.034 26.089 30.154 22.209 24.261 22.316 23.374 28.435 29.499 27.565 31.634 24.704 24.776 26.851 29.929 44.020 45.134 30.213 16.259 0.000 0.000 0.000 0.000 0.000 0.000 53.303 50.333 37.417 12.502 7.572 51.632 28.690 30.748 30.809 30.875
0.000 0.000 0.000 0.000 0.000 13.501 53.512 53.514 0.000 0.000 0.000 0.000 0.000 0.000 0.000 0.000 0.000 31.370 20.371 0.000 0.000 0.000 18.326 17.316 21.311 0.000 0.000 0.000 0.000 32.690 24.690 0.000 0.000 0.000 39.773 49.805 35.833 28.881 22.900 24.930 43.969 29.021 35.110 35.156 26.201 41.252 33.308 34.369 24.433 32.500 32.568 30.639 24.710 25.781 29.851 26.935 0.000 0.000 0.000 0.000 0.000 0.000 0.000 1.410 38.406 50.390 57.411 47.461 23.521 24.578 38.633 29.686 30.741 30.797 30.856
0.000 0.000 0.000 0.000 0.000 0.544 49.545 58.546 0.000 0.000 0.000 0.000 0.000 0.000 0.000 0.000 0.000 38.372 19.376 20.374 22.365 19.352 16.337 17.326 15.318 0.000 0.000 0.000 0.000 25.690 25.692 26.696 25.704 25.718 24.743 34.761 43.773 0.000 54.844 44.865 49.893 34.917 0.000 51.105 49.137 48.184 52.239 41.300 24.365 27.433 32.502 32.573 29.645 25.714 14.759 0.000 0.000 0.000 0.000 0.000 0.000 0.000 0.000 11.416 38.420 38.439 49.462 48.497 31.541 31.588 30.635 30.683 30.732 30.783 29.835
26.652 29.652 0.000 0.000 0.000 10.593 49.580 54.580 64.592 0.000 0.000 0.000 0.000 0.000 0.000 0.000 0.000 0.000 23.389 20.383 38.370 52.356 27.344 12.334 0.000 0.000 0.000 0.000 0.000 0.000 24.691 25.692 25.700 25.709 25.719 24.723 24.727 23.728 24.769 29.796 41.820 35.839 0.000 51.023 52.059 30.108 37.165 54.228 48.296 35.365 25.436 31.508 32.583 35.670 20.714 0.000 0.000 0.000 0.000 0.000 0.000 0.000 0.000 0.000 0.000 35.484 32.499 32.526 30.559 30.597 30.638 30.680 30.723 29.767 28.813
40.654 23.653 23.649 25.643 27.632 46.615 54.604 54.602 54.606 56.613 30.616 0.000 0.000 18.493 25.494 26.493 0.000 0.000 46.410 54.400 49.376 45.361 28.352 0.000 0.000 0.000 0.000 0.000 0.000 0.000 0.000 25.682 24.694 23.701 24.702 25.686 25.684 25.689 25.709 26.730 45.754 40.781 23.815 25.906 36.967 48.025 25.086 37.153 38.224 31.298 51.370 34.440 26.511 0.000 0.000 0.000 0.000 0.000 0.000 0.000 0.000 0.000 0.000 0.000 0.000 35.516 30.527 30.547 30.574 30.605 30.639 28.675 26.713 28.751 34.790
55.659 45.657 26.654 30.648 48.640 54.630 54.622 54.619 54.618 49.619 21.620 27.621 0.000 9.494 44.497 52.493 52.484 36.468 51.443 58.432 0.000 0.000 0.000 0.000 0.000 0.000 0.000 0.000 0.000 0.000 0.000 25.661 0.000 0.000 0.000 26.635 25.635 25.637 25.647 26.663 42.685 47.716 24.759 25.821 25.880 43.940 45.004 23.073 31.151 50.234 42.305 20.372 0.000 0.000 0.000 0.000 0.000 0.000 0.000 0.000 0.000 0.000 0.000 0.000 0.000 35.537 30.546 30.562 30.584 29.611 28.640 33.670 34.702 35.735 36.768
55.667 55.666 50.663 53.658 54.652 54.645 54.638 54.634 54.630 50.628 25.626 42.624 0.000 0.000 22.507 46.502 54.492 55.479 54.464 59.453 0.000 0.000 0.000 0.000 0.000 0.000 0.000 0.000 0.000 0.000 0.000 25.642 0.000 0.000 27.579 25.587 25.584 25.580 25.580 25.589 42.610 47.641 24.684 25.738 25.794 26.853 47.915 41.986 49.075 39.184 20.244 0.000 0.000 0.000 0.000 0.000 0.000 0.000 0.000 0.000 0.000 0.000 0.000 0.000 33.549 30.550 30.557 30.572 30.591 29.615 31.639 35.665 36.691 36.718 36.746
53.678 54.677 54.674 54.671 54.666 54.660 54.654 54.649 54.643 55.638 50.632 57.627 0.000 0.000 10.524 29.516 52.505 54.494 55.481 43.467 0.000 0.000 0.000 0.000 0.000 0.000 0.000 0.000 0.000 0.000 0.000 19.623 24.605 24.588 23.572 25.549 25.535 25.519 25.505 25.505 42.523 47.556 24.601 25.652 25.707 25.762 30.819 53.882 33.978 0.000 0.000 0.000 0.000 0.000 0.000 0.000 0.000 0.000 0.000 0.000 0.000 0.000 0.000 0.000 0.000 37.556 33.563 34.576 32.595 28.618 35.638 36.658 34.680 34.702 31.725
50.692 55.691 54.689 54.686 54.682 54.677 54.671 54.665 54.658 54.649 55.639 48.626 32.607 23.583 17.552 44.534 54.521 54.510 59.503 0.000 0.000 0.000 0.000 0.000 0.000 0.000 0.000 0.000 0.000 0.000 0.000 0.000 0.000 0.000 0.000 25.506 25.488 25.456 25.416 25.406 41.423 48.460 25.510 25.566 25.620 25.671 25.716 31.748 0.000 0.000 0.000 0.000 0.000 0.000 0.000 0.000 0.000 0.000 0.000 0.000 0.000 0.000 0.000 0.000 0.000 0.000 0.000 0.000 0.000 37.625 35.637 36.652 33.669 28.686 37.702
50.708 55.708 54.707 54.704 54.701 54.697 54.691 54.684 54.675 54.664 55.650 40.633 19.613 18.591 27.567 51.549 54.535 54.525 60.519 0.000 0.000 0.000 0.000 0.000 0.000 0.000 0.000 0.000 0.000 0.000 0.000 0.000 0.000 0.000 0.000 21.481 25.457 22.403 25.298 25.279 44.303 48.353 25.415 25.480 25.539 25.588 25.625 22.647 0.000 0.000 0.000 0.000 0.000 0.000 0.000 0.000 0.000 0.000 0.000 0.000 0.000 29.551 0.000 0.000 0.000 0.000 0.000 0.000 33.615 34.622 36.632 36.644 33.657 29.672 39.685
53.727 54.727 54.726 54.725 54.723 54.719 54.713 54.706 54.696 54.682 54.666 51.646 28.624 29.601 46.580 53.562 54.548 54.537 61.531 0.000 0.000 0.000 0.000 0.000 0.000 0.000 0.000 0.000 0.000 0.000 0.000 0.000 0.000 0.000 0.000 0.000 21.456 0.000 24.094 25.112 53.159 40.232 25.319 25.401 25.468 38.518 28.552 23.568 0.000 0.000 0.000 0.000 0.000 0.000 0.000 0.000 0.000 0.000 0.000 0.000 0.000 40.551 25.552 0.000 0.000 0.000 0.000 34.602 37.609 36.617 33.626 29.635 29.646 27.658 31.674
54.747 54.748 54.748 54.748 54.747 54.744 54.740 54.732 54.721 54.706 54.686 54.662 56.637 56.612 55.590 54.572 54.558 56.547 45.538 0.000 0.000 0.000 0.000 0.000 0.000 0.000 0.000 0.000 0.000 0.000 0.000 0.000 0.000 0.000 0.000 0.000 0.000 0.000 23.874 24.914 58.990 28.100 25.230 25.338 37.414 46.465 25.496 25.507 24.490 0.000 0.000 0.000 0.000 0.000 0.000 0.000 0.000 0.000 0.000 0.000 0.000 36.552 37.553 24.555 0.000 30.579 32.585 36.595 35.603 33.611 32.619 28.627 36.635 39.642 0.000
53.768 52.770 54.773 54.775 54.775 54.773 54.770 54.764 54.753 54.736 54.712 54.682 54.650 54.622 54.598 54.580 55.566 38.555 0.000 0.000 15.509 29.508 0.000 0.000 0.000 0.000 0.000 0.000 0.000 0.000 0.000 0.000 0.000 0.000 0.000 0.000 0.000 0.000 19.615 30.683 53.789 24.948 22.162 25.309 25.387 25.434 25.462 25.474 25.474 22.473 0.000 0.000 0.000 0.000 0.000 0.000 0.000 0.000 0.000 0.000 0.000 31.552 27.554 33.558 28.565 36.574 36.582 35.590 31.598 34.605 29.612 28.618 28.625 21.633 0.000
43.790 43.793 52.800 54.804 54.806 54.806 54.805 54.801 54.792 54.775 54.746 55.703 56.663 54.629 54.603 54.584 54.572 0.000 0.000 15.518 25.512 35.508 34.504 27.501 19.500 0.000 0.000 0.000 0.000 0.000 0.000 0.000 0.000 0.000 0.000 22.899 25.949 26.065 23.289 22.413 31.537 19.742 0.000 21.350 25.391 25.423 25.444 25.455 24.459 0.000 0.000 0.000 0.000 0.000 0.000 0.000 33.538 44.539 0.000 0.000 32.548 30.550 30.553 27.558 35.564 36.571 36.579 33.587 36.594 36.601 34.606 29.611 18.614 0.000 0.000
25.808 30.816 49.830 55.837 54.839 54.842 54.845 54.846 54.841 54.827 56.796 42.723 38.671 53.629 58.603 55.584 50.568 32.553 35.540 41.526 35.515 36.508 15.504 8.502 0.000 0.000 0.000 0.000 0.000 0.000 0.000 0.000 0.000 0.000 13.849 19.850 22.884 22.957 23.064 23.146 25.203 0.000 0.000 0.000 20.407 25.424 25.437 25.445 25.449 0.000 0.000 0.000 0.000 0.000 0.000 0.000 50.539 32.540 30.541 30.543 30.546 30.549 28.552 33.556 36.562 36.568 32.575 36.585 36.593 35.598 29.602 30.605 20.606 0.000 0.000
9.821 24.835 43.868 56.877 57.874 57.877 55.890 54.897 55.900 54.897 55.891 0.000 0.000 12.613 30.599 51.582 58.564 56.552 56.542 42.533 0.000 0.000 0.000 0.000 0.000 0.000 0.000 0.000 0.000 0.000 0.000 0.000 0.000 0.000 0.000 18.769 22.782 20.816 21.865 23.905 24.929 0.000 0.000 0.000 0.000 18.429 25.435 25.440 22.444 0.000 0.000 0.000 0.000 0.000 0.000 0.000 0.000 46.540 29.541 29.543 30.545 29.548 29.550 35.554 36.559 34.566 22.570 0.000 40.594 34.596 34.599 34.600 20.602 0.000 0.000
0.000 0.000 28.934 34.930 28.903 30.906 47.941 55.956 51.965 44.973 43.981 0.000 0.000 0.000 0.000 0.000 23.557 49.551 56.545 0.000 0.000 0.000 0.000 0.000 0.000 0.000 0.000 0.000 0.000 0.000 0.000 0.000 0.000 0.000 0.000 18.676 24.661 23.663 32.675 33.682 23.678 0.000 0.000 0.000 0.000 0.000 22.435 23.437 0.000 0.000 0.000 0.000 0.000 0.000 0.000 0.000 0.000 51.541 54.541 34.543 28.544 26.546 36.549 36.552 31.555 0.000 0.000 0.000 0.000 39.595 36.597 36.598 26.599 0.000 0.000
0.000 0.000 10.006 19.007 0.000 0.000 20.013 49.021 40.033 36.051 50.080 17.138 0.000 0.000 0.000 0.000 0.000 0.000 25.543 0.000 0.000 0.000 0.000 0.000 0.000 0.000 0.000 0.000 0.000 0.000 0.000 0.000 0.000 0.000 0.000 9.599 23.523 21.500 51.491 44.472 22.425 24.299 0.000 0.000 0.000 0.000 17.434 0.000 0.000 0.000 0.000 0.000 0.000 0.000 0.000 0.000 0.000 0.000 39.542 56.543 41.544 35.545 36.547 31.549 0.000 0.000 0.000 0.000 0.000 31.594 36.595 36.596 31.597 0.000 0.000
0.000 0.000 6.078 51.086 8.119 0.000 9.078 41.084 43.098 54.119 56.151 59.197 65.257 4.289 0.000 0.000 0.000 0.000 0.000 0.000 0.000 0.000 0.000 0.000 0.000 0.000 0.000 0.000 0.000 0.000 0.000 0.000 0.000 0.000 0.000 0.000 16.333 24.326 54.316 36.293 24.249 23.176 28.095 0.000 0.000 0.000 0.000 0.000 0.000 0.000 0.000 0.000 0.000 0.000 0.000 0.000 0.000 0.000 0.000 0.000 44.544 34.545 32.546 0.000 0.000 0.000 0.000 0.000 30.591 29.592 31.594 25.595 0.000 0.000 0.000
0.000 0.000 28.142 46.144 54.153 23.159 36.138 59.141 56.156 55.179 55.209 55.245 55.286 61.322 64.362 20.384 0.000 0.000 24.452 38.452 31.451 33.449 0.000 0.000 0.000 0.000 0.000 0.000 0.000 0.000 0.000 0.000 0.000 0.000 0.000 0.000 17.151 46.157 48.154 25.137 23.105 23.059 26.016 0.000 0.000 0.000 0.000 0.000 0.000 0.000 0.000 0.000 0.000 0.000 0.000 0.000 0.000 0.000 0.000 0.000 0.000 0.000 0.000 0.000 0.000 0.000 0.000 32.590 27.591 25.591 0.000 0.000 0.000 0.000 0.000
52.259 55.240 55.207 53.196 51.192 52.186 54.178 54.186 55.209 56.234 56.261 55.291 48.322 52.353 55.383 59.407 63.434 64.448 56.454 52.454 49.453 44.450 46.446 39.443 0.000 0.000 0.000 0.000 0.000 0.000 0.000 0.000 0.000 0.000 0.000 40.880 29.965 58.998 50.006 36.998 23.976 22.941 22.896 26.828 22.827 0.000 0.000 0.000 0.000 0.000 0.000 0.000 0.000 0.000 0.000 0.000 0.000 0.000 0.000 0.000 0.000 0.000 0.000 0.000 0.000 0.000 0.000 0.000 0.000 0.000 0.000 0.000 0.000 0.000 0.000
55.280 50.257 48.251 47.243 41.233 38.217 39.203 39.217 45.262 50.288 50.312 43.336 27.361 42.386 55.409 55.430 55.448 55.458 55.462 55.461 56.457 56.452 59.447 60.442 60.438 60.436 0.000 0.000 0.000 0.000 0.000 0.000 0.000 0.000 0.000 12.796 38.833 43.863 27.877 44.876 32.860 22.834 22.799 25.763 0.000 0.000 0.000 0.000 0.000 0.000 0.000 0.000 0.000 0.000 0.000 0.000 0.000 0.000 0.000 0.000 0.000 0.000 0.000 0.000 0.000 0.000 0.000 0.000 0.000 0.000 0.000 0.000 0.000 0.000 0.000
25.325 0.000 20.299 34.294 32.282 12.249 0.000 0.000 13.336 30.347 29.363 22.382 17.402 27.422 48.441 56.457 55.470 55.477 55.478 55.472 55.464 59.456 34.448 22.442 21.438 25.436 28.434 0.000 0.000 0.000 0.000 0.000 0.000 0.000 0.000 10.676 46.710 29.745 21.764 31.768 42.757 26.736 22.705 22.664 28.602 0.000 0.000 0.000 0.000 0.000 0.000 0.000 0.000 0.000 0.000 0.000 0.000 0.000 0.000 0.000 0.000 0.000 0.000 0.000 0.000 0.000 0.000 0.000 0.000 0.000 0.000 0.000 0.000 0.000 71.877
15.371 0.000 8.355 23.353 19.353 0.000 0.000 0.000 6.399 20.404 18.414 18.428 19.444 17.460 36.476 53.489 55.499 55.504 55.500 55.488 54.471 17.463 0.000 0.000 0.000 0.000 0.000 0.000 0.000 16.268 36.270 0.000 0.000 0.000 17.426 34.522 51.589 28.644 22.669 20.674 37.666 39.648 25.622 22.587 22.541 25.488 34.464 0.000 0.000 0.000 0.000 0.000 0.000 0.000 0.000 0.000 0.000 0.000 0.000 0.000 0.000 0.000 0.000 0.000 0.000 0.000 0.000 0.000 0.000 0.000 0.000 0.000 0.000 0.000 69.953
28.419 24.430 19.413 18.412 19.424 21.464 22.481 25.481 24.459 20.456 19.463 19.474 19.487 18.501 25.515 47.527 56.536 55.539 57.534 29.510 0.000 0.000 0.000 0.000 0.000 0.000 0.000 0.000 0.000 0.000 3.272 6.276 10.281 24.288 21.332 42.397 39.482 13.573 20.595 22.596 24.587 37.570 29.548 24.521 22.490 21.460 38.441 29.429 23.428 0.000 0.000 0.000 0.000 0.000 0.000 0.000 0.000 0.000 0.000 0.000 0.000 0.000 0.000 0.000 0.000 0.000 0.000 0.000 0.000 0.000 0.000 0.000 0.000 6.205 83.097
18.458 19.460 19.457 19.460 19.470 19.489 19.500 19.504 19.501 19.502 19.508 19.518 19.531 19.544 17.557 38.570 55.580 57.586 53.588 0.000 0.000 0.000 0.000 0.000 0.000 0.000 0.000 0.000 0.000 0.000 0.000 0.000 0.000 8.252 25.217 51.256 25.368 0.000 8.542 23.530 21.516 25.500 26.481 35.461 24.439 22.421 21.412 17.420 0.000 0.000 0.000 0.000 0.000 0.000 0.000 0.000 0.000 0.000 0.000 0.000 0.000 0.000 0.000 0.000 0.000 0.000 0.000 0.000 0.000 0.000 0.000 0.000 11.400 76.313 86.222
19.495 19.497 19.498 19.502 19.510 19.521 19.530 18.536 18.539 19.544 19.552 19.562 19.575 19.588 18.602 26.616 41.628 52.638 40.644 0.000 0.000 0.000 0.000 0.000 0.000 0.000 0.000 0.000 0.000 0.000 0.000 0.000 0.000 0.000 34.030 59.043 0.000 0.000 6.504 24.466 22.448 21.433 29.418 40.402 28.387 22.375 26.368 0.000 0.000 0.000 0.000 0.000 0.000 0.000 0.000 0.000 0.000 0.000 0.000 0.000 0.000 0.000 0.000 0.000 0.000 0.000 0.000 0.000 0.000 0.000 0.000 0.000 68.488 82.425 82.348
19.533 19.535 19.537 19.541 19.548 19.556 19.564 23.571 24.578 20.585 19.595 19.606 19.619 19.634 19.649 18.665 21.681 30.696 30.709 0.000 0.000 0.000 0.000 0.000 0.000 0.000 0.000 0.000 0.000 0.000 0.000 0.000 0.000 0.000 37.831 52.844 0.000 0.000 0.000 21.386 22.377 22.367 21.356 26.344 28.333 24.324 26.319 0.000 0.000 0.000 0.000 0.000 0.000 0.000 0.000 0.000 0.000 0.000 0.000 0.000 0.000 0.000 0.000 0.000 0.000 0.000 0.000 0.000 0.000 0.000 0.000 52.745 61.638 61.555 61.474
19.572 19.573 19.576 19.580 19.586 19.593 18.601 30.608 35.617 22.626 19.637 19.649 19.664 19.680 19.697 19.716 19.736 18.759 21.787 2.832 0.000 0.000 0.000 0.000 0.000 0.000 0.000 0.000 0.000 0.000 0.000 0.000 0.000 18.508 60.621 34.658 34.621 0.000 0.000 7.314 24.310 22.304 22.296 20.287 36.279 40.271 34.266 0.000 0.000 0.000 0.000 0.000 0.000 0.000 0.000 0.000 0.000 0.000 0.000 0.000 0.000 0.000 0.000 0.000 0.000 0.000 0.000 0.000 0.000 0.000 26.937 77.852 63.764 76.688 98.562
19.610 19.612 19.615 19.619 19.624 19.631 18.639 31.647 37.656 21.667 19.679 19.693 19.708 19.726 19.745 19.767 19.791 19.818 19.848 25.879 0.000 0.000 0.000 0.000 0.000 0.000 0.000 16.914 24.915 28.930 2.951 0.000 14.295 52.397 50.488 30.549 12.584 0.000 0.000 7.249 24.247 23.243 26.238 21.232 30.224 53.216 50.209 0.000 0.000 0.000 0.000 0.000 0.000 0.000 0.000 0.000 0.000 0.000 0.000 0.000 0.000 0.000 0.000 0.000 0.000 0.000 0.000 0.000 0.000 0.000 64.023 119.962 102.889 124.789 103.372
16.649 17.651 18.653 18.658 19.663 19.670 17.677 32.686 35.696 18.708 19.721 19.736 19.752 19.771 19.793 19.816 19.844 19.875 19.912 19.959 26.033 6.073 0.000 0.000 0.000 0.000 0.000 0.000 23.903 19.926 22.973 27.064 39.194 56.297 40.388 8.468 0.000 0.000 0.000 6.186 23.186 26.185 39.183 25.179 35.172 36.162 55.145 59.107 42.091 0.000 0.000 0.000 0.000 0.000 0.000 0.000 0.000 0.000 0.000 0.000 0.000 0.000 0.000 0.000 0.000 0.000 0.000 0.000 0.000 50.274 60.169 61.087 64.011 82.978 102.555
37.688 32.690 27.693 25.697 21.702 17.709 17.717 32.726 35.736 17.749 19.762 19.778 19.796 19.816 19.839 19.865 18.894 17.927 18.966 19.013 19.067 25.116 2.164 0.000 0.000 0.000 0.000 0.000 29.869 23.900 18.952 32.028 55.121 49.211 17.299 0.000 0.000 0.000 0.000 4.125 22.128 27.130 34.131 29.129 34.124 33.116 46.104 40.087 33.076 6.068 0.000 0.000 0.000 0.000 0.000 0.000 0.000 0.000 0.000 0.000 0.000 0.000 0.000 0.000 0.000 0.000 0.000 0.000 27.465 55.379 124.290 88.215 120.091 103.756 101.797
57.728 56.729 52.732 47.736 43.741 38.748 33.756 29.766 24.777 18.789 19.804 19.820 19.839 19.860 18.884 20.911 26.942 31.976 31.016 29.060 23.109 18.160 22.213 28.270 0.000 0.000 0.000 11.744 34.805 25.855 21.910 44.975 57.051 13.131 0.000 0.000 0.000 0.000 0.000 8.062 21.070 26.079 42.083 32.083 25.081 18.077 24.070 42.062 39.058 45.062 0.000 0.000 0.000 0.000 0.000 0.000 0.000 0.000 0.000 0.000 0.000 0.000 0.000 0.000 0.000 0.000 0.000 0.000 62.552 53.486 63.411 86.297 62.463 101.910 93.241
