results1/res_4e8f-0206.wd
ncols         241
nrows         181
xllcorner     12693529.787448
yllcorner     3542525.717860
cellsize      155.156523
NODATA_value  -9999.000000
[rows 66 to 98 of 181, columns 146 to 218 of 241]
38.246 53.184 75.125 76.070 76.020 75.974 75.932 75.893 75.858 78.829 14.810 0.000 2.675 0.000 0.000 0.000 0.000 1.165 48.165 23.165 0.000 30.163 60.162 60.162 60.161 67.161 73.160 73.157 73.154 73.150 73.146 73.141 73.136 73.130 73.125 75.120 60.116 61.114 53.113 0.000 0.000 0.000 0.000 0.000 29.447 36.437 45.418 39.380 17.329 15.299 30.273 51.249 59.225 53.201 48.177 48.153 38.129 35.105 35.081 38.057 59.034 71.012 65.990 54.968 61.948 68.928 72.909 72.891 71.873 71.857 71.841 71.825 71.810
41.308 60.244 78.185 76.130 76.081 76.037 75.996 75.958 80.922 69.893 39.879 36.896 0.000 0.000 0.000 0.000 0.000 19.165 21.165 0.000 0.000 0.000 30.159 61.159 70.158 73.158 73.156 73.154 73.152 77.149 75.145 73.141 73.136 73.132 72.127 64.123 58.119 64.117 54.116 0.000 0.000 0.000 0.000 21.438 35.439 40.435 36.428 0.000 2.282 12.268 32.249 35.229 49.207 58.185 47.162 46.139 44.115 35.091 35.067 34.043 40.020 63.997 70.975 55.953 57.932 59.912 61.893 65.874 69.857 71.840 72.824 71.808 71.793
46.367 67.301 77.239 76.184 76.138 76.097 74.058 73.021 27.980 12.940 43.917 49.913 14.917 0.000 0.000 0.000 0.000 0.000 0.000 0.000 0.000 14.155 43.156 63.156 73.156 73.155 73.154 73.152 73.150 75.147 74.144 73.141 73.137 74.133 64.129 62.125 65.122 60.119 52.117 0.000 0.000 0.000 0.000 39.438 42.437 4.434 3.431 0.000 7.250 40.241 42.227 52.210 55.191 66.170 64.148 52.125 41.101 33.077 35.053 35.029 30.005 43.981 60.959 64.937 69.916 66.895 59.876 64.857 67.840 67.823 65.806 67.791 70.776
51.425 74.355 78.286 79.230 76.189 77.153 72.120 18.086 2.045 42.969 43.937 48.923 56.920 0.000 0.000 0.000 0.000 0.000 0.000 0.000 0.000 26.155 49.154 62.154 74.154 73.153 73.152 73.150 73.148 74.146 73.144 73.141 73.138 70.135 64.132 29.127 2.125 0.000 0.000 0.000 0.000 0.000 0.000 35.437 42.437 0.000 0.000 0.000 57.226 43.219 38.207 66.192 71.175 72.156 76.135 70.112 58.088 38.063 35.038 35.014 32.989 33.965 39.942 40.920 47.898 55.878 62.858 66.839 67.821 68.804 64.788 67.773 68.758
33.484 38.410 48.319 24.261 81.235 78.207 63.181 40.159 10.146 0.000 0.000 0.000 0.000 0.000 0.000 0.000 0.000 0.000 0.000 0.000 0.000 27.154 52.153 55.152 71.152 73.151 73.150 73.149 77.147 76.145 73.143 73.141 74.139 65.137 68.136 0.000 0.000 0.000 0.000 0.000 0.000 0.000 0.000 0.000 29.437 38.437 0.000 0.000 88.209 51.202 33.191 64.178 72.162 72.144 72.123 75.101 74.076 54.050 37.024 34.998 32.973 35.948 36.925 44.902 49.880 38.859 38.839 43.820 48.802 54.785 59.769 63.754 67.739
79.552 58.481 0.000 0.000 85.282 77.259 64.240 46.223 13.212 0.000 0.000 0.000 0.000 0.000 0.000 0.000 0.000 0.000 0.000 0.000 0.000 0.000 13.151 57.151 73.150 73.150 73.149 73.148 75.146 74.145 73.143 73.141 74.140 62.139 72.138 0.000 0.000 0.000 0.000 0.000 0.000 0.000 0.000 0.000 0.000 5.437 13.437 0.000 25.199 41.189 34.178 64.165 72.151 72.134 73.114 73.091 73.065 66.037 42.009 37.983 35.956 32.931 53.906 65.883 71.860 55.839 48.819 44.800 42.783 39.766 39.750 39.734 67.720
55.630 0.000 0.000 82.470 82.353 80.307 71.295 56.282 12.266 0.000 0.000 0.000 0.000 0.000 0.000 0.000 0.000 0.000 0.000 0.000 0.000 0.000 39.149 62.149 74.149 73.148 73.147 74.147 73.145 73.144 73.143 73.142 74.141 67.140 32.139 0.000 0.000 0.000 0.000 0.000 0.000 0.000 0.000 0.000 0.000 0.000 0.000 0.000 0.000 38.177 37.165 55.155 70.143 73.128 67.109 63.084 69.055 60.023 42.994 41.966 50.939 45.912 68.887 72.862 71.840 69.818 69.798 66.780 64.762 61.745 57.729 49.714 69.700
82.677 72.676 78.646 34.586 0.000 1.331 77.353 51.342 12.304 0.000 14.554 0.000 0.000 0.000 0.000 0.000 0.000 0.000 0.000 0.000 0.000 2.147 55.148 67.148 74.148 73.147 73.147 75.146 75.145 73.144 73.143 73.142 72.141 68.140 17.140 0.000 0.000 0.000 0.000 0.000 0.000 0.000 0.000 0.000 0.000 0.000 0.000 0.000 0.140 0.000 26.152 52.146 70.138 71.126 52.109 55.080 57.048 54.008 38.978 35.950 58.921 67.893 71.866 73.841 73.818 74.796 72.776 72.758 73.740 72.724 73.708 73.693 72.679
84.724 76.705 81.675 32.643 0.000 0.000 68.436 16.430 0.000 0.000 46.554 9.555 0.000 0.000 0.000 0.000 0.000 0.000 0.000 0.000 0.000 1.147 58.147 70.147 74.147 73.146 73.146 74.145 74.144 73.144 73.143 74.142 70.141 65.141 15.141 0.000 0.000 0.000 0.000 0.000 0.000 0.000 0.000 0.000 0.000 0.000 0.000 0.000 18.141 20.142 31.144 47.141 69.135 71.128 17.122 0.000 0.000 43.983 37.958 32.933 46.904 65.871 71.843 73.817 73.794 73.773 71.753 71.735 72.717 71.701 71.686 72.671 72.658
76.791 76.746 76.706 74.668 61.634 47.589 40.526 39.511 35.538 38.549 41.554 41.555 13.555 0.000 0.000 0.000 0.000 0.000 19.145 21.145 0.000 11.146 57.146 71.146 73.146 73.145 73.145 73.145 73.144 73.143 73.143 73.142 55.142 50.141 48.141 43.141 7.141 0.000 0.000 0.000 0.000 0.000 0.000 0.000 0.000 0.000 0.000 0.000 22.140 48.140 39.140 43.138 63.135 64.131 37.128 0.000 0.000 0.000 34.940 39.921 38.890 57.846 70.816 71.792 71.769 71.748 71.728 71.710 71.694 71.678 71.663 71.649 71.635
76.832 76.782 76.734 75.689 72.647 74.606 48.568 27.551 65.553 38.556 42.558 18.556 0.000 0.000 0.000 0.000 0.000 0.000 19.145 65.145 14.145 2.145 56.145 70.145 74.145 73.145 75.144 76.144 74.144 73.143 73.143 71.142 64.142 55.141 56.141 55.141 8.141 0.000 0.000 0.000 0.000 0.000 0.000 0.000 0.000 0.000 0.000 0.000 16.140 51.139 43.139 50.137 65.135 60.132 66.131 0.000 0.000 0.000 0.000 0.000 0.000 47.804 70.786 71.764 71.742 71.721 71.702 71.685 71.669 71.654 71.639 71.626 71.613
76.868 76.817 77.759 79.706 76.659 76.619 75.589 76.572 67.566 45.565 17.564 0.000 0.000 0.000 0.000 0.000 0.000 0.000 6.145 58.145 45.145 35.145 51.145 73.145 73.145 73.144 73.144 73.144 73.143 73.143 73.142 73.142 71.142 50.141 54.141 61.141 4.141 0.000 0.000 0.000 0.000 0.000 0.000 0.000 0.000 0.000 0.000 0.000 12.139 63.139 7.138 30.136 53.134 60.133 21.132 0.000 0.000 0.000 0.000 0.000 0.000 1.782 59.759 72.736 71.713 71.693 71.675 71.658 71.643 71.629 71.615 71.602 71.589
79.908 75.859 72.778 74.716 77.666 77.621 79.597 76.583 74.575 61.572 10.570 0.000 0.000 0.000 0.000 0.000 0.000 0.000 0.000 14.144 49.144 41.144 57.144 75.144 73.144 73.144 73.144 73.143 73.143 73.143 73.142 73.142 74.141 63.141 50.141 54.141 60.141 2.140 0.000 0.000 0.000 0.000 0.000 0.000 0.000 0.000 0.000 0.000 0.000 8.139 0.000 0.000 38.134 57.133 0.000 0.000 0.000 0.000 0.000 0.000 0.000 0.000 47.733 68.707 71.682 71.662 71.646 71.631 71.617 71.603 71.591 71.578 71.565
72.955 33.932 0.000 0.000 0.000 69.604 74.595 80.586 76.580 65.577 15.575 0.000 49.580 19.580 0.000 0.000 0.000 0.000 0.000 0.000 41.144 45.144 66.144 74.144 75.144 76.144 73.143 73.143 73.143 73.142 73.142 73.142 73.141 74.141 53.141 35.141 44.140 5.140 0.000 0.000 0.000 0.000 0.000 0.000 0.000 0.000 0.000 0.000 0.000 0.000 0.000 0.000 27.134 60.134 0.000 0.000 0.000 0.000 0.000 0.000 0.000 0.000 0.000 48.677 68.647 71.629 71.614 71.602 71.590 71.578 71.566 71.554 71.541
67.995 24.982 0.000 0.000 44.596 42.596 59.592 78.587 75.583 60.580 41.579 45.580 49.580 15.580 0.000 0.000 0.000 0.000 12.143 0.000 42.144 53.144 73.144 73.144 76.143 76.143 73.143 73.143 73.143 73.142 73.142 73.142 73.141 74.141 70.141 65.140 54.140 34.140 28.140 0.000 0.000 0.000 0.000 0.000 0.000 0.000 0.000 0.000 0.000 0.000 0.000 0.000 29.134 21.134 0.000 0.000 0.000 0.000 0.000 0.000 0.000 0.000 0.000 0.000 53.599 69.591 71.582 71.572 71.562 71.552 71.541 71.529 71.517
74.027 55.019 27.027 0.000 0.000 44.593 44.590 66.586 78.584 56.582 43.581 48.581 26.581 0.000 0.000 0.000 0.000 0.000 41.143 34.143 39.143 56.143 75.143 75.143 76.143 73.143 73.143 73.143 73.142 73.142 73.142 73.141 73.141 73.141 73.140 75.140 64.140 52.140 41.139 42.139 35.139 26.139 31.139 0.000 0.000 0.000 0.000 0.000 0.000 0.000 0.000 0.000 32.134 7.134 0.000 0.000 0.000 0.000 0.000 0.000 0.000 0.000 0.000 0.000 38.559 66.555 70.550 71.543 71.536 71.527 71.517 71.505 71.493
77.050 68.042 21.034 0.000 0.000 0.000 43.588 48.585 75.584 63.582 44.582 47.581 22.581 0.000 0.000 0.000 0.000 0.000 44.143 37.143 40.143 58.143 77.143 76.143 74.143 74.143 73.143 73.142 73.142 73.142 73.142 74.141 74.141 74.141 68.140 59.140 63.140 70.139 63.139 61.139 49.139 36.139 43.139 1.138 0.000 0.000 0.000 0.000 0.000 0.000 0.000 0.000 0.000 0.000 0.000 0.000 0.000 0.000 0.000 0.000 0.000 0.000 0.000 0.000 30.522 61.521 71.519 73.515 73.510 73.503 72.494 71.482 71.469
77.069 52.064 0.000 0.000 0.000 0.000 0.000 50.584 63.583 57.583 56.582 53.582 43.582 21.582 0.000 0.000 0.000 0.000 43.143 36.143 41.143 56.143 68.143 65.143 60.143 62.143 67.143 72.142 74.142 74.142 72.142 62.141 60.141 65.141 54.140 51.140 51.139 62.139 66.139 61.139 47.139 36.138 8.138 0.000 0.000 0.000 0.000 0.000 0.000 0.000 0.000 0.000 0.000 0.000 0.000 0.000 0.000 0.000 0.000 0.000 1.388 0.000 0.000 0.000 18.486 43.489 49.490 51.489 51.486 52.481 61.473 70.461 71.447
76.084 42.080 0.000 0.000 0.000 0.000 0.000 45.584 39.583 38.583 46.582 46.582 46.582 42.582 15.582 0.000 0.000 0.000 48.143 43.143 48.143 58.143 61.143 64.143 22.143 0.000 0.000 13.142 74.142 71.142 60.142 15.141 0.000 0.000 53.140 85.139 78.139 57.139 63.139 57.139 46.138 31.138 34.138 0.000 0.000 0.000 0.000 0.000 0.000 0.000 0.000 0.000 0.000 0.000 0.000 0.000 0.000 0.000 14.388 4.388 22.388 43.393 54.403 53.420 71.447 79.458 80.463 78.465 80.464 67.461 50.455 68.444 71.426
74.095 39.093 0.000 0.000 0.000 0.000 0.000 45.583 41.583 20.583 0.000 0.000 0.582 0.000 0.000 0.000 0.000 0.000 54.143 48.143 43.143 39.143 25.143 0.000 0.000 0.000 0.000 0.000 0.000 0.000 47.141 9.141 0.000 0.000 0.000 48.139 81.139 41.139 42.139 41.138 37.138 40.138 87.138 46.138 0.000 0.000 0.000 0.000 0.000 0.000 0.000 0.000 0.000 0.000 0.000 0.000 13.360 4.361 0.000 0.000 8.384 90.388 86.397 68.409 69.424 66.434 67.440 89.444 82.445 68.445 48.442 57.432 56.410
60.104 41.102 35.105 0.000 0.000 0.000 0.000 0.000 43.583 27.583 0.000 0.000 0.000 0.000 0.000 0.000 0.000 0.000 54.143 54.143 55.143 38.143 13.143 0.000 0.000 0.000 0.000 0.000 0.000 0.000 43.141 20.141 0.000 0.000 0.000 47.139 96.139 60.139 63.139 58.138 43.138 61.138 115.138 112.137 43.137 0.027 2.572 0.000 0.000 0.000 0.000 0.000 0.000 0.000 0.000 0.000 3.360 21.361 11.362 9.366 18.374 93.380 60.387 68.395 59.405 40.413 51.420 94.424 60.428 47.431 54.436 8.434 0.000
44.110 44.108 30.108 0.000 0.000 0.000 0.000 0.000 0.000 0.000 0.000 0.000 0.000 0.000 0.000 0.000 0.000 0.000 57.143 48.143 42.143 40.143 14.143 0.000 0.000 0.000 0.000 0.000 0.000 40.141 33.141 58.141 54.141 0.000 6.139 53.139 59.139 51.139 94.138 83.138 54.138 7.138 71.138 126.137 10.137 0.000 0.000 0.000 0.000 0.000 0.000 0.000 22.359 19.359 14.359 3.360 72.360 110.360 101.360 97.362 44.366 88.370 56.375 45.381 92.388 73.394 93.400 74.406 44.411 52.416 0.000 0.000 0.000
47.114 48.112 40.111 0.000 0.000 0.000 0.000 0.000 0.000 0.000 0.000 0.000 0.000 0.000 0.000 0.000 0.000 0.000 11.143 52.143 42.143 20.143 0.000 0.000 0.000 0.000 0.000 0.000 0.000 42.141 39.141 15.141 0.000 0.000 0.000 27.139 6.139 0.000 7.138 49.138 5.138 0.000 27.137 93.137 48.137 0.136 0.000 0.000 0.000 0.000 0.000 0.000 0.000 4.359 0.000 0.000 28.359 8.359 72.357 76.357 27.358 88.359 65.362 38.366 56.371 106.376 120.382 54.388 42.395 9.406 0.000 0.000 18.213
46.117 47.114 47.113 51.114 43.114 0.000 0.000 0.000 0.000 0.000 0.000 0.000 0.000 0.000 0.000 0.000 0.000 0.000 0.000 42.143 38.143 22.143 0.000 0.000 0.000 0.000 0.000 0.000 43.141 40.141 17.141 0.000 0.000 0.000 0.000 1.139 0.000 0.000 0.000 53.138 2.138 0.000 27.137 0.000 0.000 0.000 0.000 0.000 0.000 0.000 0.000 0.000 0.000 13.359 7.359 9.359 2.359 0.000 48.351 67.350 26.349 90.348 70.348 40.350 89.353 92.358 87.363 95.369 59.376 0.000 0.000 1.180 32.194
48.119 26.116 37.114 46.114 46.114 46.114 45.114 0.000 0.000 0.000 0.000 0.000 0.000 0.000 0.000 0.000 0.000 0.000 0.000 44.142 40.142 24.142 0.000 0.000 0.000 0.000 0.000 0.000 0.000 46.141 18.141 0.000 0.000 0.000 0.000 0.000 0.000 5.138 17.138 40.138 44.138 21.138 0.000 0.000 0.000 0.000 0.000 0.000 0.000 0.000 0.000 0.000 0.000 2.359 0.359 6.359 0.000 0.000 51.346 71.344 31.340 91.335 76.332 90.333 90.335 49.338 42.343 87.350 36.363 0.000 0.154 33.165 41.173
53.122 0.000 0.000 43.114 32.114 0.000 45.114 35.114 0.000 0.000 0.000 0.000 0.000 0.000 0.000 0.000 0.000 0.000 0.000 43.142 40.142 28.142 0.000 0.000 0.000 0.000 0.000 0.000 0.000 0.000 0.000 0.000 0.000 0.000 0.000 0.000 0.000 0.000 56.138 73.138 34.138 0.000 0.000 0.000 0.000 0.000 0.000 0.000 0.000 0.000 0.000 0.000 0.000 0.000 0.000 11.359 0.000 0.000 86.343 72.340 33.333 91.319 88.314 80.313 72.314 58.317 59.321 28.325 0.000 0.000 17.143 36.150 43.155
50.123 0.000 0.000 30.114 22.114 0.000 0.000 0.000 0.000 54.122 50.122 41.122 0.000 0.000 0.000 0.000 0.000 0.000 0.000 47.142 43.142 25.142 0.000 0.000 0.000 0.000 0.000 0.000 0.000 0.000 0.000 0.000 0.000 0.000 0.000 0.000 0.000 0.000 19.137 103.137 69.137 0.137 0.000 0.000 0.000 0.000 0.000 0.000 0.000 0.000 0.000 0.000 0.000 0.000 0.000 0.000 0.000 0.000 18.343 0.000 0.000 65.294 106.292 85.292 84.293 82.295 85.299 33.305 0.000 0.000 21.135 35.137 36.139
66.124 0.000 0.000 0.000 0.000 52.123 39.123 0.000 50.122 44.122 44.122 36.122 0.000 0.000 0.000 0.000 0.000 0.000 0.000 47.142 42.142 30.142 0.000 0.000 0.000 0.000 0.000 0.000 0.000 0.000 0.000 0.000 0.000 0.000 0.000 0.000 0.000 0.000 0.000 47.137 39.137 10.137 0.000 0.000 0.000 0.000 0.000 0.000 0.000 0.000 0.000 0.000 0.000 0.000 0.000 0.000 0.000 0.000 0.000 0.000 0.000 12.270 48.270 49.269 47.269 47.271 44.275 40.290 0.000 0.000 14.126 35.126 33.124
77.124 66.124 48.124 49.123 48.123 42.123 43.123 44.122 42.122 47.122 46.122 37.122 34.122 0.000 0.000 0.000 0.000 0.000 0.000 34.142 0.000 0.000 0.000 0.000 0.000 0.000 0.000 0.000 0.000 0.000 0.000 0.000 0.000 0.000 0.000 0.000 0.000 0.000 0.000 0.137 46.137 9.137 0.000 0.000 0.000 0.000 0.000 0.000 0.000 0.000 0.000 0.000 0.000 0.000 0.000 0.000 0.000 0.000 0.000 0.000 0.000 3.246 36.247 35.246 35.245 51.243 46.241 0.000 0.000 0.000 7.117 48.115 60.111
77.124 71.124 41.124 41.123 41.123 24.123 25.123 29.122 39.122 48.122 45.122 37.122 40.122 29.122 0.000 0.000 0.000 0.000 0.000 0.000 0.000 0.000 0.000 0.000 0.000 0.000 0.000 0.000 0.000 0.000 0.000 0.000 0.000 0.000 0.000 0.000 0.000 0.000 0.000 0.000 3.137 49.137 8.137 0.000 0.000 0.000 0.000 0.000 0.000 0.000 0.000 0.000 0.000 0.000 0.000 0.000 0.000 0.000 0.000 0.000 28.212 31.222 35.225 35.224 37.221 56.216 46.205 29.184 0.000 0.000 43.110 64.105 71.099
77.124 75.124 45.124 42.124 22.123 0.000 0.000 0.000 0.000 39.122 42.122 40.122 33.122 0.000 0.000 0.000 0.000 0.000 0.000 0.000 0.000 0.000 0.000 0.000 0.000 0.000 0.000 0.000 0.000 0.000 0.000 0.000 0.000 0.000 0.000 0.000 0.000 0.000 0.000 0.000 1.137 52.137 14.137 0.000 0.000 0.000 0.000 0.000 0.000 0.000 0.000 0.000 0.000 0.000 0.000 0.000 0.000 0.000 0.000 0.193 39.202 36.205 35.206 31.205 44.200 61.193 45.181 34.162 29.138 29.120 53.107 70.098 71.089
77.124 75.124 28.124 32.124 0.000 0.000 0.000 0.000 0.000 0.000 30.122 43.122 35.121 0.000 0.000 0.000 0.000 0.000 0.000 0.000 0.000 0.000 0.000 0.000 0.000 0.000 0.000 0.000 0.000 0.000 0.000 0.000 0.000 0.000 0.000 0.000 0.000 0.000 0.000 0.000 0.000 1.137 20.137 0.000 0.000 0.000 0.000 0.000 0.000 0.000 0.000 0.000 8.171 16.171 0.000 0.000 0.000 0.000 0.000 33.183 31.189 30.191 35.191 49.188 62.182 52.174 36.163 34.148 36.130 33.115 54.102 72.090 71.079
77.124 51.124 0.000 0.000 0.000 0.000 0.000 0.000 0.000 0.000 0.000 33.121 40.121 38.121 0.000 0.000 0.000 0.000 0.000 0.000 0.000 0.000 0.000 0.000 0.000 0.000 0.000 0.000 0.000 0.000 0.000 0.000 0.000 0.000 0.000 0.000 0.000 0.000 0.000 0.000 0.000 0.000 0.000 0.000 0.000 0.000 0.000 0.000 0.000 0.000 0.000 0.000 0.000 9.171 11.171 0.000 38.172 30.172 28.174 40.177 54.179 59.179 61.177 61.173 47.167 35.158 34.148 34.135 33.121 35.107 58.094 73.082 71.070
