results1/res_4e8f-0100.wd
ncols         241
nrows         181
xllcorner     12693529.787448
yllcorner     3542525.717860
cellsize      155.156523
NODATA_value  -9999.000000
[rows 33 to 65 of 181, columns 146 to 218 of 241]
61.679 60.909 60.653 61.311 27.994 39.690 61.405 55.124 33.753 0.000 0.000 21.564 0.000 2.572 18.576 43.591 30.594 0.000 0.000 0.000 35.242 43.213 1.113 27.966 19.914 20.843 24.726 33.606 51.474 42.376 37.284 32.210 33.148 33.093 32.044 30.996 29.941 37.860 47.769 39.712 39.662 37.607 16.545 30.487 38.417 0.000 7.774 12.501 36.285 34.084 38.886 48.688 41.481 36.249 0.000 0.000 18.780 18.856 25.812 3.811 0.000 0.000 0.000 0.000 0.000 0.000 0.000 0.000 0.000 0.000 0.000 0.000 0.000
61.577 61.338 61.008 61.699 39.399 57.121 59.878 53.706 0.000 0.000 0.000 23.564 0.000 0.000 0.000 27.628 27.621 35.614 0.000 48.343 36.278 23.209 32.116 23.009 20.923 20.834 19.729 21.619 49.507 47.408 47.317 49.238 42.169 44.108 43.051 42.996 42.937 43.870 47.802 45.745 46.696 41.649 18.607 17.578 0.000 0.000 4.566 18.445 26.270 21.080 26.887 39.697 39.515 37.404 0.000 0.000 0.000 24.077 0.000 0.000 0.000 0.000 0.000 0.000 0.000 26.578 25.581 27.585 17.587 20.589 0.000 0.000 0.000
62.001 61.679 61.374 61.072 60.784 61.515 53.280 40.117 0.000 0.000 0.000 0.000 0.000 0.000 0.000 24.671 21.650 34.606 39.523 31.409 40.317 38.228 19.133 20.032 20.937 20.840 32.738 36.633 40.529 33.430 30.339 40.257 14.184 21.119 16.058 15.999 15.941 18.881 44.823 33.772 31.727 33.688 18.657 20.641 0.665 0.000 14.480 71.444 0.000 0.000 0.000 0.000 40.478 39.449 0.000 0.000 0.000 21.298 18.400 20.457 18.493 26.517 32.535 24.549 46.562 53.575 51.582 36.586 16.589 15.590 19.592 0.000 0.000
62.339 62.034 61.730 61.434 62.148 56.877 38.611 29.364 38.364 0.000 0.000 0.000 0.000 0.000 0.000 21.737 20.701 23.639 19.554 30.453 33.354 36.255 25.154 20.052 19.951 19.851 44.750 50.648 32.546 26.445 26.351 27.267 24.192 24.125 24.063 25.004 27.946 24.891 45.839 37.792 35.751 35.718 17.694 31.683 57.690 0.000 6.430 59.406 0.000 0.000 0.000 0.000 40.471 38.464 16.468 21.465 19.452 17.417 17.445 17.478 16.505 23.524 30.539 17.550 35.564 53.578 49.585 29.589 14.591 14.593 19.594 0.000 0.000
62.691 62.382 62.080 61.784 58.498 44.233 32.922 0.000 0.000 0.000 0.000 26.521 0.000 0.000 0.000 20.838 21.778 21.696 20.601 20.497 26.391 19.284 19.176 21.070 19.965 18.863 42.763 39.663 47.562 51.455 50.353 45.267 41.193 43.126 39.064 43.006 42.951 43.898 47.850 45.806 46.769 42.739 17.717 29.706 51.703 0.000 1.389 62.345 0.000 0.000 0.000 0.000 37.471 40.470 19.473 17.477 17.476 17.472 17.486 17.506 16.524 23.538 32.546 0.000 0.000 11.590 54.592 30.594 14.596 14.596 18.597 0.000 0.000
63.038 62.725 62.422 62.125 51.828 33.636 0.000 0.000 0.000 0.000 24.561 27.521 40.445 40.336 28.192 21.000 20.876 21.767 21.656 20.543 19.428 20.313 20.199 20.086 18.978 27.874 46.775 25.680 39.585 16.459 49.338 39.256 38.187 38.123 35.063 40.006 40.952 40.902 47.856 45.815 42.780 42.752 17.732 31.719 50.714 0.000 0.000 55.259 0.000 0.000 0.000 0.000 41.472 40.474 16.480 18.492 17.502 18.511 18.523 18.536 19.547 27.557 7.562 0.000 0.000 12.600 54.600 35.601 22.601 16.601 19.601 0.000 0.000
63.377 63.057 63.760 56.463 44.055 33.845 0.000 0.000 0.000 0.000 21.602 38.557 32.478 21.371 23.240 23.093 20.961 19.838 21.715 20.592 21.467 21.342 21.219 20.100 19.986 39.880 39.783 39.699 39.639 0.000 21.285 19.233 20.176 20.117 21.059 25.003 27.950 25.901 45.857 39.817 33.784 35.758 18.738 30.726 49.721 0.000 0.000 28.174 19.140 0.000 0.000 0.000 35.472 18.473 0.000 13.511 19.530 23.547 30.559 30.567 30.574 32.580 4.584 0.000 0.000 60.610 53.609 55.607 43.606 18.605 19.605 0.000 0.000
63.698 63.367 63.097 48.913 0.680 0.000 0.000 0.000 0.000 0.000 37.688 32.628 22.539 23.430 23.305 23.172 23.039 20.908 19.776 19.642 21.505 20.369 20.235 19.107 20.987 35.877 26.778 35.693 36.633 0.000 0.000 35.214 34.167 34.111 34.053 35.997 35.945 36.896 48.853 44.814 39.782 41.757 17.738 26.727 54.722 0.000 0.000 87.124 56.106 23.081 10.070 0.000 0.000 0.000 0.000 0.000 16.559 25.589 29.599 28.601 31.600 33.605 19.611 24.624 40.626 55.621 53.617 53.615 41.612 18.610 18.609 0.000 0.000
63.981 64.614 56.349 39.208 0.000 0.000 0.000 0.000 0.000 44.962 38.833 22.728 23.621 23.505 23.380 23.249 23.115 22.979 19.839 20.694 20.544 20.393 21.246 20.107 19.980 22.864 27.759 39.663 26.568 38.445 43.339 36.241 45.170 35.106 36.045 38.989 37.936 36.887 46.844 42.806 30.774 29.749 18.731 25.722 54.719 0.000 0.000 78.090 68.081 45.068 14.059 0.000 0.000 0.000 0.000 0.000 0.000 36.653 28.647 22.639 19.623 34.629 21.632 23.635 31.634 52.630 54.626 52.622 38.618 18.615 15.612 19.610 13.608
72.188 69.760 42.478 32.362 0.000 0.000 0.000 23.344 37.254 38.091 31.955 26.832 23.712 23.589 23.461 23.329 22.194 25.055 29.909 25.752 20.584 21.414 20.250 20.096 19.960 19.840 26.732 27.631 25.532 32.428 31.331 26.242 38.165 18.097 26.034 32.976 31.922 25.873 44.829 37.791 17.759 16.734 19.717 21.709 25.714 0.000 0.000 56.067 36.060 73.050 59.041 0.000 0.000 46.875 20.854 18.823 18.781 20.722 31.697 25.684 0.000 46.657 34.654 30.650 28.646 39.640 55.635 47.629 30.624 19.619 15.615 22.611 46.606
0.000 0.000 21.439 39.401 0.000 0.000 25.528 35.434 49.327 33.194 32.062 31.934 24.806 23.677 23.547 23.413 30.277 38.137 38.988 30.821 25.624 20.431 19.244 20.067 23.925 20.805 19.698 18.598 24.501 25.406 24.315 25.230 27.154 20.084 26.019 30.960 32.905 28.855 44.810 38.770 20.737 19.711 19.693 15.684 0.000 0.000 0.000 12.050 31.044 31.032 65.012 79.975 72.938 40.897 26.866 27.833 27.797 30.760 52.734 70.718 79.711 78.688 80.676 79.667 73.659 67.651 59.644 42.637 25.630 16.624 17.618 30.612 49.607
13.532 0.000 0.000 0.000 0.000 0.000 28.622 48.537 40.425 43.298 40.166 30.034 22.902 23.769 23.635 34.500 39.365 35.229 30.087 26.921 29.662 24.440 24.229 20.003 24.867 18.757 19.657 20.561 19.469 19.379 19.292 19.211 18.135 19.065 19.000 22.939 28.883 27.831 45.785 39.744 18.709 19.681 19.661 18.651 0.000 0.000 0.000 16.039 42.034 31.022 33.003 47.974 58.942 68.909 70.878 76.848 79.816 79.786 78.762 74.743 65.727 63.709 65.695 68.683 70.672 71.662 69.653 73.644 65.636 32.628 19.621 38.614 55.608
52.302 9.389 0.000 0.000 0.000 29.961 45.801 38.669 30.539 38.406 42.271 43.136 32.999 21.861 31.723 40.587 30.454 22.328 22.210 24.114 0.000 0.000 0.000 16.850 20.783 22.700 22.611 19.523 19.435 20.349 19.265 19.186 19.112 20.041 18.976 18.914 18.857 21.803 38.755 37.712 19.674 19.643 19.620 20.607 21.606 0.000 0.000 15.034 33.029 34.021 46.003 32.977 12.949 16.919 52.891 76.863 60.835 55.808 58.785 51.764 37.746 26.728 17.712 15.698 16.685 26.673 24.662 19.651 58.642 73.633 51.624 49.616 53.609
0.000 23.477 1.116 0.000 29.309 39.122 45.951 29.799 32.656 30.517 28.378 36.238 41.097 35.954 39.811 28.671 22.538 23.417 23.310 31.212 0.000 0.000 0.000 13.763 22.717 33.647 34.567 29.483 25.399 27.316 23.235 22.158 20.084 19.014 18.948 19.885 18.826 18.771 21.720 30.674 18.633 18.598 19.569 18.550 0.000 0.000 0.000 0.000 0.000 48.031 32.012 16.984 30.956 32.929 78.905 59.878 42.852 24.827 15.805 16.784 17.764 18.745 18.728 18.712 17.697 15.683 14.670 15.659 23.648 60.637 68.627 53.618 52.609
0.000 9.644 32.205 33.838 32.496 47.267 32.082 25.920 27.771 26.627 23.485 22.342 37.196 44.048 46.896 34.747 24.610 21.494 29.402 0.000 0.000 0.000 0.000 16.723 26.675 33.606 34.527 34.445 36.362 44.281 42.202 38.126 36.053 31.983 25.916 20.853 18.792 19.735 18.682 23.632 16.586 17.546 18.509 20.475 41.430 0.000 0.000 0.000 10.095 52.059 12.029 20.991 11.961 50.937 68.921 28.893 16.867 18.845 18.824 18.803 18.782 18.762 15.743 15.725 14.708 15.693 15.679 15.665 31.653 46.641 19.629 79.618 51.609
0.000 9.250 32.053 24.813 43.572 43.367 38.190 29.030 22.880 23.736 24.593 35.449 38.300 30.144 32.980 41.813 42.660 32.546 0.000 0.000 0.000 0.000 21.802 27.730 31.655 30.574 31.491 31.407 29.324 36.243 37.166 37.091 38.019 34.949 33.882 34.817 25.755 20.696 21.639 18.585 19.535 18.489 17.448 19.412 34.385 0.000 0.000 0.000 10.132 54.082 16.055 0.000 0.000 0.000 35.950 17.907 18.879 16.862 16.843 16.822 15.800 14.778 15.757 15.737 14.718 15.702 14.686 13.672 16.659 12.646 8.631 72.618 81.606
0.000 6.053 25.947 35.788 45.612 36.441 36.280 38.129 35.984 26.843 32.703 41.560 30.411 23.248 22.066 27.867 37.669 44.486 8.318 0.141 25.224 25.065 19.873 28.743 33.639 34.546 30.456 30.368 22.283 19.204 19.127 19.054 17.982 15.913 22.846 36.780 35.716 34.654 29.594 20.536 18.481 19.428 18.381 18.340 19.313 0.000 0.000 0.000 25.218 0.000 0.000 0.000 0.000 0.000 15.022 0.000 0.000 14.881 13.866 13.843 14.818 16.793 16.769 16.748 15.728 15.709 13.693 13.677 14.664 2.655 0.000 0.000 75.596
0.000 4.962 28.894 47.781 38.646 35.504 35.362 36.222 35.085 36.950 41.816 30.680 24.535 24.370 24.171 22.918 23.665 29.413 46.154 43.785 22.381 21.097 19.884 20.730 32.613 30.514 41.421 29.324 22.239 20.161 21.087 20.015 24.944 32.876 28.808 22.741 28.676 38.611 35.547 34.484 25.423 18.364 18.307 19.255 17.215 0.000 0.000 25.307 13.305 0.000 0.000 27.159 22.160 21.138 13.095 0.000 0.000 19.917 16.895 16.867 16.836 16.807 16.781 16.757 16.736 16.716 16.698 15.681 16.667 18.654 8.644 0.000 17.592
0.000 17.938 42.885 38.797 27.688 32.567 37.441 32.313 38.184 44.055 35.932 23.808 22.678 24.529 24.329 27.969 28.660 22.346 33.099 28.818 25.419 22.059 18.835 25.682 29.568 31.476 22.389 49.271 37.188 27.114 19.044 24.974 43.905 53.837 46.770 23.702 25.635 28.567 32.499 37.432 35.364 31.297 20.228 17.157 24.078 29.977 0.000 0.350 21.391 0.000 0.000 0.000 17.182 17.160 17.125 22.092 21.042 16.974 15.931 16.893 16.854 16.819 16.790 16.766 16.743 16.722 16.702 16.684 15.667 15.651 16.635 19.614 15.596
5.008 38.968 44.912 29.835 24.741 26.635 28.523 39.405 43.284 54.155 53.048 45.944 34.840 23.737 26.650 0.000 0.000 21.213 27.080 23.969 0.000 19.887 23.714 40.595 39.501 42.434 0.000 14.181 54.129 48.066 34.000 39.933 57.866 57.799 55.732 24.663 30.594 30.523 32.452 20.379 29.305 35.231 34.154 33.067 45.963 54.876 0.000 0.000 11.479 36.568 0.000 0.000 40.227 21.195 21.154 21.109 21.060 22.007 15.963 14.922 18.867 15.825 15.797 15.772 15.748 16.726 15.705 14.685 14.667 14.649 14.631 14.612 13.594
4.048 50.015 35.961 24.890 24.806 24.711 37.609 35.502 52.390 67.235 64.159 61.081 56.002 46.931 37.883 0.000 0.000 0.000 15.039 26.009 0.000 0.000 16.540 34.482 33.408 48.326 20.212 21.143 54.082 59.020 54.956 53.892 56.828 56.762 57.694 36.626 28.554 30.481 30.405 20.327 29.248 23.168 42.088 12.996 51.832 73.688 44.475 14.338 0.000 14.657 0.000 16.383 76.303 29.241 31.185 31.132 27.081 28.033 19.993 14.965 0.000 15.817 15.800 18.777 21.753 31.730 21.708 16.686 17.666 17.646 17.627 17.609 17.591
36.121 40.083 34.027 31.958 26.880 38.795 32.702 45.604 23.539 0.000 44.275 63.219 62.156 63.101 46.068 0.000 0.000 0.000 9.028 32.018 0.000 0.000 13.425 28.386 23.324 50.250 61.168 61.099 57.036 56.975 56.914 57.853 56.790 56.726 56.660 50.590 25.518 27.442 25.361 20.278 31.191 32.106 35.036 0.000 36.680 72.571 42.398 60.203 20.958 6.747 18.612 74.464 62.361 34.282 28.214 30.154 24.100 18.051 16.009 13.981 0.000 21.828 29.808 37.784 44.758 53.733 42.709 22.686 16.665 17.644 17.624 17.605 17.587
47.233 36.169 36.105 32.037 38.963 35.885 38.798 62.675 49.623 32.573 53.445 62.365 61.301 60.250 40.220 0.000 0.000 0.000 0.000 0.000 0.000 0.000 19.349 28.314 39.251 55.181 57.111 57.048 56.988 56.930 56.873 56.815 56.755 56.693 56.628 56.559 42.485 32.406 25.322 18.231 22.134 22.030 26.914 45.753 31.637 66.518 52.344 59.116 65.926 51.761 56.625 65.500 41.397 42.310 28.236 27.171 19.113 16.061 17.014 18.969 32.915 38.859 56.822 55.791 54.763 53.736 53.710 43.686 21.663 16.642 17.621 17.601 17.583
38.325 26.256 28.189 40.120 37.051 36.985 6.932 0.000 41.705 67.652 62.569 61.495 63.432 45.380 31.343 15.364 0.000 0.000 0.000 0.000 0.000 0.000 25.309 42.269 54.186 57.112 57.049 56.992 56.939 56.886 56.833 56.779 56.722 56.663 56.600 56.532 57.458 51.377 43.288 35.190 33.083 35.965 26.839 43.707 22.598 64.521 0.000 17.992 52.868 24.746 15.628 71.516 35.415 39.326 37.249 18.181 16.121 17.066 17.016 24.967 45.918 56.871 53.831 53.797 53.766 50.737 49.710 47.685 46.661 20.638 16.617 16.597 16.577
28.413 25.343 38.273 38.204 33.136 53.072 7.013 15.958 55.840 62.760 61.684 61.615 61.554 37.494 37.407 48.386 0.000 0.000 0.000 0.000 0.000 0.000 0.000 0.000 51.110 63.034 57.982 56.935 56.889 56.842 56.795 56.745 56.693 56.637 56.577 56.512 56.439 57.357 58.265 55.160 55.042 57.909 37.770 43.639 17.527 58.448 0.000 0.000 48.808 18.727 28.626 62.521 43.421 35.332 39.254 16.185 17.124 16.068 18.016 27.967 48.920 49.875 54.835 53.800 48.767 45.737 49.709 54.682 53.658 42.634 23.612 22.591 21.572
24.502 38.428 39.356 27.287 38.219 59.153 52.089 58.021 63.938 61.863 61.792 61.728 58.673 42.635 0.000 0.000 0.000 0.000 0.000 0.000 0.000 0.000 0.000 0.000 0.000 7.933 48.908 57.876 56.839 56.800 56.759 56.714 56.667 56.616 56.561 58.499 57.429 57.348 56.253 58.144 57.017 56.860 46.693 44.551 21.425 33.296 63.107 41.959 49.831 18.728 46.628 40.521 43.418 31.326 25.249 17.182 17.121 17.065 25.014 29.965 30.919 35.876 43.836 41.800 42.766 53.735 53.706 53.679 53.653 54.629 48.607 44.585 42.565
39.587 39.511 28.438 24.368 39.300 58.234 64.168 63.101 62.030 61.961 61.895 62.833 53.777 46.737 0.000 0.000 0.000 0.000 0.000 0.000 0.000 0.000 0.000 0.000 4.857 24.857 51.844 57.821 56.793 56.761 56.726 56.687 56.645 56.600 58.550 58.495 58.430 50.353 55.255 58.147 61.020 58.823 52.590 48.448 36.326 20.204 68.067 50.940 52.827 17.729 63.635 27.519 8.402 25.306 16.235 17.172 16.114 25.059 31.009 29.961 29.915 28.873 21.834 17.797 47.763 53.731 53.702 53.674 53.648 53.624 54.600 54.579 54.558
36.666 27.590 25.518 23.448 40.380 60.314 62.249 62.184 62.119 62.056 61.993 63.931 42.864 40.801 0.000 0.000 0.000 0.000 0.000 0.000 0.000 0.000 0.000 0.000 0.000 38.796 57.788 56.772 56.751 56.726 56.696 56.663 58.628 57.589 57.546 57.499 51.446 29.378 45.267 55.169 6.095 0.000 30.396 37.323 46.230 33.126 54.016 71.908 56.809 23.725 65.665 0.000 1.308 14.263 17.213 17.158 19.103 29.051 27.001 27.954 29.910 32.868 26.829 27.792 43.758 53.726 53.696 53.668 53.642 53.617 53.593 53.571 53.550
27.741 25.667 30.595 35.526 50.459 62.394 62.330 62.268 62.207 62.149 62.093 63.034 49.949 0.000 0.000 0.000 0.000 0.000 0.000 23.612 0.000 2.615 0.000 0.000 0.000 13.743 48.739 55.730 56.714 56.694 56.670 56.643 58.613 56.581 56.547 56.511 40.476 36.446 0.000 0.143 0.000 0.000 15.275 22.221 44.144 30.056 34.963 77.868 60.777 39.696 49.637 0.000 44.286 21.247 17.197 17.143 19.090 28.040 38.991 38.945 40.902 46.861 41.822 52.785 53.751 53.719 53.689 53.661 53.634 53.609 53.585 53.563 53.542
28.814 25.740 32.669 51.601 62.535 62.472 62.410 62.350 62.294 62.241 62.195 68.163 0.000 0.000 0.000 0.000 0.000 0.000 23.612 35.612 22.613 37.615 33.617 0.000 3.671 35.693 42.698 53.693 56.683 56.667 56.648 57.626 56.602 56.576 56.549 52.523 41.500 46.485 0.000 0.000 0.000 0.000 32.208 24.141 42.068 17.992 19.911 67.825 66.736 58.645 44.549 44.417 33.312 28.243 17.184 17.129 17.076 27.027 48.979 55.934 54.892 54.851 46.813 53.777 53.743 53.711 53.681 53.652 53.625 53.600 53.576 53.554 53.532
26.883 24.811 39.742 59.675 63.610 62.548 62.488 62.430 62.376 62.326 62.285 69.259 0.000 0.000 0.000 0.000 0.000 0.000 12.612 32.612 32.613 31.615 34.620 18.630 26.649 34.662 34.666 51.664 57.656 56.644 56.629 56.611 56.592 56.572 57.551 49.533 45.517 39.508 0.000 0.000 0.000 0.000 0.000 24.069 42.996 19.933 15.864 54.786 71.697 68.600 49.498 28.392 27.301 28.228 19.167 16.112 17.060 20.011 30.965 50.921 53.880 53.840 45.802 53.766 53.733 53.701 53.671 53.642 53.615 53.590 53.566 53.544 53.522
25.950 27.880 47.811 63.746 62.683 62.623 62.564 62.507 62.453 62.403 64.359 62.331 0.000 0.000 0.000 0.000 0.000 0.000 0.000 37.611 43.612 48.613 39.617 38.623 32.632 28.639 39.641 53.639 56.633 56.624 59.612 57.598 56.583 56.568 56.552 51.539 43.528 38.523 13.526 0.000 0.000 0.000 0.000 0.000 34.916 20.881 16.828 49.757 80.666 61.562 40.449 31.353 33.272 31.204 26.145 15.091 17.041 15.994 19.950 38.907 53.866 53.827 45.790 53.755 53.721 53.690 53.660 53.631 53.605 53.579 53.555 53.533 53.511
26.015 35.946 55.879 63.815 62.754 62.695 62.638 62.582 62.527 63.474 61.418 49.374 33.374 0.000 0.000 0.000 0.000 0.000 0.608 38.610 47.611 47.610 51.611 53.614 36.618 35.621 50.622 56.620 56.615 56.607 57.598 56.587 56.575 56.564 56.552 54.542 42.535 43.531 37.530 0.000 0.000 0.000 0.000 0.000 20.870 20.848 14.808 59.748 47.648 53.532 23.385 43.298 37.230 30.171 30.117 21.067 16.020 16.975 15.932 27.891 50.851 52.813 46.776 53.741 54.708 53.677 53.647 53.619 53.592 53.567 53.544 53.521 53.500
