results1/res_4e8f-0212.wd
ncols         241
nrows         181
xllcorner     12693529.787448
yllcorner     3542525.717860
cellsize      155.156523
NODATA_value  -9999.000000
[rows 99 to 131 of 181, columns 73 to 145 of 241]
60.028 60.003 59.978 58.952 58.924 63.896 66.867 63.840 59.820 59.810 53.812 9.818 0.000 0.000 0.000 0.000 0.000 15.001 72.967 97.922 95.915 95.071 101.738 101.667 94.764 95.460 95.306 95.195 96.089 95.988 94.897 98.819 57.765 0.000 0.000 0.000 0.000 0.000 0.000 35.166 61.090 72.987 40.857 22.653 52.558 55.471 53.375 57.254 54.074 51.819 21.510 46.272 50.144 65.058 70.995 73.948 71.914 66.889 59.874 54.867 49.864 27.861 0.000 0.000 0.000 0.000 22.214 40.214 52.214 76.214 77.214 77.214 77.214
60.078 60.056 59.031 57.004 60.976 65.946 66.912 66.874 60.846 57.830 62.824 62.823 23.825 0.000 17.631 47.579 24.467 4.267 61.172 101.051 96.300 96.315 101.797 94.077 95.864 95.517 95.428 95.315 95.206 95.102 97.010 95.935 31.886 0.000 0.000 0.000 0.000 0.000 3.475 39.348 45.251 56.163 5.094 0.000 47.676 55.616 54.523 58.399 58.226 29.022 0.000 41.174 55.117 60.053 81.001 81.961 81.931 82.910 83.895 81.887 62.883 0.885 0.896 1.901 0.000 0.000 0.000 39.214 52.214 76.214 77.214 77.214 77.214
60.130 59.109 59.086 62.059 65.030 65.998 40.961 4.898 33.861 69.841 42.832 16.827 8.826 0.000 28.684 78.639 75.553 67.438 86.318 97.468 94.456 101.880 95.359 96.163 95.729 95.663 95.545 95.432 95.318 96.205 94.105 82.024 28.959 1.923 0.000 0.000 0.000 3.705 42.603 49.498 47.403 48.321 21.262 0.000 53.855 71.791 64.704 59.591 34.409 0.000 1.135 24.135 14.096 54.036 78.996 82.965 80.941 80.923 80.910 82.902 55.898 49.901 49.902 55.903 0.000 0.000 0.000 16.214 51.214 76.214 77.214 77.214 77.214
59.185 58.166 63.143 66.116 66.087 66.056 31.034 0.000 0.850 12.840 3.836 0.000 0.000 0.000 21.781 84.741 90.670 98.583 98.542 95.667 102.218 102.010 95.326 96.035 95.885 95.775 95.665 95.551 95.430 101.294 51.182 19.096 3.005 0.557 7.384 10.301 0.000 33.808 51.732 47.638 47.544 46.454 52.371 18.282 47.097 72.991 71.911 69.854 0.000 0.000 44.135 0.135 0.000 51.999 80.982 84.963 81.945 80.930 78.919 67.912 48.908 44.907 45.906 29.904 0.000 0.000 0.000 0.000 47.214 76.214 77.213 77.213 73.213
58.243 64.227 66.204 66.177 64.144 70.107 40.084 0.000 0.000 0.000 0.000 0.000 0.000 0.000 32.918 90.871 93.810 97.687 96.923 96.936 102.405 94.712 96.417 96.091 96.004 95.894 95.787 99.678 105.555 60.360 29.232 4.175 0.000 0.000 0.000 7.218 35.135 57.986 51.880 44.779 49.680 53.582 50.484 48.380 62.259 66.164 56.097 64.058 0.000 0.000 12.135 0.000 0.000 57.978 81.970 86.958 85.946 81.934 76.925 45.919 43.915 44.912 51.910 0.000 0.000 0.000 0.000 41.213 45.213 74.213 77.213 77.213 71.213
65.306 66.292 66.271 65.243 43.206 9.142 28.113 30.113 0.000 0.000 0.000 0.000 0.000 24.221 77.102 91.025 93.929 96.087 97.096 102.735 102.577 95.687 96.388 96.226 96.119 96.012 99.910 61.820 21.752 0.000 39.211 25.195 0.000 0.000 0.000 0.000 43.201 77.120 68.022 62.920 57.815 58.709 56.603 57.496 70.393 64.310 48.252 50.225 0.000 0.000 0.000 0.000 0.000 57.966 85.962 50.955 48.945 80.936 83.929 53.924 44.920 49.916 19.913 0.000 0.000 0.000 0.000 14.213 41.213 59.213 75.213 78.213 71.213
66.375 66.365 62.345 66.317 48.294 0.000 19.113 49.113 0.000 0.000 0.000 0.000 14.435 76.339 90.246 96.167 96.138 96.280 103.018 102.881 95.015 96.790 96.439 96.348 96.233 96.124 100.022 71.938 3.882 0.000 9.206 12.201 0.000 0.000 0.000 0.000 30.349 62.271 67.170 77.062 72.950 60.837 63.722 72.610 67.509 55.429 47.378 48.364 22.410 23.422 0.000 0.000 0.000 55.959 89.956 3.953 0.000 29.935 76.931 66.927 47.924 26.920 0.000 0.000 0.000 0.000 0.000 0.000 14.213 38.213 64.213 74.213 67.213
64.452 61.448 60.428 76.386 55.360 0.000 18.113 46.113 0.000 0.000 0.000 8.603 72.531 85.454 95.383 98.263 97.507 95.537 103.145 94.325 96.099 92.657 94.584 96.460 96.344 97.228 91.116 81.029 28.955 0.000 0.000 0.000 0.000 0.000 0.000 17.753 52.575 57.445 57.325 59.208 68.089 70.965 73.838 67.712 54.602 48.520 47.468 46.444 50.444 35.433 0.000 0.000 0.000 44.953 81.951 47.948 36.942 28.937 71.933 77.931 57.929 0.000 0.000 8.933 0.000 0.000 0.000 0.000 0.000 33.213 57.213 62.213 49.213
58.539 67.548 63.531 4.439 5.399 0.000 9.113 9.113 0.000 0.000 0.000 9.675 88.630 90.573 98.483 97.649 96.670 103.370 103.262 96.283 95.971 95.811 95.693 94.575 95.455 97.329 54.184 5.106 0.000 0.000 0.000 0.000 0.000 21.288 38.155 52.931 63.753 60.607 59.478 56.355 57.231 60.098 71.952 72.797 64.668 53.582 46.528 46.500 48.490 0.000 0.000 0.000 0.000 29.950 71.948 49.946 45.942 45.938 77.935 80.933 63.932 26.933 16.933 59.933 0.000 0.000 0.000 0.000 0.000 36.213 60.213 55.213 41.213
59.634 69.676 56.709 0.000 0.000 0.000 6.113 18.113 2.113 0.000 0.920 75.791 85.746 97.689 97.684 96.826 103.563 103.469 95.595 97.370 97.021 96.928 96.809 96.691 98.571 48.450 0.000 0.000 0.000 0.000 0.000 10.749 36.626 53.420 66.246 62.062 60.898 60.754 60.625 61.504 59.381 58.245 32.076 50.855 75.693 57.611 45.563 48.537 46.527 34.533 0.000 0.000 0.000 30.948 63.946 41.945 0.000 0.000 33.935 70.934 59.933 68.934 75.934 34.934 0.000 0.000 0.000 0.000 0.000 11.213 51.213 49.213 42.213
57.726 61.811 60.921 37.085 0.000 0.000 0.000 4.113 7.113 0.000 29.013 88.931 95.872 97.795 97.954 96.077 103.648 95.883 97.665 97.230 97.161 97.041 97.925 98.807 60.689 0.000 0.000 0.000 0.000 0.000 13.031 55.872 66.708 62.523 61.345 61.176 61.022 60.887 60.765 60.654 60.545 69.425 8.250 0.000 43.637 52.606 44.577 53.557 53.547 35.540 0.000 0.000 0.000 0.000 47.943 84.942 52.941 0.000 26.935 71.935 65.934 56.934 56.934 0.000 0.000 0.000 0.000 0.000 0.000 0.000 30.213 41.213 42.213
69.799 7.921 64.079 62.249 51.450 10.570 0.781 0.000 0.000 20.185 79.116 93.050 98.992 97.977 97.132 103.794 103.725 96.832 97.530 97.378 97.268 98.158 100.042 60.925 0.000 0.000 0.000 0.000 11.528 42.407 53.190 65.000 61.811 61.618 58.437 58.273 58.129 59.004 60.895 60.800 63.719 40.660 0.000 0.000 23.612 48.598 47.582 65.569 61.562 0.000 0.000 0.000 0.000 0.000 31.941 76.941 88.940 45.938 71.936 85.935 77.935 53.935 46.935 18.935 0.000 0.000 0.000 0.000 0.000 0.000 36.213 42.213 46.213
51.840 4.995 66.224 56.384 63.529 55.669 16.909 4.169 13.261 80.254 89.214 99.172 98.061 98.328 96.356 103.854 96.119 97.912 97.573 97.489 98.381 99.280 53.161 0.000 0.000 0.000 0.000 3.783 54.649 65.503 63.321 62.128 63.917 63.702 69.511 74.349 69.217 62.106 56.012 59.933 65.872 23.836 0.000 0.000 19.602 51.592 52.583 74.575 62.571 0.000 0.000 0.000 0.000 0.000 19.940 71.940 80.939 85.938 81.937 81.936 85.935 69.935 48.935 49.935 18.935 11.935 0.000 0.000 0.000 38.212 43.212 41.212 46.212
0.000 0.000 34.440 85.531 48.615 0.000 0.000 18.337 78.359 83.353 97.332 98.241 98.521 96.453 103.937 96.377 98.186 97.763 97.705 98.595 95.490 50.420 0.000 0.000 0.000 0.000 10.054 56.918 64.781 62.634 62.466 66.272 41.029 19.762 22.556 39.395 65.284 67.192 68.113 60.048 61.001 21.976 0.000 0.000 0.000 32.586 50.582 57.578 56.575 5.576 0.000 0.000 0.000 0.000 19.939 62.939 75.938 80.938 81.937 82.936 78.936 74.935 59.935 47.935 51.935 57.935 0.000 0.000 0.000 4.212 41.212 42.212 44.212
0.000 0.000 11.564 86.687 73.785 0.000 0.000 25.484 86.486 94.477 98.430 99.626 99.664 104.252 104.060 97.327 98.042 97.904 97.806 92.704 82.561 33.491 0.000 0.000 9.432 45.348 54.190 66.054 62.922 62.786 66.636 44.465 2.276 0.000 0.000 25.390 63.333 60.264 64.199 70.145 70.108 48.090 0.000 0.000 0.000 14.583 52.581 46.579 53.577 4.577 0.000 0.000 0.000 0.000 24.938 49.938 66.938 80.937 75.937 68.936 70.936 31.935 56.935 65.935 58.935 54.935 0.000 0.000 0.000 0.000 1.212 36.212 41.212
0.000 0.000 0.000 14.869 64.051 3.487 13.628 79.629 91.624 98.611 98.631 98.810 104.600 104.430 96.613 98.412 98.079 98.008 90.919 56.852 0.000 0.000 0.000 17.596 63.515 57.423 65.305 63.186 63.068 63.951 41.828 2.664 0.000 0.000 0.000 24.442 66.394 60.332 60.274 62.226 66.195 68.187 20.217 0.000 0.000 0.000 33.580 52.579 27.578 0.000 0.000 0.000 0.000 0.000 17.938 45.938 56.938 63.937 55.937 52.937 17.936 0.000 5.935 49.935 53.935 62.935 0.000 0.000 0.000 0.000 0.000 30.212 41.212
0.000 0.000 0.000 0.000 1.464 13.711 82.769 87.779 98.777 98.714 100.002 100.077 104.759 96.910 98.690 98.260 98.200 88.099 77.013 40.932 0.000 0.000 0.000 57.677 79.611 64.523 56.421 64.316 62.215 65.122 35.054 0.000 0.000 0.000 20.635 55.543 62.467 61.398 61.338 58.290 54.259 56.245 18.247 0.000 0.000 0.000 14.579 59.579 7.578 0.000 0.000 0.000 0.000 0.000 17.938 47.938 46.937 45.937 43.937 49.937 0.000 0.000 0.000 24.935 47.935 65.935 9.935 0.000 0.000 0.000 0.000 1.212 34.212
0.000 0.000 0.000 0.000 0.000 85.960 84.958 98.949 98.909 100.116 100.192 105.051 104.909 97.863 99.549 97.393 83.279 72.186 46.099 0.000 0.000 0.000 51.940 69.823 69.729 76.636 64.539 54.443 60.351 70.270 73.211 36.209 0.000 0.000 19.728 67.628 61.534 61.455 60.389 56.339 50.305 51.286 17.280 0.000 0.000 0.000 0.000 32.579 40.578 0.000 0.000 0.000 0.000 0.000 25.937 49.937 43.937 44.937 44.937 46.937 29.937 0.000 0.000 0.000 34.935 55.935 33.935 7.935 0.000 0.000 0.000 0.000 29.212
0.000 0.000 0.000 0.000 25.335 86.211 98.155 99.120 100.134 102.324 105.316 105.185 97.168 98.934 95.586 84.488 73.343 45.264 0.000 0.000 0.000 54.168 75.056 60.947 52.847 66.751 78.657 66.566 69.478 70.394 57.312 63.207 41.964 4.442 27.920 59.706 55.585 62.499 57.426 49.370 48.335 52.316 14.308 0.000 0.000 0.000 0.000 19.579 59.578 4.578 0.000 0.000 0.000 0.000 0.000 31.937 46.937 44.937 44.937 44.937 52.937 0.000 0.000 0.000 0.000 36.935 47.935 53.935 0.000 0.000 0.000 0.000 0.000
0.000 0.000 0.000 0.000 68.459 94.392 100.339 99.246 99.518 97.601 105.441 97.449 99.215 93.785 82.718 57.599 0.000 0.000 0.000 0.000 54.392 75.279 62.169 51.062 50.962 52.865 63.773 78.685 69.600 54.518 62.435 64.344 38.242 0.000 24.805 84.691 71.603 60.528 54.445 50.382 47.350 48.333 42.327 6.331 0.000 0.000 0.000 0.000 38.578 10.578 0.000 0.000 0.000 0.000 0.000 11.937 48.937 44.937 44.937 44.937 46.937 30.937 0.000 0.000 0.000 17.934 44.934 47.934 0.000 0.000 0.000 0.000 0.000
0.000 0.000 0.000 71.775 68.650 74.568 89.479 100.655 97.720 105.675 105.560 98.382 94.069 82.923 61.817 0.000 0.000 35.991 0.000 6.623 79.504 62.389 51.278 52.172 51.071 53.975 67.885 76.800 77.719 61.643 57.567 68.490 42.419 0.000 0.000 15.648 28.606 10.567 0.000 20.362 51.350 58.340 59.335 45.335 0.000 0.000 0.000 0.000 0.000 0.000 0.000 0.000 0.000 0.000 0.000 12.937 48.937 47.937 50.937 45.937 42.937 51.937 0.000 0.000 0.000 24.934 58.934 63.934 0.000 0.000 0.000 0.000 0.000
0.000 0.000 11.004 72.900 69.801 70.720 80.696 96.863 105.893 105.785 97.660 94.427 82.097 56.022 0.000 0.000 53.039 51.991 33.895 17.741 67.614 51.495 52.383 51.276 52.175 67.080 72.992 36.910 27.835 79.766 65.701 43.631 4.525 0.000 0.000 0.000 0.000 0.000 0.000 17.353 69.348 63.343 60.339 56.338 11.339 0.000 0.000 0.000 0.000 0.000 0.000 0.000 0.000 0.000 0.000 36.937 45.937 20.937 0.000 20.937 45.937 49.937 0.000 0.000 0.000 26.934 62.934 31.934 0.000 0.000 0.000 0.000 0.000
0.000 86.198 74.108 71.019 68.940 69.818 71.062 75.128 105.996 96.901 92.663 82.253 56.211 0.000 0.000 0.000 57.087 55.040 74.953 58.834 51.713 52.595 51.482 54.374 74.273 71.179 52.092 48.014 52.945 80.886 77.839 41.808 0.000 0.000 0.000 0.000 0.000 0.000 0.000 17.350 76.346 76.343 71.341 62.340 7.340 0.000 0.000 0.000 0.000 0.000 0.000 0.000 0.000 0.000 9.937 48.937 50.937 0.000 0.000 5.937 48.937 49.937 0.000 0.000 0.000 0.000 33.934 0.000 0.000 0.000 0.000 0.000 0.000
2.360 84.288 98.212 90.136 75.038 76.196 68.245 106.193 106.097 75.784 80.462 56.360 0.000 0.000 0.000 0.000 59.181 72.130 70.041 51.929 51.810 51.690 62.575 74.466 63.364 52.270 52.184 52.108 53.044 61.993 79.960 75.955 37.009 0.000 0.000 0.000 0.000 0.000 0.000 0.000 62.344 64.343 76.342 77.341 33.341 0.000 0.000 0.000 0.000 0.000 0.000 0.000 0.000 0.000 40.937 50.937 27.937 0.000 0.000 9.937 49.937 47.937 0.000 0.000 0.000 0.000 0.000 0.000 0.000 0.000 0.000 0.000 0.000
20.432 97.382 100.316 100.247 95.221 85.377 106.381 106.287 67.950 62.721 0.000 0.360 0.000 0.000 0.000 0.000 70.327 75.256 51.153 53.032 52.906 64.782 73.663 55.551 52.447 52.352 52.266 52.192 52.130 52.082 61.052 81.044 74.063 48.094 39.107 43.110 12.111 0.000 0.000 0.000 1.344 42.343 82.342 82.341 43.341 0.000 0.000 0.000 0.000 0.000 0.000 0.000 0.000 0.000 29.937 28.937 0.000 0.000 0.000 0.000 29.937 56.937 0.000 0.000 0.000 0.000 0.000 0.000 0.000 0.000 0.000 0.000 0.000
90.554 100.489 100.431 100.319 104.563 95.622 106.472 68.063 70.746 65.414 0.000 0.000 0.000 0.000 0.000 63.697 75.544 52.416 53.281 53.140 61.001 73.868 51.743 52.627 52.521 52.424 52.337 52.263 52.202 52.154 52.122 56.106 57.105 52.112 53.116 60.112 42.112 0.000 0.000 0.000 0.000 0.000 37.342 73.341 36.341 0.000 0.000 0.000 0.000 0.000 0.000 0.000 0.000 0.000 0.000 0.000 0.000 0.000 0.000 0.000 0.000 8.937 0.000 0.000 0.000 0.000 0.000 0.000 0.000 0.000 0.000 0.000 0.000
96.660 96.601 100.515 101.679 98.728 106.647 106.560 72.742 57.203 2.320 5.319 2.319 0.000 0.000 0.000 80.850 57.735 53.582 53.415 55.247 76.090 55.945 52.814 52.695 52.586 52.485 52.397 52.321 52.260 52.211 52.176 51.152 50.139 53.134 35.132 0.000 0.000 0.000 0.000 0.000 0.000 0.000 0.000 66.341 54.341 21.341 0.000 0.000 0.000 0.000 0.000 0.000 0.000 0.000 0.000 0.000 0.000 0.000 0.000 0.000 0.000 0.000 0.000 0.000 0.000 0.000 0.000 0.000 0.000 0.000 0.000 0.000 0.000
75.775 75.711 79.690 75.849 106.818 106.733 84.239 65.459 56.405 0.000 0.319 2.319 0.000 0.000 0.000 56.118 51.964 51.764 50.549 63.345 56.166 50.009 50.873 50.753 50.641 50.536 51.442 52.365 52.304 52.256 51.218 49.189 51.165 51.152 48.146 38.149 41.149 43.149 42.149 44.149 15.149 0.000 0.000 4.341 63.341 35.341 0.000 0.000 0.000 0.000 0.000 0.000 0.000 0.000 0.000 0.000 0.000 0.000 0.000 0.000 0.000 0.000 0.000 0.000 0.000 0.000 0.000 0.000 0.000 0.000 0.000 0.000 0.000
90.890 112.780 78.028 108.087 106.900 66.780 57.381 0.000 71.834 30.188 0.000 0.000 0.000 0.000 99.915 78.539 49.241 56.960 67.671 66.418 62.219 60.052 59.918 59.802 58.690 52.574 48.472 52.394 52.335 52.289 51.252 51.218 55.182 55.162 56.153 66.151 66.150 62.149 55.149 54.149 33.149 0.000 0.000 0.000 22.341 28.341 0.000 0.000 0.000 0.000 0.000 0.000 0.000 0.000 0.000 0.000 0.000 0.000 0.000 0.000 0.000 0.000 0.000 0.000 0.000 0.000 0.000 0.000 0.000 0.000 0.000 0.000 0.000
138.971 117.569 115.616 107.054 106.979 94.867 0.000 38.887 66.887 140.544 116.006 2.281 47.463 36.877 98.291 57.883 55.500 127.164 117.757 113.437 113.239 112.062 110.945 109.845 108.744 79.599 46.477 52.404 52.353 52.314 52.283 44.251 0.000 0.000 0.000 0.000 0.000 0.000 19.149 71.149 50.149 21.149 0.000 0.000 0.000 0.000 0.000 0.000 0.000 0.000 0.000 0.000 0.000 0.000 0.000 0.000 0.000 0.000 0.000 0.000 0.000 0.000 0.000 0.000 0.000 0.000 0.000 0.000 0.000 0.000 0.000 0.000 0.000
97.140 116.727 107.192 107.124 91.384 0.000 0.000 0.000 10.283 62.096 49.835 0.000 28.682 0.000 57.490 54.201 63.713 119.439 0.000 5.333 0.000 56.013 64.953 125.891 38.843 0.000 56.435 52.392 52.357 53.331 35.315 0.000 0.000 0.000 0.000 0.000 0.000 0.000 0.000 24.149 71.149 27.149 0.000 0.000 0.000 0.000 0.000 0.000 0.000 0.000 0.000 0.000 0.000 0.000 0.000 0.000 0.000 0.000 0.000 0.000 0.000 0.000 0.000 0.000 0.000 0.000 0.000 0.000 0.000 0.000 0.000 0.000 0.000
117.896 115.951 107.256 115.875 117.722 38.010 0.000 17.867 44.867 54.722 31.403 8.651 49.900 95.471 93.977 86.717 0.000 38.439 0.000 17.230 39.126 67.023 111.965 74.922 39.893 0.000 0.000 58.373 52.354 53.339 34.330 0.000 0.000 0.000 0.000 0.000 0.000 0.000 0.000 0.000 18.149 57.149 22.149 0.000 0.000 0.000 0.000 0.000 0.000 0.000 0.000 0.000 0.000 0.000 0.000 0.000 0.000 0.000 0.000 0.000 0.000 0.000 0.000 0.000 0.000 0.000 0.000 0.000 0.000 0.000 0.000 0.000 0.000
116.029 107.371 107.316 96.380 39.146 0.000 0.000 0.000 6.596 33.523 0.000 0.000 42.797 86.535 140.230 75.974 0.000 0.000 0.000 0.000 0.000 80.987 115.963 45.938 42.915 0.000 0.000 0.000 57.345 51.340 49.337 47.337 35.338 0.000 0.000 0.000 0.000 0.000 0.000 0.000 13.149 71.149 29.149 0.000 0.000 0.000 0.000 0.000 0.000 0.000 0.000 0.000 0.000 0.000 0.000 0.000 0.000 0.000 0.000 0.000 0.000 0.000 0.000 0.000 0.000 0.000 0.000 0.000 0.000 0.000 0.000 0.000 0.000
