results1/res_4e8f-0083.wd
ncols         241
nrows         181
xllcorner     12693529.787448
yllcorner     3542525.717860
cellsize      155.156523
NODATA_value  -9999.000000
[rows 99 to 131 of 181, columns 73 to 145 of 241]
55.163 55.149 55.136 54.125 54.115 59.106 62.097 59.087 55.081 55.078 49.078 5.078 0.000 0.000 0.000 0.000 0.000 11.033 69.160 94.187 92.221 91.408 98.135 98.060 91.161 91.854 91.696 91.582 92.472 92.369 91.274 95.193 54.135 0.000 0.000 0.000 0.000 0.000 0.000 18.872 44.779 56.593 24.273 6.086 36.019 38.943 36.850 40.722 37.445 34.992 4.576 29.288 33.128 48.011 53.929 56.871 54.829 49.799 42.779 37.768 32.762 10.754 0.000 0.000 0.000 0.000 4.631 22.630 34.630 58.629 59.629 59.628 59.627
55.178 55.165 54.153 52.142 56.133 61.123 62.113 62.095 56.085 53.081 58.080 58.079 19.079 0.000 14.283 44.250 21.193 0.862 57.473 97.382 92.651 92.681 98.198 90.489 92.273 91.921 91.829 91.712 91.600 91.495 93.401 92.322 28.268 0.000 0.000 0.000 0.000 0.000 0.000 23.082 29.013 39.935 0.000 0.000 31.193 39.130 38.026 41.870 41.622 12.307 0.000 24.197 38.105 42.992 63.925 64.877 64.841 65.815 66.797 64.786 45.781 0.000 0.000 0.000 0.000 0.000 0.000 21.628 34.626 58.625 59.624 59.624 59.623
55.192 54.181 54.170 57.159 60.150 61.141 36.135 0.107 29.083 65.081 38.080 12.080 4.079 0.000 25.316 75.275 72.189 64.030 82.766 93.877 90.851 98.285 91.785 92.587 92.148 92.078 91.955 91.838 91.722 92.610 90.512 78.426 25.347 0.000 0.000 0.000 0.000 0.000 26.537 33.361 31.257 32.200 5.248 0.000 37.429 55.358 48.254 43.110 17.866 0.000 0.000 7.196 0.000 36.928 61.900 65.870 63.844 63.823 63.808 65.798 38.794 32.797 32.798 38.798 0.000 0.000 0.000 0.000 33.621 58.621 59.620 59.619 59.618
54.206 53.196 58.185 61.175 61.165 61.157 26.152 0.000 0.000 8.081 0.000 0.000 0.000 0.000 18.389 81.345 87.260 95.136 95.033 92.123 98.653 98.426 91.762 92.469 92.316 92.201 92.085 91.964 91.839 97.711 47.610 15.524 0.000 0.000 0.000 0.000 0.000 17.864 35.713 31.569 31.452 30.362 36.295 2.159 30.736 56.620 55.524 53.451 0.000 0.000 0.000 0.000 0.000 34.891 63.878 67.860 64.842 63.826 61.813 50.805 31.800 27.799 28.799 12.798 0.000 0.000 0.000 0.000 29.618 58.617 59.616 59.615 55.614
53.220 59.210 61.201 61.190 59.180 65.170 35.164 0.000 0.000 0.000 0.000 0.000 0.000 0.000 29.508 87.453 90.377 94.226 93.427 93.412 98.856 91.165 92.867 92.538 92.447 92.332 92.217 96.096 101.957 56.787 25.692 0.656 0.000 0.000 0.000 0.000 19.137 42.015 35.883 28.748 33.621 37.501 34.378 32.219 45.999 49.861 39.769 47.719 0.000 0.000 0.000 0.000 0.000 40.868 64.862 69.851 68.838 64.825 59.815 28.807 26.803 27.801 34.800 0.000 0.000 0.000 0.000 23.614 27.615 56.614 59.613 59.612 53.611
60.234 61.226 61.216 60.205 38.194 4.178 23.171 25.171 0.000 0.000 0.000 0.000 0.000 20.798 73.679 87.594 90.484 92.621 93.606 99.213 99.042 92.152 92.850 92.685 92.576 92.465 96.357 58.247 18.106 0.000 35.686 21.682 0.000 0.000 0.000 0.000 27.259 61.176 52.056 46.921 41.783 42.642 40.497 41.341 54.179 48.056 31.975 33.936 0.000 0.000 0.000 0.000 0.000 40.852 68.849 33.845 31.835 63.822 66.813 36.807 27.804 32.802 2.801 0.000 0.000 0.000 0.000 0.000 23.613 41.611 57.610 60.609 53.608
61.249 61.243 57.234 61.221 43.213 0.000 14.171 44.170 0.000 0.000 0.000 0.000 11.017 72.917 86.819 92.730 92.687 92.812 99.518 99.370 91.498 93.267 92.912 92.820 92.704 92.596 96.498 68.427 0.417 0.000 5.685 8.683 0.000 0.000 0.000 0.000 14.466 46.373 51.243 61.099 56.947 44.789 47.627 56.467 51.322 39.209 31.137 32.116 6.173 7.187 0.000 0.000 0.000 38.839 72.837 0.000 0.000 12.814 59.810 49.806 30.803 9.802 0.000 0.000 0.000 0.000 0.000 0.000 0.000 20.608 46.607 56.606 49.605
59.266 56.263 55.255 71.233 50.223 0.000 13.170 41.170 0.000 0.000 0.000 5.194 69.117 82.034 91.955 94.824 94.054 92.069 99.654 90.823 92.591 89.145 91.068 92.943 92.828 93.715 87.612 77.538 25.530 0.000 0.000 0.000 0.000 0.000 0.000 2.144 36.765 41.607 41.447 43.284 52.117 54.940 57.755 51.581 38.432 32.321 31.250 30.217 34.216 19.202 0.000 0.000 0.000 27.828 64.825 30.817 19.812 11.810 54.806 60.803 40.801 0.000 0.000 0.000 0.000 0.000 0.000 0.000 0.000 15.606 39.605 44.604 31.603
53.285 62.288 58.290 0.000 0.220 0.000 4.170 4.170 0.000 0.000 0.000 6.271 85.222 87.157 95.057 94.210 93.217 99.895 99.780 92.789 92.471 92.308 92.186 91.067 91.947 93.827 50.697 1.623 0.000 0.000 0.000 0.000 0.000 5.927 22.729 37.403 48.072 44.843 43.652 40.474 41.296 44.100 55.871 56.669 48.505 37.394 30.324 30.286 32.274 0.000 0.000 0.000 0.000 12.820 54.817 32.813 28.811 28.808 60.802 63.799 46.797 9.794 0.000 42.788 0.000 0.000 0.000 0.000 0.000 18.604 42.603 37.602 23.602
54.304 64.316 51.327 0.000 0.000 0.000 1.170 13.170 0.000 0.000 0.000 72.396 82.347 94.280 94.262 93.391 100.100 100.001 92.116 93.884 93.530 93.432 93.309 93.189 95.068 44.947 0.000 0.000 0.000 0.000 0.000 0.000 21.394 38.126 50.856 46.561 45.278 45.042 44.843 45.666 43.493 42.293 15.961 34.718 59.526 41.426 29.365 32.331 30.318 18.326 0.000 0.000 0.000 13.815 46.810 24.808 0.000 0.000 16.796 53.795 42.793 51.791 58.789 17.788 0.000 0.000 0.000 0.000 0.000 0.000 33.600 31.600 24.600
52.320 56.343 55.375 31.417 0.000 0.000 0.000 0.000 0.000 0.000 25.689 85.571 92.490 94.394 94.537 92.643 100.190 92.417 94.192 93.752 93.677 93.552 94.432 95.311 57.189 0.000 0.000 0.000 0.000 0.000 0.000 41.016 51.663 47.326 46.008 45.706 45.435 45.206 45.014 44.852 44.717 53.618 0.000 0.000 27.456 36.417 28.381 37.356 37.342 19.334 0.000 0.000 0.000 0.000 30.802 67.800 35.796 0.000 9.792 54.791 48.790 39.788 39.787 0.000 0.000 0.000 0.000 0.000 0.000 0.000 12.599 23.598 24.599
64.327 2.362 58.415 56.458 45.511 4.548 0.000 0.000 0.000 16.908 75.808 89.708 95.623 94.585 93.720 100.344 100.271 93.371 94.064 93.907 93.791 94.676 96.555 57.433 0.000 0.000 0.000 0.000 0.000 28.207 38.902 50.369 46.915 46.508 43.144 42.821 42.551 43.331 45.154 45.012 47.907 24.844 0.000 0.000 7.425 32.406 31.386 49.369 45.360 0.000 0.000 0.000 0.000 0.000 14.796 59.795 71.792 28.790 54.789 68.788 60.787 36.786 29.785 1.783 0.000 0.000 0.000 0.000 0.000 0.000 18.597 24.597 28.597
46.317 0.000 60.465 50.489 57.527 49.586 10.683 0.866 10.080 77.008 85.923 95.843 94.699 94.941 92.945 100.406 92.673 94.459 94.113 94.024 94.911 95.805 49.680 0.000 0.000 0.000 0.000 0.000 40.851 51.512 49.131 47.644 49.119 48.649 54.238 58.884 53.618 46.415 40.257 44.137 50.053 8.008 0.000 0.000 3.411 35.399 36.386 58.376 46.370 0.000 0.000 0.000 0.000 0.000 2.792 54.791 63.789 68.788 64.787 64.786 68.785 52.784 31.783 32.781 1.779 0.000 0.000 0.000 0.000 20.595 25.595 23.595 28.595
0.000 0.000 28.492 79.506 42.521 0.000 0.000 15.241 75.188 80.121 94.050 94.919 95.164 93.064 100.493 92.941 94.745 94.315 94.252 95.136 92.025 46.952 0.000 0.000 0.000 0.000 0.000 43.514 51.192 48.857 48.468 51.956 26.268 4.731 7.276 23.858 49.621 51.453 52.324 44.227 45.161 6.126 0.000 0.000 0.000 16.391 34.384 41.378 40.375 0.000 0.000 0.000 0.000 0.000 2.788 45.787 58.786 63.785 64.785 65.784 61.783 57.782 42.781 30.779 34.778 40.777 0.000 0.000 0.000 0.000 23.595 24.594 26.594
0.000 0.000 5.506 80.520 67.532 0.000 0.000 22.356 83.308 91.246 95.151 96.304 96.303 100.828 100.624 93.896 94.607 94.462 94.359 89.251 79.101 30.026 0.000 0.000 0.000 32.361 41.181 52.837 49.544 49.256 52.929 30.442 0.000 0.000 0.000 9.653 47.556 44.451 48.359 54.286 54.236 32.211 0.000 0.000 0.000 0.000 36.380 30.378 37.376 0.000 0.000 0.000 0.000 0.000 7.786 32.785 49.784 63.783 58.782 51.782 53.782 14.781 39.780 48.778 41.777 37.776 0.000 0.000 0.000 0.000 0.000 18.592 23.592
0.000 0.000 0.000 8.537 57.554 0.472 10.617 76.517 88.445 95.376 95.348 95.485 101.197 101.018 93.195 94.988 94.649 94.572 87.478 53.407 0.000 0.000 0.000 4.857 50.754 44.542 52.344 50.110 49.890 50.696 28.549 0.000 0.000 0.000 0.000 8.545 50.500 44.437 44.375 46.323 50.287 52.271 4.283 0.000 0.000 0.000 17.378 36.377 11.376 0.000 0.000 0.000 0.000 0.000 0.782 28.782 39.781 46.781 38.780 35.780 0.781 0.000 0.000 32.776 36.775 45.775 0.000 0.000 0.000 0.000 0.000 12.592 23.591
0.000 0.000 0.000 0.000 0.000 10.801 79.729 84.651 95.584 95.467 96.709 96.744 101.366 93.505 95.278 94.841 94.775 84.669 73.577 37.492 0.000 0.000 0.000 44.961 66.863 51.709 43.542 51.369 49.212 52.089 22.022 0.000 0.000 0.000 4.468 39.482 46.461 45.423 45.382 42.345 38.317 40.302 2.296 0.000 0.000 0.000 0.000 43.376 0.000 0.000 0.000 0.000 0.000 0.000 0.780 30.779 29.779 28.779 26.778 32.778 0.000 0.000 0.000 7.775 30.774 48.773 0.000 0.000 0.000 0.000 0.000 0.000 16.590
0.000 0.000 0.000 0.000 0.000 82.899 81.847 95.782 95.690 96.851 96.883 101.672 101.523 94.462 96.141 93.979 79.859 68.760 42.669 0.000 0.000 0.000 39.321 57.162 57.029 63.889 51.747 41.612 47.499 57.426 60.429 23.584 0.000 0.000 3.455 51.454 45.438 45.413 44.384 40.357 34.336 35.322 1.309 0.000 0.000 0.000 0.000 16.375 24.374 0.000 0.000 0.000 0.000 0.000 8.778 32.778 26.777 27.777 27.776 29.776 12.774 0.000 0.000 0.000 17.772 38.771 16.769 0.000 0.000 0.000 0.000 0.000 11.590
0.000 0.000 0.000 0.000 22.145 83.051 94.979 95.911 96.886 99.037 101.949 101.813 93.780 95.538 92.184 81.079 69.926 41.843 0.000 0.000 0.000 41.628 62.481 48.336 40.202 54.071 65.946 53.834 56.744 57.689 44.684 50.738 29.808 0.000 11.444 43.439 39.426 46.407 41.384 33.363 32.347 36.338 0.000 0.000 0.000 0.000 0.000 3.374 43.374 0.000 0.000 0.000 0.000 0.000 0.000 14.777 29.776 27.775 27.775 27.774 35.774 0.000 0.000 0.000 0.000 19.769 30.768 36.767 0.000 0.000 0.000 0.000 0.000
0.000 0.000 0.000 0.000 65.240 91.178 97.115 95.999 96.242 94.294 102.079 94.071 95.830 90.393 79.320 54.195 0.000 0.000 0.000 0.000 41.906 62.775 49.638 38.501 38.371 40.247 51.133 66.034 56.955 41.902 49.879 51.878 25.878 0.000 8.438 68.433 55.421 44.403 38.384 34.363 31.352 32.346 26.346 0.000 0.000 0.000 0.000 0.000 22.374 0.000 0.000 0.000 0.000 0.000 0.000 0.000 31.774 27.774 27.773 27.773 29.772 13.772 0.000 0.000 0.000 0.767 27.767 30.767 0.000 0.000 0.000 0.000 0.000
0.000 0.000 0.000 68.505 65.395 71.316 86.219 97.377 94.418 102.321 102.203 95.005 90.687 79.535 58.425 0.000 0.000 23.842 0.000 0.000 67.038 49.928 38.795 39.661 38.533 41.413 55.306 64.214 65.140 49.086 45.050 56.019 29.948 0.000 0.000 0.000 12.420 0.000 0.000 4.355 35.351 42.347 43.346 29.346 0.000 0.000 0.000 0.000 0.000 0.000 0.000 0.000 0.000 0.000 0.000 0.000 31.772 30.772 33.772 28.772 25.771 34.771 0.000 0.000 0.000 7.766 41.766 46.766 0.000 0.000 0.000 0.000 0.000
0.000 0.000 7.709 69.615 66.523 67.442 77.409 93.560 102.545 102.434 94.291 91.051 78.718 52.639 0.000 0.000 40.903 39.843 21.724 5.543 55.279 39.105 39.954 38.814 39.685 54.568 60.464 24.375 15.304 67.252 53.217 31.198 0.000 0.000 0.000 0.000 0.000 0.000 0.000 1.351 53.349 47.347 44.346 40.345 0.000 0.000 0.000 0.000 0.000 0.000 0.000 0.000 0.000 0.000 0.000 19.770 28.771 3.771 0.000 3.771 28.771 32.770 0.000 0.000 0.000 9.766 45.766 14.766 0.000 0.000 0.000 0.000 0.000
0.000 82.881 70.804 67.722 65.646 66.521 67.757 71.810 102.651 93.533 89.291 78.879 52.833 0.000 0.000 0.000 44.963 42.902 62.786 46.625 39.432 40.258 39.101 41.958 61.827 58.710 39.607 35.520 40.451 68.400 65.370 29.358 0.000 0.000 0.000 0.000 0.000 0.000 0.000 1.349 60.347 60.346 55.345 46.345 0.000 0.000 0.000 0.000 0.000 0.000 0.000 0.000 0.000 0.000 0.000 31.769 33.770 0.000 0.000 0.000 31.770 32.770 0.000 0.000 0.000 0.000 16.766 0.000 0.000 0.000 0.000 0.000 0.000
0.000 80.958 94.902 86.833 71.734 72.886 64.926 102.853 102.754 72.409 77.088 52.986 0.000 0.000 0.000 0.000 47.084 60.015 57.895 39.739 39.565 39.395 50.235 62.089 50.955 39.837 39.733 39.647 40.578 49.529 67.503 63.507 24.564 0.000 0.000 0.000 0.000 0.000 0.000 0.000 46.346 48.345 60.344 61.344 17.343 0.000 0.000 0.000 0.000 0.000 0.000 0.000 0.000 0.000 23.768 33.769 10.769 0.000 0.000 0.000 32.769 30.769 0.000 0.000 0.000 0.000 0.000 0.000 0.000 0.000 0.000 0.000 0.000
17.187 94.091 97.016 96.943 91.911 82.060 103.045 102.949 64.533 59.325 0.000 0.000 0.000 0.000 0.000 0.000 58.275 63.180 39.039 40.872 40.695 52.521 61.357 43.206 40.070 39.948 39.844 39.756 39.686 39.636 48.607 68.601 61.622 35.655 26.668 30.671 0.000 0.000 0.000 0.000 0.000 26.344 66.344 66.343 27.343 0.000 0.000 0.000 0.000 0.000 0.000 0.000 0.000 0.000 12.768 11.768 0.000 0.000 0.000 0.000 12.769 39.769 0.000 0.000 0.000 0.000 0.000 0.000 0.000 0.000 0.000 0.000 0.000
87.282 97.203 97.134 97.014 101.250 92.302 103.139 64.583 67.244 62.021 0.000 0.000 0.000 0.000 0.000 51.764 63.562 40.391 41.209 41.016 48.823 61.637 39.465 40.309 40.169 40.044 39.937 39.847 39.775 39.722 39.687 43.670 44.668 39.675 40.678 47.675 29.675 0.000 0.000 0.000 0.000 0.000 21.343 57.342 20.342 0.000 0.000 0.000 0.000 0.000 0.000 0.000 0.000 0.000 0.000 0.000 0.000 0.000 0.000 0.000 0.000 0.000 0.000 0.000 0.000 0.000 0.000 0.000 0.000 0.000 0.000 0.000 0.000
93.380 93.314 97.219 98.375 95.414 103.322 103.231 69.159 53.486 0.000 0.000 0.000 0.000 0.000 0.000 68.967 45.816 41.614 41.389 43.161 63.942 43.740 40.558 40.396 40.252 40.123 40.012 39.920 39.846 39.790 39.749 38.722 37.706 40.699 22.696 0.000 0.000 0.000 0.000 0.000 0.000 0.000 0.000 50.342 38.341 5.341 0.000 0.000 0.000 0.000 0.000 0.000 0.000 0.000 0.000 0.000 0.000 0.000 0.000 0.000 0.000 0.000 0.000 0.000 0.000 0.000 0.000 0.000 0.000 0.000 0.000 0.000 0.000
72.493 72.423 76.395 72.546 103.503 103.413 80.760 61.787 52.455 0.000 0.000 0.000 0.000 0.000 0.000 44.321 40.122 39.859 38.573 51.298 44.045 37.821 38.631 38.466 38.319 38.185 39.069 39.974 39.900 39.843 38.798 36.763 38.736 38.719 35.710 25.710 28.707 30.705 29.703 31.701 2.700 0.000 0.000 0.000 47.341 19.341 0.000 0.000 0.000 0.000 0.000 0.000 0.000 0.000 0.000 0.000 0.000 0.000 0.000 0.000 0.000 0.000 0.000 0.000 0.000 0.000 0.000 0.000 0.000 0.000 0.000 0.000 0.000
87.609 109.492 74.734 104.786 103.591 63.416 53.958 0.000 67.370 25.534 0.000 0.000 0.000 0.000 88.345 66.874 37.492 45.126 55.747 54.412 50.120 47.870 47.677 47.519 46.374 40.230 36.104 40.009 39.937 39.882 38.838 38.798 42.754 42.730 43.717 53.712 53.708 49.705 42.702 41.700 20.699 0.000 0.000 0.000 6.340 12.340 0.000 0.000 0.000 0.000 0.000 0.000 0.000 0.000 0.000 0.000 0.000 0.000 0.000 0.000 0.000 0.000 0.000 0.000 0.000 0.000 0.000 0.000 0.000 0.000 0.000 0.000 0.000
135.691 114.284 112.324 103.756 103.676 91.520 0.000 34.099 62.099 135.700 111.216 0.000 35.949 25.382 86.816 46.338 43.846 115.407 105.878 101.481 101.154 99.861 98.690 97.557 96.430 67.256 34.110 40.020 39.958 39.911 39.874 31.836 0.000 0.000 0.000 0.000 0.000 0.000 6.701 58.699 37.698 8.697 0.000 0.000 0.000 0.000 0.000 0.000 0.000 0.000 0.000 0.000 0.000 0.000 0.000 0.000 0.000 0.000 0.000 0.000 0.000 0.000 0.000 0.000 0.000 0.000 0.000 0.000 0.000 0.000 0.000 0.000 0.000
93.863 113.446 103.904 103.831 88.089 0.000 0.000 0.000 5.229 56.952 44.731 0.000 17.517 0.000 46.197 42.818 52.147 107.777 0.000 0.000 0.000 43.732 52.663 113.589 26.532 0.000 44.057 40.005 39.962 40.930 22.910 0.000 0.000 0.000 0.000 0.000 0.000 0.000 0.000 11.698 58.697 14.696 0.000 0.000 0.000 0.000 0.000 0.000 0.000 0.000 0.000 0.000 0.000 0.000 0.000 0.000 0.000 0.000 0.000 0.000 0.000 0.000 0.000 0.000 0.000 0.000 0.000 0.000 0.000 0.000 0.000 0.000 0.000
114.623 112.672 103.972 112.588 114.433 34.721 0.000 12.636 39.636 49.147 26.026 2.649 39.084 84.638 82.957 75.591 0.000 26.776 0.000 4.671 26.671 54.672 99.642 62.605 27.577 0.000 0.000 45.981 39.956 40.938 21.927 0.000 0.000 0.000 0.000 0.000 0.000 0.000 0.000 0.000 5.695 44.695 9.694 0.000 0.000 0.000 0.000 0.000 0.000 0.000 0.000 0.000 0.000 0.000 0.000 0.000 0.000 0.000 0.000 0.000 0.000 0.000 0.000 0.000 0.000 0.000 0.000 0.000 0.000 0.000 0.000 0.000 0.000
112.760 104.095 104.036 93.098 35.861 0.000 0.000 0.000 1.199 26.972 0.000 0.000 32.273 75.872 129.404 64.997 0.000 0.000 0.000 0.000 0.000 68.641 103.629 33.611 30.594 0.000 0.000 0.000 44.945 38.938 36.934 34.934 22.934 0.000 0.000 0.000 0.000 0.000 0.000 0.000 0.694 58.693 16.693 0.000 0.000 0.000 0.000 0.000 0.000 0.000 0.000 0.000 0.000 0.000 0.000 0.000 0.000 0.000 0.000 0.000 0.000 0.000 0.000 0.000 0.000 0.000 0.000 0.000 0.000 0.000 0.000 0.000 0.000
