results1/res_4e8f-0172.wd
ncols         241
nrows         181
xllcorner     12693529.787448
yllcorner     3542525.717860
cellsize      155.156523
NODATA_value  -9999.000000
[rows 99 to 131 of 181, columns 0 to 72 of 241]
0.000 0.000 0.000 0.000 0.000 61.012 101.012 103.012 94.012 89.012 0.000 0.000 0.000 0.000 0.000 3.009 2.009 69.009 66.009 0.000 0.000 2.009 5.009 64.009 63.009 4.008 0.000 0.000 0.000 10.934 0.000 0.000 0.000 0.000 16.793 62.789 58.779 57.762 58.738 59.712 72.683 61.652 65.617 57.579 59.538 57.494 58.446 63.396 64.343 62.289 66.233 59.176 59.118 61.058 63.995 77.926 78.867 63.819 49.776 0.000 0.000 0.000 0.000 0.000 27.833 82.828 79.818 66.800 41.776 36.753 80.729 57.707 59.684
0.000 0.000 0.000 0.000 0.000 62.012 102.012 102.012 0.000 0.000 0.000 0.000 0.000 0.000 0.000 2.009 14.009 80.009 69.009 7.009 4.009 4.009 67.009 66.009 70.009 1.009 0.000 0.000 0.000 68.934 60.934 0.000 0.000 0.000 75.835 85.830 71.821 64.807 58.788 60.766 79.740 64.710 70.676 70.639 61.598 76.553 68.505 69.454 59.401 67.345 67.288 65.230 59.172 60.114 64.050 60.956 22.893 12.856 0.000 0.000 0.000 0.000 0.000 30.850 67.845 79.839 86.831 76.819 52.804 53.787 67.769 58.751 59.731
7.014 0.003 0.000 0.000 0.000 49.013 98.012 107.012 17.012 0.000 0.000 0.000 0.000 0.000 0.000 1.010 3.010 87.009 68.009 69.009 71.009 68.009 65.009 66.009 64.009 2.009 0.000 0.000 0.000 61.934 61.934 62.932 61.924 61.910 60.883 70.874 79.867 26.857 90.842 80.823 85.800 70.772 15.739 86.702 84.661 83.616 87.567 76.515 59.460 62.402 67.343 67.284 64.226 60.174 49.134 0.000 0.000 0.000 0.000 0.000 0.000 0.000 0.000 40.856 67.855 67.853 78.849 77.842 60.833 60.822 59.810 59.795 59.780
75.014 78.014 10.014 0.000 0.000 59.013 98.013 103.013 113.013 18.012 0.000 0.000 0.000 0.000 9.010 9.010 7.010 24.010 72.009 69.009 87.009 101.009 76.009 61.009 0.001 0.000 0.000 0.000 0.000 0.000 60.936 61.938 61.931 61.922 61.914 60.916 60.916 59.911 60.901 65.885 77.865 71.838 14.806 86.769 87.728 65.683 72.633 89.580 83.522 70.461 60.399 66.336 67.274 70.223 55.179 0.000 0.000 0.000 0.000 0.000 0.000 0.000 0.000 2.862 18.868 64.869 61.869 61.867 59.864 59.859 59.852 59.842 59.830
89.014 72.014 72.014 74.014 76.013 95.013 103.013 103.013 103.013 105.012 79.012 18.012 1.011 67.011 74.010 75.010 37.010 32.010 95.010 103.009 98.009 94.009 77.009 1.009 0.000 0.000 0.000 0.000 0.000 0.000 0.000 61.954 60.939 59.932 60.936 61.961 61.969 61.970 61.965 62.953 81.935 76.910 59.878 61.841 72.800 83.753 60.703 72.648 73.587 66.522 86.456 69.389 61.310 2.267 0.000 0.000 0.000 0.000 0.000 0.000 0.000 0.000 0.000 0.000 10.885 64.887 59.890 59.894 59.897 59.898 59.896 57.892 55.884
104.014 94.014 75.014 79.014 97.014 103.013 103.013 103.013 103.013 98.012 70.012 76.012 4.011 58.011 93.010 101.010 101.010 85.010 100.010 107.009 17.009 0.000 0.000 0.000 0.000 0.000 0.000 0.000 0.000 0.000 0.000 61.984 0.000 0.000 0.000 63.024 62.029 62.034 62.035 63.028 79.012 83.988 60.956 61.918 61.875 79.828 80.778 58.722 66.657 85.581 77.516 55.452 0.000 0.000 0.000 0.000 0.000 0.000 0.000 0.000 0.000 0.000 0.000 0.000 7.901 64.904 59.911 59.920 59.931 58.939 57.944 62.945 63.942
104.014 104.014 99.014 102.014 103.014 103.013 103.013 103.013 103.013 99.013 74.012 91.012 0.000 0.000 71.010 95.010 103.010 104.010 103.010 108.010 11.009 0.000 0.000 0.000 0.000 0.000 0.000 0.000 0.000 0.000 0.000 62.014 1.044 1.066 64.083 62.081 62.091 62.103 62.112 62.111 79.098 84.074 61.040 61.999 61.955 62.907 83.858 77.804 84.738 74.631 55.573 0.000 0.000 0.000 0.000 0.000 0.000 0.000 0.000 0.000 0.000 0.000 0.000 0.000 62.913 59.918 59.929 59.946 59.969 58.984 60.995 65.001 66.004
102.014 103.014 103.014 103.014 103.014 103.014 103.013 103.013 103.013 104.013 99.012 106.012 30.012 9.011 59.011 78.010 101.010 103.010 104.010 92.010 6.010 0.000 0.000 0.000 0.000 0.000 0.000 0.000 0.000 0.000 0.000 56.032 61.050 61.071 60.093 62.126 62.149 62.175 62.199 62.207 79.196 84.169 61.130 62.085 62.037 61.989 66.942 89.897 69.861 0.000 0.000 0.000 0.000 0.000 0.000 0.000 0.000 0.000 0.000 0.000 0.000 0.000 0.000 0.000 15.920 66.927 62.939 63.966 62.013 58.035 65.050 66.062 64.072
99.015 104.014 103.014 103.014 103.014 103.014 103.014 103.013 103.013 103.013 104.012 97.012 81.012 72.011 66.011 93.010 103.010 103.010 108.010 11.010 0.000 0.000 0.000 0.000 0.000 0.000 0.000 0.000 0.000 0.000 0.000 0.000 0.000 0.000 0.000 62.181 62.205 62.248 62.302 62.322 78.310 85.275 62.227 62.173 62.120 62.069 62.023 67.982 20.949 0.000 0.000 0.000 0.000 0.000 0.000 0.000 0.000 0.000 0.000 0.000 0.000 0.000 0.000 0.000 0.000 3.931 1.935 0.000 8.083 67.093 65.107 66.124 63.144
99.015 104.015 103.015 103.015 103.014 103.014 103.014 103.014 103.013 103.013 104.013 89.012 68.012 67.011 76.011 100.010 103.010 103.010 109.010 14.009 5.009 0.000 0.000 0.000 0.000 0.000 0.000 0.000 0.000 0.000 0.000 0.000 0.000 0.000 0.000 58.212 62.242 59.310 62.441 62.468 81.446 85.396 62.330 62.262 62.199 62.145 62.100 59.058 9.003 0.000 0.000 0.000 0.000 0.000 0.000 0.000 0.000 0.000 0.000 0.000 0.000 59.227 0.000 0.000 0.000 0.000 0.000 1.168 63.142 64.146 66.161 66.185 63.217
102.015 103.015 103.015 103.015 103.015 103.015 103.014 103.014 103.014 103.013 103.013 100.012 77.012 78.011 95.011 102.010 103.010 103.010 110.009 27.009 0.000 0.000 0.000 0.000 0.000 0.000 0.000 0.000 0.000 0.000 0.000 0.000 0.000 0.000 0.000 0.000 58.242 0.000 61.682 62.664 90.612 77.531 62.435 62.344 62.270 75.213 65.172 60.147 0.000 0.000 0.000 0.000 0.000 0.000 0.000 0.000 0.000 0.000 0.000 0.000 11.227 70.227 55.227 0.000 0.000 0.000 1.205 64.194 67.184 66.189 63.207 59.237 59.283
103.016 103.016 103.015 103.015 103.015 103.015 103.015 103.014 103.014 103.013 103.013 103.012 105.012 105.011 104.011 103.010 103.010 105.009 94.009 37.009 0.000 0.000 0.000 0.000 0.000 0.000 0.000 0.000 0.000 0.000 0.000 0.000 0.000 0.000 0.000 0.000 0.000 0.000 61.940 62.893 96.806 65.682 62.534 62.411 74.324 83.265 62.228 62.212 61.228 0.000 0.000 0.000 0.000 0.000 0.000 0.000 0.000 0.000 0.000 0.000 0.000 66.227 67.227 54.226 1.225 60.222 62.217 66.211 65.211 63.219 62.240 58.274 66.330
102.016 101.016 103.016 103.016 103.016 103.015 103.015 103.015 103.014 103.014 103.013 103.013 103.012 103.011 103.011 103.010 104.009 87.009 15.009 6.008 64.008 78.008 24.008 0.000 0.000 5.008 0.000 0.000 0.000 0.000 0.000 0.000 0.000 0.000 0.000 3.989 3.965 0.805 58.247 69.161 92.038 62.855 59.610 62.441 62.350 62.295 62.262 62.245 62.244 59.244 0.000 0.000 0.000 0.000 0.000 0.000 0.000 0.000 0.000 0.000 0.227 61.227 57.227 63.227 58.226 66.225 66.224 65.224 61.228 64.238 59.258 58.291 58.346
92.016 92.016 101.016 103.016 103.016 103.016 103.016 103.015 103.015 103.014 103.013 104.013 105.012 103.011 103.010 103.010 103.009 25.009 9.008 64.008 74.008 84.008 83.008 76.008 68.008 9.008 0.000 0.000 0.000 0.000 0.000 0.000 0.000 0.000 4.033 63.014 65.966 65.843 62.604 61.467 70.328 58.092 0.000 58.391 62.341 62.304 62.278 62.264 61.259 0.000 0.000 0.000 0.000 0.000 0.000 0.000 63.228 74.228 0.000 0.000 62.228 60.228 60.228 57.228 65.228 66.228 66.229 63.232 66.238 66.248 64.264 59.284 48.305
74.017 79.017 98.017 104.017 103.017 103.017 103.016 103.016 103.015 103.015 105.014 91.013 87.012 102.011 107.010 104.009 99.009 81.008 84.008 90.008 84.008 85.008 64.008 57.008 3.008 0.000 0.000 0.000 0.000 0.000 0.000 0.000 0.989 0.000 54.051 60.069 63.041 62.968 62.859 62.775 64.717 0.000 0.000 0.000 57.321 62.300 62.284 62.273 62.268 0.268 0.000 0.000 0.000 0.000 0.000 23.228 80.228 62.228 60.228 60.228 60.228 60.228 58.228 63.228 66.229 66.231 62.233 66.238 66.244 65.253 59.264 60.276 50.286
58.017 73.017 92.018 105.018 106.018 106.017 104.017 103.016 104.016 103.015 104.014 42.014 13.012 61.011 79.010 100.009 107.008 105.007 105.007 91.007 14.007 0.000 0.000 0.000 0.000 0.000 0.000 0.000 0.000 8.989 10.989 0.989 0.989 0.989 0.000 59.171 63.161 61.131 62.088 64.056 65.048 0.000 0.000 0.000 0.000 55.292 62.283 62.277 59.273 0.000 0.000 0.000 0.000 0.000 0.000 0.000 22.228 76.228 59.228 59.228 60.228 59.228 59.228 65.229 66.230 64.232 52.235 5.240 70.249 64.256 64.264 64.271 50.276
22.018 44.018 77.019 83.019 77.019 79.018 96.018 104.017 100.016 93.016 92.015 27.014 0.000 0.000 0.000 37.008 72.008 98.006 105.005 2.006 0.000 0.000 0.000 0.000 0.000 0.000 0.000 0.000 0.000 50.989 71.989 16.989 1.989 0.989 0.000 59.282 65.303 64.307 73.304 74.316 64.370 9.527 0.000 0.000 0.000 0.000 59.281 60.279 0.000 0.000 0.000 0.000 0.000 0.000 0.000 0.000 0.000 81.228 84.228 64.228 58.228 56.228 66.228 66.229 61.229 0.000 0.000 0.000 11.254 69.259 66.264 66.268 56.271
0.000 0.000 58.020 67.020 19.020 5.019 68.019 97.018 88.017 84.016 98.016 65.015 25.014 0.000 0.000 0.000 0.000 43.004 74.003 0.000 0.000 0.000 0.000 0.000 0.000 0.000 0.000 0.000 0.000 0.000 55.989 73.989 4.989 0.000 0.000 50.372 64.461 62.490 92.506 85.533 63.589 65.684 11.788 0.000 0.000 0.000 54.281 0.000 0.000 0.000 0.000 0.000 0.000 0.000 0.000 0.000 0.000 0.000 69.228 86.228 71.228 65.228 66.228 61.229 0.000 0.000 0.000 0.000 0.000 61.262 66.264 66.266 61.269
0.000 0.000 54.022 99.021 56.021 5.020 57.020 89.019 91.018 102.017 104.016 107.015 113.014 52.012 21.011 0.000 0.000 0.000 13.998 8.995 0.000 1.979 0.000 0.000 0.000 0.000 0.000 0.000 0.000 0.000 56.989 71.989 1.989 8.989 12.989 0.000 57.681 65.685 95.696 77.722 65.768 64.832 69.892 0.000 0.000 0.000 0.000 0.000 0.000 0.000 0.000 0.000 0.000 0.000 0.000 0.000 0.000 0.000 0.000 7.228 74.228 64.228 62.228 0.000 0.000 0.000 0.000 0.263 60.263 59.263 61.264 55.265 0.000
27.026 42.025 76.024 94.023 102.022 71.022 84.021 107.020 104.019 103.018 103.017 103.015 103.014 109.012 112.010 68.006 27.003 9.000 71.996 85.992 78.985 80.979 36.973 12.967 9.962 0.000 0.000 0.000 0.000 0.000 35.989 57.989 63.989 63.989 66.989 25.989 58.898 87.871 89.872 66.892 64.930 64.984 68.056 13.173 8.224 0.000 0.000 0.000 0.000 0.000 0.000 0.000 0.000 0.000 0.000 0.000 0.000 0.000 0.000 0.000 0.228 0.228 8.228 0.000 0.000 0.000 0.000 62.263 57.263 55.263 0.000 0.000 0.000
100.027 103.026 103.025 101.024 99.024 100.023 102.022 102.021 103.020 104.019 104.017 103.016 96.014 100.012 103.009 107.006 111.003 112.000 103.996 99.991 96.985 91.979 93.972 86.965 42.958 20.951 0.000 0.000 0.000 0.000 0.000 0.000 0.000 0.000 0.000 83.081 72.049 101.031 92.029 79.044 66.074 65.118 65.174 69.238 65.276 0.000 0.000 0.000 0.000 0.000 0.000 0.000 0.000 0.000 0.000 0.000 0.000 0.000 0.000 0.000 0.000 0.000 0.000 0.000 0.000 0.000 0.000 0.000 0.000 0.000 0.000 0.000 0.000
103.028 98.027 96.027 95.026 89.025 86.024 87.023 87.022 93.021 98.020 98.018 91.016 75.014 90.012 103.010 103.007 103.004 103.000 102.996 102.992 103.986 103.979 106.972 107.963 107.954 107.944 46.932 0.000 0.000 0.000 0.000 0.000 0.000 0.000 0.000 55.205 81.187 86.173 70.170 87.181 75.205 65.241 65.284 68.331 11.365 0.000 0.640 0.648 0.000 0.000 0.000 0.000 0.000 0.000 0.000 0.000 0.000 0.000 0.000 0.000 0.000 0.000 0.000 0.000 0.000 0.000 0.000 0.000 0.000 0.000 0.000 0.000 0.000
73.029 46.029 68.028 82.028 80.027 60.026 45.025 41.024 61.022 78.021 77.019 70.017 65.015 75.013 96.010 104.007 103.004 103.001 102.997 102.993 102.988 106.981 81.972 69.962 68.951 72.938 75.920 14.889 3.858 0.527 0.358 0.000 0.000 0.000 0.000 53.346 89.323 72.302 64.297 74.305 85.325 69.355 65.392 65.435 71.488 15.581 9.631 1.656 0.673 6.673 4.673 0.000 0.000 0.000 0.000 0.000 0.000 0.000 0.000 0.000 0.000 0.000 0.000 0.000 0.000 0.000 0.000 0.000 0.000 0.000 0.000 0.000 0.000
63.031 34.030 56.030 71.029 67.029 44.028 30.026 34.025 54.024 68.022 66.020 66.018 67.016 65.014 84.011 101.008 103.005 103.002 102.999 102.995 101.991 64.986 0.000 0.000 0.000 0.000 0.000 0.000 0.000 59.750 79.738 31.720 17.701 13.675 60.620 77.511 94.456 71.417 65.410 63.418 80.436 82.461 68.493 65.530 65.573 68.623 77.658 15.678 10.690 0.000 19.673 0.000 0.000 0.000 0.000 0.000 0.000 0.000 0.000 0.000 0.000 0.000 0.000 0.000 0.000 0.000 0.000 0.000 0.000 0.000 0.000 0.000 0.000
76.033 72.032 67.032 66.031 67.030 69.029 70.028 73.027 72.025 68.024 67.022 67.020 67.017 66.015 73.012 95.009 104.007 103.004 105.001 76.998 42.994 0.000 0.000 0.000 0.000 0.000 0.000 0.000 0.000 24.742 46.733 49.721 53.708 67.704 64.675 85.623 82.572 56.499 63.508 65.520 67.538 80.562 72.589 67.619 65.650 64.680 81.699 72.706 66.707 0.000 0.000 0.000 0.000 0.000 0.000 0.000 0.000 0.000 0.000 0.000 0.000 0.000 0.000 0.000 0.000 0.000 0.000 0.000 0.000 0.000 0.000 0.000 0.000
66.035 67.034 67.034 67.033 67.033 67.032 67.030 67.029 67.027 67.025 67.023 67.021 67.019 67.016 65.013 86.011 103.008 105.005 101.003 27.001 0.000 0.000 0.000 0.000 0.000 0.000 0.000 0.000 0.000 0.000 0.000 0.000 0.000 51.757 68.752 94.732 68.712 0.000 51.603 66.617 64.636 68.658 69.682 78.706 67.729 65.747 64.752 60.741 1.724 0.000 0.000 0.000 0.000 0.000 0.000 0.000 0.000 0.000 0.000 0.000 0.000 0.000 0.000 0.000 0.000 0.000 0.000 0.000 0.000 0.000 0.000 0.000 25.315
67.037 67.037 67.036 67.036 67.035 67.034 67.032 66.031 66.029 67.027 67.025 67.023 67.020 67.018 66.015 74.012 89.009 100.006 88.004 14.003 0.000 0.000 0.000 0.000 0.000 0.000 0.000 0.000 0.000 0.000 0.000 0.000 0.000 28.816 77.845 102.840 12.832 0.000 49.684 67.708 65.731 64.753 72.775 83.795 71.814 65.825 69.822 2.781 0.000 0.000 0.000 0.000 0.000 0.000 0.000 0.000 0.000 0.000 0.000 0.000 0.000 0.000 0.000 0.000 0.000 0.000 0.000 0.000 0.000 0.000 0.000 0.000 82.394
67.040 67.039 67.039 67.038 67.037 67.036 67.035 71.033 72.032 68.030 67.027 67.025 67.022 67.019 67.016 66.013 69.010 78.007 78.005 19.003 0.000 0.000 0.000 0.000 0.000 0.000 20.660 0.000 0.000 0.000 0.000 0.000 0.000 0.996 81.971 96.954 19.943 0.000 33.741 64.799 65.828 65.849 64.868 69.887 71.905 67.920 69.929 0.000 0.000 0.000 0.000 0.000 0.000 0.000 0.000 0.000 0.000 0.000 0.000 0.000 0.000 0.000 0.000 0.000 0.000 0.000 0.000 0.000 0.000 0.000 0.000 66.616 75.525
67.042 67.042 67.042 67.041 67.040 67.039 66.038 78.036 83.034 70.032 67.030 67.027 67.024 67.021 67.018 67.014 67.011 66.007 69.004 50.002 0.000 0.000 0.000 0.000 0.000 62.660 83.660 45.658 36.649 35.638 0.000 0.000 0.000 63.180 105.105 79.061 79.042 6.063 0.000 50.919 67.931 65.946 65.962 63.980 79.999 84.020 78.044 1.148 0.000 0.000 0.000 0.000 0.000 0.000 0.000 0.000 0.000 0.000 0.000 0.000 0.000 0.000 0.000 0.000 0.000 0.000 0.000 0.000 0.000 0.000 40.779 91.707 77.633
67.045 67.045 67.045 67.044 67.043 67.042 66.040 79.039 85.037 69.035 67.032 67.029 67.026 67.023 67.019 67.016 67.012 67.007 67.003 72.998 43.993 0.000 0.000 0.000 2.661 25.661 40.662 62.664 70.652 74.627 48.578 24.511 59.422 97.295 95.208 75.141 57.104 15.083 0.000 51.027 68.033 67.042 70.055 65.070 74.090 97.117 94.157 39.231 3.287 19.313 0.000 0.000 0.000 0.000 0.000 0.000 0.000 0.000 27.470 31.472 0.000 0.000 40.501 101.503 0.000 0.000 0.000 0.000 0.000 0.000 77.851 133.800 116.738
64.049 65.049 66.048 66.047 67.046 67.045 65.044 80.042 83.040 66.038 67.035 67.032 67.029 67.025 67.021 67.017 67.013 67.008 67.002 66.995 72.988 52.977 3.970 0.000 0.000 0.000 0.000 38.684 69.669 65.639 68.595 72.535 84.459 101.370 85.289 53.193 3.148 0.000 0.000 50.129 67.130 70.135 83.144 69.157 79.176 80.200 99.234 103.278 86.316 36.339 0.000 0.000 0.000 0.000 0.000 0.000 0.000 0.000 0.000 16.478 30.485 62.493 100.501 23.509 0.000 0.000 0.000 0.000 0.000 64.063 73.974 74.904 77.840
85.052 80.052 75.052 73.051 69.050 65.049 65.047 80.045 83.043 65.041 67.038 67.035 67.032 67.028 67.024 67.019 66.014 65.008 66.002 65.994 65.985 71.974 48.962 25.947 0.930 0.000 0.000 37.720 75.699 69.668 64.626 77.574 100.510 94.437 62.386 0.000 0.000 0.000 0.000 48.229 66.225 71.224 78.229 73.239 78.254 77.275 90.301 84.331 77.361 50.387 5.418 0.000 0.000 0.000 0.000 0.000 0.000 0.000 0.000 0.000 62.488 65.494 68.504 0.129 10.723 0.000 0.000 7.227 41.227 69.152 138.075 102.012 133.900
105.056 104.056 100.055 95.055 91.054 86.052 81.051 77.049 72.047 66.044 67.042 67.038 67.035 67.031 66.027 68.022 74.016 79.010 78.003 75.994 69.984 64.972 68.958 74.939 38.912 19.877 23.834 57.776 80.740 71.706 67.669 90.626 102.570 58.480 3.433 0.000 0.000 11.411 18.390 52.335 65.314 70.307 86.309 76.316 69.328 62.344 68.364 86.386 83.409 89.431 8.450 0.000 0.000 0.000 0.000 0.000 0.000 0.000 0.000 0.000 0.000 0.000 0.000 0.000 7.754 0.000 0.000 0.000 76.301 67.242 77.176 100.073 76.250
