results1/res_4e8f-0031.wd
ncols         241
nrows         181
xllcorner     12693529.787448
yllcorner     3542525.717860
cellsize      155.156523
NODATA_value  -9999.000000
[rows 132 to 164 of 181, columns 0 to 74 of 241]
65.110 70.111 74.113 74.117 76.121 76.127 70.133 61.141 47.150 36.160 35.172 36.186 35.200 34.217 39.236 53.257 64.279 69.305 69.332 66.362 58.395 49.431 40.471 34.515 39.557 41.613 40.659 41.702 39.728 34.748 48.763 71.775 38.781 0.000 0.000 0.000 0.000 31.233 43.235 40.242 42.253 48.267 66.283 52.295 36.304 35.309 35.312 47.313 68.312 9.310 0.000 0.000 0.000 0.000 0.000 0.000 0.000 0.000 0.000 0.000 0.000 0.000 0.000 0.000 0.000 0.000 1.128 42.018 64.895 68.798 68.687 78.769 106.229 96.571 96.515
43.141 45.142 48.144 54.148 64.152 70.158 75.164 75.172 68.181 54.192 43.204 37.217 41.232 48.249 61.268 76.289 75.312 72.338 72.365 75.395 75.427 71.461 59.498 47.538 39.579 34.623 35.664 34.701 35.730 43.752 65.770 73.781 0.000 0.000 0.000 0.000 0.000 17.231 35.231 44.240 45.258 42.280 43.304 53.319 48.328 41.332 45.334 53.332 66.329 7.319 0.000 0.000 0.000 0.000 0.000 0.000 0.000 0.000 0.000 0.000 0.000 0.000 0.000 0.000 0.000 0.000 49.217 71.113 66.987 75.955 67.012 106.367 95.120 96.621 101.856
35.172 35.173 35.175 37.179 42.183 46.189 53.195 62.203 70.212 73.223 67.234 65.248 67.263 70.280 69.300 62.321 53.344 51.370 51.397 56.426 62.457 69.490 72.524 71.561 60.599 50.637 45.674 43.708 52.738 68.763 69.784 55.799 0.000 0.000 0.000 0.000 0.000 0.000 18.220 45.231 24.259 12.291 27.334 42.352 57.358 61.360 63.358 64.355 60.353 0.000 0.000 0.000 0.000 0.000 0.000 0.000 0.000 0.000 0.000 0.000 0.000 0.000 33.741 3.696 69.616 91.509 124.322 80.270 75.308 56.254 92.311 96.801 96.693 105.433 94.943
36.203 36.204 36.206 36.210 35.214 34.220 36.226 41.234 47.243 57.253 67.265 69.278 62.293 52.311 46.330 38.352 34.376 34.401 34.428 36.456 41.486 47.517 54.550 66.584 71.619 73.654 72.689 68.721 71.752 64.780 46.806 38.833 17.866 0.000 0.000 0.000 0.000 0.000 11.200 44.204 0.000 0.000 20.392 45.395 64.395 72.392 58.386 61.379 47.375 5.379 0.000 0.000 0.000 0.000 0.000 0.000 0.000 0.000 0.000 0.000 0.000 20.832 39.787 112.731 141.651 124.512 108.041 106.966 98.624 97.269 97.123 96.968 62.196 107.105 98.691
36.234 36.235 36.237 36.241 36.245 36.251 36.258 35.265 35.274 38.284 44.295 43.307 39.322 35.340 35.360 35.382 36.407 36.432 36.458 36.486 35.515 34.545 36.576 42.608 49.640 58.673 66.706 62.738 51.769 39.799 35.829 40.862 48.900 24.949 2.986 3.010 0.000 0.000 26.177 47.182 0.000 0.000 39.448 71.443 73.437 52.428 55.415 54.400 42.390 31.384 0.000 0.000 0.000 0.000 0.000 0.000 0.000 0.000 0.000 0.000 0.000 1.884 64.844 70.764 66.746 67.892 65.854 97.657 97.535 97.407 64.580 67.348 69.210 70.869 20.833
36.265 36.266 36.268 36.272 36.277 36.282 36.289 36.297 36.305 36.314 35.324 35.336 35.350 36.367 36.389 36.412 36.437 36.463 36.489 36.516 36.543 36.572 36.601 35.631 34.662 35.694 39.725 37.756 36.788 40.819 43.852 42.886 40.923 42.963 43.000 40.034 40.076 44.111 19.151 5.166 0.000 12.540 57.510 71.495 51.481 44.467 43.450 23.417 19.403 0.000 0.000 0.000 0.000 0.000 0.000 0.000 0.000 12.456 27.438 0.000 11.116 74.000 80.979 79.045 77.026 78.099 97.885 97.773 78.860 85.641 78.483 84.246 76.078 55.011 0.000
36.296 36.297 36.299 36.303 36.308 36.314 36.321 36.328 36.336 36.344 36.353 36.363 36.375 36.392 36.416 36.442 36.469 36.495 36.520 35.546 42.573 44.599 36.627 35.656 34.685 35.715 37.745 40.776 43.808 42.840 37.873 38.908 45.944 48.982 45.018 39.053 36.085 45.106 0.000 0.000 0.000 52.571 61.559 48.545 40.528 60.512 6.499 0.000 0.000 0.000 0.000 0.000 0.000 0.000 0.000 0.000 22.517 64.475 93.422 54.327 87.162 95.307 92.262 91.348 98.199 98.099 97.994 90.965 92.830 92.519 91.371 90.293 8.200 0.000 0.000
36.326 36.328 36.330 36.334 36.339 36.346 36.353 36.360 36.368 36.376 39.383 39.389 37.397 41.410 39.443 36.473 36.501 36.528 35.553 33.577 44.602 52.627 38.654 35.680 37.708 40.737 42.766 41.797 38.828 40.861 45.895 47.930 48.966 49.003 44.040 38.074 47.105 66.125 0.000 0.000 0.000 26.614 49.613 46.598 50.576 70.554 4.538 0.000 0.000 0.000 0.000 0.000 0.000 0.000 0.000 20.611 72.562 88.503 91.422 96.399 93.539 90.521 98.477 98.388 98.296 90.306 91.080 91.941 91.612 91.576 84.500 61.397 0.000 0.000 0.000
36.357 36.358 36.361 36.365 36.371 36.378 36.386 36.394 36.402 37.408 44.414 44.416 21.414 0.000 10.474 40.506 34.537 37.563 43.587 46.609 46.632 42.656 38.680 39.705 42.732 41.759 40.788 42.818 46.849 46.881 48.916 47.951 38.988 34.026 36.064 49.102 68.137 78.164 0.218 0.000 0.000 1.687 57.683 59.661 66.623 65.593 1.565 0.000 0.000 0.000 0.000 0.000 0.000 0.000 24.717 68.668 90.585 93.593 92.670 92.661 91.742 98.646 98.563 90.538 91.327 92.177 91.954 91.801 91.749 83.676 75.629 0.000 0.000 0.000 0.000
36.388 36.389 36.392 36.396 36.403 36.411 36.419 36.429 36.437 38.444 47.449 58.447 34.430 0.000 0.000 25.542 51.579 43.602 41.623 41.643 39.663 38.685 40.707 42.731 40.755 36.781 38.809 50.838 52.869 42.902 36.936 33.973 34.010 39.049 53.090 69.132 66.178 50.231 22.301 0.000 0.000 28.764 57.772 39.740 30.663 22.628 0.000 0.000 0.000 0.000 0.000 0.000 0.000 17.828 68.772 90.677 92.863 91.851 91.954 98.888 98.809 98.729 90.617 92.485 92.189 92.054 91.990 91.908 85.825 72.755 62.714 0.000 0.000 0.000 0.000
36.418 36.419 36.421 36.426 36.434 36.444 36.454 36.465 36.475 38.484 48.491 35.495 0.000 0.000 0.000 0.000 47.636 39.646 41.660 40.676 38.694 41.714 42.734 39.756 36.779 32.803 42.830 56.858 43.889 33.922 34.957 39.994 50.032 61.072 72.115 65.161 43.214 38.280 57.375 64.531 65.680 69.808 44.900 5.865 0.000 0.000 0.000 0.000 0.000 0.000 0.000 0.000 22.931 68.862 90.867 93.044 92.063 99.107 99.036 98.964 90.912 91.698 92.572 92.262 92.237 92.169 92.085 92.985 80.897 51.803 40.759 0.000 0.000 0.000 0.000
35.450 35.449 36.450 36.454 36.463 36.477 36.490 36.503 36.515 39.527 49.538 20.549 0.000 0.000 17.704 19.701 36.684 38.686 26.696 8.709 46.725 41.742 37.761 36.781 34.802 36.825 52.849 55.876 37.907 40.941 52.977 62.015 71.054 69.094 57.137 43.184 36.237 52.302 56.390 44.538 25.702 23.889 12.158 0.617 0.000 0.000 0.000 11.695 6.695 0.000 0.000 17.017 69.033 92.128 93.145 91.252 99.243 99.176 91.103 91.900 92.763 92.561 92.428 92.395 92.333 92.273 95.195 59.051 38.974 0.000 0.000 0.000 0.000 0.000 0.000
44.482 42.480 39.475 37.478 34.491 34.511 34.528 34.543 33.557 38.571 50.588 33.613 14.663 22.693 40.709 36.715 33.715 39.720 34.729 21.741 41.756 35.771 34.788 34.806 36.825 50.845 58.867 24.893 16.923 66.958 71.996 67.036 56.075 46.115 38.157 34.202 45.251 57.302 25.347 0.453 0.000 0.000 1.547 1.481 0.000 0.591 3.668 31.695 15.695 0.000 0.000 49.266 91.304 90.426 99.442 99.377 99.311 91.157 93.029 92.746 92.628 92.587 94.533 89.472 91.433 92.398 103.371 0.000 0.000 0.000 0.000 0.000 0.000 0.000 0.000
45.519 47.513 53.494 54.494 54.511 51.550 52.570 51.585 50.598 50.613 52.631 35.654 39.684 38.708 35.725 38.735 38.743 37.751 42.761 44.772 38.786 32.800 34.815 36.831 50.847 55.865 44.884 38.906 47.935 70.973 54.017 45.058 37.096 35.135 37.174 36.217 50.263 59.308 23.344 0.000 0.000 0.502 3.498 1.441 4.166 10.478 12.651 5.723 0.000 0.000 27.466 69.522 99.627 99.567 99.506 91.418 92.209 93.090 92.791 92.777 93.724 93.668 66.612 44.538 79.527 93.515 98.520 38.575 0.000 0.000 0.000 0.000 0.000 0.000 0.000
38.562 32.561 0.000 0.000 0.000 43.610 40.618 40.629 40.640 44.654 53.670 34.690 35.711 34.731 37.748 41.760 42.771 40.781 39.792 42.803 43.816 40.829 34.843 51.857 57.870 48.883 54.897 71.915 68.940 50.984 39.040 35.083 37.120 37.154 36.190 41.230 57.276 59.326 51.379 54.428 25.450 0.046 0.000 0.000 9.474 16.607 6.736 3.822 0.000 22.517 70.645 99.743 99.686 91.587 92.380 93.249 93.055 92.932 92.907 93.850 91.798 85.745 10.714 0.000 61.624 96.616 93.617 92.631 0.000 0.000 0.000 0.000 0.000 0.000 0.000
36.608 28.610 0.000 0.000 0.000 39.661 35.666 35.673 35.682 39.693 53.707 31.724 35.742 39.760 41.776 42.789 39.801 36.812 34.823 36.834 46.846 59.859 54.871 55.884 32.895 26.903 78.908 64.916 31.928 0.000 12.077 40.116 37.146 37.174 39.204 32.239 16.286 6.343 18.417 58.457 34.471 0.205 0.288 0.000 5.647 10.741 4.865 10.001 10.384 48.657 99.830 90.801 94.525 93.411 93.218 93.099 93.066 93.021 93.971 93.925 58.875 34.802 20.785 23.782 74.730 95.708 91.701 82.702 0.701 0.000 0.000 0.000 0.000 0.000 0.000
36.653 36.661 19.684 0.000 0.000 40.710 36.712 36.716 35.722 36.731 51.742 38.757 41.775 43.791 42.807 37.820 34.832 35.844 35.855 34.866 44.878 67.890 63.902 50.913 43.923 34.927 10.917 0.000 0.000 0.000 0.000 42.159 37.174 39.194 22.211 0.000 0.000 0.000 20.492 37.511 6.491 0.000 0.449 5.707 12.727 8.847 2.976 0.000 1.703 48.113 99.938 93.691 93.434 93.249 93.224 93.180 93.130 93.084 91.041 82.002 14.975 0.000 31.843 90.831 95.805 93.786 87.777 77.774 0.000 0.000 0.000 0.000 0.000 0.000 0.000
33.692 35.698 32.708 0.000 0.000 40.757 35.757 33.758 35.761 39.766 43.776 42.790 42.808 40.826 34.841 35.854 35.866 36.877 36.888 41.899 59.910 58.921 51.933 60.946 58.957 29.966 0.000 0.000 0.000 0.000 0.000 42.187 37.200 40.219 11.237 0.000 7.461 33.500 53.550 22.607 0.000 0.000 0.000 0.000 4.706 4.943 5.221 1.693 2.008 100.242 100.092 92.613 93.436 93.328 93.284 93.236 93.190 95.146 80.105 63.070 23.047 0.000 46.913 76.895 85.873 94.856 83.846 72.843 0.000 0.000 0.000 0.000 0.000 0.000 0.000
40.726 38.733 27.744 0.000 26.825 34.807 36.801 40.800 41.799 42.799 40.805 41.820 39.844 35.863 35.878 36.891 36.902 35.912 37.922 60.932 59.942 41.954 54.966 52.980 56.995 55.015 18.048 0.000 0.000 13.185 18.194 38.203 37.220 37.245 32.282 24.349 41.423 40.491 34.600 56.762 4.920 0.000 0.000 0.000 3.450 2.002 3.478 27.921 52.423 100.360 94.983 94.686 94.417 93.391 93.341 93.294 94.248 92.204 47.163 24.127 36.095 37.066 91.000 92.963 72.937 82.918 77.908 50.909 15.933 0.000 0.000 0.000 0.000 0.000 0.000
41.753 42.765 39.791 27.831 41.844 41.844 41.843 42.841 42.836 43.828 55.825 37.843 35.886 35.906 36.920 36.930 36.939 37.948 51.956 62.966 37.976 41.987 68.999 61.014 49.031 52.052 55.082 39.122 44.152 59.178 52.196 40.213 33.234 33.262 44.297 60.343 47.393 19.441 0.000 46.920 36.080 1.094 5.348 10.585 6.854 0.000 1.679 43.044 95.350 100.451 91.958 94.582 95.497 93.447 93.398 93.350 86.304 76.260 33.218 4.178 13.141 14.103 75.058 117.021 97.993 73.971 65.958 44.954 53.958 6.958 0.000 0.000 0.000 17.939 59.940
46.769 46.786 42.825 42.859 42.877 43.884 43.887 39.887 36.879 35.853 0.000 0.000 39.951 36.958 36.965 36.972 35.978 38.985 62.992 49.000 34.009 40.019 57.032 74.046 69.063 66.082 64.106 60.133 56.157 55.179 63.199 60.219 54.244 50.271 53.302 57.336 19.364 0.000 0.000 0.000 0.000 0.000 6.432 16.554 12.704 3.704 0.000 42.229 100.629 100.541 94.862 96.675 93.550 93.505 94.454 90.405 74.358 67.313 73.270 79.228 63.188 85.148 100.108 117.072 126.041 110.017 72.000 76.990 51.986 0.000 0.000 0.000 0.000 0.000 8.940
0.000 0.000 46.864 41.905 41.922 36.930 33.936 35.940 30.941 0.000 0.000 0.000 41.010 37.010 37.012 37.015 37.019 55.023 62.028 35.034 37.041 37.051 40.064 46.078 48.093 48.110 44.128 47.148 63.166 56.183 47.201 50.224 57.252 61.278 64.305 61.336 36.366 1.405 0.000 0.000 0.000 0.000 1.343 10.493 0.000 0.000 12.188 72.406 100.717 92.245 95.921 95.647 93.615 93.559 94.508 89.459 76.411 42.365 49.320 92.277 103.235 135.194 126.154 98.117 86.084 103.056 82.034 76.019 51.012 0.000 0.000 0.000 0.000 0.000 13.940
0.000 0.000 0.000 50.975 35.978 33.979 35.989 35.998 37.005 0.000 0.000 30.097 38.070 37.061 37.059 37.059 39.060 63.061 48.064 34.067 37.073 37.082 37.095 36.109 36.122 36.136 35.151 42.165 71.178 50.187 0.000 0.000 1.269 52.286 62.307 46.336 51.374 38.445 0.614 0.864 0.000 0.000 7.714 0.329 0.000 0.000 30.366 100.895 100.805 95.120 96.828 92.722 93.668 93.614 93.561 93.511 80.462 43.415 58.369 95.325 91.281 125.239 120.197 89.158 94.121 80.089 61.062 79.042 57.031 0.000 0.000 0.000 0.000 0.000 12.941
35.185 31.182 0.000 43.043 53.037 54.019 35.044 47.058 54.078 30.119 28.134 38.125 37.114 37.107 37.104 37.102 56.101 60.100 35.099 37.099 36.102 35.111 37.127 37.141 37.153 37.164 36.175 44.185 73.195 54.201 0.191 0.000 24.272 49.283 62.301 41.329 31.351 0.000 0.000 1.144 1.020 9.518 13.616 0.000 0.000 9.363 71.565 100.985 92.418 96.087 95.817 93.779 93.720 93.666 93.613 94.562 85.512 74.464 97.417 122.371 110.326 127.282 124.239 118.196 125.155 91.116 68.082 78.056 86.038 15.028 0.000 0.000 0.000 0.000 13.942
37.188 36.181 31.160 37.120 36.107 0.000 58.109 50.116 37.129 38.147 38.157 37.158 37.154 37.151 37.148 40.146 63.144 46.141 36.136 37.130 43.126 51.132 37.162 35.176 37.185 36.193 39.200 63.207 71.215 46.224 34.240 22.252 44.264 43.274 4.287 0.000 0.000 0.000 0.000 0.000 0.000 0.000 0.000 0.000 12.590 69.635 91.738 101.075 93.371 93.981 93.887 93.828 93.771 93.716 93.663 94.611 85.561 68.512 64.464 97.417 87.371 101.326 104.280 92.234 94.186 66.138 43.095 57.062 124.037 77.018 11.997 1.978 23.961 44.950 81.944
37.200 37.194 37.182 37.169 37.167 31.183 47.168 63.168 39.175 36.185 37.192 37.195 37.195 37.195 36.194 59.192 61.189 35.184 37.174 38.158 35.142 0.000 56.213 51.217 38.221 36.224 54.227 73.231 57.235 37.240 37.248 38.253 41.259 45.263 0.000 0.000 0.000 0.000 0.000 0.000 0.000 0.000 0.000 0.000 35.807 92.860 101.256 101.165 93.267 94.063 93.931 93.878 93.820 93.765 93.711 92.659 77.608 79.559 99.510 118.463 117.416 122.369 127.322 114.273 112.218 99.156 48.099 46.059 122.031 86.012 23.995 16.976 81.955 114.946 133.941
37.221 37.212 37.207 37.207 37.210 37.215 37.214 48.215 63.220 39.227 36.233 37.237 37.239 35.240 43.240 64.240 44.238 36.233 38.221 36.189 0.000 0.000 44.263 45.260 51.257 50.255 58.254 57.254 38.255 36.256 38.258 41.255 46.256 46.258 0.000 0.000 0.000 0.000 0.000 0.000 0.000 0.000 0.000 0.001 44.277 98.157 101.347 92.654 94.305 94.025 93.987 93.925 93.867 93.812 93.758 93.706 79.655 75.605 96.556 97.508 97.460 100.413 100.366 99.316 104.259 77.167 53.087 68.045 83.017 22.002 0.000 0.000 25.938 51.936 73.936
37.250 39.229 39.226 37.244 37.251 37.255 37.257 37.260 48.265 63.270 39.276 34.281 34.284 51.287 63.289 57.290 34.291 37.290 33.288 0.000 0.000 30.342 37.316 37.303 43.294 60.288 60.282 53.278 46.275 38.273 25.273 0.000 60.255 40.255 0.000 0.000 0.000 0.000 0.000 0.000 0.000 0.000 0.000 0.013 18.172 101.535 101.440 93.512 94.203 94.090 94.030 93.970 93.913 93.857 93.804 94.751 89.700 79.650 74.601 73.552 73.504 73.457 73.412 77.369 51.334 0.000 21.038 77.015 72.992 33.976 0.000 0.000 24.924 70.926 48.927
38.302 0.000 0.000 37.294 36.296 35.299 35.301 34.304 34.309 47.315 62.322 55.327 62.332 64.336 51.340 35.343 42.346 42.349 30.353 0.000 0.000 41.370 37.356 39.343 63.331 70.320 48.310 39.301 46.295 53.291 41.289 0.000 20.254 38.254 0.000 0.000 0.000 0.000 0.000 0.000 0.000 0.000 0.000 0.050 5.457 101.628 98.815 94.456 94.181 94.137 94.072 94.013 93.956 93.901 93.848 93.796 94.745 93.695 91.645 90.596 90.547 91.501 93.456 67.414 9.374 0.000 6.012 61.986 92.960 83.935 56.904 32.896 49.908 52.915 10.921
37.355 36.372 0.000 36.343 47.343 51.343 55.345 60.348 63.353 64.361 64.369 64.376 50.382 37.387 53.392 70.396 71.402 71.410 64.424 42.457 0.000 38.411 36.399 45.383 73.367 60.351 37.337 36.324 38.314 41.307 32.303 0.000 0.000 0.000 0.000 0.000 0.000 0.000 0.000 0.000 0.000 0.000 5.771 7.196 2.852 101.709 102.745 98.338 94.238 94.174 94.113 94.054 93.998 93.943 93.891 93.840 93.790 93.740 93.690 93.639 94.589 97.542 69.498 2.456 0.000 0.000 0.000 6.956 62.927 93.900 84.880 60.877 37.897 6.906 0.000
37.392 39.390 35.407 37.393 52.389 51.388 47.389 43.391 42.394 38.407 59.418 49.427 60.434 51.440 67.445 63.450 56.457 57.465 68.477 74.492 63.497 64.467 56.445 64.425 72.404 45.383 36.363 37.346 37.331 36.321 36.315 38.315 33.314 0.000 42.294 33.293 0.000 0.000 0.000 0.000 0.000 0.000 74.475 71.698 101.808 101.765 96.627 97.406 94.269 94.211 94.150 94.093 94.037 93.984 93.933 93.883 93.834 93.785 93.734 95.682 100.628 69.580 9.539 0.000 0.000 0.000 0.000 0.000 3.893 54.858 89.841 39.835 0.000 0.000 0.000
39.432 0.000 34.439 37.435 37.432 37.433 36.434 37.433 39.428 37.457 49.471 44.481 53.488 64.494 52.499 37.503 38.510 39.519 40.529 45.536 58.533 68.514 74.492 72.468 61.442 37.416 37.389 37.365 37.346 37.332 38.323 61.317 34.313 0.000 38.297 0.000 0.000 0.000 0.000 0.000 0.000 6.043 94.326 96.552 101.840 95.004 94.635 94.352 94.309 94.244 94.185 94.129 94.075 94.023 93.974 93.925 93.878 93.831 95.782 80.726 34.661 1.622 0.000 0.000 0.000 0.000 0.000 0.000 0.000 25.799 87.791 39.786 0.000 0.000 0.000
40.473 0.000 34.477 37.475 37.475 37.477 37.480 38.483 0.000 36.522 40.529 51.538 51.545 59.550 64.554 50.557 35.562 35.573 35.586 37.592 39.585 40.567 41.542 41.513 40.483 39.450 35.412 35.380 36.356 37.340 48.329 62.318 33.310 27.304 29.300 0.000 0.000 0.000 0.000 0.000 0.000 10.047 93.184 101.886 101.862 93.831 94.515 94.398 94.336 94.275 94.217 94.163 94.111 94.061 94.013 93.967 93.923 93.879 98.835 54.780 0.000 0.000 0.000 0.000 0.000 0.000 0.000 0.000 0.000 28.747 88.740 47.732 0.000 0.000 0.000
