results1/res_4e8f-0127.wd
ncols         241
nrows         181
xllcorner     12693529.787448
yllcorner     3542525.717860
cellsize      155.156523
NODATA_value  -9999.000000
[rows 99 to 131 of 181, columns 0 to 72 of 241]
0.000 0.000 0.000 0.000 0.000 59.810 99.810 101.810 92.809 87.809 0.000 0.000 0.000 0.000 0.000 1.807 0.807 67.807 64.807 0.000 0.000 0.805 3.805 62.804 61.804 2.804 0.000 0.000 0.000 9.429 0.000 0.000 0.000 0.000 15.291 61.287 57.277 56.260 57.236 58.209 71.180 60.148 64.113 56.074 58.032 55.987 56.939 61.888 62.834 60.778 64.721 57.662 57.601 59.539 62.475 76.404 77.345 62.296 48.253 0.000 0.000 0.000 0.000 0.000 26.242 81.238 78.227 65.210 40.187 35.165 79.143 56.122 58.101
0.000 0.000 0.000 0.000 0.000 60.810 100.810 100.810 0.000 0.000 0.000 0.000 0.000 0.000 0.000 0.807 12.808 78.808 67.807 5.807 2.807 2.806 65.805 64.805 68.805 0.000 0.000 0.000 0.000 67.429 59.429 0.000 0.000 0.000 74.334 84.328 70.320 63.306 57.287 59.265 78.238 63.208 69.174 69.136 60.094 75.048 67.000 67.948 57.893 65.836 65.777 63.717 57.656 58.594 62.529 59.435 21.371 11.334 0.000 0.000 0.000 0.000 0.000 29.251 66.248 78.244 85.236 75.224 51.209 52.193 66.176 57.159 58.141
5.813 0.000 0.000 0.000 0.000 47.811 96.811 105.811 15.811 0.000 0.000 0.000 0.000 0.000 0.000 0.000 1.808 85.808 66.808 67.807 69.807 66.806 63.806 64.805 62.805 0.805 0.000 0.000 0.000 60.429 60.429 61.428 60.421 60.407 59.382 69.374 78.367 25.357 89.343 79.324 84.300 69.271 14.238 85.200 83.159 82.113 86.064 75.011 57.954 60.896 65.835 65.773 62.712 58.653 47.611 0.000 0.000 0.000 0.000 0.000 0.000 0.000 0.000 39.254 66.255 66.253 77.248 76.241 59.232 59.221 58.209 58.196 58.182
73.813 76.813 8.813 0.000 0.000 57.811 96.811 101.811 111.812 16.812 0.000 0.000 0.000 0.000 7.809 7.809 5.808 22.808 70.808 67.807 85.807 99.807 74.806 59.806 0.000 0.000 0.000 0.000 0.000 0.000 59.431 60.433 60.427 60.419 60.413 59.417 59.417 58.413 59.403 64.387 76.366 70.339 13.307 85.270 86.228 64.181 71.131 88.077 82.018 68.957 58.894 64.830 65.764 68.694 53.652 0.000 0.000 0.000 0.000 0.000 0.000 0.000 0.000 1.260 17.265 63.265 60.263 60.261 58.257 58.251 58.244 58.235 58.224
87.813 70.813 70.813 72.813 74.813 93.812 101.812 101.812 101.812 103.812 77.812 16.812 0.000 65.810 72.810 73.809 35.809 30.809 93.808 101.808 96.807 92.807 75.806 0.000 0.000 0.000 0.000 0.000 0.000 0.000 0.000 60.447 59.434 58.430 59.436 60.464 60.472 60.473 60.468 61.457 80.439 75.413 58.381 60.343 71.301 82.254 59.203 71.147 72.085 65.019 84.955 67.890 59.821 0.765 0.000 0.000 0.000 0.000 0.000 0.000 0.000 0.000 0.000 0.000 9.277 63.278 58.280 58.282 58.283 58.283 58.281 56.276 54.268
102.813 92.813 73.813 77.813 95.813 101.813 101.812 101.812 101.812 96.812 68.812 74.812 2.811 56.810 91.810 99.810 99.809 83.809 98.809 105.808 15.808 0.000 0.000 0.000 0.000 0.000 0.000 0.000 0.000 0.000 0.000 60.473 0.000 0.000 0.000 61.530 60.535 60.540 60.541 61.534 77.518 82.493 59.461 60.422 60.378 78.331 79.279 57.222 65.157 84.081 76.015 53.952 0.000 0.000 0.000 0.000 0.000 0.000 0.000 0.000 0.000 0.000 0.000 0.000 6.289 63.291 58.296 58.303 58.311 57.317 56.319 61.319 62.316
102.814 102.814 97.814 100.813 101.813 101.813 101.813 101.813 101.812 97.812 72.812 89.812 0.000 0.000 69.810 93.810 101.810 102.809 101.809 106.809 9.809 0.000 0.000 0.000 0.000 0.000 0.000 0.000 0.000 0.000 0.000 60.499 0.000 0.000 62.597 60.590 60.599 60.611 60.620 60.619 77.606 82.581 59.547 60.506 60.460 61.412 82.361 76.306 83.240 73.131 54.073 0.000 0.000 0.000 0.000 0.000 0.000 0.000 0.000 0.000 0.000 0.000 0.000 0.000 61.298 58.302 58.310 58.323 58.341 57.353 59.361 63.366 64.368
100.814 101.814 101.814 101.814 101.814 101.813 101.813 101.813 101.813 102.813 97.812 104.812 28.812 7.812 57.811 76.810 99.810 101.810 102.810 90.809 4.809 0.000 0.000 0.000 0.000 0.000 0.000 0.000 0.000 0.000 0.000 54.525 59.551 59.577 58.603 60.636 60.659 60.685 60.710 60.718 77.707 82.679 59.640 60.593 60.544 60.495 65.447 88.402 68.366 0.000 0.000 0.000 0.000 0.000 0.000 0.000 0.000 0.000 0.000 0.000 0.000 0.000 0.000 0.000 14.303 65.308 61.319 62.340 60.377 56.394 63.406 64.416 62.424
97.814 102.814 101.814 101.814 101.814 101.814 101.814 101.814 101.813 101.813 102.813 95.813 79.812 70.812 64.811 91.811 101.811 101.810 106.810 9.810 0.000 0.000 0.000 0.000 0.000 0.000 0.000 0.000 0.000 0.000 0.000 0.000 0.000 0.000 0.000 60.692 60.716 60.760 60.815 60.835 76.823 83.788 60.739 60.684 60.629 60.578 60.530 66.488 19.455 0.000 0.000 0.000 0.000 0.000 0.000 0.000 0.000 0.000 0.000 0.000 0.000 0.000 0.000 0.000 0.000 2.308 0.313 0.000 6.432 65.441 63.453 64.468 61.484
97.815 102.815 101.815 101.815 101.815 101.814 101.814 101.814 101.814 101.813 102.813 87.813 66.813 65.812 74.812 98.811 101.811 101.811 107.811 12.810 3.810 0.000 0.000 0.000 0.000 0.000 0.000 0.000 0.000 0.000 0.000 0.000 0.000 0.000 0.000 56.723 60.754 57.824 60.957 60.985 79.963 83.912 60.844 60.775 60.711 60.655 60.609 57.566 7.511 0.000 0.000 0.000 0.000 0.000 0.000 0.000 0.000 0.000 0.000 0.000 0.000 57.554 0.000 0.000 0.000 0.000 0.000 0.000 61.478 62.484 64.498 64.518 61.544
100.815 101.815 101.815 101.815 101.815 101.815 101.815 101.815 101.814 101.814 101.814 98.813 75.813 76.812 93.812 100.812 101.811 101.811 108.811 25.811 0.000 0.000 0.000 0.000 0.000 0.000 0.000 0.000 0.000 0.000 0.000 0.000 0.000 0.000 0.000 0.000 56.754 0.000 60.203 61.185 89.133 76.051 60.952 60.860 60.784 73.725 63.683 58.658 0.000 0.000 0.000 0.000 0.000 0.000 0.000 0.000 0.000 0.000 0.000 0.000 9.554 68.554 53.554 0.000 0.000 0.000 0.000 62.530 65.517 64.521 61.536 57.561 57.599
101.816 101.816 101.816 101.816 101.816 101.816 101.815 101.815 101.815 101.815 101.814 101.814 103.813 103.813 102.812 101.812 101.812 103.812 92.811 35.811 0.000 0.000 0.000 0.000 0.000 0.000 0.000 0.000 0.000 0.000 0.000 0.000 0.000 0.000 0.000 0.000 0.000 0.000 60.466 61.420 95.333 64.206 61.055 60.928 72.839 81.778 60.740 60.724 59.740 0.000 0.000 0.000 0.000 0.000 0.000 0.000 0.000 0.000 0.000 0.000 0.000 64.554 65.554 52.554 0.000 58.551 60.549 64.543 63.541 61.547 60.564 56.592 64.639
100.817 99.817 101.817 101.817 101.816 101.816 101.816 101.816 101.816 101.815 101.815 101.814 101.814 101.813 101.813 101.812 102.812 85.812 13.812 4.812 62.812 76.812 22.812 0.000 0.000 3.811 0.000 0.000 0.000 0.000 0.000 0.000 0.000 0.000 0.000 2.596 2.579 0.000 56.775 67.696 90.572 61.385 58.133 60.958 60.866 60.809 60.775 60.758 60.756 57.756 0.000 0.000 0.000 0.000 0.000 0.000 0.000 0.000 0.000 0.000 0.000 59.554 55.555 61.555 56.554 64.554 64.553 63.552 59.555 62.563 57.579 56.606 56.652
90.817 90.817 99.817 101.817 101.817 101.817 101.817 101.817 101.816 101.816 101.815 102.815 103.814 101.814 101.813 101.813 101.812 23.812 7.812 62.812 72.812 82.812 81.811 74.811 66.811 7.811 0.000 0.000 0.000 0.000 0.000 0.000 0.000 0.000 2.630 61.613 64.563 64.425 61.162 60.019 68.875 56.630 0.000 56.907 60.856 60.818 60.792 60.777 59.771 0.000 0.000 0.000 0.000 0.000 0.000 0.000 61.554 72.554 0.000 0.000 60.554 58.554 58.555 55.555 63.555 64.556 64.557 61.559 64.563 64.571 62.584 57.600 46.618
72.818 77.818 96.818 102.818 101.818 101.818 101.818 101.818 101.817 101.817 103.816 89.816 85.815 100.814 105.813 102.813 97.813 79.812 82.812 88.812 82.812 83.812 62.812 55.811 1.811 0.000 0.000 0.000 0.000 0.000 0.000 0.000 0.000 0.000 52.647 58.664 61.632 61.551 61.430 61.340 63.279 0.000 0.000 0.000 55.835 60.814 60.797 60.786 60.781 0.000 0.000 0.000 0.000 0.000 0.000 21.554 78.554 60.554 58.554 58.554 58.554 58.555 56.555 61.555 64.556 64.557 60.559 64.563 64.568 63.575 57.584 58.594 48.602
56.818 71.819 90.819 103.819 104.819 104.819 102.819 101.819 102.818 101.818 102.817 40.817 11.815 59.814 77.814 98.813 105.813 103.813 103.813 89.812 12.812 0.000 0.000 0.000 0.000 0.000 0.000 0.000 0.000 7.592 9.592 0.000 0.000 0.000 0.000 57.763 61.752 59.717 60.668 62.633 63.623 0.000 0.000 0.000 0.000 53.805 60.797 60.790 57.786 0.000 0.000 0.000 0.000 0.000 0.000 0.000 20.554 74.554 57.554 57.554 58.554 57.555 57.555 63.555 64.556 62.558 50.561 3.565 68.572 62.578 62.584 62.589 48.593
20.819 42.819 75.820 81.820 75.820 77.820 94.820 102.820 98.819 91.819 90.819 25.818 0.000 0.000 0.000 35.813 70.813 96.813 103.813 0.813 0.000 0.000 0.000 0.000 0.000 0.000 0.000 0.000 0.000 49.592 70.592 15.592 0.592 0.000 0.000 57.874 63.894 62.896 71.891 72.902 62.956 8.118 0.000 0.000 0.000 0.000 57.795 58.792 0.000 0.000 0.000 0.000 0.000 0.000 0.000 0.000 0.000 79.554 82.554 62.554 56.554 54.554 64.555 64.555 59.556 0.000 0.000 0.000 9.576 67.580 64.583 64.587 54.589
0.000 0.000 56.822 65.822 17.822 3.821 66.821 95.821 86.820 82.820 96.820 63.820 23.820 0.000 0.000 0.000 0.000 41.814 72.814 0.000 0.000 0.000 0.000 0.000 0.000 0.000 0.000 0.000 0.000 0.000 54.592 72.592 3.592 0.000 0.000 48.965 63.056 61.083 91.099 84.126 62.182 64.280 10.387 0.000 0.000 0.000 52.795 0.000 0.000 0.000 0.000 0.000 0.000 0.000 0.000 0.000 0.000 0.000 67.554 84.554 69.554 63.554 64.555 59.555 0.000 0.000 0.000 0.000 0.000 59.582 64.584 64.586 59.587
0.000 0.000 52.824 97.824 54.823 3.823 55.822 87.822 89.822 100.821 102.821 105.821 111.820 50.820 19.820 0.000 0.000 0.000 12.815 7.816 0.000 0.816 0.000 0.000 0.000 0.000 0.000 0.000 0.000 0.000 55.592 70.592 0.592 7.593 11.593 0.000 56.280 64.283 94.294 76.320 64.367 63.433 68.494 0.000 0.000 0.000 0.000 0.000 0.000 0.000 0.000 0.000 0.000 0.000 0.000 0.000 0.000 0.000 0.000 5.554 72.554 62.554 60.554 0.000 0.000 0.000 0.000 0.000 58.583 57.583 59.584 53.585 0.000
25.828 40.827 74.826 92.825 100.825 69.824 82.824 105.823 102.823 101.822 101.822 101.821 101.821 107.820 110.820 66.819 25.818 7.817 70.816 84.816 77.816 79.816 35.816 11.816 8.816 0.000 0.000 0.000 0.000 0.000 34.592 56.592 62.593 62.593 65.593 24.594 57.501 86.474 88.475 65.495 63.533 63.589 66.663 11.783 6.836 0.000 0.000 0.000 0.000 0.000 0.000 0.000 0.000 0.000 0.000 0.000 0.000 0.000 0.000 0.000 0.000 0.000 6.554 0.000 0.000 0.000 0.000 60.582 55.583 53.583 0.000 0.000 0.000
98.829 101.828 101.828 99.827 97.826 98.826 100.825 100.825 101.824 102.823 102.823 101.822 94.821 98.821 101.820 105.819 109.818 110.818 102.817 98.816 95.816 90.816 92.816 85.816 41.816 19.816 0.000 0.000 0.000 0.000 0.000 0.000 0.000 0.000 0.000 81.688 70.656 99.637 90.636 77.652 64.683 63.728 63.785 67.851 63.889 0.000 0.000 0.000 0.000 0.000 0.000 0.000 0.000 0.000 0.000 0.000 0.000 0.000 0.000 0.000 0.000 0.000 0.000 0.000 0.000 0.000 0.000 0.000 0.000 0.000 0.000 0.000 0.000
101.830 96.830 94.829 93.829 87.828 84.827 85.827 85.826 91.825 96.824 96.824 89.823 73.822 88.821 101.820 101.819 101.818 101.818 101.817 101.817 102.816 102.816 105.816 106.816 106.816 106.816 45.815 0.000 0.000 0.000 0.000 0.000 0.000 0.000 0.000 53.815 79.797 84.783 68.781 85.793 73.818 63.854 63.898 66.946 9.980 0.000 0.000 0.000 0.000 0.000 0.000 0.000 0.000 0.000 0.000 0.000 0.000 0.000 0.000 0.000 0.000 0.000 0.000 0.000 0.000 0.000 0.000 0.000 0.000 0.000 0.000 0.000 0.000
71.831 44.831 66.831 80.830 78.830 58.829 43.828 39.827 59.827 76.826 75.825 68.824 63.823 73.822 94.821 102.820 101.819 101.818 101.817 101.816 101.816 105.816 80.816 68.816 67.816 71.816 74.815 13.815 2.815 0.000 0.000 0.000 0.000 0.000 0.000 51.958 87.936 70.916 62.911 72.921 83.942 67.972 64.010 64.053 70.106 14.196 8.239 0.279 0.000 0.000 0.000 0.000 0.000 0.000 0.000 0.000 0.000 0.000 0.000 0.000 0.000 0.000 0.000 0.000 0.000 0.000 0.000 0.000 0.000 0.000 0.000 0.000 0.000
61.833 32.833 54.832 69.832 65.831 42.831 28.830 32.829 52.828 66.827 64.826 64.825 65.823 63.822 82.821 99.820 101.818 101.818 101.817 101.816 100.816 63.816 0.000 0.000 0.000 0.000 0.000 0.000 0.000 58.286 78.286 30.285 16.282 12.271 59.227 76.124 93.072 70.034 64.028 62.037 79.056 81.082 67.115 64.152 64.194 67.244 76.279 14.309 9.318 0.000 0.000 0.000 0.000 0.000 0.000 0.000 0.000 0.000 0.000 0.000 0.000 0.000 0.000 0.000 0.000 0.000 0.000 0.000 0.000 0.000 0.000 0.000 0.000
74.835 70.835 65.834 64.834 65.833 67.832 68.832 71.831 70.829 66.828 65.827 65.826 65.824 64.823 71.821 93.820 102.818 101.817 103.816 75.816 41.816 0.000 0.000 0.000 0.000 0.000 0.000 0.000 0.000 23.287 45.287 48.288 52.291 66.303 63.285 84.241 81.194 55.119 62.131 64.144 66.163 79.187 71.215 66.245 64.276 63.306 80.325 71.333 65.326 0.000 0.000 0.000 0.000 0.000 0.000 0.000 0.000 0.000 0.000 0.000 0.000 0.000 0.000 0.000 0.000 0.000 0.000 0.000 0.000 0.000 0.000 0.000 0.000
64.837 65.837 65.836 65.836 65.835 65.834 65.833 65.832 65.831 65.830 65.828 65.827 65.825 65.823 63.821 84.820 101.818 103.817 99.815 25.815 0.000 0.000 0.000 0.000 0.000 0.000 0.000 0.000 0.000 0.000 0.000 0.000 0.000 50.365 67.371 93.359 67.343 0.000 50.231 65.245 63.266 67.288 68.312 77.337 66.360 64.378 63.384 59.371 0.349 0.000 0.000 0.000 0.000 0.000 0.000 0.000 0.000 0.000 0.000 0.000 0.000 0.000 0.000 0.000 0.000 0.000 0.000 0.000 0.000 0.000 0.000 0.000 24.161
65.839 65.839 65.839 65.838 65.837 65.837 65.835 64.834 64.833 65.831 65.830 65.828 65.826 65.824 64.822 72.820 87.818 98.816 86.814 12.813 0.000 0.000 0.000 0.000 0.000 0.000 0.000 0.000 0.000 0.000 0.000 0.000 0.000 27.420 76.476 101.481 11.476 0.000 48.316 66.341 64.365 63.388 71.410 82.430 70.449 64.461 68.461 1.418 0.000 0.000 0.000 0.000 0.000 0.000 0.000 0.000 0.000 0.000 0.000 0.000 0.000 0.000 0.000 0.000 0.000 0.000 0.000 0.000 0.000 0.000 0.000 0.000 81.237
65.842 65.842 65.841 65.841 65.840 65.839 65.838 69.836 70.835 66.833 65.831 65.829 65.827 65.825 65.822 64.819 67.817 76.814 76.812 17.811 0.000 0.000 0.000 0.000 0.000 0.000 19.419 0.000 0.000 0.000 0.000 0.000 0.000 0.000 80.630 95.615 18.604 0.000 32.377 63.437 64.467 64.489 63.508 68.526 70.543 66.557 68.565 0.000 0.000 0.000 0.000 0.000 0.000 0.000 0.000 0.000 0.000 0.000 0.000 0.000 0.000 0.000 0.000 0.000 0.000 0.000 0.000 0.000 0.000 0.000 0.000 65.459 74.368
65.844 65.844 65.844 65.843 65.842 65.841 64.840 76.839 81.837 68.835 65.833 65.831 65.828 65.826 65.823 65.819 65.816 64.813 67.810 48.807 0.000 0.000 0.000 0.000 0.000 61.420 82.419 44.417 35.408 34.396 0.000 0.000 0.000 61.912 103.801 77.743 77.720 4.744 0.000 49.565 66.577 64.592 64.607 62.624 78.641 82.660 76.677 0.000 0.000 0.000 0.000 0.000 0.000 0.000 0.000 0.000 0.000 0.000 0.000 0.000 0.000 0.000 0.000 0.000 0.000 0.000 0.000 0.000 0.000 0.000 39.624 90.551 76.476
65.847 65.847 65.847 65.846 65.845 65.844 64.843 77.841 83.840 67.838 65.835 65.833 65.830 65.827 65.823 65.820 65.815 65.811 65.806 71.801 42.794 0.000 0.000 0.000 1.421 24.421 39.421 61.424 69.411 73.383 47.329 23.257 58.160 96.023 93.918 73.838 55.790 13.767 0.000 49.680 66.685 65.694 68.705 63.720 72.738 95.764 92.805 37.893 1.945 17.968 0.000 0.000 0.000 0.000 0.000 0.000 0.000 0.000 0.000 0.000 0.000 0.000 0.000 0.000 0.000 0.000 0.000 0.000 0.000 0.000 76.697 132.645 115.582
62.851 63.850 64.850 64.849 65.848 65.847 63.846 78.844 81.842 64.840 65.838 65.835 65.832 65.828 65.824 65.820 65.815 65.810 65.804 65.796 71.787 51.775 2.766 0.000 0.000 0.000 0.000 37.446 68.429 64.397 67.348 71.283 83.200 100.101 84.009 51.900 1.848 0.000 0.000 48.789 65.790 68.793 81.800 67.812 77.829 78.852 97.886 101.934 84.970 34.991 0.000 0.000 0.000 0.000 0.000 0.000 0.000 0.000 0.000 0.000 0.000 0.000 0.000 0.000 0.000 0.000 0.000 0.000 0.000 62.913 72.822 73.751 76.685
83.854 78.854 73.853 71.853 67.852 63.851 63.849 78.847 81.845 63.843 65.840 65.837 65.834 65.830 65.826 65.821 64.816 63.809 64.802 64.793 64.783 70.771 47.758 24.744 0.000 0.000 0.000 36.485 74.462 68.428 63.383 76.325 99.255 93.174 61.117 0.000 0.000 0.000 0.000 46.898 64.891 69.889 76.891 71.899 76.912 75.930 88.955 82.984 76.012 49.035 4.062 0.000 0.000 0.000 0.000 0.000 0.000 0.000 0.000 0.000 0.000 0.000 0.000 0.000 9.697 0.000 0.000 6.082 40.082 68.005 136.925 100.860 132.746
103.858 102.858 98.857 93.856 89.855 84.854 79.853 75.851 70.849 64.846 65.843 65.840 65.837 65.833 64.828 66.823 72.817 77.810 76.802 74.792 68.781 63.768 67.751 73.730 37.696 18.658 22.611 56.547 79.507 70.470 66.429 89.382 101.321 57.221 2.169 0.000 0.000 10.098 17.075 51.013 63.989 68.979 84.977 74.981 67.990 61.002 67.019 85.038 82.057 88.074 7.090 0.000 0.000 0.000 0.000 0.000 0.000 0.000 0.000 0.000 0.000 0.000 0.000 0.000 6.697 0.000 0.000 0.000 75.159 66.097 76.029 98.923 75.097
