results1/res_4e8f-0096.wd
ncols         241
nrows         181
xllcorner     12693529.787448
yllcorner     3542525.717860
cellsize      155.156523
NODATA_value  -9999.000000
[rows 66 to 98 of 181, columns 73 to 145 of 241]
68.348 32.337 0.000 57.537 74.517 73.487 73.460 0.000 44.891 44.874 57.884 53.892 52.872 52.828 51.763 127.671 115.510 0.000 0.000 0.000 48.339 43.283 48.200 51.145 51.099 53.057 54.019 58.976 59.937 60.894 51.834 0.000 0.000 49.142 99.142 81.052 84.903 84.981 83.026 90.954 83.418 83.888 84.619 83.384 83.154 83.942 53.782 0.000 0.000 0.000 0.000 0.000 0.000 0.000 29.373 27.353 27.316 27.263 27.196 27.126 31.050 43.968 40.883 25.795 36.704 45.616 24.532 27.449 33.368 38.288 34.209 28.132 26.056
53.349 59.327 0.000 45.741 69.707 68.680 62.682 15.761 0.000 0.000 50.957 64.030 53.029 51.999 52.958 33.918 0.000 0.000 0.000 0.000 0.000 0.000 59.144 57.120 55.091 38.055 41.016 47.973 48.942 53.910 44.872 0.000 0.000 0.000 59.384 77.289 84.219 84.305 91.397 91.183 83.499 84.179 83.883 83.664 83.446 78.251 36.114 0.000 0.307 33.308 0.000 0.000 0.000 35.412 30.412 27.390 27.351 27.299 27.237 27.168 27.093 27.014 33.931 47.846 48.760 31.675 25.592 26.510 27.429 31.350 30.272 26.195 26.119
55.357 54.294 59.166 56.978 70.890 63.843 64.827 61.839 0.000 0.000 0.000 66.241 61.215 56.182 58.149 5.127 0.000 0.000 0.000 0.000 0.000 0.000 58.111 54.102 45.091 0.000 0.000 45.960 57.946 56.933 0.000 0.000 5.098 61.977 53.721 57.540 64.613 79.668 91.596 83.257 84.803 84.359 84.162 83.936 81.715 64.503 43.308 49.308 47.308 28.308 0.000 0.000 0.000 0.000 44.474 26.444 27.400 31.347 39.284 29.216 27.142 26.064 29.982 44.899 51.816 43.732 29.650 24.569 26.490 26.411 26.333 26.256 25.181
55.395 53.324 57.227 68.114 62.032 54.977 73.944 62.930 14.945 0.000 8.617 58.479 74.409 69.363 69.331 72.314 0.000 0.000 0.000 0.000 4.074 4.077 56.086 47.085 50.079 0.000 0.000 0.000 93.951 120.942 35.942 0.000 61.219 56.116 55.953 55.858 51.938 91.962 91.785 84.311 87.909 84.648 84.431 84.209 75.974 28.738 0.000 51.308 29.308 0.000 0.000 0.000 32.679 31.642 30.565 26.512 30.460 42.402 47.338 45.269 38.194 28.116 37.036 44.953 23.871 29.789 42.708 39.628 35.549 43.471 24.394 26.317 24.242
53.450 59.382 69.303 61.220 53.148 53.089 66.040 73.994 69.959 72.888 74.755 69.649 64.578 66.530 55.499 54.484 0.000 0.000 0.000 5.068 61.070 60.072 48.074 50.071 51.063 55.048 54.038 0.000 4.964 0.000 0.000 7.604 67.442 60.314 55.153 56.242 54.285 92.124 53.946 61.527 76.116 83.929 84.707 82.493 41.233 0.000 0.000 0.000 0.000 0.000 0.000 33.740 27.716 27.682 27.632 28.580 38.525 47.465 46.398 46.327 42.251 38.172 48.090 31.008 25.926 26.844 26.764 36.686 49.608 36.531 24.453 25.375 31.301
59.513 70.451 60.383 53.314 54.250 54.191 56.133 40.046 66.010 63.950 55.865 52.786 51.724 67.680 69.652 56.638 0.000 0.000 0.000 61.067 57.067 54.066 47.065 51.062 51.054 51.043 51.029 10.006 12.978 13.953 15.903 83.766 80.635 69.506 68.462 57.459 92.410 92.274 56.006 62.649 57.418 64.214 82.977 57.821 0.000 0.000 0.000 0.000 0.000 0.000 0.000 33.766 27.761 27.739 27.701 28.652 37.596 47.533 46.464 45.389 42.311 47.229 41.146 25.063 26.980 26.899 26.820 36.742 44.667 23.592 26.514 29.430 48.359
70.583 60.526 53.465 54.403 54.345 55.294 36.256 0.000 23.086 51.037 53.971 53.904 53.852 51.814 75.790 59.778 0.000 0.000 0.000 38.065 55.063 49.062 50.060 51.056 51.049 51.040 51.028 62.011 1.989 5.978 22.992 75.920 85.820 7.709 89.631 79.822 92.529 54.593 68.230 64.869 54.734 51.531 48.168 32.995 0.000 0.000 29.373 0.000 0.000 0.000 0.000 29.795 27.825 27.813 27.779 27.732 28.674 34.607 42.534 42.456 42.374 46.289 24.203 27.117 27.033 25.951 31.873 48.798 31.726 25.656 28.581 9.472 10.404
60.658 53.604 54.547 54.490 54.434 57.384 13.341 11.306 4.210 49.143 54.076 56.007 53.965 52.935 70.916 66.907 0.000 0.000 0.000 0.000 46.060 49.058 51.056 51.053 51.048 51.041 53.032 39.021 0.000 0.000 73.165 76.104 87.016 92.888 86.991 85.026 92.631 75.648 78.347 63.185 56.087 49.010 0.000 0.000 0.000 0.000 27.373 0.000 0.000 0.000 0.000 0.000 30.930 27.910 27.872 27.821 27.760 27.689 27.611 34.527 42.439 30.349 27.259 27.170 27.084 30.001 42.923 42.850 24.783 26.725 29.682 0.000 0.000
53.737 54.684 54.630 54.574 54.519 54.466 58.417 59.368 59.306 55.247 55.183 35.085 52.065 53.046 69.032 68.026 0.000 0.000 0.000 0.000 45.057 51.056 51.054 51.051 51.048 51.043 39.037 0.000 0.000 1.608 78.399 84.318 87.221 87.168 86.245 92.767 85.142 87.856 82.541 67.480 57.417 56.413 56.553 0.000 0.000 0.000 24.374 31.374 24.374 0.000 0.000 0.000 46.056 27.024 27.979 27.922 27.855 28.778 27.693 27.602 27.507 27.410 27.314 27.221 26.131 32.046 46.968 23.896 26.832 26.779 28.742 3.735 0.000
54.820 54.768 54.713 54.657 54.601 54.545 54.492 54.444 54.398 54.357 58.325 0.000 45.164 54.151 70.140 65.139 1.197 0.000 0.000 0.000 50.055 53.055 53.053 53.051 51.048 54.046 0.000 0.000 0.000 70.763 76.644 87.547 87.424 87.530 85.575 92.980 86.282 90.924 86.812 87.743 75.692 63.672 52.693 47.693 49.693 0.000 0.000 30.375 25.374 31.369 32.353 30.312 36.212 46.153 28.097 29.033 37.960 44.876 26.782 27.682 27.577 27.471 27.367 26.267 31.173 50.086 44.006 32.934 25.871 26.816 28.770 43.729 61.667
54.905 54.853 54.799 54.742 54.682 54.620 54.564 57.516 55.485 54.457 58.436 0.000 45.277 54.256 71.236 63.230 3.247 0.000 0.000 0.000 23.055 33.054 32.053 32.051 53.049 38.048 0.000 0.000 0.000 72.951 82.869 87.771 87.724 86.825 93.635 93.326 87.354 88.195 87.051 86.992 87.936 78.891 43.854 0.000 0.000 0.000 0.000 28.377 28.379 25.380 27.379 28.371 27.329 34.280 48.222 31.155 29.075 38.983 26.879 27.765 27.648 27.530 27.417 27.309 35.209 48.118 35.037 46.965 24.901 25.845 30.794 51.745 63.689
54.994 54.942 54.888 54.830 54.765 57.689 59.628 31.572 52.571 55.550 57.525 17.501 48.411 53.358 65.320 63.297 4.288 0.000 0.000 0.000 0.000 0.000 0.000 0.000 34.049 0.000 0.000 0.000 21.392 71.222 88.109 87.984 88.096 86.178 93.914 85.952 91.655 87.347 87.299 87.230 87.169 77.101 37.977 0.000 0.000 0.000 0.000 0.000 31.386 32.392 19.412 27.464 28.452 28.414 32.359 48.289 31.204 28.102 27.984 27.853 27.718 27.586 25.460 31.343 50.236 31.141 30.059 43.987 27.924 25.868 32.817 58.768 63.717
55.084 55.032 54.980 54.925 56.858 32.744 34.686 0.000 14.676 50.648 54.612 58.569 54.506 57.446 62.389 67.349 6.318 0.000 0.000 0.000 0.000 0.000 0.000 0.000 0.000 0.000 0.000 4.683 80.562 82.440 88.330 88.282 87.398 94.417 94.174 87.020 87.732 87.601 87.530 87.464 86.408 66.367 0.000 0.000 0.000 0.000 0.000 0.000 0.000 23.392 0.000 34.621 31.603 27.565 27.510 29.438 46.348 35.238 27.103 27.946 27.787 26.636 31.495 33.366 32.250 29.152 27.070 27.000 26.940 27.886 40.838 62.792 63.747
55.173 55.123 55.075 55.032 59.998 0.000 0.000 20.898 12.810 46.754 55.706 53.655 55.598 67.533 39.439 33.394 0.000 0.000 0.000 0.000 0.000 0.000 0.000 0.000 0.000 0.000 0.000 67.804 72.734 86.644 88.525 88.653 86.746 94.640 86.530 88.202 87.893 87.831 87.755 87.688 79.631 56.593 0.000 0.000 0.000 0.000 0.000 0.000 0.000 0.000 0.000 38.796 33.775 27.734 25.677 28.605 28.514 44.399 37.245 28.040 28.848 26.675 33.519 33.376 30.247 24.147 27.069 27.004 28.949 42.900 61.856 63.816 66.780
56.260 54.211 54.166 54.129 57.105 27.111 24.071 55.985 60.912 54.854 52.801 59.750 69.697 72.650 0.000 0.000 0.000 0.000 0.000 0.000 0.000 0.000 0.000 0.000 0.000 0.000 0.000 69.994 77.929 87.840 88.830 87.868 95.051 94.851 87.566 88.267 88.127 88.047 87.972 87.903 69.837 51.779 0.000 0.000 0.000 0.000 0.000 0.000 0.000 0.000 0.000 36.993 34.965 34.919 31.861 24.790 26.706 27.598 43.437 43.122 39.889 36.698 29.530 28.373 25.213 26.122 27.055 30.999 50.951 62.909 62.871 63.837 62.808
70.343 69.293 68.250 66.212 63.182 64.158 64.117 61.059 62.001 63.947 63.896 69.845 71.791 29.721 0.000 0.000 0.000 0.000 0.000 0.000 0.000 0.000 0.000 0.000 0.000 8.512 16.432 71.250 88.141 89.049 88.998 88.226 95.237 87.051 88.722 88.408 88.340 88.257 88.183 86.113 68.036 38.908 0.000 0.000 0.000 0.000 0.000 0.000 0.000 0.000 0.000 27.219 31.173 34.117 35.056 33.991 30.922 26.849 20.783 0.000 0.000 0.000 0.000 0.000 29.111 27.073 30.029 50.987 63.948 62.913 63.881 66.853 62.830
66.420 68.371 67.327 69.288 71.253 70.220 69.180 67.134 65.085 65.037 65.990 61.943 61.901 0.000 0.000 0.000 0.000 0.000 0.000 0.000 0.000 0.000 0.000 0.000 0.000 57.591 80.535 79.433 88.339 89.227 89.354 87.456 95.410 89.149 88.752 88.626 88.539 88.460 88.389 84.330 64.288 0.000 0.000 0.000 0.000 0.000 0.000 0.000 0.000 0.000 34.654 29.489 26.393 28.320 33.255 35.195 35.141 36.094 27.064 0.000 0.000 0.000 0.000 0.000 30.048 28.030 44.003 64.972 62.942 62.914 62.888 63.865 62.847
54.491 54.442 55.399 62.360 71.324 77.288 65.251 59.211 54.169 52.126 51.084 57.037 35.969 0.000 0.000 0.000 0.000 0.000 0.000 0.000 0.000 0.000 0.000 0.000 0.000 63.727 79.683 87.609 89.524 89.492 88.622 95.716 95.569 91.173 88.976 88.813 88.733 88.654 88.585 83.530 58.497 0.000 0.000 0.000 0.000 0.000 0.000 0.000 0.000 34.958 29.819 29.691 29.592 28.513 25.448 30.394 34.352 35.324 32.314 0.000 0.000 0.000 0.000 32.989 27.002 30.996 58.979 62.958 62.935 62.913 62.892 62.874 62.859
53.556 53.510 57.467 62.429 64.393 67.359 57.324 53.289 54.253 54.216 56.181 34.153 0.000 0.000 0.000 0.000 0.000 0.000 0.000 0.000 0.000 0.000 0.000 0.000 0.000 49.907 78.862 88.796 89.697 89.828 87.937 95.851 88.731 90.401 89.078 89.010 88.920 88.839 88.766 79.708 52.673 0.000 0.000 0.000 0.000 0.000 0.000 0.000 34.225 30.097 29.974 29.863 29.770 29.694 29.631 26.583 25.549 28.535 35.556 35.652 0.000 0.000 0.000 26.976 27.977 45.972 62.960 61.944 61.927 62.910 62.893 62.879 62.867
53.617 53.572 55.532 56.495 54.462 53.430 54.399 53.368 53.337 53.305 58.271 3.241 0.000 0.000 0.000 0.000 0.000 0.000 0.000 0.000 0.000 0.000 0.000 0.000 1.351 58.131 87.064 89.987 89.959 89.091 96.097 95.979 91.733 89.431 89.283 89.191 89.100 89.014 89.934 69.863 57.814 0.000 0.000 33.936 0.000 33.659 35.607 35.509 30.354 30.229 30.118 30.018 29.932 29.860 29.801 29.756 28.725 25.713 34.721 35.749 28.749 0.000 0.000 34.961 26.960 34.954 40.945 43.933 47.920 53.906 59.893 61.881 61.872
54.673 54.631 54.593 54.559 54.528 53.500 53.473 53.448 53.423 52.395 60.357 11.299 0.000 0.000 0.000 0.000 0.000 0.000 0.000 0.000 0.000 0.000 0.000 0.000 42.505 78.370 89.274 90.163 90.304 88.396 96.204 89.195 90.866 89.547 89.468 89.370 89.276 89.184 90.092 61.997 39.905 0.000 0.000 29.936 0.000 28.711 30.654 30.565 30.454 30.348 30.250 30.160 30.081 30.013 29.957 29.914 27.885 29.869 35.867 32.874 0.000 0.000 0.000 33.949 32.946 31.941 30.933 29.923 28.913 32.902 43.891 39.882 41.875
52.724 52.685 52.651 52.619 52.592 52.567 52.546 53.528 55.512 57.495 32.462 0.000 0.000 0.000 0.000 0.000 0.000 0.000 0.000 0.651 9.639 0.000 0.000 12.829 53.693 84.573 90.463 90.449 89.476 96.389 96.301 92.190 89.893 89.741 89.644 89.547 89.450 89.354 85.255 32.126 0.000 0.000 0.000 29.936 35.913 30.820 30.733 30.642 30.550 30.459 30.373 30.292 30.218 30.155 30.101 30.060 27.030 36.012 36.005 32.005 0.000 0.000 0.000 32.939 31.936 32.930 32.923 32.915 32.906 32.897 31.889 31.881 30.875
53.772 53.736 56.704 60.676 63.652 67.632 69.616 72.606 71.603 63.612 1.665 12.776 36.816 4.839 0.000 0.000 0.000 0.000 0.000 40.663 67.637 7.602 0.000 46.964 79.868 89.756 90.653 90.582 89.805 96.465 88.637 90.320 90.000 89.921 89.820 89.722 89.623 90.526 77.448 0.000 0.000 0.000 0.000 9.960 29.984 30.923 32.817 32.722 30.644 30.567 30.490 30.415 30.347 30.286 30.234 27.193 32.163 35.144 36.136 27.137 0.000 0.000 0.000 16.933 37.927 37.921 34.915 31.907 31.899 32.892 33.885 33.879 32.874
55.815 54.783 61.754 70.729 71.709 70.692 69.681 68.676 65.681 59.700 34.746 51.796 69.834 38.862 22.888 0.000 0.000 0.000 11.724 50.690 64.644 3.568 22.418 64.197 89.055 91.941 90.783 90.995 88.970 96.528 90.627 90.339 90.188 90.093 89.996 89.899 89.795 91.678 35.563 0.000 0.000 0.000 0.000 0.000 26.138 32.072 12.891 12.783 29.738 30.676 30.605 30.534 30.467 30.408 29.357 27.316 36.285 36.265 33.259 27.271 33.323 0.000 0.000 0.000 48.918 63.914 56.907 52.900 48.893 44.887 47.881 47.876 30.872
55.854 55.826 58.801 61.779 60.761 58.747 56.739 54.737 52.744 52.762 61.793 63.828 60.860 57.889 61.913 9.935 0.000 0.000 51.757 81.731 32.682 28.606 62.491 86.349 91.224 91.085 91.206 89.162 96.613 89.040 90.753 90.436 90.362 90.265 90.173 90.081 92.981 49.830 0.000 0.000 0.000 0.000 0.000 0.000 28.360 33.334 0.000 0.000 26.847 30.793 30.721 30.648 30.580 30.521 27.470 35.428 36.396 35.374 26.363 30.364 30.376 0.000 0.000 0.000 16.913 46.909 64.900 63.893 63.886 63.881 63.876 57.872 47.869
55.891 55.866 55.844 54.824 54.809 55.797 55.791 55.790 53.797 54.812 59.835 62.862 58.891 53.918 56.942 11.958 0.000 0.000 43.817 53.793 31.749 64.682 79.591 88.484 91.377 91.316 90.419 97.000 96.757 90.036 90.763 90.618 90.528 90.436 90.349 90.271 93.217 0.000 0.000 8.600 17.600 0.000 0.000 29.721 32.608 31.571 38.617 0.000 27.011 30.929 30.837 30.756 30.686 28.626 30.574 36.531 36.497 28.472 29.454 30.445 30.442 0.000 0.000 0.000 0.000 0.000 46.892 62.884 62.879 62.874 62.870 63.867 63.865
55.926 55.904 55.884 55.866 55.852 55.842 55.836 54.836 53.841 57.853 61.872 61.896 56.923 52.951 57.978 10.996 0.000 0.000 39.900 8.877 55.838 79.781 85.707 91.627 91.488 91.707 89.702 97.217 89.466 91.174 90.859 90.787 90.693 90.603 90.516 97.435 81.401 0.000 4.599 54.600 40.600 0.000 0.000 24.834 32.781 31.725 31.663 37.520 35.258 34.075 30.944 30.853 30.782 27.722 35.670 36.626 32.590 27.561 30.538 30.520 32.505 36.517 0.000 0.000 0.000 0.000 0.000 59.874 62.871 62.868 62.864 63.862 61.859
55.960 55.940 55.921 55.905 55.892 55.882 54.876 53.875 55.879 59.888 62.904 58.926 53.954 52.987 56.021 38.052 25.085 26.072 22.005 22.977 62.944 83.897 89.839 91.744 91.897 89.898 97.595 97.414 90.477 91.188 91.039 90.947 90.855 90.767 95.677 38.554 53.550 23.589 54.599 62.601 0.000 0.000 0.000 24.001 32.956 31.886 31.790 41.641 52.424 26.170 36.011 31.930 28.867 30.810 36.758 35.713 26.676 29.645 30.618 30.591 17.542 18.529 0.000 0.000 0.000 0.000 0.000 40.866 61.864 62.861 62.858 66.856 62.854
55.993 55.974 55.956 55.941 55.928 55.918 53.912 53.910 57.911 64.917 65.929 61.950 56.981 55.021 55.069 57.106 57.131 66.126 7.072 41.083 79.064 86.026 91.976 91.960 91.106 97.917 97.761 90.844 91.621 91.280 91.203 91.105 91.015 90.933 98.872 0.000 36.656 38.617 28.606 30.604 0.000 0.000 0.000 27.213 33.155 32.073 37.969 53.830 30.627 0.000 17.000 29.990 27.946 35.892 36.840 32.794 29.755 30.724 30.700 32.684 0.000 0.000 0.000 0.000 0.000 0.000 32.861 13.861 52.857 62.854 62.852 67.850 62.847
56.025 56.006 55.989 55.974 55.962 54.951 53.944 55.940 62.939 39.941 15.945 14.964 11.998 42.049 59.127 54.173 57.207 38.227 0.260 46.220 84.200 90.174 92.083 92.344 90.382 98.061 91.187 91.960 91.525 91.463 91.355 91.258 91.165 92.079 90.004 11.946 11.801 0.000 0.000 0.000 0.000 0.000 26.643 34.484 32.380 31.283 51.182 55.083 0.000 0.000 0.000 26.084 32.034 36.974 36.917 26.867 30.826 30.795 30.774 33.762 0.000 0.000 0.000 0.000 0.000 0.000 11.861 0.000 40.849 62.848 62.846 68.844 62.842
56.056 56.037 56.020 56.005 54.992 53.982 55.973 58.967 66.964 25.964 0.000 0.000 0.000 0.000 41.216 56.252 57.297 43.348 45.409 71.374 88.353 92.300 92.494 90.534 98.315 98.194 92.172 91.864 91.713 91.606 91.505 91.406 91.309 94.213 79.121 8.033 0.000 0.000 0.000 0.000 0.000 0.000 26.803 33.700 32.596 30.498 58.393 19.238 0.000 0.000 32.357 37.227 37.132 37.052 34.986 29.931 30.889 30.857 30.837 32.829 0.000 36.915 0.000 0.000 0.000 0.000 0.000 0.000 33.842 62.842 62.841 62.840 62.838
56.085 56.066 56.050 56.035 55.021 54.009 57.999 61.992 65.987 23.985 0.000 0.000 0.000 0.000 21.269 64.323 59.382 65.457 78.511 87.518 91.504 92.534 91.705 98.529 98.426 91.518 92.290 91.944 91.858 91.751 91.651 91.553 95.453 58.343 30.232 0.000 0.000 0.000 0.000 0.000 0.000 29.280 34.065 32.917 34.806 31.718 55.656 0.000 0.000 27.644 34.487 50.337 39.215 36.118 32.042 29.984 29.940 30.908 30.890 30.887 35.908 31.915 22.915 0.000 0.000 0.000 29.831 31.832 30.835 62.836 62.836 62.835 62.834
56.111 56.094 56.077 56.062 54.048 56.035 62.024 63.014 61.007 48.005 9.011 0.000 0.000 0.000 0.000 17.387 13.452 53.586 84.660 88.682 92.652 92.845 90.989 98.623 90.838 92.614 92.176 92.108 93.994 92.892 91.794 91.702 97.607 20.475 0.000 0.000 0.000 0.000 0.000 10.853 49.741 49.495 37.262 34.097 44.994 39.914 40.856 1.861 0.000 25.801 30.611 41.418 37.273 41.164 35.082 38.022 36.978 33.947 30.928 29.920 29.922 35.922 0.000 0.000 0.000 0.000 26.830 26.831 36.832 62.832 62.832 62.831 62.831
