results1/res_4e8f-0211.wd
ncols         241
nrows         181
xllcorner     12693529.787448
yllcorner     3542525.717860
cellsize      155.156523
NODATA_value  -9999.000000
[rows 99 to 131 of 181, columns 0 to 72 of 241]
0.000 0.000 0.000 0.000 0.000 61.310 101.310 103.310 94.310 89.310 0.000 0.000 0.000 0.000 0.000 3.306 2.306 69.306 66.306 0.000 0.000 2.306 5.306 64.306 63.306 4.306 0.000 0.000 0.000 11.299 0.000 0.000 0.000 0.000 17.156 63.152 59.143 58.125 59.102 60.075 73.046 62.015 65.980 57.942 59.901 57.856 58.809 63.759 64.706 62.652 66.596 59.538 59.480 61.421 64.358 78.288 79.229 64.182 50.138 0.000 0.000 0.000 0.000 0.000 28.198 83.193 80.182 67.164 42.140 37.116 81.093 58.070 60.047
0.000 0.000 0.000 0.000 0.000 62.310 102.310 102.310 0.000 0.000 0.000 0.000 0.000 0.000 0.000 2.306 14.306 80.306 69.306 7.306 4.306 4.306 67.306 66.306 70.306 1.306 0.000 0.000 0.000 69.299 61.299 0.000 0.000 0.243 76.199 86.193 72.184 65.170 59.151 61.129 80.103 65.073 71.039 71.002 61.961 76.916 68.868 69.817 59.763 67.708 67.650 65.592 59.534 60.476 64.412 61.319 23.255 13.219 0.000 0.000 0.000 0.000 0.000 31.216 68.210 80.204 87.196 77.184 53.169 54.151 68.133 59.115 60.095
7.311 0.311 0.000 0.000 0.000 49.310 98.310 107.310 17.310 0.000 0.000 0.000 0.000 0.000 0.000 1.307 3.306 87.306 68.306 69.306 71.306 68.306 65.306 66.306 64.306 2.306 0.000 0.000 0.000 62.299 62.299 63.297 62.289 62.273 61.247 71.238 80.230 27.220 91.205 81.186 86.163 71.135 16.102 87.065 85.024 83.979 87.930 76.878 59.823 62.765 67.706 67.647 64.589 60.537 49.497 0.000 0.000 0.000 0.000 0.000 0.000 0.000 0.000 41.221 68.221 68.219 79.214 78.208 61.198 61.187 60.175 60.160 60.144
75.311 78.311 10.311 0.000 0.000 59.310 98.310 103.310 113.310 18.310 0.000 0.000 0.000 0.000 9.307 9.307 7.307 24.306 72.306 69.306 87.306 101.306 76.306 61.306 0.306 0.000 0.000 0.000 0.000 0.000 61.301 62.303 62.295 62.286 62.278 61.280 61.279 60.274 61.264 66.248 78.227 72.201 15.169 87.132 88.091 66.045 72.996 89.942 83.885 70.824 60.762 66.699 67.637 70.586 55.541 0.000 0.000 0.000 0.000 0.000 0.000 0.000 0.000 3.228 19.234 65.235 62.235 62.233 60.230 60.225 60.218 60.208 60.196
89.311 72.311 72.311 74.311 76.311 95.310 103.310 103.310 103.310 105.309 79.309 18.309 1.308 67.307 74.307 75.307 37.307 32.306 95.306 103.306 98.306 94.306 77.306 1.306 0.000 0.000 0.000 0.000 0.000 0.000 0.000 62.320 61.304 60.297 61.300 62.324 62.332 62.332 62.327 63.316 82.298 77.273 60.241 62.204 73.162 84.116 61.066 73.010 73.950 66.884 86.819 69.751 61.672 2.629 0.000 0.000 0.000 0.000 0.000 0.000 0.000 0.000 0.000 0.000 11.252 65.254 60.257 60.260 60.263 60.265 60.263 58.259 56.251
104.311 94.311 75.311 79.311 97.311 103.310 103.310 103.310 103.310 98.309 70.309 76.309 4.308 58.308 93.307 101.307 101.307 85.306 100.306 107.306 17.306 0.000 0.000 0.000 0.000 0.000 0.000 0.000 0.000 0.000 0.000 62.352 0.000 0.000 0.000 63.386 62.392 62.397 62.397 63.391 79.375 84.351 61.319 62.281 62.238 80.191 81.140 59.084 67.020 85.944 77.879 55.815 0.000 0.000 0.000 0.000 0.000 0.000 0.000 0.000 0.000 0.000 0.000 0.000 8.268 65.271 60.278 60.288 60.299 59.307 58.312 63.312 64.309
104.311 104.311 99.311 102.311 103.311 103.311 103.310 103.310 103.310 99.309 74.309 91.309 0.000 0.000 71.307 95.307 103.307 104.306 103.306 108.306 11.306 0.000 0.000 0.000 0.000 0.000 0.000 0.000 0.000 0.000 0.000 62.385 1.409 1.429 64.444 62.443 62.453 62.465 62.475 62.474 79.461 84.436 61.402 62.362 62.317 63.270 84.220 78.166 85.101 74.994 55.936 0.000 0.000 0.000 0.000 0.000 0.000 0.000 0.000 0.000 0.000 0.000 0.000 0.000 63.281 60.286 60.296 60.314 60.337 59.353 61.364 65.370 66.373
102.311 103.311 103.311 103.311 103.311 103.311 103.310 103.310 103.310 104.309 99.309 106.309 30.308 9.308 59.307 78.307 101.306 103.306 104.306 92.306 6.306 0.000 0.000 0.000 0.000 0.000 0.000 0.000 0.000 0.000 0.000 56.400 61.415 61.433 60.455 62.488 62.512 62.537 62.562 62.570 79.559 84.531 61.493 62.448 62.400 62.351 67.304 90.260 70.224 0.000 0.000 0.000 0.000 0.000 0.000 0.000 0.000 0.000 0.000 0.000 0.000 0.000 0.000 0.000 16.288 67.295 63.307 64.335 62.383 58.405 65.420 66.432 64.442
99.312 104.312 103.311 103.311 103.311 103.311 103.311 103.310 103.310 103.309 104.309 97.309 81.308 72.308 66.307 93.307 103.306 103.306 108.306 11.306 0.000 0.000 0.000 0.000 0.000 0.000 0.000 0.000 0.000 0.000 0.000 0.000 0.000 0.000 0.000 62.543 62.568 62.611 62.665 62.685 78.672 85.638 62.590 62.536 62.482 62.432 62.385 68.344 21.311 0.000 0.000 0.000 0.000 0.000 0.000 0.000 0.000 0.000 0.000 0.000 0.000 0.000 0.000 0.000 0.000 4.299 2.303 0.000 8.454 67.464 65.478 66.496 63.515
99.312 104.312 103.312 103.312 103.311 103.311 103.311 103.310 103.310 103.310 104.309 89.309 68.308 67.307 76.307 100.306 103.306 103.306 109.306 14.305 5.305 0.000 0.000 0.000 0.000 0.000 0.000 0.000 0.000 0.000 0.000 0.000 0.000 0.000 0.000 58.574 62.605 59.673 62.804 62.831 81.809 85.758 62.692 62.624 62.561 62.508 62.462 59.420 9.366 0.000 0.000 0.000 0.000 0.000 0.000 0.000 0.000 0.000 0.000 0.000 0.000 59.598 0.000 0.000 0.000 0.000 0.000 1.540 63.516 64.519 66.533 66.557 63.590
102.312 103.312 103.312 103.312 103.312 103.311 103.311 103.311 103.310 103.310 103.309 100.309 77.308 78.307 95.307 102.306 103.306 103.305 110.305 27.305 0.000 0.000 0.000 0.000 0.000 0.000 0.000 0.000 0.000 0.000 0.000 0.000 0.000 0.000 0.000 0.000 58.605 0.000 62.045 63.026 90.974 77.893 62.797 62.706 62.632 75.575 65.534 60.510 0.000 0.000 0.000 0.000 0.000 0.000 0.000 0.000 0.000 0.000 0.000 0.000 11.598 70.598 55.598 0.000 0.000 0.000 1.575 64.564 67.556 66.562 63.580 59.610 59.657
103.313 103.313 103.312 103.312 103.312 103.312 103.311 103.311 103.311 103.310 103.309 103.309 105.308 105.307 104.307 103.306 103.305 105.305 94.305 37.304 0.000 0.000 0.000 0.000 0.000 0.000 0.000 0.000 0.000 0.000 0.000 0.000 0.000 0.000 0.000 0.000 0.000 0.000 62.305 63.256 97.168 66.043 62.896 62.773 74.686 83.627 62.590 62.574 61.590 0.000 0.000 0.000 0.000 0.000 0.000 0.000 0.000 0.000 0.000 0.000 0.000 66.598 67.598 54.597 1.595 60.592 62.586 66.582 65.582 63.592 62.613 58.648 66.705
102.313 101.313 103.313 103.313 103.313 103.312 103.312 103.311 103.311 103.310 103.310 103.309 103.308 103.307 103.306 103.306 104.305 87.304 15.304 6.304 64.303 78.303 24.303 0.000 0.000 5.303 0.000 0.000 0.000 0.000 0.000 0.000 0.000 0.000 0.000 4.318 4.289 1.135 58.616 69.523 92.398 63.216 59.971 62.802 62.712 62.657 62.624 62.608 62.606 59.606 0.000 0.000 0.000 0.000 0.000 0.000 0.000 0.000 0.000 0.000 0.599 61.598 57.598 63.598 58.597 66.596 66.594 65.595 61.600 64.611 59.631 58.665 58.721
92.313 92.313 101.313 103.313 103.313 103.313 103.312 103.312 103.311 103.311 103.310 104.309 105.308 103.307 103.306 103.305 103.304 25.304 9.303 64.303 74.303 84.303 83.303 76.303 68.303 9.303 0.000 0.000 0.000 0.000 0.000 0.000 0.000 0.000 4.368 63.348 66.300 66.183 62.957 61.823 70.685 58.450 0.000 58.753 62.703 62.666 62.640 62.626 61.621 0.000 0.000 0.000 0.000 0.000 0.000 0.000 63.599 74.599 0.000 0.000 62.599 60.599 60.599 57.599 65.599 66.599 66.600 63.604 66.610 66.621 64.637 59.658 48.679
74.314 79.314 98.314 104.314 103.314 103.313 103.313 103.312 103.312 103.311 105.310 91.309 87.308 102.307 107.306 104.305 99.304 81.303 84.302 90.302 84.302 85.303 64.303 57.303 3.303 0.303 0.000 0.000 0.000 0.000 0.000 0.336 1.336 0.000 54.387 60.407 63.380 63.311 63.207 63.126 65.070 0.000 0.000 0.000 57.683 62.662 62.646 62.635 62.630 0.630 0.000 0.000 0.000 0.000 0.000 23.599 80.599 62.599 60.599 60.599 60.599 60.599 58.599 63.600 66.600 66.602 62.605 66.609 66.617 65.626 59.637 60.650 50.659
58.314 73.315 92.315 105.315 106.315 106.314 104.314 103.313 104.312 103.311 104.311 42.310 13.308 61.307 79.306 100.304 107.303 105.302 105.301 91.301 14.302 0.000 0.000 0.000 0.000 0.000 0.000 0.000 0.000 9.336 11.336 1.336 1.336 1.336 0.000 59.511 63.503 61.475 62.434 64.405 65.397 0.000 0.000 0.000 0.000 55.654 62.646 62.639 59.635 0.000 0.000 0.000 0.000 0.000 0.000 0.000 22.599 76.599 59.599 59.599 60.599 59.599 59.600 65.600 66.601 64.603 52.607 5.612 70.621 64.629 64.637 64.644 50.649
22.315 44.315 77.316 83.316 77.316 79.315 96.314 104.314 100.313 93.312 92.311 27.310 0.000 0.000 0.000 37.303 72.302 98.300 105.299 2.300 0.000 0.000 0.000 0.000 0.000 0.000 0.000 0.000 0.000 51.336 72.336 17.336 2.336 1.336 0.000 59.624 65.646 64.651 73.650 74.663 64.717 9.873 0.000 0.000 0.000 0.000 59.644 60.641 0.000 0.000 0.000 0.000 0.000 0.000 0.000 0.000 0.000 81.599 84.599 64.599 58.599 56.599 66.600 66.600 61.600 0.000 0.000 0.000 11.626 69.632 66.637 66.641 56.644
0.000 0.000 58.317 67.317 19.317 5.316 68.315 97.315 88.314 84.313 98.312 65.310 25.310 0.000 0.000 0.000 0.000 43.297 74.294 0.000 0.000 0.000 0.000 0.000 0.000 0.000 0.000 0.000 0.000 0.000 56.336 74.336 5.336 0.000 0.000 50.715 64.805 62.835 92.851 85.879 63.935 66.030 12.133 0.000 0.000 0.000 54.644 0.000 0.000 0.000 0.000 0.000 0.000 0.000 0.000 0.000 0.000 0.000 69.599 86.599 71.599 65.599 66.600 61.600 0.000 0.000 0.000 0.000 0.000 61.635 66.637 66.640 61.642
0.000 0.000 54.319 99.319 56.318 5.317 57.316 89.316 91.314 102.313 104.312 107.310 113.309 52.306 21.305 0.000 0.000 0.000 14.287 9.282 0.270 2.259 0.000 0.000 0.000 0.000 0.000 0.000 0.000 0.000 57.336 72.336 2.336 9.336 13.336 0.000 58.026 66.030 96.042 78.068 66.114 65.177 70.237 0.000 0.000 0.000 0.000 0.000 0.000 0.000 0.000 0.000 0.000 0.000 0.000 0.000 0.000 0.000 0.000 7.599 74.599 64.599 62.600 0.000 0.000 0.000 0.000 0.636 60.636 59.636 61.637 55.638 0.000
27.324 42.323 76.321 94.320 102.320 71.319 84.318 107.317 104.315 103.314 103.312 103.311 103.308 109.306 112.303 68.299 27.294 9.289 72.285 86.278 79.268 81.259 37.249 13.240 10.234 0.000 0.000 0.000 0.000 0.000 36.336 58.336 64.336 64.336 67.336 26.336 59.244 88.217 90.218 67.237 65.275 65.329 68.400 13.516 8.568 0.000 0.000 0.000 0.000 0.000 0.000 0.000 0.000 0.000 0.000 0.000 0.000 0.000 0.000 0.000 0.599 0.599 8.600 0.000 0.000 0.000 0.000 62.636 57.636 55.636 0.000 0.000 0.000
100.324 103.324 103.323 101.322 99.321 100.320 102.319 102.318 103.316 104.315 104.313 103.311 96.309 100.306 103.303 107.299 111.294 112.289 104.284 100.277 97.268 92.259 94.248 87.238 43.227 21.216 0.000 0.000 0.000 0.000 0.000 0.000 0.000 0.000 0.000 83.428 72.396 101.377 92.375 79.389 66.419 65.462 65.518 69.582 65.619 0.000 0.000 0.000 0.000 0.000 0.000 0.000 0.000 0.000 0.000 0.000 0.000 0.000 0.000 0.000 0.000 0.000 0.000 0.000 0.000 0.000 0.000 0.000 0.000 0.000 0.000 0.000 0.000
103.325 98.325 96.324 95.324 89.323 86.322 87.321 87.319 93.318 98.316 98.314 91.312 75.309 90.306 103.303 103.299 103.295 103.290 103.284 103.278 104.269 104.259 107.248 108.235 108.221 108.206 47.187 0.000 0.000 0.000 0.000 0.000 0.000 0.000 0.000 55.553 81.534 86.519 70.515 87.526 75.549 65.584 65.627 68.673 11.708 0.000 0.981 0.989 0.000 0.000 0.000 0.000 0.000 0.000 0.000 0.000 0.000 0.000 0.000 0.000 0.000 0.000 0.000 0.000 0.000 0.000 0.000 0.000 0.000 0.000 0.000 0.000 0.000
73.327 46.327 68.326 82.325 80.324 60.323 45.322 41.321 61.319 78.317 77.315 70.313 65.310 75.307 96.304 104.300 103.296 103.291 103.286 103.280 103.272 107.262 82.248 70.233 69.217 73.197 76.169 15.122 4.076 0.719 0.548 0.000 0.000 0.000 0.000 53.695 89.671 72.649 64.642 74.649 85.669 69.698 65.734 65.777 71.830 15.922 9.973 1.997 1.012 7.012 5.012 0.000 0.000 0.000 0.000 0.000 0.000 0.000 0.000 0.000 0.000 0.000 0.000 0.000 0.000 0.000 0.000 0.000 0.000 0.000 0.000 0.000 0.000
63.329 34.328 56.328 71.327 67.326 44.325 30.324 34.322 54.321 68.319 66.317 66.314 67.312 65.309 84.305 101.302 103.298 103.293 103.289 103.283 102.277 65.269 0.000 0.000 0.000 0.000 0.000 0.000 0.000 60.144 80.126 32.099 18.073 14.039 60.978 77.863 94.804 71.763 65.755 63.761 80.778 82.803 68.835 65.871 65.914 68.963 77.998 16.017 11.028 0.000 20.012 0.000 0.000 0.000 0.000 0.000 0.000 0.000 0.000 0.000 0.000 0.000 0.000 0.000 0.000 0.000 0.000 0.000 0.000 0.000 0.000 0.000 0.000
76.331 72.331 67.330 66.329 67.328 69.327 70.326 73.324 72.323 68.321 67.318 67.316 67.313 66.310 73.307 95.304 104.300 103.296 105.292 77.288 43.282 0.000 0.000 0.000 0.000 0.000 0.000 0.000 0.000 25.132 47.119 50.099 54.080 68.067 65.031 85.974 82.921 56.845 63.852 65.863 67.880 80.903 72.930 67.959 65.990 65.019 82.038 73.045 67.045 0.000 0.000 0.000 0.000 0.000 0.000 0.000 0.000 0.000 0.000 0.000 0.000 0.000 0.000 0.000 0.000 0.000 0.000 0.000 0.000 0.000 0.000 0.000 0.000
66.333 67.333 67.332 67.332 67.331 67.330 67.328 67.327 67.325 67.323 67.320 67.318 67.315 67.312 65.309 86.306 103.302 105.299 101.296 27.293 0.000 0.000 0.000 0.000 0.000 0.000 0.000 0.000 0.000 0.000 0.000 0.000 0.000 52.117 69.106 95.082 69.059 0.000 51.944 66.958 64.976 68.998 70.022 79.046 68.068 66.086 65.091 61.080 2.062 0.000 0.000 0.000 0.000 0.000 0.000 0.000 0.000 0.000 0.000 0.000 0.000 0.000 0.000 0.000 0.000 0.000 0.000 0.000 0.000 0.000 0.000 0.000 25.629
67.336 67.336 67.335 67.334 67.333 67.332 67.331 66.329 66.327 67.325 67.323 67.320 67.317 67.314 66.311 74.308 89.304 100.301 88.299 14.297 0.000 0.000 0.000 0.000 0.000 0.000 0.000 0.000 0.000 0.000 0.000 0.000 0.000 29.178 78.196 103.187 13.176 0.000 50.024 68.047 66.070 65.092 73.113 84.134 72.152 66.164 70.161 3.120 0.000 0.000 0.000 0.000 0.000 0.000 0.000 0.000 0.000 0.000 0.000 0.000 0.000 0.000 0.000 0.000 0.000 0.000 0.000 0.000 0.000 0.000 0.000 0.000 82.708
67.339 67.338 67.338 67.337 67.336 67.335 67.333 71.332 72.330 68.328 67.325 67.322 67.320 67.316 67.313 66.310 69.306 78.303 78.300 19.299 0.000 0.000 0.000 0.000 0.000 0.000 20.973 0.000 0.000 0.000 0.000 0.000 0.000 1.330 82.311 97.293 20.282 0.000 34.080 65.137 66.165 66.186 65.205 70.224 72.242 68.258 70.268 0.000 0.000 0.000 0.000 0.000 0.000 0.000 0.000 0.000 0.000 0.000 0.000 0.000 0.000 0.000 0.000 0.000 0.000 0.000 0.000 0.000 0.000 0.000 0.000 66.931 75.840
67.342 67.341 67.341 67.340 67.339 67.338 66.336 78.335 83.333 70.330 67.328 67.325 67.322 67.319 67.315 67.312 67.308 66.305 69.301 50.299 0.000 0.000 0.000 0.000 0.000 62.973 83.973 45.970 36.962 35.951 0.000 0.000 0.000 63.496 105.433 79.393 79.376 6.396 0.000 51.255 68.267 66.281 66.297 64.315 80.334 84.357 78.384 1.477 0.000 0.000 0.000 0.000 0.000 0.000 0.000 0.000 0.000 0.000 0.000 0.000 0.000 0.000 0.000 0.000 0.000 0.000 0.000 0.000 0.000 0.000 41.095 92.023 77.948
67.345 67.345 67.344 67.343 67.342 67.341 66.340 79.338 85.336 69.333 67.331 67.328 67.325 67.321 67.318 67.314 67.310 67.306 67.301 73.297 44.293 0.000 0.000 0.000 2.974 25.974 40.974 62.976 70.965 74.940 48.892 24.827 59.739 97.614 95.532 75.470 57.435 15.415 0.000 51.361 68.366 67.376 70.388 65.404 74.424 97.450 94.489 39.556 3.613 19.640 0.000 0.000 0.000 0.000 0.000 0.000 0.000 45.145 75.145 79.145 0.000 0.000 88.145 149.145 0.000 0.000 0.000 0.000 0.000 0.000 78.167 134.115 117.054
64.349 65.348 66.348 66.347 67.346 67.345 65.343 80.341 83.339 66.337 67.334 67.331 67.328 67.324 67.320 67.316 67.312 67.307 67.301 67.295 73.288 53.278 4.271 0.000 0.000 0.000 0.000 38.996 69.981 65.952 68.909 72.850 84.776 101.689 85.612 53.520 3.477 0.000 0.000 50.461 67.462 70.467 83.476 69.489 79.508 80.532 99.564 103.606 86.644 36.666 0.000 0.000 0.000 0.000 0.000 0.000 0.000 0.000 36.145 64.145 78.145 110.145 148.145 71.145 0.000 0.000 0.000 0.000 0.000 64.379 74.290 75.220 78.156
85.352 80.352 75.352 73.351 69.350 65.349 65.347 80.345 83.343 65.340 67.338 67.335 67.331 67.327 67.323 67.319 66.314 65.308 66.302 66.295 66.286 72.276 49.264 26.249 1.234 0.000 0.000 38.031 76.011 69.980 64.940 77.889 100.826 94.755 62.706 0.000 0.000 0.000 0.000 48.559 66.554 71.554 78.559 73.570 78.585 77.605 90.630 84.660 77.689 50.716 5.747 0.000 0.000 0.000 0.000 0.000 0.000 0.000 0.000 32.145 110.145 113.145 116.145 1.145 11.145 0.145 0.000 7.545 41.545 69.469 138.391 102.328 134.215
105.356 104.356 100.356 95.355 91.354 86.353 81.351 77.349 72.347 66.344 67.342 67.338 67.335 67.331 66.327 68.322 74.316 79.310 78.303 76.295 70.286 65.275 69.261 75.243 39.219 20.184 24.143 58.086 81.051 72.018 67.982 90.939 102.885 58.797 3.751 0.000 0.000 11.736 18.716 52.662 65.642 70.636 86.638 76.645 69.657 62.673 68.693 86.715 83.738 89.760 8.779 0.000 0.000 0.000 0.000 0.000 0.000 0.000 0.000 0.000 0.000 0.000 0.000 0.000 8.145 0.000 0.000 0.000 76.620 67.560 77.493 100.389 76.565
