results1/res_4e8f-0216.wd
ncols         241
nrows         181
xllcorner     12693529.787448
yllcorner     3542525.717860
cellsize      155.156523
NODATA_value  -9999.000000
[rows 99 to 131 of 181, columns 73 to 145 of 241]
60.045 60.020 59.995 58.969 58.941 63.913 66.884 63.857 59.836 59.827 53.828 9.834 0.000 0.000 0.000 0.000 0.000 15.016 72.982 97.937 95.929 95.086 101.752 101.682 94.779 95.474 95.320 95.209 96.103 96.002 94.910 98.833 57.779 0.000 0.000 0.000 0.000 0.000 0.000 35.215 61.139 73.036 40.906 22.702 52.607 55.520 53.424 57.302 54.123 51.869 21.562 46.323 50.196 65.109 71.047 74.000 71.966 66.942 59.926 54.919 49.917 27.913 0.000 0.000 0.000 0.000 22.264 40.264 52.264 76.264 77.264 77.264 77.264
60.095 60.072 59.048 57.021 60.993 65.962 66.929 66.891 60.863 57.847 62.841 62.840 23.841 0.000 17.646 47.594 24.481 4.282 61.187 101.065 96.315 96.330 101.812 94.092 95.879 95.532 95.442 95.329 95.220 95.116 97.023 95.948 31.900 0.000 0.000 0.000 0.000 0.000 3.524 39.397 45.300 56.212 5.143 0.000 47.725 55.665 54.572 58.448 58.275 29.072 0.000 41.226 55.169 60.105 81.053 82.013 81.983 82.962 83.947 81.939 62.935 0.937 0.948 1.952 0.000 0.000 0.000 39.264 52.264 76.264 77.264 77.263 77.263
60.147 59.126 59.103 62.076 65.047 66.015 40.977 4.915 33.878 69.858 42.849 16.844 8.843 0.000 28.699 78.654 75.568 67.453 86.333 97.483 94.470 101.894 95.373 96.178 95.744 95.677 95.559 95.447 95.332 96.219 94.119 82.037 28.972 1.935 0.000 0.000 0.000 3.755 42.652 49.547 47.452 48.370 21.311 0.000 53.904 71.840 64.753 59.640 34.458 0.000 1.187 24.187 14.148 54.088 79.048 83.017 80.993 80.975 80.962 82.954 55.950 49.952 49.954 55.954 0.000 0.000 0.000 16.264 51.263 76.263 77.263 77.263 77.263
59.202 58.183 63.160 66.133 66.104 66.073 31.051 0.000 0.867 12.857 3.853 0.000 0.000 0.000 21.796 84.755 90.685 98.598 98.557 95.681 102.233 102.024 95.340 96.049 95.899 95.789 95.679 95.565 95.444 101.308 51.195 19.109 3.017 0.566 7.441 10.356 0.000 33.857 51.782 47.688 47.593 46.503 52.420 18.332 47.146 73.040 71.960 69.903 0.000 0.000 44.187 0.187 0.000 52.051 81.034 85.015 81.997 80.982 78.971 67.964 48.960 44.958 45.958 29.956 0.000 0.000 0.000 0.000 47.263 76.263 77.263 77.263 73.263
58.260 64.244 66.221 66.194 64.161 70.124 40.101 0.000 0.000 0.000 0.000 0.000 0.000 0.000 32.933 90.886 93.825 97.702 96.938 96.951 102.420 94.727 96.431 96.106 96.018 95.908 95.801 99.692 105.569 60.374 29.245 4.188 0.000 0.000 0.000 7.271 35.186 58.036 51.930 44.829 49.729 53.631 50.533 48.429 62.308 66.213 56.146 64.107 0.000 0.000 12.187 0.000 0.000 58.030 82.022 87.010 85.998 81.986 76.977 45.971 43.967 44.964 51.962 0.000 0.000 0.000 0.000 41.263 45.263 74.263 77.263 77.263 71.263
65.323 66.309 66.288 65.260 43.223 9.159 28.130 30.130 0.000 0.000 0.000 0.000 0.000 24.235 77.117 91.039 93.943 96.101 97.111 102.750 102.592 95.702 96.403 96.241 96.133 96.026 99.924 61.834 21.766 0.000 39.224 25.209 0.000 0.000 0.000 0.000 43.252 77.170 68.072 62.969 57.864 58.758 56.652 57.546 70.442 64.359 48.302 50.274 0.000 0.000 0.000 0.000 0.000 58.018 86.014 51.007 48.997 80.988 83.981 53.976 44.972 49.968 19.965 0.000 0.000 0.000 0.000 14.263 41.263 59.263 75.263 78.263 71.263
66.393 66.382 62.362 66.334 48.311 0.000 19.130 49.130 0.000 0.000 0.000 0.000 14.450 76.354 90.261 96.182 96.153 96.294 103.033 102.895 95.030 96.805 96.453 96.363 96.247 96.138 100.036 71.952 3.896 0.000 9.219 12.214 0.000 0.000 0.000 0.000 30.399 62.320 67.219 77.111 73.000 60.886 63.771 72.659 67.558 55.478 47.428 48.414 22.459 23.471 0.000 0.000 0.000 56.011 90.008 4.005 0.000 29.987 76.983 66.979 47.976 26.972 0.000 0.000 0.000 0.000 0.000 0.000 14.263 38.263 64.263 74.263 67.263
64.470 61.466 60.445 76.403 55.377 0.000 18.130 46.130 0.000 0.000 0.000 8.618 72.546 85.469 95.398 98.278 97.522 95.552 103.160 94.340 96.114 92.672 94.598 96.475 96.359 97.243 91.130 81.043 28.970 0.000 0.000 0.000 0.000 0.000 0.000 17.802 52.624 57.494 57.374 59.257 68.138 71.014 73.887 67.761 54.651 48.569 47.517 46.493 50.493 35.482 0.000 0.000 0.000 45.005 82.004 48.000 36.995 28.989 71.985 77.983 57.981 0.000 0.000 8.986 0.000 0.000 0.000 0.000 0.000 33.263 57.263 62.263 49.263
58.556 67.566 63.548 4.456 5.416 0.000 9.130 9.130 0.000 0.000 0.000 9.690 88.645 90.587 98.498 97.664 96.685 103.385 103.277 96.298 95.985 95.826 95.708 94.590 95.469 97.344 54.198 5.121 0.000 0.000 0.000 0.000 0.000 21.336 38.203 52.979 63.801 60.656 59.527 56.404 57.280 60.147 72.001 72.846 64.717 53.631 46.577 46.549 48.539 0.000 0.000 0.000 0.000 30.002 72.000 49.998 45.994 45.990 77.987 80.985 63.984 26.985 16.986 59.986 0.000 0.000 0.000 0.000 0.000 36.263 60.263 55.263 41.263
59.651 69.693 56.727 0.000 0.000 0.000 6.130 18.130 2.130 0.000 0.934 75.806 85.761 97.704 97.698 96.841 103.577 103.484 95.610 97.385 97.036 96.943 96.823 96.705 98.586 48.465 0.000 0.000 0.000 0.000 0.000 10.796 36.673 53.468 66.294 62.111 60.947 60.803 60.674 61.553 59.430 58.294 32.125 50.904 75.742 57.660 45.612 48.586 46.576 34.582 0.000 0.000 0.000 31.000 63.998 41.997 0.000 0.000 33.987 70.986 59.986 68.986 75.986 34.986 0.000 0.000 0.000 0.000 0.000 11.263 51.263 49.263 42.263
57.744 61.829 60.939 37.103 0.000 0.000 0.000 4.130 7.130 0.000 29.027 88.946 95.887 97.809 97.969 96.092 103.662 95.898 97.679 97.245 97.176 97.055 97.940 98.822 60.704 0.000 0.000 0.000 0.000 0.000 13.078 55.919 66.756 62.571 61.393 61.224 61.071 60.935 60.814 60.702 60.593 69.474 8.299 0.000 43.686 52.655 44.626 53.606 53.596 35.589 0.000 0.000 0.000 0.000 47.995 84.995 52.993 0.000 26.987 71.987 65.987 56.986 56.986 0.000 0.000 0.000 0.000 0.000 0.000 0.000 30.262 41.262 42.262
69.817 7.939 64.097 62.267 51.467 10.588 0.797 0.000 0.000 20.199 79.131 93.065 99.007 97.992 97.147 103.809 103.739 96.846 97.544 97.393 97.283 98.173 100.057 60.939 0.000 0.000 0.000 0.000 11.573 42.452 53.236 65.047 61.859 61.666 58.485 58.321 58.177 59.053 60.944 60.849 63.768 40.709 0.000 0.000 23.661 48.647 47.631 65.618 61.611 0.000 0.000 0.000 0.000 0.000 31.994 76.993 88.992 45.990 71.989 85.988 77.987 53.987 46.987 18.987 0.000 0.000 0.000 0.000 0.000 0.000 36.262 42.262 46.262
51.858 5.013 66.242 56.402 63.547 55.686 16.924 4.184 13.275 80.268 89.229 99.187 98.075 98.343 96.371 103.868 96.134 97.927 97.587 97.504 98.396 99.295 53.176 0.000 0.000 0.000 0.000 3.828 54.694 65.548 63.368 62.175 63.965 63.750 69.559 74.397 69.265 62.154 56.060 59.981 65.921 23.884 0.000 0.000 19.651 51.641 52.632 74.624 62.620 0.000 0.000 0.000 0.000 0.000 19.992 71.992 80.991 85.990 81.989 81.988 85.988 69.987 48.987 49.987 18.987 11.987 0.000 0.000 0.000 38.262 43.262 41.262 46.262
0.000 0.000 34.458 85.550 48.633 0.000 0.000 18.352 78.374 83.368 97.346 98.256 98.536 96.467 103.952 96.391 98.200 97.777 97.720 98.609 95.504 50.435 0.000 0.000 0.000 0.000 10.098 56.962 64.825 62.679 62.511 66.319 41.078 19.811 22.604 39.443 65.332 67.240 68.161 60.096 61.049 22.024 0.000 0.000 0.000 32.635 50.631 57.627 56.625 5.625 0.000 0.000 0.000 0.000 19.991 62.991 75.991 80.990 81.989 82.989 78.988 74.988 59.987 47.987 51.987 57.987 0.000 0.000 0.000 4.262 41.262 42.262 44.262
0.000 0.000 11.582 86.706 73.803 0.000 0.000 25.499 86.500 94.492 98.445 99.641 99.678 104.267 104.075 97.341 98.057 97.919 97.821 92.718 82.576 33.505 0.000 0.000 9.475 45.392 54.234 66.098 62.966 62.830 66.681 44.511 2.322 0.000 0.000 25.438 63.381 60.312 64.247 70.193 70.156 48.138 0.000 0.000 0.000 14.632 52.630 46.628 53.626 4.626 0.000 0.000 0.000 0.000 24.991 49.990 66.990 80.990 75.989 68.989 70.988 31.988 56.987 65.987 58.987 54.987 0.000 0.000 0.000 0.000 1.262 36.262 41.262
0.000 0.000 0.000 14.888 64.071 3.501 13.642 79.643 91.639 98.625 98.645 98.824 104.614 104.445 96.628 98.426 98.094 98.023 90.934 56.866 0.000 0.000 0.000 17.639 63.559 57.466 65.348 63.230 63.112 63.994 41.870 2.708 0.000 0.000 0.000 24.490 66.441 60.380 60.322 62.274 66.243 68.235 20.265 0.000 0.000 0.000 33.629 52.628 27.627 0.000 0.000 0.000 0.000 0.000 17.990 45.990 56.990 63.990 55.989 52.989 17.989 0.000 5.987 49.987 53.987 62.987 0.000 0.000 0.000 0.000 0.000 30.262 41.262
0.000 0.000 0.000 0.000 1.479 13.724 82.783 87.793 98.792 98.729 100.017 100.092 104.773 96.925 98.705 98.274 98.215 88.114 77.027 40.947 0.000 0.000 0.000 57.720 79.654 64.566 56.464 64.359 62.258 65.166 35.097 0.000 0.000 0.000 20.683 55.591 62.515 61.446 61.386 58.338 54.306 56.293 18.295 0.000 0.000 0.000 14.628 59.628 7.628 0.000 0.000 0.000 0.000 0.000 17.990 47.990 46.990 45.989 43.989 49.989 0.000 0.000 0.000 24.987 47.987 65.987 9.987 0.000 0.000 0.000 0.000 1.262 34.262
0.000 0.000 0.000 0.000 0.000 85.974 84.972 98.963 98.923 100.131 100.207 105.065 104.924 97.878 99.563 97.408 83.294 72.200 46.114 0.000 0.000 0.000 51.982 69.866 69.772 76.679 64.582 54.486 60.395 70.313 73.254 36.253 0.000 0.000 19.775 67.675 61.581 61.503 60.437 56.386 50.353 51.334 17.328 0.000 0.000 0.000 0.000 32.628 40.628 0.000 0.000 0.000 0.000 0.000 25.990 49.990 43.990 44.989 44.989 46.989 29.989 0.000 0.000 0.000 34.987 55.987 33.987 7.987 0.000 0.000 0.000 0.000 29.262
0.000 0.000 0.000 0.000 25.349 86.225 98.170 99.135 100.148 102.339 105.331 105.200 97.183 98.948 95.601 84.502 73.358 45.279 0.000 0.000 0.000 54.210 75.098 60.990 52.890 66.794 78.700 66.609 69.521 70.438 57.355 63.251 42.008 4.488 27.967 59.753 55.633 62.546 57.474 49.418 48.383 52.363 14.355 0.000 0.000 0.000 0.000 19.628 59.628 4.628 0.000 0.000 0.000 0.000 0.000 31.989 46.989 44.989 44.989 44.989 52.989 0.000 0.000 0.000 0.000 36.987 47.987 53.987 0.000 0.000 0.000 0.000 0.000
0.000 0.000 0.000 0.000 68.474 94.406 100.354 99.261 99.533 97.616 105.456 97.464 99.230 93.799 82.732 57.613 0.000 0.000 0.000 0.000 54.434 75.322 62.211 51.105 51.004 52.908 63.816 78.728 69.643 54.561 62.479 64.387 38.286 0.000 24.852 84.738 71.650 60.576 54.493 50.430 47.398 48.381 42.374 6.379 0.000 0.000 0.000 0.000 38.628 10.628 0.000 0.000 0.000 0.000 0.000 11.989 48.989 44.989 44.989 44.989 46.989 30.989 0.000 0.000 0.000 17.987 44.987 47.987 0.000 0.000 0.000 0.000 0.000
0.000 0.000 0.000 71.790 68.665 74.582 89.494 100.669 97.735 105.689 105.575 98.396 94.084 82.937 61.832 0.000 0.000 36.033 0.000 6.665 79.546 62.431 51.321 52.214 51.113 54.018 67.928 76.843 77.762 61.686 57.610 68.534 42.463 0.000 0.000 15.695 28.653 10.615 0.000 20.409 51.398 58.388 59.383 45.383 0.000 0.000 0.000 0.000 0.000 0.000 0.000 0.000 0.000 0.000 0.000 12.989 48.989 47.989 50.989 45.989 42.989 51.989 0.000 0.000 0.000 24.987 58.987 63.987 0.000 0.000 0.000 0.000 0.000
0.000 0.000 11.019 72.915 69.815 70.734 80.711 96.877 105.907 105.799 97.675 94.441 82.112 56.037 0.000 0.000 53.080 52.033 33.937 17.783 67.655 51.537 52.425 51.318 52.217 67.123 73.035 36.953 27.878 79.809 65.744 43.674 4.569 0.000 0.000 0.000 0.000 0.000 0.000 17.401 69.396 63.391 60.387 56.386 11.387 0.000 0.000 0.000 0.000 0.000 0.000 0.000 0.000 0.000 0.000 36.989 45.989 20.989 0.000 20.989 45.989 49.989 0.000 0.000 0.000 26.987 62.987 31.987 0.000 0.000 0.000 0.000 0.000
0.000 86.213 74.123 71.033 68.954 69.832 71.076 75.142 106.011 96.916 92.678 82.268 56.225 0.000 0.000 0.000 57.128 55.081 74.994 58.876 51.755 52.637 51.524 54.416 74.315 71.221 52.135 48.056 52.987 80.928 77.881 41.851 0.000 0.000 0.000 0.000 0.000 0.000 0.000 17.398 76.394 76.391 71.389 62.388 7.388 0.000 0.000 0.000 0.000 0.000 0.000 0.000 0.000 0.000 9.989 48.989 50.989 0.000 0.000 5.989 48.989 49.989 0.000 0.000 0.000 0.000 33.987 0.000 0.000 0.000 0.000 0.000 0.000
2.374 84.302 98.226 90.151 75.053 76.210 68.259 106.208 106.111 75.799 80.477 56.375 0.000 0.000 0.000 0.000 59.222 72.171 70.082 51.971 51.851 51.732 62.617 74.508 63.406 52.312 52.227 52.151 53.087 62.036 80.002 75.998 37.052 0.000 0.000 0.000 0.000 0.000 0.000 0.000 62.392 64.391 76.390 77.389 33.388 0.000 0.000 0.000 0.000 0.000 0.000 0.000 0.000 0.000 40.989 50.989 27.989 0.000 0.000 9.989 49.989 47.989 0.000 0.000 0.000 0.000 0.000 0.000 0.000 0.000 0.000 0.000 0.000
20.446 97.396 100.331 100.262 95.236 85.391 106.395 106.302 67.965 62.735 0.000 0.374 0.000 0.000 0.000 0.000 70.368 75.297 51.194 53.073 52.948 64.823 73.704 55.593 52.489 52.394 52.309 52.234 52.172 52.125 61.095 81.087 74.106 48.137 39.149 43.152 12.153 0.000 0.000 0.000 1.391 42.391 82.390 82.389 43.389 0.000 0.000 0.000 0.000 0.000 0.000 0.000 0.000 0.000 29.989 28.989 0.000 0.000 0.000 0.000 29.989 56.989 0.000 0.000 0.000 0.000 0.000 0.000 0.000 0.000 0.000 0.000 0.000
90.568 100.504 100.445 100.333 104.577 95.637 106.486 68.079 70.761 65.429 0.000 0.000 0.000 0.000 0.000 63.737 75.584 52.457 53.322 53.181 61.042 73.909 51.785 52.669 52.563 52.466 52.380 52.305 52.244 52.197 52.165 56.148 57.148 52.155 53.158 60.155 42.154 0.000 0.000 0.000 0.000 0.000 37.389 73.389 36.389 0.000 0.000 0.000 0.000 0.000 0.000 0.000 0.000 0.000 0.000 0.000 0.000 0.000 0.000 0.000 0.000 8.989 0.000 0.000 0.000 0.000 0.000 0.000 0.000 0.000 0.000 0.000 0.000
96.674 96.616 100.530 101.694 98.742 106.661 106.574 72.758 57.219 2.335 5.335 2.335 0.000 0.000 0.000 80.890 57.775 53.623 53.456 55.288 76.131 55.987 52.856 52.737 52.628 52.528 52.439 52.363 52.302 52.254 52.218 51.195 50.182 53.176 35.175 0.000 0.000 0.000 0.000 0.000 0.000 0.000 0.000 66.389 54.389 21.389 0.000 0.000 0.000 0.000 0.000 0.000 0.000 0.000 0.000 0.000 0.000 0.000 0.000 0.000 0.000 0.000 0.000 0.000 0.000 0.000 0.000 0.000 0.000 0.000 0.000 0.000 0.000
75.789 75.725 79.705 75.863 106.832 106.747 84.255 65.475 56.423 0.000 0.334 2.335 0.000 0.000 0.000 56.158 52.004 51.804 50.589 63.386 56.207 50.050 50.915 50.794 50.683 50.578 51.485 52.408 52.346 52.298 51.260 49.231 51.208 51.195 48.189 38.191 41.192 43.192 42.192 44.192 15.192 0.000 0.000 4.389 63.389 35.389 0.000 0.000 0.000 0.000 0.000 0.000 0.000 0.000 0.000 0.000 0.000 0.000 0.000 0.000 0.000 0.000 0.000 0.000 0.000 0.000 0.000 0.000 0.000 0.000 0.000 0.000 0.000
90.905 112.794 78.042 108.101 106.915 66.795 57.396 0.000 71.854 30.209 0.000 0.000 0.000 0.000 99.954 78.579 49.281 57.000 67.711 66.459 62.260 60.093 59.959 59.843 58.732 52.616 48.514 52.436 52.377 52.331 51.294 51.261 55.225 55.205 56.196 66.193 66.192 62.192 55.192 54.192 33.192 0.000 0.000 0.000 22.389 28.389 0.000 0.000 0.000 0.000 0.000 0.000 0.000 0.000 0.000 0.000 0.000 0.000 0.000 0.000 0.000 0.000 0.000 0.000 0.000 0.000 0.000 0.000 0.000 0.000 0.000 0.000 0.000
138.985 117.583 115.630 107.068 106.993 94.882 0.000 38.908 66.908 140.566 116.026 2.302 47.503 36.917 98.330 57.922 55.539 127.204 117.798 113.478 113.280 112.103 110.986 109.887 108.786 79.641 46.520 52.446 52.395 52.356 52.325 44.293 0.000 0.000 0.000 0.000 0.000 0.000 19.192 71.192 50.192 21.192 0.000 0.000 0.000 0.000 0.000 0.000 0.000 0.000 0.000 0.000 0.000 0.000 0.000 0.000 0.000 0.000 0.000 0.000 0.000 0.000 0.000 0.000 0.000 0.000 0.000 0.000 0.000 0.000 0.000 0.000 0.000
97.154 116.742 107.207 107.139 91.399 0.000 0.000 0.000 10.306 62.119 49.858 0.000 28.719 0.000 57.527 54.239 63.752 119.478 0.000 5.374 0.000 56.054 64.995 125.932 38.884 0.000 56.477 52.435 52.400 53.374 35.357 0.000 0.000 0.000 0.000 0.000 0.000 0.000 0.000 24.192 71.192 27.192 0.000 0.000 0.000 0.000 0.000 0.000 0.000 0.000 0.000 0.000 0.000 0.000 0.000 0.000 0.000 0.000 0.000 0.000 0.000 0.000 0.000 0.000 0.000 0.000 0.000 0.000 0.000 0.000 0.000 0.000 0.000
117.911 115.965 107.270 115.889 117.737 38.025 0.000 17.891 44.891 54.747 31.429 8.681 49.934 95.505 94.013 86.754 0.000 38.478 0.000 17.271 39.168 67.064 112.007 74.963 39.935 0.000 0.000 58.415 52.396 53.381 34.372 0.000 0.000 0.000 0.000 0.000 0.000 0.000 0.000 0.000 18.191 57.191 22.191 0.000 0.000 0.000 0.000 0.000 0.000 0.000 0.000 0.000 0.000 0.000 0.000 0.000 0.000 0.000 0.000 0.000 0.000 0.000 0.000 0.000 0.000 0.000 0.000 0.000 0.000 0.000 0.000 0.000 0.000
116.044 107.386 107.330 96.395 39.160 0.000 0.000 0.000 6.621 33.548 0.000 0.000 42.830 86.569 140.266 76.010 0.000 0.000 0.000 0.000 0.000 81.028 116.005 45.979 42.957 0.000 0.000 0.000 57.388 51.383 49.379 47.380 35.380 0.000 0.000 0.000 0.000 0.000 0.000 0.000 13.191 71.191 29.191 0.000 0.000 0.000 0.000 0.000 0.000 0.000 0.000 0.000 0.000 0.000 0.000 0.000 0.000 0.000 0.000 0.000 0.000 0.000 0.000 0.000 0.000 0.000 0.000 0.000 0.000 0.000 0.000 0.000 0.000
