results1/res_4e8f-0065.wd
ncols         241
nrows         181
xllcorner     12693529.787448
yllcorner     3542525.717860
cellsize      155.156523
NODATA_value  -9999.000000
[rows 99 to 131 of 181, columns 0 to 73 of 241]
0.000 0.000 0.000 0.000 0.000 55.995 95.995 97.995 88.993 83.992 0.000 0.000 0.000 0.000 0.000 0.000 0.000 63.988 60.988 0.000 0.000 0.000 0.000 58.970 57.969 0.000 0.000 0.000 0.000 5.068 0.000 0.000 0.000 0.000 10.919 56.914 52.903 51.884 52.858 53.829 66.797 55.762 59.723 51.681 53.635 51.585 52.532 57.476 58.417 56.356 60.293 53.228 53.162 55.094 58.023 71.946 72.881 57.829 43.781 0.000 0.000 0.000 0.000 0.000 21.319 76.317 73.311 60.295 35.278 30.261 74.244 51.228 53.215 53.204
0.000 0.000 0.000 0.000 0.000 56.997 96.997 96.997 0.000 0.000 0.000 0.000 0.000 0.000 0.000 0.000 8.988 74.988 63.988 1.987 0.000 0.000 61.976 60.973 64.972 0.000 0.000 0.000 0.000 63.068 55.068 0.000 0.000 0.000 69.966 79.960 65.950 58.935 52.914 54.889 73.860 58.827 64.790 64.748 55.702 70.652 62.599 63.542 53.482 61.419 61.355 59.289 53.221 54.153 58.081 54.979 16.910 6.869 0.000 0.000 0.000 0.000 0.000 24.298 61.302 73.300 80.294 70.283 46.270 47.256 61.243 52.230 53.218 53.209
2.007 0.000 0.000 0.000 0.000 44.000 93.000 102.000 12.001 0.000 0.000 0.000 0.000 0.000 0.000 0.000 0.000 81.989 62.988 63.987 65.985 62.982 59.979 60.976 58.974 0.000 0.000 0.000 0.000 56.068 56.069 57.067 56.060 56.045 55.018 65.009 74.002 20.991 84.975 74.954 79.928 64.897 9.861 80.819 78.773 77.723 81.669 70.611 53.549 56.485 61.419 61.351 58.282 54.215 43.170 0.000 0.000 0.000 0.000 0.000 0.000 0.000 0.000 34.294 61.291 61.287 72.281 71.273 54.263 54.252 53.241 53.230 53.220 53.212
70.008 73.008 5.007 0.000 0.000 54.002 93.002 98.002 108.002 13.003 0.000 0.000 0.000 0.000 3.994 3.994 1.993 18.991 66.989 63.988 81.986 95.983 70.981 55.978 0.000 0.000 0.000 0.000 0.000 0.000 55.071 56.073 56.067 56.059 56.053 55.057 55.057 54.052 55.041 60.025 72.002 65.972 8.937 80.895 81.849 59.799 66.743 83.684 77.620 64.553 54.484 60.414 61.341 64.256 49.213 0.000 0.000 0.000 0.000 0.000 0.000 0.000 0.000 0.000 12.280 58.277 55.272 55.265 53.256 53.247 53.238 53.229 53.221 52.214
84.008 67.008 67.008 69.007 71.006 90.004 98.004 98.004 98.004 100.004 74.005 13.005 0.000 61.995 68.995 69.994 31.993 26.992 89.991 97.989 92.987 88.984 71.982 0.000 0.000 0.000 0.000 0.000 0.000 0.000 0.000 56.088 55.075 54.070 55.077 56.108 56.118 56.119 56.114 57.102 76.081 71.053 54.018 55.977 66.930 77.879 54.822 66.761 67.694 60.622 80.551 63.482 55.411 0.000 0.000 0.000 0.000 0.000 0.000 0.000 0.000 0.000 0.000 0.000 4.272 58.268 53.264 53.258 53.251 53.243 53.235 51.228 49.221 51.215
99.008 89.008 70.008 74.008 92.007 98.006 98.005 98.005 98.005 93.005 65.005 71.005 0.000 52.995 87.996 95.996 95.995 79.994 94.993 101.991 11.990 0.000 0.000 0.000 0.000 0.000 0.000 0.000 0.000 0.000 0.000 56.117 0.000 0.000 0.000 57.181 56.187 56.193 56.194 57.186 73.169 78.142 55.106 56.063 56.016 73.963 74.907 52.844 60.773 79.689 71.618 49.550 0.000 0.000 0.000 0.000 0.000 0.000 0.000 0.000 0.000 0.000 0.000 0.000 1.264 58.262 53.258 53.253 53.246 52.239 51.233 56.226 57.221 58.215
99.009 99.009 94.009 97.008 98.008 98.007 98.007 98.007 98.006 94.006 69.006 86.006 0.000 0.000 65.998 89.997 97.996 98.996 97.994 102.993 5.992 0.000 0.000 0.000 0.000 0.000 0.000 0.000 0.000 0.000 0.000 56.146 0.000 0.000 58.255 56.248 56.258 56.271 56.282 56.281 73.267 78.239 55.201 56.156 56.106 57.052 77.997 71.937 78.864 68.745 49.681 0.000 0.000 0.000 0.000 0.000 0.000 0.000 0.000 0.000 0.000 0.000 0.000 0.000 56.258 53.257 53.254 53.248 53.242 52.235 54.229 58.224 59.220 59.215
97.010 98.010 98.010 98.010 98.009 98.009 98.008 98.008 98.008 99.007 94.007 101.006 25.005 4.004 54.001 73.000 95.998 97.998 98.997 86.996 0.994 0.000 0.000 0.000 0.000 0.000 0.000 0.000 0.000 0.000 0.000 50.175 55.204 55.233 54.262 56.299 56.324 56.353 56.381 56.390 73.378 78.347 55.304 56.253 56.199 56.144 61.091 84.042 64.002 0.000 0.000 0.000 0.000 0.000 0.000 0.000 0.000 0.000 0.000 0.000 0.000 0.000 0.000 0.000 9.257 60.255 56.251 57.246 55.237 51.231 58.226 59.222 57.218 57.215
94.012 99.012 98.011 98.011 98.011 98.010 98.010 98.010 98.009 98.009 99.008 92.007 76.006 67.005 61.003 88.002 98.001 98.000 102.999 5.998 0.000 0.000 0.000 0.000 0.000 0.000 0.000 0.000 0.000 0.000 0.000 0.000 0.000 0.000 0.000 56.360 56.388 56.436 56.498 56.520 72.507 79.468 56.414 56.353 56.292 56.235 56.183 62.137 15.100 0.000 0.000 0.000 0.000 0.000 0.000 0.000 0.000 0.000 0.000 0.000 0.000 0.000 0.000 0.000 0.000 0.000 0.000 0.000 1.227 60.224 58.222 59.219 56.217 51.214
94.013 99.013 98.013 98.013 98.013 98.012 98.012 98.011 98.011 98.010 99.009 84.008 63.007 62.006 71.005 95.004 98.002 98.002 104.001 9.001 0.000 0.000 0.000 0.000 0.000 0.000 0.000 0.000 0.000 0.000 0.000 0.000 0.000 0.000 0.000 52.395 56.430 53.507 56.655 56.686 75.662 79.605 56.530 56.453 56.382 56.321 56.269 53.223 3.161 0.000 0.000 0.000 0.000 0.000 0.000 0.000 0.000 0.000 0.000 0.000 0.000 52.198 0.000 0.000 0.000 0.000 0.000 0.000 56.219 57.219 59.218 59.217 56.215 52.213
97.015 98.015 98.015 98.015 98.015 98.014 98.014 98.013 98.013 98.012 98.011 95.010 72.009 73.008 90.007 97.005 98.004 98.004 105.003 22.003 0.000 0.000 0.000 0.000 0.000 0.000 0.000 0.000 0.000 0.000 0.000 0.000 0.000 0.000 0.000 0.000 52.430 0.000 55.928 56.908 84.850 71.759 56.650 56.547 56.463 69.398 59.351 54.323 0.000 0.000 0.000 0.000 0.000 0.000 0.000 0.000 0.000 0.000 0.000 0.000 4.198 63.198 48.198 0.000 0.000 0.000 0.000 57.211 60.214 59.215 56.215 52.214 52.213 50.213
98.017 98.017 98.017 98.017 98.017 98.016 98.016 98.016 98.015 98.014 98.013 98.012 100.011 100.010 99.008 98.007 98.006 100.006 89.005 32.004 0.000 0.000 0.000 0.000 0.000 0.000 0.000 0.000 0.000 0.000 0.000 0.000 0.000 0.000 0.000 0.000 0.000 0.000 56.220 57.169 91.072 59.931 56.763 56.623 68.524 77.456 56.414 56.396 55.414 0.000 0.000 0.000 0.000 0.000 0.000 0.000 0.000 0.000 0.000 0.000 0.000 59.198 60.198 47.199 0.000 53.205 55.206 59.209 58.211 56.212 55.212 51.212 59.212 62.212
97.019 96.019 98.019 98.019 98.019 98.019 98.019 98.018 98.018 98.017 98.016 98.014 98.013 98.011 98.010 98.009 99.008 82.008 10.007 1.007 59.008 73.008 19.008 0.000 0.000 0.000 0.000 0.000 0.000 0.000 0.000 0.000 0.000 0.000 0.000 0.000 0.000 0.000 52.563 63.476 86.339 57.131 53.850 56.656 56.553 56.490 56.452 56.433 56.432 53.431 0.000 0.000 0.000 0.000 0.000 0.000 0.000 0.000 0.000 0.000 0.000 54.198 50.199 56.200 51.201 59.204 59.205 58.207 54.209 57.210 52.211 51.211 51.211 44.211
87.021 87.021 96.021 98.022 98.022 98.022 98.021 98.021 98.021 98.020 98.019 99.017 100.015 98.013 98.012 98.011 98.010 20.010 4.009 59.009 69.009 79.008 78.008 71.007 63.007 4.007 0.000 0.000 0.000 0.000 0.000 0.000 0.000 0.000 0.000 57.496 60.433 60.284 56.993 55.834 64.675 52.403 0.000 52.599 56.543 56.499 56.470 56.454 55.448 0.000 0.000 0.000 0.000 0.000 0.000 0.000 56.195 67.195 0.000 0.000 55.197 53.198 53.198 50.200 58.201 59.203 59.204 56.206 59.208 59.209 57.209 52.210 41.210 0.000
69.023 74.024 93.024 99.025 98.025 98.025 98.024 98.024 98.024 98.023 100.022 86.020 82.017 97.015 102.013 99.012 94.012 76.012 79.011 85.010 79.009 80.008 59.008 52.008 0.000 0.000 0.000 0.000 0.000 0.000 0.000 0.000 0.000 0.000 48.560 54.560 57.518 57.426 57.292 57.192 59.125 0.000 0.000 0.000 51.519 56.495 56.476 56.464 56.459 0.000 0.000 0.000 0.000 0.000 0.000 16.195 73.195 55.195 53.195 53.196 53.197 53.197 51.198 56.199 59.200 59.202 55.204 59.206 59.207 58.208 52.208 53.209 43.209 0.000
53.025 68.026 87.027 100.028 101.028 101.028 99.028 98.028 99.028 98.027 99.026 37.024 8.019 56.016 74.014 95.014 102.014 100.014 100.014 86.011 9.010 0.000 0.000 0.000 0.000 0.000 0.000 0.000 0.000 3.580 5.580 0.000 0.000 0.000 0.000 53.667 57.652 55.612 56.557 58.518 59.507 0.000 0.000 0.000 0.000 49.485 56.476 56.469 53.463 0.000 0.000 0.000 0.000 0.000 0.000 0.000 15.195 69.195 52.195 52.196 53.196 52.197 52.198 58.199 59.200 57.201 45.202 0.000 63.207 57.207 57.208 57.208 43.208 0.000
17.026 39.028 72.031 78.032 72.032 74.030 91.032 99.032 95.032 88.032 87.031 22.031 0.000 0.000 0.000 32.014 67.015 93.017 100.019 0.000 0.000 0.000 0.000 0.000 0.000 0.000 0.000 0.000 0.000 45.580 66.580 11.580 0.000 0.000 0.000 53.789 59.810 58.812 67.806 68.817 58.878 4.058 0.000 0.000 0.000 0.000 53.473 54.471 0.000 0.000 0.000 0.000 0.000 0.000 0.000 0.000 0.000 74.195 77.196 57.196 51.196 49.197 59.197 59.198 54.199 0.000 0.000 0.000 4.207 62.207 59.207 59.207 49.207 0.000
0.000 0.000 53.037 62.037 14.037 0.009 63.036 92.036 83.036 79.036 93.037 60.038 20.041 0.000 0.000 0.000 0.000 38.021 69.026 0.000 0.000 0.000 0.000 0.000 0.000 0.000 0.000 0.000 0.000 0.000 50.581 68.581 0.000 0.000 0.000 44.889 58.990 57.020 87.037 80.067 58.129 60.238 6.357 0.000 0.000 0.000 48.473 0.000 0.000 0.000 0.000 0.000 0.000 0.000 0.000 0.000 0.000 0.000 62.196 79.196 64.196 58.197 59.197 54.197 0.000 0.000 0.000 0.000 0.000 54.207 59.207 59.207 54.207 0.000
0.000 0.000 49.043 94.043 51.043 0.019 52.041 84.041 86.041 97.041 99.042 102.043 108.045 47.047 16.048 0.000 0.000 0.000 9.037 4.040 0.000 0.000 0.000 0.000 0.000 0.000 0.000 0.000 0.000 0.000 51.581 66.581 0.000 3.585 7.586 0.000 52.239 60.242 90.255 72.284 60.335 59.408 64.476 0.000 0.000 0.000 0.000 0.000 0.000 0.000 0.000 0.000 0.000 0.000 0.000 0.000 0.000 0.000 0.000 0.194 67.196 57.196 55.197 0.000 0.000 0.000 0.000 0.000 53.206 52.206 54.206 48.207 0.000 0.000
22.055 37.054 71.050 89.048 97.048 66.049 79.047 102.046 99.046 98.046 98.046 98.047 98.048 104.049 107.050 63.050 22.049 4.047 67.044 81.044 74.046 76.046 32.047 8.046 5.046 0.000 0.000 0.000 0.000 0.000 30.581 52.582 58.583 58.585 61.586 20.589 53.485 82.455 84.456 61.478 59.521 59.582 62.664 7.797 2.856 0.000 0.000 0.000 0.000 0.000 0.000 0.000 0.000 0.000 0.000 0.000 0.000 0.000 0.000 0.000 0.000 0.000 1.196 0.000 0.000 0.000 0.000 55.206 50.206 48.206 0.000 0.000 0.000 0.000
95.057 98.056 98.054 96.053 94.052 95.052 97.051 97.051 98.050 99.050 99.050 98.050 91.051 95.051 98.052 102.051 106.051 107.049 99.048 95.047 92.047 87.047 89.047 82.046 38.046 16.046 0.000 0.000 0.000 0.000 0.000 0.000 0.000 0.000 0.000 77.694 66.658 95.637 86.636 73.653 60.687 59.737 59.800 63.873 59.915 0.000 0.000 0.000 0.000 0.000 0.000 0.000 0.000 0.000 0.000 0.000 0.000 0.000 0.000 0.000 0.000 0.000 0.000 0.000 0.000 0.000 0.000 0.000 0.000 0.000 0.000 0.000 0.000 0.000
98.060 93.059 91.058 90.057 84.057 81.056 82.056 82.055 88.054 93.054 93.054 86.054 70.054 85.054 98.054 98.053 98.053 98.052 98.050 98.049 99.049 99.048 102.047 103.047 103.046 103.046 42.046 0.000 0.000 0.000 0.000 0.000 0.000 0.000 0.000 49.836 75.817 80.800 64.797 81.810 69.838 59.877 59.926 62.978 6.016 0.000 0.000 0.000 0.000 0.000 0.000 0.000 0.000 0.000 0.000 0.000 0.000 0.000 0.000 0.000 0.000 0.000 0.000 0.000 0.000 0.000 0.000 0.000 0.000 0.000 0.000 0.000 0.000 0.000
68.063 41.063 63.062 77.062 75.061 55.060 40.060 36.059 56.059 73.058 72.058 65.058 60.057 70.057 91.057 99.056 98.055 98.054 98.053 98.052 98.051 102.049 77.048 65.047 64.046 68.046 71.046 10.046 0.000 0.000 0.000 0.000 0.000 0.000 0.000 47.997 83.972 66.949 58.944 68.954 79.976 64.009 60.050 60.098 66.155 10.253 4.298 0.000 0.000 0.000 0.000 0.000 0.000 0.000 0.000 0.000 0.000 0.000 0.000 0.000 0.000 0.000 0.000 0.000 0.000 0.000 0.000 0.000 0.000 0.000 0.000 0.000 0.000 0.000
58.067 29.067 51.067 66.066 62.065 39.065 25.064 29.064 49.063 63.062 61.062 61.061 62.061 60.060 79.060 96.059 98.058 98.057 98.055 98.054 97.053 60.051 0.000 0.000 0.000 0.000 0.000 0.000 0.000 54.366 74.366 26.365 12.362 8.349 55.299 72.184 89.125 66.082 60.075 58.084 75.104 77.133 63.168 60.208 60.254 63.307 72.343 10.373 5.381 0.000 0.000 0.000 0.000 0.000 0.000 0.000 0.000 0.000 0.000 0.000 0.000 0.000 0.000 0.000 0.000 0.000 0.000 0.000 0.000 0.000 0.000 0.000 0.000 0.000
71.072 67.071 62.071 61.071 62.070 64.069 65.069 68.068 67.068 63.067 62.066 62.065 62.065 61.064 68.063 90.062 99.061 98.060 100.058 72.057 38.055 0.000 0.000 0.000 0.000 0.000 0.000 0.000 0.000 19.366 41.366 44.367 48.371 62.385 59.366 80.315 77.262 51.177 58.189 60.204 62.225 75.251 67.280 62.313 60.346 59.376 76.394 67.396 61.388 0.000 0.000 0.000 0.000 0.000 0.000 0.000 0.000 0.000 0.000 0.000 0.000 0.000 0.000 0.000 0.000 0.000 0.000 0.000 0.000 0.000 0.000 0.000 0.000 15.763
61.076 62.076 62.076 62.075 62.075 62.074 62.074 62.073 62.072 62.071 62.070 62.070 62.069 62.068 60.066 81.065 98.064 100.063 96.062 22.061 0.000 0.000 0.000 0.000 0.000 0.000 0.000 0.000 0.000 0.000 0.000 0.000 0.000 46.456 63.463 89.449 63.430 0.000 46.302 61.318 59.340 63.364 64.390 73.417 62.441 60.459 59.461 55.429 0.000 0.000 0.000 0.000 0.000 0.000 0.000 0.000 0.000 0.000 0.000 0.000 0.000 0.000 0.000 0.000 0.000 0.000 0.000 0.000 0.000 0.000 0.000 0.000 20.935 85.859
62.081 62.081 62.081 62.080 62.080 62.079 62.079 61.078 61.077 62.076 62.075 62.074 62.073 62.071 61.070 69.069 84.067 95.066 83.065 9.064 0.000 0.000 0.000 0.000 0.000 0.000 0.000 0.000 0.000 0.000 0.000 0.000 0.000 23.519 72.582 97.587 7.579 0.000 44.398 62.426 60.452 59.477 67.500 78.522 66.542 60.557 64.564 0.000 0.000 0.000 0.000 0.000 0.000 0.000 0.000 0.000 0.000 0.000 0.000 0.000 0.000 0.000 0.000 0.000 0.000 0.000 0.000 0.000 0.000 0.000 0.000 0.000 78.011 91.957
62.086 62.086 62.086 62.086 62.085 62.084 62.084 66.083 67.082 63.081 62.080 62.079 62.077 62.076 62.074 61.072 64.071 73.069 73.068 14.067 0.000 0.000 0.000 0.000 0.000 0.000 15.691 0.000 0.000 0.000 0.000 0.000 0.000 0.000 76.760 91.738 14.721 0.000 28.466 59.535 60.568 60.591 59.611 64.631 66.649 62.664 64.673 0.000 0.000 0.000 0.000 0.000 0.000 0.000 0.000 0.000 0.000 0.000 0.000 0.000 0.000 0.000 0.000 0.000 0.000 0.000 0.000 0.000 0.000 0.000 0.000 62.236 71.142 71.069
62.092 62.092 62.091 62.091 62.091 62.090 61.089 73.088 78.087 65.086 62.085 62.083 62.082 62.080 62.078 62.076 62.074 61.072 64.070 45.069 0.000 0.000 0.000 0.000 0.000 57.692 78.691 40.689 31.678 30.664 0.000 0.000 0.000 58.092 99.959 73.886 73.845 0.877 0.000 45.679 62.693 60.708 60.724 58.741 74.758 78.776 72.792 0.000 0.000 0.000 0.000 0.000 0.000 0.000 0.000 0.000 0.000 0.000 0.000 0.000 0.000 0.000 0.000 0.000 0.000 0.000 0.000 0.000 0.000 0.000 36.404 87.329 73.252 86.185
62.098 62.098 62.097 62.097 62.096 62.096 61.095 74.094 80.093 64.091 62.090 62.088 62.087 62.085 62.083 62.080 62.078 62.075 62.072 68.070 39.068 0.000 0.000 0.000 0.000 20.692 35.693 57.696 65.682 69.650 43.588 19.504 54.389 92.225 90.098 70.002 51.918 9.908 0.000 45.811 62.816 61.825 64.836 59.850 68.867 91.891 88.927 34.001 0.000 14.162 0.000 0.000 0.000 0.000 0.000 0.000 0.000 0.000 0.000 0.000 0.000 0.000 0.000 0.000 0.000 0.000 0.000 0.000 0.000 0.000 73.479 129.425 112.360 134.268
59.104 60.104 61.103 61.103 62.102 62.102 60.101 75.100 78.099 61.097 62.096 62.094 62.092 62.090 62.087 62.085 62.082 62.078 62.074 62.070 68.066 48.060 0.000 0.000 0.000 0.000 0.000 33.722 64.703 60.667 63.611 67.535 79.438 96.320 80.208 48.105 0.000 0.000 0.000 44.937 61.936 64.939 77.945 63.955 73.970 74.992 94.025 98.075 81.136 31.163 0.000 0.000 0.000 0.000 0.000 0.000 0.000 0.000 0.000 0.000 0.000 0.000 0.000 0.000 0.000 0.000 0.000 0.000 0.000 59.702 69.607 70.534 73.465 92.440
80.110 75.110 70.110 68.109 64.109 60.108 60.107 75.106 78.105 60.103 62.102 62.100 62.098 62.095 62.092 62.089 61.086 60.082 61.077 61.071 61.064 67.055 44.042 21.031 0.000 0.000 0.000 32.767 70.742 64.704 59.653 72.588 95.508 89.409 57.309 0.000 0.000 0.000 0.000 43.063 61.054 66.049 73.050 68.056 73.067 72.083 85.107 79.138 72.170 45.190 0.227 0.000 0.000 0.000 0.000 0.000 0.000 0.000 0.000 0.000 0.000 0.000 0.000 0.000 6.516 0.000 0.000 2.876 36.876 64.796 133.714 97.646 129.529 113.200
100.117 99.117 95.116 90.116 86.115 81.114 76.114 72.112 67.111 61.110 62.108 62.106 62.104 62.101 61.098 63.095 69.091 74.086 73.081 71.074 65.065 60.054 64.040 70.021 33.990 14.953 18.905 52.836 75.794 66.753 62.709 85.658 97.595 53.502 0.000 0.000 0.000 6.298 13.271 47.198 60.169 65.155 81.150 71.152 64.157 57.167 63.181 81.199 78.218 84.235 3.258 0.000 0.000 0.000 0.000 0.000 0.000 0.000 0.000 0.000 0.000 0.000 0.000 0.000 3.516 0.000 0.000 0.000 71.956 62.892 72.820 95.712 71.883 111.338
