results1/res_4e8f-0221.wd
ncols         241
nrows         181
xllcorner     12693529.787448
yllcorner     3542525.717860
cellsize      155.156523
NODATA_value  -9999.000000
[rows 99 to 131 of 181, columns 73 to 145 of 241]
60.062 60.038 60.013 58.986 58.959 63.930 66.902 63.874 59.854 59.844 53.846 9.852 0.000 0.000 0.000 0.000 0.000 15.031 72.998 97.953 95.945 95.101 101.768 101.697 94.794 95.489 95.335 95.224 96.118 96.016 94.925 98.847 57.793 0.000 0.000 0.000 0.000 0.000 0.000 35.266 61.190 73.087 40.957 22.753 52.659 55.572 53.475 57.354 54.174 51.923 21.616 46.378 50.250 65.164 71.101 74.055 72.020 66.996 59.981 54.974 49.972 27.969 0.000 0.000 0.000 0.000 22.316 40.316 52.316 76.316 77.316 77.316 77.316
60.113 60.090 59.066 57.039 61.011 65.980 66.946 66.908 60.880 57.865 62.859 62.858 23.859 0.000 17.662 47.609 24.497 4.297 61.203 101.081 96.330 96.346 101.827 94.107 95.894 95.547 95.457 95.344 95.235 95.130 97.037 95.962 31.913 0.000 0.000 0.000 0.000 0.000 3.576 39.448 45.351 56.263 5.194 0.000 47.777 55.716 54.624 58.499 58.327 29.125 0.000 41.281 55.223 60.159 81.108 82.068 82.038 83.016 84.002 81.994 62.990 0.992 1.002 2.007 0.000 0.000 0.000 39.316 52.316 76.316 77.316 77.316 77.316
60.165 59.144 59.120 62.094 65.065 66.033 40.995 4.933 33.895 69.875 42.866 16.861 8.860 0.000 28.714 78.669 75.583 67.468 86.349 97.499 94.486 101.910 95.389 96.193 95.759 95.692 95.574 95.461 95.347 96.233 94.133 82.051 28.985 1.947 0.000 0.000 0.000 3.807 42.704 49.599 47.504 48.421 21.362 0.000 53.955 71.892 64.805 59.692 34.509 0.000 1.242 24.242 14.202 54.142 79.103 83.072 81.048 81.029 81.016 83.008 56.005 50.007 50.008 56.008 0.000 0.000 0.000 16.316 51.316 76.316 77.316 77.316 77.316
59.220 58.201 63.178 66.151 66.121 66.091 31.068 0.000 0.885 12.874 3.870 0.000 0.000 0.000 21.811 84.771 90.700 98.614 98.572 95.697 102.248 102.040 95.355 96.064 95.914 95.804 95.694 95.580 95.458 101.322 51.209 19.123 3.029 0.575 7.501 10.414 0.000 33.909 51.834 47.739 47.645 46.555 52.471 18.383 47.197 73.091 72.012 69.954 0.000 0.000 44.242 0.241 0.000 52.105 81.089 85.069 82.052 81.037 79.026 68.019 49.014 45.013 46.012 30.010 0.000 0.000 0.000 0.000 47.316 76.316 77.316 77.316 73.315
58.278 64.261 66.239 66.212 64.179 70.141 40.119 0.000 0.000 0.000 0.000 0.000 0.000 0.000 32.948 90.901 93.841 97.717 96.953 96.966 102.435 94.742 96.447 96.121 96.033 95.923 95.816 99.707 105.584 60.388 29.259 4.202 0.000 0.000 0.000 7.327 35.240 58.088 51.982 44.881 49.781 53.682 50.584 48.481 62.359 66.264 56.197 64.159 0.000 0.000 12.241 0.000 0.000 58.085 82.077 87.065 86.052 82.041 77.032 46.026 44.021 45.018 52.017 0.000 0.000 0.000 0.000 41.315 45.315 74.315 77.315 77.315 71.315
65.341 66.327 66.306 65.278 43.240 9.177 28.148 30.148 0.000 0.000 0.000 0.000 0.000 24.251 77.132 91.055 93.959 96.117 97.127 102.765 102.607 95.717 96.418 96.256 96.149 96.041 99.939 61.849 21.781 0.000 39.238 25.223 0.000 0.000 0.000 0.000 43.304 77.222 68.124 63.021 57.916 58.810 56.703 57.597 70.494 64.410 48.353 50.326 0.000 0.000 0.000 0.000 0.000 58.073 86.069 51.061 49.052 81.043 84.036 54.030 45.026 50.023 20.020 0.000 0.000 0.000 0.000 14.315 41.315 59.315 75.315 78.315 71.315
66.411 66.400 62.380 66.352 48.329 0.000 19.148 49.148 0.000 0.000 0.000 0.000 14.465 76.369 90.276 96.197 96.168 96.310 103.048 102.911 95.045 96.820 96.468 96.378 96.263 96.153 100.051 71.967 3.911 0.000 9.233 12.228 0.000 0.000 0.000 0.000 30.451 62.372 67.271 77.163 73.051 60.937 63.822 72.710 67.609 55.530 47.479 48.465 22.511 23.522 0.000 0.000 0.000 56.065 90.063 4.060 0.000 30.041 77.038 67.034 48.031 27.027 0.000 0.000 0.000 0.000 0.000 0.000 14.315 38.315 64.315 74.315 67.315
64.488 61.484 60.463 76.421 55.395 0.000 18.148 46.148 0.000 0.000 0.000 8.633 72.561 85.484 95.413 98.293 97.537 95.567 103.175 94.355 96.129 92.687 94.613 96.490 96.374 97.258 91.145 81.058 28.985 0.000 0.000 0.000 0.000 0.000 0.000 17.853 52.675 57.545 57.426 59.308 68.189 71.066 73.938 67.812 54.703 48.621 47.568 46.545 50.545 35.534 0.000 0.000 0.000 45.060 82.058 48.055 37.049 29.044 72.040 78.037 58.036 0.000 0.000 9.041 0.000 0.000 0.000 0.000 0.000 33.315 57.315 62.315 49.315
58.574 67.584 63.566 4.474 5.434 0.000 9.148 9.148 0.000 0.000 0.000 9.705 88.661 90.603 98.514 97.679 96.701 103.400 103.292 96.313 96.001 95.841 95.723 94.605 95.485 97.359 54.213 5.136 0.000 0.000 0.000 0.000 0.000 21.386 38.254 53.030 63.853 60.708 59.579 56.455 57.331 60.199 72.052 72.897 64.769 53.683 46.629 46.600 48.591 0.000 0.000 0.000 0.000 30.057 72.055 50.053 46.049 46.045 78.042 81.040 64.039 27.040 17.040 60.041 0.000 0.000 0.000 0.000 0.000 36.315 60.315 55.315 41.315
59.669 69.711 56.745 0.000 0.000 0.000 6.148 18.148 2.148 0.000 0.949 75.822 85.776 97.719 97.714 96.857 103.593 103.499 95.625 97.400 97.051 96.958 96.839 96.720 98.601 48.480 0.000 0.000 0.000 0.000 0.000 10.846 36.724 53.519 66.345 62.162 60.998 60.854 60.725 61.604 59.481 58.345 32.176 50.955 75.793 57.711 45.664 48.637 46.627 34.634 0.000 0.000 0.000 31.055 64.053 42.052 0.000 0.000 34.042 71.041 60.041 69.041 76.041 35.041 0.000 0.000 0.000 0.000 0.000 11.315 51.315 49.315 42.315
57.762 61.847 60.957 37.121 0.000 0.000 0.000 4.148 7.148 0.000 29.042 88.961 95.903 97.825 97.984 96.107 103.678 95.913 97.695 97.260 97.191 97.071 97.955 98.837 60.719 0.000 0.000 0.000 0.000 0.000 13.127 55.969 66.805 62.621 61.444 61.275 61.122 60.986 60.865 60.753 60.644 69.525 8.350 0.000 43.738 52.706 44.678 53.658 53.647 35.641 0.000 0.000 0.000 0.000 48.050 85.050 53.048 0.000 27.042 72.042 66.041 57.041 57.041 0.000 0.000 0.000 0.000 0.000 0.000 0.000 30.315 41.315 42.315
69.835 7.957 64.115 62.286 51.486 10.606 0.813 0.000 0.000 20.215 79.146 93.080 99.022 98.008 97.162 103.824 103.755 96.862 97.560 97.408 97.298 98.188 100.072 60.955 0.000 0.000 0.000 0.000 11.621 42.500 53.285 65.097 61.909 61.716 58.535 58.371 58.228 59.103 60.995 60.900 63.819 40.760 0.000 0.000 23.713 48.699 47.682 65.670 61.663 0.000 0.000 0.000 0.000 0.000 32.048 77.048 89.047 46.045 72.044 86.043 78.042 54.042 47.042 19.042 0.000 0.000 0.000 0.000 0.000 0.000 36.315 42.315 46.315
51.876 5.031 66.261 56.420 63.566 55.704 16.941 4.200 13.291 80.284 89.244 99.202 98.091 98.358 96.386 103.884 96.149 97.942 97.603 97.519 98.411 99.310 53.191 0.000 0.000 0.000 0.000 3.875 54.741 65.596 63.416 62.224 64.016 63.801 69.610 74.448 69.316 62.205 56.111 60.032 65.971 23.935 0.000 0.000 19.703 51.693 52.683 74.676 62.671 0.000 0.000 0.000 0.000 0.000 20.047 72.047 81.046 86.045 82.044 82.043 86.043 70.042 49.042 50.042 19.042 12.042 0.000 0.000 0.000 38.315 43.315 41.315 46.315
0.000 0.000 34.477 85.569 48.652 0.000 0.000 18.368 78.390 83.383 97.362 98.271 98.551 96.483 103.968 96.407 98.216 97.793 97.735 98.625 95.520 50.450 0.000 0.000 0.000 0.000 10.145 57.009 64.872 62.726 62.559 66.368 41.129 19.862 22.655 39.493 65.383 67.290 68.211 60.147 61.100 22.074 0.000 0.000 0.000 32.686 50.682 57.678 56.676 5.677 0.000 0.000 0.000 0.000 20.046 63.046 76.045 81.045 82.044 83.044 79.043 75.043 60.042 48.042 52.042 58.042 0.000 0.000 0.000 4.315 41.315 42.315 44.315
0.000 0.000 11.601 86.725 73.823 0.000 0.000 25.514 86.516 94.507 98.460 99.656 99.694 104.282 104.091 97.357 98.072 97.934 97.836 92.734 82.591 33.521 0.000 0.000 9.521 45.438 54.280 66.144 63.013 62.877 66.727 44.558 2.371 0.000 0.000 25.488 63.431 60.362 64.297 70.244 70.206 48.189 0.000 0.000 0.000 14.684 52.681 46.679 53.678 4.677 0.000 0.000 0.000 0.000 25.046 50.045 67.045 81.045 76.044 69.044 71.043 32.043 57.042 66.042 59.042 55.042 0.000 0.000 0.000 0.000 1.315 36.315 41.315
0.000 0.000 0.000 14.908 64.091 3.515 13.657 79.659 91.654 98.640 98.661 98.840 104.630 104.460 96.643 98.442 98.109 98.038 90.949 56.882 0.000 0.000 0.000 17.685 63.604 57.512 65.394 63.275 63.158 64.040 41.915 2.751 0.000 0.000 0.000 24.540 66.492 60.430 60.372 62.324 66.293 68.285 20.315 0.000 0.000 0.000 33.680 52.679 27.679 0.000 0.000 0.000 0.000 0.000 18.045 46.045 57.045 64.045 56.044 53.044 18.044 0.000 6.042 50.042 54.042 63.042 0.000 0.000 0.000 0.000 0.000 30.315 41.315
0.000 0.000 0.000 0.000 1.495 13.739 82.798 87.808 98.807 98.744 100.032 100.107 104.789 96.940 98.720 98.290 98.230 88.129 77.043 40.962 0.000 0.000 0.000 57.765 79.700 64.611 56.510 64.405 62.304 65.211 35.142 0.000 0.000 0.000 20.732 55.640 62.565 61.496 61.436 58.388 54.357 56.343 18.346 0.000 0.000 0.000 14.680 59.679 7.679 0.000 0.000 0.000 0.000 0.000 18.045 48.045 47.045 46.045 44.044 50.044 0.000 0.000 0.000 25.042 48.042 66.042 10.042 0.000 0.000 0.000 0.000 1.315 34.315
0.000 0.000 0.000 0.000 0.000 85.988 84.987 98.978 98.938 100.146 100.222 105.081 104.939 97.893 99.579 97.423 83.309 72.216 46.129 0.000 0.000 0.000 52.027 69.911 69.818 76.724 64.628 54.532 60.440 70.359 73.300 36.299 0.000 0.000 19.824 67.724 61.631 61.552 60.487 56.437 50.403 51.384 17.379 0.000 0.000 0.000 0.000 32.679 40.679 0.000 0.000 0.000 0.000 0.000 26.045 50.045 44.045 45.044 45.044 47.044 30.044 0.000 0.000 0.000 35.042 56.042 34.042 8.042 0.000 0.000 0.000 0.000 29.315
0.000 0.000 0.000 0.000 25.364 86.240 98.185 99.150 100.163 102.354 105.346 105.215 97.198 98.963 95.616 84.518 73.373 45.294 0.000 0.000 0.000 54.255 75.143 61.035 52.935 66.840 78.746 66.654 69.567 70.483 57.401 63.297 42.055 4.535 28.016 59.802 55.682 62.596 57.524 49.468 48.433 52.414 14.406 0.000 0.000 0.000 0.000 19.679 59.679 4.679 0.000 0.000 0.000 0.000 0.000 32.045 47.044 45.044 45.044 45.044 53.044 0.000 0.000 0.000 0.000 37.042 48.042 54.042 0.000 0.000 0.000 0.000 0.000
0.000 0.000 0.000 0.000 68.489 94.421 100.369 99.276 99.548 97.631 105.471 97.479 99.245 93.815 82.748 57.629 0.000 0.000 0.000 0.000 54.478 75.366 62.256 51.150 51.049 52.953 63.861 78.773 69.688 54.607 62.524 64.433 38.332 0.000 24.901 84.787 71.699 60.626 54.543 50.480 47.448 48.431 42.425 6.429 0.000 0.000 0.000 0.000 38.679 10.679 0.000 0.000 0.000 0.000 0.000 12.044 49.044 45.044 45.044 45.044 47.044 31.044 0.000 0.000 0.000 18.042 45.042 48.042 0.000 0.000 0.000 0.000 0.000
0.000 0.000 0.000 71.805 68.680 74.597 89.509 100.685 97.750 105.705 105.590 98.412 94.099 82.953 61.847 0.000 0.000 36.076 0.000 6.709 79.591 62.476 51.365 52.259 51.158 54.063 67.973 76.888 77.808 61.731 57.656 68.579 42.509 0.000 0.000 15.745 28.703 10.664 0.000 20.460 51.448 58.438 59.433 45.433 0.000 0.000 0.000 0.000 0.000 0.000 0.000 0.000 0.000 0.000 0.000 13.044 49.044 48.044 51.044 46.044 43.044 52.044 0.000 0.000 0.000 25.042 59.042 64.042 0.000 0.000 0.000 0.000 0.000
0.000 0.000 11.034 72.930 69.830 70.749 80.726 96.892 105.922 105.815 97.690 94.457 82.127 56.052 0.000 0.000 53.124 52.076 33.980 17.827 67.700 51.581 52.469 51.363 52.262 67.168 73.079 36.998 27.923 79.854 65.789 43.720 4.614 0.000 0.000 0.000 0.000 0.000 0.000 17.451 69.446 63.441 60.437 56.436 11.437 0.000 0.000 0.000 0.000 0.000 0.000 0.000 0.000 0.000 0.000 37.044 46.044 21.044 0.000 21.044 46.044 50.044 0.000 0.000 0.000 27.042 63.042 32.042 0.000 0.000 0.000 0.000 0.000
0.000 86.228 74.138 71.048 68.970 69.848 71.092 75.157 106.026 96.931 92.693 82.283 56.241 0.000 0.000 0.000 57.171 55.125 75.038 58.919 51.799 52.681 51.568 54.461 74.360 71.266 52.179 48.101 53.032 80.973 77.927 41.897 0.000 0.000 0.000 0.000 0.000 0.000 0.000 17.448 76.444 76.441 71.439 62.438 7.438 0.000 0.000 0.000 0.000 0.000 0.000 0.000 0.000 0.000 10.044 49.044 51.044 0.042 0.000 6.044 49.044 50.044 0.000 0.000 0.000 0.000 34.042 0.000 0.000 0.000 0.000 0.000 0.000
2.389 84.317 98.241 90.166 75.068 76.226 68.274 106.223 106.126 75.814 80.492 56.390 0.000 0.000 0.000 0.000 59.266 72.214 70.126 52.014 51.895 51.776 62.661 74.552 63.450 52.356 52.271 52.196 53.132 62.081 80.048 76.043 37.097 0.000 0.000 0.000 0.000 0.000 0.000 0.000 62.442 64.441 76.440 77.439 33.439 0.000 0.000 0.000 0.000 0.000 0.000 0.000 0.000 0.000 41.044 51.044 28.044 0.000 0.000 10.044 50.044 48.044 0.000 0.000 0.000 0.000 0.000 0.000 0.000 0.000 0.000 0.000 0.000
20.461 97.411 100.346 100.277 95.251 85.407 106.410 106.317 67.981 62.751 0.000 0.390 0.000 0.000 0.000 0.000 70.411 75.340 51.237 53.117 52.991 64.867 73.749 55.637 52.533 52.438 52.353 52.279 52.217 52.170 61.140 81.132 74.151 48.181 39.194 43.197 12.198 0.000 0.000 0.000 1.442 42.441 82.440 82.439 43.439 0.000 0.000 0.000 0.000 0.000 0.000 0.000 0.000 0.000 30.044 29.044 0.000 0.000 0.000 0.000 30.044 57.044 0.000 0.000 0.000 0.000 0.000 0.000 0.000 0.000 0.000 0.000 0.000
90.583 100.519 100.461 100.348 104.593 95.652 106.501 68.095 70.777 65.444 0.000 0.000 0.000 0.000 0.000 63.780 75.627 52.500 53.365 53.225 61.086 73.953 51.829 52.713 52.607 52.510 52.424 52.350 52.289 52.242 52.209 56.193 57.193 52.200 53.203 60.200 42.199 0.000 0.000 0.000 0.000 0.000 37.440 73.439 36.439 0.000 0.000 0.000 0.000 0.000 0.000 0.000 0.000 0.000 0.000 0.000 0.000 0.000 0.000 0.000 0.000 9.044 0.000 0.000 0.000 0.000 0.000 0.000 0.000 0.000 0.000 0.000 0.000
96.690 96.631 100.545 101.709 98.757 106.677 106.590 72.774 57.236 2.351 5.350 2.350 0.000 0.000 0.000 80.932 57.818 53.666 53.499 55.332 76.174 56.030 52.900 52.781 52.672 52.572 52.483 52.408 52.347 52.299 52.263 51.240 50.227 53.221 35.220 0.000 0.000 0.000 0.000 0.000 0.000 0.000 0.000 66.439 54.439 21.439 0.000 0.000 0.000 0.000 0.000 0.000 0.000 0.000 0.000 0.000 0.000 0.000 0.000 0.000 0.000 0.000 0.000 0.000 0.000 0.000 0.000 0.000 0.000 0.000 0.000 0.000 0.000
75.804 75.740 79.720 75.878 106.847 106.762 84.271 65.492 56.441 0.000 0.350 2.350 0.000 0.000 0.000 56.200 52.047 51.847 50.632 63.429 56.250 50.094 50.959 50.838 50.727 50.622 51.529 52.452 52.391 52.343 51.305 49.276 51.253 51.240 48.234 38.236 41.237 43.237 42.237 44.237 15.237 0.000 0.000 4.439 63.439 35.439 0.000 0.000 0.000 0.000 0.000 0.000 0.000 0.000 0.000 0.000 0.000 0.000 0.000 0.000 0.000 0.000 0.000 0.000 0.000 0.000 0.000 0.000 0.000 0.000 0.000 0.000 0.000
90.920 112.809 78.057 108.117 106.930 66.811 57.412 0.000 71.874 30.230 0.000 0.000 0.000 0.000 99.995 78.620 49.322 57.042 67.754 66.502 62.303 60.137 60.003 59.887 58.776 52.660 48.559 52.481 52.422 52.376 51.339 51.306 55.269 55.250 56.241 66.238 66.237 62.237 55.237 54.237 33.237 0.000 0.000 0.000 22.439 28.439 0.000 0.000 0.000 0.000 0.000 0.000 0.000 0.000 0.000 0.000 0.000 0.000 0.000 0.000 0.000 0.000 0.000 0.000 0.000 0.000 0.000 0.000 0.000 0.000 0.000 0.000 0.000
139.000 117.598 115.645 107.083 107.009 94.897 0.000 38.930 66.930 140.588 116.047 2.325 47.545 36.958 98.371 57.962 55.581 127.246 117.840 113.521 113.324 112.147 111.030 109.931 108.830 79.685 46.564 52.491 52.439 52.401 52.370 44.338 0.000 0.000 0.000 0.000 0.000 0.000 19.237 71.237 50.237 21.237 0.000 0.000 0.000 0.000 0.000 0.000 0.000 0.000 0.000 0.000 0.000 0.000 0.000 0.000 0.000 0.000 0.000 0.000 0.000 0.000 0.000 0.000 0.000 0.000 0.000 0.000 0.000 0.000 0.000 0.000 0.000
97.169 116.757 107.222 107.154 91.414 0.000 0.000 0.000 10.330 62.143 49.882 0.000 28.757 0.000 57.567 54.279 63.793 119.519 0.000 5.417 0.000 56.098 65.039 125.976 38.928 0.000 56.521 52.479 52.444 53.418 35.402 0.000 0.000 0.000 0.000 0.000 0.000 0.000 0.000 24.237 71.237 27.237 0.000 0.000 0.000 0.000 0.000 0.000 0.000 0.000 0.000 0.000 0.000 0.000 0.000 0.000 0.000 0.000 0.000 0.000 0.000 0.000 0.000 0.000 0.000 0.000 0.000 0.000 0.000 0.000 0.000 0.000 0.000
117.926 115.980 107.286 115.905 117.752 38.040 0.000 17.917 44.917 54.773 31.456 8.712 49.969 95.542 94.051 86.792 0.000 38.519 0.000 17.314 39.211 67.108 112.050 75.007 39.979 0.000 0.000 58.460 52.441 53.426 34.417 0.000 0.000 0.000 0.000 0.000 0.000 0.000 0.000 0.000 18.237 57.237 22.236 0.000 0.000 0.000 0.000 0.000 0.000 0.000 0.000 0.000 0.000 0.000 0.000 0.000 0.000 0.000 0.000 0.000 0.000 0.000 0.000 0.000 0.000 0.000 0.000 0.000 0.000 0.000 0.000 0.000 0.000
116.059 107.401 107.345 96.410 39.175 0.000 0.000 0.000 6.648 33.575 0.000 0.000 42.865 86.605 140.303 76.047 0.000 0.000 0.000 0.000 0.000 81.072 116.048 46.023 43.001 0.000 0.000 0.000 57.432 51.427 49.424 47.424 35.425 0.000 0.000 0.000 0.000 0.000 0.000 0.000 13.236 71.236 29.236 0.000 0.000 0.000 0.000 0.000 0.000 0.000 0.000 0.000 0.000 0.000 0.000 0.000 0.000 0.000 0.000 0.000 0.000 0.000 0.000 0.000 0.000 0.000 0.000 0.000 0.000 0.000 0.000 0.000 0.000
