results1/res_4e8f-0200.wd
ncols         241
nrows         181
xllcorner     12693529.787448
yllcorner     3542525.717860
cellsize      155.156523
NODATA_value  -9999.000000
[rows 132 to 164 of 181, columns 0 to 72 of 241]
96.305 101.305 105.304 105.303 107.302 107.301 101.299 92.297 78.295 67.293 66.290 67.287 66.283 65.279 70.275 84.270 95.264 100.258 100.250 97.242 89.232 80.220 71.205 65.187 70.164 72.135 71.101 72.063 70.031 65.001 78.972 101.944 68.920 0.000 0.000 0.000 8.703 60.697 72.692 69.672 71.658 77.650 95.651 81.657 65.666 64.678 64.693 76.709 97.728 38.747 11.771 6.805 0.000 0.000 0.000 0.000 0.000 0.000 0.000 0.000 0.000 0.089 3.090 1.090 28.090 8.015 11.939 52.843 75.702 79.605 79.499 89.587 117.054
74.309 76.309 79.309 85.308 95.307 101.306 106.304 106.302 99.300 85.297 74.294 68.291 72.288 79.284 92.279 107.274 106.268 103.261 103.254 106.245 106.235 102.223 90.209 78.192 70.171 65.147 66.120 65.092 66.065 74.041 96.020 104.002 15.990 0.000 0.000 0.000 18.709 46.715 64.740 73.737 74.726 71.715 72.719 82.725 77.732 70.740 74.750 82.762 95.775 36.791 22.811 28.839 8.869 0.000 0.000 0.000 0.000 0.000 0.000 0.000 0.000 0.000 0.000 0.000 10.165 0.000 59.963 81.886 77.768 86.743 77.808 117.174 105.934
66.314 66.314 66.314 68.313 73.312 77.310 84.309 93.307 101.305 104.302 98.299 96.296 98.293 101.288 100.284 93.279 84.273 82.266 82.259 87.250 93.240 100.229 103.216 102.200 91.182 81.162 76.141 74.119 83.098 99.079 100.064 86.053 19.048 0.000 0.000 0.000 0.000 0.000 47.817 74.809 53.794 41.765 56.784 71.792 86.797 90.801 92.806 93.812 89.821 16.831 3.842 31.871 28.898 16.927 22.939 16.944 0.000 0.000 0.000 0.000 0.000 0.000 44.380 14.330 80.240 102.177 135.034 91.009 86.063 67.023 103.090 107.614 107.523
67.319 67.319 67.319 67.318 66.317 65.316 67.314 72.312 78.310 88.308 98.305 100.301 93.298 83.294 77.289 69.284 65.279 65.272 65.265 67.257 72.247 78.237 85.224 97.211 102.195 104.179 103.161 99.144 102.128 95.114 77.103 69.098 48.101 6.123 0.000 0.000 0.000 0.000 40.902 73.888 16.878 0.000 49.863 74.862 93.862 101.861 87.860 90.860 76.864 34.871 0.886 58.906 27.927 19.943 30.947 30.949 1.951 0.000 0.000 0.000 0.000 31.483 50.430 123.372 152.296 135.179 118.735 117.683 109.355 107.997 107.877 107.750 72.972
67.325 67.324 67.324 67.323 67.322 67.321 67.320 66.318 66.316 69.313 75.310 74.307 70.304 66.300 66.295 66.290 67.285 67.279 67.272 67.264 66.256 65.246 67.235 73.223 80.210 89.196 97.182 93.168 82.156 70.145 66.138 71.134 79.136 55.144 33.151 33.143 19.119 20.076 56.001 76.962 26.952 8.967 68.941 100.932 102.927 81.922 84.914 83.904 71.904 60.914 11.916 39.927 13.960 1.970 14.957 1.953 3.954 1.949 0.000 0.000 0.000 12.538 75.484 81.405 77.394 78.554 76.530 108.317 108.216 108.110 75.312 78.093 79.967
67.330 67.330 67.330 67.329 67.328 67.327 67.325 67.324 67.322 67.319 66.316 66.313 66.310 67.306 67.302 67.297 67.292 67.286 67.280 67.273 67.265 67.256 67.247 66.236 65.225 66.214 70.203 68.192 67.182 71.174 74.168 73.165 71.165 73.167 73.166 70.158 70.139 74.108 49.064 35.009 23.999 42.008 87.003 100.998 80.992 73.984 72.970 52.936 48.935 11.965 0.058 0.000 2.023 4.023 0.000 0.000 7.962 22.944 37.901 7.838 21.759 84.616 91.605 89.679 87.666 88.748 108.505 108.413 89.551 96.345 89.202 94.977 86.821
67.336 67.336 67.335 67.335 67.334 67.333 67.331 67.330 67.328 67.326 67.323 67.320 67.316 67.313 67.309 67.304 67.300 67.294 67.289 66.282 73.275 75.267 67.259 66.250 65.241 66.232 68.222 71.214 74.206 73.200 68.196 69.193 76.192 79.192 75.189 69.183 66.171 75.154 6.138 0.000 9.030 82.061 91.067 78.065 70.060 90.053 36.047 0.000 0.000 2.082 3.111 3.110 3.080 4.074 0.000 0.000 32.989 74.963 103.921 64.860 97.748 105.909 102.873 101.965 108.763 108.681 108.595 101.632 103.512 103.213 102.076 101.011 18.930
67.342 67.342 67.342 67.341 67.340 67.339 67.338 67.336 67.334 67.332 70.330 70.327 68.323 72.320 70.316 67.312 67.308 67.303 66.298 64.292 75.286 83.279 69.272 66.264 68.257 71.249 73.242 72.235 69.229 71.225 76.222 78.220 79.219 79.218 74.216 68.213 77.207 96.201 15.195 0.000 0.000 56.138 79.138 76.135 80.128 100.121 34.117 0.000 3.157 3.134 3.142 3.137 3.113 5.120 0.000 31.087 83.044 98.998 101.934 106.937 104.106 101.098 108.988 108.916 108.842 100.935 101.723 102.600 102.283 102.258 95.192 72.102 0.000
67.348 67.348 67.348 67.347 67.347 67.346 67.345 67.343 67.341 68.339 75.337 75.334 52.330 20.327 41.323 71.320 65.317 68.313 74.308 77.303 77.297 73.291 69.285 70.279 73.272 72.266 71.260 73.255 77.251 77.248 79.246 78.245 69.245 64.245 66.246 79.246 98.245 108.245 30.247 0.000 0.000 31.216 87.213 89.207 96.199 95.185 31.184 0.000 3.180 1.182 2.184 3.186 0.000 9.173 35.172 79.138 101.069 104.093 103.188 103.195 102.291 109.122 109.056 101.134 101.937 102.803 102.592 102.451 102.410 94.346 86.305 0.000 0.000
67.355 67.355 67.354 67.354 67.353 67.352 67.351 67.350 67.349 69.347 78.344 89.341 65.338 2.335 8.329 56.328 82.326 74.322 72.318 72.314 70.309 69.304 71.299 73.293 71.288 67.283 69.278 81.275 83.272 73.270 67.269 64.270 64.271 69.273 83.275 99.278 96.282 80.288 52.300 20.327 14.328 58.298 87.289 69.284 60.273 52.236 17.250 1.299 1.233 22.225 13.225 3.237 0.000 28.228 79.212 101.141 103.348 102.348 102.463 109.309 109.249 109.187 101.192 103.080 102.795 102.672 102.620 102.550 96.477 83.416 73.380 0.000 0.000
67.361 67.361 67.361 67.360 67.360 67.359 67.359 67.358 67.356 69.355 79.353 66.350 22.344 4.345 0.000 24.339 78.336 70.333 72.329 71.325 69.321 72.317 73.312 70.307 67.303 63.299 73.296 87.293 74.291 64.291 65.292 70.294 80.297 91.300 102.305 95.310 73.317 68.326 87.338 94.354 95.360 99.358 74.360 35.367 7.375 0.000 1.447 1.454 0.000 35.240 22.255 2.301 33.323 79.275 101.308 103.510 102.536 109.472 109.420 109.366 101.454 102.256 103.148 102.849 102.837 102.780 102.707 103.619 91.541 62.459 51.419 9.419 3.419
66.368 66.368 67.368 67.367 67.367 67.367 67.366 67.365 67.364 70.363 80.362 51.361 0.000 10.357 48.358 50.352 67.348 69.344 57.341 39.337 77.333 72.329 68.326 67.322 65.318 67.315 83.312 86.310 68.310 71.311 83.313 92.317 101.321 99.326 87.333 73.340 66.349 82.361 86.374 74.388 55.401 53.412 41.427 21.449 10.483 4.553 2.574 22.590 17.608 0.000 0.000 27.370 79.428 102.550 103.584 101.705 109.570 109.522 101.612 102.426 103.307 103.117 102.997 102.976 102.925 102.876 105.809 69.679 49.610 0.000 0.000 0.000 0.000
75.375 73.375 70.374 68.374 65.374 65.374 65.374 65.373 64.373 69.372 81.371 64.371 45.373 53.368 71.366 67.362 64.358 70.355 65.352 52.349 72.346 66.342 65.339 65.336 67.332 81.329 89.327 55.326 47.327 97.330 102.334 97.339 86.345 76.352 68.360 64.369 75.380 87.393 55.408 30.425 13.443 4.463 21.488 20.519 10.557 11.602 14.631 42.644 26.626 0.000 0.000 59.664 101.707 100.842 109.705 109.662 109.617 101.646 103.543 103.270 103.165 103.137 105.096 100.048 102.019 102.993 113.972 0.000 0.000 0.000 0.000 0.000 0.000
76.383 78.382 84.380 85.380 85.381 82.381 83.382 82.381 81.381 81.380 83.380 66.379 70.379 69.377 66.374 69.372 69.369 68.366 73.364 75.361 69.358 63.355 65.352 67.350 81.347 86.344 75.341 69.341 78.342 101.346 84.353 75.360 67.367 65.376 67.385 66.396 80.408 89.423 53.440 29.460 17.483 19.510 22.543 14.580 15.623 21.667 23.704 16.728 0.000 0.000 37.908 79.927 109.823 109.786 109.747 101.876 102.684 103.585 103.296 103.295 104.255 104.211 77.169 55.109 90.110 104.105 109.115 49.173 0.000 0.000 0.000 0.000 0.000
69.392 63.390 16.385 18.385 27.388 74.389 71.390 71.390 71.389 75.389 84.388 65.388 66.387 65.385 68.384 72.381 73.379 71.377 70.375 73.373 74.371 71.368 65.366 82.363 88.360 79.357 85.354 102.353 99.355 81.361 69.371 65.381 67.390 67.399 66.409 71.421 87.435 89.451 81.470 84.492 55.519 17.552 9.591 8.638 20.688 27.740 17.789 14.838 6.867 33.033 81.078 109.891 109.858 102.014 102.826 103.715 103.530 103.418 103.405 104.360 102.321 96.283 21.263 0.000 72.206 107.203 104.210 103.230 0.000 0.000 0.000 0.000 0.000
67.402 59.402 0.000 0.397 9.398 70.398 66.398 66.398 66.398 70.398 84.397 62.396 66.396 70.394 72.393 73.391 70.390 67.388 65.387 67.385 77.383 90.382 85.380 86.378 63.375 57.371 109.365 95.362 62.363 22.372 42.391 70.402 67.411 67.421 69.432 62.444 46.459 36.476 48.496 88.520 64.549 17.586 12.634 7.692 16.751 21.814 15.879 20.938 21.022 59.163 109.940 101.200 104.941 103.848 103.664 103.556 103.534 103.500 104.461 104.426 69.389 45.336 31.337 34.345 85.304 106.290 102.292 93.308 11.342 0.000 0.000 0.000 0.000
67.412 67.414 50.418 0.408 10.407 71.407 67.407 67.407 66.407 67.406 82.406 69.405 72.405 74.404 73.403 68.402 65.400 66.399 66.398 65.397 75.396 98.395 94.394 81.393 74.391 65.386 41.372 30.366 17.365 0.000 23.419 72.425 67.432 69.441 52.452 26.466 11.481 8.499 50.519 67.542 36.571 8.610 11.666 16.745 23.811 19.884 13.975 7.055 10.348 58.389 110.003 104.088 103.852 103.675 103.662 103.629 103.590 103.555 101.522 92.493 25.472 0.000 42.404 101.395 106.375 104.363 98.360 88.366 6.377 0.000 0.000 0.000 0.000
64.421 66.422 63.424 0.000 6.417 71.416 66.416 64.416 66.416 70.415 74.415 73.414 73.414 71.413 65.412 66.412 66.411 67.410 67.409 72.409 90.408 89.408 82.408 91.409 89.409 60.410 0.000 0.000 0.000 0.000 21.442 72.445 67.452 70.460 41.471 3.484 37.500 63.518 83.539 52.560 4.581 0.652 0.723 5.810 15.863 15.942 16.047 10.285 6.914 110.183 110.095 102.993 103.843 103.745 103.714 103.677 103.643 105.610 90.579 73.553 33.533 9.525 57.480 87.456 96.437 105.425 94.420 83.420 5.422 0.000 0.000 0.000 0.000
71.429 69.430 58.430 0.000 57.426 65.426 67.425 71.425 72.424 73.424 71.424 72.423 70.423 66.423 66.422 67.422 67.421 66.421 68.421 91.421 90.421 72.421 85.422 83.424 87.427 85.434 48.451 4.461 13.466 43.467 48.461 68.463 67.469 67.477 62.488 54.501 71.517 70.535 64.557 86.580 34.603 0.679 0.748 9.836 14.889 12.968 14.063 38.208 62.598 110.265 105.317 105.069 104.811 103.799 103.762 103.728 104.694 102.662 57.632 34.606 46.583 47.562 101.534 103.512 83.494 93.481 88.474 61.471 26.470 0.000 0.000 0.000 0.000
72.437 73.437 70.438 58.440 72.436 72.435 72.434 73.434 73.433 74.433 86.433 68.433 66.432 66.432 67.432 67.432 67.432 68.432 82.432 93.432 68.433 72.434 99.436 91.438 79.442 82.449 85.458 69.465 74.470 89.473 82.474 70.477 63.483 63.491 74.502 90.515 77.531 49.550 21.572 76.600 65.638 14.698 17.757 22.823 18.891 9.978 12.044 53.324 105.572 110.342 102.297 104.951 105.882 103.846 103.811 103.777 96.743 86.712 43.682 14.655 23.630 24.607 85.583 127.562 108.545 84.532 76.524 55.519 64.518 17.518 0.000 3.725 7.725
77.445 77.445 73.445 73.445 73.444 74.443 74.443 70.442 67.442 66.442 29.442 19.442 70.442 67.442 67.442 67.442 66.442 69.442 93.443 79.444 64.445 70.446 87.448 104.451 99.455 96.460 94.467 90.472 86.477 85.481 93.484 90.488 84.495 80.503 83.513 87.526 49.542 13.561 12.583 28.610 24.650 9.702 18.752 28.808 24.877 15.976 9.136 52.389 110.485 110.415 105.189 107.036 103.925 103.895 104.859 100.824 84.791 77.760 83.730 89.702 73.676 95.652 110.629 127.609 136.592 120.579 82.570 87.565 62.563 0.000 0.000 0.000 0.000
16.452 17.452 77.451 72.452 72.452 67.451 64.451 66.451 61.451 14.451 14.451 3.451 71.451 67.451 67.451 67.452 67.452 85.453 92.453 65.454 67.456 67.458 70.460 76.463 78.466 78.471 74.476 77.480 93.485 86.489 77.493 80.498 87.504 91.512 94.522 91.535 66.550 31.569 14.589 13.607 0.000 2.711 13.740 22.781 6.829 0.000 22.349 82.596 110.552 102.528 106.257 105.996 103.981 103.941 104.906 99.871 86.837 52.806 59.775 102.747 113.720 145.695 136.673 108.652 96.635 113.622 92.612 86.607 61.607 0.634 0.000 0.000 0.000
3.460 12.459 26.456 81.459 66.460 64.460 66.460 66.460 67.460 14.460 5.460 60.460 68.460 67.461 67.461 67.462 69.462 93.463 78.464 64.465 67.467 67.469 67.471 66.474 66.477 66.481 65.485 72.489 101.493 80.497 11.502 19.506 31.512 82.520 92.529 76.540 81.556 68.575 20.597 17.621 2.654 7.689 20.717 12.746 0.000 0.000 40.516 110.681 110.617 105.411 107.153 103.063 104.025 103.988 103.951 103.916 90.882 53.850 68.819 105.790 101.763 135.737 130.714 99.692 104.674 90.660 71.650 89.645 67.646 1.660 0.000 0.000 0.000
65.468 61.468 0.000 73.468 83.468 84.468 65.468 77.468 84.468 60.468 58.469 68.469 67.470 67.470 67.471 67.471 86.472 90.473 65.474 67.475 66.477 65.479 67.481 67.484 67.487 67.490 66.494 74.498 103.501 84.505 30.509 3.514 54.519 79.525 92.533 71.543 61.556 20.579 13.604 16.627 14.651 22.675 26.693 0.720 0.000 19.432 81.687 110.742 102.664 106.389 106.132 104.112 104.070 104.032 103.995 104.960 95.926 84.893 107.861 132.832 120.803 137.777 134.752 128.730 135.710 101.694 78.682 88.676 96.675 25.679 0.000 0.000 0.000
67.477 66.477 61.480 67.477 66.477 14.476 88.476 80.476 67.477 68.477 68.478 67.478 67.479 67.479 67.480 70.481 93.482 76.483 66.484 67.485 73.487 81.489 67.492 65.494 67.497 66.500 69.503 93.506 101.510 76.513 64.517 52.520 74.525 73.529 34.534 19.541 16.549 0.000 5.615 5.630 6.648 7.668 9.681 0.000 22.478 79.641 101.820 110.802 103.626 104.271 104.195 104.153 104.114 104.075 104.038 105.002 95.967 78.934 74.902 107.871 97.842 111.814 114.788 102.764 104.742 76.724 53.710 67.701 134.698 87.700 22.710 12.716 34.720
67.484 67.485 67.485 67.485 67.484 61.484 77.484 93.485 69.485 66.486 67.486 67.487 67.488 67.489 66.490 89.491 91.492 65.493 67.494 68.495 65.497 27.499 86.502 81.504 68.507 66.509 84.512 103.515 87.518 67.521 67.524 68.527 71.530 75.533 12.535 13.538 0.000 2.608 17.610 0.000 0.629 0.000 0.000 0.000 45.583 102.769 110.914 110.859 103.510 104.346 104.231 104.196 104.155 104.117 104.079 103.043 88.008 89.974 109.942 128.910 127.880 132.850 137.823 124.796 122.771 109.749 58.732 56.721 132.715 96.714 34.714 27.717 92.722
67.492 67.492 67.492 67.492 67.492 67.492 67.492 78.493 93.493 69.494 66.495 67.496 67.497 65.498 73.499 94.500 74.501 66.502 68.503 66.504 8.507 5.509 74.512 75.514 81.516 80.518 88.521 87.523 68.526 66.528 68.531 71.533 76.535 76.537 0.000 0.000 0.000 4.606 28.607 15.607 16.608 15.608 0.000 6.662 53.817 107.981 110.968 102.846 104.563 104.299 104.280 104.236 104.196 104.157 104.120 104.083 90.048 86.013 106.980 107.947 107.916 110.885 110.855 109.826 114.798 87.770 63.749 78.736 93.729 32.726 0.000 0.000 36.727
67.499 69.499 69.499 67.499 67.500 67.500 67.500 67.501 78.502 93.503 69.504 64.505 64.506 81.507 93.508 87.510 64.511 67.512 63.512 9.511 6.517 60.519 67.522 67.524 73.526 90.528 90.529 83.532 76.534 68.536 55.538 25.540 90.541 70.542 0.000 0.000 0.000 3.604 17.604 10.606 24.607 13.607 0.000 6.802 26.902 111.073 111.021 103.715 104.451 104.357 104.317 104.275 104.235 104.196 104.159 105.122 100.086 90.051 85.017 83.984 83.951 83.919 83.888 87.856 61.823 5.783 31.757 87.744 83.738 44.736 6.739 0.000 35.731
68.506 5.506 6.506 67.506 66.507 65.507 65.508 64.509 64.510 77.511 92.512 85.513 92.515 94.516 81.518 65.519 72.521 72.522 60.524 0.000 8.529 71.530 67.532 69.533 93.535 100.537 78.538 69.540 76.542 83.543 71.545 7.546 50.548 68.549 0.000 0.000 0.000 4.600 10.602 7.604 21.605 0.000 0.000 6.862 12.180 111.123 108.964 104.680 104.421 104.399 104.354 104.313 104.273 104.234 104.197 104.160 105.124 104.089 102.054 101.019 100.985 101.952 103.920 77.888 19.856 0.000 16.751 72.746 103.743 94.742 67.741 43.740 60.736
67.513 66.513 1.513 66.514 77.514 81.515 85.516 90.517 93.518 94.519 94.520 94.522 80.523 67.525 83.527 100.529 101.531 101.533 94.536 72.542 7.540 68.541 66.542 75.543 103.544 90.546 67.547 66.548 68.549 71.551 62.552 7.553 27.555 27.556 0.000 0.000 0.000 10.595 5.598 0.000 4.605 0.000 14.877 16.100 6.563 111.172 112.914 108.554 104.476 104.432 104.390 104.349 104.310 104.271 104.234 104.197 104.161 104.126 104.090 104.054 105.018 107.985 79.952 12.920 0.000 5.787 0.000 17.746 73.746 104.746 95.745 71.744 48.738
67.520 69.520 65.521 67.521 82.522 81.522 77.523 73.524 72.526 68.527 89.529 79.530 90.532 81.534 97.536 93.538 86.541 87.543 98.546 104.549 93.550 94.551 86.552 94.553 102.554 75.555 66.556 67.557 67.557 66.558 66.559 68.560 63.562 12.565 72.571 63.576 2.581 4.587 0.000 0.000 0.000 5.872 83.919 81.123 111.264 111.219 106.790 107.621 104.504 104.467 104.425 104.384 104.345 104.307 104.270 104.234 104.198 104.163 104.127 106.090 111.049 80.016 19.984 0.000 0.000 2.787 1.787 0.000 14.748 65.750 100.751 50.750 0.000
69.527 5.527 64.527 67.528 67.528 67.529 66.530 67.532 69.533 67.535 79.537 74.539 83.541 94.543 82.545 67.548 68.550 69.553 70.556 75.558 88.560 98.561 104.562 102.563 91.563 67.564 67.564 67.565 67.565 67.566 68.566 91.567 64.568 4.570 68.573 18.577 12.580 5.583 0.000 0.000 0.000 15.857 104.062 106.274 111.307 105.121 104.830 104.565 104.545 104.499 104.458 104.418 104.380 104.342 104.306 104.270 104.235 104.200 106.165 91.128 45.074 12.045 0.000 4.788 2.788 22.787 29.787 0.000 0.000 36.757 98.757 50.757 0.000
70.533 3.533 64.534 67.534 67.535 67.536 67.538 68.539 6.541 66.543 70.545 81.547 81.549 89.552 94.554 80.557 65.560 65.563 65.565 67.568 69.570 70.571 71.572 71.573 70.573 69.573 65.573 65.573 66.573 67.573 78.573 92.573 63.573 57.574 59.575 0.000 0.000 5.583 0.000 0.000 0.000 19.949 103.071 111.392 111.350 103.978 104.709 104.615 104.573 104.531 104.490 104.451 104.413 104.376 104.340 104.305 104.271 104.237 109.206 65.182 0.000 0.000 2.790 0.789 2.788 17.787 24.787 0.000 0.000 39.763 99.763 58.763 0.000
