results1/res_4e8f-0209.wd
ncols         241
nrows         181
xllcorner     12693529.787448
yllcorner     3542525.717860
cellsize      155.156523
NODATA_value  -9999.000000
[rows 99 to 131 of 181, columns 73 to 145 of 241]
60.013 59.989 59.964 58.937 58.910 63.882 66.853 63.826 59.805 59.796 53.797 9.803 0.000 0.000 0.000 0.000 0.000 14.988 72.954 97.910 95.902 95.058 101.725 101.654 94.752 95.447 95.293 95.183 96.077 95.976 94.885 98.807 57.753 0.000 0.000 0.000 0.000 0.000 0.000 35.124 61.048 72.945 40.815 22.611 52.516 55.429 53.333 57.212 54.032 51.775 21.466 46.227 50.099 65.013 70.950 73.903 71.869 66.845 59.830 54.822 49.819 27.815 0.000 0.000 0.000 0.000 22.172 40.172 52.172 76.172 77.172 77.172 77.171
60.064 60.041 59.016 56.990 60.962 65.931 66.897 66.860 60.832 57.816 62.810 62.809 23.810 0.000 17.619 47.566 24.454 4.254 61.159 101.038 96.287 96.303 101.784 94.065 95.852 95.505 95.416 95.303 95.194 95.090 96.998 95.923 31.875 0.000 0.000 0.000 0.000 0.000 3.433 39.306 45.209 56.121 5.052 0.000 47.634 55.574 54.481 58.357 58.184 28.979 0.000 41.130 55.072 60.008 80.957 81.917 81.887 82.865 83.850 81.842 62.839 0.841 0.852 1.857 0.000 0.000 0.000 39.172 52.171 76.171 77.171 77.171 77.171
60.116 59.095 59.071 62.045 65.015 65.984 40.946 4.884 33.846 69.826 42.818 16.813 8.811 0.000 28.671 78.626 75.540 67.425 86.305 97.456 94.443 101.867 95.346 96.151 95.717 95.650 95.532 95.420 95.306 96.193 94.093 82.013 28.949 1.913 0.000 0.000 0.000 3.663 42.560 49.456 47.361 48.279 21.220 0.000 53.813 71.749 64.662 59.549 34.366 0.000 1.091 24.091 14.051 53.991 78.951 82.921 80.896 80.878 80.865 82.857 55.854 49.857 49.858 55.858 0.000 0.000 0.000 16.171 51.171 76.171 77.171 77.171 77.171
59.170 58.151 63.128 66.102 66.072 66.042 31.019 0.000 0.836 12.825 3.822 0.000 0.000 0.000 21.768 84.728 90.657 98.571 98.529 95.654 102.205 101.997 95.313 96.022 95.872 95.762 95.652 95.539 95.418 101.282 51.170 19.085 2.994 0.550 7.335 10.254 0.000 33.765 51.690 47.596 47.502 46.412 52.328 18.240 47.055 72.949 71.869 69.812 0.000 0.000 44.091 0.090 0.000 51.954 80.937 84.918 81.900 80.886 78.875 67.867 48.863 44.862 45.862 29.860 0.000 0.000 0.000 0.000 47.171 76.171 77.171 77.171 73.171
58.229 64.212 66.190 66.162 64.129 70.092 40.070 0.000 0.000 0.000 0.000 0.000 0.000 0.000 32.905 90.858 93.798 97.674 96.910 96.923 102.393 94.700 96.404 96.079 95.991 95.881 95.774 99.666 105.543 60.349 29.220 4.163 0.000 0.000 0.000 7.172 35.091 57.943 51.837 44.737 49.638 53.540 50.442 48.338 62.217 66.122 56.054 64.016 0.000 0.000 12.091 0.000 0.000 57.934 81.925 86.914 85.901 81.890 76.881 45.874 43.870 44.868 51.866 0.000 0.000 0.000 0.000 41.171 45.171 74.171 77.171 77.171 71.171
65.292 66.278 66.256 65.228 43.191 9.127 28.098 30.098 0.000 0.000 0.000 0.000 0.000 24.208 77.089 91.012 93.916 96.074 97.084 102.722 102.564 95.675 96.375 96.214 96.107 95.999 99.898 61.807 21.740 0.000 39.200 25.184 0.000 0.000 0.000 0.000 43.158 77.077 67.980 62.877 57.773 58.667 56.561 57.454 70.351 64.268 48.210 50.183 0.000 0.000 0.000 0.000 0.000 57.922 85.917 50.910 48.901 80.891 83.884 53.879 44.875 49.872 19.869 0.000 0.000 0.000 0.000 14.171 41.171 59.171 75.171 78.171 71.170
66.361 66.351 62.330 66.302 48.279 0.000 19.098 49.098 0.000 0.000 0.000 0.000 14.422 76.326 90.233 96.154 96.125 96.267 103.005 102.868 95.003 96.778 96.426 96.336 96.221 96.111 100.009 71.926 3.870 0.000 9.194 12.189 0.000 0.000 0.000 0.000 30.307 62.229 67.128 77.020 72.908 60.795 63.680 72.568 67.467 55.387 47.336 48.322 22.368 23.379 0.000 0.000 0.000 55.914 89.911 3.908 0.000 29.890 76.886 66.883 47.879 26.876 0.000 0.000 0.000 0.000 0.000 0.000 14.171 38.170 64.170 74.170 67.170
64.437 61.434 60.413 76.371 55.345 0.000 18.098 46.098 0.000 0.000 0.000 8.590 72.518 85.441 95.370 98.250 97.494 95.525 103.132 94.312 96.086 92.645 94.571 96.448 96.332 97.216 91.103 81.017 28.943 0.000 0.000 0.000 0.000 0.000 0.000 17.711 52.533 57.402 57.283 59.166 68.047 70.923 73.796 67.670 54.560 48.478 47.426 46.402 50.402 35.391 0.000 0.000 0.000 44.909 81.907 47.903 36.898 28.892 71.889 77.886 57.884 0.000 0.000 8.889 0.000 0.000 0.000 0.000 0.000 33.170 57.170 62.170 49.170
58.524 67.533 63.516 4.424 5.384 0.000 9.098 9.098 0.000 0.000 0.000 9.662 88.618 90.560 98.471 97.637 96.658 103.357 103.249 96.271 95.958 95.799 95.680 94.563 95.443 97.317 54.171 5.094 0.000 0.000 0.000 0.000 0.000 21.246 38.113 52.889 63.711 60.566 59.436 56.313 57.189 60.056 71.910 72.755 64.626 53.540 46.486 46.458 48.448 0.000 0.000 0.000 0.000 29.905 71.904 49.901 45.897 45.893 77.890 80.888 63.887 26.888 16.889 59.889 0.000 0.000 0.000 0.000 0.000 36.170 60.170 55.170 41.170
59.619 69.661 56.694 0.000 0.000 0.000 6.098 18.098 2.098 0.000 0.907 75.778 85.733 97.676 97.671 96.814 103.550 103.457 95.583 97.357 97.009 96.915 96.796 96.678 98.559 48.438 0.000 0.000 0.000 0.000 0.000 10.708 36.585 53.379 66.204 62.021 60.856 60.713 60.584 61.462 59.339 58.203 32.034 50.813 75.651 57.569 45.521 48.495 46.485 34.491 0.000 0.000 0.000 30.903 63.901 41.900 0.000 0.000 33.890 70.889 59.889 68.889 75.889 34.889 0.000 0.000 0.000 0.000 0.000 11.170 51.170 49.170 42.170
57.711 61.796 60.906 37.070 0.000 0.000 0.000 4.098 7.098 0.000 29.001 88.919 95.860 97.782 97.941 96.064 103.635 95.870 97.652 97.217 97.149 97.028 97.912 98.795 60.677 0.000 0.000 0.000 0.000 0.000 12.991 55.831 66.667 62.482 61.304 61.134 60.981 60.845 60.724 60.612 60.503 69.383 8.209 0.000 43.595 52.564 44.535 53.515 53.504 35.498 0.000 0.000 0.000 0.000 47.898 84.898 52.896 0.000 26.890 71.890 65.890 56.889 56.889 0.000 0.000 0.000 0.000 0.000 0.000 0.000 30.170 41.170 42.170
69.784 7.906 64.064 62.234 51.434 10.555 0.768 0.000 0.000 20.172 79.103 93.038 98.979 97.965 97.119 103.781 103.712 96.819 97.517 97.366 97.255 98.146 100.030 60.912 0.000 0.000 0.000 0.000 11.489 42.367 53.150 64.960 61.770 61.577 58.395 58.231 58.088 58.963 60.854 60.759 63.678 40.619 0.000 0.000 23.570 48.556 47.540 65.527 61.520 0.000 0.000 0.000 0.000 0.000 31.897 76.896 88.895 45.893 71.892 85.891 77.890 53.890 46.890 18.890 0.000 0.000 0.000 0.000 0.000 0.000 36.170 42.170 46.170
51.825 4.980 66.209 56.368 63.514 55.655 16.895 4.156 13.248 80.241 89.201 99.160 98.048 98.316 96.343 103.841 96.107 97.900 97.560 97.477 98.369 99.268 53.149 0.000 0.000 0.000 0.000 3.745 54.610 65.464 63.282 62.087 63.876 63.661 69.470 74.308 69.176 62.065 55.970 59.892 65.831 23.795 0.000 0.000 19.560 51.550 52.541 74.533 62.529 0.000 0.000 0.000 0.000 0.000 19.895 71.895 80.894 85.893 81.892 81.891 85.891 69.890 48.890 49.890 18.890 11.890 0.000 0.000 0.000 38.170 43.170 41.170 46.170
0.000 0.000 34.424 85.516 48.600 0.000 0.000 18.325 78.347 83.340 97.319 98.229 98.509 96.440 103.925 96.364 98.173 97.750 97.693 98.582 95.477 50.408 0.000 0.000 0.000 0.000 10.017 56.880 64.742 62.595 62.427 66.232 40.987 19.721 22.515 39.353 65.243 67.150 68.071 60.007 60.960 21.934 0.000 0.000 0.000 32.544 50.540 57.536 56.533 5.534 0.000 0.000 0.000 0.000 19.894 62.894 75.893 80.893 81.892 82.891 78.891 74.891 59.890 47.890 51.890 57.890 0.000 0.000 0.000 4.170 41.170 42.170 44.170
0.000 0.000 11.548 86.671 73.769 0.000 0.000 25.472 86.473 94.465 98.417 99.613 99.651 104.239 104.048 97.314 98.030 97.891 97.794 92.691 82.549 33.478 0.000 0.000 9.395 45.311 54.153 66.017 62.885 62.748 66.598 44.426 2.236 0.000 0.000 25.349 63.292 60.223 64.158 70.104 70.066 48.049 0.000 0.000 0.000 14.541 52.539 46.536 53.535 4.534 0.000 0.000 0.000 0.000 24.894 49.893 66.893 80.893 75.892 68.892 70.891 31.891 56.890 65.890 58.890 54.890 0.000 0.000 0.000 0.000 1.170 36.170 41.170
0.000 0.000 0.000 14.853 64.035 3.475 13.616 79.617 91.612 98.598 98.618 98.797 104.587 104.418 96.600 98.399 98.066 97.995 90.907 56.839 0.000 0.000 0.000 17.559 63.478 57.386 65.268 63.149 63.031 63.914 41.791 2.627 0.000 0.000 0.000 24.401 66.353 60.291 60.233 62.185 66.154 68.145 20.176 0.000 0.000 0.000 33.537 52.537 27.536 0.000 0.000 0.000 0.000 0.000 17.893 45.893 56.893 63.892 55.892 52.892 17.891 0.000 5.890 49.890 53.890 62.890 0.000 0.000 0.000 0.000 0.000 30.170 41.170
0.000 0.000 0.000 0.000 1.452 13.699 82.757 87.766 98.765 98.702 99.989 100.065 104.746 96.897 98.678 98.247 98.188 88.087 77.000 40.920 0.000 0.000 0.000 57.640 79.574 64.486 56.384 64.279 62.177 65.085 35.017 0.000 0.000 0.000 20.595 55.502 62.426 61.357 61.297 58.249 54.218 56.204 18.206 0.000 0.000 0.000 14.537 59.537 7.536 0.000 0.000 0.000 0.000 0.000 17.893 47.893 46.892 45.892 43.892 49.892 0.000 0.000 0.000 24.890 47.890 65.890 9.890 0.000 0.000 0.000 0.000 1.170 34.169
0.000 0.000 0.000 0.000 0.000 85.948 84.946 98.936 98.896 100.104 100.180 105.038 104.896 97.850 99.536 97.381 83.266 72.173 46.087 0.000 0.000 0.000 51.903 69.786 69.692 76.599 64.502 54.406 60.314 70.233 73.174 36.172 0.000 0.000 19.688 67.587 61.493 61.414 60.349 56.298 50.264 51.245 17.239 0.000 0.000 0.000 0.000 32.536 40.536 0.000 0.000 0.000 0.000 0.000 25.893 49.892 43.892 44.892 44.892 46.892 29.892 0.000 0.000 0.000 34.890 55.890 33.890 7.890 0.000 0.000 0.000 0.000 29.169
0.000 0.000 0.000 0.000 25.323 86.199 98.143 99.108 100.121 102.312 105.304 105.173 97.156 98.921 95.574 84.475 73.331 45.252 0.000 0.000 0.000 54.131 75.019 60.911 52.811 66.715 78.621 66.529 69.441 70.357 57.275 63.170 41.926 4.403 27.880 59.666 55.545 62.458 57.385 49.330 48.294 52.275 14.267 0.000 0.000 0.000 0.000 19.536 59.536 4.536 0.000 0.000 0.000 0.000 0.000 31.892 46.892 44.892 44.892 44.892 52.892 0.000 0.000 0.000 0.000 36.890 47.890 53.890 0.000 0.000 0.000 0.000 0.000
0.000 0.000 0.000 0.000 68.447 94.380 100.327 99.234 99.506 97.589 105.428 97.437 99.203 93.772 82.705 57.586 0.000 0.000 0.000 0.000 54.356 75.243 62.133 51.026 50.925 52.829 63.736 78.648 69.563 54.481 62.398 64.307 38.205 0.000 24.765 84.650 71.562 60.488 54.405 50.341 47.309 48.292 42.286 6.290 0.000 0.000 0.000 0.000 38.536 10.536 0.000 0.000 0.000 0.000 0.000 11.892 48.892 44.892 44.892 44.892 46.892 30.892 0.000 0.000 0.000 17.890 44.890 47.890 0.000 0.000 0.000 0.000 0.000
0.000 0.000 0.000 71.763 68.638 74.555 89.467 100.642 97.708 105.662 105.548 98.369 94.057 82.910 61.805 0.000 0.000 35.956 0.000 6.587 79.468 62.353 51.242 52.136 51.035 53.939 67.848 76.763 77.683 61.606 57.530 68.453 42.382 0.000 0.000 15.608 28.566 10.527 0.000 20.321 51.309 58.299 59.294 45.294 0.000 0.000 0.000 0.000 0.000 0.000 0.000 0.000 0.000 0.000 0.000 12.892 48.892 47.892 50.892 45.892 42.892 51.892 0.000 0.000 0.000 24.890 58.890 63.890 0.000 0.000 0.000 0.000 0.000
0.000 0.000 10.992 72.888 69.788 70.707 80.684 96.850 105.880 105.772 97.648 94.414 82.085 56.010 0.000 0.000 53.004 51.956 33.860 17.706 67.578 51.459 52.347 51.240 52.139 67.044 72.955 36.874 27.798 79.729 65.664 43.594 4.488 0.000 0.000 0.000 0.000 0.000 0.000 17.312 69.307 63.302 60.298 56.297 11.298 0.000 0.000 0.000 0.000 0.000 0.000 0.000 0.000 0.000 0.000 36.892 45.892 20.892 0.000 20.892 45.892 49.892 0.000 0.000 0.000 26.890 62.890 31.890 0.000 0.000 0.000 0.000 0.000
0.000 86.186 74.096 71.006 68.927 69.806 71.049 75.115 105.984 96.889 92.651 82.241 56.198 0.000 0.000 0.000 57.051 55.005 74.917 58.798 51.677 52.559 51.446 54.338 74.237 71.142 52.056 47.977 52.908 80.849 77.802 41.772 0.000 0.000 0.000 0.000 0.000 0.000 0.000 17.309 76.305 76.302 71.300 62.299 7.299 0.000 0.000 0.000 0.000 0.000 0.000 0.000 0.000 0.000 9.892 48.892 50.892 0.000 0.000 5.892 48.892 49.892 0.000 0.000 0.000 0.000 33.890 0.000 0.000 0.000 0.000 0.000 0.000
2.347 84.275 98.199 90.124 75.026 76.183 68.232 106.181 106.084 75.771 80.449 56.347 0.000 0.000 0.000 0.000 59.146 72.094 70.006 51.894 51.774 51.655 62.539 74.430 63.328 52.233 52.148 52.072 53.007 61.956 79.923 75.919 36.973 0.000 0.000 0.000 0.000 0.000 0.000 0.000 62.303 64.302 76.301 77.300 33.300 0.000 0.000 0.000 0.000 0.000 0.000 0.000 0.000 0.000 40.892 50.892 27.892 0.000 0.000 9.892 49.892 47.892 0.000 0.000 0.000 0.000 0.000 0.000 0.000 0.000 0.000 0.000 0.000
20.419 97.369 100.304 100.235 95.209 85.364 106.368 106.275 67.937 62.708 0.000 0.347 0.000 0.000 0.000 0.000 70.292 75.221 51.117 52.997 52.871 64.746 73.627 55.515 52.411 52.315 52.230 52.156 52.094 52.046 61.016 81.008 74.027 48.057 39.070 43.073 12.074 0.000 0.000 0.000 1.303 42.302 82.301 82.300 43.300 0.000 0.000 0.000 0.000 0.000 0.000 0.000 0.000 0.000 29.892 28.892 0.000 0.000 0.000 0.000 29.892 56.892 0.000 0.000 0.000 0.000 0.000 0.000 0.000 0.000 0.000 0.000 0.000
90.541 100.477 100.418 100.306 104.550 95.610 106.459 68.050 70.733 65.402 0.000 0.000 0.000 0.000 0.000 63.662 75.509 52.381 53.246 53.105 60.966 73.832 51.707 52.592 52.485 52.388 52.301 52.227 52.165 52.118 52.086 56.069 57.069 52.076 53.079 60.076 42.075 0.000 0.000 0.000 0.000 0.000 37.301 73.300 36.300 0.000 0.000 0.000 0.000 0.000 0.000 0.000 0.000 0.000 0.000 0.000 0.000 0.000 0.000 0.000 0.000 8.892 0.000 0.000 0.000 0.000 0.000 0.000 0.000 0.000 0.000 0.000 0.000
96.648 96.589 100.503 101.667 98.715 106.634 106.547 72.729 57.188 2.306 5.306 2.306 0.000 0.000 0.000 80.815 57.700 53.548 53.380 55.212 76.054 55.910 52.778 52.659 52.550 52.449 52.360 52.285 52.223 52.175 52.140 51.116 50.103 53.097 35.096 0.000 0.000 0.000 0.000 0.000 0.000 0.000 0.000 66.300 54.300 21.300 0.000 0.000 0.000 0.000 0.000 0.000 0.000 0.000 0.000 0.000 0.000 0.000 0.000 0.000 0.000 0.000 0.000 0.000 0.000 0.000 0.000 0.000 0.000 0.000 0.000 0.000 0.000
75.762 75.698 79.678 75.836 106.805 106.720 84.226 65.445 56.390 0.000 0.306 2.306 0.000 0.000 0.000 56.084 51.930 51.729 50.514 63.310 56.130 49.974 50.838 50.717 50.605 50.500 51.406 52.329 52.268 52.219 51.182 49.152 51.129 51.116 48.110 38.112 41.113 43.113 42.113 44.112 15.112 0.000 0.000 4.300 63.300 35.300 0.000 0.000 0.000 0.000 0.000 0.000 0.000 0.000 0.000 0.000 0.000 0.000 0.000 0.000 0.000 0.000 0.000 0.000 0.000 0.000 0.000 0.000 0.000 0.000 0.000 0.000 0.000
90.878 112.767 78.015 108.075 106.888 66.768 57.368 0.000 71.817 30.171 0.000 0.000 0.000 0.000 99.882 78.506 49.207 56.926 67.636 66.383 62.183 60.017 59.882 59.766 58.654 52.538 48.436 52.358 52.299 52.253 51.216 51.182 55.146 55.126 56.117 66.114 66.113 62.113 55.113 54.112 33.112 0.000 0.000 0.000 22.300 28.300 0.000 0.000 0.000 0.000 0.000 0.000 0.000 0.000 0.000 0.000 0.000 0.000 0.000 0.000 0.000 0.000 0.000 0.000 0.000 0.000 0.000 0.000 0.000 0.000 0.000 0.000 0.000
138.958 117.556 115.603 107.041 106.966 94.854 0.000 38.869 66.869 140.526 115.989 2.263 47.429 36.844 98.258 57.850 55.467 127.130 117.723 113.402 113.204 112.027 110.909 109.810 108.708 79.563 46.441 52.368 52.316 52.278 52.246 44.214 0.000 0.000 0.000 0.000 0.000 0.000 19.112 71.112 50.112 21.112 0.000 0.000 0.000 0.000 0.000 0.000 0.000 0.000 0.000 0.000 0.000 0.000 0.000 0.000 0.000 0.000 0.000 0.000 0.000 0.000 0.000 0.000 0.000 0.000 0.000 0.000 0.000 0.000 0.000 0.000 0.000
97.127 116.715 107.180 107.112 91.372 0.000 0.000 0.000 10.264 62.077 49.815 0.000 28.650 0.000 57.457 54.168 63.680 119.405 0.000 5.298 0.000 55.977 64.918 125.855 38.807 0.000 56.399 52.356 52.321 53.295 35.278 0.000 0.000 0.000 0.000 0.000 0.000 0.000 0.000 24.112 71.112 27.112 0.000 0.000 0.000 0.000 0.000 0.000 0.000 0.000 0.000 0.000 0.000 0.000 0.000 0.000 0.000 0.000 0.000 0.000 0.000 0.000 0.000 0.000 0.000 0.000 0.000 0.000 0.000 0.000 0.000 0.000 0.000
117.884 115.938 107.244 115.863 117.710 37.998 0.000 17.846 44.846 54.701 31.381 8.626 49.871 95.441 93.946 86.686 0.000 38.405 0.000 17.195 39.091 66.987 111.930 74.886 39.858 0.000 0.000 58.337 52.317 53.302 34.294 0.000 0.000 0.000 0.000 0.000 0.000 0.000 0.000 0.000 18.112 57.112 22.112 0.000 0.000 0.000 0.000 0.000 0.000 0.000 0.000 0.000 0.000 0.000 0.000 0.000 0.000 0.000 0.000 0.000 0.000 0.000 0.000 0.000 0.000 0.000 0.000 0.000 0.000 0.000 0.000 0.000 0.000
116.017 107.359 107.303 96.368 39.133 0.000 0.000 0.000 6.574 33.501 0.000 0.000 42.768 86.505 140.200 75.943 0.000 0.000 0.000 0.000 0.000 80.951 115.928 45.902 42.880 0.000 0.000 0.000 57.309 51.304 49.300 47.301 35.301 0.000 0.000 0.000 0.000 0.000 0.000 0.000 13.112 71.112 29.112 0.000 0.000 0.000 0.000 0.000 0.000 0.000 0.000 0.000 0.000 0.000 0.000 0.000 0.000 0.000 0.000 0.000 0.000 0.000 0.000 0.000 0.000 0.000 0.000 0.000 0.000 0.000 0.000 0.000 0.000
