results1/res_4e8f.inittm
ncols         241
nrows         181
xllcorner     12693529.787448
yllcorner     3542525.717860
cellsize      155.156523
NODATA_value  -9999.000000
[rows 58 to 86 of 181, columns 132 to 197 of 241]
44.582 -9999.000 -9999.000 -9999.000 -9999.000 -9999.000 -9999.000 -9999.000 367.274 116.248 124.757 74.302 66.039 74.478 88.812 75.502 75.531 85.445 80.923 73.847 76.777 73.691 66.743 66.635 66.483 66.316 72.466 79.502 356.495 439.017 -9999.000 -9999.000 -9999.000 -9999.000 -9999.000 -9999.000 -9999.000 -9999.000 305.999 211.898 111.210 91.430 91.628 91.754 91.921 92.130 92.362 92.595 92.822 92.944 93.689 93.978 94.732 94.803 96.400 96.433 112.987 114.853 132.573 117.513 106.058 112.706 102.414 136.187 111.366 113.398
63.996 -9999.000 -9999.000 -9999.000 -9999.000 -9999.000 -9999.000 -9999.000 366.483 83.864 74.161 66.763 66.724 75.968 75.347 75.384 84.189 88.943 80.685 73.766 67.249 67.145 67.047 66.826 66.633 66.438 75.995 78.399 -9999.000 -9999.000 -9999.000 -9999.000 -9999.000 -9999.000 -9999.000 -9999.000 -9999.000 -9999.000 237.493 129.972 107.747 91.648 91.922 91.997 92.160 92.348 92.546 92.757 92.864 93.053 93.233 109.211 99.248 94.928 94.999 95.641 104.991 110.568 119.102 134.188 105.753 106.793 102.468 137.888 110.267 127.198
-9999.000 -9999.000 -9999.000 -9999.000 92.290 114.186 121.365 131.505 104.426 75.718 67.412 67.376 75.519 74.822 75.325 84.651 87.115 92.416 80.437 71.582 67.510 67.331 67.168 67.041 66.874 66.534 79.525 80.099 -9999.000 -9999.000 -9999.000 -9999.000 -9999.000 -9999.000 -9999.000 -9999.000 -9999.000 -9999.000 -9999.000 119.659 92.424 92.356 92.292 92.297 92.410 92.557 92.626 92.904 93.209 93.468 107.886 125.801 114.834 99.333 228.711 297.428 124.077 119.020 118.041 117.994 105.722 102.554 102.517 130.457 109.908 355.124
-9999.000 -9999.000 -9999.000 86.085 85.292 84.662 84.708 84.683 79.953 67.835 67.800 86.406 76.997 74.774 83.312 86.832 84.215 82.020 77.568 67.848 67.620 67.452 67.312 67.184 67.151 66.982 77.544 -9999.000 -9999.000 -9999.000 -9999.000 -9999.000 413.636 131.734 475.909 258.832 -9999.000 -9999.000 -9999.000 156.828 111.690 98.905 92.496 92.536 92.617 92.754 92.770 94.348 94.681 94.715 118.578 120.980 288.631 277.087 -9999.000 -9999.000 147.986 131.723 118.408 124.039 116.943 102.588 102.566 114.348 109.865 280.355
-9999.000 -9999.000 593.257 84.471 84.347 84.191 84.389 88.009 69.307 67.864 79.769 76.579 73.544 73.715 77.212 86.732 83.212 77.294 68.124 67.975 67.776 67.598 67.463 67.362 67.384 67.024 -9999.000 -9999.000 -9999.000 -9999.000 -9999.000 -9999.000 131.734 124.246 132.804 123.561 123.501 -9999.000 248.416 121.571 116.956 104.910 92.675 92.721 92.803 92.868 93.708 93.916 94.356 106.537 117.972 118.036 -9999.000 -9999.000 -9999.000 283.116 130.276 130.217 118.593 137.411 134.836 102.707 102.619 104.841 109.809 109.932
-9999.000 -9999.000 75.959 244.165 392.563 75.842 91.831 72.911 69.355 72.981 75.340 73.321 73.352 74.334 84.905 88.802 80.825 72.827 68.175 68.100 67.958 67.784 67.642 67.578 67.694 67.078 -9999.000 -9999.000 -9999.000 -9999.000 -9999.000 -9999.000 168.736 124.180 124.177 124.836 122.908 137.612 128.663 122.274 122.269 107.945 92.802 92.936 93.043 93.491 93.834 94.127 94.322 110.624 114.978 119.348 -9999.000 -9999.000 -9999.000 333.133 302.612 130.219 118.619 134.386 145.503 105.532 102.680 103.733 107.207 126.104
74.764 97.819 75.899 76.043 75.972 75.771 74.321 70.138 70.112 72.721 72.762 73.279 73.990 76.569 86.398 86.240 78.573 68.452 68.353 68.219 68.116 68.004 67.885 67.861 67.836 67.912 -9999.000 -9999.000 -9999.000 -9999.000 -9999.000 -9999.000 287.526 120.911 117.993 117.588 119.696 120.276 124.099 126.737 119.421 105.200 93.635 93.270 93.171 93.726 94.148 94.578 95.084 108.124 116.491 119.903 159.544 -9999.000 -9999.000 -9999.000 -9999.000 405.389 119.785 133.046 140.282 107.196 102.736 104.406 113.659 118.612
72.881 72.984 74.462 84.224 77.150 75.030 70.308 70.277 75.514 72.757 72.794 72.977 74.744 83.392 86.297 82.109 75.827 68.549 68.465 68.342 68.250 68.178 68.121 68.034 69.626 77.905 82.793 -9999.000 -9999.000 -9999.000 -9999.000 -9999.000 273.973 120.303 117.596 117.563 117.033 116.869 121.543 122.032 109.569 94.062 93.800 93.816 94.026 95.058 94.771 95.061 95.307 103.441 117.283 117.249 120.583 559.726 -9999.000 -9999.000 -9999.000 -9999.000 133.046 133.189 159.296 107.229 108.068 105.747 130.709 118.662
72.960 73.680 73.053 73.009 77.219 72.395 70.341 86.923 77.424 73.516 72.849 73.283 76.392 78.995 88.720 80.863 70.355 68.728 68.586 68.468 68.384 68.328 68.310 68.133 261.735 -9999.000 419.360 -9999.000 -9999.000 -9999.000 -9999.000 476.099 222.990 222.973 -9999.000 158.583 116.960 116.817 116.749 109.671 94.894 94.393 94.062 94.300 95.059 95.189 95.219 95.333 95.465 95.553 116.621 116.708 121.191 -9999.000 -9999.000 -9999.000 -9999.000 -9999.000 198.011 135.842 132.714 132.637 279.508 292.274 197.992 124.071
73.205 74.789 75.441 72.969 71.643 71.695 73.651 78.860 79.114 76.063 74.324 74.740 76.834 77.607 78.498 78.362 68.936 68.851 68.715 68.606 68.529 68.490 68.394 75.246 86.978 95.956 -9999.000 -9999.000 -9999.000 -9999.000 -9999.000 258.884 240.127 -9999.000 -9999.000 -9999.000 158.663 116.040 105.441 95.846 95.380 94.888 94.601 94.439 95.160 95.388 95.456 95.551 100.105 113.236 118.154 116.743 120.624 -9999.000 -9999.000 -9999.000 -9999.000 253.091 138.512 135.935 137.068 -9999.000 433.065 313.330 193.155 143.725
73.664 75.302 76.417 74.171 71.599 71.636 72.051 72.022 86.642 75.959 75.949 76.139 76.421 85.836 80.048 76.677 69.088 68.988 68.858 68.764 71.670 72.844 149.951 280.850 87.046 87.106 261.618 -9999.000 -9999.000 -9999.000 -9999.000 -9999.000 -9999.000 -9999.000 -9999.000 294.669 128.967 114.481 96.623 96.189 95.824 95.516 95.695 95.882 95.965 95.734 95.712 95.678 113.297 115.104 115.170 116.683 121.913 -9999.000 -9999.000 -9999.000 -9999.000 140.267 138.605 390.370 407.882 -9999.000 357.145 132.222 130.369 127.114
69.006 71.185 74.753 71.490 71.529 90.454 72.022 69.229 69.169 70.012 69.733 87.585 76.796 88.843 80.205 71.718 69.198 69.059 69.026 68.874 73.875 223.528 431.412 88.481 87.196 87.286 87.360 -9999.000 -9999.000 -9999.000 -9999.000 -9999.000 -9999.000 -9999.000 -9999.000 202.318 124.191 115.278 96.740 96.584 96.266 96.076 96.453 96.332 96.849 96.246 96.104 105.326 113.409 169.881 439.971 -9999.000 -9999.000 -9999.000 -9999.000 -9999.000 -9999.000 141.286 138.819 -9999.000 -9999.000 -9999.000 132.386 132.316 136.191 123.412
68.451 69.617 71.187 70.290 73.803 76.958 74.502 75.331 69.117 69.116 69.712 87.394 85.851 85.977 108.419 89.219 82.490 172.181 69.060 68.984 77.998 86.992 306.022 -9999.000 -9999.000 -9999.000 -9999.000 -9999.000 -9999.000 -9999.000 -9999.000 -9999.000 -9999.000 -9999.000 -9999.000 195.314 122.374 120.294 103.714 97.098 96.769 96.729 96.454 96.395 97.268 96.840 96.354 112.179 112.261 -9999.000 -9999.000 -9999.000 -9999.000 -9999.000 -9999.000 -9999.000 -9999.000 -9999.000 198.950 199.049 -9999.000 -9999.000 132.417 132.401 190.181 124.171
68.340 68.723 68.636 70.252 82.257 72.682 73.592 74.543 69.058 69.086 96.299 87.590 85.997 86.024 86.089 88.142 -9999.000 -9999.000 69.131 70.352 77.708 83.318 277.460 -9999.000 -9999.000 -9999.000 -9999.000 -9999.000 -9999.000 -9999.000 -9999.000 -9999.000 -9999.000 -9999.000 -9999.000 -9999.000 301.946 119.152 98.119 97.670 97.365 97.600 96.993 97.282 97.698 97.391 96.798 115.199 112.333 -9999.000 -9999.000 -9999.000 -9999.000 -9999.000 -9999.000 -9999.000 -9999.000 -9999.000 -9999.000 376.644 376.718 -9999.000 234.065 135.620 184.816 124.193
68.250 68.422 68.519 89.172 71.055 71.774 76.650 71.258 68.077 71.306 77.779 77.935 175.743 170.303 87.638 -9999.000 -9999.000 69.707 69.662 70.010 74.708 80.049 286.222 -9999.000 -9999.000 -9999.000 -9999.000 -9999.000 -9999.000 -9999.000 -9999.000 -9999.000 -9999.000 -9999.000 -9999.000 -9999.000 133.334 115.396 98.229 98.113 97.958 97.758 97.723 97.721 97.834 97.942 97.089 109.806 146.307 -9999.000 -9999.000 -9999.000 -9999.000 -9999.000 -9999.000 -9999.000 -9999.000 -9999.000 -9999.000 -9999.000 -9999.000 -9999.000 -9999.000 136.245 138.456 126.548
68.188 68.264 69.564 70.056 70.468 71.143 71.456 68.009 68.049 86.373 77.761 77.679 299.776 -9999.000 77.284 79.850 77.637 104.221 -9999.000 462.113 74.768 81.512 285.746 -9999.000 263.321 -9999.000 -9999.000 -9999.000 -9999.000 -9999.000 -9999.000 -9999.000 -9999.000 -9999.000 -9999.000 439.847 120.450 109.881 98.449 98.453 98.323 97.861 97.811 97.884 98.003 98.149 100.973 108.511 274.554 -9999.000 -9999.000 -9999.000 -9999.000 -9999.000 -9999.000 -9999.000 -9999.000 -9999.000 -9999.000 -9999.000 -9999.000 -9999.000 554.948 -9999.000 228.288 127.178
68.135 68.488 69.324 69.647 70.030 76.220 71.182 67.775 96.362 77.113 77.386 77.526 225.671 -9999.000 76.939 77.067 77.102 113.877 -9999.000 -9999.000 76.348 239.393 -9999.000 -9999.000 97.021 313.619 -9999.000 -9999.000 -9999.000 -9999.000 -9999.000 -9999.000 -9999.000 -9999.000 -9999.000 477.104 118.547 105.616 98.649 98.914 98.808 98.477 98.427 98.205 98.243 98.275 105.539 112.337 288.166 -9999.000 -9999.000 -9999.000 -9999.000 -9999.000 -9999.000 -9999.000 -9999.000 -9999.000 -9999.000 -9999.000 -9999.000 -9999.000 278.171 266.623 198.544 128.293
68.425 68.780 69.057 69.350 75.986 71.432 67.363 67.751 70.902 76.942 77.122 77.302 77.426 77.468 76.898 76.968 77.055 78.597 85.388 87.100 87.029 91.801 101.624 96.855 96.944 97.129 274.294 -9999.000 -9999.000 -9999.000 -9999.000 -9999.000 259.867 241.128 -9999.000 318.155 119.239 103.904 99.363 99.174 99.062 98.985 98.968 98.667 98.597 98.927 120.376 123.630 125.056 129.241 356.617 -9999.000 -9999.000 -9999.000 -9999.000 -9999.000 -9999.000 -9999.000 -9999.000 -9999.000 -9999.000 -9999.000 253.616 130.867 134.304 129.804
68.423 68.617 68.865 69.164 69.562 67.326 67.342 69.414 69.466 87.282 78.121 77.578 77.541 76.541 76.833 76.897 76.976 78.033 79.890 78.806 87.097 151.982 83.617 96.726 96.784 219.899 -9999.000 -9999.000 -9999.000 -9999.000 -9999.000 -9999.000 259.864 131.974 295.302 439.734 119.881 105.635 99.441 99.369 99.146 99.048 99.047 99.014 98.955 103.846 113.667 120.567 120.647 120.990 346.594 -9999.000 -9999.000 -9999.000 -9999.000 -9999.000 -9999.000 -9999.000 -9999.000 -9999.000 -9999.000 -9999.000 289.966 129.899 129.844 127.649
68.239 68.423 68.674 78.267 67.212 66.613 71.375 71.834 70.113 73.152 77.240 77.429 77.490 76.194 76.813 76.872 76.924 76.976 77.414 77.477 78.260 78.121 82.599 90.331 228.712 -9999.000 -9999.000 -9999.000 -9999.000 -9999.000 -9999.000 -9999.000 367.848 131.955 131.938 138.336 123.132 99.931 99.842 99.630 99.798 99.771 99.471 99.247 99.201 99.404 103.937 123.758 121.541 121.023 395.598 -9999.000 -9999.000 -9999.000 -9999.000 -9999.000 -9999.000 -9999.000 -9999.000 -9999.000 -9999.000 -9999.000 315.709 129.946 358.023 207.267
68.423 68.620 74.803 66.884 66.395 66.588 72.203 75.022 75.231 75.300 75.435 75.529 75.598 75.754 75.901 77.416 79.834 78.693 77.456 77.520 77.570 78.058 78.885 85.465 303.195 -9999.000 -9999.000 -9999.000 -9999.000 -9999.000 -9999.000 -9999.000 -9999.000 295.301 131.449 131.383 119.317 99.983 99.931 99.872 99.886 99.867 99.689 99.467 99.404 99.610 99.756 114.713 123.778 121.616 121.645 440.134 -9999.000 -9999.000 -9999.000 -9999.000 -9999.000 -9999.000 -9999.000 -9999.000 -9999.000 -9999.000 -9999.000 348.531 -9999.000 -9999.000
68.626 66.666 74.864 66.268 66.332 71.177 92.584 75.245 75.401 75.414 75.471 75.524 75.613 75.695 79.730 107.591 -9999.000 -9999.000 -9999.000 81.564 78.855 78.093 78.472 83.622 250.397 -9999.000 90.542 211.976 -9999.000 -9999.000 -9999.000 -9999.000 -9999.000 -9999.000 131.470 127.478 111.262 100.376 100.004 99.952 100.000 99.978 99.907 99.726 99.665 99.872 100.143 100.287 122.157 138.406 128.378 380.626 -9999.000 -9999.000 -9999.000 -9999.000 -9999.000 -9999.000 -9999.000 -9999.000 -9999.000 -9999.000 -9999.000 -9999.000 -9999.000 -9999.000
64.812 64.992 65.225 66.231 68.798 79.851 80.241 75.467 75.492 75.476 75.509 75.612 75.702 76.554 82.403 167.385 -9999.000 -9999.000 91.371 91.313 86.281 78.305 78.588 85.893 92.102 90.438 90.477 250.409 -9999.000 -9999.000 -9999.000 -9999.000 310.327 -9999.000 130.306 122.028 101.464 101.415 100.097 100.069 100.158 100.108 100.071 100.005 99.982 100.128 100.325 100.438 105.720 112.513 121.624 140.139 184.218 -9999.000 -9999.000 -9999.000 -9999.000 -9999.000 -9999.000 -9999.000 -9999.000 -9999.000 -9999.000 -9999.000 -9999.000 -9999.000
-9999.000 -9999.000 -9999.000 -9999.000 -9999.000 80.031 80.929 75.599 75.557 75.536 75.642 75.695 75.751 76.536 79.048 87.857 155.644 -9999.000 -9999.000 90.653 90.585 83.118 78.616 87.413 90.972 89.989 157.545 -9999.000 -9999.000 -9999.000 -9999.000 -9999.000 131.797 140.082 133.776 119.984 100.653 100.578 100.230 100.636 100.381 100.267 100.239 100.221 100.236 100.338 100.520 100.787 101.146 101.249 113.767 122.771 131.675 130.439 138.622 203.179 152.693 -9999.000 -9999.000 -9999.000 -9999.000 -9999.000 -9999.000 -9999.000 -9999.000 -9999.000
-9999.000 -9999.000 -9999.000 -9999.000 -9999.000 80.284 83.251 75.710 75.621 75.947 75.809 76.023 76.138 76.539 76.640 82.411 200.402 -9999.000 -9999.000 -9999.000 90.946 89.688 78.849 84.594 90.641 89.942 186.121 -9999.000 -9999.000 -9999.000 -9999.000 -9999.000 131.365 135.916 132.777 118.669 100.680 100.629 100.932 100.722 100.608 100.463 100.431 100.427 100.456 100.459 100.613 100.770 108.658 117.919 114.775 114.839 115.664 116.460 124.600 137.372 137.442 478.197 -9999.000 -9999.000 -9999.000 -9999.000 -9999.000 -9999.000 -9999.000 -9999.000
-9999.000 -9999.000 -9999.000 -9999.000 91.065 90.960 84.004 75.815 75.967 76.029 76.020 76.171 76.361 76.541 76.669 88.792 -9999.000 -9999.000 -9999.000 -9999.000 -9999.000 89.236 84.594 87.067 87.444 88.445 91.054 195.402 -9999.000 -9999.000 -9999.000 -9999.000 131.332 137.198 131.629 119.984 108.677 112.505 117.082 115.558 109.993 102.310 100.563 100.559 102.321 115.573 117.098 112.538 121.498 123.309 123.336 115.985 115.688 116.464 126.009 137.375 347.363 -9999.000 -9999.000 -9999.000 -9999.000 -9999.000 -9999.000 -9999.000 -9999.000 -9999.000
56.814 -9999.000 -9999.000 -9999.000 96.002 91.374 84.046 75.956 77.143 77.152 76.191 76.336 76.484 76.603 77.212 95.408 -9999.000 -9999.000 -9999.000 -9999.000 -9999.000 90.386 96.127 96.781 90.177 90.190 90.259 91.434 250.528 -9999.000 -9999.000 -9999.000 129.423 129.343 125.183 118.676 116.355 113.756 232.333 -9999.000 -9999.000 302.514 100.776 103.967 117.099 288.501 -9999.000 -9999.000 122.246 119.521 119.471 119.428 115.947 119.429 126.790 152.586 140.326 -9999.000 -9999.000 -9999.000 -9999.000 -9999.000 -9999.000 -9999.000 -9999.000 -9999.000
56.894 66.953 -9999.000 -9999.000 90.344 96.001 89.509 87.814 86.784 85.216 82.378 79.031 77.219 77.226 79.042 97.017 -9999.000 -9999.000 -9999.000 -9999.000 -9999.000 90.455 92.145 203.491 -9999.000 -9999.000 509.286 -9999.000 -9999.000 -9999.000 -9999.000 -9999.000 129.458 129.401 129.344 133.886 211.295 -9999.000 -9999.000 -9999.000 -9999.000 -9999.000 -9999.000 -9999.000 125.936 335.865 -9999.000 -9999.000 -9999.000 125.284 119.533 131.800 130.442 131.797 136.478 133.898 131.812 133.496 -9999.000 -9999.000 608.212 -9999.000 -9999.000 -9999.000 -9999.000 -9999.000
57.791 -9999.000 -9999.000 -9999.000 90.289 90.234 90.184 90.456 91.015 94.926 89.972 86.815 88.176 87.523 86.071 96.092 104.204 -9999.000 -9999.000 -9999.000 -9999.000 -9999.000 92.236 152.120 -9999.000 -9999.000 -9999.000 -9999.000 -9999.000 -9999.000 -9999.000 -9999.000 129.577 129.472 129.407 134.847 302.559 -9999.000 -9999.000 -9999.000 -9999.000 -9999.000 -9999.000 -9999.000 129.354 250.435 -9999.000 -9999.000 -9999.000 126.028 119.580 121.261 121.278 121.903 129.475 129.526 129.561 130.049 133.660 560.862 555.892 573.539 -9999.000 -9999.000 -9999.000 -9999.000
