results1/res_4e8f-0209.wd
ncols         241
nrows         181
xllcorner     12693529.787448
yllcorner     3542525.717860
cellsize      155.156523
NODATA_value  -9999.000000
[rows 99 to 131 of 181, columns 0 to 72 of 241]
0.000 0.000 0.000 0.000 0.000 61.301 101.301 103.301 94.301 89.301 0.000 0.000 0.000 0.000 0.000 3.298 2.298 69.298 66.298 0.000 0.000 2.298 5.298 64.298 63.298 4.298 0.000 0.000 0.000 11.289 0.000 0.000 0.000 0.000 17.146 63.142 59.132 58.115 59.091 60.065 73.036 62.005 65.970 57.932 59.891 57.846 58.799 63.749 64.696 62.641 66.586 59.528 59.470 61.411 64.348 78.278 79.219 64.172 50.128 0.000 0.000 0.000 0.000 0.000 28.188 83.183 80.172 67.154 42.130 37.106 81.083 58.060 60.037
0.000 0.000 0.000 0.000 0.000 62.301 102.301 102.301 0.000 0.000 0.000 0.000 0.000 0.000 0.000 2.298 14.298 80.298 69.298 7.298 4.298 4.298 67.298 66.298 70.298 1.298 0.000 0.000 0.000 69.289 61.289 0.000 0.000 0.233 76.189 86.183 72.174 65.160 59.141 61.119 80.093 65.063 71.029 70.992 61.950 76.906 68.858 69.807 59.753 67.698 67.640 65.582 59.524 60.466 64.402 61.309 23.245 13.209 0.000 0.000 0.000 0.000 0.000 31.206 68.200 80.194 87.186 77.174 53.159 54.141 68.123 59.105 60.085
7.303 0.303 0.000 0.000 0.000 49.301 98.301 107.301 17.301 0.000 0.000 0.000 0.000 0.000 0.000 1.298 3.298 87.298 68.298 69.298 71.298 68.298 65.298 66.298 64.298 2.298 0.000 0.000 0.000 62.289 62.289 63.287 62.279 62.263 61.237 71.228 80.220 27.210 91.195 81.176 86.153 71.125 16.092 87.055 85.014 83.969 87.920 76.868 59.813 62.755 67.696 67.637 64.579 60.527 49.487 0.000 0.000 0.000 0.000 0.000 0.000 0.000 0.000 41.211 68.211 68.209 79.204 78.198 61.188 61.177 60.165 60.150 60.134
75.303 78.303 10.303 0.000 0.000 59.302 98.302 103.301 113.301 18.301 0.000 0.000 0.000 0.000 9.299 9.298 7.298 24.298 72.298 69.298 87.298 101.298 76.298 61.298 0.298 0.000 0.000 0.000 0.000 0.000 61.291 62.293 62.285 62.276 62.268 61.270 61.269 60.264 61.254 66.238 78.217 72.191 15.159 87.122 88.081 66.035 72.986 89.932 83.875 70.814 60.752 66.689 67.626 70.576 55.531 0.000 0.000 0.000 0.000 0.000 0.000 0.000 0.000 3.218 19.224 65.225 62.225 62.223 60.220 60.215 60.208 60.198 60.186
89.303 72.303 72.303 74.302 76.302 95.302 103.302 103.301 103.301 105.301 79.301 18.300 1.300 67.299 74.299 75.298 37.298 32.298 95.298 103.298 98.298 94.298 77.298 1.298 0.000 0.000 0.000 0.000 0.000 0.000 0.000 62.310 61.294 60.286 61.290 62.314 62.322 62.322 62.317 63.306 82.288 77.263 60.231 62.194 73.152 84.106 61.056 73.000 73.940 66.874 86.809 69.741 61.662 2.619 0.000 0.000 0.000 0.000 0.000 0.000 0.000 0.000 0.000 0.000 11.242 65.244 60.247 60.250 60.253 60.255 60.253 58.249 56.241
104.303 94.303 75.303 79.302 97.302 103.302 103.302 103.302 103.301 98.301 70.301 76.300 4.300 58.299 93.299 101.298 101.298 85.298 100.298 107.298 17.298 0.000 0.000 0.000 0.000 0.000 0.000 0.000 0.000 0.000 0.000 62.342 0.000 0.000 0.000 63.376 62.382 62.387 62.387 63.381 79.365 84.341 61.309 62.271 62.228 80.181 81.130 59.074 67.010 85.934 77.868 55.805 0.000 0.000 0.000 0.000 0.000 0.000 0.000 0.000 0.000 0.000 0.000 0.000 8.258 65.261 60.268 60.278 60.289 59.297 58.302 63.302 64.299
104.303 104.303 99.303 102.303 103.302 103.302 103.302 103.302 103.301 99.301 74.301 91.300 0.000 0.000 71.299 95.298 103.298 104.298 103.298 108.298 11.298 0.000 0.000 0.000 0.000 0.000 0.000 0.000 0.000 0.000 0.000 62.374 1.399 1.419 64.434 62.433 62.443 62.455 62.465 62.464 79.451 84.426 61.392 62.352 62.307 63.260 84.210 78.156 85.091 74.984 55.926 0.000 0.000 0.000 0.000 0.000 0.000 0.000 0.000 0.000 0.000 0.000 0.000 0.000 63.270 60.276 60.286 60.304 60.327 59.343 61.354 65.360 66.363
102.303 103.303 103.303 103.303 103.303 103.302 103.302 103.302 103.301 104.301 99.301 106.300 30.300 9.299 59.299 78.298 101.298 103.298 104.298 92.298 6.298 0.000 0.000 0.000 0.000 0.000 0.000 0.000 0.000 0.000 0.000 56.389 61.405 61.423 60.445 62.478 62.501 62.527 62.552 62.560 79.549 84.521 61.483 62.437 62.390 62.341 67.294 90.250 70.214 0.000 0.000 0.000 0.000 0.000 0.000 0.000 0.000 0.000 0.000 0.000 0.000 0.000 0.000 0.000 16.278 67.285 63.297 64.325 62.373 58.395 65.410 66.422 64.432
99.303 104.303 103.303 103.303 103.303 103.303 103.302 103.302 103.302 103.301 104.301 97.300 81.300 72.299 66.299 93.298 103.298 103.298 108.297 11.297 0.000 0.000 0.000 0.000 0.000 0.000 0.000 0.000 0.000 0.000 0.000 0.000 0.000 0.000 0.000 62.533 62.558 62.601 62.655 62.674 78.662 85.628 62.580 62.526 62.472 62.422 62.375 68.334 21.301 0.000 0.000 0.000 0.000 0.000 0.000 0.000 0.000 0.000 0.000 0.000 0.000 0.000 0.000 0.000 0.000 4.289 2.293 0.000 8.444 67.454 65.468 66.486 63.505
99.304 104.303 103.303 103.303 103.303 103.303 103.302 103.302 103.302 103.301 104.301 89.300 68.300 67.299 76.299 100.298 103.298 103.297 109.297 14.297 5.297 0.000 0.000 0.000 0.000 0.000 0.000 0.000 0.000 0.000 0.000 0.000 0.000 0.000 0.000 58.564 62.595 59.663 62.793 62.821 81.799 85.748 62.682 62.614 62.551 62.498 62.452 59.410 9.356 0.000 0.000 0.000 0.000 0.000 0.000 0.000 0.000 0.000 0.000 0.000 0.000 59.588 0.000 0.000 0.000 0.000 0.000 1.530 63.506 64.509 66.523 66.547 63.579
102.304 103.304 103.304 103.304 103.303 103.303 103.303 103.302 103.302 103.301 103.301 100.300 77.300 78.299 95.298 102.298 103.297 103.297 110.297 27.297 0.000 0.000 0.000 0.000 0.000 0.000 0.000 0.000 0.000 0.000 0.000 0.000 0.000 0.000 0.000 0.000 58.595 0.000 62.035 63.016 90.964 77.883 62.787 62.696 62.622 75.565 65.524 60.500 0.000 0.000 0.000 0.000 0.000 0.000 0.000 0.000 0.000 0.000 0.000 0.000 11.588 70.588 55.588 0.000 0.000 0.000 1.565 64.554 67.546 66.551 63.569 59.600 59.647
103.304 103.304 103.304 103.304 103.304 103.303 103.303 103.303 103.302 103.302 103.301 103.300 105.300 105.299 104.298 103.298 103.297 105.297 94.296 37.296 0.000 0.000 0.000 0.000 0.000 0.000 0.000 0.000 0.000 0.000 0.000 0.000 0.000 0.000 0.000 0.000 0.000 0.000 62.295 63.246 97.158 66.033 62.886 62.763 74.676 83.617 62.580 62.564 61.580 0.000 0.000 0.000 0.000 0.000 0.000 0.000 0.000 0.000 0.000 0.000 0.000 66.588 67.588 54.587 1.585 60.582 62.576 66.572 65.572 63.582 62.603 58.638 66.695
102.305 101.305 103.305 103.304 103.304 103.304 103.303 103.303 103.302 103.302 103.301 103.300 103.300 103.299 103.298 103.297 104.297 87.296 15.296 6.295 64.295 78.295 24.294 0.000 0.000 5.294 0.000 0.000 0.000 0.000 0.000 0.000 0.000 0.000 0.000 4.309 4.280 1.125 58.605 69.513 92.388 63.206 59.961 62.792 62.702 62.647 62.614 62.598 62.596 59.596 0.000 0.000 0.000 0.000 0.000 0.000 0.000 0.000 0.000 0.000 0.588 61.588 57.588 63.588 58.587 66.586 66.584 65.585 61.589 64.601 59.621 58.654 58.711
92.305 92.305 101.305 103.305 103.305 103.304 103.304 103.303 103.303 103.302 103.301 104.301 105.300 103.299 103.298 103.297 103.296 25.295 9.295 64.295 74.294 84.294 83.294 76.294 68.294 9.294 0.000 0.000 0.000 0.000 0.000 0.000 0.000 0.000 4.359 63.339 66.291 66.173 62.947 61.813 70.675 58.441 0.000 58.743 62.693 62.656 62.630 62.616 61.611 0.000 0.000 0.000 0.000 0.000 0.000 0.000 63.589 74.589 0.000 0.000 62.589 60.589 60.589 57.589 65.589 66.589 66.590 63.594 66.600 66.611 64.627 59.647 48.669
74.306 79.306 98.306 104.306 103.305 103.305 103.305 103.304 103.303 103.303 105.302 91.301 87.300 102.299 107.298 104.296 99.295 81.294 84.294 90.294 84.294 85.294 64.294 57.294 3.294 0.294 0.000 0.000 0.000 0.000 0.000 0.326 1.326 0.000 54.378 60.398 63.371 63.302 63.198 63.117 65.060 0.000 0.000 0.000 57.673 62.652 62.636 62.625 62.620 0.620 0.000 0.000 0.000 0.000 0.000 23.589 80.589 62.589 60.589 60.589 60.589 60.589 58.589 63.589 66.590 66.592 62.594 66.599 66.606 65.616 59.627 60.639 50.649
58.306 73.306 92.306 105.306 106.306 106.306 104.305 103.305 104.304 103.303 104.302 42.301 13.300 61.299 79.297 100.296 107.294 105.293 105.293 91.293 14.293 0.000 0.000 0.000 0.000 0.000 0.000 0.000 0.000 9.326 11.326 1.326 1.326 1.326 0.000 59.502 63.494 61.466 62.425 64.396 65.388 0.000 0.000 0.000 0.000 55.644 62.636 62.629 59.625 0.000 0.000 0.000 0.000 0.000 0.000 0.000 22.589 76.589 59.589 59.589 60.589 59.589 59.589 65.590 66.591 64.593 52.597 5.602 70.611 64.619 64.627 64.634 50.639
22.306 44.307 77.307 83.307 77.307 79.307 96.306 104.305 100.305 93.304 92.303 27.302 0.000 0.000 0.000 37.295 72.293 98.291 105.290 2.292 0.000 0.000 0.000 0.000 0.000 0.000 0.000 0.000 0.000 51.326 72.326 17.326 2.326 1.326 0.000 59.615 65.637 64.642 73.641 74.653 64.708 9.864 0.000 0.000 0.000 0.000 59.634 60.631 0.000 0.000 0.000 0.000 0.000 0.000 0.000 0.000 0.000 81.589 84.589 64.589 58.589 56.589 66.590 66.590 61.590 0.000 0.000 0.000 11.616 69.622 66.626 66.631 56.634
0.000 0.000 58.309 67.309 19.308 5.308 68.307 97.306 88.305 84.304 98.303 65.302 25.301 0.000 0.000 0.000 0.000 43.289 74.286 0.000 0.000 0.000 0.000 0.000 0.000 0.000 0.000 0.000 0.000 0.000 56.326 74.326 5.326 0.000 0.000 50.705 64.796 62.825 92.842 85.870 63.925 66.020 12.124 0.000 0.000 0.000 54.633 0.000 0.000 0.000 0.000 0.000 0.000 0.000 0.000 0.000 0.000 0.000 69.589 86.589 71.589 65.589 66.590 61.590 0.000 0.000 0.000 0.000 0.000 61.625 66.627 66.629 61.632
0.000 0.000 54.311 99.310 56.310 5.309 57.308 89.307 91.306 102.305 104.304 107.302 113.300 52.298 21.296 0.000 0.000 0.000 14.279 9.274 0.262 2.252 0.000 0.000 0.000 0.000 0.000 0.000 0.000 0.000 57.326 72.326 2.326 9.326 13.326 0.000 58.017 66.020 96.032 78.059 66.104 65.168 70.227 0.000 0.000 0.000 0.000 0.000 0.000 0.000 0.000 0.000 0.000 0.000 0.000 0.000 0.000 0.000 0.000 7.589 74.589 64.589 62.589 0.000 0.000 0.000 0.000 0.626 60.626 59.626 61.627 55.628 0.000
27.315 42.314 76.313 94.312 102.311 71.310 84.309 107.308 104.307 103.306 103.304 103.302 103.300 109.298 112.295 68.290 27.286 9.281 72.276 86.270 79.261 81.251 37.241 13.232 10.226 0.000 0.000 0.000 0.000 0.000 36.326 58.326 64.326 64.326 67.326 26.326 59.234 88.207 90.208 67.228 65.265 65.319 68.390 13.507 8.558 0.000 0.000 0.000 0.000 0.000 0.000 0.000 0.000 0.000 0.000 0.000 0.000 0.000 0.000 0.000 0.589 0.589 8.589 0.000 0.000 0.000 0.000 62.626 57.626 55.626 0.000 0.000 0.000
100.316 103.315 103.314 101.314 99.313 100.312 102.311 102.309 103.308 104.307 104.305 103.303 96.300 100.298 103.294 107.290 111.286 112.281 104.276 100.269 97.260 92.251 94.241 87.230 43.220 21.209 0.000 0.000 0.000 0.000 0.000 0.000 0.000 0.000 0.000 83.419 72.386 101.367 92.365 79.380 66.409 65.453 65.508 69.572 65.610 0.000 0.000 0.000 0.000 0.000 0.000 0.000 0.000 0.000 0.000 0.000 0.000 0.000 0.000 0.000 0.000 0.000 0.000 0.000 0.000 0.000 0.000 0.000 0.000 0.000 0.000 0.000 0.000
103.317 98.317 96.316 95.315 89.314 86.313 87.312 87.311 93.309 98.308 98.306 91.304 75.301 90.298 103.295 103.291 103.287 103.282 103.276 103.270 104.261 104.252 107.240 108.227 108.214 108.198 47.180 0.000 0.000 0.000 0.000 0.000 0.000 0.000 0.000 55.543 81.525 86.509 70.506 87.516 75.540 65.575 65.618 68.664 11.698 0.000 0.972 0.980 0.000 0.000 0.000 0.000 0.000 0.000 0.000 0.000 0.000 0.000 0.000 0.000 0.000 0.000 0.000 0.000 0.000 0.000 0.000 0.000 0.000 0.000 0.000 0.000 0.000
73.319 46.318 68.318 82.317 80.316 60.315 45.314 41.312 61.311 78.309 77.307 70.305 65.302 75.299 96.296 104.292 103.288 103.283 103.278 103.272 103.264 107.254 82.240 70.226 69.210 73.190 76.162 15.116 4.070 0.713 0.542 0.000 0.000 0.000 0.000 53.686 89.661 72.639 64.633 74.640 85.659 69.688 65.725 65.768 71.821 15.913 9.964 1.987 1.003 7.003 5.003 0.000 0.000 0.000 0.000 0.000 0.000 0.000 0.000 0.000 0.000 0.000 0.000 0.000 0.000 0.000 0.000 0.000 0.000 0.000 0.000 0.000 0.000
63.320 34.320 56.320 71.319 67.318 44.317 30.316 34.314 54.312 68.311 66.308 66.306 67.303 65.300 84.297 101.293 103.290 103.285 103.281 103.275 102.269 65.261 0.000 0.000 0.000 0.000 0.000 0.000 0.000 60.133 80.116 32.089 18.062 14.029 60.968 77.853 94.795 71.754 65.745 63.752 80.769 82.794 68.825 65.862 65.904 68.954 77.989 16.008 11.019 0.000 20.003 0.000 0.000 0.000 0.000 0.000 0.000 0.000 0.000 0.000 0.000 0.000 0.000 0.000 0.000 0.000 0.000 0.000 0.000 0.000 0.000 0.000 0.000
76.322 72.322 67.322 66.321 67.320 69.319 70.318 73.316 72.314 68.312 67.310 67.308 67.305 66.302 73.299 95.295 104.292 103.288 105.284 77.280 43.274 0.000 0.000 0.000 0.000 0.000 0.000 0.000 0.000 25.121 47.108 50.089 54.069 68.057 65.021 85.964 82.911 56.836 63.842 65.853 67.871 80.893 72.920 67.950 65.981 65.010 82.029 73.036 67.036 0.000 0.000 0.000 0.000 0.000 0.000 0.000 0.000 0.000 0.000 0.000 0.000 0.000 0.000 0.000 0.000 0.000 0.000 0.000 0.000 0.000 0.000 0.000 0.000
66.325 67.325 67.324 67.323 67.322 67.321 67.320 67.318 67.316 67.314 67.312 67.310 67.307 67.304 65.301 86.297 103.294 105.291 101.288 27.285 0.000 0.000 0.000 0.000 0.000 0.000 0.000 0.000 0.000 0.000 0.000 0.000 0.000 52.107 69.097 95.072 69.050 0.000 51.935 66.948 64.967 68.989 70.012 79.036 68.059 66.076 65.082 61.070 2.053 0.000 0.000 0.000 0.000 0.000 0.000 0.000 0.000 0.000 0.000 0.000 0.000 0.000 0.000 0.000 0.000 0.000 0.000 0.000 0.000 0.000 0.000 0.000 25.621
67.327 67.327 67.327 67.326 67.325 67.324 67.322 66.321 66.319 67.317 67.314 67.312 67.309 67.306 66.303 74.299 89.296 100.293 88.290 14.289 0.000 0.000 0.000 0.000 0.000 0.000 0.000 0.000 0.000 0.000 0.000 0.000 0.000 29.168 78.186 103.177 13.166 0.000 50.015 68.038 66.061 65.082 73.104 84.124 72.143 66.155 70.151 3.111 0.000 0.000 0.000 0.000 0.000 0.000 0.000 0.000 0.000 0.000 0.000 0.000 0.000 0.000 0.000 0.000 0.000 0.000 0.000 0.000 0.000 0.000 0.000 0.000 82.700
67.330 67.330 67.329 67.329 67.328 67.327 67.325 71.323 72.321 68.319 67.317 67.314 67.311 67.308 67.305 66.301 69.298 78.295 78.292 19.291 0.000 0.000 0.000 0.000 0.000 0.000 20.964 0.000 0.000 0.000 0.000 0.000 0.000 1.321 82.302 97.284 20.272 0.000 34.071 65.128 66.156 66.177 65.196 70.215 72.233 68.248 70.258 0.000 0.000 0.000 0.000 0.000 0.000 0.000 0.000 0.000 0.000 0.000 0.000 0.000 0.000 0.000 0.000 0.000 0.000 0.000 0.000 0.000 0.000 0.000 0.000 66.923 75.831
67.333 67.333 67.333 67.332 67.331 67.330 66.328 78.326 83.324 70.322 67.320 67.317 67.314 67.310 67.307 67.303 67.300 66.296 69.293 50.291 0.000 0.000 0.000 0.000 0.000 62.964 83.964 45.962 36.953 35.942 0.000 0.000 0.000 63.487 105.424 79.384 79.367 6.387 0.000 51.246 68.258 66.272 66.288 64.306 80.325 84.347 78.375 1.468 0.000 0.000 0.000 0.000 0.000 0.000 0.000 0.000 0.000 0.000 0.000 0.000 0.000 0.000 0.000 0.000 0.000 0.000 0.000 0.000 0.000 0.000 41.086 92.014 77.940
67.337 67.336 67.336 67.335 67.334 67.333 66.331 79.329 85.327 69.325 67.323 67.320 67.316 67.313 67.309 67.305 67.301 67.297 67.293 73.289 44.284 0.000 0.000 0.000 2.965 25.965 40.966 62.968 70.956 74.931 48.883 24.818 59.730 97.605 95.523 75.461 57.426 15.406 0.000 51.351 68.357 67.367 70.379 65.395 74.415 97.441 94.480 39.547 3.604 19.631 0.000 0.000 0.000 0.000 0.000 0.000 0.000 45.137 75.137 79.137 0.000 0.000 88.137 149.137 0.000 0.000 0.000 0.000 0.000 0.000 78.158 134.107 117.046
64.340 65.340 66.339 66.339 67.338 67.336 65.335 80.333 83.331 66.328 67.326 67.323 67.320 67.316 67.312 67.308 67.303 67.298 67.293 67.287 73.280 53.270 4.263 0.000 0.000 0.000 0.000 38.988 69.972 65.944 68.900 72.841 84.767 101.680 85.603 53.511 3.468 0.000 0.000 50.451 67.453 70.458 83.467 69.480 79.498 80.523 99.555 103.597 86.635 36.657 0.000 0.000 0.000 0.000 0.000 0.000 0.000 0.000 36.137 64.137 78.137 110.137 148.137 71.137 0.000 0.000 0.000 0.000 0.000 64.371 74.281 75.212 78.147
85.344 80.344 75.343 73.342 69.341 65.340 65.339 80.337 83.335 65.332 67.329 67.326 67.323 67.319 67.315 67.310 66.305 65.300 66.294 66.286 66.278 72.267 49.256 26.241 1.226 0.000 0.000 38.022 76.002 69.972 64.931 77.880 100.817 94.746 62.697 0.000 0.000 0.000 0.000 48.550 66.545 71.545 78.550 73.561 78.576 77.596 90.622 84.651 77.680 50.707 5.738 0.000 0.000 0.000 0.000 0.000 0.000 0.000 0.000 32.137 110.137 113.137 116.137 1.137 11.137 0.137 0.000 7.536 41.536 69.461 138.383 102.320 134.207
105.348 104.348 100.347 95.347 91.345 86.344 81.343 77.341 72.339 66.336 67.333 67.330 67.327 67.323 66.318 68.313 74.308 79.302 78.295 76.287 70.278 65.266 69.252 75.235 39.210 20.176 24.134 58.078 81.042 72.009 67.973 90.931 102.876 58.788 3.743 0.000 0.000 11.727 18.707 52.653 65.633 70.627 86.629 76.636 69.648 62.664 68.684 86.706 83.729 89.751 8.770 0.000 0.000 0.000 0.000 0.000 0.000 0.000 0.000 0.000 0.000 0.000 0.000 0.000 8.137 0.000 0.000 0.000 76.612 67.551 77.485 100.381 76.557
