results1/res_4e8f-0041.wd
ncols         241
nrows         181
xllcorner     12693529.787448
yllcorner     3542525.717860
cellsize      155.156523
NODATA_value  -9999.000000
[rows 99 to 131 of 181, columns 0 to 73 of 241]
0.000 0.000 0.000 0.000 0.000 42.099 82.097 84.092 75.083 70.082 0.000 0.000 0.000 0.000 0.000 0.000 0.000 50.018 47.017 0.000 0.000 0.000 0.000 44.941 43.940 0.000 0.000 0.000 0.000 0.000 0.000 0.000 0.000 0.000 1.284 47.283 43.280 42.275 43.267 44.256 57.241 46.224 50.204 42.188 44.173 42.156 43.139 48.120 49.100 47.079 51.058 44.037 44.015 45.993 48.971 62.947 63.926 48.903 34.891 0.000 0.000 0.000 0.000 0.000 13.758 68.758 65.760 52.764 27.768 22.773 66.781 43.790 45.802 45.817
0.000 0.000 0.000 0.000 0.000 43.109 83.108 83.107 0.000 0.000 0.000 0.000 0.000 0.000 0.000 0.000 0.000 61.019 50.019 0.000 0.000 0.000 47.965 46.955 50.951 0.000 0.000 0.000 0.000 53.343 45.343 0.000 0.000 0.000 60.309 70.305 56.302 49.298 43.291 45.282 64.270 49.253 55.223 55.212 46.199 61.183 53.165 54.146 44.125 52.103 52.081 50.059 44.036 45.014 48.991 45.960 7.943 0.000 0.000 0.000 0.000 0.000 0.000 16.759 53.759 65.760 72.762 62.765 38.769 39.775 53.782 44.791 45.802 45.816
0.000 0.000 0.000 0.000 0.000 30.122 79.121 88.121 0.000 0.000 0.000 0.000 0.000 0.000 0.000 0.000 0.000 68.023 49.020 50.013 52.003 48.990 45.976 46.965 44.957 0.000 0.000 0.000 0.000 46.343 46.344 47.345 46.343 46.339 45.330 55.327 64.325 11.323 75.319 65.312 70.305 55.297 0.249 71.239 69.228 68.213 72.194 61.174 44.152 47.129 52.105 52.081 49.058 45.035 34.020 0.000 0.000 0.000 0.000 0.000 0.000 0.000 0.000 26.759 53.760 53.761 64.763 63.766 46.770 46.775 45.782 45.790 45.800 45.813
56.174 59.174 0.000 0.000 0.000 40.136 79.135 84.136 94.142 0.000 0.000 0.000 0.000 0.000 0.000 0.000 0.000 5.030 53.025 50.017 68.005 81.994 56.983 41.974 0.000 0.000 0.000 0.000 0.000 0.000 45.346 46.348 46.346 46.345 46.344 45.348 45.350 44.351 45.349 50.345 62.340 56.335 0.000 71.276 72.263 50.246 57.226 74.203 68.180 55.155 45.130 51.105 52.079 55.049 40.034 0.000 0.000 0.000 0.000 0.000 0.000 0.000 0.000 0.000 4.761 50.762 47.764 47.766 45.770 45.774 45.780 45.788 45.797 44.808
70.175 53.175 53.173 55.169 57.162 76.152 84.148 84.147 84.149 86.153 60.154 0.000 0.000 48.067 55.066 56.063 18.056 13.044 76.035 84.025 79.009 74.997 57.990 0.000 0.000 0.000 0.000 0.000 0.000 0.000 0.000 46.355 45.350 44.350 45.355 46.372 46.378 46.381 46.381 47.379 66.375 61.369 44.361 46.327 57.304 68.282 45.260 57.235 58.209 51.182 71.155 54.130 46.104 0.000 0.000 0.000 0.000 0.000 0.000 0.000 0.000 0.000 0.000 0.000 0.000 50.763 45.764 45.766 45.769 45.773 45.778 43.784 41.792 43.801
85.178 75.177 56.175 60.172 78.167 84.161 84.158 84.156 84.156 79.156 51.157 57.157 0.000 39.068 74.070 82.068 82.062 66.054 81.047 88.042 0.000 0.000 0.000 0.000 0.000 0.000 0.000 0.000 0.000 0.000 0.000 46.368 0.000 0.000 0.000 47.406 46.410 46.414 46.417 47.417 63.412 68.404 45.390 46.366 46.343 64.320 65.296 43.270 51.241 70.208 62.181 40.155 0.000 0.000 0.000 0.000 0.000 0.000 0.000 0.000 0.000 0.000 0.000 0.000 0.000 50.763 45.764 45.765 45.767 44.770 43.774 48.780 49.787 50.794
85.183 85.182 80.180 83.178 84.174 84.170 84.167 84.164 84.163 80.161 55.159 72.158 0.000 0.000 52.080 76.076 84.071 85.064 84.058 89.053 0.000 0.000 0.000 0.000 0.000 0.000 0.000 0.000 0.000 0.000 0.000 46.381 0.000 0.000 48.438 46.436 46.442 46.450 46.457 46.459 63.455 68.444 45.428 46.406 46.383 47.359 68.334 62.308 69.277 59.230 40.205 0.000 0.000 0.000 0.000 0.000 0.000 0.000 0.000 0.000 0.000 0.000 0.000 0.000 48.762 45.762 45.763 45.764 45.765 44.767 46.770 50.774 51.780 51.787
83.189 84.189 84.187 84.185 84.182 84.179 84.176 84.173 84.170 85.167 80.163 87.159 11.154 0.000 40.093 59.088 82.082 84.075 85.069 73.061 0.000 0.000 0.000 0.000 0.000 0.000 0.000 0.000 0.000 0.000 0.000 40.395 45.410 45.425 44.440 46.459 46.472 46.487 46.502 46.508 63.504 68.492 45.472 46.449 46.424 46.399 51.375 74.351 54.330 0.000 0.000 0.000 0.000 0.000 0.000 0.000 0.000 0.000 0.000 0.000 0.000 0.000 0.000 0.000 1.762 52.762 48.763 49.763 47.763 43.762 50.764 51.768 49.773 49.779
80.198 85.197 84.196 84.194 84.192 84.189 84.186 84.182 84.178 84.174 85.168 78.161 62.151 53.134 47.113 74.102 84.094 84.087 89.083 0.000 0.000 0.000 0.000 0.000 0.000 0.000 0.000 0.000 0.000 0.000 0.000 0.000 0.000 0.000 0.000 46.488 46.502 46.526 46.556 46.568 62.563 69.546 46.521 46.493 46.466 46.440 46.416 52.393 5.361 0.000 0.000 0.000 0.000 0.000 0.000 0.000 0.000 0.000 0.000 0.000 0.000 0.000 0.000 0.000 0.000 0.000 0.000 0.000 0.000 52.755 50.757 51.761 48.766 43.771
80.207 85.207 84.206 84.204 84.202 84.200 84.197 84.193 84.188 84.182 85.175 70.166 49.154 48.140 57.125 81.113 84.104 84.098 90.094 0.000 0.000 0.000 0.000 0.000 0.000 0.000 0.000 0.000 0.000 0.000 0.000 0.000 0.000 0.000 0.000 42.504 46.521 43.559 46.629 46.645 65.635 69.608 46.574 46.538 46.506 46.479 46.458 43.444 0.000 0.000 0.000 0.000 0.000 0.000 0.000 0.000 0.000 0.000 0.000 0.000 0.000 44.688 0.000 0.000 0.000 0.000 0.000 0.000 48.738 49.745 51.750 51.754 48.758 44.763
83.218 84.218 84.217 84.216 84.214 84.212 84.210 84.206 84.201 84.194 84.185 81.174 58.162 59.148 76.134 83.122 84.113 84.106 91.102 8.102 0.000 0.000 0.000 0.000 0.000 0.000 0.000 0.000 0.000 0.000 0.000 0.000 0.000 0.000 0.000 0.000 42.521 0.000 45.758 46.749 74.722 61.680 46.629 46.581 46.542 59.513 49.492 44.482 0.000 0.000 0.000 0.000 0.000 0.000 0.000 0.000 0.000 0.000 0.000 0.000 0.000 55.688 40.689 0.000 0.000 0.000 0.000 49.726 52.732 51.738 48.743 44.747 44.751 42.756
84.230 84.230 84.230 84.229 84.228 84.226 84.224 84.220 84.215 84.208 84.198 84.186 86.171 86.156 85.142 84.130 84.121 86.113 75.106 18.104 0.000 0.000 0.000 0.000 0.000 0.000 0.000 0.000 0.000 0.000 0.000 0.000 0.000 0.000 0.000 0.000 0.000 0.000 45.896 46.872 80.826 49.760 46.681 46.615 58.569 67.537 46.518 46.510 45.516 0.000 0.000 0.000 0.000 0.000 0.000 0.000 0.000 0.000 0.000 0.000 0.000 51.689 52.689 39.691 0.000 45.709 47.713 51.721 50.727 48.732 47.736 43.740 51.744 54.747
83.243 82.243 84.244 84.244 84.243 84.242 84.241 84.238 84.233 84.225 84.215 84.200 84.182 84.164 84.148 84.136 85.127 68.121 0.000 0.000 45.097 59.096 5.095 0.000 0.000 0.000 0.000 0.000 0.000 0.000 0.000 0.000 0.000 0.000 0.000 0.000 0.000 0.000 42.059 53.017 75.952 46.853 43.721 46.629 46.581 46.551 46.533 46.524 46.523 43.522 0.000 0.000 0.000 0.000 0.000 0.000 0.000 0.000 0.000 0.000 0.000 46.689 42.690 48.693 43.698 51.705 51.711 50.717 46.722 49.727 44.731 43.735 43.738 36.742
73.256 73.257 82.259 84.260 84.260 84.260 84.259 84.258 84.254 84.247 84.236 85.219 86.193 84.170 84.153 84.140 84.130 6.125 0.000 45.103 55.099 65.097 64.095 57.093 49.092 0.000 0.000 0.000 0.000 0.000 0.000 0.000 0.000 0.000 0.000 46.507 49.476 49.404 46.264 45.187 54.110 41.981 0.000 42.602 46.574 46.554 46.540 46.532 45.529 0.000 0.000 0.000 0.000 0.000 0.000 0.000 48.678 59.678 0.000 0.000 47.686 45.687 45.690 42.693 50.697 51.703 51.708 48.714 51.719 51.724 49.727 44.729 33.731 0.000
55.269 60.272 79.275 85.277 84.278 84.278 84.280 84.281 84.279 84.274 86.265 72.246 68.203 83.172 88.154 85.140 80.131 62.123 65.116 71.108 65.101 66.097 45.095 38.094 0.000 0.000 0.000 0.000 0.000 0.000 0.000 0.000 0.000 0.000 37.538 43.538 46.518 46.473 46.407 46.356 48.321 0.000 0.000 0.000 41.562 46.550 46.541 46.535 46.533 0.000 0.000 0.000 0.000 0.000 0.000 8.678 65.678 47.679 45.680 45.682 45.684 45.686 43.689 48.692 51.696 51.701 47.706 51.712 51.718 50.721 44.724 45.725 35.727 0.000
39.281 54.286 73.294 86.297 87.295 87.297 85.303 84.307 85.308 84.307 85.303 23.299 0.000 42.161 60.150 81.138 88.130 86.123 86.118 72.112 0.000 0.000 0.000 0.000 0.000 0.000 0.000 0.000 0.000 0.000 0.000 0.000 0.000 0.000 0.000 42.592 46.584 44.564 45.535 47.511 48.498 0.000 0.000 0.000 0.000 39.545 46.540 46.536 43.534 0.000 0.000 0.000 0.000 0.000 0.000 0.000 7.678 61.679 44.680 44.682 45.683 44.685 44.688 50.690 51.694 49.699 37.702 0.000 55.719 49.720 49.721 49.723 35.723 0.000
3.289 25.298 58.319 64.323 58.311 60.312 77.330 85.336 81.340 74.342 73.345 8.347 0.000 0.000 0.000 18.133 53.128 79.123 86.120 0.000 0.000 0.000 0.000 0.000 0.000 0.000 0.000 0.000 0.000 34.020 55.021 0.000 0.000 0.000 0.000 42.653 48.664 47.665 56.659 57.657 47.662 0.000 0.000 0.000 0.000 0.000 43.538 44.537 0.000 0.000 0.000 0.000 0.000 0.000 0.000 0.000 0.000 66.680 69.680 49.682 43.683 41.684 51.686 51.688 46.691 0.000 0.000 0.000 0.000 54.719 51.720 51.721 41.721 0.000
0.000 0.000 39.363 48.365 0.367 0.000 49.367 78.370 69.374 65.379 79.386 46.400 6.429 0.000 0.000 0.000 0.000 24.121 55.120 0.000 0.000 0.000 0.000 0.000 0.000 0.000 0.000 0.000 0.000 0.000 39.023 57.023 0.000 0.000 0.000 33.704 47.756 45.772 75.781 68.796 46.831 48.916 0.000 0.000 0.000 0.000 38.537 0.000 0.000 0.000 0.000 0.000 0.000 0.000 0.000 0.000 0.000 0.000 54.681 71.682 56.683 50.684 51.685 46.687 0.000 0.000 0.000 0.000 0.000 46.718 51.719 51.720 46.720 0.000
0.000 0.000 35.406 80.410 37.426 0.000 38.403 70.404 72.407 83.413 85.422 88.437 94.460 33.490 2.505 0.000 0.000 0.000 0.000 0.000 0.000 0.000 0.000 0.000 0.000 0.000 0.000 0.000 0.000 0.000 40.024 55.025 0.000 0.000 0.000 0.000 40.884 48.887 78.897 60.915 48.949 48.003 53.061 0.000 0.000 0.000 0.000 0.000 0.000 0.000 0.000 0.000 0.000 0.000 0.000 0.000 0.000 0.000 0.000 0.000 59.683 49.683 47.684 0.000 0.000 0.000 0.000 0.000 45.716 44.717 46.718 40.719 0.000 0.000
8.475 23.467 57.447 75.443 83.447 52.451 65.439 88.437 85.439 84.445 84.454 84.467 84.485 90.504 93.522 49.541 8.552 0.000 53.579 67.580 60.579 62.578 18.577 0.000 0.000 0.000 0.000 0.000 0.000 0.000 19.026 41.028 47.034 47.040 50.048 9.056 42.008 70.998 73.004 50.021 48.049 48.086 51.119 0.000 0.000 0.000 0.000 0.000 0.000 0.000 0.000 0.000 0.000 0.000 0.000 0.000 0.000 0.000 0.000 0.000 0.000 0.000 0.000 0.000 0.000 0.000 0.000 47.716 42.716 40.716 0.000 0.000 0.000 0.000
81.484 84.480 84.472 82.468 80.469 81.469 83.466 83.466 84.468 85.474 85.483 84.494 77.508 81.523 84.537 88.551 92.563 93.574 85.580 81.581 78.581 73.579 75.577 68.574 24.572 2.571 0.000 0.000 0.000 0.000 0.000 0.000 0.000 0.000 0.000 66.112 55.097 84.093 75.099 62.116 49.141 48.174 48.212 52.266 48.265 0.000 0.000 0.000 0.000 0.000 0.000 0.000 0.000 0.000 0.000 0.000 0.000 0.000 0.000 0.000 0.000 0.000 0.000 0.000 0.000 0.000 0.000 0.000 0.000 0.000 0.000 0.000 0.000 0.000
84.499 79.497 77.493 76.491 70.491 67.491 68.491 68.492 74.496 79.501 79.509 72.519 56.530 71.542 84.554 84.565 84.574 84.582 84.585 84.586 85.584 85.581 88.577 89.574 89.572 89.570 28.570 0.000 0.000 0.000 0.000 0.000 0.000 0.000 0.000 38.182 64.178 69.178 53.186 70.203 58.227 48.256 48.289 51.321 0.000 0.000 0.000 0.000 0.000 0.000 0.000 0.000 0.000 0.000 0.000 0.000 0.000 0.000 0.000 0.000 0.000 0.000 0.000 0.000 0.000 0.000 0.000 0.000 0.000 0.000 0.000 0.000 0.000 0.000
54.516 27.515 49.514 63.513 61.513 41.514 26.515 22.518 42.522 59.527 58.535 51.543 46.553 56.563 77.573 85.582 84.589 84.593 84.595 84.593 84.590 88.585 63.579 51.575 50.572 54.570 57.570 0.000 0.000 0.000 0.000 0.000 0.000 0.000 0.000 36.259 72.253 55.254 47.266 57.284 68.308 52.336 48.369 48.409 54.466 0.000 0.000 0.000 0.000 0.000 0.000 0.000 0.000 0.000 0.000 0.000 0.000 0.000 0.000 0.000 0.000 0.000 0.000 0.000 0.000 0.000 0.000 0.000 0.000 0.000 0.000 0.000 0.000 0.000
44.536 15.536 37.535 52.535 48.536 25.537 11.540 15.543 35.547 49.553 47.560 47.567 48.576 46.585 65.593 82.601 84.606 84.609 84.608 84.604 83.598 46.591 0.000 0.000 0.000 0.000 0.000 0.000 0.000 42.435 62.436 14.437 0.436 0.000 43.385 60.342 77.323 54.321 48.339 46.360 63.384 65.412 51.443 48.479 48.524 51.576 60.599 0.000 0.000 0.000 0.000 0.000 0.000 0.000 0.000 0.000 0.000 0.000 0.000 0.000 0.000 0.000 0.000 0.000 0.000 0.000 0.000 0.000 0.000 0.000 0.000 0.000 0.000 0.000
57.557 53.557 48.557 47.558 48.559 50.561 51.564 54.567 53.572 49.578 48.584 48.592 48.600 47.608 54.616 76.622 85.627 84.629 86.626 58.617 24.607 0.000 0.000 0.000 0.000 0.000 0.000 0.000 0.000 7.435 29.436 32.438 36.443 50.449 47.428 68.402 65.378 39.369 46.409 48.434 50.459 63.485 55.512 50.543 48.575 47.606 64.623 55.633 49.632 0.000 0.000 0.000 0.000 0.000 0.000 0.000 0.000 0.000 0.000 0.000 0.000 0.000 0.000 0.000 0.000 0.000 0.000 0.000 0.000 0.000 0.000 0.000 0.000 11.363
47.578 48.579 48.579 48.580 48.582 48.585 48.588 48.592 48.597 48.603 48.609 48.617 48.624 48.632 46.640 67.647 84.652 86.654 82.650 8.634 0.000 0.000 0.000 0.000 0.000 0.000 0.000 0.000 0.000 0.000 0.000 0.000 0.000 34.478 51.476 77.460 51.419 0.000 34.493 49.510 47.532 51.556 52.580 61.605 50.629 48.648 47.657 43.645 0.000 0.000 0.000 0.000 0.000 0.000 0.000 0.000 0.000 0.000 0.000 0.000 0.000 0.000 0.000 0.000 0.000 0.000 0.000 0.000 0.000 0.000 0.000 0.000 16.538 81.460
48.601 48.601 48.602 48.603 48.605 48.608 48.612 47.616 47.621 48.627 48.634 48.642 48.650 48.658 47.666 55.674 70.681 81.686 69.689 0.000 0.000 0.000 0.000 0.000 0.000 0.000 0.000 0.000 0.000 0.000 0.000 0.000 0.000 11.509 60.540 85.545 0.000 0.000 32.561 50.583 48.605 47.627 55.648 66.669 54.688 48.703 52.711 0.000 0.000 0.000 0.000 0.000 0.000 0.000 0.000 0.000 0.000 0.000 0.000 0.000 0.000 0.000 0.000 0.000 0.000 0.000 0.000 0.000 0.000 0.000 0.000 0.000 73.616 87.560
48.623 48.624 48.625 48.627 48.629 48.632 48.636 52.641 53.646 49.652 48.659 48.667 48.676 48.685 48.694 47.703 50.713 59.722 59.731 0.765 0.000 0.000 0.000 0.000 0.000 0.000 3.011 0.000 0.000 0.000 0.000 0.000 0.000 0.000 64.632 79.635 2.664 0.000 16.607 47.655 48.680 48.700 47.718 52.736 54.752 50.765 52.773 0.000 0.000 0.000 0.000 0.000 0.000 0.000 0.000 0.000 0.000 0.000 0.000 0.000 0.000 0.000 0.000 0.000 0.000 0.000 0.000 0.000 0.000 0.000 0.000 57.844 66.749 66.675
48.646 48.647 48.648 48.650 48.653 48.656 47.660 59.665 64.671 51.677 48.685 48.693 48.702 48.712 48.722 48.733 48.745 47.758 50.775 31.801 0.000 0.000 0.000 0.000 0.000 45.011 66.012 28.012 19.010 18.006 0.000 0.000 0.000 45.776 87.722 61.699 61.694 0.000 0.000 33.750 50.761 48.775 48.789 46.804 62.819 66.834 60.845 0.000 0.000 0.000 0.000 0.000 0.000 0.000 0.000 0.000 0.000 0.000 0.000 0.000 0.000 0.000 0.000 0.000 0.000 0.000 0.000 0.000 0.000 0.000 32.016 82.940 68.861 81.793
48.669 48.670 48.671 48.673 48.676 48.680 47.684 60.690 66.696 50.703 48.710 48.719 48.729 48.739 48.750 48.763 48.777 48.793 48.812 54.836 25.864 0.000 0.000 0.000 0.000 8.012 23.013 45.017 53.013 57.002 30.979 6.945 41.898 79.831 77.781 57.746 39.719 0.000 0.000 33.835 50.840 49.849 52.861 47.873 56.888 79.905 76.930 21.976 0.000 2.073 0.000 0.000 0.000 0.000 0.000 0.000 0.000 0.000 0.000 0.000 0.000 0.000 0.000 0.000 0.000 0.000 0.000 0.000 0.000 0.000 69.092 125.037 107.971 129.879
45.693 46.693 47.695 47.697 48.700 48.704 46.709 61.714 64.720 47.728 48.736 48.745 48.755 48.766 48.778 48.792 48.807 48.824 48.844 48.867 54.894 34.922 0.000 0.000 0.000 0.000 0.000 21.029 52.023 48.011 50.990 54.960 66.919 83.871 67.826 35.785 0.000 0.000 0.000 32.914 49.917 52.923 65.931 51.942 61.955 62.971 81.992 86.023 69.059 19.074 0.000 0.000 0.000 0.000 0.000 0.000 0.000 0.000 0.000 0.000 0.000 0.000 0.000 0.000 0.000 0.000 0.000 0.000 0.000 55.317 65.222 66.148 69.079 88.054
66.716 61.717 56.719 54.721 50.724 46.728 46.733 61.739 64.745 46.753 48.761 48.771 48.781 48.793 48.806 48.820 47.836 46.854 47.874 47.897 47.922 53.951 30.986 8.006 0.000 0.000 0.000 20.047 58.042 52.031 47.012 59.985 82.949 76.908 44.866 0.000 0.000 0.000 0.000 30.992 48.992 53.994 61.000 56.009 61.019 60.032 73.047 67.065 60.082 33.090 0.000 0.000 0.000 0.000 0.000 0.000 0.000 0.000 0.000 0.000 0.000 0.000 0.000 0.000 0.000 0.000 0.000 0.000 32.491 60.412 129.330 93.262 125.145 108.817
86.740 85.741 81.742 76.745 72.748 67.752 62.757 58.763 53.770 47.778 48.787 48.796 48.807 48.820 47.833 49.848 55.864 60.883 59.903 57.925 51.949 46.974 51.002 57.026 21.054 2.072 6.078 40.072 63.067 54.058 50.043 73.019 84.984 40.946 0.000 0.000 0.000 0.000 1.123 35.072 48.063 53.063 69.067 59.075 52.083 45.091 51.100 69.108 66.114 72.116 0.000 0.000 0.000 0.000 0.000 0.000 0.000 0.000 0.000 0.000 0.000 0.000 0.000 0.000 0.000 0.000 0.000 0.000 67.570 58.508 68.438 91.331 67.502 106.957
