results1/res_4e8f-0083.wd
ncols         241
nrows         181
xllcorner     12693529.787448
yllcorner     3542525.717860
cellsize      155.156523
NODATA_value  -9999.000000
[rows 33 to 65 of 181, columns 73 to 145 of 241]
0.000 0.000 0.000 0.000 0.000 0.000 0.000 0.000 0.000 0.000 0.000 0.000 0.000 0.000 0.000 0.000 0.000 0.000 0.000 0.000 0.000 0.000 0.000 0.000 0.000 0.000 0.000 0.000 0.000 0.000 0.000 0.000 0.000 0.000 0.000 0.000 0.000 0.000 0.000 35.656 58.657 63.658 19.660 0.000 0.000 28.722 42.745 9.728 0.732 32.757 35.767 29.764 30.749 31.719 31.675 31.616 31.544 30.459 36.358 56.217 2.875 10.081 7.545 42.842 59.355 63.908 62.490 63.115 61.674 63.785 58.861 58.431 58.422
0.000 0.000 0.000 0.000 0.000 0.000 0.000 0.000 0.000 0.000 0.000 0.000 0.000 0.000 0.000 0.000 0.000 0.000 0.000 0.000 0.000 0.000 0.000 0.000 0.000 0.000 0.000 0.000 0.000 0.000 0.000 0.000 0.000 0.000 0.000 0.000 0.000 0.000 0.000 0.000 10.657 5.657 0.000 0.000 0.000 0.000 24.818 0.000 0.000 22.789 46.820 45.823 35.808 31.777 31.727 31.660 31.575 30.479 52.383 50.300 0.000 33.080 45.712 59.208 63.734 63.284 62.877 62.405 63.486 59.521 58.772 59.019 61.335
0.000 0.000 0.000 0.000 0.000 0.000 0.000 0.000 0.000 0.000 0.000 0.000 0.000 0.000 0.000 0.000 0.000 0.000 31.165 63.165 16.165 0.000 0.000 0.000 0.000 0.000 0.000 0.000 0.000 0.000 0.000 0.000 0.000 0.000 0.000 0.000 0.000 0.000 0.000 0.000 0.000 0.000 0.000 0.000 0.000 0.000 16.891 0.000 0.000 0.000 24.903 42.899 42.884 33.853 31.799 31.719 29.617 45.499 54.393 0.000 18.875 43.446 58.014 64.547 64.082 63.648 63.147 65.197 61.196 59.243 59.627 61.961 61.216
0.000 0.000 0.000 0.000 0.000 0.000 0.000 0.000 0.000 0.000 0.000 18.165 56.165 0.000 0.000 0.000 0.000 0.000 38.165 89.165 45.165 0.000 0.000 0.000 0.000 0.000 0.000 0.000 0.000 0.000 0.000 0.000 0.000 0.000 0.000 0.000 0.000 0.000 0.000 0.000 0.000 0.000 0.000 0.000 0.000 0.000 19.964 20.998 28.015 14.016 23.990 31.985 44.978 35.951 31.895 28.802 39.675 49.508 38.299 13.893 43.304 60.817 65.351 64.880 64.429 63.901 63.919 62.889 59.831 60.253 62.593 61.849 61.626
0.000 0.000 0.000 0.000 0.000 0.000 0.000 0.000 0.000 0.000 0.000 39.165 74.165 63.166 50.166 5.166 0.000 23.165 77.165 85.165 50.165 0.000 0.000 0.000 0.000 19.015 0.000 0.000 0.000 0.000 0.000 0.000 0.000 0.000 0.000 0.000 0.000 3.022 0.000 0.000 0.000 7.024 25.024 0.000 0.000 36.011 51.003 54.015 52.030 38.044 32.055 31.074 45.090 36.080 28.026 41.921 55.771 43.559 31.399 46.078 50.632 63.165 65.689 65.224 64.673 64.658 62.602 60.533 60.905 63.243 62.495 62.269 61.948
0.000 0.000 0.000 0.000 0.000 0.000 0.000 0.000 0.000 0.000 0.000 10.165 72.166 55.166 36.166 0.000 19.166 69.166 80.165 87.165 46.165 0.000 0.000 0.000 0.000 57.015 41.015 0.000 0.000 0.000 0.000 0.000 0.000 0.000 0.000 0.000 20.022 32.023 34.023 0.000 0.000 16.024 41.024 20.024 34.023 57.020 60.020 61.030 58.047 45.074 32.111 29.166 46.230 37.251 41.210 59.085 52.928 0.000 29.662 48.385 60.981 66.520 66.046 65.475 65.424 63.347 61.369 61.591 63.918 63.166 62.932 62.601 62.285
0.000 0.000 0.000 0.000 0.000 0.000 0.000 0.000 0.000 0.000 0.000 0.000 0.000 23.166 61.166 57.166 45.166 58.166 78.166 89.165 42.164 0.000 0.000 0.000 0.000 19.015 43.015 45.015 0.000 0.000 0.000 0.000 0.000 0.000 0.000 0.000 36.022 37.023 49.023 32.023 21.024 35.024 36.024 32.025 39.025 46.025 44.029 37.038 56.055 22.093 38.151 41.248 31.414 43.485 56.478 53.282 0.000 4.629 41.202 57.819 66.390 66.903 66.329 66.237 63.144 62.381 62.323 64.628 63.871 63.626 63.283 62.951 62.615
0.000 0.000 0.000 0.000 0.000 0.000 0.000 0.000 0.000 0.000 0.000 0.000 0.000 13.166 80.166 75.167 65.167 55.167 79.166 87.165 82.163 67.161 22.159 0.000 0.000 0.000 0.000 53.016 37.016 35.016 46.016 41.017 4.017 0.000 0.000 0.002 36.022 35.023 56.023 62.023 51.024 43.024 35.025 32.025 33.026 34.028 33.031 31.037 39.043 0.070 0.000 0.550 36.692 59.795 57.935 0.000 3.430 41.057 54.694 64.311 67.823 67.357 68.107 64.027 63.653 63.124 65.389 64.620 64.361 64.004 63.656 63.299 62.939
0.000 0.000 0.000 0.000 0.000 0.000 0.000 0.000 0.000 0.000 0.000 0.000 0.000 0.000 13.167 52.167 27.168 63.168 82.167 87.166 85.163 83.160 72.157 31.155 0.000 0.000 0.000 9.016 48.016 48.016 61.016 59.017 52.017 47.017 0.000 0.000 3.022 40.022 59.023 66.023 58.024 42.024 31.025 32.026 32.027 32.029 32.032 32.035 36.038 0.000 0.000 0.000 6.881 44.070 13.533 10.866 45.759 50.517 62.227 68.807 68.633 66.840 65.131 65.325 64.031 66.220 65.429 65.147 64.770 64.405 64.032 63.652 63.257
0.000 0.000 0.000 0.000 0.000 0.000 0.000 0.000 0.000 0.000 0.000 0.000 0.000 0.000 0.000 0.000 84.170 84.170 86.169 86.167 85.164 79.159 73.155 44.152 0.000 0.000 0.000 0.000 0.000 16.016 61.017 55.017 70.017 67.018 46.019 25.020 26.022 35.022 57.023 66.023 57.024 40.025 30.025 35.027 34.028 32.030 32.031 32.033 33.035 25.034 0.000 0.000 0.000 0.000 5.260 48.308 51.218 59.048 69.748 69.838 68.179 69.995 67.625 65.107 67.156 66.317 65.994 65.588 65.200 64.808 64.415 64.019 62.598
0.000 0.000 0.000 0.000 0.000 0.000 19.009 42.008 0.000 19.969 59.960 48.950 52.941 27.936 0.000 0.000 20.172 92.173 86.173 83.170 80.165 83.158 74.151 37.147 0.000 0.000 0.000 0.000 0.000 0.000 0.000 5.017 59.017 60.018 11.018 0.000 2.022 39.022 57.023 62.023 52.024 43.025 41.026 3.027 10.028 38.030 32.031 32.032 33.034 39.034 47.034 9.034 0.000 0.000 20.939 53.890 57.771 68.564 70.762 70.385 73.706 72.250 66.516 68.242 67.308 66.915 66.465 66.044 65.627 65.213 64.803 64.410 70.094
0.000 0.000 0.000 0.000 0.000 0.000 19.010 62.007 3.996 53.977 55.962 67.949 50.938 35.930 0.000 0.000 8.174 77.176 89.180 86.177 86.168 87.156 81.145 35.138 0.000 0.000 0.000 0.000 0.000 0.000 0.000 0.000 0.000 44.018 3.018 0.000 0.000 45.023 42.023 54.023 11.023 0.000 0.000 0.000 0.000 4.030 42.031 36.032 0.000 29.034 63.034 46.033 0.000 0.000 25.675 59.510 68.402 71.511 71.259 75.469 74.727 67.936 69.417 68.385 67.906 67.398 66.936 66.489 66.052 65.615 65.174 64.725 69.273
17.287 61.285 51.283 0.000 0.000 0.000 13.013 73.016 49.003 50.983 56.963 80.945 81.930 76.918 30.906 0.000 0.000 0.000 37.196 91.188 86.173 87.154 84.135 43.122 0.000 0.000 0.000 0.000 0.000 0.000 0.000 0.000 0.000 2.018 0.000 0.000 0.000 0.000 0.000 0.000 0.000 0.000 0.000 0.000 0.000 0.000 0.000 17.031 14.031 0.000 0.000 0.000 0.000 15.076 52.493 69.439 71.106 72.030 76.391 76.012 69.000 70.490 69.456 68.922 68.366 67.864 67.387 66.928 66.475 66.021 65.553 65.045 67.423
17.288 73.285 55.281 51.276 0.000 0.000 0.083 65.041 67.016 66.988 78.961 75.939 87.920 86.905 47.894 0.000 0.000 0.000 13.220 93.206 86.182 87.152 84.120 44.093 0.000 0.000 4.731 52.699 64.664 33.640 0.000 0.000 0.000 0.000 0.000 0.000 0.000 0.000 0.000 0.000 0.000 0.000 0.000 0.000 0.000 0.000 0.000 0.000 2.031 0.000 0.000 0.000 13.045 53.549 70.503 71.078 77.286 76.774 70.320 70.851 71.303 70.428 69.895 69.325 68.799 68.300 67.822 67.358 66.901 66.441 65.971 72.478 12.950
81.290 78.286 57.280 58.271 50.260 0.000 55.134 50.091 58.033 70.992 74.955 85.930 86.906 85.887 54.872 0.000 0.000 0.000 12.258 92.234 86.197 87.152 82.100 62.038 45.940 46.850 46.762 54.702 75.652 42.616 0.000 0.000 0.000 0.000 0.000 0.000 0.000 0.000 0.000 0.000 0.000 0.000 0.000 0.000 0.000 0.000 0.000 0.000 0.000 0.000 11.151 41.924 51.424 70.404 71.989 78.670 78.062 70.886 72.573 71.871 71.285 70.776 70.230 69.707 69.202 68.715 68.244 67.783 67.328 66.872 73.412 18.945 0.000
78.293 73.289 71.281 54.269 58.249 58.217 49.178 42.155 0.000 0.000 16.937 75.918 86.889 84.864 69.835 36.795 0.000 0.000 61.319 82.277 87.220 86.158 87.091 77.017 52.933 49.848 48.767 57.695 75.627 58.556 44.459 45.382 49.324 60.289 24.275 0.000 0.000 0.000 0.000 0.000 0.000 0.000 0.000 0.000 0.000 0.000 0.000 0.000 0.000 0.000 22.355 62.190 70.130 72.772 79.561 79.161 71.632 73.269 72.457 72.049 71.565 71.063 70.563 70.069 69.586 69.115 68.655 68.203 67.755 73.308 19.860 0.000 0.000
67.298 19.294 87.288 58.275 52.250 53.225 55.207 55.197 44.207 0.000 0.000 0.000 20.868 91.846 81.810 59.754 51.661 58.555 57.422 59.333 67.250 68.168 55.087 52.007 49.926 49.844 48.762 57.683 72.605 51.524 48.438 53.362 69.303 72.268 57.261 31.261 0.000 0.000 0.000 0.000 0.000 0.000 0.000 0.000 0.000 0.000 0.000 0.000 0.000 13.213 55.049 70.650 73.483 80.122 79.882 72.350 73.964 73.151 72.761 72.296 71.831 71.360 70.887 70.419 69.958 69.505 69.059 68.618 74.181 19.744 0.000 0.000 0.000
13.305 86.303 87.299 73.294 0.000 0.246 60.226 56.219 67.217 58.217 0.000 0.000 0.000 79.842 76.806 61.750 52.673 49.583 49.481 52.384 65.278 73.178 76.083 68.999 58.919 51.838 50.755 66.671 69.585 44.497 48.407 48.324 49.257 53.219 32.240 0.000 0.000 0.000 2.894 0.000 0.000 0.000 0.000 0.000 0.000 0.000 0.000 16.462 48.127 55.973 69.477 80.782 80.388 73.439 74.018 74.560 73.844 73.451 72.998 72.555 72.107 71.657 71.208 70.763 70.322 69.888 70.458 77.031 20.606 0.000 0.000 0.000 0.000
91.312 87.314 87.313 87.309 74.302 57.282 57.253 57.235 48.225 0.000 13.951 20.951 72.923 69.872 72.824 65.767 66.698 66.621 66.537 69.443 64.301 64.183 66.069 69.988 70.912 68.834 64.750 75.661 73.568 61.470 62.371 62.272 64.181 39.112 0.000 0.000 0.000 0.000 3.894 0.000 0.000 0.000 0.000 0.000 0.000 3.339 51.123 51.687 72.697 73.248 81.896 81.398 75.946 75.644 75.012 74.522 74.119 73.679 73.248 72.816 72.384 71.953 71.525 71.101 70.681 71.266 74.853 7.442 0.000 0.000 0.000 0.000 0.000
90.321 86.327 86.329 87.326 84.314 62.294 56.268 57.244 58.222 50.201 0.000 64.979 61.947 62.901 63.850 58.794 62.733 67.667 75.602 60.549 0.000 0.000 11.020 68.972 64.908 64.835 64.750 64.656 64.554 64.446 64.333 64.212 62.083 56.935 29.738 0.000 5.439 49.212 55.894 67.555 37.284 0.000 0.000 0.000 0.000 52.532 63.337 75.263 75.896 82.651 82.309 76.620 76.276 75.521 75.171 74.759 74.337 73.917 73.497 73.078 72.660 72.246 71.837 71.435 72.036 74.641 22.247 0.000 0.000 0.000 0.000 0.000 0.000
76.328 76.343 76.353 87.350 87.336 77.312 53.282 56.250 57.219 57.181 63.118 72.039 55.984 52.934 50.882 57.828 72.771 71.713 56.656 36.603 0.000 0.000 0.000 0.000 53.914 48.848 48.760 48.659 48.547 49.428 52.301 53.162 53.003 51.809 52.541 51.124 50.666 59.303 65.916 63.488 70.012 67.400 61.847 59.313 61.682 73.242 76.735 76.521 83.148 82.932 77.281 76.915 76.146 75.799 75.383 74.974 74.564 74.153 73.745 73.338 72.933 72.534 72.145 72.764 73.388 12.014 0.000 0.000 0.000 0.000 0.000 0.000 0.000
0.000 42.366 54.388 82.386 86.368 67.336 50.296 49.257 57.222 57.184 56.135 50.075 51.017 56.967 73.917 72.864 55.810 48.757 38.707 0.000 58.357 67.303 63.220 64.115 66.985 69.884 68.782 69.671 72.548 71.418 68.281 70.132 64.960 50.754 54.494 53.164 57.796 75.419 81.979 78.467 71.878 66.337 67.849 74.296 79.135 77.540 83.757 83.396 77.300 78.898 77.465 76.785 76.426 76.007 75.601 75.194 74.789 74.388 73.991 73.596 73.201 73.811 71.443 67.088 18.738 0.000 0.000 0.000 0.000 0.000 0.000 0.000 0.000
0.000 0.000 47.449 66.437 77.412 52.370 44.309 51.261 49.229 56.199 57.162 57.109 50.043 67.002 58.955 47.901 50.846 42.801 0.000 67.488 70.411 70.332 72.243 73.140 76.027 79.921 78.814 78.696 78.557 80.414 81.274 79.123 66.952 52.753 54.518 54.243 53.937 56.599 30.113 2.524 91.694 133.242 110.775 76.709 78.224 84.768 84.312 77.767 80.483 77.882 77.422 77.046 76.632 76.225 75.817 75.411 75.011 74.619 74.236 73.853 75.463 70.067 58.729 13.409 0.000 0.000 0.000 0.000 0.000 0.000 0.000 0.000 30.011
0.000 0.000 2.523 23.499 58.475 40.422 0.000 46.247 51.234 51.221 57.204 46.156 0.000 51.043 48.999 50.940 51.874 61.798 75.696 72.566 74.465 80.373 90.278 134.176 131.063 130.958 130.856 130.742 131.569 115.408 47.276 50.134 47.973 55.788 54.581 51.352 49.109 30.927 0.000 0.000 0.468 58.040 75.119 79.740 85.480 85.154 77.389 79.074 78.358 78.039 77.653 77.253 76.850 76.442 76.031 75.621 75.223 74.843 75.480 74.120 65.730 54.264 11.996 0.000 0.000 0.000 0.000 0.000 0.000 0.000 0.000 21.156 42.087
73.729 21.693 10.621 73.562 51.566 0.000 0.000 0.000 45.240 58.246 50.277 0.000 3.204 59.127 50.059 60.987 73.910 73.823 78.723 81.614 74.512 60.415 51.321 47.221 45.092 47.991 48.911 35.848 0.000 52.374 49.289 48.165 52.016 55.847 52.668 44.475 51.219 32.073 0.000 0.000 53.362 70.389 80.143 85.975 85.754 77.992 79.665 78.947 78.638 78.253 77.868 77.473 77.070 76.662 76.244 75.821 75.418 76.050 71.720 60.415 17.073 0.000 0.000 0.000 0.000 0.000 0.000 0.000 0.000 0.000 0.000 39.225 38.167
83.746 91.730 79.707 0.000 8.661 2.755 0.000 0.000 0.000 0.000 54.381 52.366 60.282 57.201 57.123 57.041 73.954 87.861 76.760 56.655 54.553 49.457 51.368 42.298 0.000 54.005 50.947 39.892 0.000 53.424 48.341 49.222 56.078 53.915 51.768 33.662 0.000 0.000 49.957 47.834 64.634 80.562 86.249 78.952 79.512 80.159 79.542 79.233 78.856 78.481 78.095 77.700 77.298 76.890 76.464 76.999 76.578 66.219 50.935 13.750 0.000 0.000 0.000 0.000 0.000 0.000 0.000 0.000 14.624 13.576 28.488 40.353 28.261
73.772 77.772 67.770 0.000 0.000 67.850 60.878 54.877 0.000 6.594 72.501 69.434 56.356 57.274 57.189 58.100 79.006 130.905 123.801 70.694 125.590 46.490 50.395 50.304 52.201 50.076 49.980 49.880 51.739 47.557 47.430 56.305 55.158 51.966 46.826 35.744 0.000 0.000 52.079 58.948 80.971 79.868 86.616 80.004 80.583 80.121 79.818 79.458 79.094 78.717 78.330 77.933 77.530 77.137 78.724 74.133 55.675 42.315 44.050 9.900 0.000 0.000 0.000 0.000 0.000 0.000 0.000 0.000 23.671 28.617 42.535 36.436 26.346
69.800 64.815 8.832 0.000 0.000 50.917 59.908 56.875 74.802 68.687 73.594 81.514 72.433 57.349 57.260 57.165 56.063 49.955 44.843 49.731 46.622 50.518 50.419 50.323 50.224 50.119 50.017 49.909 48.781 53.635 55.515 56.411 40.285 0.000 39.826 0.000 0.000 0.000 56.303 78.239 82.259 87.649 87.169 80.106 80.749 80.380 80.053 79.706 79.342 78.964 78.576 78.172 77.754 76.403 38.163 0.000 0.000 0.000 0.000 0.000 0.000 0.000 0.000 20.088 15.074 14.039 12.981 16.896 25.773 41.686 35.600 26.511 36.425
61.825 52.858 57.910 2.998 56.027 51.994 50.961 68.913 61.844 77.759 86.675 66.595 52.515 50.429 53.337 56.237 57.127 57.009 49.886 48.764 49.648 49.541 50.441 50.346 50.252 55.157 52.062 48.959 49.840 52.687 56.585 45.538 0.000 0.000 0.000 0.000 12.050 131.927 75.630 82.655 80.636 88.072 79.949 82.456 83.929 80.643 80.314 79.968 79.603 79.221 79.837 76.424 63.912 54.559 12.361 0.000 0.000 0.000 0.000 0.000 0.000 0.000 22.107 22.102 22.095 23.064 23.008 23.932 37.841 37.754 21.668 24.583 26.500
36.839 37.882 31.950 56.059 52.088 51.070 62.030 65.973 76.903 83.828 49.752 48.678 49.600 51.516 50.423 47.318 55.199 56.067 56.927 55.790 49.667 48.557 47.458 48.366 54.280 113.197 81.113 61.026 43.933 0.000 58.602 66.618 0.000 0.000 0.000 0.000 56.174 67.075 83.956 81.995 88.809 88.455 81.048 81.567 82.222 80.917 80.593 80.249 79.882 80.481 79.126 31.775 0.000 0.000 0.000 0.000 0.000 0.000 0.000 0.000 0.000 0.000 29.112 25.118 22.140 23.112 21.057 32.985 39.904 23.820 24.737 32.654 30.573
0.000 0.000 0.000 49.199 52.196 54.168 75.116 86.044 99.968 81.896 10.829 67.763 67.692 51.613 51.521 50.412 48.284 51.135 56.964 54.804 55.673 57.563 55.467 53.382 49.306 44.235 49.170 44.098 0.000 0.000 0.000 52.714 44.738 0.000 0.000 0.000 66.398 83.278 83.358 81.376 89.132 80.795 83.284 84.780 81.511 81.209 80.892 80.554 80.196 77.696 32.411 0.000 0.000 0.000 0.000 0.000 0.000 0.000 0.000 0.000 0.000 28.765 0.000 0.000 30.235 20.187 31.122 43.048 30.968 25.887 30.805 34.724 27.644
0.000 0.000 0.000 47.343 53.328 69.290 80.223 128.120 122.030 123.960 129.905 125.852 126.793 51.722 51.635 50.526 50.391 49.224 43.992 53.788 55.656 56.554 54.466 56.390 56.325 57.270 50.233 0.000 0.000 0.000 0.000 53.786 38.762 0.000 0.000 57.917 79.707 83.640 82.624 89.721 89.435 81.863 82.399 83.078 81.805 81.518 81.210 81.879 56.651 0.000 0.000 0.000 0.000 0.000 0.000 0.000 0.000 0.000 40.961 29.917 19.850 23.766 23.664 24.540 24.379 27.281 40.197 37.116 32.035 32.954 30.873 28.793 24.714
13.467 0.000 0.000 48.502 65.483 73.442 79.364 50.185 49.070 48.011 44.977 45.947 45.906 51.848 51.770 67.667 67.530 43.377 0.000 40.700 53.611 55.531 53.453 55.388 55.333 56.288 52.258 0.000 0.000 0.000 51.980 36.883 0.000 0.000 59.272 68.121 84.965 83.858 83.033 89.989 81.561 84.077 86.603 82.370 82.111 81.848 80.553 68.103 26.877 0.000 0.000 0.000 0.000 0.000 27.192 22.173 22.137 22.082 26.005 37.940 40.867 26.783 21.687 23.578 25.460 40.359 39.270 25.185 34.102 35.021 33.940 26.861 22.783
