results1/res_4e8f-0152.wd
ncols         241
nrows         181
xllcorner     12693529.787448
yllcorner     3542525.717860
cellsize      155.156523
NODATA_value  -9999.000000
[rows 0 to 32 of 181, columns 146 to 218 of 241]
0.000 0.000 0.000 0.000 0.000 0.000 0.000 0.000 0.000 0.000 0.000 0.000 0.000 0.000 5.425 16.286 17.059 16.780 16.470 16.148 15.832 15.536 15.272 15.046 14.863 14.720 14.614 14.540 14.494 14.468 14.457 19.453 0.000 0.000 0.000 0.000 0.000 0.000 0.000 0.000 0.000 0.000 0.000 0.000 0.000 0.000 0.000 0.000 0.000 17.337 24.337 0.000 0.000 43.112 48.112 0.000 0.000 0.000 0.000 0.000 0.000 0.000 0.000 0.000 0.000 0.000 0.000 0.000 0.000 0.000 0.000 0.000 0.000
0.000 0.000 0.000 0.000 0.000 0.000 0.000 0.000 0.000 0.000 0.000 0.000 0.000 0.983 16.565 17.374 17.112 16.810 16.482 16.143 15.812 15.504 17.233 16.005 14.822 14.682 14.581 14.514 14.473 14.454 14.450 19.449 0.000 0.000 0.000 0.000 0.000 0.000 0.000 0.000 0.000 0.000 0.000 0.000 0.000 0.000 0.000 0.000 14.338 36.337 12.337 0.000 22.113 55.112 49.112 0.000 0.000 0.000 0.000 0.000 0.000 0.000 0.000 0.000 0.000 0.000 0.000 0.000 34.091 0.000 0.000 0.000 0.000
0.000 0.000 0.000 0.000 0.000 0.000 0.000 0.000 0.000 0.000 0.000 0.000 0.000 20.199 18.852 17.532 17.207 16.865 16.503 16.131 15.768 17.436 17.151 14.918 14.738 14.606 14.516 14.460 14.431 14.424 16.439 10.444 0.000 0.000 0.000 0.000 0.000 0.000 0.000 0.000 0.000 0.000 0.000 0.000 0.000 0.000 0.000 0.000 26.338 0.000 0.000 17.113 48.113 10.113 0.000 0.000 0.000 0.000 0.000 0.000 0.000 0.000 0.000 0.000 3.097 0.000 0.000 0.000 37.091 9.091 0.000 0.000 0.000
0.000 0.000 0.000 0.000 0.000 0.000 0.000 0.000 0.000 0.000 0.000 0.000 2.868 19.590 18.111 17.695 17.318 16.941 16.536 16.110 16.694 16.322 15.015 14.778 14.606 14.489 14.416 14.378 14.366 20.373 0.000 0.000 0.000 0.000 0.000 0.000 0.000 0.000 0.000 0.000 0.000 0.000 0.000 11.339 0.000 0.000 0.000 10.339 70.339 0.337 0.000 23.113 50.114 0.000 0.000 0.000 0.000 0.000 0.000 0.000 0.000 0.000 9.097 15.097 34.097 0.000 0.000 27.091 36.091 37.091 9.091 0.000 0.000
0.000 0.000 0.000 0.000 0.000 0.000 0.000 0.000 0.000 0.000 0.000 8.110 1.309 2.789 18.309 17.818 17.428 17.045 16.589 16.078 16.575 16.143 14.810 14.574 14.419 14.327 14.282 14.270 15.283 16.328 0.000 0.000 0.000 0.000 0.000 0.000 0.000 0.000 0.000 0.000 0.000 0.000 12.339 35.339 30.340 0.000 0.000 26.339 54.339 0.000 0.000 0.000 50.115 5.115 0.000 0.000 0.000 0.000 0.000 0.000 0.000 0.000 49.098 53.097 55.097 0.000 0.000 40.092 35.091 35.091 45.091 0.000 0.000
0.000 0.000 0.000 0.000 0.000 0.000 0.000 0.000 0.000 0.000 10.805 3.421 1.802 1.249 1.336 15.841 17.533 17.221 16.698 18.040 17.384 14.864 14.508 14.289 14.169 14.119 14.115 14.138 20.168 0.000 0.000 0.000 0.000 0.000 0.000 0.000 0.000 0.000 0.000 0.000 0.000 0.000 0.000 15.340 36.340 28.340 26.340 8.340 39.340 12.340 0.000 0.000 35.115 48.116 39.116 37.116 46.116 0.000 0.000 0.000 0.000 0.000 49.098 51.098 56.097 35.095 24.094 41.093 44.092 0.000 0.000 0.000 9.074
0.000 0.000 0.000 0.000 0.000 0.000 0.000 0.000 0.000 0.000 7.188 3.907 3.548 3.058 0.404 0.591 10.641 18.608 17.940 18.000 15.058 14.422 14.069 13.903 13.850 13.865 13.920 13.998 9.083 0.000 0.000 0.000 0.000 0.000 32.354 65.354 0.000 0.000 5.354 46.354 0.000 0.000 0.000 12.340 36.340 49.340 84.340 46.340 47.340 18.340 0.000 0.000 32.116 51.116 36.117 32.116 49.116 0.000 0.000 0.000 0.000 0.000 36.099 42.098 38.097 38.095 42.094 45.093 53.092 0.000 0.000 0.000 32.074
0.000 0.000 0.000 0.000 0.000 0.000 0.000 0.000 0.000 30.387 30.854 7.449 3.072 3.320 2.988 0.760 0.351 5.629 18.456 15.962 14.425 13.696 13.443 13.406 13.463 13.570 14.704 11.851 0.000 0.000 0.000 0.000 0.000 0.000 7.354 53.354 60.354 42.354 34.354 6.354 0.000 0.000 0.000 0.000 0.000 10.341 77.341 56.341 3.341 0.000 0.000 0.000 0.000 44.118 59.117 57.117 59.116 51.115 43.113 46.111 45.108 54.105 58.102 55.100 56.098 56.096 51.094 46.092 43.091 0.000 0.000 0.000 0.000
0.000 0.000 0.000 0.000 0.000 0.000 0.000 0.000 24.460 41.920 43.393 32.920 9.524 1.948 2.987 0.797 2.669 7.777 6.295 15.966 12.985 12.496 12.600 12.814 13.026 14.246 14.475 0.000 0.000 0.000 0.000 0.000 0.000 0.000 0.000 5.354 51.355 61.355 66.355 5.354 0.000 0.000 0.000 0.000 0.000 6.342 49.342 41.342 46.341 13.341 0.000 0.000 28.120 56.119 41.119 35.118 42.117 54.115 42.113 41.111 50.109 59.106 46.103 42.101 45.098 51.096 57.094 59.092 57.089 43.086 34.083 17.080 26.078
0.000 0.000 0.000 0.000 0.000 0.000 0.000 20.551 30.000 45.441 42.877 43.314 35.751 12.195 1.112 4.634 14.141 6.373 2.183 2.959 6.053 10.701 11.646 12.224 12.583 17.914 0.000 0.000 0.000 0.000 0.000 0.000 5.357 3.357 0.000 0.000 18.355 64.355 17.355 0.000 0.000 0.000 0.000 0.000 0.000 45.344 55.343 31.342 47.342 67.342 7.342 0.000 34.121 58.121 37.120 31.119 34.118 47.116 36.114 36.112 38.110 40.107 37.104 38.102 32.099 36.096 42.094 43.091 41.089 50.086 52.083 55.080 63.078
0.000 0.000 0.000 0.000 0.000 0.000 25.645 24.103 47.546 43.967 43.359 42.707 42.970 38.033 20.533 12.259 7.920 0.000 0.029 4.296 2.161 3.263 11.060 11.852 17.166 0.000 0.000 0.000 0.000 0.000 0.000 0.356 42.357 1.357 0.000 0.000 25.356 65.356 4.355 0.000 0.000 0.000 0.000 0.000 40.348 84.346 17.344 20.343 42.342 69.342 9.342 0.000 31.123 56.122 36.122 29.121 32.119 34.118 30.116 29.113 36.111 52.108 35.105 31.103 45.100 41.097 38.094 45.091 45.088 48.085 57.082 61.080 48.077
0.000 0.000 0.000 0.000 0.000 29.663 18.186 46.670 45.115 44.523 43.885 43.186 42.390 42.434 39.243 24.954 4.286 0.235 0.042 46.004 4.443 0.065 0.083 13.959 10.062 0.000 0.000 0.000 0.000 0.000 0.000 0.356 38.357 33.357 42.357 54.357 58.357 48.357 0.000 0.000 3.355 39.354 54.353 59.352 83.350 39.349 0.000 0.000 44.342 32.342 0.000 0.000 34.125 61.124 48.124 32.123 80.121 108.120 57.118 33.115 49.113 96.110 48.107 25.104 90.101 63.097 38.094 45.091 47.088 37.085 46.082 59.079 42.076
0.000 0.000 0.000 0.000 0.000 19.140 40.768 47.275 45.722 45.123 44.474 43.762 42.969 42.068 42.062 40.984 30.177 4.832 50.614 47.682 0.292 0.122 0.043 0.047 0.000 0.000 0.000 0.000 0.000 0.000 3.357 37.357 33.357 38.358 52.358 62.358 46.358 33.357 0.000 0.000 1.355 48.355 47.354 43.353 82.351 42.351 0.000 0.000 23.342 15.342 0.000 27.129 55.128 57.127 51.126 39.125 38.124 71.122 112.120 50.117 43.114 100.111 51.108 25.105 97.102 67.098 30.095 32.091 38.088 29.085 43.082 42.079 30.075
0.000 0.000 0.000 0.000 23.626 33.988 49.470 46.940 46.376 45.773 45.124 44.421 43.653 42.822 41.871 41.137 40.000 52.355 52.026 0.863 0.405 9.516 0.000 0.000 0.000 0.000 0.000 0.000 0.000 53.356 56.356 38.357 37.358 52.358 62.358 48.359 31.359 33.358 33.358 31.358 29.357 41.356 44.355 54.354 94.353 28.352 0.000 0.000 60.342 10.342 0.000 24.131 54.130 54.130 41.129 33.128 29.126 39.125 36.122 76.120 107.117 124.113 105.110 94.106 120.103 114.099 105.095 51.092 31.088 48.085 43.081 32.078 27.075
0.000 0.000 0.000 24.788 34.264 51.717 48.184 47.639 47.070 46.468 45.828 45.143 44.420 43.587 43.049 40.691 52.387 52.385 36.572 18.899 6.068 0.000 0.000 0.000 0.000 0.000 0.000 0.000 39.354 6.355 0.000 17.357 55.358 59.358 51.359 36.360 2.361 0.000 0.358 35.359 31.358 41.357 40.356 63.355 60.354 0.000 0.000 2.343 63.342 9.342 0.000 22.133 52.133 64.133 43.132 49.131 72.130 49.128 31.126 55.123 78.119 112.116 78.112 58.108 106.104 96.100 71.096 40.092 26.088 97.085 65.081 37.078 27.074
0.000 0.000 0.000 30.311 49.926 49.432 48.908 48.363 47.796 47.201 47.573 46.923 45.173 44.757 42.191 52.436 52.393 40.131 41.757 39.396 23.365 4.363 0.000 0.000 0.000 0.000 0.000 41.354 10.354 0.000 0.000 0.000 23.358 55.359 33.360 31.362 37.363 0.365 0.000 36.361 34.360 40.358 41.357 63.355 59.354 0.000 0.000 23.343 70.343 6.342 0.000 24.135 55.135 58.136 39.136 39.135 85.134 120.132 69.129 37.126 53.122 100.118 60.114 27.109 93.105 80.101 38.096 30.092 23.088 104.085 68.081 40.077 41.074
0.000 0.000 30.890 48.220 51.695 50.179 49.653 49.111 48.550 48.964 47.364 46.673 46.342 43.780 52.839 52.571 41.617 42.466 41.479 31.846 12.602 0.000 0.000 0.000 0.000 0.000 0.000 37.354 11.354 0.000 0.000 0.000 0.000 0.000 0.000 36.364 33.367 32.369 34.368 36.364 32.362 40.360 42.358 54.356 50.353 12.349 31.346 64.344 15.343 0.000 0.000 24.138 51.138 57.139 43.140 28.140 30.139 55.137 42.134 24.130 42.126 97.121 53.116 19.111 90.106 75.102 33.097 29.093 25.089 103.084 68.080 40.077 31.073
0.000 30.139 43.559 52.986 51.455 50.936 50.413 49.878 50.324 49.763 48.113 47.834 45.278 53.744 53.240 43.254 44.261 42.147 29.354 0.000 0.000 0.000 0.000 0.000 0.000 0.000 0.000 0.000 11.354 0.000 0.000 0.000 0.000 0.000 0.000 0.000 40.372 50.372 61.370 49.367 38.364 42.362 39.360 44.357 37.353 56.349 74.345 62.343 8.342 0.000 0.000 23.139 49.141 54.143 60.145 58.146 46.145 36.143 49.139 81.135 100.130 121.124 101.119 84.113 118.108 111.102 93.098 53.093 26.089 101.084 73.080 45.076 32.072
27.190 38.719 53.221 52.709 52.203 51.697 51.185 51.660 51.131 49.515 49.274 46.734 54.940 54.319 44.801 45.962 46.910 25.154 0.000 0.000 0.000 0.000 0.000 0.000 0.000 0.000 0.000 0.000 0.000 0.000 0.000 0.000 0.000 0.000 0.000 0.000 38.377 42.376 60.374 19.371 0.000 49.364 40.362 43.359 39.353 27.347 46.344 61.342 48.341 7.340 0.000 0.000 14.144 57.146 59.153 52.154 40.152 49.149 100.145 91.140 72.134 73.128 74.121 74.115 74.109 75.103 77.098 48.093 28.089 100.084 76.080 39.076 33.071
30.661 54.327 53.895 53.428 52.950 52.464 51.968 51.470 50.887 50.680 48.159 56.250 55.587 46.245 47.477 46.482 41.991 1.481 0.000 0.000 0.000 0.000 0.000 0.000 0.000 0.000 0.000 0.000 0.000 0.000 0.000 0.000 0.000 0.000 0.000 0.000 39.382 50.381 34.380 0.000 3.373 46.369 43.366 10.364 0.353 31.343 45.341 60.340 57.339 26.339 0.000 0.000 0.000 0.000 26.165 41.164 25.162 86.158 87.153 36.147 42.139 84.131 55.123 27.116 73.109 63.104 43.098 41.093 32.089 100.084 71.080 28.075 29.071
48.466 56.034 54.603 54.159 53.705 54.239 52.774 52.228 52.059 49.563 57.600 56.922 46.596 48.861 47.870 48.263 17.618 0.000 0.000 0.000 0.000 0.000 0.000 0.000 0.000 0.000 0.000 0.000 0.000 0.000 0.000 0.000 0.000 0.000 0.000 6.394 59.390 57.387 61.384 58.382 54.377 54.373 48.370 7.367 0.353 31.340 44.338 62.337 69.337 32.338 0.000 0.000 0.000 0.000 20.179 33.176 53.172 100.167 63.161 23.154 91.146 92.135 41.125 28.116 49.109 105.103 64.098 32.094 32.089 95.084 113.079 100.074 105.068
58.149 55.738 55.325 54.902 54.467 56.035 53.526 53.403 50.945 58.966 58.280 41.882 46.104 50.175 46.656 23.950 0.000 0.000 0.000 0.000 0.000 0.000 0.000 0.000 0.000 0.000 0.000 0.000 0.000 0.000 0.000 0.000 0.000 0.000 0.000 58.399 57.396 58.392 60.388 59.384 57.380 58.376 51.372 6.369 0.000 32.339 44.335 67.332 40.334 0.000 0.000 0.000 0.000 18.205 48.195 27.190 92.184 86.178 30.171 86.163 99.154 48.139 36.126 39.115 34.108 65.103 104.098 61.094 24.090 95.085 98.080 72.073 14.065
48.816 55.446 56.057 55.653 55.250 54.771 54.691 52.271 60.296 59.654 25.095 30.286 33.185 51.864 35.495 0.000 0.000 0.000 0.000 0.000 0.000 0.000 0.000 47.990 36.989 0.000 0.000 0.000 0.000 0.000 0.000 0.000 0.000 0.000 0.000 35.406 29.403 32.398 36.393 31.388 30.383 29.379 31.374 35.369 29.360 22.343 37.329 16.322 0.000 0.000 0.000 0.000 0.000 20.214 43.209 34.203 35.196 35.189 27.181 48.174 49.169 0.000 0.000 10.110 40.105 33.101 55.097 48.094 30.090 63.086 11.083 0.000 9.059
27.521 43.173 55.801 58.426 55.969 55.919 53.506 61.399 60.889 34.201 0.000 43.613 0.000 55.473 23.985 0.000 0.000 0.000 0.000 0.000 0.000 0.000 0.000 54.990 48.989 0.000 0.000 0.000 0.000 0.000 0.000 0.000 0.000 21.457 0.000 36.417 32.411 32.403 32.397 32.391 32.386 32.381 32.377 34.372 12.369 0.000 7.317 38.305 8.294 0.000 0.000 0.000 21.235 52.228 40.223 39.217 31.210 32.200 32.192 30.183 44.179 4.180 0.000 0.000 11.102 36.099 31.096 44.094 43.092 0.000 0.000 0.000 9.055
19.272 26.920 49.567 54.147 57.109 54.653 62.159 61.821 41.070 16.878 0.000 60.255 58.158 44.581 0.000 0.000 0.000 0.000 0.000 0.000 0.000 0.000 57.997 63.992 34.988 0.000 0.000 0.000 0.000 0.000 0.000 0.000 0.000 38.457 36.449 33.434 32.422 29.408 33.400 33.394 33.389 33.384 33.379 36.376 9.373 0.000 0.000 36.288 36.284 6.278 0.000 0.000 6.242 39.241 32.238 31.233 30.224 30.212 30.201 30.189 31.183 40.182 0.000 0.000 0.000 4.097 37.095 40.094 38.093 0.000 0.000 0.000 33.053
23.043 33.680 38.308 36.212 47.772 62.551 62.403 46.041 24.807 18.312 0.000 39.968 52.641 26.111 0.000 0.000 0.000 0.000 46.047 52.043 44.035 42.019 51.003 43.992 33.982 0.000 0.000 0.000 0.000 0.000 0.000 0.000 0.000 36.465 33.458 32.446 6.434 0.000 38.401 32.396 32.391 32.385 32.381 33.378 7.375 0.000 0.000 37.275 36.274 7.273 0.000 0.000 36.249 32.257 32.257 32.252 31.243 31.222 35.211 0.000 2.183 5.182 0.000 0.000 0.000 0.000 37.093 32.093 32.092 33.092 0.000 5.052 35.052
34.776 48.419 24.140 23.017 62.609 62.608 49.020 35.750 32.091 36.933 0.000 7.011 42.326 0.000 0.000 0.000 0.000 42.055 46.051 48.047 46.043 0.000 0.000 0.000 45.967 29.952 0.000 0.000 0.000 0.000 0.000 0.000 4.492 46.480 43.470 18.460 0.000 0.000 51.406 37.400 33.393 32.386 36.381 13.379 0.000 12.253 50.255 31.262 35.265 7.267 0.000 0.000 0.000 37.280 32.279 36.276 3.273 0.000 0.000 0.000 0.000 0.000 0.000 0.000 0.000 0.000 37.092 32.092 32.092 37.092 0.000 0.000 9.051
55.473 44.062 24.130 19.633 62.566 24.049 29.778 32.011 35.691 54.279 63.738 51.738 0.000 0.000 0.000 0.000 40.063 34.059 40.055 55.051 54.048 0.000 0.000 0.000 0.000 46.937 0.000 0.000 0.000 32.552 0.000 0.000 48.504 47.494 53.481 46.465 11.449 65.433 62.416 60.406 58.395 50.386 31.379 18.379 0.000 26.250 79.250 33.254 34.257 8.262 0.000 0.000 0.000 42.304 28.303 33.301 4.300 0.000 0.000 0.000 0.000 0.000 0.000 0.000 0.000 33.091 35.092 37.092 31.092 36.092 0.000 0.000 6.051
64.051 51.151 33.456 62.133 20.059 21.851 21.023 20.668 30.239 57.778 53.194 24.466 0.000 0.000 39.074 5.072 47.068 39.063 50.059 45.053 24.051 0.000 0.000 0.000 0.000 50.922 26.917 0.000 0.000 28.552 36.552 40.544 42.525 44.512 34.496 31.470 39.448 39.434 59.422 42.410 36.398 34.382 14.369 0.000 2.259 21.248 89.242 45.246 11.249 0.000 0.000 0.000 0.328 55.330 28.328 35.326 7.325 0.000 0.000 0.000 0.000 0.000 0.000 0.000 12.091 35.091 50.091 48.091 41.091 0.082 0.000 0.000 7.050
62.100 60.345 61.675 38.977 26.886 23.033 22.674 21.252 27.844 43.397 38.796 0.000 0.000 0.000 42.077 63.075 58.072 59.067 41.063 0.000 0.000 0.000 0.000 0.000 41.908 32.912 24.913 0.000 0.000 0.000 40.561 44.554 44.542 44.531 28.523 0.000 35.441 36.433 60.426 46.416 40.402 26.377 33.346 48.308 68.269 57.241 81.225 46.238 10.243 0.000 0.000 0.000 0.000 53.357 29.354 30.350 35.349 0.000 0.000 0.000 0.000 0.000 0.000 0.000 0.000 5.091 54.091 51.091 4.091 0.000 0.000 0.000 3.050
60.172 61.607 60.822 59.840 41.990 21.643 22.232 22.850 21.483 24.169 0.000 0.000 0.000 0.000 58.081 48.079 46.077 42.072 0.000 0.000 0.000 0.000 0.000 42.903 33.904 29.905 12.909 0.000 0.000 0.000 40.576 48.569 57.558 56.548 58.541 46.542 0.000 4.433 63.432 47.426 21.419 0.000 36.332 46.308 73.270 35.222 19.179 0.000 0.000 0.000 0.000 0.000 6.406 44.389 31.379 32.373 35.371 8.379 0.000 0.000 0.000 0.000 0.000 0.000 0.000 0.000 11.091 12.091 0.000 0.000 0.000 0.000 4.049
61.610 60.591 62.708 62.875 46.551 23.155 25.787 25.429 23.068 23.629 0.000 38.089 0.000 4.088 52.086 52.085 59.084 0.000 0.000 16.985 4.985 0.000 0.000 37.902 31.899 25.897 0.000 0.000 0.000 0.000 38.599 39.587 41.574 40.561 38.550 30.544 0.000 0.000 65.444 51.436 36.428 0.000 35.342 46.321 70.280 26.198 22.091 5.017 0.000 0.000 0.000 0.000 6.423 51.412 30.401 32.390 32.385 33.387 37.390 9.391 0.000 0.000 0.000 0.000 0.000 0.000 0.000 0.000 0.000 0.000 0.000 0.000 0.000
61.292 63.495 62.690 63.393 37.016 27.666 47.329 41.010 22.733 0.496 0.000 35.089 50.090 55.089 41.090 62.091 54.091 0.000 0.000 30.985 61.985 13.980 0.000 38.905 32.895 29.885 0.000 0.000 46.699 42.673 38.633 40.609 45.589 45.571 43.556 54.540 46.518 6.494 65.465 57.447 57.430 49.407 30.374 48.352 56.334 0.000 24.970 7.943 0.000 0.000 0.000 0.000 16.450 55.437 27.423 29.402 30.394 31.392 36.393 8.393 0.000 0.000 0.000 0.000 0.000 0.000 0.000 0.000 0.000 0.000 0.000 0.000 0.000
