results1/res_4e8f-0199.wd
ncols         241
nrows         181
xllcorner     12693529.787448
yllcorner     3542525.717860
cellsize      155.156523
NODATA_value  -9999.000000
[rows 99 to 131 of 181, columns 0 to 72 of 241]
0.000 0.000 0.000 0.000 0.000 61.247 101.247 103.247 94.247 89.247 0.000 0.000 0.000 0.000 0.000 3.244 2.244 69.244 66.244 0.000 0.000 2.244 5.244 64.244 63.244 4.244 0.000 0.000 0.000 11.224 0.000 0.000 0.000 0.000 17.082 63.078 59.068 58.051 59.027 60.001 72.972 61.940 65.906 57.868 59.826 57.782 58.734 63.684 64.632 62.577 66.521 59.464 59.406 61.347 64.283 78.214 79.155 64.107 50.064 0.000 0.000 0.000 0.000 0.000 28.124 83.119 80.108 67.090 42.067 37.043 81.019 57.996 59.973
0.000 0.000 0.000 0.000 0.000 62.248 102.247 102.247 0.000 0.000 0.000 0.000 0.000 0.000 0.000 2.244 14.244 80.244 69.244 7.244 4.244 4.244 67.244 66.244 70.244 1.244 0.000 0.000 0.000 69.224 61.224 0.000 0.000 0.170 76.125 86.119 72.109 65.096 59.077 61.054 80.028 64.998 70.965 70.927 61.886 76.842 68.794 69.743 59.689 67.633 67.576 65.518 59.460 60.402 64.338 61.244 23.181 13.144 0.000 0.000 0.000 0.000 0.000 31.142 68.136 80.130 87.122 77.110 53.095 54.078 68.060 59.041 60.021
7.249 0.249 0.000 0.000 0.000 49.248 98.248 107.248 17.248 0.000 0.000 0.000 0.000 0.000 0.000 1.244 3.244 87.244 68.244 69.244 71.244 68.244 65.244 66.244 64.244 2.244 0.000 0.000 0.000 62.224 62.224 63.222 62.214 62.199 61.173 71.163 80.156 27.145 91.131 81.112 86.088 71.060 16.027 86.990 84.949 83.904 87.856 76.804 59.748 62.691 67.632 67.572 64.514 60.463 49.423 0.000 0.000 0.000 0.000 0.000 0.000 0.000 0.000 41.147 68.147 68.145 79.140 78.134 61.124 61.113 60.101 60.087 60.070
75.249 78.249 10.249 0.000 0.000 59.248 98.248 103.248 113.247 18.247 0.000 0.000 0.000 0.000 9.245 9.245 7.244 24.244 72.244 69.244 87.244 101.244 76.244 61.244 0.244 0.000 0.000 0.000 0.000 0.000 61.227 62.229 62.221 62.211 62.204 61.205 61.204 60.199 61.189 66.174 78.153 72.127 15.095 87.058 88.017 65.971 72.922 89.868 83.810 70.750 60.688 66.625 67.562 70.512 55.467 0.000 0.000 0.000 0.000 0.000 0.000 0.000 0.000 3.154 19.160 65.161 62.161 62.159 60.156 60.151 60.144 60.134 60.122
89.249 72.249 72.249 74.249 76.248 95.248 103.248 103.248 103.247 105.247 79.247 18.247 1.246 67.245 74.245 75.245 37.244 32.244 95.244 103.244 98.244 94.244 77.244 1.244 0.000 0.000 0.000 0.000 0.000 0.000 0.000 62.245 61.229 60.222 61.225 62.250 62.258 62.258 62.253 63.242 82.223 77.198 60.167 62.130 73.088 84.042 60.991 72.936 73.875 66.810 86.745 69.677 61.598 2.555 0.000 0.000 0.000 0.000 0.000 0.000 0.000 0.000 0.000 0.000 11.178 65.180 60.183 60.186 60.189 60.191 60.189 58.185 56.177
104.249 94.249 75.249 79.249 97.248 103.248 103.248 103.248 103.248 98.247 70.247 76.247 4.246 58.245 93.245 101.245 101.244 85.244 100.244 107.244 17.244 0.000 0.000 0.000 0.000 0.000 0.000 0.000 0.000 0.000 0.000 62.277 0.000 0.000 0.000 63.312 62.318 62.322 62.323 63.316 79.301 84.276 61.244 62.206 62.163 80.117 81.066 59.010 66.945 85.870 77.804 55.741 0.000 0.000 0.000 0.000 0.000 0.000 0.000 0.000 0.000 0.000 0.000 0.000 8.194 65.197 60.204 60.214 60.225 59.233 58.237 63.238 64.235
104.249 104.249 99.249 102.249 103.249 103.248 103.248 103.248 103.248 99.247 74.247 91.247 0.000 0.000 71.245 95.245 103.244 104.244 103.244 108.244 11.244 0.000 0.000 0.000 0.000 0.000 0.000 0.000 0.000 0.000 0.000 62.309 1.335 1.354 64.370 62.369 62.379 62.391 62.400 62.400 79.387 84.362 61.328 62.288 62.243 63.196 84.146 78.092 85.027 74.919 55.862 0.000 0.000 0.000 0.000 0.000 0.000 0.000 0.000 0.000 0.000 0.000 0.000 0.000 63.206 60.212 60.222 60.240 60.263 59.279 61.289 65.296 66.299
102.249 103.249 103.249 103.249 103.249 103.249 103.248 103.248 103.248 104.247 99.247 106.247 30.246 9.246 59.245 78.245 101.244 103.244 104.244 92.244 6.244 0.000 0.000 0.000 0.000 0.000 0.000 0.000 0.000 0.000 0.000 56.324 61.340 61.359 60.381 62.414 62.437 62.463 62.487 62.495 79.484 84.457 61.418 62.373 62.325 62.277 67.230 90.185 70.150 0.000 0.000 0.000 0.000 0.000 0.000 0.000 0.000 0.000 0.000 0.000 0.000 0.000 0.000 0.000 16.214 67.221 63.233 64.260 62.308 58.330 65.345 66.357 64.367
99.250 104.249 103.249 103.249 103.249 103.249 103.249 103.248 103.248 103.247 104.247 97.247 81.246 72.246 66.245 93.245 103.244 103.244 108.244 11.244 0.000 0.000 0.000 0.000 0.000 0.000 0.000 0.000 0.000 0.000 0.000 0.000 0.000 0.000 0.000 62.469 62.493 62.536 62.591 62.610 78.598 85.564 62.515 62.462 62.408 62.357 62.311 68.270 21.237 0.000 0.000 0.000 0.000 0.000 0.000 0.000 0.000 0.000 0.000 0.000 0.000 0.000 0.000 0.000 0.000 4.225 2.229 0.000 8.379 67.389 65.403 66.421 63.440
99.250 104.250 103.250 103.250 103.249 103.249 103.249 103.248 103.248 103.248 104.247 89.247 68.246 67.246 76.245 100.245 103.244 103.244 109.244 14.244 5.244 0.000 0.000 0.000 0.000 0.000 0.000 0.000 0.000 0.000 0.000 0.000 0.000 0.000 0.000 58.500 62.531 59.599 62.729 62.756 81.734 85.684 62.618 62.550 62.487 62.433 62.388 59.346 9.292 0.000 0.000 0.000 0.000 0.000 0.000 0.000 0.000 0.000 0.000 0.000 0.000 59.523 0.000 0.000 0.000 0.000 0.000 1.465 63.441 64.444 66.458 66.482 63.514
102.250 103.250 103.250 103.250 103.250 103.249 103.249 103.249 103.248 103.248 103.247 100.247 77.246 78.245 95.245 102.244 103.244 103.244 110.243 27.243 0.000 0.000 0.000 0.000 0.000 0.000 0.000 0.000 0.000 0.000 0.000 0.000 0.000 0.000 0.000 0.000 58.531 0.000 61.971 62.952 90.900 77.819 62.723 62.632 62.558 75.501 65.460 60.435 0.000 0.000 0.000 0.000 0.000 0.000 0.000 0.000 0.000 0.000 0.000 0.000 11.523 70.523 55.523 0.000 0.000 0.000 1.501 64.489 67.481 66.487 63.504 59.535 59.581
103.251 103.250 103.250 103.250 103.250 103.250 103.249 103.249 103.249 103.248 103.247 103.247 105.246 105.245 104.245 103.244 103.244 105.243 94.243 37.243 0.000 0.000 0.000 0.000 0.000 0.000 0.000 0.000 0.000 0.000 0.000 0.000 0.000 0.000 0.000 0.000 0.000 0.000 62.231 63.181 97.093 65.969 62.822 62.699 74.612 83.553 62.516 62.500 61.516 0.000 0.000 0.000 0.000 0.000 0.000 0.000 0.000 0.000 0.000 0.000 0.000 66.523 67.523 54.522 1.521 60.518 62.512 66.507 65.507 63.517 62.538 58.573 66.630
102.251 101.251 103.251 103.251 103.251 103.250 103.250 103.249 103.249 103.248 103.248 103.247 103.246 103.245 103.245 103.244 104.243 87.243 15.242 6.242 64.241 78.241 24.241 0.000 0.000 5.241 0.000 0.000 0.000 0.000 0.000 0.000 0.000 0.000 0.000 4.251 4.223 1.067 58.540 69.449 92.324 63.142 59.897 62.728 62.638 62.583 62.549 62.533 62.532 59.532 0.000 0.000 0.000 0.000 0.000 0.000 0.000 0.000 0.000 0.000 0.524 61.524 57.523 63.523 58.522 66.521 66.520 65.520 61.525 64.536 59.556 58.589 58.646
92.251 92.251 101.251 103.251 103.251 103.251 103.250 103.250 103.249 103.249 103.248 104.247 105.246 103.245 103.244 103.243 103.243 25.242 9.242 64.241 74.241 84.241 83.241 76.241 68.241 9.241 0.000 0.000 0.000 0.000 0.000 0.000 0.000 0.000 4.299 63.280 66.232 66.113 62.885 61.750 70.612 58.377 0.000 58.679 62.629 62.591 62.566 62.552 61.547 0.000 0.000 0.000 0.000 0.000 0.000 0.000 63.524 74.524 0.000 0.000 62.524 60.524 60.524 57.524 65.524 66.524 66.526 63.529 66.535 66.546 64.562 59.582 48.604
74.252 79.252 98.252 104.252 103.252 103.251 103.251 103.250 103.250 103.249 105.248 91.247 87.246 102.245 107.244 104.243 99.242 81.241 84.241 90.241 84.241 85.241 64.241 57.241 3.241 0.241 0.000 0.000 0.000 0.000 0.000 0.265 1.265 0.000 54.319 60.338 63.311 63.241 63.136 63.054 64.998 0.000 0.000 0.000 57.608 62.588 62.572 62.561 62.556 0.556 0.000 0.000 0.000 0.000 0.000 23.524 80.524 62.524 60.524 60.524 60.524 60.524 58.524 63.525 66.525 66.527 62.530 66.534 66.542 65.551 59.562 60.574 50.584
58.252 73.252 92.253 105.253 106.253 106.252 104.252 103.251 104.250 103.250 104.249 42.248 13.246 61.245 79.244 100.242 107.241 105.240 105.240 91.240 14.240 0.000 0.000 0.000 0.000 0.000 0.000 0.000 0.000 9.265 11.265 1.265 1.265 1.265 0.000 59.442 63.433 61.405 62.364 64.334 65.326 0.000 0.000 0.000 0.000 55.580 62.571 62.565 59.561 0.000 0.000 0.000 0.000 0.000 0.000 0.000 22.524 76.524 59.524 59.524 60.524 59.525 59.525 65.525 66.526 64.528 52.532 5.537 70.546 64.554 64.562 64.569 50.574
22.253 44.253 77.254 83.254 77.254 79.253 96.253 104.252 100.251 93.250 92.249 27.249 0.000 0.000 0.000 37.241 72.240 98.238 105.238 2.239 0.000 0.000 0.000 0.000 0.000 0.000 0.000 0.000 0.000 51.265 72.265 17.265 2.265 1.265 0.000 59.554 65.576 64.581 73.579 74.592 64.646 9.803 0.000 0.000 0.000 0.000 59.569 60.567 0.000 0.000 0.000 0.000 0.000 0.000 0.000 0.000 0.000 81.524 84.524 64.524 58.525 56.525 66.525 66.525 61.526 0.000 0.000 0.000 11.551 69.557 66.562 66.566 56.569
0.000 0.000 58.255 67.255 19.255 5.254 68.253 97.253 88.252 84.251 98.250 65.249 25.248 0.000 0.000 0.000 0.000 43.236 74.233 0.000 0.000 0.000 0.000 0.000 0.000 0.000 0.000 0.000 0.000 0.000 56.265 74.265 5.265 0.000 0.000 50.645 64.735 62.764 92.781 85.809 63.864 65.959 12.063 0.000 0.000 0.000 54.569 0.000 0.000 0.000 0.000 0.000 0.000 0.000 0.000 0.000 0.000 0.000 69.524 86.525 71.525 65.525 66.525 61.525 0.000 0.000 0.000 0.000 0.000 61.560 66.562 66.564 61.567
0.000 0.000 54.257 99.257 56.256 5.255 57.255 89.254 91.253 102.251 104.250 107.249 113.247 52.245 21.244 0.000 0.000 0.000 14.227 9.223 0.211 2.201 0.000 0.000 0.000 0.000 0.000 0.000 0.000 0.000 57.265 72.265 2.265 9.265 13.265 0.000 57.956 65.959 95.971 77.998 66.043 65.107 70.166 0.000 0.000 0.000 0.000 0.000 0.000 0.000 0.000 0.000 0.000 0.000 0.000 0.000 0.000 0.000 0.000 7.525 74.525 64.525 62.525 0.000 0.000 0.000 0.000 0.561 60.561 59.561 61.562 55.563 0.000
27.262 42.261 76.259 94.258 102.258 71.257 84.256 107.255 104.254 103.252 103.251 103.249 103.247 109.245 112.242 68.238 27.233 9.229 72.225 86.219 79.210 81.201 37.192 13.183 10.177 0.000 0.000 0.000 0.000 0.000 36.265 58.265 64.265 64.265 67.265 26.265 59.173 88.146 90.147 67.167 65.204 65.258 68.330 13.446 8.498 0.000 0.000 0.000 0.000 0.000 0.000 0.000 0.000 0.000 0.000 0.000 0.000 0.000 0.000 0.000 0.525 0.525 8.525 0.000 0.000 0.000 0.000 62.561 57.561 55.561 0.000 0.000 0.000
100.262 103.262 103.261 101.260 99.259 100.258 102.257 102.256 103.255 104.253 104.251 103.250 96.247 100.245 103.242 107.238 111.234 112.229 104.224 100.218 97.210 92.201 94.191 87.181 43.171 21.161 0.000 0.000 0.000 0.000 0.000 0.000 0.000 0.000 0.000 83.357 72.325 101.306 92.304 79.319 66.349 65.392 65.448 69.512 65.549 0.000 0.000 0.000 0.000 0.000 0.000 0.000 0.000 0.000 0.000 0.000 0.000 0.000 0.000 0.000 0.000 0.000 0.000 0.000 0.000 0.000 0.000 0.000 0.000 0.000 0.000 0.000 0.000
103.263 98.263 96.262 95.262 89.261 86.260 87.259 87.257 93.256 98.254 98.252 91.250 75.248 90.245 103.242 103.238 103.234 103.230 103.224 103.218 104.210 104.201 107.190 108.178 108.166 108.151 47.134 0.000 0.000 0.000 0.000 0.000 0.000 0.000 0.000 55.482 81.464 86.448 70.445 87.456 75.479 65.514 65.558 68.604 11.638 0.000 0.912 0.920 0.000 0.000 0.000 0.000 0.000 0.000 0.000 0.000 0.000 0.000 0.000 0.000 0.000 0.000 0.000 0.000 0.000 0.000 0.000 0.000 0.000 0.000 0.000 0.000 0.000
73.265 46.265 68.264 82.263 80.262 60.261 45.260 41.259 61.257 78.256 77.254 70.251 65.249 75.246 96.243 104.239 103.235 103.231 103.226 103.220 103.213 107.204 82.190 70.177 69.162 73.144 76.117 15.074 4.031 0.677 0.505 0.000 0.000 0.000 0.000 53.624 89.600 72.578 64.572 74.579 85.599 69.628 65.665 65.708 71.761 15.853 9.904 1.927 0.944 6.943 4.943 0.000 0.000 0.000 0.000 0.000 0.000 0.000 0.000 0.000 0.000 0.000 0.000 0.000 0.000 0.000 0.000 0.000 0.000 0.000 0.000 0.000 0.000
63.267 34.266 56.266 71.265 67.264 44.263 30.262 34.261 54.259 68.257 66.255 66.253 67.250 65.247 84.244 101.241 103.237 103.233 103.228 103.223 102.217 65.210 0.000 0.000 0.000 0.000 0.000 0.000 0.000 60.063 80.046 32.021 17.996 13.964 60.905 77.791 94.733 71.693 65.684 63.691 80.709 82.734 68.765 65.802 65.844 68.894 77.929 15.948 10.959 0.000 19.943 0.000 0.000 0.000 0.000 0.000 0.000 0.000 0.000 0.000 0.000 0.000 0.000 0.000 0.000 0.000 0.000 0.000 0.000 0.000 0.000 0.000 0.000
76.269 72.269 67.268 66.267 67.266 69.265 70.264 73.263 72.261 68.259 67.257 67.254 67.252 66.249 73.246 95.242 104.239 103.235 105.232 77.227 43.222 0.000 0.000 0.000 0.000 0.000 0.000 0.000 0.000 25.051 47.040 50.022 54.003 67.992 64.958 85.902 82.850 56.775 63.782 65.793 67.811 80.833 72.860 67.890 65.921 64.950 81.969 72.976 66.976 0.000 0.000 0.000 0.000 0.000 0.000 0.000 0.000 0.000 0.000 0.000 0.000 0.000 0.000 0.000 0.000 0.000 0.000 0.000 0.000 0.000 0.000 0.000 0.000
66.271 67.271 67.270 67.270 67.269 67.268 67.266 67.265 67.263 67.261 67.259 67.256 67.253 67.251 65.247 86.244 103.241 105.238 101.235 27.233 0.000 0.000 0.000 0.000 0.000 0.000 0.000 0.000 0.000 0.000 0.000 0.000 0.000 52.043 69.034 95.010 68.988 0.000 51.875 66.888 64.907 68.929 69.953 78.977 68.000 66.017 65.022 61.011 1.994 0.000 0.000 0.000 0.000 0.000 0.000 0.000 0.000 0.000 0.000 0.000 0.000 0.000 0.000 0.000 0.000 0.000 0.000 0.000 0.000 0.000 0.000 0.000 25.567
67.274 67.273 67.273 67.272 67.271 67.270 67.269 66.267 66.265 67.263 67.261 67.258 67.256 67.253 66.249 74.246 89.243 100.240 88.237 14.236 0.000 0.000 0.000 0.000 0.000 0.000 0.000 0.000 0.000 0.000 0.000 0.000 0.000 29.104 78.124 103.116 13.105 0.000 49.955 67.978 66.001 65.023 73.044 84.065 72.083 66.095 70.092 3.051 0.000 0.000 0.000 0.000 0.000 0.000 0.000 0.000 0.000 0.000 0.000 0.000 0.000 0.000 0.000 0.000 0.000 0.000 0.000 0.000 0.000 0.000 0.000 0.000 82.646
67.276 67.276 67.276 67.275 67.274 67.273 67.271 71.270 72.268 68.266 67.263 67.261 67.258 67.255 67.251 66.248 69.245 78.242 78.239 19.237 0.000 0.000 0.000 0.000 0.000 0.000 20.908 0.000 0.000 0.000 0.000 0.000 0.000 1.261 82.242 97.224 20.212 0.000 34.012 65.068 66.096 66.117 65.137 70.156 72.174 68.189 70.199 0.000 0.000 0.000 0.000 0.000 0.000 0.000 0.000 0.000 0.000 0.000 0.000 0.000 0.000 0.000 0.000 0.000 0.000 0.000 0.000 0.000 0.000 0.000 0.000 66.869 75.778
67.279 67.279 67.279 67.278 67.277 67.276 66.274 78.273 83.271 70.268 67.266 67.263 67.260 67.257 67.254 67.250 67.246 66.243 69.240 50.237 0.000 0.000 0.000 0.000 0.000 62.909 83.908 45.906 36.898 35.887 0.000 0.000 0.000 63.431 105.366 79.325 79.308 6.328 0.000 51.187 68.199 66.213 66.229 64.247 80.266 84.288 78.316 1.411 0.000 0.000 0.000 0.000 0.000 0.000 0.000 0.000 0.000 0.000 0.000 0.000 0.000 0.000 0.000 0.000 0.000 0.000 0.000 0.000 0.000 0.000 41.032 91.960 77.886
67.283 67.282 67.282 67.281 67.280 67.279 66.277 79.276 85.274 69.271 67.269 67.266 67.263 67.259 67.256 67.252 67.248 67.244 67.239 73.235 44.231 0.000 0.000 0.000 2.909 25.909 40.910 62.912 70.901 74.876 48.827 24.762 59.674 97.549 95.466 75.403 57.367 15.347 0.000 51.293 68.299 67.308 70.321 65.337 74.357 97.383 94.422 39.490 3.547 19.574 0.000 0.000 0.000 0.000 0.000 0.000 0.000 45.083 75.083 79.083 0.000 0.000 88.083 149.083 0.000 0.000 0.000 0.000 0.000 0.000 78.104 134.053 116.992
64.286 65.286 66.285 66.285 67.284 67.282 65.281 80.279 83.277 66.275 67.272 67.269 67.266 67.262 67.258 67.254 67.250 67.245 67.239 67.233 73.226 53.216 4.209 0.000 0.000 0.000 0.000 38.932 69.917 65.888 68.844 72.785 84.711 101.624 85.546 53.453 3.410 0.000 0.000 50.393 67.395 70.400 83.409 69.422 79.440 80.465 99.498 103.540 86.578 36.600 0.000 0.000 0.000 0.000 0.000 0.000 0.000 0.000 36.083 64.083 78.083 110.083 148.083 71.083 0.000 0.000 0.000 0.000 0.000 64.317 74.228 75.158 78.094
85.290 80.290 75.289 73.289 69.287 65.286 65.285 80.283 83.281 65.278 67.276 67.272 67.269 67.265 67.261 67.257 66.252 65.246 66.240 66.232 66.224 72.213 49.202 26.187 1.171 0.000 0.000 37.967 75.947 69.916 64.875 77.824 100.761 94.689 62.640 0.000 0.000 0.000 0.000 48.492 66.488 71.487 78.493 73.503 78.518 77.538 90.564 84.594 77.623 50.650 5.681 0.000 0.000 0.000 0.000 0.000 0.000 0.000 0.000 32.083 110.083 113.083 116.083 1.083 11.084 0.083 0.000 7.483 41.483 69.407 138.329 102.266 134.153
105.294 104.294 100.293 95.293 91.292 86.290 81.289 77.287 72.285 66.282 67.279 67.276 67.273 67.269 66.264 68.260 74.254 79.248 78.241 76.233 70.224 65.212 69.198 75.180 39.156 20.121 24.079 58.022 80.987 71.954 67.917 90.875 102.820 58.732 3.686 0.000 0.000 11.670 18.650 52.596 65.576 70.569 86.571 76.579 69.591 62.607 68.626 86.649 83.672 89.694 8.713 0.000 0.000 0.000 0.000 0.000 0.000 0.000 0.000 0.000 0.000 0.000 0.000 0.000 8.084 0.000 0.000 0.000 76.558 67.498 77.431 100.327 76.503
