results1/res_4e8f-0176.wd
ncols         241
nrows         181
xllcorner     12693529.787448
yllcorner     3542525.717860
cellsize      155.156523
NODATA_value  -9999.000000
[rows 99 to 131 of 181, columns 73 to 145 of 241]
59.715 59.692 59.667 58.641 58.614 63.586 66.558 63.531 59.511 59.501 53.503 9.509 0.000 0.000 0.000 0.000 0.000 14.719 72.686 97.642 95.635 94.792 101.460 101.389 94.490 95.187 95.035 94.926 95.822 95.724 94.635 98.560 57.508 0.000 0.000 0.000 0.000 0.000 0.000 34.248 60.172 72.062 39.926 21.718 51.623 54.539 52.446 56.328 53.133 50.834 20.512 45.270 49.142 64.055 69.992 72.946 70.911 65.887 58.871 53.862 48.858 26.850 0.000 0.000 0.000 0.000 21.261 39.261 51.261 75.261 76.261 76.261 76.261
59.765 59.743 58.719 56.693 60.665 65.635 66.602 66.565 60.537 57.521 62.515 62.514 23.516 0.000 17.352 47.300 24.187 3.987 60.892 100.771 96.021 96.037 101.519 93.802 95.591 95.245 95.158 95.047 94.941 94.840 96.752 95.681 31.636 0.000 0.000 0.000 0.000 0.000 2.554 38.421 44.326 55.237 4.165 0.000 46.743 54.683 53.591 57.464 57.281 28.058 0.000 40.172 54.114 59.050 79.999 80.959 80.929 81.907 82.892 80.883 61.880 0.000 0.000 0.906 0.000 0.000 0.000 38.261 51.260 75.260 76.260 76.260 76.260
59.816 58.796 58.772 61.746 64.718 65.686 40.650 4.589 33.552 69.531 42.523 16.518 8.517 0.000 28.405 78.360 75.274 67.159 86.039 97.190 94.177 101.601 95.083 95.889 95.456 95.392 95.275 95.166 95.055 95.945 93.850 81.775 28.721 1.699 0.000 0.000 0.000 2.773 41.674 48.570 46.476 47.392 20.333 0.000 52.922 70.858 63.771 58.656 33.468 0.000 0.022 23.132 13.093 53.033 77.993 81.962 79.938 79.920 79.907 81.899 54.897 48.903 48.906 54.906 0.000 0.000 0.000 15.260 50.260 75.260 76.260 76.259 76.259
58.870 57.851 62.829 65.803 65.773 65.744 30.721 0.000 0.541 12.530 3.526 0.000 0.000 0.000 21.502 84.462 90.391 98.305 98.264 95.388 101.940 101.731 95.050 95.761 95.612 95.504 95.396 95.285 95.166 101.035 50.928 18.850 2.771 0.393 6.319 9.271 0.000 32.872 50.799 46.708 46.614 45.525 51.441 17.352 46.165 72.058 70.978 68.920 0.000 0.000 0.828 0.000 0.000 50.995 79.978 83.959 80.942 79.927 77.917 66.910 47.907 43.907 44.908 28.907 0.000 0.000 0.000 0.000 46.259 75.259 76.259 76.259 72.259
57.927 63.911 65.889 65.862 63.830 69.793 39.771 0.000 0.000 0.000 0.000 0.000 0.000 0.000 32.639 90.592 93.532 97.409 96.645 96.658 102.128 94.436 96.142 95.817 95.731 95.623 95.517 99.411 105.291 60.101 28.978 3.923 0.000 0.000 0.000 6.222 34.174 57.043 50.944 43.847 48.749 52.652 49.554 47.450 61.327 65.232 55.164 63.126 0.000 0.000 0.000 0.000 0.000 56.974 80.966 85.955 84.942 80.931 75.922 44.916 42.913 43.911 50.911 0.000 0.000 0.000 0.000 40.258 44.258 73.258 76.258 76.258 70.258
64.989 65.976 65.955 64.927 42.890 8.828 27.799 29.799 0.000 0.000 0.000 0.000 0.000 23.942 76.823 90.746 93.650 95.809 96.819 102.458 102.300 95.412 96.113 95.952 95.847 95.740 99.640 61.551 21.485 0.000 38.958 24.943 0.000 0.000 0.000 0.000 42.256 76.181 67.088 61.988 56.884 57.779 55.672 56.566 69.462 63.378 47.321 49.293 0.000 0.000 0.000 0.000 0.000 56.962 84.958 49.951 47.942 79.932 82.926 52.921 43.917 48.915 18.913 0.000 0.000 0.000 0.000 13.258 40.258 58.258 74.258 77.258 70.257
66.057 66.047 62.028 66.000 47.977 0.000 18.799 48.799 0.000 0.000 0.000 0.000 14.156 76.060 89.967 95.889 95.860 96.002 102.741 102.604 94.739 96.515 96.164 96.074 95.960 95.852 99.751 71.669 3.613 0.000 8.953 11.948 0.000 0.000 0.000 0.000 29.414 61.338 66.239 76.132 72.021 59.907 62.792 71.679 66.578 54.498 46.447 47.433 21.478 22.490 0.000 0.000 0.000 54.954 88.952 2.948 0.000 28.931 75.927 65.924 46.921 25.918 0.000 0.000 0.000 0.000 0.000 0.000 13.258 37.258 63.257 73.257 66.257
64.133 61.129 60.109 76.067 55.042 0.000 17.799 45.799 0.000 0.000 0.000 8.323 72.251 85.175 95.104 97.985 97.229 95.260 102.868 94.049 95.823 92.382 94.309 96.186 96.072 96.956 90.845 80.759 28.686 0.000 0.000 0.000 0.000 0.000 0.000 16.832 51.649 56.517 56.397 58.279 67.160 70.036 72.908 66.782 53.672 47.589 46.536 45.513 49.513 34.501 0.000 0.000 0.000 43.948 80.946 46.943 35.938 27.932 70.929 76.926 56.924 0.000 0.000 7.927 0.000 0.000 0.000 0.000 0.000 32.257 56.257 61.257 48.257
58.218 67.228 63.210 4.119 5.081 0.000 8.799 8.799 0.000 0.000 0.000 9.394 88.351 90.294 98.205 97.371 96.393 103.093 102.985 96.007 95.695 95.536 95.418 94.301 95.182 97.057 53.912 4.836 0.000 0.000 0.000 0.000 0.000 20.384 37.247 52.015 62.832 59.684 58.553 55.429 56.304 59.171 71.024 71.867 63.738 52.651 45.597 45.568 47.559 0.000 0.000 0.000 0.000 28.944 70.943 48.940 44.937 44.933 76.929 79.927 62.926 25.927 15.927 58.927 0.000 0.000 0.000 0.000 0.000 35.257 59.257 54.257 40.256
59.312 69.353 56.386 0.000 0.000 0.000 5.799 17.799 1.799 0.000 0.650 75.509 85.466 97.410 97.406 96.549 103.286 103.192 95.319 97.094 96.746 96.653 96.534 96.416 98.298 48.177 0.000 0.000 0.000 0.000 0.000 9.866 35.736 52.522 65.340 61.151 59.981 59.834 59.703 60.580 58.456 57.319 31.148 49.926 74.763 56.680 44.632 47.605 45.595 33.602 0.000 0.000 0.000 29.942 62.940 40.939 0.000 0.000 32.929 69.928 58.927 67.927 74.927 33.927 0.000 0.000 0.000 0.000 0.000 10.256 50.256 48.256 41.256
57.403 61.486 60.595 36.757 0.000 0.000 0.000 3.799 6.799 0.000 28.741 88.654 95.594 97.517 97.676 95.799 103.371 95.606 97.388 96.954 96.885 96.765 97.650 98.533 60.415 0.000 0.000 0.000 0.000 0.000 12.166 54.996 65.821 61.627 60.442 60.266 60.108 59.968 59.844 59.731 59.621 68.500 7.324 0.000 42.706 51.675 43.646 52.626 52.615 34.608 0.000 0.000 0.000 0.000 46.937 83.936 51.934 0.000 25.929 70.928 64.928 55.927 55.927 0.000 0.000 0.000 0.000 0.000 0.000 0.000 29.256 40.256 41.256
69.475 7.594 63.750 61.919 51.118 10.239 0.490 0.000 0.000 19.908 78.841 92.774 98.715 97.700 96.854 103.516 103.447 96.555 97.253 97.102 96.992 97.883 99.767 60.650 0.000 0.000 0.000 0.000 10.700 41.570 52.336 64.130 60.926 60.723 57.533 57.363 57.215 58.087 59.976 59.879 62.797 39.737 0.000 0.000 22.681 47.667 46.650 64.638 60.631 0.000 0.000 0.000 0.000 0.000 30.934 75.934 87.932 44.931 70.929 84.928 76.928 52.927 45.927 17.927 0.000 0.000 0.000 0.000 0.000 0.000 35.256 41.256 45.256
51.515 4.667 65.892 56.050 63.198 55.349 16.611 3.883 12.980 79.976 88.937 98.896 97.784 98.051 96.079 103.576 95.843 97.636 97.296 97.213 98.105 99.004 52.886 0.000 0.000 0.000 0.000 2.975 53.831 64.674 62.477 61.263 63.029 62.805 68.607 73.439 68.303 61.189 55.092 59.012 64.950 22.913 0.000 0.000 18.671 50.661 51.651 73.643 61.639 0.000 0.000 0.000 0.000 0.000 18.932 70.932 79.931 84.930 80.929 80.928 84.928 68.927 47.927 48.927 17.927 10.926 0.000 0.000 0.000 37.255 42.255 40.255 45.255
0.000 0.000 34.101 85.191 48.274 0.000 0.000 18.058 78.081 83.076 97.055 97.965 98.245 96.176 103.660 96.100 97.909 97.486 97.429 98.318 95.213 50.144 0.000 0.000 0.000 0.000 9.263 56.120 63.974 61.818 61.635 65.415 40.125 18.860 21.649 38.482 64.368 66.274 67.193 59.127 60.079 21.053 0.000 0.000 0.000 31.654 49.650 56.646 55.644 4.644 0.000 0.000 0.000 0.000 18.931 61.931 74.930 79.930 80.929 81.928 77.928 73.927 58.927 46.927 50.926 56.926 0.000 0.000 0.000 3.255 40.255 41.255 43.255
0.000 0.000 11.220 86.339 73.432 0.000 0.000 25.209 86.210 94.202 98.154 99.350 99.387 103.974 103.783 97.050 97.766 97.627 97.530 92.427 82.285 33.215 0.000 0.000 8.659 44.572 53.407 65.265 62.129 61.988 65.831 43.637 1.436 0.000 0.000 24.473 62.415 59.344 63.278 69.224 69.186 47.167 0.000 0.000 0.000 13.652 51.649 45.647 52.645 3.645 0.000 0.000 0.000 0.000 23.930 48.930 65.930 79.929 74.929 67.928 69.928 30.927 55.927 64.927 57.926 53.926 0.000 0.000 0.000 0.000 0.255 35.255 40.255
0.000 0.000 0.000 14.512 63.685 3.231 13.365 79.359 91.351 98.336 98.356 98.534 104.323 104.153 96.336 98.135 97.802 97.731 90.643 56.575 0.000 0.000 0.000 16.829 62.746 56.650 64.528 62.406 62.288 63.173 41.065 1.883 0.000 0.000 0.000 23.522 65.473 59.411 59.352 61.304 65.272 67.264 19.294 0.000 0.000 0.000 32.648 51.647 26.646 0.000 0.000 0.000 0.000 0.000 16.930 44.929 55.929 62.929 54.929 51.928 16.928 0.000 4.927 48.926 52.926 61.926 0.000 0.000 0.000 0.000 0.000 29.255 40.255
0.000 0.000 0.000 0.000 1.193 13.456 82.506 87.510 98.506 98.440 99.727 99.801 104.482 96.633 98.413 97.983 97.924 87.823 76.736 40.656 0.000 0.000 0.000 56.912 78.845 63.754 55.650 63.544 61.442 64.352 34.289 0.000 0.000 0.000 19.710 54.620 61.544 60.475 60.415 57.367 53.336 55.322 17.324 0.000 0.000 0.000 13.647 58.647 6.646 0.000 0.000 0.000 0.000 0.000 16.929 46.929 45.929 44.928 42.928 48.928 0.000 0.000 0.000 23.926 46.926 64.926 8.925 0.000 0.000 0.000 0.000 0.254 33.255
0.000 0.000 0.000 0.000 0.000 85.697 84.692 98.679 98.637 99.843 99.917 104.774 104.633 97.586 99.272 97.116 83.002 71.909 45.823 0.000 0.000 0.000 51.183 69.063 68.967 75.872 63.773 53.676 59.585 69.505 72.450 35.451 0.000 0.000 18.801 66.702 60.609 60.531 59.466 55.415 49.381 50.363 16.357 0.000 0.000 0.000 0.000 31.646 39.646 0.000 0.000 0.000 0.000 0.000 24.929 48.929 42.928 43.928 43.928 45.928 28.928 0.000 0.000 0.000 33.926 54.925 32.925 6.925 0.000 0.000 0.000 0.000 28.254
0.000 0.000 0.000 0.000 25.066 85.943 97.886 98.850 99.861 102.050 105.040 104.909 96.892 98.657 95.310 84.211 73.066 44.988 0.000 0.000 0.000 53.417 74.303 60.191 52.089 65.991 77.896 65.804 68.716 69.634 56.554 62.452 41.214 3.699 26.990 58.779 54.660 61.574 56.502 48.446 47.411 51.392 13.384 0.000 0.000 0.000 0.000 18.646 58.646 3.646 0.000 0.000 0.000 0.000 0.000 30.928 45.928 43.928 43.928 43.928 51.928 0.000 0.000 0.000 0.000 35.925 46.925 52.925 0.000 0.000 0.000 0.000 0.000
0.000 0.000 0.000 0.000 68.188 94.121 100.068 98.974 99.245 97.327 105.165 97.173 98.939 93.508 82.441 57.322 0.000 0.000 0.000 0.000 53.647 74.532 61.419 50.310 50.207 52.109 63.015 77.926 68.842 53.761 61.679 63.589 37.490 0.000 23.877 83.763 70.677 59.603 53.521 49.458 46.426 47.409 41.402 5.406 0.000 0.000 0.000 0.000 37.646 9.646 0.000 0.000 0.000 0.000 0.000 10.928 47.928 43.928 43.928 43.927 45.927 29.927 0.000 0.000 0.000 16.925 43.925 46.925 0.000 0.000 0.000 0.000 0.000
0.000 0.000 0.000 71.502 68.378 74.295 89.207 100.382 97.446 105.399 105.284 98.105 93.793 82.646 61.541 0.000 0.000 35.260 0.000 5.883 78.762 61.644 50.531 51.422 50.319 53.222 67.131 76.045 76.964 60.888 56.813 67.737 41.666 0.000 0.000 14.722 27.680 9.642 0.000 19.437 50.426 57.416 58.411 44.410 0.000 0.000 0.000 0.000 0.000 0.000 0.000 0.000 0.000 0.000 0.000 11.928 47.928 46.927 49.927 44.927 41.927 50.927 0.000 0.000 0.000 23.925 57.925 62.925 0.000 0.000 0.000 0.000 0.000
0.000 0.000 10.729 72.626 69.527 70.446 80.422 96.588 105.617 105.509 97.384 94.150 81.821 55.746 0.000 0.000 52.309 51.260 33.162 17.005 66.874 50.753 51.638 50.529 51.426 66.330 72.240 36.158 27.082 79.013 64.948 42.879 3.772 0.000 0.000 0.000 0.000 0.000 0.000 16.429 68.424 62.418 59.415 55.413 10.414 0.000 0.000 0.000 0.000 0.000 0.000 0.000 0.000 0.000 0.000 35.927 44.927 19.927 0.000 19.927 44.927 48.927 0.000 0.000 0.000 25.925 61.925 30.925 0.000 0.000 0.000 0.000 0.000
0.000 85.922 73.833 70.744 68.665 69.543 70.787 74.852 105.721 96.625 92.387 81.977 55.934 0.000 0.000 0.000 56.358 54.310 74.221 58.099 50.976 51.855 50.740 53.630 73.527 70.431 51.343 47.264 52.194 80.134 77.087 41.057 0.000 0.000 0.000 0.000 0.000 0.000 0.000 16.425 75.422 75.419 70.416 61.415 6.415 0.000 0.000 0.000 0.000 0.000 0.000 0.000 0.000 0.000 8.927 47.927 49.927 0.000 0.000 4.927 47.927 48.927 0.000 0.000 0.000 0.000 32.925 0.000 0.000 0.000 0.000 0.000 0.000
2.090 84.010 97.936 89.861 74.763 75.921 67.969 105.917 105.820 75.507 80.185 56.083 0.000 0.000 0.000 0.000 58.454 71.402 69.311 51.197 51.075 50.953 61.835 73.724 62.620 51.524 51.437 51.360 52.295 61.243 79.210 75.206 36.260 0.000 0.000 0.000 0.000 0.000 0.000 0.000 61.420 63.418 75.417 76.416 32.415 0.000 0.000 0.000 0.000 0.000 0.000 0.000 0.000 0.000 39.927 49.927 26.927 0.000 0.000 8.927 48.927 46.927 0.000 0.000 0.000 0.000 0.000 0.000 0.000 0.000 0.000 0.000 0.000
20.160 97.107 100.041 99.972 94.946 85.101 106.105 106.011 67.670 62.444 0.000 0.082 0.000 0.000 0.000 0.000 69.603 74.531 50.425 52.302 52.173 64.046 72.925 54.810 51.704 51.608 51.521 51.445 51.382 51.334 60.303 80.295 73.314 47.346 38.358 42.362 11.362 0.000 0.000 0.000 0.418 41.417 81.416 81.416 42.416 0.000 0.000 0.000 0.000 0.000 0.000 0.000 0.000 0.000 28.927 27.927 0.000 0.000 0.000 0.000 28.927 55.927 0.000 0.000 0.000 0.000 0.000 0.000 0.000 0.000 0.000 0.000 0.000
90.280 100.215 100.156 100.043 104.287 95.347 106.196 67.777 70.459 65.140 0.000 0.000 0.000 0.000 0.000 62.981 74.825 51.694 52.556 52.413 60.270 73.134 51.007 51.889 51.780 51.681 51.593 51.518 51.455 51.407 51.374 55.358 56.357 51.364 52.368 59.364 41.363 0.000 0.000 0.000 0.000 0.000 36.416 72.416 35.416 0.000 0.000 0.000 0.000 0.000 0.000 0.000 0.000 0.000 0.000 0.000 0.000 0.000 0.000 0.000 0.000 7.927 0.000 0.000 0.000 0.000 0.000 0.000 0.000 0.000 0.000 0.000 0.000
96.386 96.327 100.241 101.404 98.452 106.371 106.284 72.447 56.895 2.033 5.033 2.033 0.000 0.000 0.000 80.138 57.021 52.865 52.693 54.522 75.361 55.214 52.080 51.958 51.846 51.744 51.654 51.577 51.514 51.465 51.429 50.405 49.392 52.386 34.384 0.000 0.000 0.000 0.000 0.000 0.000 0.000 0.000 65.416 53.416 20.416 0.000 0.000 0.000 0.000 0.000 0.000 0.000 0.000 0.000 0.000 0.000 0.000 0.000 0.000 0.000 0.000 0.000 0.000 0.000 0.000 0.000 0.000 0.000 0.000 0.000 0.000 0.000
75.500 75.436 79.415 75.574 106.542 106.457 83.952 65.156 56.082 0.000 0.029 2.033 0.000 0.000 0.000 55.411 51.255 51.050 49.830 62.622 55.439 49.279 50.140 50.017 49.903 49.796 50.701 51.622 51.559 51.510 50.472 48.442 50.418 50.404 47.398 37.400 40.401 42.400 41.400 43.400 14.400 0.000 0.000 3.416 62.416 34.416 0.000 0.000 0.000 0.000 0.000 0.000 0.000 0.000 0.000 0.000 0.000 0.000 0.000 0.000 0.000 0.000 0.000 0.000 0.000 0.000 0.000 0.000 0.000 0.000 0.000 0.000 0.000
90.615 112.505 77.753 107.812 106.625 66.501 57.097 0.000 71.475 29.817 0.000 0.000 0.000 0.000 99.223 77.842 48.538 56.251 66.956 65.697 61.493 59.323 59.186 59.067 57.953 51.835 47.731 51.651 51.591 51.544 50.506 50.472 54.435 54.415 55.405 65.402 65.401 61.400 54.400 53.400 32.399 0.000 0.000 0.000 21.415 27.415 0.000 0.000 0.000 0.000 0.000 0.000 0.000 0.000 0.000 0.000 0.000 0.000 0.000 0.000 0.000 0.000 0.000 0.000 0.000 0.000 0.000 0.000 0.000 0.000 0.000 0.000 0.000
138.696 117.294 115.341 106.779 106.704 94.589 0.000 38.502 66.502 140.162 115.643 1.910 46.750 36.177 97.604 57.194 54.804 126.461 117.044 112.716 112.514 111.333 110.213 109.112 108.008 78.860 45.736 51.661 51.609 51.569 51.538 43.505 0.000 0.000 0.000 0.000 0.000 0.000 18.400 70.399 49.399 20.399 0.000 0.000 0.000 0.000 0.000 0.000 0.000 0.000 0.000 0.000 0.000 0.000 0.000 0.000 0.000 0.000 0.000 0.000 0.000 0.000 0.000 0.000 0.000 0.000 0.000 0.000 0.000 0.000 0.000 0.000 0.000
96.865 116.452 106.918 106.850 91.110 0.000 0.000 0.000 9.872 61.684 49.422 0.000 28.024 0.000 56.822 53.527 63.025 118.742 0.000 4.611 0.000 55.283 64.222 125.158 38.109 0.000 55.693 51.649 51.614 52.587 34.570 0.000 0.000 0.000 0.000 0.000 0.000 0.000 0.000 23.399 70.399 26.399 0.000 0.000 0.000 0.000 0.000 0.000 0.000 0.000 0.000 0.000 0.000 0.000 0.000 0.000 0.000 0.000 0.000 0.000 0.000 0.000 0.000 0.000 0.000 0.000 0.000 0.000 0.000 0.000 0.000 0.000 0.000
117.621 115.676 106.982 115.601 117.448 37.736 0.000 17.430 44.430 54.279 30.940 8.119 49.299 94.853 93.336 86.066 0.000 37.742 0.000 16.505 38.399 66.293 111.234 74.190 39.161 0.000 0.000 57.629 51.609 52.594 33.585 0.000 0.000 0.000 0.000 0.000 0.000 0.000 0.000 0.000 17.399 56.399 21.398 0.000 0.000 0.000 0.000 0.000 0.000 0.000 0.000 0.000 0.000 0.000 0.000 0.000 0.000 0.000 0.000 0.000 0.000 0.000 0.000 0.000 0.000 0.000 0.000 0.000 0.000 0.000 0.000 0.000 0.000
115.755 107.097 107.042 96.106 38.871 0.000 0.000 0.000 6.140 33.062 0.000 0.000 42.198 85.924 139.604 75.335 0.000 0.000 0.000 0.000 0.000 80.256 115.232 45.206 42.183 0.000 0.000 0.000 56.601 50.596 48.592 46.593 34.593 0.000 0.000 0.000 0.000 0.000 0.000 0.000 12.399 70.398 28.398 0.000 0.000 0.000 0.000 0.000 0.000 0.000 0.000 0.000 0.000 0.000 0.000 0.000 0.000 0.000 0.000 0.000 0.000 0.000 0.000 0.000 0.000 0.000 0.000 0.000 0.000 0.000 0.000 0.000 0.000
