results1/res_4e8_norain-0012.wd
ncols         241
nrows         181
xllcorner     12693529.787448
yllcorner     3542525.717860
cellsize      155.156523
NODATA_value  -9999.000000
[rows 34 to 67 of 181, columns 75 to 149 of 241]
0.000 0.000 0.000 0.000 0.000 0.000 0.000 0.000 0.000 0.000 0.000 0.000 0.000 0.000 0.000 0.000 0.000 0.000 0.000 0.000 0.000 0.000 0.000 0.000 0.000 0.000 0.000 0.000 0.000 0.000 0.000 0.000 0.000 0.000 0.000 0.000 0.000 0.000 0.000 0.000 0.000 0.000 0.000 0.000 0.000 0.000 0.000 0.000 22.237 21.376 11.479 7.581 7.694 7.818 7.945 7.048 29.059 26.838 0.000 15.244 28.105 41.814 46.605 46.408 46.230 45.966 47.238 43.440 42.785 43.385 45.883 45.315 45.273 45.146 46.038
0.000 0.000 0.000 0.000 0.000 0.000 0.000 0.000 0.000 0.000 0.000 0.000 0.000 0.000 0.000 0.000 0.480 32.486 0.000 0.000 0.000 0.000 0.000 0.000 0.000 0.000 0.000 0.000 0.000 0.000 0.000 0.000 0.000 0.000 0.000 0.000 0.000 0.000 0.000 0.000 0.000 0.000 0.000 0.000 0.000 0.000 0.000 0.000 0.462 18.583 18.650 9.749 7.880 8.047 6.253 22.479 31.651 0.000 0.630 25.384 40.257 47.053 46.842 46.648 46.368 48.623 44.802 42.961 43.749 46.266 45.696 45.647 45.507 45.384 45.262
0.000 0.000 0.000 0.000 0.000 0.000 0.000 0.000 0.000 0.000 25.439 0.000 0.000 0.000 0.000 0.000 7.488 58.488 14.489 0.000 0.000 0.000 0.000 0.000 0.000 0.000 0.000 0.000 0.000 0.000 0.000 0.000 0.000 0.000 0.000 0.000 0.000 0.000 0.000 0.000 0.000 0.000 0.000 0.000 0.000 0.000 3.759 0.000 0.000 7.733 20.788 11.887 8.032 5.239 16.540 26.966 16.415 0.000 24.769 42.636 47.488 47.293 47.092 46.795 47.029 46.186 43.243 44.135 46.663 46.093 46.040 45.891 45.755 45.618 45.483
0.000 0.000 0.000 0.000 0.000 0.000 0.000 0.000 0.000 8.439 43.440 32.443 19.446 0.000 0.000 0.000 46.490 54.491 19.492 0.000 0.000 0.000 0.000 0.000 0.000 0.000 0.000 0.000 0.000 0.000 0.000 0.000 0.000 0.000 0.000 0.000 0.000 0.000 0.000 0.000 0.654 0.000 0.000 11.712 26.721 29.737 27.760 13.792 7.821 6.829 20.884 11.979 4.122 18.339 32.702 21.432 10.629 26.617 31.919 44.905 47.763 47.571 47.259 47.466 45.601 43.635 44.551 47.085 46.514 46.458 46.300 46.152 46.001 45.851 45.702
0.000 0.000 0.000 0.000 0.000 0.000 0.000 0.000 0.000 0.000 41.442 24.445 5.451 0.000 0.000 38.492 49.494 56.496 15.497 0.000 0.000 0.000 0.000 0.000 0.000 0.000 0.000 0.000 0.000 0.000 0.000 0.000 0.000 0.000 0.000 7.619 9.619 0.000 0.000 0.000 16.657 0.000 9.693 32.703 35.715 36.730 33.753 20.796 7.843 4.880 21.940 13.023 17.138 35.294 29.498 0.000 10.051 29.304 42.387 48.299 48.118 47.790 47.960 46.066 44.156 45.009 47.541 46.970 46.910 46.744 46.583 46.414 46.246 46.083 45.919
0.000 0.000 0.000 0.000 0.000 0.000 0.000 0.000 0.000 0.000 0.000 0.000 30.463 26.473 14.483 27.492 47.498 58.502 11.505 0.000 0.000 0.000 0.000 0.000 0.000 0.000 0.000 0.000 0.000 0.000 0.000 0.000 0.000 0.000 11.618 12.619 24.620 7.623 0.000 10.652 11.659 7.669 14.684 21.695 19.705 12.716 31.726 0.000 13.876 16.909 6.972 19.036 32.113 29.203 0.000 0.000 22.223 39.159 48.029 48.802 48.448 48.554 45.618 44.857 45.523 48.042 47.469 47.404 47.231 47.058 46.869 46.674 46.488 47.315 40.140
0.000 0.000 0.000 0.000 0.000 0.000 0.000 0.000 0.000 0.000 0.000 0.000 49.468 44.474 34.484 24.498 48.505 56.511 51.517 36.526 0.000 0.000 0.000 0.000 0.000 0.000 0.000 0.000 0.000 0.000 0.000 0.000 0.000 0.000 11.618 10.618 31.621 37.627 26.636 18.647 10.656 7.667 8.678 9.688 8.697 6.704 14.709 0.000 0.000 0.000 12.005 35.038 33.075 0.000 0.000 23.159 36.457 46.093 49.735 49.415 50.307 46.330 45.849 46.126 48.607 48.022 47.946 47.764 47.583 47.382 47.162 46.928 46.718 46.551 32.443
0.000 0.000 0.000 0.000 0.000 0.000 0.000 0.000 0.000 0.000 0.000 0.000 0.000 21.472 0.000 32.511 51.516 56.521 54.528 52.536 41.545 0.549 0.000 0.000 0.000 0.000 0.000 0.000 0.000 0.000 0.000 0.000 0.000 0.000 0.000 15.616 34.620 41.627 33.635 17.644 6.653 7.664 7.674 7.683 7.690 7.695 11.698 0.000 0.000 0.000 0.000 19.038 0.000 0.000 28.389 32.859 44.375 50.921 50.799 49.070 47.391 47.344 46.873 49.267 48.650 48.546 48.348 48.157 47.952 47.728 47.468 47.159 47.906 39.729 22.637
0.000 0.000 0.000 0.000 0.000 0.000 0.000 0.000 0.000 0.000 0.000 0.000 0.000 0.000 53.520 53.522 55.526 55.532 54.539 48.547 42.555 13.562 0.000 0.000 0.000 0.000 0.000 0.000 0.000 0.000 3.912 0.938 0.180 0.179 1.588 10.610 32.619 41.625 32.633 15.641 5.650 10.661 9.672 7.680 7.686 7.689 8.691 0.685 0.000 0.000 0.000 0.000 0.000 31.323 33.917 41.538 52.122 52.195 50.598 52.641 49.737 47.860 50.074 49.384 49.223 48.987 48.773 48.559 48.342 48.110 46.824 55.334 53.020 25.821 15.741
0.000 0.000 0.000 0.000 0.000 10.132 0.000 0.000 28.178 17.182 21.186 0.000 0.000 0.000 0.000 61.531 55.536 52.543 49.551 52.560 43.568 6.573 0.000 0.000 0.000 0.000 0.000 0.000 0.000 0.000 0.000 0.000 0.000 0.000 0.000 14.615 32.619 37.624 27.632 18.639 16.644 0.000 0.000 13.682 7.684 7.686 8.686 14.683 22.682 0.000 0.000 0.000 4.021 36.732 40.432 51.108 53.259 52.937 56.843 55.352 49.306 51.092 50.259 49.998 49.696 49.437 49.194 48.965 48.748 48.546 54.386 0.000 0.000 4.793 22.767
0.000 0.000 0.000 0.000 0.000 30.134 0.000 22.169 24.176 36.184 19.191 4.198 0.000 0.000 0.000 46.538 58.546 55.555 55.564 56.575 50.584 4.591 0.000 0.000 0.000 0.000 0.000 0.000 0.000 0.000 0.000 0.000 0.000 0.000 0.000 20.616 17.619 29.621 0.000 0.000 0.000 0.000 0.000 0.000 17.684 11.685 0.000 4.682 38.681 21.681 0.000 0.000 8.320 42.120 50.964 54.038 53.810 58.391 57.780 50.747 52.229 51.256 50.869 50.480 50.157 49.866 49.603 49.360 49.139 48.941 53.788 0.000 0.000 0.000 0.000
18.995 0.000 0.000 0.000 0.000 41.137 17.147 19.162 25.175 49.188 50.199 45.207 0.000 0.000 0.000 0.000 6.555 60.567 55.579 56.592 53.606 12.616 0.000 0.000 0.000 0.000 0.000 0.000 0.000 0.000 0.000 0.000 0.000 0.000 0.000 0.000 0.000 0.000 0.000 0.000 0.000 0.000 0.000 0.000 0.000 0.000 0.000 0.000 0.000 0.000 0.000 0.000 34.739 51.832 53.552 54.501 58.996 58.782 51.698 53.226 52.246 51.782 51.316 50.926 50.580 50.270 49.990 49.736 49.506 49.292 52.039 36.039 0.000 0.000 0.000
22.998 19.003 0.000 0.000 0.000 33.132 35.144 35.160 47.177 44.194 56.210 55.225 16.242 0.000 0.000 0.000 0.000 62.580 55.592 56.611 53.633 13.652 0.000 0.000 0.000 22.990 35.007 4.022 0.000 0.000 0.000 0.000 0.000 0.000 0.000 0.000 0.000 0.000 0.000 0.000 0.000 0.000 0.000 0.000 0.000 0.000 0.000 0.000 0.000 0.000 0.000 35.773 52.721 53.360 59.564 59.152 52.769 53.377 53.910 53.108 52.644 52.151 51.717 51.324 50.969 50.646 50.353 50.089 49.859 56.682 0.000 0.000 0.000 0.000 0.000
25.001 26.011 18.021 0.000 23.097 18.115 26.139 39.159 43.179 54.204 55.223 54.244 23.260 0.000 0.000 0.000 0.000 61.583 55.601 56.628 51.663 31.710 15.788 16.856 16.917 24.974 46.012 13.037 0.000 0.000 0.000 0.000 0.000 0.000 0.000 0.000 0.000 0.000 0.000 0.000 0.000 0.000 0.000 0.000 0.000 0.000 0.000 0.000 0.000 23.787 33.548 52.520 54.139 60.936 60.371 53.204 54.964 54.341 53.835 53.402 52.932 52.489 52.072 51.685 51.326 50.993 50.688 50.408 57.160 2.945 0.000 0.000 0.000 0.000 0.000
39.007 22.018 26.033 26.056 17.081 10.094 0.000 0.000 0.000 44.220 55.237 53.270 38.294 5.325 0.000 0.000 30.539 51.569 56.602 55.640 56.684 46.737 22.800 19.863 18.923 27.980 46.030 29.080 15.149 16.203 20.241 31.261 0.000 0.000 0.000 0.000 0.000 0.000 0.000 0.000 0.000 0.000 0.000 0.000 0.000 0.000 0.000 0.000 4.170 44.024 52.069 54.770 61.649 61.349 53.824 55.531 54.799 54.468 54.062 53.636 53.213 52.798 52.400 52.020 51.657 51.312 50.999 56.697 3.428 0.000 0.000 0.000 0.000 0.000 0.000
55.018 26.025 20.038 21.056 23.077 23.088 12.091 0.000 0.000 0.000 0.000 60.307 50.325 28.356 20.406 27.455 26.511 28.555 36.599 37.646 24.698 21.755 19.815 19.875 18.934 27.992 43.049 22.106 19.167 24.219 40.260 43.284 28.294 2.292 0.000 0.000 0.000 0.000 0.000 0.000 0.000 0.000 0.000 0.000 0.000 0.000 0.000 0.000 36.594 52.374 55.296 61.973 61.856 54.399 56.094 55.363 55.052 54.665 54.277 53.881 53.483 53.092 52.709 52.338 51.972 51.599 57.299 3.038 0.000 0.000 0.000 0.000 0.000 0.000 0.000
55.022 41.028 0.000 0.000 28.085 24.092 35.096 26.094 0.000 0.000 0.000 48.327 45.343 30.371 21.409 18.450 18.495 21.541 34.594 42.650 45.708 38.771 28.831 21.889 20.948 37.008 40.069 15.131 19.193 19.250 20.296 24.321 3.307 0.000 0.000 0.000 0.000 0.000 0.000 0.000 0.000 0.000 0.000 0.000 0.000 0.000 29.452 37.538 51.060 62.373 62.066 55.258 55.917 56.554 55.927 55.616 55.242 54.875 54.502 54.126 53.750 53.377 53.010 52.651 53.293 59.816 3.557 0.000 0.000 0.000 0.000 0.000 0.000 0.000 0.000
55.027 55.039 42.057 25.074 25.088 25.099 16.108 0.000 0.000 0.000 41.321 38.332 41.352 34.377 35.409 35.443 35.480 38.523 33.589 33.651 35.716 39.791 40.849 38.905 34.963 46.024 44.089 32.156 33.226 33.293 35.355 10.400 0.000 0.000 0.000 0.000 0.000 0.000 0.000 0.000 0.000 0.000 0.000 0.000 32.161 32.961 54.023 54.711 63.463 63.005 57.652 57.431 56.881 56.478 56.159 55.800 55.447 55.090 54.732 54.372 54.013 53.657 53.303 53.963 57.735 0.000 0.000 0.000 0.000 0.000 0.000 0.000 0.000 0.000 0.000
54.032 55.045 52.061 30.077 24.094 25.112 26.130 18.154 0.000 33.289 30.311 31.332 32.355 27.380 31.407 36.435 44.461 29.482 0.000 0.000 0.000 38.831 34.871 34.919 34.975 35.039 35.108 35.182 35.261 35.345 33.433 28.524 1.737 0.000 0.000 24.156 31.369 43.652 13.887 0.000 0.000 0.000 0.000 33.485 44.360 56.423 57.158 64.060 63.806 58.208 57.947 57.275 57.008 56.679 56.339 55.999 55.654 55.309 54.963 54.619 54.276 53.934 54.583 57.165 4.950 0.000 0.000 0.000 0.000 0.000 0.000 0.000 0.000 0.000 0.000
44.037 55.050 55.065 45.083 21.102 24.124 25.149 25.180 31.225 40.270 24.302 21.331 19.357 26.383 41.407 40.429 25.448 5.464 0.000 0.000 0.000 0.000 23.888 18.927 18.983 19.048 19.123 20.204 23.293 24.393 24.509 23.661 24.900 24.202 24.535 33.945 41.298 39.703 47.123 45.567 40.825 38.935 41.846 53.910 57.675 57.605 64.344 64.239 58.740 58.465 57.783 57.521 57.189 56.863 56.532 56.199 55.864 55.528 55.193 54.864 54.540 55.221 55.932 0.000 0.000 0.000 0.000 0.000 0.000 0.000 0.000 0.000 0.000 0.000 0.000
22.043 50.055 54.069 35.087 18.109 17.135 25.162 25.192 24.227 18.264 19.300 25.334 42.362 41.388 24.411 17.430 7.438 0.000 27.692 36.717 32.756 33.806 36.866 39.921 38.981 40.051 43.132 42.220 39.316 41.424 36.552 22.712 26.920 26.172 31.460 49.793 57.178 54.738 49.336 44.752 46.994 54.021 59.343 58.146 64.715 64.434 58.548 60.228 58.893 58.305 58.032 57.699 57.377 57.052 56.728 56.403 56.076 55.746 55.419 56.106 53.799 49.479 1.270 0.000 0.000 0.000 0.000 0.000 0.000 0.000 0.000 0.000 0.000 0.000 0.000
15.050 34.058 45.072 20.088 12.114 19.148 17.175 24.201 25.230 25.259 18.300 35.343 27.372 16.397 19.422 11.442 0.000 36.633 39.669 39.705 41.747 42.797 45.852 49.910 48.972 49.045 49.134 51.231 52.329 50.438 38.565 24.716 26.898 27.108 27.340 30.589 4.883 0.000 69.730 112.134 90.238 56.635 58.548 65.719 65.288 58.921 61.722 59.202 58.830 58.540 58.211 57.889 57.566 57.243 56.925 56.609 56.291 55.964 57.630 52.344 41.071 0.000 0.000 0.000 0.000 0.000 0.000 0.000 0.000 0.000 0.000 0.000 0.000 0.000 0.000
0.000 0.000 26.073 8.080 0.000 14.167 19.189 19.211 25.233 14.246 0.000 19.369 17.386 19.410 20.438 30.475 44.535 41.599 43.646 49.688 59.733 103.782 100.839 100.895 100.953 101.022 102.132 86.241 18.333 21.435 19.554 27.692 26.848 24.022 22.206 4.341 0.000 0.000 0.000 37.692 55.011 59.925 66.328 66.059 58.453 60.222 59.584 59.344 59.041 58.723 58.403 58.079 57.754 57.432 57.119 56.817 57.516 56.188 47.796 36.570 0.000 0.000 0.000 0.000 0.000 0.000 0.000 0.000 0.000 0.000 0.000 0.000 0.000 0.000 0.000
0.000 41.069 19.070 0.000 0.000 0.000 13.204 26.220 18.249 0.000 0.000 27.378 18.394 29.419 42.449 42.486 47.533 50.583 43.628 29.672 20.715 16.762 14.826 17.880 18.925 5.962 0.000 23.269 20.328 19.416 23.525 27.650 24.783 16.928 24.121 5.230 0.000 0.000 33.709 50.576 60.397 66.690 66.539 58.973 60.727 60.084 59.851 59.543 59.236 58.920 58.598 58.272 57.941 57.612 57.304 58.026 53.769 42.478 0.000 0.000 0.000 0.000 0.000 0.000 0.000 0.000 0.000 0.000 0.000 0.000 0.000 0.000 0.000 0.000 0.000
0.000 0.000 0.000 0.000 0.000 0.000 0.000 0.000 22.294 20.323 28.348 25.374 25.397 25.423 42.453 56.489 45.530 25.573 23.615 18.656 20.695 11.727 0.000 23.874 20.907 9.939 0.000 24.239 19.295 20.379 27.482 25.601 23.708 5.787 0.000 0.000 30.584 28.430 45.149 61.042 66.859 59.809 60.429 61.148 60.601 60.362 60.056 59.754 59.443 59.124 58.799 58.469 58.126 58.770 58.461 48.216 33.057 0.000 0.000 0.000 0.000 0.000 0.000 0.000 0.000 0.000 0.000 0.000 0.000 0.000 0.000 0.000 0.000 0.000 0.000
0.000 0.000 0.000 35.259 28.261 22.264 0.000 0.000 40.311 37.328 24.350 25.373 25.398 26.424 47.455 99.488 92.526 39.565 94.605 15.644 19.684 19.724 21.774 19.838 19.891 19.950 22.038 18.154 18.238 27.323 26.426 23.563 18.665 7.725 0.000 0.000 32.739 39.597 61.600 60.495 67.237 60.882 61.519 61.115 60.874 60.578 60.281 59.973 59.658 59.335 59.006 58.679 60.327 55.884 37.554 24.319 26.188 0.000 0.000 0.000 0.000 0.000 0.000 0.000 0.000 0.000 0.000 0.000 0.000 0.000 0.000 0.000 0.000 0.000 0.000
0.000 0.000 0.000 18.258 27.262 24.269 42.282 36.296 41.312 49.331 40.351 25.373 25.398 25.424 24.454 18.486 13.521 18.558 15.596 19.634 19.673 19.714 19.761 19.814 19.870 19.933 19.012 24.103 26.180 27.249 11.337 0.000 11.663 0.000 0.000 0.000 37.007 58.948 62.982 68.480 67.923 61.006 61.697 61.378 61.105 60.816 60.513 60.200 59.881 59.552 59.212 57.914 19.620 0.000 0.000 0.000 0.000 0.000 0.000 0.000 0.000 0.000 0.000 0.000 0.000 0.000 0.000 0.000 0.000 0.000 0.000 0.000 0.000 0.000 0.000
0.000 0.000 23.249 19.255 18.261 36.270 29.282 45.296 54.313 34.332 20.352 18.373 21.397 24.422 25.451 25.482 18.517 17.552 18.588 18.624 19.661 19.701 19.743 24.790 21.842 18.902 19.974 23.069 27.130 16.160 0.000 0.000 0.000 0.000 0.000 112.644 56.375 63.415 61.418 68.949 60.835 63.374 64.884 61.641 61.359 61.065 60.756 60.435 61.116 57.780 45.379 36.146 0.000 0.000 0.000 0.000 0.000 0.000 0.000 0.000 0.000 0.000 0.000 0.000 0.000 0.000 0.000 0.000 0.000 0.000 0.000 0.000 0.000 0.000 0.000
0.000 23.241 19.246 18.252 29.259 33.269 44.281 51.295 17.314 16.335 17.353 19.373 18.395 15.419 23.447 24.478 25.512 24.547 18.582 17.615 16.649 17.685 23.722 82.763 50.808 30.859 13.916 0.000 29.115 37.101 0.000 0.000 0.000 0.000 37.074 47.889 64.756 62.806 69.741 69.365 61.953 62.495 63.181 61.912 61.629 61.330 61.014 61.669 60.368 13.073 0.000 0.000 0.000 0.000 0.000 0.000 0.000 0.000 0.000 0.000 0.000 0.000 0.000 0.000 0.000 0.000 0.000 0.000 0.000 0.000 0.000 0.000 0.000 0.000 0.000
0.000 16.239 19.242 21.248 42.257 53.268 67.280 49.291 0.000 35.342 35.355 19.372 19.392 18.415 16.441 19.472 25.508 23.544 24.577 26.608 24.638 22.668 18.700 13.733 18.769 13.813 0.000 0.000 0.000 23.029 15.011 0.000 0.000 0.000 47.261 64.117 64.189 62.219 70.076 61.695 64.195 65.712 62.469 62.197 61.914 61.615 61.300 58.860 13.613 0.000 0.000 0.000 0.000 0.000 0.000 0.000 0.000 0.000 0.000 0.000 0.000 0.000 0.000 0.000 0.000 0.000 0.000 0.000 0.000 0.000 0.000 0.000 0.000 0.000 0.000
0.000 14.234 20.238 36.244 47.254 95.267 89.283 91.298 97.318 93.337 94.353 19.370 19.388 18.409 18.432 17.462 12.505 22.547 24.577 25.602 23.627 25.652 25.678 26.703 19.722 0.000 0.000 0.000 0.000 23.978 8.994 0.000 0.000 38.762 60.557 64.488 63.478 70.683 70.389 62.767 63.314 64.010 62.758 62.496 62.216 62.916 37.710 0.000 0.000 0.000 0.000 0.000 0.000 0.000 0.000 0.000 0.000 0.000 0.000 0.000 0.000 0.000 0.000 0.000 0.000 0.000 0.000 0.000 0.000 0.000 0.000 0.000 0.000 0.000 0.000
0.000 15.228 32.231 40.238 46.248 17.267 16.287 15.303 12.321 13.337 13.352 19.367 19.383 35.401 35.419 11.440 0.000 9.564 22.582 24.599 22.617 24.636 24.658 25.680 21.695 0.000 0.000 0.000 21.848 6.913 0.000 0.000 40.106 48.962 65.812 64.711 63.896 70.954 62.461 64.980 67.518 63.299 63.057 62.813 61.540 49.124 7.917 0.000 0.000 0.000 0.000 0.000 0.000 0.000 0.000 0.000 0.000 0.000 0.000 0.000 0.000 0.000 0.000 0.000 0.000 0.000 0.000 0.000 0.000 0.000 0.000 0.000 0.000 0.000 0.000
0.000 23.221 40.224 39.229 39.234 0.000 11.297 11.308 24.326 20.340 19.353 19.366 18.378 94.394 82.406 0.000 0.000 0.000 16.589 11.597 16.606 19.620 19.640 21.664 22.685 27.704 28.724 29.749 20.786 0.000 0.000 29.251 79.252 61.169 65.030 65.116 63.178 71.203 63.594 64.068 64.806 63.580 63.360 64.160 34.008 0.000 0.000 0.000 0.000 0.000 0.000 0.000 0.000 0.000 0.000 0.000 0.000 0.000 0.000 0.000 0.000 0.000 0.000 0.000 0.000 0.000 0.000 0.000 0.000 0.000 0.000 0.000 0.000 0.000 0.000
0.000 11.211 35.216 34.223 28.227 0.000 0.000 0.000 17.336 30.347 19.356 18.365 19.371 0.373 0.000 0.000 0.000 0.000 0.000 0.000 27.591 25.600 23.618 6.654 9.680 16.703 17.721 22.739 13.762 0.000 0.000 0.000 39.484 57.402 64.346 64.449 71.642 71.431 63.678 64.360 64.069 63.857 63.646 58.458 16.326 0.000 0.000 13.500 0.000 0.000 0.000 0.000 0.000 0.000 0.000 0.000 0.000 0.000 0.000 0.000 0.000 0.000 0.000 0.000 0.000 0.000 0.000 0.000 0.000 0.000 0.000 0.000 0.000 0.000 0.000
