results1/res_4e8f-0228.wd
ncols         241
nrows         181
xllcorner     12693529.787448
yllcorner     3542525.717860
cellsize      155.156523
NODATA_value  -9999.000000
[rows 132 to 164 of 181, columns 0 to 72 of 241]
96.411 101.411 105.410 105.409 107.408 107.407 101.405 92.403 78.401 67.399 66.396 67.393 66.389 65.385 70.380 84.375 95.370 100.363 100.356 97.348 89.338 80.326 71.311 65.294 70.271 72.242 71.209 72.171 70.139 65.110 79.081 102.053 69.029 0.000 0.000 0.000 8.814 60.808 72.803 69.784 71.770 77.762 95.763 81.769 65.779 64.791 64.805 76.822 97.840 38.860 11.883 6.916 0.000 0.000 0.000 0.000 0.000 0.000 0.000 0.000 0.000 0.195 3.195 1.195 28.195 8.120 12.045 52.948 75.808 79.710 79.604 89.692 117.159
74.416 76.415 79.415 85.414 95.413 101.412 106.410 106.408 99.406 85.403 74.400 68.397 72.394 79.390 92.385 107.380 106.374 103.368 103.360 106.351 106.341 102.330 90.315 78.299 70.278 65.254 66.228 65.200 66.173 74.150 96.128 104.110 16.099 0.000 0.000 0.000 18.821 46.827 64.851 73.848 74.837 71.826 72.831 82.837 77.844 70.852 74.862 82.874 95.887 36.903 22.923 28.950 8.979 0.000 0.000 0.000 0.000 0.000 0.000 0.000 0.000 0.000 0.000 0.000 10.270 0.000 60.068 81.991 77.874 86.848 77.914 117.279 106.040
66.421 66.420 66.420 68.419 73.418 77.417 84.415 93.413 101.411 104.408 98.406 96.402 98.399 101.395 100.390 93.385 84.379 82.373 82.365 87.357 93.347 100.335 103.322 102.307 91.289 81.269 76.248 74.226 83.206 99.187 100.172 86.161 19.156 0.000 0.000 0.000 0.000 0.000 47.928 74.920 53.905 41.876 56.896 71.903 86.908 90.913 92.918 93.924 89.933 16.944 3.954 31.982 29.009 17.036 23.048 17.052 0.000 0.000 0.000 0.000 0.000 0.000 44.485 14.435 80.345 102.281 135.138 91.114 86.168 67.128 103.195 107.719 107.629
67.426 67.425 67.425 67.424 66.423 65.422 67.420 72.418 78.416 88.414 98.411 100.408 93.404 83.400 77.396 69.390 65.385 65.379 65.371 67.363 72.354 78.343 85.331 97.318 102.302 104.286 103.269 99.252 102.236 95.222 77.211 69.206 48.209 6.230 0.000 0.000 0.000 0.000 41.012 73.998 16.988 0.000 49.973 74.973 93.973 101.972 87.972 90.972 76.976 34.984 0.997 59.016 28.037 20.052 31.055 31.057 2.059 0.000 0.000 0.000 0.000 31.587 50.534 123.476 152.400 135.283 118.840 117.788 109.460 108.102 107.982 107.855 73.078
67.431 67.431 67.430 67.430 67.429 67.427 67.426 66.424 66.422 69.419 75.417 74.413 70.410 66.406 66.402 66.397 67.391 67.385 67.378 67.371 66.362 65.353 67.342 73.330 80.317 89.303 97.289 93.276 82.263 70.253 66.245 71.242 79.243 55.251 33.258 33.250 19.227 20.184 56.110 77.071 27.061 9.076 69.051 101.042 103.037 82.032 85.025 84.015 72.017 61.026 12.027 40.038 14.070 2.079 15.065 2.061 4.060 2.055 0.000 0.000 0.000 12.642 75.588 81.509 77.498 78.659 76.635 108.421 108.321 108.215 75.417 78.198 80.072
67.437 67.437 67.436 67.435 67.434 67.433 67.432 67.430 67.428 67.426 66.423 66.420 66.416 67.412 67.408 67.404 67.398 67.393 67.386 67.379 67.372 67.363 67.353 66.343 65.332 66.321 70.310 68.299 67.289 71.281 74.275 73.272 71.272 73.274 73.273 70.265 70.246 74.216 49.172 35.117 24.108 42.117 87.113 101.108 81.102 74.095 73.081 53.048 49.048 12.079 0.138 0.000 2.128 4.128 0.000 0.000 8.068 23.049 38.005 7.943 21.864 84.720 91.709 89.783 87.771 88.853 108.609 108.517 89.656 96.449 89.307 95.082 86.927
67.443 67.442 67.442 67.441 67.440 67.439 67.438 67.436 67.434 67.432 67.429 67.426 67.423 67.419 67.415 67.411 67.406 67.401 67.395 66.389 73.382 75.374 67.366 66.357 65.348 66.338 68.329 71.321 74.313 73.307 68.303 69.300 76.299 79.298 75.296 69.289 66.278 75.261 6.245 0.000 9.139 82.169 91.175 78.173 70.169 90.163 36.157 0.000 0.000 2.186 3.215 3.213 3.184 4.179 0.000 0.000 33.094 75.068 104.025 64.965 97.852 106.013 102.977 102.069 108.867 108.785 108.699 101.736 103.617 103.318 102.181 101.116 19.035
67.449 67.449 67.448 67.448 67.447 67.446 67.444 67.443 67.441 67.439 70.436 70.433 68.430 72.426 70.422 67.418 67.414 67.410 66.405 64.399 75.393 83.386 69.379 66.371 68.363 71.356 73.349 72.342 69.336 71.332 76.328 78.326 79.325 79.325 74.323 68.319 77.314 96.307 15.302 0.000 0.000 56.246 79.245 76.242 80.237 100.230 34.227 0.000 3.264 3.240 3.246 3.242 3.217 5.224 0.000 31.191 83.148 99.102 102.038 107.041 104.210 101.202 109.091 109.020 108.945 101.040 101.828 102.704 102.388 102.362 95.297 72.207 0.000
67.455 67.455 67.455 67.454 67.453 67.452 67.451 67.450 67.448 68.446 75.443 75.440 52.437 20.433 41.429 71.426 65.423 68.419 74.415 77.410 77.404 73.398 69.392 70.385 73.379 72.373 71.367 73.362 77.358 77.355 79.353 78.352 69.352 64.352 66.352 79.352 98.351 108.351 30.353 0.000 0.000 31.322 87.319 89.314 96.306 95.294 31.294 0.000 3.288 1.288 2.288 3.290 0.000 9.277 35.276 79.242 101.172 104.197 103.292 103.299 102.395 109.225 109.159 101.238 102.042 102.907 102.697 102.555 102.515 94.450 86.410 0.000 0.000
67.462 67.461 67.461 67.461 67.460 67.459 67.458 67.457 67.455 69.454 78.451 89.448 65.444 2.441 8.435 56.435 82.433 74.429 72.425 72.421 70.416 69.411 71.405 73.400 71.395 67.389 69.385 81.381 83.378 73.377 67.376 64.376 64.377 69.379 83.381 99.384 96.388 80.394 52.405 20.432 14.433 58.402 87.393 69.389 60.379 52.345 17.362 1.402 1.337 22.328 13.329 3.341 0.000 28.331 79.315 101.244 103.451 102.452 102.566 109.411 109.351 109.289 101.296 103.184 102.899 102.776 102.724 102.655 96.581 83.520 73.485 0.000 0.000
67.468 67.468 67.468 67.467 67.467 67.466 67.465 67.464 67.463 69.462 79.460 66.457 22.451 4.452 0.000 24.445 78.443 70.440 72.436 71.432 69.428 72.423 73.419 70.414 67.410 63.406 73.402 87.399 74.398 64.397 65.398 70.400 80.402 91.406 102.410 95.415 73.422 68.431 87.443 94.458 95.464 99.461 74.463 35.470 7.477 0.000 1.543 1.548 0.000 35.344 22.359 2.406 33.426 79.378 101.412 103.613 102.639 109.574 109.522 109.468 101.557 102.359 103.252 102.953 102.941 102.884 102.812 103.723 91.646 62.563 51.524 9.524 3.524
66.475 66.475 67.474 67.474 67.474 67.473 67.473 67.472 67.471 70.470 80.469 51.468 0.000 10.464 48.465 50.458 67.454 69.451 57.447 39.444 77.440 72.436 68.432 67.428 65.424 67.421 83.418 86.417 68.416 71.417 83.419 92.423 101.427 99.432 87.438 73.445 66.454 82.465 86.478 74.492 55.504 53.515 41.529 21.549 10.582 4.647 2.664 22.679 17.697 0.000 0.000 27.471 79.531 102.653 103.687 101.807 109.671 109.623 101.715 102.530 103.411 103.220 103.101 103.080 103.030 102.981 105.913 69.784 49.715 0.000 0.000 0.000 0.000
75.482 73.482 70.481 68.481 65.481 65.481 65.481 65.480 64.480 69.479 81.478 64.478 45.480 53.475 71.472 67.469 64.465 70.462 65.459 52.456 72.452 66.449 65.446 65.442 67.439 81.436 89.434 55.433 47.433 97.436 102.439 97.444 86.450 76.457 68.465 64.474 75.484 87.497 55.511 30.528 13.545 4.565 21.588 20.617 10.654 11.696 14.723 42.734 26.716 0.000 0.000 59.766 101.810 100.944 109.806 109.763 109.718 101.749 103.647 103.374 103.269 103.241 105.200 100.152 102.124 103.098 114.077 0.000 0.000 0.000 0.000 0.000 0.000
76.490 78.489 84.487 85.487 85.488 82.488 83.489 82.488 81.488 81.487 83.487 66.486 70.486 69.484 66.481 69.478 69.476 68.473 73.470 75.468 69.465 63.462 65.459 67.456 81.453 86.450 75.448 69.447 78.448 101.452 84.459 75.465 67.473 65.481 67.490 66.500 80.513 89.527 53.544 29.563 17.585 19.611 22.642 14.678 15.719 21.761 23.796 16.819 0.000 0.000 38.008 80.028 109.923 109.886 109.848 101.978 102.787 103.689 103.399 103.398 104.358 104.315 77.274 55.214 90.215 104.210 109.220 49.278 0.000 0.000 0.000 0.000 0.000
69.499 63.497 16.492 18.492 27.495 74.496 71.497 71.497 71.496 75.496 84.495 65.495 66.494 65.492 68.490 72.488 73.486 71.484 70.482 73.480 74.477 71.475 65.473 82.470 88.467 79.464 85.460 102.459 99.461 81.467 69.477 65.486 67.495 67.504 66.514 71.525 87.539 89.555 81.573 84.595 55.620 17.652 9.690 8.735 20.783 27.833 17.881 14.929 6.959 33.128 81.176 109.991 109.958 102.116 102.928 103.818 103.633 103.521 103.508 104.464 102.425 96.387 21.368 0.000 72.311 107.308 104.315 103.336 0.000 0.000 0.000 0.000 0.000
67.509 59.509 0.000 0.504 9.505 70.505 66.505 66.505 66.505 70.505 84.504 62.503 66.503 70.501 72.500 73.498 70.497 67.495 65.493 67.492 77.490 90.488 85.486 86.484 63.481 57.477 109.471 95.468 62.469 22.478 42.497 70.507 67.516 67.526 69.536 62.548 46.563 36.580 48.599 88.622 64.650 17.686 12.732 7.788 16.845 21.906 15.970 21.028 21.112 59.257 110.040 101.302 105.043 103.951 103.766 103.659 103.637 103.604 104.565 104.530 69.493 45.441 31.442 34.451 85.409 106.396 102.398 93.413 11.448 0.000 0.000 0.000 0.000
67.519 67.520 50.525 0.514 10.514 71.514 67.514 67.514 66.514 67.513 82.513 69.512 72.512 74.511 73.510 68.508 65.507 66.506 66.505 65.504 75.503 98.502 94.501 81.499 74.497 65.492 41.479 30.472 17.471 0.000 23.525 72.530 67.537 69.546 52.557 26.570 11.584 8.602 50.622 67.645 36.673 8.711 11.765 16.840 23.904 19.976 14.064 7.141 10.433 58.482 110.103 104.191 103.954 103.778 103.765 103.732 103.694 103.659 101.626 92.597 25.576 0.000 42.509 101.500 106.480 104.468 98.466 88.472 6.483 0.000 0.000 0.000 0.000
64.528 66.529 63.530 0.000 6.524 71.524 66.523 64.523 66.523 70.522 74.522 73.521 73.521 71.520 65.519 66.519 66.518 67.517 67.516 72.516 90.515 89.515 82.515 91.515 89.515 60.516 0.000 0.000 0.000 0.000 21.547 72.550 67.556 70.565 41.576 3.588 37.604 63.621 83.641 52.663 4.684 0.750 0.818 5.902 15.955 16.033 16.135 10.368 6.977 110.281 110.194 103.095 103.945 103.848 103.816 103.781 103.746 105.714 90.683 73.657 33.638 9.630 57.585 87.562 96.543 105.531 94.526 83.526 5.529 0.000 0.000 0.000 0.000
71.536 69.537 58.537 0.000 57.533 65.533 67.532 71.532 72.532 73.531 71.531 72.531 70.530 66.530 66.529 67.529 67.528 66.528 68.528 91.527 90.528 72.528 85.529 83.531 87.534 85.540 48.557 4.567 13.572 43.572 48.567 68.568 67.573 67.582 62.592 54.605 71.620 70.638 64.659 86.683 34.706 0.776 0.843 9.928 14.982 13.059 14.153 38.295 62.683 110.363 105.419 105.171 104.913 103.902 103.865 103.831 104.797 102.766 57.736 34.710 46.688 47.667 101.640 103.617 83.600 93.588 88.581 61.578 26.577 0.000 0.000 0.000 0.000
72.544 73.544 70.545 58.547 72.543 72.542 72.541 73.541 73.541 74.540 86.540 68.540 66.540 66.539 67.539 67.539 67.539 68.539 82.539 93.539 68.540 72.541 99.542 91.545 79.549 82.555 85.564 69.571 74.576 89.578 82.579 70.582 63.588 63.596 74.606 90.619 77.634 49.653 21.675 76.702 65.738 14.796 17.853 22.917 18.985 10.071 12.137 53.416 105.664 110.440 102.399 105.053 105.984 103.948 103.914 103.880 96.847 86.816 43.786 14.759 23.735 24.712 85.689 127.668 108.651 84.639 76.631 55.627 64.625 17.625 0.000 3.840 7.840
77.552 77.552 73.552 73.552 73.551 74.550 74.550 70.550 67.549 66.549 29.549 19.549 70.549 67.549 67.549 67.549 66.549 69.549 93.550 79.550 64.551 70.553 87.555 104.558 99.561 96.567 94.573 90.578 86.583 85.586 93.589 90.594 84.599 80.607 83.618 87.630 49.646 13.664 12.685 28.711 24.750 9.801 18.849 28.904 24.972 16.070 9.231 52.485 110.582 110.513 105.290 107.138 104.027 103.997 104.962 100.927 84.895 77.863 83.834 89.807 73.781 95.757 110.735 127.715 136.699 120.686 82.678 87.673 62.672 0.000 0.000 0.000 0.000
16.559 17.559 77.558 72.559 72.559 67.559 64.558 66.558 61.558 14.558 14.558 3.558 71.558 67.558 67.559 67.559 67.559 85.560 92.560 65.561 67.563 67.564 70.566 76.569 78.573 78.577 74.582 77.587 93.591 86.595 77.599 80.603 87.609 91.617 94.627 91.639 66.654 31.672 14.691 13.708 0.000 2.809 13.838 22.877 6.924 0.000 22.445 82.693 110.649 102.629 106.359 106.098 104.083 104.044 105.008 99.974 86.941 52.909 59.880 102.852 113.825 145.801 136.779 108.759 96.742 113.729 92.720 86.716 61.717 0.743 0.000 0.000 0.000
3.567 12.566 26.564 81.566 66.567 64.567 66.567 66.567 67.567 14.567 5.567 60.567 68.568 67.568 67.568 67.569 69.569 93.570 78.571 64.572 67.573 67.575 67.578 66.580 66.583 66.587 65.591 72.595 101.599 80.603 11.607 19.612 31.617 82.624 92.633 76.644 81.659 68.678 20.700 17.723 2.754 7.788 20.815 12.843 0.000 0.000 40.614 110.778 110.714 105.512 107.255 103.164 104.127 104.090 104.054 104.019 90.986 53.954 68.923 105.895 101.868 135.843 130.820 99.799 104.782 90.768 71.758 89.754 67.756 1.769 0.000 0.000 0.000
65.576 61.576 0.000 73.576 83.575 84.575 65.575 77.575 84.576 60.576 58.576 68.576 67.577 67.577 67.578 67.578 86.579 90.580 65.581 67.582 66.584 65.586 67.588 67.591 67.594 67.597 66.600 74.604 103.607 84.611 30.615 3.619 54.624 79.630 92.637 71.647 61.660 20.681 13.707 16.728 14.752 22.775 26.793 0.818 0.000 19.529 81.785 110.839 102.764 106.490 106.233 104.214 104.172 104.134 104.098 105.063 96.029 84.997 107.966 132.936 120.908 137.882 134.858 128.837 135.818 101.802 78.791 88.785 96.784 25.788 0.000 0.000 0.000
67.584 66.585 61.588 67.585 66.584 14.584 88.584 80.584 67.584 68.584 68.585 67.585 67.586 67.587 67.587 70.588 93.589 76.590 66.591 67.592 73.594 81.596 67.598 65.601 67.604 66.606 69.609 93.612 101.616 76.619 64.622 52.626 74.630 73.634 34.639 19.645 16.653 0.000 5.717 5.731 6.749 7.768 9.780 0.000 22.572 79.737 101.918 110.899 103.727 104.372 104.296 104.255 104.216 104.177 104.141 105.105 96.071 79.038 75.006 107.976 97.947 111.920 114.895 102.871 104.850 76.832 53.819 67.811 134.808 87.811 22.822 12.829 34.835
67.592 67.592 67.593 67.592 67.592 61.592 77.592 93.592 69.593 66.593 67.594 67.594 67.595 67.596 66.597 89.598 91.599 65.600 67.601 68.602 65.604 27.606 86.608 81.611 68.613 66.616 84.618 103.621 87.624 67.627 67.629 68.632 71.635 75.638 12.640 13.643 0.000 2.712 17.713 0.000 0.731 0.000 0.000 0.000 45.676 102.864 111.011 110.956 103.611 104.447 104.332 104.298 104.257 104.219 104.182 103.146 88.111 90.078 110.046 129.015 127.985 132.956 137.929 124.903 122.879 109.858 58.842 56.832 132.827 96.826 34.826 27.831 92.837
67.599 67.599 67.600 67.600 67.600 67.600 67.600 78.600 93.601 69.602 66.602 67.603 67.604 65.605 73.606 94.607 74.608 66.609 68.610 66.611 8.614 5.616 74.618 75.621 81.623 80.625 88.627 87.630 68.632 66.634 68.637 71.639 76.641 76.642 0.000 0.000 0.000 4.710 28.711 15.711 16.713 15.713 0.000 6.747 53.906 108.075 111.064 102.946 104.664 104.400 104.381 104.337 104.298 104.259 104.222 104.186 90.151 86.117 107.084 108.052 108.021 110.991 110.962 109.933 114.906 87.879 63.859 78.847 93.841 32.839 0.000 0.000 36.842
67.606 69.607 69.607 67.607 67.607 67.607 67.608 67.608 78.609 93.610 69.611 64.612 64.613 81.614 93.616 87.617 64.618 67.619 63.620 9.618 6.624 60.626 67.629 67.630 73.632 90.634 90.636 83.638 76.640 68.642 55.644 25.646 90.647 70.648 0.000 0.000 0.000 3.708 17.709 10.710 24.711 13.712 0.000 6.883 26.985 111.169 111.117 103.815 104.551 104.458 104.418 104.376 104.337 104.298 104.261 105.225 100.189 90.155 85.121 84.088 84.056 84.024 83.994 87.963 61.931 5.893 31.868 87.857 83.852 44.851 6.855 0.000 35.847
68.614 5.614 6.614 67.614 66.615 65.615 65.616 64.616 64.617 77.618 92.619 85.621 92.622 94.624 81.625 65.627 72.628 72.630 60.631 0.000 8.636 71.637 67.639 69.640 93.642 100.643 78.645 69.647 76.648 83.650 71.651 7.653 50.654 68.655 0.000 0.000 0.000 4.705 10.707 7.709 21.710 0.000 0.000 6.937 12.253 111.219 109.063 104.780 104.522 104.499 104.455 104.414 104.374 104.336 104.299 104.262 105.227 104.192 102.158 101.123 101.090 102.057 104.026 77.994 19.963 0.000 16.864 72.860 103.858 94.858 67.859 43.858 60.853
67.621 66.621 1.621 66.621 77.622 81.622 85.623 90.624 93.625 94.626 94.628 94.629 80.631 67.633 83.634 100.636 101.638 101.641 94.643 72.649 7.648 68.648 66.649 75.650 103.651 90.653 67.654 66.655 68.656 71.657 62.659 7.660 27.661 27.662 0.000 0.000 0.000 10.700 5.703 0.000 4.710 0.000 14.954 16.172 6.601 111.267 113.014 108.654 104.576 104.533 104.491 104.450 104.411 104.373 104.336 104.299 104.264 104.229 104.194 104.158 105.123 108.089 80.057 13.026 0.000 5.921 0.000 17.861 73.862 104.864 95.864 71.863 48.856
67.628 69.628 65.628 67.629 82.629 81.630 77.631 73.632 72.633 68.634 89.636 79.638 90.640 81.642 97.644 93.646 86.648 87.651 98.653 104.656 93.657 94.658 86.659 94.660 102.661 75.662 66.663 67.663 67.664 66.665 66.666 68.667 63.669 12.671 72.678 63.683 2.687 4.692 0.000 0.000 0.000 5.960 84.004 81.207 111.359 111.314 106.890 107.721 104.604 104.567 104.525 104.485 104.446 104.409 104.372 104.336 104.301 104.265 104.230 106.193 111.153 80.120 20.089 0.000 0.000 2.921 1.921 0.000 14.866 65.871 100.872 50.872 0.000
69.634 5.634 64.635 67.635 67.636 67.637 66.638 67.639 69.641 67.642 79.644 74.646 83.648 94.651 82.653 67.655 68.658 69.660 70.663 75.665 88.667 98.668 104.669 102.670 91.671 67.671 67.672 67.672 67.672 67.673 68.673 91.674 64.675 4.676 68.680 18.683 12.686 5.689 0.000 0.000 0.000 15.947 104.152 106.365 111.402 105.220 104.930 104.665 104.644 104.599 104.559 104.519 104.481 104.443 104.407 104.372 104.337 104.302 106.268 91.231 45.178 12.149 0.000 4.922 2.922 22.921 29.921 0.000 0.000 36.880 98.881 50.881 0.000
70.641 3.641 64.641 67.642 67.643 67.644 67.645 68.647 6.648 66.650 70.652 81.654 81.657 89.659 94.662 80.665 65.667 65.670 65.673 67.675 69.677 70.678 71.679 71.680 70.680 69.680 65.680 65.681 66.681 67.680 78.680 92.680 63.680 57.680 59.681 0.000 0.000 5.689 0.000 0.000 0.000 20.042 103.165 111.487 111.445 104.077 104.809 104.714 104.673 104.631 104.590 104.551 104.514 104.477 104.441 104.407 104.373 104.340 109.309 65.285 0.000 0.000 2.924 0.923 2.922 17.921 24.920 0.000 0.000 39.890 99.890 58.890 0.000
