results1/res_4e8f-0083.wd
ncols         241
nrows         181
xllcorner     12693529.787448
yllcorner     3542525.717860
cellsize      155.156523
NODATA_value  -9999.000000
[rows 66 to 98 of 181, columns 73 to 145 of 241]
67.467 31.457 0.000 56.680 73.660 72.632 72.606 0.000 44.053 44.037 57.047 53.054 52.035 51.993 50.931 126.841 114.686 0.000 0.000 0.000 47.558 42.506 47.427 50.375 50.331 52.290 53.253 58.214 59.177 60.135 51.076 0.000 0.000 48.423 98.423 80.333 84.184 84.261 82.306 90.237 82.694 83.163 83.893 82.655 82.424 83.211 53.049 0.000 0.000 0.000 0.000 0.000 0.000 0.000 26.211 24.192 24.155 24.103 24.039 23.971 27.896 40.814 37.722 22.624 33.523 42.427 21.337 24.252 30.168 35.087 31.007 24.928 22.850
52.469 58.447 0.000 44.878 68.846 67.820 61.822 14.898 0.000 0.000 50.118 63.189 52.188 51.159 52.119 33.081 0.000 0.000 0.000 0.000 0.000 0.000 58.376 56.354 54.325 37.289 40.252 47.212 48.182 53.152 44.114 0.000 0.000 0.000 58.667 76.571 83.502 83.588 90.683 90.468 82.777 83.456 83.158 82.938 82.718 77.522 35.383 0.000 0.000 32.579 0.000 0.000 0.000 32.249 27.249 24.227 24.189 24.138 24.077 24.008 23.934 23.852 30.765 44.674 45.581 28.489 22.401 23.316 24.233 28.152 27.072 22.993 22.916
54.477 53.416 58.292 56.109 70.024 62.979 63.963 60.975 0.000 0.000 0.000 65.394 60.369 55.336 57.305 4.284 0.000 0.000 0.000 0.000 0.000 0.000 57.347 53.338 44.328 0.000 0.000 45.200 57.189 56.176 0.000 0.000 4.383 61.262 53.005 56.824 63.897 78.952 90.883 82.540 84.083 83.638 83.439 83.212 80.989 63.776 42.579 48.579 46.579 27.579 0.000 0.000 0.000 0.000 41.309 23.280 24.237 28.183 36.121 26.052 23.978 22.898 26.813 41.725 48.637 40.549 26.463 21.379 23.297 23.216 23.136 23.058 21.981
54.514 52.446 56.352 67.242 61.163 54.109 73.077 62.064 14.078 0.000 7.759 57.625 73.557 68.512 68.482 71.465 0.000 0.000 0.000 0.000 3.316 3.319 55.327 46.325 49.320 0.000 0.000 0.000 93.197 120.186 35.186 0.000 60.503 55.401 55.238 55.143 51.224 91.252 91.073 83.595 87.192 83.929 83.711 83.486 75.250 28.013 0.000 50.579 28.579 0.000 0.000 0.000 29.511 28.474 27.398 23.346 27.294 39.237 44.173 42.103 35.027 24.947 33.864 41.778 20.692 26.607 39.522 36.440 32.359 40.279 21.199 23.121 21.044
52.570 58.504 68.427 60.346 52.276 52.219 65.171 73.126 69.092 72.023 73.893 68.791 63.721 65.674 54.644 53.629 0.000 0.000 0.000 4.312 60.313 59.315 47.316 49.314 50.308 54.296 53.288 0.000 4.216 0.000 0.000 6.886 66.726 59.599 54.439 55.529 53.573 91.414 53.234 60.814 75.401 83.212 83.988 81.773 40.511 0.000 0.000 0.000 0.000 0.000 0.000 30.572 24.547 24.514 24.464 25.413 35.358 44.297 43.231 43.159 39.082 35.001 44.917 27.832 22.747 23.663 23.581 33.500 46.420 33.341 21.262 22.182 28.107
58.634 69.572 59.506 52.438 53.375 53.319 55.262 39.177 65.142 63.083 55.001 51.923 50.863 66.820 68.792 55.779 0.000 0.000 0.000 60.311 56.311 53.311 46.310 50.307 50.301 50.292 50.281 9.261 12.235 13.218 15.177 83.046 79.919 68.793 67.750 56.748 91.702 91.565 55.295 61.937 56.705 63.499 82.261 57.104 0.000 0.000 0.000 0.000 0.000 0.000 0.000 30.597 24.593 24.571 24.532 25.484 34.428 44.364 43.295 42.220 39.140 44.057 37.972 21.887 23.802 23.718 23.637 33.558 41.481 20.405 23.325 26.239 45.167
69.703 59.646 52.586 53.526 53.469 54.419 35.382 0.000 22.216 50.168 53.103 53.038 52.987 50.950 74.926 58.914 0.000 0.000 0.000 37.309 54.308 48.307 49.305 50.302 50.297 50.290 50.281 61.269 1.249 5.244 22.266 75.201 85.105 6.997 88.921 79.113 91.822 53.886 67.522 64.160 54.023 50.819 47.453 32.278 0.000 0.000 26.201 0.000 0.000 0.000 0.000 26.626 24.656 24.644 24.610 24.562 25.504 31.438 39.364 39.285 39.202 43.116 21.028 23.941 23.855 22.772 28.692 45.615 28.542 22.471 25.395 6.283 7.216
59.777 52.723 53.667 53.611 53.556 56.507 12.464 10.431 3.337 48.271 53.206 55.139 53.097 52.067 70.048 66.038 0.000 0.000 0.000 0.000 45.305 48.304 50.303 50.300 50.296 50.291 52.284 38.277 0.000 0.000 72.444 75.388 86.304 92.179 86.283 84.319 91.924 74.943 77.641 62.479 55.379 48.302 0.000 0.000 0.000 0.000 24.201 0.000 0.000 0.000 0.000 0.000 27.760 24.740 24.702 24.651 24.589 24.518 24.440 31.355 39.266 27.175 24.084 23.994 23.906 26.822 39.743 39.669 21.601 23.543 26.500 0.000 0.000
52.854 53.802 53.748 53.693 53.639 53.587 57.539 58.491 58.430 54.373 54.310 34.214 51.194 52.175 68.160 67.153 0.000 0.000 0.000 0.000 44.303 50.302 50.301 50.299 50.296 50.292 38.288 0.000 0.000 0.936 77.676 83.606 86.513 86.462 85.540 92.060 84.439 87.153 81.837 66.775 56.713 55.708 55.849 0.000 0.000 0.000 21.202 28.202 21.202 0.000 0.000 0.000 42.885 23.854 24.808 24.751 24.684 25.607 24.521 24.430 24.334 24.236 24.139 24.044 22.953 28.868 43.788 20.716 23.652 23.599 25.563 0.557 0.000
53.935 53.883 53.830 53.775 53.719 53.664 53.612 53.564 53.520 53.479 57.449 0.000 44.291 53.278 69.265 64.260 0.337 0.000 0.000 0.000 49.302 52.301 52.300 52.298 50.296 53.295 0.000 0.000 0.000 70.093 75.947 86.845 86.722 86.829 84.873 92.275 85.581 90.223 86.111 87.041 74.990 62.970 51.990 46.990 48.990 0.000 0.000 27.203 22.202 28.197 29.182 27.141 33.041 42.982 24.926 25.862 34.788 41.704 23.610 24.509 24.403 24.296 24.192 23.091 27.996 46.908 40.827 29.755 22.692 23.637 25.592 40.552 58.493
54.019 53.967 53.913 53.857 53.798 53.737 53.682 56.635 54.605 53.577 57.556 0.000 44.401 53.381 70.362 62.359 2.388 0.000 0.000 0.000 22.301 32.301 31.300 31.298 52.297 37.296 0.000 0.000 0.000 72.269 82.178 87.075 87.027 86.127 92.938 92.626 86.656 87.497 86.351 86.292 87.235 78.190 43.152 0.000 0.000 0.000 0.000 25.205 25.207 22.208 24.207 25.199 24.157 31.108 45.051 27.983 25.903 35.811 23.706 24.592 24.473 24.355 24.241 24.132 32.031 44.940 31.858 43.786 21.722 22.667 27.617 48.569 60.516
54.105 54.053 54.000 53.943 53.879 56.805 58.744 30.689 51.688 54.667 56.643 16.620 47.532 52.481 64.445 62.425 3.420 0.000 0.000 0.000 0.000 0.000 0.000 0.000 33.297 0.000 0.000 0.000 20.707 70.537 87.420 87.292 87.403 85.483 93.220 85.257 90.959 86.650 86.602 86.532 86.470 76.402 37.277 0.000 0.000 0.000 0.000 0.000 28.214 29.220 16.240 24.292 25.281 25.242 29.187 45.117 28.031 24.930 24.811 24.680 24.544 24.411 22.284 28.166 47.058 27.963 26.880 40.808 24.745 22.690 29.640 55.592 60.544
54.193 54.141 54.090 54.035 55.970 31.859 33.801 0.000 13.790 49.762 53.727 57.685 53.624 56.567 61.512 66.476 5.448 0.000 0.000 0.000 0.000 0.000 0.000 0.000 0.000 0.000 0.000 3.998 79.877 81.753 87.642 87.593 86.708 93.728 93.483 86.327 87.038 86.906 86.834 86.768 85.711 65.670 0.000 0.000 0.000 0.000 0.000 0.000 0.000 20.220 0.000 31.450 28.432 24.394 24.338 26.266 43.176 32.065 23.930 24.772 24.612 23.460 28.319 30.189 29.072 25.974 23.891 23.821 23.761 24.708 37.661 59.617 60.574
54.280 54.230 54.182 54.139 59.106 0.000 0.000 20.005 11.920 45.866 54.818 52.769 54.714 66.651 38.561 32.518 0.000 0.000 0.000 0.000 0.000 0.000 0.000 0.000 0.000 0.000 0.000 67.119 72.049 85.958 87.838 87.966 86.058 93.953 85.840 87.511 87.201 87.139 87.061 86.994 78.937 55.898 0.000 0.000 0.000 0.000 0.000 0.000 0.000 0.000 0.000 35.625 30.603 24.563 22.506 25.433 25.342 41.226 34.071 24.866 25.673 23.499 30.343 30.199 27.068 20.969 23.890 23.825 25.770 39.722 58.679 60.640 63.605
55.365 53.315 53.271 53.234 56.210 26.215 23.175 55.090 60.019 53.962 51.910 58.860 68.809 71.764 0.000 0.000 0.000 0.000 0.000 0.000 0.000 0.000 0.000 0.000 0.000 0.000 0.000 69.310 77.245 87.155 88.145 87.182 94.368 94.166 86.878 87.578 87.437 87.356 87.280 87.210 69.145 51.086 0.000 0.000 0.000 0.000 0.000 0.000 0.000 0.000 0.000 33.822 31.794 31.748 28.689 21.619 23.534 24.425 40.264 39.948 36.714 33.522 26.353 25.195 22.034 22.943 23.875 27.820 47.772 59.730 59.692 60.660 59.631
69.445 68.396 67.352 65.315 62.284 63.260 63.220 60.162 61.105 63.052 63.002 68.952 70.900 28.832 0.000 0.000 0.000 0.000 0.000 0.000 0.000 0.000 0.000 0.000 0.000 7.828 15.748 70.566 87.458 88.366 88.315 87.542 94.555 86.366 88.036 87.720 87.652 87.568 87.493 85.423 67.345 38.216 0.000 0.000 0.000 0.000 0.000 0.000 0.000 0.000 0.000 24.048 28.003 30.946 31.884 30.819 27.750 23.677 17.611 0.000 0.000 0.000 0.000 0.000 25.931 23.893 26.849 47.807 60.768 59.733 60.702 63.675 59.652
65.519 67.470 66.427 68.388 70.354 69.320 68.281 66.235 64.186 64.139 65.092 61.047 61.006 0.000 0.000 0.000 0.000 0.000 0.000 0.000 0.000 0.000 0.000 0.000 0.000 56.907 79.851 78.749 87.656 88.545 88.671 86.773 94.730 88.465 88.067 87.940 87.853 87.773 87.701 83.641 63.599 0.000 0.000 0.000 0.000 0.000 0.000 0.000 0.000 0.000 31.485 26.319 23.223 25.149 30.084 32.024 31.969 32.923 23.892 0.000 0.000 0.000 0.000 0.000 26.866 24.848 40.821 61.791 59.761 59.733 59.708 60.685 59.667
53.587 53.540 54.497 61.458 70.422 76.387 64.350 58.309 53.267 51.225 50.182 56.137 35.071 0.000 0.000 0.000 0.000 0.000 0.000 0.000 0.000 0.000 0.000 0.000 0.000 63.042 78.999 86.927 88.843 88.811 87.942 95.039 94.891 90.490 88.293 88.129 88.049 87.968 87.899 82.843 57.810 0.000 0.000 0.000 0.000 0.000 0.000 0.000 0.000 31.790 26.650 26.522 26.422 25.343 22.278 27.224 31.181 32.153 29.143 0.000 0.000 0.000 0.000 29.806 23.820 27.813 55.797 59.775 59.753 59.731 59.710 59.692 59.678
52.650 52.604 56.563 61.525 63.490 66.456 56.421 52.386 53.348 53.311 55.274 33.246 0.000 0.000 0.000 0.000 0.000 0.000 0.000 0.000 0.000 0.000 0.000 0.000 0.000 49.220 78.178 88.114 89.016 89.148 87.258 95.175 88.051 89.720 88.397 88.327 88.236 88.155 88.082 79.023 51.987 0.000 0.000 0.000 0.000 0.000 0.000 0.000 31.058 26.929 26.806 26.695 26.601 26.524 26.461 23.412 22.378 25.364 32.385 32.481 0.000 0.000 0.000 23.792 24.794 42.789 59.777 58.761 58.744 59.727 59.711 59.696 59.685
52.708 52.665 54.625 55.590 53.557 52.525 53.495 52.463 52.430 52.395 57.359 2.330 0.000 0.000 0.000 0.000 0.000 0.000 0.000 0.000 0.000 0.000 0.000 0.000 0.708 57.439 86.380 89.307 89.281 88.414 95.423 95.303 91.055 88.752 88.603 88.510 88.418 88.332 89.251 69.179 57.129 0.000 0.000 30.774 0.000 30.495 32.443 32.344 27.188 27.062 26.950 26.850 26.764 26.691 26.631 26.586 25.555 22.542 31.550 32.578 25.578 0.000 0.000 31.777 23.776 31.770 37.761 40.749 44.736 50.722 56.709 58.698 58.688
53.761 53.721 53.684 53.651 53.622 52.594 52.568 52.542 52.515 51.481 59.436 10.383 0.000 0.000 0.000 0.000 0.000 0.000 0.000 0.000 0.000 0.000 0.000 0.000 41.853 77.697 88.598 89.487 89.628 87.720 95.530 88.520 90.189 88.869 88.790 88.690 88.596 88.503 89.410 61.314 39.221 0.000 0.000 26.774 0.000 25.547 27.490 27.400 27.289 27.182 27.082 26.992 26.912 26.844 26.788 26.744 24.714 26.698 32.696 29.703 0.000 0.000 0.000 30.764 29.761 28.756 27.748 26.738 25.728 29.717 40.706 36.697 38.690
51.810 51.773 51.739 51.710 51.684 51.662 51.642 52.624 54.605 56.579 31.521 0.000 0.000 0.000 0.000 0.000 0.000 0.000 0.000 0.000 8.950 0.000 0.000 12.161 53.028 83.903 89.790 89.775 88.803 95.717 95.629 91.516 89.218 89.065 88.967 88.869 88.771 88.674 84.574 31.444 0.000 0.000 0.000 26.775 32.752 27.658 27.570 27.478 27.385 27.294 27.206 27.124 27.050 26.986 26.932 26.890 23.860 32.841 32.834 28.835 0.000 0.000 0.000 29.754 28.750 29.745 29.737 29.729 29.720 29.711 28.702 28.695 27.689
52.854 52.821 55.791 59.766 62.744 66.727 68.713 71.705 70.703 62.709 0.821 11.979 36.008 4.028 0.000 0.000 0.000 0.000 0.000 39.976 66.950 6.917 0.000 46.294 79.198 89.086 89.982 89.910 89.134 95.793 87.966 89.647 89.326 89.247 89.145 89.046 88.946 89.848 76.769 0.000 0.000 0.000 0.000 6.799 26.823 27.762 29.654 29.558 27.480 27.402 27.324 27.248 27.179 27.117 27.065 24.023 28.993 31.974 32.966 23.967 0.000 0.000 0.000 13.747 34.741 34.735 31.728 28.720 28.713 29.705 30.698 30.692 29.687
54.894 53.864 60.839 69.817 70.800 69.787 68.780 67.781 64.793 58.827 33.911 50.976 69.018 38.048 22.075 0.000 0.000 0.000 11.033 50.001 63.957 2.884 21.739 63.522 88.383 91.270 90.112 90.325 88.299 95.857 89.956 89.668 89.516 89.420 89.322 89.224 89.119 91.001 34.885 0.000 0.000 0.000 0.000 0.000 22.979 28.912 9.729 9.620 26.574 27.511 27.439 27.367 27.300 27.239 26.188 24.146 33.115 33.095 30.088 24.100 30.153 0.000 0.000 0.000 45.731 60.727 53.720 49.712 45.705 41.698 44.693 44.688 27.684
54.930 54.905 57.883 60.864 59.851 57.842 55.840 53.846 51.863 51.895 60.946 62.996 60.038 57.073 61.102 9.128 0.000 0.000 51.064 81.040 31.995 27.922 61.811 85.673 90.551 90.414 90.537 88.493 95.942 88.372 90.084 89.766 89.691 89.594 89.500 89.407 92.306 49.154 0.000 0.000 0.000 0.000 0.000 0.000 25.204 30.177 0.000 0.000 23.684 27.629 27.556 27.481 27.413 27.353 24.301 32.259 33.226 32.203 23.192 27.193 27.205 0.000 0.000 0.000 13.727 43.722 61.712 60.704 60.697 60.692 60.686 54.682 44.679
54.963 54.941 54.923 53.907 53.896 54.890 54.891 54.899 52.916 53.945 58.984 62.025 58.066 53.102 56.133 11.153 0.000 0.000 43.120 53.100 31.059 63.997 78.911 87.809 90.705 90.646 89.751 96.334 96.087 89.369 90.096 89.950 89.858 89.766 89.678 89.599 92.545 0.000 0.000 7.930 16.930 0.000 0.000 26.569 29.454 28.417 35.463 0.000 23.849 27.766 27.673 27.590 27.519 25.458 27.405 33.362 33.327 25.301 26.284 27.274 27.271 0.000 0.000 0.000 0.000 0.000 43.703 59.695 59.689 59.684 59.680 60.676 60.674
54.994 54.976 54.959 54.946 54.937 54.933 54.934 53.943 52.959 56.985 61.018 61.056 56.097 52.137 57.174 10.200 0.000 0.000 39.196 8.179 55.146 79.096 85.027 90.952 90.817 91.039 89.036 96.553 88.802 90.509 90.193 90.120 90.024 89.934 89.846 96.765 80.730 0.000 3.930 53.930 39.930 0.000 0.000 21.683 29.629 28.572 28.509 34.365 32.098 30.913 27.780 27.687 27.615 24.554 32.501 33.457 29.420 24.391 27.367 27.349 29.334 33.346 0.000 0.000 0.000 0.000 0.000 56.683 59.680 59.676 59.673 60.670 58.667
55.024 55.007 54.992 54.981 54.973 54.969 53.971 52.979 54.994 59.016 62.047 58.085 53.129 52.176 55.225 37.272 24.328 25.335 21.290 22.275 62.251 83.211 89.159 91.071 91.227 89.233 96.935 96.753 89.815 90.524 90.374 90.281 90.188 90.099 95.009 37.885 52.880 22.919 53.929 61.931 0.000 0.000 0.000 20.852 29.806 28.735 28.637 38.486 49.266 23.009 32.847 28.764 25.700 27.642 33.589 32.544 23.505 26.474 27.447 27.420 14.371 15.358 0.000 0.000 0.000 0.000 0.000 37.674 58.671 59.668 59.665 63.662 59.660
55.053 55.037 55.023 55.012 55.004 55.001 53.001 53.008 57.020 64.040 65.069 61.108 56.156 54.214 54.280 56.334 56.376 65.388 6.352 40.380 78.371 85.341 91.299 91.288 90.439 97.261 97.103 90.184 90.960 90.618 90.540 90.440 90.349 90.267 98.205 0.000 35.987 37.948 27.937 29.934 0.000 0.000 0.000 24.068 30.009 28.925 34.818 50.678 27.472 0.000 13.835 26.824 24.778 32.724 33.671 29.624 26.584 27.552 27.528 29.513 0.000 0.000 0.000 0.000 0.000 0.000 29.668 10.668 49.663 59.660 59.658 64.655 59.652
55.080 55.064 55.050 55.039 55.032 54.027 53.027 55.031 62.039 39.054 15.081 14.121 11.174 41.245 58.346 53.408 56.456 37.487 0.000 45.522 83.510 89.491 91.409 91.676 89.719 97.407 90.530 91.302 90.866 90.802 90.692 90.595 90.501 91.414 89.338 11.280 11.133 0.000 0.000 0.000 0.000 0.000 23.506 31.343 29.236 28.137 48.034 51.934 0.000 0.000 0.000 22.917 28.866 33.805 33.747 23.697 27.655 27.623 27.601 30.590 0.000 0.000 0.000 0.000 0.000 0.000 8.668 0.000 37.654 59.652 59.651 65.649 59.646
55.104 55.088 55.075 55.064 54.056 53.051 55.048 58.048 66.052 25.057 0.000 0.000 0.000 0.000 40.452 55.497 56.553 42.616 44.697 70.676 87.665 91.621 91.823 89.870 97.663 97.541 91.517 91.207 91.054 90.946 90.844 90.744 90.646 93.549 78.456 7.368 0.000 0.000 0.000 0.000 0.000 0.000 23.669 30.562 29.455 27.354 55.247 16.091 0.000 0.000 29.192 34.061 33.965 33.884 31.816 26.760 27.717 27.685 27.664 29.655 0.000 33.739 0.000 0.000 0.000 0.000 0.000 0.000 30.645 59.645 59.644 59.643 59.641
55.126 55.111 55.097 55.086 54.078 53.071 57.066 61.064 65.063 23.064 0.000 0.000 0.000 0.000 20.513 63.574 58.643 64.729 77.800 86.821 90.819 91.859 91.039 97.880 97.775 90.866 91.635 91.288 91.201 91.092 90.991 90.891 94.790 57.680 29.568 0.000 0.000 0.000 0.000 0.000 0.000 26.161 30.938 29.784 31.668 28.576 52.511 0.000 0.000 24.482 31.324 47.172 36.048 32.949 28.872 26.812 26.767 27.735 27.716 27.712 32.733 28.739 19.739 0.000 0.000 0.000 26.633 28.634 27.638 59.639 59.638 59.637 59.636
55.146 55.131 55.118 55.107 53.097 55.089 61.082 62.077 60.073 47.073 8.075 0.000 0.000 0.000 0.000 16.644 12.715 52.857 83.951 87.990 91.972 92.175 90.327 97.975 90.189 91.963 91.524 91.454 93.338 92.234 91.135 91.041 96.945 19.812 0.000 0.000 0.000 0.000 0.000 7.756 46.639 46.383 34.140 30.966 41.856 36.771 37.711 0.000 0.000 22.641 27.449 38.254 34.106 37.994 31.911 34.850 33.805 30.773 27.753 26.745 26.747 32.747 0.000 0.000 0.000 0.000 23.632 23.632 33.633 59.633 59.633 59.633 59.632
