results1/res_4e8f-0216.wd
ncols         241
nrows         181
xllcorner     12693529.787448
yllcorner     3542525.717860
cellsize      155.156523
NODATA_value  -9999.000000
[rows 0 to 32 of 181, columns 146 to 218 of 241]
0.000 0.000 0.000 0.000 0.000 0.000 0.000 0.000 0.000 0.000 0.000 0.000 0.000 0.000 5.858 16.707 17.465 17.169 16.843 16.505 16.174 15.864 15.588 15.353 15.161 15.012 14.901 14.825 14.776 14.750 14.738 19.734 0.000 0.000 0.000 0.000 0.000 0.000 0.000 0.000 0.000 0.000 0.000 0.000 0.000 0.000 0.000 0.000 0.000 20.272 27.272 0.000 0.000 46.459 51.459 0.000 0.000 0.000 0.000 0.000 0.000 0.000 0.000 0.000 0.000 0.000 0.000 0.000 0.000 0.000 0.000 0.000 0.000
0.000 0.000 0.000 0.000 0.000 0.000 0.000 0.000 0.000 0.000 0.000 0.000 0.000 1.403 17.008 17.798 17.520 17.200 16.854 16.499 16.152 15.830 17.547 16.309 15.118 14.973 14.868 14.797 14.755 14.735 14.730 19.730 0.000 0.000 0.000 0.000 0.000 0.000 0.000 0.000 0.000 0.000 0.000 0.000 0.000 0.000 0.000 0.000 17.272 39.272 15.272 0.000 25.459 58.459 52.459 0.000 0.000 0.000 0.000 0.000 0.000 0.000 0.000 0.000 0.000 0.000 0.000 0.000 37.457 0.000 0.000 0.000 0.000
0.000 0.000 0.000 0.000 0.000 0.000 0.000 0.000 0.000 0.000 0.000 0.000 0.000 20.638 19.293 17.959 17.616 17.255 16.875 16.485 16.105 17.759 17.461 15.218 15.031 14.894 14.799 14.741 14.711 14.704 16.720 10.725 0.000 0.000 0.000 0.000 0.000 0.000 0.000 0.000 0.000 0.000 0.000 0.000 0.000 0.000 0.000 0.000 29.272 0.000 0.000 20.459 51.459 13.459 0.000 0.000 0.000 0.000 0.000 0.000 0.000 0.000 0.000 0.000 6.457 0.000 0.000 0.000 40.457 12.457 0.000 0.000 0.000
0.000 0.000 0.000 0.000 0.000 0.000 0.000 0.000 0.000 0.000 0.000 0.000 3.129 20.059 18.565 18.128 17.729 17.331 16.905 16.459 17.025 16.638 15.319 15.072 14.893 14.771 14.695 14.656 14.643 20.650 0.000 0.000 0.000 0.000 0.000 0.000 0.000 0.000 0.000 0.000 0.000 0.000 0.000 14.272 0.000 0.000 0.000 13.272 73.272 3.272 0.000 26.459 53.459 0.000 0.000 0.000 0.000 0.000 0.000 0.000 0.000 0.000 12.457 18.457 37.457 0.000 0.000 30.457 39.457 40.457 12.457 0.000 0.000
0.000 0.000 0.000 0.000 0.000 0.000 0.000 0.000 0.000 0.000 0.000 8.186 1.359 3.045 18.781 18.259 17.842 17.434 16.955 16.423 16.899 16.450 15.104 14.859 14.698 14.603 14.556 14.543 15.557 16.603 0.000 0.000 0.000 0.000 0.000 0.000 0.000 0.000 0.000 0.000 0.000 0.000 15.272 38.272 33.272 0.000 0.000 29.272 57.272 0.000 0.000 0.000 53.459 8.459 0.000 0.000 0.000 0.000 0.000 0.000 0.000 0.000 52.457 56.457 58.457 0.457 0.000 43.457 38.457 38.457 48.457 0.000 0.000
0.000 0.000 0.000 0.000 0.000 0.000 0.000 0.000 0.000 0.000 10.911 3.510 1.877 1.299 1.439 16.284 17.945 17.608 17.059 18.377 17.698 15.159 14.789 14.562 14.438 14.386 14.381 14.405 20.437 0.000 0.000 0.000 0.000 0.000 0.000 0.000 0.000 0.000 0.000 0.000 0.000 0.000 0.000 18.272 39.272 31.272 29.272 11.272 42.272 15.272 0.000 0.000 38.459 51.459 42.459 40.459 49.459 0.000 0.000 0.000 0.000 0.000 52.457 54.457 59.457 38.457 27.457 44.457 47.457 0.000 0.000 0.000 12.455
0.000 0.000 0.000 0.000 0.000 0.000 0.000 0.000 0.000 0.000 7.312 4.014 3.644 3.147 0.449 0.642 11.048 18.992 18.298 18.328 15.356 14.698 14.332 14.160 14.105 14.121 14.179 14.260 9.348 0.000 0.000 0.000 0.000 0.000 35.281 68.281 2.281 0.000 8.281 49.281 0.000 0.000 0.000 15.272 39.272 52.272 87.272 49.272 50.272 21.272 0.000 0.000 35.459 54.459 39.459 35.459 52.459 0.000 0.000 0.000 0.000 0.000 39.457 45.457 41.457 41.457 45.457 48.457 56.457 0.000 0.000 0.000 35.455
0.000 0.000 0.000 0.000 0.000 0.000 0.000 0.000 0.000 30.571 31.012 7.583 3.195 3.433 3.081 0.806 0.376 6.015 18.810 16.283 14.699 13.945 13.681 13.643 13.702 13.813 14.953 12.107 0.000 0.000 0.000 0.000 0.000 0.000 10.281 56.281 63.281 45.281 37.281 9.281 0.000 0.000 0.000 0.000 0.000 13.272 80.272 59.272 6.272 0.000 0.000 0.000 0.000 47.459 62.459 60.459 62.459 54.459 46.459 49.459 48.458 57.458 61.458 58.457 59.457 59.457 54.457 49.457 46.457 0.000 0.000 0.000 0.000
0.000 0.000 0.000 0.000 0.000 0.000 0.000 0.000 24.694 42.130 43.580 33.085 9.665 2.080 3.088 0.850 2.828 8.194 6.646 16.293 13.214 12.701 12.805 13.027 13.248 14.477 14.715 0.000 0.000 0.000 0.000 0.000 0.000 0.000 0.000 8.281 54.281 64.281 69.281 8.281 0.000 0.000 0.000 0.000 0.000 9.272 52.272 44.272 49.272 16.272 0.000 0.000 31.459 59.459 44.459 38.459 45.459 57.459 45.459 44.459 53.458 62.458 49.458 45.458 48.457 54.457 60.457 62.457 60.456 46.456 37.456 20.456 29.455
0.000 0.000 0.000 0.000 0.000 0.000 0.000 20.829 30.257 45.677 43.093 43.510 35.929 12.355 1.223 4.779 14.322 6.487 2.267 3.057 6.162 10.839 11.812 12.412 12.785 18.131 0.000 0.000 0.000 0.000 0.000 0.000 8.282 6.282 0.000 0.000 21.281 67.281 20.281 0.000 0.000 0.000 0.000 0.000 0.000 48.273 58.272 34.272 50.272 70.271 10.271 0.000 37.460 61.460 40.459 34.459 37.459 50.459 39.459 39.459 41.458 43.458 40.458 41.458 35.457 39.457 45.457 46.457 44.456 53.456 55.456 58.456 66.455
0.000 0.000 0.000 0.000 0.000 0.000 25.961 24.401 47.826 44.229 43.604 42.935 43.184 38.238 20.744 12.458 8.150 0.000 0.053 4.383 2.161 3.368 11.193 12.023 17.350 0.000 0.000 0.000 0.000 0.000 0.000 3.282 45.282 4.282 0.000 0.000 28.281 68.281 7.281 0.000 0.000 0.000 0.000 0.000 43.274 87.274 20.273 23.272 45.271 72.271 12.271 0.000 34.460 59.460 39.460 32.460 35.459 37.459 33.459 32.459 39.459 55.458 38.458 34.458 48.457 44.457 41.457 48.457 48.456 51.456 60.456 64.456 51.455
0.000 0.000 0.000 0.000 0.000 30.013 18.521 46.989 45.418 44.810 44.157 43.443 42.634 42.668 39.469 25.162 4.455 0.375 0.076 46.293 4.548 0.084 0.109 14.135 10.243 0.000 0.000 0.000 0.000 0.000 0.000 3.282 41.282 36.282 45.282 57.282 61.281 51.281 0.000 0.000 6.277 42.277 57.276 62.276 86.275 42.274 0.000 0.000 47.271 35.271 0.000 0.000 37.460 64.460 51.460 35.460 83.460 111.459 60.459 36.459 52.459 99.458 51.458 28.458 93.458 66.457 41.457 48.457 50.456 40.456 49.456 62.455 45.455
0.000 0.000 0.000 0.000 0.000 19.504 41.122 47.615 46.048 45.434 44.771 44.047 43.242 42.330 42.314 41.221 30.394 4.992 50.890 47.945 0.382 0.158 0.055 0.061 0.000 0.000 0.000 0.000 0.000 0.000 6.282 40.282 36.282 41.282 55.282 65.282 49.281 36.281 1.281 0.000 4.277 51.277 50.276 46.276 85.275 45.275 0.000 0.000 26.270 18.270 0.000 30.460 58.460 60.460 54.460 42.460 41.460 74.460 115.459 53.459 46.459 103.459 54.458 28.458 100.458 70.457 33.457 35.457 41.456 32.456 46.456 45.455 33.455
0.000 0.000 0.000 0.000 24.034 34.378 49.846 47.303 46.725 46.108 45.446 44.732 43.952 43.111 42.151 41.412 40.270 52.618 52.292 1.041 0.524 9.633 0.000 0.000 0.000 0.000 0.000 0.000 1.282 56.282 59.282 41.282 40.282 55.282 65.282 51.282 34.282 36.281 36.280 34.279 32.278 44.277 47.277 57.276 97.275 31.275 0.000 0.000 63.270 13.270 0.000 27.460 57.460 57.460 44.460 36.460 32.460 42.460 39.460 79.459 110.459 127.459 108.458 97.458 123.458 117.457 108.457 54.457 34.456 51.456 46.456 35.455 30.455
0.000 0.000 0.000 25.227 34.690 52.128 48.581 48.024 47.442 46.827 46.175 45.478 44.745 43.902 43.357 40.986 52.656 52.651 36.858 19.153 6.310 0.000 0.000 0.000 0.000 0.000 0.000 0.000 42.282 9.282 0.000 20.282 58.282 62.282 54.282 39.282 5.283 0.000 3.280 38.279 34.278 44.278 43.277 66.276 63.275 0.000 0.000 5.269 66.269 12.269 0.000 25.461 55.461 67.461 46.461 52.461 75.460 52.460 34.460 58.460 81.459 115.459 81.459 61.458 109.458 99.457 74.457 43.457 29.456 100.456 68.456 40.455 30.455
0.000 0.000 0.000 30.765 50.369 49.864 49.327 48.770 48.190 47.584 47.944 47.283 45.522 45.097 42.520 52.724 52.668 40.437 42.056 39.671 23.629 4.627 0.000 0.000 0.000 0.000 0.000 44.282 13.282 0.000 0.000 0.000 26.282 58.282 36.283 34.283 40.283 3.284 0.000 39.280 37.279 43.278 44.277 66.276 62.275 0.000 0.000 26.268 73.268 9.269 0.000 27.461 58.461 61.461 42.461 42.461 88.461 123.461 72.460 40.460 56.460 103.459 63.459 30.458 96.458 83.458 41.457 33.457 26.456 107.456 71.456 43.455 44.455
0.000 0.000 31.383 48.697 52.159 50.631 50.093 49.539 48.967 49.369 47.758 47.056 46.715 44.141 53.171 52.879 41.943 42.793 41.789 32.133 12.878 0.000 0.000 0.000 0.000 0.000 0.000 40.282 14.282 0.000 0.000 0.000 0.000 0.000 0.000 39.284 36.284 35.284 37.283 39.281 35.280 43.278 45.277 57.275 53.273 15.271 34.269 67.268 18.268 0.000 0.000 27.461 54.461 60.461 46.461 31.461 33.461 58.461 45.461 27.460 45.460 100.460 56.459 22.459 93.458 78.458 36.457 32.457 28.456 106.456 71.456 43.455 34.455
0.000 30.663 44.069 53.482 51.939 51.408 50.874 50.328 50.763 50.191 48.531 48.241 45.674 54.124 53.597 43.617 44.616 42.496 29.684 0.000 0.000 0.000 0.000 0.000 0.000 0.000 0.000 0.000 14.282 0.000 0.000 0.000 0.000 0.000 0.000 0.000 43.286 53.285 64.284 52.282 41.281 45.279 42.277 47.275 40.273 59.270 77.268 65.267 11.266 0.000 0.000 26.461 52.461 57.462 63.462 61.462 49.462 39.462 52.461 84.461 103.460 124.460 104.459 87.459 121.458 114.458 96.457 56.457 29.456 104.456 76.456 48.455 35.455
27.739 39.257 53.747 53.224 52.706 52.190 51.667 52.132 51.592 49.966 49.714 47.164 55.361 54.721 45.193 46.341 47.281 25.542 0.000 0.000 0.000 0.000 0.000 0.000 0.000 0.000 0.000 0.000 0.000 0.000 0.000 0.000 0.000 0.000 0.000 0.000 41.288 45.287 63.286 22.283 2.281 52.279 43.277 46.275 42.272 30.269 49.267 64.266 51.265 10.264 0.000 0.000 17.462 60.462 62.463 55.463 43.463 52.462 103.462 94.461 75.461 76.460 77.460 77.459 77.458 78.458 80.457 51.457 31.456 103.456 79.456 42.455 36.455
31.221 54.880 54.438 53.961 53.472 52.977 52.470 51.962 51.370 51.153 48.622 56.708 56.027 46.669 47.883 46.870 42.353 1.809 0.000 0.000 0.000 0.000 0.000 0.000 0.000 0.000 0.000 0.000 0.000 0.000 0.000 0.000 0.000 0.000 0.000 0.000 42.291 53.290 37.289 0.000 6.282 49.280 46.278 13.275 3.271 34.268 48.265 63.263 60.263 29.263 0.000 0.000 0.000 0.000 29.464 44.464 28.463 89.463 90.463 39.462 45.461 87.461 58.460 30.459 76.458 66.458 46.457 44.457 35.456 103.456 74.456 31.455 32.455
49.044 56.603 55.163 54.710 54.246 54.771 53.297 52.742 52.564 50.058 58.091 57.396 47.052 49.300 48.292 48.666 18.001 0.000 0.000 0.000 0.000 0.000 0.000 0.000 0.000 0.000 0.000 0.000 0.000 0.000 0.000 0.000 0.000 0.000 0.000 9.298 62.295 60.293 64.291 61.288 57.285 57.282 51.279 10.275 3.271 34.265 47.262 65.260 72.261 35.262 0.000 0.000 0.000 0.000 23.465 36.465 56.465 103.464 66.463 26.463 94.462 95.461 44.460 31.459 52.458 108.458 67.457 35.457 35.456 98.456 116.456 103.455 108.454
58.743 56.324 55.902 55.471 55.027 56.587 54.069 53.938 51.471 59.490 58.788 42.367 46.572 50.629 47.095 24.371 0.000 0.000 0.000 0.000 0.000 0.000 0.000 0.000 0.000 0.000 0.000 0.000 0.000 0.000 0.000 0.000 0.000 0.000 0.000 61.301 60.299 61.296 63.293 62.290 60.286 61.283 54.280 9.278 0.000 35.261 47.257 70.255 43.258 0.000 0.000 0.000 0.000 21.468 51.467 30.466 95.466 89.465 33.464 89.464 102.463 51.461 39.460 42.459 37.458 68.458 107.457 64.457 27.457 98.456 101.456 75.455 17.454
49.425 56.047 56.651 56.239 55.829 55.342 55.255 52.828 60.852 60.195 25.605 30.781 33.662 52.332 35.954 0.000 0.000 0.000 0.000 0.000 0.000 0.000 0.000 50.770 39.770 0.000 0.000 0.000 0.000 0.000 0.000 0.000 0.000 0.000 0.000 38.305 32.303 35.299 39.295 34.291 33.288 32.284 34.281 38.277 32.272 25.261 40.251 19.244 0.000 0.000 0.000 0.000 0.000 23.469 46.468 37.467 38.467 38.466 30.465 51.465 52.464 0.000 0.000 13.459 43.458 36.458 58.457 51.457 33.457 66.456 14.456 0.000 12.454
28.146 43.790 56.411 59.029 56.566 56.510 54.090 61.984 61.460 34.781 0.000 44.122 0.000 55.955 24.456 0.000 0.000 0.000 0.000 0.000 0.000 0.000 0.000 57.771 51.770 0.000 0.000 0.000 0.000 0.000 0.000 0.000 0.000 24.341 0.000 39.313 35.308 35.303 35.297 35.293 35.289 35.285 35.282 37.279 15.277 0.000 10.239 41.228 11.217 0.000 0.000 0.000 24.471 55.470 43.469 42.469 34.468 35.467 35.466 33.466 47.465 7.465 0.000 0.000 14.458 39.457 34.457 47.457 46.457 0.000 0.000 0.000 12.453
19.912 27.554 50.195 54.768 57.724 55.263 62.769 62.418 41.672 17.477 0.000 60.778 58.679 45.088 0.000 0.000 0.000 0.000 0.000 0.000 0.000 0.000 60.776 66.772 37.768 0.000 0.000 0.000 0.000 0.000 0.000 0.000 0.000 41.341 39.335 36.324 35.316 32.306 36.299 36.294 36.290 36.286 36.283 39.281 12.279 0.000 0.000 39.211 39.207 9.202 0.000 0.000 9.471 42.471 35.471 34.470 33.469 33.468 33.467 33.466 34.466 43.465 0.000 0.000 0.000 7.457 40.457 43.457 41.457 0.000 0.000 0.000 36.453
23.700 34.330 38.952 36.850 48.404 63.182 63.024 46.664 25.425 18.926 0.000 40.507 53.172 26.630 0.000 0.000 0.000 0.000 48.817 54.814 46.807 44.794 53.781 46.772 36.764 0.000 0.000 0.000 0.000 0.000 0.000 0.000 0.000 39.346 36.341 35.333 9.324 0.000 41.297 35.294 35.290 35.286 35.283 36.281 10.280 0.000 0.000 40.198 39.197 10.196 0.000 0.000 39.472 35.473 35.473 35.472 34.471 34.469 38.468 0.000 5.465 8.465 0.000 0.000 0.000 0.000 40.457 35.457 35.457 36.457 0.000 8.453 38.453
35.448 49.085 24.800 23.672 63.248 63.245 49.664 36.388 32.722 37.560 0.000 7.573 42.873 0.000 0.000 0.000 0.000 44.823 48.820 50.817 48.814 0.000 0.000 0.000 48.751 32.737 0.000 0.000 0.000 0.000 0.000 0.000 7.366 49.357 46.349 21.342 0.000 0.000 54.300 40.295 36.290 35.286 39.282 16.281 0.000 15.176 53.178 34.185 38.189 10.190 0.000 0.000 0.000 40.475 35.475 39.474 6.474 0.000 0.000 0.000 0.000 0.000 0.000 0.000 0.000 0.000 40.457 35.457 35.457 40.457 0.000 0.000 12.453
56.159 44.742 24.804 20.300 63.213 24.712 30.435 32.660 36.333 54.914 64.361 52.339 0.000 0.000 0.000 0.000 42.830 36.827 42.823 57.820 56.818 0.000 0.000 0.000 0.000 49.724 0.000 0.000 0.000 35.411 0.000 0.000 51.375 50.367 56.357 49.344 14.331 68.318 65.306 63.298 61.290 53.283 34.279 21.280 0.000 29.173 82.173 36.177 37.181 11.186 0.000 0.000 0.000 45.478 31.478 36.477 7.476 0.000 0.000 0.000 0.000 0.000 0.000 0.000 0.000 36.457 38.457 40.457 34.457 39.457 0.000 0.000 9.453
64.750 51.845 34.145 62.818 20.742 22.526 21.692 21.330 30.894 58.425 53.829 25.084 0.000 0.000 41.838 7.837 49.833 41.830 52.826 47.822 26.820 0.000 0.000 0.000 0.000 53.711 29.707 0.000 0.000 31.411 39.411 43.404 45.390 47.380 37.368 34.347 42.330 42.318 62.308 45.299 39.290 37.279 17.270 0.000 5.178 24.170 92.166 48.169 14.173 0.000 0.000 0.000 3.481 58.481 31.480 38.479 10.478 0.000 0.000 0.000 0.000 0.000 0.000 0.000 15.457 38.457 53.457 51.457 44.457 3.457 0.000 0.000 10.453
62.811 61.052 62.400 39.680 27.581 23.721 23.354 21.927 28.513 44.060 39.444 0.000 0.000 0.000 44.840 65.839 60.836 61.833 43.830 0.000 0.000 0.000 0.000 0.000 44.698 35.702 27.703 0.000 0.000 0.000 43.417 47.412 47.403 47.394 31.388 0.000 38.323 39.316 63.309 49.301 43.291 29.273 36.251 51.219 71.186 60.163 84.150 49.162 13.167 0.000 0.000 0.000 0.000 56.486 32.484 33.480 38.478 0.000 0.000 0.000 0.000 0.000 0.000 0.000 0.000 8.457 57.457 54.457 7.457 0.000 0.000 0.000 6.453
60.894 62.345 61.544 60.554 42.696 22.341 22.923 23.536 22.167 24.857 0.000 0.000 0.000 0.000 60.843 50.842 48.840 44.837 0.000 0.000 0.000 0.000 0.000 45.694 36.695 32.696 15.699 0.000 0.000 0.000 43.429 51.423 60.415 59.406 61.401 49.401 0.000 7.314 66.312 50.305 24.298 0.000 39.242 49.219 76.186 38.145 22.108 0.000 0.000 0.000 0.000 0.000 9.499 47.493 34.487 35.481 38.476 11.471 0.000 0.000 0.000 0.000 0.000 0.000 0.000 0.000 14.457 15.457 0.000 0.000 0.000 0.000 7.453
62.352 61.327 63.437 63.598 47.267 23.864 26.489 26.124 23.762 24.344 0.000 40.850 0.000 6.848 54.847 54.846 61.846 0.000 0.000 19.766 7.765 0.000 0.000 40.693 34.690 28.688 0.000 0.000 0.000 0.000 41.447 42.438 44.426 43.416 41.407 33.402 0.000 0.000 68.319 54.310 39.298 2.280 38.255 49.230 73.193 29.123 25.030 7.965 0.000 0.000 0.000 0.000 9.505 54.499 33.492 35.482 35.473 36.466 40.459 12.456 0.000 0.000 0.000 0.000 0.000 0.000 0.000 0.000 0.000 0.000 0.000 0.000 0.000
62.042 64.240 63.429 64.126 37.743 28.385 48.040 41.709 23.413 1.094 0.000 37.850 52.850 57.850 43.850 64.851 56.850 0.000 0.000 33.767 64.764 16.758 0.000 41.694 35.686 32.678 0.000 0.000 49.526 45.505 41.474 43.454 48.438 48.423 46.410 57.397 49.378 9.358 68.335 60.319 60.304 52.287 33.269 51.251 59.235 0.000 27.923 10.900 0.000 0.000 0.000 0.000 19.517 58.508 30.497 32.483 33.469 34.460 39.455 11.454 0.000 0.000 0.000 0.000 0.000 0.000 0.000 0.000 0.000 0.000 0.000 0.000 0.000
