results1/res_4e8f-0172.wd
ncols         241
nrows         181
xllcorner     12693529.787448
yllcorner     3542525.717860
cellsize      155.156523
NODATA_value  -9999.000000
[rows 66 to 98 of 181, columns 146 to 218 of 241]
37.226 52.164 74.106 75.052 75.002 74.955 74.910 74.867 74.826 77.793 13.772 0.000 1.649 0.000 0.000 0.000 0.000 0.058 47.065 22.065 0.000 29.063 59.062 59.062 59.062 66.061 72.060 72.059 72.056 72.052 72.048 72.043 72.038 72.033 72.028 74.023 59.019 60.017 52.016 0.000 0.000 0.000 0.000 0.000 28.368 35.359 44.341 38.306 16.261 14.220 29.193 50.168 58.145 52.122 47.099 47.076 37.053 34.030 34.007 36.985 57.963 69.942 64.921 53.901 60.882 67.863 71.845 71.828 70.812 70.796 70.781 70.767 70.753
40.286 59.224 77.165 75.112 75.063 75.018 74.975 74.930 79.882 68.846 38.830 35.842 0.000 0.000 0.000 0.000 0.000 18.065 20.065 0.000 0.000 0.000 29.058 60.058 69.058 72.057 72.056 72.055 72.052 76.049 74.046 72.042 72.038 72.033 71.029 63.025 57.022 63.020 53.018 0.000 0.000 0.000 0.000 20.360 34.361 39.357 35.350 0.000 1.195 11.182 31.166 34.147 48.127 57.106 46.084 45.062 43.040 34.017 33.994 32.972 38.950 62.928 69.907 54.887 56.867 58.849 60.831 64.814 68.797 70.781 71.766 70.752 70.738
45.343 66.280 76.219 75.166 75.121 75.080 73.041 71.996 26.928 11.880 42.858 48.854 13.857 0.000 0.000 0.000 0.000 0.000 0.000 0.000 0.000 13.054 42.055 62.055 72.055 72.054 72.053 72.051 72.049 74.047 73.044 72.041 72.038 73.034 63.031 61.027 64.024 59.021 51.020 0.000 0.000 0.000 0.000 38.359 41.359 3.356 2.353 0.000 6.153 39.152 41.142 51.127 54.110 65.091 63.071 51.049 40.027 32.004 33.981 33.958 28.936 42.914 59.893 63.872 68.853 65.834 58.815 63.798 66.782 66.766 64.751 66.737 69.723
50.400 73.333 77.266 78.213 75.174 76.141 71.112 17.087 1.037 41.889 42.869 47.861 55.859 0.000 0.000 0.000 0.000 0.000 0.000 0.000 0.000 25.052 48.052 61.052 73.052 72.051 72.050 72.049 72.047 73.045 72.043 72.040 72.038 69.035 63.032 28.029 1.026 0.000 0.000 0.000 0.000 0.000 0.000 34.359 41.359 0.000 0.000 0.000 56.136 42.132 37.123 65.110 70.095 71.077 75.058 69.037 57.014 36.991 33.968 33.945 31.922 32.900 38.878 39.857 46.837 54.818 61.799 65.782 66.765 67.750 63.735 66.721 67.707
32.459 37.387 47.299 23.245 80.222 77.198 62.180 39.170 9.182 0.000 0.000 0.000 0.000 0.000 0.000 0.000 0.000 0.000 0.000 0.000 0.000 26.051 51.050 54.050 70.049 72.049 72.048 72.046 76.045 75.043 72.041 72.040 73.038 64.036 67.035 0.000 0.000 0.000 0.000 0.000 0.000 0.000 0.000 0.000 28.359 37.358 0.000 0.000 87.122 50.116 32.108 63.096 71.082 71.066 71.047 74.026 73.003 52.979 35.955 33.931 31.907 34.884 35.862 43.841 48.820 37.801 37.783 42.765 47.749 53.733 58.718 62.704 66.690
78.525 57.456 0.000 0.000 84.270 76.251 63.239 45.231 12.229 0.000 0.000 0.000 0.000 0.000 0.000 0.000 0.000 0.000 0.000 0.000 0.000 0.000 12.048 56.047 72.047 72.046 72.045 72.044 74.043 73.042 72.040 72.039 73.038 61.036 71.036 0.000 0.000 0.000 0.000 0.000 0.000 0.000 0.000 0.000 0.000 4.358 12.358 0.000 24.113 40.105 33.095 63.084 71.071 71.056 72.038 72.016 71.992 64.967 40.941 36.917 34.892 31.868 52.846 64.824 70.803 54.783 47.765 43.747 41.731 38.715 38.700 38.687 66.673
54.602 0.000 0.000 81.451 81.339 79.295 70.294 55.286 11.275 0.000 0.000 0.000 0.000 0.000 0.000 0.000 0.000 0.000 0.000 0.000 0.000 0.000 38.045 61.045 73.045 72.044 72.044 73.043 72.042 72.041 72.039 72.038 73.037 66.036 31.036 0.000 0.000 0.000 0.000 0.000 0.000 0.000 0.000 0.000 0.000 0.000 0.000 0.000 0.000 37.094 36.084 54.074 69.064 72.050 66.032 62.009 67.983 58.954 41.927 40.902 49.877 44.852 67.828 71.805 70.784 68.764 68.746 65.729 63.712 60.697 56.682 48.668 68.655
81.648 71.648 77.620 33.563 0.000 0.327 76.356 50.344 11.309 0.000 13.538 0.000 0.000 0.000 0.000 0.000 0.000 0.000 0.000 0.000 0.000 1.043 54.043 66.043 73.043 72.042 72.042 74.041 74.040 72.040 72.039 72.038 71.037 67.036 16.036 0.000 0.000 0.000 0.000 0.000 0.000 0.000 0.000 0.000 0.000 0.000 0.000 0.000 0.000 0.000 25.071 51.066 69.058 70.048 51.032 54.006 55.976 52.940 37.912 34.887 57.861 66.834 70.809 72.786 72.764 73.744 71.726 71.709 72.693 71.678 72.663 72.650 71.637
83.695 75.677 80.648 31.618 0.000 0.000 67.431 15.425 0.000 0.000 45.538 8.538 0.000 0.000 0.000 0.000 0.000 0.000 0.000 0.000 0.000 0.029 57.041 69.041 73.041 72.041 72.040 73.040 73.039 72.038 72.038 73.037 69.036 64.036 14.035 0.000 0.000 0.000 0.000 0.000 0.000 0.000 0.000 0.000 0.000 0.000 0.000 0.000 17.061 19.062 30.063 46.061 68.056 70.050 16.044 0.000 0.000 42.918 36.895 31.872 45.845 64.815 70.788 72.764 72.743 72.723 70.705 70.688 71.672 70.658 70.644 71.630 71.618
75.759 75.716 75.678 73.643 60.613 46.571 39.513 38.499 34.523 37.534 40.538 40.539 12.539 0.000 0.000 0.000 0.000 0.000 18.036 20.036 0.000 10.039 56.039 70.040 72.040 72.039 72.039 72.039 72.038 72.037 72.037 72.036 54.036 49.035 47.035 42.034 6.033 0.000 0.000 0.000 0.000 0.000 0.000 0.000 0.000 0.000 0.000 0.000 21.060 47.060 38.060 42.058 62.055 63.052 36.049 0.000 0.000 0.000 33.878 38.861 37.833 56.794 69.765 70.741 70.720 70.700 70.682 70.666 70.651 70.637 70.623 70.610 70.598
75.799 75.751 75.706 74.663 71.625 73.586 47.551 26.536 64.537 37.540 41.541 17.540 0.000 0.000 0.000 0.000 0.000 0.000 18.036 64.036 13.036 1.037 55.038 69.038 73.038 72.038 74.038 75.038 73.037 72.037 72.036 70.035 63.035 54.034 55.034 54.033 7.033 0.000 0.000 0.000 0.000 0.000 0.000 0.000 0.000 0.000 0.000 0.000 15.060 50.059 42.059 49.057 64.055 59.053 65.051 0.000 0.000 0.000 0.000 0.000 0.000 46.761 69.736 70.714 70.694 70.676 70.659 70.643 70.629 70.615 70.602 70.590 70.578
75.834 75.785 76.730 78.680 75.636 75.599 74.571 75.555 66.549 44.548 16.547 0.000 0.000 0.000 0.000 0.000 0.000 0.000 5.036 57.036 44.036 34.036 50.037 72.037 72.037 72.037 72.037 72.037 72.036 72.036 72.035 72.035 70.034 49.034 53.033 60.033 3.033 0.000 0.000 0.000 0.000 0.000 0.000 0.000 0.000 0.000 0.000 0.000 11.059 62.059 6.058 29.057 52.055 59.053 20.052 0.000 0.000 0.000 0.000 0.000 0.000 0.734 58.704 71.687 70.667 70.650 70.634 70.619 70.606 70.593 70.581 70.569 70.557
78.871 74.824 71.748 73.690 76.642 76.601 78.578 75.564 73.557 60.554 9.553 0.000 0.000 0.000 0.000 0.000 0.000 0.000 0.000 13.036 48.036 40.036 56.036 74.036 72.036 72.036 72.036 72.036 72.035 72.035 72.035 72.034 73.034 62.033 49.033 53.032 59.032 1.031 0.000 0.000 0.000 0.000 0.000 0.000 0.000 0.000 0.000 0.000 0.000 7.059 0.000 0.000 37.054 56.054 0.000 0.000 0.000 0.000 0.000 0.000 0.000 0.000 46.682 67.661 70.639 70.622 70.607 70.594 70.582 70.570 70.559 70.547 70.536
71.916 32.894 0.000 0.000 0.000 68.584 73.576 79.567 75.562 64.559 14.557 0.000 48.561 18.561 0.000 0.000 0.000 0.000 0.000 0.000 40.035 44.035 65.035 73.035 74.035 75.035 72.035 72.035 72.035 72.034 72.034 72.034 72.033 73.033 52.032 34.032 43.031 4.031 0.000 0.000 0.000 0.000 0.000 0.000 0.000 0.000 0.000 0.000 0.000 0.000 0.000 0.000 26.054 59.054 0.000 0.000 0.000 0.000 0.000 0.000 0.000 0.000 0.000 47.634 67.608 70.592 70.579 70.568 70.557 70.547 70.536 70.526 70.515
66.953 23.941 0.000 0.000 43.577 41.577 58.573 77.568 74.564 59.561 40.560 44.561 48.561 14.561 0.000 0.000 0.000 0.000 11.033 0.000 41.034 52.035 72.035 72.035 75.035 75.035 72.035 72.034 72.034 72.034 72.033 72.033 72.033 73.032 69.032 64.031 53.031 33.030 27.030 0.000 0.000 0.000 0.000 0.000 0.000 0.000 0.000 0.000 0.000 0.000 0.000 0.000 28.054 20.054 0.000 0.000 0.000 0.000 0.000 0.000 0.000 0.000 0.000 0.000 52.565 68.558 70.550 70.542 70.533 70.524 70.514 70.504 70.494
72.983 53.976 25.983 0.000 0.000 43.574 43.571 65.567 77.565 55.563 42.562 47.562 25.562 0.000 0.000 0.000 0.000 0.000 40.033 33.033 38.034 55.034 74.034 74.034 75.034 72.034 72.034 72.034 72.034 72.033 72.033 72.033 72.032 72.032 72.031 74.031 63.030 51.030 40.029 41.028 34.028 25.028 30.028 0.000 0.000 0.000 0.000 0.000 0.000 0.000 0.000 0.000 31.054 6.054 0.000 0.000 0.000 0.000 0.000 0.000 0.000 0.000 0.000 0.000 37.529 65.526 69.522 70.516 70.509 70.501 70.493 70.483 70.472
76.005 66.997 19.990 0.000 0.000 0.000 42.568 47.566 74.565 62.563 43.563 46.562 21.562 0.000 0.000 0.000 0.000 0.000 43.033 36.033 39.033 57.033 76.034 75.034 73.034 73.034 72.034 72.034 72.033 72.033 72.033 73.032 73.032 73.031 67.031 58.030 62.030 69.029 62.029 60.028 48.028 35.028 42.028 0.004 0.000 0.000 0.000 0.000 0.000 0.000 0.000 0.000 0.000 0.000 0.000 0.000 0.000 0.000 0.000 0.000 0.000 0.000 0.000 0.000 29.496 60.496 70.494 72.491 72.486 72.480 71.472 70.463 70.451
76.022 51.017 0.000 0.000 0.000 0.000 0.000 49.565 62.564 56.564 55.563 52.562 42.562 20.562 0.000 0.000 0.000 0.000 42.033 35.033 40.033 55.033 67.033 64.033 59.034 61.034 66.034 71.033 73.033 73.033 71.032 61.032 59.032 64.031 53.030 50.030 50.029 61.029 65.028 60.028 46.028 35.028 7.027 0.000 0.000 0.000 0.000 0.000 0.000 0.000 0.000 0.000 0.000 0.000 0.000 0.000 0.000 0.000 0.000 0.000 0.375 0.000 0.000 0.000 17.464 42.467 48.468 50.467 50.465 51.460 60.454 69.444 70.432
75.036 41.032 0.000 0.000 0.000 0.000 0.000 44.564 38.564 37.564 45.563 45.563 45.562 41.562 14.562 0.000 0.000 0.000 47.032 42.033 47.033 57.033 60.033 63.033 21.033 0.000 0.000 12.033 73.033 70.033 59.032 14.032 0.000 0.000 52.030 84.029 77.029 56.028 62.028 56.028 45.027 30.027 33.027 0.000 0.000 0.000 0.000 0.000 0.000 0.000 0.000 0.000 0.000 0.000 0.000 0.000 0.000 0.000 13.376 3.376 21.376 42.380 53.389 52.404 70.429 78.439 79.444 77.446 79.445 66.443 49.438 67.428 70.413
73.046 38.043 0.000 0.000 0.000 0.000 0.000 44.564 40.564 19.564 0.000 0.000 0.000 0.000 0.000 0.000 0.000 0.000 53.032 47.032 42.032 38.032 24.033 0.000 0.000 0.000 0.000 0.000 0.000 0.000 46.032 8.032 0.000 0.000 0.000 47.028 80.028 40.028 41.028 40.027 36.027 39.027 86.027 45.027 0.000 0.000 0.000 0.000 0.000 0.000 0.000 0.000 0.000 0.000 0.000 0.000 12.350 3.350 0.000 0.000 7.372 89.376 85.384 67.395 68.408 65.417 66.423 88.427 81.428 67.428 47.426 56.418 55.399
59.053 40.052 34.054 0.000 0.000 0.000 0.000 0.000 42.564 26.564 0.000 0.000 0.000 0.000 0.000 0.000 0.000 0.000 53.032 53.032 54.032 37.032 12.032 0.000 0.000 0.000 0.000 0.000 0.000 0.000 42.031 19.031 0.000 0.000 0.000 46.028 95.028 59.028 62.027 57.027 42.027 60.027 114.027 111.027 42.027 0.000 0.000 0.000 0.000 0.000 0.000 0.000 0.000 0.000 0.000 0.000 2.350 20.351 10.352 8.356 17.363 92.368 59.375 67.383 58.391 39.399 50.405 93.409 59.413 46.416 53.420 7.419 0.000
43.058 43.056 29.056 0.000 0.000 0.000 0.000 0.000 0.000 0.000 0.000 0.000 0.000 0.000 0.000 0.000 0.000 0.000 56.032 47.032 41.032 39.032 13.032 0.000 0.000 0.000 0.000 0.000 0.000 39.031 32.031 57.031 53.031 0.000 5.028 52.028 58.028 50.027 93.027 82.027 53.027 6.027 70.027 125.027 9.027 0.000 0.000 0.000 0.000 0.000 0.000 0.000 21.349 18.349 13.349 2.349 71.349 109.350 100.350 96.352 43.356 87.360 55.364 44.370 91.376 72.382 92.388 73.393 43.398 51.402 0.000 0.000 0.000
46.061 47.059 39.059 0.000 0.000 0.000 0.000 0.000 0.000 0.000 0.000 0.000 0.000 0.000 0.000 0.000 0.000 0.000 10.032 51.032 41.032 19.032 0.000 0.000 0.000 0.000 0.000 0.000 0.000 41.031 38.031 14.031 0.000 0.000 0.000 26.028 5.028 0.000 6.027 48.026 4.026 0.000 26.027 92.027 47.027 0.000 0.000 0.000 0.000 0.000 0.000 0.000 0.000 3.348 0.000 0.000 27.349 7.349 71.347 75.347 26.349 87.350 64.353 37.356 55.361 105.366 119.371 53.377 41.383 8.393 0.000 0.000 17.231
45.063 46.061 46.060 50.060 42.060 0.000 0.000 0.000 0.000 0.000 0.000 0.000 0.000 0.000 0.000 0.000 0.000 0.000 0.000 41.031 37.031 21.031 0.000 0.000 0.000 0.000 0.000 0.000 42.031 39.031 16.031 0.000 0.000 0.000 0.000 0.004 0.000 0.000 0.000 52.025 1.025 0.000 26.026 0.000 0.000 0.000 0.000 0.000 0.000 0.000 0.000 0.000 0.000 12.348 6.348 8.348 1.349 0.000 47.342 66.342 25.341 89.340 69.340 39.342 88.345 91.349 86.354 94.360 58.366 0.000 0.000 0.199 31.215
47.064 25.062 36.061 45.060 45.060 45.060 44.060 0.000 0.000 0.000 0.000 0.000 0.000 0.000 0.000 0.000 0.000 0.000 0.000 43.031 39.031 23.031 0.000 0.000 0.000 0.000 0.000 0.000 0.000 45.031 17.031 0.000 0.000 0.000 0.000 0.000 0.000 4.024 16.025 39.025 43.025 20.025 0.000 0.000 0.000 0.000 0.000 0.000 0.000 0.000 0.000 0.000 0.000 1.348 0.000 5.348 0.000 0.000 50.338 70.336 30.333 90.328 75.326 89.327 89.329 48.332 41.336 86.343 35.354 0.000 0.000 32.183 40.193
52.066 0.000 0.000 42.060 31.060 0.000 44.060 34.060 0.000 0.000 0.000 0.000 0.000 0.000 0.000 0.000 0.000 0.000 0.000 42.031 39.031 27.031 0.000 0.000 0.000 0.000 0.000 0.000 0.000 0.000 0.000 0.000 0.000 0.000 0.000 0.000 0.000 0.000 55.024 72.024 33.024 0.000 0.000 0.000 0.000 0.000 0.000 0.000 0.000 0.000 0.000 0.000 0.000 0.000 0.000 10.348 0.000 0.000 85.335 71.333 32.327 90.314 87.310 79.310 71.311 57.313 58.317 27.321 0.000 0.000 16.165 35.171 42.177
49.066 0.000 0.000 29.060 21.060 0.000 0.000 0.000 0.000 53.056 49.056 40.056 0.000 0.000 0.000 0.000 0.000 0.000 0.000 46.031 42.031 24.031 0.000 0.000 0.000 0.000 0.000 0.000 0.000 0.000 0.000 0.000 0.000 0.000 0.000 0.000 0.000 0.000 18.024 102.024 68.024 0.000 0.000 0.000 0.000 0.000 0.000 0.000 0.000 0.000 0.000 0.000 0.000 0.000 0.000 0.000 0.000 0.000 17.335 0.000 0.000 64.292 105.291 84.291 83.291 81.293 84.297 32.302 0.000 0.000 20.159 34.161 35.163
65.066 0.000 0.000 0.000 0.000 51.059 38.059 0.000 49.057 43.056 43.056 35.056 0.000 0.000 0.000 0.000 0.000 0.000 0.000 46.031 41.031 29.031 0.000 0.000 0.000 0.000 0.000 0.000 0.000 0.000 0.000 0.000 0.000 0.000 0.000 0.000 0.000 0.000 0.000 46.024 38.024 9.024 0.000 0.000 0.000 0.000 0.000 0.000 0.000 0.000 0.000 0.000 0.000 0.000 0.000 0.000 0.000 0.000 0.000 0.000 0.000 11.271 47.271 48.271 46.271 46.272 43.276 39.289 0.000 0.000 13.151 34.151 32.150
76.065 65.063 47.062 48.061 47.061 41.060 42.059 43.058 41.057 46.056 45.056 36.056 33.056 0.000 0.000 0.000 0.000 0.000 0.000 33.031 0.000 0.000 0.000 0.000 0.000 0.000 0.000 0.000 0.000 0.000 0.000 0.000 0.000 0.000 0.000 0.000 0.000 0.000 0.000 0.000 45.023 8.023 0.000 0.000 0.000 0.000 0.000 0.000 0.000 0.000 0.000 0.000 0.000 0.000 0.000 0.000 0.000 0.000 0.000 0.000 0.000 2.250 35.251 34.250 34.249 50.248 45.246 0.000 0.000 0.000 6.143 47.141 59.138
76.064 70.063 40.062 40.061 40.061 23.060 24.059 28.058 38.057 47.056 44.056 36.056 39.055 28.055 0.000 0.000 0.000 0.000 0.000 0.000 0.000 0.000 0.000 0.000 0.000 0.000 0.000 0.000 0.000 0.000 0.000 0.000 0.000 0.000 0.000 0.000 0.000 0.000 0.000 0.000 2.023 48.023 7.023 0.000 0.000 0.000 0.000 0.000 0.000 0.000 0.000 0.000 0.000 0.000 0.000 0.000 0.000 0.000 0.000 0.000 27.220 30.229 34.231 34.231 36.228 55.224 45.215 28.197 0.000 0.000 42.136 63.133 70.128
76.063 74.063 44.062 41.062 21.061 0.000 0.000 0.000 0.000 38.056 41.056 39.055 32.055 0.000 0.000 0.000 0.000 0.000 0.000 0.000 0.000 0.000 0.000 0.000 0.000 0.000 0.000 0.000 0.000 0.000 0.000 0.000 0.000 0.000 0.000 0.000 0.000 0.000 0.000 0.000 0.004 51.023 13.023 0.000 0.000 0.000 0.000 0.000 0.000 0.000 0.000 0.000 0.000 0.000 0.000 0.000 0.000 0.000 0.000 0.000 38.211 35.214 34.215 30.213 43.210 60.204 44.194 33.178 28.157 28.143 52.133 69.126 70.119
76.063 74.062 27.062 31.062 0.000 0.000 0.000 0.000 0.000 0.000 29.055 42.055 34.055 0.000 0.000 0.000 0.000 0.000 0.000 0.000 0.000 0.000 0.000 0.000 0.000 0.000 0.000 0.000 0.000 0.000 0.000 0.000 0.000 0.000 0.000 0.000 0.000 0.000 0.000 0.000 0.000 0.004 19.023 0.000 0.000 0.000 0.000 0.000 0.000 0.000 0.000 0.000 7.182 15.182 0.000 0.000 0.000 0.000 0.000 32.194 30.199 29.201 34.201 48.198 61.194 51.187 35.178 33.165 35.151 32.138 53.128 71.119 70.110
76.062 50.062 0.000 0.000 0.000 0.000 0.000 0.000 0.000 0.000 0.000 32.055 39.055 37.054 0.000 0.000 0.000 0.000 0.000 0.000 0.000 0.000 0.000 0.000 0.000 0.000 0.000 0.000 0.000 0.000 0.000 0.000 0.000 0.000 0.000 0.000 0.000 0.000 0.000 0.000 0.000 0.000 0.000 0.000 0.000 0.000 0.000 0.000 0.000 0.000 0.000 0.000 0.000 8.182 10.182 0.000 37.184 29.184 27.186 39.189 53.191 58.191 60.189 60.185 46.180 34.173 33.165 33.154 32.143 34.131 57.121 72.111 70.101
