results1/res_4e8f-0159.wd
ncols         241
nrows         181
xllcorner     12693529.787448
yllcorner     3542525.717860
cellsize      155.156523
NODATA_value  -9999.000000
[rows 33 to 65 of 181, columns 73 to 145 of 241]
0.000 0.000 0.000 0.000 0.000 0.000 0.000 0.000 0.000 0.000 0.000 0.000 0.000 0.000 0.000 0.000 0.000 0.000 0.000 0.000 0.000 0.000 0.000 0.000 0.000 0.000 0.000 0.000 0.000 0.000 0.000 0.000 0.000 0.000 0.000 0.000 0.000 0.000 0.000 39.232 62.233 67.235 23.237 0.000 0.000 32.315 46.343 13.322 4.323 36.345 39.361 33.359 34.341 35.306 35.253 35.182 35.092 33.978 39.827 59.594 6.118 14.249 11.540 46.710 63.172 67.700 66.260 66.863 65.400 67.488 62.545 62.151 62.142
0.000 0.000 0.000 0.000 0.000 0.000 0.000 0.000 0.000 0.000 0.000 0.000 0.000 0.000 0.000 0.000 0.000 0.000 0.000 0.000 0.000 0.000 0.000 0.000 0.000 0.000 0.000 0.000 0.000 0.000 0.000 0.000 0.000 0.000 0.000 0.000 0.000 0.000 0.000 0.000 14.234 9.234 0.000 0.000 0.000 0.000 28.434 0.000 0.000 26.386 50.427 49.431 39.415 35.379 35.323 35.247 35.149 34.033 55.901 53.747 0.000 37.090 49.660 63.093 67.577 67.101 66.672 66.181 67.243 63.262 62.557 62.810 65.114
0.000 0.000 0.000 0.000 0.000 0.000 0.000 0.000 0.000 0.000 0.000 0.000 0.000 0.000 0.000 0.000 0.000 0.000 34.763 66.763 19.763 0.000 0.000 0.000 0.000 0.000 0.000 0.000 0.000 0.000 0.000 0.000 0.000 0.000 0.000 0.000 0.000 0.000 0.000 0.000 0.000 0.000 0.000 0.000 0.000 0.000 20.526 0.000 0.000 0.000 28.530 46.525 46.508 37.473 35.415 35.332 33.225 49.104 57.997 0.000 22.747 47.360 61.919 68.427 67.937 67.484 66.966 68.999 64.987 63.090 63.488 65.814 65.060
0.000 0.000 0.000 0.000 0.000 0.000 0.000 0.000 0.000 0.000 0.000 21.765 59.765 0.000 0.000 0.000 0.000 0.000 41.763 92.763 48.763 0.000 0.000 0.000 0.000 0.000 0.000 0.000 0.000 0.000 0.000 0.000 0.000 0.000 0.000 0.000 0.000 0.000 0.000 0.000 0.000 0.000 0.000 0.000 0.000 0.000 23.617 24.658 31.676 17.675 27.638 35.630 48.619 39.590 35.532 32.440 43.315 53.161 41.985 17.657 47.134 64.684 69.228 68.753 68.292 67.753 67.760 66.723 63.735 64.181 66.520 65.773 65.540
0.000 0.000 0.000 0.000 0.000 0.000 0.000 0.000 0.000 0.000 0.000 42.765 77.765 66.765 53.765 8.765 2.764 26.764 80.763 88.763 53.763 0.000 0.000 0.000 0.000 22.699 1.699 0.000 0.000 0.000 0.000 0.000 0.000 0.000 0.000 0.000 0.000 6.702 0.000 0.000 0.000 10.702 28.701 0.000 0.000 39.680 54.667 57.681 55.697 41.709 35.719 34.737 48.748 39.735 31.683 45.582 59.435 47.240 35.125 49.851 54.449 67.013 69.553 69.094 68.544 68.526 66.471 64.490 64.894 67.240 66.499 66.270 65.938
0.000 0.000 0.000 0.000 0.000 0.000 0.000 0.000 0.000 0.000 0.000 13.765 75.765 58.765 39.765 1.765 22.765 72.764 83.763 90.763 49.762 0.000 0.000 0.000 0.000 60.699 44.699 0.000 0.000 0.000 0.000 0.000 0.000 0.000 0.000 0.000 23.702 35.702 37.702 0.000 0.000 19.702 44.701 23.700 37.698 60.692 63.691 64.701 61.720 48.747 35.791 32.852 49.900 40.919 44.885 62.769 56.602 0.000 33.425 52.173 64.798 70.363 69.908 69.350 69.306 67.239 65.372 65.629 67.976 67.244 67.020 66.688 66.357
0.000 0.000 0.000 0.000 0.000 0.000 0.000 0.000 0.000 0.000 0.000 0.000 0.000 26.765 64.765 60.765 48.765 61.764 81.764 92.763 45.762 0.000 0.000 0.000 0.000 22.699 46.699 48.699 0.000 0.000 0.000 0.000 0.000 0.000 0.000 0.000 39.702 40.702 52.702 35.702 24.702 38.702 39.702 35.702 42.701 49.701 47.704 40.714 59.733 25.769 41.847 44.980 35.082 47.155 60.168 57.006 0.034 8.399 44.979 61.615 70.210 70.747 70.195 70.120 67.048 66.423 66.396 68.732 68.010 67.794 67.468 67.136 66.780
0.000 0.000 0.000 0.000 0.000 0.000 0.000 0.000 0.000 0.000 0.000 0.000 0.000 16.765 83.765 78.766 68.765 58.765 82.764 90.762 85.760 70.756 25.754 0.000 0.000 0.000 2.699 56.699 40.699 38.699 49.699 44.699 7.700 0.000 0.000 3.702 39.702 38.702 59.702 65.703 54.703 46.703 38.703 35.703 36.704 37.705 36.709 34.717 42.730 3.750 0.000 4.137 40.295 63.450 61.627 1.046 7.133 44.819 58.473 68.110 71.645 71.205 71.979 67.930 67.717 67.212 69.518 68.799 68.588 68.272 67.953 67.602 67.215
0.000 0.000 0.000 0.000 0.000 0.000 0.000 0.000 0.000 0.000 0.000 0.000 0.000 0.000 16.766 55.766 30.767 66.766 85.765 90.763 88.759 86.755 75.751 34.748 0.000 0.000 0.000 12.699 51.699 51.699 64.699 62.700 55.700 50.700 0.000 0.000 6.702 43.702 62.702 69.703 61.703 45.703 34.704 35.705 35.706 35.708 35.711 35.716 39.721 0.000 0.000 0.000 10.510 47.724 17.214 14.536 49.473 54.269 66.004 72.606 72.455 70.693 69.019 69.384 68.114 70.351 69.621 69.401 69.089 68.786 68.464 68.107 67.680
0.000 0.000 0.000 0.000 0.000 0.000 0.000 0.000 0.000 0.000 0.000 0.000 0.000 0.000 0.000 1.767 87.768 87.768 89.767 89.764 88.759 82.754 76.748 47.745 0.000 0.000 0.000 0.000 0.000 19.699 64.699 58.700 73.700 70.700 49.700 28.701 29.702 38.702 60.702 69.703 60.703 43.704 33.704 38.705 37.707 35.709 35.711 35.714 36.716 28.716 0.000 0.000 0.000 0.000 8.967 52.019 54.951 62.805 73.525 73.634 71.994 73.880 71.626 69.160 71.265 70.494 70.243 69.916 69.614 69.314 69.010 68.680 67.246
0.000 0.000 0.000 0.000 0.000 0.000 22.722 45.719 0.000 23.662 63.651 52.639 56.628 31.622 0.000 0.000 23.771 95.771 89.772 86.768 83.761 86.752 77.744 40.739 0.000 0.000 0.000 0.000 0.000 0.000 0.000 8.700 62.700 63.700 14.700 0.000 5.702 42.702 60.703 65.703 55.703 46.704 44.705 6.706 13.707 41.710 35.712 35.713 36.715 42.715 50.715 12.714 0.000 0.000 24.668 57.625 61.520 72.329 74.543 74.174 77.457 76.034 70.510 72.309 71.447 71.130 70.764 70.438 70.131 69.845 69.584 69.357 75.193
0.000 0.000 0.000 0.000 0.000 0.000 22.725 65.716 7.697 57.672 59.653 71.637 54.624 39.615 0.000 0.000 11.773 80.775 92.780 89.775 89.763 90.749 84.736 38.727 0.000 0.000 0.000 0.000 0.000 0.000 0.000 0.000 0.000 47.700 6.700 0.000 1.702 48.702 45.703 57.703 14.703 0.000 0.000 0.000 0.000 7.711 45.712 39.713 2.714 32.714 66.714 49.714 2.714 0.000 29.422 63.262 72.165 75.286 75.041 79.217 78.472 71.873 73.431 72.473 72.069 71.644 71.275 70.936 70.628 70.352 70.123 69.972 74.976
20.999 64.994 54.989 0.000 0.000 0.000 16.736 76.724 52.702 54.677 60.653 84.632 85.615 80.600 34.586 0.000 0.000 0.000 40.799 94.788 89.769 90.746 87.723 46.707 0.000 0.000 0.000 0.000 0.000 0.000 0.000 0.000 0.000 5.700 0.000 0.000 0.000 0.000 0.000 0.000 0.000 0.000 0.000 0.000 0.000 0.000 0.000 20.713 17.714 0.000 0.000 0.000 0.000 18.834 56.250 73.203 74.880 75.813 80.162 79.769 72.905 74.458 73.490 73.028 72.548 72.131 71.751 71.405 71.091 70.813 70.584 70.431 73.416
21.000 76.993 58.984 54.975 0.000 0.000 3.759 68.742 70.711 70.680 82.649 79.624 91.603 90.585 51.572 0.000 0.000 0.000 16.829 96.810 89.779 90.741 87.703 47.671 0.000 0.000 8.243 56.206 68.165 37.138 0.000 0.000 0.000 0.000 0.000 0.000 0.000 0.000 0.000 0.000 0.000 0.000 0.000 0.000 0.000 0.000 0.000 0.000 5.714 0.000 0.000 0.000 16.798 57.306 74.266 74.848 81.077 80.567 74.179 74.739 75.237 74.416 73.944 73.442 72.991 72.576 72.194 71.842 71.518 71.225 70.968 77.753 18.585
85.003 81.993 60.981 61.965 53.942 0.889 58.800 53.773 61.722 74.681 78.641 89.613 90.587 89.564 58.546 0.000 0.000 0.000 15.878 95.843 89.795 90.739 85.677 65.603 49.487 50.382 50.279 58.210 79.152 46.111 0.000 0.000 0.000 0.000 0.000 0.000 0.000 0.000 0.000 0.000 0.000 0.000 0.000 0.000 0.000 0.000 0.000 0.000 0.000 0.000 14.888 45.666 55.174 74.160 75.750 82.417 81.824 74.729 76.447 75.779 75.236 74.777 74.289 73.830 73.395 72.988 72.607 72.250 71.915 71.601 78.308 24.031 0.000
82.007 76.996 74.982 57.962 61.934 61.896 52.851 45.828 0.000 0.000 20.620 79.600 90.569 88.539 73.501 40.449 0.000 3.050 64.963 85.890 90.818 89.742 90.663 80.576 56.477 53.379 52.284 61.201 79.123 62.042 47.931 48.844 52.779 63.739 27.723 0.000 0.000 0.000 0.000 0.000 0.000 0.000 0.000 0.000 0.000 0.000 0.000 0.000 0.000 0.000 26.088 65.929 73.875 76.524 83.297 82.901 75.453 77.121 76.341 75.968 75.525 75.071 74.624 74.189 73.772 73.375 72.997 72.636 72.290 77.957 24.633 0.000 0.000
71.014 23.002 90.988 61.968 55.936 56.906 58.878 58.862 47.863 0.000 0.000 0.583 24.550 95.520 85.471 63.397 55.277 62.138 61.032 62.938 70.844 71.749 58.656 55.562 53.467 53.371 52.277 61.186 76.097 55.005 51.907 56.821 72.754 75.715 60.708 34.708 0.000 0.000 0.000 0.000 0.000 0.000 0.000 0.000 0.000 0.000 0.000 0.000 0.000 16.927 58.773 74.385 77.225 83.861 83.617 76.149 77.792 77.008 76.649 76.220 75.795 75.368 74.945 74.531 74.130 73.743 73.369 73.006 78.653 24.305 0.000 0.000 0.000
17.022 90.011 90.999 76.987 0.000 3.913 63.894 59.877 70.865 61.855 0.000 0.598 3.557 83.520 80.466 65.392 56.297 53.191 53.089 55.986 68.870 76.756 79.648 72.551 62.457 55.363 54.267 70.171 73.073 47.972 51.871 51.778 52.702 56.660 35.684 0.000 0.000 0.000 6.235 0.000 0.000 0.000 0.000 0.000 0.000 0.000 0.000 20.148 51.819 59.676 73.191 84.521 84.136 77.204 77.799 78.365 77.675 77.310 76.888 76.479 76.069 75.660 75.257 74.861 74.474 74.097 74.729 81.368 25.010 0.000 0.000 0.000 0.000
95.031 91.021 91.009 90.994 77.973 60.938 60.911 60.886 51.865 0.820 17.705 24.657 76.593 73.539 76.479 69.409 70.327 70.239 70.149 73.047 67.892 67.759 69.629 73.535 74.446 72.355 68.259 79.157 77.051 64.941 65.828 65.718 67.616 42.540 0.000 0.000 0.000 0.000 7.235 0.000 0.000 0.000 0.000 0.000 0.000 7.017 54.799 55.367 76.383 76.941 85.587 85.108 79.691 79.408 78.796 78.328 77.950 77.538 77.137 76.737 76.340 75.947 75.561 75.181 74.808 75.443 79.082 11.725 0.000 0.000 0.000 0.000 0.000
94.039 90.031 90.023 91.008 87.986 65.956 59.924 60.891 61.855 53.803 2.737 68.680 65.621 66.563 67.502 62.436 66.364 71.291 79.220 64.162 0.000 0.000 14.573 72.516 68.438 68.353 68.255 68.148 68.033 67.911 67.784 67.649 65.505 60.342 33.125 0.000 8.760 52.537 59.235 70.926 40.687 0.000 0.000 0.000 0.992 56.211 67.008 78.935 79.573 86.322 85.987 80.342 80.018 79.283 78.953 78.564 78.166 77.773 77.381 76.993 76.608 76.229 75.857 75.494 76.136 78.783 26.433 0.000 0.000 0.000 0.000 0.000 0.000
80.045 80.044 80.042 91.030 91.007 80.976 56.939 59.900 60.860 60.813 66.760 75.705 59.648 56.591 54.531 61.469 76.403 75.339 60.277 40.220 0.000 0.000 0.000 0.537 57.438 52.362 52.261 52.147 52.022 52.888 55.745 56.590 56.414 55.199 55.907 54.459 53.982 62.616 69.242 66.857 73.448 70.904 65.392 62.881 65.259 76.874 80.389 80.183 86.815 86.599 80.981 80.634 79.885 79.558 79.163 78.776 78.389 78.004 77.623 77.244 76.870 76.503 76.147 76.800 77.459 16.121 0.000 0.000 0.000 0.000 0.000 0.000 0.000
0.000 46.057 58.071 86.062 90.038 71.001 53.955 52.910 60.871 60.830 59.785 53.733 54.675 60.620 77.564 76.504 59.442 52.384 42.331 0.000 61.912 70.852 66.759 67.642 70.506 73.395 72.282 73.157 76.019 74.873 71.719 73.552 68.361 54.133 57.847 56.488 61.095 78.701 85.262 81.811 75.344 69.869 71.412 77.876 82.729 81.158 87.418 87.068 80.968 82.577 81.162 80.501 80.160 79.761 79.376 78.991 78.609 78.232 77.861 77.492 77.125 77.765 75.426 71.101 22.780 0.000 0.000 0.000 0.000 0.000 0.000 0.000 0.000
0.000 0.000 51.123 70.108 81.081 56.035 47.969 54.916 52.883 59.852 60.817 60.765 53.698 70.653 62.600 51.540 54.477 46.425 0.000 71.059 73.972 73.884 75.784 76.671 79.548 83.431 82.312 82.181 82.026 83.865 84.707 82.538 70.346 56.123 57.859 57.551 57.208 59.832 33.292 5.783 95.243 136.838 114.371 80.304 81.822 88.385 87.946 81.416 84.144 81.559 81.115 80.757 80.362 79.975 79.587 79.202 78.824 78.456 78.096 77.738 79.374 74.006 62.693 17.397 0.000 0.000 0.000 0.000 0.000 0.000 0.000 0.000 45.575
3.358 0.000 6.189 27.168 62.145 44.090 0.000 49.904 54.891 54.879 60.864 49.815 0.000 54.693 52.644 54.577 55.502 65.415 79.295 76.146 78.033 83.929 93.823 137.710 134.586 134.469 134.356 134.229 135.037 118.855 50.706 53.546 51.363 59.154 57.916 54.648 52.356 34.127 0.000 0.000 4.027 61.738 78.751 83.347 89.078 88.759 81.016 82.716 82.015 81.710 81.341 80.958 80.574 80.185 79.795 79.406 79.029 78.671 79.329 77.991 69.626 58.191 15.942 0.000 0.000 0.000 0.000 0.000 0.000 0.000 1.866 36.799 57.685
77.359 25.335 14.276 77.229 55.239 0.000 0.000 0.000 48.900 61.909 53.947 0.000 6.866 62.781 53.706 64.625 77.537 77.438 82.323 85.199 78.084 63.975 54.869 50.759 48.616 51.503 52.413 39.344 0.000 55.812 52.717 51.577 55.406 59.213 56.004 47.771 54.439 35.192 0.000 1.309 57.019 74.040 83.767 89.570 89.349 81.600 83.286 82.582 82.288 81.919 81.550 81.172 80.788 80.398 80.001 79.598 79.217 79.869 75.557 64.271 20.949 0.000 0.000 0.000 0.000 0.000 0.000 0.000 0.000 0.000 4.926 54.863 53.777
87.378 95.369 83.353 0.324 12.344 6.451 1.492 0.498 0.000 0.000 58.067 56.047 63.951 60.861 60.772 60.680 77.582 91.476 80.361 60.243 58.128 53.019 54.919 45.841 0.000 57.514 54.450 43.388 0.000 56.865 51.772 52.638 59.473 57.286 55.116 36.991 0.000 1.684 53.695 51.483 68.269 84.183 89.847 82.534 83.101 83.761 83.156 82.862 82.499 82.139 81.769 81.391 81.007 80.618 80.213 80.770 80.370 70.030 54.761 17.587 0.000 0.000 0.000 0.000 0.000 0.000 0.000 3.292 30.248 29.165 44.039 55.950 43.867
77.406 81.412 71.415 0.000 0.000 71.530 64.529 58.503 2.443 10.348 76.208 73.122 60.031 60.938 60.842 61.742 82.636 134.523 127.404 74.283 129.166 50.053 53.947 53.845 55.728 53.590 53.483 53.372 55.214 51.011 50.869 59.729 58.562 55.343 50.182 39.086 0.000 0.435 55.743 62.578 84.581 83.465 90.203 83.580 84.166 83.716 83.425 83.078 82.729 82.367 81.996 81.616 81.231 80.856 82.462 77.898 59.463 46.121 47.870 13.729 0.000 0.000 0.000 0.000 0.000 0.000 0.000 3.337 39.286 44.209 58.116 52.031 41.951
73.436 68.458 12.479 0.000 2.650 54.609 63.580 60.539 78.477 72.394 77.294 85.203 76.112 61.017 60.917 60.811 59.696 53.575 48.448 53.321 50.198 54.082 53.971 53.862 53.751 53.634 53.522 53.402 52.259 57.097 58.963 59.846 43.704 0.000 43.182 0.000 0.000 0.384 59.914 81.834 85.840 91.188 90.729 83.672 84.324 83.966 83.652 83.318 82.968 82.605 82.233 81.846 81.447 80.111 41.881 0.000 0.000 0.000 0.000 0.000 0.000 0.000 0.000 35.734 30.697 29.635 28.550 32.432 41.350 57.269 51.186 42.106 52.030
65.464 56.505 61.565 6.665 59.691 55.677 54.644 72.596 65.532 81.456 90.371 70.285 56.196 54.102 56.999 59.887 60.764 60.631 53.493 52.355 53.225 53.104 53.991 53.884 53.779 58.673 55.568 52.454 53.323 56.153 60.041 48.988 0.000 0.000 0.000 0.000 15.591 135.471 79.192 86.215 84.189 91.593 83.491 86.010 87.493 84.219 83.902 83.570 83.220 82.853 83.484 80.088 67.598 58.260 16.070 0.000 0.000 0.000 0.000 0.000 0.000 0.000 37.815 37.771 37.722 38.659 38.582 39.493 53.411 53.332 37.253 40.177 42.104
40.480 41.532 35.612 59.738 55.773 54.762 65.724 69.667 80.599 87.526 53.450 52.371 53.287 55.194 54.091 50.974 58.841 59.694 60.536 59.382 53.243 52.119 51.007 51.903 57.806 116.713 84.621 64.526 47.424 0.000 62.060 70.078 0.000 0.000 0.000 0.000 59.713 70.608 87.491 85.525 92.301 91.961 84.581 85.110 85.776 84.482 84.171 83.841 83.488 84.103 82.762 35.425 0.000 0.000 0.000 0.000 0.000 0.000 0.000 0.000 0.000 0.000 44.858 40.814 37.760 38.697 36.625 48.547 55.470 39.393 40.318 48.245 46.175
0.000 0.000 0.000 52.903 55.901 57.875 78.823 89.750 103.673 85.600 14.531 71.461 71.385 55.298 55.197 54.076 51.934 54.767 60.575 58.394 59.246 61.121 59.013 56.917 52.830 47.752 52.679 47.602 0.000 0.000 0.000 56.186 48.213 0.000 0.000 2.140 69.940 86.795 86.869 84.884 92.612 84.303 86.805 88.311 85.054 84.763 84.458 84.134 83.789 81.309 36.036 0.000 0.000 0.000 0.000 0.000 0.000 0.000 0.000 0.000 0.000 44.022 13.947 1.881 45.809 35.745 46.675 58.601 46.527 41.454 46.382 50.311 43.242
0.000 0.000 0.000 51.068 57.053 73.015 83.944 131.836 125.741 127.670 133.613 129.557 130.494 55.417 55.321 54.201 54.050 52.864 47.604 57.374 59.225 60.108 58.007 59.920 59.846 60.784 53.742 0.000 0.000 0.000 0.000 57.267 42.240 0.000 0.000 61.299 83.167 87.119 86.106 93.178 92.903 85.362 85.909 86.598 85.336 85.060 84.764 85.446 60.226 0.000 0.000 0.000 0.000 0.000 0.000 0.000 0.000 0.000 56.325 45.278 35.202 39.096 39.014 39.942 39.868 42.798 55.728 52.656 47.584 48.513 46.443 44.374 40.308
17.327 0.000 0.000 52.249 69.229 77.186 83.102 53.908 52.787 51.726 48.692 49.662 49.618 55.555 55.469 71.355 71.204 47.034 0.000 44.273 57.171 59.078 56.988 58.912 58.849 59.797 55.762 0.000 0.602 1.552 55.483 40.375 0.000 0.000 62.686 71.535 88.405 87.314 86.495 93.435 85.037 87.565 90.101 85.878 85.629 85.376 84.093 71.661 30.444 0.000 0.000 0.000 0.000 0.000 42.567 37.546 37.507 37.451 41.372 53.306 56.232 42.149 37.070 38.996 40.923 55.852 54.782 40.711 49.641 50.572 49.503 42.436 38.370
