results1/res_4e8f-0239.wd
ncols         241
nrows         181
xllcorner     12693529.787448
yllcorner     3542525.717860
cellsize      155.156523
NODATA_value  -9999.000000
[rows 66 to 98 of 181, columns 146 to 218 of 241]
38.555 53.492 75.432 76.378 76.327 76.281 76.239 76.201 76.167 79.138 15.120 0.000 2.982 0.000 0.000 0.000 0.000 1.491 48.491 23.491 0.000 30.489 60.488 60.487 60.487 67.486 73.485 73.483 73.480 73.476 73.471 73.466 73.460 73.455 73.449 75.444 60.440 61.438 53.437 0.000 0.000 0.000 0.000 0.000 29.764 36.754 45.735 39.697 17.645 15.614 30.588 51.564 59.540 53.515 48.491 48.467 38.442 35.417 35.393 38.369 59.346 71.323 66.300 55.279 62.258 69.238 73.218 73.200 72.182 72.164 72.148 72.132 72.117
41.616 60.553 78.493 76.438 76.389 76.345 76.304 76.267 81.232 70.203 40.190 37.208 0.000 0.000 0.000 0.000 0.000 19.491 21.491 0.000 0.000 0.000 30.485 61.485 70.484 73.483 73.482 73.480 73.477 77.474 75.470 73.466 73.461 73.457 72.452 64.448 58.444 64.441 54.440 0.000 0.000 0.000 0.000 21.756 35.756 40.752 36.745 0.000 2.597 12.583 32.564 35.543 49.522 58.499 47.476 46.452 44.428 35.403 35.379 34.355 40.331 64.307 71.285 56.263 58.241 60.221 62.201 66.182 70.164 72.147 73.131 72.115 72.100
46.676 67.610 77.547 76.492 76.446 76.404 74.366 73.329 28.292 13.253 44.230 50.226 15.230 0.000 0.000 0.000 0.000 0.000 0.000 0.000 0.000 14.482 43.483 63.483 73.482 73.481 73.480 73.478 73.476 75.473 74.470 73.466 73.463 74.459 64.455 62.450 65.447 60.443 52.442 0.000 0.000 0.000 0.000 39.755 42.754 4.751 3.748 0.000 7.564 40.555 42.541 52.524 55.505 66.484 64.461 52.438 41.414 33.389 35.364 35.340 30.315 44.291 61.268 65.246 70.224 67.204 60.184 65.165 68.146 68.129 66.113 68.097 71.081
51.734 74.665 78.595 79.538 76.497 77.460 72.427 18.393 2.353 43.286 44.251 49.237 57.233 0.000 0.000 0.000 0.000 0.000 0.000 0.000 0.000 26.481 49.481 62.481 74.480 73.479 73.478 73.476 73.474 74.472 73.470 73.467 73.464 70.461 64.457 29.453 2.450 0.000 0.000 0.000 0.000 0.000 0.000 35.755 42.754 0.000 0.000 0.000 57.540 43.533 38.522 66.507 71.489 72.469 76.448 70.425 58.400 38.375 35.350 35.324 33.299 34.275 40.251 41.228 48.206 56.185 63.165 67.146 68.128 69.110 65.094 68.078 69.063
33.795 38.720 48.628 24.570 81.543 78.514 63.487 40.462 10.443 0.000 0.000 0.000 0.000 0.000 0.000 0.000 0.000 0.000 0.000 0.000 0.000 27.480 52.480 55.479 71.479 73.478 73.477 73.475 77.474 76.472 73.470 73.468 74.465 65.463 68.462 0.000 0.000 0.000 0.000 0.000 0.000 0.000 0.000 0.000 29.754 38.754 0.000 0.000 88.523 51.516 33.505 64.492 72.476 72.457 72.436 75.413 74.388 54.361 37.335 35.309 33.283 36.258 37.233 45.210 50.187 39.166 39.146 44.126 49.108 55.091 60.074 64.058 68.043
79.862 58.791 0.000 0.000 85.590 77.566 64.545 46.526 13.513 0.000 0.000 0.000 0.000 0.000 0.000 0.000 0.000 0.000 0.000 0.000 0.000 0.000 13.478 57.478 73.477 73.476 73.476 73.474 75.473 74.472 73.470 73.468 74.467 62.465 72.464 0.000 0.000 0.000 0.000 0.000 0.000 0.000 0.000 0.000 0.000 5.754 13.754 0.000 25.513 41.503 34.492 64.479 72.465 72.447 73.427 73.403 73.376 66.348 42.320 38.292 36.266 33.239 54.214 66.190 72.167 56.146 49.125 45.106 43.088 40.070 40.054 40.038 68.023
55.942 0.000 0.000 82.779 82.662 80.616 71.601 56.586 12.569 0.000 0.000 0.000 0.000 0.000 0.000 0.000 0.000 0.000 0.000 0.000 0.000 0.000 39.477 62.476 74.476 73.475 73.475 74.474 73.473 73.471 73.470 73.469 74.468 67.467 32.466 0.000 0.000 0.000 0.000 0.000 0.000 0.000 0.000 0.000 0.000 0.000 0.000 0.000 0.000 38.491 37.479 55.469 70.456 73.441 67.421 63.396 69.366 60.334 43.304 42.276 51.248 46.220 69.194 73.169 72.146 70.124 70.104 67.084 65.066 62.049 58.033 50.017 70.003
82.989 72.988 78.957 34.897 0.000 1.637 77.657 51.647 12.608 0.000 14.864 0.000 0.000 0.000 0.000 0.000 0.000 0.000 0.000 0.000 0.000 2.475 55.475 67.475 74.475 73.475 73.474 75.473 75.472 73.471 73.470 73.469 72.469 68.468 17.468 0.000 0.000 0.000 0.000 0.000 0.000 0.000 0.000 0.000 0.000 0.000 0.000 0.000 0.454 0.000 26.465 52.460 70.451 71.439 52.422 55.392 57.359 54.318 39.287 36.259 59.230 68.200 72.172 74.147 74.123 75.101 73.081 73.062 74.044 73.027 74.011 73.995 72.981
85.037 77.017 81.987 32.954 0.000 0.000 68.743 16.736 0.000 0.000 46.864 9.864 0.000 0.000 0.000 0.000 0.000 0.000 0.000 0.000 0.000 1.475 58.475 70.475 74.474 73.474 73.473 74.473 74.472 73.471 73.471 74.470 70.469 65.469 15.468 0.000 0.000 0.000 0.000 0.000 0.000 0.000 0.000 0.000 0.000 0.000 0.000 0.000 18.454 20.455 31.457 47.454 69.449 71.441 17.435 0.000 0.000 44.293 38.268 33.242 47.212 66.178 72.149 74.123 74.099 74.077 72.057 72.038 73.020 72.004 71.988 72.973 72.959
77.104 77.059 77.018 74.979 61.945 47.898 40.834 39.819 35.847 38.858 41.863 41.864 13.864 0.000 0.000 0.000 0.000 0.000 19.473 21.473 0.000 11.474 57.474 71.474 73.474 73.473 73.473 73.472 73.472 73.471 73.471 73.470 55.470 50.469 48.469 43.469 7.470 0.000 0.000 0.000 0.000 0.000 0.000 0.000 0.000 0.000 0.000 0.000 22.454 48.454 39.454 43.452 63.448 64.444 37.441 0.000 0.000 0.000 35.248 40.229 39.198 58.152 71.122 72.096 72.073 72.051 72.031 72.013 71.996 71.979 71.964 71.950 71.936
77.145 77.095 77.046 76.000 72.958 74.916 48.877 27.860 65.862 38.865 42.867 18.866 0.000 0.000 0.000 0.000 0.000 0.000 19.473 65.473 14.473 2.473 56.474 70.473 74.473 73.473 75.473 76.472 74.472 73.471 73.471 71.470 64.470 55.470 56.470 55.470 8.470 0.000 0.000 0.000 0.000 0.000 0.000 0.000 0.000 0.000 0.000 0.000 16.453 51.453 43.452 50.450 65.448 60.445 66.444 0.000 0.000 0.000 0.000 0.000 0.000 48.109 71.090 72.068 72.045 72.024 72.004 71.987 71.970 71.954 71.940 71.926 71.912
77.182 77.130 78.071 80.017 76.970 76.929 75.899 76.882 67.876 45.874 17.874 0.000 0.000 0.000 0.000 0.000 0.000 0.000 6.473 58.473 45.473 35.473 51.473 73.473 73.473 73.473 73.472 73.472 73.472 73.471 73.471 73.471 71.470 50.470 54.470 61.470 4.470 0.000 0.000 0.000 0.000 0.000 0.000 0.000 0.000 0.000 0.000 0.000 12.453 63.452 7.451 30.450 53.448 60.446 21.445 0.000 0.000 0.000 0.000 0.000 0.000 2.086 60.063 73.039 72.015 71.995 71.976 71.959 71.944 71.929 71.915 71.901 71.888
80.223 76.173 73.091 75.028 77.977 77.932 79.907 76.892 74.885 61.881 10.880 0.000 0.000 0.000 0.000 0.000 0.000 0.000 0.000 14.473 49.473 41.473 57.473 75.473 73.473 73.472 73.472 73.472 73.472 73.471 73.471 73.471 74.470 63.470 50.470 54.470 60.470 2.470 0.000 0.000 0.000 0.000 0.000 0.000 0.000 0.000 0.000 0.000 0.000 8.452 0.000 0.000 38.447 57.447 0.000 0.000 0.000 0.000 0.000 0.000 0.000 0.000 48.036 69.009 71.984 71.963 71.946 71.930 71.916 71.902 71.889 71.876 71.863
73.270 34.247 0.000 0.000 0.000 69.914 74.905 80.896 76.890 65.887 15.885 0.000 49.891 19.891 0.000 0.000 0.000 0.000 0.000 0.000 41.473 45.473 66.473 74.473 75.472 76.472 73.472 73.472 73.472 73.471 73.471 73.471 73.470 74.470 53.470 35.470 44.470 5.470 0.000 0.000 0.000 0.000 0.000 0.000 0.000 0.000 0.000 0.000 0.000 0.000 0.000 0.000 27.447 60.447 0.000 0.000 0.000 0.000 0.000 0.000 0.000 0.000 0.000 48.978 68.947 71.928 71.914 71.901 71.888 71.876 71.863 71.851 71.838
68.311 25.298 0.000 0.000 44.907 42.907 59.902 78.897 75.893 60.890 41.889 45.890 49.891 15.891 0.000 0.000 0.000 0.000 12.472 0.000 42.473 53.473 73.472 73.472 76.472 76.472 73.472 73.472 73.471 73.471 73.471 73.471 73.471 74.470 70.470 65.470 54.470 34.470 28.470 0.000 0.000 0.000 0.000 0.000 0.000 0.000 0.000 0.000 0.000 0.000 0.000 0.000 29.447 21.447 0.000 0.000 0.000 0.000 0.000 0.000 0.000 0.000 0.000 0.000 53.898 69.890 71.880 71.870 71.860 71.849 71.838 71.826 71.813
74.343 55.336 27.344 0.000 0.000 44.903 44.900 66.897 78.894 56.892 43.891 48.891 26.891 0.000 0.000 0.000 0.000 0.000 41.472 34.472 39.472 56.472 75.472 75.472 76.472 73.472 73.472 73.472 73.471 73.471 73.471 73.471 73.471 73.470 73.470 75.470 64.470 52.470 41.470 42.470 35.470 26.470 31.470 0.000 0.000 0.000 0.000 0.000 0.000 0.000 0.000 0.000 32.447 7.447 0.000 0.000 0.000 0.000 0.000 0.000 0.000 0.000 0.000 0.000 38.856 66.853 70.847 71.840 71.832 71.823 71.812 71.801 71.788
77.367 68.359 21.351 0.000 0.000 0.000 43.898 48.896 75.894 63.893 44.892 47.891 22.891 0.000 0.000 0.000 0.000 0.000 44.472 37.472 40.472 58.472 77.472 76.472 74.472 74.472 73.472 73.472 73.471 73.471 73.471 74.471 74.471 74.470 68.470 59.470 63.470 70.470 63.470 61.470 49.470 36.470 43.470 1.470 0.000 0.000 0.000 0.000 0.000 0.000 0.000 0.000 0.000 0.000 0.000 0.000 0.000 0.000 0.000 0.000 0.000 0.000 0.000 0.000 30.818 61.818 71.815 73.811 73.806 73.798 72.789 71.777 71.763
77.387 52.381 0.000 0.000 0.000 0.000 0.000 50.894 63.894 57.893 56.892 53.892 43.892 21.892 0.000 0.000 0.000 0.000 43.472 36.472 41.472 56.472 68.472 65.472 60.472 62.472 67.472 72.471 74.471 74.471 72.471 62.471 60.471 65.470 54.470 51.470 51.470 62.470 66.470 61.470 47.470 36.470 8.470 0.000 0.000 0.000 0.000 0.000 0.000 0.000 0.000 0.000 0.000 0.000 0.000 0.000 0.000 0.000 0.000 0.000 1.681 0.000 0.000 0.000 18.781 43.784 49.785 51.784 51.781 52.775 61.767 70.755 71.740
76.402 42.398 0.000 0.000 0.000 0.000 0.000 45.894 39.893 38.893 46.892 46.892 46.892 42.892 15.892 0.000 0.000 0.000 48.472 43.472 48.472 58.472 61.472 64.472 22.472 0.000 0.000 13.471 74.471 71.471 60.471 15.471 0.000 0.000 53.470 85.470 78.470 57.470 63.470 57.470 46.470 31.470 34.470 0.000 0.000 0.000 0.000 0.000 0.000 0.000 0.000 0.000 0.000 0.000 0.000 0.000 0.000 0.000 14.681 4.681 22.681 43.686 54.696 53.713 71.741 79.753 80.758 78.760 80.759 67.755 50.749 68.737 71.718
74.414 39.411 0.000 0.000 0.000 0.000 0.000 45.894 41.893 20.893 0.000 0.000 0.892 0.000 0.000 0.000 0.000 0.000 54.472 48.472 43.472 39.472 25.472 0.000 0.000 0.000 0.000 0.000 0.000 0.000 47.471 9.471 0.000 0.000 0.000 48.470 81.470 41.470 42.470 41.470 37.470 40.470 87.470 46.470 0.000 0.000 5.469 0.000 0.000 0.000 0.000 0.000 0.000 0.000 0.000 0.000 13.652 4.652 0.000 0.000 8.676 90.681 86.689 68.702 69.717 66.727 67.734 89.737 82.739 68.738 48.735 57.725 56.702
60.423 41.421 35.424 0.000 0.000 0.000 0.000 0.000 43.893 27.893 0.000 0.000 0.000 0.000 0.000 0.000 0.000 0.000 54.472 54.472 55.472 38.472 13.472 0.000 0.000 0.000 0.000 0.000 0.000 0.000 43.471 20.471 0.000 0.000 0.000 47.470 96.470 60.470 63.470 58.470 43.470 61.470 115.470 112.470 43.470 0.469 27.469 24.469 0.000 0.000 0.000 0.000 0.000 0.000 0.000 0.000 3.652 21.652 11.654 9.658 18.666 93.672 60.679 68.688 59.698 40.706 51.713 94.717 60.721 47.724 54.729 8.727 0.000
44.429 44.427 30.427 0.000 0.000 0.000 0.000 0.000 0.000 0.000 0.000 0.000 0.000 0.000 0.000 0.000 0.000 0.000 57.472 48.472 42.472 40.472 14.472 0.000 0.000 0.000 0.000 0.000 0.000 40.471 33.471 58.471 54.471 0.000 6.470 53.470 59.470 51.470 94.470 83.470 54.470 7.470 71.470 126.470 10.470 0.000 5.469 0.000 0.000 0.000 0.000 0.000 22.651 19.651 14.651 3.651 72.651 110.651 101.652 97.654 44.658 88.662 56.667 45.673 92.680 73.687 93.693 74.699 44.704 52.709 0.000 0.000 0.000
47.433 48.431 40.431 0.000 0.000 0.000 0.000 0.000 0.000 0.000 0.000 0.000 0.000 0.000 0.000 0.000 0.000 0.000 11.472 52.472 42.472 20.472 0.000 0.000 0.000 0.000 0.000 0.000 0.000 42.471 39.471 15.471 0.000 0.000 0.000 27.470 6.470 0.000 7.470 49.470 5.470 0.000 27.470 93.470 48.470 0.470 0.000 0.000 0.000 0.000 0.000 0.000 0.000 4.651 0.000 0.000 28.651 8.650 72.648 76.648 27.649 88.651 65.653 38.657 56.662 106.668 120.674 54.680 42.687 9.698 0.000 0.000 18.496
46.436 47.434 47.433 51.433 43.433 0.000 0.000 0.000 0.000 0.000 0.000 0.000 0.000 0.000 0.000 0.000 0.000 0.000 0.000 42.472 38.472 22.472 0.000 0.000 0.000 0.000 0.000 0.000 43.471 40.471 17.471 0.000 0.000 0.000 0.000 1.470 0.000 0.000 0.000 53.470 2.470 0.000 27.470 0.000 0.000 0.000 0.000 0.000 0.000 0.000 0.000 0.000 0.000 13.651 7.651 9.651 2.651 0.000 48.642 67.641 26.640 90.639 70.639 40.641 89.644 92.649 87.654 95.661 59.667 0.000 0.000 1.462 32.476
48.439 26.436 37.434 46.434 46.434 46.434 45.434 0.000 0.000 0.000 0.000 0.000 0.000 0.000 0.000 0.000 0.000 0.000 0.000 44.472 40.472 24.472 0.000 0.000 0.000 0.000 0.000 0.000 0.000 46.471 18.471 0.000 0.000 0.000 0.000 0.000 0.000 5.470 17.470 40.470 44.470 21.470 0.000 0.000 0.000 0.000 0.000 0.000 0.000 0.000 0.000 0.000 0.000 2.651 0.651 6.651 0.000 0.000 51.637 71.635 31.631 91.625 76.623 90.623 90.625 49.628 42.634 87.641 36.654 0.000 0.437 33.448 41.455
53.442 0.000 0.000 43.434 32.434 0.000 45.434 35.434 0.000 0.000 0.000 0.000 0.000 0.000 0.000 0.000 0.000 0.000 0.000 43.472 40.472 28.472 0.000 0.000 0.000 0.000 0.000 0.000 0.000 0.000 0.000 0.000 0.000 0.000 0.000 0.000 0.000 0.000 56.469 73.469 34.469 0.000 0.000 0.000 0.000 0.000 0.000 0.000 0.000 0.000 0.000 0.000 0.000 0.000 0.000 11.651 0.000 0.000 86.634 72.631 33.624 91.609 88.604 80.603 72.604 58.607 59.611 28.615 0.000 0.000 17.425 36.432 43.437
50.444 0.000 0.000 30.434 22.434 0.000 0.000 0.000 0.000 54.445 50.445 41.445 0.000 0.000 0.000 0.000 0.000 0.000 0.000 47.472 43.472 25.472 0.000 0.000 0.000 0.000 0.000 0.000 0.000 0.000 0.000 0.000 0.000 0.000 0.000 0.000 0.000 0.000 19.469 103.469 69.469 0.469 0.000 0.000 0.000 0.000 0.000 0.000 0.000 0.000 0.000 0.000 0.000 0.000 0.000 0.000 0.000 0.000 18.634 0.000 0.000 65.583 106.581 85.581 84.581 82.584 85.588 33.594 0.000 0.000 21.417 35.419 36.420
66.445 0.000 0.000 0.000 0.000 52.446 39.446 0.000 50.445 44.445 44.445 36.445 0.000 0.000 0.000 0.000 0.000 0.000 0.000 47.472 42.472 30.472 0.000 0.000 0.000 0.000 0.000 0.000 0.000 0.000 0.000 0.000 0.000 0.000 0.000 0.000 0.000 0.000 0.000 47.469 39.469 10.469 0.000 0.000 0.000 0.000 0.000 0.000 0.000 0.000 0.000 0.000 0.000 0.000 0.000 0.000 0.000 0.000 0.000 0.000 0.000 12.558 48.558 49.557 47.557 47.559 44.563 40.579 0.000 0.000 14.407 35.407 33.405
77.446 66.446 48.446 49.446 48.446 42.446 43.446 44.445 42.445 47.445 46.445 37.445 34.445 0.000 0.000 0.000 0.000 0.000 0.000 34.472 0.000 0.000 0.000 0.000 0.000 0.000 0.000 0.000 0.000 0.000 0.000 0.000 0.000 0.000 0.000 0.000 0.000 0.000 0.000 0.469 46.469 9.469 0.000 0.000 0.000 0.000 0.000 0.000 0.000 0.000 0.000 0.000 0.000 0.000 0.000 0.000 0.000 0.000 0.000 0.000 0.000 3.533 36.534 35.533 35.532 51.530 46.528 0.000 0.000 0.000 7.398 48.395 60.391
77.446 71.446 41.446 41.446 41.446 24.446 25.446 29.445 39.445 48.445 45.445 37.445 40.445 29.445 0.000 0.000 0.000 0.000 0.000 0.000 0.000 0.000 0.000 0.000 0.000 0.000 0.000 0.000 0.000 0.000 0.000 0.000 0.000 0.000 0.000 0.000 0.000 0.000 0.000 0.000 3.469 49.469 8.469 0.000 0.000 0.000 0.000 0.000 0.000 0.000 0.000 0.000 0.000 0.000 0.000 0.000 0.000 0.000 0.000 0.000 28.498 31.508 35.511 35.511 37.507 56.501 46.491 29.468 0.000 0.000 43.391 64.386 71.379
77.446 75.446 45.446 42.446 22.446 0.000 0.000 0.000 0.000 39.445 42.445 40.445 33.445 0.000 0.000 0.000 0.000 0.000 0.000 0.000 0.000 0.000 0.000 0.000 0.000 0.000 0.000 0.000 0.000 0.000 0.000 0.000 0.000 0.000 0.000 0.000 0.000 0.000 0.000 0.000 1.469 52.469 14.469 0.000 0.000 0.000 0.000 0.000 0.000 0.000 0.000 0.000 0.000 0.000 0.000 0.000 0.000 0.000 0.000 0.478 39.487 36.491 35.492 31.490 44.486 61.478 45.465 34.446 29.420 29.401 53.388 70.378 71.368
77.446 75.446 28.446 32.446 0.000 0.000 0.000 0.000 0.000 0.000 30.445 43.445 35.445 0.000 0.000 0.000 0.000 0.000 0.000 0.000 0.000 0.000 0.000 0.000 0.000 0.000 0.000 0.000 0.000 0.000 0.000 0.000 0.000 0.000 0.000 0.000 0.000 0.000 0.000 0.000 0.000 1.469 20.469 0.000 0.000 0.000 0.000 0.000 0.000 0.000 0.000 0.000 8.456 16.456 0.000 0.000 0.000 0.000 0.000 33.469 31.474 30.476 35.476 49.473 62.467 52.458 36.446 34.431 36.413 33.396 54.382 72.370 71.358
77.446 51.446 0.000 0.000 0.000 0.000 0.000 0.000 0.000 0.000 0.000 33.445 40.445 38.445 0.000 0.000 0.000 0.000 0.000 0.000 0.000 0.000 0.000 0.000 0.000 0.000 0.000 0.000 0.000 0.000 0.000 0.000 0.000 0.000 0.000 0.000 0.000 0.000 0.000 0.000 0.000 0.000 0.000 0.000 0.000 0.000 0.000 0.000 0.000 0.000 0.000 0.000 0.000 9.456 11.456 0.000 38.457 30.457 28.459 40.462 54.464 59.464 61.462 61.458 47.451 35.442 34.431 34.418 33.403 35.389 58.375 73.362 71.349
