results1/res_4e8f-0075.wd
ncols         241
nrows         181
xllcorner     12693529.787448
yllcorner     3542525.717860
cellsize      155.156523
NODATA_value  -9999.000000
[rows 33 to 65 of 181, columns 146 to 218 of 241]
60.170 59.410 59.166 59.837 26.534 38.245 59.974 53.709 32.358 0.000 0.000 13.756 0.000 0.000 10.777 35.794 22.796 0.000 0.000 0.000 27.366 35.336 0.000 19.954 11.901 12.820 16.684 25.547 43.399 34.293 29.195 24.115 25.048 24.991 23.939 22.891 21.840 29.775 39.721 31.688 31.663 29.642 8.628 22.621 30.624 0.000 0.235 0.190 21.678 19.660 24.641 34.623 27.598 22.535 0.000 0.000 5.758 5.774 12.728 0.000 0.000 0.000 0.000 0.000 0.000 0.000 0.000 0.000 0.000 0.000 0.000 0.000 0.000
60.045 59.815 59.497 60.201 37.915 55.650 58.419 52.257 0.000 0.000 0.000 15.756 0.000 0.000 0.000 19.839 19.830 27.819 0.000 40.475 28.396 15.307 24.175 15.026 12.918 12.809 11.685 13.557 41.430 39.317 39.217 41.130 34.054 35.988 34.928 34.873 34.819 35.764 39.716 37.679 38.650 33.628 10.612 9.604 0.000 0.000 0.000 3.747 11.695 6.665 12.645 25.635 25.642 23.629 0.000 0.000 0.000 10.892 0.000 0.000 0.000 0.000 0.000 0.000 0.000 13.368 12.382 14.397 4.408 7.415 0.000 0.000 0.000
60.443 60.131 59.838 59.549 59.274 60.019 51.797 38.643 0.000 0.000 0.000 0.000 0.000 0.000 0.000 16.893 13.865 26.808 31.700 23.555 32.437 30.320 11.191 12.058 12.935 12.814 24.691 28.567 32.445 25.331 22.226 32.133 6.051 12.978 7.913 7.854 7.798 10.746 36.700 25.662 23.631 25.607 10.589 12.579 0.000 0.000 0.000 56.798 0.000 0.000 0.000 0.000 26.710 25.714 0.000 0.000 0.000 8.013 5.089 7.144 5.185 13.219 19.249 11.281 33.317 40.356 38.385 23.404 3.416 2.425 6.435 0.000 0.000
60.754 60.460 60.168 59.885 60.613 55.357 37.106 27.875 36.874 0.000 0.000 0.000 0.000 0.000 0.000 13.976 12.929 15.848 11.737 22.607 25.477 28.347 17.213 12.079 11.949 11.823 36.698 42.575 24.454 18.335 18.223 19.125 16.038 15.962 15.893 16.831 19.774 16.722 37.677 29.638 27.606 27.580 9.560 23.543 49.522 0.000 0.000 44.853 0.000 0.000 0.000 0.000 26.779 24.808 2.893 7.964 6.023 4.062 4.114 4.160 3.197 10.226 17.249 4.282 22.318 40.357 36.400 16.420 1.433 1.442 6.447 0.000 0.000
61.077 60.780 60.491 60.209 56.938 42.688 31.397 0.000 0.000 0.000 0.000 19.002 0.000 0.000 0.000 13.106 14.027 13.919 12.794 12.658 18.518 11.377 11.236 13.096 11.960 10.830 34.704 31.582 39.460 43.332 42.209 37.104 33.015 34.937 30.867 34.803 34.745 35.693 39.647 37.607 38.574 34.548 9.527 21.512 43.501 0.000 0.000 47.914 0.000 0.000 0.000 0.000 23.824 26.852 5.911 3.979 4.048 4.101 4.149 4.190 3.221 10.241 19.243 0.000 0.000 0.000 41.442 17.449 1.458 1.464 5.467 0.000 0.000
61.393 61.093 60.806 60.523 50.241 32.060 0.000 0.000 0.000 0.000 17.056 20.002 32.901 32.757 20.568 13.316 13.153 14.008 13.863 12.713 11.561 12.408 12.257 12.109 10.966 19.832 38.706 17.588 31.472 8.326 41.174 31.069 29.982 29.906 26.835 31.770 32.711 32.658 39.611 37.570 34.537 34.510 9.490 23.477 42.469 0.000 0.000 40.979 0.000 0.000 0.000 0.000 27.845 26.868 2.924 4.997 4.092 5.150 5.195 5.231 6.259 14.277 0.000 0.000 0.000 0.000 41.480 22.483 9.488 3.491 6.492 0.000 0.000
61.697 61.395 62.116 54.836 42.443 32.251 0.000 0.000 0.000 0.000 14.110 31.050 24.945 13.803 15.630 15.436 13.262 12.098 13.936 12.771 13.605 13.438 13.274 12.116 11.966 31.826 31.700 31.592 31.516 0.000 13.094 11.014 11.940 11.867 12.797 16.732 19.671 17.616 37.568 31.527 25.492 27.466 10.447 22.435 41.430 0.000 0.000 14.049 5.077 0.000 0.000 0.000 21.848 4.856 0.000 0.023 6.178 10.216 17.253 17.284 17.312 19.334 0.000 0.000 0.000 47.533 40.518 42.515 30.516 5.518 6.519 0.000 0.000
61.981 61.674 61.426 47.263 0.000 0.000 0.000 0.000 0.000 0.000 30.223 25.144 15.025 15.880 15.714 15.537 15.361 13.187 12.011 11.832 13.649 12.466 12.287 11.115 12.954 27.807 18.676 27.563 28.484 0.000 0.000 26.955 25.897 25.827 25.756 27.688 27.626 28.569 40.519 36.476 31.441 33.414 9.397 18.388 46.387 0.000 0.000 73.094 42.111 9.132 0.000 0.000 0.000 0.000 0.000 0.000 3.230 12.286 16.319 15.346 18.373 20.417 6.488 11.528 27.548 42.550 40.547 40.546 28.546 5.548 5.550 0.000 0.000
62.225 62.892 54.653 37.527 0.000 0.000 0.000 0.000 0.000 37.591 31.417 15.276 16.132 15.977 15.811 15.636 15.458 15.277 12.091 12.896 12.694 12.491 13.292 12.103 11.930 14.774 19.632 31.502 18.373 30.201 35.064 27.953 36.867 26.787 27.711 30.640 29.575 28.515 38.463 34.418 22.381 21.354 10.338 17.334 46.342 0.000 0.000 64.128 54.143 31.158 0.065 0.000 0.000 0.000 0.000 0.000 0.000 23.383 15.395 9.410 6.419 21.477 8.522 10.552 18.569 39.575 41.577 39.577 25.577 5.579 2.585 6.601 0.606
70.395 68.018 40.767 30.664 0.000 0.000 0.000 16.109 29.986 30.764 24.579 19.413 16.251 16.086 15.915 15.740 14.559 17.374 22.178 17.967 12.740 13.511 12.287 12.075 11.889 11.725 18.578 19.441 17.306 24.165 23.038 17.926 29.830 9.743 17.662 24.587 23.518 17.455 36.399 29.351 9.312 8.283 11.266 13.268 17.305 0.000 0.000 42.151 22.179 59.203 45.238 0.000 0.000 33.473 7.489 5.501 5.499 7.471 18.472 12.482 0.000 33.554 21.573 17.590 15.602 26.608 42.610 34.610 17.609 6.610 2.613 9.618 33.623
0.000 0.000 19.733 37.698 0.000 0.000 18.364 28.233 42.084 25.902 24.721 24.546 17.373 16.200 16.025 15.847 22.667 30.480 31.281 23.056 17.790 12.526 11.269 12.023 15.826 12.661 11.514 10.378 16.246 17.117 15.996 16.885 18.785 11.693 17.608 22.529 24.456 20.389 36.328 30.276 12.232 11.199 11.177 7.169 0.000 0.000 0.000 0.000 17.222 17.242 51.280 66.342 59.403 27.461 13.496 14.517 14.529 17.532 39.544 57.567 66.613 65.616 67.627 66.638 60.645 54.648 46.647 29.645 12.643 3.640 4.639 17.639 36.637
10.978 0.000 0.000 0.000 0.000 0.000 21.495 41.375 33.216 36.039 32.857 22.676 15.496 16.317 16.138 26.959 31.780 27.599 22.409 19.186 21.837 16.535 16.241 11.921 16.730 10.578 11.440 12.310 11.183 11.060 10.943 10.834 9.732 10.637 10.548 14.464 20.387 19.315 37.250 31.192 10.143 11.103 11.075 10.061 0.000 0.000 0.000 2.247 28.248 17.268 19.301 34.348 45.408 55.477 57.518 63.548 66.570 66.589 65.608 61.632 52.659 50.673 52.684 55.691 57.694 58.693 56.689 60.684 52.678 19.672 6.667 25.663 42.657
49.464 5.804 0.000 0.000 0.000 22.982 38.747 31.555 23.368 31.180 34.992 35.805 25.620 14.435 24.251 33.070 22.895 14.727 14.571 16.443 0.000 0.000 0.000 8.689 12.597 14.481 14.360 11.238 11.117 11.998 10.884 10.775 10.672 11.574 10.482 10.395 10.313 13.236 30.165 29.101 11.044 10.997 10.960 11.939 12.939 0.000 0.000 1.250 19.261 20.284 32.313 19.343 0.000 3.524 39.556 63.589 47.619 42.646 45.672 38.697 24.720 13.736 4.747 2.751 3.750 13.745 11.734 6.726 45.716 60.705 38.696 36.690 40.683
0.000 19.145 0.000 0.000 22.511 32.218 38.956 22.729 25.521 23.322 21.127 28.934 33.742 28.551 32.361 21.176 15.003 15.845 15.703 23.573 0.000 0.000 0.000 5.550 14.487 25.391 26.281 21.165 17.048 18.932 14.819 13.711 11.607 10.507 10.412 11.320 10.233 10.151 13.074 22.002 9.936 9.879 10.831 9.797 0.000 0.000 0.000 0.000 0.000 34.297 18.326 3.373 17.456 19.543 65.597 46.636 29.672 11.709 2.739 3.766 4.790 5.807 5.819 5.821 4.810 2.805 1.790 2.772 10.758 47.737 55.724 40.721 39.716
0.000 4.485 26.103 27.406 25.805 40.423 25.130 18.885 20.665 19.459 16.259 15.062 29.865 36.666 39.466 27.272 17.094 13.947 21.825 0.000 0.000 0.000 0.000 8.474 18.410 25.316 26.208 26.093 27.978 35.863 33.751 29.643 27.537 23.436 17.337 12.242 10.150 11.061 9.977 14.897 7.821 8.752 9.687 11.620 32.521 0.000 0.000 0.000 0.000 38.286 0.000 7.369 0.000 37.598 55.656 15.688 3.730 5.781 5.812 5.842 5.871 5.885 2.903 2.904 1.894 2.879 2.851 2.816 18.808 33.763 6.746 66.753 38.761
0.000 3.815 25.811 18.310 36.879 36.538 31.258 22.016 15.796 16.590 17.390 28.191 30.990 22.781 25.566 34.350 35.157 25.023 0.000 0.000 0.000 0.000 13.546 19.461 23.363 22.255 23.141 23.024 20.907 27.792 28.680 28.571 29.465 26.361 25.260 26.160 17.063 11.968 12.876 9.787 10.701 9.620 8.545 10.477 25.422 0.000 0.000 0.000 0.000 40.278 2.274 0.000 0.000 0.000 22.743 4.736 5.779 3.876 3.890 3.920 2.971 2.002 3.008 3.000 1.986 2.965 1.930 0.921 3.897 0.000 0.000 59.787 68.823
0.000 0.533 19.377 29.143 38.863 29.594 29.349 31.124 28.914 19.714 25.519 34.324 23.121 15.904 14.665 20.407 30.160 36.967 0.756 0.000 17.083 16.877 11.631 20.463 25.326 26.201 22.078 21.953 13.833 10.718 10.607 10.498 9.391 7.285 14.180 28.077 26.974 25.872 20.772 11.673 9.577 10.484 9.396 9.320 10.269 0.000 0.000 0.000 0.000 0.000 0.000 0.000 0.000 0.000 1.956 0.000 0.000 2.300 1.288 1.256 2.197 4.171 4.129 4.103 3.089 3.068 1.058 1.047 2.034 0.000 0.000 0.000 62.913
0.000 0.000 22.152 41.024 31.835 28.627 28.419 29.217 28.023 29.834 34.649 23.463 17.268 17.049 16.785 15.451 16.110 21.747 38.283 35.816 14.289 12.917 11.637 12.435 24.279 22.145 33.016 20.879 13.756 11.641 12.531 11.422 16.315 24.208 20.101 13.993 19.885 29.776 26.667 25.557 16.449 9.342 9.237 10.140 8.065 0.000 0.000 0.000 0.000 0.000 0.000 15.441 10.441 9.405 1.176 0.000 0.000 7.607 4.576 4.494 4.378 4.292 4.235 4.197 4.172 4.157 4.164 3.156 4.137 6.155 0.000 0.000 4.990
0.000 11.063 36.055 31.966 20.826 25.660 30.483 25.304 31.126 36.949 28.780 16.613 15.438 17.239 16.977 20.503 21.081 14.630 25.257 20.875 17.343 13.864 10.565 17.362 21.209 23.084 13.964 40.791 28.670 18.560 10.453 16.346 35.239 45.131 38.021 14.910 16.796 19.680 23.562 28.442 26.320 22.197 11.071 7.937 14.785 20.586 0.000 0.000 0.000 0.000 0.000 0.000 5.480 5.426 5.326 10.210 9.049 4.829 3.706 4.595 4.474 4.385 4.323 4.279 4.246 4.224 4.210 4.196 3.181 3.174 4.161 7.129 3.066
0.000 32.071 38.038 22.959 17.844 19.703 21.549 32.390 36.227 47.057 45.910 38.771 27.631 16.495 19.379 0.000 0.000 13.435 19.240 16.085 0.000 11.631 15.399 32.238 31.111 34.018 0.000 5.651 45.573 39.477 25.375 31.271 49.165 49.056 46.944 15.829 21.710 21.587 23.459 11.327 20.193 26.056 24.913 23.752 36.554 45.388 0.000 0.000 0.000 0.000 0.000 0.000 28.572 9.495 9.384 9.256 9.110 9.953 3.826 2.708 6.538 3.453 3.396 3.350 3.313 4.283 3.258 2.237 2.217 2.201 2.182 2.160 1.128
0.000 43.113 29.068 17.990 17.886 17.761 30.621 28.480 45.336 60.142 57.034 53.928 48.823 39.729 30.666 0.000 0.000 0.000 7.185 18.139 0.000 0.000 8.161 26.082 24.978 39.860 11.692 12.590 45.496 50.399 46.300 45.198 48.093 47.984 48.871 27.753 19.629 21.498 21.360 11.217 20.069 13.921 32.773 3.605 42.291 64.023 34.628 4.387 0.000 0.000 0.000 4.914 64.742 17.600 19.461 19.321 15.182 16.048 7.937 2.855 0.000 3.493 3.458 6.414 9.373 19.337 9.305 4.277 5.252 5.230 5.208 5.186 5.167
29.276 33.199 27.130 25.049 19.950 31.833 25.695 38.575 16.493 0.000 37.156 56.084 55.003 55.933 38.890 0.000 0.000 0.000 1.167 24.148 0.000 0.000 5.004 19.949 14.861 41.752 52.628 52.520 48.421 48.324 48.227 49.128 48.025 47.917 47.804 41.683 16.554 18.416 16.267 11.110 21.947 22.785 25.652 0.000 26.983 62.785 32.476 50.146 10.826 0.000 7.316 63.088 50.881 22.701 16.538 18.388 12.248 6.122 4.020 1.950 0.000 9.571 17.528 25.478 32.430 41.387 30.349 10.316 4.286 5.259 5.234 5.210 5.189
40.353 29.278 29.204 25.124 32.034 28.925 31.750 55.631 42.570 25.502 46.350 55.251 54.172 53.109 33.072 0.000 0.000 0.000 0.000 0.000 0.000 0.000 10.901 19.852 30.763 46.660 48.546 48.441 48.344 48.251 48.157 48.062 47.962 47.857 47.744 47.622 33.489 23.344 16.184 9.010 12.823 12.622 17.398 36.084 21.874 56.657 42.343 48.898 55.505 41.003 45.546 54.240 29.994 30.786 16.605 15.444 7.301 4.173 5.060 6.957 20.839 26.693 44.606 43.539 42.483 41.433 41.390 31.352 9.317 4.287 5.259 5.234 5.211
31.431 19.358 21.284 33.210 30.139 30.081 0.062 0.000 34.651 60.587 55.489 54.400 56.324 38.260 24.216 8.241 0.000 0.000 0.000 0.000 0.000 0.000 16.847 33.793 45.682 48.577 48.458 48.355 48.264 48.177 48.090 48.000 47.905 47.803 47.693 47.572 48.437 42.286 34.116 25.925 23.713 26.482 17.236 33.979 12.772 54.627 0.000 7.596 42.295 13.959 4.623 60.332 24.072 27.844 25.650 6.484 4.339 5.209 5.091 12.980 33.868 44.756 41.666 41.592 41.529 38.474 37.426 35.384 34.346 8.312 4.282 4.255 4.230
21.511 18.438 31.365 31.294 26.229 46.181 0.120 8.913 48.798 55.708 54.619 54.537 54.464 30.393 30.292 41.266 0.000 0.000 0.000 0.000 0.000 0.000 0.000 0.000 42.595 54.508 49.352 48.258 48.180 48.104 48.026 47.943 47.855 47.759 47.654 47.536 47.402 48.247 49.068 45.861 45.621 48.358 28.084 33.827 7.608 48.452 0.000 0.000 38.120 7.916 17.658 51.392 32.118 23.868 27.670 4.505 5.362 4.233 6.115 16.005 36.898 37.798 42.710 41.634 36.568 33.510 37.458 42.413 41.372 30.336 11.303 10.274 9.248
17.594 31.518 32.443 20.371 31.302 52.235 45.159 51.027 56.919 54.827 54.742 54.666 51.601 35.556 0.000 0.000 0.000 0.000 0.000 0.000 0.000 0.000 0.000 0.000 0.000 0.000 40.186 49.146 48.093 48.033 47.966 47.893 47.813 47.725 47.627 49.516 48.387 48.234 47.050 48.829 47.553 47.245 36.915 34.635 11.384 23.120 52.724 31.415 39.150 7.926 35.702 29.461 32.140 19.841 13.655 5.505 5.371 5.248 13.133 18.025 18.924 23.829 31.743 29.667 30.599 41.539 41.485 41.437 41.395 42.356 36.321 32.290 30.262
32.674 32.596 21.520 17.446 32.373 51.299 57.216 56.118 55.024 54.938 54.858 55.784 46.719 39.673 0.000 0.000 0.000 0.000 0.000 0.000 0.000 0.000 0.000 0.000 0.000 16.017 43.059 49.049 48.015 47.968 47.913 47.850 47.779 47.701 49.613 49.514 49.397 41.253 46.069 48.851 51.519 49.154 42.697 38.416 26.172 9.921 57.636 40.373 42.138 6.936 52.762 16.611 0.000 13.702 4.607 5.490 4.370 13.254 19.144 18.040 17.942 16.851 9.768 5.692 35.624 41.563 41.507 41.458 41.413 41.373 42.337 42.304 42.275
29.751 20.672 18.596 16.521 33.446 53.370 55.290 55.205 55.122 55.043 54.968 56.894 35.818 33.745 0.000 0.000 0.000 0.000 0.000 0.000 0.000 0.000 0.000 0.000 0.000 29.975 48.983 47.975 47.950 47.913 47.868 47.814 49.754 48.687 48.612 48.529 42.433 20.312 36.122 45.986 0.000 0.000 20.304 27.159 35.969 22.756 43.527 61.302 46.095 12.919 54.800 0.000 0.000 2.657 5.581 5.477 7.366 17.256 15.150 16.050 17.955 20.867 14.785 15.711 31.642 41.581 41.525 41.474 41.428 41.387 41.349 41.315 41.285
20.825 18.747 23.670 28.595 43.520 55.445 55.369 55.291 55.216 55.144 55.076 56.008 42.913 0.000 0.000 0.000 0.000 0.000 0.000 14.772 0.000 0.000 0.000 0.000 0.000 4.926 39.926 46.917 47.897 47.868 47.830 47.786 49.735 47.680 47.620 47.557 31.494 27.441 0.000 0.000 0.000 0.000 5.057 11.947 33.789 19.608 24.413 67.215 50.022 28.847 38.718 0.000 32.796 9.690 5.583 5.472 7.362 16.254 27.152 27.054 28.962 34.876 29.796 40.723 41.655 41.594 41.537 41.486 41.440 41.397 41.359 41.324 41.292
21.897 18.819 25.744 44.669 55.595 55.521 55.448 55.376 55.306 55.242 55.186 61.147 0.000 0.000 0.000 0.000 0.000 0.000 14.772 26.773 13.773 28.775 24.777 0.000 0.000 26.877 33.877 44.869 47.854 47.830 47.800 48.763 47.723 47.678 47.632 43.586 32.545 37.518 0.000 0.000 0.000 0.000 21.920 13.783 31.633 7.474 9.304 57.122 55.930 47.730 33.507 33.182 21.902 16.726 5.588 5.467 5.354 15.249 37.148 44.054 42.964 42.880 34.802 41.730 41.663 41.602 41.546 41.494 41.447 41.404 41.365 41.330 41.297
19.968 17.891 32.816 52.743 56.670 55.598 55.527 55.458 55.392 55.331 55.279 62.249 0.000 0.000 0.000 0.000 0.000 0.000 3.772 23.772 23.773 22.775 25.779 9.787 17.802 25.829 25.835 42.831 48.819 47.800 47.775 47.746 47.713 47.678 48.643 40.610 36.583 30.568 0.000 0.000 0.000 0.000 0.000 13.634 32.485 9.352 5.206 44.039 60.848 57.635 38.399 17.137 15.904 16.724 7.579 4.454 5.341 8.238 19.140 39.048 41.961 41.879 33.803 41.732 41.666 41.605 41.550 41.498 41.451 41.408 41.369 41.333 41.300
19.037 20.962 40.888 56.815 55.744 55.674 55.605 55.537 55.472 55.410 57.352 55.320 0.000 0.000 0.000 0.000 0.000 0.000 0.000 28.772 34.772 39.773 30.776 29.781 23.790 19.801 30.805 44.801 47.791 47.776 50.756 48.733 47.707 47.679 47.653 42.628 34.610 29.602 4.611 0.000 0.000 0.000 0.000 0.000 24.321 10.245 6.130 38.979 69.787 50.565 29.317 20.064 21.855 19.687 14.549 3.428 5.320 4.221 8.127 27.038 41.953 41.873 33.798 41.729 41.664 41.605 41.550 41.499 41.452 41.409 41.370 41.334 41.301
19.105 29.031 48.958 56.887 55.818 55.749 55.681 55.614 55.550 56.486 54.399 42.359 26.359 0.000 0.000 0.000 0.000 0.000 0.000 29.771 38.771 38.770 42.770 44.773 27.777 26.781 41.781 47.777 47.769 47.757 48.741 47.722 47.701 47.680 47.659 45.641 33.627 34.620 28.620 0.000 0.000 0.000 0.000 0.000 10.235 10.176 4.089 48.963 36.757 42.521 12.242 31.947 25.764 18.622 18.501 9.392 4.292 5.198 4.109 16.024 38.942 40.862 34.789 41.721 42.658 41.600 41.546 41.496 41.450 41.407 41.368 41.332 41.299
