results1/res_4e8f-0152.wd
ncols         241
nrows         181
xllcorner     12693529.787448
yllcorner     3542525.717860
cellsize      155.156523
NODATA_value  -9999.000000
[rows 132 to 164 of 181, columns 0 to 72 of 241]
95.707 100.707 104.706 104.706 106.705 106.703 100.702 91.700 77.698 66.695 65.692 66.689 65.686 64.682 69.677 83.672 94.666 99.659 99.651 96.642 88.631 79.617 70.601 64.581 69.555 71.525 70.489 71.449 69.415 64.384 78.353 101.323 68.298 0.000 0.000 0.000 8.054 60.048 72.042 69.022 71.006 76.997 94.997 81.002 65.010 64.021 64.035 76.051 97.069 38.088 11.111 6.145 0.000 0.000 0.000 0.000 0.000 0.000 0.000 0.000 0.000 0.000 2.472 0.473 27.473 7.402 11.332 52.237 75.098 79.000 78.894 88.982 116.448
73.711 75.711 78.710 84.710 94.709 100.707 105.706 105.704 98.702 84.699 73.696 67.693 71.689 78.685 91.680 106.675 105.669 102.662 102.654 105.644 105.633 101.620 89.605 77.586 69.563 64.538 65.509 64.479 65.451 73.426 95.403 103.384 15.371 0.000 0.000 0.000 18.061 46.068 64.094 73.090 74.078 71.065 72.068 82.073 77.079 70.085 74.094 82.104 95.116 36.131 22.149 28.179 8.210 0.000 0.000 0.000 0.000 0.000 0.000 0.000 0.000 0.000 0.000 0.000 9.555 0.000 59.358 81.282 77.164 86.139 77.204 116.569 105.329
65.716 65.715 65.715 67.714 72.713 76.712 83.710 92.708 100.706 103.704 97.701 95.697 97.694 100.689 99.685 92.679 83.673 81.666 81.658 86.649 92.638 99.626 102.611 101.594 90.575 80.553 75.530 73.507 82.485 98.465 99.449 85.437 18.432 0.000 0.000 0.000 0.000 0.000 47.176 74.167 53.150 41.117 56.137 71.143 86.146 90.148 92.151 93.155 89.161 16.169 3.177 31.212 28.241 16.272 22.290 16.298 0.000 0.000 0.000 0.000 0.000 0.000 43.780 13.729 79.637 101.574 134.431 90.407 85.461 66.420 102.487 107.009 106.918
66.720 66.720 66.720 66.719 65.718 64.717 66.715 71.713 77.711 87.708 97.706 99.702 92.699 82.694 76.690 68.684 64.678 64.671 64.664 66.655 71.645 77.633 84.620 96.605 101.589 103.571 102.552 98.534 101.517 94.502 76.490 68.484 47.488 5.510 0.000 0.000 0.000 0.000 40.267 73.251 16.240 0.000 49.219 74.217 93.214 101.211 87.207 90.203 76.203 34.208 0.229 58.250 27.269 19.287 30.298 30.306 1.321 0.000 0.000 0.000 0.000 30.884 49.831 122.772 151.695 134.578 118.134 117.082 108.754 107.396 107.275 107.147 72.369
66.725 66.725 66.725 66.724 66.723 66.722 66.720 65.718 65.716 68.714 74.711 73.708 69.704 65.700 65.695 65.690 66.684 66.678 66.670 66.662 65.653 64.642 66.630 72.617 79.604 88.589 96.574 92.559 81.546 69.535 65.526 70.523 78.524 54.532 32.539 32.529 18.503 19.456 55.374 76.331 26.318 8.332 68.303 100.291 102.283 81.274 84.262 83.247 71.243 60.250 11.259 39.270 13.300 1.324 14.311 1.317 3.335 1.337 0.000 0.000 0.000 11.940 74.886 80.806 76.795 77.955 75.931 107.721 107.619 107.511 74.712 77.491 79.365
66.731 66.730 66.730 66.729 66.728 66.727 66.726 66.724 66.722 66.719 65.716 65.713 65.710 66.706 66.701 66.696 66.691 66.685 66.678 66.670 66.662 66.652 66.642 65.631 64.619 65.607 69.595 67.584 66.573 70.565 73.558 72.555 70.555 72.556 72.555 69.545 69.524 73.491 48.442 34.380 23.369 41.376 86.369 100.361 80.352 73.340 72.321 52.279 48.271 11.290 0.000 0.000 1.432 3.444 0.000 0.000 7.354 22.339 37.300 7.240 21.163 84.019 91.008 89.082 87.069 88.151 107.911 107.818 88.953 95.746 88.602 94.376 86.220
66.736 66.736 66.735 66.735 66.734 66.733 66.731 66.730 66.728 66.725 66.722 66.719 66.716 66.712 66.708 66.703 66.698 66.693 66.686 65.680 72.672 74.664 66.655 65.645 64.635 65.625 67.616 70.607 73.599 72.592 67.587 68.584 75.583 78.582 74.579 68.572 65.559 74.541 5.523 0.000 8.401 81.433 90.438 77.433 69.424 89.413 35.403 0.000 0.000 1.486 2.524 2.527 2.506 3.497 0.000 0.000 32.388 74.364 103.323 64.264 97.152 105.313 102.278 101.370 108.172 108.089 108.002 101.035 102.914 102.614 101.477 100.411 18.330
66.742 66.741 66.741 66.740 66.740 66.739 66.737 66.736 66.734 66.732 69.729 69.726 67.722 71.719 69.714 66.710 66.706 66.701 65.696 63.690 74.683 82.676 68.668 65.660 67.652 70.644 72.636 71.629 68.623 70.618 75.614 77.612 78.611 78.610 73.609 67.605 76.598 95.591 14.585 0.000 0.000 55.517 78.516 75.509 79.498 99.484 33.476 0.000 2.550 2.536 2.548 2.551 2.532 4.540 0.000 30.495 82.449 98.403 101.339 106.342 103.512 100.505 108.400 108.327 108.252 100.341 101.128 102.003 101.686 101.660 94.593 71.503 0.000
66.748 66.747 66.747 66.746 66.746 66.745 66.744 66.742 66.740 67.738 74.736 74.733 51.729 19.725 40.721 70.718 64.715 67.710 73.705 76.700 76.694 72.688 68.681 69.675 72.668 71.661 70.655 72.650 76.645 76.642 78.640 77.639 68.639 63.640 65.640 78.640 97.639 107.640 29.641 0.000 0.000 30.604 86.598 88.590 95.574 94.550 30.540 0.000 2.564 0.586 1.596 2.597 0.000 8.590 34.587 78.549 100.477 103.501 102.596 102.603 101.699 108.536 108.469 100.541 101.344 102.208 101.997 101.854 101.813 93.748 85.708 0.000 0.000
66.754 66.754 66.753 66.753 66.752 66.751 66.750 66.749 66.748 68.746 77.743 88.740 64.736 1.733 7.727 55.726 81.724 73.720 71.716 71.711 69.706 68.701 70.695 72.689 70.684 66.679 68.674 80.670 82.667 72.665 66.665 63.666 63.667 68.669 82.672 98.675 95.680 79.687 51.700 19.729 13.730 57.695 86.684 68.677 59.659 51.601 16.595 0.732 0.653 21.646 12.642 2.643 0.000 27.646 78.628 100.554 102.759 101.759 101.873 108.726 108.665 108.602 100.600 102.487 102.201 102.077 102.025 101.954 95.880 82.819 72.783 0.000 0.000
66.760 66.760 66.759 66.759 66.759 66.758 66.757 66.756 66.755 68.753 78.751 65.748 21.743 3.744 0.000 23.737 77.734 69.731 71.727 70.723 68.718 71.713 72.709 69.704 66.699 62.695 72.692 86.689 73.688 63.688 64.689 69.691 79.694 90.698 101.703 94.709 72.717 67.727 86.741 93.758 94.766 98.763 73.767 34.775 6.784 0.000 0.913 0.926 0.000 34.658 21.669 1.723 32.746 78.695 100.726 102.925 101.950 108.892 108.839 108.784 100.864 101.665 102.556 102.256 102.243 102.185 102.112 103.023 90.945 61.862 50.822 8.822 2.822
65.767 65.766 66.766 66.765 66.765 66.765 66.764 66.764 66.763 69.762 79.760 50.759 0.000 9.755 47.756 49.749 66.745 68.742 56.738 38.734 76.730 71.727 67.722 66.718 64.715 66.711 82.709 85.707 67.707 70.708 82.711 91.715 100.720 98.726 86.733 72.742 65.752 81.765 85.780 73.797 54.812 52.826 40.845 20.872 9.918 4.013 2.058 22.084 17.099 0.000 0.000 26.811 78.856 101.972 103.002 101.121 108.992 108.943 101.024 101.837 102.717 102.525 102.405 102.382 102.331 102.281 105.213 69.084 49.014 0.000 0.000 0.000 0.000
74.774 72.773 69.772 67.772 64.772 64.772 64.772 64.771 63.771 68.770 80.769 63.769 44.770 52.766 70.763 66.759 63.756 69.753 64.750 51.746 71.743 65.740 64.736 64.733 66.730 80.727 88.725 54.724 46.725 96.728 101.733 96.738 85.745 75.753 67.762 63.772 74.785 86.800 54.817 29.837 12.858 3.883 20.913 19.952 10.002 11.063 14.106 42.128 26.113 0.000 0.000 59.095 101.134 100.264 109.131 109.086 109.040 101.059 102.955 102.681 102.575 102.545 104.503 99.454 101.425 102.398 113.377 0.000 0.000 0.000 0.000 0.000 0.000
75.781 77.780 83.778 84.778 84.779 81.779 82.779 81.779 80.779 80.778 82.778 65.777 69.777 68.774 65.772 68.769 68.766 67.764 72.761 74.758 68.756 62.753 64.750 66.747 80.744 85.741 74.739 68.739 77.741 100.746 83.753 74.761 66.769 64.778 66.789 65.801 79.816 88.832 52.852 28.875 16.902 18.935 21.974 14.021 15.074 21.130 23.177 16.206 0.000 0.000 37.340 79.355 109.251 109.213 109.173 101.291 102.098 102.998 102.708 102.705 103.664 103.620 76.576 54.515 89.515 103.509 108.519 48.575 0.000 0.000 0.000 0.000 0.000
68.790 62.788 15.783 17.782 26.786 73.787 70.787 70.787 70.787 74.787 83.786 64.785 65.784 64.783 67.781 71.779 72.777 70.775 69.773 72.770 73.768 70.766 64.764 81.761 87.758 78.755 84.752 101.751 98.754 80.761 68.772 64.783 66.792 66.803 65.815 70.828 86.844 88.862 80.884 83.909 54.940 16.979 9.027 8.084 20.144 27.206 17.264 14.317 6.342 32.492 80.516 109.321 109.287 101.431 102.242 103.130 102.944 102.830 102.816 103.770 101.730 95.691 20.670 0.000 71.609 106.606 103.613 102.632 0.000 0.000 0.000 0.000 0.000
66.800 58.800 0.000 0.000 8.795 69.796 65.796 65.796 65.795 69.795 83.795 61.794 65.793 69.792 71.790 72.789 69.787 66.786 64.784 66.782 76.781 89.779 84.778 85.776 62.773 56.769 108.763 94.761 61.763 21.772 41.793 69.805 66.815 66.826 68.838 61.853 45.869 35.888 47.911 87.938 63.971 17.015 12.072 7.142 16.212 21.285 15.360 20.426 20.508 58.628 109.372 100.619 104.359 103.265 103.079 102.970 102.947 102.913 103.872 103.836 68.798 44.744 30.743 33.750 84.707 105.693 101.694 92.709 10.743 0.000 0.000 0.000 0.000
66.810 66.811 49.816 0.000 9.804 70.805 66.804 66.804 65.804 66.804 81.803 68.803 71.802 73.801 72.800 67.799 64.798 65.797 65.796 64.795 74.794 97.793 93.792 80.791 73.789 64.784 40.771 29.765 16.764 0.000 22.823 71.829 66.837 68.848 51.860 25.875 10.892 7.912 49.934 66.960 35.991 8.037 11.104 16.201 23.278 19.362 13.465 6.561 9.862 57.860 109.437 103.508 103.270 103.092 103.078 103.043 103.004 102.967 100.933 91.903 24.881 0.000 41.809 100.799 105.778 103.764 97.761 87.766 5.777 0.000 0.000 0.000 0.000
63.819 65.820 62.821 0.000 5.814 70.813 65.813 63.813 65.813 69.812 73.812 72.812 72.811 70.810 64.810 65.809 65.808 66.808 66.807 71.807 89.806 88.806 81.807 90.807 88.808 59.809 0.000 0.000 0.000 0.000 20.846 71.850 66.857 69.867 40.880 2.895 36.912 62.932 82.954 51.977 3.996 0.132 0.205 5.281 15.335 15.423 15.543 9.810 6.553 109.621 109.531 102.413 103.261 103.162 103.129 103.092 103.056 105.022 89.990 72.962 32.941 8.931 56.884 86.859 95.839 104.826 93.820 82.819 4.821 0.000 0.000 0.000 0.000
70.827 68.827 57.828 0.000 56.823 64.823 66.822 70.822 71.821 72.821 70.821 71.821 69.820 65.820 65.819 66.819 66.819 65.819 67.818 90.819 89.819 71.820 84.821 82.823 86.827 84.834 47.852 3.862 12.868 42.870 47.866 67.868 66.875 66.885 61.897 53.912 70.930 69.950 63.973 85.998 34.020 0.150 0.224 9.307 14.361 12.445 13.550 37.709 62.109 109.704 104.739 104.488 104.229 103.217 103.178 103.142 104.107 102.074 57.043 34.015 45.990 46.968 100.938 102.914 82.895 92.881 87.873 60.869 25.868 0.000 0.000 0.000 0.000
71.834 72.834 69.835 57.837 71.833 71.832 71.831 72.831 72.830 73.830 85.830 67.830 65.830 65.829 66.829 66.829 66.829 67.829 81.830 92.830 67.831 71.832 98.834 90.837 78.842 81.849 84.859 68.867 73.873 88.876 81.878 69.883 62.889 62.899 73.911 89.927 76.945 48.966 20.991 76.022 65.065 14.138 17.207 22.283 18.356 9.448 11.517 52.800 105.046 109.783 101.719 104.371 105.300 103.263 103.227 103.191 96.157 86.124 43.092 14.064 23.037 24.012 84.986 126.964 107.945 83.931 75.921 54.915 63.913 16.913 0.000 3.088 7.088
76.841 76.841 72.841 72.842 72.841 73.840 73.839 69.839 66.839 65.839 28.839 18.839 69.839 66.839 66.839 66.839 65.839 68.840 92.841 78.841 63.843 69.845 86.847 103.850 98.855 95.860 93.867 89.874 85.880 84.884 92.888 89.894 83.901 79.911 82.923 86.938 48.956 12.978 12.003 28.033 24.080 9.142 18.199 28.262 24.337 15.439 8.596 51.845 109.928 109.857 104.611 106.456 103.344 103.313 104.275 100.239 84.205 77.171 83.140 89.110 73.083 95.057 110.032 127.010 135.991 119.976 81.966 86.959 61.956 0.000 0.000 0.000 0.000
15.849 16.848 76.848 71.848 71.848 66.848 63.848 65.848 60.848 13.848 13.848 2.848 70.848 66.848 66.849 66.849 66.850 84.850 91.851 64.852 66.854 66.856 69.859 75.862 77.866 77.871 73.877 76.882 92.887 85.892 76.897 79.904 86.911 90.920 93.932 90.947 65.965 30.986 14.009 13.029 0.000 2.150 13.184 22.231 6.284 0.000 21.797 82.041 109.996 101.953 105.680 105.417 103.401 103.359 104.322 99.286 86.251 52.217 59.186 102.155 113.127 145.100 136.075 108.052 96.033 113.017 92.006 85.999 60.996 0.030 0.000 0.000 0.000
2.856 11.855 25.853 80.855 65.856 63.856 65.856 65.856 66.856 13.856 4.857 59.857 67.857 66.858 66.858 66.859 68.860 92.861 77.862 63.863 66.865 66.867 66.870 65.873 65.877 65.881 64.886 71.891 100.895 79.900 10.906 18.912 30.919 81.928 91.938 75.952 80.970 67.992 20.018 17.045 2.083 7.124 20.157 12.193 0.000 0.000 39.958 110.127 110.062 104.836 106.576 102.484 103.446 103.406 103.368 103.331 90.296 53.262 68.229 105.198 101.169 135.141 130.115 99.092 104.071 90.055 71.042 89.034 67.033 1.050 0.000 0.000 0.000
64.864 60.864 0.000 72.864 82.864 83.864 64.864 76.864 83.865 59.865 57.865 67.866 66.866 66.867 66.868 66.869 85.869 89.871 64.872 66.873 65.875 64.878 66.880 66.883 66.887 66.891 65.895 73.899 102.903 83.908 29.913 2.919 53.925 78.933 91.942 70.954 60.970 19.995 13.024 16.051 14.080 22.107 26.126 0.166 0.000 18.878 81.129 110.190 102.092 105.814 105.556 103.534 103.491 103.451 103.413 104.375 95.340 84.305 107.272 132.240 120.210 137.181 134.154 128.129 135.106 101.087 78.073 88.064 96.061 25.068 0.000 0.000 0.000
66.873 65.873 60.876 66.873 65.873 13.872 87.873 79.873 66.873 67.874 67.874 66.875 66.875 66.876 66.877 69.878 92.879 75.880 65.882 66.883 72.885 80.888 66.890 64.893 66.896 65.900 68.904 92.907 100.911 75.915 63.920 51.925 73.930 72.936 33.943 18.951 15.960 0.000 5.034 5.054 6.077 7.099 9.112 0.000 21.939 79.092 101.263 110.251 103.054 103.697 103.619 103.576 103.535 103.495 103.456 104.418 95.382 78.347 74.313 107.280 97.249 111.218 114.190 102.162 104.138 76.116 53.098 67.087 134.081 87.081 22.085 12.087 34.088
66.880 66.881 66.881 66.881 66.880 60.880 76.881 92.881 68.882 65.882 66.883 66.884 66.885 66.886 65.887 88.888 90.889 64.890 66.891 67.893 64.895 26.898 85.900 80.903 67.906 65.909 83.912 102.916 86.919 66.923 66.926 67.930 70.934 74.938 11.943 12.947 0.000 2.020 17.023 0.000 0.054 0.000 0.000 0.000 45.054 102.227 110.366 110.309 102.938 103.773 103.656 103.619 103.577 103.537 103.498 102.460 87.423 89.388 109.353 128.319 127.286 132.255 137.224 124.194 122.166 109.140 58.119 56.104 132.095 96.091 34.088 27.088 92.089
66.887 66.887 66.888 66.888 66.888 66.888 66.889 77.889 92.890 68.891 65.891 66.892 66.894 64.895 72.896 93.897 73.898 65.900 67.901 65.902 7.905 4.908 73.910 74.913 80.915 79.918 87.921 86.924 67.927 65.930 67.933 70.936 75.939 75.941 0.000 0.000 0.000 4.016 28.016 15.014 16.013 15.013 0.000 6.179 53.311 107.444 110.421 102.277 103.991 103.726 103.705 103.660 103.618 103.578 103.539 103.501 89.464 85.427 106.392 107.357 107.323 110.290 110.257 109.225 114.192 87.159 63.132 78.115 93.104 32.099 0.000 0.000 36.090
66.894 68.894 68.894 66.895 66.895 66.896 66.896 66.897 77.898 92.899 68.900 63.901 63.902 80.904 92.905 86.907 63.908 66.909 62.910 8.909 5.915 59.918 66.920 66.922 72.925 89.927 89.929 82.932 75.934 67.937 54.939 24.942 89.944 69.945 0.000 0.000 0.000 3.012 17.012 10.013 24.013 13.013 0.000 6.341 26.430 110.528 110.475 103.146 103.880 103.785 103.743 103.700 103.658 103.618 103.579 104.540 99.503 89.466 84.430 83.394 83.359 83.325 83.290 87.256 61.218 5.171 31.137 87.119 83.108 44.102 6.099 0.000 35.091
67.902 4.901 5.900 66.902 65.903 64.903 64.904 63.905 63.906 76.907 91.908 84.910 91.911 93.913 80.915 64.916 71.918 71.920 59.921 0.000 7.927 70.928 66.930 68.932 92.934 99.936 77.938 68.940 75.942 82.944 70.946 6.948 49.949 67.951 0.000 0.000 0.000 4.007 10.009 7.011 21.012 0.000 0.000 6.438 11.767 110.580 108.397 104.110 103.851 103.827 103.781 103.738 103.697 103.657 103.618 103.579 104.542 103.504 101.468 100.431 100.395 101.359 103.324 77.289 19.254 0.000 16.126 72.115 103.107 94.101 67.097 43.094 60.092
66.909 65.909 0.909 65.910 76.910 80.911 84.912 89.913 92.914 93.915 93.917 93.918 79.920 66.922 82.924 99.926 100.928 100.930 93.933 71.939 6.938 67.939 65.940 74.941 102.943 89.944 66.946 65.948 67.949 70.951 61.952 6.954 26.956 26.957 0.000 0.000 0.000 10.001 5.005 0.000 4.012 0.000 14.434 15.694 6.349 110.630 112.347 107.985 103.906 103.861 103.818 103.775 103.734 103.695 103.656 103.617 103.580 103.542 103.505 103.467 104.429 107.393 79.358 12.324 0.000 5.057 0.000 17.109 73.103 104.098 95.094 71.092 48.092
66.916 68.917 64.919 66.918 81.918 80.918 76.919 72.920 71.922 67.923 88.925 78.927 89.929 80.931 96.933 92.935 85.938 86.940 97.943 103.946 92.948 93.949 85.950 93.951 101.952 74.953 65.954 66.956 66.957 65.958 65.959 67.961 62.962 11.966 71.973 62.978 1.984 3.990 0.000 0.000 0.000 5.374 83.434 80.642 110.723 110.677 106.224 107.053 103.935 103.897 103.853 103.811 103.771 103.731 103.693 103.655 103.618 103.581 103.543 105.504 110.461 79.426 19.392 0.000 0.000 2.057 1.057 0.000 14.098 65.093 100.091 50.089 0.000
68.923 4.923 63.924 66.924 66.925 66.926 65.927 66.928 68.929 66.931 78.933 73.935 82.937 93.940 81.942 66.945 67.947 68.950 69.953 74.955 87.957 97.958 103.960 101.961 90.961 66.962 66.963 66.963 66.964 66.965 67.966 90.967 63.968 3.970 67.974 17.978 11.983 4.987 0.000 0.000 0.000 15.343 103.549 105.758 110.766 104.556 104.263 103.997 103.976 103.929 103.887 103.846 103.806 103.767 103.729 103.692 103.656 103.619 105.583 90.543 44.487 11.456 0.000 4.057 2.057 22.057 29.057 0.000 0.000 36.087 98.086 50.085 0.000
69.930 2.930 63.930 66.931 66.932 66.932 66.934 67.935 5.937 65.939 69.941 80.943 80.946 88.948 93.951 79.954 64.957 64.960 64.963 66.965 68.967 69.969 70.970 70.970 69.971 68.971 64.971 64.971 65.972 66.972 77.972 91.972 62.972 56.973 58.974 0.000 0.000 4.987 0.000 0.000 0.000 19.419 102.538 110.851 110.809 103.414 104.143 104.048 104.005 103.962 103.920 103.880 103.841 103.803 103.765 103.729 103.693 103.658 108.626 64.600 0.000 0.000 2.058 0.056 2.057 17.057 24.057 0.000 0.000 39.081 99.080 58.080 0.000
