results1/res_4e8_norain-0019.wd
ncols         241
nrows         181
xllcorner     12693529.787448
yllcorner     3542525.717860
cellsize      155.156523
NODATA_value  -9999.000000
[rows 99 to 131 of 181, columns 0 to 74 of 241]
0.000 0.000 0.000 0.000 0.000 8.296 48.297 50.292 41.289 36.287 0.000 0.000 0.000 0.000 0.000 0.000 0.000 16.161 13.161 0.000 0.000 0.000 0.000 11.100 10.099 0.000 0.000 0.000 0.000 0.000 0.000 0.000 0.000 0.000 0.000 24.389 20.414 19.456 20.498 21.546 34.603 23.669 27.746 19.811 21.874 19.939 21.007 26.080 27.156 25.234 29.316 22.399 22.484 24.572 27.664 41.770 42.904 27.996 14.050 0.000 0.000 0.000 0.000 0.000 0.000 51.790 48.821 35.906 10.992 6.062 50.124 27.182 29.242 29.306 29.373
0.000 0.000 0.000 0.000 0.000 9.308 49.322 49.324 0.000 0.000 0.000 0.000 0.000 0.000 0.000 0.000 0.000 27.163 16.164 0.000 0.000 0.000 14.121 13.112 17.107 0.000 0.000 0.000 0.000 30.195 22.195 0.000 0.000 0.000 37.294 47.331 33.365 26.421 20.444 22.480 41.527 26.589 32.694 32.749 23.803 38.863 30.929 32.001 22.077 30.156 30.238 28.321 22.405 23.489 27.572 24.670 0.000 0.000 0.000 0.000 0.000 0.000 0.000 0.000 36.893 48.877 55.899 45.950 22.010 23.068 37.124 28.178 29.234 29.292 29.352
0.000 0.000 0.000 0.000 0.000 0.000 45.359 54.359 0.000 0.000 0.000 0.000 0.000 0.000 0.000 0.000 0.000 34.166 15.170 16.169 18.159 15.147 12.132 13.121 11.113 0.000 0.000 0.000 0.000 23.195 23.197 24.202 23.212 23.229 22.257 32.279 41.294 0.000 52.378 42.403 47.436 32.465 0.000 48.688 46.726 45.781 49.847 38.919 21.997 25.077 30.159 30.243 27.328 23.409 12.463 0.000 0.000 0.000 0.000 0.000 0.000 0.000 0.000 9.909 36.910 36.927 47.950 46.986 30.030 30.077 29.125 29.174 29.224 29.275 28.329
22.474 25.474 0.000 0.000 0.000 6.417 45.399 50.397 60.410 0.000 0.000 0.000 0.000 0.000 0.000 0.000 0.000 0.000 19.185 16.178 34.165 48.151 23.139 8.129 0.000 0.000 0.000 0.000 0.000 0.000 22.196 23.197 23.206 23.218 23.229 22.234 22.238 21.240 22.289 27.321 39.350 33.372 0.000 48.590 49.633 27.691 34.759 51.834 45.914 32.997 23.080 29.166 30.255 33.358 18.410 0.000 0.000 0.000 0.000 0.000 0.000 0.000 0.000 0.000 0.000 33.973 30.988 31.014 29.048 29.086 29.127 29.170 29.213 28.258 27.304
36.477 19.475 19.472 21.465 23.454 42.436 50.424 50.421 50.425 52.432 26.435 0.000 0.000 14.296 21.297 22.296 0.000 0.000 42.207 50.197 45.172 41.156 24.147 0.000 0.000 0.000 0.000 0.000 0.000 0.000 0.000 23.186 22.200 21.208 22.209 23.190 23.187 23.194 23.217 24.242 43.271 38.303 21.343 23.452 34.524 45.593 22.666 34.744 35.829 28.917 49.001 32.085 24.169 0.000 0.000 0.000 0.000 0.000 0.000 0.000 0.000 0.000 0.000 0.000 0.000 34.004 29.015 29.035 29.062 29.093 29.128 27.164 25.202 27.240 33.279
51.482 41.481 22.477 26.471 44.462 50.452 50.443 50.439 50.438 45.439 17.439 23.440 0.000 5.298 40.301 48.297 48.287 32.270 47.243 54.231 0.000 0.000 0.000 0.000 0.000 0.000 0.000 0.000 0.000 0.000 0.000 23.161 0.000 0.000 0.000 24.130 23.129 23.132 23.143 24.162 40.189 45.226 22.276 23.350 23.421 41.492 42.567 20.650 28.743 47.841 39.924 18.004 0.000 0.000 0.000 0.000 0.000 0.000 0.000 0.000 0.000 0.000 0.000 0.000 0.000 34.025 29.033 29.050 29.072 28.098 27.127 32.158 33.190 34.223 35.256
51.491 51.490 46.486 49.481 50.475 50.467 50.460 50.455 50.451 46.448 21.445 38.443 0.000 0.000 18.312 42.306 50.296 51.282 50.265 55.254 0.000 0.000 0.000 0.000 0.000 0.000 0.000 0.000 0.000 0.000 0.000 23.137 0.000 0.000 25.062 23.072 23.068 23.064 23.064 23.075 40.099 45.137 22.188 23.251 23.318 24.388 45.462 39.546 46.651 36.781 17.852 0.000 0.000 0.000 0.000 0.000 0.000 0.000 0.000 0.000 0.000 0.000 0.000 0.000 32.037 29.037 29.045 29.059 29.078 28.102 30.126 34.151 35.178 35.205 35.233
49.503 50.502 50.499 50.495 50.490 50.484 50.477 50.471 50.465 51.458 46.452 53.446 0.000 0.000 6.331 25.322 48.310 50.298 51.284 39.268 0.000 0.000 0.000 0.000 0.000 0.000 0.000 0.000 0.000 0.000 0.000 17.115 22.093 22.073 21.054 23.028 23.010 22.991 22.974 22.975 39.996 45.035 22.088 23.150 23.215 23.280 28.347 51.423 31.537 0.000 0.000 0.000 0.000 0.000 0.000 0.000 0.000 0.000 0.000 0.000 0.000 0.000 0.000 0.000 0.000 36.043 32.050 33.064 31.082 27.104 34.124 35.144 33.166 33.188 30.211
46.519 51.518 50.515 50.512 50.508 50.503 50.496 50.489 50.481 50.471 51.460 44.445 28.423 19.396 13.362 40.342 50.328 50.316 55.308 0.000 0.000 0.000 0.000 0.000 0.000 0.000 0.000 0.000 0.000 0.000 0.000 0.000 0.000 0.000 0.000 22.976 22.955 22.917 22.869 22.856 38.877 45.921 22.981 23.047 23.112 23.172 23.225 29.263 0.000 0.000 0.000 0.000 0.000 0.000 0.000 0.000 0.000 0.000 0.000 0.000 0.000 0.000 0.000 0.000 0.000 0.000 0.000 0.000 0.000 36.110 34.122 35.137 32.154 27.171 36.188
46.537 51.536 50.535 50.532 50.529 50.524 50.518 50.510 50.500 50.487 51.472 36.453 15.431 14.405 23.379 47.359 50.343 50.332 56.326 0.000 0.000 0.000 0.000 0.000 0.000 0.000 0.000 0.000 0.000 0.000 0.000 0.000 0.000 0.000 0.000 18.946 22.917 19.854 22.728 22.706 41.735 45.793 22.868 22.945 23.015 23.074 23.118 20.143 0.000 0.000 0.000 0.000 0.000 0.000 0.000 0.000 0.000 0.000 0.000 0.000 0.000 28.028 0.000 0.000 0.000 0.000 0.000 0.000 32.098 33.106 35.116 35.128 32.142 28.156 38.170
49.557 50.557 50.556 50.555 50.553 50.549 50.543 50.534 50.523 50.508 50.489 47.467 24.442 25.417 42.393 49.373 50.357 50.345 57.338 0.000 0.000 0.000 0.000 0.000 0.000 0.000 0.000 0.000 0.000 0.000 0.000 0.000 0.000 0.000 0.000 0.000 18.916 0.000 21.486 22.507 50.563 37.650 22.754 22.851 22.931 35.990 26.030 21.050 0.000 0.000 0.000 0.000 0.000 0.000 0.000 0.000 0.000 0.000 0.000 0.000 0.000 39.029 24.030 0.000 0.000 0.000 0.000 33.083 36.091 35.100 32.109 28.119 28.130 26.142 30.158
50.579 50.580 50.581 50.581 50.580 50.577 50.572 50.564 50.552 50.535 50.512 50.485 52.457 52.429 51.404 50.384 50.368 52.356 41.346 0.000 0.000 0.000 0.000 0.000 0.000 0.000 0.000 0.000 0.000 0.000 0.000 0.000 0.000 0.000 0.000 0.000 0.000 0.000 21.224 22.272 56.362 25.493 22.647 22.776 34.867 43.928 22.964 22.977 21.957 0.000 0.000 0.000 0.000 0.000 0.000 0.000 0.000 0.000 0.000 0.000 0.000 35.030 36.031 23.033 0.000 29.059 31.066 35.076 34.085 32.093 31.101 27.109 35.118 38.125 0.000
49.603 48.605 50.608 50.610 50.611 50.609 50.606 50.599 50.587 50.568 50.541 50.507 50.472 50.440 50.414 50.393 51.377 34.366 0.000 0.000 11.311 25.310 0.000 0.000 0.000 0.000 0.000 0.000 0.000 0.000 0.000 0.000 0.000 0.000 0.000 0.000 0.000 0.000 16.915 27.996 51.123 22.312 19.566 22.742 22.834 22.891 22.924 22.938 22.938 19.937 0.000 0.000 0.000 0.000 0.000 0.000 0.000 0.000 0.000 0.000 0.000 30.030 26.032 32.036 27.044 35.054 35.062 34.071 30.079 33.087 28.094 27.101 27.107 20.116 0.000
39.626 39.631 48.638 50.643 50.645 50.646 50.645 50.641 50.631 50.612 50.579 51.531 52.486 50.448 50.419 50.398 50.384 0.000 0.000 11.322 21.315 31.310 30.305 23.303 15.301 0.000 0.000 0.000 0.000 0.000 0.000 0.000 0.000 0.000 0.000 20.062 23.122 23.260 20.527 19.676 28.822 17.067 0.000 18.790 22.840 22.877 22.902 22.916 21.920 0.000 0.000 0.000 0.000 0.000 0.000 0.000 32.015 43.016 0.000 0.000 31.025 29.028 29.031 26.036 34.042 35.050 35.058 32.067 35.075 35.082 33.088 28.092 17.096 0.000 0.000
21.647 26.656 45.671 51.679 50.682 50.686 50.690 50.691 50.686 50.670 52.636 38.553 34.495 49.447 54.419 51.397 46.379 28.361 31.346 37.331 31.318 32.311 11.306 4.303 0.000 0.000 0.000 0.000 0.000 0.000 0.000 0.000 0.000 0.000 11.003 17.004 20.045 20.132 20.259 20.357 22.426 0.000 0.000 0.000 17.858 22.878 22.894 22.904 22.908 0.000 0.000 0.000 0.000 0.000 0.000 0.000 49.016 31.016 29.018 29.020 29.024 29.026 27.030 32.034 35.040 35.047 31.055 35.065 35.073 34.079 28.083 29.086 19.088 0.000 0.000
5.660 20.676 39.713 52.724 53.721 53.726 51.741 50.749 51.752 50.749 51.742 0.000 0.000 8.429 26.413 47.394 54.374 52.360 52.349 38.339 0.000 0.000 0.000 0.000 0.000 0.000 0.000 0.000 0.000 0.000 0.000 0.000 0.000 0.000 0.000 15.907 19.923 17.964 19.022 21.070 22.099 0.000 0.000 0.000 0.000 15.884 22.892 22.898 19.902 0.000 0.000 0.000 0.000 0.000 0.000 0.000 0.000 45.017 28.018 28.020 29.022 28.025 28.028 34.032 35.037 33.044 21.049 0.000 39.075 33.077 33.080 33.082 19.083 0.000 0.000
0.000 0.000 24.785 30.782 24.753 26.759 43.798 51.815 47.826 40.835 39.843 0.000 0.000 0.000 0.000 0.000 19.366 45.359 52.352 0.000 0.000 0.000 0.000 0.000 0.000 0.000 0.000 0.000 0.000 0.000 0.000 0.000 0.000 0.000 0.000 15.796 21.778 20.781 29.795 30.805 20.801 0.000 0.000 0.000 0.000 0.000 19.892 20.894 0.000 0.000 0.000 0.000 0.000 0.000 0.000 0.000 0.000 50.018 53.019 33.020 27.022 25.024 35.026 35.029 30.033 0.000 0.000 0.000 0.000 38.076 35.077 35.079 25.080 0.000 0.000
0.000 0.000 5.860 14.870 0.000 0.000 15.881 44.890 35.903 31.922 45.953 13.016 0.000 0.000 0.000 0.000 0.000 0.000 21.350 0.000 0.000 0.000 0.000 0.000 0.000 0.000 0.000 0.000 0.000 0.000 0.000 0.000 0.000 0.000 0.000 6.704 20.613 18.586 48.575 41.555 19.499 21.352 0.000 0.000 0.000 0.000 14.891 0.000 0.000 0.000 0.000 0.000 0.000 0.000 0.000 0.000 0.000 0.000 38.019 55.020 40.021 34.023 35.025 30.027 0.000 0.000 0.000 0.000 0.000 30.075 35.076 35.077 30.078 0.000 0.000
0.000 0.000 1.962 46.968 4.006 0.000 4.955 36.962 38.977 50.000 52.033 55.081 61.135 0.133 0.000 0.000 0.000 0.000 0.000 0.000 0.000 0.000 0.000 0.000 0.000 0.000 0.000 0.000 0.000 0.000 0.000 0.000 0.000 0.000 0.000 0.000 13.384 21.377 51.366 33.342 21.291 20.205 25.112 0.000 0.000 0.000 0.000 0.000 0.000 0.000 0.000 0.000 0.000 0.000 0.000 0.000 0.000 0.000 0.000 0.000 43.021 33.022 31.023 0.000 0.000 0.000 0.000 0.000 29.072 28.073 30.074 24.075 0.000 0.000 0.000
0.000 0.000 24.041 42.037 50.045 19.050 32.025 55.027 52.044 51.069 51.101 51.142 51.190 57.250 60.290 16.312 0.000 0.000 20.384 34.383 27.382 29.381 0.000 0.000 0.000 0.000 0.000 0.000 0.000 0.000 0.000 0.000 0.000 0.000 0.000 0.000 14.164 43.173 45.172 22.156 20.120 20.068 23.019 0.000 0.000 0.000 0.000 0.000 0.000 0.000 0.000 0.000 0.000 0.000 0.000 0.000 0.000 0.000 0.000 0.000 0.000 0.000 0.000 0.000 0.000 0.000 0.000 31.070 26.071 24.072 0.000 0.000 0.000 0.000 0.000
48.168 51.147 51.110 49.096 47.089 48.081 50.071 50.079 51.104 52.132 52.162 51.197 44.235 48.275 51.309 55.336 59.364 60.379 52.385 48.386 45.384 40.381 42.377 35.374 0.000 0.000 0.000 0.000 0.000 0.000 0.000 0.000 0.000 0.000 0.000 37.830 26.937 55.980 46.995 33.990 20.967 19.929 19.878 23.801 19.799 0.000 0.000 0.000 0.000 0.000 0.000 0.000 0.000 0.000 0.000 0.000 0.000 0.000 0.000 0.000 0.000 0.000 0.000 0.000 0.000 0.000 0.000 0.000 0.000 0.000 0.000 0.000 0.000 0.000 0.000
51.190 46.165 44.158 43.148 37.136 34.117 35.100 35.114 41.165 46.194 46.221 39.249 23.279 38.309 51.336 51.359 51.379 51.390 51.395 51.393 52.389 52.383 55.378 56.373 56.369 56.367 0.000 0.000 0.000 0.000 0.000 0.000 0.000 0.000 0.000 9.725 35.774 40.816 24.839 41.844 29.831 19.804 19.766 22.726 0.000 0.000 0.000 0.000 0.000 0.000 0.000 0.000 0.000 0.000 0.000 0.000 0.000 0.000 0.000 0.000 0.000 0.000 0.000 0.000 0.000 0.000 0.000 0.000 0.000 0.000 0.000 0.000 0.000 0.000 0.000
21.241 0.000 16.212 30.205 28.191 8.153 0.000 0.000 9.248 26.262 25.280 18.301 13.325 23.348 44.370 52.388 51.402 51.410 51.411 51.405 51.396 55.388 30.379 18.373 17.369 21.366 24.364 0.000 0.000 0.000 0.000 0.000 0.000 0.000 0.000 7.571 43.620 26.671 18.704 28.716 39.711 23.690 19.657 19.612 25.542 0.000 0.000 0.000 0.000 0.000 0.000 0.000 0.000 0.000 0.000 0.000 0.000 0.000 0.000 0.000 0.000 0.000 0.000 0.000 0.000 0.000 0.000 0.000 0.000 0.000 0.000 0.000 0.000 0.000 70.866
11.292 0.000 4.273 19.271 15.270 0.000 0.000 0.000 2.320 16.326 14.337 14.353 15.372 13.391 32.408 49.424 51.434 51.439 51.436 51.422 50.404 13.395 0.000 0.000 0.000 0.000 0.000 0.000 0.000 0.000 0.000 0.000 0.000 0.000 14.242 31.370 48.464 25.546 19.591 17.608 34.606 36.590 22.562 19.524 19.473 22.412 31.385 0.000 0.000 0.000 0.000 0.000 0.000 0.000 0.000 0.000 0.000 0.000 0.000 0.000 0.000 0.000 0.000 0.000 0.000 0.000 0.000 0.000 0.000 0.000 0.000 0.000 0.000 0.000 68.942
24.346 20.358 15.339 14.337 15.351 17.395 18.414 21.413 20.388 16.385 15.392 15.404 15.420 14.436 21.451 43.465 52.474 51.478 53.472 25.446 0.000 0.000 0.000 0.000 0.000 0.000 0.000 0.000 0.000 0.000 0.002 3.056 7.057 21.060 18.116 39.205 36.323 10.458 17.507 19.521 21.517 34.503 26.480 21.450 19.415 18.380 35.359 26.346 20.345 0.000 0.000 0.000 0.000 0.000 0.000 0.000 0.000 0.000 0.000 0.000 0.000 0.000 0.000 0.000 0.000 0.000 0.000 0.000 0.000 0.000 0.000 0.000 0.000 5.196 82.087
14.389 15.391 15.388 15.391 15.402 15.422 15.435 15.439 15.435 15.436 15.443 15.455 15.468 15.483 13.498 34.511 51.521 53.528 49.529 0.000 0.000 0.000 0.000 0.000 0.000 0.000 0.000 0.000 0.000 0.000 0.000 0.000 0.000 5.008 21.958 48.011 22.166 0.000 5.460 20.452 18.440 22.425 23.405 32.382 21.357 19.336 18.326 14.335 0.000 0.000 0.000 0.000 0.000 0.000 0.000 0.000 0.000 0.000 0.000 0.000 0.000 0.000 0.000 0.000 0.000 0.000 0.000 0.000 0.000 0.000 0.000 0.000 10.393 75.305 85.213
15.431 15.432 15.433 15.437 15.446 15.458 15.468 14.474 14.478 15.484 15.492 15.504 15.518 15.533 14.548 22.562 37.575 48.584 36.589 0.000 0.000 0.000 0.000 0.000 0.000 0.000 0.000 0.000 0.000 0.000 0.000 0.000 0.000 0.000 30.698 55.716 0.000 0.000 3.423 21.387 19.369 18.353 26.335 37.316 25.298 19.283 23.275 0.000 0.000 0.000 0.000 0.000 0.000 0.000 0.000 0.000 0.000 0.000 0.000 0.000 0.000 0.000 0.000 0.000 0.000 0.000 0.000 0.000 0.000 0.000 0.000 0.000 67.481 81.418 81.341
15.473 15.474 15.477 15.481 15.489 15.498 15.506 19.514 20.521 16.530 15.540 15.553 15.567 15.583 15.600 14.617 17.633 26.647 26.656 0.000 0.000 0.000 0.000 0.000 0.000 0.000 0.000 0.000 0.000 0.000 0.000 0.000 0.000 0.000 34.422 49.439 0.000 0.000 0.000 18.307 19.296 19.283 18.268 23.252 25.237 21.224 23.217 0.000 0.000 0.000 0.000 0.000 0.000 0.000 0.000 0.000 0.000 0.000 0.000 0.000 0.000 0.000 0.000 0.000 0.000 0.000 0.000 0.000 0.000 0.000 0.000 51.739 60.632 60.548 60.468
15.516 15.517 15.520 15.525 15.531 15.539 14.547 26.556 31.565 18.575 15.587 15.601 15.617 15.635 15.654 15.674 15.695 14.716 17.733 0.000 0.000 0.000 0.000 0.000 0.000 0.000 0.000 0.000 0.000 0.000 0.000 0.000 0.000 14.973 57.130 31.182 31.130 0.000 0.000 4.237 21.229 19.217 19.203 17.188 33.174 37.162 31.154 0.000 0.000 0.000 0.000 0.000 0.000 0.000 0.000 0.000 0.000 0.000 0.000 0.000 0.000 0.000 0.000 0.000 0.000 0.000 0.000 0.000 0.000 0.000 25.933 76.847 62.759 75.683 97.556
15.559 15.560 15.563 15.568 15.574 15.581 14.589 27.599 33.609 17.621 15.634 15.650 15.667 15.687 15.708 15.732 15.759 15.790 15.829 21.894 0.000 0.000 0.000 0.000 0.000 0.000 0.000 13.118 21.120 25.132 0.000 0.000 10.674 48.817 46.945 27.030 9.079 0.000 0.000 4.177 21.166 20.153 23.139 18.125 27.110 50.096 47.084 0.000 0.000 0.000 0.000 0.000 0.000 0.000 0.000 0.000 0.000 0.000 0.000 0.000 0.000 0.000 0.000 0.000 0.000 0.000 0.000 0.000 0.000 0.000 63.018 118.958 101.884 123.784 102.367
12.602 13.603 14.606 14.611 15.617 15.624 13.633 28.642 31.654 14.666 15.681 15.698 15.717 15.738 15.762 15.789 15.820 15.857 15.902 15.961 22.034 2.071 0.000 0.000 0.000 0.000 0.000 0.000 20.110 16.146 19.229 23.352 35.532 52.677 36.804 4.916 0.000 0.000 0.000 3.129 20.107 23.092 36.078 22.063 32.047 33.029 52.004 55.952 38.930 0.000 0.000 0.000 0.000 0.000 0.000 0.000 0.000 0.000 0.000 0.000 0.000 0.000 0.000 0.000 0.000 0.000 0.000 0.000 0.000 49.270 59.165 60.083 63.007 81.974 101.551
33.645 28.646 23.649 21.654 17.660 13.667 13.676 28.686 31.698 13.712 15.727 15.745 15.765 15.788 15.814 15.844 14.878 13.917 14.963 15.016 15.071 21.110 0.000 0.000 0.000 0.000 0.000 0.000 26.068 20.113 15.191 28.297 51.428 45.556 13.679 0.000 0.000 0.000 0.000 1.047 19.041 24.032 31.019 26.004 30.988 29.971 42.950 36.925 29.909 2.899 0.000 0.000 0.000 0.000 0.000 0.000 0.000 0.000 0.000 0.000 0.000 0.000 0.000 0.000 0.000 0.000 0.000 0.000 26.463 54.377 123.287 87.212 119.088 102.753 100.794
53.688 52.690 48.693 43.697 39.703 34.711 29.720 25.730 20.742 14.757 15.773 15.792 15.813 15.837 14.865 16.896 22.931 27.972 27.018 25.069 19.126 14.189 18.281 24.337 0.000 0.000 0.000 7.900 30.981 22.050 18.127 41.218 53.328 9.441 0.000 0.000 0.000 0.000 0.000 4.973 17.984 22.978 38.963 28.947 21.932 14.917 20.903 38.889 35.883 41.890 0.000 0.000 0.000 0.000 0.000 0.000 0.000 0.000 0.000 0.000 0.000 0.000 0.000 0.000 0.000 0.000 0.000 0.000 61.550 52.484 62.409 85.295 61.460 100.907 92.239
