results1/res_4e8f-0189.wd
ncols         241
nrows         181
xllcorner     12693529.787448
yllcorner     3542525.717860
cellsize      155.156523
NODATA_value  -9999.000000
[rows 66 to 98 of 181, columns 146 to 218 of 241]
37.869 52.807 74.749 75.694 75.644 75.598 75.555 75.515 75.478 78.448 14.429 0.000 2.297 0.000 0.000 0.000 0.000 0.773 47.773 22.773 0.000 29.771 59.770 59.770 59.770 66.769 72.768 72.766 72.763 72.759 72.755 72.750 72.744 72.739 72.734 74.729 59.725 60.723 52.722 0.000 0.000 0.000 0.000 0.000 29.064 36.055 45.036 38.999 16.949 14.918 29.893 50.869 58.845 52.822 47.798 47.775 37.751 34.727 34.704 37.681 58.658 70.636 65.615 54.594 61.574 68.555 72.536 72.518 71.501 71.485 71.469 71.454 71.440
40.930 59.867 77.808 75.754 75.705 75.661 75.619 75.579 80.539 69.508 39.493 36.509 0.000 0.000 0.000 0.000 0.000 18.773 20.773 0.000 0.000 0.000 29.767 60.767 69.766 72.766 72.764 72.763 72.760 76.757 74.753 72.749 72.745 72.740 71.736 63.732 57.729 63.726 53.725 0.000 0.000 0.000 0.000 21.056 35.057 40.052 36.046 0.000 1.901 11.887 31.869 34.849 48.828 57.806 46.784 45.761 43.737 34.714 34.690 33.667 39.644 63.622 70.600 55.579 57.559 59.539 61.521 65.503 69.486 71.469 72.453 71.438 71.424
45.988 66.924 76.862 75.808 75.762 75.721 73.683 72.643 27.593 12.551 43.528 49.524 14.527 0.000 0.000 0.000 0.000 0.000 0.000 0.000 0.000 13.763 42.764 62.764 72.764 72.763 72.762 72.760 72.758 74.755 73.752 72.749 72.745 73.742 63.738 61.734 64.731 59.728 51.726 0.000 0.000 0.000 0.000 39.055 42.055 4.052 3.049 0.000 6.869 39.861 41.847 51.830 54.812 65.791 63.770 51.748 40.724 32.701 34.677 34.653 29.630 43.607 60.585 64.564 69.543 66.523 59.504 64.486 67.469 67.452 65.437 67.422 70.407
51.046 73.977 77.909 78.854 75.814 76.779 71.747 17.716 1.673 42.573 43.545 48.533 56.530 0.000 0.000 0.000 0.000 0.000 0.000 0.000 0.000 25.762 48.762 61.762 73.761 72.760 72.759 72.758 72.756 73.754 72.751 72.749 72.746 69.743 63.740 28.736 1.733 0.000 0.000 0.000 0.000 0.000 0.000 35.055 42.055 0.000 0.000 0.000 56.846 42.839 37.828 65.813 70.797 71.778 75.757 69.735 57.712 37.687 34.663 34.639 32.615 33.592 39.569 40.547 47.526 55.506 62.487 66.469 67.452 68.435 64.419 67.404 68.390
33.105 38.031 47.942 23.885 80.860 77.834 62.811 39.793 9.789 0.000 0.000 0.000 0.000 0.000 0.000 0.000 0.000 0.000 0.000 0.000 0.000 26.761 51.760 54.760 70.759 72.758 72.757 72.756 76.755 75.753 72.751 72.749 73.747 64.745 67.743 0.000 0.000 0.000 0.000 0.000 0.000 0.000 0.000 0.000 29.055 38.054 0.000 0.000 87.829 50.823 32.812 63.799 71.784 71.766 71.746 74.724 73.700 53.674 36.649 34.624 32.599 35.575 36.552 44.530 49.509 38.488 38.469 43.451 48.433 54.417 59.401 63.386 67.372
79.171 58.101 0.000 0.000 84.908 76.886 63.869 45.856 12.848 0.000 0.000 0.000 0.000 0.000 0.000 0.000 0.000 0.000 0.000 0.000 0.000 0.000 12.758 56.758 72.757 72.757 72.756 72.755 74.753 73.752 72.750 72.749 73.747 61.746 71.745 0.000 0.000 0.000 0.000 0.000 0.000 0.000 0.000 0.000 0.000 5.054 13.054 0.000 24.820 40.810 33.799 63.787 71.773 71.757 72.737 72.714 72.689 65.662 41.635 37.609 35.583 32.558 53.534 65.512 71.490 55.469 48.450 44.432 42.414 39.398 39.382 39.368 67.354
55.249 0.000 0.000 82.092 81.978 79.933 70.925 55.913 11.899 0.000 0.000 0.000 0.000 0.000 0.000 0.000 0.000 0.000 0.000 0.000 0.000 0.000 38.756 61.756 73.756 72.755 72.754 73.754 72.752 72.751 72.750 72.749 73.748 66.747 31.746 0.000 0.000 0.000 0.000 0.000 0.000 0.000 0.000 0.000 0.000 0.000 0.000 0.000 0.000 37.798 36.787 54.777 69.765 72.750 66.732 62.707 68.679 59.649 42.620 41.593 50.567 45.541 68.516 72.492 71.470 69.449 69.430 66.412 64.394 61.378 57.363 49.348 69.334
82.296 72.295 78.266 34.207 0.000 0.959 76.984 50.973 11.936 0.000 14.178 0.000 0.000 0.000 0.000 0.000 0.000 0.000 0.000 0.000 0.000 1.754 54.754 66.754 73.754 72.754 72.753 74.752 74.752 72.751 72.750 72.749 71.748 67.747 16.747 0.000 0.000 0.000 0.000 0.000 0.000 0.000 0.000 0.000 0.000 0.000 0.000 0.000 0.000 0.000 25.773 51.768 69.760 70.748 51.732 54.704 56.672 53.634 38.604 35.577 58.550 67.522 71.496 73.471 73.449 74.428 72.409 72.391 73.374 72.358 73.342 73.328 72.315
84.343 76.324 81.294 32.263 0.000 0.000 68.064 16.058 0.000 0.000 46.178 9.178 0.000 0.000 0.000 0.000 0.000 0.000 0.000 0.000 0.000 0.753 57.753 69.753 73.753 72.753 72.752 73.752 73.751 72.750 72.749 73.749 69.748 64.748 14.747 0.000 0.000 0.000 0.000 0.000 0.000 0.000 0.000 0.000 0.000 0.000 0.000 0.000 17.763 19.763 30.765 46.763 68.757 70.751 16.744 0.000 0.000 43.610 37.586 32.561 46.533 65.501 71.473 73.449 73.426 73.405 71.386 71.368 72.352 71.336 71.321 72.307 72.294
76.408 76.364 76.325 74.288 61.256 47.212 40.151 39.136 35.162 38.173 41.178 41.179 13.179 0.000 0.000 0.000 0.000 0.000 18.750 20.750 0.000 10.752 56.752 70.752 72.752 72.752 72.751 72.751 72.750 72.750 72.749 72.748 54.748 49.748 47.747 42.747 6.747 0.000 0.000 0.000 0.000 0.000 0.000 0.000 0.000 0.000 0.000 0.000 21.762 47.762 38.762 42.760 62.757 63.753 36.750 0.000 0.000 0.000 34.568 39.550 38.520 57.477 70.448 71.424 71.402 71.381 71.362 71.345 71.329 71.314 71.299 71.286 71.273
76.449 76.400 76.353 75.309 72.268 74.228 48.191 27.175 65.177 38.180 42.181 18.180 0.000 0.000 0.000 0.000 0.000 0.000 18.750 64.750 13.750 1.751 55.751 69.751 73.751 72.751 74.751 75.750 73.750 72.749 72.749 70.748 63.748 54.747 55.747 54.747 7.747 0.000 0.000 0.000 0.000 0.000 0.000 0.000 0.000 0.000 0.000 0.000 15.761 50.761 42.760 49.759 64.757 59.754 65.753 0.000 0.000 0.000 0.000 0.000 0.000 47.439 70.418 71.396 71.375 71.355 71.337 71.321 71.305 71.291 71.277 71.264 71.251
76.485 76.434 77.377 79.326 76.280 76.241 75.212 76.195 67.189 45.188 17.188 0.000 0.000 0.000 0.000 0.000 0.000 0.000 5.750 57.750 44.750 34.750 50.750 72.750 72.750 72.750 72.750 72.750 72.749 72.749 72.748 72.748 70.748 49.747 53.747 60.747 3.747 0.000 0.000 0.000 0.000 0.000 0.000 0.000 0.000 0.000 0.000 0.000 11.761 62.761 6.760 29.758 52.756 59.755 20.754 0.000 0.000 0.000 0.000 0.000 0.000 1.415 59.390 72.369 71.347 71.328 71.311 71.295 71.280 71.267 71.253 71.241 71.229
79.524 75.475 72.396 74.336 77.287 77.243 79.219 76.205 74.198 61.195 10.194 0.000 0.000 0.000 0.000 0.000 0.000 0.000 0.000 13.750 48.750 40.750 56.750 74.750 72.750 72.750 72.749 72.749 72.749 72.749 72.748 72.748 73.747 62.747 49.747 53.747 59.746 1.746 0.000 0.000 0.000 0.000 0.000 0.000 0.000 0.000 0.000 0.000 0.000 7.761 0.000 0.000 37.756 56.755 0.000 0.000 0.000 0.000 0.000 0.000 0.000 0.000 47.365 68.341 71.317 71.298 71.282 71.268 71.255 71.242 71.230 71.218 71.206
72.569 33.547 0.000 0.000 0.000 69.226 74.217 80.209 76.203 65.200 15.198 0.000 49.203 19.203 0.000 0.000 0.000 0.000 0.000 0.000 40.749 44.749 65.749 73.749 74.749 75.749 72.749 72.749 72.749 72.748 72.748 72.748 72.747 73.747 52.747 34.746 43.746 4.746 0.000 0.000 0.000 0.000 0.000 0.000 0.000 0.000 0.000 0.000 0.000 0.000 0.000 0.000 26.756 59.755 0.000 0.000 0.000 0.000 0.000 0.000 0.000 0.000 0.000 48.312 68.283 71.266 71.253 71.240 71.229 71.217 71.206 71.194 71.183
67.609 24.596 0.000 0.000 44.219 42.219 59.214 78.209 75.205 60.203 41.202 45.203 49.203 15.203 0.000 0.000 0.000 0.000 11.748 0.000 41.749 52.749 72.749 72.749 75.749 75.749 72.749 72.748 72.748 72.748 72.748 72.747 72.747 73.747 69.746 64.746 53.746 33.746 27.745 0.000 0.000 0.000 0.000 0.000 0.000 0.000 0.000 0.000 0.000 0.000 0.000 0.000 28.755 20.755 0.000 0.000 0.000 0.000 0.000 0.000 0.000 0.000 0.000 0.000 53.237 69.230 71.221 71.212 71.203 71.193 71.182 71.171 71.159
73.639 54.632 26.640 0.000 0.000 44.215 44.212 66.209 78.206 56.204 43.203 48.203 26.203 0.000 0.000 0.000 0.000 0.000 40.748 33.748 38.749 55.749 74.749 74.749 75.749 72.749 72.748 72.748 72.748 72.748 72.747 72.747 72.747 72.746 72.746 74.746 63.745 51.745 40.745 41.745 34.744 25.744 30.744 0.000 0.000 0.000 0.000 0.000 0.000 0.000 0.000 0.000 31.755 6.755 0.000 0.000 0.000 0.000 0.000 0.000 0.000 0.000 0.000 0.000 38.199 66.196 70.191 71.184 71.177 71.168 71.159 71.148 71.136
76.662 67.654 20.647 0.000 0.000 0.000 43.210 48.208 75.206 63.205 44.204 47.204 22.204 0.000 0.000 0.000 0.000 0.000 43.748 36.748 39.748 57.748 76.748 75.748 73.748 73.748 72.748 72.748 72.748 72.748 72.747 73.747 73.747 73.746 67.746 58.746 62.745 69.745 62.745 60.744 48.744 35.744 42.744 0.744 0.000 0.000 0.000 0.000 0.000 0.000 0.000 0.000 0.000 0.000 0.000 0.000 0.000 0.000 0.000 0.000 0.000 0.000 0.000 0.000 30.164 61.163 71.161 73.157 73.152 73.145 72.137 71.126 71.114
76.681 51.675 0.000 0.000 0.000 0.000 0.000 50.207 63.206 57.205 56.205 53.204 43.204 21.204 0.000 0.000 0.000 0.000 42.748 35.748 40.748 55.748 67.748 64.748 59.748 61.748 66.748 71.748 73.748 73.747 71.747 61.747 59.747 64.746 53.746 50.745 50.745 61.745 65.745 60.744 46.744 35.744 7.744 0.000 0.000 0.000 0.000 0.000 0.000 0.000 0.000 0.000 0.000 0.000 0.000 0.000 0.000 0.000 0.000 0.000 1.035 0.000 0.000 0.000 18.129 43.132 49.133 51.132 51.129 52.124 61.117 70.106 71.092
75.695 41.691 0.000 0.000 0.000 0.000 0.000 45.206 39.206 38.205 46.205 46.204 46.204 42.204 15.204 0.000 0.000 0.000 47.748 42.748 47.748 57.748 60.748 63.748 21.748 0.000 0.000 12.748 73.747 70.747 59.747 14.747 0.000 0.000 52.745 84.745 77.745 56.745 62.744 56.744 45.744 30.744 33.744 0.000 0.000 0.000 0.000 0.000 0.000 0.000 0.000 0.000 0.000 0.000 0.000 0.000 0.000 0.000 14.035 4.035 22.035 43.040 54.049 53.065 71.091 79.102 80.107 78.109 80.109 67.106 50.100 68.089 71.072
73.706 38.703 0.000 0.000 0.000 0.000 0.000 45.206 41.206 20.205 0.000 0.000 0.203 0.000 0.000 0.000 0.000 0.000 53.748 47.748 42.748 38.748 24.748 0.000 0.000 0.000 0.000 0.000 0.000 0.000 46.747 8.747 0.000 0.000 0.000 47.745 80.744 40.744 41.744 40.744 36.744 39.744 86.744 45.744 0.000 0.000 0.000 0.000 0.000 0.000 0.000 0.000 0.000 0.000 0.000 0.000 13.008 4.008 0.000 0.000 8.030 90.035 86.043 68.055 69.069 66.079 67.085 89.089 82.090 68.090 48.087 57.078 56.057
59.714 40.712 34.715 0.000 0.000 0.000 0.000 0.000 43.206 27.205 0.000 0.000 0.000 0.000 0.000 0.000 0.000 0.000 53.748 53.748 54.748 37.748 12.748 0.000 0.000 0.000 0.000 0.000 0.000 0.000 42.747 19.747 0.000 0.000 0.000 46.744 95.744 59.744 62.744 57.744 42.744 60.744 114.744 111.744 42.744 0.000 0.000 0.000 0.000 0.000 0.000 0.000 0.000 0.000 0.000 0.000 3.008 21.008 11.010 9.014 18.021 93.027 60.034 68.042 59.051 40.059 51.065 94.070 60.074 47.077 54.081 8.080 0.000
43.719 43.718 29.718 0.000 0.000 0.000 0.000 0.000 0.000 0.000 0.000 0.000 0.000 0.000 0.000 0.000 0.000 0.000 56.747 47.747 41.747 39.747 13.748 0.000 0.000 0.000 0.000 0.000 0.000 39.746 32.746 57.746 53.746 0.000 5.744 52.744 58.744 50.744 93.744 82.744 53.744 6.744 70.744 125.744 9.744 0.000 0.000 0.000 0.000 0.000 0.000 0.000 22.007 19.007 14.007 3.007 72.007 110.007 101.008 97.010 44.014 88.017 56.022 45.028 92.035 73.041 93.047 74.052 44.057 52.062 0.000 0.000 0.000
46.723 47.721 39.720 0.000 0.000 0.000 0.000 0.000 0.000 0.000 0.000 0.000 0.000 0.000 0.000 0.000 0.000 0.000 10.747 51.747 41.747 19.747 0.000 0.000 0.000 0.000 0.000 0.000 0.000 41.746 38.746 14.746 0.000 0.000 0.000 26.744 5.744 0.000 6.744 48.743 4.743 0.000 26.744 92.744 47.744 0.000 0.000 0.000 0.000 0.000 0.000 0.000 0.000 4.007 0.000 0.000 28.007 8.006 72.004 76.005 27.006 88.007 65.010 38.014 56.018 106.024 120.029 54.035 42.042 9.052 0.000 0.000 17.871
45.726 46.724 46.723 50.723 42.723 0.000 0.000 0.000 0.000 0.000 0.000 0.000 0.000 0.000 0.000 0.000 0.000 0.000 0.000 41.747 37.747 21.747 0.000 0.000 0.000 0.000 0.000 0.000 42.746 39.746 16.746 0.000 0.000 0.000 0.000 0.744 0.000 0.000 0.000 52.743 1.743 0.000 26.743 0.000 0.000 0.000 0.000 0.000 0.000 0.000 0.000 0.000 0.000 13.007 7.007 9.007 2.007 0.000 47.999 66.998 25.997 89.996 69.997 39.998 89.002 92.006 87.011 95.017 59.023 0.000 0.000 0.838 31.853
47.728 25.725 36.723 45.723 45.723 45.723 44.723 0.000 0.000 0.000 0.000 0.000 0.000 0.000 0.000 0.000 0.000 0.000 0.000 43.747 39.747 23.747 0.000 0.000 0.000 0.000 0.000 0.000 0.000 45.746 17.746 0.000 0.000 0.000 0.000 0.000 0.000 4.743 16.743 39.743 43.743 20.743 0.000 0.000 0.000 0.000 0.000 0.000 0.000 0.000 0.000 0.000 0.000 2.007 0.000 6.006 0.000 0.000 50.994 70.993 30.989 90.984 75.982 89.982 89.984 48.987 41.992 86.999 36.011 0.000 0.000 32.822 40.832
52.730 0.000 0.000 42.723 31.723 0.000 44.723 34.723 0.000 0.000 0.000 0.000 0.000 0.000 0.000 0.000 0.000 0.000 0.000 42.747 39.747 27.747 0.000 0.000 0.000 0.000 0.000 0.000 0.000 0.000 0.000 0.000 0.000 0.000 0.000 0.000 0.000 0.000 55.743 72.743 33.743 0.000 0.000 0.000 0.000 0.000 0.000 0.000 0.000 0.000 0.000 0.000 0.000 0.000 0.000 11.006 0.000 0.000 85.992 71.989 32.982 90.969 87.964 79.963 71.964 57.967 58.971 27.975 0.000 0.000 16.802 35.809 42.814
49.731 0.000 0.000 29.723 21.723 0.000 0.000 0.000 0.000 53.726 49.726 40.726 0.000 0.000 0.000 0.000 0.000 0.000 0.000 46.747 42.747 24.747 0.000 0.000 0.000 0.000 0.000 0.000 0.000 0.000 0.000 0.000 0.000 0.000 0.000 0.000 0.000 0.000 18.742 102.742 68.742 0.000 0.000 0.000 0.000 0.000 0.000 0.000 0.000 0.000 0.000 0.000 0.000 0.000 0.000 0.000 0.000 0.000 17.992 0.000 0.000 64.944 105.943 84.943 83.943 81.946 84.950 32.955 0.000 0.000 20.795 34.797 35.798
65.731 0.000 0.000 0.000 0.000 51.728 38.728 0.000 49.727 43.726 43.726 35.726 0.000 0.000 0.000 0.000 0.000 0.000 0.000 46.747 41.747 29.747 0.000 0.000 0.000 0.000 0.000 0.000 0.000 0.000 0.000 0.000 0.000 0.000 0.000 0.000 0.000 0.000 0.000 46.742 38.742 9.742 0.000 0.000 0.000 0.000 0.000 0.000 0.000 0.000 0.000 0.000 0.000 0.000 0.000 0.000 0.000 0.000 0.000 0.000 0.000 11.922 47.921 48.921 46.921 46.922 43.927 39.941 0.000 0.000 13.786 34.786 32.785
76.731 65.730 47.730 48.729 47.729 41.728 42.728 43.727 41.727 46.727 45.726 36.726 33.726 0.000 0.000 0.000 0.000 0.000 0.000 33.747 0.000 0.000 0.000 0.000 0.000 0.000 0.000 0.000 0.000 0.000 0.000 0.000 0.000 0.000 0.000 0.000 0.000 0.000 0.000 0.000 45.742 8.742 0.000 0.000 0.000 0.000 0.000 0.000 0.000 0.000 0.000 0.000 0.000 0.000 0.000 0.000 0.000 0.000 0.000 0.000 0.000 2.899 35.899 34.899 34.898 50.896 45.894 0.000 0.000 0.000 6.777 47.775 59.772
76.731 70.730 40.730 40.729 40.729 23.728 24.728 28.727 38.727 47.726 44.726 36.726 39.726 28.726 0.000 0.000 0.000 0.000 0.000 0.000 0.000 0.000 0.000 0.000 0.000 0.000 0.000 0.000 0.000 0.000 0.000 0.000 0.000 0.000 0.000 0.000 0.000 0.000 0.000 0.000 2.742 48.742 7.742 0.000 0.000 0.000 0.000 0.000 0.000 0.000 0.000 0.000 0.000 0.000 0.000 0.000 0.000 0.000 0.000 0.000 27.866 30.876 34.879 34.878 36.875 55.870 45.860 28.840 0.000 0.000 42.771 63.767 70.761
76.730 74.730 44.730 41.730 21.729 0.000 0.000 0.000 0.000 38.726 41.726 39.726 32.726 0.000 0.000 0.000 0.000 0.000 0.000 0.000 0.000 0.000 0.000 0.000 0.000 0.000 0.000 0.000 0.000 0.000 0.000 0.000 0.000 0.000 0.000 0.000 0.000 0.000 0.000 0.000 0.742 51.742 13.742 0.000 0.000 0.000 0.000 0.000 0.000 0.000 0.000 0.000 0.000 0.000 0.000 0.000 0.000 0.000 0.000 0.000 38.857 35.860 34.861 30.859 43.855 60.848 44.837 33.819 28.796 28.779 52.768 69.759 70.751
76.730 74.730 27.730 31.730 0.000 0.000 0.000 0.000 0.000 0.000 29.726 42.726 34.726 0.000 0.000 0.000 0.000 0.000 0.000 0.000 0.000 0.000 0.000 0.000 0.000 0.000 0.000 0.000 0.000 0.000 0.000 0.000 0.000 0.000 0.000 0.000 0.000 0.000 0.000 0.000 0.000 0.742 19.742 0.000 0.000 0.000 0.000 0.000 0.000 0.000 0.000 0.000 7.826 15.826 0.000 0.000 0.000 0.000 0.000 32.838 30.844 29.846 34.846 48.843 61.838 51.830 35.819 33.805 35.789 32.775 53.762 71.752 70.741
76.730 50.730 0.000 0.000 0.000 0.000 0.000 0.000 0.000 0.000 0.000 32.726 39.726 37.725 0.000 0.000 0.000 0.000 0.000 0.000 0.000 0.000 0.000 0.000 0.000 0.000 0.000 0.000 0.000 0.000 0.000 0.000 0.000 0.000 0.000 0.000 0.000 0.000 0.000 0.000 0.000 0.000 0.000 0.000 0.000 0.000 0.000 0.000 0.000 0.000 0.000 0.000 0.000 8.826 10.826 0.000 37.828 29.828 27.830 39.833 53.835 58.835 60.833 60.829 46.823 34.815 33.805 33.793 32.780 34.767 57.755 72.744 70.732
