results1/res_4e8f-0107.wd
ncols         241
nrows         181
xllcorner     12693529.787448
yllcorner     3542525.717860
cellsize      155.156523
NODATA_value  -9999.000000
[rows 66 to 98 of 181, columns 146 to 218 of 241]
27.116 42.051 63.988 64.929 64.874 64.821 64.769 64.717 64.666 67.624 3.598 0.000 0.000 0.000 0.000 0.000 0.000 0.000 34.443 9.443 0.000 16.441 46.437 46.438 46.439 53.440 59.440 59.438 59.435 59.430 59.423 59.416 59.408 59.400 59.393 61.387 46.382 47.378 39.377 0.000 0.000 0.000 0.000 0.000 14.944 21.931 30.906 24.865 2.824 0.704 15.496 36.461 44.421 38.382 33.343 33.304 23.266 20.229 20.193 23.157 44.123 56.090 51.058 40.027 46.998 53.971 57.944 57.919 56.896 56.873 56.852 56.832 56.813
30.173 49.108 67.046 64.989 64.936 64.886 64.836 64.781 69.720 58.670 28.648 25.655 0.000 0.000 0.000 0.000 0.000 5.442 7.442 0.000 0.000 0.000 16.427 47.427 56.427 59.427 59.427 59.425 59.422 63.418 61.413 59.407 59.401 59.396 58.390 50.386 44.382 50.380 40.379 0.000 0.000 0.000 0.000 6.933 20.934 25.927 21.917 0.000 0.000 0.000 17.421 20.404 34.378 43.347 32.314 31.279 29.244 20.209 20.174 19.139 25.106 49.073 56.042 41.012 42.983 44.956 46.930 50.905 54.881 56.859 57.838 56.818 56.799
35.229 56.163 66.099 65.044 64.995 64.951 62.907 61.854 16.763 1.689 32.667 38.663 3.664 0.000 0.000 0.000 0.000 0.000 0.000 0.000 0.000 0.410 29.417 49.417 59.416 59.416 59.414 59.413 59.410 61.407 60.403 59.399 59.394 60.390 50.387 48.385 51.382 46.381 38.379 0.000 0.000 0.000 0.000 24.933 27.933 0.000 0.000 0.000 0.000 25.343 27.363 37.358 40.340 51.315 49.287 37.256 26.223 18.189 20.155 20.121 15.088 29.056 46.025 49.995 54.967 51.940 44.914 49.889 52.866 52.844 50.824 52.804 55.786
40.283 63.214 67.146 68.091 65.051 66.017 60.987 6.964 0.000 31.680 32.671 37.666 45.665 0.000 0.000 0.000 0.000 0.000 0.000 0.000 0.000 12.407 35.409 48.407 60.406 59.405 59.403 59.402 59.399 60.397 59.394 59.391 59.388 56.385 50.383 15.384 0.000 0.000 0.000 0.000 0.000 0.000 0.000 20.932 27.932 0.000 0.000 0.000 42.317 28.325 23.329 51.324 56.309 57.288 61.263 55.234 43.202 23.169 20.136 20.103 18.070 19.038 25.007 25.978 32.949 40.923 47.897 51.873 52.850 53.829 49.808 52.789 53.771
22.339 27.266 37.178 13.124 70.102 67.079 52.061 29.051 0.000 0.000 0.000 0.000 0.000 0.000 0.000 0.000 0.000 0.000 0.000 0.000 0.000 13.405 38.404 41.398 57.395 59.394 59.393 59.391 63.390 62.387 59.385 59.383 60.381 51.379 54.378 0.000 0.000 0.000 0.000 0.000 0.000 0.000 0.000 0.000 14.931 23.931 0.000 0.000 73.309 36.309 18.306 49.299 57.285 57.266 57.242 60.214 59.184 39.151 22.117 20.084 18.052 21.020 21.989 29.959 34.931 23.905 23.879 28.856 33.833 39.812 44.792 48.774 52.756
68.401 47.333 0.000 0.000 74.154 66.136 53.128 35.128 2.146 0.000 0.000 0.000 0.000 0.000 0.000 0.000 0.000 0.000 0.000 0.000 0.000 0.000 0.000 43.384 59.384 59.384 59.383 59.382 61.380 60.379 59.377 59.375 60.373 48.372 58.372 0.000 0.000 0.000 0.000 0.000 0.000 0.000 0.000 0.000 0.000 0.000 0.000 0.000 10.303 26.296 19.289 49.280 57.267 57.249 58.226 58.199 58.167 51.133 27.099 23.065 21.033 18.000 38.969 50.940 56.912 40.885 33.861 29.837 27.815 24.795 24.776 24.757 52.740
44.476 0.000 0.000 71.336 71.224 69.182 60.188 45.187 1.185 0.000 0.000 0.000 0.000 0.000 0.000 0.000 0.000 0.000 0.000 0.000 0.000 0.000 25.366 48.372 60.373 59.374 59.373 60.373 59.372 59.370 59.369 59.368 60.366 53.365 18.365 0.000 0.000 0.000 0.000 0.000 0.000 0.000 0.000 0.000 0.000 0.000 0.000 0.000 0.000 23.285 22.274 40.265 55.253 58.237 52.216 48.187 54.153 45.116 28.080 27.047 36.013 30.980 53.949 57.919 56.891 54.865 54.841 51.818 49.797 46.777 42.758 34.741 54.724
71.530 61.533 67.505 23.448 0.000 0.000 66.253 40.247 1.217 0.000 3.416 0.000 0.000 0.000 0.000 0.000 0.000 0.000 0.000 0.000 0.000 0.000 41.361 53.363 60.364 59.365 59.365 61.364 61.364 59.363 59.361 59.360 58.359 54.358 3.358 0.000 0.000 0.000 0.000 0.000 0.000 0.000 0.000 0.000 0.000 0.000 0.000 0.000 0.000 0.000 11.258 37.253 55.244 56.232 37.213 40.181 42.144 39.097 24.061 21.027 43.994 52.959 56.927 58.897 58.869 59.843 57.819 57.797 58.777 57.758 58.740 58.723 57.707
73.582 65.564 70.535 21.504 0.000 0.000 57.324 5.319 0.000 0.000 35.416 0.000 0.000 0.000 0.000 0.000 0.000 0.000 0.000 0.000 0.000 0.000 44.355 56.356 60.356 59.357 59.357 60.357 60.356 59.355 59.354 60.353 56.352 51.350 1.349 0.000 0.000 0.000 0.000 0.000 0.000 0.000 0.000 0.000 0.000 0.000 0.000 0.000 3.243 5.244 16.247 32.245 54.239 56.232 2.225 0.000 0.000 29.067 23.038 18.009 31.975 50.937 56.903 58.872 58.845 58.820 56.797 56.776 57.756 56.738 56.721 57.705 57.690
65.653 65.606 65.566 63.530 50.499 36.457 29.401 28.387 24.407 27.414 30.417 30.417 2.417 0.000 0.000 0.000 0.000 0.000 5.320 7.320 0.000 0.000 43.348 57.348 59.349 59.350 59.350 59.350 59.349 59.348 59.347 59.346 41.344 36.343 34.339 29.335 0.000 0.000 0.000 0.000 0.000 0.000 0.000 0.000 0.000 0.000 0.000 0.000 7.242 33.242 24.242 28.240 48.237 49.233 22.229 0.000 0.000 0.000 20.017 24.995 23.961 42.912 55.875 56.845 56.818 56.795 56.773 56.753 56.735 56.717 56.701 56.686 56.672
65.692 65.641 65.593 64.550 61.510 63.471 37.436 16.420 54.419 27.420 31.419 7.418 0.000 0.000 0.000 0.000 0.000 0.000 5.320 51.321 0.319 0.000 42.340 56.341 60.342 59.343 61.343 62.343 60.343 59.342 59.341 57.340 50.338 41.336 42.334 41.332 0.000 0.000 0.000 0.000 0.000 0.000 0.000 0.000 0.000 0.000 0.000 0.000 1.241 36.241 28.240 35.238 50.235 45.233 51.231 0.000 0.000 0.000 0.000 0.000 0.000 32.877 55.841 56.814 56.790 56.768 56.748 56.729 56.712 56.696 56.681 56.667 56.653
65.725 65.673 66.616 68.566 65.521 65.482 64.454 65.437 56.430 34.427 6.423 0.000 0.000 0.000 0.000 0.000 0.000 0.000 0.000 44.322 31.324 21.327 37.332 59.335 59.336 59.337 59.337 59.337 59.337 59.336 59.335 59.334 57.332 36.330 40.328 47.327 0.000 0.000 0.000 0.000 0.000 0.000 0.000 0.000 0.000 0.000 0.000 0.000 0.000 48.241 0.000 15.235 38.233 45.232 6.231 0.000 0.000 0.000 0.000 0.000 0.000 0.000 44.799 57.781 56.760 56.739 56.721 56.704 56.689 56.674 56.660 56.647 56.635
68.760 64.711 61.634 63.575 66.526 66.483 68.460 65.445 63.438 50.434 0.000 0.000 0.000 0.000 0.000 0.000 0.000 0.000 0.000 0.320 35.323 27.325 43.328 61.330 59.331 59.332 59.332 59.332 59.332 59.331 59.330 59.329 60.327 49.325 36.323 40.320 46.317 0.000 0.000 0.000 0.000 0.000 0.000 0.000 0.000 0.000 0.000 0.000 0.000 0.000 0.000 0.000 23.232 42.231 0.000 0.000 0.000 0.000 0.000 0.000 0.000 0.000 32.775 53.752 56.729 56.709 56.693 56.678 56.665 56.652 56.640 56.628 56.616
61.800 22.777 0.000 0.000 0.000 58.465 63.456 69.447 65.441 54.438 4.438 0.000 38.437 8.437 0.000 0.000 0.000 0.000 0.000 0.000 27.321 31.322 52.324 60.325 61.327 62.327 59.328 59.328 59.328 59.327 59.326 59.324 59.322 60.320 39.318 21.316 30.313 0.000 0.000 0.000 0.000 0.000 0.000 0.000 0.000 0.000 0.000 0.000 0.000 0.000 0.000 0.000 12.231 45.231 0.000 0.000 0.000 0.000 0.000 0.000 0.000 0.000 0.000 33.723 53.694 56.677 56.663 56.651 56.640 56.629 56.619 56.608 56.597
56.834 13.820 0.000 0.000 33.456 31.456 48.452 67.447 64.442 49.440 30.439 34.438 38.437 4.437 0.000 0.000 0.000 0.000 0.000 0.000 28.318 39.319 59.320 59.322 62.323 62.324 59.324 59.324 59.324 59.323 59.322 59.320 59.319 60.316 56.314 51.311 40.307 20.302 14.299 0.000 0.000 0.000 0.000 0.000 0.000 0.000 0.000 0.000 0.000 0.000 0.000 0.000 14.230 6.230 0.000 0.000 0.000 0.000 0.000 0.000 0.000 0.000 0.000 0.000 38.648 54.641 56.633 56.624 56.616 56.607 56.598 56.589 56.579
62.859 43.851 15.856 0.000 0.000 33.452 33.449 55.445 67.442 45.440 32.439 37.438 15.437 0.000 0.000 0.000 0.000 0.000 27.310 20.312 25.314 42.316 61.317 61.319 62.320 59.321 59.321 59.321 59.321 59.320 59.319 59.317 59.315 59.313 59.310 61.307 50.304 38.300 27.297 28.294 21.291 12.290 17.290 0.000 0.000 0.000 0.000 0.000 0.000 0.000 0.000 0.000 17.230 0.000 0.000 0.000 0.000 0.000 0.000 0.000 0.000 0.000 0.000 0.000 23.610 51.607 55.603 56.598 56.592 56.586 56.579 56.571 56.561
65.876 56.868 9.862 0.000 0.000 0.000 32.446 37.443 64.441 52.440 33.439 36.438 11.437 0.000 0.000 0.000 0.000 0.000 30.309 23.310 26.312 44.313 63.315 62.316 60.318 60.319 59.319 59.319 59.318 59.317 59.316 60.315 60.313 60.310 54.307 45.304 49.301 56.298 49.295 47.293 35.291 22.290 29.290 0.000 0.000 0.000 0.000 0.000 0.000 0.000 0.000 0.000 0.000 0.000 0.000 0.000 0.000 0.000 0.000 0.000 0.000 0.000 0.000 0.000 15.574 46.575 56.574 58.572 58.569 58.566 57.561 56.554 56.545
65.888 40.883 0.000 0.000 0.000 0.000 0.000 39.441 52.440 46.439 45.438 42.438 32.437 10.437 0.000 0.000 0.000 0.000 29.308 22.309 27.310 42.311 54.313 51.314 46.316 48.317 53.318 58.318 60.317 60.315 58.314 48.313 46.311 51.308 40.304 37.301 37.298 48.296 52.293 47.291 33.290 22.289 0.000 0.000 0.000 0.000 0.000 0.000 0.000 0.000 0.000 0.000 0.000 0.000 0.000 0.000 0.000 0.000 0.000 0.000 0.000 0.000 0.000 0.000 3.540 28.543 34.546 36.548 36.548 37.547 46.544 55.540 56.532
64.897 30.893 0.000 0.000 0.000 0.000 0.000 34.440 28.439 27.439 35.438 35.438 35.437 31.437 4.437 0.000 0.000 0.000 34.307 29.307 34.308 44.309 47.311 50.313 8.314 0.000 0.000 0.000 60.315 57.314 46.311 1.312 0.000 0.000 39.301 71.298 64.296 43.293 49.291 43.290 32.288 17.287 20.286 0.000 0.000 0.000 0.000 0.000 0.000 0.000 0.000 0.000 0.000 0.000 0.000 0.000 0.000 0.000 0.000 0.000 7.452 28.452 39.459 38.475 56.501 64.513 65.520 63.525 65.528 52.530 35.531 53.529 56.523
62.902 27.898 0.000 0.000 0.000 0.000 0.000 34.439 30.439 9.439 0.000 0.000 0.000 0.000 0.000 0.000 0.000 0.000 40.305 34.305 29.306 25.307 11.308 0.000 0.000 0.000 0.000 0.000 0.000 0.000 33.307 0.000 0.000 0.000 0.000 34.294 67.293 27.291 28.290 27.288 23.287 26.286 73.285 32.284 0.000 0.000 0.000 0.000 0.000 0.000 0.000 0.000 0.000 0.000 0.000 0.000 0.000 0.000 0.000 0.000 0.000 75.445 71.452 53.463 54.478 51.489 52.497 74.504 67.509 53.515 33.520 42.524 41.523
48.904 29.901 23.900 0.000 0.000 0.000 0.000 0.000 32.439 16.438 0.000 0.000 0.000 0.000 0.000 0.000 0.000 0.000 40.303 40.303 41.303 24.303 0.000 0.000 0.000 0.000 0.000 0.000 0.000 0.000 29.302 6.301 0.000 0.000 0.000 33.292 82.291 46.290 49.288 44.287 29.286 47.285 101.284 98.283 29.283 0.000 0.000 0.000 0.000 0.000 0.000 0.000 0.000 0.000 0.000 0.000 0.000 6.402 0.000 0.000 3.423 78.432 45.440 53.449 44.459 25.468 36.476 79.483 45.491 32.500 39.510 0.000 0.000
32.903 32.901 18.900 0.000 0.000 0.000 0.000 0.000 0.000 0.000 0.000 0.000 0.000 0.000 0.000 0.000 0.000 0.000 43.302 34.301 28.301 26.301 0.295 0.000 0.000 0.000 0.000 0.000 0.000 26.299 19.300 44.300 40.299 0.000 0.000 39.291 45.290 37.289 80.287 69.285 40.285 0.000 57.283 112.282 0.000 0.000 0.000 0.000 0.000 0.000 0.000 0.000 0.000 0.000 0.000 0.000 57.401 95.402 86.403 82.407 29.415 73.421 41.427 30.434 77.442 58.449 78.456 59.463 29.472 37.486 0.000 0.000 0.000
35.902 36.900 28.899 0.000 0.000 0.000 0.000 0.000 0.000 0.000 0.000 0.000 0.000 0.000 0.000 0.000 0.000 0.000 0.000 38.299 28.299 6.299 0.000 0.000 0.000 0.000 0.000 0.000 0.000 28.298 25.298 1.299 0.000 0.000 0.000 13.290 0.000 0.000 0.000 35.280 0.000 0.000 13.282 79.282 34.282 0.000 0.000 0.000 0.000 0.000 0.000 0.000 0.000 0.000 0.000 0.000 13.401 0.000 57.402 61.404 12.407 73.411 50.414 23.419 41.424 91.430 105.436 39.442 27.448 0.000 0.000 0.000 3.346
34.899 35.898 35.897 39.896 31.895 0.000 0.000 0.000 0.000 0.000 0.000 0.000 0.000 0.000 0.000 0.000 0.000 0.000 0.000 28.297 24.297 8.297 0.000 0.000 0.000 0.000 0.000 0.000 29.297 26.297 3.298 0.000 0.000 0.000 0.000 0.000 0.000 0.000 0.000 39.276 0.000 0.000 13.282 0.000 0.000 0.000 0.000 0.000 0.000 0.000 0.000 0.000 0.000 0.000 0.000 0.000 0.000 0.000 33.399 52.399 11.400 75.400 55.401 25.403 74.407 77.411 72.417 80.423 44.429 0.000 0.000 0.000 17.336
36.896 14.897 25.896 34.895 34.894 34.893 33.893 0.000 0.000 0.000 0.000 0.000 0.000 0.000 0.000 0.000 0.000 0.000 0.000 30.296 26.296 10.296 0.000 0.000 0.000 0.000 0.000 0.000 0.000 32.297 4.297 0.000 0.000 0.000 0.000 0.000 0.000 0.000 3.270 26.271 30.270 7.270 0.000 0.000 0.000 0.000 0.000 0.000 0.000 0.000 0.000 0.000 0.000 0.000 0.000 0.000 0.000 0.000 36.395 56.394 16.393 76.390 61.387 75.387 75.389 34.392 27.397 72.404 21.416 0.000 0.000 18.313 26.322
41.890 0.000 0.000 31.894 20.894 0.000 33.892 23.892 0.000 0.000 0.000 0.000 0.000 0.000 0.000 0.000 0.000 0.000 0.000 29.295 26.295 14.295 0.000 0.000 0.000 0.000 0.000 0.000 0.000 0.000 0.000 0.000 0.000 0.000 0.000 0.000 0.000 0.000 42.270 59.270 20.270 0.000 0.000 0.000 0.000 0.000 0.000 0.000 0.000 0.000 0.000 0.000 0.000 0.000 0.000 0.000 0.000 0.000 71.393 57.392 18.387 76.378 73.372 65.369 57.369 43.372 44.376 13.380 0.000 0.000 2.302 21.306 28.310
38.883 0.000 0.000 18.894 10.894 0.000 0.000 0.000 0.000 42.819 38.818 29.818 0.000 0.000 0.000 0.000 0.000 0.000 0.000 33.294 29.294 11.294 0.000 0.000 0.000 0.000 0.000 0.000 0.000 0.000 0.000 0.000 0.000 0.000 0.000 0.000 0.000 0.000 5.269 89.269 55.269 0.000 0.000 0.000 0.000 0.000 0.000 0.000 0.000 0.000 0.000 0.000 0.000 0.000 0.000 0.000 0.000 0.000 3.393 0.000 0.000 50.365 91.353 70.348 69.348 67.350 70.354 18.360 0.000 0.000 6.299 20.297 21.299
54.875 0.000 0.000 0.000 0.000 40.835 27.834 0.000 38.821 32.820 32.819 24.818 0.000 0.000 0.000 0.000 0.000 0.000 0.000 33.294 28.294 16.294 0.000 0.000 0.000 0.000 0.000 0.000 0.000 0.000 0.000 0.000 0.000 0.000 0.000 0.000 0.000 0.000 0.000 33.269 25.269 0.000 0.000 0.000 0.000 0.000 0.000 0.000 0.000 0.000 0.000 0.000 0.000 0.000 0.000 0.000 0.000 0.000 0.000 0.000 0.000 0.000 33.325 34.325 32.325 32.327 29.332 25.346 0.000 0.000 0.000 20.285 18.286
65.866 54.858 36.852 37.847 36.842 30.837 31.833 32.828 30.823 35.820 34.818 25.817 22.816 0.000 0.000 0.000 0.000 0.000 0.000 20.293 0.000 0.000 0.000 0.000 0.000 0.000 0.000 0.000 0.000 0.000 0.000 0.000 0.000 0.000 0.000 0.000 0.000 0.000 0.000 0.000 32.268 0.000 0.000 0.000 0.000 0.000 0.000 0.000 0.000 0.000 0.000 0.000 0.000 0.000 0.000 0.000 0.000 0.000 0.000 0.000 0.000 0.000 21.298 20.300 20.301 36.302 31.302 0.000 0.000 0.000 0.000 33.271 45.273
65.860 59.856 29.851 29.847 29.843 12.838 13.833 17.828 27.824 36.820 33.818 25.816 28.816 17.815 0.000 0.000 0.000 0.000 0.000 0.000 0.000 0.000 0.000 0.000 0.000 0.000 0.000 0.000 0.000 0.000 0.000 0.000 0.000 0.000 0.000 0.000 0.000 0.000 0.000 0.000 0.000 0.000 0.000 0.000 0.000 0.000 0.000 0.000 0.000 0.000 0.000 0.000 0.000 0.000 0.000 0.000 0.000 0.000 0.000 0.000 13.248 16.255 20.270 20.276 22.278 41.277 31.272 14.258 0.000 0.000 28.246 49.255 56.260
65.856 63.853 33.851 30.848 10.846 0.000 0.000 0.000 0.000 27.818 30.817 28.815 21.815 0.000 0.000 0.000 0.000 0.000 0.000 0.000 0.000 0.000 0.000 0.000 0.000 0.000 0.000 0.000 0.000 0.000 0.000 0.000 0.000 0.000 0.000 0.000 0.000 0.000 0.000 0.000 0.000 0.000 0.000 0.000 0.000 0.000 0.000 0.000 0.000 0.000 0.000 0.000 0.000 0.000 0.000 0.000 0.000 0.000 0.000 0.000 24.241 21.246 20.253 16.256 29.258 46.256 30.252 19.244 14.235 14.233 38.238 55.244 56.248
65.852 63.852 16.850 20.849 0.000 0.000 0.000 0.000 0.000 0.000 18.815 31.814 23.813 0.000 0.000 0.000 0.000 0.000 0.000 0.000 0.000 0.000 0.000 0.000 0.000 0.000 0.000 0.000 0.000 0.000 0.000 0.000 0.000 0.000 0.000 0.000 0.000 0.000 0.000 0.000 0.000 0.000 0.000 0.000 0.000 0.000 0.000 0.000 0.000 0.000 0.000 0.000 0.000 0.000 0.000 0.000 0.000 0.000 0.000 18.225 16.231 15.235 20.238 34.240 47.240 37.239 21.236 19.232 21.228 18.227 39.230 57.233 56.237
65.849 39.850 0.000 0.000 0.000 0.000 0.000 0.000 0.000 0.000 0.000 21.813 28.811 26.810 0.000 0.000 0.000 0.000 0.000 0.000 0.000 0.000 0.000 0.000 0.000 0.000 0.000 0.000 0.000 0.000 0.000 0.000 0.000 0.000 0.000 0.000 0.000 0.000 0.000 0.000 0.000 0.000 0.000 0.000 0.000 0.000 0.000 0.000 0.000 0.000 0.000 0.000 0.000 0.000 0.000 0.000 23.212 15.213 13.216 25.220 39.223 44.225 46.226 46.226 32.225 20.223 19.221 19.219 18.218 20.218 43.220 58.223 56.227
