results1/res_4e8f-0178.wd
ncols         241
nrows         181
xllcorner     12693529.787448
yllcorner     3542525.717860
cellsize      155.156523
NODATA_value  -9999.000000
[rows 66 to 98 of 181, columns 73 to 145 of 241]
71.633 35.620 0.000 60.766 77.743 76.712 76.684 0.000 48.081 48.065 61.078 57.089 56.069 56.023 54.954 130.854 118.682 0.000 0.000 0.000 51.405 46.342 51.247 54.185 54.133 56.084 57.037 61.980 62.928 63.880 54.845 0.000 0.000 52.136 102.136 84.049 87.914 88.003 86.056 93.975 86.466 86.945 87.685 86.458 86.236 87.032 56.877 0.000 0.000 0.000 0.000 0.000 0.000 0.000 42.747 40.723 40.683 40.629 40.563 40.495 44.423 57.346 54.270 39.196 50.123 59.051 37.980 40.909 46.839 51.769 47.700 41.632 39.566
56.635 62.607 0.445 48.991 72.952 71.922 65.925 19.011 0.000 0.000 54.158 67.237 56.238 55.206 56.162 37.121 0.000 0.000 0.000 0.000 0.000 0.000 62.179 60.153 58.120 41.078 44.030 50.975 51.935 56.902 47.874 0.000 0.000 0.000 62.377 80.285 87.223 87.315 94.401 94.195 86.538 87.226 86.938 86.727 86.517 81.329 39.197 0.000 3.384 36.384 0.000 0.000 0.000 48.828 43.792 40.758 40.715 40.663 40.602 40.537 40.467 40.395 47.322 61.249 62.177 45.105 39.035 39.965 40.895 44.827 43.759 39.692 39.627
58.647 57.578 62.444 60.244 74.150 67.100 68.083 65.097 0.000 0.000 0.000 69.465 64.438 59.403 61.368 8.345 0.000 0.000 0.000 0.000 0.000 0.000 61.138 57.128 48.116 0.000 0.000 48.955 60.935 59.920 0.000 0.000 8.081 64.962 56.709 60.532 67.609 82.670 94.592 86.275 87.831 87.395 87.206 86.989 84.776 67.572 46.384 52.384 50.384 31.384 0.000 0.000 0.000 6.864 57.837 39.801 40.757 44.705 52.646 42.583 40.515 39.445 43.373 58.301 65.230 57.159 43.089 38.020 39.951 39.884 39.817 39.751 38.685
58.690 56.614 60.511 71.391 65.304 58.246 77.211 66.198 18.215 0.000 11.869 61.721 77.646 72.598 72.564 75.546 0.000 0.000 0.000 0.000 7.090 7.095 59.107 50.105 53.099 0.000 0.000 0.000 96.932 123.922 38.910 0.000 64.201 59.098 58.936 58.843 54.925 94.945 94.774 87.321 90.927 87.674 87.465 87.251 79.025 31.798 0.000 54.384 32.384 0.000 0.000 0.000 45.969 44.926 43.891 39.851 43.806 55.754 60.696 58.633 51.566 41.496 50.425 58.353 37.282 43.211 56.142 53.074 49.007 56.940 37.875 39.809 37.744
56.750 62.678 72.594 64.506 56.429 56.367 69.316 77.267 73.232 76.158 78.017 72.904 67.828 69.777 58.745 57.728 0.000 0.000 0.000 8.083 64.086 63.088 51.090 53.086 54.076 58.056 57.042 0.000 7.939 1.925 0.869 10.597 70.424 63.291 58.130 59.220 57.265 95.101 56.936 64.527 79.123 86.944 87.730 85.524 44.274 0.000 0.000 0.000 0.000 0.000 0.000 47.037 41.011 40.982 40.948 41.908 51.862 60.809 59.750 59.686 55.619 51.548 61.477 44.405 39.333 40.263 40.194 50.127 63.061 49.996 37.932 38.868 44.802
62.819 73.753 63.681 56.608 57.540 57.479 59.417 43.324 69.288 67.225 59.135 56.051 54.985 70.939 72.909 59.894 0.000 0.000 0.000 64.081 60.081 57.081 50.079 54.074 54.064 54.049 54.029 12.998 15.959 16.929 18.877 86.742 83.609 72.477 71.431 60.428 95.377 95.245 58.988 65.637 60.414 67.218 85.990 60.840 0.000 0.000 0.000 0.000 0.000 0.000 0.000 47.062 41.058 41.041 41.011 41.972 50.925 60.870 59.809 58.744 55.674 60.602 54.529 38.456 40.384 40.313 40.245 50.178 58.114 37.052 39.990 42.927 61.861
73.894 63.834 56.770 57.705 57.644 58.591 39.550 0.000 26.371 54.320 57.249 57.178 57.123 55.083 79.058 63.046 0.000 0.000 0.000 41.079 58.077 52.075 53.072 54.067 54.058 54.045 54.028 65.004 4.973 8.954 25.961 78.887 88.783 10.671 92.592 82.783 95.493 57.558 71.202 67.846 57.717 54.522 51.173 36.007 0.000 0.000 42.626 0.000 0.000 0.000 0.000 43.091 41.120 41.112 41.084 41.044 41.995 47.938 55.874 55.805 55.732 59.657 37.582 40.507 40.433 39.362 45.293 62.227 45.165 39.106 42.050 22.991 23.911
63.974 56.918 57.859 57.799 57.741 60.689 16.644 14.608 7.506 52.434 57.363 59.290 57.245 56.214 74.194 70.185 0.000 0.000 0.000 0.000 49.072 52.070 54.067 54.062 54.055 54.046 56.033 42.019 0.000 0.000 76.127 79.061 89.969 95.840 89.943 87.980 95.593 78.606 81.309 66.151 59.057 51.983 0.000 0.000 0.000 0.000 40.626 0.000 0.000 0.000 0.000 0.000 44.219 41.202 41.170 41.126 41.073 41.012 40.943 47.870 55.792 43.713 40.634 40.556 40.480 43.407 56.338 56.273 38.213 40.158 43.111 10.077 0.000
57.059 58.005 57.948 57.891 57.834 57.779 61.727 62.676 62.609 58.546 58.478 38.374 55.353 56.333 72.320 71.316 0.000 0.000 0.000 0.000 48.068 54.067 54.064 54.061 54.055 54.049 42.041 0.000 0.000 4.492 81.359 87.263 90.162 90.108 89.186 95.727 88.086 90.803 85.492 70.434 60.374 59.370 59.504 0.000 0.000 0.000 37.626 44.626 37.626 0.000 0.000 0.000 59.334 40.307 41.267 41.218 41.159 42.092 41.018 40.938 40.855 40.770 40.685 40.603 39.524 45.449 60.379 37.315 40.256 40.203 42.159 17.129 0.000
58.148 58.095 58.039 57.982 57.923 57.866 57.810 57.758 57.709 57.664 61.631 0.000 48.459 57.446 73.436 68.442 4.489 0.000 0.000 0.000 53.066 56.065 56.063 56.060 54.057 57.054 0.000 0.000 0.000 73.625 79.553 90.468 90.349 90.458 88.507 95.931 89.218 93.861 89.753 90.687 78.638 66.619 55.639 50.639 52.639 0.000 0.000 43.626 38.625 44.620 45.605 43.567 49.477 59.424 41.374 42.319 51.254 58.181 40.099 41.010 40.918 40.825 40.734 39.646 44.563 63.486 57.415 46.350 39.292 40.239 42.193 57.152 75.107
58.239 58.186 58.131 58.073 58.013 57.950 57.891 60.838 58.803 57.772 61.749 0.000 48.579 57.557 74.536 66.528 6.535 0.000 0.000 0.000 26.065 36.064 35.062 35.060 56.058 41.056 0.000 0.000 0.000 75.830 85.764 90.676 90.634 89.738 96.553 96.259 90.280 91.124 89.982 89.926 90.872 81.828 46.793 0.000 0.000 0.000 0.000 41.628 41.629 38.630 40.628 41.620 40.582 47.538 61.488 44.428 42.358 52.277 40.186 41.086 40.983 40.880 40.780 40.685 48.597 61.517 48.445 60.380 38.322 39.270 44.222 65.177 77.131
58.334 58.281 58.226 58.168 58.105 61.032 62.965 34.899 55.895 58.872 60.844 20.819 51.722 56.665 68.624 66.598 7.589 0.000 0.000 0.000 0.000 0.000 2.061 2.060 37.059 0.000 0.000 0.000 24.267 74.101 90.996 90.878 90.995 89.081 96.819 88.862 94.569 90.265 90.220 90.154 90.095 80.030 40.911 0.000 0.000 0.000 0.000 0.000 44.635 45.641 32.657 40.704 41.693 41.659 45.610 61.548 44.474 41.384 41.281 41.166 41.047 40.931 38.820 44.717 63.623 44.540 43.467 57.403 41.346 39.295 46.249 72.205 77.160
58.429 58.376 58.323 58.268 60.205 36.108 38.037 0.000 18.006 53.976 57.937 61.891 57.823 60.758 65.695 70.653 9.633 0.000 0.000 0.000 0.000 3.060 55.060 62.060 0.000 0.000 0.000 7.551 83.434 85.314 91.209 91.166 90.285 97.300 97.068 89.921 90.637 90.510 90.442 90.379 89.325 69.286 0.000 0.000 0.000 0.000 0.000 0.000 0.000 36.641 0.000 47.843 44.828 40.794 40.745 42.682 59.603 48.506 40.387 41.249 41.109 39.976 44.853 46.740 45.638 42.553 40.480 40.418 40.364 41.316 54.273 76.232 77.192
58.525 58.472 58.423 58.377 63.340 1.326 0.000 24.236 16.146 50.088 59.037 56.984 58.922 70.851 42.744 36.686 1.660 0.000 0.000 0.000 0.000 53.060 59.060 61.060 0.000 0.000 0.000 70.669 75.601 89.513 91.397 91.529 89.624 97.514 89.416 91.094 90.789 90.731 90.657 90.594 82.539 59.502 0.000 0.000 0.000 0.000 0.000 0.000 0.000 0.000 0.000 51.999 46.980 40.944 38.895 41.831 41.751 57.649 50.513 41.333 42.164 40.012 46.875 46.751 43.638 37.552 40.483 40.426 42.377 56.333 75.294 77.258 80.226
59.617 57.565 57.518 57.477 60.447 30.438 27.409 59.327 64.254 58.194 56.140 63.086 73.030 75.978 0.000 0.000 0.000 0.000 0.000 0.000 0.000 21.060 28.060 30.060 0.000 0.000 0.000 72.855 80.791 90.703 91.695 90.734 97.908 97.717 90.445 91.151 91.014 90.938 90.866 90.800 72.737 54.681 0.000 0.000 0.000 0.000 0.000 0.000 0.000 0.000 0.000 50.174 48.149 48.109 45.058 37.996 39.922 40.826 56.684 56.406 53.201 50.033 42.886 41.750 38.612 39.534 40.475 44.426 64.383 76.346 76.312 77.282 76.256
73.706 72.654 71.607 69.566 66.531 67.502 67.463 64.407 65.349 67.295 67.243 73.190 75.132 33.055 0.000 0.000 0.000 0.000 0.000 0.000 0.000 0.000 0.000 0.000 0.000 11.363 19.284 74.105 90.997 91.906 91.857 91.085 98.087 89.917 91.594 91.283 91.220 91.139 91.069 89.002 70.928 41.805 0.000 0.000 0.000 0.000 0.000 0.000 0.000 0.000 0.000 40.374 44.334 47.285 48.231 47.174 44.114 40.050 33.992 0.000 0.000 0.000 0.000 0.000 42.528 40.495 43.457 64.420 77.385 76.354 77.326 80.301 76.280
69.789 71.737 70.691 72.649 74.610 73.574 72.534 70.489 68.441 68.394 69.347 65.299 65.253 0.000 0.000 0.000 0.000 0.000 0.000 0.000 0.000 0.000 0.000 0.000 0.000 60.442 83.385 82.283 91.190 92.078 92.205 90.308 98.253 92.009 91.616 91.493 91.410 91.335 91.267 87.210 67.169 0.000 0.000 0.000 0.000 0.000 0.000 0.000 0.000 0.000 47.758 42.613 39.529 41.465 46.408 48.356 48.308 49.268 40.241 0.000 0.000 0.000 0.000 0.000 43.477 41.461 57.437 78.411 76.384 76.359 76.336 77.316 76.300
57.867 57.816 58.770 65.727 74.688 80.650 68.612 62.572 57.532 55.492 54.452 60.405 39.329 0.000 0.000 0.000 0.000 0.000 0.000 0.000 0.000 0.000 0.000 0.000 0.000 66.577 82.531 90.455 92.369 92.336 91.466 98.547 98.406 94.025 91.833 91.673 91.597 91.521 91.455 86.402 61.370 0.000 0.000 0.000 0.000 0.000 0.000 0.000 0.000 48.025 42.904 42.791 42.705 41.636 38.580 43.533 47.496 48.472 45.464 0.000 0.000 0.000 0.000 46.433 40.442 44.436 72.421 76.402 76.382 76.362 76.344 76.328 76.315
56.940 56.890 60.845 65.803 67.764 70.727 60.691 56.656 57.622 57.591 59.563 37.541 0.000 0.000 0.000 0.000 0.000 0.000 0.000 0.000 0.000 0.000 0.000 0.000 0.000 52.759 81.707 91.636 92.535 92.664 90.773 98.677 91.570 93.246 91.927 91.862 91.776 91.698 91.629 82.573 55.539 0.000 0.000 0.000 0.000 0.000 0.000 0.000 47.258 43.146 43.040 42.943 42.863 42.796 42.743 39.700 38.671 41.660 48.679 48.766 0.000 0.000 0.000 40.423 41.424 59.418 76.408 75.394 75.379 76.364 76.349 76.337 76.327
57.008 56.960 58.916 59.875 57.838 56.802 57.769 56.739 56.711 56.686 61.667 6.656 0.000 0.000 0.000 0.000 0.000 0.000 0.000 0.000 0.000 0.000 0.000 0.000 4.128 60.993 89.903 92.819 92.789 91.919 98.914 98.800 94.567 92.269 92.125 92.036 91.949 91.867 92.790 72.722 60.674 0.000 0.000 46.866 0.000 46.631 48.587 48.503 43.370 43.262 43.166 43.080 43.006 42.944 42.893 42.855 41.829 38.818 47.827 48.852 41.852 0.000 0.000 48.413 40.411 48.406 54.398 57.388 61.376 67.364 73.353 75.343 75.335
58.072 58.026 57.984 57.945 57.909 56.876 56.845 56.818 56.795 55.777 63.764 14.759 0.000 0.000 0.000 0.000 0.000 0.000 0.000 0.000 0.000 0.000 0.000 0.000 45.263 81.180 92.094 92.984 93.124 91.216 99.016 92.017 93.692 92.377 92.303 92.208 92.118 92.030 92.942 64.850 42.762 0.000 0.000 42.866 0.000 41.675 43.627 43.551 43.457 43.366 43.282 43.205 43.138 43.080 43.032 42.996 40.971 42.958 48.957 45.964 0.000 0.000 0.000 47.404 46.402 45.397 44.391 43.383 42.374 46.364 57.356 53.348 55.342
56.133 56.089 56.049 56.012 55.977 55.946 55.918 56.894 58.875 60.861 35.855 2.856 0.000 0.000 0.000 0.000 0.000 0.000 0.000 3.498 12.490 0.000 0.000 15.622 56.481 87.374 93.271 93.260 92.287 99.196 99.111 95.007 92.713 92.565 92.472 92.378 92.285 92.193 88.098 34.974 0.000 0.000 0.000 42.866 48.847 43.768 43.695 43.618 43.540 43.464 43.390 43.321 43.259 43.205 43.161 43.125 40.100 49.086 49.081 45.082 0.000 0.000 0.000 46.397 45.395 46.391 46.385 46.379 46.371 46.364 45.357 45.351 44.346
57.190 57.149 60.110 64.075 67.043 71.013 72.987 75.965 74.948 66.938 4.938 15.954 40.008 8.033 0.000 0.000 0.000 0.000 0.000 43.506 70.481 10.442 0.000 49.764 82.665 92.556 93.455 93.386 92.609 99.269 91.442 93.129 92.813 92.738 92.641 92.546 92.451 93.358 80.283 0.000 0.000 0.000 0.000 22.886 42.906 43.855 45.766 45.687 43.622 43.558 43.493 43.431 43.373 43.322 43.279 40.245 45.220 48.204 49.199 40.200 0.000 0.000 0.000 30.393 51.389 51.386 48.381 45.375 45.369 46.363 47.358 47.353 46.349
59.243 58.205 65.169 74.136 75.105 74.077 73.052 72.032 69.015 63.006 38.004 55.014 73.037 42.057 26.078 2.086 0.000 0.000 14.579 53.540 67.488 6.402 25.240 67.005 91.856 94.740 93.580 93.792 91.768 99.331 93.426 93.141 92.994 92.902 92.809 92.716 92.616 94.504 38.394 0.000 0.000 0.000 0.000 0.000 39.036 44.980 25.829 25.740 42.704 43.653 43.595 43.536 43.480 43.431 42.389 40.355 49.329 49.314 46.309 40.321 46.368 0.000 0.000 0.000 62.384 77.381 70.377 66.372 62.367 58.363 61.358 61.354 44.351
59.294 59.259 62.225 65.194 64.165 62.138 60.114 58.093 56.076 56.065 65.059 67.062 64.070 61.081 65.090 13.095 0.000 0.000 54.618 84.585 35.528 31.440 65.313 89.158 94.025 93.880 93.998 91.953 99.414 91.829 93.544 93.232 93.161 93.068 92.979 92.890 95.794 52.649 0.000 0.000 0.000 0.000 0.000 0.000 41.222 46.200 0.000 0.000 39.801 43.756 43.697 43.637 43.581 43.532 40.490 48.456 49.430 48.412 39.403 43.405 43.417 0.000 0.000 0.000 30.381 60.379 78.374 77.369 77.365 77.361 77.358 71.355 61.352
59.343 59.311 59.280 58.250 58.222 59.196 59.172 59.150 57.132 58.117 63.107 66.102 62.102 57.105 60.107 15.108 0.000 0.000 46.689 56.656 34.599 67.517 82.412 91.293 94.175 94.106 93.204 99.783 99.552 92.819 93.548 93.406 93.319 93.231 93.147 93.072 96.021 0.000 0.000 11.388 20.388 0.000 0.000 42.525 45.430 44.398 51.434 0.336 39.943 43.874 43.799 43.733 43.676 41.627 43.585 49.550 49.521 41.500 42.486 43.479 43.476 0.000 0.000 0.000 0.000 0.000 60.370 76.366 76.363 76.360 76.357 77.355 77.353
59.392 59.362 59.333 59.304 59.277 59.251 59.227 58.204 57.184 61.165 65.150 65.138 60.132 56.128 61.126 14.123 0.000 0.000 42.793 11.753 58.693 82.617 88.526 94.431 94.280 94.490 92.478 99.988 92.237 93.948 93.636 93.568 93.477 93.391 93.307 100.230 84.197 0.000 7.387 57.388 43.388 0.000 0.000 37.620 45.575 44.528 44.476 50.360 48.146 46.998 43.893 43.820 43.763 40.714 48.672 49.636 45.606 40.582 43.563 43.547 45.534 49.545 0.000 0.000 0.000 0.000 0.000 73.362 76.360 76.358 76.356 77.355 75.353
59.441 59.413 59.385 59.358 59.331 59.305 58.281 57.257 59.234 63.210 66.188 62.170 57.158 56.151 59.145 41.134 28.108 29.048 24.937 25.869 65.803 86.731 92.653 94.542 94.680 92.670 100.349 100.177 93.241 93.954 93.809 93.720 93.632 93.547 98.461 41.344 56.339 26.376 57.386 65.388 0.000 0.000 0.000 36.761 45.722 44.662 44.582 54.460 65.283 39.078 48.954 44.892 41.842 43.795 49.753 48.716 39.685 42.659 43.637 43.613 30.568 31.557 0.000 0.000 0.000 0.000 0.000 54.359 75.358 76.357 76.355 80.354 76.353
59.492 59.464 59.437 59.410 59.384 59.358 57.333 57.309 61.283 68.255 69.221 65.195 60.179 58.172 58.169 60.161 60.141 69.100 10.039 43.981 81.921 88.854 94.782 94.748 93.878 100.657 100.508 93.594 94.375 94.039 93.965 93.871 93.784 93.706 101.647 0.000 39.441 41.404 31.394 33.391 0.000 0.000 0.000 39.940 45.889 44.818 50.730 66.615 43.449 0.000 29.953 42.951 40.916 48.872 49.829 45.791 42.759 43.733 43.713 45.699 0.000 0.000 0.000 0.000 0.000 0.000 46.358 27.358 66.356 76.355 76.354 81.353 76.352
59.542 59.515 59.488 59.462 59.436 58.411 57.386 59.362 66.336 43.304 19.245 18.211 15.193 45.188 62.199 57.201 60.193 41.173 3.138 49.095 87.043 92.990 94.878 95.120 93.142 100.794 93.926 94.703 94.272 94.214 94.109 94.016 93.927 94.845 92.774 14.718 14.579 0.000 0.000 0.000 0.000 0.000 39.313 47.171 45.076 43.990 63.903 67.822 0.000 0.000 0.174 39.043 45.000 49.949 49.901 39.860 43.826 43.800 43.782 46.773 0.000 0.000 0.000 0.000 0.000 0.000 25.357 0.000 54.354 76.354 76.353 82.352 76.352
59.592 59.566 59.539 59.513 58.487 57.462 59.438 62.416 70.396 29.381 0.000 0.000 0.000 0.000 44.239 59.249 60.258 46.261 48.247 74.216 91.176 95.100 95.273 93.293 101.036 100.921 94.905 94.600 94.452 94.349 94.252 94.157 94.065 96.973 81.884 10.801 0.000 0.000 0.000 0.000 0.000 0.723 39.454 46.354 45.255 43.164 71.072 31.947 0.000 0.000 45.295 50.176 50.091 50.023 47.966 42.921 43.885 43.859 43.843 45.836 0.000 49.923 1.923 0.000 0.000 0.000 0.000 0.000 47.352 76.352 76.352 76.351 76.351
59.642 59.616 59.590 59.564 58.538 57.513 61.489 65.468 69.451 27.442 0.000 0.000 0.000 0.000 24.268 67.298 62.329 68.367 81.371 90.350 94.310 95.317 94.466 101.241 101.142 94.238 95.014 94.672 94.589 94.486 94.390 94.296 98.201 61.096 32.990 0.000 0.000 0.000 0.000 0.000 2.013 41.868 46.676 45.537 47.427 44.338 68.273 0.000 0.000 40.572 47.416 63.276 52.167 49.084 45.020 42.971 42.935 43.909 43.895 43.893 48.916 44.923 35.923 0.000 0.000 0.000 43.350 45.350 44.351 76.351 76.351 76.351 76.350
59.691 59.666 59.640 59.614 57.588 59.562 65.537 66.515 64.499 51.494 12.511 0.000 0.000 0.000 0.000 20.346 16.393 56.505 87.521 91.500 95.440 95.609 93.732 101.330 93.547 95.326 94.893 94.828 96.717 95.618 94.525 94.437 100.347 23.222 0.000 0.000 0.000 0.000 0.000 23.232 62.133 61.997 49.843 46.690 57.578 52.487 53.410 14.350 2.172 38.728 43.522 54.344 50.217 54.126 48.060 51.010 49.973 46.948 43.933 42.927 42.931 48.931 0.000 0.000 0.000 0.000 40.350 40.350 50.350 76.350 76.350 76.350 76.350
