results1/res_4e8f-0116.wd
ncols         241
nrows         181
xllcorner     12693529.787448
yllcorner     3542525.717860
cellsize      155.156523
NODATA_value  -9999.000000
[rows 99 to 131 of 181, columns 73 to 145 of 241]
57.411 57.392 57.372 56.353 56.333 61.313 64.293 61.275 57.261 57.255 51.256 7.259 0.000 0.000 0.000 0.000 0.000 12.789 70.823 95.804 93.811 92.978 99.667 99.595 92.699 93.396 93.243 93.134 94.029 93.931 92.842 96.766 55.712 0.000 0.000 0.000 0.000 0.000 0.000 26.810 52.727 64.562 32.282 14.121 44.068 47.000 44.916 48.797 45.545 43.133 12.752 37.484 41.346 56.254 62.187 65.137 63.100 58.074 51.056 46.046 41.041 19.034 0.000 0.000 0.000 0.000 13.261 31.260 43.260 67.260 68.259 68.259 68.259
57.447 57.429 56.410 54.391 58.370 63.348 64.325 64.299 58.280 55.268 60.264 60.263 21.264 0.000 15.643 45.596 22.498 2.245 59.080 98.961 94.215 94.235 99.728 92.017 93.805 93.459 93.371 93.260 93.154 93.054 94.966 93.895 29.848 0.000 0.000 0.000 0.000 0.000 0.000 30.996 36.933 47.862 0.000 0.000 39.234 47.175 46.078 49.933 49.707 20.420 0.000 32.378 46.316 51.246 72.191 73.148 73.115 74.091 75.075 73.065 54.060 0.000 0.000 0.000 0.000 0.000 0.000 30.257 43.257 67.256 68.256 68.255 68.255
57.484 56.467 56.449 59.429 62.408 63.385 38.359 2.316 31.290 67.275 40.269 14.266 6.265 0.000 26.690 76.646 73.560 65.431 84.269 95.405 92.387 99.812 93.304 94.109 93.675 93.609 93.492 93.382 93.272 94.165 92.074 80.002 26.936 0.000 0.000 0.000 0.000 0.000 34.406 41.245 39.148 40.090 13.121 0.000 45.461 63.387 56.287 51.152 25.930 0.000 0.000 15.335 5.292 45.225 70.182 74.148 72.122 72.102 72.087 74.078 47.074 41.078 41.079 47.080 0.000 0.000 0.000 7.255 42.254 67.253 68.252 68.251 68.251
56.522 55.507 60.489 63.469 63.448 63.426 28.410 0.000 0.000 10.274 1.271 0.000 0.000 0.000 19.782 82.740 88.665 96.567 96.507 93.620 100.163 99.946 93.275 93.985 93.836 93.726 93.617 93.505 93.386 99.260 49.163 17.103 1.029 0.000 0.000 0.000 0.000 25.706 43.566 39.432 39.322 38.232 44.151 10.007 38.761 64.626 63.529 61.460 0.000 0.000 0.000 0.000 0.000 43.181 72.163 76.142 73.123 72.106 70.094 59.086 40.081 36.081 37.081 21.080 0.000 0.000 0.000 0.000 38.250 67.249 68.249 68.248 64.247
55.562 61.549 63.532 63.511 61.488 67.461 37.446 0.000 0.000 0.000 0.000 0.000 0.000 0.000 30.915 88.865 91.800 95.668 94.893 94.897 100.358 92.668 94.373 94.047 93.960 93.850 93.743 97.633 103.508 58.327 27.213 2.167 0.000 0.000 0.000 0.000 26.959 49.845 43.722 36.596 41.476 45.363 42.247 40.108 53.949 57.829 47.745 55.698 0.000 0.000 0.000 0.000 0.000 49.155 73.147 78.134 77.120 73.107 68.097 37.089 35.085 36.083 43.082 0.000 0.000 0.000 0.000 32.246 36.247 65.246 68.246 68.245 62.244
62.606 63.595 63.578 62.557 40.530 6.485 25.465 27.465 0.000 0.000 0.000 0.000 0.000 22.216 75.096 89.017 91.916 94.068 95.070 100.699 100.536 93.648 94.349 94.187 94.080 93.973 97.872 59.777 19.687 0.000 37.196 23.184 0.000 0.000 0.000 0.000 35.074 68.993 59.880 54.754 49.625 50.496 48.365 49.230 62.099 55.995 39.923 41.889 0.000 0.000 0.000 0.000 0.000 49.138 77.134 42.129 40.118 72.105 75.096 45.091 36.087 41.085 11.084 0.000 0.000 0.000 0.000 5.245 32.245 50.244 66.243 69.242 62.241
63.654 63.646 59.630 63.608 45.590 0.000 16.465 46.465 0.000 0.000 0.000 0.000 12.433 74.335 88.240 94.159 94.125 94.262 100.992 100.850 92.983 94.756 94.404 94.313 94.199 94.091 97.993 69.917 1.885 0.000 7.192 10.188 0.000 0.000 0.000 0.000 22.269 54.175 59.050 68.915 64.775 52.632 55.487 64.348 59.224 47.127 39.065 40.046 14.096 15.109 0.000 0.000 0.000 47.125 81.123 0.000 0.000 21.098 68.094 58.090 39.087 18.086 0.000 0.000 0.000 0.000 0.000 0.000 5.243 29.242 55.241 65.240 58.239
61.707 58.705 57.689 73.653 52.634 0.000 15.465 43.465 0.000 0.000 0.000 6.603 70.530 83.451 93.378 96.255 95.495 93.521 101.123 92.299 94.071 90.627 92.553 94.429 94.314 95.200 89.092 79.013 26.956 0.000 0.000 0.000 0.000 0.000 0.000 9.797 44.559 49.387 49.231 51.080 59.927 62.769 65.604 59.451 46.322 40.225 39.163 38.135 42.134 27.121 0.000 0.000 0.000 36.114 73.111 39.103 28.098 20.095 63.091 69.088 49.086 0.000 0.000 0.031 0.000 0.000 0.000 0.000 0.000 24.239 48.239 53.238 40.238
55.768 64.777 60.769 1.683 2.657 0.000 6.464 6.464 0.000 0.000 0.000 7.676 86.631 88.572 96.481 95.643 94.660 101.355 101.244 94.261 93.946 93.785 93.666 92.547 93.427 95.303 52.160 3.087 0.000 0.000 0.000 0.000 0.000 13.559 30.358 45.035 55.783 52.582 51.409 48.247 49.087 51.912 63.709 64.531 56.387 45.290 38.228 38.196 40.184 0.000 0.000 0.000 0.000 21.107 63.104 41.100 37.097 37.094 69.088 72.085 55.083 18.080 8.079 51.078 0.000 0.000 0.000 0.000 0.000 27.238 51.237 46.237 32.236
56.833 66.866 53.893 0.000 0.000 0.000 3.464 15.464 0.000 0.000 0.000 73.793 83.751 95.692 95.684 94.823 101.552 101.457 93.579 95.351 95.000 94.905 94.784 94.665 96.545 46.424 0.000 0.000 0.000 0.000 0.000 3.300 29.093 45.759 58.482 54.201 52.957 52.751 52.574 53.414 51.260 50.082 23.790 42.576 67.406 49.318 37.265 40.235 38.224 26.230 0.000 0.000 0.000 22.102 55.098 33.095 0.000 0.000 25.084 62.082 51.081 60.079 67.078 26.078 0.000 0.000 0.000 0.000 0.000 2.236 42.236 40.235 33.235
54.895 58.960 58.045 34.168 0.000 0.000 0.000 1.464 4.464 0.000 27.054 86.952 93.886 95.803 95.957 94.075 101.640 93.872 95.651 95.214 95.143 95.021 95.903 96.784 58.665 0.000 0.000 0.000 0.000 0.000 5.788 48.508 59.219 54.904 53.607 53.332 53.093 52.890 52.721 52.577 52.457 61.367 0.244 0.000 35.344 44.310 36.279 45.257 45.245 27.237 0.000 0.000 0.000 0.000 39.090 76.089 44.085 0.000 18.080 63.079 57.078 48.077 48.076 0.000 0.000 0.000 0.000 0.000 0.000 0.000 21.234 32.234 33.234
66.939 5.033 61.161 59.290 48.451 7.560 0.000 0.000 0.000 18.229 77.155 91.078 97.011 95.990 95.139 101.789 101.718 94.823 95.519 95.365 95.253 96.141 98.023 58.904 0.000 0.000 0.000 0.000 4.644 35.450 46.069 57.723 54.373 54.030 50.712 50.428 50.191 50.998 52.842 52.717 55.623 32.567 0.000 0.000 15.316 40.301 39.283 57.269 53.261 0.000 0.000 0.000 0.000 0.000 23.085 68.084 80.081 37.079 63.078 77.077 69.076 45.075 38.074 10.072 0.000 0.000 0.000 0.000 0.000 0.000 27.232 33.232 37.232
48.952 2.073 63.273 53.381 60.504 52.668 13.940 2.151 11.312 78.303 87.257 97.205 96.084 96.344 94.364 101.849 94.117 95.907 95.565 95.479 96.369 97.266 51.144 0.000 0.000 0.000 0.000 0.000 47.838 58.637 56.317 54.940 56.521 56.131 61.782 66.477 61.246 54.069 47.931 51.826 57.751 15.711 0.000 0.000 11.305 43.293 44.283 66.274 54.270 0.000 0.000 0.000 0.000 0.000 11.081 63.080 72.079 77.077 73.076 73.075 77.075 61.074 40.072 41.071 10.069 3.069 0.000 0.000 0.000 29.231 34.231 32.231 37.230
0.000 0.000 31.399 82.458 45.517 0.000 0.000 16.431 76.433 81.414 95.381 96.279 96.548 94.470 101.934 94.379 96.186 95.760 95.700 96.587 93.480 48.409 0.000 0.000 0.000 0.000 3.807 50.609 58.232 55.945 55.620 59.202 33.638 12.193 14.809 31.451 57.247 59.101 59.988 51.904 52.845 13.816 0.000 0.000 0.000 24.285 42.281 49.276 48.274 0.000 0.000 0.000 0.000 0.000 11.077 54.077 67.076 72.075 73.075 74.074 70.073 66.072 51.071 39.070 43.069 49.068 0.000 0.000 0.000 0.000 32.230 33.229 35.229
0.000 0.000 8.466 83.534 70.588 0.000 0.000 23.590 84.574 92.548 96.485 97.667 97.692 102.259 102.060 95.332 96.045 95.904 95.804 90.699 80.553 31.481 0.000 0.000 3.360 39.239 48.005 59.790 56.535 56.291 60.016 37.609 0.000 0.000 0.000 17.273 55.190 52.099 56.019 61.955 61.912 39.890 0.000 0.000 0.000 6.282 44.279 38.277 45.275 0.000 0.000 0.000 0.000 0.000 16.075 41.075 58.074 72.073 67.073 60.072 62.072 23.072 48.070 57.069 50.068 46.067 0.000 0.000 0.000 0.000 0.000 27.228 32.228
0.000 0.000 0.000 11.623 60.713 1.628 11.823 77.765 89.726 96.689 96.690 96.854 102.617 102.443 94.624 96.420 96.084 96.011 88.920 54.851 0.000 0.000 0.000 11.594 57.482 51.352 59.184 57.009 56.829 57.668 35.545 0.000 0.000 0.000 0.000 16.179 58.140 52.086 52.032 53.987 57.956 59.943 11.956 0.000 0.000 0.000 25.277 44.276 19.276 0.000 0.000 0.000 0.000 0.000 9.073 37.072 48.072 55.072 47.071 44.071 9.071 0.000 0.000 41.067 45.066 54.066 0.000 0.000 0.000 0.000 0.000 21.227 32.227
0.000 0.000 0.000 0.000 0.000 11.994 80.965 85.920 96.884 96.794 98.062 98.121 102.781 94.927 96.704 96.271 96.208 86.105 75.016 38.933 0.000 0.000 0.000 51.707 73.620 58.504 50.369 58.233 56.106 59.005 28.951 0.000 0.000 0.000 12.111 47.123 54.105 53.073 53.037 50.005 45.982 47.970 9.970 0.000 0.000 0.000 6.277 51.276 0.000 0.000 0.000 0.000 0.000 0.000 9.071 39.071 38.070 37.070 35.070 41.069 0.000 0.000 0.000 16.066 39.065 57.064 1.063 0.000 0.000 0.000 0.000 0.000 25.226
0.000 0.000 0.000 0.000 0.000 84.155 83.120 97.078 97.009 98.193 98.249 103.081 102.935 95.882 97.565 95.406 81.289 70.194 44.105 0.000 0.000 0.000 46.058 63.907 63.789 70.673 58.557 48.448 54.356 64.298 67.303 30.438 0.000 0.000 11.099 59.098 53.085 53.064 52.039 48.015 41.997 42.987 8.983 0.000 0.000 0.000 0.000 24.275 32.274 0.000 0.000 0.000 0.000 0.000 17.070 41.069 35.069 36.068 36.068 38.067 21.067 0.000 0.000 0.000 26.064 47.063 25.062 0.000 0.000 0.000 0.000 0.000 20.226
0.000 0.000 0.000 0.000 23.460 84.352 96.285 97.231 98.224 100.395 103.352 103.219 95.194 96.956 93.605 82.503 71.355 43.274 0.000 0.000 0.000 48.346 69.209 55.075 46.955 60.843 72.738 60.645 63.571 64.527 51.524 57.573 36.634 0.000 19.089 51.085 47.074 54.058 49.039 41.019 40.005 43.996 5.992 0.000 0.000 0.000 0.000 11.274 51.274 0.000 0.000 0.000 0.000 0.000 0.000 23.068 38.067 36.067 36.067 36.066 44.066 0.000 0.000 0.000 0.000 28.062 39.061 45.061 0.000 0.000 0.000 0.000 0.000
0.000 0.000 0.000 0.000 66.569 92.504 98.445 97.340 97.597 95.665 103.480 95.480 97.243 91.809 80.739 55.617 0.000 0.000 0.000 0.000 48.608 69.483 56.356 45.231 45.114 47.006 57.908 72.824 63.758 48.714 56.695 58.696 32.696 0.000 16.083 76.077 63.069 52.057 46.038 42.019 39.008 40.001 33.998 0.000 0.000 0.000 0.000 0.000 30.274 2.274 0.000 0.000 0.000 0.000 0.000 3.066 40.066 36.066 36.066 36.065 38.065 22.064 0.000 0.000 0.000 9.061 36.061 39.060 0.000 0.000 0.000 0.000 0.000
0.000 0.000 0.000 69.859 66.742 72.661 87.568 98.734 95.788 103.718 103.602 96.414 92.098 80.949 59.841 0.000 0.000 30.430 0.000 0.992 73.733 56.624 45.500 46.378 45.263 48.158 62.065 70.985 71.922 55.877 51.846 62.819 36.758 0.000 0.000 7.073 20.068 2.062 0.000 12.011 43.006 50.003 51.000 37.000 0.000 0.000 0.000 0.000 0.000 0.000 0.000 0.000 0.000 0.000 0.000 4.065 40.065 39.065 42.065 37.064 34.064 43.064 0.000 0.000 0.000 16.060 50.060 55.060 0.000 0.000 0.000 0.000 0.000
0.000 0.000 9.074 70.976 67.881 68.800 78.772 94.931 103.940 103.830 95.697 92.460 80.128 54.051 0.000 0.000 47.486 46.431 28.321 12.152 61.933 45.779 46.643 45.518 46.403 61.299 67.208 31.131 22.069 74.024 59.994 37.978 0.000 0.000 0.000 0.000 0.000 0.000 0.000 9.007 61.005 55.002 52.001 48.000 3.000 0.000 0.000 0.000 0.000 0.000 0.000 0.000 0.000 0.000 0.000 28.064 37.064 12.065 0.000 12.064 37.063 41.063 0.000 0.000 0.000 18.060 54.060 23.060 0.000 0.000 0.000 0.000 0.000
0.000 84.251 72.172 69.088 67.012 67.889 69.129 73.189 104.045 94.940 90.699 80.288 54.243 0.000 0.000 0.000 51.541 49.485 69.381 53.236 46.068 46.915 45.775 48.648 68.531 65.427 46.336 42.260 47.200 75.156 72.130 36.120 0.000 0.000 0.000 0.000 0.000 0.000 0.000 9.005 68.003 68.002 63.001 54.000 0.000 0.000 0.000 0.000 0.000 0.000 0.000 0.000 0.000 0.000 1.063 40.064 42.064 0.000 0.000 0.000 40.062 41.062 0.000 0.000 0.000 0.000 25.060 0.000 0.000 0.000 0.000 0.000 0.000
0.470 82.331 96.273 88.203 73.106 74.261 66.306 104.245 104.146 73.821 78.498 54.395 0.000 0.000 0.000 0.000 53.652 66.590 64.482 46.343 46.189 46.038 56.897 68.766 57.648 46.542 46.451 46.374 47.314 56.271 74.249 70.252 31.304 0.000 0.000 0.000 0.000 0.000 0.000 0.000 54.002 56.001 68.000 69.000 24.999 0.000 0.000 0.000 0.000 0.000 0.000 0.000 0.000 0.000 32.063 42.063 19.063 0.000 0.000 1.061 41.062 39.062 0.000 0.000 0.000 0.000 0.000 0.000 0.000 0.000 0.000 0.000 0.000
18.553 95.462 98.388 98.316 93.287 83.440 104.435 104.340 65.963 60.753 0.000 0.000 0.000 0.000 0.000 0.000 64.825 69.739 45.613 47.465 47.307 59.153 68.007 49.872 46.751 46.643 46.550 46.473 46.411 46.367 55.341 75.336 68.355 42.385 33.396 37.399 6.400 0.000 0.000 0.000 0.000 34.000 74.000 73.999 34.999 0.000 0.000 0.000 0.000 0.000 0.000 0.000 0.000 0.000 21.063 20.063 0.000 0.000 0.000 0.000 21.062 48.062 0.000 0.000 0.000 0.000 0.000 0.000 0.000 0.000 0.000 0.000 0.000
88.651 98.574 98.507 98.389 102.629 93.684 104.528 66.032 68.707 63.463 0.000 0.000 0.000 0.000 0.000 58.266 70.083 46.930 47.767 47.596 55.423 68.258 46.105 46.966 46.841 46.730 46.635 46.555 46.491 46.444 46.413 50.397 51.396 46.403 47.405 54.402 36.401 0.000 0.000 0.000 0.000 0.000 28.999 64.998 27.998 0.000 0.000 0.000 0.000 0.000 0.000 0.000 0.000 0.000 0.000 0.000 0.000 0.000 0.000 0.000 0.000 0.016 0.000 0.000 0.000 0.000 0.000 0.000 0.000 0.000 0.000 0.000 0.000
94.750 94.685 98.593 99.751 96.794 104.708 104.618 70.645 55.018 0.361 3.360 0.359 0.000 0.000 0.000 75.448 52.313 48.131 47.931 49.727 70.532 50.352 47.190 47.046 46.917 46.802 46.703 46.621 46.555 46.505 46.469 45.444 44.430 47.424 29.421 0.000 0.000 0.000 0.000 0.000 0.000 0.000 0.000 57.998 45.998 12.997 0.000 0.000 0.000 0.000 0.000 0.000 0.000 0.000 0.000 0.000 0.000 0.000 0.000 0.000 0.000 0.000 0.000 0.000 0.000 0.000 0.000 0.000 0.000 0.000 0.000 0.000 0.000
73.862 73.794 77.769 73.922 104.884 104.796 82.207 63.310 54.092 0.000 0.000 0.359 0.000 0.000 0.000 50.767 46.588 46.352 45.097 57.851 50.626 44.427 45.257 45.110 44.979 44.859 45.755 46.670 46.604 46.552 45.513 43.481 45.457 45.442 42.434 32.434 35.431 37.429 36.427 38.426 9.425 0.000 0.000 0.000 54.997 26.997 0.000 0.000 0.000 0.000 0.000 0.000 0.000 0.000 0.000 0.000 0.000 0.000 0.000 0.000 0.000 0.000 0.000 0.000 0.000 0.000 0.000 0.000 0.000 0.000 0.000 0.000 0.000
88.977 110.863 76.107 106.162 104.970 64.817 55.383 0.000 69.225 27.476 0.000 0.000 0.000 0.000 94.692 73.264 43.920 51.592 62.253 60.954 56.695 54.472 54.301 54.159 53.030 46.900 42.787 46.702 46.637 46.588 45.548 45.512 49.474 49.452 50.440 60.435 60.432 56.429 49.427 48.425 27.424 0.000 0.000 0.000 13.997 19.997 0.000 0.000 0.000 0.000 0.000 0.000 0.000 0.000 0.000 0.000 0.000 0.000 0.000 0.000 0.000 0.000 0.000 0.000 0.000 0.000 0.000 0.000 0.000 0.000 0.000 0.000 0.000
137.059 115.653 113.696 105.130 105.052 92.914 0.000 36.087 64.087 137.728 113.263 0.095 42.214 31.667 93.119 52.679 50.236 121.843 112.371 108.017 107.726 106.468 105.315 104.196 103.082 73.925 40.792 46.712 46.656 46.614 46.580 38.546 0.000 0.000 0.000 0.000 0.000 0.000 13.425 65.424 44.423 15.422 0.000 0.000 0.000 0.000 0.000 0.000 0.000 0.000 0.000 0.000 0.000 0.000 0.000 0.000 0.000 0.000 0.000 0.000 0.000 0.000 0.000 0.000 0.000 0.000 0.000 0.000 0.000 0.000 0.000 0.000 0.000
95.229 114.814 105.274 105.203 89.462 0.000 0.000 0.000 7.308 59.086 46.801 0.000 23.758 0.000 52.440 49.098 58.502 114.172 0.000 0.000 0.000 50.357 59.295 120.228 33.177 0.000 50.745 46.698 46.660 47.631 29.613 0.000 0.000 0.000 0.000 0.000 0.000 0.000 0.000 18.423 65.422 21.421 0.000 0.000 0.000 0.000 0.000 0.000 0.000 0.000 0.000 0.000 0.000 0.000 0.000 0.000 0.000 0.000 0.000 0.000 0.000 0.000 0.000 0.000 0.000 0.000 0.000 0.000 0.000 0.000 0.000 0.000 0.000
115.987 114.039 105.340 113.957 115.804 36.092 0.000 14.752 41.753 51.507 28.055 4.857 45.303 90.753 89.102 81.769 0.000 33.172 0.000 11.307 33.308 61.308 106.281 69.246 34.220 0.000 0.000 52.677 46.655 47.638 28.629 0.000 0.000 0.000 0.000 0.000 0.000 0.000 0.000 0.000 12.420 51.420 16.419 0.000 0.000 0.000 0.000 0.000 0.000 0.000 0.000 0.000 0.000 0.000 0.000 0.000 0.000 0.000 0.000 0.000 0.000 0.000 0.000 0.000 0.000 0.000 0.000 0.000 0.000 0.000 0.000 0.000 0.000
114.122 105.460 105.402 94.466 37.230 0.000 0.000 0.000 3.443 30.133 0.000 0.000 38.200 81.852 135.448 71.109 0.000 0.000 0.000 0.000 0.000 75.287 110.273 40.255 37.237 0.000 0.000 0.000 51.645 45.639 43.635 41.635 29.635 0.000 0.000 0.000 0.000 0.000 0.000 0.000 7.419 65.419 23.419 0.000 0.000 0.000 0.000 0.000 0.000 0.000 0.000 0.000 0.000 0.000 0.000 0.000 0.000 0.000 0.000 0.000 0.000 0.000 0.000 0.000 0.000 0.000 0.000 0.000 0.000 0.000 0.000 0.000 0.000
