results1/res_4e8f-0151.wd
ncols         241
nrows         181
xllcorner     12693529.787448
yllcorner     3542525.717860
cellsize      155.156523
NODATA_value  -9999.000000
[rows 33 to 65 of 181, columns 73 to 145 of 241]
0.000 0.000 0.000 0.000 0.000 0.000 0.000 0.000 0.000 0.000 0.000 0.000 0.000 0.000 0.000 0.000 0.000 0.000 0.000 0.000 0.000 0.000 0.000 0.000 0.000 0.000 0.000 0.000 0.000 0.000 0.000 0.000 0.000 0.000 0.000 0.000 0.000 0.000 0.000 38.990 61.991 66.993 22.995 0.000 0.000 32.073 46.102 13.081 4.082 36.104 39.120 33.119 34.101 35.066 35.014 34.944 34.854 33.741 39.592 59.360 5.888 14.026 11.321 46.496 62.960 67.488 66.048 66.651 65.190 67.279 62.337 61.941 61.933
0.000 0.000 0.000 0.000 0.000 0.000 0.000 0.000 0.000 0.000 0.000 0.000 0.000 0.000 0.000 0.000 0.000 0.000 0.000 0.000 0.000 0.000 0.000 0.000 0.000 0.000 0.000 0.000 0.000 0.000 0.000 0.000 0.000 0.000 0.000 0.000 0.000 0.000 0.000 0.000 13.992 8.992 0.000 0.000 0.000 0.000 28.193 0.000 0.000 26.145 50.186 49.191 39.174 35.139 35.084 35.008 34.912 33.797 55.666 53.513 0.000 36.868 49.441 62.877 67.362 66.887 66.458 65.968 67.030 63.051 62.343 62.597 64.901
0.000 0.000 0.000 0.000 0.000 0.000 0.000 0.000 0.000 0.000 0.000 0.000 0.000 0.000 0.000 0.000 0.000 0.000 34.555 66.555 19.555 0.000 0.000 0.000 0.000 0.000 0.000 0.000 0.000 0.000 0.000 0.000 0.000 0.000 0.000 0.000 0.000 0.000 0.000 0.000 0.000 0.000 0.000 0.000 0.000 0.000 20.284 0.000 0.000 0.000 28.289 46.284 46.267 37.233 35.175 35.093 32.988 48.869 57.763 0.000 22.524 47.138 61.699 68.209 67.720 67.268 66.750 68.785 64.773 62.872 63.271 65.597 64.844
0.000 0.000 0.000 0.000 0.000 0.000 0.000 0.000 0.000 0.000 0.000 21.557 59.557 0.000 0.000 0.000 0.000 0.000 41.555 92.555 48.555 0.000 0.000 0.000 0.000 0.000 0.000 0.000 0.000 0.000 0.000 0.000 0.000 0.000 0.000 0.000 0.000 0.000 0.000 0.000 0.000 0.000 0.000 0.000 0.000 0.000 23.375 24.417 31.435 17.434 27.397 35.389 48.378 39.349 35.292 32.201 43.078 52.927 41.754 17.430 46.910 64.462 69.008 68.533 68.073 67.536 67.543 66.506 63.514 63.960 66.300 65.553 65.321
0.000 0.000 0.000 0.000 0.000 0.000 0.000 0.000 0.000 0.000 0.000 42.557 77.557 66.557 53.557 8.557 2.557 26.556 80.556 88.555 53.555 0.000 0.000 0.000 0.000 22.455 1.455 0.000 0.000 0.000 0.000 0.000 0.000 0.000 0.000 0.000 0.000 6.460 0.000 0.000 0.000 10.459 28.459 0.000 0.000 39.438 54.426 57.439 55.455 41.468 35.478 34.496 48.507 39.493 31.441 45.340 59.196 47.006 34.897 49.625 54.225 66.791 69.332 68.874 68.324 68.306 66.252 64.267 64.669 67.015 66.274 66.045 65.714
0.000 0.000 0.000 0.000 0.000 0.000 0.000 0.000 0.000 0.000 0.000 13.557 75.557 58.557 39.557 1.557 22.557 72.556 83.556 90.555 49.555 0.000 0.000 0.000 0.000 60.455 44.455 0.000 0.000 0.000 0.000 0.000 0.000 0.000 0.000 0.000 23.460 35.460 37.460 0.000 0.000 19.460 44.459 23.458 37.456 60.451 63.450 64.460 61.478 48.506 35.550 32.611 49.659 40.676 44.641 62.523 56.359 0.000 33.201 51.949 64.575 70.141 69.686 69.129 69.085 67.018 65.146 65.402 67.748 67.015 66.791 66.459 66.129
0.000 0.000 0.000 0.000 0.000 0.000 0.000 0.000 0.000 0.000 0.000 0.000 0.000 26.557 64.557 60.557 48.557 61.557 81.556 92.555 45.554 0.000 0.000 0.000 0.000 22.455 46.455 48.455 0.000 0.000 0.000 0.000 0.000 0.000 0.000 0.000 39.460 40.460 52.460 35.460 24.460 38.460 39.460 35.460 42.459 49.459 47.462 40.472 59.492 25.528 41.606 44.739 34.842 46.913 59.922 56.750 0.000 8.181 44.758 61.394 69.988 70.526 69.973 69.899 66.825 66.194 66.166 68.501 67.778 67.560 67.234 66.902 66.548
0.000 0.000 0.000 0.000 0.000 0.000 0.000 0.000 0.000 0.000 0.000 0.000 0.000 16.557 83.558 78.558 68.558 58.557 82.556 90.555 85.552 70.549 25.546 0.000 0.000 0.000 2.455 56.455 40.456 38.456 49.456 44.456 7.456 0.000 0.000 3.460 39.460 38.460 59.460 65.460 54.460 46.460 38.461 35.461 36.462 37.464 36.468 34.476 42.489 3.508 0.000 3.897 40.056 63.211 61.386 0.853 6.924 44.604 58.255 67.890 71.425 70.984 71.758 67.707 67.487 66.982 69.285 68.565 68.351 68.034 67.714 67.363 66.977
0.000 0.000 0.000 0.000 0.000 0.000 0.000 0.000 0.000 0.000 0.000 0.000 0.000 0.000 16.558 55.559 30.559 66.559 85.557 90.555 88.552 86.548 75.544 34.541 0.000 0.000 0.000 12.456 51.456 51.456 64.456 62.456 55.456 50.457 0.000 0.000 6.459 43.460 62.460 69.460 61.461 45.461 34.462 35.462 35.464 35.466 35.469 35.474 39.479 0.000 0.000 0.000 10.273 47.490 16.987 14.325 49.261 54.054 65.787 72.387 72.235 70.472 68.796 69.154 67.883 70.118 69.385 69.163 68.848 68.542 68.218 67.860 67.435
0.000 0.000 0.000 0.000 0.000 0.000 0.000 0.000 0.000 0.000 0.000 0.000 0.000 0.000 0.000 1.560 87.561 87.561 89.560 89.557 88.552 82.546 76.541 47.538 0.000 0.000 0.000 0.000 0.000 19.456 64.456 58.456 73.456 70.457 49.457 28.458 29.459 38.460 60.460 69.460 60.461 43.461 33.462 38.463 37.465 35.467 35.470 35.472 36.474 28.474 0.000 0.000 0.000 0.000 8.747 51.804 54.736 62.589 73.308 73.416 71.775 73.658 71.399 68.931 71.033 70.259 70.004 69.674 69.368 69.064 68.756 68.423 66.989
0.000 0.000 0.000 0.000 0.000 0.000 22.506 45.503 0.000 23.446 63.436 52.424 56.413 31.407 0.000 0.000 23.563 95.564 89.564 86.560 83.553 86.544 77.536 40.531 0.000 0.000 0.000 0.000 0.000 0.000 0.000 8.456 62.456 63.457 14.457 0.000 5.459 42.460 60.460 65.460 55.461 46.461 44.462 6.464 13.465 41.468 35.470 35.471 36.473 42.473 50.473 12.472 0.000 0.000 24.450 57.408 61.303 72.112 74.325 73.957 77.242 75.817 70.283 72.079 71.213 70.893 70.523 70.193 69.881 69.589 69.320 69.086 74.914
0.000 0.000 0.000 0.000 0.000 0.000 22.508 65.500 7.481 57.457 59.438 71.422 54.409 39.400 0.000 0.000 11.565 80.567 92.573 89.567 89.556 90.542 84.528 38.520 0.000 0.000 0.000 0.000 0.000 0.000 0.000 0.000 0.000 47.457 6.457 0.000 1.460 48.460 45.460 57.460 14.460 0.000 0.000 0.000 0.000 7.469 45.470 39.471 2.472 32.472 66.472 49.472 2.472 0.000 29.204 63.045 71.948 75.068 74.824 79.002 78.257 71.648 73.203 72.242 71.835 71.406 71.032 70.688 70.374 70.090 69.851 69.686 74.668
20.783 64.778 54.774 0.000 0.000 0.000 16.520 76.508 52.486 54.461 60.438 84.417 85.400 80.386 34.372 0.000 0.000 0.000 40.592 94.581 89.562 90.538 87.516 46.500 0.000 0.000 0.000 0.000 0.000 0.000 0.000 0.000 0.000 5.457 0.000 0.000 0.000 0.000 0.000 0.000 0.000 0.000 0.000 0.000 0.000 0.000 0.000 20.471 17.472 0.000 0.000 0.000 0.000 18.616 56.033 72.986 74.662 75.595 79.946 79.554 72.682 74.232 73.261 72.795 72.312 71.891 71.507 71.155 70.835 70.548 70.308 70.138 73.093
20.784 76.778 58.770 54.761 0.000 0.000 3.542 68.526 70.496 70.464 82.434 79.410 91.388 90.370 51.358 0.000 0.000 0.000 16.621 96.602 89.571 90.534 87.496 47.464 0.000 0.000 8.040 56.003 67.963 36.936 0.000 0.000 0.000 0.000 0.000 0.000 0.000 0.000 0.000 0.000 0.000 0.000 0.000 0.000 0.000 0.000 0.000 0.000 5.472 0.000 0.000 0.000 16.581 57.088 74.048 74.630 80.859 80.349 73.958 74.517 75.013 74.189 73.715 73.209 72.755 72.336 71.949 71.592 71.262 70.961 70.693 77.466 18.280
84.787 81.778 60.767 61.752 53.732 0.676 58.582 53.557 61.506 74.465 78.426 89.399 90.373 89.350 58.332 0.000 0.000 0.000 15.670 95.636 89.587 90.532 85.470 65.397 49.282 50.178 50.076 58.007 78.950 45.909 0.000 0.000 0.000 0.000 0.000 0.000 0.000 0.000 0.000 0.000 0.000 0.000 0.000 0.000 0.000 0.000 0.000 0.000 0.000 0.000 14.672 45.449 54.956 73.943 75.533 82.201 81.608 74.508 76.225 75.556 75.010 74.549 74.058 73.596 73.159 72.748 72.363 72.001 71.660 71.339 78.038 23.752 0.000
81.791 76.781 74.767 57.749 61.722 61.683 52.636 45.614 0.000 0.000 20.406 79.386 90.354 88.324 73.287 40.236 0.000 2.841 64.754 85.682 90.610 89.535 90.456 80.371 56.273 53.175 52.081 60.998 78.921 61.841 47.731 48.644 52.580 63.540 27.525 0.000 0.000 0.000 0.000 0.000 0.000 0.000 0.000 0.000 0.000 0.000 0.000 0.000 0.000 0.000 25.872 65.712 73.658 76.306 83.081 82.685 75.233 76.899 76.118 75.744 75.299 74.843 74.393 73.956 73.536 73.135 72.753 72.388 72.038 77.699 24.369 0.000 0.000
70.798 22.787 90.773 61.754 55.723 56.693 58.665 58.649 47.652 0.000 0.000 0.370 24.335 95.306 85.258 63.185 55.066 61.928 60.823 62.730 70.636 71.543 58.449 55.357 53.262 53.168 52.074 60.984 75.895 54.804 51.707 56.621 72.555 75.517 60.509 34.509 0.000 0.000 0.000 0.000 0.000 0.000 0.000 0.000 0.000 0.000 0.000 0.000 0.000 16.711 58.557 74.168 77.008 83.645 83.401 75.930 77.572 76.786 76.427 75.995 75.569 75.140 74.714 74.298 73.894 73.504 73.126 72.760 78.403 24.051 0.000 0.000 0.000
16.806 89.795 90.784 76.773 0.000 3.700 63.682 59.665 70.655 61.648 0.000 0.386 3.341 83.306 80.253 65.180 56.086 52.981 52.880 55.778 68.662 76.550 79.442 72.345 62.252 55.159 54.065 69.969 72.872 47.772 51.672 51.579 52.504 56.462 35.485 0.000 0.000 0.000 6.038 0.000 0.000 0.000 0.000 0.000 0.000 0.000 0.000 19.932 51.602 59.460 72.975 84.304 83.919 76.986 77.580 78.146 77.454 77.089 76.665 76.255 75.842 75.432 75.026 74.628 74.239 73.860 74.488 81.124 24.764 0.000 0.000 0.000 0.000
94.814 90.805 90.794 90.780 77.759 60.725 60.698 60.674 51.655 0.609 17.488 24.443 76.379 73.326 76.266 69.197 70.116 70.029 69.940 72.839 67.684 67.552 69.423 73.330 74.242 72.152 68.056 78.955 76.850 64.741 65.629 65.519 67.418 42.342 0.000 0.000 0.000 0.000 7.038 0.000 0.000 0.000 0.000 0.000 0.000 6.796 54.581 55.150 76.167 76.725 85.372 84.893 79.474 79.190 78.577 78.109 77.729 77.316 76.914 76.513 76.114 75.720 75.331 74.949 74.575 75.207 78.844 11.484 0.000 0.000 0.000 0.000 0.000
93.822 89.816 89.808 90.794 87.772 65.743 59.711 60.679 61.642 53.590 2.523 68.467 65.408 66.351 67.290 62.225 66.154 71.080 79.010 63.953 0.000 0.000 14.367 72.311 68.234 68.149 68.053 67.947 67.833 67.712 67.585 67.451 65.308 60.146 32.930 0.000 8.565 52.342 59.038 70.728 40.487 0.000 0.000 0.000 0.809 55.989 66.790 78.719 79.357 86.108 85.773 80.126 79.802 79.065 78.734 78.344 77.946 77.551 77.158 76.768 76.382 76.001 75.628 75.263 75.903 78.549 26.196 0.000 0.000 0.000 0.000 0.000 0.000
79.828 79.828 79.827 90.815 90.794 80.762 56.726 59.687 60.647 60.600 66.547 75.492 59.435 56.379 54.320 61.258 76.193 75.129 60.068 40.010 0.000 0.000 0.000 0.340 57.233 52.159 52.060 51.946 51.822 52.689 55.547 56.393 56.218 55.004 55.713 54.266 53.789 62.421 69.046 66.658 73.247 70.701 65.188 62.676 65.056 76.661 80.174 79.967 86.601 86.385 80.766 80.418 79.668 79.340 78.944 78.557 78.169 77.783 77.400 77.020 76.645 76.276 75.918 76.570 77.228 15.888 0.000 0.000 0.000 0.000 0.000 0.000 0.000
0.000 45.842 57.857 85.848 89.824 70.787 53.742 52.697 60.658 60.617 59.572 53.520 54.462 60.409 77.353 76.293 59.232 52.174 42.121 0.000 61.709 70.649 66.558 67.442 70.304 73.193 72.080 72.957 75.820 74.674 71.522 73.355 68.166 53.938 57.654 56.296 60.903 78.508 85.066 81.612 75.141 69.664 71.206 77.670 82.522 80.947 87.204 86.854 80.754 82.362 80.947 80.285 79.943 79.544 79.158 78.771 78.389 78.011 77.638 77.268 76.900 77.539 75.199 70.872 22.550 0.000 0.000 0.000 0.000 0.000 0.000 0.000 0.000
0.000 0.000 50.909 69.895 80.868 55.822 47.756 54.703 52.670 59.639 60.604 60.553 53.485 70.441 62.389 51.329 54.267 46.216 0.000 70.855 73.768 73.681 75.582 76.469 79.347 83.230 82.111 81.981 81.826 83.667 84.510 82.342 70.151 55.929 57.667 57.361 57.020 59.643 33.097 5.583 95.039 136.631 114.164 80.096 81.614 88.174 87.734 81.203 83.931 81.345 80.901 80.541 80.145 79.757 79.368 78.983 78.604 78.235 77.874 77.515 79.149 73.780 62.466 17.169 0.000 0.000 0.000 0.000 0.000 0.000 0.000 0.000 44.841
3.150 0.000 5.976 26.954 61.931 43.876 0.000 49.691 54.679 54.666 60.652 49.602 0.000 54.482 52.434 54.368 55.292 65.207 79.088 75.941 77.828 83.725 93.620 137.507 134.384 134.268 134.155 134.029 134.838 118.657 50.509 53.350 51.169 58.961 57.726 54.461 52.172 33.947 0.000 0.000 3.817 61.528 78.542 83.138 88.867 88.548 80.804 82.503 81.801 81.496 81.126 80.743 80.358 79.968 79.577 79.187 78.810 78.450 79.107 77.768 69.402 57.966 15.716 0.000 0.000 0.000 0.000 0.000 0.000 0.000 1.133 36.049 56.947
77.150 25.125 14.065 77.015 55.026 0.000 0.000 0.000 48.687 61.696 53.734 0.000 6.655 62.571 53.496 64.416 77.328 77.230 82.117 84.994 77.879 63.771 54.666 50.556 48.414 51.302 52.212 39.143 0.000 55.615 52.520 51.381 55.212 59.020 55.814 47.584 54.260 35.025 0.000 1.099 56.802 73.828 83.557 89.360 89.139 81.388 83.074 82.369 82.075 81.705 81.335 80.957 80.572 80.181 79.783 79.380 78.997 79.648 75.336 64.049 20.726 0.000 0.000 0.000 0.000 0.000 0.000 0.000 0.000 0.000 4.203 54.126 53.041
87.169 95.160 83.143 0.116 12.131 6.236 1.282 0.290 0.000 0.000 57.855 55.835 63.740 60.650 60.562 60.471 77.374 91.268 80.155 60.037 57.923 52.815 54.715 45.638 0.000 57.313 54.249 43.188 0.000 56.668 51.575 52.442 59.279 57.093 54.925 36.801 0.000 1.533 53.466 51.267 68.053 83.970 89.636 82.324 82.890 83.550 82.945 82.649 82.286 81.926 81.555 81.176 80.791 80.402 79.995 80.552 80.151 69.810 54.541 17.366 0.000 0.000 0.000 0.000 0.000 0.000 0.000 2.548 29.505 28.426 43.305 55.213 43.130
77.197 81.203 71.205 0.000 0.000 71.319 64.322 58.298 2.240 10.132 75.995 72.910 59.820 60.727 60.633 61.533 82.428 134.315 127.197 74.078 128.961 49.849 53.743 53.642 55.527 53.389 53.283 53.172 55.015 50.813 50.672 59.532 58.367 55.150 49.990 38.896 0.000 0.308 55.519 62.360 84.366 83.253 89.992 83.370 83.956 83.505 83.214 82.867 82.516 82.154 81.783 81.402 81.016 80.640 82.245 77.680 59.244 45.901 47.650 13.508 0.000 0.000 0.000 0.000 0.000 0.000 0.000 2.591 38.542 43.467 57.377 51.292 41.212
73.227 68.249 12.270 0.000 2.440 54.400 63.372 60.331 78.269 72.182 77.082 84.992 75.901 60.807 60.708 60.602 59.488 53.367 48.242 53.116 49.994 53.878 53.767 53.660 53.549 53.433 53.321 53.202 52.059 56.898 58.765 59.649 43.508 0.000 42.990 0.000 0.000 0.225 59.694 81.619 85.626 90.979 90.519 83.462 84.114 83.755 83.441 83.106 82.756 82.393 82.019 81.632 81.232 79.895 41.665 0.000 0.000 0.000 0.000 0.000 0.000 0.000 0.000 34.974 29.938 28.879 27.797 31.683 40.603 56.525 50.444 41.365 51.289
65.255 56.295 61.355 6.455 59.481 55.467 54.435 72.386 65.322 81.245 90.160 70.074 55.986 53.892 56.790 59.678 60.556 60.424 53.286 52.150 53.021 52.900 53.788 53.682 53.577 58.472 55.367 52.254 53.123 55.955 59.843 48.790 0.000 0.000 0.000 0.000 15.380 135.261 78.979 86.003 83.978 91.386 83.283 85.801 87.284 84.009 83.692 83.359 83.008 82.641 83.271 79.875 67.384 58.044 15.855 0.000 0.000 0.000 0.000 0.000 0.000 0.000 37.057 37.009 36.961 37.902 37.828 38.743 52.663 52.586 36.509 39.434 41.362
40.271 41.323 35.402 59.528 55.563 54.552 65.514 69.457 80.389 87.315 53.239 52.160 53.076 54.984 53.881 50.765 58.633 59.486 60.330 59.177 53.039 51.915 50.804 51.701 57.605 116.512 84.421 64.325 47.224 0.000 61.861 69.879 0.000 0.000 0.000 0.000 59.502 70.398 87.280 85.315 92.095 91.754 84.373 84.902 85.567 84.273 83.961 83.630 83.277 83.891 82.550 35.212 0.000 0.000 0.000 0.000 0.000 0.000 0.000 0.000 0.000 0.000 44.105 40.045 36.997 37.939 35.871 47.796 54.721 38.646 39.573 47.501 45.431
0.000 0.000 0.000 52.691 55.690 57.664 78.612 89.539 103.462 85.389 14.320 71.250 71.174 55.088 54.987 53.867 51.725 54.559 60.369 58.189 59.042 60.918 58.810 56.715 52.629 47.551 52.479 47.402 0.000 0.000 0.000 55.985 48.012 0.000 0.000 1.939 69.727 86.585 86.660 84.676 92.406 84.096 86.598 88.103 84.845 84.554 84.248 83.923 83.579 81.098 35.824 0.000 0.000 0.000 0.000 0.000 0.000 0.000 0.000 0.000 0.000 43.283 13.212 1.135 45.042 34.987 45.921 57.850 45.778 40.706 45.635 49.565 42.498
0.000 0.000 0.000 50.856 56.841 72.803 83.732 131.625 125.530 127.459 133.402 129.346 130.283 55.207 55.111 53.991 53.842 52.656 47.398 57.169 59.021 59.905 57.805 59.719 59.645 60.583 53.541 0.000 0.000 0.000 0.000 57.065 42.039 0.000 0.000 61.104 82.963 86.912 85.900 92.974 92.698 85.155 85.702 86.391 85.127 84.851 84.555 85.237 60.016 0.000 0.000 0.000 0.000 0.000 0.000 0.000 0.000 0.000 55.575 44.529 34.456 38.354 38.274 39.206 39.117 42.045 54.975 51.905 46.835 47.765 45.695 43.628 39.562
17.113 0.000 0.000 52.036 69.016 76.974 82.890 53.697 52.575 51.515 48.481 49.451 49.407 55.344 55.259 71.145 70.994 46.825 0.000 44.068 56.968 58.876 56.786 58.711 58.648 59.597 55.562 0.000 0.407 1.350 55.279 40.172 0.000 0.000 62.485 71.334 88.202 87.109 86.290 93.231 84.831 87.359 89.895 85.671 85.421 85.168 83.884 71.451 30.234 0.000 0.000 0.000 0.000 0.000 41.813 36.792 36.754 36.698 40.622 52.557 55.484 41.403 36.326 38.251 40.174 55.101 54.030 39.960 48.891 49.822 48.755 41.688 37.624
