results1/res_4e8_norain-0019.wd
ncols         241
nrows         181
xllcorner     12693529.787448
yllcorner     3542525.717860
cellsize      155.156523
NODATA_value  -9999.000000
[rows 33 to 65 of 181, columns 75 to 149 of 241]
0.000 0.000 0.000 0.000 0.000 0.000 0.000 0.000 0.000 0.000 0.000 0.000 0.000 0.000 0.000 0.000 0.000 0.000 0.000 0.000 0.000 0.000 0.000 0.000 0.000 0.000 0.000 0.000 0.000 0.000 0.000 0.000 0.000 0.000 0.000 0.000 0.000 20.952 43.953 48.956 4.958 0.000 0.000 14.091 28.114 0.000 0.000 18.273 21.301 15.334 16.370 17.409 17.451 17.493 17.531 16.557 22.558 42.529 0.000 0.000 0.000 31.664 48.469 53.229 51.986 52.765 51.464 53.704 48.892 48.482 48.765 51.177 50.541 50.424 51.222
0.000 0.000 0.000 0.000 0.000 0.000 0.000 0.000 0.000 0.000 0.000 0.000 0.000 0.000 0.000 0.000 0.000 0.000 0.000 0.000 0.000 0.000 0.000 0.000 0.000 0.000 0.000 0.000 0.000 0.000 0.000 0.000 0.000 0.000 0.000 0.000 0.000 0.000 0.000 0.000 0.000 0.000 0.000 0.000 10.162 0.000 0.000 8.310 32.348 31.382 21.421 17.466 17.519 17.578 17.639 16.690 38.702 36.615 0.000 21.765 34.535 48.103 52.802 52.528 52.283 51.961 53.181 49.338 48.646 49.191 51.637 51.007 50.895 50.693 51.509
0.000 0.000 0.000 0.000 0.000 0.000 0.000 0.000 0.000 0.000 0.000 0.000 0.000 0.000 0.000 0.000 8.486 40.486 0.000 0.000 0.000 0.000 0.000 0.000 0.000 0.000 0.000 0.000 0.000 0.000 0.000 0.000 0.000 0.000 0.000 0.000 0.000 0.000 0.000 0.000 0.000 0.000 0.000 0.000 2.210 0.000 0.000 0.000 10.400 28.425 28.465 19.518 17.582 17.662 15.758 31.864 40.946 0.000 7.223 31.996 46.737 53.412 53.104 52.829 52.478 54.672 50.799 48.925 49.630 52.096 51.472 51.364 51.162 50.974 50.786
0.000 0.000 0.000 0.000 0.000 0.000 0.000 0.000 0.000 0.000 33.474 0.000 0.000 0.000 0.000 0.000 15.487 66.487 22.487 0.000 0.000 0.000 0.000 0.000 0.000 0.000 0.000 0.000 0.000 0.000 0.000 0.000 0.000 0.000 0.000 0.000 0.000 0.000 0.000 0.000 0.000 0.000 0.000 0.000 5.259 6.289 13.310 0.000 9.427 17.455 30.499 21.557 17.631 14.730 25.868 36.061 25.273 1.568 31.449 49.261 54.005 53.700 53.404 53.024 53.186 52.285 49.314 50.091 52.568 51.947 51.842 51.638 51.445 51.250 51.058
0.000 0.000 0.000 0.000 0.000 0.000 0.000 0.000 0.000 16.474 51.474 40.475 27.476 0.000 0.000 0.486 54.487 62.488 27.488 0.000 0.000 0.000 0.000 4.039 0.000 0.000 0.000 0.000 0.000 0.000 0.000 0.000 0.000 0.000 0.000 0.000 0.000 0.000 0.000 0.000 10.230 0.000 0.000 21.272 36.278 39.300 37.331 23.379 17.426 16.470 30.521 21.581 13.656 27.760 41.923 30.239 18.735 33.952 38.814 51.596 54.315 54.012 53.607 53.733 51.802 49.815 50.581 53.062 52.443 52.338 52.130 51.931 51.727 51.524 51.324
0.000 0.000 0.000 0.000 0.000 0.000 0.000 0.000 0.000 0.000 49.475 32.476 13.477 0.000 0.000 46.488 57.488 64.489 23.490 0.000 0.000 0.000 0.000 42.040 26.041 0.000 0.000 0.000 0.000 0.000 0.000 0.000 0.000 0.000 5.186 17.187 19.188 0.000 0.000 1.223 26.230 5.240 19.252 42.267 45.282 46.304 43.335 30.380 17.429 14.479 31.533 22.590 26.653 44.731 38.826 0.000 17.474 36.439 49.259 54.990 54.679 54.248 54.329 52.367 50.446 51.108 53.586 52.969 52.863 52.650 52.442 52.224 52.009 51.797 51.585
0.000 0.000 0.000 0.000 0.000 0.000 0.000 0.000 0.000 0.000 0.000 0.476 38.481 34.484 22.487 35.489 55.490 66.491 19.492 0.000 0.000 0.000 0.000 4.041 28.042 30.046 0.000 0.000 0.000 0.000 0.000 0.000 0.000 0.000 21.186 22.187 34.190 17.197 6.206 20.216 21.227 17.238 24.250 31.264 29.279 22.299 41.327 7.379 23.431 26.485 16.545 28.592 41.638 38.684 0.000 0.000 29.249 46.070 54.796 55.444 54.989 55.009 52.009 51.260 51.687 54.150 53.532 53.423 53.207 52.990 52.757 52.517 52.287 53.071 45.851
0.000 0.000 0.000 0.000 0.000 0.000 0.000 0.000 0.000 0.000 0.000 0.000 57.483 52.486 42.488 32.490 56.492 64.494 59.496 44.499 0.000 0.000 0.000 0.000 0.000 38.051 22.057 20.061 31.064 26.067 0.000 0.000 0.000 0.000 21.186 20.186 41.190 47.196 36.204 28.214 20.224 17.235 18.247 19.259 18.272 16.285 24.297 0.000 0.000 0.000 21.571 44.598 42.622 0.000 0.000 29.805 43.200 52.809 56.379 55.984 56.808 52.785 52.355 52.345 54.768 54.141 54.024 53.803 53.583 53.343 53.080 52.802 52.550 52.348 38.215
0.000 0.000 0.000 0.000 0.000 0.000 0.000 0.000 0.000 0.000 0.000 0.000 0.000 29.487 4.490 40.492 59.494 64.497 62.500 60.503 49.507 8.509 0.000 0.000 0.000 0.000 33.059 33.062 46.066 44.071 37.078 32.083 0.000 0.000 0.000 25.182 44.188 51.194 43.202 27.211 16.221 17.233 17.244 17.255 17.265 17.274 21.280 0.000 0.000 0.000 0.000 28.606 0.227 0.329 34.891 39.408 50.957 57.488 57.323 55.555 53.858 53.915 53.130 55.469 54.814 54.673 54.438 54.214 53.976 53.718 53.419 53.061 53.765 45.555 28.447
0.000 0.000 0.000 0.000 0.000 0.000 0.000 0.000 0.000 0.000 0.000 0.000 0.000 0.000 61.492 61.495 63.497 63.500 62.503 56.507 50.510 21.512 0.000 0.000 0.000 0.000 0.000 1.064 46.068 40.073 55.080 52.089 31.109 10.130 11.152 20.174 42.184 51.192 42.200 25.209 15.218 20.231 19.243 17.254 17.261 17.266 18.269 10.266 0.000 0.000 0.000 0.000 0.000 37.737 40.364 48.005 58.590 58.640 56.997 58.911 56.257 54.126 56.298 55.578 55.385 55.118 54.875 54.633 54.391 54.134 52.816 61.257 58.895 31.663 21.570
0.000 0.000 0.000 0.000 0.000 18.169 0.000 0.000 36.198 25.200 29.203 4.205 0.000 0.000 0.000 69.498 63.500 60.503 57.507 60.511 51.515 14.517 0.000 0.000 0.000 0.000 0.000 0.000 0.000 0.000 44.082 45.085 0.000 0.000 0.000 24.180 42.184 47.190 37.199 28.206 26.212 0.000 0.000 23.256 17.260 17.262 18.265 24.263 32.261 0.000 0.000 0.000 10.435 43.138 46.839 57.510 59.642 59.270 62.871 61.408 55.525 57.310 56.464 56.181 55.855 55.571 55.304 55.054 54.821 54.613 60.455 0.000 0.000 10.631 28.600
0.000 0.000 0.000 0.000 0.000 38.169 0.000 30.191 32.196 44.200 27.204 12.207 0.000 0.000 0.000 54.500 66.502 63.506 63.510 64.516 58.521 12.525 0.000 0.000 0.000 0.000 0.000 0.000 0.000 0.000 0.000 29.084 0.000 0.000 0.000 30.181 27.184 39.187 0.000 0.000 0.000 0.000 0.000 0.000 27.259 21.260 0.000 14.261 48.261 31.260 0.000 0.000 14.740 48.511 57.335 60.388 60.121 64.470 63.825 56.922 58.426 57.455 57.060 56.655 56.313 56.002 55.718 55.458 55.227 55.040 59.938 3.033 0.000 0.000 0.000
27.092 0.000 0.000 0.000 0.000 49.170 25.177 27.186 33.194 57.201 58.208 53.213 7.219 0.000 0.000 0.000 14.505 68.507 63.513 64.522 61.530 20.537 0.000 0.000 0.000 0.000 0.000 0.000 0.000 0.000 0.000 0.000 0.000 0.000 0.000 0.000 0.000 0.000 0.000 0.000 0.000 0.000 0.000 0.000 0.000 2.259 0.000 0.000 0.000 0.000 0.000 3.578 41.191 58.200 59.888 60.808 65.161 64.901 57.878 59.414 58.437 57.972 57.499 57.096 56.734 56.407 56.107 55.835 55.590 55.382 58.224 42.128 0.025 0.000 0.000
31.093 27.095 0.000 0.000 0.000 41.165 43.174 43.184 55.194 52.204 64.212 63.220 24.224 0.000 0.000 0.000 0.000 70.507 63.515 64.527 61.542 21.555 0.000 0.000 0.000 30.773 42.785 11.795 0.000 0.000 0.000 0.000 0.000 0.000 0.000 0.000 0.000 0.000 0.000 0.000 0.000 0.000 0.000 0.000 0.000 0.000 0.000 0.000 0.000 0.000 1.424 41.849 58.977 59.643 65.799 65.377 58.977 59.575 60.104 59.299 58.834 58.338 57.896 57.492 57.123 56.783 56.471 56.183 55.918 62.675 3.449 0.000 0.039 0.000 0.000
33.094 34.097 26.101 0.000 31.140 26.152 34.169 47.183 51.195 62.208 63.219 62.229 31.236 0.000 0.000 0.000 0.000 69.498 63.512 64.532 59.556 39.587 23.637 24.681 24.723 32.762 53.787 20.805 0.000 0.000 0.000 0.000 0.000 0.000 0.000 0.000 0.000 0.000 0.000 0.000 0.000 0.000 0.000 0.000 0.000 0.000 0.000 0.000 0.000 29.929 39.663 58.660 60.333 67.085 66.545 59.413 61.170 60.541 60.031 59.594 59.122 58.676 58.252 57.855 57.482 57.133 56.810 56.510 63.225 8.949 0.000 0.000 0.000 0.000 0.000
47.095 30.099 34.106 34.116 25.128 18.135 0.000 0.000 0.000 52.217 63.225 61.241 46.255 13.273 0.000 0.000 38.447 59.476 64.503 63.532 64.564 54.601 30.643 27.685 26.725 35.764 53.798 36.833 22.881 23.918 27.945 38.962 2.969 0.000 0.000 0.000 0.000 0.000 0.000 0.000 0.000 0.000 0.000 0.000 0.000 0.000 0.000 0.000 10.358 50.192 58.225 60.930 67.794 67.491 60.020 61.732 60.998 60.665 60.257 59.830 59.405 58.987 58.583 58.194 57.819 57.457 57.128 62.821 9.522 0.000 0.000 0.000 0.000 0.000 0.000
63.097 34.100 28.107 29.115 31.122 31.126 20.124 0.000 0.000 0.000 0.000 68.257 58.269 36.291 28.328 35.369 34.418 36.457 44.494 45.531 32.569 29.609 27.650 27.691 26.731 35.771 50.810 29.849 26.891 31.928 47.957 50.973 35.976 9.975 0.000 0.000 0.000 0.000 0.000 0.000 0.000 0.000 0.000 0.000 0.000 0.000 0.000 1.151 42.803 58.560 61.473 68.151 68.013 60.587 62.287 61.557 61.246 60.859 60.471 60.075 59.678 59.285 58.900 58.520 58.141 57.749 63.425 9.122 0.000 0.000 0.000 0.000 0.000 0.000 0.000
63.097 49.099 0.000 0.000 36.120 32.122 43.122 34.122 0.000 0.000 0.000 56.261 53.274 38.296 29.326 26.360 26.399 29.440 42.484 50.528 53.572 46.616 36.657 29.697 28.738 44.779 47.821 22.864 26.907 26.947 27.980 31.998 10.987 0.000 0.000 0.000 0.000 0.000 0.000 0.000 0.000 0.000 0.000 0.000 0.000 3.916 35.698 43.722 57.246 68.583 68.277 61.440 62.097 62.737 62.111 61.803 61.430 61.066 60.695 60.321 59.947 59.577 59.211 58.847 59.477 65.975 9.700 0.000 0.000 0.000 0.000 0.000 0.000 0.000 0.000
63.097 63.100 50.105 33.110 33.116 33.120 24.122 0.000 0.000 0.000 49.239 46.253 49.270 42.292 43.318 43.348 43.381 46.419 41.476 41.526 43.575 47.627 48.666 46.704 42.744 53.787 51.832 39.879 40.927 40.975 43.019 18.053 0.000 0.000 0.000 0.000 0.000 0.000 0.000 0.000 0.000 0.000 0.000 0.000 38.262 39.026 60.180 60.871 69.594 69.161 63.820 63.602 63.054 62.653 62.336 61.980 61.630 61.277 60.922 60.567 60.214 59.865 59.519 60.180 63.944 0.000 0.000 0.000 0.000 0.000 0.000 0.000 0.000 0.000 0.000
62.097 63.101 60.105 38.110 32.115 33.120 34.126 26.132 0.000 41.207 38.225 39.243 40.263 35.284 39.308 44.333 52.358 37.378 0.000 0.000 0.000 46.651 42.676 42.709 42.748 42.793 42.841 42.892 42.947 43.006 41.069 36.142 9.240 0.000 0.000 31.177 38.317 50.503 20.655 0.000 0.000 0.000 0.000 39.641 50.492 62.543 63.297 70.185 69.929 64.359 64.105 63.436 63.171 62.845 62.508 62.171 61.831 61.490 61.150 60.811 60.477 60.150 60.823 63.409 11.176 0.000 0.000 0.000 0.000 0.000 0.000 0.000 0.000 0.000 0.000
52.097 63.101 63.105 53.110 29.115 32.120 33.128 33.139 39.160 48.189 32.212 29.233 27.254 34.275 49.297 48.319 33.340 13.359 0.000 0.000 0.000 0.000 31.679 26.708 26.748 26.795 26.847 27.904 30.965 32.032 32.110 31.206 32.338 31.545 31.768 41.039 48.271 46.536 53.809 52.087 47.223 45.243 48.084 60.090 63.824 63.743 70.496 70.373 64.880 64.610 63.932 63.672 63.342 63.018 62.691 62.362 62.033 61.704 61.376 61.051 60.732 61.437 62.215 0.960 0.000 0.000 0.000 0.000 0.000 0.000 0.000 0.000 0.000 0.000 0.000
30.099 58.102 62.105 43.109 26.114 25.120 33.127 33.137 32.154 26.176 27.201 33.223 50.244 49.266 32.287 25.307 15.323 0.000 35.501 44.523 40.557 41.600 44.653 47.697 46.742 47.792 50.850 49.911 46.977 49.049 44.133 30.234 34.363 33.529 38.719 56.939 64.193 61.562 55.958 51.225 53.360 60.307 65.567 64.326 70.895 70.614 64.681 66.359 65.027 64.441 64.171 63.840 63.520 63.197 62.875 62.554 62.235 61.917 61.601 62.284 59.965 55.652 7.433 0.000 0.000 0.000 0.000 0.000 0.000 0.000 0.000 0.000 0.000 0.000 0.000
23.100 42.102 53.105 28.108 20.113 27.118 25.123 32.130 33.142 33.163 26.192 43.214 35.234 24.257 27.280 19.299 0.000 44.447 47.479 47.512 49.549 50.591 53.638 57.684 56.731 56.784 56.848 58.915 59.982 58.055 46.138 32.236 34.352 34.490 34.643 37.806 11.999 0.000 76.234 118.519 96.545 62.881 64.744 71.830 71.422 65.042 67.843 65.326 64.955 64.668 64.341 64.020 63.697 63.376 63.058 62.745 62.436 62.130 63.828 58.521 47.192 1.969 0.000 0.000 0.000 0.000 0.000 0.000 0.000 0.000 0.000 0.000 0.000 0.000 0.000
0.000 0.000 34.105 16.106 0.000 22.117 27.116 27.117 33.121 22.141 0.000 27.206 25.223 27.248 28.277 38.311 52.359 49.415 51.458 57.496 67.535 111.577 108.624 108.669 108.714 108.765 109.844 93.919 25.982 29.050 27.129 35.219 34.321 31.435 29.555 11.644 0.000 0.000 0.000 43.949 61.241 66.121 72.429 72.161 64.557 66.329 65.695 65.458 65.157 64.842 64.524 64.200 63.875 63.551 63.236 62.932 63.636 62.338 54.060 42.780 0.601 0.000 0.000 0.000 0.000 0.000 0.000 0.000 0.000 0.000 0.000 0.000 0.000 0.000 0.000
0.000 49.104 27.104 0.000 0.000 0.000 21.109 34.103 26.083 0.000 0.000 35.182 26.205 37.236 50.270 50.308 55.352 58.398 51.441 37.480 28.519 24.560 22.613 25.656 26.691 13.719 0.000 30.937 27.977 27.037 31.109 35.191 32.279 24.374 31.500 12.572 0.000 0.000 39.824 56.732 66.560 72.806 72.645 65.062 66.819 66.181 65.952 65.648 65.344 65.031 64.710 64.384 64.051 63.718 63.403 64.113 59.838 48.526 5.293 0.000 0.000 0.000 0.000 0.000 0.000 0.000 0.000 0.000 0.000 0.000 0.000 0.000 0.000 0.000 0.000
30.204 0.000 0.000 0.000 0.000 0.000 0.000 0.000 30.025 28.032 36.073 33.136 33.180 33.220 50.259 64.300 53.343 33.386 31.427 26.466 28.501 19.529 0.000 31.651 28.677 17.701 0.000 31.915 26.954 28.010 35.080 33.158 31.230 13.281 0.000 0.000 36.614 34.473 51.221 67.136 72.996 65.881 66.500 67.224 66.682 66.448 66.147 65.849 65.542 65.226 64.903 64.573 64.229 64.866 64.545 54.279 39.079 1.853 0.000 0.000 0.000 0.000 0.000 0.000 0.000 0.000 0.000 0.000 0.000 0.000 0.000 0.000 0.000 0.000 0.000
18.255 0.000 0.000 42.255 35.298 29.348 0.000 0.000 47.960 44.999 32.052 33.109 33.159 34.205 55.248 107.291 100.333 47.375 102.416 23.455 27.492 27.528 29.570 27.622 27.663 27.707 29.771 25.854 25.913 34.971 34.041 31.133 26.201 15.241 0.000 0.000 38.755 45.621 67.640 66.552 73.354 66.940 67.577 67.179 66.943 66.653 66.361 66.059 65.748 65.429 65.104 64.777 66.424 61.975 43.633 30.380 32.229 0.000 0.000 0.000 0.000 0.000 0.000 0.000 0.000 0.000 0.000 0.000 0.000 0.000 0.000 0.000 0.000 0.000 0.000
0.000 0.000 0.000 25.212 34.291 31.398 49.548 43.697 48.858 56.953 48.026 33.089 33.143 33.192 32.238 26.282 21.325 26.367 23.407 27.446 27.483 27.521 27.561 27.604 27.647 27.695 26.752 31.818 33.873 34.921 18.981 0.000 19.200 0.000 0.000 0.000 43.001 64.948 68.989 74.480 73.969 67.044 67.740 67.427 67.162 66.879 66.583 66.277 65.964 65.640 65.305 64.009 25.717 0.000 0.000 0.000 0.000 0.000 0.000 0.000 0.000 0.000 0.000 0.000 0.000 0.000 0.000 0.000 0.000 0.000 0.000 0.000 0.000 0.000 0.000
10.470 0.000 29.864 26.090 25.259 43.405 36.548 52.686 61.821 41.929 28.011 26.077 29.134 32.184 33.231 33.275 26.319 25.361 26.401 26.439 27.475 27.511 27.548 32.587 29.628 26.672 27.725 30.794 34.840 23.861 0.000 0.000 0.000 0.000 0.000 118.592 62.339 69.389 67.399 74.917 66.838 69.390 70.910 67.676 67.403 67.117 66.816 66.503 67.191 63.861 51.468 42.237 0.136 0.000 0.000 0.000 0.000 0.000 0.000 0.000 0.000 0.000 0.000 0.000 0.000 0.000 0.000 0.000 0.000 0.000 0.000 0.000 0.000 0.000 0.000
2.075 28.814 25.640 25.023 36.251 40.416 51.555 58.679 24.811 23.933 25.012 27.076 26.131 23.180 31.225 32.270 33.314 32.357 26.397 25.434 24.468 25.502 31.535 90.569 58.604 38.642 21.684 0.000 36.831 44.822 0.000 0.000 0.000 0.000 42.994 53.820 70.698 68.754 75.661 75.306 67.939 68.493 69.190 67.932 67.658 67.370 67.063 67.728 66.435 19.148 0.000 0.000 0.000 0.000 0.000 0.000 0.000 0.000 0.000 0.000 0.000 0.000 0.000 0.000 0.000 0.000 0.000 0.000 0.000 0.000 0.000 0.000 0.000 0.000 0.000
0.000 22.555 25.858 28.114 49.305 60.453 74.576 56.665 0.000 42.979 43.030 27.084 27.134 26.179 24.221 27.265 33.311 31.357 32.397 34.431 32.463 30.493 26.522 21.550 26.577 21.609 0.000 0.000 0.000 30.776 22.764 0.000 0.000 0.000 53.168 70.032 70.112 68.148 75.978 67.646 70.164 71.694 68.463 68.202 67.930 67.642 67.337 64.913 19.674 0.000 0.000 0.000 0.000 0.000 0.000 0.000 0.000 0.000 0.000 0.000 0.000 0.000 0.000 0.000 0.000 0.000 0.000 0.000 0.000 0.000 0.000 0.000 0.000 0.000 0.000
0.000 20.995 27.122 43.270 54.402 102.515 96.631 98.742 104.875 100.975 102.043 27.098 27.143 26.182 26.217 25.256 20.310 30.364 32.401 33.432 31.460 33.486 33.510 34.531 27.547 0.000 0.000 0.000 0.000 31.742 16.753 0.000 0.000 44.639 66.445 70.384 69.379 76.552 76.274 68.706 69.267 69.977 68.736 68.486 68.218 68.930 43.732 0.000 0.000 0.000 0.000 0.000 0.000 0.000 0.000 0.000 0.000 0.000 0.000 0.000 0.000 0.000 0.000 0.000 0.000 0.000 0.000 0.000 0.000 0.000 0.000 0.000 0.000 0.000 0.000
0.000 22.308 39.365 47.444 53.518 24.575 23.692 22.796 19.909 21.002 21.071 27.122 27.160 43.187 43.210 19.233 0.000 17.388 30.413 32.436 30.459 32.481 32.501 33.519 29.532 0.000 0.000 0.000 29.653 14.697 0.000 0.000 45.962 54.826 71.685 70.591 69.780 76.809 68.368 70.905 73.456 69.249 69.019 68.787 67.526 55.129 13.930 0.000 0.000 0.000 0.000 0.000 0.000 0.000 0.000 0.000 0.000 0.000 0.000 0.000 0.000 0.000 0.000 0.000 0.000 0.000 0.000 0.000 0.000 0.000 0.000 0.000 0.000 0.000 0.000
