results1/res_4e8f-0230.wd
ncols         241
nrows         181
xllcorner     12693529.787448
yllcorner     3542525.717860
cellsize      155.156523
NODATA_value  -9999.000000
[rows 33 to 65 of 181, columns 73 to 145 of 241]
0.000 0.000 0.000 0.000 0.000 0.000 0.000 0.000 0.000 0.000 0.000 0.000 0.000 0.000 0.000 0.000 0.000 0.000 0.000 0.000 0.000 0.000 0.000 0.000 0.000 0.000 0.000 0.000 0.000 0.000 0.000 0.000 0.000 0.000 0.000 0.000 0.000 0.000 0.000 39.971 62.972 67.974 23.976 0.000 0.000 33.052 47.080 14.059 5.059 37.080 40.095 34.093 35.074 36.037 35.983 35.910 35.816 34.698 40.543 60.304 6.816 14.922 12.196 47.350 63.806 68.334 66.893 67.494 66.028 68.112 63.165 62.775 62.764
0.000 0.000 0.000 0.000 0.000 0.000 0.000 0.000 0.000 0.000 0.000 0.000 0.000 0.000 0.000 0.000 0.000 0.000 0.000 0.000 0.000 0.000 0.000 0.000 0.000 0.000 0.000 0.000 0.000 0.000 0.000 0.000 0.000 0.000 0.000 0.000 0.000 0.000 0.000 0.000 14.972 9.973 0.000 0.000 0.000 0.000 29.172 0.000 0.000 27.121 51.162 50.166 40.149 36.112 36.054 35.974 35.873 34.751 56.615 54.459 0.000 37.755 50.317 63.741 68.219 67.740 67.310 66.816 67.875 63.892 63.192 63.444 65.744
0.000 0.000 0.000 0.000 0.000 0.000 0.000 0.000 0.000 0.000 0.000 0.000 0.000 0.000 0.000 0.000 0.000 0.000 35.384 67.384 20.384 0.000 0.000 0.000 0.000 0.000 0.000 0.000 0.000 0.000 0.000 0.000 0.000 0.000 0.000 0.000 0.000 0.000 0.000 0.000 0.000 0.000 0.000 0.000 0.000 0.000 21.263 0.000 0.000 0.000 29.266 47.260 47.243 38.207 36.148 36.061 33.949 49.821 58.707 0.000 23.415 48.024 62.577 69.079 68.585 68.129 67.608 69.639 65.625 63.736 64.133 66.457 65.701
0.000 0.000 0.000 0.000 0.000 0.000 0.000 0.000 0.000 0.000 0.000 22.386 60.386 0.386 0.000 0.000 0.000 0.000 42.384 93.384 49.384 0.000 0.000 0.000 0.000 0.000 0.000 0.000 0.000 0.000 0.000 0.000 0.000 0.000 0.000 0.000 0.000 0.000 0.000 0.000 0.000 0.000 0.000 0.000 0.000 0.000 24.355 25.396 32.414 18.412 28.375 36.366 49.355 40.326 36.268 33.174 44.041 53.875 42.685 18.340 47.806 65.349 69.889 69.409 68.944 68.403 68.407 67.368 64.391 64.838 67.176 66.427 66.191
0.000 0.000 0.000 0.000 0.000 0.000 0.000 0.000 0.000 0.000 0.000 43.386 78.386 67.386 54.386 9.386 3.386 27.385 81.385 89.384 54.384 0.000 0.000 0.000 0.000 23.443 2.443 0.000 0.000 0.000 0.000 0.000 0.000 0.000 0.000 0.000 0.000 7.444 0.000 0.000 0.000 11.442 29.442 0.000 0.000 40.418 55.406 58.419 56.434 42.447 36.456 35.474 49.485 40.474 32.425 46.324 60.168 47.953 35.817 50.530 55.120 67.679 70.215 69.753 69.200 69.179 67.124 65.156 65.561 67.906 67.166 66.935 66.600
0.000 0.000 0.000 0.000 0.000 0.000 0.000 0.000 0.000 0.000 0.000 14.386 76.386 59.386 40.386 2.386 23.386 73.385 84.385 91.384 50.384 0.000 0.000 0.000 0.443 61.443 45.443 0.000 0.000 0.000 0.000 0.000 0.000 0.000 0.000 0.444 24.444 36.444 38.444 0.000 0.000 20.442 45.442 24.440 38.437 61.431 64.430 65.440 62.458 49.485 36.528 33.589 50.638 41.660 45.634 63.529 57.354 0.000 34.099 52.843 65.465 71.027 70.570 70.011 69.965 67.898 66.046 66.304 68.653 67.923 67.699 67.366 67.032
0.000 0.000 0.000 0.000 0.000 0.000 0.000 0.000 0.000 0.000 0.000 0.000 0.000 27.387 65.387 61.386 49.386 62.386 82.385 93.384 46.383 0.000 0.000 0.000 0.000 23.443 47.443 49.443 0.000 0.000 0.000 0.000 0.000 0.000 0.000 0.000 40.444 41.444 53.444 36.443 25.443 39.443 40.442 36.442 43.441 50.440 48.443 41.453 60.471 26.507 42.583 45.715 35.818 47.895 60.923 57.803 0.341 9.048 45.637 62.276 70.872 71.410 70.857 70.783 67.711 67.104 67.077 69.417 68.699 68.485 68.161 67.828 67.469
0.000 0.000 0.000 0.000 0.000 0.000 0.000 0.000 0.000 0.000 0.000 0.000 0.000 17.387 84.387 79.387 69.387 59.386 83.385 91.383 86.381 71.377 26.374 0.000 0.000 0.000 3.443 57.443 41.443 39.443 50.443 45.443 8.443 0.000 0.000 4.444 40.444 39.444 60.444 66.444 55.443 47.443 39.443 36.443 37.444 38.445 37.449 35.456 43.469 4.488 0.000 4.869 41.023 64.178 62.360 1.646 7.737 45.454 59.121 68.765 72.304 71.866 72.642 68.595 68.403 67.898 70.208 69.495 69.289 68.978 68.662 68.312 67.921
0.000 0.000 0.000 0.000 0.000 0.000 0.000 0.000 0.000 0.000 0.000 0.000 0.000 0.000 17.387 56.388 31.388 67.387 86.386 91.384 89.380 87.376 76.372 35.369 0.369 0.000 0.000 13.443 52.443 52.443 65.443 63.443 56.443 51.444 0.000 0.000 7.444 44.444 63.444 70.444 62.444 46.444 35.444 36.445 36.446 36.447 36.451 36.455 40.460 0.000 0.000 0.000 11.228 48.433 17.894 15.159 50.099 54.906 66.650 73.257 73.111 71.353 69.683 70.070 68.800 71.043 70.319 70.107 69.804 69.508 69.192 68.837 68.406
0.000 0.000 0.000 0.000 0.000 0.000 0.000 0.000 0.000 0.000 0.000 0.000 0.000 0.000 0.000 2.388 88.389 88.389 90.388 90.385 89.380 83.374 77.369 48.365 0.000 0.000 0.000 0.000 0.000 20.443 65.443 59.443 74.444 71.444 50.444 29.444 30.444 39.444 61.444 70.444 61.444 44.444 34.445 39.446 38.447 36.449 36.451 36.454 37.456 29.455 0.000 0.000 0.000 0.000 9.626 52.661 55.590 63.447 74.171 74.284 72.646 74.541 72.305 69.844 71.955 71.192 70.950 70.633 70.342 70.053 69.761 69.439 68.003
0.000 0.000 0.000 0.000 0.000 0.000 23.365 46.362 0.000 24.303 64.293 53.280 57.269 32.263 0.000 0.000 24.392 96.392 90.393 87.389 84.381 87.372 78.364 41.358 0.000 0.000 0.000 0.000 0.000 0.000 0.000 9.443 63.444 64.444 15.444 0.000 6.444 43.444 61.444 66.444 56.444 47.445 45.445 7.446 14.447 42.449 36.451 36.453 37.454 43.454 51.454 13.454 0.000 0.000 25.320 58.272 62.164 72.974 75.190 74.823 78.099 76.680 71.186 72.994 72.141 71.834 71.479 71.165 70.872 70.602 70.360 70.155 76.011
0.000 0.000 0.000 0.000 0.000 0.000 23.368 66.359 8.339 58.314 60.295 72.278 55.265 40.256 0.000 0.000 12.394 81.396 93.401 90.396 90.384 91.369 85.355 39.347 0.000 0.000 0.000 0.000 0.000 0.000 0.000 0.000 0.000 48.444 7.444 0.000 2.444 49.444 46.444 58.444 15.444 0.000 0.000 0.000 0.000 8.450 46.451 40.453 3.453 33.454 67.454 50.454 3.454 0.000 30.072 63.911 72.813 75.934 75.690 79.859 79.112 72.540 74.109 73.161 72.767 72.353 71.995 71.670 71.378 71.124 70.922 70.811 75.876
21.630 65.623 55.618 0.000 0.000 0.000 17.379 77.367 53.344 55.318 61.294 85.273 86.256 81.241 35.227 0.000 0.000 0.000 41.420 95.409 90.389 91.365 88.342 47.326 0.000 0.000 0.000 0.000 0.000 0.000 0.000 0.000 0.000 6.444 0.000 0.000 0.000 0.000 0.000 0.000 0.000 0.000 0.000 0.000 0.000 0.000 0.000 21.453 18.453 0.000 0.000 0.000 0.000 19.485 56.901 73.854 75.530 76.463 80.810 80.414 73.569 75.131 74.171 73.719 73.249 72.843 72.475 72.144 71.848 71.593 71.395 71.289 74.354
21.631 77.623 59.613 55.601 0.000 0.000 4.404 69.385 71.353 71.321 83.290 80.265 92.244 91.225 52.213 0.000 0.000 0.000 17.450 97.431 90.399 91.361 88.322 48.289 0.000 0.000 8.850 56.813 68.771 37.743 0.000 0.000 0.000 0.000 0.000 0.000 0.000 0.000 0.000 0.000 0.000 0.000 0.000 0.000 0.000 0.000 0.000 0.000 6.453 0.000 0.000 0.000 17.450 57.957 74.918 75.500 81.729 81.219 74.840 75.403 75.907 75.092 74.629 74.135 73.694 73.289 72.920 72.582 72.276 72.004 71.775 78.597 19.476
85.634 82.623 61.609 62.590 54.560 1.517 59.447 54.415 62.363 75.322 79.281 90.253 91.228 90.205 59.186 0.000 0.000 0.000 16.501 96.465 90.415 91.358 86.295 66.219 50.101 50.993 50.888 58.816 79.758 46.715 0.000 0.000 0.000 0.000 0.000 0.000 0.000 0.000 0.000 0.000 0.000 0.000 0.000 0.000 0.000 0.000 0.000 0.000 0.000 0.000 15.540 46.317 55.825 74.812 76.402 83.065 82.474 75.389 77.111 76.447 75.908 75.456 74.975 74.524 74.099 73.702 73.332 72.988 72.669 72.374 79.102 24.850 0.000
82.639 77.627 75.611 58.589 62.560 62.525 53.486 46.464 0.000 0.000 21.260 80.238 91.210 89.179 74.140 41.086 0.000 3.676 65.586 86.513 91.438 90.361 91.280 81.192 57.090 53.989 52.893 61.807 79.728 62.645 48.531 49.442 53.376 64.336 28.320 0.000 0.000 0.000 0.000 0.000 0.000 0.000 0.000 0.000 0.000 0.000 0.000 0.000 0.000 0.000 26.740 66.580 74.527 77.175 83.945 83.548 76.111 77.782 77.006 76.637 76.200 75.751 75.311 74.884 74.475 74.087 73.719 73.370 73.038 78.720 25.411 0.000 0.000
71.647 23.634 91.618 62.597 56.564 57.535 59.509 59.492 48.489 0.000 0.000 1.224 25.196 96.161 86.109 64.032 55.908 62.765 61.657 63.561 71.465 72.368 59.273 56.178 54.080 53.982 52.886 61.792 76.701 55.606 52.507 57.419 73.351 76.311 61.303 35.303 0.000 0.000 0.000 0.000 0.000 0.000 0.000 0.000 0.000 0.000 0.000 0.000 0.000 17.579 59.425 75.036 77.877 84.512 84.266 76.806 78.452 77.671 77.316 76.891 76.471 76.049 75.632 75.225 74.832 74.453 74.088 73.735 79.393 25.056 0.000 0.000 0.000
17.655 90.643 91.630 77.618 0.000 4.543 64.524 60.504 71.487 62.469 0.000 1.236 4.202 84.160 81.102 66.026 56.928 53.819 53.715 56.609 69.491 77.375 80.265 73.166 63.070 55.973 54.875 70.776 73.676 48.573 52.470 52.375 53.298 57.255 36.279 0.000 0.000 0.000 6.827 0.000 0.000 0.000 0.000 0.000 0.000 0.000 0.000 20.803 52.472 60.328 73.842 85.173 84.789 77.858 78.454 79.023 78.336 77.974 77.556 77.151 76.745 76.341 75.943 75.553 75.173 74.804 75.443 82.090 25.741 0.000 0.000 0.000 0.000
95.664 91.654 91.642 91.626 78.605 61.569 61.540 61.513 52.486 1.445 18.353 25.292 77.232 74.176 77.114 70.041 70.958 70.868 70.775 73.671 68.513 68.377 70.246 74.151 75.060 72.965 68.866 79.762 77.653 65.541 66.426 66.314 68.210 43.132 0.000 0.000 0.000 0.000 7.827 0.000 0.000 0.000 0.000 0.000 0.000 7.687 55.462 56.024 77.036 77.592 86.234 85.757 80.344 80.062 79.452 78.987 78.611 78.202 77.805 77.409 77.016 76.628 76.246 75.872 75.505 76.146 79.792 12.441 0.000 0.000 0.000 0.000 0.000
94.673 90.665 90.656 91.642 88.619 66.588 60.555 61.521 62.484 54.437 3.376 69.316 66.257 67.198 68.136 63.068 66.994 71.919 79.847 64.788 0.000 0.312 15.191 73.133 69.052 68.963 68.862 68.752 68.634 68.510 68.380 68.243 66.097 60.931 33.711 0.000 9.343 53.123 59.827 71.524 41.289 0.000 0.000 0.000 1.568 56.890 67.669 79.591 80.225 86.968 86.633 80.992 80.671 79.937 79.610 79.223 78.828 78.438 78.049 77.664 77.283 76.908 76.541 76.182 76.830 79.482 27.137 0.000 0.000 0.000 0.000 0.000 0.000
80.679 80.679 80.677 91.664 91.641 81.609 57.571 60.532 61.492 61.447 67.395 76.340 60.282 57.224 55.163 62.099 77.032 75.967 60.904 40.846 0.000 0.000 0.000 1.143 58.053 52.971 52.867 52.750 52.622 53.485 56.340 57.182 57.003 55.785 56.490 55.039 54.563 63.200 69.833 67.456 74.054 71.518 66.009 63.496 65.867 77.517 81.040 80.833 87.461 87.244 81.629 81.285 80.537 80.212 79.819 79.435 79.051 78.669 78.290 77.915 77.544 77.181 76.828 77.486 78.150 16.816 0.000 0.000 0.000 0.000 0.000 0.000 0.000
0.000 46.693 58.707 86.698 90.673 71.636 54.588 53.543 61.504 61.464 60.419 54.366 55.308 61.252 78.194 77.133 60.070 53.011 42.958 0.000 62.519 71.457 67.362 68.239 71.111 74.001 72.885 73.759 76.618 75.469 72.312 74.142 68.948 54.715 58.426 57.064 61.671 79.280 85.851 82.411 75.955 70.486 72.033 78.498 83.353 81.794 88.064 87.716 81.614 83.224 81.811 81.151 80.812 80.416 80.033 79.650 79.270 78.896 78.528 78.162 77.798 78.441 76.106 71.784 23.467 0.000 0.000 0.000 0.000 0.000 0.000 0.000 0.545
0.000 0.000 51.761 70.747 81.719 56.671 48.603 55.550 53.516 60.486 61.450 61.399 54.330 71.283 63.229 52.168 55.104 47.051 0.000 71.671 74.581 74.491 76.389 77.274 80.152 84.035 82.915 82.782 82.623 84.460 85.299 83.126 70.931 56.703 58.434 58.121 57.774 60.400 33.878 6.385 95.863 137.463 114.998 80.932 82.452 89.026 88.589 82.060 84.790 82.206 81.764 81.407 81.014 80.629 80.243 79.860 79.485 79.119 78.762 78.407 80.045 74.680 63.370 18.077 0.000 0.000 0.000 0.000 0.000 0.000 0.000 0.790 47.652
4.001 0.000 6.830 27.809 62.784 44.728 0.000 50.537 55.525 55.512 61.498 50.448 0.000 55.322 53.272 55.204 56.127 66.037 79.913 76.760 78.644 84.537 94.429 138.314 135.190 135.072 134.958 134.830 135.634 119.449 51.297 54.133 51.946 59.731 58.488 55.211 52.907 34.665 0.000 0.000 4.668 62.375 79.385 83.980 89.716 89.398 81.657 83.359 82.659 82.357 81.989 81.608 81.225 80.839 80.450 80.064 79.690 79.333 79.994 78.658 70.296 58.865 16.617 0.000 0.000 0.000 0.000 0.000 0.000 0.000 3.950 38.885 59.767
78.001 25.977 14.918 77.876 55.881 0.000 0.000 0.000 49.533 62.542 54.580 0.000 7.495 63.410 54.333 65.251 78.161 78.059 82.941 85.814 78.696 64.584 55.476 51.365 49.220 52.106 53.015 39.945 0.000 56.404 53.306 52.163 55.989 59.789 56.574 48.329 54.975 35.690 0.000 1.956 57.683 74.687 84.407 90.209 89.987 82.239 83.927 83.224 82.932 82.564 82.197 81.821 81.439 81.051 80.656 80.256 79.876 80.530 76.221 64.937 21.616 0.000 0.000 0.000 0.000 0.000 0.000 0.000 0.000 0.000 7.016 56.954 55.866
88.021 96.011 83.991 0.963 12.984 7.094 2.130 1.134 0.000 0.000 58.700 56.678 64.581 61.489 61.400 61.306 78.206 92.097 80.980 60.858 58.740 53.629 55.527 46.448 0.000 58.117 55.051 43.989 0.000 57.457 52.362 53.225 60.056 57.864 55.688 37.558 0.000 2.160 54.395 52.139 68.924 84.831 90.487 83.172 83.739 84.400 83.797 83.504 83.142 82.784 82.416 82.040 81.657 81.271 80.867 81.427 81.029 70.691 55.424 18.251 0.000 0.000 0.000 0.000 0.000 0.000 0.000 5.416 32.368 31.279 46.143 58.049 45.963
78.049 82.054 72.055 0.000 0.000 72.169 65.164 59.138 3.078 10.982 76.841 73.754 60.661 61.567 61.470 62.368 83.259 135.143 128.022 74.899 129.779 50.664 54.555 54.452 56.333 54.193 54.085 53.972 55.811 51.605 51.460 60.317 59.147 55.922 50.755 39.657 0.000 0.923 56.431 63.242 85.234 84.111 90.843 84.217 84.804 84.354 84.065 83.720 83.372 83.012 82.642 82.264 81.881 81.507 83.115 78.555 60.122 46.782 48.532 14.392 0.000 0.000 0.000 0.000 0.000 0.000 0.000 5.463 41.409 46.327 60.228 54.138 44.054
74.079 69.101 13.121 0.000 3.290 55.248 64.218 61.175 79.112 73.028 77.927 85.836 76.743 61.647 61.545 61.436 60.320 54.196 49.067 53.937 50.812 54.693 54.579 54.469 54.356 54.237 54.123 54.001 52.856 57.692 59.556 60.437 44.292 0.000 43.755 0.000 0.000 0.921 60.586 82.492 86.489 91.821 91.365 84.308 84.961 84.604 84.291 83.958 83.610 83.249 82.878 82.493 82.095 80.761 42.532 0.000 0.000 0.000 0.000 0.000 0.000 0.000 0.000 37.887 32.848 31.782 30.691 34.565 43.477 59.392 53.304 44.219 54.139
66.107 57.148 62.208 7.307 60.333 56.317 55.283 73.233 66.168 82.091 91.005 70.918 56.828 54.732 57.627 60.513 61.388 61.252 54.111 52.971 53.839 53.715 54.600 54.491 54.383 59.276 56.169 53.054 53.921 56.750 60.636 49.583 0.000 0.000 0.000 0.000 16.225 136.100 79.838 86.862 84.831 92.225 84.125 86.645 88.129 84.856 84.541 84.210 83.861 83.496 84.128 80.734 68.246 58.909 16.721 0.000 0.000 0.000 0.000 0.000 0.000 0.000 39.971 39.926 39.874 40.807 40.725 41.630 55.543 55.459 39.376 42.296 44.220
41.124 42.175 36.255 60.381 56.416 55.404 66.364 70.306 81.237 88.162 54.084 53.004 53.919 55.825 54.720 51.600 59.466 60.315 61.155 59.998 53.856 52.729 51.615 52.510 58.411 117.316 85.223 65.126 48.023 0.000 62.656 70.676 0.000 0.000 0.000 0.000 60.351 71.243 88.129 86.164 92.930 92.591 85.213 85.744 86.411 85.118 84.808 84.479 84.128 84.745 83.405 36.070 0.000 0.000 0.000 0.000 0.000 0.000 0.000 0.000 0.000 0.135 47.015 42.973 39.916 40.848 38.771 50.688 57.606 41.525 42.446 50.369 48.296
0.000 0.000 0.000 53.547 56.545 58.518 79.465 90.390 104.311 86.237 15.166 72.095 72.018 55.930 55.826 54.704 52.559 55.389 61.194 59.010 59.858 61.731 59.621 57.522 53.434 48.354 53.280 48.203 0.000 0.000 0.000 56.788 48.816 0.000 0.000 2.746 70.585 87.430 87.503 85.518 93.239 84.934 87.437 88.944 85.687 85.398 85.094 84.771 84.428 81.950 36.678 0.000 0.000 0.000 0.000 0.000 0.000 0.000 0.000 0.000 0.000 46.180 16.101 4.035 47.969 37.898 48.823 60.745 48.667 43.589 48.513 52.439 45.368
0.000 0.000 0.000 51.715 57.699 73.659 84.587 132.477 126.380 128.307 134.249 130.192 131.128 56.049 55.952 54.829 54.677 53.487 48.223 57.989 59.836 60.717 58.614 60.525 60.449 61.385 54.342 0.000 0.000 0.000 0.060 57.873 42.844 0.000 0.206 61.897 83.789 87.746 86.734 93.802 93.528 85.991 86.539 87.230 85.968 85.693 85.399 86.082 60.863 0.000 0.000 0.000 0.000 0.000 0.000 0.000 0.000 0.000 58.502 47.452 37.372 41.260 41.173 42.097 42.025 44.952 57.878 54.803 49.727 50.652 48.579 46.507 42.437
17.955 0.000 0.000 52.899 69.878 77.833 83.747 54.550 53.426 52.364 49.329 50.298 50.252 56.188 56.101 71.986 71.832 47.660 0.000 44.885 57.781 59.687 57.594 59.516 59.451 60.397 56.359 0.294 1.199 2.152 56.097 40.985 0.000 0.000 63.297 72.145 89.023 87.937 87.119 94.057 85.663 88.193 90.730 86.508 86.260 86.009 84.726 72.296 31.080 0.000 0.000 0.000 0.000 0.000 44.756 39.734 39.693 39.634 43.552 55.482 58.404 44.316 39.234 41.156 43.082 58.008 56.935 42.861 51.787 52.714 51.642 44.572 40.503
