results1/res_4e8f-0065.wd
ncols         241
nrows         181
xllcorner     12693529.787448
yllcorner     3542525.717860
cellsize      155.156523
NODATA_value  -9999.000000
[rows 99 to 131 of 181, columns 74 to 147 of 241]
53.195 53.188 52.184 52.181 57.180 60.180 57.180 53.182 53.183 47.182 3.182 0.000 0.000 0.000 0.000 0.000 9.447 67.615 92.666 90.715 89.914 96.663 96.588 89.690 90.382 90.224 90.109 90.998 90.894 89.799 93.717 52.659 0.000 0.000 0.000 0.000 0.000 0.000 13.299 39.191 51.010 18.740 0.490 30.272 33.224 31.162 35.086 31.867 29.491 0.000 23.055 26.988 41.913 47.853 50.807 48.773 43.747 36.730 31.720 26.715 4.709 0.000 0.000 0.000 0.000 0.000 16.774 28.774 52.773 53.772 53.772 53.771 51.770 0.000
53.201 52.195 50.190 54.187 59.185 60.184 60.182 54.182 51.182 56.182 56.182 17.182 0.000 12.878 42.852 19.815 0.000 55.956 95.879 91.157 91.195 96.725 89.020 90.803 90.451 90.357 90.239 90.126 90.020 91.925 90.845 26.791 0.000 0.000 0.000 0.000 0.000 0.000 17.505 23.432 34.353 0.000 0.000 25.468 33.425 32.349 36.230 36.024 6.758 0.000 18.008 31.961 36.889 57.842 58.806 58.778 59.756 60.741 58.731 39.727 0.000 0.000 0.000 0.000 0.000 0.000 15.772 28.769 52.768 53.768 53.767 53.766 46.765 6.765
52.205 52.199 55.195 58.191 59.189 34.188 0.000 27.182 63.182 36.182 10.182 2.182 0.000 23.904 73.864 70.778 62.599 81.295 92.397 89.371 96.812 90.318 91.119 90.680 90.608 90.484 90.366 90.248 91.135 89.036 76.948 23.869 0.000 0.000 0.000 0.000 0.000 20.960 27.785 25.680 26.617 0.000 0.000 31.707 49.659 42.580 37.461 12.243 0.000 0.000 1.007 0.000 30.839 55.820 59.797 57.777 57.760 57.747 59.738 32.734 26.735 26.735 32.734 0.000 0.000 0.000 0.000 27.765 52.764 53.763 53.762 53.761 36.760 0.000
51.208 56.202 59.198 59.195 59.193 24.191 0.000 0.000 6.182 0.000 0.000 0.000 0.000 16.969 79.923 85.834 93.698 93.576 90.659 97.186 96.954 90.296 91.003 90.848 90.732 90.614 90.492 90.365 96.238 46.135 14.041 0.000 0.000 0.000 0.000 0.000 12.283 30.135 25.995 25.886 24.818 30.825 0.000 24.993 50.926 49.852 47.791 0.000 0.000 0.000 0.000 0.000 28.810 57.800 61.787 58.772 57.759 55.749 44.741 25.737 21.736 22.735 6.734 0.000 0.000 0.000 0.000 23.760 52.760 53.759 53.758 49.757 16.755 21.751
57.210 59.205 59.201 57.198 63.195 33.194 0.000 0.000 0.000 0.000 0.000 0.000 0.000 28.081 86.025 88.943 92.785 91.976 91.954 97.393 89.704 91.404 91.073 90.981 90.865 90.748 94.624 100.483 55.315 24.225 0.000 0.000 0.000 0.000 0.000 13.549 36.431 30.303 23.174 28.053 31.943 28.833 26.642 40.347 44.199 34.110 42.062 0.000 0.000 0.000 0.000 0.000 34.790 58.785 63.778 62.767 58.756 53.748 22.741 20.738 21.736 28.735 0.000 0.000 0.000 0.000 17.757 21.757 50.756 53.755 53.754 47.753 18.751 17.749
59.211 59.207 58.203 36.200 2.197 21.195 23.194 0.000 0.000 0.000 0.000 0.000 19.367 72.248 86.161 89.046 91.178 92.157 97.757 97.583 90.692 91.389 91.223 91.112 91.000 94.888 56.773 16.628 0.000 34.224 20.224 0.000 0.000 0.000 0.000 21.668 55.589 46.474 41.344 36.208 37.070 34.922 35.746 48.553 42.415 26.327 28.284 0.000 0.000 0.000 0.000 0.000 34.775 62.773 27.771 25.763 57.751 60.744 30.739 21.736 26.736 0.000 0.000 0.000 0.000 0.000 0.000 17.755 35.753 51.752 54.751 47.750 18.749 17.747
59.212 55.208 59.205 41.204 0.000 12.194 42.194 0.000 0.000 0.000 0.000 9.586 71.485 85.385 91.294 91.248 91.369 98.066 97.916 90.042 91.810 91.454 91.360 91.243 91.133 95.031 66.952 0.000 0.000 4.224 7.224 0.000 0.000 0.000 0.000 8.865 40.784 45.661 55.519 51.367 39.207 42.039 50.867 45.705 33.580 25.499 26.464 0.592 1.618 0.000 0.000 0.000 32.763 66.762 0.000 0.000 6.742 53.739 43.736 24.734 3.734 0.000 0.000 0.000 0.000 0.000 0.000 0.000 14.750 40.749 50.748 43.748 19.747 17.745
54.212 53.209 69.207 48.205 0.000 11.194 39.194 0.000 0.000 0.000 3.765 67.687 80.602 90.521 93.387 92.613 90.625 98.204 89.370 91.137 87.689 89.612 91.487 91.371 92.259 86.152 76.053 24.053 0.000 0.000 0.000 0.000 0.000 0.000 0.000 31.144 36.021 35.867 37.704 46.533 49.352 52.161 45.978 32.820 26.702 25.627 24.599 28.629 13.624 0.000 0.000 0.000 21.752 58.749 24.742 13.738 5.737 48.734 54.731 34.729 0.000 0.000 0.000 0.000 0.000 0.000 0.000 0.000 9.747 33.747 38.746 25.745 17.745 17.744
60.212 56.211 0.000 0.000 0.000 2.194 2.194 0.000 0.000 0.000 4.844 83.794 85.726 93.623 92.773 91.775 98.448 98.331 91.338 91.019 90.855 90.732 89.613 90.495 92.379 49.264 0.200 0.000 0.000 0.000 0.000 0.000 0.719 17.244 31.972 42.546 39.289 38.084 34.897 35.710 38.508 50.274 51.066 42.896 31.780 24.709 24.674 26.671 0.000 0.000 0.000 0.000 6.744 48.741 26.738 22.736 22.734 54.728 57.725 40.722 3.718 0.000 36.711 0.000 0.000 0.000 0.000 0.000 12.746 36.745 31.744 17.744 17.743 16.743
62.212 49.211 0.000 0.000 0.000 0.000 11.193 0.000 0.000 0.000 70.973 80.921 92.850 92.828 91.953 98.654 98.555 90.668 92.434 92.079 91.980 91.857 91.736 93.617 43.498 0.000 0.000 0.000 0.000 0.000 0.000 16.224 32.927 45.489 41.127 39.779 39.504 39.282 40.089 37.904 36.696 10.361 29.115 53.919 35.815 23.753 26.720 24.710 12.716 0.000 0.000 0.000 7.739 40.735 18.732 0.000 0.000 10.721 47.719 36.717 45.714 52.712 11.711 0.000 0.000 0.000 0.000 0.000 0.000 27.742 25.742 18.742 20.742 18.742
54.211 53.210 29.209 0.000 0.000 0.000 0.000 0.000 0.000 24.279 84.153 91.067 92.966 93.104 91.205 98.745 90.971 92.744 92.303 92.227 92.101 92.981 93.859 55.738 0.000 0.000 0.000 0.000 0.000 0.000 35.940 46.522 42.096 40.658 40.269 39.937 39.669 39.452 39.273 39.122 48.009 0.000 0.000 21.849 30.807 22.769 31.744 31.731 13.724 0.000 0.000 0.000 0.000 24.727 61.724 29.719 0.000 3.715 48.714 42.713 33.711 33.710 0.000 0.000 0.000 0.000 0.000 0.000 0.000 6.740 17.740 18.740 0.000 0.000
0.209 56.209 54.208 43.208 2.207 0.000 0.000 0.000 15.517 74.405 88.296 94.202 93.158 92.288 98.899 98.826 91.925 92.617 92.459 92.342 93.226 95.105 55.982 0.000 0.000 0.000 0.000 0.000 23.279 33.952 45.358 41.827 41.279 37.777 37.355 37.032 37.782 39.586 39.428 42.302 19.210 0.000 0.000 1.822 26.795 25.772 43.756 39.747 0.000 0.000 0.000 0.000 0.000 8.722 53.718 65.714 22.711 48.711 62.710 54.709 30.708 23.707 0.000 0.000 0.000 0.000 0.000 0.000 0.000 12.738 18.738 22.738 0.000 0.000
0.000 58.208 48.208 55.207 47.207 8.207 0.000 8.730 75.629 84.526 94.434 93.280 93.514 91.512 98.961 91.229 93.014 92.667 92.577 93.463 94.356 48.230 0.000 0.000 0.000 0.000 0.000 35.957 46.607 44.218 42.715 44.148 43.417 48.816 53.343 48.054 40.843 34.680 38.552 44.450 2.353 0.000 0.000 0.000 29.779 30.769 52.761 40.756 0.000 0.000 0.000 0.000 0.000 0.000 48.711 57.710 62.708 58.707 58.707 62.706 46.705 25.703 26.700 0.000 0.000 0.000 0.000 0.000 14.736 19.736 17.736 22.736 0.000 0.000
0.000 26.207 77.207 40.207 0.000 0.000 13.915 73.831 78.741 92.654 93.510 93.744 91.636 99.048 91.499 93.302 92.871 92.807 93.690 90.578 45.504 0.000 0.000 0.000 0.000 0.000 38.631 46.307 43.974 43.599 47.137 21.633 0.283 1.589 18.146 43.998 45.857 46.739 38.649 39.592 0.583 0.000 0.000 0.000 10.773 28.767 35.762 34.759 0.000 0.000 0.000 0.000 0.000 0.000 39.706 52.706 57.705 58.704 59.704 55.703 51.702 36.700 24.698 28.695 34.694 0.000 0.000 0.000 0.000 17.735 18.735 20.734 0.000 0.000
0.000 3.207 78.207 65.207 0.000 0.000 20.999 81.938 89.861 93.751 94.893 94.881 99.387 99.179 92.455 93.165 93.019 92.915 87.806 77.654 28.579 0.000 0.000 0.000 27.471 36.296 47.956 44.665 44.383 48.066 25.602 0.000 0.000 0.000 4.000 41.933 38.850 42.772 48.712 48.680 26.692 0.000 0.000 0.000 0.000 30.763 24.761 31.760 0.000 0.000 0.000 0.000 0.000 1.702 26.702 43.702 57.701 52.701 45.701 47.702 8.701 33.699 42.696 35.694 31.693 0.000 0.000 0.000 0.000 0.000 12.733 17.733 22.732 0.000
0.000 0.000 6.207 55.207 0.000 9.248 75.144 87.062 93.982 93.944 94.071 99.762 99.580 91.756 93.548 93.208 93.130 86.035 51.964 0.000 0.000 0.000 0.085 45.821 39.646 47.461 45.232 45.016 45.826 23.683 0.000 0.000 0.000 0.000 2.920 44.886 38.837 38.787 40.746 44.723 46.718 0.000 0.000 0.000 0.000 11.761 30.760 5.760 0.000 0.000 0.000 0.000 0.000 0.000 22.699 33.699 40.698 32.698 29.698 0.000 0.000 0.000 26.693 30.692 39.691 0.000 0.000 0.000 0.000 0.000 6.733 17.732 18.732 0.000
0.000 0.000 0.000 0.000 9.432 78.351 83.266 94.192 94.067 95.299 95.325 99.932 92.069 93.841 93.402 93.335 83.228 72.135 36.049 0.000 0.000 0.000 40.157 61.996 46.833 38.668 46.497 44.342 47.222 17.157 0.000 0.000 0.000 0.000 33.874 40.855 39.825 39.793 36.765 32.747 34.739 0.000 0.000 0.000 0.000 0.000 37.759 0.000 0.000 0.000 0.000 0.000 0.000 0.000 24.696 23.696 22.696 20.695 26.695 0.000 0.000 0.000 1.691 24.690 42.689 0.000 0.000 0.000 0.000 0.000 0.000 10.731 23.731 36.731
0.000 0.000 0.000 0.000 81.514 80.457 94.388 94.290 95.443 95.467 100.241 100.091 93.027 94.704 92.541 78.419 67.320 41.227 0.000 0.000 0.000 34.471 52.320 52.171 59.024 46.881 36.746 42.633 52.563 55.567 18.723 0.000 0.000 0.000 45.847 39.835 39.816 38.794 34.774 28.760 29.753 0.000 0.000 0.000 0.000 0.000 10.757 18.757 0.000 0.000 0.000 0.000 0.000 2.694 26.694 20.694 21.693 21.693 23.692 6.691 0.000 0.000 0.000 11.688 32.687 10.685 0.000 0.000 0.000 0.000 0.000 5.731 1.731 0.000
0.000 0.000 0.000 20.742 81.652 93.579 94.508 95.478 97.623 100.521 100.383 92.347 94.103 90.748 79.641 68.487 40.403 0.000 0.000 0.000 36.760 57.621 43.482 35.345 49.211 61.085 48.973 51.883 52.829 39.824 45.880 24.951 0.000 5.829 37.831 33.824 40.810 35.794 27.779 26.767 30.760 0.000 0.000 0.000 0.000 0.000 0.000 37.756 0.000 0.000 0.000 0.000 0.000 0.000 8.693 23.692 21.691 21.691 21.690 29.689 0.000 0.000 0.000 0.000 13.685 24.683 30.682 0.000 0.000 0.000 0.000 0.000 0.000 0.000
0.000 0.000 0.000 63.832 89.771 95.707 94.589 94.827 92.875 100.651 92.639 94.396 88.959 77.885 52.759 0.000 0.000 0.000 0.000 37.016 57.899 44.773 33.643 33.514 35.391 46.277 61.177 52.098 37.045 45.022 47.022 21.022 0.000 2.827 62.826 49.819 38.808 32.794 28.780 25.767 26.762 20.760 0.000 0.000 0.000 0.000 0.000 16.756 0.000 0.000 0.000 0.000 0.000 0.000 0.000 25.689 21.689 21.689 21.689 23.688 7.687 0.000 0.000 0.000 0.000 21.681 24.681 0.000 0.000 0.000 0.000 0.000 0.000 0.000
0.000 0.000 67.089 63.982 69.903 84.805 95.960 92.999 100.894 100.775 93.573 89.254 78.101 56.990 0.000 0.000 19.208 0.000 0.000 62.133 45.046 33.929 34.804 33.679 36.561 50.454 59.361 60.287 44.233 40.197 51.165 25.093 0.000 0.000 0.000 6.819 0.000 0.000 0.000 29.762 36.760 37.758 23.757 0.000 0.000 0.000 0.000 0.000 0.000 0.000 0.000 0.000 0.000 0.000 0.000 25.687 24.688 27.688 22.688 19.687 28.686 0.000 0.000 0.000 1.680 35.680 40.680 0.000 0.000 0.000 0.000 0.000 0.000 0.000
0.000 6.290 68.197 65.105 66.024 75.991 92.139 101.119 101.007 92.860 89.619 77.285 51.205 0.000 0.000 36.250 35.208 17.141 0.902 50.337 34.224 35.095 33.963 34.837 49.721 55.616 19.527 10.456 62.403 48.368 26.348 0.000 0.000 0.000 0.000 0.000 0.000 0.000 0.000 47.759 41.758 38.757 34.756 0.000 0.000 0.000 0.000 0.000 0.000 0.000 0.000 0.000 0.000 0.000 13.684 22.685 0.000 0.000 0.000 22.685 26.685 0.000 0.000 0.000 3.679 39.680 8.680 0.000 0.000 0.000 0.000 0.000 0.000 0.000
81.459 69.383 66.302 64.226 65.101 66.335 70.386 101.225 92.103 87.860 77.447 51.401 0.000 0.000 0.000 40.291 38.234 58.117 41.908 34.611 35.420 34.262 37.118 56.987 53.869 34.764 30.676 35.606 63.555 60.523 24.511 0.000 0.000 0.000 0.000 0.000 0.000 0.000 0.000 54.756 54.756 49.755 40.755 0.000 0.000 0.000 0.000 0.000 0.000 0.000 0.000 0.000 0.000 0.000 25.683 27.683 0.000 0.000 0.000 25.684 26.684 0.000 0.000 0.000 0.000 10.679 0.000 0.000 0.000 0.000 0.000 0.000 0.000 0.000
79.536 93.480 85.411 70.312 71.463 63.502 101.427 101.328 70.977 75.656 51.554 0.000 0.000 0.000 0.000 42.391 55.318 53.186 34.998 34.778 34.584 45.414 57.261 46.124 35.002 34.896 34.808 35.737 44.687 62.660 58.663 19.722 0.000 0.000 0.000 0.000 0.000 0.000 0.000 40.755 42.754 54.754 55.753 11.752 0.000 0.000 0.000 0.000 0.000 0.000 0.000 0.000 0.000 17.682 27.682 4.683 0.000 0.000 0.000 26.684 24.684 0.000 0.000 0.000 0.000 0.000 0.000 0.000 0.000 0.000 0.000 0.000 0.000 0.000
92.668 95.593 95.520 90.488 80.635 101.620 101.524 63.100 57.891 0.000 0.000 0.000 0.000 0.000 0.000 53.564 58.463 34.310 36.122 35.919 47.725 56.548 38.389 35.246 35.121 35.012 34.921 34.849 34.797 43.766 63.760 56.781 30.814 21.827 25.830 0.000 0.000 0.000 0.000 0.000 20.753 60.753 60.752 21.751 0.000 0.000 0.000 0.000 0.000 0.000 0.000 0.000 0.000 6.682 5.682 0.000 0.000 0.000 0.000 6.683 33.683 0.000 0.000 0.000 0.000 0.000 0.000 0.000 0.000 0.000 0.000 0.000 0.000 0.000
95.779 95.710 95.590 99.826 90.876 101.714 63.148 65.806 60.585 0.000 0.000 0.000 0.000 0.000 47.037 58.837 35.662 36.469 36.261 44.050 56.849 34.665 35.500 35.352 35.222 35.110 35.016 34.941 34.886 34.849 38.830 39.828 34.834 35.837 42.833 24.833 0.000 0.000 0.000 0.000 0.000 15.752 51.751 14.750 0.000 0.000 0.000 0.000 0.000 0.000 0.000 0.000 0.000 0.000 0.000 0.000 0.000 0.000 0.000 0.000 0.000 0.000 0.000 0.000 0.000 0.000 0.000 0.000 0.000 0.000 0.000 0.000 0.000 0.000
91.890 95.795 96.950 93.989 101.898 101.806 67.718 52.040 0.000 0.000 0.000 0.000 0.000 0.000 64.238 41.085 36.878 36.644 38.404 59.172 38.956 35.764 35.593 35.441 35.306 35.189 35.092 35.015 34.956 34.913 33.884 32.866 35.858 17.854 0.000 0.000 0.000 0.000 0.000 0.000 0.000 0.000 44.750 32.749 0.000 0.000 0.000 0.000 0.000 0.000 0.000 0.000 0.000 0.000 0.000 0.000 0.000 0.000 0.000 0.000 0.000 0.000 0.000 0.000 0.000 0.000 0.000 0.000 0.000 0.000 0.000 0.000 0.000 0.000
70.999 74.971 71.121 102.080 101.989 79.325 60.341 50.995 0.000 0.000 0.000 0.000 0.000 0.000 39.591 35.389 35.120 33.826 46.540 39.276 33.041 33.841 33.668 33.513 33.372 34.249 35.149 35.071 35.010 33.963 31.926 33.897 33.878 30.868 20.866 23.861 25.857 24.854 26.852 0.000 0.000 0.000 0.000 41.748 13.748 0.000 0.000 0.000 0.000 0.000 0.000 0.000 0.000 0.000 0.000 0.000 0.000 0.000 0.000 0.000 0.000 0.000 0.000 0.000 0.000 0.000 0.000 0.000 0.000 0.000 0.000 0.000 0.000 0.000
108.069 73.309 103.361 102.168 61.988 52.526 0.000 65.880 24.024 0.000 0.000 0.000 0.000 83.616 62.146 32.760 40.388 51.000 49.654 45.352 43.092 42.891 42.724 41.572 35.419 31.286 35.185 35.109 35.051 34.004 33.962 37.916 37.889 38.875 48.867 48.862 44.857 37.853 36.850 15.847 0.000 0.000 0.000 0.747 6.747 0.000 0.000 0.000 0.000 0.000 0.000 0.000 0.000 0.000 0.000 0.000 0.000 0.000 0.000 0.000 0.000 0.000 0.000 0.000 0.000 0.000 0.000 0.000 0.000 0.000 0.000 0.000 0.000 0.000
112.860 110.900 102.333 102.253 90.093 0.000 32.601 60.601 134.169 109.695 0.000 31.158 20.622 82.087 41.616 39.119 110.672 101.132 96.724 96.387 95.085 93.906 92.767 91.632 62.448 29.291 35.196 35.130 35.080 35.041 27.001 0.000 0.000 0.000 0.000 0.000 0.000 1.850 53.848 32.845 3.843 0.000 0.000 0.000 0.000 0.000 0.000 0.000 0.000 0.000 0.000 0.000 0.000 0.000 0.000 0.000 0.000 0.000 0.000 0.000 0.000 0.000 0.000 0.000 0.000 0.000 0.000 0.000 0.000 0.000 0.000 0.000 0.000 0.000
112.023 102.482 102.409 86.665 0.000 0.000 0.000 3.673 55.358 43.220 0.000 12.694 0.000 41.494 38.113 47.427 103.049 0.000 0.000 0.000 38.955 47.883 108.804 21.744 0.000 39.235 35.180 35.134 36.100 18.079 0.000 0.000 0.000 0.000 0.000 0.000 0.000 0.000 6.845 53.844 9.842 0.000 0.000 0.000 0.000 0.000 0.000 0.000 0.000 0.000 0.000 0.000 0.000 0.000 0.000 0.000 0.000 0.000 0.000 0.000 0.000 0.000 0.000 0.000 0.000 0.000 0.000 0.000 0.000 0.000 0.000 0.000 0.000 0.000
111.249 102.550 111.164 113.009 33.297 0.000 10.898 37.899 47.368 24.608 1.414 34.230 79.930 78.282 70.916 0.000 22.049 0.000 0.000 21.897 49.897 94.865 57.825 22.794 0.000 0.000 41.153 35.127 36.107 17.096 0.000 0.000 0.000 0.000 0.000 0.000 0.000 0.000 0.000 0.840 39.838 4.836 0.000 0.000 0.000 0.000 0.000 0.000 0.000 0.000 0.000 0.000 0.000 0.000 0.000 0.000 0.000 0.000 0.000 0.000 0.000 0.000 0.000 0.000 0.000 0.000 0.000 0.000 0.000 0.000 0.000 0.000 0.000 0.000
102.673 102.614 91.674 34.438 0.000 0.000 0.000 0.000 24.609 0.000 0.000 27.694 71.278 124.789 60.352 0.000 0.000 0.000 0.000 0.000 63.873 98.857 28.835 25.814 0.000 0.000 0.000 40.113 34.107 32.101 30.101 18.101 0.000 0.000 0.000 0.000 0.000 0.000 0.000 0.000 53.836 11.835 0.000 0.000 0.000 0.000 0.000 0.000 0.000 0.000 0.000 0.000 0.000 0.000 0.000 0.000 0.000 0.000 0.000 0.000 0.000 0.000 0.000 0.000 0.000 0.000 0.000 0.000 0.000 0.000 0.000 0.000 0.000 0.000
