results1/res_4e8f-0219.wd
ncols         241
nrows         181
xllcorner     12693529.787448
yllcorner     3542525.717860
cellsize      155.156523
NODATA_value  -9999.000000
[rows 0 to 32 of 181, columns 146 to 218 of 241]
0.000 0.000 0.000 0.000 0.000 0.000 0.000 0.000 0.000 0.000 0.000 0.000 0.000 0.000 5.863 16.713 17.471 17.174 16.848 16.510 16.178 15.868 15.592 15.357 15.165 15.016 14.905 14.829 14.780 14.753 14.742 19.737 0.000 0.000 0.000 0.000 0.000 0.000 0.000 0.000 0.000 0.000 0.000 0.000 0.000 0.000 0.000 0.000 0.000 20.304 27.304 0.000 0.000 46.496 51.496 0.000 0.000 0.000 0.000 0.000 0.000 0.000 0.000 0.000 0.000 0.000 0.000 0.000 0.000 0.000 0.000 0.000 0.000
0.000 0.000 0.000 0.000 0.000 0.000 0.000 0.000 0.000 0.000 0.000 0.000 0.000 1.408 17.014 17.804 17.525 17.205 16.859 16.504 16.156 15.835 17.551 16.313 15.122 14.977 14.871 14.801 14.758 14.738 14.734 19.733 0.000 0.000 0.000 0.000 0.000 0.000 0.000 0.000 0.000 0.000 0.000 0.000 0.000 0.000 0.000 0.000 17.304 39.304 15.304 0.000 25.496 58.496 52.496 0.000 0.000 0.000 0.000 0.000 0.000 0.000 0.000 0.000 0.000 0.000 0.000 0.000 37.494 0.000 0.000 0.000 0.000
0.000 0.000 0.000 0.000 0.000 0.000 0.000 0.000 0.000 0.000 0.000 0.000 0.000 20.644 19.298 17.964 17.621 17.260 16.879 16.489 16.110 17.763 17.465 15.222 15.035 14.897 14.803 14.744 14.714 14.707 16.723 10.728 0.000 0.000 0.000 0.000 0.000 0.000 0.000 0.000 0.000 0.000 0.000 0.000 0.000 0.000 0.000 0.000 29.304 0.000 0.000 20.496 51.496 13.496 0.000 0.000 0.000 0.000 0.000 0.000 0.000 0.000 0.000 0.000 6.494 0.000 0.000 0.000 40.494 12.494 0.000 0.000 0.000
0.000 0.000 0.000 0.000 0.000 0.000 0.000 0.000 0.000 0.000 0.000 0.000 3.132 20.066 18.571 18.134 17.734 17.336 16.910 16.464 17.030 16.642 15.323 15.076 14.897 14.775 14.699 14.659 14.647 20.654 0.000 0.000 0.000 0.000 0.000 0.000 0.000 0.000 0.000 0.000 0.000 0.000 0.000 14.304 0.000 0.000 0.000 13.304 73.304 3.304 0.000 26.496 53.496 0.000 0.000 0.000 0.000 0.000 0.000 0.000 0.000 0.000 12.494 18.494 37.494 0.000 0.000 30.494 39.494 40.494 12.494 0.000 0.000
0.000 0.000 0.000 0.000 0.000 0.000 0.000 0.000 0.000 0.000 0.000 8.187 1.360 3.049 18.787 18.264 17.847 17.439 16.960 16.427 16.903 16.454 15.108 14.863 14.702 14.606 14.559 14.547 15.560 16.607 0.000 0.000 0.000 0.000 0.000 0.000 0.000 0.000 0.000 0.000 0.000 0.000 15.304 38.304 33.304 0.000 0.000 29.304 57.304 0.000 0.000 0.000 53.496 8.496 0.000 0.000 0.000 0.000 0.000 0.000 0.000 0.000 52.494 56.494 58.494 0.494 0.000 43.494 38.494 38.494 48.494 0.000 0.000
0.000 0.000 0.000 0.000 0.000 0.000 0.000 0.000 0.000 0.000 10.913 3.511 1.878 1.300 1.441 16.290 17.951 17.613 17.064 18.381 17.702 15.162 14.793 14.565 14.441 14.389 14.385 14.409 20.440 0.000 0.000 0.000 0.000 0.000 0.000 0.000 0.000 0.000 0.000 0.000 0.000 0.000 0.000 18.304 39.305 31.305 29.305 11.304 42.304 15.304 0.000 0.000 38.496 51.496 42.496 40.496 49.496 0.000 0.000 0.000 0.000 0.000 52.494 54.494 59.494 38.494 27.494 44.494 47.494 0.000 0.000 0.000 12.492
0.000 0.000 0.000 0.000 0.000 0.000 0.000 0.000 0.000 0.000 7.314 4.016 3.645 3.148 0.450 0.642 11.053 18.997 18.302 18.332 15.360 14.701 14.336 14.164 14.109 14.124 14.182 14.263 9.352 0.000 0.000 0.000 0.000 0.000 35.314 68.314 2.314 0.000 8.314 49.314 0.000 0.000 0.000 15.305 39.305 52.305 87.305 49.304 50.304 21.304 0.000 0.000 35.496 54.496 39.496 35.496 52.496 0.000 0.000 0.000 0.000 0.000 39.495 45.495 41.494 41.494 45.494 48.494 56.494 0.000 0.000 0.000 35.492
0.000 0.000 0.000 0.000 0.000 0.000 0.000 0.000 0.000 30.573 31.014 7.585 3.197 3.434 3.082 0.806 0.376 6.021 18.815 16.287 14.703 13.948 13.684 13.646 13.705 13.816 14.957 12.110 0.000 0.000 0.000 0.000 0.000 0.000 10.314 56.314 63.314 45.314 37.314 9.314 0.000 0.000 0.000 0.000 0.000 13.305 80.305 59.305 6.304 0.000 0.000 0.000 0.000 47.496 62.496 60.496 62.496 54.496 46.496 49.496 48.495 57.495 61.495 58.495 59.494 59.494 54.494 49.494 46.494 0.000 0.000 0.000 0.000
0.000 0.000 0.000 0.000 0.000 0.000 0.000 0.000 24.696 42.133 43.582 33.087 9.667 2.082 3.089 0.851 2.830 8.200 6.651 16.297 13.217 12.703 12.808 13.030 13.251 14.480 14.718 0.000 0.000 0.000 0.000 0.000 0.000 0.000 0.000 8.314 54.314 64.314 69.314 8.314 0.000 0.000 0.000 0.000 0.000 9.305 52.305 44.305 49.304 16.304 0.000 0.000 31.496 59.496 44.496 38.496 45.496 57.496 45.496 44.496 53.495 62.495 49.495 45.495 48.495 54.494 60.494 62.494 60.494 46.493 37.493 20.493 29.493
0.000 0.000 0.000 0.000 0.000 0.000 0.000 20.833 30.260 45.680 43.096 43.513 35.931 12.357 1.225 4.781 14.324 6.488 2.268 3.059 6.163 10.841 11.814 12.414 12.788 18.134 0.000 0.000 0.000 0.000 0.000 0.000 8.314 6.314 0.000 0.000 21.314 67.314 20.314 0.000 0.000 0.000 0.000 0.000 0.000 48.305 58.305 34.305 50.304 70.304 10.304 0.000 37.496 61.496 40.496 34.496 37.496 50.496 39.496 39.496 41.496 43.495 40.495 41.495 35.495 39.494 45.494 46.494 44.494 53.493 55.493 58.493 66.493
0.000 0.000 0.000 0.000 0.000 0.000 25.965 24.405 47.830 44.233 43.607 42.938 43.187 38.240 20.747 12.460 8.153 0.000 0.054 4.384 2.161 3.370 11.195 12.025 17.353 0.000 0.000 0.000 0.000 0.000 0.000 3.314 45.314 4.314 0.000 0.000 28.314 68.314 7.314 0.000 0.000 0.000 0.000 0.000 43.307 87.306 20.305 23.305 45.304 72.304 12.304 0.000 34.497 59.497 39.497 32.496 35.496 37.496 33.496 32.496 39.496 55.495 38.495 34.495 48.495 44.494 41.494 48.494 48.494 51.493 60.493 64.493 51.493
0.000 0.000 0.000 0.000 0.000 30.017 18.525 46.993 45.422 44.813 44.160 43.447 42.637 42.671 39.472 25.165 4.457 0.377 0.077 46.297 4.550 0.084 0.110 14.137 10.245 0.000 0.000 0.000 0.000 0.000 0.000 3.314 41.314 36.314 45.314 57.314 61.314 51.314 0.000 0.000 6.310 42.309 57.309 62.308 86.307 42.307 0.000 0.000 47.303 35.303 0.000 0.000 37.497 64.497 51.497 35.497 83.497 111.496 60.496 36.496 52.496 99.496 51.495 28.495 93.495 66.494 41.494 48.494 50.494 40.493 49.493 62.493 45.493
0.000 0.000 0.000 0.000 0.000 19.509 41.126 47.620 46.053 45.438 44.775 44.050 43.245 42.333 42.317 41.224 30.397 4.994 50.893 47.949 0.383 0.159 0.056 0.062 0.000 0.000 0.000 0.000 0.000 0.000 6.314 40.314 36.314 41.314 55.314 65.314 49.314 36.314 1.313 0.000 4.310 51.309 50.309 46.308 85.308 45.307 0.000 0.000 26.303 18.303 0.000 30.497 58.497 60.497 54.497 42.497 41.497 74.497 115.496 53.496 46.496 103.496 54.495 28.495 100.495 70.495 33.494 35.494 41.494 32.493 46.493 45.493 33.493
0.000 0.000 0.000 0.000 24.039 34.383 49.851 47.307 46.730 46.113 45.450 44.736 43.956 43.115 42.154 41.415 40.274 52.621 52.296 1.044 0.526 9.635 0.000 0.000 0.000 0.000 0.000 0.000 1.314 56.314 59.314 41.314 40.315 55.315 65.315 51.314 34.314 36.313 36.312 34.312 32.311 44.310 47.309 57.308 97.308 31.308 0.000 0.000 63.302 13.302 0.000 27.497 57.497 57.497 44.497 36.497 32.497 42.497 39.497 79.496 110.496 127.496 108.496 97.495 123.495 117.495 108.494 54.494 34.494 51.493 46.493 35.493 30.492
0.000 0.000 0.000 25.233 34.695 52.133 48.586 48.029 47.446 46.832 46.179 45.482 44.749 43.906 43.360 40.990 52.659 52.655 36.862 19.156 6.313 0.000 0.000 0.000 0.000 0.000 0.000 0.000 42.314 9.314 0.000 20.315 58.315 62.315 54.315 39.315 5.315 0.000 3.312 38.312 34.311 44.310 43.309 66.308 63.308 0.000 0.000 5.301 66.301 12.302 0.000 25.498 55.497 67.497 46.497 52.497 75.497 52.497 34.497 58.497 81.496 115.496 81.496 61.495 109.495 99.495 74.494 43.494 29.494 100.493 68.493 40.493 30.492
0.000 0.000 0.000 30.770 50.375 49.869 49.332 48.775 48.195 47.589 47.949 47.287 45.526 45.102 42.525 52.728 52.671 40.441 42.060 39.675 23.632 4.630 0.000 0.000 0.000 0.000 0.000 44.314 13.314 0.000 0.000 0.000 26.315 58.315 36.315 34.315 40.316 3.316 0.000 39.312 37.311 43.310 44.309 66.308 62.307 0.000 0.000 26.301 73.301 9.301 0.000 27.498 58.498 61.498 42.498 42.498 88.498 123.497 72.497 40.497 56.497 103.496 63.496 30.495 96.495 83.495 41.494 33.494 26.494 107.493 71.493 43.493 44.492
0.000 0.000 31.389 48.703 52.165 50.637 50.099 49.545 48.972 49.374 47.763 47.061 46.720 44.146 53.176 52.883 41.947 42.798 41.793 32.137 12.881 0.000 0.000 0.000 0.000 0.000 0.000 40.314 14.314 0.000 0.000 0.000 0.000 0.000 0.000 39.316 36.317 35.317 37.316 39.314 35.312 43.311 45.309 57.308 53.306 15.303 34.302 67.301 18.300 0.000 0.000 27.498 54.498 60.498 46.498 31.498 33.498 58.498 45.498 27.497 45.497 100.496 56.496 22.496 93.495 78.495 36.494 32.494 28.494 106.493 71.493 43.493 34.492
0.000 30.670 44.075 53.489 51.945 51.415 50.880 50.334 50.769 50.196 48.536 48.246 45.679 54.129 53.601 43.622 44.621 42.501 29.688 0.000 0.000 0.000 0.000 0.000 0.000 0.000 0.000 0.000 14.314 0.000 0.000 0.000 0.000 0.000 0.000 0.000 43.318 53.318 64.317 52.315 41.313 45.311 42.309 47.307 40.305 59.303 77.301 65.300 11.299 0.000 0.000 26.498 52.498 57.498 63.499 61.499 49.499 39.498 52.498 84.498 103.497 124.497 104.496 87.496 121.495 114.495 96.494 56.494 29.494 104.493 76.493 48.493 35.492
27.746 39.264 53.754 53.231 52.713 52.196 51.673 52.138 51.598 49.972 49.720 47.169 55.366 54.726 45.198 46.346 47.286 25.547 0.000 0.000 0.000 0.000 0.000 0.000 0.000 0.000 0.000 0.000 0.000 0.000 0.000 0.000 0.000 0.000 0.000 0.000 41.321 45.320 63.318 22.316 2.314 52.312 43.310 46.307 42.304 30.302 49.300 64.298 51.297 10.296 0.000 0.000 17.498 60.499 62.499 55.499 43.499 52.499 103.499 94.498 75.498 76.497 77.496 77.496 77.495 78.495 80.495 51.494 31.494 103.493 79.493 42.493 36.492
31.228 54.887 54.445 53.968 53.479 52.983 52.477 51.969 51.377 51.159 48.628 56.714 56.032 46.674 47.889 46.875 42.358 1.814 0.000 0.000 0.000 0.000 0.000 0.000 0.000 0.000 0.000 0.000 0.000 0.000 0.000 0.000 0.000 0.000 0.000 0.000 42.324 53.323 37.321 0.000 6.314 49.313 46.310 13.307 3.304 34.300 48.297 63.296 60.295 29.295 0.000 0.000 0.000 0.000 29.500 44.500 28.500 89.500 90.499 39.499 45.498 87.497 58.497 30.496 76.495 66.495 46.495 44.494 35.494 103.493 74.493 31.493 32.492
49.052 56.610 55.170 54.717 54.253 54.778 53.304 52.749 52.571 50.065 58.098 57.402 47.058 49.306 48.297 48.671 18.006 0.000 0.000 0.000 0.000 0.000 0.000 0.000 0.000 0.000 0.000 0.000 0.000 0.000 0.000 0.000 0.000 0.000 0.000 9.330 62.328 60.325 64.323 61.321 57.317 57.314 51.311 10.308 3.303 34.298 47.294 65.293 72.293 35.294 0.000 0.000 0.000 0.000 23.501 36.501 56.501 103.500 66.500 26.499 94.499 95.498 44.497 31.496 52.495 108.495 67.495 35.494 35.494 98.493 116.493 103.492 108.492
58.750 56.331 55.909 55.478 55.034 56.594 54.076 53.945 51.478 59.497 58.794 42.373 46.578 50.635 47.100 24.376 0.000 0.000 0.000 0.000 0.000 0.000 0.000 0.000 0.000 0.000 0.000 0.000 0.000 0.000 0.000 0.000 0.000 0.000 0.000 61.333 60.331 61.328 63.325 62.322 60.319 61.315 54.312 9.310 0.000 35.294 47.290 70.287 43.290 0.000 0.000 0.000 0.000 21.504 51.503 30.502 95.502 89.501 33.501 89.500 102.499 51.498 39.497 42.496 37.495 68.495 107.495 64.494 27.494 98.493 101.493 75.492 17.492
49.433 56.055 56.658 56.246 55.836 55.349 55.263 52.835 60.859 60.202 25.611 30.787 33.668 52.338 35.960 0.000 0.000 0.000 0.000 0.000 0.000 0.000 0.000 50.801 39.801 0.000 0.000 0.000 0.000 0.000 0.000 0.000 0.000 0.000 0.000 38.338 32.335 35.331 39.327 34.324 33.320 32.317 34.313 38.310 32.304 25.294 40.283 19.277 0.000 0.000 0.000 0.000 0.000 23.505 46.504 37.504 38.503 38.502 30.502 51.501 52.501 0.000 0.000 13.496 43.495 36.495 58.494 51.494 33.494 66.493 14.493 0.000 12.491
28.154 43.798 56.419 59.037 56.573 56.517 54.098 61.991 61.467 34.788 0.000 44.129 0.000 55.961 24.462 0.000 0.000 0.000 0.000 0.000 0.000 0.000 0.000 57.802 51.801 0.000 0.000 0.000 0.000 0.000 0.000 0.000 0.000 24.373 0.000 39.345 35.341 35.335 35.330 35.325 35.321 35.318 35.314 37.312 15.309 0.000 10.272 41.260 11.250 0.000 0.000 0.000 24.506 55.506 43.505 42.505 34.504 35.503 35.503 33.502 47.501 7.502 0.000 0.000 14.495 39.495 34.494 47.494 46.494 0.000 0.000 0.000 12.491
19.921 27.562 50.203 54.776 57.732 55.271 62.777 62.426 41.679 17.485 0.000 60.784 58.685 45.095 0.000 0.000 0.000 0.000 0.000 0.000 0.000 0.000 60.807 66.803 37.800 0.000 0.000 0.000 0.000 0.000 0.000 0.000 0.000 41.373 39.367 36.356 35.348 32.338 36.331 36.326 36.322 36.318 36.315 39.313 12.312 0.000 0.000 39.243 39.239 9.234 0.000 0.000 9.507 42.507 35.507 34.506 33.505 33.504 33.503 33.502 34.502 43.502 0.000 0.000 0.000 7.494 40.494 43.494 41.494 0.000 0.000 0.000 36.491
23.709 34.339 38.960 36.859 48.412 63.190 63.032 46.672 25.432 18.934 0.000 40.514 53.179 26.637 0.000 0.000 0.000 0.000 48.848 54.845 46.838 44.825 53.812 46.803 36.795 0.000 0.000 0.000 0.000 0.000 0.000 0.000 0.000 39.378 36.373 35.365 9.356 0.000 41.330 35.326 35.322 35.318 35.315 36.314 10.313 0.000 0.000 40.230 39.230 10.229 0.000 0.000 39.508 35.508 35.508 35.508 34.507 34.505 38.504 0.000 5.502 8.502 0.000 0.000 0.000 0.000 40.494 35.494 35.494 36.494 0.000 8.491 38.491
35.456 49.093 24.808 23.680 63.257 63.253 49.672 36.396 32.730 37.568 0.000 7.580 42.880 0.000 0.000 0.000 0.000 44.854 48.851 50.848 48.845 0.000 0.000 0.000 48.782 32.769 0.000 0.000 0.000 0.000 0.000 0.000 7.398 49.389 46.382 21.374 0.000 0.000 54.332 40.328 36.323 35.318 39.314 16.313 0.000 15.208 53.211 34.218 38.221 10.223 0.000 0.000 0.000 40.511 35.510 39.510 6.509 0.000 0.000 0.000 0.000 0.000 0.000 0.000 0.000 0.000 40.494 35.494 35.494 40.494 0.000 0.000 12.490
56.168 44.751 24.812 20.309 63.221 24.720 30.443 32.669 36.342 54.923 64.369 52.347 0.000 0.000 0.000 0.000 42.861 36.857 42.854 57.851 56.849 0.000 0.000 0.000 0.000 49.755 0.000 0.000 0.000 35.443 0.000 0.000 51.407 50.399 56.389 49.377 14.363 68.350 65.338 63.330 61.323 53.316 34.311 21.312 0.000 29.205 82.206 36.210 37.213 11.218 0.000 0.000 0.000 45.513 31.513 36.512 7.511 0.000 0.000 0.000 0.000 0.000 0.000 0.000 0.000 36.494 38.494 40.494 34.494 39.494 0.000 0.000 9.490
64.759 51.854 34.154 62.827 20.750 22.535 21.700 21.339 30.903 58.434 53.837 25.092 0.000 0.000 41.869 7.868 49.864 41.861 52.857 47.853 26.851 0.000 0.000 0.000 0.000 53.742 29.738 0.000 0.000 31.443 39.443 43.436 45.422 47.412 37.400 34.380 42.362 42.350 62.340 45.331 39.322 37.311 17.302 0.000 5.210 24.202 92.198 48.202 14.205 0.000 0.000 0.000 3.516 58.516 31.515 38.513 10.512 0.000 0.000 0.000 0.000 0.000 0.000 0.000 15.494 38.494 53.494 51.494 44.494 3.494 0.000 0.000 10.490
62.820 61.061 62.410 39.689 27.590 23.729 23.363 21.936 28.522 44.068 39.452 0.000 0.000 0.000 44.871 65.870 60.867 61.864 43.861 0.000 0.000 0.000 0.000 0.000 44.730 35.733 27.734 0.000 0.000 0.000 43.449 47.444 47.435 47.426 31.420 0.000 38.355 39.348 63.341 49.333 43.323 29.306 36.283 51.251 71.219 60.195 84.182 49.194 13.200 0.000 0.000 0.000 0.000 56.520 32.518 33.515 38.512 0.000 0.000 0.000 0.000 0.000 0.000 0.000 0.000 8.494 57.494 54.494 7.494 0.000 0.000 0.000 6.490
60.904 62.355 61.553 60.563 42.705 22.350 22.932 23.545 22.176 24.866 0.000 0.000 0.000 0.000 60.874 50.873 48.871 44.867 0.000 0.000 0.000 0.000 0.000 45.725 36.726 32.727 15.731 0.000 0.000 0.000 43.461 51.455 60.447 59.438 61.432 49.433 0.000 7.346 66.344 50.337 24.330 0.000 39.274 49.251 76.218 38.177 22.140 0.000 0.000 0.000 0.000 0.000 9.533 47.527 34.522 35.516 38.510 11.505 0.000 0.000 0.000 0.000 0.000 0.000 0.000 0.000 14.494 15.494 0.000 0.000 0.000 0.000 7.490
62.361 61.337 63.447 63.608 47.276 23.873 26.498 26.133 23.771 24.353 0.000 40.881 0.000 6.879 54.878 54.877 61.876 0.000 0.000 19.797 7.796 0.000 0.000 40.724 34.722 28.719 0.000 0.000 0.000 0.000 41.479 42.469 44.458 43.448 41.439 33.434 0.000 0.000 68.351 54.342 39.330 2.312 38.287 49.262 73.225 29.155 25.062 7.998 0.000 0.000 0.000 0.000 9.539 54.533 33.526 35.516 35.507 36.500 40.493 12.490 0.000 0.000 0.000 0.000 0.000 0.000 0.000 0.000 0.000 0.000 0.000 0.000 0.000
62.052 64.249 63.439 64.136 37.752 28.395 48.049 41.718 23.422 1.102 0.000 37.881 52.881 57.880 43.881 64.881 56.881 0.000 0.000 33.798 64.795 16.790 0.000 41.725 35.718 32.709 0.000 0.000 49.557 45.537 41.505 43.485 48.469 48.455 46.442 57.429 49.410 9.390 68.367 60.351 60.336 52.319 33.301 51.283 59.267 0.000 27.956 10.933 0.000 0.000 0.000 0.000 19.551 58.542 30.531 32.517 33.503 34.494 39.489 11.488 0.000 0.000 0.000 0.000 0.000 0.000 0.000 0.000 0.000 0.000 0.000 0.000 0.000
