results1/res_4e8f-0127.wd
ncols         241
nrows         181
xllcorner     12693529.787448
yllcorner     3542525.717860
cellsize      155.156523
NODATA_value  -9999.000000
[rows 66 to 98 of 181, columns 73 to 145 of 241]
70.071 34.060 0.000 59.214 76.192 75.162 75.135 0.000 46.542 46.526 59.537 55.547 54.527 54.481 53.414 129.317 117.148 0.000 0.000 0.000 49.906 44.845 49.753 52.693 52.645 54.602 55.562 60.515 61.473 62.428 53.370 0.000 0.000 50.688 100.688 82.600 86.458 86.540 84.589 92.512 84.992 85.469 86.205 84.974 84.750 85.543 55.386 0.000 0.000 0.000 0.000 0.000 0.000 0.000 37.217 35.196 35.159 35.109 35.048 34.984 38.915 51.842 48.769 33.695 44.619 53.545 32.473 35.402 41.332 46.262 42.194 36.127 34.061
55.073 61.049 0.000 47.429 71.394 70.366 64.369 17.453 0.000 0.000 52.615 65.692 54.692 53.661 54.618 35.577 0.000 0.000 0.000 0.000 0.000 0.000 60.685 58.660 56.631 39.596 42.556 49.511 50.477 55.444 46.407 0.000 0.000 0.000 60.927 78.834 85.768 85.857 92.945 92.736 85.068 85.753 85.462 85.248 85.035 79.845 37.710 0.000 1.900 34.900 0.000 0.000 0.000 43.281 38.257 35.229 35.190 35.141 35.084 35.022 34.956 34.886 41.814 55.741 56.668 39.596 33.524 34.454 35.385 39.317 38.250 34.184 34.119
57.081 56.014 60.879 58.680 72.588 65.539 66.523 63.536 0.000 0.000 0.000 67.915 62.888 57.853 59.820 6.797 0.000 0.000 0.000 0.000 0.000 0.000 59.641 55.632 46.621 0.000 0.000 47.495 59.479 58.465 0.000 0.000 6.628 63.510 55.258 59.080 66.156 81.215 93.140 84.814 86.365 85.926 85.734 85.514 83.298 66.091 44.900 50.900 48.900 29.900 0.000 0.000 0.000 1.325 52.304 34.272 35.231 39.182 47.126 37.065 34.999 33.931 37.860 52.789 59.717 51.645 37.575 32.506 34.438 34.371 34.305 34.239 33.174
57.122 55.047 58.944 69.825 63.739 56.681 75.646 64.633 16.650 0.000 10.310 60.165 76.092 71.044 71.011 73.993 0.000 0.000 0.000 0.000 5.584 5.591 57.606 48.606 51.601 0.000 0.000 0.000 95.479 122.472 37.472 0.000 62.747 57.645 57.485 57.392 53.475 93.497 93.324 85.863 89.466 86.209 85.998 85.780 77.551 30.321 0.000 52.900 30.900 0.000 0.000 0.000 40.453 39.415 38.367 34.326 38.281 50.230 55.173 53.112 46.046 35.978 44.908 52.836 31.765 37.694 50.625 47.557 43.490 51.424 32.359 34.294 32.230
55.178 61.107 71.024 62.936 54.861 54.800 67.749 75.701 71.666 74.593 76.454 71.344 66.270 68.220 57.188 56.172 0.000 0.000 0.000 6.575 62.578 61.582 49.586 51.584 52.576 56.558 55.548 0.000 6.486 0.476 0.000 9.126 68.966 61.840 56.680 57.772 55.817 93.655 55.485 63.072 77.666 85.483 86.267 84.057 42.804 0.000 0.000 0.000 0.000 0.000 0.000 41.515 35.492 35.462 35.425 36.383 46.337 55.284 54.226 54.163 50.096 46.027 55.956 38.884 33.813 34.743 34.674 44.606 57.541 44.477 32.413 33.350 39.285
61.245 72.179 62.108 55.036 55.968 55.908 57.847 41.756 67.720 65.659 57.570 54.487 53.423 69.378 71.348 58.334 0.000 0.000 0.000 62.571 58.572 55.572 48.572 52.569 52.562 52.550 52.537 11.517 14.494 15.470 17.422 85.285 82.156 71.028 69.985 58.984 93.936 93.802 57.541 64.187 58.961 65.762 84.531 59.379 0.000 0.000 0.000 0.000 0.000 0.000 0.000 41.539 35.536 35.517 35.486 36.446 45.398 55.344 54.283 53.218 50.149 55.078 49.005 32.932 34.860 34.789 34.721 44.654 52.590 31.529 34.468 37.406 56.341
72.317 62.258 55.194 56.130 56.070 57.016 37.977 0.000 24.801 52.751 55.681 55.612 55.558 53.519 77.494 61.482 0.000 0.000 0.000 39.568 56.565 50.563 51.561 52.558 52.552 52.544 52.534 63.520 3.503 7.494 24.510 77.438 87.337 9.227 91.149 81.342 94.053 56.117 69.759 66.401 56.269 53.071 49.717 34.548 0.000 0.000 37.087 0.000 0.000 0.000 0.000 37.567 35.594 35.586 35.557 35.517 36.467 42.410 50.346 50.277 50.205 54.130 32.055 34.980 34.906 33.834 39.766 56.700 39.638 33.580 36.524 17.466 18.388
62.396 55.339 56.280 56.221 56.164 59.111 15.067 13.032 5.932 50.862 55.792 57.721 55.677 54.647 72.628 68.619 0.000 0.000 0.000 0.000 47.556 50.555 52.552 52.549 52.545 52.540 54.534 40.527 0.000 0.000 74.685 77.620 88.529 94.401 88.505 86.542 94.153 77.168 79.870 64.710 57.614 50.539 0.000 0.000 0.000 0.000 35.087 0.000 0.000 0.000 0.000 0.000 38.690 35.673 35.641 35.597 35.543 35.482 35.413 42.340 50.262 38.183 35.104 35.026 34.950 37.877 50.808 50.743 32.683 34.628 37.581 4.548 0.000
55.478 56.424 56.367 56.310 56.252 56.198 60.147 61.097 61.033 56.972 56.906 36.803 53.783 54.764 70.750 69.746 0.000 0.000 0.000 0.000 46.549 52.547 52.544 52.541 52.539 52.537 40.535 0.000 0.000 3.063 79.926 85.829 88.728 88.675 87.753 94.287 86.653 89.369 84.057 68.998 58.937 57.933 58.069 0.000 0.000 0.000 32.088 39.088 32.088 0.000 0.000 0.000 53.803 34.776 35.736 35.687 35.628 36.561 35.486 35.406 35.322 35.237 35.152 35.070 33.990 39.915 54.845 31.781 34.722 34.669 36.625 11.596 0.000
56.565 56.512 56.456 56.398 56.339 56.281 56.227 56.177 56.130 56.087 60.055 0.000 46.888 55.875 71.864 66.869 2.914 0.000 0.000 0.000 51.543 54.540 54.536 54.534 52.532 55.532 0.000 0.000 0.000 72.200 78.127 89.041 88.922 89.030 87.078 94.495 87.789 92.432 88.322 89.255 77.205 65.186 54.206 49.206 51.206 0.000 0.000 38.089 33.088 39.083 40.069 38.032 43.943 53.891 35.842 36.786 45.721 52.647 34.565 35.476 35.384 35.291 35.199 34.110 39.027 57.949 51.878 40.813 33.754 34.702 36.656 51.614 69.569
56.655 56.602 56.546 56.487 56.424 56.360 56.303 59.253 57.222 56.193 60.171 0.000 47.006 55.984 72.962 64.953 4.958 0.000 0.000 0.000 24.539 34.536 33.527 33.524 54.524 39.528 0.000 0.000 0.000 74.411 84.344 89.254 89.213 88.316 95.131 94.831 88.855 89.698 88.555 88.498 89.443 80.399 45.363 0.000 0.000 0.000 0.000 36.090 36.092 33.093 35.092 36.085 35.047 42.004 55.953 38.894 36.824 46.742 34.650 35.550 35.446 35.343 35.242 35.147 43.058 55.977 42.904 54.839 32.781 33.728 38.681 59.636 71.590
56.748 56.695 56.639 56.579 56.512 59.433 61.370 33.312 54.313 57.292 59.266 19.242 50.147 55.091 67.049 65.022 6.008 0.000 0.000 0.000 0.000 0.000 0.177 0.229 35.512 0.000 0.000 0.000 22.858 72.688 89.581 89.462 89.578 87.664 95.403 87.444 93.149 88.844 88.798 88.730 88.670 78.604 39.483 0.000 0.000 0.000 0.000 0.000 39.098 40.104 27.121 35.167 36.157 36.123 40.075 56.013 38.938 35.848 35.744 35.628 35.509 35.392 33.280 39.176 58.081 38.997 37.923 51.858 35.801 33.750 40.704 66.660 71.617
56.843 56.790 56.736 56.680 58.610 34.491 36.430 0.000 16.426 52.397 56.359 60.314 56.247 59.184 64.121 69.078 8.043 0.000 0.000 0.000 0.000 0.000 37.397 44.401 0.000 0.000 0.000 6.147 82.027 83.906 89.800 89.755 88.874 95.893 95.657 88.507 89.221 89.092 89.023 88.959 87.904 67.864 0.000 0.000 0.000 0.000 0.000 0.000 0.000 31.104 0.000 42.307 39.291 35.258 35.209 37.145 54.066 42.969 34.849 35.710 35.570 34.436 39.311 41.196 40.094 37.006 34.933 34.871 34.816 35.768 48.724 70.684 71.645
56.937 56.886 56.837 56.793 61.759 0.000 0.000 22.660 14.568 48.510 57.459 55.406 57.345 69.276 41.175 35.126 0.097 0.000 0.000 0.000 0.000 35.376 41.383 43.386 0.000 0.000 0.000 69.267 74.198 88.109 89.992 90.123 88.218 96.111 88.008 89.683 89.377 89.317 89.242 89.178 81.122 58.084 0.000 0.000 0.000 0.000 0.000 0.000 0.000 0.000 0.000 46.463 41.444 35.408 33.358 36.294 36.214 52.111 44.975 35.794 36.623 34.470 41.332 41.205 38.091 32.002 34.932 34.875 36.825 50.781 69.742 71.706 74.674
58.029 55.979 55.934 55.896 58.873 28.882 25.841 57.752 62.677 56.616 54.561 61.507 71.451 74.401 0.000 0.000 0.000 0.000 0.000 0.000 0.000 3.374 10.377 12.379 0.000 0.000 0.000 71.457 79.392 89.303 90.294 89.333 96.513 96.318 89.040 89.744 89.606 89.528 89.455 89.387 71.324 53.267 0.000 0.000 0.000 0.000 0.000 0.000 0.000 0.000 0.000 44.638 42.613 42.572 39.520 32.458 34.384 35.288 51.145 50.866 47.660 44.491 37.342 36.203 33.061 33.980 34.920 38.871 58.828 70.789 70.756 71.726 70.700
72.117 71.067 70.023 67.985 64.955 65.931 65.890 62.831 63.771 65.715 65.662 71.609 73.552 31.477 0.000 0.000 0.000 0.000 0.000 0.000 0.000 0.000 0.000 0.000 0.000 9.973 17.893 72.711 89.602 90.510 90.459 89.687 96.694 88.517 90.192 89.880 89.814 89.733 89.661 87.593 69.518 40.392 0.000 0.000 0.000 0.000 0.000 0.000 0.000 0.000 0.000 34.837 38.798 41.747 42.693 41.636 38.575 34.511 28.452 0.000 0.000 0.000 0.000 0.000 36.971 34.937 37.898 58.860 71.826 70.794 71.766 74.741 70.720
68.199 70.149 69.105 71.066 73.031 71.997 70.957 68.910 66.860 66.812 67.764 63.715 63.670 0.000 0.000 0.000 0.000 0.000 0.000 0.000 0.000 0.000 0.000 0.000 0.000 59.053 81.996 80.892 89.798 90.685 90.812 88.914 96.863 90.612 90.217 90.093 90.009 89.932 89.863 85.805 65.763 0.000 0.000 0.000 0.000 0.000 0.000 0.000 0.000 0.000 42.224 37.078 33.993 35.927 40.870 42.817 42.769 43.728 34.701 0.000 0.000 0.000 0.000 0.000 37.914 35.898 51.874 72.847 70.821 70.795 70.772 71.752 70.736
56.275 56.227 57.182 64.142 73.105 79.069 67.032 60.991 55.950 53.908 52.866 58.818 37.744 0.000 0.000 0.000 0.000 0.000 0.000 0.000 0.000 0.000 0.000 0.000 0.000 65.190 81.144 89.067 90.980 90.947 90.076 97.162 97.019 92.631 90.437 90.276 90.199 90.121 90.054 85.000 59.968 0.000 0.000 0.000 0.000 0.000 0.000 0.000 0.000 42.493 37.370 37.256 37.169 36.099 33.042 37.994 41.956 42.932 39.923 0.000 0.000 0.000 0.000 40.863 34.875 38.868 66.853 70.834 70.814 70.794 70.776 70.760 70.747
55.347 55.299 59.256 64.216 66.179 69.144 59.109 55.074 56.039 56.005 57.973 35.947 0.000 0.000 0.000 0.000 0.000 0.000 0.000 0.000 0.000 0.000 0.000 0.000 0.000 51.375 80.322 90.251 91.149 91.278 89.387 97.295 90.182 91.855 90.535 90.469 90.381 90.302 90.231 81.174 54.140 0.000 0.000 0.000 0.000 0.000 0.000 0.000 41.730 37.616 37.507 37.409 37.327 37.259 37.204 34.161 33.131 36.119 43.137 43.223 0.000 0.000 0.000 34.851 35.853 53.848 70.837 69.823 69.808 70.792 70.778 70.765 70.754
55.413 55.368 57.326 58.287 56.251 55.218 56.186 55.156 55.127 55.100 60.074 5.051 0.000 0.000 0.000 0.000 0.000 0.000 0.000 0.000 0.000 0.000 0.000 0.000 2.747 59.611 88.521 91.437 91.407 90.537 97.535 97.419 93.181 90.882 90.736 90.646 90.557 90.473 91.395 71.326 59.277 0.000 0.000 41.358 0.000 41.113 43.067 42.980 37.844 37.733 37.635 37.547 37.471 37.407 37.355 37.315 36.288 33.277 42.284 43.309 36.309 0.000 0.000 42.839 34.837 42.832 48.824 51.813 55.801 61.789 67.778 69.767 69.759
56.476 56.432 56.392 56.355 56.322 55.291 55.262 55.237 55.214 54.193 62.171 13.132 0.000 0.000 0.000 0.000 0.000 0.000 0.000 0.000 0.000 0.000 0.000 0.000 43.884 79.801 90.715 91.604 91.745 89.836 97.639 90.636 92.310 90.993 90.917 90.821 90.729 90.639 91.550 63.456 41.367 0.000 0.000 37.358 0.000 36.159 38.109 38.030 37.932 37.838 37.751 37.672 37.602 37.543 37.493 37.455 35.429 37.415 43.414 40.420 0.000 0.000 0.000 41.828 40.825 39.821 38.814 37.805 36.795 40.786 51.776 47.768 49.762
54.534 54.493 54.455 54.420 54.389 54.361 54.336 55.315 57.299 59.288 34.285 1.294 0.000 0.000 0.000 0.000 0.000 0.000 0.000 2.111 11.103 0.000 0.000 14.245 55.103 85.997 91.894 91.883 90.911 97.821 97.735 93.628 91.334 91.184 91.089 90.994 90.899 90.805 86.709 33.582 0.000 0.000 0.000 37.358 43.338 38.256 38.179 38.099 38.017 37.937 37.860 37.789 37.724 37.668 37.621 37.584 34.558 43.542 43.536 39.537 0.000 0.000 0.000 40.819 39.816 40.811 40.805 40.798 40.790 40.782 39.774 39.768 38.762
55.589 55.550 58.514 62.482 65.453 69.428 71.406 74.389 73.378 65.376 3.389 14.439 38.489 6.514 0.000 0.000 0.000 0.000 0.000 42.119 69.095 9.057 0.000 48.387 81.288 91.180 92.081 92.011 91.235 97.895 90.069 91.754 91.436 91.360 91.261 91.166 91.069 91.974 78.898 0.000 0.000 0.000 0.000 17.379 37.400 38.347 40.253 40.169 38.100 38.032 37.964 37.899 37.838 37.784 37.739 34.703 39.676 42.660 43.653 34.654 0.000 0.000 0.000 24.814 45.808 45.804 42.798 39.791 39.784 40.778 41.772 41.766 40.762
57.639 56.604 63.571 72.541 73.514 72.491 71.471 70.456 67.448 61.448 36.459 53.485 71.515 40.538 24.561 0.577 0.000 0.000 13.188 52.151 66.101 5.018 23.860 65.628 90.481 93.366 92.208 92.420 90.396 97.958 92.055 91.770 91.621 91.528 91.434 91.338 91.237 93.123 37.010 0.000 0.000 0.000 0.000 0.000 33.537 39.478 20.318 20.223 37.183 38.128 38.066 38.003 37.945 37.892 36.848 34.812 43.785 43.767 40.762 34.773 40.820 0.000 0.000 0.000 56.801 71.797 64.791 60.785 56.779 52.773 55.768 55.764 38.760
57.687 57.654 60.624 63.596 62.571 60.550 58.531 56.518 54.509 54.508 63.514 65.529 62.547 59.564 63.580 11.594 0.000 0.000 53.225 83.195 34.141 30.056 63.933 87.782 92.652 92.509 92.629 90.584 98.041 90.463 92.177 91.863 91.791 91.697 91.606 91.516 94.419 51.271 0.000 0.000 0.000 0.000 0.000 0.000 35.733 40.710 0.000 0.000 34.280 38.232 38.169 38.104 38.045 37.993 34.948 42.911 43.883 42.864 33.854 37.855 37.867 0.000 0.000 0.000 24.797 54.793 72.785 71.779 71.773 71.768 71.764 65.760 55.758
57.732 57.703 57.675 56.649 56.626 57.605 57.588 57.574 55.564 56.560 61.562 64.569 60.580 55.591 58.603 13.610 0.000 0.000 45.293 55.264 33.210 66.134 81.034 89.918 92.804 92.738 91.837 98.417 98.181 91.456 92.184 92.042 91.953 91.864 91.779 91.702 94.650 0.000 0.000 10.025 19.025 0.000 0.000 37.051 39.952 38.919 45.959 0.000 34.425 38.353 38.272 38.200 38.138 36.086 38.041 44.003 43.973 35.951 36.936 37.928 37.925 0.000 0.000 0.000 0.000 0.000 54.778 70.772 70.767 70.763 70.759 71.756 71.754
57.777 57.750 57.724 57.700 57.678 57.657 57.640 56.625 55.614 59.607 63.603 63.605 58.611 54.620 59.628 12.634 0.000 0.000 41.390 10.356 57.303 81.234 87.149 93.059 92.912 93.125 91.116 98.628 90.878 92.589 92.277 92.207 92.115 92.027 91.943 98.864 82.830 0.000 6.024 56.025 42.025 0.000 0.000 32.151 40.104 39.055 39.000 44.874 42.642 41.482 38.366 38.286 38.223 35.171 43.126 44.087 40.056 35.031 38.011 37.995 39.982 43.993 0.000 0.000 0.000 0.000 0.000 67.763 70.760 70.757 70.754 71.752 69.750
57.821 57.796 57.772 57.749 57.727 57.707 56.689 55.674 57.660 61.649 64.640 60.637 55.640 54.648 57.658 39.663 26.659 27.616 23.521 24.467 64.413 85.350 91.278 93.173 93.316 91.310 98.996 98.820 91.886 92.599 92.453 92.363 92.274 92.188 97.100 39.980 54.976 25.014 56.024 64.026 0.000 0.000 0.000 31.298 40.258 39.197 39.112 48.981 59.789 33.565 43.425 39.354 36.299 38.249 44.204 43.165 34.132 37.106 38.083 38.058 25.014 26.003 0.000 0.000 0.000 0.000 0.000 48.756 69.754 70.752 70.749 74.747 70.745
57.866 57.842 57.818 57.796 57.775 57.755 55.737 55.720 59.705 66.689 67.671 63.663 58.664 56.675 56.692 58.701 58.697 67.670 8.610 42.578 80.532 87.476 93.411 93.383 92.519 99.310 99.158 92.245 93.026 92.688 92.614 92.518 92.430 92.351 100.291 0.000 38.080 40.042 30.031 32.028 0.000 0.000 0.000 34.486 40.435 39.362 45.270 61.147 37.968 0.000 24.416 37.407 35.368 43.322 44.277 40.237 37.203 38.176 38.156 40.142 0.000 0.000 0.000 0.000 0.000 0.000 40.752 21.752 60.748 70.746 70.744 75.742 70.740
57.911 57.887 57.864 57.842 57.821 56.801 55.783 57.766 64.749 41.730 17.693 16.678 13.679 43.696 60.733 55.752 58.760 39.755 1.735 47.703 85.661 91.617 93.512 93.760 91.788 99.450 92.581 93.358 92.927 92.868 92.762 92.669 92.578 93.494 91.421 13.364 13.222 0.000 0.000 0.000 0.000 0.000 33.865 41.724 39.632 38.547 58.458 62.371 0.000 0.000 0.000 33.489 39.445 44.394 44.345 34.302 38.267 38.241 38.222 41.212 0.000 0.000 0.000 0.000 0.000 0.000 19.751 0.000 48.741 70.740 70.739 76.738 70.736
57.955 57.931 57.908 57.886 56.865 55.846 57.827 60.811 68.798 27.788 0.000 0.000 0.000 0.000 42.792 57.813 58.836 44.857 46.870 72.837 89.802 93.734 93.913 91.940 99.696 99.579 93.564 93.259 93.111 93.008 92.910 92.814 92.720 95.626 80.535 9.450 0.000 0.000 0.000 0.000 0.000 0.000 34.005 40.915 39.823 37.737 65.645 26.508 0.000 0.000 39.727 44.614 44.532 44.463 42.406 37.360 38.324 38.297 38.280 40.273 0.000 44.353 0.000 0.000 0.000 0.000 0.000 0.000 41.735 70.735 70.734 70.733 70.732
57.997 57.974 57.952 57.930 56.909 55.889 59.870 63.854 67.842 25.836 0.000 0.000 0.000 0.000 22.832 65.871 60.914 66.966 79.988 88.976 92.944 93.957 93.113 99.904 99.804 92.901 93.677 93.335 93.253 93.150 93.053 92.959 96.862 59.754 31.645 0.000 0.000 0.000 0.000 0.000 0.000 36.426 41.237 40.106 42.009 38.931 62.877 0.000 0.000 34.978 41.840 57.709 46.604 43.522 39.458 37.408 37.371 38.344 38.329 38.326 43.346 39.353 30.353 0.000 0.000 0.000 37.726 39.727 38.730 70.730 70.730 70.730 70.729
58.039 58.017 57.995 57.974 55.952 57.931 63.911 64.893 62.881 49.877 10.890 0.000 0.000 0.000 0.000 18.927 14.982 55.105 86.141 90.133 94.081 94.257 92.386 99.995 92.214 93.993 93.560 93.496 95.386 94.288 93.195 93.106 99.014 21.884 0.000 0.000 0.000 0.000 0.000 17.930 56.831 56.615 44.410 41.265 52.175 47.104 48.053 9.058 0.000 33.116 37.948 48.777 44.652 48.562 42.495 45.444 44.407 41.380 38.364 37.358 37.360 43.360 0.000 0.000 0.000 0.000 34.726 34.726 44.727 70.727 70.727 70.726 70.726
