results1/res_4e8f-0230.wd
ncols         241
nrows         181
xllcorner     12693529.787448
yllcorner     3542525.717860
cellsize      155.156523
NODATA_value  -9999.000000
[rows 66 to 98 of 181, columns 146 to 218 of 241]
38.502 53.439 75.380 76.325 76.275 76.229 76.187 76.148 76.114 79.085 15.067 0.000 2.929 0.000 0.000 0.000 0.000 1.435 48.435 23.435 0.000 30.433 60.432 60.431 60.431 67.430 73.429 73.427 73.423 73.420 73.415 73.410 73.404 73.399 73.393 75.388 60.384 61.382 53.381 0.000 0.000 0.000 0.000 0.000 29.709 36.699 45.680 39.642 17.591 15.559 30.534 51.509 59.485 53.461 48.437 48.412 38.388 35.363 35.339 38.315 59.292 71.269 66.247 55.225 62.204 69.184 73.165 73.146 72.128 72.111 72.095 72.079 72.064
41.563 60.500 78.440 76.385 76.336 76.292 76.251 76.214 81.179 70.150 40.137 37.155 0.000 0.000 0.000 0.000 0.000 19.435 21.435 0.000 0.000 0.000 30.429 61.429 70.428 73.427 73.426 73.424 73.421 77.418 75.414 73.410 73.405 73.401 72.396 64.392 58.388 64.385 54.384 0.000 0.000 0.000 0.000 21.701 35.701 40.697 36.690 0.000 2.543 12.528 32.509 35.489 49.467 58.445 47.422 46.398 44.374 35.349 35.325 34.301 40.277 64.254 71.231 56.209 58.188 60.167 62.148 66.129 70.111 72.094 73.077 72.062 72.046
46.623 67.557 77.494 76.439 76.393 76.351 74.313 73.276 28.239 13.200 44.177 50.173 15.177 0.000 0.000 0.000 0.000 0.000 0.000 0.000 0.000 14.425 43.426 63.426 73.426 73.425 73.424 73.422 73.419 75.417 74.414 73.410 73.406 74.403 64.399 62.394 65.391 60.387 52.386 0.000 0.000 0.000 0.000 39.700 42.699 4.696 3.693 0.000 7.510 40.501 42.487 52.469 55.450 66.429 64.407 52.384 41.360 33.335 35.310 35.286 30.261 44.238 61.215 65.192 70.171 67.150 60.130 65.111 68.093 68.076 66.059 68.044 71.029
51.681 74.611 78.541 79.485 76.444 77.407 72.374 18.340 2.300 43.232 44.198 49.184 57.180 0.000 0.000 0.000 0.000 0.000 0.000 0.000 0.000 26.425 49.425 62.424 74.424 73.423 73.422 73.420 73.418 74.416 73.413 73.411 73.408 70.405 64.401 29.396 2.394 0.000 0.000 0.000 0.000 0.000 0.000 35.700 42.700 0.000 0.000 0.000 57.486 43.479 38.467 66.452 71.435 72.415 76.394 70.371 58.346 38.321 35.296 35.270 33.246 34.221 40.198 41.175 48.153 56.132 63.112 67.093 68.075 69.057 65.041 68.025 69.010
33.741 38.666 48.575 24.517 81.490 78.461 63.434 40.410 10.390 0.000 0.000 0.000 0.000 0.000 0.000 0.000 0.000 0.000 0.000 0.000 0.000 27.424 52.423 55.423 71.422 73.421 73.420 73.419 77.417 76.415 73.413 73.411 74.409 65.407 68.405 0.000 0.000 0.000 0.000 0.000 0.000 0.000 0.000 0.000 29.699 38.699 0.000 0.000 88.469 51.462 33.451 64.437 72.421 72.403 72.382 75.359 74.334 54.307 37.281 35.255 33.229 36.204 37.180 45.156 50.134 39.113 39.093 44.073 49.055 55.038 60.021 64.006 67.991
79.809 58.738 0.000 0.000 85.537 77.513 64.492 46.474 13.460 0.000 0.000 0.000 0.000 0.000 0.000 0.000 0.000 0.000 0.000 0.000 0.000 0.000 13.422 57.421 73.421 73.420 73.419 73.418 75.417 74.415 73.413 73.412 74.410 62.409 72.408 0.000 0.000 0.000 0.000 0.000 0.000 0.000 0.000 0.000 0.000 5.699 13.699 0.000 25.459 41.449 34.437 64.425 72.410 72.393 73.373 73.349 73.322 66.294 42.266 38.239 36.212 33.186 54.161 66.137 72.114 56.093 49.072 45.053 43.035 40.017 40.001 39.986 67.971
55.888 0.000 0.000 82.726 82.609 80.563 71.548 56.533 12.516 0.000 0.000 0.000 0.000 0.000 0.000 0.000 0.000 0.000 0.000 0.000 0.000 0.000 39.420 62.420 74.420 73.419 73.418 74.417 73.416 73.415 73.414 73.412 74.411 67.410 32.410 0.000 0.000 0.000 0.000 0.000 0.000 0.000 0.000 0.000 0.000 0.000 0.000 0.000 0.000 38.437 37.425 55.414 70.402 73.387 67.367 63.342 69.312 60.280 43.250 42.222 51.194 46.167 69.141 73.116 72.093 70.071 70.051 67.031 65.013 61.996 57.980 49.965 69.950
82.935 72.934 78.903 34.843 0.000 1.584 77.604 51.594 12.555 0.000 14.810 0.000 0.000 0.000 0.000 0.000 0.000 0.000 0.000 0.000 0.000 2.419 55.419 67.419 74.419 73.418 73.417 75.417 75.416 73.415 73.414 73.413 72.412 68.411 17.411 0.000 0.000 0.000 0.000 0.000 0.000 0.000 0.000 0.000 0.000 0.000 0.000 0.000 0.400 0.000 26.411 52.405 70.397 71.384 52.367 55.338 57.305 54.264 39.233 36.205 59.176 68.147 72.119 74.094 74.070 75.048 73.028 73.009 73.991 72.974 73.958 73.943 72.929
84.983 76.963 81.933 32.900 0.000 0.000 68.690 16.683 0.000 0.000 46.810 9.811 0.000 0.000 0.000 0.000 0.000 0.000 0.000 0.000 0.000 1.418 58.418 70.418 74.418 73.417 73.417 74.416 74.416 73.415 73.414 74.413 70.413 65.412 15.412 0.000 0.000 0.000 0.000 0.000 0.000 0.000 0.000 0.000 0.000 0.000 0.000 0.000 18.400 20.401 31.403 47.400 69.394 71.387 17.380 0.000 0.000 44.239 38.214 33.188 47.158 66.125 72.096 74.070 74.046 74.024 72.004 71.985 72.968 71.951 71.935 72.921 72.906
77.050 77.005 76.964 74.925 61.891 47.845 40.781 39.766 35.793 38.805 41.810 41.811 13.811 0.000 0.000 0.000 0.000 0.000 19.416 21.416 0.000 11.417 57.417 71.417 73.417 73.417 73.416 73.416 73.415 73.415 73.414 73.414 55.413 50.413 48.413 43.413 7.413 0.000 0.000 0.000 0.000 0.000 0.000 0.000 0.000 0.000 0.000 0.000 22.399 48.400 39.399 43.397 63.394 64.390 37.386 0.000 0.000 0.000 35.195 40.176 39.144 58.099 71.069 72.043 72.020 71.999 71.979 71.960 71.943 71.927 71.912 71.897 71.884
77.091 77.041 76.992 75.946 72.904 74.862 48.824 27.806 65.808 38.812 42.814 18.812 0.000 0.000 0.000 0.000 0.000 0.000 19.416 65.416 14.417 2.417 56.417 70.417 74.417 73.416 75.416 76.416 74.415 73.415 73.414 71.414 64.413 55.413 56.413 55.413 8.413 0.000 0.000 0.000 0.000 0.000 0.000 0.000 0.000 0.000 0.000 0.000 16.399 51.399 43.398 50.396 65.394 60.391 66.389 0.000 0.000 0.000 0.000 0.000 0.000 48.056 71.038 72.015 71.992 71.971 71.952 71.934 71.918 71.902 71.888 71.874 71.860
77.128 77.076 78.017 79.964 76.917 76.875 75.845 76.828 67.822 45.820 17.820 0.000 0.000 0.000 0.000 0.000 0.000 0.000 6.416 58.416 45.416 35.417 51.417 73.416 73.416 73.416 73.416 73.415 73.415 73.415 73.414 73.414 71.414 50.413 54.413 61.413 4.413 0.000 0.000 0.000 0.000 0.000 0.000 0.000 0.000 0.000 0.000 0.000 12.398 63.398 7.397 30.396 53.394 60.392 21.391 0.000 0.000 0.000 0.000 0.000 0.000 2.033 60.010 72.986 71.963 71.942 71.924 71.907 71.891 71.877 71.863 71.849 71.836
80.168 76.119 73.037 74.974 77.923 77.878 79.853 76.839 74.831 61.828 10.827 0.000 0.000 0.000 0.000 0.000 0.000 0.000 0.000 14.416 49.416 41.416 57.416 75.416 73.416 73.416 73.416 73.415 73.415 73.415 73.414 73.414 74.414 63.413 50.413 54.413 60.413 2.413 0.000 0.000 0.000 0.000 0.000 0.000 0.000 0.000 0.000 0.000 0.000 8.398 0.000 0.000 38.393 57.393 0.000 0.000 0.000 0.000 0.000 0.000 0.000 0.000 47.983 68.957 71.931 71.911 71.894 71.878 71.864 71.851 71.837 71.824 71.811
73.216 34.193 0.000 0.000 0.000 69.861 74.851 80.842 76.836 65.833 15.832 0.000 49.837 19.837 0.000 0.000 0.000 0.000 0.000 0.000 41.416 45.416 66.416 74.416 75.416 76.416 73.415 73.415 73.415 73.415 73.414 73.414 73.414 74.414 53.413 35.413 44.413 5.413 0.000 0.000 0.000 0.000 0.000 0.000 0.000 0.000 0.000 0.000 0.000 0.000 0.000 0.000 27.393 60.393 0.000 0.000 0.000 0.000 0.000 0.000 0.000 0.000 0.000 48.926 68.895 71.876 71.862 71.849 71.836 71.824 71.812 71.799 71.787
68.257 25.244 0.000 0.000 44.853 42.853 59.848 78.843 75.839 60.836 41.836 45.837 49.837 15.837 0.000 0.000 0.000 0.000 12.415 0.000 42.416 53.416 73.416 73.416 76.416 76.415 73.415 73.415 73.415 73.414 73.414 73.414 73.414 74.414 70.413 65.413 54.413 34.413 28.413 0.000 0.000 0.000 0.000 0.000 0.000 0.000 0.000 0.000 0.000 0.000 0.000 0.000 29.393 21.393 0.000 0.000 0.000 0.000 0.000 0.000 0.000 0.000 0.000 0.000 53.846 69.838 71.828 71.819 71.808 71.797 71.786 71.774 71.762
74.289 55.281 27.289 0.000 0.000 44.850 44.846 66.843 78.840 56.838 43.837 48.837 26.837 0.000 0.000 0.000 0.000 0.000 41.415 34.416 39.416 56.416 75.416 75.416 76.415 73.415 73.415 73.415 73.415 73.414 73.414 73.414 73.414 73.414 73.413 75.413 64.413 52.413 41.413 42.413 35.413 26.413 31.413 0.000 0.000 0.000 0.000 0.000 0.000 0.000 0.000 0.000 32.393 7.393 0.000 0.000 0.000 0.000 0.000 0.000 0.000 0.000 0.000 0.000 38.805 66.801 70.796 71.789 71.781 71.772 71.761 71.749 71.737
77.313 68.304 21.297 0.000 0.000 0.000 43.844 48.842 75.840 63.839 44.838 47.838 22.838 0.000 0.000 0.000 0.000 0.000 44.415 37.415 40.416 58.416 77.415 76.415 74.415 74.415 73.415 73.415 73.415 73.414 73.414 74.414 74.414 74.414 68.413 59.413 63.413 70.413 63.413 61.413 49.413 36.413 43.413 1.413 0.000 0.000 0.000 0.000 0.000 0.000 0.000 0.000 0.000 0.000 0.000 0.000 0.000 0.000 0.000 0.000 0.000 0.000 0.000 0.000 30.767 61.766 71.764 73.760 73.754 73.747 72.737 71.726 71.712
77.332 52.327 0.000 0.000 0.000 0.000 0.000 50.841 63.840 57.839 56.839 53.838 43.838 21.838 0.000 0.000 0.000 0.000 43.415 36.415 41.415 56.415 68.415 65.415 60.415 62.415 67.415 72.415 74.415 74.414 72.414 62.414 60.414 65.414 54.413 51.413 51.413 62.413 66.413 61.413 47.413 36.413 8.413 0.000 0.000 0.000 0.000 0.000 0.000 0.000 0.000 0.000 0.000 0.000 0.000 0.000 0.000 0.000 0.000 0.000 1.630 0.000 0.000 0.000 18.730 43.733 49.734 51.733 51.730 52.724 61.716 70.704 71.689
76.347 42.343 0.000 0.000 0.000 0.000 0.000 45.840 39.840 38.839 46.839 46.838 46.838 42.838 15.838 0.000 0.000 0.000 48.415 43.415 48.415 58.415 61.415 64.415 22.415 0.000 0.000 13.415 74.414 71.414 60.414 15.414 0.000 0.000 53.413 85.413 78.413 57.413 63.413 57.413 46.413 31.413 34.413 0.000 0.000 0.000 0.000 0.000 0.000 0.000 0.000 0.000 0.000 0.000 0.000 0.000 0.000 0.000 14.630 4.630 22.630 43.635 54.645 53.662 71.690 79.701 80.707 78.709 80.708 67.704 50.698 68.686 71.668
74.359 39.356 0.000 0.000 0.000 0.000 0.000 45.840 41.840 20.840 0.000 0.000 0.838 0.000 0.000 0.000 0.000 0.000 54.415 48.415 43.415 39.415 25.415 0.000 0.000 0.000 0.000 0.000 0.000 0.000 47.414 9.414 0.000 0.000 0.000 48.413 81.413 41.413 42.413 41.413 37.413 40.413 87.413 46.413 0.000 0.000 5.412 0.000 0.000 0.000 0.000 0.000 0.000 0.000 0.000 0.000 13.601 4.602 0.000 0.000 8.625 90.630 86.639 68.651 69.666 66.676 67.683 89.686 82.688 68.688 48.684 57.674 56.651
60.368 41.366 35.369 0.000 0.000 0.000 0.000 0.000 43.840 27.840 0.000 0.000 0.000 0.000 0.000 0.000 0.000 0.000 54.415 54.415 55.415 38.415 13.415 0.000 0.000 0.000 0.000 0.000 0.000 0.000 43.414 20.414 0.000 0.000 0.000 47.413 96.413 60.413 63.413 58.413 43.413 61.413 115.413 112.413 43.413 0.412 27.412 24.412 0.000 0.000 0.000 0.000 0.000 0.000 0.000 0.000 3.601 21.602 11.603 9.607 18.615 93.621 60.628 68.637 59.647 40.655 51.662 94.667 60.670 47.673 54.678 8.676 0.000
44.374 44.372 30.372 0.000 0.000 0.000 0.000 0.000 0.000 0.000 0.000 0.000 0.000 0.000 0.000 0.000 0.000 0.000 57.415 48.415 42.415 40.415 14.415 0.000 0.000 0.000 0.000 0.000 0.000 40.414 33.414 58.414 54.414 0.000 6.413 53.413 59.413 51.413 94.413 83.413 54.413 7.413 71.413 126.413 10.413 0.000 5.412 0.000 0.000 0.000 0.000 0.000 22.600 19.600 14.600 3.601 72.601 110.601 101.601 97.603 44.607 88.611 56.616 45.622 92.629 73.636 93.642 74.648 44.653 52.658 0.000 0.000 0.000
47.378 48.376 40.376 0.000 0.000 0.000 0.000 0.000 0.000 0.000 0.000 0.000 0.000 0.000 0.000 0.000 0.000 0.000 11.415 52.415 42.415 20.415 0.000 0.000 0.000 0.000 0.000 0.000 0.000 42.414 39.414 15.414 0.000 0.000 0.000 27.413 6.413 0.000 7.413 49.413 5.413 0.000 27.413 93.413 48.413 0.413 0.000 0.000 0.000 0.000 0.000 0.000 0.000 4.600 0.000 0.000 28.600 8.599 72.597 76.597 27.599 88.600 65.603 38.607 56.612 106.617 120.623 54.629 42.637 9.647 0.000 0.000 18.447
46.381 47.379 47.378 51.378 43.378 0.000 0.000 0.000 0.000 0.000 0.000 0.000 0.000 0.000 0.000 0.000 0.000 0.000 0.000 42.415 38.415 22.415 0.000 0.000 0.000 0.000 0.000 0.000 43.414 40.414 17.414 0.000 0.000 0.000 0.000 1.413 0.000 0.000 0.000 53.413 2.413 0.000 27.413 0.000 0.000 0.000 0.000 0.000 0.000 0.000 0.000 0.000 0.000 13.600 7.600 9.600 2.600 0.000 48.592 67.591 26.590 90.588 70.588 40.590 89.594 92.598 87.604 95.610 59.617 0.000 0.000 1.413 32.427
48.384 26.381 37.379 46.379 46.379 46.378 45.378 0.000 0.000 0.000 0.000 0.000 0.000 0.000 0.000 0.000 0.000 0.000 0.000 44.415 40.415 24.415 0.000 0.000 0.000 0.000 0.000 0.000 0.000 46.414 18.414 0.000 0.000 0.000 0.000 0.000 0.000 5.412 17.412 40.412 44.412 21.412 0.000 0.000 0.000 0.000 0.000 0.000 0.000 0.000 0.000 0.000 0.000 2.600 0.600 6.600 0.000 0.000 51.587 71.585 31.581 91.575 76.572 90.572 90.574 49.578 42.583 87.590 36.604 0.000 0.388 33.399 41.407
53.387 0.000 0.000 43.379 32.379 0.000 45.378 35.378 0.000 0.000 0.000 0.000 0.000 0.000 0.000 0.000 0.000 0.000 0.000 43.415 40.415 28.415 0.000 0.000 0.000 0.000 0.000 0.000 0.000 0.000 0.000 0.000 0.000 0.000 0.000 0.000 0.000 0.000 56.412 73.412 34.412 0.000 0.000 0.000 0.000 0.000 0.000 0.000 0.000 0.000 0.000 0.000 0.000 0.000 0.000 11.600 0.000 0.000 86.583 72.580 33.573 91.559 88.554 80.553 72.554 58.556 59.561 28.565 0.000 0.000 17.376 36.383 43.388
50.389 0.000 0.000 30.379 22.379 0.000 0.000 0.000 0.000 54.390 50.390 41.390 0.000 0.000 0.000 0.000 0.000 0.000 0.000 47.415 43.415 25.415 0.000 0.000 0.000 0.000 0.000 0.000 0.000 0.000 0.000 0.000 0.000 0.000 0.000 0.000 0.000 0.000 19.412 103.412 69.412 0.412 0.000 0.000 0.000 0.000 0.000 0.000 0.000 0.000 0.000 0.000 0.000 0.000 0.000 0.000 0.000 0.000 18.583 0.000 0.000 65.532 106.531 85.531 84.531 82.534 85.538 33.544 0.000 0.000 21.368 35.370 36.371
66.390 0.000 0.000 0.000 0.000 52.390 39.390 0.000 50.390 44.390 44.390 36.390 0.000 0.000 0.000 0.000 0.000 0.000 0.000 47.415 42.415 30.415 0.000 0.000 0.000 0.000 0.000 0.000 0.000 0.000 0.000 0.000 0.000 0.000 0.000 0.000 0.000 0.000 0.000 47.412 39.412 10.412 0.000 0.000 0.000 0.000 0.000 0.000 0.000 0.000 0.000 0.000 0.000 0.000 0.000 0.000 0.000 0.000 0.000 0.000 0.000 12.508 48.508 49.507 47.507 47.509 44.513 40.528 0.000 0.000 14.358 35.358 33.356
77.390 66.390 48.390 49.390 48.390 42.390 43.390 44.390 42.390 47.390 46.390 37.390 34.390 0.000 0.000 0.000 0.000 0.000 0.000 34.415 0.000 0.000 0.000 0.000 0.000 0.000 0.000 0.000 0.000 0.000 0.000 0.000 0.000 0.000 0.000 0.000 0.000 0.000 0.000 0.412 46.412 9.412 0.000 0.000 0.000 0.000 0.000 0.000 0.000 0.000 0.000 0.000 0.000 0.000 0.000 0.000 0.000 0.000 0.000 0.000 0.000 3.484 36.484 35.484 35.482 51.480 46.478 0.000 0.000 0.000 7.349 48.347 60.343
77.391 71.390 41.390 41.390 41.390 24.390 25.390 29.390 39.390 48.390 45.390 37.390 40.390 29.390 0.000 0.000 0.000 0.000 0.000 0.000 0.000 0.000 0.000 0.000 0.000 0.000 0.000 0.000 0.000 0.000 0.000 0.000 0.000 0.000 0.000 0.000 0.000 0.000 0.000 0.000 3.412 49.412 8.412 0.000 0.000 0.000 0.000 0.000 0.000 0.000 0.000 0.000 0.000 0.000 0.000 0.000 0.000 0.000 0.000 0.000 28.448 31.459 35.462 35.461 37.458 56.452 46.441 29.419 0.000 0.000 43.342 64.337 71.331
77.391 75.391 45.390 42.390 22.390 0.000 0.000 0.000 0.000 39.390 42.390 40.390 33.389 0.000 0.000 0.000 0.000 0.000 0.000 0.000 0.000 0.000 0.000 0.000 0.000 0.000 0.000 0.000 0.000 0.000 0.000 0.000 0.000 0.000 0.000 0.000 0.000 0.000 0.000 0.000 1.412 52.412 14.412 0.000 0.000 0.000 0.000 0.000 0.000 0.000 0.000 0.000 0.000 0.000 0.000 0.000 0.000 0.000 0.000 0.429 39.438 36.441 35.442 31.441 44.436 61.428 45.416 34.397 29.371 29.353 53.339 70.330 71.320
77.391 75.391 28.391 32.390 0.000 0.000 0.000 0.000 0.000 0.000 30.390 43.389 35.389 0.000 0.000 0.000 0.000 0.000 0.000 0.000 0.000 0.000 0.000 0.000 0.000 0.000 0.000 0.000 0.000 0.000 0.000 0.000 0.000 0.000 0.000 0.000 0.000 0.000 0.000 0.000 0.000 1.412 20.412 0.000 0.000 0.000 0.000 0.000 0.000 0.000 0.000 0.000 8.406 16.406 0.000 0.000 0.000 0.000 0.000 33.419 31.425 30.427 35.426 49.423 62.417 52.409 36.397 34.382 36.364 33.347 54.334 72.322 71.310
77.391 51.391 0.000 0.000 0.000 0.000 0.000 0.000 0.000 0.000 0.000 33.389 40.389 38.389 0.000 0.000 0.000 0.000 0.000 0.000 0.000 0.000 0.000 0.000 0.000 0.000 0.000 0.000 0.000 0.000 0.000 0.000 0.000 0.000 0.000 0.000 0.000 0.000 0.000 0.000 0.000 0.000 0.000 0.000 0.000 0.000 0.000 0.000 0.000 0.000 0.000 0.000 0.000 9.406 11.406 0.000 38.407 30.408 28.409 40.413 54.415 59.415 61.413 61.408 47.402 35.393 34.382 34.369 33.354 35.340 58.326 73.313 71.300
