results1/res_4e8f-0184.wd
ncols         241
nrows         181
xllcorner     12693529.787448
yllcorner     3542525.717860
cellsize      155.156523
NODATA_value  -9999.000000
[rows 0 to 32 of 181, columns 146 to 218 of 241]
0.000 0.000 0.000 0.000 0.000 0.000 0.000 0.000 0.000 0.000 0.000 0.000 0.000 0.000 5.737 16.589 17.352 17.060 16.739 16.405 16.078 15.773 15.500 15.267 15.078 14.930 14.821 14.746 14.698 14.671 14.660 19.656 0.000 0.000 0.000 0.000 0.000 0.000 0.000 0.000 0.000 0.000 0.000 0.000 0.000 0.000 0.000 0.000 0.000 19.569 26.569 0.000 0.000 45.671 50.671 0.000 0.000 0.000 0.000 0.000 0.000 0.000 0.000 0.000 0.000 0.000 0.000 0.000 0.000 0.000 0.000 0.000 0.000
0.000 0.000 0.000 0.000 0.000 0.000 0.000 0.000 0.000 0.000 0.000 0.000 0.000 1.285 16.884 17.680 17.406 17.090 16.750 16.400 16.057 15.739 17.459 16.224 15.036 14.892 14.788 14.718 14.676 14.657 14.652 19.652 0.000 0.000 0.000 0.000 0.000 0.000 0.000 0.000 0.000 0.000 0.000 0.000 0.000 0.000 0.000 0.000 16.569 38.569 14.569 0.000 24.671 57.671 51.671 0.000 0.000 0.000 0.000 0.000 0.000 0.000 0.000 0.000 0.000 0.000 0.000 0.000 36.664 0.000 0.000 0.000 0.000
0.000 0.000 0.000 0.000 0.000 0.000 0.000 0.000 0.000 0.000 0.000 0.000 0.000 20.516 19.169 17.839 17.501 17.146 16.771 16.386 16.011 17.669 17.374 15.135 14.949 14.814 14.720 14.662 14.633 14.626 16.642 10.647 0.000 0.000 0.000 0.000 0.000 0.000 0.000 0.000 0.000 0.000 0.000 0.000 0.000 0.000 0.000 0.000 28.569 0.000 0.000 19.671 50.671 12.671 0.000 0.000 0.000 0.000 0.000 0.000 0.000 0.000 0.000 0.000 5.666 0.000 0.000 0.000 39.664 11.664 0.000 0.000 0.000
0.000 0.000 0.000 0.000 0.000 0.000 0.000 0.000 0.000 0.000 0.000 0.000 3.054 19.929 18.439 18.007 17.614 17.222 16.802 16.362 16.933 16.550 15.234 14.990 14.813 14.693 14.618 14.579 14.566 20.573 0.000 0.000 0.000 0.000 0.000 0.000 0.000 0.000 0.000 0.000 0.000 0.000 0.000 13.569 0.000 0.000 0.000 12.569 72.569 2.569 0.000 25.671 52.671 0.000 0.000 0.000 0.000 0.000 0.000 0.000 0.000 0.000 11.666 17.666 36.666 0.000 0.000 29.664 38.664 39.664 11.664 0.000 0.000
0.000 0.000 0.000 0.000 0.000 0.000 0.000 0.000 0.000 0.000 0.000 8.166 1.345 2.972 18.649 18.135 17.726 17.325 16.853 16.326 16.808 16.364 15.022 14.780 14.621 14.526 14.480 14.467 15.481 16.527 0.000 0.000 0.000 0.000 0.000 0.000 0.000 0.000 0.000 0.000 0.000 0.000 14.569 37.569 32.569 0.000 0.000 28.569 56.569 0.000 0.000 0.000 52.672 7.672 0.000 0.000 0.000 0.000 0.000 0.000 0.000 0.000 51.666 55.666 57.666 0.000 0.000 42.665 37.664 37.664 47.664 0.000 0.000
0.000 0.000 0.000 0.000 0.000 0.000 0.000 0.000 0.000 0.000 10.882 3.486 1.856 1.285 1.410 16.160 17.829 17.499 16.958 18.283 17.610 15.077 14.711 14.486 14.363 14.312 14.307 14.331 20.362 0.000 0.000 0.000 0.000 0.000 0.000 0.000 0.000 0.000 0.000 0.000 0.000 0.000 0.000 17.569 38.570 30.570 28.570 10.570 41.569 14.569 0.000 0.000 37.672 50.672 41.672 39.672 48.672 0.000 0.000 0.000 0.000 0.000 51.667 53.666 58.666 37.666 26.665 43.665 46.665 0.000 0.000 0.000 11.659
0.000 0.000 0.000 0.000 0.000 0.000 0.000 0.000 0.000 0.000 7.279 3.985 3.618 3.123 0.437 0.628 10.933 18.883 18.197 18.237 15.273 14.621 14.259 14.089 14.034 14.050 14.107 14.187 9.275 0.000 0.000 0.000 0.000 0.000 34.579 67.579 1.579 0.000 7.579 48.579 0.000 0.000 0.000 14.570 38.570 51.570 86.570 48.570 49.570 20.570 0.000 0.000 34.672 53.672 38.672 34.672 51.672 0.000 0.000 0.000 0.000 0.000 38.667 44.667 40.666 40.666 44.665 47.665 55.665 0.000 0.000 0.000 34.659
0.000 0.000 0.000 0.000 0.000 0.000 0.000 0.000 0.000 30.521 30.969 7.547 3.162 3.402 3.056 0.793 0.369 5.905 18.709 16.194 14.624 13.876 13.615 13.577 13.636 13.746 14.884 12.036 0.000 0.000 0.000 0.000 0.000 0.000 9.579 55.579 62.579 44.579 36.579 8.579 0.000 0.000 0.000 0.000 0.000 12.570 79.570 58.570 5.570 0.000 0.000 0.000 0.000 46.672 61.672 59.672 61.672 53.672 45.671 48.670 47.670 56.669 60.668 57.667 58.666 58.666 53.665 48.665 45.664 0.000 0.000 0.000 0.000
0.000 0.000 0.000 0.000 0.000 0.000 0.000 0.000 24.630 42.073 43.529 33.040 9.627 2.044 3.060 0.836 2.784 8.074 6.541 16.207 13.152 12.644 12.749 12.968 13.187 14.413 14.649 0.000 0.000 0.000 0.000 0.000 0.000 0.000 0.000 7.579 53.580 63.580 68.580 7.579 0.000 0.000 0.000 0.000 0.000 8.570 51.570 43.570 48.570 15.570 0.000 0.000 30.673 58.673 43.673 37.673 44.672 56.672 44.671 43.671 52.670 61.669 48.668 44.667 47.667 53.666 59.665 61.665 59.664 45.663 36.662 19.661 28.660
0.000 0.000 0.000 0.000 0.000 0.000 0.000 20.753 30.186 45.613 43.034 43.457 35.880 12.311 1.193 4.739 14.272 6.454 2.242 3.030 6.132 10.801 11.767 12.360 12.729 18.071 0.000 0.000 0.000 0.000 0.000 0.000 7.581 5.581 0.000 0.000 20.580 66.580 19.580 0.000 0.000 0.000 0.000 0.000 0.000 47.571 57.571 33.570 49.570 69.570 9.570 0.000 36.674 60.673 39.673 33.673 36.673 49.672 38.672 38.671 40.670 42.669 39.668 40.668 34.667 38.666 44.665 45.664 43.664 52.663 54.662 57.661 65.660
0.000 0.000 0.000 0.000 0.000 0.000 25.874 24.320 47.750 44.157 43.537 42.873 43.126 38.182 20.686 12.403 8.086 0.000 0.046 4.359 2.161 3.339 11.157 11.976 17.299 0.000 0.000 0.000 0.000 0.000 0.000 2.581 44.581 3.581 0.000 0.000 27.580 67.580 6.580 0.000 0.000 0.000 0.000 0.000 42.573 86.572 19.571 22.570 44.570 71.570 11.570 0.000 33.674 58.674 38.674 31.673 34.673 36.673 32.672 31.671 38.670 54.670 37.669 33.668 47.667 43.666 40.665 47.664 47.663 50.663 59.662 63.661 50.660
0.000 0.000 0.000 0.000 0.000 29.917 18.429 46.901 45.335 44.731 44.082 43.373 42.567 42.604 39.407 25.105 4.409 0.336 0.066 46.214 4.519 0.079 0.102 14.086 10.193 0.000 0.000 0.000 0.000 0.000 0.000 2.581 40.581 35.581 44.581 56.581 60.580 50.580 0.000 0.000 5.577 41.576 56.576 61.575 85.574 41.573 0.000 0.000 46.569 34.569 0.000 0.000 36.675 63.675 50.674 34.674 82.674 110.673 59.672 35.672 51.671 98.670 50.669 27.668 92.667 65.666 40.665 47.664 49.663 39.663 48.662 61.661 44.660
0.000 0.000 0.000 0.000 0.000 19.404 41.024 47.522 45.959 45.349 44.690 43.969 43.167 42.258 42.245 41.156 30.334 4.948 50.814 47.873 0.357 0.148 0.052 0.057 0.000 0.000 0.000 0.000 0.000 0.000 5.581 39.581 35.581 40.581 54.581 64.581 48.581 35.580 0.580 0.000 3.577 50.576 49.576 45.575 84.575 44.574 0.000 0.000 25.569 17.569 0.000 29.676 57.676 59.675 53.675 41.675 40.674 73.674 114.673 52.672 45.672 102.671 53.670 27.669 99.668 69.667 32.666 34.664 40.663 31.662 45.661 44.660 32.660
0.000 0.000 0.000 0.000 23.922 34.271 49.743 47.203 46.629 46.016 45.358 44.647 43.870 43.032 42.074 41.336 40.196 52.546 52.220 0.992 0.491 9.601 0.000 0.000 0.000 0.000 0.000 0.000 0.580 55.580 58.581 40.581 39.581 54.581 64.581 50.581 33.581 35.580 35.579 33.579 31.578 43.577 46.576 56.576 96.575 30.575 0.000 0.000 62.569 12.569 0.000 26.677 56.676 56.676 43.676 35.676 31.675 41.675 38.674 78.673 109.672 126.671 107.670 96.669 122.668 116.667 107.666 53.665 33.663 50.662 45.661 34.660 29.659
0.000 0.000 0.000 25.106 34.573 52.015 48.472 47.918 47.339 46.728 46.080 45.386 44.656 43.816 43.272 40.905 52.583 52.579 36.780 19.084 6.245 0.000 0.000 0.000 0.000 0.000 0.000 0.000 41.580 8.580 0.000 19.581 57.581 61.581 53.582 38.582 4.582 0.000 2.579 37.579 33.578 43.577 42.577 65.576 62.575 0.000 0.000 4.568 65.568 11.568 0.000 24.677 54.677 66.677 45.677 51.677 74.676 51.676 33.675 57.674 80.673 114.672 80.671 60.669 108.668 98.667 73.666 42.665 28.664 99.662 67.661 39.660 29.659
0.000 0.000 0.000 30.640 50.247 49.745 49.212 48.658 48.082 47.479 47.842 47.184 45.426 45.004 42.430 52.645 52.592 40.353 41.974 39.596 23.557 4.555 0.000 0.000 0.000 0.000 0.000 43.580 12.580 0.000 0.000 0.000 25.581 57.581 35.582 33.583 39.583 2.584 0.000 38.580 36.579 42.578 43.577 65.576 61.575 0.000 0.000 25.568 72.568 8.568 0.000 26.678 57.678 60.678 41.678 41.678 87.678 122.677 71.676 39.675 55.674 102.673 62.671 29.670 95.669 82.667 40.666 32.665 25.664 106.662 70.661 42.660 43.659
0.000 0.000 31.247 48.566 52.032 50.507 49.972 49.421 48.852 49.258 47.650 46.951 46.613 44.042 53.080 52.795 41.854 42.704 41.704 32.055 12.803 0.000 0.000 0.000 0.000 0.000 0.000 39.580 13.580 0.000 0.000 0.000 0.000 0.000 0.000 38.584 35.585 34.585 36.584 38.582 34.580 42.579 44.577 56.575 52.574 14.571 33.569 66.568 17.567 0.000 0.000 26.679 53.679 59.679 45.679 30.679 32.679 57.678 44.677 26.676 44.675 99.674 55.672 21.671 92.669 77.668 35.666 31.665 27.664 105.662 70.661 42.660 33.659
0.000 30.519 43.929 53.346 51.806 51.279 50.747 50.204 50.643 50.073 48.416 48.129 45.565 54.020 53.499 43.517 44.519 42.400 29.594 0.000 0.000 0.000 0.000 0.000 0.000 0.000 0.000 0.000 13.580 0.000 0.000 0.000 0.000 0.000 0.000 0.000 42.587 52.586 63.585 51.583 40.581 44.579 41.577 46.575 39.573 58.571 76.569 64.567 10.567 0.000 0.000 25.679 51.680 56.680 62.681 60.681 48.681 38.680 51.679 83.678 102.676 123.675 103.673 86.671 120.669 113.668 95.666 55.665 28.664 103.662 75.661 47.660 34.659
27.588 39.109 53.602 53.083 52.568 52.054 51.535 52.002 51.465 49.842 49.593 47.045 55.245 54.610 45.085 46.237 47.179 25.436 0.000 0.000 0.000 0.000 0.000 0.000 0.000 0.000 0.000 0.000 0.000 0.000 0.000 0.000 0.000 0.000 0.000 0.000 40.590 44.589 62.587 21.584 1.582 51.580 42.578 45.575 41.573 29.570 48.568 63.566 50.565 9.564 0.000 0.000 16.680 59.681 61.683 54.684 42.683 51.682 102.681 93.679 74.678 75.676 76.674 76.672 76.670 77.668 79.667 50.665 30.664 102.662 78.661 41.660 35.658
31.067 54.728 54.288 53.815 53.329 52.836 52.332 51.827 51.238 51.023 48.495 56.582 55.906 46.552 47.772 46.764 42.254 1.719 0.000 0.000 0.000 0.000 0.000 0.000 0.000 0.000 0.000 0.000 0.000 0.000 0.000 0.000 0.000 0.000 0.000 0.000 41.593 52.592 36.591 0.000 5.584 48.581 45.579 12.576 2.572 33.568 47.566 62.564 59.563 28.563 0.000 0.000 0.000 0.000 28.687 43.687 27.686 88.685 89.683 38.681 44.679 86.677 57.674 29.672 75.670 65.668 45.667 43.665 34.664 102.662 73.661 30.660 31.658
48.885 56.446 55.009 54.559 54.097 54.624 53.153 52.601 52.425 49.922 57.956 57.266 46.927 49.180 48.176 48.556 17.896 0.000 0.000 0.000 0.000 0.000 0.000 0.000 0.000 0.000 0.000 0.000 0.000 0.000 0.000 0.000 0.000 0.000 0.000 8.601 61.598 59.596 63.593 60.591 56.587 56.583 50.580 9.577 2.572 33.566 46.563 64.561 71.561 34.562 0.000 0.000 0.000 0.000 22.691 35.690 55.689 102.688 65.686 25.684 93.681 94.678 43.675 30.672 51.670 107.668 66.667 34.665 34.664 97.662 115.661 102.659 107.657
58.579 56.163 55.743 55.314 54.873 56.435 53.920 53.791 51.326 59.346 58.648 42.234 46.443 50.504 46.974 24.255 0.000 0.000 0.000 0.000 0.000 0.000 0.000 0.000 0.000 0.000 0.000 0.000 0.000 0.000 0.000 0.000 0.000 0.000 0.000 60.604 59.602 60.599 62.596 61.592 59.589 60.585 53.582 8.580 0.000 34.562 46.558 69.556 42.558 0.000 0.000 0.000 0.000 20.699 50.696 29.695 94.693 88.691 32.689 88.686 101.684 50.679 38.675 41.672 36.670 67.668 106.667 63.665 26.664 97.663 100.661 74.659 16.656
49.258 55.882 56.487 56.078 55.669 55.185 55.100 52.675 60.699 60.046 25.465 30.645 33.531 52.203 35.828 0.000 0.000 0.000 0.000 0.000 0.000 0.000 0.000 50.097 39.096 0.000 0.000 0.000 0.000 0.000 0.000 0.000 0.000 0.000 0.000 37.609 31.607 34.603 38.598 33.594 32.591 31.587 33.583 37.580 31.574 24.563 39.552 18.546 0.000 0.000 0.000 0.000 0.000 22.702 45.700 36.699 37.697 37.694 29.692 50.690 51.688 0.000 0.000 12.670 42.669 35.667 57.666 50.665 32.664 65.663 13.662 0.000 11.655
27.974 43.620 56.243 58.863 56.401 56.347 53.929 61.823 61.303 34.621 0.000 43.982 0.000 55.823 24.326 0.000 0.000 0.000 0.000 0.000 0.000 0.000 0.000 57.097 51.096 0.000 0.000 0.000 0.000 0.000 0.000 0.000 0.000 23.648 0.000 38.617 34.613 34.607 34.601 34.596 34.592 34.588 34.585 36.582 14.579 0.000 9.540 40.529 10.519 0.000 0.000 0.000 23.708 54.706 42.705 41.703 33.701 34.698 34.695 32.693 46.691 6.692 0.000 0.000 13.668 38.667 33.666 46.665 45.665 0.000 0.000 0.000 11.654
19.736 27.380 50.022 54.597 57.555 55.095 62.601 62.254 41.506 17.312 0.000 60.634 58.536 44.949 0.000 0.000 0.000 0.000 0.000 0.000 0.000 0.000 60.103 66.098 37.095 0.000 0.000 0.000 0.000 0.000 0.000 0.000 0.000 40.648 38.642 35.630 34.621 31.610 35.603 35.598 35.594 35.590 35.586 38.584 11.582 0.000 0.000 38.512 38.508 8.503 0.000 0.000 8.711 41.710 34.709 33.708 32.705 32.701 32.698 32.694 33.693 42.692 0.000 0.000 0.000 6.666 39.666 42.665 40.665 0.000 0.000 0.000 35.653
23.519 34.151 38.775 36.675 48.230 63.008 62.853 46.492 25.255 18.757 0.000 40.359 53.026 26.487 0.000 0.000 0.000 0.000 48.146 54.142 46.136 44.122 53.108 46.099 36.090 0.000 0.000 0.000 0.000 0.000 0.000 0.000 0.000 38.654 35.648 34.639 8.630 0.000 40.602 34.599 34.594 34.590 34.587 35.585 9.584 0.000 0.000 39.499 38.499 9.498 0.000 0.000 38.713 34.715 34.715 34.714 33.711 33.704 37.701 0.000 4.692 7.692 0.000 0.000 0.000 0.000 39.665 34.665 34.665 35.665 0.000 7.653 37.653
35.263 48.901 24.618 23.491 63.072 63.070 49.487 36.212 32.548 37.387 0.000 7.418 42.722 0.000 0.000 0.000 0.000 44.152 48.149 50.146 48.143 0.000 0.000 0.000 48.076 32.063 0.000 0.000 0.000 0.000 0.000 0.000 6.675 48.666 45.657 20.650 0.000 0.000 53.605 39.601 35.595 34.590 38.586 15.585 0.000 14.477 52.480 33.487 37.490 9.492 0.000 0.000 0.000 39.722 34.722 38.721 5.720 0.000 0.000 0.000 0.000 0.000 0.000 0.000 0.000 0.000 39.665 34.665 34.665 39.665 0.000 0.000 11.652
55.970 44.555 24.618 20.117 63.035 24.529 30.254 32.482 36.157 54.740 64.190 52.174 0.000 0.000 0.000 0.000 42.159 36.156 42.152 57.149 56.147 0.000 0.000 0.000 0.000 49.049 0.000 0.000 0.000 34.723 0.000 0.000 50.684 49.677 55.666 48.653 13.638 67.625 64.612 62.603 60.596 52.588 33.583 20.584 0.000 28.475 81.475 35.479 36.483 10.487 0.000 0.000 0.000 44.730 30.729 35.728 6.728 0.000 0.000 0.000 0.000 0.000 0.000 0.000 0.000 35.665 37.665 39.665 33.665 38.665 0.000 0.000 8.652
64.558 51.654 33.955 62.629 20.554 22.341 21.508 21.148 30.714 58.247 53.654 24.914 0.000 0.000 41.168 7.167 49.163 41.159 52.155 47.151 26.149 0.000 0.000 0.000 0.000 53.036 29.032 0.000 0.000 30.723 38.723 42.716 44.701 46.690 36.678 33.656 41.638 41.625 61.615 44.605 38.596 36.584 16.574 0.000 4.481 23.472 91.467 47.471 13.474 0.000 0.000 0.000 2.739 57.739 30.737 37.736 9.735 0.000 0.000 0.000 0.000 0.000 0.000 0.000 14.664 37.665 52.665 50.665 43.665 2.665 0.000 0.000 9.652
62.615 60.857 62.201 39.487 27.390 23.532 23.167 21.742 28.329 43.877 39.266 0.000 0.000 0.000 44.170 65.169 60.166 61.163 43.159 0.000 0.000 0.000 0.000 0.000 44.023 35.027 27.027 0.000 0.000 0.000 42.730 46.724 46.715 46.705 30.699 0.000 37.630 38.623 62.617 48.608 42.597 28.579 35.556 50.523 70.489 59.465 83.451 48.464 12.469 0.000 0.000 0.000 0.000 55.748 31.746 32.743 37.740 0.000 0.000 0.000 0.000 0.000 0.000 0.000 0.000 7.664 56.664 53.664 6.665 0.000 0.000 0.000 5.652
60.695 62.142 61.346 60.358 42.502 22.150 22.734 23.348 21.979 24.667 0.000 0.000 0.000 0.000 60.173 50.172 48.170 44.166 0.000 0.000 0.000 0.000 0.000 45.018 36.019 32.021 15.024 0.000 0.000 0.000 42.742 50.736 59.727 58.719 60.713 48.713 0.000 6.622 65.620 49.613 23.606 0.000 38.546 48.523 75.489 37.447 21.409 0.000 0.000 0.000 0.000 0.000 8.769 46.761 33.755 34.749 37.744 10.742 0.000 0.000 0.000 0.000 0.000 0.000 0.000 0.000 13.664 14.664 0.000 0.000 0.000 0.000 6.652
62.148 61.125 63.237 63.400 47.071 23.669 26.297 25.933 23.572 24.146 0.000 40.181 0.000 6.179 54.177 54.177 61.176 0.000 0.000 19.087 7.087 0.000 0.000 40.017 34.015 28.013 0.000 0.000 0.000 0.000 40.761 41.751 43.740 42.729 40.720 32.714 0.000 0.000 67.628 53.619 38.607 1.588 37.560 48.534 72.497 28.425 24.330 7.264 0.000 0.000 0.000 0.000 8.778 53.771 32.763 34.753 34.745 35.740 39.736 11.734 0.000 0.000 0.000 0.000 0.000 0.000 0.000 0.000 0.000 0.000 0.000 0.000 0.000
61.836 64.035 63.227 63.925 37.544 28.189 47.845 41.518 23.228 0.925 0.000 37.181 52.181 57.180 43.181 64.181 56.181 0.000 0.000 33.087 64.087 16.082 0.000 41.019 35.011 32.002 0.000 0.000 48.844 44.823 40.789 42.769 47.752 47.737 45.723 56.710 48.690 8.669 67.645 59.628 59.613 51.596 32.576 50.557 58.541 0.000 27.221 10.198 0.000 0.000 0.000 0.000 18.793 57.784 29.772 31.756 32.744 33.737 38.733 10.732 0.000 0.000 0.000 0.000 0.000 0.000 0.000 0.000 0.000 0.000 0.000 0.000 0.000
