results1/res_4e8f-0196.wd
ncols         241
nrows         181
xllcorner     12693529.787448
yllcorner     3542525.717860
cellsize      155.156523
NODATA_value  -9999.000000
[rows 0 to 32 of 181, columns 146 to 218 of 241]
0.000 0.000 0.000 0.000 0.000 0.000 0.000 0.000 0.000 0.000 0.000 0.000 0.000 0.000 5.797 16.648 17.409 17.115 16.791 16.455 16.126 15.818 15.544 15.310 15.120 14.971 14.862 14.785 14.737 14.711 14.699 19.695 0.000 0.000 0.000 0.000 0.000 0.000 0.000 0.000 0.000 0.000 0.000 0.000 0.000 0.000 0.000 0.000 0.000 19.926 26.926 0.000 0.000 46.072 51.072 0.000 0.000 0.000 0.000 0.000 0.000 0.000 0.000 0.000 0.000 0.000 0.000 0.000 0.000 0.000 0.000 0.000 0.000
0.000 0.000 0.000 0.000 0.000 0.000 0.000 0.000 0.000 0.000 0.000 0.000 0.000 1.344 16.946 17.739 17.463 17.145 16.802 16.449 16.105 15.785 17.503 16.267 15.077 14.933 14.828 14.758 14.716 14.696 14.692 19.691 0.000 0.000 0.000 0.000 0.000 0.000 0.000 0.000 0.000 0.000 0.000 0.000 0.000 0.000 0.000 0.000 16.926 38.926 14.926 0.000 25.073 58.072 52.072 0.000 0.000 0.000 0.000 0.000 0.000 0.000 0.000 0.000 0.000 0.000 0.000 0.000 37.068 0.000 0.000 0.000 0.000
0.000 0.000 0.000 0.000 0.000 0.000 0.000 0.000 0.000 0.000 0.000 0.000 0.000 20.577 19.231 17.899 17.559 17.201 16.823 16.435 16.058 17.714 17.418 15.177 14.990 14.854 14.760 14.702 14.672 14.665 16.681 10.686 0.000 0.000 0.000 0.000 0.000 0.000 0.000 0.000 0.000 0.000 0.000 0.000 0.000 0.000 0.000 0.000 28.926 0.000 0.000 20.073 51.073 13.073 0.000 0.000 0.000 0.000 0.000 0.000 0.000 0.000 0.000 0.000 6.069 0.000 0.000 0.000 40.068 12.068 0.000 0.000 0.000
0.000 0.000 0.000 0.000 0.000 0.000 0.000 0.000 0.000 0.000 0.000 0.000 3.091 19.994 18.502 18.067 17.672 17.276 16.853 16.411 16.979 16.594 15.277 15.032 14.853 14.732 14.657 14.617 14.605 20.612 0.000 0.000 0.000 0.000 0.000 0.000 0.000 0.000 0.000 0.000 0.000 0.000 0.000 13.926 0.000 0.000 0.000 12.926 72.926 2.926 0.000 26.073 53.073 0.000 0.000 0.000 0.000 0.000 0.000 0.000 0.000 0.000 12.069 18.069 37.069 0.000 0.000 30.068 39.068 40.068 12.068 0.000 0.000
0.000 0.000 0.000 0.000 0.000 0.000 0.000 0.000 0.000 0.000 0.000 8.176 1.352 3.008 18.715 18.197 17.784 17.379 16.904 16.375 16.854 16.407 15.063 14.820 14.659 14.565 14.518 14.506 15.519 16.565 0.000 0.000 0.000 0.000 0.000 0.000 0.000 0.000 0.000 0.000 0.000 0.000 14.926 37.926 32.926 0.000 0.000 28.926 56.926 0.000 0.000 0.000 53.073 8.073 0.000 0.000 0.000 0.000 0.000 0.000 0.000 0.000 52.069 56.069 58.069 0.067 0.000 43.068 38.068 38.068 48.068 0.000 0.000
0.000 0.000 0.000 0.000 0.000 0.000 0.000 0.000 0.000 0.000 10.897 3.498 1.867 1.292 1.425 16.222 17.887 17.553 17.009 18.330 17.654 15.118 14.750 14.524 14.400 14.349 14.344 14.368 20.400 0.000 0.000 0.000 0.000 0.000 0.000 0.000 0.000 0.000 0.000 0.000 0.000 0.000 0.000 17.926 38.926 30.926 28.926 10.926 41.926 14.926 0.000 0.000 38.073 51.073 42.073 40.073 49.073 0.000 0.000 0.000 0.000 0.000 52.070 54.070 59.069 38.069 27.069 44.068 47.068 0.000 0.000 0.000 12.065
0.000 0.000 0.000 0.000 0.000 0.000 0.000 0.000 0.000 0.000 7.296 4.000 3.631 3.135 0.443 0.635 10.991 18.938 18.247 18.283 15.314 14.660 14.296 14.125 14.070 14.085 14.143 14.224 9.312 0.000 0.000 0.000 0.000 0.000 34.936 67.936 1.936 0.000 7.936 48.936 0.000 0.000 0.000 14.926 38.926 51.926 86.926 48.926 49.926 20.926 0.000 0.000 35.073 54.073 39.073 35.073 52.073 0.000 0.000 0.000 0.000 0.000 39.070 45.070 41.069 41.069 45.069 48.069 56.068 0.000 0.000 0.000 35.065
0.000 0.000 0.000 0.000 0.000 0.000 0.000 0.000 0.000 30.546 30.990 7.565 3.179 3.417 3.068 0.799 0.372 5.960 18.760 16.239 14.662 13.911 13.648 13.610 13.669 13.780 14.919 12.071 0.000 0.000 0.000 0.000 0.000 0.000 9.936 55.936 62.936 44.936 36.936 8.936 0.000 0.000 0.000 0.000 0.000 12.927 79.927 58.926 5.926 0.000 0.000 0.000 0.000 47.074 62.073 60.073 62.073 54.073 46.073 49.072 48.072 57.071 61.070 58.070 59.070 59.069 54.069 49.068 46.068 0.000 0.000 0.000 0.000
0.000 0.000 0.000 0.000 0.000 0.000 0.000 0.000 24.662 42.102 43.555 33.062 9.646 2.062 3.074 0.843 2.806 8.134 6.594 16.250 13.183 12.673 12.777 12.998 13.217 14.445 14.682 0.000 0.000 0.000 0.000 0.000 0.000 0.000 0.000 7.936 53.936 63.936 68.936 7.936 0.000 0.000 0.000 0.000 0.000 8.927 51.927 43.927 48.926 15.926 0.000 0.000 31.074 59.074 44.074 38.074 45.073 57.073 45.073 44.072 53.072 62.071 49.071 45.070 48.070 54.069 60.069 62.068 60.068 46.067 37.067 20.066 29.066
0.000 0.000 0.000 0.000 0.000 0.000 0.000 20.791 30.222 45.645 43.063 43.484 35.905 12.333 1.208 4.759 14.297 6.470 2.255 3.044 6.147 10.820 11.790 12.386 12.757 18.101 0.000 0.000 0.000 0.000 0.000 0.000 7.937 5.937 0.000 0.000 20.936 66.936 19.936 0.000 0.000 0.000 0.000 0.000 0.000 47.927 57.927 33.927 49.926 69.926 9.926 0.000 37.074 61.074 40.074 34.074 37.074 50.073 39.073 39.072 41.072 43.071 40.071 41.070 35.070 39.069 45.069 46.068 44.068 53.067 55.067 58.066 66.066
0.000 0.000 0.000 0.000 0.000 0.000 25.918 24.361 47.788 44.194 43.570 42.904 43.155 38.210 20.716 12.431 8.118 0.000 0.050 4.371 2.161 3.354 11.175 11.999 17.325 0.000 0.000 0.000 0.000 0.000 0.000 2.937 44.937 3.937 0.000 0.000 27.936 67.936 6.936 0.000 0.000 0.000 0.000 0.000 42.929 86.928 19.927 22.927 44.926 71.926 11.926 0.000 34.075 59.074 39.074 32.074 35.074 37.074 33.073 32.073 39.072 55.072 38.071 34.071 48.070 44.069 41.069 48.068 48.068 51.067 60.066 64.066 51.065
0.000 0.000 0.000 0.000 0.000 29.965 18.475 46.946 45.377 44.771 44.120 43.408 42.601 42.636 39.438 25.134 4.432 0.355 0.071 46.254 4.534 0.081 0.106 14.111 10.218 0.000 0.000 0.000 0.000 0.000 0.000 2.937 40.937 35.937 44.937 56.937 60.936 50.936 0.000 0.000 5.932 41.932 56.932 61.931 85.930 41.930 0.000 0.000 46.926 34.926 0.000 0.000 37.075 64.075 51.075 35.074 83.074 111.074 60.073 36.073 52.072 99.072 51.071 28.071 93.070 66.069 41.069 48.068 50.068 40.067 49.066 62.066 45.065
0.000 0.000 0.000 0.000 0.000 19.454 41.073 47.569 46.004 45.392 44.731 44.008 43.204 42.294 42.279 41.188 30.364 4.970 50.852 47.909 0.370 0.153 0.054 0.059 0.000 0.000 0.000 0.000 0.000 0.000 5.937 39.937 35.937 40.937 54.937 64.937 48.937 35.936 0.936 0.000 3.933 50.932 49.932 45.931 84.931 44.930 0.000 0.000 25.925 17.925 0.000 30.076 58.076 60.075 54.075 42.075 41.075 74.074 115.074 53.073 46.073 103.072 54.072 28.071 100.070 70.070 33.069 35.068 41.068 32.067 46.066 45.066 33.065
0.000 0.000 0.000 0.000 23.978 34.325 49.794 47.253 46.677 46.062 45.402 44.689 43.912 43.072 42.113 41.374 40.233 52.582 52.256 1.017 0.508 9.617 0.000 0.000 0.000 0.000 0.000 0.000 0.936 55.937 58.937 40.937 39.937 54.937 64.937 50.937 33.937 35.936 35.935 33.934 31.933 43.933 46.932 56.931 96.931 30.930 0.000 0.000 62.925 12.925 0.000 27.076 57.076 57.076 44.076 36.076 32.075 42.075 39.074 79.074 110.073 127.073 108.072 97.071 123.071 117.070 108.069 54.068 34.068 51.067 46.066 35.066 30.065
0.000 0.000 0.000 25.167 34.631 52.072 48.527 47.971 47.391 46.778 46.127 45.432 44.701 43.859 43.314 40.946 52.620 52.615 36.819 19.118 6.278 0.000 0.000 0.000 0.000 0.000 0.000 0.000 41.936 8.936 0.000 19.937 57.937 61.937 53.937 38.938 4.938 0.000 2.935 37.935 33.934 43.933 42.932 65.931 62.931 0.000 0.000 4.924 65.924 11.924 0.000 25.077 55.077 67.076 46.076 52.076 75.076 52.076 34.075 58.074 81.074 115.073 81.072 61.072 109.071 99.070 74.069 43.068 29.068 100.067 68.066 40.066 30.065
0.000 0.000 0.000 30.703 50.309 49.805 49.270 48.715 48.136 47.531 47.894 47.234 45.474 45.051 42.476 52.685 52.630 40.396 42.015 39.634 23.593 4.591 0.000 0.000 0.000 0.000 0.000 43.936 12.936 0.000 0.000 0.000 25.937 57.937 35.938 33.938 39.939 2.939 0.000 38.935 36.935 42.934 43.932 65.931 61.930 0.000 0.000 25.924 72.924 8.924 0.000 27.077 58.077 61.077 42.077 42.077 88.077 123.076 72.076 40.075 56.074 103.074 63.073 30.072 96.071 83.070 41.069 33.068 26.068 107.067 71.066 43.065 44.065
0.000 0.000 31.316 48.632 52.096 50.569 50.033 49.481 48.909 49.314 47.704 47.004 46.664 44.092 53.126 52.837 41.898 42.749 41.747 32.094 12.841 0.000 0.000 0.000 0.000 0.000 0.000 39.936 13.936 0.000 0.000 0.000 0.000 0.000 0.000 38.939 35.940 34.940 36.939 38.937 34.936 42.934 44.933 56.931 52.929 14.927 33.925 66.924 17.923 0.000 0.000 27.077 54.078 60.078 46.078 31.078 33.078 58.077 45.077 27.076 45.075 100.074 56.073 22.072 93.071 78.070 36.069 32.069 28.068 106.067 71.066 43.065 34.065
0.000 30.591 43.999 53.414 51.873 51.344 50.811 50.266 50.703 50.132 48.474 48.185 45.620 54.072 53.548 43.567 44.568 42.448 29.639 0.000 0.000 0.000 0.000 0.000 0.000 0.000 0.000 0.000 13.936 0.000 0.000 0.000 0.000 0.000 0.000 0.000 42.942 52.941 63.940 51.938 40.936 44.935 41.933 46.931 39.928 58.926 76.924 64.923 10.922 0.000 0.000 26.078 52.078 57.079 63.079 61.079 49.079 39.078 52.078 84.077 103.076 124.075 104.074 87.073 121.072 114.070 96.070 56.069 29.068 104.067 76.066 48.065 35.064
27.664 39.184 53.675 53.154 52.637 52.122 51.601 52.067 51.529 49.904 49.654 47.105 55.303 54.666 45.140 46.289 47.230 25.489 0.000 0.000 0.000 0.000 0.000 0.000 0.000 0.000 0.000 0.000 0.000 0.000 0.000 0.000 0.000 0.000 0.000 0.000 40.944 44.944 62.942 21.939 1.937 51.935 42.933 45.931 41.928 29.925 48.923 63.921 50.920 9.920 0.000 0.000 17.079 60.079 62.080 55.081 43.080 52.080 103.079 94.078 75.077 76.076 77.074 77.073 77.072 78.071 80.070 51.069 31.068 103.067 79.066 42.065 36.064
31.144 54.804 54.363 53.888 53.401 52.907 52.401 51.895 51.304 51.088 48.559 56.645 55.966 46.611 47.828 46.817 42.304 1.764 0.000 0.000 0.000 0.000 0.000 0.000 0.000 0.000 0.000 0.000 0.000 0.000 0.000 0.000 0.000 0.000 0.000 0.000 41.948 52.947 36.945 0.000 5.938 48.936 45.934 12.931 2.927 33.924 47.921 62.919 59.919 28.919 0.000 0.000 0.000 0.000 29.083 44.083 28.082 89.081 90.080 39.079 45.078 87.076 58.075 30.073 76.072 66.071 46.070 44.069 35.068 103.067 74.066 31.065 32.064
48.965 56.525 55.086 54.635 54.172 54.698 53.226 52.672 52.495 49.991 58.024 57.331 46.990 49.240 48.234 48.611 17.949 0.000 0.000 0.000 0.000 0.000 0.000 0.000 0.000 0.000 0.000 0.000 0.000 0.000 0.000 0.000 0.000 0.000 0.000 8.955 61.952 59.950 63.948 60.945 56.941 56.938 50.935 9.932 2.927 33.922 46.918 64.916 71.917 34.918 0.000 0.000 0.000 0.000 23.086 36.085 56.084 103.083 66.082 26.081 94.079 95.077 44.075 31.073 52.072 108.071 67.070 35.069 35.068 98.067 116.066 103.065 108.064
58.661 56.244 55.823 55.393 54.950 56.511 53.995 53.865 51.399 59.418 58.718 42.301 46.508 50.567 47.035 24.313 0.000 0.000 0.000 0.000 0.000 0.000 0.000 0.000 0.000 0.000 0.000 0.000 0.000 0.000 0.000 0.000 0.000 0.000 0.000 60.958 59.956 60.953 62.950 61.947 59.943 60.940 53.937 8.934 0.000 34.917 46.913 69.911 42.914 0.000 0.000 0.000 0.000 21.091 51.089 30.088 95.087 89.085 33.084 89.083 102.081 51.078 39.075 42.073 37.072 68.071 107.070 64.069 27.068 98.067 101.066 75.065 17.063
49.342 55.965 56.570 56.159 55.749 55.264 55.178 52.752 60.776 60.121 25.535 30.713 33.597 52.268 35.891 0.000 0.000 0.000 0.000 0.000 0.000 0.000 0.000 50.439 39.439 0.000 0.000 0.000 0.000 0.000 0.000 0.000 0.000 0.000 0.000 37.963 31.960 34.957 38.952 33.949 32.945 31.941 33.938 37.934 31.929 24.918 39.907 18.901 0.000 0.000 0.000 0.000 0.000 23.093 46.092 37.090 38.089 38.088 30.086 51.085 52.084 0.000 0.000 13.072 43.071 36.070 58.069 51.069 33.068 66.067 14.067 0.000 12.062
28.060 43.706 56.328 58.947 56.484 56.429 54.010 61.904 61.382 34.701 0.000 44.053 0.000 55.889 24.391 0.000 0.000 0.000 0.000 0.000 0.000 0.000 0.000 57.439 51.439 0.000 0.000 0.000 0.000 0.000 0.000 0.000 0.000 24.000 0.000 38.971 34.966 34.960 34.955 34.950 34.946 34.943 34.939 36.936 14.934 0.000 9.896 40.884 10.874 0.000 0.000 0.000 24.097 55.096 43.094 42.093 34.092 35.090 35.088 33.087 47.086 7.086 0.000 0.000 14.070 39.070 34.069 47.069 46.069 0.000 0.000 0.000 12.061
19.825 27.467 50.109 54.683 57.640 55.179 62.685 62.336 41.589 17.395 0.000 60.706 58.607 45.019 0.000 0.000 0.000 0.000 0.000 0.000 0.000 0.000 60.445 66.441 37.437 0.000 0.000 0.000 0.000 0.000 0.000 0.000 0.000 41.000 38.994 35.983 34.974 31.963 35.956 35.951 35.947 35.943 35.940 38.938 11.936 0.000 0.000 38.867 38.863 8.858 0.000 0.000 9.098 42.098 35.098 34.096 33.095 33.092 33.090 33.088 34.086 43.086 0.000 0.000 0.000 7.069 40.069 43.069 41.069 0.000 0.000 0.000 36.061
23.610 34.241 38.864 36.763 48.318 63.095 62.939 46.578 25.340 18.842 0.000 40.433 53.099 26.559 0.000 0.000 0.000 0.000 48.487 54.484 46.477 44.464 53.450 46.441 36.432 0.000 0.000 0.000 0.000 0.000 0.000 0.000 0.000 39.006 36.000 34.992 8.983 0.000 40.955 34.952 34.948 34.944 34.941 35.939 9.938 0.000 0.000 39.855 38.854 9.853 0.000 0.000 39.100 35.101 35.101 35.100 34.098 34.094 38.092 0.000 5.086 8.086 0.000 0.000 0.000 0.000 40.069 35.069 35.069 36.068 0.000 8.060 38.061
35.356 48.993 24.710 23.582 63.161 63.158 49.576 36.300 32.635 37.474 0.000 7.496 42.798 0.000 0.000 0.000 0.000 44.494 48.490 50.487 48.484 0.000 0.000 0.000 48.419 32.406 0.000 0.000 0.000 0.000 0.000 0.000 7.026 49.017 46.009 21.002 0.000 0.000 53.958 39.954 35.948 34.943 38.940 15.939 0.000 14.833 52.835 33.842 37.845 9.847 0.000 0.000 0.000 40.106 35.106 39.105 6.104 0.000 0.000 0.000 0.000 0.000 0.000 0.000 0.000 0.000 40.069 35.069 35.068 40.068 0.000 0.000 12.060
56.065 44.649 24.711 20.209 63.124 24.621 30.345 32.571 36.245 54.827 64.276 52.257 0.000 0.000 0.000 0.000 42.500 36.497 42.493 57.490 56.488 0.000 0.000 0.000 0.000 49.392 0.000 0.000 0.000 35.072 0.000 0.000 51.035 50.027 56.017 49.004 13.990 67.977 64.965 62.956 60.949 52.942 33.937 20.938 0.000 28.830 81.830 35.834 36.838 10.842 0.000 0.000 0.000 45.111 31.111 36.110 7.109 0.000 0.000 0.000 0.000 0.000 0.000 0.000 0.000 36.068 38.068 40.068 34.068 39.068 0.000 0.000 9.060
64.654 51.750 34.051 62.724 20.648 22.434 21.600 21.240 30.805 58.337 53.742 24.999 0.000 0.000 41.509 7.507 49.504 41.500 52.497 47.492 26.490 0.000 0.000 0.000 0.000 53.379 29.375 0.000 0.000 31.072 39.073 43.066 45.051 47.041 37.028 34.007 41.989 41.977 61.967 44.958 38.948 36.937 16.928 0.000 4.835 23.827 91.823 47.826 13.829 0.000 0.000 0.000 3.117 58.117 31.116 38.114 10.113 0.000 0.000 0.000 0.000 0.000 0.000 0.000 15.068 38.068 53.068 51.068 44.068 3.068 0.000 0.000 10.060
62.713 60.955 62.301 39.584 27.486 23.627 23.261 21.835 28.421 43.969 39.355 0.000 0.000 0.000 44.511 65.509 60.507 61.504 43.500 0.000 0.000 0.000 0.000 0.000 44.366 35.370 27.371 0.000 0.000 0.000 43.079 47.074 47.064 47.055 31.049 0.000 37.982 38.975 62.968 48.960 42.949 28.932 35.909 50.877 70.844 59.820 83.807 48.819 12.824 0.000 0.000 0.000 0.000 56.124 32.122 33.118 38.116 0.000 0.000 0.000 0.000 0.000 0.000 0.000 0.000 8.068 57.068 54.068 7.068 0.000 0.000 0.000 6.060
60.795 62.244 61.446 60.456 42.600 22.246 22.829 23.443 22.073 24.763 0.000 0.000 0.000 0.000 60.514 50.513 48.511 44.507 0.000 0.000 0.000 0.000 0.000 45.361 36.362 32.364 15.367 0.000 0.000 0.000 43.091 51.085 60.077 59.068 61.062 49.063 0.000 6.973 65.971 49.965 23.957 0.000 38.900 48.877 75.844 37.802 21.765 0.000 0.000 0.000 0.000 0.000 9.141 47.134 34.128 35.122 38.117 11.113 0.000 0.000 0.000 0.000 0.000 0.000 0.000 0.000 14.068 15.068 0.000 0.000 0.000 0.000 7.060
62.251 61.227 63.338 63.500 47.169 23.767 26.393 26.029 23.667 24.246 0.000 40.521 0.000 6.519 54.518 54.517 61.517 0.000 0.000 19.431 7.431 0.000 0.000 40.361 34.358 28.356 0.000 0.000 0.000 0.000 41.110 42.100 44.089 43.078 41.069 33.064 0.000 0.000 67.979 53.970 38.958 1.940 37.914 48.888 72.851 28.780 24.686 7.621 0.000 0.000 0.000 0.000 9.148 54.142 33.134 35.125 35.116 36.110 40.104 12.102 0.000 0.000 0.000 0.000 0.000 0.000 0.000 0.000 0.000 0.000 0.000 0.000 0.000
61.940 64.138 63.328 64.026 37.644 28.287 47.943 41.614 23.321 1.009 0.000 37.521 52.521 57.521 43.521 64.522 56.522 0.000 0.000 33.432 64.431 16.426 0.000 41.362 35.354 32.346 0.000 0.000 49.190 45.170 41.137 43.117 48.100 48.086 46.072 57.059 49.040 9.019 67.995 59.979 59.964 51.947 32.928 50.910 58.894 0.000 27.579 10.555 0.000 0.000 0.000 0.000 19.162 58.152 30.142 32.127 33.113 34.105 39.101 11.100 0.000 0.000 0.000 0.000 0.000 0.000 0.000 0.000 0.000 0.000 0.000 0.000 0.000
