results1/res_4e8f-0100.wd
ncols         241
nrows         181
xllcorner     12693529.787448
yllcorner     3542525.717860
cellsize      155.156523
NODATA_value  -9999.000000
[rows 132 to 164 of 181, columns 0 to 72 of 241]
93.789 98.789 102.788 102.788 104.786 104.785 98.783 89.781 75.779 64.776 63.773 64.769 63.765 62.760 67.755 81.749 92.742 97.734 97.725 94.714 86.701 77.686 68.667 62.643 67.612 69.576 68.535 69.489 67.449 62.413 76.379 99.345 66.318 0.000 0.000 0.000 5.948 57.940 69.933 66.907 68.885 74.869 92.862 78.859 62.860 61.862 61.866 73.871 94.877 35.883 8.889 3.905 0.000 0.000 0.000 0.000 0.000 0.000 0.000 0.000 0.000 0.000 0.000 0.000 25.662 5.583 9.504 50.402 73.255 77.153 77.043 87.127 114.590
71.794 73.794 76.793 82.792 92.791 98.790 103.788 103.786 96.783 82.780 71.777 65.773 69.769 76.764 89.759 104.752 103.745 100.737 100.728 103.717 103.704 99.688 87.670 75.648 67.622 62.591 63.558 62.523 63.491 71.462 93.435 101.414 13.400 0.000 0.000 0.000 15.956 43.964 61.996 70.989 71.970 68.948 69.943 79.940 74.936 67.932 71.928 79.924 92.921 33.918 19.912 25.920 5.929 0.000 0.000 0.000 0.000 0.000 0.000 0.000 0.000 0.000 0.000 0.000 7.741 0.000 57.528 79.447 75.325 84.295 75.356 114.716 103.473
63.799 63.798 63.798 65.797 70.796 74.794 81.793 90.790 98.788 101.785 95.782 93.778 95.773 98.768 97.763 90.757 81.750 79.741 79.732 84.721 90.709 97.694 100.677 99.658 88.635 78.610 73.583 71.556 80.530 96.507 97.488 83.474 16.468 0.000 0.000 0.000 0.000 0.000 45.097 72.083 51.058 39.010 54.023 69.021 84.013 88.003 89.990 90.976 86.965 13.956 0.935 28.936 25.938 13.941 19.942 13.942 0.000 0.000 0.000 0.000 0.000 0.000 41.967 11.914 77.820 99.752 132.603 88.574 83.623 64.578 100.641 105.152 105.057
64.804 64.804 64.803 64.802 63.801 62.800 64.798 69.796 75.793 85.790 95.787 97.783 90.778 80.773 74.768 66.762 62.755 62.747 62.738 64.728 69.716 75.703 82.687 94.670 99.651 101.630 100.608 96.587 99.566 92.549 74.535 66.528 45.530 3.554 0.000 0.000 0.000 0.000 38.211 71.188 14.170 0.000 47.119 72.109 91.094 99.075 85.052 88.027 74.006 31.992 0.000 55.949 24.947 16.943 27.942 27.942 0.000 0.000 0.000 0.000 0.000 29.075 48.020 120.958 149.878 132.757 116.308 115.251 106.920 105.558 105.431 105.297 70.520
64.809 64.809 64.809 64.808 64.807 64.805 64.803 63.801 63.799 66.796 72.792 71.789 67.784 63.779 63.774 63.768 64.761 64.754 64.745 64.736 63.725 62.713 64.699 70.684 77.668 86.651 94.633 90.616 79.600 67.587 63.576 68.571 76.571 52.577 30.580 30.563 16.525 17.460 53.349 74.288 24.264 6.272 66.225 98.200 100.178 79.151 82.118 81.073 69.039 58.015 8.990 36.965 10.956 0.000 11.942 0.000 1.600 0.000 0.000 0.000 0.000 10.133 73.077 78.994 74.978 76.135 74.107 105.896 105.790 105.678 72.873 75.650 77.519
64.815 64.815 64.814 64.814 64.813 64.811 64.809 64.807 64.805 64.802 63.799 63.795 63.790 64.785 64.780 64.774 64.768 64.762 64.754 64.745 64.735 64.725 64.713 63.700 62.686 63.672 67.658 65.644 64.632 68.621 71.613 70.608 68.606 70.605 70.599 67.583 67.553 71.506 46.438 32.350 21.326 39.326 84.309 98.289 78.265 71.236 70.193 50.110 46.062 9.039 0.000 0.000 0.000 1.892 0.000 0.000 5.600 20.573 35.525 5.456 19.370 82.218 89.202 87.271 85.254 86.333 106.095 105.998 87.125 93.914 86.767 92.538 84.378
64.821 64.821 64.820 64.820 64.819 64.817 64.816 64.814 64.812 64.809 64.806 64.802 64.797 64.792 64.787 64.782 64.776 64.770 64.763 63.756 70.747 72.738 64.727 63.716 62.705 63.693 65.682 68.671 71.662 70.653 65.647 66.643 73.640 76.636 72.630 66.618 63.598 72.572 3.546 0.000 6.362 79.398 88.397 75.382 67.359 87.333 33.310 0.000 0.000 0.000 0.892 0.892 0.892 1.892 0.000 0.000 30.626 72.595 101.546 62.479 95.360 103.514 100.473 99.562 106.368 106.281 106.190 99.212 101.089 100.786 99.646 98.576 16.491
64.827 64.827 64.827 64.826 64.825 64.824 64.823 64.821 64.819 64.816 67.813 67.809 65.804 69.798 67.793 64.789 64.785 64.780 63.774 61.767 72.759 80.751 66.742 63.733 65.724 68.714 70.705 69.697 66.690 68.684 73.679 75.676 76.673 76.671 71.666 65.659 74.649 93.638 12.629 0.000 0.000 53.508 76.500 73.483 77.456 97.425 31.405 0.000 0.891 0.892 0.892 0.892 0.892 2.892 0.000 28.739 80.687 96.633 99.561 104.557 101.719 98.708 106.606 106.531 106.452 98.527 99.312 100.184 99.863 99.835 92.765 69.671 0.000
64.834 64.834 64.833 64.833 64.832 64.831 64.830 64.828 64.826 65.824 72.821 72.818 49.812 17.803 38.799 68.797 62.794 65.790 71.785 74.779 74.773 70.766 66.758 67.750 70.743 69.735 68.728 70.722 74.717 74.713 76.710 75.708 66.708 61.707 63.706 76.704 95.702 105.701 27.702 0.000 0.000 28.624 84.612 86.592 93.558 92.508 28.479 0.000 0.891 0.000 0.000 0.893 0.000 6.892 32.859 76.800 98.716 101.729 100.816 100.816 99.907 106.750 106.679 98.736 99.536 100.397 100.183 100.037 99.994 91.926 83.884 0.000 0.000
64.841 64.841 64.840 64.840 64.839 64.838 64.837 64.836 64.835 66.833 75.830 86.828 62.825 0.000 5.803 53.806 79.805 71.802 69.797 69.792 67.786 66.780 68.774 70.768 68.761 64.755 66.750 78.746 80.743 70.741 64.740 61.740 61.742 66.744 80.746 96.749 93.754 77.762 49.777 17.812 11.808 55.753 84.733 66.715 57.676 49.570 14.524 0.000 0.000 19.895 10.895 0.895 0.000 25.925 76.892 98.803 100.995 99.985 100.092 106.949 106.885 106.819 98.800 100.683 100.395 100.269 100.213 100.140 94.063 80.999 70.962 0.000 0.000
64.848 64.848 64.847 64.847 64.846 64.846 64.845 64.844 64.843 66.842 76.840 63.838 19.835 1.842 0.000 21.820 75.818 67.814 69.810 68.805 66.800 69.795 70.790 67.785 64.780 60.775 70.771 84.769 71.767 61.767 62.768 67.771 77.775 88.780 99.786 92.793 70.803 65.815 84.832 91.852 92.858 96.849 71.851 32.857 4.863 0.000 0.000 0.000 0.000 32.895 19.895 0.064 31.037 76.968 98.983 101.168 100.183 107.125 107.069 107.011 99.071 99.869 100.757 100.455 100.440 100.379 100.304 101.211 89.131 60.044 49.003 7.003 1.003
63.855 63.855 64.854 64.854 64.854 64.854 64.853 64.853 64.852 67.851 77.850 48.849 0.000 7.849 45.846 47.837 64.831 66.827 54.823 36.819 74.815 69.810 65.806 64.802 62.798 64.794 80.791 83.790 65.790 68.792 80.796 89.801 98.807 96.815 84.824 70.835 63.848 79.865 83.884 71.905 52.922 50.935 38.964 19.001 8.056 2.209 0.419 20.491 15.492 0.000 0.000 25.121 77.138 100.236 101.252 99.360 107.231 107.179 99.238 100.048 100.925 100.731 100.609 100.584 100.531 100.479 103.409 67.274 47.202 0.000 0.000 0.000 0.000
72.863 70.862 67.861 65.861 62.861 62.861 62.861 62.861 61.861 66.860 78.860 61.860 42.862 50.858 68.854 64.849 61.844 67.840 62.837 49.833 69.829 63.826 62.822 62.818 64.815 78.812 86.810 52.810 44.812 94.816 99.822 94.829 83.838 73.848 65.860 61.874 72.891 84.911 52.935 27.961 10.992 2.029 19.069 18.126 8.204 9.320 12.438 40.495 24.493 0.000 0.000 57.372 99.399 98.517 107.380 107.332 107.283 99.277 101.169 100.893 100.785 100.754 102.710 97.658 99.628 100.600 111.578 0.000 0.000 0.000 0.000 0.000 0.000
73.871 75.870 81.868 82.867 82.869 79.870 80.870 79.870 78.870 78.869 80.869 63.869 67.868 66.866 63.863 66.860 66.856 65.853 70.850 72.847 66.844 60.841 62.838 64.835 78.832 83.829 72.827 66.828 75.831 98.837 81.847 72.857 64.868 62.880 64.894 63.911 77.931 86.954 50.982 27.015 15.054 17.104 20.159 12.229 13.313 19.411 21.502 14.557 0.000 0.000 35.607 77.616 107.510 107.468 107.426 99.514 100.319 101.216 100.924 100.919 101.876 101.830 74.785 52.722 87.721 101.715 106.724 46.783 0.000 0.000 0.000 0.000 0.000
66.880 60.879 13.873 15.872 24.877 71.878 68.879 68.879 68.879 72.878 81.878 62.878 63.877 62.875 65.873 69.871 70.868 68.866 67.863 70.861 71.859 68.856 62.854 79.852 85.849 76.846 82.843 99.843 96.846 78.856 66.870 62.884 64.896 64.910 63.926 68.945 84.967 86.993 79.024 82.061 53.107 15.164 7.234 6.317 18.410 25.508 15.601 12.677 4.703 30.819 78.794 107.586 107.549 99.659 100.468 101.353 101.165 101.050 101.034 101.987 99.945 93.904 18.882 0.000 69.818 104.815 101.821 100.841 0.000 0.000 0.000 0.000 0.000
64.891 56.891 0.000 0.000 6.887 67.888 63.888 63.888 63.888 67.888 81.887 59.887 63.886 67.885 69.883 70.882 67.880 64.878 62.877 64.875 74.873 87.872 82.870 83.869 60.866 54.862 106.856 92.853 59.857 19.869 39.896 67.911 64.924 64.938 66.955 59.974 44.000 34.028 46.060 86.099 62.147 15.212 10.295 5.397 14.500 19.609 13.722 18.818 18.905 56.973 107.641 98.851 102.589 101.492 101.305 101.195 101.171 101.134 102.092 102.055 67.015 42.959 28.957 31.964 82.920 103.904 99.905 90.920 8.955 0.000 0.000 0.000 0.000
64.902 64.904 47.909 0.000 7.898 68.898 64.898 64.898 63.897 64.897 79.897 66.896 69.896 71.895 70.894 65.893 62.892 63.891 63.890 62.889 72.888 95.888 91.887 78.886 71.885 62.880 38.865 27.858 14.858 0.000 20.932 69.940 64.951 66.964 49.980 23.999 9.029 6.058 48.090 65.127 34.172 6.240 9.337 14.476 21.586 17.708 11.857 5.010 8.345 56.224 107.711 101.740 101.500 101.321 101.306 101.270 101.229 101.191 99.155 90.124 23.100 0.000 40.025 99.014 103.992 101.978 95.974 85.980 3.990 0.000 0.000 0.000 0.000
61.912 63.913 60.915 0.000 3.908 68.908 63.907 61.907 63.907 67.907 71.906 70.906 70.906 68.905 62.905 63.904 63.904 64.903 64.903 69.903 87.903 86.903 79.904 88.905 86.907 57.908 0.000 0.000 0.000 0.000 18.960 69.965 64.975 67.988 39.003 1.030 35.060 61.085 81.115 50.147 2.174 0.000 0.000 3.583 13.659 13.782 13.958 8.317 5.402 107.908 107.812 100.648 101.493 101.393 101.359 101.320 101.283 103.247 88.214 71.185 31.162 7.152 55.103 85.076 94.056 103.042 92.035 81.034 3.036 0.000 0.000 0.000 0.000
68.920 66.921 55.922 0.000 54.918 62.918 64.917 68.917 69.917 70.916 68.916 69.916 67.916 63.916 63.916 64.916 64.916 63.916 65.916 88.916 87.917 69.918 82.920 80.924 84.928 82.938 45.960 1.973 10.982 40.986 45.982 65.987 64.997 65.011 60.029 52.056 69.079 68.106 62.138 84.173 32.204 0.000 0.000 7.614 12.685 10.797 11.940 36.150 60.588 107.997 102.980 102.724 102.463 101.450 101.409 101.372 102.336 100.301 55.268 32.239 44.213 45.190 99.158 101.133 81.113 91.098 86.089 59.085 24.083 0.000 0.000 0.000 0.000
69.928 70.929 67.930 55.932 69.929 69.928 69.927 70.927 70.926 71.926 83.926 65.925 63.926 63.926 64.927 64.927 64.927 65.928 79.929 90.930 65.931 69.933 96.936 88.940 76.946 79.955 82.968 66.979 71.987 86.993 79.997 68.004 61.014 61.029 72.047 88.070 75.095 47.124 19.158 74.202 63.264 12.368 15.468 20.575 16.670 7.783 9.872 51.170 103.421 108.079 99.960 102.609 103.537 101.498 101.460 101.423 94.387 84.352 41.320 12.290 21.262 22.235 83.208 125.185 106.165 82.149 74.139 53.133 62.130 15.130 0.000 1.304 5.304
74.936 74.937 70.937 70.938 70.937 71.937 71.937 67.936 64.936 63.936 26.936 16.934 67.936 64.937 64.938 64.938 63.939 66.940 90.941 76.942 61.944 67.947 84.950 101.955 96.961 93.968 91.978 87.987 83.994 83.001 91.008 88.017 82.028 78.042 81.060 85.082 47.106 11.135 10.169 26.212 22.282 7.372 16.462 26.547 22.639 13.759 6.919 50.165 108.230 108.156 102.855 104.696 101.583 101.550 102.510 98.473 82.437 75.402 81.369 87.338 71.309 93.281 108.255 125.232 134.212 118.196 80.184 85.177 60.173 0.000 0.000 0.000 0.000
13.942 14.944 74.944 69.946 69.946 64.946 61.946 63.946 58.946 11.946 11.947 0.947 68.948 64.948 64.949 64.949 64.950 82.952 89.953 62.955 64.957 64.960 67.964 73.968 75.974 75.980 71.988 74.996 91.003 84.010 75.018 78.027 85.039 89.053 92.070 89.090 64.114 29.142 12.171 11.194 0.000 0.400 11.462 20.512 4.575 0.000 20.098 80.337 108.301 100.204 103.924 103.660 101.642 101.598 102.560 97.522 84.485 50.450 57.416 100.384 111.354 143.326 134.300 106.276 94.255 111.238 90.226 84.217 59.213 0.000 0.000 0.000 0.000
0.955 9.954 23.951 78.954 63.955 61.955 63.955 63.956 64.956 11.957 2.958 57.960 65.959 64.959 64.960 64.961 66.962 90.963 75.965 61.967 64.969 64.972 64.976 63.981 63.986 63.992 62.998 70.005 99.012 78.019 9.026 17.035 29.047 80.061 90.076 74.095 79.119 66.147 18.177 15.201 0.297 5.374 18.416 10.464 0.000 0.000 38.248 108.439 108.371 103.087 104.823 100.729 101.688 101.647 101.607 101.569 88.532 51.496 66.462 103.429 99.398 133.369 128.342 97.317 102.295 88.276 69.262 87.253 65.250 0.000 0.000 0.000 0.000
62.968 58.966 0.000 70.964 80.964 81.964 62.965 74.965 81.966 57.966 55.967 65.969 64.969 64.970 64.970 64.971 83.973 87.974 62.976 64.978 63.981 62.984 64.988 64.992 64.997 65.002 64.008 72.014 101.020 82.027 28.033 1.044 52.056 77.066 90.079 69.095 59.117 18.152 11.191 14.227 12.280 20.334 24.363 0.000 0.000 17.186 79.422 108.506 100.349 104.065 103.805 101.781 101.736 101.694 101.654 102.615 93.577 82.541 105.506 130.472 118.440 135.410 132.381 126.354 133.331 99.310 76.294 86.284 94.282 23.292 0.000 0.000 0.000
64.976 63.976 58.978 64.975 63.974 11.974 85.974 77.974 64.975 65.976 65.977 64.978 64.979 64.980 64.981 67.982 90.984 73.985 63.987 64.989 70.992 78.996 64.999 63.003 65.008 64.012 67.018 91.023 99.029 74.035 62.042 50.051 72.059 71.068 32.078 17.090 14.104 0.000 3.208 3.238 4.278 5.317 7.340 0.000 20.293 77.416 99.560 108.570 101.311 101.950 101.870 101.825 101.781 101.739 101.699 102.659 93.621 76.584 72.549 105.514 95.481 109.449 112.418 100.389 102.363 74.339 51.321 65.308 132.302 85.302 20.305 10.306 32.306
64.983 64.983 64.984 64.983 64.982 58.982 74.983 90.983 66.984 63.985 64.986 64.987 64.989 64.990 63.991 86.993 88.994 62.996 64.998 66.000 63.003 25.007 84.010 79.014 66.018 64.022 82.027 101.032 85.037 65.042 65.048 66.055 69.062 73.068 10.077 11.084 0.000 0.185 15.194 0.000 0.000 0.000 0.000 0.000 43.436 100.572 108.692 108.632 101.198 102.027 101.909 101.870 101.826 101.783 101.743 100.703 85.664 87.627 107.590 126.555 125.520 130.486 135.454 122.422 120.392 107.364 56.341 54.325 130.315 94.311 32.307 25.306 90.306
64.990 64.990 64.990 64.990 64.991 64.991 64.992 75.992 90.993 66.994 63.996 64.997 64.998 63.000 71.001 92.003 72.005 64.006 66.008 64.010 6.014 3.017 72.021 73.024 79.028 78.032 86.036 85.040 66.045 64.050 66.054 69.059 74.064 74.067 0.000 0.000 0.000 2.177 26.180 13.176 14.175 13.174 0.000 4.701 51.764 105.806 108.751 100.544 102.250 101.982 101.960 101.912 101.869 101.826 101.785 101.745 87.706 83.668 104.631 105.594 105.558 108.523 108.489 107.454 112.419 85.383 61.355 76.335 91.323 30.317 0.000 0.000 34.306
64.998 66.998 66.997 64.998 64.999 65.000 65.000 65.001 76.002 91.004 67.005 62.007 62.008 79.010 91.012 85.014 62.015 65.017 61.018 7.017 4.024 58.028 65.032 65.035 71.038 88.041 88.045 81.049 74.053 66.056 53.060 23.064 88.067 68.070 0.000 0.000 0.000 1.172 15.174 8.174 22.174 11.174 0.000 4.932 24.984 108.867 108.809 101.412 102.140 102.043 101.999 101.954 101.910 101.868 101.827 102.786 97.747 87.708 82.670 81.633 81.596 81.559 81.523 85.486 59.446 3.396 29.359 85.338 81.326 42.318 4.315 0.000 33.306
66.006 3.005 4.003 65.006 64.007 63.008 63.009 62.010 62.011 75.013 90.014 83.016 90.018 92.020 79.022 63.024 70.026 70.028 58.030 0.000 6.038 69.040 65.043 67.045 91.048 98.051 76.054 67.057 74.060 81.063 69.067 5.070 48.072 66.074 0.000 0.000 0.000 2.164 8.168 5.171 19.173 0.000 0.000 5.140 10.499 108.923 106.670 102.374 102.113 102.087 102.039 101.994 101.951 101.908 101.867 101.827 102.788 101.748 99.710 98.671 98.633 99.596 101.559 75.522 17.484 0.000 14.346 70.333 101.323 92.316 65.311 41.307 58.306
65.014 64.014 0.000 64.015 75.016 79.017 83.017 88.018 91.020 92.021 92.023 92.025 78.028 65.030 81.032 98.035 99.037 99.040 92.044 70.051 5.050 66.051 64.053 73.055 101.058 88.060 65.063 64.065 66.068 69.070 60.073 5.076 25.078 25.080 0.000 0.000 0.000 8.156 3.162 0.000 2.172 0.000 13.078 14.449 5.691 108.976 110.618 106.251 102.169 102.123 102.077 102.033 101.990 101.948 101.907 101.867 101.827 101.788 101.749 101.709 102.669 105.631 77.594 10.558 0.000 0.000 0.000 15.325 71.317 102.311 93.307 69.304 46.305
65.022 67.023 63.027 65.025 80.024 79.025 75.026 71.027 70.028 66.030 87.032 77.035 88.037 79.040 95.042 91.045 84.048 85.051 96.054 102.058 91.060 92.062 84.064 92.066 100.067 73.069 64.071 65.073 65.075 64.077 64.079 66.082 61.084 10.088 70.095 61.100 0.122 2.143 0.000 0.000 0.000 3.849 81.954 79.174 109.072 109.025 104.496 105.320 102.200 102.160 102.114 102.070 102.028 101.986 101.946 101.906 101.867 101.828 101.789 103.747 108.703 77.665 17.630 0.000 0.000 0.000 0.000 0.000 12.311 63.304 98.300 48.298 0.000
67.030 3.030 62.032 65.032 65.032 65.033 64.034 65.035 67.036 65.039 77.041 72.044 81.047 92.049 80.052 65.055 66.058 67.061 68.065 73.068 86.070 96.072 102.074 100.076 89.077 65.079 65.080 65.081 65.083 65.084 66.086 89.087 62.089 2.092 66.097 16.105 10.118 3.130 0.000 0.000 0.000 13.773 101.983 104.180 109.116 102.835 102.533 102.266 102.242 102.194 102.150 102.106 102.065 102.024 101.984 101.945 101.907 101.869 103.830 88.789 42.730 9.698 0.000 0.000 0.000 0.000 0.000 0.000 0.000 34.293 96.292 48.291 0.000
68.038 1.039 62.039 65.040 65.040 65.041 65.042 66.042 4.042 64.047 68.051 79.053 79.056 87.059 92.062 78.065 63.068 63.072 63.075 65.078 67.081 68.083 69.085 69.086 68.087 67.088 63.089 63.090 64.091 65.091 76.092 90.093 61.094 55.095 57.097 0.000 0.000 3.130 0.000 0.000 0.000 17.800 100.909 109.200 109.158 101.690 102.415 102.318 102.273 102.227 102.184 102.142 102.101 102.061 102.022 101.983 101.946 101.909 106.875 62.848 0.000 0.000 0.000 0.000 0.000 0.000 0.000 0.000 0.000 37.284 97.283 56.282 0.000
