results1/res_4e8f-0065.wd
ncols         241
nrows         181
xllcorner     12693529.787448
yllcorner     3542525.717860
cellsize      155.156523
NODATA_value  -9999.000000
[rows 33 to 65 of 181, columns 148 to 221 of 241]
58.562 59.241 25.947 37.665 59.402 53.143 31.801 0.000 0.000 10.798 0.000 0.000 7.816 32.832 19.834 0.000 0.000 0.000 24.416 32.387 0.000 17.022 8.971 9.894 13.763 22.632 40.492 31.391 26.298 21.223 22.160 22.105 21.056 20.009 18.961 26.899 36.851 28.821 28.798 26.779 5.768 19.764 27.771 0.000 0.000 0.000 0.000 0.000 0.000 0.000 0.000 0.000 0.000 0.000 0.000 0.000 0.000 0.000 0.000 0.000 0.000 0.000 0.000 0.000 0.000 0.000 0.000 0.000 0.000 0.000 0.000 0.000 0.000 0.000
58.889 59.600 37.321 55.062 57.838 51.679 0.000 0.000 0.000 12.798 0.000 0.000 0.000 16.873 16.864 24.852 0.000 37.521 25.445 12.359 21.232 12.090 9.986 9.883 8.764 10.642 38.520 36.413 36.318 38.235 31.163 33.099 32.043 31.990 31.938 32.887 36.842 34.808 35.782 30.761 7.747 6.741 0.000 0.000 0.000 0.000 0.000 0.000 0.000 0.000 0.000 0.000 0.000 0.000 0.000 0.000 0.000 0.000 0.000 0.000 0.000 0.000 0.000 0.000 0.000 0.000 0.000 0.000 0.000 0.000 0.000 0.000 0.000 0.000
59.225 58.943 58.674 59.425 51.208 38.057 0.000 0.000 0.000 0.000 0.000 0.000 0.000 13.924 10.896 23.841 28.736 20.597 29.484 27.372 8.248 9.120 10.002 9.887 21.769 25.650 29.534 22.425 19.324 29.235 3.157 10.088 5.026 4.969 4.916 7.867 33.824 22.788 20.759 22.737 7.721 9.710 0.000 0.000 0.000 0.000 0.000 0.000 0.000 0.000 0.000 0.000 0.000 0.000 0.000 0.000 0.000 0.000 0.000 0.000 0.000 0.000 0.000 0.000 0.000 0.000 0.000 0.000 0.000 0.000 0.000 0.000 0.000 0.000
59.551 59.274 60.008 54.757 36.511 27.284 36.284 0.000 0.000 0.000 0.000 0.000 0.000 11.002 9.957 12.879 8.772 19.646 22.522 25.397 14.268 9.139 9.015 8.894 33.774 39.657 21.541 15.427 15.320 16.226 13.143 13.070 13.004 13.945 16.890 13.841 34.798 26.761 24.731 24.707 6.687 20.671 46.648 0.000 0.000 0.000 0.000 0.000 0.000 0.000 0.000 0.000 0.000 0.000 0.000 0.000 0.000 0.000 0.000 0.000 0.000 0.000 0.000 0.000 0.000 0.000 0.000 0.000 0.000 0.000 0.000 0.000 0.000 0.000
59.870 59.594 56.328 42.082 30.797 0.000 0.000 0.000 0.000 15.982 0.000 0.000 0.000 10.126 11.049 10.946 9.826 9.695 15.561 8.425 8.289 10.155 9.024 7.899 31.778 28.661 36.545 40.423 39.304 34.204 30.119 32.044 27.976 31.915 31.860 32.810 36.766 34.728 35.697 31.672 6.652 18.637 40.625 0.000 0.000 0.000 0.000 0.000 0.000 0.000 0.000 0.000 0.000 0.000 0.000 0.000 0.000 0.000 0.000 0.000 0.000 0.000 0.000 0.000 0.000 0.000 0.000 0.000 0.000 0.000 0.000 0.000 0.000 0.000
60.181 59.904 49.626 31.449 0.000 0.000 0.000 0.000 14.034 16.982 29.886 29.748 17.566 10.326 10.170 11.031 10.891 9.747 8.601 9.454 9.308 9.166 8.029 16.900 35.779 14.666 28.555 5.416 38.270 28.168 27.084 27.010 23.943 28.880 29.823 29.772 36.727 34.689 31.657 31.631 6.612 20.599 39.592 0.000 0.000 0.000 0.000 0.000 0.000 0.000 0.000 0.000 0.000 0.000 0.000 0.000 0.000 0.000 0.000 0.000 0.000 0.000 0.000 0.000 0.000 0.000 0.000 0.000 0.000 0.000 0.000 0.000 0.000 0.000
61.488 54.213 41.825 31.637 0.000 0.000 0.000 0.000 11.085 28.028 21.927 10.791 12.626 12.440 10.274 9.116 10.961 9.803 10.642 10.482 10.324 9.172 9.027 28.893 28.771 28.667 28.595 0.000 10.191 8.113 9.041 8.971 9.903 13.840 16.782 14.729 34.683 28.643 22.610 24.585 7.566 19.555 38.551 0.000 0.000 0.000 0.000 0.000 0.000 0.000 0.000 0.000 0.000 0.000 0.000 0.000 0.000 0.000 0.000 0.000 0.000 0.000 0.000 0.000 0.000 0.000 0.000 0.000 0.000 0.000 0.000 0.000 0.000 0.000
60.796 46.635 0.000 0.000 0.000 0.000 0.000 0.000 27.194 22.117 12.004 12.865 12.707 12.537 12.368 10.201 9.032 8.860 10.684 9.508 9.335 8.170 10.015 24.873 15.746 24.638 25.562 0.000 0.000 24.052 22.996 22.929 22.860 24.795 24.735 25.680 37.632 33.590 28.556 30.531 6.514 15.506 43.505 0.000 0.000 0.000 0.000 0.000 0.000 0.000 0.000 0.000 0.000 0.000 0.000 0.000 0.000 0.000 0.000 0.000 0.000 0.000 0.000 0.000 0.000 0.000 0.000 0.000 0.000 0.000 0.000 0.000 0.000 0.000
54.021 36.896 0.000 0.000 0.000 0.000 0.000 34.545 28.379 12.244 13.107 12.958 12.799 12.632 12.461 12.287 9.108 9.921 9.726 9.530 10.339 9.157 8.990 11.839 16.703 28.577 15.452 27.284 32.152 25.047 33.964 23.887 24.814 27.746 26.682 25.625 35.574 31.530 19.494 18.468 7.453 14.450 43.458 0.000 0.000 0.000 0.000 0.000 0.000 0.000 0.000 0.000 0.000 0.000 0.000 0.000 0.000 0.000 0.000 0.000 0.000 0.000 0.000 0.000 0.000 0.000 0.000 0.000 0.000 0.000 0.000 0.000 0.000 0.000
40.134 30.032 0.000 0.000 0.000 13.040 26.922 27.711 21.533 16.375 13.220 13.062 12.899 12.730 11.558 14.379 19.191 14.989 9.770 10.549 9.333 9.129 8.949 8.791 15.649 16.516 14.386 21.249 20.126 15.019 26.926 6.842 14.764 21.691 20.624 14.563 33.508 26.462 6.423 5.395 8.380 10.383 14.420 0.000 0.000 0.000 0.000 0.000 0.000 0.000 0.000 0.000 0.000 0.000 0.000 0.000 0.000 0.000 0.000 0.000 0.000 0.000 0.000 0.000 0.000 0.000 0.000 0.000 0.000 0.000 0.000 0.000 0.000 0.000
19.100 37.066 0.000 0.000 15.284 25.159 39.016 22.842 21.669 21.502 14.337 13.171 13.004 12.833 19.660 27.481 28.290 20.073 14.817 9.563 8.315 9.077 12.886 9.727 8.585 7.453 13.325 14.200 13.083 13.976 15.879 8.790 14.708 19.631 21.560 17.495 33.436 27.385 9.342 8.309 8.288 4.280 0.000 0.000 0.000 0.000 0.000 0.000 0.000 0.000 0.000 0.000 0.000 0.000 0.000 0.000 0.000 6.455 15.454 14.451 16.445 15.440 9.437 3.435 0.000 0.000 0.000 0.000 0.000 0.000 0.000 0.000 0.000 0.000
0.000 0.000 0.000 0.000 18.409 38.294 30.143 32.973 29.799 19.626 12.455 13.283 13.111 23.940 28.768 24.595 19.413 16.198 18.862 13.571 13.288 8.977 13.793 7.646 8.512 9.385 8.263 8.144 8.030 7.924 6.825 7.733 7.646 11.565 17.490 16.420 34.356 28.300 7.251 8.212 8.185 7.170 0.000 0.000 0.000 0.000 0.000 0.000 0.000 0.000 0.000 4.442 6.443 12.445 15.448 15.451 14.454 10.456 1.460 0.201 1.444 4.439 6.436 7.434 5.431 9.429 1.427 0.000 0.000 0.000 0.000 0.000 0.000 0.000
0.000 0.000 0.000 19.875 35.650 28.466 20.288 28.108 31.928 32.750 22.572 11.395 21.219 30.047 19.879 11.718 11.568 13.446 0.000 0.000 0.000 5.751 9.662 11.550 11.433 8.314 8.197 9.082 7.971 7.865 7.765 8.670 7.580 7.495 7.414 10.339 27.270 26.206 8.151 8.103 8.067 9.046 10.046 0.000 0.000 0.000 0.000 0.000 0.000 0.000 0.000 0.000 0.000 12.446 0.053 0.046 0.069 0.050 0.067 0.121 0.000 0.000 0.000 0.034 0.001 0.002 0.003 5.155 0.000 0.000 0.000 0.000 0.000 0.000
0.000 0.000 19.382 29.101 35.850 19.633 22.434 20.243 18.057 25.873 30.689 25.506 29.325 18.148 11.982 12.832 12.696 20.571 0.000 0.000 0.000 2.615 11.554 22.461 23.355 18.242 14.128 16.016 11.906 10.801 8.699 7.602 7.508 8.419 7.334 7.253 10.177 19.106 7.041 6.984 7.936 6.901 0.000 0.000 0.000 0.000 0.000 0.000 0.000 0.000 0.000 0.000 8.225 0.035 0.035 0.052 0.000 0.000 0.000 0.248 0.567 0.644 0.077 0.049 0.000 0.005 0.002 0.033 3.863 0.000 0.000 0.000 0.000 0.000
22.941 24.247 22.664 37.296 22.016 15.781 17.571 16.374 13.184 11.995 26.806 33.616 36.425 24.240 14.071 10.930 18.813 0.000 0.000 0.000 0.000 5.540 15.478 22.387 23.282 23.171 25.058 32.947 30.838 26.732 24.629 20.530 14.433 9.340 7.249 8.162 7.079 12.000 4.925 5.855 6.790 8.722 29.621 0.000 0.000 0.000 0.000 0.000 0.000 0.000 0.000 0.000 0.076 0.015 0.000 0.119 0.248 0.297 0.330 0.359 0.172 0.216 0.000 0.215 0.163 0.037 0.038 0.039 0.000 0.000 0.000 0.000 0.000 0.000
22.601 15.138 33.729 33.405 28.137 18.906 12.696 13.499 14.308 25.118 27.926 19.726 22.520 31.315 32.131 22.006 0.000 0.000 0.000 0.000 10.607 16.526 20.431 19.327 20.216 20.102 17.988 24.876 25.767 25.661 26.556 23.455 22.355 23.257 14.162 9.068 9.977 6.889 7.804 6.723 5.647 7.576 22.519 0.000 0.000 0.000 0.000 0.000 0.000 0.000 0.000 0.000 0.026 0.032 1.187 0.111 0.039 0.011 0.000 0.000 0.475 0.467 0.000 0.321 0.000 0.000 0.000 0.000 0.000 0.000 6.692 0.000 0.000 0.000
16.185 25.974 35.711 26.456 26.223 28.009 25.809 16.618 22.431 31.245 20.051 12.844 11.615 17.368 27.134 33.956 0.000 0.000 14.122 13.924 8.688 17.527 22.395 23.273 19.153 19.032 10.915 7.803 7.693 7.587 6.482 4.378 11.275 25.173 24.072 22.971 17.872 8.775 6.679 7.586 6.497 6.417 7.361 0.000 0.000 0.000 0.000 0.000 0.000 0.000 0.000 0.000 0.000 0.000 0.000 0.160 0.000 0.000 0.000 1.674 1.621 1.573 0.471 0.381 0.000 0.000 0.000 0.000 0.000 0.000 0.696 0.055 0.009 0.000
18.979 37.861 28.684 25.487 25.290 26.098 24.912 26.732 31.556 20.378 14.191 13.982 13.729 12.408 13.080 18.729 35.267 32.822 11.319 9.963 8.694 9.499 21.348 19.218 30.092 17.958 10.838 8.726 9.618 8.511 13.406 21.300 17.194 11.088 16.981 26.874 23.766 22.659 13.552 6.446 6.340 7.235 5.147 0.000 0.000 0.000 0.000 0.000 0.000 12.786 7.786 6.775 0.000 0.000 0.000 5.335 2.237 2.046 1.888 1.723 1.630 1.554 1.446 1.348 1.325 0.305 1.287 3.285 0.000 0.000 0.028 0.011 0.007 0.000
32.892 28.809 17.676 22.519 27.351 22.181 28.011 33.842 25.681 13.521 12.354 14.164 13.912 17.457 18.050 11.613 22.249 17.881 14.371 10.913 7.627 14.429 18.279 20.157 11.040 37.871 25.753 15.646 7.540 13.435 32.330 42.223 35.114 12.004 13.891 16.776 20.660 25.543 23.425 19.306 8.180 5.035 11.845 17.623 0.000 0.000 0.000 0.000 0.000 0.000 2.797 2.765 2.700 7.620 6.531 2.430 1.299 2.022 1.878 1.732 1.628 1.540 1.433 1.289 1.303 1.302 0.286 0.267 1.212 4.209 0.089 0.000 0.000 0.000
34.879 19.805 14.695 16.561 18.415 29.263 33.108 43.946 42.806 35.672 24.539 13.408 16.297 0.000 0.000 10.424 16.235 13.083 0.000 8.692 12.471 29.310 28.183 31.092 0.000 2.734 42.658 36.563 22.463 28.360 46.255 46.147 44.037 12.922 18.803 18.681 20.555 8.427 17.298 23.171 22.042 20.879 33.576 42.401 0.000 0.000 0.000 0.000 0.000 0.000 25.839 6.788 6.714 6.629 6.544 7.468 1.395 0.268 3.859 0.661 0.517 0.319 0.179 0.655 0.096 0.000 0.000 0.000 0.000 0.000 0.000 0.000 0.000 0.000
25.910 14.836 14.737 14.617 27.484 25.350 42.212 57.027 53.924 50.822 45.722 36.632 27.572 0.000 0.000 0.000 4.184 15.134 0.000 0.000 5.254 23.157 22.052 36.936 8.772 9.672 42.581 47.486 43.388 42.287 45.183 45.075 45.963 24.844 16.720 18.589 18.452 8.312 17.171 11.039 29.937 0.804 39.180 61.003 31.684 1.445 0.000 0.000 0.000 2.083 61.931 14.836 16.738 16.640 12.547 13.465 5.406 0.352 0.000 0.271 0.171 0.241 0.295 9.054 0.103 0.000 0.000 0.000 0.000 0.000 0.000 0.000 0.000 0.000
23.971 21.893 16.799 28.687 22.555 35.441 13.363 0.000 34.041 52.972 51.894 52.827 35.786 0.000 0.000 0.000 0.000 21.133 0.000 0.000 2.056 17.014 11.931 38.827 49.707 49.603 45.507 45.412 45.317 46.218 45.116 45.008 44.894 38.773 13.643 15.503 13.354 8.196 19.035 19.878 22.753 0.000 23.923 59.748 29.446 47.047 7.764 0.000 4.396 60.208 48.028 19.887 13.761 15.646 9.538 3.440 1.248 0.000 0.000 0.291 7.069 15.028 21.983 30.957 19.894 0.000 0.000 0.000 0.000 0.000 0.000 0.000 0.000 0.000
26.044 21.967 28.881 25.776 28.608 52.495 39.436 22.372 43.226 52.132 51.056 49.996 29.960 0.000 0.000 0.000 0.000 0.000 0.000 0.000 7.943 16.911 27.833 43.735 45.627 45.526 45.432 45.340 45.248 45.153 45.053 44.947 44.834 44.710 30.575 20.427 13.264 6.086 9.893 9.685 14.445 33.085 18.841 53.619 39.305 45.850 52.482 38.028 42.584 51.291 27.088 27.921 13.775 12.644 4.519 1.159 1.167 0.656 10.280 16.191 34.093 33.020 31.955 30.897 30.832 20.765 0.000 0.000 0.000 0.000 0.000 0.000 0.000 0.000
18.121 30.050 26.982 26.927 0.000 0.000 31.515 57.454 52.360 51.275 53.202 35.141 21.099 5.123 0.000 0.000 0.000 0.000 0.000 0.000 13.898 30.854 42.753 45.654 45.541 45.443 45.354 45.269 45.182 45.093 44.997 44.895 44.783 44.659 45.521 39.365 31.189 22.990 20.768 23.523 14.256 30.970 9.738 51.581 0.000 4.567 39.284 11.020 1.636 57.286 21.110 24.933 22.776 3.636 1.328 1.655 0.850 2.478 23.300 34.193 31.094 31.005 30.923 27.848 26.773 24.699 23.624 0.000 0.000 0.000 0.000 0.000 0.000 0.000
28.199 28.131 23.069 43.024 0.000 5.765 45.655 52.569 51.484 51.406 51.336 27.268 27.171 38.147 0.000 0.000 0.000 0.000 0.000 0.000 0.000 0.000 39.670 51.588 46.440 45.350 45.273 45.198 45.120 45.038 44.949 44.851 44.744 44.623 44.484 45.324 46.137 42.919 42.665 45.383 25.086 30.802 4.560 45.388 0.000 0.000 35.068 4.885 14.625 48.363 29.134 20.925 24.758 1.489 2.063 0.573 0.508 5.409 26.296 27.189 32.086 30.985 25.885 22.798 26.717 31.635 30.551 19.462 0.361 0.000 0.000 0.000 0.000 0.000
29.275 17.206 28.139 49.075 42.003 47.876 53.772 51.683 51.603 51.530 48.467 32.424 0.000 0.000 0.000 0.000 0.000 0.000 0.000 0.000 0.000 0.000 0.000 0.000 37.281 46.243 45.190 45.130 45.063 44.990 44.909 44.819 44.718 46.604 45.470 45.310 44.116 45.882 44.590 44.259 33.903 31.591 8.311 20.022 49.594 28.278 36.036 4.827 32.618 26.407 29.139 16.875 10.665 2.259 1.907 0.801 2.569 7.406 8.287 13.183 21.077 18.966 19.837 30.746 30.662 30.576 30.484 31.381 25.246 21.132 19.033 7.947 1.840 2.728
18.350 14.278 29.208 48.136 54.057 52.963 51.873 51.790 51.713 52.643 43.580 36.537 0.000 0.000 0.000 0.000 0.000 0.000 0.000 0.000 0.000 0.000 0.000 13.122 40.161 46.150 45.116 45.069 45.013 44.949 44.877 44.797 46.707 46.604 46.481 38.331 43.136 45.905 48.552 46.162 39.675 35.350 23.073 6.793 54.483 37.205 38.969 3.771 49.612 13.510 0.000 10.771 1.434 2.023 0.500 2.708 8.536 7.388 7.266 6.179 0.000 0.000 24.751 30.689 30.610 30.524 30.432 30.332 31.223 31.119 31.022 31.931 30.836 27.745
15.422 13.350 30.278 50.204 52.128 52.046 51.966 51.891 51.819 53.748 32.675 30.606 0.000 0.000 0.000 0.000 0.000 0.000 0.000 0.000 0.000 0.000 0.000 27.083 46.090 45.080 45.055 45.018 44.971 44.917 46.855 45.786 45.709 45.622 39.522 17.395 33.193 43.049 0.000 0.000 17.284 24.061 32.836 19.597 40.340 58.089 42.864 9.675 51.549 0.000 0.000 0.000 1.793 1.515 1.284 6.685 4.502 5.347 7.213 10.089 3.938 4.821 20.730 30.649 30.566 30.480 30.389 30.294 30.196 30.100 30.007 29.919 29.832 29.750
20.494 25.421 40.349 52.276 52.203 52.129 52.056 51.987 51.922 52.857 39.766 0.000 0.000 0.000 0.000 0.000 0.000 11.904 0.000 0.000 0.000 0.000 0.000 2.038 37.037 44.027 45.006 44.976 44.937 44.892 46.840 44.783 44.721 44.655 28.589 24.534 0.000 0.000 0.000 0.000 1.903 8.775 30.615 16.416 21.191 63.949 46.722 25.517 35.362 0.000 29.124 6.023 1.788 1.388 1.261 5.624 16.441 16.286 18.152 24.028 18.905 29.796 30.701 30.614 30.528 30.441 30.352 30.262 30.170 30.079 29.991 29.906 29.824 29.748
22.564 41.492 52.420 52.350 52.279 52.209 52.143 52.081 52.027 57.990 0.000 0.000 0.000 0.000 0.000 0.000 11.904 23.904 10.905 25.906 21.907 0.000 0.000 23.993 30.992 41.984 44.967 44.942 44.910 45.873 44.830 44.784 44.736 40.688 29.646 34.617 0.000 0.000 0.000 0.000 18.674 10.577 28.433 4.263 6.057 53.795 52.557 44.308 30.019 29.573 18.225 13.030 1.791 1.401 0.578 4.529 26.353 33.206 32.081 31.968 23.860 30.760 30.667 30.579 30.492 30.406 30.319 30.232 30.144 30.058 29.973 29.892 29.814 29.740
29.634 49.562 53.492 52.423 52.354 52.288 52.224 52.166 52.117 59.087 0.000 0.000 0.000 0.000 0.000 0.000 0.904 20.904 20.905 19.906 22.909 6.916 14.928 22.950 22.955 39.949 45.936 44.915 44.889 44.859 44.825 44.788 45.751 37.717 33.689 27.672 0.000 0.000 0.000 0.000 0.000 10.427 29.277 6.146 1.946 40.617 57.403 54.141 34.832 13.477 12.172 12.953 3.797 0.481 0.443 0.299 8.237 28.106 31.002 30.904 22.809 30.717 30.629 30.543 30.458 30.374 30.289 30.204 30.119 30.035 29.954 29.875 29.800 29.729
37.702 53.632 52.563 52.495 52.428 52.363 52.301 52.242 54.186 52.155 0.000 0.000 0.000 0.000 0.000 0.000 0.000 25.904 31.904 36.904 27.906 26.911 20.917 16.926 27.928 41.922 44.911 44.895 47.874 45.849 44.821 44.792 44.764 39.739 31.720 26.711 1.722 0.000 0.000 0.000 0.000 0.000 21.102 7.008 2.843 35.532 66.298 47.020 25.692 16.331 18.032 15.813 10.675 0.000 0.450 0.000 0.000 15.982 30.918 30.839 22.756 30.673 30.591 30.509 30.426 30.343 30.260 30.177 30.094 30.013 29.934 29.857 29.784 29.715
45.769 53.700 52.632 52.566 52.501 52.437 52.375 53.314 51.231 39.193 23.193 0.000 0.000 0.000 0.000 0.000 0.000 26.903 35.903 35.902 39.901 41.903 24.906 23.908 38.907 44.902 44.892 44.879 45.861 44.841 44.819 44.797 44.774 42.755 30.740 31.732 25.732 0.000 0.000 0.000 0.000 0.000 7.022 6.942 0.785 45.463 33.236 38.948 8.587 28.121 21.813 14.592 14.414 5.215 0.079 0.682 0.000 4.922 27.852 29.778 23.705 30.631 31.554 30.476 30.396 30.314 30.233 30.151 30.070 29.990 29.912 29.837 29.766 29.698
