results1/res_4e8f-0013.wd
ncols         241
nrows         181
xllcorner     12693529.787448
yllcorner     3542525.717860
cellsize      155.156523
NODATA_value  -9999.000000
[rows 102 to 135 of 181, columns 0 to 74 of 241]
0.000 0.000 0.000 0.000 0.000 0.000 12.805 17.810 27.832 0.000 0.000 0.000 0.000 0.000 0.000 0.000 0.000 0.000 0.000 0.000 0.874 14.876 0.000 0.000 0.000 0.000 0.000 0.000 0.000 0.000 12.830 13.832 13.843 13.857 13.871 12.879 12.887 11.894 12.951 17.991 30.026 24.054 0.000 39.314 40.362 18.430 25.507 42.592 36.682 23.776 13.871 19.966 21.067 24.183 9.241 0.000 0.000 0.000 0.000 0.000 0.000 0.000 0.000 0.000 0.000 27.393 24.396 24.401 22.409 22.421 22.437 22.456 22.480 21.508 20.541
3.924 0.000 0.000 0.000 0.000 9.877 17.856 17.854 17.864 19.880 0.000 0.000 0.000 0.000 0.000 0.000 0.000 0.000 8.977 16.958 11.912 7.888 0.000 0.000 0.000 0.000 0.000 0.000 0.000 0.000 0.000 13.821 12.836 11.847 12.850 13.833 13.834 13.845 13.874 14.905 33.940 28.980 12.029 14.155 25.239 36.317 13.400 25.489 26.585 19.684 39.780 22.874 14.970 0.000 0.000 0.000 0.000 0.000 0.000 0.000 0.000 0.000 0.000 0.000 0.000 27.389 22.391 22.395 22.401 22.410 22.423 20.440 18.460 20.485 26.512
18.934 8.939 0.000 0.000 11.925 17.909 17.898 17.896 17.900 12.907 0.000 0.000 0.000 0.000 7.048 15.060 15.071 0.000 14.007 20.997 0.000 0.000 0.000 0.000 0.000 0.000 0.000 0.000 0.000 0.000 0.000 13.794 0.000 0.000 0.000 14.771 13.773 13.779 13.795 14.819 30.852 35.896 12.955 14.040 14.122 32.203 33.288 11.382 19.486 38.598 30.692 8.782 0.000 0.000 0.000 0.000 0.000 0.000 0.000 0.000 0.000 0.000 0.000 0.000 0.000 27.385 22.386 22.389 22.392 21.397 20.407 25.420 26.438 27.459 28.483
18.950 18.955 13.963 16.964 17.953 17.945 17.941 17.941 17.945 13.950 0.000 6.032 0.000 0.000 0.000 9.071 17.093 18.091 17.058 22.036 0.000 0.000 0.000 0.000 0.000 0.000 0.000 0.000 0.000 0.000 0.000 13.770 0.000 0.000 15.699 13.710 13.708 13.706 13.709 13.724 30.754 35.798 12.858 13.930 14.007 15.085 36.169 30.264 37.383 27.530 8.610 0.000 0.000 0.000 0.000 0.000 0.000 0.000 0.000 0.000 0.000 0.000 0.000 0.000 25.380 22.381 22.382 22.382 22.382 21.382 23.388 27.399 28.414 28.433 28.454
16.972 17.976 17.982 17.986 17.987 17.988 17.990 17.994 17.999 19.010 14.037 21.043 0.000 0.000 0.000 0.000 15.149 17.135 18.107 6.066 0.000 0.000 0.000 0.000 0.000 0.000 0.000 0.000 0.000 0.000 0.000 7.747 12.726 12.707 11.689 13.663 13.646 13.628 13.613 13.617 30.643 35.688 12.748 13.818 13.891 13.965 19.040 42.126 22.253 0.000 0.000 0.000 0.000 0.000 0.000 0.000 0.000 0.000 0.000 0.000 0.000 0.000 0.000 0.000 0.000 29.379 25.379 26.378 24.374 20.362 27.365 28.375 26.388 26.405 23.423
14.001 19.005 18.013 18.023 18.032 18.040 18.048 18.054 18.059 18.063 19.069 12.069 0.000 0.000 0.000 7.283 17.232 17.202 22.182 0.000 0.000 0.000 0.000 0.000 0.000 0.000 0.000 0.000 0.000 0.000 0.000 0.000 0.000 0.000 0.000 13.609 13.588 13.549 13.500 13.489 29.514 36.564 13.630 13.704 13.777 13.844 13.903 19.946 0.000 0.000 0.000 0.000 0.000 0.000 0.000 0.000 0.000 0.000 0.000 0.000 0.000 0.000 0.000 0.000 0.000 0.000 0.000 0.000 0.000 29.330 27.337 28.348 25.362 20.376 29.391
14.035 19.042 18.054 18.070 18.087 18.103 18.118 18.127 18.130 18.126 19.117 4.106 0.000 0.000 0.000 14.345 17.306 17.269 23.247 0.000 0.000 0.000 0.000 0.000 0.000 0.000 0.000 0.000 0.000 0.000 0.000 0.000 0.000 0.000 0.000 9.578 13.548 10.482 13.350 13.328 32.361 36.426 13.508 13.592 13.669 13.734 13.783 10.811 0.000 0.000 0.000 0.000 0.000 0.000 0.000 0.000 0.000 0.000 0.000 0.000 0.000 21.083 0.000 0.000 0.000 0.000 0.000 0.000 25.267 26.292 28.307 28.321 25.335 21.349 31.363
17.073 18.083 18.102 18.126 18.153 18.180 18.203 18.217 18.218 18.204 18.176 15.144 0.000 0.000 9.560 16.458 17.387 17.333 24.302 0.000 0.000 0.000 0.000 0.000 0.000 0.000 0.000 0.000 0.000 0.000 0.000 0.000 0.000 0.000 0.000 0.000 9.546 0.000 12.092 13.115 41.177 28.272 13.384 13.489 13.576 26.641 16.685 11.706 0.000 0.000 0.000 0.000 0.000 0.000 0.000 0.000 0.000 0.000 0.000 0.000 0.000 32.085 17.086 0.000 0.000 0.000 0.000 26.222 29.244 28.264 25.281 21.295 21.309 19.324 23.344
18.111 18.126 18.154 18.190 18.229 18.271 18.307 18.330 18.332 18.307 18.250 18.160 20.024 19.859 18.673 17.550 17.463 19.385 8.338 0.000 0.000 0.000 0.000 0.000 0.000 0.000 0.000 0.000 0.000 0.000 0.000 0.000 0.000 0.000 0.000 0.000 0.000 0.000 11.813 12.864 46.961 16.102 13.268 13.408 25.505 34.571 13.611 13.624 12.600 0.000 0.000 0.000 0.000 0.000 0.000 0.000 0.000 0.000 0.000 0.000 0.000 28.086 29.089 16.095 0.000 22.160 24.175 28.202 27.224 25.242 24.258 20.272 28.284 31.295 0.000
17.145 16.167 18.210 18.259 18.315 18.376 18.434 18.475 18.484 18.451 18.368 18.232 18.064 17.891 17.734 17.617 18.540 1.447 0.000 0.000 0.000 0.000 0.000 0.000 0.000 0.000 0.000 0.000 0.000 0.000 0.000 0.000 0.000 0.000 0.000 0.000 0.000 0.000 7.483 18.569 41.705 12.907 10.181 13.369 13.469 13.529 13.565 13.580 13.579 10.577 0.000 0.000 0.000 0.000 0.000 0.000 0.000 0.000 0.000 0.000 0.000 23.086 19.092 25.102 20.121 28.146 28.166 27.188 23.208 26.225 21.239 20.251 20.262 13.278 0.000
7.166 7.198 16.271 18.332 18.406 18.496 18.590 18.662 18.688 18.655 18.548 19.346 20.120 17.917 17.767 17.656 17.595 0.000 0.000 0.000 0.000 0.000 0.000 0.000 0.000 0.000 0.000 0.000 0.000 0.000 0.000 0.000 0.000 0.000 0.000 10.589 13.648 13.789 11.070 10.226 19.382 7.644 0.000 9.420 13.474 13.514 13.540 13.554 12.559 0.000 0.000 0.000 0.000 0.000 0.000 0.000 25.051 36.052 0.000 0.000 24.076 22.083 22.090 19.102 27.118 28.137 28.157 25.178 28.196 28.211 26.223 21.232 10.238 0.000 0.000
0.000 0.000 13.352 19.403 18.492 18.620 18.779 18.904 18.962 18.945 20.835 6.495 2.164 16.902 21.771 18.655 13.601 0.000 0.000 4.430 0.000 0.000 0.000 0.000 0.000 0.000 0.000 0.000 0.000 0.000 0.000 0.000 0.000 0.000 1.530 7.532 10.567 10.651 10.782 10.884 12.955 0.000 0.000 0.000 8.493 13.513 13.530 13.540 13.545 0.000 0.000 0.000 0.000 0.000 0.000 0.000 42.052 24.054 22.059 22.064 22.072 22.079 20.087 25.098 28.112 28.129 24.147 28.171 28.191 27.202 21.211 22.217 12.221 0.000 0.000
0.000 0.000 7.394 20.446 21.551 21.724 20.012 19.222 20.322 19.337 20.362 0.000 0.000 0.000 0.000 14.604 21.563 19.496 19.463 5.441 0.000 0.000 0.000 0.000 0.000 0.000 0.000 0.000 0.000 0.000 0.000 0.000 0.000 0.000 0.000 6.442 10.438 8.469 9.525 11.573 12.602 0.000 0.000 0.000 0.000 6.519 13.527 13.533 10.538 0.000 0.000 0.000 0.000 0.000 0.000 0.000 0.000 38.056 21.059 21.063 22.069 21.075 21.083 27.093 28.105 26.122 14.134 0.000 32.194 26.198 26.203 26.207 12.210 0.000 0.000
0.000 0.000 0.000 0.000 0.000 0.000 12.332 20.662 16.776 9.728 8.925 0.000 0.000 0.000 0.000 0.000 0.000 12.474 19.463 0.000 0.000 0.000 0.000 0.000 0.000 0.000 0.000 0.000 0.000 0.000 0.000 0.000 0.000 0.000 0.000 6.358 12.276 11.264 20.276 21.284 11.278 0.000 0.000 0.000 0.000 0.000 10.526 11.529 0.000 0.000 0.000 0.000 0.000 0.000 0.000 0.000 0.000 43.057 46.059 26.063 20.067 18.072 28.078 28.086 23.095 0.000 0.000 0.000 0.000 31.195 28.198 28.200 18.202 0.000 0.000
0.000 0.000 0.000 0.000 0.000 0.000 0.000 14.329 5.404 1.670 15.695 0.000 0.000 0.000 0.000 0.000 0.000 0.000 0.000 0.000 0.000 0.000 0.000 0.000 0.000 0.000 0.000 0.000 0.000 0.000 0.000 0.000 0.000 0.000 0.000 0.000 11.043 9.038 39.031 32.010 9.950 11.789 0.000 0.000 0.000 0.000 5.524 0.000 0.000 0.000 0.000 0.000 0.000 0.000 0.000 0.000 0.000 0.000 31.060 48.062 33.066 27.070 28.074 23.079 0.000 0.000 0.000 0.000 0.000 23.191 28.193 28.196 23.198 0.000 0.000
0.000 0.000 0.000 18.344 0.000 0.000 0.000 6.931 9.032 20.320 22.497 26.074 32.427 0.000 0.000 0.000 0.000 0.000 0.000 0.000 0.000 0.000 0.000 0.000 0.000 0.000 0.000 0.000 0.000 0.000 0.000 0.000 0.000 0.000 0.000 0.000 3.817 11.814 41.804 23.777 11.723 10.630 15.528 0.000 0.000 0.000 0.000 0.000 0.000 0.000 0.000 0.000 0.000 0.000 0.000 0.000 0.000 0.000 0.000 0.000 36.067 26.069 24.071 0.000 0.000 0.000 0.000 0.000 22.184 21.187 23.190 17.192 0.000 0.000 0.000
0.000 0.000 0.000 13.352 21.320 0.000 2.676 25.442 22.481 21.668 21.907 22.307 22.789 29.443 32.840 0.000 0.000 0.000 0.000 8.481 1.481 3.478 0.000 0.000 0.000 0.000 0.000 0.000 0.000 0.000 0.000 0.000 0.000 0.000 0.000 0.000 4.597 33.598 35.593 12.574 10.536 10.481 13.428 0.000 0.000 0.000 0.000 0.000 0.000 0.000 0.000 0.000 0.000 0.000 0.000 0.000 0.000 0.000 0.000 0.000 0.000 0.000 0.000 0.000 0.000 0.000 0.000 24.181 19.183 17.184 0.000 0.000 0.000 0.000 0.000
19.418 22.423 22.427 20.402 18.297 19.104 20.879 20.751 21.794 22.970 23.166 22.468 15.986 20.710 24.245 28.796 33.136 34.341 26.450 22.490 19.494 14.485 16.472 9.461 0.000 0.000 0.000 0.000 0.000 0.000 0.000 0.000 0.000 0.000 0.000 28.371 17.377 46.389 37.397 24.392 11.369 10.330 10.276 14.193 10.192 0.000 0.000 0.000 0.000 0.000 0.000 0.000 0.000 0.000 0.000 0.000 0.000 0.000 0.000 0.000 0.000 0.000 0.000 0.000 0.000 0.000 0.000 0.000 0.000 0.000 0.000 0.000 0.000 0.000 0.000
22.421 17.433 15.464 14.540 8.369 5.145 5.971 5.898 11.981 17.261 17.329 10.423 0.019 11.173 24.644 25.016 25.280 25.447 25.527 25.542 26.528 26.502 29.481 30.458 30.441 30.432 0.000 0.000 0.000 0.000 0.000 0.000 0.000 0.000 0.000 0.272 26.151 31.186 15.217 32.229 20.220 10.194 10.155 13.113 0.000 0.000 0.000 0.000 0.000 0.000 0.000 0.000 0.000 0.000 0.000 0.000 0.000 0.000 0.000 0.000 0.000 0.000 0.000 0.000 0.000 0.000 0.000 0.000 0.000 0.000 0.000 0.000 0.000 0.000 0.000
0.000 0.000 0.000 2.713 1.230 0.000 0.000 0.000 0.000 2.076 0.988 0.434 0.030 0.042 18.152 26.351 25.532 25.646 25.679 25.632 25.582 29.525 4.498 0.000 0.000 0.000 0.000 0.000 0.000 0.000 0.000 0.000 0.000 0.000 0.000 0.000 33.890 16.986 9.057 19.088 30.090 14.072 10.039 9.992 15.917 0.000 0.000 0.000 0.000 0.000 0.000 0.000 0.000 0.000 0.000 0.000 0.000 0.000 0.000 0.000 0.000 0.000 0.000 0.000 0.000 0.000 0.000 0.000 0.000 0.000 0.000 0.000 0.000 0.000 66.995
0.000 0.000 0.000 1.294 0.896 0.000 0.000 0.000 0.000 1.732 0.540 0.804 2.189 0.033 6.468 23.714 25.858 25.935 25.921 25.733 24.653 0.000 0.000 0.000 0.000 0.000 0.000 0.000 0.000 0.000 0.000 0.000 0.000 0.000 4.087 21.222 38.533 15.815 9.938 7.976 24.981 26.967 12.939 9.898 9.845 12.780 21.752 0.000 0.000 0.000 0.000 0.000 0.000 0.000 0.000 0.000 0.000 0.000 0.000 0.000 0.000 0.000 0.000 0.000 0.000 0.000 0.000 0.000 0.000 0.000 0.000 0.000 0.000 0.000 65.072
11.745 7.720 2.664 1.239 2.261 4.456 5.478 8.423 7.297 3.061 2.212 2.256 2.250 0.873 0.657 18.187 27.260 26.324 28.345 0.076 0.000 0.000 0.000 0.000 0.000 0.000 0.000 0.000 0.000 0.000 0.000 0.000 0.000 10.952 7.953 29.047 26.206 0.761 7.907 9.899 11.892 24.876 16.852 11.820 9.783 8.747 25.724 16.710 10.709 0.000 0.000 0.000 0.000 0.000 0.000 0.000 0.000 0.000 0.000 0.000 0.000 0.000 0.000 0.000 0.000 0.000 0.000 0.000 0.000 0.000 0.000 0.000 0.000 1.385 78.214
1.770 2.752 2.712 2.648 2.583 2.574 2.556 2.492 2.431 2.410 2.413 2.412 2.402 2.392 0.089 9.522 26.682 28.766 24.805 0.000 0.000 0.000 0.000 0.000 0.000 0.000 0.000 0.000 0.000 0.000 0.000 0.000 0.000 0.000 11.728 37.808 12.006 0.000 0.000 10.823 8.813 12.796 13.774 22.749 11.723 9.700 8.689 4.699 0.000 0.000 0.000 0.000 0.000 0.000 0.000 0.000 0.000 0.000 0.000 0.000 0.000 0.000 0.000 0.000 0.000 0.000 0.000 0.000 0.000 0.000 0.000 0.000 6.598 71.516 81.383
2.821 2.808 2.785 2.751 2.718 2.698 2.680 1.665 1.640 2.609 2.586 2.561 2.528 2.477 1.005 1.205 13.187 24.260 12.313 0.000 0.000 0.000 0.000 0.000 0.000 0.000 0.000 0.000 0.000 0.000 0.000 0.000 0.000 0.000 20.424 45.452 0.000 0.000 0.000 11.759 9.741 8.721 16.701 27.680 15.660 9.643 13.635 0.000 0.000 0.000 0.000 0.000 0.000 0.000 0.000 0.000 0.000 0.000 0.000 0.000 0.000 0.000 0.000 0.000 0.000 0.000 0.000 0.000 0.000 0.000 0.000 0.000 63.682 77.615 77.522
2.876 2.874 2.868 2.855 2.838 2.821 2.801 6.825 7.812 3.763 2.732 2.703 2.666 2.613 2.538 0.869 1.231 3.321 3.430 0.000 0.000 0.000 0.000 0.000 0.000 0.000 0.000 0.000 0.000 0.000 0.000 0.000 0.000 0.000 24.093 39.126 0.000 0.000 0.000 8.715 9.672 9.648 8.629 13.611 15.594 11.580 13.573 0.000 0.000 0.000 0.000 0.000 0.000 0.000 0.000 0.000 0.000 0.000 0.000 0.000 0.000 0.000 0.000 0.000 0.000 0.000 0.000 0.000 0.000 0.000 0.000 47.941 56.832 56.744 56.656
2.933 2.945 2.959 2.962 2.958 2.947 1.940 13.938 18.923 5.894 2.872 2.847 2.815 2.769 2.697 2.579 2.205 0.859 2.141 0.000 0.000 0.000 0.000 0.000 0.000 0.000 0.000 0.000 0.000 0.000 0.000 0.000 0.000 4.528 46.730 20.834 20.833 0.000 0.000 0.000 11.584 9.573 9.558 7.542 23.527 27.513 21.504 0.000 0.000 0.000 0.000 0.000 0.000 0.000 0.000 0.000 0.000 0.000 0.000 0.000 0.000 0.000 0.000 0.000 0.000 0.000 0.000 0.000 0.000 0.000 22.139 73.051 58.960 71.880 93.749
2.978 3.014 3.060 3.076 3.086 3.068 2.047 15.062 21.051 5.018 3.014 2.999 2.976 2.946 2.910 2.861 2.799 2.807 2.771 9.113 0.000 0.000 0.000 0.000 0.000 0.000 0.000 2.133 10.134 14.148 0.000 0.000 0.191 38.328 36.464 16.649 0.000 0.000 0.000 0.000 11.510 10.502 13.490 8.474 17.458 40.442 37.429 0.000 0.000 0.000 0.000 0.000 0.000 0.000 0.000 0.000 0.000 0.000 0.000 0.000 0.000 0.000 0.000 0.000 0.000 0.000 0.000 0.000 0.000 0.000 59.227 115.165 98.088 119.985 98.564
0.388 1.314 2.293 2.273 3.243 3.191 1.215 16.214 19.199 2.162 3.169 3.160 3.145 3.127 3.113 3.102 3.059 3.062 3.189 3.381 9.606 0.000 0.000 0.000 0.000 0.000 0.000 0.000 9.121 5.163 8.266 12.424 24.655 41.995 26.152 0.000 0.000 0.000 0.000 0.000 10.444 13.437 26.425 12.409 22.391 23.370 42.341 46.286 29.262 0.000 0.000 0.000 0.000 0.000 0.000 0.000 0.000 0.000 0.000 0.000 0.000 0.000 0.000 0.000 0.000 0.000 0.000 0.000 0.000 45.488 55.379 56.294 59.215 78.179 97.753
21.594 16.548 11.488 9.453 5.421 1.417 1.406 16.381 19.368 1.362 3.339 3.327 3.315 3.307 3.312 3.359 2.421 1.551 2.666 2.771 2.909 9.063 0.000 0.000 0.000 0.000 0.000 0.000 15.067 9.117 4.213 17.351 40.545 34.846 2.999 0.000 0.000 0.000 0.000 0.000 9.387 14.380 21.365 16.347 21.327 20.306 33.282 27.255 20.240 0.000 0.000 0.000 0.000 0.000 0.000 0.000 0.000 0.000 0.000 0.000 0.000 0.000 0.000 0.000 0.000 0.000 0.000 0.000 22.687 50.597 119.505 83.427 115.300 98.961 97.000
41.654 40.632 36.603 31.581 27.572 22.595 17.587 13.542 8.531 2.548 3.508 3.496 3.482 3.472 2.544 4.601 10.702 15.822 14.894 12.994 7.117 2.355 6.622 12.739 0.000 0.000 0.000 0.000 19.963 11.027 7.118 30.224 42.327 0.000 0.000 0.000 0.000 0.000 0.000 0.000 8.338 13.330 29.312 19.288 12.265 5.246 11.228 29.213 26.204 32.203 0.000 0.000 0.000 0.000 0.000 0.000 0.000 0.000 0.000 0.000 0.000 0.000 0.000 0.000 0.000 0.000 0.000 0.000 57.778 48.709 58.631 81.514 57.676 97.120 88.443
32.735 37.724 41.709 41.696 43.690 43.691 37.686 28.671 14.665 3.668 2.664 3.666 2.689 1.722 6.756 20.799 31.874 36.968 37.062 34.172 26.310 17.494 8.683 2.856 8.073 10.252 9.421 10.594 8.795 3.912 18.008 41.100 8.213 0.000 0.000 0.000 0.000 3.284 15.285 12.289 14.300 20.290 38.265 24.228 8.203 7.185 7.174 19.166 40.161 0.000 0.000 0.000 0.000 0.000 0.000 0.000 0.000 0.000 0.000 0.000 0.000 0.000 0.000 0.000 0.000 0.000 0.000 34.063 56.939 60.836 60.718 70.793 98.248 88.564 88.505
10.827 12.822 15.814 21.806 31.800 37.795 42.794 42.791 35.790 21.794 10.800 4.814 8.844 15.898 28.919 43.964 43.029 40.114 40.212 43.325 43.456 39.608 27.769 15.931 8.102 3.264 4.417 3.567 4.711 12.820 34.902 42.955 0.000 0.000 0.000 0.000 0.000 0.000 7.284 16.284 17.283 14.267 15.230 25.160 20.132 13.121 17.117 25.116 38.116 0.000 0.000 0.000 0.000 0.000 0.000 0.000 0.000 0.000 0.000 0.000 0.000 0.000 0.000 0.000 0.000 0.000 41.318 63.188 59.050 68.008 59.058 98.401 87.147 88.616 93.860
2.925 2.922 2.918 4.913 9.908 13.897 20.906 29.909 37.912 40.918 34.928 32.947 34.976 38.017 37.057 30.108 21.166 19.249 19.347 24.460 30.581 37.714 40.853 39.997 29.142 19.283 14.419 12.546 21.662 37.756 38.825 24.864 0.000 0.000 0.000 0.000 0.000 0.000 0.000 17.280 0.000 0.000 0.000 14.050 29.047 33.050 35.057 36.067 32.072 0.000 0.000 0.000 0.000 0.000 0.000 0.000 0.000 0.000 0.000 0.000 0.000 0.000 25.951 0.000 61.688 83.605 116.422 72.359 67.387 48.323 84.369 88.813 88.693 97.465 86.960
4.025 4.024 4.023 4.022 3.023 2.026 4.025 9.026 15.030 25.037 35.050 37.069 30.097 20.136 14.185 6.246 2.324 2.406 2.495 4.588 9.695 15.812 22.935 35.061 40.187 42.310 41.428 37.537 40.636 33.717 15.778 7.814 0.000 0.000 0.000 0.000 0.000 0.000 0.000 16.277 0.000 0.000 0.000 16.944 35.957 43.975 29.998 33.022 19.035 0.000 0.000 0.000 0.000 0.000 0.000 0.000 0.000 0.000 0.000 0.000 0.000 12.951 31.952 104.894 133.776 116.630 100.154 99.071 90.721 89.354 89.187 89.008 54.247 99.156 90.761
