results1/res_4e8f-0046.wd
ncols         241
nrows         181
xllcorner     12693529.787448
yllcorner     3542525.717860
cellsize      155.156523
NODATA_value  -9999.000000
[rows 33 to 65 of 181, columns 74 to 147 of 241]
0.000 0.000 0.000 0.000 0.000 0.000 0.000 0.000 0.000 0.000 0.000 0.000 0.000 0.000 0.000 0.000 0.000 0.000 0.000 0.000 0.000 0.000 0.000 0.000 0.000 0.000 0.000 0.000 0.000 0.000 0.000 0.000 0.000 0.000 0.000 0.000 0.000 0.000 32.021 55.022 60.022 16.023 0.000 0.000 25.080 39.095 6.084 0.000 29.112 32.118 26.117 27.107 28.088 28.059 28.024 27.984 26.947 32.924 52.923 0.000 5.804 3.573 39.004 55.601 60.221 58.864 59.545 58.156 60.314 55.432 55.025 55.104 57.428 56.707
0.000 0.000 0.000 0.000 0.000 0.000 0.000 0.000 0.000 0.000 0.000 0.000 0.000 0.000 0.000 0.000 0.000 0.000 0.000 0.000 0.000 0.000 0.000 0.000 0.000 0.000 0.000 0.000 0.000 0.000 0.000 0.000 0.000 0.000 0.000 0.000 0.000 0.000 0.000 7.022 2.022 0.000 0.000 0.000 0.000 21.144 0.000 0.000 19.133 43.154 42.155 32.144 28.121 28.084 28.035 27.976 26.916 48.877 46.900 0.000 29.036 41.776 55.366 59.965 59.578 59.227 58.807 59.938 56.017 55.298 55.639 57.998 57.289 57.097
0.000 0.000 0.000 0.000 0.000 0.000 0.000 0.000 0.000 0.000 0.000 0.000 0.000 0.000 0.000 0.000 0.000 24.814 56.814 9.814 0.000 0.000 0.000 0.000 0.000 0.000 0.000 0.000 0.000 0.000 0.000 0.000 0.000 0.000 0.000 0.000 0.000 0.000 0.000 0.000 0.000 0.000 0.000 0.000 0.000 13.193 0.000 0.000 0.000 21.208 39.205 39.193 30.167 28.123 28.056 25.968 41.865 50.769 0.000 14.991 39.527 54.131 60.719 60.309 59.929 59.477 61.576 57.619 55.699 56.185 58.563 57.860 57.675 57.398
0.000 0.000 0.000 0.000 0.000 0.000 0.000 0.000 0.000 0.000 11.810 49.810 0.000 0.000 0.000 0.000 0.000 31.815 82.815 38.815 0.000 0.000 0.000 0.000 0.000 0.000 0.000 0.000 0.000 0.000 0.000 0.000 0.000 0.000 0.000 0.000 0.000 0.000 0.000 0.000 0.000 0.000 0.000 0.000 0.000 16.243 17.267 24.280 10.283 20.267 28.264 41.257 32.233 28.183 25.099 35.977 45.805 34.566 10.089 39.454 56.950 61.502 61.065 60.655 60.171 60.233 59.243 56.216 56.751 59.137 58.434 58.252 57.975 57.713
0.000 0.000 0.000 0.000 0.000 0.000 0.000 0.000 0.000 0.000 32.810 67.811 56.811 43.812 0.000 0.000 16.815 70.815 78.815 43.815 0.000 0.000 0.000 0.000 15.244 0.000 0.000 0.000 0.000 0.000 0.000 0.000 0.000 0.000 0.000 0.000 0.000 0.000 0.000 0.000 3.273 21.274 0.000 0.000 32.272 47.268 50.278 48.291 34.302 28.312 27.327 41.338 32.325 24.276 38.180 52.036 39.813 27.599 42.248 46.787 59.319 61.856 61.416 60.896 60.917 58.897 56.849 57.345 59.730 59.025 58.839 58.557 58.290 58.022
0.000 0.000 0.000 0.000 0.000 0.000 0.000 0.000 0.000 0.000 3.810 65.811 48.812 29.812 0.000 12.816 62.816 73.816 80.816 39.816 0.000 0.000 0.000 0.000 53.244 37.244 0.000 0.000 0.000 0.000 0.000 0.000 0.000 0.000 0.000 16.268 28.268 30.268 0.000 0.000 12.273 37.274 16.275 30.276 53.277 56.279 57.288 54.302 41.323 28.352 25.393 42.442 33.455 37.416 55.309 49.172 0.000 25.770 44.517 57.128 62.678 62.219 61.667 61.642 59.591 57.617 57.975 60.351 59.643 59.450 59.159 58.880 58.599 58.327
0.000 0.000 0.000 0.000 0.000 0.000 0.000 0.000 0.000 0.000 0.000 0.000 16.813 54.813 50.815 38.816 51.816 71.817 82.817 35.817 0.000 0.000 0.000 0.000 15.244 39.244 41.245 0.000 0.000 0.000 0.000 0.000 0.000 0.000 0.000 32.268 33.268 45.268 28.270 17.271 31.273 32.274 28.276 35.277 42.280 40.284 33.292 52.306 18.336 34.380 37.452 27.583 39.636 52.626 49.467 0.000 0.968 37.195 53.922 62.531 63.062 62.501 62.426 59.347 58.565 58.654 61.009 60.296 60.095 59.793 59.499 59.199 58.902 58.622
0.000 0.000 0.000 0.000 0.000 0.000 0.000 0.000 0.000 0.000 0.000 0.000 6.813 73.814 68.816 58.817 48.818 72.818 80.818 75.818 60.818 15.817 0.000 0.000 0.000 0.000 49.246 33.246 31.247 42.248 37.248 0.247 0.000 0.000 0.000 32.268 31.268 52.268 58.269 47.271 39.272 31.274 28.276 29.278 30.281 29.284 27.289 35.295 0.000 0.000 0.000 32.803 55.879 53.985 0.000 0.054 37.277 50.832 60.455 63.979 63.521 64.279 60.203 59.782 59.407 61.720 60.996 60.781 60.467 60.159 59.841 59.514 59.188 58.898
0.000 0.000 0.000 0.000 0.000 0.000 0.000 0.000 0.000 0.000 0.000 0.000 0.000 6.815 45.816 20.818 56.819 75.820 80.820 78.819 76.818 65.817 24.816 0.000 0.000 0.000 5.246 44.246 44.247 57.248 55.249 48.250 43.250 0.000 0.000 0.000 36.267 55.268 62.269 54.270 38.272 27.274 28.276 28.278 28.281 28.284 28.287 32.289 0.000 0.000 0.000 2.947 40.092 9.449 7.068 42.123 46.775 58.424 64.985 64.807 63.013 61.297 61.421 60.273 62.508 61.758 61.519 61.186 60.863 60.532 60.191 59.829 59.438 60.117
0.000 0.000 0.000 0.000 0.000 0.000 0.000 0.000 0.000 0.000 0.000 0.000 0.000 0.000 0.000 77.821 77.822 79.823 79.822 78.821 72.819 66.817 37.816 0.000 0.000 0.000 0.000 0.000 12.248 57.248 51.249 66.250 63.251 42.254 21.258 22.262 31.266 53.267 62.269 53.270 36.272 26.273 31.276 30.279 28.281 28.283 28.285 29.286 21.285 0.000 0.000 0.000 0.000 1.762 44.632 47.524 55.301 65.962 66.034 64.372 66.189 63.735 61.321 63.407 62.604 62.320 61.956 61.611 61.263 60.915 60.561 59.174 67.619 65.245
0.000 0.000 0.000 0.000 0.000 12.256 35.256 0.000 13.237 53.236 42.234 46.231 21.230 0.000 0.000 13.824 85.825 79.826 76.826 73.823 76.820 67.816 30.814 0.000 0.000 0.000 0.000 0.000 0.000 0.000 1.250 55.250 56.251 7.252 0.000 0.000 35.267 53.268 58.268 48.270 39.271 37.272 0.000 6.280 34.281 28.282 28.284 29.285 35.284 43.284 5.284 0.000 0.000 17.483 50.243 54.051 64.799 66.971 66.589 69.969 68.514 62.724 64.467 63.559 63.199 62.786 62.406 62.032 61.666 61.305 60.962 66.688 0.000 0.000
0.000 0.000 0.000 0.000 0.000 12.257 55.257 0.000 47.239 49.237 61.234 44.231 29.229 0.000 0.000 1.826 70.828 82.833 79.832 79.827 80.821 74.815 28.811 0.000 0.000 0.000 0.000 0.000 0.000 0.000 0.000 0.000 40.251 0.000 0.000 0.000 41.267 38.268 50.268 7.269 0.000 0.000 0.000 0.000 0.280 38.283 32.283 0.000 25.284 59.284 42.284 0.000 0.000 21.997 55.777 64.629 67.710 67.445 71.673 70.966 64.133 65.620 64.606 64.152 63.675 63.249 62.843 62.449 62.061 61.677 61.295 65.929 8.626 0.000
54.293 44.294 0.000 0.000 0.000 6.257 66.257 42.252 44.244 50.238 74.233 75.230 70.226 24.224 0.000 0.000 0.000 30.845 84.841 79.833 80.822 77.812 36.804 0.000 0.000 0.000 0.000 0.000 0.000 0.000 0.000 0.000 0.000 0.000 0.000 0.000 0.000 0.000 0.000 0.000 0.000 0.000 0.000 0.000 0.000 0.000 13.283 10.283 0.000 0.000 0.000 0.000 11.158 48.648 65.603 67.266 68.180 72.512 72.176 65.155 66.660 65.643 65.131 64.601 64.130 63.688 63.268 62.859 62.455 62.045 61.613 64.105 47.323 4.238
66.294 48.296 44.298 0.000 0.000 0.000 58.264 60.256 60.247 72.239 69.233 81.228 80.224 41.221 0.000 0.000 0.000 6.863 86.855 79.841 80.824 77.805 37.790 0.000 0.000 0.000 46.539 58.524 27.512 0.000 0.000 0.000 0.000 0.000 0.000 0.000 0.000 0.000 0.000 0.000 0.000 0.000 0.000 0.000 0.000 0.000 0.000 0.000 0.000 0.000 0.000 9.000 49.557 66.557 67.153 73.312 72.834 66.392 66.947 67.425 66.574 66.063 65.517 65.019 64.551 64.107 63.681 63.265 62.853 62.437 69.008 9.557 0.000 17.228
71.295 50.298 51.300 43.302 0.000 48.290 43.279 51.261 64.248 68.238 79.231 80.225 79.220 48.216 0.000 0.000 0.000 5.888 85.875 79.853 80.826 75.796 55.760 39.705 40.653 40.603 48.555 69.522 36.500 0.000 0.000 0.000 0.000 0.000 0.000 0.000 0.000 0.000 0.000 0.000 0.000 0.000 0.000 0.000 0.000 0.000 0.000 0.000 0.000 6.974 37.773 47.326 66.348 67.968 74.647 74.069 66.906 68.617 67.941 67.382 66.898 66.377 65.881 65.403 64.947 64.509 64.084 63.668 63.255 69.841 15.425 0.000 0.000 2.203
66.297 64.300 47.303 51.304 51.305 42.302 35.300 0.000 0.000 10.233 69.229 80.222 78.216 63.207 30.191 0.000 0.000 54.928 75.903 80.870 79.833 80.793 70.751 46.702 43.652 42.602 51.554 69.510 52.465 38.404 39.355 43.319 54.296 18.287 0.000 0.000 0.000 0.000 0.000 0.000 0.000 0.000 0.000 0.000 0.000 0.000 0.000 0.000 0.000 18.153 58.013 65.986 68.660 75.465 75.104 67.595 69.260 68.476 68.094 67.637 67.162 66.688 66.221 65.767 65.326 64.898 64.479 64.067 69.658 16.250 0.000 0.000 0.000 1.144
12.299 80.304 51.307 45.306 46.309 48.315 48.318 37.327 0.000 0.000 0.000 14.219 85.217 75.203 53.177 45.130 52.071 50.993 52.940 60.890 61.842 48.794 45.747 43.699 43.650 42.600 51.550 66.499 45.447 42.392 47.343 63.305 66.283 51.278 25.278 0.000 0.000 0.000 0.000 0.000 0.000 0.000 0.000 0.000 0.000 0.000 0.000 0.000 8.914 50.797 66.437 69.298 75.946 75.746 68.251 69.898 69.115 68.754 68.317 67.880 67.436 66.990 66.549 66.117 65.693 65.277 64.867 70.462 16.060 0.000 0.000 0.000 0.000 0.000
79.303 80.310 66.314 0.000 0.000 53.330 49.332 60.335 51.335 0.000 0.000 0.000 73.228 70.211 55.183 46.142 43.091 43.032 45.973 58.910 66.850 69.794 62.745 52.698 45.650 44.599 60.545 63.490 38.432 42.375 42.321 43.276 47.251 26.265 0.000 0.000 0.000 0.000 0.000 0.000 0.000 0.000 0.000 0.000 0.000 0.000 12.011 43.718 51.627 65.181 76.515 76.157 69.245 69.854 70.434 69.752 69.390 68.966 68.552 68.132 67.709 67.288 66.870 66.458 66.052 66.650 73.250 16.856 0.000 0.000 0.000 0.000 0.000 0.000
80.308 80.318 80.327 67.339 50.345 50.344 50.345 41.348 0.000 7.301 14.301 66.287 63.257 66.231 59.202 60.164 60.120 60.070 63.013 57.926 57.855 59.788 63.742 64.699 62.652 58.600 69.543 67.482 55.419 56.353 56.288 58.228 33.183 0.000 0.000 0.000 0.000 0.000 0.000 0.000 0.000 0.000 0.000 0.000 0.000 46.515 47.194 68.266 68.871 77.579 77.110 71.699 71.429 70.830 70.373 70.002 69.594 69.193 68.790 68.386 67.982 67.582 67.185 66.793 67.406 71.023 3.647 0.000 0.000 0.000 0.000 0.000 0.000 0.352
79.315 79.327 80.337 77.346 55.352 49.355 50.358 51.362 43.369 0.000 58.316 55.303 56.281 57.256 52.228 56.194 61.156 69.116 54.083 0.000 0.000 4.762 62.736 58.704 58.660 58.606 58.545 58.478 58.407 58.331 58.252 56.166 51.069 23.939 0.000 0.140 43.687 50.499 62.246 32.035 0.000 0.000 0.000 0.000 48.111 58.830 70.780 71.452 78.269 77.960 72.317 72.008 71.285 70.968 70.588 70.198 69.810 69.419 69.029 68.639 68.253 67.871 67.495 68.124 70.755 18.389 0.000 0.000 0.000 0.000 0.000 0.000 0.000 21.382
69.323 69.337 80.348 80.357 70.362 46.366 49.371 50.374 50.376 56.369 65.345 49.327 46.308 44.286 51.259 66.228 65.193 50.156 30.119 0.000 0.000 0.000 0.000 47.721 42.678 42.619 42.552 42.478 43.399 46.314 47.222 47.116 45.987 46.809 45.534 45.236 53.874 60.563 58.206 64.823 62.355 56.935 54.521 57.005 68.690 72.219 72.031 78.697 78.515 72.920 72.591 71.857 71.543 71.160 70.784 70.404 70.024 69.645 69.267 68.890 68.518 68.156 68.801 69.451 8.103 0.000 0.000 0.000 0.000 0.000 0.000 0.000 0.000 32.427
35.337 47.351 75.363 79.370 60.374 43.378 42.384 50.389 50.391 49.385 43.370 44.352 50.339 67.320 66.295 49.266 42.234 32.195 0.000 52.044 61.007 56.950 57.876 60.781 63.711 62.642 63.567 66.484 65.397 62.305 64.205 59.090 44.952 48.779 47.556 52.302 70.009 76.673 73.192 66.697 61.305 62.949 69.509 74.451 72.945 79.229 78.897 72.853 74.480 73.086 72.442 72.117 71.732 71.358 70.983 70.609 70.239 69.871 69.504 69.137 69.775 67.432 63.103 14.777 0.000 0.000 0.000 0.000 0.000 0.000 0.000 0.000 18.585 22.514
0.000 40.367 59.383 70.386 45.386 37.387 44.398 42.408 49.414 50.413 50.395 43.374 60.375 52.360 41.336 44.307 36.282 0.000 61.131 64.080 64.029 65.968 66.897 69.817 73.744 72.671 72.590 72.495 74.399 75.304 73.203 61.088 46.954 48.796 48.611 48.406 51.187 24.930 0.000 86.465 128.242 105.904 71.939 73.540 80.205 79.769 73.276 76.023 73.454 73.028 72.686 72.305 71.932 71.556 71.181 70.812 70.450 70.095 69.741 71.378 66.011 54.697 9.400 0.000 0.000 0.000 0.000 0.000 0.000 0.000 0.000 16.722 29.656 18.590
0.000 0.000 16.415 51.407 33.397 0.000 39.414 44.430 44.445 50.456 39.425 0.000 44.428 42.410 44.381 45.345 55.306 69.256 66.181 68.119 74.059 83.996 127.926 124.848 124.776 124.706 124.628 125.508 109.400 41.311 44.215 42.105 49.981 48.841 45.687 43.524 25.404 0.000 0.000 0.000 53.170 70.309 74.998 80.868 80.567 72.852 74.570 73.884 73.596 73.243 72.876 72.506 72.130 71.752 71.374 71.007 70.656 71.320 69.986 61.625 50.194 7.945 0.000 0.000 0.000 0.000 0.000 0.000 0.000 0.000 7.846 28.789 20.728 8.665
14.545 3.521 66.456 44.431 0.000 0.000 0.000 38.455 51.480 43.540 0.000 0.000 52.499 43.470 54.432 67.388 67.339 72.283 75.218 68.155 54.093 45.031 40.963 38.872 41.806 42.751 29.709 0.000 46.382 43.325 42.240 46.138 50.023 46.901 38.771 45.599 26.501 0.000 0.000 48.587 65.601 75.384 81.312 81.117 73.411 75.115 74.427 74.150 73.796 73.442 73.079 72.709 72.333 71.948 71.557 71.186 71.846 67.541 56.259 12.942 0.000 0.000 0.000 0.000 0.000 0.000 0.000 0.000 0.000 0.000 25.904 24.858 10.801 7.740
84.568 72.564 0.000 1.431 0.000 0.000 0.000 0.000 0.000 47.684 45.714 53.682 50.598 50.542 50.490 67.436 81.379 70.318 50.254 48.190 43.128 45.070 36.024 0.000 47.825 44.785 33.747 0.000 47.423 42.365 43.283 50.183 48.071 45.970 27.899 0.000 0.000 45.199 43.078 59.877 75.812 81.550 74.306 74.889 75.567 74.979 74.700 74.352 74.008 73.652 73.289 72.919 72.543 72.151 72.721 72.333 62.002 46.739 9.568 0.000 0.000 0.000 0.000 0.000 0.000 0.000 0.000 1.335 0.270 15.095 27.008 14.941 6.876 20.814
70.602 60.604 0.000 0.000 61.250 54.240 48.225 0.000 0.009 65.798 62.777 49.733 50.670 50.609 51.549 72.487 124.423 117.357 64.290 119.224 40.160 44.099 44.039 45.973 43.884 43.816 43.747 45.650 41.520 41.431 50.344 49.241 46.108 41.011 29.955 0.000 0.000 47.321 54.194 76.223 75.134 81.903 75.353 75.954 75.518 75.243 74.910 74.575 74.228 73.871 73.505 73.134 72.771 74.390 69.845 51.422 38.090 39.845 5.707 0.000 0.000 0.000 0.000 0.000 0.000 0.000 0.000 10.340 15.282 29.179 23.093 13.019 21.951 21.886
57.651 1.671 0.000 0.000 44.260 53.244 50.211 68.147 62.059 66.934 74.864 65.804 50.740 50.676 50.610 49.541 43.470 38.398 43.326 40.256 44.189 44.125 44.062 43.995 43.922 43.851 43.774 42.683 47.579 49.494 50.421 34.331 0.000 34.011 0.000 0.000 0.000 51.541 73.483 77.515 82.938 82.461 75.445 76.110 75.765 75.464 75.143 74.807 74.458 74.099 73.726 73.341 72.017 33.795 0.000 0.000 0.000 0.000 0.000 0.000 0.000 0.000 6.740 1.736 0.720 0.000 3.472 12.401 28.329 22.246 13.166 23.092 19.023 9.957
45.715 50.786 0.000 49.295 45.286 44.266 62.228 55.171 71.097 80.013 59.942 45.878 43.812 46.745 49.673 50.598 50.519 43.438 42.359 43.285 43.216 44.151 44.088 44.024 48.958 45.890 42.816 43.729 46.618 50.547 39.514 0.000 0.000 0.000 0.000 7.256 127.140 70.856 77.893 75.889 83.353 75.254 77.783 79.277 76.014 75.709 75.389 75.052 74.698 75.342 71.960 59.487 50.161 7.978 0.000 0.000 0.000 0.000 0.000 0.000 0.000 8.746 8.744 8.737 9.704 9.640 10.543 24.463 24.387 8.309 11.233 13.161 10.091 8.025
30.771 24.918 49.199 45.305 44.324 55.307 59.266 70.210 77.146 43.079 42.015 42.952 44.887 43.817 40.741 48.658 49.569 50.476 49.388 43.309 42.239 41.175 42.115 48.056 106.997 74.936 54.870 37.799 0.000 52.560 60.575 0.000 0.000 0.000 0.000 51.374 62.281 79.173 77.224 84.071 83.727 76.345 76.882 77.556 76.273 75.972 75.653 75.313 75.940 74.611 27.286 0.000 0.000 0.000 0.000 0.000 0.000 0.000 0.000 0.000 0.000 15.749 11.752 8.763 9.732 7.674 19.598 26.522 10.446 11.371 19.297 17.226 11.157 8.090
0.000 0.000 42.374 45.400 47.400 68.370 79.318 93.258 75.199 4.142 61.087 61.029 44.967 44.896 43.816 41.725 44.624 50.511 48.407 49.324 51.256 49.196 47.141 43.089 38.038 42.988 37.929 0.000 0.000 0.000 46.650 38.668 0.000 0.000 0.000 61.585 78.473 78.564 76.598 84.382 76.060 78.567 80.080 76.831 76.548 76.253 75.939 75.605 73.140 27.876 0.000 0.000 0.000 0.000 0.000 0.000 0.000 0.000 0.000 0.000 15.270 0.000 0.000 16.832 6.788 17.725 29.653 17.579 12.505 17.432 21.360 14.289 9.221 7.154
0.000 0.000 40.524 46.523 62.504 73.457 121.378 115.306 117.250 123.204 119.161 120.112 45.054 44.984 43.901 43.804 42.690 37.535 47.406 49.326 50.265 48.212 50.164 50.119 51.079 44.050 0.000 0.000 0.000 0.000 47.706 32.687 0.000 0.000 53.069 74.874 78.820 77.816 84.947 84.673 77.117 77.668 78.364 77.108 76.840 76.552 77.243 52.030 0.000 0.000 0.000 0.000 0.000 0.000 0.000 0.000 0.000 27.435 16.398 6.341 10.270 10.185 11.081 10.946 13.861 26.786 23.712 18.638 19.564 17.491 15.420 11.350 8.283 10.217
0.000 0.000 41.675 58.664 66.637 72.577 43.431 42.338 41.291 38.264 39.239 39.204 45.154 45.086 61.000 60.902 36.796 0.000 34.357 47.308 49.265 47.224 49.185 49.146 50.108 46.082 0.000 0.000 0.000 45.858 30.782 0.000 0.000 54.395 63.258 80.116 79.024 78.212 85.201 76.784 79.316 81.857 77.639 77.397 77.150 75.874 63.453 22.241 0.000 0.000 0.000 0.000 0.000 13.631 8.615 8.584 8.538 12.473 24.418 27.356 13.285 8.203 10.111 12.011 26.924 25.845 11.770 20.695 21.622 20.550 13.479 9.410 8.343 18.277
