results1/res_4e8f-0031.wd
ncols         241
nrows         181
xllcorner     12693529.787448
yllcorner     3542525.717860
cellsize      155.156523
NODATA_value  -9999.000000
[rows 33 to 65 of 181, columns 75 to 149 of 241]
0.000 0.000 0.000 0.000 0.000 0.000 0.000 0.000 0.000 0.000 0.000 0.000 0.000 0.000 0.000 0.000 0.000 0.000 0.000 0.000 0.000 0.000 0.000 0.000 0.000 0.000 0.000 0.000 0.000 0.000 0.000 0.000 0.000 0.000 0.000 0.000 0.000 28.634 51.634 56.636 12.637 0.000 0.000 21.721 35.740 2.730 0.000 25.794 28.806 22.813 23.814 24.806 24.792 24.771 24.745 23.719 29.699 49.690 0.000 3.507 1.235 36.268 52.989 57.676 56.365 57.084 55.729 57.918 53.063 52.664 52.819 55.177 54.490 54.319 55.064
0.000 0.000 0.000 0.000 0.000 0.000 0.000 0.000 0.000 0.000 0.000 0.000 0.000 0.000 0.000 0.000 0.000 0.000 0.000 0.000 0.000 0.000 0.000 0.000 0.000 0.000 0.000 0.000 0.000 0.000 0.000 0.000 0.000 0.000 0.000 0.000 0.000 0.000 3.634 0.000 0.000 0.000 0.000 0.000 17.797 0.000 0.000 15.821 39.849 38.859 28.859 24.850 24.831 24.802 24.765 23.725 45.694 43.692 0.000 26.579 39.292 52.766 57.377 57.025 56.710 56.325 57.487 53.595 52.893 53.311 55.705 55.027 54.867 54.616 55.385
0.000 0.000 0.000 0.000 0.000 0.000 0.000 0.000 0.000 0.000 0.000 0.000 0.000 0.000 0.000 0.000 17.511 49.511 2.511 0.000 0.000 0.000 0.000 0.000 0.000 0.000 0.000 0.000 0.000 0.000 0.000 0.000 0.000 0.000 0.000 0.000 0.000 0.000 0.000 0.000 0.000 0.000 0.000 0.000 9.854 0.000 0.000 0.000 17.909 35.913 35.914 26.905 24.881 24.842 22.787 38.722 47.660 0.000 12.327 36.937 51.557 58.126 57.725 57.368 56.945 59.074 55.145 53.245 53.815 56.228 55.557 55.404 55.156 54.924 54.694
0.000 0.000 0.000 0.000 0.000 0.000 0.000 0.000 0.000 4.498 42.499 0.000 0.000 0.000 0.000 0.000 24.512 75.512 31.512 0.000 0.000 0.000 0.000 0.000 0.000 0.000 0.000 0.000 0.000 0.000 0.000 0.000 0.000 0.000 0.000 0.000 0.000 0.000 0.000 0.000 0.000 0.000 0.000 0.000 12.911 13.941 20.961 6.972 16.965 24.972 37.979 28.974 24.948 21.897 32.821 42.715 31.565 7.228 36.717 54.286 58.874 58.452 58.059 57.597 57.685 56.721 53.713 54.340 56.763 56.094 55.942 55.695 55.461 55.225 54.995
0.000 0.000 0.000 0.000 0.000 0.000 0.000 0.000 0.000 25.499 60.499 49.501 36.502 0.000 0.000 9.513 63.513 71.513 36.513 0.000 0.000 0.000 0.000 11.856 0.000 0.000 0.000 0.000 0.000 0.000 0.000 0.000 0.000 0.000 0.000 0.000 0.000 0.000 0.000 0.000 17.929 0.000 0.000 28.939 43.937 46.952 44.971 30.990 25.008 24.032 38.056 29.064 21.040 34.978 48.885 36.752 24.657 39.404 44.026 56.618 59.195 58.780 58.283 58.327 56.329 54.295 54.893 57.317 56.648 56.496 56.244 56.004 55.761 55.522 55.287
0.000 0.000 0.000 0.000 0.000 0.000 0.000 0.000 0.000 0.000 58.500 41.502 22.503 0.000 5.513 55.513 66.514 73.515 32.515 0.000 0.000 0.000 0.000 49.856 33.857 0.000 0.000 0.000 0.000 0.000 0.000 0.000 0.000 0.000 12.913 24.913 26.914 0.000 0.000 8.927 33.929 12.933 26.937 49.941 52.947 53.960 50.980 38.008 25.045 22.093 39.151 30.185 34.170 52.091 45.988 0.000 22.908 41.703 54.367 59.962 59.537 59.012 59.010 56.980 55.011 55.482 57.900 57.230 57.074 56.815 56.565 56.310 56.059 55.815 55.573
0.000 0.000 0.000 0.000 0.000 0.000 0.000 0.000 0.000 0.000 0.000 9.504 47.506 43.510 31.513 44.515 64.516 75.517 28.518 0.000 0.000 0.000 0.000 11.857 35.857 37.859 0.000 0.000 0.000 0.000 0.000 0.000 0.000 0.000 28.913 29.913 41.914 24.917 13.921 27.925 28.929 24.933 31.937 38.943 36.950 29.962 48.981 15.020 31.069 34.144 24.270 36.354 49.366 46.228 0.000 0.000 34.366 51.131 59.777 60.342 59.808 59.756 56.696 55.908 56.120 58.520 57.847 57.686 57.420 57.159 56.886 56.612 56.350 57.107 49.862
0.000 0.000 0.000 0.000 0.000 0.000 0.000 0.000 0.000 0.000 0.000 0.000 66.509 61.512 51.514 41.517 65.519 73.521 68.523 53.527 8.528 0.000 0.000 0.000 0.000 45.861 29.862 27.864 38.865 33.866 0.000 0.000 0.000 0.000 28.913 27.913 48.914 54.917 43.920 35.924 27.928 24.932 25.937 26.942 25.949 23.956 31.964 0.000 0.000 0.000 29.433 52.595 50.711 0.000 0.000 34.529 48.056 57.690 61.237 60.803 61.580 57.517 57.077 56.832 59.192 58.510 58.337 58.064 57.794 57.509 57.208 56.901 56.624 56.402 42.255
0.000 0.000 0.000 0.000 0.000 0.000 0.000 0.000 0.000 0.000 0.000 0.000 0.000 38.514 13.517 49.520 68.522 73.524 71.526 69.529 58.531 17.533 0.000 0.000 0.000 1.861 40.862 40.864 53.866 51.868 44.870 39.872 0.000 0.000 0.000 32.911 51.913 58.916 50.919 34.923 23.927 24.932 24.937 24.941 24.946 24.951 28.954 0.000 0.000 0.000 0.000 36.884 6.172 4.179 39.303 43.999 55.660 62.236 62.077 60.300 58.591 58.682 57.662 59.941 59.233 59.037 58.748 58.469 58.180 57.875 57.539 57.158 57.844 49.620 32.503
0.000 0.000 0.000 0.000 0.000 0.000 0.000 0.000 0.000 0.000 0.000 0.000 0.000 0.000 70.521 70.523 72.526 72.528 71.531 65.533 59.534 30.535 0.000 0.000 0.000 0.000 0.000 8.865 53.866 47.868 62.872 59.875 38.880 17.889 18.898 27.908 49.912 58.915 49.918 32.922 22.926 27.931 26.937 24.941 24.944 24.947 25.949 17.947 0.000 0.000 0.000 0.000 0.000 41.806 44.728 52.529 63.206 63.297 61.657 63.508 60.996 58.683 60.806 60.041 59.798 59.478 59.180 58.881 58.581 58.271 56.914 65.349 62.975 35.732 25.634
0.000 0.000 0.000 0.000 4.621 27.621 0.000 5.627 45.627 34.628 38.629 13.629 0.000 0.000 6.524 78.527 72.530 69.533 66.535 69.537 60.538 23.539 0.000 0.000 0.000 0.000 0.000 0.000 0.000 0.000 51.873 52.875 3.877 0.000 0.000 31.910 49.912 54.914 44.917 35.920 33.923 0.000 2.939 30.941 24.943 24.945 25.946 31.946 39.945 1.945 0.000 0.000 14.896 47.512 51.287 62.037 64.221 63.863 67.329 65.880 60.073 61.839 60.962 60.638 60.265 59.930 59.606 59.294 58.994 58.715 64.498 0.000 0.000 14.699 32.666
0.000 0.000 0.000 0.000 4.621 47.622 0.000 39.627 41.628 53.629 36.630 21.630 0.000 0.000 0.000 63.530 75.535 72.539 72.542 73.543 67.544 21.544 0.000 0.000 0.000 0.000 0.000 0.000 0.000 0.000 0.000 36.875 0.000 0.000 0.000 37.911 34.912 46.914 3.915 0.000 0.000 0.000 0.000 0.000 34.943 28.944 0.000 21.945 55.945 38.945 0.000 0.000 19.288 53.028 61.864 64.946 64.695 68.981 68.304 61.465 62.968 61.978 61.554 61.112 60.725 60.363 60.022 59.695 59.385 59.099 63.863 6.761 0.000 0.000 0.000
36.603 0.000 0.000 0.000 0.000 58.624 34.626 36.627 42.628 66.630 67.631 62.633 16.635 0.000 0.000 0.000 23.541 77.547 72.550 73.550 70.550 29.550 0.000 0.000 0.000 0.000 0.000 0.000 0.000 0.000 0.000 0.000 0.000 0.000 0.000 0.000 0.000 0.000 0.000 0.000 0.000 0.000 0.000 0.000 0.000 9.943 6.943 0.000 0.000 0.000 0.000 8.327 45.856 62.816 64.483 65.404 69.754 69.451 62.452 63.978 62.984 62.498 61.997 61.560 61.155 60.779 60.422 60.081 59.752 59.431 62.097 45.658 2.843 0.000 0.000
40.605 36.606 0.000 0.000 0.000 50.626 52.626 52.628 64.629 61.631 73.634 72.636 33.637 0.000 0.000 0.000 0.000 79.560 72.560 73.559 70.557 30.556 0.000 0.000 0.000 39.548 51.546 20.545 0.000 0.000 0.000 0.000 0.000 0.000 0.000 0.000 0.000 0.000 0.000 0.000 0.000 0.000 0.000 0.000 0.000 0.000 0.000 0.000 0.000 0.000 6.097 46.686 63.715 64.328 70.482 70.031 63.619 64.196 64.704 63.879 63.394 62.875 62.406 61.969 61.560 61.173 60.806 60.454 60.112 66.775 7.436 0.000 15.956 0.000 0.000
42.606 43.609 35.612 0.000 40.627 35.627 43.627 56.628 60.631 71.634 72.637 71.640 40.641 0.000 0.000 0.000 0.000 78.574 72.571 73.568 68.564 48.562 32.562 33.559 33.555 41.550 62.546 29.544 0.000 0.000 0.000 0.000 0.000 0.000 0.000 0.000 0.000 0.000 0.000 0.000 0.000 0.000 0.000 0.000 0.000 0.000 0.000 0.000 3.990 34.805 44.391 63.442 65.087 71.782 71.226 64.091 65.829 65.179 64.647 64.190 63.697 63.228 62.778 62.351 61.941 61.549 61.176 60.818 67.468 13.121 0.000 0.000 1.300 6.847 8.350
56.609 39.612 43.616 43.622 34.627 27.630 0.000 0.000 2.633 61.636 72.641 70.645 55.648 22.650 0.000 0.000 47.606 68.592 73.583 72.577 73.571 63.567 39.564 36.560 35.556 44.551 62.546 45.541 31.534 32.528 36.524 47.521 11.519 0.000 0.000 0.000 0.000 0.000 0.000 0.000 0.000 0.000 0.000 0.000 0.000 0.000 0.000 0.000 15.151 55.029 63.025 65.722 72.547 72.213 64.737 66.429 65.673 65.318 64.889 64.442 63.996 63.557 63.130 62.714 62.306 61.907 61.532 67.173 13.820 0.000 0.000 0.000 0.519 6.901 0.000
72.611 43.614 37.617 38.623 40.631 40.635 29.639 0.000 0.000 0.000 6.647 77.653 67.655 45.654 37.649 44.638 43.620 45.606 53.594 54.585 41.578 38.572 36.568 36.563 35.558 44.553 59.547 38.541 35.534 40.528 56.523 59.520 44.518 18.518 0.000 0.000 0.000 0.000 0.000 0.000 0.000 0.000 0.000 0.000 0.000 0.000 0.000 5.847 47.762 63.431 66.311 72.970 72.798 65.346 67.022 66.268 65.936 65.527 65.118 64.703 64.287 63.875 63.471 63.070 62.663 62.239 67.872 13.522 0.000 0.000 0.000 0.000 0.000 0.469 9.597
72.614 58.617 0.000 0.000 45.639 41.641 52.644 43.643 0.000 0.000 0.000 65.667 62.665 47.661 38.655 35.645 35.632 38.618 51.603 59.591 62.583 55.577 45.572 38.567 37.562 53.555 56.548 31.541 35.534 35.526 36.521 40.517 19.517 0.000 0.000 0.000 0.000 0.000 0.000 0.000 0.000 0.000 0.000 0.000 0.000 8.843 40.575 48.528 62.116 73.472 73.141 66.266 66.900 67.512 66.861 66.528 66.133 65.748 65.357 64.964 64.573 64.187 63.808 63.431 64.036 70.516 14.194 0.000 0.000 0.000 0.000 0.000 0.000 2.599 21.583
72.618 72.624 59.633 42.639 42.644 42.649 33.653 0.000 0.000 6.695 58.692 55.683 58.678 51.673 52.666 52.656 52.644 55.630 50.609 50.595 52.586 56.581 57.578 55.573 51.567 62.559 60.551 48.542 49.533 49.525 51.517 26.511 0.000 0.000 0.000 0.000 0.000 0.000 0.000 0.000 0.000 0.000 0.000 0.000 43.284 43.999 65.107 65.749 74.497 74.050 68.681 68.438 67.866 67.439 67.097 66.718 66.346 65.971 65.597 65.223 64.855 64.493 64.142 64.811 68.534 1.214 0.000 0.000 0.000 0.000 0.000 0.000 0.000 16.600 12.583
71.621 72.628 69.635 47.643 41.650 42.657 43.666 35.676 0.000 50.699 47.698 48.695 49.691 44.686 48.679 53.670 61.660 46.651 0.000 0.000 0.000 55.582 51.585 51.580 51.573 51.564 51.554 51.544 51.533 51.522 49.511 44.499 17.484 0.000 0.000 38.333 45.310 57.278 27.250 0.000 0.000 0.000 0.000 44.781 55.563 67.561 68.273 75.137 74.854 69.255 68.976 68.282 67.992 67.641 67.280 66.919 66.557 66.196 65.835 65.479 65.129 64.788 65.456 68.138 15.836 0.000 0.000 0.000 0.000 0.000 0.000 0.000 12.640 18.620 3.600
61.625 72.631 72.638 62.646 38.656 41.666 42.677 42.688 48.700 57.705 41.707 38.708 36.706 43.702 58.696 57.687 42.674 22.662 0.000 0.000 0.000 0.000 40.599 35.592 35.582 35.570 35.559 36.546 39.534 40.521 40.507 39.491 40.469 39.436 39.400 48.356 55.319 53.275 60.222 58.130 52.990 50.793 53.455 65.299 68.929 68.794 75.511 75.356 69.816 69.518 68.813 68.528 68.172 67.824 67.472 67.120 66.769 66.419 66.071 65.728 65.396 66.073 66.758 5.447 0.000 0.000 0.000 0.000 0.000 0.000 0.000 0.000 23.664 9.642 0.000
39.629 67.634 71.641 52.650 35.661 34.675 42.687 42.699 41.709 35.714 36.718 42.724 59.725 58.722 41.715 34.706 24.690 0.000 44.696 53.686 49.670 50.650 53.622 56.606 55.592 56.578 59.564 58.550 55.536 57.522 52.506 38.488 42.467 41.439 46.409 64.374 71.334 68.281 62.235 57.175 59.066 65.820 70.921 69.548 75.982 75.675 69.682 71.335 69.972 69.358 69.062 68.704 68.359 68.011 67.664 67.321 66.980 66.640 66.301 66.967 64.653 60.351 12.054 0.000 0.000 0.000 0.000 0.000 0.000 0.000 0.000 9.796 13.711 7.645 5.589
32.632 51.637 62.643 37.651 29.665 36.685 34.700 41.713 42.722 42.724 35.729 52.745 44.747 33.744 36.739 28.733 0.000 53.720 56.706 56.692 58.676 59.657 62.636 66.618 65.602 65.587 65.569 67.553 68.539 66.524 54.508 40.490 42.470 42.447 42.422 45.395 19.365 0.000 82.259 124.293 102.138 68.323 70.056 76.932 76.511 70.074 72.848 70.305 69.907 69.592 69.239 68.893 68.544 68.197 67.854 67.519 67.189 66.861 68.526 63.186 51.897 6.624 0.000 0.000 0.000 0.000 0.000 0.000 0.000 0.000 7.977 20.883 9.744 9.640 5.547
0.000 8.639 43.642 25.646 0.000 31.700 36.715 36.730 42.743 31.734 0.000 36.779 34.776 36.771 37.763 47.755 61.750 58.734 60.718 66.702 76.685 120.666 117.646 117.629 117.613 117.598 118.574 102.556 34.542 37.528 35.512 43.495 42.477 39.457 37.436 19.422 0.000 0.000 0.000 49.474 66.690 71.475 77.565 77.279 69.619 71.364 70.704 70.441 70.114 69.773 69.430 69.081 68.729 68.378 68.037 67.710 68.398 67.089 58.755 47.356 5.126 0.000 0.000 0.000 0.000 0.000 0.000 0.000 0.000 0.000 20.074 12.018 0.000 1.624 13.516
0.000 58.640 36.640 0.000 0.000 0.000 30.732 43.750 35.788 0.000 0.000 44.817 35.809 46.799 59.788 59.776 64.763 67.747 60.730 46.713 37.696 33.678 31.654 34.638 35.626 22.616 0.000 39.556 36.547 35.534 39.519 43.502 40.485 32.468 39.446 20.433 0.000 0.000 45.123 62.084 71.890 77.981 77.800 70.152 71.882 71.218 70.964 70.635 70.306 69.968 69.623 69.273 68.914 68.550 68.204 68.888 64.605 53.343 10.049 0.000 0.000 0.000 0.000 0.000 0.000 0.000 0.000 0.000 0.000 17.329 16.229 2.129 0.000 11.683 11.527
63.643 0.000 0.000 0.000 0.000 0.000 0.000 0.000 39.871 37.897 45.892 42.863 42.845 42.829 59.813 73.797 62.780 42.762 40.743 35.725 37.708 28.695 0.000 40.644 37.635 26.627 0.000 40.565 35.555 36.542 43.527 41.510 39.495 21.485 0.000 0.000 41.828 39.696 56.468 72.393 78.200 71.012 71.611 72.311 71.745 71.488 71.162 70.841 70.508 70.169 69.823 69.472 69.105 69.704 69.342 59.034 43.789 6.630 0.000 0.000 0.000 0.000 0.000 0.000 0.000 0.000 0.000 0.000 6.512 18.432 6.368 0.000 12.022 12.881 0.609
51.656 0.000 0.000 53.052 46.055 40.056 0.000 0.000 57.928 54.928 41.918 42.899 42.879 43.860 64.840 116.820 109.798 56.777 111.756 32.736 36.718 36.701 38.683 36.660 36.644 36.629 38.610 34.585 34.568 43.553 42.536 39.515 34.501 23.493 0.000 0.000 43.959 50.828 72.851 71.762 78.555 72.064 72.682 72.263 72.007 71.695 71.380 71.054 70.719 70.375 70.027 69.687 71.331 66.820 48.426 35.116 36.888 2.759 0.000 0.000 0.000 0.000 0.000 0.000 0.000 0.000 1.759 6.698 20.595 14.518 4.446 13.357 13.166 2.035 0.000
0.000 0.000 0.000 36.050 45.056 42.058 60.051 54.029 58.987 66.969 57.953 42.935 42.914 42.892 41.868 35.843 30.818 35.793 32.769 36.747 36.727 36.708 36.689 36.670 36.653 36.636 35.617 40.596 42.580 43.566 27.551 0.000 27.500 0.000 0.000 0.000 48.194 70.137 74.171 79.624 79.134 72.161 72.840 72.510 72.226 71.923 71.606 71.277 70.939 70.587 70.224 68.919 30.711 0.000 0.000 0.000 0.000 0.000 0.000 0.000 0.000 0.000 0.000 0.000 0.000 0.000 3.817 19.760 13.652 4.603 14.543 10.460 1.330 0.000 0.000
42.090 0.000 41.003 37.041 36.064 54.071 47.066 63.049 72.023 52.007 37.992 35.973 38.951 41.926 42.898 42.868 35.837 34.808 35.780 35.756 36.734 36.715 36.696 41.679 38.662 35.645 36.627 39.604 43.589 32.582 0.000 0.000 0.000 0.000 3.935 123.816 67.526 74.562 72.562 80.048 71.961 74.502 76.008 72.759 72.469 72.165 71.844 71.509 72.172 68.810 56.363 47.055 4.883 0.000 0.000 0.000 0.000 0.000 0.000 0.000 0.011 0.058 0.175 1.016 1.006 2.000 15.922 15.873 0.000 2.699 4.666 1.646 0.000 2.960 7.973
16.277 40.743 36.964 36.051 47.086 51.097 62.093 69.080 35.050 34.046 35.034 37.016 35.992 32.964 40.931 41.895 42.856 41.820 35.789 34.763 33.741 34.721 40.703 99.687 67.672 47.657 30.642 0.000 45.590 53.591 0.000 0.000 0.000 0.000 48.055 58.961 75.852 73.906 80.776 80.428 73.057 73.602 74.288 73.016 72.728 72.423 72.098 72.743 71.429 24.119 0.000 0.000 0.000 0.000 0.000 0.000 0.000 0.000 0.000 0.000 4.163 0.502 0.297 1.024 0.000 11.068 18.015 1.968 2.926 10.829 8.775 2.735 0.000 4.950 23.958
0.000 33.987 37.061 39.112 60.134 71.137 85.132 67.127 0.000 53.095 53.084 37.065 37.039 36.007 33.968 36.923 42.874 40.829 41.794 43.767 41.745 39.726 35.709 30.695 35.683 30.669 0.000 0.000 0.000 39.603 31.606 0.000 0.000 0.000 58.270 75.158 75.250 73.286 81.090 72.767 75.280 76.801 73.561 73.289 73.004 72.702 72.382 69.936 24.682 0.000 0.000 0.000 0.000 0.000 0.000 0.000 0.000 0.000 0.000 7.200 0.000 0.000 8.695 0.000 9.292 21.182 9.103 4.042 8.982 12.918 5.872 0.806 0.000 11.936 31.940
0.000 32.158 38.183 54.202 65.203 113.184 107.172 109.169 115.178 111.156 112.141 37.121 37.093 36.056 36.011 34.958 29.886 39.828 41.793 42.767 40.746 42.728 42.714 43.702 36.694 0.000 0.000 0.000 0.000 40.613 25.609 0.000 0.000 49.758 71.562 75.508 74.507 81.658 81.382 73.825 74.382 75.084 73.836 73.576 73.298 73.999 48.793 0.000 0.000 0.000 0.000 0.000 0.000 0.000 0.000 0.000 19.505 8.494 0.000 2.200 2.039 2.823 2.720 5.594 18.402 15.267 10.175 11.105 9.045 6.989 2.939 0.000 0.000 19.921 35.923
0.000 33.305 50.310 58.310 64.292 35.226 34.202 33.201 30.210 31.211 31.203 37.186 37.156 53.114 53.065 29.011 0.000 26.805 39.782 41.762 39.744 41.729 41.716 42.705 38.698 0.000 0.000 0.000 38.641 23.627 0.000 0.000 51.084 59.947 76.806 75.715 74.906 81.914 73.490 76.025 78.571 74.359 74.122 73.883 72.614 60.204 18.998 0.000 0.000 0.000 0.000 0.000 5.713 0.692 0.662 0.611 4.518 16.482 19.417 5.335 0.221 1.822 3.768 18.661 17.457 3.310 12.224 13.159 12.103 5.057 1.001 0.000 7.905 27.908 35.909
