results1/res_4e8f-0039.wd
ncols         241
nrows         181
xllcorner     12693529.787448
yllcorner     3542525.717860
cellsize      155.156523
NODATA_value  -9999.000000
[rows 66 to 98 of 181, columns 74 to 147 of 241]
21.330 0.000 46.762 63.752 62.739 62.726 0.000 34.366 34.360 47.373 43.382 42.372 42.342 41.292 117.217 105.134 0.000 0.000 0.000 38.617 33.607 38.603 41.585 41.557 43.517 44.483 49.453 50.425 51.395 42.356 0.000 0.000 42.165 92.165 74.089 77.960 78.057 76.126 84.097 76.569 77.054 77.801 76.581 76.368 77.171 47.022 0.000 0.000 0.000 0.000 0.000 0.000 0.000 9.690 7.678 7.657 7.626 7.587 7.547 11.504 24.456 21.403 6.347 17.290 26.235 5.184 8.134 14.085 19.037 14.990 8.944 6.898 4.853 19.811
48.324 0.000 34.915 58.895 57.881 51.887 4.947 0.000 0.000 40.425 53.477 42.481 41.461 42.416 23.316 0.000 0.000 0.000 0.000 0.000 0.000 49.640 47.628 45.600 28.536 31.490 38.452 39.427 44.405 35.380 0.000 0.000 0.000 52.378 70.303 77.257 77.367 84.512 84.312 76.637 77.330 77.049 76.845 76.641 71.460 29.331 0.000 0.000 26.511 0.000 0.000 0.000 15.713 10.714 7.700 7.677 7.646 7.610 7.569 7.525 7.477 14.426 28.374 29.320 12.267 6.216 7.167 8.119 12.071 11.024 6.977 6.930 7.884 26.840
43.304 48.220 46.090 60.031 53.003 53.996 51.008 0.000 0.000 0.000 55.621 50.616 45.605 47.594 0.000 0.000 0.000 0.000 0.000 0.000 0.000 48.691 44.686 35.679 0.000 0.000 36.439 48.426 47.416 0.000 0.000 0.000 54.838 46.664 50.527 57.633 72.720 84.696 76.364 77.924 77.495 77.312 77.101 74.894 57.696 36.513 42.512 40.512 21.511 0.000 0.000 0.000 0.000 24.751 6.733 7.706 11.674 19.636 9.594 7.550 6.502 10.452 25.401 32.349 24.298 10.248 5.199 7.152 7.104 7.057 7.010 5.962 12.911 33.867
42.330 46.267 57.192 51.139 44.104 63.085 52.080 4.098 0.000 0.000 47.770 63.757 58.750 58.762 61.828 0.000 0.000 0.000 0.000 0.000 0.000 46.746 37.747 40.752 0.000 0.000 0.000 84.422 111.419 26.419 0.000 54.149 49.014 48.885 48.828 44.944 85.033 84.870 77.406 81.017 77.769 77.566 77.357 69.137 21.916 0.000 44.512 22.512 0.000 0.000 0.000 12.878 11.855 10.807 6.775 10.742 22.706 27.667 25.624 18.578 8.530 17.480 25.429 4.378 10.328 23.279 20.231 16.185 24.138 5.092 7.044 4.996 17.933 40.892
48.377 58.327 50.273 42.228 42.191 55.161 63.131 59.116 62.093 64.038 58.934 53.892 55.875 44.877 43.895 0.000 0.000 0.000 0.000 51.828 50.821 38.801 40.805 41.830 45.894 44.936 0.000 0.000 0.000 0.000 0.529 60.284 53.184 48.068 49.201 47.285 85.179 47.012 54.608 69.209 77.035 77.827 75.625 34.381 0.000 0.000 0.000 0.000 0.000 0.000 13.917 7.901 7.880 7.849 8.816 18.781 27.743 26.701 26.656 22.609 18.559 28.509 11.458 6.407 7.358 7.309 17.263 30.218 17.173 5.127 6.079 12.045 0.003 4.917
59.432 49.390 42.347 43.308 43.273 45.235 29.169 55.142 53.124 45.088 42.036 41.001 56.982 58.977 45.979 0.000 0.000 0.000 51.838 47.836 44.833 37.832 41.842 41.869 41.916 41.978 1.551 5.216 6.428 8.640 76.653 73.511 62.331 61.363 50.410 85.434 85.314 49.062 55.716 50.497 57.305 76.082 50.935 0.000 0.000 0.000 0.000 0.000 0.000 0.000 13.933 7.931 7.917 7.892 8.861 17.825 27.784 26.740 25.692 22.642 27.591 21.539 5.487 7.435 7.386 7.339 17.294 25.251 4.210 7.166 10.102 29.060 46.034 24.975
49.490 42.454 43.418 43.385 44.357 25.338 0.000 12.158 40.175 43.155 43.121 43.094 41.077 65.069 49.067 0.000 0.000 0.000 28.841 45.844 39.846 40.851 41.864 41.888 41.925 41.973 53.036 0.000 0.000 15.839 68.822 78.768 0.709 82.542 72.779 85.537 47.625 61.274 57.923 47.797 44.606 41.262 26.099 0.000 0.000 9.291 0.000 0.000 0.000 0.000 9.952 7.972 7.964 7.942 7.911 8.873 14.829 22.782 22.731 22.678 26.623 4.569 7.515 7.463 6.413 12.366 29.322 12.283 6.249 9.226 0.000 0.000 22.066 0.000
42.550 43.517 43.486 43.457 46.434 2.421 0.454 0.000 38.263 43.236 45.199 43.178 42.164 60.156 56.152 0.000 0.000 0.000 0.000 36.853 39.856 41.863 41.875 41.895 41.922 43.956 29.996 0.000 0.000 66.055 69.027 79.984 85.925 79.970 78.003 85.622 68.672 71.380 56.226 49.134 42.062 0.000 0.000 0.000 0.000 7.291 0.000 0.000 0.000 0.000 0.000 11.040 8.027 8.002 7.968 7.927 7.879 7.827 14.772 22.715 10.656 7.598 7.542 7.488 10.437 23.390 23.347 5.310 7.280 10.262 0.000 0.000 49.100 39.105
43.610 43.581 43.552 43.525 43.502 47.488 48.488 48.455 44.378 44.329 24.261 41.255 42.246 58.239 57.234 0.000 0.000 0.000 0.000 35.860 41.863 41.870 41.880 41.894 41.912 29.934 0.000 0.000 0.000 71.299 77.252 80.185 80.159 79.230 85.734 78.148 80.871 75.563 60.508 50.449 49.447 49.580 0.000 0.000 0.000 4.292 11.294 4.295 0.000 0.000 0.000 26.122 7.102 8.072 8.033 7.987 8.934 7.877 7.816 7.753 7.690 7.627 7.567 6.511 12.458 27.410 4.366 7.329 7.299 9.280 0.000 0.000 51.128 43.121
43.671 43.644 43.616 43.588 43.562 43.541 43.525 43.501 43.465 47.441 0.000 34.336 43.327 59.318 54.313 0.000 0.000 0.000 0.000 40.865 43.867 43.873 43.881 41.890 44.898 0.000 0.000 0.000 63.748 69.589 80.496 80.387 80.508 78.559 85.941 79.283 83.931 79.825 80.761 68.713 56.694 45.714 40.714 42.714 0.000 0.000 10.295 5.296 11.297 12.296 10.283 16.225 26.188 8.150 9.106 18.054 24.995 6.930 7.862 7.792 7.722 7.655 6.590 11.530 30.475 24.425 13.381 6.342 7.309 9.279 24.246 42.209 43.164 43.139
43.734 43.708 43.680 43.649 43.617 43.591 46.570 44.558 43.542 47.529 0.000 34.425 43.410 60.395 52.386 0.000 0.000 0.000 0.000 13.867 23.869 22.874 22.880 43.887 28.892 0.000 0.000 0.000 65.907 75.818 80.723 80.686 79.797 86.615 86.300 80.350 81.196 80.055 80.000 80.947 71.904 36.868 0.000 0.000 0.000 0.000 8.296 8.297 5.300 7.308 8.329 7.307 14.275 28.235 11.187 9.129 19.062 6.988 7.910 7.831 7.753 7.679 7.609 15.545 28.487 15.435 27.390 5.350 6.315 11.283 32.250 44.216 43.181 43.152
43.800 43.776 43.748 43.712 46.668 48.634 20.608 41.619 44.616 46.605 6.595 37.530 42.492 54.465 52.451 0.000 0.000 0.000 0.000 0.000 0.000 0.000 0.000 24.887 0.000 0.000 0.000 14.300 64.154 81.051 80.935 81.056 79.148 86.897 78.937 84.645 80.340 80.295 80.229 80.171 70.106 30.987 0.000 0.000 0.000 0.000 0.000 11.297 12.298 0.000 7.417 8.400 8.370 12.329 28.277 11.213 8.137 8.050 7.959 7.869 7.782 5.700 11.623 30.553 11.492 10.439 24.394 8.354 6.319 13.287 39.256 44.226 43.194 43.162
43.867 43.847 43.823 45.786 21.708 23.671 0.000 3.696 39.697 43.679 47.652 43.607 46.565 51.524 56.503 0.000 0.000 0.000 0.000 0.000 0.000 0.000 0.000 0.000 0.000 0.000 0.000 73.446 75.362 81.268 81.230 80.355 87.399 87.157 80.001 80.715 80.587 80.518 80.455 79.401 59.362 0.000 0.000 0.000 0.000 0.000 0.000 0.000 3.298 0.000 14.523 11.507 7.477 7.435 9.380 26.310 15.222 7.117 8.009 7.904 6.806 11.715 13.630 12.554 9.490 7.437 7.392 7.354 8.320 21.290 43.263 44.236 46.208 42.169
43.937 43.924 43.910 48.900 0.000 0.000 9.933 1.853 35.799 44.763 42.726 44.683 56.635 28.564 22.533 0.000 0.000 0.000 0.000 0.000 0.000 0.000 0.000 0.000 0.000 0.000 60.814 65.676 79.579 81.464 81.599 79.702 87.619 79.501 81.175 80.869 80.810 80.736 80.672 72.617 49.580 0.000 0.000 0.000 0.000 0.000 0.000 0.000 0.000 0.000 18.645 13.628 7.597 5.555 8.499 8.426 24.325 17.188 8.054 8.933 6.824 13.724 13.630 10.544 4.478 7.426 7.385 9.349 23.319 42.292 44.269 47.249 39.234 0.196
43.007 43.000 42.996 46.004 16.042 13.037 44.992 49.945 43.891 41.848 48.807 58.766 61.729 0.000 0.000 0.000 0.000 0.000 0.000 0.000 0.000 0.000 0.000 0.000 0.000 0.000 62.952 70.870 80.775 81.768 80.811 88.022 87.827 80.531 81.234 81.096 81.018 80.946 80.879 62.816 44.760 0.000 0.000 0.000 0.000 0.000 0.000 0.000 0.000 0.000 16.784 14.763 14.730 11.688 4.636 6.568 7.466 23.256 23.087 19.951 16.834 9.727 8.623 5.513 6.451 7.407 11.371 31.340 43.314 43.291 44.272 43.256 34.247 0.000
58.075 57.072 55.072 52.077 53.086 53.079 50.052 51.016 52.974 52.931 58.888 60.844 18.786 0.000 0.000 0.000 0.000 0.000 0.000 0.000 0.000 0.000 0.000 0.000 1.426 9.325 64.172 81.069 81.979 81.932 81.165 88.203 80.007 81.680 81.368 81.303 81.221 81.150 79.082 61.008 31.884 0.000 0.000 0.000 0.000 0.000 0.000 0.000 0.000 0.000 6.944 10.912 13.873 14.831 13.789 10.747 6.713 0.735 0.000 0.000 0.000 0.000 0.000 9.433 7.408 10.379 31.352 44.328 43.306 44.287 47.271 43.259 40.251 21.249
57.142 56.141 58.143 60.146 59.148 58.140 56.121 54.093 54.057 55.016 50.972 50.936 0.000 0.000 0.000 0.000 0.000 0.000 0.000 0.000 0.000 0.000 0.000 0.000 50.510 73.439 72.343 81.256 82.149 82.282 80.392 88.370 82.098 81.703 81.579 81.495 81.418 81.349 77.292 57.251 0.000 0.000 0.000 0.000 0.000 0.000 0.000 0.000 0.000 14.254 9.136 6.069 8.018 12.975 14.941 14.919 15.922 6.989 0.000 0.000 0.000 0.000 0.000 10.380 8.369 24.351 45.332 43.313 43.295 43.280 44.267 43.257 43.250 34.247
43.206 44.209 51.213 60.217 66.218 54.214 48.201 43.178 41.146 40.103 46.048 24.992 0.000 0.000 0.000 0.000 0.000 0.000 0.000 0.000 0.000 0.000 0.000 0.000 56.621 72.577 80.509 82.431 82.406 81.544 88.663 88.523 84.115 81.920 81.759 81.683 81.605 81.538 76.485 51.453 0.000 0.000 0.000 0.000 0.000 0.000 0.000 0.000 14.472 9.372 9.279 9.209 8.154 5.112 10.082 14.065 15.068 12.091 0.000 0.000 0.000 0.000 13.324 7.338 11.335 39.325 43.312 43.297 43.283 43.271 43.260 43.252 43.246 18.244
42.269 46.276 51.283 53.291 56.296 46.296 42.289 43.274 43.247 45.204 23.126 0.000 0.000 0.000 0.000 0.000 0.000 0.000 0.000 0.000 0.000 0.000 0.000 0.000 42.776 71.739 81.683 82.593 82.733 80.853 88.790 81.663 83.335 82.016 81.950 81.862 81.784 81.714 72.657 45.623 0.000 0.000 0.000 0.000 0.000 0.000 0.000 13.669 9.573 9.482 9.401 9.334 9.280 9.238 6.209 5.193 8.194 15.215 15.270 0.000 0.000 0.000 7.311 8.314 26.311 43.303 42.293 42.281 43.270 43.260 43.251 43.244 42.240 8.237
42.331 44.342 45.354 43.367 42.378 43.386 42.388 42.381 42.363 47.341 0.000 0.000 0.000 0.000 0.000 0.000 0.000 0.000 0.000 0.000 0.000 0.000 0.000 0.000 50.969 79.923 82.861 82.846 81.989 89.020 88.910 84.659 82.360 82.215 82.125 82.037 81.954 82.876 62.807 50.759 0.000 0.000 13.256 0.000 13.019 14.972 14.889 9.766 9.669 9.584 9.509 9.446 9.393 9.352 9.322 8.305 5.300 14.308 15.324 8.324 0.000 0.000 15.296 7.295 15.291 21.284 24.275 28.266 34.257 40.248 42.241 42.235 40.231 5.230
43.391 43.408 43.426 43.445 42.465 42.483 42.495 42.498 41.485 49.455 0.451 0.000 0.000 0.000 0.000 0.000 0.000 0.000 0.000 0.000 0.000 0.000 0.000 35.351 71.207 82.124 83.027 83.182 81.288 89.117 82.111 83.785 82.469 82.394 82.298 82.207 82.118 83.029 54.936 32.848 0.000 0.000 9.256 0.000 8.066 10.009 9.929 9.837 9.753 9.676 9.607 9.547 9.496 9.455 9.424 7.404 9.394 15.393 12.396 0.000 0.000 0.000 14.283 13.279 12.274 11.267 10.259 9.251 13.243 24.236 20.230 22.225 26.222 7.220
41.450 41.472 41.496 41.524 41.554 41.584 42.613 44.633 46.625 21.540 0.000 0.000 0.000 0.000 0.000 0.000 0.000 0.000 0.000 2.208 0.000 0.000 5.599 46.494 77.391 83.298 83.302 82.346 89.283 89.205 85.100 82.807 82.658 82.564 82.469 82.375 82.282 78.186 25.061 0.000 0.000 0.000 9.257 15.259 10.169 10.071 9.981 9.902 9.829 9.761 9.697 9.639 9.589 9.548 9.516 6.493 15.480 15.474 11.473 0.000 0.000 0.000 13.274 12.265 13.259 13.252 13.244 13.237 13.229 12.223 12.218 11.214 10.211 10.210
42.506 45.533 49.564 52.601 56.642 58.689 61.740 60.795 52.843 0.000 2.655 26.702 0.000 0.000 0.000 0.000 0.000 0.000 33.208 60.208 0.201 0.000 39.704 72.637 82.554 83.476 83.427 82.669 89.349 81.537 83.225 82.909 82.833 82.735 82.640 82.543 83.449 70.373 0.000 0.000 0.000 0.000 0.000 9.350 10.283 12.125 12.022 9.961 9.902 9.841 9.781 9.724 9.675 9.632 6.599 11.574 14.558 15.550 6.548 0.000 0.000 0.000 0.000 18.250 18.245 15.237 12.230 12.222 13.215 14.209 14.205 13.201 13.200 14.199
43.558 50.590 59.628 60.673 59.725 58.788 57.865 54.964 49.110 24.388 41.608 59.749 28.881 12.953 0.000 0.000 0.000 4.204 43.208 57.209 0.000 14.987 56.876 81.794 84.722 83.596 83.836 81.831 89.401 83.524 83.240 83.093 83.000 82.906 82.811 82.710 84.597 28.485 0.000 0.000 0.000 0.000 0.000 5.508 11.488 0.000 0.000 9.018 9.978 9.921 9.861 9.804 9.752 8.709 6.674 15.647 15.629 12.620 6.623 12.650 0.000 0.000 0.000 29.241 44.233 37.224 33.215 29.207 25.201 28.195 28.191 11.188 12.188 13.192
44.606 47.642 50.686 49.737 47.799 45.875 43.968 42.087 42.243 51.447 53.642 50.806 47.941 52.025 0.196 0.000 0.000 44.200 74.210 25.212 21.183 55.098 79.019 83.950 83.857 84.017 82.003 89.470 81.929 83.647 83.334 83.263 83.168 83.078 82.987 85.889 42.743 0.000 0.000 0.000 0.000 0.000 0.000 7.687 12.673 0.000 0.000 6.116 10.070 10.006 9.939 9.877 9.823 6.778 14.740 15.712 14.691 5.678 9.674 9.678 0.000 0.000 0.000 0.000 27.222 45.211 44.201 44.192 44.185 44.180 38.175 28.172 14.171 0.000
44.649 44.688 43.735 43.791 44.860 44.943 45.046 43.173 44.330 49.515 52.707 48.890 44.054 47.180 2.274 0.000 0.000 36.186 46.220 24.247 57.240 72.203 81.154 84.101 84.088 83.230 89.863 89.610 82.925 83.656 83.514 83.425 83.335 83.249 83.171 86.118 0.000 0.000 1.476 10.475 0.000 0.000 8.974 11.881 10.845 17.866 0.000 6.259 10.182 10.093 10.012 9.943 7.886 9.838 15.799 15.769 7.746 8.729 9.717 9.709 0.000 0.000 0.000 0.000 0.000 27.198 43.185 43.176 43.169 43.164 44.159 44.156 19.154 0.000
44.686 44.726 44.775 44.834 44.906 44.993 44.100 43.231 47.390 51.576 51.781 46.995 43.203 48.378 1.597 0.000 0.000 32.138 1.252 48.315 72.328 78.318 84.299 84.217 84.487 82.523 90.086 82.350 84.063 83.751 83.681 83.588 83.499 83.412 90.330 74.294 0.000 0.000 47.476 33.476 0.000 0.000 4.067 12.019 10.961 10.888 16.734 14.481 13.305 10.174 10.074 9.999 6.940 14.891 15.851 11.819 6.794 9.775 9.758 11.733 15.733 0.000 0.000 0.000 0.000 0.000 40.166 43.159 43.152 43.147 44.142 42.138 16.136 0.000
44.716 44.757 44.806 44.865 44.937 44.023 43.129 45.260 49.422 52.619 48.846 44.108 43.386 46.681 29.060 16.430 17.726 14.056 15.305 55.397 76.437 82.452 84.424 84.637 82.694 90.472 90.289 83.363 84.077 83.930 83.840 83.749 83.661 88.570 31.444 46.433 16.466 47.475 55.476 0.000 0.000 0.000 3.209 12.165 11.093 10.990 20.834 31.627 5.385 15.223 11.111 8.040 9.983 15.935 14.895 5.862 8.837 9.819 9.808 0.000 0.000 0.000 0.000 0.000 0.000 0.000 21.154 42.142 43.135 43.130 47.125 43.120 32.115 0.000
44.740 44.780 44.828 44.885 44.953 43.035 43.135 47.259 54.419 55.632 51.878 47.202 45.553 45.901 48.225 48.506 57.692 0.000 33.486 71.533 78.573 84.599 84.653 83.862 90.796 90.639 83.727 84.507 84.169 84.094 83.998 83.909 83.827 91.763 0.000 29.527 31.492 21.482 23.479 0.000 0.000 0.000 6.397 12.341 11.257 17.144 32.987 9.807 0.000 0.000 9.107 7.067 15.018 15.972 11.932 8.899 9.874 9.856 11.847 0.000 0.000 0.000 0.000 0.000 0.000 0.000 0.000 33.120 43.117 43.113 48.108 43.101 43.090 32.068
44.757 44.795 44.840 44.893 43.956 43.029 45.116 52.222 29.366 5.610 4.833 2.270 32.725 50.144 45.434 48.675 29.845 0.000 38.621 76.673 82.731 84.723 85.058 83.160 90.940 84.069 84.845 84.413 84.353 84.246 84.152 84.061 84.974 82.892 4.786 4.656 0.000 0.000 0.000 0.000 0.000 5.786 13.640 11.544 10.452 30.342 34.164 0.000 0.000 0.000 5.145 11.102 16.051 16.003 5.962 9.928 9.903 9.886 12.877 0.000 0.000 0.000 0.000 0.000 0.000 0.000 0.000 21.102 43.101 43.098 49.093 43.087 43.078 37.064
44.768 44.803 44.845 43.893 42.948 45.010 48.078 56.149 15.211 0.000 0.000 0.000 0.000 32.515 47.692 48.915 35.168 37.514 63.703 80.818 84.870 85.156 83.280 91.192 91.072 85.056 84.751 84.601 84.497 84.398 84.301 84.208 87.119 72.044 0.937 0.000 0.000 0.000 0.000 0.000 0.000 5.933 12.835 11.743 9.665 37.608 0.000 0.000 0.000 11.330 16.226 16.146 16.081 14.028 8.984 9.950 9.925 9.908 11.899 0.000 15.912 0.000 0.000 0.000 0.000 0.000 0.000 14.087 43.086 43.084 43.081 43.076 43.070 41.062
44.774 44.806 44.844 43.886 42.934 46.985 51.038 55.086 13.119 0.000 0.000 0.000 0.000 12.710 55.905 51.125 57.398 70.670 79.864 83.990 85.131 84.397 91.404 91.302 84.402 85.176 84.832 84.748 84.643 84.544 84.449 88.352 51.248 23.146 0.000 0.000 0.000 0.000 0.000 0.000 8.377 13.177 12.025 13.927 10.859 34.818 0.000 0.000 6.619 13.435 29.282 18.177 15.100 11.043 8.998 8.964 9.939 9.922 9.913 14.913 10.912 1.912 0.000 0.000 0.000 10.064 12.066 11.072 43.073 43.072 43.070 43.067 43.064 41.062
44.775 44.804 44.838 42.875 44.916 50.959 52.003 50.038 37.059 0.000 0.000 0.000 0.000 0.000 9.094 5.283 45.629 76.905 81.090 85.188 85.487 83.721 91.496 83.724 85.502 85.066 84.999 86.886 85.784 84.688 84.597 90.504 13.376 0.000 0.000 0.000 0.000 0.000 0.000 28.753 28.577 16.376 13.161 24.082 19.026 19.987 0.000 0.000 4.803 9.510 20.292 16.179 20.102 14.045 17.002 15.970 12.945 9.929 8.919 8.914 14.913 0.000 0.000 0.000 0.000 7.063 7.062 17.063 43.063 43.062 43.061 43.059 43.058 17.060
