results1/res_4e8f-0176.wd
ncols         241
nrows         181
xllcorner     12693529.787448
yllcorner     3542525.717860
cellsize      155.156523
NODATA_value  -9999.000000
[rows 66 to 98 of 181, columns 73 to 145 of 241]
71.610 35.597 0.000 60.742 77.719 76.688 76.660 0.000 48.057 48.041 61.054 57.065 56.045 55.999 54.930 130.831 118.658 0.000 0.000 0.000 51.383 46.320 51.225 54.162 54.110 56.062 57.015 61.958 62.906 63.858 54.823 0.000 0.000 52.113 102.113 84.026 87.891 87.980 86.033 93.952 86.443 86.922 87.662 86.434 86.213 87.008 56.853 0.000 0.000 0.000 0.000 0.000 0.000 0.000 42.660 40.636 40.596 40.542 40.477 40.409 44.336 57.260 54.184 39.110 50.037 58.965 37.894 40.824 46.753 51.683 47.615 41.547 39.481
56.612 62.584 0.423 48.967 72.928 71.898 65.901 18.987 0.000 0.000 54.134 67.214 56.214 55.183 56.139 37.097 0.000 0.000 0.000 0.000 0.000 0.000 62.157 60.131 58.098 41.056 44.008 50.953 51.913 56.880 47.852 0.000 0.000 0.000 62.354 80.262 87.200 87.292 94.378 94.172 86.515 87.203 86.915 86.704 86.494 81.306 39.174 0.000 3.361 36.361 0.000 0.000 0.000 48.741 43.706 40.671 40.628 40.576 40.516 40.450 40.381 40.309 47.235 61.163 62.091 45.019 38.949 39.879 40.810 44.741 43.674 39.607 39.541
58.623 57.555 62.421 60.220 74.126 67.076 68.059 65.073 0.000 0.000 0.000 69.442 64.414 59.379 61.345 8.321 0.000 0.000 0.000 0.000 0.000 0.000 61.116 57.106 48.093 0.000 0.000 48.933 60.914 59.898 0.000 0.000 8.059 64.939 56.686 60.509 67.586 82.647 94.570 86.252 87.808 87.372 87.183 86.966 84.753 67.549 46.361 52.361 50.361 31.361 0.000 0.000 0.000 6.777 57.750 39.714 40.670 44.618 52.560 42.496 40.429 39.358 43.287 58.215 65.144 57.073 43.003 37.934 39.866 39.798 39.732 39.666 38.600
58.667 56.591 60.487 71.367 65.280 58.222 77.187 66.174 18.191 0.000 11.845 61.697 77.623 72.574 72.540 75.522 0.000 0.000 0.000 0.000 7.068 7.073 59.085 50.083 53.077 0.000 0.000 0.000 96.910 123.900 38.888 0.000 64.178 59.075 58.913 58.820 54.902 94.922 94.751 87.298 90.904 87.651 87.442 87.228 79.002 31.775 0.000 54.361 32.361 0.000 0.000 0.000 45.882 44.839 43.804 39.765 43.719 55.667 60.609 58.546 51.479 41.409 50.338 58.267 37.196 43.125 56.056 52.988 48.921 56.855 37.789 39.724 37.658
56.726 62.654 72.570 64.482 56.405 56.343 69.292 77.243 73.208 76.134 77.993 72.880 67.804 69.754 58.721 57.705 0.000 0.000 0.000 8.061 64.064 63.066 51.068 53.064 54.054 58.034 57.020 0.000 7.917 1.903 0.847 10.574 70.401 63.269 58.107 59.197 57.242 95.078 56.914 64.504 79.100 86.921 87.707 85.501 44.251 0.000 0.000 0.000 0.000 0.000 0.000 46.950 40.924 40.894 40.861 41.821 51.775 60.722 59.663 59.600 55.532 51.462 61.390 44.319 39.247 40.177 40.108 50.041 62.975 49.911 37.847 38.782 44.717
62.795 73.729 63.657 56.584 57.516 57.455 59.393 43.300 69.264 67.201 59.112 56.027 54.961 70.915 72.885 59.871 0.000 0.000 0.000 64.059 60.059 57.059 50.057 54.052 54.042 54.026 54.007 12.976 15.937 16.907 18.854 86.719 83.586 72.454 71.409 60.406 95.355 95.223 58.966 65.615 60.391 67.195 85.967 60.817 0.000 0.000 0.000 0.000 0.000 0.000 0.000 46.975 40.971 40.954 40.924 41.885 50.838 60.783 59.723 58.657 55.588 60.516 54.443 38.370 40.298 40.227 40.158 50.092 58.028 36.966 39.905 42.842 61.775
73.870 63.810 56.746 57.681 57.620 58.567 39.526 0.000 26.347 54.296 57.225 57.154 57.099 55.060 79.034 63.022 0.000 0.000 0.000 41.057 58.054 52.053 53.050 54.044 54.036 54.023 54.006 64.982 4.951 8.932 25.939 78.864 88.761 10.648 92.569 82.761 95.471 57.535 71.180 67.824 57.695 54.499 51.150 35.984 0.000 0.000 42.538 0.000 0.000 0.000 0.000 43.004 41.033 41.024 40.997 40.957 41.908 47.851 55.787 55.718 55.645 59.571 37.495 40.420 40.347 39.275 45.207 62.141 45.079 39.020 41.964 22.906 23.825
63.951 56.894 57.835 57.775 57.717 60.665 16.620 14.584 7.482 52.410 57.339 59.266 57.221 56.190 74.171 70.162 0.000 0.000 0.000 0.000 49.049 52.048 54.045 54.040 54.033 54.024 56.011 41.997 0.000 0.000 76.105 79.038 89.947 95.817 89.920 87.958 95.570 78.583 81.286 66.128 59.034 51.960 0.000 0.000 0.000 0.000 40.538 0.000 0.000 0.000 0.000 0.000 44.131 41.114 41.083 41.039 40.986 40.925 40.856 47.783 55.706 43.627 40.547 40.469 40.393 43.321 56.252 56.187 38.127 40.072 43.025 9.991 0.000
57.035 57.981 57.924 57.867 57.809 57.755 61.703 62.652 62.585 58.522 58.454 38.350 55.329 56.309 72.296 71.292 0.000 0.000 0.000 0.000 48.046 54.045 54.042 54.038 54.033 54.027 42.019 0.000 0.000 4.470 81.336 87.240 90.140 90.086 89.164 95.704 88.063 90.780 85.469 70.411 60.351 59.347 59.482 0.000 0.000 0.000 37.538 44.538 37.538 0.000 0.000 0.000 59.247 40.219 41.180 41.131 41.072 42.005 40.931 40.851 40.768 40.683 40.598 40.516 39.437 45.363 60.293 37.228 40.169 40.117 42.073 17.043 0.000
58.124 58.071 58.015 57.958 57.899 57.842 57.786 57.734 57.685 57.641 61.607 0.000 48.436 57.423 73.412 68.418 4.465 0.000 0.000 0.000 53.044 56.043 56.041 56.038 54.035 57.032 0.000 0.000 0.000 73.603 79.531 90.446 90.327 90.435 88.484 95.908 89.195 93.839 89.731 90.664 78.615 66.596 55.616 50.616 52.616 0.000 0.000 43.539 38.538 44.532 45.518 43.480 49.389 59.337 41.287 42.231 51.167 58.093 40.012 40.923 40.831 40.738 40.647 39.560 44.477 63.399 57.329 46.264 39.205 40.153 42.107 57.066 75.021
58.216 58.162 58.107 58.049 57.989 57.926 57.867 60.814 58.779 57.748 61.725 0.000 48.555 57.533 74.512 66.504 6.511 0.000 0.000 0.000 26.043 36.042 35.040 35.038 56.036 41.034 0.000 0.000 0.000 75.808 85.742 90.654 90.612 89.716 96.530 96.236 90.258 91.101 89.959 89.903 90.849 81.806 46.770 0.000 0.000 0.000 0.000 41.540 41.542 38.542 40.540 41.533 40.494 47.451 61.400 44.341 42.271 52.190 40.098 40.999 40.896 40.793 40.693 40.598 48.510 61.430 48.358 60.293 38.235 39.183 44.136 65.091 77.045
58.310 58.257 58.202 58.144 58.080 61.008 62.940 34.875 55.871 58.848 60.820 20.795 51.698 56.641 68.600 66.575 7.565 0.000 0.000 0.000 0.000 0.000 2.038 2.038 37.037 0.000 0.000 0.000 24.245 74.079 90.973 90.855 90.972 89.058 96.797 88.839 94.547 90.243 90.198 90.132 90.073 80.008 40.889 0.000 0.000 0.000 0.000 0.000 44.547 45.553 32.570 40.616 41.605 41.571 45.522 61.461 44.386 41.297 41.193 41.078 40.960 40.844 38.733 44.630 63.536 44.453 43.380 57.316 41.260 39.209 46.162 72.118 77.074
58.405 58.352 58.299 58.244 60.181 36.084 38.012 0.000 17.982 53.952 57.913 61.867 57.799 60.735 65.671 70.629 9.609 0.000 0.000 0.000 0.000 3.038 55.038 62.038 0.000 0.000 0.000 7.529 83.411 85.292 91.187 91.144 90.263 97.278 97.046 89.899 90.615 90.488 90.419 90.356 89.302 69.263 0.000 0.000 0.000 0.000 0.000 0.000 0.000 36.553 0.000 47.756 44.740 40.706 40.657 42.594 59.516 48.418 40.300 41.161 41.022 39.889 44.766 46.653 45.552 42.466 40.394 40.332 40.278 41.230 54.186 76.146 77.106
58.501 58.448 58.399 58.353 63.316 1.302 0.000 24.213 16.122 50.065 59.014 56.960 58.898 70.827 42.720 36.663 1.636 0.000 0.000 0.000 0.000 53.038 59.038 61.038 0.000 0.000 0.000 70.647 75.579 89.491 91.375 91.506 89.602 97.492 89.394 91.072 90.767 90.709 90.635 90.572 82.517 59.480 0.000 0.000 0.000 0.000 0.000 0.000 0.000 0.000 0.000 51.911 46.892 40.857 38.807 41.743 41.664 57.562 50.426 41.246 42.076 39.925 46.788 46.664 43.552 37.465 40.396 40.339 42.290 56.247 75.207 77.172 80.139
59.593 57.541 57.494 57.453 60.423 30.415 27.386 59.303 64.230 58.171 56.116 63.062 73.006 75.955 0.000 0.000 0.000 0.000 0.000 0.000 0.000 21.038 28.038 30.038 0.000 0.000 0.000 72.833 80.769 90.681 91.673 90.712 97.886 97.695 90.423 91.129 90.992 90.916 90.844 90.777 72.715 54.659 0.000 0.000 0.000 0.000 0.000 0.000 0.000 0.000 0.000 50.086 48.061 48.021 44.970 37.908 39.834 40.739 56.597 56.319 53.114 49.946 42.799 41.663 38.526 39.447 40.388 44.339 64.297 76.259 76.225 77.195 76.169
73.682 72.630 71.583 69.542 66.508 67.478 67.440 64.383 65.326 67.271 67.219 73.166 75.108 33.032 0.000 0.000 0.000 0.000 0.000 0.000 0.000 0.000 0.000 0.000 0.000 11.341 19.263 74.083 90.975 91.884 91.835 91.063 98.065 89.895 91.572 91.261 91.197 91.117 91.046 88.979 70.906 41.783 0.000 0.000 0.000 0.000 0.000 0.000 0.000 0.000 0.000 40.286 44.246 47.197 48.143 47.086 44.026 39.962 33.904 0.000 0.000 0.000 0.000 0.000 42.441 40.408 43.370 64.333 77.298 76.267 77.239 80.214 76.194
69.765 71.713 70.667 72.625 74.587 73.551 72.511 70.465 68.417 68.370 69.323 65.275 65.230 0.000 0.000 0.000 0.000 0.000 0.000 0.000 0.000 0.000 0.000 0.000 0.000 60.420 83.363 82.261 91.168 92.056 92.183 90.286 98.231 91.987 91.594 91.471 91.388 91.312 91.245 87.188 67.147 0.000 0.000 0.000 0.000 0.000 0.000 0.000 0.000 0.000 47.670 42.525 39.441 41.376 46.320 48.268 48.220 49.180 40.153 0.000 0.000 0.000 0.000 0.000 43.390 41.374 57.350 78.324 76.297 76.272 76.249 77.229 76.213
57.843 57.792 58.746 65.703 74.664 80.627 68.588 62.548 57.508 55.468 54.428 60.382 39.306 0.000 0.000 0.000 0.000 0.000 0.000 0.000 0.000 0.000 0.000 0.000 0.000 66.555 82.509 90.433 92.347 92.314 91.444 98.525 98.384 94.003 91.811 91.651 91.575 91.499 91.433 86.380 61.348 0.000 0.000 0.000 0.000 0.000 0.000 0.000 0.000 47.936 42.815 42.703 42.617 41.548 38.492 43.445 47.408 48.384 45.376 0.000 0.000 0.000 0.000 46.345 40.355 44.348 72.334 76.315 76.295 76.275 76.257 76.241 76.228
56.916 56.866 60.821 65.779 67.740 70.703 60.667 56.632 57.599 57.567 59.539 37.518 0.000 0.000 0.000 0.000 0.000 0.000 0.000 0.000 0.000 0.000 0.000 0.000 0.000 52.737 81.685 91.615 92.513 92.642 90.751 98.655 91.548 93.224 91.905 91.840 91.754 91.676 91.607 82.551 55.517 0.000 0.000 0.000 0.000 0.000 0.000 0.000 47.170 43.058 42.951 42.855 42.774 42.708 42.654 39.612 38.583 41.572 48.591 48.677 0.000 0.000 0.000 40.336 41.336 59.331 76.321 75.307 75.292 76.277 76.262 76.250 76.240
56.984 56.936 58.892 59.851 57.814 56.779 57.746 56.715 56.687 56.663 61.644 6.632 0.000 0.000 0.000 0.000 0.000 0.000 0.000 0.000 0.000 0.000 0.000 0.000 4.106 60.971 89.882 92.798 92.767 91.898 98.892 98.778 94.545 92.247 92.103 92.014 91.927 91.845 92.768 72.700 60.652 0.000 0.000 46.779 0.000 46.543 48.499 48.414 43.281 43.174 43.077 42.992 42.918 42.855 42.805 42.766 41.740 38.730 47.738 48.763 41.763 0.000 0.000 48.325 40.324 48.319 54.311 57.301 61.289 67.277 73.266 75.256 75.248
58.048 58.002 57.960 57.921 57.885 56.852 56.822 56.795 56.771 55.753 63.741 14.735 0.000 0.000 0.000 0.000 0.000 0.000 0.000 0.000 0.000 0.000 0.000 0.000 45.241 81.158 92.073 92.962 93.103 91.194 98.995 91.995 93.670 92.355 92.281 92.186 92.096 92.008 92.920 64.828 42.740 0.000 0.000 42.779 0.000 41.587 43.539 43.463 43.368 43.278 43.193 43.117 43.049 42.991 42.944 42.907 40.882 42.869 48.869 45.875 0.000 0.000 0.000 47.317 46.314 45.310 44.304 43.295 42.286 46.277 57.268 53.261 55.254
56.109 56.065 56.025 55.988 55.953 55.922 55.894 56.870 58.851 60.837 35.831 2.832 0.000 0.000 0.000 0.000 0.000 0.000 0.000 3.476 12.468 0.000 0.000 15.601 56.459 87.353 93.250 93.238 92.266 99.174 99.089 94.985 92.691 92.543 92.450 92.356 92.263 92.171 88.076 34.952 0.000 0.000 0.000 42.779 48.759 43.680 43.607 43.530 43.452 43.375 43.301 43.233 43.171 43.117 43.072 43.037 40.012 48.997 48.992 44.993 0.000 0.000 0.000 46.310 45.307 46.303 46.298 46.291 46.284 46.277 45.270 45.264 44.259
57.166 57.125 60.086 64.051 67.019 70.989 72.964 75.942 74.925 66.915 4.914 15.930 39.985 8.009 0.000 0.000 0.000 0.000 0.000 43.485 70.460 10.420 0.000 49.742 82.643 92.534 93.434 93.364 92.587 99.248 91.420 93.107 92.791 92.716 92.619 92.525 92.430 93.336 80.261 0.000 0.000 0.000 0.000 22.799 42.818 43.767 45.678 45.598 43.534 43.469 43.405 43.342 43.284 43.233 43.190 40.156 45.131 48.116 49.110 40.111 0.000 0.000 0.000 30.306 51.302 51.298 48.293 45.288 45.282 46.276 47.271 47.266 46.262
59.219 58.181 65.145 74.112 75.081 74.053 73.029 72.008 68.992 62.982 37.981 54.991 73.014 42.034 26.055 2.063 0.000 0.000 14.557 53.518 67.466 6.381 25.218 66.983 91.834 94.718 93.558 93.770 91.746 99.310 93.405 93.120 92.972 92.881 92.788 92.694 92.595 94.483 38.372 0.000 0.000 0.000 0.000 0.000 38.949 44.892 25.741 25.651 42.615 43.564 43.506 43.447 43.391 43.342 42.300 40.266 49.240 49.225 46.220 40.231 46.279 0.000 0.000 0.000 62.297 77.294 70.289 66.285 62.280 58.275 61.271 61.267 44.263
59.270 59.235 62.201 65.170 64.141 62.114 60.090 58.069 56.053 56.041 65.036 67.038 64.047 61.057 65.067 13.072 0.000 0.000 54.596 84.564 35.506 31.418 65.291 89.137 94.003 93.859 93.976 91.931 99.393 91.808 93.523 93.210 93.139 93.046 92.957 92.869 95.773 52.628 0.000 0.000 0.000 0.000 0.000 0.000 41.135 46.113 0.000 0.000 39.712 43.667 43.608 43.548 43.492 43.443 40.401 48.367 49.340 48.322 39.314 43.315 43.327 0.000 0.000 0.000 30.294 60.291 78.286 77.282 77.278 77.274 77.270 71.267 61.264
59.319 59.287 59.256 58.226 58.198 59.172 59.148 59.126 57.108 58.094 63.084 66.079 62.079 57.081 60.084 15.085 0.000 0.000 46.667 56.635 34.577 67.495 82.391 91.271 94.153 94.084 93.182 99.761 99.531 92.797 93.527 93.385 93.298 93.210 93.126 93.051 95.999 0.000 0.000 11.366 20.366 0.000 0.000 42.439 45.344 44.312 51.349 0.255 39.853 43.785 43.710 43.644 43.587 41.538 43.495 49.460 49.432 41.411 42.397 43.389 43.387 0.000 0.000 0.000 0.000 0.000 60.282 76.278 76.275 76.272 76.269 77.267 77.265
59.368 59.338 59.309 59.280 59.253 59.227 59.203 58.181 57.160 61.142 65.126 65.115 60.108 56.105 61.103 14.100 0.000 0.000 42.771 11.731 58.671 82.595 88.504 94.410 94.259 94.468 92.457 99.967 92.215 93.927 93.615 93.546 93.455 93.369 93.286 100.209 84.175 0.000 7.366 57.366 43.366 0.000 0.000 37.534 45.489 44.442 44.390 50.273 48.058 46.909 43.804 43.731 43.674 40.625 48.583 49.547 45.517 40.493 43.474 43.458 45.445 49.456 0.000 0.000 0.000 0.000 0.000 73.274 76.272 76.270 76.268 77.267 75.265
59.417 59.389 59.361 59.334 59.307 59.281 58.257 57.233 59.210 63.187 66.164 62.146 57.135 56.128 59.122 41.111 28.085 29.026 24.915 25.847 65.782 86.710 92.631 94.520 94.659 92.648 100.328 100.155 93.219 93.933 93.788 93.699 93.611 93.526 98.440 41.322 56.318 26.355 57.365 65.367 0.000 0.000 0.000 36.675 45.636 44.576 44.496 54.373 65.196 38.990 48.865 44.802 41.752 43.706 49.664 48.627 39.596 42.570 43.548 43.523 30.479 31.467 0.000 0.000 0.000 0.000 0.000 54.271 75.270 76.269 76.267 80.266 76.265
59.467 59.440 59.413 59.386 59.360 59.334 57.310 57.285 61.260 68.231 69.197 65.172 60.156 58.149 58.147 60.139 60.118 69.078 10.017 43.959 81.899 88.833 94.761 94.726 93.857 100.635 100.486 93.573 94.354 94.017 93.944 93.850 93.763 93.685 101.626 0.000 39.420 41.382 31.372 33.370 0.000 0.000 0.000 39.854 45.803 44.732 50.644 66.529 43.362 0.000 29.863 42.861 40.826 48.783 49.740 45.701 42.669 43.643 43.623 45.610 0.000 0.000 0.000 0.000 0.000 0.000 46.270 27.270 66.268 76.267 76.266 81.265 76.264
59.518 59.491 59.464 59.438 59.412 58.387 57.362 59.338 66.313 43.281 19.222 18.188 15.170 45.165 62.176 57.178 60.171 41.151 3.117 49.073 87.021 92.968 94.856 95.098 93.121 100.773 93.905 94.682 94.251 94.193 94.088 93.995 93.906 94.824 92.753 14.697 14.558 0.000 0.000 0.000 0.000 0.000 39.226 47.085 44.991 43.905 63.818 67.736 0.000 0.000 0.108 38.953 44.910 49.859 49.811 39.770 43.736 43.710 43.692 46.683 0.000 0.000 0.000 0.000 0.000 0.000 25.270 0.000 54.266 76.265 76.265 82.264 76.263
59.568 59.541 59.515 59.489 58.463 57.438 59.414 62.392 70.372 29.357 0.000 0.000 0.000 0.000 44.216 59.227 60.236 46.239 48.225 74.194 91.154 95.079 95.251 93.272 101.015 100.899 94.884 94.579 94.431 94.328 94.231 94.136 94.044 96.952 81.864 10.780 0.000 0.000 0.000 0.000 0.000 0.642 39.367 46.268 45.170 43.079 70.987 31.861 0.000 0.000 45.205 50.086 50.002 49.933 47.876 42.831 43.795 43.770 43.753 45.747 0.000 49.833 1.833 0.000 0.000 0.000 0.000 0.000 47.264 76.264 76.264 76.263 76.263
59.617 59.591 59.565 59.539 58.514 57.489 61.465 65.444 69.427 27.418 0.000 0.000 0.000 0.000 24.246 67.276 62.307 68.345 81.349 90.328 94.289 95.295 94.444 101.220 101.121 94.217 94.993 94.651 94.568 94.465 94.369 94.276 98.180 61.076 32.970 0.000 0.000 0.000 0.000 0.000 1.931 41.783 46.590 45.452 47.342 44.253 68.189 0.000 0.000 40.480 47.326 63.186 52.077 48.994 44.931 42.882 42.845 43.819 43.805 43.804 48.826 44.834 35.833 0.000 0.000 0.000 43.262 45.262 44.263 76.263 76.263 76.262 76.262
59.666 59.641 59.616 59.590 57.564 59.538 65.513 66.491 64.475 51.470 12.487 0.000 0.000 0.000 0.000 20.324 16.371 56.484 87.499 91.479 95.419 95.588 93.711 101.309 93.526 95.305 94.872 94.807 96.697 95.598 94.505 94.417 100.326 23.201 0.000 0.000 0.000 0.000 0.000 23.150 62.052 61.914 49.759 46.606 57.494 52.403 53.327 14.270 2.089 38.635 43.431 54.253 50.127 54.037 47.970 50.920 49.884 46.858 43.843 42.837 42.841 48.841 0.000 0.000 0.000 0.000 40.262 40.262 50.262 76.262 76.262 76.262 76.261
