results1/res_4e8f-0221.wd
ncols         241
nrows         181
xllcorner     12693529.787448
yllcorner     3542525.717860
cellsize      155.156523
NODATA_value  -9999.000000
[rows 0 to 32 of 181, columns 146 to 218 of 241]
0.000 0.000 0.000 0.000 0.000 0.000 0.000 0.000 0.000 0.000 0.000 0.000 0.000 0.000 5.867 16.716 17.474 17.177 16.851 16.513 16.181 15.871 15.594 15.359 15.167 15.018 14.907 14.831 14.782 14.756 14.744 19.740 0.000 0.000 0.000 0.000 0.000 0.000 0.000 0.000 0.000 0.000 0.000 0.000 0.000 0.000 0.000 0.000 0.000 20.324 27.324 0.000 0.000 46.518 51.518 0.000 0.000 0.000 0.000 0.000 0.000 0.000 0.000 0.000 0.000 0.000 0.000 0.000 0.000 0.000 0.000 0.000 0.000
0.000 0.000 0.000 0.000 0.000 0.000 0.000 0.000 0.000 0.000 0.000 0.000 0.000 1.412 17.018 17.807 17.528 17.208 16.862 16.506 16.159 15.837 17.554 16.315 15.125 14.979 14.874 14.803 14.761 14.740 14.736 19.735 0.000 0.000 0.000 0.000 0.000 0.000 0.000 0.000 0.000 0.000 0.000 0.000 0.000 0.000 0.000 0.000 17.324 39.324 15.324 0.000 25.518 58.518 52.518 0.000 0.000 0.000 0.000 0.000 0.000 0.000 0.000 0.000 0.000 0.000 0.000 0.000 37.516 0.000 0.000 0.000 0.000
0.000 0.000 0.000 0.000 0.000 0.000 0.000 0.000 0.000 0.000 0.000 0.000 0.000 20.647 19.302 17.968 17.624 17.263 16.882 16.492 16.112 17.765 17.467 15.224 15.037 14.900 14.805 14.746 14.716 14.710 16.725 10.730 0.000 0.000 0.000 0.000 0.000 0.000 0.000 0.000 0.000 0.000 0.000 0.000 0.000 0.000 0.000 0.000 29.324 0.000 0.000 20.518 51.518 13.518 0.000 0.000 0.000 0.000 0.000 0.000 0.000 0.000 0.000 0.000 6.517 0.000 0.000 0.000 40.516 12.516 0.000 0.000 0.000
0.000 0.000 0.000 0.000 0.000 0.000 0.000 0.000 0.000 0.000 0.000 0.000 3.134 20.069 18.575 18.137 17.738 17.339 16.913 16.467 17.032 16.645 15.325 15.078 14.899 14.777 14.701 14.661 14.649 20.656 0.000 0.000 0.000 0.000 0.000 0.000 0.000 0.000 0.000 0.000 0.000 0.000 0.000 14.324 0.000 0.000 0.000 13.324 73.324 3.324 0.000 26.518 53.518 0.000 0.000 0.000 0.000 0.000 0.000 0.000 0.000 0.000 12.517 18.517 37.517 0.000 0.000 30.516 39.516 40.516 12.516 0.000 0.000
0.000 0.000 0.000 0.000 0.000 0.000 0.000 0.000 0.000 0.000 0.000 8.188 1.360 3.051 18.791 18.268 17.850 17.442 16.963 16.430 16.906 16.456 15.110 14.865 14.704 14.608 14.561 14.549 15.562 16.609 0.000 0.000 0.000 0.000 0.000 0.000 0.000 0.000 0.000 0.000 0.000 0.000 15.324 38.324 33.324 0.000 0.000 29.324 57.324 0.000 0.000 0.000 53.518 8.518 0.000 0.000 0.000 0.000 0.000 0.000 0.000 0.000 52.517 56.517 58.517 0.517 0.000 43.516 38.516 38.516 48.516 0.000 0.000
0.000 0.000 0.000 0.000 0.000 0.000 0.000 0.000 0.000 0.000 10.913 3.512 1.878 1.300 1.441 16.293 17.954 17.616 17.067 18.384 17.704 15.165 14.795 14.567 14.443 14.391 14.387 14.411 20.442 0.000 0.000 0.000 0.000 0.000 0.000 0.000 0.000 0.000 0.000 0.000 0.000 0.000 0.000 18.324 39.324 31.324 29.324 11.324 42.324 15.324 0.000 0.000 38.518 51.518 42.518 40.518 49.518 0.000 0.000 0.000 0.000 0.000 52.517 54.517 59.517 38.517 27.517 44.517 47.516 0.000 0.000 0.000 12.515
0.000 0.000 0.000 0.000 0.000 0.000 0.000 0.000 0.000 0.000 7.315 4.017 3.646 3.148 0.450 0.643 11.056 19.000 18.305 18.335 15.362 14.704 14.338 14.166 14.111 14.126 14.184 14.265 9.354 0.000 0.000 0.000 0.000 0.000 35.333 68.333 2.333 0.000 8.333 49.333 0.000 0.000 0.000 15.324 39.324 52.324 87.324 49.324 50.324 21.324 0.000 0.000 35.518 54.518 39.518 35.518 52.518 0.000 0.000 0.000 0.000 0.000 39.517 45.517 41.517 41.517 45.517 48.517 56.516 0.000 0.000 0.000 35.515
0.000 0.000 0.000 0.000 0.000 0.000 0.000 0.000 0.000 30.575 31.015 7.586 3.198 3.435 3.083 0.806 0.376 6.024 18.818 16.289 14.705 13.950 13.686 13.648 13.707 13.818 14.959 12.112 0.000 0.000 0.000 0.000 0.000 0.000 10.333 56.333 63.333 45.333 37.333 9.333 0.000 0.000 0.000 0.000 0.000 13.324 80.324 59.324 6.324 0.000 0.000 0.000 0.000 47.519 62.519 60.519 62.518 54.518 46.518 49.518 48.518 57.518 61.517 58.517 59.517 59.517 54.517 49.517 46.516 0.000 0.000 0.000 0.000
0.000 0.000 0.000 0.000 0.000 0.000 0.000 0.000 24.698 42.135 43.584 33.088 9.668 2.083 3.090 0.852 2.832 8.203 6.654 16.300 13.218 12.705 12.810 13.031 13.252 14.482 14.720 0.000 0.000 0.000 0.000 0.000 0.000 0.000 0.000 8.333 54.333 64.333 69.333 8.333 0.000 0.000 0.000 0.000 0.000 9.325 52.324 44.324 49.324 16.324 0.000 0.000 31.519 59.519 44.519 38.519 45.518 57.518 45.518 44.518 53.518 62.518 49.517 45.517 48.517 54.517 60.517 62.516 60.516 46.516 37.516 20.516 29.515
0.000 0.000 0.000 0.000 0.000 0.000 0.000 20.835 30.262 45.682 43.097 43.514 35.932 12.358 1.226 4.782 14.326 6.489 2.269 3.059 6.164 10.842 11.816 12.416 12.789 18.135 0.000 0.000 0.000 0.000 0.000 0.000 8.334 6.334 0.000 0.000 21.333 67.333 20.333 0.000 0.000 0.000 0.000 0.000 0.000 48.325 58.325 34.324 50.324 70.324 10.324 0.000 37.519 61.519 40.519 34.519 37.519 50.518 39.518 39.518 41.518 43.518 40.517 41.517 35.517 39.517 45.517 46.516 44.516 53.516 55.516 58.516 66.515
0.000 0.000 0.000 0.000 0.000 0.000 25.968 24.408 47.832 44.235 43.609 42.940 43.188 38.242 20.749 12.462 8.155 0.000 0.054 4.384 2.161 3.371 11.196 12.026 17.354 0.000 0.000 0.000 0.000 0.000 0.000 3.334 45.334 4.334 0.000 0.000 28.333 68.333 7.333 0.000 0.000 0.000 0.000 0.000 43.326 87.326 20.325 23.324 45.324 72.323 12.324 0.000 34.519 59.519 39.519 32.519 35.519 37.519 33.518 32.518 39.518 55.518 38.518 34.517 48.517 44.517 41.517 48.516 48.516 51.516 60.516 64.516 51.515
0.000 0.000 0.000 0.000 0.000 30.020 18.528 46.996 45.425 44.816 44.163 43.449 42.639 42.673 39.474 25.166 4.458 0.378 0.077 46.299 4.550 0.084 0.110 14.139 10.246 0.000 0.000 0.000 0.000 0.000 0.000 3.334 41.334 36.334 45.334 57.334 61.334 51.333 0.000 0.000 6.329 42.329 57.328 62.328 86.327 42.327 0.000 0.000 47.323 35.323 0.000 0.000 37.519 64.519 51.519 35.519 83.519 111.519 60.519 36.518 52.518 99.518 51.518 28.517 93.517 66.517 41.517 48.516 50.516 40.516 49.516 62.515 45.515
0.000 0.000 0.000 0.000 0.000 19.512 41.129 47.622 46.055 45.441 44.777 44.053 43.247 42.335 42.319 41.225 30.398 4.996 50.896 47.951 0.384 0.159 0.056 0.062 0.000 0.000 0.000 0.000 0.000 0.000 6.334 40.334 36.334 41.334 55.334 65.334 49.334 36.333 1.333 0.000 4.329 51.329 50.329 46.328 85.327 45.327 0.000 0.000 26.322 18.322 0.000 30.519 58.519 60.519 54.519 42.519 41.519 74.519 115.519 53.519 46.518 103.518 54.518 28.518 100.517 70.517 33.517 35.516 41.516 32.516 46.516 45.515 33.515
0.000 0.000 0.000 0.000 24.042 34.386 49.854 47.310 46.732 46.115 45.453 44.738 43.959 43.117 42.157 41.417 40.276 52.623 52.298 1.045 0.527 9.635 0.000 0.000 0.000 0.000 0.000 0.000 1.334 56.334 59.334 41.334 40.334 55.334 65.334 51.334 34.334 36.333 36.332 34.331 32.330 44.329 47.329 57.328 97.328 31.327 0.000 0.000 63.322 13.322 0.000 27.520 57.520 57.520 44.519 36.519 32.519 42.519 39.519 79.519 110.518 127.518 108.518 97.518 123.517 117.517 108.517 54.516 34.516 51.516 46.516 35.515 30.515
0.000 0.000 0.000 25.236 34.698 52.137 48.589 48.032 47.449 46.834 46.182 45.485 44.752 43.909 43.363 40.992 52.662 52.657 36.864 19.158 6.315 0.000 0.000 0.000 0.000 0.000 0.000 0.000 42.334 9.334 0.000 20.334 58.334 62.334 54.334 39.335 5.335 0.000 3.332 38.331 34.331 44.330 43.329 66.328 63.328 0.000 0.000 5.321 66.321 12.321 0.000 25.520 55.520 67.520 46.520 52.520 75.520 52.519 34.519 58.519 81.519 115.518 81.518 61.518 109.517 99.517 74.517 43.517 29.516 100.516 68.516 40.515 30.515
0.000 0.000 0.000 30.774 50.378 49.873 49.336 48.778 48.198 47.591 47.952 47.290 45.529 45.104 42.527 52.730 52.673 40.443 42.062 39.677 23.634 4.632 0.000 0.000 0.000 0.000 0.000 44.334 13.334 0.000 0.000 0.000 26.334 58.334 36.335 34.335 40.336 3.336 0.000 39.332 37.331 43.330 44.329 66.328 62.327 0.000 0.000 26.321 73.321 9.321 0.000 27.520 58.520 61.520 42.520 42.520 88.520 123.520 72.519 40.519 56.519 103.519 63.518 30.518 96.518 83.517 41.517 33.517 26.516 107.516 71.516 43.515 44.515
0.000 0.000 31.393 48.707 52.169 50.640 50.102 49.548 48.975 49.377 47.766 47.064 46.723 44.148 53.178 52.885 41.950 42.800 41.796 32.139 12.883 0.000 0.000 0.000 0.000 0.000 0.000 40.334 14.334 0.000 0.000 0.000 0.000 0.000 0.000 39.336 36.336 35.336 37.335 39.333 35.332 43.330 45.329 57.327 53.325 15.323 34.321 67.320 18.320 0.000 0.000 27.520 54.520 60.520 46.520 31.520 33.520 58.520 45.520 27.520 45.519 100.519 56.518 22.518 93.518 78.517 36.517 32.517 28.516 106.516 71.516 43.515 34.515
0.000 30.674 44.079 53.493 51.949 51.418 50.883 50.337 50.773 50.200 48.539 48.249 45.682 54.132 53.604 43.624 44.623 42.503 29.691 0.000 0.000 0.000 0.000 0.000 0.000 0.000 0.000 0.000 14.334 0.000 0.000 0.000 0.000 0.000 0.000 0.000 43.338 53.338 64.336 52.334 41.333 45.331 42.329 47.327 40.325 59.322 77.320 65.319 11.319 0.000 0.000 26.520 52.520 57.521 63.521 61.521 49.521 39.521 52.520 84.520 103.520 124.519 104.519 87.518 121.518 114.517 96.517 56.517 29.516 104.516 76.516 48.515 35.515
27.750 39.268 53.758 53.235 52.717 52.200 51.677 52.141 51.601 49.975 49.723 47.172 55.370 54.729 45.201 46.349 47.289 25.550 0.000 0.000 0.000 0.000 0.000 0.000 0.000 0.000 0.000 0.000 0.000 0.000 0.000 0.000 0.000 0.000 0.000 0.000 41.340 45.339 63.338 22.335 2.333 52.331 43.329 46.327 42.324 30.321 49.319 64.318 51.317 10.316 0.000 0.000 17.521 60.521 62.521 55.521 43.521 52.521 103.521 94.520 75.520 76.519 77.519 77.518 77.518 78.517 80.517 51.517 31.516 103.516 79.516 42.515 36.515
31.233 54.891 54.449 53.972 53.483 52.987 52.480 51.973 51.380 51.163 48.632 56.717 56.036 46.677 47.892 46.878 42.360 1.816 0.000 0.000 0.000 0.000 0.000 0.000 0.000 0.000 0.000 0.000 0.000 0.000 0.000 0.000 0.000 0.000 0.000 0.000 42.343 53.342 37.341 0.000 6.334 49.332 46.330 13.327 3.323 34.320 48.317 63.315 60.315 29.315 0.000 0.000 0.000 0.000 29.522 44.522 28.522 89.522 90.521 39.521 45.520 87.520 58.519 30.518 76.518 66.517 46.517 44.517 35.516 103.516 74.516 31.515 32.515
49.056 56.614 55.175 54.721 54.257 54.782 53.308 52.753 52.575 50.069 58.101 57.406 47.061 49.309 48.300 48.675 18.009 0.000 0.000 0.000 0.000 0.000 0.000 0.000 0.000 0.000 0.000 0.000 0.000 0.000 0.000 0.000 0.000 0.000 0.000 9.350 62.347 60.345 64.343 61.340 57.337 57.334 51.331 10.327 3.323 34.317 47.314 65.312 72.313 35.314 0.000 0.000 0.000 0.000 23.523 36.523 56.523 103.523 66.522 26.521 94.521 95.520 44.519 31.518 52.518 108.517 67.517 35.517 35.516 98.516 116.516 103.515 108.515
58.755 56.336 55.914 55.482 55.039 56.598 54.080 53.949 51.482 59.501 58.798 42.377 46.582 50.638 47.104 24.380 0.000 0.000 0.000 0.000 0.000 0.000 0.000 0.000 0.000 0.000 0.000 0.000 0.000 0.000 0.000 0.000 0.000 0.000 0.000 61.353 60.351 61.348 63.345 62.342 60.338 61.335 54.332 9.330 0.000 35.313 47.309 70.307 43.310 0.000 0.000 0.000 0.000 21.526 51.525 30.524 95.524 89.523 33.523 89.522 102.521 51.520 39.519 42.518 37.518 68.517 107.517 64.517 27.516 98.516 101.516 75.515 17.514
49.438 56.060 56.663 56.251 55.841 55.354 55.267 52.839 60.863 60.206 25.615 30.791 33.672 52.341 35.963 0.000 0.000 0.000 0.000 0.000 0.000 0.000 0.000 50.820 39.820 0.000 0.000 0.000 0.000 0.000 0.000 0.000 0.000 0.000 0.000 38.357 32.355 35.351 39.347 34.343 33.340 32.336 34.333 38.329 32.324 25.313 40.303 19.297 0.000 0.000 0.000 0.000 0.000 23.526 46.526 37.525 38.525 38.524 30.524 51.523 52.523 0.000 0.000 13.518 43.518 36.517 58.517 51.517 33.516 66.516 14.516 0.000 12.514
28.158 43.803 56.424 59.042 56.578 56.522 54.102 61.996 61.472 34.793 0.000 44.133 0.000 55.965 24.465 0.000 0.000 0.000 0.000 0.000 0.000 0.000 0.000 57.821 51.820 0.000 0.000 0.000 0.000 0.000 0.000 0.000 0.000 24.392 0.000 39.364 35.360 35.354 35.349 35.345 35.341 35.337 35.334 37.331 15.329 0.000 10.291 41.280 11.269 0.000 0.000 0.000 24.528 55.527 43.527 42.527 34.526 35.525 35.524 33.524 47.523 7.524 0.000 0.000 14.517 39.517 34.517 47.517 46.517 0.000 0.000 0.000 12.514
19.926 27.567 50.208 54.781 57.737 55.275 62.782 62.431 41.684 17.489 0.000 60.788 58.689 45.099 0.000 0.000 0.000 0.000 0.000 0.000 0.000 0.000 60.826 66.822 37.818 0.000 0.000 0.000 0.000 0.000 0.000 0.000 0.000 41.392 39.387 36.376 35.367 32.357 36.350 36.346 36.342 36.338 36.335 39.333 12.331 0.000 0.000 39.263 39.259 9.254 0.000 0.000 9.529 42.529 35.528 34.528 33.527 33.526 33.525 33.524 34.524 43.524 0.000 0.000 0.000 7.517 40.517 43.517 41.517 0.000 0.000 0.000 36.513
23.714 34.344 38.965 36.864 48.417 63.194 63.037 46.677 25.437 18.939 0.000 40.518 53.183 26.641 0.000 0.000 0.000 0.000 48.867 54.864 46.857 44.844 53.831 46.822 36.814 0.000 0.000 0.000 0.000 0.000 0.000 0.000 0.000 39.398 36.393 35.385 9.376 0.000 41.349 35.346 35.342 35.338 35.335 36.333 10.332 0.000 0.000 40.250 39.249 10.248 0.000 0.000 39.529 35.530 35.530 35.529 34.528 34.527 38.526 0.000 5.524 8.524 0.000 0.000 0.000 0.000 40.517 35.517 35.517 36.517 0.000 8.513 38.513
35.462 49.098 24.814 23.685 63.261 63.258 49.677 36.401 32.735 37.573 0.000 7.585 42.884 0.000 0.000 0.000 0.000 44.873 48.870 50.867 48.864 0.000 0.000 0.000 48.800 32.787 0.000 0.000 0.000 0.000 0.000 0.000 7.417 49.409 46.401 21.394 0.000 0.000 54.351 40.347 36.342 35.337 39.334 16.333 0.000 15.228 53.230 34.237 38.241 10.242 0.000 0.000 0.000 40.532 35.532 39.531 6.531 0.000 0.000 0.000 0.000 0.000 0.000 0.000 0.000 0.000 40.517 35.517 35.517 40.517 0.000 0.000 12.513
56.173 44.756 24.818 20.314 63.226 24.725 30.449 32.674 36.347 54.927 64.374 52.352 0.000 0.000 0.000 0.000 42.879 36.876 42.873 57.870 56.868 0.000 0.000 0.000 0.000 49.774 0.000 0.000 0.000 35.462 0.000 0.000 51.426 50.419 56.409 49.396 14.382 68.370 65.358 63.349 61.342 53.335 34.331 21.332 0.000 29.225 82.225 36.229 37.233 11.238 0.000 0.000 0.000 45.534 31.534 36.533 7.532 0.000 0.000 0.000 0.000 0.000 0.000 0.000 0.000 36.516 38.517 40.517 34.517 39.517 0.000 0.000 9.513
64.764 51.859 34.159 62.832 20.756 22.540 21.705 21.344 30.908 58.439 53.842 25.097 0.000 0.000 41.888 7.886 49.883 41.879 52.876 47.872 26.870 0.000 0.000 0.000 0.000 53.761 29.757 0.000 0.000 31.462 39.462 43.456 45.442 47.431 37.419 34.399 42.381 42.370 62.360 45.351 39.341 37.331 17.321 0.000 5.230 24.222 92.217 48.221 14.225 0.000 0.000 0.000 3.537 58.537 31.536 38.535 10.533 0.000 0.000 0.000 0.000 0.000 0.000 0.000 15.516 38.516 53.516 51.516 44.516 3.516 0.000 0.000 10.513
62.826 61.067 62.415 39.695 27.595 23.735 23.368 21.941 28.527 44.073 39.458 0.000 0.000 0.000 44.890 65.888 60.886 61.883 43.879 0.000 0.000 0.000 0.000 0.000 44.748 35.752 27.753 0.000 0.000 0.000 43.468 47.463 47.454 47.445 31.439 0.000 38.374 39.368 63.361 49.353 43.342 29.325 36.302 51.270 71.238 60.214 84.202 49.214 13.219 0.000 0.000 0.000 0.000 56.541 32.539 33.536 38.533 0.000 0.000 0.000 0.000 0.000 0.000 0.000 0.000 8.516 57.516 54.516 7.516 0.000 0.000 0.000 6.513
60.909 62.360 61.559 60.568 42.710 22.355 22.938 23.551 22.181 24.871 0.000 0.000 0.000 0.000 60.892 50.892 48.890 44.886 0.000 0.000 0.000 0.000 0.000 45.744 36.745 32.746 15.750 0.000 0.000 0.000 43.480 51.474 60.466 59.457 61.452 49.452 0.000 7.365 66.363 50.357 24.349 0.000 39.293 49.271 76.238 38.197 22.160 0.000 0.000 0.000 0.000 0.000 9.554 47.548 34.542 35.536 38.531 11.525 0.000 0.000 0.000 0.000 0.000 0.000 0.000 0.000 14.516 15.516 0.000 0.000 0.000 0.000 7.513
62.367 61.342 63.452 63.613 47.282 23.878 26.503 26.138 23.776 24.359 0.000 40.900 0.000 6.898 54.896 54.896 61.895 0.000 0.000 19.816 7.815 0.000 0.000 40.743 34.741 28.738 0.000 0.000 0.000 0.000 41.498 42.489 44.477 43.467 41.458 33.453 0.000 0.000 68.370 54.362 39.350 2.332 38.307 49.281 73.245 29.175 25.082 8.017 0.000 0.000 0.000 0.000 9.560 54.554 33.546 35.537 35.528 36.520 40.513 12.511 0.000 0.000 0.000 0.000 0.000 0.000 0.000 0.000 0.000 0.000 0.000 0.000 0.000
62.057 64.255 63.444 64.141 37.758 28.400 48.054 41.724 23.427 1.106 0.000 37.900 52.899 57.899 43.899 64.900 56.900 0.000 0.000 33.817 64.814 16.809 0.000 41.744 35.736 32.728 0.000 0.000 49.576 45.556 41.525 43.505 48.489 48.474 46.461 57.448 49.430 9.409 68.386 60.370 60.355 52.339 33.320 51.302 59.287 0.000 27.976 10.953 0.000 0.000 0.000 0.000 19.571 58.562 30.552 32.537 33.523 34.514 39.509 11.508 0.000 0.000 0.000 0.000 0.000 0.000 0.000 0.000 0.000 0.000 0.000 0.000 0.000
