results1/res_4e8f-0065.wd
ncols         241
nrows         181
xllcorner     12693529.787448
yllcorner     3542525.717860
cellsize      155.156523
NODATA_value  -9999.000000
[rows 66 to 98 of 181, columns 74 to 147 of 241]
29.601 0.000 54.855 71.836 70.809 70.784 0.000 42.252 42.235 55.244 51.250 50.231 50.189 49.125 125.034 112.889 0.000 0.000 0.000 45.851 40.805 45.738 48.692 48.653 50.616 51.585 56.555 57.524 58.485 49.428 0.000 0.000 46.959 96.959 78.870 82.723 82.803 80.850 88.789 81.244 81.715 82.446 81.211 80.981 81.770 51.609 0.000 0.000 0.000 0.000 0.000 0.000 0.000 20.370 18.351 18.316 18.266 18.204 18.138 22.066 34.987 31.899 16.804 27.706 36.614 15.527 18.444 24.363 29.283 25.204 19.127 17.051 14.976 29.904
56.593 0.000 43.047 67.016 65.990 59.992 13.065 0.000 0.000 48.312 61.380 50.379 49.349 50.305 31.248 0.000 0.000 0.000 0.000 0.000 0.000 56.699 54.679 52.653 35.619 38.587 45.556 46.532 51.504 42.466 0.000 0.000 0.000 57.200 75.106 82.039 82.128 89.231 89.018 81.326 82.006 81.710 81.491 81.273 76.078 33.941 0.000 0.000 31.134 0.000 0.000 0.000 26.406 21.407 18.386 18.349 18.300 18.241 18.175 18.103 18.024 24.940 38.852 39.762 22.674 16.589 17.506 18.425 22.345 21.266 17.188 17.112 18.038 36.966
51.564 56.447 54.271 68.189 61.145 62.128 59.138 0.000 0.000 0.000 63.578 58.555 53.525 55.500 2.493 0.000 0.000 0.000 0.000 0.000 0.000 55.680 51.672 42.663 0.000 0.000 43.551 55.545 54.533 0.000 0.000 2.903 59.785 51.534 55.357 62.433 77.491 89.429 81.085 82.630 82.186 81.989 81.763 79.542 62.330 41.135 47.135 45.134 26.134 0.000 0.000 0.000 0.000 35.465 17.437 18.395 22.343 30.284 20.217 18.145 17.068 20.987 35.902 42.817 34.732 20.649 15.567 17.487 17.407 17.328 17.249 16.172 23.098 44.026
50.596 54.507 65.402 59.324 52.271 71.238 60.222 12.231 0.000 5.927 55.800 71.737 66.697 66.675 69.672 0.000 0.000 0.000 0.000 1.664 1.666 53.669 44.667 47.664 0.000 0.000 0.000 91.565 118.549 33.549 0.000 59.021 53.922 53.764 53.673 49.757 89.793 89.617 82.139 85.737 82.475 82.258 82.036 73.801 26.565 0.000 49.134 27.134 0.000 0.000 0.000 23.660 22.625 21.552 17.501 21.451 33.396 38.334 36.266 29.193 19.116 28.036 35.954 14.871 20.788 33.707 30.628 26.549 34.470 15.389 17.307 15.229 28.156 51.084
56.656 66.582 58.504 50.436 50.379 63.329 71.280 67.241 70.174 72.054 66.958 61.895 63.854 52.829 51.820 0.000 0.000 0.000 2.662 58.663 57.664 45.664 47.663 48.660 52.657 51.655 0.000 2.601 0.000 0.000 5.389 65.237 58.117 52.962 54.057 52.105 89.954 51.773 59.355 73.943 81.756 82.534 80.320 39.060 0.000 0.000 0.000 0.000 0.000 0.000 24.720 18.696 18.664 18.616 19.566 29.513 38.454 37.390 37.320 33.246 29.168 39.088 22.006 16.924 17.844 17.765 27.687 40.611 27.534 15.452 16.361 22.282 10.214 15.143
67.727 57.662 50.597 51.536 51.480 53.421 37.327 63.280 61.228 53.155 50.085 49.031 64.993 66.969 53.958 0.000 0.000 0.000 58.661 54.662 51.662 44.662 48.660 48.658 48.656 48.653 7.647 10.638 11.665 13.651 81.541 78.426 67.308 66.271 55.275 90.237 90.102 53.834 60.477 55.246 62.042 80.805 55.649 0.000 0.000 0.000 0.000 0.000 0.000 0.000 24.744 18.740 18.719 18.681 19.634 28.580 38.519 37.452 36.379 33.302 38.222 32.141 16.059 17.977 17.898 17.820 27.746 35.674 14.602 17.523 20.405 39.324 56.274 35.209
57.801 50.743 51.685 51.631 52.584 33.549 0.000 20.322 48.304 51.254 51.196 51.151 49.118 73.097 57.086 0.000 0.000 0.000 35.661 52.660 46.660 47.660 48.659 48.657 48.655 48.653 59.651 0.000 3.706 20.747 73.697 83.611 5.511 87.441 77.639 90.354 52.421 66.059 62.698 52.562 49.359 45.996 30.822 0.000 0.000 20.329 0.000 0.000 0.000 0.000 20.772 18.801 18.790 18.757 18.711 19.654 25.590 33.519 33.443 33.362 37.279 15.195 18.111 18.029 16.949 22.874 39.803 22.737 16.679 19.634 0.476 1.343 32.351 0.000
50.878 51.824 51.770 51.719 54.675 10.642 8.631 1.513 46.414 51.358 53.296 51.258 50.231 68.213 64.204 0.000 0.000 0.000 0.000 43.659 46.659 48.659 48.658 48.657 48.655 50.654 36.652 0.000 0.000 70.936 73.889 84.813 90.694 84.804 82.844 90.452 73.477 76.177 61.015 53.917 46.840 0.000 0.000 0.000 0.000 18.329 0.000 0.000 0.000 0.000 0.000 21.902 18.883 18.846 18.797 18.737 18.668 18.592 25.510 33.425 21.337 18.249 18.162 18.078 20.998 33.923 33.854 15.793 17.744 20.712 0.000 0.000 59.433 49.447
51.956 51.904 51.852 51.801 51.754 55.713 56.675 56.618 52.536 52.469 32.373 49.354 50.335 66.321 65.313 0.000 0.000 0.000 0.000 42.658 48.658 48.658 48.657 48.656 48.656 36.655 0.000 0.000 0.000 76.171 82.112 85.026 84.980 84.062 90.584 82.971 85.686 80.371 65.310 55.248 54.244 54.384 0.000 0.000 0.000 15.330 22.330 15.330 0.000 0.000 0.000 37.024 17.993 18.949 18.894 18.828 19.754 18.671 18.582 18.489 18.395 18.301 18.210 17.123 23.041 37.966 14.898 17.838 17.790 19.759 0.000 0.000 61.500 53.486
52.036 51.984 51.932 51.879 51.828 51.781 51.737 51.692 51.644 55.609 0.000 42.449 51.436 67.422 62.414 0.000 0.000 0.000 0.000 47.658 50.658 50.657 50.657 48.656 51.656 0.000 0.000 0.000 68.632 74.466 85.361 85.240 85.350 83.397 90.799 84.113 88.755 84.644 85.575 73.524 61.504 50.524 45.524 47.524 0.000 0.000 21.331 16.331 22.326 23.311 21.272 27.175 37.118 19.063 20.001 28.930 35.848 17.757 18.658 18.556 18.453 18.352 17.255 22.163 41.078 35.001 23.933 16.872 17.821 19.776 34.728 52.666 53.582 53.536
52.118 52.066 52.012 51.956 51.898 51.846 54.801 52.770 51.738 55.715 0.000 42.557 51.537 68.517 60.508 0.559 0.000 0.000 0.000 20.658 30.657 29.657 29.657 50.656 35.656 0.000 0.000 0.000 70.799 80.701 85.597 85.549 84.651 91.467 91.152 85.187 86.028 84.884 84.825 85.768 76.723 41.686 0.000 0.000 0.000 0.000 19.333 19.336 16.336 18.336 19.329 18.288 25.240 39.185 22.119 20.041 29.951 17.850 18.739 18.624 18.510 18.399 18.294 26.196 39.108 26.029 37.960 15.898 16.844 21.794 42.744 54.688 53.628 53.577
52.201 52.150 52.095 52.034 54.963 56.905 28.851 49.847 52.825 54.798 14.773 45.686 50.637 62.603 60.587 1.601 0.000 0.000 0.000 0.000 0.000 0.000 0.000 31.656 0.000 0.000 0.000 19.230 69.062 85.944 85.816 85.927 84.010 91.750 83.787 89.490 85.181 85.133 85.064 85.002 74.934 35.810 0.000 0.000 0.000 0.000 0.000 22.342 23.349 10.368 18.419 19.408 19.371 23.317 39.249 22.165 19.067 18.952 18.824 18.692 18.563 16.440 22.325 41.221 22.129 21.048 34.979 18.918 16.863 23.813 49.765 54.715 53.664 53.613
52.287 52.237 52.185 54.121 30.015 31.960 0.000 11.943 47.915 51.879 55.836 51.777 54.721 59.670 64.639 3.621 0.000 0.000 0.000 0.000 0.000 0.000 0.000 0.000 0.000 0.000 2.528 78.399 80.277 86.166 86.118 85.234 92.260 92.014 84.857 85.568 85.437 85.365 85.299 84.242 64.202 0.000 0.000 0.000 0.000 0.000 0.000 0.000 14.348 0.000 25.573 22.555 18.518 18.464 20.393 37.306 26.198 18.066 18.913 18.758 17.610 22.473 24.347 23.233 20.137 18.057 17.989 17.931 18.879 31.831 53.787 54.744 56.700 52.652
52.372 52.327 52.285 57.253 0.000 0.000 18.151 10.068 44.014 52.966 50.917 52.862 64.803 36.717 30.678 0.000 0.000 0.000 0.000 0.000 0.000 0.000 0.000 0.000 0.000 0.000 65.645 70.572 84.482 86.363 86.491 84.585 92.485 84.370 86.040 85.731 85.668 85.591 85.524 77.467 54.428 0.000 0.000 0.000 0.000 0.000 0.000 0.000 0.000 0.000 29.744 24.722 18.682 16.627 19.556 19.467 35.354 28.203 19.004 19.817 17.648 24.495 24.355 21.228 15.131 18.054 17.991 19.937 33.889 52.847 54.808 57.773 49.741 10.716
51.455 51.412 51.376 54.353 24.357 21.317 53.234 58.164 52.106 50.054 57.004 66.954 69.910 0.000 0.000 0.000 0.000 0.000 0.000 0.000 0.000 0.000 0.000 0.000 0.000 0.000 67.833 75.768 85.679 86.669 85.708 92.900 92.699 85.407 86.107 85.966 85.885 85.810 85.740 67.674 49.616 0.000 0.000 0.000 0.000 0.000 0.000 0.000 0.000 0.000 27.936 25.908 25.863 22.805 15.736 17.653 18.547 34.390 34.083 30.857 27.670 20.505 19.351 16.194 17.104 18.038 21.984 41.937 53.896 53.859 54.826 53.798 44.776 1.764
66.533 65.491 63.455 60.426 61.401 61.361 58.304 59.247 61.192 61.141 67.090 69.039 26.974 0.000 0.000 0.000 0.000 0.000 0.000 0.000 0.000 0.000 0.000 0.000 6.345 14.267 69.087 85.979 86.889 86.839 86.068 93.087 84.895 86.564 86.249 86.181 86.096 86.022 83.951 65.875 36.745 0.000 0.000 0.000 0.000 0.000 0.000 0.000 0.000 0.000 18.157 22.112 25.056 25.995 24.930 21.862 17.791 11.726 0.000 0.000 0.000 0.000 0.000 20.091 18.054 21.011 41.970 54.932 53.897 54.867 57.840 53.817 50.801 31.792
65.605 64.563 66.527 68.493 67.461 66.422 64.376 62.327 62.277 63.226 59.177 59.137 0.000 0.000 0.000 0.000 0.000 0.000 0.000 0.000 0.000 0.000 0.000 0.000 55.423 78.368 77.268 86.177 87.067 87.195 85.299 93.261 86.993 86.595 86.468 86.381 86.301 86.230 82.170 62.127 0.000 0.000 0.000 0.000 0.000 0.000 0.000 0.000 0.000 25.587 20.423 17.328 19.254 24.189 26.129 26.075 27.028 17.998 0.000 0.000 0.000 0.000 0.000 21.026 19.009 34.982 55.953 53.924 53.896 53.871 54.849 53.831 53.819 44.812
51.672 52.632 59.595 68.561 74.527 62.491 56.450 51.407 49.361 48.311 54.254 33.196 0.000 0.000 0.000 0.000 0.000 0.000 0.000 0.000 0.000 0.000 0.000 0.000 61.556 77.515 85.444 87.362 87.333 86.465 93.569 93.421 89.018 86.820 86.656 86.576 86.496 86.426 81.371 56.337 0.000 0.000 0.000 0.000 0.000 0.000 0.000 0.000 25.889 20.751 20.622 20.522 19.443 16.377 21.322 25.279 26.250 23.240 0.000 0.000 0.000 0.000 23.965 17.979 21.973 49.957 53.936 53.914 53.892 53.872 53.855 53.840 53.830 28.825
50.735 54.696 59.661 61.628 64.596 54.563 50.528 51.491 51.450 53.403 31.333 0.000 0.000 0.000 0.000 0.000 0.000 0.000 0.000 0.000 0.000 0.000 0.000 0.000 47.730 76.691 86.631 87.535 87.669 85.782 93.704 86.578 88.246 86.923 86.854 86.763 86.681 86.609 77.550 50.514 0.000 0.000 0.000 0.000 0.000 0.000 0.000 25.159 21.029 20.904 20.792 20.697 20.619 20.555 17.504 16.469 19.454 26.472 26.565 0.000 0.000 0.000 17.951 18.953 36.948 53.936 52.921 52.904 53.887 53.871 53.857 53.846 52.838 18.834
50.793 52.757 53.724 51.694 50.665 51.637 50.608 50.578 50.546 55.518 0.511 0.000 0.000 0.000 0.000 0.000 0.000 0.000 0.000 0.000 0.000 0.000 0.000 0.000 55.944 84.892 87.822 87.799 86.935 93.950 93.832 89.581 87.278 87.129 87.036 86.945 86.858 87.777 67.706 55.656 0.000 0.000 24.879 0.000 24.606 26.552 26.449 21.290 21.161 21.047 20.944 20.856 20.781 20.719 20.672 19.639 16.625 25.631 26.657 19.657 0.000 0.000 25.935 17.934 25.929 31.919 34.908 38.894 44.881 50.868 52.857 52.848 50.841 15.838
51.847 51.814 51.785 51.758 50.735 50.713 50.690 50.667 49.638 57.606 8.597 0.000 0.000 0.000 0.000 0.000 0.000 0.000 0.000 0.000 0.000 0.000 0.000 40.372 76.209 87.111 88.002 88.146 86.241 94.056 87.045 88.714 87.394 87.315 87.216 87.122 87.029 87.937 59.840 37.748 0.000 0.000 20.880 0.000 19.660 21.600 21.507 21.391 21.280 21.177 21.084 21.001 20.929 20.870 20.824 18.792 20.774 26.771 23.776 0.000 0.000 0.000 24.922 23.919 22.914 21.906 20.896 19.885 23.874 34.864 30.855 32.848 36.842 17.839
49.897 49.867 49.842 49.821 49.803 49.788 50.774 52.760 54.735 29.670 0.000 0.000 0.000 0.000 0.000 0.000 0.000 0.000 0.000 7.488 0.000 0.000 10.662 51.536 82.412 88.301 88.290 87.321 94.241 94.153 90.041 87.743 87.590 87.493 87.394 87.296 87.200 83.100 29.970 0.000 0.000 0.000 20.880 26.869 21.775 21.683 21.586 21.488 21.391 21.299 21.212 21.134 21.066 21.009 20.963 17.930 26.910 26.902 22.901 0.000 0.000 0.000 23.911 22.907 23.901 23.894 23.886 23.877 23.868 22.859 22.852 21.846 20.841 20.839
50.942 53.917 57.896 60.880 64.868 66.861 69.860 68.863 60.870 0.000 10.243 34.267 2.287 0.000 0.000 0.000 0.000 0.000 38.506 65.488 5.464 0.000 44.788 77.699 87.592 88.492 88.425 87.652 94.315 86.490 88.172 87.851 87.771 87.670 87.571 87.471 88.373 75.294 0.000 0.000 0.000 0.000 0.918 20.954 21.886 23.771 23.668 21.582 21.498 21.414 21.333 21.258 21.192 21.135 18.090 23.057 26.035 27.025 18.025 0.000 0.000 0.000 7.904 28.897 28.891 25.884 22.876 22.868 23.860 24.853 24.847 23.842 23.839 24.837
51.983 58.962 67.946 68.934 67.929 66.930 65.940 62.964 57.013 32.132 49.219 67.271 36.308 20.340 0.000 0.000 0.000 9.546 48.524 62.495 1.428 20.180 62.002 86.879 89.775 88.623 88.840 86.818 94.377 88.480 88.192 88.040 87.944 87.847 87.748 87.644 89.526 33.410 0.000 0.000 0.000 0.000 0.000 17.118 23.045 3.849 3.731 20.676 21.606 21.527 21.448 21.374 21.308 20.251 18.206 27.171 27.148 24.139 18.148 24.196 0.000 0.000 0.000 39.887 54.882 47.875 43.867 39.860 35.853 38.847 38.842 21.838 22.836 23.835
53.020 56.003 58.990 57.983 55.983 53.990 52.007 50.038 50.088 59.162 61.232 58.288 55.334 59.373 7.406 0.000 0.000 49.569 79.549 30.509 26.432 60.295 84.162 89.049 88.920 89.049 87.009 94.459 86.896 88.607 88.290 88.215 88.118 88.024 87.931 90.831 47.679 0.000 0.000 0.000 0.000 0.000 0.000 19.356 24.327 0.000 0.000 17.785 21.724 21.641 21.558 21.481 21.414 18.357 26.310 27.274 26.249 17.235 21.234 21.245 0.000 0.000 0.000 7.882 37.877 55.867 54.858 54.851 54.845 54.839 48.835 38.832 24.831 2.833
53.052 53.039 52.030 52.026 53.029 53.040 53.060 51.092 52.139 57.197 60.259 56.316 51.367 54.410 9.439 0.000 0.000 41.611 51.595 29.558 62.496 77.405 86.305 89.207 89.154 88.265 94.854 94.605 87.893 88.619 88.474 88.382 88.290 88.202 88.123 91.069 0.000 0.000 6.453 15.453 0.000 0.000 20.745 23.623 22.581 29.628 0.000 17.956 21.862 21.756 21.661 21.580 19.511 21.453 27.404 27.366 19.337 20.318 21.308 21.304 0.000 0.000 0.000 0.000 0.000 37.857 53.847 53.841 53.836 53.831 54.828 54.825 29.824 0.000
53.081 53.070 53.064 53.063 53.068 53.080 52.102 51.134 55.177 59.230 59.289 54.350 50.409 55.463 8.501 0.000 0.000 37.669 6.660 53.635 77.589 83.523 89.452 89.322 89.550 87.552 95.075 87.325 89.033 88.717 88.644 88.548 88.458 88.370 95.289 79.254 0.000 2.452 52.453 38.453 0.000 0.000 15.868 23.809 22.746 22.675 28.513 26.221 25.014 21.860 21.752 21.667 18.597 26.538 27.489 23.449 18.417 21.393 21.374 23.361 27.371 0.000 0.000 0.000 0.000 0.000 50.834 53.831 53.827 53.823 54.820 52.817 26.815 0.000
53.106 53.098 53.093 53.093 53.099 52.112 51.133 53.163 57.205 60.257 56.318 51.385 50.457 53.530 35.603 22.699 23.743 19.736 20.742 60.731 81.700 87.655 89.573 89.736 87.747 95.461 95.277 88.339 89.048 88.898 88.805 88.712 88.623 93.532 36.408 51.403 21.442 52.452 60.454 0.000 0.000 0.000 15.050 23.999 22.921 22.812 32.645 43.401 17.111 26.920 22.818 19.740 21.673 27.614 26.564 17.523 20.490 21.463 21.437 8.393 9.382 0.000 0.000 0.000 0.000 0.000 31.824 52.821 53.818 53.814 57.811 53.808 42.806 0.000
53.129 53.121 53.117 53.118 53.124 51.135 51.155 55.183 62.222 63.276 59.341 54.416 52.503 52.598 54.680 54.752 63.793 4.790 38.842 76.848 83.829 89.795 89.792 88.951 95.788 95.630 88.709 89.484 89.142 89.064 88.964 88.873 88.790 96.728 0.000 34.510 36.471 26.460 28.457 0.000 0.000 0.000 18.283 24.218 23.125 29.008 44.853 21.627 0.000 7.890 20.860 18.803 26.741 27.682 23.632 20.590 21.557 21.533 23.517 0.000 0.000 0.000 0.000 0.000 0.000 23.817 4.818 43.812 53.809 53.806 58.803 53.799 53.794 42.784
53.148 53.141 53.137 53.137 52.142 51.152 53.168 60.190 37.224 13.285 12.354 9.437 39.539 56.679 51.767 54.838 35.886 0.000 43.989 81.987 87.980 89.907 90.183 88.234 95.934 89.056 89.827 89.391 89.326 89.217 89.119 89.025 89.937 87.862 9.803 9.657 0.000 0.000 0.000 0.000 0.000 17.762 25.582 23.463 22.355 42.243 46.133 0.000 0.000 0.000 16.929 22.871 27.804 27.743 17.690 21.648 21.616 21.593 24.582 0.000 0.000 0.000 0.000 0.000 0.000 2.817 0.000 31.801 53.799 53.797 59.795 53.792 53.787 47.781
53.164 53.157 53.153 52.153 51.156 53.163 56.173 64.187 23.200 0.000 0.000 0.000 0.000 38.812 53.871 54.945 41.029 43.136 69.137 86.142 90.111 90.324 88.382 96.191 96.069 90.043 89.733 89.579 89.471 89.368 89.268 89.170 92.072 76.979 5.891 0.000 0.000 0.000 0.000 0.000 0.000 17.943 24.819 23.699 21.589 49.475 10.304 0.000 0.000 23.204 28.057 27.949 27.863 25.794 20.739 21.696 21.665 21.644 23.635 0.000 27.698 0.000 0.000 0.000 0.000 0.000 0.000 24.792 53.791 53.790 53.788 53.786 53.783 51.779
53.177 53.170 53.166 52.165 51.166 55.170 59.176 63.184 21.189 0.000 0.000 0.000 0.000 18.886 61.960 57.044 63.148 76.241 85.284 89.298 90.352 89.544 96.408 96.304 89.393 90.162 89.814 89.726 89.617 89.515 89.416 93.314 56.203 28.091 0.000 0.000 0.000 0.000 0.000 0.000 20.502 25.247 24.053 25.924 22.829 46.764 0.000 0.000 18.601 25.352 41.146 30.005 26.906 22.831 20.775 20.733 21.703 21.685 21.679 26.694 22.698 13.698 0.000 0.000 0.000 20.779 22.780 21.783 53.784 53.783 53.782 53.781 53.779 51.778
53.187 53.181 53.176 51.174 53.174 59.176 60.179 58.182 45.184 6.183 0.000 0.000 0.000 0.000 15.040 11.121 51.278 82.398 86.458 90.457 90.674 88.838 96.503 88.717 90.491 90.051 89.980 91.863 90.759 89.659 89.565 95.468 18.336 0.000 0.000 0.000 0.000 0.000 2.173 41.022 40.756 28.492 25.223 36.114 31.039 31.988 0.000 0.000 16.850 21.457 32.170 28.021 31.923 25.851 28.798 27.758 24.730 21.712 20.704 20.704 26.704 0.000 0.000 0.000 0.000 17.778 17.777 27.778 53.778 53.778 53.777 53.776 53.775 27.776
