results1/res_4e8f-0013.wd
ncols         241
nrows         181
xllcorner     12693529.787448
yllcorner     3542525.717860
cellsize      155.156523
NODATA_value  -9999.000000
[rows 34 to 67 of 181, columns 75 to 149 of 241]
0.000 0.000 0.000 0.000 0.000 0.000 0.000 0.000 0.000 0.000 0.000 0.000 0.000 0.000 0.000 0.000 0.000 0.000 0.000 0.000 0.000 0.000 0.000 0.000 0.000 0.000 0.000 0.000 0.000 0.000 0.000 0.000 0.000 0.000 0.000 0.000 0.000 0.000 0.000 0.000 0.000 0.000 0.000 0.000 0.993 0.000 0.000 0.000 23.729 22.809 12.895 8.993 9.104 9.228 9.356 8.461 30.478 28.283 0.000 16.324 29.168 42.855 47.632 47.423 47.236 46.964 48.228 44.423 43.753 44.356 46.844 46.264 46.206 46.062 46.938
0.000 0.000 0.000 0.000 0.000 0.000 0.000 0.000 0.000 0.000 0.000 0.000 0.000 0.000 0.000 0.000 2.318 34.318 0.000 0.000 0.000 0.000 0.000 0.000 0.000 0.000 0.000 0.000 0.000 0.000 0.000 0.000 0.000 0.000 0.000 0.000 0.000 0.000 0.000 0.000 0.000 0.000 0.000 0.000 0.000 0.000 0.000 0.000 1.879 19.942 20.021 11.126 9.260 9.427 7.629 23.851 33.017 0.000 1.679 26.480 41.328 48.104 47.879 47.675 47.385 49.632 45.803 43.950 44.734 47.241 46.660 46.599 46.446 46.309 46.172
0.000 0.000 0.000 0.000 0.000 0.000 0.000 0.000 0.000 0.000 27.274 0.000 0.000 0.000 0.000 0.000 9.319 60.319 16.320 0.000 0.000 0.000 0.000 0.000 0.000 0.000 0.000 0.000 0.000 0.000 0.000 0.000 0.000 0.000 0.000 0.000 0.000 0.000 0.000 0.000 0.000 0.000 0.000 0.000 0.000 0.000 4.875 0.000 1.009 9.051 22.123 13.233 9.383 6.591 17.885 28.296 17.725 0.000 25.833 43.716 48.560 48.352 48.139 47.831 48.055 47.205 44.255 45.134 47.653 47.072 47.009 46.848 46.700 46.551 46.404
0.000 0.000 0.000 0.000 0.000 0.000 0.000 0.000 0.000 10.274 45.276 34.279 21.281 0.000 0.000 0.000 48.321 56.322 21.322 0.000 0.000 0.000 0.000 0.000 0.000 0.000 0.000 0.000 0.000 0.000 0.000 0.000 0.000 0.000 0.000 0.000 0.000 0.000 0.000 0.000 1.605 0.000 0.000 12.755 27.778 30.818 28.876 14.957 9.037 8.104 22.188 13.300 5.451 19.670 34.025 22.727 11.861 27.776 33.024 45.993 48.839 48.636 48.313 48.511 46.637 44.669 45.565 48.089 47.508 47.442 47.274 47.116 46.953 46.792 46.632
0.000 0.000 0.000 0.000 0.000 0.000 0.000 0.000 0.000 0.000 43.277 26.280 7.286 0.000 0.000 40.322 51.324 58.326 17.327 0.000 0.000 0.000 0.000 0.000 0.000 0.000 0.000 0.000 0.000 0.000 0.000 0.000 0.000 0.000 0.000 8.476 10.478 0.000 0.000 0.000 17.606 0.000 10.706 33.734 36.763 37.800 34.856 21.958 9.063 6.141 23.228 14.329 18.453 36.614 30.819 0.000 11.219 30.443 43.497 49.391 49.198 48.860 49.020 47.119 45.211 46.036 48.559 47.978 47.909 47.733 47.562 47.383 47.205 47.031 46.858
0.000 0.000 0.000 0.000 0.000 0.000 0.000 0.000 0.000 0.000 0.000 0.000 32.297 28.305 16.314 29.323 49.328 60.331 13.334 0.000 0.000 0.000 0.000 0.000 0.000 0.000 0.000 0.000 0.000 0.000 0.000 0.000 0.000 0.000 12.472 13.475 25.481 8.490 0.000 11.588 12.608 8.639 15.680 22.711 20.739 13.767 32.791 0.000 15.116 18.171 8.257 20.335 33.420 30.516 0.000 0.000 23.355 40.278 49.133 49.894 49.530 49.628 46.686 45.935 46.564 49.072 48.490 48.416 48.234 48.052 47.854 47.650 47.454 48.272 41.088
0.000 0.000 0.000 0.000 0.000 0.000 0.000 0.000 0.000 0.000 0.000 0.000 51.301 46.306 36.315 26.328 50.334 58.339 53.345 38.353 0.000 0.000 0.000 0.000 0.000 0.000 0.000 0.000 0.000 0.000 0.000 0.000 0.000 0.000 12.471 11.470 32.481 38.500 27.532 19.569 11.599 8.631 9.664 10.693 9.717 7.737 15.750 0.000 0.000 0.000 13.295 36.334 34.376 0.000 0.000 24.259 37.565 47.196 50.830 50.503 51.389 47.409 46.947 47.179 49.649 49.056 48.971 48.781 48.592 48.382 48.152 47.909 47.691 47.516 33.403
0.000 0.000 0.000 0.000 0.000 0.000 0.000 0.000 0.000 0.000 0.000 0.000 0.000 23.305 0.000 34.340 53.343 58.349 56.355 54.363 43.372 2.376 0.000 0.000 0.000 0.000 0.000 0.000 7.883 5.890 0.000 0.000 0.000 0.000 0.000 16.456 35.475 42.499 34.528 18.559 7.589 8.622 8.653 8.681 8.701 8.716 12.724 0.000 0.000 0.000 0.000 20.333 0.000 0.000 29.479 33.952 45.470 52.013 51.885 50.153 48.474 48.457 47.935 50.319 49.694 49.583 49.377 49.178 48.966 48.734 48.465 48.146 48.884 40.700 23.605
0.000 0.000 0.000 0.000 0.000 0.000 0.000 0.000 0.000 0.000 0.000 0.000 0.000 0.000 55.348 55.349 57.353 57.358 56.365 50.372 44.378 15.382 0.000 0.000 0.000 0.000 0.000 0.000 7.890 1.909 16.967 14.023 0.668 0.497 2.315 11.423 33.464 42.493 33.522 16.550 6.578 11.616 10.648 8.675 8.692 8.703 9.707 1.702 0.000 0.000 0.000 0.000 0.000 32.410 35.005 42.625 53.208 53.278 51.675 53.707 50.846 48.927 51.132 50.436 50.269 50.026 49.806 49.585 49.362 49.123 47.829 56.325 54.001 26.795 16.713
0.000 0.000 0.000 0.000 0.000 12.010 0.000 0.000 30.051 19.054 23.058 0.000 0.000 0.000 0.000 63.358 57.362 54.368 51.375 54.383 45.389 8.393 0.000 0.000 0.000 0.000 0.000 0.000 0.000 0.000 5.974 6.992 0.000 0.000 0.000 15.449 33.467 38.488 28.517 19.542 17.560 0.000 0.000 14.682 8.690 8.696 9.700 15.699 23.696 0.000 0.000 0.000 5.108 37.818 41.518 52.192 54.340 54.010 57.873 56.382 50.368 52.153 51.316 51.050 50.743 50.479 50.230 49.996 49.774 49.568 55.404 0.000 0.000 5.767 23.739
0.000 0.000 0.000 0.000 0.000 32.011 0.000 24.042 26.049 38.056 21.063 6.069 0.000 0.000 0.000 48.363 60.370 57.378 57.387 58.396 52.404 6.409 0.000 0.000 0.000 0.000 0.000 0.000 0.000 0.000 0.000 0.000 0.000 0.000 0.000 21.457 18.467 30.477 0.000 0.000 0.000 0.000 0.000 0.000 18.691 12.693 0.000 5.696 39.695 22.694 0.000 0.000 9.406 43.206 52.048 55.120 54.887 59.437 58.816 51.805 53.289 52.315 51.926 51.533 51.205 50.910 50.643 50.397 50.171 49.971 54.815 0.000 0.000 0.000 0.000
20.888 0.000 0.000 0.000 0.000 43.014 19.023 21.036 27.048 51.059 52.069 47.077 1.088 0.000 0.000 0.000 8.379 62.389 57.399 58.411 55.423 14.432 0.000 0.000 0.000 0.000 0.000 0.000 0.000 0.000 0.000 0.000 0.000 0.000 0.000 0.000 0.000 0.000 0.000 0.000 0.000 0.000 0.000 0.000 0.000 0.000 0.000 0.000 0.000 0.000 0.000 0.000 35.827 52.919 54.637 55.583 60.063 59.838 52.761 54.288 53.307 52.841 52.373 51.980 51.630 51.317 51.034 50.777 50.545 50.330 53.072 37.071 0.000 0.000 0.000
24.891 20.896 0.000 0.000 0.000 35.009 37.020 37.034 49.049 46.064 58.078 57.091 18.101 0.000 0.000 0.000 0.000 64.401 57.412 58.428 55.447 15.464 0.000 0.000 0.000 24.763 36.778 5.791 0.000 0.000 0.000 0.000 0.000 0.000 0.000 0.000 0.000 0.000 0.000 0.000 0.000 0.000 0.000 0.000 0.000 0.000 0.000 0.000 0.000 0.000 0.000 36.866 53.811 54.448 60.650 60.232 53.844 54.449 54.978 54.174 53.707 53.212 52.775 52.379 52.020 51.695 51.400 51.134 50.903 57.733 0.000 0.000 0.000 0.000 0.000
26.894 27.902 19.912 0.000 24.979 19.995 28.016 41.033 45.051 56.073 57.090 56.107 25.120 0.000 0.000 0.000 0.000 63.404 57.420 58.444 53.475 33.515 17.584 18.644 18.698 26.749 47.782 14.805 0.000 0.000 0.000 0.000 0.000 0.000 0.000 0.000 0.000 0.000 0.000 0.000 0.000 0.000 0.000 0.000 0.000 0.000 0.000 0.000 0.000 24.888 34.647 53.616 55.231 62.016 61.451 54.285 56.042 55.415 54.906 54.469 53.997 53.552 53.132 52.742 52.379 52.043 51.736 51.457 58.201 3.966 0.000 0.000 0.000 0.000 0.000
40.899 23.909 27.922 27.943 18.965 11.977 0.000 0.000 0.000 46.086 57.102 55.131 40.152 7.179 0.000 0.000 32.367 53.393 58.421 57.454 58.493 48.539 24.595 21.651 20.704 29.753 47.798 30.843 16.905 17.953 21.987 33.006 0.000 0.000 0.000 0.000 0.000 0.000 0.000 0.000 0.000 0.000 0.000 0.000 0.000 0.000 0.000 0.000 5.275 45.127 53.170 55.868 62.737 62.432 54.909 56.613 55.878 55.543 55.134 54.706 54.280 53.863 53.462 53.078 52.711 52.362 52.047 57.757 4.478 0.000 0.000 0.000 0.000 0.000 0.000
56.909 27.915 21.926 22.943 24.962 24.972 13.975 0.000 0.000 0.000 0.000 62.164 52.180 30.207 22.251 29.294 28.342 30.380 38.419 39.460 26.506 23.555 21.608 21.661 20.713 29.764 44.815 23.866 20.920 25.968 42.004 45.027 30.036 4.035 0.000 0.000 0.000 0.000 0.000 0.000 0.000 0.000 0.000 0.000 0.000 0.000 0.000 0.000 37.700 53.479 56.399 63.073 62.949 55.490 57.181 56.447 56.132 55.742 55.351 54.952 54.553 54.159 53.774 53.399 53.027 52.648 58.335 4.045 0.000 0.000 0.000 0.000 0.000 0.000 0.000
56.913 42.918 0.000 0.000 29.969 25.975 36.979 27.978 0.000 0.000 0.000 50.182 47.197 32.221 23.254 20.290 20.329 23.369 36.415 44.463 47.515 40.570 30.622 23.673 22.725 38.778 41.832 16.887 20.943 20.994 22.037 26.061 5.048 0.000 0.000 0.000 0.000 0.000 0.000 0.000 0.000 0.000 0.000 0.000 0.000 0.000 30.570 38.654 52.171 63.486 63.175 56.358 57.013 57.646 57.015 56.700 56.323 55.953 55.577 55.199 54.821 54.447 54.079 53.716 54.353 60.867 4.600 0.000 0.000 0.000 0.000 0.000 0.000 0.000 0.000
56.917 56.928 43.945 26.959 26.972 26.982 17.990 0.000 0.000 0.000 43.178 40.188 43.205 36.227 37.255 37.284 37.316 40.353 35.411 35.465 37.522 41.588 42.638 40.687 36.738 47.792 45.849 33.909 34.970 35.032 37.090 12.134 0.000 0.000 0.000 0.000 0.000 0.000 0.000 0.000 0.000 0.000 0.000 0.000 33.293 34.089 55.145 55.828 64.570 64.113 58.755 58.531 57.977 57.571 57.248 56.886 56.529 56.169 55.808 55.446 55.086 54.730 54.378 55.035 58.803 0.000 0.000 0.000 0.000 0.000 0.000 0.000 0.000 0.000 0.000
55.922 56.934 53.948 31.963 25.978 26.993 28.010 20.032 0.000 35.152 32.170 33.188 34.208 29.231 33.254 38.278 46.300 31.318 0.000 0.000 0.000 40.622 36.658 36.700 36.749 36.804 36.864 36.930 37.000 37.075 35.157 30.253 3.383 0.000 0.000 25.625 32.811 45.059 15.263 0.000 0.000 0.000 0.000 34.630 45.497 57.553 58.282 65.174 64.916 59.315 59.051 58.375 58.105 57.773 57.429 57.085 56.737 56.388 56.039 55.692 55.349 55.010 55.670 58.242 6.022 0.000 0.000 0.000 0.000 0.000 0.000 0.000 0.000 0.000 0.000
45.926 56.938 56.952 46.967 22.985 26.005 27.027 27.055 33.095 42.135 26.163 23.188 21.211 28.234 43.255 42.274 27.289 7.303 0.000 0.000 0.000 0.000 25.672 20.706 20.755 20.812 20.876 21.948 25.025 26.112 26.213 25.339 26.513 25.787 26.081 35.441 42.750 41.103 48.469 46.852 42.065 40.140 43.023 55.063 58.814 58.737 65.468 65.357 59.851 59.573 58.888 58.622 58.286 57.956 57.623 57.286 56.947 56.607 56.269 55.936 55.608 56.293 57.051 0.000 0.000 0.000 0.000 0.000 0.000 0.000 0.000 0.000 0.000 0.000 0.000
23.932 51.942 55.955 36.971 19.992 19.015 27.039 27.066 26.098 20.130 21.161 27.192 44.217 43.239 26.259 19.275 9.282 0.000 29.504 38.526 34.559 35.602 38.654 41.701 40.753 41.814 44.883 43.960 41.043 43.136 38.244 24.377 28.547 27.766 33.018 51.309 58.645 56.135 50.659 46.020 48.222 55.218 60.515 59.299 65.851 65.567 59.667 61.344 60.005 59.413 59.137 58.800 58.475 58.147 57.819 57.490 57.159 56.826 56.494 57.175 54.855 50.503 2.306 0.000 0.000 0.000 0.000 0.000 0.000 0.000 0.000 0.000 0.000 0.000 0.000
16.938 35.946 46.958 21.972 13.996 21.026 19.051 26.075 27.101 27.126 20.162 37.201 29.226 18.249 21.270 13.287 0.000 38.453 41.484 41.515 43.551 44.594 47.642 51.691 50.745 50.807 50.885 52.968 54.052 52.145 40.253 26.380 28.533 28.714 28.916 32.133 6.388 0.000 71.011 113.372 91.446 57.820 59.712 66.848 66.419 60.043 62.841 60.318 59.941 59.648 59.316 58.991 58.664 58.339 58.016 57.697 57.375 57.044 58.708 53.416 42.135 0.000 0.000 0.000 0.000 0.000 0.000 0.000 0.000 0.000 0.000 0.000 0.000 0.000 0.000
0.000 0.000 27.959 9.965 0.000 16.044 21.064 21.084 27.104 16.115 0.000 21.225 19.240 21.261 22.286 32.317 46.369 43.424 45.464 51.501 61.539 105.581 102.630 102.678 102.728 102.788 103.882 87.975 20.054 23.141 21.242 29.359 28.493 25.642 23.801 5.918 0.000 0.000 0.000 38.886 56.194 61.094 67.461 67.190 59.577 61.343 60.702 60.459 60.152 59.832 59.509 59.182 58.853 58.528 58.212 57.906 58.601 57.270 48.878 37.646 0.000 0.000 0.000 0.000 0.000 0.000 0.000 0.000 0.000 0.000 0.000 0.000 0.000 0.000 0.000
0.000 42.955 20.956 0.000 0.000 0.000 15.078 28.093 20.120 0.000 0.000 29.236 20.249 31.270 44.296 44.328 49.368 52.411 45.450 31.487 22.524 18.564 16.619 19.665 20.704 7.735 0.000 24.998 22.049 21.125 25.217 29.324 26.438 18.562 25.728 6.822 0.000 0.000 34.860 51.738 61.558 67.828 67.675 60.098 61.849 61.203 60.968 60.657 60.348 60.029 59.704 59.375 59.041 58.708 58.398 59.116 54.855 43.557 0.385 0.000 0.000 0.000 0.000 0.000 0.000 0.000 0.000 0.000 0.000 0.000 0.000 0.000 0.000 0.000 0.000
0.000 0.000 0.000 0.000 0.000 0.000 0.000 0.000 24.163 22.190 30.213 27.234 27.253 27.276 44.301 58.332 47.366 27.403 25.439 20.474 22.507 13.534 0.000 25.660 22.688 11.715 0.000 25.972 21.021 22.092 29.180 27.281 25.373 7.440 0.000 0.000 31.714 29.563 46.288 62.185 68.003 60.937 61.554 62.271 61.721 61.481 61.172 60.868 60.554 60.233 59.905 59.572 59.227 59.868 59.555 49.307 34.147 0.000 0.000 0.000 0.000 0.000 0.000 0.000 0.000 0.000 0.000 0.000 0.000 0.000 0.000 0.000 0.000 0.000 0.000
0.000 0.000 0.000 37.129 30.132 24.136 0.000 0.000 42.181 39.196 26.215 27.235 27.256 28.279 49.304 101.332 94.364 41.397 96.430 17.464 21.497 21.532 23.574 21.628 21.673 21.724 23.799 19.899 19.971 29.043 28.132 25.249 20.336 9.387 0.000 0.000 33.865 40.725 62.731 61.629 68.378 62.007 62.641 62.236 61.993 61.695 61.396 61.086 60.769 60.444 60.113 59.783 61.429 56.982 38.649 25.411 27.278 0.000 0.000 0.000 0.000 0.000 0.000 0.000 0.000 0.000 0.000 0.000 0.000 0.000 0.000 0.000 0.000 0.000 0.000
0.000 0.000 0.000 20.127 29.133 26.142 44.156 38.170 43.184 51.200 42.218 27.238 27.258 27.280 26.305 20.332 15.361 20.392 17.423 21.455 21.488 21.523 21.563 21.608 21.655 21.709 20.777 25.855 27.921 28.980 13.055 0.000 13.335 0.000 0.000 0.000 38.129 60.071 64.106 69.599 69.050 62.127 62.817 62.496 62.223 61.932 61.628 61.313 60.993 60.661 60.320 59.020 20.724 0.000 0.000 0.000 0.000 0.000 0.000 0.000 0.000 0.000 0.000 0.000 0.000 0.000 0.000 0.000 0.000 0.000 0.000 0.000 0.000 0.000 0.000
5.876 0.000 25.109 21.121 20.132 38.143 31.157 47.171 56.187 36.204 22.222 20.240 23.260 26.281 27.304 27.330 20.358 19.387 20.417 20.447 21.478 21.511 21.547 26.587 23.631 20.682 21.744 24.825 28.878 17.903 0.000 0.000 0.000 0.000 0.000 113.757 57.491 64.532 62.536 70.063 61.952 64.492 66.001 62.758 62.475 62.180 61.871 61.548 62.227 58.890 46.488 37.253 0.000 0.000 0.000 0.000 0.000 0.000 0.000 0.000 0.000 0.000 0.000 0.000 0.000 0.000 0.000 0.000 0.000 0.000 0.000 0.000 0.000 0.000 0.000
0.303 25.061 21.098 20.117 31.132 35.145 46.158 53.172 19.189 18.209 19.226 21.243 20.261 17.281 25.303 26.328 27.355 26.383 20.412 19.439 18.468 19.497 25.529 84.563 52.602 32.646 15.694 0.000 30.864 38.852 0.000 0.000 0.000 0.000 38.183 48.999 65.868 63.918 70.847 70.474 63.068 63.610 64.296 63.026 62.743 62.444 62.127 62.782 61.480 14.184 0.000 0.000 0.000 0.000 0.000 0.000 0.000 0.000 0.000 0.000 0.000 0.000 0.000 0.000 0.000 0.000 0.000 0.000 0.000 0.000 0.000 0.000 0.000 0.000 0.000
0.000 18.091 21.106 23.120 44.134 55.147 69.160 51.171 0.000 37.220 37.231 21.246 21.262 20.280 18.300 21.324 27.353 25.382 26.408 28.433 26.457 24.483 20.509 15.538 20.568 15.606 0.000 0.000 0.000 24.790 16.774 0.000 0.000 0.000 48.367 65.225 65.298 63.328 71.180 62.804 65.307 66.824 63.582 63.310 63.027 62.728 62.413 59.973 14.726 0.000 0.000 0.000 0.000 0.000 0.000 0.000 0.000 0.000 0.000 0.000 0.000 0.000 0.000 0.000 0.000 0.000 0.000 0.000 0.000 0.000 0.000 0.000 0.000 0.000 0.000
0.000 16.108 22.115 38.125 49.137 97.151 91.166 93.182 99.203 95.220 96.234 21.248 21.262 20.278 20.295 19.318 14.351 24.384 26.407 27.427 25.447 27.468 27.490 28.511 21.527 0.000 0.000 0.000 0.000 25.746 10.759 0.000 0.000 39.864 61.660 65.592 64.583 71.781 71.489 63.875 64.423 65.121 63.869 63.607 63.328 64.028 38.823 0.000 0.000 0.000 0.000 0.000 0.000 0.000 0.000 0.000 0.000 0.000 0.000 0.000 0.000 0.000 0.000 0.000 0.000 0.000 0.000 0.000 0.000 0.000 0.000 0.000 0.000 0.000 0.000
0.000 17.119 34.123 42.131 48.140 19.154 18.173 17.190 14.208 15.225 15.239 21.251 21.263 37.275 37.288 13.302 0.000 11.396 24.410 26.424 24.438 26.454 26.472 27.491 23.504 0.000 0.000 0.000 23.634 8.689 0.000 0.000 41.205 50.061 66.913 65.813 64.998 72.050 63.565 66.086 68.625 64.407 64.166 63.923 62.651 50.236 9.029 0.000 0.000 0.000 0.000 0.000 0.000 0.000 0.000 0.000 0.000 0.000 0.000 0.000 0.000 0.000 0.000 0.000 0.000 0.000 0.000 0.000 0.000 0.000 0.000 0.000 0.000 0.000 0.000
0.000 25.126 42.130 41.135 41.140 0.000 13.184 13.197 26.217 22.234 21.246 21.257 20.265 96.272 84.279 0.000 0.000 0.000 18.416 13.422 18.428 21.440 21.456 23.477 24.495 29.510 30.527 31.549 22.580 0.000 0.000 30.348 80.349 62.266 66.128 66.216 64.278 72.297 64.696 65.172 65.911 64.686 64.468 65.268 35.117 0.000 0.000 0.000 0.000 0.000 0.000 0.000 0.000 0.000 0.000 0.000 0.000 0.000 0.000 0.000 0.000 0.000 0.000 0.000 0.000 0.000 0.000 0.000 0.000 0.000 0.000 0.000 0.000 0.000 0.000
0.000 13.132 37.136 36.141 30.145 0.000 0.000 0.000 19.232 32.247 21.258 20.266 21.271 2.271 0.000 0.000 0.000 0.000 0.000 0.000 29.414 27.421 25.436 8.467 11.490 18.510 19.524 24.540 15.559 0.000 0.000 0.000 40.579 58.497 65.442 65.545 72.733 72.524 64.779 65.462 65.172 64.962 64.752 59.565 17.433 0.000 0.000 14.607 0.000 0.000 0.000 0.000 0.000 0.000 0.000 0.000 0.000 0.000 0.000 0.000 0.000 0.000 0.000 0.000 0.000 0.000 0.000 0.000 0.000 0.000 0.000 0.000 0.000 0.000 0.000
