results1/res_4e8f-0075.wd
ncols         241
nrows         181
xllcorner     12693529.787448
yllcorner     3542525.717860
cellsize      155.156523
NODATA_value  -9999.000000
[rows 99 to 131 of 181, columns 73 to 145 of 241]
54.429 54.417 54.407 53.399 53.392 58.387 61.383 58.378 54.375 54.374 48.374 4.374 0.000 0.000 0.000 0.000 0.000 10.459 68.609 93.650 91.691 90.884 97.622 97.546 90.647 91.339 91.180 91.065 91.955 91.850 90.755 94.673 53.615 0.000 0.000 0.000 0.000 0.000 0.000 16.496 42.398 54.199 21.855 3.652 33.575 36.498 34.412 38.300 35.041 32.612 2.051 26.579 30.459 45.359 51.286 54.232 52.192 47.163 40.144 35.133 30.128 8.120 0.000 0.000 0.000 0.000 1.995 19.994 31.993 55.993 56.992 56.992 56.991
54.438 54.428 53.418 51.410 55.404 60.398 61.392 61.382 55.378 52.376 57.375 57.375 18.375 0.000 13.814 43.785 20.740 0.445 56.938 96.854 92.128 92.162 97.685 89.978 91.760 91.408 91.314 91.196 91.083 90.977 92.882 91.802 27.748 0.000 0.000 0.000 0.000 0.000 0.000 20.718 26.649 37.570 0.000 0.000 28.741 36.685 35.591 39.447 39.212 9.912 0.000 21.506 35.434 40.337 61.277 62.234 62.201 63.176 64.159 62.148 43.143 0.000 0.000 0.000 0.000 0.000 0.000 18.992 31.989 55.988 56.987 56.987 56.986
54.446 53.437 53.428 56.420 59.414 60.409 35.405 0.000 28.377 64.376 37.375 11.375 3.375 0.000 24.843 74.803 71.717 63.547 82.258 93.363 90.336 97.773 91.275 92.076 91.637 91.565 91.441 91.324 91.206 92.093 89.993 77.905 24.826 0.000 0.000 0.000 0.000 0.000 24.188 31.010 28.909 29.863 2.935 0.000 34.964 52.910 45.820 40.686 15.449 0.000 0.000 4.506 0.000 34.278 59.253 63.226 61.202 61.182 61.168 63.158 36.154 30.155 30.156 36.156 0.000 0.000 0.000 0.000 30.984 55.984 56.983 56.982 56.981
53.453 52.445 57.437 60.429 60.423 60.418 25.415 0.000 0.000 7.376 0.000 0.000 0.000 0.000 17.911 80.866 86.778 94.647 94.533 91.618 98.145 97.915 91.253 91.960 91.805 91.689 91.572 91.450 91.323 97.195 47.092 14.999 0.000 0.000 0.000 0.000 0.000 15.517 33.367 29.224 29.113 28.038 34.008 0.000 28.241 54.171 53.093 51.028 0.000 0.000 0.000 0.000 0.000 32.244 61.232 65.216 62.199 61.183 59.171 48.163 29.158 25.157 26.156 10.156 0.000 0.000 0.000 0.000 26.980 55.979 56.978 56.977 52.976
52.460 58.452 60.444 60.437 58.431 64.425 34.422 0.000 0.000 0.000 0.000 0.000 0.000 0.000 29.026 86.970 89.891 93.735 92.930 92.910 98.350 90.659 92.360 92.030 91.938 91.822 91.706 95.583 101.441 56.273 25.182 0.154 0.000 0.000 0.000 0.000 16.788 39.668 33.538 26.406 31.283 35.169 32.051 29.873 43.587 47.442 37.353 45.305 0.000 0.000 0.000 0.000 0.000 38.221 62.215 67.206 66.194 62.181 57.171 26.164 24.160 25.158 32.157 0.000 0.000 0.000 0.000 20.976 24.976 53.976 56.975 56.974 50.972
59.466 60.459 60.452 59.445 37.438 3.429 22.425 24.425 0.000 0.000 0.000 0.000 0.000 20.313 73.194 87.108 89.995 92.128 93.109 98.711 98.538 91.648 92.345 92.179 92.069 91.957 95.846 57.733 17.587 0.000 35.181 21.180 0.000 0.000 0.000 0.000 24.908 58.828 49.713 44.581 39.444 40.303 38.153 38.981 51.793 45.658 29.573 31.534 0.000 0.000 0.000 0.000 0.000 38.205 66.203 31.200 29.190 61.177 64.169 34.163 25.160 30.159 0.149 0.000 0.000 0.000 0.000 0.000 20.974 38.973 54.971 57.970 50.969
60.472 60.466 56.460 60.453 42.448 0.000 13.425 43.425 0.000 0.000 0.000 0.000 10.533 72.432 86.333 92.242 92.197 92.319 99.019 98.870 90.996 92.765 92.409 92.315 92.199 92.090 95.990 67.916 0.002 0.000 5.181 8.181 0.000 0.000 0.000 0.000 12.107 44.026 48.903 58.761 54.608 42.447 45.278 54.106 48.946 36.823 28.746 29.724 3.784 4.799 0.000 0.000 0.000 36.192 70.191 0.000 0.000 10.168 57.164 47.161 28.158 7.158 0.000 0.000 0.000 0.000 0.000 0.000 0.000 17.969 43.968 53.967 46.966
58.478 55.474 54.469 70.458 49.453 0.000 12.424 40.424 0.000 0.000 0.000 4.711 68.633 81.549 91.468 94.335 93.563 91.576 99.157 90.324 92.091 88.643 90.566 92.440 92.325 93.213 87.108 77.025 25.025 0.000 0.000 0.000 0.000 0.000 0.000 0.118 34.388 39.266 39.113 40.951 49.781 52.598 55.405 49.221 36.062 29.942 28.866 27.831 31.830 16.814 0.000 0.000 0.000 25.181 62.178 28.169 17.165 9.163 52.160 58.156 38.154 0.000 0.000 0.000 0.000 0.000 0.000 0.000 0.000 12.966 36.966 41.965 28.964
52.485 61.484 57.484 0.000 0.000 0.000 3.424 3.424 0.000 0.000 0.000 5.789 84.740 86.672 94.571 93.722 92.725 99.399 99.283 92.291 91.972 91.808 91.686 90.566 91.447 93.328 50.205 1.125 0.000 0.000 0.000 0.000 0.000 3.744 20.541 35.223 45.790 42.535 41.334 38.150 38.965 41.762 53.523 54.311 46.138 35.019 27.944 27.904 29.890 0.000 0.000 0.000 0.000 10.173 52.170 30.166 26.164 26.161 58.155 61.152 44.149 7.145 0.000 40.138 0.000 0.000 0.000 0.000 0.000 15.965 39.963 34.963 20.962
53.491 63.495 50.498 0.000 0.000 0.000 0.424 12.424 0.000 0.000 0.000 71.917 81.866 93.796 93.776 92.902 99.606 99.506 91.620 93.387 93.032 92.933 92.810 92.689 94.569 44.448 0.000 0.000 0.000 0.000 0.000 0.000 19.232 35.946 48.657 44.341 43.013 42.751 42.537 43.350 41.169 39.961 13.615 32.362 57.159 39.052 26.988 29.952 27.938 15.946 0.000 0.000 0.000 11.168 44.163 22.160 0.000 0.000 14.148 51.146 40.144 49.142 56.139 15.139 0.000 0.000 0.000 0.000 0.000 0.000 30.961 28.960 21.960
51.497 55.504 54.516 30.531 0.000 0.000 0.000 0.000 0.000 0.000 25.218 85.095 92.011 93.912 94.052 92.154 99.697 91.923 93.697 93.255 93.180 93.054 93.934 94.812 56.690 0.000 0.000 0.000 0.000 0.000 0.000 38.898 49.519 45.151 43.801 43.471 43.171 42.920 42.714 42.543 42.401 51.297 0.000 0.000 25.086 34.043 26.004 34.977 34.963 16.954 0.000 0.000 0.000 0.000 28.155 65.152 33.147 0.000 7.143 52.142 46.140 37.139 37.137 0.000 0.000 0.000 0.000 0.000 0.000 0.000 9.958 20.958 21.959
63.498 1.512 57.532 55.546 44.567 3.582 0.000 0.000 0.000 16.449 75.342 89.236 95.145 94.104 93.235 99.852 99.779 92.877 93.569 93.411 93.295 94.179 96.057 56.935 0.000 0.000 0.000 0.000 0.000 26.156 36.839 48.278 44.794 44.340 40.924 40.570 40.280 41.044 42.856 42.707 45.596 22.530 0.000 0.000 5.054 30.031 29.008 46.991 42.982 0.000 0.000 0.000 0.000 0.000 12.150 57.146 69.142 26.139 52.139 66.138 58.137 34.136 27.135 0.000 0.000 0.000 0.000 0.000 0.000 0.000 15.957 21.956 25.957
45.495 0.000 59.548 49.556 56.571 48.597 9.639 0.492 9.646 76.557 85.460 95.373 94.223 94.459 92.460 99.914 92.180 93.966 93.619 93.529 94.415 95.308 49.183 0.000 0.000 0.000 0.000 0.000 38.822 49.473 47.083 45.582 47.037 46.493 51.983 56.608 51.333 44.122 37.958 41.833 47.745 5.698 0.000 0.000 1.037 33.019 34.007 55.997 43.991 0.000 0.000 0.000 0.000 0.000 0.131 52.139 61.138 66.136 62.136 62.135 66.134 50.133 29.131 30.129 0.000 0.000 0.000 0.000 0.000 17.955 22.955 20.955 25.955
0.000 0.000 27.556 78.560 41.566 0.000 0.000 14.820 74.750 79.669 93.588 94.449 94.687 92.582 100.002 92.450 94.253 93.823 93.759 94.642 91.530 46.457 0.000 0.000 0.000 0.000 0.000 41.501 49.171 46.830 46.438 49.930 24.280 2.615 4.908 21.546 47.321 49.154 50.023 41.923 42.854 3.818 0.000 0.000 0.000 14.012 32.005 38.999 37.996 0.000 0.000 0.000 0.000 0.000 0.124 43.134 56.134 61.133 62.132 63.132 59.132 55.131 40.129 28.127 32.124 38.123 0.000 0.000 0.000 0.000 20.954 21.953 23.953
0.000 0.000 4.559 79.563 66.566 0.000 0.000 21.918 82.862 90.791 94.687 95.833 95.825 100.339 100.133 93.406 94.116 93.971 93.867 88.758 78.606 29.532 0.000 0.000 0.000 30.366 39.182 50.831 47.532 47.240 50.909 28.419 0.000 0.000 0.000 7.346 45.253 42.149 46.056 51.982 51.929 29.902 0.000 0.000 0.000 0.000 34.001 27.999 34.997 0.000 0.000 0.000 0.000 0.000 5.130 30.131 47.130 61.130 56.130 49.129 51.130 12.129 37.128 46.125 39.123 35.122 0.000 0.000 0.000 0.000 0.000 15.952 20.951
0.000 0.000 0.000 7.566 56.569 0.152 10.178 76.072 87.993 94.916 94.882 95.012 100.711 100.530 92.707 94.498 94.159 94.081 86.987 52.915 0.000 0.000 0.000 2.872 48.766 42.550 50.348 48.110 47.886 48.689 26.540 0.000 0.000 0.000 0.000 6.240 48.196 42.134 42.072 44.018 47.980 49.960 1.960 0.000 0.000 0.000 14.999 33.998 8.997 0.000 0.000 0.000 0.000 0.000 0.000 26.127 37.127 44.127 36.127 33.127 0.000 0.000 0.000 30.122 34.121 43.121 0.000 0.000 0.000 0.000 0.000 9.951 20.950
0.000 0.000 0.000 0.000 0.000 10.363 79.284 84.199 95.127 95.004 96.239 96.268 100.880 93.018 94.791 94.352 94.286 84.178 73.086 37.001 0.000 0.000 0.000 42.977 64.878 49.721 41.551 49.374 47.214 50.089 20.022 0.000 0.000 0.000 2.169 37.179 44.157 43.119 43.078 40.041 36.013 37.999 0.000 0.000 0.000 0.000 0.000 40.996 0.000 0.000 0.000 0.000 0.000 0.000 0.000 28.125 27.125 26.124 24.124 30.124 0.000 0.000 0.000 5.121 28.120 46.119 0.000 0.000 0.000 0.000 0.000 0.000 13.949
0.000 0.000 0.000 0.000 0.000 82.449 81.393 95.324 95.228 96.383 96.410 101.189 101.039 93.976 95.654 93.491 79.369 68.270 42.178 0.000 0.000 0.000 37.345 55.182 55.047 61.904 49.760 39.622 45.507 55.433 58.436 21.594 0.000 0.000 1.151 49.149 43.134 43.109 42.080 38.053 32.033 33.023 0.000 0.000 0.000 0.000 0.000 13.995 21.994 0.000 0.000 0.000 0.000 0.000 6.122 30.123 24.122 25.122 25.122 27.121 10.119 0.000 0.000 0.000 15.118 36.116 14.115 0.000 0.000 0.000 0.000 0.000 8.949
0.000 0.000 0.000 0.000 21.682 82.591 94.518 95.447 96.419 98.566 101.467 101.330 93.295 95.052 91.697 80.591 69.437 41.354 0.000 0.000 0.000 39.658 60.508 46.360 38.223 52.090 63.963 51.849 54.757 55.701 42.696 48.751 27.823 0.000 9.135 41.133 37.121 44.102 39.080 31.059 30.044 34.036 0.000 0.000 0.000 0.000 0.000 0.994 40.994 0.000 0.000 0.000 0.000 0.000 0.000 12.121 27.121 25.120 25.120 25.119 33.118 0.000 0.000 0.000 0.000 17.115 28.113 34.112 0.000 0.000 0.000 0.000 0.000
0.000 0.000 0.000 0.000 64.773 90.712 96.648 95.531 95.770 93.819 101.597 93.587 95.345 89.908 78.834 53.708 0.000 0.000 0.000 0.000 39.941 60.808 47.668 36.529 36.396 38.270 49.154 64.053 54.972 39.918 47.894 49.894 23.894 0.000 6.131 66.126 53.115 42.099 36.080 32.060 29.048 30.042 24.042 0.000 0.000 0.000 0.000 0.000 19.994 0.000 0.000 0.000 0.000 0.000 0.000 0.000 29.118 25.118 25.118 25.118 27.117 11.116 0.000 0.000 0.000 0.000 25.112 28.111 0.000 0.000 0.000 0.000 0.000
0.000 0.000 0.000 68.033 64.925 70.846 85.748 96.904 93.943 101.840 101.721 94.521 90.202 79.050 57.939 0.000 0.000 21.894 0.000 0.000 65.075 47.964 36.828 37.691 36.561 39.439 53.330 62.236 63.161 47.106 43.069 54.037 27.966 0.000 0.000 0.000 10.115 0.000 0.000 2.053 33.047 40.043 41.041 27.040 0.000 0.000 0.000 0.000 0.000 0.000 0.000 0.000 0.000 0.000 0.000 0.000 29.117 28.117 31.117 26.117 23.116 32.115 0.000 0.000 0.000 5.110 39.110 44.111 0.000 0.000 0.000 0.000 0.000
0.000 0.000 7.235 69.142 66.050 66.969 76.935 93.084 102.064 101.953 93.807 90.567 78.233 52.154 0.000 0.000 38.955 37.894 19.773 3.589 53.321 37.144 37.990 36.848 37.717 52.597 58.491 22.401 13.329 65.275 51.240 29.220 0.000 0.000 0.000 0.000 0.000 0.000 0.000 0.000 51.043 45.042 42.040 38.040 0.000 0.000 0.000 0.000 0.000 0.000 0.000 0.000 0.000 0.000 0.000 17.114 26.114 1.115 0.000 1.115 26.115 30.114 0.000 0.000 0.000 7.110 43.110 12.110 0.000 0.000 0.000 0.000 0.000
0.000 82.405 70.329 67.247 65.171 66.046 67.280 71.332 102.171 93.050 88.808 78.395 52.349 0.000 0.000 0.000 43.016 40.954 60.837 44.673 37.477 38.300 37.141 39.995 59.861 56.742 37.637 33.548 38.478 66.427 63.395 27.383 0.000 0.000 0.000 0.000 0.000 0.000 0.000 0.000 58.041 58.040 53.039 44.039 0.000 0.000 0.000 0.000 0.000 0.000 0.000 0.000 0.000 0.000 0.000 29.113 31.113 0.000 0.000 0.000 29.114 30.114 0.000 0.000 0.000 0.000 14.110 0.000 0.000 0.000 0.000 0.000 0.000
0.000 80.482 94.426 86.357 71.258 72.410 64.448 102.373 102.274 71.925 76.604 52.502 0.000 0.000 0.000 0.000 45.140 58.070 55.948 37.790 37.613 37.440 48.277 60.128 48.993 37.872 37.766 37.678 38.608 47.558 65.531 61.535 22.594 0.000 0.000 0.000 0.000 0.000 0.000 0.000 44.040 46.039 58.038 59.038 15.037 0.000 0.000 0.000 0.000 0.000 0.000 0.000 0.000 0.000 21.112 31.112 8.113 0.000 0.000 0.000 30.113 28.113 0.000 0.000 0.000 0.000 0.000 0.000 0.000 0.000 0.000 0.000 0.000
16.710 93.615 96.539 96.466 91.434 81.582 102.566 102.469 64.047 58.839 0.000 0.000 0.000 0.000 0.000 0.000 56.334 61.237 37.094 38.925 38.746 50.569 59.402 41.248 38.109 37.986 37.879 37.790 37.719 37.667 46.637 66.632 59.653 33.686 24.700 28.703 0.000 0.000 0.000 0.000 0.000 24.038 64.037 64.037 25.036 0.000 0.000 0.000 0.000 0.000 0.000 0.000 0.000 0.000 10.112 9.112 0.000 0.000 0.000 0.000 10.113 37.113 0.000 0.000 0.000 0.000 0.000 0.000 0.000 0.000 0.000 0.000 0.000
86.806 96.726 96.657 96.537 100.773 91.823 102.660 64.095 66.754 61.533 0.000 0.000 0.000 0.000 0.000 49.830 61.625 38.452 39.267 39.072 46.876 59.687 37.513 38.354 38.211 38.084 37.975 37.883 37.810 37.755 37.719 41.701 42.700 37.707 38.710 45.706 27.706 0.000 0.000 0.000 0.000 0.000 19.036 55.036 18.035 0.000 0.000 0.000 0.000 0.000 0.000 0.000 0.000 0.000 0.000 0.000 0.000 0.000 0.000 0.000 0.000 0.000 0.000 0.000 0.000 0.000 0.000 0.000 0.000 0.000 0.000 0.000 0.000
92.904 92.837 96.742 97.897 94.936 102.843 102.752 68.666 52.987 0.000 0.000 0.000 0.000 0.000 0.000 67.036 43.883 39.678 39.451 41.220 61.998 41.793 38.608 38.444 38.297 38.166 38.052 37.958 37.882 37.825 37.783 36.755 35.739 38.731 20.728 0.000 0.000 0.000 0.000 0.000 0.000 0.000 0.000 48.035 36.035 3.034 0.000 0.000 0.000 0.000 0.000 0.000 0.000 0.000 0.000 0.000 0.000 0.000 0.000 0.000 0.000 0.000 0.000 0.000 0.000 0.000 0.000 0.000 0.000 0.000 0.000 0.000 0.000
72.016 71.946 75.918 72.068 103.025 102.935 80.272 61.289 51.942 0.000 0.000 0.000 0.000 0.000 0.000 42.395 38.193 37.927 36.638 49.359 42.104 35.877 36.684 36.517 36.367 36.230 37.111 38.014 37.937 37.878 36.833 34.797 36.769 36.751 33.743 23.742 26.739 28.736 27.734 29.732 0.731 0.000 0.000 0.000 45.034 17.034 0.000 0.000 0.000 0.000 0.000 0.000 0.000 0.000 0.000 0.000 0.000 0.000 0.000 0.000 0.000 0.000 0.000 0.000 0.000 0.000 0.000 0.000 0.000 0.000 0.000 0.000 0.000
87.132 109.015 74.256 104.308 103.114 62.935 53.474 0.000 66.827 24.981 0.000 0.000 0.000 0.000 86.430 64.955 35.569 43.198 53.815 52.475 48.181 45.928 45.733 45.572 44.425 38.276 34.147 38.049 37.975 37.919 36.874 36.832 40.788 40.763 41.750 51.744 51.740 47.736 40.733 39.731 18.730 0.000 0.000 0.000 4.034 10.034 0.000 0.000 0.000 0.000 0.000 0.000 0.000 0.000 0.000 0.000 0.000 0.000 0.000 0.000 0.000 0.000 0.000 0.000 0.000 0.000 0.000 0.000 0.000 0.000 0.000 0.000 0.000
135.215 113.807 111.847 103.279 103.198 91.040 0.000 33.538 61.538 135.136 110.657 0.000 34.025 23.465 84.906 44.427 41.928 113.484 103.948 99.547 99.217 97.923 96.749 95.614 94.483 65.304 32.153 38.061 37.996 37.948 37.910 29.871 0.000 0.000 0.000 0.000 0.000 0.000 4.732 56.730 35.729 6.728 0.000 0.000 0.000 0.000 0.000 0.000 0.000 0.000 0.000 0.000 0.000 0.000 0.000 0.000 0.000 0.000 0.000 0.000 0.000 0.000 0.000 0.000 0.000 0.000 0.000 0.000 0.000 0.000 0.000 0.000 0.000
93.387 112.969 103.427 103.354 87.612 0.000 0.000 0.000 4.653 56.367 44.179 0.000 15.585 0.000 44.301 40.918 50.235 105.859 0.000 0.000 0.000 41.797 50.726 111.650 24.591 0.000 42.099 38.045 38.001 38.968 20.948 0.000 0.000 0.000 0.000 0.000 0.000 0.000 0.000 9.729 56.727 12.727 0.000 0.000 0.000 0.000 0.000 0.000 0.000 0.000 0.000 0.000 0.000 0.000 0.000 0.000 0.000 0.000 0.000 0.000 0.000 0.000 0.000 0.000 0.000 0.000 0.000 0.000 0.000 0.000 0.000 0.000 0.000
114.147 112.196 103.496 112.111 113.956 34.244 0.000 12.053 39.053 48.500 25.512 2.149 37.145 82.752 81.079 73.709 0.000 24.859 0.000 2.740 24.741 52.741 97.710 60.670 25.641 0.000 0.000 44.020 37.995 38.976 19.965 0.000 0.000 0.000 0.000 0.000 0.000 0.000 0.000 0.000 3.726 42.725 7.724 0.000 0.000 0.000 0.000 0.000 0.000 0.000 0.000 0.000 0.000 0.000 0.000 0.000 0.000 0.000 0.000 0.000 0.000 0.000 0.000 0.000 0.000 0.000 0.000 0.000 0.000 0.000 0.000 0.000 0.000
112.284 103.619 103.560 92.621 35.385 0.000 0.000 0.000 0.679 26.067 0.000 0.000 30.444 74.034 127.553 63.131 0.000 0.000 0.000 0.000 0.000 66.717 101.702 31.681 28.661 0.000 0.000 0.000 42.983 36.976 34.971 32.971 20.971 0.000 0.000 0.000 0.000 0.000 0.000 0.000 0.000 56.723 14.723 0.000 0.000 0.000 0.000 0.000 0.000 0.000 0.000 0.000 0.000 0.000 0.000 0.000 0.000 0.000 0.000 0.000 0.000 0.000 0.000 0.000 0.000 0.000 0.000 0.000 0.000 0.000 0.000 0.000 0.000
