results1/res_4e8f.inittm
ncols         241
nrows         181
xllcorner     12693529.787448
yllcorner     3542525.717860
cellsize      155.156523
NODATA_value  -9999.000000
[rows 29 to 57 of 181, columns 132 to 197 of 241]
16.095 16.653 14.819 14.834 112.406 -9999.000 9.920 10.336 5.785 4.731 4.745 4.769 4.797 4.752 4.711 3.927 0.000 6.757 6.757 6.758 6.759 15.066 14.344 12.903 13.041 -9999.000 -9999.000 -9999.000 97.186 95.287 95.504 95.521 97.449 -9999.000 -9999.000 -9999.000 -9999.000 -9999.000 102.088 102.837 167.893 -9999.000 -9999.000 -9999.000 109.720 109.098 109.096 109.101 147.261 -9999.000 111.793 111.222 99.686 106.069 108.826 159.905 142.784 139.934 127.249 136.741 136.771 140.801 304.074 -9999.000 -9999.000 -9999.000
14.666 14.615 14.625 66.439 -9999.000 295.201 9.880 6.830 4.636 4.652 4.681 4.691 4.743 4.622 4.593 0.000 3.927 5.467 6.758 17.443 15.603 15.373 16.968 16.083 -9999.000 -9999.000 -9999.000 -9999.000 93.531 95.264 96.314 97.187 -9999.000 -9999.000 -9999.000 -9999.000 -9999.000 101.170 102.051 138.158 278.255 -9999.000 -9999.000 -9999.000 109.715 108.888 107.984 108.234 108.264 108.994 -9999.000 355.206 99.214 105.605 210.894 -9999.000 139.423 139.598 119.018 142.457 230.038 -9999.000 -9999.000 -9999.000 -9999.000 -9999.000
14.610 14.373 26.610 -9999.000 136.380 8.871 8.505 4.883 4.549 4.519 4.631 4.569 4.463 4.483 0.000 4.593 4.710 4.781 6.758 16.997 14.309 14.302 15.890 15.988 -9999.000 101.691 -9999.000 355.458 93.482 93.397 90.794 -9999.000 -9999.000 238.972 345.708 -9999.000 -9999.000 101.074 106.616 159.478 -9999.000 -9999.000 -9999.000 -9999.000 109.707 109.099 107.941 108.507 110.006 137.478 -9999.000 -9999.000 98.807 104.114 111.162 438.660 139.035 139.183 118.871 160.762 203.374 349.976 -9999.000 -9999.000 -9999.000 -9999.000
14.337 14.354 -9999.000 -9999.000 9.773 8.271 5.670 4.424 4.476 4.295 4.285 4.416 4.376 0.000 4.482 4.612 4.734 4.808 10.578 13.740 8.316 9.495 16.943 367.687 -9999.000 101.634 97.740 97.448 97.418 89.751 90.819 -9999.000 -9999.000 113.399 91.923 268.638 -9999.000 98.261 102.653 138.357 -9999.000 -9999.000 105.339 107.186 109.542 108.320 106.050 106.080 106.996 106.639 107.136 332.463 98.723 100.884 100.975 104.792 138.835 118.751 118.778 -9999.000 203.544 323.904 -9999.000 -9999.000 -9999.000 -9999.000
13.984 129.600 59.203 72.741 9.526 5.935 4.316 4.291 4.157 4.128 4.183 4.277 0.000 4.376 4.505 4.630 4.746 4.817 12.801 9.487 5.878 6.312 10.607 -9999.000 -9999.000 102.211 296.855 256.219 106.166 89.675 90.505 305.003 -9999.000 502.969 91.896 91.926 268.862 91.693 102.598 93.094 95.585 98.227 92.456 103.147 104.094 105.819 105.593 105.660 106.080 106.594 107.249 104.063 98.670 103.392 103.401 104.102 138.828 118.512 118.654 -9999.000 205.989 206.051 205.770 206.045 206.066 206.088
13.966 -9999.000 12.084 9.071 6.153 4.291 4.251 4.179 4.084 3.471 4.127 0.000 4.276 4.402 4.527 4.645 4.753 4.820 9.675 5.774 5.825 6.551 -9999.000 -9999.000 281.582 102.254 -9999.000 -9999.000 -9999.000 89.609 89.970 89.698 288.856 91.006 91.616 100.913 91.658 91.561 91.557 91.881 104.196 105.662 92.233 102.537 102.577 102.196 102.153 101.632 101.554 101.436 101.321 100.829 98.565 99.853 99.900 102.017 113.518 118.364 355.201 -9999.000 247.624 205.688 205.731 207.662 207.257 206.353
-9999.000 31.545 9.535 6.767 4.226 4.202 4.153 4.081 2.673 3.358 0.000 4.184 4.306 4.428 4.546 4.656 4.755 4.846 4.940 5.011 6.771 9.487 -9999.000 -9999.000 -9999.000 355.534 -9999.000 -9999.000 -9999.000 89.504 93.624 89.612 89.673 90.979 91.003 91.248 103.443 91.328 91.348 91.552 91.651 91.833 92.113 105.277 106.671 103.393 150.813 112.109 141.933 142.295 142.642 113.436 98.497 105.564 106.531 105.588 113.510 113.592 273.572 -9999.000 208.514 202.799 299.248 -9999.000 -9999.000 358.248
46.345 9.584 6.036 4.152 4.145 4.107 4.043 3.999 2.557 0.000 4.101 4.220 4.338 4.454 4.563 4.663 4.755 4.842 4.903 6.074 9.895 12.349 12.388 -9999.000 -9999.000 -9999.000 -9999.000 -9999.000 -9999.000 89.399 92.216 89.555 102.535 90.853 90.951 91.098 91.192 91.130 91.244 91.491 91.566 91.648 105.598 108.532 108.651 108.260 110.327 110.423 110.486 109.941 108.207 109.984 97.743 104.026 104.755 104.776 118.190 113.652 113.694 -9999.000 245.569 202.785 -9999.000 -9999.000 -9999.000 340.394
9.057 8.244 5.464 4.077 4.063 4.007 3.926 3.229 0.000 4.030 4.144 4.259 4.369 4.475 4.575 4.667 4.753 4.838 5.732 8.872 11.367 -9999.000 -9999.000 -9999.000 -9999.000 84.802 391.725 317.665 441.576 89.274 89.335 89.471 91.484 90.748 90.876 100.845 101.214 90.611 91.129 104.929 91.596 93.815 91.409 91.522 92.796 94.785 95.972 96.022 96.922 96.978 97.080 97.151 97.205 97.743 97.790 101.123 118.246 115.804 113.746 -9999.000 270.468 202.540 -9999.000 -9999.000 -9999.000 -9999.000
8.605 6.216 3.959 4.010 3.969 3.907 3.152 0.000 3.959 4.073 4.184 4.292 4.394 4.491 4.581 4.666 4.750 4.841 6.929 11.315 -9999.000 -9999.000 -9999.000 -9999.000 86.091 84.141 70.144 70.239 83.508 89.108 89.244 89.347 89.516 90.544 100.200 90.429 90.432 90.529 103.030 103.197 90.638 108.906 91.303 139.511 93.656 96.899 98.149 98.411 104.798 102.872 102.201 102.349 97.291 97.746 101.102 101.218 118.304 113.635 113.651 -9999.000 377.051 202.504 -9999.000 -9999.000 -9999.000 -9999.000
6.775 4.266 3.847 3.948 3.855 3.809 0.000 3.884 4.000 4.111 4.217 4.316 4.410 4.499 4.583 4.664 4.722 6.467 9.027 11.293 -9999.000 -9999.000 -9999.000 -9999.000 89.059 67.499 70.101 89.076 86.862 87.005 89.112 93.283 89.697 90.423 89.590 89.745 89.882 90.432 90.558 90.405 90.567 90.763 91.008 -9999.000 112.036 113.226 112.641 112.681 112.138 109.941 108.208 109.301 97.746 103.188 105.595 104.776 113.493 113.500 113.563 -9999.000 -9999.000 202.474 205.324 -9999.000 -9999.000 -9999.000
5.652 3.692 3.727 3.732 3.733 0.000 3.809 3.924 4.036 4.141 4.239 4.331 4.419 4.501 4.581 4.661 4.752 8.217 238.558 569.045 -9999.000 -9999.000 -9999.000 278.598 61.832 67.397 87.901 87.102 87.006 87.140 87.289 89.120 93.191 94.770 89.421 89.736 89.978 100.014 90.300 90.327 107.728 92.730 92.805 310.846 311.383 105.991 105.909 105.802 105.704 104.916 104.868 104.409 97.786 98.576 103.234 103.304 118.455 113.363 113.359 -9999.000 -9999.000 197.763 198.802 204.237 219.906 -9999.000
3.597 3.565 3.607 3.658 0.000 3.733 3.848 3.960 4.066 4.163 4.253 4.339 4.421 4.500 4.579 4.641 6.728 10.193 -9999.000 -9999.000 -9999.000 432.413 433.173 61.071 61.694 87.817 86.873 86.980 87.094 87.211 87.309 87.194 93.106 89.171 89.308 89.509 89.647 89.984 90.181 90.274 90.375 90.453 108.211 106.141 105.959 105.941 105.319 105.277 104.918 104.541 104.482 104.423 98.206 101.139 107.035 107.495 113.493 113.240 113.266 -9999.000 -9999.000 197.730 197.696 197.664 208.278 -9999.000
3.479 2.793 0.000 0.000 3.658 3.773 3.884 3.989 4.086 4.176 4.260 4.341 4.420 4.819 4.620 4.692 9.512 12.065 -9999.000 -9999.000 384.724 87.689 60.962 61.024 73.665 84.721 86.754 86.867 86.995 87.136 88.025 85.552 79.332 84.978 89.146 89.225 89.684 89.778 89.989 90.377 90.519 90.806 108.489 106.498 107.177 109.225 105.818 115.907 109.326 106.323 106.684 109.343 98.579 104.061 118.611 139.041 113.079 113.163 113.239 -9999.000 -9999.000 198.807 200.218 193.183 193.161 308.205
2.004 0.000 0.000 3.561 3.681 3.797 3.906 4.007 4.098 4.183 4.263 4.341 4.419 4.460 -9999.000 -9999.000 21.976 12.108 -9999.000 -9999.000 85.897 63.166 59.283 67.313 73.607 73.832 86.017 86.776 86.922 87.063 79.256 76.161 76.201 78.318 84.983 89.153 97.234 89.459 89.592 90.652 97.397 113.835 105.995 106.866 110.285 109.803 108.875 112.574 109.367 107.127 106.739 107.984 98.667 103.738 112.245 112.834 112.950 144.018 -9999.000 -9999.000 -9999.000 210.637 201.664 201.613 192.550 190.539
0.000 0.000 3.476 3.593 3.708 3.819 3.923 4.019 4.105 4.185 4.262 4.339 4.416 4.460 41.538 -9999.000 -9999.000 -9999.000 -9999.000 306.126 83.861 58.744 59.264 59.287 59.772 82.672 87.808 86.922 87.003 75.582 75.612 76.131 79.264 84.374 84.434 85.579 85.699 89.190 89.277 113.178 98.700 98.974 105.780 112.263 113.139 113.196 117.077 113.321 113.407 111.090 108.028 108.427 98.738 103.250 113.510 112.950 113.056 113.829 325.340 -9999.000 -9999.000 206.535 201.543 201.674 200.794 196.742
0.000 3.400 3.517 3.631 3.739 3.843 3.940 4.029 4.109 4.185 4.260 4.337 4.417 4.469 7.732 52.541 -9999.000 -9999.000 336.848 82.963 57.903 58.719 82.414 60.631 59.816 59.872 67.481 89.032 73.807 73.898 79.233 88.052 88.136 86.280 351.647 344.148 355.818 137.809 90.684 90.730 90.852 105.994 112.390 112.645 113.275 113.318 113.465 113.410 113.519 113.457 113.463 111.657 103.751 104.093 112.834 112.947 113.061 113.139 113.214 -9999.000 -9999.000 207.232 201.497 201.151 200.817 200.794
3.390 3.487 3.585 3.682 3.777 3.869 3.956 4.036 4.110 4.184 4.259 4.339 4.384 39.602 -9999.000 52.617 255.555 346.326 83.404 57.803 57.838 83.040 82.505 82.710 84.046 61.849 61.956 63.785 63.763 83.604 87.990 87.399 87.259 86.339 -9999.000 -9999.000 -9999.000 153.675 90.730 90.758 90.808 99.154 112.901 112.098 113.351 113.389 113.606 113.805 113.658 113.548 113.579 113.493 111.667 107.101 113.531 113.685 113.181 113.831 394.777 -9999.000 -9999.000 301.633 314.903 201.161 201.464 205.739
3.451 3.548 3.638 3.725 3.809 3.890 3.967 4.040 4.111 4.184 4.263 4.307 26.523 -9999.000 -9999.000 55.839 55.862 55.896 56.114 56.141 75.329 85.785 84.655 85.274 87.674 88.959 62.964 62.991 63.024 64.446 86.165 89.103 87.312 317.400 -9999.000 -9999.000 -9999.000 139.960 90.784 90.724 90.767 90.844 90.898 90.941 91.186 91.583 92.007 94.296 113.697 113.641 113.730 113.565 113.509 110.604 139.765 132.337 113.844 113.888 113.929 -9999.000 -9999.000 -9999.000 219.449 201.174 210.478 205.792
3.480 3.580 3.670 3.752 3.830 3.903 3.974 4.042 4.111 4.188 4.234 25.237 -9999.000 -9999.000 -9999.000 55.907 55.914 86.323 56.143 56.221 58.612 83.722 88.790 87.664 86.779 64.442 63.002 82.861 67.561 64.485 64.537 67.584 391.559 -9999.000 367.475 381.459 89.353 89.456 89.562 90.682 90.728 90.831 99.508 91.986 91.717 91.723 91.761 92.315 92.619 92.675 113.718 113.649 113.576 113.537 113.656 114.948 134.915 117.556 114.988 -9999.000 -9999.000 -9999.000 219.495 201.190 206.516 330.248
3.504 3.600 3.688 3.768 3.841 3.911 3.977 4.043 4.119 4.167 25.945 -9999.000 -9999.000 -9999.000 -9999.000 195.106 85.491 63.929 56.187 62.907 62.918 62.991 63.438 85.233 73.805 64.482 82.844 87.845 89.051 84.394 65.346 65.373 200.598 275.748 87.309 87.403 89.226 89.307 89.391 89.493 90.692 90.821 130.167 134.212 134.341 134.515 136.516 142.934 129.990 92.727 92.930 93.076 99.940 113.650 114.960 115.069 117.895 117.828 117.578 -9999.000 -9999.000 -9999.000 219.563 329.518 301.579 -9999.000
3.528 3.617 3.700 3.776 3.847 3.914 3.979 4.029 4.069 24.606 -9999.000 -9999.000 -9999.000 -9999.000 -9999.000 216.336 84.281 58.650 58.561 63.932 63.955 63.438 63.969 64.068 64.160 82.827 86.795 86.917 87.022 87.896 87.069 82.945 82.997 83.434 87.249 88.178 89.219 89.356 89.437 90.682 90.711 99.397 130.322 133.088 133.210 133.920 129.799 123.252 126.151 130.699 113.959 93.104 93.336 93.439 115.096 118.098 117.990 117.874 136.509 -9999.000 -9999.000 223.046 223.018 -9999.000 -9999.000 138.243
3.549 3.632 3.710 3.782 3.851 3.917 3.965 4.007 72.719 -9999.000 -9999.000 -9999.000 -9999.000 -9999.000 355.711 123.514 60.633 60.594 85.030 76.002 64.039 78.173 64.058 64.119 74.924 87.726 89.002 87.022 86.886 86.956 87.043 87.996 84.143 84.368 84.970 87.276 98.175 89.487 89.690 90.058 130.497 99.463 102.911 126.743 135.283 129.695 116.075 104.822 113.874 130.468 127.941 114.391 94.013 93.465 93.634 94.528 118.067 137.857 130.643 123.966 -9999.000 275.921 223.049 -9999.000 -9999.000 294.834
3.566 3.643 3.717 3.786 3.855 3.905 3.945 22.105 -9999.000 -9999.000 -9999.000 -9999.000 -9999.000 -9999.000 224.641 61.744 60.680 83.385 87.430 85.864 84.541 78.271 64.158 64.177 71.669 77.763 81.322 87.778 85.453 339.617 -9999.000 89.159 84.562 86.231 444.490 89.218 89.315 89.376 89.824 89.927 -9999.000 152.043 102.937 112.389 122.175 118.898 92.692 92.832 98.912 129.761 95.796 95.561 94.082 133.951 113.798 94.593 94.941 95.764 95.796 95.829 384.001 -9999.000 225.364 225.395 -9999.000 -9999.000
3.579 3.652 3.723 3.794 3.846 3.892 47.988 -9999.000 -9999.000 -9999.000 -9999.000 -9999.000 -9999.000 -9999.000 232.653 61.772 63.990 87.428 87.533 87.561 81.178 81.126 64.257 64.231 65.025 65.544 73.805 77.794 80.510 -9999.000 -9999.000 -9999.000 147.438 86.299 -9999.000 -9999.000 139.776 119.881 120.437 89.982 133.680 133.268 102.993 91.426 102.675 104.615 92.585 92.731 92.832 115.425 115.282 95.748 95.561 134.034 114.075 131.065 94.971 166.309 95.832 95.851 109.789 154.048 -9999.000 226.926 -9999.000 140.334
3.589 3.661 3.713 3.947 5.585 30.009 -9999.000 -9999.000 -9999.000 -9999.000 -9999.000 -9999.000 -9999.000 524.575 64.032 62.469 73.292 75.298 85.743 76.124 82.357 77.840 88.925 343.971 78.512 65.579 65.743 65.776 78.189 -9999.000 -9999.000 -9999.000 199.106 86.353 -9999.000 -9999.000 156.643 124.531 130.096 90.039 90.080 90.168 91.279 91.360 91.493 91.619 92.428 92.580 92.753 109.084 128.878 125.015 128.773 134.142 114.210 96.307 95.554 338.032 115.811 95.982 111.964 98.309 132.882 227.510 136.266 99.273
3.603 3.651 4.725 7.097 44.296 -9999.000 -9999.000 -9999.000 -9999.000 -9999.000 -9999.000 -9999.000 503.120 73.251 64.075 64.032 64.337 75.244 75.322 76.075 76.126 76.165 77.472 82.533 75.776 65.743 66.067 67.044 79.943 -9999.000 -9999.000 -9999.000 -9999.000 443.839 -9999.000 -9999.000 135.425 124.664 118.989 90.089 90.153 90.337 90.935 91.374 91.518 91.707 92.035 92.426 92.699 92.926 116.928 123.379 128.936 137.048 132.165 132.226 127.007 115.816 118.530 96.461 98.236 98.267 98.297 99.194 99.222 99.248
3.666 6.161 7.800 49.609 -9999.000 -9999.000 -9999.000 -9999.000 -9999.000 -9999.000 -9999.000 392.832 87.103 65.584 65.560 86.206 84.868 75.319 75.864 75.901 207.744 -9999.000 78.302 66.183 66.130 66.070 66.103 78.508 83.056 145.728 -9999.000 -9999.000 -9999.000 -9999.000 -9999.000 -9999.000 129.050 117.121 104.283 90.154 90.289 90.627 91.177 91.460 91.604 91.788 92.053 92.387 92.684 92.928 93.073 107.845 116.287 121.304 122.606 120.593 127.235 115.739 131.493 96.668 294.076 137.130 99.087 129.635 144.959 99.275
7.003 34.894 -9999.000 -9999.000 -9999.000 -9999.000 -9999.000 -9999.000 -9999.000 -9999.000 -9999.000 343.420 66.002 65.972 84.084 87.253 75.642 75.675 81.393 75.926 207.257 142.408 75.003 66.447 66.318 66.164 66.316 80.860 80.937 80.975 -9999.000 -9999.000 -9999.000 -9999.000 -9999.000 -9999.000 -9999.000 340.647 108.526 90.213 90.451 91.238 91.457 91.586 91.737 91.934 92.187 92.469 92.731 92.969 93.343 93.668 93.948 99.235 99.279 96.508 119.436 115.610 138.234 97.393 315.971 303.404 102.352 136.039 125.548 99.955
