results1/res_4e8_norain-0028.wd
ncols         241
nrows         181
xllcorner     12693529.787448
yllcorner     3542525.717860
cellsize      155.156523
NODATA_value  -9999.000000
[rows 132 to 164 of 181, columns 0 to 74 of 241]
60.603 65.604 69.606 69.609 71.614 71.619 65.626 56.633 42.642 31.653 30.665 31.678 30.693 29.710 34.729 48.750 59.774 64.800 64.828 61.860 53.894 44.932 35.974 30.021 35.067 37.128 36.182 37.234 35.266 30.291 44.313 67.333 34.352 0.000 0.000 0.000 0.000 26.859 38.864 35.879 37.893 43.906 61.918 47.926 31.932 30.935 30.936 42.936 63.936 4.934 0.000 0.000 0.000 0.000 0.000 0.000 0.000 0.000 0.000 0.000 0.000 0.000 0.000 0.000 0.000 0.000 0.373 41.225 64.108 68.012 67.901 77.982 105.442 95.781 95.725
38.635 40.636 43.638 49.642 59.646 65.652 70.658 70.666 63.675 49.686 38.697 32.711 36.726 43.744 56.763 71.784 70.808 67.834 67.863 70.893 70.927 66.963 55.002 43.045 35.089 30.137 31.183 30.226 31.259 39.286 61.307 69.321 0.000 0.000 0.000 0.000 0.000 12.856 30.854 39.866 40.885 37.904 38.922 48.933 43.940 36.942 40.943 48.942 61.941 2.937 0.000 0.000 0.000 0.000 0.000 0.000 0.000 0.000 0.000 0.000 0.000 0.000 0.000 0.000 0.000 0.000 48.457 70.337 66.207 75.173 66.229 105.582 94.334 95.832 101.069
30.668 30.669 30.671 32.674 37.679 41.684 48.691 57.699 65.708 68.718 62.730 60.743 62.759 65.776 64.796 57.818 48.842 46.868 46.895 51.926 57.958 64.992 68.029 67.068 56.108 46.150 41.190 39.228 48.260 64.288 65.310 51.325 0.000 0.000 0.000 0.000 0.000 0.000 13.832 40.845 19.878 7.905 22.934 37.947 52.952 56.953 58.952 59.951 55.949 0.000 0.000 0.000 0.000 0.000 0.000 0.000 0.000 0.000 0.000 0.000 0.000 0.000 32.964 2.922 68.846 90.741 123.555 79.497 74.532 55.476 91.531 96.017 95.907 104.649 94.158
31.700 31.701 31.704 31.707 30.712 29.717 31.724 36.732 42.740 52.751 62.762 64.775 57.790 47.808 41.828 33.850 29.874 29.900 29.928 31.957 36.988 43.020 50.054 62.090 67.127 69.165 68.201 64.236 67.268 60.296 42.322 34.345 13.369 0.000 0.000 0.000 0.000 0.000 6.799 39.807 0.000 0.000 15.965 40.968 59.969 67.967 53.964 56.960 42.957 0.958 0.000 0.000 0.000 0.000 0.000 0.000 0.000 0.000 0.000 0.000 0.000 20.031 39.006 111.958 140.882 123.744 107.273 106.196 97.852 96.496 96.347 96.189 61.417 106.324 97.908
31.733 31.734 31.736 31.740 31.744 31.750 31.757 30.764 30.773 33.783 39.794 38.806 34.821 30.839 30.859 30.882 31.906 31.932 31.959 31.988 31.017 30.048 32.080 38.113 45.147 54.181 62.215 58.248 47.279 35.309 31.337 36.365 44.394 20.425 0.000 0.000 0.000 0.000 21.758 42.777 0.000 0.000 34.994 66.993 68.989 47.984 50.977 49.969 37.964 26.961 0.000 0.000 0.000 0.000 0.000 0.000 0.000 0.000 0.000 0.000 0.000 1.122 64.071 69.997 65.980 67.127 65.089 96.894 96.769 96.638 63.808 66.574 68.434 70.091 20.052
31.766 31.767 31.769 31.773 31.778 31.783 31.790 31.798 31.806 31.815 30.825 30.836 30.850 31.867 31.889 31.913 31.938 31.964 31.991 32.018 32.046 32.075 32.105 31.136 30.168 31.200 35.231 33.263 32.294 36.324 39.355 38.386 36.419 38.457 38.509 35.552 35.592 39.635 14.700 0.737 0.000 8.040 53.027 67.020 47.013 40.004 38.991 18.976 14.969 0.000 0.000 0.000 0.000 0.000 0.000 0.000 0.000 11.720 26.701 0.000 10.383 73.272 80.227 78.287 76.265 77.337 97.127 97.013 78.095 84.873 77.713 83.474 75.304 54.234 0.000
31.799 31.800 31.802 31.806 31.811 31.817 31.824 31.831 31.839 31.847 31.856 31.865 31.877 31.893 31.918 31.944 31.971 31.997 32.023 31.050 38.076 40.103 32.131 31.160 30.189 31.219 33.249 36.280 39.310 38.341 33.372 34.405 41.439 44.477 40.518 34.557 31.590 40.614 0.000 0.000 0.000 48.054 57.054 44.049 36.041 56.029 2.010 0.000 0.000 0.000 0.000 0.000 0.000 0.000 0.000 0.000 21.781 63.738 92.685 53.589 86.425 94.569 91.515 90.595 97.450 97.346 97.239 90.204 92.066 91.754 90.603 89.523 7.427 0.000 0.000
31.831 31.833 31.835 31.839 31.844 31.851 31.858 31.865 31.873 31.880 34.887 34.893 32.900 36.913 34.946 31.976 32.005 32.032 31.057 29.082 40.106 48.132 34.158 31.184 33.212 36.240 38.268 37.298 34.328 36.358 41.390 43.423 44.458 44.494 39.532 33.568 42.599 61.619 0.000 0.000 0.000 22.069 45.086 42.083 46.072 66.064 0.003 0.000 0.000 0.000 0.000 0.000 0.000 0.000 0.000 19.877 71.827 87.766 90.685 95.661 92.799 89.780 97.735 97.644 97.550 89.550 90.322 91.181 90.851 90.812 83.734 60.629 0.000 0.000 0.000
31.864 31.865 31.868 31.872 31.878 31.885 31.893 31.901 31.909 32.916 39.920 39.922 16.919 0.000 5.977 36.011 30.042 33.069 39.092 42.115 42.137 38.161 34.184 35.209 38.234 37.261 36.288 38.316 42.346 42.376 44.408 43.441 34.476 29.512 31.549 44.586 63.620 73.645 0.000 0.000 0.000 0.000 53.141 55.124 62.104 61.092 0.000 0.000 0.000 0.000 0.000 0.000 0.000 0.000 23.985 67.935 89.850 92.857 91.933 91.923 91.002 97.909 97.824 89.789 90.575 91.422 91.198 91.042 90.989 82.914 74.866 0.000 0.000 0.000 0.000
31.897 31.898 31.901 31.905 31.912 31.920 31.929 31.938 31.947 33.954 42.958 53.956 29.937 0.000 0.000 21.048 47.086 39.110 37.130 37.149 35.169 34.190 36.212 38.234 36.258 32.282 34.308 46.335 48.363 38.394 32.425 29.459 29.494 34.530 48.568 64.608 61.650 45.697 17.760 0.000 0.000 24.223 53.214 35.170 26.127 18.109 0.000 0.000 0.000 0.000 0.000 0.000 0.000 17.098 68.041 89.944 92.129 91.116 91.218 98.158 98.078 97.995 89.871 91.736 91.438 91.301 91.235 91.151 85.066 71.994 61.953 0.000 0.000 0.000 0.000
31.930 31.930 31.932 31.937 31.945 31.955 31.966 31.977 31.987 33.996 44.003 31.007 0.000 0.000 0.000 0.000 43.146 35.155 37.169 36.184 34.202 37.220 38.239 35.260 32.281 28.303 38.327 52.353 39.381 29.411 30.443 35.476 45.511 56.547 67.586 60.628 38.676 33.736 52.823 59.967 61.107 65.234 40.321 1.347 0.000 0.000 0.000 0.000 0.000 0.000 0.000 0.000 22.204 68.133 90.137 92.313 91.332 98.385 98.312 98.237 90.171 90.955 91.826 91.514 91.487 91.417 91.331 92.228 80.139 51.044 39.998 0.000 0.000 0.000 0.000
30.963 30.962 31.963 31.967 31.977 31.991 32.005 32.018 32.030 35.042 45.054 16.064 0.000 0.000 13.222 15.217 32.198 34.198 22.207 4.219 42.234 37.250 33.267 32.285 30.304 32.325 48.347 51.371 33.398 36.428 48.460 57.493 66.528 64.564 52.602 38.644 31.691 47.750 51.831 39.973 21.121 19.285 7.501 0.447 0.000 0.000 0.000 11.154 6.154 0.000 0.000 16.292 68.307 91.400 92.417 90.523 98.527 98.457 90.367 91.162 92.022 91.818 91.683 91.647 91.583 91.522 94.442 58.296 38.217 0.000 0.000 0.000 0.000 0.000 0.000
39.998 37.995 34.990 32.993 30.006 30.028 30.045 30.060 29.074 34.089 46.106 29.132 10.183 18.213 36.228 32.233 29.231 35.235 30.243 17.253 37.266 31.280 30.295 30.311 32.328 46.345 54.365 20.387 12.413 62.443 67.476 62.511 51.545 41.580 33.616 29.655 40.697 52.741 20.780 0.000 0.000 0.000 1.173 1.231 0.000 0.088 3.136 31.154 15.154 0.000 0.000 48.542 90.580 89.702 98.734 98.667 98.597 90.424 92.293 92.008 91.888 91.845 93.789 88.725 90.684 91.648 102.620 0.000 0.000 0.000 0.000 0.000 0.000 0.000 0.000
41.038 43.031 49.010 50.010 50.028 47.069 48.090 47.105 46.119 46.134 48.152 31.176 35.206 34.230 31.246 34.255 34.261 33.268 38.276 40.287 34.298 28.311 30.324 32.338 46.351 51.366 40.381 34.400 43.425 66.457 49.494 40.529 32.562 30.595 32.628 31.664 45.701 54.739 18.769 0.000 0.000 0.099 3.113 1.207 3.752 9.985 12.119 5.173 0.000 0.000 26.746 68.803 98.928 98.865 98.801 90.691 91.479 92.357 92.055 92.039 92.984 92.926 65.868 43.791 78.779 92.766 97.769 37.825 0.000 0.000 0.000 0.000 0.000 0.000 0.000
34.085 28.084 0.000 0.000 0.000 39.133 36.142 36.153 36.164 40.178 49.194 30.214 31.235 30.255 33.271 37.283 38.292 36.300 35.310 38.320 39.330 36.342 30.353 47.365 53.376 44.386 50.396 67.409 64.430 46.466 34.514 30.551 32.582 32.611 31.640 36.672 52.707 54.747 46.788 49.820 20.832 0.003 0.000 0.000 8.983 16.083 6.181 3.246 0.000 21.799 69.929 99.051 98.991 90.865 91.656 92.522 92.325 92.199 92.172 93.113 91.059 85.004 9.971 0.000 60.876 95.867 92.867 91.881 0.000 0.000 0.000 0.000 0.000 0.000 0.000
32.135 24.136 0.000 0.000 0.000 35.189 31.193 31.200 31.209 35.220 49.234 27.250 31.269 35.286 37.301 38.314 35.324 32.334 30.343 32.353 42.363 55.374 50.384 51.394 28.402 22.408 74.409 60.413 27.421 0.000 7.546 35.580 32.605 32.628 34.651 27.677 11.710 1.755 13.818 53.841 29.846 0.032 0.049 0.000 5.115 10.184 4.276 9.380 9.686 47.940 99.144 90.085 93.805 92.688 92.493 92.372 92.337 92.289 93.236 93.188 58.136 34.060 20.041 23.035 73.982 94.959 90.951 81.951 0.000 0.000 0.000 0.000 0.000 0.000 0.000
32.184 32.192 15.217 0.000 0.000 36.241 32.243 32.247 31.253 32.261 47.272 34.287 37.304 39.320 38.335 33.348 30.359 31.369 31.378 30.387 40.397 63.407 59.417 46.426 39.433 30.434 6.421 0.000 0.000 0.000 0.000 37.618 32.630 34.646 17.659 0.000 0.000 0.000 15.872 32.883 1.864 0.000 0.081 5.176 12.177 8.264 2.352 0.000 1.390 47.381 99.258 92.975 92.715 92.527 92.500 92.453 92.401 92.352 90.307 81.266 14.237 0.000 31.097 90.084 95.056 93.037 87.026 77.023 0.000 0.000 0.000 0.000 0.000 0.000 0.000
29.225 31.232 28.243 0.000 0.000 36.293 31.292 29.293 31.295 35.300 39.308 38.323 38.341 36.358 30.373 31.385 31.395 32.405 32.414 37.423 55.432 54.441 47.451 56.461 54.470 25.477 0.000 0.000 0.000 0.000 0.000 37.645 32.654 35.668 6.681 0.000 2.850 28.879 48.915 17.957 0.000 0.000 0.000 0.000 4.153 4.346 4.585 1.395 1.752 99.577 99.420 91.898 92.717 92.606 92.560 92.510 92.461 94.414 79.371 62.334 22.309 0.000 46.166 76.147 85.124 94.105 83.094 72.091 0.000 0.000 0.000 0.000 0.000 0.000 0.000
36.262 34.270 23.281 0.000 22.367 30.347 32.341 36.338 37.336 38.336 36.340 37.356 35.380 31.399 31.414 32.425 32.435 31.443 33.451 56.459 55.468 37.477 50.487 48.498 52.511 50.528 13.559 0.000 0.000 8.662 13.665 33.665 32.675 32.692 27.718 19.769 36.823 35.873 29.954 52.074 0.393 0.000 0.000 0.000 2.937 1.428 2.844 27.249 51.691 99.700 94.275 93.971 93.699 92.671 92.617 92.568 93.519 91.473 46.429 23.390 35.356 36.324 90.254 92.216 72.187 82.167 77.155 50.156 15.179 0.000 0.000 0.000 0.000 0.000 0.000
37.291 38.305 35.332 23.375 37.389 37.389 37.387 38.384 38.378 39.368 51.362 33.381 31.425 31.446 32.459 32.468 32.476 33.483 47.489 58.496 33.504 37.513 64.523 56.534 44.548 47.566 50.591 34.625 39.646 54.660 47.669 35.676 28.689 28.708 39.733 55.766 42.801 14.836 0.000 42.306 31.538 0.862 5.032 10.208 6.404 0.000 1.031 42.368 94.650 99.791 91.248 93.867 94.780 92.727 92.675 92.624 85.575 75.528 32.484 3.442 12.402 13.361 74.313 116.273 97.242 73.219 65.204 44.199 53.202 6.202 0.000 0.000 0.000 17.129 59.129
42.309 42.327 38.369 38.406 38.425 39.433 39.435 35.434 32.425 31.396 0.000 0.000 35.496 32.502 32.509 32.514 31.519 34.524 58.529 44.534 29.541 35.549 52.558 69.569 64.583 61.598 59.617 55.638 51.654 50.666 58.674 55.684 49.699 45.718 48.740 52.763 14.781 0.000 0.000 0.000 0.000 0.000 6.098 16.189 12.297 3.296 0.000 41.542 99.970 99.881 94.153 95.961 92.833 92.785 93.731 89.680 73.630 66.582 72.536 78.491 62.448 84.406 99.362 116.323 125.290 109.263 71.244 76.233 51.229 0.000 0.000 0.000 0.000 0.000 8.130
0.000 0.000 42.412 37.456 37.475 32.483 29.489 31.493 26.494 0.000 0.000 0.000 36.561 32.560 32.561 32.562 32.564 50.566 57.569 30.572 32.577 32.584 35.593 41.604 43.616 43.629 39.643 42.656 58.668 51.676 42.679 45.689 52.705 56.728 59.747 56.765 31.781 0.000 0.000 0.000 0.000 0.000 1.004 10.154 0.000 0.000 11.489 71.713 100.059 91.541 95.211 94.933 92.899 92.840 93.786 88.734 75.683 41.634 48.586 91.540 102.495 134.451 125.408 97.367 85.331 102.301 81.277 75.260 50.251 0.000 0.000 0.000 0.000 0.000 13.130
0.000 0.000 0.000 46.533 31.536 29.536 31.547 31.556 32.564 0.000 0.000 25.660 33.629 32.617 32.613 32.611 34.610 58.610 43.609 29.610 32.612 32.618 32.628 31.639 31.649 31.659 30.669 37.679 66.686 45.691 0.000 0.000 0.000 47.744 57.755 41.772 46.797 33.855 0.406 0.639 0.000 0.000 7.295 0.074 0.000 0.000 29.668 100.241 100.149 94.414 96.118 92.008 92.951 92.894 92.839 92.786 79.734 42.684 57.635 94.588 90.541 124.495 119.451 88.408 93.368 79.332 60.302 78.279 56.266 0.000 0.000 0.000 0.000 0.000 12.131
30.762 26.760 0.000 38.608 48.600 49.581 30.607 42.623 49.643 25.688 23.703 33.692 32.678 32.669 32.664 32.660 51.657 55.654 30.650 32.646 31.645 30.650 32.664 32.675 32.684 32.691 31.698 39.704 68.709 49.713 0.000 0.000 19.750 44.750 57.758 36.771 26.783 0.000 0.000 0.857 0.751 9.176 13.235 0.000 0.000 8.661 70.866 100.333 91.717 95.380 95.107 93.066 93.004 92.947 92.891 93.837 84.785 73.734 96.684 121.635 109.587 126.539 123.492 117.445 124.400 90.357 67.319 77.289 85.268 14.254 0.000 0.000 0.000 0.000 13.132
32.766 31.758 26.736 32.691 31.678 0.000 53.678 45.686 32.699 33.719 33.729 32.728 32.723 32.718 32.714 35.710 58.706 41.700 31.691 32.681 38.674 46.675 32.703 30.714 32.721 31.725 34.728 58.731 66.734 41.739 29.750 17.752 39.751 38.750 0.000 0.000 0.000 0.000 0.000 0.000 0.000 0.000 0.000 0.000 11.885 68.932 91.041 100.426 92.668 93.273 93.177 93.115 93.055 92.997 92.941 93.887 84.834 67.782 63.731 96.681 86.632 100.582 103.533 91.482 93.430 65.377 42.329 56.291 123.263 76.240 11.215 1.183 23.153 44.142 81.135
32.780 32.772 32.760 32.745 32.743 26.760 42.744 58.744 34.751 31.761 32.768 32.770 32.769 32.767 31.765 54.761 56.757 30.749 32.736 33.716 30.694 0.000 51.759 46.761 33.761 31.761 49.760 68.760 52.760 32.760 32.761 33.756 36.753 40.751 0.000 0.000 0.000 0.000 0.000 0.000 0.000 0.000 0.000 0.000 35.102 92.159 100.613 100.519 92.565 93.356 93.221 93.165 93.105 93.047 92.990 91.935 76.882 78.829 98.778 117.727 116.677 121.626 126.575 113.521 111.462 98.393 47.330 45.284 121.252 85.228 23.207 16.179 81.150 114.137 133.132
32.802 32.792 32.786 32.787 32.790 32.796 32.794 43.795 58.801 34.807 31.813 32.817 32.818 30.818 38.818 59.816 39.812 31.805 33.790 31.752 0.000 0.000 39.814 40.809 46.804 45.799 53.794 52.789 33.786 31.782 33.777 36.762 41.754 41.751 0.000 0.000 0.000 0.000 0.000 0.000 0.000 0.000 0.000 0.000 43.566 97.458 100.709 91.957 93.601 93.319 93.277 93.212 93.152 93.094 93.038 92.983 78.929 74.876 95.824 96.773 96.722 99.671 99.619 98.566 103.503 76.403 52.312 67.264 82.232 21.214 0.000 0.000 25.130 51.127 73.126
32.834 34.811 34.808 32.828 32.835 32.840 32.842 32.845 43.850 58.856 34.862 29.866 29.870 46.872 58.873 52.873 29.872 32.870 28.867 0.000 0.000 25.907 32.876 32.860 38.847 55.837 55.828 48.819 41.813 33.807 20.804 0.000 55.750 35.749 0.000 0.000 0.000 0.000 0.000 0.000 0.000 0.000 0.000 0.000 17.464 100.906 100.806 92.813 93.499 93.384 93.321 93.258 93.198 93.140 93.084 94.029 88.976 78.923 73.870 72.819 72.767 72.716 72.667 76.619 50.582 0.000 20.254 76.227 72.200 33.181 0.000 0.000 24.112 70.114 48.116
33.890 0.000 0.000 32.882 31.885 30.888 30.890 29.894 29.899 42.906 57.913 50.919 57.924 59.927 46.930 30.932 37.935 37.938 25.941 0.000 0.000 36.940 32.924 34.907 58.891 65.875 43.861 34.849 41.839 48.832 36.828 0.000 15.749 33.748 0.000 0.000 0.000 0.000 0.000 0.000 0.000 0.000 0.000 0.000 5.024 101.004 98.123 93.756 93.478 93.430 93.364 93.302 93.242 93.185 93.129 93.075 94.022 92.969 90.916 89.864 89.812 90.761 92.713 66.664 8.623 0.000 5.222 61.191 92.160 83.129 56.090 32.080 49.094 52.102 10.109
32.947 31.966 0.000 31.935 42.935 46.936 50.939 55.942 58.948 59.957 59.966 59.974 45.980 32.985 48.989 65.993 66.998 67.006 60.021 38.057 0.000 33.990 31.974 40.955 68.934 55.914 32.895 31.878 33.864 36.855 27.850 0.000 0.000 0.000 0.000 0.000 0.000 0.000 0.000 0.000 0.000 0.000 4.904 6.266 2.532 101.088 102.051 97.638 93.535 93.468 93.404 93.343 93.284 93.228 93.173 93.120 93.067 93.015 92.963 92.909 93.856 96.803 68.759 1.713 0.000 0.000 0.000 6.155 62.119 93.086 84.062 60.057 37.080 6.091 0.000
32.987 34.985 31.005 32.990 47.986 46.986 42.987 38.990 37.994 34.009 55.021 45.031 56.038 47.044 63.049 59.054 52.060 53.069 64.080 70.094 59.096 60.057 52.030 60.004 67.978 40.952 31.927 32.905 32.887 31.874 31.867 33.868 28.867 0.000 37.848 28.847 0.000 0.000 0.000 0.000 0.000 0.000 73.664 70.893 101.187 101.145 95.933 96.705 93.565 93.505 93.442 93.382 93.324 93.269 93.216 93.164 93.113 93.062 93.010 94.955 99.898 68.838 8.798 0.000 0.000 0.000 0.000 0.000 3.077 54.035 89.013 39.005 0.000 0.000 0.000
35.030 0.000 30.039 33.035 33.033 33.034 32.036 33.037 35.031 33.065 45.081 40.092 49.100 60.106 48.110 33.115 34.121 35.129 36.139 41.144 54.138 64.113 70.085 68.055 57.024 32.991 32.958 32.929 32.905 32.889 33.878 56.872 29.867 0.000 33.850 0.000 0.000 0.000 0.000 0.000 0.000 5.300 93.567 95.804 101.217 94.314 93.936 93.651 93.605 93.538 93.476 93.418 93.362 93.309 93.257 93.207 93.158 93.110 95.059 80.005 33.944 0.895 0.000 0.000 0.000 0.000 0.000 0.000 0.000 24.962 86.953 38.946 0.000 0.000 0.000
36.075 0.000 30.080 33.079 33.080 33.083 33.087 34.091 0.000 32.139 36.147 47.157 47.165 55.170 60.173 46.175 31.180 31.190 31.203 33.208 35.198 36.175 37.143 37.109 36.072 35.032 30.986 30.947 31.918 32.899 43.886 57.874 28.865 22.858 24.854 0.000 0.000 0.000 0.000 0.000 0.000 9.318 92.460 101.258 101.236 93.137 93.816 93.697 93.632 93.568 93.508 93.452 93.398 93.346 93.297 93.250 93.204 93.159 98.114 54.059 0.000 0.000 0.000 0.000 0.000 0.000 0.000 0.000 0.000 27.899 87.890 46.880 0.000 0.000 0.000
