results1/res_4e8f-0102.wd
ncols         241
nrows         181
xllcorner     12693529.787448
yllcorner     3542525.717860
cellsize      155.156523
NODATA_value  -9999.000000
[rows 33 to 65 of 181, columns 73 to 145 of 241]
0.000 0.000 0.000 0.000 0.000 0.000 0.000 0.000 0.000 0.000 0.000 0.000 0.000 0.000 0.000 0.000 0.000 0.000 0.000 0.000 0.000 0.000 0.000 0.000 0.000 0.000 0.000 0.000 0.000 0.000 0.000 0.000 0.000 0.000 0.000 0.000 0.000 0.000 0.000 36.616 59.617 64.619 20.621 0.000 0.000 29.691 43.717 10.699 1.700 33.720 36.735 30.734 31.718 32.686 32.639 32.576 32.496 31.397 37.272 57.084 3.702 11.392 8.775 44.017 60.510 65.050 63.619 64.233 62.783 64.885 59.954 59.533 59.521
0.000 0.000 0.000 0.000 0.000 0.000 0.000 0.000 0.000 0.000 0.000 0.000 0.000 0.000 0.000 0.000 0.000 0.000 0.000 0.000 0.000 0.000 0.000 0.000 0.000 0.000 0.000 0.000 0.000 0.000 0.000 0.000 0.000 0.000 0.000 0.000 0.000 0.000 0.000 0.000 11.618 6.618 0.000 0.000 0.000 0.000 25.798 0.000 0.000 23.758 47.795 46.799 36.784 32.752 32.701 32.630 32.541 31.437 53.323 51.204 0.000 34.310 46.915 60.384 64.892 64.430 64.012 63.531 64.604 60.632 59.893 60.140 62.451
0.000 0.000 0.000 0.000 0.000 0.000 0.000 0.000 0.000 0.000 0.000 0.000 0.000 0.000 0.000 0.000 0.000 0.000 32.268 64.268 17.268 0.000 0.000 0.000 0.000 0.000 0.000 0.000 0.000 0.000 0.000 0.000 0.000 0.000 0.000 0.000 0.000 0.000 0.000 0.000 0.000 0.000 0.000 0.000 0.000 0.000 17.879 0.000 0.000 0.000 25.887 43.883 43.868 34.836 32.782 32.702 30.601 46.485 55.381 0.000 20.027 44.624 59.190 65.714 65.239 64.797 64.287 66.330 62.324 60.383 60.769 63.100 62.351
0.000 0.000 0.000 0.000 0.000 0.000 0.000 0.000 0.000 0.000 0.000 19.269 57.269 0.000 0.000 0.000 0.000 0.000 39.268 90.268 46.268 0.000 0.000 0.000 0.000 0.000 0.000 0.000 0.000 0.000 0.000 0.000 0.000 0.000 0.000 0.000 0.000 0.000 0.000 0.000 0.000 0.000 0.000 0.000 0.000 0.000 20.960 21.997 29.015 15.015 24.984 32.978 45.970 36.943 32.887 29.797 40.675 50.521 39.336 14.979 44.431 61.967 66.509 66.038 65.583 65.051 65.064 64.030 60.988 61.416 63.755 63.009 62.782
0.000 0.000 0.000 0.000 0.000 0.000 0.000 0.000 0.000 0.000 0.000 40.269 75.270 64.270 51.270 6.270 0.269 24.269 78.269 86.268 51.268 0.000 0.000 0.000 0.000 20.022 0.000 0.000 0.000 0.000 0.000 0.000 0.000 0.000 0.000 0.000 0.000 4.029 0.000 0.000 0.000 8.030 26.030 0.000 0.000 37.014 52.003 55.017 53.032 39.045 33.056 32.076 46.090 37.079 29.027 42.924 56.781 44.588 32.462 47.170 51.752 64.303 66.837 66.376 65.826 65.810 63.753 61.707 62.086 64.425 63.679 63.451 63.127
0.000 0.000 0.000 0.000 0.000 0.000 0.000 0.000 0.000 0.000 0.000 11.269 73.270 56.270 37.270 0.000 20.270 70.269 81.269 88.268 47.268 0.000 0.000 0.000 0.000 58.022 42.022 0.000 0.000 0.000 0.000 0.000 0.000 0.000 0.000 0.000 21.029 33.029 35.029 0.000 0.000 17.030 42.030 21.030 35.028 58.024 61.024 62.034 59.052 46.079 33.119 30.177 47.237 38.257 42.217 60.092 53.936 0.000 30.753 49.489 62.102 67.654 67.190 66.625 66.578 64.504 62.556 62.786 65.118 64.372 64.141 63.809 63.489
0.000 0.000 0.000 0.000 0.000 0.000 0.000 0.000 0.000 0.000 0.000 0.000 0.000 24.270 62.270 58.270 46.270 59.270 79.269 90.268 43.268 0.000 0.000 0.000 0.000 20.022 44.022 46.023 0.000 0.000 0.000 0.000 0.000 0.000 0.000 0.000 37.029 38.029 50.029 33.030 22.030 36.030 37.030 33.031 40.030 47.031 45.034 38.044 57.062 23.099 39.165 42.278 32.423 44.495 57.491 54.291 0.000 5.738 42.308 58.932 67.513 68.037 67.472 67.388 64.302 63.580 63.528 65.843 65.095 64.859 64.521 64.188 63.847
0.000 0.000 0.000 0.000 0.000 0.000 0.000 0.000 0.000 0.000 0.000 0.000 0.000 14.270 81.270 76.271 66.271 56.270 80.270 88.268 83.266 68.264 23.262 0.000 0.000 0.000 0.004 54.023 38.023 36.023 47.024 42.024 5.024 0.000 0.000 1.029 37.029 36.029 57.029 63.030 52.030 44.031 36.031 33.032 34.033 35.034 34.038 32.045 40.055 1.077 0.000 1.516 37.684 60.808 58.960 0.000 4.506 42.168 55.805 65.428 68.949 68.493 69.252 65.183 64.858 64.334 66.610 65.856 65.611 65.266 64.926 64.571 64.204
0.000 0.000 0.000 0.000 0.000 0.000 0.000 0.000 0.000 0.000 0.000 0.000 0.000 0.000 14.271 53.271 28.272 64.272 83.271 88.269 86.266 84.263 73.260 32.257 0.000 0.000 0.000 10.023 49.023 49.023 62.024 60.024 53.024 48.024 0.000 0.000 4.029 41.029 60.029 67.030 59.030 43.031 32.032 33.033 33.034 33.036 33.039 33.043 37.047 0.000 0.000 0.000 7.888 45.092 14.581 11.939 46.845 51.620 63.338 69.926 69.760 67.978 66.281 66.528 65.240 67.443 66.669 66.404 66.047 65.699 65.341 64.968 64.565
0.000 0.000 0.000 0.000 0.000 0.000 0.000 0.000 0.000 0.000 0.000 0.000 0.000 0.000 0.000 0.000 85.274 85.274 87.273 87.271 86.267 80.262 74.257 45.254 0.000 0.000 0.000 0.000 0.000 17.024 62.024 56.024 71.024 68.025 47.026 26.027 27.028 36.029 58.029 67.030 58.030 41.031 31.032 36.033 35.035 33.037 33.039 33.041 34.043 26.043 0.000 0.000 0.000 0.000 6.334 49.392 52.312 60.152 70.860 70.957 69.305 71.144 68.810 66.306 68.372 67.552 67.250 66.867 66.503 66.138 65.771 65.394 63.971
0.000 0.000 0.000 0.000 0.000 0.000 20.173 43.171 0.000 21.120 61.111 50.099 54.089 29.083 0.000 0.000 21.276 93.277 87.277 84.274 81.268 84.260 75.253 38.249 0.000 0.000 0.000 0.000 0.000 0.000 0.000 6.024 60.024 61.025 12.025 0.000 3.029 40.029 58.029 63.030 53.030 44.031 42.032 4.034 11.035 39.037 33.039 33.040 34.042 40.042 48.042 10.042 0.000 0.000 22.028 54.984 58.871 69.672 71.876 71.503 74.815 73.369 67.697 69.445 68.532 68.161 67.735 67.341 66.956 66.579 66.212 65.867 71.595
0.000 0.000 0.000 0.000 0.000 0.000 20.175 63.169 5.152 55.130 57.113 69.097 52.085 37.077 0.000 0.000 9.278 78.280 90.284 87.280 87.271 88.258 82.247 36.239 0.000 0.000 0.000 0.000 0.000 0.000 0.000 0.000 0.000 45.025 4.025 0.000 0.000 46.029 43.030 55.030 12.030 0.000 0.000 0.000 0.000 5.038 43.039 37.039 0.032 30.042 64.042 47.042 0.017 0.000 26.775 60.612 69.509 72.623 72.375 76.577 75.834 69.101 70.605 69.594 69.137 68.653 68.218 67.802 67.401 67.011 66.631 66.268 70.946
18.435 62.433 52.431 0.000 0.000 0.000 14.184 74.177 50.158 52.135 58.112 82.093 83.077 78.063 32.050 0.000 0.000 0.000 38.301 92.292 87.276 88.256 85.236 44.222 0.000 0.000 0.000 0.000 0.000 0.000 0.000 0.000 0.000 3.025 0.000 0.000 0.000 0.000 0.000 0.000 0.000 0.000 0.000 0.000 0.000 0.000 0.000 18.039 15.039 0.000 0.000 0.000 0.000 16.185 53.600 70.549 72.219 73.147 77.507 77.123 70.155 71.664 70.649 70.136 69.602 69.125 68.676 68.249 67.836 67.433 67.033 66.627 69.179
18.436 74.433 56.429 52.424 0.000 0.000 1.212 66.197 68.169 68.138 80.110 77.086 89.065 88.049 49.037 0.000 0.000 0.000 14.326 94.311 87.285 88.253 85.220 45.191 0.000 0.000 5.809 53.775 65.739 34.714 0.000 0.000 0.000 0.000 0.000 0.000 0.000 0.000 0.000 0.000 0.000 0.000 0.000 0.000 0.000 0.000 0.000 0.000 3.039 0.000 0.000 0.000 14.155 54.659 71.615 72.192 78.409 77.897 71.462 72.002 72.467 71.608 71.093 70.542 70.038 69.563 69.113 68.681 68.262 67.850 67.441 74.028 14.604
82.438 79.433 58.427 59.419 51.408 0.000 56.266 51.236 59.182 72.141 76.102 87.075 88.050 87.029 56.013 0.000 0.000 0.000 13.366 93.341 87.301 88.253 83.198 63.132 47.029 47.935 47.842 55.779 76.727 43.689 0.000 0.000 0.000 0.000 0.000 0.000 0.000 0.000 0.000 0.000 0.000 0.000 0.000 0.000 0.000 0.000 0.000 0.000 0.000 0.000 12.259 43.033 52.535 71.516 73.102 79.780 79.176 72.024 73.720 73.028 72.454 71.959 71.430 70.926 70.441 69.978 69.532 69.101 68.680 68.265 74.853 20.441 0.000
79.441 74.436 72.429 55.417 59.397 59.364 50.321 43.299 0.000 0.000 18.083 77.063 88.031 86.004 70.972 37.927 0.000 0.578 62.432 83.385 88.325 87.258 88.187 78.110 54.021 50.932 49.847 58.771 76.700 59.626 45.524 46.443 50.384 61.347 25.332 0.000 0.000 0.000 0.000 0.000 0.000 0.000 0.000 0.000 0.000 0.000 0.000 0.000 0.000 0.000 23.462 63.298 71.240 73.883 80.669 80.269 72.764 74.410 73.607 73.209 72.737 72.249 71.764 71.287 70.823 70.374 69.937 69.511 69.092 74.678 21.266 0.000 0.000
68.446 20.442 88.435 59.423 53.398 54.375 56.353 56.342 45.351 0.000 0.000 0.000 22.008 92.984 82.944 60.883 52.782 59.668 58.534 60.442 68.355 69.269 56.184 53.099 51.013 50.927 49.842 58.759 73.677 52.592 49.502 54.422 70.361 73.325 58.317 32.317 0.000 0.000 0.000 0.000 0.000 0.000 0.000 0.000 0.000 0.000 0.000 0.000 0.000 14.316 56.154 71.758 74.593 81.231 80.989 73.476 75.099 74.293 73.913 73.458 73.005 72.546 72.088 71.635 71.191 70.757 70.332 69.914 75.500 21.089 0.000 0.000 0.000
14.452 87.450 88.446 74.441 0.000 1.389 61.374 57.363 68.360 59.360 0.000 0.000 1.012 80.979 77.939 62.877 53.795 50.700 50.595 53.494 66.383 74.278 77.179 70.091 60.006 52.921 51.834 67.746 70.656 45.563 49.470 49.383 50.313 54.274 33.295 0.000 0.000 0.000 3.900 0.000 0.000 0.000 0.000 0.000 0.000 0.000 0.000 17.557 49.223 57.072 70.580 81.893 81.501 74.556 75.140 75.688 74.980 74.595 74.150 73.717 73.280 72.842 72.406 71.975 71.550 71.132 71.719 78.312 21.906 0.000 0.000 0.000 0.000
92.460 88.461 88.460 88.454 75.443 58.418 58.395 58.378 49.367 0.000 15.083 22.080 74.048 71.003 73.953 66.893 67.821 67.740 67.652 70.554 65.407 65.283 67.163 71.078 71.998 69.916 65.828 76.735 74.637 62.535 63.431 63.328 65.233 40.161 0.000 0.000 0.000 0.000 4.900 0.000 0.000 0.000 0.000 0.000 0.000 4.428 52.213 52.780 73.792 74.345 82.993 82.500 77.058 76.761 76.135 75.651 75.254 74.823 74.400 73.977 73.555 73.135 72.719 72.308 71.902 72.500 76.103 8.707 0.000 0.000 0.000 0.000 0.000
91.469 87.475 87.477 88.472 85.458 63.436 57.410 58.386 59.363 51.339 0.233 66.110 63.076 64.030 64.979 59.920 63.856 68.788 76.720 61.665 0.000 0.000 12.112 70.061 65.993 65.916 65.827 65.729 65.623 65.510 65.391 65.266 63.131 57.977 30.772 0.000 6.439 50.213 56.900 68.574 38.316 0.000 0.000 0.000 0.000 53.620 64.427 76.354 76.989 83.743 83.402 77.726 77.387 76.637 76.293 75.887 75.472 75.060 74.648 74.237 73.829 73.425 73.027 72.635 73.249 75.866 23.484 0.000 0.000 0.000 0.000 0.000 0.000
77.476 77.492 77.501 88.498 88.482 78.456 54.425 57.392 58.359 58.319 64.254 73.172 57.115 54.064 52.011 58.954 73.895 72.834 57.776 37.720 0.000 0.000 0.000 0.000 54.997 49.929 49.837 49.731 49.615 50.490 53.358 54.213 54.048 52.845 53.568 52.136 51.666 60.298 66.914 64.506 71.059 68.468 62.925 60.395 62.765 74.327 77.823 77.610 84.239 84.023 78.381 78.020 77.257 76.915 76.505 76.102 75.698 75.295 74.894 74.495 74.099 73.709 73.329 73.958 74.593 13.229 0.000 0.000 0.000 0.000 0.000 0.000 0.000
0.000 43.515 55.539 83.536 87.516 68.483 51.440 50.400 58.363 58.323 57.271 51.210 52.150 58.098 75.046 73.991 56.934 49.880 39.828 0.000 59.457 68.401 64.314 65.205 68.070 70.965 69.859 70.743 73.615 72.479 69.336 71.180 66.002 51.787 55.517 54.174 58.792 76.401 82.950 79.477 72.944 67.418 68.933 75.380 80.218 78.623 84.847 84.490 78.391 79.992 78.564 77.889 77.535 77.122 76.721 76.320 75.922 75.528 75.138 74.750 74.363 74.982 72.622 68.276 19.934 0.000 0.000 0.000 0.000 0.000 0.000 0.000 0.000
0.000 0.000 48.604 67.590 78.564 53.519 45.454 52.403 50.370 57.338 58.300 58.245 51.176 68.134 60.085 49.029 51.971 43.924 0.000 68.594 71.513 71.431 73.337 74.231 77.113 81.002 79.891 79.768 79.623 81.474 82.328 80.170 67.992 53.785 55.539 55.251 54.928 57.562 31.009 3.508 92.822 134.348 111.868 77.795 79.306 85.846 85.395 78.853 81.572 78.976 78.520 78.149 77.740 77.339 76.936 76.536 76.142 75.757 75.380 75.005 76.621 71.233 59.902 14.589 0.000 0.000 0.000 0.000 0.000 0.000 0.000 0.000 34.902
0.916 0.000 3.683 24.657 59.630 41.574 0.000 47.389 52.376 52.361 58.344 47.294 0.000 52.175 50.130 52.069 52.999 62.919 76.811 73.675 75.570 81.473 91.374 135.267 132.150 132.040 131.934 131.816 132.635 116.467 48.330 51.181 49.013 56.820 55.604 52.363 50.105 31.911 0.000 0.000 1.520 59.161 76.216 80.825 86.553 86.229 78.469 80.158 79.446 79.131 78.750 78.354 77.956 77.554 77.148 76.745 76.352 75.978 76.621 75.267 66.884 55.428 13.165 0.000 0.000 0.000 0.000 0.000 0.000 0.000 0.000 26.055 46.984
74.906 22.866 11.788 74.723 52.726 0.000 0.000 0.000 46.381 59.387 51.420 0.000 4.343 60.262 51.192 62.117 75.035 74.944 79.839 82.725 75.618 61.517 52.418 48.314 46.180 49.074 49.990 36.925 0.000 53.430 50.342 49.213 53.056 56.880 53.693 45.491 52.221 33.066 0.000 0.000 54.458 71.485 81.231 87.047 86.826 79.067 80.743 80.029 79.724 79.344 78.963 78.572 78.175 77.772 77.360 76.942 76.545 77.183 72.858 61.559 18.221 0.000 0.000 0.000 0.000 0.000 0.000 0.000 0.000 0.000 0.000 44.126 43.069
84.924 92.904 80.879 0.000 9.824 3.922 0.000 0.000 0.000 0.000 55.528 53.512 61.424 58.340 58.258 58.172 75.081 88.983 77.877 57.767 55.661 50.559 52.466 43.393 0.000 55.087 52.027 40.969 0.000 54.482 49.396 50.272 57.121 54.950 52.797 34.686 0.000 0.020 51.022 48.903 65.712 81.641 87.322 80.019 80.581 81.232 80.618 80.313 79.940 79.569 79.187 78.797 78.400 77.998 77.578 78.118 77.703 67.350 52.070 14.888 0.000 0.000 0.000 0.000 0.000 0.000 0.000 0.000 19.525 18.477 33.389 45.255 33.165
74.950 78.949 68.946 0.000 0.000 69.020 62.049 56.047 0.015 7.750 73.653 70.583 57.501 58.415 58.327 59.233 80.134 132.029 124.919 71.807 126.698 47.593 51.494 51.399 53.291 51.161 51.060 50.956 52.809 48.619 48.487 57.357 56.204 53.004 47.858 36.772 0.000 0.000 53.140 60.012 82.038 80.937 87.686 81.070 81.650 81.192 80.892 80.536 80.176 79.803 79.420 79.028 78.630 78.242 79.834 75.251 56.799 43.444 45.183 11.035 0.000 0.000 0.000 0.000 0.000 0.000 0.000 0.000 28.573 33.518 47.436 41.338 31.251
70.979 65.994 10.009 0.000 0.165 52.090 61.080 58.045 75.968 69.847 74.750 82.666 73.582 58.493 58.400 58.301 57.194 51.080 45.963 50.845 47.730 51.622 51.518 51.418 51.313 51.204 51.098 50.986 49.852 54.700 56.575 57.466 41.335 0.000 40.857 0.000 0.000 0.000 57.358 79.296 83.317 88.703 88.230 81.168 81.814 81.448 81.125 80.781 80.421 80.047 79.663 79.264 78.852 77.505 39.267 0.000 0.000 0.000 0.000 0.000 0.000 0.000 0.000 25.066 20.031 18.975 17.901 21.804 30.675 46.586 40.500 31.412 41.328
63.005 54.037 59.089 4.178 57.205 53.170 52.135 70.084 63.012 78.922 87.834 67.751 53.666 51.577 54.480 57.375 58.260 58.136 51.006 49.879 50.757 50.645 51.540 51.440 51.341 56.243 53.144 50.037 50.913 53.753 57.647 46.598 0.000 0.000 0.000 0.000 13.091 132.971 76.678 83.705 81.687 89.120 81.004 83.514 84.990 81.708 81.382 81.040 80.680 80.302 80.922 77.514 65.008 55.659 13.463 0.000 0.000 0.000 0.000 0.000 0.000 0.000 27.154 27.101 27.052 27.995 27.923 28.837 42.739 42.650 26.565 29.481 31.401
38.020 39.062 33.130 57.240 53.268 52.248 63.206 67.146 78.073 84.993 50.915 49.836 50.755 52.667 51.569 48.459 56.335 57.196 58.049 56.906 50.776 49.660 48.556 49.460 55.370 114.283 82.196 62.105 45.009 0.000 59.663 67.680 0.000 0.000 0.000 0.000 57.214 68.116 84.999 83.039 89.848 89.498 82.100 82.622 83.280 81.978 81.658 81.318 80.956 81.559 80.208 32.861 0.000 0.000 0.000 0.000 0.000 0.000 0.000 0.000 0.000 0.000 34.207 30.130 27.084 28.028 25.959 37.880 44.795 28.711 29.629 37.548 35.470
0.000 0.000 0.000 50.384 53.379 55.350 76.295 87.220 101.140 83.065 11.994 68.925 68.851 52.768 52.671 51.557 49.423 52.267 58.088 55.919 56.781 58.665 56.564 54.475 50.395 45.321 50.253 45.179 0.000 0.000 0.000 53.777 45.802 0.000 0.000 0.000 67.434 84.316 84.397 82.416 90.168 81.840 84.333 85.831 82.566 82.267 81.953 81.619 81.265 78.771 33.489 0.000 0.000 0.000 0.000 0.000 0.000 0.000 0.000 0.000 0.000 33.409 3.338 0.000 35.125 25.074 36.006 47.931 35.851 30.771 35.691 39.613 32.537
0.000 0.000 0.000 48.532 54.516 70.476 81.406 129.299 123.204 125.131 131.073 127.018 127.956 52.881 52.790 51.676 51.535 50.359 45.116 54.901 56.763 57.654 55.562 57.481 57.413 58.355 51.316 0.000 0.000 0.000 0.000 54.851 39.826 0.000 0.000 58.947 80.738 84.673 83.658 90.751 90.467 82.905 83.444 84.127 82.856 82.573 82.268 82.941 57.715 0.000 0.000 0.000 0.000 0.000 0.000 0.000 0.000 0.000 45.708 34.660 24.584 28.480 28.398 29.327 29.217 32.137 45.062 41.985 36.907 37.829 35.752 33.676 29.602
14.699 0.000 0.000 49.696 66.676 74.634 80.552 51.365 50.245 49.184 46.149 47.117 47.073 53.012 52.931 68.823 68.680 44.519 0.000 41.808 54.714 56.629 54.546 56.477 56.419 57.371 53.340 0.000 0.000 0.000 53.047 37.949 0.000 0.000 60.298 69.148 85.994 84.888 84.063 91.015 82.596 85.116 87.645 83.414 83.159 82.899 81.607 69.162 27.939 0.000 0.000 0.000 0.000 0.000 31.946 26.927 26.890 26.835 30.756 42.689 45.613 31.528 26.447 28.366 30.278 45.196 44.118 30.041 38.964 39.888 38.812 31.737 27.664
