results1/res_4e8f-0100.wd
ncols         241
nrows         181
xllcorner     12693529.787448
yllcorner     3542525.717860
cellsize      155.156523
NODATA_value  -9999.000000
[rows 66 to 98 of 181, columns 73 to 145 of 241]
68.583 32.573 0.000 57.768 74.747 73.718 73.690 0.000 45.117 45.100 58.110 54.118 53.098 53.054 51.989 127.895 115.733 0.000 0.000 0.000 48.553 43.496 48.412 51.357 51.310 53.268 54.229 59.186 60.147 61.103 52.043 0.000 0.000 49.346 99.346 81.256 85.108 85.186 83.232 91.159 83.625 84.096 84.828 83.593 83.364 84.153 53.993 0.000 0.000 0.000 0.000 0.000 0.000 0.000 30.406 28.387 28.350 28.297 28.232 28.163 32.089 45.010 41.930 26.848 37.765 46.684 25.605 28.527 34.449 39.373 35.297 29.222 27.149
53.585 59.562 0.000 45.972 69.938 68.911 62.914 15.993 0.000 0.000 51.183 64.257 53.256 52.226 53.184 34.145 0.000 0.000 0.000 0.000 0.000 0.000 59.355 57.331 55.302 38.265 41.226 48.183 49.151 54.119 45.081 0.000 0.000 0.000 59.588 77.493 84.424 84.510 91.601 91.388 83.705 84.386 84.091 83.873 83.655 78.461 36.324 0.000 0.517 33.517 0.000 0.000 0.000 36.444 31.445 28.423 28.385 28.334 28.273 28.206 28.134 28.057 34.979 48.900 49.819 32.740 26.661 27.583 28.507 32.431 31.355 27.281 27.209
55.593 54.529 59.401 57.211 71.123 64.076 65.060 62.072 0.000 0.000 0.000 66.470 61.444 56.410 58.377 5.355 0.000 0.000 0.000 0.000 0.000 0.000 58.321 54.312 45.301 0.000 0.000 46.169 58.155 57.141 0.000 0.000 5.301 62.180 53.924 57.743 64.816 79.872 91.799 83.462 85.008 84.565 84.369 84.144 81.923 64.712 43.518 49.517 47.517 28.517 0.000 0.000 0.000 0.000 45.505 27.476 28.434 32.381 40.320 30.254 28.182 27.107 31.030 45.952 52.873 44.794 30.716 25.639 27.563 27.488 27.413 27.340 26.267
55.631 53.560 57.462 68.348 62.266 55.210 74.177 63.164 15.178 0.000 8.848 58.709 74.639 69.593 69.561 72.543 0.000 0.000 0.000 0.000 4.283 4.287 56.296 47.294 50.289 0.000 0.000 0.000 94.159 121.150 36.150 0.000 61.421 56.318 56.155 56.060 52.140 92.164 91.987 84.515 88.114 84.853 84.637 84.415 76.181 28.947 0.000 51.517 29.517 0.000 0.000 0.000 33.706 32.670 31.595 27.543 31.492 43.436 48.374 46.306 39.235 29.160 38.082 46.004 24.926 30.848 43.771 40.695 36.619 44.545 25.470 27.397 25.325
53.686 59.618 69.538 61.454 53.382 53.323 66.274 74.227 70.193 73.121 74.987 69.881 64.809 66.761 55.730 54.714 0.000 0.000 0.000 5.277 61.279 60.281 48.283 50.280 51.272 55.257 54.247 0.000 5.172 0.000 0.000 7.806 67.644 60.516 55.355 56.444 54.487 92.325 54.148 61.730 76.320 84.133 84.912 82.698 41.440 0.000 0.000 0.000 0.000 0.000 0.000 34.767 28.743 28.710 28.661 29.610 39.557 48.498 47.433 47.364 43.290 39.214 49.136 32.057 26.979 27.901 27.825 37.749 50.675 37.601 25.527 26.452 32.381
59.750 70.687 60.619 53.549 54.485 54.426 56.368 40.280 66.244 64.184 56.098 53.018 51.956 67.912 69.884 56.870 0.000 0.000 0.000 61.276 57.276 54.275 47.274 51.270 51.263 51.251 51.237 10.213 13.184 14.158 16.107 83.968 80.837 69.708 68.663 57.660 92.611 92.475 56.207 62.851 57.621 64.417 83.182 58.026 0.000 0.000 0.000 0.000 0.000 0.000 0.000 34.792 28.787 28.766 28.728 29.681 38.626 48.565 47.498 46.425 43.349 48.271 42.191 26.111 28.031 27.953 27.877 37.803 45.731 24.659 27.584 30.504 49.435
70.820 60.762 53.701 54.639 54.581 55.530 36.491 0.000 23.320 51.272 54.204 54.137 54.085 52.047 76.023 60.011 0.000 0.000 0.000 38.274 55.272 49.271 50.269 51.265 51.258 51.248 51.236 62.218 2.195 6.183 23.195 76.122 86.021 7.910 89.831 80.022 92.730 54.793 68.431 65.070 54.936 51.733 48.371 33.199 0.000 0.000 30.386 0.000 0.000 0.000 0.000 30.821 28.850 28.839 28.806 28.759 29.702 35.638 43.567 43.491 43.411 47.329 25.246 28.163 28.082 27.004 32.928 49.856 32.787 26.720 29.648 10.543 11.479
60.895 53.841 54.784 54.726 54.671 57.620 13.577 11.542 4.445 49.378 54.311 56.242 54.199 53.169 71.150 67.141 0.000 0.000 0.000 0.000 46.268 49.267 51.265 51.261 51.256 51.249 53.240 39.229 0.000 0.000 73.368 76.306 87.217 93.088 87.191 85.226 92.831 75.848 78.547 63.386 56.288 49.211 0.000 0.000 0.000 0.000 28.386 0.000 0.000 0.000 0.000 0.000 31.953 28.933 28.897 28.847 28.787 28.718 28.642 35.561 43.475 31.388 28.301 28.215 28.131 31.051 43.976 43.905 25.841 27.785 30.744 0.000 0.000
53.975 54.922 54.867 54.811 54.755 54.703 58.653 59.604 59.542 55.483 55.419 35.320 52.300 53.281 69.267 68.261 0.000 0.000 0.000 0.000 45.266 51.265 51.263 51.260 51.256 51.251 39.245 0.000 0.000 1.799 78.602 84.518 87.421 87.367 86.444 92.966 85.341 88.055 82.740 67.679 57.617 56.613 56.752 0.000 0.000 0.000 25.387 32.387 25.387 0.000 0.000 0.000 47.076 28.045 29.001 28.946 28.880 29.805 28.723 28.634 28.542 28.448 28.354 28.264 27.177 33.095 48.019 24.949 27.887 27.836 29.800 4.793 0.000
55.058 55.006 54.951 54.895 54.838 54.782 54.729 54.680 54.634 54.593 58.562 0.000 45.400 54.387 70.376 65.377 1.430 0.000 0.000 0.000 50.264 53.263 53.262 53.259 51.257 54.255 0.000 0.000 0.000 70.950 76.839 87.744 87.622 87.728 85.773 93.179 86.480 91.122 87.011 87.942 75.891 63.871 52.892 47.892 49.892 0.000 0.000 31.388 26.387 32.382 33.367 31.327 37.229 47.172 29.117 30.055 38.983 45.901 27.810 28.712 28.610 28.507 28.406 27.309 32.217 51.133 45.055 33.985 26.924 27.871 29.826 44.786 62.726
55.144 55.092 55.037 54.980 54.920 54.857 54.801 57.753 55.723 54.694 58.673 0.000 45.513 54.491 71.472 63.464 3.478 0.000 0.000 0.000 23.263 33.263 32.261 32.259 53.257 38.256 0.000 0.000 0.000 73.142 83.063 87.966 87.920 87.021 93.831 93.524 87.551 88.393 87.248 87.190 88.134 79.089 44.052 0.000 0.000 0.000 0.000 29.390 29.392 26.393 28.392 29.384 28.343 35.295 49.240 32.174 30.096 40.006 27.904 28.794 28.679 28.564 28.454 28.349 36.251 49.163 36.084 48.014 25.952 26.897 31.848 52.800 64.746
55.233 55.181 55.126 55.068 55.003 57.927 59.865 31.809 52.809 55.788 57.762 17.739 48.647 53.594 65.555 63.531 4.520 0.000 0.000 0.000 0.000 0.000 0.000 0.000 34.257 0.000 0.000 0.000 21.585 71.415 88.302 88.178 88.291 86.373 94.110 86.148 91.851 87.544 87.496 87.427 87.366 77.298 38.175 0.000 0.000 0.000 0.000 0.000 32.398 33.405 20.424 28.476 29.464 29.427 33.373 49.305 32.222 29.122 29.007 28.880 28.748 28.619 26.496 32.381 51.277 32.185 31.104 45.034 28.973 26.919 33.869 59.822 64.772
55.323 55.272 55.219 55.164 57.097 32.983 34.924 0.000 14.915 50.887 54.850 58.807 54.743 57.683 62.625 67.584 6.552 0.000 0.000 0.000 0.000 0.000 0.000 0.000 0.000 0.000 0.000 4.875 80.755 82.632 88.523 88.475 87.592 94.611 94.369 87.215 87.928 87.797 87.726 87.660 86.604 66.564 0.000 0.000 0.000 0.000 0.000 0.000 0.000 24.405 0.000 35.630 32.612 28.575 28.521 30.451 47.363 36.255 28.124 28.970 28.815 27.667 32.530 34.403 33.290 30.195 28.115 28.047 27.988 28.936 41.889 63.844 64.801
55.414 55.363 55.315 55.272 60.238 0.000 0.000 21.138 13.050 46.994 55.945 53.894 55.836 67.771 39.675 33.630 0.000 0.000 0.000 0.000 0.000 0.000 0.000 0.000 0.000 0.000 0.000 67.996 72.926 86.836 88.718 88.846 86.939 94.833 86.724 88.396 88.088 88.026 87.950 87.884 79.827 56.788 0.000 0.000 0.000 0.000 0.000 0.000 0.000 0.000 0.000 39.801 34.780 28.740 26.685 29.614 29.526 45.413 38.262 29.062 29.874 27.705 34.553 34.413 31.286 25.189 28.113 28.050 29.996 43.948 62.905 64.867 67.831
56.501 54.452 54.407 54.370 57.346 27.353 24.313 56.226 61.153 55.094 53.041 59.989 69.936 72.889 0.000 0.000 0.000 0.000 0.000 0.000 0.000 0.000 0.000 0.000 0.000 0.000 0.000 70.186 78.121 88.032 89.022 88.060 95.243 95.044 87.759 88.461 88.321 88.241 88.166 88.097 70.033 51.975 0.000 0.000 0.000 0.000 0.000 0.000 0.000 0.000 0.000 37.994 35.967 35.922 32.864 25.796 27.713 28.607 44.450 44.142 40.915 37.728 30.563 29.410 26.253 27.164 28.098 32.044 51.997 63.955 63.919 64.886 63.857
70.584 69.535 68.491 66.454 63.424 64.399 64.359 61.301 62.242 64.188 64.137 70.085 72.031 29.960 0.000 0.000 0.000 0.000 0.000 0.000 0.000 0.000 0.000 0.000 0.000 8.703 16.624 71.442 88.333 89.241 89.190 88.417 95.428 87.244 88.915 88.601 88.534 88.451 88.377 86.307 68.231 39.103 0.000 0.000 0.000 0.000 0.000 0.000 0.000 0.000 0.000 28.215 32.171 35.115 36.055 34.992 31.924 27.853 21.789 0.000 0.000 0.000 0.000 0.000 30.152 28.115 31.072 52.031 64.993 63.959 64.928 67.901 63.878
66.662 68.613 67.569 69.530 71.496 70.462 69.423 67.376 65.327 65.279 66.232 62.185 62.142 0.000 0.000 0.000 0.000 0.000 0.000 0.000 0.000 0.000 0.000 0.000 0.000 57.783 80.726 79.624 88.530 89.419 89.545 87.647 95.600 89.341 88.944 88.818 88.732 88.653 88.583 84.523 64.481 0.000 0.000 0.000 0.000 0.000 0.000 0.000 0.000 0.000 35.642 30.480 27.386 29.314 34.250 36.192 36.139 37.093 28.064 0.000 0.000 0.000 0.000 0.000 31.089 29.071 45.045 66.015 63.986 63.958 63.933 64.911 63.893
54.734 54.686 55.642 62.603 71.567 77.531 65.494 59.454 54.412 52.369 51.327 57.280 36.211 0.000 0.000 0.000 0.000 0.000 0.000 0.000 0.000 0.000 0.000 0.000 0.000 63.919 79.875 87.800 89.715 89.683 88.813 95.906 95.759 91.364 89.168 89.005 88.926 88.846 88.778 83.723 58.690 0.000 0.000 0.000 0.000 0.000 0.000 0.000 0.000 35.939 30.803 30.678 30.581 29.504 26.440 31.387 35.345 36.318 33.309 0.000 0.000 0.000 0.000 34.030 28.043 32.037 60.021 64.000 63.978 63.956 63.936 63.918 63.904
53.800 53.753 57.711 62.673 64.637 67.602 57.568 53.533 54.497 54.460 56.425 34.397 0.000 0.000 0.000 0.000 0.000 0.000 0.000 0.000 0.000 0.000 0.000 0.000 0.000 50.099 79.053 88.987 89.887 90.018 88.127 96.040 88.921 90.591 89.269 89.201 89.111 89.030 88.958 79.900 52.865 0.000 0.000 0.000 0.000 0.000 0.000 0.000 35.201 31.075 30.955 30.847 30.755 30.680 30.619 27.571 26.538 29.525 36.545 36.639 0.000 0.000 0.000 28.017 29.018 47.013 64.001 62.986 62.969 63.952 63.936 63.922 63.910
53.862 53.817 55.776 56.740 54.706 53.674 54.643 53.613 53.582 53.550 58.517 3.487 0.000 0.000 0.000 0.000 0.000 0.000 0.000 0.000 0.000 0.000 0.000 0.000 1.533 58.325 87.254 90.177 90.149 89.281 96.285 96.167 91.923 89.621 89.473 89.381 89.291 89.205 90.126 70.055 58.006 0.000 0.000 34.899 0.000 34.627 36.576 36.479 31.328 31.205 31.096 30.998 30.914 30.843 30.785 30.741 29.711 26.699 35.707 36.734 29.734 0.000 0.000 36.002 28.000 35.995 41.986 44.974 48.961 54.947 60.935 62.923 62.914
54.919 54.876 54.838 54.804 54.772 53.744 53.717 53.693 53.668 52.642 60.605 11.546 0.000 0.000 0.000 0.000 0.000 0.000 0.000 0.000 0.000 0.000 0.000 0.000 42.686 78.557 89.463 90.352 90.492 88.585 96.392 89.384 91.055 89.736 89.658 89.560 89.466 89.375 90.283 62.188 40.097 0.000 0.000 30.899 0.000 29.678 31.622 31.534 31.426 31.322 31.225 31.137 31.060 30.993 30.939 30.896 28.867 30.852 36.850 33.856 0.000 0.000 0.000 34.989 33.986 32.981 31.973 30.964 29.953 33.942 44.932 40.923 42.916
52.971 52.932 52.896 52.865 52.837 52.812 52.790 53.772 55.757 57.743 32.717 0.000 0.000 0.000 0.000 0.000 0.000 0.000 0.000 0.842 9.831 0.000 0.000 13.014 53.878 84.759 90.650 90.637 89.664 96.577 96.489 92.379 90.082 89.930 89.834 89.736 89.640 89.544 85.445 32.317 0.000 0.000 0.000 30.899 36.877 31.785 31.700 31.611 31.520 31.431 31.346 31.266 31.194 31.132 31.080 31.038 28.009 36.992 36.985 32.985 0.000 0.000 0.000 33.979 32.975 33.970 33.963 33.954 33.946 33.937 32.928 32.921 31.915
54.019 53.983 56.951 60.922 63.897 67.877 69.860 72.849 71.846 63.856 1.898 12.995 37.037 5.061 0.000 0.000 0.000 0.000 0.000 40.853 67.828 7.793 0.000 47.150 80.053 89.942 90.840 90.769 89.992 96.652 88.825 90.508 90.188 90.110 90.009 89.911 89.813 90.716 77.638 0.000 0.000 0.000 0.000 10.922 30.946 31.886 33.782 33.688 31.612 31.537 31.461 31.388 31.320 31.260 31.210 28.169 33.140 36.121 37.113 28.114 0.000 0.000 0.000 17.972 38.966 38.961 35.954 32.946 32.938 33.931 34.924 34.918 33.913
56.063 55.031 62.002 70.976 71.954 70.937 69.924 68.918 65.921 59.937 34.973 52.020 70.056 39.085 23.110 0.000 0.000 0.000 11.915 50.881 64.835 3.758 22.607 64.384 89.241 92.128 90.969 91.181 89.156 96.715 90.814 90.526 90.376 90.281 90.184 90.087 89.984 91.868 35.753 0.000 0.000 0.000 0.000 0.000 27.098 33.032 13.854 13.749 30.704 31.643 31.574 31.503 31.438 31.379 30.330 28.289 37.259 37.240 34.233 28.245 34.297 0.000 0.000 0.000 49.957 64.953 57.946 53.938 49.931 45.925 48.919 48.914 31.910
56.104 56.075 59.049 62.026 61.007 58.992 56.982 54.979 52.983 52.997 62.023 64.054 61.084 58.111 62.135 10.156 0.000 0.000 51.949 81.922 32.873 28.795 62.680 86.536 91.411 91.271 91.392 89.348 96.800 89.227 90.939 90.623 90.549 90.453 90.361 90.269 93.169 50.018 0.000 0.000 0.000 0.000 0.000 0.000 29.316 34.290 0.000 0.000 27.811 31.758 31.687 31.615 31.549 31.490 28.441 36.400 37.368 36.346 27.335 31.336 31.349 0.000 0.000 0.000 17.952 47.948 65.938 64.930 64.924 64.918 64.913 58.909 48.906
56.141 56.116 56.093 55.072 55.055 56.042 56.034 56.032 54.036 55.047 60.066 63.090 59.116 54.141 57.163 12.177 0.000 0.000 44.010 53.986 31.940 64.872 79.780 88.672 91.564 91.502 90.604 97.185 96.943 90.222 90.949 90.805 90.714 90.623 90.536 90.458 93.405 0.000 0.000 8.786 17.786 0.000 0.000 30.671 33.560 32.523 39.568 0.000 27.973 31.892 31.801 31.721 31.652 29.593 31.543 37.501 37.467 29.442 30.425 31.416 31.413 0.000 0.000 0.000 0.000 0.000 47.930 63.921 63.915 63.911 63.907 64.903 64.901
56.177 56.155 56.134 56.115 56.100 56.088 56.080 55.078 54.080 58.089 62.104 62.124 57.148 53.174 58.197 11.213 0.000 0.000 40.095 9.070 56.029 79.971 85.896 91.814 91.675 91.892 89.887 97.401 89.650 91.359 91.045 90.973 90.879 90.789 90.703 97.622 81.588 0.000 4.786 54.786 40.786 0.000 0.000 25.782 33.730 32.675 32.614 38.473 36.215 35.035 31.906 31.816 31.746 28.687 36.636 37.593 33.558 28.530 31.507 31.489 33.475 37.487 0.000 0.000 0.000 0.000 0.000 60.909 63.906 63.903 63.900 64.897 62.894
56.213 56.192 56.173 56.155 56.141 56.130 55.122 54.118 56.119 60.125 63.137 59.155 54.179 53.208 56.239 38.266 25.293 26.275 22.204 23.172 63.136 84.087 90.027 91.931 92.082 90.082 97.778 97.598 90.662 91.373 91.224 91.132 91.041 90.953 95.863 38.741 53.736 23.775 54.785 62.787 0.000 0.000 0.000 24.946 33.902 32.833 32.738 42.592 53.378 27.128 36.972 32.892 29.829 31.773 37.723 36.679 27.642 30.612 31.586 31.559 18.511 19.499 0.000 0.000 0.000 0.000 0.000 41.901 62.898 63.895 63.892 67.890 63.887
56.248 56.228 56.209 56.193 56.179 56.167 54.159 54.155 58.153 65.156 66.163 62.179 57.206 55.242 55.285 57.318 57.338 66.329 7.273 41.278 79.256 86.215 92.164 92.146 91.291 98.099 97.944 91.027 91.804 91.464 91.388 91.290 91.200 91.118 99.057 0.000 36.842 38.803 28.793 30.790 0.000 0.000 0.000 28.155 34.098 33.017 38.914 54.778 31.578 0.000 17.960 30.950 28.906 36.854 37.803 33.758 30.720 31.689 31.666 33.651 0.000 0.000 0.000 0.000 0.000 0.000 33.895 14.895 53.891 63.888 63.885 68.883 63.880
56.281 56.262 56.244 56.228 56.214 55.202 54.193 56.187 63.184 40.183 16.180 15.194 12.223 42.268 59.340 54.383 57.413 38.431 0.444 46.413 84.391 90.362 92.270 92.529 90.566 98.243 91.369 92.143 91.709 91.647 91.539 91.442 91.350 92.264 90.190 12.132 11.987 0.000 0.000 0.000 0.000 0.000 27.578 35.422 33.319 32.224 52.124 56.027 0.000 0.000 0.000 27.041 32.992 37.933 37.878 27.829 31.790 31.759 31.738 34.727 0.000 0.000 0.000 0.000 0.000 0.000 12.895 0.000 41.881 63.880 63.878 69.876 63.874
56.314 56.294 56.277 56.261 55.246 54.234 56.224 59.217 67.212 26.210 0.000 0.000 0.000 0.000 41.425 56.459 57.501 43.548 45.603 71.567 88.543 92.488 92.680 90.718 98.495 98.375 92.354 92.046 91.895 91.789 91.688 91.590 91.494 94.398 79.306 8.219 0.000 0.000 0.000 0.000 0.000 0.000 27.736 34.634 33.531 31.435 59.332 20.179 0.000 0.000 33.307 38.181 38.088 38.010 35.945 30.892 31.851 31.821 31.801 33.793 0.000 37.877 0.000 0.000 0.000 0.000 0.000 0.000 34.873 63.873 63.872 63.871 63.869
56.344 56.325 56.308 56.292 55.277 54.264 58.253 62.244 66.238 24.236 0.000 0.000 0.000 0.000 21.477 64.528 59.585 65.656 78.706 87.710 91.693 92.720 91.889 98.708 98.605 91.698 92.471 92.126 92.040 91.934 91.834 91.737 95.637 58.528 30.417 0.000 0.000 0.000 0.000 0.000 0.000 30.206 34.994 33.848 35.739 32.652 56.590 0.000 0.000 28.589 35.435 51.287 40.168 37.074 33.001 30.944 30.901 31.871 31.853 31.850 36.871 32.878 23.877 0.000 0.000 0.000 30.861 32.862 31.866 63.867 63.866 63.866 63.865
56.373 56.354 56.337 56.321 54.306 56.292 62.279 63.268 61.261 48.259 9.267 0.000 0.000 0.000 0.000 17.591 13.654 53.787 84.855 88.873 92.840 93.030 91.171 98.802 91.018 92.794 92.357 92.290 94.176 93.074 91.977 91.885 97.790 20.659 0.000 0.000 0.000 0.000 0.000 11.771 50.660 50.417 38.188 35.025 45.923 40.844 41.787 2.792 0.000 26.743 31.555 42.365 38.224 42.119 36.041 38.982 37.939 34.909 31.891 30.883 30.885 36.885 0.000 0.000 0.000 0.000 27.860 27.860 37.861 63.862 63.861 63.861 63.860
