results1/res_4e8_norain-0028.wd
ncols         241
nrows         181
xllcorner     12693529.787448
yllcorner     3542525.717860
cellsize      155.156523
NODATA_value  -9999.000000
[rows 33 to 65 of 181, columns 75 to 149 of 241]
0.000 0.000 0.000 0.000 0.000 0.000 0.000 0.000 0.000 0.000 0.000 0.000 0.000 0.000 0.000 0.000 0.000 0.000 0.000 0.000 0.000 0.000 0.000 0.000 0.000 0.000 0.000 0.000 0.000 0.000 0.000 0.000 0.000 0.000 0.000 0.000 0.000 27.278 50.279 55.280 11.282 0.000 0.000 20.376 34.397 1.387 0.000 24.466 27.481 21.492 22.498 23.499 23.493 23.482 23.466 22.448 28.431 48.419 0.000 2.688 0.426 35.350 52.105 56.812 55.517 56.249 54.905 57.105 52.260 51.863 52.043 54.413 53.736 53.577 54.333
0.000 0.000 0.000 0.000 0.000 0.000 0.000 0.000 0.000 0.000 0.000 0.000 0.000 0.000 0.000 0.000 0.000 0.000 0.000 0.000 0.000 0.000 0.000 0.000 0.000 0.000 0.000 0.000 0.000 0.000 0.000 0.000 0.000 0.000 0.000 0.000 0.000 0.000 2.278 0.000 0.000 0.000 0.000 0.000 16.453 0.000 0.000 14.495 38.524 37.538 27.545 23.545 23.538 23.522 23.500 22.474 44.450 42.435 0.000 25.707 38.411 51.871 56.494 56.156 55.855 55.482 56.656 52.774 52.077 52.522 54.926 54.260 54.109 53.869 54.648
0.000 0.000 0.000 0.000 0.000 0.000 0.000 0.000 0.000 0.000 0.000 0.000 0.000 0.000 0.000 0.000 15.200 47.200 0.186 0.000 0.000 0.000 0.000 0.000 0.000 0.000 0.000 0.000 0.000 0.000 0.000 0.000 0.000 0.000 0.000 0.000 0.000 0.000 0.000 0.000 0.000 0.000 0.000 0.000 8.510 0.000 0.000 0.000 16.584 34.592 34.599 25.600 23.591 23.570 21.538 37.500 46.462 0.000 11.381 36.022 50.654 57.229 56.838 56.494 56.084 58.224 54.307 52.414 53.012 55.437 54.776 54.633 54.395 54.172 53.951
0.000 0.000 0.000 0.000 0.000 0.000 0.000 0.000 0.000 2.185 40.186 0.000 0.000 0.000 0.000 0.000 22.201 73.201 29.201 0.000 0.000 0.000 0.000 0.000 0.000 0.000 0.000 0.000 0.000 0.000 0.000 0.000 0.000 0.000 0.000 0.000 0.000 0.000 0.000 0.000 0.000 0.000 0.000 0.000 11.566 12.599 19.621 5.636 15.635 23.647 36.660 27.665 23.655 20.627 31.584 41.525 30.435 6.184 35.740 53.347 57.956 57.548 57.168 56.717 56.818 55.865 52.865 53.524 55.959 55.300 55.159 54.921 54.696 54.469 54.246
0.000 0.000 0.000 0.000 0.000 0.000 0.000 0.000 0.000 23.186 58.187 47.188 34.189 0.000 0.000 7.202 61.202 69.203 34.203 0.000 0.000 0.000 0.000 10.477 0.000 0.000 0.000 0.000 0.000 0.000 0.000 0.000 0.000 0.000 0.000 0.000 0.000 0.000 0.000 0.000 16.574 0.000 0.000 27.592 42.592 45.609 43.629 29.651 23.673 22.701 36.730 27.746 19.738 33.701 47.646 35.581 23.571 38.378 43.047 55.671 58.270 57.871 57.387 57.443 55.457 53.431 54.064 56.501 55.843 55.701 55.459 55.228 54.993 54.762 54.534
0.000 0.000 0.000 0.000 0.000 0.000 0.000 0.000 0.000 0.000 56.188 39.189 20.191 0.000 3.202 53.203 64.204 71.205 30.205 0.000 0.000 0.000 0.000 48.477 32.478 0.000 0.000 0.000 0.000 0.000 0.000 0.000 0.000 0.000 11.553 23.553 25.554 0.000 0.000 7.571 32.575 11.580 25.586 48.592 51.600 52.615 49.637 36.668 23.706 20.755 37.814 28.852 32.850 50.794 44.720 0.000 21.891 40.709 53.400 59.018 58.611 58.101 58.111 56.092 54.130 54.640 57.071 56.414 56.269 56.021 55.779 55.532 55.289 55.052 54.816
0.000 0.000 0.000 0.000 0.000 0.000 0.000 0.000 0.000 0.000 0.000 7.192 45.195 41.199 29.202 42.204 62.206 73.208 26.209 0.000 0.000 0.000 0.000 10.478 34.479 36.481 0.000 0.000 0.000 0.000 0.000 0.000 0.000 0.000 27.553 28.553 40.555 23.559 12.563 26.569 27.574 23.579 30.585 37.593 35.601 28.615 47.636 13.677 29.728 32.800 22.919 34.998 48.015 44.904 0.000 0.000 33.393 50.167 58.827 59.406 58.885 58.844 55.793 55.010 55.265 57.679 57.020 56.870 56.616 56.365 56.101 55.834 55.579 56.341 49.100
0.000 0.000 0.000 0.000 0.000 0.000 0.000 0.000 0.000 0.000 0.000 0.000 64.197 59.201 49.204 39.207 63.209 71.212 66.214 51.219 6.222 0.000 0.000 0.000 0.000 44.483 28.486 26.488 37.490 32.492 0.000 0.000 0.000 0.000 27.552 26.553 47.555 53.558 42.562 34.567 26.572 23.578 24.585 25.591 24.599 22.608 30.616 0.000 0.000 0.000 28.063 51.207 49.310 0.000 0.000 33.608 47.118 56.751 60.303 59.876 60.661 56.605 56.164 55.965 58.339 57.670 57.511 57.250 56.993 56.717 56.425 56.123 55.852 55.633 41.489
0.000 0.000 0.000 0.000 0.000 0.000 0.000 0.000 0.000 0.000 0.000 0.000 0.000 36.204 11.207 47.210 66.213 71.216 69.219 67.222 56.225 15.227 0.000 0.000 0.000 0.483 39.487 39.489 52.491 50.494 43.497 38.500 0.000 0.000 0.000 31.551 50.553 57.557 49.561 33.566 22.571 23.577 23.584 23.590 23.595 23.601 27.605 0.000 0.000 0.000 0.000 35.457 4.708 3.324 38.425 43.096 54.742 61.314 61.156 59.382 57.675 57.759 56.784 59.077 58.382 58.199 57.924 57.659 57.382 57.088 56.760 56.383 57.072 48.850 31.734
0.000 0.000 0.000 0.000 0.000 0.000 0.000 0.000 0.000 0.000 0.000 0.000 0.000 0.000 68.212 68.214 70.217 70.220 69.224 63.227 57.229 28.230 0.000 0.000 0.000 0.000 0.000 7.490 52.492 46.495 61.499 58.503 37.510 16.522 17.534 26.546 48.552 57.556 48.560 31.564 21.569 26.577 25.583 23.589 23.593 23.596 24.598 16.596 0.000 0.000 0.000 0.000 0.000 40.966 43.852 51.633 62.299 62.386 60.748 62.610 60.075 57.798 59.932 59.179 58.949 58.642 58.358 58.074 57.789 57.492 56.144 64.577 62.203 34.961 24.864
0.000 0.000 0.000 0.000 2.196 25.196 0.000 3.210 43.212 32.213 36.215 11.216 0.000 0.000 4.215 76.218 70.222 67.226 64.229 67.232 58.234 21.236 0.000 0.000 0.000 0.000 0.000 0.000 0.000 0.000 50.501 51.503 2.506 0.000 0.000 30.550 48.552 53.555 43.558 34.563 32.566 0.000 1.586 29.589 23.592 23.594 24.595 30.594 38.593 0.592 0.000 0.000 14.001 46.630 50.397 61.138 63.318 62.960 66.452 65.002 59.186 60.959 60.090 59.777 59.417 59.094 58.786 58.490 58.208 57.948 63.747 0.000 0.000 13.929 31.896
0.000 0.000 0.000 0.000 2.196 45.197 0.000 37.210 39.212 51.214 34.216 19.218 0.000 0.000 0.000 61.222 73.227 70.232 70.236 71.239 65.242 19.243 0.000 0.000 0.000 0.000 0.000 0.000 0.000 0.000 0.000 35.503 0.000 0.000 0.000 36.551 33.552 45.554 2.556 0.000 0.000 0.000 0.000 0.000 33.592 27.592 0.000 20.593 54.593 37.592 0.000 0.000 18.381 52.126 60.961 64.041 63.790 68.089 67.420 60.576 62.082 61.098 60.683 60.251 59.876 59.528 59.202 58.893 58.605 58.346 63.150 6.106 0.000 0.000 0.000
34.157 0.000 0.000 0.000 0.000 56.200 32.204 34.208 40.212 64.216 65.219 60.222 14.226 0.000 0.000 0.000 21.233 75.240 70.244 71.248 68.250 27.252 0.000 0.000 0.000 0.000 0.000 0.000 0.000 0.000 0.000 0.000 0.000 0.000 0.000 0.000 0.000 0.000 0.000 0.000 0.000 0.000 0.000 0.000 0.000 8.591 5.591 0.000 0.000 0.000 0.000 7.391 44.931 61.897 63.568 64.491 68.842 68.550 61.553 63.084 62.096 61.617 61.125 60.697 60.304 59.941 59.599 59.277 58.972 58.683 61.400 45.062 2.326 0.000 0.000
38.158 34.161 0.000 0.000 0.000 48.200 50.203 50.208 62.213 59.218 71.223 70.227 31.230 0.000 0.000 0.000 0.000 77.252 70.254 71.257 68.261 28.264 0.000 0.000 0.000 37.329 49.332 18.334 0.000 0.000 0.000 0.000 0.000 0.000 0.000 0.000 0.000 0.000 0.000 0.000 0.000 0.000 0.000 0.000 0.000 0.000 0.000 0.000 0.000 0.000 5.142 45.740 62.777 63.396 69.548 69.105 62.699 63.284 63.799 62.981 62.503 61.992 61.531 61.103 60.705 60.331 59.978 59.644 59.324 66.013 6.706 0.000 15.486 0.000 0.000
40.160 41.164 33.168 0.000 38.193 33.198 41.203 54.208 58.214 69.222 70.228 69.233 38.237 0.000 0.000 0.000 0.000 76.262 70.263 71.267 66.272 46.280 30.296 31.308 31.319 39.328 60.333 27.337 0.000 0.000 0.000 0.000 0.000 0.000 0.000 0.000 0.000 0.000 0.000 0.000 0.000 0.000 0.000 0.000 0.000 0.000 0.000 0.000 3.011 33.832 43.427 62.486 64.139 70.840 70.289 63.160 64.905 64.262 63.737 63.288 62.803 62.341 61.900 61.481 61.081 60.700 60.340 59.997 66.665 12.339 0.000 0.000 1.013 2.778 3.765
54.162 37.167 41.172 41.181 32.190 25.195 0.000 0.000 0.209 59.228 70.235 68.242 53.249 20.257 0.000 0.000 45.273 66.271 71.272 70.275 71.281 61.289 37.301 34.311 33.321 42.329 60.337 43.344 29.354 30.362 34.367 45.370 9.371 0.000 0.000 0.000 0.000 0.000 0.000 0.000 0.000 0.000 0.000 0.000 0.000 0.000 0.000 0.000 14.169 54.051 62.054 64.757 71.589 71.263 63.794 65.493 64.744 64.397 63.976 63.536 63.098 62.667 62.248 61.840 61.439 61.047 60.684 66.339 13.002 0.000 0.000 0.000 0.360 2.835 0.000
70.165 41.169 35.174 36.182 38.192 38.197 27.200 0.000 0.000 0.000 4.244 75.253 65.259 43.265 35.273 42.276 41.277 43.276 51.278 52.282 39.288 36.296 34.306 34.316 33.325 42.333 57.341 36.349 33.357 38.365 54.370 57.373 42.373 16.372 0.000 0.000 0.000 0.000 0.000 0.000 0.000 0.000 0.000 0.000 0.000 0.000 0.000 4.846 46.769 62.446 65.332 71.994 71.832 64.390 66.074 65.328 65.003 64.602 64.201 63.793 63.385 62.982 62.585 62.191 61.789 61.366 67.010 12.674 0.000 0.000 0.000 0.000 0.000 0.000 3.565
70.168 56.171 0.000 0.000 43.198 39.202 50.204 41.203 0.000 0.000 0.000 63.267 60.270 45.274 36.278 33.280 33.281 36.281 49.283 57.287 60.294 53.303 43.312 36.321 35.330 51.338 54.346 29.354 33.362 33.370 34.376 38.379 17.376 0.000 0.000 0.000 0.000 0.000 0.000 0.000 0.000 0.000 0.000 0.000 0.000 7.812 39.552 47.518 61.115 72.478 72.154 65.289 65.930 66.551 65.908 65.583 65.196 64.818 64.435 64.050 63.667 63.290 62.920 62.552 63.160 69.619 13.314 0.000 0.000 0.000 0.000 0.000 0.000 0.000 15.664
70.172 70.178 57.188 40.196 40.202 40.208 31.212 0.000 0.000 4.282 56.282 53.279 56.280 49.283 50.285 50.286 50.286 53.286 48.286 48.290 50.297 54.309 55.319 53.328 49.336 60.344 58.352 46.360 47.369 47.378 49.386 24.392 0.000 0.000 0.000 0.000 0.000 0.000 0.000 0.000 0.000 0.000 0.000 0.000 42.236 42.961 64.079 64.732 73.493 73.052 67.693 67.458 66.893 66.474 66.140 65.769 65.404 65.037 64.670 64.305 63.945 63.592 63.252 63.935 67.682 0.457 0.000 0.000 0.000 0.000 0.000 0.000 0.000 11.258 6.961
69.175 70.182 67.190 45.199 39.207 40.216 41.225 33.237 0.000 48.283 45.285 46.287 47.290 42.293 46.294 51.294 59.292 44.291 0.000 0.000 0.000 53.319 49.329 49.336 49.342 49.350 49.357 49.366 49.376 49.386 47.398 42.413 15.433 0.000 0.000 36.626 43.655 55.692 25.721 0.000 0.000 0.000 0.000 43.703 54.503 66.516 67.239 74.118 73.843 68.256 67.985 67.298 67.016 66.673 66.319 65.966 65.611 65.257 64.904 64.556 64.214 63.882 64.561 67.254 14.968 0.000 0.000 0.000 0.000 0.000 0.000 0.000 7.671 13.555 0.000
59.178 70.185 70.193 60.202 36.213 39.224 40.236 40.250 46.268 55.281 39.290 36.296 34.301 41.304 56.305 55.304 40.300 20.295 0.000 0.000 0.000 0.000 38.342 33.345 33.349 33.355 33.363 34.372 37.382 38.394 38.409 37.427 38.454 37.497 37.543 46.598 53.646 51.700 58.751 56.775 51.722 49.593 52.310 64.202 67.863 67.744 74.476 74.329 68.805 68.515 67.818 67.541 67.193 66.852 66.508 66.163 65.818 65.475 65.134 64.800 64.475 65.161 65.855 4.554 0.000 0.000 0.000 0.000 0.000 0.000 0.000 0.000 18.787 4.737 0.000
37.182 65.188 69.196 50.205 33.218 32.232 40.246 40.260 39.274 33.286 34.296 40.308 57.315 56.318 39.319 32.317 22.308 0.000 42.365 51.364 47.361 48.358 51.352 54.352 53.356 54.361 57.368 56.377 53.387 55.400 50.415 36.435 40.461 39.494 44.533 62.579 69.632 66.713 60.807 55.850 57.818 64.633 69.783 68.450 74.929 74.629 68.653 70.312 68.959 68.353 68.064 67.715 67.376 67.036 66.696 66.359 66.024 65.691 65.359 66.033 63.726 59.432 11.143 0.000 0.000 0.000 0.000 0.000 0.000 0.000 0.000 5.106 8.953 2.869 0.722
30.186 49.191 60.197 35.206 27.221 34.241 32.257 39.271 40.283 40.291 33.304 50.324 42.332 31.336 34.337 26.338 0.000 51.369 54.368 54.366 56.363 57.360 60.358 64.358 63.360 63.365 63.372 65.381 66.391 64.403 52.418 38.437 40.459 40.487 40.518 43.551 17.592 0.000 80.911 123.025 100.926 67.159 68.932 75.874 75.457 69.036 71.817 69.281 68.891 68.585 68.239 67.901 67.559 67.219 66.883 66.553 66.230 65.907 67.579 62.247 50.965 5.698 0.000 0.000 0.000 0.000 0.000 0.000 0.000 0.000 3.442 16.260 5.050 4.938 0.457
0.000 6.194 41.196 23.201 0.000 29.255 34.269 34.284 40.297 29.294 0.000 34.352 32.355 34.356 35.357 45.360 59.370 56.372 58.371 64.369 74.366 118.364 115.362 115.362 115.363 115.367 116.374 100.384 32.394 35.405 33.418 41.435 40.454 37.476 35.500 17.518 0.000 0.000 0.000 48.286 65.526 70.340 76.499 76.217 68.573 70.326 69.673 69.417 69.097 68.764 68.428 68.086 67.742 67.398 67.063 66.742 67.434 66.128 57.801 46.412 4.188 0.000 0.000 0.000 0.000 0.000 0.000 0.000 0.000 0.000 15.624 7.442 0.000 0.000 5.898
0.000 56.194 34.195 0.000 0.000 0.000 28.283 41.298 33.328 0.000 0.000 42.380 33.378 44.377 57.377 57.377 62.378 65.377 58.375 44.373 35.370 31.367 29.364 32.364 33.365 20.366 0.000 37.389 34.395 33.404 37.416 41.431 38.447 30.465 37.489 18.504 0.000 0.000 44.010 60.953 70.765 76.907 76.729 69.099 70.837 70.179 69.932 69.609 69.287 68.956 68.619 68.275 67.925 67.568 67.229 67.918 63.636 52.371 9.086 0.000 0.000 0.000 0.000 0.000 0.000 0.000 0.000 0.000 0.000 13.217 11.988 0.000 0.000 4.492 4.195
60.411 0.000 0.000 0.000 0.000 0.000 0.000 0.000 37.389 35.414 43.419 40.408 40.403 40.399 57.396 71.392 60.389 40.385 38.381 33.377 35.374 26.371 0.000 38.367 35.367 24.368 0.000 38.389 33.394 34.402 41.413 39.426 37.438 19.447 0.000 0.000 40.746 38.610 55.373 71.294 77.120 69.950 70.554 71.260 70.699 70.448 70.129 69.814 69.488 69.155 68.816 68.472 68.113 68.721 68.367 58.066 42.822 5.635 0.000 0.000 0.000 0.000 0.000 0.000 0.000 0.000 0.000 0.000 2.675 14.446 2.249 0.000 5.091 5.791 0.000
48.429 0.000 0.000 50.407 43.416 37.426 0.000 0.000 55.427 52.434 39.436 40.432 40.427 41.421 62.415 114.408 107.401 54.395 109.388 30.382 34.377 34.374 36.371 34.369 34.369 34.371 36.376 32.384 32.390 41.397 40.407 37.422 32.433 21.440 0.000 0.000 42.881 49.748 71.768 70.678 77.477 71.004 71.626 71.213 70.962 70.655 70.346 70.026 69.697 69.359 69.018 68.684 70.336 65.837 47.453 34.156 35.950 1.811 0.000 0.000 0.000 0.000 0.000 0.000 0.000 0.000 0.000 3.068 16.859 10.642 0.249 6.695 6.392 0.000 0.000
0.000 0.000 0.000 33.398 42.417 39.437 57.456 51.464 56.458 64.460 55.461 40.458 40.452 40.445 39.436 33.425 28.414 33.404 30.395 34.387 34.380 34.375 34.372 34.370 34.370 34.372 33.375 38.380 40.385 41.391 25.399 0.000 25.432 0.000 0.000 0.000 47.122 69.064 73.098 78.559 78.064 71.103 71.786 71.461 71.181 70.883 70.571 70.247 69.914 69.568 69.212 67.913 29.708 0.000 0.000 0.000 0.000 0.000 0.000 0.000 0.000 0.000 0.000 0.000 0.000 0.000 0.829 16.273 10.043 0.641 8.286 3.989 0.000 0.000 0.000
39.024 0.000 38.302 34.371 33.417 51.448 44.468 60.479 69.481 49.487 35.490 33.487 36.481 39.471 40.458 40.443 33.428 32.413 33.401 33.390 34.382 34.376 34.372 39.370 36.369 33.371 34.373 37.378 41.380 30.382 0.000 0.000 0.000 0.000 2.873 122.753 66.459 73.495 71.496 78.987 70.903 73.446 74.956 71.710 71.424 71.124 70.808 70.477 71.145 67.789 55.349 46.046 3.877 0.000 0.000 0.000 0.000 0.000 0.000 0.000 0.000 0.000 0.000 0.000 0.000 0.000 13.071 12.672 0.000 0.152 1.484 0.000 0.000 0.000 0.000
13.280 37.917 34.234 33.368 44.434 48.471 59.492 66.502 32.500 31.520 32.524 34.521 33.513 30.500 38.483 39.462 40.441 39.422 33.405 32.393 31.383 32.376 38.371 97.368 65.368 45.369 28.371 0.000 43.378 51.375 0.000 0.000 0.000 0.000 46.995 57.900 74.790 72.843 79.720 79.370 72.000 72.548 73.236 71.967 71.682 71.381 71.060 71.709 70.399 23.094 0.000 0.000 0.000 0.000 0.000 0.000 0.000 0.000 0.000 0.000 0.000 0.000 0.000 0.000 0.000 8.708 15.508 0.000 0.515 8.377 6.260 0.242 0.000 0.000 1.632
0.000 31.239 34.349 36.433 57.483 68.509 82.527 64.538 0.000 50.567 50.567 34.562 34.551 33.533 31.511 34.484 40.453 38.427 39.407 41.393 39.382 37.374 33.369 28.366 33.365 28.367 0.000 0.000 0.000 37.367 29.365 0.000 0.000 0.000 57.212 74.099 74.190 72.227 80.036 71.711 74.225 75.748 72.510 72.240 71.958 71.659 71.342 68.900 23.650 0.000 0.000 0.000 0.000 0.000 0.000 0.000 0.000 0.000 0.000 6.235 0.000 0.000 7.174 0.000 7.134 18.909 6.746 1.720 6.607 10.493 3.381 0.000 0.000 0.000 9.608
0.000 29.451 35.492 51.532 62.555 110.559 104.568 106.585 112.616 108.615 109.615 34.609 34.595 33.573 33.544 32.509 27.463 37.426 39.404 40.389 38.378 40.370 40.365 41.362 34.361 0.000 0.000 0.000 0.000 38.362 23.363 0.000 0.000 48.704 70.507 74.452 73.451 80.608 80.330 72.771 73.328 74.032 72.785 72.527 72.251 72.954 47.750 0.000 0.000 0.000 0.000 0.000 0.000 0.000 0.000 0.000 18.576 7.565 0.000 1.237 0.964 1.351 1.175 3.668 16.360 13.050 7.846 8.754 6.673 4.609 0.517 0.000 0.000 0.000 13.574
0.000 30.622 47.636 55.649 61.647 32.603 31.603 30.620 27.647 28.664 28.670 34.665 34.649 50.620 50.585 26.547 0.000 24.411 37.396 39.383 37.372 39.364 39.359 40.357 36.356 0.000 0.000 0.000 36.352 21.357 0.000 0.000 50.033 58.895 75.753 74.660 73.851 80.864 72.436 74.971 77.518 73.306 73.071 72.833 71.565 59.158 17.954 0.000 0.000 0.000 0.000 0.000 4.853 0.000 0.000 0.000 3.587 15.555 18.486 4.418 0.000 0.314 2.211 16.911 15.589 1.196 9.834 10.777 9.723 2.670 0.000 0.000 0.000 5.506 13.531
