results1/res_4e8f-0235.wd
ncols         241
nrows         181
xllcorner     12693529.787448
yllcorner     3542525.717860
cellsize      155.156523
NODATA_value  -9999.000000
[rows 99 to 131 of 181, columns 73 to 145 of 241]
60.097 60.073 60.047 59.021 58.993 63.965 66.936 63.909 59.888 59.879 53.880 9.886 0.000 0.000 0.000 0.000 0.000 15.062 73.029 97.984 95.976 95.132 101.798 101.728 94.824 95.519 95.365 95.254 96.147 96.045 94.953 98.876 57.821 0.000 0.000 0.000 0.000 0.000 0.000 35.370 61.294 73.191 41.061 22.858 52.763 55.677 53.580 57.458 54.278 52.032 21.726 46.489 50.361 65.275 71.213 74.166 72.132 67.108 60.093 55.086 50.084 28.082 0.000 0.000 0.000 0.000 22.424 40.424 52.424 76.424 77.424 77.424 77.424
60.148 60.125 59.100 57.074 61.045 66.015 66.981 66.943 60.915 57.899 62.893 62.892 23.893 0.000 17.692 47.640 24.528 4.328 61.233 101.112 96.361 96.376 101.858 94.137 95.924 95.576 95.487 95.373 95.264 95.159 97.066 95.990 31.941 0.000 0.000 0.000 0.000 0.000 3.681 39.552 45.456 56.368 5.299 0.000 47.881 55.821 54.728 58.604 58.432 29.232 0.000 41.392 55.334 60.271 81.219 82.180 82.150 83.128 84.114 82.105 63.102 1.104 1.113 2.117 0.000 0.000 0.000 39.424 52.424 76.424 77.424 77.424 77.424
60.200 59.179 59.155 62.129 65.099 66.067 41.030 4.967 33.930 69.910 42.901 16.896 8.895 0.000 28.745 78.700 75.614 67.499 86.379 97.530 94.517 101.941 95.419 96.223 95.789 95.722 95.603 95.491 95.376 96.261 94.160 82.078 29.011 1.971 0.000 0.000 0.000 3.912 42.809 49.704 47.609 48.526 21.467 0.000 54.060 71.997 64.910 59.797 34.614 0.000 1.353 24.353 14.314 54.254 79.214 83.184 81.159 81.141 81.128 83.120 56.116 50.118 50.119 56.119 0.000 0.000 0.000 16.424 51.424 76.424 77.424 77.424 77.424
59.255 58.236 63.213 66.186 66.156 66.126 31.103 0.000 0.919 12.909 3.905 0.000 0.000 0.000 21.842 84.802 90.731 98.644 98.603 95.728 102.279 102.071 95.386 96.095 95.944 95.834 95.723 95.609 95.487 101.351 51.237 19.150 3.055 0.594 7.623 10.531 0.000 34.015 51.939 47.844 47.750 46.660 52.576 18.488 47.302 73.196 72.117 70.059 0.000 0.000 44.353 0.353 0.000 52.217 81.200 85.181 82.163 81.149 79.138 68.130 49.126 45.124 46.123 30.121 0.000 0.000 0.000 0.000 47.424 76.424 77.424 77.424 73.424
58.313 64.297 66.274 66.247 64.214 70.176 40.154 0.000 0.000 0.000 0.000 0.000 0.000 0.000 32.979 90.932 93.871 97.748 96.984 96.997 102.466 94.773 96.477 96.151 96.063 95.953 95.845 99.736 105.613 60.417 29.287 4.229 0.000 0.000 0.000 7.440 35.349 58.195 52.087 44.986 49.886 53.787 50.689 48.586 62.464 66.369 56.302 64.264 0.000 0.000 12.353 0.000 0.000 58.197 82.188 87.177 86.164 82.153 77.144 46.137 44.133 45.130 52.128 0.000 0.000 0.000 0.000 41.424 45.424 74.424 77.424 77.424 71.424
65.377 66.363 66.341 65.313 43.276 9.212 28.183 30.183 0.000 0.000 0.000 0.000 0.000 24.282 77.163 91.086 93.990 96.148 97.157 102.795 102.638 95.747 96.448 96.286 96.179 96.071 99.969 61.878 21.810 0.000 39.266 25.250 0.000 0.000 0.000 0.000 43.411 77.328 68.229 63.126 58.020 58.914 56.808 57.702 70.599 64.515 48.458 50.430 0.000 0.000 0.000 0.000 0.000 58.185 86.180 51.173 49.164 81.154 84.147 54.142 45.138 50.134 20.131 0.000 0.000 0.000 0.000 14.424 41.424 59.424 75.424 78.424 71.424
66.446 66.436 62.416 66.387 48.364 0.000 19.183 49.183 0.000 0.000 0.000 0.000 14.496 76.400 90.307 96.228 96.199 96.340 103.078 102.941 95.076 96.850 96.499 96.408 96.293 96.183 100.081 71.997 3.940 0.000 9.261 12.255 0.000 0.000 0.000 0.000 30.556 62.478 67.376 77.268 73.156 61.042 63.927 72.815 67.714 55.634 47.584 48.570 22.615 23.627 0.000 0.000 0.000 56.177 90.175 4.172 0.000 30.153 77.150 67.146 48.142 27.138 0.000 0.000 0.000 0.000 0.000 0.000 14.424 38.424 64.424 74.424 67.423
64.523 61.519 60.498 76.456 55.430 0.000 18.183 46.183 0.000 0.000 0.000 8.664 72.592 85.515 95.444 98.324 97.568 95.598 103.205 94.385 96.159 92.717 94.644 96.520 96.404 97.288 91.175 81.088 29.014 0.000 0.000 0.000 0.000 0.000 0.000 17.957 52.780 57.650 57.530 59.413 68.293 71.170 74.042 67.916 54.807 48.725 47.673 46.649 50.650 35.638 0.000 0.000 0.000 45.172 82.170 48.167 37.161 29.156 72.152 78.149 58.147 0.000 0.000 9.153 0.000 0.000 0.000 0.000 0.000 33.423 57.423 62.423 49.423
58.610 67.619 63.602 4.509 5.470 0.000 9.183 9.183 0.000 0.000 0.000 9.736 88.691 90.634 98.544 97.710 96.731 103.431 103.323 96.344 96.031 95.872 95.753 94.635 95.515 97.389 54.243 5.165 0.000 0.000 0.000 0.000 0.000 21.489 38.356 53.133 63.956 60.812 59.683 56.559 57.435 60.303 72.157 73.002 64.873 53.787 46.733 46.705 48.695 0.000 0.000 0.000 0.000 30.169 72.167 50.165 46.161 46.157 78.153 81.152 64.151 27.152 17.152 60.153 0.000 0.000 0.000 0.000 0.000 36.423 60.423 55.423 41.423
59.705 69.747 56.781 0.000 0.000 0.000 6.183 18.183 2.183 0.000 0.979 75.853 85.807 97.750 97.745 96.887 103.623 103.530 95.656 97.430 97.082 96.988 96.869 96.751 98.631 48.510 0.000 0.000 0.000 0.000 0.000 10.947 36.825 53.621 66.447 62.265 61.101 60.958 60.829 61.707 59.585 58.449 32.280 51.060 75.898 57.816 45.768 48.742 46.732 34.739 0.000 0.000 0.000 31.167 64.165 42.164 0.000 0.000 34.154 71.153 60.152 69.153 76.153 35.153 0.000 0.000 0.000 0.000 0.000 11.423 51.423 49.423 42.423
57.798 61.883 60.993 37.158 0.000 0.000 0.000 4.183 7.183 0.000 29.072 88.992 95.933 97.855 98.015 96.138 103.708 95.943 97.725 97.290 97.221 97.101 97.985 98.868 60.749 0.000 0.000 0.000 0.000 0.000 13.226 56.069 66.907 62.723 61.546 61.377 61.224 61.089 60.968 60.857 60.748 69.628 8.454 0.000 43.842 52.811 44.782 53.763 53.752 35.745 0.000 0.000 0.000 0.000 48.162 85.162 53.160 0.000 27.154 72.154 66.153 57.153 57.153 0.000 0.000 0.000 0.000 0.000 0.000 0.000 30.423 41.423 42.423
69.871 7.993 64.151 62.322 51.522 10.643 0.846 0.000 0.000 20.245 79.176 93.111 99.053 98.038 97.192 103.855 103.785 96.892 97.590 97.439 97.328 98.218 100.102 60.985 0.000 0.000 0.000 0.000 11.717 42.598 53.383 65.196 62.010 61.818 58.638 58.474 58.331 59.206 61.098 61.003 63.922 40.863 0.000 0.000 23.818 48.803 47.787 65.774 61.767 0.000 0.000 0.000 0.000 0.000 32.160 77.160 89.159 46.157 72.156 86.155 78.154 54.154 47.154 19.154 0.000 0.000 0.000 0.000 0.000 0.000 36.423 42.423 46.423
51.912 5.068 66.297 56.457 63.602 55.739 16.974 4.231 13.322 80.314 89.274 99.233 98.121 98.389 96.417 103.914 96.180 97.973 97.633 97.550 98.442 99.340 53.221 0.000 0.000 0.000 0.000 3.970 54.837 65.692 63.514 62.323 64.117 63.903 69.712 74.550 69.418 62.308 56.213 60.135 66.074 24.038 0.000 0.000 19.807 51.797 52.788 74.780 62.776 0.000 0.000 0.000 0.000 0.000 20.159 72.159 81.158 86.157 82.156 82.155 86.155 70.154 49.154 50.154 19.154 12.154 0.000 0.000 0.000 38.423 43.423 41.423 46.423
0.000 0.000 34.514 85.606 48.690 0.000 0.000 18.399 78.420 83.414 97.392 98.302 98.582 96.513 103.998 96.437 98.246 97.823 97.766 98.655 95.550 50.480 0.000 0.000 0.000 0.000 10.238 57.103 64.967 62.821 62.656 66.466 41.233 19.964 22.757 39.595 65.485 67.393 68.314 60.249 61.202 22.177 0.000 0.000 0.000 32.791 50.787 57.783 56.781 5.781 0.000 0.000 0.000 0.000 20.158 63.158 76.158 81.157 82.156 83.156 79.155 75.155 60.155 48.154 52.154 58.154 0.000 0.000 0.000 4.423 41.423 42.423 44.423
0.000 0.000 11.638 86.763 73.861 0.000 0.000 25.544 86.546 94.538 98.490 99.686 99.724 104.313 104.121 97.387 98.103 97.964 97.867 92.764 82.622 33.551 0.000 0.000 9.613 45.530 54.373 66.238 63.107 62.971 66.821 44.653 2.468 0.000 0.000 25.590 63.533 60.464 64.399 70.346 70.308 48.291 0.000 0.000 0.000 14.788 52.786 46.784 53.782 4.782 0.000 0.000 0.000 0.000 25.158 50.158 67.157 81.157 76.156 69.156 71.155 32.155 57.155 66.154 59.154 55.154 0.000 0.000 0.000 0.000 1.423 36.423 41.423
0.000 0.000 0.000 14.947 64.130 3.544 13.686 79.688 91.684 98.671 98.691 98.870 104.660 104.491 96.673 98.472 98.139 98.068 90.980 56.912 0.000 0.000 0.000 17.777 63.696 57.604 65.487 63.368 63.251 64.133 42.007 2.838 0.000 0.000 0.000 24.641 66.593 60.532 60.474 62.426 66.395 68.387 20.417 0.000 0.000 0.000 33.785 52.784 27.783 0.000 0.000 0.000 0.000 0.000 18.157 46.157 57.157 64.157 56.156 53.156 18.156 0.000 6.155 50.154 54.154 63.154 0.000 0.000 0.000 0.000 0.000 30.423 41.423
0.000 0.000 0.000 0.000 1.525 13.767 82.827 87.838 98.837 98.774 100.062 100.137 104.819 96.970 98.751 98.320 98.261 88.160 77.073 40.993 0.000 0.000 0.000 57.857 79.791 64.703 56.602 64.498 62.396 65.304 35.234 0.000 0.000 0.000 20.833 55.741 62.666 61.597 61.537 58.490 54.459 56.445 18.447 0.000 0.000 0.000 14.784 59.784 7.784 0.000 0.000 0.000 0.000 0.000 18.157 48.157 47.157 46.157 44.157 50.156 0.000 0.000 0.000 25.154 48.154 66.154 10.154 0.000 0.000 0.000 0.000 1.423 34.423
0.000 0.000 0.000 0.000 0.000 86.017 85.016 99.008 98.968 100.176 100.252 105.111 104.969 97.923 99.609 97.454 83.339 72.246 46.160 0.000 0.000 0.000 52.118 70.002 69.909 76.816 64.720 54.624 60.532 70.451 73.393 36.391 0.000 0.000 19.924 67.825 61.732 61.654 60.588 56.538 50.504 51.486 17.480 0.000 0.000 0.000 0.000 32.784 40.784 0.000 0.000 0.000 0.000 0.000 26.157 50.157 44.157 45.157 45.157 47.156 30.156 0.000 0.000 0.000 35.154 56.154 34.154 8.154 0.000 0.000 0.000 0.000 29.423
0.000 0.000 0.000 0.000 25.394 86.269 98.214 99.179 100.193 102.384 105.376 105.246 97.229 98.994 95.647 84.548 73.404 45.325 0.000 0.000 0.000 54.345 75.234 61.126 53.026 66.931 78.837 66.746 69.659 70.576 57.494 63.390 42.149 4.632 28.115 59.902 55.783 62.697 57.625 49.570 48.535 52.515 14.507 0.000 0.000 0.000 0.000 19.784 59.784 4.784 0.000 0.000 0.000 0.000 0.000 32.157 47.157 45.157 45.157 45.157 53.156 0.000 0.000 0.000 0.000 37.154 48.154 54.154 0.000 0.000 0.000 0.000 0.000
0.000 0.000 0.000 0.000 68.519 94.451 100.398 99.306 99.578 97.661 105.501 97.510 99.276 93.845 82.778 57.659 0.000 0.000 0.000 0.000 54.568 75.456 62.346 51.240 51.140 53.044 63.953 78.865 69.780 54.699 62.617 64.526 38.426 0.000 25.001 84.887 71.800 60.726 54.644 50.581 47.550 48.533 42.526 6.530 0.000 0.000 0.000 0.000 38.784 10.784 0.000 0.000 0.000 0.000 0.000 12.157 49.157 45.157 45.157 45.157 47.156 31.156 0.000 0.000 0.000 18.154 45.154 48.154 0.000 0.000 0.000 0.000 0.000
0.000 0.000 0.000 71.835 68.710 74.627 89.539 100.715 97.780 105.735 105.621 98.442 94.130 82.983 61.878 0.000 0.000 36.164 0.000 6.798 79.680 62.566 51.455 52.349 51.249 54.154 68.064 76.979 77.899 61.823 57.748 68.672 42.601 0.000 0.000 15.845 28.803 10.765 0.000 20.561 51.550 58.540 59.535 45.534 0.000 0.000 0.000 0.000 0.000 0.000 0.000 0.000 0.000 0.000 0.000 13.157 49.157 48.157 51.157 46.156 43.156 52.156 0.000 0.000 0.000 25.154 59.154 64.154 0.000 0.000 0.000 0.000 0.000
0.000 0.000 11.064 72.960 69.860 70.779 80.756 96.922 105.953 105.845 97.721 94.487 82.158 56.083 0.000 0.000 53.212 52.164 34.069 17.916 67.789 51.671 52.559 51.453 52.352 67.258 73.170 37.089 28.014 79.946 65.881 43.812 4.707 0.000 0.000 0.000 0.000 0.000 0.000 17.553 69.548 63.542 60.539 56.538 11.539 0.000 0.000 0.000 0.000 0.000 0.000 0.000 0.000 0.000 0.000 37.157 46.157 21.157 0.000 21.156 46.156 50.156 0.000 0.000 0.000 27.154 63.154 32.154 0.000 0.000 0.000 0.000 0.000
0.000 86.258 74.168 71.079 69.000 69.878 71.122 75.188 106.057 96.962 92.724 82.314 56.271 0.000 0.000 0.000 57.259 55.213 75.126 59.008 51.888 52.770 51.658 54.551 74.450 71.356 52.270 48.192 53.123 81.065 78.018 41.988 0.000 0.000 0.000 0.000 0.000 0.000 0.000 17.549 76.546 76.543 71.541 62.540 7.540 0.000 0.000 0.000 0.000 0.000 0.000 0.000 0.000 0.000 10.157 49.157 51.157 0.156 0.000 6.156 49.156 50.156 0.000 0.000 0.000 0.000 34.154 0.000 0.000 0.000 0.000 0.000 0.000
2.419 84.348 98.271 90.196 75.098 76.256 68.304 106.253 106.157 75.845 80.522 56.420 0.000 0.000 0.000 0.000 59.353 72.302 70.214 52.102 51.984 51.865 62.751 74.642 63.540 52.447 52.362 52.286 53.222 62.172 80.139 76.134 37.188 0.000 0.000 0.000 0.000 0.000 0.000 0.000 62.544 64.543 76.541 77.541 33.540 0.000 0.000 0.000 0.000 0.000 0.000 0.000 0.000 0.000 41.157 51.157 28.157 0.000 0.000 10.156 50.156 48.156 0.000 0.000 0.000 0.000 0.000 0.000 0.000 0.000 0.000 0.000 0.000
20.491 97.441 100.376 100.307 95.281 85.437 106.441 106.347 68.012 62.782 0.000 0.420 0.000 0.000 0.000 0.000 70.498 75.428 51.325 53.205 53.080 64.956 73.837 55.726 52.623 52.528 52.443 52.369 52.308 52.261 61.230 81.223 74.242 48.272 39.285 43.288 12.289 0.000 0.000 0.000 1.543 42.542 82.541 82.541 43.541 0.000 0.000 0.000 0.000 0.000 0.000 0.000 0.000 0.000 30.157 29.157 0.000 0.000 0.000 0.000 30.156 57.156 0.000 0.000 0.000 0.000 0.000 0.000 0.000 0.000 0.000 0.000 0.000
90.613 100.549 100.491 100.378 104.623 95.682 106.532 68.126 70.809 65.475 0.000 0.000 0.000 0.000 0.000 63.866 75.713 52.586 53.452 53.312 61.174 74.041 51.917 52.802 52.697 52.600 52.514 52.440 52.379 52.332 52.300 56.284 57.283 52.290 53.294 60.291 42.290 0.000 0.000 0.000 0.000 0.000 37.541 73.541 36.541 0.000 0.000 0.000 0.000 0.000 0.000 0.000 0.000 0.000 0.000 0.000 0.000 0.000 0.000 0.000 0.000 9.156 0.000 0.000 0.000 0.000 0.000 0.000 0.000 0.000 0.000 0.000 0.000
96.720 96.661 100.575 101.739 98.787 106.707 106.620 72.807 57.270 2.382 5.381 2.381 0.000 0.000 0.000 81.018 57.904 53.752 53.585 55.419 76.262 56.118 52.988 52.870 52.761 52.661 52.573 52.498 52.437 52.389 52.354 51.330 50.317 53.312 35.310 0.000 0.000 0.000 0.000 0.000 0.000 0.000 0.000 66.541 54.541 21.541 0.000 0.000 0.000 0.000 0.000 0.000 0.000 0.000 0.000 0.000 0.000 0.000 0.000 0.000 0.000 0.000 0.000 0.000 0.000 0.000 0.000 0.000 0.000 0.000 0.000 0.000 0.000
75.834 75.770 79.750 75.908 106.878 106.793 84.302 65.525 56.477 0.000 0.381 2.381 0.000 0.000 0.000 56.284 52.132 51.932 50.718 63.516 56.338 50.182 51.047 50.927 50.816 50.711 51.619 52.542 52.481 52.433 51.396 49.366 51.343 51.330 48.325 38.327 41.328 43.328 42.328 44.328 15.328 0.000 0.000 4.541 63.541 35.541 0.000 0.000 0.000 0.000 0.000 0.000 0.000 0.000 0.000 0.000 0.000 0.000 0.000 0.000 0.000 0.000 0.000 0.000 0.000 0.000 0.000 0.000 0.000 0.000 0.000 0.000 0.000
90.950 112.839 78.087 108.147 106.960 66.841 57.443 0.000 71.916 30.273 0.000 0.000 0.000 0.000 100.078 78.703 49.407 57.127 67.840 66.588 62.390 60.225 60.091 59.976 58.865 52.750 48.648 52.571 52.512 52.466 51.430 51.396 55.360 55.340 56.331 66.329 66.328 62.328 55.328 54.328 33.328 0.000 0.000 0.000 22.541 28.541 0.000 0.000 0.000 0.000 0.000 0.000 0.000 0.000 0.000 0.000 0.000 0.000 0.000 0.000 0.000 0.000 0.000 0.000 0.000 0.000 0.000 0.000 0.000 0.000 0.000 0.000 0.000
139.030 117.628 115.675 107.113 107.039 94.927 0.000 38.975 66.975 140.632 116.090 2.370 47.630 37.041 98.453 58.045 55.664 127.330 117.926 113.607 113.411 112.235 111.118 110.019 108.919 79.774 46.654 52.581 52.529 52.491 52.460 44.428 0.000 0.000 0.000 0.000 0.000 0.000 19.328 71.328 50.328 21.328 0.000 0.000 0.000 0.000 0.000 0.000 0.000 0.000 0.000 0.000 0.000 0.000 0.000 0.000 0.000 0.000 0.000 0.000 0.000 0.000 0.000 0.000 0.000 0.000 0.000 0.000 0.000 0.000 0.000 0.000 0.000
97.199 116.787 107.252 107.184 91.444 0.000 0.000 0.000 10.378 62.191 49.930 0.000 28.835 0.000 57.646 54.359 63.875 119.603 0.000 5.504 0.000 56.186 65.127 126.064 39.017 0.000 56.611 52.569 52.534 53.508 35.492 0.000 0.000 0.000 0.000 0.000 0.000 0.000 0.000 24.328 71.328 27.328 0.000 0.000 0.000 0.000 0.000 0.000 0.000 0.000 0.000 0.000 0.000 0.000 0.000 0.000 0.000 0.000 0.000 0.000 0.000 0.000 0.000 0.000 0.000 0.000 0.000 0.000 0.000 0.000 0.000 0.000 0.000
117.955 116.010 107.315 115.934 117.782 38.070 0.000 17.968 44.968 54.825 31.510 8.775 50.040 95.615 94.127 86.870 0.000 38.603 0.000 17.401 39.299 67.196 112.138 75.095 40.067 0.000 0.000 58.550 52.531 53.516 34.507 0.000 0.000 0.000 0.000 0.000 0.000 0.000 0.000 0.000 18.328 57.328 22.328 0.000 0.000 0.000 0.000 0.000 0.000 0.000 0.000 0.000 0.000 0.000 0.000 0.000 0.000 0.000 0.000 0.000 0.000 0.000 0.000 0.000 0.000 0.000 0.000 0.000 0.000 0.000 0.000 0.000 0.000
116.089 107.431 107.375 96.440 39.205 0.000 0.000 0.000 6.701 33.629 0.000 0.000 42.936 86.678 140.377 76.123 0.000 0.000 0.000 0.000 0.000 81.160 116.136 46.111 43.089 0.000 0.000 0.000 57.522 51.517 49.514 47.515 35.515 0.000 0.000 0.000 0.000 0.000 0.000 0.000 13.328 71.328 29.328 0.000 0.000 0.000 0.000 0.000 0.000 0.000 0.000 0.000 0.000 0.000 0.000 0.000 0.000 0.000 0.000 0.000 0.000 0.000 0.000 0.000 0.000 0.000 0.000 0.000 0.000 0.000 0.000 0.000 0.000
