results1/res_4e8f-0239.wd
ncols         241
nrows         181
xllcorner     12693529.787448
yllcorner     3542525.717860
cellsize      155.156523
NODATA_value  -9999.000000
[rows 66 to 98 of 181, columns 73 to 145 of 241]
71.971 35.957 0.000 61.121 78.097 77.064 77.035 0.000 48.426 48.410 61.423 57.433 56.413 56.366 55.297 131.197 119.023 0.000 0.000 0.000 51.734 46.670 51.574 54.510 54.457 56.407 57.359 62.300 63.247 64.202 55.171 0.000 0.000 52.467 102.467 84.381 88.248 88.339 86.392 94.310 86.804 87.284 88.023 86.797 86.575 87.371 57.217 0.000 0.000 0.000 0.000 0.000 0.000 0.000 43.832 41.808 41.767 41.711 41.644 41.574 45.500 58.421 55.343 40.266 51.192 60.118 39.045 41.972 47.900 52.828 48.757 42.688 40.620
56.974 62.942 0.776 49.351 73.307 72.275 66.277 19.363 0.000 0.000 54.503 67.583 56.583 55.551 56.507 37.464 0.000 0.000 0.000 0.000 0.000 0.000 62.505 60.478 58.444 41.401 44.352 51.296 52.255 57.223 48.197 0.000 0.000 0.000 62.710 80.619 87.557 87.650 94.736 94.530 86.875 87.564 87.276 87.066 86.856 81.668 39.536 0.000 3.723 36.723 0.000 0.000 0.000 49.915 44.879 41.843 41.799 41.746 41.684 41.617 41.545 41.471 48.396 62.321 63.247 46.174 40.101 41.029 41.958 45.888 44.818 40.750 40.682
58.989 57.921 62.791 60.597 74.503 67.453 68.436 65.449 0.000 0.000 0.000 69.812 64.784 59.748 61.714 8.690 0.000 0.000 0.000 0.000 0.000 0.000 61.463 57.453 48.440 0.000 0.000 49.275 61.255 60.239 0.000 0.000 8.418 65.298 57.044 60.866 67.944 83.005 94.927 86.612 88.168 87.732 87.544 87.327 85.114 67.911 46.723 52.723 50.723 31.723 0.000 0.000 0.000 7.952 58.924 40.887 41.842 45.789 53.729 43.664 41.594 40.522 44.449 59.375 66.302 58.229 44.157 39.086 41.016 40.947 40.878 40.810 39.743
59.036 56.960 60.859 71.742 65.656 58.598 77.562 66.549 18.566 0.000 12.217 62.069 77.993 72.944 72.911 75.892 0.000 0.000 0.000 0.000 7.415 7.420 59.432 50.430 53.424 0.000 0.000 0.000 97.250 124.238 39.221 0.000 64.538 59.433 59.271 59.177 55.260 95.279 95.108 87.657 91.263 88.010 87.802 87.588 79.363 32.137 0.000 54.723 32.723 0.000 0.000 0.000 47.060 46.016 44.979 40.939 44.893 56.839 61.780 59.715 52.646 42.575 51.502 59.428 38.355 44.283 57.212 54.142 50.073 58.005 38.937 40.870 38.802
57.098 63.026 72.943 64.856 56.781 56.719 69.667 77.619 73.583 76.508 78.366 73.253 68.176 70.125 59.092 58.076 0.000 0.000 0.000 8.408 64.410 63.413 51.415 53.411 54.401 58.380 57.366 0.000 8.258 2.242 1.191 10.943 70.762 63.628 58.465 59.555 57.600 95.435 57.271 64.862 79.459 87.280 88.067 85.861 44.612 0.000 0.000 0.000 0.000 0.000 0.000 48.129 42.103 42.073 42.038 42.998 52.950 61.896 60.835 60.770 56.701 52.629 62.555 45.482 40.408 41.336 41.265 51.196 64.129 51.062 38.996 39.930 45.862
63.168 74.102 64.031 56.959 57.892 57.831 59.769 43.676 69.639 67.576 59.485 56.400 55.334 71.287 73.257 60.243 0.000 0.000 0.000 64.406 60.406 57.405 50.404 54.399 54.388 54.373 54.353 13.321 16.282 17.252 19.204 87.077 83.944 72.812 71.766 60.763 95.711 95.579 59.323 65.972 60.749 67.553 86.326 61.177 0.000 0.000 0.000 0.000 0.000 0.000 0.000 48.156 42.151 42.133 42.103 43.063 52.014 61.958 60.896 59.829 56.758 61.684 55.609 39.534 41.460 41.388 41.317 51.249 59.183 38.119 41.056 43.991 62.922
74.244 64.184 57.121 58.057 57.996 58.943 39.903 0.000 26.723 54.671 57.599 57.528 57.472 55.433 79.407 63.395 0.000 0.000 0.000 41.403 58.401 52.399 53.396 54.391 54.382 54.369 54.352 65.328 5.296 9.279 26.290 79.219 89.117 11.004 92.926 83.117 95.827 57.892 71.536 68.181 58.052 54.857 51.509 36.343 0.000 0.000 43.731 0.000 0.000 0.000 0.000 44.186 42.214 42.205 42.177 42.137 43.086 49.027 56.962 56.891 56.817 60.741 38.663 41.586 41.511 40.438 46.367 63.300 46.236 40.175 43.117 24.057 24.974
64.326 57.270 58.211 58.151 58.094 61.042 16.997 14.961 7.858 52.785 57.714 59.640 57.595 56.564 74.544 70.535 0.000 0.000 0.000 0.000 49.396 52.395 54.392 54.387 54.380 54.370 56.357 42.343 0.000 0.000 76.457 79.392 90.302 96.173 90.276 88.314 95.927 78.939 81.642 66.485 59.390 52.317 0.000 0.000 0.000 0.000 41.731 0.000 0.000 0.000 0.000 0.267 45.314 42.297 42.265 42.220 42.166 42.103 42.033 48.958 56.879 44.798 41.717 41.637 41.559 44.485 57.414 57.347 39.286 41.229 44.181 11.146 0.000
57.412 58.358 58.301 58.244 58.187 58.133 62.081 63.029 62.962 58.898 58.830 38.724 55.703 56.683 72.670 71.666 0.000 0.000 0.000 0.000 48.393 54.391 54.389 54.385 54.380 54.373 42.365 0.000 0.000 4.822 81.689 87.594 90.494 90.440 89.519 96.061 88.418 91.136 85.825 70.767 60.707 59.703 59.837 0.000 0.000 0.000 38.731 45.731 38.731 0.000 0.000 0.000 60.432 41.404 42.364 42.314 42.254 43.186 42.110 42.028 41.943 41.856 41.769 41.685 40.604 46.528 61.456 38.390 41.329 41.275 43.230 18.199 0.000
58.501 58.448 58.392 58.336 58.278 58.221 58.165 58.112 58.062 58.017 61.983 0.000 48.810 57.797 73.787 68.793 4.840 0.000 0.000 0.000 53.390 56.389 56.387 56.384 54.381 57.378 0.000 0.000 0.000 73.956 79.884 90.799 90.681 90.789 88.839 96.265 89.550 94.194 90.085 91.020 78.971 66.951 55.971 50.971 52.971 0.000 0.000 44.731 39.730 45.725 46.709 44.671 50.578 60.524 42.473 43.417 52.351 59.276 41.192 42.102 42.008 41.913 41.820 40.730 45.645 64.566 58.493 47.427 40.367 41.313 43.265 58.222 76.176
58.593 58.540 58.485 58.428 58.369 58.307 58.247 61.193 59.157 58.125 62.101 0.000 48.930 57.907 74.887 66.879 6.886 0.000 0.000 0.000 26.389 36.388 35.386 35.384 56.382 41.380 0.000 0.000 0.000 76.160 86.094 91.006 90.965 90.069 96.884 96.591 90.612 91.455 90.314 90.258 91.204 82.161 47.125 0.000 0.000 0.000 0.000 42.733 42.734 39.734 41.733 42.725 41.685 48.641 62.589 45.528 43.457 53.374 41.281 42.179 42.074 41.968 41.866 41.770 49.680 62.598 49.524 61.458 39.398 40.344 45.295 66.249 78.200
58.687 58.634 58.580 58.523 58.462 61.392 63.323 35.255 56.248 59.224 61.196 21.170 52.072 57.016 68.975 66.950 7.941 0.000 0.000 0.000 0.000 0.000 2.385 2.384 37.383 0.000 0.000 0.000 24.597 74.431 91.325 91.208 91.325 89.411 97.150 89.193 94.900 90.597 90.552 90.485 90.427 80.362 41.244 0.000 0.000 0.000 0.000 0.000 45.740 46.746 33.763 41.809 42.799 42.764 46.714 62.651 45.575 42.484 42.378 42.260 42.139 42.021 39.908 45.803 64.707 45.622 44.547 58.482 42.423 40.371 47.323 73.277 78.231
58.783 58.730 58.677 58.623 60.563 36.476 38.400 0.000 18.357 54.327 58.288 62.242 58.174 61.109 66.046 71.005 9.986 0.000 0.000 0.000 0.000 3.385 55.385 62.385 0.000 0.000 0.000 7.880 83.763 85.644 91.539 91.496 90.615 97.629 97.398 90.251 90.968 90.841 90.772 90.710 89.656 69.617 0.000 0.000 0.000 0.000 0.000 0.000 0.000 37.746 0.000 48.952 45.936 41.902 41.852 43.787 60.707 49.608 41.487 42.345 42.203 41.067 45.942 47.826 46.723 43.636 41.562 41.498 41.443 42.394 55.349 77.306 78.265
58.879 58.826 58.776 58.729 63.691 1.676 0.000 24.586 16.497 50.439 59.388 57.335 59.272 71.201 43.096 37.037 2.011 0.000 0.000 0.000 0.000 53.385 59.385 61.385 0.000 0.000 0.000 70.998 75.930 89.842 91.726 91.858 89.953 97.843 89.745 91.424 91.119 91.061 90.988 90.924 82.870 59.833 0.000 0.000 0.000 0.000 0.000 0.000 0.000 0.000 0.000 53.111 48.091 42.055 40.004 42.939 42.858 58.754 51.616 42.431 43.259 41.104 47.965 47.838 44.724 38.636 41.565 41.507 43.456 57.412 76.371 78.334 81.301
59.971 57.919 57.870 57.828 60.795 30.780 27.755 59.675 64.604 58.545 56.491 63.436 73.380 76.328 0.256 0.000 0.000 0.000 0.000 0.000 0.000 21.385 28.385 30.385 0.000 0.000 0.000 73.183 81.120 91.032 92.024 91.063 98.236 98.045 90.774 91.480 91.344 91.268 91.196 91.130 73.067 55.012 0.000 0.000 0.000 0.000 0.000 0.000 0.000 0.000 0.000 51.289 49.264 49.223 46.171 39.108 41.032 41.935 57.790 57.506 54.297 51.126 43.976 42.837 39.698 40.617 41.558 45.508 65.464 77.425 77.390 78.359 77.332
74.060 73.007 71.959 69.917 66.880 67.849 67.811 64.756 65.699 67.645 67.593 73.540 75.482 33.405 0.000 0.000 0.000 0.000 0.000 0.000 0.000 0.000 0.000 0.000 0.000 11.691 19.612 74.433 91.326 92.235 92.185 91.413 98.414 90.245 91.922 91.612 91.549 91.469 91.398 89.331 71.258 42.135 0.000 0.000 0.000 0.000 0.000 0.000 0.000 0.000 0.000 41.492 45.452 48.402 49.347 48.290 45.228 41.163 35.104 0.000 0.000 0.000 0.000 0.000 43.613 41.579 44.540 65.502 78.467 77.435 78.406 81.380 77.359
70.143 72.091 71.043 73.000 74.961 73.923 72.884 70.838 68.791 68.744 69.697 65.649 65.604 0.000 0.000 0.000 0.000 0.000 0.000 0.000 0.000 0.000 0.000 0.000 0.000 60.770 83.713 82.611 91.517 92.406 92.533 90.636 98.580 92.337 91.944 91.822 91.739 91.663 91.596 87.539 67.499 0.000 0.000 0.000 0.000 0.000 0.000 0.000 0.000 0.000 48.883 43.736 40.651 42.585 47.528 49.475 49.427 50.386 41.358 0.000 0.000 0.000 0.000 0.000 44.562 42.545 58.521 79.494 77.467 77.441 77.417 78.397 77.380
58.221 58.170 59.123 66.079 75.039 81.001 68.962 62.922 57.882 55.842 54.802 60.756 39.680 0.000 0.000 0.000 0.000 0.000 0.000 0.000 0.000 0.000 0.000 0.000 0.000 66.905 82.859 90.783 92.696 92.664 91.793 98.874 98.733 94.353 92.160 92.001 91.925 91.849 91.783 86.730 61.699 0.000 0.000 0.000 0.000 0.000 0.000 0.000 0.000 49.154 44.031 43.917 43.830 42.760 39.703 44.656 48.618 49.594 46.586 0.000 0.000 0.000 0.000 47.518 41.527 45.520 73.505 77.486 77.465 77.445 77.426 77.410 77.397
57.295 57.244 61.198 66.155 68.116 71.078 61.042 57.007 57.973 57.941 59.913 37.892 0.000 0.000 0.000 0.000 0.000 0.000 0.000 0.000 0.000 0.000 0.000 0.000 0.000 53.086 82.034 91.964 92.862 92.991 91.101 99.004 91.897 93.573 92.254 92.190 92.103 92.026 91.957 82.901 55.867 0.000 0.000 0.000 0.000 0.000 0.000 0.000 48.389 44.276 44.169 44.072 43.990 43.923 43.869 40.826 39.797 42.786 49.806 49.894 0.000 0.000 0.000 41.508 42.509 60.503 77.493 76.478 76.463 77.447 77.433 77.420 77.409
57.363 57.315 59.270 60.229 58.190 57.154 58.121 57.090 57.062 57.037 62.018 7.006 0.000 0.000 0.000 0.000 0.000 0.000 0.000 0.000 0.000 0.000 0.000 0.000 4.455 61.320 90.230 93.146 93.116 92.246 99.240 99.126 94.894 92.596 92.451 92.363 92.276 92.194 93.117 73.049 61.002 0.000 0.000 47.990 0.000 47.761 49.717 49.634 44.502 44.394 44.297 44.211 44.137 44.074 44.023 43.984 42.958 39.948 48.956 49.982 42.982 0.000 0.000 49.498 41.497 49.492 55.483 58.473 62.461 68.449 74.438 76.428 76.419
58.428 58.382 58.339 58.299 58.262 57.228 57.198 57.170 57.146 56.128 64.115 15.109 0.000 0.000 0.000 0.000 0.000 0.000 0.000 0.000 0.000 0.000 0.000 0.000 45.590 81.507 92.421 93.311 93.451 91.543 99.343 92.343 94.018 92.703 92.629 92.534 92.445 92.356 93.269 65.177 43.090 0.000 0.000 43.990 0.000 42.804 44.757 44.683 44.590 44.500 44.416 44.339 44.271 44.213 44.165 44.128 42.103 44.090 50.090 47.096 0.000 0.000 0.000 48.490 47.488 46.483 45.477 44.469 43.459 47.450 58.441 54.433 56.427
56.489 56.445 56.404 56.366 56.331 56.299 56.271 57.246 59.226 61.212 36.205 3.206 0.000 0.000 0.000 0.000 0.000 0.000 0.000 3.826 12.818 0.000 0.000 15.949 56.808 87.701 93.598 93.587 92.614 99.522 99.437 95.332 93.039 92.890 92.797 92.704 92.611 92.519 88.424 35.301 0.000 0.000 0.000 43.990 49.971 44.895 44.824 44.750 44.675 44.600 44.527 44.458 44.396 44.341 44.296 44.261 41.236 50.221 50.216 46.217 0.000 0.000 0.000 47.484 46.481 47.477 47.472 47.465 47.458 47.451 46.444 46.437 45.432
57.546 57.505 60.466 64.430 67.397 71.367 73.340 76.318 75.300 67.289 5.288 16.304 40.357 8.381 0.000 0.000 0.000 0.000 0.000 43.835 70.810 10.770 0.000 50.091 82.991 92.882 93.782 93.712 92.935 99.596 91.767 93.454 93.137 93.063 92.965 92.871 92.777 93.683 80.609 0.000 0.000 0.000 0.000 24.009 44.028 44.979 46.895 46.820 44.760 44.697 44.633 44.571 44.512 44.461 44.417 41.383 46.358 49.342 50.336 41.338 0.000 0.000 0.000 31.480 52.476 52.473 49.468 46.462 46.457 47.451 48.445 48.440 47.436
59.600 58.561 65.525 74.491 75.460 74.431 73.406 72.384 69.367 63.357 38.355 55.364 73.386 42.405 26.425 2.433 0.000 0.000 14.907 53.868 67.816 6.730 25.567 67.332 92.183 95.066 93.906 94.118 92.094 99.658 93.751 93.465 93.318 93.226 93.133 93.040 92.941 94.829 38.719 0.000 0.000 0.000 0.000 0.000 40.153 46.100 26.956 26.874 43.846 44.797 44.738 44.679 44.623 44.573 43.530 41.495 50.470 50.454 47.449 41.461 47.510 0.000 0.000 0.000 63.471 78.469 71.465 67.460 63.455 59.451 62.446 62.442 45.439
59.652 59.616 62.582 65.550 64.520 62.492 60.467 58.446 56.428 56.416 65.410 67.411 64.419 61.428 65.436 13.441 0.000 0.000 54.946 84.914 35.856 31.768 65.640 89.485 94.351 94.206 94.324 92.278 99.741 92.153 93.868 93.555 93.484 93.391 93.302 93.213 96.118 52.973 0.000 0.000 0.000 0.000 0.000 0.000 42.332 47.309 0.000 0.000 40.955 44.906 44.844 44.783 44.727 44.677 41.634 49.599 50.572 49.554 40.545 44.547 44.559 0.000 0.000 0.000 31.469 61.467 79.462 78.458 78.454 78.450 78.447 72.444 62.441
59.701 59.669 59.637 58.606 58.578 59.551 59.526 59.504 57.484 58.468 63.457 66.451 62.450 57.451 60.452 15.453 0.000 0.000 47.018 56.985 34.927 67.845 82.740 91.619 94.501 94.432 93.529 100.108 99.879 93.142 93.871 93.728 93.641 93.553 93.469 93.394 96.343 0.000 0.000 11.707 20.707 0.000 0.000 43.629 46.534 45.497 52.515 1.423 41.112 45.028 44.950 44.882 44.824 42.774 44.731 50.695 50.666 42.645 43.631 44.623 44.621 0.000 0.000 0.000 0.000 0.000 61.459 77.455 77.453 77.450 77.447 78.445 78.443
59.750 59.720 59.691 59.661 59.634 59.607 59.582 58.558 57.537 61.517 65.500 65.487 60.479 56.474 61.470 14.466 0.000 0.000 43.123 12.082 59.021 82.945 88.853 94.758 94.606 94.815 92.803 100.313 92.559 94.270 93.958 93.888 93.797 93.711 93.628 100.551 84.518 0.000 7.707 57.707 43.707 0.000 0.000 38.724 46.678 45.628 45.574 51.468 49.284 48.145 45.044 44.972 44.914 41.864 49.820 50.784 46.753 41.729 44.709 44.693 46.680 50.691 0.000 0.000 0.000 0.000 0.000 74.452 77.451 77.449 77.448 78.446 76.445
59.801 59.772 59.744 59.715 59.688 59.662 58.636 57.611 59.587 63.562 66.538 62.518 57.504 56.495 59.487 41.474 28.444 29.382 25.269 26.198 66.132 87.059 92.980 94.868 95.006 92.995 100.673 100.501 93.562 94.275 94.129 94.040 93.951 93.867 98.781 41.664 56.660 26.696 57.706 65.708 0.000 0.000 0.000 37.865 46.825 45.765 45.686 55.573 66.412 40.223 50.111 46.048 42.995 44.947 50.904 49.866 40.834 43.807 44.785 44.760 31.714 32.703 0.000 0.000 0.000 0.000 0.000 55.451 76.450 77.449 77.447 81.446 77.446
59.852 59.824 59.796 59.768 59.742 59.715 57.690 57.664 61.637 68.607 69.571 65.544 60.526 58.516 58.510 60.500 60.476 69.434 10.371 44.311 82.249 89.182 95.109 95.073 94.204 100.980 100.831 93.915 94.695 94.357 94.284 94.188 94.102 94.023 101.965 0.000 39.760 41.723 31.713 33.711 0.000 0.000 0.318 41.046 46.992 45.920 51.834 67.725 44.568 0.000 31.128 44.113 42.072 50.026 50.981 46.942 43.909 44.882 44.862 46.849 0.000 0.000 0.000 0.000 0.000 0.000 47.450 28.450 67.449 77.448 77.447 82.447 77.446
59.903 59.875 59.848 59.821 59.794 58.769 57.743 59.718 66.692 43.658 19.596 18.559 15.539 45.531 62.539 57.538 60.528 41.506 3.470 49.424 87.371 93.317 95.204 95.445 93.467 101.118 94.247 95.023 94.591 94.531 94.426 94.332 94.243 95.161 93.090 15.035 14.897 0.000 0.000 0.000 0.000 0.000 40.423 48.276 46.177 45.090 65.003 68.924 0.000 0.000 1.241 40.204 46.155 51.103 51.053 41.011 44.977 44.951 44.933 47.924 0.000 0.000 0.000 0.000 0.000 0.000 26.450 0.000 55.448 77.448 77.447 83.447 77.446
59.954 59.927 59.900 59.873 58.847 57.821 59.796 62.773 70.753 29.737 0.000 0.000 0.000 0.000 44.576 59.584 60.592 46.593 48.577 74.545 91.504 95.427 95.599 93.618 101.359 101.244 95.224 94.918 94.768 94.664 94.566 94.471 94.378 97.286 82.199 11.117 0.000 0.000 0.000 0.000 0.000 1.779 40.575 47.458 46.352 44.258 72.165 33.045 0.000 0.000 46.419 51.323 51.243 51.175 49.119 44.073 45.038 45.012 44.996 46.990 0.062 51.083 3.083 0.000 0.000 0.000 0.000 0.000 48.447 77.447 77.447 77.447 77.446
60.004 59.978 59.951 59.925 58.898 57.873 61.848 65.826 69.809 27.800 0.000 0.000 0.000 0.000 24.604 67.632 62.662 68.698 81.701 90.678 94.637 95.643 94.791 101.564 101.465 94.558 95.332 94.988 94.904 94.799 94.701 94.607 98.511 61.408 33.304 0.000 0.000 0.000 0.000 0.000 3.057 42.934 47.764 46.627 48.515 45.423 69.355 0.000 0.000 41.740 48.567 64.427 53.319 50.237 46.173 44.124 44.088 45.063 45.049 45.049 50.074 46.083 37.083 0.000 0.000 0.000 44.447 46.447 45.447 77.447 77.447 77.447 77.446
60.054 60.029 60.003 59.976 57.949 59.923 65.897 66.874 64.858 51.853 12.870 0.000 0.000 0.000 0.000 20.679 16.725 56.835 87.849 91.828 95.767 95.935 94.057 101.654 93.867 95.645 95.209 95.143 97.029 95.928 94.833 94.743 100.653 23.531 0.000 0.000 0.000 0.000 0.000 24.286 63.180 63.061 50.920 47.772 58.659 53.565 54.478 15.390 3.213 39.913 44.682 55.498 51.370 55.280 49.213 52.164 51.127 48.102 45.088 44.084 44.089 50.092 0.000 0.000 0.000 0.000 41.447 41.447 51.447 77.447 77.447 77.446 77.446
