results1/res_4e8f-0096.wd
ncols         241
nrows         181
xllcorner     12693529.787448
yllcorner     3542525.717860
cellsize      155.156523
NODATA_value  -9999.000000
[rows 0 to 32 of 181, columns 146 to 218 of 241]
0.000 0.000 0.000 0.000 0.000 0.000 0.000 0.000 0.000 0.000 0.000 0.000 0.000 0.000 3.890 14.783 15.603 15.377 15.124 14.858 14.593 14.344 14.121 13.929 13.773 13.651 13.561 13.499 13.459 13.437 13.427 18.424 0.000 0.000 0.000 0.000 0.000 0.000 0.000 0.000 0.000 0.000 0.000 0.000 0.000 0.000 0.000 0.000 0.000 0.000 0.000 0.000 0.000 0.000 0.000 0.000 0.000 0.000 0.000 0.000 0.000 0.000 0.000 0.000 0.000 0.000 0.000 0.000 0.000 0.000 0.000 0.000 0.000
0.000 0.000 0.000 0.000 0.000 0.000 0.000 0.000 0.000 0.000 0.000 0.000 0.000 0.000 14.998 15.855 15.649 15.405 15.137 14.856 14.578 14.318 16.088 14.894 13.739 13.620 13.534 13.476 13.441 13.425 13.421 18.421 0.000 0.000 0.000 0.000 0.000 0.000 0.000 0.000 0.000 0.000 0.000 0.000 0.000 0.000 0.000 0.000 0.000 0.000 0.000 0.000 0.000 0.000 0.000 0.000 0.000 0.000 0.000 0.000 0.000 0.000 0.000 0.000 0.000 0.000 0.000 0.000 11.166 0.000 0.000 0.000 0.000
0.000 0.000 0.000 0.000 0.000 0.000 0.000 0.000 0.000 0.000 0.000 0.000 0.000 18.548 17.248 15.990 15.732 15.458 15.161 14.851 14.545 16.263 16.020 13.821 13.668 13.555 13.478 13.430 13.405 13.400 15.412 9.417 0.000 0.000 0.000 0.000 0.000 0.000 0.000 0.000 0.000 0.000 0.000 0.000 0.000 0.000 0.000 0.000 10.869 0.000 0.000 0.000 25.406 0.000 0.000 0.000 0.000 0.000 0.000 0.000 0.000 0.000 0.000 0.000 0.000 0.000 0.000 0.000 14.167 0.000 0.000 0.000 0.000
0.000 0.000 0.000 0.000 0.000 0.000 0.000 0.000 0.000 0.000 0.000 0.000 2.102 17.848 16.456 16.127 15.832 15.532 15.200 14.842 15.488 15.169 13.906 13.703 13.556 13.455 13.393 13.360 13.350 19.356 0.000 0.000 0.000 0.000 0.000 0.000 0.000 0.000 0.000 0.000 0.000 0.000 0.000 0.000 0.000 0.000 0.000 0.000 54.869 0.000 0.000 0.394 27.407 0.000 0.000 0.000 0.000 0.000 0.000 0.000 0.000 0.000 0.000 0.000 11.228 0.000 0.000 4.171 13.169 14.168 0.000 0.000 0.000
0.000 0.000 0.000 0.000 0.000 0.000 0.000 0.000 0.000 0.000 0.000 7.812 1.126 2.041 16.601 16.229 15.937 15.640 15.265 14.829 15.394 15.020 13.733 13.530 13.397 13.318 13.279 13.268 14.279 15.318 0.000 0.000 0.000 0.000 0.000 0.000 0.000 0.000 0.000 0.000 0.000 0.000 0.000 19.871 14.872 0.000 0.000 10.869 38.870 0.000 0.000 0.000 27.410 0.000 0.000 0.000 0.000 0.000 0.000 0.000 0.000 0.000 26.237 30.234 32.230 0.000 0.000 17.174 12.171 12.169 22.168 0.000 0.000
0.000 0.000 0.000 0.000 0.000 0.000 0.000 0.000 0.000 0.000 10.412 3.070 1.515 1.060 1.010 14.250 16.047 15.824 15.391 16.816 16.240 13.785 13.476 13.286 13.183 13.140 13.136 13.155 19.181 0.000 0.000 0.000 0.000 0.000 0.000 0.000 0.000 0.000 0.000 0.000 0.000 0.000 0.000 0.000 20.872 12.873 10.873 0.000 23.871 0.000 0.000 0.000 12.414 25.417 16.417 14.416 23.415 0.000 0.000 0.000 0.000 0.000 26.242 28.236 33.227 12.215 1.197 18.180 21.175 0.000 0.000 0.000 0.000
0.000 0.000 0.000 0.000 0.000 0.000 0.000 0.000 0.000 0.000 6.724 3.495 3.182 2.717 0.241 0.419 9.177 17.219 16.660 16.804 13.963 13.405 13.098 12.956 12.910 12.922 12.970 13.036 8.109 0.000 0.000 0.000 0.000 0.000 16.899 49.900 0.000 0.000 0.000 0.000 0.000 0.000 0.000 0.000 20.872 33.873 68.874 30.874 31.872 2.872 0.000 0.000 9.416 28.420 13.420 9.417 26.414 0.000 0.000 0.000 0.000 0.000 13.253 19.243 15.229 15.214 19.197 22.183 30.175 0.000 0.000 0.000 8.984
0.000 0.000 0.000 0.000 0.000 0.000 0.000 0.000 0.000 29.704 30.266 6.939 2.601 2.898 2.640 0.592 0.265 4.553 17.227 14.775 13.404 12.772 12.557 12.528 12.579 12.670 13.785 10.911 0.000 0.000 0.000 0.000 0.000 0.000 0.000 37.900 44.901 26.901 18.901 0.000 0.000 0.000 0.000 0.000 0.000 0.000 61.876 40.876 0.000 0.000 0.000 0.000 0.000 21.428 36.425 34.420 36.412 28.399 20.381 23.361 22.337 31.309 35.275 32.253 33.234 33.215 28.196 23.180 20.168 0.000 0.000 0.000 0.000
0.000 0.000 0.000 0.000 0.000 0.000 0.000 0.000 23.599 41.142 42.696 32.299 8.980 1.448 2.616 0.612 2.116 6.514 5.254 14.664 12.108 11.722 11.830 12.022 12.206 13.395 13.590 0.000 0.000 0.000 0.000 0.000 0.000 0.000 0.000 0.000 35.902 45.902 50.902 0.000 0.000 0.000 0.000 0.000 0.000 0.000 33.879 25.878 30.879 0.000 0.000 0.000 5.448 33.440 18.434 12.427 19.417 31.403 19.386 18.365 27.342 36.315 23.287 19.262 22.239 28.217 34.195 36.173 34.150 20.120 11.100 0.000 3.001
0.000 0.000 0.000 0.000 0.000 0.000 0.000 19.534 29.056 44.570 42.076 42.580 35.080 11.582 0.721 4.128 13.471 5.996 1.920 2.621 5.641 10.176 11.021 11.522 11.830 17.112 0.000 0.000 0.000 0.000 0.000 0.000 0.000 0.000 0.000 0.000 2.903 48.903 1.902 0.000 0.000 0.000 0.000 0.000 0.000 29.885 39.882 15.880 31.880 51.879 0.000 0.000 11.456 35.452 14.446 8.437 11.426 24.412 13.395 13.374 15.350 17.324 14.297 15.271 9.245 13.219 19.194 20.168 18.141 27.111 29.082 32.044 40.011
0.000 0.000 0.000 0.000 0.000 0.000 24.489 23.012 46.520 43.005 42.459 41.865 42.178 37.276 19.768 11.566 7.167 0.000 0.000 3.981 2.161 2.867 10.557 11.215 16.478 0.000 0.000 0.000 0.000 0.000 0.000 0.000 26.909 0.000 0.000 0.000 9.905 49.905 0.000 0.000 0.000 0.000 0.000 0.000 24.893 68.889 1.884 4.881 26.880 53.879 0.000 0.000 8.469 33.466 13.460 6.452 9.440 11.426 7.407 6.386 13.362 29.336 12.308 8.280 22.252 18.223 15.195 22.165 22.135 25.104 34.072 38.039 25.009
0.000 0.000 0.000 0.000 0.000 28.390 16.966 45.505 44.008 43.472 42.890 42.243 41.492 41.576 38.422 24.206 3.672 0.000 0.000 44.962 4.066 0.000 0.000 13.303 9.390 0.000 0.000 0.000 0.000 0.000 0.000 0.000 22.909 17.909 26.909 38.908 42.907 32.906 0.000 0.000 0.000 23.903 38.902 43.900 67.896 23.894 0.000 0.000 28.880 16.879 0.000 0.000 11.487 38.484 25.479 9.470 57.458 85.443 34.424 10.402 26.377 73.350 25.320 2.290 67.259 40.228 15.197 22.165 24.132 14.098 23.065 36.032 19.000
0.000 0.000 0.000 0.000 0.000 17.814 39.480 46.035 44.534 43.986 43.386 42.723 41.973 41.112 41.147 40.125 29.392 4.249 49.592 46.733 0.007 0.000 0.000 0.000 0.000 0.000 0.000 0.000 0.000 0.000 0.000 21.910 17.910 22.910 36.910 46.909 30.908 17.908 0.000 0.000 0.000 32.905 31.903 27.901 66.899 26.897 0.000 0.000 7.880 0.000 0.000 4.514 32.509 34.506 28.501 16.493 15.481 48.466 89.446 27.423 20.396 77.367 28.335 2.302 74.268 44.234 7.201 9.166 15.130 6.094 20.059 19.024 6.990
0.000 0.000 0.000 0.000 22.148 32.573 48.104 45.622 45.106 44.550 43.947 43.289 42.562 41.768 40.849 40.133 39.005 51.347 51.012 0.287 0.011 0.165 0.000 0.000 0.000 0.000 0.000 0.000 0.000 37.909 40.909 22.910 21.910 36.911 46.911 32.911 15.910 17.909 17.910 15.912 13.911 25.908 28.906 38.904 78.902 12.899 0.000 0.000 44.880 0.000 0.000 1.522 31.530 31.530 18.527 10.520 6.509 16.493 13.472 53.447 84.418 101.387 82.352 71.315 97.278 91.242 82.206 28.169 8.129 25.090 20.053 9.017 3.981
0.000 0.000 0.000 23.196 32.722 50.226 46.740 46.242 45.718 45.161 44.565 43.921 43.237 42.439 41.926 39.606 51.361 51.364 35.488 17.890 5.074 0.000 0.000 0.000 0.000 0.000 0.000 0.000 0.000 0.000 0.000 1.910 39.911 43.912 35.914 20.915 0.000 0.000 0.000 19.915 15.913 25.911 24.908 47.906 44.904 0.000 0.000 0.000 47.881 0.000 0.000 0.000 29.560 41.559 20.558 26.553 49.542 26.526 8.504 32.476 55.445 89.411 55.372 35.329 83.288 73.251 48.214 17.177 3.130 74.084 42.047 14.010 3.974
0.000 0.000 0.000 28.670 48.319 47.869 47.389 46.889 46.364 45.812 46.226 45.615 43.903 43.520 40.993 51.368 51.358 38.993 40.628 38.326 22.318 3.316 0.000 0.000 0.000 0.000 0.000 0.000 0.000 0.000 0.000 0.000 7.912 39.913 17.916 15.921 21.927 0.000 0.000 20.919 18.917 24.914 25.911 47.908 43.906 0.000 0.000 7.883 54.882 0.000 0.000 1.597 32.590 35.591 16.593 16.591 62.583 97.567 46.542 14.508 30.476 77.440 37.399 4.341 70.296 57.259 15.224 7.195 0.115 81.071 45.042 17.006 17.967
0.000 0.000 29.105 46.495 50.015 48.542 48.058 47.558 47.039 47.493 45.933 45.281 44.988 42.469 51.626 51.440 40.420 41.260 40.318 30.744 11.528 0.000 0.000 0.000 0.000 0.000 0.000 0.000 0.000 0.000 0.000 0.000 0.000 0.000 0.000 20.927 17.933 16.936 18.934 20.927 16.921 24.917 26.913 38.909 34.906 0.000 15.886 48.885 0.000 0.000 0.000 1.606 28.613 34.624 20.633 5.637 7.632 32.616 19.592 1.556 19.512 74.475 30.443 0.000 67.298 52.266 10.228 6.187 2.138 80.087 45.045 17.005 7.962
0.000 28.246 41.715 51.191 49.704 49.226 48.744 48.249 48.735 48.212 46.600 46.359 43.843 52.364 51.942 41.933 42.967 40.874 28.137 0.000 0.000 0.000 0.000 0.000 0.000 0.000 0.000 0.000 0.000 0.000 0.000 0.000 0.000 0.000 0.000 0.000 24.943 34.942 45.939 33.932 22.925 26.921 23.916 28.910 21.903 40.894 58.888 46.885 0.000 0.000 0.000 0.617 26.634 31.658 37.680 35.693 23.692 13.676 26.646 58.607 77.556 98.507 78.457 61.401 95.333 88.282 70.235 30.189 3.142 78.094 50.049 22.007 8.962
25.208 36.776 51.319 50.849 50.383 49.916 49.442 49.955 49.463 47.884 47.679 45.177 53.414 52.864 43.372 44.576 45.558 23.773 0.000 0.000 0.000 0.000 0.000 0.000 0.000 0.000 0.000 0.000 0.000 0.000 0.000 0.000 0.000 0.000 0.000 0.000 22.953 26.951 44.947 3.940 0.000 33.925 24.921 27.911 23.902 11.892 30.887 45.883 32.881 0.000 0.000 0.000 0.000 34.696 36.735 29.765 17.769 26.749 77.711 68.655 49.599 50.539 51.478 51.415 51.350 52.294 54.243 25.194 5.146 77.099 53.053 16.011 9.978
28.639 52.332 51.934 51.504 51.062 50.612 50.151 49.689 49.141 48.969 46.484 54.595 53.994 44.703 45.991 45.056 40.638 0.367 0.000 0.000 0.000 0.000 0.000 0.000 0.000 0.000 0.000 0.000 0.000 0.000 0.000 0.000 0.000 0.000 0.000 0.000 23.965 34.962 18.960 0.000 0.000 30.934 27.932 0.000 0.000 15.886 29.883 44.881 41.879 10.878 0.000 0.000 0.000 0.000 3.800 18.865 2.869 63.843 64.794 13.704 19.645 61.576 32.502 4.430 50.362 40.302 20.249 18.200 9.151 77.103 48.055 5.007 5.963
46.378 53.980 52.582 52.171 51.750 52.316 50.885 50.371 50.235 47.773 55.824 55.205 44.944 47.265 46.329 46.782 16.201 0.000 0.000 0.000 0.000 0.000 0.000 0.000 0.000 0.000 0.000 0.000 0.000 0.000 0.000 0.000 0.000 0.000 0.000 0.000 43.980 41.975 45.969 42.965 38.957 38.946 32.941 0.000 0.000 15.883 28.880 46.877 53.877 16.877 0.000 0.000 0.000 0.000 0.000 11.028 31.001 77.961 40.919 0.840 68.703 69.617 18.526 5.442 26.366 82.304 41.252 9.206 9.156 72.108 90.058 77.001 81.905
56.006 53.626 53.243 52.850 52.445 54.043 51.563 51.470 49.042 57.074 56.446 40.125 44.407 48.528 45.057 22.410 0.000 0.000 0.000 0.000 0.000 0.000 0.000 0.000 0.000 0.000 0.000 0.000 0.000 0.000 0.000 0.000 0.000 0.000 0.000 43.014 41.999 42.988 44.978 43.969 41.960 42.951 35.946 0.000 0.000 16.884 28.878 51.871 24.874 0.000 0.000 0.000 0.000 0.000 26.333 5.219 70.146 64.082 8.021 63.959 76.829 25.663 13.545 16.447 11.356 42.296 81.251 38.216 1.169 72.115 75.068 49.034 0.000
46.620 53.276 53.914 53.537 53.161 52.709 52.655 50.262 58.290 57.704 23.252 28.493 31.456 50.166 33.826 0.000 0.000 0.000 0.000 0.000 0.000 0.000 0.000 33.769 22.768 0.000 0.000 0.000 0.000 0.000 0.000 0.000 0.000 0.000 0.000 20.029 14.016 17.000 20.986 15.974 14.963 13.954 15.945 19.933 13.912 6.890 21.876 0.793 0.000 0.000 0.000 0.000 0.000 0.000 21.448 12.371 13.283 13.200 5.123 26.052 26.990 0.000 0.000 0.000 17.315 10.276 32.241 25.212 7.183 40.148 0.000 0.000 0.000
25.269 40.945 53.597 56.247 53.814 53.787 51.397 59.290 58.830 32.112 0.000 41.772 0.000 53.726 22.277 0.000 0.000 0.000 0.000 0.000 0.000 0.000 0.000 40.771 34.767 0.000 0.000 0.000 0.000 0.000 0.000 0.000 0.000 6.181 0.000 21.058 17.035 17.012 16.992 16.977 16.966 16.956 16.949 18.943 0.000 0.000 0.000 22.357 0.000 0.000 0.000 0.000 0.000 30.766 18.641 17.533 9.418 10.312 10.219 8.139 22.090 0.000 0.000 0.000 0.000 13.251 8.228 21.209 20.196 0.000 0.000 0.000 0.000
16.961 24.633 47.304 51.906 54.889 52.454 59.963 59.667 38.900 14.720 0.000 58.365 56.276 42.745 0.000 0.000 0.000 0.000 0.000 0.000 0.000 0.000 43.796 49.777 20.762 0.000 0.000 0.000 0.000 0.000 0.000 0.000 0.000 23.181 21.160 18.110 17.055 14.020 17.993 17.978 17.966 17.957 17.951 20.947 0.000 0.000 0.000 20.326 20.316 0.000 0.000 0.000 0.000 17.891 10.818 9.703 8.545 8.411 8.304 8.194 9.141 18.140 0.000 0.000 0.000 0.000 14.210 17.203 15.197 0.000 0.000 0.000 9.589
20.674 31.335 35.984 33.909 45.494 60.283 60.168 43.793 22.579 16.096 0.000 38.022 50.721 24.233 0.000 0.000 0.000 0.000 31.973 37.959 29.931 27.873 36.816 29.778 19.742 0.000 0.000 0.000 0.000 0.000 0.000 0.000 0.000 21.203 18.188 17.167 0.000 0.000 22.984 16.974 16.964 16.955 16.950 17.949 0.000 0.000 0.000 21.307 20.305 0.000 0.000 0.000 15.090 11.091 11.037 10.918 9.649 9.484 13.394 0.000 0.000 0.000 0.000 0.000 0.000 0.000 14.200 9.197 9.194 10.191 0.000 0.000 11.587
32.350 46.017 21.758 20.653 60.315 60.318 46.698 33.451 29.815 34.673 0.000 4.982 40.351 0.000 0.000 0.000 0.000 28.001 31.987 33.973 31.961 0.000 0.000 0.000 31.688 15.633 0.000 0.000 0.000 0.000 0.000 0.000 0.000 31.240 28.223 3.205 0.000 0.000 35.984 21.973 17.959 16.949 20.947 0.000 0.000 0.000 34.282 15.290 19.293 0.000 0.000 0.000 0.000 16.346 11.322 15.283 0.000 0.000 0.000 0.000 0.000 0.000 0.000 0.000 0.000 0.000 14.193 9.192 9.191 14.190 0.000 0.000 0.000
52.996 41.606 21.694 17.222 60.240 21.655 27.406 29.665 33.372 51.992 61.493 49.572 0.000 0.000 0.000 0.000 26.029 20.015 26.001 40.987 39.978 0.000 0.000 0.000 0.000 32.579 0.000 0.000 0.000 17.451 0.000 0.000 33.339 32.295 38.259 31.224 0.000 50.020 46.996 44.974 42.952 34.936 15.941 2.941 0.000 10.276 63.274 17.278 18.285 0.000 0.000 0.000 0.000 21.628 7.620 12.612 0.000 0.000 0.000 0.000 0.000 0.000 0.000 0.000 0.000 10.187 12.188 14.189 8.189 13.189 0.000 0.000 0.000
61.524 48.643 30.964 59.656 17.586 19.402 18.602 18.275 27.876 55.450 50.912 22.242 0.000 0.000 25.098 0.000 33.042 25.031 36.015 30.996 9.987 0.000 0.000 0.000 0.000 36.525 12.511 0.000 0.000 13.451 21.452 25.430 27.383 29.341 19.294 16.209 24.110 24.045 44.006 26.974 20.940 18.903 0.000 0.000 0.000 5.278 73.261 29.262 0.000 0.000 0.000 0.000 0.000 34.917 7.921 14.932 0.000 0.000 0.000 0.000 0.000 0.000 0.000 0.000 0.000 12.186 27.186 25.187 18.187 0.000 0.000 0.000 0.000
59.527 57.781 59.034 36.418 24.360 20.536 20.204 18.810 25.431 41.017 36.465 0.000 0.000 0.000 28.098 49.089 44.068 45.050 27.032 0.000 0.000 0.000 0.000 0.000 27.466 18.485 10.498 0.000 0.000 0.000 25.474 29.456 29.424 29.392 13.367 0.000 20.077 21.043 45.009 30.976 24.930 10.834 17.668 32.544 52.420 41.296 65.232 30.247 0.000 0.000 0.000 0.000 0.000 33.204 9.215 10.264 15.411 0.000 0.000 0.000 0.000 0.000 0.000 0.000 0.000 0.000 31.185 28.185 0.000 0.000 0.000 0.000 0.000
57.555 58.911 58.190 57.240 39.417 19.097 19.712 20.357 19.016 21.724 0.000 0.000 0.000 0.000 44.108 34.102 32.090 28.070 0.000 0.000 0.000 0.000 0.000 28.440 19.447 15.452 0.000 0.000 0.000 0.000 25.516 33.495 42.465 41.435 43.416 31.420 0.000 0.000 48.011 31.993 5.971 0.000 20.627 30.545 57.419 19.257 3.124 0.000 0.000 0.000 0.000 0.000 0.000 24.479 11.474 12.498 15.558 0.000 0.000 0.000 0.000 0.000 0.000 0.000 0.000 0.000 0.000 0.000 0.000 0.000 0.000 0.000 0.000
58.908 57.904 60.042 60.232 43.932 20.561 23.219 22.886 20.552 21.138 0.000 24.139 0.000 0.000 38.124 38.122 45.119 0.000 0.000 2.811 0.000 0.000 0.000 23.434 17.429 11.423 0.000 0.000 0.000 0.000 23.578 24.545 26.506 25.469 23.441 15.425 0.000 0.000 50.032 36.013 20.990 0.000 19.667 30.591 54.454 10.188 5.852 0.000 0.000 0.000 0.000 0.000 0.000 31.762 10.702 12.698 12.766 13.905 17.958 0.000 0.000 0.000 0.000 0.000 0.000 0.000 0.000 0.000 0.000 0.000 0.000 0.000 0.000
58.555 60.772 59.982 60.705 34.350 25.023 44.711 38.418 20.169 0.000 0.000 21.140 36.141 41.142 27.141 48.145 40.145 0.000 0.000 16.811 47.812 0.000 0.000 24.433 18.414 15.389 0.000 0.000 31.859 27.786 23.673 25.601 30.544 30.495 28.453 39.415 31.378 0.000 50.071 42.037 41.988 33.906 14.785 32.697 40.619 0.000 8.277 0.000 0.000 0.000 0.000 0.000 0.000 36.104 7.877 9.826 10.903 11.993 17.010 0.000 0.000 0.000 0.000 0.000 0.000 0.000 0.000 0.000 0.000 0.000 0.000 0.000 0.000
