results1/res_4e8f-0189.wd
ncols         241
nrows         181
xllcorner     12693529.787448
yllcorner     3542525.717860
cellsize      155.156523
NODATA_value  -9999.000000
[rows 66 to 98 of 181, columns 73 to 145 of 241]
71.738 35.724 0.000 60.875 77.852 76.821 76.792 0.000 48.187 48.171 61.185 57.195 56.175 56.129 55.060 130.960 118.787 0.000 0.000 0.000 51.508 46.445 51.349 54.287 54.234 56.185 57.138 62.080 63.027 63.981 54.948 0.000 0.000 52.243 102.243 84.156 88.022 88.111 86.165 94.083 86.575 87.055 87.794 86.567 86.346 87.141 56.987 0.000 0.000 0.000 0.000 0.000 0.000 0.000 43.123 41.099 41.059 41.005 40.938 40.870 44.797 57.720 54.643 39.568 50.495 59.423 38.351 41.279 47.208 52.138 48.069 42.000 39.934
56.740 62.711 0.546 49.102 73.061 72.031 66.034 19.120 0.000 0.000 54.264 67.344 56.344 55.313 56.269 37.227 0.000 0.000 0.000 0.000 0.000 0.000 62.281 60.255 58.221 41.179 44.131 51.076 52.035 57.003 47.975 0.000 0.000 0.000 62.484 80.393 87.331 87.423 94.509 94.303 86.647 87.335 87.047 86.837 86.626 81.439 39.306 0.000 3.494 36.494 0.000 0.000 0.000 49.205 44.169 41.134 41.091 41.039 40.978 40.912 40.842 40.769 47.695 61.622 62.549 45.477 39.406 40.335 41.265 45.196 44.128 40.061 39.995
58.753 57.684 62.551 60.353 74.259 67.209 68.192 65.206 0.000 0.000 0.000 69.572 64.545 59.509 61.475 8.452 0.000 0.000 0.000 0.000 0.000 0.000 61.240 57.230 48.217 0.000 0.000 49.056 61.036 60.020 0.000 0.000 8.190 65.070 56.817 60.639 67.717 82.778 94.700 86.384 87.940 87.504 87.315 87.098 84.885 67.681 46.494 52.494 50.494 31.494 0.000 0.000 0.000 7.241 58.214 40.177 41.133 45.081 53.022 42.958 40.890 39.819 43.747 58.674 65.602 57.531 43.460 38.391 40.322 40.254 40.187 40.120 39.054
58.797 56.721 60.618 71.499 65.412 58.354 77.319 66.306 18.323 0.000 11.976 61.828 77.753 72.705 72.671 75.653 0.000 0.000 0.000 0.000 7.192 7.197 59.209 50.207 53.201 0.000 0.000 0.000 97.032 124.021 39.008 0.000 64.309 59.206 59.044 58.951 55.033 95.053 94.882 87.430 91.036 87.783 87.574 87.360 79.134 31.908 0.000 54.494 32.494 0.000 0.000 0.000 46.347 45.304 44.268 40.229 44.183 56.130 61.072 59.008 51.941 41.870 50.799 58.727 37.655 43.584 56.514 53.445 49.378 57.311 38.245 40.179 38.112
56.857 62.785 72.702 64.614 56.538 56.476 69.424 77.376 73.340 76.266 78.124 73.012 67.936 69.885 58.852 57.835 0.000 0.000 0.000 8.185 64.188 63.190 51.192 53.188 54.178 58.158 57.145 0.000 8.040 2.025 0.972 10.708 70.532 63.400 58.238 59.328 57.373 95.209 57.045 64.635 79.231 87.052 87.839 85.633 44.383 0.000 0.000 0.000 0.000 0.000 0.000 47.415 41.390 41.359 41.326 42.286 52.239 61.186 60.127 60.062 55.994 51.923 61.851 44.779 39.707 40.636 40.567 50.499 63.432 50.367 38.303 39.237 45.171
62.927 73.861 63.789 56.716 57.649 57.587 59.526 43.433 69.397 67.334 59.243 56.158 55.093 71.046 73.016 60.002 0.000 0.000 0.000 64.183 60.183 57.183 50.181 54.176 54.166 54.151 54.131 13.100 16.062 17.031 18.981 86.850 83.716 72.585 71.539 60.536 95.485 95.353 59.097 65.746 60.522 67.326 86.099 60.949 0.000 0.000 0.000 0.000 0.000 0.000 0.000 47.441 41.437 41.419 41.389 42.350 51.303 61.248 60.186 59.120 56.050 60.978 54.904 38.831 40.758 40.687 40.617 50.550 58.486 37.423 40.361 43.298 62.230
74.002 63.942 56.878 57.814 57.753 58.699 39.659 0.000 26.480 54.428 57.357 57.286 57.231 55.191 79.166 63.154 0.000 0.000 0.000 41.181 58.179 52.177 53.174 54.169 54.160 54.147 54.130 65.107 5.075 9.058 26.066 78.994 88.890 10.778 92.699 82.891 95.601 57.666 71.310 67.954 57.825 54.630 51.282 36.115 0.000 0.000 43.008 0.000 0.000 0.000 0.000 43.470 41.499 41.490 41.463 41.423 42.373 48.315 56.251 56.182 56.109 60.033 37.957 40.882 40.807 39.735 45.666 62.600 45.537 39.478 42.421 23.362 24.280
64.083 57.026 57.967 57.908 57.850 60.797 16.752 14.717 7.614 52.542 57.471 59.398 57.353 56.322 74.302 70.293 0.000 0.000 0.000 0.000 49.174 52.172 54.169 54.164 54.157 54.148 56.136 42.121 0.000 0.000 76.233 79.167 90.076 95.947 90.050 88.088 95.701 78.714 81.417 66.259 59.164 52.091 0.000 0.000 0.000 0.000 41.008 0.000 0.000 0.000 0.000 0.000 44.598 41.581 41.549 41.505 41.452 41.390 41.321 48.247 56.169 44.090 41.010 40.931 40.855 43.781 56.712 56.646 38.586 40.531 43.483 10.449 0.000
57.168 58.114 58.057 58.000 57.943 57.888 61.836 62.785 62.718 58.655 58.587 38.482 55.461 56.441 72.428 71.424 0.000 0.000 0.000 0.000 48.170 54.169 54.166 54.163 54.158 54.151 42.143 0.000 0.000 4.598 81.465 87.369 90.269 90.215 89.294 95.835 88.193 90.910 85.600 70.541 60.482 59.478 59.612 0.000 0.000 0.000 38.008 45.008 38.008 0.000 0.000 0.000 59.714 40.687 41.647 41.597 41.538 42.471 41.396 41.316 41.232 41.146 41.061 40.978 39.899 45.824 60.753 37.688 40.629 40.576 42.531 17.501 0.000
58.257 58.203 58.148 58.091 58.033 57.975 57.920 57.867 57.818 57.773 61.739 0.000 48.568 57.555 73.544 68.550 4.597 0.000 0.000 0.000 53.168 56.167 56.165 56.162 54.159 57.156 0.000 0.000 0.000 73.732 79.660 90.575 90.456 90.565 88.614 96.039 89.325 93.969 89.861 90.794 78.745 66.726 55.746 50.746 52.746 0.000 0.000 44.008 39.007 45.002 45.987 43.949 49.858 59.805 41.755 42.699 51.634 58.560 40.477 41.388 41.296 41.202 41.111 40.022 44.939 63.861 57.789 46.724 39.665 40.612 42.565 57.523 75.478
58.348 58.295 58.240 58.183 58.123 58.060 58.001 60.947 58.913 57.881 61.858 0.000 48.687 57.665 74.644 66.636 6.644 0.000 0.000 0.000 26.167 36.166 35.164 35.162 56.160 41.158 0.000 0.000 0.000 75.937 85.871 90.782 90.741 89.845 96.660 96.366 90.387 91.231 90.089 90.033 90.979 81.936 46.900 0.000 0.000 0.000 0.000 42.010 42.011 39.012 41.010 42.002 40.964 47.919 61.869 44.809 42.739 52.657 40.565 41.465 41.361 41.257 41.156 41.061 48.973 61.892 48.819 60.754 38.695 39.643 44.595 65.549 77.502
58.443 58.390 58.335 58.278 58.215 61.143 63.075 35.009 56.004 58.980 60.953 20.927 51.830 56.773 68.732 66.707 7.698 0.000 0.000 0.000 0.000 0.000 2.163 2.162 37.161 0.000 0.000 0.000 24.374 74.208 91.102 90.984 91.101 89.187 96.926 88.969 94.676 90.372 90.327 90.261 90.202 80.137 41.019 0.000 0.000 0.000 0.000 0.000 45.017 46.023 33.040 41.086 42.075 42.041 45.992 61.930 44.855 41.765 41.660 41.545 41.425 41.308 39.197 45.093 63.999 44.915 43.842 57.777 41.720 39.669 46.622 72.577 77.532
58.538 58.486 58.433 58.378 60.316 36.222 38.149 0.000 18.114 54.084 58.045 61.999 57.931 60.867 65.803 70.762 9.742 0.000 0.000 0.000 0.000 3.162 55.162 62.162 0.000 0.000 0.000 7.658 83.540 85.421 91.316 91.273 90.392 97.407 97.175 90.028 90.744 90.617 90.549 90.486 89.432 69.393 0.000 0.000 0.000 0.000 0.000 0.000 0.000 37.023 0.000 48.227 45.211 41.177 41.128 43.064 59.985 48.887 40.768 41.628 41.488 40.354 45.230 47.116 46.015 42.928 40.855 40.793 40.739 41.690 54.646 76.605 77.565
58.634 58.581 58.532 58.486 63.448 1.434 0.000 24.345 16.254 50.197 59.146 57.092 59.030 70.959 42.852 36.794 1.768 0.000 0.000 0.000 0.000 53.162 59.162 61.162 0.000 0.000 0.000 70.775 75.707 89.620 91.504 91.635 89.731 97.620 89.523 91.201 90.896 90.838 90.764 90.701 82.646 59.609 0.000 0.000 0.000 0.000 0.000 0.000 0.000 0.000 0.000 52.383 47.364 41.328 39.278 42.214 42.134 58.031 50.895 41.713 42.543 40.390 47.253 47.128 44.015 37.928 40.859 40.801 42.751 56.707 75.668 77.632 80.599
59.727 57.674 57.627 57.585 60.554 30.544 27.516 59.435 64.362 58.303 56.249 63.194 73.138 76.087 0.051 0.000 0.000 0.000 0.000 0.000 0.000 21.162 28.162 30.162 0.000 0.000 0.000 72.961 80.897 90.809 91.802 90.840 98.014 97.823 90.552 91.258 91.121 91.045 90.973 90.906 72.844 54.788 0.000 0.000 0.000 0.000 0.000 0.000 0.000 0.000 0.000 50.559 48.534 48.494 45.442 38.380 40.305 41.209 57.067 56.787 53.580 50.411 43.264 42.127 38.989 39.910 40.850 44.801 64.758 76.720 76.686 77.656 76.629
73.815 72.763 71.716 69.674 66.639 67.609 67.571 64.515 65.457 67.403 67.351 73.298 75.240 33.164 0.000 0.000 0.000 0.000 0.000 0.000 0.000 0.000 0.000 0.000 0.000 11.469 19.391 74.211 91.104 92.013 91.963 91.191 98.193 90.023 91.700 91.390 91.326 91.246 91.175 89.108 71.035 41.912 0.000 0.000 0.000 0.000 0.000 0.000 0.000 0.000 0.000 40.760 44.720 47.670 48.616 47.559 44.498 40.434 34.376 0.000 0.000 0.000 0.000 0.000 42.904 40.871 43.832 64.795 77.761 76.729 77.700 80.676 76.655
69.898 71.847 70.800 72.757 74.719 73.682 72.643 70.597 68.549 68.502 69.455 65.407 65.362 0.000 0.000 0.000 0.000 0.000 0.000 0.000 0.000 0.000 0.000 0.000 0.000 60.548 83.491 82.389 91.296 92.184 92.311 90.414 98.359 92.115 91.722 91.599 91.517 91.441 91.373 87.316 67.276 0.000 0.000 0.000 0.000 0.000 0.000 0.000 0.000 0.000 48.146 43.000 39.916 41.851 46.794 48.742 48.694 49.654 40.627 0.000 0.000 0.000 0.000 0.000 43.853 41.837 57.813 78.786 76.760 76.734 76.711 77.691 76.675
57.976 57.925 58.879 65.836 74.797 80.759 68.720 62.681 57.640 55.601 54.560 60.514 39.438 0.000 0.000 0.000 0.000 0.000 0.000 0.000 0.000 0.000 0.000 0.000 0.000 66.683 82.637 90.561 92.475 92.442 91.572 98.653 98.512 94.131 91.939 91.779 91.703 91.627 91.561 86.508 61.477 0.000 0.000 0.000 0.000 0.000 0.000 0.000 0.000 48.413 43.292 43.179 43.092 42.024 38.967 43.920 47.883 48.859 45.851 0.000 0.000 0.000 0.000 46.809 40.819 44.812 72.797 76.778 76.758 76.738 76.719 76.703 76.690
57.049 57.000 60.954 65.912 67.873 70.836 60.800 56.765 57.731 57.700 59.672 37.650 0.000 0.000 0.000 0.000 0.000 0.000 0.000 0.000 0.000 0.000 0.000 0.000 0.000 52.865 81.813 91.743 92.641 92.770 90.879 98.783 91.676 93.352 92.033 91.968 91.882 91.804 91.735 82.679 55.645 0.000 0.000 0.000 0.000 0.000 0.000 0.000 47.647 43.535 43.428 43.332 43.251 43.185 43.131 40.088 39.059 42.048 49.067 49.154 0.000 0.000 0.000 40.799 41.800 59.795 76.784 75.770 75.755 76.740 76.725 76.713 76.702
57.118 57.070 59.026 59.985 57.947 56.911 57.878 56.848 56.820 56.795 61.776 6.765 0.000 0.000 0.000 0.000 0.000 0.000 0.000 0.000 0.000 0.000 0.000 0.000 4.234 61.099 90.009 92.925 92.895 92.025 99.020 98.906 94.673 92.375 92.231 92.142 92.055 91.973 92.896 72.828 60.780 0.000 0.000 47.252 0.000 47.019 48.975 48.891 43.759 43.651 43.555 43.469 43.395 43.333 43.282 43.244 42.218 39.208 48.216 49.241 42.241 0.000 0.000 48.789 40.788 48.783 54.775 57.764 61.753 67.741 73.729 75.719 75.711
58.182 58.136 58.094 58.055 58.018 56.985 56.955 56.927 56.904 55.886 63.873 14.868 0.000 0.000 0.000 0.000 0.000 0.000 0.000 0.000 0.000 0.000 0.000 0.000 45.369 81.286 92.200 93.090 93.230 91.322 99.122 92.123 93.798 92.483 92.409 92.314 92.224 92.136 93.048 64.956 42.868 0.000 0.000 43.252 0.000 42.063 44.015 43.940 43.846 43.755 43.671 43.595 43.527 43.470 43.422 43.386 41.361 43.348 49.347 46.354 0.000 0.000 0.000 47.781 46.778 45.774 44.768 43.759 42.750 46.741 57.732 53.724 55.718
56.243 56.199 56.159 56.121 56.087 56.056 56.028 57.004 58.984 60.970 35.964 2.965 0.000 0.000 0.000 0.000 0.000 0.000 0.000 3.604 12.596 0.000 0.000 15.728 56.587 87.480 93.377 93.366 92.393 99.302 99.217 95.112 92.819 92.670 92.577 92.483 92.391 92.298 88.204 35.080 0.000 0.000 0.000 43.252 49.233 44.155 44.083 44.007 43.930 43.854 43.780 43.712 43.650 43.596 43.551 43.516 40.491 49.477 49.472 45.473 0.000 0.000 0.000 46.774 45.772 46.768 46.762 46.756 46.748 46.741 45.734 45.728 44.723
57.300 57.259 60.221 64.185 67.153 71.123 73.097 76.075 75.058 67.048 5.047 16.063 40.117 8.142 0.000 0.000 0.000 0.000 0.000 43.612 70.588 10.548 0.000 49.870 82.770 92.662 93.561 93.491 92.715 99.375 91.547 93.235 92.918 92.843 92.746 92.652 92.557 93.463 80.389 0.000 0.000 0.000 0.000 23.272 43.291 44.241 46.154 46.075 44.012 43.949 43.885 43.822 43.765 43.714 43.671 40.636 45.611 48.596 49.590 40.592 0.000 0.000 0.000 30.770 51.766 51.763 48.758 45.752 45.746 46.741 47.735 47.730 46.726
59.354 58.315 65.280 74.246 75.215 74.187 73.162 72.141 69.125 63.115 38.114 55.124 73.147 42.166 26.187 2.195 0.000 0.000 14.685 53.646 67.594 6.508 25.346 67.111 91.962 94.845 93.686 93.897 91.874 99.437 93.532 93.247 93.099 93.008 92.914 92.821 92.722 94.610 38.499 0.000 0.000 0.000 0.000 0.000 39.420 45.364 26.216 26.129 43.095 44.045 43.987 43.928 43.873 43.823 42.781 40.747 49.722 49.706 46.702 40.713 46.762 0.000 0.000 0.000 62.761 77.759 70.754 66.749 62.745 58.740 61.736 61.732 44.728
59.405 59.370 62.336 65.304 64.275 62.248 60.224 58.203 56.186 56.174 65.169 67.171 64.180 61.190 65.199 13.204 0.000 0.000 54.724 84.692 35.634 31.546 65.419 89.264 94.131 93.986 94.104 92.058 99.520 91.935 93.649 93.337 93.266 93.172 93.083 92.995 95.899 52.754 0.000 0.000 0.000 0.000 0.000 0.000 41.603 46.581 0.000 0.000 40.195 44.150 44.090 44.030 43.975 43.926 40.884 48.849 49.823 48.805 39.796 43.798 43.810 0.000 0.000 0.000 30.759 60.756 78.751 77.747 77.743 77.739 77.736 71.733 61.730
59.454 59.422 59.391 58.361 58.332 59.306 59.282 59.260 57.242 58.227 63.217 66.212 62.211 57.213 60.216 15.217 0.000 0.000 46.795 56.763 34.705 67.623 82.518 91.398 94.281 94.212 93.309 99.888 99.658 92.924 93.653 93.511 93.424 93.336 93.252 93.177 96.126 0.000 0.000 11.492 20.492 0.000 0.000 42.904 45.809 44.776 51.807 0.705 40.341 44.269 44.193 44.127 44.070 42.021 43.979 49.944 49.916 41.895 42.880 43.873 43.871 0.000 0.000 0.000 0.000 0.000 60.747 76.744 76.741 76.738 76.735 77.733 77.731
59.503 59.473 59.444 59.415 59.388 59.362 59.338 58.315 57.294 61.275 65.259 65.248 60.241 56.237 61.234 14.231 0.000 0.000 42.899 11.859 58.799 82.723 88.632 94.537 94.386 94.595 92.584 100.094 92.341 94.053 93.741 93.672 93.581 93.495 93.412 100.334 84.301 0.000 7.491 57.492 43.492 0.000 0.000 37.999 45.953 44.906 44.854 50.741 48.536 47.390 44.287 44.215 44.158 41.110 49.067 50.031 46.001 40.977 43.958 43.942 45.929 49.940 0.000 0.000 0.000 0.000 0.000 73.740 76.738 76.737 76.735 77.733 75.732
59.553 59.525 59.496 59.469 59.442 59.416 58.391 57.367 59.344 63.320 66.297 62.279 57.267 56.259 59.253 41.242 28.215 29.155 25.044 25.975 65.910 86.838 92.759 94.648 94.786 92.776 100.454 100.282 93.345 94.059 93.913 93.824 93.736 93.651 98.565 41.448 56.443 26.480 57.490 65.492 0.000 0.000 0.000 37.139 46.100 45.040 44.961 54.842 65.670 39.470 49.350 45.288 42.238 44.192 50.149 49.112 40.081 43.055 44.033 44.008 30.963 31.952 0.000 0.000 0.000 0.000 0.000 54.738 75.737 76.735 76.734 80.733 76.732
59.604 59.576 59.549 59.522 59.495 59.469 57.445 57.420 61.394 68.365 69.331 65.305 60.289 58.280 58.277 60.269 60.248 69.207 10.146 44.087 82.027 88.960 94.888 94.853 93.984 100.762 100.613 93.699 94.480 94.142 94.069 93.974 93.887 93.809 101.750 0.000 39.545 41.507 31.498 33.495 0.000 0.000 0.000 40.318 46.267 45.195 51.108 66.995 43.833 0.000 30.355 43.350 41.314 49.270 50.226 46.188 43.155 44.129 44.109 46.096 0.000 0.000 0.000 0.000 0.000 0.000 46.736 27.736 66.735 76.734 76.733 81.732 76.732
59.654 59.627 59.600 59.574 59.547 58.522 57.497 59.473 66.447 43.415 19.355 18.321 15.302 45.296 62.307 57.308 60.300 41.280 3.245 49.201 87.149 93.096 94.983 95.225 93.248 100.899 94.030 94.807 94.376 94.317 94.212 94.119 94.030 94.948 92.876 14.821 14.683 0.000 0.000 0.000 0.000 0.000 39.694 47.549 45.453 44.366 64.280 68.199 0.000 0.000 0.515 39.443 45.398 50.347 50.298 40.257 44.223 44.197 44.179 47.170 0.000 0.000 0.000 0.000 0.000 0.000 25.736 0.000 54.733 76.733 76.732 82.732 76.731
59.705 59.678 59.651 59.625 58.599 57.574 59.550 62.527 70.507 29.492 0.000 0.000 0.000 0.000 44.346 59.356 60.365 46.368 48.353 74.322 91.282 95.206 95.378 93.399 101.142 101.026 95.009 94.703 94.555 94.452 94.354 94.259 94.167 97.075 81.987 10.904 0.000 0.000 0.000 0.000 0.000 1.082 39.838 46.732 45.630 43.538 71.445 32.322 0.000 0.000 45.688 50.574 50.490 50.421 48.364 43.318 44.283 44.257 44.241 46.234 0.000 50.323 2.323 0.000 0.000 0.000 0.000 0.000 47.732 76.732 76.732 76.731 76.731
59.755 59.728 59.702 59.676 58.650 57.625 61.601 65.580 69.563 27.554 0.000 0.000 0.000 0.000 24.376 67.405 62.436 68.473 81.477 90.456 94.416 95.423 94.572 101.346 101.247 94.342 95.117 94.775 94.692 94.588 94.491 94.397 98.302 61.198 33.092 0.000 0.000 0.000 0.000 0.000 2.371 42.239 47.049 45.910 47.799 44.708 68.642 0.000 0.000 40.979 47.817 63.675 52.566 49.483 45.419 43.370 43.333 44.307 44.293 44.292 49.315 45.323 36.323 0.000 0.000 0.000 43.730 45.731 44.731 76.731 76.731 76.731 76.730
59.804 59.779 59.753 59.727 57.701 59.675 65.649 66.627 64.611 51.606 12.623 0.000 0.000 0.000 0.000 20.453 16.500 56.612 87.627 91.606 95.546 95.715 93.838 101.436 93.651 95.430 94.996 94.931 96.819 95.720 94.626 94.537 100.447 23.322 0.000 0.000 0.000 0.000 0.000 23.587 62.485 62.361 50.211 47.060 57.947 52.854 53.773 14.701 2.535 39.141 43.925 54.744 50.617 54.526 48.459 51.409 50.372 47.347 44.331 43.326 43.330 49.331 0.000 0.000 0.000 0.000 40.730 40.730 50.730 76.730 76.730 76.730 76.730
