results1/res_4e8f-0046.wd
ncols         241
nrows         181
xllcorner     12693529.787448
yllcorner     3542525.717860
cellsize      155.156523
NODATA_value  -9999.000000
[rows 99 to 131 of 181, columns 0 to 73 of 241]
0.000 0.000 0.000 0.000 0.000 47.180 87.179 89.175 80.168 75.167 0.000 0.000 0.000 0.000 0.000 0.000 0.000 55.104 52.104 0.000 0.000 0.000 0.000 50.034 49.032 0.000 0.000 0.000 0.000 0.000 0.000 0.000 0.000 0.000 4.476 50.474 46.468 45.457 46.441 47.422 60.400 49.375 53.348 45.319 47.288 45.255 46.221 51.184 52.146 50.106 54.066 47.025 46.983 48.940 51.896 65.849 66.807 51.766 37.739 0.000 0.000 0.000 0.000 0.000 16.015 71.015 68.014 55.009 30.005 25.000 68.997 45.996 47.998 48.002
0.000 0.000 0.000 0.000 0.000 48.189 88.189 88.188 0.000 0.000 0.000 0.000 0.000 0.000 0.000 0.000 0.022 66.106 55.105 0.000 0.000 0.000 53.057 52.048 56.043 0.000 0.000 0.000 0.000 56.574 48.574 0.000 0.000 0.000 63.509 73.506 59.500 52.492 46.479 48.463 67.443 52.420 58.394 58.366 49.335 64.302 56.266 57.229 47.189 55.149 55.107 53.065 47.022 47.979 51.934 48.873 10.835 0.801 0.000 0.000 0.000 0.000 0.000 19.008 56.009 68.009 75.007 65.004 41.001 41.999 55.997 46.997 47.999 48.003
0.000 0.000 0.000 0.000 0.000 35.199 84.199 93.201 3.206 0.000 0.000 0.000 0.000 0.000 0.000 0.000 0.000 73.109 54.106 55.101 57.092 54.081 51.068 52.058 50.050 0.000 0.000 0.000 0.000 49.574 49.575 50.575 49.571 49.562 48.545 58.540 67.536 14.530 78.521 68.507 73.490 58.468 3.443 74.415 72.384 71.350 75.314 64.275 47.235 50.192 55.149 55.105 52.061 48.018 36.990 0.000 0.000 0.000 0.000 0.000 0.000 0.000 0.000 29.006 56.005 56.004 67.002 66.000 48.998 48.997 47.996 47.996 47.998 48.002
61.242 64.242 0.000 0.000 0.000 45.211 84.210 89.210 99.213 4.216 0.000 0.000 0.000 0.000 0.000 0.000 0.000 10.115 58.111 55.104 73.096 87.085 62.075 47.066 0.000 0.000 0.000 0.000 0.000 0.000 48.577 49.579 49.576 49.571 49.569 48.573 48.575 47.573 48.567 53.556 65.541 59.521 2.497 74.468 75.437 53.402 60.365 77.325 71.282 58.237 48.192 54.147 55.099 58.045 43.017 0.000 0.000 0.000 0.000 0.000 0.000 0.000 0.000 0.000 7.003 53.000 49.998 49.997 47.995 47.994 47.993 47.994 47.996 46.999
75.243 58.243 58.241 60.238 62.232 81.223 89.220 89.218 89.219 91.220 65.222 4.222 0.000 53.147 60.146 61.143 23.137 18.126 81.119 89.111 84.101 80.089 63.082 0.000 0.000 0.000 0.000 0.000 0.000 0.000 0.000 49.590 48.582 47.579 48.586 49.610 49.618 49.620 49.618 50.610 69.597 64.578 47.554 49.525 60.493 71.458 48.419 60.377 61.331 54.283 74.236 57.191 49.145 0.000 0.000 0.000 0.000 0.000 0.000 0.000 0.000 0.000 0.000 0.000 0.000 52.995 47.994 47.993 47.992 47.991 47.990 45.991 43.993 45.995
90.246 80.245 61.243 65.240 83.236 89.231 89.228 89.226 89.225 84.224 56.224 62.224 0.000 44.148 79.150 87.147 87.142 71.135 86.128 93.120 3.110 0.000 0.000 0.000 0.000 0.000 0.000 0.000 0.000 0.000 0.000 49.611 0.000 0.000 0.000 50.663 49.668 49.673 49.675 50.671 66.659 71.641 48.616 49.587 49.553 67.517 68.477 46.433 54.384 73.328 65.280 43.235 0.000 0.000 0.000 0.000 0.000 0.000 0.000 0.000 0.000 0.000 0.000 0.000 0.000 52.992 47.991 47.990 47.988 46.987 45.987 50.987 51.989 52.991
90.250 90.249 85.247 88.245 89.242 89.238 89.235 89.233 89.230 85.229 60.227 77.226 0.000 0.000 57.158 81.155 89.150 90.144 89.138 94.132 0.000 0.000 0.000 0.000 0.000 0.000 0.000 0.000 0.000 0.000 0.000 49.631 0.000 0.000 51.714 49.710 49.718 49.729 49.738 49.738 66.729 71.710 48.684 49.652 49.617 50.579 71.539 65.495 72.443 62.364 43.322 0.000 0.000 0.000 0.000 0.000 0.000 0.000 0.000 0.000 0.000 0.000 0.000 0.000 50.989 47.989 47.989 47.987 47.985 46.983 48.982 52.983 53.984 53.986
88.255 89.255 89.253 89.251 89.249 89.246 89.243 89.240 89.237 90.234 85.230 92.227 16.223 0.000 45.170 64.165 87.160 89.154 90.148 78.140 0.000 0.000 0.000 0.000 0.000 0.000 0.000 0.000 0.000 0.000 0.000 43.653 48.674 48.696 47.719 49.747 49.766 49.788 49.809 49.817 66.809 71.788 48.757 49.721 49.683 49.644 54.605 77.567 57.531 0.000 0.000 0.000 0.000 0.000 0.000 0.000 0.000 0.000 0.000 0.000 0.000 0.000 0.000 0.000 3.988 54.988 50.988 51.986 49.983 45.978 52.977 53.977 51.979 51.981
85.262 90.262 89.261 89.259 89.257 89.254 89.251 89.248 89.244 89.240 90.235 83.228 67.220 58.206 52.188 79.178 89.170 89.165 94.161 0.000 0.000 0.000 0.000 0.000 0.000 0.000 0.000 0.000 0.000 0.000 0.000 0.000 0.000 0.000 0.000 49.792 49.812 49.848 49.894 49.911 65.903 72.875 49.837 49.793 49.750 49.710 49.673 55.635 8.583 0.000 0.000 0.000 0.000 0.000 0.000 0.000 0.000 0.000 0.000 0.000 0.000 0.000 0.000 0.000 0.000 0.000 0.000 0.000 0.000 54.969 52.970 53.971 50.973 45.975
85.270 90.270 89.269 89.268 89.266 89.264 89.261 89.257 89.253 89.248 90.241 75.233 54.223 53.211 62.198 86.188 89.180 89.174 95.171 0.147 0.000 0.000 0.000 0.000 0.000 0.000 0.000 0.000 0.000 0.000 0.000 0.000 0.000 0.000 0.000 45.817 49.843 46.900 50.008 50.032 69.015 72.974 49.921 49.866 49.816 49.773 49.740 46.719 0.000 0.000 0.000 0.000 0.000 0.000 0.000 0.000 0.000 0.000 0.000 0.000 0.000 46.915 0.000 0.000 0.000 0.000 0.000 0.000 50.955 51.960 53.963 53.965 50.968 46.970
88.279 89.279 89.279 89.278 89.276 89.274 89.272 89.268 89.263 89.257 89.250 86.241 63.230 64.218 81.206 88.196 89.188 89.182 96.179 13.179 0.000 0.000 0.000 0.000 0.000 0.000 0.000 0.000 0.000 0.000 0.000 0.000 0.000 0.000 0.000 0.000 45.842 0.000 49.208 50.194 78.152 65.086 50.008 49.934 49.873 62.828 52.797 47.781 0.000 0.000 0.000 0.000 0.000 0.000 0.000 0.000 0.000 0.000 0.000 0.000 0.000 57.915 42.916 0.000 0.000 0.000 0.000 51.945 54.950 53.954 50.957 46.960 46.962 44.965
89.290 89.290 89.289 89.289 89.288 89.286 89.284 89.281 89.276 89.269 89.261 89.250 91.238 91.225 90.213 89.203 89.195 91.189 80.184 23.181 0.000 0.000 0.000 0.000 0.000 0.000 0.000 0.000 0.000 0.000 0.000 0.000 0.000 0.000 0.000 0.000 0.000 0.000 49.422 50.385 84.314 53.212 50.090 49.988 61.917 70.869 49.840 49.828 48.839 0.000 0.000 0.000 0.000 0.000 0.000 0.000 0.000 0.000 0.000 0.000 0.000 53.916 54.916 41.918 0.000 47.931 49.935 53.940 52.945 50.949 49.952 45.955 53.957 56.959
88.301 87.301 89.301 89.302 89.301 89.300 89.298 89.295 89.291 89.284 89.275 89.262 89.247 89.232 89.219 89.209 90.201 73.195 1.189 0.000 50.181 64.180 10.179 0.000 0.000 0.000 0.000 0.000 0.000 0.000 0.000 0.000 0.000 0.000 0.000 0.000 0.000 0.000 45.674 56.610 79.508 50.357 47.153 50.012 49.937 49.892 49.865 49.852 49.850 46.850 0.000 0.000 0.000 0.000 0.000 0.000 0.000 0.000 0.000 0.000 0.000 48.916 44.917 50.919 45.923 53.928 53.933 52.937 48.942 51.945 46.948 45.950 45.953 38.956
78.312 78.313 87.314 89.315 89.316 89.315 89.314 89.312 89.308 89.302 89.293 90.278 91.257 89.238 89.224 89.213 89.205 11.201 0.000 50.186 60.182 70.180 69.178 62.177 54.177 0.000 0.000 0.000 0.000 0.000 0.000 0.000 0.000 0.000 0.000 50.368 53.320 53.209 49.992 48.872 57.753 45.555 0.000 45.970 49.929 49.898 49.877 49.865 48.861 0.000 0.000 0.000 0.000 0.000 0.000 0.000 50.908 61.908 0.000 0.000 49.913 47.915 47.917 44.919 52.922 53.927 53.931 50.935 53.939 53.942 51.945 46.947 35.948 0.000
60.323 65.325 84.328 90.331 89.332 89.332 89.332 89.331 89.329 89.324 91.316 77.301 73.266 88.240 93.225 90.215 85.207 67.202 70.197 76.190 70.184 71.181 50.179 43.178 0.000 0.000 0.000 0.000 0.000 0.000 0.000 0.000 0.000 0.000 41.416 47.416 50.384 50.315 50.212 50.133 52.079 0.000 0.000 0.000 44.911 49.894 49.880 49.872 49.867 0.000 0.000 0.000 0.000 0.000 0.000 10.907 67.908 49.908 47.909 47.911 47.912 47.914 45.916 50.918 53.921 53.925 49.929 53.934 53.938 52.940 46.942 47.944 37.944 0.000
44.333 59.337 78.344 91.348 92.349 92.349 90.352 89.353 90.353 89.351 90.348 28.344 0.000 47.231 65.223 86.214 93.208 91.204 91.200 77.194 0.168 0.000 0.000 0.000 0.000 0.000 0.000 0.000 0.000 0.000 0.000 0.000 0.000 0.000 0.000 46.498 50.486 48.454 49.409 51.371 52.350 0.000 0.000 0.000 0.000 42.886 49.879 49.874 46.870 0.000 0.000 0.000 0.000 0.000 0.000 0.000 9.908 63.908 46.909 46.910 47.912 46.913 46.915 52.917 53.920 51.923 39.926 0.000 57.939 51.940 51.941 51.941 37.942 0.000
8.339 30.346 63.363 69.369 63.369 65.364 82.373 90.377 86.379 79.380 78.381 13.383 0.000 0.000 0.000 23.210 58.208 84.206 91.205 0.000 0.000 0.000 0.000 0.000 0.000 0.000 0.000 0.000 0.000 38.181 59.182 4.182 0.000 0.000 0.000 46.592 52.609 51.608 60.599 61.594 51.600 0.000 0.000 0.000 0.000 0.000 46.877 47.875 0.000 0.000 0.000 0.000 0.000 0.000 0.000 0.000 0.000 68.909 71.909 51.910 45.911 43.913 53.914 53.916 48.917 0.000 0.000 0.000 0.000 56.939 53.939 53.940 43.940 0.000
0.000 0.000 44.395 53.396 5.397 0.000 54.401 83.403 74.406 70.409 84.415 51.426 11.450 0.000 0.000 0.000 0.000 29.208 60.210 0.000 0.000 0.000 0.000 0.000 0.000 0.000 0.000 0.000 0.000 0.000 43.183 61.183 0.000 0.000 0.000 37.670 51.749 49.772 79.784 72.805 50.857 52.987 0.000 0.000 0.000 0.000 41.876 0.000 0.000 0.000 0.000 0.000 0.000 0.000 0.000 0.000 0.000 0.000 56.910 73.910 58.911 52.912 53.913 48.914 0.000 0.000 0.000 0.000 0.000 48.938 53.939 53.939 48.940 0.000
0.000 0.000 40.426 85.425 42.425 0.000 43.429 75.430 77.432 88.437 90.444 93.456 99.475 38.499 7.511 0.000 0.000 0.000 0.440 0.000 0.000 0.000 0.000 0.000 0.000 0.000 0.000 0.000 0.000 0.000 44.184 59.185 0.000 0.000 0.163 0.000 44.945 52.949 82.960 64.987 53.037 52.117 57.204 0.000 0.000 0.000 0.000 0.000 0.000 0.000 0.000 0.000 0.000 0.000 0.000 0.000 0.000 0.000 0.000 0.000 61.911 51.912 49.912 0.000 0.000 0.000 0.000 0.000 47.937 46.937 48.938 42.938 0.000 0.000
13.483 28.476 62.458 80.453 88.454 57.462 70.456 93.455 90.458 89.462 89.470 89.481 89.495 95.511 98.524 54.540 13.548 0.000 58.560 72.564 65.566 67.566 23.565 0.000 0.000 0.000 0.000 0.000 0.000 0.000 23.186 45.187 51.193 51.199 54.205 13.213 46.137 75.118 77.123 54.146 52.186 52.241 55.291 0.416 0.000 0.000 0.000 0.000 0.000 0.000 0.000 0.000 0.000 0.000 0.000 0.000 0.000 0.000 0.000 0.000 0.000 0.000 0.000 0.000 0.000 0.000 0.000 49.936 44.936 42.937 0.000 0.000 0.000 0.000
86.491 89.487 89.480 87.476 85.476 86.478 88.477 88.478 89.481 90.486 90.493 89.502 82.513 86.525 89.537 93.548 97.556 98.564 90.566 86.568 83.568 78.567 80.565 73.563 29.561 7.560 0.000 0.000 0.000 0.000 0.000 0.000 0.000 0.000 0.000 70.298 59.274 88.262 79.268 66.289 53.323 52.369 52.424 56.499 52.499 0.000 0.000 0.000 0.000 0.000 0.000 0.000 0.000 0.000 0.000 0.000 0.000 0.000 0.000 0.000 0.000 0.000 0.000 0.000 0.000 0.000 0.000 0.000 0.000 0.000 0.000 0.000 0.000 0.000
89.503 84.501 82.498 81.497 75.496 72.497 73.498 73.500 79.504 84.508 84.515 77.523 61.532 76.541 89.551 89.559 89.566 89.571 89.573 89.573 90.572 90.569 93.566 94.563 94.561 94.560 33.559 0.000 0.000 0.000 0.000 0.000 0.000 0.000 0.000 42.408 68.397 73.391 57.398 74.418 62.449 52.490 52.536 55.582 0.000 0.000 0.000 0.000 0.000 0.000 0.000 0.000 0.000 0.000 0.000 0.000 0.000 0.000 0.000 0.000 0.000 0.000 0.000 0.000 0.000 0.000 0.000 0.000 0.000 0.000 0.000 0.000 0.000 0.000
59.519 32.518 54.517 68.516 66.516 46.517 31.519 27.521 47.525 64.530 63.536 56.543 51.551 61.559 82.566 90.573 89.578 89.582 89.582 89.581 89.578 93.573 68.567 56.564 55.561 59.560 62.559 1.558 0.000 0.000 0.000 0.000 0.000 0.000 0.000 40.530 76.516 59.508 51.516 61.536 72.566 56.604 52.651 52.711 58.810 2.858 0.000 0.000 0.000 0.000 0.000 0.000 0.000 0.000 0.000 0.000 0.000 0.000 0.000 0.000 0.000 0.000 0.000 0.000 0.000 0.000 0.000 0.000 0.000 0.000 0.000 0.000 0.000 0.000
49.536 20.535 42.535 57.535 53.536 30.537 16.539 20.542 40.546 54.551 52.556 52.563 53.570 51.577 70.583 87.589 89.593 89.595 89.595 89.591 88.585 51.579 0.000 0.000 0.000 0.000 0.000 0.000 0.000 46.830 66.831 18.832 4.832 0.816 47.747 64.667 81.627 58.610 52.623 50.646 67.675 69.710 55.753 52.803 52.861 55.907 64.951 2.967 0.000 0.000 0.000 0.000 0.000 0.000 0.000 0.000 0.000 0.000 0.000 0.000 0.000 0.000 0.000 0.000 0.000 0.000 0.000 0.000 0.000 0.000 0.000 0.000 0.000 0.000
62.554 58.554 53.554 52.555 53.556 55.557 56.560 59.563 58.567 54.572 53.577 53.583 53.589 52.596 59.602 81.607 90.611 89.613 91.611 63.604 29.594 0.000 0.000 0.000 0.000 0.000 0.000 0.000 0.000 11.831 33.831 36.833 40.837 54.846 51.814 72.766 69.717 43.683 50.721 52.749 54.778 67.811 59.847 54.886 52.926 51.958 68.980 59.984 53.983 0.000 0.000 0.000 0.000 0.000 0.000 0.000 0.000 0.000 0.000 0.000 0.000 0.000 0.000 0.000 0.000 0.000 0.000 0.000 0.000 0.000 0.000 0.000 0.000 12.177
52.572 53.573 53.573 53.574 53.575 53.578 53.580 53.584 53.588 53.592 53.598 53.604 53.610 53.616 51.622 72.628 89.632 91.634 87.632 13.622 0.000 0.000 0.000 0.000 0.000 0.000 0.000 0.000 0.000 0.000 0.000 0.000 0.000 38.898 55.896 81.867 55.792 0.000 38.831 53.852 51.879 55.908 56.939 65.970 54.999 53.020 52.027 48.005 0.000 0.000 0.000 0.000 0.000 0.000 0.000 0.000 0.000 0.000 0.000 0.000 0.000 0.000 0.000 0.000 0.000 0.000 0.000 0.000 0.000 0.000 0.000 0.000 17.350 82.273
53.591 53.592 53.593 53.594 53.595 53.598 53.601 52.604 52.608 53.613 53.619 53.625 53.631 53.637 52.644 60.650 75.655 86.660 74.663 0.665 0.000 0.000 0.000 0.000 0.000 0.000 0.000 0.000 0.000 0.000 0.000 0.000 0.000 15.952 65.006 90.014 0.104 0.000 36.921 54.949 52.978 52.005 60.031 71.057 59.079 53.096 57.105 0.000 0.000 0.000 0.000 0.000 0.000 0.000 0.000 0.000 0.000 0.000 0.000 0.000 0.000 0.000 0.000 0.000 0.000 0.000 0.000 0.000 0.000 0.000 0.000 0.000 74.427 88.372
53.611 53.611 53.612 53.614 53.616 53.618 53.621 57.625 58.629 54.634 53.640 53.646 53.652 53.659 53.666 52.673 55.681 64.688 64.697 5.712 0.000 0.000 0.000 0.000 0.000 0.000 7.807 0.000 0.000 0.000 0.000 0.000 0.000 0.000 69.165 84.169 7.219 0.000 20.983 52.046 53.078 53.103 52.125 57.147 59.166 55.182 57.192 0.000 0.000 0.000 0.000 0.000 0.000 0.000 0.000 0.000 0.000 0.000 0.000 0.000 0.000 0.000 0.000 0.000 0.000 0.000 0.000 0.000 0.000 0.000 0.000 58.651 67.558 67.485
53.631 53.631 53.632 53.634 53.636 53.638 52.642 64.646 69.650 56.655 53.661 53.667 53.674 53.682 53.689 53.697 53.706 52.716 55.726 36.736 0.000 0.000 0.000 0.000 0.000 49.807 70.807 32.807 23.802 22.794 0.000 0.000 0.000 50.411 92.319 66.280 66.271 0.000 0.000 38.174 55.188 53.204 53.221 51.239 67.257 71.274 65.289 0.000 0.000 0.000 0.000 0.000 0.000 0.000 0.000 0.000 0.000 0.000 0.000 0.000 0.000 0.000 0.000 0.000 0.000 0.000 0.000 0.000 0.000 0.000 32.819 83.745 69.668 82.602
53.651 53.651 53.652 53.654 53.656 53.659 52.662 65.667 71.671 55.677 53.683 53.689 53.696 53.704 53.713 53.722 53.732 53.743 53.756 59.771 30.795 0.000 0.000 0.000 0.000 12.808 27.809 49.813 57.805 61.787 35.748 11.694 46.617 84.505 82.420 62.361 44.315 2.314 0.000 38.289 55.295 54.305 57.317 52.332 61.349 84.370 81.402 26.463 0.000 6.595 0.000 0.000 0.000 0.000 0.000 0.000 0.000 0.000 0.000 0.000 0.000 0.000 0.000 0.000 0.000 0.000 0.000 0.000 0.000 0.000 69.894 125.841 108.776 130.685
50.671 51.671 52.672 52.674 53.677 53.680 51.683 66.687 69.692 52.698 53.704 53.711 53.719 53.727 53.736 53.746 53.757 53.769 53.783 53.799 59.820 39.841 0.000 0.000 0.000 0.000 0.000 25.830 56.820 52.800 55.765 59.717 71.652 88.572 72.496 40.428 0.000 0.000 0.000 37.398 54.400 57.404 70.412 56.423 66.437 67.457 86.485 90.526 73.575 23.596 0.000 0.000 0.000 0.000 0.000 0.000 0.000 0.000 0.000 0.000 0.000 0.000 0.000 0.000 0.000 0.000 0.000 0.000 0.000 56.115 66.022 66.950 69.882 88.858
71.691 66.692 61.693 59.695 55.697 51.700 51.704 66.708 69.714 51.719 53.726 53.733 53.741 53.750 53.759 53.770 52.781 51.794 52.808 52.824 52.843 58.864 35.889 12.902 0.000 0.000 0.000 24.858 62.847 56.827 51.797 64.757 87.703 81.635 49.565 0.000 0.000 0.000 0.000 35.507 53.502 58.500 65.503 60.510 65.521 64.536 77.555 71.580 64.605 37.617 0.000 0.000 0.000 0.000 0.000 0.000 0.000 0.000 0.000 0.000 0.000 0.000 0.000 0.000 0.365 0.000 0.000 0.000 33.286 61.208 130.128 94.062 125.946 109.619
91.711 90.712 86.713 81.715 77.718 72.721 67.725 63.729 58.735 52.741 53.747 53.755 53.763 53.772 52.782 54.793 60.805 65.818 64.832 62.848 56.865 51.883 55.901 61.916 25.929 6.932 10.924 44.899 67.882 58.864 54.841 77.811 89.769 45.702 0.000 0.000 0.000 0.000 5.675 39.622 52.601 57.592 73.591 63.595 56.602 49.611 55.622 73.635 70.646 76.653 0.000 0.000 0.000 0.000 0.000 0.000 0.000 0.000 0.000 0.000 0.000 0.000 0.000 0.000 0.057 0.000 0.000 0.000 68.364 59.303 69.235 92.128 68.301 107.757
