results1/res_4e8f-0215.wd
ncols         241
nrows         181
xllcorner     12693529.787448
yllcorner     3542525.717860
cellsize      155.156523
NODATA_value  -9999.000000
[rows 33 to 65 of 181, columns 73 to 145 of 241]
0.000 0.000 0.000 0.000 0.000 0.000 0.000 0.000 0.000 0.000 0.000 0.000 0.000 0.000 0.000 0.000 0.000 0.000 0.000 0.000 0.000 0.000 0.000 0.000 0.000 0.000 0.000 0.000 0.000 0.000 0.000 0.000 0.000 0.000 0.000 0.000 0.000 0.000 0.000 39.921 62.922 67.923 23.926 0.000 0.000 33.002 47.030 14.009 5.009 37.030 40.046 34.043 35.024 35.988 35.933 35.860 35.767 34.649 40.494 60.256 6.768 14.877 12.152 47.307 63.763 68.291 66.851 67.452 65.986 68.070 63.124 62.734 62.722
0.000 0.000 0.000 0.000 0.000 0.000 0.000 0.000 0.000 0.000 0.000 0.000 0.000 0.000 0.000 0.000 0.000 0.000 0.000 0.000 0.000 0.000 0.000 0.000 0.000 0.000 0.000 0.000 0.000 0.000 0.000 0.000 0.000 0.000 0.000 0.000 0.000 0.000 0.000 0.000 14.922 9.923 0.000 0.000 0.000 0.000 29.122 0.000 0.000 27.071 51.112 50.116 40.099 36.062 36.005 35.925 35.824 34.703 56.567 54.411 0.000 37.710 50.273 63.698 68.177 67.698 67.267 66.774 67.833 63.850 63.150 63.402 65.702
0.000 0.000 0.000 0.000 0.000 0.000 0.000 0.000 0.000 0.000 0.000 0.000 0.000 0.000 0.000 0.000 0.000 0.000 35.341 67.341 20.341 0.000 0.000 0.000 0.000 0.000 0.000 0.000 0.000 0.000 0.000 0.000 0.000 0.000 0.000 0.000 0.000 0.000 0.000 0.000 0.000 0.000 0.000 0.000 0.000 0.000 21.213 0.000 0.000 0.000 29.216 47.210 47.193 38.157 36.098 36.012 33.900 49.772 58.659 0.000 23.370 47.980 62.533 69.036 68.542 68.086 67.565 69.597 65.583 63.693 64.091 66.414 65.658
0.000 0.000 0.000 0.000 0.000 0.000 0.000 0.000 0.000 0.000 0.000 22.343 60.343 0.343 0.000 0.000 0.000 0.000 42.342 93.341 49.341 0.000 0.000 0.000 0.000 0.000 0.000 0.000 0.000 0.000 0.000 0.000 0.000 0.000 0.000 0.000 0.000 0.000 0.000 0.000 0.000 0.000 0.000 0.000 0.000 0.000 24.305 25.346 32.364 18.362 28.325 36.316 49.305 40.276 36.218 33.124 43.992 53.827 42.637 18.294 47.761 65.305 69.845 69.365 68.900 68.359 68.364 67.325 64.347 64.794 67.132 66.383 66.148
0.000 0.000 0.000 0.000 0.000 0.000 0.000 0.000 0.000 0.000 0.000 43.343 78.343 67.343 54.343 9.343 3.343 27.342 81.342 89.341 54.341 0.000 0.000 0.000 0.000 23.393 2.393 0.000 0.000 0.000 0.000 0.000 0.000 0.000 0.000 0.000 0.000 7.393 0.000 0.000 0.000 11.392 29.391 0.000 0.000 40.368 55.355 58.369 56.384 42.397 36.406 35.424 49.435 40.424 32.375 46.273 60.118 47.905 35.770 50.484 55.075 67.634 70.171 69.709 69.156 69.136 67.080 65.111 65.516 67.862 67.121 66.891 66.556
0.000 0.000 0.000 0.000 0.000 0.000 0.000 0.000 0.000 0.000 0.000 14.343 76.343 59.343 40.343 2.343 23.343 73.342 84.342 91.341 50.341 0.000 0.000 0.000 0.393 61.393 45.393 0.000 0.000 0.000 0.000 0.000 0.000 0.000 0.000 0.393 24.393 36.393 38.393 0.000 0.000 20.392 45.391 24.390 38.387 61.381 64.380 65.390 62.407 49.435 36.478 33.539 50.588 41.610 45.583 63.477 57.303 0.000 34.053 52.798 65.420 70.982 70.526 69.966 69.921 67.854 66.002 66.260 68.608 67.878 67.654 67.321 66.987
0.000 0.000 0.000 0.000 0.000 0.000 0.000 0.000 0.000 0.000 0.000 0.000 0.000 27.344 65.344 61.344 49.343 62.343 82.342 93.341 46.340 0.000 0.000 0.000 0.000 23.393 47.393 49.393 0.000 0.000 0.000 0.000 0.000 0.000 0.000 0.000 40.393 41.393 53.393 36.393 25.393 39.392 40.392 36.391 43.390 50.390 48.393 41.402 60.421 26.457 42.533 45.665 35.768 47.844 60.872 57.748 0.315 9.005 45.593 62.232 70.828 71.365 70.813 70.738 67.666 67.059 67.032 69.372 68.653 68.440 68.115 67.782 67.423
0.000 0.000 0.000 0.000 0.000 0.000 0.000 0.000 0.000 0.000 0.000 0.000 0.000 17.344 84.344 79.344 69.344 59.343 83.342 91.340 86.338 71.334 26.332 0.000 0.000 0.000 3.393 57.393 41.393 39.393 50.393 45.393 8.393 0.000 0.000 4.393 40.393 39.393 60.393 66.393 55.393 47.393 39.393 36.393 37.393 38.395 37.398 35.406 43.419 4.438 0.000 4.819 40.974 64.129 62.310 1.605 7.697 45.412 59.078 68.721 72.260 71.822 72.598 68.551 68.357 67.852 70.162 69.449 69.242 68.932 68.615 68.265 67.874
0.000 0.000 0.000 0.000 0.000 0.000 0.000 0.000 0.000 0.000 0.000 0.000 0.000 0.000 17.344 56.345 31.345 67.344 86.343 91.341 89.337 87.333 76.329 35.326 0.326 0.000 0.000 13.393 52.393 52.393 65.393 63.393 56.393 51.393 0.000 0.000 7.393 44.393 63.393 70.393 62.393 46.394 35.394 36.394 36.395 36.397 36.400 36.405 40.410 0.000 0.000 0.000 11.180 48.386 17.849 15.117 50.057 54.864 66.607 73.214 73.067 71.308 69.638 70.025 68.755 70.997 70.273 70.061 69.757 69.460 69.144 68.789 68.358
0.000 0.000 0.000 0.000 0.000 0.000 0.000 0.000 0.000 0.000 0.000 0.000 0.000 0.000 0.000 2.346 88.346 88.346 90.345 90.342 89.337 83.331 77.326 48.322 0.000 0.000 0.000 0.000 0.000 20.393 65.393 59.393 74.393 71.393 50.393 29.393 30.393 39.393 61.393 70.394 61.394 44.394 34.394 39.395 38.397 36.398 36.401 36.403 37.405 29.405 0.000 0.000 0.000 0.000 9.581 52.618 55.547 63.404 74.128 74.241 72.603 74.496 72.259 69.798 71.909 71.146 70.903 70.586 70.294 70.004 69.712 69.389 67.953
0.000 0.000 0.000 0.000 0.000 0.000 23.320 46.317 0.000 24.259 64.248 53.236 57.225 32.218 0.000 0.000 24.349 96.349 90.350 87.346 84.338 87.329 78.321 41.316 0.000 0.000 0.000 0.000 0.000 0.000 0.000 9.393 63.393 64.393 15.393 0.000 6.393 43.393 61.393 66.394 56.394 47.394 45.395 7.396 14.397 42.399 36.401 36.403 37.404 43.404 51.404 13.404 0.000 0.000 25.277 58.229 62.121 72.931 75.147 74.779 78.056 76.636 71.141 72.948 72.095 71.787 71.431 71.117 70.823 70.552 70.309 70.103 75.958
0.000 0.000 0.000 0.000 0.000 0.000 23.323 66.314 8.295 58.269 60.250 72.234 55.220 40.212 0.000 0.000 12.351 81.353 93.358 90.353 90.341 91.326 85.313 39.304 0.000 0.000 0.000 0.000 0.000 0.000 0.000 0.000 0.000 48.393 7.393 0.000 2.393 49.393 46.393 58.394 15.394 0.000 0.000 0.000 0.000 8.400 46.401 40.402 3.403 33.404 67.404 50.404 3.404 0.000 30.029 63.868 72.770 75.891 75.646 79.816 79.070 72.496 74.064 73.115 72.721 72.306 71.948 71.622 71.329 71.073 70.870 70.756 75.817
21.586 65.580 55.575 0.000 0.000 0.000 17.335 77.322 53.300 55.274 61.250 85.229 86.211 81.197 35.182 0.000 0.000 0.000 41.377 95.366 90.346 91.323 88.299 47.283 0.000 0.000 0.000 0.000 0.000 0.000 0.000 0.000 0.000 6.393 0.000 0.000 0.000 0.000 0.000 0.000 0.000 0.000 0.000 0.000 0.000 0.000 0.000 21.403 18.403 0.000 0.000 0.000 0.000 19.441 56.858 73.810 75.487 76.420 80.767 80.370 73.525 75.086 74.126 73.673 73.202 72.796 72.427 72.095 71.798 71.541 71.342 71.233 74.294
21.587 77.579 59.569 55.558 0.000 0.000 4.359 69.340 71.309 71.277 83.246 80.221 92.199 91.181 52.168 0.000 0.000 0.000 17.408 97.388 90.356 91.318 88.279 48.246 0.000 0.000 8.808 56.771 68.729 37.702 0.000 0.000 0.000 0.000 0.000 0.000 0.000 0.000 0.000 0.000 0.000 0.000 0.000 0.000 0.000 0.000 0.000 0.000 6.403 0.000 0.000 0.000 17.406 57.913 74.874 75.456 81.686 81.176 74.796 75.359 75.862 75.047 74.583 74.089 73.647 73.242 72.872 72.533 72.226 71.953 71.722 78.542 19.418
85.590 82.579 61.566 62.547 54.517 1.473 59.402 54.370 62.319 75.278 79.237 90.209 91.184 90.160 59.141 0.000 0.000 0.000 16.458 96.422 90.372 91.315 86.252 66.176 50.058 50.951 50.846 58.775 79.716 46.674 0.000 0.000 0.000 0.000 0.000 0.000 0.000 0.000 0.000 0.000 0.000 0.000 0.000 0.000 0.000 0.000 0.000 0.000 0.000 0.000 15.496 46.274 55.782 74.768 76.358 83.022 82.430 75.344 77.066 76.402 75.864 75.411 74.929 74.478 74.052 73.655 73.284 72.940 72.619 72.323 79.050 24.796 0.000
82.595 77.583 75.567 58.546 62.516 62.481 53.442 46.420 0.000 0.000 21.216 80.194 91.166 89.135 74.096 41.042 0.000 3.632 65.543 86.470 91.395 90.318 91.237 81.149 57.048 53.947 52.851 61.765 79.686 62.604 48.490 49.401 53.335 64.295 28.278 0.000 0.000 0.000 0.000 0.000 0.000 0.000 0.000 0.000 0.000 0.000 0.000 0.000 0.000 0.000 26.696 66.537 74.483 77.131 83.901 83.505 76.067 77.738 76.962 76.593 76.155 75.706 75.265 74.838 74.429 74.040 73.672 73.322 72.989 78.669 25.360 0.000 0.000
71.603 23.590 91.574 62.554 56.521 57.492 59.466 59.448 48.446 0.000 0.000 1.179 25.152 96.117 86.065 63.988 55.865 62.721 61.614 63.518 71.422 72.326 59.230 56.135 54.038 53.940 52.844 61.751 76.659 55.565 52.465 57.378 73.310 76.270 61.262 35.262 0.000 0.000 0.000 0.000 0.000 0.000 0.000 0.000 0.000 0.000 0.000 0.000 0.000 17.535 59.381 74.992 77.833 84.468 84.222 76.762 78.408 77.626 77.272 76.846 76.425 76.004 75.586 75.179 74.785 74.405 74.040 73.687 79.344 25.007 0.000 0.000 0.000
17.611 90.599 91.586 77.574 0.000 4.499 64.480 60.460 71.444 62.426 0.000 1.192 4.157 84.116 81.058 65.982 56.884 53.775 53.672 56.566 69.448 77.333 80.222 73.123 63.027 55.931 54.833 70.735 73.634 48.532 52.429 52.334 53.257 57.214 36.238 0.000 0.000 0.000 6.787 0.000 0.000 0.000 0.000 0.000 0.000 0.000 0.000 20.759 52.428 60.284 73.799 85.130 84.745 77.814 78.410 78.979 78.291 77.930 77.511 77.106 76.699 76.296 75.897 75.507 75.127 74.757 75.396 82.042 25.693 0.000 0.000 0.000 0.000
95.620 91.610 91.598 91.583 78.561 61.525 61.496 61.469 52.443 1.402 18.308 25.248 77.188 74.132 77.070 69.997 70.914 70.824 70.732 73.628 68.470 68.334 70.203 74.109 75.017 72.923 68.824 79.720 77.612 65.499 66.385 66.273 68.169 43.091 0.000 0.000 0.000 0.000 7.787 0.000 0.000 0.000 0.000 0.000 0.000 7.642 55.417 55.979 76.992 77.548 86.190 85.713 80.300 80.018 79.408 78.943 78.567 78.158 77.760 77.364 76.971 76.582 76.200 75.826 75.459 76.099 79.745 12.393 0.000 0.000 0.000 0.000 0.000
94.629 90.621 90.612 91.598 88.575 66.544 60.511 61.477 62.440 54.394 3.331 69.272 66.213 67.154 68.092 63.024 66.951 71.875 79.803 64.745 0.000 0.272 15.148 73.090 69.010 68.920 68.820 68.710 68.593 68.469 68.339 68.202 66.056 60.891 33.670 0.000 9.304 53.083 59.787 71.483 41.248 0.000 0.000 0.000 1.528 56.843 67.625 79.546 80.181 86.924 86.590 80.949 80.627 79.893 79.566 79.178 78.784 78.393 78.004 77.619 77.238 76.863 76.496 76.136 76.783 79.435 27.090 0.000 0.000 0.000 0.000 0.000 0.000
80.636 80.635 80.633 91.620 91.597 81.565 57.527 60.488 61.448 61.403 67.351 76.296 60.238 57.180 55.120 62.055 76.989 75.923 60.861 40.803 0.000 0.000 0.000 1.101 58.011 52.929 52.825 52.708 52.581 53.444 56.299 57.141 56.962 55.745 56.450 55.000 54.524 63.160 69.793 67.415 74.013 71.476 65.967 63.455 65.826 77.474 80.996 80.789 87.418 87.201 81.586 81.241 80.493 80.168 79.775 79.391 79.006 78.624 78.245 77.870 77.499 77.135 76.783 77.440 78.104 16.770 0.000 0.000 0.000 0.000 0.000 0.000 0.000
0.000 46.649 58.663 86.654 90.629 71.592 54.544 53.500 61.460 61.420 60.375 54.322 55.264 61.209 78.151 77.089 60.027 52.968 42.915 0.000 62.477 71.415 67.320 68.197 71.069 73.959 72.844 73.717 76.577 75.428 72.272 74.101 68.907 54.675 58.386 57.025 61.631 79.241 85.811 82.370 75.913 70.444 71.991 78.456 83.311 81.751 88.021 87.672 81.570 83.180 81.767 81.107 80.769 80.372 79.989 79.605 79.226 78.852 78.483 78.117 77.753 78.396 76.061 71.738 23.421 0.000 0.000 0.000 0.000 0.000 0.000 0.000 0.423
0.000 0.000 51.717 70.703 81.675 56.627 48.559 55.506 53.472 60.442 61.406 61.355 54.286 71.240 63.186 52.124 55.060 47.008 0.000 71.628 74.539 74.449 76.347 77.232 80.111 83.993 82.873 82.740 82.582 84.419 85.258 83.086 70.891 56.663 58.395 58.082 57.736 60.361 33.838 6.344 95.821 137.421 114.956 80.889 82.409 88.982 88.545 82.017 84.746 82.162 81.720 81.363 80.970 80.585 80.199 79.816 79.440 79.075 78.717 78.362 80.000 74.635 63.325 18.032 0.000 0.000 0.000 0.000 0.000 0.000 0.000 0.665 47.523
3.956 0.000 6.785 27.765 62.740 44.684 0.000 50.494 55.481 55.469 61.454 50.404 0.000 55.278 53.229 55.161 56.083 65.994 79.870 76.718 78.601 84.495 94.387 138.273 135.148 135.031 134.916 134.788 135.593 119.408 51.256 54.093 51.906 59.692 58.448 55.173 52.869 34.628 0.000 0.000 4.624 62.332 79.342 83.937 89.673 89.355 81.614 83.315 82.616 82.313 81.945 81.564 81.181 80.795 80.406 80.020 79.645 79.289 79.949 78.614 70.251 58.820 16.572 0.000 0.000 0.000 0.000 0.000 0.000 0.000 3.822 38.758 59.639
77.956 25.932 14.874 77.831 55.837 0.000 0.000 0.000 49.489 62.498 54.536 0.000 7.452 63.366 54.290 65.208 78.117 78.016 82.899 85.771 78.653 64.542 55.434 51.323 49.178 52.064 52.974 39.903 0.000 56.363 53.266 52.123 55.949 59.750 56.534 48.291 54.939 35.656 0.000 1.912 57.638 74.643 84.364 90.166 89.944 82.196 83.884 83.181 82.889 82.521 82.153 81.777 81.395 81.007 80.612 80.211 79.832 80.486 76.177 64.892 21.572 0.000 0.000 0.000 0.000 0.000 0.000 0.000 0.000 0.000 6.887 56.825 55.737
87.976 95.966 83.947 0.918 12.939 7.050 2.085 1.090 0.000 0.000 58.656 56.634 64.537 61.446 61.356 61.263 78.163 92.054 80.937 60.816 58.698 53.587 55.485 46.406 0.000 58.075 55.010 43.948 0.000 57.416 52.321 53.184 60.016 57.824 55.648 37.519 0.000 2.127 54.347 52.095 68.880 84.787 90.444 83.128 83.696 84.356 83.754 83.460 83.099 82.741 82.372 81.996 81.614 81.227 80.823 81.382 80.985 70.647 55.379 18.206 0.000 0.000 0.000 0.000 0.000 0.000 0.000 5.284 32.236 31.148 46.013 57.919 45.833
78.004 82.009 72.011 0.000 0.000 72.124 65.119 59.094 3.033 10.938 76.797 73.710 60.617 61.523 61.426 62.325 83.216 135.101 127.979 74.857 129.736 50.622 54.513 54.410 56.292 54.151 54.043 53.930 55.770 51.564 51.419 60.277 59.107 55.882 50.716 39.618 0.000 0.886 56.384 63.197 85.190 84.067 90.799 84.174 84.761 84.311 84.022 83.676 83.328 82.968 82.599 82.220 81.837 81.463 83.071 78.510 60.077 46.737 48.488 14.347 0.000 0.000 0.000 0.000 0.000 0.000 0.000 5.331 41.277 46.195 60.097 54.007 43.923
74.035 69.056 13.076 0.000 3.246 55.204 64.173 61.131 79.068 72.984 77.883 85.792 76.699 61.603 61.502 61.393 60.277 54.153 49.024 53.895 50.769 54.650 54.537 54.427 54.314 54.196 54.082 53.960 52.815 57.651 59.516 60.396 44.252 0.000 43.716 0.000 0.000 0.883 60.540 82.448 86.444 91.778 91.322 84.265 84.918 84.560 84.248 83.915 83.566 83.205 82.835 82.449 82.052 80.717 42.488 0.000 0.000 0.000 0.000 0.000 0.000 0.000 0.000 37.753 32.714 31.648 30.557 34.433 43.345 59.260 53.172 44.088 54.008
66.063 57.103 62.163 7.262 60.288 56.272 55.239 73.189 66.124 82.047 90.961 70.874 56.784 54.688 57.584 60.470 61.345 61.209 54.068 52.929 53.796 53.673 54.558 54.449 54.342 59.235 56.128 53.013 53.880 56.709 60.595 49.542 0.000 0.000 0.000 0.000 16.182 136.058 79.795 86.818 84.788 92.182 84.082 86.602 88.086 84.813 84.497 84.166 83.817 83.452 84.085 80.691 68.203 58.866 16.677 0.000 0.000 0.000 0.000 0.000 0.000 0.000 39.836 39.792 39.740 40.673 40.591 41.497 55.410 55.327 39.244 42.164 44.088
41.079 42.131 36.210 60.336 56.371 55.359 66.320 70.262 81.193 88.118 54.040 52.960 53.875 55.781 54.676 51.557 59.422 60.272 61.112 59.955 53.814 52.687 51.573 52.468 58.369 117.274 85.181 65.085 47.982 0.000 62.615 70.635 0.000 0.000 0.000 0.000 60.308 71.201 88.086 86.120 92.887 92.548 85.170 85.701 86.368 85.075 84.765 84.436 84.085 84.701 83.362 36.026 0.000 0.000 0.000 0.000 0.000 0.000 0.000 0.000 0.000 0.022 46.880 42.838 39.782 40.714 38.637 50.555 57.473 41.392 42.314 50.237 48.164
0.000 0.000 0.000 53.502 56.500 58.473 79.420 90.345 104.266 86.192 15.122 72.051 71.974 55.886 55.783 54.660 52.515 55.346 61.151 58.967 59.816 61.689 59.579 57.481 53.392 48.312 53.239 48.162 0.000 0.000 0.000 56.747 48.775 0.000 0.000 2.706 70.542 87.387 87.460 85.475 93.196 84.891 87.394 88.901 85.644 85.354 85.051 84.728 84.385 81.907 36.634 0.000 0.000 0.000 0.000 0.000 0.000 0.000 0.000 0.000 0.000 46.045 15.966 3.900 47.834 37.764 48.689 60.612 48.534 43.456 48.381 52.307 45.236
0.000 0.000 0.000 51.670 57.654 73.614 84.542 132.432 126.336 128.263 134.205 130.148 131.084 56.005 55.908 54.786 54.633 53.444 48.181 57.946 59.794 60.675 58.572 60.484 60.407 61.344 54.300 0.000 0.000 0.000 0.029 57.831 42.803 0.000 0.171 61.855 83.747 87.703 86.692 93.760 93.486 85.948 86.496 87.187 85.925 85.650 85.356 86.039 60.820 0.000 0.000 0.000 0.000 0.000 0.000 0.000 0.000 0.000 58.366 47.316 37.236 41.125 41.038 41.962 41.890 44.818 57.744 54.669 49.594 50.519 48.446 46.374 42.304
17.912 0.000 0.000 52.854 69.832 77.788 83.702 54.505 53.381 52.320 49.285 50.253 50.208 56.144 56.058 71.942 71.788 47.616 0.000 44.843 57.739 59.645 57.552 59.474 59.409 60.355 56.318 0.254 1.157 2.110 56.055 40.943 0.000 0.000 63.255 72.103 88.981 87.894 87.077 94.015 85.621 88.151 90.688 86.465 86.217 85.966 84.683 72.253 31.036 0.000 0.000 0.000 0.000 0.000 44.619 39.597 39.556 39.497 43.415 55.346 58.268 44.180 39.098 41.021 42.947 57.874 56.800 42.727 51.653 52.580 51.509 44.439 40.370
