results1/res_4e8f-0116.wd
ncols         241
nrows         181
xllcorner     12693529.787448
yllcorner     3542525.717860
cellsize      155.156523
NODATA_value  -9999.000000
[rows 0 to 32 of 181, columns 146 to 218 of 241]
0.000 0.000 0.000 0.000 0.000 0.000 0.000 0.000 0.000 0.000 0.000 0.000 0.000 0.000 4.551 15.432 16.234 15.986 15.709 15.419 15.132 14.863 14.622 14.415 14.247 14.116 14.019 13.952 13.909 13.886 13.875 18.872 0.000 0.000 0.000 0.000 0.000 0.000 0.000 0.000 0.000 0.000 0.000 0.000 0.000 0.000 0.000 0.000 0.000 9.500 16.500 0.000 0.000 33.476 38.476 0.000 0.000 0.000 0.000 0.000 0.000 0.000 0.000 0.000 0.000 0.000 0.000 0.000 0.000 0.000 0.000 0.000 0.000
0.000 0.000 0.000 0.000 0.000 0.000 0.000 0.000 0.000 0.000 0.000 0.000 0.000 0.172 15.670 16.511 16.283 16.015 15.721 15.416 15.115 14.835 16.586 15.378 14.210 14.082 13.990 13.927 13.890 13.872 13.869 18.868 0.000 0.000 0.000 0.000 0.000 0.000 0.000 0.000 0.000 0.000 0.000 0.000 0.000 0.000 0.000 0.000 6.502 28.501 4.500 0.000 12.478 45.476 39.476 0.000 0.000 0.000 0.000 0.000 0.000 0.000 0.000 0.000 0.000 0.000 0.000 0.000 24.419 0.000 0.000 0.000 0.000
0.000 0.000 0.000 0.000 0.000 0.000 0.000 0.000 0.000 0.000 0.000 0.000 0.000 19.277 17.946 16.660 16.373 16.070 15.746 15.409 15.078 16.774 16.512 14.299 14.134 14.013 13.930 13.878 13.851 13.845 15.859 9.864 0.000 0.000 0.000 0.000 0.000 0.000 0.000 0.000 0.000 0.000 0.000 0.000 0.000 0.000 0.000 0.000 18.503 0.000 0.000 7.480 38.479 0.477 0.000 0.000 0.000 0.000 0.000 0.000 0.000 0.000 0.000 0.000 0.000 0.000 0.000 0.000 27.419 0.000 0.000 0.000 0.000
0.000 0.000 0.000 0.000 0.000 0.000 0.000 0.000 0.000 0.000 0.000 0.000 2.398 18.610 17.177 16.809 16.479 16.147 15.783 15.395 16.013 15.671 14.389 14.171 14.013 13.905 13.838 13.803 13.792 19.798 0.000 0.000 0.000 0.000 0.000 0.000 0.000 0.000 0.000 0.000 0.000 0.000 0.000 3.510 0.000 0.000 0.000 2.505 62.505 0.000 0.000 13.480 40.481 0.000 0.000 0.000 0.000 0.000 0.000 0.000 0.000 0.000 0.000 5.436 24.436 0.000 0.000 17.420 26.420 27.419 0.000 0.000 0.000
0.000 0.000 0.000 0.000 0.000 0.000 0.000 0.000 0.000 0.000 0.000 7.940 1.203 2.330 17.341 16.920 16.588 16.255 15.844 15.374 15.909 15.509 14.202 13.984 13.842 13.757 13.715 13.704 14.716 15.757 0.000 0.000 0.000 0.000 0.000 0.000 0.000 0.000 0.000 0.000 0.000 0.000 4.510 27.510 22.511 0.000 0.000 18.506 46.506 0.000 0.000 0.000 40.485 0.000 0.000 0.000 0.000 0.000 0.000 0.000 0.000 0.000 39.438 43.437 45.436 0.000 0.000 30.421 25.420 25.420 35.419 0.000 0.000
0.000 0.000 0.000 0.000 0.000 0.000 0.000 0.000 0.000 0.000 10.576 3.221 1.638 1.139 1.139 14.943 16.699 16.440 15.964 17.350 16.738 14.255 13.925 13.722 13.612 13.566 13.562 13.583 19.610 0.000 0.000 0.000 0.000 0.000 0.000 0.000 0.000 0.000 0.000 0.000 0.000 0.000 0.000 7.511 28.511 20.512 18.513 0.509 31.508 4.509 0.000 0.000 25.488 38.491 29.491 27.492 36.491 0.000 0.000 0.000 0.000 0.000 39.440 41.438 46.435 25.431 14.427 31.423 34.421 0.000 0.000 0.000 0.000
0.000 0.000 0.000 0.000 0.000 0.000 0.000 0.000 0.000 0.000 6.920 3.670 3.338 2.862 0.308 0.489 9.824 17.841 17.222 17.325 14.439 13.847 13.520 13.368 13.319 13.332 13.383 13.455 8.533 0.000 0.000 0.000 0.000 0.000 24.548 57.548 0.000 0.000 0.000 0.000 0.000 0.000 0.000 4.511 28.512 41.513 76.514 38.513 39.510 10.509 0.000 0.000 22.490 41.492 26.493 22.492 39.492 0.000 0.000 0.000 0.000 0.000 26.443 32.440 28.436 28.432 32.427 35.423 43.421 0.000 0.000 0.000 22.369
0.000 0.000 0.000 0.000 0.000 0.000 0.000 0.000 0.000 29.991 30.514 7.155 2.801 3.077 2.788 0.662 0.300 4.942 17.759 15.288 13.847 13.173 12.942 12.910 12.963 13.061 14.185 11.320 0.000 0.000 0.000 0.000 0.000 0.000 0.000 45.548 52.549 34.549 26.549 0.000 0.000 0.000 0.000 0.000 0.000 2.514 69.516 48.517 0.000 0.000 0.000 0.000 0.000 34.496 49.495 47.494 49.491 41.487 33.482 36.476 35.469 44.460 48.450 45.444 46.438 46.432 41.427 36.422 33.419 0.000 0.000 0.000 0.000
0.000 0.000 0.000 0.000 0.000 0.000 0.000 0.000 23.960 41.469 42.989 32.561 9.211 1.660 2.771 0.688 2.354 7.021 5.690 15.221 12.486 12.057 12.165 12.366 12.563 13.765 13.975 0.000 0.000 0.000 0.000 0.000 0.000 0.000 0.000 0.000 43.550 53.550 58.550 0.000 0.000 0.000 0.000 0.000 0.000 0.000 41.520 33.520 38.522 5.522 0.000 0.000 18.503 46.500 31.498 25.496 32.493 44.489 32.484 31.477 40.470 49.462 36.454 32.446 35.440 41.433 47.427 49.420 47.413 33.403 24.394 7.386 16.379
0.000 0.000 0.000 0.000 0.000 0.000 0.000 19.960 29.451 44.935 42.412 42.888 35.363 11.842 0.880 4.330 13.768 6.155 2.029 2.760 5.819 10.405 11.294 11.827 12.157 17.461 0.000 0.000 0.000 0.000 0.000 0.000 0.000 0.000 0.000 0.000 10.551 56.551 9.550 0.000 0.000 0.000 0.000 0.000 0.000 37.529 47.525 23.523 39.523 59.523 0.000 0.000 24.506 48.504 27.502 21.500 24.496 37.492 26.486 26.480 28.473 30.465 27.457 28.449 22.442 26.434 32.427 33.419 31.411 40.402 42.393 45.385 53.378
0.000 0.000 0.000 0.000 0.000 0.000 24.972 23.468 46.949 43.408 42.836 42.217 42.509 37.591 20.080 11.838 7.436 0.000 0.000 4.113 2.161 3.039 10.777 11.492 16.777 0.000 0.000 0.000 0.000 0.000 0.000 0.000 34.556 0.000 0.000 0.000 17.553 57.552 0.000 0.000 0.000 0.000 0.000 0.000 32.538 76.533 9.528 12.525 34.524 61.524 1.523 0.000 21.511 46.509 26.507 19.504 22.501 24.496 20.490 19.484 26.476 42.469 25.460 21.452 35.444 31.435 28.427 35.419 35.410 38.401 47.392 51.384 38.376
0.000 0.000 0.000 0.000 0.000 28.922 17.476 45.992 44.471 43.911 43.306 42.637 41.866 41.932 38.760 24.511 3.924 0.000 0.000 45.397 4.223 0.026 0.032 13.588 9.683 0.000 0.000 0.000 0.000 0.000 0.000 0.000 30.557 25.557 34.557 46.556 50.555 40.554 0.000 0.000 0.000 31.550 46.549 51.546 75.542 31.540 0.000 0.000 36.525 24.525 0.000 0.000 24.517 51.516 38.513 22.510 70.506 98.501 47.495 23.489 39.481 86.473 38.464 15.455 80.446 53.437 28.428 35.419 37.410 27.400 36.391 49.382 32.374
0.000 0.000 0.000 0.000 0.000 18.368 40.018 46.553 45.030 44.461 43.840 43.156 42.388 41.509 41.526 40.479 29.716 4.490 50.021 47.128 0.114 0.048 0.017 0.018 0.000 0.000 0.000 0.000 0.000 0.000 0.000 29.557 25.557 30.557 44.557 54.557 38.556 25.555 0.000 0.000 0.000 40.552 39.550 35.548 74.545 34.543 0.000 0.000 15.526 7.526 0.000 17.530 45.526 47.523 41.521 29.517 28.513 61.508 102.502 40.495 33.486 90.478 41.468 15.459 87.449 57.439 20.429 22.419 28.410 19.400 33.390 32.381 20.371
0.000 0.000 0.000 0.000 22.765 33.164 48.674 46.172 45.636 45.061 44.438 43.761 43.017 42.207 41.274 40.550 39.421 51.777 51.443 0.503 0.160 9.251 0.000 0.000 0.000 0.000 0.000 0.000 0.000 45.556 48.557 30.557 29.558 44.558 54.559 40.559 23.557 25.557 25.558 23.559 21.558 33.555 36.553 46.550 86.548 20.546 0.000 0.000 52.528 2.527 0.000 14.534 44.533 44.531 31.529 23.526 19.522 29.516 26.510 66.502 97.493 114.483 95.473 84.463 110.452 104.441 95.431 41.420 21.410 38.400 33.389 22.380 17.370
0.000 0.000 0.000 23.861 33.366 50.849 47.343 46.826 46.283 45.707 45.092 44.431 43.730 42.918 42.394 40.060 51.797 51.799 35.950 18.330 5.514 0.000 0.000 0.000 0.000 0.000 0.000 0.000 0.000 0.000 0.000 9.558 47.559 51.560 43.561 28.563 0.000 0.000 0.000 27.562 23.560 33.558 32.555 55.553 52.551 0.000 0.000 0.000 55.530 1.528 0.000 12.540 42.540 54.539 33.538 39.536 62.532 39.526 21.519 45.510 68.501 102.490 68.479 48.467 96.456 86.444 61.433 30.421 16.410 87.400 55.389 27.378 17.368
0.000 0.000 0.000 29.356 48.990 48.522 48.023 47.504 46.962 46.392 46.788 46.161 44.433 44.036 41.493 51.818 51.796 39.473 41.107 38.787 22.773 3.771 0.000 0.000 0.000 0.000 0.000 0.000 0.000 0.000 0.000 0.000 15.559 47.561 25.563 23.568 29.574 0.000 0.000 28.566 26.564 32.561 33.558 55.555 51.553 0.000 0.000 15.536 62.534 0.000 0.000 14.547 45.548 48.549 29.549 29.547 75.544 110.538 59.530 27.520 43.509 90.498 50.485 17.472 83.459 70.447 28.434 20.423 13.411 94.400 58.388 30.378 31.367
0.000 0.000 29.850 47.216 50.717 49.226 48.724 48.207 47.670 48.107 46.531 45.862 45.553 43.016 52.133 51.914 40.921 41.767 40.809 31.216 11.991 0.000 0.000 0.000 0.000 0.000 0.000 0.000 0.000 0.000 0.000 0.000 0.000 0.000 0.000 28.574 25.579 24.582 26.580 28.573 24.569 32.565 34.561 46.557 42.553 4.547 23.542 56.538 7.536 0.000 0.000 14.554 41.556 47.559 33.562 18.561 20.558 45.552 32.543 14.532 32.520 87.506 43.492 9.477 80.463 65.450 23.436 19.424 15.412 93.400 58.388 30.377 21.365
0.000 29.036 42.485 51.941 50.435 49.940 49.441 48.929 49.398 48.859 47.232 46.974 44.442 52.940 52.484 42.485 43.508 41.405 28.648 0.000 0.000 0.000 0.000 0.000 0.000 0.000 0.000 0.000 0.000 0.000 0.000 0.000 0.000 0.000 0.000 0.000 32.588 42.588 53.585 41.579 30.572 34.569 31.565 36.560 29.553 48.547 66.542 54.539 0.536 0.000 0.000 13.559 39.564 44.570 50.577 48.579 36.576 26.569 39.558 71.546 90.531 111.515 91.499 74.483 108.467 101.452 83.438 43.425 16.412 91.400 63.388 35.377 22.365
26.036 37.588 52.113 51.626 51.143 50.660 50.170 50.667 50.159 48.565 48.345 45.827 54.051 53.471 43.970 45.157 46.124 24.343 0.000 0.000 0.000 0.000 0.000 0.000 0.000 0.000 0.000 0.000 0.000 0.000 0.000 0.000 0.000 0.000 0.000 0.000 30.597 34.596 52.593 11.586 0.000 41.574 32.570 35.564 31.554 19.545 38.541 53.537 40.535 0.000 0.000 0.000 4.572 47.580 49.599 42.602 30.598 39.589 90.577 81.562 62.545 63.526 64.507 64.488 64.470 65.454 67.439 38.426 18.413 90.400 66.388 29.377 23.369
29.484 53.166 52.753 52.308 51.851 51.386 50.910 50.432 49.870 49.684 47.184 55.286 54.659 45.348 46.613 45.656 41.212 0.811 0.000 0.000 0.000 0.000 0.000 0.000 0.000 0.000 0.000 0.000 0.000 0.000 0.000 0.000 0.000 0.000 0.000 0.000 31.608 42.607 26.605 0.000 0.000 38.583 35.579 2.571 0.000 23.540 37.538 52.535 49.533 18.532 0.000 0.000 0.000 0.000 16.636 31.632 15.624 76.613 77.598 26.580 32.560 74.537 45.514 17.492 63.473 53.455 33.440 31.426 22.413 90.400 61.387 18.375 19.365
47.251 54.838 53.427 53.002 52.566 53.119 51.674 51.146 50.997 48.520 56.565 55.922 45.635 47.933 46.975 47.405 16.799 0.000 0.000 0.000 0.000 0.000 0.000 0.000 0.000 0.000 0.000 0.000 0.000 0.000 0.000 0.000 0.000 0.000 0.000 0.000 51.621 49.618 53.615 50.613 46.607 46.596 40.591 0.000 0.000 23.538 36.535 54.531 61.531 24.531 0.000 0.000 0.000 0.000 10.677 23.668 43.655 90.640 53.622 13.602 81.578 82.548 31.520 18.495 39.473 95.455 54.440 22.426 22.413 85.400 103.386 90.370 95.352
56.901 54.509 54.113 53.707 53.290 54.875 52.383 52.277 49.837 57.864 57.212 40.859 45.117 49.217 45.727 23.056 0.000 0.000 0.000 0.000 0.000 0.000 0.000 0.000 0.000 0.000 0.000 0.000 0.000 0.000 0.000 0.000 0.000 0.000 0.000 50.648 49.637 50.630 52.624 51.618 49.611 50.604 43.599 0.000 0.000 24.540 36.532 59.525 32.528 0.000 0.000 0.000 0.000 8.754 38.726 17.708 82.689 76.670 20.650 76.628 89.602 38.558 26.524 29.495 24.469 55.452 94.438 51.426 14.414 85.402 88.387 62.368 4.347
47.538 54.183 54.810 54.421 54.034 53.570 53.505 51.101 59.128 58.519 24.022 29.242 32.179 50.876 34.525 0.000 0.000 0.000 0.000 0.000 0.000 0.000 0.000 40.758 29.758 0.000 0.000 0.000 0.000 0.000 0.000 0.000 0.000 0.000 0.000 27.659 21.650 24.641 28.632 23.624 22.617 21.609 23.602 27.593 21.577 14.549 29.530 8.509 0.000 0.000 0.000 0.000 0.000 10.782 33.767 24.748 25.725 25.701 17.679 38.658 39.643 0.000 0.000 0.474 30.455 23.446 45.435 38.426 20.417 53.406 1.396 0.000 0.000
26.210 41.876 54.518 57.157 54.714 54.678 52.278 60.171 59.690 32.985 0.000 42.542 0.000 54.457 22.992 0.000 0.000 0.000 0.000 0.000 0.000 0.000 0.000 47.759 41.757 0.000 0.000 0.000 0.000 0.000 0.000 0.000 0.000 13.760 0.000 28.679 24.665 24.651 24.640 24.631 24.622 24.614 24.607 26.599 4.591 0.000 0.000 30.473 0.450 0.000 0.000 0.000 11.826 42.826 30.813 29.791 21.761 22.732 22.706 20.683 34.670 0.000 0.000 0.000 1.448 26.441 21.432 34.425 33.421 0.000 0.000 0.000 0.000
17.927 25.589 48.250 52.842 55.817 53.373 60.880 60.566 39.806 15.621 0.000 59.155 57.063 43.513 0.000 0.000 0.000 0.000 0.000 0.000 0.000 0.000 50.773 56.763 27.755 0.000 0.000 0.000 0.000 0.000 0.000 0.000 0.000 30.760 28.746 25.713 24.679 21.659 25.646 25.637 25.628 25.619 25.612 28.606 1.598 0.000 0.000 28.439 28.428 0.000 0.000 0.000 0.000 29.883 22.869 21.841 20.798 20.761 20.730 20.699 21.684 30.684 0.000 0.000 0.000 0.000 27.425 30.423 28.421 0.000 0.000 0.000 23.289
21.664 32.315 36.956 34.871 46.446 61.229 61.101 44.732 23.510 17.022 0.000 38.835 51.523 25.018 0.000 0.000 0.000 0.000 38.868 44.860 36.845 34.814 43.784 36.764 26.745 0.000 0.000 0.000 0.000 0.000 0.000 0.000 0.000 28.775 25.765 24.750 0.000 0.000 30.650 24.643 24.633 24.624 24.617 25.612 0.000 0.000 0.000 29.416 28.414 0.000 0.000 0.000 26.953 22.953 22.940 22.908 21.829 21.782 25.756 0.000 0.000 0.000 0.000 0.000 0.000 0.000 27.422 22.421 22.420 23.419 0.000 0.000 25.288
33.364 47.022 22.754 21.641 61.271 61.273 47.668 34.412 30.766 35.618 0.000 5.830 41.177 0.000 0.000 0.000 0.000 34.883 38.876 40.868 38.861 0.000 0.000 0.000 38.717 22.689 0.000 0.000 0.000 0.000 0.000 0.000 0.000 38.801 35.787 10.773 0.000 0.000 43.661 29.651 25.639 24.627 28.618 5.615 0.000 4.383 42.387 23.397 27.399 0.000 0.000 0.000 0.000 28.037 23.031 27.021 0.000 0.000 0.000 0.000 0.000 0.000 0.000 0.000 0.000 0.000 27.419 22.419 22.419 27.418 0.000 0.000 0.000
54.032 42.634 22.713 18.230 61.210 22.656 28.398 30.646 34.341 52.948 62.431 50.478 0.000 0.000 0.000 0.000 32.899 26.891 32.883 47.876 46.871 0.000 0.000 0.000 0.000 39.661 0.000 0.000 0.000 24.950 0.000 0.000 40.871 39.839 45.812 38.780 3.747 57.715 54.682 52.662 50.644 42.627 23.615 10.615 0.000 18.380 71.380 25.384 26.387 0.383 0.000 0.000 0.000 33.128 19.126 24.124 0.000 0.000 0.000 0.000 0.000 0.000 0.000 0.000 0.000 23.417 25.417 27.418 21.418 26.418 0.000 0.000 0.000
62.582 49.693 32.007 60.692 18.621 20.427 19.615 19.276 28.864 56.423 51.866 23.172 0.000 0.000 31.938 0.000 39.906 31.900 42.891 37.881 16.876 0.000 0.000 0.000 0.000 43.633 19.624 0.000 0.000 20.950 28.950 32.936 34.903 36.874 26.843 23.789 31.746 31.717 51.692 34.670 28.648 26.622 6.600 0.000 0.000 13.377 81.370 37.374 3.377 0.000 0.000 0.000 0.000 46.220 19.221 26.225 0.000 0.000 0.000 0.000 0.000 0.000 0.000 0.000 2.416 25.416 40.416 38.417 31.417 0.000 0.000 0.000 0.000
60.605 58.855 60.142 37.490 25.418 21.582 21.238 19.832 26.440 42.012 37.439 0.000 0.000 0.000 34.938 55.933 50.921 51.911 33.901 0.000 0.000 0.000 0.000 0.000 34.607 25.615 17.616 0.000 0.000 0.000 32.966 36.954 36.932 36.911 20.895 0.000 27.730 28.715 52.697 38.680 32.656 18.614 25.564 40.500 60.439 49.381 73.351 38.365 2.371 0.000 0.000 0.000 0.000 44.312 20.315 21.329 26.374 0.000 0.000 0.000 0.000 0.000 0.000 0.000 0.000 0.000 44.416 41.416 0.000 0.000 0.000 0.000 0.000
58.652 60.045 59.295 58.330 40.496 20.164 20.768 21.401 20.048 22.745 0.000 0.000 0.000 0.000 50.943 40.940 38.933 34.922 0.000 0.000 0.000 0.000 0.000 35.598 26.600 22.602 5.609 0.000 0.000 0.000 32.994 40.981 49.961 48.943 50.931 38.937 0.000 0.000 55.704 39.695 13.684 0.000 28.540 38.499 65.436 27.356 11.286 0.000 0.000 0.000 0.000 0.000 0.000 35.402 22.398 23.403 26.420 0.000 0.000 0.000 0.000 0.000 0.000 0.000 0.000 0.000 1.415 2.416 0.000 0.000 0.000 0.000 0.000
60.043 59.032 61.160 61.341 45.030 21.648 24.295 23.952 21.606 22.175 0.000 30.963 0.000 0.000 44.953 44.952 51.950 0.000 0.000 9.757 0.000 0.000 0.000 30.597 24.592 18.586 0.000 0.000 0.000 0.000 31.035 32.015 33.990 32.968 30.951 22.943 0.000 0.000 57.721 43.711 28.700 0.000 27.557 38.520 62.452 18.320 14.153 0.000 0.000 0.000 0.000 0.000 0.000 42.496 21.472 23.466 23.482 24.522 28.540 0.538 0.000 0.000 0.000 0.000 0.000 0.000 0.000 0.000 0.000 0.000 0.000 0.000 0.000
59.705 61.915 61.119 61.833 35.469 26.132 45.809 39.506 21.248 0.000 0.000 27.964 42.964 47.964 33.963 54.965 46.965 0.000 0.000 23.758 54.758 6.749 0.000 31.602 25.584 22.564 0.000 0.000 39.217 35.170 31.098 33.053 38.017 37.987 35.962 46.941 38.922 0.000 57.747 49.730 49.706 41.670 22.613 40.571 48.533 0.000 16.852 0.000 0.000 0.000 0.000 0.000 7.702 46.614 18.530 20.505 21.520 22.545 27.559 0.000 0.000 0.000 0.000 0.000 0.000 0.000 0.000 0.000 0.000 0.000 0.000 0.000 0.000
