results1/res_4e8f-0215.wd
ncols         241
nrows         181
xllcorner     12693529.787448
yllcorner     3542525.717860
cellsize      155.156523
NODATA_value  -9999.000000
[rows 33 to 65 of 181, columns 146 to 218 of 241]
64.983 64.199 63.923 64.560 31.218 42.887 64.573 58.257 36.834 0.000 0.000 36.839 12.839 17.840 33.841 58.845 45.844 11.842 0.000 0.769 50.755 58.741 16.718 43.692 35.671 36.648 40.611 49.575 67.535 58.505 53.477 48.455 49.436 49.418 48.402 47.386 46.369 54.350 64.331 56.315 56.300 54.285 33.271 47.258 55.250 0.000 25.828 30.801 54.732 52.674 57.619 67.568 60.526 55.506 10.495 0.000 38.447 38.438 45.435 23.438 0.000 0.000 0.000 0.000 0.000 0.000 0.000 0.000 0.000 0.000 0.000 0.000 0.000
64.936 64.681 64.333 65.004 42.681 60.377 63.109 56.917 0.000 0.000 14.839 38.839 0.000 0.000 0.000 42.855 42.850 50.840 13.820 63.794 51.768 38.745 47.721 38.696 36.670 36.643 35.611 37.578 65.545 63.515 63.488 65.464 58.443 60.424 59.406 59.388 59.371 60.354 64.337 62.321 63.307 58.294 35.282 34.273 7.268 0.000 22.772 36.755 44.720 39.670 45.616 58.559 58.525 56.505 14.495 0.000 0.000 43.423 15.420 0.000 0.000 0.000 0.000 0.000 2.306 45.300 44.294 46.288 36.283 39.279 6.277 0.000 0.000
65.417 65.079 64.756 64.436 64.125 64.832 56.570 43.385 0.000 0.000 0.000 6.839 0.000 0.000 0.000 39.870 36.861 49.847 54.826 46.802 55.776 53.751 34.725 35.699 36.671 36.643 48.613 52.582 56.551 49.522 46.494 56.470 30.448 37.428 32.409 32.391 32.373 35.357 61.341 50.326 48.313 50.301 35.292 37.284 17.280 0.000 32.734 89.728 14.724 0.000 0.000 7.527 59.510 58.495 17.485 0.000 0.000 40.410 37.402 39.383 37.368 45.355 51.342 43.328 65.312 72.301 70.293 55.286 35.282 34.278 38.275 8.273 0.000
65.814 65.493 65.172 64.858 65.553 60.255 41.953 32.669 41.669 0.000 0.000 0.000 0.000 0.000 0.000 36.893 35.879 38.859 34.836 45.811 48.785 51.758 40.730 35.702 35.674 35.645 60.615 66.585 48.555 42.526 42.499 43.474 40.451 40.430 40.411 41.393 44.375 41.359 62.344 54.330 52.317 52.307 34.298 48.292 74.289 0.000 24.701 77.698 0.000 0.000 0.000 9.511 59.495 57.480 35.464 40.439 38.420 36.406 36.394 36.380 35.366 42.354 49.343 36.331 54.314 72.299 68.290 48.284 33.279 33.275 38.273 6.271 0.000
66.230 65.901 65.581 65.271 61.975 47.681 36.317 0.000 0.000 0.000 0.000 41.045 4.031 10.007 1.975 35.930 36.902 36.876 35.849 35.822 41.793 34.765 34.735 36.706 35.677 34.647 58.618 55.588 63.559 67.529 66.501 61.475 57.453 59.432 55.412 59.394 59.376 60.360 64.345 62.332 63.320 59.310 34.303 46.297 68.295 0.000 19.671 80.665 0.000 0.000 0.000 0.000 56.477 59.468 38.453 36.433 36.415 36.401 36.388 36.375 35.363 42.353 51.344 7.337 0.000 30.289 73.285 49.280 33.276 33.272 37.269 4.267 0.000
66.643 66.303 65.978 65.672 55.393 37.178 0.000 0.000 0.000 0.000 39.075 42.059 55.041 55.016 42.987 35.952 35.921 36.892 36.863 35.833 34.803 35.772 35.741 35.710 34.680 43.650 62.620 41.592 55.564 32.531 65.499 55.475 54.453 54.432 51.412 56.393 57.376 57.360 64.345 62.332 59.321 59.312 34.304 48.300 67.297 0.000 5.648 73.625 0.000 0.000 0.000 0.000 60.468 59.461 35.446 37.424 36.407 37.394 37.381 37.370 38.359 46.350 26.344 0.000 0.000 31.284 73.281 54.276 41.271 35.267 38.264 5.262 0.000
67.051 66.691 67.356 60.047 47.745 37.462 0.000 0.000 0.000 0.000 36.090 53.076 47.056 36.031 38.003 37.971 35.940 34.909 36.877 35.845 36.812 36.779 36.746 35.714 35.682 55.651 55.622 55.595 55.574 0.000 37.489 35.472 36.451 36.431 37.411 41.392 44.374 42.358 62.344 56.331 50.320 52.311 35.304 47.300 66.298 0.000 0.000 46.562 37.537 0.000 0.000 0.000 54.466 37.464 0.000 32.410 38.396 42.385 49.374 49.364 49.354 51.344 23.338 0.000 15.287 79.283 72.278 74.272 62.266 37.262 38.258 6.255 0.000
67.449 67.052 66.709 52.413 4.079 0.036 0.000 0.000 0.000 14.146 52.120 47.099 37.076 38.050 38.021 37.990 37.958 35.925 34.892 34.857 36.822 35.787 35.752 34.717 36.684 51.651 42.621 51.591 52.563 11.529 11.497 51.473 50.450 50.429 50.408 52.389 52.371 53.355 65.340 61.328 56.317 58.308 34.301 43.297 71.296 0.000 0.000 105.525 74.512 41.493 28.484 0.000 0.000 0.000 0.000 0.000 35.383 44.376 48.367 47.357 50.347 52.336 38.324 43.307 59.292 74.282 72.275 72.268 60.261 37.255 37.250 13.246 0.000
67.818 68.358 60.016 42.818 0.000 0.000 0.000 2.213 2.199 59.171 53.147 37.123 38.098 38.071 38.042 38.011 37.977 37.943 34.907 35.870 35.832 35.794 36.756 35.719 35.684 38.650 43.618 55.588 42.557 54.527 59.498 52.472 61.448 51.426 52.405 55.385 54.367 53.350 63.336 59.322 47.311 46.302 35.296 42.293 71.293 0.000 0.000 96.501 86.493 63.483 32.475 0.000 0.000 8.404 3.401 0.000 6.376 55.370 47.361 41.351 38.341 53.329 40.317 42.303 50.291 71.280 73.271 71.263 57.255 37.248 34.240 38.232 32.221
76.106 73.548 46.179 36.024 0.000 0.000 4.238 37.227 51.213 52.194 46.172 41.148 38.123 38.095 38.065 38.032 36.998 39.962 44.924 40.884 35.842 36.801 35.759 35.720 35.683 35.648 42.615 43.583 41.553 48.523 47.495 42.468 54.444 34.421 42.400 49.380 48.361 42.344 61.329 54.315 34.304 33.294 36.288 38.285 42.289 0.000 0.000 74.483 54.478 91.470 77.458 13.438 14.422 65.408 39.397 37.385 37.375 39.366 50.356 44.346 12.335 65.323 53.312 49.299 47.288 58.277 74.267 66.258 49.249 38.241 34.232 41.222 65.210
0.000 0.000 25.127 43.076 0.000 0.000 39.249 49.244 63.233 47.218 46.199 46.176 39.150 38.122 38.090 38.056 45.020 52.982 53.942 45.899 40.853 35.807 34.761 35.718 39.679 36.643 35.609 34.577 40.547 41.518 40.490 41.463 43.439 36.415 42.393 47.373 49.354 45.336 61.320 55.306 37.294 36.284 36.276 32.271 0.000 0.000 0.000 30.471 49.467 49.459 83.449 98.435 91.421 59.407 45.395 46.384 46.373 49.362 71.351 89.341 98.330 97.318 99.306 98.295 92.283 86.272 78.262 61.252 44.243 35.234 36.224 49.214 68.203
19.261 0.000 0.000 0.000 0.000 10.267 42.266 62.265 54.258 57.246 54.229 44.207 37.180 38.151 38.118 49.082 54.045 50.005 44.964 41.918 44.864 39.812 39.761 35.713 40.672 34.636 35.602 36.571 35.540 35.511 35.483 35.457 34.432 35.408 35.386 39.365 45.345 44.327 62.310 56.295 35.282 36.270 36.261 35.253 10.242 0.000 0.000 34.462 60.459 49.452 51.443 66.431 77.419 87.406 89.393 95.381 98.370 98.359 97.347 93.336 84.325 82.313 84.301 87.290 89.278 90.267 88.257 92.247 84.237 51.227 38.217 57.207 74.197
58.706 17.562 0.000 0.000 7.239 43.267 59.284 52.291 44.289 52.279 56.263 57.241 47.214 36.183 46.148 55.110 45.071 37.031 36.990 38.944 6.874 7.815 6.758 32.699 36.660 38.626 38.594 35.562 35.532 36.503 35.475 35.449 35.424 36.399 35.377 35.355 35.334 38.315 55.298 54.282 36.268 36.255 36.245 37.237 38.231 0.000 0.000 33.457 51.454 52.448 64.440 51.429 31.417 35.403 71.391 95.379 79.367 74.355 77.343 70.332 56.320 45.308 36.296 34.284 35.273 45.262 43.251 38.241 77.230 92.221 70.211 68.201 72.191
0.000 33.419 11.834 6.068 42.212 52.278 59.311 43.326 46.327 44.320 42.304 50.281 55.253 50.219 54.181 43.140 37.098 38.057 38.021 45.994 0.000 0.000 0.000 29.666 38.644 49.615 50.584 45.553 41.523 43.494 39.466 38.440 36.414 35.390 35.366 36.344 35.323 35.303 38.284 47.267 35.252 35.238 36.227 35.219 4.214 0.000 0.000 14.455 12.452 66.447 50.439 35.428 49.415 51.401 97.388 78.376 61.363 43.351 34.339 35.327 36.315 37.303 37.291 37.279 36.267 34.256 33.245 34.234 42.224 79.214 87.204 72.194 71.185
0.000 20.860 44.016 46.158 45.261 60.323 45.358 39.373 41.376 40.368 37.351 36.327 51.296 58.259 61.217 49.170 39.123 36.078 44.042 10.018 0.000 0.000 0.000 32.655 42.633 49.605 50.574 50.543 52.513 60.484 58.456 54.429 52.404 48.379 42.355 37.332 35.310 36.289 35.269 40.251 33.234 34.219 35.206 37.197 58.192 0.000 0.000 0.000 28.453 70.449 30.441 39.431 30.414 69.397 87.384 47.372 35.360 37.348 37.335 37.323 37.311 37.298 34.286 34.273 33.261 34.250 34.238 34.228 50.217 65.207 38.197 98.186 70.177
0.000 21.146 44.210 37.287 56.352 56.396 51.423 42.434 36.434 37.424 38.406 49.380 52.346 44.305 47.256 56.202 57.145 47.091 4.051 0.000 5.797 4.760 37.714 43.666 47.630 46.597 47.564 47.533 45.502 52.473 53.445 53.418 54.392 51.367 50.343 51.319 42.296 37.274 38.253 35.233 36.214 35.197 34.183 36.172 51.165 0.000 0.000 0.000 28.459 72.453 34.446 10.438 0.000 15.388 54.380 36.369 37.357 35.344 35.332 35.319 34.306 33.293 34.280 34.267 33.255 34.243 33.231 32.220 35.210 31.201 27.192 91.177 100.166
0.000 18.367 38.392 48.428 58.462 49.488 49.502 51.507 49.502 40.489 46.468 55.440 44.403 37.358 36.302 42.237 52.164 59.091 23.019 14.926 40.834 40.770 35.715 44.666 49.625 50.588 46.554 46.521 38.490 35.460 35.433 35.406 34.380 32.354 39.330 53.305 52.281 51.258 46.235 37.213 35.192 36.173 35.155 35.141 36.132 0.000 0.000 0.000 43.470 10.459 14.452 0.000 0.000 0.000 33.378 13.367 16.355 33.340 32.328 32.315 33.301 35.288 35.274 35.261 34.248 34.236 32.224 32.212 33.202 21.194 0.000 11.163 94.150
0.000 17.564 41.563 60.571 51.582 48.590 48.592 49.589 48.578 50.562 55.539 44.508 38.470 38.421 38.358 37.278 38.183 44.091 61.008 58.926 37.844 36.771 35.709 36.657 48.614 46.577 57.543 45.507 38.475 36.447 37.419 36.393 41.367 49.341 45.316 39.291 45.266 55.241 52.217 51.193 42.169 35.146 35.125 36.105 34.090 0.000 0.000 43.499 31.493 0.000 0.000 45.403 40.401 39.396 31.387 0.000 0.000 38.334 35.324 35.311 35.297 35.283 35.269 35.255 35.241 35.228 35.216 34.203 35.192 37.180 27.166 0.000 36.133
5.850 30.760 55.726 51.712 40.704 45.697 50.689 45.677 51.661 57.641 49.616 37.585 36.547 38.497 38.431 42.336 43.199 37.080 47.998 43.925 40.843 37.762 34.692 41.640 45.598 47.565 38.532 65.489 53.459 43.431 35.405 41.379 60.354 70.328 63.302 40.277 42.251 45.225 49.198 54.172 52.145 48.119 37.092 34.064 41.034 46.991 0.000 18.505 39.511 0.000 0.000 15.404 35.405 35.399 35.388 40.373 39.356 35.338 34.324 35.309 35.293 35.278 35.262 35.248 35.234 35.220 35.207 35.194 34.181 34.168 35.153 38.135 34.125
17.939 51.902 57.870 42.845 37.825 39.807 41.788 52.768 56.748 67.726 66.700 59.670 48.634 37.591 40.532 7.434 0.000 36.030 41.980 38.931 1.843 35.741 39.659 56.610 55.575 58.551 0.000 30.458 70.439 64.415 50.390 56.365 74.340 74.315 72.289 41.262 47.236 47.208 49.180 37.151 46.121 52.091 51.060 50.027 62.990 71.948 4.904 0.000 29.534 54.557 0.000 0.000 58.417 39.407 39.392 39.375 39.357 40.340 34.323 33.307 37.289 34.272 34.256 34.241 34.226 35.212 34.198 33.184 33.171 33.157 33.143 33.128 32.116
17.065 63.039 49.006 37.974 37.945 37.917 50.889 48.861 65.837 80.813 77.788 74.760 69.730 60.699 51.673 0.000 0.000 0.000 29.962 40.949 0.000 0.000 32.591 50.569 49.541 64.512 36.471 37.446 70.423 75.400 71.376 70.352 73.327 73.302 74.276 53.249 45.221 47.192 47.162 37.131 46.098 40.065 59.029 29.992 68.952 90.908 61.860 31.809 0.000 32.580 0.000 34.468 94.440 47.418 49.398 49.378 45.358 46.340 38.322 33.306 15.286 34.264 34.248 37.233 40.218 50.203 40.189 35.175 36.160 36.146 36.132 36.119 36.106
49.219 53.181 47.140 45.100 40.063 52.028 45.990 58.949 36.925 6.903 57.878 76.852 75.826 76.803 59.788 0.000 0.000 0.000 23.958 46.953 0.000 0.000 29.545 44.531 39.510 66.485 77.456 77.431 73.408 73.385 73.362 74.339 73.315 73.290 73.263 67.236 42.208 44.177 42.146 37.112 48.077 49.040 52.001 8.961 53.917 89.871 59.819 77.758 38.676 24.603 36.551 92.496 80.458 52.428 46.403 48.380 42.358 36.338 34.321 32.307 0.000 40.251 48.239 56.224 63.209 72.194 61.179 41.165 35.150 36.136 36.122 36.108 36.095
60.402 49.329 49.272 45.224 52.181 49.140 52.094 76.019 63.014 45.994 66.970 75.943 74.919 73.899 53.889 0.000 0.000 0.000 0.000 1.953 0.000 0.000 35.514 44.501 55.482 71.461 73.437 73.415 73.393 73.371 73.349 73.326 73.303 73.278 73.252 73.225 59.196 49.164 42.131 35.095 39.057 39.017 43.975 62.932 48.886 83.838 69.787 76.730 83.666 69.606 74.554 83.506 59.467 60.434 46.406 45.381 37.357 34.335 35.315 37.295 51.270 57.250 75.233 74.217 73.201 72.185 72.170 62.155 40.140 35.125 36.111 36.098 36.084
51.537 39.459 41.395 53.342 50.296 50.257 20.229 0.000 55.115 81.092 76.063 75.034 77.007 58.986 44.978 29.004 0.000 0.000 0.000 0.000 0.000 0.000 41.496 58.478 70.458 73.438 73.418 73.397 73.377 73.357 73.336 73.315 73.292 73.268 73.243 73.215 74.186 68.153 60.118 52.080 50.039 52.995 43.951 60.905 39.858 81.810 14.760 35.707 70.653 42.600 33.552 89.508 53.470 57.436 55.406 36.379 34.354 35.331 35.309 43.287 64.265 75.245 72.226 72.209 72.192 69.176 68.160 66.144 65.129 39.115 35.100 35.086 35.073
41.650 38.574 51.509 51.453 46.405 66.364 20.334 29.320 69.241 76.194 75.156 75.121 75.089 51.060 51.035 62.030 0.000 0.000 0.000 0.000 0.000 0.000 0.000 8.455 67.433 79.415 74.398 73.380 73.362 73.344 73.325 73.304 73.283 73.260 73.235 73.208 73.179 74.145 75.109 72.068 72.023 74.976 54.927 60.879 34.831 75.783 11.735 13.687 66.638 36.591 46.546 80.505 61.468 53.434 57.404 34.376 35.350 34.325 36.302 46.280 67.258 68.238 73.219 72.200 67.183 64.166 68.150 73.134 72.118 61.103 42.089 41.074 40.061
37.752 51.679 52.614 40.556 51.506 72.461 65.423 71.386 77.334 75.288 75.246 75.207 72.169 56.129 6.071 2.051 0.000 0.000 0.000 0.000 0.000 0.000 0.000 0.000 12.405 24.392 65.378 74.363 73.348 73.331 73.314 73.295 73.275 73.254 73.230 75.204 74.175 74.141 73.103 75.059 74.010 73.957 63.903 61.852 38.804 50.757 80.712 59.666 67.622 36.578 64.537 58.498 61.462 49.429 43.398 35.370 35.344 35.319 43.295 48.272 49.251 54.230 62.210 60.191 61.173 72.156 72.139 72.123 72.107 73.091 67.077 63.062 61.048
52.846 52.775 41.710 37.652 52.600 71.553 77.509 76.467 75.421 75.377 75.334 76.291 67.249 60.216 0.000 0.000 0.000 0.000 0.000 0.000 0.000 0.000 0.000 0.000 21.388 41.372 68.359 74.347 73.334 73.320 73.304 73.287 73.269 73.249 75.227 75.203 75.175 67.142 72.103 75.057 78.001 75.940 69.876 65.822 53.775 37.731 85.688 68.645 70.604 35.563 81.525 45.488 26.453 43.421 34.391 35.363 34.336 43.311 49.287 48.264 48.242 47.221 40.201 36.181 66.163 72.145 72.128 72.111 72.095 72.079 73.064 73.050 73.035
49.934 40.865 38.801 36.743 53.690 73.641 75.595 75.551 75.508 75.465 75.421 77.375 56.322 54.269 0.000 0.000 0.000 0.000 0.000 0.000 0.000 0.000 0.000 0.000 0.000 55.346 74.340 73.332 73.321 73.309 73.296 73.281 75.265 74.247 74.227 74.205 68.180 46.149 62.109 72.064 22.997 13.925 47.839 54.787 63.743 50.703 71.663 89.624 74.585 41.547 83.511 7.476 19.442 32.411 35.381 35.353 37.327 47.302 45.277 46.254 48.232 51.211 45.190 46.170 62.152 72.133 72.116 72.099 72.082 72.066 72.051 72.036 72.022
41.016 38.949 43.886 48.828 63.775 75.725 75.679 75.635 75.593 75.553 75.512 76.466 63.394 0.000 0.000 0.000 0.000 0.000 3.291 40.291 1.291 19.291 0.000 0.000 0.000 30.327 65.324 72.318 73.310 73.300 73.289 73.276 75.262 73.247 73.230 73.211 57.190 53.164 15.122 17.093 0.000 0.000 32.768 39.742 61.709 47.674 52.638 95.602 78.565 57.530 67.495 17.462 62.430 39.399 35.371 35.343 37.317 46.291 57.267 57.244 59.221 65.200 60.179 71.159 72.140 72.121 72.103 72.086 72.069 72.053 72.038 72.023 72.008
42.094 39.028 45.966 64.909 75.856 75.807 75.761 75.718 75.678 75.641 75.608 81.583 0.000 0.000 0.000 0.000 0.000 0.000 40.291 52.291 39.291 54.291 50.292 0.000 20.305 52.311 59.311 70.307 73.301 73.293 73.283 74.272 73.260 73.248 73.234 69.220 58.206 63.195 0.000 0.000 0.000 16.716 49.723 41.704 59.677 35.646 37.613 85.579 84.545 76.511 62.478 62.446 51.416 46.386 35.358 35.331 35.305 45.280 67.256 74.233 73.210 73.188 65.167 72.147 72.127 72.108 72.090 72.073 72.056 72.039 72.024 72.009 71.994
40.167 38.103 53.042 72.986 76.933 75.884 75.839 75.797 75.759 75.724 75.695 82.676 0.000 0.000 0.000 0.000 0.000 0.000 29.291 49.291 49.291 48.291 51.292 35.294 43.299 51.301 51.301 68.298 74.293 73.287 73.279 73.270 73.260 73.249 74.239 66.228 62.219 56.214 0.000 0.000 0.000 9.709 13.703 41.676 60.648 37.620 33.590 72.558 89.524 86.492 67.460 46.430 45.400 46.372 37.345 34.318 35.293 38.268 49.244 69.220 72.198 72.176 64.154 72.134 72.114 72.095 72.076 72.059 72.042 72.025 72.009 71.994 71.979
39.238 41.174 61.114 77.059 76.007 75.959 75.914 75.874 75.836 75.803 77.773 75.748 0.000 0.000 0.000 0.000 0.000 0.000 15.291 54.291 60.291 65.291 56.291 55.292 49.294 45.295 56.294 70.292 73.287 73.282 76.275 74.268 73.260 73.252 73.243 68.236 60.230 55.227 30.231 0.000 0.000 0.000 0.000 3.648 52.620 38.596 34.568 67.537 98.503 79.471 58.441 49.412 51.384 49.357 44.331 33.305 35.280 34.255 38.231 57.208 72.185 72.163 64.141 72.120 72.100 72.081 72.062 72.044 72.027 72.010 71.994 71.979 71.964
39.305 49.242 69.183 77.127 76.076 76.029 75.986 75.946 75.910 76.878 74.845 62.797 46.797 0.000 0.000 0.000 0.000 0.000 17.291 55.290 64.290 64.290 68.289 70.290 53.290 52.290 67.289 73.286 73.283 73.278 74.273 73.267 73.260 73.253 73.247 71.241 59.237 60.234 54.234 0.234 0.000 0.000 0.000 0.000 38.589 38.574 32.551 77.518 65.481 71.449 41.420 61.393 55.367 48.341 48.316 39.291 34.266 35.242 34.218 46.194 69.171 71.149 65.127 72.106 73.086 72.066 72.047 72.029 72.011 71.995 71.978 71.963 71.948
