results1/res_4e8f-0178.wd
ncols         241
nrows         181
xllcorner     12693529.787448
yllcorner     3542525.717860
cellsize      155.156523
NODATA_value  -9999.000000
[rows 33 to 65 of 181, columns 146 to 218 of 241]
64.717 63.935 63.661 64.300 30.961 42.633 64.321 58.010 36.592 0.000 0.000 35.951 11.952 16.952 32.954 57.958 44.958 10.956 0.000 0.000 49.861 57.848 15.824 42.797 34.775 35.751 39.712 48.673 66.631 57.599 52.570 47.546 48.525 48.507 47.490 46.473 45.455 53.435 63.415 55.398 55.382 53.366 32.350 46.337 54.328 0.000 24.889 29.860 53.787 51.726 56.667 66.612 59.565 54.542 9.531 0.000 37.482 37.476 44.473 22.475 0.000 0.000 0.000 0.000 0.000 0.000 0.000 0.000 0.000 0.000 0.000 0.000 0.000
64.666 64.413 64.068 64.740 42.420 60.119 62.853 56.663 0.000 0.000 13.951 37.951 0.000 0.000 0.000 41.969 41.964 49.954 12.935 62.910 50.878 37.854 46.828 37.801 35.775 35.746 34.712 36.677 64.641 62.610 62.581 64.556 57.533 59.513 58.494 58.476 58.457 59.439 63.421 61.405 62.390 57.376 34.363 33.353 6.347 0.000 21.832 35.814 43.776 38.722 44.664 57.604 57.567 55.546 13.535 0.000 0.000 42.467 14.465 0.000 0.000 0.000 0.000 0.000 1.377 44.371 43.366 45.361 35.357 38.354 5.352 0.000 0.000
65.143 64.807 64.487 64.168 63.860 64.569 56.309 43.127 0.000 0.000 0.000 5.951 0.000 0.000 0.000 38.984 35.976 48.962 53.942 45.917 54.888 52.861 33.833 34.805 35.776 35.746 47.714 51.681 55.648 48.617 45.588 55.563 29.539 36.518 31.498 31.479 31.460 34.443 60.426 49.410 47.396 49.384 34.373 36.366 16.361 0.000 31.794 88.787 13.782 0.000 0.000 6.571 58.555 57.539 16.529 0.000 0.000 39.460 36.454 38.440 36.429 44.418 50.408 42.396 64.383 71.373 69.365 54.360 34.356 33.353 37.350 7.349 0.000
65.536 65.217 64.898 64.587 65.284 59.988 41.689 32.408 41.408 0.000 0.000 0.000 0.000 0.000 0.000 36.008 34.995 37.976 33.953 44.926 47.898 50.869 39.839 34.809 34.779 34.748 59.717 65.685 47.653 41.622 41.593 42.567 39.543 39.521 39.500 40.481 43.463 40.446 61.429 53.415 51.402 51.390 33.381 47.375 73.371 0.000 23.762 76.759 0.000 0.000 0.000 8.556 58.541 56.527 34.512 39.491 37.474 35.460 35.450 35.439 34.428 41.418 48.409 35.398 53.384 71.371 67.363 47.358 32.354 32.351 37.348 5.347 0.000
65.948 65.621 65.303 64.996 61.701 47.411 36.050 0.000 0.000 0.000 0.000 40.199 3.186 9.167 1.121 35.044 36.020 35.994 34.967 34.938 40.908 33.877 33.845 35.814 34.783 33.751 57.720 54.689 62.658 66.626 65.596 60.569 56.545 58.523 54.502 58.483 58.464 59.447 63.431 61.417 62.405 58.395 33.386 45.381 67.378 0.000 18.734 79.727 0.000 0.000 0.000 0.000 55.525 58.516 37.503 35.486 35.471 35.458 35.447 35.436 34.426 41.418 50.410 6.404 0.000 29.363 72.359 48.355 32.351 32.348 36.345 3.344 0.000
66.355 66.018 65.696 65.392 55.115 36.903 0.000 0.000 0.000 0.000 38.228 41.212 54.193 54.167 42.129 35.081 35.046 36.014 35.983 34.951 33.918 34.885 34.852 34.819 33.786 42.754 61.723 40.693 54.663 31.628 64.594 54.569 53.545 53.523 50.502 55.483 56.464 56.447 63.432 61.418 58.406 58.397 33.389 47.384 66.381 0.000 4.712 72.690 0.000 0.000 0.000 0.000 59.517 58.511 34.498 36.479 35.465 36.453 36.443 36.433 37.424 45.416 25.411 0.000 0.000 30.359 72.356 53.352 40.348 34.344 37.341 4.339 0.000
66.759 66.401 67.069 59.763 47.464 37.184 0.000 0.000 0.000 0.000 35.244 52.228 46.206 35.178 37.144 37.105 35.069 34.034 35.999 34.964 35.929 35.894 35.858 34.823 34.789 54.756 54.725 54.696 54.674 0.000 36.584 34.566 35.544 35.522 36.501 40.482 43.463 41.446 61.431 55.417 49.406 51.396 34.389 46.385 65.382 0.000 0.000 45.630 36.606 0.000 0.000 0.000 53.515 36.513 0.000 31.468 37.457 41.447 48.438 48.429 48.420 50.412 22.406 0.000 14.363 78.359 71.354 73.349 61.344 36.339 37.336 5.333 0.000
67.151 66.757 66.418 52.125 3.795 0.000 0.000 0.000 0.000 13.301 51.275 46.251 36.226 37.196 37.163 37.127 37.090 35.053 34.016 33.978 35.940 34.902 34.864 33.827 35.791 50.757 41.724 50.693 51.663 10.627 10.593 50.567 49.543 49.521 49.499 51.479 51.461 52.444 64.428 60.415 55.403 57.394 33.387 42.383 70.381 0.000 0.000 104.594 73.582 40.563 27.555 0.000 0.000 0.000 0.000 0.000 34.447 43.441 47.433 46.425 49.415 51.406 37.396 42.380 58.367 73.359 71.352 71.345 59.339 36.334 36.329 12.325 0.000
67.514 68.060 59.721 42.525 0.000 0.000 0.000 1.386 1.368 58.328 52.303 36.277 37.249 37.218 37.185 37.149 37.111 37.073 34.033 34.993 34.952 34.910 35.869 34.830 34.792 37.756 42.722 54.689 41.657 53.625 58.594 51.566 60.541 50.518 51.496 54.475 53.457 52.439 62.424 58.410 46.398 45.389 34.382 41.379 70.378 0.000 0.000 95.571 85.564 62.554 31.546 0.000 0.000 7.477 2.474 0.000 5.443 54.438 46.430 40.421 37.411 52.401 39.390 41.378 49.367 70.357 72.349 70.341 56.334 36.328 33.321 37.313 31.303
75.797 73.246 45.882 35.729 0.000 0.000 3.416 36.403 50.385 51.357 45.331 40.304 37.275 37.243 37.209 37.172 36.134 39.094 44.052 40.008 34.963 35.918 34.873 34.831 34.791 34.753 41.718 42.684 40.652 47.621 46.591 41.563 53.538 33.514 41.491 48.470 47.451 41.433 60.417 53.403 33.391 32.381 35.375 37.372 41.375 0.000 0.000 73.554 53.550 90.541 76.530 12.511 13.495 64.481 38.470 36.458 36.446 38.436 49.427 43.417 11.407 64.397 52.386 48.375 46.364 57.355 73.346 65.337 48.329 37.321 33.313 40.304 64.293
0.000 0.000 24.831 42.780 0.000 0.000 38.429 48.420 62.405 46.384 45.360 45.333 38.304 37.271 37.236 37.198 44.158 52.116 53.072 45.025 39.975 34.925 33.876 34.829 38.787 35.748 34.713 33.679 39.646 40.615 39.586 40.558 42.532 35.508 41.485 46.463 48.444 44.425 60.409 54.394 36.381 35.371 35.363 31.358 0.000 0.000 0.000 29.543 48.539 48.532 82.522 97.508 90.494 58.481 44.469 45.457 45.445 48.435 70.424 88.414 97.404 96.393 98.382 97.372 91.361 85.351 77.342 60.333 43.324 34.316 35.307 48.298 67.287
18.842 0.000 0.000 0.000 0.000 9.458 41.451 61.444 53.432 56.415 53.392 43.366 36.335 37.302 37.265 48.225 53.184 49.141 44.096 41.046 43.987 38.930 38.875 34.823 39.779 33.741 34.705 35.671 34.639 34.609 34.579 34.552 33.525 34.500 34.477 38.455 44.435 43.416 61.399 55.383 34.370 35.358 35.348 34.340 9.329 0.000 0.000 33.535 59.532 48.525 50.516 65.505 76.492 86.480 88.468 94.456 97.444 97.433 96.422 92.411 83.400 81.390 83.379 86.368 88.357 89.347 87.337 91.328 83.319 50.310 37.301 56.292 73.282
58.246 16.997 0.000 0.000 6.447 42.464 58.473 51.473 43.465 51.450 55.428 56.402 46.371 35.335 45.296 54.255 44.212 36.168 36.124 38.074 5.998 6.934 5.873 31.809 35.767 37.730 37.696 34.663 34.631 35.600 34.571 34.543 34.517 35.492 34.468 34.446 34.424 37.405 54.387 53.370 35.356 35.343 35.333 36.324 37.318 0.000 0.000 32.530 50.527 51.522 63.514 50.503 30.491 34.478 70.466 94.454 78.442 73.431 76.420 69.408 55.397 44.386 35.375 33.364 34.353 44.343 42.333 37.323 76.314 91.305 69.295 67.286 71.277
0.000 32.748 11.110 5.310 41.429 51.481 58.503 42.510 45.505 43.491 41.470 49.443 54.410 49.372 53.330 42.286 36.240 37.196 37.157 45.128 0.000 0.000 0.000 28.772 37.748 48.717 49.685 44.653 40.621 42.591 38.562 37.534 35.507 34.482 34.458 35.435 34.413 34.392 37.373 46.356 34.340 34.326 35.315 34.307 3.302 0.000 0.000 13.528 11.526 65.521 49.513 34.503 48.490 50.476 96.464 77.452 60.440 42.429 33.417 34.406 35.394 36.383 36.371 36.360 35.349 33.338 32.328 33.318 41.308 78.299 86.290 71.280 70.272
0.000 20.137 43.271 45.392 44.477 59.526 44.550 38.558 40.553 39.540 36.518 35.489 50.454 57.413 60.367 48.318 38.267 35.219 43.180 9.154 0.000 0.000 0.000 31.760 41.737 48.707 49.674 49.642 51.610 59.580 57.551 53.523 51.496 47.471 41.446 36.422 34.400 35.378 34.358 39.339 32.322 33.307 34.294 36.285 57.280 0.000 0.000 0.000 27.528 69.523 29.516 38.505 29.490 68.473 86.462 46.450 34.438 36.426 36.415 36.403 36.391 36.379 33.367 33.356 32.344 33.333 33.323 33.313 49.303 64.294 37.284 97.274 69.265
0.000 20.391 43.446 36.510 55.562 55.596 50.614 41.618 35.611 36.596 37.573 48.542 51.505 43.460 46.408 55.350 56.290 46.233 3.190 0.000 4.913 3.872 36.822 42.771 46.733 45.698 46.664 46.630 44.599 51.568 52.539 52.511 53.484 50.459 49.433 50.409 41.386 36.363 37.342 34.321 35.302 34.285 33.271 35.260 50.253 0.000 0.000 0.000 27.534 71.528 33.521 9.513 0.000 14.466 53.459 35.448 36.437 34.424 34.412 34.400 33.388 32.375 33.363 33.351 32.339 33.328 32.317 31.307 34.297 30.288 26.279 90.265 99.255
0.000 17.591 37.612 47.640 57.666 48.683 48.690 50.688 48.678 39.660 45.635 54.603 43.562 36.513 35.455 41.386 51.310 58.234 22.158 14.057 39.955 39.882 34.821 43.769 48.726 49.688 45.652 45.618 37.585 34.555 34.526 34.498 33.472 31.446 38.420 52.395 51.371 50.347 45.324 36.302 34.281 35.261 34.243 34.229 35.220 0.000 0.000 0.000 42.547 9.534 13.528 0.000 0.000 0.000 32.459 12.448 15.435 32.422 31.410 31.398 32.385 34.372 34.359 34.346 33.334 33.322 31.311 31.300 32.290 20.283 0.000 10.254 93.242
0.000 16.771 40.769 59.772 50.778 47.780 47.777 48.768 47.753 49.732 54.705 43.671 37.629 37.577 37.511 36.429 37.331 43.235 60.149 58.059 36.965 35.881 34.813 35.758 47.714 45.675 56.639 44.602 37.570 35.540 36.512 35.485 40.458 48.432 44.406 38.381 44.355 54.330 51.306 50.281 41.258 34.235 34.213 35.193 33.179 0.000 0.000 42.578 30.572 0.000 0.000 44.489 39.487 38.481 30.471 0.000 0.000 37.418 34.408 34.396 34.382 34.368 34.355 34.341 34.328 34.316 34.304 33.293 34.282 36.271 26.259 0.000 35.227
5.037 29.954 54.920 50.903 39.892 44.882 49.869 44.853 50.833 56.809 48.781 36.747 35.706 37.654 37.585 41.487 42.348 36.227 47.144 43.066 39.966 36.864 33.791 40.737 44.695 46.661 37.628 64.583 52.552 42.524 34.497 40.470 59.444 69.418 62.392 39.366 41.340 44.313 48.287 53.260 51.234 47.207 36.180 33.153 40.122 46.080 0.000 17.584 38.591 0.000 0.000 14.490 34.492 34.485 34.474 39.460 38.443 34.424 33.409 34.395 34.379 34.364 34.350 34.336 34.322 34.309 34.297 34.284 33.272 33.260 34.246 37.230 33.220
17.121 51.086 57.054 42.029 37.007 38.986 40.964 51.941 55.917 66.892 65.863 58.831 47.793 36.747 39.687 6.587 0.000 35.181 41.134 38.093 0.972 34.819 38.749 55.704 54.669 57.645 0.000 29.550 69.531 63.507 49.481 55.456 73.430 73.404 71.378 40.351 46.324 46.297 48.268 36.239 45.210 51.180 50.148 49.115 62.079 71.037 3.993 0.000 28.616 53.641 0.000 0.000 57.505 38.494 38.479 38.462 38.445 39.427 33.410 32.394 36.377 33.360 33.344 33.330 33.316 34.302 33.289 32.276 32.263 32.251 32.237 32.224 31.212
16.240 62.215 48.182 37.151 37.121 37.091 50.061 48.030 65.004 79.978 76.950 73.920 68.888 59.856 50.829 0.000 0.000 0.000 29.119 40.108 0.000 0.000 31.682 49.660 48.634 63.604 35.563 36.537 69.514 74.490 70.466 69.442 72.416 72.391 73.365 52.337 44.309 46.280 46.250 36.219 45.187 39.153 58.118 29.081 68.040 89.996 60.949 30.898 0.000 31.666 0.000 33.557 93.529 46.506 48.486 48.466 44.447 45.428 37.411 32.394 14.375 33.354 33.338 36.323 39.309 49.295 39.281 34.268 35.255 35.242 35.228 35.216 35.203
48.384 52.350 46.310 44.271 39.234 51.197 45.158 58.115 36.090 6.065 57.038 76.010 74.983 75.959 58.944 0.000 0.000 0.000 23.116 46.112 0.000 0.000 28.636 43.622 38.601 65.575 76.547 76.521 72.498 72.475 72.452 73.428 72.403 72.378 72.352 66.324 41.296 43.265 41.234 36.200 47.165 48.128 51.090 8.049 53.006 88.959 58.908 76.847 37.765 23.691 35.640 91.585 79.547 51.517 45.492 47.469 41.448 35.428 33.410 31.397 0.000 39.342 47.331 55.317 62.302 71.288 60.273 40.260 34.246 35.232 35.219 35.207 35.194
59.563 48.492 48.437 44.389 51.346 48.305 51.259 75.183 62.175 45.154 66.128 75.101 74.075 73.054 53.043 0.000 0.000 0.000 0.000 1.112 0.000 0.000 34.605 43.592 54.572 70.550 72.527 72.504 72.482 72.460 72.438 72.415 72.391 72.366 72.340 72.313 58.283 48.252 41.219 34.183 38.145 38.105 43.064 62.021 47.975 82.928 68.876 75.819 82.755 68.695 73.643 82.596 58.557 59.524 45.496 44.471 36.448 33.426 34.406 36.386 50.362 56.342 74.326 73.310 72.295 71.280 71.265 61.251 39.237 34.223 35.210 35.197 35.185
50.695 38.618 40.556 52.503 49.457 49.418 19.389 0.000 54.273 80.249 75.219 74.189 76.162 58.140 44.131 28.155 0.000 0.000 0.000 0.000 0.000 0.000 40.586 57.567 69.547 72.527 72.506 72.486 72.466 72.445 72.424 72.402 72.380 72.356 72.330 72.303 73.273 67.241 59.206 51.168 49.127 52.084 43.039 59.994 38.947 80.899 13.849 34.797 69.743 41.690 32.642 88.599 52.560 56.527 54.497 35.470 33.446 34.423 34.401 42.380 63.358 74.338 71.320 71.304 71.287 68.272 67.257 65.242 64.228 38.214 34.200 34.187 34.174
40.805 37.730 50.666 50.610 45.562 65.521 19.490 28.475 68.396 75.349 74.310 74.275 74.243 50.213 50.188 61.178 0.000 0.000 0.000 0.000 0.000 0.000 0.000 7.544 66.522 78.503 73.485 72.468 72.449 72.431 72.411 72.391 72.370 72.347 72.322 72.295 72.265 73.232 74.196 71.155 71.111 74.064 54.016 59.968 33.921 74.873 10.826 12.777 65.728 35.681 45.637 79.596 60.559 52.525 56.495 33.468 34.442 33.418 35.396 45.374 66.353 67.333 72.314 71.296 66.280 63.263 67.248 72.233 71.218 60.204 41.190 40.177 39.164
36.903 50.831 51.767 39.710 50.659 71.615 64.576 70.538 76.486 74.440 74.398 74.359 71.321 55.282 5.228 1.203 0.000 0.000 0.000 0.000 0.000 0.000 0.000 0.000 11.492 23.479 64.465 73.450 72.434 72.417 72.400 72.381 72.361 72.340 72.316 74.290 73.261 73.228 72.190 74.147 73.098 73.046 62.992 60.942 37.894 49.848 79.802 58.757 66.713 35.669 63.628 57.590 60.554 48.521 42.491 34.463 34.437 34.412 42.389 47.367 48.346 53.326 61.307 59.288 60.271 71.254 71.238 71.223 71.208 72.193 66.179 62.166 60.153
51.994 51.924 40.860 36.803 51.750 70.703 76.659 75.617 74.571 74.526 74.483 75.441 66.400 59.367 0.000 0.000 0.000 0.000 0.000 0.000 0.000 0.000 0.000 0.000 20.475 40.457 67.445 73.432 72.419 72.405 72.389 72.373 72.354 72.335 74.313 74.288 74.261 66.228 71.189 74.144 77.089 75.028 68.965 64.912 52.866 36.822 84.779 67.737 69.696 34.655 80.617 44.580 25.546 42.514 33.484 34.456 33.430 42.406 48.382 47.360 47.338 46.318 39.298 35.280 65.262 71.245 71.228 71.213 71.197 71.182 72.168 72.154 72.141
49.079 40.011 37.948 35.890 52.837 72.788 74.742 74.698 74.654 74.611 74.568 76.523 55.470 53.419 0.000 0.000 0.000 0.000 0.000 0.000 0.000 0.000 0.000 0.000 0.000 54.431 73.425 72.416 72.406 72.394 72.380 72.365 74.349 73.332 73.312 73.290 67.265 45.234 61.196 71.151 22.084 13.014 46.929 53.877 62.834 49.794 70.755 88.716 73.677 40.640 82.604 6.569 18.536 31.505 34.476 34.448 36.422 46.397 44.374 45.351 47.330 50.309 44.289 45.270 61.252 71.235 71.218 71.202 71.186 71.171 71.157 71.143 71.129
40.159 38.092 43.030 47.973 62.919 74.870 74.823 74.779 74.737 74.696 74.656 75.611 62.541 0.000 0.000 0.000 0.000 0.000 2.369 39.369 0.369 18.370 0.000 0.000 0.000 29.410 64.407 71.402 72.393 72.384 72.372 72.360 74.346 72.330 72.314 72.296 56.275 52.249 14.208 16.179 0.000 0.000 31.859 38.833 60.801 46.766 51.731 94.695 77.659 56.623 66.589 16.556 61.524 38.494 34.466 34.438 36.413 45.388 56.364 56.342 58.320 64.299 59.279 70.260 71.242 71.224 71.207 71.190 71.175 71.159 71.145 71.131 71.117
41.234 38.169 45.108 64.051 74.998 74.948 74.902 74.859 74.818 74.781 74.748 80.724 0.000 0.000 0.000 0.000 0.000 0.000 39.369 51.369 38.369 53.370 49.370 0.000 19.386 51.393 58.393 69.389 72.383 72.375 72.366 73.355 72.343 72.331 72.317 68.303 57.290 62.278 0.000 0.000 0.000 15.808 48.814 40.796 58.769 34.739 36.707 84.673 83.639 75.605 61.572 61.541 50.511 45.482 34.454 34.428 34.402 44.378 66.354 73.332 72.310 72.289 64.269 71.249 71.230 71.212 71.195 71.178 71.162 71.147 71.132 71.118 71.104
39.306 37.242 52.182 72.126 76.073 75.024 74.978 74.935 74.896 74.861 74.832 81.812 0.000 0.000 0.000 0.000 0.000 0.000 28.369 48.369 48.369 47.370 50.371 34.374 42.379 50.382 50.382 67.380 73.375 72.368 72.361 72.352 72.342 72.332 73.321 65.311 61.302 55.296 0.000 0.000 0.000 8.801 12.795 40.768 59.741 36.713 32.684 71.652 88.619 85.587 66.555 45.525 44.496 45.468 36.441 33.416 34.391 37.367 48.343 68.321 71.299 71.278 63.257 71.238 71.219 71.200 71.183 71.166 71.150 71.134 71.119 71.105 71.091
38.374 40.312 60.252 76.197 75.145 75.096 75.051 75.009 74.970 74.936 76.906 74.882 0.000 0.000 0.000 0.000 0.000 0.000 14.369 53.369 59.369 64.369 55.370 54.371 48.373 44.375 55.374 69.372 72.368 72.363 75.357 73.349 72.341 72.333 72.325 67.317 59.312 54.309 29.312 0.000 0.000 0.000 0.000 2.741 51.714 37.690 33.663 66.633 97.599 78.567 57.536 48.508 50.480 48.454 43.428 32.403 34.378 33.355 37.331 56.309 71.287 71.266 63.245 71.225 71.206 71.188 71.170 71.153 71.136 71.121 71.106 71.091 71.077
38.440 48.378 68.319 76.264 75.213 75.165 75.120 75.079 75.040 76.006 73.973 61.928 45.927 0.000 0.000 0.000 0.000 0.000 16.369 54.369 63.369 63.368 67.368 69.368 52.369 51.369 66.368 72.366 72.363 72.359 73.353 72.347 72.341 72.334 72.328 70.322 58.318 59.315 53.315 0.000 0.000 0.000 0.000 0.000 37.683 37.669 31.647 76.615 64.579 70.545 40.516 60.489 54.463 47.438 47.414 38.389 33.366 34.342 33.319 45.296 68.274 70.253 64.232 71.212 72.193 71.174 71.156 71.139 71.122 71.107 71.091 71.077 71.063
