results1/res_4e8f-0176.wd
ncols         241
nrows         181
xllcorner     12693529.787448
yllcorner     3542525.717860
cellsize      155.156523
NODATA_value  -9999.000000
[rows 33 to 65 of 181, columns 146 to 218 of 241]
64.694 63.911 63.638 64.277 30.938 42.610 64.299 57.988 36.570 0.000 0.000 35.862 11.862 16.863 32.864 57.869 44.868 10.867 0.000 0.000 49.771 57.758 15.734 42.707 34.685 35.660 39.621 48.582 66.539 57.508 52.478 47.454 48.433 48.415 47.398 46.381 45.362 53.342 63.322 55.305 55.289 53.273 32.256 46.243 54.234 0.000 24.793 29.764 53.691 51.628 56.570 66.514 59.466 54.444 9.432 0.000 37.382 37.377 44.375 22.376 0.000 0.000 0.000 0.000 0.000 0.000 0.000 0.000 0.000 0.000 0.000 0.000 0.000
64.642 64.390 64.044 64.717 42.397 60.096 62.830 56.641 0.000 0.000 13.862 37.862 0.000 0.000 0.000 41.880 41.875 49.865 12.846 62.821 50.789 37.764 46.738 37.711 35.684 35.656 34.622 36.586 64.550 62.518 62.489 64.464 57.441 59.421 58.402 58.383 58.365 59.346 63.328 61.312 62.297 57.282 34.270 33.260 6.254 0.000 21.736 35.718 43.680 38.625 44.567 57.506 57.469 55.448 13.437 0.000 0.000 42.369 14.367 0.000 0.000 0.000 0.000 0.000 1.282 44.276 43.270 45.266 35.262 38.259 5.257 0.000 0.000
65.119 64.783 64.463 64.144 63.837 64.546 56.286 43.104 0.000 0.000 0.000 5.862 0.000 0.000 0.000 38.895 35.887 48.873 53.852 45.827 54.799 52.771 33.743 34.715 35.686 35.656 47.623 51.590 55.557 48.526 45.497 55.471 29.447 36.426 31.406 31.386 31.368 34.350 60.333 49.318 47.303 49.291 34.280 36.272 16.268 0.000 31.698 88.691 13.685 0.000 0.000 6.473 58.457 57.441 16.431 0.000 0.000 39.363 36.356 38.344 36.332 44.322 50.312 42.301 64.288 71.277 69.270 54.265 34.261 33.258 37.255 7.254 0.000
65.512 65.193 64.874 64.562 65.260 59.964 41.665 32.385 41.384 0.000 0.000 0.000 0.000 0.000 0.000 35.918 34.906 37.887 33.863 44.837 47.808 50.779 39.749 34.719 34.689 34.658 59.626 65.594 47.562 41.531 41.502 42.475 39.451 39.429 39.408 40.389 43.370 40.353 61.337 53.322 51.309 51.297 33.288 47.282 73.278 0.000 23.666 76.663 0.000 0.000 0.000 8.458 58.443 56.429 34.415 39.393 37.377 35.363 35.353 35.342 34.332 41.322 48.313 35.303 53.289 71.275 67.268 47.263 32.259 32.256 37.253 5.252 0.000
65.922 65.596 65.278 64.971 61.677 47.386 36.026 0.000 0.000 0.000 0.000 40.114 3.102 9.083 1.035 34.954 35.931 35.905 34.878 34.849 40.818 33.787 33.756 35.724 34.693 33.661 57.629 54.598 62.567 66.535 65.504 60.477 56.453 58.431 54.410 58.390 58.372 59.355 63.339 61.325 62.312 58.302 33.293 45.288 67.285 0.000 18.638 79.631 0.000 0.000 0.000 0.000 55.427 58.419 37.406 35.389 35.374 35.361 35.350 35.340 34.330 41.322 50.315 6.309 0.000 29.268 72.264 48.260 32.256 32.253 36.250 3.249 0.000
66.330 65.993 65.671 65.367 55.091 36.879 0.000 0.000 0.000 0.000 38.143 41.127 54.108 54.082 42.043 34.993 34.958 35.926 35.894 34.862 33.829 34.796 34.762 34.729 33.696 42.664 61.632 40.602 54.572 31.536 64.502 54.477 53.453 53.431 50.410 55.390 56.372 56.355 63.339 61.326 58.314 58.304 33.296 47.291 66.288 0.000 4.616 72.594 0.000 0.000 0.000 0.000 59.419 58.413 34.400 36.382 35.368 36.357 36.346 36.337 37.328 45.320 25.315 0.000 0.000 30.264 72.261 53.257 40.253 34.249 37.246 4.244 0.000
66.733 66.375 67.044 59.737 47.439 37.159 0.000 0.000 0.000 0.000 35.159 52.143 46.121 35.093 37.058 37.018 34.981 33.946 35.911 34.876 35.840 35.804 35.769 34.734 34.699 54.666 54.634 54.605 54.583 0.000 36.493 34.474 35.452 35.430 36.409 40.389 43.371 41.354 61.338 55.325 49.313 51.304 34.296 46.292 65.289 0.000 0.000 45.534 36.510 0.000 0.000 0.000 53.417 36.415 0.000 31.371 37.360 41.351 48.342 48.333 48.324 50.316 22.311 0.000 14.268 78.264 71.259 73.254 61.249 36.244 37.241 5.239 0.000
67.124 66.731 66.392 52.099 3.769 0.000 0.000 0.000 0.000 13.217 51.190 46.166 36.140 37.111 37.077 37.040 37.003 34.965 33.928 33.890 35.852 34.813 34.775 33.737 35.701 50.667 41.634 50.602 51.572 10.536 10.502 50.476 49.452 49.429 49.407 51.387 51.368 52.351 64.336 60.322 55.310 57.301 33.294 42.290 70.288 0.000 0.000 104.499 73.487 40.468 27.460 0.000 0.000 0.000 0.000 0.000 34.351 43.345 47.338 46.329 49.320 51.311 37.300 42.285 58.272 73.264 71.257 71.250 59.244 36.239 36.234 12.231 0.000
67.487 68.033 59.695 42.499 0.000 0.000 0.000 1.304 1.286 58.243 52.218 36.192 37.164 37.133 37.099 37.062 37.024 36.985 33.946 34.905 34.863 34.821 35.780 34.740 34.702 37.666 42.631 54.598 41.566 53.533 58.502 51.475 60.450 50.426 51.404 54.383 53.364 52.347 62.331 58.317 46.306 45.296 34.290 41.286 70.285 0.000 0.000 95.476 85.469 62.458 31.451 0.000 0.000 7.382 2.379 0.000 5.348 54.342 46.334 40.325 37.316 52.306 39.295 41.283 49.272 70.262 72.254 70.247 56.240 36.233 33.226 37.219 31.209
75.769 73.219 45.855 35.702 0.000 0.000 3.335 36.322 50.303 51.274 45.247 40.220 37.190 37.158 37.123 37.086 36.047 39.007 43.964 39.920 34.875 35.829 34.784 34.741 34.701 34.663 41.627 42.594 40.561 47.530 46.499 41.472 53.446 33.422 41.399 48.378 47.359 41.341 60.325 53.310 33.298 32.289 35.282 37.279 41.282 0.000 0.000 73.459 53.454 90.446 76.435 12.416 13.400 64.386 38.375 36.362 36.350 38.341 49.331 43.322 11.312 64.302 52.291 48.280 46.269 57.260 73.251 65.243 48.235 37.227 33.219 40.210 64.199
0.000 0.000 24.804 42.753 0.000 0.000 38.348 48.339 62.323 46.301 45.277 45.249 38.219 37.186 37.150 37.112 44.071 52.029 52.985 44.937 39.887 34.836 33.786 34.739 38.697 35.658 34.622 33.588 39.555 40.524 39.495 40.467 42.440 35.416 41.393 46.371 48.351 44.333 60.316 54.302 36.289 35.278 35.270 31.266 0.000 0.000 0.000 29.448 48.444 48.437 82.426 97.413 90.399 58.386 44.374 45.362 45.350 48.339 70.329 88.319 97.309 96.298 98.287 97.277 91.266 85.257 77.247 60.238 43.230 34.221 35.213 48.203 67.193
18.803 0.000 0.000 0.000 0.000 9.378 41.370 61.363 53.350 56.332 53.309 43.282 36.251 37.217 37.179 48.139 53.098 49.054 44.008 40.958 43.899 38.842 38.786 34.733 39.689 33.650 34.614 35.581 34.548 34.517 34.488 34.460 33.433 34.409 34.385 38.363 44.343 43.324 61.306 55.291 34.277 35.265 35.256 34.247 9.237 0.000 0.000 33.440 59.437 48.430 50.421 65.410 76.398 86.385 88.373 94.361 97.349 97.338 96.327 92.316 83.306 81.295 83.284 86.273 88.263 89.253 87.243 91.234 83.225 50.216 37.207 56.198 73.188
58.203 16.943 0.000 0.000 6.368 42.385 58.393 51.392 43.383 51.367 55.345 56.318 46.286 35.250 45.211 54.169 44.126 36.082 36.037 37.987 5.910 6.845 5.783 31.719 35.676 37.640 37.605 34.572 34.540 35.509 34.480 34.452 34.425 35.400 34.376 34.353 34.332 37.312 54.294 53.278 35.263 35.251 35.240 36.232 37.226 0.000 0.000 32.435 50.432 51.427 63.419 50.408 30.396 34.383 70.371 94.359 78.347 73.336 76.325 69.314 55.303 44.291 35.280 33.269 34.259 44.249 42.239 37.229 76.220 91.210 69.201 67.192 71.183
0.000 32.682 11.039 5.236 41.351 51.402 58.423 42.429 45.423 43.409 41.387 49.359 54.326 49.288 53.245 42.200 36.154 37.110 37.070 45.042 0.000 0.000 0.000 28.682 37.658 48.627 49.594 44.562 40.530 42.499 38.470 37.442 35.415 34.390 34.366 35.342 34.320 34.300 37.281 46.263 34.247 34.234 35.222 34.214 3.209 0.000 0.000 13.433 11.431 65.426 49.419 34.408 48.395 50.382 96.369 77.357 60.346 42.334 33.322 34.311 35.300 36.288 36.277 36.266 35.255 33.244 32.234 33.224 41.214 78.205 86.196 71.186 70.178
0.000 20.066 43.198 45.317 44.400 59.447 44.470 38.477 40.472 39.457 36.435 35.406 50.371 57.329 60.283 48.232 38.181 35.133 43.094 9.068 0.000 0.000 0.000 31.670 41.646 48.616 49.583 49.551 51.519 59.489 57.459 53.431 51.404 47.379 41.354 36.330 34.308 35.286 34.266 39.247 32.230 33.214 34.202 36.193 57.187 0.000 0.000 0.000 27.433 69.428 29.421 38.411 29.395 68.379 86.367 46.355 34.344 36.332 36.320 36.308 36.297 36.285 33.273 33.261 32.250 33.239 33.229 33.219 49.209 64.200 37.190 97.180 69.171
0.000 20.317 43.371 36.434 55.485 55.517 50.534 41.537 35.530 36.514 37.490 48.459 51.421 43.376 46.323 55.265 56.205 46.148 3.104 0.000 4.824 3.783 36.732 42.680 46.642 45.607 46.573 46.539 44.507 51.477 52.447 52.419 53.392 50.366 49.341 50.317 41.293 36.271 37.249 34.229 35.210 34.193 33.178 35.167 50.161 0.000 0.000 0.000 27.440 71.434 33.427 9.419 0.000 14.371 53.364 35.354 36.342 34.330 34.318 34.306 33.294 32.281 33.269 33.257 32.245 33.234 32.223 31.213 34.203 30.194 26.185 90.172 99.162
0.000 17.515 37.535 47.562 57.587 48.604 48.610 50.608 48.597 39.578 45.552 54.520 43.479 36.429 35.370 41.301 51.225 58.148 22.071 13.970 39.866 39.793 34.731 43.679 48.635 49.597 45.561 45.526 37.494 34.463 34.434 34.406 33.380 31.353 38.328 52.303 51.279 50.255 45.232 36.209 34.188 35.168 34.151 34.137 35.128 0.000 0.000 0.000 42.452 9.440 13.433 0.000 0.000 0.000 32.365 12.353 15.341 32.328 31.316 31.303 32.291 34.278 34.265 34.252 33.240 33.228 31.217 31.206 32.197 20.190 0.000 10.160 93.148
0.000 16.693 40.691 59.694 50.698 47.700 47.696 48.686 47.671 49.649 54.622 43.588 37.545 37.493 37.427 36.344 37.245 43.149 60.063 57.972 36.877 35.792 34.723 35.667 47.623 45.584 56.548 44.511 37.478 35.448 36.420 35.393 40.366 48.340 44.314 38.288 44.263 54.238 51.213 50.189 41.165 34.142 34.120 35.101 33.086 0.000 0.000 42.484 30.477 0.000 0.000 44.395 39.394 38.388 30.378 0.000 0.000 37.324 34.314 34.302 34.288 34.274 34.261 34.247 34.235 34.222 34.210 33.199 34.188 36.177 26.165 0.000 35.134
4.958 29.874 54.841 50.824 39.812 44.801 49.788 44.771 50.751 56.727 48.698 36.664 35.622 37.570 37.500 41.403 42.263 36.142 47.058 42.979 39.877 36.774 33.700 40.646 44.604 46.569 37.536 64.491 52.460 42.432 34.405 40.378 59.352 69.326 62.300 39.274 41.247 44.221 48.194 53.168 51.141 47.114 36.087 33.060 40.030 45.987 0.000 17.490 38.496 0.000 0.000 14.397 34.398 34.392 34.380 39.366 38.349 34.330 33.315 34.301 34.286 34.271 34.256 34.242 34.229 34.216 34.203 34.191 33.179 33.167 34.153 37.137 33.127
17.041 51.006 56.974 41.948 36.926 38.905 40.883 51.859 55.835 66.809 65.780 58.748 47.709 36.664 39.603 6.503 0.000 35.095 41.049 38.009 0.885 34.727 38.657 55.612 54.578 57.553 0.000 29.458 69.439 63.415 49.389 55.364 73.338 73.312 71.286 40.259 46.232 46.204 48.176 36.147 45.117 51.087 50.055 49.022 61.986 70.944 3.900 0.000 28.522 53.547 0.000 0.000 57.411 38.400 38.385 38.369 38.351 39.333 33.316 32.300 36.283 33.266 33.251 33.236 33.222 34.209 33.196 32.183 32.170 32.157 32.144 32.131 31.119
16.159 62.134 48.102 37.070 37.039 37.010 49.979 47.948 64.921 79.895 76.867 73.836 68.804 59.772 50.745 0.000 0.000 0.000 29.035 40.024 0.000 0.000 31.590 49.569 48.542 63.512 35.471 36.445 69.422 74.398 70.374 69.349 72.324 72.298 73.272 52.245 44.217 46.188 46.158 36.127 45.094 39.060 58.025 28.988 67.948 89.904 60.856 30.805 0.000 31.573 0.000 33.463 93.435 46.413 48.392 48.372 44.353 45.334 37.317 32.301 14.281 33.260 33.245 36.230 39.216 49.202 39.188 34.175 35.162 35.149 35.135 35.123 35.111
48.303 52.269 46.229 44.189 39.152 51.115 45.076 58.033 36.007 5.982 56.955 75.927 74.900 75.876 58.860 0.000 0.000 0.000 23.031 46.027 0.000 0.000 28.544 43.530 38.509 65.483 76.454 76.429 72.406 72.383 72.359 73.335 72.311 72.286 72.259 66.232 41.203 43.173 41.141 36.107 47.072 48.036 50.997 7.956 52.913 88.867 58.815 76.754 37.672 23.598 35.547 91.492 79.454 51.424 45.399 47.376 41.354 35.335 33.317 31.303 0.000 39.249 47.237 55.223 62.209 71.194 60.180 40.166 34.153 35.140 35.126 35.114 35.102
59.480 48.410 48.355 44.307 51.264 48.223 51.176 75.100 62.092 45.071 66.045 75.017 73.991 72.971 52.959 0.000 0.000 0.000 0.000 1.027 0.000 0.000 34.513 43.500 54.480 70.458 72.434 72.412 72.389 72.367 72.345 72.322 72.298 72.274 72.248 72.220 58.191 48.159 41.126 34.090 38.052 38.012 42.971 61.928 47.883 82.835 68.783 75.726 82.662 68.602 73.550 82.503 58.464 59.431 45.403 44.377 36.354 33.333 34.313 36.293 50.269 56.249 74.233 73.217 72.202 71.187 71.172 61.158 39.144 34.130 35.117 35.104 35.092
50.613 38.536 40.473 52.421 49.375 49.335 19.306 0.000 54.190 80.165 75.136 74.106 76.078 58.056 44.047 28.070 0.000 0.000 0.000 0.000 0.000 0.000 40.494 57.475 69.455 72.434 72.414 72.393 72.373 72.353 72.332 72.310 72.287 72.263 72.237 72.210 73.180 67.148 59.113 51.075 49.034 51.991 42.947 59.901 38.854 80.807 13.757 34.704 69.650 41.597 32.549 88.506 52.467 56.434 54.404 35.377 33.352 34.330 34.308 42.287 63.265 74.245 71.227 71.211 71.195 68.179 67.164 65.149 64.135 38.121 34.108 34.095 34.082
40.722 37.647 50.583 50.527 45.479 65.438 19.407 28.391 68.312 75.265 74.227 74.192 74.159 50.129 50.104 61.093 0.000 0.000 0.000 0.000 0.000 0.000 0.000 7.452 66.429 78.411 73.393 72.375 72.357 72.338 72.319 72.298 72.277 72.254 72.229 72.202 72.173 73.140 74.103 71.063 71.018 73.971 53.923 59.875 33.828 74.781 10.733 12.684 65.636 35.588 45.544 79.503 60.466 52.432 56.402 33.375 34.349 33.325 35.302 45.281 66.260 67.240 72.221 71.204 66.187 63.171 67.155 72.140 71.125 60.111 41.097 40.084 39.071
36.820 50.748 51.683 39.626 50.576 71.531 64.492 70.455 76.402 74.356 74.314 74.275 71.237 55.199 5.145 1.120 0.000 0.000 0.000 0.000 0.000 0.000 0.000 0.000 11.399 23.387 64.372 73.357 72.341 72.325 72.307 72.288 72.268 72.247 72.223 74.197 73.168 73.135 72.097 74.054 73.005 72.953 62.899 60.849 37.801 49.755 79.710 58.664 66.620 35.577 63.535 57.497 60.461 48.428 42.398 34.370 34.344 34.319 42.296 47.274 48.253 53.233 61.214 59.196 60.178 71.162 71.146 71.130 71.115 72.101 66.087 62.074 60.061
51.910 51.840 40.777 36.719 51.667 70.619 76.576 75.533 74.487 74.442 74.399 75.357 66.316 59.283 0.000 0.000 0.000 0.000 0.000 0.000 0.000 0.000 0.000 0.000 20.382 40.365 67.352 73.340 72.326 72.312 72.296 72.280 72.261 72.242 74.220 74.196 74.168 66.135 71.097 74.051 76.996 74.936 68.873 64.820 52.773 36.729 84.686 67.644 69.603 34.563 80.524 44.487 25.453 42.421 33.391 34.363 33.337 42.313 48.289 47.267 47.245 46.225 39.206 35.187 65.169 71.152 71.136 71.120 71.105 71.090 72.076 72.062 72.049
48.995 39.927 37.864 35.806 52.753 72.704 74.658 74.614 74.570 74.527 74.484 76.438 55.386 53.335 0.000 0.000 0.000 0.000 0.000 0.000 0.000 0.000 0.000 0.000 0.000 54.338 73.332 72.323 72.313 72.301 72.287 72.272 74.256 73.239 73.219 73.197 67.172 45.141 61.103 71.058 21.992 12.921 46.836 53.785 62.742 49.702 70.662 88.623 73.585 40.547 82.511 6.476 18.443 31.412 34.383 34.355 36.329 46.305 44.281 45.258 47.237 50.216 44.197 45.178 61.160 71.142 71.126 71.109 71.094 71.079 71.065 71.051 71.037
40.074 38.008 42.946 47.889 62.835 74.786 74.739 74.695 74.653 74.612 74.571 75.526 62.456 0.000 0.000 0.000 0.000 0.000 2.275 39.275 0.275 18.276 0.000 0.000 0.000 29.317 64.314 71.308 72.300 72.290 72.279 72.266 74.253 72.237 72.221 72.202 56.182 52.156 14.115 16.086 0.000 0.000 31.766 38.741 60.708 46.673 51.638 94.602 77.566 56.530 66.496 16.463 61.431 38.401 34.373 34.346 36.320 45.295 56.272 56.249 58.228 64.207 59.187 70.168 71.149 71.132 71.115 71.098 71.083 71.067 71.053 71.039 71.025
41.150 38.085 45.024 63.967 74.914 74.864 74.818 74.774 74.734 74.696 74.663 80.639 0.000 0.000 0.000 0.000 0.000 0.000 39.275 51.275 38.276 53.276 49.276 0.000 19.292 51.299 58.300 69.296 72.290 72.282 72.273 73.262 72.250 72.237 72.224 68.210 57.196 62.185 0.000 0.000 0.000 15.715 48.722 40.704 58.677 34.646 36.614 84.581 83.547 75.513 61.480 61.448 50.418 45.389 34.361 34.335 34.309 44.285 66.262 73.239 72.217 72.196 64.176 71.157 71.138 71.120 71.103 71.086 71.070 71.055 71.040 71.026 71.013
39.221 37.158 52.098 72.041 75.989 74.939 74.893 74.851 74.811 74.776 74.747 81.727 0.000 0.000 0.000 0.000 0.000 0.000 28.275 48.275 48.275 47.276 50.277 34.280 42.285 50.289 50.289 67.286 73.281 72.275 72.267 72.258 72.249 72.238 73.228 65.218 61.209 55.203 0.000 0.000 0.000 8.709 12.702 40.676 59.649 36.621 32.591 71.560 88.527 85.494 66.462 45.432 44.403 45.375 36.349 33.323 34.298 37.274 48.251 68.228 71.206 71.185 63.165 71.145 71.126 71.108 71.091 71.074 71.058 71.042 71.027 71.013 70.999
38.289 40.227 60.168 76.112 75.060 75.011 74.966 74.924 74.885 74.850 76.820 74.796 0.000 0.000 0.000 0.000 0.000 0.000 14.275 53.275 59.275 64.275 55.276 54.278 48.280 44.281 55.281 69.279 72.275 72.269 75.263 73.256 72.248 72.240 72.232 67.224 59.218 54.215 29.219 0.000 0.000 0.000 0.000 2.649 51.622 37.598 33.571 66.540 97.507 78.475 57.444 48.415 50.387 48.361 43.335 32.310 34.286 33.262 37.239 56.216 71.195 71.173 63.153 71.133 71.114 71.096 71.078 71.061 71.045 71.029 71.014 71.000 70.986
38.355 48.293 68.234 76.179 75.128 75.080 75.035 74.993 74.954 75.920 73.887 61.842 45.842 0.000 0.000 0.000 0.000 0.000 16.275 54.275 63.275 63.274 67.274 69.275 52.275 51.276 66.275 72.273 72.269 72.265 73.260 72.254 72.247 72.241 72.234 70.229 58.224 59.222 53.222 0.000 0.000 0.000 0.000 0.000 37.591 37.577 31.555 76.523 64.487 70.453 40.423 60.396 54.370 47.345 47.321 38.297 33.273 34.250 33.227 45.204 68.182 70.161 64.140 71.120 72.101 71.082 71.065 71.047 71.031 71.015 71.000 70.986 70.972
