results1/res_4e8f-0083.wd
ncols         241
nrows         181
xllcorner     12693529.787448
yllcorner     3542525.717860
cellsize      155.156523
NODATA_value  -9999.000000
[rows 132 to 164 of 181, columns 0 to 72 of 241]
92.977 97.977 101.977 101.976 103.975 103.973 97.972 88.970 74.968 63.965 62.962 63.958 62.954 61.950 66.945 80.939 91.933 96.925 96.916 93.905 85.893 76.877 67.858 61.835 66.804 68.768 67.726 68.679 66.639 61.602 75.567 98.533 65.505 0.000 0.000 0.000 5.124 57.116 69.109 66.082 68.058 74.042 92.034 78.032 62.032 61.035 61.040 73.046 94.052 35.058 8.064 3.079 0.000 0.000 0.000 0.000 0.000 0.000 0.000 0.000 0.000 0.000 0.000 0.000 24.932 4.852 8.772 49.670 72.521 76.418 76.307 86.390 113.853
70.982 72.982 75.982 81.981 91.980 97.978 102.977 102.975 95.972 81.970 70.967 64.963 68.959 75.954 88.949 103.943 102.936 99.929 99.919 102.909 102.896 98.881 86.863 74.841 66.814 61.784 62.750 61.715 62.683 70.653 92.626 100.604 12.590 0.000 0.000 0.000 15.133 43.141 61.174 70.167 71.148 68.125 69.120 79.117 74.113 67.109 71.105 79.102 92.099 33.095 19.085 25.095 5.105 0.000 0.000 0.000 0.000 0.000 0.000 0.000 0.000 0.000 0.000 0.000 7.012 0.000 56.797 78.715 74.592 83.560 74.621 113.980 102.737
62.988 62.988 62.987 64.986 69.985 73.984 80.982 89.980 97.978 100.975 94.972 92.968 94.964 97.959 96.954 89.948 80.941 78.934 78.925 83.914 89.902 96.888 99.871 98.851 87.828 77.803 72.776 70.749 79.723 95.700 96.681 82.668 15.662 0.000 0.000 0.000 0.000 0.000 44.280 71.266 50.240 38.190 53.204 68.202 83.194 87.183 89.170 90.157 86.145 13.138 0.113 28.112 25.114 13.118 19.118 13.119 0.000 0.000 0.000 0.000 0.000 0.000 41.240 11.187 77.092 99.023 131.873 87.843 82.891 63.845 99.906 104.416 104.319
63.993 63.993 63.993 63.992 62.991 61.990 63.988 68.986 74.983 84.981 94.977 96.974 89.970 79.965 73.960 65.954 61.947 61.940 61.931 63.921 68.910 74.897 81.882 93.864 98.845 100.825 99.803 95.782 98.762 91.744 73.731 65.724 44.727 2.753 0.000 0.000 0.000 0.000 37.400 70.376 13.357 0.000 46.305 71.294 90.279 98.259 84.236 87.210 73.188 31.175 0.000 55.126 24.124 16.120 27.119 27.119 0.000 0.000 0.000 0.000 0.000 28.350 47.294 120.231 149.150 132.028 115.579 114.521 106.189 104.826 104.698 104.562 69.785
63.999 63.999 63.999 63.998 63.997 63.996 63.994 62.992 62.990 65.987 71.984 70.980 66.976 62.971 62.966 62.961 63.954 63.947 63.939 63.930 62.920 61.908 63.894 69.880 76.864 85.847 93.829 89.813 78.797 66.784 62.774 67.769 75.770 51.778 29.782 29.765 15.727 16.659 52.544 73.480 23.456 5.465 65.416 97.390 99.367 78.340 81.305 80.258 68.223 57.198 8.170 36.143 10.133 0.000 11.119 0.000 0.880 0.000 0.000 0.000 0.000 9.409 72.352 78.268 74.252 75.408 73.379 105.170 105.062 104.948 72.141 74.917 76.786
64.006 64.006 64.005 64.004 64.003 64.002 64.001 63.999 63.996 63.994 62.990 62.987 62.982 63.978 63.973 63.968 63.962 63.956 63.949 63.940 63.931 63.920 63.909 62.896 61.883 62.869 66.855 64.842 63.830 67.821 70.813 69.809 67.807 69.807 69.803 66.787 66.756 70.707 45.637 31.546 20.521 38.522 83.505 97.484 77.459 70.428 69.384 49.297 45.247 8.222 0.000 0.000 0.000 1.172 0.000 0.000 4.880 19.853 34.804 4.735 18.648 81.494 88.477 86.546 84.528 85.607 105.371 105.273 86.396 93.184 86.036 91.806 83.645
64.012 64.012 64.012 64.011 64.010 64.009 64.007 64.006 64.003 64.001 63.998 63.994 63.990 63.985 63.980 63.976 63.971 63.965 63.959 62.952 69.943 71.934 63.924 62.914 61.903 62.892 64.881 67.871 70.862 69.854 64.849 65.845 72.843 75.841 71.835 65.823 62.803 71.777 2.750 0.000 5.559 78.598 87.598 74.582 66.558 86.530 32.507 0.000 0.000 0.000 0.123 0.134 0.153 1.172 0.000 0.000 29.907 71.875 100.826 61.758 94.638 102.791 99.750 98.838 105.648 105.559 105.467 98.485 100.360 100.057 98.916 97.845 15.759
64.019 64.019 64.019 64.018 64.017 64.016 64.015 64.013 64.011 64.009 67.006 67.002 64.997 68.992 66.987 63.984 63.980 63.976 62.970 60.964 71.957 79.949 65.941 62.932 64.923 67.914 69.906 68.898 65.892 67.887 72.883 74.881 75.879 75.877 70.874 64.867 73.858 92.846 11.837 0.000 0.000 52.713 75.706 72.688 76.660 96.628 30.606 0.000 0.071 0.093 0.113 0.125 0.152 2.173 0.000 28.021 79.968 95.913 98.841 103.836 100.998 97.986 105.890 105.813 105.733 97.803 98.586 99.457 99.136 99.106 92.036 68.941 0.000
64.026 64.026 64.026 64.025 64.024 64.024 64.022 64.021 64.019 65.017 72.014 72.011 49.006 16.997 37.994 67.993 61.990 64.987 70.982 73.977 73.971 69.964 65.957 66.950 69.943 68.936 67.930 69.924 73.920 73.917 75.916 74.915 65.915 60.916 62.916 75.915 94.914 104.913 26.915 0.000 0.000 27.836 83.824 85.803 92.767 91.715 27.684 0.000 0.051 0.000 0.000 0.093 0.000 6.174 32.142 76.083 97.997 101.010 100.096 100.097 99.187 106.035 105.964 98.014 98.812 99.673 99.458 99.312 99.267 91.199 83.156 0.000 0.000
64.033 64.033 64.033 64.033 64.032 64.031 64.031 64.029 64.028 66.026 75.024 86.021 62.018 0.000 4.998 53.003 79.002 70.999 68.995 68.990 66.985 65.980 67.974 69.968 67.963 63.958 65.953 77.950 79.947 69.947 63.947 60.949 60.951 65.955 79.959 95.963 92.969 76.978 48.995 17.032 11.027 54.971 83.951 65.933 56.892 48.780 13.732 0.000 0.000 0.012 0.014 0.021 0.000 25.209 76.175 98.086 100.277 99.267 99.374 106.238 106.173 106.105 98.079 99.961 99.673 99.545 99.489 99.415 93.337 80.273 70.235 0.000 0.000
64.041 64.041 64.040 64.040 64.040 64.039 64.039 64.038 64.037 66.036 76.034 63.032 19.027 1.038 0.000 21.018 75.016 67.012 69.009 68.005 66.000 68.996 69.991 66.986 63.982 59.978 69.975 83.974 70.973 60.975 61.977 66.981 76.987 87.993 99.001 92.010 70.021 65.035 84.053 91.074 92.079 96.069 71.076 32.085 4.089 0.000 0.000 0.000 0.000 0.223 0.012 0.000 30.322 76.252 98.267 100.451 99.467 106.418 106.361 106.301 98.352 99.149 100.036 99.734 99.718 99.657 99.580 100.487 88.405 59.318 48.277 6.277 0.276
63.049 63.048 64.048 64.048 64.048 64.048 64.047 64.047 64.046 67.046 77.045 48.044 0.000 7.049 45.046 47.036 64.030 66.026 54.023 36.019 74.016 69.012 65.008 64.004 62.001 63.998 79.997 82.996 64.998 68.001 80.006 89.013 98.021 96.031 84.042 70.055 63.070 79.089 83.110 71.131 52.146 50.151 38.200 18.241 7.289 1.487 0.000 19.820 14.820 0.000 0.000 24.409 76.425 99.521 100.537 98.645 106.527 106.473 98.521 99.331 100.206 100.012 99.889 99.864 99.810 99.757 102.686 66.550 46.478 0.000 0.000 0.000 0.000
72.057 70.056 67.056 65.055 62.056 62.056 62.056 62.056 61.056 66.056 78.056 61.057 42.060 50.057 68.054 64.048 61.044 67.040 62.037 49.034 69.031 63.028 62.025 62.022 64.019 78.017 86.016 52.017 44.020 94.026 99.034 94.043 83.054 73.066 65.080 61.097 72.117 84.140 52.166 27.195 10.224 1.281 18.333 17.390 7.479 8.632 11.758 39.820 23.820 0.000 0.000 56.661 98.687 97.804 106.679 106.630 106.579 98.561 100.452 100.176 100.067 100.035 101.991 96.938 98.907 99.879 110.856 0.000 0.000 0.000 0.000 0.000 0.000
73.065 75.064 81.062 82.062 82.064 79.065 80.065 79.066 78.066 78.066 80.066 63.066 67.067 66.065 63.063 66.060 66.057 65.054 70.051 72.049 66.046 60.044 62.042 64.039 78.037 83.035 72.035 66.036 75.041 98.049 81.060 72.073 64.086 62.100 64.117 63.137 77.160 86.187 50.219 26.258 14.307 16.379 19.433 11.508 12.604 18.719 20.821 13.882 0.000 0.000 34.903 76.908 106.813 106.770 106.726 98.801 99.604 100.500 100.207 100.203 101.159 101.112 74.067 52.002 87.001 100.995 106.004 46.063 0.000 0.000 0.000 0.000 0.000
66.075 60.073 13.068 15.067 24.072 71.074 68.075 68.075 68.075 72.076 81.076 62.076 63.076 62.075 65.073 69.071 70.069 68.067 67.065 70.063 71.062 68.060 62.058 79.057 85.055 76.052 82.050 99.051 96.057 78.068 66.085 62.101 64.116 64.132 63.150 68.172 84.199 86.230 78.266 81.310 52.365 14.435 6.513 5.605 17.709 24.820 14.925 12.007 4.035 30.139 78.098 106.892 106.853 98.948 99.755 100.639 100.451 100.335 100.319 101.270 99.228 93.187 18.164 0.000 69.099 104.095 101.102 100.122 0.000 0.000 0.000 0.000 0.000
64.087 56.087 0.000 0.000 6.084 67.084 63.085 63.085 63.085 67.085 81.086 59.086 63.085 67.085 69.084 70.083 67.081 64.080 62.079 64.078 74.077 87.076 82.075 83.074 60.072 54.069 106.064 92.063 59.067 19.083 39.112 67.130 64.145 64.161 66.180 59.203 43.234 33.268 45.306 85.352 61.409 14.484 9.577 4.691 13.807 18.928 13.053 18.160 18.250 56.300 106.949 98.141 101.878 100.780 100.593 100.482 100.457 100.420 101.377 101.339 66.298 42.242 28.240 31.246 82.201 103.186 99.186 90.202 8.237 0.000 0.000 0.000 0.000
64.098 64.100 47.106 0.000 7.095 68.095 64.095 64.095 63.095 64.095 79.096 66.096 69.095 71.095 70.095 65.094 62.094 63.093 63.093 62.092 72.092 95.093 91.093 78.093 71.092 62.087 38.073 27.068 14.067 0.000 20.151 69.161 64.173 66.188 49.205 23.226 8.267 5.302 47.339 64.381 33.435 5.513 8.622 13.775 20.898 17.033 11.199 4.372 7.719 55.558 107.022 101.030 100.789 100.610 100.594 100.557 100.516 100.477 98.441 89.409 22.385 0.000 39.308 98.297 103.274 101.260 95.256 85.261 3.272 0.000 0.000 0.000 0.000
61.108 63.109 60.111 0.000 3.105 68.105 63.105 61.106 63.106 67.106 71.106 70.106 70.106 68.106 62.106 63.106 63.106 64.106 64.106 69.107 87.108 86.109 79.110 88.112 86.114 57.116 0.000 0.000 0.000 0.000 18.181 69.188 64.199 67.214 38.227 0.271 34.308 60.332 80.365 49.400 1.435 0.000 0.000 2.891 12.975 13.111 13.308 7.699 4.912 107.225 107.126 99.939 100.783 100.682 100.648 100.608 100.571 102.534 87.500 70.470 30.448 6.436 54.387 84.360 93.338 102.324 91.317 80.316 2.318 0.000 0.000 0.000 0.000
68.117 66.118 55.119 0.000 54.116 62.116 64.116 68.116 69.116 70.116 68.116 69.116 67.116 63.117 63.117 64.118 64.118 63.119 65.120 88.121 87.123 69.125 82.127 80.131 84.137 82.147 45.169 1.189 10.203 40.207 45.205 65.211 64.223 64.239 59.262 51.298 68.325 67.355 61.390 83.430 31.469 0.000 0.000 6.923 12.001 10.124 11.282 35.510 59.962 107.316 102.274 102.015 101.754 100.740 100.699 100.661 101.624 99.588 54.555 31.525 43.499 44.474 98.443 100.417 80.396 90.381 85.371 58.367 23.365 0.000 0.000 0.000 0.000
69.125 70.126 67.128 55.131 69.128 69.127 69.126 70.126 70.126 71.126 83.126 65.125 63.127 63.128 64.129 64.130 64.131 65.132 79.133 90.135 65.137 69.140 96.144 88.149 76.156 79.166 82.180 66.195 71.206 86.213 79.219 67.228 60.241 60.259 71.281 87.310 74.339 46.372 18.411 73.461 62.531 11.646 14.758 19.876 15.981 7.103 9.202 50.506 102.760 107.400 99.254 101.902 102.829 100.789 100.751 100.713 93.676 83.640 40.607 11.576 20.548 21.520 82.493 124.468 105.448 81.432 73.421 52.415 61.412 14.412 0.000 0.578 4.578
74.132 74.134 70.135 70.137 70.137 71.136 71.136 67.136 64.136 63.136 26.136 16.133 67.137 64.139 64.140 64.142 63.143 66.144 90.146 76.148 61.151 67.154 84.159 101.164 96.171 93.180 91.191 87.203 83.213 82.222 90.230 87.241 81.256 77.274 80.295 84.321 46.350 10.383 9.422 25.470 21.550 6.649 15.751 25.844 21.945 13.075 6.238 49.484 107.554 107.479 102.151 103.990 100.875 100.841 101.801 97.763 81.726 74.691 80.657 86.625 70.595 92.567 107.540 124.516 133.495 117.479 79.467 84.459 59.455 0.000 0.000 0.000 0.000
13.137 14.142 74.143 69.145 69.146 64.146 61.146 63.147 58.147 11.148 11.148 0.149 68.150 64.151 64.152 64.153 64.155 82.157 89.159 62.161 64.164 64.168 67.173 73.178 75.185 75.193 71.202 74.212 90.221 83.230 74.240 77.252 84.267 88.284 91.305 88.329 63.357 28.389 11.422 10.449 0.000 0.000 10.752 19.806 3.875 0.000 19.411 79.649 107.627 99.502 103.219 102.954 100.935 100.891 101.851 96.812 83.775 49.739 56.705 99.672 110.641 142.612 133.585 105.560 93.539 110.521 89.508 83.499 58.495 0.000 0.000 0.000 0.000
0.156 9.154 23.150 78.154 63.155 61.156 63.156 63.157 64.158 11.159 2.161 57.165 65.163 64.163 64.164 64.165 66.167 90.169 75.171 61.174 64.177 64.181 64.185 63.191 63.197 63.204 62.212 69.221 98.229 77.238 8.247 16.258 28.276 79.292 89.311 73.333 78.361 65.394 17.428 14.454 0.000 4.652 17.699 9.753 0.000 0.000 37.560 107.768 107.698 102.385 104.119 100.024 100.983 100.940 100.900 100.860 87.822 50.786 65.751 102.717 98.685 132.655 127.627 96.601 101.578 87.559 68.545 86.535 64.531 0.000 0.000 0.000 0.000
62.174 58.169 0.000 70.166 80.166 81.166 62.166 74.167 81.168 57.169 55.171 65.173 64.173 64.174 64.175 64.176 83.178 87.180 62.183 64.186 63.189 62.193 64.198 64.203 64.209 64.215 63.222 71.230 100.237 81.245 27.252 0.268 51.286 76.297 89.313 68.332 58.358 17.399 10.443 13.484 11.544 19.606 23.639 0.000 0.000 16.505 78.735 107.836 99.651 103.363 103.102 101.077 101.031 100.988 100.947 101.907 92.868 81.831 104.795 129.761 117.728 134.696 131.667 125.639 132.614 98.593 75.576 85.566 93.562 22.572 0.000 0.000 0.000
64.180 63.179 58.181 64.177 63.176 11.176 85.176 77.177 64.178 65.179 65.181 64.182 64.183 64.185 64.186 67.188 90.189 73.192 63.194 64.197 70.201 78.205 64.209 62.214 64.220 63.226 66.232 90.239 98.246 73.253 61.262 49.275 71.286 70.297 31.311 16.325 13.342 0.000 2.462 2.496 3.543 4.587 6.613 0.000 19.629 76.741 98.876 107.902 100.612 101.249 101.167 101.122 101.077 101.034 100.993 101.952 92.913 75.875 71.839 104.803 94.769 108.736 111.704 99.675 101.647 73.622 50.602 64.589 131.582 84.581 19.583 9.582 31.581
64.187 64.187 64.187 64.186 64.185 58.185 74.186 90.187 66.188 63.189 64.190 64.192 64.193 64.195 63.197 86.198 88.200 62.203 64.205 65.208 62.212 24.216 83.220 78.225 65.230 63.235 81.241 100.247 84.254 64.261 64.269 65.278 68.287 72.296 9.308 10.316 0.000 0.000 14.447 0.000 0.000 0.000 0.000 0.000 42.783 99.905 108.029 107.966 100.500 101.327 101.207 101.167 101.122 101.079 101.037 99.996 84.957 86.918 106.881 125.844 124.809 129.774 134.740 121.708 119.676 106.647 55.622 53.605 129.594 93.589 31.585 24.582 89.581
64.194 64.194 64.194 64.194 64.194 64.194 64.195 75.196 90.197 66.199 63.200 64.202 64.204 62.205 70.207 91.209 71.211 63.213 65.216 63.218 5.222 2.227 71.231 72.236 78.240 77.245 85.250 84.256 65.261 63.267 65.274 68.281 73.287 73.291 0.000 0.000 0.000 1.430 25.431 12.426 13.424 12.423 0.000 4.117 51.134 105.146 108.090 99.849 101.552 101.283 101.259 101.210 101.166 101.123 101.080 101.039 86.999 82.960 103.922 104.884 104.848 107.811 107.776 106.740 111.703 84.666 60.635 75.614 90.601 29.595 0.000 0.000 33.580
64.201 66.201 66.201 64.202 64.202 64.203 64.204 64.205 75.207 90.208 66.210 61.212 61.214 78.216 90.218 84.220 61.222 64.224 60.226 6.226 3.233 57.238 64.242 64.246 70.250 87.254 87.259 80.264 73.269 65.274 52.279 22.284 87.288 67.291 0.000 0.000 0.000 0.419 14.422 7.422 21.422 10.423 0.000 4.381 24.384 108.210 108.150 100.717 101.443 101.345 101.299 101.253 101.208 101.165 101.123 102.081 97.041 87.002 81.962 80.924 80.886 80.848 80.811 84.773 58.731 2.679 28.639 84.616 80.603 41.594 3.589 0.000 32.579
65.209 2.209 3.206 64.210 63.211 62.212 62.213 61.214 61.216 74.218 89.219 82.221 89.224 91.226 78.228 62.231 69.233 69.236 57.238 0.000 5.248 68.250 64.253 66.256 90.260 97.264 75.267 66.272 73.276 80.280 68.284 4.288 47.291 65.294 0.000 0.000 0.000 1.406 7.414 4.419 18.421 0.000 0.000 4.614 9.967 108.268 105.978 101.679 101.416 101.389 101.339 101.294 101.249 101.206 101.164 101.123 102.082 101.042 99.002 97.963 97.924 98.885 100.847 74.809 16.770 0.000 13.624 69.610 100.598 91.590 64.584 40.580 57.579
64.218 63.218 0.000 63.220 74.220 78.221 82.222 87.223 90.225 91.227 91.229 91.231 77.234 64.236 80.239 97.242 98.244 98.248 91.252 69.260 4.259 65.261 63.264 72.266 100.269 87.273 64.276 63.279 65.283 68.286 59.290 4.293 24.296 24.298 0.000 0.000 0.000 7.397 2.405 0.000 1.421 0.000 12.522 13.930 5.405 108.323 109.926 105.556 101.473 101.425 101.379 101.333 101.289 101.246 101.204 101.163 101.123 101.083 101.042 101.002 101.960 104.921 76.884 9.846 0.000 0.000 0.000 14.601 70.591 101.583 92.578 68.576 45.578
64.226 66.227 62.231 64.229 79.229 78.230 74.231 70.232 69.233 65.236 86.238 76.241 87.244 78.246 94.249 90.252 83.255 84.259 95.263 101.267 90.270 91.272 83.274 91.277 99.279 72.282 63.284 64.287 64.290 63.293 63.295 65.298 60.301 9.305 69.314 60.319 0.000 1.376 0.000 0.000 0.000 3.231 81.353 78.577 108.421 108.374 103.805 104.625 101.504 101.463 101.416 101.371 101.328 101.285 101.244 101.203 101.163 101.123 101.083 103.041 107.995 76.957 16.920 0.000 0.000 0.000 0.000 0.000 11.583 62.574 97.570 47.568 0.000
66.234 2.232 61.236 64.237 64.238 64.238 63.239 64.240 66.242 64.245 76.248 71.251 80.253 91.256 79.259 64.263 65.266 66.270 67.273 72.277 85.280 95.282 101.284 99.287 88.289 64.291 64.293 64.295 64.297 64.299 65.301 88.303 61.306 1.310 65.316 15.325 9.339 2.354 0.000 0.000 0.000 13.139 101.350 103.543 108.465 102.146 101.840 101.572 101.547 101.497 101.452 101.408 101.365 101.324 101.283 101.243 101.203 101.165 103.125 88.083 42.023 8.989 0.000 0.000 0.000 0.000 0.000 0.000 0.000 33.560 95.559 47.558 0.000
67.243 0.244 61.245 64.245 64.246 64.247 64.248 65.248 3.248 63.254 67.257 78.260 78.263 86.266 91.270 77.273 62.276 62.280 62.284 64.288 66.290 67.293 68.295 68.297 67.298 66.300 62.301 62.302 63.304 64.306 75.307 89.308 60.310 54.312 56.314 0.000 0.000 2.353 0.000 0.000 0.000 17.147 100.254 108.547 108.506 101.000 101.723 101.624 101.578 101.532 101.487 101.444 101.402 101.361 101.321 101.282 101.243 101.206 106.171 62.144 0.000 0.000 0.000 0.000 0.000 0.000 0.000 0.000 0.000 36.549 96.548 55.546 0.000
