results1/res_4e8f-0178.wd
ncols         241
nrows         181
xllcorner     12693529.787448
yllcorner     3542525.717860
cellsize      155.156523
NODATA_value  -9999.000000
[rows 33 to 65 of 181, columns 73 to 145 of 241]
0.000 0.000 0.000 0.000 0.000 0.000 0.000 0.000 0.000 0.000 0.000 0.000 0.000 0.000 0.000 0.000 0.000 0.000 0.000 0.000 0.000 0.000 0.000 0.000 0.000 0.000 0.000 0.000 0.000 0.000 0.000 0.000 0.000 0.000 0.000 0.000 0.000 0.000 0.000 39.601 62.602 67.604 23.606 0.000 0.000 32.683 46.711 13.690 4.690 36.711 39.727 33.725 34.706 35.670 35.617 35.545 35.453 34.337 40.184 59.948 6.466 14.586 11.869 47.031 63.490 68.018 66.578 67.179 65.715 67.801 62.857 62.465 62.455
0.000 0.000 0.000 0.000 0.000 0.000 0.000 0.000 0.000 0.000 0.000 0.000 0.000 0.000 0.000 0.000 0.000 0.000 0.000 0.000 0.000 0.000 0.000 0.000 0.000 0.000 0.000 0.000 0.000 0.000 0.000 0.000 0.000 0.000 0.000 0.000 0.000 0.000 0.000 0.000 14.602 9.603 0.000 0.000 0.000 0.000 28.802 0.000 0.000 26.752 50.793 49.798 39.780 35.744 35.688 35.609 35.510 34.391 56.257 54.103 0.000 37.423 49.989 63.418 67.899 67.422 66.992 66.500 67.560 63.578 62.876 63.130 65.431
0.000 0.000 0.000 0.000 0.000 0.000 0.000 0.000 0.000 0.000 0.000 0.000 0.000 0.000 0.000 0.000 0.000 0.000 35.066 67.066 20.066 0.000 0.000 0.000 0.000 0.000 0.000 0.000 0.000 0.000 0.000 0.000 0.000 0.000 0.000 0.000 0.000 0.000 0.000 0.000 0.000 0.000 0.000 0.000 0.000 0.000 20.894 0.000 0.000 0.000 28.897 46.891 46.874 37.839 35.780 35.695 33.586 49.461 58.351 0.000 23.081 47.692 62.248 68.754 68.262 67.808 67.288 69.320 65.308 63.414 63.813 66.138 65.383
0.000 0.000 0.000 0.000 0.000 0.000 0.000 0.000 0.000 0.000 0.000 22.068 60.068 0.067 0.000 0.000 0.000 0.000 42.066 93.066 49.066 0.000 0.000 0.000 0.000 0.000 0.000 0.000 0.000 0.000 0.000 0.000 0.000 0.000 0.000 0.000 0.000 0.000 0.000 0.000 0.000 0.000 0.000 0.000 0.000 0.000 23.985 25.026 32.044 18.042 28.005 35.996 48.985 39.956 35.898 32.805 43.677 53.517 42.334 17.998 47.470 65.017 69.559 69.081 68.619 68.079 68.084 67.047 64.064 64.512 66.850 66.103 65.869
0.000 0.000 0.000 0.000 0.000 0.000 0.000 0.000 0.000 0.000 0.000 43.068 78.068 67.068 54.068 9.068 3.068 27.067 81.067 89.066 54.066 0.000 0.000 0.000 0.000 23.070 2.070 0.000 0.000 0.000 0.000 0.000 0.000 0.000 0.000 0.000 0.000 7.072 0.000 0.000 0.000 11.071 29.070 0.000 0.000 40.048 55.035 58.049 56.064 42.077 36.086 35.104 49.115 40.103 32.052 45.951 59.799 47.596 35.470 50.190 54.785 67.346 69.885 69.424 68.873 68.853 66.798 64.824 65.229 67.576 66.835 66.605 66.272
0.000 0.000 0.000 0.000 0.000 0.000 0.000 0.000 0.000 0.000 0.000 14.068 76.068 59.068 40.068 2.068 23.068 73.067 84.067 91.066 50.066 0.000 0.000 0.000 0.067 61.070 45.070 0.000 0.000 0.000 0.000 0.000 0.000 0.000 0.000 0.069 24.072 36.072 38.072 0.000 0.000 20.071 45.070 24.069 38.067 61.061 64.059 65.069 62.087 49.115 36.158 33.219 50.267 41.288 45.257 63.146 56.974 0.000 33.762 52.508 65.132 70.695 70.240 69.681 69.636 67.570 65.711 65.969 68.317 67.586 67.363 67.030 66.698
0.000 0.000 0.000 0.000 0.000 0.000 0.000 0.000 0.000 0.000 0.000 0.000 0.000 27.068 65.068 61.068 49.068 62.068 82.067 93.066 46.065 0.000 0.000 0.000 0.000 23.070 47.070 49.070 0.000 0.000 0.000 0.000 0.000 0.000 0.000 0.000 40.072 41.072 53.072 36.072 25.072 39.071 40.071 36.070 43.070 50.069 48.072 41.082 60.101 26.137 42.214 45.346 35.448 47.523 60.543 57.401 0.166 8.724 45.308 61.946 70.541 71.079 70.526 70.452 67.380 66.765 66.739 69.077 68.358 68.143 67.818 67.486 67.129
0.000 0.000 0.000 0.000 0.000 0.000 0.000 0.000 0.000 0.000 0.000 0.000 0.000 17.069 84.069 79.069 69.069 59.068 83.067 91.065 86.063 71.059 26.057 0.000 0.000 0.000 3.070 57.070 41.070 39.070 50.070 45.070 8.070 0.000 0.000 4.072 40.072 39.072 60.072 66.072 55.072 47.072 39.072 36.072 37.073 38.074 37.078 35.086 43.098 4.118 0.000 4.502 40.658 63.813 61.992 1.342 7.438 45.138 58.798 68.438 71.975 71.536 72.311 68.264 68.061 67.557 69.865 69.150 68.942 68.629 68.312 67.962 67.572
0.000 0.000 0.000 0.000 0.000 0.000 0.000 0.000 0.000 0.000 0.000 0.000 0.000 0.000 17.069 56.070 31.070 67.069 86.068 91.066 89.062 87.058 76.054 35.051 0.047 0.000 0.000 13.070 52.070 52.070 65.070 63.070 56.071 51.071 0.000 0.000 7.072 44.072 63.072 70.072 62.072 46.072 35.073 36.073 36.075 36.076 36.080 36.084 40.089 0.000 0.000 0.000 10.868 48.078 17.554 14.848 49.787 54.589 66.327 72.932 72.783 71.023 69.351 69.728 68.459 70.699 69.973 69.757 69.451 69.152 68.833 68.477 68.048
0.000 0.000 0.000 0.000 0.000 0.000 0.000 0.000 0.000 0.000 0.000 0.000 0.000 0.000 0.000 2.070 88.071 88.071 90.070 90.067 89.062 83.057 77.051 48.048 0.000 0.000 0.000 0.000 0.000 20.070 65.070 59.070 74.071 71.071 50.071 29.071 30.072 39.072 61.072 70.072 61.072 44.073 34.073 39.074 38.076 36.078 36.080 36.083 37.085 29.084 0.000 0.000 0.000 0.000 9.296 52.341 55.271 63.127 73.849 73.960 72.320 74.210 71.966 69.503 71.612 70.846 70.599 70.278 69.982 69.688 69.392 69.066 67.631
0.000 0.000 0.000 0.000 0.000 0.000 23.035 46.033 0.000 23.975 63.964 52.952 56.941 31.934 0.000 0.000 24.074 96.074 90.075 87.071 84.063 87.054 78.046 41.041 0.000 0.000 0.000 0.000 0.000 0.000 0.000 9.071 63.071 64.071 15.071 0.000 6.072 43.072 61.072 66.072 56.073 47.073 45.074 7.075 14.076 42.078 36.080 36.082 37.083 43.083 51.083 13.083 0.000 0.000 24.994 57.948 61.842 72.652 74.867 74.498 77.778 76.357 70.849 72.653 71.796 71.485 71.125 70.805 70.506 70.229 69.979 69.764 75.611
0.000 0.000 0.000 0.000 0.000 0.000 23.038 66.030 8.010 57.985 59.966 71.950 54.937 39.928 0.000 0.000 12.076 81.078 93.083 90.078 90.066 91.052 85.038 39.029 0.000 0.000 0.000 0.000 0.000 0.000 0.000 0.000 0.000 48.071 7.071 0.000 2.072 49.072 46.072 58.072 15.072 0.000 0.000 0.000 0.000 8.079 46.080 40.082 3.083 33.083 67.083 50.083 3.083 0.000 29.747 63.586 72.489 75.610 75.365 79.537 78.792 72.207 73.771 72.818 72.420 72.001 71.639 71.308 71.008 70.744 70.530 70.401 75.438
21.308 65.302 55.297 0.000 0.000 0.000 17.050 77.038 53.016 54.990 60.966 84.945 85.927 80.913 34.899 0.000 0.000 0.000 41.102 95.091 90.072 91.048 88.025 47.009 0.000 0.000 0.000 0.000 0.000 0.000 0.000 0.000 0.000 6.071 0.000 0.000 0.000 0.000 0.000 0.000 0.000 0.000 0.000 0.000 0.000 0.000 0.000 21.082 18.082 0.000 0.000 0.000 0.000 19.158 56.575 73.528 75.205 76.137 80.485 80.091 73.237 74.795 73.832 73.375 72.900 72.490 72.117 71.779 71.475 71.209 70.997 70.871 73.899
21.309 77.301 59.292 55.281 0.000 0.000 4.074 69.056 71.025 70.993 82.962 79.937 91.915 90.897 51.885 0.000 0.000 0.000 17.132 97.113 90.081 91.044 88.005 47.972 0.000 0.000 8.539 56.502 68.461 37.433 0.000 0.000 0.000 0.000 0.000 0.000 0.000 0.000 0.000 0.000 0.000 0.000 0.000 0.000 0.000 0.000 0.000 0.000 6.082 0.000 0.000 0.000 17.122 57.630 74.590 75.173 81.402 80.892 74.509 75.071 75.572 74.755 74.288 73.790 73.345 72.935 72.560 72.216 71.902 71.621 71.379 78.185 19.042
85.311 82.301 61.288 62.271 54.244 1.195 59.116 54.086 62.035 74.994 78.953 89.925 90.900 89.877 58.858 0.000 0.000 0.000 16.182 96.147 90.097 91.041 85.978 65.903 49.786 50.680 50.576 58.506 79.448 46.406 0.000 0.000 0.000 0.000 0.000 0.000 0.000 0.000 0.000 0.000 0.000 0.000 0.000 0.000 0.000 0.000 0.000 0.000 0.000 0.000 15.211 45.989 55.497 74.484 76.074 82.739 82.147 75.057 76.778 76.113 75.572 75.117 74.633 74.178 73.749 73.348 72.973 72.623 72.297 71.993 78.712 24.449 0.000
82.317 77.305 75.290 58.269 62.240 62.203 53.161 46.139 0.000 0.000 20.932 79.911 90.882 88.851 73.813 40.760 0.000 3.355 65.267 86.194 91.121 90.044 90.964 80.876 56.776 53.676 52.581 61.497 79.418 62.336 48.224 49.136 53.070 64.030 28.014 0.000 0.000 0.000 0.000 0.000 0.000 0.000 0.000 0.000 0.000 0.000 0.000 0.000 0.000 0.000 26.411 66.252 74.199 76.847 83.618 83.222 75.780 77.450 76.673 76.302 75.862 75.411 74.968 74.538 74.126 73.734 73.361 73.007 72.668 78.344 25.028 0.000 0.000
71.324 23.311 91.296 62.276 56.243 57.213 59.186 59.169 48.169 0.000 0.000 0.895 24.865 95.833 85.782 63.707 55.585 62.444 61.337 63.242 71.147 72.052 58.957 55.862 53.766 53.669 52.574 61.482 76.391 55.298 52.200 57.112 73.045 76.006 60.998 34.998 0.000 0.000 0.000 0.000 0.000 0.000 0.000 0.000 0.000 0.000 0.000 0.000 0.000 17.249 59.095 74.707 77.548 84.184 83.939 76.476 78.121 77.338 76.982 76.555 76.133 75.709 75.289 74.879 74.482 74.100 73.731 73.374 79.027 24.685 0.000 0.000 0.000
17.332 90.320 91.308 77.296 0.000 4.221 64.202 60.183 71.168 62.154 0.000 0.909 3.871 83.832 80.776 65.701 56.605 53.497 53.395 56.290 69.173 77.059 79.949 72.851 62.755 55.660 54.564 70.466 73.367 48.265 52.164 52.069 52.993 56.951 35.974 0.000 0.000 0.000 6.524 0.000 0.000 0.000 0.000 0.000 0.000 0.000 0.000 20.471 52.141 59.998 73.513 84.844 84.459 77.528 78.124 78.692 78.003 77.641 77.221 76.814 76.406 76.001 75.600 75.208 74.825 74.452 75.088 81.732 25.379 0.000 0.000 0.000 0.000
95.341 91.330 91.318 91.303 78.282 61.246 61.218 61.192 52.168 1.125 18.021 24.967 76.905 73.850 76.789 69.717 70.635 70.546 70.454 73.352 68.195 68.061 69.930 73.835 74.745 72.652 68.555 79.452 77.345 65.233 66.120 66.009 67.906 42.829 0.000 0.000 0.000 0.000 7.524 0.000 0.000 0.000 0.000 0.000 0.000 7.346 55.125 55.690 76.705 77.262 85.906 85.429 80.014 79.732 79.121 78.655 78.279 77.868 77.470 77.072 76.678 76.287 75.903 75.527 75.158 75.796 79.439 12.085 0.000 0.000 0.000 0.000 0.000
94.349 90.342 90.332 91.318 88.295 66.265 60.232 61.199 62.162 54.113 3.049 68.991 65.931 66.873 67.811 62.744 66.671 71.597 79.526 64.468 0.000 0.033 14.873 72.817 68.737 68.650 68.551 68.443 68.326 68.203 68.074 67.939 65.794 60.630 33.411 0.000 9.045 52.824 59.524 71.219 40.981 0.000 0.000 0.000 1.271 56.544 67.333 79.258 79.894 86.640 86.306 80.663 80.341 79.607 79.279 78.891 78.495 78.103 77.714 77.327 76.945 76.568 76.199 75.838 76.484 79.134 26.786 0.000 0.000 0.000 0.000 0.000 0.000
80.356 80.354 80.352 91.340 91.317 81.285 57.247 60.208 61.168 61.123 67.070 76.015 59.957 56.900 54.840 61.776 76.710 75.645 60.583 40.525 0.000 0.000 0.000 0.831 57.737 52.658 52.557 52.441 52.314 53.179 56.035 56.879 56.701 55.485 56.192 54.743 54.266 62.901 69.531 67.150 73.744 71.204 65.695 63.183 65.558 77.190 80.709 80.502 87.133 86.917 81.301 80.956 80.208 79.882 79.488 79.103 78.718 78.334 77.955 77.578 77.206 76.841 76.487 77.143 77.805 16.469 0.000 0.000 0.000 0.000 0.000 0.000 0.000
0.000 46.368 58.382 86.373 90.348 71.311 54.264 53.220 61.180 61.140 60.094 54.042 54.983 60.929 77.871 76.810 59.748 52.690 42.637 0.000 62.208 71.147 67.053 67.933 70.801 73.690 72.576 73.451 76.311 75.164 72.009 73.840 68.648 54.417 58.130 56.770 61.376 78.984 85.550 82.105 75.642 70.171 71.716 78.181 83.035 81.470 87.736 87.387 81.286 82.895 81.482 80.822 80.483 80.085 79.701 79.317 78.937 78.562 78.192 77.825 77.461 78.102 75.766 71.442 23.123 0.000 0.000 0.000 0.000 0.000 0.000 0.000 0.000
0.000 0.000 51.434 70.420 81.393 56.346 48.279 55.226 53.192 60.161 61.126 61.074 54.006 70.960 62.907 51.846 54.783 46.730 0.000 71.357 74.269 74.180 76.079 76.965 79.843 83.726 82.606 82.474 82.317 84.155 84.996 82.825 70.632 56.406 58.140 57.830 57.485 60.110 33.579 6.077 95.546 137.144 114.678 80.612 82.131 88.699 88.262 81.733 84.462 81.877 81.435 81.078 80.684 80.298 79.912 79.528 79.152 78.785 78.427 78.071 79.708 74.342 63.031 17.736 0.000 0.000 0.000 0.000 0.000 0.000 0.000 0.000 46.679
3.671 0.000 6.502 27.481 62.457 44.401 0.000 50.213 55.200 55.188 61.173 50.124 0.000 54.999 52.950 54.883 55.806 65.718 79.596 76.445 78.330 84.225 94.118 138.004 134.880 134.763 134.649 134.522 135.328 119.145 50.994 53.832 51.648 59.436 58.195 54.923 52.625 34.390 0.000 0.000 4.340 62.049 79.061 83.657 89.391 89.072 81.331 83.032 82.332 82.028 81.660 81.279 80.896 80.508 80.119 79.732 79.357 78.999 79.659 78.323 69.960 58.527 16.279 0.000 0.000 0.000 0.000 0.000 0.000 0.000 2.978 37.918 58.796
77.672 25.648 14.589 77.544 55.553 0.000 0.000 0.000 49.209 62.217 54.255 0.000 7.172 63.087 54.011 64.930 77.840 77.740 82.624 85.499 78.382 64.272 55.165 51.054 48.910 51.797 52.706 39.637 0.000 56.101 53.005 51.863 55.691 59.494 56.282 48.044 54.701 35.436 0.000 1.624 57.343 74.356 84.080 89.883 89.662 81.913 83.600 82.897 82.605 82.236 81.869 81.492 81.109 80.721 80.325 79.924 79.543 80.197 75.887 64.602 21.281 0.000 0.000 0.000 0.000 0.000 0.000 0.000 0.000 0.000 6.039 55.979 54.891
87.691 95.682 83.664 0.636 12.658 6.766 1.802 0.806 0.000 0.000 58.375 56.354 64.258 61.167 61.078 60.985 77.886 91.778 80.663 60.543 58.426 53.316 55.215 46.136 0.000 57.808 54.743 43.681 0.000 57.154 52.060 52.924 59.758 57.568 55.395 37.268 0.000 1.912 54.036 51.803 68.589 84.499 90.160 82.846 83.413 84.074 83.471 83.177 82.815 82.456 82.087 81.711 81.328 80.940 80.536 81.095 80.696 70.358 55.090 17.916 0.000 0.000 0.000 0.000 0.000 0.000 0.000 4.422 31.376 30.291 45.160 57.069 44.983
77.719 81.724 71.727 0.000 0.000 71.841 64.836 58.811 2.751 10.656 76.515 73.429 60.337 61.244 61.148 62.047 82.939 134.825 127.705 74.583 129.464 50.351 54.243 54.140 56.023 53.884 53.776 53.664 55.505 51.301 51.157 60.016 58.848 55.626 50.462 39.365 0.000 0.658 56.077 62.901 84.900 83.780 90.516 83.892 84.478 84.028 83.739 83.393 83.045 82.684 82.314 81.935 81.552 81.177 82.785 78.223 59.789 46.449 48.199 14.058 0.000 0.000 0.000 0.000 0.000 0.000 0.000 4.468 40.415 45.336 59.240 53.153 43.071
73.749 68.771 12.792 0.000 2.961 54.920 63.889 60.847 78.785 72.702 77.602 85.511 76.419 61.323 61.223 61.115 60.000 53.877 48.749 53.621 50.497 54.379 54.267 54.158 54.046 53.928 53.815 53.694 52.550 57.387 59.252 60.134 43.991 0.000 43.462 0.000 0.000 0.639 60.241 82.155 86.156 91.497 91.039 83.983 84.636 84.278 83.965 83.632 83.283 82.922 82.550 82.165 81.766 80.431 42.202 0.000 0.000 0.000 0.000 0.000 0.000 0.000 0.000 36.879 31.841 30.777 29.688 33.567 42.481 58.398 52.313 43.231 53.152
65.777 56.818 61.878 6.977 60.003 55.987 54.954 72.905 65.841 81.764 90.679 70.593 56.503 54.408 57.305 60.191 61.067 60.933 53.794 52.655 53.524 53.402 54.288 54.179 54.073 58.967 55.861 52.747 53.614 56.444 60.331 49.278 0.000 0.000 0.000 0.000 15.901 135.779 79.507 86.530 84.502 91.901 83.801 86.320 87.804 84.531 84.215 83.884 83.534 83.169 83.801 80.406 67.918 58.580 16.391 0.000 0.000 0.000 0.000 0.000 0.000 0.000 38.960 38.917 38.867 39.802 39.721 40.630 54.545 54.463 38.383 41.304 43.230
40.793 41.845 35.924 60.050 56.085 55.074 66.035 69.977 80.909 87.835 53.758 52.678 53.594 55.501 54.397 51.279 59.145 59.996 60.837 59.682 53.541 52.416 51.303 52.199 58.101 117.007 84.915 64.818 47.716 0.000 62.350 70.370 0.000 0.000 0.000 0.000 60.025 70.918 87.802 85.836 92.607 92.268 84.890 85.420 86.086 84.793 84.483 84.153 83.802 84.418 83.078 35.742 0.000 0.000 0.000 0.000 0.000 0.000 0.000 0.000 0.000 0.000 46.003 41.963 38.907 39.841 37.766 49.686 56.606 40.527 41.450 49.375 47.303
0.000 0.000 0.000 53.215 56.213 58.187 79.134 90.060 103.982 85.909 14.839 71.769 71.692 55.605 55.503 54.381 52.238 55.069 60.876 58.694 59.544 61.418 59.309 57.212 53.124 48.045 52.972 47.895 0.000 0.000 0.000 56.480 48.507 0.000 0.000 2.437 70.255 87.104 87.178 85.193 92.917 84.611 87.113 88.620 85.363 85.073 84.769 84.445 84.102 81.624 36.351 0.000 0.000 0.000 0.000 0.000 0.000 0.000 0.000 0.000 0.000 45.165 15.087 3.023 46.958 36.890 47.817 59.741 47.665 42.589 47.515 51.443 44.373
0.000 0.000 0.000 51.382 57.366 73.327 84.256 132.146 126.051 127.979 133.921 129.866 130.802 55.724 55.627 54.506 54.355 53.167 47.905 57.673 59.522 60.404 58.303 60.215 60.139 61.077 54.034 0.000 0.000 0.000 0.000 57.562 42.535 0.000 0.000 61.588 83.470 87.424 86.412 93.482 93.207 85.669 86.216 86.906 85.644 85.369 85.074 85.757 60.538 0.000 0.000 0.000 0.000 0.000 0.000 0.000 0.000 0.000 57.478 46.429 36.351 40.243 40.157 41.084 41.013 43.942 56.870 53.797 48.723 49.650 47.578 45.508 41.440
17.633 0.000 0.000 52.564 69.543 77.499 83.415 54.219 53.097 52.035 49.001 49.970 49.926 55.862 55.776 71.661 71.509 47.338 0.000 44.571 57.468 59.374 57.283 59.206 59.142 60.089 56.053 0.024 0.889 1.844 55.783 40.672 0.000 0.000 62.983 71.831 88.705 87.617 86.799 93.737 85.342 87.871 90.408 86.185 85.937 85.685 84.402 71.971 30.755 0.000 0.000 0.000 0.000 0.000 43.726 38.704 38.665 38.607 42.527 54.458 57.382 43.297 38.216 40.141 42.068 56.997 55.925 41.853 50.781 51.710 50.640 43.571 39.504
