results1/res_4e8f-0206.wd
ncols         241
nrows         181
xllcorner     12693529.787448
yllcorner     3542525.717860
cellsize      155.156523
NODATA_value  -9999.000000
[rows 33 to 65 of 181, columns 146 to 218 of 241]
64.945 64.160 63.885 64.522 31.181 42.850 64.536 58.222 36.799 0.000 0.000 36.717 12.717 17.717 33.719 58.722 45.722 11.720 0.000 0.645 50.631 58.618 16.595 43.568 35.548 36.524 40.487 49.450 67.410 58.380 53.352 48.329 49.310 49.293 48.276 47.260 46.242 54.224 64.205 56.188 56.173 54.158 33.144 47.131 55.123 0.000 25.699 30.671 54.602 52.543 57.488 67.436 60.393 55.373 10.363 0.000 38.314 38.306 45.302 23.306 0.000 0.000 0.000 0.000 0.000 0.000 0.000 0.000 0.000 0.000 0.000 0.000 0.000
64.897 64.642 64.295 64.966 42.643 60.340 63.072 56.881 0.000 0.000 14.717 38.717 0.000 0.000 0.000 42.733 42.728 50.717 13.698 63.672 51.645 38.622 47.598 38.572 36.547 36.519 35.487 37.454 65.420 63.390 63.362 65.338 58.317 60.298 59.280 59.263 59.245 60.227 64.210 62.195 63.180 58.167 35.156 34.146 7.141 0.000 22.643 36.626 44.590 39.539 45.485 58.427 58.393 56.373 14.363 0.000 0.000 43.291 15.288 0.000 0.000 0.000 0.000 0.000 2.179 45.173 44.166 46.160 36.155 39.152 6.150 0.000 0.000
65.377 65.040 64.717 64.397 64.087 64.794 56.532 43.348 0.000 0.000 0.000 6.717 0.000 0.000 0.000 39.748 36.739 49.725 54.704 46.680 55.654 53.628 34.602 35.575 36.548 36.519 48.489 52.457 56.426 49.397 46.369 56.345 30.322 37.302 32.283 32.265 32.247 35.231 61.215 50.200 48.187 50.175 35.165 37.158 17.154 0.000 32.604 89.598 14.594 0.000 0.000 7.395 59.379 58.364 17.353 0.000 0.000 40.279 37.271 39.253 37.239 45.226 51.213 43.200 65.184 72.173 70.165 55.159 35.154 34.151 38.148 8.146 0.000
65.774 65.453 65.132 64.819 65.514 60.216 41.914 32.631 41.631 0.000 0.000 0.000 0.000 0.000 0.000 36.771 35.757 38.737 34.714 45.689 48.662 51.635 40.607 35.579 35.550 35.521 60.491 66.461 48.431 42.401 42.374 43.349 40.326 40.305 40.285 41.267 44.249 41.233 62.218 54.204 52.191 52.180 34.172 48.166 74.163 0.000 24.572 77.568 0.000 0.000 0.000 9.379 59.363 57.349 35.333 40.309 38.290 36.276 36.264 36.250 35.237 42.225 49.214 36.202 54.186 72.171 68.163 48.157 33.152 33.148 38.145 6.144 0.000
66.189 65.861 65.541 65.232 61.935 47.642 36.278 0.000 0.000 0.000 0.000 40.927 3.913 9.889 1.857 35.808 36.780 36.754 35.727 35.699 41.671 34.642 34.612 36.583 35.553 34.523 58.494 55.464 63.435 67.404 66.376 61.350 57.327 59.306 55.286 59.268 59.250 60.234 64.219 62.206 63.194 59.184 34.176 46.171 68.168 0.000 19.542 80.536 0.000 0.000 0.000 0.000 56.346 59.337 38.322 36.302 36.285 36.271 36.258 36.246 35.235 42.224 51.216 7.209 0.000 30.162 73.158 49.153 33.148 33.145 37.142 4.140 0.000
66.601 66.262 65.937 65.632 55.352 37.139 0.000 0.000 0.000 0.000 38.957 41.941 54.922 54.898 42.867 35.832 35.800 36.771 36.741 35.711 34.680 35.649 35.618 35.587 34.556 43.526 62.496 41.468 55.439 32.406 65.374 55.350 54.327 54.306 51.286 56.268 57.250 57.234 64.219 62.206 59.195 59.185 34.178 48.173 67.171 0.000 5.519 73.496 0.000 0.000 0.000 0.000 60.337 59.331 35.316 37.294 36.278 37.264 37.252 37.241 38.231 46.222 26.216 0.000 0.000 31.157 73.154 54.149 41.144 35.140 38.137 5.135 0.000
67.009 66.649 67.315 60.006 47.704 37.422 0.000 0.000 0.000 0.000 35.972 52.958 46.937 35.912 37.883 37.851 35.819 34.787 36.755 35.723 36.690 36.657 36.624 35.591 35.559 55.528 55.498 55.471 55.450 0.000 37.364 35.347 36.326 36.305 37.285 41.266 44.249 42.233 62.218 56.205 50.194 52.185 35.178 47.174 66.171 0.000 0.000 46.434 37.409 0.000 0.000 0.000 54.335 37.333 0.000 32.281 38.267 42.256 49.246 49.235 49.225 51.216 23.209 0.000 15.160 79.156 72.151 74.145 62.140 37.135 38.131 6.128 0.000
67.406 67.009 66.667 52.372 4.038 0.013 0.000 0.000 0.000 14.028 52.003 46.981 36.957 37.931 37.902 37.870 37.838 35.804 34.770 34.735 36.700 35.664 35.629 34.594 36.560 51.528 42.497 51.467 52.439 11.404 11.372 51.348 50.325 50.303 50.283 52.264 52.246 53.229 65.215 61.202 56.191 58.182 34.175 43.171 71.170 0.000 0.000 105.397 74.384 41.365 28.356 0.000 0.000 0.000 0.000 0.000 35.254 44.248 48.239 47.229 50.219 52.208 38.197 43.179 59.165 74.155 72.148 72.141 60.134 37.128 37.123 13.119 0.000
67.774 68.315 59.974 42.776 0.000 0.000 0.000 2.097 2.083 59.054 53.029 37.005 37.980 37.953 37.923 37.891 37.857 37.822 34.786 35.749 35.710 35.672 36.633 35.596 35.561 38.527 43.494 55.463 42.433 54.402 59.373 52.347 61.323 51.300 52.279 55.260 54.242 53.225 63.210 59.197 47.185 46.176 35.170 42.167 71.166 0.000 0.000 96.373 86.366 63.355 32.347 0.000 0.000 8.277 3.273 0.000 6.247 55.241 47.233 41.223 38.213 53.202 40.190 42.176 50.164 71.153 73.144 71.136 57.129 37.121 34.114 38.106 32.095
76.062 73.504 46.136 35.981 0.000 0.000 4.123 37.111 51.097 52.077 46.055 41.031 38.005 37.977 37.946 37.913 36.878 39.841 44.803 40.763 35.721 36.678 35.637 35.597 35.559 35.524 42.491 43.459 41.428 48.398 47.370 42.344 54.319 34.296 42.274 49.254 48.236 42.219 61.203 54.189 34.178 33.169 36.162 38.159 42.163 0.000 0.000 74.355 54.350 91.342 77.330 13.311 14.295 65.280 39.270 37.258 37.247 39.238 50.228 44.218 12.207 65.196 53.184 49.172 47.161 58.150 74.140 66.131 49.123 38.114 34.106 41.096 65.084
0.000 0.000 25.084 43.033 0.000 0.000 39.134 49.128 63.117 47.101 46.082 46.058 39.032 38.003 37.971 37.937 44.901 52.862 53.822 45.778 40.732 35.685 34.639 35.595 39.556 36.519 35.485 34.453 40.423 41.393 40.365 41.339 43.314 36.290 42.268 47.247 49.228 45.211 61.195 55.180 37.168 36.158 36.150 32.146 0.000 0.000 0.000 30.343 49.339 49.332 83.321 98.307 91.293 59.280 45.268 46.256 46.245 49.234 71.224 89.213 98.202 97.191 99.179 98.168 92.156 86.146 78.136 61.126 44.117 35.108 36.098 49.088 68.077
19.202 0.000 0.000 0.000 0.000 10.153 42.152 62.150 54.143 57.130 54.112 44.089 37.063 38.032 37.999 48.963 53.925 49.885 44.843 41.797 44.743 39.690 39.638 35.590 40.548 34.512 35.478 36.447 35.416 35.387 35.359 35.332 34.307 35.283 35.260 39.239 45.219 44.201 62.184 56.169 35.156 36.145 36.135 35.127 10.116 0.000 0.000 34.335 60.331 49.325 51.316 66.304 77.291 87.278 89.266 95.254 98.242 98.231 97.220 93.209 84.198 82.186 84.174 87.163 89.152 90.141 88.130 92.120 84.111 51.101 38.091 57.081 74.071
58.640 17.482 0.000 0.000 7.128 43.154 59.170 52.176 44.174 52.163 56.147 57.124 47.097 36.065 46.029 54.991 44.951 36.911 36.870 38.823 6.753 7.693 6.636 32.576 36.537 38.502 38.470 35.438 35.408 36.379 35.351 35.324 35.299 36.274 35.251 35.230 35.209 38.190 55.172 54.156 36.142 36.130 36.119 37.111 38.105 0.000 0.000 33.330 51.327 52.321 64.313 51.302 31.289 35.276 71.264 95.251 79.240 74.228 77.216 70.205 56.193 45.181 36.170 34.158 35.147 45.135 43.125 38.114 77.104 92.095 70.085 68.075 72.066
0.000 33.324 11.732 5.961 42.102 52.166 59.198 43.211 46.212 44.204 42.187 50.164 55.135 50.101 54.062 43.021 36.978 37.937 37.901 45.874 0.000 0.000 0.000 29.543 38.520 49.491 50.460 45.429 41.399 43.370 39.342 38.315 36.289 35.265 35.241 36.219 35.197 35.177 38.159 47.142 35.126 35.113 36.102 35.093 4.088 0.000 0.000 14.327 12.325 66.320 50.312 35.301 49.288 51.274 97.261 78.249 61.237 43.225 34.213 35.201 36.189 37.176 37.165 37.153 36.141 34.130 33.119 34.108 42.098 79.088 87.078 72.068 71.059
0.000 20.758 43.911 46.050 45.151 60.211 45.244 39.259 41.260 40.252 37.235 36.210 51.179 58.141 61.098 49.052 39.004 35.959 43.922 9.898 0.000 0.000 0.000 32.532 42.510 49.481 50.450 50.419 52.389 60.360 58.331 54.305 52.279 48.254 42.230 37.207 35.185 36.164 35.144 40.125 33.108 34.093 35.081 37.072 58.067 0.000 0.000 0.000 28.326 70.321 30.314 39.303 30.287 69.270 87.257 47.245 35.233 37.221 37.209 37.196 37.184 37.172 34.159 34.147 33.135 34.124 34.112 34.102 50.092 65.082 38.072 98.061 70.051
0.000 21.040 44.103 37.178 56.241 56.284 51.309 42.320 36.319 37.308 38.289 49.263 52.229 44.187 47.138 56.084 57.026 46.972 3.931 0.000 5.675 4.638 37.590 43.543 47.506 46.473 47.440 47.408 45.378 52.348 53.320 53.293 54.267 51.242 50.217 51.194 42.171 37.149 38.127 35.107 36.088 35.071 34.057 36.046 51.040 0.000 0.000 0.000 28.332 72.326 34.319 10.311 0.000 15.262 54.253 36.243 37.231 35.218 35.205 35.193 34.180 33.167 34.154 34.141 33.129 34.117 33.106 32.095 35.085 31.075 27.066 91.051 100.040
0.000 18.258 38.282 48.317 58.350 49.375 49.388 51.392 49.387 40.373 46.352 55.323 44.286 37.240 36.184 42.118 52.045 58.972 22.900 14.806 40.713 40.647 35.591 44.542 49.501 50.464 46.430 46.396 38.365 35.336 35.308 35.281 34.255 32.229 39.204 53.180 52.156 51.133 46.110 37.088 35.067 36.047 35.030 35.016 36.007 0.000 0.000 0.000 43.343 10.331 14.325 0.000 0.000 0.000 33.252 13.241 16.229 33.214 32.202 32.189 33.175 35.162 35.149 35.135 34.123 34.110 32.098 32.087 33.077 21.069 0.000 11.038 94.025
0.000 17.452 41.452 60.459 51.469 48.476 48.478 49.473 48.463 50.446 55.422 44.391 38.352 38.303 38.240 37.160 38.064 43.972 60.889 58.806 37.722 36.648 35.585 36.533 48.490 46.453 57.418 45.382 38.351 36.322 37.294 36.268 41.242 49.216 45.191 39.166 45.141 55.116 52.092 51.067 42.044 35.021 34.999 35.980 33.965 0.000 0.000 43.372 31.367 0.000 0.000 45.277 40.276 39.270 31.261 0.000 0.000 38.208 35.198 35.185 35.171 35.157 35.143 35.129 35.116 35.103 35.090 34.078 35.067 37.055 27.042 0.000 36.009
5.735 30.647 55.613 51.598 40.590 45.583 50.574 45.561 51.545 57.525 49.499 37.468 36.429 38.379 38.313 42.217 43.081 36.961 47.880 43.805 40.722 37.638 34.568 41.515 45.474 47.440 38.407 65.364 53.334 43.306 35.280 41.254 60.228 70.203 63.177 40.151 42.125 45.099 49.073 54.046 52.020 47.993 36.966 33.939 40.909 46.866 0.000 18.378 39.384 0.000 0.000 15.278 35.280 35.273 35.262 40.247 39.231 35.213 34.198 35.183 35.168 35.152 35.137 35.122 35.109 35.095 35.082 35.069 34.056 34.043 35.028 38.011 34.000
17.824 51.787 57.755 42.730 37.710 39.692 41.673 52.652 56.631 67.609 66.583 59.552 48.516 37.473 40.414 7.316 0.000 35.912 41.863 38.815 1.722 35.614 39.533 56.486 55.450 58.426 0.000 30.333 70.314 64.290 50.265 56.240 74.215 74.189 72.164 41.137 47.110 47.083 49.055 37.026 45.996 51.966 50.934 49.901 62.865 71.823 4.779 0.000 29.408 54.431 0.000 0.000 58.292 39.281 39.266 39.249 39.232 40.214 34.197 33.181 37.164 34.146 34.130 34.115 34.101 35.087 34.073 33.059 33.046 33.032 33.018 33.004 31.991
16.949 62.922 48.890 37.858 37.829 37.801 50.773 48.744 65.720 80.696 77.670 74.642 69.612 60.581 51.555 0.000 0.000 0.000 29.845 40.832 0.000 0.000 32.466 50.443 49.416 64.387 36.346 37.321 70.298 75.275 71.251 70.227 73.202 73.177 74.150 53.124 45.096 47.067 47.037 37.006 45.973 39.939 58.904 29.867 68.826 90.782 61.735 31.684 0.000 32.454 0.000 34.343 94.315 47.293 49.272 49.252 45.233 46.214 38.197 33.180 15.161 34.139 34.123 37.108 40.093 50.078 40.064 35.050 36.036 36.022 36.008 35.995 35.982
49.100 53.064 47.023 44.984 39.947 51.911 45.873 58.832 36.808 6.785 57.760 76.734 75.708 76.685 59.670 0.000 0.000 0.000 23.841 46.836 0.000 0.000 29.420 44.406 39.385 66.360 77.331 77.306 73.283 73.260 73.237 74.214 73.189 73.164 73.138 67.111 42.082 44.052 42.020 36.987 47.951 48.915 51.876 8.835 53.792 89.745 59.694 77.633 38.551 24.478 36.426 92.371 80.333 52.303 46.278 48.255 42.233 36.213 34.195 32.182 0.000 40.126 48.114 56.100 63.085 72.070 61.055 41.040 35.026 36.012 35.998 35.985 35.972
60.284 49.211 49.154 45.106 52.064 49.023 51.977 75.902 62.896 45.877 66.852 75.825 74.801 73.781 53.770 0.000 0.000 0.000 0.000 1.836 0.000 0.000 35.389 44.376 55.357 71.335 73.312 73.290 73.268 73.246 73.224 73.201 73.178 73.153 73.127 73.100 59.070 49.039 42.005 34.970 38.931 38.892 43.850 62.806 48.761 83.713 69.661 76.604 83.541 69.481 74.429 83.381 59.342 60.309 46.281 45.255 37.232 34.210 35.190 37.170 51.145 57.125 75.108 74.092 73.076 72.061 72.045 62.030 40.016 35.001 35.987 35.974 35.961
51.419 39.341 41.277 53.224 50.178 50.139 20.111 0.000 54.997 80.973 75.944 74.915 76.889 58.868 44.860 28.886 0.000 0.000 0.000 0.000 0.000 0.000 41.371 58.353 70.333 73.313 73.292 73.272 73.252 73.232 73.211 73.190 73.167 73.143 73.118 73.090 74.060 68.028 59.993 51.955 49.914 52.870 43.825 60.779 39.733 81.685 14.635 35.582 70.528 42.475 33.427 89.383 53.345 57.311 55.281 36.254 34.229 35.206 35.184 43.162 64.140 75.120 72.102 72.084 72.068 69.052 68.036 66.020 65.005 38.991 34.977 34.963 34.949
41.531 38.455 51.390 51.335 46.286 66.246 20.215 29.202 69.122 76.076 75.037 75.003 74.970 50.941 50.916 61.911 0.000 0.000 0.000 0.000 0.000 0.000 0.000 8.330 67.308 79.290 74.273 73.255 73.237 73.219 73.199 73.179 73.158 73.135 73.110 73.083 73.053 74.020 74.983 71.942 71.898 74.850 54.802 60.753 34.706 75.658 11.610 13.562 66.513 36.466 46.421 80.380 61.343 53.309 57.279 34.251 35.225 34.201 36.178 46.155 67.134 68.113 73.094 72.076 67.059 64.042 68.026 73.010 71.995 60.980 41.965 40.951 39.938
37.633 51.559 52.495 40.437 51.387 72.342 65.304 71.267 77.215 75.169 75.127 75.088 72.050 56.010 5.953 1.932 0.000 0.000 0.000 0.000 0.000 0.000 0.000 0.000 12.279 24.267 65.253 74.238 73.222 73.206 73.189 73.170 73.150 73.129 73.105 75.079 74.049 74.016 72.978 74.934 73.885 73.832 63.778 61.727 38.679 50.632 80.587 59.541 67.497 36.453 64.412 58.373 61.337 49.304 43.274 35.245 35.219 35.194 43.171 48.148 49.126 54.106 62.086 60.067 61.049 72.032 72.015 71.999 71.983 72.968 66.953 62.939 60.925
52.726 52.655 41.591 37.533 52.481 71.434 77.390 76.348 75.302 75.258 75.215 76.172 67.130 60.096 0.000 0.000 0.000 0.000 0.000 0.000 0.000 0.000 0.000 0.000 21.263 41.246 68.234 74.222 73.209 73.194 73.179 73.162 73.144 73.124 75.102 75.078 75.050 67.017 71.977 74.931 77.876 75.815 69.751 65.697 53.650 37.606 85.563 68.521 70.479 35.439 81.400 45.363 26.329 43.296 34.266 35.238 34.211 43.186 49.162 48.140 48.118 47.097 40.077 36.057 66.039 72.021 72.004 71.988 71.972 71.956 72.941 72.927 72.913
49.814 40.744 38.681 36.623 53.570 73.521 75.475 75.431 75.388 75.345 75.302 77.255 56.202 54.149 0.000 0.000 0.000 0.000 0.000 0.000 0.000 0.000 0.000 0.000 0.000 55.221 74.215 73.207 73.196 73.184 73.171 73.156 75.140 74.122 74.102 74.080 68.055 46.023 61.984 71.939 22.871 13.800 47.714 54.662 63.618 50.578 71.538 89.499 74.460 41.422 83.386 7.351 19.318 32.287 35.257 35.229 37.203 47.177 45.153 46.130 48.108 51.087 45.066 46.047 62.028 72.010 71.992 71.976 71.959 71.944 71.928 71.914 71.899
40.895 38.828 43.766 48.708 63.654 75.605 75.559 75.515 75.473 75.432 75.392 76.346 63.274 0.000 0.000 0.000 0.000 0.000 3.165 40.165 1.166 19.166 0.000 0.000 0.000 30.202 65.199 72.193 73.185 73.175 73.164 73.151 75.137 73.121 73.105 73.086 57.065 53.039 14.997 16.968 0.000 0.000 32.643 39.617 61.584 47.549 52.513 95.477 78.441 57.405 67.370 17.337 62.305 39.275 35.246 35.219 37.192 46.167 57.143 57.120 59.098 65.076 60.055 71.036 72.016 71.998 71.980 71.963 71.946 71.930 71.915 71.900 71.886
41.973 38.907 45.846 64.788 75.735 75.686 75.640 75.597 75.557 75.520 75.487 81.462 0.000 0.000 0.000 0.000 0.000 0.000 40.165 52.165 39.166 54.166 50.166 0.000 20.180 52.186 59.186 70.182 73.176 73.167 73.158 74.147 73.135 73.122 73.109 69.095 58.081 63.069 0.000 0.000 0.000 16.591 49.598 41.579 59.552 35.521 37.488 85.455 84.420 76.387 62.354 62.322 51.291 46.262 35.234 35.207 35.181 45.156 67.132 74.109 73.086 73.065 65.044 72.024 72.004 71.985 71.967 71.950 71.933 71.917 71.901 71.886 71.872
40.046 37.982 52.921 72.865 76.812 75.763 75.718 75.676 75.638 75.603 75.574 82.554 0.000 0.000 0.000 0.000 0.000 0.000 29.165 49.165 49.166 48.166 51.167 35.169 43.173 51.176 51.176 68.173 74.168 73.161 73.153 73.144 73.135 73.124 74.114 66.103 62.094 56.088 0.000 0.000 0.000 9.584 13.578 41.551 60.523 37.495 33.465 72.433 89.400 86.367 67.336 46.305 45.276 46.248 37.221 34.194 35.169 38.144 49.120 69.097 72.074 72.052 64.031 72.011 71.991 71.972 71.954 71.936 71.919 71.903 71.887 71.872 71.857
39.116 41.053 60.993 76.937 75.885 75.837 75.793 75.752 75.715 75.681 77.651 75.627 0.000 0.000 0.000 0.000 0.000 0.000 15.165 54.165 60.165 65.165 56.166 55.167 49.169 45.170 56.169 70.166 73.162 73.157 76.150 74.143 73.135 73.126 73.118 68.110 60.104 55.102 30.105 0.000 0.000 0.000 0.000 3.523 52.495 38.471 34.444 67.412 98.379 79.347 58.316 49.287 51.260 49.233 44.207 33.181 35.156 34.132 38.108 57.084 72.062 72.039 64.018 71.997 71.977 71.958 71.940 71.922 71.905 71.888 71.872 71.857 71.842
39.183 49.120 69.061 77.006 75.955 75.908 75.864 75.824 75.788 76.755 74.723 62.675 46.675 0.000 0.000 0.000 0.000 0.000 17.165 55.165 64.165 64.164 68.164 70.164 53.165 52.165 67.164 73.161 73.158 73.153 74.148 73.142 73.135 73.128 73.122 71.116 59.111 60.109 54.109 0.108 0.000 0.000 0.000 0.000 38.464 38.450 32.426 77.394 65.357 71.324 41.296 61.269 55.243 48.217 48.192 39.167 34.143 35.118 34.094 46.071 69.048 71.026 65.004 71.983 72.963 71.944 71.925 71.907 71.889 71.873 71.857 71.841 71.826
