results1/res_4e8_norain-0008.wd
ncols         241
nrows         181
xllcorner     12693529.787448
yllcorner     3542525.717860
cellsize      155.156523
NODATA_value  -9999.000000
[rows 34 to 67 of 181, columns 76 to 151 of 241]
0.000 0.000 0.000 0.000 0.000 0.000 0.000 0.000 0.000 0.000 0.000 0.000 0.000 0.000 0.000 0.000 0.000 0.000 0.000 0.000 0.000 0.000 0.000 0.000 0.000 0.000 0.000 0.000 0.000 0.000 0.000 0.000 0.000 0.000 0.000 0.000 0.000 0.000 0.000 0.000 0.000 0.000 0.000 0.000 0.000 0.000 0.000 17.483 16.620 6.671 2.696 2.755 2.859 3.020 2.481 24.520 22.229 0.000 10.466 23.341 37.083 41.896 41.717 41.557 41.311 42.599 38.821 38.267 38.802 41.340 40.840 40.873 40.829 41.808 19.782 37.749
0.000 0.000 0.000 0.000 0.000 0.000 0.000 0.000 0.000 0.000 0.000 0.000 0.000 0.000 0.000 0.000 22.193 0.000 0.000 0.000 0.000 0.000 0.000 0.000 0.000 0.000 0.000 0.000 0.000 0.000 0.000 0.000 0.000 0.000 0.000 0.000 0.000 0.000 0.000 0.000 0.000 0.000 0.000 0.000 0.000 0.000 0.000 0.000 13.719 13.763 4.807 2.864 2.980 1.849 18.163 27.217 0.000 0.000 20.592 35.475 42.286 42.090 41.911 41.646 43.917 40.115 38.336 39.101 41.655 41.138 41.149 41.076 41.025 40.975 40.926 41.875
0.000 0.000 0.000 0.000 0.000 0.000 0.000 0.000 0.000 0.000 0.000 0.000 0.000 0.000 0.000 0.000 48.196 4.197 0.000 0.000 0.000 0.000 0.000 0.000 0.000 0.000 0.000 0.000 0.000 0.000 0.000 0.000 0.000 0.000 0.000 0.000 0.000 0.000 0.000 0.000 0.000 0.000 0.000 0.000 0.000 0.000 0.000 0.000 2.775 15.854 6.905 2.914 0.921 12.384 22.639 11.969 0.000 19.982 37.835 42.684 42.492 42.299 42.011 42.257 41.430 38.507 39.415 41.983 41.459 41.457 41.364 41.288 41.214 41.143 42.073 37.003
0.000 0.000 0.000 0.000 0.000 0.000 0.000 0.000 0.000 0.000 0.000 0.000 0.000 0.000 0.000 36.204 44.202 9.201 0.000 0.000 0.000 0.000 0.000 0.000 0.000 0.000 0.000 0.000 0.000 0.000 0.000 0.000 0.000 0.000 0.000 0.000 0.000 0.000 0.000 0.000 0.000 0.000 5.660 20.702 23.772 21.869 7.999 2.265 1.753 15.974 7.044 0.029 14.128 28.424 17.038 6.053 21.898 27.130 40.084 42.928 42.732 42.422 42.635 40.778 38.790 39.758 42.333 41.806 41.795 41.687 41.592 41.495 41.402 41.311 38.221 24.137
0.000 0.000 0.000 0.000 0.000 0.000 0.000 0.000 0.000 0.000 0.000 0.000 0.000 0.000 28.209 39.209 46.209 5.208 0.000 0.000 0.000 0.000 0.000 0.000 0.000 0.000 0.000 0.000 0.000 0.000 0.000 0.000 0.000 0.000 0.000 0.000 0.000 0.000 0.000 7.177 0.000 3.562 26.618 29.675 30.747 27.836 14.991 2.282 0.033 17.126 8.254 12.535 30.872 25.148 0.000 5.312 24.514 37.556 43.441 43.244 42.908 43.075 41.180 39.203 40.144 42.717 42.188 42.171 42.050 41.936 41.817 41.701 41.589 41.478 31.364 13.292
0.000 0.000 0.000 0.000 0.000 0.000 0.000 0.000 0.000 0.000 0.000 20.194 16.198 4.204 17.212 37.217 48.221 1.225 0.000 0.000 0.000 0.000 0.000 0.000 0.000 0.000 0.000 0.000 0.000 0.000 0.000 0.000 0.000 0.000 0.000 0.000 0.000 0.000 0.558 2.178 0.997 8.506 15.576 13.635 6.704 25.739 0.000 8.537 11.702 2.150 14.312 27.480 24.676 0.000 0.000 17.365 34.288 43.140 43.897 43.527 43.623 40.675 39.795 40.589 43.150 42.616 42.590 42.458 42.328 42.186 42.041 41.903 42.777 35.650 23.463 13.377
0.000 0.000 0.000 0.000 0.000 0.000 0.000 0.000 0.000 0.000 0.000 39.194 34.197 24.207 14.221 38.230 46.238 41.250 26.262 0.000 0.000 0.000 0.000 0.000 0.000 0.000 0.000 0.000 0.000 0.000 0.000 0.000 0.000 0.000 0.000 5.226 11.274 1.362 1.162 0.954 1.056 2.479 3.544 2.586 0.644 8.678 0.000 0.000 0.000 7.237 30.315 28.397 0.000 0.000 18.138 31.492 41.146 44.788 44.460 45.338 41.337 40.677 41.128 43.653 43.104 43.063 42.918 42.775 42.616 42.441 42.258 42.094 41.966 27.883 0.000 0.000
0.000 0.000 0.000 0.000 0.000 0.000 0.000 0.000 0.000 0.000 0.000 0.000 11.194 0.000 22.240 41.246 46.255 44.266 42.278 31.289 0.000 0.000 0.000 0.000 0.000 0.000 0.000 0.000 0.000 0.000 0.000 0.000 0.000 0.000 0.000 8.198 15.223 7.263 0.106 0.094 1.374 1.471 1.534 1.570 1.595 5.625 0.000 0.000 0.000 0.000 14.315 0.000 0.000 23.258 27.781 39.342 45.915 45.804 44.074 42.364 42.081 41.823 44.260 43.675 43.602 43.434 43.275 43.105 42.920 42.707 42.455 43.251 35.110 18.034 0.000 0.000
0.000 0.000 0.000 0.000 0.000 0.000 0.000 0.000 0.000 0.000 0.000 0.000 0.000 43.252 43.255 45.263 45.274 44.286 38.296 32.303 3.300 0.000 0.000 0.000 0.000 0.000 0.000 0.000 0.000 0.000 0.000 0.000 0.000 0.000 0.000 6.165 15.176 6.199 0.000 0.000 4.439 3.473 1.533 1.562 1.583 2.598 0.000 0.000 0.000 0.000 0.000 0.000 26.069 28.734 36.411 47.039 47.144 45.574 47.586 44.468 42.778 45.027 44.362 44.229 44.018 43.829 43.640 43.451 43.252 42.012 50.605 48.348 21.189 11.110 0.000 0.000
0.000 0.000 0.000 0.000 0.000 0.000 0.000 17.597 6.603 10.609 0.000 0.000 0.000 0.000 51.270 45.279 42.294 39.309 42.322 33.331 0.000 0.000 0.000 0.000 0.000 0.000 0.000 0.000 0.000 0.000 0.000 0.000 0.000 0.000 0.000 6.142 11.139 1.141 0.000 0.000 0.000 0.000 7.548 1.562 1.575 2.586 8.583 16.580 0.000 0.000 0.000 0.000 31.407 35.212 45.945 48.137 47.861 51.926 50.455 44.232 46.023 45.205 44.964 44.683 44.443 44.219 44.007 43.807 43.626 49.487 0.000 0.000 0.103 18.109 0.000 0.000
0.000 0.000 0.000 0.000 19.529 0.000 11.582 13.595 25.607 8.617 0.000 0.000 0.000 0.000 36.279 48.291 45.319 45.338 46.356 40.370 0.000 0.000 0.000 0.000 0.000 0.000 0.000 0.000 0.000 0.000 0.000 0.000 0.000 0.000 0.000 0.000 3.118 0.000 0.000 0.000 0.000 0.000 0.000 11.566 5.570 0.000 0.000 32.579 15.578 0.000 0.000 3.303 36.914 45.754 48.852 48.659 53.354 52.808 45.669 47.143 46.178 45.806 45.433 45.126 44.850 44.598 44.363 44.147 43.957 48.824 0.000 0.000 0.000 0.000 0.000 0.000
0.000 0.000 0.000 0.000 30.532 6.549 8.573 14.596 38.618 39.639 34.664 0.000 0.000 0.000 0.000 0.000 50.355 45.371 46.396 43.427 2.471 0.000 0.000 0.000 0.000 0.000 0.000 0.000 0.000 0.000 0.000 0.000 0.000 0.000 0.000 0.000 0.000 0.000 0.000 0.000 0.000 0.000 0.000 0.000 0.000 0.000 0.000 0.000 0.000 0.000 0.000 29.564 46.612 48.327 49.289 53.827 53.677 46.569 48.108 47.142 46.691 46.241 45.866 45.535 45.235 44.959 44.701 44.459 44.235 47.028 31.027 0.000 0.000 0.000 0.000 0.000
8.209 0.000 0.000 0.000 22.523 24.543 24.571 36.600 33.631 45.661 44.692 5.719 0.000 0.000 0.000 0.000 52.378 45.398 46.433 43.476 3.518 0.000 0.000 0.000 13.074 25.096 0.000 0.000 0.000 0.000 0.000 0.000 0.000 0.000 0.000 0.000 0.000 0.000 0.000 0.000 0.000 0.000 0.000 0.000 0.000 0.000 0.000 0.000 0.000 0.000 30.420 47.430 48.088 54.272 53.907 47.542 48.179 48.742 47.965 47.520 47.046 46.629 46.253 45.912 45.598 45.304 45.025 44.756 51.495 0.000 0.000 0.000 0.000 0.000 0.000 0.000
15.225 7.247 0.000 12.434 7.496 15.535 28.569 32.605 43.650 44.687 43.726 12.750 0.000 0.000 0.000 0.000 51.384 45.415 46.464 41.527 21.610 5.743 6.858 6.961 15.055 36.120 3.179 0.000 0.000 0.000 0.000 0.000 0.000 0.000 0.000 0.000 0.000 0.000 0.000 0.000 0.000 0.000 0.000 0.000 0.000 0.000 0.000 0.000 18.246 28.058 47.105 48.782 55.629 55.089 47.926 49.713 49.119 48.643 48.235 47.789 47.369 46.973 46.606 46.264 45.942 45.635 45.338 52.047 0.000 0.000 0.000 0.000 0.000 0.000 0.000 0.000
11.243 15.274 15.323 6.375 0.000 0.000 0.000 0.000 33.680 44.714 42.777 27.809 0.000 0.000 0.000 20.308 41.361 46.418 45.484 46.563 36.655 12.764 9.872 8.974 18.069 36.154 19.240 5.346 6.422 10.469 21.489 0.000 0.000 0.000 0.000 0.000 0.000 0.000 0.000 0.000 0.000 0.000 0.000 0.000 0.000 0.000 0.000 0.000 38.428 46.556 49.312 56.260 56.004 48.491 50.227 49.526 49.224 48.848 48.450 48.053 47.664 47.291 46.936 46.597 46.273 45.957 51.647 0.000 0.000 0.000 0.000 0.000 0.000 0.000 0.000 0.000
15.258 9.284 10.325 12.371 12.393 1.406 0.000 0.000 0.000 0.000 49.864 39.904 17.996 10.078 17.162 16.259 18.336 26.414 27.496 14.587 11.686 9.791 9.895 8.996 18.095 33.191 12.285 9.379 14.454 30.500 33.511 18.508 0.000 0.000 0.000 0.000 0.000 0.000 0.000 0.000 0.000 0.000 0.000 0.000 0.000 0.000 0.000 31.157 46.860 49.784 56.492 56.419 49.005 50.734 50.036 49.757 49.400 49.043 48.676 48.308 47.945 47.592 47.250 46.918 46.594 52.275 0.000 0.000 0.000 0.000 0.000 0.000 0.000 0.000 0.000 0.000
30.267 0.000 0.000 17.395 13.410 24.423 15.420 0.000 0.000 0.000 37.914 34.948 20.010 11.079 8.153 8.233 11.315 24.407 32.503 35.606 28.716 18.820 11.923 11.025 27.128 30.231 5.334 9.434 9.517 10.567 14.551 0.000 0.000 0.000 0.000 0.000 0.000 0.000 0.000 0.000 0.000 0.000 0.000 0.000 0.000 23.801 31.928 45.527 56.800 56.532 49.769 50.459 51.135 50.544 50.267 49.925 49.590 49.249 48.904 48.560 48.218 47.883 47.554 48.231 54.912 0.000 0.000 0.000 0.000 0.000 0.000 0.000 0.000 0.000 0.000 0.000
44.293 31.337 14.375 14.406 14.434 5.455 0.000 0.000 0.000 30.913 27.932 30.969 24.020 25.078 25.140 25.208 28.287 23.399 23.507 25.621 29.753 30.856 28.954 25.055 36.162 34.274 22.390 23.507 23.617 25.705 0.830 0.000 0.000 0.000 0.000 0.000 0.000 0.000 0.000 0.000 0.000 0.000 0.000 26.378 27.213 48.332 49.067 57.875 57.438 52.117 51.927 51.408 51.040 50.755 50.430 50.110 49.786 49.460 49.134 48.809 48.486 48.168 48.854 52.542 0.000 0.000 0.000 0.000 0.000 0.000 0.000 0.000 0.000 0.000 0.000 0.000
44.308 41.345 19.385 13.425 14.467 15.512 7.569 0.000 22.856 19.896 20.936 21.980 17.027 21.076 26.125 34.175 19.230 0.000 0.000 0.000 28.824 24.898 24.984 25.083 25.195 25.317 25.448 25.589 25.742 23.915 19.135 0.000 0.000 0.000 16.366 23.776 36.284 6.691 0.000 0.000 0.000 0.000 27.607 38.542 50.655 51.437 58.400 58.186 52.622 52.394 51.753 51.518 51.223 50.917 50.609 50.297 49.985 49.673 49.363 49.056 48.752 49.451 52.151 0.040 0.000 0.000 0.000 0.000 0.000 0.000 0.000 0.000 0.000 0.000 0.000 0.000
44.321 44.356 34.397 10.446 13.501 14.559 14.629 20.728 29.819 13.884 10.940 8.989 16.035 31.076 30.111 15.142 0.000 0.000 0.000 0.000 0.000 13.932 9.002 9.102 9.221 9.354 10.500 13.662 14.849 15.082 14.405 15.924 15.474 16.125 25.958 33.681 32.386 40.100 38.879 34.385 32.689 35.762 47.972 51.832 51.816 58.601 58.536 53.099 52.860 52.212 51.982 51.682 51.388 51.091 50.790 50.488 50.185 49.884 49.590 49.301 50.016 50.733 0.000 0.000 0.000 0.000 0.000 0.000 0.000 0.000 0.000 0.000 0.000 0.000 0.000 0.000
39.334 43.364 24.406 7.464 6.535 14.598 14.664 13.739 7.813 8.884 14.952 32.006 31.051 14.086 7.106 0.000 0.000 17.603 26.645 22.711 23.795 26.898 29.995 29.106 30.235 33.380 32.538 29.712 31.915 27.162 13.480 17.895 17.376 22.945 41.662 49.607 47.479 42.448 38.150 40.608 47.807 53.274 52.198 58.886 58.641 52.823 54.533 53.237 52.683 52.444 52.143 51.853 51.560 51.267 50.974 50.680 50.383 50.090 50.812 48.544 44.279 0.000 0.000 0.000 0.000 0.000 0.000 0.000 0.000 0.000 0.000 0.000 0.000 0.000 0.000 0.000
23.340 34.363 9.401 1.476 8.582 6.636 13.693 14.754 14.811 7.891 24.981 17.036 6.080 9.116 1.143 0.000 26.506 29.564 29.625 31.695 32.779 35.875 39.976 39.093 39.238 39.395 41.563 42.738 40.937 29.174 15.460 17.804 18.193 18.620 22.139 0.000 0.000 63.062 105.688 83.951 50.484 52.516 59.884 59.467 53.159 55.991 53.501 53.161 52.904 52.608 52.318 52.025 51.734 51.446 51.161 50.874 50.580 52.281 47.026 35.784 0.000 0.000 0.000 0.000 0.000 0.000 0.000 0.000 0.000 0.000 0.000 0.000 0.000 0.000 0.000 0.000
0.000 15.353 0.000 0.000 3.626 8.674 8.723 14.774 3.791 0.000 9.049 7.079 9.120 10.172 20.251 34.348 31.451 33.526 39.596 49.670 93.754 90.848 90.944 91.055 91.231 92.402 76.583 8.743 11.925 10.138 18.387 17.670 14.975 13.203 0.000 0.000 0.000 0.000 31.464 48.850 53.849 60.448 60.204 52.654 54.454 53.845 53.634 53.361 53.074 52.785 52.492 52.197 51.906 51.623 51.350 52.078 50.783 42.430 31.227 0.000 0.000 0.000 0.000 0.000 0.000 0.000 0.000 0.000 0.000 0.000 0.000 0.000 0.000 0.000 0.000 0.000
30.342 8.345 0.000 0.000 0.000 2.713 15.755 7.833 0.000 0.000 17.089 8.114 19.152 32.203 32.269 37.345 40.425 33.498 19.567 10.638 6.722 4.822 7.900 8.957 0.000 0.000 13.627 10.730 9.883 14.071 18.281 15.516 7.835 15.018 0.000 0.000 0.000 27.682 44.501 54.338 60.753 60.632 53.140 54.924 54.309 54.104 53.823 53.545 53.258 52.966 52.669 52.369 52.070 51.791 52.539 48.307 37.044 0.000 0.000 0.000 0.000 0.000 0.000 0.000 0.000 0.000 0.000 0.000 0.000 0.000 0.000 0.000 0.000 0.000 0.000 0.000
0.000 0.000 0.000 0.000 0.000 0.000 0.000 11.971 10.040 18.082 15.108 15.138 15.176 32.223 46.279 35.343 15.410 13.475 8.538 10.596 1.649 0.000 13.881 10.918 0.000 0.000 14.570 9.669 10.811 17.982 16.154 14.281 0.000 0.000 0.000 24.641 22.477 39.170 55.050 60.880 53.928 54.570 55.316 54.794 54.581 54.300 54.025 53.740 53.449 53.152 52.851 52.539 53.215 52.933 42.711 27.567 0.000 0.000 0.000 0.000 0.000 0.000 0.000 0.000 0.000 0.000 0.000 0.000 0.000 0.000 0.000 0.000 0.000 0.000 0.000 0.000
0.000 0.000 25.125 18.124 12.123 0.000 0.000 30.044 27.071 14.100 15.127 15.157 16.193 37.236 89.285 82.340 29.399 84.458 5.518 9.578 9.642 11.722 9.827 9.918 10.044 12.206 8.417 8.567 17.712 16.897 14.074 9.175 0.000 0.000 0.000 26.806 33.660 55.656 54.547 61.260 55.009 55.666 55.284 55.065 54.791 54.517 54.233 53.943 53.646 53.345 53.045 54.723 50.318 32.018 18.804 20.685 0.000 0.000 0.000 0.000 0.000 0.000 0.000 0.000 0.000 0.000 0.000 0.000 0.000 0.000 0.000 0.000 0.000 0.000 0.000 0.000
0.000 0.000 8.129 17.127 14.124 32.119 26.110 31.093 39.102 30.122 15.146 15.174 15.207 14.245 8.289 3.338 8.390 5.444 9.500 9.559 9.624 9.699 9.790 9.889 10.010 9.158 14.330 16.471 17.578 1.752 0.000 2.172 0.000 0.000 0.000 31.090 53.031 57.067 62.598 62.008 55.142 55.849 55.547 55.293 55.023 54.740 54.450 54.154 53.850 53.537 52.262 13.992 0.000 0.000 0.000 0.000 0.000 0.000 0.000 0.000 0.000 0.000 0.000 0.000 0.000 0.000 0.000 0.000 0.000 0.000 0.000 0.000 0.000 0.000 0.000 0.000
0.000 13.144 9.138 8.134 26.131 19.126 35.122 44.118 24.127 10.143 8.164 11.188 14.218 15.252 15.291 8.334 7.381 8.430 8.482 9.537 9.597 9.666 14.746 11.839 8.952 10.091 13.277 17.413 6.479 0.000 0.000 0.000 0.000 0.000 106.748 50.473 57.514 55.523 63.085 54.969 57.518 59.039 55.811 55.544 55.266 54.974 54.673 55.375 52.063 39.691 30.476 0.000 0.000 0.000 0.000 0.000 0.000 0.000 0.000 0.000 0.000 0.000 0.000 0.000 0.000 0.000 0.000 0.000 0.000 0.000 0.000 0.000 0.000 0.000 0.000 0.000
13.158 9.153 8.148 19.144 23.140 34.137 41.135 7.133 6.148 7.163 9.180 8.201 5.227 13.257 14.292 15.331 14.374 8.418 7.464 6.512 7.565 13.624 72.693 40.773 20.871 3.979 0.000 19.429 27.448 0.000 0.000 0.000 0.000 31.187 41.999 58.865 56.919 63.895 63.512 56.094 56.642 57.338 56.080 55.809 55.523 55.219 55.894 54.611 7.336 0.000 0.000 0.000 0.000 0.000 0.000 0.000 0.000 0.000 0.000 0.000 0.000 0.000 0.000 0.000 0.000 0.000 0.000 0.000 0.000 0.000 0.000 0.000 0.000 0.000 0.000 0.000
6.166 9.164 11.160 32.156 43.152 57.150 39.150 0.000 25.173 25.183 9.196 9.213 8.234 6.259 9.290 15.328 13.367 14.407 16.446 14.485 12.529 8.577 3.631 8.694 3.781 0.000 0.000 0.000 13.439 5.436 0.000 0.000 0.000 41.376 58.233 58.306 56.341 64.234 55.834 58.337 59.861 56.627 56.364 56.091 55.799 55.487 53.074 7.842 0.000 0.000 0.000 0.000 0.000 0.000 0.000 0.000 0.000 0.000 0.000 0.000 0.000 0.000 0.000 0.000 0.000 0.000 0.000 0.000 0.000 0.000 0.000 0.000 0.000 0.000 0.000 0.000
4.180 10.179 26.176 37.171 85.165 79.164 81.169 87.185 83.192 84.201 9.212 9.225 8.240 8.259 7.286 2.325 12.364 14.401 15.430 13.458 15.490 15.526 16.564 9.593 0.000 0.000 0.000 0.000 14.436 0.000 0.000 0.000 32.882 54.676 58.607 57.601 64.845 64.548 56.907 57.458 58.161 56.916 56.663 56.393 57.098 31.856 0.000 0.000 0.000 0.000 0.000 0.000 0.000 0.000 0.000 0.000 0.000 0.000 0.000 0.000 0.000 0.000 0.000 0.000 0.000 0.000 0.000 0.000 0.000 0.000 0.000 0.000 0.000 0.000 0.000 0.000
5.198 22.198 30.196 36.190 7.175 6.173 5.181 2.197 3.210 3.220 9.230 9.238 25.244 25.252 1.267 0.000 0.000 12.407 14.419 12.431 14.451 14.478 15.508 11.524 0.000 0.000 0.000 11.390 0.000 0.000 0.000 34.227 43.082 59.933 58.834 58.022 65.116 56.600 59.120 61.663 57.449 57.213 56.979 55.722 43.344 2.135 0.000 0.000 0.000 0.000 0.000 0.000 0.000 0.000 0.000 0.000 0.000 0.000 0.000 0.000 0.000 0.000 0.000 0.000 0.000 0.000 0.000 0.000 0.000 0.000 0.000 0.000 0.000 0.000 0.000 0.000
13.219 30.223 29.222 29.221 0.000 1.179 1.191 14.217 10.233 9.244 9.252 8.255 84.248 72.249 0.000 0.000 0.000 6.405 1.406 6.398 9.408 9.429 11.469 12.473 17.431 18.410 19.399 10.393 0.000 0.000 23.371 73.373 55.290 59.153 59.241 57.308 65.366 57.733 58.208 58.950 57.728 57.514 58.319 28.174 0.000 0.000 0.000 0.000 0.000 0.000 0.000 0.000 0.000 0.000 0.000 0.000 0.000 0.000 0.000 0.000 0.000 0.000 0.000 0.000 0.000 0.000 0.000 0.000 0.000 0.000 0.000 0.000 0.000 0.000 0.000 0.000
1.256 25.254 24.253 18.253 0.000 0.000 0.000 7.238 20.262 9.274 8.281 9.285 0.000 0.000 0.000 0.000 0.000 0.000 0.000 17.352 15.357 13.364 0.000 0.000 6.411 7.403 12.397 3.394 0.000 0.000 0.000 33.606 51.524 58.471 58.577 65.801 65.593 57.817 58.500 58.212 58.004 57.796 52.612 10.482 0.000 0.000 7.644 0.000 0.000 0.000 0.000 0.000 0.000 0.000 0.000 0.000 0.000 0.000 0.000 0.000 0.000 0.000 0.000 0.000 0.000 0.000 0.000 0.000 0.000 0.000 0.000 0.000 0.000 0.000 0.000 0.000
