results1/res_4e8f-0219.wd
ncols         241
nrows         181
xllcorner     12693529.787448
yllcorner     3542525.717860
cellsize      155.156523
NODATA_value  -9999.000000
[rows 33 to 65 of 181, columns 146 to 218 of 241]
64.996 64.212 63.936 64.572 31.231 42.900 64.585 58.270 36.846 0.000 0.000 36.881 12.881 17.881 33.883 58.887 45.886 11.884 0.000 0.811 50.798 58.784 16.761 43.734 35.714 36.691 40.654 49.617 67.578 58.548 53.520 48.498 49.479 49.462 48.446 47.429 46.412 54.393 64.375 56.358 56.343 54.329 33.314 47.302 55.294 0.000 25.873 30.846 54.776 52.718 57.664 67.613 60.571 55.551 10.541 0.000 38.493 38.484 45.480 23.484 0.000 0.000 0.000 0.000 0.000 0.000 0.000 0.000 0.000 0.000 0.000 0.000 0.000
64.949 64.694 64.347 65.017 42.694 60.390 63.122 56.930 0.000 0.000 14.881 38.881 0.000 0.000 0.000 42.897 42.892 50.881 13.862 63.836 51.810 38.788 47.763 38.738 36.713 36.686 35.654 37.621 65.587 63.558 63.531 65.507 58.486 60.467 59.449 59.432 59.414 60.397 64.380 62.365 63.350 58.337 35.326 34.317 7.311 0.000 22.817 36.800 44.765 39.715 45.661 58.604 58.571 56.551 14.541 0.000 0.000 43.468 15.465 0.000 0.000 0.000 0.000 0.000 2.350 45.344 44.337 46.331 36.327 39.323 6.321 0.000 0.000
65.430 65.093 64.770 64.449 64.139 64.845 56.583 43.398 0.000 0.000 0.000 6.881 0.000 0.000 0.000 39.911 36.903 49.888 54.868 46.844 55.818 53.793 34.767 35.741 36.714 36.686 48.655 52.624 56.594 49.564 46.537 56.513 30.491 37.471 32.452 32.434 32.417 35.400 61.384 50.370 48.356 50.345 35.335 37.328 17.324 0.000 32.778 89.772 14.769 0.000 0.000 7.572 59.556 58.541 17.530 0.000 0.000 40.455 37.447 39.428 37.413 45.399 51.386 43.372 65.356 72.345 70.337 55.330 35.325 34.322 38.319 8.317 0.000
65.828 65.507 65.185 64.871 65.566 60.268 41.966 32.682 41.682 0.000 0.000 0.000 0.000 0.000 0.000 36.935 35.920 38.901 34.878 45.853 48.827 51.800 40.772 35.744 35.716 35.687 60.658 66.628 48.598 42.569 42.542 43.517 40.494 40.474 40.454 41.436 44.419 41.402 62.387 54.373 52.361 52.350 34.342 48.336 74.332 0.000 24.745 77.742 0.000 0.000 0.000 9.556 59.540 57.526 35.509 40.484 38.465 36.451 36.439 36.424 35.411 42.399 49.387 36.375 54.358 72.342 68.334 48.328 33.323 33.319 38.316 6.315 0.000
66.244 65.915 65.594 65.285 61.988 47.695 36.330 0.000 0.000 0.000 0.000 41.086 4.072 10.049 2.016 35.972 36.943 36.917 35.891 35.863 41.835 34.807 34.778 36.748 35.719 34.690 58.660 55.631 63.602 67.572 66.543 61.518 57.496 59.475 55.455 59.437 59.419 60.403 64.388 62.375 63.363 59.354 34.346 46.341 68.338 0.000 19.716 80.709 0.000 0.000 0.000 0.000 56.522 59.513 38.498 36.478 36.460 36.445 36.432 36.420 35.408 42.397 51.389 7.382 0.000 30.333 73.329 49.324 33.319 33.315 37.313 4.311 0.000
66.657 66.317 65.992 65.686 55.406 37.192 0.000 0.000 0.000 0.000 39.116 42.100 55.082 55.058 43.028 35.994 35.963 36.934 36.904 35.875 34.844 35.814 35.783 35.752 34.722 43.692 62.663 41.634 55.606 32.573 65.542 55.518 54.496 54.475 51.455 56.436 57.419 57.403 64.388 62.375 59.364 59.355 34.348 48.343 67.341 0.000 5.693 73.669 0.000 0.000 0.000 0.000 60.513 59.506 35.491 37.469 36.452 37.438 37.426 37.414 38.404 46.394 26.388 0.000 0.000 31.328 73.325 54.320 41.315 35.311 38.308 5.306 0.000
67.066 66.705 67.370 60.061 47.759 37.476 0.000 0.000 0.000 0.000 36.131 53.117 47.097 36.072 38.044 38.013 35.981 34.950 36.919 35.887 36.854 36.821 36.788 35.756 35.724 55.694 55.664 55.637 55.616 0.000 37.532 35.515 36.494 36.474 37.454 41.435 44.418 42.401 62.387 56.374 50.363 52.354 35.347 47.343 66.341 0.000 0.000 46.607 37.581 0.000 0.000 0.000 54.511 37.509 0.000 32.455 38.441 42.430 49.419 49.408 49.398 51.389 23.382 0.000 15.331 79.327 72.321 74.316 62.310 37.305 38.301 6.299 0.000
67.464 67.066 66.724 52.427 4.093 0.044 0.000 0.000 0.000 14.186 52.161 47.140 37.117 38.091 38.062 38.032 38.000 35.967 34.933 34.899 36.864 35.829 35.794 34.759 36.726 51.694 42.663 51.634 52.606 11.572 11.540 51.516 50.493 50.472 50.451 52.432 52.415 53.398 65.384 61.371 56.360 58.351 34.345 43.341 71.339 0.000 0.000 105.569 74.556 41.537 28.528 0.000 0.000 0.000 0.000 0.000 35.427 44.420 48.411 47.401 50.391 52.380 38.368 43.350 59.336 74.326 72.318 72.311 60.305 37.299 37.293 13.289 0.000
67.833 68.373 60.031 42.832 0.000 0.000 0.000 2.253 2.239 59.212 53.187 37.164 38.139 38.112 38.083 38.052 38.019 37.984 34.949 35.912 35.874 35.836 36.798 35.761 35.726 38.693 43.661 55.630 42.600 54.569 59.540 52.514 61.491 51.469 52.448 55.428 54.410 53.394 63.379 59.366 47.354 46.346 35.339 42.336 71.336 0.000 0.000 96.545 86.537 63.527 32.519 0.000 0.000 8.448 3.445 0.000 6.420 55.414 47.405 41.395 38.385 53.373 40.361 42.347 50.335 71.324 73.315 71.307 57.299 37.291 34.284 38.276 32.264
76.122 73.563 46.193 36.039 0.000 0.000 4.278 37.267 51.253 52.234 46.212 41.189 38.164 38.136 38.106 38.074 37.039 40.003 44.965 40.926 35.884 36.842 35.801 35.762 35.725 35.690 42.657 43.626 41.595 48.566 47.537 42.511 54.487 34.464 42.443 49.423 48.404 42.387 61.372 54.358 34.347 33.338 36.331 38.328 42.332 0.000 0.000 74.527 54.522 91.513 77.502 13.482 14.466 65.452 39.441 37.429 37.419 39.410 50.400 44.390 12.379 65.367 53.355 49.343 47.331 58.320 74.311 66.302 49.293 38.284 34.275 41.265 65.253
0.000 0.000 25.142 43.090 0.000 0.000 39.289 49.283 63.273 47.258 46.239 46.216 39.191 38.162 38.131 38.097 45.062 53.024 53.984 45.941 40.895 35.849 34.803 35.760 39.721 36.685 35.652 34.620 40.590 41.560 40.533 41.506 43.481 36.458 42.436 47.416 49.397 45.379 61.363 55.349 37.337 36.327 36.319 32.314 0.000 0.000 0.000 30.515 49.511 49.503 83.493 98.479 91.465 59.451 45.439 46.428 46.416 49.406 71.395 89.385 98.373 97.362 99.350 98.338 92.327 86.316 78.306 61.296 44.287 35.277 36.268 49.257 68.246
19.282 0.000 0.000 0.000 0.000 10.306 42.305 62.304 54.298 57.286 54.269 44.247 37.221 38.191 38.159 49.123 54.086 50.047 45.005 41.959 44.906 39.854 39.803 35.755 40.714 34.678 35.645 36.613 35.583 35.554 35.526 35.500 34.475 35.451 35.429 39.408 45.388 44.370 62.353 56.338 35.325 36.314 36.304 35.296 10.285 0.000 0.000 34.506 60.503 49.496 51.487 66.475 77.462 87.450 89.437 95.425 98.414 98.402 97.391 93.380 84.368 82.357 84.345 87.333 89.322 90.311 88.300 92.290 84.280 51.271 38.261 57.251 74.240
58.728 17.590 0.000 0.000 7.278 43.306 59.323 52.330 44.329 52.319 56.304 57.282 47.255 36.224 46.189 55.151 45.112 37.072 37.031 38.986 6.916 7.857 6.800 32.741 36.702 38.668 38.636 35.605 35.575 36.546 35.518 35.492 35.466 36.442 35.419 35.398 35.377 38.358 55.341 54.325 36.311 36.298 36.288 37.280 38.274 0.000 0.000 33.501 51.498 52.492 64.484 51.473 31.460 35.447 71.435 95.422 79.410 74.399 77.387 70.375 56.364 45.352 36.340 34.328 35.316 45.305 43.294 38.284 77.274 92.264 70.254 68.244 72.235
0.000 33.451 11.869 6.105 42.250 52.317 59.350 43.365 46.367 44.360 42.344 50.322 55.293 50.260 54.222 43.181 37.139 38.098 38.062 46.036 0.000 0.000 0.000 29.708 38.686 49.657 50.626 45.596 41.566 43.537 39.509 38.483 36.457 35.433 35.409 36.387 35.366 35.346 38.327 47.310 35.295 35.281 36.270 35.262 4.257 0.000 0.000 14.499 12.496 66.491 50.483 35.472 49.459 51.445 97.432 78.419 61.407 43.395 34.383 35.371 36.359 37.347 37.335 37.323 36.311 34.299 33.288 34.278 42.267 79.257 87.247 72.237 71.228
0.000 20.895 44.052 46.195 45.299 60.362 45.397 39.413 41.415 40.408 37.391 36.367 51.337 58.300 61.257 49.211 39.164 36.119 44.083 10.059 0.000 0.000 0.000 32.698 42.676 49.647 50.617 50.586 52.556 60.527 58.499 54.472 52.446 48.422 42.398 37.375 35.353 36.332 35.312 40.294 33.277 34.262 35.250 37.240 58.235 0.000 0.000 0.000 28.497 70.492 30.485 39.474 30.458 69.441 87.428 47.416 35.404 37.391 37.379 37.367 37.354 37.342 34.329 34.317 33.305 34.293 34.282 34.271 50.260 65.251 38.240 98.229 70.220
0.000 21.182 44.247 37.325 56.390 56.435 51.462 42.474 36.474 37.464 38.446 49.420 52.387 44.345 47.297 56.243 57.186 47.132 4.092 0.000 5.839 4.803 37.756 43.709 47.673 46.639 47.607 47.575 45.545 52.516 53.488 53.461 54.435 51.410 50.385 51.362 42.339 37.317 38.296 35.276 36.257 35.240 34.226 36.215 51.208 0.000 0.000 0.000 28.503 72.497 34.490 10.482 0.000 15.432 54.424 36.413 37.401 35.388 35.375 35.362 34.349 33.336 34.324 34.311 33.298 34.286 33.275 32.264 35.253 31.244 27.235 91.220 100.209
0.000 18.405 38.430 48.466 58.501 49.527 49.542 51.546 49.542 40.529 46.509 55.480 44.444 37.398 36.343 42.277 52.205 59.132 23.060 14.968 40.876 40.812 35.757 44.708 49.667 50.631 46.597 46.564 38.532 35.503 35.475 35.449 34.423 32.397 39.372 53.348 52.324 51.301 46.278 37.256 35.235 36.216 35.198 35.184 36.175 0.000 0.000 0.000 43.514 10.502 14.496 0.000 0.000 0.000 33.422 13.411 16.398 33.384 32.371 32.358 33.345 35.331 35.318 35.305 34.292 34.279 32.267 32.256 33.245 21.237 0.000 11.207 94.193
0.000 17.602 41.602 60.610 51.621 48.629 48.632 49.628 48.618 50.602 55.579 44.549 38.510 38.461 38.399 37.319 38.224 44.131 61.049 58.967 37.885 36.813 35.751 36.700 48.657 46.620 57.585 45.550 38.518 36.489 37.462 36.436 41.410 49.384 45.359 39.334 45.309 55.284 52.260 51.236 42.212 35.189 35.168 36.148 34.134 0.000 0.000 43.543 31.537 0.000 0.000 45.446 40.444 39.439 31.431 0.000 0.000 38.378 35.367 35.355 35.340 35.326 35.312 35.298 35.284 35.271 35.259 34.246 35.235 37.223 27.209 0.000 36.176
5.889 30.800 55.765 51.751 40.743 45.737 50.728 45.717 51.701 57.681 49.656 37.626 36.587 38.538 38.471 42.376 43.240 37.120 48.039 43.965 40.885 37.804 34.735 41.682 45.641 47.607 38.575 65.532 53.501 43.474 35.448 41.422 60.396 70.371 63.345 40.320 42.294 45.268 49.241 54.215 52.188 48.162 37.135 34.107 41.077 47.034 0.000 18.548 39.554 0.000 0.000 15.447 35.449 35.442 35.431 40.416 39.399 35.382 34.367 35.352 35.336 35.321 35.306 35.291 35.277 35.263 35.250 35.237 34.224 34.211 35.196 38.178 34.167
17.979 51.942 57.909 42.885 37.865 39.847 41.828 52.808 56.788 67.766 66.740 59.710 48.675 37.631 40.573 7.474 0.000 36.070 42.021 38.971 1.885 35.784 39.702 56.653 55.618 58.593 0.000 30.501 70.481 64.458 50.433 56.408 74.383 74.358 72.332 41.305 47.279 47.251 49.223 37.194 46.164 52.134 51.103 50.070 63.033 71.991 4.947 0.000 29.577 54.600 0.000 0.000 58.461 39.450 39.435 39.418 39.400 40.383 34.366 33.350 37.333 34.315 34.299 34.284 34.269 35.255 34.241 33.227 33.213 33.200 33.185 33.171 32.158
17.106 63.079 49.046 38.014 37.985 37.957 50.929 48.901 65.877 80.854 77.828 74.800 69.770 60.740 51.714 0.000 0.000 0.000 30.003 40.989 0.000 0.000 32.634 50.611 49.584 64.555 36.514 37.489 70.466 75.443 71.419 70.395 73.370 73.345 74.319 53.292 45.264 47.235 47.205 37.174 46.141 40.108 59.072 30.035 68.995 90.951 61.903 31.852 0.000 32.623 0.000 34.511 94.483 47.461 49.441 49.421 45.401 46.383 38.365 33.349 15.330 34.307 34.291 37.276 40.261 50.246 40.232 35.217 36.203 36.189 36.175 36.161 36.149
49.260 53.222 47.180 45.140 40.104 52.068 46.030 58.989 36.966 6.943 57.918 76.892 75.866 76.844 59.829 0.000 0.000 0.000 23.998 46.993 0.000 0.000 29.588 44.574 39.553 66.527 77.499 77.474 73.451 73.428 73.405 74.382 73.357 73.332 73.306 67.279 42.250 44.220 42.189 37.155 48.120 49.083 52.044 9.004 53.960 89.914 59.862 77.801 38.719 24.646 36.594 92.539 80.501 52.471 46.446 48.423 42.401 36.382 34.364 32.350 0.000 40.294 48.282 56.267 63.252 72.237 61.222 41.208 35.193 36.179 36.165 36.151 36.138
60.443 49.369 49.312 45.264 52.221 49.181 52.135 76.059 63.054 46.035 67.010 75.984 74.960 73.940 53.929 0.000 0.000 0.000 0.000 1.993 0.000 0.000 35.557 44.544 55.525 71.503 73.480 73.458 73.436 73.414 73.392 73.369 73.346 73.321 73.295 73.268 59.239 49.207 42.174 35.138 39.100 39.060 44.018 62.975 48.929 83.881 69.830 76.773 83.709 69.649 74.597 83.549 59.510 60.477 46.449 45.424 37.400 34.378 35.358 37.338 51.313 57.292 75.276 74.260 73.244 72.228 72.213 62.197 40.183 35.168 36.154 36.140 36.127
51.578 39.500 41.436 53.383 50.337 50.298 20.269 0.000 55.156 81.132 76.104 75.074 77.048 59.027 45.019 29.045 0.000 0.000 0.000 0.000 0.000 0.000 41.539 58.521 70.501 73.481 73.460 73.440 73.420 73.400 73.379 73.358 73.335 73.311 73.286 73.258 74.229 68.196 60.161 52.123 50.082 53.038 43.994 60.948 39.901 81.853 14.803 35.750 70.696 42.643 33.595 89.551 53.513 57.479 55.449 36.422 34.397 35.374 35.352 43.330 64.308 75.287 72.269 72.252 72.235 69.218 68.203 66.187 65.172 39.157 35.143 35.129 35.115
41.691 38.615 51.550 51.494 46.446 66.405 20.375 29.361 69.282 76.235 75.197 75.162 75.130 51.101 51.076 62.071 0.000 0.000 0.000 0.000 0.000 0.000 0.000 8.498 67.476 79.458 74.441 73.423 73.405 73.387 73.368 73.347 73.326 73.303 73.278 73.251 73.221 74.188 75.152 72.111 72.066 75.019 54.970 60.922 34.874 75.826 11.778 13.730 66.681 36.634 46.589 80.548 61.511 53.477 57.446 34.418 35.393 34.368 36.345 46.323 67.301 68.281 73.261 72.243 67.226 64.209 68.192 73.176 72.161 61.146 42.131 41.117 40.103
37.793 51.720 52.655 40.597 51.547 72.502 65.464 71.427 77.375 75.329 75.287 75.248 72.210 56.170 6.112 2.092 0.000 0.000 0.000 0.000 0.000 0.000 0.000 0.000 12.447 24.435 65.421 74.406 73.391 73.374 73.357 73.338 73.318 73.297 73.273 75.247 74.218 74.184 73.146 75.102 74.053 74.000 63.946 61.895 38.847 50.800 80.755 59.709 67.665 36.621 64.580 58.541 61.505 49.472 43.441 35.413 35.386 35.362 43.338 48.315 49.293 54.272 62.253 60.234 61.216 72.198 72.181 72.165 72.149 73.134 67.119 63.105 61.091
52.887 52.816 41.752 37.694 52.641 71.594 77.551 76.508 75.463 75.418 75.375 76.332 67.290 60.257 0.000 0.000 0.000 0.000 0.000 0.000 0.000 0.000 0.000 0.000 21.431 41.414 68.402 74.390 73.377 73.363 73.347 73.330 73.312 73.292 75.270 75.246 75.218 67.185 72.146 75.100 78.044 75.983 69.919 65.865 53.818 37.774 85.731 68.688 70.647 35.606 81.568 45.531 26.496 43.464 34.434 35.405 34.379 43.354 49.330 48.307 48.284 47.263 40.243 36.224 66.205 72.187 72.170 72.153 72.137 72.122 73.107 73.092 73.078
49.975 40.906 38.842 36.784 53.731 73.682 75.636 75.593 75.549 75.506 75.463 77.416 56.363 54.310 0.000 0.000 0.000 0.000 0.000 0.000 0.000 0.000 0.000 0.000 0.000 55.389 74.383 73.375 73.364 73.352 73.339 73.324 75.308 74.290 74.270 74.248 68.223 46.192 62.152 72.107 23.040 13.968 47.882 54.830 63.786 50.746 71.706 89.667 74.628 41.590 83.554 7.519 19.485 32.454 35.424 35.396 37.370 47.344 45.320 46.297 48.275 51.253 45.233 46.213 62.194 72.176 72.158 72.141 72.125 72.109 72.093 72.079 72.064
41.058 38.990 43.927 48.870 63.816 75.767 75.721 75.677 75.635 75.594 75.553 76.507 63.435 0.000 0.000 0.000 0.000 0.000 3.334 40.334 1.334 19.334 0.000 0.000 0.000 30.370 65.367 72.361 73.353 73.343 73.332 73.319 75.305 73.290 73.273 73.254 57.233 53.207 15.165 17.136 0.000 0.000 32.811 39.785 61.752 47.717 52.681 95.645 78.608 57.573 67.538 17.505 62.473 39.442 35.413 35.386 37.359 46.334 57.310 57.286 59.264 65.242 60.222 71.202 72.182 72.164 72.146 72.128 72.112 72.096 72.080 72.065 72.050
42.135 39.070 46.008 64.951 75.897 75.848 75.802 75.759 75.719 75.682 75.649 81.625 0.000 0.000 0.000 0.000 0.000 0.000 40.334 52.334 39.334 54.334 50.335 0.000 20.348 52.354 59.354 70.350 73.344 73.336 73.326 74.315 73.303 73.291 73.277 69.263 58.249 63.237 0.000 0.000 0.000 16.759 49.766 41.747 59.720 35.689 37.656 85.622 84.588 76.554 62.521 62.489 51.458 46.429 35.401 35.374 35.348 45.323 67.299 74.275 73.253 73.231 65.210 72.189 72.170 72.151 72.133 72.115 72.098 72.082 72.066 72.051 72.036
40.209 38.145 53.084 73.027 76.975 75.926 75.881 75.839 75.801 75.766 75.737 82.717 0.000 0.000 0.000 0.000 0.000 0.000 29.334 49.334 49.334 48.334 51.335 35.337 43.341 51.344 51.344 68.341 74.336 73.330 73.322 73.313 73.303 73.292 74.282 66.271 62.262 56.257 0.000 0.000 0.000 9.752 13.745 41.719 60.691 37.663 33.633 72.601 89.567 86.535 67.503 46.472 45.443 46.415 37.388 34.361 35.336 38.311 49.286 69.263 72.240 72.218 64.197 72.176 72.156 72.137 72.119 72.101 72.084 72.067 72.051 72.036 72.021
39.280 41.216 61.156 77.100 76.048 76.000 75.956 75.915 75.878 75.845 77.815 75.790 0.000 0.000 0.000 0.000 0.000 0.000 15.333 54.333 60.333 65.334 56.334 55.335 49.337 45.338 56.337 70.334 73.330 73.325 76.318 74.311 73.303 73.294 73.286 68.278 60.273 55.270 30.274 0.000 0.000 0.000 0.000 3.691 52.663 38.639 34.611 67.580 98.546 79.514 58.483 49.454 51.427 49.400 44.373 33.348 35.322 34.298 38.274 57.250 72.227 72.205 64.183 72.163 72.142 72.123 72.104 72.086 72.069 72.052 72.036 72.021 72.006
39.347 49.284 69.225 77.169 76.118 76.071 76.028 75.988 75.952 76.920 74.887 62.839 46.839 0.000 0.000 0.000 0.000 0.000 17.333 55.333 64.333 64.333 68.332 70.333 53.333 52.333 67.332 73.329 73.326 73.321 74.316 73.310 73.303 73.296 73.290 71.284 59.279 60.277 54.277 0.277 0.000 0.000 0.000 0.000 38.631 38.617 32.594 77.561 65.524 71.491 41.463 61.435 55.409 48.384 48.359 39.334 34.309 35.284 34.260 46.237 69.214 71.191 65.169 72.148 73.128 72.108 72.089 72.071 72.053 72.037 72.020 72.005 71.990
