results1/res_4e8f-0174.wd
ncols         241
nrows         181
xllcorner     12693529.787448
yllcorner     3542525.717860
cellsize      155.156523
NODATA_value  -9999.000000
[rows 66 to 98 of 181, columns 73 to 145 of 241]
71.585 35.572 0.000 60.716 77.693 76.662 76.634 0.000 48.032 48.016 61.029 57.040 56.020 55.974 54.905 130.806 118.633 0.000 0.000 0.000 51.358 46.296 51.201 54.138 54.086 56.038 56.991 61.934 62.882 63.834 54.799 0.000 0.000 52.089 102.089 84.002 87.866 87.955 86.008 93.927 86.418 86.897 87.637 86.409 86.187 86.983 56.828 0.000 0.000 0.000 0.000 0.000 0.000 0.000 42.566 40.542 40.502 40.448 40.383 40.315 44.243 57.166 54.090 39.016 49.944 58.872 37.801 40.731 46.660 51.591 47.522 41.455 39.389
56.587 62.559 0.399 48.941 72.902 71.873 65.875 18.962 0.000 0.000 54.109 67.188 56.189 55.157 56.113 37.072 0.000 0.000 0.000 0.000 0.000 0.000 62.133 60.107 58.074 41.032 43.984 50.929 51.890 56.857 47.828 0.000 0.000 0.000 62.330 80.238 87.175 87.268 94.353 94.147 86.490 87.178 86.890 86.679 86.469 81.281 39.148 0.000 3.336 36.336 0.000 0.000 0.000 48.647 43.611 40.577 40.534 40.482 40.422 40.356 40.287 40.215 47.142 61.069 61.997 44.926 38.856 39.786 40.717 44.649 43.581 39.515 39.449
58.598 57.529 62.395 60.194 74.100 67.051 68.034 65.048 0.000 0.000 0.000 69.416 64.389 59.354 61.319 8.296 0.000 0.000 0.000 0.000 0.000 0.000 61.092 57.082 48.069 0.000 0.000 48.910 60.890 59.875 0.000 0.000 8.034 64.914 56.662 60.484 67.562 82.622 94.545 86.228 87.783 87.347 87.158 86.941 84.728 67.524 46.336 52.336 50.336 31.336 0.000 0.000 0.000 6.682 57.655 39.619 40.575 44.524 52.466 42.402 40.335 39.264 43.193 58.121 65.050 56.979 42.910 37.841 39.773 39.706 39.639 39.573 38.508
58.641 56.565 60.462 71.342 65.254 58.196 77.161 66.148 18.165 0.000 11.820 61.672 77.597 72.548 72.515 75.497 0.000 0.000 0.000 0.000 7.044 7.049 59.061 50.059 53.053 0.000 0.000 0.000 96.887 123.877 38.866 0.000 64.153 59.050 58.888 58.795 54.878 94.898 94.727 87.274 90.880 87.626 87.417 87.203 78.977 31.750 0.000 54.336 32.336 0.000 0.000 0.000 45.787 44.744 43.709 39.670 43.625 55.573 60.515 58.452 51.385 41.315 50.244 58.173 37.102 43.032 55.963 52.895 48.828 56.762 37.696 39.631 37.566
56.701 62.628 72.544 64.456 56.380 56.318 69.266 77.218 73.182 76.108 77.967 72.855 67.779 69.728 58.695 57.679 0.000 0.000 0.000 8.037 64.040 63.042 51.044 53.040 54.030 58.010 56.996 0.000 7.894 1.880 0.824 10.549 70.376 63.244 58.082 59.173 57.218 95.054 56.889 64.479 79.075 86.896 87.682 85.476 44.227 0.000 0.000 0.000 0.000 0.000 0.000 46.855 40.829 40.800 40.766 41.727 51.681 60.628 59.569 59.505 55.438 51.368 61.296 44.225 39.154 40.083 40.015 49.947 62.882 49.817 37.754 38.689 44.624
62.769 73.703 63.631 56.558 57.490 57.429 59.368 43.275 69.239 67.176 59.086 56.001 54.936 70.889 72.860 59.845 0.000 0.000 0.000 64.035 60.035 57.035 50.033 54.028 54.018 54.003 53.983 12.952 15.914 16.883 18.830 86.695 83.561 72.430 71.384 60.381 95.330 95.198 58.941 65.590 60.366 67.170 85.943 60.793 0.000 0.000 0.000 0.000 0.000 0.000 0.000 46.880 40.877 40.859 40.829 41.791 50.743 60.689 59.628 58.563 55.493 60.422 54.349 38.276 40.204 40.133 40.065 49.999 57.935 36.873 39.811 42.749 61.682
73.844 63.784 56.720 57.655 57.594 58.541 39.501 0.000 26.322 54.270 57.199 57.129 57.073 55.034 79.009 62.997 0.000 0.000 0.000 41.033 58.030 52.029 53.026 54.020 54.012 53.999 53.982 64.958 4.927 8.908 25.915 78.840 88.736 10.624 92.545 82.736 95.446 57.511 71.155 67.799 57.670 54.475 51.126 35.959 0.000 0.000 42.442 0.000 0.000 0.000 0.000 42.909 40.938 40.930 40.902 40.863 41.813 47.756 55.692 55.624 55.551 59.477 37.401 40.326 40.253 39.182 45.113 62.048 44.986 38.927 41.871 22.812 23.732
63.925 56.868 57.809 57.749 57.691 60.639 16.594 14.558 7.456 52.384 57.313 59.240 57.195 56.165 74.145 70.136 0.000 0.000 0.000 0.000 49.026 52.024 54.021 54.016 54.009 54.000 55.987 41.973 0.000 0.000 76.081 79.014 89.923 95.793 89.896 87.933 95.546 78.559 81.262 66.104 59.010 51.936 0.000 0.000 0.000 0.000 40.442 0.000 0.000 0.000 0.000 0.000 44.036 41.019 40.988 40.944 40.891 40.830 40.762 47.688 55.611 43.532 40.453 40.375 40.299 43.227 56.158 56.093 38.033 39.979 42.932 9.898 0.000
57.010 57.955 57.898 57.841 57.784 57.729 61.677 62.626 62.559 58.497 58.429 38.324 55.303 56.284 72.270 71.266 0.000 0.000 0.000 0.000 48.022 54.021 54.018 54.014 54.009 54.003 41.995 0.000 0.000 4.446 81.312 87.216 90.116 90.062 89.140 95.680 88.039 90.756 85.445 70.387 60.327 59.323 59.457 0.000 0.000 0.000 37.443 44.443 37.442 0.000 0.000 0.000 59.152 40.124 41.085 41.036 40.977 41.910 40.836 40.757 40.673 40.588 40.504 40.422 39.343 45.269 60.199 37.135 40.076 40.023 41.980 16.950 0.000
58.098 58.045 57.989 57.932 57.873 57.816 57.760 57.708 57.659 57.615 61.581 0.000 48.410 57.397 73.387 68.393 4.439 0.000 0.000 0.000 53.020 56.019 56.017 56.014 54.011 57.008 0.000 0.000 0.000 73.579 79.507 90.422 90.303 90.411 88.460 95.884 89.171 93.815 89.706 90.640 78.591 66.572 55.592 50.592 52.592 0.000 0.000 43.443 38.442 44.437 45.422 43.384 49.294 59.241 41.192 42.136 51.072 57.998 39.917 40.828 40.737 40.644 40.553 39.465 44.382 63.305 57.235 46.170 39.112 40.060 42.013 56.972 74.928
58.190 58.137 58.081 58.023 57.963 57.900 57.841 60.788 58.754 57.722 61.699 0.000 48.530 57.507 74.487 66.478 6.486 0.000 0.000 0.000 26.019 36.018 35.016 35.014 56.012 41.010 0.000 0.000 0.000 75.784 85.718 90.630 90.588 89.692 96.506 96.212 90.234 91.077 89.935 89.879 90.825 81.782 46.746 0.000 0.000 0.000 0.000 41.445 41.446 38.446 40.445 41.437 40.399 47.355 61.305 44.246 42.176 52.095 40.003 40.904 40.801 40.698 40.598 40.504 48.416 61.336 48.264 60.199 38.142 39.090 44.042 64.998 76.951
58.284 58.231 58.176 58.118 58.054 60.981 62.914 34.849 55.845 58.822 60.795 20.769 51.672 56.616 68.574 66.549 7.539 0.000 0.000 0.000 0.000 0.000 2.015 2.014 37.013 0.000 0.000 0.000 24.222 74.055 90.949 90.832 90.948 89.034 96.773 88.815 94.523 90.219 90.174 90.107 90.049 79.984 40.865 0.000 0.000 0.000 0.000 0.000 44.452 45.457 32.474 40.520 41.510 41.476 45.427 61.365 44.291 41.202 41.098 40.983 40.865 40.749 38.638 44.536 63.442 44.359 43.286 57.222 41.166 39.115 46.069 72.025 76.981
58.380 58.327 58.273 58.218 60.155 36.057 37.985 0.000 17.956 53.926 57.887 61.841 57.774 60.709 65.645 70.604 9.583 0.000 0.000 0.000 0.000 3.014 55.014 62.014 0.000 0.000 0.000 7.506 83.388 85.268 91.163 91.120 90.239 97.254 97.022 89.875 90.591 90.464 90.395 90.332 89.278 69.239 0.000 0.000 0.000 0.000 0.000 0.000 0.000 36.457 0.000 47.660 44.644 40.611 40.562 42.499 59.420 48.323 40.205 41.066 40.927 39.794 44.671 46.558 45.457 42.372 40.299 40.238 40.184 41.136 54.092 76.052 77.013
58.475 58.423 58.373 58.327 63.291 1.277 0.000 24.187 16.097 50.039 58.988 56.935 58.872 70.801 42.695 36.637 1.611 0.000 0.000 0.000 0.000 53.014 59.014 61.014 0.000 0.000 0.000 70.623 75.555 89.468 91.351 91.483 89.578 97.468 89.370 91.048 90.743 90.685 90.611 90.548 82.493 59.456 0.000 0.000 0.000 0.000 0.000 0.000 0.000 0.000 0.000 51.816 46.796 40.761 38.711 41.648 41.568 57.466 50.331 41.150 41.981 39.830 46.694 46.569 43.457 37.371 40.302 40.245 42.196 56.152 75.114 77.078 80.046
59.568 57.516 57.468 57.428 60.398 30.390 27.361 59.278 64.205 58.145 56.091 63.037 72.980 75.929 0.000 0.000 0.000 0.000 0.000 0.000 0.000 21.014 28.014 30.014 0.000 0.000 0.000 72.809 80.745 90.657 91.649 90.688 97.863 97.671 90.399 91.105 90.968 90.892 90.820 90.754 72.691 54.635 0.000 0.000 0.000 0.000 0.000 0.000 0.000 0.000 0.000 49.990 47.965 47.925 44.874 37.812 39.738 40.643 56.501 56.223 53.019 49.851 42.704 41.568 38.431 39.352 40.294 44.245 64.202 76.165 76.131 77.101 76.075
73.656 72.604 71.558 69.517 66.482 67.453 67.414 64.358 65.300 67.246 67.194 73.141 75.083 33.006 0.000 0.000 0.000 0.000 0.000 0.000 0.000 0.000 0.000 0.000 0.000 11.318 19.239 74.060 90.952 91.861 91.811 91.039 98.041 89.871 91.548 91.237 91.174 91.094 91.023 88.956 70.882 41.759 0.000 0.000 0.000 0.000 0.000 0.000 0.000 0.000 0.000 40.190 44.150 47.101 48.047 46.990 43.930 39.866 33.808 0.000 0.000 0.000 0.000 0.000 42.347 40.313 43.275 64.238 77.204 76.173 77.145 80.120 76.100
69.739 71.688 70.641 72.599 74.561 73.525 72.485 70.439 68.392 68.344 69.298 65.250 65.204 0.000 0.000 0.000 0.000 0.000 0.000 0.000 0.000 0.000 0.000 0.000 0.000 60.396 83.340 82.238 91.144 92.032 92.160 90.262 98.207 91.963 91.570 91.447 91.365 91.289 91.221 87.164 67.124 0.000 0.000 0.000 0.000 0.000 0.000 0.000 0.000 0.000 47.573 42.428 39.345 41.280 46.223 48.171 48.124 49.084 40.057 0.000 0.000 0.000 0.000 0.000 43.296 41.280 57.256 78.229 76.203 76.178 76.155 77.135 76.119
57.817 57.766 58.720 65.678 74.639 80.601 68.563 62.523 57.483 55.443 54.403 60.356 39.280 0.000 0.000 0.000 0.000 0.000 0.000 0.000 0.000 0.000 0.000 0.000 0.000 66.532 82.486 90.410 92.323 92.291 91.420 98.502 98.360 93.979 91.787 91.627 91.551 91.475 91.409 86.356 61.324 0.000 0.000 0.000 0.000 0.000 0.000 0.000 0.000 47.840 42.719 42.606 42.520 41.452 38.395 43.348 47.312 48.287 45.279 0.000 0.000 0.000 0.000 46.251 40.261 44.254 72.239 76.220 76.200 76.181 76.163 76.147 76.134
56.890 56.840 60.795 65.753 67.714 70.678 60.642 56.607 57.573 57.542 59.514 37.492 0.000 0.000 0.000 0.000 0.000 0.000 0.000 0.000 0.000 0.000 0.000 0.000 0.000 52.714 81.662 91.591 92.489 92.619 90.728 98.632 91.525 93.200 91.882 91.817 91.730 91.653 91.583 82.527 55.493 0.000 0.000 0.000 0.000 0.000 0.000 0.000 47.073 42.961 42.855 42.758 42.678 42.611 42.557 39.515 38.486 41.475 48.494 48.580 0.000 0.000 0.000 40.241 41.242 59.236 76.226 75.212 75.197 76.182 76.168 76.155 76.145
56.958 56.910 58.866 59.826 57.788 56.753 57.720 56.689 56.661 56.637 61.618 6.607 0.000 0.000 0.000 0.000 0.000 0.000 0.000 0.000 0.000 0.000 0.000 0.000 4.083 60.947 89.858 92.774 92.744 91.874 98.869 98.755 94.522 92.224 92.079 91.991 91.904 91.821 92.744 72.676 60.629 0.000 0.000 46.683 0.000 46.447 48.402 48.318 43.185 43.077 42.981 42.895 42.821 42.758 42.708 42.669 41.643 38.633 47.641 48.666 41.666 0.000 0.000 48.231 40.229 48.224 54.216 57.206 61.194 67.183 73.171 75.162 75.154
58.023 57.977 57.934 57.895 57.859 56.826 56.796 56.769 56.746 55.728 63.715 14.710 0.000 0.000 0.000 0.000 0.000 0.000 0.000 0.000 0.000 0.000 0.000 0.000 45.218 81.135 92.049 92.939 93.079 91.171 98.971 91.972 93.647 92.332 92.258 92.163 92.073 91.984 92.896 64.804 42.717 0.000 0.000 42.683 0.000 41.491 43.442 43.366 43.272 43.181 43.096 43.020 42.952 42.894 42.847 42.810 40.785 42.772 48.771 45.778 0.000 0.000 0.000 47.222 46.220 45.215 44.209 43.201 42.192 46.182 57.174 53.166 55.160
56.083 56.039 55.999 55.962 55.928 55.897 55.869 56.845 58.825 60.812 35.806 2.807 0.000 0.000 0.000 0.000 0.000 0.000 0.000 3.453 12.445 0.000 0.000 15.577 56.436 87.329 93.226 93.215 92.242 99.151 99.066 94.961 92.668 92.520 92.427 92.333 92.240 92.147 88.053 34.928 0.000 0.000 0.000 42.683 48.663 43.584 43.510 43.433 43.355 43.278 43.204 43.136 43.074 43.020 42.975 42.939 39.914 48.900 48.895 44.895 0.000 0.000 0.000 46.215 45.213 46.209 46.203 46.196 46.189 46.182 45.175 45.169 44.164
57.140 57.099 60.061 64.025 66.993 70.964 72.938 75.916 74.899 66.889 4.889 15.905 39.959 7.984 0.000 0.000 0.000 0.000 0.000 43.461 70.436 10.397 0.000 49.719 82.620 92.511 93.410 93.341 92.564 99.224 91.397 93.084 92.768 92.693 92.596 92.501 92.406 93.313 80.238 0.000 0.000 0.000 0.000 22.702 42.722 43.671 45.582 45.502 43.437 43.372 43.307 43.245 43.187 43.136 43.093 40.058 45.033 48.018 49.012 40.014 0.000 0.000 0.000 30.211 51.207 51.203 48.198 45.193 45.187 46.181 47.176 47.171 46.167
59.193 58.155 65.119 74.086 75.055 74.028 73.003 71.982 68.966 62.957 37.955 54.966 72.989 42.009 26.030 2.038 0.000 0.000 14.533 53.494 67.443 6.357 25.195 66.960 91.811 94.695 93.535 93.747 91.723 99.286 93.381 93.097 92.949 92.858 92.764 92.671 92.571 94.459 38.349 0.000 0.000 0.000 0.000 0.000 38.853 44.797 25.644 25.555 42.518 43.467 43.408 43.349 43.294 43.244 42.202 40.168 49.143 49.127 46.122 40.134 46.182 0.000 0.000 0.000 62.202 77.199 70.195 66.190 62.185 58.180 61.176 61.172 44.168
59.244 59.209 62.176 65.144 64.115 62.088 60.064 58.044 56.027 56.016 65.011 67.013 64.022 61.032 65.042 13.047 0.000 0.000 54.573 84.540 35.483 31.395 65.268 89.113 93.980 93.835 93.953 91.908 99.369 91.785 93.500 93.187 93.116 93.023 92.934 92.845 95.749 52.604 0.000 0.000 0.000 0.000 0.000 0.000 41.040 46.018 0.000 0.000 39.614 43.570 43.510 43.450 43.395 43.346 40.304 48.269 49.243 48.225 39.216 43.218 43.229 0.000 0.000 0.000 30.199 60.196 78.191 77.187 77.182 77.179 77.175 71.172 61.169
59.293 59.261 59.230 58.200 58.172 59.146 59.122 59.101 57.083 58.068 63.058 66.054 62.054 57.056 60.059 15.060 0.000 0.000 46.644 56.611 34.553 67.472 82.367 91.248 94.130 94.061 93.159 99.738 99.507 92.774 93.504 93.362 93.274 93.187 93.103 93.027 95.976 0.000 0.000 11.343 20.343 0.000 0.000 42.344 45.249 44.217 51.255 0.168 39.755 43.687 43.612 43.546 43.489 41.440 43.398 49.362 49.334 41.313 42.299 43.291 43.289 0.000 0.000 0.000 0.000 0.000 60.187 76.183 76.180 76.177 76.174 77.172 77.170
59.342 59.312 59.283 59.254 59.227 59.202 59.177 58.155 57.135 61.116 65.101 65.090 60.083 56.080 61.078 14.075 0.000 0.000 42.748 11.708 58.648 82.572 88.481 94.387 94.236 94.445 92.434 99.944 92.192 93.904 93.592 93.523 93.432 93.346 93.263 100.186 84.152 0.000 7.343 57.343 43.343 0.000 0.000 37.439 45.394 44.347 44.295 50.178 47.961 46.812 43.706 43.633 43.576 40.527 48.485 49.449 45.419 40.395 43.376 43.360 45.347 49.358 0.000 0.000 0.000 0.000 0.000 73.179 76.177 76.175 76.173 77.171 75.170
59.391 59.363 59.335 59.308 59.281 59.256 58.231 57.207 59.184 63.161 66.139 62.121 57.110 56.103 59.098 41.087 28.061 29.003 24.892 25.823 65.758 86.686 92.608 94.497 94.635 92.625 100.304 100.132 93.196 93.910 93.765 93.676 93.588 93.503 98.417 41.299 56.295 26.332 57.342 65.344 0.000 0.000 0.000 36.580 45.541 44.482 44.401 54.278 65.100 38.893 48.767 44.704 41.654 43.608 49.566 48.529 39.497 42.471 43.449 43.425 30.380 31.369 0.000 0.000 0.000 0.000 0.000 54.176 75.175 76.173 76.172 80.171 76.170
59.441 59.414 59.387 59.360 59.334 59.308 57.284 57.259 61.234 68.206 69.172 65.147 60.131 58.124 58.122 60.114 60.094 69.054 9.994 43.935 81.876 88.810 94.738 94.703 93.834 100.612 100.463 93.550 94.331 93.995 93.922 93.827 93.740 93.662 101.603 0.000 39.397 41.359 31.349 33.347 0.000 0.000 0.000 39.760 45.709 44.637 50.549 66.434 43.267 0.000 29.765 42.763 40.728 48.684 49.641 45.603 42.571 43.545 43.525 45.511 0.000 0.000 0.000 0.000 0.000 0.000 46.174 27.174 66.173 76.172 76.171 81.170 76.169
59.492 59.465 59.438 59.412 59.386 58.361 57.336 59.312 66.287 43.255 19.197 18.163 15.145 45.140 62.152 57.154 60.147 41.127 3.093 49.050 86.998 92.945 94.833 95.075 93.098 100.750 93.882 94.659 94.229 94.170 94.066 93.973 93.884 94.801 92.730 14.674 14.536 0.000 0.000 0.000 0.000 0.000 39.131 46.990 44.896 43.811 63.724 67.642 0.000 0.000 0.045 38.854 44.811 49.760 49.713 39.671 43.637 43.612 43.594 46.584 0.000 0.000 0.000 0.000 0.000 0.000 25.174 0.000 54.170 76.170 76.169 82.169 76.168
59.542 59.515 59.489 59.463 58.437 57.412 59.388 62.366 70.346 29.331 0.000 0.000 0.000 0.000 44.192 59.203 60.212 46.216 48.201 74.171 91.131 95.055 95.228 93.249 100.992 100.876 94.861 94.556 94.408 94.306 94.208 94.114 94.021 96.929 81.841 10.758 0.000 0.000 0.000 0.000 0.000 0.554 39.272 46.174 45.076 42.985 70.893 31.767 0.000 0.000 45.106 49.987 49.902 49.834 47.777 42.732 43.697 43.671 43.655 45.648 0.000 49.734 1.734 0.000 0.000 0.000 0.000 0.000 47.169 76.168 76.168 76.168 76.167
59.591 59.565 59.539 59.513 58.488 57.463 61.439 65.418 69.401 27.392 0.000 0.000 0.000 0.000 24.222 67.252 62.283 68.321 81.326 90.305 94.265 95.272 94.421 101.197 101.098 94.194 94.970 94.628 94.546 94.443 94.347 94.253 98.158 61.053 32.947 0.000 0.000 0.000 0.000 0.000 1.841 41.690 46.497 45.358 47.249 44.161 68.097 0.000 0.000 40.379 47.225 63.086 51.978 48.895 44.831 42.783 42.746 43.720 43.706 43.705 48.727 44.734 35.734 0.000 0.000 0.000 43.166 45.166 44.167 76.167 76.167 76.167 76.166
59.640 59.615 59.590 59.564 57.538 59.512 65.487 66.465 64.449 51.444 12.461 0.000 0.000 0.000 0.000 20.300 16.348 56.460 87.476 91.455 95.395 95.565 93.688 101.286 93.503 95.283 94.849 94.785 96.674 95.576 94.483 94.395 100.304 23.179 0.000 0.000 0.000 0.000 0.000 23.060 61.963 61.823 49.667 46.513 57.401 52.311 53.236 14.183 1.999 38.532 43.331 54.154 50.028 53.937 47.871 50.821 49.784 46.759 43.744 42.738 42.741 48.742 0.000 0.000 0.000 0.000 40.166 40.166 50.166 76.166 76.166 76.166 76.166
