results1/res_4e8f-0046.wd
ncols         241
nrows         181
xllcorner     12693529.787448
yllcorner     3542525.717860
cellsize      155.156523
NODATA_value  -9999.000000
[rows 66 to 98 of 181, columns 74 to 147 of 241]
24.501 0.000 49.836 66.822 65.802 65.783 0.000 37.326 37.313 50.322 46.329 45.312 45.272 44.207 120.112 108.007 0.000 0.000 0.000 41.285 36.262 41.236 44.206 44.171 46.127 47.089 52.052 53.018 53.982 44.935 0.000 0.000 43.532 93.532 75.453 79.319 79.412 77.475 85.437 77.906 78.388 79.132 77.909 77.691 78.491 48.340 0.000 0.000 0.000 0.000 0.000 0.000 0.000 12.647 10.631 10.600 10.556 10.501 10.444 14.380 27.310 24.233 9.150 20.063 28.981 7.902 10.826 16.752 21.679 17.608 11.537 9.468 7.401 22.336
51.494 0.000 38.012 61.986 60.966 54.971 8.038 0.000 0.000 43.382 56.443 45.444 44.415 45.357 26.235 0.000 0.000 0.000 0.000 0.000 0.000 52.251 50.234 48.203 31.141 34.093 41.050 42.020 46.994 37.964 0.000 0.000 0.000 53.751 71.672 78.620 78.724 85.855 85.654 77.976 78.667 78.382 78.175 77.968 72.784 30.654 0.000 0.000 27.836 0.000 0.000 0.000 18.679 13.679 10.661 10.629 10.585 10.533 10.475 10.412 10.343 17.269 31.191 32.112 15.033 8.956 9.882 10.808 14.736 13.664 9.593 9.525 10.458 29.393
46.470 51.369 49.214 63.144 56.107 57.095 54.106 0.000 0.000 0.000 58.616 53.605 48.589 50.573 0.000 0.000 0.000 0.000 0.000 0.000 0.000 51.283 47.276 38.268 0.000 0.000 39.035 51.020 50.008 0.000 0.000 0.000 56.234 48.049 51.903 59.000 74.078 86.042 77.708 79.266 78.834 78.648 78.434 76.224 59.023 37.838 43.837 41.837 22.836 0.000 0.000 0.000 0.000 27.731 9.706 10.669 14.624 22.571 12.513 10.449 9.381 13.309 28.235 35.159 27.083 13.009 7.936 9.863 9.791 9.719 9.648 8.579 15.513 36.449
45.499 49.423 60.333 54.268 47.224 66.197 55.186 7.200 0.000 0.974 50.799 66.774 61.761 61.773 64.851 0.000 0.000 0.000 0.000 0.000 0.000 49.322 40.321 43.323 0.000 0.000 0.000 87.015 114.012 29.011 0.000 55.570 50.421 50.278 50.210 46.314 86.383 86.218 78.752 82.360 79.110 78.904 78.693 70.470 23.246 0.000 45.837 23.837 0.000 0.000 0.000 15.902 14.871 13.807 9.763 13.718 25.670 30.615 28.556 21.492 11.424 20.353 28.280 7.206 13.133 26.061 22.989 18.919 26.847 7.774 9.700 7.630 20.566 43.503
51.554 61.492 53.427 45.370 45.324 58.283 66.241 62.214 65.173 67.096 61.981 56.929 58.908 47.909 46.929 0.000 0.000 0.000 0.000 54.381 53.376 41.361 43.364 44.381 48.429 47.461 0.000 0.000 0.000 0.000 1.881 61.718 54.604 49.470 50.586 48.655 86.532 48.363 55.955 70.554 78.378 79.167 76.963 35.717 0.000 0.000 0.000 0.000 0.000 0.000 16.954 10.934 10.905 10.863 11.819 21.773 30.721 29.665 29.603 25.538 21.469 31.398 14.326 9.254 10.182 10.112 20.043 32.974 19.905 7.831 8.748 14.677 2.618 7.559
62.618 52.565 45.512 46.463 46.418 48.369 32.283 58.240 56.211 48.161 45.099 44.056 60.033 62.025 49.027 0.000 0.000 0.000 54.388 50.387 47.385 40.383 44.391 44.410 44.445 44.492 3.581 6.733 7.884 10.034 78.012 74.904 63.768 62.770 51.797 86.792 86.669 50.414 57.065 51.844 58.650 77.425 52.277 0.000 0.000 0.000 0.000 0.000 0.000 0.000 16.976 10.972 10.954 10.921 11.880 20.832 30.778 29.719 28.655 25.587 30.517 24.445 8.373 10.301 10.230 10.162 20.095 28.031 6.968 9.896 12.785 31.711 48.672 27.615
52.686 45.639 46.594 46.552 47.517 28.492 0.000 15.254 43.268 46.240 46.197 46.164 44.142 68.131 52.128 0.000 0.000 0.000 31.390 48.392 42.394 43.397 44.406 44.423 44.449 44.483 55.519 0.000 0.135 17.208 70.177 80.111 2.034 83.945 74.161 86.897 48.980 62.627 59.274 49.147 45.953 42.607 27.442 0.000 0.000 12.490 0.000 0.000 0.000 0.000 13.001 11.026 11.016 10.987 10.947 11.897 17.841 25.778 25.711 25.640 29.567 7.493 10.419 10.346 9.276 15.209 32.146 15.089 9.038 12.001 0.000 0.000 24.743 0.000
45.755 46.713 46.672 46.635 49.605 5.591 3.614 0.000 41.368 46.334 48.287 46.260 45.242 63.231 59.226 0.000 0.000 0.000 0.000 39.399 42.401 44.406 44.414 44.428 44.446 46.469 32.494 0.000 0.000 67.413 70.378 81.321 87.238 81.329 79.370 86.985 70.028 72.734 57.578 50.485 43.413 0.000 0.000 0.000 0.000 10.490 0.000 0.000 0.000 0.000 0.000 14.115 11.098 11.066 11.023 10.970 10.909 10.843 17.771 25.695 13.618 10.540 10.464 10.390 13.319 26.253 26.192 8.139 10.096 13.069 0.000 0.000 51.814 41.825
46.825 46.785 46.746 46.710 46.678 50.655 51.637 51.596 47.502 47.441 27.358 44.347 45.334 61.324 60.319 0.000 0.000 0.000 0.000 38.404 44.406 44.411 44.418 44.427 44.440 32.454 0.000 0.000 0.000 72.653 78.602 81.530 81.498 80.582 87.101 79.506 82.227 76.918 61.862 51.803 50.799 50.934 0.000 0.000 0.000 7.491 14.491 7.492 0.000 0.000 0.000 29.222 10.195 11.156 11.108 11.050 11.985 10.912 10.834 10.752 10.670 10.587 10.507 9.430 15.358 30.291 7.231 10.179 10.137 12.110 0.000 0.000 53.874 45.861
46.896 46.857 46.818 46.780 46.744 46.712 46.683 46.649 46.602 50.570 0.000 37.435 46.425 62.414 57.407 0.000 0.000 0.000 0.000 43.407 46.409 46.413 46.418 44.425 47.430 0.000 0.000 0.000 65.104 70.944 81.848 81.737 81.857 79.912 87.308 80.641 85.288 81.181 82.116 70.067 58.048 47.068 42.068 44.068 0.000 0.000 13.492 8.492 14.488 15.475 13.440 19.355 29.305 11.257 12.203 21.139 28.068 9.987 10.901 10.811 10.721 10.632 9.546 14.466 33.391 27.324 16.263 9.210 10.164 12.123 27.081 45.024 45.948 45.906
46.968 46.930 46.890 46.848 46.805 46.768 49.736 47.714 46.688 50.668 0.000 37.534 46.516 63.499 55.489 0.000 0.000 0.000 0.000 16.409 26.411 25.414 25.418 46.423 31.427 0.000 0.000 0.000 67.264 77.174 82.078 82.040 81.150 87.975 87.662 81.708 82.553 81.412 81.356 82.302 73.259 38.223 0.000 0.000 0.000 0.000 11.494 11.496 8.497 10.497 11.490 10.455 17.413 31.364 14.306 12.238 22.159 10.069 10.972 10.871 10.771 10.673 10.581 18.496 31.418 18.349 30.288 8.233 9.185 14.140 35.094 47.044 45.988 45.942
47.041 47.004 46.964 46.917 49.861 51.817 23.779 44.785 47.768 49.747 9.728 40.651 45.607 57.577 55.561 0.000 0.000 0.000 0.000 0.000 0.000 0.000 0.000 27.423 0.000 0.000 0.000 15.661 65.514 82.409 82.292 82.412 80.504 88.255 80.295 86.002 81.698 81.652 81.586 81.527 71.462 32.342 0.000 0.000 0.000 0.000 0.000 14.502 15.508 2.525 10.570 11.560 11.528 15.480 31.420 14.347 11.260 11.159 11.047 10.931 10.818 8.710 14.609 33.518 14.437 13.367 27.305 11.251 9.203 16.158 42.114 47.068 46.020 45.972
47.117 47.082 47.045 48.996 24.906 26.862 0.000 6.877 42.853 46.823 50.786 46.734 49.685 54.641 59.617 0.000 0.000 0.000 0.000 0.000 0.000 0.000 0.000 0.000 0.000 0.000 0.000 74.809 76.723 82.628 82.589 81.714 88.755 88.515 81.359 82.073 81.945 81.876 81.813 80.758 60.719 0.000 0.000 0.000 0.000 0.000 0.000 0.000 6.507 0.000 17.705 14.690 10.657 10.609 12.547 29.471 18.376 10.260 11.125 10.989 9.860 14.740 16.629 15.530 12.446 10.376 10.316 10.264 11.218 24.175 46.135 47.094 49.051 45.002
47.194 47.164 47.137 52.116 0.000 0.000 13.067 4.993 38.946 47.904 45.862 47.814 59.760 31.684 25.650 0.000 0.000 0.000 0.000 0.000 0.000 0.000 0.000 0.000 0.000 0.000 62.182 67.042 80.942 82.826 82.960 81.061 88.975 80.860 82.534 82.228 82.168 82.094 82.030 73.975 50.937 0.000 0.000 0.000 0.000 0.000 0.000 0.000 0.000 0.000 21.856 16.837 10.802 8.753 11.690 11.612 27.513 20.381 11.206 12.041 9.893 16.760 16.637 13.526 7.441 10.374 10.319 12.271 26.229 45.191 47.156 50.123 42.089 3.045
46.269 46.243 46.223 49.214 19.233 16.209 48.142 53.082 47.033 44.988 51.943 61.898 64.859 0.000 0.000 0.000 0.000 0.000 0.000 0.000 0.000 0.000 0.000 0.000 0.000 0.000 64.322 72.238 82.141 83.131 82.173 89.379 89.183 81.890 82.594 82.455 82.378 82.305 82.237 64.174 46.118 0.000 0.000 0.000 0.000 0.000 0.000 0.000 0.000 0.000 20.026 18.001 17.961 14.910 7.849 9.776 10.682 26.544 26.275 23.076 19.913 12.769 11.634 8.497 9.419 10.361 14.314 34.273 46.237 46.204 47.176 46.152 37.136 0.000
61.341 60.318 58.299 55.286 56.277 56.252 53.209 54.162 56.116 56.071 62.025 63.978 21.918 0.000 0.000 0.000 0.000 0.000 0.000 0.000 0.000 0.000 0.000 0.000 2.787 10.714 65.547 82.438 83.346 83.297 82.528 89.560 81.367 83.040 82.728 82.663 82.581 82.509 80.441 62.367 33.243 0.000 0.000 0.000 0.000 0.000 0.000 0.000 0.000 0.000 10.221 14.181 17.131 18.077 17.020 13.959 9.897 3.840 0.000 0.000 0.000 0.000 0.000 12.409 10.376 13.339 34.303 47.270 46.240 47.214 50.192 46.175 43.167 24.174
60.409 59.388 61.369 63.353 62.337 61.313 59.280 57.241 57.199 58.154 54.108 54.071 0.000 0.000 0.000 0.000 0.000 0.000 0.000 0.000 0.000 0.000 0.000 0.000 51.860 74.808 73.714 82.625 83.516 83.647 81.755 89.728 83.459 83.064 82.940 82.855 82.778 82.710 78.652 58.611 0.000 0.000 0.000 0.000 0.000 0.000 0.000 0.000 0.000 17.601 12.456 9.371 11.305 16.247 18.194 18.146 19.105 10.079 0.000 0.000 0.000 0.000 0.000 13.354 11.338 27.315 48.290 46.264 46.241 46.220 47.202 46.189 46.182 37.182
46.474 47.455 54.438 63.422 69.405 57.384 51.357 46.324 44.286 43.239 49.183 28.127 0.000 0.000 0.000 0.000 0.000 0.000 0.000 0.000 0.000 0.000 0.000 0.000 57.984 73.945 81.879 83.800 83.774 82.910 90.022 89.882 85.477 83.282 83.121 83.044 82.966 82.899 77.846 52.814 0.000 0.000 0.000 0.000 0.000 0.000 0.000 0.000 17.869 12.746 12.631 12.543 11.472 8.413 13.364 17.326 18.300 15.291 0.000 0.000 0.000 0.000 16.302 10.314 14.308 42.294 46.276 46.257 46.239 46.222 46.208 46.198 46.191 21.189
45.536 49.519 54.505 56.491 59.477 49.461 45.440 46.413 46.380 48.335 26.259 0.000 0.000 0.000 0.000 0.000 0.000 0.000 0.000 0.000 0.000 0.000 0.000 0.000 44.147 73.111 83.054 83.963 84.101 82.219 90.151 83.025 84.698 83.378 83.312 83.224 83.146 83.075 74.019 46.984 0.000 0.000 0.000 0.000 0.000 0.000 0.000 17.110 12.993 12.882 12.781 12.697 12.627 12.569 9.524 8.493 11.479 18.494 18.575 0.000 0.000 0.000 10.291 11.292 29.287 46.277 45.264 45.249 46.235 46.222 46.211 46.202 45.197 11.194
45.596 47.582 48.571 46.562 45.553 46.542 45.528 45.510 45.485 50.461 0.000 0.000 0.000 0.000 0.000 0.000 0.000 0.000 0.000 0.000 0.000 0.000 0.000 0.000 52.347 81.299 84.235 84.218 83.358 90.383 90.271 86.022 83.723 83.577 83.488 83.400 83.316 84.238 64.169 52.121 0.000 0.000 16.813 0.000 16.531 18.476 18.376 13.228 13.111 13.007 12.916 12.836 12.769 12.714 12.671 11.642 8.628 17.633 18.656 11.655 0.000 0.000 18.278 10.276 18.271 24.263 27.253 31.242 37.231 43.220 45.211 45.204 43.200 8.197
46.652 46.643 46.637 46.633 45.630 45.627 45.622 45.612 44.592 52.562 3.562 0.000 0.000 0.000 0.000 0.000 0.000 0.000 0.000 0.000 0.000 0.000 0.000 36.743 72.593 83.505 84.404 84.555 82.658 90.481 83.475 85.149 83.833 83.757 83.662 83.570 83.481 84.392 56.299 34.210 0.000 0.000 12.813 0.000 11.587 13.521 13.425 13.316 13.214 13.122 13.038 12.964 12.900 12.847 12.805 10.776 12.759 18.755 15.759 0.000 0.000 0.000 17.268 16.264 15.259 14.252 13.244 12.235 16.226 27.217 23.210 25.204 29.200 10.198
44.706 44.701 44.700 44.702 44.707 44.715 45.722 47.724 49.708 24.635 0.000 0.000 0.000 0.000 0.000 0.000 0.000 0.000 0.000 3.761 0.000 0.000 7.005 47.893 78.783 84.684 84.682 83.721 90.651 90.571 86.465 84.171 84.022 83.928 83.833 83.739 83.646 79.550 26.424 0.000 0.000 0.000 12.814 18.815 13.710 13.594 13.488 13.396 13.310 13.228 13.151 13.081 13.020 12.968 12.927 9.897 18.878 18.869 14.868 0.000 0.000 0.000 16.261 15.254 16.249 16.242 16.235 16.228 16.220 15.213 15.207 14.203 13.200 13.198
45.756 48.756 52.760 55.769 59.783 61.802 64.827 63.855 55.882 0.000 5.463 29.496 0.000 0.000 0.000 0.000 0.000 0.000 34.764 61.761 1.761 0.000 41.117 74.043 83.951 84.865 84.809 84.045 90.718 82.903 84.590 84.273 84.198 84.100 84.004 83.908 84.813 71.737 0.000 0.000 0.000 0.000 0.000 12.921 13.843 15.659 15.539 13.469 13.401 13.329 13.258 13.191 13.131 13.079 10.038 15.007 17.986 18.976 9.975 0.000 0.000 0.000 0.249 21.244 21.239 18.234 15.227 15.221 16.214 17.208 17.204 16.200 16.197 17.196
46.802 53.806 62.816 63.832 62.854 61.885 60.928 57.988 52.083 27.279 44.431 62.529 31.624 15.682 0.000 0.000 0.000 5.772 44.767 58.759 0.000 16.433 58.304 83.208 86.124 84.988 85.219 83.207 90.772 84.889 84.605 84.457 84.365 84.271 84.176 84.075 85.962 29.849 0.000 0.000 0.000 0.000 0.000 9.106 15.083 0.000 0.000 12.542 13.496 13.430 13.360 13.293 13.233 12.181 10.139 19.107 19.085 16.075 10.081 16.120 0.000 0.000 0.000 32.238 47.232 40.226 36.220 32.214 28.208 31.203 31.199 14.196 15.194 16.194
47.843 50.852 53.866 52.888 50.917 48.957 47.011 45.084 45.186 54.322 56.453 53.564 50.662 54.740 2.806 0.000 0.000 45.778 75.772 26.749 22.684 56.562 80.458 85.371 85.262 85.409 83.385 90.843 83.295 85.012 84.699 84.627 84.533 84.443 84.353 87.256 44.109 0.000 0.000 0.000 0.000 0.000 0.000 11.315 16.299 0.000 0.000 9.662 13.610 13.536 13.460 13.389 13.327 10.274 18.230 19.196 18.172 9.158 13.154 13.160 0.000 0.000 0.000 0.228 30.225 48.218 47.212 47.206 47.201 47.197 41.194 31.191 17.190 0.000
47.880 47.892 46.910 46.935 47.970 48.016 48.076 46.154 47.253 52.371 55.495 51.612 46.721 49.811 4.872 0.000 0.000 37.790 47.794 25.782 58.742 73.673 82.598 85.524 85.493 84.621 91.234 90.984 84.289 85.020 84.878 84.789 84.700 84.615 84.539 87.487 0.000 0.000 2.858 11.858 0.000 0.000 12.646 15.540 14.500 21.528 0.000 9.835 13.746 13.646 13.554 13.477 11.411 13.357 19.312 19.277 11.250 12.230 13.217 13.206 0.000 0.000 0.000 0.000 0.000 30.211 46.204 46.199 46.194 46.191 47.188 47.185 22.184 0.000
47.912 47.926 47.947 47.975 48.012 48.060 47.123 46.202 50.301 54.416 54.542 49.671 45.797 50.913 3.998 0.000 0.000 33.799 2.832 49.843 73.828 79.789 85.744 85.639 85.889 83.910 91.455 83.714 85.426 85.113 85.043 84.951 84.864 84.779 91.700 75.666 0.000 0.000 48.858 34.858 0.000 0.000 7.752 15.698 14.635 14.556 20.386 18.096 16.894 13.746 13.635 13.552 10.486 18.431 19.386 15.349 10.320 13.298 13.276 15.242 19.243 0.000 0.000 0.000 0.000 0.000 43.194 46.191 46.187 46.184 47.181 45.179 19.178 0.000
47.939 47.955 47.976 48.005 48.043 47.091 46.153 48.232 52.331 55.451 51.586 46.732 45.885 49.044 31.211 18.452 19.622 15.774 16.891 56.931 77.936 83.921 85.866 86.054 84.090 91.837 91.655 84.725 85.438 85.291 85.201 85.111 85.025 89.936 32.816 47.811 17.848 48.857 56.859 0.000 0.000 0.000 6.913 15.865 14.787 14.676 24.506 35.268 8.990 18.808 14.689 11.612 13.549 19.495 18.450 9.414 12.385 13.364 13.350 0.277 1.245 0.000 0.000 0.000 0.000 0.000 24.188 45.183 46.179 46.176 50.174 46.172 35.170 0.000
47.962 47.977 47.998 48.026 48.063 46.109 46.167 50.242 57.341 58.472 54.620 49.785 47.968 48.169 50.349 50.522 59.640 0.824 35.028 73.055 80.067 86.063 86.088 85.272 92.159 92.003 85.088 85.867 85.528 85.453 85.356 85.268 85.188 93.127 0.000 30.914 32.875 22.865 24.862 0.000 0.000 0.000 10.123 16.061 14.971 20.854 36.695 13.482 0.000 0.000 12.702 10.657 18.603 19.552 15.507 12.471 13.443 13.423 15.412 0.000 0.000 0.000 0.000 0.000 0.000 0.000 0.000 36.173 46.171 46.169 51.167 46.164 46.161 35.153
47.979 47.994 48.014 48.040 47.073 46.114 48.165 55.229 32.319 8.476 7.638 4.819 35.034 52.314 47.496 50.647 31.756 0.000 40.170 78.194 84.219 86.178 86.484 84.561 92.302 85.429 86.203 85.770 85.709 85.603 85.507 85.416 86.331 84.257 6.198 6.056 0.000 0.000 0.000 0.000 0.000 9.559 17.395 15.286 14.184 34.073 37.940 0.000 0.000 0.000 8.760 14.712 19.654 19.601 9.556 13.519 13.492 13.474 16.464 0.000 0.000 0.000 0.000 0.000 0.000 0.000 0.000 24.164 46.164 46.162 52.161 46.159 46.155 40.151
47.992 48.006 48.024 47.048 46.076 48.110 51.149 59.191 18.229 0.000 0.000 0.000 0.000 34.558 49.672 50.816 36.979 39.197 65.286 82.343 86.353 86.601 84.692 92.552 92.433 86.413 86.106 85.956 85.851 85.751 85.654 85.558 88.463 73.373 2.290 0.000 0.000 0.000 0.000 0.000 0.000 9.724 16.612 15.504 13.407 41.313 2.149 0.000 0.000 14.990 19.866 19.775 19.702 17.643 12.596 13.560 13.533 13.516 15.508 0.000 19.555 0.000 0.000 0.000 0.000 0.000 0.000 17.157 46.157 46.156 46.155 46.154 46.152 44.150
48.001 48.013 48.030 47.050 46.074 50.101 54.130 58.158 16.177 0.000 0.000 0.000 0.000 14.688 57.819 52.966 59.149 72.325 81.439 85.506 86.602 85.829 92.762 92.661 85.757 86.530 86.186 86.101 85.995 85.895 85.798 89.700 52.592 24.482 0.000 0.000 0.000 0.000 0.000 0.000 12.229 17.001 15.826 17.711 14.628 38.573 0.000 0.000 10.323 17.113 32.940 21.822 18.737 14.674 12.626 12.590 13.564 13.548 13.543 18.554 14.556 5.555 0.000 0.000 0.000 13.147 15.148 14.151 46.151 46.151 46.150 46.149 46.149 44.148
48.006 48.017 48.031 46.049 48.069 54.091 55.114 53.133 40.144 1.134 0.000 0.000 0.000 0.000 10.950 7.080 47.325 78.517 82.636 86.682 86.937 85.135 92.853 85.076 86.854 86.417 86.350 88.236 87.134 86.037 85.945 91.851 14.721 0.000 0.000 0.000 0.000 0.000 0.000 32.667 32.457 20.226 16.979 27.886 22.821 23.777 0.000 0.000 8.532 13.202 23.959 19.834 23.751 17.690 20.645 19.611 16.586 13.571 12.563 12.562 18.559 0.000 0.000 0.000 0.000 10.146 10.146 20.146 46.146 46.146 46.146 46.145 46.145 20.147
