results1/res_4e8f-0200.wd
ncols         241
nrows         181
xllcorner     12693529.787448
yllcorner     3542525.717860
cellsize      155.156523
NODATA_value  -9999.000000
[rows 33 to 65 of 181, columns 73 to 145 of 241]
0.000 0.000 0.000 0.000 0.000 0.000 0.000 0.000 0.000 0.000 0.000 0.000 0.000 0.000 0.000 0.000 0.000 0.000 0.000 0.000 0.000 0.000 0.000 0.000 0.000 0.000 0.000 0.000 0.000 0.000 0.000 0.000 0.000 0.000 0.000 0.000 0.000 0.000 0.000 39.831 62.832 67.834 23.836 0.000 0.000 32.913 46.941 13.920 4.920 36.941 39.957 33.955 34.936 35.899 35.845 35.773 35.679 34.562 40.408 60.170 6.685 14.797 12.074 47.231 63.688 68.216 66.776 67.377 65.912 67.997 63.051 62.660 62.649
0.000 0.000 0.000 0.000 0.000 0.000 0.000 0.000 0.000 0.000 0.000 0.000 0.000 0.000 0.000 0.000 0.000 0.000 0.000 0.000 0.000 0.000 0.000 0.000 0.000 0.000 0.000 0.000 0.000 0.000 0.000 0.000 0.000 0.000 0.000 0.000 0.000 0.000 0.000 0.000 14.833 9.834 0.000 0.000 0.000 0.000 29.033 0.000 0.000 26.982 51.023 50.027 40.010 35.974 35.917 35.837 35.736 34.616 56.481 54.326 0.000 37.631 50.195 63.621 68.100 67.622 67.192 66.699 67.758 63.775 63.075 63.328 65.628
0.000 0.000 0.000 0.000 0.000 0.000 0.000 0.000 0.000 0.000 0.000 0.000 0.000 0.000 0.000 0.000 0.000 0.000 35.264 67.264 20.264 0.000 0.000 0.000 0.000 0.000 0.000 0.000 0.000 0.000 0.000 0.000 0.000 0.000 0.000 0.000 0.000 0.000 0.000 0.000 0.000 0.000 0.000 0.000 0.000 0.000 21.124 0.000 0.000 0.000 29.127 47.121 47.104 38.069 36.010 35.924 33.813 49.686 58.573 0.000 23.291 47.900 62.455 68.958 68.465 68.010 67.489 69.521 65.507 63.616 64.015 66.339 65.583
0.000 0.000 0.000 0.000 0.000 0.000 0.000 0.000 0.000 0.000 0.000 22.266 60.266 0.266 0.000 0.000 0.000 0.000 42.264 93.264 49.264 0.000 0.000 0.000 0.000 0.000 0.000 0.000 0.000 0.000 0.000 0.000 0.000 0.000 0.000 0.000 0.000 0.000 0.000 0.000 0.000 0.000 0.000 0.000 0.000 0.000 24.216 25.257 32.275 18.273 28.236 36.227 49.216 40.187 36.129 33.035 43.905 53.741 42.553 18.213 47.681 65.225 69.766 69.287 68.823 68.283 68.287 67.249 64.270 64.717 67.055 66.307 66.072
0.000 0.000 0.000 0.000 0.000 0.000 0.000 0.000 0.000 0.000 0.000 43.266 78.266 67.266 54.266 9.266 3.266 27.265 81.265 89.264 54.264 0.000 0.000 0.000 0.000 23.303 2.303 0.000 0.000 0.000 0.000 0.000 0.000 0.000 0.000 0.000 0.000 7.304 0.000 0.000 0.000 11.302 29.302 0.000 0.000 40.279 55.266 58.280 56.295 42.308 36.317 35.335 49.346 40.335 32.285 46.184 60.030 47.819 35.687 50.403 54.995 67.555 70.092 69.631 69.079 69.058 67.003 65.033 65.438 67.784 67.043 66.813 66.479
0.000 0.000 0.000 0.000 0.000 0.000 0.000 0.000 0.000 0.000 0.000 14.266 76.266 59.266 40.266 2.266 23.266 73.265 84.265 91.264 50.263 0.000 0.000 0.000 0.303 61.303 45.303 0.000 0.000 0.000 0.000 0.000 0.000 0.000 0.000 0.304 24.304 36.304 38.304 0.000 0.000 20.302 45.302 24.301 38.298 61.292 64.291 65.300 62.318 49.346 36.389 33.450 50.499 41.520 45.493 63.385 57.211 0.000 33.973 52.718 65.341 70.904 70.447 69.888 69.843 67.776 65.922 66.180 68.528 67.798 67.574 67.241 66.908
0.000 0.000 0.000 0.000 0.000 0.000 0.000 0.000 0.000 0.000 0.000 0.000 0.000 27.266 65.266 61.266 49.266 62.265 82.265 93.264 46.263 0.000 0.000 0.000 0.000 23.303 47.303 49.303 0.000 0.000 0.000 0.000 0.000 0.000 0.000 0.000 40.304 41.304 53.304 36.304 25.303 39.303 40.303 36.302 43.301 50.300 48.303 41.313 60.332 26.368 42.444 45.576 35.679 47.755 60.781 57.652 0.271 8.928 45.514 62.153 70.749 71.287 70.734 70.660 67.588 66.978 66.952 69.291 68.573 68.359 68.034 67.702 67.343
0.000 0.000 0.000 0.000 0.000 0.000 0.000 0.000 0.000 0.000 0.000 0.000 0.000 17.266 84.267 79.267 69.267 59.266 83.265 91.263 86.261 71.257 26.254 0.000 0.000 0.000 3.303 57.303 41.303 39.303 50.303 45.303 8.303 0.000 0.000 4.304 40.304 39.304 60.304 66.304 55.304 47.304 39.304 36.304 37.304 38.305 37.309 35.317 43.330 4.349 0.000 4.731 40.886 64.041 62.222 1.532 7.626 45.337 59.001 68.643 72.182 71.743 72.519 68.472 68.276 67.772 70.081 69.367 69.160 68.849 68.533 68.182 67.792
0.000 0.000 0.000 0.000 0.000 0.000 0.000 0.000 0.000 0.000 0.000 0.000 0.000 0.000 17.267 56.267 31.268 67.267 86.266 91.264 89.260 87.256 76.252 35.249 0.248 0.000 0.000 13.303 52.303 52.303 65.303 63.303 56.303 51.303 0.000 0.000 7.304 44.304 63.304 70.304 62.304 46.304 35.304 36.305 36.306 36.308 36.311 36.316 40.320 0.000 0.000 0.000 11.093 48.301 17.767 15.043 49.983 54.788 66.530 73.136 72.989 71.230 69.560 69.944 68.674 70.916 70.191 69.978 69.673 69.376 69.059 68.704 68.274
0.000 0.000 0.000 0.000 0.000 0.000 0.000 0.000 0.000 0.000 0.000 0.000 0.000 0.000 0.000 2.268 88.269 88.269 90.268 90.265 89.260 83.254 77.249 48.245 0.000 0.000 0.000 0.000 0.000 20.303 65.303 59.303 74.303 71.303 50.303 29.303 30.304 39.304 61.304 70.304 61.304 44.305 34.305 39.306 38.307 36.309 36.312 36.314 37.316 29.315 0.000 0.000 0.000 0.000 9.503 52.542 55.471 63.328 74.052 74.164 72.525 74.418 72.179 69.718 71.828 71.064 70.820 70.502 70.209 69.918 69.625 69.301 67.865
0.000 0.000 0.000 0.000 0.000 0.000 23.240 46.237 0.000 24.179 64.168 53.155 57.145 32.138 0.000 0.000 24.272 96.272 90.272 87.269 84.261 87.252 78.244 41.239 0.000 0.000 0.000 0.000 0.000 0.000 0.000 9.303 63.303 64.303 15.303 0.000 6.304 43.304 61.304 66.304 56.304 47.305 45.305 7.306 14.308 42.310 36.312 36.313 37.315 43.315 51.315 13.315 0.000 0.000 25.199 58.152 62.045 72.855 75.070 74.702 77.980 76.560 71.061 72.867 72.013 71.705 71.348 71.032 70.737 70.465 70.220 70.011 75.864
0.000 0.000 0.000 0.000 0.000 0.000 23.243 66.234 8.214 58.189 60.170 72.154 55.140 40.132 0.000 0.000 12.274 81.276 93.281 90.276 90.264 91.249 85.235 39.227 0.000 0.000 0.000 0.000 0.000 0.000 0.000 0.000 0.000 48.303 7.303 0.000 2.304 49.304 46.304 58.304 15.304 0.000 0.000 0.000 0.000 8.311 46.312 40.313 3.314 33.314 67.315 50.315 3.315 0.000 29.952 63.791 72.693 75.814 75.569 79.740 78.994 72.417 73.984 73.034 72.639 72.223 71.864 71.536 71.242 70.984 70.778 70.660 75.715
21.507 65.501 55.496 0.000 0.000 0.000 17.254 77.242 53.220 55.194 61.170 85.149 86.131 81.117 35.102 0.000 0.000 0.000 41.300 95.289 90.269 91.246 88.222 47.206 0.000 0.000 0.000 0.000 0.000 0.000 0.000 0.000 0.000 6.303 0.000 0.000 0.000 0.000 0.000 0.000 0.000 0.000 0.000 0.000 0.000 0.000 0.000 21.313 18.314 0.000 0.000 0.000 0.000 19.364 56.780 73.733 75.410 76.342 80.690 80.294 73.446 75.007 74.045 73.591 73.120 72.712 72.343 72.009 71.710 71.451 71.248 71.135 74.187
21.508 77.500 59.491 55.480 0.000 0.000 4.279 69.260 71.229 71.196 83.166 80.141 92.119 91.101 52.088 0.000 0.000 0.000 17.330 97.311 90.279 91.241 88.202 48.169 0.000 0.000 8.733 56.696 68.654 37.627 0.000 0.000 0.000 0.000 0.000 0.000 0.000 0.000 0.000 0.000 0.000 0.000 0.000 0.000 0.000 0.000 0.000 0.000 6.314 0.000 0.000 0.000 17.328 57.836 74.796 75.379 81.608 81.098 74.717 75.280 75.783 74.967 74.502 74.007 73.565 73.159 72.787 72.447 72.138 71.863 71.629 78.446 19.316
85.511 82.501 61.487 62.469 54.440 1.395 59.321 54.290 62.239 75.197 79.157 90.129 91.104 90.080 59.062 0.000 0.000 0.000 16.380 96.345 90.295 91.238 86.175 66.100 49.982 50.875 50.771 58.699 79.641 46.599 0.000 0.000 0.000 0.000 0.000 0.000 0.000 0.000 0.000 0.000 0.000 0.000 0.000 0.000 0.000 0.000 0.000 0.000 0.000 0.000 15.418 46.196 55.704 74.690 76.280 82.945 82.353 75.266 76.987 76.323 75.784 75.330 74.848 74.396 73.969 73.571 73.200 72.853 72.532 72.233 78.959 24.702 0.000
82.517 77.504 75.489 58.468 62.438 62.403 53.363 46.341 0.000 0.000 21.136 80.114 91.086 89.055 74.016 40.963 0.000 3.555 65.466 86.392 91.318 90.242 91.161 81.073 56.972 53.871 52.775 61.690 79.611 62.529 48.416 49.327 53.261 64.221 28.205 0.000 0.000 0.000 0.000 0.000 0.000 0.000 0.000 0.000 0.000 0.000 0.000 0.000 0.000 0.000 26.618 66.459 74.405 77.054 83.824 83.428 75.988 77.659 76.883 76.513 76.075 75.625 75.184 74.756 74.346 73.957 73.587 73.236 72.901 78.581 25.270 0.000 0.000
71.524 23.511 91.496 62.475 56.442 57.413 59.387 59.369 48.368 0.000 0.000 1.099 25.071 96.037 85.985 63.909 55.786 62.643 61.536 63.440 71.345 72.249 59.153 56.059 53.961 53.864 52.768 61.675 76.584 55.490 52.391 57.304 73.236 76.197 61.189 35.189 0.000 0.000 0.000 0.000 0.000 0.000 0.000 0.000 0.000 0.000 0.000 0.000 0.000 17.457 59.303 74.914 77.755 84.390 84.145 76.684 78.329 77.547 77.192 76.766 76.345 75.923 75.505 75.097 74.703 74.322 73.956 73.602 79.257 24.919 0.000 0.000 0.000
17.532 90.520 91.508 77.495 0.000 4.420 64.402 60.382 71.366 62.349 0.000 1.112 4.077 84.036 80.979 65.903 56.805 53.697 53.594 56.489 69.371 77.256 80.146 73.047 62.951 55.855 54.758 70.660 73.560 48.457 52.355 52.260 53.183 57.141 36.165 0.000 0.000 0.000 6.714 0.000 0.000 0.000 0.000 0.000 0.000 0.000 0.000 20.680 52.349 60.206 73.720 85.051 84.667 77.735 78.332 78.900 78.213 77.851 77.432 77.026 76.619 76.215 75.816 75.426 75.045 74.674 75.312 81.958 25.608 0.000 0.000 0.000 0.000
95.541 91.531 91.519 91.504 78.482 61.446 61.418 61.391 52.365 1.324 18.227 25.169 77.108 74.053 76.991 69.919 70.835 70.746 70.654 73.551 68.393 68.258 70.127 74.032 74.941 72.847 68.749 79.645 77.537 65.425 66.311 66.199 68.096 43.018 0.000 0.000 0.000 0.000 7.714 0.000 0.000 0.000 0.000 0.000 0.000 7.561 55.337 55.900 76.913 77.469 86.112 85.635 80.222 79.940 79.330 78.864 78.488 78.079 77.681 77.284 76.891 76.502 76.119 75.744 75.377 76.016 79.661 12.309 0.000 0.000 0.000 0.000 0.000
94.550 90.542 90.533 91.518 88.496 66.465 60.432 61.398 62.362 54.314 3.252 69.193 66.134 67.075 68.013 62.945 66.872 71.797 79.725 64.667 0.000 0.201 15.071 73.014 68.933 68.845 68.745 68.635 68.518 68.395 68.265 68.129 65.983 60.818 33.598 0.000 9.232 53.012 59.714 71.410 41.175 0.000 0.000 0.000 1.457 56.761 67.544 79.467 80.102 86.846 86.512 80.870 80.549 79.815 79.487 79.100 78.705 78.314 77.925 77.539 77.158 76.782 76.415 76.055 76.702 79.353 27.007 0.000 0.000 0.000 0.000 0.000 0.000
80.556 80.555 80.553 91.541 91.518 81.486 57.448 60.409 61.369 61.324 67.272 76.217 60.159 57.101 55.041 61.977 76.911 75.845 60.783 40.725 0.000 0.000 0.000 1.025 57.934 52.853 52.750 52.634 52.506 53.370 56.225 57.068 56.890 55.672 56.378 54.928 54.452 63.089 69.721 67.342 73.939 71.401 65.892 63.380 65.752 77.396 80.917 80.711 87.340 87.123 81.508 81.163 80.415 80.090 79.697 79.312 78.927 78.545 78.166 77.790 77.419 77.055 76.702 77.359 78.022 16.688 0.000 0.000 0.000 0.000 0.000 0.000 0.000
0.000 46.569 58.583 86.574 90.550 71.512 54.465 53.421 61.381 61.341 60.296 54.243 55.185 61.130 78.072 77.011 59.948 52.890 42.836 0.000 62.402 71.340 67.245 68.123 70.994 73.884 72.769 73.643 76.503 75.354 72.198 74.029 68.835 54.604 58.315 56.954 61.561 79.170 85.739 82.297 75.838 70.369 71.915 78.381 83.235 81.674 87.943 87.594 81.492 83.102 81.689 81.029 80.690 80.293 79.910 79.527 79.147 78.773 78.403 78.037 77.673 78.316 75.980 71.657 23.340 0.000 0.000 0.000 0.000 0.000 0.000 0.000 0.220
0.000 0.000 51.637 70.623 81.595 56.548 48.480 55.427 53.393 60.363 61.327 61.276 54.207 71.161 63.107 52.046 54.982 46.930 0.000 71.552 74.463 74.374 76.272 77.157 80.036 83.919 82.799 82.666 82.508 84.345 85.185 83.013 70.818 56.592 58.324 58.012 57.666 60.291 33.767 6.270 95.745 137.345 114.879 80.813 82.333 88.905 88.468 81.939 84.668 82.084 81.642 81.285 80.891 80.506 80.120 79.737 79.361 78.995 78.638 78.282 79.921 74.555 63.244 17.951 0.000 0.000 0.000 0.000 0.000 0.000 0.000 0.452 47.300
3.875 0.000 6.705 27.684 62.660 44.604 0.000 50.414 55.402 55.390 61.375 50.325 0.000 55.200 53.150 55.083 56.005 65.917 79.793 76.642 78.525 84.419 94.312 138.197 135.073 134.956 134.842 134.714 135.519 119.334 51.183 54.020 51.834 59.621 58.378 55.103 52.801 34.562 0.000 0.000 4.546 62.254 79.265 83.860 89.596 89.277 81.536 83.238 82.538 82.235 81.867 81.486 81.103 80.716 80.328 79.941 79.566 79.210 79.870 78.534 70.172 58.740 16.492 0.000 0.000 0.000 0.000 0.000 0.000 0.000 3.600 38.537 59.416
77.876 25.851 14.793 77.750 55.757 0.000 0.000 0.000 49.410 62.419 54.457 0.000 7.373 63.288 54.211 65.130 78.040 77.939 82.822 85.695 78.577 64.467 55.359 51.248 49.103 51.990 52.899 39.829 0.000 56.290 53.193 52.050 55.877 59.679 56.464 48.222 54.873 35.595 0.000 1.833 57.557 74.565 84.286 90.088 89.867 82.118 83.806 83.103 82.811 82.443 82.076 81.699 81.317 80.929 80.533 80.133 79.753 80.407 76.097 64.813 21.492 0.000 0.000 0.000 0.000 0.000 0.000 0.000 0.000 0.000 6.663 56.602 55.513
87.895 95.885 83.867 0.838 12.860 6.970 2.005 1.010 0.000 0.000 58.577 56.555 64.459 61.367 61.278 61.185 78.085 91.977 80.860 60.739 58.622 53.511 55.410 46.331 0.000 58.001 54.935 43.873 0.000 57.343 52.249 53.112 59.944 57.753 55.578 37.449 0.000 2.067 54.262 52.015 68.800 84.708 90.366 83.051 83.618 84.279 83.676 83.383 83.021 82.663 82.294 81.918 81.535 81.148 80.745 81.304 80.906 70.568 55.300 18.127 0.000 0.000 0.000 0.000 0.000 0.000 0.000 5.056 32.009 30.921 45.787 57.695 45.608
77.923 81.928 71.930 0.000 0.000 72.044 65.039 59.014 2.954 10.859 76.718 73.631 60.539 61.445 61.348 62.247 83.138 135.023 127.903 74.780 129.660 50.546 54.438 54.334 56.217 54.077 53.969 53.856 55.696 51.491 51.346 60.204 59.034 55.811 50.645 39.547 0.000 0.822 56.300 63.116 85.110 83.989 90.722 84.097 84.684 84.234 83.944 83.599 83.251 82.890 82.521 82.142 81.759 81.385 82.993 78.432 59.999 46.658 48.409 14.268 0.000 0.000 0.000 0.000 0.000 0.000 0.000 5.103 41.049 45.968 59.870 53.781 43.698
73.954 68.975 12.996 0.000 3.166 55.124 64.093 61.051 78.988 72.905 77.804 85.713 76.620 61.524 61.423 61.315 60.199 54.075 48.947 53.818 50.693 54.574 54.462 54.352 54.239 54.121 54.007 53.886 52.741 57.577 59.442 60.323 44.179 0.000 43.645 0.000 0.000 0.815 60.458 82.367 86.365 91.701 91.244 84.188 84.841 84.483 84.170 83.837 83.489 83.128 82.757 82.371 81.973 80.639 42.410 0.000 0.000 0.000 0.000 0.000 0.000 0.000 0.000 37.521 32.482 31.417 30.327 34.203 43.116 59.032 52.945 43.861 53.782
65.981 57.022 62.082 7.182 60.207 56.192 55.158 73.109 66.044 81.967 90.882 70.795 56.705 54.609 57.505 60.392 61.267 61.132 53.991 52.852 53.720 53.597 54.482 54.374 54.267 59.160 56.053 52.939 53.806 56.635 60.522 49.469 0.000 0.000 0.000 0.000 16.106 135.982 79.716 86.739 84.710 92.105 84.005 86.525 88.009 84.736 84.420 84.089 83.740 83.375 84.007 80.613 68.125 58.787 16.599 0.000 0.000 0.000 0.000 0.000 0.000 0.000 39.604 39.560 39.508 40.442 40.361 41.267 55.181 55.098 39.016 41.937 43.861
40.998 42.050 36.129 60.256 56.290 55.279 66.239 70.181 81.113 88.038 53.961 52.881 53.796 55.702 54.598 51.479 59.345 60.195 61.035 59.879 53.738 52.611 51.498 52.393 58.294 117.200 85.107 65.010 47.908 0.000 62.541 70.561 0.000 0.000 0.000 0.000 60.231 71.124 88.008 86.043 92.810 92.471 85.094 85.624 86.291 84.998 84.688 84.359 84.007 84.624 83.284 35.948 0.000 0.000 0.000 0.000 0.000 0.000 0.000 0.000 0.000 0.000 46.647 42.606 39.550 40.483 38.406 50.324 57.243 41.163 42.085 50.009 47.936
0.000 0.000 0.000 53.421 56.419 58.393 79.340 90.265 104.186 86.113 15.043 71.972 71.895 55.807 55.704 54.582 52.438 55.268 61.074 58.891 59.740 61.614 59.503 57.406 53.318 48.238 53.165 48.087 0.000 0.000 0.000 56.673 48.701 0.000 0.000 2.635 70.464 87.310 87.383 85.398 93.120 84.814 87.317 88.824 85.568 85.277 84.974 84.650 84.308 81.829 36.557 0.000 0.000 0.000 0.000 0.000 0.000 0.000 0.000 0.000 0.000 45.812 15.733 3.667 47.602 37.532 48.458 60.381 48.303 43.227 48.151 52.078 45.007
0.000 0.000 0.000 51.589 57.573 73.533 84.461 132.352 126.256 128.183 134.125 130.069 131.005 55.926 55.829 54.707 54.555 53.366 48.103 57.870 59.718 60.600 58.497 60.409 60.333 61.269 54.226 0.000 0.000 0.000 0.000 57.756 42.728 0.000 0.113 61.781 83.671 87.626 86.615 93.684 93.409 85.872 86.420 87.110 85.848 85.573 85.279 85.962 60.743 0.000 0.000 0.000 0.000 0.000 0.000 0.000 0.000 0.000 58.130 47.080 37.001 40.891 40.804 41.729 41.658 44.586 57.512 54.438 49.363 50.289 48.216 46.144 42.075
17.834 0.000 0.000 52.772 69.751 77.706 83.621 54.425 53.301 52.240 49.205 50.174 50.129 56.065 55.979 71.863 71.710 47.538 0.000 44.767 57.664 59.569 57.477 59.400 59.335 60.281 56.245 0.184 1.081 2.035 55.980 40.868 0.000 0.000 63.181 72.028 88.905 87.818 87.001 93.939 85.545 88.074 90.611 86.388 86.140 85.889 84.606 72.176 30.959 0.000 0.000 0.000 0.000 0.000 44.381 39.360 39.319 39.260 43.179 55.110 58.033 43.946 38.864 40.787 42.714 57.641 56.568 42.495 51.422 52.350 51.278 44.209 40.141
