results1/res_4e8f-0151.wd
ncols         241
nrows         181
xllcorner     12693529.787448
yllcorner     3542525.717860
cellsize      155.156523
NODATA_value  -9999.000000
[rows 132 to 164 of 181, columns 0 to 72 of 241]
95.683 100.682 104.682 104.681 106.680 106.679 100.677 91.675 77.673 66.671 65.668 66.665 65.661 64.657 69.652 83.647 94.641 99.634 99.626 96.617 88.606 79.593 70.577 64.557 69.531 71.500 70.464 71.424 69.390 64.359 78.328 101.298 68.273 0.000 0.000 0.000 8.028 60.022 72.016 68.996 70.980 76.970 94.970 80.975 64.984 63.995 64.009 76.025 97.042 38.061 11.084 6.118 0.000 0.000 0.000 0.000 0.000 0.000 0.000 0.000 0.000 0.000 2.450 0.451 27.451 7.380 11.309 52.214 75.074 78.976 78.870 88.958 116.424
73.687 75.686 78.686 84.685 94.684 100.683 105.681 105.680 98.677 84.675 73.672 67.669 71.665 78.661 91.656 106.651 105.644 102.637 102.629 105.620 105.609 101.596 89.580 77.561 69.539 64.513 65.484 64.454 65.426 73.401 95.378 103.359 15.346 0.000 0.000 0.000 18.035 46.041 64.068 73.064 74.052 71.039 72.041 82.046 77.052 70.059 74.067 82.077 95.089 36.104 22.122 28.152 8.183 0.000 0.000 0.000 0.000 0.000 0.000 0.000 0.000 0.000 0.000 0.000 9.532 0.000 59.335 81.258 77.141 86.115 77.180 116.545 105.305
65.691 65.691 65.690 67.690 72.689 76.687 83.686 92.684 100.682 103.679 97.676 95.673 97.669 100.665 99.660 92.655 83.649 81.642 81.634 86.624 92.614 99.601 102.586 101.570 90.550 80.529 75.506 73.482 82.460 98.440 99.424 85.412 18.407 0.000 0.000 0.000 0.000 0.000 47.150 74.141 53.125 41.091 56.111 71.117 86.120 90.122 92.124 93.128 89.134 16.142 3.150 31.185 28.214 16.246 22.263 16.271 0.000 0.000 0.000 0.000 0.000 0.000 43.756 13.705 79.613 101.551 134.407 90.383 85.437 66.396 102.463 106.985 106.894
66.696 66.696 66.695 66.694 65.693 64.692 66.691 71.689 77.687 87.684 97.681 99.678 92.674 82.670 76.665 68.660 64.654 64.647 64.639 66.630 71.620 77.608 84.595 96.580 101.564 103.546 102.527 98.509 101.492 94.477 76.466 68.460 47.463 5.485 0.000 0.000 0.000 0.000 40.241 73.225 16.214 0.000 49.193 74.190 93.188 101.184 87.180 90.176 76.177 34.181 0.202 58.223 27.242 19.260 30.272 30.280 1.295 0.000 0.000 0.000 0.000 30.861 49.807 122.748 151.671 134.554 118.111 117.058 108.731 107.373 107.251 107.123 72.345
66.701 66.701 66.700 66.699 66.698 66.697 66.696 65.694 65.692 68.689 74.686 73.683 69.679 65.675 65.671 65.665 66.660 66.653 66.646 66.637 65.628 64.618 66.606 72.593 79.579 88.564 96.549 92.535 81.521 69.510 65.502 70.498 78.499 54.507 32.514 32.504 18.478 19.431 55.349 76.305 26.292 8.306 68.277 100.265 102.256 81.248 84.236 83.220 71.216 60.223 11.232 39.242 13.273 1.297 14.284 1.291 3.310 1.313 0.000 0.000 0.000 11.916 74.863 80.783 76.771 77.932 75.907 107.697 107.595 107.488 74.688 77.468 79.341
66.706 66.706 66.705 66.705 66.704 66.703 66.701 66.699 66.697 66.695 65.692 65.689 65.685 66.681 66.677 66.672 66.666 66.660 66.653 66.646 66.637 66.628 66.618 65.606 64.595 65.582 69.570 67.559 66.548 70.540 73.534 72.530 70.530 72.531 72.530 69.520 69.500 73.466 48.417 34.355 23.343 41.350 86.344 100.335 80.326 73.314 72.295 52.253 48.243 11.262 0.000 0.000 1.409 3.422 0.000 0.000 7.330 22.315 37.276 7.217 21.139 83.996 90.985 89.058 87.046 88.128 107.888 107.794 88.929 95.722 88.578 94.353 86.196
66.711 66.711 66.711 66.710 66.709 66.708 66.707 66.705 66.703 66.701 66.698 66.695 66.691 66.687 66.683 66.679 66.674 66.668 66.662 65.655 72.647 74.639 66.630 65.621 64.611 65.601 67.591 70.582 73.574 72.567 67.563 68.560 75.558 78.558 74.555 68.547 65.534 74.516 5.498 0.000 8.375 81.408 90.412 77.407 69.398 89.387 35.377 0.000 0.000 1.461 2.501 2.504 2.484 3.474 0.000 0.000 32.364 74.340 103.299 64.240 97.128 105.290 102.254 101.347 108.149 108.065 107.978 101.011 102.891 102.591 101.454 100.387 18.306
66.717 66.717 66.717 66.716 66.715 66.714 66.713 66.711 66.709 66.707 69.704 69.701 67.698 71.694 69.690 66.686 66.682 66.677 65.671 63.665 74.658 82.651 68.643 65.635 67.627 70.619 72.611 71.604 68.598 70.593 75.590 77.588 78.587 78.586 73.584 67.580 76.574 95.566 14.560 0.000 0.000 55.492 78.490 75.484 79.472 99.458 33.450 0.000 2.526 2.512 2.525 2.528 2.510 4.517 0.000 30.472 82.426 98.379 101.315 106.319 103.488 100.481 108.376 108.304 108.229 100.317 101.104 101.980 101.662 101.636 94.570 71.479 0.000
66.723 66.723 66.723 66.722 66.721 66.720 66.719 66.718 66.716 67.714 74.711 74.708 51.705 19.701 40.697 70.694 64.690 67.686 73.681 76.676 76.670 72.663 68.657 69.650 72.643 71.637 70.631 72.625 76.621 76.618 78.616 77.615 68.615 63.615 65.615 78.615 97.615 107.615 29.617 0.000 0.000 30.579 86.574 88.565 95.549 94.524 30.514 0.000 2.539 0.562 1.573 2.573 0.000 8.568 34.564 78.526 100.454 103.477 102.572 102.579 101.675 108.513 108.446 100.518 101.320 102.185 101.973 101.831 101.790 93.724 85.684 0.000 0.000
66.729 66.729 66.729 66.728 66.728 66.727 66.726 66.725 66.723 68.721 77.719 88.716 64.712 1.709 7.702 55.702 81.699 73.696 71.691 71.687 69.682 68.676 70.670 72.665 70.659 66.654 68.649 80.646 82.643 72.641 66.641 63.641 63.643 68.645 82.647 98.651 95.655 79.662 51.675 19.705 13.706 57.671 86.660 68.653 59.634 51.576 16.569 0.711 0.631 21.624 12.619 2.620 0.000 27.623 78.605 100.531 102.736 101.735 101.849 108.702 108.642 108.578 100.577 102.464 102.178 102.054 102.001 101.930 95.857 82.795 72.759 0.000 0.000
66.736 66.735 66.735 66.735 66.734 66.733 66.733 66.732 66.730 68.729 78.727 65.724 21.718 3.719 0.000 23.712 77.710 69.706 71.702 70.698 68.694 71.689 72.684 69.679 66.675 62.671 72.667 86.665 73.663 63.663 64.664 69.666 79.670 90.674 101.679 94.685 72.693 67.703 86.717 93.734 94.742 98.740 73.743 34.751 6.760 0.000 0.892 0.906 0.000 34.635 21.646 1.700 32.724 78.672 100.703 102.901 101.926 108.869 108.816 108.761 100.841 101.641 102.532 102.232 102.219 102.161 102.088 102.999 90.921 61.838 50.799 8.799 2.799
65.742 65.742 66.741 66.741 66.741 66.740 66.740 66.739 66.738 69.737 79.736 50.735 0.000 9.731 47.731 49.725 66.721 68.717 56.714 38.710 76.706 71.702 67.698 66.694 64.690 66.687 82.684 85.683 67.683 70.684 82.687 91.691 100.696 98.702 86.709 72.718 65.728 81.741 85.756 73.773 54.788 52.802 40.821 20.849 9.895 3.991 2.037 22.064 17.078 0.000 0.000 26.789 78.834 101.949 102.979 101.098 108.969 108.920 101.001 101.814 102.694 102.502 102.381 102.359 102.308 102.258 105.190 69.060 48.991 0.000 0.000 0.000 0.000
74.749 72.749 69.748 67.747 64.747 64.747 64.747 64.747 63.746 68.745 80.745 63.745 44.746 52.741 70.739 66.735 63.731 69.728 64.725 51.722 71.719 65.715 64.712 64.708 66.705 80.702 88.700 54.700 46.701 96.704 101.708 96.714 85.721 75.729 67.738 63.748 74.761 86.776 54.793 29.813 12.835 3.860 20.890 19.929 9.979 11.041 14.085 42.107 26.092 0.000 0.000 59.073 101.111 100.241 109.108 109.063 109.017 101.036 102.931 102.658 102.551 102.522 104.480 99.430 101.401 102.374 113.353 0.000 0.000 0.000 0.000 0.000 0.000
75.757 77.756 83.754 84.753 84.754 81.755 82.755 81.755 80.754 80.754 82.753 65.753 69.752 68.750 65.747 68.745 68.742 67.739 72.737 74.734 68.731 62.728 64.725 66.723 80.720 85.717 74.715 68.714 77.717 100.721 83.729 74.737 66.745 64.754 66.765 65.777 79.792 88.809 52.828 28.851 16.879 18.911 21.951 13.998 15.052 21.108 23.156 16.185 0.000 0.000 37.317 79.332 109.228 109.190 109.150 101.268 102.075 102.975 102.684 102.682 103.640 103.596 76.553 54.492 89.491 103.486 108.495 48.552 0.000 0.000 0.000 0.000 0.000
68.765 62.764 15.758 17.758 26.761 73.762 70.763 70.763 70.763 74.762 83.762 64.761 65.760 64.758 67.757 71.755 72.752 70.750 69.748 72.746 73.744 70.742 64.739 81.737 87.734 78.731 84.728 101.727 98.730 80.737 68.748 64.758 66.768 66.779 65.791 70.804 86.820 88.838 80.860 83.886 54.917 16.956 9.004 8.061 20.122 27.184 17.243 14.296 6.321 32.471 80.494 109.299 109.265 101.408 102.219 103.107 102.920 102.807 102.793 103.747 101.707 95.667 20.647 0.000 71.586 106.582 103.589 102.609 0.000 0.000 0.000 0.000 0.000
66.775 58.775 0.000 0.000 8.771 69.771 65.771 65.771 65.771 69.771 83.770 61.769 65.769 69.767 71.766 72.764 69.763 66.761 64.760 66.758 76.757 89.755 84.753 85.751 62.749 56.745 108.739 94.736 61.738 21.748 41.769 69.781 66.791 66.802 68.814 61.829 45.845 35.865 47.887 87.914 63.948 16.992 12.049 7.120 16.191 21.264 15.340 20.406 20.487 58.607 109.349 100.596 104.336 103.242 103.056 102.947 102.924 102.889 103.849 103.813 68.774 44.720 30.720 33.726 84.684 105.669 101.670 92.685 10.719 0.000 0.000 0.000 0.000
66.785 66.787 49.792 0.000 9.780 70.780 66.780 66.780 65.780 66.779 81.779 68.778 71.777 73.777 72.776 67.775 64.773 65.772 65.771 64.770 74.769 97.768 93.768 80.767 73.765 64.760 40.747 29.741 16.740 0.000 22.799 71.805 66.813 68.824 51.836 25.851 10.868 7.888 49.911 66.937 35.968 8.014 11.081 16.179 23.256 19.341 13.444 6.541 9.843 57.838 109.415 103.484 103.247 103.069 103.055 103.020 102.981 102.944 100.910 91.879 24.857 0.000 41.785 100.775 105.754 103.741 97.737 87.743 5.753 0.000 0.000 0.000 0.000
63.794 65.795 62.797 0.000 5.789 70.789 65.789 63.789 65.788 69.788 73.788 72.787 72.787 70.786 64.785 65.785 65.784 66.783 66.783 71.782 89.782 88.782 81.782 90.783 88.784 59.784 0.000 0.000 0.000 0.000 20.822 71.826 66.833 69.843 40.856 2.871 36.888 62.908 82.931 51.954 3.973 0.116 0.186 5.259 15.314 15.402 15.523 9.791 6.538 109.598 109.509 102.390 103.238 103.139 103.106 103.069 103.033 104.998 89.967 72.939 32.917 8.907 56.861 86.835 95.816 104.802 93.796 82.795 4.797 0.000 0.000 0.000 0.000
70.802 68.803 57.803 0.000 56.799 64.798 66.798 70.797 71.797 72.797 70.796 71.796 69.796 65.795 65.795 66.795 66.794 65.794 67.794 90.794 89.795 71.795 84.797 82.799 86.802 84.810 47.827 3.838 12.844 42.846 47.842 67.844 66.851 66.861 61.873 53.888 70.906 69.927 63.950 85.975 33.997 0.132 0.205 9.286 14.340 12.424 13.530 37.689 62.090 109.682 104.716 104.465 104.206 103.193 103.155 103.119 104.084 102.050 57.019 33.991 45.967 46.944 100.914 102.890 82.871 92.857 87.849 60.845 25.844 0.000 0.000 0.000 0.000
71.810 72.810 69.811 57.812 71.808 71.807 71.806 72.806 72.806 73.806 85.805 67.805 65.805 65.805 66.805 66.805 66.805 67.805 81.805 92.806 67.807 71.808 98.810 90.813 78.818 81.824 84.834 68.843 73.849 88.852 81.854 69.858 62.866 62.875 73.888 89.903 76.921 48.942 20.968 75.999 65.042 14.115 17.184 22.261 18.335 9.426 11.496 52.779 105.025 109.760 101.696 104.348 105.277 103.240 103.204 103.168 96.133 86.100 43.069 14.040 23.014 23.988 84.963 126.940 107.921 83.907 75.897 54.891 63.889 16.889 0.000 3.063 7.063
76.817 76.817 72.817 72.817 72.816 73.815 73.815 69.815 66.814 65.814 28.814 18.814 69.814 66.814 66.815 66.815 65.815 68.815 92.816 78.817 63.818 69.820 86.823 103.826 98.830 95.836 93.843 89.850 85.855 84.860 92.864 89.870 83.877 79.887 82.899 86.914 48.933 12.954 11.979 28.010 24.057 9.119 18.176 28.240 24.315 15.417 8.574 51.823 109.906 109.835 104.588 106.433 103.321 103.289 104.252 100.216 84.181 77.148 83.116 89.087 73.059 95.033 110.008 126.986 135.967 119.952 81.942 86.935 61.932 0.000 0.000 0.000 0.000
15.824 16.824 76.823 71.824 71.824 66.824 63.823 65.823 60.823 13.823 13.823 2.823 70.824 66.824 66.824 66.825 66.825 84.826 91.827 64.828 66.830 66.832 69.834 75.838 77.842 77.847 73.852 76.858 92.863 85.868 76.873 79.880 86.887 90.897 93.908 90.923 65.941 30.962 13.985 13.006 0.000 2.127 13.162 22.209 6.261 0.000 21.775 82.019 109.974 101.930 105.657 105.394 103.378 103.336 104.299 99.263 86.228 52.194 59.162 102.132 113.103 145.076 136.051 108.029 96.009 112.993 91.982 85.975 60.972 0.006 0.000 0.000 0.000
2.832 11.831 25.828 80.831 65.831 63.832 65.832 65.832 66.832 13.832 4.832 59.832 67.833 66.833 66.834 66.834 68.835 92.836 77.837 63.839 66.840 66.843 66.845 65.849 65.852 65.857 64.861 71.866 100.871 79.876 10.882 18.888 30.895 81.904 91.915 75.928 80.946 67.969 19.994 17.022 2.060 7.101 20.134 12.171 0.000 0.000 39.936 110.105 110.040 104.813 106.553 102.461 103.422 103.383 103.345 103.308 90.273 53.239 68.206 105.175 101.145 135.118 130.092 99.068 104.048 90.031 71.018 89.010 67.009 1.026 0.000 0.000 0.000
64.840 60.840 0.000 72.840 82.840 83.840 64.840 76.840 83.840 59.841 57.841 67.841 66.842 66.843 66.843 66.844 85.845 89.846 64.847 66.849 65.851 64.853 66.856 66.859 66.862 66.866 65.870 73.875 102.879 83.884 29.889 2.895 53.901 78.909 91.918 70.930 60.946 19.972 13.001 16.028 14.056 22.084 26.103 0.144 0.000 18.856 81.107 110.168 102.069 105.791 105.533 103.511 103.468 103.428 103.389 104.352 95.316 84.282 107.248 132.216 120.186 137.157 134.130 128.105 135.082 101.063 78.049 88.040 96.037 25.043 0.000 0.000 0.000
66.848 65.849 60.852 66.849 65.848 13.848 87.848 79.848 66.849 67.849 67.850 66.850 66.851 66.852 66.853 69.854 92.855 75.856 65.857 66.859 72.861 80.863 66.866 64.869 66.872 65.876 68.879 92.883 100.887 75.891 63.896 51.901 73.906 72.912 33.919 18.927 15.937 0.000 5.011 5.031 6.054 7.076 9.089 0.000 21.918 79.070 101.240 110.229 103.031 103.674 103.596 103.553 103.512 103.472 103.433 104.395 95.359 78.324 74.289 107.257 97.225 111.195 114.166 102.139 104.114 76.092 53.074 67.062 134.057 87.057 22.061 12.062 34.063
66.856 66.856 66.857 66.856 66.856 60.856 76.856 92.857 68.857 65.858 66.858 66.859 66.860 66.861 65.862 88.863 90.864 64.866 66.867 67.869 64.871 26.873 85.876 80.879 67.882 65.885 83.888 102.891 86.895 66.898 66.902 67.906 70.910 74.914 11.919 12.923 0.000 1.996 17.000 0.000 0.033 0.000 0.000 0.000 45.032 102.206 110.344 110.287 102.916 103.750 103.633 103.596 103.554 103.514 103.475 102.437 87.400 89.364 109.329 128.296 127.263 132.231 137.200 124.170 122.142 109.116 58.094 56.079 132.070 96.066 34.063 27.063 92.064
66.863 66.863 66.863 66.863 66.863 66.864 66.864 77.865 92.865 68.866 65.867 66.868 66.869 64.870 72.871 93.873 73.874 65.875 67.876 65.877 7.880 4.883 73.886 74.888 80.891 79.894 87.897 86.899 67.902 65.906 67.909 70.912 75.915 75.917 0.000 0.000 0.000 3.992 27.993 14.990 15.989 14.989 0.000 6.160 53.291 107.423 110.399 102.255 103.968 103.703 103.682 103.637 103.595 103.555 103.516 103.477 89.440 85.404 106.368 107.334 107.300 110.266 110.233 109.201 114.168 87.135 63.108 78.090 93.079 32.074 0.000 0.000 36.064
66.870 68.870 68.870 66.870 66.871 66.871 66.872 66.873 77.873 92.874 68.876 63.877 63.878 80.879 92.881 86.882 63.884 66.885 62.886 8.884 5.890 59.893 66.896 66.898 72.900 89.903 89.905 82.907 75.910 67.913 54.915 24.917 89.920 69.921 0.000 0.000 0.000 2.988 16.989 9.989 23.989 12.989 0.000 6.323 26.411 110.506 110.453 103.123 103.857 103.762 103.720 103.677 103.635 103.595 103.555 104.517 99.480 89.443 84.407 83.371 83.336 83.301 83.267 87.232 61.194 5.147 31.112 87.094 83.083 44.076 6.074 0.000 35.065
67.877 4.877 5.876 66.877 65.878 64.879 64.880 63.881 63.882 76.883 91.884 84.885 91.887 93.888 80.890 64.892 71.894 71.895 59.897 0.000 7.903 70.904 66.906 68.908 92.909 99.911 77.913 68.915 75.917 82.920 70.922 6.924 49.925 67.926 0.000 0.000 0.000 3.983 9.985 6.987 20.988 0.000 0.000 6.421 11.750 110.558 108.375 104.087 103.828 103.804 103.758 103.715 103.674 103.634 103.594 103.556 104.518 103.481 101.444 100.407 100.371 101.336 103.301 77.266 19.230 0.000 16.101 72.090 103.081 94.075 67.072 43.068 60.066
66.884 65.885 0.885 65.885 76.886 80.887 84.887 89.888 92.890 93.891 93.892 93.894 79.896 66.897 82.899 99.901 100.904 100.906 93.909 71.915 6.914 67.915 65.916 74.917 102.919 89.920 66.922 65.923 67.925 70.927 61.928 6.930 26.932 26.933 0.000 0.000 0.000 9.977 4.981 0.000 3.988 0.000 14.416 15.678 6.341 110.608 112.325 107.962 103.883 103.838 103.795 103.752 103.711 103.672 103.633 103.594 103.557 103.519 103.482 103.444 104.406 107.369 79.335 12.300 0.000 5.028 0.000 17.084 73.077 104.072 95.069 71.067 48.066
66.892 68.892 64.894 66.893 81.893 80.894 76.895 72.896 71.897 67.899 88.901 78.902 89.904 80.906 96.909 92.911 85.913 86.916 97.919 103.922 92.923 93.924 85.926 93.927 101.928 74.929 65.930 66.931 66.932 65.934 65.935 67.936 62.938 11.942 71.949 62.954 1.960 3.967 0.000 0.000 0.000 5.354 83.415 80.623 110.701 110.655 106.201 107.030 103.912 103.874 103.830 103.789 103.748 103.708 103.670 103.632 103.595 103.557 103.520 105.480 110.438 79.402 19.368 0.000 0.000 2.028 1.028 0.000 14.072 65.067 100.065 50.063 0.000
68.899 4.899 63.900 66.900 66.900 66.901 65.902 66.903 68.905 66.907 78.909 73.911 82.913 93.915 81.918 66.920 67.923 68.926 69.928 74.931 87.933 97.934 103.935 101.936 90.937 66.938 66.939 66.939 66.940 66.941 67.941 90.942 63.944 3.946 67.950 17.954 11.959 4.963 0.000 0.000 0.000 15.322 103.529 105.737 110.745 104.534 104.240 103.975 103.953 103.907 103.864 103.823 103.783 103.744 103.706 103.669 103.632 103.596 105.560 90.520 44.464 11.433 0.000 4.028 2.028 22.028 29.028 0.000 0.000 36.060 98.059 50.058 0.000
69.905 2.905 63.906 66.906 66.907 66.908 66.909 67.911 5.912 65.914 69.917 80.919 80.921 88.924 93.927 79.930 64.933 64.935 64.938 66.941 68.943 69.944 70.945 70.946 69.947 68.947 64.947 64.947 65.947 66.948 77.948 91.948 62.948 56.949 58.950 0.000 0.000 4.963 0.000 0.000 0.000 19.398 102.517 110.829 110.787 103.391 104.121 104.025 103.982 103.939 103.897 103.857 103.818 103.780 103.742 103.706 103.670 103.635 108.603 64.577 0.000 0.000 2.029 0.020 2.028 17.028 24.028 0.000 0.000 39.054 99.053 58.053 0.000
