results1/res_4e8f-0196.wd
ncols         241
nrows         181
xllcorner     12693529.787448
yllcorner     3542525.717860
cellsize      155.156523
NODATA_value  -9999.000000
[rows 99 to 131 of 181, columns 0 to 72 of 241]
0.000 0.000 0.000 0.000 0.000 61.226 101.226 103.226 94.226 89.226 0.000 0.000 0.000 0.000 0.000 3.223 2.223 69.223 66.223 0.000 0.000 2.223 5.223 64.223 63.223 4.223 0.000 0.000 0.000 11.199 0.000 0.000 0.000 0.000 17.057 63.053 59.043 58.026 59.002 59.976 72.947 61.915 65.881 57.843 59.801 57.757 58.709 63.659 64.607 62.552 66.496 59.439 59.381 61.322 64.258 78.189 79.130 64.083 50.039 0.000 0.000 0.000 0.000 0.000 28.099 83.094 80.084 67.066 42.042 37.018 80.995 57.972 59.949
0.000 0.000 0.000 0.000 0.000 62.226 102.226 102.226 0.000 0.000 0.000 0.000 0.000 0.000 0.000 2.223 14.223 80.223 69.223 7.223 4.223 4.223 67.223 66.223 70.223 1.223 0.000 0.000 0.000 69.199 61.199 0.000 0.000 0.146 76.099 86.094 72.084 65.071 59.052 61.029 80.003 64.973 70.940 70.902 61.861 76.817 68.769 69.718 59.664 67.608 67.551 65.493 59.435 60.377 64.313 61.220 23.156 13.119 0.000 0.000 0.000 0.000 0.000 31.117 68.111 80.106 87.098 77.086 53.070 54.053 68.035 59.016 59.997
7.228 0.228 0.000 0.000 0.000 49.227 98.227 107.226 17.226 0.000 0.000 0.000 0.000 0.000 0.000 1.223 3.223 87.223 68.223 69.223 71.223 68.223 65.223 66.223 64.223 2.223 0.000 0.000 0.000 62.199 62.199 63.197 62.189 62.174 61.147 71.138 80.131 27.120 91.106 81.087 86.063 71.035 16.002 86.966 84.924 83.879 87.831 76.779 59.724 62.666 67.607 67.547 64.489 60.438 49.398 0.000 0.000 0.000 0.000 0.000 0.000 0.000 0.000 41.123 68.122 68.120 79.116 78.109 61.100 61.089 60.076 60.062 60.046
75.228 78.228 10.228 0.000 0.000 59.227 98.227 103.227 113.226 18.226 0.000 0.000 0.000 0.000 9.224 9.224 7.223 24.223 72.223 69.223 87.223 101.223 76.223 61.223 0.223 0.000 0.000 0.000 0.000 0.000 61.201 62.204 62.196 62.186 62.179 61.180 61.179 60.174 61.164 66.149 78.128 72.102 15.070 87.033 87.992 65.946 72.897 89.843 83.785 70.725 60.663 66.600 67.537 70.487 55.442 0.000 0.000 0.000 0.000 0.000 0.000 0.000 0.000 3.129 19.135 65.137 62.136 62.134 60.131 60.126 60.119 60.109 60.097
89.228 72.228 72.228 74.228 76.227 95.227 103.227 103.227 103.226 105.226 79.226 18.226 1.225 67.224 74.224 75.224 37.223 32.223 95.223 103.223 98.223 94.223 77.223 1.223 0.000 0.000 0.000 0.000 0.000 0.000 0.000 62.220 61.204 60.197 61.200 62.225 62.233 62.233 62.228 63.217 82.198 77.173 60.142 62.105 73.063 84.017 60.966 72.911 73.850 66.785 86.720 69.652 61.573 2.530 0.000 0.000 0.000 0.000 0.000 0.000 0.000 0.000 0.000 0.000 11.153 65.155 60.158 60.161 60.164 60.166 60.164 58.160 56.152
104.228 94.228 75.228 79.228 97.227 103.227 103.227 103.227 103.227 98.226 70.226 76.226 4.225 58.224 93.224 101.224 101.223 85.223 100.223 107.223 17.223 0.000 0.000 0.000 0.000 0.000 0.000 0.000 0.000 0.000 0.000 62.251 0.000 0.000 0.000 63.287 62.293 62.297 62.298 63.291 79.276 84.251 61.219 62.181 62.138 80.092 81.041 58.985 66.920 85.845 77.779 55.716 0.000 0.000 0.000 0.000 0.000 0.000 0.000 0.000 0.000 0.000 0.000 0.000 8.169 65.172 60.179 60.189 60.200 59.208 58.212 63.213 64.210
104.228 104.228 99.228 102.228 103.228 103.227 103.227 103.227 103.227 99.226 74.226 91.226 0.000 0.000 71.224 95.224 103.223 104.223 103.223 108.223 11.223 0.000 0.000 0.000 0.000 0.000 0.000 0.000 0.000 0.000 0.000 62.283 1.309 1.329 64.345 62.344 62.354 62.366 62.375 62.375 79.362 84.337 61.303 62.263 62.218 63.171 84.121 78.067 85.002 74.894 55.837 0.000 0.000 0.000 0.000 0.000 0.000 0.000 0.000 0.000 0.000 0.000 0.000 0.000 63.181 60.187 60.197 60.215 60.238 59.254 61.264 65.271 66.274
102.228 103.228 103.228 103.228 103.228 103.228 103.227 103.227 103.227 104.226 99.226 106.226 30.225 9.225 59.224 78.224 101.223 103.223 104.223 92.223 6.223 0.000 0.000 0.000 0.000 0.000 0.000 0.000 0.000 0.000 0.000 56.299 61.315 61.334 60.356 62.389 62.412 62.438 62.462 62.470 79.459 84.432 61.393 62.348 62.300 62.252 67.205 90.160 70.125 0.000 0.000 0.000 0.000 0.000 0.000 0.000 0.000 0.000 0.000 0.000 0.000 0.000 0.000 0.000 16.189 67.196 63.208 64.235 62.283 58.305 65.320 66.332 64.342
99.229 104.228 103.228 103.228 103.228 103.228 103.228 103.227 103.227 103.226 104.226 97.226 81.225 72.225 66.224 93.224 103.223 103.223 108.223 11.223 0.000 0.000 0.000 0.000 0.000 0.000 0.000 0.000 0.000 0.000 0.000 0.000 0.000 0.000 0.000 62.444 62.468 62.511 62.566 62.585 78.573 85.539 62.490 62.437 62.383 62.332 62.286 68.245 21.212 0.000 0.000 0.000 0.000 0.000 0.000 0.000 0.000 0.000 0.000 0.000 0.000 0.000 0.000 0.000 0.000 4.200 2.204 0.000 8.354 67.364 65.378 66.396 63.415
99.229 104.229 103.229 103.229 103.228 103.228 103.228 103.227 103.227 103.227 104.226 89.226 68.225 67.225 76.224 100.224 103.223 103.223 109.223 14.223 5.223 0.000 0.000 0.000 0.000 0.000 0.000 0.000 0.000 0.000 0.000 0.000 0.000 0.000 0.000 58.475 62.506 59.574 62.704 62.731 81.709 85.659 62.593 62.525 62.462 62.408 62.363 59.321 9.267 0.000 0.000 0.000 0.000 0.000 0.000 0.000 0.000 0.000 0.000 0.000 0.000 59.498 0.000 0.000 0.000 0.000 0.000 1.440 63.416 64.419 66.433 66.457 63.489
102.229 103.229 103.229 103.229 103.229 103.228 103.228 103.228 103.227 103.227 103.226 100.226 77.225 78.225 95.224 102.223 103.223 103.223 110.222 27.222 0.000 0.000 0.000 0.000 0.000 0.000 0.000 0.000 0.000 0.000 0.000 0.000 0.000 0.000 0.000 0.000 58.506 0.000 61.946 62.927 90.875 77.794 62.698 62.607 62.533 75.476 65.435 60.410 0.000 0.000 0.000 0.000 0.000 0.000 0.000 0.000 0.000 0.000 0.000 0.000 11.498 70.498 55.498 0.000 0.000 0.000 1.476 64.464 67.456 66.461 63.479 59.510 59.556
103.230 103.229 103.229 103.229 103.229 103.229 103.228 103.228 103.228 103.227 103.226 103.226 105.225 105.224 104.224 103.223 103.223 105.222 94.222 37.222 0.000 0.000 0.000 0.000 0.000 0.000 0.000 0.000 0.000 0.000 0.000 0.000 0.000 0.000 0.000 0.000 0.000 0.000 62.205 63.156 97.069 65.944 62.797 62.674 74.587 83.528 62.491 62.475 61.491 0.000 0.000 0.000 0.000 0.000 0.000 0.000 0.000 0.000 0.000 0.000 0.000 66.498 67.498 54.497 1.496 60.493 62.487 66.482 65.482 63.492 62.512 58.548 66.605
102.230 101.230 103.230 103.230 103.230 103.229 103.229 103.228 103.228 103.227 103.227 103.226 103.225 103.224 103.224 103.223 104.222 87.222 15.221 6.221 64.221 78.220 24.220 0.000 0.000 5.220 0.000 0.000 0.000 0.000 0.000 0.000 0.000 0.000 0.000 4.229 4.200 1.044 58.515 69.424 92.299 63.117 59.872 62.703 62.613 62.558 62.525 62.508 62.507 59.507 0.000 0.000 0.000 0.000 0.000 0.000 0.000 0.000 0.000 0.000 0.499 61.498 57.498 63.498 58.497 66.496 66.495 65.495 61.500 64.511 59.531 58.564 58.620
92.230 92.230 101.230 103.230 103.230 103.230 103.229 103.229 103.228 103.228 103.227 104.226 105.225 103.224 103.223 103.223 103.222 25.221 9.221 64.220 74.220 84.220 83.220 76.220 68.220 9.220 0.000 0.000 0.000 0.000 0.000 0.000 0.000 0.000 4.276 63.257 66.209 66.090 62.861 61.726 70.588 58.352 0.000 58.654 62.604 62.567 62.541 62.527 61.522 0.000 0.000 0.000 0.000 0.000 0.000 0.000 63.499 74.499 0.000 0.000 62.499 60.499 60.499 57.499 65.499 66.499 66.501 63.504 66.510 66.521 64.536 59.557 48.579
74.231 79.231 98.231 104.231 103.231 103.230 103.230 103.229 103.229 103.228 105.227 91.226 87.225 102.224 107.223 104.222 99.221 81.220 84.220 90.220 84.220 85.220 64.220 57.220 3.220 0.220 0.000 0.000 0.000 0.000 0.000 0.241 1.241 0.000 54.296 60.315 63.288 63.218 63.112 63.030 64.973 0.000 0.000 0.000 57.583 62.563 62.547 62.536 62.531 0.531 0.000 0.000 0.000 0.000 0.000 23.499 80.499 62.499 60.499 60.499 60.499 60.499 58.499 63.500 66.500 66.502 62.505 66.509 66.517 65.526 59.537 60.549 50.559
58.231 73.232 92.232 105.232 106.232 106.231 104.231 103.230 104.229 103.229 104.228 42.227 13.226 61.224 79.223 100.221 107.220 105.219 105.219 91.219 14.219 0.000 0.000 0.000 0.000 0.000 0.000 0.000 0.000 9.241 11.241 1.241 1.241 1.241 0.000 59.418 63.410 61.381 62.340 64.310 65.302 0.000 0.000 0.000 0.000 55.555 62.546 62.540 59.536 0.000 0.000 0.000 0.000 0.000 0.000 0.000 22.499 76.499 59.499 59.499 60.499 59.499 59.500 65.500 66.501 64.503 52.507 5.512 70.521 64.529 64.536 64.544 50.549
22.232 44.232 77.233 83.233 77.233 79.232 96.232 104.231 100.230 93.229 92.228 27.228 0.000 0.000 0.000 37.221 72.220 98.218 105.217 2.218 0.000 0.000 0.000 0.000 0.000 0.000 0.000 0.000 0.000 51.241 72.241 17.241 2.241 1.241 0.000 59.531 65.552 64.557 73.556 74.568 64.622 9.779 0.000 0.000 0.000 0.000 59.544 60.542 0.000 0.000 0.000 0.000 0.000 0.000 0.000 0.000 0.000 81.499 84.499 64.499 58.499 56.500 66.500 66.500 61.501 0.000 0.000 0.000 11.526 69.531 66.536 66.541 56.544
0.000 0.000 58.234 67.234 19.234 5.233 68.233 97.232 88.231 84.230 98.229 65.228 25.227 0.000 0.000 0.000 0.000 43.215 74.213 0.000 0.000 0.000 0.000 0.000 0.000 0.000 0.000 0.000 0.000 0.000 56.241 74.241 5.241 0.000 0.000 50.621 64.712 62.740 92.757 85.785 63.841 65.935 12.039 0.000 0.000 0.000 54.544 0.000 0.000 0.000 0.000 0.000 0.000 0.000 0.000 0.000 0.000 0.000 69.499 86.499 71.500 65.500 66.500 61.500 0.000 0.000 0.000 0.000 0.000 61.535 66.537 66.539 61.541
0.000 0.000 54.236 99.236 56.235 5.234 57.234 89.233 91.232 102.231 104.229 107.228 113.227 52.224 21.223 0.000 0.000 0.000 14.206 9.202 0.191 2.181 0.000 0.000 0.000 0.000 0.000 0.000 0.000 0.000 57.241 72.241 2.241 9.241 13.241 0.000 57.932 65.936 95.948 77.974 66.019 65.083 70.143 0.000 0.000 0.000 0.000 0.000 0.000 0.000 0.000 0.000 0.000 0.000 0.000 0.000 0.000 0.000 0.000 7.499 74.500 64.500 62.500 0.000 0.000 0.000 0.000 0.536 60.536 59.536 61.537 55.538 0.000
27.241 42.240 76.238 94.237 102.237 71.236 84.235 107.234 104.233 103.231 103.230 103.228 103.226 109.224 112.221 68.217 27.213 9.209 72.204 86.198 79.190 81.181 37.172 13.164 10.158 0.000 0.000 0.000 0.000 0.000 36.241 58.241 64.241 64.241 67.241 26.241 59.149 88.123 90.123 67.143 65.181 65.235 68.306 13.423 8.474 0.000 0.000 0.000 0.000 0.000 0.000 0.000 0.000 0.000 0.000 0.000 0.000 0.000 0.000 0.000 0.500 0.500 8.500 0.000 0.000 0.000 0.000 62.536 57.536 55.536 0.000 0.000 0.000
100.241 103.241 103.240 101.239 99.238 100.237 102.236 102.235 103.234 104.232 104.231 103.229 96.227 100.224 103.221 107.217 111.213 112.209 104.204 100.197 97.190 92.181 94.171 87.162 43.152 21.143 0.000 0.000 0.000 0.000 0.000 0.000 0.000 0.000 0.000 83.333 72.301 101.282 92.280 79.295 66.325 65.369 65.424 69.488 65.526 0.000 0.000 0.000 0.000 0.000 0.000 0.000 0.000 0.000 0.000 0.000 0.000 0.000 0.000 0.000 0.000 0.000 0.000 0.000 0.000 0.000 0.000 0.000 0.000 0.000 0.000 0.000 0.000
103.242 98.242 96.241 95.241 89.240 86.239 87.238 87.236 93.235 98.233 98.232 91.229 75.227 90.224 103.221 103.218 103.214 103.209 103.204 103.198 104.191 104.182 107.171 108.159 108.147 108.133 47.116 0.000 0.000 0.000 0.000 0.000 0.000 0.000 0.000 55.458 81.440 86.424 70.421 87.432 75.456 65.491 65.534 68.580 11.614 0.000 0.889 0.896 0.000 0.000 0.000 0.000 0.000 0.000 0.000 0.000 0.000 0.000 0.000 0.000 0.000 0.000 0.000 0.000 0.000 0.000 0.000 0.000 0.000 0.000 0.000 0.000 0.000
73.244 46.244 68.243 82.242 80.242 60.240 45.239 41.238 61.236 78.235 77.233 70.231 65.228 75.225 96.222 104.219 103.215 103.211 103.206 103.200 103.193 107.184 82.171 70.158 69.143 73.125 76.100 15.058 4.016 0.663 0.491 0.000 0.000 0.000 0.000 53.600 89.576 72.554 64.548 74.556 85.575 69.604 65.641 65.684 71.737 15.830 9.881 1.904 0.920 6.920 4.920 0.000 0.000 0.000 0.000 0.000 0.000 0.000 0.000 0.000 0.000 0.000 0.000 0.000 0.000 0.000 0.000 0.000 0.000 0.000 0.000 0.000 0.000
63.246 34.245 56.245 71.244 67.243 44.242 30.241 34.240 54.238 68.236 66.234 66.232 67.229 65.227 84.223 101.220 103.216 103.212 103.208 103.203 102.197 65.191 0.000 0.000 0.000 0.000 0.000 0.000 0.000 60.036 80.019 31.995 17.971 13.939 60.880 77.767 94.709 71.669 65.661 63.668 80.685 82.710 68.742 65.778 65.821 68.871 77.906 15.925 10.936 0.000 19.920 0.000 0.000 0.000 0.000 0.000 0.000 0.000 0.000 0.000 0.000 0.000 0.000 0.000 0.000 0.000 0.000 0.000 0.000 0.000 0.000 0.000 0.000
76.248 72.248 67.247 66.246 67.245 69.244 70.243 73.242 72.240 68.238 67.236 67.234 67.231 66.228 73.225 95.222 104.218 103.215 105.211 77.207 43.202 0.000 0.000 0.000 0.000 0.000 0.000 0.000 0.000 25.024 47.013 49.995 53.978 67.967 64.934 85.878 82.826 56.751 63.758 65.769 67.787 80.810 72.837 67.867 65.898 64.927 81.946 72.953 66.953 0.000 0.000 0.000 0.000 0.000 0.000 0.000 0.000 0.000 0.000 0.000 0.000 0.000 0.000 0.000 0.000 0.000 0.000 0.000 0.000 0.000 0.000 0.000 0.000
66.250 67.250 67.249 67.249 67.248 67.247 67.245 67.244 67.242 67.240 67.238 67.235 67.233 67.230 65.227 86.224 103.220 105.217 101.214 27.212 0.000 0.000 0.000 0.000 0.000 0.000 0.000 0.000 0.000 0.000 0.000 0.000 0.000 52.018 69.009 94.986 68.964 0.000 51.852 66.865 64.884 68.906 69.929 78.954 67.976 65.994 64.999 60.988 1.970 0.000 0.000 0.000 0.000 0.000 0.000 0.000 0.000 0.000 0.000 0.000 0.000 0.000 0.000 0.000 0.000 0.000 0.000 0.000 0.000 0.000 0.000 0.000 25.546
67.253 67.252 67.252 67.251 67.250 67.249 67.248 66.246 66.244 67.242 67.240 67.237 67.235 67.232 66.229 74.225 89.222 100.219 88.217 14.215 0.000 0.000 0.000 0.000 0.000 0.000 0.000 0.000 0.000 0.000 0.000 0.000 0.000 29.079 78.099 103.092 13.082 0.000 49.932 67.955 65.978 65.000 73.021 84.042 72.060 66.072 70.069 3.028 0.000 0.000 0.000 0.000 0.000 0.000 0.000 0.000 0.000 0.000 0.000 0.000 0.000 0.000 0.000 0.000 0.000 0.000 0.000 0.000 0.000 0.000 0.000 0.000 82.625
67.255 67.255 67.255 67.254 67.253 67.252 67.250 71.249 72.247 68.245 67.242 67.240 67.237 67.234 67.231 66.227 69.224 78.221 78.218 19.217 0.000 0.000 0.000 0.000 0.000 0.000 20.887 0.000 0.000 0.000 0.000 0.000 0.000 1.238 82.218 97.200 20.189 0.000 33.988 65.045 66.073 66.094 65.114 70.133 72.151 68.166 70.176 0.000 0.000 0.000 0.000 0.000 0.000 0.000 0.000 0.000 0.000 0.000 0.000 0.000 0.000 0.000 0.000 0.000 0.000 0.000 0.000 0.000 0.000 0.000 0.000 66.848 75.757
67.258 67.258 67.258 67.257 67.256 67.255 66.253 78.252 83.250 70.247 67.245 67.242 67.239 67.236 67.233 67.229 67.226 66.222 69.219 50.217 0.000 0.000 0.000 0.000 0.000 62.887 83.887 45.884 36.876 35.865 0.000 0.000 0.000 63.410 105.343 79.302 79.285 6.305 0.000 51.164 68.176 66.191 66.207 64.224 80.243 84.265 78.292 1.388 0.000 0.000 0.000 0.000 0.000 0.000 0.000 0.000 0.000 0.000 0.000 0.000 0.000 0.000 0.000 0.000 0.000 0.000 0.000 0.000 0.000 0.000 41.012 91.940 77.865
67.262 67.261 67.261 67.260 67.259 67.258 66.256 79.255 85.253 69.250 67.248 67.245 67.242 67.239 67.235 67.231 67.227 67.223 67.219 73.214 44.210 0.000 0.000 0.000 2.888 25.888 40.888 62.891 70.879 74.854 48.806 24.740 59.652 97.527 95.443 75.380 57.344 15.324 0.000 51.270 68.276 67.285 70.298 65.314 74.334 97.360 94.399 39.468 3.525 19.552 0.000 0.000 0.000 0.000 0.000 0.000 0.000 45.063 75.063 79.063 0.000 0.000 88.063 149.063 0.000 0.000 0.000 0.000 0.000 0.000 78.084 134.032 116.971
64.265 65.265 66.264 66.264 67.263 67.261 65.260 80.258 83.256 66.254 67.251 67.248 67.245 67.241 67.237 67.233 67.229 67.224 67.218 67.212 73.205 53.195 4.188 0.000 0.000 0.000 0.000 38.910 69.895 65.866 68.822 72.764 84.689 101.602 85.523 53.430 3.387 0.000 0.000 50.371 67.372 70.377 83.386 69.400 79.418 80.442 99.475 103.518 86.555 36.578 0.000 0.000 0.000 0.000 0.000 0.000 0.000 0.000 36.063 64.063 78.063 110.063 148.063 71.063 0.000 0.000 0.000 0.000 0.000 64.297 74.207 75.137 78.073
85.269 80.269 75.268 73.267 69.266 65.265 65.264 80.262 83.260 65.257 67.254 67.251 67.248 67.244 67.240 67.236 66.231 65.225 66.219 66.211 66.203 72.192 49.181 26.166 1.150 0.000 0.000 37.945 75.925 69.894 64.854 77.802 100.739 94.667 62.618 0.000 0.000 0.000 0.000 48.470 66.465 71.465 78.470 73.480 78.496 77.516 90.542 84.572 77.601 50.627 5.659 0.000 0.000 0.000 0.000 0.000 0.000 0.000 0.000 32.063 110.063 113.063 116.063 1.063 11.063 0.061 0.000 7.462 41.462 69.386 138.309 102.245 134.133
105.273 104.273 100.272 95.271 91.270 86.269 81.268 77.266 72.264 66.261 67.258 67.255 67.252 67.248 66.243 68.239 74.233 79.227 78.220 76.212 70.202 65.191 69.177 75.159 39.134 20.100 24.058 58.001 80.965 71.932 67.896 90.853 102.799 58.710 3.664 0.000 0.000 11.648 18.628 52.574 65.554 70.547 86.549 76.556 69.568 62.584 68.604 86.626 83.649 89.671 8.691 0.000 0.000 0.000 0.000 0.000 0.000 0.000 0.000 0.000 0.000 0.000 0.000 0.000 8.063 0.000 0.000 0.000 76.537 67.477 77.410 100.307 76.482
