results1/res_4e8f-0206.wd
ncols         241
nrows         181
xllcorner     12693529.787448
yllcorner     3542525.717860
cellsize      155.156523
NODATA_value  -9999.000000
[rows 132 to 164 of 181, columns 0 to 72 of 241]
96.338 101.338 105.338 105.337 107.336 107.335 101.333 92.331 78.329 67.326 66.323 67.320 66.317 65.313 70.308 84.303 95.298 100.291 100.284 97.275 89.265 80.253 71.239 65.221 70.198 72.169 71.135 72.097 70.065 65.036 79.007 101.978 68.955 0.000 0.000 0.000 8.738 60.732 72.727 69.708 71.693 77.685 95.687 81.693 65.702 64.714 64.728 76.745 97.763 38.783 11.806 6.840 0.000 0.000 0.000 0.000 0.000 0.000 0.000 0.000 0.000 0.123 3.123 1.123 28.123 8.048 11.973 52.876 75.736 79.638 79.532 89.620 117.087
74.343 76.343 79.342 85.342 95.340 101.339 106.338 106.336 99.333 85.331 74.328 68.325 72.321 79.317 92.313 107.307 106.302 103.295 103.288 106.279 106.269 102.257 90.243 78.226 70.205 65.181 66.154 65.126 66.100 74.076 96.054 104.036 16.024 0.000 0.000 0.000 18.744 46.751 64.775 73.772 74.761 71.750 72.754 82.760 77.768 70.776 74.786 82.797 95.811 36.827 22.846 28.874 8.904 0.000 0.000 0.000 0.000 0.000 0.000 0.000 0.000 0.000 0.000 0.000 10.198 0.000 59.996 81.919 77.801 86.776 77.841 117.207 105.968
66.348 66.348 66.347 68.346 73.345 77.344 84.342 93.341 101.338 104.336 98.333 96.330 98.326 101.322 100.317 93.312 84.307 82.300 82.293 87.284 93.274 100.263 103.249 102.234 91.216 81.196 76.175 74.153 83.132 99.113 100.098 86.087 19.082 0.000 0.000 0.000 0.000 0.000 47.852 74.844 53.829 41.800 56.820 71.827 86.832 90.836 92.841 93.848 89.856 16.867 3.877 31.907 28.934 16.962 22.974 16.979 0.000 0.000 0.000 0.000 0.000 0.000 44.413 14.363 80.273 102.210 135.067 91.042 86.096 67.056 103.123 107.647 107.557
67.353 67.353 67.352 67.352 66.351 65.349 67.348 72.346 78.344 88.341 98.338 100.335 93.331 83.327 77.323 69.318 65.312 65.306 65.299 67.290 72.281 78.270 85.258 97.245 102.229 104.213 103.195 99.178 102.162 95.148 77.137 69.132 48.135 6.157 0.000 0.000 0.000 0.000 40.937 73.923 16.913 0.000 49.898 74.897 93.897 101.896 87.896 90.895 76.900 34.907 0.922 58.941 27.962 19.978 30.982 30.983 1.986 0.000 0.000 0.000 0.000 31.515 50.463 123.404 152.328 135.212 118.768 117.716 109.388 108.030 107.910 107.783 73.006
67.358 67.358 67.358 67.357 67.356 67.355 67.353 66.351 66.349 69.347 75.344 74.341 70.337 66.333 66.329 66.324 67.319 67.313 67.306 67.298 66.289 65.280 67.269 73.257 80.244 89.230 97.216 93.202 82.190 70.179 66.172 71.168 79.170 55.178 33.185 33.177 19.153 20.110 56.036 76.997 26.986 9.001 68.976 100.967 102.962 81.957 84.949 83.939 71.940 60.950 11.951 39.963 13.995 2.005 14.991 1.987 3.988 1.982 0.000 0.000 0.000 12.570 75.517 81.438 77.426 78.587 76.563 108.350 108.249 108.143 75.345 78.126 80.000
67.364 67.364 67.363 67.363 67.362 67.361 67.359 67.357 67.355 67.353 66.350 66.347 66.344 67.340 67.335 67.331 67.326 67.320 67.314 67.307 67.299 67.290 67.280 66.270 65.259 66.248 70.236 68.226 67.216 71.208 74.202 73.199 71.199 73.201 73.200 70.192 70.173 74.142 49.098 35.043 24.034 42.042 87.038 101.033 81.027 74.019 73.005 52.972 48.971 12.001 0.081 0.000 2.056 4.056 0.000 0.000 7.996 22.977 37.934 7.871 21.792 84.649 91.638 89.712 87.699 88.781 108.538 108.446 89.584 96.378 89.235 95.010 86.855
67.370 67.370 67.369 67.369 67.368 67.367 67.365 67.364 67.362 67.359 67.357 67.353 67.350 67.346 67.342 67.338 67.333 67.328 67.322 66.316 73.309 75.301 67.293 66.284 65.275 66.265 68.256 71.248 74.240 73.234 68.230 69.227 76.226 79.225 75.223 69.216 66.205 75.188 6.172 0.000 9.064 82.095 91.101 78.099 70.094 90.088 36.082 0.000 0.000 2.115 3.143 3.142 3.113 4.107 0.000 0.000 33.022 74.996 103.954 64.893 97.781 105.941 102.906 101.998 108.796 108.714 108.628 101.664 103.545 103.246 102.109 101.044 18.963
67.376 67.376 67.375 67.375 67.374 67.373 67.372 67.370 67.368 67.366 70.363 70.360 68.357 72.353 70.349 67.346 67.342 67.337 66.332 64.326 75.320 83.313 69.306 66.298 68.290 71.283 73.276 72.269 69.263 71.259 76.255 78.253 79.252 79.252 74.250 68.247 77.241 96.234 15.229 0.000 0.000 56.172 79.172 76.169 80.163 100.155 34.152 0.000 3.191 3.167 3.174 3.170 3.145 5.153 0.000 31.120 83.077 99.031 101.967 106.970 104.139 101.131 109.020 108.949 108.875 100.968 101.756 102.633 102.316 102.291 95.225 72.135 0.000
67.382 67.382 67.382 67.381 67.380 67.379 67.378 67.377 67.375 68.373 75.371 75.368 52.364 20.361 41.356 71.354 65.350 68.346 74.342 77.337 77.331 73.325 69.319 70.313 73.306 72.300 71.294 73.289 77.285 77.282 79.280 78.279 69.279 64.279 66.279 79.279 98.279 108.279 30.280 0.000 0.000 31.250 87.246 89.241 96.233 95.219 31.219 0.000 3.214 1.215 2.217 3.219 0.000 9.205 35.205 79.171 101.101 104.126 103.221 103.228 102.324 109.154 109.089 101.167 101.970 102.836 102.625 102.483 102.443 94.378 86.338 0.000 0.000
67.389 67.388 67.388 67.388 67.387 67.386 67.385 67.384 67.383 69.381 78.378 89.375 65.371 2.368 8.362 56.362 82.360 74.356 72.352 72.348 70.343 69.338 71.332 73.327 71.322 67.317 69.312 81.308 83.306 73.304 67.303 64.304 64.305 69.307 83.309 99.312 96.316 80.322 52.334 20.360 14.361 58.331 87.322 69.317 60.307 52.271 17.286 1.331 1.266 22.257 13.258 3.270 0.000 28.260 79.244 101.173 103.380 102.381 102.495 109.341 109.281 109.219 101.225 103.113 102.828 102.705 102.653 102.583 96.510 83.449 73.413 0.000 0.000
67.395 67.395 67.395 67.394 67.394 67.393 67.392 67.391 67.390 69.389 79.387 66.384 22.378 4.379 0.000 24.372 78.370 70.367 72.363 71.359 69.355 72.350 73.346 70.341 67.337 63.333 73.329 87.327 74.325 64.325 65.326 70.327 80.330 91.334 102.338 95.343 73.350 68.359 87.371 94.386 95.393 99.390 74.393 35.399 7.407 0.000 1.478 1.483 0.000 35.273 22.288 2.334 33.355 79.307 101.341 103.542 102.568 109.504 109.452 109.398 101.486 102.288 103.181 102.882 102.870 102.812 102.740 103.652 91.574 62.492 51.452 9.452 3.452
66.402 66.402 67.401 67.401 67.401 67.400 67.400 67.399 67.398 70.397 80.396 51.395 0.000 10.391 48.392 50.385 67.381 69.378 57.374 39.371 77.367 72.363 68.359 67.355 65.352 67.348 83.346 86.344 68.344 71.345 83.347 92.350 101.355 99.360 87.366 73.373 66.383 82.394 86.407 74.421 55.433 53.445 41.459 21.481 10.514 4.583 2.602 22.618 17.636 0.000 0.000 27.402 79.460 102.583 103.616 101.737 109.602 109.554 101.644 102.459 103.340 103.149 103.030 103.009 102.958 102.909 105.842 69.712 49.643 0.000 0.000 0.000 0.000
75.409 73.409 70.408 68.408 65.408 65.408 65.408 65.407 64.406 69.406 81.405 64.405 45.407 53.402 71.399 67.396 64.392 70.389 65.386 52.383 72.379 66.376 65.373 65.369 67.366 81.363 89.361 55.360 47.361 97.363 102.367 97.372 86.378 76.385 68.393 64.402 75.413 87.426 55.441 30.457 13.475 4.495 21.520 20.550 10.587 11.632 14.660 42.672 26.654 0.000 0.000 59.696 101.740 100.874 109.737 109.694 109.649 101.678 103.576 103.303 103.198 103.170 105.129 100.080 102.052 103.026 114.005 0.000 0.000 0.000 0.000 0.000 0.000
76.417 78.416 84.414 85.414 85.415 82.415 83.415 82.415 81.415 81.414 83.414 66.413 70.413 69.411 66.408 69.405 69.403 68.400 73.397 75.395 69.392 63.389 65.386 67.383 81.380 86.377 75.375 69.374 78.376 101.380 84.386 75.393 67.401 65.409 67.418 66.429 80.441 89.456 53.473 29.493 17.515 19.542 22.574 14.611 15.653 21.697 23.733 16.756 0.000 0.000 37.939 79.959 109.854 109.817 109.779 101.908 102.716 103.618 103.329 103.327 104.287 104.244 77.202 55.142 90.143 104.138 109.148 49.206 0.000 0.000 0.000 0.000 0.000
69.426 63.424 16.419 18.419 27.422 74.423 71.424 71.424 71.423 75.423 84.422 65.422 66.421 65.419 68.417 72.415 73.413 71.411 70.409 73.407 74.404 71.402 65.400 82.397 88.394 79.391 85.388 102.386 99.388 81.395 69.405 65.414 67.423 67.432 66.442 71.454 87.468 89.484 81.503 84.525 55.551 17.583 9.623 8.669 20.718 27.769 17.818 14.866 6.896 33.063 81.109 109.922 109.890 102.046 102.858 103.748 103.562 103.450 103.437 104.393 102.354 96.316 21.296 0.000 72.239 107.236 104.243 103.263 0.000 0.000 0.000 0.000 0.000
67.436 59.436 0.000 0.431 9.432 70.432 66.432 66.432 66.432 70.432 84.431 62.430 66.429 70.428 72.427 73.425 70.424 67.422 65.420 67.419 77.417 90.415 85.414 86.411 63.409 57.404 109.398 95.395 62.397 22.405 42.425 70.435 67.444 67.454 69.465 62.477 46.492 36.509 48.529 88.552 64.581 17.618 12.665 7.722 16.781 21.843 15.908 20.967 21.050 59.193 109.972 101.232 104.973 103.881 103.696 103.588 103.567 103.533 104.494 104.459 69.422 45.369 31.370 34.379 85.337 106.324 102.325 93.341 11.376 0.000 0.000 0.000 0.000
67.446 67.447 50.452 0.441 10.441 71.441 67.441 67.441 66.441 67.440 82.440 69.439 72.438 74.438 73.437 68.435 65.434 66.433 66.432 65.431 75.430 98.429 94.428 81.426 74.424 65.419 41.406 30.400 17.398 0.000 23.453 72.458 67.465 69.475 52.486 26.498 11.514 8.531 50.552 67.575 36.603 8.642 11.697 16.775 23.840 19.913 14.003 7.082 10.374 58.418 110.035 104.121 103.884 103.708 103.694 103.661 103.623 103.588 101.555 92.526 25.505 0.000 42.437 101.428 106.408 104.396 98.394 88.400 6.410 0.000 0.000 0.000 0.000
64.455 66.456 63.457 0.000 6.451 71.450 66.450 64.450 66.449 70.449 74.449 73.448 73.448 71.447 65.446 66.445 66.445 67.444 67.443 72.443 90.442 89.442 82.442 91.442 89.443 60.443 0.000 0.000 0.000 0.000 21.475 72.479 67.485 70.493 41.504 3.517 37.533 63.551 83.571 52.593 4.614 0.683 0.753 5.839 15.892 15.971 16.074 10.311 6.934 110.214 110.127 103.026 103.875 103.777 103.746 103.710 103.676 105.643 90.612 73.586 33.566 9.558 57.513 87.489 96.471 105.459 94.453 83.453 5.456 0.000 0.000 0.000 0.000
71.463 69.464 58.464 0.000 57.460 65.460 67.459 71.459 72.458 73.458 71.458 72.457 70.457 66.457 66.456 67.456 67.455 66.455 68.455 91.454 90.455 72.455 85.456 83.458 87.461 85.468 48.484 4.494 13.499 43.500 48.495 68.496 67.502 67.510 62.521 54.534 71.550 70.568 64.589 86.612 34.635 0.709 0.778 9.865 14.919 12.997 14.092 38.235 62.625 110.296 105.349 105.101 104.843 103.832 103.794 103.760 104.727 102.695 57.665 34.639 46.616 47.595 101.567 103.545 83.527 93.515 88.508 61.505 26.504 0.000 0.000 0.000 0.000
72.471 73.471 70.472 58.474 72.470 72.469 72.468 73.468 73.467 74.467 86.467 68.467 66.466 66.466 67.466 67.466 67.466 68.466 82.466 93.466 68.467 72.468 99.469 91.472 79.476 82.482 85.491 69.499 74.504 89.506 82.507 70.510 63.516 63.524 74.535 90.548 77.564 49.583 21.605 76.632 65.669 14.729 17.787 22.853 18.921 10.007 12.074 53.353 105.601 110.373 102.329 104.983 105.914 103.878 103.843 103.809 96.776 86.744 43.715 14.688 23.663 24.640 85.616 127.596 108.579 84.566 76.558 55.553 64.552 17.552 0.000 3.761 7.761
77.478 77.478 73.479 73.479 73.478 74.477 74.477 70.476 67.476 66.476 29.476 19.476 70.476 67.476 67.476 67.476 66.476 69.476 93.477 79.477 64.478 70.480 87.482 104.485 99.489 96.494 94.500 90.506 86.511 85.514 93.517 90.522 84.528 80.536 83.546 87.559 49.575 13.594 12.615 28.642 24.682 9.734 18.782 28.838 24.907 16.006 9.166 52.419 110.515 110.446 105.221 107.068 103.957 103.927 104.891 100.857 84.824 77.792 83.763 89.735 73.709 95.685 110.662 127.642 136.626 120.613 82.604 87.599 62.597 0.000 0.000 0.000 0.000
16.486 17.486 77.485 72.486 72.486 67.485 64.485 66.485 61.485 14.485 14.485 3.485 71.485 67.485 67.485 67.486 67.486 85.487 92.487 65.488 67.490 67.491 70.494 76.496 78.500 78.504 74.509 77.514 93.518 86.522 77.527 80.531 87.538 91.545 94.555 91.568 66.583 31.601 14.621 13.639 0.000 2.742 13.771 22.811 6.859 0.000 22.379 82.626 110.582 102.560 106.289 106.028 104.013 103.974 104.938 99.903 86.870 52.838 59.808 102.780 113.753 145.729 136.706 108.686 96.669 113.655 92.646 86.642 61.642 0.669 0.000 0.000 0.000
3.494 12.493 26.490 81.493 66.494 64.494 66.494 66.494 67.494 14.494 5.494 60.494 68.494 67.495 67.495 67.496 69.496 93.497 78.498 64.499 67.500 67.502 67.505 66.507 66.511 66.514 65.518 72.523 101.527 80.531 11.535 19.540 31.546 82.553 92.562 76.573 81.588 68.608 20.630 17.653 2.685 7.721 20.748 12.776 0.000 0.000 40.547 110.711 110.648 105.442 107.185 103.095 104.058 104.020 103.983 103.948 90.915 53.883 68.852 105.823 101.796 135.770 130.747 99.726 104.708 90.694 71.684 89.679 67.681 1.694 0.000 0.000 0.000
65.502 61.502 0.000 73.502 83.502 84.502 65.502 77.502 84.502 60.502 58.503 68.503 67.503 67.504 67.505 67.505 86.506 90.507 65.508 67.509 66.511 65.513 67.515 67.518 67.521 67.524 66.528 74.531 103.535 84.539 30.543 3.547 54.552 79.558 92.566 71.576 61.589 20.611 13.637 16.659 14.683 22.707 26.725 0.751 0.000 19.463 81.718 110.773 102.695 106.421 106.164 104.144 104.102 104.064 104.027 104.992 95.958 84.925 107.894 132.865 120.836 137.810 134.786 128.763 135.744 101.728 78.717 88.710 96.709 25.713 0.000 0.000 0.000
67.511 66.511 61.514 67.511 66.511 14.510 88.510 80.510 67.511 68.511 68.512 67.512 67.513 67.513 67.514 70.515 93.516 76.517 66.518 67.519 73.521 81.523 67.525 65.528 67.531 66.534 69.537 93.540 101.543 76.546 64.550 52.554 74.558 73.562 34.568 19.574 16.582 0.000 5.647 5.662 6.680 7.700 9.712 0.000 22.508 79.671 101.851 110.832 103.658 104.303 104.226 104.185 104.146 104.107 104.070 105.034 96.000 78.967 74.935 107.904 97.875 111.848 114.822 102.798 104.776 76.758 53.744 67.736 134.733 87.735 22.745 12.752 34.756
67.518 67.519 67.519 67.519 67.518 61.518 77.518 93.519 69.519 66.520 67.520 67.521 67.522 67.523 66.524 89.524 91.525 65.526 67.528 68.529 65.531 27.533 86.535 81.538 68.540 66.543 84.546 103.548 87.551 67.554 67.557 68.560 71.563 75.566 12.568 13.571 0.000 2.641 17.643 0.000 0.661 0.000 0.000 0.000 45.612 102.799 110.945 110.889 103.542 104.378 104.263 104.228 104.187 104.149 104.112 103.076 88.041 90.007 109.974 128.943 127.913 132.884 137.856 124.830 122.805 109.784 58.767 56.756 132.751 96.749 34.749 27.753 92.758
67.526 67.526 67.526 67.526 67.526 67.526 67.526 78.527 93.527 69.528 66.529 67.530 67.531 65.532 73.533 94.534 74.535 66.536 68.537 66.538 8.541 5.543 74.545 75.548 81.550 80.552 88.554 87.557 68.559 66.562 68.564 71.566 76.569 76.570 0.000 0.000 0.000 4.639 28.640 15.640 16.642 15.641 0.000 6.689 53.845 108.010 110.998 102.878 104.595 104.331 104.312 104.268 104.228 104.189 104.152 104.115 90.080 86.046 107.013 107.980 107.949 110.918 110.889 109.860 114.832 87.804 63.783 78.771 93.764 32.762 0.000 0.000 36.763
67.533 69.533 69.533 67.533 67.534 67.534 67.534 67.535 78.536 93.537 69.538 64.539 64.540 81.541 93.542 87.544 64.545 67.546 63.546 9.545 6.550 60.553 67.555 67.557 73.559 90.561 90.563 83.565 76.567 68.569 55.571 25.573 90.575 70.576 0.000 0.000 0.000 3.637 17.637 10.639 24.640 13.640 0.000 6.828 26.928 111.103 111.051 103.747 104.483 104.389 104.348 104.307 104.267 104.228 104.191 105.154 100.119 90.084 85.050 84.017 83.984 83.952 83.921 87.890 61.857 5.818 31.792 87.780 83.774 44.772 6.775 0.000 35.768
68.540 5.540 6.540 67.541 66.541 65.541 65.542 64.543 64.544 77.545 92.546 85.547 92.549 94.550 81.552 65.553 72.555 72.556 60.558 0.000 8.563 71.564 67.566 69.567 93.569 100.570 78.572 69.574 76.575 83.577 71.578 7.580 50.581 68.582 0.000 0.000 0.000 4.633 10.635 7.637 21.639 0.000 0.000 6.886 12.203 111.153 108.995 104.711 104.453 104.430 104.386 104.345 104.305 104.266 104.229 104.192 105.156 104.121 102.087 101.052 101.018 101.985 103.953 77.922 19.889 0.000 16.787 72.782 103.779 94.778 67.778 43.777 60.773
67.547 66.547 1.547 66.548 77.548 81.549 85.550 90.551 93.552 94.553 94.554 94.556 80.557 67.559 83.561 100.563 101.565 101.567 94.570 72.576 7.574 68.575 66.576 75.577 103.578 90.580 67.581 66.582 68.583 71.584 62.586 7.587 27.588 27.590 0.000 0.000 0.000 10.628 5.632 0.000 4.639 0.000 14.901 16.123 6.575 111.202 112.946 108.585 104.507 104.464 104.422 104.381 104.342 104.303 104.266 104.229 104.194 104.158 104.123 104.087 105.051 108.018 79.985 12.953 0.000 5.830 0.000 17.782 73.782 104.783 95.783 71.781 48.776
67.554 69.554 65.555 67.555 82.556 81.556 77.557 73.558 72.560 68.561 89.563 79.564 90.566 81.568 97.570 93.572 86.575 87.577 98.580 104.583 93.584 94.585 86.586 94.587 102.588 75.589 66.590 67.590 67.591 66.592 66.593 68.594 63.596 12.599 72.605 63.610 2.615 4.620 0.000 0.000 0.000 5.900 83.945 81.149 111.294 111.249 106.822 107.652 104.536 104.499 104.456 104.416 104.377 104.339 104.302 104.266 104.230 104.195 104.159 106.122 111.082 80.049 20.017 0.000 0.000 2.830 1.830 0.000 14.785 65.788 100.789 50.789 0.000
69.561 5.561 64.561 67.562 67.563 67.563 66.564 67.566 69.567 67.569 79.571 74.573 83.575 94.577 82.579 67.582 68.584 69.587 70.590 75.592 88.594 98.595 104.596 102.597 91.597 67.598 67.598 67.599 67.599 67.600 68.600 91.601 64.602 4.604 68.607 18.610 12.614 5.617 0.000 0.000 0.000 15.885 104.091 106.303 111.337 105.152 104.861 104.596 104.576 104.531 104.490 104.450 104.411 104.374 104.338 104.302 104.267 104.232 106.198 91.160 45.107 12.078 0.000 4.830 2.830 22.830 29.829 0.000 0.000 36.796 98.796 50.796 0.000
70.567 3.568 64.568 67.569 67.569 67.570 67.572 68.573 6.575 66.577 70.579 81.581 81.583 89.586 94.588 80.591 65.594 65.597 65.599 67.602 69.604 70.605 71.606 71.607 70.607 69.607 65.607 65.607 66.607 67.607 78.607 92.607 63.607 57.607 59.608 0.000 0.000 5.617 0.000 0.000 0.000 19.979 103.101 111.422 111.380 104.010 104.741 104.646 104.604 104.562 104.522 104.483 104.445 104.408 104.372 104.337 104.303 104.270 109.239 65.214 0.000 0.000 2.832 0.831 2.830 17.830 24.829 0.000 0.000 39.803 99.803 58.803 0.000
