results1/res_4e8f-0200.wd
ncols         241
nrows         181
xllcorner     12693529.787448
yllcorner     3542525.717860
cellsize      155.156523
NODATA_value  -9999.000000
[rows 66 to 98 of 181, columns 73 to 145 of 241]
71.834 35.820 0.000 60.976 77.952 76.920 76.892 0.000 48.285 48.269 61.282 57.293 56.272 56.226 55.157 131.057 118.884 0.000 0.000 0.000 51.600 46.537 51.441 54.378 54.325 56.276 57.228 62.170 63.117 64.071 55.039 0.000 0.000 52.335 102.334 84.248 88.114 88.204 86.258 94.176 86.669 87.148 87.888 86.661 86.439 87.235 57.081 0.000 0.000 0.000 0.000 0.000 0.000 0.000 43.403 41.379 41.338 41.283 41.216 41.147 45.074 57.996 54.919 39.843 50.769 59.696 38.624 41.552 47.480 52.409 48.340 42.271 40.204
56.837 62.806 0.640 49.204 73.162 72.131 66.134 19.220 0.000 0.000 54.362 67.442 56.442 55.410 56.366 37.324 0.000 0.000 0.000 0.000 0.000 0.000 62.373 60.346 58.312 41.270 44.221 51.165 52.125 57.093 48.066 0.000 0.000 0.000 62.577 80.485 87.423 87.516 94.602 94.396 86.740 87.429 87.140 86.930 86.720 81.533 39.400 0.000 3.588 36.588 0.000 0.000 0.000 49.485 44.449 41.414 41.370 41.317 41.256 41.190 41.119 41.046 47.971 61.897 62.824 45.751 39.680 40.608 41.538 45.468 44.400 40.332 40.265
58.850 57.782 62.650 60.453 74.359 67.309 68.292 65.306 0.000 0.000 0.000 69.671 64.643 59.607 61.573 8.549 0.000 0.000 0.000 0.000 0.000 0.000 61.331 57.321 48.308 0.000 0.000 49.145 61.125 60.109 0.000 0.000 8.283 65.163 56.910 60.732 67.810 82.871 94.793 86.477 88.033 87.597 87.409 87.192 84.979 67.775 46.588 52.588 50.588 31.588 0.000 0.000 0.000 7.521 58.494 40.457 41.413 45.360 53.301 43.236 41.167 40.096 44.023 58.950 65.878 57.806 43.735 38.664 40.595 40.526 40.459 40.391 39.325
58.895 56.820 60.717 71.599 65.512 58.454 77.419 66.406 18.423 0.000 12.075 61.927 77.852 72.803 72.769 75.751 0.000 0.000 0.000 0.000 7.284 7.288 59.300 50.298 53.292 0.000 0.000 0.000 97.121 124.110 39.095 0.000 64.403 59.299 59.137 59.043 55.126 95.145 94.975 87.523 91.129 87.876 87.668 87.453 79.228 32.001 0.000 54.588 32.588 0.000 0.000 0.000 46.628 45.584 44.548 40.509 44.463 56.410 61.351 59.287 52.219 42.148 51.076 59.003 37.931 43.859 56.789 53.719 49.651 57.584 38.517 40.450 38.384
56.956 62.884 72.801 64.713 56.638 56.576 69.524 77.476 73.440 76.366 78.224 73.111 68.034 69.983 58.950 57.934 0.000 0.000 0.000 8.277 64.279 63.281 51.283 53.280 54.269 58.249 57.235 0.000 8.129 2.114 1.061 10.804 70.626 63.493 58.331 59.421 57.466 95.301 57.137 64.728 79.324 87.145 87.932 85.726 44.477 0.000 0.000 0.000 0.000 0.000 0.000 47.696 41.671 41.641 41.607 42.566 52.520 61.466 60.406 60.341 56.272 52.201 62.129 45.056 39.983 40.912 40.842 50.773 63.706 50.641 38.575 39.510 45.443
63.026 73.960 63.889 56.816 57.749 57.687 59.626 43.533 69.496 67.433 59.343 56.258 55.192 71.145 73.115 60.101 0.000 0.000 0.000 64.274 60.274 57.274 50.272 54.267 54.257 54.241 54.222 13.190 16.152 17.122 19.073 86.943 83.810 72.678 71.632 60.629 95.578 95.446 59.189 65.838 60.615 67.419 86.192 61.042 0.000 0.000 0.000 0.000 0.000 0.000 0.000 47.722 41.719 41.701 41.671 42.631 51.583 61.528 60.466 59.399 56.329 61.256 55.182 39.108 41.035 40.963 40.893 50.825 58.760 37.697 40.634 43.570 62.502
74.102 64.042 56.978 57.914 57.853 58.799 39.759 0.000 26.579 54.528 57.457 57.385 57.330 55.290 79.265 63.253 0.000 0.000 0.000 41.272 58.270 52.268 53.265 54.260 54.251 54.238 54.221 65.197 5.166 9.148 26.158 79.086 88.983 10.871 92.792 82.983 95.694 57.758 71.403 68.047 57.918 54.723 51.375 36.208 0.000 0.000 43.293 0.000 0.000 0.000 0.000 43.751 41.781 41.772 41.745 41.704 42.654 48.596 56.531 56.461 56.388 60.312 38.235 41.159 41.084 40.012 45.942 62.876 45.812 39.752 42.695 23.635 24.553
64.183 57.127 58.068 58.008 57.951 60.898 16.853 14.817 7.714 52.642 57.571 59.497 57.452 56.421 74.402 70.392 0.000 0.000 0.000 0.000 49.265 52.263 54.260 54.255 54.248 54.239 56.226 42.212 0.000 0.000 76.325 79.260 90.169 96.040 90.143 88.180 95.793 78.806 81.509 66.351 59.257 52.183 0.000 0.000 0.000 0.000 41.293 0.000 0.000 0.000 0.000 0.000 44.881 41.864 41.831 41.787 41.733 41.671 41.602 48.527 56.449 44.369 41.288 41.209 41.132 44.058 56.988 56.922 38.861 40.805 43.757 10.723 0.000
57.268 58.214 58.158 58.100 58.043 57.989 61.937 62.885 62.818 58.755 58.687 38.582 55.560 56.541 72.527 71.523 0.000 0.000 0.000 0.000 48.261 54.260 54.257 54.254 54.248 54.242 42.234 0.000 0.000 4.690 81.557 87.461 90.361 90.308 89.386 95.927 88.285 91.003 85.692 70.634 60.574 59.570 59.704 0.000 0.000 0.000 38.294 45.294 38.293 0.000 0.000 0.000 59.998 40.970 41.930 41.880 41.821 42.753 41.678 41.597 41.512 41.426 41.340 41.257 40.177 46.101 61.030 37.964 40.904 40.851 42.806 17.776 0.000
58.357 58.304 58.249 58.192 58.134 58.076 58.021 57.968 57.918 57.873 61.839 0.000 48.667 57.654 73.644 68.650 4.697 0.000 0.000 0.000 53.259 56.258 56.256 56.253 54.250 57.247 0.000 0.000 0.000 73.824 79.752 90.667 90.548 90.657 88.706 96.132 89.417 94.061 89.953 90.887 78.838 66.818 55.838 50.838 52.838 0.000 0.000 44.294 39.293 45.287 46.272 44.234 50.142 60.089 42.038 42.982 51.917 58.842 40.759 41.670 41.576 41.482 41.390 40.301 45.217 64.139 58.067 47.001 39.941 40.888 42.841 57.798 75.752
58.449 58.396 58.341 58.284 58.224 58.162 58.102 61.048 59.013 57.981 61.958 0.000 48.787 57.765 74.744 66.736 6.743 0.000 0.000 0.000 26.258 36.257 35.255 35.253 56.251 41.249 0.000 0.000 0.000 76.028 85.962 90.874 90.833 89.937 96.752 96.459 90.479 91.323 90.181 90.125 91.071 82.028 46.992 0.000 0.000 0.000 0.000 42.295 42.297 39.297 41.296 42.288 41.249 48.204 62.153 45.093 43.022 52.940 40.847 41.746 41.642 41.537 41.436 41.340 49.251 62.170 49.097 61.031 38.972 39.919 44.870 65.824 77.777
58.544 58.491 58.436 58.379 58.317 61.246 63.177 35.110 56.105 59.081 61.053 21.027 51.930 56.873 68.832 66.807 7.797 0.000 0.000 0.000 0.000 0.000 2.254 2.253 37.252 0.000 0.000 0.000 24.465 74.299 91.194 91.076 91.193 89.279 97.018 89.061 94.768 90.464 90.419 90.353 90.294 80.229 41.111 0.000 0.000 0.000 0.000 0.000 45.303 46.308 33.325 41.372 42.361 42.326 46.277 62.215 45.139 42.049 41.944 41.827 41.707 41.589 39.477 45.373 64.278 45.194 44.120 58.054 41.997 39.945 46.898 72.852 77.807
58.639 58.586 58.533 58.479 60.418 36.326 38.252 0.000 18.214 54.184 58.145 62.099 58.031 60.966 65.903 70.861 9.842 0.000 0.000 0.000 0.000 3.253 55.253 62.253 0.000 0.000 0.000 7.749 83.631 85.512 91.407 91.364 90.483 97.498 97.266 90.120 90.836 90.709 90.640 90.577 89.524 69.485 0.000 0.000 0.000 0.000 0.000 0.000 0.000 37.308 0.000 48.513 45.497 41.463 41.414 43.350 60.270 49.172 41.051 41.911 41.770 40.635 45.511 47.396 46.294 43.207 41.133 41.071 41.016 41.967 54.922 76.881 77.840
58.735 58.682 58.632 58.586 63.548 1.533 0.000 24.444 16.354 50.297 59.246 57.192 59.130 71.059 42.952 36.894 1.868 0.000 0.000 0.000 0.000 53.253 59.253 61.253 0.000 0.000 0.000 70.867 75.798 89.711 91.595 91.726 89.822 97.712 89.614 91.292 90.987 90.929 90.856 90.792 82.738 59.701 0.000 0.000 0.000 0.000 0.000 0.000 0.000 0.000 0.000 52.671 47.652 41.615 39.565 42.501 42.420 58.317 51.179 41.997 42.825 40.672 47.534 47.408 44.294 38.206 41.137 41.079 43.029 56.984 75.944 77.908 80.875
59.828 57.775 57.727 57.685 60.654 30.642 27.615 59.534 64.462 58.402 56.348 63.294 73.237 76.186 0.131 0.000 0.000 0.000 0.000 0.000 0.000 21.253 28.253 30.253 0.000 0.000 0.000 73.052 80.989 90.901 91.893 90.932 98.105 97.914 90.643 91.349 91.212 91.136 91.064 90.998 72.936 54.880 0.000 0.000 0.000 0.000 0.000 0.000 0.000 0.000 0.000 50.848 48.823 48.782 45.730 38.668 40.593 41.496 57.352 57.071 53.863 50.693 43.544 42.407 39.268 40.188 41.129 45.079 65.036 76.997 76.963 77.932 76.906
73.916 72.864 71.816 69.774 66.739 67.708 67.670 64.614 65.557 67.503 67.451 73.398 75.340 33.263 0.000 0.000 0.000 0.000 0.000 0.000 0.000 0.000 0.000 0.000 0.000 11.560 19.482 74.302 91.195 92.104 92.054 91.282 98.283 90.114 91.791 91.481 91.417 91.337 91.267 89.200 71.126 42.003 0.000 0.000 0.000 0.000 0.000 0.000 0.000 0.000 0.000 41.050 45.010 47.960 48.906 47.848 44.787 40.722 34.664 0.000 0.000 0.000 0.000 0.000 43.183 41.150 44.111 65.073 78.038 77.006 77.978 80.953 76.932
69.999 71.947 70.900 72.857 74.819 73.782 72.742 70.696 68.649 68.602 69.555 65.507 65.462 0.000 0.000 0.000 0.000 0.000 0.000 0.000 0.000 0.000 0.000 0.000 0.000 60.639 83.582 82.480 91.387 92.275 92.402 90.505 98.449 92.206 91.813 91.691 91.608 91.532 91.465 87.408 67.367 0.000 0.000 0.000 0.000 0.000 0.000 0.000 0.000 0.000 48.438 43.291 40.207 42.141 47.084 49.032 48.984 49.943 40.916 0.000 0.000 0.000 0.000 0.000 44.132 42.116 58.092 79.065 77.038 77.012 76.989 77.969 76.952
58.077 58.026 58.979 65.937 74.897 80.859 68.820 62.780 57.740 55.700 54.660 60.614 39.538 0.000 0.000 0.000 0.000 0.000 0.000 0.000 0.000 0.000 0.000 0.000 0.000 66.774 82.728 90.652 92.566 92.533 91.663 98.744 98.602 94.222 92.030 91.870 91.794 91.718 91.652 86.599 61.568 0.000 0.000 0.000 0.000 0.000 0.000 0.000 0.000 48.706 43.584 43.471 43.384 42.315 39.259 44.211 48.174 49.150 46.142 0.000 0.000 0.000 0.000 47.088 41.097 45.090 73.075 77.056 77.036 77.016 76.997 76.981 76.968
57.151 57.101 61.055 66.012 67.973 70.936 60.900 56.865 57.831 57.799 59.771 37.750 0.000 0.000 0.000 0.000 0.000 0.000 0.000 0.000 0.000 0.000 0.000 0.000 0.000 52.956 81.904 91.833 92.732 92.861 90.970 98.874 91.767 93.442 92.124 92.059 91.973 91.895 91.826 82.770 55.736 0.000 0.000 0.000 0.000 0.000 0.000 0.000 47.941 43.829 43.722 43.625 43.544 43.477 43.423 40.381 39.352 42.341 49.360 49.447 0.000 0.000 0.000 41.078 42.079 60.073 77.063 76.049 76.033 77.018 77.004 76.991 76.980
57.219 57.171 59.127 60.085 58.047 57.012 57.979 56.948 56.919 56.895 61.876 6.864 0.000 0.000 0.000 0.000 0.000 0.000 0.000 0.000 0.000 0.000 0.000 0.000 4.325 61.189 90.100 93.016 92.986 92.116 99.110 98.996 94.764 92.466 92.321 92.233 92.146 92.064 92.987 72.919 60.871 0.000 0.000 47.545 0.000 47.313 49.269 49.185 44.053 43.945 43.849 43.763 43.689 43.626 43.576 43.537 42.511 39.501 48.509 49.535 42.535 0.000 0.000 49.068 41.067 49.062 55.053 58.043 62.031 68.019 74.008 75.998 75.990
58.284 58.238 58.195 58.155 58.119 57.086 57.055 57.028 57.004 55.986 63.973 14.967 0.000 0.000 0.000 0.000 0.000 0.000 0.000 0.000 0.000 0.000 0.000 0.000 45.460 81.377 92.291 93.181 93.321 91.413 99.213 92.213 93.889 92.573 92.499 92.404 92.315 92.226 93.138 65.047 42.959 0.000 0.000 43.545 0.000 42.357 44.309 44.234 44.141 44.050 43.966 43.890 43.822 43.764 43.717 43.680 41.655 43.642 49.642 46.648 0.000 0.000 0.000 48.060 47.057 46.053 45.047 44.038 43.029 47.020 58.011 54.003 55.997
56.345 56.301 56.260 56.222 56.188 56.156 56.128 57.104 59.084 61.070 36.064 3.064 0.000 0.000 0.000 0.000 0.000 0.000 0.000 3.696 12.687 0.000 0.000 15.819 56.678 87.571 93.468 93.457 92.484 99.392 99.307 95.203 92.909 92.761 92.668 92.574 92.481 92.389 88.294 35.170 0.000 0.000 0.000 43.545 49.525 44.448 44.377 44.302 44.225 44.149 44.076 44.008 43.946 43.892 43.847 43.811 40.786 49.772 49.767 45.768 0.000 0.000 0.000 47.053 46.051 47.047 47.041 47.035 47.027 47.020 46.013 46.007 45.002
57.402 57.360 60.322 64.286 67.254 71.224 73.198 76.175 75.158 67.147 5.147 16.163 40.216 8.240 0.000 0.000 0.000 0.000 0.000 43.704 70.679 10.639 0.000 49.961 82.861 92.752 93.652 93.582 92.805 99.466 91.638 93.325 93.008 92.933 92.836 92.742 92.647 93.554 80.479 0.000 0.000 0.000 0.000 23.564 43.584 44.534 46.448 46.370 44.308 44.246 44.181 44.119 44.061 44.010 43.967 40.932 45.907 48.892 49.886 40.888 0.000 0.000 0.000 31.049 52.046 52.042 49.037 46.032 46.026 47.020 48.014 48.009 47.005
59.456 58.417 65.381 74.347 75.316 74.288 73.263 72.242 69.225 63.215 38.213 55.223 73.245 42.265 26.285 2.293 0.000 0.000 14.776 53.737 67.685 6.600 25.437 67.202 92.053 94.936 93.777 93.988 91.964 99.528 93.622 93.337 93.189 93.097 93.004 92.911 92.812 94.700 38.589 0.000 0.000 0.000 0.000 0.000 39.711 45.656 26.509 26.424 43.393 44.343 44.285 44.226 44.170 44.120 43.078 41.044 50.019 50.003 46.998 41.010 47.059 0.000 0.000 0.000 63.040 78.038 71.034 67.029 63.024 59.019 62.015 62.011 45.008
59.507 59.471 62.438 65.406 64.376 62.349 60.324 58.303 56.286 56.274 65.268 67.270 64.278 61.288 65.297 13.302 0.000 0.000 54.815 84.783 35.725 31.637 65.510 89.355 94.222 94.077 94.194 92.149 99.611 92.024 93.739 93.426 93.355 93.262 93.173 93.085 95.989 52.844 0.000 0.000 0.000 0.000 0.000 0.000 41.893 46.870 0.000 0.000 40.496 44.449 44.389 44.328 44.273 44.224 41.182 49.147 50.120 49.102 40.094 44.095 44.108 0.000 0.000 0.000 31.038 61.035 79.031 78.026 78.022 78.019 78.015 72.012 62.010
59.556 59.524 59.492 58.462 58.434 59.407 59.383 59.361 57.342 58.327 63.316 66.311 62.310 57.311 60.314 15.314 0.000 0.000 46.887 56.854 34.796 67.714 82.609 91.489 94.372 94.302 93.400 99.979 99.749 93.014 93.742 93.600 93.513 93.425 93.341 93.266 96.215 0.000 0.000 11.580 20.580 0.000 0.000 43.192 46.097 45.062 52.089 0.989 40.646 44.569 44.493 44.427 44.369 42.320 44.277 50.242 50.214 42.192 43.178 44.171 44.168 0.000 0.000 0.000 0.000 0.000 61.027 77.023 77.021 77.018 77.015 78.013 78.011
59.605 59.576 59.546 59.517 59.489 59.463 59.438 58.415 57.394 61.375 65.359 65.346 60.339 56.335 61.332 14.328 0.000 0.000 42.991 11.951 58.891 82.814 88.723 94.628 94.477 94.686 92.674 100.184 92.431 94.142 93.830 93.761 93.670 93.584 93.501 100.423 84.390 0.000 7.580 57.580 43.580 0.000 0.000 38.287 46.241 45.193 45.140 51.030 48.832 47.689 44.587 44.515 44.458 41.409 49.366 50.330 46.300 41.276 44.256 44.240 46.227 50.239 0.000 0.000 0.000 0.000 0.000 74.020 77.019 77.017 77.015 78.013 76.012
59.655 59.627 59.599 59.571 59.544 59.518 58.493 57.468 59.444 63.420 66.397 62.378 57.365 56.357 59.350 41.338 28.310 29.249 25.136 26.067 66.001 86.929 92.850 94.738 94.876 92.866 100.544 100.372 93.434 94.148 94.002 93.913 93.825 93.740 98.654 41.537 56.532 26.569 57.579 65.581 0.000 0.000 0.000 37.427 46.388 45.328 45.249 55.132 65.964 39.769 49.652 45.590 42.539 44.492 50.449 49.412 40.380 43.354 44.332 44.307 31.261 32.250 0.000 0.000 0.000 0.000 0.000 55.018 76.017 77.016 77.014 81.013 77.012
59.706 59.678 59.651 59.624 59.597 59.571 57.546 57.521 61.495 68.465 69.430 65.403 60.386 58.377 58.374 60.364 60.342 69.301 10.238 44.179 82.118 89.052 94.979 94.944 94.074 100.852 100.703 93.788 94.568 94.231 94.157 94.062 93.976 93.897 101.839 0.000 39.633 41.596 31.586 33.584 0.000 0.000 0.000 40.607 46.555 45.483 51.396 67.285 44.125 0.000 30.661 43.653 41.615 49.570 50.526 46.487 43.455 44.429 44.409 46.395 0.000 0.000 0.000 0.000 0.000 0.000 47.017 28.017 67.016 77.015 77.014 82.013 77.012
59.757 59.730 59.703 59.676 59.650 58.624 57.599 59.574 66.548 43.515 19.455 18.419 15.400 45.393 62.403 57.403 60.394 41.373 3.338 49.293 87.240 93.187 95.074 95.316 93.338 100.989 94.119 94.896 94.464 94.405 94.300 94.207 94.118 95.035 92.964 14.909 14.771 0.000 0.000 0.000 0.000 0.000 39.985 47.839 45.741 44.654 64.567 68.487 0.000 0.000 0.799 39.746 45.700 50.648 50.599 40.557 44.523 44.497 44.479 47.470 0.000 0.000 0.000 0.000 0.000 0.000 26.017 0.000 55.014 77.014 77.013 83.013 77.012
59.808 59.781 59.754 59.728 58.702 57.676 59.652 62.629 70.609 29.593 0.000 0.000 0.000 0.000 44.441 59.450 60.458 46.461 48.445 74.414 91.373 95.297 95.469 93.489 101.231 101.116 95.097 94.791 94.643 94.539 94.441 94.346 94.254 97.162 82.074 10.992 0.000 0.000 0.000 0.000 0.000 1.361 40.132 47.021 45.917 43.824 71.731 32.609 0.000 0.000 45.981 50.873 50.790 50.722 48.665 43.619 44.583 44.557 44.541 46.535 0.000 50.626 2.626 0.000 0.000 0.000 0.000 0.000 48.013 77.013 77.013 77.012 77.012
59.858 59.832 59.805 59.779 58.753 57.727 61.703 65.682 69.665 27.656 0.000 0.000 0.000 0.000 24.470 67.499 62.529 68.566 81.569 90.547 94.507 95.513 94.662 101.436 101.337 94.431 95.206 94.863 94.779 94.675 94.578 94.484 98.388 61.284 33.179 0.000 0.000 0.000 0.000 0.000 2.639 42.519 47.335 46.196 48.084 44.992 68.925 0.000 0.000 41.284 48.117 63.976 52.867 49.784 45.719 43.670 43.634 44.608 44.594 44.593 49.617 45.626 36.626 0.000 0.000 0.000 44.012 46.012 45.012 77.012 77.012 77.012 77.012
59.908 59.882 59.856 59.830 57.804 59.777 65.752 66.729 64.713 51.709 12.725 0.000 0.000 0.000 0.000 20.546 16.593 56.704 87.719 91.697 95.637 95.806 93.928 101.525 93.740 95.519 95.084 95.018 96.906 95.806 94.711 94.622 100.532 23.408 0.000 0.000 0.000 0.000 0.000 23.862 62.758 62.640 50.494 47.343 58.230 53.136 54.052 14.972 2.808 39.451 44.228 55.045 50.918 54.826 48.759 51.710 50.673 47.648 44.633 43.628 43.633 49.635 0.000 0.000 0.000 0.000 41.012 41.012 51.012 77.012 77.012 77.012 77.012
