results1/res_4e8f-0230.wd
ncols         241
nrows         181
xllcorner     12693529.787448
yllcorner     3542525.717860
cellsize      155.156523
NODATA_value  -9999.000000
[rows 33 to 65 of 181, columns 146 to 218 of 241]
65.024 64.239 63.964 64.600 31.258 42.927 64.611 58.296 36.871 0.000 0.000 36.974 12.974 17.974 33.976 58.979 45.978 11.976 0.000 0.905 50.892 58.878 16.855 43.829 35.808 36.785 40.749 49.712 67.673 58.644 53.616 48.594 49.574 49.557 48.542 47.526 46.508 54.490 64.471 56.455 56.440 54.425 33.411 47.399 55.390 0.000 25.970 30.943 54.874 52.816 57.762 67.712 60.670 55.650 10.640 0.000 38.592 38.583 45.579 23.583 0.000 0.000 0.000 0.000 0.000 0.000 0.000 0.000 0.000 0.000 0.000 0.000 0.000
64.977 64.722 64.375 65.044 42.721 60.417 63.149 56.957 0.000 0.000 14.974 38.974 0.000 0.000 0.000 42.989 42.984 50.974 13.955 63.929 51.903 38.881 47.857 38.832 36.807 36.780 35.749 37.716 65.683 63.653 63.626 65.602 58.582 60.563 59.545 59.528 59.510 60.493 64.476 62.461 63.447 58.434 35.422 34.413 7.408 0.000 22.914 36.897 44.862 39.813 45.759 58.703 58.669 56.649 14.639 0.000 0.000 43.566 15.563 0.000 0.000 0.000 0.000 0.000 2.446 45.440 44.433 46.427 36.422 39.418 6.416 0.000 0.000
65.459 65.121 64.798 64.477 64.166 64.872 56.610 43.425 0.000 0.000 0.000 6.974 0.000 0.000 0.000 40.004 36.995 49.981 54.961 46.937 55.912 53.887 34.861 35.835 36.808 36.780 48.750 52.719 56.689 49.660 46.633 56.609 30.587 37.567 32.548 32.530 32.513 35.496 61.480 50.466 48.453 50.441 35.432 37.424 17.420 0.000 32.875 89.869 14.866 0.000 0.000 7.670 59.654 58.639 17.628 0.000 0.000 40.553 37.544 39.525 37.509 45.495 51.482 43.468 65.452 72.440 70.432 55.425 35.420 34.417 38.414 8.412 0.000
65.857 65.536 65.214 64.900 65.595 60.296 41.993 32.709 41.709 0.000 0.000 0.000 0.000 0.000 0.000 37.027 36.013 38.993 34.971 45.946 48.920 51.893 40.866 35.838 35.810 35.782 60.752 66.723 48.693 42.664 42.637 43.612 40.590 40.569 40.550 41.532 44.515 41.498 62.483 54.469 52.457 52.447 34.438 48.432 74.429 0.000 24.842 77.839 0.000 0.000 0.000 9.654 59.638 57.624 35.607 40.582 38.562 36.548 36.536 36.521 35.507 42.495 49.483 36.471 54.453 72.438 68.429 48.423 33.418 33.414 38.411 6.410 0.000
66.274 65.945 65.624 65.314 62.017 47.723 36.358 0.000 0.000 0.000 0.000 41.177 4.163 10.140 2.107 36.064 37.035 37.009 35.983 35.956 41.928 34.900 34.871 36.842 35.813 34.784 58.755 55.726 63.697 67.667 66.639 61.614 57.591 59.571 55.551 59.533 59.516 60.499 64.485 62.471 63.460 59.450 34.442 46.437 68.434 0.000 19.813 80.806 0.000 0.000 0.000 0.000 56.620 59.611 38.595 36.575 36.557 36.542 36.529 36.516 35.504 42.494 51.485 7.478 0.000 30.428 73.424 49.419 33.414 33.410 37.407 4.406 0.000
66.687 66.347 66.022 65.715 55.435 37.221 0.000 0.000 0.000 0.000 39.206 42.191 55.172 55.148 43.119 36.085 36.055 37.026 36.997 35.967 34.938 35.907 35.877 35.846 34.816 43.786 62.757 41.729 55.701 32.669 65.637 55.613 54.591 54.571 51.551 56.532 57.515 57.499 64.485 62.472 59.461 59.451 34.444 48.439 67.437 0.000 5.789 73.766 0.000 0.000 0.000 0.000 60.611 59.604 35.589 37.566 36.549 37.535 37.522 37.511 38.500 46.491 26.484 0.000 0.000 31.423 73.420 54.415 41.410 35.406 38.402 5.401 0.000
67.097 66.735 67.400 60.090 47.788 37.505 0.000 0.000 0.000 0.000 36.221 53.207 47.187 36.163 38.135 38.104 36.073 35.042 37.011 35.979 36.947 36.915 36.882 35.850 35.818 55.788 55.759 55.732 55.711 0.000 37.628 35.610 36.590 36.569 37.550 41.531 44.514 42.498 62.483 56.470 50.459 52.450 35.444 47.439 66.437 0.000 0.000 46.703 37.678 0.000 0.000 0.000 54.609 37.606 0.000 32.552 38.538 42.526 49.515 49.504 49.494 51.484 23.478 0.000 15.426 79.422 72.416 74.411 62.405 37.400 38.396 6.393 0.000
67.495 67.097 66.754 52.458 4.123 0.063 0.000 0.000 0.000 14.276 52.251 47.230 37.207 38.181 38.153 38.123 38.091 36.059 35.025 34.991 36.957 35.922 35.887 34.853 36.820 51.788 42.758 51.729 52.701 11.667 11.635 51.611 50.589 50.567 50.547 52.528 52.511 53.494 65.480 61.467 56.456 58.447 34.441 43.437 71.435 0.000 0.000 105.665 74.652 41.633 28.624 0.000 0.000 0.000 0.000 0.000 35.523 44.517 48.507 47.497 50.487 52.476 38.464 43.446 59.431 74.421 72.413 72.406 60.400 37.393 37.388 13.384 0.000
67.865 68.404 60.062 42.863 0.000 0.000 0.000 2.341 2.328 59.301 53.277 37.253 38.229 38.203 38.174 38.143 38.110 38.076 35.041 36.004 35.967 35.929 36.892 35.855 35.820 38.787 43.755 55.725 42.695 54.665 59.636 52.610 61.586 51.564 52.544 55.524 54.506 53.490 63.475 59.462 47.451 46.442 35.436 42.432 71.432 0.000 0.000 96.641 86.633 63.623 32.615 0.000 0.000 8.544 3.540 0.000 6.516 55.510 47.501 41.491 38.480 53.469 40.456 42.442 50.430 71.419 73.410 71.401 57.394 37.386 34.378 38.370 32.359
76.154 73.594 46.225 36.070 0.000 0.000 4.365 37.355 51.342 52.322 46.301 41.279 38.254 38.226 38.197 38.165 37.131 40.095 45.057 41.018 35.977 36.936 35.895 35.856 35.819 35.784 42.752 43.721 41.690 48.661 47.633 42.607 54.583 34.560 42.539 49.519 48.500 42.483 61.468 54.455 34.443 33.434 36.427 38.425 42.428 0.000 0.000 74.623 54.618 91.609 77.598 13.578 14.562 65.547 39.537 37.525 37.514 39.505 50.496 44.485 12.474 65.463 53.451 49.438 47.426 58.415 74.405 66.396 49.387 38.379 34.370 41.360 65.347
0.000 0.000 25.173 43.121 0.000 0.000 39.376 49.371 63.361 47.346 46.328 46.306 39.281 38.252 38.222 38.188 45.153 53.115 54.076 46.033 40.988 35.942 34.897 35.854 39.815 36.780 35.747 34.715 40.685 41.656 40.628 41.602 43.577 36.554 42.532 47.512 49.493 45.475 61.460 55.445 37.433 36.423 36.415 32.411 0.000 0.000 0.000 30.610 49.607 49.599 83.588 98.574 91.560 59.547 45.535 46.523 46.512 49.501 71.491 89.480 98.469 97.457 99.445 98.433 92.422 86.411 78.400 61.391 44.381 35.372 36.362 49.352 68.340
19.326 0.000 0.000 0.000 0.000 10.391 42.392 62.391 54.386 57.374 54.358 44.336 37.311 38.281 38.249 49.214 54.177 50.138 45.097 42.052 44.999 39.947 39.897 35.849 40.809 34.773 35.740 36.708 35.678 35.649 35.622 35.595 34.571 35.547 35.525 39.504 45.484 44.466 62.449 56.434 35.421 36.410 36.401 35.392 10.381 0.000 0.000 34.602 60.599 49.592 51.583 66.571 77.558 87.545 89.533 95.521 98.509 98.498 97.486 93.475 84.464 82.452 84.440 87.428 89.417 90.405 88.395 92.385 84.375 51.365 38.355 57.345 74.334
58.777 17.649 0.000 0.000 7.362 43.391 59.409 52.417 44.416 52.407 56.392 57.371 47.344 36.313 46.279 55.242 45.203 37.163 37.123 39.078 7.009 7.950 6.894 32.836 36.797 38.763 38.731 35.700 35.670 36.642 35.614 35.588 35.562 36.538 35.516 35.494 35.474 38.455 55.437 54.421 36.407 36.395 36.385 37.376 38.370 0.000 0.000 33.597 51.594 52.588 64.579 51.568 31.556 35.543 71.530 95.518 79.506 74.494 77.482 70.470 56.459 45.447 36.435 34.423 35.411 45.400 43.389 38.378 77.368 92.358 70.348 68.338 72.328
0.000 33.522 11.946 6.185 42.333 52.401 59.436 43.452 46.454 44.447 42.432 50.410 55.382 50.349 54.312 43.271 37.229 38.189 38.153 46.127 0.000 0.000 0.000 29.803 38.781 49.752 50.722 45.691 41.662 43.633 39.605 38.578 36.553 35.529 35.505 36.483 35.462 35.442 38.424 47.407 35.391 35.378 36.367 35.358 4.353 0.000 0.000 14.594 12.592 66.587 50.579 35.568 49.554 51.540 97.527 78.514 61.502 43.490 34.478 35.466 36.454 37.441 37.429 37.417 36.405 34.394 33.383 34.372 42.361 79.351 87.341 72.331 71.322
0.000 20.972 44.130 46.276 45.382 60.446 45.482 39.499 41.502 40.495 37.479 36.456 51.426 58.389 61.347 49.301 39.254 36.210 44.174 10.151 0.000 0.000 0.000 32.793 42.771 49.743 50.712 50.682 52.652 60.623 58.595 54.568 52.543 48.518 42.494 37.471 35.449 36.428 35.409 40.390 33.373 34.358 35.346 37.337 58.332 0.000 0.000 0.000 28.593 70.588 30.581 39.570 30.553 69.536 87.523 47.511 35.499 37.486 37.474 37.461 37.449 37.436 34.424 34.411 33.399 34.387 34.376 34.365 50.354 65.344 38.334 98.323 70.314
0.000 21.262 44.328 37.407 56.474 56.520 51.547 42.560 36.561 37.552 38.534 49.509 52.475 44.435 47.387 56.333 57.276 47.223 4.183 0.000 5.933 4.897 37.851 43.804 47.768 46.735 47.703 47.671 45.641 52.612 53.584 53.557 54.531 51.506 50.482 51.458 42.435 37.413 38.392 35.372 36.353 35.336 34.322 36.311 51.305 0.000 0.000 0.000 28.598 72.592 34.586 10.578 0.000 15.527 54.519 36.508 37.496 35.483 35.470 35.457 34.444 33.431 34.418 34.405 33.393 34.380 33.369 32.357 35.347 31.338 27.328 91.313 100.302
0.000 18.487 38.513 48.550 58.585 49.612 49.628 51.633 49.629 40.617 46.597 55.569 44.533 37.488 36.433 42.367 52.295 59.223 23.152 15.060 40.970 40.906 35.852 44.803 49.763 50.727 46.693 46.659 38.629 35.599 35.572 35.545 34.519 32.494 39.469 53.445 52.421 51.397 46.375 37.353 35.332 36.312 35.295 35.280 36.272 0.000 0.000 0.000 43.609 10.598 14.592 0.000 0.000 0.000 33.517 13.506 16.493 33.478 32.466 32.453 33.439 35.426 35.412 35.399 34.386 34.373 32.361 32.349 33.339 21.331 0.000 11.300 94.287
0.000 17.686 41.686 60.695 51.706 48.715 48.718 49.715 48.706 50.690 55.667 44.637 38.599 38.550 38.488 37.409 38.314 44.222 61.141 59.059 37.979 36.908 35.846 36.795 48.753 46.716 57.681 45.646 38.615 36.586 37.559 36.532 41.506 49.481 45.456 39.431 45.406 55.381 52.356 51.332 42.309 35.286 35.264 36.244 34.230 0.000 0.000 43.638 31.632 0.000 0.000 45.540 40.539 39.534 31.525 0.000 0.000 38.472 35.462 35.449 35.435 35.420 35.406 35.392 35.378 35.365 35.352 34.340 35.328 37.316 27.303 0.000 36.269
5.975 30.885 55.851 51.836 40.829 45.823 50.815 45.804 51.789 57.769 49.745 37.714 36.676 38.627 38.561 42.466 43.330 37.211 48.130 44.057 40.978 37.900 34.831 41.778 45.737 47.704 38.671 65.628 53.598 43.571 35.545 41.519 60.493 70.468 63.442 40.416 42.390 45.364 49.338 54.311 52.285 48.258 37.231 34.204 41.173 47.130 0.000 18.644 39.650 0.000 0.000 15.542 35.543 35.537 35.525 40.510 39.494 35.476 34.461 35.446 35.431 35.415 35.400 35.385 35.371 35.357 35.343 35.330 34.317 34.304 35.289 38.271 34.260
18.066 52.028 57.996 42.971 37.952 39.934 41.915 52.896 56.876 67.854 66.828 59.799 48.763 37.720 40.662 7.564 0.000 36.161 42.110 39.060 1.978 35.882 39.798 56.750 55.715 58.690 0.000 30.597 70.578 64.555 50.530 56.505 74.480 74.454 72.429 41.402 47.375 47.348 49.320 37.291 46.261 52.231 51.199 50.166 63.129 72.087 5.043 0.000 29.672 54.695 0.000 0.000 58.555 39.544 39.529 39.512 39.495 40.477 34.460 33.444 37.427 34.409 34.393 34.377 34.363 35.348 34.334 33.320 33.307 33.293 33.278 33.264 32.251
17.193 63.166 49.133 38.101 38.072 38.044 51.017 48.989 65.965 80.942 77.916 74.889 69.859 60.829 51.803 0.000 0.000 0.000 30.092 41.078 0.000 0.000 32.731 50.708 49.681 64.652 36.611 37.586 70.563 75.540 71.516 70.492 73.467 73.442 74.416 53.389 45.361 47.332 47.302 37.271 46.238 40.204 59.169 30.131 69.091 91.047 61.999 31.948 0.000 32.718 0.000 34.606 94.578 47.556 49.535 49.515 45.496 46.477 38.459 33.443 15.424 34.401 34.385 37.369 40.354 50.339 40.325 35.311 36.296 36.282 36.268 36.254 36.241
49.349 53.310 47.268 45.228 40.191 52.156 46.118 59.077 37.054 7.032 58.007 76.981 75.955 76.933 59.918 0.000 0.000 0.000 24.087 47.083 0.000 0.000 29.685 44.671 39.650 66.625 77.596 77.571 73.548 73.526 73.503 74.479 73.455 73.430 73.404 67.376 42.348 44.317 42.285 37.252 48.216 49.179 52.141 9.100 54.056 90.009 59.958 77.897 38.814 24.741 36.689 92.633 80.595 52.566 46.540 48.517 42.496 36.476 34.458 32.444 0.000 40.388 48.376 56.361 63.346 72.330 61.315 41.301 35.286 36.272 36.257 36.244 36.230
60.531 49.457 49.401 45.352 52.309 49.269 52.223 76.147 63.142 46.124 67.099 76.073 75.048 74.029 54.018 0.000 0.000 0.000 0.000 2.083 0.000 0.000 35.654 44.642 55.623 71.601 73.578 73.555 73.533 73.512 73.490 73.467 73.443 73.419 73.393 73.365 59.336 49.304 42.271 35.235 39.196 39.156 44.114 63.071 49.025 83.977 69.925 76.868 83.804 69.744 74.692 83.644 59.605 60.572 46.543 45.518 37.494 34.472 35.452 37.431 51.406 57.386 75.369 74.353 73.337 72.321 72.306 62.290 40.275 35.261 36.246 36.233 36.219
51.667 39.588 41.525 53.471 50.425 50.386 20.358 0.000 55.245 81.221 76.192 75.163 77.137 59.116 45.108 29.134 0.000 0.000 0.000 0.000 0.000 0.000 41.636 58.618 70.598 73.578 73.558 73.538 73.518 73.498 73.477 73.456 73.433 73.409 73.383 73.356 74.326 68.294 60.258 52.220 50.178 53.135 44.090 61.044 39.997 81.949 14.898 35.846 70.791 42.738 33.690 89.646 53.607 57.573 55.543 36.516 34.491 35.468 35.445 43.424 64.401 75.381 72.362 72.345 72.328 69.311 68.295 66.280 65.265 39.250 35.235 35.221 35.208
41.779 38.704 51.639 51.583 46.534 66.494 20.464 29.450 69.371 76.324 75.286 75.251 75.219 51.190 51.165 62.160 0.000 0.000 0.000 0.000 0.000 0.000 0.000 8.596 67.574 79.556 74.539 73.521 73.503 73.485 73.466 73.445 73.424 73.401 73.376 73.349 73.319 74.286 75.249 72.208 72.163 75.115 55.066 61.018 34.970 75.922 11.874 13.825 66.776 36.728 46.684 80.642 61.605 53.571 57.541 34.512 35.486 34.462 36.439 46.416 67.395 68.374 73.355 72.336 67.319 64.301 68.285 73.269 72.253 61.238 42.223 41.209 40.195
37.882 51.809 52.744 40.686 51.636 72.591 65.553 71.516 77.464 75.418 75.376 75.337 72.299 56.259 6.201 2.181 0.000 0.000 0.000 0.000 0.000 0.000 0.000 0.000 12.546 24.534 65.519 74.505 73.489 73.473 73.455 73.436 73.416 73.395 73.371 75.345 74.315 74.282 73.243 75.199 74.150 74.097 64.042 61.991 38.943 50.896 80.850 59.805 67.759 36.716 64.674 58.635 61.599 49.566 43.535 35.507 35.480 35.455 43.431 48.409 49.387 54.366 62.346 60.327 61.309 72.291 72.274 72.258 72.242 73.226 67.211 63.197 61.183
52.976 52.905 41.841 37.783 52.731 71.683 77.640 76.598 75.552 75.507 75.464 76.422 67.380 60.346 0.000 0.000 0.000 0.000 0.000 0.000 0.000 0.000 0.000 0.000 21.529 41.513 68.501 74.489 73.476 73.461 73.446 73.429 73.411 73.391 75.369 75.344 75.316 67.283 72.243 75.197 78.141 76.079 70.015 65.961 53.914 37.869 85.826 68.783 70.742 35.701 81.662 45.625 26.590 43.558 34.528 35.499 34.472 43.447 49.423 48.400 48.378 47.356 40.336 36.317 66.298 72.280 72.262 72.246 72.229 72.214 73.198 73.184 73.169
50.065 40.995 38.932 36.874 53.820 73.772 75.726 75.682 75.639 75.595 75.552 77.506 56.452 54.399 0.000 0.000 0.000 0.000 0.000 0.000 0.000 0.000 0.000 0.000 0.000 55.488 74.482 73.474 73.463 73.451 73.438 73.423 75.407 74.389 74.369 74.347 68.321 46.290 62.250 72.204 23.136 14.064 47.978 54.925 63.882 50.841 71.801 89.762 74.723 41.685 83.648 7.613 19.579 32.548 35.518 35.490 37.463 47.438 45.413 46.390 48.368 51.346 45.326 46.306 62.287 72.268 72.250 72.233 72.217 72.201 72.185 72.170 72.156
41.147 39.080 44.017 48.959 63.906 75.856 75.810 75.767 75.725 75.684 75.643 76.597 63.525 0.000 0.000 0.000 0.000 0.000 3.435 40.435 1.435 19.435 0.000 0.000 0.000 30.470 65.467 72.461 73.452 73.442 73.431 73.418 75.404 73.389 73.372 73.353 57.332 53.305 15.263 17.234 0.000 0.000 32.906 39.880 61.847 47.812 52.776 95.739 78.703 57.667 67.632 17.599 62.567 39.536 35.507 35.479 37.453 46.427 57.403 57.380 59.357 65.335 60.314 71.294 72.275 72.256 72.238 72.220 72.203 72.187 72.172 72.156 72.142
42.226 39.160 46.098 65.041 75.987 75.938 75.892 75.849 75.809 75.772 75.739 81.714 0.000 0.000 0.000 0.000 0.000 0.000 40.435 52.435 39.435 54.435 50.436 0.000 20.448 52.454 59.454 70.450 73.443 73.435 73.426 74.415 73.403 73.390 73.376 69.362 58.348 63.336 0.000 0.000 0.000 16.854 49.861 41.843 59.815 35.784 37.751 85.717 84.683 76.648 62.615 62.583 51.552 46.523 35.495 35.467 35.441 45.416 67.392 74.368 73.345 73.323 65.302 72.282 72.262 72.243 72.224 72.207 72.190 72.173 72.157 72.142 72.127
40.300 38.235 53.174 73.118 77.065 76.016 75.971 75.929 75.891 75.856 75.827 82.807 0.000 0.000 0.000 0.000 0.000 0.000 29.435 49.435 49.435 48.435 51.436 35.438 43.442 51.445 51.444 68.441 74.436 73.430 73.422 73.412 73.403 73.392 74.381 66.371 62.362 56.356 0.000 0.000 0.000 9.847 13.841 41.814 60.786 37.758 33.727 72.695 89.662 86.629 67.597 46.566 45.537 46.509 37.481 34.455 35.429 38.404 49.379 69.356 72.333 72.311 64.289 72.269 72.248 72.229 72.211 72.193 72.175 72.159 72.143 72.127 72.112
39.370 41.307 61.247 77.191 76.139 76.091 76.047 76.006 75.969 75.935 77.905 75.881 0.000 0.000 0.000 0.000 0.000 0.000 15.435 54.435 60.435 65.435 56.435 55.436 49.438 45.438 56.438 70.435 73.431 73.425 76.419 74.411 73.403 73.394 73.386 68.378 60.372 55.370 30.373 0.000 0.000 0.000 0.000 3.786 52.758 38.733 34.706 67.674 98.641 79.608 58.577 49.548 51.520 49.493 44.467 33.441 35.416 34.391 38.366 57.343 72.320 72.297 64.276 72.255 72.234 72.215 72.196 72.178 72.160 72.143 72.127 72.112 72.097
39.437 49.375 69.315 77.260 76.209 76.162 76.118 76.079 76.043 77.010 74.978 62.929 46.929 0.000 0.000 0.000 0.000 0.000 17.435 55.435 64.434 64.434 68.434 70.434 53.434 52.434 67.433 73.430 73.427 73.422 74.416 73.410 73.403 73.397 73.390 71.384 59.379 60.377 54.377 0.377 0.000 0.000 0.000 0.000 38.726 38.712 32.688 77.656 65.618 71.586 41.556 61.529 55.503 48.477 48.452 39.427 34.402 35.377 34.353 46.329 69.306 71.283 65.261 72.240 73.220 72.200 72.181 72.162 72.145 72.128 72.111 72.096 72.080
