results1/res_4e8f-0119.wd
ncols         241
nrows         181
xllcorner     12693529.787448
yllcorner     3542525.717860
cellsize      155.156523
NODATA_value  -9999.000000
[rows 132 to 164 of 181, columns 0 to 72 of 241]
94.530 99.530 103.529 103.528 105.527 105.526 99.524 90.522 76.520 65.517 64.514 65.511 64.507 63.503 68.498 82.492 93.485 98.478 98.469 95.459 87.447 78.432 69.414 63.392 68.363 70.329 69.289 70.245 68.208 63.174 77.140 100.108 67.081 0.000 0.000 0.000 6.755 58.747 70.741 67.717 69.697 75.683 93.678 79.677 63.680 62.684 62.690 74.698 95.707 36.717 9.729 4.750 0.000 0.000 0.000 0.000 0.000 0.000 0.000 0.000 0.000 0.000 0.000 0.000 26.394 6.316 10.238 51.139 73.994 77.893 77.785 87.870 115.335
72.534 74.534 77.533 83.533 93.532 99.530 104.529 104.527 97.524 83.522 72.518 66.515 70.511 77.506 90.501 105.495 104.489 101.481 101.472 104.462 104.449 100.435 88.418 76.397 68.372 63.343 64.312 63.279 64.248 72.220 94.195 102.174 14.160 0.000 0.000 0.000 16.762 44.770 62.800 71.794 72.777 69.758 70.755 80.754 75.752 68.751 72.750 80.750 93.751 34.753 20.758 26.771 6.785 0.000 0.000 0.000 0.000 0.000 0.000 0.000 0.000 0.000 0.000 0.000 8.472 0.000 58.262 80.183 76.062 85.034 76.096 115.459 104.217
64.539 64.539 64.538 66.537 71.536 75.535 82.533 91.531 99.529 102.526 96.523 94.519 96.515 99.511 98.505 91.499 82.493 80.485 80.476 85.466 91.454 98.441 101.424 100.406 89.384 79.361 74.335 72.309 81.285 97.263 98.245 84.232 17.226 0.000 0.000 0.000 0.000 0.000 45.894 72.881 51.859 39.816 54.830 69.830 84.825 88.818 90.809 91.800 87.793 14.787 1.778 29.790 26.800 14.812 20.818 14.820 0.000 0.000 0.000 0.000 0.000 0.000 42.693 12.642 78.549 100.483 133.336 89.309 84.360 65.316 101.380 105.896 105.802
65.544 65.544 65.543 65.542 64.541 63.540 65.538 70.536 76.534 86.531 96.528 98.524 91.520 81.516 75.510 67.505 63.498 63.491 63.482 65.472 70.461 76.449 83.434 95.418 100.399 102.380 101.359 97.339 100.320 93.303 75.290 67.283 46.286 4.309 0.000 0.000 0.000 0.000 39.000 71.979 14.963 0.000 47.921 72.912 91.901 99.886 85.869 88.849 74.834 32.825 0.000 56.810 25.814 17.817 28.821 28.823 0.198 0.000 0.000 0.000 0.000 29.800 48.745 121.685 150.606 133.487 117.040 115.985 107.654 106.294 106.169 106.038 71.260
65.549 65.549 65.549 65.548 65.547 65.545 65.544 64.542 64.539 67.537 73.534 72.530 68.526 64.521 64.516 64.510 65.504 65.497 65.489 65.480 64.470 63.458 65.445 71.431 78.416 87.400 95.383 91.367 80.352 68.339 64.330 69.325 77.325 53.332 31.336 31.321 17.288 18.229 54.127 75.072 25.051 7.060 67.019 98.998 100.979 79.958 82.930 81.894 69.868 58.853 9.840 37.826 11.830 0.240 12.827 0.153 2.297 0.289 0.000 0.000 0.000 10.857 73.801 79.720 75.706 76.864 74.838 106.626 106.522 106.412 73.609 76.387 78.258
65.555 65.555 65.554 65.554 65.553 65.551 65.550 65.548 65.545 65.543 64.540 64.536 64.532 65.527 65.522 65.517 65.511 65.505 65.497 65.489 65.480 65.470 65.458 64.446 63.433 64.420 68.406 66.394 65.382 69.372 72.365 71.360 69.359 71.358 71.354 68.340 68.313 72.271 47.209 33.130 22.109 40.111 85.097 99.080 79.060 72.035 70.999 50.929 46.892 9.880 0.000 0.000 0.448 2.522 0.000 0.000 6.303 21.281 36.236 6.171 20.088 82.939 89.925 87.996 85.981 87.061 106.822 106.726 87.856 94.647 87.501 93.274 85.115
65.561 65.561 65.560 65.559 65.559 65.557 65.556 65.554 65.552 65.549 65.546 65.542 65.538 65.533 65.529 65.524 65.519 65.513 65.507 64.499 71.491 73.482 65.472 64.462 63.451 64.440 66.429 69.419 72.410 71.403 66.397 67.393 74.391 77.388 73.383 67.372 64.355 73.332 4.308 0.000 7.144 80.178 89.179 76.166 68.146 88.124 34.104 0.000 0.000 0.461 1.546 1.550 1.545 2.541 0.000 0.000 31.332 73.304 102.258 63.194 96.077 104.234 101.195 100.285 107.089 107.004 106.915 99.941 101.819 101.517 100.378 99.310 17.227
65.567 65.567 65.566 65.566 65.565 65.564 65.562 65.561 65.559 65.556 68.553 68.550 66.545 70.540 68.535 65.531 65.527 65.522 64.517 62.510 73.503 81.495 67.487 64.478 66.469 69.460 71.452 70.444 67.437 69.432 74.427 76.425 77.423 77.421 72.417 66.411 75.402 94.392 13.384 0.000 0.000 54.280 77.273 74.258 78.236 98.208 32.190 0.000 1.542 1.542 1.551 1.559 1.554 3.557 0.000 29.443 81.393 97.342 100.272 105.271 102.436 99.426 107.323 107.249 107.171 99.252 100.037 100.911 100.592 100.564 93.496 70.404 0.000
65.573 65.573 65.573 65.572 65.571 65.571 65.569 65.568 65.566 66.564 73.561 73.558 50.553 18.545 39.541 69.539 63.536 66.532 72.527 75.522 75.515 71.509 67.502 68.494 71.487 70.480 69.473 71.467 75.463 75.459 77.457 76.455 67.455 62.455 64.454 77.453 96.451 106.451 28.452 0.000 0.000 29.387 85.377 87.359 94.329 93.284 29.258 0.000 1.542 0.000 0.581 1.581 0.000 7.575 33.553 77.502 99.421 102.438 101.528 101.531 100.624 107.463 107.394 99.457 100.258 101.120 100.908 100.763 100.721 92.654 84.613 0.000 0.000
65.580 65.580 65.579 65.579 65.578 65.578 65.577 65.575 65.574 67.572 76.570 87.567 63.564 0.559 6.546 54.548 80.546 72.543 70.539 70.534 68.528 67.523 69.517 71.511 69.505 65.499 67.494 79.490 81.487 71.485 65.485 62.485 62.487 67.489 81.492 97.495 94.500 78.507 50.522 18.556 12.554 56.505 85.487 67.472 58.438 50.341 15.299 0.034 0.009 20.612 11.609 1.602 0.000 26.617 77.589 99.505 101.701 100.694 100.804 107.659 107.596 107.531 99.519 101.404 101.117 100.991 100.937 100.864 94.789 81.726 71.690 0.000 0.000
65.587 65.587 65.586 65.586 65.585 65.585 65.584 65.583 65.582 67.581 77.579 64.577 20.573 2.578 0.000 22.561 76.558 68.555 70.551 69.547 67.542 70.537 71.532 68.527 65.522 61.518 71.514 85.512 72.510 62.510 63.512 68.514 78.518 89.523 100.528 93.536 71.545 66.557 85.573 92.592 93.599 97.594 72.596 33.603 5.611 0.000 0.047 0.086 0.000 33.615 20.618 0.703 31.727 77.662 99.682 101.872 100.890 107.831 107.776 107.719 99.787 100.586 101.475 101.174 101.159 101.100 101.025 101.935 89.855 60.771 49.730 7.730 1.730
64.594 64.594 65.593 65.593 65.593 65.592 65.592 65.591 65.590 68.590 78.589 49.588 0.000 8.586 46.585 48.576 65.571 67.567 55.564 37.560 75.556 70.552 66.547 65.543 63.539 65.536 81.533 84.532 66.532 69.534 81.538 90.542 99.548 97.556 85.564 71.574 64.587 80.602 84.620 72.640 53.658 51.675 39.698 19.734 8.792 2.914 1.076 21.132 16.137 0.000 0.000 25.805 77.830 100.933 101.953 100.065 107.934 107.883 99.951 100.762 101.640 101.447 101.325 101.302 101.249 101.198 104.129 67.997 47.926 0.000 0.000 0.000 0.000
73.601 71.601 68.600 66.600 63.600 63.600 63.600 63.600 62.599 67.599 79.598 62.598 43.600 51.596 69.592 65.588 62.583 68.580 63.576 50.573 70.570 64.566 63.563 63.559 65.556 79.553 87.551 53.551 45.552 95.556 100.562 95.569 84.578 74.587 66.598 62.611 73.626 85.645 53.666 28.690 11.717 2.749 19.789 18.841 8.911 10.003 13.102 41.147 25.142 0.000 0.000 58.065 100.095 99.217 108.078 108.032 107.984 99.988 101.881 101.606 101.499 101.468 103.425 98.375 100.344 101.317 112.295 0.000 0.000 0.000 0.000 0.000 0.000
74.609 76.608 82.606 83.606 83.607 80.608 81.608 80.608 79.608 79.607 81.607 64.607 68.606 67.604 64.602 67.598 67.595 66.592 71.589 73.586 67.584 61.581 63.578 65.575 79.572 84.569 73.568 67.568 76.571 99.577 82.585 73.595 65.605 63.617 65.630 64.645 78.663 87.684 51.709 27.738 15.773 17.815 20.867 12.931 14.005 20.088 22.166 15.213 0.000 0.000 36.299 78.312 108.204 108.164 108.123 100.223 101.028 101.926 101.635 101.631 102.589 102.544 75.499 53.437 88.436 102.430 107.439 47.497 0.000 0.000 0.000 0.000 0.000
67.619 61.617 14.611 16.611 25.615 72.616 69.617 69.617 69.617 73.616 82.616 63.616 64.615 63.613 66.611 70.609 71.606 69.604 68.602 71.600 72.598 69.595 63.593 80.591 86.588 77.585 83.582 100.582 97.585 79.594 67.608 63.620 65.632 65.645 64.660 69.677 85.696 87.720 79.747 82.780 53.820 15.871 7.935 7.010 19.092 26.178 16.261 13.329 5.356 31.486 79.481 108.277 108.242 100.366 101.175 102.061 101.874 101.760 101.744 102.697 100.656 94.616 19.595 0.000 70.532 105.528 102.535 101.554 0.000 0.000 0.000 0.000 0.000
65.629 57.629 0.000 0.000 7.625 68.626 64.626 64.626 64.626 68.625 82.625 60.625 64.624 68.623 70.621 71.620 68.618 65.616 63.615 65.613 75.612 88.610 83.609 84.607 61.604 55.600 107.594 93.592 60.595 20.607 40.632 68.646 65.659 65.672 67.688 60.705 44.726 34.751 46.780 86.814 62.858 15.915 10.990 6.082 15.175 20.272 14.372 19.458 19.544 57.633 108.331 99.556 103.294 102.199 102.012 101.902 101.879 101.843 102.801 102.764 67.725 43.670 29.668 32.675 83.631 104.616 100.617 91.632 9.666 0.000 0.000 0.000 0.000
65.640 65.642 48.647 0.000 8.635 69.635 65.635 65.635 64.635 65.635 80.634 67.634 70.633 72.633 71.632 66.630 63.629 64.628 64.627 63.626 73.626 96.625 92.625 79.624 72.622 63.617 39.603 28.597 15.596 0.000 21.666 70.673 65.684 67.697 50.713 24.731 9.753 6.778 48.807 65.840 34.881 6.941 10.028 15.154 22.253 18.362 12.495 5.628 8.952 56.876 108.399 102.444 102.205 102.027 102.012 101.976 101.936 101.898 99.863 90.832 23.809 0.000 40.735 99.724 104.702 102.689 96.685 86.690 4.701 0.000 0.000 0.000 0.000
62.650 64.651 61.652 0.000 4.645 69.645 64.645 62.644 64.644 68.644 72.644 71.643 71.643 69.643 63.642 64.641 64.641 65.640 65.640 70.640 88.640 87.640 80.641 89.642 87.643 58.644 0.000 0.000 0.000 0.000 19.692 70.697 65.707 68.719 39.735 1.754 35.776 61.801 81.830 50.859 2.884 0.000 0.000 4.252 14.321 14.432 14.588 8.914 5.868 108.590 108.497 101.351 102.197 102.098 102.064 102.026 101.989 103.954 88.921 71.892 31.870 7.860 55.811 85.786 94.765 103.751 92.744 81.743 3.745 0.000 0.000 0.000 0.000
69.658 67.659 56.659 0.000 55.655 63.654 65.654 69.654 70.654 71.653 69.653 70.653 68.653 64.653 64.652 65.652 65.652 64.652 66.652 89.653 88.653 70.655 83.656 81.659 85.664 83.673 46.693 2.706 11.714 41.717 46.713 66.718 65.726 65.739 60.754 52.773 69.796 68.822 62.851 84.883 32.911 0.000 0.000 8.282 13.347 11.449 12.580 36.772 61.197 108.677 103.680 103.427 103.167 102.153 102.114 102.077 103.041 101.007 55.975 32.946 44.920 45.897 99.866 101.841 81.821 91.807 86.798 59.793 24.792 0.000 0.000 0.000 0.000
70.666 71.667 68.667 56.669 70.665 70.664 70.663 71.663 71.663 72.663 84.663 66.663 64.663 64.663 65.663 65.663 65.663 66.664 80.664 91.665 66.667 70.669 97.671 89.675 77.681 80.689 83.701 67.711 72.719 87.724 80.727 68.733 61.742 61.755 72.770 88.789 75.812 47.839 19.871 74.910 63.966 13.060 16.150 21.247 17.335 8.441 10.525 51.818 104.069 108.757 100.660 103.311 104.239 102.201 102.164 102.127 95.091 85.057 42.025 12.995 21.968 22.942 83.915 125.892 106.872 82.857 74.847 53.841 62.838 15.838 0.000 2.009 6.009
75.674 75.674 71.674 71.675 71.674 72.673 72.673 68.672 65.672 64.672 27.672 17.672 68.673 65.673 65.674 65.674 64.675 67.675 91.676 77.678 62.680 68.682 85.685 102.689 97.695 94.702 92.710 88.719 84.726 83.732 91.738 88.746 82.755 78.768 81.783 85.802 47.824 11.851 10.882 26.921 22.984 8.065 17.142 27.220 23.308 14.424 7.585 50.833 108.906 108.833 103.555 105.397 102.284 102.251 103.213 99.176 83.140 76.106 82.073 88.043 72.014 93.987 108.961 125.938 134.919 118.903 80.891 85.884 60.881 0.000 0.000 0.000 0.000
14.682 15.681 75.681 70.682 70.682 65.682 62.682 64.681 59.682 12.682 12.682 1.682 69.683 65.683 65.684 65.685 65.686 83.687 90.688 63.690 65.692 65.695 68.698 74.702 76.707 76.713 72.720 75.727 91.734 84.741 75.748 78.756 85.766 89.778 92.793 89.811 64.833 29.858 12.885 11.908 0.000 1.082 12.134 21.185 5.246 0.000 20.773 81.015 108.976 100.900 104.623 104.359 102.342 102.299 103.261 98.223 85.187 51.153 58.120 101.088 112.059 144.031 135.005 106.981 94.961 111.944 90.932 84.924 59.920 0.000 0.000 0.000 0.000
1.690 10.689 24.686 79.689 64.690 62.690 64.690 64.691 65.691 12.691 3.692 58.692 66.693 65.693 65.694 65.695 67.696 91.698 76.699 62.701 65.704 65.706 65.710 64.714 64.719 64.724 63.730 70.736 99.743 78.749 9.756 17.764 29.774 80.785 90.799 74.816 79.837 66.864 18.893 15.919 0.987 6.056 19.095 11.140 0.000 0.000 38.929 109.111 109.044 103.783 105.521 101.428 102.388 102.347 102.308 102.270 89.233 52.198 67.165 104.132 100.102 134.073 129.046 98.022 103.000 88.982 69.968 87.959 65.956 0.000 0.000 0.000 0.000
63.699 59.699 0.000 71.699 81.699 82.699 63.699 75.700 82.700 58.700 56.701 66.702 65.703 65.704 65.705 65.706 84.707 88.708 63.710 65.712 64.715 63.718 65.721 65.725 65.730 65.734 64.740 72.745 101.751 82.757 28.764 1.771 52.780 77.790 90.802 69.817 59.837 18.868 11.904 14.937 12.981 21.024 25.050 0.000 0.000 17.860 80.101 109.176 101.043 104.761 104.501 102.479 102.434 102.393 102.353 103.315 94.278 83.242 106.208 131.175 119.143 136.113 133.085 127.059 134.035 100.015 77.000 86.990 94.987 23.997 0.000 0.000 0.000
65.708 64.708 59.711 65.709 64.708 12.708 86.708 78.708 65.709 66.710 66.711 65.711 65.712 65.714 65.715 68.716 91.717 74.719 64.721 65.723 71.726 79.729 65.732 63.736 65.740 64.744 67.749 91.754 99.759 74.765 62.771 50.777 72.784 71.792 32.802 17.812 14.824 0.000 3.917 3.944 4.979 6.011 8.031 0.000 20.948 78.083 100.238 109.238 102.005 102.645 102.565 102.522 102.479 102.437 102.397 103.359 94.321 77.285 73.250 106.216 96.183 110.152 113.121 101.093 103.067 75.044 52.025 66.013 133.007 86.007 21.010 11.010 33.010
65.716 65.716 65.717 65.716 65.716 59.716 75.717 91.717 67.718 64.719 65.720 65.721 65.722 65.723 64.725 87.726 89.728 63.729 65.731 66.733 63.736 25.739 84.743 79.746 66.750 64.754 82.758 101.763 85.767 65.772 65.777 66.782 69.788 73.794 10.801 11.806 0.000 0.897 15.904 0.000 0.000 0.000 0.000 0.000 44.080 101.231 109.358 109.299 101.891 102.722 102.604 102.566 102.522 102.481 102.440 101.401 86.363 88.326 108.290 127.255 126.222 131.189 136.156 123.125 121.096 108.068 57.045 55.029 131.020 95.015 33.012 26.011 91.010
65.723 65.723 65.724 65.724 65.724 65.725 65.725 76.726 91.727 67.728 64.729 65.730 65.732 63.733 71.735 92.736 72.738 64.740 66.741 64.743 6.747 3.750 72.753 73.757 79.760 78.764 86.767 85.771 66.775 64.779 66.783 69.787 74.791 74.794 0.000 0.000 0.000 2.890 26.892 13.889 14.888 13.887 0.000 5.290 52.380 106.458 109.415 101.233 102.943 102.676 102.654 102.607 102.564 102.523 102.482 102.443 88.404 84.367 105.330 106.294 106.259 109.225 109.191 108.157 113.122 86.087 62.059 77.040 92.028 31.022 0.000 0.000 35.010
65.731 67.731 67.730 65.731 65.732 65.733 65.734 65.735 76.736 91.737 67.738 62.740 62.741 79.743 91.745 85.747 62.748 65.750 61.751 7.750 4.757 58.761 65.764 65.767 71.770 88.773 88.776 81.779 74.783 66.786 53.789 23.793 88.795 68.797 0.000 0.000 0.000 1.885 15.887 8.887 22.887 11.887 0.000 5.493 25.560 109.528 109.472 102.102 102.832 102.736 102.692 102.648 102.605 102.564 102.523 103.483 98.445 88.407 83.369 82.332 82.296 82.260 82.225 86.188 60.149 4.100 30.063 86.043 82.030 43.023 5.019 0.000 34.010
66.739 3.738 4.736 65.739 64.740 63.741 63.742 62.743 62.744 75.746 90.747 83.749 90.751 92.753 79.755 63.757 70.759 70.761 58.763 0.000 6.771 69.772 65.775 67.777 91.780 98.782 76.785 67.788 74.790 81.793 69.796 5.799 48.801 66.802 0.000 0.000 0.000 2.880 8.882 5.885 19.886 0.000 0.000 5.657 11.004 109.582 107.357 103.065 102.804 102.779 102.731 102.687 102.645 102.603 102.563 102.523 103.484 102.446 100.408 99.370 99.332 100.296 102.260 76.223 18.186 0.000 15.050 71.037 102.028 93.020 66.016 42.012 59.011
65.747 64.747 0.000 64.748 75.749 79.749 83.750 88.751 91.753 92.754 92.756 92.758 78.760 65.762 81.765 98.767 99.770 99.773 92.776 70.783 5.782 66.783 64.785 73.787 101.789 88.791 65.794 64.796 66.798 69.800 60.802 5.805 25.807 25.809 0.000 0.000 0.000 8.872 3.877 0.000 2.886 0.000 13.618 14.945 5.954 109.633 111.306 106.941 102.860 102.814 102.769 102.725 102.683 102.642 102.602 102.562 102.524 102.485 102.446 102.407 103.368 106.331 78.295 11.259 0.000 0.000 0.000 16.030 72.022 103.016 94.011 70.009 47.010
65.755 67.756 63.759 65.757 80.757 79.757 75.758 71.759 70.761 66.763 87.765 77.767 88.770 79.772 95.775 91.777 84.780 85.783 96.787 102.791 91.792 92.794 84.796 92.797 100.799 73.801 64.802 65.804 65.806 64.807 64.809 66.811 61.814 10.817 70.825 61.831 0.844 2.859 0.000 0.000 0.000 4.456 82.544 79.759 109.728 109.682 105.184 106.009 102.890 102.850 102.805 102.762 102.720 102.680 102.640 102.601 102.563 102.524 102.485 104.445 109.401 78.364 18.329 0.000 0.000 0.000 0.000 0.000 13.015 64.009 99.005 49.003 0.000
67.763 3.764 62.765 65.764 65.765 65.765 64.766 65.767 67.769 65.771 77.774 72.776 81.779 92.782 80.784 65.787 66.790 67.794 68.797 73.800 86.802 96.804 102.806 100.807 89.809 65.810 65.811 65.812 65.813 65.814 66.816 89.817 62.819 2.822 66.826 16.833 10.842 3.850 0.000 0.000 0.000 14.398 102.606 104.808 109.772 103.520 103.221 102.954 102.932 102.884 102.840 102.798 102.757 102.717 102.677 102.639 102.601 102.564 104.526 89.486 43.428 10.396 0.000 0.000 0.000 0.000 0.000 0.000 0.000 34.998 96.997 48.996 0.000
68.770 1.770 62.771 65.771 65.772 65.773 65.774 66.775 4.775 64.779 68.782 79.785 79.788 87.791 92.794 78.797 63.801 63.804 63.807 65.810 67.813 68.815 69.817 69.818 68.819 67.819 63.820 63.820 64.821 65.821 76.822 90.822 61.823 55.825 57.826 0.000 0.000 3.850 0.000 0.000 0.000 18.444 101.557 109.856 109.814 102.376 103.102 103.005 102.961 102.917 102.874 102.832 102.792 102.753 102.714 102.677 102.640 102.604 107.570 63.544 0.000 0.000 0.000 0.000 0.000 0.000 0.000 0.000 0.000 37.989 97.989 56.988 0.000
