results1/res_4e8f-0206.wd
ncols         241
nrows         181
xllcorner     12693529.787448
yllcorner     3542525.717860
cellsize      155.156523
NODATA_value  -9999.000000
[rows 66 to 98 of 181, columns 73 to 145 of 241]
71.871 35.857 0.000 61.015 77.991 76.959 76.930 0.000 48.323 48.307 61.320 57.330 56.310 56.264 55.194 131.094 118.921 0.000 0.000 0.000 51.636 46.572 51.476 54.413 54.360 56.311 57.263 62.205 63.151 64.106 55.074 0.000 0.000 52.370 102.370 84.284 88.150 88.240 86.294 94.212 86.705 87.184 87.924 86.697 86.475 87.271 57.117 0.000 0.000 0.000 0.000 0.000 0.000 0.000 43.514 41.490 41.449 41.394 41.327 41.258 45.184 58.106 55.028 39.953 50.879 59.806 38.733 41.661 47.589 52.518 48.448 42.379 40.312
56.874 62.843 0.676 49.244 73.200 72.170 66.172 19.258 0.000 0.000 54.400 67.479 56.480 55.448 56.404 37.362 0.000 0.000 0.000 0.000 0.000 0.000 62.408 60.381 58.348 41.305 44.256 51.200 52.160 57.127 48.101 0.000 0.000 0.000 62.612 80.521 87.459 87.552 94.637 94.432 86.776 87.465 87.176 86.966 86.756 81.569 39.436 0.000 3.624 36.624 0.000 0.000 0.000 49.596 44.560 41.525 41.481 41.428 41.367 41.300 41.230 41.156 48.081 62.007 62.933 45.861 39.789 40.717 41.647 45.577 44.508 40.440 40.373
58.888 57.819 62.688 60.492 74.398 67.348 68.330 65.344 0.000 0.000 0.000 69.708 64.681 59.645 61.611 8.587 0.000 0.000 0.000 0.000 0.000 0.000 61.367 57.356 48.344 0.000 0.000 49.180 61.160 60.144 0.000 0.000 8.319 65.199 56.945 60.768 67.846 82.906 94.829 86.513 88.069 87.633 87.445 87.228 85.015 67.811 46.624 52.624 50.624 31.624 0.000 0.000 0.000 7.633 58.605 40.569 41.524 45.471 53.412 43.347 41.278 40.206 44.133 59.060 65.987 57.915 43.844 38.773 40.704 40.635 40.567 40.500 39.433
58.933 56.857 60.755 71.637 65.551 58.492 77.457 66.444 18.461 0.000 12.113 61.965 77.890 72.841 72.807 75.789 0.000 0.000 0.000 0.000 7.319 7.323 59.335 50.333 53.327 0.000 0.000 0.000 97.156 124.144 39.129 0.000 64.439 59.335 59.172 59.079 55.162 95.181 95.010 87.559 91.165 87.912 87.703 87.489 79.264 32.037 0.000 54.624 32.624 0.000 0.000 0.000 46.739 45.696 44.660 40.620 44.574 56.521 61.462 59.398 52.329 42.258 51.186 59.113 38.041 43.969 56.898 53.829 49.760 57.693 38.626 40.559 38.492
56.994 62.922 72.839 64.752 56.676 56.614 69.562 77.514 73.478 76.404 78.262 73.149 68.072 70.021 58.988 57.972 0.000 0.000 0.000 8.312 64.314 63.316 51.318 53.315 54.304 58.284 57.270 0.000 8.163 2.148 1.096 10.841 70.663 63.529 58.366 59.456 57.502 95.337 57.173 64.764 79.360 87.181 87.968 85.762 44.513 0.000 0.000 0.000 0.000 0.000 0.000 47.808 41.783 41.752 41.718 42.678 52.631 61.577 60.517 60.452 56.383 52.312 62.239 45.166 40.093 41.022 40.951 50.883 63.816 50.750 38.684 39.619 45.551
63.064 73.998 63.927 56.854 57.787 57.726 59.664 43.571 69.535 67.471 59.381 56.296 55.230 71.183 73.153 60.139 0.000 0.000 0.000 64.309 60.309 57.309 50.307 54.302 54.292 54.276 54.257 13.225 16.186 17.156 19.108 86.979 83.846 72.713 71.668 60.664 95.613 95.481 59.225 65.874 60.651 67.455 86.228 61.078 0.000 0.000 0.000 0.000 0.000 0.000 0.000 47.834 41.831 41.813 41.783 42.743 51.695 61.639 60.577 59.511 56.440 61.367 55.293 39.218 41.145 41.073 41.003 50.935 58.870 37.806 40.744 43.679 62.611
74.140 64.080 57.016 57.952 57.892 58.838 39.798 0.000 26.618 54.566 57.495 57.424 57.368 55.328 79.303 63.291 0.000 0.000 0.000 41.307 58.305 52.303 53.300 54.295 54.286 54.273 54.256 65.232 5.201 9.183 26.193 79.122 89.019 10.906 92.828 83.019 95.729 57.794 71.438 68.083 57.954 54.759 51.410 36.244 0.000 0.000 43.407 0.000 0.000 0.000 0.000 43.864 41.893 41.885 41.857 41.816 42.766 48.708 56.643 56.573 56.499 60.423 38.346 41.270 41.195 40.122 46.052 62.985 45.922 39.862 42.804 23.744 24.662
64.221 57.165 58.106 58.046 57.989 60.936 16.891 14.856 7.753 52.680 57.609 59.536 57.490 56.459 74.440 70.431 0.000 0.000 0.000 0.000 49.300 52.298 54.295 54.290 54.283 54.274 56.261 42.247 0.000 0.000 76.360 79.295 90.204 96.075 90.178 88.216 95.829 78.842 81.545 66.387 59.293 52.219 0.000 0.000 0.000 0.000 41.407 0.000 0.000 0.000 0.000 0.000 44.993 41.976 41.944 41.899 41.845 41.783 41.714 48.639 56.560 44.480 41.399 41.320 41.243 44.169 57.098 57.032 38.971 40.915 43.867 10.832 0.000
57.307 58.253 58.196 58.139 58.082 58.027 61.975 62.924 62.857 58.793 58.725 38.620 55.599 56.579 72.566 71.561 0.000 0.000 0.000 0.000 48.296 54.295 54.292 54.289 54.283 54.277 42.269 0.000 0.000 4.726 81.592 87.497 90.397 90.343 89.421 95.963 88.321 91.038 85.727 70.669 60.609 59.606 59.740 0.000 0.000 0.000 38.407 45.407 38.407 0.000 0.000 0.000 60.110 41.083 42.042 41.992 41.933 42.865 41.790 41.708 41.623 41.537 41.451 41.368 40.287 46.211 61.140 38.075 41.014 40.961 42.916 17.885 0.000
58.396 58.343 58.287 58.230 58.173 58.115 58.060 58.007 57.957 57.912 61.878 0.000 48.705 57.692 73.682 68.688 4.735 0.000 0.000 0.000 53.294 56.293 56.291 56.288 54.285 57.282 0.000 0.000 0.000 73.859 79.787 90.702 90.583 90.692 88.741 96.167 89.453 94.096 89.988 90.922 78.873 66.854 55.874 50.874 52.874 0.000 0.000 44.407 39.406 45.401 46.386 44.347 50.255 60.202 42.151 43.095 52.029 58.955 40.871 41.782 41.688 41.594 41.501 40.412 45.328 64.249 58.177 47.111 40.051 40.998 42.950 57.908 75.862
58.488 58.435 58.380 58.323 58.263 58.201 58.141 61.087 59.052 58.020 61.996 0.000 48.825 57.803 74.782 66.774 6.782 0.000 0.000 0.000 26.293 36.292 35.290 35.288 56.286 41.284 0.000 0.000 0.000 76.064 85.997 90.909 90.868 89.972 96.787 96.494 90.515 91.358 90.217 90.160 91.106 82.063 47.028 0.000 0.000 0.000 0.000 42.409 42.410 39.410 41.409 42.401 41.362 48.317 62.266 45.206 43.135 53.053 40.960 41.859 41.754 41.649 41.548 41.451 49.362 62.281 49.207 61.141 39.082 40.029 44.980 65.934 77.886
58.582 58.529 58.475 58.418 58.355 61.285 63.217 35.149 56.143 59.119 61.091 21.065 51.968 56.911 68.870 66.845 7.836 0.000 0.000 0.000 0.000 0.000 2.289 2.288 37.287 0.000 0.000 0.000 24.500 74.334 91.229 91.111 91.228 89.314 97.053 89.096 94.804 90.500 90.455 90.388 90.330 80.265 41.146 0.000 0.000 0.000 0.000 0.000 45.416 46.422 33.439 41.485 42.474 42.440 46.390 62.328 45.252 42.161 42.056 41.939 41.819 41.701 39.589 45.484 64.389 45.304 44.230 58.165 42.107 40.055 47.008 72.962 77.917
58.678 58.625 58.572 58.518 60.457 36.366 38.292 0.000 18.253 54.223 58.184 62.137 58.069 61.005 65.941 70.900 9.881 0.000 0.000 0.000 0.000 3.288 55.288 62.288 0.000 0.000 0.000 7.784 83.666 85.547 91.442 91.399 90.519 97.533 97.301 90.155 90.871 90.744 90.676 90.613 89.559 69.520 0.000 0.000 0.000 0.000 0.000 0.000 0.000 37.422 0.000 48.627 45.611 41.577 41.527 43.463 60.383 49.285 41.164 42.024 41.882 40.747 45.622 47.508 46.405 43.318 41.244 41.181 41.126 42.077 55.033 76.991 77.950
58.773 58.721 58.671 58.625 63.587 1.571 0.000 24.482 16.392 50.335 59.284 57.230 59.168 71.097 42.991 36.932 1.906 0.000 0.000 0.000 0.000 53.288 59.288 61.288 0.000 0.000 0.000 70.902 75.833 89.746 91.630 91.761 89.857 97.746 89.649 91.327 91.022 90.965 90.891 90.828 82.773 59.736 0.000 0.000 0.000 0.000 0.000 0.000 0.000 0.000 0.000 52.785 47.766 41.729 39.679 42.614 42.534 58.430 51.292 42.109 42.938 40.784 47.645 47.519 44.405 38.317 41.248 41.190 43.139 57.095 76.055 78.018 80.985
59.866 57.814 57.766 57.724 60.691 30.679 27.653 59.572 64.500 58.441 56.386 63.332 73.276 76.224 0.163 0.000 0.000 0.000 0.000 0.000 0.000 21.288 28.288 30.288 0.000 0.000 0.000 73.087 81.024 90.936 91.928 90.966 98.140 97.949 90.678 91.384 91.248 91.171 91.099 91.033 72.971 54.915 0.000 0.000 0.000 0.000 0.000 0.000 0.000 0.000 0.000 50.962 48.937 48.896 45.844 38.782 40.707 41.610 57.466 57.184 53.975 50.805 43.656 42.518 39.379 40.299 41.240 45.190 65.147 77.108 77.074 78.043 77.016
73.955 72.902 71.855 69.813 66.777 67.746 67.708 64.652 65.595 67.541 67.489 73.436 75.378 33.301 0.000 0.000 0.000 0.000 0.000 0.000 0.000 0.000 0.000 0.000 0.000 11.595 19.516 74.337 91.230 92.139 92.089 91.317 98.318 90.149 91.826 91.516 91.452 91.372 91.302 89.235 71.161 42.038 0.000 0.000 0.000 0.000 0.000 0.000 0.000 0.000 0.000 41.164 45.124 48.074 49.020 47.963 44.901 40.837 34.778 0.000 0.000 0.000 0.000 0.000 43.294 41.261 44.222 65.184 78.149 77.117 78.088 81.063 77.042
70.038 71.986 70.939 72.896 74.857 73.820 72.780 70.734 68.687 68.640 69.593 65.545 65.500 0.000 0.000 0.000 0.000 0.000 0.000 0.000 0.000 0.000 0.000 0.000 0.000 60.674 83.617 82.515 91.422 92.310 92.437 90.540 98.484 92.241 91.848 91.726 91.643 91.567 91.500 87.443 67.402 0.000 0.000 0.000 0.000 0.000 0.000 0.000 0.000 0.000 48.553 43.407 40.322 42.257 47.199 49.147 49.099 50.058 41.031 0.000 0.000 0.000 0.000 0.000 44.243 42.227 58.203 79.176 77.149 77.123 77.100 78.079 77.063
58.116 58.065 59.018 65.975 74.935 80.897 68.858 62.818 57.778 55.738 54.698 60.652 39.576 0.000 0.000 0.000 0.000 0.000 0.000 0.000 0.000 0.000 0.000 0.000 0.000 66.809 82.763 90.687 92.601 92.568 91.697 98.778 98.637 94.257 92.065 91.905 91.829 91.753 91.687 86.634 61.603 0.000 0.000 0.000 0.000 0.000 0.000 0.000 0.000 48.822 43.700 43.587 43.500 42.431 39.374 44.327 48.289 49.265 46.257 0.000 0.000 0.000 0.000 47.199 41.209 45.202 73.186 77.167 77.147 77.127 77.108 77.092 77.079
57.189 57.139 61.093 66.051 68.011 70.974 60.938 56.903 57.869 57.837 59.809 37.788 0.000 0.000 0.000 0.000 0.000 0.000 0.000 0.000 0.000 0.000 0.000 0.000 0.000 52.991 81.939 91.868 92.766 92.896 91.005 98.908 91.801 93.477 92.159 92.094 92.008 91.930 91.861 82.805 55.771 0.000 0.000 0.000 0.000 0.000 0.000 0.000 48.057 43.945 43.838 43.741 43.660 43.593 43.539 40.496 39.467 42.456 49.475 49.563 0.000 0.000 0.000 41.190 42.190 60.185 77.174 76.160 76.145 77.129 77.115 77.102 77.091
57.258 57.210 59.165 60.124 58.086 57.050 58.017 56.986 56.958 56.933 61.914 6.902 0.000 0.000 0.000 0.000 0.000 0.000 0.000 0.000 0.000 0.000 0.000 0.000 4.359 61.224 90.135 93.051 93.021 92.151 99.145 99.031 94.798 92.500 92.356 92.268 92.181 92.098 93.021 72.954 60.906 0.000 0.000 47.660 0.000 47.429 49.385 49.302 44.169 44.062 43.965 43.879 43.805 43.743 43.692 43.653 42.627 39.617 48.625 49.651 42.651 0.000 0.000 49.179 41.178 49.173 55.165 58.154 62.142 68.130 74.119 76.109 76.101
58.323 58.276 58.233 58.194 58.157 57.124 57.093 57.066 57.042 56.024 64.011 15.005 0.000 0.000 0.000 0.000 0.000 0.000 0.000 0.000 0.000 0.000 0.000 0.000 45.494 81.412 92.326 93.216 93.356 91.448 99.247 92.248 93.923 92.608 92.534 92.439 92.349 92.261 93.173 65.081 42.994 0.000 0.000 43.660 0.000 42.473 44.425 44.351 44.257 44.167 44.083 44.006 43.939 43.881 43.833 43.796 41.771 43.759 49.758 46.764 0.000 0.000 0.000 48.171 47.169 46.164 45.158 44.150 43.141 47.131 58.122 54.114 56.108
56.383 56.339 56.299 56.261 56.226 56.195 56.166 57.142 59.122 61.108 36.102 3.102 0.000 0.000 0.000 0.000 0.000 0.000 0.000 3.730 12.722 0.000 0.000 15.854 56.712 87.606 93.503 93.491 92.519 99.427 99.342 95.237 92.944 92.795 92.702 92.608 92.516 92.423 88.329 35.205 0.000 0.000 0.000 43.660 49.641 44.564 44.493 44.418 44.342 44.266 44.193 44.124 44.062 44.008 43.963 43.928 40.903 49.888 49.883 45.884 0.000 0.000 0.000 47.165 46.162 47.158 47.153 47.146 47.139 47.131 46.124 46.118 45.113
57.441 57.399 60.361 64.325 67.292 71.262 73.236 76.213 75.196 67.185 5.185 16.200 40.254 8.278 0.000 0.000 0.000 0.000 0.000 43.739 70.714 10.674 0.000 49.995 82.896 92.787 93.687 93.617 92.840 99.500 91.672 93.359 93.043 92.968 92.871 92.777 92.682 93.588 80.514 0.000 0.000 0.000 0.000 23.680 43.699 44.649 46.564 46.487 44.426 44.363 44.299 44.236 44.178 44.127 44.084 41.049 46.024 49.009 50.003 41.005 0.000 0.000 0.000 31.161 52.157 52.153 49.149 46.143 46.137 47.131 48.126 48.121 47.117
59.494 58.456 65.420 74.386 75.355 74.326 73.301 72.280 69.263 63.253 38.251 55.261 73.283 42.302 26.322 2.331 0.000 0.000 14.811 53.772 67.720 6.635 25.472 67.236 92.087 94.971 93.811 94.023 91.999 99.562 93.656 93.371 93.223 93.132 93.039 92.945 92.846 94.734 38.624 0.000 0.000 0.000 0.000 0.000 39.826 45.771 26.625 26.541 43.511 44.461 44.402 44.343 44.287 44.238 43.195 41.161 50.136 50.120 47.115 41.127 47.176 0.000 0.000 0.000 63.152 78.149 71.145 67.140 63.136 59.131 62.127 62.123 45.119
59.546 59.510 62.476 65.444 64.415 62.387 60.363 58.341 56.324 56.312 65.306 67.308 64.316 61.325 65.334 13.339 0.000 0.000 54.850 84.818 35.760 31.672 65.544 89.390 94.256 94.111 94.229 92.183 99.646 92.059 93.773 93.461 93.390 93.296 93.207 93.119 96.023 52.879 0.000 0.000 0.000 0.000 0.000 0.000 42.007 46.984 0.000 0.000 40.615 44.568 44.507 44.446 44.391 44.341 41.299 49.264 50.238 49.220 40.211 44.213 44.225 0.000 0.000 0.000 31.149 61.147 79.142 78.138 78.134 78.130 78.127 72.124 62.121
59.595 59.563 59.531 58.501 58.472 59.446 59.421 59.399 57.380 58.365 63.354 66.348 62.347 57.349 60.351 15.351 0.000 0.000 46.922 56.889 34.831 67.749 82.644 91.524 94.406 94.337 93.434 100.013 99.784 93.048 93.777 93.635 93.547 93.459 93.375 93.300 96.249 0.000 0.000 11.614 20.614 0.000 0.000 43.305 46.210 45.175 52.199 1.102 40.767 44.688 44.612 44.545 44.487 42.438 44.395 50.360 50.331 42.310 43.296 44.288 44.286 0.000 0.000 0.000 0.000 0.000 61.139 77.135 77.132 77.130 77.127 78.125 78.123
59.644 59.614 59.585 59.556 59.528 59.502 59.477 58.454 57.432 61.413 65.396 65.384 60.376 56.372 61.369 14.365 0.000 0.000 43.027 11.986 58.926 82.849 88.758 94.663 94.511 94.720 92.709 100.219 92.465 94.176 93.864 93.795 93.704 93.618 93.535 100.457 84.424 0.000 7.614 57.614 43.614 0.000 0.000 38.400 46.354 45.306 45.253 51.144 48.950 47.808 44.706 44.634 44.576 41.527 49.484 50.448 46.418 41.393 44.374 44.358 46.345 50.356 0.000 0.000 0.000 0.000 0.000 74.132 77.130 77.129 77.127 78.125 76.124
59.694 59.666 59.637 59.610 59.582 59.556 58.531 57.507 59.482 63.458 66.434 62.415 57.402 56.394 59.387 41.374 28.346 29.285 25.172 26.102 66.036 86.964 92.885 94.773 94.911 92.900 100.579 100.406 93.468 94.182 94.036 93.947 93.858 93.774 98.688 41.570 56.566 26.603 57.613 65.615 0.000 0.000 0.000 37.541 46.501 45.442 45.363 55.247 66.081 39.886 49.771 45.709 42.657 44.610 50.567 49.530 40.498 43.472 44.449 44.425 31.379 32.368 0.000 0.000 0.000 0.000 0.000 55.130 76.129 77.128 77.127 81.125 77.124
59.745 59.717 59.690 59.662 59.636 59.610 57.584 57.559 61.533 68.503 69.468 65.441 60.424 58.414 58.410 60.400 60.378 69.336 10.274 44.214 82.153 89.086 95.014 94.978 94.109 100.886 100.737 93.822 94.602 94.265 94.191 94.096 94.009 93.931 101.872 0.000 39.667 41.630 31.620 33.618 0.000 0.000 0.054 40.721 46.668 45.597 51.510 67.399 44.240 0.000 30.782 43.772 41.734 49.689 50.645 46.606 43.573 44.547 44.527 46.513 0.000 0.000 0.000 0.000 0.000 0.000 47.129 28.129 67.128 77.127 77.126 82.125 77.125
59.796 59.769 59.742 59.715 59.688 58.663 57.638 59.613 66.587 43.554 19.493 18.457 15.437 45.430 62.439 57.439 60.430 41.409 3.373 49.328 87.275 93.222 95.109 95.350 93.372 101.023 94.153 94.930 94.498 94.439 94.334 94.240 94.151 95.069 92.998 14.943 14.805 0.000 0.000 0.000 0.000 0.000 40.100 47.952 45.855 44.767 64.680 68.601 0.000 0.000 0.912 39.865 45.818 50.766 50.717 40.675 44.641 44.615 44.597 47.588 0.000 0.000 0.000 0.000 0.000 0.000 26.129 0.000 55.126 77.126 77.126 83.125 77.125
59.847 59.820 59.793 59.767 58.741 57.715 59.691 62.668 70.647 29.632 0.000 0.000 0.000 0.000 44.477 59.486 60.494 46.496 48.481 74.449 91.408 95.332 95.504 93.523 101.265 101.150 95.131 94.825 94.676 94.573 94.474 94.379 94.287 97.195 82.108 11.025 0.000 0.000 0.000 0.000 0.000 1.470 40.248 47.135 46.031 43.937 71.844 32.722 0.000 0.000 46.095 50.990 50.908 50.840 48.783 43.737 44.701 44.676 44.660 46.653 0.000 50.745 2.745 0.000 0.000 0.000 0.000 0.000 48.126 77.125 77.125 77.125 77.124
59.897 59.871 59.844 59.818 58.792 57.766 61.742 65.720 69.704 27.694 0.000 0.000 0.000 0.000 24.506 67.534 62.564 68.601 81.604 90.582 94.542 95.548 94.697 101.470 101.371 94.465 95.239 94.896 94.812 94.708 94.611 94.517 98.421 61.317 33.213 0.000 0.000 0.000 0.000 0.000 2.748 42.628 47.447 46.308 48.196 45.104 69.037 0.000 0.000 41.403 48.235 64.093 52.985 49.902 45.838 43.788 43.752 44.726 44.712 44.712 49.736 45.745 36.745 0.000 0.000 0.000 44.124 46.125 45.125 77.125 77.125 77.124 77.124
59.947 59.921 59.896 59.869 57.843 59.816 65.791 66.768 64.752 51.747 12.764 0.000 0.000 0.000 0.000 20.581 16.628 56.739 87.753 91.732 95.672 95.840 93.963 101.560 93.774 95.552 95.117 95.051 96.939 95.838 94.744 94.655 100.564 23.441 0.000 0.000 0.000 0.000 0.000 23.973 62.868 62.750 50.605 47.455 58.342 53.248 54.163 15.081 2.913 39.572 44.347 55.163 51.035 54.944 48.877 51.828 50.791 47.766 44.751 43.747 43.751 49.754 0.000 0.000 0.000 0.000 41.124 41.124 51.124 77.124 77.124 77.124 77.124
