results1/res_4e8f-0172.wd
ncols         241
nrows         181
xllcorner     12693529.787448
yllcorner     3542525.717860
cellsize      155.156523
NODATA_value  -9999.000000
[rows 33 to 65 of 181, columns 146 to 218 of 241]
64.641 63.859 63.586 64.225 30.887 42.559 64.249 57.938 36.522 0.000 0.000 35.661 11.661 16.662 32.664 57.668 44.668 10.666 0.000 0.000 49.570 57.556 15.533 42.505 34.483 35.458 39.418 48.378 66.335 57.303 52.272 47.248 48.227 48.208 47.191 46.174 45.155 53.135 63.115 55.097 55.081 53.064 32.047 46.033 54.024 0.000 24.578 29.549 53.474 51.411 56.351 66.295 59.246 54.222 9.211 0.000 37.161 37.156 44.154 22.155 0.000 0.000 0.000 0.000 0.000 0.000 0.000 0.000 0.000 0.000 0.000 0.000 0.000
64.589 64.336 63.991 64.664 42.345 60.044 62.779 56.590 0.000 0.000 13.661 37.661 0.000 0.000 0.000 41.679 41.675 49.665 12.646 62.620 50.588 37.563 46.537 37.509 35.482 35.453 34.418 36.382 64.346 62.313 62.284 64.258 57.235 59.214 58.195 58.177 58.158 59.139 63.121 61.104 62.089 57.074 34.061 33.050 6.044 0.000 21.521 35.502 43.463 38.408 44.349 57.287 57.249 55.227 13.217 0.000 0.000 42.149 14.147 0.000 0.000 0.000 0.000 0.000 1.068 44.062 43.057 45.052 35.049 38.046 5.044 0.000 0.000
65.064 64.729 64.409 64.091 63.784 64.493 56.234 43.052 0.000 0.000 0.000 5.661 0.000 0.000 0.000 38.695 35.687 48.673 53.652 45.627 54.598 52.570 33.542 34.513 35.484 35.453 47.420 51.386 55.353 48.321 45.292 55.265 29.241 36.219 31.199 31.180 31.161 34.143 60.126 49.110 47.095 49.083 34.072 36.064 16.059 0.000 31.482 88.475 13.469 0.000 0.000 6.254 58.237 57.222 16.211 0.000 0.000 39.145 36.139 38.127 36.117 44.107 50.097 42.087 64.074 71.064 69.057 54.052 34.048 33.045 37.043 7.041 0.000
65.456 65.138 64.819 64.508 65.207 59.911 41.613 32.332 41.332 0.000 0.000 0.000 0.000 0.000 0.000 35.718 34.706 37.687 33.664 44.637 47.608 50.578 39.548 34.518 34.487 34.455 59.423 65.390 47.358 41.326 41.297 42.270 39.245 39.223 39.202 40.182 43.163 40.146 61.129 53.114 51.101 51.089 33.080 47.073 73.070 0.000 23.451 76.448 0.000 0.000 0.000 8.239 58.224 56.210 34.196 39.176 37.159 35.146 35.136 35.126 34.116 41.107 48.098 35.088 53.075 71.062 67.055 47.050 32.046 32.043 37.041 5.039 0.000
65.866 65.540 65.222 64.916 61.623 47.333 35.973 0.000 0.000 0.000 0.000 39.925 2.912 8.895 0.842 34.754 35.731 35.706 34.678 34.649 40.618 33.587 33.555 35.523 34.490 33.458 57.426 54.394 62.363 66.330 65.299 60.272 56.247 58.225 54.204 58.184 58.165 59.148 63.132 61.117 62.104 58.094 33.085 45.079 67.076 0.000 18.423 79.417 0.000 0.000 0.000 0.000 55.208 58.200 37.188 35.171 35.157 35.144 35.134 35.124 34.115 41.107 50.100 6.094 0.000 29.055 72.051 48.047 32.043 32.040 36.038 3.036 0.000
66.272 65.936 65.614 65.312 55.035 36.824 0.000 0.000 0.000 0.000 37.952 40.937 53.917 53.891 41.850 34.796 34.760 35.727 35.695 34.663 33.629 34.595 34.561 34.528 33.494 42.461 61.429 40.399 54.368 31.332 64.298 54.272 53.248 53.225 50.204 55.184 56.165 56.148 63.132 61.118 58.106 58.096 33.088 47.083 66.080 0.000 4.401 72.379 0.000 0.000 0.000 0.000 59.201 58.195 34.183 36.165 35.152 36.140 36.131 36.121 37.113 45.106 25.101 0.000 0.000 30.051 72.048 53.044 40.040 34.036 37.034 4.032 0.000
66.674 66.317 66.986 59.681 47.383 37.103 0.000 0.000 0.000 0.000 34.968 51.953 45.930 34.901 36.864 36.823 34.784 33.748 35.713 34.677 35.641 35.604 35.568 34.532 34.498 54.464 54.431 54.402 54.379 0.000 36.288 34.269 35.247 35.225 36.203 40.183 43.164 41.147 61.131 55.117 49.106 51.096 34.089 46.084 65.082 0.000 0.000 45.320 36.297 0.000 0.000 0.000 53.199 36.197 0.000 31.155 37.145 41.136 48.127 48.118 48.110 50.102 22.096 0.000 14.055 78.051 71.046 73.041 61.036 36.032 37.029 5.026 0.000
67.064 66.672 66.334 52.042 3.712 0.000 0.000 0.000 0.000 13.026 51.000 45.976 35.949 36.919 36.883 36.845 36.807 34.769 33.730 33.692 35.653 34.613 34.574 33.536 35.500 50.464 41.431 50.399 51.368 10.331 10.297 50.270 49.246 49.223 49.201 51.181 51.162 52.144 64.129 60.115 55.103 57.094 33.087 42.082 70.081 0.000 0.000 104.285 73.273 40.255 27.246 0.000 0.000 0.000 0.000 0.000 34.136 43.131 47.123 46.114 49.106 51.097 37.087 42.072 58.059 73.051 71.044 71.038 59.032 36.027 36.022 12.019 0.000
67.425 67.973 59.636 42.440 0.000 0.000 0.000 1.120 1.101 58.053 52.028 36.002 36.973 36.941 36.906 36.868 36.829 36.789 33.749 34.707 34.664 34.622 35.580 34.539 34.500 37.463 42.428 54.395 41.362 53.329 58.298 51.270 60.244 50.220 51.198 54.177 53.158 52.140 62.124 58.110 46.098 45.089 34.082 41.078 70.078 0.000 0.000 95.262 85.255 62.245 31.238 0.000 0.000 7.169 2.166 0.000 5.134 54.128 46.120 40.111 37.102 52.092 39.082 41.070 49.059 70.050 72.042 70.035 56.028 36.021 33.015 37.007 30.998
75.707 73.158 45.795 35.643 0.000 0.000 3.153 36.140 50.119 51.086 45.058 40.030 37.000 36.967 36.931 36.892 35.852 38.811 43.768 39.723 34.676 35.630 34.584 34.540 34.499 34.461 41.425 42.390 40.357 47.325 46.295 41.267 53.240 33.216 41.193 48.172 47.152 41.134 60.118 53.103 33.091 32.081 35.074 37.071 41.075 0.000 0.000 73.246 53.241 90.233 76.222 12.203 13.188 64.173 38.162 36.149 36.137 38.127 49.118 43.108 11.099 64.089 52.078 48.067 46.057 57.048 73.039 65.031 48.023 37.015 33.008 39.999 63.988
0.000 0.000 24.745 42.694 0.000 0.000 38.166 48.156 62.139 46.115 45.089 45.060 38.029 36.995 36.958 36.919 43.877 51.834 52.789 44.740 39.689 34.637 33.586 34.539 38.495 35.456 34.419 33.384 39.351 40.320 39.290 40.261 42.235 35.210 41.187 46.165 48.145 44.126 60.109 54.095 36.082 35.071 35.063 31.058 0.000 0.000 0.000 29.235 48.231 48.224 82.214 97.200 90.186 58.173 44.161 45.149 45.137 48.126 70.116 88.106 97.096 96.085 98.075 97.064 91.054 85.045 77.035 60.027 43.018 34.010 35.001 47.992 66.982
18.715 0.000 0.000 0.000 0.000 9.198 41.189 61.181 53.166 56.146 53.122 43.094 36.062 37.026 36.988 47.947 52.904 48.860 43.813 40.761 43.701 38.643 38.586 34.532 39.487 33.448 34.411 35.377 34.344 34.313 34.283 34.255 33.228 34.203 34.179 38.157 44.136 43.117 61.099 55.084 34.070 35.058 35.049 34.040 9.029 0.000 0.000 33.227 59.224 48.218 50.209 65.197 76.185 86.172 88.160 94.148 97.136 97.125 96.114 92.104 83.093 81.082 83.072 86.061 88.051 89.041 87.032 91.022 83.014 50.005 36.996 55.987 72.978
58.106 16.821 0.000 0.000 6.193 42.207 58.213 51.210 43.200 51.182 55.159 56.130 46.097 35.060 45.020 53.977 43.932 35.888 35.842 37.791 5.713 6.646 5.583 31.518 35.474 37.437 37.402 34.368 34.336 35.304 34.275 34.246 34.220 35.194 34.170 34.147 34.126 37.106 54.087 53.071 35.056 35.043 35.033 36.025 37.018 0.000 0.000 32.222 50.220 51.214 63.206 50.196 30.183 34.171 70.159 94.147 78.135 73.124 76.112 69.101 55.090 44.079 35.069 33.058 34.047 44.037 42.027 37.018 76.009 91.000 68.991 66.982 70.973
0.000 32.536 10.879 5.068 41.178 51.225 58.244 42.247 45.240 43.224 41.201 49.172 54.137 49.098 53.055 42.008 35.961 36.916 36.876 44.847 0.000 0.000 0.000 28.480 37.456 48.424 49.391 44.358 40.326 42.295 38.265 37.237 35.210 34.184 34.159 35.136 34.114 34.093 37.074 46.056 34.040 34.026 35.015 34.007 3.002 0.000 0.000 13.220 11.219 65.214 49.206 34.196 48.183 50.169 96.157 77.145 60.133 42.122 33.111 34.099 35.088 36.076 36.065 36.054 35.043 33.033 32.023 33.013 41.004 77.994 85.985 70.976 69.968
0.000 19.907 43.034 45.148 44.227 59.271 44.291 38.296 40.289 39.273 36.249 35.219 50.182 57.140 60.092 48.041 37.989 34.940 42.900 8.873 0.000 0.000 0.000 31.467 41.444 48.413 49.380 49.347 51.315 59.284 57.254 53.226 51.199 47.173 41.148 36.124 34.101 35.079 34.059 39.040 32.022 33.007 33.995 35.985 56.980 0.000 0.000 0.000 27.221 69.216 29.209 38.198 29.182 68.167 86.155 46.143 34.132 36.120 36.109 36.097 36.085 36.073 33.062 33.050 32.039 33.028 33.018 33.008 48.999 63.989 36.980 96.970 68.961
0.000 20.151 43.202 36.262 55.310 55.340 50.354 41.356 35.347 36.329 37.304 48.272 51.233 43.187 46.133 55.074 56.013 45.955 2.911 0.000 4.625 3.583 36.530 42.478 46.439 45.403 46.369 46.335 44.302 51.272 52.242 52.214 53.187 50.160 49.135 50.110 41.087 36.064 37.042 34.022 35.003 33.985 32.971 34.960 49.953 0.000 0.000 0.000 27.227 71.221 33.214 9.206 0.000 14.160 53.153 35.142 36.131 34.118 34.107 34.095 33.082 32.070 33.058 33.046 32.035 33.023 32.013 31.003 33.993 29.984 25.975 89.962 98.952
0.000 17.344 37.362 47.388 57.411 48.425 48.430 50.426 48.413 39.393 45.367 54.333 43.291 36.240 35.180 41.110 51.033 57.955 21.877 13.774 39.667 39.593 34.530 43.476 48.432 49.393 45.357 45.322 37.289 34.258 34.229 34.201 33.174 31.147 38.121 52.096 51.072 50.048 45.025 36.002 33.981 34.961 33.943 33.929 34.920 0.000 0.000 0.000 42.240 9.227 13.221 0.000 0.000 0.000 32.154 12.142 15.130 32.117 31.105 31.093 32.080 34.067 34.054 34.042 33.030 33.018 31.007 30.996 31.987 19.980 0.000 9.951 92.939
0.000 16.518 40.515 59.517 50.520 47.520 47.515 48.504 47.487 49.465 54.436 43.401 37.357 37.304 37.237 36.153 37.054 42.957 59.869 57.777 36.678 35.591 34.520 35.464 47.419 45.380 56.344 44.306 37.273 35.243 36.214 35.187 40.160 48.133 44.107 38.082 44.056 54.031 51.006 49.982 40.958 33.935 33.913 34.893 32.879 0.000 0.000 42.272 30.266 0.000 0.000 44.185 39.184 38.178 30.167 0.000 0.000 37.114 34.104 34.091 34.078 34.064 34.050 34.037 34.025 34.012 34.001 32.989 33.979 35.968 25.956 0.000 34.925
4.778 29.696 54.662 50.645 39.633 44.620 49.606 44.588 50.567 56.542 48.512 36.477 35.434 37.381 37.311 41.212 42.072 35.950 46.866 42.785 39.679 36.571 33.496 40.442 44.400 46.365 37.332 64.286 52.255 42.226 34.199 40.172 59.146 69.119 62.093 39.067 41.040 44.014 47.987 52.960 50.934 46.907 35.880 32.853 39.822 45.779 0.000 17.279 38.285 0.000 0.000 14.187 34.189 34.182 34.170 39.156 38.139 34.120 33.105 34.091 34.076 34.060 34.046 34.032 34.019 34.006 33.994 33.982 32.970 32.958 33.945 36.928 32.918
16.860 50.825 56.794 41.768 36.745 38.723 40.700 51.675 55.651 66.624 65.594 58.560 47.522 36.475 39.414 6.313 0.000 34.904 40.859 37.820 0.691 34.519 38.452 55.408 54.373 57.348 0.000 29.253 69.233 63.209 49.183 55.157 73.131 73.105 71.079 40.052 46.025 45.997 47.968 35.939 44.910 50.879 49.848 48.815 61.778 70.736 3.692 0.000 28.311 53.337 0.000 0.000 57.202 38.191 38.176 38.159 38.141 39.123 33.107 32.090 36.074 33.056 33.041 33.027 33.013 34.000 32.987 31.974 31.961 31.949 31.936 31.922 30.911
15.977 61.952 47.920 36.887 36.857 36.826 49.795 47.764 64.736 79.709 76.680 73.649 68.617 59.584 50.556 0.000 0.000 0.000 28.844 39.834 0.000 0.000 31.385 49.363 48.337 63.307 35.265 36.239 69.216 74.192 70.168 69.143 72.117 72.092 73.065 52.038 44.010 45.981 45.950 35.919 44.887 38.853 57.818 28.780 67.740 89.696 60.648 30.597 0.000 31.364 0.000 33.254 93.226 46.204 48.183 48.163 44.144 45.125 37.108 32.091 14.072 33.051 33.035 36.021 39.007 48.993 38.979 33.966 34.953 34.940 34.927 34.915 34.903
48.119 52.085 46.045 44.006 38.968 50.931 44.891 57.848 35.821 5.796 56.768 75.740 74.712 75.687 58.672 0.000 0.000 0.000 22.841 45.837 0.000 0.000 28.339 43.325 38.303 65.277 76.248 76.223 72.199 72.176 72.153 73.129 72.104 72.078 72.052 66.025 40.996 42.965 40.933 35.900 46.865 47.828 50.789 7.749 52.706 88.659 58.607 76.546 37.463 23.390 35.338 91.283 79.245 51.215 45.190 47.167 41.145 35.125 33.108 31.094 0.000 39.040 47.028 55.014 62.000 70.986 59.972 39.958 33.945 34.931 34.919 34.906 34.894
59.295 48.225 48.170 44.122 51.079 48.038 50.991 74.915 61.906 44.884 65.857 74.830 73.803 72.782 52.771 0.000 0.000 0.000 0.000 0.837 0.000 0.000 34.307 43.294 54.274 70.252 72.228 72.205 72.183 72.161 72.138 72.115 72.091 72.066 72.040 72.013 57.983 47.952 40.918 33.883 37.845 37.805 42.763 61.720 47.675 82.627 68.575 75.518 82.454 68.394 73.342 82.294 58.255 59.222 45.194 44.169 36.145 33.124 34.104 36.084 50.060 56.040 74.024 73.009 71.993 70.978 70.964 60.950 38.936 33.923 34.910 34.897 34.885
50.426 38.350 40.288 52.235 49.189 49.149 19.120 0.000 54.003 79.978 74.948 73.918 75.890 57.868 43.859 27.881 0.000 0.000 0.000 0.000 0.000 0.000 40.288 57.269 69.248 72.228 72.207 72.186 72.166 72.145 72.124 72.103 72.080 72.056 72.030 72.002 72.973 66.940 58.905 50.867 48.826 51.783 42.739 59.693 38.647 80.599 13.549 34.496 69.442 41.389 32.341 88.297 52.259 56.225 54.195 35.168 33.144 34.121 34.099 42.078 63.057 74.037 71.019 71.002 70.986 67.971 66.956 64.941 63.927 37.913 33.900 33.887 33.875
40.534 37.460 50.396 50.340 45.292 65.251 19.220 28.203 68.124 75.077 74.039 74.003 73.971 49.941 49.915 60.903 0.000 0.000 0.000 0.000 0.000 0.000 0.000 7.246 66.222 78.204 73.186 72.168 72.150 72.131 72.111 72.091 72.069 72.046 72.022 71.995 71.965 72.932 73.895 70.855 70.811 73.764 53.715 59.667 33.620 74.573 10.525 12.476 65.428 35.380 45.336 79.295 60.257 52.224 56.194 33.166 34.141 33.117 35.094 45.072 66.051 67.032 72.013 70.996 65.979 62.963 66.947 71.932 70.918 59.904 40.890 39.877 38.865
36.632 50.560 51.496 39.439 50.388 71.344 64.304 70.266 76.214 74.168 74.126 74.087 71.049 55.011 4.958 0.931 0.000 0.000 0.000 0.000 0.000 0.000 0.000 0.000 11.192 23.179 64.165 73.150 72.134 72.117 72.099 72.081 72.061 72.039 72.016 73.989 72.960 72.927 71.889 73.846 72.798 72.745 62.692 60.641 37.593 49.547 79.502 58.457 66.412 35.369 63.327 57.289 60.253 48.220 42.190 34.162 34.136 34.111 42.088 47.066 48.045 53.025 61.006 58.988 59.971 70.954 70.938 70.923 70.908 71.894 65.880 61.867 59.854
51.722 51.652 40.588 36.531 51.478 70.431 76.387 75.344 74.298 74.253 74.211 75.168 66.127 59.095 0.000 0.000 0.000 0.000 0.000 0.000 0.000 0.000 0.000 0.000 20.175 40.157 67.144 73.132 72.118 72.104 72.089 72.072 72.054 72.034 74.012 73.988 73.960 65.927 70.889 73.843 76.788 74.728 68.665 64.612 52.565 36.521 84.479 67.437 69.395 34.355 80.316 44.279 25.245 42.213 33.183 34.155 33.129 42.105 48.081 47.059 47.038 46.017 38.998 34.980 64.962 70.945 70.929 70.913 70.898 70.884 71.870 71.856 71.843
48.806 39.738 37.675 35.617 52.564 72.515 74.469 74.425 74.381 74.338 74.295 76.249 55.197 53.146 0.000 0.000 0.000 0.000 0.000 0.000 0.000 0.000 0.000 0.000 0.000 54.130 73.124 72.115 72.104 72.092 72.079 72.064 74.048 73.030 73.011 72.989 66.964 44.933 60.895 70.850 21.784 12.713 46.629 53.577 62.534 49.494 70.455 88.416 73.377 40.339 82.303 6.268 18.235 31.204 34.175 34.147 36.121 46.097 44.073 45.051 47.029 50.009 43.989 44.970 60.953 70.935 70.919 70.903 70.887 70.873 70.858 70.845 70.832
39.885 37.818 42.756 47.699 62.646 74.596 74.549 74.505 74.463 74.422 74.381 75.336 62.267 0.000 0.000 0.000 0.000 0.000 2.065 39.065 0.062 18.066 0.000 0.000 0.000 29.109 64.106 71.100 72.092 72.082 72.071 72.058 74.044 72.029 72.012 71.994 55.973 51.947 13.907 15.878 0.000 0.000 31.559 38.533 60.501 46.466 51.431 94.395 77.358 56.323 66.288 16.255 61.224 38.193 34.165 34.138 36.112 45.088 56.064 56.042 58.020 63.999 58.980 69.961 70.942 70.925 70.908 70.892 70.876 70.861 70.847 70.833 70.820
40.959 37.895 44.834 63.777 74.723 74.674 74.627 74.584 74.543 74.505 74.472 80.448 0.000 0.000 0.000 0.000 0.000 0.000 39.065 51.065 38.066 53.066 49.067 0.000 19.083 51.091 58.091 69.087 72.081 72.073 72.064 73.053 72.042 72.029 72.015 68.002 56.988 61.977 0.000 0.000 0.000 15.508 48.514 40.496 58.470 34.439 36.407 84.373 83.339 75.305 61.272 61.241 50.210 45.181 34.154 34.127 34.102 44.078 66.054 73.032 72.010 71.989 63.969 70.950 70.932 70.914 70.897 70.880 70.865 70.849 70.835 70.821 70.807
39.030 36.967 51.907 71.851 75.798 74.749 74.702 74.659 74.620 74.585 74.555 81.536 0.000 0.000 0.000 0.000 0.000 0.000 28.065 48.065 48.066 47.066 50.067 34.070 42.076 50.080 50.080 67.077 73.073 72.066 72.058 72.050 72.040 72.030 73.019 65.009 61.000 54.994 0.000 0.000 0.000 8.501 12.495 40.469 59.442 36.414 32.385 71.353 88.320 85.287 66.255 45.225 44.196 45.168 36.141 33.115 34.091 37.067 48.043 68.021 70.999 70.978 62.958 70.939 70.920 70.902 70.885 70.868 70.852 70.837 70.822 70.808 70.794
38.098 40.036 59.977 75.921 74.869 74.820 74.775 74.732 74.693 74.658 76.628 74.604 0.000 0.000 0.000 0.000 0.000 0.000 14.065 53.065 59.065 64.066 55.066 54.068 48.070 44.072 55.072 69.069 72.066 72.060 75.054 73.047 72.039 72.031 72.023 67.015 59.009 54.007 29.010 0.000 0.000 0.000 0.000 2.442 51.415 37.391 33.365 66.334 97.301 78.268 57.237 48.207 50.180 48.153 43.128 32.103 34.078 33.055 37.032 56.010 70.988 70.967 62.946 70.927 70.908 70.890 70.872 70.856 70.839 70.824 70.809 70.795 70.781
38.163 48.102 68.043 75.988 74.937 74.889 74.843 74.801 74.761 75.726 73.694 61.649 45.649 0.000 0.000 0.000 0.000 0.000 16.065 54.065 63.065 63.065 67.064 69.065 52.066 51.066 66.065 72.063 72.060 72.056 73.051 72.045 72.038 72.032 72.025 70.020 58.015 59.013 53.013 0.000 0.000 0.000 0.000 0.000 37.385 37.371 31.348 76.318 64.281 70.246 40.216 60.189 54.163 47.138 47.113 38.089 33.066 34.043 33.020 44.997 67.976 69.955 63.934 70.914 71.895 70.877 70.859 70.842 70.826 70.810 70.795 70.781 70.767
