results1/res_4e8f-0152.wd
ncols         241
nrows         181
xllcorner     12693529.787448
yllcorner     3542525.717860
cellsize      155.156523
NODATA_value  -9999.000000
[rows 99 to 131 of 181, columns 0 to 72 of 241]
0.000 0.000 0.000 0.000 0.000 60.659 100.659 102.659 93.659 88.659 0.000 0.000 0.000 0.000 0.000 2.657 1.657 68.657 65.657 0.000 0.000 1.656 4.655 63.655 62.655 3.655 0.000 0.000 0.000 10.495 0.000 0.000 0.000 0.000 16.356 62.353 58.343 57.326 58.303 59.276 72.248 61.216 65.182 57.144 59.103 57.058 58.011 62.960 63.908 61.854 65.798 58.740 58.682 60.623 63.560 77.491 78.431 63.384 49.341 0.000 0.000 0.000 0.000 0.000 27.396 82.391 79.381 66.363 41.340 36.317 80.294 57.272 59.249
0.000 0.000 0.000 0.000 0.000 61.660 101.660 101.659 0.000 0.000 0.000 0.000 0.000 0.000 0.000 1.657 13.657 79.657 68.657 6.656 3.656 3.656 66.656 65.655 69.655 0.655 0.000 0.000 0.000 68.495 60.495 0.000 0.000 0.000 75.399 85.393 71.384 64.371 58.353 60.330 79.304 64.274 70.241 70.203 61.162 76.118 68.070 69.019 58.965 66.910 66.852 64.794 58.736 59.678 63.614 60.521 22.458 12.421 0.000 0.000 0.000 0.000 0.000 30.412 67.407 79.402 86.394 76.382 52.367 53.350 67.333 58.315 59.296
6.662 0.000 0.000 0.000 0.000 48.660 97.660 106.660 16.660 0.000 0.000 0.000 0.000 0.000 0.000 0.657 2.657 86.657 67.657 68.657 70.656 67.656 64.656 65.656 63.655 1.655 0.000 0.000 0.000 61.495 61.495 62.493 61.486 61.472 60.446 70.438 79.431 26.421 90.407 80.388 85.364 70.336 15.304 86.267 84.226 83.181 87.132 76.080 59.025 61.967 66.908 66.849 63.791 59.738 48.698 0.000 0.000 0.000 0.000 0.000 0.000 0.000 0.000 40.418 67.417 67.415 78.411 77.404 60.395 60.385 59.372 59.359 59.343
74.662 77.662 9.662 0.000 0.000 58.660 97.660 102.660 112.660 17.660 0.000 0.000 0.000 0.000 8.658 8.658 6.657 23.657 71.657 68.657 86.656 100.656 75.656 60.656 0.000 0.000 0.000 0.000 0.000 0.000 60.497 61.499 61.492 61.484 61.477 60.480 60.480 59.475 60.465 65.450 77.429 71.403 14.371 86.334 87.293 65.248 72.198 89.145 83.087 70.026 59.964 65.901 66.839 69.787 54.743 0.000 0.000 0.000 0.000 0.000 0.000 0.000 0.000 2.424 18.430 64.431 61.430 61.428 59.425 59.420 59.413 59.404 59.392
88.662 71.662 71.662 73.661 75.661 94.661 102.661 102.660 102.660 104.660 78.660 17.660 0.659 66.658 73.658 74.658 36.658 31.657 94.657 102.657 97.657 93.656 76.656 0.656 0.000 0.000 0.000 0.000 0.000 0.000 0.000 61.513 60.500 59.494 60.499 61.525 61.533 61.534 61.529 62.518 81.500 76.475 59.443 61.406 72.365 83.318 60.268 72.213 73.152 66.087 86.022 68.954 60.876 1.833 0.000 0.000 0.000 0.000 0.000 0.000 0.000 0.000 0.000 0.000 10.446 64.448 59.451 59.454 59.457 59.458 59.457 57.452 55.445
103.662 93.662 74.662 78.662 96.661 102.661 102.661 102.661 102.661 97.660 69.660 75.660 3.659 57.659 92.658 100.658 100.658 84.658 99.657 106.657 16.657 0.000 0.000 0.000 0.000 0.000 0.000 0.000 0.000 0.000 0.000 61.541 0.000 0.000 0.000 62.589 61.595 61.599 61.600 62.593 78.577 83.553 60.521 61.483 61.440 79.394 80.343 58.287 66.222 85.147 77.081 55.018 0.000 0.000 0.000 0.000 0.000 0.000 0.000 0.000 0.000 0.000 0.000 0.000 7.461 64.465 59.471 59.480 59.491 58.499 57.503 62.504 63.501
103.662 103.662 98.662 101.662 102.662 102.661 102.661 102.661 102.661 98.661 73.660 90.660 0.000 0.000 70.659 94.658 102.658 103.658 102.658 107.657 10.657 0.000 0.000 0.000 0.000 0.000 0.000 0.000 0.000 0.000 0.000 61.569 0.606 0.632 63.652 61.647 61.656 61.668 61.677 61.677 78.664 83.639 60.605 61.565 61.520 62.473 83.423 77.369 84.304 74.196 55.139 0.000 0.000 0.000 0.000 0.000 0.000 0.000 0.000 0.000 0.000 0.000 0.000 0.000 62.473 59.478 59.488 59.505 59.527 58.543 60.553 64.559 65.562
101.662 102.662 102.662 102.662 102.662 102.662 102.661 102.661 102.661 103.661 98.660 105.660 29.660 8.659 58.659 77.659 100.658 102.658 103.658 91.658 5.658 0.000 0.000 0.000 0.000 0.000 0.000 0.000 0.000 0.000 0.000 55.591 60.613 60.636 59.660 61.692 61.715 61.741 61.765 61.773 78.762 83.735 60.696 61.651 61.603 61.554 66.507 89.463 69.427 0.000 0.000 0.000 0.000 0.000 0.000 0.000 0.000 0.000 0.000 0.000 0.000 0.000 0.000 0.000 15.480 66.487 62.499 63.525 61.570 57.592 64.606 65.618 63.628
98.662 103.662 102.662 102.662 102.662 102.662 102.662 102.662 102.661 102.661 103.661 96.660 80.660 71.660 65.659 92.659 102.659 102.658 107.658 10.658 0.000 0.000 0.000 0.000 0.000 0.000 0.000 0.000 0.000 0.000 0.000 0.000 0.000 0.000 0.000 61.747 61.771 61.814 61.868 61.888 77.876 84.842 61.793 61.739 61.686 61.635 61.589 67.547 20.514 0.000 0.000 0.000 0.000 0.000 0.000 0.000 0.000 0.000 0.000 0.000 0.000 0.000 0.000 0.000 0.000 3.490 1.494 0.000 7.637 66.648 64.662 65.680 62.699
98.663 103.663 102.663 102.663 102.662 102.662 102.662 102.662 102.662 102.661 103.661 88.661 67.660 66.660 75.659 99.659 102.659 102.658 108.658 13.658 4.658 0.000 0.000 0.000 0.000 0.000 0.000 0.000 0.000 0.000 0.000 0.000 0.000 0.000 0.000 57.778 61.808 58.876 62.007 62.034 81.013 84.962 61.896 61.828 61.765 61.711 61.665 58.624 8.569 0.000 0.000 0.000 0.000 0.000 0.000 0.000 0.000 0.000 0.000 0.000 0.000 58.782 0.000 0.000 0.000 0.000 0.000 0.723 62.694 63.700 65.715 65.739 62.770
101.663 102.663 102.663 102.663 102.663 102.663 102.663 102.662 102.662 102.662 102.661 99.661 76.660 77.660 94.660 101.659 102.659 102.659 109.658 26.658 0.000 0.000 0.000 0.000 0.000 0.000 0.000 0.000 0.000 0.000 0.000 0.000 0.000 0.000 0.000 0.000 57.808 0.000 61.247 62.230 90.179 77.098 62.002 61.911 61.837 74.779 64.738 59.713 0.000 0.000 0.000 0.000 0.000 0.000 0.000 0.000 0.000 0.000 0.000 0.000 10.782 69.782 54.782 0.000 0.000 0.000 0.762 63.751 66.738 65.743 62.760 58.790 58.835
102.664 102.664 102.664 102.664 102.663 102.663 102.663 102.663 102.662 102.662 102.662 102.661 104.661 104.660 103.660 102.659 102.659 104.659 93.658 36.658 0.000 0.000 0.000 0.000 0.000 0.000 0.000 0.000 0.000 0.000 0.000 0.000 0.000 0.000 0.000 0.000 0.000 0.000 61.506 62.460 96.374 65.250 62.102 61.978 73.891 82.831 61.794 61.778 60.794 0.000 0.000 0.000 0.000 0.000 0.000 0.000 0.000 0.000 0.000 0.000 0.000 65.782 66.782 53.782 0.780 59.777 61.774 65.767 64.765 62.773 61.793 57.827 65.881
101.664 100.664 102.664 102.664 102.664 102.664 102.664 102.663 102.663 102.662 102.662 102.661 102.661 102.660 102.660 102.659 103.659 86.659 14.658 5.658 63.658 77.658 23.658 0.000 0.000 4.658 0.000 0.000 0.000 0.000 0.000 0.000 0.000 0.000 0.000 3.591 3.571 0.415 57.810 68.730 91.608 62.425 59.178 62.008 61.917 61.862 61.828 61.812 61.810 58.810 0.000 0.000 0.000 0.000 0.000 0.000 0.000 0.000 0.000 0.000 0.000 60.782 56.782 62.782 57.782 65.780 65.779 64.779 60.782 63.792 58.811 57.843 57.897
91.665 91.665 100.665 102.665 102.665 102.664 102.664 102.664 102.663 102.663 102.662 103.662 104.661 102.661 102.660 102.659 102.659 24.659 8.658 63.658 73.658 83.658 82.658 75.658 67.658 8.658 0.000 0.000 0.000 0.000 0.000 0.000 0.000 0.000 3.628 62.611 65.562 65.433 62.181 61.042 69.902 57.663 0.000 57.958 61.908 61.870 61.845 61.830 60.825 0.000 0.000 0.000 0.000 0.000 0.000 0.000 62.782 73.782 0.000 0.000 61.783 59.783 59.783 56.783 64.783 65.783 65.784 62.787 65.792 65.802 63.817 58.836 47.857
73.665 78.665 97.665 103.665 102.665 102.665 102.665 102.664 102.664 102.664 104.663 90.662 86.661 101.661 106.660 103.659 98.659 80.658 83.658 89.658 83.658 84.658 63.658 56.658 2.658 0.000 0.000 0.000 0.000 0.000 0.000 0.000 0.575 0.000 53.646 59.663 62.633 62.556 62.441 62.354 64.295 0.000 0.000 0.000 56.887 61.866 61.850 61.839 61.834 0.000 0.000 0.000 0.000 0.000 0.000 22.782 79.782 61.782 59.783 59.783 59.783 59.783 57.783 62.783 65.784 65.785 61.788 65.792 65.798 64.807 58.817 59.829 49.838
57.666 72.666 91.666 104.666 105.666 105.666 103.666 102.665 103.665 102.664 103.664 41.663 12.662 60.661 78.660 99.659 106.659 104.658 104.658 90.658 13.658 0.000 0.000 0.000 0.000 0.000 0.000 0.000 0.000 8.575 10.575 0.575 0.575 0.575 0.000 58.762 62.751 60.719 61.672 63.639 64.630 0.000 0.000 0.000 0.000 54.858 61.850 61.843 58.839 0.000 0.000 0.000 0.000 0.000 0.000 0.000 21.782 75.782 58.783 58.783 59.783 58.783 58.783 64.784 65.785 63.787 51.790 4.795 69.802 63.810 63.817 63.824 49.829
21.666 43.666 76.667 82.667 76.667 78.667 95.667 103.666 99.666 92.665 91.665 26.664 0.000 0.000 0.000 36.659 71.658 97.658 104.657 1.658 0.000 0.000 0.000 0.000 0.000 0.000 0.000 0.000 0.000 50.575 71.575 16.575 1.575 0.575 0.000 58.871 64.892 63.894 72.890 73.901 63.955 9.113 0.000 0.000 0.000 0.000 58.848 59.845 0.000 0.000 0.000 0.000 0.000 0.000 0.000 0.000 0.000 80.783 83.783 63.783 57.783 55.783 65.783 65.784 60.784 0.000 0.000 0.000 10.807 68.812 65.817 65.821 55.824
0.000 0.000 57.669 66.669 18.668 4.668 67.668 96.667 87.666 83.666 97.665 64.665 24.665 0.000 0.000 0.000 0.000 42.657 73.656 0.000 0.000 0.000 0.000 0.000 0.000 0.000 0.000 0.000 0.000 0.000 55.575 73.575 4.575 0.000 0.000 49.960 64.050 62.077 92.093 85.120 63.175 65.271 11.375 0.000 0.000 0.000 53.848 0.000 0.000 0.000 0.000 0.000 0.000 0.000 0.000 0.000 0.000 0.000 68.783 85.783 70.783 64.783 65.783 60.783 0.000 0.000 0.000 0.000 0.000 60.815 65.817 65.819 60.822
0.000 0.000 53.670 98.670 55.670 4.669 56.669 88.668 90.667 101.667 103.666 106.665 112.665 51.664 20.663 0.000 0.000 0.000 13.655 8.654 0.000 1.646 0.000 0.000 0.000 0.000 0.000 0.000 0.000 0.000 56.576 71.576 1.576 8.576 12.576 0.000 57.269 65.272 95.284 77.310 65.356 64.420 69.480 0.000 0.000 0.000 0.000 0.000 0.000 0.000 0.000 0.000 0.000 0.000 0.000 0.000 0.000 0.000 0.000 6.783 73.783 63.783 61.783 0.000 0.000 0.000 0.000 0.000 59.816 58.816 60.817 54.818 0.000
26.674 41.674 75.672 93.672 101.671 70.670 83.670 106.669 103.668 102.668 102.667 102.666 102.665 108.664 111.662 67.661 26.659 8.657 71.654 85.652 78.649 80.646 36.643 12.640 9.638 0.000 0.000 0.000 0.000 0.000 35.576 57.576 63.576 63.576 66.576 25.577 58.486 87.459 89.460 66.480 64.518 64.573 67.645 12.763 7.814 0.000 0.000 0.000 0.000 0.000 0.000 0.000 0.000 0.000 0.000 0.000 0.000 0.000 0.000 0.000 0.000 0.000 7.783 0.000 0.000 0.000 0.000 61.816 56.816 54.816 0.000 0.000 0.000
99.675 102.675 102.674 100.673 98.672 99.672 101.671 101.670 102.669 103.668 103.667 102.666 95.665 99.664 102.662 106.661 110.659 111.657 103.654 99.652 96.649 91.646 93.642 86.639 42.636 20.632 0.000 0.000 0.000 0.000 0.000 0.000 0.000 0.000 0.000 82.669 71.637 100.619 91.618 78.633 65.664 64.708 64.764 68.829 64.866 0.000 0.000 0.000 0.000 0.000 0.000 0.000 0.000 0.000 0.000 0.000 0.000 0.000 0.000 0.000 0.000 0.000 0.000 0.000 0.000 0.000 0.000 0.000 0.000 0.000 0.000 0.000 0.000
102.676 97.676 95.675 94.675 88.674 85.673 86.672 86.671 92.671 97.669 97.668 90.667 74.666 89.664 102.663 102.661 102.659 102.657 102.655 102.652 103.649 103.646 106.642 107.638 107.634 107.629 46.623 0.000 0.000 0.000 0.000 0.000 0.000 0.000 0.000 54.792 80.775 85.761 69.759 86.771 74.795 64.831 64.875 67.921 10.956 0.000 0.225 0.234 0.000 0.000 0.000 0.000 0.000 0.000 0.000 0.000 0.000 0.000 0.000 0.000 0.000 0.000 0.000 0.000 0.000 0.000 0.000 0.000 0.000 0.000 0.000 0.000 0.000
72.677 45.677 67.677 81.676 79.675 59.675 44.674 40.673 60.672 77.671 76.669 69.668 64.666 74.665 95.663 103.661 102.659 102.657 102.655 102.653 102.650 106.647 81.642 69.638 68.633 72.626 75.617 14.603 3.588 0.324 0.185 0.000 0.000 0.000 0.000 52.933 88.910 71.891 63.886 73.896 84.916 68.946 64.983 65.027 71.079 15.170 9.217 1.243 0.149 3.076 1.068 0.000 0.000 0.000 0.000 0.000 0.000 0.000 0.000 0.000 0.000 0.000 0.000 0.000 0.000 0.000 0.000 0.000 0.000 0.000 0.000 0.000 0.000
62.679 33.679 55.678 70.678 66.677 43.676 29.675 33.674 53.673 67.672 65.670 65.669 66.667 64.665 83.664 100.662 102.660 102.658 102.656 102.654 101.651 64.649 0.000 0.000 0.000 0.000 0.000 0.000 0.000 59.292 79.285 31.277 17.266 13.248 60.200 77.096 94.043 71.006 65.000 63.009 80.028 82.054 68.086 65.123 65.165 68.214 77.249 15.272 10.283 0.000 16.064 0.000 0.000 0.000 0.000 0.000 0.000 0.000 0.000 0.000 0.000 0.000 0.000 0.000 0.000 0.000 0.000 0.000 0.000 0.000 0.000 0.000 0.000
75.681 71.681 66.680 65.680 66.679 68.678 69.677 72.676 71.675 67.673 66.672 66.670 66.668 65.666 72.664 94.662 103.660 102.658 104.656 76.655 42.653 0.000 0.000 0.000 0.000 0.000 0.000 0.000 0.000 24.288 46.284 49.278 53.274 67.278 64.255 85.208 82.160 56.089 63.100 65.113 67.132 80.156 72.183 67.213 65.244 64.273 81.292 72.300 66.298 0.000 0.000 0.000 0.000 0.000 0.000 0.000 0.000 0.000 0.000 0.000 0.000 0.000 0.000 0.000 0.000 0.000 0.000 0.000 0.000 0.000 0.000 0.000 0.000
65.683 66.683 66.682 66.682 66.681 66.680 66.679 66.678 66.676 66.675 66.673 66.671 66.669 66.667 64.665 85.663 102.660 104.658 100.657 26.656 0.000 0.000 0.000 0.000 0.000 0.000 0.000 0.000 0.000 0.000 0.000 0.000 0.000 51.335 68.335 94.319 68.302 0.000 51.197 66.212 64.232 68.254 69.278 78.302 67.325 65.342 64.348 60.338 1.318 0.000 0.000 0.000 0.000 0.000 0.000 0.000 0.000 0.000 0.000 0.000 0.000 0.000 0.000 0.000 0.000 0.000 0.000 0.000 0.000 0.000 0.000 0.000 24.968
66.685 66.685 66.684 66.684 66.683 66.682 66.681 65.680 65.678 66.676 66.675 66.673 66.670 66.668 65.666 73.663 88.661 99.658 87.657 13.656 0.000 0.000 0.000 0.000 0.000 0.000 0.000 0.000 0.000 0.000 0.000 0.000 0.000 28.391 77.432 102.433 12.426 0.000 49.280 67.305 65.329 64.351 72.372 83.393 71.411 65.422 69.419 2.378 0.000 0.000 0.000 0.000 0.000 0.000 0.000 0.000 0.000 0.000 0.000 0.000 0.000 0.000 0.000 0.000 0.000 0.000 0.000 0.000 0.000 0.000 0.000 0.000 82.046
66.687 66.687 66.687 66.686 66.685 66.684 66.683 70.682 71.680 67.678 66.676 66.674 66.672 66.669 66.666 65.664 68.661 77.658 77.656 18.654 0.000 0.000 0.000 0.000 0.000 0.000 20.293 0.000 0.000 0.000 0.000 0.000 0.000 0.616 81.570 96.554 19.543 0.000 33.339 64.398 65.427 65.448 64.468 69.487 71.504 67.518 69.526 0.000 0.000 0.000 0.000 0.000 0.000 0.000 0.000 0.000 0.000 0.000 0.000 0.000 0.000 0.000 0.000 0.000 0.000 0.000 0.000 0.000 0.000 0.000 0.000 66.268 75.177
66.690 66.690 66.689 66.689 66.688 66.687 65.686 77.684 82.682 69.680 66.678 66.676 66.673 66.670 66.667 66.664 66.661 65.657 68.654 49.652 0.000 0.000 0.000 0.000 0.000 62.294 83.293 45.291 36.282 35.271 0.000 0.000 0.000 62.808 104.718 78.669 78.649 5.671 0.000 50.521 67.533 65.548 65.564 63.581 79.600 83.620 77.641 0.761 0.000 0.000 0.000 0.000 0.000 0.000 0.000 0.000 0.000 0.000 0.000 0.000 0.000 0.000 0.000 0.000 0.000 0.000 0.000 0.000 0.000 0.000 40.432 91.360 77.285
66.693 66.693 66.692 66.692 66.691 66.690 65.688 78.687 84.685 68.683 66.680 66.678 66.675 66.672 66.668 66.665 66.661 66.656 66.652 72.647 43.641 0.000 0.000 0.000 2.294 25.294 40.295 62.297 70.285 74.259 48.209 24.141 59.049 96.919 94.825 74.754 56.714 14.693 0.000 50.631 67.637 66.647 69.659 64.675 73.695 96.721 93.763 38.846 2.900 18.925 0.000 0.000 0.000 0.000 0.000 0.000 0.000 0.000 0.000 0.000 0.000 0.000 0.000 20.701 0.000 0.000 0.000 0.000 0.000 0.000 77.504 133.453 116.391
63.696 64.696 65.695 65.695 66.694 66.693 64.691 79.690 82.688 65.685 66.683 66.680 66.677 66.674 66.670 66.666 66.661 66.656 66.650 66.643 72.635 52.623 3.616 0.000 0.000 0.000 0.000 38.318 69.302 65.272 68.226 72.165 84.087 100.995 84.910 52.808 2.761 0.000 0.000 49.736 66.738 69.742 82.751 68.764 78.783 79.808 98.843 102.890 85.928 35.950 0.000 0.000 0.000 0.000 0.000 0.000 0.000 0.000 0.000 0.000 0.000 3.750 41.752 0.044 0.000 0.000 0.000 0.000 0.000 63.718 73.628 74.558 77.493
84.699 79.699 74.699 72.698 68.697 64.696 64.694 79.693 82.691 64.688 66.686 66.683 66.679 66.676 66.672 66.667 65.662 64.656 65.649 65.641 65.631 71.620 48.608 25.593 0.574 0.000 0.000 37.355 75.333 69.301 64.259 77.205 100.139 94.063 62.010 0.000 0.000 0.000 0.000 47.840 65.835 70.834 77.838 72.848 77.863 76.884 89.911 83.942 76.972 49.998 5.030 0.000 0.000 0.000 0.000 0.000 0.000 0.000 0.000 0.000 3.748 6.750 9.753 0.059 10.450 0.000 0.000 6.884 40.884 68.808 137.730 101.666 133.553
104.703 103.703 99.702 94.702 90.701 85.699 80.698 76.696 71.694 65.692 66.689 66.686 66.682 66.678 65.674 67.669 73.663 78.657 77.649 75.640 69.630 64.617 68.602 74.582 38.553 19.517 23.473 57.413 80.375 71.341 67.303 90.258 102.201 58.107 3.059 0.000 0.000 11.027 18.006 51.949 64.927 69.919 85.920 75.927 68.939 61.955 67.974 85.997 83.020 89.042 8.061 0.000 0.000 0.000 0.000 0.000 0.000 0.000 0.000 0.000 0.000 0.000 0.000 0.000 7.461 0.000 0.000 0.000 75.959 66.899 76.832 99.728 75.904
