results1/res_4e8f-0232.wd
ncols         241
nrows         181
xllcorner     12693529.787448
yllcorner     3542525.717860
cellsize      155.156523
NODATA_value  -9999.000000
[rows 66 to 98 of 181, columns 73 to 145 of 241]
71.959 35.945 0.000 61.108 78.084 77.051 77.022 0.000 48.414 48.397 61.410 57.421 56.400 56.354 55.284 131.184 119.010 0.000 0.000 0.000 51.722 46.658 51.562 54.498 54.445 56.395 57.347 62.289 63.235 64.190 55.159 0.000 0.000 52.455 102.455 84.369 88.236 88.326 86.380 94.298 86.792 87.271 88.011 86.784 86.563 87.359 57.204 0.000 0.000 0.000 0.000 0.000 0.000 0.000 43.791 41.767 41.726 41.670 41.603 41.533 45.459 58.380 55.302 40.226 51.152 60.078 39.005 41.932 47.860 52.788 48.718 42.648 40.581
56.962 62.930 0.764 49.338 73.294 72.262 66.264 19.351 0.000 0.000 54.490 67.570 56.570 55.538 56.494 37.452 0.000 0.000 0.000 0.000 0.000 0.000 62.493 60.466 58.432 41.389 44.340 51.284 52.243 57.211 48.185 0.000 0.000 0.000 62.698 80.607 87.545 87.638 94.724 94.518 86.863 87.552 87.264 87.054 86.843 81.656 39.524 0.000 3.711 36.711 0.000 0.000 0.000 49.874 44.838 41.802 41.759 41.705 41.643 41.576 41.505 41.431 48.355 62.281 63.207 46.134 40.061 40.989 41.918 45.848 44.778 40.710 40.642
58.977 57.908 62.778 60.584 74.490 67.440 68.423 65.437 0.000 0.000 0.000 69.799 64.771 59.736 61.701 8.678 0.000 0.000 0.000 0.000 0.000 0.000 61.451 57.441 48.428 0.000 0.000 49.263 61.243 60.227 0.000 0.000 8.406 65.285 57.031 60.854 67.932 82.992 94.915 86.599 88.156 87.720 87.532 87.315 85.102 67.898 46.711 52.711 50.711 31.711 0.000 0.000 0.000 7.911 58.883 40.846 41.801 45.748 53.688 43.623 41.554 40.482 44.408 59.334 66.261 58.189 44.117 39.046 40.976 40.906 40.838 40.770 39.703
59.023 56.948 60.847 71.729 65.643 58.585 77.550 66.536 18.554 0.000 12.205 62.056 77.981 72.932 72.898 75.880 0.000 0.000 0.000 0.000 7.403 7.408 59.420 50.418 53.412 0.000 0.000 0.000 97.239 124.226 39.210 0.000 64.526 59.421 59.259 59.165 55.248 95.267 95.096 87.645 91.251 87.998 87.790 87.576 79.351 32.124 0.000 54.711 32.711 0.000 0.000 0.000 47.018 45.975 44.938 40.898 44.852 56.798 61.739 59.674 52.605 42.534 51.461 59.388 38.315 44.243 57.171 54.101 50.032 57.965 38.897 40.830 38.762
57.085 63.013 72.931 64.844 56.768 56.706 69.655 77.606 73.571 76.496 78.353 73.240 68.164 70.112 59.079 58.063 0.000 0.000 0.000 8.396 64.398 63.401 51.403 53.399 54.389 58.368 57.355 0.000 8.246 2.230 1.179 10.930 70.750 63.616 58.453 59.542 57.588 95.423 57.259 64.850 79.446 87.268 88.055 85.849 44.600 0.000 0.000 0.000 0.000 0.000 0.000 48.088 42.062 42.031 41.997 42.956 52.909 61.855 60.794 60.729 56.660 52.588 62.515 45.441 40.368 41.296 41.225 51.156 64.088 51.022 38.956 39.890 45.822
63.155 74.090 64.019 56.946 57.879 57.818 59.757 43.663 69.627 67.563 59.473 56.387 55.321 71.275 73.245 60.230 0.000 0.000 0.000 64.394 60.394 57.393 50.392 54.387 54.377 54.361 54.341 13.309 16.270 17.240 19.192 87.065 83.932 72.800 71.754 60.751 95.699 95.567 59.311 65.960 60.737 67.541 86.314 61.165 0.000 0.000 0.000 0.000 0.000 0.000 0.000 48.114 42.110 42.092 42.062 43.022 51.973 61.917 60.855 59.788 56.717 61.643 55.569 39.494 41.420 41.347 41.277 51.209 59.143 38.079 41.016 43.951 62.882
74.232 64.172 57.108 58.044 57.984 58.930 39.890 0.000 26.710 54.658 57.587 57.515 57.460 55.420 79.394 63.382 0.000 0.000 0.000 41.392 58.389 52.388 53.385 54.379 54.370 54.357 54.340 65.316 5.285 9.268 26.278 79.207 89.105 10.992 92.914 83.105 95.815 57.880 71.524 68.169 58.040 54.845 51.497 36.331 0.000 0.000 43.689 0.000 0.000 0.000 0.000 44.144 42.173 42.164 42.136 42.095 43.045 48.986 56.921 56.850 56.776 60.700 38.622 41.546 41.470 40.397 46.327 63.259 46.196 40.135 43.077 24.017 24.933
64.313 57.257 58.198 58.139 58.081 61.029 16.984 14.948 7.845 52.772 57.701 59.627 57.582 56.551 74.531 70.522 0.000 0.000 0.000 0.000 49.384 52.383 54.380 54.375 54.368 54.358 56.346 42.331 0.000 0.000 76.445 79.380 90.290 96.161 90.264 88.302 95.915 78.927 81.630 66.473 59.378 52.305 0.000 0.000 0.000 0.000 41.689 0.000 0.000 0.000 0.000 0.227 45.272 42.256 42.223 42.179 42.125 42.062 41.992 48.917 56.838 44.757 41.676 41.596 41.518 44.444 57.373 57.307 39.245 41.189 44.140 11.105 0.000
57.399 58.345 58.288 58.231 58.174 58.120 62.068 63.016 62.949 58.886 58.817 38.712 55.690 56.671 72.657 71.653 0.000 0.000 0.000 0.000 48.381 54.379 54.377 54.373 54.368 54.361 42.354 0.000 0.000 4.811 81.677 87.582 90.482 90.428 89.507 96.049 88.406 91.124 85.813 70.755 60.695 59.691 59.825 0.000 0.000 0.000 38.689 45.689 38.689 0.000 0.000 0.000 60.391 41.363 42.323 42.272 42.213 43.144 42.068 41.987 41.901 41.815 41.728 41.644 40.563 46.487 61.416 38.349 41.289 41.235 43.190 18.159 0.000
58.488 58.435 58.380 58.323 58.265 58.208 58.152 58.099 58.049 58.004 61.970 0.000 48.797 57.784 73.774 68.780 4.827 0.000 0.000 0.000 53.379 56.377 56.375 56.373 54.369 57.366 0.000 0.000 0.000 73.944 79.872 90.787 90.669 90.777 88.827 96.253 89.538 94.182 90.073 91.008 78.959 66.939 55.959 50.959 52.959 0.000 0.000 44.690 39.689 45.683 46.668 44.629 50.537 60.483 42.432 43.375 52.309 59.234 41.151 42.061 41.967 41.872 41.779 40.689 45.604 64.525 58.453 47.386 40.326 41.272 43.225 58.182 76.135
58.580 58.527 58.472 58.415 58.356 58.294 58.234 61.180 59.144 58.112 62.088 0.000 48.917 57.895 74.874 66.866 6.874 0.000 0.000 0.000 26.378 36.376 35.374 35.372 56.370 41.368 0.000 0.000 0.000 76.148 86.082 90.994 90.953 90.057 96.872 96.579 90.600 91.443 90.302 90.246 91.192 82.149 47.113 0.000 0.000 0.000 0.000 42.691 42.693 39.693 41.691 42.683 41.644 48.599 62.548 45.487 43.416 53.333 41.240 42.138 42.033 41.927 41.825 41.729 49.639 62.557 49.483 61.417 39.357 40.304 45.255 66.208 78.160
58.675 58.622 58.567 58.510 58.449 61.379 63.310 35.242 56.235 59.211 61.183 21.157 52.060 57.003 68.962 66.937 7.928 0.000 0.000 0.000 0.000 0.000 2.373 2.372 37.371 0.000 0.000 0.000 24.585 74.419 91.313 91.196 91.313 89.399 97.138 89.181 94.889 90.585 90.540 90.474 90.415 80.350 41.232 0.000 0.000 0.000 0.000 0.000 45.698 46.704 33.721 41.768 42.757 42.722 46.672 62.610 45.533 42.442 42.337 42.219 42.098 41.980 39.867 45.762 64.666 45.581 44.507 58.441 42.383 40.330 47.282 73.237 78.191
58.770 58.717 58.664 58.610 60.550 36.463 38.386 0.000 18.345 54.314 58.275 62.229 58.161 61.097 66.033 70.992 9.973 0.000 0.000 0.000 0.000 3.373 55.373 62.373 0.000 0.000 0.000 7.868 83.751 85.632 91.527 91.484 90.603 97.617 97.386 90.240 90.956 90.829 90.761 90.698 89.644 69.605 0.000 0.000 0.000 0.000 0.000 0.000 0.000 37.704 0.000 48.910 45.894 41.860 41.810 43.746 60.665 49.566 41.445 42.304 42.161 41.026 45.901 47.785 46.682 43.595 41.521 41.457 41.402 42.353 55.308 77.266 78.225
58.866 58.813 58.763 58.717 63.678 1.663 0.000 24.573 16.484 50.426 59.375 57.322 59.260 71.189 43.083 37.024 1.999 0.000 0.000 0.000 0.000 53.373 59.373 61.373 0.000 0.000 0.000 70.986 75.918 89.830 91.715 91.846 89.942 97.831 89.734 91.412 91.107 91.049 90.976 90.912 82.858 59.821 0.000 0.000 0.000 0.000 0.000 0.000 0.000 0.000 0.000 53.069 48.050 42.013 39.962 42.898 42.817 58.713 51.574 42.390 43.218 41.063 47.924 47.797 44.683 38.595 41.525 41.466 43.415 57.371 76.330 78.294 81.260
59.958 57.906 57.858 57.815 60.782 30.768 27.743 59.663 64.591 58.532 56.478 63.423 73.367 76.315 0.245 0.000 0.000 0.000 0.000 0.000 0.000 21.373 28.373 30.373 0.000 0.000 0.000 73.172 81.108 91.020 92.012 91.051 98.224 98.033 90.762 91.469 91.332 91.256 91.184 91.118 73.055 55.000 0.000 0.000 0.000 0.000 0.000 0.000 0.000 0.000 0.000 51.247 49.222 49.181 46.129 39.066 40.990 41.893 57.749 57.465 54.256 51.084 43.935 42.796 39.657 40.576 41.517 45.467 65.423 77.384 77.349 78.319 77.292
74.047 72.994 71.947 69.904 66.868 67.836 67.798 64.743 65.686 67.632 67.581 73.527 75.469 33.392 0.000 0.000 0.000 0.000 0.000 0.000 0.000 0.000 0.000 0.000 0.000 11.679 19.601 74.421 91.314 92.223 92.173 91.401 98.402 90.233 91.911 91.600 91.537 91.457 91.386 89.319 71.246 42.123 0.000 0.000 0.000 0.000 0.000 0.000 0.000 0.000 0.000 41.450 45.410 48.360 49.305 48.248 45.186 41.121 35.062 0.000 0.000 0.000 0.000 0.000 43.572 41.538 44.499 65.461 78.426 77.394 78.365 81.339 77.318
70.130 72.078 71.030 72.987 74.948 73.911 72.871 70.825 68.778 68.731 69.684 65.636 65.591 0.000 0.000 0.000 0.000 0.000 0.000 0.000 0.000 0.000 0.000 0.000 0.000 60.758 83.701 82.599 91.506 92.394 92.521 90.624 98.568 92.325 91.932 91.810 91.727 91.651 91.584 87.527 67.487 0.000 0.000 0.000 0.000 0.000 0.000 0.000 0.000 0.000 48.841 43.694 40.609 42.543 47.486 49.433 49.385 50.344 41.316 0.000 0.000 0.000 0.000 0.000 44.521 42.504 58.480 79.453 77.426 77.400 77.376 78.356 77.339
58.209 58.157 59.110 66.067 75.026 80.988 68.950 62.910 57.869 55.830 54.789 60.743 39.667 0.000 0.000 0.000 0.000 0.000 0.000 0.000 0.000 0.000 0.000 0.000 0.000 66.893 82.847 90.771 92.685 92.652 91.781 98.862 98.721 94.341 92.149 91.989 91.913 91.837 91.771 86.719 61.687 0.000 0.000 0.000 0.000 0.000 0.000 0.000 0.000 49.111 43.988 43.875 43.787 42.718 39.661 44.614 48.576 49.552 46.544 0.000 0.000 0.000 0.000 47.477 41.486 45.479 73.464 77.445 77.424 77.404 77.385 77.369 77.356
57.282 57.232 61.185 66.143 68.103 71.066 61.029 56.994 57.960 57.929 59.901 37.879 0.000 0.000 0.000 0.000 0.000 0.000 0.000 0.000 0.000 0.000 0.000 0.000 0.000 53.074 82.022 91.952 92.850 92.980 91.089 98.992 91.885 93.561 92.243 92.178 92.092 92.014 91.945 82.889 55.855 0.000 0.000 0.000 0.000 0.000 0.000 0.000 48.346 44.234 44.127 44.030 43.948 43.881 43.827 40.784 39.755 42.744 49.763 49.851 0.000 0.000 0.000 41.467 42.468 60.462 77.451 76.437 76.422 77.406 77.392 77.379 77.368
57.351 57.302 59.257 60.216 58.178 57.142 58.108 57.077 57.049 57.024 62.005 6.994 0.000 0.000 0.000 0.000 0.000 0.000 0.000 0.000 0.000 0.000 0.000 0.000 4.443 61.308 90.219 93.135 93.105 92.235 99.228 99.114 94.882 92.584 92.440 92.351 92.265 92.182 93.105 73.038 60.990 0.000 0.000 47.948 0.000 47.718 49.675 49.591 44.459 44.351 44.255 44.169 44.094 44.032 43.981 43.941 42.916 39.905 48.914 49.940 42.940 0.000 0.000 49.457 41.456 49.451 55.442 58.432 62.420 68.408 74.397 76.387 76.378
58.415 58.369 58.326 58.286 58.249 57.216 57.185 57.157 57.134 56.115 64.102 15.096 0.000 0.000 0.000 0.000 0.000 0.000 0.000 0.000 0.000 0.000 0.000 0.000 45.578 81.495 92.409 93.299 93.439 91.531 99.331 92.331 94.007 92.692 92.617 92.523 92.433 92.345 93.257 65.165 43.078 0.000 0.000 43.948 0.000 42.762 44.715 44.640 44.547 44.457 44.373 44.296 44.228 44.170 44.122 44.086 42.060 44.048 50.047 47.054 0.000 0.000 0.000 48.449 47.447 46.442 45.436 44.427 43.418 47.409 58.400 54.392 56.386
56.476 56.432 56.391 56.353 56.318 56.287 56.258 57.233 59.214 61.199 36.193 3.193 0.000 0.000 0.000 0.000 0.000 0.000 0.000 3.814 12.806 0.000 0.000 15.937 56.796 87.689 93.586 93.575 92.602 99.510 99.425 95.320 93.027 92.879 92.786 92.692 92.599 92.507 88.412 35.289 0.000 0.000 0.000 43.948 49.929 44.852 44.782 44.708 44.632 44.557 44.484 44.415 44.353 44.299 44.253 44.218 41.193 50.178 50.173 46.174 0.000 0.000 0.000 47.443 46.440 47.436 47.431 47.424 47.417 47.409 46.402 46.396 45.391
57.533 57.492 60.453 64.417 67.384 71.354 73.328 76.305 75.287 67.277 5.276 16.291 40.344 8.368 0.000 0.000 0.000 0.000 0.000 43.823 70.798 10.758 0.000 50.079 82.980 92.871 93.770 93.700 92.923 99.584 91.755 93.442 93.126 93.051 92.954 92.860 92.765 93.672 80.597 0.000 0.000 0.000 0.000 23.967 43.986 44.937 46.852 46.777 44.717 44.654 44.590 44.528 44.470 44.418 44.375 41.340 46.315 49.299 50.294 41.295 0.000 0.000 0.000 31.439 52.435 52.431 49.427 46.421 46.415 47.410 48.404 48.399 47.395
59.587 58.549 65.512 74.478 75.447 74.418 73.393 72.371 69.355 63.344 38.342 55.351 73.373 42.392 26.412 2.420 0.000 0.000 14.895 53.856 67.804 6.718 25.555 67.320 92.171 95.054 93.895 94.106 92.082 99.646 93.739 93.454 93.306 93.215 93.122 93.028 92.929 94.817 38.707 0.000 0.000 0.000 0.000 0.000 40.111 46.058 26.914 26.831 43.803 44.754 44.695 44.636 44.580 44.530 43.487 41.453 50.427 50.411 47.406 41.418 47.467 0.000 0.000 0.000 63.430 78.428 71.423 67.419 63.414 59.410 62.405 62.401 45.398
59.639 59.603 62.569 65.537 64.507 62.480 60.455 58.433 56.416 56.403 65.397 67.398 64.406 61.415 65.424 13.428 0.000 0.000 54.935 84.902 35.844 31.756 65.628 89.473 94.340 94.195 94.312 92.267 99.729 92.142 93.856 93.543 93.472 93.379 93.290 93.202 96.106 52.962 0.000 0.000 0.000 0.000 0.000 0.000 42.291 47.268 0.000 0.000 40.911 44.863 44.801 44.740 44.684 44.634 41.591 49.556 50.530 49.511 40.502 44.504 44.517 0.000 0.000 0.000 31.428 61.425 79.421 78.417 78.413 78.409 78.406 72.403 62.400
59.688 59.656 59.624 58.594 58.565 59.538 59.513 59.491 57.472 58.456 63.445 66.439 62.437 57.438 60.440 15.441 0.000 0.000 47.006 56.973 34.915 67.833 82.728 91.608 94.490 94.420 93.517 100.096 99.867 93.131 93.859 93.717 93.629 93.542 93.458 93.383 96.332 0.000 0.000 11.696 20.696 0.000 0.000 43.587 46.492 45.455 52.474 1.382 41.068 44.985 44.906 44.839 44.781 42.731 44.688 50.652 50.623 42.602 43.588 44.580 44.578 0.000 0.000 0.000 0.000 0.000 61.417 77.414 77.411 77.409 77.406 78.404 78.402
59.738 59.708 59.678 59.649 59.621 59.594 59.569 58.546 57.524 61.504 65.487 65.474 60.466 56.461 61.457 14.453 0.000 0.000 43.111 12.070 59.010 82.933 88.841 94.746 94.595 94.803 92.792 100.302 92.548 94.259 93.946 93.877 93.786 93.700 93.617 100.540 84.506 0.000 7.695 57.696 43.696 0.000 0.000 38.682 46.636 45.587 45.533 51.426 49.241 48.102 45.001 44.929 44.871 41.821 49.777 50.741 46.710 41.686 44.666 44.650 46.637 50.648 0.000 0.000 0.000 0.000 0.000 74.411 77.410 77.408 77.406 78.405 76.403
59.788 59.759 59.731 59.702 59.675 59.649 58.623 57.599 59.574 63.549 66.525 62.506 57.492 56.483 59.475 41.462 28.432 29.370 25.257 26.186 66.120 87.047 92.968 94.856 94.994 92.983 100.661 100.489 93.551 94.264 94.117 94.028 93.940 93.855 98.769 41.652 56.648 26.685 57.695 65.697 0.000 0.000 0.000 37.824 46.784 45.724 45.645 55.531 66.370 40.179 50.067 46.004 42.952 44.904 50.861 49.823 40.791 43.764 44.742 44.717 31.671 32.660 0.000 0.000 0.000 0.000 0.000 55.409 76.408 77.407 77.406 81.405 77.404
59.839 59.811 59.783 59.756 59.729 59.702 57.677 57.651 61.625 68.594 69.559 65.531 60.513 58.503 58.498 60.488 60.464 69.422 10.359 44.299 82.238 89.170 95.097 95.062 94.192 100.969 100.820 93.904 94.684 94.346 94.272 94.177 94.090 94.012 101.953 0.000 39.749 41.712 31.702 33.699 0.000 0.000 0.282 41.004 46.951 45.879 51.792 67.683 44.526 0.000 31.084 44.069 42.029 49.983 50.938 46.899 43.866 44.839 44.819 46.806 0.000 0.000 0.000 0.000 0.000 0.000 47.408 28.408 67.408 77.407 77.406 82.405 77.405
59.890 59.862 59.835 59.808 59.782 58.756 57.730 59.705 66.679 43.645 19.584 18.547 15.526 45.519 62.526 57.526 60.516 41.494 3.458 49.413 87.359 93.306 95.192 95.434 93.455 101.106 94.235 95.011 94.579 94.519 94.414 94.321 94.232 95.149 93.079 15.023 14.886 0.000 0.000 0.000 0.000 0.000 40.382 48.235 46.136 45.048 64.962 68.883 0.000 0.000 1.199 40.160 46.112 51.059 51.010 40.968 44.934 44.908 44.890 47.881 0.000 0.000 0.000 0.000 0.000 0.000 26.408 0.000 55.407 77.406 77.406 83.405 77.405
59.941 59.914 59.887 59.860 58.834 57.808 59.784 62.760 70.740 29.724 0.000 0.000 0.000 0.000 44.564 59.572 60.580 46.581 48.565 74.533 91.492 95.415 95.587 93.607 101.348 101.232 95.213 94.906 94.757 94.653 94.554 94.459 94.367 97.275 82.188 11.106 0.000 0.000 0.000 0.000 0.000 1.740 40.534 47.417 46.311 44.217 72.124 33.004 0.000 0.000 46.378 51.281 51.200 51.132 49.076 44.030 44.995 44.969 44.953 46.947 0.023 51.040 3.040 0.000 0.000 0.000 0.000 0.000 48.406 77.406 77.405 77.405 77.405
59.991 59.965 59.938 59.912 58.885 57.860 61.835 65.813 69.796 27.787 0.000 0.000 0.000 0.000 24.592 67.620 62.650 68.686 81.689 90.666 94.626 95.631 94.780 101.553 101.454 94.546 95.320 94.977 94.892 94.788 94.690 94.596 98.500 61.397 33.292 0.000 0.000 0.000 0.000 0.000 3.017 42.895 47.724 46.587 48.475 45.383 69.315 0.000 0.000 41.697 48.525 64.384 53.277 50.194 46.130 44.082 44.045 45.020 45.006 45.006 50.031 46.040 37.040 0.000 0.000 0.000 44.405 46.405 45.405 77.405 77.405 77.405 77.405
60.041 60.016 59.990 59.963 57.936 59.910 65.884 66.861 64.845 51.841 12.857 0.000 0.000 0.000 0.000 20.667 16.713 56.823 87.838 91.816 95.755 95.923 94.046 101.642 93.856 95.634 95.198 95.131 97.018 95.917 94.822 94.733 100.642 23.520 0.000 0.000 0.000 0.000 0.000 24.246 63.140 63.022 50.880 47.731 58.619 53.524 54.438 15.351 3.175 39.870 44.639 55.455 51.328 55.237 49.170 52.121 51.084 48.059 45.045 44.041 44.046 50.049 0.000 0.000 0.000 0.000 41.405 41.405 51.405 77.405 77.405 77.405 77.405
