results1/res_4e8f-0096.wd
ncols         241
nrows         181
xllcorner     12693529.787448
yllcorner     3542525.717860
cellsize      155.156523
NODATA_value  -9999.000000
[rows 33 to 65 of 181, columns 73 to 145 of 241]
0.000 0.000 0.000 0.000 0.000 0.000 0.000 0.000 0.000 0.000 0.000 0.000 0.000 0.000 0.000 0.000 0.000 0.000 0.000 0.000 0.000 0.000 0.000 0.000 0.000 0.000 0.000 0.000 0.000 0.000 0.000 0.000 0.000 0.000 0.000 0.000 0.000 0.000 0.000 36.314 59.315 64.316 20.318 0.000 0.000 29.386 43.411 10.393 1.395 33.417 36.430 30.428 31.412 32.381 32.334 32.272 32.194 31.100 36.981 56.805 3.448 10.988 8.392 43.648 60.149 64.693 63.266 63.883 62.435 64.539 59.610 59.185 59.173
0.000 0.000 0.000 0.000 0.000 0.000 0.000 0.000 0.000 0.000 0.000 0.000 0.000 0.000 0.000 0.000 0.000 0.000 0.000 0.000 0.000 0.000 0.000 0.000 0.000 0.000 0.000 0.000 0.000 0.000 0.000 0.000 0.000 0.000 0.000 0.000 0.000 0.000 0.000 0.000 11.315 6.316 0.000 0.000 0.000 0.000 25.489 0.000 0.000 23.452 47.487 46.491 36.476 32.444 32.393 32.323 32.235 31.133 53.024 50.915 0.000 33.928 46.540 60.017 64.530 64.071 63.656 63.178 64.253 60.283 59.540 59.785 62.097
0.000 0.000 0.000 0.000 0.000 0.000 0.000 0.000 0.000 0.000 0.000 0.000 0.000 0.000 0.000 0.000 0.000 0.000 31.948 63.948 16.948 0.000 0.000 0.000 0.000 0.000 0.000 0.000 0.000 0.000 0.000 0.000 0.000 0.000 0.000 0.000 0.000 0.000 0.000 0.000 0.000 0.000 0.000 0.000 0.000 0.000 17.567 0.000 0.000 0.000 25.577 43.573 43.558 34.526 32.471 32.392 30.290 46.173 55.069 0.000 19.667 44.256 58.823 65.349 64.877 64.437 63.930 65.974 61.969 60.024 60.407 62.738 61.991
0.000 0.000 0.000 0.000 0.000 0.000 0.000 0.000 0.000 0.000 0.000 18.949 56.949 0.000 0.000 0.000 0.000 0.000 38.948 89.948 45.948 0.000 0.000 0.000 0.000 0.000 0.000 0.000 0.000 0.000 0.000 0.000 0.000 0.000 0.000 0.000 0.000 0.000 0.000 0.000 0.000 0.000 0.000 0.000 0.000 0.000 20.646 21.682 28.699 14.700 24.670 32.665 45.657 36.630 32.574 29.483 40.359 50.201 39.009 14.639 44.079 61.607 66.147 65.676 65.222 64.690 64.705 63.671 60.623 61.048 63.386 62.640 62.414
0.000 0.000 0.000 0.000 0.000 0.000 0.000 0.000 0.000 0.000 0.000 39.949 74.949 63.949 50.949 5.949 0.000 23.949 77.948 85.948 50.948 0.000 0.000 0.000 0.000 19.706 0.000 0.000 0.000 0.000 0.000 0.000 0.000 0.000 0.000 0.000 0.000 3.712 0.000 0.000 0.000 7.713 25.713 0.000 0.000 36.698 51.688 54.701 52.716 38.730 32.740 31.760 45.775 36.764 28.712 42.608 56.463 44.264 32.128 46.828 51.401 63.947 66.478 66.015 65.464 65.448 63.392 61.337 61.712 64.050 63.303 63.075 62.751
0.000 0.000 0.000 0.000 0.000 0.000 0.000 0.000 0.000 0.000 0.000 10.949 72.949 55.949 36.949 0.000 19.949 69.949 80.948 87.948 46.948 0.000 0.000 0.000 0.000 57.706 41.706 0.000 0.000 0.000 0.000 0.000 0.000 0.000 0.000 0.000 20.712 32.712 34.712 0.000 0.000 16.713 41.713 20.712 34.711 57.707 60.707 61.717 58.735 45.762 32.801 29.858 46.920 37.940 41.900 59.775 53.619 0.000 30.411 49.144 61.751 67.299 66.832 66.265 66.216 64.141 62.182 62.407 64.737 63.989 63.756 63.424 63.104
0.000 0.000 0.000 0.000 0.000 0.000 0.000 0.000 0.000 0.000 0.000 0.000 0.000 23.950 61.950 57.950 45.950 58.949 78.949 89.948 42.947 0.000 0.000 0.000 0.000 19.706 43.706 45.706 0.000 0.000 0.000 0.000 0.000 0.000 0.000 0.000 36.712 37.712 49.712 32.713 21.713 35.713 36.713 32.713 39.713 46.714 44.717 37.726 56.745 22.782 38.845 41.952 32.106 44.177 57.172 53.974 0.000 5.392 41.962 58.584 67.162 67.682 67.114 67.027 63.938 63.203 63.147 65.457 64.706 64.466 64.126 63.793 63.453
0.000 0.000 0.000 0.000 0.000 0.000 0.000 0.000 0.000 0.000 0.000 0.000 0.000 13.950 80.950 75.950 65.950 55.950 79.949 87.948 82.946 67.943 22.941 0.000 0.000 0.000 0.000 53.706 37.706 35.707 46.707 41.707 4.707 0.000 0.000 0.712 36.712 35.712 56.712 62.713 51.713 43.713 35.714 32.714 33.715 34.717 33.720 31.727 39.735 0.759 0.000 1.207 37.374 60.490 58.638 0.000 4.163 41.823 55.459 65.079 68.597 68.137 68.893 64.821 64.479 63.951 66.223 65.463 65.213 64.863 64.519 64.164 63.798
0.000 0.000 0.000 0.000 0.000 0.000 0.000 0.000 0.000 0.000 0.000 0.000 0.000 0.000 13.950 52.951 27.951 63.951 82.950 87.949 85.946 83.943 72.940 31.937 0.000 0.000 0.000 9.706 48.706 48.707 61.707 59.707 52.707 47.708 0.000 0.000 3.712 40.712 59.712 66.713 58.713 42.714 31.714 32.715 32.717 32.718 32.721 32.725 36.728 0.000 0.000 0.000 7.573 44.772 14.253 11.603 46.503 51.275 62.991 69.576 69.407 67.621 65.921 66.150 64.858 67.055 66.275 66.003 65.639 65.285 64.920 64.545 64.144
0.000 0.000 0.000 0.000 0.000 0.000 0.000 0.000 0.000 0.000 0.000 0.000 0.000 0.000 0.000 0.000 84.953 84.953 86.953 86.950 85.946 79.942 73.937 44.934 0.000 0.000 0.000 0.000 0.000 16.707 61.707 55.707 70.707 67.708 46.709 25.710 26.711 35.712 57.712 66.713 57.713 40.714 30.715 35.716 34.717 32.719 32.721 32.723 33.725 25.724 0.000 0.000 0.000 0.000 5.998 49.052 51.969 59.807 70.512 70.607 68.952 70.784 68.438 65.928 67.987 67.161 66.850 66.459 66.086 65.711 65.334 64.950 63.527
0.000 0.000 0.000 0.000 0.000 0.000 19.838 42.836 0.000 20.789 60.780 49.768 53.758 28.753 0.000 0.000 20.956 92.956 86.956 83.953 80.948 83.940 74.933 37.929 0.000 0.000 0.000 0.000 0.000 0.000 0.000 5.707 59.707 60.708 11.708 0.000 2.712 39.712 57.712 62.713 52.713 43.714 41.715 3.716 10.718 38.719 32.721 32.722 33.724 39.724 47.724 9.724 0.000 0.000 21.687 54.642 58.527 69.325 71.528 71.154 74.468 73.018 67.325 69.065 68.144 67.765 67.330 66.926 66.529 66.139 65.756 65.393 71.105
0.000 0.000 0.000 0.000 0.000 0.000 19.839 62.834 4.819 54.798 56.782 68.767 51.755 36.747 0.000 0.000 8.957 77.959 89.964 86.960 86.950 87.938 81.927 35.920 0.000 0.000 0.000 0.000 0.000 0.000 0.000 0.000 0.000 44.708 3.708 0.000 0.000 45.712 42.712 54.713 11.713 0.000 0.000 0.000 0.000 4.720 42.721 36.722 0.000 29.724 63.724 46.724 0.000 0.000 26.432 60.269 69.164 72.276 72.026 76.231 75.488 68.735 70.231 69.212 68.747 68.254 67.809 67.382 66.967 66.560 66.158 65.763 70.394
18.108 62.105 52.103 0.000 0.000 0.000 13.846 73.843 49.826 51.803 57.782 81.763 82.746 77.733 31.721 0.000 0.000 0.000 37.980 91.971 86.956 87.936 84.917 43.903 0.000 0.000 0.000 0.000 0.000 0.000 0.000 0.000 0.000 2.708 0.000 0.000 0.000 0.000 0.000 0.000 0.000 0.000 0.000 0.000 0.000 0.000 0.000 17.721 14.721 0.000 0.000 0.000 0.000 15.841 53.256 70.203 71.872 72.798 77.159 76.777 69.793 71.295 70.273 69.753 69.210 68.724 68.265 67.826 67.398 66.976 66.551 66.108 68.597
18.108 74.105 56.101 52.096 0.000 0.000 0.881 65.864 67.837 67.808 79.779 76.756 88.736 87.719 48.708 0.000 0.000 0.000 14.004 93.990 86.965 87.934 84.900 44.873 0.000 0.000 5.496 53.463 65.426 34.402 0.000 0.000 0.000 0.000 0.000 0.000 0.000 0.000 0.000 0.000 0.000 0.000 0.000 0.000 0.000 0.000 0.000 0.000 2.721 0.000 0.000 0.000 13.812 54.315 71.270 71.846 78.060 77.547 71.106 71.642 72.102 71.237 70.715 70.157 69.646 69.162 68.702 68.258 67.824 67.395 66.963 73.521 14.059
82.110 79.106 58.100 59.091 51.080 0.000 55.943 50.908 58.852 71.810 75.772 86.745 87.721 86.700 55.684 0.000 0.000 0.000 13.044 93.019 86.980 87.933 82.879 62.814 46.713 47.620 47.529 55.466 76.414 43.377 0.000 0.000 0.000 0.000 0.000 0.000 0.000 0.000 0.000 0.000 0.000 0.000 0.000 0.000 0.000 0.000 0.000 0.000 0.000 0.000 11.917 42.690 52.191 71.172 72.757 79.436 78.830 71.669 73.362 72.666 72.088 71.587 71.052 70.541 70.049 69.577 69.122 68.680 68.246 67.816 74.386 19.954 0.000
79.113 74.109 72.101 55.089 59.069 59.036 49.994 42.972 0.000 0.000 17.753 76.734 87.702 85.676 70.645 37.601 0.000 0.273 62.107 83.063 88.004 86.939 87.869 77.793 53.705 50.618 49.533 58.458 76.388 59.315 45.214 46.134 50.075 61.039 25.024 0.000 0.000 0.000 0.000 0.000 0.000 0.000 0.000 0.000 0.000 0.000 0.000 0.000 0.000 0.000 23.121 62.956 70.897 73.540 80.326 79.926 72.412 74.054 73.249 72.846 72.370 71.877 71.386 70.903 70.432 69.975 69.529 69.093 68.664 74.237 20.812 0.000 0.000
68.118 20.114 88.107 59.095 53.070 54.046 56.025 56.015 45.024 0.000 0.000 0.000 21.680 92.656 82.617 60.558 52.459 59.349 58.212 60.120 68.034 68.949 55.866 52.782 50.698 50.612 49.528 58.446 73.365 52.281 49.193 54.114 70.053 73.017 58.010 32.010 0.000 0.000 0.000 0.000 0.000 0.000 0.000 0.000 0.000 0.000 0.000 0.000 0.000 13.977 55.814 71.416 74.251 80.889 80.647 73.127 74.746 73.938 73.554 73.095 72.637 72.174 71.710 71.252 70.802 70.360 69.927 69.501 75.078 20.658 0.000 0.000 0.000
14.125 87.123 88.119 74.114 0.000 1.062 61.046 57.036 68.034 59.034 0.000 0.000 0.685 80.650 77.612 62.552 53.472 50.378 50.273 53.172 66.063 73.959 76.861 69.774 59.690 52.606 51.521 67.434 70.345 45.253 49.161 49.075 50.005 53.967 32.988 0.000 0.000 0.000 3.603 0.000 0.000 0.000 0.000 0.000 0.000 0.000 0.000 17.222 48.888 56.735 70.241 81.551 81.158 74.211 74.793 75.339 74.627 74.239 73.791 73.354 72.913 72.470 72.029 71.593 71.162 70.738 71.319 77.904 21.491 0.000 0.000 0.000 0.000
92.133 88.134 88.132 88.127 75.118 58.094 58.069 58.052 49.041 0.000 14.754 21.754 73.725 70.677 73.628 66.568 67.497 67.417 67.330 70.233 65.087 64.964 66.846 70.762 71.683 69.602 65.515 76.423 74.326 62.226 63.123 63.021 64.927 39.856 0.000 0.000 0.000 0.000 4.603 0.000 0.000 0.000 0.000 0.000 0.000 4.096 51.881 52.446 73.457 74.009 82.656 82.162 76.715 76.416 75.788 75.302 74.902 74.467 74.042 73.615 73.189 72.765 72.344 71.928 71.517 72.110 75.707 8.306 0.000 0.000 0.000 0.000 0.000
91.141 87.147 87.149 88.145 85.132 63.110 57.084 58.060 59.038 51.016 0.001 65.784 62.751 63.705 64.653 59.596 63.532 68.465 76.398 61.343 0.000 0.000 11.795 69.745 65.678 65.603 65.515 65.417 65.312 65.201 65.083 64.959 62.826 57.674 30.471 0.000 6.145 49.918 56.603 68.273 38.010 0.000 0.000 0.000 0.000 53.289 64.095 76.021 76.655 83.409 83.067 77.386 77.046 76.293 75.946 75.538 75.120 74.705 74.290 73.876 73.464 73.056 72.654 72.258 72.867 75.479 23.093 0.000 0.000 0.000 0.000 0.000 0.000
77.148 77.164 77.174 88.170 88.155 78.130 54.099 57.066 58.034 57.994 63.929 72.847 56.790 53.738 51.686 58.630 73.571 72.511 57.453 37.398 0.000 0.000 0.000 0.000 54.683 49.615 49.524 49.419 49.304 50.181 53.050 53.907 53.743 52.543 53.268 51.840 51.373 60.006 66.619 64.205 70.748 68.149 62.602 60.069 62.437 73.998 77.492 77.278 83.906 83.689 78.044 77.681 76.915 76.571 76.159 75.754 75.347 74.941 74.537 74.135 73.735 73.341 72.958 73.584 74.214 12.847 0.000 0.000 0.000 0.000 0.000 0.000 0.000
0.000 43.187 55.211 83.207 87.188 68.156 51.114 50.073 58.037 57.997 56.946 50.884 51.824 57.773 74.721 73.666 56.610 49.556 39.504 0.000 59.138 68.083 63.998 64.889 67.756 70.651 69.546 70.432 73.305 72.170 69.029 70.875 65.698 51.486 55.218 53.878 58.500 76.112 82.664 79.179 72.628 67.095 68.607 75.053 79.891 78.295 84.515 84.156 78.058 79.658 78.228 77.551 77.194 76.778 76.376 75.972 75.571 75.175 74.782 74.391 74.001 74.616 72.254 67.904 19.559 0.000 0.000 0.000 0.000 0.000 0.000 0.000 0.000
0.000 0.000 48.274 67.261 78.235 53.191 45.127 52.077 50.044 57.012 57.974 57.919 50.850 67.808 59.759 48.704 51.647 43.600 0.000 68.274 71.194 71.113 73.020 73.915 76.798 80.689 79.578 79.457 79.313 81.166 82.021 79.865 67.689 53.484 55.241 54.956 54.637 57.279 30.745 3.218 92.488 134.017 111.539 77.467 78.979 85.519 85.066 78.523 81.240 78.642 78.184 77.811 77.400 76.996 76.591 76.188 75.792 75.405 75.025 74.647 76.261 70.869 59.536 14.220 0.000 0.000 0.000 0.000 0.000 0.000 0.000 0.000 33.188
0.581 0.000 3.352 24.326 59.300 41.245 0.000 47.063 52.049 52.035 58.017 46.968 0.000 51.849 49.805 51.744 52.674 62.596 76.489 73.354 75.250 81.154 91.057 134.951 131.835 131.726 131.621 131.504 132.326 116.159 48.023 50.876 48.709 56.519 55.305 52.067 49.814 31.623 0.000 0.000 1.195 58.822 75.885 80.497 86.228 85.903 78.141 79.828 79.115 78.797 78.414 78.017 77.617 77.212 76.804 76.398 76.004 75.627 76.267 74.911 66.525 55.065 12.800 0.000 0.000 0.000 0.000 0.000 0.000 0.000 0.000 24.347 45.273
74.570 22.531 11.455 74.392 52.394 0.000 0.000 0.000 46.055 59.061 51.092 0.000 4.016 59.936 50.866 61.792 74.711 74.621 79.517 82.404 75.298 61.198 52.100 47.998 45.864 48.760 49.677 36.612 0.000 53.123 50.036 48.908 52.753 56.578 53.393 45.194 51.927 32.775 0.000 0.000 54.128 71.154 80.903 86.723 86.502 78.741 80.416 79.699 79.393 79.011 78.628 78.236 77.836 77.431 77.017 76.596 76.197 76.832 72.506 61.204 17.865 0.000 0.000 0.000 0.000 0.000 0.000 0.000 0.000 0.000 0.000 42.421 41.361
84.588 92.569 80.545 0.000 9.491 3.588 0.000 0.000 0.000 0.000 55.199 53.182 61.096 58.012 57.931 57.847 74.756 88.659 77.555 57.446 55.341 50.240 52.148 43.076 0.000 54.773 51.713 40.656 0.000 54.174 49.089 49.966 56.817 54.648 52.496 34.387 0.000 0.000 50.701 48.581 65.387 81.315 86.998 79.696 80.258 80.907 80.292 79.985 79.610 79.237 78.854 78.461 78.062 77.658 77.235 77.773 77.356 67.000 51.719 14.536 0.000 0.000 0.000 0.000 0.000 0.000 0.000 0.000 17.837 16.787 31.695 43.555 31.461
74.614 78.613 68.610 0.000 0.000 68.685 61.714 55.712 0.000 7.418 73.322 70.253 57.172 58.087 57.999 58.907 79.809 131.705 124.596 71.486 126.378 47.274 51.176 51.082 52.975 50.846 50.747 50.644 52.498 48.310 48.179 57.051 55.900 52.701 47.557 36.472 0.000 0.000 52.821 59.692 81.716 80.615 87.363 80.748 81.327 80.867 80.567 80.208 79.847 79.472 79.088 78.693 78.294 77.903 79.493 74.906 56.452 43.095 44.833 10.684 0.000 0.000 0.000 0.000 0.000 0.000 0.000 0.000 26.886 31.830 45.745 39.642 29.550
70.643 65.657 9.673 0.000 0.000 51.754 60.744 57.709 75.634 69.515 74.419 82.336 73.252 58.164 58.072 57.974 56.868 50.756 45.639 50.523 47.410 51.302 51.200 51.101 50.998 50.889 50.785 50.673 49.541 54.390 56.267 57.159 41.029 0.000 40.557 0.000 0.000 0.000 57.041 78.978 82.999 88.386 87.910 80.847 81.492 81.124 80.800 80.454 80.093 79.717 79.332 78.931 78.516 77.167 38.929 0.000 0.000 0.000 0.000 0.000 0.000 0.000 0.000 23.372 18.343 17.293 16.221 20.124 28.993 44.901 38.811 29.720 39.632
62.668 53.701 58.752 3.841 56.868 52.833 51.799 69.749 62.677 78.588 87.502 67.419 53.335 51.247 54.151 57.047 57.933 57.811 50.683 49.556 50.437 50.325 51.222 51.123 51.025 55.928 52.830 49.724 50.601 53.443 57.339 46.289 0.000 0.000 0.000 0.000 12.779 132.658 76.363 83.389 81.371 88.805 80.686 83.195 84.669 81.386 81.059 80.715 80.353 79.973 80.591 77.181 64.673 55.322 13.125 0.000 0.000 0.000 0.000 0.000 0.000 0.000 25.440 25.401 25.365 26.314 26.245 27.159 41.060 40.969 24.880 27.793 29.709
37.683 38.726 32.793 56.903 52.931 51.911 62.869 66.810 77.738 84.659 50.581 49.504 50.423 52.336 51.240 48.131 56.008 56.871 57.725 56.583 50.455 49.341 48.238 49.143 55.054 113.967 81.882 61.792 44.697 0.000 59.355 67.371 0.000 0.000 0.000 0.000 56.902 67.804 84.686 82.726 89.536 89.185 81.783 82.304 82.961 81.658 81.336 80.994 80.630 81.232 79.879 32.530 0.000 0.000 0.000 0.000 0.000 0.000 0.000 0.000 0.000 0.000 32.480 28.428 25.402 26.354 24.287 36.208 43.121 27.034 27.948 35.864 33.782
0.000 0.000 0.000 50.045 53.041 55.012 75.958 86.883 100.805 82.730 11.660 68.591 68.518 52.436 52.340 51.228 49.095 51.940 57.763 55.597 56.460 58.346 56.247 54.158 50.079 45.006 49.939 44.865 0.000 0.000 0.000 53.468 45.492 0.000 0.000 0.000 67.124 84.005 84.085 82.104 89.857 81.526 84.017 85.515 82.248 81.947 81.632 81.297 80.941 78.445 33.162 0.000 0.000 0.000 0.000 0.000 0.000 0.000 0.000 0.000 0.000 31.832 1.752 0.000 33.463 23.411 34.342 46.264 34.182 29.098 34.015 37.933 30.854
0.000 0.000 0.000 48.192 54.176 70.137 81.067 128.961 122.867 124.796 130.738 126.683 127.622 52.548 52.458 51.345 51.205 50.032 44.792 54.579 56.443 57.336 55.244 57.165 57.097 58.040 51.002 0.000 0.000 0.000 0.000 54.541 39.517 0.000 0.000 58.639 80.430 84.364 83.349 90.442 90.157 82.592 83.130 83.811 82.540 82.255 81.949 82.620 57.393 0.000 0.000 0.000 0.000 0.000 0.000 0.000 0.000 0.000 44.111 33.063 22.987 26.885 26.797 27.706 27.575 30.486 43.406 40.325 35.244 36.162 34.081 32.001 27.923
14.348 0.000 0.000 49.355 66.335 74.293 80.212 51.027 49.908 48.848 45.813 46.781 46.738 52.678 52.597 68.491 68.349 44.191 0.000 41.487 54.395 56.311 54.229 56.161 56.103 57.057 53.026 0.000 0.000 0.000 52.736 37.639 0.000 0.000 59.992 68.842 85.686 84.580 83.755 90.708 82.286 84.804 87.332 83.100 82.843 82.582 81.289 68.842 27.618 0.000 0.000 0.000 0.000 0.000 30.354 25.334 25.296 25.239 29.159 41.090 44.013 29.926 24.838 26.746 28.645 43.554 42.470 28.388 37.306 38.225 37.146 30.067 25.990
