results1/res_4e8f-0123.wd
ncols         241
nrows         181
xllcorner     12693529.787448
yllcorner     3542525.717860
cellsize      155.156523
NODATA_value  -9999.000000
[rows 66 to 98 of 181, columns 73 to 145 of 241]
69.865 33.854 0.000 59.014 75.993 74.963 74.936 0.000 46.346 46.330 59.341 55.350 54.330 54.285 53.218 129.122 116.954 0.000 0.000 0.000 49.726 44.667 49.577 52.518 52.470 54.427 55.387 60.341 61.300 62.254 53.195 0.000 0.000 50.507 100.507 82.419 86.275 86.357 84.405 92.329 84.807 85.283 86.018 84.788 84.562 85.355 55.197 0.000 0.000 0.000 0.000 0.000 0.000 0.000 36.400 34.382 34.347 34.299 34.238 34.175 38.107 51.035 47.961 32.887 43.811 52.737 31.665 34.594 40.524 45.455 41.387 35.319 33.254
54.867 60.843 0.000 47.228 71.193 70.165 64.168 17.251 0.000 0.000 52.418 65.495 54.494 53.464 54.421 35.380 0.000 0.000 0.000 0.000 0.000 0.000 60.512 58.488 56.458 39.423 42.382 49.337 50.303 55.271 46.233 0.000 0.000 0.000 60.746 78.653 85.586 85.675 92.762 92.553 84.883 85.568 85.276 85.062 84.848 79.657 37.523 0.000 1.713 34.713 0.000 0.000 0.000 42.443 37.437 34.415 34.379 34.332 34.276 34.214 34.148 34.078 41.006 54.934 55.861 38.788 32.717 33.647 34.578 38.509 37.442 33.376 33.310
56.875 55.808 60.675 58.477 72.386 65.337 66.321 63.334 0.000 0.000 0.000 67.716 62.689 57.654 59.621 6.598 0.000 0.000 0.000 0.000 0.000 0.000 59.472 55.463 46.452 0.000 0.000 47.322 59.306 58.292 0.000 0.000 6.449 63.330 55.078 58.899 65.975 81.032 92.957 84.630 86.181 85.742 85.549 85.328 83.111 65.904 44.713 50.713 48.713 29.713 0.000 0.000 0.000 0.520 51.490 33.462 34.422 38.374 46.318 36.257 34.192 33.123 37.053 51.981 58.909 50.838 36.768 31.698 33.630 33.563 33.497 33.431 32.366
56.915 54.841 58.738 69.620 63.535 56.478 75.443 64.430 16.446 0.000 10.108 59.964 75.891 70.844 70.811 73.793 0.000 0.000 0.000 0.000 5.423 5.428 57.441 48.440 51.435 0.000 0.000 0.000 95.307 122.300 37.300 0.000 62.568 57.466 57.305 57.212 53.294 93.316 93.142 85.679 89.282 86.025 85.813 85.595 77.365 30.134 0.000 52.713 30.713 0.000 0.000 0.000 39.664 38.630 37.567 33.521 37.475 49.424 54.367 52.305 45.239 35.171 44.100 52.029 30.958 36.887 49.817 46.749 42.682 50.616 31.551 33.486 31.421
54.971 60.901 70.818 62.731 54.656 54.595 67.545 75.497 71.462 74.389 76.252 71.142 66.068 68.018 56.987 55.971 0.000 0.000 0.000 6.415 62.418 61.421 49.424 51.422 52.414 56.396 55.385 0.000 6.316 0.305 0.000 8.949 68.788 61.661 56.501 57.592 55.637 93.474 55.303 62.890 77.482 85.300 86.082 83.873 42.619 0.000 0.000 0.000 0.000 0.000 0.000 40.721 34.699 34.669 34.626 35.581 45.533 54.479 53.420 53.357 49.290 45.220 55.149 38.077 33.006 33.935 33.866 43.798 56.733 43.668 31.605 32.541 38.476
61.037 71.972 61.902 54.830 55.763 55.703 57.643 41.552 67.516 65.455 57.367 54.284 53.221 69.175 71.146 58.132 0.000 0.000 0.000 62.413 58.413 55.413 48.412 52.409 52.401 52.389 52.375 11.352 14.326 15.299 17.248 85.109 81.979 70.850 69.806 58.804 93.755 93.621 57.359 64.005 58.778 65.579 84.347 59.195 0.000 0.000 0.000 0.000 0.000 0.000 0.000 40.744 34.740 34.721 34.688 35.645 44.596 54.540 53.479 52.413 49.343 54.272 48.199 32.125 34.053 33.982 33.913 43.846 51.782 30.720 33.659 36.597 55.532
72.109 62.050 54.987 55.923 55.863 56.810 37.771 0.000 24.596 52.546 55.477 55.408 55.354 53.316 77.291 61.279 0.000 0.000 0.000 39.410 56.407 50.406 51.404 52.400 52.393 52.384 52.372 63.356 3.335 7.323 24.336 77.262 87.160 9.049 90.971 81.163 93.872 55.936 69.578 66.219 56.087 52.889 49.533 34.364 0.000 0.000 36.289 0.000 0.000 0.000 0.000 36.771 34.798 34.788 34.758 34.716 35.665 41.606 49.542 49.472 49.399 53.324 31.248 34.173 34.099 33.027 38.958 55.892 38.830 32.771 35.715 16.657 17.579
62.187 55.131 56.073 56.014 55.956 58.904 14.860 12.825 5.726 50.656 55.587 57.517 55.473 54.443 72.424 68.415 0.000 0.000 0.000 0.000 47.401 50.399 52.397 52.393 52.389 52.382 54.375 40.365 0.000 0.000 74.510 77.444 88.353 94.223 88.327 86.363 93.972 76.988 79.689 64.529 57.433 50.358 0.000 0.000 0.000 0.000 34.289 0.000 0.000 0.000 0.000 0.000 37.893 34.875 34.842 34.797 34.742 34.679 34.610 41.536 49.458 37.378 34.298 34.219 34.142 37.069 50.000 49.934 31.874 33.819 36.772 3.738 0.000
55.269 56.216 56.159 56.102 56.045 55.991 59.940 60.890 60.826 56.766 56.700 36.598 53.578 54.559 70.545 69.541 0.000 0.000 0.000 0.000 46.395 52.394 52.392 52.389 52.385 52.382 40.378 0.000 0.000 2.887 79.750 85.653 88.552 88.498 87.575 94.106 86.474 89.190 83.877 68.817 58.756 57.752 57.889 0.000 0.000 0.000 31.290 38.290 31.290 0.000 0.000 0.000 53.005 33.977 34.937 34.887 34.827 35.759 34.683 34.602 34.518 34.432 34.346 34.263 33.183 39.108 54.037 30.972 33.913 33.860 35.816 10.786 0.000
56.355 56.302 56.247 56.189 56.131 56.073 56.019 55.969 55.923 55.880 59.848 0.000 46.682 55.669 71.658 66.663 2.707 0.000 0.000 0.000 51.391 54.390 54.387 54.384 52.382 55.381 0.000 0.000 0.000 72.024 77.951 88.864 88.745 88.853 86.900 94.315 87.610 92.252 88.143 89.075 77.025 65.006 54.026 49.026 51.026 0.000 0.000 37.291 32.290 38.286 39.271 37.235 43.145 53.093 35.043 35.986 44.921 51.846 33.763 34.673 34.580 34.486 34.393 33.304 38.220 57.141 51.070 40.004 32.945 33.892 35.846 50.804 68.758
56.445 56.392 56.336 56.278 56.216 56.152 56.094 59.045 57.015 55.986 59.964 0.000 46.799 55.777 72.756 64.746 4.752 0.000 0.000 0.000 24.389 34.387 33.382 33.379 54.378 39.379 0.000 0.000 0.000 74.235 84.167 89.078 89.036 88.139 94.953 94.652 88.677 89.519 88.376 88.319 89.264 80.219 45.183 0.000 0.000 0.000 0.000 35.293 35.295 32.295 34.294 35.287 34.250 41.206 55.155 38.095 36.024 45.941 33.849 34.747 34.643 34.538 34.436 34.340 42.251 55.169 42.096 54.030 31.971 32.919 37.871 58.826 70.779
56.537 56.484 56.429 56.369 56.302 59.224 61.161 33.104 54.105 57.084 59.058 19.034 49.939 54.883 66.842 64.815 5.801 0.000 0.000 0.000 0.000 0.000 0.089 0.122 35.371 0.000 0.000 0.000 22.682 72.512 89.405 89.286 89.402 87.487 95.225 87.266 92.971 88.666 88.619 88.551 88.492 78.425 39.304 0.000 0.000 0.000 0.000 0.000 38.300 39.306 26.324 34.370 35.360 35.326 39.276 55.214 38.138 35.048 34.943 34.826 34.706 34.587 32.475 38.369 57.274 38.189 37.114 51.049 34.992 32.940 39.893 65.849 70.806
56.631 56.579 56.526 56.469 58.400 34.282 36.221 0.000 16.217 52.187 56.150 60.105 56.039 58.976 63.914 68.871 7.836 0.000 0.000 0.000 0.000 0.000 12.611 19.614 0.000 0.000 0.000 5.972 81.852 83.730 89.624 89.579 88.698 95.717 95.480 88.329 89.044 88.914 88.845 88.780 87.726 67.686 0.000 0.000 0.000 0.000 0.000 0.000 0.000 30.306 0.000 41.511 38.495 34.461 34.411 36.347 53.268 42.169 34.049 34.908 34.766 33.631 38.506 40.390 39.286 36.198 34.124 34.061 34.006 34.957 47.913 69.873 70.834
56.725 56.674 56.626 56.581 61.547 0.000 0.000 22.449 14.358 48.300 57.249 55.197 57.136 69.068 40.967 34.919 0.000 0.000 0.000 0.000 0.000 10.601 16.605 18.607 0.000 0.000 0.000 69.092 74.022 87.934 89.816 89.947 88.042 95.935 87.831 89.506 89.199 89.140 89.065 89.000 80.944 57.906 0.000 0.000 0.000 0.000 0.000 0.000 0.000 0.000 0.000 45.667 40.648 34.612 32.561 35.497 35.416 51.312 44.175 34.992 35.820 33.666 40.527 40.398 37.282 31.193 34.123 34.064 36.014 49.970 68.930 70.895 73.863
57.817 55.766 55.721 55.684 58.661 28.669 25.629 57.540 62.465 56.405 54.350 61.296 71.241 74.192 0.000 0.000 0.000 0.000 0.000 0.000 0.000 0.000 0.000 0.000 0.000 0.000 0.000 71.281 79.216 89.127 90.119 89.157 96.337 96.142 88.863 89.567 89.429 89.351 89.277 89.210 71.146 53.089 0.000 0.000 0.000 0.000 0.000 0.000 0.000 0.000 0.000 43.843 41.818 41.777 38.725 31.662 33.587 34.490 50.346 50.065 46.857 43.686 36.536 35.395 32.252 33.170 34.110 38.060 58.016 69.978 69.944 70.914 69.888
71.903 70.854 69.810 67.772 64.742 65.718 65.677 62.618 63.559 65.503 65.451 71.398 73.341 31.266 0.000 0.000 0.000 0.000 0.000 0.000 0.000 0.000 0.000 0.000 0.000 9.798 17.718 72.536 89.427 90.335 90.284 89.512 96.519 88.342 90.016 89.703 89.638 89.556 89.484 87.416 69.341 40.215 0.000 0.000 0.000 0.000 0.000 0.000 0.000 0.000 0.000 34.044 38.004 40.954 41.899 40.841 37.779 33.715 27.656 0.000 0.000 0.000 0.000 0.000 36.160 34.126 37.087 58.049 71.014 69.982 70.953 73.928 69.908
67.985 69.936 68.891 70.852 72.818 71.784 70.744 68.697 66.648 66.599 67.551 63.503 63.459 0.000 0.000 0.000 0.000 0.000 0.000 0.000 0.000 0.000 0.000 0.000 0.000 58.878 81.820 80.717 89.622 90.510 90.636 88.739 96.689 90.437 90.041 89.917 89.833 89.755 89.686 85.628 65.587 0.000 0.000 0.000 0.000 0.000 0.000 0.000 0.000 0.000 41.433 36.286 33.201 35.135 40.077 42.024 41.975 42.934 33.907 0.000 0.000 0.000 0.000 0.000 37.103 35.087 51.062 72.035 70.008 69.983 69.959 70.939 69.923
56.061 56.012 56.968 63.929 72.892 78.856 66.818 60.778 55.736 53.695 52.652 58.605 37.532 0.000 0.000 0.000 0.000 0.000 0.000 0.000 0.000 0.000 0.000 0.000 0.000 65.015 80.968 88.892 90.805 90.772 89.901 96.988 96.845 92.456 90.262 90.100 90.023 89.945 89.878 84.824 59.792 0.000 0.000 0.000 0.000 0.000 0.000 0.000 0.000 41.704 36.581 36.466 36.378 35.308 32.250 37.202 41.164 42.139 39.130 0.000 0.000 0.000 0.000 40.050 34.062 38.056 66.041 70.022 70.001 69.981 69.963 69.946 69.933
55.132 55.084 59.041 64.002 65.965 68.930 58.895 54.860 55.825 55.791 57.758 35.732 0.000 0.000 0.000 0.000 0.000 0.000 0.000 0.000 0.000 0.000 0.000 0.000 0.000 51.199 80.147 90.076 90.974 91.103 89.212 97.121 90.007 91.680 90.360 90.294 90.205 90.126 90.055 80.998 53.964 0.000 0.000 0.000 0.000 0.000 0.000 0.000 40.943 36.828 36.719 36.620 36.537 36.469 36.413 33.370 32.339 35.327 42.346 42.432 0.000 0.000 0.000 34.038 35.039 53.034 70.024 69.010 68.994 69.978 69.964 69.951 69.940
55.198 55.152 57.110 58.072 56.037 55.004 55.972 54.942 54.913 54.885 59.858 4.834 0.000 0.000 0.000 0.000 0.000 0.000 0.000 0.000 0.000 0.000 0.000 0.000 2.584 59.434 88.346 91.262 91.232 90.363 97.362 97.246 93.007 90.707 90.561 90.471 90.382 90.298 91.220 71.150 59.102 0.000 0.000 40.577 0.000 40.330 42.284 42.196 37.058 36.947 36.847 36.759 36.682 36.617 36.565 36.524 35.497 32.486 41.494 42.518 35.518 0.000 0.000 42.025 34.023 42.018 48.010 50.999 54.987 60.975 66.963 68.953 68.945
56.259 56.216 56.176 56.140 56.107 55.076 55.048 55.023 55.000 53.979 61.955 12.911 0.000 0.000 0.000 0.000 0.000 0.000 0.000 0.000 0.000 0.000 0.000 0.000 43.714 79.627 90.541 91.431 91.571 89.663 97.466 90.463 92.136 90.819 90.743 90.646 90.554 90.464 91.375 63.281 41.191 0.000 0.000 36.577 0.000 35.376 37.326 37.246 37.147 37.053 36.965 36.885 36.815 36.754 36.704 36.666 34.640 36.626 42.624 39.630 0.000 0.000 0.000 41.013 40.011 39.006 37.999 36.990 35.981 39.971 50.962 46.953 48.947
54.317 54.276 54.238 54.204 54.173 54.146 54.122 55.101 57.085 59.075 34.072 1.084 0.000 0.000 0.000 0.000 0.000 0.000 0.000 1.933 10.925 0.000 0.000 14.073 54.931 85.824 91.721 91.710 90.737 97.648 97.562 93.455 91.160 91.010 90.915 90.820 90.725 90.631 86.534 33.407 0.000 0.000 0.000 36.577 42.557 37.474 37.396 37.315 37.233 37.152 37.075 37.002 36.937 36.880 36.833 36.796 33.769 42.753 42.748 38.748 0.000 0.000 0.000 40.004 39.001 39.996 39.990 39.983 39.975 39.966 38.959 38.952 37.947
55.371 55.332 58.297 62.266 65.237 69.212 71.191 74.175 73.165 65.165 3.181 14.236 38.286 6.310 0.000 0.000 0.000 0.000 0.000 41.941 68.917 8.880 0.000 48.214 81.115 91.007 91.907 91.838 91.062 97.722 89.896 91.581 91.263 91.187 91.088 90.992 90.895 91.799 78.723 0.000 0.000 0.000 0.000 16.598 36.620 37.566 39.471 39.386 37.317 37.248 37.179 37.113 37.052 36.997 36.952 33.915 38.888 41.872 42.865 33.866 0.000 0.000 0.000 23.999 44.993 44.988 41.982 38.976 38.969 39.962 40.956 40.950 39.946
57.421 56.385 63.353 72.324 73.298 72.275 71.256 70.243 67.236 61.237 36.251 53.280 71.311 40.335 24.357 0.376 0.000 0.000 13.009 51.973 65.924 4.842 23.684 65.453 90.307 93.193 92.035 92.247 90.223 97.785 91.883 91.597 91.448 91.355 91.260 91.165 91.063 92.949 36.836 0.000 0.000 0.000 0.000 0.000 32.758 38.698 19.537 19.441 36.400 37.345 37.282 37.219 37.159 37.106 36.061 34.025 42.997 42.980 39.974 33.985 40.032 0.000 0.000 0.000 55.985 70.982 63.975 59.969 55.963 51.957 54.952 54.947 37.944
57.467 57.435 60.406 63.379 62.354 60.333 58.316 56.304 54.297 54.298 63.306 65.323 62.343 59.361 63.378 11.394 0.000 0.000 53.046 83.017 33.963 29.880 63.757 87.608 92.478 92.336 92.456 90.411 97.868 90.291 92.005 91.691 91.619 91.524 91.433 91.343 94.245 51.097 0.000 0.000 0.000 0.000 0.000 0.000 34.956 39.932 0.000 0.000 33.498 37.450 37.385 37.320 37.260 37.207 34.162 42.125 43.097 42.077 33.067 37.068 37.080 0.000 0.000 0.000 23.981 53.977 71.969 70.962 70.956 70.951 70.947 64.943 54.941
57.512 57.483 57.456 56.431 56.408 57.388 57.372 57.360 55.352 56.349 61.353 64.362 60.375 55.389 58.402 13.410 0.000 0.000 45.113 55.084 33.032 65.957 80.858 89.743 92.630 92.565 91.665 98.246 98.009 91.284 92.012 91.869 91.781 91.691 91.606 91.529 94.477 0.000 0.000 9.852 18.852 0.000 0.000 36.278 39.177 38.144 45.185 0.000 33.644 37.571 37.489 37.417 37.354 35.301 37.255 43.218 43.187 35.165 36.150 37.141 37.139 0.000 0.000 0.000 0.000 0.000 53.962 69.954 69.950 69.945 69.942 70.939 70.936
57.555 57.529 57.504 57.480 57.459 57.440 57.423 56.410 55.401 59.396 63.395 63.399 58.407 54.418 59.429 12.436 0.000 0.000 41.208 10.175 57.125 81.057 86.973 92.885 92.739 92.952 90.944 98.457 90.707 92.418 92.105 92.035 91.943 91.855 91.770 98.691 82.657 0.000 5.852 55.852 41.852 0.000 0.000 31.379 39.331 38.281 38.226 44.099 41.864 40.701 37.585 37.503 37.440 34.387 42.341 43.302 39.271 34.245 37.225 37.209 39.195 43.206 0.000 0.000 0.000 0.000 0.000 66.945 69.942 69.939 69.936 70.933 68.931
57.598 57.574 57.550 57.528 57.507 57.488 56.472 55.458 57.446 61.437 64.431 60.431 55.437 54.447 57.460 39.468 26.468 27.429 23.336 24.285 64.234 85.173 91.103 92.999 93.143 91.138 98.826 98.649 91.715 92.428 92.282 92.192 92.102 92.016 96.928 39.807 54.803 24.841 55.851 63.853 0.000 0.000 0.000 30.527 39.487 38.425 38.339 48.206 59.012 32.786 42.644 38.572 35.516 37.465 43.420 42.381 33.347 36.320 37.297 37.273 24.228 25.217 0.000 0.000 0.000 0.000 0.000 47.938 68.935 69.933 69.930 73.928 69.926
57.642 57.618 57.595 57.574 57.553 57.535 55.518 55.503 59.489 66.476 67.461 63.456 58.461 56.475 56.495 58.508 58.508 67.482 8.422 42.395 80.353 87.299 93.236 93.209 92.347 99.140 98.988 92.075 92.855 92.517 92.443 92.347 92.259 92.179 100.119 0.000 37.907 39.869 29.859 31.856 0.000 0.000 0.000 33.717 39.665 38.592 44.498 60.375 37.193 0.000 23.634 36.625 34.586 42.539 43.493 39.453 36.419 37.391 37.371 39.357 0.000 0.000 0.000 0.000 0.000 0.000 39.933 20.933 59.929 69.927 69.924 74.922 69.920
57.685 57.662 57.639 57.618 57.598 56.579 55.562 57.547 64.532 41.515 17.483 16.472 13.477 43.497 60.539 55.561 58.572 39.571 1.553 47.521 85.483 91.441 93.338 93.587 91.616 99.281 92.411 93.188 92.756 92.697 92.592 92.497 92.407 93.322 91.249 13.192 13.050 0.000 0.000 0.000 0.000 0.000 33.100 40.958 38.865 37.779 57.689 61.601 0.000 0.000 0.000 32.707 38.663 43.611 43.561 33.518 37.483 37.456 37.437 40.427 0.000 0.000 0.000 0.000 0.000 0.000 18.933 0.000 47.921 69.920 69.919 75.917 69.915
57.727 57.704 57.682 57.661 56.641 55.622 57.605 60.590 68.578 27.569 0.000 0.000 0.000 0.000 42.602 57.624 58.650 44.674 46.693 72.659 89.626 93.559 93.740 91.768 99.528 99.410 93.394 93.089 92.941 92.837 92.739 92.643 92.549 95.454 80.364 9.278 0.000 0.000 0.000 0.000 0.000 0.000 33.243 40.151 39.058 36.970 64.877 25.739 0.000 0.000 38.948 43.833 43.750 43.681 41.623 36.576 37.540 37.513 37.495 39.488 0.000 43.568 0.000 0.000 0.000 0.000 0.000 0.000 40.915 69.914 69.914 69.913 69.911
57.768 57.746 57.724 57.703 56.683 55.664 59.646 63.631 67.620 25.614 0.000 0.000 0.000 0.000 22.643 65.684 60.728 66.783 79.809 88.799 92.768 93.784 92.941 99.736 99.636 92.732 93.508 93.166 93.083 92.980 92.883 92.788 96.691 59.583 31.473 0.000 0.000 0.000 0.000 0.000 0.000 35.668 40.477 39.345 41.246 38.167 62.112 0.000 0.000 34.202 41.062 56.929 45.823 42.739 38.675 36.625 36.587 37.560 37.544 37.541 42.561 38.568 29.568 0.000 0.000 0.000 36.905 38.906 37.909 69.909 69.909 69.908 69.908
57.808 57.787 57.766 57.745 55.724 57.704 63.685 64.668 62.657 49.654 10.666 0.000 0.000 0.000 0.000 18.740 14.797 54.921 85.961 89.957 93.907 94.085 92.215 99.827 92.046 93.825 93.391 93.327 95.216 94.118 93.024 92.936 98.843 21.713 0.000 0.000 0.000 0.000 0.000 17.180 56.080 55.860 43.653 40.506 51.413 46.342 47.290 8.294 0.000 32.341 37.171 47.998 43.872 47.780 41.712 44.661 43.623 40.596 37.579 36.573 36.575 42.575 0.000 0.000 0.000 0.000 33.904 33.904 43.905 69.905 69.905 69.905 69.904
