results1/res_4e8f-0221.wd
ncols         241
nrows         181
xllcorner     12693529.787448
yllcorner     3542525.717860
cellsize      155.156523
NODATA_value  -9999.000000
[rows 99 to 131 of 181, columns 0 to 72 of 241]
0.000 0.000 0.000 0.000 0.000 61.343 101.343 103.343 94.343 89.343 0.000 0.000 0.000 0.000 0.000 3.340 2.340 69.340 66.340 0.000 0.000 2.339 5.339 64.339 63.339 4.339 0.000 0.000 0.000 11.339 0.000 0.000 0.000 0.000 17.196 63.192 59.183 58.165 59.141 60.115 73.086 62.054 66.020 57.982 59.941 57.896 58.849 63.798 64.746 62.691 66.635 59.578 59.520 61.461 64.397 78.328 79.269 64.221 50.178 0.000 0.000 0.000 0.000 0.000 28.237 83.232 80.222 67.204 42.180 37.156 81.132 58.109 60.086
0.000 0.000 0.000 0.000 0.000 62.343 102.343 102.343 0.000 0.000 0.000 0.000 0.000 0.000 0.000 2.340 14.340 80.340 69.340 7.339 4.339 4.339 67.339 66.339 70.339 1.339 0.000 0.000 0.000 69.339 61.339 0.000 0.000 0.282 76.239 86.233 72.224 65.210 59.191 61.169 80.142 65.113 71.079 71.041 62.000 76.956 68.908 69.857 59.803 67.747 67.690 65.632 59.574 60.516 64.452 61.358 23.295 13.258 0.000 0.000 0.000 0.000 0.000 31.255 68.249 80.244 87.236 77.224 53.208 54.191 68.173 59.154 60.134
7.344 0.344 0.000 0.000 0.000 49.343 98.343 107.343 17.343 0.000 0.000 0.000 0.000 0.000 0.000 1.340 3.340 87.340 68.340 69.339 71.339 68.339 65.339 66.339 64.339 2.339 0.000 0.000 0.000 62.339 62.339 63.337 62.329 62.313 61.287 71.278 80.270 27.260 91.245 81.226 86.203 71.174 16.142 87.105 85.064 84.019 87.970 76.918 59.863 62.805 67.746 67.686 64.628 60.577 49.537 0.000 0.000 0.000 0.000 0.000 0.000 0.000 0.000 41.261 68.261 68.258 79.254 78.247 61.238 61.227 60.214 60.200 60.184
75.344 78.344 10.344 0.000 0.000 59.343 98.343 103.343 113.343 18.343 0.000 0.000 0.000 0.000 9.340 9.340 7.340 24.340 72.340 69.339 87.339 101.339 76.339 61.339 0.339 0.000 0.000 0.000 0.000 0.000 61.341 62.343 62.335 62.326 62.318 61.320 61.319 60.314 61.304 66.288 78.267 72.241 15.209 87.172 88.131 66.085 73.036 89.982 83.925 70.864 60.802 66.739 67.676 70.626 55.581 0.000 0.000 0.000 0.000 0.000 0.000 0.000 0.000 3.267 19.274 65.275 62.275 62.273 60.270 60.265 60.257 60.248 60.235
89.344 72.344 72.344 74.344 76.344 95.343 103.343 103.343 103.343 105.343 79.342 18.342 1.341 67.341 74.340 75.340 37.340 32.340 95.340 103.339 98.339 94.339 77.339 1.339 0.000 0.000 0.000 0.000 0.000 0.000 0.000 62.360 61.344 60.336 61.340 62.364 62.372 62.372 62.367 63.356 82.338 77.312 60.281 62.244 73.202 84.156 61.105 73.050 73.990 66.924 86.859 69.791 61.712 2.669 0.000 0.000 0.000 0.000 0.000 0.000 0.000 0.000 0.000 0.000 11.292 65.294 60.297 60.300 60.303 60.304 60.303 58.298 56.290
104.344 94.344 75.344 79.344 97.344 103.344 103.343 103.343 103.343 98.343 70.342 76.342 4.341 58.341 93.340 101.340 101.340 85.340 100.339 107.339 17.339 0.000 0.000 0.000 0.000 0.000 0.000 0.000 0.000 0.000 0.000 62.393 0.000 0.000 0.000 63.426 62.432 62.437 62.437 63.430 79.415 84.390 61.359 62.320 62.278 80.231 81.180 59.124 67.060 85.984 77.918 55.855 0.000 0.000 0.000 0.000 0.000 0.000 0.000 0.000 0.000 0.000 0.000 0.000 8.308 65.311 60.318 60.328 60.339 59.347 58.351 63.352 64.349
104.344 104.344 99.344 102.344 103.344 103.344 103.343 103.343 103.343 99.343 74.342 91.342 0.000 0.000 71.340 95.340 103.340 104.339 103.339 108.339 11.339 0.000 0.000 0.000 0.000 0.000 0.000 0.000 0.000 0.000 0.000 62.425 1.450 1.469 64.483 62.482 62.493 62.505 62.514 62.514 79.501 84.476 61.442 62.402 62.357 63.310 84.260 78.206 85.141 75.033 55.976 0.000 0.000 0.000 0.000 0.000 0.000 0.000 0.000 0.000 0.000 0.000 0.000 0.000 63.320 60.326 60.336 60.354 60.377 59.393 61.404 65.410 66.413
102.345 103.345 103.344 103.344 103.344 103.344 103.344 103.343 103.343 104.343 99.342 106.342 30.341 9.341 59.340 78.340 101.340 103.339 104.339 92.339 6.339 0.000 0.000 0.000 0.000 0.000 0.000 0.000 0.000 0.000 0.000 56.440 61.455 61.473 60.495 62.528 62.551 62.577 62.602 62.610 79.598 84.571 61.533 62.487 62.439 62.391 67.344 90.299 70.264 0.000 0.000 0.000 0.000 0.000 0.000 0.000 0.000 0.000 0.000 0.000 0.000 0.000 0.000 0.000 16.328 67.335 63.347 64.375 62.423 58.445 65.460 66.472 64.482
99.345 104.345 103.345 103.344 103.344 103.344 103.344 103.343 103.343 103.343 104.342 97.342 81.341 72.341 66.340 93.340 103.339 103.339 108.339 11.339 0.000 0.000 0.000 0.000 0.000 0.000 0.000 0.000 0.000 0.000 0.000 0.000 0.000 0.000 0.000 62.583 62.607 62.651 62.705 62.724 78.712 85.678 62.629 62.576 62.522 62.471 62.425 68.384 21.351 0.000 0.000 0.000 0.000 0.000 0.000 0.000 0.000 0.000 0.000 0.000 0.000 0.000 0.000 0.000 0.000 4.339 2.343 0.000 8.495 67.504 65.518 66.536 63.555
99.345 104.345 103.345 103.345 103.345 103.344 103.344 103.344 103.343 103.343 104.342 89.342 68.341 67.341 76.340 100.340 103.339 103.339 109.339 14.338 5.338 0.000 0.000 0.000 0.000 0.000 0.000 0.000 0.000 0.000 0.000 0.000 0.000 0.000 0.000 58.614 62.645 59.713 62.843 62.871 81.849 85.798 62.732 62.664 62.601 62.547 62.502 59.460 9.406 0.000 0.000 0.000 0.000 0.000 0.000 0.000 0.000 0.000 0.000 0.000 0.000 59.638 0.000 0.000 0.000 0.000 0.000 1.581 63.557 64.559 66.574 66.597 63.630
102.345 103.345 103.345 103.345 103.345 103.345 103.344 103.344 103.343 103.343 103.342 100.342 77.341 78.340 95.340 102.339 103.339 103.338 110.338 27.338 0.000 0.000 0.000 0.000 0.000 0.000 0.000 0.000 0.000 0.000 0.000 0.000 0.000 0.000 0.000 0.000 58.645 0.000 62.085 63.066 91.014 77.933 62.837 62.746 62.672 75.615 65.574 60.549 0.000 0.000 0.000 0.000 0.000 0.000 0.000 0.000 0.000 0.000 0.000 0.000 11.638 70.638 55.638 0.000 0.000 0.000 1.615 64.604 67.596 66.602 63.620 59.651 59.697
103.346 103.346 103.346 103.345 103.345 103.345 103.345 103.344 103.344 103.343 103.342 103.342 105.341 105.340 104.340 103.339 103.338 105.338 94.338 37.337 0.000 0.000 0.000 0.000 0.000 0.000 0.000 0.000 0.000 0.000 0.000 0.000 0.000 0.000 0.000 0.000 0.000 0.000 62.346 63.295 97.207 66.083 62.936 62.812 74.726 83.667 62.630 62.614 61.630 0.000 0.000 0.000 0.000 0.000 0.000 0.000 0.000 0.000 0.000 0.000 0.000 66.638 67.638 54.637 1.635 60.632 62.626 66.622 65.622 63.632 62.653 58.689 66.746
102.346 101.346 103.346 103.346 103.346 103.345 103.345 103.344 103.344 103.343 103.343 103.342 103.341 103.340 103.339 103.339 104.338 87.337 15.337 6.337 64.336 78.336 24.336 0.000 0.000 5.336 0.000 0.000 0.000 0.000 0.000 0.000 0.000 0.000 0.000 4.354 4.324 1.171 58.656 69.563 92.437 63.255 60.011 62.842 62.752 62.697 62.664 62.647 62.646 59.646 0.000 0.000 0.000 0.000 0.000 0.000 0.000 0.000 0.000 0.000 0.639 61.638 57.638 63.638 58.637 66.636 66.634 65.635 61.640 64.651 59.671 58.705 58.761
92.347 92.347 101.347 103.346 103.346 103.346 103.345 103.345 103.344 103.344 103.343 104.342 105.341 103.340 103.339 103.338 103.337 25.337 9.336 64.336 74.336 84.336 83.336 76.336 68.336 9.336 0.000 0.000 0.000 0.000 0.000 0.000 0.000 0.000 4.404 63.385 66.336 66.220 62.996 61.862 70.724 58.490 0.000 58.793 62.743 62.706 62.680 62.666 61.661 0.000 0.000 0.000 0.000 0.000 0.000 0.000 63.639 74.639 0.000 0.000 62.639 60.639 60.639 57.639 65.639 66.639 66.640 63.644 66.650 66.661 64.677 59.698 48.720
74.347 79.347 98.347 104.347 103.347 103.347 103.346 103.345 103.345 103.344 105.343 91.342 87.341 102.340 107.339 104.338 99.337 81.336 84.335 90.335 84.335 85.335 64.336 57.336 3.336 0.336 0.000 0.000 0.000 0.000 0.000 0.373 1.374 0.000 54.424 60.444 63.417 63.349 63.245 63.165 65.108 0.000 0.000 0.000 57.722 62.702 62.686 62.675 62.670 0.670 0.000 0.000 0.000 0.000 0.000 23.639 80.639 62.639 60.639 60.639 60.639 60.639 58.639 63.640 66.640 66.642 62.645 66.649 66.657 65.666 59.677 60.690 50.700
58.348 73.348 92.348 105.348 106.348 106.347 104.347 103.346 104.345 103.344 104.344 42.343 13.341 61.340 79.339 100.337 107.336 105.334 105.334 91.334 14.335 0.000 0.000 0.000 0.000 0.000 0.000 0.000 0.000 9.374 11.374 1.374 1.374 1.374 0.000 59.548 63.541 61.513 62.472 64.443 65.436 0.000 0.000 0.000 0.000 55.694 62.685 62.679 59.675 0.000 0.000 0.000 0.000 0.000 0.000 0.000 22.639 76.639 59.639 59.639 60.639 59.639 59.640 65.640 66.641 64.643 52.647 5.652 70.661 64.669 64.677 64.684 50.689
22.348 44.348 77.349 83.349 77.349 79.348 96.348 104.347 100.346 93.345 92.344 27.343 0.000 0.000 0.000 37.336 72.335 98.333 105.331 2.333 0.000 0.000 0.000 0.000 0.000 0.000 0.000 0.000 0.000 51.374 72.374 17.374 2.374 1.374 0.000 59.661 65.683 64.689 73.688 74.701 64.755 9.911 0.000 0.000 0.000 0.000 59.683 60.681 0.000 0.000 0.000 0.000 0.000 0.000 0.000 0.000 0.000 81.639 84.639 64.639 58.639 56.640 66.640 66.640 61.641 0.000 0.000 0.000 11.667 69.672 66.677 66.681 56.684
0.000 0.000 58.350 67.350 19.350 5.349 68.348 97.348 88.347 84.346 98.344 65.343 25.343 0.000 0.000 0.000 0.000 43.330 74.327 0.000 0.000 0.000 0.000 0.000 0.000 0.000 0.000 0.000 0.000 0.000 56.374 74.374 5.374 0.000 0.000 50.752 64.843 62.872 92.889 85.917 63.973 66.067 12.171 0.000 0.000 0.000 54.683 0.000 0.000 0.000 0.000 0.000 0.000 0.000 0.000 0.000 0.000 0.000 69.639 86.639 71.639 65.640 66.640 61.640 0.000 0.000 0.000 0.000 0.000 61.675 66.677 66.680 61.682
0.000 0.000 54.352 99.352 56.351 5.350 57.350 89.349 91.347 102.346 104.345 107.343 113.342 52.339 21.337 0.000 0.000 0.000 14.319 9.314 0.302 2.291 0.000 0.000 0.000 0.000 0.000 0.000 0.000 0.000 57.374 72.374 2.374 9.374 13.374 0.000 58.064 66.068 96.080 78.106 66.151 65.215 70.274 0.000 0.000 0.000 0.000 0.000 0.000 0.000 0.000 0.000 0.000 0.000 0.000 0.000 0.000 0.000 0.000 7.639 74.640 64.640 62.640 0.000 0.000 0.000 0.000 0.676 60.676 59.676 61.677 55.679 0.000
27.357 42.356 76.354 94.353 102.353 71.352 84.351 107.350 104.348 103.347 103.345 103.343 103.341 109.339 112.336 68.331 27.326 9.321 72.317 86.310 79.300 81.290 37.280 13.271 10.264 0.000 0.000 0.000 0.000 0.000 36.374 58.374 64.374 64.374 67.374 26.374 59.281 88.255 90.255 67.275 65.312 65.366 68.437 13.554 8.605 0.000 0.000 0.000 0.000 0.000 0.000 0.000 0.000 0.000 0.000 0.000 0.000 0.000 0.000 0.000 0.640 0.640 8.640 0.000 0.000 0.000 0.000 62.676 57.676 55.676 0.000 0.000 0.000
100.357 103.357 103.356 101.355 99.354 100.353 102.352 102.351 103.349 104.348 104.346 103.344 96.341 100.339 103.335 107.331 111.327 112.321 104.316 100.309 97.300 92.290 94.279 87.268 43.257 21.246 0.000 0.000 0.000 0.000 0.000 0.000 0.000 0.000 0.000 83.466 72.434 101.414 92.412 79.427 66.456 65.500 65.555 69.619 65.656 0.000 0.000 0.000 0.000 0.000 0.000 0.000 0.000 0.000 0.000 0.000 0.000 0.000 0.000 0.000 0.000 0.000 0.000 0.000 0.000 0.000 0.000 0.000 0.000 0.000 0.000 0.000 0.000
103.359 98.358 96.358 95.357 89.356 86.355 87.354 87.352 93.351 98.349 98.347 91.345 75.342 90.339 103.336 103.332 103.327 103.322 103.316 103.309 104.301 104.291 107.278 108.265 108.251 108.235 47.216 0.000 0.000 0.000 0.000 0.000 0.000 0.000 0.000 55.591 81.572 86.557 70.553 87.563 75.587 65.622 65.665 68.711 11.745 0.000 1.018 1.026 0.000 0.000 0.000 0.000 0.000 0.000 0.000 0.000 0.000 0.000 0.000 0.000 0.000 0.000 0.000 0.000 0.000 0.000 0.000 0.000 0.000 0.000 0.000 0.000 0.000
73.360 46.360 68.359 82.359 80.358 60.357 45.355 41.354 61.352 78.350 77.348 70.346 65.343 75.340 96.337 104.333 103.328 103.324 103.318 103.312 103.304 107.293 82.278 70.263 69.247 73.226 76.197 15.148 4.100 0.741 0.572 0.000 0.000 0.000 0.000 53.734 89.709 72.687 64.680 74.687 85.706 69.735 65.771 65.814 71.867 15.959 10.010 2.034 1.049 7.049 5.049 0.000 0.000 0.000 0.000 0.000 0.000 0.000 0.000 0.000 0.000 0.000 0.000 0.000 0.000 0.000 0.000 0.000 0.000 0.000 0.000 0.000 0.000
63.362 34.362 56.361 71.360 67.360 44.358 30.357 34.356 54.354 68.352 66.350 66.347 67.344 65.341 84.338 101.334 103.330 103.326 103.321 103.315 102.308 65.301 0.000 0.000 0.000 0.000 0.000 0.000 0.000 60.187 80.169 32.141 18.114 14.079 61.017 77.901 94.843 71.801 65.792 63.799 80.816 82.841 68.872 65.908 65.951 69.000 78.035 16.054 11.065 0.000 20.049 0.000 0.000 0.000 0.000 0.000 0.000 0.000 0.000 0.000 0.000 0.000 0.000 0.000 0.000 0.000 0.000 0.000 0.000 0.000 0.000 0.000 0.000
76.364 72.364 67.363 66.363 67.362 69.361 70.359 73.358 72.356 68.354 67.351 67.349 67.346 66.343 73.340 95.336 104.332 103.329 105.324 77.320 43.314 0.000 0.000 0.000 0.000 0.000 0.000 0.000 0.000 25.174 47.162 50.141 54.120 68.107 65.070 86.013 82.959 56.883 63.889 65.900 67.917 80.940 72.967 67.996 66.027 65.056 82.075 73.082 67.082 0.000 0.000 0.000 0.000 0.000 0.000 0.000 0.000 0.000 0.000 0.000 0.000 0.000 0.000 0.000 0.000 0.000 0.000 0.000 0.000 0.000 0.000 0.000 0.000
66.366 67.366 67.366 67.365 67.364 67.363 67.361 67.360 67.358 67.356 67.353 67.351 67.348 67.345 65.342 86.338 103.335 105.331 101.328 27.326 0.000 0.000 0.000 0.000 0.000 0.000 0.000 0.000 0.000 0.000 0.000 0.000 0.000 52.156 69.145 95.120 69.098 0.000 51.982 66.995 65.014 69.035 70.058 79.083 68.105 66.123 65.128 61.117 2.099 0.000 0.000 0.000 0.000 0.000 0.000 0.000 0.000 0.000 0.000 0.000 0.000 0.000 0.000 0.000 0.000 0.000 0.000 0.000 0.000 0.000 0.000 0.000 25.663
67.369 67.369 67.368 67.368 67.367 67.365 67.364 66.362 66.360 67.358 67.356 67.353 67.350 67.347 66.344 74.340 89.337 100.334 88.331 14.330 0.000 0.000 0.000 0.000 0.000 0.000 0.000 0.000 0.000 0.000 0.000 0.000 0.000 29.218 78.234 103.225 13.214 0.000 50.061 68.084 66.107 65.129 73.150 84.170 72.189 66.201 70.198 3.157 0.000 0.000 0.000 0.000 0.000 0.000 0.000 0.000 0.000 0.000 0.000 0.000 0.000 0.000 0.000 0.000 0.000 0.000 0.000 0.000 0.000 0.000 0.000 0.000 82.742
67.372 67.372 67.371 67.370 67.369 67.368 67.367 71.365 72.363 68.361 67.358 67.356 67.353 67.349 67.346 66.343 69.339 78.336 78.333 19.332 0.000 0.000 0.000 0.000 0.000 0.000 21.007 0.000 0.000 0.000 0.000 0.000 0.000 1.367 82.349 97.330 20.319 0.000 34.117 65.173 66.201 66.222 65.242 70.260 72.279 68.294 70.304 0.000 0.000 0.000 0.000 0.000 0.000 0.000 0.000 0.000 0.000 0.000 0.000 0.000 0.000 0.000 0.000 0.000 0.000 0.000 0.000 0.000 0.000 0.000 0.000 66.965 75.874
67.375 67.375 67.374 67.373 67.372 67.371 66.370 78.368 83.366 70.364 67.361 67.358 67.355 67.352 67.348 67.345 67.341 66.337 69.334 50.332 0.000 0.000 0.000 0.000 0.000 63.008 84.007 46.005 36.997 35.986 0.000 0.000 0.000 63.531 105.469 79.430 79.413 6.432 0.000 51.291 68.303 66.318 66.334 64.351 80.371 84.393 78.421 1.513 0.000 0.000 0.000 0.000 0.000 0.000 0.000 0.000 0.000 0.000 0.000 0.000 0.000 0.000 0.000 0.000 0.000 0.000 0.000 0.000 0.000 0.000 41.128 92.056 77.982
67.378 67.378 67.378 67.377 67.376 67.374 66.373 79.371 85.369 69.367 67.364 67.361 67.358 67.355 67.351 67.347 67.343 67.339 67.334 73.330 44.326 0.000 0.000 0.000 3.008 26.008 41.009 63.011 70.999 74.975 48.926 24.862 59.774 97.649 95.568 75.506 57.471 15.452 0.000 51.397 68.402 67.412 70.425 65.440 74.460 97.486 94.525 39.591 3.648 19.675 0.000 0.000 0.000 0.000 0.000 0.000 0.000 45.178 75.178 79.178 0.000 0.000 88.178 149.178 0.000 0.000 0.000 0.000 0.000 0.000 78.200 134.149 117.087
64.382 65.382 66.381 66.380 67.379 67.378 65.376 80.375 83.372 66.370 67.367 67.364 67.361 67.357 67.354 67.349 67.345 67.340 67.334 67.329 73.321 53.312 4.305 0.000 0.000 0.000 0.000 39.030 70.015 65.987 68.943 72.885 84.811 101.724 85.647 53.555 3.513 0.000 0.000 50.496 67.498 70.503 83.512 69.525 79.543 80.568 99.600 103.641 86.679 36.702 0.000 0.000 0.000 0.000 0.000 0.000 0.000 0.000 36.178 64.178 78.178 110.178 148.178 71.178 0.000 0.000 0.000 0.000 0.000 64.413 74.323 75.254 78.189
85.386 80.385 75.385 73.384 69.383 65.382 65.380 80.378 83.376 65.374 67.371 67.368 67.364 67.361 67.357 67.352 66.347 65.341 66.335 66.328 66.320 72.309 49.298 26.283 1.268 0.000 0.000 38.065 76.045 70.015 64.974 77.923 100.861 94.789 62.741 0.000 0.000 0.000 0.000 48.595 66.590 71.590 78.595 73.605 78.621 77.641 90.666 84.695 77.725 50.751 5.783 0.000 0.000 0.000 0.000 0.000 0.000 0.000 0.000 32.178 110.178 113.178 116.178 1.178 11.178 0.178 0.000 7.578 41.578 69.502 138.425 102.361 134.249
105.390 104.390 100.389 95.388 91.387 86.386 81.384 77.382 72.380 66.378 67.375 67.372 67.368 67.364 66.360 68.355 74.350 79.344 78.337 76.329 70.319 65.308 69.294 75.277 39.253 20.218 24.177 58.120 81.085 72.052 68.016 90.974 102.920 58.832 3.786 0.000 0.000 11.771 18.751 52.698 65.678 70.671 86.673 76.681 69.693 62.709 68.728 86.750 83.773 89.795 8.814 0.000 0.000 0.000 0.000 0.000 0.000 0.000 0.000 0.000 0.000 0.000 0.000 0.000 8.178 0.000 0.000 0.000 76.653 67.593 77.526 100.423 76.599
