results1/res_4e8_f.dem
ncols         241
nrows         181
xllcorner     12693529.787448
yllcorner     3542525.717860
cellsize      155.156523
NODATA_value  -9999.000000
[rows 150 to 179 of 181, columns 67 to 133 of 241]
127.000 162.000 210.000 223.000 222.000 227.000 220.000 184.000 225.000 252.000 238.000 191.000 226.000 235.000 156.000 181.000 174.000 131.000 118.000 189.000 193.000 182.000 184.000 184.000 182.000 216.000 219.000 222.000 227.000 229.000 230.000 225.000 234.000 239.000 227.000 247.000 248.000 248.000 248.000 248.000 241.000 236.000 249.000 246.000 245.000 242.000 242.000 245.000 243.000 244.000 247.000 250.000 251.000 250.000 250.000 249.000 246.000 247.000 246.000 245.000 241.000 200.000 202.000 202.000 203.000 202.000 208.000
133.000 124.000 171.000 200.000 185.000 181.000 160.000 118.000 188.000 252.000 208.000 208.000 224.000 204.000 174.000 159.000 166.000 116.000 114.000 176.000 189.000 197.000 209.000 211.000 211.000 209.000 197.000 223.000 241.000 239.000 233.000 228.000 231.000 231.000 224.000 240.000 248.000 248.000 248.000 249.000 233.000 245.000 249.000 207.000 210.000 228.000 252.000 243.000 242.000 243.000 253.000 250.000 249.000 249.000 250.000 249.000 249.000 250.000 251.000 251.000 248.000 209.000 212.000 205.000 202.000 206.000 243.000
101.000 126.000 214.000 244.000 216.000 210.000 222.000 169.000 171.000 228.000 233.000 187.000 193.000 217.000 180.000 196.000 124.000 96.000 164.000 195.000 175.000 189.000 212.000 216.000 216.000 216.000 203.000 206.000 245.000 241.000 233.000 249.000 250.000 252.000 206.000 223.000 248.000 248.000 242.000 244.000 223.000 249.000 246.000 208.000 250.000 230.000 251.000 244.000 242.000 244.000 251.000 249.000 248.000 248.000 248.000 248.000 248.000 249.000 248.000 248.000 248.000 246.000 206.000 209.000 210.000 215.000 246.000
102.000 127.000 188.000 200.000 195.000 196.000 210.000 164.000 172.000 204.000 183.000 134.000 159.000 160.000 135.000 133.000 105.000 62.000 125.000 203.000 205.000 179.000 230.000 251.000 251.000 240.000 233.000 249.000 249.000 230.000 249.000 250.000 248.000 250.000 220.000 187.000 238.000 249.000 235.000 233.000 196.000 243.000 208.000 207.000 248.000 237.000 250.000 243.000 242.000 247.000 249.000 249.000 248.000 248.000 248.000 248.000 248.000 248.000 248.000 248.000 248.000 246.000 206.000 207.000 207.000 211.000 252.000
99.000 121.000 187.000 212.000 210.000 194.000 205.000 165.000 172.000 204.000 159.000 132.000 180.000 193.000 147.000 99.000 182.000 177.000 197.000 213.000 211.000 181.000 225.000 244.000 239.000 229.000 239.000 241.000 239.000 229.000 243.000 246.000 248.000 247.000 252.000 199.000 196.000 236.000 231.000 237.000 212.000 206.000 208.000 207.000 247.000 249.000 251.000 243.000 242.000 248.000 249.000 248.000 248.000 248.000 248.000 248.000 248.000 248.000 248.000 248.000 248.000 246.000 207.000 208.000 207.000 208.000 211.000
100.000 92.000 163.000 212.000 210.000 211.000 215.000 164.000 164.000 204.000 211.000 153.000 168.000 167.000 117.000 69.000 156.000 157.000 190.000 210.000 200.000 199.000 227.000 235.000 238.000 242.000 240.000 238.000 239.000 239.000 235.000 227.000 242.000 241.000 239.000 197.000 189.000 186.000 237.000 226.000 210.000 207.000 207.000 207.000 242.000 248.000 252.000 242.000 242.000 248.000 248.000 248.000 248.000 248.000 248.000 246.000 248.000 248.000 248.000 248.000 248.000 248.000 247.000 208.000 207.000 207.000 207.000
121.000 54.000 101.000 166.000 176.000 154.000 133.000 96.000 113.000 189.000 221.000 159.000 179.000 200.000 142.000 99.000 108.000 67.000 140.000 197.000 195.000 231.000 251.000 252.000 250.000 249.000 249.000 249.000 249.000 249.000 251.000 235.000 226.000 233.000 244.000 214.000 210.000 209.000 239.000 198.000 203.000 207.000 207.000 208.000 204.000 241.000 241.000 242.000 242.000 252.000 248.000 248.000 248.000 248.000 248.000 209.000 248.000 248.000 248.000 248.000 246.000 247.000 248.000 248.000 207.000 206.000 185.000
132.000 56.000 92.000 154.000 161.000 96.000 63.000 44.000 63.000 171.000 223.000 157.000 161.000 169.000 154.000 115.000 101.000 95.000 96.000 194.000 217.000 204.000 229.000 238.000 236.000 246.000 248.000 248.000 248.000 248.000 250.000 231.000 226.000 248.000 244.000 212.000 207.000 208.000 231.000 211.000 186.000 199.000 205.000 213.000 208.000 206.000 203.000 240.000 243.000 251.000 248.000 249.000 249.000 249.000 248.000 250.000 248.000 248.000 246.000 246.000 206.000 207.000 247.000 246.000 207.000 206.000 184.000
110.000 95.000 156.000 217.000 207.000 152.000 126.000 104.000 122.000 190.000 218.000 177.000 181.000 199.000 207.000 225.000 185.000 137.000 114.000 219.000 225.000 206.000 205.000 205.000 202.000 239.000 251.000 248.000 248.000 248.000 248.000 236.000 234.000 238.000 210.000 207.000 208.000 207.000 221.000 208.000 178.000 183.000 201.000 249.000 217.000 216.000 202.000 239.000 245.000 250.000 248.000 249.000 249.000 249.000 248.000 248.000 248.000 248.000 207.000 206.000 210.000 208.000 207.000 207.000 208.000 206.000 185.000
101.000 105.000 144.000 182.000 194.000 153.000 107.000 129.000 194.000 216.000 210.000 210.000 211.000 212.000 212.000 204.000 236.000 255.000 159.000 210.000 225.000 206.000 207.000 208.000 206.000 229.000 237.000 247.000 249.000 249.000 247.000 229.000 226.000 205.000 207.000 203.000 202.000 205.000 193.000 190.000 121.000 179.000 236.000 249.000 251.000 255.000 211.000 240.000 249.000 249.000 248.000 249.000 249.000 249.000 248.000 249.000 249.000 249.000 212.000 210.000 250.000 211.000 207.000 207.000 207.000 207.000 185.000
116.000 85.000 94.000 121.000 145.000 128.000 125.000 167.000 200.000 201.000 205.000 211.000 210.000 210.000 208.000 172.000 184.000 208.000 140.000 196.000 221.000 206.000 207.000 208.000 208.000 206.000 203.000 228.000 249.000 241.000 238.000 201.000 194.000 197.000 203.000 188.000 184.000 195.000 196.000 178.000 135.000 192.000 226.000 238.000 250.000 249.000 246.000 242.000 251.000 248.000 249.000 249.000 249.000 249.000 249.000 249.000 249.000 248.000 250.000 250.000 248.000 250.000 208.000 210.000 208.000 207.000 185.000
171.000 115.000 84.000 93.000 117.000 140.000 171.000 192.000 190.000 180.000 194.000 210.000 209.000 214.000 179.000 129.000 112.000 112.000 113.000 177.000 211.000 208.000 208.000 208.000 208.000 208.000 208.000 202.000 228.000 215.000 200.000 196.000 205.000 199.000 187.000 172.000 170.000 166.000 171.000 118.000 182.000 205.000 201.000 196.000 231.000 235.000 246.000 243.000 250.000 248.000 249.000 248.000 249.000 249.000 249.000 249.000 248.000 248.000 248.000 248.000 248.000 249.000 211.000 250.000 208.000 207.000 186.000
189.000 174.000 123.000 88.000 138.000 199.000 202.000 172.000 143.000 168.000 202.000 210.000 211.000 208.000 166.000 124.000 119.000 116.000 106.000 170.000 211.000 205.000 199.000 205.000 208.000 208.000 209.000 202.000 193.000 200.000 197.000 192.000 205.000 210.000 195.000 130.000 115.000 115.000 113.000 127.000 196.000 211.000 206.000 203.000 199.000 198.000 231.000 243.000 251.000 248.000 248.000 248.000 248.000 249.000 249.000 249.000 248.000 248.000 248.000 248.000 248.000 248.000 250.000 249.000 208.000 211.000 211.000
194.000 200.000 152.000 90.000 138.000 207.000 215.000 185.000 148.000 177.000 213.000 209.000 202.000 189.000 195.000 171.000 128.000 99.000 93.000 132.000 188.000 174.000 173.000 201.000 209.000 208.000 210.000 197.000 189.000 189.000 194.000 189.000 202.000 209.000 197.000 135.000 116.000 133.000 133.000 178.000 205.000 207.000 209.000 209.000 203.000 204.000 197.000 236.000 251.000 249.000 248.000 248.000 248.000 248.000 249.000 249.000 248.000 248.000 248.000 248.000 248.000 248.000 248.000 245.000 208.000 249.000 250.000
192.000 196.000 149.000 89.000 130.000 199.000 210.000 213.000 204.000 169.000 160.000 163.000 144.000 166.000 205.000 211.000 153.000 92.000 103.000 104.000 126.000 120.000 152.000 201.000 209.000 208.000 209.000 199.000 199.000 202.000 210.000 199.000 201.000 210.000 180.000 129.000 129.000 183.000 197.000 190.000 203.000 216.000 217.000 222.000 205.000 203.000 208.000 240.000 250.000 248.000 248.000 248.000 248.000 248.000 249.000 249.000 248.000 248.000 248.000 248.000 248.000 248.000 249.000 207.000 207.000 247.000 248.000
184.000 188.000 152.000 89.000 107.000 167.000 205.000 214.000 207.000 154.000 113.000 117.000 107.000 155.000 203.000 212.000 163.000 98.000 107.000 105.000 85.000 91.000 113.000 180.000 212.000 204.000 199.000 206.000 209.000 209.000 206.000 191.000 204.000 212.000 139.000 112.000 172.000 206.000 210.000 209.000 205.000 242.000 252.000 255.000 219.000 207.000 243.000 252.000 249.000 248.000 248.000 248.000 248.000 248.000 242.000 241.000 247.000 249.000 249.000 249.000 248.000 248.000 249.000 214.000 211.000 247.000 248.000
189.000 192.000 154.000 92.000 92.000 124.000 176.000 188.000 158.000 137.000 119.000 121.000 117.000 165.000 205.000 204.000 159.000 103.000 97.000 91.000 84.000 84.000 102.000 176.000 216.000 175.000 171.000 200.000 209.000 211.000 172.000 178.000 203.000 178.000 131.000 115.000 166.000 204.000 209.000 208.000 205.000 239.000 251.000 247.000 245.000 245.000 251.000 249.000 248.000 248.000 248.000 248.000 248.000 251.000 209.000 202.000 245.000 243.000 242.000 242.000 248.000 248.000 248.000 250.000 250.000 248.000 249.000
143.000 166.000 184.000 127.000 87.000 108.000 135.000 138.000 116.000 120.000 121.000 121.000 116.000 160.000 213.000 182.000 133.000 104.000 88.000 84.000 85.000 91.000 159.000 208.000 215.000 146.000 156.000 203.000 209.000 213.000 160.000 151.000 166.000 130.000 118.000 116.000 165.000 204.000 209.000 208.000 205.000 239.000 251.000 244.000 242.000 246.000 249.000 248.000 248.000 248.000 248.000 248.000 248.000 250.000 220.000 207.000 239.000 209.000 205.000 203.000 244.000 248.000 249.000 249.000 248.000 248.000 250.000
97.000 116.000 166.000 159.000 87.000 100.000 121.000 120.000 123.000 122.000 121.000 121.000 119.000 133.000 180.000 160.000 103.000 91.000 85.000 84.000 89.000 100.000 166.000 213.000 210.000 150.000 137.000 191.000 210.000 209.000 208.000 142.000 111.000 120.000 121.000 114.000 163.000 203.000 209.000 208.000 204.000 239.000 247.000 242.000 241.000 250.000 249.000 248.000 248.000 248.000 248.000 248.000 248.000 248.000 253.000 214.000 205.000 207.000 208.000 206.000 244.000 249.000 243.000 242.000 243.000 243.000 244.000
81.000 85.000 129.000 166.000 98.000 97.000 120.000 123.000 120.000 118.000 121.000 121.000 121.000 115.000 155.000 163.000 99.000 83.000 85.000 84.000 89.000 90.000 117.000 182.000 180.000 134.000 108.000 169.000 212.000 208.000 214.000 171.000 127.000 120.000 119.000 133.000 177.000 204.000 208.000 207.000 215.000 243.000 246.000 242.000 243.000 249.000 249.000 249.000 249.000 249.000 248.000 248.000 248.000 248.000 251.000 214.000 207.000 207.000 208.000 206.000 245.000 244.000 209.000 205.000 205.000 205.000 205.000
135.000 88.000 117.000 165.000 109.000 106.000 121.000 120.000 145.000 155.000 117.000 121.000 121.000 120.000 133.000 128.000 94.000 84.000 85.000 85.000 85.000 85.000 87.000 130.000 137.000 115.000 133.000 184.000 211.000 211.000 206.000 201.000 147.000 118.000 116.000 167.000 206.000 208.000 207.000 205.000 239.000 253.000 245.000 243.000 248.000 249.000 249.000 239.000 237.000 237.000 247.000 248.000 248.000 248.000 251.000 214.000 208.000 203.000 207.000 206.000 239.000 210.000 207.000 214.000 215.000 209.000 208.000
176.000 98.000 92.000 123.000 118.000 112.000 123.000 118.000 162.000 184.000 114.000 121.000 121.000 122.000 111.000 91.000 85.000 85.000 85.000 85.000 85.000 83.000 90.000 109.000 121.000 114.000 162.000 209.000 212.000 187.000 160.000 160.000 136.000 119.000 118.000 143.000 194.000 210.000 208.000 205.000 238.000 253.000 235.000 226.000 245.000 249.000 251.000 216.000 204.000 203.000 229.000 247.000 248.000 248.000 251.000 215.000 209.000 186.000 199.000 208.000 205.000 208.000 205.000 247.000 254.000 212.000 208.000
138.000 161.000 120.000 89.000 115.000 114.000 123.000 120.000 153.000 175.000 114.000 118.000 121.000 122.000 107.000 86.000 84.000 85.000 85.000 85.000 83.000 101.000 111.000 112.000 117.000 132.000 185.000 212.000 210.000 152.000 111.000 116.000 119.000 121.000 121.000 112.000 168.000 208.000 208.000 206.000 227.000 235.000 207.000 207.000 240.000 250.000 251.000 218.000 207.000 208.000 203.000 238.000 249.000 248.000 251.000 215.000 208.000 188.000 182.000 204.000 208.000 208.000 206.000 236.000 243.000 212.000 203.000
113.000 207.000 147.000 81.000 101.000 111.000 120.000 123.000 130.000 136.000 135.000 145.000 115.000 124.000 111.000 91.000 86.000 84.000 85.000 85.000 79.000 135.000 159.000 113.000 101.000 138.000 199.000 216.000 183.000 133.000 117.000 117.000 120.000 121.000 121.000 117.000 157.000 201.000 209.000 208.000 209.000 202.000 197.000 235.000 251.000 248.000 252.000 220.000 206.000 207.000 205.000 238.000 249.000 248.000 250.000 225.000 210.000 194.000 184.000 200.000 208.000 208.000 208.000 206.000 205.000 209.000 187.000
143.000 192.000 160.000 90.000 116.000 169.000 151.000 119.000 121.000 111.000 140.000 202.000 150.000 99.000 111.000 108.000 101.000 96.000 84.000 85.000 82.000 122.000 148.000 112.000 88.000 126.000 203.000 194.000 139.000 116.000 139.000 155.000 134.000 120.000 121.000 116.000 164.000 206.000 209.000 208.000 208.000 203.000 198.000 232.000 250.000 249.000 240.000 215.000 206.000 207.000 205.000 239.000 251.000 248.000 248.000 255.000 218.000 209.000 190.000 168.000 196.000 209.000 204.000 207.000 208.000 209.000 196.000
159.000 186.000 180.000 162.000 170.000 193.000 169.000 117.000 121.000 110.000 106.000 143.000 123.000 81.000 116.000 137.000 105.000 106.000 91.000 84.000 87.000 104.000 123.000 108.000 83.000 109.000 159.000 137.000 98.000 98.000 148.000 195.000 140.000 107.000 121.000 112.000 170.000 213.000 208.000 208.000 206.000 203.000 198.000 237.000 252.000 251.000 219.000 206.000 207.000 207.000 206.000 228.000 235.000 246.000 251.000 240.000 214.000 208.000 200.000 127.000 155.000 185.000 169.000 200.000 208.000 208.000 214.000
178.000 186.000 186.000 190.000 194.000 193.000 172.000 118.000 120.000 106.000 86.000 86.000 85.000 82.000 116.000 142.000 86.000 97.000 96.000 84.000 86.000 96.000 106.000 95.000 83.000 91.000 103.000 96.000 106.000 102.000 103.000 130.000 103.000 90.000 104.000 137.000 189.000 210.000 208.000 208.000 208.000 204.000 200.000 222.000 245.000 251.000 221.000 206.000 207.000 208.000 209.000 206.000 203.000 227.000 238.000 223.000 208.000 207.000 215.000 140.000 115.000 115.000 110.000 190.000 210.000 208.000 214.000
184.000 185.000 187.000 175.000 133.000 142.000 137.000 121.000 121.000 110.000 85.000 84.000 85.000 84.000 93.000 101.000 82.000 86.000 88.000 85.000 85.000 86.000 86.000 86.000 85.000 88.000 92.000 85.000 102.000 105.000 80.000 79.000 82.000 82.000 113.000 185.000 214.000 208.000 208.000 210.000 202.000 200.000 204.000 203.000 233.000 253.000 222.000 206.000 208.000 204.000 201.000 206.000 208.000 206.000 201.000 242.000 232.000 210.000 214.000 141.000 119.000 121.000 115.000 190.000 210.000 208.000 218.000
186.000 185.000 186.000 184.000 153.000 113.000 121.000 121.000 122.000 113.000 87.000 85.000 85.000 85.000 84.000 83.000 85.000 85.000 85.000 85.000 85.000 85.000 85.000 85.000 85.000 85.000 85.000 85.000 83.000 83.000 85.000 85.000 85.000 76.000 142.000 212.000 209.000 208.000 208.000 209.000 170.000 171.000 202.000 206.000 235.000 254.000 223.000 207.000 207.000 173.000 155.000 192.000 209.000 208.000 206.000 227.000 240.000 217.000 207.000 140.000 119.000 121.000 115.000 189.000 210.000 213.000 192.000
180.000 191.000 185.000 188.000 185.000 157.000 114.000 116.000 118.000 111.000 85.000 85.000 85.000 85.000 85.000 85.000 85.000 85.000 85.000 85.000 85.000 85.000 85.000 85.000 85.000 85.000 85.000 85.000 85.000 85.000 85.000 85.000 82.000 104.000 168.000 201.000 202.000 208.000 215.000 186.000 124.000 144.000 197.000 207.000 221.000 247.000 225.000 209.000 179.000 129.000 108.000 176.000 211.000 208.000 208.000 206.000 205.000 209.000 194.000 136.000 119.000 121.000 113.000 187.000 212.000 193.000 112.000
