results1/res_4e8f-0127.wd
ncols         241
nrows         181
xllcorner     12693529.787448
yllcorner     3542525.717860
cellsize      155.156523
NODATA_value  -9999.000000
[rows 132 to 164 of 181, columns 0 to 72 of 241]
94.862 99.862 103.861 103.860 105.859 105.858 99.857 90.855 76.852 65.850 64.847 65.844 64.840 63.836 68.831 82.825 93.819 98.812 98.803 95.793 87.781 78.767 69.750 63.728 68.700 70.667 69.628 70.586 68.549 63.516 77.483 100.451 67.425 0.000 0.000 0.000 7.128 59.121 71.115 68.092 70.073 76.061 94.057 80.059 64.063 63.071 63.080 75.091 96.103 37.116 10.133 5.160 0.000 0.000 0.000 0.000 0.000 0.000 0.000 0.000 0.000 0.000 0.000 0.000 26.697 6.620 10.543 51.444 74.300 78.200 78.092 88.178 115.643
72.866 74.866 77.866 83.865 93.864 99.862 104.861 104.859 97.857 83.854 72.851 66.848 70.844 77.839 90.834 105.829 104.822 101.815 101.806 104.796 104.784 100.770 88.753 76.733 68.708 63.681 64.650 63.618 64.588 72.561 94.536 102.516 14.503 0.000 0.000 0.000 17.135 45.142 63.171 72.166 73.150 70.133 71.132 81.134 76.135 69.137 73.139 81.143 94.148 35.155 21.166 27.186 7.208 0.000 0.000 0.000 0.000 0.000 0.000 0.000 0.000 0.000 0.000 0.000 8.774 0.000 58.567 80.488 76.368 85.340 76.403 115.766 104.525
64.871 64.871 64.870 66.869 71.868 75.867 82.865 91.863 99.861 102.858 96.855 94.852 96.848 99.843 98.838 91.833 82.826 80.819 80.810 85.800 91.789 98.775 101.760 100.742 89.721 79.698 74.673 72.648 81.624 97.603 98.585 84.573 17.567 0.000 0.000 0.000 0.000 0.000 46.261 73.250 52.230 40.190 55.206 70.208 85.206 89.202 91.197 92.193 88.191 15.191 2.189 30.211 27.231 15.253 21.267 15.274 0.000 0.000 0.000 0.000 0.000 0.000 42.994 12.943 78.851 100.786 133.640 89.613 84.665 65.622 101.687 106.204 106.111
65.876 65.875 65.875 65.874 64.873 63.872 65.870 70.868 76.866 86.863 96.860 98.857 91.853 81.848 75.843 67.838 63.831 63.824 63.816 65.806 70.796 76.783 83.769 95.753 100.735 102.716 101.696 97.676 100.658 93.642 75.630 67.623 46.626 4.649 0.000 0.000 0.000 0.000 39.362 72.343 15.329 0.000 48.293 73.287 92.279 100.268 86.255 89.241 75.232 33.228 0.000 57.239 26.250 18.262 29.274 29.280 0.464 0.000 0.000 0.000 0.000 30.099 49.045 121.985 150.908 133.789 117.343 116.289 107.959 106.599 106.475 106.345 71.567
65.881 65.881 65.880 65.879 65.878 65.877 65.876 64.874 64.871 67.869 73.866 72.862 68.858 64.854 64.849 64.843 65.837 65.830 65.823 65.814 64.804 63.793 65.780 71.766 78.751 87.736 95.719 91.704 80.689 68.677 64.668 69.664 77.665 53.672 31.677 31.664 17.633 18.578 54.483 75.432 25.414 7.424 67.387 99.369 101.354 80.336 83.314 82.285 70.267 59.260 10.258 38.255 12.269 0.453 13.286 0.403 2.562 0.563 0.000 0.000 0.000 11.155 74.101 80.020 76.007 77.166 75.140 106.929 106.825 106.716 73.914 76.692 78.564
65.886 65.886 65.886 65.885 65.884 65.883 65.881 65.879 65.877 65.875 64.872 64.868 64.864 65.860 65.855 65.850 65.844 65.838 65.831 65.823 65.814 65.804 65.793 64.781 63.768 64.755 68.742 66.730 65.719 69.709 72.702 71.698 69.697 71.698 71.695 68.682 68.658 72.618 47.560 33.487 22.469 40.473 85.461 99.447 79.431 72.410 71.380 51.319 47.292 10.289 0.000 0.000 0.696 2.752 0.000 0.000 6.581 21.565 36.524 6.462 20.382 83.236 90.224 88.296 86.282 87.362 107.123 107.028 88.159 94.951 87.806 93.579 85.421
65.892 65.892 65.891 65.891 65.890 65.889 65.887 65.885 65.883 65.881 65.878 65.874 65.870 65.866 65.861 65.857 65.852 65.846 65.840 64.832 71.824 73.816 65.806 64.796 63.785 64.775 66.764 69.755 72.746 71.739 66.734 67.730 74.728 77.726 73.722 67.713 64.697 73.675 4.654 0.000 7.503 80.537 89.539 76.528 68.512 88.492 34.476 0.000 0.000 0.717 1.796 1.801 1.793 2.786 0.000 0.000 31.616 73.590 102.547 63.486 96.372 104.531 101.494 100.585 107.389 107.304 107.215 100.244 102.122 101.821 100.682 99.615 17.532
65.898 65.898 65.897 65.897 65.896 65.895 65.894 65.892 65.890 65.888 68.885 68.881 66.877 70.872 68.868 65.864 65.860 65.855 64.849 62.843 73.836 81.828 67.820 64.812 66.803 69.794 71.786 70.779 67.772 69.767 74.763 76.761 77.759 77.758 72.755 66.750 75.742 94.733 13.725 0.000 0.000 54.633 77.628 74.615 78.596 98.572 32.556 0.000 1.792 1.791 1.804 1.814 1.807 3.813 0.000 29.728 81.679 97.630 100.563 105.564 102.732 99.723 107.621 107.547 107.470 99.553 100.339 101.213 100.895 100.867 93.800 70.708 0.000
65.904 65.904 65.904 65.903 65.902 65.901 65.900 65.899 65.897 66.895 73.892 73.889 50.885 18.878 39.874 69.872 63.869 66.865 72.860 75.854 75.848 71.841 67.835 68.827 71.820 70.813 69.807 71.802 75.797 75.794 77.791 76.790 67.790 62.790 64.790 77.789 96.788 106.788 28.790 0.000 0.000 29.734 85.725 87.710 94.683 93.643 29.621 0.000 1.792 0.000 0.845 1.844 0.000 7.846 33.832 77.786 99.709 102.728 101.820 101.825 100.919 107.760 107.691 99.757 100.558 101.421 101.209 101.065 101.023 92.957 84.916 0.000 0.000
65.911 65.910 65.910 65.910 65.909 65.908 65.907 65.906 65.905 67.903 76.900 87.898 63.894 0.890 6.879 54.880 80.879 72.875 70.871 70.866 68.861 67.855 69.849 71.843 69.838 65.832 67.827 79.823 81.821 71.819 65.818 62.819 62.821 67.823 81.826 97.829 94.834 78.842 50.856 18.889 12.888 56.844 85.828 67.815 58.785 50.697 15.663 0.161 0.078 20.887 11.882 1.873 0.000 26.895 77.871 99.791 101.990 100.986 101.097 107.953 107.891 107.827 99.818 101.703 101.416 101.291 101.237 101.166 95.091 82.028 71.992 0.000 0.000
65.917 65.917 65.917 65.916 65.916 65.915 65.914 65.914 65.912 67.911 77.909 64.907 20.902 2.906 0.000 22.892 76.890 68.886 70.883 69.878 67.874 70.869 71.864 68.859 65.854 61.850 71.847 85.844 72.843 62.843 63.844 68.847 78.851 89.855 100.861 93.868 71.877 66.889 85.904 92.923 93.931 97.926 72.929 33.937 5.945 0.000 0.260 0.295 0.000 33.891 20.896 0.977 32.006 77.944 99.967 102.160 101.180 108.124 108.070 108.013 100.084 100.884 101.774 101.473 101.459 101.400 101.326 102.235 90.157 61.072 50.032 8.032 2.032
64.924 64.924 65.923 65.923 65.923 65.922 65.922 65.921 65.921 68.920 78.919 49.918 0.000 8.915 46.915 48.907 65.902 67.898 55.895 37.891 75.887 70.883 66.879 65.875 63.871 65.868 81.865 84.864 66.864 69.866 81.869 90.874 99.880 97.887 85.895 71.905 64.917 80.932 84.949 72.968 53.985 52.002 40.024 20.058 9.114 3.231 1.360 21.404 16.412 0.000 0.000 26.083 78.112 101.218 102.241 100.355 108.226 108.176 100.247 101.059 101.938 101.745 101.623 101.600 101.548 101.498 104.428 68.297 48.227 0.000 0.000 0.000 0.000
73.931 71.931 68.930 66.930 63.930 63.930 63.930 63.929 62.929 67.928 79.928 62.928 43.930 51.925 69.922 65.918 62.914 68.910 63.907 50.904 70.900 64.897 63.894 63.890 65.887 79.884 87.882 53.882 45.884 95.887 100.893 95.900 84.908 74.917 66.927 62.940 73.954 85.972 53.992 29.015 12.041 3.071 20.108 19.157 9.222 10.307 13.389 41.427 25.419 0.000 0.000 58.350 100.381 99.505 108.369 108.323 108.276 100.284 102.178 101.903 101.796 101.766 103.723 98.673 100.643 101.615 112.594 0.000 0.000 0.000 0.000 0.000 0.000
74.939 76.938 82.936 83.936 83.937 80.937 81.938 80.938 79.937 79.937 81.937 64.936 68.936 67.934 64.931 67.928 67.925 66.922 71.919 73.917 67.914 61.911 63.908 65.905 79.903 84.900 73.898 67.898 76.901 99.907 82.915 73.924 65.934 63.945 65.958 64.972 78.989 88.009 52.032 28.060 16.093 18.133 21.181 13.241 14.309 20.385 22.453 15.495 0.000 0.000 36.587 78.600 108.493 108.454 108.413 100.518 101.324 102.222 101.931 101.928 102.886 102.841 75.797 53.735 88.734 102.728 107.737 47.794 0.000 0.000 0.000 0.000 0.000
67.948 61.946 14.941 16.940 25.944 72.946 69.946 69.946 69.946 73.946 82.945 63.945 64.944 63.942 66.941 70.938 71.936 69.934 68.932 71.930 72.927 69.925 63.923 80.921 86.918 77.915 83.912 100.912 97.915 79.924 67.937 63.949 65.960 65.972 64.986 70.002 86.021 88.043 80.069 83.100 54.137 16.185 8.244 7.314 19.390 26.469 16.545 13.608 5.632 31.766 79.768 108.566 108.531 100.660 101.470 102.356 102.169 102.056 102.040 102.994 100.953 94.913 19.892 0.000 70.829 105.826 102.832 101.852 0.000 0.000 0.000 0.000 0.000
65.959 57.959 0.000 0.000 7.954 68.955 64.955 64.955 64.955 68.955 82.954 60.954 64.953 68.952 70.950 71.949 68.947 65.946 63.944 65.942 75.941 88.940 83.938 84.936 61.934 55.930 107.924 93.922 60.925 20.936 40.959 68.973 65.985 65.998 68.013 61.030 45.049 35.073 47.100 87.132 63.173 16.226 11.296 6.382 15.468 20.558 14.650 19.730 19.814 57.910 108.619 99.850 103.589 102.493 102.307 102.197 102.174 102.138 103.097 103.060 68.021 43.966 29.965 32.971 83.928 104.913 100.914 91.929 9.963 0.000 0.000 0.000 0.000
65.969 65.971 48.976 0.000 8.964 69.964 65.964 65.964 64.964 65.964 80.963 67.963 70.962 72.961 71.960 66.959 63.958 64.957 64.956 63.955 73.955 96.954 92.953 79.953 72.951 63.946 39.932 28.927 15.926 0.000 21.992 70.999 66.009 68.022 51.037 25.054 10.075 7.098 49.125 66.157 35.194 7.251 10.332 15.450 22.542 18.644 12.768 5.890 9.207 57.150 108.686 102.738 102.499 102.321 102.306 102.271 102.231 102.193 100.159 91.128 24.105 0.000 41.031 100.021 104.999 102.986 96.982 86.987 4.997 0.000 0.000 0.000 0.000
62.978 64.979 61.981 0.000 4.974 69.973 64.973 62.973 64.973 68.973 72.972 71.972 71.972 69.971 63.971 64.970 64.969 65.969 65.968 70.968 88.968 87.968 80.969 89.970 87.971 58.972 0.000 0.000 0.000 0.000 20.018 71.023 66.031 69.043 40.058 2.076 36.097 62.121 82.147 51.175 3.198 0.000 0.000 4.542 14.606 14.710 14.856 9.165 6.060 108.875 108.783 101.645 102.491 102.392 102.358 102.320 102.284 104.249 89.216 72.188 32.166 8.155 56.108 86.082 95.061 104.048 93.041 82.040 4.042 0.000 0.000 0.000 0.000
69.987 67.987 56.988 0.000 55.983 63.983 65.982 69.982 70.982 71.982 69.982 70.981 68.981 64.981 64.981 65.981 65.980 64.980 66.980 89.981 88.982 70.983 83.984 81.987 85.991 84.000 47.019 3.032 12.039 42.042 47.038 67.042 66.050 66.062 61.077 53.095 70.116 69.140 63.168 85.197 33.224 0.000 0.000 8.571 13.632 11.729 12.851 37.034 61.451 108.961 103.973 103.720 103.460 102.447 102.408 102.371 103.335 101.301 56.269 33.241 45.215 46.192 100.162 102.137 82.117 92.103 87.094 60.090 25.089 0.000 0.000 0.000 0.000
70.994 71.995 68.996 56.997 70.994 70.992 70.992 71.991 71.991 72.991 84.991 66.991 64.991 64.991 65.991 65.991 65.991 66.992 80.992 91.993 66.994 70.996 97.999 90.002 78.008 81.016 84.027 68.037 73.044 88.049 81.052 69.057 62.066 62.078 73.092 89.110 76.132 48.157 20.187 75.224 64.276 13.363 16.447 21.538 17.621 8.723 10.802 52.092 104.340 109.041 100.953 103.604 104.532 102.495 102.457 102.421 95.386 85.352 42.320 13.290 22.263 23.237 84.211 126.187 107.168 83.153 75.143 54.137 63.134 16.134 0.000 2.305 6.305
76.002 76.002 72.002 72.003 72.002 73.001 73.001 69.000 66.000 65.000 28.000 18.000 69.001 66.001 66.001 66.002 65.002 68.003 92.004 78.005 63.007 69.009 86.012 103.016 98.021 95.028 93.036 89.044 85.051 84.057 92.062 89.069 83.078 79.090 82.105 86.122 48.144 12.169 11.198 27.235 23.293 8.368 17.439 27.512 23.596 14.707 7.867 51.114 109.188 109.116 103.847 105.690 102.577 102.545 103.506 99.470 83.434 76.400 82.368 88.337 72.309 94.282 109.257 126.234 135.214 119.199 81.187 86.180 61.177 0.000 0.000 0.000 0.000
15.010 16.009 76.009 71.009 71.009 66.009 63.009 65.009 60.009 13.009 13.010 2.010 70.010 66.011 66.011 66.012 66.013 84.014 91.015 64.017 66.019 66.021 69.025 75.028 77.033 77.039 73.046 76.053 92.059 85.065 76.072 79.079 86.088 90.100 93.114 90.131 65.152 30.176 13.202 12.225 0.000 1.381 12.427 21.478 5.537 0.000 21.058 81.299 109.258 101.192 104.915 104.651 102.634 102.592 103.554 98.517 85.481 51.447 58.414 101.383 112.353 144.326 135.300 107.277 95.257 112.240 91.228 85.220 60.216 0.000 0.000 0.000 0.000
2.017 11.017 25.014 80.017 65.018 63.018 65.018 65.018 66.018 13.019 4.019 59.019 67.020 66.021 66.021 66.022 68.023 92.025 77.026 63.028 66.030 66.033 66.036 65.040 65.045 65.050 64.055 71.061 100.067 79.073 10.080 18.087 30.096 81.107 91.120 75.136 80.157 67.182 19.210 16.237 1.294 6.355 19.392 11.435 0.000 0.000 39.214 109.392 109.326 104.074 105.812 101.720 102.680 102.640 102.601 102.563 89.527 52.492 67.458 104.427 100.396 134.368 129.341 98.317 103.295 89.277 70.264 88.255 66.252 0.273 0.000 0.000 0.000
64.026 60.026 0.000 72.026 82.026 83.026 64.026 76.027 83.027 59.028 57.028 67.029 66.030 66.030 66.031 66.033 85.034 89.035 64.037 66.039 65.041 64.044 66.047 66.051 66.055 66.060 65.065 73.070 102.076 83.081 29.087 2.094 53.102 78.112 91.123 70.137 60.156 19.186 12.220 15.251 13.290 21.328 25.351 0.000 0.000 18.142 80.386 109.456 101.333 105.052 104.793 102.770 102.726 102.685 102.646 103.608 94.571 83.536 106.501 131.469 119.437 136.408 133.380 127.354 134.330 100.311 77.295 87.286 95.283 24.293 0.000 0.000 0.000
66.035 65.035 60.038 66.036 65.035 13.035 87.035 79.035 66.036 67.037 67.037 66.038 66.039 66.040 66.041 69.043 92.044 75.045 65.047 66.049 72.052 80.055 66.058 64.061 66.065 65.069 68.074 92.079 100.084 75.089 63.094 51.100 73.107 72.114 33.123 18.133 15.145 0.000 4.231 4.257 5.288 6.317 8.334 0.000 21.222 78.362 100.521 109.518 102.295 102.935 102.857 102.813 102.771 102.730 102.690 103.651 94.614 77.578 73.543 106.509 96.477 110.446 113.416 101.388 103.362 75.339 52.321 66.309 133.303 86.303 21.306 11.306 33.307
66.042 66.043 66.044 66.043 66.043 60.043 76.044 92.044 68.045 65.046 66.046 66.047 66.049 66.050 65.051 88.053 90.054 64.056 66.057 67.059 64.062 26.065 85.068 80.072 67.075 65.079 83.083 102.087 86.091 66.096 66.101 67.105 70.111 74.116 11.122 12.128 0.000 1.212 16.218 0.000 0.000 0.000 0.000 0.000 44.350 101.506 109.637 109.578 102.180 103.012 102.894 102.857 102.814 102.773 102.733 101.694 86.656 88.619 108.584 127.549 126.515 131.483 136.451 123.420 121.391 108.363 57.341 55.325 131.316 95.311 33.308 26.307 91.307
66.050 66.050 66.050 66.050 66.051 66.051 66.052 77.053 92.053 68.054 65.055 66.057 66.058 64.059 72.061 93.062 73.064 65.066 67.067 65.069 7.072 4.075 73.079 74.082 80.085 79.088 87.092 86.095 67.099 65.103 67.107 70.111 75.114 75.117 0.000 0.000 0.000 3.207 27.208 14.205 15.204 14.204 0.000 5.536 52.637 106.731 109.693 101.522 103.233 102.966 102.945 102.898 102.856 102.814 102.774 102.735 88.697 84.660 105.623 106.588 106.553 109.518 109.485 108.451 113.417 86.382 62.354 77.335 92.324 31.318 0.000 0.000 35.307
66.057 68.057 68.057 66.058 66.059 66.059 66.060 66.061 77.062 92.063 68.064 63.066 63.067 80.069 92.071 86.072 63.074 66.076 62.077 8.076 5.082 59.086 66.089 66.092 72.094 89.097 89.100 82.103 75.106 67.110 54.113 24.116 89.119 69.120 0.000 0.000 0.000 2.202 16.203 9.203 23.203 12.203 0.000 5.728 25.801 109.804 109.749 102.391 103.122 103.026 102.983 102.939 102.896 102.855 102.815 103.775 98.737 88.699 83.662 82.625 82.589 82.554 82.519 86.483 60.444 4.395 30.358 86.338 82.326 43.319 5.316 0.000 34.307
67.065 4.064 5.062 66.065 65.066 64.067 64.068 63.069 63.070 76.072 91.073 84.075 91.077 93.078 80.080 64.082 71.085 71.087 59.088 0.000 7.095 70.097 66.099 68.102 92.104 99.106 77.109 68.111 75.114 82.117 70.119 6.122 49.124 67.125 0.000 0.000 0.000 3.196 9.198 6.201 20.202 0.000 0.000 5.874 11.215 109.858 107.645 103.354 103.094 103.069 103.021 102.978 102.935 102.894 102.854 102.815 103.776 102.738 100.700 99.663 99.625 100.589 102.553 76.517 18.480 0.000 15.346 71.334 102.324 93.317 66.312 42.309 59.307
66.073 65.073 0.073 65.074 76.075 80.075 84.076 89.077 92.079 93.080 93.082 93.084 79.086 66.088 82.090 99.092 100.095 100.098 93.101 71.108 6.107 67.108 65.110 74.111 102.113 89.115 66.117 65.119 67.122 70.124 61.126 6.128 26.130 26.132 0.000 0.000 0.000 9.189 4.193 0.000 3.202 0.000 13.844 15.152 6.064 109.909 111.594 107.229 103.149 103.103 103.059 103.016 102.974 102.933 102.893 102.854 102.815 102.777 102.739 102.700 103.661 106.624 78.588 11.553 0.000 0.000 0.000 16.326 72.319 103.312 94.308 70.306 47.307
66.081 68.082 64.085 66.083 81.083 80.083 76.084 72.085 71.087 67.088 88.090 78.093 89.095 80.097 96.100 92.102 85.105 86.108 97.111 103.115 92.117 93.118 85.120 93.121 101.123 74.124 65.126 66.128 66.129 65.131 65.132 67.134 62.137 11.140 71.148 62.154 1.164 3.176 0.000 0.000 0.000 4.710 82.790 80.003 110.003 109.957 105.471 106.297 103.178 103.139 103.095 103.052 103.011 102.970 102.931 102.892 102.854 102.816 102.778 104.737 109.694 78.657 18.623 0.000 0.000 0.000 0.000 0.000 13.312 64.306 99.302 49.301 0.000
68.089 4.089 63.090 66.090 66.090 66.091 65.092 66.093 68.094 66.097 78.099 73.101 82.104 93.107 81.109 66.112 67.115 68.118 69.121 74.124 87.127 97.128 103.130 101.131 90.132 66.134 66.134 66.136 66.137 66.138 67.139 90.140 63.142 3.145 67.149 17.155 11.163 4.169 0.000 0.000 0.000 14.659 102.867 105.071 110.047 103.806 103.509 103.243 103.220 103.173 103.130 103.088 103.047 103.007 102.968 102.930 102.893 102.855 104.818 89.778 43.720 10.689 0.000 0.000 0.000 0.000 0.000 0.000 0.000 35.296 97.295 49.294 0.000
69.095 2.096 63.096 66.097 66.097 66.098 66.099 67.100 5.101 65.105 69.107 80.110 80.113 88.116 93.119 79.122 64.125 64.128 64.132 66.135 68.137 69.139 70.140 70.141 69.142 68.143 64.143 64.144 65.144 66.145 77.145 91.146 62.146 56.148 58.149 0.000 0.000 4.169 0.000 0.000 0.000 18.714 101.828 110.131 110.089 102.663 103.390 103.294 103.250 103.206 103.163 103.122 103.082 103.043 103.005 102.967 102.931 102.895 107.862 63.836 0.000 0.000 0.000 0.000 0.000 0.000 0.000 0.000 0.000 38.287 98.287 57.286 0.000
