results1/res_4e8f-0232.wd
ncols         241
nrows         181
xllcorner     12693529.787448
yllcorner     3542525.717860
cellsize      155.156523
NODATA_value  -9999.000000
[rows 66 to 98 of 181, columns 146 to 218 of 241]
38.515 53.452 75.393 76.338 76.288 76.242 76.200 76.162 76.127 79.099 15.080 0.000 2.942 0.000 0.000 0.000 0.000 1.449 48.449 23.449 0.000 30.447 60.446 60.445 60.445 67.444 73.443 73.441 73.438 73.434 73.429 73.424 73.418 73.413 73.407 75.402 60.399 61.396 53.395 0.000 0.000 0.000 0.000 0.000 29.723 36.713 45.694 39.656 17.604 15.573 30.547 51.523 59.499 53.475 48.450 48.426 38.401 35.377 35.353 38.329 59.305 71.282 66.260 55.238 62.218 69.197 73.178 73.159 72.142 72.124 72.108 72.092 72.077
41.577 60.513 78.453 76.398 76.349 76.305 76.265 76.227 81.193 70.164 40.151 37.169 0.000 0.000 0.000 0.000 0.000 19.449 21.449 0.000 0.000 0.000 30.443 61.443 70.442 73.441 73.440 73.438 73.435 77.432 75.428 73.424 73.419 73.415 72.410 64.406 58.402 64.399 54.398 0.000 0.000 0.000 0.000 21.715 35.715 40.711 36.704 0.000 2.557 12.542 32.523 35.502 49.481 58.458 47.435 46.411 44.387 35.363 35.338 34.314 40.290 64.267 71.244 56.222 58.201 60.181 62.161 66.143 70.125 72.107 73.091 72.075 72.060
46.636 67.570 77.508 76.453 76.406 76.365 74.327 73.290 28.252 13.213 44.190 50.187 15.190 0.000 0.000 0.000 0.000 0.000 0.000 0.000 0.000 14.440 43.441 63.440 73.440 73.439 73.438 73.436 73.434 75.431 74.428 73.424 73.421 74.417 64.413 62.409 65.405 60.401 52.400 0.000 0.000 0.000 0.000 39.714 42.713 4.710 3.707 0.000 7.524 40.515 42.500 52.483 55.464 66.443 64.421 52.397 41.373 33.349 35.324 35.299 30.275 44.251 61.228 65.206 70.184 67.164 60.144 65.125 68.107 68.089 66.073 68.057 71.042
51.695 74.625 78.555 79.499 76.457 77.421 72.387 18.353 2.314 43.246 44.211 49.197 57.194 0.000 0.000 0.000 0.000 0.000 0.000 0.000 0.000 26.439 49.439 62.439 74.438 73.437 73.436 73.434 73.432 74.430 73.428 73.425 73.422 70.419 64.415 29.411 2.408 0.000 0.000 0.000 0.000 0.000 0.000 35.714 42.713 0.000 0.000 0.000 57.500 43.493 38.481 66.466 71.448 72.429 76.407 70.384 58.360 38.335 35.309 35.284 33.259 34.235 40.211 41.188 48.166 56.145 63.125 67.106 68.088 69.071 65.054 68.038 69.023
33.755 38.680 48.588 24.530 81.503 78.474 63.447 40.423 10.403 0.000 0.000 0.000 0.000 0.000 0.000 0.000 0.000 0.000 0.000 0.000 0.000 27.438 52.437 55.437 71.436 73.436 73.435 73.433 77.432 76.430 73.428 73.425 74.423 65.421 68.420 0.000 0.000 0.000 0.000 0.000 0.000 0.000 0.000 0.000 29.713 38.713 0.000 0.000 88.482 51.475 33.465 64.451 72.435 72.417 72.396 75.372 74.347 54.321 37.295 35.268 33.243 36.217 37.193 45.170 50.147 39.126 39.106 44.087 49.068 55.051 60.035 64.019 68.004
79.822 58.751 0.000 0.000 85.550 77.527 64.506 46.487 13.473 0.000 0.000 0.000 0.000 0.000 0.000 0.000 0.000 0.000 0.000 0.000 0.000 0.000 13.436 57.435 73.435 73.434 73.433 73.432 75.431 74.429 73.428 73.426 74.424 62.423 72.422 0.000 0.000 0.000 0.000 0.000 0.000 0.000 0.000 0.000 0.000 5.713 13.713 0.000 25.472 41.462 34.451 64.438 72.424 72.407 73.386 73.362 73.336 66.308 42.280 38.252 36.226 33.199 54.174 66.150 72.127 56.106 49.086 45.066 43.048 40.031 40.014 39.999 67.984
55.901 0.000 0.000 82.739 82.622 80.576 71.561 56.546 12.529 0.000 0.000 0.000 0.000 0.000 0.000 0.000 0.000 0.000 0.000 0.000 0.000 0.000 39.434 62.434 74.434 73.433 73.432 74.432 73.430 73.429 73.428 73.427 74.426 67.425 32.424 0.000 0.000 0.000 0.000 0.000 0.000 0.000 0.000 0.000 0.000 0.000 0.000 0.000 0.000 38.450 37.438 55.428 70.416 73.400 67.381 63.355 69.326 60.294 43.264 42.236 51.208 46.180 69.154 73.129 72.106 70.085 70.064 67.045 65.027 62.010 57.993 49.978 69.963
82.948 72.947 78.917 34.857 0.000 1.597 77.618 51.607 12.568 0.000 14.824 0.000 0.000 0.000 0.000 0.000 0.000 0.000 0.000 0.000 0.000 2.433 55.433 67.433 74.433 73.432 73.432 75.431 75.430 73.429 73.428 73.427 72.426 68.426 17.425 0.000 0.000 0.000 0.000 0.000 0.000 0.000 0.000 0.000 0.000 0.000 0.000 0.000 0.414 0.000 26.425 52.419 70.410 71.398 52.381 55.352 57.318 54.278 39.247 36.218 59.190 68.160 72.133 74.107 74.084 75.062 73.041 73.022 74.004 72.987 73.971 73.956 72.942
84.996 76.977 81.946 32.914 0.000 0.000 68.703 16.696 0.000 0.000 46.824 9.824 0.000 0.000 0.000 0.000 0.000 0.000 0.000 0.000 0.000 1.432 58.432 70.432 74.432 73.432 73.431 74.431 74.430 73.429 73.428 74.428 70.427 65.426 15.426 0.000 0.000 0.000 0.000 0.000 0.000 0.000 0.000 0.000 0.000 0.000 0.000 0.000 18.414 20.414 31.416 47.414 69.408 71.401 17.394 0.000 0.000 44.253 38.227 33.202 47.172 66.138 72.109 74.083 74.059 74.038 72.017 71.999 72.981 71.964 71.949 72.934 72.920
77.064 77.018 76.977 74.939 61.905 47.858 40.794 39.779 35.806 38.818 41.823 41.824 13.824 0.000 0.000 0.000 0.000 0.000 19.431 21.431 0.000 11.432 57.432 71.432 73.431 73.431 73.431 73.430 73.430 73.429 73.428 73.428 55.427 50.427 48.427 43.427 7.427 0.000 0.000 0.000 0.000 0.000 0.000 0.000 0.000 0.000 0.000 0.000 22.413 48.413 39.413 43.411 63.407 64.403 37.400 0.000 0.000 0.000 35.208 40.189 39.158 58.112 71.082 72.057 72.033 72.012 71.992 71.974 71.956 71.940 71.925 71.911 71.897
77.105 77.055 77.006 75.960 72.918 74.875 48.837 27.820 65.822 38.825 42.827 18.826 0.000 0.000 0.000 0.000 0.000 0.000 19.431 65.431 14.431 2.431 56.431 70.431 74.431 73.431 75.430 76.430 74.429 73.429 73.428 71.428 64.428 55.427 56.427 55.427 8.427 0.000 0.000 0.000 0.000 0.000 0.000 0.000 0.000 0.000 0.000 0.000 16.412 51.412 43.411 50.410 65.407 60.405 66.403 0.000 0.000 0.000 0.000 0.000 0.000 48.070 71.051 72.028 72.006 71.985 71.965 71.947 71.931 71.915 71.901 71.887 71.873
77.142 77.090 78.031 79.977 76.930 76.889 75.859 76.842 67.835 45.834 17.834 0.000 0.000 0.000 0.000 0.000 0.000 0.000 6.431 58.431 45.431 35.431 51.431 73.431 73.431 73.430 73.430 73.430 73.429 73.429 73.429 73.428 71.428 50.428 54.427 61.427 4.427 0.000 0.000 0.000 0.000 0.000 0.000 0.000 0.000 0.000 0.000 0.000 12.412 63.412 7.411 30.409 53.407 60.406 21.404 0.000 0.000 0.000 0.000 0.000 0.000 2.047 60.023 72.999 71.976 71.955 71.937 71.920 71.905 71.890 71.876 71.862 71.849
80.182 76.132 73.050 74.988 77.937 77.892 79.867 76.852 74.845 61.841 10.840 0.000 0.000 0.000 0.000 0.000 0.000 0.000 0.000 14.431 49.431 41.431 57.431 75.430 73.430 73.430 73.430 73.430 73.429 73.429 73.429 73.428 74.428 63.428 50.428 54.428 60.427 2.427 0.000 0.000 0.000 0.000 0.000 0.000 0.000 0.000 0.000 0.000 0.000 8.412 0.000 0.000 38.407 57.406 0.000 0.000 0.000 0.000 0.000 0.000 0.000 0.000 47.997 68.970 71.944 71.924 71.907 71.892 71.877 71.864 71.850 71.837 71.825
73.230 34.206 0.000 0.000 0.000 69.874 74.865 80.856 76.850 65.847 15.845 0.000 49.850 19.850 0.000 0.000 0.000 0.000 0.000 0.000 41.430 45.430 66.430 74.430 75.430 76.430 73.430 73.429 73.429 73.429 73.429 73.428 73.428 74.428 53.428 35.428 44.428 5.427 0.000 0.000 0.000 0.000 0.000 0.000 0.000 0.000 0.000 0.000 0.000 0.000 0.000 0.000 27.406 60.406 0.000 0.000 0.000 0.000 0.000 0.000 0.000 0.000 0.000 48.939 68.908 71.889 71.875 71.862 71.849 71.837 71.825 71.812 71.800
68.270 25.257 0.000 0.000 44.866 42.866 59.862 78.857 75.852 60.850 41.849 45.850 49.850 15.850 0.000 0.000 0.000 0.000 12.430 0.000 42.430 53.430 73.430 73.430 76.430 76.430 73.430 73.429 73.429 73.429 73.429 73.428 73.428 74.428 70.428 65.428 54.428 34.427 28.427 0.000 0.000 0.000 0.000 0.000 0.000 0.000 0.000 0.000 0.000 0.000 0.000 0.000 29.406 21.406 0.000 0.000 0.000 0.000 0.000 0.000 0.000 0.000 0.000 0.000 53.859 69.851 71.841 71.832 71.821 71.810 71.799 71.787 71.775
74.302 55.295 27.303 0.000 0.000 44.863 44.860 66.856 78.854 56.852 43.851 48.851 26.851 0.000 0.000 0.000 0.000 0.000 41.430 34.430 39.430 56.430 75.430 75.430 76.430 73.430 73.429 73.429 73.429 73.429 73.429 73.428 73.428 73.428 73.428 75.428 64.428 52.427 41.427 42.427 35.427 26.427 31.427 0.000 0.000 0.000 0.000 0.000 0.000 0.000 0.000 0.000 32.406 7.406 0.000 0.000 0.000 0.000 0.000 0.000 0.000 0.000 0.000 0.000 38.818 66.814 70.809 71.802 71.794 71.785 71.774 71.762 71.750
77.326 68.318 21.310 0.000 0.000 0.000 43.858 48.855 75.854 63.852 44.852 47.851 22.851 0.000 0.000 0.000 0.000 0.000 44.430 37.430 40.430 58.430 77.430 76.430 74.430 74.430 73.429 73.429 73.429 73.429 73.429 74.428 74.428 74.428 68.428 59.428 63.427 70.427 63.427 61.427 49.427 36.427 43.427 1.427 0.000 0.000 0.000 0.000 0.000 0.000 0.000 0.000 0.000 0.000 0.000 0.000 0.000 0.000 0.000 0.000 0.000 0.000 0.000 0.000 30.780 61.779 71.777 73.773 73.767 73.760 72.750 71.739 71.725
77.346 52.340 0.000 0.000 0.000 0.000 0.000 50.854 63.853 57.853 56.852 53.852 43.851 21.852 0.000 0.000 0.000 0.000 43.430 36.430 41.430 56.430 68.430 65.430 60.430 62.429 67.429 72.429 74.429 74.429 72.429 62.428 60.428 65.428 54.428 51.428 51.427 62.427 66.427 61.427 47.427 36.427 8.427 0.000 0.000 0.000 0.000 0.000 0.000 0.000 0.000 0.000 0.000 0.000 0.000 0.000 0.000 0.000 0.000 0.000 1.643 0.000 0.000 0.000 18.743 43.746 49.747 51.746 51.743 52.737 61.729 70.717 71.702
76.361 42.357 0.000 0.000 0.000 0.000 0.000 45.854 39.853 38.853 46.852 46.852 46.852 42.852 15.852 0.000 0.000 0.000 48.430 43.430 48.430 58.430 61.430 64.430 22.430 0.000 0.000 13.429 74.429 71.429 60.429 15.428 0.000 0.000 53.428 85.427 78.427 57.427 63.427 57.427 46.427 31.427 34.427 0.000 0.000 0.000 0.000 0.000 0.000 0.000 0.000 0.000 0.000 0.000 0.000 0.000 0.000 0.000 14.643 4.643 22.643 43.648 54.658 53.675 71.703 79.714 80.720 78.721 80.721 67.717 50.710 68.699 71.680
74.373 39.370 0.000 0.000 0.000 0.000 0.000 45.853 41.853 20.853 0.000 0.000 0.852 0.000 0.000 0.000 0.000 0.000 54.430 48.430 43.430 39.430 25.430 0.000 0.000 0.000 0.000 0.000 0.000 0.000 47.428 9.428 0.000 0.000 0.000 48.427 81.427 41.427 42.427 41.427 37.427 40.427 87.427 46.427 0.000 0.000 5.426 0.000 0.000 0.000 0.000 0.000 0.000 0.000 0.000 0.000 13.614 4.614 0.000 0.000 8.638 90.643 86.651 68.664 69.679 66.689 67.696 89.699 82.701 68.700 48.697 57.687 56.664
60.382 41.380 35.383 0.000 0.000 0.000 0.000 0.000 43.853 27.853 0.000 0.000 0.000 0.000 0.000 0.000 0.000 0.000 54.430 54.430 55.430 38.430 13.430 0.000 0.000 0.000 0.000 0.000 0.000 0.000 43.428 20.428 0.000 0.000 0.000 47.427 96.427 60.427 63.427 58.427 43.427 61.427 115.427 112.427 43.427 0.427 27.426 24.426 0.000 0.000 0.000 0.000 0.000 0.000 0.000 0.000 3.614 21.614 11.616 9.620 18.628 93.634 60.641 68.650 59.660 40.668 51.674 94.679 60.683 47.686 54.691 8.689 0.000
44.388 44.386 30.386 0.000 0.000 0.000 0.000 0.000 0.000 0.000 0.000 0.000 0.000 0.000 0.000 0.000 0.000 0.000 57.430 48.430 42.430 40.430 14.430 0.000 0.000 0.000 0.000 0.000 0.000 40.428 33.428 58.428 54.428 0.000 6.427 53.427 59.427 51.427 94.427 83.427 54.427 7.427 71.427 126.427 10.427 0.000 5.426 0.000 0.000 0.000 0.000 0.000 22.613 19.613 14.613 3.613 72.613 110.613 101.614 97.616 44.620 88.624 56.629 45.635 92.642 73.649 93.655 74.661 44.666 52.671 0.000 0.000 0.000
47.392 48.390 40.389 0.000 0.000 0.000 0.000 0.000 0.000 0.000 0.000 0.000 0.000 0.000 0.000 0.000 0.000 0.000 11.430 52.430 42.430 20.430 0.000 0.000 0.000 0.000 0.000 0.000 0.000 42.428 39.428 15.428 0.000 0.000 0.000 27.427 6.427 0.000 7.427 49.427 5.427 0.000 27.427 93.427 48.427 0.427 0.000 0.000 0.000 0.000 0.000 0.000 0.000 4.613 0.000 0.000 28.613 8.612 72.610 76.610 27.611 88.613 65.616 38.620 56.624 106.630 120.636 54.642 42.649 9.660 0.000 0.000 18.460
46.395 47.393 47.392 51.392 43.392 0.000 0.000 0.000 0.000 0.000 0.000 0.000 0.000 0.000 0.000 0.000 0.000 0.000 0.000 42.430 38.430 22.430 0.000 0.000 0.000 0.000 0.000 0.000 43.428 40.428 17.428 0.000 0.000 0.000 0.000 1.427 0.000 0.000 0.000 53.427 2.427 0.000 27.427 0.000 0.000 0.000 0.000 0.000 0.000 0.000 0.000 0.000 0.000 13.613 7.613 9.613 2.613 0.000 48.604 67.604 26.602 90.601 70.601 40.603 89.606 92.611 87.616 95.623 59.630 0.000 0.000 1.426 32.439
48.398 26.394 37.393 46.392 46.392 46.392 45.392 0.000 0.000 0.000 0.000 0.000 0.000 0.000 0.000 0.000 0.000 0.000 0.000 44.430 40.430 24.430 0.000 0.000 0.000 0.000 0.000 0.000 0.000 46.428 18.428 0.000 0.000 0.000 0.000 0.000 0.000 5.427 17.427 40.427 44.427 21.427 0.000 0.000 0.000 0.000 0.000 0.000 0.000 0.000 0.000 0.000 0.000 2.613 0.613 6.613 0.000 0.000 51.599 71.597 31.593 91.588 76.585 90.585 90.587 49.591 42.596 87.603 36.616 0.000 0.400 33.412 41.419
53.401 0.000 0.000 43.392 32.392 0.000 45.392 35.392 0.000 0.000 0.000 0.000 0.000 0.000 0.000 0.000 0.000 0.000 0.000 43.430 40.430 28.430 0.000 0.000 0.000 0.000 0.000 0.000 0.000 0.000 0.000 0.000 0.000 0.000 0.000 0.000 0.000 0.000 56.427 73.427 34.427 0.000 0.000 0.000 0.000 0.000 0.000 0.000 0.000 0.000 0.000 0.000 0.000 0.000 0.000 11.613 0.000 0.000 86.596 72.593 33.586 91.571 88.566 80.565 72.566 58.569 59.573 28.578 0.000 0.000 17.389 36.396 43.400
50.403 0.000 0.000 30.392 22.392 0.000 0.000 0.000 0.000 54.404 50.404 41.404 0.000 0.000 0.000 0.000 0.000 0.000 0.000 47.429 43.429 25.429 0.000 0.000 0.000 0.000 0.000 0.000 0.000 0.000 0.000 0.000 0.000 0.000 0.000 0.000 0.000 0.000 19.427 103.427 69.427 0.427 0.000 0.000 0.000 0.000 0.000 0.000 0.000 0.000 0.000 0.000 0.000 0.000 0.000 0.000 0.000 0.000 18.596 0.000 0.000 65.545 106.544 85.543 84.544 82.546 85.550 33.556 0.000 0.000 21.381 35.383 36.384
66.404 0.000 0.000 0.000 0.000 52.404 39.404 0.000 50.404 44.404 44.404 36.404 0.000 0.000 0.000 0.000 0.000 0.000 0.000 47.429 42.429 30.429 0.000 0.000 0.000 0.000 0.000 0.000 0.000 0.000 0.000 0.000 0.000 0.000 0.000 0.000 0.000 0.000 0.000 47.427 39.427 10.427 0.000 0.000 0.000 0.000 0.000 0.000 0.000 0.000 0.000 0.000 0.000 0.000 0.000 0.000 0.000 0.000 0.000 0.000 0.000 12.520 48.520 49.520 47.520 47.521 44.526 40.541 0.000 0.000 14.371 35.370 33.369
77.404 66.404 48.404 49.404 48.404 42.404 43.404 44.404 42.404 47.404 46.404 37.404 34.404 0.000 0.000 0.000 0.000 0.000 0.000 34.429 0.000 0.000 0.000 0.000 0.000 0.000 0.000 0.000 0.000 0.000 0.000 0.000 0.000 0.000 0.000 0.000 0.000 0.000 0.000 0.427 46.427 9.427 0.000 0.000 0.000 0.000 0.000 0.000 0.000 0.000 0.000 0.000 0.000 0.000 0.000 0.000 0.000 0.000 0.000 0.000 0.000 3.496 36.497 35.496 35.495 51.493 46.491 0.000 0.000 0.000 7.361 48.359 60.355
77.405 71.404 41.404 41.404 41.404 24.404 25.404 29.404 39.404 48.404 45.404 37.404 40.404 29.404 0.000 0.000 0.000 0.000 0.000 0.000 0.000 0.000 0.000 0.000 0.000 0.000 0.000 0.000 0.000 0.000 0.000 0.000 0.000 0.000 0.000 0.000 0.000 0.000 0.000 0.000 3.427 49.427 8.427 0.000 0.000 0.000 0.000 0.000 0.000 0.000 0.000 0.000 0.000 0.000 0.000 0.000 0.000 0.000 0.000 0.000 28.461 31.471 35.474 35.473 37.470 56.464 46.454 29.432 0.000 0.000 43.354 64.349 71.343
77.405 75.405 45.404 42.404 22.404 0.000 0.000 0.000 0.000 39.404 42.404 40.404 33.403 0.000 0.000 0.000 0.000 0.000 0.000 0.000 0.000 0.000 0.000 0.000 0.000 0.000 0.000 0.000 0.000 0.000 0.000 0.000 0.000 0.000 0.000 0.000 0.000 0.000 0.000 0.000 1.427 52.427 14.427 0.000 0.000 0.000 0.000 0.000 0.000 0.000 0.000 0.000 0.000 0.000 0.000 0.000 0.000 0.000 0.000 0.441 39.450 36.454 35.455 31.453 44.448 61.441 45.428 34.409 29.383 29.365 53.352 70.342 71.332
77.405 75.405 28.404 32.404 0.000 0.000 0.000 0.000 0.000 0.000 30.404 43.403 35.403 0.000 0.000 0.000 0.000 0.000 0.000 0.000 0.000 0.000 0.000 0.000 0.000 0.000 0.000 0.000 0.000 0.000 0.000 0.000 0.000 0.000 0.000 0.000 0.000 0.000 0.000 0.000 0.000 1.427 20.427 0.000 0.000 0.000 0.000 0.000 0.000 0.000 0.000 0.000 8.419 16.419 0.000 0.000 0.000 0.000 0.000 33.432 31.437 30.439 35.439 49.436 62.430 52.421 36.410 34.394 36.376 33.360 54.346 72.334 71.322
77.405 51.405 0.000 0.000 0.000 0.000 0.000 0.000 0.000 0.000 0.000 33.403 40.403 38.403 0.000 0.000 0.000 0.000 0.000 0.000 0.000 0.000 0.000 0.000 0.000 0.000 0.000 0.000 0.000 0.000 0.000 0.000 0.000 0.000 0.000 0.000 0.000 0.000 0.000 0.000 0.000 0.000 0.000 0.000 0.000 0.000 0.000 0.000 0.000 0.000 0.000 0.000 0.000 9.419 11.419 0.000 38.420 30.420 28.422 40.425 54.427 59.427 61.425 61.421 47.414 35.406 34.394 34.381 33.367 35.352 58.339 73.325 71.312
