results1/res_4e8f-0151.wd
ncols         241
nrows         181
xllcorner     12693529.787448
yllcorner     3542525.717860
cellsize      155.156523
NODATA_value  -9999.000000
[rows 99 to 131 of 181, columns 73 to 145 of 241]
59.195 59.172 59.148 58.123 58.097 63.070 66.043 63.017 58.998 58.988 52.990 8.995 0.000 0.000 0.000 0.000 0.000 14.268 72.236 97.192 95.186 94.344 101.015 100.944 94.049 94.747 94.596 94.490 95.388 95.292 94.205 98.133 57.082 0.000 0.000 0.000 0.000 0.000 0.000 32.441 58.372 70.245 38.072 19.880 49.801 52.727 50.644 54.531 51.303 48.928 18.580 43.336 47.210 62.126 68.064 71.019 68.985 63.962 56.946 51.937 46.933 24.925 0.000 0.000 0.000 0.000 19.402 37.401 49.401 73.401 74.401 74.401 74.401
59.243 59.221 58.198 56.173 60.146 65.117 66.085 66.050 60.023 57.008 62.002 62.001 23.002 0.000 16.908 46.855 23.741 3.539 60.444 100.323 95.574 95.591 101.074 93.361 95.150 94.807 94.721 94.612 94.509 94.411 96.326 95.259 31.219 0.000 0.000 0.000 0.000 0.000 0.805 36.596 42.530 53.453 2.415 0.000 44.934 52.876 51.786 55.653 55.448 26.188 0.000 38.240 52.183 57.120 78.070 79.031 79.001 79.980 80.965 78.956 59.952 0.000 0.000 0.000 0.000 0.000 0.000 36.400 49.400 73.400 74.399 74.399 74.399
59.293 58.273 58.250 61.225 64.198 65.167 40.132 4.073 33.038 69.017 42.008 16.004 8.003 0.000 27.961 77.916 74.829 66.713 85.593 96.744 93.732 101.156 94.642 95.449 95.017 94.954 94.839 94.732 94.624 95.518 93.428 81.360 28.316 1.310 0.000 0.000 0.000 1.070 39.933 46.795 44.700 45.624 18.581 0.000 51.124 69.059 61.969 56.848 31.648 0.000 0.000 21.201 11.162 51.102 76.063 80.033 78.009 77.991 77.978 79.970 52.968 46.973 46.975 52.975 0.000 0.000 0.000 13.399 48.398 73.398 74.398 74.397 74.397
58.345 57.327 62.305 65.280 65.252 65.223 30.201 0.000 0.017 12.014 3.011 0.000 0.000 0.000 21.059 84.018 89.948 97.860 97.819 94.945 101.497 101.287 94.610 95.321 95.174 95.067 94.961 94.852 94.736 100.610 50.508 18.437 2.373 0.149 4.444 7.434 0.000 31.172 49.065 44.951 44.850 43.760 49.676 15.577 44.379 70.267 69.183 67.122 0.000 0.000 0.000 0.000 0.000 49.064 78.048 82.029 79.011 77.997 75.986 64.979 45.976 41.976 42.976 26.976 0.000 0.000 0.000 0.000 44.397 73.397 74.396 74.396 70.395
57.401 63.385 65.364 65.338 63.306 69.271 39.250 0.000 0.000 0.000 0.000 0.000 0.000 0.000 32.197 90.150 93.089 96.966 96.202 96.215 101.686 93.996 95.702 95.378 95.294 95.186 95.082 98.978 104.861 59.676 28.557 3.506 0.000 0.000 0.000 4.424 32.414 55.307 49.203 42.096 46.991 50.889 47.787 45.676 59.547 63.447 53.376 61.335 0.000 0.000 0.000 0.000 0.000 55.043 79.035 84.023 83.011 79.000 73.991 42.985 40.981 41.980 48.979 0.000 0.000 0.000 0.000 38.395 42.395 71.395 74.395 74.395 68.394
64.461 65.448 65.428 64.400 42.365 8.304 27.277 29.277 0.000 0.000 0.000 0.000 0.000 23.501 76.382 90.305 93.209 95.367 96.377 102.017 101.859 94.972 95.674 95.514 95.409 95.304 99.205 61.117 21.052 0.000 38.539 24.525 0.000 0.000 0.000 0.000 40.511 74.440 65.344 60.238 55.128 56.017 53.906 54.794 67.686 61.597 45.537 47.508 0.000 0.000 0.000 0.000 0.000 55.029 83.025 48.019 46.010 77.999 80.993 50.988 41.984 46.982 16.980 0.000 0.000 0.000 0.000 11.395 38.394 56.394 72.394 75.393 68.393
65.527 65.518 61.498 65.471 47.450 0.000 18.276 48.276 0.000 0.000 0.000 0.000 13.715 75.620 89.527 95.448 95.419 95.561 102.302 102.164 94.300 96.076 95.726 95.637 95.523 95.416 99.316 71.234 3.179 0.000 8.534 11.529 0.000 0.000 0.000 0.000 27.678 59.599 64.496 74.383 70.266 58.147 61.027 69.910 64.804 52.721 44.667 45.652 19.699 20.711 0.000 0.000 0.000 53.020 87.018 1.014 0.000 26.996 73.993 63.989 44.986 23.984 0.000 0.000 0.000 0.000 0.000 0.000 11.394 35.393 61.393 71.392 64.392
63.601 60.597 59.577 75.537 54.512 0.000 17.276 45.276 0.000 0.000 0.000 7.882 71.811 84.735 94.665 97.545 96.790 94.820 102.430 93.610 95.385 91.944 93.871 95.749 95.634 96.520 90.409 80.324 28.251 0.000 0.000 0.000 0.000 0.000 0.000 15.119 49.924 54.784 54.657 56.532 65.407 68.278 71.145 65.013 51.900 45.814 44.759 43.734 47.734 32.722 0.000 0.000 0.000 42.013 79.010 45.006 34.001 25.996 68.993 74.990 54.988 0.000 0.000 5.987 0.000 0.000 0.000 0.000 0.000 30.392 54.392 59.392 46.391
57.683 66.693 62.676 3.588 4.550 0.000 8.276 8.276 0.000 0.000 0.000 8.953 87.910 89.854 97.766 96.932 95.954 102.656 102.547 95.569 95.257 95.098 94.981 93.864 94.745 96.620 53.476 4.400 0.000 0.000 0.000 0.000 0.000 18.719 35.566 50.314 61.115 57.955 56.815 53.683 54.551 57.412 69.261 70.100 61.967 50.877 43.821 43.791 45.781 0.000 0.000 0.000 0.000 27.008 69.006 47.003 43.000 42.996 74.992 77.990 60.988 23.987 13.987 56.987 0.000 0.000 0.000 0.000 0.000 33.391 57.391 52.391 38.391
58.775 68.815 55.847 0.000 0.000 0.000 5.276 17.276 1.276 0.000 0.238 75.067 85.027 96.971 96.967 96.111 102.849 102.755 94.882 96.656 96.308 96.215 96.096 95.979 97.861 47.741 0.000 0.000 0.000 0.000 0.000 8.266 34.116 50.872 63.666 59.455 58.268 58.107 57.964 58.833 56.702 55.560 29.386 48.159 72.991 54.906 42.857 45.829 43.819 31.825 0.000 0.000 0.000 28.005 61.002 39.000 0.000 0.000 30.990 67.989 56.988 65.987 72.987 31.987 0.000 0.000 0.000 0.000 0.000 8.391 48.390 46.390 39.390
56.863 60.945 60.051 36.210 0.000 0.000 0.000 3.276 6.276 0.000 28.311 88.218 95.157 97.079 97.239 95.362 102.934 95.170 96.951 96.517 96.448 96.328 97.213 98.096 59.978 0.000 0.000 0.000 0.000 0.000 10.617 53.416 64.211 59.985 58.772 58.572 58.394 58.239 58.104 57.982 57.866 66.741 5.563 0.000 40.933 49.900 41.870 50.850 50.839 32.832 0.000 0.000 0.000 0.000 44.997 81.996 49.994 0.000 23.989 68.988 62.987 53.987 53.986 0.000 0.000 0.000 0.000 0.000 0.000 0.000 27.389 38.389 39.389
68.933 7.050 63.202 61.369 50.571 9.696 0.064 0.000 0.000 19.472 78.406 92.338 98.279 97.264 96.418 103.080 103.011 96.119 96.817 96.666 96.555 97.446 99.330 60.213 0.000 0.000 0.000 0.000 9.238 40.092 50.817 62.572 59.326 59.087 55.865 55.667 55.497 56.353 58.230 58.125 61.037 37.975 0.000 0.000 20.907 45.892 44.875 62.862 58.854 0.000 0.000 0.000 0.000 0.000 28.994 73.993 85.991 42.989 68.988 82.987 74.987 50.986 43.985 15.985 0.000 0.000 0.000 0.000 0.000 0.000 33.389 39.389 43.389
50.972 4.120 65.338 55.494 62.647 54.820 16.118 3.426 12.535 79.538 88.502 98.461 97.348 97.616 95.643 103.140 95.407 97.200 96.860 96.777 97.669 98.568 52.449 0.000 0.000 0.000 0.000 1.650 52.385 63.221 60.989 59.726 61.436 61.170 66.935 71.734 66.575 59.445 53.338 57.251 63.185 21.145 0.000 0.000 16.896 48.885 49.875 71.867 59.863 0.000 0.000 0.000 0.000 0.000 16.991 68.991 77.990 82.988 78.988 78.987 82.986 66.985 45.985 46.984 15.984 8.983 0.000 0.000 0.000 35.388 40.388 38.388 43.388
0.000 0.000 33.535 84.622 47.704 0.000 0.000 17.615 77.642 82.640 96.621 97.530 97.810 95.741 103.223 95.665 97.474 97.051 96.993 97.882 94.777 49.708 0.000 0.000 0.000 0.000 7.991 54.836 62.613 60.417 60.192 63.908 38.522 17.221 19.972 36.759 62.623 64.516 65.427 57.356 58.305 19.277 0.000 0.000 0.000 29.878 47.874 54.870 53.867 2.868 0.000 0.000 0.000 0.000 16.989 59.989 72.988 77.987 78.987 79.986 75.986 71.985 56.984 44.984 48.983 54.983 0.000 0.000 0.000 1.388 38.388 39.388 41.387
0.000 0.000 10.645 85.755 72.842 0.000 0.000 24.777 85.778 93.769 97.722 98.917 98.954 103.540 103.347 96.616 97.331 97.192 97.095 91.992 81.849 32.778 0.000 0.000 7.423 43.328 52.147 63.986 60.814 60.644 64.455 42.190 0.105 0.000 0.000 22.707 60.643 57.567 61.498 67.441 67.401 45.382 0.000 0.000 0.000 11.875 49.873 43.870 50.869 1.868 0.000 0.000 0.000 0.000 21.988 46.987 63.987 77.986 72.986 65.986 67.985 28.985 53.984 62.983 55.983 51.983 0.000 0.000 0.000 0.000 0.000 33.387 38.387
0.000 0.000 0.000 13.912 63.068 2.832 12.957 78.939 90.925 97.908 97.925 98.103 103.890 103.720 95.903 97.701 97.368 97.297 90.208 56.140 0.000 0.000 0.000 15.609 61.519 55.415 63.282 61.146 61.012 61.889 39.793 0.613 0.000 0.000 0.000 21.720 63.673 57.614 57.556 59.508 63.477 65.467 17.493 0.000 0.000 0.000 30.871 49.870 24.869 0.000 0.000 0.000 0.000 0.000 14.986 42.986 53.986 60.986 52.985 49.985 14.985 0.000 2.983 46.983 50.982 59.982 0.000 0.000 0.000 0.000 0.000 27.387 38.387
0.000 0.000 0.000 0.000 0.795 13.068 82.100 87.094 98.083 98.014 99.298 99.371 104.051 96.201 97.981 97.550 97.490 87.389 76.302 40.221 0.000 0.000 0.000 55.700 77.627 62.530 54.419 62.306 60.199 63.110 33.053 0.000 0.000 0.000 17.843 52.779 59.718 58.658 58.604 55.560 51.530 53.517 15.519 0.000 0.000 0.000 11.870 56.870 4.870 0.000 0.000 0.000 0.000 0.000 14.986 44.985 43.985 42.985 40.985 46.984 0.000 0.000 0.000 21.982 44.982 62.981 6.981 0.000 0.000 0.000 0.000 0.000 31.386
0.000 0.000 0.000 0.000 0.000 85.293 84.281 98.263 98.215 99.418 99.490 104.344 104.202 97.155 98.840 96.684 82.569 71.475 45.388 0.000 0.000 0.000 49.989 67.862 67.761 74.660 62.558 52.459 58.369 68.296 71.258 34.293 0.000 0.000 16.908 64.834 58.761 58.697 57.642 53.598 47.568 48.552 14.546 0.000 0.000 0.000 0.000 29.869 37.869 0.000 0.000 0.000 0.000 0.000 22.985 46.985 40.984 41.984 41.984 43.984 26.983 0.000 0.000 0.000 31.981 52.981 30.980 4.980 0.000 0.000 0.000 0.000 26.386
0.000 0.000 0.000 0.000 24.650 85.530 97.471 98.431 99.439 101.626 104.611 104.480 96.461 98.226 94.878 83.779 72.633 44.554 0.000 0.000 0.000 52.237 73.117 59.000 50.893 64.792 76.695 64.603 67.520 68.449 55.390 61.328 40.167 2.503 25.046 56.887 52.796 59.728 54.669 46.622 45.592 49.576 11.568 0.000 0.000 0.000 0.000 16.869 56.869 1.869 0.000 0.000 0.000 0.000 0.000 28.984 43.984 41.983 41.983 41.983 49.983 0.000 0.000 0.000 0.000 33.980 44.980 50.980 0.000 0.000 0.000 0.000 0.000
0.000 0.000 0.000 0.000 67.771 93.704 99.650 98.554 98.822 96.902 104.737 96.743 98.508 93.077 82.010 56.890 0.000 0.000 0.000 0.000 52.479 73.358 60.240 49.127 49.020 50.920 61.826 76.739 67.660 52.590 60.525 62.461 36.390 0.000 21.960 81.874 68.807 57.749 51.683 47.631 44.604 45.589 39.584 3.587 0.000 0.000 0.000 0.000 35.869 7.869 0.000 0.000 0.000 0.000 0.000 8.983 45.983 41.983 41.983 41.982 43.982 27.982 0.000 0.000 0.000 14.980 41.980 44.980 0.000 0.000 0.000 0.000 0.000
0.000 0.000 0.000 71.080 67.957 73.875 88.786 99.959 97.022 104.972 104.857 97.676 93.363 82.216 61.110 0.000 0.000 34.117 0.000 4.725 77.599 60.477 49.359 50.246 49.141 52.042 65.951 74.867 75.792 59.724 55.661 66.600 40.543 0.000 0.000 12.842 25.809 7.779 0.000 17.613 48.603 55.595 56.590 42.590 0.000 0.000 0.000 0.000 0.000 0.000 0.000 0.000 0.000 0.000 0.000 9.983 45.983 44.982 47.982 42.982 39.982 48.982 0.000 0.000 0.000 21.980 55.980 60.980 0.000 0.000 0.000 0.000 0.000
0.000 0.000 10.305 72.203 69.105 70.024 80.000 96.164 105.190 105.082 96.955 93.721 81.391 55.316 0.000 0.000 51.167 50.117 32.015 15.852 65.716 49.591 50.472 49.360 50.255 65.157 71.068 34.987 25.915 77.852 63.795 41.735 2.639 0.000 0.000 0.000 0.000 0.000 0.000 14.605 66.601 60.596 57.593 53.592 8.593 0.000 0.000 0.000 0.000 0.000 0.000 0.000 0.000 0.000 0.000 33.982 42.982 17.982 0.000 17.982 42.981 46.981 0.000 0.000 0.000 23.979 59.979 28.979 0.000 0.000 0.000 0.000 0.000
0.000 85.494 73.408 70.320 68.242 69.120 70.364 74.428 105.294 96.197 91.958 81.548 55.505 0.000 0.000 0.000 55.218 53.168 73.076 56.950 49.822 50.698 49.579 52.466 72.361 69.264 50.176 46.098 51.031 78.975 75.933 39.906 0.000 0.000 0.000 0.000 0.000 0.000 0.000 14.602 73.599 73.596 68.594 59.593 4.593 0.000 0.000 0.000 0.000 0.000 0.000 0.000 0.000 0.000 6.982 45.982 47.982 0.000 0.000 2.981 45.981 46.981 0.000 0.000 0.000 0.000 30.979 0.000 0.000 0.000 0.000 0.000 0.000
1.673 83.581 97.511 89.438 74.340 75.497 67.545 105.492 105.395 75.080 79.757 55.655 0.000 0.000 0.000 0.000 57.318 70.263 68.170 50.052 49.926 49.800 60.679 72.565 61.458 50.361 50.274 50.198 51.134 60.085 78.054 74.051 35.105 0.000 0.000 0.000 0.000 0.000 0.000 0.000 59.598 61.596 73.594 74.594 30.593 0.000 0.000 0.000 0.000 0.000 0.000 0.000 0.000 0.000 37.981 47.982 24.982 0.000 0.000 6.981 46.981 44.981 0.000 0.000 0.000 0.000 0.000 0.000 0.000 0.000 0.000 0.000 0.000
19.752 96.687 99.619 99.550 94.523 84.678 105.680 105.586 67.238 62.016 0.000 0.000 0.000 0.000 0.000 0.000 68.472 73.398 49.288 51.161 51.028 62.898 71.773 53.656 50.547 50.449 50.361 50.286 50.224 50.177 59.147 79.140 72.159 46.190 37.202 41.205 10.206 0.000 0.000 0.000 0.000 39.595 79.594 79.594 40.593 0.000 0.000 0.000 0.000 0.000 0.000 0.000 0.000 0.000 26.981 25.981 0.000 0.000 0.000 0.000 26.981 53.981 0.000 0.000 0.000 0.000 0.000 0.000 0.000 0.000 0.000 0.000 0.000
89.866 99.797 99.736 99.622 103.865 94.923 105.771 67.335 70.017 64.718 0.000 0.000 0.000 0.000 0.000 61.863 73.702 50.567 51.424 51.276 59.129 71.989 49.858 50.737 50.626 50.526 50.437 50.361 50.298 50.251 50.218 54.202 55.201 50.208 51.211 58.208 40.207 0.000 0.000 0.000 0.000 0.000 34.594 70.593 33.593 0.000 0.000 0.000 0.000 0.000 0.000 0.000 0.000 0.000 0.000 0.000 0.000 0.000 0.000 0.000 0.000 5.981 0.000 0.000 0.000 0.000 0.000 0.000 0.000 0.000 0.000 0.000 0.000
95.969 95.909 99.821 100.983 98.030 105.948 105.860 71.992 56.422 1.597 4.596 1.596 0.000 0.000 0.000 79.025 55.904 51.743 51.567 53.390 74.224 54.072 50.934 50.809 50.695 50.591 50.499 50.421 50.358 50.309 50.273 49.249 48.236 51.230 33.228 0.000 0.000 0.000 0.000 0.000 0.000 0.000 0.000 63.593 51.593 18.593 0.000 0.000 0.000 0.000 0.000 0.000 0.000 0.000 0.000 0.000 0.000 0.000 0.000 0.000 0.000 0.000 0.000 0.000 0.000 0.000 0.000 0.000 0.000 0.000 0.000 0.000 0.000
75.083 75.018 78.996 75.153 106.120 106.034 83.510 64.692 55.586 0.000 0.000 1.596 0.000 0.000 0.000 54.308 50.147 49.935 48.708 61.494 54.305 48.140 48.997 48.871 48.754 48.644 49.547 50.468 50.404 50.355 49.316 47.286 49.262 49.248 46.242 36.243 39.243 41.242 40.241 42.241 13.241 0.000 0.000 1.593 60.593 32.593 0.000 0.000 0.000 0.000 0.000 0.000 0.000 0.000 0.000 0.000 0.000 0.000 0.000 0.000 0.000 0.000 0.000 0.000 0.000 0.000 0.000 0.000 0.000 0.000 0.000 0.000 0.000
90.198 112.087 77.334 107.392 106.204 66.073 56.663 0.000 70.922 29.246 0.000 0.000 0.000 0.000 98.141 76.751 47.439 55.144 65.838 64.571 60.361 58.185 58.045 57.923 56.806 50.685 46.579 50.498 50.436 50.389 49.351 49.316 53.279 53.258 54.248 64.245 64.243 60.242 53.241 52.241 31.240 0.000 0.000 0.000 19.592 25.592 0.000 0.000 0.000 0.000 0.000 0.000 0.000 0.000 0.000 0.000 0.000 0.000 0.000 0.000 0.000 0.000 0.000 0.000 0.000 0.000 0.000 0.000 0.000 0.000 0.000 0.000 0.000
138.279 116.876 114.922 106.359 106.283 94.163 0.000 37.912 65.912 139.572 115.081 1.381 45.639 35.084 96.530 56.117 53.716 125.361 115.930 111.592 111.383 110.196 109.073 107.969 106.863 77.711 44.584 50.508 50.455 50.415 50.382 42.349 0.000 0.000 0.000 0.000 0.000 0.000 17.241 69.240 48.240 19.240 0.000 0.000 0.000 0.000 0.000 0.000 0.000 0.000 0.000 0.000 0.000 0.000 0.000 0.000 0.000 0.000 0.000 0.000 0.000 0.000 0.000 0.000 0.000 0.000 0.000 0.000 0.000 0.000 0.000 0.000 0.000
96.448 116.035 106.499 106.430 90.690 0.000 0.000 0.000 9.244 61.050 48.785 0.000 26.997 0.000 55.778 52.472 61.947 117.654 0.000 3.483 0.000 54.145 63.082 124.016 36.966 0.000 54.540 50.496 50.459 51.432 33.415 0.000 0.000 0.000 0.000 0.000 0.000 0.000 0.000 22.240 69.239 25.239 0.000 0.000 0.000 0.000 0.000 0.000 0.000 0.000 0.000 0.000 0.000 0.000 0.000 0.000 0.000 0.000 0.000 0.000 0.000 0.000 0.000 0.000 0.000 0.000 0.000 0.000 0.000 0.000 0.000 0.000 0.000
117.205 115.259 106.564 115.182 117.029 37.317 0.000 16.771 43.771 53.597 30.224 7.290 48.356 93.883 92.331 85.045 0.000 36.654 0.000 15.373 37.264 65.155 110.094 73.049 38.019 0.000 0.000 56.475 50.455 51.440 32.430 0.000 0.000 0.000 0.000 0.000 0.000 0.000 0.000 0.000 16.239 55.239 20.239 0.000 0.000 0.000 0.000 0.000 0.000 0.000 0.000 0.000 0.000 0.000 0.000 0.000 0.000 0.000 0.000 0.000 0.000 0.000 0.000 0.000 0.000 0.000 0.000 0.000 0.000 0.000 0.000 0.000 0.000
115.339 106.680 106.624 95.688 38.453 0.000 0.000 0.000 5.471 32.345 0.000 0.000 41.255 84.961 138.619 74.332 0.000 0.000 0.000 0.000 0.000 79.117 114.092 44.065 41.042 0.000 0.000 0.000 55.446 49.441 47.437 45.438 33.438 0.000 0.000 0.000 0.000 0.000 0.000 0.000 11.239 69.238 27.238 0.000 0.000 0.000 0.000 0.000 0.000 0.000 0.000 0.000 0.000 0.000 0.000 0.000 0.000 0.000 0.000 0.000 0.000 0.000 0.000 0.000 0.000 0.000 0.000 0.000 0.000 0.000 0.000 0.000 0.000
