results1/res_4e8f-0212.wd
ncols         241
nrows         181
xllcorner     12693529.787448
yllcorner     3542525.717860
cellsize      155.156523
NODATA_value  -9999.000000
[rows 33 to 65 of 181, columns 73 to 145 of 241]
0.000 0.000 0.000 0.000 0.000 0.000 0.000 0.000 0.000 0.000 0.000 0.000 0.000 0.000 0.000 0.000 0.000 0.000 0.000 0.000 0.000 0.000 0.000 0.000 0.000 0.000 0.000 0.000 0.000 0.000 0.000 0.000 0.000 0.000 0.000 0.000 0.000 0.000 0.000 39.907 62.908 67.909 23.912 0.000 0.000 32.988 47.016 13.995 4.995 37.016 40.032 34.030 35.010 35.974 35.920 35.846 35.753 34.635 40.481 60.242 6.755 14.864 12.140 47.295 63.752 68.280 66.839 67.440 65.974 68.059 63.113 62.722 62.711
0.000 0.000 0.000 0.000 0.000 0.000 0.000 0.000 0.000 0.000 0.000 0.000 0.000 0.000 0.000 0.000 0.000 0.000 0.000 0.000 0.000 0.000 0.000 0.000 0.000 0.000 0.000 0.000 0.000 0.000 0.000 0.000 0.000 0.000 0.000 0.000 0.000 0.000 0.000 0.000 14.908 9.909 0.000 0.000 0.000 0.000 29.108 0.000 0.000 27.057 51.098 50.102 40.085 36.048 35.991 35.911 35.810 34.689 56.553 54.398 0.000 37.698 50.261 63.686 68.165 67.686 67.255 66.762 67.821 63.838 63.138 63.390 65.691
0.000 0.000 0.000 0.000 0.000 0.000 0.000 0.000 0.000 0.000 0.000 0.000 0.000 0.000 0.000 0.000 0.000 0.000 35.329 67.329 20.329 0.000 0.000 0.000 0.000 0.000 0.000 0.000 0.000 0.000 0.000 0.000 0.000 0.000 0.000 0.000 0.000 0.000 0.000 0.000 0.000 0.000 0.000 0.000 0.000 0.000 21.199 0.000 0.000 0.000 29.202 47.196 47.179 38.143 36.084 35.998 33.886 49.759 58.645 0.000 23.358 47.967 62.521 69.024 68.530 68.074 67.553 69.585 65.571 63.681 64.079 66.403 65.647
0.000 0.000 0.000 0.000 0.000 0.000 0.000 0.000 0.000 0.000 0.000 22.331 60.331 0.331 0.000 0.000 0.000 0.000 42.330 93.329 49.329 0.000 0.000 0.000 0.000 0.000 0.000 0.000 0.000 0.000 0.000 0.000 0.000 0.000 0.000 0.000 0.000 0.000 0.000 0.000 0.000 0.000 0.000 0.000 0.000 0.000 24.291 25.332 32.350 18.348 28.311 36.302 49.291 40.262 36.204 33.110 43.978 53.813 42.624 18.281 47.748 65.292 69.832 69.353 68.888 68.347 68.352 67.313 64.335 64.782 67.120 66.371 66.136
0.000 0.000 0.000 0.000 0.000 0.000 0.000 0.000 0.000 0.000 0.000 43.331 78.331 67.331 54.331 9.331 3.331 27.330 81.330 89.329 54.329 0.000 0.000 0.000 0.000 23.379 2.379 0.000 0.000 0.000 0.000 0.000 0.000 0.000 0.000 0.000 0.000 7.379 0.000 0.000 0.000 11.378 29.377 0.000 0.000 40.354 55.341 58.355 56.370 42.383 36.392 35.410 49.421 40.410 32.361 46.259 60.104 47.892 35.757 50.471 55.062 67.622 70.159 69.697 69.144 69.124 67.068 65.099 65.504 67.850 67.109 66.878 66.544
0.000 0.000 0.000 0.000 0.000 0.000 0.000 0.000 0.000 0.000 0.000 14.331 76.331 59.331 40.331 2.331 23.331 73.330 84.330 91.329 50.329 0.000 0.000 0.000 0.379 61.379 45.379 0.000 0.000 0.000 0.000 0.000 0.000 0.000 0.000 0.379 24.379 36.379 38.379 0.000 0.000 20.378 45.377 24.376 38.373 61.367 64.366 65.376 62.394 49.421 36.464 33.525 50.574 41.596 45.569 63.463 57.288 0.000 34.041 52.785 65.408 70.970 70.514 69.954 69.909 67.842 65.989 66.247 68.595 67.865 67.641 67.308 66.975
0.000 0.000 0.000 0.000 0.000 0.000 0.000 0.000 0.000 0.000 0.000 0.000 0.000 27.332 65.332 61.332 49.331 62.331 82.330 93.329 46.328 0.000 0.000 0.000 0.000 23.379 47.379 49.379 0.000 0.000 0.000 0.000 0.000 0.000 0.000 0.000 40.379 41.379 53.379 36.379 25.379 39.378 40.378 36.377 43.376 50.376 48.379 41.388 60.407 26.443 42.519 45.651 35.754 47.831 60.857 57.733 0.308 8.993 45.580 62.220 70.815 71.353 70.801 70.726 67.654 67.046 67.020 69.359 68.641 68.427 68.102 67.770 67.411
0.000 0.000 0.000 0.000 0.000 0.000 0.000 0.000 0.000 0.000 0.000 0.000 0.000 17.332 84.332 79.332 69.332 59.331 83.330 91.328 86.326 71.322 26.320 0.000 0.000 0.000 3.379 57.379 41.379 39.379 50.379 45.379 8.379 0.000 0.000 4.379 40.379 39.379 60.379 66.379 55.379 47.379 39.379 36.379 37.379 38.381 37.384 35.392 43.405 4.424 0.000 4.805 40.960 64.115 62.297 1.594 7.686 45.400 59.066 68.709 72.248 71.809 72.585 68.539 68.345 67.840 70.149 69.436 69.230 68.919 68.602 68.252 67.861
0.000 0.000 0.000 0.000 0.000 0.000 0.000 0.000 0.000 0.000 0.000 0.000 0.000 0.000 17.332 56.333 31.333 67.332 86.331 91.329 89.325 87.321 76.317 35.314 0.314 0.000 0.000 13.379 52.379 52.379 65.379 63.379 56.379 51.379 0.000 0.000 7.379 44.379 63.379 70.379 62.379 46.380 35.380 36.380 36.381 36.383 36.386 36.391 40.396 0.000 0.000 0.000 11.166 48.372 17.836 15.106 50.046 54.852 66.595 73.202 73.055 71.296 69.626 70.012 68.742 70.984 70.260 70.048 69.744 69.447 69.131 68.776 68.345
0.000 0.000 0.000 0.000 0.000 0.000 0.000 0.000 0.000 0.000 0.000 0.000 0.000 0.000 0.000 2.334 88.334 88.334 90.333 90.330 89.325 83.319 77.314 48.310 0.000 0.000 0.000 0.000 0.000 20.379 65.379 59.379 74.379 71.379 50.379 29.379 30.379 39.379 61.379 70.380 61.380 44.380 34.381 39.381 38.383 36.384 36.387 36.389 37.391 29.391 0.000 0.000 0.000 0.000 9.569 52.606 55.535 63.392 74.116 74.229 72.591 74.484 72.247 69.786 71.897 71.133 70.890 70.573 70.280 69.991 69.698 69.375 67.939
0.000 0.000 0.000 0.000 0.000 0.000 23.308 46.305 0.000 24.246 64.236 53.223 57.212 32.206 0.000 0.000 24.337 96.337 90.338 87.334 84.326 87.317 78.309 41.304 0.000 0.000 0.000 0.000 0.000 0.000 0.000 9.379 63.379 64.379 15.379 0.000 6.379 43.379 61.379 66.380 56.380 47.380 45.381 7.382 14.383 42.385 36.387 36.389 37.390 43.390 51.390 13.390 0.000 0.000 25.265 58.217 62.109 72.919 75.135 74.767 78.044 76.625 71.128 72.936 72.082 71.774 71.418 71.103 70.809 70.539 70.295 70.089 75.943
0.000 0.000 0.000 0.000 0.000 0.000 23.311 66.302 8.282 58.257 60.238 72.221 55.208 40.199 0.000 0.000 12.339 81.341 93.346 90.341 90.329 91.314 85.301 39.292 0.000 0.000 0.000 0.000 0.000 0.000 0.000 0.000 0.000 48.379 7.379 0.000 2.379 49.379 46.380 58.380 15.380 0.000 0.000 0.000 0.000 8.386 46.387 40.388 3.389 33.390 67.390 50.390 3.390 0.000 30.017 63.856 72.758 75.879 75.634 79.804 79.058 72.484 74.052 73.102 72.708 72.293 71.935 71.609 71.315 71.059 70.856 70.741 75.801
21.574 65.568 55.562 0.000 0.000 0.000 17.322 77.310 53.287 55.261 61.237 85.216 86.199 81.184 35.170 0.000 0.000 0.000 41.365 95.354 90.334 91.311 88.287 47.271 0.000 0.000 0.000 0.000 0.000 0.000 0.000 0.000 0.000 6.379 0.000 0.000 0.000 0.000 0.000 0.000 0.000 0.000 0.000 0.000 0.000 0.000 0.000 21.389 18.389 0.000 0.000 0.000 0.000 19.429 56.846 73.798 75.475 76.408 80.755 80.359 73.513 75.074 74.113 73.660 73.189 72.782 72.414 72.082 71.784 71.527 71.327 71.218 74.277
21.575 77.567 59.557 55.546 0.000 0.000 4.347 69.328 71.296 71.264 83.234 80.208 92.187 91.169 52.156 0.000 0.000 0.000 17.396 97.376 90.344 91.306 88.267 48.234 0.000 0.000 8.797 56.759 68.718 37.690 0.000 0.000 0.000 0.000 0.000 0.000 0.000 0.000 0.000 0.000 0.000 0.000 0.000 0.000 0.000 0.000 0.000 0.000 6.389 0.000 0.000 0.000 17.394 57.901 74.862 75.444 81.673 81.164 74.783 75.346 75.850 75.035 74.571 74.076 73.635 73.229 72.858 72.520 72.212 71.939 71.707 78.527 19.402
85.578 82.567 61.553 62.534 54.505 1.461 59.390 54.358 62.306 75.265 79.225 90.196 91.171 90.148 59.129 0.000 0.000 0.000 16.446 96.410 90.360 91.303 86.240 66.165 50.047 50.939 50.834 58.763 79.704 46.662 0.000 0.000 0.000 0.000 0.000 0.000 0.000 0.000 0.000 0.000 0.000 0.000 0.000 0.000 0.000 0.000 0.000 0.000 0.000 0.000 15.484 46.261 55.769 74.756 76.346 83.010 82.418 75.332 77.054 76.390 75.851 75.398 74.917 74.465 74.039 73.642 73.271 72.926 72.605 72.309 79.036 24.782 0.000
82.583 77.571 75.555 58.534 62.504 62.469 53.430 46.408 0.000 0.000 21.203 80.182 91.154 89.122 74.083 41.030 0.000 3.620 65.531 86.458 91.383 90.307 91.226 81.137 57.036 53.935 52.839 61.754 79.674 62.592 48.478 49.389 53.324 64.283 28.267 0.000 0.000 0.000 0.000 0.000 0.000 0.000 0.000 0.000 0.000 0.000 0.000 0.000 0.000 0.000 26.684 66.524 74.471 77.119 83.889 83.493 76.054 77.726 76.949 76.580 76.142 75.693 75.253 74.825 74.416 74.027 73.658 73.308 72.975 78.656 25.346 0.000 0.000
71.591 23.578 91.562 62.542 56.508 57.479 59.453 59.436 48.434 0.000 0.000 1.167 25.139 96.104 86.052 63.976 55.852 62.709 61.602 63.506 71.410 72.314 59.218 56.123 54.026 53.928 52.832 61.739 76.647 55.553 52.454 57.366 73.298 76.259 61.251 35.251 0.000 0.000 0.000 0.000 0.000 0.000 0.000 0.000 0.000 0.000 0.000 0.000 0.000 17.523 59.369 74.980 77.821 84.456 84.210 76.750 78.396 77.614 77.259 76.833 76.413 75.991 75.574 75.166 74.772 74.392 74.027 73.674 79.330 24.993 0.000 0.000 0.000
17.599 90.587 91.574 77.562 0.000 4.487 64.468 60.448 71.432 62.414 0.000 1.179 4.145 84.104 81.046 65.970 56.872 53.763 53.660 56.554 69.436 77.321 80.210 73.111 63.015 55.919 54.822 70.723 73.623 48.520 52.417 52.322 53.245 57.203 36.227 0.000 0.000 0.000 6.775 0.000 0.000 0.000 0.000 0.000 0.000 0.000 0.000 20.747 52.416 60.272 73.786 85.117 84.733 77.801 78.398 78.967 78.279 77.918 77.499 77.093 76.687 76.283 75.885 75.494 75.114 74.744 75.383 82.029 25.680 0.000 0.000 0.000 0.000
95.608 91.597 91.586 91.570 78.549 61.513 61.484 61.457 52.430 1.390 18.296 25.236 77.175 74.120 77.058 69.985 70.902 70.812 70.720 73.616 68.458 68.323 70.191 74.097 75.005 72.911 68.812 79.709 77.600 65.488 66.373 66.261 68.158 43.080 0.000 0.000 0.000 0.000 7.775 0.000 0.000 0.000 0.000 0.000 0.000 7.629 55.405 55.967 76.980 77.535 86.178 85.701 80.288 80.006 79.396 78.931 78.555 78.145 77.748 77.351 76.958 76.570 76.188 75.813 75.446 76.086 79.732 12.380 0.000 0.000 0.000 0.000 0.000
94.617 90.609 90.600 91.585 88.563 66.532 60.499 61.465 62.428 54.381 3.319 69.260 66.201 67.142 68.080 63.012 66.938 71.863 79.791 64.733 0.000 0.261 15.136 73.078 68.998 68.909 68.808 68.699 68.581 68.457 68.327 68.191 66.045 60.879 33.659 0.000 9.292 53.072 59.775 71.472 41.237 0.000 0.000 0.000 1.517 56.831 67.612 79.534 80.168 86.912 86.577 80.936 80.615 79.881 79.553 79.166 78.771 78.381 77.992 77.607 77.225 76.850 76.483 76.124 76.771 79.423 27.077 0.000 0.000 0.000 0.000 0.000 0.000
80.623 80.622 80.620 91.608 91.585 81.553 57.515 60.476 61.436 61.391 67.339 76.284 60.226 57.168 55.107 62.043 76.977 75.911 60.849 40.791 0.000 0.000 0.000 1.089 57.999 52.917 52.814 52.697 52.569 53.432 56.287 57.130 56.951 55.733 56.439 54.988 54.513 63.149 69.782 67.403 74.001 71.464 65.956 63.443 65.814 77.461 80.984 80.777 87.405 87.189 81.574 81.229 80.481 80.156 79.763 79.379 78.994 78.612 78.233 77.858 77.487 77.123 76.770 77.428 78.091 16.757 0.000 0.000 0.000 0.000 0.000 0.000 0.000
0.000 46.636 58.651 86.641 90.617 71.579 54.532 53.487 61.448 61.408 60.363 54.310 55.252 61.196 78.139 77.077 60.015 52.956 42.902 0.000 62.466 71.404 67.308 68.186 71.058 73.947 72.832 73.706 76.565 75.416 72.260 74.090 68.896 54.664 58.375 57.014 61.620 79.230 85.799 82.359 75.901 70.433 71.979 78.444 83.299 81.739 88.009 87.660 81.558 83.168 81.755 81.095 80.756 80.359 79.976 79.593 79.214 78.840 78.470 78.105 77.741 78.384 76.048 71.726 23.408 0.000 0.000 0.000 0.000 0.000 0.000 0.000 0.390
0.000 0.000 51.704 70.690 81.662 56.615 48.547 55.494 53.460 60.429 61.394 61.343 54.274 71.228 63.174 52.112 55.048 46.995 0.000 71.617 74.527 74.437 76.335 77.220 80.099 83.982 82.862 82.729 82.571 84.408 85.247 83.074 70.879 56.652 58.384 58.071 57.725 60.350 33.827 6.332 95.809 137.409 114.944 80.878 82.397 88.970 88.533 82.005 84.734 82.150 81.708 81.351 80.957 80.572 80.186 79.804 79.428 79.062 78.705 78.350 79.988 74.623 63.312 18.019 0.000 0.000 0.000 0.000 0.000 0.000 0.000 0.631 47.488
3.943 0.000 6.773 27.752 62.728 44.671 0.000 50.481 55.469 55.456 61.441 50.392 0.000 55.266 53.217 55.149 56.071 65.982 79.858 76.706 78.590 84.483 94.376 138.261 135.136 135.019 134.905 134.777 135.581 119.396 51.245 54.081 51.895 59.681 58.438 55.162 52.858 34.618 0.000 0.000 4.612 62.319 79.330 83.925 89.661 89.343 81.602 83.303 82.604 82.301 81.933 81.552 81.169 80.783 80.394 80.007 79.633 79.276 79.937 78.601 70.239 58.807 16.560 0.000 0.000 0.000 0.000 0.000 0.000 0.000 3.787 38.723 59.604
77.944 25.919 14.861 77.818 55.824 0.000 0.000 0.000 49.477 62.486 54.523 0.000 7.440 63.354 54.278 65.196 78.105 78.004 82.887 85.760 78.641 64.531 55.423 51.311 49.167 52.053 52.962 39.892 0.000 56.352 53.255 52.112 55.937 59.739 56.524 48.280 54.928 35.646 0.000 1.900 57.625 74.631 84.351 90.154 89.932 82.184 83.871 83.169 82.876 82.509 82.141 81.765 81.383 80.995 80.600 80.199 79.820 80.474 76.164 64.880 21.559 0.000 0.000 0.000 0.000 0.000 0.000 0.000 0.000 0.000 6.852 56.790 55.702
87.963 95.953 83.934 0.906 12.927 7.037 2.073 1.077 0.000 0.000 58.643 56.622 64.525 61.434 61.344 61.251 78.150 92.042 80.925 60.804 58.686 53.575 55.473 46.394 0.000 58.064 54.998 43.936 0.000 57.405 52.310 53.173 60.005 57.813 55.637 37.508 0.000 2.117 54.334 52.082 68.867 84.775 90.432 83.116 83.684 84.344 83.742 83.448 83.087 82.729 82.360 81.984 81.601 81.214 80.811 81.370 80.972 70.635 55.367 18.194 0.000 0.000 0.000 0.000 0.000 0.000 0.000 5.248 32.200 31.112 45.977 57.884 45.798
77.991 81.996 71.998 0.000 0.000 72.112 65.107 59.081 3.021 10.926 76.785 73.698 60.605 61.511 61.414 62.312 83.204 135.089 127.968 74.845 129.725 50.610 54.502 54.398 56.280 54.140 54.032 53.919 55.758 51.553 51.408 60.265 59.095 55.871 50.705 39.607 0.000 0.876 56.371 63.184 85.178 84.055 90.787 84.162 84.749 84.299 84.010 83.664 83.316 82.956 82.587 82.208 81.825 81.451 83.059 78.498 60.065 46.725 48.476 14.335 0.000 0.000 0.000 0.000 0.000 0.000 0.000 5.295 41.241 46.160 60.061 53.971 43.888
74.022 69.043 13.064 0.000 3.233 55.191 64.161 61.119 79.056 72.972 77.871 85.779 76.687 61.591 61.489 61.381 60.264 54.141 49.012 53.883 50.758 54.639 54.526 54.416 54.302 54.184 54.070 53.948 52.804 57.639 59.504 60.385 44.240 0.000 43.705 0.000 0.000 0.872 60.527 82.435 86.432 91.766 91.310 84.253 84.906 84.548 84.235 83.903 83.554 83.193 82.822 82.437 82.039 80.705 42.476 0.000 0.000 0.000 0.000 0.000 0.000 0.000 0.000 37.716 32.677 31.612 30.521 34.397 43.309 59.224 53.136 44.052 53.973
66.050 57.090 62.150 7.250 60.275 56.260 55.226 73.176 66.112 82.035 90.949 70.862 56.772 54.676 57.572 60.457 61.332 61.197 54.056 52.917 53.784 53.661 54.546 54.437 54.330 59.223 56.116 53.001 53.868 56.697 60.584 49.531 0.000 0.000 0.000 0.000 16.170 136.046 79.782 86.805 84.776 92.170 84.070 86.590 88.074 84.801 84.485 84.154 83.805 83.440 84.073 80.679 68.190 58.853 16.665 0.000 0.000 0.000 0.000 0.000 0.000 0.000 39.799 39.755 39.704 40.637 40.555 41.461 55.374 55.291 39.208 42.128 44.052
41.066 42.118 36.197 60.324 56.358 55.347 66.307 70.249 81.180 88.106 54.028 52.948 53.863 55.769 54.664 51.545 59.410 60.260 61.100 59.943 53.802 52.675 51.561 52.456 58.357 117.263 85.170 65.073 47.971 0.000 62.604 70.623 0.000 0.000 0.000 0.000 60.296 71.189 88.074 86.108 92.875 92.536 85.158 85.689 86.356 85.063 84.753 84.424 84.073 84.689 83.350 36.014 0.000 0.000 0.000 0.000 0.000 0.000 0.000 0.000 0.000 0.000 46.843 42.802 39.745 40.678 38.601 50.519 57.437 41.356 42.278 50.201 48.128
0.000 0.000 0.000 53.490 56.488 58.461 79.408 90.333 104.254 86.180 15.110 72.039 71.962 55.874 55.770 54.648 52.503 55.334 61.139 58.955 59.804 61.678 59.567 57.469 53.381 48.301 53.227 48.150 0.000 0.000 0.000 56.735 48.763 0.000 0.000 2.695 70.530 87.375 87.448 85.463 93.184 84.879 87.382 88.889 85.632 85.342 85.039 84.716 84.373 81.895 36.622 0.000 0.000 0.000 0.000 0.000 0.000 0.000 0.000 0.000 0.000 46.009 15.929 3.864 47.797 37.727 48.653 60.575 48.497 43.420 48.344 52.271 45.200
0.000 0.000 0.000 51.657 57.642 73.602 84.530 132.419 126.323 128.251 134.192 130.136 131.072 55.993 55.896 54.774 54.621 53.432 48.169 57.934 59.782 60.663 58.561 60.472 60.396 61.332 54.289 0.000 0.000 0.000 0.020 57.820 42.791 0.000 0.162 61.844 83.735 87.691 86.680 93.748 93.474 85.937 86.484 87.175 85.913 85.638 85.344 86.027 60.808 0.000 0.000 0.000 0.000 0.000 0.000 0.000 0.000 0.000 58.328 47.279 37.199 41.088 41.001 41.926 41.854 44.781 57.708 54.633 49.557 50.483 48.409 46.338 42.268
17.900 0.000 0.000 52.841 69.820 77.775 83.689 54.493 53.369 52.307 49.272 50.241 50.196 56.132 56.045 71.930 71.776 47.604 0.000 44.831 57.728 59.633 57.540 59.463 59.398 60.344 56.307 0.243 1.145 2.098 56.044 40.932 0.000 0.000 63.244 72.092 88.969 87.882 87.065 94.003 85.609 88.139 90.676 86.453 86.205 85.954 84.671 72.241 31.024 0.000 0.000 0.000 0.000 0.000 44.581 39.560 39.519 39.460 43.378 55.308 58.231 44.144 39.061 40.984 42.910 57.837 56.764 42.690 51.617 52.544 51.472 44.402 40.334
