results1/res_4e8f-0228.wd
ncols         241
nrows         181
xllcorner     12693529.787448
yllcorner     3542525.717860
cellsize      155.156523
NODATA_value  -9999.000000
[rows 33 to 65 of 181, columns 146 to 218 of 241]
65.020 64.235 63.959 64.595 31.254 42.922 64.607 58.292 36.867 0.000 0.000 36.959 12.959 17.960 33.961 58.965 45.964 11.962 0.000 0.890 50.877 58.863 16.840 43.814 35.793 36.770 40.734 49.697 67.658 58.629 53.601 48.579 49.559 49.542 48.526 47.510 46.493 54.474 64.456 56.440 56.425 54.410 33.396 47.383 55.375 0.000 25.955 30.928 54.858 52.801 57.747 67.696 60.655 55.634 10.624 0.000 38.577 38.567 45.563 23.567 0.000 0.000 0.000 0.000 0.000 0.000 0.000 0.000 0.000 0.000 0.000 0.000 0.000
64.973 64.718 64.370 65.040 42.717 60.413 63.145 56.952 0.000 0.000 14.959 38.959 0.000 0.000 0.000 42.974 42.970 50.959 13.940 63.914 51.889 38.867 47.843 38.817 36.792 36.765 35.734 37.701 65.668 63.638 63.611 65.587 58.567 60.548 59.530 59.513 59.495 60.478 64.461 62.446 63.432 58.419 35.407 34.398 7.393 0.000 22.899 36.882 44.847 39.797 45.744 58.687 58.653 56.634 14.624 0.000 0.000 43.551 15.548 0.000 0.000 0.000 0.000 0.000 2.431 45.424 44.418 46.411 36.407 39.403 6.401 0.000 0.000
65.454 65.117 64.794 64.473 64.162 64.868 56.606 43.421 0.000 0.000 0.000 6.959 0.000 0.000 0.000 39.989 36.981 49.966 54.946 46.922 55.897 53.872 34.847 35.820 36.793 36.765 48.735 52.704 56.674 49.645 46.618 56.594 30.572 37.552 32.533 32.515 32.498 35.481 61.465 50.451 48.438 50.426 35.416 37.409 17.405 0.000 32.860 89.854 14.851 0.000 0.000 7.655 59.638 58.623 17.613 0.000 0.000 40.537 37.529 39.509 37.494 45.480 51.467 43.453 65.437 72.425 70.417 55.410 35.405 34.402 38.399 8.397 0.000
65.853 65.531 65.210 64.895 65.590 60.291 41.989 32.705 41.705 0.000 0.000 0.000 0.000 0.000 0.000 37.012 35.998 38.979 34.956 45.931 48.905 51.879 40.851 35.824 35.796 35.767 60.737 66.708 48.678 42.649 42.622 43.597 40.575 40.554 40.535 41.517 44.500 41.483 62.468 54.454 52.442 52.431 34.423 48.417 74.414 0.000 24.827 77.824 0.000 0.000 0.000 9.638 59.622 57.608 35.592 40.566 38.547 36.533 36.520 36.506 35.492 42.480 49.468 36.455 54.438 72.423 68.414 48.408 33.403 33.399 38.396 6.395 0.000
66.269 65.940 65.619 65.309 62.012 47.719 36.354 0.000 0.000 0.000 0.000 41.162 4.149 10.125 2.093 36.049 37.021 36.995 35.969 35.942 41.914 34.885 34.857 36.827 35.798 34.769 58.740 55.711 63.682 67.652 66.624 61.599 57.576 59.556 55.536 59.518 59.500 60.484 64.470 62.456 63.445 59.435 34.427 46.422 68.419 0.000 19.797 80.791 0.000 0.000 0.000 0.000 56.604 59.595 38.580 36.560 36.542 36.527 36.514 36.501 35.489 42.478 51.469 7.462 0.000 30.413 73.409 49.404 33.399 33.395 37.392 4.391 0.000
66.682 66.343 66.017 65.711 55.431 37.217 0.000 0.000 0.000 0.000 39.192 42.176 55.158 55.134 43.105 36.071 36.040 37.011 36.982 35.953 34.923 35.893 35.862 35.831 34.801 43.771 62.742 41.714 55.687 32.654 65.622 55.598 54.576 54.556 51.536 56.517 57.500 57.484 64.470 62.457 59.445 59.436 34.429 48.424 67.422 0.000 5.774 73.751 0.000 0.000 0.000 0.000 60.595 59.589 35.573 37.551 36.534 37.520 37.507 37.495 38.485 46.475 26.469 0.000 0.000 31.408 73.404 54.400 41.395 35.391 38.387 5.385 0.000
67.092 66.731 67.396 60.086 47.784 37.500 0.000 0.000 0.000 0.000 36.207 53.193 47.173 36.149 38.121 38.090 36.059 35.028 36.996 35.965 36.932 36.900 36.867 35.835 35.804 55.773 55.744 55.717 55.696 0.000 37.613 35.595 36.575 36.554 37.535 41.516 44.499 42.483 62.468 56.455 50.444 52.435 35.429 47.424 66.422 0.000 0.000 46.688 37.662 0.000 0.000 0.000 54.593 37.591 0.000 32.536 38.522 42.511 49.500 49.489 49.479 51.469 23.462 0.000 15.411 79.407 72.401 74.395 62.390 37.385 38.381 6.378 0.000
67.490 67.092 66.749 52.453 4.118 0.060 0.000 0.000 0.000 14.262 52.237 47.215 37.193 38.167 38.139 38.108 38.077 36.044 35.011 34.977 36.942 35.907 35.872 34.838 36.805 51.773 42.743 51.714 52.686 11.652 11.620 51.596 50.574 50.552 50.532 52.513 52.496 53.479 65.465 61.452 56.441 58.432 34.426 43.422 71.420 0.000 0.000 105.650 74.637 41.618 28.608 0.000 0.000 0.000 0.000 0.000 35.508 44.501 48.492 47.482 50.472 52.461 38.449 43.431 59.415 74.406 72.398 72.391 60.384 37.378 37.373 13.369 0.000
67.860 68.400 60.057 42.858 0.000 0.000 0.000 2.327 2.314 59.287 53.263 37.239 38.215 38.188 38.160 38.129 38.096 38.062 35.026 35.990 35.952 35.914 36.877 35.840 35.806 38.772 43.741 55.710 42.680 54.650 59.621 52.595 61.571 51.549 52.529 55.509 54.491 53.475 63.460 59.447 47.436 46.427 35.421 42.417 71.417 0.000 0.000 96.625 86.618 63.607 32.599 0.000 0.000 8.529 3.525 0.000 6.501 55.494 47.486 41.476 38.465 53.454 40.441 42.427 50.414 71.404 73.395 71.386 57.379 37.371 34.363 38.355 32.344
76.149 73.589 46.220 36.065 0.000 0.000 4.352 37.341 51.328 52.309 46.287 41.264 38.240 38.212 38.182 38.150 37.116 40.080 45.043 41.003 35.962 36.921 35.880 35.841 35.804 35.770 42.737 43.706 41.675 48.646 47.618 42.592 54.568 34.545 42.524 49.504 48.485 42.468 61.453 54.439 34.428 33.419 36.412 38.410 42.413 0.000 0.000 74.608 54.603 91.594 77.582 13.563 14.547 65.532 39.522 37.510 37.499 39.490 50.480 44.470 12.459 65.448 53.435 49.423 47.411 58.400 74.390 66.381 49.372 38.364 34.355 41.345 65.332
0.000 0.000 25.168 43.116 0.000 0.000 39.362 49.357 63.347 47.333 46.314 46.292 39.267 38.238 38.207 38.174 45.138 53.101 54.061 46.019 40.973 35.927 34.882 35.839 39.801 36.765 35.732 34.700 40.670 41.641 40.613 41.587 43.562 36.539 42.517 47.497 49.478 45.460 61.444 55.430 37.418 36.408 36.400 32.396 0.000 0.000 0.000 30.595 49.591 49.584 83.573 98.559 91.545 59.532 45.520 46.508 46.497 49.486 71.476 89.465 98.454 97.442 99.430 98.418 92.407 86.396 78.385 61.375 44.366 35.357 36.347 49.337 68.325
19.319 0.000 0.000 0.000 0.000 10.378 42.378 62.378 54.372 57.360 54.344 44.322 37.297 38.267 38.235 49.200 54.163 50.124 45.083 42.037 44.984 39.932 39.882 35.834 40.794 34.758 35.725 36.693 35.663 35.634 35.607 35.580 34.555 35.532 35.510 39.489 45.469 44.451 62.434 56.419 35.406 36.395 36.385 35.377 10.366 0.000 0.000 34.587 60.583 49.577 51.568 66.556 77.543 87.530 89.517 95.505 98.494 98.483 97.471 93.460 84.448 82.437 84.425 87.413 89.402 90.390 88.380 92.370 84.360 51.350 38.340 57.330 74.319
58.769 17.640 0.000 0.000 7.349 43.378 59.395 52.403 44.402 52.394 56.378 57.357 47.330 36.299 46.265 55.227 45.188 37.149 37.108 39.063 6.994 7.935 6.879 32.821 36.782 38.748 38.716 35.685 35.655 36.627 35.599 35.573 35.547 36.523 35.501 35.479 35.459 38.440 55.422 54.406 36.392 36.380 36.369 37.361 38.355 0.000 0.000 33.581 51.579 52.573 64.564 51.553 31.541 35.528 71.515 95.503 79.491 74.479 77.467 70.455 56.443 45.431 36.420 34.408 35.396 45.385 43.374 38.363 77.353 92.343 70.333 68.323 72.313
0.000 33.511 11.934 6.172 42.319 52.388 59.423 43.438 46.441 44.433 42.418 50.396 55.368 50.335 54.297 43.257 37.215 38.175 38.139 46.113 0.000 0.000 0.000 29.788 38.766 49.737 50.707 45.676 41.647 43.618 39.590 38.563 36.538 35.514 35.490 36.468 35.447 35.427 38.409 47.391 35.376 35.363 36.352 35.343 4.338 0.000 0.000 14.579 12.577 66.571 50.563 35.553 49.539 51.525 97.512 78.499 61.487 43.475 34.463 35.451 36.439 37.426 37.414 37.402 36.390 34.379 33.368 34.357 42.346 79.336 87.326 72.316 71.307
0.000 20.960 44.118 46.263 45.369 60.433 45.469 39.485 41.489 40.481 37.466 36.442 51.412 58.375 61.333 49.287 39.240 36.196 44.160 10.136 0.000 0.000 0.000 32.778 42.756 49.728 50.697 50.667 52.637 60.608 58.580 54.553 52.528 48.503 42.479 37.456 35.434 36.413 35.393 40.375 33.358 34.343 35.331 37.322 58.317 0.000 0.000 0.000 28.577 70.573 30.565 39.555 30.538 69.521 87.508 47.496 35.484 37.471 37.459 37.446 37.434 37.421 34.409 34.396 33.384 34.372 34.361 34.350 50.340 65.329 38.319 98.308 70.299
0.000 21.250 44.315 37.394 56.460 56.506 51.534 42.546 36.547 37.538 38.520 49.495 52.461 44.421 47.373 56.319 57.262 47.209 4.169 0.000 5.918 4.882 37.836 43.789 47.753 46.720 47.688 47.656 45.626 52.597 53.569 53.542 54.516 51.491 50.467 51.443 42.420 37.398 38.377 35.357 36.338 35.321 34.307 36.296 51.290 0.000 0.000 0.000 28.583 72.577 34.570 10.563 0.000 15.512 54.504 36.493 37.481 35.467 35.455 35.442 34.429 33.416 34.403 34.390 33.378 34.365 33.354 32.343 35.332 31.323 27.314 91.298 100.287
0.000 18.474 38.500 48.537 58.572 49.598 49.614 51.619 49.615 40.603 46.583 55.555 44.519 37.474 36.418 42.353 52.281 59.209 23.137 15.046 40.955 40.892 35.837 44.788 49.748 50.712 46.678 46.645 38.614 35.584 35.557 35.530 34.504 32.479 39.454 53.430 52.406 51.382 46.360 37.338 35.317 36.297 35.280 35.265 36.257 0.000 0.000 0.000 43.594 10.583 14.577 0.000 0.000 0.000 33.502 13.491 16.478 33.463 32.451 32.438 33.424 35.411 35.397 35.384 34.371 34.358 32.346 32.334 33.324 21.316 0.000 11.285 94.272
0.000 17.673 41.673 60.681 51.693 48.701 48.705 49.701 48.692 50.676 55.653 44.623 38.585 38.536 38.474 37.395 38.300 44.208 61.126 59.045 37.964 36.893 35.831 36.780 48.738 46.701 57.666 45.631 38.599 36.571 37.544 36.517 41.491 49.466 45.441 39.415 45.391 55.366 52.341 51.317 42.293 35.271 35.249 36.229 34.215 0.000 0.000 43.623 31.617 0.000 0.000 45.525 40.524 39.519 31.510 0.000 0.000 38.457 35.447 35.434 35.420 35.405 35.391 35.377 35.363 35.350 35.337 34.325 35.313 37.302 27.288 0.000 36.254
5.962 30.872 55.837 51.823 40.816 45.810 50.801 45.790 51.775 57.755 49.731 37.700 36.662 38.613 38.547 42.452 43.316 37.196 48.115 44.042 40.964 37.885 34.816 41.763 45.722 47.689 38.656 65.613 53.583 43.556 35.529 41.504 60.478 70.453 63.427 40.401 42.375 45.349 49.323 54.296 52.270 48.243 37.216 34.189 41.158 47.115 0.000 18.629 39.634 0.000 0.000 15.527 35.528 35.522 35.510 40.495 39.479 35.461 34.446 35.431 35.416 35.400 35.385 35.370 35.356 35.342 35.329 35.315 34.302 34.289 35.274 38.256 34.245
18.052 52.014 57.982 42.958 37.938 39.920 41.902 52.882 56.862 67.840 66.815 59.785 48.749 37.706 40.648 7.550 0.000 36.146 42.096 39.046 1.963 35.867 39.783 56.735 55.699 58.675 0.000 30.582 70.563 64.540 50.515 56.490 74.465 74.439 72.413 41.387 47.360 47.333 49.304 37.276 46.246 52.215 51.184 50.151 63.114 72.072 5.028 0.000 29.657 54.680 0.000 0.000 58.540 39.529 39.514 39.497 39.480 40.462 34.445 33.429 37.412 34.394 34.378 34.362 34.348 35.333 34.319 33.306 33.292 33.278 33.264 33.249 32.236
17.180 63.152 49.119 38.087 38.058 38.031 51.003 48.975 65.951 80.928 77.903 74.875 69.845 60.815 51.789 0.000 0.000 0.000 30.078 41.064 0.000 0.000 32.716 50.693 49.666 64.637 36.596 37.571 70.548 75.525 71.501 70.477 73.452 73.427 74.401 53.374 45.346 47.317 47.287 37.255 46.223 40.189 59.154 30.116 69.076 91.032 61.984 31.933 0.000 32.703 0.000 34.591 94.563 47.541 49.520 49.500 45.481 46.462 38.444 33.428 15.409 34.386 34.370 37.354 40.339 50.325 40.310 35.296 36.282 36.267 36.253 36.239 36.226
49.335 53.296 47.254 45.214 40.177 52.142 46.104 59.063 37.040 7.018 57.993 76.967 75.941 76.919 59.904 0.000 0.000 0.000 24.073 47.069 0.000 0.000 29.670 44.656 39.635 66.610 77.581 77.556 73.533 73.510 73.487 74.464 73.440 73.415 73.388 67.361 42.332 44.302 42.270 37.237 48.201 49.164 52.125 9.085 54.041 89.994 59.943 77.882 38.799 24.726 36.674 92.618 80.580 52.551 46.525 48.502 42.481 36.461 34.443 32.429 0.000 40.373 48.361 56.346 63.331 72.316 61.301 41.286 35.271 36.257 36.243 36.229 36.216
60.517 49.444 49.387 45.338 52.295 49.255 52.209 76.134 63.129 46.110 67.085 76.059 75.034 74.015 54.004 0.000 0.000 0.000 0.000 2.069 0.000 0.000 35.639 44.626 55.608 71.586 73.562 73.540 73.518 73.496 73.474 73.452 73.428 73.404 73.378 73.350 59.321 49.289 42.255 35.219 39.181 39.141 44.099 63.056 49.010 83.962 69.910 76.853 83.789 69.729 74.677 83.629 59.590 60.557 46.528 45.503 37.479 34.457 35.437 37.416 51.391 57.371 75.354 74.338 73.322 72.306 72.291 62.276 40.261 35.246 36.232 36.218 36.205
51.653 39.574 41.511 53.457 50.411 50.372 20.344 0.000 55.231 81.207 76.178 75.149 77.123 59.102 45.094 29.120 0.000 0.000 0.000 0.000 0.000 0.000 41.621 58.603 70.583 73.563 73.543 73.523 73.503 73.483 73.462 73.440 73.418 73.394 73.368 73.341 74.311 68.278 60.243 52.205 50.163 53.120 44.075 61.029 39.982 81.934 14.883 35.831 70.776 42.723 33.675 89.631 53.592 57.558 55.528 36.501 34.476 35.453 35.431 43.409 64.386 75.366 72.348 72.330 72.313 69.297 68.281 66.265 65.250 39.235 35.220 35.206 35.193
41.766 38.690 51.625 51.569 46.520 66.480 20.450 29.436 69.357 76.310 75.272 75.237 75.205 51.176 51.151 62.146 0.000 0.000 0.000 0.000 0.000 0.000 0.000 8.581 67.559 79.541 74.524 73.506 73.488 73.470 73.450 73.430 73.409 73.386 73.361 73.334 73.304 74.271 75.234 72.192 72.148 75.100 55.051 61.003 34.955 75.907 11.859 13.810 66.761 36.713 46.669 80.628 61.590 53.556 57.526 34.498 35.472 34.447 36.424 46.402 67.380 68.359 73.340 72.321 67.304 64.287 68.270 73.254 72.239 61.223 42.209 41.194 40.181
37.868 51.795 52.729 40.672 51.622 72.577 65.539 71.502 77.450 75.404 75.362 75.323 72.285 56.245 6.187 2.167 0.000 0.000 0.000 0.000 0.000 0.000 0.000 0.000 12.530 24.518 65.504 74.489 73.474 73.457 73.440 73.421 73.401 73.380 73.356 75.330 74.300 74.267 73.228 75.184 74.135 74.081 64.027 61.976 38.928 50.881 80.835 59.790 67.745 36.701 64.659 58.620 61.584 49.551 43.520 35.492 35.465 35.440 43.417 48.394 49.372 54.351 62.331 60.312 61.294 72.276 72.259 72.243 72.227 73.211 67.196 63.182 61.168
52.962 52.891 41.827 37.769 52.716 71.669 77.626 76.583 75.538 75.493 75.450 76.408 67.366 60.332 0.000 0.000 0.000 0.000 0.000 0.000 0.000 0.000 0.000 0.000 21.514 41.498 68.486 74.473 73.460 73.446 73.430 73.414 73.395 73.376 75.353 75.329 75.301 67.267 72.228 75.182 78.125 76.064 70.000 65.946 53.899 37.854 85.811 68.768 70.727 35.686 81.647 45.610 26.576 43.543 34.513 35.484 34.458 43.432 49.408 48.385 48.363 47.342 40.321 36.302 66.283 72.265 72.248 72.231 72.215 72.199 73.184 73.169 73.155
50.051 40.981 38.918 36.859 53.806 73.757 75.712 75.668 75.624 75.581 75.538 77.492 56.438 54.385 0.000 0.000 0.000 0.000 0.000 0.000 0.000 0.000 0.000 0.000 0.000 55.473 74.467 73.458 73.448 73.436 73.422 73.408 75.391 74.373 74.354 74.332 68.306 46.274 62.235 72.189 23.121 14.049 47.963 54.910 63.867 50.826 71.786 89.747 74.708 41.670 83.633 7.598 19.565 32.533 35.503 35.475 37.448 47.423 45.399 46.375 48.353 51.331 45.311 46.291 62.272 72.253 72.236 72.219 72.202 72.186 72.171 72.156 72.141
41.133 39.066 44.003 48.945 63.892 75.842 75.796 75.752 75.710 75.670 75.629 76.583 63.510 0.000 0.000 0.000 0.000 0.000 3.420 40.420 1.420 19.420 0.000 0.000 0.000 30.454 65.451 72.445 73.437 73.427 73.416 73.403 75.389 73.373 73.356 73.338 57.317 53.290 15.248 17.218 0.000 0.000 32.891 39.865 61.832 47.797 52.761 95.724 78.688 57.652 67.617 17.584 62.552 39.521 35.492 35.464 37.438 46.413 57.388 57.365 59.342 65.320 60.299 71.279 72.260 72.241 72.223 72.206 72.189 72.173 72.157 72.142 72.127
42.211 39.145 46.084 65.026 75.973 75.924 75.878 75.835 75.795 75.758 75.725 81.700 0.000 0.000 0.000 0.000 0.000 0.000 40.420 52.420 39.420 54.420 50.420 0.000 20.433 52.439 59.438 70.434 73.428 73.420 73.410 74.399 73.388 73.375 73.361 69.347 58.333 63.321 0.000 0.000 0.000 16.839 49.846 41.828 59.800 35.769 37.736 85.702 84.668 76.633 62.600 62.568 51.538 46.508 35.480 35.453 35.426 45.401 67.377 74.353 73.331 73.309 65.287 72.267 72.247 72.228 72.210 72.192 72.175 72.159 72.143 72.127 72.113
40.285 38.221 53.160 73.103 77.051 76.002 75.957 75.915 75.877 75.842 75.813 82.793 0.000 0.000 0.000 0.000 0.000 0.000 29.419 49.419 49.420 48.420 51.421 35.423 43.427 51.429 51.429 68.426 74.421 73.414 73.406 73.397 73.387 73.377 74.366 66.356 62.346 56.341 0.000 0.000 0.000 9.832 13.826 41.799 60.771 37.743 33.712 72.680 89.647 86.614 67.582 46.551 45.522 46.494 37.466 34.440 35.414 38.389 49.365 69.341 72.318 72.296 64.275 72.254 72.234 72.215 72.196 72.178 72.161 72.144 72.128 72.113 72.098
39.356 41.292 61.232 77.176 76.125 76.077 76.032 75.992 75.954 75.921 77.891 75.866 0.000 0.000 0.000 0.000 0.000 0.000 15.419 54.419 60.419 65.419 56.420 55.421 49.422 45.423 56.422 70.420 73.415 73.410 76.403 74.396 73.388 73.379 73.371 68.363 60.357 55.354 30.358 0.000 0.000 0.000 0.000 3.771 52.743 38.718 34.691 67.659 98.626 79.593 58.563 49.533 51.506 49.478 44.452 33.426 35.401 34.376 38.352 57.328 72.305 72.283 64.261 72.240 72.220 72.200 72.181 72.163 72.146 72.129 72.113 72.097 72.082
39.423 49.360 69.301 77.246 76.194 76.147 76.104 76.065 76.029 76.996 74.964 62.915 46.915 0.000 0.000 0.000 0.000 0.000 17.419 55.419 64.419 64.418 68.418 70.418 53.419 52.418 67.417 73.415 73.411 73.407 74.401 73.395 73.388 73.381 73.375 71.369 59.364 60.362 54.362 0.362 0.000 0.000 0.000 0.000 38.711 38.697 32.673 77.641 65.603 71.571 41.542 61.514 55.488 48.462 48.437 39.412 34.387 35.362 34.338 46.315 69.291 71.269 65.247 72.226 73.205 72.185 72.166 72.148 72.130 72.113 72.097 72.081 72.066
