results1/res_4e8f-0116.wd
ncols         241
nrows         181
xllcorner     12693529.787448
yllcorner     3542525.717860
cellsize      155.156523
NODATA_value  -9999.000000
[rows 132 to 164 of 181, columns 0 to 72 of 241]
94.404 99.403 103.403 103.402 105.401 105.400 99.398 90.396 76.394 65.391 64.388 65.384 64.380 63.376 68.371 82.365 93.358 98.351 98.342 95.332 87.319 78.305 69.287 63.264 68.234 70.200 69.160 70.116 68.078 63.043 77.010 99.977 66.950 0.000 0.000 0.000 6.613 58.606 70.599 67.575 69.554 75.539 93.534 79.533 63.534 62.538 62.543 74.550 95.558 36.566 9.576 4.595 0.000 0.000 0.000 0.000 0.000 0.000 0.000 0.000 0.000 0.000 0.000 0.000 26.273 6.195 10.117 51.017 73.872 77.771 77.662 87.747 115.212
72.408 74.408 77.407 83.407 93.405 99.404 104.402 104.400 97.398 83.395 72.392 66.388 70.384 77.380 90.374 105.368 104.362 101.354 101.345 104.334 104.322 100.307 88.290 76.269 68.243 63.214 64.183 63.149 64.118 72.090 94.064 102.043 14.030 0.000 0.000 0.000 16.621 44.628 62.659 71.652 72.635 69.615 70.612 80.610 75.608 68.605 72.603 80.602 93.601 34.601 20.603 26.614 6.627 0.000 0.000 0.000 0.000 0.000 0.000 0.000 0.000 0.000 0.000 0.000 8.351 0.000 58.141 80.061 75.940 84.912 75.974 115.336 104.094
64.413 64.413 64.412 66.411 71.410 75.409 82.407 91.405 99.403 102.400 96.397 94.393 96.389 99.384 98.379 91.373 82.366 80.358 80.349 85.339 91.327 98.313 101.297 100.278 89.256 79.232 74.206 72.180 81.156 97.134 98.115 84.102 17.096 0.000 0.000 0.000 0.000 0.000 45.754 72.741 51.719 39.674 54.688 69.687 84.681 88.673 90.663 91.652 87.643 14.636 1.624 29.632 26.639 14.647 20.651 14.652 0.000 0.000 0.000 0.000 0.000 0.000 42.574 12.522 78.429 100.362 133.215 89.187 84.238 65.194 101.258 105.773 105.679
65.418 65.418 65.417 65.416 64.415 63.414 65.412 70.410 76.408 86.405 96.402 98.398 91.394 81.389 75.384 67.378 63.371 63.364 63.355 65.345 70.334 76.321 83.306 95.290 100.271 102.251 101.231 97.210 100.191 93.174 75.161 67.153 46.156 4.179 0.000 0.000 0.000 0.000 38.862 71.841 14.824 0.000 47.779 72.770 91.758 99.742 85.723 88.701 74.684 32.673 0.000 56.650 25.652 17.652 28.653 28.654 0.110 0.000 0.000 0.000 0.000 29.680 48.625 121.565 150.486 133.366 116.919 115.863 107.533 106.172 106.047 105.915 71.138
65.423 65.423 65.423 65.422 65.421 65.419 65.418 64.416 64.413 67.411 73.407 72.403 68.399 64.395 64.389 64.384 65.377 65.370 65.362 65.353 64.343 63.331 65.318 71.304 78.288 87.271 95.255 91.238 80.223 68.210 64.201 69.195 77.196 53.202 31.206 31.191 17.156 18.095 53.992 74.935 24.913 6.922 66.879 98.857 100.837 79.814 82.785 81.746 69.718 58.700 9.683 37.666 11.665 0.179 12.657 0.082 2.189 0.178 0.000 0.000 0.000 10.737 73.682 79.600 75.586 76.744 74.717 106.506 106.401 106.290 73.487 76.265 78.136
65.429 65.429 65.428 65.427 65.426 65.425 65.424 65.422 65.419 65.417 64.413 64.410 64.405 65.401 65.396 65.390 65.384 65.378 65.370 65.362 65.353 65.342 65.331 64.319 63.305 64.292 68.278 66.265 65.253 69.243 72.236 71.231 69.229 71.229 71.224 68.210 68.182 72.138 47.075 32.994 21.972 39.974 84.959 98.941 78.920 71.894 70.856 50.781 46.742 9.726 0.000 0.000 0.354 2.431 0.000 0.000 6.191 21.167 36.120 6.054 19.970 82.820 89.806 87.876 85.861 86.941 106.701 106.606 87.735 94.526 87.380 93.152 84.993
65.435 65.435 65.434 65.434 65.433 65.431 65.430 65.428 65.426 65.423 65.420 65.416 65.412 65.407 65.402 65.397 65.392 65.386 65.380 64.372 71.364 73.355 65.345 64.334 63.323 64.312 66.301 69.291 72.282 71.274 66.268 67.264 74.262 77.259 73.253 67.242 64.224 73.200 4.176 0.000 7.007 80.042 89.042 76.029 68.008 87.984 33.964 0.000 0.000 0.365 1.448 1.451 1.447 2.444 0.000 0.000 31.219 73.189 102.142 63.077 95.959 104.115 101.076 100.166 106.970 106.884 106.795 99.820 101.698 101.396 100.257 99.189 17.105
65.441 65.441 65.440 65.440 65.439 65.438 65.436 65.435 65.433 65.430 68.427 68.423 66.419 70.413 68.409 65.405 65.401 65.396 64.390 62.383 73.376 81.368 67.360 64.351 66.342 69.333 71.324 70.316 67.309 69.303 74.299 76.296 77.294 77.292 72.288 66.282 75.273 94.262 13.254 0.000 0.000 54.145 77.139 74.123 78.099 98.071 32.052 0.000 1.445 1.445 1.452 1.459 1.453 3.455 0.000 29.329 81.278 97.226 100.156 105.154 102.318 99.308 107.204 107.130 107.052 99.132 99.917 100.791 100.471 100.443 93.375 70.283 0.000
65.448 65.447 65.447 65.446 65.446 65.445 65.443 65.442 65.440 66.438 73.435 73.432 50.427 18.419 39.415 69.413 63.410 66.406 72.401 75.395 75.389 71.382 67.375 68.367 71.360 70.353 69.346 71.340 75.335 75.331 77.329 76.327 67.327 62.326 64.326 77.324 96.323 106.322 28.323 0.000 0.000 29.255 85.244 87.226 94.195 93.148 29.121 0.000 1.445 0.000 0.478 1.478 0.000 7.467 33.441 77.388 99.307 102.322 101.411 101.413 100.506 107.345 107.276 99.338 100.138 101.001 100.788 100.643 100.600 92.534 84.492 0.000 0.000
65.454 65.454 65.454 65.453 65.452 65.452 65.451 65.450 65.448 67.446 76.444 87.441 63.438 0.433 6.419 54.421 80.420 72.417 70.412 70.407 68.402 67.396 69.390 71.384 69.378 65.372 67.367 79.363 81.360 71.358 65.357 62.358 62.359 67.361 81.364 97.367 94.371 78.379 50.394 18.428 12.425 56.376 85.357 67.341 58.306 50.206 15.164 0.000 0.000 20.505 11.503 1.496 0.000 26.505 77.476 99.391 101.586 100.578 100.687 107.541 107.478 107.413 99.400 101.284 100.997 100.871 100.817 100.744 94.669 81.606 71.569 0.000 0.000
65.461 65.461 65.460 65.460 65.460 65.459 65.458 65.457 65.456 67.455 77.453 64.451 20.447 2.453 0.000 22.435 76.432 68.429 70.425 69.420 67.415 70.410 71.405 68.400 65.395 61.391 71.387 85.385 72.383 62.383 63.385 68.387 78.391 89.395 100.401 93.408 71.417 66.429 85.446 92.465 93.472 97.466 72.468 33.475 5.483 0.000 0.000 0.003 0.000 33.507 20.509 0.594 31.615 77.550 99.568 101.757 100.774 107.714 107.659 107.602 99.668 100.467 101.356 101.055 101.040 100.980 100.906 101.815 89.735 60.650 49.610 7.610 1.610
64.468 64.468 65.467 65.467 65.467 65.467 65.466 65.466 65.465 68.464 78.463 49.462 0.000 8.461 46.459 48.450 65.445 67.441 55.437 37.433 75.429 70.425 66.421 65.417 63.413 65.409 81.407 84.405 66.405 69.407 81.411 90.415 99.421 97.429 85.437 71.448 64.460 80.476 84.494 72.514 53.532 51.549 39.573 19.609 8.668 2.790 0.963 21.023 16.028 0.000 0.000 25.694 77.717 100.819 101.838 99.949 107.818 107.767 99.832 100.644 101.521 101.328 101.206 101.183 101.130 101.079 104.009 67.877 47.806 0.000 0.000 0.000 0.000
73.476 71.475 68.474 66.474 63.474 63.474 63.474 63.474 62.473 67.473 79.472 62.473 43.475 51.470 69.467 65.462 62.457 68.454 63.450 50.447 70.443 64.440 63.436 63.433 65.429 79.427 87.425 53.424 45.426 95.430 100.436 95.443 84.451 74.461 66.472 62.485 73.500 85.519 53.541 28.565 11.593 2.625 19.666 18.719 8.790 9.885 12.988 41.036 25.032 0.000 0.000 57.952 99.981 99.102 107.962 107.916 107.868 99.870 101.763 101.488 101.380 101.350 103.306 98.256 100.225 101.198 112.176 0.000 0.000 0.000 0.000 0.000 0.000
74.484 76.483 82.481 83.480 83.481 80.482 81.482 80.482 79.482 79.482 81.481 64.481 68.481 67.479 64.476 67.472 67.469 66.466 71.463 73.460 67.457 61.455 63.452 65.449 79.446 84.443 73.441 67.441 76.444 99.450 82.459 73.469 65.479 63.491 65.504 64.519 78.538 87.559 51.584 27.614 15.649 17.693 20.746 12.811 13.887 19.972 22.053 15.102 0.000 0.000 36.185 78.197 108.089 108.049 108.007 100.105 100.910 101.808 101.517 101.513 102.471 102.425 75.381 53.318 88.317 102.311 107.320 47.378 0.000 0.000 0.000 0.000 0.000
67.493 61.491 14.486 16.485 25.489 72.491 69.491 69.491 69.491 73.491 82.490 63.490 64.489 63.488 66.486 70.483 71.481 69.478 68.476 71.474 72.472 69.469 63.467 80.465 86.462 77.459 83.456 100.456 97.459 79.468 67.482 63.494 65.507 65.520 64.534 69.552 85.572 87.595 79.623 82.657 53.698 15.750 7.815 6.892 18.976 26.064 16.149 13.219 5.246 31.375 79.367 108.163 108.127 100.248 101.057 101.943 101.756 101.642 101.626 102.579 100.538 94.498 19.476 0.000 70.413 105.409 102.416 101.435 0.000 0.000 0.000 0.000 0.000
65.504 57.504 0.000 0.000 7.500 68.500 64.500 64.500 64.500 68.500 82.500 60.499 64.498 68.497 70.496 71.494 68.492 65.491 63.489 65.487 75.486 88.484 83.483 84.481 61.478 55.474 107.468 93.466 60.469 20.481 40.506 68.520 65.533 65.547 67.562 60.581 44.602 34.627 46.657 86.692 62.736 15.795 10.871 5.965 15.060 20.159 14.262 19.350 19.438 57.523 108.216 99.439 103.177 102.081 101.895 101.785 101.761 101.725 102.683 102.646 67.607 43.551 29.550 32.556 83.512 104.497 100.498 91.513 9.547 0.000 0.000 0.000 0.000
65.515 65.516 48.522 0.000 8.510 69.510 65.510 65.510 64.509 65.509 80.509 67.508 70.508 72.507 71.506 66.505 63.504 64.503 64.502 63.501 73.500 96.499 92.499 79.498 72.496 63.492 39.477 28.471 15.470 0.000 21.540 70.548 65.559 67.572 50.588 24.606 9.629 6.655 48.684 65.718 34.760 6.822 9.911 15.039 22.140 18.252 12.388 5.525 8.851 56.768 108.284 102.327 102.088 101.909 101.894 101.859 101.818 101.780 99.745 90.714 23.691 0.000 40.616 99.606 104.584 102.570 96.566 86.571 4.582 0.000 0.000 0.000 0.000
62.524 64.525 61.527 0.000 4.519 69.519 64.519 62.519 64.519 68.519 72.518 71.518 71.518 69.517 63.517 64.516 64.515 65.515 65.514 70.514 88.514 87.515 80.515 89.516 87.517 58.519 0.000 0.000 0.000 0.000 19.567 70.573 65.582 68.595 39.610 1.630 35.654 61.679 81.708 50.738 2.763 0.000 0.000 4.139 14.209 14.322 14.482 8.814 5.791 108.476 108.383 101.234 102.080 101.980 101.947 101.908 101.872 103.836 88.803 71.774 31.752 7.741 55.693 85.667 94.646 103.632 92.625 81.624 3.626 0.000 0.000 0.000 0.000
69.533 67.533 56.534 0.000 55.530 63.529 65.529 69.528 70.528 71.528 69.528 70.528 68.528 64.527 64.527 65.527 65.527 64.527 66.527 89.527 88.528 70.529 83.531 81.534 85.539 83.547 46.568 2.581 11.589 41.592 46.589 66.593 65.602 65.615 60.631 52.651 69.673 68.700 62.729 84.762 32.790 0.000 0.000 8.169 13.235 11.340 12.473 36.668 61.096 108.563 103.564 103.310 103.050 102.036 101.996 101.960 102.923 100.889 55.857 32.828 44.802 45.779 99.748 101.723 81.703 91.688 86.679 59.674 24.673 0.000 0.000 0.000 0.000
70.541 71.541 68.542 56.544 70.540 70.539 70.538 71.538 71.538 72.538 84.538 66.537 64.538 64.538 65.538 65.538 65.538 66.539 80.539 91.540 66.542 70.543 97.546 89.550 77.556 80.564 83.576 67.586 72.594 87.599 80.603 68.609 61.618 61.631 72.647 88.667 75.690 47.717 19.749 74.789 63.847 12.943 16.035 21.133 17.223 8.331 10.416 51.710 103.961 108.644 100.544 103.194 104.122 102.084 102.047 102.010 94.974 84.940 41.907 12.877 21.850 22.823 83.797 125.773 106.753 82.738 74.728 53.721 62.719 15.719 0.000 1.887 5.887
75.548 75.549 71.549 71.549 71.549 72.548 72.547 68.547 65.547 64.547 27.547 17.547 68.548 65.548 65.548 65.549 64.549 67.550 91.551 77.553 62.554 68.557 85.560 102.564 97.570 94.577 92.586 88.594 84.601 83.608 91.614 88.621 82.631 78.644 81.660 85.679 47.702 11.729 10.760 26.800 22.865 7.947 17.027 27.107 23.195 14.312 7.474 50.722 108.793 108.720 103.438 105.280 102.167 102.134 103.096 99.059 83.023 75.988 81.956 87.925 71.896 93.869 108.843 125.820 134.800 118.784 80.772 85.765 60.761 0.000 0.000 0.000 0.000
14.556 15.556 75.556 70.557 70.557 65.557 62.556 64.556 59.557 12.557 12.557 1.557 69.558 65.558 65.559 65.560 65.561 83.562 90.563 63.565 65.567 65.570 68.573 74.577 76.582 76.589 72.596 75.603 91.610 84.616 75.623 78.632 85.642 89.654 92.669 89.688 64.710 29.736 12.764 11.787 0.000 0.966 12.021 21.072 5.133 0.000 20.661 80.902 108.864 100.785 104.507 104.243 102.225 102.182 103.144 98.106 85.070 51.035 58.002 100.971 111.941 143.913 134.887 106.863 94.842 111.826 90.813 84.805 59.801 0.000 0.000 0.000 0.000
1.565 10.564 24.561 79.564 64.565 62.565 64.565 64.566 65.566 12.566 3.567 58.568 66.568 65.569 65.569 65.570 67.571 91.573 76.574 62.576 65.579 65.582 65.585 64.589 64.594 64.600 63.606 70.612 99.618 78.625 9.632 17.640 29.650 80.661 90.676 74.693 79.715 66.742 18.771 15.796 0.868 5.940 18.980 11.026 0.000 0.000 38.815 108.999 108.932 103.667 105.405 101.311 102.271 102.230 102.191 102.153 89.116 52.081 67.047 104.015 99.984 133.955 128.928 97.903 102.881 88.863 69.849 87.840 65.836 0.000 0.000 0.000 0.000
63.575 59.574 0.000 71.574 81.574 82.574 63.574 75.575 82.575 58.576 56.576 66.577 65.578 65.579 65.580 65.581 84.582 88.584 63.585 65.588 64.590 63.593 65.597 65.601 65.605 65.610 64.615 72.621 101.627 82.633 28.640 1.647 52.656 77.666 90.678 69.694 59.714 18.746 11.782 14.816 12.862 20.907 24.934 0.000 0.000 17.748 79.988 109.064 100.927 104.645 104.385 102.362 102.317 102.276 102.236 103.198 94.161 83.125 106.090 131.057 119.025 135.995 132.966 126.940 133.916 99.896 76.880 86.870 94.868 23.877 0.000 0.000 0.000
65.583 64.584 59.587 65.584 64.583 12.583 86.583 78.584 65.584 66.585 66.586 65.587 65.588 65.589 65.590 68.591 91.593 74.594 64.596 65.598 71.601 79.604 65.608 63.611 65.616 64.620 67.625 91.630 99.635 74.641 62.647 50.653 72.661 71.669 32.678 17.689 14.702 0.000 3.796 3.824 4.860 5.893 7.913 0.000 20.839 77.972 100.125 109.127 101.889 102.529 102.450 102.405 102.363 102.321 102.281 103.242 94.204 77.168 73.132 106.098 96.065 110.033 113.003 100.974 102.948 74.925 51.906 65.893 132.887 85.887 20.889 10.889 32.889
65.591 65.591 65.592 65.592 65.591 59.592 75.592 91.593 67.593 64.594 65.595 65.596 65.597 65.599 64.600 87.602 89.603 63.605 65.607 66.609 63.612 25.615 84.618 79.622 66.626 64.630 82.634 101.638 85.643 65.648 65.653 66.659 69.664 73.670 10.677 11.683 0.000 0.775 15.783 0.000 0.000 0.000 0.000 0.000 43.973 101.121 109.247 109.188 101.775 102.606 102.488 102.450 102.406 102.364 102.324 101.285 86.246 88.209 108.173 127.138 126.104 131.070 136.038 123.007 120.977 107.949 56.926 54.909 130.900 94.895 32.891 25.890 90.889
65.599 65.599 65.599 65.599 65.600 65.600 65.601 76.601 91.602 67.603 64.604 65.606 65.607 63.609 71.610 92.612 72.614 64.615 66.617 64.618 6.622 3.626 72.629 73.632 79.636 78.639 86.643 85.647 66.651 64.655 66.659 69.664 74.667 74.670 0.000 0.000 0.000 2.768 26.771 13.768 14.766 13.766 0.000 5.192 52.277 106.350 109.305 101.119 102.827 102.560 102.538 102.491 102.448 102.406 102.366 102.326 88.288 84.250 105.213 106.177 106.141 109.107 109.072 108.038 113.003 85.968 61.939 76.919 91.907 30.901 0.000 0.000 34.889
65.606 67.606 67.606 65.607 65.608 65.608 65.609 65.610 76.611 91.612 67.614 62.615 62.617 79.618 91.620 85.622 62.624 65.626 61.627 7.626 4.633 58.636 65.640 65.643 71.646 88.649 88.652 81.655 74.659 66.662 53.666 23.669 88.672 68.674 0.000 0.000 0.000 1.764 15.765 8.765 22.765 11.766 0.000 5.400 25.464 109.418 109.362 101.987 102.717 102.621 102.577 102.532 102.489 102.447 102.407 103.367 98.328 88.290 83.252 82.215 82.178 82.142 82.107 86.070 60.030 3.980 29.943 85.922 81.909 42.902 4.898 0.000 33.889
66.614 3.613 4.611 65.614 64.616 63.617 63.617 62.618 62.620 75.621 90.623 83.624 90.626 92.628 79.630 63.632 70.635 70.637 58.638 0.000 6.646 69.648 65.650 67.653 91.655 98.658 76.661 67.664 74.666 81.669 69.672 5.675 48.677 66.679 0.000 0.000 0.000 2.758 8.761 5.763 19.764 0.000 0.000 5.571 10.921 109.472 107.242 102.950 102.689 102.663 102.616 102.572 102.529 102.487 102.447 102.407 103.368 102.329 100.291 99.253 99.215 100.178 102.142 76.105 18.068 0.000 14.930 70.916 101.906 92.899 65.894 41.890 58.888
65.623 64.623 0.000 64.624 75.624 79.625 83.626 88.627 91.628 92.630 92.632 92.634 78.636 65.638 81.640 98.643 99.645 99.648 92.652 70.659 5.658 66.659 64.661 73.663 101.665 88.667 65.670 64.672 66.674 69.676 60.679 5.681 25.683 25.685 0.000 0.000 0.000 8.750 3.755 0.000 2.764 0.000 13.529 14.863 5.910 109.524 111.191 106.826 102.745 102.699 102.654 102.610 102.567 102.526 102.486 102.446 102.407 102.368 102.330 102.290 103.250 106.213 78.177 11.141 0.000 0.000 0.000 15.908 71.900 102.893 93.889 69.887 46.888
65.631 67.632 63.635 65.633 80.633 79.633 75.634 71.635 70.636 66.638 87.641 77.643 88.645 79.648 95.650 91.653 84.656 85.659 96.663 102.666 91.668 92.670 84.672 92.673 100.675 73.677 64.678 65.680 65.682 64.683 64.685 66.687 61.690 10.693 70.701 61.707 0.721 2.737 0.000 0.000 0.000 4.355 82.446 79.662 109.619 109.573 105.069 105.894 102.775 102.735 102.690 102.647 102.605 102.564 102.524 102.485 102.446 102.408 102.369 104.328 109.284 78.247 18.212 0.000 0.000 0.000 0.000 0.000 12.893 63.886 98.882 48.880 0.000
67.639 3.639 62.640 65.640 65.640 65.641 64.642 65.643 67.644 65.647 77.649 72.652 81.655 92.657 80.660 65.663 66.666 67.669 68.673 73.676 86.678 96.680 102.682 100.684 89.685 65.686 65.687 65.688 65.689 65.691 66.692 89.693 62.695 2.698 66.703 16.710 10.719 3.728 0.000 0.000 0.000 14.294 102.503 104.703 109.663 103.406 103.107 102.840 102.817 102.769 102.725 102.682 102.641 102.601 102.562 102.523 102.485 102.447 104.410 89.369 43.310 10.279 0.000 0.000 0.000 0.000 0.000 0.000 0.000 34.874 96.873 48.872 0.000
68.646 1.646 62.647 65.647 65.648 65.648 65.649 66.650 4.651 64.655 68.658 79.661 79.664 87.667 92.670 78.673 63.676 63.680 63.683 65.686 67.689 68.691 69.693 69.694 68.695 67.695 63.696 63.697 64.697 65.698 76.698 90.699 61.700 55.701 57.702 0.000 0.000 3.728 0.000 0.000 0.000 18.337 101.449 109.747 109.705 102.262 102.988 102.891 102.846 102.802 102.759 102.717 102.676 102.637 102.598 102.561 102.524 102.488 107.454 63.427 0.000 0.000 0.000 0.000 0.000 0.000 0.000 0.000 0.000 37.865 97.864 56.863 0.000
