results1/res_4e8f-0189.wd
ncols         241
nrows         181
xllcorner     12693529.787448
yllcorner     3542525.717860
cellsize      155.156523
NODATA_value  -9999.000000
[rows 0 to 32 of 181, columns 146 to 218 of 241]
0.000 0.000 0.000 0.000 0.000 0.000 0.000 0.000 0.000 0.000 0.000 0.000 0.000 0.000 5.763 16.614 17.376 17.084 16.761 16.427 16.099 15.792 15.519 15.286 15.096 14.948 14.838 14.763 14.715 14.688 14.676 19.672 0.000 0.000 0.000 0.000 0.000 0.000 0.000 0.000 0.000 0.000 0.000 0.000 0.000 0.000 0.000 0.000 0.000 19.734 26.734 0.000 0.000 45.860 50.860 0.000 0.000 0.000 0.000 0.000 0.000 0.000 0.000 0.000 0.000 0.000 0.000 0.000 0.000 0.000 0.000 0.000 0.000
0.000 0.000 0.000 0.000 0.000 0.000 0.000 0.000 0.000 0.000 0.000 0.000 0.000 1.310 16.911 17.705 17.430 17.114 16.772 16.421 16.077 15.759 17.478 16.242 15.053 14.909 14.805 14.735 14.693 14.673 14.669 19.668 0.000 0.000 0.000 0.000 0.000 0.000 0.000 0.000 0.000 0.000 0.000 0.000 0.000 0.000 0.000 0.000 16.734 38.734 14.734 0.000 24.860 57.860 51.860 0.000 0.000 0.000 0.000 0.000 0.000 0.000 0.000 0.000 0.000 0.000 0.000 0.000 36.854 0.000 0.000 0.000 0.000
0.000 0.000 0.000 0.000 0.000 0.000 0.000 0.000 0.000 0.000 0.000 0.000 0.000 20.542 19.196 17.865 17.526 17.169 16.793 16.407 16.031 17.688 17.393 15.152 14.967 14.831 14.737 14.679 14.649 14.643 16.658 10.663 0.000 0.000 0.000 0.000 0.000 0.000 0.000 0.000 0.000 0.000 0.000 0.000 0.000 0.000 0.000 0.000 28.734 0.000 0.000 19.860 50.860 12.860 0.000 0.000 0.000 0.000 0.000 0.000 0.000 0.000 0.000 0.000 5.856 0.000 0.000 0.000 39.854 11.854 0.000 0.000 0.000
0.000 0.000 0.000 0.000 0.000 0.000 0.000 0.000 0.000 0.000 0.000 0.000 3.070 19.957 18.466 18.033 17.638 17.245 16.824 16.382 16.953 16.569 15.252 15.008 14.830 14.709 14.634 14.595 14.583 20.589 0.000 0.000 0.000 0.000 0.000 0.000 0.000 0.000 0.000 0.000 0.000 0.000 0.000 13.735 0.000 0.000 0.000 12.734 72.734 2.734 0.000 25.860 52.860 0.000 0.000 0.000 0.000 0.000 0.000 0.000 0.000 0.000 11.856 17.856 36.856 0.000 0.000 29.854 38.854 39.854 11.854 0.000 0.000
0.000 0.000 0.000 0.000 0.000 0.000 0.000 0.000 0.000 0.000 0.000 8.170 1.348 2.987 18.677 18.162 17.751 17.348 16.874 16.347 16.828 16.383 15.040 14.797 14.637 14.542 14.496 14.484 15.497 16.543 0.000 0.000 0.000 0.000 0.000 0.000 0.000 0.000 0.000 0.000 0.000 0.000 14.735 37.735 32.735 0.000 0.000 28.735 56.734 0.000 0.000 0.000 52.860 7.860 0.000 0.000 0.000 0.000 0.000 0.000 0.000 0.000 51.856 55.856 57.856 0.000 0.000 42.854 37.854 37.854 47.854 0.000 0.000
0.000 0.000 0.000 0.000 0.000 0.000 0.000 0.000 0.000 0.000 10.888 3.491 1.861 1.288 1.416 16.186 17.854 17.522 16.979 18.303 17.629 15.094 14.728 14.502 14.379 14.327 14.323 14.347 20.378 0.000 0.000 0.000 0.000 0.000 0.000 0.000 0.000 0.000 0.000 0.000 0.000 0.000 0.000 17.735 38.735 30.735 28.735 10.735 41.735 14.735 0.000 0.000 37.860 50.860 41.861 39.861 48.861 0.000 0.000 0.000 0.000 0.000 51.856 53.856 58.856 37.855 26.855 43.855 46.854 0.000 0.000 0.000 11.850
0.000 0.000 0.000 0.000 0.000 0.000 0.000 0.000 0.000 0.000 7.286 3.991 3.624 3.128 0.440 0.631 10.958 18.907 18.218 18.256 15.291 14.638 14.275 14.104 14.050 14.065 14.122 14.203 9.290 0.000 0.000 0.000 0.000 0.000 34.744 67.744 1.744 0.000 7.744 48.744 0.000 0.000 0.000 14.735 38.735 51.735 86.735 48.735 49.735 20.735 0.000 0.000 34.860 53.861 38.861 34.861 51.861 0.000 0.000 0.000 0.000 0.000 38.856 44.856 40.856 40.855 44.855 47.855 55.854 0.000 0.000 0.000 34.850
0.000 0.000 0.000 0.000 0.000 0.000 0.000 0.000 0.000 30.532 30.978 7.555 3.169 3.409 3.061 0.796 0.370 5.928 18.731 16.213 14.640 13.891 13.629 13.591 13.650 13.760 14.899 12.051 0.000 0.000 0.000 0.000 0.000 0.000 9.744 55.744 62.744 44.744 36.744 8.744 0.000 0.000 0.000 0.000 0.000 12.735 79.735 58.735 5.735 0.000 0.000 0.000 0.000 46.861 61.861 59.861 61.861 53.860 45.860 48.859 47.859 56.858 60.857 57.856 58.856 58.855 53.855 48.855 45.854 0.000 0.000 0.000 0.000
0.000 0.000 0.000 0.000 0.000 0.000 0.000 0.000 24.643 42.085 43.540 33.049 9.635 2.052 3.066 0.839 2.793 8.100 6.563 16.225 13.165 12.656 12.761 12.981 13.200 14.427 14.663 0.000 0.000 0.000 0.000 0.000 0.000 0.000 0.000 7.744 53.744 63.744 68.744 7.744 0.000 0.000 0.000 0.000 0.000 8.735 51.735 43.735 48.735 15.735 0.000 0.000 30.862 58.861 43.861 37.861 44.861 56.860 44.860 43.859 52.859 61.858 48.857 44.857 47.856 53.855 59.855 61.854 59.854 45.853 36.852 19.851 28.851
0.000 0.000 0.000 0.000 0.000 0.000 0.000 20.769 30.201 45.626 43.046 43.468 35.891 12.321 1.199 4.748 14.282 6.461 2.248 3.036 6.138 10.809 11.776 12.371 12.741 18.084 0.000 0.000 0.000 0.000 0.000 0.000 7.745 5.745 0.000 0.000 20.745 66.745 19.745 0.000 0.000 0.000 0.000 0.000 0.000 47.736 57.736 33.735 49.735 69.735 9.735 0.000 36.862 60.862 39.862 33.861 36.861 49.861 38.860 38.860 40.859 42.858 39.858 40.857 34.856 38.856 44.855 45.854 43.854 52.853 54.852 57.851 65.851
0.000 0.000 0.000 0.000 0.000 0.000 25.893 24.337 47.766 44.173 43.551 42.886 43.138 38.194 20.699 12.415 8.100 0.000 0.048 4.364 2.161 3.346 11.165 11.986 17.310 0.000 0.000 0.000 0.000 0.000 0.000 2.745 44.745 3.745 0.000 0.000 27.745 67.745 6.745 0.000 0.000 0.000 0.000 0.000 42.738 86.737 19.736 22.735 44.735 71.735 11.735 0.000 33.862 58.862 38.862 31.862 34.861 36.861 32.860 31.860 38.859 54.859 37.858 33.857 47.856 43.856 40.855 47.854 47.853 50.853 59.852 63.851 50.851
0.000 0.000 0.000 0.000 0.000 29.937 18.449 46.920 45.353 44.748 44.099 43.388 42.582 42.618 39.421 25.117 4.419 0.344 0.068 46.231 4.526 0.080 0.104 14.097 10.203 0.000 0.000 0.000 0.000 0.000 0.000 2.745 40.745 35.746 44.746 56.745 60.745 50.745 0.000 0.000 5.741 41.741 56.740 61.740 85.739 41.738 0.000 0.000 46.734 34.734 0.000 0.000 36.863 63.863 50.862 34.862 82.862 110.861 59.861 35.860 51.860 98.859 50.858 27.857 92.857 65.856 40.855 47.854 49.853 39.853 48.852 61.851 44.850
0.000 0.000 0.000 0.000 0.000 19.425 41.045 47.542 45.978 45.367 44.707 43.986 43.183 42.273 42.260 41.170 30.347 4.958 50.831 47.888 0.363 0.150 0.053 0.058 0.000 0.000 0.000 0.000 0.000 0.000 5.745 39.745 35.746 40.746 54.746 64.746 48.745 35.745 0.744 0.000 3.742 50.741 49.741 45.740 84.739 44.739 0.000 0.000 25.734 17.734 0.000 29.864 57.864 59.863 53.863 41.863 40.862 73.862 114.861 52.861 45.860 102.859 53.859 27.858 99.857 69.856 32.855 34.854 40.853 31.853 45.852 44.851 32.850
0.000 0.000 0.000 0.000 23.946 34.294 49.765 47.224 46.650 46.036 45.377 44.665 43.888 43.049 42.091 41.352 40.212 52.562 52.235 1.002 0.498 9.608 0.000 0.000 0.000 0.000 0.000 0.000 0.745 55.745 58.745 40.746 39.746 54.746 64.746 50.746 33.746 35.745 35.744 33.743 31.742 43.742 46.741 56.740 96.740 30.739 0.000 0.000 62.733 12.733 0.000 26.864 56.864 56.864 43.864 35.864 31.863 41.863 38.862 78.861 109.861 126.860 107.859 96.858 122.857 116.856 107.855 53.854 33.853 50.853 45.852 34.851 29.850
0.000 0.000 0.000 25.132 34.598 52.039 48.495 47.941 47.361 46.749 46.100 45.406 44.675 43.835 43.290 40.923 52.598 52.594 36.797 19.099 6.259 0.000 0.000 0.000 0.000 0.000 0.000 0.000 41.745 8.745 0.000 19.746 57.746 61.746 53.746 38.747 4.747 0.000 2.744 37.744 33.743 43.742 42.741 65.740 62.740 0.000 0.000 4.733 65.733 11.733 0.000 24.865 54.865 66.865 45.865 51.864 74.864 51.864 33.863 57.862 80.861 114.860 80.859 60.858 108.857 98.856 73.855 42.854 28.854 99.853 67.852 39.851 29.850
0.000 0.000 0.000 30.667 50.274 49.771 49.237 48.682 48.105 47.501 47.864 47.205 45.447 45.024 42.450 52.662 52.609 40.371 41.992 39.612 23.573 4.571 0.000 0.000 0.000 0.000 0.000 43.745 12.745 0.000 0.000 0.000 25.746 57.746 35.747 33.747 39.748 2.748 0.000 38.744 36.744 42.743 43.741 65.740 61.739 0.000 0.000 25.733 72.733 8.733 0.000 26.865 57.865 60.866 41.866 41.865 87.865 122.865 71.864 39.863 55.862 102.861 62.860 29.859 95.858 82.857 40.856 32.855 25.854 106.853 70.852 42.851 43.850
0.000 0.000 31.277 48.594 52.059 50.534 49.998 49.447 48.877 49.282 47.673 46.973 46.635 44.063 53.100 52.813 41.873 42.723 41.723 32.072 12.819 0.000 0.000 0.000 0.000 0.000 0.000 39.745 13.745 0.000 0.000 0.000 0.000 0.000 0.000 38.748 35.749 34.749 36.748 38.746 34.745 42.743 44.742 56.740 52.738 14.736 33.734 66.733 17.732 0.000 0.000 26.866 53.866 59.866 45.867 30.867 32.866 57.866 44.865 26.864 44.863 99.862 55.861 21.859 92.858 77.857 35.856 31.855 27.854 105.853 70.852 42.851 33.850
0.000 30.550 43.959 53.375 51.835 51.306 50.774 50.231 50.669 50.099 48.441 48.153 45.588 54.042 53.520 43.539 44.540 42.421 29.613 0.000 0.000 0.000 0.000 0.000 0.000 0.000 0.000 0.000 13.745 0.000 0.000 0.000 0.000 0.000 0.000 0.000 42.751 52.751 63.749 51.747 40.746 44.744 41.742 46.740 39.738 58.735 76.733 64.732 10.731 0.000 0.000 25.866 51.867 56.867 62.868 60.868 48.868 38.867 51.866 83.865 102.864 123.863 103.861 86.860 120.858 113.857 95.856 55.855 28.854 103.853 75.851 47.850 34.849
27.621 39.141 53.633 53.113 52.598 52.083 51.563 52.030 51.492 49.869 49.619 47.071 55.270 54.634 45.109 46.259 47.201 25.459 0.000 0.000 0.000 0.000 0.000 0.000 0.000 0.000 0.000 0.000 0.000 0.000 0.000 0.000 0.000 0.000 0.000 0.000 40.754 44.753 62.751 21.748 1.747 51.745 42.742 45.740 41.737 29.734 48.732 63.730 50.730 9.729 0.000 0.000 16.868 59.868 61.870 54.870 42.870 51.869 102.868 93.867 74.865 75.863 76.862 76.860 76.859 77.857 79.856 50.855 30.854 102.853 78.851 41.850 35.849
31.100 54.760 54.320 53.846 53.360 52.866 52.362 51.856 51.266 51.051 48.522 56.609 55.932 46.577 47.796 46.787 42.275 1.738 0.000 0.000 0.000 0.000 0.000 0.000 0.000 0.000 0.000 0.000 0.000 0.000 0.000 0.000 0.000 0.000 0.000 0.000 41.757 52.756 36.755 0.000 5.748 48.746 45.743 12.740 2.737 33.733 47.730 62.728 59.728 28.728 0.000 0.000 0.000 0.000 28.873 43.873 27.872 88.871 89.870 38.868 44.866 86.864 57.862 29.861 75.859 65.857 45.856 43.855 34.854 102.853 73.851 30.850 31.849
48.919 56.480 55.042 54.591 54.129 54.656 53.184 52.631 52.455 49.951 57.985 57.294 46.954 49.206 48.201 48.579 17.918 0.000 0.000 0.000 0.000 0.000 0.000 0.000 0.000 0.000 0.000 0.000 0.000 0.000 0.000 0.000 0.000 0.000 0.000 8.765 61.762 59.759 63.757 60.755 56.751 56.748 50.745 9.741 2.736 33.731 46.727 64.725 71.726 34.727 0.000 0.000 0.000 0.000 22.876 35.876 55.875 102.873 65.872 25.870 93.868 94.865 43.863 30.861 51.859 107.857 66.856 34.855 34.854 97.853 115.851 102.850 107.848
58.614 56.197 55.777 55.348 54.906 56.468 53.952 53.823 51.358 59.377 58.678 42.262 46.471 50.531 47.000 24.280 0.000 0.000 0.000 0.000 0.000 0.000 0.000 0.000 0.000 0.000 0.000 0.000 0.000 0.000 0.000 0.000 0.000 0.000 0.000 60.768 59.766 60.763 62.760 61.756 59.753 60.749 53.746 8.744 0.000 34.727 46.723 69.720 42.723 0.000 0.000 0.000 0.000 20.883 50.881 29.879 94.878 88.876 32.874 88.872 101.870 50.866 38.863 41.860 36.859 67.857 106.856 63.855 26.854 97.853 100.851 74.850 16.848
49.294 55.918 56.523 56.112 55.704 55.219 55.134 52.708 60.732 60.078 25.495 30.674 33.559 52.231 35.855 0.000 0.000 0.000 0.000 0.000 0.000 0.000 0.000 50.254 39.254 0.000 0.000 0.000 0.000 0.000 0.000 0.000 0.000 0.000 0.000 37.773 31.770 34.766 38.762 33.758 32.754 31.751 33.747 37.744 31.738 24.727 39.716 18.710 0.000 0.000 0.000 0.000 0.000 22.885 45.884 36.882 37.881 37.879 29.877 50.875 51.874 0.000 0.000 12.859 42.858 35.857 57.856 50.855 32.854 65.853 13.852 0.000 11.846
28.011 43.657 56.280 58.899 56.437 56.382 53.964 61.857 61.337 34.656 0.000 44.013 0.000 55.851 24.354 0.000 0.000 0.000 0.000 0.000 0.000 0.000 0.000 57.255 51.254 0.000 0.000 0.000 0.000 0.000 0.000 0.000 0.000 23.811 0.000 38.781 34.776 34.770 34.765 34.760 34.756 34.752 34.749 36.746 14.743 0.000 9.705 40.694 10.683 0.000 0.000 0.000 23.891 54.889 42.888 41.886 33.884 34.882 34.880 32.878 46.876 6.877 0.000 0.000 13.857 38.856 33.856 46.855 45.855 0.000 0.000 0.000 11.845
19.774 27.417 50.059 54.634 57.592 55.131 62.637 62.289 41.542 17.348 0.000 60.665 58.566 44.979 0.000 0.000 0.000 0.000 0.000 0.000 0.000 0.000 60.261 66.256 37.252 0.000 0.000 0.000 0.000 0.000 0.000 0.000 0.000 40.811 38.805 35.793 34.784 31.773 35.766 35.761 35.757 35.753 35.750 38.748 11.746 0.000 0.000 38.677 38.673 8.668 0.000 0.000 8.892 41.892 34.891 33.890 32.888 32.885 32.882 32.879 33.877 42.877 0.000 0.000 0.000 6.856 39.855 42.855 40.855 0.000 0.000 0.000 35.845
23.558 34.190 38.813 36.713 48.268 63.045 62.890 46.529 25.291 18.793 0.000 40.391 53.058 26.518 0.000 0.000 0.000 0.000 48.303 54.299 46.293 44.279 53.265 46.256 36.248 0.000 0.000 0.000 0.000 0.000 0.000 0.000 0.000 38.817 35.811 34.802 8.793 0.000 40.765 34.762 34.758 34.754 34.751 35.749 9.747 0.000 0.000 39.664 38.664 9.663 0.000 0.000 38.894 34.896 34.896 34.895 33.892 33.887 37.885 0.000 4.877 7.877 0.000 0.000 0.000 0.000 39.855 34.855 34.855 35.855 0.000 7.844 37.844
35.303 48.941 24.657 23.530 63.110 63.107 49.525 36.250 32.586 37.424 0.000 7.452 42.755 0.000 0.000 0.000 0.000 44.309 48.306 50.303 48.300 0.000 0.000 0.000 48.234 32.221 0.000 0.000 0.000 0.000 0.000 0.000 6.837 48.828 45.820 20.812 0.000 0.000 53.768 39.764 35.759 34.753 38.750 15.749 0.000 14.642 52.645 33.652 37.655 9.656 0.000 0.000 0.000 39.902 34.902 38.901 5.900 0.000 0.000 0.000 0.000 0.000 0.000 0.000 0.000 0.000 39.855 34.855 34.855 39.855 0.000 0.000 11.844
56.011 44.595 24.658 20.156 63.073 24.569 30.293 32.520 36.195 54.777 64.227 52.210 0.000 0.000 0.000 0.000 42.316 36.313 42.309 57.306 56.304 0.000 0.000 0.000 0.000 49.207 0.000 0.000 0.000 34.884 0.000 0.000 50.846 49.839 55.828 48.815 13.801 67.788 64.775 62.767 60.759 52.752 33.747 20.748 0.000 28.640 81.640 35.644 36.647 10.652 0.000 0.000 0.000 44.909 30.908 35.907 6.906 0.000 0.000 0.000 0.000 0.000 0.000 0.000 0.000 35.854 37.854 39.854 33.854 38.854 0.000 0.000 8.844
64.599 51.695 33.996 62.670 20.595 22.381 21.547 21.187 30.753 58.286 53.692 24.951 0.000 0.000 41.325 7.323 49.320 41.316 52.312 47.308 26.306 0.000 0.000 0.000 0.000 53.194 29.190 0.000 0.000 30.884 38.884 42.878 44.863 46.852 36.840 33.818 41.800 41.788 61.778 44.768 38.759 36.748 16.738 0.000 4.645 23.637 91.632 47.636 13.639 0.000 0.000 0.000 2.916 57.916 30.915 37.913 9.912 0.000 0.000 0.000 0.000 0.000 0.000 0.000 14.854 37.854 52.854 50.854 43.854 2.854 0.000 0.000 9.844
62.657 60.899 62.244 39.529 27.431 23.573 23.208 21.782 28.369 43.916 39.304 0.000 0.000 0.000 44.327 65.325 60.323 61.319 43.316 0.000 0.000 0.000 0.000 0.000 44.181 35.185 27.185 0.000 0.000 0.000 42.891 46.886 46.876 46.867 30.860 0.000 37.793 38.786 62.779 48.771 42.760 28.742 35.719 50.687 70.654 59.630 83.616 48.629 12.634 0.000 0.000 0.000 0.000 55.924 31.922 32.919 37.916 0.000 0.000 0.000 0.000 0.000 0.000 0.000 0.000 7.854 56.854 53.854 6.854 0.000 0.000 0.000 5.844
60.738 62.186 61.389 60.400 42.544 22.191 22.775 23.389 22.019 24.708 0.000 0.000 0.000 0.000 60.330 50.329 48.327 44.323 0.000 0.000 0.000 0.000 0.000 45.176 36.177 32.179 15.182 0.000 0.000 0.000 42.904 50.898 59.889 58.880 60.874 48.875 0.000 6.784 65.782 49.775 23.768 0.000 38.711 48.687 75.654 37.612 21.575 0.000 0.000 0.000 0.000 0.000 8.943 46.935 33.929 34.923 37.919 10.916 0.000 0.000 0.000 0.000 0.000 0.000 0.000 0.000 13.854 14.854 0.000 0.000 0.000 0.000 6.844
62.192 61.169 63.280 63.443 47.113 23.711 26.338 25.975 23.613 24.189 0.000 40.337 0.000 6.335 54.334 54.333 61.333 0.000 0.000 19.245 7.245 0.000 0.000 40.175 34.173 28.171 0.000 0.000 0.000 0.000 40.922 41.912 43.901 42.890 40.881 32.876 0.000 0.000 67.790 53.781 38.769 1.751 37.725 48.699 72.662 28.590 24.495 7.430 0.000 0.000 0.000 0.000 8.951 53.945 32.937 34.927 34.919 35.913 39.908 11.906 0.000 0.000 0.000 0.000 0.000 0.000 0.000 0.000 0.000 0.000 0.000 0.000 0.000
61.881 64.080 63.270 63.969 37.587 28.231 47.887 41.560 23.268 0.961 0.000 37.337 52.337 57.337 43.337 64.338 56.338 0.000 0.000 33.245 64.245 16.240 0.000 41.177 35.169 32.160 0.000 0.000 49.004 44.983 40.950 42.929 47.913 47.898 45.885 56.871 48.852 8.831 67.807 59.790 59.775 51.758 32.739 50.721 58.705 0.000 27.388 10.364 0.000 0.000 0.000 0.000 18.966 57.956 29.945 31.930 32.917 33.909 38.905 10.904 0.000 0.000 0.000 0.000 0.000 0.000 0.000 0.000 0.000 0.000 0.000 0.000 0.000
