results1/res_4e8f-0013.wd
ncols         241
nrows         181
xllcorner     12693529.787448
yllcorner     3542525.717860
cellsize      155.156523
NODATA_value  -9999.000000
[rows 136 to 169 of 181, columns 0 to 74 of 241]
4.127 4.127 4.128 4.130 4.135 4.146 4.141 3.142 3.146 6.153 12.164 11.181 7.208 3.247 3.300 3.367 4.448 4.529 4.612 4.701 3.800 2.905 5.014 11.125 18.235 27.342 35.445 31.541 20.627 8.700 4.758 9.799 17.821 0.000 0.000 0.000 0.000 0.000 0.000 19.276 0.000 0.000 10.766 42.827 44.862 23.896 26.940 25.991 14.012 3.010 0.000 0.000 0.000 0.000 0.000 0.000 0.000 0.000 0.000 0.000 0.000 0.000 57.011 62.930 58.895 60.031 57.986 89.795 89.657 89.511 56.676 59.427 61.265 62.921 12.891
4.229 4.230 4.232 4.236 4.242 4.248 4.251 4.254 4.259 4.265 3.273 3.285 3.306 4.344 4.401 4.475 4.558 4.640 4.722 4.807 4.900 4.995 5.092 4.190 3.286 4.380 8.470 6.554 5.631 9.699 12.756 11.803 9.844 11.893 11.932 8.963 8.985 12.997 0.000 0.000 0.000 0.000 28.706 42.736 22.770 15.810 14.874 0.000 0.000 0.000 0.000 0.000 0.000 0.000 0.000 0.000 0.000 4.727 19.707 0.000 3.374 66.265 73.187 71.230 69.193 70.256 90.053 89.927 70.991 77.764 70.596 76.341 68.113 47.053 0.000
4.330 4.332 4.335 4.341 4.347 4.354 4.360 4.366 4.370 4.374 4.378 4.381 4.388 4.421 4.485 4.576 4.667 4.751 4.829 3.904 10.997 13.084 5.171 4.256 3.340 4.422 6.501 9.576 12.646 11.709 6.765 7.814 14.859 17.903 13.942 7.973 4.996 14.009 0.000 0.000 0.000 23.617 32.618 19.642 11.674 31.700 0.000 0.000 0.000 0.000 0.000 0.000 0.000 0.000 0.000 0.000 14.794 56.747 85.689 46.587 79.416 87.551 84.481 83.549 90.409 90.295 90.176 83.111 84.967 84.652 83.506 82.450 0.346 0.000 0.000
4.430 4.433 4.437 4.444 4.453 4.462 4.471 4.478 4.484 4.486 7.483 7.473 5.443 9.469 7.543 4.676 4.785 4.869 3.941 2.027 13.101 21.175 7.250 4.324 6.397 9.468 11.537 10.604 7.667 9.726 14.780 16.830 17.876 17.919 12.959 6.992 16.019 35.034 0.000 0.000 0.000 0.000 20.507 17.542 21.586 41.616 0.000 0.000 0.000 0.000 0.000 0.000 0.000 0.000 0.000 12.899 64.844 80.778 83.690 88.660 85.790 82.764 90.725 90.624 90.520 82.473 83.235 84.086 83.752 83.713 76.639 53.544 0.000 0.000 0.000
4.529 4.531 4.537 4.546 4.558 4.571 4.584 4.594 4.600 5.602 12.596 12.586 0.000 0.000 0.000 8.801 2.927 6.000 12.061 15.133 15.198 11.265 7.331 8.395 11.456 10.516 9.577 11.636 15.693 15.749 17.801 16.851 7.897 2.940 4.981 18.019 37.053 47.075 0.000 0.000 0.000 0.000 28.364 30.433 37.513 36.564 0.000 0.000 0.000 0.000 0.000 0.000 0.000 0.000 17.018 60.962 82.872 85.872 84.941 84.925 83.998 90.919 90.823 82.728 83.501 84.336 84.104 83.943 83.888 75.812 67.766 0.000 0.000 0.000 0.000
4.624 4.627 4.634 4.646 4.662 4.681 4.699 4.713 4.722 6.725 15.714 26.689 2.688 0.000 0.000 0.000 20.121 12.145 10.168 10.220 8.292 7.356 9.414 11.468 9.518 5.564 7.619 19.670 21.722 11.775 5.826 2.875 2.920 7.965 22.008 38.052 35.098 19.139 0.000 0.000 0.000 0.000 28.153 10.312 1.421 0.000 0.000 0.000 0.000 0.000 0.000 0.000 0.000 10.144 61.081 82.978 85.156 84.137 84.233 91.199 91.108 91.014 82.816 84.661 84.350 84.203 84.131 84.045 77.960 64.890 54.849 0.000 0.000 0.000 0.000
4.718 4.719 4.726 4.741 4.764 4.792 4.818 4.839 4.852 6.862 16.847 3.768 0.000 0.000 0.000 0.000 16.292 8.290 10.249 9.288 7.394 10.455 11.503 8.545 5.583 1.627 11.666 25.703 12.750 2.804 3.855 8.902 18.947 29.990 41.035 34.084 12.147 7.246 26.447 33.680 35.047 39.414 14.783 0.000 0.000 0.000 0.000 0.000 0.000 0.000 0.000 0.000 15.264 61.187 83.184 85.353 84.369 91.458 91.374 91.288 83.139 83.903 84.754 84.425 84.384 84.304 84.214 85.114 73.028 43.936 32.892 0.000 0.000 0.000 0.000
3.810 3.807 4.811 4.829 4.862 4.905 4.943 4.972 4.985 8.024 18.044 0.000 0.000 0.000 0.000 0.000 5.466 7.476 0.000 0.000 15.544 10.566 6.597 5.627 3.656 5.687 21.707 24.727 6.772 9.838 21.887 30.932 39.974 38.015 26.057 12.103 5.163 21.252 25.415 13.547 0.000 0.000 0.000 0.000 0.000 0.000 0.000 0.000 0.000 0.000 0.000 9.365 61.374 84.460 85.473 83.575 91.622 91.541 83.360 84.135 84.972 84.747 84.594 84.540 84.460 84.389 87.306 51.174 31.100 0.000 0.000 0.000 0.000 0.000 0.000
12.905 10.887 7.883 5.903 2.952 3.022 3.077 3.122 2.167 7.205 19.263 2.408 0.000 0.000 9.767 5.746 2.679 8.672 3.746 0.000 10.673 4.667 3.694 3.712 5.726 19.738 27.750 0.000 0.000 35.891 40.924 35.965 25.005 15.041 7.075 3.110 14.148 26.184 0.000 0.000 0.000 0.000 0.000 0.000 0.000 0.000 0.000 0.000 0.000 0.000 0.000 41.621 83.658 82.777 91.868 91.787 91.705 83.428 85.269 84.962 84.821 84.756 86.680 81.598 83.537 84.486 95.450 0.000 0.000 0.000 0.000 0.000 0.000 0.000 0.000
14.019 15.955 21.929 22.950 23.019 20.155 21.223 20.274 19.329 19.366 21.428 4.531 8.671 7.753 4.788 7.794 7.782 6.788 11.820 13.846 7.808 1.804 3.801 5.801 19.797 24.792 13.804 7.844 16.879 39.911 22.952 14.001 6.039 4.068 6.092 5.114 19.137 28.154 0.000 0.000 0.000 0.000 0.000 0.000 0.000 0.000 0.000 0.000 0.000 0.000 19.842 61.901 92.105 92.027 91.949 83.727 84.491 85.343 85.018 84.978 85.900 85.818 58.740 36.647 71.601 85.569 90.558 30.591 0.000 0.000 0.000 0.000 0.000 0.000 0.000
7.198 1.093 0.000 0.000 0.000 12.356 9.386 9.422 9.462 13.502 22.551 3.610 4.729 3.800 6.839 10.859 11.869 9.881 8.899 11.912 12.909 9.917 3.905 20.896 26.869 17.830 23.831 40.851 37.882 19.922 7.974 4.049 6.084 6.102 5.110 10.119 26.132 28.141 20.137 23.135 0.000 0.000 0.000 0.000 0.000 0.000 0.000 0.000 0.000 14.895 63.039 92.258 92.182 83.933 84.702 85.541 85.321 85.172 85.119 86.035 83.957 77.877 2.820 0.000 53.653 88.633 85.621 84.625 0.000 0.000 0.000 0.000 0.000 0.000 0.000
5.407 0.000 0.000 0.000 0.000 8.529 4.543 4.566 4.595 8.629 22.665 0.769 4.838 8.877 10.911 11.935 8.953 5.968 3.983 5.994 16.000 29.006 24.008 25.009 2.012 0.000 47.839 33.847 0.864 0.000 0.000 9.136 6.146 6.148 8.128 1.123 0.000 0.000 0.000 27.133 3.132 0.000 0.000 0.000 0.000 0.000 0.000 2.961 2.991 41.068 92.377 83.187 86.887 85.744 85.526 85.382 85.322 85.248 86.169 86.095 51.018 26.912 12.842 15.793 66.725 87.690 83.670 74.663 0.000 0.000 0.000 0.000 0.000 0.000 0.000
5.617 5.694 0.000 0.000 0.000 9.687 5.693 5.705 4.725 5.754 20.801 7.886 10.922 12.960 11.993 7.019 4.039 5.056 5.070 4.082 14.092 37.101 33.110 20.121 13.139 4.138 0.000 0.000 0.000 0.000 0.000 11.213 6.216 8.218 0.000 0.000 0.000 0.000 0.000 6.132 0.000 0.000 0.000 0.000 0.000 0.000 0.000 0.000 0.000 40.424 92.524 86.075 85.789 85.578 85.526 85.454 85.375 85.299 83.225 74.157 7.108 0.000 23.845 82.812 87.767 85.731 79.706 69.694 0.000 0.000 0.000 0.000 0.000 0.000 0.000
2.749 4.772 1.772 0.000 0.000 9.839 4.837 2.838 4.844 8.863 12.899 11.955 12.005 10.048 4.083 5.110 5.130 6.147 6.161 11.173 29.185 28.197 21.211 30.227 28.244 0.000 0.000 0.000 0.000 0.000 0.000 11.289 6.288 9.290 0.000 0.000 0.000 2.430 22.429 0.000 0.000 0.000 0.000 0.000 0.000 0.000 0.000 0.000 0.000 92.939 92.733 85.004 85.790 85.653 85.580 85.503 85.426 87.350 72.274 55.200 15.150 0.000 38.880 68.844 77.800 86.760 75.731 64.715 0.000 0.000 0.000 0.000 0.000 0.000 0.000
9.859 7.875 0.000 0.000 0.000 3.993 5.980 9.965 10.953 11.955 9.978 11.029 9.096 5.146 5.181 6.207 6.226 5.241 7.254 30.266 29.278 11.292 24.309 22.333 26.368 24.437 0.000 0.000 0.000 0.000 0.000 7.365 6.360 6.364 1.400 0.000 10.436 9.431 3.429 25.427 0.000 0.000 0.000 0.000 0.000 0.000 0.000 20.288 44.577 93.085 87.422 87.072 86.771 85.714 85.632 85.554 86.477 84.401 39.323 16.221 28.141 29.056 82.953 84.885 64.828 74.781 69.744 42.719 7.707 0.000 0.000 0.000 0.000 0.000 0.000
10.953 11.994 9.088 0.000 11.235 11.161 11.124 12.090 12.047 13.026 25.030 7.088 5.204 5.258 6.290 6.311 6.326 7.338 21.348 32.358 7.370 11.384 38.402 30.426 18.460 21.507 24.563 8.584 13.581 28.557 21.512 9.447 2.422 2.420 13.435 29.447 16.441 0.000 0.000 15.425 4.425 0.000 0.000 0.000 0.000 0.000 0.000 35.445 87.715 93.181 84.388 86.969 87.851 85.767 85.685 85.605 78.526 68.453 25.396 0.000 5.139 6.074 66.991 108.915 89.849 65.791 57.745 36.712 45.695 0.000 0.000 0.000 0.000 0.000 0.000
16.007 16.061 12.182 12.295 12.311 13.291 13.267 9.226 6.119 5.072 0.000 0.000 9.376 6.394 6.410 6.422 5.430 8.437 32.443 18.450 3.459 9.472 26.490 43.512 38.538 35.569 33.597 29.610 25.603 24.578 32.532 29.488 23.464 19.459 22.462 26.465 0.000 0.000 0.000 0.000 0.000 0.000 0.000 0.000 0.000 0.000 0.000 34.667 93.379 93.279 87.293 89.061 85.902 85.822 86.737 82.654 66.572 59.492 65.412 71.320 55.203 77.111 92.021 108.937 117.860 101.791 63.733 68.690 43.667 0.000 0.000 0.000 0.000 0.000 0.000
0.000 0.000 16.287 11.391 11.423 6.425 3.426 5.428 0.490 0.000 0.000 0.000 10.530 6.532 6.535 6.536 6.537 24.537 31.538 4.540 6.546 6.557 9.573 15.593 17.613 17.633 13.649 16.654 32.646 25.618 16.553 19.510 26.488 30.491 33.489 30.488 5.494 0.000 0.000 0.000 0.000 0.000 0.000 0.000 0.000 0.000 4.804 64.874 93.481 84.720 88.341 88.033 85.966 85.875 86.788 81.702 68.616 34.530 41.441 84.346 95.243 127.144 118.048 89.954 77.864 94.780 73.707 67.649 42.615 0.000 0.000 0.000 0.000 0.000 4.353
0.000 0.000 0.000 20.562 5.565 3.562 5.587 5.626 6.713 0.000 0.000 0.000 7.682 6.671 6.661 6.653 8.645 32.637 17.631 3.627 6.628 6.638 6.655 5.673 5.689 5.703 4.711 11.713 40.707 19.698 0.000 0.000 0.000 21.528 31.515 15.506 20.500 7.499 0.000 0.000 0.000 0.000 0.000 0.000 0.000 0.000 22.926 93.698 93.587 87.583 89.248 85.108 86.018 85.928 85.838 85.750 72.661 35.571 50.478 87.381 83.279 117.176 112.072 80.967 85.862 71.760 52.665 70.585 48.531 0.000 0.000 0.000 0.000 0.000 3.354
5.196 1.191 0.000 12.730 22.715 23.670 4.735 16.777 23.819 0.002 0.000 7.929 6.846 6.809 6.786 6.769 25.753 29.737 4.722 6.709 5.703 4.711 6.736 6.756 6.769 6.777 5.781 13.779 42.774 23.769 0.000 0.000 0.000 18.579 31.538 10.521 0.508 0.000 0.000 0.000 0.000 0.000 0.000 0.000 0.000 1.897 64.086 93.811 84.927 88.541 88.239 86.166 86.071 85.980 85.889 86.799 77.707 66.615 89.520 114.421 102.317 119.210 116.098 109.981 116.858 82.732 59.609 69.497 77.393 6.271 0.000 0.000 0.000 0.000 4.355
7.200 6.187 1.122 6.913 5.895 0.000 27.905 19.927 6.968 8.045 8.058 7.013 6.966 6.932 6.907 9.885 32.862 15.838 5.811 6.785 12.766 20.766 6.823 4.845 6.855 5.858 8.856 32.850 40.842 15.835 3.843 0.000 13.713 12.673 0.000 0.000 0.000 0.000 0.000 0.000 0.000 0.000 0.000 0.000 4.926 62.061 84.245 93.928 85.870 86.438 86.311 86.217 86.124 86.032 85.940 86.849 77.756 60.662 56.566 89.465 79.360 93.249 96.130 84.001 85.858 57.701 34.544 48.401 115.273 68.151 3.032 0.000 14.417 35.384 72.360
7.216 7.196 7.154 7.077 7.057 1.094 17.054 33.060 9.081 6.110 7.117 7.099 7.072 7.047 6.024 29.001 30.974 4.941 6.900 7.854 4.810 0.000 25.945 20.949 7.948 5.944 23.936 42.924 26.908 6.886 6.852 7.808 10.754 14.726 0.000 0.000 0.000 0.000 0.000 0.000 0.000 0.000 0.000 0.000 28.045 85.235 94.171 94.047 85.774 86.524 86.359 86.270 86.176 86.084 85.992 84.900 69.807 71.713 91.616 110.515 109.409 114.297 119.174 106.035 103.871 90.672 39.466 37.291 113.147 77.027 14.913 7.682 72.451 105.375 124.349
7.254 7.229 7.204 7.185 7.184 7.209 7.182 18.179 33.187 9.199 6.202 7.194 7.179 5.161 13.143 34.121 14.094 6.054 7.993 5.923 0.000 0.000 14.063 15.057 21.047 20.034 28.019 27.003 7.982 5.949 7.873 10.817 15.771 15.751 0.000 0.000 0.000 0.000 0.000 0.000 0.000 0.000 0.000 0.000 36.290 90.506 94.299 85.217 86.805 86.493 86.419 86.322 86.228 86.136 86.044 85.953 71.861 67.767 88.670 89.571 89.466 92.355 92.233 91.094 95.921 68.650 44.357 59.152 73.997 12.899 0.000 0.000 16.332 42.318 64.317
7.316 9.264 9.248 7.276 7.285 7.293 7.287 7.286 18.290 33.296 9.299 4.296 4.288 21.277 33.264 27.249 4.227 7.187 3.095 0.000 0.000 0.323 7.189 7.170 13.148 30.126 30.106 23.086 16.070 8.057 0.000 0.000 29.764 9.757 0.000 0.000 0.000 0.000 0.000 0.000 0.000 0.000 0.000 0.000 9.667 94.575 94.434 86.070 86.712 86.564 86.468 86.373 86.280 86.188 86.097 87.007 81.916 71.824 66.729 65.632 65.531 65.425 65.312 69.188 43.070 0.000 12.160 67.963 63.792 24.672 0.000 0.000 15.226 61.250 39.272
8.430 0.000 0.000 7.387 6.389 5.390 5.389 4.389 4.392 17.397 32.402 25.403 32.400 34.396 21.389 5.383 12.378 12.375 0.439 0.000 0.000 11.407 7.331 9.286 33.250 40.219 18.191 9.168 16.153 23.153 11.187 0.000 0.000 7.756 0.000 0.000 0.000 0.000 0.000 0.000 0.000 0.000 0.000 0.000 1.680 94.722 91.443 87.009 86.699 86.617 86.517 86.422 86.330 86.240 86.151 86.062 86.973 85.883 83.791 82.697 82.601 83.502 85.400 59.278 1.185 0.000 0.000 52.750 83.537 74.326 47.070 23.005 40.097 43.183 1.229
7.544 6.581 0.000 6.497 17.494 21.491 25.489 30.489 33.492 34.501 34.509 34.514 20.516 7.516 23.515 40.517 41.526 41.557 34.648 12.689 0.000 8.489 6.442 15.393 43.349 30.308 7.272 6.243 8.223 11.216 2.222 0.000 0.000 0.000 0.000 0.000 0.000 0.000 0.000 0.000 0.000 0.000 0.000 0.000 0.000 94.838 95.379 90.902 86.762 86.660 86.563 86.470 86.380 86.291 86.204 86.118 86.032 85.945 85.856 85.766 86.673 89.582 61.511 0.000 0.000 0.000 0.000 0.000 53.281 84.026 74.879 50.850 27.973 0.000 0.000
7.624 9.617 5.648 7.612 22.598 21.592 17.589 13.587 12.586 8.605 29.620 19.630 30.635 21.638 37.639 33.644 26.655 27.678 38.715 44.730 33.709 34.619 26.554 34.497 42.444 15.393 6.347 7.308 7.281 6.266 6.264 8.277 3.281 0.000 0.000 0.000 0.000 0.000 0.000 0.000 0.000 0.000 66.377 63.697 94.931 94.895 89.255 89.970 86.796 86.702 86.606 86.515 86.427 86.342 86.258 86.175 86.092 86.009 85.924 87.837 92.746 61.644 1.581 0.000 0.000 0.000 0.000 0.000 0.000 44.619 79.570 29.545 0.000 0.000 0.000
9.710 0.000 4.716 7.704 7.696 7.692 6.689 7.683 9.661 7.714 19.737 14.750 23.757 34.760 22.762 7.764 8.772 9.787 10.805 15.806 28.780 38.723 44.661 42.598 31.536 7.475 7.414 7.364 7.326 7.303 8.291 31.287 4.286 0.000 0.000 0.000 0.000 0.000 0.000 0.000 0.000 0.000 86.534 88.851 94.950 87.668 87.230 86.915 86.836 86.737 86.646 86.558 86.473 86.391 86.311 86.232 86.154 86.075 87.995 72.913 26.829 0.000 0.000 0.000 0.000 0.000 0.000 0.000 0.000 15.263 77.236 29.215 0.000 0.000 0.000
10.798 0.000 4.797 7.792 7.789 7.790 7.794 8.796 0.000 6.855 10.866 21.876 21.883 29.886 34.884 20.880 5.882 5.895 5.911 7.911 9.884 10.832 11.768 11.700 10.630 9.556 5.473 5.407 6.358 7.329 18.312 32.296 3.289 0.000 0.000 0.000 0.000 0.000 0.000 0.000 0.000 2.562 85.674 94.969 94.958 86.474 87.107 86.958 86.862 86.769 86.681 86.597 86.517 86.439 86.364 86.290 86.216 86.142 91.069 46.991 0.000 0.000 0.000 0.000 0.000 0.000 0.000 0.000 0.000 17.933 77.898 36.866 0.000 0.000 0.000
7.886 6.909 7.884 7.878 7.880 7.888 7.899 9.912 0.000 5.986 5.995 28.006 41.015 24.017 10.009 24.992 33.981 25.998 15.037 5.042 6.012 5.954 7.881 7.804 7.728 16.645 29.516 28.432 16.372 10.345 27.332 0.000 12.286 8.284 4.284 0.000 0.000 0.000 0.000 0.000 0.000 67.549 87.849 94.982 85.790 88.364 92.059 86.981 86.886 86.797 86.714 86.634 86.559 86.486 86.416 86.347 86.278 88.208 64.150 0.000 0.000 0.000 0.000 0.000 0.000 0.000 0.000 0.000 0.000 14.639 77.559 59.485 0.000 0.000 0.000
7.951 7.957 7.954 7.957 7.966 7.981 8.005 8.041 6.111 14.108 29.122 44.140 40.155 9.159 8.143 8.097 12.053 23.082 29.195 34.209 25.169 15.092 4.997 5.907 6.833 6.783 0.000 0.000 17.355 27.346 27.340 0.000 0.000 25.284 0.000 0.000 0.000 0.000 0.000 0.000 9.533 83.718 87.006 94.998 86.675 88.221 89.088 86.994 86.905 86.821 86.743 86.668 86.598 86.531 86.467 86.405 89.343 68.264 1.209 0.000 0.000 0.000 0.000 0.000 0.000 0.000 0.000 0.000 0.000 12.426 74.214 74.030 41.737 0.000 0.000
44.011 44.015 41.020 28.029 19.045 11.068 8.099 10.138 29.185 43.215 45.245 33.277 13.306 8.322 8.306 11.201 0.000 0.000 9.454 10.431 20.364 29.250 34.110 24.995 13.914 2.870 0.000 0.000 10.348 34.345 8.342 0.000 0.000 0.000 0.000 0.000 0.000 0.000 0.000 0.000 19.606 83.865 95.037 95.016 86.527 87.257 87.089 87.004 86.919 86.841 86.767 86.699 86.634 86.573 86.516 89.465 70.425 0.000 0.000 0.000 0.000 0.000 0.000 0.000 0.000 0.000 0.000 21.554 0.000 0.000 38.843 78.684 57.445 30.126 26.899
30.068 30.072 36.082 43.097 44.118 44.147 42.184 44.228 45.276 33.322 18.368 9.418 8.469 8.519 9.560 0.000 0.000 0.000 6.735 15.699 8.606 9.434 13.198 24.051 33.960 34.915 0.000 0.000 27.346 28.344 5.341 0.335 0.000 0.000 0.000 0.000 0.000 0.000 0.000 0.000 21.744 85.094 95.061 87.915 89.483 89.168 89.096 89.007 88.928 88.855 88.788 88.726 88.668 88.613 90.561 74.513 6.469 0.000 0.000 0.000 0.000 0.000 0.000 0.000 0.000 11.532 58.542 67.555 48.563 0.000 6.631 78.419 65.235 44.035 44.859
8.120 8.126 7.138 14.158 37.185 44.220 38.263 28.314 17.370 9.428 8.490 8.558 8.634 8.726 8.855 7.094 11.220 0.000 8.055 7.023 4.929 5.681 0.000 0.000 0.000 0.000 0.000 0.000 0.000 0.000 11.340 20.339 0.000 0.000 0.000 0.000 0.000 0.000 0.000 0.000 60.857 95.119 95.088 67.692 64.322 64.172 64.084 64.003 64.931 64.865 64.805 64.750 64.698 66.649 57.602 4.557 0.000 0.000 0.000 0.000 0.000 0.000 0.000 0.504 56.513 49.523 51.541 83.560 79.573 35.585 0.000 67.128 68.041 44.920 41.794
