results1/res_4e8f-0100.wd
ncols         241
nrows         181
xllcorner     12693529.787448
yllcorner     3542525.717860
cellsize      155.156523
NODATA_value  -9999.000000
[rows 66 to 98 of 181, columns 146 to 218 of 241]
25.078 40.009 61.944 62.882 62.823 62.767 62.712 62.656 62.599 65.549 1.526 0.000 0.000 0.000 0.000 0.000 0.000 0.000 31.608 6.609 0.000 13.607 43.603 43.603 43.604 50.605 56.605 56.603 56.599 56.593 56.586 56.577 56.568 56.559 56.551 58.544 43.538 44.534 36.533 0.000 0.000 0.000 0.000 0.000 11.847 18.834 27.810 21.779 0.000 0.000 12.263 33.225 41.179 35.132 30.086 30.041 19.998 16.955 16.913 19.873 40.834 52.797 47.761 36.727 43.694 50.663 54.634 54.606 53.579 53.554 53.531 53.509 53.488
28.138 47.070 65.005 62.945 62.890 62.838 62.786 62.730 67.665 56.592 26.562 23.562 0.000 0.000 0.000 0.000 0.000 2.607 4.607 0.000 0.000 0.000 13.592 44.592 53.592 56.592 56.591 56.588 56.585 60.580 58.574 56.568 56.561 56.555 55.549 47.544 41.539 47.536 37.535 0.000 0.000 0.000 0.000 3.836 17.837 22.830 18.820 0.000 0.000 0.000 14.179 17.160 31.130 40.094 29.055 28.015 25.974 16.934 16.894 15.855 21.817 45.780 52.745 37.711 39.679 41.648 43.619 47.591 51.565 53.541 54.517 53.495 53.474
33.197 54.127 64.061 63.003 62.953 62.908 60.864 59.815 14.740 0.000 30.561 36.561 1.561 0.000 0.000 0.000 0.000 0.000 0.000 0.000 0.000 0.000 26.582 46.581 56.580 56.579 56.578 56.576 56.573 58.569 57.564 56.560 56.555 57.550 47.546 45.543 48.540 43.537 35.536 0.000 0.000 0.000 0.000 21.835 24.835 0.000 0.000 0.000 0.000 22.092 24.113 34.107 37.087 48.058 46.025 33.989 22.951 14.912 16.874 16.836 11.798 25.762 42.727 46.694 51.662 48.632 41.603 46.576 49.550 49.526 47.503 49.481 52.461
38.254 61.182 65.110 66.054 63.013 63.978 58.948 4.925 0.000 29.561 30.561 35.561 43.561 0.000 0.000 0.000 0.000 0.000 0.000 0.000 0.000 9.570 32.572 45.570 57.569 56.567 56.566 56.564 56.561 57.558 56.555 56.552 56.548 53.545 47.543 12.543 0.000 0.000 0.000 0.000 0.000 0.000 0.000 17.835 24.835 0.000 0.000 0.000 39.063 25.071 20.076 48.069 53.052 54.028 57.998 51.965 39.929 19.891 16.854 16.816 14.779 15.744 21.709 22.676 29.644 37.614 44.586 48.559 49.534 50.510 46.487 49.466 50.446
20.312 25.237 35.145 11.088 68.066 65.043 50.024 27.013 0.000 0.000 0.000 0.000 0.000 0.000 0.000 0.000 0.000 0.000 0.000 0.000 0.000 10.568 35.567 38.560 54.558 56.556 56.555 56.553 60.551 59.549 56.546 56.544 57.541 48.540 51.539 0.000 0.000 0.000 0.000 0.000 0.000 0.000 0.000 0.000 11.834 20.833 0.000 0.000 70.054 33.054 15.051 46.042 54.026 54.003 53.976 56.944 55.908 35.871 18.834 16.796 14.760 17.724 18.690 26.657 31.625 20.596 20.568 25.541 30.516 36.493 41.471 45.450 49.431
66.378 45.307 0.000 0.000 72.122 64.103 51.094 33.089 0.039 0.000 0.000 0.000 0.000 0.000 0.000 0.000 0.000 0.000 0.000 0.000 0.000 0.000 0.000 40.546 56.546 56.545 56.544 56.543 58.541 57.539 56.538 56.536 57.534 45.534 55.534 0.000 0.000 0.000 0.000 0.000 0.000 0.000 0.000 0.000 0.000 0.000 0.000 0.000 7.047 23.040 16.032 46.021 54.006 53.985 54.958 54.926 54.890 47.852 23.814 19.776 17.740 14.704 35.669 47.636 53.605 37.576 30.548 26.522 24.498 21.475 21.454 21.434 49.415
42.457 0.000 0.000 69.314 69.196 67.153 58.161 43.161 0.000 0.000 0.000 0.000 0.000 0.000 0.000 0.000 0.000 0.000 0.000 0.000 0.000 0.000 22.527 45.533 57.534 56.535 56.534 57.533 56.532 56.531 56.529 56.528 57.527 50.527 15.530 0.000 0.000 0.000 0.000 0.000 0.000 0.000 0.000 0.000 0.000 0.000 0.000 0.000 0.000 20.028 19.016 37.006 51.992 54.972 48.945 44.913 50.875 41.833 24.794 23.756 32.719 27.682 50.647 54.614 53.583 51.554 51.527 48.502 46.479 43.456 39.436 31.416 51.398
69.516 59.520 65.491 21.432 0.000 0.000 64.234 38.234 0.000 0.000 1.404 0.000 0.000 0.000 0.000 0.000 0.000 0.000 0.000 0.000 0.000 0.000 38.522 50.524 57.525 56.525 56.525 58.524 58.524 56.522 56.521 56.520 55.519 51.518 0.523 0.000 0.000 0.000 0.000 0.000 0.000 0.000 0.000 0.000 0.000 0.000 0.000 0.000 0.000 0.000 8.000 33.994 51.983 52.967 33.939 36.905 38.864 35.812 20.772 17.735 40.698 49.660 53.624 55.591 55.560 56.532 54.505 54.481 55.458 54.437 55.417 55.398 54.380
71.571 63.552 68.522 19.491 0.000 0.000 55.309 3.305 0.000 0.000 33.404 0.000 0.000 0.000 0.000 0.000 0.000 0.000 0.000 0.000 0.000 0.000 41.515 53.516 57.516 56.517 56.517 57.516 57.515 56.514 56.513 57.512 53.510 48.509 0.000 0.000 0.000 0.000 0.000 0.000 0.000 0.000 0.000 0.000 0.000 0.000 0.000 0.000 0.000 1.987 12.990 28.987 50.981 52.975 0.000 0.000 0.000 25.780 19.747 14.715 28.678 47.637 53.599 55.565 55.535 55.507 53.482 53.458 54.436 53.416 53.397 54.379 54.362
63.645 63.596 63.555 61.518 48.488 34.445 27.388 26.374 22.394 25.402 28.405 28.405 0.402 0.000 0.000 0.000 0.000 0.000 2.479 4.479 0.000 0.000 40.507 54.508 56.509 56.509 56.509 56.509 56.508 56.507 56.506 56.504 38.502 33.499 31.492 26.489 0.000 0.000 0.000 0.000 0.000 0.000 0.000 0.000 0.000 0.000 0.000 0.000 3.985 29.985 20.985 24.983 44.980 45.977 18.977 0.000 0.000 0.000 16.724 21.700 20.663 39.610 52.569 53.536 53.507 53.481 53.457 53.434 53.414 53.394 53.376 53.359 53.343
63.686 63.633 63.584 62.540 59.499 61.460 35.424 14.408 52.407 25.408 29.407 5.406 0.000 0.000 0.000 0.000 0.000 0.000 2.479 48.480 0.000 0.000 39.500 53.501 57.502 56.502 58.502 59.502 57.501 56.500 56.499 54.497 47.495 38.492 39.488 38.486 0.000 0.000 0.000 0.000 0.000 0.000 0.000 0.000 0.000 0.000 0.000 0.000 0.000 32.984 24.983 31.981 46.979 41.977 47.977 0.000 0.000 0.000 0.000 0.000 0.000 29.571 52.533 53.504 53.477 53.453 53.430 53.409 53.390 53.372 53.355 53.339 53.324
63.721 63.667 64.609 66.556 63.511 63.471 62.442 63.425 54.418 32.415 4.411 0.000 0.000 0.000 0.000 0.000 0.000 0.000 0.000 41.481 28.483 18.486 34.491 56.494 56.495 56.496 56.496 56.496 56.495 56.494 56.493 56.491 54.489 33.486 37.484 44.482 0.000 0.000 0.000 0.000 0.000 0.000 0.000 0.000 0.000 0.000 0.000 0.000 0.000 44.983 0.000 11.979 34.977 41.976 2.976 0.000 0.000 0.000 0.000 0.000 0.000 0.000 41.488 54.469 53.446 53.423 53.402 53.383 53.366 53.349 53.333 53.319 53.304
66.757 62.707 59.627 61.567 64.517 64.473 66.448 63.434 61.426 48.423 0.000 0.000 0.000 0.000 0.000 0.000 0.000 0.000 0.000 0.000 32.482 24.483 40.486 58.488 56.490 56.490 56.491 56.490 56.490 56.489 56.487 56.486 57.484 46.481 33.478 37.476 43.472 0.000 0.000 0.000 0.000 0.000 0.000 0.000 0.000 0.000 0.000 0.000 0.000 0.000 0.000 0.000 19.976 38.975 0.000 0.000 0.000 0.000 0.000 0.000 0.000 0.000 29.463 50.438 53.413 53.392 53.373 53.356 53.340 53.325 53.311 53.298 53.284
59.800 20.776 0.000 0.000 0.000 56.454 61.445 67.436 63.430 52.427 2.427 0.000 36.426 6.425 0.000 0.000 0.000 0.000 0.000 0.000 24.479 28.481 49.482 57.484 58.485 59.486 56.486 56.486 56.485 56.484 56.483 56.481 56.479 57.477 36.474 18.471 27.468 0.000 0.000 0.000 0.000 0.000 0.000 0.000 0.000 0.000 0.000 0.000 0.000 0.000 0.000 0.000 8.975 41.975 0.000 0.000 0.000 0.000 0.000 0.000 0.000 0.000 0.000 30.408 50.378 53.359 53.343 53.328 53.314 53.302 53.289 53.277 53.265
54.835 11.821 0.000 0.000 31.445 29.445 46.441 65.435 62.431 47.428 28.427 32.427 36.426 2.426 0.000 0.000 0.000 0.000 0.000 0.000 25.476 36.477 56.479 56.480 59.481 59.482 56.482 56.482 56.481 56.480 56.479 56.477 56.475 57.472 53.470 48.466 37.463 17.458 11.455 0.000 0.000 0.000 0.000 0.000 0.000 0.000 0.000 0.000 0.000 0.000 0.000 0.000 10.974 2.974 0.000 0.000 0.000 0.000 0.000 0.000 0.000 0.000 0.000 0.000 35.333 51.323 53.311 53.299 53.288 53.278 53.267 53.256 53.245
60.861 41.853 13.859 0.000 0.000 31.441 31.438 53.434 65.431 43.429 30.427 35.427 13.426 0.000 0.000 0.000 0.000 0.000 24.468 17.470 22.472 39.474 58.476 58.477 59.478 56.479 56.479 56.479 56.478 56.477 56.476 56.474 56.472 56.469 56.466 58.463 47.459 35.455 24.452 25.449 18.446 9.445 14.445 0.000 0.000 0.000 0.000 0.000 0.000 0.000 0.000 0.000 13.974 0.000 0.000 0.000 0.000 0.000 0.000 0.000 0.000 0.000 0.000 0.000 20.299 48.289 52.279 53.270 53.262 53.254 53.246 53.236 53.226
63.880 54.871 7.865 0.000 0.000 0.000 30.435 35.432 62.430 50.428 31.427 34.427 9.426 0.000 0.000 0.000 0.000 0.000 27.467 20.468 23.470 41.471 60.473 59.474 57.476 57.477 56.477 56.477 56.476 56.474 56.473 57.471 57.469 57.466 51.463 42.459 46.456 53.453 46.450 44.448 32.446 19.445 26.444 0.000 0.000 0.000 0.000 0.000 0.000 0.000 0.000 0.000 0.000 0.000 0.000 0.000 0.000 0.000 0.000 0.000 0.000 0.000 0.000 0.000 12.276 43.255 53.246 55.241 55.236 55.231 54.225 53.218 53.209
63.893 38.887 0.000 0.000 0.000 0.000 0.000 37.430 50.429 44.428 43.427 40.426 30.426 8.426 0.000 0.000 0.000 0.000 26.466 19.467 24.468 39.469 51.471 48.472 43.474 45.475 50.476 55.475 57.474 57.472 55.471 45.470 43.468 48.465 37.460 34.456 34.453 45.451 49.448 44.446 30.445 19.444 0.000 0.000 0.000 0.000 0.000 0.000 0.000 0.000 0.000 0.000 0.000 0.000 0.000 0.000 0.000 0.000 0.000 0.000 0.000 0.000 0.000 0.000 0.213 25.209 31.211 33.211 33.211 34.210 43.207 52.202 53.194
62.902 28.898 0.000 0.000 0.000 0.000 0.000 32.428 26.428 25.428 33.427 33.426 33.426 29.426 2.425 0.000 0.000 0.000 31.464 26.465 31.466 41.467 44.469 47.471 5.472 0.000 0.000 0.000 57.472 54.471 43.468 0.000 0.000 0.000 36.456 68.453 61.451 40.449 46.446 40.445 29.443 14.442 17.441 0.000 0.000 0.000 0.000 0.000 0.000 0.000 0.000 0.000 0.000 0.000 0.000 0.000 0.000 0.000 0.000 0.000 4.091 25.091 36.097 35.109 53.130 61.163 62.176 60.183 62.187 49.190 32.192 50.190 53.184
60.908 25.904 0.000 0.000 0.000 0.000 0.000 32.428 28.428 7.427 0.000 0.000 0.000 0.000 0.000 0.000 0.000 0.000 37.463 31.463 26.463 22.464 8.466 0.000 0.000 0.000 0.000 0.000 0.000 0.000 30.464 0.000 0.000 0.000 0.000 31.449 64.448 24.446 25.445 24.443 20.442 23.441 70.439 29.438 0.000 0.000 0.000 0.000 0.000 0.000 0.000 0.000 0.000 0.000 0.000 0.000 0.000 0.000 0.000 0.000 0.000 72.086 68.091 50.102 51.117 48.135 49.148 71.158 64.165 50.172 30.179 39.184 38.184
46.910 27.908 21.907 0.000 0.000 0.000 0.000 0.000 30.427 14.427 0.000 0.000 0.000 0.000 0.000 0.000 0.000 0.000 37.461 37.461 38.461 21.461 0.000 0.000 0.000 0.000 0.000 0.000 0.000 0.000 26.460 3.458 0.000 0.000 0.000 30.447 79.446 43.445 46.443 41.442 26.441 44.440 98.439 95.438 26.437 0.000 0.000 0.000 0.000 0.000 0.000 0.000 0.000 0.000 0.000 0.000 0.000 3.038 0.000 0.000 0.017 75.075 42.081 50.090 41.101 22.114 33.125 76.135 42.145 29.156 36.167 0.000 0.000
30.911 30.908 16.907 0.000 0.000 0.000 0.000 0.000 0.000 0.000 0.000 0.000 0.000 0.000 0.000 0.000 0.000 0.000 40.460 31.459 25.459 23.459 0.000 0.000 0.000 0.000 0.000 0.000 0.000 23.456 16.457 41.457 37.457 0.000 0.000 36.446 42.445 34.444 77.442 66.439 37.440 0.000 54.437 109.437 0.000 0.000 0.000 0.000 0.000 0.000 0.000 0.000 0.000 0.000 0.000 0.000 54.037 92.038 83.040 79.043 26.049 70.060 38.068 27.075 74.084 55.094 75.103 56.112 26.123 34.139 0.000 0.000 0.000
33.910 34.908 26.907 0.000 0.000 0.000 0.000 0.000 0.000 0.000 0.000 0.000 0.000 0.000 0.000 0.000 0.000 0.000 0.000 35.457 25.457 3.457 0.000 0.000 0.000 0.000 0.000 0.000 0.000 25.455 22.456 0.000 0.000 0.000 0.000 10.445 0.000 0.000 0.000 32.435 0.000 0.000 10.437 76.437 31.436 0.000 0.000 0.000 0.000 0.000 0.000 0.000 0.000 0.000 0.000 0.000 10.037 0.000 54.038 58.040 9.044 70.049 47.054 20.060 38.067 88.074 102.082 36.089 24.096 0.000 0.000 0.000 0.000
32.908 33.906 33.905 37.904 29.903 0.000 0.000 0.000 0.000 0.000 0.000 0.000 0.000 0.000 0.000 0.000 0.000 0.000 0.000 25.455 21.455 5.455 0.000 0.000 0.000 0.000 0.000 0.000 26.453 23.453 0.453 0.000 0.000 0.000 0.000 0.000 0.000 0.000 0.000 36.430 0.000 0.000 10.436 0.000 0.000 0.000 0.000 0.000 0.000 0.000 0.000 0.000 0.000 0.000 0.000 0.000 0.000 0.000 30.036 49.036 8.037 72.039 52.041 22.044 71.049 74.055 69.061 77.068 41.075 0.000 0.000 0.000 13.979
34.904 12.905 23.904 32.903 32.903 32.902 31.901 0.000 0.000 0.000 0.000 0.000 0.000 0.000 0.000 0.000 0.000 0.000 0.000 27.454 23.454 7.454 0.000 0.000 0.000 0.000 0.000 0.000 0.000 29.453 1.452 0.000 0.000 0.000 0.000 0.000 0.000 0.000 0.423 23.426 27.424 4.424 0.000 0.000 0.000 0.000 0.000 0.000 0.000 0.000 0.000 0.000 0.000 0.000 0.000 0.000 0.000 0.000 33.033 53.032 13.031 73.029 58.027 72.028 72.030 31.035 24.040 69.048 18.061 0.000 0.000 14.959 22.967
39.899 0.000 0.000 29.903 18.902 0.000 31.901 21.900 0.000 0.000 0.000 0.000 0.000 0.000 0.000 0.000 0.000 0.000 0.000 26.453 23.453 11.453 0.000 0.000 0.000 0.000 0.000 0.000 0.000 0.000 0.000 0.000 0.000 0.000 0.000 0.000 0.000 0.000 39.423 56.424 17.423 0.000 0.000 0.000 0.000 0.000 0.000 0.000 0.000 0.000 0.000 0.000 0.000 0.000 0.000 0.000 0.000 0.000 68.031 54.030 15.026 73.018 70.012 62.010 54.010 40.013 41.018 10.022 0.000 0.000 0.000 17.952 24.956
36.893 0.000 0.000 16.902 8.902 0.000 0.000 0.000 0.000 40.831 36.831 27.831 0.000 0.000 0.000 0.000 0.000 0.000 0.000 30.452 26.452 8.452 0.000 0.000 0.000 0.000 0.000 0.000 0.000 0.000 0.000 0.000 0.000 0.000 0.000 0.000 0.000 0.000 2.423 86.423 52.423 0.000 0.000 0.000 0.000 0.000 0.000 0.000 0.000 0.000 0.000 0.000 0.000 0.000 0.000 0.000 0.000 0.000 0.001 0.000 0.000 47.005 87.992 66.989 65.989 63.991 66.996 15.002 0.000 0.000 2.941 16.941 17.944
52.885 0.000 0.000 0.000 0.000 38.847 25.846 0.000 36.834 30.832 30.831 22.830 0.000 0.000 0.000 0.000 0.000 0.000 0.000 30.451 25.452 13.452 0.000 0.000 0.000 0.000 0.000 0.000 0.000 0.000 0.000 0.000 0.000 0.000 0.000 0.000 0.000 0.000 0.000 30.422 22.422 0.000 0.000 0.000 0.000 0.000 0.000 0.000 0.000 0.000 0.000 0.000 0.000 0.000 0.000 0.000 0.000 0.000 0.000 0.000 0.000 0.000 29.965 30.964 28.965 28.968 25.973 21.987 0.000 0.000 0.000 16.929 14.931
63.876 52.869 34.863 35.859 34.854 28.849 29.845 30.840 28.836 33.833 32.831 23.830 20.829 0.000 0.000 0.000 0.000 0.000 0.000 17.451 0.000 0.000 0.000 0.000 0.000 0.000 0.000 0.000 0.000 0.000 0.000 0.000 0.000 0.000 0.000 0.000 0.000 0.000 0.000 0.000 29.422 0.000 0.000 0.000 0.000 0.000 0.000 0.000 0.000 0.000 0.000 0.000 0.000 0.000 0.000 0.000 0.000 0.000 0.000 0.000 0.000 0.000 17.938 16.939 16.941 32.942 27.942 0.000 0.000 0.000 0.000 29.914 41.917
63.871 57.867 27.863 27.859 27.855 10.849 11.845 15.840 25.836 34.832 31.830 23.829 26.828 15.828 0.000 0.000 0.000 0.000 0.000 0.000 0.000 0.000 0.000 0.000 0.000 0.000 0.000 0.000 0.000 0.000 0.000 0.000 0.000 0.000 0.000 0.000 0.000 0.000 0.000 0.000 0.000 0.000 0.000 0.000 0.000 0.000 0.000 0.000 0.000 0.000 0.000 0.000 0.000 0.000 0.000 0.000 0.000 0.000 0.000 0.000 9.886 12.893 16.909 16.915 18.917 37.916 27.912 10.897 0.000 0.000 24.888 45.898 52.903
63.867 61.864 31.862 28.859 8.857 0.000 0.000 0.000 0.000 25.831 28.829 26.828 19.827 0.000 0.000 0.000 0.000 0.000 0.000 0.000 0.000 0.000 0.000 0.000 0.000 0.000 0.000 0.000 0.000 0.000 0.000 0.000 0.000 0.000 0.000 0.000 0.000 0.000 0.000 0.000 0.000 0.000 0.000 0.000 0.000 0.000 0.000 0.000 0.000 0.000 0.000 0.000 0.000 0.000 0.000 0.000 0.000 0.000 0.000 0.000 20.880 17.884 16.891 12.895 25.896 42.895 26.891 15.883 10.875 10.874 34.879 51.886 52.891
63.864 61.863 14.862 18.860 0.000 0.000 0.000 0.000 0.000 0.000 16.828 29.827 21.826 0.000 0.000 0.000 0.000 0.000 0.000 0.000 0.000 0.000 0.000 0.000 0.000 0.000 0.000 0.000 0.000 0.000 0.000 0.000 0.000 0.000 0.000 0.000 0.000 0.000 0.000 0.000 0.000 0.000 0.000 0.000 0.000 0.000 0.000 0.000 0.000 0.000 0.000 0.000 0.000 0.000 0.000 0.000 0.000 0.000 0.000 14.863 12.869 11.873 16.877 30.879 43.879 33.878 17.875 15.871 17.867 14.867 35.871 53.875 52.879
63.860 37.861 0.000 0.000 0.000 0.000 0.000 0.000 0.000 0.000 0.000 19.825 26.824 24.823 0.000 0.000 0.000 0.000 0.000 0.000 0.000 0.000 0.000 0.000 0.000 0.000 0.000 0.000 0.000 0.000 0.000 0.000 0.000 0.000 0.000 0.000 0.000 0.000 0.000 0.000 0.000 0.000 0.000 0.000 0.000 0.000 0.000 0.000 0.000 0.000 0.000 0.000 0.000 0.000 0.000 0.000 19.850 11.851 9.853 21.858 35.861 40.863 42.864 42.864 28.863 16.862 15.860 15.858 14.857 16.858 39.861 54.865 52.869
