results1/res_4e8f-0041.wd
ncols         241
nrows         181
xllcorner     12693529.787448
yllcorner     3542525.717860
cellsize      155.156523
NODATA_value  -9999.000000
[rows 99 to 131 of 181, columns 74 to 147 of 241]
45.836 45.857 44.881 44.908 49.938 52.971 50.006 46.033 46.045 40.039 0.000 0.000 0.000 0.000 0.000 0.000 4.409 62.688 87.817 85.930 85.186 92.045 91.974 85.093 85.789 85.634 85.522 86.414 86.312 85.219 89.140 48.083 0.000 0.000 0.000 0.000 0.000 0.000 2.435 28.269 40.116 7.895 0.000 19.497 22.460 20.404 24.315 21.065 18.575 0.000 12.473 16.421 31.361 37.314 40.277 38.249 33.229 26.214 21.205 16.202 0.000 0.000 0.000 0.000 0.000 0.000 7.145 19.144 43.144 44.143 44.142 44.142 42.141 0.000
45.832 44.851 42.871 46.894 51.919 52.948 52.991 47.020 44.032 49.033 49.032 10.032 0.000 8.249 38.220 15.179 0.000 51.155 91.108 86.425 86.503 92.104 84.422 86.209 85.860 85.768 85.653 85.542 85.438 87.345 86.266 22.213 0.000 0.000 0.000 0.000 0.000 0.000 6.574 12.489 23.416 0.000 0.000 14.666 22.633 21.573 25.477 25.305 0.000 0.000 7.435 21.398 26.338 47.300 48.271 48.248 49.230 50.217 48.209 29.204 0.000 0.000 0.000 0.000 0.000 0.000 6.141 19.138 43.137 44.136 44.135 44.134 37.134 0.000
44.827 44.843 47.860 50.879 51.897 26.911 0.000 20.024 56.029 29.031 3.031 0.000 0.000 19.277 69.234 66.138 57.937 76.591 87.696 84.690 92.187 85.721 86.527 86.089 86.019 85.897 85.781 85.665 86.553 84.455 72.368 19.291 0.000 0.000 0.000 0.000 0.000 9.914 16.785 14.697 15.642 0.000 0.000 20.868 38.833 31.779 26.714 1.544 0.000 0.000 0.000 0.000 20.293 45.277 49.259 47.242 47.228 47.217 49.208 22.203 16.200 16.198 22.198 0.000 0.000 0.000 0.000 18.131 43.131 44.130 44.128 44.127 27.126 0.000
43.820 48.833 51.848 51.864 51.880 16.890 0.000 0.000 0.000 0.000 0.000 0.000 0.000 12.348 75.300 81.204 89.056 88.922 86.009 92.580 92.334 85.705 86.414 86.261 86.146 86.029 85.908 85.782 91.655 41.553 9.461 0.000 0.000 0.000 0.000 0.000 1.214 19.044 14.955 14.872 13.814 19.819 0.000 14.106 40.052 38.997 36.958 0.000 0.000 0.000 0.000 0.000 18.264 47.257 51.246 48.235 47.223 45.213 34.205 15.201 11.198 12.197 0.000 0.000 0.000 0.000 0.000 14.126 43.125 44.124 44.122 40.120 7.117 12.112
49.812 51.823 51.836 49.850 55.869 25.878 0.000 0.000 0.000 0.000 0.000 0.000 0.000 23.469 81.412 84.328 88.165 87.353 87.336 92.800 85.118 86.820 86.489 86.398 86.281 86.165 90.041 95.901 50.733 19.643 0.000 0.000 0.000 0.000 0.000 2.378 25.339 19.223 12.121 17.021 20.925 17.824 15.652 29.399 33.273 23.200 31.162 0.000 0.000 0.000 0.000 0.000 24.243 48.240 53.235 52.227 48.217 43.207 12.200 10.197 11.196 18.196 0.000 0.000 0.000 0.000 8.121 12.121 41.120 44.118 44.117 38.115 9.112 8.109
51.803 51.813 50.823 28.830 0.000 13.875 15.875 0.000 0.000 0.000 0.000 0.000 14.767 67.647 81.560 84.446 86.578 87.559 93.183 93.000 86.114 86.810 86.644 86.532 86.419 90.307 52.192 12.046 0.000 29.642 15.642 0.000 0.000 0.000 0.000 10.417 44.457 35.389 30.286 25.168 26.040 23.899 24.736 37.563 31.442 15.366 17.330 0.000 0.000 0.000 0.000 0.000 24.226 52.225 17.227 15.222 47.213 50.199 20.192 11.190 16.193 0.000 0.000 0.000 0.000 0.000 0.000 8.118 26.116 42.114 45.112 38.110 9.108 8.106
51.795 47.803 51.812 33.818 0.000 4.874 34.874 0.000 0.000 0.000 0.000 4.978 66.888 80.794 86.706 86.662 86.787 93.507 93.350 85.473 87.238 86.880 86.785 86.667 86.556 90.453 62.373 0.000 0.000 0.000 2.642 0.000 0.000 0.000 0.000 0.000 29.683 34.590 44.466 40.326 28.170 30.998 39.828 34.677 22.566 14.495 15.462 0.000 0.000 0.000 0.000 0.000 22.211 56.208 0.000 0.000 0.000 43.184 33.181 14.179 0.000 0.000 0.000 0.000 0.000 0.000 0.000 0.000 5.112 31.110 41.108 34.106 10.105 8.103
46.785 45.793 61.805 40.811 0.000 3.874 31.874 0.000 0.000 0.000 0.000 63.068 76.011 85.941 88.812 88.041 86.056 93.651 84.811 86.574 83.123 85.043 86.916 86.799 87.684 81.576 71.474 19.474 0.000 0.000 0.000 0.000 0.000 0.000 0.000 20.256 25.002 24.823 26.662 35.499 38.315 41.097 34.901 21.753 15.649 14.586 13.561 17.584 2.584 0.000 0.000 0.000 11.199 48.188 14.175 3.171 0.000 38.172 44.168 24.166 0.000 0.000 0.000 0.000 0.000 0.000 0.000 0.000 0.082 24.104 29.104 16.103 8.102 8.101
52.776 48.779 0.000 0.000 0.000 0.000 0.000 0.000 0.000 0.000 0.433 79.214 81.159 89.061 88.213 87.217 93.904 93.784 86.782 86.460 86.293 86.168 85.046 85.926 87.808 44.692 0.000 0.000 0.000 0.000 0.000 0.000 0.000 6.075 20.856 31.510 28.245 27.039 23.862 24.692 27.497 39.173 39.926 31.785 20.694 13.638 13.612 15.609 0.000 0.000 0.000 0.000 0.000 38.171 16.167 12.168 12.166 44.164 47.156 30.152 0.000 0.000 26.117 0.000 0.000 0.000 0.000 0.000 3.100 27.101 22.100 8.100 8.100 7.100
54.767 41.769 0.000 0.000 0.000 0.000 0.000 0.000 0.000 0.000 66.541 76.409 88.315 88.286 87.409 94.118 94.015 86.122 87.884 87.526 87.424 87.297 87.174 89.051 38.929 0.000 0.000 0.000 0.000 0.000 0.000 4.925 21.678 34.294 29.984 28.684 28.431 28.225 29.055 26.913 25.806 0.000 17.846 42.766 24.704 12.662 15.639 13.631 1.635 0.000 0.000 0.000 0.000 30.157 8.154 0.000 0.000 0.128 37.139 26.135 35.125 42.120 1.118 0.000 0.000 0.000 0.000 0.000 0.000 18.099 16.097 9.097 11.098 9.099
46.762 45.762 21.760 0.000 0.000 0.000 0.000 0.000 0.000 19.802 79.680 86.567 88.448 88.577 86.671 94.211 86.434 88.204 87.758 87.679 87.549 88.425 89.300 51.176 0.000 0.000 0.000 0.000 0.000 0.000 24.522 35.172 30.815 29.440 29.103 28.811 28.571 28.377 28.221 28.097 37.010 0.000 0.000 10.730 19.695 11.669 20.652 20.643 2.639 0.000 0.000 0.000 0.000 14.148 51.139 19.129 0.000 0.000 38.126 32.124 23.120 23.117 0.000 0.000 0.000 0.000 0.000 0.000 0.000 0.000 8.093 9.093 0.000 0.000
0.000 48.759 46.757 35.756 0.000 0.000 0.000 0.000 11.037 69.925 83.812 89.705 88.649 87.771 94.367 94.294 87.393 88.081 87.919 87.798 88.679 90.553 51.427 0.000 0.000 0.000 0.000 0.000 11.638 22.366 33.872 30.429 29.970 26.547 26.177 25.888 26.665 28.491 28.355 31.245 8.127 0.000 0.000 0.000 15.676 14.666 32.656 28.651 0.000 0.000 0.000 0.000 0.000 0.000 43.124 55.120 12.115 38.113 52.116 44.116 20.114 13.112 0.000 0.000 0.000 0.000 0.000 0.000 0.000 3.087 9.089 13.089 0.000 0.000
0.000 50.757 40.756 47.755 39.754 0.753 0.000 4.254 71.151 80.045 89.948 88.785 89.010 86.999 94.429 86.706 88.487 88.136 88.042 88.924 89.813 43.683 0.000 0.000 0.000 0.000 0.000 24.202 34.911 32.588 31.171 32.701 32.091 37.603 42.170 36.900 29.709 23.568 27.465 33.401 0.000 0.000 0.000 0.000 18.669 19.663 41.657 29.654 0.000 0.000 0.000 0.000 0.000 0.000 38.115 47.113 52.111 48.110 48.110 52.110 36.108 15.105 16.101 0.000 0.000 0.000 0.000 0.000 5.085 10.086 8.086 13.086 0.000 0.000
0.000 18.756 69.755 32.755 0.000 0.000 9.444 69.358 74.265 88.174 89.024 89.252 87.135 94.515 86.984 88.784 88.349 88.281 89.159 86.043 40.967 0.000 0.000 0.000 0.000 0.000 26.764 34.494 32.217 31.906 35.524 10.112 0.000 0.000 7.001 32.833 34.705 35.606 27.534 28.495 0.000 0.000 0.000 0.000 0.000 17.658 24.656 23.655 0.000 0.000 0.000 0.000 0.000 0.000 29.108 42.107 47.106 48.105 49.106 45.106 41.105 26.101 14.096 18.092 24.090 0.000 0.000 0.000 0.000 8.085 9.084 11.084 0.000 0.000
0.000 0.000 70.754 57.754 0.000 0.000 16.531 77.467 85.387 89.274 90.411 90.392 94.874 94.652 87.944 88.651 88.502 88.394 83.280 73.123 24.045 0.000 0.000 0.000 15.468 24.320 36.036 32.792 32.557 36.294 13.909 0.000 0.000 0.000 0.000 30.725 27.673 31.617 37.572 37.550 15.560 0.000 0.000 0.000 0.000 19.656 13.655 20.655 0.000 0.000 0.000 0.000 0.000 0.000 16.102 33.102 47.101 42.101 35.101 37.103 0.000 23.097 32.093 25.090 21.089 0.000 0.000 0.000 0.000 0.000 3.083 8.082 13.081 0.000
0.000 0.000 0.000 47.754 0.000 4.787 70.680 82.596 89.513 89.470 89.593 95.272 95.079 87.257 89.044 88.699 88.618 81.519 47.444 0.000 0.000 0.000 0.000 33.764 27.616 35.458 33.266 33.084 33.924 11.805 0.000 0.000 0.000 0.000 0.000 33.670 27.647 27.616 29.589 33.573 35.571 0.000 0.000 0.000 0.000 0.654 19.654 0.000 0.000 0.000 0.000 0.000 0.000 0.000 12.097 23.097 30.097 22.096 19.096 0.000 0.000 0.000 16.090 20.087 29.086 0.000 0.000 0.000 0.000 0.000 0.000 8.081 9.080 0.000
0.000 0.000 0.000 0.000 4.978 73.894 78.807 89.730 89.601 90.829 90.852 95.451 87.582 89.348 88.903 88.832 78.720 67.623 31.534 0.000 0.000 0.000 28.051 49.912 34.773 26.632 34.486 32.354 35.252 5.198 0.000 0.000 0.000 0.000 22.632 29.639 28.629 28.612 25.595 21.584 23.579 0.000 0.000 0.000 0.000 0.000 26.654 0.000 0.000 0.000 0.000 0.000 0.000 0.000 14.094 13.093 12.092 10.092 16.092 0.000 0.000 0.000 0.000 14.084 32.083 0.000 0.000 0.000 0.000 0.000 0.000 1.079 14.079 27.079
0.000 0.000 0.000 0.000 77.062 76.004 89.932 89.831 90.982 91.003 95.777 95.619 88.544 90.217 88.047 73.920 62.816 36.719 0.000 0.000 0.000 22.318 40.190 40.061 46.935 34.810 24.692 30.594 40.533 43.536 6.666 0.000 0.000 0.000 34.626 28.625 28.618 27.608 23.596 17.588 18.583 0.000 0.000 0.000 0.000 0.000 0.000 0.000 0.000 0.000 0.000 0.000 0.000 0.000 16.091 10.089 11.088 11.088 13.087 0.000 0.000 0.000 0.000 1.081 22.078 0.020 0.000 0.000 0.000 0.000 0.000 0.000 0.000 0.000
0.000 0.000 0.000 16.297 77.205 89.130 90.056 91.024 93.168 96.069 95.925 87.877 89.626 86.265 75.152 63.991 35.904 0.000 0.000 0.000 24.566 45.448 31.329 23.210 37.094 48.983 36.880 39.797 40.751 27.749 33.797 12.856 0.000 0.000 26.620 22.618 29.613 24.604 16.596 15.588 19.583 0.000 0.000 0.000 0.000 0.000 0.000 0.000 0.000 0.000 0.000 0.000 0.000 0.000 0.000 13.085 11.085 11.084 11.083 19.081 0.000 0.000 0.000 0.000 3.074 14.070 20.068 0.000 0.000 0.000 0.000 0.000 0.000 0.000
0.000 0.000 0.000 59.390 85.328 91.262 90.143 90.379 88.424 96.205 88.179 89.931 84.488 73.408 48.276 0.000 0.000 0.000 0.000 24.783 45.685 32.578 21.468 21.357 23.249 34.146 49.050 39.964 24.925 32.912 34.916 8.916 0.000 0.000 51.617 38.615 27.610 21.603 17.594 14.585 15.580 9.576 0.000 0.000 0.000 0.000 0.000 0.000 0.000 0.000 0.000 0.000 0.000 0.000 0.000 15.082 11.082 11.081 11.080 13.079 0.000 0.000 0.000 0.000 0.000 11.068 14.068 0.000 0.000 0.000 0.000 0.000 0.000 0.000
0.000 0.000 62.651 59.544 65.464 80.366 91.519 88.556 96.458 96.335 89.118 84.793 73.636 52.519 0.000 0.000 6.864 0.000 0.000 49.882 32.812 21.714 22.608 21.502 24.400 38.304 47.210 48.083 32.075 28.060 39.039 12.977 0.000 0.000 0.000 0.000 0.000 0.000 0.000 18.578 25.576 26.573 12.571 0.000 0.000 0.000 0.000 0.000 0.000 0.000 0.000 0.000 0.000 0.000 0.000 15.079 14.080 17.080 12.079 9.076 18.075 0.000 0.000 0.000 0.000 25.067 30.067 0.000 0.000 0.000 0.000 0.000 0.000 0.000
0.000 1.880 63.759 60.672 61.591 71.557 87.704 96.693 96.577 88.417 85.170 72.831 46.745 0.000 0.000 23.896 22.865 4.821 0.000 38.052 21.966 22.859 21.748 22.642 37.545 43.462 7.403 0.000 50.233 36.215 14.202 0.000 0.000 0.000 0.000 0.000 0.000 0.000 0.000 36.573 30.572 27.571 23.570 0.000 0.000 0.000 0.000 0.000 0.000 0.000 0.000 0.000 0.000 0.000 3.074 12.076 0.000 0.000 0.000 12.074 16.073 0.000 0.000 0.000 0.000 29.066 0.000 0.000 0.000 0.000 0.000 0.000 0.000 0.000
77.057 64.982 61.883 59.802 60.674 61.906 65.956 96.804 87.674 83.423 73.004 46.953 0.000 0.000 0.000 27.928 25.879 45.777 29.582 22.309 23.143 22.007 24.885 44.775 41.677 22.596 18.537 23.510 51.408 48.366 12.352 0.000 0.000 0.000 0.000 0.000 0.000 0.000 0.000 43.570 43.569 38.568 29.568 0.000 0.000 0.000 0.000 0.000 0.000 0.000 0.000 0.000 0.000 0.000 15.074 17.074 0.000 0.000 0.000 15.072 16.072 0.000 0.000 0.000 0.000 0.007 0.000 0.000 0.000 0.000 0.000 0.000 0.000 0.000
75.133 89.075 80.998 65.895 67.043 59.079 97.014 96.911 66.560 71.226 47.118 0.000 0.000 0.000 0.000 30.009 42.946 40.829 22.659 22.461 22.290 33.142 45.011 33.895 22.794 22.708 22.640 23.585 32.525 50.491 46.489 7.539 0.000 0.000 0.000 0.000 0.000 0.000 0.000 29.569 31.567 43.566 44.566 0.562 0.000 0.000 0.000 0.000 0.000 0.000 0.000 0.000 0.000 7.072 17.073 0.000 0.000 0.000 0.000 16.072 14.071 0.000 0.000 0.000 0.000 0.000 0.000 0.000 0.000 0.000 0.000 0.000 0.000 0.000
88.266 91.188 91.111 86.075 76.221 97.215 97.114 58.719 53.504 0.000 0.000 0.000 0.000 0.000 0.000 41.155 46.068 21.933 23.766 23.585 35.415 44.260 26.123 23.001 22.895 22.804 22.729 22.667 22.616 31.583 51.574 44.590 18.618 9.628 13.630 0.000 0.000 0.000 0.000 0.000 9.566 49.564 49.563 10.562 0.000 0.000 0.000 0.000 0.000 0.000 0.000 0.000 0.000 0.000 0.000 0.000 0.000 0.000 0.000 0.000 23.071 0.000 0.000 0.000 0.000 0.000 0.000 0.000 0.000 0.000 0.000 0.000 0.000 0.000
91.379 91.308 91.185 95.417 86.466 97.312 58.798 61.468 56.223 0.000 0.000 0.000 0.000 0.000 34.561 46.389 23.237 24.069 23.886 31.700 44.524 22.363 23.219 23.092 22.981 22.885 22.805 22.740 22.689 22.653 26.634 27.631 22.635 23.637 30.633 12.632 0.000 0.000 0.000 0.000 0.000 4.563 40.562 3.561 0.000 0.000 0.000 0.000 0.000 0.000 0.000 0.000 0.000 0.000 0.000 0.000 0.000 0.000 0.000 0.000 0.000 0.000 0.000 0.000 0.000 0.000 0.000 0.000 0.000 0.000 0.000 0.000 0.000 0.000
87.492 91.395 92.548 89.585 97.502 97.407 63.414 47.783 0.000 0.000 0.000 0.000 0.000 0.000 51.733 28.603 24.424 24.221 26.011 46.806 26.617 23.449 23.300 23.168 23.051 22.950 22.867 22.799 22.746 22.707 21.680 20.664 23.656 5.652 0.000 0.000 0.000 0.000 0.000 0.000 0.000 0.000 33.561 21.560 0.000 0.000 0.000 0.000 0.000 0.000 0.000 0.000 0.000 0.000 0.000 0.000 0.000 0.000 0.000 0.000 0.000 0.000 0.000 0.000 0.000 0.000 0.000 0.000 0.000 0.000 0.000 0.000 0.000 0.000
66.603 70.574 66.723 97.689 97.596 74.987 56.084 46.866 0.000 0.000 0.000 0.000 0.000 0.000 27.036 22.867 22.636 21.380 34.129 26.898 20.691 21.516 21.364 21.230 21.107 22.000 22.913 22.844 22.790 21.749 19.716 21.689 21.673 18.664 8.662 11.659 13.656 12.654 14.653 0.000 0.000 0.000 0.000 30.559 2.559 0.000 0.000 0.000 0.000 0.000 0.000 0.000 0.000 0.000 0.000 0.000 0.000 0.000 0.000 0.000 0.000 0.000 0.000 0.000 0.000 0.000 0.000 0.000 0.000 0.000 0.000 0.000 0.000 0.000
103.676 68.915 98.966 97.780 57.607 48.167 0.000 62.008 20.083 0.000 0.000 0.000 0.000 70.866 49.508 20.193 27.874 38.534 37.230 32.964 30.736 30.559 30.413 29.280 23.146 19.030 22.941 22.875 22.823 21.782 21.745 25.705 25.683 26.670 36.664 36.660 32.656 25.654 24.652 3.651 0.000 0.000 0.000 0.000 0.000 0.000 0.000 0.000 0.000 0.000 0.000 0.000 0.000 0.000 0.000 0.000 0.000 0.000 0.000 0.000 0.000 0.000 0.000 0.000 0.000 0.000 0.000 0.000 0.000 0.000 0.000 0.000 0.000 0.000
108.470 106.510 97.949 97.866 85.708 0.000 29.054 57.054 130.159 105.551 0.000 17.300 7.262 69.224 28.938 26.525 98.134 88.653 84.293 83.995 82.728 81.571 80.449 79.331 50.170 17.033 22.949 22.890 22.846 22.812 14.778 0.000 0.000 0.000 0.000 0.000 0.000 0.000 41.651 20.650 0.000 0.000 0.000 0.000 0.000 0.000 0.000 0.000 0.000 0.000 0.000 0.000 0.000 0.000 0.000 0.000 0.000 0.000 0.000 0.000 0.000 0.000 0.000 0.000 0.000 0.000 0.000 0.000 0.000 0.000 0.000 0.000 0.000 0.000
107.636 98.100 98.026 82.277 0.000 0.000 0.000 0.474 50.949 38.944 0.000 0.556 0.000 28.832 25.495 34.834 90.483 0.000 0.000 0.000 26.613 35.549 96.480 9.427 0.000 26.982 22.932 22.891 23.861 5.842 0.000 0.000 0.000 0.000 0.000 0.000 0.000 0.000 0.000 41.650 0.000 0.000 0.000 0.000 0.000 0.000 0.000 0.000 0.000 0.000 0.000 0.000 0.000 0.000 0.000 0.000 0.000 0.000 0.000 0.000 0.000 0.000 0.000 0.000 0.000 0.000 0.000 0.000 0.000 0.000 0.000 0.000 0.000 0.000
106.865 98.169 106.779 108.623 28.912 0.000 5.751 32.751 42.718 20.331 0.000 21.946 67.544 65.776 58.379 0.000 9.483 0.000 0.000 9.560 37.561 82.533 45.497 10.471 0.000 0.000 28.907 22.882 23.864 4.854 0.000 0.000 0.000 0.000 0.000 0.000 0.000 0.000 0.000 0.000 0.000 0.000 0.000 0.000 0.000 0.000 0.000 0.000 0.000 0.000 0.000 0.000 0.000 0.000 0.000 0.000 0.000 0.000 0.000 0.000 0.000 0.000 0.000 0.000 0.000 0.000 0.000 0.000 0.000 0.000 0.000 0.000 0.000 0.000
98.294 98.234 87.291 30.054 0.000 0.000 0.000 0.000 19.843 0.000 0.000 15.388 58.910 112.351 47.865 0.000 0.000 0.000 0.000 0.000 51.539 86.525 16.506 13.488 0.000 0.000 0.000 27.867 21.861 19.856 17.854 5.853 0.000 0.000 0.000 0.000 0.000 0.000 0.000 0.000 0.000 0.000 0.000 0.000 0.000 0.000 0.000 0.000 0.000 0.000 0.000 0.000 0.000 0.000 0.000 0.000 0.000 0.000 0.000 0.000 0.000 0.000 0.000 0.000 0.000 0.000 0.000 0.000 0.000 0.000 0.000 0.000 0.000 0.000
