results1/res_4e8f-0211.wd
ncols         241
nrows         181
xllcorner     12693529.787448
yllcorner     3542525.717860
cellsize      155.156523
NODATA_value  -9999.000000
[rows 66 to 98 of 181, columns 146 to 218 of 241]
38.319 53.257 75.198 76.143 76.093 76.047 76.005 75.966 75.932 78.903 14.884 0.000 2.748 0.000 0.000 0.000 0.000 1.240 48.240 23.240 0.000 30.238 60.237 60.237 60.237 67.236 73.235 73.232 73.229 73.226 73.221 73.216 73.211 73.205 73.200 75.195 60.191 61.189 53.188 0.000 0.000 0.000 0.000 0.000 29.521 36.512 45.492 39.455 17.404 15.373 30.347 51.323 59.299 53.275 48.251 48.227 38.203 35.178 35.155 38.131 59.108 71.085 66.063 55.042 62.021 69.001 72.982 72.964 71.946 71.929 71.913 71.898 71.883
41.381 60.317 78.257 76.203 76.154 76.110 76.069 76.031 80.996 69.967 39.953 36.971 0.000 0.000 0.000 0.000 0.000 19.240 21.240 0.000 0.000 0.000 30.234 61.234 70.234 73.233 73.231 73.229 73.227 77.224 75.220 73.216 73.211 73.207 72.202 64.198 58.195 64.192 54.191 0.000 0.000 0.000 0.000 21.513 35.514 40.509 36.502 0.000 2.356 12.342 32.323 35.303 49.281 58.259 47.236 46.213 44.189 35.165 35.140 34.117 40.093 64.070 71.048 56.026 58.005 59.985 61.966 65.947 69.930 71.913 72.896 71.881 71.866
46.440 67.374 77.312 76.257 76.211 76.169 74.131 73.094 28.055 13.015 43.992 49.988 14.992 0.000 0.000 0.000 0.000 0.000 0.000 0.000 0.000 14.231 43.231 63.231 73.231 73.230 73.229 73.227 73.225 75.222 74.219 73.216 73.212 74.208 64.205 62.201 65.197 60.194 52.192 0.000 0.000 0.000 0.000 39.512 42.512 4.509 3.506 0.000 7.324 40.315 42.301 52.284 55.265 66.244 64.222 52.199 41.175 33.151 35.126 35.102 30.078 44.055 61.032 65.010 69.988 66.968 59.949 64.930 67.912 67.895 65.879 67.863 70.848
51.498 74.429 78.359 79.303 76.262 77.226 72.192 18.158 2.116 43.045 44.012 48.998 56.995 0.000 0.000 0.000 0.000 0.000 0.000 0.000 0.000 26.230 49.230 62.229 74.229 73.228 73.227 73.225 73.223 74.221 73.219 73.216 73.213 70.210 64.207 29.202 2.200 0.000 0.000 0.000 0.000 0.000 0.000 35.512 42.512 0.000 0.000 0.000 57.300 43.293 38.281 66.266 71.249 72.230 76.209 70.186 58.162 38.137 35.112 35.087 33.062 34.038 40.015 40.992 47.971 55.950 62.930 66.912 67.894 68.877 64.860 67.845 68.830
33.558 38.483 48.392 24.334 81.308 78.280 63.253 40.230 10.215 0.000 0.000 0.000 0.000 0.000 0.000 0.000 0.000 0.000 0.000 0.000 0.000 27.229 52.228 55.228 71.227 73.226 73.225 73.224 77.222 76.220 73.218 73.216 74.214 65.212 68.211 0.000 0.000 0.000 0.000 0.000 0.000 0.000 0.000 0.000 29.512 38.512 0.000 0.000 88.283 51.276 33.265 64.252 72.236 72.218 72.197 75.174 74.149 54.124 37.097 35.072 33.046 36.021 36.997 44.974 49.952 38.931 38.912 43.893 48.875 54.858 59.841 63.826 67.811
79.625 58.554 0.000 0.000 85.355 77.332 64.312 46.294 13.282 0.000 0.000 0.000 0.000 0.000 0.000 0.000 0.000 0.000 0.000 0.000 0.000 0.000 13.226 57.226 73.225 73.225 73.224 73.223 75.221 74.220 73.218 73.216 74.215 62.214 72.213 0.000 0.000 0.000 0.000 0.000 0.000 0.000 0.000 0.000 0.000 5.512 13.512 0.000 25.273 41.263 34.252 64.239 72.225 72.208 73.188 73.164 73.138 66.110 42.083 38.056 36.029 33.004 53.979 65.955 71.933 55.912 48.892 44.873 42.855 39.838 39.822 39.806 67.792
55.704 0.000 0.000 82.543 82.426 80.380 71.367 56.353 12.337 0.000 0.000 0.000 0.000 0.000 0.000 0.000 0.000 0.000 0.000 0.000 0.000 0.000 39.224 62.224 74.224 73.223 73.223 74.222 73.221 73.219 73.218 73.217 74.216 67.215 32.214 0.000 0.000 0.000 0.000 0.000 0.000 0.000 0.000 0.000 0.000 0.000 0.000 0.000 0.000 38.251 37.239 55.229 70.217 73.202 67.182 63.157 69.128 60.097 43.067 42.039 51.012 45.985 68.959 72.935 71.912 69.891 69.871 66.852 64.834 61.817 57.801 49.786 69.771
82.750 72.750 78.719 34.659 0.000 1.403 77.425 51.414 12.375 0.000 14.627 0.000 0.000 0.000 0.000 0.000 0.000 0.000 0.000 0.000 0.000 2.223 55.223 67.223 74.223 73.222 73.222 75.221 75.220 73.219 73.218 73.217 72.216 68.215 17.215 0.000 0.000 0.000 0.000 0.000 0.000 0.000 0.000 0.000 0.000 0.000 0.000 0.000 0.215 0.000 26.226 52.220 70.211 71.200 52.183 55.154 57.121 54.081 39.051 36.023 58.994 67.965 71.938 73.913 73.890 74.868 72.848 72.830 73.812 72.795 73.780 73.765 72.750
84.798 76.779 81.748 32.716 0.000 0.000 68.508 16.502 0.000 0.000 46.627 9.628 0.000 0.000 0.000 0.000 0.000 0.000 0.000 0.000 0.000 1.222 58.222 70.222 74.222 73.221 73.221 74.220 74.219 73.219 73.218 74.217 70.216 65.216 15.215 0.000 0.000 0.000 0.000 0.000 0.000 0.000 0.000 0.000 0.000 0.000 0.000 0.000 18.215 20.216 31.218 47.215 69.209 71.202 17.195 0.000 0.000 44.056 38.031 33.006 46.977 65.944 71.915 73.889 73.866 73.845 71.825 71.806 72.789 71.773 71.757 72.743 72.729
76.865 76.820 76.779 74.741 61.708 47.662 40.599 39.584 35.611 38.622 41.627 41.628 13.628 0.000 0.000 0.000 0.000 0.000 19.220 21.220 0.000 11.221 57.221 71.221 73.221 73.221 73.220 73.220 73.219 73.218 73.218 73.217 55.216 50.216 48.216 43.216 7.215 0.000 0.000 0.000 0.000 0.000 0.000 0.000 0.000 0.000 0.000 0.000 22.214 48.214 39.214 43.212 63.209 64.205 37.201 0.000 0.000 0.000 35.013 39.994 38.963 57.918 70.889 71.864 71.841 71.820 71.800 71.782 71.765 71.749 71.734 71.720 71.706
76.906 76.856 76.807 75.762 72.720 74.679 48.641 27.624 65.626 38.629 42.631 18.629 0.000 0.000 0.000 0.000 0.000 0.000 19.220 65.220 14.220 2.220 56.220 70.220 74.220 73.220 75.220 76.219 74.219 73.218 73.217 71.217 64.216 55.216 56.216 55.216 8.215 0.000 0.000 0.000 0.000 0.000 0.000 0.000 0.000 0.000 0.000 0.000 16.214 51.213 43.213 50.211 65.208 60.206 66.204 0.000 0.000 0.000 0.000 0.000 0.000 47.876 70.858 71.835 71.813 71.793 71.774 71.756 71.740 71.725 71.710 71.697 71.683
76.943 76.891 77.832 79.779 76.733 76.692 75.662 76.645 67.639 45.638 17.637 0.000 0.000 0.000 0.000 0.000 0.000 0.000 6.220 58.220 45.220 35.220 51.220 73.220 73.220 73.219 73.219 73.219 73.218 73.218 73.217 73.217 71.216 50.216 54.216 61.215 4.215 0.000 0.000 0.000 0.000 0.000 0.000 0.000 0.000 0.000 0.000 0.000 12.213 63.213 7.212 30.210 53.208 60.207 21.206 0.000 0.000 0.000 0.000 0.000 0.000 1.854 59.831 72.807 71.785 71.764 71.746 71.730 71.714 71.700 71.686 71.673 71.660
79.982 75.933 72.852 74.790 77.739 77.695 79.670 76.656 74.648 61.645 10.644 0.000 0.000 0.000 0.000 0.000 0.000 0.000 0.000 14.220 49.219 41.219 57.219 75.219 73.219 73.219 73.219 73.218 73.218 73.217 73.217 73.217 74.216 63.216 50.215 54.215 60.215 2.215 0.000 0.000 0.000 0.000 0.000 0.000 0.000 0.000 0.000 0.000 0.000 8.213 0.000 0.000 38.208 57.207 0.000 0.000 0.000 0.000 0.000 0.000 0.000 0.000 47.805 68.778 71.753 71.733 71.717 71.701 71.688 71.674 71.661 71.648 71.636
73.030 34.006 0.000 0.000 0.000 69.677 74.668 80.659 76.653 65.650 15.649 0.000 49.654 19.654 0.000 0.000 0.000 0.000 0.000 0.000 41.219 45.219 66.219 74.219 75.219 76.219 73.218 73.218 73.218 73.217 73.217 73.216 73.216 74.216 53.215 35.215 44.215 5.215 0.000 0.000 0.000 0.000 0.000 0.000 0.000 0.000 0.000 0.000 0.000 0.000 0.000 0.000 27.208 60.207 0.000 0.000 0.000 0.000 0.000 0.000 0.000 0.000 0.000 48.748 68.718 71.700 71.685 71.672 71.660 71.648 71.636 71.624 71.612
68.070 25.057 0.000 0.000 44.670 42.670 59.665 78.660 75.656 60.653 41.652 45.653 49.654 15.654 0.000 0.000 0.000 0.000 12.218 0.000 42.219 53.219 73.219 73.219 76.218 76.218 73.218 73.218 73.217 73.217 73.217 73.216 73.216 74.215 70.215 65.215 54.214 34.214 28.214 0.000 0.000 0.000 0.000 0.000 0.000 0.000 0.000 0.000 0.000 0.000 0.000 0.000 29.208 21.207 0.000 0.000 0.000 0.000 0.000 0.000 0.000 0.000 0.000 0.000 53.669 69.662 71.653 71.643 71.633 71.622 71.611 71.599 71.587
74.102 55.094 27.102 0.000 0.000 44.666 44.663 66.660 78.657 56.655 43.654 48.654 26.654 0.000 0.000 0.000 0.000 0.000 41.218 34.218 39.218 56.219 75.218 75.218 76.218 73.218 73.218 73.218 73.217 73.217 73.217 73.216 73.216 73.215 73.215 75.214 64.214 52.214 41.213 42.213 35.212 26.212 31.212 0.000 0.000 0.000 0.000 0.000 0.000 0.000 0.000 0.000 32.208 7.207 0.000 0.000 0.000 0.000 0.000 0.000 0.000 0.000 0.000 0.000 38.629 66.626 70.620 71.614 71.606 71.597 71.587 71.575 71.563
77.125 68.117 21.109 0.000 0.000 0.000 43.661 48.659 75.657 63.656 44.655 47.655 22.654 0.000 0.000 0.000 0.000 0.000 44.218 37.218 40.218 58.218 77.218 76.218 74.218 74.218 73.218 73.217 73.217 73.217 73.216 74.216 74.216 74.215 68.215 59.214 63.214 70.213 63.213 61.213 49.212 36.212 43.212 1.212 0.000 0.000 0.000 0.000 0.000 0.000 0.000 0.000 0.000 0.000 0.000 0.000 0.000 0.000 0.000 0.000 0.000 0.000 0.000 0.000 30.592 61.591 71.589 73.585 73.580 73.573 72.563 71.552 71.539
77.144 52.139 0.000 0.000 0.000 0.000 0.000 50.657 63.657 57.656 56.655 53.655 43.655 21.655 0.000 0.000 0.000 0.000 43.218 36.218 41.218 56.218 68.218 65.218 60.218 62.218 67.218 72.217 74.217 74.217 72.216 62.216 60.216 65.215 54.214 51.214 51.213 62.213 66.213 61.212 47.212 36.212 8.212 0.000 0.000 0.000 0.000 0.000 0.000 0.000 0.000 0.000 0.000 0.000 0.000 0.000 0.000 0.000 0.000 0.000 1.458 0.000 0.000 0.000 18.556 43.559 49.560 51.559 51.556 52.550 61.542 70.531 71.516
76.159 42.155 0.000 0.000 0.000 0.000 0.000 45.657 39.656 38.656 46.655 46.655 46.655 42.655 15.655 0.000 0.000 0.000 48.218 43.218 48.218 58.218 61.218 64.218 22.218 0.000 0.000 13.217 74.217 71.217 60.216 15.216 0.000 0.000 53.214 85.213 78.213 57.213 63.213 57.212 46.212 31.212 34.211 0.000 0.000 0.000 0.000 0.000 0.000 0.000 0.000 0.000 0.000 0.000 0.000 0.000 0.000 0.000 14.458 4.458 22.458 43.463 54.473 53.489 71.516 79.528 80.533 78.535 80.534 67.531 50.524 68.513 71.495
74.171 39.168 0.000 0.000 0.000 0.000 0.000 45.657 41.656 20.656 0.000 0.000 0.655 0.000 0.000 0.000 0.000 0.000 54.218 48.218 43.218 39.218 25.218 0.000 0.000 0.000 0.000 0.000 0.000 0.000 47.216 9.216 0.000 0.000 0.000 48.213 81.213 41.213 42.212 41.212 37.212 40.211 87.211 46.210 0.000 0.000 0.000 0.000 0.000 0.000 0.000 0.000 0.000 0.000 0.000 0.000 13.429 4.430 0.000 0.000 8.453 90.458 86.466 68.478 69.493 66.503 67.510 89.513 82.515 68.514 48.511 57.502 56.479
60.179 41.178 35.181 0.000 0.000 0.000 0.000 0.000 43.656 27.656 0.000 0.000 0.000 0.000 0.000 0.000 0.000 0.000 54.218 54.218 55.218 38.218 13.218 0.000 0.000 0.000 0.000 0.000 0.000 0.000 43.216 20.216 0.000 0.000 0.000 47.213 96.213 60.212 63.212 58.212 43.211 61.211 115.210 112.210 43.208 0.049 7.161 4.160 0.000 0.000 0.000 0.000 0.000 0.000 0.000 0.000 3.429 21.430 11.431 9.435 18.443 93.449 60.456 68.465 59.474 40.482 51.489 94.494 60.497 47.501 54.505 8.503 0.000
44.185 44.184 30.184 0.000 0.000 0.000 0.000 0.000 0.000 0.000 0.000 0.000 0.000 0.000 0.000 0.000 0.000 0.000 57.218 48.218 42.218 40.218 14.218 0.000 0.000 0.000 0.000 0.000 0.000 40.216 33.216 58.216 54.216 0.000 6.213 53.213 59.212 51.212 94.212 83.212 54.211 7.211 71.210 126.210 10.209 0.000 0.000 0.000 0.000 0.000 0.000 0.000 22.428 19.428 14.428 3.429 72.429 110.429 101.429 97.431 44.435 88.439 56.444 45.450 92.457 73.464 93.470 74.475 44.481 52.485 0.000 0.000 0.000
47.189 48.188 40.187 0.000 0.000 0.000 0.000 0.000 0.000 0.000 0.000 0.000 0.000 0.000 0.000 0.000 0.000 0.000 11.218 52.218 42.218 20.218 0.000 0.000 0.000 0.000 0.000 0.000 0.000 42.216 39.216 15.216 0.000 0.000 0.000 27.212 6.212 0.000 7.212 49.211 5.211 0.000 27.210 93.210 48.209 0.209 0.000 0.000 0.000 0.000 0.000 0.000 0.000 4.428 0.000 0.000 28.428 8.428 72.426 76.426 27.427 88.428 65.431 38.435 56.440 106.445 120.451 54.457 42.464 9.475 0.000 0.000 18.280
46.192 47.190 47.189 51.189 43.190 0.000 0.000 0.000 0.000 0.000 0.000 0.000 0.000 0.000 0.000 0.000 0.000 0.000 0.000 42.218 38.218 22.218 0.000 0.000 0.000 0.000 0.000 0.000 43.216 40.216 17.216 0.000 0.000 0.000 0.000 1.212 0.000 0.000 0.000 53.211 2.211 0.000 27.210 0.000 0.000 0.000 0.000 0.000 0.000 0.000 0.000 0.000 0.000 13.428 7.428 9.428 2.428 0.000 48.420 67.419 26.418 90.417 70.417 40.419 89.422 92.427 87.432 95.438 59.445 0.000 0.000 1.247 32.261
48.195 26.192 37.190 46.190 46.190 46.190 45.190 0.000 0.000 0.000 0.000 0.000 0.000 0.000 0.000 0.000 0.000 0.000 0.000 44.218 40.218 24.218 0.000 0.000 0.000 0.000 0.000 0.000 0.000 46.216 18.216 0.000 0.000 0.000 0.000 0.000 0.000 5.211 17.211 40.211 44.211 21.211 0.000 0.000 0.000 0.000 0.000 0.000 0.000 0.000 0.000 0.000 0.000 2.428 0.428 6.428 0.000 0.000 51.415 71.413 31.409 91.404 76.401 90.401 90.403 49.407 42.412 87.419 36.432 0.000 0.221 33.232 41.240
53.198 0.000 0.000 43.190 32.190 0.000 45.190 35.190 0.000 0.000 0.000 0.000 0.000 0.000 0.000 0.000 0.000 0.000 0.000 43.218 40.218 28.218 0.000 0.000 0.000 0.000 0.000 0.000 0.000 0.000 0.000 0.000 0.000 0.000 0.000 0.000 0.000 0.000 56.211 73.211 34.211 0.000 0.000 0.000 0.000 0.000 0.000 0.000 0.000 0.000 0.000 0.000 0.000 0.000 0.000 11.428 0.000 0.000 86.412 72.409 33.402 91.388 88.383 80.382 72.383 58.386 59.390 28.394 0.000 0.000 17.210 36.217 43.222
50.199 0.000 0.000 30.190 22.190 0.000 0.000 0.000 0.000 54.199 50.198 41.198 0.000 0.000 0.000 0.000 0.000 0.000 0.000 47.218 43.218 25.218 0.000 0.000 0.000 0.000 0.000 0.000 0.000 0.000 0.000 0.000 0.000 0.000 0.000 0.000 0.000 0.000 19.211 103.211 69.211 0.211 0.000 0.000 0.000 0.000 0.000 0.000 0.000 0.000 0.000 0.000 0.000 0.000 0.000 0.000 0.000 0.000 18.412 0.000 0.000 65.362 106.361 85.360 84.361 82.363 85.367 33.373 0.000 0.000 21.202 35.204 36.205
66.200 0.000 0.000 0.000 0.000 52.199 39.199 0.000 50.199 44.199 44.198 36.198 0.000 0.000 0.000 0.000 0.000 0.000 0.000 47.218 42.218 30.218 0.000 0.000 0.000 0.000 0.000 0.000 0.000 0.000 0.000 0.000 0.000 0.000 0.000 0.000 0.000 0.000 0.000 47.211 39.211 10.211 0.000 0.000 0.000 0.000 0.000 0.000 0.000 0.000 0.000 0.000 0.000 0.000 0.000 0.000 0.000 0.000 0.000 0.000 0.000 12.338 48.338 49.337 47.338 47.339 44.343 40.358 0.000 0.000 14.193 35.192 33.191
77.200 66.200 48.200 49.200 48.200 42.199 43.199 44.199 42.199 47.199 46.198 37.198 34.198 0.000 0.000 0.000 0.000 0.000 0.000 34.218 0.000 0.000 0.000 0.000 0.000 0.000 0.000 0.000 0.000 0.000 0.000 0.000 0.000 0.000 0.000 0.000 0.000 0.000 0.000 0.211 46.211 9.211 0.000 0.000 0.000 0.000 0.000 0.000 0.000 0.000 0.000 0.000 0.000 0.000 0.000 0.000 0.000 0.000 0.000 0.000 0.000 3.314 36.315 35.314 35.313 51.311 46.309 0.000 0.000 0.000 7.183 48.181 60.177
77.200 71.200 41.200 41.200 41.200 24.199 25.199 29.199 39.199 48.199 45.198 37.198 40.198 29.198 0.000 0.000 0.000 0.000 0.000 0.000 0.000 0.000 0.000 0.000 0.000 0.000 0.000 0.000 0.000 0.000 0.000 0.000 0.000 0.000 0.000 0.000 0.000 0.000 0.000 0.000 3.211 49.211 8.211 0.000 0.000 0.000 0.000 0.000 0.000 0.000 0.000 0.000 0.000 0.000 0.000 0.000 0.000 0.000 0.000 0.000 28.280 31.290 35.293 35.292 37.289 56.283 46.273 29.251 0.000 0.000 43.176 64.172 71.166
77.200 75.200 45.200 42.200 22.200 0.000 0.000 0.000 0.000 39.198 42.198 40.198 33.198 0.000 0.000 0.000 0.000 0.000 0.000 0.000 0.000 0.000 0.000 0.000 0.000 0.000 0.000 0.000 0.000 0.000 0.000 0.000 0.000 0.000 0.000 0.000 0.000 0.000 0.000 0.000 1.211 52.211 14.211 0.000 0.000 0.000 0.000 0.000 0.000 0.000 0.000 0.000 0.000 0.000 0.000 0.000 0.000 0.000 0.000 0.260 39.270 36.273 35.274 31.272 44.268 61.260 45.248 34.230 29.204 29.187 53.174 70.164 71.155
77.200 75.200 28.200 32.200 0.000 0.000 0.000 0.000 0.000 0.000 30.198 43.198 35.198 0.000 0.000 0.000 0.000 0.000 0.000 0.000 0.000 0.000 0.000 0.000 0.000 0.000 0.000 0.000 0.000 0.000 0.000 0.000 0.000 0.000 0.000 0.000 0.000 0.000 0.000 0.000 0.000 1.211 20.211 0.000 0.000 0.000 0.000 0.000 0.000 0.000 0.000 0.000 8.238 16.238 0.000 0.000 0.000 0.000 0.000 33.251 31.257 30.259 35.258 49.255 62.250 52.241 36.230 34.215 36.197 33.182 54.168 72.157 71.145
77.200 51.200 0.000 0.000 0.000 0.000 0.000 0.000 0.000 0.000 0.000 33.198 40.198 38.198 0.000 0.000 0.000 0.000 0.000 0.000 0.000 0.000 0.000 0.000 0.000 0.000 0.000 0.000 0.000 0.000 0.000 0.000 0.000 0.000 0.000 0.000 0.000 0.000 0.000 0.000 0.000 0.000 0.000 0.000 0.000 0.000 0.000 0.000 0.000 0.000 0.000 0.000 0.000 9.238 11.238 0.000 38.239 30.240 28.241 40.245 54.247 59.247 61.245 61.240 47.234 35.226 34.215 34.202 33.188 35.174 58.161 73.148 71.136
