results1/res_4e8f-0230.wd
ncols         241
nrows         181
xllcorner     12693529.787448
yllcorner     3542525.717860
cellsize      155.156523
NODATA_value  -9999.000000
[rows 132 to 164 of 181, columns 0 to 72 of 241]
96.415 101.415 105.414 105.413 107.412 107.411 101.409 92.407 78.405 67.403 66.400 67.397 66.393 65.389 70.384 84.379 95.374 100.367 100.360 97.352 89.342 80.330 71.316 65.298 70.275 72.246 71.213 72.175 70.143 65.114 79.085 102.057 69.034 0.000 0.000 0.000 8.819 60.813 72.807 69.788 71.774 77.766 95.767 81.773 65.783 64.795 64.809 76.826 97.844 38.864 11.887 6.921 0.000 0.000 0.000 0.000 0.000 0.000 0.000 0.000 0.000 0.199 3.199 1.199 28.199 8.124 12.049 52.952 75.812 79.714 79.608 89.697 117.163
74.420 76.419 79.419 85.418 95.417 101.416 106.414 106.412 99.410 85.407 74.404 68.401 72.398 79.394 92.389 107.384 106.378 103.372 103.364 106.355 106.345 102.334 90.320 78.303 70.282 65.258 66.232 65.204 66.178 74.154 96.132 104.114 16.103 0.000 0.000 0.000 18.825 46.831 64.856 73.852 74.842 71.831 72.835 82.841 77.848 70.857 74.866 82.878 95.892 36.908 22.927 28.954 8.984 0.000 0.000 0.000 0.000 0.000 0.000 0.000 0.000 0.000 0.000 0.000 10.274 0.000 60.072 81.995 77.878 86.852 77.918 117.283 106.044
66.425 66.424 66.424 68.423 73.422 77.421 84.419 93.417 101.415 104.412 98.410 96.406 98.403 101.399 100.394 93.389 84.383 82.377 82.369 87.361 93.351 100.340 103.326 102.311 91.293 81.273 76.252 74.230 83.210 99.191 100.176 86.165 19.160 0.000 0.000 0.000 0.000 0.000 47.932 74.924 53.909 41.880 56.900 71.908 86.912 90.917 92.922 93.928 89.937 16.948 3.959 31.987 29.013 17.040 23.052 17.056 0.000 0.000 0.000 0.000 0.000 0.000 44.489 14.439 80.349 102.285 135.142 91.118 86.172 67.132 103.199 107.723 107.633
67.430 67.429 67.429 67.428 66.427 65.426 67.424 72.422 78.420 88.418 98.415 100.412 93.408 83.404 77.400 69.394 65.389 65.383 65.375 67.367 72.358 78.347 85.335 97.322 102.306 104.290 103.273 99.256 102.240 95.226 77.215 69.210 48.213 6.234 0.000 0.000 0.000 0.000 41.016 74.002 16.992 0.000 49.977 74.977 93.977 101.977 87.976 90.976 76.981 34.988 1.002 59.021 28.041 20.056 31.059 31.061 2.063 0.000 0.000 0.000 0.000 31.591 50.538 123.480 152.404 135.287 118.844 117.792 109.464 108.106 107.986 107.859 73.082
67.435 67.435 67.434 67.434 67.433 67.431 67.430 66.428 66.426 69.423 75.421 74.417 70.414 66.410 66.406 66.401 67.395 67.389 67.383 67.375 66.366 65.357 67.346 73.334 80.321 89.307 97.293 93.280 82.267 70.257 66.249 71.246 79.248 55.255 33.262 33.254 19.231 20.188 56.114 77.076 27.065 9.080 69.055 101.046 103.041 82.037 85.029 84.020 72.021 61.031 12.031 40.042 14.074 2.083 15.069 2.065 4.064 2.059 0.000 0.000 0.000 12.646 75.592 81.513 77.502 78.663 76.639 108.425 108.325 108.219 75.421 78.202 80.076
67.441 67.441 67.440 67.439 67.438 67.437 67.436 67.434 67.432 67.430 66.427 66.424 66.420 67.416 67.412 67.408 67.402 67.397 67.391 67.383 67.376 67.367 67.357 66.347 65.336 66.325 70.314 68.303 67.293 71.285 74.279 73.276 71.276 73.278 73.277 70.269 70.250 74.220 49.176 35.121 24.112 42.121 87.117 101.112 81.106 74.099 73.085 53.052 49.052 12.083 0.141 0.000 2.132 4.133 0.000 0.000 8.072 23.053 38.009 7.947 21.868 84.724 91.713 89.787 87.775 88.857 108.613 108.521 89.660 96.453 89.311 95.086 86.931
67.447 67.446 67.446 67.445 67.444 67.443 67.442 67.440 67.438 67.436 67.433 67.430 67.427 67.423 67.419 67.415 67.410 67.405 67.399 66.393 73.386 75.378 67.370 66.361 65.352 66.342 68.333 71.325 74.317 73.311 68.307 69.304 76.303 79.302 75.300 69.294 66.282 75.265 6.249 0.000 9.143 82.173 91.179 78.178 70.173 90.167 36.161 0.000 0.000 2.190 3.219 3.217 3.188 4.183 0.000 0.000 33.098 75.072 104.029 64.969 97.856 106.017 102.981 102.073 108.871 108.789 108.703 101.740 103.621 103.322 102.185 101.120 19.039
67.453 67.453 67.452 67.452 67.451 67.450 67.448 67.447 67.445 67.443 70.440 70.437 68.434 72.430 70.426 67.423 67.418 67.414 66.409 64.403 75.397 83.390 69.383 66.375 68.367 71.360 73.353 72.346 69.340 71.336 76.332 78.330 79.329 79.329 74.327 68.323 77.318 96.311 15.306 0.000 0.000 56.250 79.250 76.247 80.241 100.234 34.231 0.000 3.268 3.244 3.250 3.246 3.221 5.228 0.000 31.195 83.152 99.106 102.042 107.045 104.214 101.206 109.095 109.024 108.949 101.044 101.832 102.708 102.392 102.366 95.301 72.211 0.000
67.459 67.459 67.459 67.458 67.457 67.456 67.455 67.454 67.452 68.450 75.447 75.444 52.441 20.437 41.433 71.430 65.427 68.423 74.419 77.414 77.408 73.402 69.396 70.389 73.383 72.377 71.371 73.366 77.362 77.359 79.357 78.356 69.356 64.356 66.356 79.356 98.355 108.355 30.357 0.000 0.000 31.326 87.323 89.318 96.310 95.298 31.298 0.000 3.293 1.292 2.292 3.294 0.000 9.281 35.280 79.246 101.176 104.201 103.296 103.303 102.399 109.229 109.163 101.242 102.046 102.911 102.701 102.559 102.519 94.454 86.414 0.000 0.000
67.466 67.465 67.465 67.465 67.464 67.463 67.462 67.461 67.459 69.458 78.455 89.452 65.448 2.445 8.439 56.439 82.437 74.433 72.429 72.425 70.420 69.415 71.409 73.404 71.399 67.393 69.389 81.385 83.382 73.381 67.380 64.380 64.381 69.383 83.385 99.388 96.392 80.398 52.409 20.436 14.437 58.406 87.397 69.393 60.383 52.349 17.366 1.405 1.341 22.332 13.333 3.345 0.000 28.335 79.319 101.248 103.455 102.456 102.570 109.415 109.355 109.293 101.300 103.188 102.903 102.780 102.728 102.659 96.585 83.524 73.489 0.000 0.000
67.472 67.472 67.472 67.471 67.471 67.470 67.469 67.468 67.467 69.466 79.464 66.461 22.455 4.456 0.000 24.449 78.447 70.444 72.440 71.436 69.432 72.427 73.423 70.418 67.414 63.410 73.406 87.403 74.402 64.401 65.402 70.404 80.406 91.410 102.414 95.419 73.426 68.435 87.447 94.461 95.468 99.465 74.467 35.474 7.481 0.000 1.547 1.552 0.000 35.348 22.363 2.410 33.430 79.382 101.416 103.617 102.643 109.578 109.526 109.472 101.561 102.363 103.256 102.957 102.945 102.888 102.816 103.727 91.650 62.567 51.528 9.528 3.528
66.479 66.479 67.478 67.478 67.478 67.477 67.477 67.476 67.475 70.474 80.473 51.472 0.000 10.468 48.469 50.462 67.458 69.455 57.451 39.448 77.444 72.440 68.436 67.432 65.429 67.425 83.422 86.421 68.420 71.421 83.423 92.427 101.431 99.436 87.442 73.449 66.458 82.469 86.482 74.496 55.508 53.518 41.533 21.553 10.586 4.651 2.668 22.682 17.701 0.000 0.000 27.475 79.535 102.657 103.691 101.811 109.675 109.627 101.719 102.534 103.415 103.224 103.105 103.084 103.034 102.985 105.917 69.788 49.719 0.000 0.000 0.000 0.000
75.486 73.486 70.485 68.485 65.485 65.485 65.485 65.484 64.484 69.483 81.482 64.482 45.484 53.479 71.476 67.473 64.469 70.466 65.463 52.460 72.456 66.453 65.450 65.446 67.443 81.440 89.438 55.437 47.437 97.440 102.443 97.448 86.454 76.461 68.469 64.478 75.488 87.501 55.515 30.532 13.549 4.569 21.592 20.621 10.657 11.700 14.726 42.737 26.719 0.000 0.000 59.770 101.813 100.948 109.810 109.767 109.722 101.753 103.650 103.378 103.273 103.245 105.204 100.156 102.128 103.102 114.081 0.000 0.000 0.000 0.000 0.000 0.000
76.494 78.493 84.491 85.491 85.492 82.492 83.493 82.492 81.492 81.491 83.491 66.490 70.490 69.488 66.485 69.482 69.480 68.477 73.474 75.472 69.469 63.466 65.463 67.460 81.457 86.454 75.452 69.451 78.452 101.456 84.463 75.469 67.477 65.485 67.494 66.504 80.517 89.531 53.547 29.567 17.589 19.615 22.646 14.682 15.723 21.765 23.800 16.822 0.000 0.000 38.011 80.032 109.927 109.890 109.852 101.982 102.791 103.693 103.403 103.402 104.362 104.319 77.278 55.218 90.219 104.214 109.224 49.282 0.000 0.000 0.000 0.000 0.000
69.503 63.501 16.496 18.496 27.499 74.500 71.501 71.501 71.500 75.500 84.499 65.499 66.498 65.496 68.494 72.492 73.490 71.488 70.486 73.484 74.481 71.479 65.477 82.474 88.471 79.468 85.464 102.463 99.465 81.471 69.481 65.490 67.499 67.508 66.518 71.529 87.543 89.559 81.577 84.599 55.624 17.656 9.694 8.739 20.787 27.836 17.885 14.932 6.963 33.132 81.180 109.995 109.962 102.120 102.932 103.822 103.637 103.525 103.512 104.468 102.429 96.391 21.372 0.000 72.315 107.312 104.319 103.340 0.000 0.000 0.000 0.000 0.000
67.513 59.513 0.000 0.508 9.509 70.509 66.509 66.509 66.509 70.509 84.508 62.507 66.507 70.505 72.504 73.502 70.501 67.499 65.497 67.496 77.494 90.492 85.490 86.488 63.485 57.481 109.475 95.472 62.473 22.482 42.501 70.511 67.520 67.529 69.540 62.552 46.567 36.584 48.603 88.626 64.654 17.690 12.736 7.792 16.849 21.910 15.973 21.032 21.115 59.261 110.044 101.306 105.047 103.955 103.770 103.663 103.641 103.608 104.569 104.534 69.497 45.445 31.446 34.455 85.413 106.400 102.402 93.418 11.452 0.000 0.000 0.000 0.000
67.523 67.524 50.529 0.518 10.518 71.518 67.518 67.518 66.518 67.517 82.517 69.516 72.516 74.515 73.514 68.512 65.511 66.510 66.509 65.508 75.507 98.506 94.505 81.503 74.501 65.496 41.483 30.476 17.475 0.000 23.529 72.534 67.541 69.550 52.561 26.573 11.588 8.606 50.626 67.649 36.676 8.715 11.768 16.843 23.908 19.979 14.067 7.144 10.436 58.486 110.107 104.194 103.958 103.782 103.769 103.736 103.698 103.663 101.630 92.601 25.580 0.000 42.513 101.504 106.484 104.473 98.470 88.476 6.487 0.000 0.000 0.000 0.000
64.532 66.533 63.534 0.000 6.528 71.528 66.527 64.527 66.527 70.526 74.526 73.525 73.525 71.524 65.523 66.523 66.522 67.521 67.520 72.520 90.519 89.519 82.519 91.519 89.520 60.520 0.000 0.000 0.000 0.000 21.551 72.554 67.560 70.569 41.579 3.592 37.608 63.625 83.645 52.667 4.688 0.754 0.821 5.905 15.958 16.036 16.138 10.371 6.980 110.285 110.198 103.099 103.949 103.852 103.820 103.784 103.750 105.717 90.687 73.661 33.642 9.634 57.589 87.566 96.547 105.535 94.530 83.530 5.533 0.000 0.000 0.000 0.000
71.540 69.541 58.542 0.000 57.537 65.537 67.536 71.536 72.536 73.535 71.535 72.535 70.534 66.534 66.533 67.533 67.532 66.532 68.532 91.532 90.532 72.532 85.533 83.535 87.538 85.544 48.561 4.571 13.576 43.576 48.571 68.572 67.577 67.585 62.596 54.609 71.624 70.642 64.663 86.686 34.710 0.780 0.846 9.931 14.985 13.063 14.157 38.298 62.687 110.367 105.423 105.175 104.917 103.906 103.869 103.835 104.801 102.770 57.740 34.714 46.692 47.671 101.644 103.621 83.604 93.592 88.585 61.582 26.581 0.000 0.000 0.000 0.000
72.548 73.549 70.549 58.551 72.547 72.546 72.545 73.545 73.545 74.544 86.544 68.544 66.544 66.543 67.543 67.543 67.543 68.543 82.543 93.543 68.544 72.545 99.546 91.549 79.553 82.559 85.568 69.575 74.580 89.582 82.583 70.586 63.592 63.600 74.610 90.623 77.638 49.657 21.679 76.706 65.742 14.799 17.857 22.921 18.988 10.074 12.140 53.420 105.667 110.444 102.402 105.057 105.988 103.952 103.918 103.884 96.851 86.820 43.790 14.763 23.739 24.716 85.693 127.672 108.656 84.643 76.635 55.631 64.629 17.629 0.000 3.844 7.844
77.556 77.556 73.556 73.556 73.555 74.555 74.554 70.554 67.553 66.553 29.553 19.553 70.553 67.553 67.553 67.553 66.553 69.553 93.554 79.554 64.555 70.557 87.559 104.562 99.565 96.571 94.577 90.582 86.587 85.590 93.593 90.598 84.603 80.611 83.621 87.634 49.649 13.668 12.689 28.715 24.754 9.805 18.852 28.907 24.976 16.074 9.234 52.488 110.586 110.516 105.294 107.141 104.031 104.001 104.965 100.931 84.899 77.867 83.838 89.811 73.785 95.761 110.739 127.719 136.703 120.690 82.682 87.677 62.676 0.000 0.000 0.000 0.000
16.563 17.563 77.562 72.563 72.563 67.563 64.563 66.562 61.562 14.562 14.562 3.562 71.562 67.562 67.563 67.563 67.563 85.564 92.564 65.565 67.567 67.568 70.571 76.573 78.577 78.581 74.586 77.591 93.595 86.599 77.603 80.607 87.613 91.621 94.631 91.643 66.658 31.676 14.695 13.712 0.000 2.813 13.841 22.881 6.928 0.000 22.449 82.697 110.653 102.633 106.363 106.101 104.087 104.048 105.012 99.978 86.945 52.913 59.884 102.856 113.829 145.805 136.783 108.763 96.746 113.733 92.724 86.720 61.721 0.748 0.000 0.000 0.000
3.571 12.570 26.568 81.570 66.571 64.571 66.571 66.571 67.571 14.571 5.571 60.571 68.572 67.572 67.572 67.573 69.573 93.574 78.575 64.576 67.578 67.579 67.582 66.584 66.587 66.591 65.595 72.599 101.603 80.607 11.611 19.616 31.621 82.628 92.637 76.648 81.663 68.682 20.703 17.726 2.758 7.792 20.819 12.846 0.000 0.000 40.618 110.782 110.718 105.516 107.258 103.168 104.131 104.094 104.058 104.023 90.990 53.958 68.927 105.899 101.872 135.847 130.824 99.803 104.786 90.772 71.762 89.758 67.760 1.773 0.000 0.000 0.000
65.580 61.580 0.000 73.580 83.580 84.579 65.579 77.579 84.580 60.580 58.580 68.580 67.581 67.581 67.582 67.583 86.583 90.584 65.585 67.586 66.588 65.590 67.592 67.595 67.598 67.601 66.604 74.608 103.611 84.615 30.619 3.623 54.628 79.634 92.641 71.651 61.664 20.685 13.710 16.732 14.755 22.779 26.797 0.822 0.000 19.533 81.789 110.843 102.768 106.494 106.237 104.218 104.176 104.138 104.102 105.067 96.033 85.001 107.970 132.940 120.912 137.886 134.862 128.841 135.822 101.806 78.795 88.789 96.789 25.792 0.000 0.000 0.000
67.588 66.589 61.592 67.589 66.588 14.588 88.588 80.588 67.588 68.588 68.589 67.589 67.590 67.591 67.591 70.592 93.593 76.594 66.595 67.596 73.598 81.600 67.602 65.605 67.608 66.610 69.613 93.616 101.620 76.623 64.626 52.630 74.634 73.638 34.643 19.649 16.657 0.000 5.721 5.735 6.753 7.772 9.784 0.000 22.576 79.741 101.921 110.902 103.731 104.376 104.300 104.259 104.219 104.181 104.144 105.109 96.075 79.042 75.010 107.980 97.951 111.924 114.899 102.875 104.854 76.837 53.823 67.815 134.813 87.815 22.827 12.834 34.839
67.596 67.596 67.597 67.596 67.596 61.596 77.596 93.596 69.597 66.597 67.598 67.598 67.599 67.600 66.601 89.602 91.603 65.604 67.605 68.606 65.608 27.610 86.613 81.615 68.617 66.620 84.622 103.625 87.628 67.631 67.633 68.636 71.639 75.642 12.644 13.647 0.000 2.716 17.717 0.000 0.735 0.000 0.000 0.000 45.679 102.868 111.014 110.959 103.615 104.451 104.336 104.301 104.261 104.223 104.186 103.150 88.115 90.082 110.050 129.019 127.989 132.960 137.933 124.907 122.883 109.862 58.846 56.836 132.831 96.830 34.831 27.835 92.841
67.603 67.604 67.604 67.604 67.604 67.604 67.604 78.604 93.605 69.606 66.606 67.607 67.608 65.609 73.610 94.611 74.612 66.613 68.614 66.615 8.618 5.620 74.623 75.625 81.627 80.629 88.631 87.634 68.636 66.638 68.641 71.643 76.645 76.646 0.000 0.000 0.000 4.714 28.715 15.715 16.717 15.717 0.000 6.751 53.909 108.078 111.068 102.950 104.668 104.403 104.385 104.341 104.302 104.263 104.226 104.190 90.155 86.121 107.088 108.056 108.025 110.995 110.966 109.938 114.910 87.883 63.863 78.852 93.846 32.844 0.000 0.000 36.847
67.611 69.611 69.611 67.611 67.611 67.611 67.612 67.612 78.613 93.614 69.615 64.616 64.617 81.618 93.620 87.621 64.622 67.623 63.624 9.622 6.628 60.631 67.633 67.635 73.636 90.638 90.640 83.642 76.644 68.646 55.648 25.650 90.651 70.652 0.000 0.000 0.000 3.712 17.713 10.714 24.715 13.716 0.000 6.886 26.988 111.172 111.120 103.819 104.555 104.462 104.421 104.380 104.341 104.302 104.265 105.229 100.193 90.159 85.125 84.092 84.060 84.028 83.998 87.967 61.935 5.897 31.873 87.861 83.856 44.855 6.859 0.000 35.852
68.618 5.618 6.618 67.618 66.619 65.619 65.620 64.620 64.621 77.622 92.624 85.625 92.626 94.628 81.629 65.631 72.632 72.634 60.635 0.000 8.640 71.641 67.643 69.644 93.646 100.647 78.649 69.651 76.652 83.654 71.655 7.657 50.658 68.659 0.000 0.000 0.000 4.709 10.710 7.713 21.714 0.000 0.000 6.940 12.256 111.222 109.067 104.784 104.526 104.503 104.459 104.418 104.378 104.340 104.303 104.266 105.231 104.196 102.161 101.127 101.094 102.061 104.030 77.998 19.967 0.000 16.868 72.864 103.862 94.862 67.863 43.863 60.857
67.625 66.625 1.625 66.625 77.626 81.627 85.627 90.628 93.629 94.631 94.632 94.633 80.635 67.637 83.638 100.640 101.642 101.645 94.648 72.653 7.652 68.652 66.653 75.654 103.656 90.657 67.658 66.659 68.660 71.661 62.663 7.664 27.665 27.666 0.000 0.000 0.000 10.704 5.707 0.000 4.714 0.000 14.957 16.174 6.602 111.271 113.018 108.658 104.580 104.537 104.495 104.454 104.415 104.377 104.340 104.303 104.268 104.233 104.198 104.162 105.127 108.093 80.062 13.030 0.000 5.926 0.000 17.866 73.867 104.868 95.869 71.867 48.861
67.632 69.632 65.632 67.633 82.633 81.634 77.635 73.636 72.637 68.639 89.640 79.642 90.644 81.646 97.648 93.650 86.652 87.655 98.657 104.660 93.661 94.662 86.663 94.664 102.665 75.666 66.667 67.668 67.668 66.669 66.670 68.671 63.673 12.675 72.682 63.687 2.691 4.696 0.000 0.000 0.000 5.963 84.007 81.210 111.363 111.318 106.894 107.725 104.608 104.571 104.529 104.489 104.450 104.412 104.376 104.340 104.304 104.269 104.234 106.197 111.157 80.124 20.093 0.000 0.000 2.926 1.926 0.000 14.871 65.875 100.876 50.876 0.000
69.638 5.639 64.639 67.639 67.640 67.641 66.642 67.643 69.645 67.646 79.648 74.650 83.652 94.655 82.657 67.659 68.662 69.664 70.667 75.669 88.671 98.672 104.673 102.674 91.675 67.675 67.676 67.676 67.676 67.677 68.677 91.678 64.679 4.681 68.684 18.687 12.690 5.693 0.000 0.000 0.000 15.950 104.156 106.368 111.406 105.223 104.933 104.668 104.648 104.603 104.562 104.523 104.484 104.447 104.411 104.375 104.341 104.306 106.272 91.235 45.182 12.153 0.000 4.927 2.927 22.926 29.926 0.000 0.000 36.885 98.885 50.886 0.000
70.645 3.645 64.646 67.646 67.647 67.648 67.649 68.651 6.652 66.654 70.656 81.658 81.661 89.663 94.666 80.669 65.672 65.674 65.677 67.679 69.681 70.683 71.684 71.684 70.685 69.685 65.684 65.685 66.685 67.684 78.684 92.684 63.684 57.684 59.685 0.000 0.000 5.693 0.000 0.000 0.000 20.046 103.168 111.491 111.449 104.081 104.813 104.718 104.676 104.634 104.594 104.555 104.518 104.481 104.445 104.411 104.376 104.344 109.313 65.289 0.000 0.000 2.930 0.928 2.927 17.926 24.925 0.000 0.000 39.894 99.895 58.895 0.000
