results1/res_4e8_norain-0021.wd
ncols         241
nrows         181
xllcorner     12693529.787448
yllcorner     3542525.717860
cellsize      155.156523
NODATA_value  -9999.000000
[rows 33 to 65 of 181, columns 75 to 149 of 241]
0.000 0.000 0.000 0.000 0.000 0.000 0.000 0.000 0.000 0.000 0.000 0.000 0.000 0.000 0.000 0.000 0.000 0.000 0.000 0.000 0.000 0.000 0.000 0.000 0.000 0.000 0.000 0.000 0.000 0.000 0.000 0.000 0.000 0.000 0.000 0.000 0.000 22.834 45.835 50.837 6.839 0.000 0.000 15.952 29.973 0.000 0.000 20.095 23.116 17.142 18.169 19.198 19.228 19.257 19.283 18.299 24.297 44.275 0.000 0.000 0.000 32.730 49.522 54.269 53.012 53.778 52.466 54.696 49.876 49.473 49.728 52.129 51.483 51.355 52.143
0.000 0.000 0.000 0.000 0.000 0.000 0.000 0.000 0.000 0.000 0.000 0.000 0.000 0.000 0.000 0.000 0.000 0.000 0.000 0.000 0.000 0.000 0.000 0.000 0.000 0.000 0.000 0.000 0.000 0.000 0.000 0.000 0.000 0.000 0.000 0.000 0.000 0.000 0.000 0.000 0.000 0.000 0.000 0.000 12.019 0.000 0.000 10.125 34.157 33.184 23.213 19.247 19.284 19.325 19.366 18.400 40.406 38.340 0.000 22.909 35.658 49.194 53.871 53.580 53.320 52.984 54.192 50.339 49.649 50.168 52.603 51.965 51.843 51.631 52.438
0.000 0.000 0.000 0.000 0.000 0.000 0.000 0.000 0.000 0.000 0.000 0.000 0.000 0.000 0.000 0.000 9.619 41.619 0.000 0.000 0.000 0.000 0.000 0.000 0.000 0.000 0.000 0.000 0.000 0.000 0.000 0.000 0.000 0.000 0.000 0.000 0.000 0.000 0.000 0.000 0.000 0.000 0.000 0.000 4.064 0.000 0.000 0.000 12.202 30.223 30.254 21.293 19.338 19.393 17.457 33.529 42.586 0.000 8.426 33.162 47.870 54.516 54.185 53.891 53.524 55.704 51.819 49.943 50.620 53.076 52.443 52.327 52.116 51.919 51.723
0.000 0.000 0.000 0.000 0.000 0.000 0.000 0.000 0.000 0.000 34.610 0.000 0.000 0.000 0.000 0.000 16.620 67.620 23.620 0.000 0.000 0.000 0.000 0.000 0.000 0.000 0.000 0.000 0.000 0.000 0.000 0.000 0.000 0.000 0.000 0.000 0.000 0.000 0.000 0.000 0.000 0.000 0.000 0.000 7.111 8.141 15.165 1.199 11.226 19.253 32.289 23.332 19.384 16.450 27.543 37.674 26.824 2.896 32.691 50.441 55.146 54.812 54.492 54.093 54.239 53.324 50.348 51.095 53.562 52.932 52.818 52.606 52.405 52.202 52.001
0.000 0.000 0.000 0.000 0.000 0.000 0.000 0.000 0.000 17.610 52.610 41.611 28.612 0.000 0.000 1.620 55.620 63.620 28.621 0.000 0.000 0.000 0.000 5.925 0.000 0.000 0.000 0.000 0.000 0.000 0.000 0.000 0.000 0.000 0.000 0.000 0.000 0.000 0.000 0.000 12.085 0.000 0.000 23.122 38.127 41.147 39.173 25.206 19.239 18.275 32.317 23.363 15.415 29.483 43.590 31.801 20.139 35.187 40.022 52.767 55.455 55.126 54.699 54.806 52.860 50.866 51.598 54.069 53.441 53.327 53.111 52.904 52.692 52.482 52.274
0.000 0.000 0.000 0.000 0.000 0.000 0.000 0.000 0.000 0.000 50.611 33.612 14.613 0.000 0.000 47.621 58.621 65.622 24.622 0.000 0.000 0.000 0.000 43.926 27.926 0.000 0.000 0.000 0.000 0.000 0.000 0.000 0.000 0.000 7.050 19.050 21.051 0.000 0.000 3.080 28.086 7.094 21.105 44.118 47.130 48.149 45.175 32.210 19.248 16.292 33.341 24.387 28.432 46.478 40.533 0.000 18.747 37.657 50.445 56.147 55.811 55.359 55.421 53.443 51.515 52.138 54.605 53.979 53.864 53.643 53.427 53.202 52.979 52.760 52.542
0.000 0.000 0.000 0.000 0.000 0.000 0.000 0.000 0.000 0.000 0.000 1.613 39.615 35.618 23.620 36.621 56.622 67.623 20.624 0.000 0.000 0.000 0.000 5.926 29.928 31.931 0.000 0.000 0.000 0.000 0.000 0.000 0.000 0.000 23.050 24.051 36.053 19.059 8.066 22.076 23.084 19.093 26.103 33.115 31.127 24.144 43.168 9.210 25.254 28.304 18.368 30.415 43.448 40.462 0.000 0.000 30.444 47.248 55.954 56.583 56.110 56.114 53.101 52.346 52.728 55.180 54.553 54.435 54.211 53.986 53.745 53.499 53.261 54.039 46.814
0.000 0.000 0.000 0.000 0.000 0.000 0.000 0.000 0.000 0.000 0.000 0.000 58.617 53.619 43.621 33.622 57.624 65.626 60.628 45.631 0.633 0.000 0.000 0.000 0.000 39.935 23.940 21.943 32.946 27.949 0.000 0.000 0.000 0.000 23.049 22.050 43.053 49.058 38.065 30.073 22.081 19.091 20.100 21.111 20.121 18.133 26.142 0.000 0.000 0.000 23.412 46.457 44.483 0.000 0.000 30.917 44.336 53.947 57.509 57.104 57.917 53.885 53.457 53.396 55.808 55.173 55.046 54.818 54.590 54.341 54.071 53.787 53.529 53.322 39.186
0.000 0.000 0.000 0.000 0.000 0.000 0.000 0.000 0.000 0.000 0.000 0.000 0.000 30.620 5.622 41.624 60.626 65.628 63.631 61.634 50.637 9.639 0.000 0.000 0.000 0.000 34.942 34.945 47.948 45.951 38.957 33.962 0.000 0.000 0.000 27.046 46.051 53.057 45.063 29.071 18.079 19.089 19.098 19.107 19.116 19.123 23.128 0.000 0.000 0.000 0.000 30.518 0.858 1.011 35.957 40.494 52.059 58.595 58.428 56.656 54.957 55.025 54.189 56.518 55.855 55.705 55.463 55.230 54.984 54.718 54.412 54.048 54.747 46.533 29.422
0.000 0.000 0.000 0.000 0.000 0.000 0.000 0.000 0.000 0.000 0.000 0.000 0.000 0.000 62.624 62.626 64.628 64.631 63.634 57.637 51.640 22.641 0.000 0.000 0.000 0.000 0.000 2.946 47.949 41.953 56.959 53.967 32.984 12.002 13.020 22.040 44.048 53.055 44.061 27.068 17.076 22.087 21.097 19.106 19.112 19.116 20.118 12.116 0.000 0.000 0.000 0.000 0.000 38.711 41.401 49.069 59.669 59.723 58.077 59.973 57.358 55.187 57.351 56.625 56.426 56.151 55.900 55.651 55.401 55.136 53.811 62.245 59.878 32.642 22.548
0.000 0.000 0.000 0.000 0.000 19.291 0.000 0.000 37.319 26.322 30.325 5.327 0.000 0.000 0.000 70.629 64.631 61.633 58.636 61.640 52.644 15.646 0.000 0.000 0.000 0.000 0.000 0.000 0.000 0.000 45.961 46.963 0.000 0.000 0.000 26.044 44.048 49.053 39.060 30.066 28.071 0.000 0.000 25.108 19.111 19.113 20.115 26.114 34.112 0.000 0.000 0.000 11.475 44.165 47.881 58.566 60.706 60.333 63.893 62.436 56.579 58.364 57.515 57.227 56.895 56.605 56.331 56.073 55.832 55.615 61.451 0.000 0.000 11.610 29.579
0.000 0.000 0.000 0.000 0.000 39.291 0.000 31.312 33.317 45.322 28.326 13.329 0.000 0.000 0.000 55.630 67.632 64.635 64.639 65.645 59.650 13.653 0.000 0.000 0.000 0.000 0.000 0.000 0.000 0.000 0.000 30.963 0.000 0.000 0.000 32.046 29.048 41.050 0.000 0.000 0.000 0.000 0.000 0.000 29.110 23.111 0.000 16.112 50.112 33.111 0.000 0.000 15.794 49.560 58.385 61.443 61.177 65.500 64.850 57.969 59.478 58.507 58.110 57.701 57.354 57.037 56.746 56.479 56.239 56.041 60.926 4.004 0.000 0.000 0.000
28.214 0.000 0.000 0.000 0.000 50.292 26.298 28.308 34.316 58.323 59.329 54.335 8.340 0.000 0.000 0.000 15.634 69.636 64.642 65.650 62.658 21.664 0.000 0.000 0.000 0.000 0.000 0.000 0.000 0.000 0.000 0.000 0.000 0.000 0.000 0.000 0.000 0.000 0.000 0.000 0.000 0.000 0.000 0.000 0.000 4.109 1.108 0.000 0.000 0.000 0.000 4.666 42.264 59.262 60.944 61.864 66.205 65.938 58.928 60.466 59.489 59.024 58.550 58.144 57.777 57.444 57.139 56.858 56.605 56.385 59.210 43.082 0.689 0.000 0.000
32.215 28.217 0.000 0.000 0.000 42.287 44.295 44.306 56.316 53.325 65.334 64.341 25.346 0.000 0.000 0.000 0.000 71.634 64.642 65.655 62.669 22.682 0.000 0.000 0.000 31.897 43.908 12.918 0.000 0.000 0.000 0.000 0.000 0.000 0.000 0.000 0.000 0.000 0.000 0.000 0.000 0.000 0.000 0.000 0.000 0.000 0.000 0.000 0.000 0.000 2.435 42.961 60.058 60.710 66.857 66.432 60.033 60.629 61.158 60.353 59.888 59.392 58.949 58.542 58.169 57.824 57.506 57.211 56.937 63.684 4.447 0.000 13.933 0.000 0.000
34.216 35.219 27.223 0.000 32.261 27.273 35.291 48.304 52.316 63.330 64.340 63.349 32.356 0.000 0.000 0.000 0.000 70.624 64.638 65.658 60.682 40.713 24.762 25.806 25.847 33.885 54.911 21.928 0.000 0.000 0.000 0.000 0.000 0.000 0.000 0.000 0.000 0.000 0.000 0.000 0.000 0.000 0.000 0.000 0.000 0.000 0.000 0.000 0.323 30.969 40.677 59.724 61.401 68.134 67.596 60.470 62.226 61.597 61.086 60.650 60.178 59.732 59.308 58.909 58.533 58.178 57.850 57.542 64.250 9.967 0.000 0.000 0.301 0.831 1.926
48.217 31.221 35.227 35.237 26.249 19.256 0.000 0.000 0.000 53.338 64.346 62.362 47.375 14.393 0.000 0.000 39.570 60.600 65.628 64.658 65.690 55.726 31.768 28.809 27.849 36.888 54.922 37.956 24.003 25.040 29.067 40.084 4.091 0.000 0.000 0.000 0.000 0.000 0.000 0.000 0.000 0.000 0.000 0.000 0.000 0.000 0.000 0.000 11.434 51.251 59.273 61.987 68.847 68.541 61.078 62.790 62.056 61.722 61.314 60.888 60.464 60.047 59.643 59.253 58.874 58.508 58.173 63.859 10.554 0.000 0.000 0.000 0.076 0.844 0.000
64.219 35.222 29.228 30.236 32.242 32.245 21.243 0.000 0.000 0.000 0.000 69.376 59.388 37.411 29.448 36.489 35.540 37.580 45.617 46.655 33.693 30.733 28.774 28.815 27.855 36.894 51.933 30.972 28.014 33.050 49.078 52.095 37.098 11.097 0.000 0.000 0.000 0.000 0.000 0.000 0.000 0.000 0.000 0.000 0.000 0.000 0.000 2.125 43.904 59.631 62.534 69.211 69.069 61.645 63.345 62.615 62.304 61.917 61.529 61.135 60.739 60.349 59.965 59.586 59.204 58.806 64.475 10.167 0.000 0.000 0.000 0.000 0.000 0.000 0.000
64.218 50.220 0.000 0.000 37.239 33.241 44.241 35.241 0.000 0.000 0.000 57.380 54.392 39.414 30.445 27.480 27.521 30.562 43.607 51.652 54.696 47.740 37.781 30.821 29.861 45.902 48.944 23.986 28.029 28.069 29.102 33.119 12.108 0.000 0.000 0.000 0.000 0.000 0.000 0.000 0.000 0.000 0.000 0.000 0.000 4.957 36.729 44.740 58.304 69.650 69.343 62.501 63.157 63.796 63.170 62.861 62.488 62.124 61.754 61.382 61.011 60.644 60.282 59.922 60.549 67.037 10.756 0.000 0.000 0.000 0.000 0.000 0.000 0.000 0.000
64.217 64.220 51.224 34.229 34.235 34.238 25.240 0.000 0.000 0.000 50.355 47.370 50.388 43.410 44.437 44.467 44.501 47.540 42.599 42.649 44.698 48.750 49.789 47.827 43.867 54.909 52.954 41.001 42.048 42.096 44.140 19.173 0.000 0.000 0.000 0.000 0.000 0.000 0.000 0.000 0.000 0.000 0.000 0.000 39.317 40.075 61.224 61.909 70.652 70.221 64.881 64.662 64.113 63.711 63.394 63.037 62.687 62.334 61.981 61.628 61.279 60.935 60.597 61.271 65.035 0.000 0.000 0.000 0.000 0.000 0.000 0.000 0.000 0.000 0.000
63.217 64.220 61.224 39.228 33.233 34.237 35.242 27.247 0.000 42.321 39.340 40.359 41.379 36.401 40.426 45.452 53.477 38.498 0.000 0.000 0.000 47.775 43.799 43.832 43.871 43.915 43.963 44.014 44.069 44.126 42.189 37.261 10.357 0.000 0.000 32.281 39.418 51.601 21.751 0.000 0.000 0.000 0.000 40.706 51.552 63.600 64.352 71.244 70.987 65.421 65.165 64.495 64.229 63.902 63.564 63.227 62.887 62.547 62.207 61.871 61.541 61.221 61.901 64.533 12.283 0.000 0.000 0.000 0.000 0.000 0.000 0.000 0.000 0.000 0.000
53.218 64.220 64.224 54.227 30.232 33.237 34.243 34.253 40.274 49.302 33.325 30.347 28.368 35.391 50.414 49.436 34.458 14.478 0.000 0.000 0.000 0.000 32.801 27.830 27.870 27.917 27.969 29.025 32.086 33.152 33.229 32.324 33.455 32.658 32.877 42.144 49.373 47.634 54.902 53.174 48.306 46.322 49.159 61.159 64.889 64.807 71.563 71.436 65.943 65.671 64.992 64.731 64.400 64.074 63.746 63.416 63.087 62.758 62.431 62.108 61.795 62.505 63.255 1.973 0.000 0.000 0.000 0.000 0.000 0.000 0.000 0.000 0.000 0.000 0.000
31.218 59.221 63.223 44.227 27.230 26.235 34.241 34.250 33.266 27.289 28.313 34.336 51.357 50.380 33.403 26.423 16.440 0.000 36.619 45.642 41.677 42.721 45.775 48.818 47.864 48.914 51.971 51.032 48.097 50.169 45.251 31.352 35.479 34.643 39.830 58.046 65.296 62.660 57.050 52.312 54.443 61.386 66.642 65.398 71.970 71.688 65.748 67.424 66.090 65.503 65.231 64.898 64.576 64.252 63.928 63.607 63.287 62.969 62.651 63.334 61.025 56.750 8.502 0.000 0.000 0.000 0.000 0.000 0.000 0.000 0.000 0.000 0.000 0.000 0.000
24.219 43.221 54.223 29.226 21.229 28.232 26.235 33.241 34.252 34.274 27.304 44.325 36.346 25.370 28.394 20.414 0.000 45.564 48.597 48.630 50.668 51.711 54.759 58.805 57.852 57.905 57.969 60.036 61.102 59.174 47.257 33.353 35.468 35.604 35.754 38.916 13.106 0.000 77.322 119.604 97.627 63.960 65.820 72.901 72.494 66.110 68.910 66.391 66.018 65.729 65.400 65.078 64.752 64.428 64.109 63.795 63.487 63.180 64.871 59.553 48.222 3.004 0.000 0.000 0.000 0.000 0.000 0.000 0.000 0.000 0.000 0.000 0.000 0.000 0.000
0.000 0.217 35.223 17.224 0.000 23.229 28.227 28.226 34.228 23.251 0.000 28.315 26.333 28.359 29.389 39.424 53.474 50.532 52.575 58.614 68.654 112.697 109.745 109.790 109.835 109.886 110.965 95.040 27.102 30.170 28.248 36.337 35.438 32.550 30.668 12.756 0.000 0.000 0.000 45.032 62.322 67.200 73.503 73.233 65.627 67.398 66.762 66.523 66.220 65.903 65.583 65.257 64.929 64.601 64.283 63.978 64.684 63.394 55.101 43.784 1.563 0.000 0.000 0.000 0.000 0.000 0.000 0.000 0.000 0.000 0.000 0.000 0.000 0.000 0.000
0.000 50.221 28.222 0.000 0.000 0.000 22.218 35.209 27.184 0.000 0.000 36.287 27.312 38.345 51.381 51.421 56.466 59.514 52.558 38.598 29.638 25.679 23.734 26.777 27.812 14.840 0.000 32.057 29.097 28.156 32.228 36.309 33.396 25.489 32.614 13.685 0.000 0.000 40.905 57.814 67.641 73.887 73.722 66.135 67.891 67.250 67.019 66.713 66.407 66.091 65.769 65.440 65.104 64.766 64.445 65.151 60.879 49.610 6.355 0.000 0.000 0.000 0.000 0.000 0.000 0.000 0.000 0.000 0.000 0.000 0.000 0.000 0.000 0.000 0.000
42.963 0.000 0.000 0.000 0.000 0.000 0.000 0.000 31.114 29.121 37.166 34.236 34.284 34.327 51.369 65.412 54.457 34.501 32.544 27.584 29.620 20.649 0.000 32.772 29.798 18.822 0.000 33.035 28.074 29.130 36.199 34.277 32.347 14.398 0.000 0.000 37.696 35.554 52.302 68.218 74.083 66.959 67.576 68.298 67.753 67.518 67.214 66.915 66.605 66.286 65.961 65.629 65.282 65.912 65.582 55.301 40.071 2.867 0.000 0.000 0.000 0.000 0.000 0.000 0.000 0.000 0.000 0.000 0.000 0.000 0.000 0.000 0.000 0.000 0.000
31.021 0.000 0.000 43.215 36.266 30.325 0.000 0.000 49.039 46.083 33.142 34.205 34.261 35.311 56.357 108.403 101.447 48.491 103.533 24.573 28.611 28.648 30.690 28.743 28.784 28.829 30.892 26.975 27.034 36.092 35.161 32.252 27.319 16.358 0.000 0.000 39.836 46.703 68.721 67.633 74.442 68.018 68.653 68.253 68.016 67.723 67.429 67.124 66.811 66.489 66.161 65.834 67.483 63.021 44.668 31.402 33.236 0.000 0.000 0.000 0.000 0.000 0.000 0.000 0.000 0.000 0.000 0.000 0.000 0.000 0.000 0.000 0.000 0.000 0.000
0.000 0.000 0.000 26.164 35.259 32.384 50.560 44.734 49.920 58.030 49.113 34.184 34.244 34.298 33.347 27.394 22.439 27.483 24.524 28.564 28.602 28.641 28.681 28.725 28.769 28.816 27.874 32.939 34.994 36.042 20.101 0.000 20.319 0.000 0.000 0.000 44.083 66.030 70.070 75.558 75.050 68.121 68.816 68.502 68.235 67.950 67.652 67.343 67.026 66.698 66.359 65.064 26.795 0.000 0.000 0.000 0.000 0.000 0.000 0.000 0.000 0.000 0.000 0.000 0.000 0.000 0.000 0.000 0.000 0.000 0.000 0.000 0.000 0.000 0.000
23.260 0.000 30.750 27.019 26.221 44.394 37.562 53.723 62.879 43.004 29.098 27.172 30.235 33.290 34.340 34.387 27.433 26.477 27.518 27.557 28.595 28.632 28.669 33.708 30.749 27.794 28.847 31.916 35.961 24.982 0.000 0.000 0.000 0.000 0.015 119.675 63.422 70.471 68.480 75.993 67.916 70.468 71.987 68.751 68.476 68.188 67.885 67.569 68.253 64.919 52.515 43.268 1.088 0.000 0.000 0.000 0.000 0.000 0.000 0.000 0.000 0.000 0.000 0.000 0.000 0.000 0.000 0.000 0.000 0.000 0.000 0.000 0.000 0.000 0.000
2.888 29.484 26.481 25.942 37.213 41.408 52.571 59.716 25.868 25.010 26.101 28.173 27.234 24.287 32.336 33.383 34.429 33.474 27.515 26.553 25.588 26.622 32.656 91.690 59.725 39.764 22.805 0.000 37.953 45.944 0.000 0.000 0.000 0.000 44.078 54.903 71.781 69.836 76.737 76.383 69.018 69.572 70.268 69.008 68.733 68.442 68.133 68.796 67.500 20.209 0.000 0.000 0.000 0.000 0.000 0.000 0.000 0.000 0.000 0.000 0.000 0.000 0.000 0.000 0.000 0.000 0.000 0.000 0.000 0.000 0.000 0.000 0.000 0.000 0.000
0.000 23.383 26.747 29.054 50.281 61.455 75.599 57.704 0.000 44.067 44.124 28.186 28.241 27.290 25.334 28.379 34.427 32.475 33.515 35.551 33.583 31.614 27.643 22.672 27.699 22.731 0.000 0.000 0.000 31.899 23.887 0.000 0.000 0.000 54.253 71.116 71.195 69.230 77.055 68.726 71.244 72.773 69.541 69.279 69.005 68.715 68.409 65.982 20.740 0.000 0.000 0.000 0.000 0.000 0.000 0.000 0.000 0.000 0.000 0.000 0.000 0.000 0.000 0.000 0.000 0.000 0.000 0.000 0.000 0.000 0.000 0.000 0.000 0.000 0.000
0.000 21.919 28.071 44.248 55.403 103.533 97.667 99.796 105.952 102.066 103.144 28.206 28.256 27.296 27.333 26.372 21.427 31.482 33.521 34.552 32.581 34.607 34.632 35.654 28.669 0.000 0.000 0.000 0.000 32.865 17.876 0.000 0.000 45.725 67.531 71.469 70.463 77.630 77.351 69.787 70.348 71.057 69.815 69.564 69.295 70.005 44.806 0.000 0.000 0.000 0.000 0.000 0.000 0.000 0.000 0.000 0.000 0.000 0.000 0.000 0.000 0.000 0.000 0.000 0.000 0.000 0.000 0.000 0.000 0.000 0.000 0.000 0.000 0.000 0.000
0.000 23.304 40.371 48.463 54.549 25.608 24.741 23.862 20.993 22.102 22.181 28.239 28.279 44.307 44.329 20.351 0.000 18.507 31.533 33.557 31.581 33.603 33.624 34.642 30.655 0.000 0.000 0.000 30.778 15.821 0.000 0.000 47.050 55.913 72.771 71.676 70.864 77.887 69.451 71.987 74.538 70.331 70.099 69.866 68.605 56.205 15.006 0.000 0.000 0.000 0.000 0.000 0.000 0.000 0.000 0.000 0.000 0.000 0.000 0.000 0.000 0.000 0.000 0.000 0.000 0.000 0.000 0.000 0.000 0.000 0.000 0.000 0.000 0.000 0.000
