results1/res_4e8f-0234.wd
ncols         241
nrows         181
xllcorner     12693529.787448
yllcorner     3542525.717860
cellsize      155.156523
NODATA_value  -9999.000000
[rows 132 to 164 of 181, columns 0 to 72 of 241]
96.422 101.422 105.421 105.421 107.419 107.418 101.417 92.415 78.412 67.410 66.407 67.404 66.400 65.396 70.392 84.387 95.381 100.375 100.367 97.359 89.349 80.337 71.323 65.305 70.282 72.254 71.220 72.183 70.150 65.121 79.092 102.064 69.041 0.000 0.000 0.000 8.826 60.820 72.815 69.796 71.782 77.774 95.775 81.781 65.790 64.802 64.817 76.833 97.852 38.871 11.894 6.928 0.000 0.000 0.000 0.000 0.000 0.000 0.000 0.000 0.000 0.206 3.206 1.206 28.206 8.131 12.056 52.959 75.819 79.721 79.616 89.704 117.171
74.427 76.427 79.426 85.425 95.424 101.423 106.421 106.419 99.417 85.415 74.412 68.408 72.405 79.401 92.396 107.391 106.385 103.379 103.371 106.363 106.353 102.341 90.327 78.310 70.290 65.266 66.239 65.211 66.185 74.161 96.140 104.122 16.110 0.000 0.000 0.000 18.832 46.839 64.863 73.860 74.849 71.838 72.842 82.849 77.856 70.864 74.874 82.886 95.899 36.915 22.934 28.962 8.991 0.000 0.000 0.000 0.000 0.000 0.000 0.000 0.000 0.000 0.000 0.000 10.281 0.000 60.079 82.002 77.885 86.859 77.925 117.291 106.051
66.432 66.431 66.431 68.430 73.429 77.428 84.426 93.424 101.422 104.420 98.417 96.413 98.410 101.406 100.401 93.396 84.390 82.384 82.376 87.368 93.358 100.347 103.334 102.318 91.301 81.281 76.259 74.238 83.217 99.199 100.183 86.172 19.167 0.000 0.000 0.000 0.000 0.000 47.939 74.931 53.917 41.888 56.907 71.915 86.920 90.924 92.929 93.936 89.945 16.955 3.966 31.994 29.020 17.048 23.059 17.064 0.000 0.000 0.000 0.000 0.000 0.000 44.496 14.446 80.356 102.293 135.150 91.126 86.180 67.139 103.207 107.731 107.641
67.437 67.437 67.436 67.435 66.434 65.433 67.432 72.430 78.427 88.425 98.422 100.419 93.415 83.411 77.407 69.402 65.396 65.390 65.383 67.374 72.365 78.355 85.342 97.329 102.314 104.297 103.280 99.263 102.247 95.233 77.222 69.217 48.220 6.241 0.000 0.000 0.000 0.000 41.023 74.009 17.000 0.000 49.985 74.985 93.984 101.984 87.984 90.984 76.988 34.996 1.009 59.028 28.048 20.063 31.067 31.068 2.070 0.000 0.000 0.000 0.000 31.598 50.545 123.487 152.411 135.295 118.851 117.799 109.472 108.113 107.993 107.867 73.089
67.442 67.442 67.442 67.441 67.440 67.439 67.437 66.435 66.433 69.431 75.428 74.425 70.421 66.417 66.413 66.408 67.403 67.397 67.390 67.382 66.373 65.364 67.353 73.341 80.328 89.315 97.301 93.287 82.275 70.264 66.257 71.253 79.255 55.263 33.269 33.261 19.238 20.196 56.121 77.083 27.073 9.088 69.063 101.054 103.049 82.044 85.037 84.027 72.028 61.038 12.038 40.049 14.082 2.090 15.076 2.072 4.072 2.066 0.000 0.000 0.000 12.653 75.600 81.520 77.509 78.670 76.646 108.433 108.332 108.226 75.429 78.209 80.083
67.448 67.448 67.447 67.447 67.446 67.444 67.443 67.441 67.439 67.437 66.434 66.431 66.427 67.424 67.419 67.415 67.410 67.404 67.398 67.391 67.383 67.374 67.365 66.354 65.343 66.332 70.321 68.310 67.300 71.292 74.287 73.284 71.283 73.285 73.284 70.276 70.258 74.227 49.183 35.129 24.120 42.128 87.124 101.119 81.114 74.106 73.093 53.060 49.060 12.091 0.147 0.000 2.139 4.140 0.000 0.000 8.079 23.060 38.016 7.954 21.875 84.731 91.721 89.794 87.782 88.864 108.620 108.529 89.667 96.461 89.318 95.093 86.938
67.454 67.454 67.453 67.453 67.452 67.451 67.449 67.448 67.446 67.443 67.441 67.437 67.434 67.430 67.426 67.422 67.417 67.412 67.406 66.400 73.393 75.385 67.377 66.368 65.359 66.350 68.341 71.332 74.325 73.318 68.314 69.311 76.310 79.310 75.307 69.301 66.289 75.273 6.256 0.000 9.150 82.180 91.187 78.185 70.180 90.174 36.169 0.000 0.000 2.197 3.226 3.225 3.195 4.190 0.000 0.000 33.105 75.079 104.037 64.976 97.863 106.024 102.988 102.081 108.878 108.796 108.710 101.747 103.628 103.329 102.193 101.127 19.047
67.460 67.460 67.459 67.459 67.458 67.457 67.456 67.454 67.452 67.450 70.447 70.444 68.441 72.437 70.433 67.430 67.426 67.421 66.416 64.410 75.404 83.397 69.390 66.382 68.375 71.367 73.360 72.353 69.347 71.343 76.340 78.338 79.337 79.336 74.334 68.331 77.325 96.318 15.313 0.000 0.000 56.257 79.257 76.254 80.248 100.242 34.239 0.000 3.275 3.251 3.257 3.253 3.228 5.235 0.000 31.202 83.159 99.114 102.049 107.052 104.221 101.213 109.102 109.031 108.957 101.051 101.839 102.716 102.399 102.374 95.308 72.218 0.000
67.466 67.466 67.466 67.465 67.464 67.464 67.462 67.461 67.459 68.457 75.455 75.452 52.448 20.445 41.441 71.438 65.434 68.430 74.426 77.421 77.415 73.409 69.403 70.397 73.390 72.384 71.378 73.373 77.369 77.366 79.364 78.363 69.363 64.363 66.363 79.363 98.362 108.362 30.364 0.000 0.000 31.333 87.330 89.325 96.317 95.305 31.306 0.000 3.300 1.299 2.300 3.302 0.000 9.288 35.287 79.253 101.183 104.208 103.303 103.310 102.406 109.236 109.170 101.249 102.053 102.918 102.708 102.566 102.526 94.461 86.421 0.000 0.000
67.473 67.473 67.472 67.472 67.471 67.470 67.469 67.468 67.467 69.465 78.462 89.459 65.456 2.453 8.446 56.446 82.444 74.440 72.436 72.432 70.427 69.422 71.417 73.411 71.406 67.401 69.396 81.392 83.390 73.388 67.387 64.387 64.389 69.390 83.392 99.395 96.399 80.405 52.416 20.443 14.444 58.413 87.404 69.400 60.390 52.357 17.374 1.413 1.349 22.339 13.340 3.352 0.000 28.342 79.326 101.255 103.462 102.463 102.577 109.422 109.362 109.300 101.307 103.195 102.911 102.788 102.736 102.666 96.593 83.532 73.496 0.000 0.000
67.480 67.479 67.479 67.479 67.478 67.477 67.477 67.476 67.474 69.473 79.471 66.468 22.462 4.463 0.000 24.457 78.454 70.451 72.447 71.443 69.439 72.435 73.430 70.425 67.421 63.417 73.413 87.411 74.409 64.409 65.409 70.411 80.414 91.417 102.421 95.426 73.433 68.442 87.454 94.469 95.475 99.472 74.474 35.481 7.488 0.000 1.553 1.558 0.000 35.355 22.370 2.417 33.437 79.389 101.423 103.624 102.650 109.585 109.533 109.479 101.568 102.370 103.263 102.964 102.952 102.895 102.823 103.735 91.657 62.575 51.535 9.535 3.535
66.486 66.486 67.486 67.485 67.485 67.485 67.484 67.483 67.483 70.481 80.480 51.479 0.000 10.475 48.476 50.470 67.466 69.462 57.459 39.455 77.451 72.447 68.443 67.439 65.436 67.432 83.430 86.428 68.427 71.428 83.431 92.434 101.438 99.443 87.449 73.456 66.465 82.476 86.489 74.503 55.515 53.525 41.540 21.560 10.592 4.657 2.674 22.688 17.707 0.000 0.000 27.482 79.542 102.664 103.698 101.818 109.682 109.634 101.726 102.541 103.422 103.232 103.112 103.091 103.041 102.992 105.925 69.795 49.726 0.000 0.000 0.000 0.000
75.494 73.493 70.492 68.492 65.492 65.492 65.492 65.491 64.491 69.490 81.489 64.489 45.491 53.486 71.484 67.480 64.476 70.473 65.470 52.467 72.464 66.460 65.457 65.453 67.450 81.447 89.445 55.444 47.444 97.447 102.451 97.456 86.461 76.468 68.476 64.485 75.495 87.508 55.522 30.539 13.556 4.576 21.599 20.628 10.664 11.706 14.732 42.744 26.725 0.000 0.000 59.777 101.820 100.955 109.817 109.774 109.729 101.760 103.658 103.385 103.280 103.252 105.211 100.163 102.135 103.109 114.088 0.000 0.000 0.000 0.000 0.000 0.000
76.501 78.500 84.499 85.498 85.499 82.500 83.500 82.500 81.499 81.499 83.498 66.498 70.497 69.495 66.492 69.490 69.487 68.484 73.482 75.479 69.476 63.473 65.470 67.467 81.464 86.461 75.459 69.458 78.460 101.464 84.470 75.477 67.484 65.492 67.501 66.511 80.524 89.538 53.554 29.574 17.596 19.622 22.652 14.689 15.729 21.771 23.806 16.829 0.000 0.000 38.018 80.039 109.934 109.897 109.858 101.989 102.798 103.700 103.411 103.409 104.370 104.327 77.285 55.225 90.226 104.221 109.231 49.289 0.000 0.000 0.000 0.000 0.000
69.510 63.509 16.504 18.503 27.507 74.508 71.508 71.508 71.508 75.507 84.507 65.506 66.505 65.504 68.502 72.500 73.497 71.495 70.493 73.491 74.489 71.486 65.484 82.481 88.478 79.475 85.472 102.470 99.472 81.478 69.488 65.497 67.506 67.515 66.525 71.536 87.550 89.566 81.584 84.605 55.631 17.663 9.701 8.745 20.793 27.843 17.891 14.939 6.969 33.139 81.187 110.002 109.969 102.127 102.939 103.829 103.644 103.532 103.519 104.475 102.436 96.398 21.379 0.000 72.322 107.319 104.327 103.347 0.000 0.000 0.000 0.000 0.000
67.520 59.520 0.000 0.515 9.516 70.517 66.517 66.517 66.516 70.516 84.515 62.515 66.514 70.513 72.511 73.510 70.508 67.506 65.505 67.503 77.501 90.500 85.498 86.495 63.493 57.488 109.482 95.479 62.481 22.489 42.508 70.518 67.527 67.537 69.547 62.560 46.574 36.591 48.610 88.633 64.661 17.697 12.743 7.798 16.855 21.916 15.980 21.038 21.121 59.267 110.051 101.313 105.054 103.962 103.777 103.670 103.648 103.615 104.576 104.541 69.504 45.452 31.453 34.462 85.421 106.407 102.409 93.425 11.460 0.000 0.000 0.000 0.000
67.530 67.532 50.536 0.526 10.526 71.526 67.526 67.525 66.525 67.525 82.524 69.524 72.523 74.522 73.521 68.520 65.519 66.517 66.516 65.515 75.514 98.513 94.512 81.510 74.508 65.503 41.490 30.484 17.482 0.000 23.536 72.541 67.548 69.557 52.568 26.581 11.595 8.613 50.633 67.656 36.683 8.721 11.775 16.850 23.914 19.986 14.073 7.150 10.442 58.492 110.114 104.201 103.965 103.789 103.776 103.743 103.705 103.670 101.637 92.608 25.587 0.000 42.520 101.512 106.492 104.480 98.477 88.484 6.494 0.000 0.000 0.000 0.000
64.539 66.540 63.542 0.000 6.535 71.535 66.535 64.534 66.534 70.534 74.533 73.533 73.532 71.531 65.531 66.530 66.529 67.528 67.528 72.527 90.526 89.526 82.526 91.526 89.527 60.527 0.000 0.000 0.000 0.000 21.558 72.562 67.568 70.576 41.587 3.599 37.615 63.632 83.652 52.674 4.695 0.761 0.828 5.912 15.965 16.043 16.144 10.376 6.984 110.292 110.205 103.106 103.956 103.859 103.827 103.792 103.757 105.725 90.694 73.668 33.649 9.641 57.596 87.573 96.555 105.543 94.537 83.538 5.540 0.000 0.000 0.000 0.000
71.548 69.548 58.549 0.000 57.545 65.544 67.544 71.543 72.543 73.543 71.542 72.542 70.541 66.541 66.541 67.540 67.540 66.539 68.539 91.539 90.539 72.539 85.540 83.542 87.545 85.552 48.568 4.578 13.583 43.583 48.578 68.579 67.585 67.593 62.603 54.616 71.631 70.649 64.670 86.693 34.717 0.786 0.853 9.937 14.992 13.069 14.163 38.304 62.692 110.374 105.429 105.182 104.924 103.913 103.876 103.842 104.808 102.777 57.747 34.721 46.699 47.679 101.651 103.629 83.611 93.599 88.592 61.589 26.589 0.000 0.000 0.000 0.000
72.556 73.556 70.557 58.558 72.555 72.553 72.553 73.552 73.552 74.552 86.551 68.551 66.551 66.551 67.550 67.550 67.550 68.550 82.550 93.550 68.551 72.552 99.554 91.556 79.560 82.566 85.575 69.582 74.587 89.590 82.590 70.593 63.599 63.607 74.617 90.630 77.645 49.664 21.686 76.713 65.749 14.806 17.863 22.927 18.995 10.081 12.147 53.426 105.674 110.450 102.409 105.064 105.995 103.959 103.925 103.891 96.858 86.827 43.797 14.771 23.746 24.723 85.700 127.679 108.663 84.650 76.642 55.638 64.637 17.637 0.000 3.852 7.852
77.563 77.563 73.563 73.564 73.563 74.562 74.561 70.561 67.561 66.561 29.560 19.560 70.560 67.560 67.560 67.560 66.560 69.561 93.561 79.562 64.563 70.564 87.566 104.569 99.573 96.578 94.584 90.590 86.594 85.598 93.601 90.605 84.611 80.618 83.629 87.641 49.657 13.675 12.696 28.722 24.761 9.811 18.859 28.914 24.982 16.080 9.241 52.495 110.593 110.523 105.301 107.148 104.038 104.008 104.973 100.938 84.906 77.874 83.845 89.818 73.792 95.768 110.746 127.726 136.710 120.697 82.689 87.684 62.683 0.000 0.000 0.000 0.000
16.571 17.570 77.570 72.570 72.570 67.570 64.570 66.570 61.569 14.569 14.569 3.569 71.570 67.570 67.570 67.570 67.571 85.571 92.572 65.573 67.574 67.576 70.578 76.581 78.584 78.588 74.593 77.598 93.602 86.606 77.610 80.614 87.620 91.628 94.638 91.650 66.665 31.683 14.702 13.719 0.000 2.819 13.848 22.887 6.935 0.000 22.456 82.703 110.660 102.640 106.370 106.108 104.094 104.055 105.019 99.985 86.952 52.921 59.891 102.863 113.837 145.812 136.790 108.770 96.753 113.740 92.732 86.727 61.728 0.755 0.000 0.000 0.000
3.578 12.578 26.575 81.578 66.578 64.578 66.578 66.578 67.578 14.578 5.578 60.579 68.579 67.579 67.580 67.580 69.581 93.581 78.582 64.583 67.585 67.587 67.589 66.592 66.595 66.598 65.602 72.606 101.610 80.614 11.618 19.623 31.628 82.635 92.644 76.655 81.670 68.689 20.710 17.733 2.765 7.799 20.826 12.853 0.000 0.000 40.624 110.788 110.725 105.522 107.265 103.175 104.138 104.101 104.065 104.030 90.997 53.965 68.935 105.906 101.879 135.854 130.831 99.811 104.793 90.779 71.770 89.765 67.768 1.780 0.000 0.000 0.000
65.587 61.587 0.000 73.587 83.587 84.587 65.587 77.587 84.587 60.587 58.587 68.588 67.588 67.589 67.589 67.590 86.591 90.591 65.592 67.594 66.595 65.597 67.599 67.602 67.605 67.608 66.612 74.615 103.619 84.622 30.626 3.630 54.635 79.641 92.648 71.658 61.671 20.692 13.717 16.739 14.762 22.786 26.803 0.829 0.000 19.540 81.796 110.850 102.775 106.501 106.244 104.225 104.183 104.145 104.109 105.074 96.040 85.008 107.977 132.947 120.920 137.894 134.870 128.848 135.829 101.814 78.803 88.797 96.796 25.800 0.000 0.000 0.000
67.595 66.596 61.599 67.596 66.595 14.595 88.595 80.595 67.595 68.596 68.596 67.597 67.597 67.598 67.599 70.599 93.600 76.601 66.602 67.604 73.605 81.607 67.610 65.612 67.615 66.618 69.621 93.624 101.627 76.630 64.633 52.637 74.641 73.645 34.650 19.656 16.664 0.000 5.728 5.742 6.760 7.779 9.791 0.000 22.583 79.747 101.928 110.909 103.738 104.383 104.307 104.266 104.226 104.188 104.151 105.116 96.082 79.049 75.017 107.987 97.959 111.931 114.906 102.883 104.862 76.844 53.831 67.823 134.820 87.823 22.834 12.841 34.847
67.603 67.604 67.604 67.604 67.603 61.603 77.603 93.604 69.604 66.604 67.605 67.606 67.606 67.607 66.608 89.609 91.610 65.611 67.612 68.613 65.615 27.618 86.620 81.622 68.624 66.627 84.630 103.632 87.635 67.638 67.641 68.644 71.646 75.649 12.651 13.654 0.000 2.723 17.724 0.000 0.742 0.000 0.000 0.000 45.686 102.875 111.021 110.966 103.621 104.458 104.343 104.308 104.268 104.230 104.193 103.157 88.122 90.089 110.057 129.026 127.996 132.967 137.940 124.915 122.891 109.870 58.854 56.844 132.839 96.838 34.838 27.843 92.849
67.611 67.611 67.611 67.611 67.611 67.611 67.611 78.612 93.612 69.613 66.614 67.615 67.616 65.617 73.618 94.619 74.620 66.621 68.622 66.622 8.625 5.628 74.630 75.632 81.634 80.636 88.639 87.641 68.643 66.646 68.648 71.650 76.652 76.653 0.000 0.000 0.000 4.721 28.722 15.723 16.724 15.724 0.000 6.756 53.916 108.085 111.075 102.957 104.674 104.410 104.392 104.348 104.309 104.270 104.233 104.197 90.162 86.128 107.095 108.063 108.032 111.002 110.973 109.945 114.917 87.891 63.871 78.859 93.853 32.852 0.000 0.000 36.855
67.618 69.618 69.618 67.618 67.618 67.619 67.619 67.620 78.621 93.621 69.622 64.623 64.625 81.626 93.627 87.628 64.630 67.631 63.631 9.629 6.635 60.638 67.640 67.642 73.644 90.646 90.647 83.649 76.651 68.653 55.655 25.657 90.658 70.659 0.000 0.000 0.000 3.719 17.720 10.721 24.722 13.723 0.000 6.892 26.994 111.179 111.127 103.826 104.562 104.469 104.428 104.387 104.348 104.309 104.272 105.236 100.200 90.166 85.132 84.099 84.067 84.036 84.005 87.975 61.943 5.904 31.880 87.869 83.864 44.863 6.867 0.000 35.860
68.625 5.625 6.625 67.625 66.626 65.626 65.627 64.628 64.629 77.630 92.631 85.632 92.633 94.635 81.636 65.638 72.640 72.641 60.642 0.000 8.648 71.649 67.650 69.652 93.653 100.655 78.656 69.658 76.659 83.661 71.662 7.664 50.665 68.666 0.000 0.000 0.000 4.716 10.718 7.720 21.721 0.000 0.000 6.945 12.261 111.229 109.074 104.790 104.532 104.510 104.466 104.425 104.385 104.347 104.310 104.273 105.238 104.203 102.169 101.135 101.101 102.069 104.037 78.006 19.974 0.000 16.876 72.872 103.870 94.870 67.871 43.871 60.865
67.632 66.632 1.632 66.633 77.633 81.634 85.635 90.636 93.637 94.638 94.639 94.641 80.642 67.644 83.646 100.648 101.650 101.652 94.655 72.660 7.659 68.659 66.660 75.662 103.663 90.664 67.665 66.666 68.667 71.669 62.670 7.671 27.672 27.674 0.000 0.000 0.000 10.711 5.714 0.000 4.721 0.000 14.963 16.179 6.605 111.277 113.025 108.665 104.587 104.544 104.502 104.461 104.422 104.384 104.347 104.310 104.275 104.240 104.205 104.169 105.134 108.101 80.069 13.037 0.000 5.935 0.000 17.874 73.875 104.876 95.877 71.875 48.869
67.639 69.639 65.640 67.640 82.640 81.641 77.642 73.643 72.644 68.646 89.647 79.649 90.651 81.653 97.655 93.657 86.659 87.662 98.665 104.668 93.669 94.670 86.670 94.671 102.672 75.673 66.674 67.675 67.676 66.676 66.677 68.678 63.680 12.683 72.689 63.694 2.698 4.703 0.000 0.000 0.000 5.969 84.013 81.216 111.369 111.324 106.901 107.732 104.615 104.578 104.536 104.496 104.457 104.419 104.383 104.347 104.311 104.276 104.241 106.204 111.165 80.131 20.100 0.000 0.000 2.935 1.935 0.000 14.879 65.883 100.885 50.885 0.000
69.646 5.646 64.646 67.647 67.647 67.648 66.649 67.651 69.652 67.654 79.656 74.658 83.660 94.662 82.664 67.667 68.669 69.672 70.674 75.677 88.678 98.680 104.681 102.681 91.682 67.682 67.683 67.683 67.684 67.684 68.684 91.685 64.686 4.688 68.691 18.694 12.698 5.700 0.000 0.000 0.000 15.957 104.162 106.375 111.413 105.230 104.940 104.675 104.655 104.610 104.569 104.530 104.491 104.454 104.418 104.382 104.348 104.313 106.279 91.242 45.189 12.160 0.000 4.936 2.936 22.935 29.935 0.000 0.000 36.893 98.894 50.894 0.000
70.652 3.652 64.653 67.653 67.654 67.655 67.656 68.658 6.660 66.661 70.664 81.666 81.668 89.671 94.673 80.676 65.679 65.682 65.684 67.686 69.688 70.690 71.691 71.691 70.692 69.692 65.692 65.692 66.692 67.692 78.691 92.691 63.691 57.692 59.692 0.000 0.000 5.700 0.000 0.000 0.000 20.052 103.175 111.497 111.455 104.088 104.819 104.725 104.683 104.641 104.601 104.562 104.524 104.488 104.452 104.417 104.383 104.351 109.320 65.296 0.000 0.000 2.939 0.937 2.936 17.935 24.934 0.000 0.000 39.903 99.903 58.904 0.000
