results1/res_4e8f-0184.wd
ncols         241
nrows         181
xllcorner     12693529.787448
yllcorner     3542525.717860
cellsize      155.156523
NODATA_value  -9999.000000
[rows 66 to 98 of 181, columns 73 to 145 of 241]
71.693 35.680 0.000 60.829 77.806 76.774 76.746 0.000 48.142 48.126 61.139 57.150 56.130 56.084 55.015 130.915 118.742 0.000 0.000 0.000 51.464 46.400 51.305 54.242 54.190 56.141 57.094 62.036 62.984 63.937 54.903 0.000 0.000 52.194 102.194 84.108 87.973 88.062 86.116 94.034 86.526 87.005 87.745 86.518 86.296 87.092 56.937 0.000 0.000 0.000 0.000 0.000 0.000 0.000 42.964 40.940 40.900 40.846 40.780 40.712 44.639 57.563 54.486 39.412 50.339 59.267 38.196 41.124 47.054 51.984 47.915 41.847 39.781
56.695 62.666 0.502 49.055 73.014 71.985 65.987 19.074 0.000 0.000 54.219 67.298 56.299 55.267 56.223 37.181 0.000 0.000 0.000 0.000 0.000 0.000 62.237 60.211 58.177 41.135 44.087 51.032 51.991 56.959 47.931 0.000 0.000 0.000 62.436 80.344 87.282 87.374 94.460 94.254 86.597 87.286 86.998 86.788 86.577 81.390 39.257 0.000 3.445 36.445 0.000 0.000 0.000 49.046 44.010 40.975 40.932 40.880 40.819 40.754 40.684 40.612 47.538 61.465 62.393 45.321 39.250 40.180 41.111 45.042 43.974 39.907 39.841
58.707 57.639 62.506 60.307 74.212 67.163 68.146 65.160 0.000 0.000 0.000 69.527 64.499 59.464 61.430 8.406 0.000 0.000 0.000 0.000 0.000 0.000 61.196 57.186 48.173 0.000 0.000 49.012 60.992 59.976 0.000 0.000 8.141 65.021 56.768 60.590 67.668 82.729 94.651 86.335 87.891 87.455 87.266 87.049 84.836 67.632 46.445 52.445 50.445 31.445 0.000 0.000 0.000 7.081 58.054 40.018 40.974 44.922 52.864 42.800 40.732 39.662 43.590 58.518 65.446 57.375 43.305 38.235 40.167 40.099 40.032 39.966 38.900
58.751 56.675 60.572 71.453 65.366 58.308 77.273 66.260 18.277 0.000 11.930 61.783 77.708 72.659 72.625 75.607 0.000 0.000 0.000 0.000 7.148 7.153 59.165 50.163 53.157 0.000 0.000 0.000 96.988 123.977 38.965 0.000 64.260 59.157 58.995 58.902 54.984 95.004 94.833 87.381 90.987 87.733 87.525 87.311 79.085 31.859 0.000 54.445 32.445 0.000 0.000 0.000 46.186 45.144 44.108 40.069 44.024 55.971 60.913 58.850 51.783 41.713 50.641 58.570 37.498 43.428 56.358 53.290 49.222 57.156 38.090 40.024 37.958
56.811 62.739 72.655 64.567 56.491 56.429 69.378 77.329 73.294 76.220 78.078 72.966 67.890 69.839 58.806 57.790 0.000 0.000 0.000 8.141 64.143 63.145 51.148 53.144 54.134 58.113 57.100 0.000 7.995 1.981 0.926 10.658 70.483 63.351 58.189 59.279 57.324 95.159 56.995 64.586 79.182 87.003 87.790 85.584 44.334 0.000 0.000 0.000 0.000 0.000 0.000 47.255 41.229 41.199 41.166 42.126 52.080 61.027 59.968 59.904 55.836 51.765 61.694 44.622 39.550 40.480 40.410 50.343 63.277 50.212 38.148 39.083 45.017
62.880 73.814 63.743 56.670 57.602 57.541 59.479 43.386 69.350 67.287 59.197 56.112 55.047 71.000 72.970 59.956 0.000 0.000 0.000 64.139 60.139 57.138 50.137 54.132 54.122 54.106 54.086 13.055 16.016 16.986 18.934 86.801 83.668 72.536 71.490 60.487 95.436 95.304 59.047 65.696 60.473 67.277 86.050 60.900 0.000 0.000 0.000 0.000 0.000 0.000 0.000 47.280 41.276 41.259 41.229 42.190 51.143 61.088 60.027 58.961 55.891 60.819 54.746 38.673 40.601 40.530 40.461 50.394 58.330 37.268 40.206 43.143 62.076
73.956 63.895 56.832 57.767 57.706 58.653 39.613 0.000 26.433 54.382 57.311 57.240 57.184 55.145 79.120 63.108 0.000 0.000 0.000 41.136 58.134 52.132 53.129 54.124 54.115 54.102 54.085 65.061 5.030 9.011 26.019 78.945 88.842 10.729 92.650 82.842 95.552 57.617 71.261 67.905 57.776 54.581 51.232 36.066 0.000 0.000 42.844 0.000 0.000 0.000 0.000 43.309 41.338 41.330 41.302 41.262 42.213 48.155 56.091 56.022 55.950 59.875 37.799 40.724 40.650 39.578 45.510 62.444 45.381 39.322 42.266 23.207 24.126
64.036 56.980 57.921 57.861 57.803 60.751 16.706 14.670 7.568 52.496 57.425 59.352 57.307 56.276 74.256 70.247 0.000 0.000 0.000 0.000 49.129 52.128 54.125 54.120 54.113 54.103 56.091 42.076 0.000 0.000 76.185 79.119 90.028 95.898 90.001 88.039 95.651 78.664 81.367 66.210 59.115 52.042 0.000 0.000 0.000 0.000 40.845 0.000 0.000 0.000 0.000 0.000 44.437 41.420 41.388 41.344 41.291 41.229 41.161 48.087 56.010 43.931 40.851 40.773 40.697 43.624 56.555 56.490 38.430 40.375 43.327 10.293 0.000
57.121 58.067 58.010 57.953 57.896 57.841 61.789 62.738 62.671 58.608 58.540 38.435 55.415 56.395 72.382 71.377 0.000 0.000 0.000 0.000 48.126 54.124 54.122 54.118 54.113 54.106 42.099 0.000 0.000 4.550 81.417 87.321 90.220 90.166 89.245 95.785 88.144 90.861 85.550 70.492 60.432 59.428 59.563 0.000 0.000 0.000 37.845 44.845 37.844 0.000 0.000 0.000 59.552 40.525 41.485 41.436 41.377 42.310 41.236 41.156 41.072 40.987 40.903 40.820 39.741 45.666 60.596 37.531 40.472 40.420 42.375 17.345 0.000
58.210 58.157 58.101 58.044 57.986 57.928 57.873 57.821 57.771 57.726 61.692 0.000 48.521 57.508 73.498 68.504 4.550 0.000 0.000 0.000 53.123 56.122 56.120 56.117 54.114 57.111 0.000 0.000 0.000 73.683 79.611 90.526 90.407 90.516 88.565 95.989 89.276 93.920 89.811 90.745 78.696 66.677 55.697 50.697 52.697 0.000 0.000 43.845 38.844 44.839 45.824 43.786 49.695 59.642 41.593 42.537 51.472 58.399 40.317 41.228 41.136 41.043 40.952 39.864 44.781 63.703 57.632 46.567 39.509 40.456 42.410 57.368 75.323
58.302 58.249 58.193 58.136 58.076 58.013 57.954 60.900 58.866 57.834 61.811 0.000 48.641 57.618 74.598 66.590 6.597 0.000 0.000 0.000 26.122 36.121 35.119 35.117 56.115 41.113 0.000 0.000 0.000 75.888 85.822 90.733 90.692 89.796 96.610 96.317 90.338 91.182 90.040 89.984 90.930 81.886 46.851 0.000 0.000 0.000 0.000 41.847 41.848 38.848 40.847 41.839 40.801 47.757 61.706 44.647 42.577 52.495 40.404 41.304 41.201 41.097 40.997 40.903 48.815 61.734 48.662 60.597 38.539 39.486 44.439 65.394 77.347
58.396 58.343 58.288 58.230 58.167 61.095 63.028 34.962 55.957 58.934 60.906 20.880 51.783 56.727 68.685 66.660 7.651 0.000 0.000 0.000 0.000 0.000 2.118 2.117 37.116 0.000 0.000 0.000 24.325 74.159 91.053 90.935 91.052 89.138 96.877 88.920 94.627 90.323 90.278 90.212 90.153 80.088 40.970 0.000 0.000 0.000 0.000 0.000 44.854 45.859 32.876 40.922 41.912 41.877 45.828 61.767 44.692 41.603 41.499 41.384 41.265 41.148 39.038 44.935 63.841 44.757 43.684 57.620 41.563 39.512 46.465 72.421 77.377
58.491 58.438 58.385 58.331 60.268 36.173 38.100 0.000 18.067 54.037 57.999 61.952 57.885 60.820 65.756 70.715 9.696 0.000 0.000 0.000 0.000 3.118 55.118 62.118 0.000 0.000 0.000 7.608 83.491 85.372 91.267 91.223 90.343 97.357 97.125 89.979 90.695 90.568 90.499 90.436 89.383 69.344 0.000 0.000 0.000 0.000 0.000 0.000 0.000 36.859 0.000 48.062 45.046 41.013 40.964 42.900 59.822 48.724 40.605 41.467 41.327 40.194 45.071 46.958 45.856 42.770 40.698 40.636 40.582 41.534 54.490 76.449 77.409
58.587 58.534 58.485 58.439 63.402 1.387 0.000 24.298 16.208 50.150 59.099 57.046 58.983 70.912 42.805 36.747 1.722 0.000 0.000 0.000 0.000 53.118 59.118 61.118 0.000 0.000 0.000 70.726 75.658 89.571 91.455 91.586 89.681 97.571 89.473 91.151 90.846 90.789 90.715 90.651 82.597 59.560 0.000 0.000 0.000 0.000 0.000 0.000 0.000 0.000 0.000 52.218 47.199 41.163 39.113 42.050 41.970 57.868 50.732 41.551 42.382 40.230 47.093 46.969 43.856 37.770 40.701 40.644 42.594 56.551 75.511 77.476 80.443
59.679 57.627 57.580 57.538 60.508 30.498 27.470 59.388 64.315 58.256 56.202 63.147 73.091 76.040 0.017 0.000 0.000 0.000 0.000 0.000 0.000 21.118 28.118 30.118 0.000 0.000 0.000 72.912 80.848 90.760 91.752 90.791 97.965 97.774 90.502 91.208 91.072 90.995 90.923 90.857 72.795 54.739 0.000 0.000 0.000 0.000 0.000 0.000 0.000 0.000 0.000 50.393 48.368 48.328 45.277 38.215 40.141 41.045 56.903 56.624 53.419 50.251 43.104 41.968 38.831 39.752 40.693 44.644 64.601 76.563 76.529 77.499 76.473
73.768 72.716 71.669 69.627 66.592 67.563 67.524 64.468 65.411 67.356 67.304 73.251 75.194 33.117 0.000 0.000 0.000 0.000 0.000 0.000 0.000 0.000 0.000 0.000 0.000 11.420 19.341 74.162 91.054 91.963 91.914 91.142 98.143 89.974 91.651 91.340 91.277 91.197 91.126 89.059 70.986 41.862 0.000 0.000 0.000 0.000 0.000 0.000 0.000 0.000 0.000 40.593 44.553 47.504 48.450 47.393 44.332 40.269 34.211 0.000 0.000 0.000 0.000 0.000 42.746 40.713 43.675 64.638 77.603 76.572 77.544 80.519 76.498
69.851 71.799 70.752 72.710 74.672 73.635 72.596 70.550 68.502 68.455 69.408 65.360 65.315 0.000 0.000 0.000 0.000 0.000 0.000 0.000 0.000 0.000 0.000 0.000 0.000 60.499 83.442 82.340 91.246 92.135 92.262 90.365 98.309 92.066 91.673 91.550 91.468 91.392 91.324 87.267 67.227 0.000 0.000 0.000 0.000 0.000 0.000 0.000 0.000 0.000 47.977 42.832 39.748 41.684 46.627 48.575 48.527 49.487 40.460 0.000 0.000 0.000 0.000 0.000 43.696 41.680 57.656 78.629 76.603 76.577 76.554 77.534 76.518
57.929 57.878 58.831 65.789 74.749 80.712 68.673 62.633 57.593 55.553 54.513 60.467 39.391 0.000 0.000 0.000 0.000 0.000 0.000 0.000 0.000 0.000 0.000 0.000 0.000 66.634 82.588 90.512 92.426 92.393 91.522 98.604 98.462 94.082 91.889 91.730 91.654 91.578 91.512 86.459 61.427 0.000 0.000 0.000 0.000 0.000 0.000 0.000 0.000 48.244 43.122 43.010 42.924 41.855 38.799 43.752 47.715 48.691 45.683 0.000 0.000 0.000 0.000 46.651 40.661 44.654 72.639 76.620 76.600 76.581 76.562 76.546 76.533
57.002 56.952 60.906 65.864 67.825 70.788 60.752 56.717 57.684 57.652 59.624 37.603 0.000 0.000 0.000 0.000 0.000 0.000 0.000 0.000 0.000 0.000 0.000 0.000 0.000 52.815 81.763 91.693 92.591 92.721 90.830 98.734 91.627 93.302 91.984 91.919 91.833 91.755 91.686 82.630 55.596 0.000 0.000 0.000 0.000 0.000 0.000 0.000 47.477 43.365 43.259 43.162 43.082 43.016 42.962 39.920 38.891 41.880 48.898 48.985 0.000 0.000 0.000 40.642 41.643 59.637 76.627 75.613 75.598 76.582 76.568 76.556 76.545
57.070 57.022 58.978 59.937 57.899 56.864 57.831 56.800 56.772 56.748 61.729 6.717 0.000 0.000 0.000 0.000 0.000 0.000 0.000 0.000 0.000 0.000 0.000 0.000 4.184 61.049 89.960 92.876 92.846 91.976 98.970 98.856 94.623 92.326 92.181 92.093 92.006 91.923 92.847 72.779 60.731 0.000 0.000 47.083 0.000 46.849 48.805 48.721 43.588 43.481 43.385 43.299 43.225 43.163 43.113 43.074 42.048 39.038 48.046 49.071 42.071 0.000 0.000 48.632 40.630 48.625 54.617 57.607 61.595 67.583 73.572 75.562 75.554
58.135 58.089 58.046 58.007 57.971 56.937 56.907 56.880 56.856 55.838 63.826 14.820 0.000 0.000 0.000 0.000 0.000 0.000 0.000 0.000 0.000 0.000 0.000 0.000 45.319 81.236 92.151 93.041 93.181 91.273 99.073 92.073 93.749 92.434 92.359 92.265 92.175 92.086 92.999 64.907 42.819 0.000 0.000 43.083 0.000 41.893 43.845 43.769 43.675 43.585 43.501 43.424 43.357 43.299 43.252 43.215 41.190 43.178 49.177 46.183 0.000 0.000 0.000 47.623 46.621 45.617 44.610 43.602 42.593 46.584 57.575 53.567 55.561
56.195 56.151 56.111 56.073 56.039 56.008 55.980 56.956 58.936 60.922 35.916 2.917 0.000 0.000 0.000 0.000 0.000 0.000 0.000 3.554 12.546 0.000 0.000 15.679 56.537 87.431 93.328 93.316 92.344 99.252 99.167 95.063 92.769 92.621 92.528 92.434 92.341 92.249 88.154 35.031 0.000 0.000 0.000 43.083 49.063 43.985 43.912 43.836 43.759 43.682 43.609 43.541 43.479 43.425 43.380 43.345 40.320 49.306 49.300 45.301 0.000 0.000 0.000 46.617 45.614 46.610 46.605 46.598 46.591 46.584 45.577 45.571 44.566
57.252 57.211 60.172 64.137 67.105 71.075 73.049 76.027 75.010 66.999 4.999 16.015 40.069 8.093 0.000 0.000 0.000 0.000 0.000 43.563 70.538 10.498 0.000 49.820 82.721 92.612 93.512 93.442 92.665 99.326 91.498 93.185 92.869 92.794 92.697 92.603 92.508 93.414 80.340 0.000 0.000 0.000 0.000 23.102 43.122 44.071 45.983 45.905 43.841 43.777 43.713 43.650 43.593 43.542 43.499 40.464 45.439 48.424 49.418 40.420 0.000 0.000 0.000 30.613 51.609 51.605 48.600 45.595 45.589 46.583 47.578 47.573 46.569
59.306 58.267 65.231 74.198 75.167 74.139 73.114 72.093 69.077 63.067 38.065 55.075 73.098 42.117 26.138 2.146 0.000 0.000 14.635 53.596 67.544 6.459 25.296 67.061 91.912 94.796 93.636 93.848 91.824 99.388 93.482 93.197 93.050 92.958 92.865 92.772 92.672 94.560 38.450 0.000 0.000 0.000 0.000 0.000 39.251 45.195 26.045 25.958 42.923 43.873 43.814 43.755 43.700 43.651 42.608 40.574 49.549 49.533 46.529 40.540 46.588 0.000 0.000 0.000 62.604 77.601 70.597 66.592 62.587 58.583 61.578 61.574 44.571
59.356 59.321 62.288 65.256 64.227 62.200 60.175 58.154 56.138 56.126 65.120 67.122 64.131 61.141 65.150 13.155 0.000 0.000 54.674 84.642 35.584 31.496 65.369 89.214 94.081 93.936 94.054 92.008 99.470 91.885 93.600 93.287 93.216 93.123 93.034 92.946 95.850 52.705 0.000 0.000 0.000 0.000 0.000 0.000 41.436 46.413 0.000 0.000 40.021 43.976 43.916 43.856 43.801 43.752 40.710 48.676 49.649 48.631 39.623 43.624 43.636 0.000 0.000 0.000 30.601 60.599 78.594 77.589 77.585 77.582 77.578 71.575 61.572
59.405 59.373 59.342 58.312 58.284 59.257 59.233 59.212 57.193 58.178 63.168 66.163 62.163 57.165 60.167 15.168 0.000 0.000 46.745 56.713 34.655 67.573 82.468 91.349 94.231 94.162 93.259 99.839 99.608 92.875 93.604 93.462 93.374 93.287 93.203 93.128 96.077 0.000 0.000 11.443 20.443 0.000 0.000 42.737 45.642 44.610 51.643 0.542 40.165 44.094 44.019 43.953 43.896 41.847 43.805 49.769 49.741 41.720 42.706 43.698 43.696 0.000 0.000 0.000 0.000 0.000 60.590 76.586 76.583 76.580 76.578 77.575 77.574
59.454 59.425 59.395 59.367 59.339 59.313 59.289 58.266 57.245 61.226 65.210 65.199 60.192 56.188 61.185 14.182 0.000 0.000 42.850 11.809 58.749 82.673 88.582 94.487 94.336 94.545 92.534 100.044 92.292 94.004 93.692 93.623 93.532 93.446 93.363 100.285 84.252 0.000 7.442 57.443 43.443 0.000 0.000 37.832 45.787 44.739 44.687 50.573 48.363 47.217 44.113 44.040 43.983 40.934 48.892 49.856 45.826 40.802 43.783 43.767 45.754 49.765 0.000 0.000 0.000 0.000 0.000 73.582 76.581 76.579 76.577 77.575 75.574
59.504 59.476 59.448 59.420 59.393 59.367 58.343 57.319 59.295 63.271 66.248 62.230 57.218 56.210 59.204 41.193 28.166 29.106 24.994 25.925 65.860 86.788 92.709 94.598 94.736 92.726 100.404 100.232 93.296 94.009 93.864 93.775 93.687 93.602 98.516 41.399 56.395 26.432 57.442 65.443 0.000 0.000 0.000 36.972 45.933 44.874 44.794 54.674 65.499 39.297 49.174 45.112 42.062 44.016 49.973 48.936 39.905 42.879 43.857 43.833 30.788 31.777 0.000 0.000 0.000 0.000 0.000 54.580 75.579 76.578 76.576 80.575 76.574
59.554 59.527 59.499 59.472 59.446 59.420 57.395 57.371 61.345 68.316 69.282 65.256 60.239 58.231 58.228 60.219 60.198 69.158 10.096 44.037 81.977 88.911 94.838 94.803 93.934 100.712 100.563 93.649 94.430 94.093 94.020 93.925 93.839 93.760 101.702 0.000 39.496 41.459 31.449 33.446 0.000 0.000 0.000 40.152 46.100 45.029 50.941 66.828 43.663 0.000 30.176 43.172 41.137 49.093 50.050 46.011 42.979 43.953 43.933 45.919 0.000 0.000 0.000 0.000 0.000 0.000 46.579 27.579 66.577 76.576 76.575 81.575 76.574
59.605 59.578 59.551 59.524 59.498 58.473 57.448 59.424 66.398 43.366 19.306 18.272 15.253 45.247 62.258 57.259 60.251 41.230 3.195 49.151 87.099 93.046 94.933 95.175 93.198 100.849 93.981 94.758 94.327 94.268 94.164 94.071 93.982 94.899 92.828 14.773 14.634 0.000 0.000 0.000 0.000 0.000 39.525 47.382 45.287 44.201 64.114 68.033 0.000 0.000 0.355 39.264 45.220 50.169 50.121 40.080 44.046 44.020 44.002 46.993 0.000 0.000 0.000 0.000 0.000 0.000 25.579 0.000 54.576 76.575 76.575 82.574 76.573
59.655 59.628 59.602 59.576 58.550 57.525 59.501 62.478 70.458 29.443 0.000 0.000 0.000 0.000 44.297 59.306 60.315 46.318 48.303 74.272 91.232 95.156 95.328 93.349 101.091 100.976 94.959 94.654 94.506 94.403 94.306 94.211 94.118 97.027 81.939 10.856 0.000 0.000 0.000 0.000 0.000 0.923 39.669 46.565 45.465 43.373 71.280 32.157 0.000 0.000 45.512 50.396 50.311 50.243 48.186 43.140 44.105 44.079 44.063 46.056 0.000 50.144 2.144 0.000 0.000 0.000 0.000 0.000 47.574 76.574 76.574 76.573 76.573
59.705 59.679 59.653 59.627 58.601 57.575 61.551 65.530 69.513 27.504 0.000 0.000 0.000 0.000 24.326 67.355 62.386 68.423 81.427 90.406 94.366 95.372 94.521 101.296 101.197 94.292 95.068 94.726 94.643 94.540 94.443 94.350 98.254 61.150 33.044 0.000 0.000 0.000 0.000 0.000 2.214 42.076 46.885 45.745 47.635 44.545 68.479 0.000 0.000 40.797 47.637 63.496 52.387 49.304 45.240 43.191 43.155 44.129 44.115 44.114 49.136 45.144 36.144 0.000 0.000 0.000 43.572 45.573 44.573 76.573 76.573 76.573 76.573
59.754 59.729 59.703 59.677 57.651 59.625 65.600 66.577 64.561 51.557 12.573 0.000 0.000 0.000 0.000 20.403 16.450 56.562 87.577 91.556 95.496 95.665 93.788 101.385 93.602 95.381 94.947 94.882 96.771 95.672 94.578 94.490 100.400 23.275 0.000 0.000 0.000 0.000 0.000 23.431 62.330 62.201 50.049 46.897 57.784 52.692 53.612 14.545 2.373 38.956 43.744 54.564 50.436 54.346 48.279 51.229 50.193 47.168 44.153 43.147 43.151 49.152 0.000 0.000 0.000 0.000 40.572 40.572 50.572 76.572 76.572 76.572 76.572
