results1/res_4e8f-0123.wd
ncols         241
nrows         181
xllcorner     12693529.787448
yllcorner     3542525.717860
cellsize      155.156523
NODATA_value  -9999.000000
[rows 66 to 98 of 181, columns 146 to 218 of 241]
31.190 46.128 68.069 69.014 68.962 68.913 68.865 68.817 68.770 71.733 7.710 0.000 0.000 0.000 0.000 0.000 0.000 0.000 39.728 14.728 0.000 21.725 51.722 51.723 51.724 58.725 64.725 64.724 64.721 64.717 64.712 64.706 64.699 64.693 64.687 66.682 51.677 52.675 44.674 0.000 0.000 0.000 0.000 0.000 20.768 27.757 36.734 30.693 8.640 6.570 21.528 42.494 50.463 44.433 39.403 39.375 29.347 26.319 26.292 29.266 50.241 62.217 57.194 46.172 53.150 60.130 64.111 64.093 63.075 63.059 63.044 63.029 63.015
34.247 53.185 71.126 69.072 69.022 68.975 68.929 68.878 73.821 62.779 32.759 29.767 0.000 0.000 0.000 0.000 0.000 10.727 12.728 0.000 0.000 0.000 21.713 52.714 61.714 64.715 64.714 64.713 64.710 68.707 66.703 64.699 64.694 64.689 63.685 55.681 49.678 55.676 45.675 0.000 0.000 0.000 0.000 12.759 26.759 31.753 27.744 0.000 0.000 3.508 23.489 26.465 40.439 49.413 38.387 37.360 35.333 26.306 26.280 25.255 31.230 55.206 62.183 47.160 49.139 51.119 53.100 57.082 61.065 63.048 64.033 63.019 63.005
39.302 60.239 70.178 69.125 69.080 69.038 66.997 65.946 20.856 5.802 36.780 42.776 7.777 0.000 0.000 0.000 0.000 0.000 0.000 0.000 0.000 5.701 34.704 54.705 64.705 64.705 64.705 64.703 64.701 66.699 65.695 64.692 64.688 65.685 55.682 53.680 56.678 51.677 43.676 0.000 0.000 0.000 0.000 30.758 33.759 0.000 0.000 0.000 0.000 31.464 33.454 43.437 46.417 57.394 55.370 43.345 32.319 24.293 26.268 26.242 21.218 35.194 52.170 56.148 61.127 58.107 51.088 56.070 59.053 59.037 57.022 59.008 61.994
44.356 67.290 71.224 72.171 69.133 70.101 65.074 11.055 0.000 35.793 36.784 41.779 49.778 0.000 0.000 0.000 0.000 0.000 0.000 0.000 0.000 17.697 40.697 53.697 65.697 64.697 64.696 64.695 64.693 65.691 64.688 64.686 64.683 61.681 55.679 20.680 0.000 0.000 0.000 0.000 0.000 0.000 0.000 26.758 33.758 0.000 0.000 0.000 48.423 34.432 29.426 57.414 62.397 63.377 67.355 61.331 49.306 29.281 26.255 26.230 24.205 25.181 31.158 32.136 39.115 47.095 54.076 58.058 59.041 60.025 56.010 58.996 59.983
26.412 31.341 41.256 17.202 74.180 71.159 56.145 33.143 3.174 0.000 0.000 0.000 0.000 0.000 0.000 0.000 0.000 0.000 0.000 0.000 0.000 18.694 43.691 46.690 62.689 64.689 64.688 64.687 68.685 67.683 64.681 64.679 65.677 56.676 59.675 0.000 0.000 0.000 0.000 0.000 0.000 0.000 0.000 0.000 20.757 29.757 0.000 0.000 79.414 42.413 24.406 55.395 63.380 63.363 63.342 66.319 65.294 45.268 28.242 26.217 24.192 27.167 28.144 36.122 41.101 30.081 30.062 35.045 40.028 46.013 50.998 54.984 58.971
72.475 51.408 0.000 0.000 78.228 70.210 57.202 39.200 6.205 0.000 0.000 0.000 0.000 0.000 0.000 0.000 0.000 0.000 0.000 0.000 0.000 0.000 4.683 48.682 64.682 64.681 64.680 64.679 66.678 65.676 64.675 64.673 65.671 53.670 63.670 0.000 0.000 0.000 0.000 0.000 0.000 0.000 0.000 0.000 0.000 0.000 0.000 0.000 16.407 32.400 25.391 55.380 63.367 63.351 64.331 64.308 64.283 57.256 33.229 29.203 27.178 24.153 45.130 57.108 63.086 47.067 40.048 36.031 34.015 31.000 30.985 30.972 58.959
48.547 0.000 0.000 75.398 75.293 73.252 64.254 49.249 5.242 0.000 0.000 0.000 0.000 0.000 0.000 0.000 0.000 0.000 0.000 0.000 0.000 0.000 30.675 53.675 65.675 64.674 64.673 65.672 64.671 64.670 64.668 64.667 65.666 58.664 23.664 0.000 0.000 0.000 0.000 0.000 0.000 0.000 0.000 0.000 0.000 0.000 0.000 0.000 0.000 29.389 28.378 46.368 61.357 64.343 58.324 54.301 60.273 51.243 34.216 33.189 42.164 37.139 60.115 64.092 63.071 61.051 61.033 58.016 56.000 52.986 48.972 40.959 60.947
75.588 65.586 71.558 27.504 0.000 0.000 70.312 44.302 5.272 0.000 7.472 0.000 0.000 0.000 0.000 0.000 0.000 0.000 0.000 0.000 0.000 0.000 46.668 58.668 65.668 64.667 64.667 66.666 66.665 64.664 64.662 64.661 63.659 59.658 8.658 0.000 0.000 0.000 0.000 0.000 0.000 0.000 0.000 0.000 0.000 0.000 0.000 0.000 0.000 0.000 17.363 43.358 61.350 62.339 43.323 46.297 48.266 45.229 30.201 27.175 50.149 59.123 63.098 65.075 65.054 66.035 64.017 64.001 64.985 63.971 64.958 64.945 63.934
77.631 69.613 74.585 25.556 0.000 0.000 61.380 9.374 0.000 0.000 39.472 2.472 0.000 0.000 0.000 0.000 0.000 0.000 0.000 0.000 0.000 0.000 49.662 61.662 65.661 64.661 64.661 65.660 65.659 64.658 64.656 65.655 61.653 56.652 6.651 0.000 0.000 0.000 0.000 0.000 0.000 0.000 0.000 0.000 0.000 0.000 0.000 0.000 9.350 11.351 22.354 38.352 60.347 62.340 8.334 0.000 0.000 35.206 29.184 24.161 38.135 57.106 63.080 65.057 65.036 65.017 63.000 62.984 63.969 62.956 62.943 63.931 63.920
69.692 69.650 69.612 67.578 54.548 40.508 33.454 32.440 28.461 31.469 34.472 34.472 6.472 0.000 0.000 0.000 0.000 0.000 10.634 12.634 0.000 2.655 48.655 62.655 64.655 64.655 64.655 64.654 64.653 64.652 64.651 64.649 46.647 41.646 39.644 34.640 0.000 0.000 0.000 0.000 0.000 0.000 0.000 0.000 0.000 0.000 0.000 0.000 13.350 39.350 30.350 34.348 54.345 55.341 28.338 0.000 0.000 0.000 26.167 31.151 30.124 49.087 62.059 63.036 63.016 62.998 62.981 62.966 62.953 62.940 62.928 62.917 62.906
69.728 69.682 69.637 68.596 65.559 67.522 41.488 20.473 58.473 31.474 35.475 11.474 0.000 0.000 0.000 0.000 0.000 0.000 10.634 56.635 5.635 0.000 47.649 61.649 65.650 64.650 66.649 67.649 65.648 64.647 64.645 62.644 55.642 46.640 47.638 46.636 0.000 0.000 0.000 0.000 0.000 0.000 0.000 0.000 0.000 0.000 0.000 0.000 7.349 42.349 34.348 41.346 56.344 51.341 57.340 0.000 0.000 0.000 0.000 0.000 0.000 39.060 62.033 63.012 62.994 62.977 62.962 62.948 62.935 62.923 62.912 62.902 62.892
69.760 69.712 70.659 72.611 69.569 69.532 68.505 69.490 60.483 38.481 10.480 0.000 0.000 0.000 0.000 0.000 0.000 0.000 0.000 49.635 36.636 26.638 42.642 64.644 64.645 64.645 64.645 64.644 64.643 64.642 64.640 64.639 62.637 41.635 45.632 52.631 0.000 0.000 0.000 0.000 0.000 0.000 0.000 0.000 0.000 0.000 0.000 0.000 3.349 54.349 0.000 21.344 44.342 51.341 12.340 0.000 0.000 0.000 0.000 0.000 0.000 0.000 51.001 63.987 62.971 62.955 62.941 62.929 62.917 62.906 62.896 62.886 62.877
72.794 68.749 65.676 67.621 70.574 70.533 72.511 69.497 67.490 54.486 3.485 0.000 0.000 0.000 0.000 0.000 0.000 0.000 0.000 5.635 40.635 32.636 48.638 66.640 64.640 64.641 64.640 64.640 64.639 64.637 64.636 64.634 65.632 54.629 41.627 45.624 51.620 0.000 0.000 0.000 0.000 0.000 0.000 0.000 0.000 0.000 0.000 0.000 0.000 0.000 0.000 0.000 29.341 48.341 0.000 0.000 0.000 0.000 0.000 0.000 0.000 0.000 38.982 59.964 62.947 62.932 62.919 62.908 62.898 62.889 62.880 62.871 62.862
65.834 26.813 0.000 0.000 0.000 62.516 67.507 73.499 69.493 58.490 8.488 0.000 42.489 12.489 0.000 0.000 0.000 0.000 0.000 0.000 32.633 36.634 57.635 65.636 66.637 67.637 64.637 64.636 64.635 64.634 64.632 64.630 64.627 65.625 44.622 26.618 35.615 0.000 0.000 0.000 0.000 0.000 0.000 0.000 0.000 0.000 0.000 0.000 0.000 0.000 0.000 0.000 18.340 51.340 0.000 0.000 0.000 0.000 0.000 0.000 0.000 0.000 0.000 39.942 59.920 62.907 62.896 62.887 62.879 62.871 62.863 62.856 62.848
60.867 17.855 0.000 0.000 37.508 35.508 52.503 71.498 68.494 53.491 34.490 38.490 42.489 8.489 0.000 0.000 0.000 0.000 3.625 0.000 33.631 44.632 64.633 64.633 67.634 67.634 64.634 64.633 64.632 64.630 64.628 64.626 64.624 65.620 61.617 56.613 45.609 25.602 19.598 0.000 0.000 0.000 0.000 0.000 0.000 0.000 0.000 0.000 0.000 0.000 0.000 0.000 20.340 12.340 0.000 0.000 0.000 0.000 0.000 0.000 0.000 0.000 0.000 0.000 44.884 60.879 62.872 62.866 62.860 62.854 62.847 62.841 62.833
66.893 47.885 19.891 0.000 0.000 37.504 37.501 59.497 71.494 49.492 36.491 41.490 19.490 0.000 0.000 0.000 0.000 0.000 32.625 25.626 30.628 47.629 66.630 66.631 67.631 64.631 64.631 64.630 64.629 64.628 64.626 64.623 64.620 64.617 64.613 66.608 55.604 43.599 32.595 33.590 26.587 17.586 22.585 0.000 0.000 0.000 0.000 0.000 0.000 0.000 0.000 0.000 23.340 0.000 0.000 0.000 0.000 0.000 0.000 0.000 0.000 0.000 0.000 0.000 29.854 57.852 61.849 62.845 62.841 62.837 62.832 62.826 62.820
69.910 60.903 13.897 0.000 0.000 0.000 36.498 41.495 68.493 56.492 37.491 40.490 15.490 0.000 0.000 0.000 0.000 0.000 35.625 28.625 31.626 49.627 68.628 67.629 65.629 65.630 64.629 64.628 64.627 64.625 64.623 65.621 65.618 65.614 59.609 50.604 54.600 61.596 54.592 52.589 40.586 27.585 34.585 0.000 0.000 0.000 0.000 0.000 0.000 0.000 0.000 0.000 0.000 0.000 0.000 0.000 0.000 0.000 0.000 0.000 0.000 0.000 0.000 0.000 21.826 52.826 62.826 64.825 64.823 64.821 63.817 62.813 62.807
69.924 44.918 0.000 0.000 0.000 0.000 0.000 43.493 56.492 50.491 49.491 46.490 36.490 14.489 0.000 0.000 0.000 0.000 34.624 27.624 32.625 47.626 59.627 56.627 51.628 53.629 58.628 63.627 65.626 65.624 63.622 53.620 51.616 56.612 45.605 42.600 42.596 53.592 57.589 52.586 38.584 27.583 0.000 0.000 0.000 0.000 0.000 0.000 0.000 0.000 0.000 0.000 0.000 0.000 0.000 0.000 0.000 0.000 0.000 0.000 0.000 0.000 0.000 0.000 9.798 34.801 40.804 42.805 42.806 43.806 52.804 61.801 62.796
68.933 34.929 0.000 0.000 0.000 0.000 0.000 38.492 32.492 31.491 39.491 39.490 39.490 35.489 8.489 0.000 0.000 0.000 39.623 34.623 39.624 49.624 52.625 55.627 13.627 0.000 0.000 4.626 65.625 62.623 51.621 6.620 0.000 0.000 44.600 76.595 69.592 48.589 54.586 48.583 37.581 22.580 25.578 0.000 0.000 0.000 0.000 0.000 0.000 0.000 0.000 0.000 0.000 0.000 0.000 0.000 0.000 0.000 0.000 0.000 13.726 34.727 45.733 44.745 62.767 70.777 71.783 69.787 71.790 58.792 41.793 59.793 62.789
66.939 31.936 0.000 0.000 0.000 0.000 0.000 38.492 34.491 13.491 0.000 0.000 0.000 0.000 0.000 0.000 0.000 0.000 45.622 39.622 34.622 30.623 16.623 0.000 0.000 0.000 0.000 0.000 0.000 0.000 38.618 0.617 0.000 0.000 0.000 39.590 72.588 32.585 33.582 32.579 28.578 31.578 78.577 37.576 0.000 0.000 0.000 0.000 0.000 0.000 0.000 0.000 0.000 0.000 0.000 0.000 0.000 0.000 0.000 0.000 0.000 81.721 77.727 59.736 60.748 57.757 58.764 80.769 73.774 59.779 39.784 48.788 47.788
52.942 33.939 27.940 0.000 0.000 0.000 0.000 0.000 36.491 20.491 0.000 0.000 0.000 0.000 0.000 0.000 0.000 0.000 45.621 45.621 46.621 29.621 4.622 0.000 0.000 0.000 0.000 0.000 0.000 0.000 34.615 11.615 0.000 0.000 0.000 38.586 87.584 51.582 54.578 49.574 34.574 52.576 106.576 103.576 34.575 0.000 0.000 0.000 0.000 0.000 0.000 0.000 0.000 0.000 0.000 0.000 0.000 12.687 2.688 0.693 9.702 84.710 51.717 59.724 50.733 31.740 42.747 85.753 51.759 38.767 45.775 0.000 0.000
36.943 36.941 22.940 0.000 0.000 0.000 0.000 0.000 0.000 0.000 0.000 0.000 0.000 0.000 0.000 0.000 0.000 0.000 48.620 39.620 33.620 31.620 5.621 0.000 0.000 0.000 0.000 0.000 0.000 31.613 24.614 49.614 45.614 0.000 0.000 44.584 50.582 42.579 85.574 74.565 45.570 0.000 62.575 117.575 1.575 0.000 0.000 0.000 0.000 0.000 0.000 0.000 0.000 0.000 0.000 0.000 63.687 101.687 92.688 88.690 35.695 79.701 47.706 36.712 83.718 64.725 84.731 65.737 35.744 43.753 0.000 0.000 0.000
39.943 40.941 32.940 0.000 0.000 0.000 0.000 0.000 0.000 0.000 0.000 0.000 0.000 0.000 0.000 0.000 0.000 0.000 2.619 43.619 33.619 11.619 0.000 0.000 0.000 0.000 0.000 0.000 0.000 33.613 30.613 6.613 0.000 0.000 0.000 18.584 0.000 0.000 0.000 40.543 0.000 0.000 18.575 84.575 39.575 0.000 0.000 0.000 0.000 0.000 0.000 0.000 0.000 0.000 0.000 0.000 19.687 0.000 63.686 67.687 18.689 79.692 56.696 29.700 47.704 97.709 111.715 45.720 33.725 0.739 0.000 0.000 9.650
38.941 39.940 39.939 43.938 35.937 0.000 0.000 0.000 0.000 0.000 0.000 0.000 0.000 0.000 0.000 0.000 0.000 0.000 0.000 33.618 29.618 13.618 0.000 0.000 0.000 0.000 0.000 0.000 34.612 31.612 8.613 0.000 0.000 0.000 0.000 0.000 0.000 0.000 0.000 44.521 0.000 0.000 18.575 0.000 0.000 0.000 0.000 0.000 0.000 0.000 0.000 0.000 0.000 0.000 0.000 0.000 0.000 0.000 39.683 58.683 17.683 81.683 61.685 31.687 80.690 83.694 78.699 86.704 50.709 0.000 0.000 0.000 23.642
40.939 18.939 29.938 38.938 38.937 38.936 37.936 0.000 0.000 0.000 0.000 0.000 0.000 0.000 0.000 0.000 0.000 0.000 0.000 35.617 31.617 15.617 0.000 0.000 0.000 0.000 0.000 0.000 0.000 37.612 9.612 0.000 0.000 0.000 0.000 0.000 0.000 0.000 8.495 31.500 35.493 12.493 0.000 0.000 0.000 0.000 0.000 0.000 0.000 0.000 0.000 0.000 0.000 0.000 0.000 0.000 0.000 0.000 42.679 62.679 22.677 82.674 67.673 81.673 81.675 40.678 33.682 78.688 27.699 0.000 0.000 24.622 32.629
45.935 0.000 0.000 35.937 24.937 0.000 37.935 27.935 0.000 0.000 0.000 0.000 0.000 0.000 0.000 0.000 0.000 0.000 0.000 34.616 31.616 19.616 0.000 0.000 0.000 0.000 0.000 0.000 0.000 0.000 0.000 0.000 0.000 0.000 0.000 0.000 0.000 0.000 47.490 64.489 25.487 0.000 0.000 0.000 0.000 0.000 0.000 0.000 0.000 0.000 0.000 0.000 0.000 0.000 0.000 0.000 0.000 0.000 77.677 63.676 24.672 82.663 79.659 71.658 63.659 49.661 50.665 19.668 0.000 0.000 8.611 27.615 34.619
42.930 0.000 0.000 22.937 14.937 0.000 0.000 0.000 0.000 46.881 42.881 33.880 0.000 0.000 0.000 0.000 0.000 0.000 0.000 38.616 34.616 16.616 0.000 0.000 0.000 0.000 0.000 0.000 0.000 0.000 0.000 0.000 0.000 0.000 0.000 0.000 0.000 0.000 10.486 94.482 60.478 0.000 0.000 0.000 0.000 0.000 0.000 0.000 0.000 0.000 0.000 0.000 0.000 0.000 0.000 0.000 0.000 0.000 9.677 0.000 0.000 56.648 97.644 76.642 75.642 73.643 76.647 24.652 0.000 0.000 12.607 26.608 27.610
58.924 0.000 0.000 0.000 0.000 44.894 31.893 0.000 42.883 36.882 36.881 28.880 0.000 0.000 0.000 0.000 0.000 0.000 0.000 38.615 33.615 21.615 0.000 0.000 0.000 0.000 0.000 0.000 0.000 0.000 0.000 0.000 0.000 0.000 0.000 0.000 0.000 0.000 0.000 38.474 30.466 1.452 0.000 0.000 0.000 0.000 0.000 0.000 0.000 0.000 0.000 0.000 0.000 0.000 0.000 0.000 0.000 0.000 0.000 0.000 0.000 3.637 39.626 40.623 38.623 38.624 35.629 31.640 0.000 0.000 5.603 26.599 24.600
69.917 58.911 40.906 41.903 40.899 34.895 35.892 36.888 34.884 39.882 38.880 29.880 26.879 0.000 0.000 0.000 0.000 0.000 0.000 25.615 0.000 0.000 0.000 0.000 0.000 0.000 0.000 0.000 0.000 0.000 0.000 0.000 0.000 0.000 0.000 0.000 0.000 0.000 0.000 0.000 37.456 0.167 0.000 0.000 0.000 0.000 0.000 0.000 0.000 0.000 0.000 0.000 0.000 0.000 0.000 0.000 0.000 0.000 0.000 0.000 0.000 0.000 27.601 26.602 26.603 42.603 37.603 0.000 0.000 0.000 0.000 39.586 51.588
69.913 63.909 33.906 33.903 33.900 16.895 17.892 21.888 31.885 40.882 37.880 29.879 32.878 21.878 0.000 0.000 0.000 0.000 0.000 0.000 0.000 0.000 0.000 0.000 0.000 0.000 0.000 0.000 0.000 0.000 0.000 0.000 0.000 0.000 0.000 0.000 0.000 0.000 0.000 0.000 0.000 8.517 0.000 0.000 0.000 0.000 0.000 0.000 0.000 0.000 0.000 0.000 0.000 0.000 0.000 0.000 0.000 0.000 0.000 0.000 19.555 22.562 26.576 26.581 28.583 47.582 37.578 20.567 0.000 0.000 34.563 55.572 62.576
69.909 67.907 37.905 34.903 14.901 0.000 0.000 0.000 0.000 31.880 34.879 32.878 25.878 0.000 0.000 0.000 0.000 0.000 0.000 0.000 0.000 0.000 0.000 0.000 0.000 0.000 0.000 0.000 0.000 0.000 0.000 0.000 0.000 0.000 0.000 0.000 0.000 0.000 0.000 0.000 0.000 11.507 0.000 0.000 0.000 0.000 0.000 0.000 0.000 0.000 0.000 0.000 0.000 0.000 0.000 0.000 0.000 0.000 0.000 0.000 30.549 27.554 26.560 22.564 35.565 52.564 36.561 25.555 20.549 20.549 44.555 61.561 62.566
69.907 67.906 20.905 24.904 0.000 0.000 0.000 0.000 0.000 0.000 22.878 35.877 27.877 0.000 0.000 0.000 0.000 0.000 0.000 0.000 0.000 0.000 0.000 0.000 0.000 0.000 0.000 0.000 0.000 0.000 0.000 0.000 0.000 0.000 0.000 0.000 0.000 0.000 0.000 0.000 0.000 0.000 0.000 0.000 0.000 0.000 0.000 0.000 0.000 0.000 0.000 0.000 0.000 7.249 0.000 0.000 0.000 0.000 0.000 24.534 22.540 21.544 26.547 40.549 53.550 43.549 27.547 25.545 27.543 24.543 45.547 63.551 62.556
69.904 43.905 0.000 0.000 0.000 0.000 0.000 0.000 0.000 0.000 0.000 25.876 32.875 30.874 0.000 0.000 0.000 0.000 0.000 0.000 0.000 0.000 0.000 0.000 0.000 0.000 0.000 0.000 0.000 0.000 0.000 0.000 0.000 0.000 0.000 0.000 0.000 0.000 0.000 0.000 0.000 0.000 0.000 0.000 0.000 0.000 0.000 0.000 0.000 0.000 0.000 0.000 0.000 0.393 2.498 0.000 29.516 21.519 19.522 31.528 45.532 50.535 52.536 52.537 38.536 26.536 25.535 25.534 24.534 26.535 49.538 64.542 62.546
