results1/res_4e8f-0209.wd
ncols         241
nrows         181
xllcorner     12693529.787448
yllcorner     3542525.717860
cellsize      155.156523
NODATA_value  -9999.000000
[rows 33 to 65 of 181, columns 146 to 218 of 241]
64.959 64.175 63.899 64.536 31.195 42.864 64.550 58.235 36.812 0.000 0.000 36.762 12.762 17.763 33.764 58.768 45.767 11.765 0.000 0.691 50.678 58.664 16.641 43.614 35.594 36.570 40.534 49.497 67.456 58.427 53.399 48.376 49.357 49.339 48.323 47.307 46.289 54.271 64.252 56.235 56.220 54.206 33.191 47.179 55.170 0.000 25.747 30.720 54.650 52.592 57.537 67.485 60.443 55.422 10.412 0.000 38.364 38.355 45.352 23.355 0.000 0.000 0.000 0.000 0.000 0.000 0.000 0.000 0.000 0.000 0.000 0.000 0.000
64.911 64.657 64.309 64.980 42.657 60.354 63.086 56.894 0.000 0.000 14.762 38.762 0.000 0.000 0.000 42.778 42.773 50.763 13.744 63.718 51.691 38.668 47.644 38.618 36.593 36.566 35.534 37.500 65.466 63.436 63.409 65.385 58.364 60.345 59.327 59.309 59.292 60.274 64.257 62.242 63.228 58.214 35.203 34.194 7.188 0.000 22.691 36.674 44.639 39.588 45.534 58.476 58.442 56.422 14.412 0.000 0.000 43.340 15.337 0.000 0.000 0.000 0.000 0.000 2.226 45.220 44.213 46.208 36.203 39.199 6.197 0.000 0.000
65.392 65.054 64.732 64.411 64.101 64.808 56.546 43.362 0.000 0.000 0.000 6.762 0.000 0.000 0.000 39.793 36.785 49.770 54.750 46.725 55.699 53.674 34.648 35.621 36.594 36.565 48.535 52.504 56.473 49.443 46.416 56.391 30.369 37.349 32.330 32.312 32.294 35.278 61.262 50.247 48.234 50.222 35.212 37.205 17.201 0.000 32.652 89.646 14.642 0.000 0.000 7.444 59.428 58.413 17.402 0.000 0.000 40.328 37.320 39.302 37.287 45.274 51.261 43.248 65.232 72.221 70.213 55.206 35.202 34.198 38.195 8.193 0.000
65.789 65.468 65.147 64.833 65.529 60.230 41.929 32.645 41.645 0.000 0.000 0.000 0.000 0.000 0.000 36.816 35.802 38.783 34.760 45.735 48.708 51.681 40.653 35.625 35.596 35.567 60.537 66.507 48.477 42.448 42.420 43.395 40.373 40.352 40.332 41.314 44.296 41.280 62.265 54.251 52.238 52.228 34.219 48.213 74.210 0.000 24.620 77.617 0.000 0.000 0.000 9.428 59.412 57.398 35.382 40.357 38.338 36.325 36.312 36.298 35.285 42.273 49.262 36.250 54.233 72.218 68.210 48.204 33.199 33.195 38.193 6.191 0.000
66.204 65.876 65.556 65.246 61.950 47.657 36.293 0.000 0.000 0.000 0.000 40.971 3.957 9.933 1.901 35.854 36.825 36.799 35.773 35.745 41.717 34.688 34.658 36.629 35.599 34.570 58.540 55.511 63.481 67.451 66.422 61.397 57.374 59.353 55.333 59.315 59.297 60.281 64.266 62.253 63.241 59.231 34.223 46.218 68.215 0.000 19.590 80.584 0.000 0.000 0.000 0.000 56.394 59.386 38.371 36.351 36.334 36.319 36.306 36.294 35.282 42.272 51.264 7.257 0.000 30.209 73.205 49.200 33.196 33.192 37.189 4.188 0.000
66.617 66.277 65.952 65.647 55.367 37.154 0.000 0.000 0.000 0.000 39.001 41.985 54.966 54.942 42.912 35.877 35.846 36.816 36.786 35.756 34.726 35.695 35.664 35.633 34.602 43.572 62.542 41.514 55.486 32.452 65.420 55.396 54.374 54.353 51.333 56.315 57.297 57.281 64.266 62.253 59.242 59.232 34.225 48.220 67.218 0.000 5.567 73.544 0.000 0.000 0.000 0.000 60.386 59.379 35.364 37.342 36.326 37.312 37.300 37.289 38.278 46.269 26.263 0.000 0.000 31.204 73.201 54.196 41.192 35.187 38.184 5.182 0.000
67.025 66.664 67.330 60.021 47.720 37.437 0.000 0.000 0.000 0.000 36.016 53.002 46.981 35.957 37.928 37.896 35.864 34.833 36.801 35.768 36.736 36.702 36.669 35.637 35.605 55.574 55.544 55.517 55.496 0.000 37.411 35.394 36.373 36.352 37.332 41.313 44.296 42.279 62.265 56.252 50.241 52.232 35.225 47.221 66.218 0.000 0.000 46.482 37.457 0.000 0.000 0.000 54.384 37.381 0.000 32.329 38.315 42.304 49.293 49.283 49.273 51.264 23.257 0.000 15.207 79.203 72.198 74.192 62.187 37.182 38.178 6.176 0.000
67.422 67.025 66.683 52.387 4.053 0.022 0.000 0.000 0.000 14.072 52.047 47.025 37.001 37.975 37.946 37.915 37.883 35.849 34.816 34.781 36.745 35.710 35.675 34.640 36.606 51.574 42.543 51.514 52.485 11.451 11.419 51.394 50.372 50.350 50.330 52.311 52.293 53.276 65.262 61.249 56.238 58.229 34.222 43.218 71.217 0.000 0.000 105.445 74.432 41.413 28.404 0.000 0.000 0.000 0.000 0.000 35.302 44.295 48.286 47.277 50.266 52.256 38.244 43.227 59.212 74.203 72.195 72.188 60.182 37.175 37.170 13.166 0.000
67.791 68.331 59.989 42.791 0.000 0.000 0.000 2.140 2.126 59.098 53.073 37.049 38.024 37.997 37.967 37.935 37.902 37.867 34.831 35.794 35.756 35.717 36.679 35.642 35.607 38.573 43.541 55.510 42.479 54.449 59.419 52.393 61.369 51.347 52.326 55.307 54.288 53.272 63.257 59.243 47.232 46.223 35.217 42.214 71.213 0.000 0.000 96.420 86.413 63.402 32.395 0.000 0.000 8.324 3.321 0.000 6.295 55.289 47.280 41.271 38.260 53.249 40.237 42.224 50.211 71.201 73.192 71.184 57.176 37.168 34.161 38.153 32.142
76.078 73.521 46.152 35.997 0.000 0.000 4.166 37.154 51.140 52.120 46.098 41.075 38.049 38.021 37.990 37.957 36.923 39.886 44.848 40.808 35.766 36.724 35.683 35.643 35.605 35.570 42.537 43.505 41.475 48.445 47.416 42.390 54.366 34.343 42.321 49.301 48.282 42.265 61.250 54.236 34.225 33.215 36.209 38.206 42.210 0.000 0.000 74.403 54.398 91.389 77.378 13.358 14.342 65.328 39.317 37.305 37.295 39.285 50.276 44.265 12.255 65.243 53.232 49.219 47.208 58.197 74.188 66.178 49.170 38.161 34.153 41.143 65.131
0.000 0.000 25.100 43.049 0.000 0.000 39.177 49.171 63.160 47.145 46.125 46.102 39.076 38.047 38.016 37.981 44.945 52.907 53.867 45.823 40.777 35.730 34.684 35.641 39.602 36.565 35.532 34.500 40.469 41.440 40.412 41.385 43.360 36.337 42.315 47.294 49.275 45.257 61.241 55.227 37.215 36.205 36.197 32.192 0.000 0.000 0.000 30.391 49.387 49.379 83.369 98.355 91.341 59.327 45.315 46.304 46.292 49.282 71.271 89.261 98.250 97.238 99.227 98.215 92.204 86.193 78.183 61.173 44.164 35.155 36.145 49.135 68.124
19.224 0.000 0.000 0.000 0.000 10.195 42.194 62.192 54.186 57.173 54.155 44.133 37.107 38.076 38.043 49.007 53.970 49.930 44.888 41.842 44.788 39.735 39.684 35.635 40.594 34.558 35.525 36.493 35.462 35.433 35.405 35.379 34.353 35.330 35.307 39.286 45.266 44.248 62.231 56.216 35.203 36.192 36.182 35.174 10.163 0.000 0.000 34.382 60.379 49.372 51.363 66.351 77.339 87.326 89.313 95.301 98.290 98.279 97.267 93.256 84.245 82.233 84.222 87.210 89.199 90.188 88.177 92.167 84.158 51.148 38.138 57.128 74.118
58.665 17.512 0.000 0.000 7.169 43.196 59.212 52.219 44.217 52.207 56.190 57.168 47.141 36.109 46.073 55.035 44.996 36.956 36.914 38.868 6.798 7.738 6.681 32.622 36.583 38.548 38.516 35.485 35.454 36.425 35.397 35.371 35.345 36.321 35.298 35.276 35.256 38.237 55.219 54.203 36.189 36.177 36.166 37.158 38.152 0.000 0.000 33.377 51.374 52.368 64.360 51.349 31.337 35.324 71.311 95.299 79.287 74.275 77.264 70.252 56.240 45.228 36.217 34.205 35.194 45.182 43.172 38.161 77.151 92.141 70.132 68.122 72.112
0.000 33.359 11.770 6.001 42.143 52.208 59.240 43.254 46.255 44.247 42.231 50.208 55.179 50.145 54.106 43.065 37.023 37.982 37.946 45.919 0.000 0.000 0.000 29.589 38.566 49.537 50.506 45.475 41.445 43.416 39.388 38.361 36.336 35.311 35.288 36.265 35.244 35.224 38.206 47.188 35.173 35.160 36.148 35.140 4.135 0.000 0.000 14.375 12.372 66.367 50.359 35.349 49.335 51.321 97.308 78.296 61.284 43.272 34.260 35.248 36.236 37.224 37.212 37.200 36.188 34.177 33.166 34.155 42.145 79.135 87.125 72.115 71.106
0.000 20.796 43.950 46.090 45.192 60.253 45.287 39.302 41.303 40.295 37.278 36.254 51.223 58.185 61.142 49.096 39.048 36.003 43.967 9.943 0.000 0.000 0.000 32.578 42.556 49.527 50.496 50.465 52.435 60.406 58.378 54.351 52.325 48.300 42.276 37.253 35.231 36.210 35.190 40.172 33.155 34.140 35.128 37.118 58.113 0.000 0.000 0.000 28.373 70.369 30.361 39.351 30.334 69.317 87.305 47.293 35.281 37.268 37.256 37.244 37.231 37.219 34.206 34.194 33.182 34.171 34.159 34.149 50.138 65.128 38.118 98.107 70.098
0.000 21.079 44.143 37.218 56.282 56.326 51.351 42.362 36.362 37.351 38.333 49.306 52.272 44.231 47.182 56.128 57.070 47.017 3.976 0.000 5.721 4.683 37.636 43.589 47.553 46.519 47.487 47.455 45.424 52.395 53.367 53.340 54.314 51.289 50.264 51.240 42.217 37.195 38.174 35.154 36.135 35.118 34.104 36.093 51.087 0.000 0.000 0.000 28.379 72.373 34.366 10.359 0.000 15.309 54.301 36.290 37.278 35.265 35.252 35.240 34.227 33.214 34.201 34.188 33.176 34.164 33.152 32.141 35.131 31.122 27.113 91.098 100.087
0.000 18.299 38.323 48.359 58.392 49.417 49.431 51.435 49.430 40.416 46.395 55.367 44.330 37.284 36.228 42.162 52.090 59.017 22.944 14.851 40.758 40.693 35.637 44.588 49.547 50.510 46.476 46.443 38.412 35.382 35.354 35.327 34.301 32.276 39.251 53.227 52.203 51.179 46.157 37.135 35.114 36.094 35.077 35.062 36.054 0.000 0.000 0.000 43.391 10.379 14.373 0.000 0.000 0.000 33.299 13.288 16.276 33.261 32.248 32.236 33.222 35.209 35.195 35.182 34.169 34.157 32.145 32.134 33.123 21.116 0.000 11.085 94.072
0.000 17.494 41.493 60.501 51.511 48.518 48.521 49.516 48.506 50.489 55.465 44.435 38.396 38.347 38.284 37.204 38.109 44.016 60.934 58.850 37.767 36.694 35.631 36.579 48.536 46.499 57.465 45.429 38.397 36.368 37.341 36.314 41.288 49.263 45.238 39.212 45.188 55.163 52.138 51.114 42.090 35.068 35.046 36.026 34.012 0.000 0.000 43.420 31.414 0.000 0.000 45.324 40.322 39.317 31.308 0.000 0.000 38.255 35.245 35.232 35.218 35.204 35.190 35.176 35.162 35.149 35.137 34.125 35.113 37.102 27.088 0.000 36.055
5.778 30.689 55.655 51.640 40.632 45.626 50.616 45.604 51.588 57.568 49.543 37.512 36.473 38.423 38.357 42.261 43.125 37.005 47.924 43.850 40.767 37.684 34.614 41.561 45.520 47.487 38.454 65.411 53.380 43.353 35.327 41.301 60.275 70.250 63.224 40.198 42.172 45.146 49.120 54.093 52.067 48.040 37.013 33.986 40.955 46.913 0.000 18.425 39.431 0.000 0.000 15.325 35.327 35.320 35.309 40.294 39.277 35.259 34.245 35.230 35.214 35.199 35.184 35.169 35.155 35.142 35.128 35.115 34.103 34.089 35.075 38.057 34.047
17.867 51.830 57.798 42.773 37.753 39.735 41.716 52.696 56.675 67.652 66.626 59.596 48.560 37.517 40.458 7.360 0.000 35.956 41.907 38.858 1.767 35.661 39.580 56.532 55.497 58.472 0.000 30.379 70.360 64.337 50.312 56.287 74.262 74.236 72.210 41.184 47.157 47.129 49.101 37.072 46.043 52.013 50.981 49.948 62.912 71.870 4.825 0.000 29.455 54.478 0.000 0.000 58.339 39.328 39.313 39.296 39.278 40.261 34.244 33.228 37.211 34.193 34.177 34.162 34.147 35.133 34.119 33.106 33.092 33.079 33.064 33.050 32.038
16.992 62.966 48.933 37.901 37.872 37.844 50.816 48.788 65.764 80.740 77.714 74.686 69.656 60.625 51.599 0.000 0.000 0.000 29.889 40.876 0.000 0.000 32.512 50.490 49.463 64.434 36.393 37.368 70.345 75.322 71.298 70.273 73.249 73.223 74.197 53.170 45.142 47.114 47.084 37.052 46.020 39.986 58.951 29.914 68.873 90.829 61.781 31.731 0.000 32.501 0.000 34.389 94.362 47.340 49.319 49.299 45.280 46.261 38.244 33.227 15.208 34.186 34.169 37.154 40.139 50.125 40.110 35.096 36.082 36.068 36.054 36.041 36.028
49.144 53.108 47.066 45.027 39.990 51.954 45.917 58.875 36.852 6.829 57.804 76.778 75.752 76.729 59.714 0.000 0.000 0.000 23.884 46.880 0.000 0.000 29.467 44.453 39.432 66.406 77.378 77.353 73.330 73.307 73.284 74.260 73.236 73.211 73.185 67.158 42.129 44.099 42.067 37.033 47.998 48.961 51.923 8.882 53.839 89.792 59.740 77.680 38.597 24.524 36.472 92.417 80.379 52.350 46.324 48.301 42.280 36.260 34.242 32.228 0.000 40.173 48.161 56.146 63.131 72.116 61.101 41.087 35.072 36.058 36.044 36.031 36.018
60.328 49.255 49.198 45.150 52.107 49.066 52.021 75.945 62.940 45.920 66.896 75.869 74.845 73.825 53.814 0.000 0.000 0.000 0.000 1.880 0.000 0.000 35.436 44.423 55.404 71.382 73.359 73.336 73.314 73.293 73.271 73.248 73.224 73.200 73.174 73.146 59.117 49.086 42.052 35.016 38.978 38.938 43.896 62.853 48.808 83.760 69.708 76.651 83.587 69.527 74.475 83.428 59.389 60.356 46.327 45.302 37.279 34.257 35.236 37.216 51.191 57.171 75.155 74.139 73.123 72.107 72.092 62.077 40.062 35.048 36.034 36.020 36.007
51.463 39.385 41.321 53.268 50.222 50.183 20.155 0.000 55.041 81.017 75.989 74.959 76.933 58.912 44.904 28.930 0.000 0.000 0.000 0.000 0.000 0.000 41.418 58.399 70.379 73.359 73.339 73.319 73.299 73.279 73.258 73.236 73.214 73.190 73.164 73.137 74.107 68.075 60.040 52.001 49.960 52.917 43.872 60.826 39.779 81.731 14.681 35.629 70.574 42.522 33.474 89.430 53.391 57.358 55.328 36.301 34.276 35.253 35.230 43.209 64.187 75.166 72.148 72.131 72.114 69.098 68.082 66.067 65.051 39.037 35.023 35.009 34.995
41.575 38.500 51.435 51.379 46.330 66.290 20.260 29.246 69.167 76.120 75.082 75.047 75.015 50.985 50.960 61.955 0.000 0.000 0.000 0.000 0.000 0.000 0.000 8.377 67.355 79.337 74.319 73.302 73.284 73.265 73.246 73.226 73.205 73.182 73.157 73.130 73.100 74.067 75.030 71.989 71.945 74.897 54.848 60.800 34.752 75.705 11.657 13.608 66.559 36.512 46.468 80.427 61.389 53.356 57.325 34.297 35.271 34.247 36.224 46.202 67.180 68.160 73.141 72.122 67.105 64.088 68.072 73.056 72.041 61.026 42.011 40.997 39.983
37.677 51.604 52.539 40.481 51.431 72.387 65.348 71.311 77.259 75.213 75.172 75.132 72.094 56.054 5.997 1.976 0.000 0.000 0.000 0.000 0.000 0.000 0.000 0.000 12.326 24.314 65.300 74.285 73.269 73.253 73.235 73.217 73.197 73.175 73.152 75.126 74.096 74.063 73.024 74.981 73.932 73.879 63.825 61.774 38.725 50.679 80.633 59.588 67.543 36.500 64.458 58.419 61.384 49.350 43.320 35.292 35.265 35.240 43.217 48.194 49.173 54.152 62.132 60.113 61.095 72.078 72.061 72.045 72.029 73.014 66.999 62.985 60.971
52.771 52.700 41.635 37.577 52.525 71.478 77.435 76.392 75.347 75.302 75.259 76.216 67.174 60.141 0.000 0.000 0.000 0.000 0.000 0.000 0.000 0.000 0.000 0.000 21.310 41.293 68.281 74.269 73.255 73.241 73.226 73.209 73.191 73.171 75.149 75.124 75.096 67.063 72.024 74.978 77.922 75.861 69.798 65.744 53.697 37.652 85.609 68.567 70.526 35.485 81.446 45.410 26.375 43.343 34.313 35.284 34.258 43.233 49.209 48.186 48.164 47.143 40.123 36.103 66.085 72.067 72.050 72.033 72.017 72.002 72.987 72.972 72.958
49.858 40.789 38.726 36.667 53.614 73.566 75.520 75.476 75.432 75.389 75.346 77.300 56.247 54.194 0.000 0.000 0.000 0.000 0.000 0.000 0.000 0.000 0.000 0.000 0.000 55.268 74.262 73.253 73.243 73.231 73.217 73.203 75.186 74.169 74.149 74.127 68.101 46.070 62.031 71.985 22.918 13.847 47.760 54.708 63.665 50.624 71.585 89.545 74.507 41.469 83.432 7.397 19.364 32.333 35.303 35.275 37.249 47.224 45.199 46.176 48.154 51.133 45.112 46.093 62.074 72.056 72.038 72.021 72.005 71.989 71.974 71.959 71.945
40.940 38.873 43.810 48.753 63.699 75.650 75.604 75.560 75.518 75.477 75.436 76.391 63.319 0.000 0.000 0.000 0.000 0.000 3.212 40.212 1.213 19.213 0.000 0.000 0.000 30.249 65.246 72.240 73.232 73.222 73.210 73.198 75.184 73.168 73.151 73.133 57.112 53.085 15.044 17.014 0.000 0.000 32.689 39.664 61.631 47.596 52.560 95.523 78.487 57.451 67.417 17.384 62.352 39.321 35.292 35.265 37.239 46.213 57.189 57.166 59.144 65.122 60.101 71.081 72.062 72.044 72.026 72.009 71.992 71.976 71.961 71.946 71.931
42.018 38.952 45.891 64.833 75.780 75.731 75.685 75.642 75.602 75.565 75.532 81.507 0.000 0.000 0.000 0.000 0.000 0.000 40.212 52.212 39.213 54.213 50.213 0.000 20.226 52.233 59.232 70.229 73.222 73.214 73.205 74.194 73.182 73.169 73.156 69.142 58.128 63.116 0.000 0.000 0.000 16.638 49.644 41.626 59.599 35.568 37.535 85.501 84.467 76.433 62.400 62.368 51.338 46.308 35.280 35.253 35.227 45.202 67.178 74.155 73.132 73.111 65.090 72.069 72.050 72.031 72.013 71.996 71.979 71.963 71.947 71.932 71.917
40.091 38.027 52.966 72.910 76.857 75.808 75.763 75.721 75.683 75.648 75.619 82.599 0.000 0.000 0.000 0.000 0.000 0.000 29.212 49.212 49.212 48.213 51.214 35.216 43.220 51.223 51.223 68.220 74.215 73.208 73.200 73.191 73.181 73.171 74.160 66.150 62.141 56.135 0.000 0.000 0.000 9.631 13.624 41.597 60.570 37.542 33.512 72.479 89.446 86.414 67.382 46.352 45.322 46.294 37.267 34.241 35.215 38.190 49.166 69.143 72.120 72.098 64.077 72.057 72.037 72.018 71.999 71.982 71.965 71.948 71.932 71.917 71.903
39.161 41.098 61.038 76.982 75.930 75.882 75.838 75.797 75.760 75.726 77.696 75.672 0.000 0.000 0.000 0.000 0.000 0.000 15.212 54.212 60.212 65.212 56.213 55.214 49.216 45.216 56.216 70.213 73.209 73.204 76.197 74.190 73.181 73.173 73.165 68.157 60.151 55.149 30.152 0.000 0.000 0.000 0.000 3.570 52.542 38.517 34.490 67.459 98.425 79.393 58.363 49.334 51.306 49.279 44.253 33.227 35.202 34.178 38.154 57.130 72.107 72.085 64.064 72.043 72.023 72.004 71.985 71.967 71.950 71.933 71.917 71.902 71.887
39.228 49.165 69.106 77.051 76.000 75.953 75.910 75.870 75.834 76.801 74.768 62.720 46.720 0.000 0.000 0.000 0.000 0.000 17.212 55.212 64.212 64.211 68.211 70.211 53.212 52.212 67.210 73.208 73.205 73.200 74.195 73.188 73.182 73.175 73.168 71.163 59.158 60.156 54.156 0.155 0.000 0.000 0.000 0.000 38.510 38.496 32.473 77.440 65.403 71.371 41.342 61.315 55.289 48.263 48.238 39.213 34.189 35.164 34.140 46.117 69.094 71.072 65.050 72.029 73.009 71.989 71.970 71.952 71.935 71.918 71.902 71.886 71.872
