results1/res_4e8f-0215.wd
ncols         241
nrows         181
xllcorner     12693529.787448
yllcorner     3542525.717860
cellsize      155.156523
NODATA_value  -9999.000000
[rows 0 to 32 of 181, columns 146 to 218 of 241]
0.000 0.000 0.000 0.000 0.000 0.000 0.000 0.000 0.000 0.000 0.000 0.000 0.000 0.000 5.856 16.705 17.463 17.167 16.841 16.503 16.172 15.862 15.586 15.351 15.160 15.010 14.900 14.824 14.775 14.748 14.737 19.732 0.000 0.000 0.000 0.000 0.000 0.000 0.000 0.000 0.000 0.000 0.000 0.000 0.000 0.000 0.000 0.000 0.000 20.260 27.260 0.000 0.000 46.445 51.445 0.000 0.000 0.000 0.000 0.000 0.000 0.000 0.000 0.000 0.000 0.000 0.000 0.000 0.000 0.000 0.000 0.000 0.000
0.000 0.000 0.000 0.000 0.000 0.000 0.000 0.000 0.000 0.000 0.000 0.000 0.000 1.401 17.006 17.796 17.518 17.198 16.852 16.497 16.150 15.829 17.546 16.308 15.117 14.971 14.866 14.796 14.753 14.733 14.729 19.728 0.000 0.000 0.000 0.000 0.000 0.000 0.000 0.000 0.000 0.000 0.000 0.000 0.000 0.000 0.000 0.000 17.260 39.260 15.260 0.000 25.445 58.445 52.445 0.000 0.000 0.000 0.000 0.000 0.000 0.000 0.000 0.000 0.000 0.000 0.000 0.000 37.443 0.000 0.000 0.000 0.000
0.000 0.000 0.000 0.000 0.000 0.000 0.000 0.000 0.000 0.000 0.000 0.000 0.000 20.636 19.290 17.957 17.614 17.253 16.873 16.483 16.104 17.757 17.459 15.217 15.029 14.892 14.798 14.739 14.709 14.702 16.718 10.723 0.000 0.000 0.000 0.000 0.000 0.000 0.000 0.000 0.000 0.000 0.000 0.000 0.000 0.000 0.000 0.000 29.260 0.000 0.000 20.445 51.445 13.445 0.000 0.000 0.000 0.000 0.000 0.000 0.000 0.000 0.000 0.000 6.444 0.000 0.000 0.000 40.443 12.443 0.000 0.000 0.000
0.000 0.000 0.000 0.000 0.000 0.000 0.000 0.000 0.000 0.000 0.000 0.000 3.127 20.057 18.563 18.126 17.727 17.329 16.903 16.458 17.024 16.637 15.317 15.071 14.892 14.770 14.694 14.654 14.642 20.649 0.000 0.000 0.000 0.000 0.000 0.000 0.000 0.000 0.000 0.000 0.000 0.000 0.000 14.260 0.000 0.000 0.000 13.260 73.260 3.260 0.000 26.445 53.446 0.000 0.000 0.000 0.000 0.000 0.000 0.000 0.000 0.000 12.444 18.444 37.444 0.000 0.000 30.443 39.443 40.443 12.443 0.000 0.000
0.000 0.000 0.000 0.000 0.000 0.000 0.000 0.000 0.000 0.000 0.000 8.186 1.359 3.044 18.779 18.257 17.840 17.432 16.953 16.421 16.897 16.449 15.103 14.858 14.697 14.601 14.554 14.542 15.555 16.602 0.000 0.000 0.000 0.000 0.000 0.000 0.000 0.000 0.000 0.000 0.000 0.000 15.260 38.260 33.260 0.000 0.000 29.260 57.260 0.000 0.000 0.000 53.446 8.446 0.000 0.000 0.000 0.000 0.000 0.000 0.000 0.000 52.444 56.444 58.444 0.444 0.000 43.443 38.443 38.443 48.443 0.000 0.000
0.000 0.000 0.000 0.000 0.000 0.000 0.000 0.000 0.000 0.000 10.911 3.510 1.876 1.299 1.439 16.282 17.943 17.606 17.058 18.375 17.696 15.157 14.788 14.560 14.436 14.384 14.380 14.404 20.436 0.000 0.000 0.000 0.000 0.000 0.000 0.000 0.000 0.000 0.000 0.000 0.000 0.000 0.000 18.260 39.260 31.260 29.260 11.260 42.260 15.260 0.000 0.000 38.446 51.446 42.446 40.446 49.446 0.000 0.000 0.000 0.000 0.000 52.444 54.444 59.444 38.444 27.444 44.443 47.443 0.000 0.000 0.000 12.442
0.000 0.000 0.000 0.000 0.000 0.000 0.000 0.000 0.000 0.000 7.312 4.014 3.644 3.146 0.449 0.641 11.046 18.990 18.296 18.327 15.354 14.697 14.331 14.159 14.104 14.120 14.178 14.259 9.347 0.000 0.000 0.000 0.000 0.000 35.269 68.269 2.269 0.000 8.269 49.269 0.000 0.000 0.000 15.260 39.260 52.260 87.260 49.260 50.260 21.260 0.000 0.000 35.446 54.446 39.446 35.446 52.446 0.000 0.000 0.000 0.000 0.000 39.444 45.444 41.444 41.444 45.444 48.443 56.443 0.000 0.000 0.000 35.442
0.000 0.000 0.000 0.000 0.000 0.000 0.000 0.000 0.000 30.570 31.011 7.583 3.195 3.432 3.080 0.805 0.376 6.014 18.809 16.281 14.698 13.944 13.680 13.642 13.701 13.812 14.952 12.105 0.000 0.000 0.000 0.000 0.000 0.000 10.269 56.269 63.269 45.269 37.269 9.269 0.000 0.000 0.000 0.000 0.000 13.260 80.260 59.260 6.260 0.000 0.000 0.000 0.000 47.446 62.446 60.446 62.446 54.446 46.445 49.445 48.445 57.445 61.444 58.444 59.444 59.444 54.444 49.443 46.443 0.000 0.000 0.000 0.000
0.000 0.000 0.000 0.000 0.000 0.000 0.000 0.000 24.692 42.130 43.579 33.084 9.665 2.080 3.087 0.850 2.828 8.192 6.644 16.292 13.213 12.700 12.804 13.026 13.247 14.476 14.714 0.000 0.000 0.000 0.000 0.000 0.000 0.000 0.000 8.269 54.269 64.269 69.269 8.269 0.000 0.000 0.000 0.000 0.000 9.261 52.260 44.260 49.260 16.260 0.000 0.000 31.446 59.446 44.446 38.446 45.446 57.446 45.445 44.445 53.445 62.445 49.444 45.444 48.444 54.444 60.444 62.443 60.443 46.443 37.442 20.442 29.442
0.000 0.000 0.000 0.000 0.000 0.000 0.000 20.828 30.255 45.676 43.092 43.510 35.928 12.354 1.223 4.778 14.321 6.486 2.266 3.057 6.161 10.838 11.812 12.411 12.784 18.130 0.000 0.000 0.000 0.000 0.000 0.000 8.270 6.270 0.000 0.000 21.269 67.269 20.269 0.000 0.000 0.000 0.000 0.000 0.000 48.261 58.261 34.260 50.260 70.260 10.260 0.000 37.446 61.446 40.446 34.446 37.446 50.446 39.446 39.445 41.445 43.445 40.445 41.444 35.444 39.444 45.444 46.443 44.443 53.443 55.442 58.442 66.442
0.000 0.000 0.000 0.000 0.000 0.000 25.960 24.400 47.825 44.228 43.602 42.934 43.183 38.237 20.743 12.457 8.149 0.000 0.053 4.382 2.161 3.368 11.193 12.022 17.349 0.000 0.000 0.000 0.000 0.000 0.000 3.270 45.270 4.270 0.000 0.000 28.270 68.269 7.269 0.000 0.000 0.000 0.000 0.000 43.262 87.262 20.261 23.260 45.260 72.259 12.260 0.000 34.446 59.446 39.446 32.446 35.446 37.446 33.446 32.445 39.445 55.445 38.445 34.444 48.444 44.444 41.444 48.443 48.443 51.443 60.442 64.442 51.442
0.000 0.000 0.000 0.000 0.000 30.011 18.520 46.988 45.417 44.808 44.156 43.442 42.633 42.667 39.468 25.161 4.454 0.374 0.076 46.292 4.548 0.084 0.109 14.134 10.242 0.000 0.000 0.000 0.000 0.000 0.000 3.270 41.270 36.270 45.270 57.270 61.270 51.270 0.000 0.000 6.265 42.265 57.265 62.264 86.263 42.263 0.000 0.000 47.259 35.259 0.000 0.000 37.447 64.447 51.447 35.446 83.446 111.446 60.446 36.446 52.445 99.445 51.445 28.445 93.444 66.444 41.444 48.443 50.443 40.443 49.442 62.442 45.442
0.000 0.000 0.000 0.000 0.000 19.502 41.120 47.614 46.047 45.433 44.770 44.046 43.240 42.328 42.313 41.220 30.393 4.992 50.889 47.944 0.382 0.158 0.055 0.061 0.000 0.000 0.000 0.000 0.000 0.000 6.270 40.270 36.270 41.270 55.270 65.270 49.270 36.269 1.269 0.000 4.266 51.265 50.265 46.264 85.264 45.263 0.000 0.000 26.258 18.258 0.000 30.447 58.447 60.447 54.447 42.447 41.447 74.446 115.446 53.446 46.446 103.445 54.445 28.445 100.444 70.444 33.444 35.443 41.443 32.443 46.442 45.442 33.442
0.000 0.000 0.000 0.000 24.032 34.376 49.844 47.301 46.724 46.107 45.445 44.730 43.951 43.110 42.150 41.410 40.269 52.616 52.291 1.040 0.524 9.633 0.000 0.000 0.000 0.000 0.000 0.000 1.270 56.270 59.270 41.270 40.270 55.270 65.270 51.270 34.270 36.269 36.268 34.267 32.266 44.266 47.265 57.264 97.264 31.264 0.000 0.000 63.258 13.258 0.000 27.447 57.447 57.447 44.447 36.447 32.447 42.447 39.446 79.446 110.446 127.445 108.445 97.445 123.444 117.444 108.444 54.443 34.443 51.443 46.442 35.442 30.442
0.000 0.000 0.000 25.225 34.688 52.126 48.579 48.022 47.440 46.825 46.173 45.477 44.743 43.901 43.355 40.985 52.655 52.650 36.857 19.151 6.309 0.000 0.000 0.000 0.000 0.000 0.000 0.000 42.270 9.270 0.000 20.270 58.270 62.270 54.271 39.271 5.271 0.000 3.268 38.268 34.267 44.266 43.265 66.264 63.264 0.000 0.000 5.257 66.257 12.257 0.000 25.447 55.447 67.447 46.447 52.447 75.447 52.447 34.447 58.446 81.446 115.446 81.445 61.445 109.445 99.444 74.444 43.443 29.443 100.443 68.442 40.442 30.442
0.000 0.000 0.000 30.762 50.367 49.862 49.325 48.768 48.188 47.582 47.943 47.281 45.520 45.096 42.519 52.723 52.666 40.436 42.055 39.670 23.628 4.626 0.000 0.000 0.000 0.000 0.000 44.270 13.270 0.000 0.000 0.000 26.270 58.271 36.271 34.271 40.272 3.272 0.000 39.268 37.267 43.266 44.265 66.264 62.263 0.000 0.000 26.257 73.257 9.257 0.000 27.448 58.448 61.448 42.448 42.448 88.448 123.447 72.447 40.447 56.446 103.446 63.446 30.445 96.445 83.444 41.444 33.443 26.443 107.443 71.442 43.442 44.441
0.000 0.000 31.381 48.695 52.157 50.629 50.091 49.537 48.965 49.367 47.757 47.054 46.714 44.139 53.170 52.878 41.941 42.792 41.788 32.132 12.877 0.000 0.000 0.000 0.000 0.000 0.000 40.270 14.270 0.000 0.000 0.000 0.000 0.000 0.000 39.272 36.273 35.273 37.272 39.270 35.268 43.267 45.265 57.263 53.262 15.259 34.257 67.256 18.256 0.000 0.000 27.448 54.448 60.448 46.448 31.448 33.448 58.448 45.448 27.447 45.447 100.446 56.446 22.445 93.445 78.444 36.444 32.443 28.443 106.443 71.442 43.442 34.441
0.000 30.661 44.067 53.480 51.937 51.406 50.872 50.326 50.761 50.189 48.529 48.239 45.672 54.122 53.595 43.615 44.615 42.495 29.683 0.000 0.000 0.000 0.000 0.000 0.000 0.000 0.000 0.000 14.270 0.000 0.000 0.000 0.000 0.000 0.000 0.000 43.274 53.274 64.273 52.271 41.269 45.267 42.265 47.263 40.261 59.259 77.257 65.255 11.255 0.000 0.000 26.448 52.448 57.448 63.449 61.449 49.449 39.448 52.448 84.448 103.447 124.447 104.446 87.445 121.445 114.444 96.444 56.443 29.443 104.443 76.442 48.442 35.441
27.737 39.255 53.745 53.222 52.704 52.187 51.665 52.129 51.589 49.964 49.712 47.162 55.359 54.719 45.191 46.339 47.279 25.541 0.000 0.000 0.000 0.000 0.000 0.000 0.000 0.000 0.000 0.000 0.000 0.000 0.000 0.000 0.000 0.000 0.000 0.000 41.277 45.276 63.274 22.271 2.270 52.268 43.265 46.263 42.260 30.258 49.255 64.254 51.253 10.252 0.000 0.000 17.449 60.449 62.449 55.450 43.449 52.449 103.449 94.448 75.448 76.447 77.446 77.446 77.445 78.444 80.444 51.443 31.443 103.443 79.442 42.442 36.441
31.219 54.877 54.435 53.959 53.470 52.974 52.468 51.960 51.368 51.151 48.620 56.706 56.025 46.667 47.882 46.868 42.351 1.808 0.000 0.000 0.000 0.000 0.000 0.000 0.000 0.000 0.000 0.000 0.000 0.000 0.000 0.000 0.000 0.000 0.000 0.000 42.280 53.278 37.277 0.000 6.270 49.268 46.266 13.263 3.260 34.256 48.253 63.252 60.251 29.251 0.000 0.000 0.000 0.000 29.451 44.451 28.450 89.450 90.449 39.449 45.448 87.447 58.446 30.446 76.445 66.445 46.444 44.443 35.443 103.443 74.442 31.442 32.441
49.042 56.600 55.161 54.708 54.244 54.768 53.295 52.740 52.562 50.056 58.089 57.394 47.050 49.298 48.290 48.664 17.999 0.000 0.000 0.000 0.000 0.000 0.000 0.000 0.000 0.000 0.000 0.000 0.000 0.000 0.000 0.000 0.000 0.000 0.000 9.286 62.284 60.281 64.279 61.277 57.273 57.270 51.267 10.264 3.259 34.254 47.250 65.249 72.249 35.250 0.000 0.000 0.000 0.000 23.452 36.452 56.451 103.451 66.450 26.450 94.449 95.448 44.447 31.446 52.445 108.444 67.444 35.444 35.443 98.443 116.442 103.442 108.441
58.740 56.321 55.899 55.468 55.024 56.584 54.067 53.936 51.469 59.488 58.785 42.365 46.570 50.627 47.093 24.369 0.000 0.000 0.000 0.000 0.000 0.000 0.000 0.000 0.000 0.000 0.000 0.000 0.000 0.000 0.000 0.000 0.000 0.000 0.000 61.289 60.287 61.284 63.281 62.278 60.275 61.271 54.268 9.266 0.000 35.250 47.245 70.243 43.246 0.000 0.000 0.000 0.000 21.455 51.454 30.453 95.453 89.452 33.451 89.451 102.450 51.448 39.447 42.446 37.445 68.444 107.444 64.444 27.443 98.443 101.442 75.441 17.441
49.423 56.045 56.648 56.236 55.826 55.339 55.253 52.825 60.849 60.192 25.603 30.779 33.660 52.329 35.952 0.000 0.000 0.000 0.000 0.000 0.000 0.000 0.000 50.759 39.759 0.000 0.000 0.000 0.000 0.000 0.000 0.000 0.000 0.000 0.000 38.294 32.291 35.288 39.284 34.280 33.276 32.273 34.269 38.266 32.260 25.250 40.239 19.233 0.000 0.000 0.000 0.000 0.000 23.456 46.455 37.455 38.454 38.453 30.452 51.452 52.451 0.000 0.000 13.445 43.445 36.444 58.444 51.444 33.443 66.443 14.442 0.000 12.440
28.143 43.787 56.409 59.027 56.563 56.507 54.087 61.981 61.457 34.778 0.000 44.120 0.000 55.953 24.453 0.000 0.000 0.000 0.000 0.000 0.000 0.000 0.000 57.759 51.759 0.000 0.000 0.000 0.000 0.000 0.000 0.000 0.000 24.329 0.000 39.301 35.297 35.291 35.286 35.281 35.277 35.274 35.271 37.268 15.265 0.000 10.228 41.216 11.206 0.000 0.000 0.000 24.458 55.457 43.457 42.456 34.455 35.454 35.453 33.453 47.452 7.452 0.000 0.000 14.444 39.444 34.444 47.444 46.443 0.000 0.000 0.000 12.440
19.909 27.551 50.192 54.765 57.722 55.260 62.766 62.416 41.669 17.474 0.000 60.775 58.676 45.086 0.000 0.000 0.000 0.000 0.000 0.000 0.000 0.000 60.765 66.761 37.757 0.000 0.000 0.000 0.000 0.000 0.000 0.000 0.000 41.329 39.324 36.313 35.304 32.294 36.287 36.282 36.278 36.274 36.271 39.269 12.268 0.000 0.000 39.199 39.195 9.190 0.000 0.000 9.459 42.458 35.458 34.458 33.457 33.455 33.454 33.453 34.452 43.452 0.000 0.000 0.000 7.444 40.444 43.444 41.443 0.000 0.000 0.000 36.439
23.697 34.327 38.949 36.847 48.401 63.179 63.021 46.661 25.422 18.923 0.000 40.504 53.170 26.628 0.000 0.000 0.000 0.000 48.806 54.803 46.796 44.783 53.770 46.761 36.753 0.000 0.000 0.000 0.000 0.000 0.000 0.000 0.000 39.335 36.329 35.321 9.313 0.000 41.286 35.283 35.279 35.275 35.272 36.270 10.269 0.000 0.000 40.186 39.186 10.185 0.000 0.000 39.459 35.460 35.460 35.459 34.458 34.456 38.455 0.000 5.452 8.452 0.000 0.000 0.000 0.000 40.444 35.443 35.443 36.443 0.000 8.439 38.439
35.445 49.082 24.797 23.669 63.245 63.242 49.661 36.385 32.719 37.557 0.000 7.570 42.870 0.000 0.000 0.000 0.000 44.812 48.809 50.806 48.803 0.000 0.000 0.000 48.739 32.726 0.000 0.000 0.000 0.000 0.000 0.000 7.354 49.346 46.338 21.331 0.000 0.000 54.288 40.284 36.279 35.274 39.271 16.270 0.000 15.164 53.167 34.174 38.177 10.179 0.000 0.000 0.000 40.463 35.462 39.462 6.461 0.000 0.000 0.000 0.000 0.000 0.000 0.000 0.000 0.000 40.443 35.443 35.443 40.443 0.000 0.000 12.439
56.156 44.739 24.801 20.297 63.210 24.708 30.432 32.657 36.330 54.911 64.359 52.337 0.000 0.000 0.000 0.000 42.819 36.816 42.812 57.809 56.807 0.000 0.000 0.000 0.000 49.713 0.000 0.000 0.000 35.399 0.000 0.000 51.363 50.356 56.346 49.333 14.319 68.307 65.294 63.286 61.279 53.272 34.267 21.268 0.000 29.161 82.162 36.166 37.169 11.174 0.000 0.000 0.000 45.465 31.465 36.464 7.463 0.000 0.000 0.000 0.000 0.000 0.000 0.000 0.000 36.443 38.443 40.443 34.443 39.443 0.000 0.000 9.439
64.747 51.842 34.142 62.815 20.739 22.523 21.689 21.327 30.891 58.422 53.826 25.081 0.000 0.000 41.827 7.826 49.822 41.819 52.815 47.811 26.809 0.000 0.000 0.000 0.000 53.700 29.696 0.000 0.000 31.399 39.399 43.393 45.379 47.369 37.357 34.336 42.318 42.307 62.297 45.288 39.278 37.267 17.258 0.000 5.166 24.158 92.154 48.158 14.161 0.000 0.000 0.000 3.469 58.469 31.468 38.466 10.465 0.000 0.000 0.000 0.000 0.000 0.000 0.000 15.443 38.443 53.443 51.443 44.443 3.443 0.000 0.000 10.439
62.808 61.049 62.397 39.677 27.577 23.717 23.351 21.924 28.510 44.057 39.441 0.000 0.000 0.000 44.829 65.828 60.825 61.822 43.819 0.000 0.000 0.000 0.000 0.000 44.687 35.691 27.692 0.000 0.000 0.000 43.406 47.401 47.391 47.383 31.376 0.000 38.311 39.304 63.298 49.289 43.279 29.262 36.239 51.207 71.175 60.151 84.138 49.150 13.156 0.000 0.000 0.000 0.000 56.474 32.471 33.468 38.466 0.000 0.000 0.000 0.000 0.000 0.000 0.000 0.000 8.443 57.443 54.443 7.443 0.000 0.000 0.000 6.439
60.891 62.342 61.541 60.550 42.693 22.338 22.920 23.533 22.164 24.854 0.000 0.000 0.000 0.000 60.832 50.831 48.829 44.826 0.000 0.000 0.000 0.000 0.000 45.682 36.683 32.685 15.688 0.000 0.000 0.000 43.418 51.412 60.403 59.395 61.389 49.390 0.000 7.302 66.300 50.294 24.286 0.000 39.230 49.207 76.174 38.133 22.096 0.000 0.000 0.000 0.000 0.000 9.487 47.481 34.475 35.469 38.464 11.459 0.000 0.000 0.000 0.000 0.000 0.000 0.000 0.000 14.443 15.443 0.000 0.000 0.000 0.000 7.439
62.349 61.324 63.434 63.595 47.264 23.860 26.486 26.121 23.759 24.341 0.000 40.839 0.000 6.837 54.836 54.835 61.835 0.000 0.000 19.755 7.754 0.000 0.000 40.682 34.679 28.677 0.000 0.000 0.000 0.000 41.435 42.426 44.415 43.404 41.396 33.390 0.000 0.000 68.307 54.299 39.287 2.269 38.243 49.218 73.182 29.111 25.018 7.953 0.000 0.000 0.000 0.000 9.493 54.487 33.479 35.470 35.461 36.454 40.447 12.444 0.000 0.000 0.000 0.000 0.000 0.000 0.000 0.000 0.000 0.000 0.000 0.000 0.000
62.039 64.236 63.426 64.123 37.739 28.382 48.036 41.706 23.410 1.091 0.000 37.839 52.839 57.839 43.839 64.840 56.839 0.000 0.000 33.755 64.753 16.747 0.000 41.683 35.675 32.667 0.000 0.000 49.514 45.494 41.462 43.442 48.426 48.412 46.399 57.386 49.367 9.347 68.323 60.307 60.292 52.276 33.257 51.239 59.224 0.000 27.912 10.889 0.000 0.000 0.000 0.000 19.505 58.496 30.485 32.471 33.457 34.448 39.443 11.442 0.000 0.000 0.000 0.000 0.000 0.000 0.000 0.000 0.000 0.000 0.000 0.000 0.000
