results1/res_4e8f-0219.wd
ncols         241
nrows         181
xllcorner     12693529.787448
yllcorner     3542525.717860
cellsize      155.156523
NODATA_value  -9999.000000
[rows 66 to 98 of 181, columns 146 to 218 of 241]
38.411 53.348 75.289 76.234 76.184 76.138 76.096 76.058 76.023 78.994 14.976 0.000 2.839 0.000 0.000 0.000 0.000 1.333 48.333 23.333 0.000 30.331 60.330 60.330 60.330 67.329 73.328 73.325 73.322 73.319 73.314 73.309 73.304 73.298 73.293 75.288 60.284 61.282 53.281 0.000 0.000 0.000 0.000 0.000 29.614 36.605 45.585 39.548 17.497 15.466 30.440 51.416 59.392 53.368 48.343 48.319 38.295 35.271 35.247 38.223 59.199 71.177 66.155 55.133 62.112 69.093 73.073 73.055 72.037 72.020 72.004 71.988 71.973
41.472 60.409 78.349 76.294 76.245 76.201 76.160 76.123 81.088 70.059 40.046 37.064 0.000 0.000 0.000 0.000 0.000 19.333 21.333 0.000 0.000 0.000 30.327 61.327 70.326 73.326 73.324 73.322 73.320 77.316 75.313 73.309 73.304 73.300 72.295 64.291 58.288 64.285 54.284 0.000 0.000 0.000 0.000 21.606 35.607 40.602 36.595 0.000 2.449 12.434 32.416 35.395 49.374 58.351 47.328 46.305 44.281 35.257 35.232 34.208 40.185 64.162 71.139 56.117 58.096 60.076 62.057 66.038 70.020 72.003 72.987 71.971 71.956
46.531 67.466 77.403 76.348 76.302 76.260 74.222 73.185 28.147 13.108 44.085 50.081 15.085 0.000 0.000 0.000 0.000 0.000 0.000 0.000 0.000 14.323 43.324 63.324 73.324 73.323 73.322 73.320 73.318 75.315 74.312 73.309 73.305 74.301 64.297 62.293 65.290 60.287 52.285 0.000 0.000 0.000 0.000 39.605 42.605 4.602 3.599 0.000 7.416 40.407 42.393 52.376 55.357 66.336 64.314 52.291 41.267 33.243 35.218 35.194 30.170 44.146 61.123 65.101 70.079 67.059 60.039 65.021 68.003 67.985 65.969 67.953 70.938
51.590 74.520 78.450 79.394 76.353 77.317 72.283 18.249 2.207 43.140 44.106 49.092 57.088 0.000 0.000 0.000 0.000 0.000 0.000 0.000 0.000 26.322 49.322 62.322 74.322 73.321 73.320 73.318 73.316 74.314 73.311 73.309 73.306 70.303 64.300 29.295 2.293 0.000 0.000 0.000 0.000 0.000 0.000 35.605 42.605 0.000 0.000 0.000 57.392 43.385 38.374 66.359 71.342 72.322 76.301 70.278 58.254 38.229 35.204 35.178 33.154 34.130 40.106 41.083 48.062 56.041 63.021 67.002 67.984 68.967 64.951 67.935 68.920
33.650 38.575 48.484 24.425 81.399 78.370 63.344 40.320 10.303 0.000 0.000 0.000 0.000 0.000 0.000 0.000 0.000 0.000 0.000 0.000 0.000 27.322 52.321 55.320 71.320 73.319 73.318 73.317 77.315 76.313 73.311 73.309 74.307 65.305 68.303 0.000 0.000 0.000 0.000 0.000 0.000 0.000 0.000 0.000 29.605 38.605 0.000 0.000 88.375 51.368 33.358 64.344 72.328 72.310 72.289 75.266 74.241 54.215 37.189 35.163 33.137 36.113 37.088 45.065 50.043 39.022 39.002 43.983 48.965 54.948 59.931 63.916 67.901
79.717 58.646 0.000 0.000 85.446 77.422 64.402 46.384 13.371 0.000 0.000 0.000 0.000 0.000 0.000 0.000 0.000 0.000 0.000 0.000 0.000 0.000 13.319 57.319 73.318 73.317 73.316 73.315 75.314 74.312 73.311 73.309 74.308 62.306 72.305 0.000 0.000 0.000 0.000 0.000 0.000 0.000 0.000 0.000 0.000 5.605 13.605 0.000 25.365 41.355 34.344 64.332 72.317 72.300 73.280 73.256 73.230 66.202 42.174 38.147 36.121 33.095 54.070 66.046 72.023 56.002 48.982 44.963 42.945 39.928 39.911 39.896 67.881
55.796 0.000 0.000 82.634 82.517 80.471 71.458 56.443 12.426 0.000 0.000 0.000 0.000 0.000 0.000 0.000 0.000 0.000 0.000 0.000 0.000 0.000 39.317 62.317 74.317 73.316 73.315 74.314 73.313 73.312 73.311 73.309 74.308 67.307 32.307 0.000 0.000 0.000 0.000 0.000 0.000 0.000 0.000 0.000 0.000 0.000 0.000 0.000 0.000 38.344 37.332 55.321 70.309 73.294 67.274 63.249 69.220 60.188 43.159 42.131 51.103 46.076 69.050 73.025 72.002 69.981 69.961 66.942 64.924 61.907 57.891 49.875 69.861
82.843 72.842 78.811 34.751 0.000 1.493 77.515 51.504 12.465 0.000 14.719 0.000 0.000 0.000 0.000 0.000 0.000 0.000 0.000 0.000 0.000 2.315 55.316 67.316 74.315 73.315 73.314 75.313 75.312 73.311 73.310 73.309 72.309 68.308 17.307 0.000 0.000 0.000 0.000 0.000 0.000 0.000 0.000 0.000 0.000 0.000 0.000 0.000 0.307 0.000 26.318 52.312 70.304 71.292 52.275 55.246 57.213 54.173 39.142 36.114 59.085 68.056 72.029 74.003 73.980 74.958 72.938 72.919 73.902 72.885 73.869 73.854 72.840
84.891 76.871 81.841 32.809 0.000 0.000 68.599 16.593 0.000 0.000 46.719 9.719 0.000 0.000 0.000 0.000 0.000 0.000 0.000 0.000 0.000 1.314 58.315 70.315 74.314 73.314 73.313 74.313 74.312 73.311 73.310 74.309 70.309 65.308 15.308 0.000 0.000 0.000 0.000 0.000 0.000 0.000 0.000 0.000 0.000 0.000 0.000 0.000 18.307 20.308 31.310 47.307 69.301 71.294 17.288 0.000 0.000 44.148 38.123 33.097 47.067 66.034 72.005 73.980 73.956 73.935 71.915 71.896 72.878 71.862 71.846 72.832 72.818
76.958 76.912 76.872 74.834 61.800 47.753 40.690 39.675 35.702 38.714 41.719 41.720 13.720 0.000 0.000 0.000 0.000 0.000 19.312 21.312 0.000 11.314 57.314 71.314 73.313 73.313 73.313 73.312 73.311 73.311 73.310 73.309 55.309 50.308 48.308 43.308 7.307 0.000 0.000 0.000 0.000 0.000 0.000 0.000 0.000 0.000 0.000 0.000 22.307 48.307 39.306 43.304 63.301 64.297 37.294 0.000 0.000 0.000 35.104 40.085 39.053 58.008 70.979 71.953 71.930 71.909 71.889 71.871 71.854 71.838 71.823 71.809 71.795
76.999 76.949 76.900 75.854 72.812 74.771 48.732 27.715 65.717 38.721 42.722 18.721 0.000 0.000 0.000 0.000 0.000 0.000 19.312 65.312 14.312 2.313 56.313 70.313 74.313 73.312 75.312 76.312 74.311 73.310 73.310 71.309 64.309 55.308 56.308 55.307 8.307 0.000 0.000 0.000 0.000 0.000 0.000 0.000 0.000 0.000 0.000 0.000 16.306 51.306 43.305 50.303 65.301 60.298 66.297 0.000 0.000 0.000 0.000 0.000 0.000 47.966 70.948 71.925 71.903 71.882 71.863 71.845 71.829 71.814 71.799 71.785 71.772
77.036 76.984 77.925 79.872 76.825 76.784 75.754 76.737 67.731 45.729 17.729 0.000 0.000 0.000 0.000 0.000 0.000 0.000 6.312 58.312 45.312 35.312 51.312 73.312 73.312 73.312 73.312 73.311 73.311 73.310 73.309 73.309 71.308 50.308 54.308 61.307 4.307 0.000 0.000 0.000 0.000 0.000 0.000 0.000 0.000 0.000 0.000 0.000 12.305 63.305 7.304 30.303 53.301 60.299 21.298 0.000 0.000 0.000 0.000 0.000 0.000 1.943 59.920 72.897 71.874 71.853 71.835 71.818 71.803 71.788 71.775 71.761 71.748
80.076 76.026 72.945 74.883 77.831 77.787 79.762 76.747 74.740 61.737 10.735 0.000 0.000 0.000 0.000 0.000 0.000 0.000 0.000 14.312 49.312 41.312 57.312 75.312 73.312 73.311 73.311 73.311 73.310 73.310 73.309 73.309 74.308 63.308 50.307 54.307 60.307 2.306 0.000 0.000 0.000 0.000 0.000 0.000 0.000 0.000 0.000 0.000 0.000 8.305 0.000 0.000 38.300 57.300 0.000 0.000 0.000 0.000 0.000 0.000 0.000 0.000 47.894 68.868 71.842 71.822 71.805 71.790 71.776 71.763 71.749 71.737 71.724
73.123 34.100 0.000 0.000 0.000 69.769 74.760 80.751 76.745 65.742 15.740 0.000 49.745 19.745 0.000 0.000 0.000 0.000 0.000 0.000 41.312 45.312 66.312 74.311 75.311 76.311 73.311 73.310 73.310 73.309 73.309 73.308 73.308 74.307 53.307 35.307 44.306 5.306 0.000 0.000 0.000 0.000 0.000 0.000 0.000 0.000 0.000 0.000 0.000 0.000 0.000 0.000 27.300 60.300 0.000 0.000 0.000 0.000 0.000 0.000 0.000 0.000 0.000 48.837 68.806 71.788 71.774 71.761 71.748 71.736 71.724 71.712 71.699
68.164 25.151 0.000 0.000 44.761 42.761 59.757 78.752 75.748 60.745 41.744 45.745 49.745 15.745 0.000 0.000 0.000 0.000 12.311 0.000 42.311 53.311 73.311 73.311 76.311 76.311 73.310 73.310 73.310 73.309 73.309 73.308 73.308 74.307 70.307 65.306 54.306 34.305 28.305 0.000 0.000 0.000 0.000 0.000 0.000 0.000 0.000 0.000 0.000 0.000 0.000 0.000 29.300 21.300 0.000 0.000 0.000 0.000 0.000 0.000 0.000 0.000 0.000 0.000 53.758 69.750 71.741 71.731 71.721 71.710 71.699 71.687 71.675
74.196 55.188 27.196 0.000 0.000 44.758 44.755 66.751 78.749 56.747 43.746 48.746 26.746 0.000 0.000 0.000 0.000 0.000 41.311 34.311 39.311 56.311 75.311 75.311 76.311 73.311 73.310 73.310 73.309 73.309 73.309 73.308 73.308 73.307 73.306 75.306 64.305 52.305 41.304 42.303 35.303 26.302 31.302 0.000 0.000 0.000 0.000 0.000 0.000 0.000 0.000 0.000 32.300 7.300 0.000 0.000 0.000 0.000 0.000 0.000 0.000 0.000 0.000 0.000 38.717 66.714 70.708 71.701 71.693 71.684 71.674 71.663 71.650
77.219 68.211 21.203 0.000 0.000 0.000 43.753 48.750 75.749 63.747 44.747 47.746 22.746 0.000 0.000 0.000 0.000 0.000 44.311 37.311 40.311 58.311 77.311 76.311 74.311 74.310 73.310 73.310 73.309 73.309 73.308 74.308 74.307 74.307 68.306 59.305 63.305 70.304 63.303 61.303 49.302 36.302 43.302 1.302 0.000 0.000 0.000 0.000 0.000 0.000 0.000 0.000 0.000 0.000 0.000 0.000 0.000 0.000 0.000 0.000 0.000 0.000 0.000 0.000 30.680 61.679 71.677 73.673 73.667 73.660 72.651 71.639 71.626
77.239 52.233 0.000 0.000 0.000 0.000 0.000 50.749 63.749 57.748 56.747 53.747 43.747 21.747 0.000 0.000 0.000 0.000 43.311 36.311 41.311 56.311 68.311 65.311 60.311 62.310 67.310 72.310 74.309 74.309 72.308 62.308 60.307 65.306 54.306 51.305 51.304 62.304 66.303 61.303 47.302 36.302 8.301 0.000 0.000 0.000 0.000 0.000 0.000 0.000 0.000 0.000 0.000 0.000 0.000 0.000 0.000 0.000 0.000 0.000 1.544 0.000 0.000 0.000 18.643 43.646 49.647 51.646 51.643 52.638 61.629 70.618 71.603
76.254 42.250 0.000 0.000 0.000 0.000 0.000 45.749 39.748 38.748 46.747 46.747 46.747 42.747 15.747 0.000 0.000 0.000 48.311 43.311 48.311 58.311 61.311 64.311 22.311 0.000 0.000 13.309 74.309 71.309 60.308 15.308 0.000 0.000 53.305 85.304 78.304 57.303 63.303 57.302 46.302 31.301 34.301 0.000 0.000 0.000 0.000 0.000 0.000 0.000 0.000 0.000 0.000 0.000 0.000 0.000 0.000 0.000 14.544 4.544 22.544 43.549 54.559 53.576 71.603 79.615 80.620 78.622 80.621 67.618 50.611 68.600 71.582
74.265 39.263 0.000 0.000 0.000 0.000 0.000 45.748 41.748 20.748 0.000 0.000 0.747 0.000 0.000 0.000 0.000 0.000 54.311 48.311 43.311 39.311 25.311 0.000 0.000 0.000 0.000 0.000 0.000 0.000 47.308 9.308 0.000 0.000 0.000 48.303 81.303 41.303 42.302 41.302 37.301 40.300 87.300 46.299 0.000 0.000 0.056 0.000 0.000 0.000 0.000 0.000 0.000 0.000 0.000 0.000 13.516 4.516 0.000 0.000 8.539 90.544 86.553 68.565 69.580 66.590 67.596 89.600 82.602 68.601 48.598 57.588 56.565
60.274 41.273 35.276 0.000 0.000 0.000 0.000 0.000 43.748 27.748 0.000 0.000 0.000 0.000 0.000 0.000 0.000 0.000 54.311 54.311 55.311 38.311 13.311 0.000 0.000 0.000 0.000 0.000 0.000 0.000 43.308 20.308 0.000 0.000 0.000 47.303 96.303 60.302 63.302 58.301 43.301 61.300 115.299 112.298 43.295 0.110 22.164 19.163 0.000 0.000 0.000 0.000 0.000 0.000 0.000 0.000 3.516 21.516 11.518 9.522 18.529 93.535 60.542 68.551 59.561 40.569 51.576 94.580 60.584 47.587 54.592 8.590 0.000
44.280 44.278 30.279 0.000 0.000 0.000 0.000 0.000 0.000 0.000 0.000 0.000 0.000 0.000 0.000 0.000 0.000 0.000 57.311 48.311 42.311 40.311 14.311 0.000 0.000 0.000 0.000 0.000 0.000 40.308 33.308 58.308 54.308 0.000 6.303 53.303 59.303 51.302 94.302 83.301 54.301 7.300 71.299 126.298 10.297 0.000 0.056 0.000 0.000 0.000 0.000 0.000 22.515 19.515 14.515 3.515 72.515 110.515 101.516 97.518 44.521 88.525 56.530 45.537 92.543 73.550 93.556 74.562 44.567 52.572 0.000 0.000 0.000
47.284 48.282 40.282 0.000 0.000 0.000 0.000 0.000 0.000 0.000 0.000 0.000 0.000 0.000 0.000 0.000 0.000 0.000 11.311 52.311 42.311 20.311 0.000 0.000 0.000 0.000 0.000 0.000 0.000 42.308 39.308 15.308 0.000 0.000 0.000 27.303 6.303 0.000 7.301 49.301 5.301 0.000 27.298 93.298 48.297 0.297 0.000 0.000 0.000 0.000 0.000 0.000 0.000 4.515 0.000 0.000 28.514 8.514 72.512 76.512 27.513 88.515 65.517 38.521 56.526 106.532 120.537 54.544 42.551 9.561 0.000 0.000 18.364
46.287 47.285 47.284 51.284 43.284 0.000 0.000 0.000 0.000 0.000 0.000 0.000 0.000 0.000 0.000 0.000 0.000 0.000 0.000 42.310 38.310 22.310 0.000 0.000 0.000 0.000 0.000 0.000 43.308 40.308 17.308 0.000 0.000 0.000 0.000 1.303 0.000 0.000 0.000 53.301 2.301 0.000 27.298 0.000 0.000 0.000 0.000 0.000 0.000 0.000 0.000 0.000 0.000 13.515 7.515 9.514 2.514 0.000 48.506 67.505 26.504 90.503 70.503 40.505 89.508 92.513 87.518 95.524 59.531 0.000 0.000 1.330 32.344
48.290 26.287 37.285 46.285 46.285 46.285 45.285 0.000 0.000 0.000 0.000 0.000 0.000 0.000 0.000 0.000 0.000 0.000 0.000 44.310 40.310 24.310 0.000 0.000 0.000 0.000 0.000 0.000 0.000 46.308 18.308 0.000 0.000 0.000 0.000 0.000 0.000 5.301 17.301 40.301 44.301 21.301 0.000 0.000 0.000 0.000 0.000 0.000 0.000 0.000 0.000 0.000 0.000 2.515 0.514 6.514 0.000 0.000 51.501 71.499 31.495 91.490 76.487 90.487 90.489 49.493 42.498 87.505 36.518 0.000 0.305 33.316 41.324
53.293 0.000 0.000 43.285 32.285 0.000 45.284 35.284 0.000 0.000 0.000 0.000 0.000 0.000 0.000 0.000 0.000 0.000 0.000 43.310 40.310 28.310 0.000 0.000 0.000 0.000 0.000 0.000 0.000 0.000 0.000 0.000 0.000 0.000 0.000 0.000 0.000 0.000 56.301 73.301 34.301 0.000 0.000 0.000 0.000 0.000 0.000 0.000 0.000 0.000 0.000 0.000 0.000 0.000 0.000 11.514 0.000 0.000 86.498 72.495 33.488 91.473 88.469 80.468 72.469 58.471 59.476 28.480 0.000 0.000 17.293 36.301 43.305
50.294 0.000 0.000 30.285 22.285 0.000 0.000 0.000 0.000 54.295 50.295 41.295 0.000 0.000 0.000 0.000 0.000 0.000 0.000 47.310 43.310 25.310 0.000 0.000 0.000 0.000 0.000 0.000 0.000 0.000 0.000 0.000 0.000 0.000 0.000 0.000 0.000 0.000 19.301 103.301 69.301 0.301 0.000 0.000 0.000 0.000 0.000 0.000 0.000 0.000 0.000 0.000 0.000 0.000 0.000 0.000 0.000 0.000 18.498 0.000 0.000 65.448 106.446 85.446 84.447 82.449 85.453 33.459 0.000 0.000 21.286 35.288 36.289
66.295 0.000 0.000 0.000 0.000 52.295 39.295 0.000 50.295 44.295 44.295 36.295 0.000 0.000 0.000 0.000 0.000 0.000 0.000 47.310 42.310 30.310 0.000 0.000 0.000 0.000 0.000 0.000 0.000 0.000 0.000 0.000 0.000 0.000 0.000 0.000 0.000 0.000 0.000 47.301 39.301 10.301 0.000 0.000 0.000 0.000 0.000 0.000 0.000 0.000 0.000 0.000 0.000 0.000 0.000 0.000 0.000 0.000 0.000 0.000 0.000 12.423 48.423 49.423 47.423 47.424 44.429 40.444 0.000 0.000 14.276 35.275 33.274
77.296 66.296 48.296 49.296 48.296 42.295 43.295 44.295 42.295 47.295 46.295 37.295 34.295 0.000 0.000 0.000 0.000 0.000 0.000 34.310 0.000 0.000 0.000 0.000 0.000 0.000 0.000 0.000 0.000 0.000 0.000 0.000 0.000 0.000 0.000 0.000 0.000 0.000 0.000 0.301 46.301 9.301 0.000 0.000 0.000 0.000 0.000 0.000 0.000 0.000 0.000 0.000 0.000 0.000 0.000 0.000 0.000 0.000 0.000 0.000 0.000 3.399 36.400 35.399 35.398 51.396 46.394 0.000 0.000 0.000 7.267 48.264 60.261
77.296 71.296 41.296 41.296 41.296 24.295 25.295 29.295 39.295 48.295 45.295 37.295 40.295 29.295 0.000 0.000 0.000 0.000 0.000 0.000 0.000 0.000 0.000 0.000 0.000 0.000 0.000 0.000 0.000 0.000 0.000 0.000 0.000 0.000 0.000 0.000 0.000 0.000 0.000 0.000 3.301 49.300 8.300 0.000 0.000 0.000 0.000 0.000 0.000 0.000 0.000 0.000 0.000 0.000 0.000 0.000 0.000 0.000 0.000 0.000 28.364 31.375 35.378 35.377 37.374 56.368 46.358 29.336 0.000 0.000 43.260 64.255 71.249
77.296 75.296 45.296 42.296 22.296 0.000 0.000 0.000 0.000 39.295 42.295 40.295 33.295 0.000 0.000 0.000 0.000 0.000 0.000 0.000 0.000 0.000 0.000 0.000 0.000 0.000 0.000 0.000 0.000 0.000 0.000 0.000 0.000 0.000 0.000 0.000 0.000 0.000 0.000 0.000 1.300 52.300 14.300 0.000 0.000 0.000 0.000 0.000 0.000 0.000 0.000 0.000 0.000 0.000 0.000 0.000 0.000 0.000 0.000 0.345 39.354 36.358 35.359 31.357 44.352 61.345 45.332 34.314 29.288 29.270 53.257 70.247 71.238
77.296 75.296 28.296 32.296 0.000 0.000 0.000 0.000 0.000 0.000 30.295 43.294 35.294 0.000 0.000 0.000 0.000 0.000 0.000 0.000 0.000 0.000 0.000 0.000 0.000 0.000 0.000 0.000 0.000 0.000 0.000 0.000 0.000 0.000 0.000 0.000 0.000 0.000 0.000 0.000 0.000 1.300 20.300 0.000 0.000 0.000 0.000 0.000 0.000 0.000 0.000 0.000 8.323 16.323 0.000 0.000 0.000 0.000 0.000 33.336 31.341 30.343 35.343 49.340 62.334 52.326 36.314 34.299 36.281 33.265 54.251 72.240 71.228
77.296 51.296 0.000 0.000 0.000 0.000 0.000 0.000 0.000 0.000 0.000 33.294 40.294 38.294 0.000 0.000 0.000 0.000 0.000 0.000 0.000 0.000 0.000 0.000 0.000 0.000 0.000 0.000 0.000 0.000 0.000 0.000 0.000 0.000 0.000 0.000 0.000 0.000 0.000 0.000 0.000 0.000 0.000 0.000 0.000 0.000 0.000 0.000 0.000 0.000 0.000 0.000 0.000 9.323 11.323 0.000 38.324 30.324 28.326 40.329 54.331 59.331 61.329 61.325 47.318 35.310 34.299 34.286 33.272 35.257 58.244 73.231 71.218
