results1/res_4e8_norain-0014.wd
ncols         241
nrows         181
xllcorner     12693529.787448
yllcorner     3542525.717860
cellsize      155.156523
NODATA_value  -9999.000000
[rows 136 to 169 of 181, columns 0 to 74 of 241]
4.583 4.584 4.587 4.591 4.596 4.604 4.610 3.619 3.630 6.643 12.661 11.685 7.719 3.766 3.829 3.905 4.992 5.086 5.186 5.292 4.404 3.522 5.643 11.768 18.892 28.015 36.133 32.243 21.343 9.428 5.494 10.539 18.561 0.000 0.000 0.000 0.000 0.000 0.000 20.641 0.000 0.000 12.046 44.117 46.158 25.198 28.249 27.310 15.334 4.334 0.000 0.000 0.000 0.000 0.000 0.000 0.000 0.000 0.000 0.000 0.000 0.000 57.713 63.633 59.598 60.736 58.693 90.504 90.367 90.224 57.388 60.143 61.987 63.644 13.614
4.697 4.698 4.702 4.707 4.714 4.723 4.732 4.741 4.752 4.763 3.777 3.796 3.824 4.870 4.936 5.021 5.114 5.209 5.306 5.406 5.510 5.617 5.726 4.836 3.946 5.054 9.157 7.254 6.343 10.421 13.486 12.539 10.583 12.637 12.681 9.716 9.741 13.754 0.000 0.000 0.000 0.000 29.976 44.010 24.049 17.095 16.172 0.000 0.000 0.000 0.000 0.000 0.000 0.000 0.000 0.000 0.000 5.417 20.398 0.000 4.070 66.962 73.886 71.931 69.895 70.960 90.758 90.633 71.698 78.471 71.304 77.054 68.842 47.779 0.000
4.809 4.811 4.816 4.823 4.832 4.842 4.853 4.863 4.873 4.882 4.890 4.898 4.911 4.953 5.027 5.130 5.234 5.331 5.425 4.518 11.613 13.710 5.808 4.906 4.003 5.097 7.188 10.274 13.354 12.427 7.491 8.547 15.598 18.647 14.691 8.727 5.753 14.768 0.000 0.000 0.000 24.872 33.873 20.900 12.935 32.963 0.000 0.000 0.000 0.000 0.000 0.000 0.000 0.000 0.000 0.000 15.483 57.437 86.380 47.280 80.110 88.247 85.178 84.248 91.109 90.996 90.879 83.815 85.671 85.357 84.209 83.147 1.030 0.000 0.000
4.919 4.922 4.928 4.937 4.948 4.961 4.975 4.987 4.996 5.002 8.003 7.996 5.970 10.004 8.090 5.240 5.362 5.458 4.544 2.628 13.716 21.804 7.891 4.978 7.062 10.145 12.225 11.301 8.374 10.442 15.504 17.561 18.614 18.663 13.709 7.748 16.778 35.796 0.000 0.000 0.000 0.000 21.745 18.782 22.826 42.861 0.000 0.000 0.000 0.000 0.000 0.000 0.000 0.000 0.000 13.587 65.533 81.468 84.381 89.352 86.484 83.459 91.421 91.321 91.218 83.174 83.938 84.789 84.455 84.416 77.341 54.244 0.000 0.000 0.000
5.027 5.031 5.038 5.049 5.064 5.081 5.098 5.113 5.124 6.128 13.124 13.115 0.000 0.000 0.000 9.377 3.515 6.597 12.664 15.737 15.818 11.899 7.977 9.052 12.125 11.196 10.265 12.333 16.399 16.463 18.524 17.581 8.634 3.685 5.733 18.778 37.817 47.844 0.000 0.000 0.000 0.000 29.581 31.659 38.729 37.794 0.000 0.000 0.000 0.000 0.000 0.000 0.000 0.000 17.704 61.649 83.560 86.561 85.631 85.616 84.690 91.613 91.518 83.426 84.200 85.037 84.806 84.646 84.591 76.515 68.469 0.000 0.000 0.000 0.000
5.133 5.136 5.145 5.159 5.179 5.202 5.224 5.244 5.258 7.262 16.252 27.225 3.225 0.000 0.000 0.000 20.726 12.752 10.780 10.837 8.921 7.997 10.065 12.129 10.190 6.249 8.307 20.366 22.427 12.489 6.548 3.605 3.658 8.710 22.761 38.814 35.869 19.919 0.000 0.000 0.000 0.190 29.339 11.544 2.636 0.000 0.000 0.000 0.000 0.000 0.000 0.000 0.000 10.828 61.766 83.664 85.842 84.825 84.922 91.889 91.799 91.707 83.512 85.359 85.050 84.904 84.833 84.748 78.663 65.593 55.552 0.000 0.000 0.000 0.000
5.235 5.237 5.246 5.264 5.290 5.323 5.355 5.382 5.402 7.412 17.396 4.310 0.000 0.000 0.000 0.000 16.911 8.907 10.866 9.911 8.033 11.103 12.159 9.210 6.258 2.304 12.350 26.398 13.455 3.518 4.577 9.632 19.684 30.736 41.789 34.849 12.926 8.045 27.287 34.569 36.012 40.456 15.897 0.000 0.000 0.000 0.000 0.000 0.000 0.000 0.000 0.000 15.946 61.870 83.868 86.037 85.055 92.145 92.062 91.977 83.832 84.598 85.451 85.123 85.084 85.005 84.916 85.817 73.731 44.639 33.596 0.000 0.000 0.000 0.000
4.335 4.333 5.339 5.360 5.397 5.445 5.490 5.528 5.557 8.589 18.610 0.000 0.000 0.000 0.000 0.000 6.100 8.100 0.000 0.000 16.195 11.224 7.259 6.295 4.328 6.360 22.391 25.422 7.476 10.553 22.609 31.662 40.712 38.761 26.811 12.868 5.940 22.049 26.248 14.408 0.000 0.000 0.000 0.000 0.000 0.000 0.000 0.000 0.000 0.000 0.000 10.045 62.054 85.142 86.156 84.258 92.307 92.226 84.049 84.826 85.665 85.442 85.291 85.239 85.161 85.090 88.009 51.876 31.803 0.000 0.000 0.000 0.000 0.000 0.000
13.437 11.422 8.418 6.441 3.493 3.571 3.632 3.682 2.731 7.777 19.847 2.984 0.000 0.000 10.381 6.360 3.289 9.294 4.373 0.000 11.330 5.340 4.360 4.381 6.401 20.418 28.435 0.000 0.000 36.608 41.646 36.695 25.741 15.785 7.827 3.872 14.919 26.964 0.000 0.000 0.000 0.000 0.000 0.000 0.000 0.000 0.000 0.000 0.000 0.000 0.000 42.300 84.337 83.457 92.549 92.469 92.388 84.115 85.958 85.654 85.515 85.452 87.378 82.298 84.238 85.189 96.154 0.000 0.000 0.000 0.000 0.000 0.000 0.000 0.000
14.555 16.500 22.470 23.492 23.566 20.713 21.786 20.839 19.889 19.943 22.015 5.122 9.273 8.363 5.403 8.412 8.402 7.415 12.452 14.487 8.456 2.456 4.462 6.470 20.476 25.477 14.495 8.543 17.584 40.625 23.674 14.730 6.775 4.811 6.842 5.872 19.903 28.925 0.000 0.000 0.000 0.000 0.000 0.000 0.000 0.000 0.000 0.000 0.000 0.000 20.518 62.578 92.783 92.706 92.629 84.410 85.177 86.031 85.708 85.670 86.594 86.515 59.439 37.347 72.304 86.274 91.263 31.298 0.000 0.000 0.000 0.000 0.000 0.000 0.000
7.729 1.625 0.000 0.000 0.000 12.930 9.962 10.000 10.042 14.090 23.149 4.217 5.336 4.412 7.457 11.481 12.495 10.512 9.535 12.553 13.553 10.556 4.560 21.563 27.556 18.519 24.526 41.551 38.585 20.635 8.695 4.777 6.818 6.843 5.858 10.874 26.895 28.908 20.904 23.902 0.000 0.000 0.000 0.000 0.000 0.000 0.000 0.000 0.000 15.570 63.714 92.934 92.859 84.613 85.383 86.225 86.007 85.860 85.810 86.728 84.652 78.574 3.519 0.000 54.358 89.339 86.328 85.332 0.000 0.000 0.000 0.000 0.000 0.000 0.000
5.958 0.000 0.000 0.000 0.000 9.116 5.132 5.157 5.189 9.229 23.274 1.368 5.443 9.492 11.533 12.562 9.584 6.604 4.623 6.638 16.647 29.654 24.661 25.666 2.667 0.000 48.538 34.551 1.568 0.000 0.000 9.866 6.879 6.886 8.872 1.873 0.000 0.000 0.000 27.900 3.899 0.000 0.000 0.000 0.000 0.000 0.000 3.615 3.657 41.729 93.051 83.863 87.564 86.423 86.208 86.066 86.008 85.937 86.860 86.788 51.713 27.610 13.544 16.498 67.432 88.398 84.379 75.372 0.000 0.000 0.000 0.000 0.000 0.000 0.000
6.188 6.273 0.000 0.000 0.000 10.286 6.293 6.307 5.329 6.361 21.410 8.490 11.535 13.581 12.620 7.651 4.676 5.697 5.715 4.730 14.742 37.754 33.764 20.774 13.780 4.780 0.000 0.000 0.000 0.000 0.000 11.942 6.947 8.950 0.000 0.000 0.000 0.000 0.000 6.899 0.000 0.000 0.000 0.000 0.000 0.000 0.000 0.000 0.005 41.097 93.195 86.750 86.466 86.258 86.208 86.138 86.062 85.988 83.916 74.850 7.803 0.000 24.550 83.519 88.475 86.440 80.417 70.406 0.000 0.000 0.000 0.000 0.000 0.000 0.000
3.333 5.359 2.358 0.000 0.000 10.450 5.449 3.450 5.458 9.478 13.515 12.572 12.627 10.676 4.716 5.748 5.773 6.793 6.810 11.826 29.840 28.854 21.869 30.886 28.901 0.030 0.000 0.000 0.000 0.000 0.000 12.015 7.016 10.018 0.000 0.000 0.000 3.148 23.147 0.000 0.000 0.000 0.000 0.000 0.000 0.000 0.001 0.005 0.014 93.603 93.401 85.678 86.467 86.333 86.262 86.187 86.113 88.039 72.966 55.895 15.846 0.000 39.587 69.552 78.510 87.472 76.444 65.429 0.000 0.000 0.000 0.000 0.000 0.000 0.000
10.454 8.471 0.000 0.000 0.000 4.615 6.602 10.588 11.577 12.579 10.602 11.655 9.727 5.782 5.822 6.852 6.874 5.893 7.909 30.923 29.938 11.954 24.974 22.999 27.037 25.113 0.000 0.000 0.000 0.000 0.000 8.087 7.083 7.090 2.120 0.000 11.153 10.149 4.147 26.145 0.000 0.000 0.000 0.000 0.000 0.000 0.000 20.960 45.247 93.747 88.093 87.746 87.448 86.394 86.314 86.238 87.164 85.090 40.015 16.917 28.841 29.760 83.660 85.595 65.540 75.495 70.459 43.436 8.426 0.000 0.000 0.000 0.000 0.000 0.000
11.557 12.602 9.704 0.000 11.872 11.793 11.757 12.724 12.682 13.659 25.660 7.719 5.844 5.903 6.938 6.963 6.981 7.996 22.009 33.021 8.035 12.052 39.073 31.100 19.137 22.190 25.254 9.281 14.283 29.263 22.223 10.163 3.141 3.139 14.150 30.163 17.158 0.000 0.000 16.144 5.144 0.000 0.000 0.000 0.000 0.000 0.000 36.119 88.384 93.842 85.058 87.642 88.527 86.446 86.367 86.289 79.214 69.143 26.088 0.000 5.841 6.779 67.699 109.626 90.562 66.507 58.463 37.432 46.416 0.000 0.000 0.000 0.000 0.000 0.051
16.616 16.675 12.808 12.931 12.951 13.931 13.908 9.869 6.770 5.714 0.000 0.000 10.028 7.048 7.066 7.080 6.092 9.101 33.109 19.119 4.130 10.146 27.166 44.191 39.221 36.257 34.291 30.308 26.306 25.284 33.243 30.202 24.181 20.176 23.178 27.182 0.000 0.000 0.000 0.000 0.000 0.000 0.000 0.000 0.000 0.000 0.000 35.348 94.036 93.938 87.963 89.734 86.578 86.501 87.418 83.338 67.259 60.182 66.106 72.018 55.905 77.816 92.730 109.650 118.576 102.509 64.454 69.413 44.391 0.000 0.000 0.000 0.000 0.000 0.021
0.000 0.000 16.921 12.035 12.070 7.073 4.074 6.076 1.098 0.000 0.000 0.000 11.192 7.195 7.199 7.202 7.205 25.207 32.210 5.214 7.222 7.236 10.255 16.277 18.301 18.325 14.345 17.354 33.349 26.325 17.263 20.223 27.203 31.207 34.205 31.205 6.211 0.000 0.000 0.000 0.000 0.000 0.000 0.000 0.000 0.000 5.391 65.554 94.136 85.386 89.010 88.705 86.641 86.553 87.469 82.386 69.303 35.220 42.135 85.044 95.945 127.850 118.758 90.668 78.581 95.501 74.431 68.376 43.344 0.000 0.000 0.000 0.000 0.000 5.140
0.000 0.000 0.000 21.220 6.222 4.216 6.240 6.275 7.347 0.000 0.000 0.506 8.354 7.341 7.332 7.325 9.319 33.313 18.309 4.306 7.310 7.321 7.341 6.363 6.382 6.398 5.410 12.414 41.412 20.404 0.000 0.000 0.000 22.244 32.231 16.222 21.218 8.218 0.000 0.000 0.000 0.000 0.000 0.000 0.000 0.000 23.544 94.348 94.240 88.249 89.917 85.779 86.692 86.605 86.519 86.433 73.348 36.261 51.172 88.079 83.981 117.882 112.783 81.682 86.582 72.484 53.394 71.317 49.266 0.000 0.000 0.000 0.000 0.000 4.141
5.848 1.842 0.000 13.402 23.383 24.331 5.396 17.436 24.477 0.620 0.000 8.601 7.521 7.485 7.463 7.448 26.434 30.420 5.405 7.394 6.389 5.399 7.427 7.450 7.466 7.477 6.482 14.483 43.480 24.475 0.000 0.000 0.000 19.295 32.253 11.235 1.226 0.000 0.000 0.000 0.000 0.000 0.000 0.000 0.000 2.541 64.722 94.459 85.588 89.205 88.906 86.836 86.745 86.656 86.569 87.481 78.394 67.304 90.213 115.118 103.019 119.916 116.809 110.697 117.580 83.459 60.342 70.235 78.136 7.020 0.000 0.000 0.000 0.000 5.143
7.854 6.837 1.784 7.604 6.576 0.000 28.576 20.597 7.637 8.716 8.735 7.691 7.646 7.613 7.590 10.569 33.549 16.526 6.500 7.475 13.456 21.458 7.520 5.545 7.556 6.561 9.560 33.556 41.549 16.543 4.553 0.000 14.427 13.387 0.000 0.000 0.000 0.000 0.000 0.000 0.000 0.000 0.000 0.000 5.598 62.728 84.898 94.573 86.530 87.101 86.977 86.886 86.797 86.707 86.619 87.531 78.442 61.351 57.258 90.162 80.061 93.955 96.842 84.718 86.582 58.432 35.282 49.145 116.022 68.906 3.792 0.000 15.204 36.172 73.148
7.878 7.858 7.819 7.757 7.742 1.772 17.736 33.738 9.759 6.789 7.799 7.782 7.758 7.734 6.713 29.692 31.667 5.636 7.596 8.549 5.502 0.000 26.649 21.653 8.654 6.650 24.643 43.633 27.618 7.596 7.563 8.520 11.468 15.440 0.000 0.000 0.000 0.000 0.000 0.000 0.000 0.000 0.000 0.000 28.728 85.905 94.810 94.690 86.433 87.186 87.024 86.939 86.848 86.758 86.670 85.581 70.491 72.401 92.307 111.211 110.109 115.002 119.884 106.753 104.597 91.406 40.208 38.041 113.903 77.788 15.679 8.458 73.237 106.164 125.137
7.923 7.899 7.876 7.863 7.863 7.878 7.862 18.861 33.871 9.884 6.889 7.882 7.869 5.853 13.837 34.817 14.793 6.756 8.699 6.623 0.000 0.000 14.775 15.767 21.756 20.744 28.730 27.714 8.694 6.662 8.585 11.530 16.485 16.465 0.000 0.000 0.000 0.000 0.000 0.000 0.000 0.000 0.000 0.000 36.996 91.180 94.936 85.871 87.463 87.154 87.083 86.989 86.898 86.809 86.721 86.632 72.543 68.453 89.360 90.264 90.164 93.058 92.942 91.811 96.650 69.387 45.105 59.909 74.761 13.666 0.000 0.000 17.123 43.109 65.106
7.992 9.938 9.924 7.958 7.969 7.975 7.973 7.974 18.979 33.987 9.991 4.990 4.983 21.974 33.963 27.950 4.931 7.897 3.819 0.000 0.000 1.020 7.908 7.884 13.861 30.839 30.819 23.800 16.784 8.772 0.000 0.000 30.477 10.470 0.000 0.000 0.000 0.000 0.000 0.000 0.000 0.000 0.000 0.000 10.427 95.204 95.066 86.723 87.368 87.224 87.131 87.039 86.948 86.860 86.772 87.685 82.597 72.508 67.417 66.323 66.226 66.124 66.016 69.900 43.804 0.000 12.917 68.729 64.565 25.451 0.000 0.000 16.024 62.045 40.058
9.117 0.000 0.000 8.078 7.080 6.081 6.081 5.082 5.087 18.094 33.100 26.102 33.101 35.097 22.093 6.087 13.084 13.084 1.105 0.000 0.000 12.109 8.043 10.000 33.965 40.934 18.906 9.884 16.870 23.870 11.905 0.000 0.000 8.470 0.000 0.000 0.000 0.000 0.000 0.000 0.000 0.000 0.000 0.000 1.991 95.346 92.090 87.661 87.354 87.275 87.178 87.087 86.997 86.910 86.824 86.738 87.652 86.566 84.477 83.386 83.293 84.197 86.099 59.970 1.892 0.000 0.000 53.525 84.322 75.120 47.876 23.815 40.903 43.991 2.024
8.242 7.281 0.000 7.195 18.192 22.189 26.188 31.189 34.192 35.203 35.212 35.219 21.222 8.223 24.223 41.225 42.234 42.261 35.338 13.388 0.000 9.199 7.156 16.109 44.065 31.025 7.989 6.960 8.941 11.934 2.941 0.000 0.000 0.000 0.000 0.000 0.000 0.000 0.000 0.000 0.000 0.000 0.000 0.182 0.103 95.459 96.022 91.552 87.415 87.317 87.223 87.133 87.045 86.960 86.876 86.793 86.709 86.625 86.540 86.452 87.362 90.274 62.214 0.000 0.000 0.000 0.000 0.000 54.078 84.834 75.693 51.667 28.785 0.000 0.000
8.328 10.321 6.355 8.317 23.303 22.297 18.294 14.292 13.292 9.313 30.329 20.340 31.346 22.349 38.351 34.355 27.366 28.387 39.421 45.439 34.424 35.334 27.272 35.216 43.163 16.112 7.066 8.028 8.000 6.986 6.985 8.999 4.003 0.000 0.000 0.000 0.000 0.000 0.000 0.000 0.000 0.000 67.022 64.343 95.553 95.517 89.897 90.618 87.447 87.357 87.264 87.176 87.091 87.008 86.927 86.847 86.768 86.687 86.605 88.520 93.429 62.324 2.268 0.000 0.000 0.000 0.000 0.000 0.000 45.445 80.397 30.374 0.000 0.000 0.000
10.420 0.000 5.428 8.415 8.406 8.402 7.400 8.394 10.371 8.427 20.452 15.465 24.473 35.477 23.478 8.480 9.488 10.502 11.520 16.523 29.499 39.443 45.382 43.320 32.258 8.196 8.136 8.085 8.047 8.024 9.013 32.009 5.008 0.000 0.000 0.000 0.000 0.000 0.000 0.000 0.000 0.000 87.178 89.493 95.572 88.309 87.874 87.563 87.487 87.391 87.302 87.217 87.135 87.056 86.979 86.902 86.827 86.751 88.675 73.594 27.511 0.000 0.000 0.000 0.000 0.000 0.000 0.000 0.000 16.103 78.078 30.058 0.000 0.000 0.000
11.514 0.000 5.514 8.509 8.506 8.507 8.510 9.513 0.000 7.575 11.586 22.597 22.605 30.607 35.605 21.601 6.602 6.615 6.633 8.633 10.607 11.557 12.493 12.425 11.354 10.279 6.196 6.129 7.081 8.052 19.034 33.018 4.012 0.000 0.000 0.000 0.000 0.000 0.000 0.000 0.000 3.208 86.303 95.591 95.580 87.113 87.751 87.604 87.512 87.422 87.337 87.255 87.177 87.102 87.029 86.957 86.886 86.816 91.749 47.672 0.000 0.000 0.000 0.000 0.000 0.000 0.000 0.000 0.000 18.788 78.755 37.723 0.000 0.000 0.000
8.608 7.633 8.607 8.600 8.602 8.609 8.622 10.635 0.000 6.711 6.721 28.733 41.742 24.744 10.735 25.717 34.706 26.724 15.764 5.771 6.742 6.684 8.609 8.532 8.455 17.372 30.241 29.155 17.095 11.068 28.055 0.000 13.010 9.008 5.008 0.000 0.000 0.000 0.000 0.000 0.000 68.185 88.487 95.604 86.428 89.005 92.702 87.627 87.534 87.449 87.368 87.291 87.217 87.147 87.079 87.012 86.945 88.879 64.835 0.000 0.000 0.000 0.000 0.000 0.000 0.000 0.000 0.000 0.000 15.506 78.429 60.358 0.218 0.000 0.000
8.678 8.684 8.681 8.683 8.692 8.708 8.733 8.770 6.843 14.839 29.853 44.872 40.887 9.891 8.874 8.827 12.781 23.811 29.930 34.945 25.905 15.827 5.730 6.638 7.563 7.512 0.000 0.000 18.079 28.070 28.063 0.000 0.000 26.008 0.000 0.000 0.000 0.000 0.000 0.000 10.168 84.354 87.641 95.620 87.312 88.861 89.731 87.639 87.553 87.471 87.395 87.323 87.255 87.190 87.127 87.067 90.004 68.921 1.879 0.000 0.000 0.000 0.000 0.000 0.000 0.000 0.000 0.000 0.000 13.303 75.100 74.926 42.651 0.000 0.000
44.741 44.745 41.750 28.760 19.776 11.800 8.831 10.872 29.920 43.951 45.982 34.014 14.043 9.061 9.044 11.935 0.000 0.000 10.198 11.175 21.107 29.990 34.847 25.730 14.647 3.602 0.000 0.000 11.072 35.069 9.066 0.000 0.000 0.000 0.000 0.000 0.000 0.000 0.000 0.000 20.240 84.499 95.659 95.638 87.164 87.897 87.731 87.648 87.566 87.490 87.419 87.352 87.289 87.230 87.175 90.124 71.085 0.000 0.000 0.000 0.000 0.000 0.000 0.000 0.000 0.000 0.000 22.624 0.000 0.000 39.742 79.596 58.373 31.071 27.856
30.801 30.806 36.816 43.831 44.853 44.883 42.921 44.966 46.015 34.062 19.110 10.160 9.213 9.264 10.306 0.000 0.000 0.000 7.489 16.452 9.357 10.180 13.938 24.787 34.693 35.647 0.000 0.000 28.070 29.068 6.066 1.064 0.000 0.000 0.000 0.000 0.000 0.000 0.000 0.000 22.376 85.726 95.682 88.550 90.121 89.807 89.737 89.650 89.573 89.503 89.438 89.378 89.321 89.268 91.218 75.171 7.128 0.000 0.000 0.000 0.000 0.000 0.000 0.000 0.000 12.602 59.613 68.625 49.636 0.264 7.530 79.344 66.175 44.986 45.819
8.857 8.863 7.876 14.896 37.923 44.959 39.004 29.056 18.113 10.173 9.236 9.305 9.384 9.478 9.610 7.857 11.987 0.000 8.819 7.786 5.691 6.435 0.000 0.000 0.000 0.000 0.000 0.000 0.000 0.000 12.065 21.064 0.000 0.000 0.000 0.000 0.000 0.000 0.000 0.000 61.487 95.739 95.709 68.327 64.959 64.811 64.724 64.646 65.575 65.511 65.453 65.400 65.350 67.303 58.258 5.214 0.000 0.000 0.000 0.000 0.000 0.000 0.000 1.579 57.582 50.593 52.611 84.629 80.642 36.657 0.244 68.076 68.996 45.880 42.760
