results1/res_4e8f-0107.wd
ncols         241
nrows         181
xllcorner     12693529.787448
yllcorner     3542525.717860
cellsize      155.156523
NODATA_value  -9999.000000
[rows 132 to 164 of 181, columns 0 to 72 of 241]
94.055 99.055 103.055 103.054 105.053 105.051 99.049 90.047 76.045 65.042 64.039 65.035 64.031 63.026 68.021 82.015 93.008 98.000 97.991 94.980 86.968 77.952 68.934 62.910 67.880 69.844 68.803 69.758 67.719 62.683 76.649 99.616 66.588 0.000 0.000 0.000 6.228 58.220 70.214 67.188 69.166 75.150 93.144 79.141 63.142 62.144 62.148 74.153 95.159 36.165 9.172 4.188 0.000 0.000 0.000 0.000 0.000 0.000 0.000 0.000 0.000 0.000 0.000 0.000 25.919 5.840 9.761 50.660 73.514 77.412 77.303 87.387 114.851
72.060 74.060 77.059 83.058 93.057 99.056 104.054 104.052 97.049 83.046 72.043 66.039 70.035 77.030 90.025 105.018 104.011 101.003 100.994 103.983 103.970 99.955 87.937 75.915 67.889 62.859 63.826 62.792 63.760 71.731 93.705 101.683 13.669 0.000 0.000 0.000 16.236 44.244 62.275 71.268 72.250 69.228 70.224 80.220 75.217 68.213 72.209 80.205 93.202 34.199 20.195 26.204 6.212 0.000 0.000 0.000 0.000 0.000 0.000 0.000 0.000 0.000 0.000 0.000 7.997 0.000 57.786 79.705 75.583 84.554 75.615 114.976 103.734
64.065 64.064 64.064 66.063 71.062 75.060 82.059 91.056 99.054 102.051 96.048 94.044 96.039 99.034 98.029 91.023 82.016 80.008 79.998 84.988 90.975 97.961 100.944 99.924 88.902 78.877 73.851 71.824 80.798 96.776 97.757 83.743 16.737 0.000 0.000 0.000 0.000 0.000 45.374 72.360 51.336 39.289 54.302 69.300 84.293 88.282 90.269 91.256 87.245 14.235 1.216 29.219 26.221 14.225 20.226 14.226 0.000 0.000 0.000 0.000 0.000 0.000 42.222 12.170 78.076 100.009 132.860 88.832 83.882 64.837 100.900 105.413 105.318
65.070 65.069 65.069 65.068 64.067 63.065 65.064 70.062 76.059 86.056 96.053 98.049 91.044 81.039 75.034 67.028 63.021 63.013 63.004 64.994 69.982 75.969 82.954 94.937 99.917 101.897 100.875 96.854 99.834 92.817 74.803 66.796 45.798 3.821 0.000 0.000 0.000 0.000 38.486 71.463 14.446 0.000 47.396 72.386 91.371 99.353 85.331 88.306 74.285 32.272 0.000 56.232 25.230 17.227 28.226 28.226 0.000 0.000 0.000 0.000 0.000 29.330 48.274 121.213 150.133 133.013 116.565 115.508 107.177 105.816 105.690 105.556 70.778
65.075 65.075 65.074 65.073 65.072 65.071 65.069 64.067 64.065 67.062 73.058 72.054 68.050 64.045 64.040 64.034 65.027 65.020 65.011 65.002 63.991 62.979 64.966 70.951 77.934 86.917 94.900 90.883 79.867 67.854 63.844 68.838 76.838 52.844 30.847 30.830 16.793 17.730 53.621 74.561 24.538 6.546 66.500 98.476 100.454 79.428 82.395 81.352 69.318 58.295 9.271 37.248 11.240 0.039 12.227 0.000 1.851 0.000 0.000 0.000 0.000 10.388 73.331 79.249 75.234 76.391 74.363 106.152 106.046 105.935 73.131 75.907 77.777
65.081 65.080 65.080 65.079 65.078 65.077 65.075 65.073 65.071 65.068 64.064 64.060 64.056 65.051 65.046 65.040 65.034 65.027 65.020 65.011 65.001 64.991 64.979 63.966 62.952 63.938 67.924 65.911 64.898 68.888 71.880 70.875 68.872 70.871 70.866 67.850 67.821 71.774 46.708 32.622 21.598 39.599 84.583 98.563 78.540 71.511 70.469 50.388 46.342 9.319 0.000 0.000 0.092 2.142 0.000 0.000 5.851 20.825 35.777 5.709 19.623 82.471 89.456 87.525 85.509 86.588 106.350 106.253 87.381 94.171 87.024 92.795 84.635
65.087 65.086 65.086 65.085 65.084 65.083 65.081 65.079 65.077 65.074 65.071 65.067 65.062 65.057 65.052 65.047 65.042 65.036 65.029 64.021 71.013 73.003 64.993 63.982 62.971 63.959 65.948 68.937 71.928 70.919 65.913 66.909 73.905 76.902 72.896 66.884 63.865 72.839 3.814 0.000 6.634 79.670 88.669 75.654 67.632 87.606 33.584 0.000 0.000 0.097 1.148 1.148 1.145 2.143 0.000 0.000 30.878 72.847 101.798 62.731 95.613 103.767 100.727 99.816 106.621 106.534 106.444 99.468 101.344 101.042 99.902 98.833 16.748
65.093 65.093 65.092 65.092 65.091 65.090 65.088 65.086 65.084 65.082 68.078 68.074 66.070 70.064 68.059 65.055 65.050 65.045 64.039 62.032 73.025 81.017 67.008 63.999 65.989 68.980 70.971 69.963 66.955 68.949 73.945 75.941 76.939 76.936 71.932 65.925 74.915 93.903 12.895 0.000 0.000 53.777 76.770 73.753 77.727 97.697 31.677 0.000 1.147 1.147 1.149 1.151 1.147 3.143 0.000 28.990 80.938 96.884 99.812 104.809 101.972 98.960 106.858 106.782 106.704 98.781 99.566 100.438 100.118 100.090 93.021 69.927 0.000
65.099 65.099 65.099 65.098 65.097 65.096 65.095 65.094 65.092 66.089 73.087 73.083 50.078 18.069 39.064 69.062 63.059 66.055 72.050 75.044 75.038 71.031 67.023 68.016 71.008 70.000 68.993 70.987 74.982 74.978 76.975 75.973 66.972 61.972 63.970 76.969 95.966 105.965 27.967 0.000 0.000 28.892 84.880 86.860 93.827 92.778 28.749 0.000 1.147 0.000 0.161 1.160 0.000 7.142 33.109 77.051 98.967 101.980 101.067 101.068 100.159 107.000 106.930 98.989 99.789 100.650 100.436 100.291 100.248 92.181 84.139 0.000 0.000
65.106 65.106 65.105 65.105 65.104 65.104 65.103 65.101 65.100 67.098 76.096 87.093 63.090 0.085 6.068 54.071 80.070 72.067 70.062 70.057 68.051 67.045 69.039 71.032 69.026 65.020 67.015 79.010 81.007 71.005 65.004 62.004 62.006 67.007 81.010 97.013 94.017 78.025 50.040 18.075 12.071 56.018 84.998 66.980 57.943 49.838 14.794 0.000 0.000 20.174 11.174 1.169 0.000 26.175 77.142 99.053 101.245 100.235 100.343 107.198 107.134 107.068 99.052 100.935 100.648 100.522 100.466 100.393 94.317 81.254 71.217 0.000 0.000
65.113 65.113 65.112 65.112 65.111 65.111 65.110 65.109 65.108 67.107 77.105 64.103 20.100 2.106 0.000 22.085 76.082 68.079 70.075 69.070 67.065 70.060 71.055 68.049 65.044 61.040 71.036 85.033 72.031 62.031 63.032 68.035 78.038 89.043 100.048 93.056 71.065 66.077 85.093 92.113 93.120 97.113 72.113 33.120 5.127 0.000 0.000 0.000 0.000 33.175 20.175 0.274 31.284 77.216 99.232 101.418 100.433 107.373 107.317 107.259 99.322 100.120 101.008 100.707 100.691 100.631 100.556 101.464 89.384 60.298 49.257 7.257 1.257
64.120 64.120 65.119 65.119 65.119 65.118 65.118 65.117 65.117 68.116 78.115 49.114 0.000 8.113 46.111 48.101 65.096 67.092 55.088 37.084 75.079 70.075 66.070 65.066 63.062 65.058 81.055 84.054 66.054 69.056 81.059 90.064 99.070 97.077 85.086 71.096 64.109 80.125 84.144 72.164 53.182 51.199 39.223 19.260 8.318 2.456 0.648 20.716 15.718 0.000 0.000 25.365 77.384 100.483 101.500 99.609 107.478 107.426 99.487 100.298 101.175 100.982 100.859 100.835 100.782 100.730 103.660 67.526 47.455 0.000 0.000 0.000 0.000
73.128 71.127 68.126 66.126 63.126 63.126 63.126 63.126 62.125 67.125 79.124 62.125 43.126 51.122 69.118 65.113 62.108 68.105 63.101 50.097 70.094 64.090 63.086 63.083 65.079 79.076 87.074 53.073 45.075 95.079 100.085 95.092 84.100 74.110 66.121 62.135 73.151 85.170 53.193 28.218 11.247 2.281 19.322 18.377 8.452 9.556 12.670 40.724 24.721 0.000 0.000 57.618 99.645 98.764 107.625 107.578 107.529 99.526 101.418 101.143 101.034 101.003 102.960 97.908 99.878 100.850 111.828 0.000 0.000 0.000 0.000 0.000 0.000
74.136 76.135 82.133 83.132 83.133 80.134 81.135 80.135 79.134 79.134 81.133 64.133 68.133 67.130 64.128 67.124 67.120 66.117 71.114 73.111 67.108 61.105 63.102 65.099 79.096 84.093 73.091 67.091 76.094 99.100 82.109 73.119 65.129 63.141 65.155 64.171 78.190 87.212 51.238 27.269 15.306 17.351 20.407 12.475 13.556 19.647 21.735 14.787 0.000 0.000 35.850 77.861 107.753 107.712 107.670 99.762 100.567 101.464 101.172 101.168 102.125 102.079 75.034 52.971 87.970 101.964 106.973 47.031 0.000 0.000 0.000 0.000 0.000
67.145 61.143 14.138 16.137 25.141 72.143 69.143 69.143 69.143 73.143 82.143 63.142 64.141 63.140 66.137 70.135 71.132 69.130 68.127 71.125 72.123 69.120 63.118 80.115 86.112 77.109 83.106 100.106 97.109 79.118 67.132 63.145 65.157 65.171 64.186 69.204 85.225 87.250 79.279 82.314 53.357 15.412 7.479 6.560 18.649 25.743 15.833 12.906 4.933 31.054 79.036 107.828 107.792 99.907 100.715 101.600 101.413 101.298 101.282 102.235 100.193 94.152 19.130 0.000 70.066 105.063 102.069 101.089 0.000 0.000 0.000 0.000 0.000
65.156 57.156 0.000 0.000 7.152 68.152 64.153 64.153 64.152 68.152 82.152 60.151 64.150 68.149 70.148 71.146 68.144 65.142 63.140 65.139 75.137 88.135 83.134 84.132 61.129 55.125 107.119 93.116 60.119 20.131 40.157 68.172 65.185 65.198 67.214 60.233 44.257 34.283 46.314 86.351 62.397 15.459 10.539 5.638 14.737 19.842 13.951 19.044 19.131 57.205 107.882 99.098 102.836 101.739 101.553 101.442 101.418 101.382 102.339 102.302 67.262 43.206 29.205 32.210 83.166 104.151 100.152 91.167 9.201 0.000 0.000 0.000 0.000
65.167 65.169 48.174 0.000 8.162 69.162 65.162 65.162 64.162 65.161 80.161 67.161 70.160 72.159 71.158 66.157 63.156 64.154 64.153 63.152 73.152 96.151 92.150 79.149 72.148 63.143 39.127 28.121 15.120 0.000 21.192 70.200 65.211 67.224 50.240 24.258 9.285 6.312 48.343 65.379 34.422 6.487 9.580 14.714 21.821 17.938 12.082 5.229 8.561 56.454 107.952 101.986 101.747 101.568 101.552 101.517 101.476 101.437 99.402 90.370 23.347 0.000 40.271 99.260 104.238 102.224 96.220 86.225 4.236 0.000 0.000 0.000 0.000
62.177 64.178 61.179 0.000 4.172 69.172 64.172 62.171 64.171 68.171 72.171 71.170 71.170 69.169 63.169 64.168 64.167 65.167 65.166 70.166 88.166 87.166 80.167 89.168 87.169 58.170 0.000 0.000 0.000 0.000 19.220 70.225 65.235 68.248 39.263 1.286 35.313 61.338 81.367 50.398 2.424 0.000 0.000 3.819 13.892 14.011 14.181 8.530 5.570 108.146 108.051 100.894 101.739 101.639 101.605 101.567 101.529 103.493 88.460 71.431 31.408 7.397 55.348 85.322 94.301 103.287 92.280 81.279 3.281 0.000 0.000 0.000 0.000
69.185 67.186 56.186 0.000 55.182 63.182 65.181 69.181 70.181 71.180 69.180 70.180 68.180 64.180 64.179 65.179 65.179 64.179 66.179 89.179 88.180 70.181 83.183 81.186 85.191 83.200 46.221 2.234 11.243 41.246 46.242 66.247 65.256 65.269 60.286 52.310 69.333 68.359 62.390 84.423 32.453 0.000 0.000 7.850 12.919 11.027 12.166 36.371 60.805 108.234 103.225 102.970 102.709 101.695 101.655 101.618 102.582 100.547 55.514 32.484 44.459 45.435 99.403 101.378 81.358 91.343 86.334 59.329 24.328 0.000 0.000 0.000 0.000
70.193 71.194 68.195 56.197 70.193 70.192 70.191 71.191 71.190 72.190 84.190 66.189 64.190 64.190 65.190 65.190 65.191 66.191 80.192 91.193 66.194 70.196 97.199 89.202 77.208 80.217 83.229 67.240 72.247 87.253 80.256 68.263 61.273 61.286 72.303 88.325 75.349 47.377 19.410 74.452 63.512 12.613 15.709 20.812 16.905 8.015 10.103 51.399 103.649 108.316 100.205 102.854 103.782 101.744 101.706 101.668 94.632 84.598 41.565 12.535 21.507 22.480 83.453 125.429 106.409 82.393 74.383 53.376 62.373 15.373 0.000 1.537 5.537
75.200 75.201 71.202 71.202 71.201 72.201 72.200 68.200 65.200 64.200 27.199 17.198 68.200 65.201 65.201 65.201 64.202 67.203 91.204 77.205 62.207 68.209 85.213 102.217 97.223 94.230 92.239 88.247 84.255 83.261 91.268 88.276 82.286 78.300 81.317 85.337 47.361 11.388 10.421 26.463 22.530 7.617 16.703 26.785 22.875 13.994 7.154 50.400 108.466 108.393 103.100 104.941 101.828 101.795 102.755 98.718 82.682 75.647 81.614 87.582 71.553 93.525 108.499 125.475 134.455 118.439 80.427 85.420 60.416 0.000 0.000 0.000 0.000
14.207 15.209 75.208 70.209 70.210 65.210 62.209 64.209 59.210 12.210 12.210 1.210 69.211 65.211 65.212 65.212 65.213 83.214 90.216 63.217 65.220 65.222 68.226 74.230 76.235 76.242 72.249 75.256 91.263 84.270 75.278 78.286 85.297 89.310 92.326 89.346 64.369 29.395 12.423 11.447 0.000 0.641 11.700 20.750 4.813 0.000 20.335 80.575 108.537 100.448 104.168 103.904 101.886 101.843 102.804 97.766 84.729 50.694 57.660 100.628 111.598 143.570 134.543 106.519 94.498 111.481 90.468 84.459 59.455 0.000 0.000 0.000 0.000
1.218 10.217 24.214 79.217 64.218 62.219 64.219 64.219 65.219 12.220 3.220 58.222 66.222 65.222 65.223 65.223 67.224 91.226 76.227 62.229 65.232 65.235 65.238 64.242 64.247 64.253 63.259 70.266 99.272 78.279 9.286 17.294 29.305 80.318 90.333 74.351 79.373 66.401 18.431 15.454 0.538 5.615 18.656 10.703 0.000 0.000 38.487 108.674 108.606 103.330 105.067 100.973 101.932 101.891 101.851 101.813 88.776 51.740 66.706 103.673 99.641 133.612 128.584 97.559 102.537 88.518 69.504 87.494 65.490 0.000 0.000 0.000 0.000
63.230 59.228 0.000 71.227 81.228 82.228 63.228 75.228 82.229 58.229 56.230 66.231 65.232 65.232 65.233 65.234 84.235 88.237 63.239 65.241 64.243 63.246 65.250 65.254 65.258 65.263 64.269 72.275 101.281 82.287 28.293 1.302 52.313 77.323 90.336 69.351 59.372 18.406 11.443 14.478 12.528 20.578 24.606 0.000 0.000 17.422 79.660 108.740 100.592 104.308 104.048 102.025 101.979 101.938 101.897 102.858 93.821 82.784 105.749 130.715 118.683 135.652 132.623 126.596 133.572 99.551 76.535 86.524 94.521 23.530 0.000 0.000 0.000
65.238 64.238 59.241 65.238 64.237 12.237 86.237 78.237 65.238 66.239 66.240 65.241 65.241 65.242 65.243 68.245 91.246 74.248 64.249 65.252 71.254 79.258 65.261 63.265 65.269 64.274 67.279 91.284 99.289 74.295 62.301 50.309 72.317 71.325 32.335 17.347 14.359 0.000 3.459 3.488 4.526 5.563 7.585 0.000 20.523 77.650 99.797 108.804 101.554 102.193 102.113 102.068 102.025 101.983 101.942 102.903 93.864 76.827 72.791 105.757 95.723 109.691 112.660 100.631 102.604 74.579 51.560 65.546 132.540 85.539 20.541 10.540 32.539
65.245 65.246 65.246 65.246 65.245 59.245 75.246 91.246 67.247 64.248 65.249 65.250 65.251 65.252 64.254 87.255 89.257 63.258 65.260 66.262 63.265 25.268 84.272 79.276 66.279 64.284 82.288 101.293 85.297 65.303 65.308 66.314 69.320 73.326 10.334 11.340 0.000 0.438 15.445 0.000 0.000 0.000 0.000 0.000 43.662 100.803 108.925 108.865 101.440 102.270 102.151 102.113 102.069 102.026 101.985 100.946 85.907 87.869 107.833 126.797 125.762 130.728 135.695 122.663 120.632 107.603 56.579 54.562 130.552 94.546 32.542 25.541 90.539
65.253 65.253 65.253 65.253 65.253 65.254 65.254 76.255 91.256 67.257 64.258 65.260 65.261 63.262 71.264 92.266 72.267 64.269 66.270 64.272 6.276 3.279 72.283 73.286 79.289 78.293 86.297 85.301 66.305 64.310 66.314 69.319 74.323 74.326 0.000 0.000 0.000 2.430 26.433 13.429 14.428 13.428 0.000 4.908 51.980 106.034 108.984 100.785 102.492 102.225 102.202 102.155 102.111 102.069 102.028 101.988 87.949 83.910 104.873 105.836 105.800 108.765 108.730 107.695 112.659 85.622 61.592 76.572 91.559 30.552 0.000 0.000 34.538
65.260 67.260 67.260 65.261 65.262 65.262 65.263 65.264 76.265 91.266 67.268 62.269 62.271 79.272 91.274 85.276 62.278 65.279 61.280 7.279 4.286 58.290 65.293 65.296 71.299 88.303 88.306 81.309 74.313 66.317 53.320 23.324 88.327 68.329 0.000 0.000 0.000 1.425 15.427 8.427 22.427 11.427 0.000 5.129 25.186 109.098 109.041 101.653 102.382 102.285 102.241 102.196 102.153 102.110 102.069 103.029 97.989 87.951 82.913 81.875 81.838 81.801 81.764 85.727 59.686 3.635 29.595 85.573 81.560 42.551 4.547 0.000 33.537
66.268 3.268 4.265 65.268 64.270 63.271 63.271 62.272 62.274 75.275 90.277 83.278 90.280 92.282 79.284 63.286 70.288 70.291 58.292 0.000 6.300 69.302 65.304 67.307 91.309 98.312 76.315 67.318 74.321 81.324 69.327 5.330 48.332 66.333 0.000 0.000 0.000 2.419 8.422 5.425 19.426 0.000 0.000 5.321 10.676 109.153 106.910 102.616 102.355 102.329 102.280 102.236 102.193 102.150 102.109 102.069 103.030 101.990 99.952 98.913 98.874 99.837 101.800 75.763 17.724 0.000 14.581 70.567 101.556 92.547 65.542 41.537 58.537
65.277 64.277 0.000 64.278 75.278 79.279 83.280 88.281 91.282 92.284 92.286 92.288 78.290 65.292 81.294 98.297 99.299 99.302 92.306 70.313 5.312 66.313 64.315 73.317 101.319 88.321 65.324 64.326 66.328 69.331 60.333 5.336 25.338 25.340 0.000 0.000 0.000 8.411 3.416 0.000 2.426 0.000 13.268 14.623 5.783 109.206 110.859 106.492 102.411 102.364 102.319 102.274 102.232 102.190 102.149 102.109 102.069 102.030 101.991 101.951 102.910 105.872 77.836 10.799 0.000 0.000 0.000 15.558 71.548 102.541 93.536 69.533 46.535
65.285 67.286 63.289 65.287 80.287 79.287 75.288 71.289 70.290 66.292 87.295 77.297 88.299 79.302 95.304 91.307 84.310 85.313 96.316 102.320 91.322 92.324 84.325 92.327 100.329 73.331 64.332 65.334 65.336 64.338 64.340 66.342 61.344 10.348 70.355 61.361 0.379 2.398 0.000 0.000 0.000 4.061 82.161 79.379 109.302 109.255 104.737 105.561 102.441 102.401 102.355 102.312 102.269 102.228 102.188 102.148 102.109 102.070 102.030 103.989 108.944 77.907 17.871 0.000 0.000 0.000 0.000 0.000 12.540 63.531 98.527 48.525 0.000
67.293 3.293 62.294 65.294 65.295 65.295 64.296 65.297 67.298 65.301 77.304 72.306 81.309 92.312 80.314 65.317 66.320 67.323 68.327 73.330 86.332 96.334 102.336 100.337 89.339 65.340 65.341 65.342 65.344 65.345 66.346 89.348 62.350 2.353 66.357 16.365 10.376 3.387 0.000 0.000 0.000 13.992 102.201 104.400 109.346 103.075 102.774 102.507 102.483 102.435 102.391 102.348 102.306 102.265 102.226 102.187 102.148 102.110 104.072 89.030 42.971 9.939 0.000 0.000 0.000 0.000 0.000 0.000 0.000 34.517 96.516 48.515 0.000
68.300 1.301 62.301 65.302 65.302 65.303 65.304 66.305 4.304 64.309 68.313 79.315 79.318 87.321 92.324 78.327 63.330 63.334 63.337 65.340 67.343 68.345 69.347 69.348 68.349 67.349 63.350 63.351 64.351 65.352 76.353 90.353 61.354 55.355 57.357 0.000 0.000 3.387 0.000 0.000 0.000 18.026 101.136 109.429 109.388 101.930 102.656 102.558 102.513 102.468 102.425 102.383 102.342 102.302 102.263 102.225 102.187 102.151 107.117 63.090 0.000 0.000 0.000 0.000 0.000 0.000 0.000 0.000 0.000 37.505 97.504 56.503 0.000
