results1/res_4e8f-0046.wd
ncols         241
nrows         181
xllcorner     12693529.787448
yllcorner     3542525.717860
cellsize      155.156523
NODATA_value  -9999.000000
[rows 132 to 164 of 181, columns 0 to 73 of 241]
82.732 87.733 91.734 91.736 93.738 93.742 87.746 78.750 64.756 53.762 52.769 53.777 52.785 51.795 56.805 70.816 81.829 86.842 86.856 83.871 75.887 66.902 57.918 51.931 56.941 58.945 57.941 58.931 56.920 51.908 65.893 88.877 55.861 0.000 0.000 0.000 0.000 47.748 59.729 56.705 58.687 64.677 82.676 68.678 52.681 51.684 51.688 63.691 84.694 25.695 0.000 0.000 0.000 0.000 0.000 0.000 0.000 0.000 0.000 0.000 0.000 0.000 0.000 0.000 20.159 0.089 3.701 44.635 67.505 71.409 71.302 81.387 108.851 99.201
60.752 62.753 65.754 71.756 81.759 87.763 92.767 92.771 85.777 71.783 60.790 54.798 58.807 65.817 78.828 93.839 92.852 89.865 89.879 92.894 92.909 88.923 76.937 64.950 56.959 51.965 52.966 51.964 52.960 60.955 82.949 90.942 2.937 0.000 0.000 0.000 5.767 33.768 51.789 60.782 61.768 58.754 59.757 69.760 64.760 57.758 61.754 69.749 82.745 23.739 9.729 15.720 0.000 0.000 0.000 0.000 0.000 0.000 0.000 0.000 0.000 0.000 0.000 0.000 2.161 0.000 51.770 73.697 69.582 78.555 69.619 108.979 97.736 99.247
52.773 52.774 52.775 54.777 59.780 63.783 70.788 79.792 87.798 90.804 84.812 82.820 84.829 87.839 86.850 79.862 70.875 68.889 68.903 73.917 79.932 86.946 89.959 88.972 77.982 67.990 62.996 60.999 70.001 86.003 87.005 73.007 6.009 0.000 0.000 0.000 0.000 0.000 34.877 61.867 40.849 28.814 43.840 58.846 73.842 77.833 79.821 80.808 76.796 3.788 0.000 18.712 15.707 3.705 9.703 3.702 0.000 0.000 0.000 0.000 0.000 0.000 36.285 6.240 72.163 94.060 126.880 82.843 77.891 58.846 94.909 99.414 99.315 108.045
53.794 53.794 53.796 53.798 52.801 51.804 53.808 58.813 64.819 74.825 84.833 86.841 79.850 69.861 63.872 55.885 51.898 51.912 51.926 53.941 58.955 64.970 71.984 83.996 89.008 91.019 90.028 86.036 89.044 82.052 64.061 56.072 35.084 0.000 0.000 0.000 0.000 0.000 27.976 60.959 3.948 0.000 36.945 61.941 80.930 88.913 74.891 77.866 63.845 21.830 0.000 45.708 14.706 6.705 17.703 17.702 0.000 0.000 0.000 0.000 0.000 23.380 42.330 115.273 144.196 127.061 110.598 109.532 101.198 99.848 99.713 99.569 64.792 109.705
53.814 53.815 53.816 53.818 53.821 53.825 53.829 52.834 52.840 55.846 61.854 60.862 56.871 52.882 52.894 52.908 53.922 53.936 53.951 53.965 52.980 51.995 54.009 60.023 67.036 76.049 84.062 80.074 69.087 57.101 53.117 58.138 66.170 42.234 20.267 20.275 6.255 7.199 43.092 64.047 14.036 0.000 56.055 88.043 90.024 68.999 71.965 70.920 58.887 47.858 0.000 26.707 0.705 0.000 1.702 0.000 0.000 0.000 0.000 0.000 0.000 4.432 67.381 73.302 69.287 70.438 68.405 100.208 100.095 99.976 67.156 69.929 71.796 73.455
53.835 53.835 53.837 53.839 53.842 53.846 53.850 53.855 53.861 53.867 52.874 52.882 52.891 53.903 53.916 53.930 53.945 53.960 53.976 53.991 54.006 54.021 54.036 53.051 52.066 53.081 57.096 55.112 54.129 58.147 61.169 60.194 58.226 60.265 60.293 57.303 57.293 61.250 36.148 22.103 11.113 29.201 74.176 88.153 68.126 61.093 60.049 39.965 35.926 0.000 0.000 0.000 0.000 0.000 0.000 0.000 0.000 14.943 29.925 0.000 13.619 76.505 83.502 81.576 79.561 80.639 100.419 100.316 81.417 88.203 81.052 86.820 78.657 57.593
53.855 53.856 53.857 53.860 53.863 53.867 53.871 53.876 53.882 53.888 53.894 53.902 53.911 53.922 53.936 53.953 53.970 53.986 54.001 53.016 60.032 62.047 54.063 53.079 52.096 53.113 55.131 58.150 61.170 60.192 55.217 56.245 63.276 66.308 62.335 56.354 53.362 62.361 0.000 0.000 0.000 69.314 78.297 65.269 57.234 77.200 23.174 0.000 0.000 0.000 0.000 0.000 0.000 0.000 0.000 0.000 25.000 66.960 95.910 56.820 89.662 97.815 94.779 93.870 100.710 100.617 100.520 93.511 95.382 95.077 93.933 92.861 10.773 0.000
53.875 53.876 53.878 53.880 53.884 53.888 53.892 53.898 53.903 53.909 56.914 56.921 54.928 58.939 56.955 53.977 53.995 54.012 53.027 51.043 62.059 70.075 56.091 53.108 55.126 58.145 60.165 59.187 56.210 58.235 63.263 65.293 66.325 66.357 61.388 55.416 64.441 83.472 2.533 0.000 0.000 43.446 66.428 63.392 67.342 87.299 21.273 0.000 0.000 0.000 0.000 0.000 0.000 0.000 0.000 23.089 75.043 90.986 93.909 98.891 96.037 93.023 100.966 100.884 100.800 92.834 93.614 94.482 94.159 94.128 87.056 63.959 0.000 0.000
53.896 53.896 53.898 53.901 53.905 53.909 53.914 53.919 53.925 54.930 61.935 61.939 38.943 6.950 27.970 58.004 52.024 55.040 61.055 64.070 64.086 60.102 56.119 57.137 60.156 59.177 58.199 60.223 64.248 64.276 66.307 65.339 56.373 51.409 53.444 66.480 85.516 95.555 17.594 0.000 0.000 18.597 74.578 76.530 83.445 82.381 18.348 0.000 0.000 0.000 0.000 0.000 0.000 1.236 27.196 71.144 93.062 96.074 95.155 95.150 94.235 101.121 101.044 93.051 93.846 94.702 94.485 94.337 94.291 86.221 78.178 0.000 0.000 0.000
53.916 53.917 53.918 53.921 53.925 53.930 53.936 53.941 53.947 55.953 64.957 75.958 51.956 0.000 0.000 43.048 69.057 61.069 59.082 59.097 57.113 56.129 58.147 60.166 58.186 54.208 56.231 68.257 70.285 60.316 54.349 51.385 51.422 56.461 70.501 86.544 83.588 67.638 39.695 7.776 1.799 45.767 74.757 56.705 47.527 39.432 4.390 0.000 0.000 0.000 0.000 0.000 0.000 20.274 71.234 93.145 95.336 94.327 94.433 101.340 101.269 101.196 93.120 94.995 94.705 94.575 94.517 94.441 88.362 75.296 65.258 0.000 0.000 0.000
53.936 53.936 53.938 53.941 53.946 53.951 53.958 53.964 53.971 55.977 65.981 52.981 8.968 0.000 0.000 11.082 65.088 57.098 59.110 58.124 56.139 59.156 60.174 57.193 54.214 50.237 60.262 74.290 61.321 51.354 52.390 57.429 67.469 78.512 89.557 82.605 60.657 55.713 74.773 81.834 82.881 86.915 61.979 23.007 0.000 0.000 0.000 0.000 0.000 0.000 0.000 0.000 25.378 71.311 93.325 95.508 94.528 101.537 101.474 101.409 93.399 94.192 95.074 94.769 94.750 94.687 94.608 95.513 83.431 54.342 43.300 1.300 0.000 0.000
52.955 52.956 53.957 53.961 53.966 53.973 53.980 53.988 53.996 57.004 67.011 38.018 0.000 0.000 35.119 37.112 54.116 56.124 44.136 26.150 64.165 59.182 55.200 54.220 52.241 54.265 70.291 73.321 55.354 58.390 70.430 79.471 88.515 86.562 74.611 60.664 53.723 69.785 73.850 61.909 42.951 41.034 29.237 9.339 0.406 0.000 0.000 13.510 8.510 0.000 0.000 19.458 71.477 94.576 95.597 93.706 101.658 101.598 93.574 94.379 95.250 95.053 94.927 94.899 94.842 94.787 97.714 61.577 41.504 0.000 0.000 0.000 0.000 0.000
61.975 59.975 56.975 54.979 51.985 51.994 52.003 52.012 51.022 56.032 68.044 51.061 32.095 40.116 58.126 54.132 51.139 57.149 52.161 39.175 59.191 53.208 52.226 52.246 54.267 68.291 76.318 42.349 34.384 84.424 89.467 84.513 73.560 63.609 55.661 51.719 62.785 74.856 42.932 18.000 1.086 0.000 9.598 8.750 0.718 2.271 5.430 33.510 17.510 0.000 0.000 51.704 93.743 92.866 101.831 101.775 101.717 93.619 95.501 95.223 95.112 95.077 97.029 91.974 93.939 94.908 105.883 0.000 0.000 0.000 0.000 0.000 0.000 0.000
62.996 64.995 70.992 71.994 72.002 69.015 70.027 69.037 68.047 68.058 70.071 53.088 57.109 56.127 53.140 56.150 56.160 55.172 60.185 62.199 56.215 50.232 52.251 54.270 68.292 73.315 62.341 56.373 65.410 88.455 71.504 62.553 54.602 52.653 54.707 53.768 67.840 76.925 41.022 17.138 5.319 7.531 10.808 3.546 5.725 12.226 14.472 7.591 0.000 0.000 29.894 71.949 101.989 101.939 101.886 93.865 94.663 95.553 95.259 95.252 96.205 96.155 69.106 47.037 82.032 96.022 101.028 41.083 0.000 0.000 0.000 0.000 0.000 0.000
56.019 50.016 3.004 5.004 14.015 61.039 58.053 58.063 58.073 62.084 71.096 52.111 53.128 52.143 55.157 59.169 60.181 58.194 57.208 60.223 61.239 58.256 52.275 69.294 75.315 66.336 72.361 89.391 86.430 68.482 56.542 52.595 54.644 54.694 53.746 58.806 74.884 76.981 69.095 72.211 43.342 5.465 0.000 0.000 11.222 18.437 8.641 5.790 0.000 24.939 73.062 102.086 102.039 94.019 94.821 95.698 95.509 95.392 95.373 96.322 94.276 88.231 13.206 0.000 64.129 99.122 96.124 95.138 0.000 0.000 0.000 0.000 0.000 0.000
54.047 46.047 0.000 0.000 0.000 57.076 53.082 53.089 53.098 57.108 71.120 49.133 53.147 57.162 59.176 60.189 57.202 54.216 52.231 54.246 64.263 77.280 72.299 73.318 50.337 44.356 96.375 82.401 49.438 9.502 29.586 57.640 54.687 54.733 56.778 49.828 33.910 24.019 36.168 76.270 52.372 5.524 1.817 0.000 7.503 12.660 6.867 12.133 12.807 51.076 102.159 93.219 96.951 95.846 95.658 95.546 95.519 95.479 96.434 96.393 61.349 37.287 23.280 26.282 77.233 98.213 94.207 85.208 3.208 0.000 0.000 0.000 0.000 0.000
54.074 54.079 37.093 0.000 0.000 58.107 54.110 54.115 53.123 54.132 69.142 56.155 59.168 61.182 60.196 55.210 52.224 53.238 53.253 52.269 62.286 85.304 81.323 68.342 61.360 52.375 28.383 17.401 4.419 0.000 10.663 59.692 54.732 56.772 39.806 13.817 0.000 0.000 38.287 55.331 24.351 0.000 1.912 7.415 14.628 10.833 5.028 0.041 3.196 50.486 102.250 96.108 95.861 95.681 95.663 95.624 95.580 95.539 93.501 84.467 17.441 0.000 34.345 93.333 98.308 96.290 90.282 80.279 0.000 0.000 0.000 0.000 0.000 0.000
51.098 53.102 50.107 0.000 0.000 58.135 53.137 51.141 53.146 57.154 61.164 60.176 60.189 58.203 52.217 53.231 53.245 54.260 54.275 59.291 77.309 76.327 69.347 78.367 76.387 47.402 0.000 0.000 0.000 0.000 8.710 59.736 54.775 57.820 28.859 0.000 25.267 51.317 71.362 40.417 0.000 0.000 0.000 0.000 6.761 7.017 7.383 2.884 2.775 102.509 102.382 95.025 95.860 95.758 95.721 95.679 95.639 97.600 82.563 65.531 25.508 1.496 49.423 79.398 88.375 97.359 86.351 75.349 0.000 0.000 0.000 0.000 0.000 0.000
58.120 56.123 45.128 0.000 44.171 52.162 54.162 58.164 59.169 60.175 58.184 59.196 57.210 53.224 53.239 54.252 54.267 53.281 55.297 78.314 77.332 59.351 72.372 70.394 74.418 72.446 35.484 0.000 0.676 30.710 35.732 55.768 54.815 54.873 49.951 42.086 59.218 58.321 52.428 74.559 22.733 0.000 0.000 0.425 5.638 4.090 5.615 30.232 54.878 102.617 97.378 97.101 96.838 95.820 95.776 95.736 96.695 94.657 49.621 26.588 38.559 39.533 93.490 95.460 75.437 85.421 80.413 53.416 18.442 0.000 0.000 0.000 0.000 0.000
59.139 60.144 57.154 45.174 59.181 59.182 59.184 60.187 60.191 61.195 73.202 55.214 53.232 53.247 54.261 54.275 54.288 55.303 69.318 80.335 55.353 59.373 86.395 78.419 66.447 69.479 72.523 56.585 61.643 76.696 69.741 57.789 50.843 50.908 61.988 78.090 65.199 37.323 9.470 64.658 53.908 3.680 7.212 12.620 9.080 1.084 3.786 45.292 97.698 102.708 94.357 96.994 97.918 95.875 95.832 95.791 88.751 78.712 35.675 6.641 15.609 16.578 77.544 119.515 100.491 76.474 68.464 47.462 56.467 9.467 0.000 0.000 0.000 20.527
64.153 64.160 60.173 60.187 60.197 61.202 61.206 57.210 54.212 53.212 16.216 6.228 57.256 54.272 54.285 54.297 53.310 56.324 80.339 66.356 51.374 57.395 74.417 91.442 86.470 83.503 81.543 77.591 73.641 72.691 80.746 77.804 71.862 67.927 71.002 75.087 37.167 1.282 0.487 16.697 12.802 0.000 8.338 18.552 14.903 6.077 1.005 44.485 102.883 102.796 97.261 99.087 95.970 95.931 96.887 92.845 76.805 69.765 75.728 81.692 65.658 87.625 102.593 119.564 128.540 112.520 74.507 79.500 54.499 0.000 0.000 0.000 0.000 0.000
3.161 4.170 64.190 59.207 59.218 54.225 51.230 53.234 48.237 1.236 1.225 0.000 58.293 54.300 54.309 54.320 54.332 72.345 79.360 52.376 54.394 54.415 57.437 63.462 65.490 65.521 61.557 64.596 80.638 73.684 64.750 67.820 74.876 78.936 82.008 79.090 54.181 19.290 2.420 1.608 0.000 0.000 3.248 12.348 0.000 0.000 14.481 74.709 102.967 94.632 98.326 98.058 96.034 95.986 96.942 91.898 78.857 44.817 51.778 94.741 105.706 137.672 128.639 100.609 88.583 105.561 84.544 78.533 53.528 0.000 0.000 0.000 0.000 0.000
0.000 0.000 13.211 68.233 53.243 51.249 53.255 53.261 54.266 1.271 0.000 47.333 55.324 54.326 54.333 54.342 56.353 80.365 65.379 51.394 54.412 54.433 54.456 53.480 53.507 53.536 52.567 59.599 88.631 67.657 0.000 6.852 18.884 69.936 80.004 64.084 69.177 56.295 8.458 5.628 0.000 0.000 10.060 2.217 0.000 0.000 32.693 103.138 103.052 97.512 99.233 95.133 96.087 96.040 95.994 95.950 82.908 45.867 60.828 97.789 93.753 127.717 122.683 91.651 96.622 82.596 63.575 81.561 59.553 0.000 0.000 0.000 0.000 0.000
52.338 48.337 0.000 60.271 70.273 71.274 52.282 64.289 71.299 47.315 45.335 55.342 54.344 54.348 54.355 54.364 73.373 77.384 52.397 54.411 53.429 52.450 54.473 54.498 54.522 54.548 53.576 61.604 90.631 71.656 17.675 0.000 41.873 66.919 79.990 59.066 49.149 8.257 1.513 4.815 3.187 11.478 15.769 0.000 0.000 11.704 73.908 103.222 94.800 98.487 98.222 96.191 96.139 96.092 96.045 97.001 87.958 76.916 99.875 124.836 112.798 129.761 126.725 120.690 127.657 93.626 70.600 80.582 88.571 17.569 0.000 0.000 0.000 0.000
54.340 53.336 48.327 54.308 53.304 1.305 75.310 67.316 54.324 55.336 55.349 54.357 54.363 54.369 54.376 57.384 80.393 63.403 53.413 54.425 60.442 68.464 54.491 52.515 54.538 53.561 56.584 80.609 88.635 63.662 51.695 39.749 61.818 60.877 21.970 7.044 4.096 0.000 0.000 0.000 0.000 0.000 0.000 0.000 14.909 71.972 94.081 103.306 95.758 96.380 96.293 96.241 96.191 96.142 96.095 97.050 88.006 70.964 66.922 99.882 89.843 103.804 106.766 94.728 96.690 68.652 45.619 59.595 126.578 79.568 14.558 4.548 26.539 47.533
54.346 54.342 54.337 54.331 54.330 48.334 64.335 80.340 56.348 53.357 54.367 54.375 54.382 54.390 53.397 76.405 78.413 52.421 54.428 55.436 52.451 14.475 73.511 68.534 55.553 53.573 71.593 90.615 74.638 54.664 54.694 55.733 58.774 62.803 0.001 1.042 0.000 0.000 0.000 0.000 0.000 0.000 0.000 0.000 38.111 95.182 103.472 103.390 95.654 96.463 96.337 96.291 96.240 96.191 96.144 95.098 80.054 82.010 101.968 120.927 119.887 124.847 129.807 116.766 114.722 101.672 50.629 48.600 124.580 88.568 26.557 19.547 84.536 117.531
54.355 54.352 54.349 54.350 54.352 54.355 54.358 65.363 80.370 56.378 53.386 54.395 54.403 52.411 60.418 81.426 61.434 53.440 55.444 53.439 0.000 0.000 61.547 62.556 68.569 67.584 75.601 74.619 55.639 53.661 55.687 58.716 63.742 63.759 0.000 0.000 0.000 0.000 0.000 0.000 0.000 0.000 0.000 0.469 46.544 100.465 103.555 95.028 96.700 96.426 96.394 96.338 96.288 96.239 96.191 96.145 82.100 78.056 99.013 99.971 99.930 102.889 102.849 101.808 106.760 79.686 55.626 70.594 85.575 24.565 0.000 0.000 28.527 54.526
54.369 56.360 56.359 54.369 54.373 54.376 54.380 54.385 65.392 80.399 56.407 51.415 51.424 68.432 80.440 74.449 51.457 54.464 50.468 0.000 0.000 47.581 54.573 54.576 60.584 77.595 77.608 70.622 63.638 55.655 42.675 12.704 77.721 57.731 0.000 0.000 0.000 0.000 0.000 0.000 0.000 0.000 0.000 0.728 20.289 103.722 103.638 95.892 96.597 96.491 96.438 96.385 96.334 96.284 96.237 97.190 92.145 82.101 77.058 76.015 75.973 75.932 75.893 79.856 53.826 0.000 23.593 79.577 75.562 36.552 0.000 0.000 27.519 73.520
55.394 0.000 0.000 54.393 53.395 52.398 52.402 51.406 51.413 64.420 79.428 72.437 79.446 81.454 68.463 52.472 59.481 59.490 47.497 0.000 0.000 58.590 54.589 56.592 80.597 87.605 65.614 56.625 63.636 70.647 58.657 0.000 37.708 55.713 0.000 0.000 0.000 0.000 0.000 0.000 0.000 0.000 0.000 1.044 6.895 103.804 101.181 96.845 96.576 96.539 96.482 96.429 96.378 96.329 96.281 96.235 97.190 96.145 94.101 93.058 93.015 93.974 95.934 69.896 11.861 0.000 8.577 64.560 95.544 86.529 59.510 35.505 52.511 55.515
54.419 53.427 0.000 53.417 64.417 68.419 72.423 77.427 80.433 81.441 81.450 81.459 67.468 54.477 70.486 87.496 88.507 88.519 81.533 59.557 0.000 55.601 53.602 62.605 90.609 77.614 54.620 53.627 55.635 58.642 49.648 0.000 14.691 14.702 0.000 0.000 0.000 0.000 0.000 0.000 0.000 0.000 8.432 9.967 3.633 103.877 105.120 100.728 96.636 96.579 96.524 96.471 96.421 96.372 96.325 96.279 96.234 96.189 96.145 96.100 97.055 100.013 71.974 4.935 0.000 0.000 0.000 9.543 65.525 96.509 87.497 63.495 40.505 9.510
54.437 56.436 52.445 54.440 69.439 68.440 64.443 60.447 59.452 55.463 76.472 66.482 77.491 68.500 84.510 80.520 73.532 74.546 85.562 91.581 80.603 81.611 73.615 81.617 89.620 62.623 53.626 54.630 54.635 53.640 53.645 55.651 50.663 0.000 59.628 50.628 0.000 0.000 0.000 0.000 0.000 0.000 77.047 74.258 103.981 103.934 99.003 99.799 96.669 96.618 96.564 96.512 96.462 96.414 96.367 96.322 96.277 96.233 96.189 98.142 103.093 72.051 12.013 0.000 0.000 0.000 0.000 0.000 6.505 57.485 92.475 42.471 0.000 0.000
56.455 0.000 51.461 54.459 54.459 54.461 53.463 54.466 56.467 54.485 66.496 61.505 70.514 81.523 69.533 54.544 55.556 56.571 57.587 62.603 75.618 85.626 91.629 89.631 78.631 54.631 54.631 54.633 54.635 54.638 55.641 78.645 51.649 0.000 55.629 5.628 0.000 0.000 0.000 0.000 0.000 8.502 96.812 99.016 104.020 97.369 97.024 96.748 96.713 96.654 96.601 96.550 96.501 96.454 96.408 96.364 96.320 96.277 98.234 83.188 37.123 4.087 0.000 0.000 0.000 0.000 0.000 0.000 0.000 28.451 90.447 42.443 0.000 0.000
57.475 0.000 51.478 54.478 54.479 54.481 54.483 55.486 0.000 53.515 57.521 68.529 68.538 76.547 81.556 67.566 52.579 52.595 52.613 54.628 56.640 57.645 58.647 58.646 57.643 56.640 52.637 52.635 53.635 54.636 65.638 79.640 50.640 44.635 46.632 0.000 0.000 0.000 0.000 0.000 0.000 12.481 95.609 104.082 104.050 96.209 96.908 96.799 96.744 96.689 96.637 96.587 96.539 96.493 96.448 96.405 96.362 96.322 101.284 57.254 0.000 0.000 0.000 0.000 0.000 0.000 0.000 0.000 0.000 31.422 91.417 50.413 0.000 0.000
