results1/res_4e8f-0228.wd
ncols         241
nrows         181
xllcorner     12693529.787448
yllcorner     3542525.717860
cellsize      155.156523
NODATA_value  -9999.000000
[rows 33 to 65 of 181, columns 73 to 145 of 241]
0.000 0.000 0.000 0.000 0.000 0.000 0.000 0.000 0.000 0.000 0.000 0.000 0.000 0.000 0.000 0.000 0.000 0.000 0.000 0.000 0.000 0.000 0.000 0.000 0.000 0.000 0.000 0.000 0.000 0.000 0.000 0.000 0.000 0.000 0.000 0.000 0.000 0.000 0.000 39.966 62.967 67.968 23.971 0.000 0.000 33.047 47.075 14.054 5.054 37.075 40.090 34.088 35.069 36.032 35.978 35.904 35.810 34.693 40.538 60.299 6.811 14.917 12.192 47.345 63.801 68.329 66.889 67.489 66.023 68.107 63.161 62.771 62.759
0.000 0.000 0.000 0.000 0.000 0.000 0.000 0.000 0.000 0.000 0.000 0.000 0.000 0.000 0.000 0.000 0.000 0.000 0.000 0.000 0.000 0.000 0.000 0.000 0.000 0.000 0.000 0.000 0.000 0.000 0.000 0.000 0.000 0.000 0.000 0.000 0.000 0.000 0.000 0.000 14.967 9.968 0.000 0.000 0.000 0.000 29.167 0.000 0.000 27.116 51.157 50.161 40.143 36.107 36.049 35.969 35.867 34.746 56.610 54.454 0.000 37.750 50.313 63.737 68.215 67.736 67.305 66.812 67.870 63.887 63.187 63.440 65.740
0.000 0.000 0.000 0.000 0.000 0.000 0.000 0.000 0.000 0.000 0.000 0.000 0.000 0.000 0.000 0.000 0.000 0.000 35.380 67.380 20.380 0.000 0.000 0.000 0.000 0.000 0.000 0.000 0.000 0.000 0.000 0.000 0.000 0.000 0.000 0.000 0.000 0.000 0.000 0.000 0.000 0.000 0.000 0.000 0.000 0.000 21.258 0.000 0.000 0.000 29.260 47.255 47.237 38.202 36.142 36.056 33.944 49.815 58.702 0.000 23.410 48.019 62.573 69.075 68.581 68.125 67.604 69.635 65.621 63.731 64.129 66.453 65.696
0.000 0.000 0.000 0.000 0.000 0.000 0.000 0.000 0.000 0.000 0.000 22.382 60.382 0.382 0.000 0.000 0.000 0.000 42.380 93.380 49.380 0.000 0.000 0.000 0.000 0.000 0.000 0.000 0.000 0.000 0.000 0.000 0.000 0.000 0.000 0.000 0.000 0.000 0.000 0.000 0.000 0.000 0.000 0.000 0.000 0.000 24.350 25.391 32.409 18.407 28.370 36.361 49.350 40.321 36.263 33.168 44.036 53.870 42.680 18.335 47.801 65.345 69.884 69.404 68.939 68.398 68.402 67.364 64.386 64.833 67.171 66.422 66.187
0.000 0.000 0.000 0.000 0.000 0.000 0.000 0.000 0.000 0.000 0.000 43.382 78.382 67.382 54.382 9.382 3.381 27.381 81.380 89.380 54.380 0.000 0.000 0.000 0.000 23.438 2.438 0.000 0.000 0.000 0.000 0.000 0.000 0.000 0.000 0.000 0.000 7.438 0.000 0.000 0.000 11.437 29.436 0.000 0.000 40.413 55.400 58.414 56.429 42.441 36.451 35.469 49.480 40.469 32.420 46.319 60.163 47.948 35.812 50.525 55.115 67.674 70.211 69.748 69.196 69.175 67.119 65.151 65.556 67.902 67.161 66.930 66.595
0.000 0.000 0.000 0.000 0.000 0.000 0.000 0.000 0.000 0.000 0.000 14.382 76.382 59.382 40.382 2.382 23.381 73.381 84.380 91.380 50.379 0.000 0.000 0.000 0.438 61.438 45.438 0.000 0.000 0.000 0.000 0.000 0.000 0.000 0.000 0.438 24.438 36.438 38.438 0.000 0.000 20.437 45.436 24.435 38.432 61.426 64.425 65.434 62.452 49.480 36.523 33.583 50.633 41.655 45.629 63.523 57.349 0.000 34.094 52.838 65.460 71.022 70.566 70.006 69.960 67.894 66.042 66.300 68.648 67.918 67.694 67.361 67.027
0.000 0.000 0.000 0.000 0.000 0.000 0.000 0.000 0.000 0.000 0.000 0.000 0.000 27.382 65.382 61.382 49.382 62.381 82.380 93.379 46.378 0.000 0.000 0.000 0.000 23.438 47.438 49.438 0.000 0.000 0.000 0.000 0.000 0.000 0.000 0.000 40.438 41.438 53.438 36.438 25.438 39.437 40.437 36.436 43.435 50.435 48.437 41.447 60.466 26.502 42.578 45.709 35.812 47.889 60.918 57.797 0.339 9.044 45.632 62.271 70.867 71.405 70.852 70.778 67.706 67.099 67.073 69.412 68.694 68.480 68.156 67.823 67.464
0.000 0.000 0.000 0.000 0.000 0.000 0.000 0.000 0.000 0.000 0.000 0.000 0.000 17.382 84.382 79.382 69.382 59.382 83.381 91.379 86.376 71.373 26.370 0.000 0.000 0.000 3.438 57.438 41.438 39.438 50.438 45.438 8.438 0.000 0.000 4.438 40.438 39.438 60.438 66.438 55.438 47.438 39.438 36.438 37.438 38.440 37.443 35.451 43.464 4.483 0.000 4.864 41.018 64.173 62.355 1.642 7.733 45.450 59.117 68.760 72.299 71.861 72.637 68.591 68.398 67.893 70.203 69.490 69.284 68.973 68.657 68.307 67.916
0.000 0.000 0.000 0.000 0.000 0.000 0.000 0.000 0.000 0.000 0.000 0.000 0.000 0.000 17.383 56.383 31.383 67.383 86.382 91.379 89.376 87.371 76.367 35.364 0.364 0.000 0.000 13.438 52.438 52.438 65.438 63.438 56.438 51.438 0.000 0.000 7.438 44.438 63.438 70.438 62.439 46.439 35.439 36.439 36.440 36.442 36.445 36.450 40.455 0.000 0.000 0.000 11.223 48.428 17.890 15.154 50.094 54.902 66.645 73.253 73.106 71.348 69.678 70.066 68.795 71.038 70.315 70.102 69.799 69.503 69.187 68.832 68.401
0.000 0.000 0.000 0.000 0.000 0.000 0.000 0.000 0.000 0.000 0.000 0.000 0.000 0.000 0.000 2.384 88.385 88.385 90.384 90.381 89.376 83.370 77.364 48.361 0.000 0.000 0.000 0.000 0.000 20.438 65.438 59.438 74.438 71.438 50.438 29.438 30.438 39.438 61.439 70.439 61.439 44.439 34.440 39.440 38.442 36.443 36.446 36.448 37.450 29.450 0.000 0.000 0.000 0.000 9.621 52.657 55.585 63.443 74.167 74.280 72.642 74.536 72.300 69.839 71.950 71.187 70.945 70.628 70.337 70.048 69.756 69.434 67.997
0.000 0.000 0.000 0.000 0.000 0.000 23.360 46.357 0.000 24.299 64.288 53.275 57.265 32.258 0.000 0.000 24.387 96.388 90.388 87.384 84.377 87.368 78.359 41.354 0.000 0.000 0.000 0.000 0.000 0.000 0.000 9.438 63.438 64.438 15.438 0.000 6.438 43.439 61.439 66.439 56.439 47.439 45.440 7.441 14.442 42.444 36.446 36.448 37.449 43.449 51.449 13.449 0.000 0.000 25.316 58.267 62.160 72.970 75.186 74.818 78.094 76.675 71.181 72.989 72.136 71.829 71.474 71.160 70.866 70.597 70.355 70.150 76.005
0.000 0.000 0.000 0.000 0.000 0.000 23.363 66.354 8.334 58.309 60.290 72.274 55.260 40.252 0.000 0.000 12.389 81.391 93.397 90.391 90.379 91.365 85.351 39.342 0.000 0.000 0.000 0.000 0.000 0.000 0.000 0.000 0.000 48.438 7.438 0.000 2.439 49.439 46.439 58.439 15.439 0.000 0.000 0.000 0.000 8.445 46.446 40.447 3.448 33.449 67.449 50.449 3.449 0.000 30.068 63.907 72.808 75.930 75.685 79.854 79.108 72.536 74.105 73.156 72.762 72.348 71.990 71.665 71.373 71.119 70.917 70.805 75.869
21.625 65.619 55.614 0.000 0.000 0.000 17.375 77.362 53.340 55.314 61.290 85.269 86.251 81.236 35.222 0.000 0.000 0.000 41.416 95.405 90.385 91.361 88.338 47.321 0.000 0.000 0.000 0.000 0.000 0.000 0.000 0.000 0.000 6.438 0.000 0.000 0.000 0.000 0.000 0.000 0.000 0.000 0.000 0.000 0.000 0.000 0.000 21.448 18.448 0.000 0.000 0.000 0.000 19.480 56.897 73.849 75.526 76.459 80.805 80.409 73.565 75.126 74.167 73.714 73.244 72.838 72.470 72.139 71.842 71.587 71.389 71.283 74.348
21.626 77.618 59.608 55.597 0.000 0.000 4.399 69.380 71.349 71.316 83.286 80.261 92.239 91.221 52.208 0.000 0.000 0.000 17.446 97.426 90.395 91.357 88.317 48.284 0.000 0.000 8.846 56.808 68.767 37.739 0.000 0.000 0.000 0.000 0.000 0.000 0.000 0.000 0.000 0.000 0.000 0.000 0.000 0.000 0.000 0.000 0.000 0.000 6.448 0.000 0.000 0.000 17.445 57.953 74.913 75.495 81.725 81.215 74.835 75.398 75.902 75.088 74.624 74.130 73.689 73.284 72.915 72.577 72.270 71.999 71.769 78.592 19.470
85.629 82.619 61.605 62.585 54.555 1.512 59.443 54.410 62.359 75.317 79.277 90.249 91.223 90.200 59.181 0.000 0.000 0.000 16.496 96.460 90.411 91.354 86.290 66.215 50.096 50.988 50.884 58.812 79.753 46.711 0.000 0.000 0.000 0.000 0.000 0.000 0.000 0.000 0.000 0.000 0.000 0.000 0.000 0.000 0.000 0.000 0.000 0.000 0.000 0.000 15.536 46.313 55.821 74.807 76.397 83.061 82.469 75.384 77.106 76.442 75.904 75.451 74.970 74.519 74.094 73.697 73.327 72.983 72.664 72.368 79.097 24.844 0.000
82.635 77.622 75.606 58.585 62.555 62.520 53.482 46.460 0.000 0.000 21.255 80.234 91.206 89.174 74.135 41.082 0.000 3.671 65.582 86.508 91.434 90.357 91.276 81.187 57.086 53.985 52.888 61.803 79.723 62.641 48.527 49.438 53.372 64.331 28.315 0.000 0.000 0.000 0.000 0.000 0.000 0.000 0.000 0.000 0.000 0.000 0.000 0.000 0.000 0.000 26.735 66.576 74.523 77.171 83.940 83.544 76.106 77.778 77.002 76.633 76.195 75.746 75.306 74.879 74.471 74.082 73.714 73.365 73.033 78.714 25.406 0.000 0.000
71.642 23.629 91.614 62.593 56.560 57.531 59.505 59.487 48.485 0.000 0.000 1.219 25.192 96.157 86.104 64.028 55.904 62.760 61.652 63.556 71.460 72.364 59.268 56.173 54.076 53.978 52.881 61.788 76.696 55.602 52.502 57.414 73.347 76.307 61.299 35.299 0.000 0.000 0.000 0.000 0.000 0.000 0.000 0.000 0.000 0.000 0.000 0.000 0.000 17.574 59.420 75.032 77.872 84.507 84.261 76.802 78.448 77.666 77.312 76.886 76.466 76.044 75.627 75.220 74.827 74.448 74.083 73.730 79.388 25.051 0.000 0.000 0.000
17.651 90.639 91.626 77.614 0.000 4.538 64.519 60.499 71.483 62.465 0.000 1.232 4.198 84.156 81.098 66.021 56.923 53.814 53.711 56.605 69.486 77.371 80.261 73.161 63.065 55.969 54.871 70.772 73.672 48.569 52.466 52.371 53.294 57.251 36.275 0.000 0.000 0.000 6.823 0.000 0.000 0.000 0.000 0.000 0.000 0.000 0.000 20.799 52.467 60.323 73.838 85.169 84.784 77.853 78.450 79.018 78.331 77.970 77.551 77.146 76.740 76.336 75.938 75.549 75.169 74.799 75.438 82.085 25.736 0.000 0.000 0.000 0.000
95.660 91.649 91.637 91.622 78.600 61.564 61.536 61.508 52.481 1.441 18.349 25.288 77.227 74.172 77.109 70.037 70.953 70.863 70.771 73.667 68.509 68.373 70.242 74.147 75.055 72.961 68.862 79.758 77.649 65.536 66.422 66.309 68.206 43.128 0.000 0.000 0.000 0.000 7.823 0.000 0.000 0.000 0.000 0.000 0.000 7.683 55.458 56.019 77.032 77.587 86.229 85.752 80.339 80.058 79.448 78.983 78.607 78.198 77.800 77.404 77.011 76.623 76.241 75.867 75.500 76.141 79.787 12.436 0.000 0.000 0.000 0.000 0.000
94.668 90.661 90.652 91.637 88.614 66.583 60.550 61.516 62.479 54.433 3.371 69.312 66.253 67.194 68.131 63.063 66.990 71.914 79.842 64.784 0.000 0.308 15.187 73.129 69.048 68.958 68.858 68.748 68.630 68.506 68.375 68.239 66.092 60.927 33.706 0.000 9.339 53.119 59.823 71.520 41.285 0.000 0.000 0.000 1.564 56.885 67.665 79.586 80.220 86.963 86.629 80.988 80.666 79.933 79.605 79.218 78.823 78.433 78.044 77.659 77.278 76.903 76.536 76.177 76.825 79.477 27.132 0.000 0.000 0.000 0.000 0.000 0.000
80.675 80.674 80.672 91.660 91.637 81.604 57.566 60.527 61.487 61.443 67.391 76.336 60.278 57.220 55.159 62.095 77.028 75.962 60.900 40.842 0.000 0.000 0.000 1.138 58.049 52.967 52.863 52.746 52.618 53.481 56.336 57.178 56.999 55.781 56.486 55.035 54.559 63.196 69.829 67.451 74.050 71.513 66.005 63.492 65.862 77.513 81.035 80.829 87.457 87.240 81.625 81.280 80.533 80.208 79.815 79.431 79.046 78.664 78.285 77.910 77.539 77.176 76.824 77.481 78.145 16.811 0.000 0.000 0.000 0.000 0.000 0.000 0.000
0.000 46.688 58.703 86.693 90.669 71.631 54.584 53.539 61.499 61.459 60.414 54.362 55.303 61.248 78.190 77.128 60.066 53.007 42.953 0.000 62.515 71.453 67.357 68.234 71.107 73.996 72.881 73.755 76.614 75.465 72.308 74.138 68.944 54.711 58.422 57.060 61.667 79.276 85.847 82.407 75.950 70.482 72.029 78.494 83.348 81.789 88.060 87.711 81.609 83.219 81.806 81.147 80.808 80.411 80.028 79.645 79.266 78.892 78.523 78.157 77.793 78.437 76.101 71.779 23.462 0.000 0.000 0.000 0.000 0.000 0.000 0.000 0.531
0.000 0.000 51.757 70.742 81.714 56.667 48.599 55.546 53.512 60.481 61.446 61.394 54.325 71.279 63.225 52.163 55.099 47.046 0.000 71.666 74.577 74.487 76.384 77.269 80.148 84.031 82.911 82.777 82.619 84.456 85.295 83.122 70.927 56.699 58.430 58.117 57.770 60.396 33.874 6.380 95.859 137.459 114.994 80.928 82.447 89.021 88.584 82.056 84.785 82.201 81.759 81.402 81.009 80.624 80.238 79.856 79.480 79.114 78.757 78.402 80.041 74.676 63.365 18.072 0.000 0.000 0.000 0.000 0.000 0.000 0.000 0.777 47.638
3.996 0.000 6.825 27.805 62.780 44.723 0.000 50.533 55.520 55.508 61.493 50.444 0.000 55.317 53.268 55.200 56.122 66.033 79.909 76.756 78.639 84.533 94.425 138.310 135.185 135.068 134.954 134.825 135.630 119.444 51.293 54.129 51.942 59.727 58.484 55.207 52.903 34.661 0.000 0.000 4.663 62.370 79.381 83.976 89.712 89.393 81.653 83.354 82.655 82.352 81.984 81.603 81.221 80.834 80.446 80.059 79.685 79.328 79.989 78.654 70.292 58.860 16.613 0.000 0.000 0.000 0.000 0.000 0.000 0.000 3.936 38.871 59.754
77.997 25.972 14.914 77.871 55.877 0.000 0.000 0.000 49.529 62.537 54.575 0.000 7.491 63.405 54.329 65.247 78.156 78.055 82.937 85.810 78.691 64.580 55.472 51.360 49.216 52.102 53.011 39.940 0.000 56.400 53.302 52.159 55.984 59.785 56.569 48.326 54.971 35.686 0.000 1.952 57.679 74.683 84.403 90.205 89.983 82.235 83.922 83.220 82.928 82.560 82.193 81.817 81.434 81.046 80.651 80.251 79.872 80.526 76.216 64.932 21.612 0.000 0.000 0.000 0.000 0.000 0.000 0.000 0.000 0.000 7.002 56.940 55.852
88.016 96.006 83.986 0.958 12.979 7.089 2.125 1.129 0.000 0.000 58.695 56.674 64.576 61.485 61.395 61.302 78.201 92.093 80.975 60.854 58.736 53.625 55.523 46.443 0.000 58.113 55.047 43.985 0.000 57.453 52.358 53.220 60.052 57.860 55.684 37.554 0.000 2.157 54.390 52.135 68.920 84.826 90.483 83.167 83.734 84.395 83.792 83.499 83.138 82.780 82.411 82.035 81.653 81.266 80.863 81.422 81.024 70.687 55.419 18.246 0.000 0.000 0.000 0.000 0.000 0.000 0.000 5.401 32.354 31.265 46.129 58.035 45.949
78.044 82.049 72.051 0.000 0.000 72.164 65.159 59.134 3.073 10.978 76.836 73.749 60.657 61.562 61.465 62.363 83.255 135.139 128.018 74.895 129.774 50.660 54.551 54.447 56.329 54.189 54.080 53.967 55.807 51.601 51.456 60.313 59.143 55.918 50.751 39.653 0.000 0.919 56.426 63.237 85.230 84.107 90.838 84.213 84.800 84.350 84.061 83.715 83.367 83.007 82.638 82.259 81.876 81.502 83.111 78.550 60.117 46.777 48.528 14.387 0.000 0.000 0.000 0.000 0.000 0.000 0.000 5.449 41.395 46.313 60.214 54.124 44.040
74.075 69.096 13.117 0.000 3.286 55.244 64.213 61.171 79.108 73.024 77.923 85.831 76.738 61.642 61.541 61.432 60.315 54.191 49.062 53.933 50.807 54.688 54.575 54.465 54.352 54.233 54.119 53.997 52.852 57.688 59.552 60.433 44.288 0.000 43.751 0.000 0.000 0.917 60.581 82.488 86.484 91.817 91.360 84.304 84.957 84.599 84.286 83.953 83.605 83.244 82.874 82.488 82.091 80.756 42.528 0.000 0.000 0.000 0.000 0.000 0.000 0.000 0.000 37.873 32.833 31.768 30.676 34.551 43.463 59.378 53.290 44.205 54.125
66.103 57.143 62.203 7.303 60.328 56.312 55.278 73.229 66.164 82.087 91.001 70.914 56.823 54.727 57.623 60.508 61.383 61.248 54.107 52.967 53.834 53.711 54.596 54.486 54.379 59.272 56.165 53.050 53.917 56.745 60.632 49.579 0.000 0.000 0.000 0.000 16.220 136.096 79.834 86.857 84.827 92.221 84.120 86.640 88.125 84.852 84.536 84.205 83.856 83.491 84.124 80.730 68.242 58.905 16.716 0.000 0.000 0.000 0.000 0.000 0.000 0.000 39.956 39.912 39.860 40.793 40.711 41.616 55.529 55.445 39.362 42.282 44.205
41.119 42.171 36.250 60.377 56.411 55.399 66.360 70.301 81.232 88.158 54.080 53.000 53.914 55.820 54.715 51.596 59.461 60.311 61.150 59.994 53.852 52.725 51.611 52.505 58.406 117.312 85.219 65.122 48.019 0.000 62.652 70.671 0.000 0.000 0.000 0.000 60.347 71.239 88.125 86.159 92.925 92.586 85.209 85.740 86.406 85.114 84.804 84.475 84.124 84.740 83.401 36.065 0.000 0.000 0.000 0.000 0.000 0.000 0.000 0.000 0.000 0.122 47.001 42.959 39.902 40.834 38.757 50.674 57.592 41.511 42.432 50.355 48.281
0.000 0.000 0.000 53.542 56.540 58.514 79.460 90.385 104.306 86.232 15.162 72.091 72.013 55.925 55.822 54.699 52.554 55.384 61.190 59.005 59.854 61.727 59.616 57.518 53.430 48.350 53.276 48.199 0.000 0.000 0.000 56.784 48.812 0.000 0.000 2.742 70.581 87.425 87.498 85.513 93.235 84.929 87.432 88.939 85.683 85.393 85.089 84.766 84.424 81.946 36.673 0.000 0.000 0.000 0.000 0.000 0.000 0.000 0.000 0.000 0.000 46.166 16.086 4.020 47.954 37.884 48.809 60.731 48.653 43.575 48.499 52.425 45.354
0.000 0.000 0.000 51.710 57.695 73.655 84.582 132.472 126.376 128.303 134.244 130.188 131.123 56.045 55.947 54.825 54.672 53.483 48.219 57.984 59.832 60.713 58.610 60.521 60.445 61.381 54.337 0.000 0.000 0.000 0.056 57.868 42.840 0.000 0.202 61.893 83.785 87.741 86.730 93.798 93.524 85.987 86.535 87.225 85.963 85.689 85.394 86.078 60.859 0.000 0.000 0.000 0.000 0.000 0.000 0.000 0.000 0.000 58.487 47.437 37.357 41.246 41.158 42.083 42.011 44.938 57.864 54.789 49.713 50.638 48.564 46.492 42.423
17.951 0.000 0.000 52.894 69.873 77.828 83.742 54.545 53.421 52.359 49.325 50.293 50.248 56.184 56.097 71.981 71.828 47.655 0.000 44.881 57.777 59.682 57.589 59.512 59.446 60.392 56.355 0.290 1.194 2.147 56.093 40.980 0.000 0.000 63.293 72.141 89.019 87.932 87.115 94.053 85.659 88.189 90.726 86.503 86.256 86.004 84.721 72.291 31.075 0.000 0.000 0.000 0.000 0.000 44.741 39.719 39.679 39.619 43.537 55.467 58.389 44.301 39.219 41.142 43.067 57.994 56.920 42.846 51.773 52.700 51.628 44.557 40.489
