results3_8e4_norain/res_4e8_norain.inittm
ncols         241
nrows         181
xllcorner     12693529.787448
yllcorner     3542525.717860
cellsize      155.156523
NODATA_value  -9999.000000
[rows 56 to 83 of 181, columns 64 to 127 of 241]
-9999.000 -9999.000 63.376 70.499 49.984 50.634 50.191 47.791 38.767 -9999.000 -9999.000 -9999.000 57.417 18.929 24.226 -9999.000 20.338 16.657 16.615 15.794 20.166 -9999.000 15.394 16.619 15.449 15.031 12.573 11.449 11.422 11.276 11.082 10.875 9.622 9.599 9.568 9.539 9.515 9.445 9.429 15.179 13.539 13.491 8.867 8.823 9.443 10.295 26.589 -9999.000 -9999.000 -9999.000 7.442 4.623 1.803 0.000 0.000 2.572 2.670 2.711 2.806 2.902 2.996 3.085 3.169 3.250
39.939 39.867 39.594 48.194 49.941 37.973 47.356 38.288 35.626 38.751 73.131 -9999.000 19.672 19.649 -9999.000 -9999.000 -9999.000 20.669 15.793 15.735 -9999.000 -9999.000 13.125 15.934 12.673 11.725 11.646 11.403 11.317 11.300 12.598 14.928 17.104 18.098 16.344 15.618 25.728 -9999.000 13.116 13.565 13.477 9.713 8.930 9.221 15.102 10.365 26.455 -9999.000 -9999.000 7.989 5.823 1.763 0.000 0.000 2.506 2.620 2.726 2.809 2.892 2.975 3.056 3.133 3.207 3.278
47.316 52.898 39.576 39.276 39.242 36.428 36.372 37.060 35.479 35.419 35.042 37.776 -9999.000 -9999.000 -9999.000 -9999.000 -9999.000 -9999.000 -9999.000 14.517 14.921 13.123 13.092 13.051 13.016 11.837 11.457 11.447 12.984 13.276 16.012 15.015 21.082 -9999.000 14.260 14.151 22.284 -9999.000 13.164 13.514 12.695 9.162 9.137 9.630 25.447 -9999.000 -9999.000 8.432 8.825 6.622 2.429 0.000 2.435 2.501 2.595 2.689 2.782 2.871 2.953 3.027 3.098 3.165 3.231 3.294
54.238 48.258 47.301 39.307 45.649 37.446 35.974 35.390 35.231 35.215 34.964 39.862 -9999.000 -9999.000 14.347 14.328 14.558 -9999.000 -9999.000 13.451 13.416 13.391 13.082 13.035 12.922 11.834 11.464 11.455 11.963 11.973 17.699 15.424 15.367 14.437 14.297 14.001 13.817 13.636 15.010 14.844 9.281 9.259 9.936 14.595 23.959 -9999.000 -9999.000 8.051 7.225 2.911 2.349 0.000 2.409 2.524 2.638 2.737 2.829 2.913 2.986 3.053 3.117 3.181 3.244 3.282
46.033 39.586 39.564 39.548 39.562 39.586 36.874 36.636 35.035 34.963 34.864 -9999.000 -9999.000 -9999.000 15.425 14.303 14.283 13.762 13.750 13.403 13.167 13.144 13.120 13.074 13.035 13.167 16.039 19.850 16.047 17.725 15.576 15.444 15.025 14.533 14.064 13.817 13.648 13.558 9.950 9.415 9.316 20.826 -9999.000 20.571 -9999.000 -9999.000 -9999.000 7.471 3.925 1.686 0.000 0.000 2.380 2.509 2.665 2.784 2.869 2.936 2.998 3.061 3.127 3.193 3.418 11.251
39.638 39.609 39.580 46.501 39.587 39.579 38.133 39.052 34.949 34.888 34.759 34.616 -9999.000 14.928 15.263 15.311 13.838 14.013 13.538 13.412 13.826 14.906 15.387 14.756 13.233 13.212 13.278 16.187 16.583 16.314 16.272 15.563 15.434 15.151 13.921 13.720 13.594 12.778 10.092 9.441 16.896 -9999.000 -9999.000 -9999.000 -9999.000 58.275 4.606 4.581 2.339 2.243 0.000 2.316 2.391 2.453 2.785 2.836 2.886 2.941 3.000 3.047 3.626 6.693 7.809 52.004
39.712 39.641 39.603 39.893 39.735 50.674 47.061 61.211 44.044 43.933 34.666 34.559 14.928 14.882 15.196 13.986 13.820 13.556 13.480 16.026 16.556 16.056 14.854 15.378 17.737 13.934 13.463 13.499 13.757 16.358 16.485 17.207 16.429 15.381 13.769 13.723 13.670 18.638 -9999.000 9.468 9.491 -9999.000 -9999.000 -9999.000 -9999.000 7.453 6.143 2.297 2.232 0.000 0.000 2.280 2.421 2.525 2.801 2.837 2.884 2.938 2.981 3.114 14.029 -9999.000 -9999.000 -9999.000
40.154 39.712 39.701 39.736 58.943 -9999.000 61.088 -9999.000 -9999.000 -9999.000 -9999.000 -9999.000 16.369 14.811 14.490 13.549 13.404 13.249 13.470 -9999.000 13.785 13.787 14.772 14.828 15.406 16.414 15.639 13.555 14.045 14.111 14.178 14.620 14.911 16.277 19.306 16.273 19.023 -9999.000 -9999.000 -9999.000 10.107 17.740 -9999.000 -9999.000 -9999.000 6.194 2.348 2.244 2.142 0.000 2.207 2.289 2.357 2.712 2.753 2.808 2.868 2.931 3.516 13.697 -9999.000 -9999.000 -9999.000 -9999.000
40.234 39.763 39.737 39.768 -9999.000 -9999.000 -9999.000 -9999.000 -9999.000 -9999.000 -9999.000 -9999.000 18.285 14.577 13.646 12.781 12.798 12.905 12.912 12.919 12.952 12.958 14.717 14.764 15.432 15.619 16.061 20.674 14.684 14.237 14.342 14.754 14.781 14.822 14.853 16.282 -9999.000 -9999.000 -9999.000 -9999.000 10.154 22.740 -9999.000 -9999.000 7.233 3.755 2.261 2.142 0.000 0.000 2.174 2.325 2.437 2.707 2.746 2.796 2.840 7.511 -9999.000 -9999.000 -9999.000 -9999.000 -9999.000 -9999.000
39.890 39.817 39.778 42.829 -9999.000 -9999.000 -9999.000 -9999.000 -9999.000 -9999.000 -9999.000 -9999.000 16.955 13.738 12.729 12.751 15.509 16.321 17.495 20.550 19.445 19.504 14.669 14.716 14.742 14.814 21.382 -9999.000 22.760 14.890 14.622 14.906 14.914 14.960 14.944 15.279 -9999.000 -9999.000 -9999.000 16.503 24.547 -9999.000 -9999.000 7.107 5.960 2.272 2.207 2.107 0.000 2.113 2.189 2.249 2.612 2.653 2.711 2.949 6.064 18.681 -9999.000 -9999.000 -9999.000 -9999.000 -9999.000 71.489
39.944 39.890 39.851 42.023 -9999.000 -9999.000 -9999.000 -9999.000 -9999.000 14.881 37.684 -9999.000 14.248 12.725 12.702 12.734 -9999.000 21.433 21.373 14.384 14.353 14.552 14.612 14.702 14.725 14.852 -9999.000 -9999.000 -9999.000 17.344 21.300 17.350 16.176 16.245 15.279 15.311 15.342 15.379 15.415 16.429 -9999.000 -9999.000 8.520 3.773 3.742 2.234 2.128 2.034 0.000 2.086 2.208 2.298 2.589 2.644 2.683 7.912 -9999.000 -9999.000 -9999.000 -9999.000 -9999.000 -9999.000 -9999.000 71.441
42.341 40.800 39.904 42.031 -9999.000 -9999.000 -9999.000 -9999.000 18.806 14.856 14.547 -9999.000 21.189 12.707 12.684 12.716 -9999.000 -9999.000 -9999.000 15.079 12.833 14.497 14.694 14.484 32.908 -9999.000 -9999.000 -9999.000 -9999.000 -9999.000 -9999.000 16.308 16.238 16.312 25.317 22.709 17.421 17.259 15.823 19.875 -9999.000 -9999.000 -9999.000 7.058 4.549 2.621 2.036 0.000 0.000 2.061 2.184 2.323 2.473 2.588 4.154 12.363 -9999.000 -9999.000 18.580 -9999.000 -9999.000 -9999.000 70.935 70.911
49.823 47.464 42.637 42.945 -9999.000 -9999.000 -9999.000 -9999.000 23.830 14.544 14.511 13.164 13.700 12.623 12.669 12.628 12.808 -9999.000 -9999.000 -9999.000 12.703 12.674 13.684 13.112 -9999.000 -9999.000 -9999.000 -9999.000 -9999.000 -9999.000 -9999.000 16.537 16.812 20.079 -9999.000 -9999.000 18.548 15.873 15.844 -9999.000 -9999.000 -9999.000 6.618 7.020 6.759 6.220 3.489 0.000 2.010 2.114 2.236 2.373 2.489 3.195 6.620 10.028 10.068 10.414 18.503 -9999.000 -9999.000 -9999.000 -9999.000 68.624
51.419 51.397 60.431 62.815 -9999.000 -9999.000 -9999.000 -9999.000 15.342 14.468 14.550 13.100 12.466 12.546 12.867 12.291 12.694 -9999.000 -9999.000 -9999.000 13.122 11.976 11.958 11.987 12.011 -9999.000 -9999.000 -9999.000 -9999.000 -9999.000 -9999.000 16.684 17.815 17.884 -9999.000 -9999.000 -9999.000 15.896 15.858 27.304 -9999.000 5.828 6.590 6.645 6.714 7.085 0.000 0.000 1.989 2.054 2.375 2.465 2.519 4.745 17.544 -9999.000 10.113 17.363 -9999.000 -9999.000 -9999.000 68.454 68.397 68.541
-9999.000 73.460 -9999.000 -9999.000 -9999.000 -9999.000 -9999.000 14.499 14.456 14.421 12.704 12.356 12.406 12.473 12.705 12.268 12.291 12.400 12.333 12.260 12.236 12.211 11.943 13.576 13.995 -9999.000 -9999.000 -9999.000 -9999.000 17.482 17.427 17.391 17.444 17.516 17.579 17.975 -9999.000 -9999.000 -9999.000 -9999.000 -9999.000 5.060 5.973 6.804 6.668 6.601 0.000 6.718 5.733 4.792 2.754 2.519 3.160 10.504 -9999.000 -9999.000 -9999.000 -9999.000 -9999.000 -9999.000 68.100 68.348 68.290 68.401
-9999.000 -9999.000 -9999.000 -9999.000 -9999.000 -9999.000 14.579 14.476 15.147 12.613 12.247 12.297 12.350 12.129 12.198 12.242 26.674 12.536 12.616 12.616 13.130 14.819 11.892 11.838 13.151 -9999.000 -9999.000 -9999.000 18.014 17.990 18.484 19.286 17.515 17.623 17.765 17.992 -9999.000 58.832 53.580 44.603 3.402 3.369 4.835 4.956 6.309 0.000 0.000 6.572 5.593 6.672 6.682 3.166 7.300 -9999.000 -9999.000 -9999.000 -9999.000 -9999.000 -9999.000 -9999.000 67.967 67.989 68.095 68.217
-9999.000 -9999.000 -9999.000 -9999.000 -9999.000 54.332 14.932 14.424 12.523 12.180 12.196 12.236 12.038 12.057 12.110 31.749 -9999.000 66.323 15.426 12.573 12.640 12.728 14.799 11.716 12.654 -9999.000 -9999.000 -9999.000 25.558 18.374 19.162 19.109 17.637 17.746 17.886 18.071 18.147 -9999.000 -9999.000 26.250 4.139 2.368 -9999.000 1.959 3.399 0.000 6.358 4.967 5.334 6.839 7.655 8.612 13.973 -9999.000 -9999.000 -9999.000 -9999.000 -9999.000 -9999.000 -9999.000 67.889 67.782 67.938 68.078
-9999.000 -9999.000 -9999.000 -9999.000 -9999.000 12.474 12.450 12.401 12.149 12.139 12.146 11.974 11.968 11.976 11.999 -9999.000 -9999.000 -9999.000 17.057 12.511 12.551 12.736 13.068 11.698 11.887 -9999.000 -9999.000 -9999.000 -9999.000 20.143 19.209 17.961 17.784 17.887 18.027 18.112 24.607 -9999.000 -9999.000 4.479 4.110 2.075 1.939 1.900 1.811 0.000 3.878 3.675 5.550 6.589 8.131 -9999.000 -9999.000 -9999.000 -9999.000 -9999.000 -9999.000 -9999.000 -9999.000 -9999.000 -9999.000 63.951 67.779 67.957
-9999.000 -9999.000 -9999.000 -9999.000 -9999.000 12.764 12.231 11.948 12.114 12.095 11.926 11.912 11.893 11.886 11.956 11.993 12.040 12.095 12.316 12.344 32.830 14.773 13.349 11.679 11.755 -9999.000 -9999.000 -9999.000 -9999.000 20.461 18.397 18.149 17.965 18.050 18.198 24.610 -9999.000 -9999.000 -9999.000 3.815 2.759 1.986 1.905 1.811 0.000 1.812 1.883 3.027 5.044 6.373 6.531 6.588 -9999.000 -9999.000 -9999.000 -9999.000 -9999.000 -9999.000 -9999.000 -9999.000 -9999.000 62.366 70.286 67.942
-9999.000 -9999.000 -9999.000 -9999.000 15.723 11.969 11.945 11.924 12.077 11.881 11.877 11.857 11.821 11.794 11.875 11.961 12.052 12.148 12.270 12.307 -9999.000 21.698 13.588 11.605 11.723 -9999.000 -9999.000 -9999.000 -9999.000 19.265 18.391 18.234 18.078 18.256 18.286 -9999.000 -9999.000 -9999.000 4.780 4.062 1.976 1.907 1.826 1.739 0.000 1.793 1.502 2.028 2.067 4.105 5.510 7.330 8.704 8.756 -9999.000 -9999.000 -9999.000 -9999.000 64.098 62.289 62.119 62.269 59.881 67.802
-9999.000 -9999.000 -9999.000 -9999.000 44.342 11.955 11.928 11.897 11.860 11.814 11.832 11.806 11.762 11.723 11.795 11.898 11.964 12.159 12.246 12.272 -9999.000 21.554 13.593 11.496 11.697 -9999.000 -9999.000 -9999.000 -9999.000 55.719 31.426 32.759 32.759 18.397 25.572 -9999.000 -9999.000 -9999.000 4.562 3.116 1.903 1.824 1.732 0.000 0.000 1.373 1.447 2.003 2.074 2.132 3.652 9.694 -9999.000 -9999.000 -9999.000 -9999.000 -9999.000 -9999.000 -9999.000 69.081 61.941 63.539 59.801 59.846
-9999.000 -9999.000 -9999.000 -9999.000 72.856 12.095 12.040 11.852 11.803 11.751 11.788 11.759 11.714 11.683 11.706 11.737 38.836 13.689 12.279 12.323 -9999.000 17.825 13.509 11.469 11.672 -9999.000 -9999.000 -9999.000 -9999.000 -9999.000 -9999.000 -9999.000 -9999.000 30.088 -9999.000 -9999.000 -9999.000 29.359 4.703 1.898 1.826 1.742 1.655 0.000 1.711 1.414 1.925 2.016 2.094 2.169 3.959 11.514 -9999.000 -9999.000 -9999.000 -9999.000 -9999.000 -9999.000 -9999.000 -9999.000 61.749 59.490 59.693 59.818
-9999.000 -9999.000 -9999.000 -9999.000 22.983 12.848 11.996 11.804 11.751 11.698 11.742 11.719 11.683 11.596 37.325 34.429 -9999.000 -9999.000 15.459 12.507 11.934 11.887 11.417 11.441 11.467 -9999.000 -9999.000 -9999.000 -9999.000 -9999.000 -9999.000 -9999.000 -9999.000 -9999.000 -9999.000 -9999.000 -9999.000 3.537 3.198 1.829 1.745 1.650 0.000 0.000 1.683 1.807 1.925 2.021 2.103 2.333 5.242 -9999.000 -9999.000 -9999.000 -9999.000 -9999.000 -9999.000 -9999.000 -9999.000 -9999.000 55.898 56.670 61.785 62.122
-9999.000 -9999.000 -9999.000 50.476 11.832 15.462 12.051 11.774 11.775 11.652 11.698 11.715 11.680 11.456 -9999.000 -9999.000 71.522 -9999.000 19.854 12.157 12.089 11.639 10.918 27.349 35.397 -9999.000 -9999.000 -9999.000 -9999.000 -9999.000 -9999.000 -9999.000 -9999.000 -9999.000 -9999.000 -9999.000 5.065 4.530 2.403 1.761 1.671 1.584 0.000 1.630 1.732 1.833 1.930 2.018 2.100 3.619 6.579 -9999.000 -9999.000 -9999.000 -9999.000 -9999.000 -9999.000 -9999.000 -9999.000 -9999.000 55.032 56.091 61.646 73.148
43.178 -9999.000 57.601 22.246 11.802 11.769 11.219 10.893 11.219 11.534 11.764 11.762 11.762 11.430 51.039 62.662 11.541 11.101 11.680 12.129 11.236 10.768 10.784 -9999.000 -9999.000 -9999.000 -9999.000 -9999.000 -9999.000 -9999.000 -9999.000 -9999.000 -9999.000 -9999.000 -9999.000 -9999.000 4.813 3.927 2.056 1.689 1.585 0.000 0.000 1.607 1.720 1.826 1.919 2.007 2.089 4.861 7.489 -9999.000 -9999.000 -9999.000 -9999.000 -9999.000 -9999.000 -9999.000 -9999.000 -9999.000 54.947 54.854 54.697 56.650
12.130 11.412 11.360 11.322 12.047 11.078 10.420 10.314 10.279 10.241 10.210 10.182 10.250 10.713 10.569 10.551 10.986 10.891 10.538 10.543 10.577 10.617 42.177 -9999.000 -9999.000 -9999.000 -9999.000 -9999.000 -9999.000 -9999.000 -9999.000 -9999.000 -9999.000 -9999.000 -9999.000 42.938 4.671 2.045 1.723 1.647 1.561 0.000 1.536 1.616 1.706 1.802 1.898 1.989 2.456 5.061 11.078 -9999.000 -9999.000 -9999.000 -9999.000 -9999.000 -9999.000 -9999.000 -9999.000 -9999.000 55.639 55.762 54.605 54.671
11.475 11.374 11.292 11.208 11.097 11.004 10.940 10.769 10.769 10.494 10.182 10.153 9.942 9.580 9.509 9.446 9.460 9.438 9.563 9.677 10.989 11.059 -9999.000 -9999.000 -9999.000 -9999.000 -9999.000 -9999.000 -9999.000 -9999.000 -9999.000 -9999.000 -9999.000 -9999.000 6.354 3.762 3.732 1.975 1.657 1.581 1.509 0.000 1.241 1.540 1.645 1.759 1.870 1.970 2.909 5.510 -9999.000 -9999.000 -9999.000 -9999.000 -9999.000 -9999.000 -9999.000 -9999.000 -9999.000 53.268 53.370 61.071 54.539 54.608
12.538 14.748 14.590 11.092 10.996 10.946 10.897 10.743 10.771 10.818 10.901 11.019 9.850 9.670 9.426 9.402 9.411 9.390 11.436 12.637 11.491 32.102 -9999.000 -9999.000 -9999.000 -9999.000 -9999.000 -9999.000 -9999.000 -9999.000 -9999.000 -9999.000 -9999.000 -9999.000 5.559 3.732 2.260 1.662 1.588 1.508 0.000 0.000 0.981 1.530 1.632 1.745 1.856 1.959 3.072 6.275 -9999.000 -9999.000 -9999.000 -9999.000 -9999.000 -9999.000 -9999.000 -9999.000 53.066 53.164 53.155 53.186 54.423 73.869
