results3_8e4_norain/res_4e8_norain.inittm
ncols         241
nrows         181
xllcorner     12693529.787448
yllcorner     3542525.717860
cellsize      155.156523
NODATA_value  -9999.000000
[rows 140 to 167 of 181, columns 0 to 63 of 241]
26.080 25.997 25.923 25.927 25.979 25.936 25.836 25.733 25.638 25.342 24.361 24.363 51.326 -9999.000 67.460 25.914 28.844 25.718 24.805 24.705 24.665 24.663 24.657 24.288 23.608 23.557 23.507 22.769 20.472 20.575 20.637 20.939 24.793 30.946 29.278 22.012 21.051 21.061 -9999.000 -9999.000 -9999.000 -9999.000 28.146 28.179 28.206 28.297 -9999.000 -9999.000 -9999.000 -9999.000 -9999.000 -9999.000 -9999.000 -9999.000 9.756 1.800 0.266 0.189 0.201 0.153 0.170 0.000 0.000 0.278
25.996 25.907 25.828 25.832 25.896 25.907 25.810 25.714 25.624 25.106 23.968 23.997 28.955 -9999.000 -9999.000 45.993 24.855 24.806 24.744 24.663 24.622 24.616 24.181 23.929 23.896 26.002 24.604 19.504 19.526 22.792 26.646 30.900 30.906 24.706 21.681 20.997 21.043 21.933 49.925 -9999.000 -9999.000 38.231 28.096 29.949 33.872 47.895 -9999.000 -9999.000 -9999.000 -9999.000 -9999.000 -9999.000 -9999.000 15.150 1.763 0.238 0.159 0.164 0.126 0.000 0.000 0.000 0.245 0.273
25.922 25.828 25.747 25.746 25.818 25.877 25.789 25.696 25.610 25.076 23.797 26.216 -9999.000 -9999.000 -9999.000 -9999.000 24.971 24.941 24.674 24.616 24.568 24.111 24.142 24.391 25.950 32.075 22.666 19.255 22.429 30.859 29.936 24.056 21.863 20.888 20.897 20.989 23.017 25.380 25.427 25.482 25.556 25.613 28.071 52.242 -9999.000 -9999.000 -9999.000 -9999.000 -9999.000 -9999.000 -9999.000 -9999.000 10.636 1.702 0.210 0.143 0.104 0.000 0.000 0.000 0.196 0.226 0.256 0.281
26.055 26.065 25.674 25.671 25.746 25.829 25.773 25.678 25.593 24.872 23.679 52.251 -9999.000 -9999.000 56.228 53.437 25.809 24.907 44.406 70.398 23.589 24.079 25.263 25.908 29.323 25.824 19.221 19.235 25.222 23.557 21.573 20.701 20.714 20.767 21.379 22.991 29.250 25.432 25.500 28.056 45.229 47.506 52.180 52.143 -9999.000 -9999.000 -9999.000 50.712 51.247 -9999.000 -9999.000 15.779 1.592 0.159 0.092 0.121 0.000 0.000 0.152 0.182 0.210 0.237 0.262 0.286
24.433 24.623 24.989 25.401 26.939 26.806 26.762 26.753 29.633 25.034 23.595 29.237 60.614 49.374 25.281 25.223 28.817 24.559 26.773 50.618 23.536 26.124 26.946 27.294 25.555 18.979 18.995 46.703 57.386 20.518 20.526 20.592 21.342 22.301 25.288 30.880 27.943 25.497 46.054 -9999.000 -9999.000 -9999.000 52.137 52.023 -9999.000 76.653 51.945 49.309 50.394 -9999.000 -9999.000 3.286 0.128 0.137 0.000 0.000 0.000 0.130 0.158 0.188 0.216 0.242 0.261 0.356
24.306 24.112 23.865 23.802 23.775 23.759 23.681 23.652 23.625 23.595 23.482 25.972 25.801 25.829 25.764 24.530 24.459 24.473 22.126 21.719 23.476 31.396 26.724 25.111 18.632 18.655 21.919 24.342 21.175 20.436 21.400 22.403 24.844 27.666 25.380 28.336 27.224 25.544 48.748 -9999.000 -9999.000 76.427 52.016 51.953 50.379 46.313 46.364 49.272 -9999.000 -9999.000 7.941 0.793 0.000 0.000 0.000 0.108 0.127 0.149 0.174 0.199 0.218 0.242 1.972 4.459
25.187 32.348 -9999.000 -9999.000 -9999.000 24.481 24.781 24.736 24.688 24.262 23.394 26.488 25.747 26.406 24.828 23.318 23.111 23.059 23.003 21.653 21.117 22.609 26.551 18.275 18.299 19.270 19.322 19.365 19.791 20.424 24.534 26.718 24.753 24.831 25.314 25.363 25.404 25.460 26.943 26.993 46.436 -9999.000 -9999.000 -9999.000 47.291 40.583 46.517 51.348 -9999.000 10.100 0.749 0.000 0.000 0.096 0.108 0.125 0.145 0.165 0.186 0.203 0.248 0.479 28.234 -9999.000
25.411 42.136 -9999.000 -9999.000 -9999.000 24.947 25.915 25.811 25.677 24.740 23.356 33.397 25.653 24.086 23.483 23.350 23.856 24.945 26.051 24.782 19.831 17.790 18.011 18.034 30.979 44.060 19.361 20.002 33.772 -9999.000 64.955 24.353 24.694 24.754 24.809 33.405 58.596 74.703 55.718 27.043 30.959 76.774 76.529 -9999.000 49.243 40.480 46.279 26.927 26.627 2.553 0.000 0.106 0.067 0.102 0.118 0.138 0.156 0.174 0.189 0.207 2.544 6.434 12.727 11.256
25.329 25.242 53.429 -9999.000 -9999.000 24.985 25.448 25.557 25.567 25.222 23.329 24.695 23.714 23.543 23.511 23.815 25.864 24.852 24.894 26.024 20.338 17.599 17.697 18.414 21.095 26.304 66.733 -9999.000 -9999.000 -9999.000 -9999.000 23.969 24.692 24.728 50.278 -9999.000 -9999.000 -9999.000 52.944 29.978 74.606 -9999.000 76.191 49.256 40.304 40.156 55.585 -9999.000 39.172 2.554 0.000 0.068 0.096 0.109 0.126 0.143 0.159 0.176 0.223 0.600 19.701 -9999.000 7.551 0.553
27.094 25.181 31.125 -9999.000 -9999.000 25.038 25.382 27.378 25.472 23.431 23.308 23.340 23.335 23.517 25.594 23.705 23.788 23.878 23.974 21.371 17.532 17.586 18.254 17.920 17.966 38.738 -9999.000 -9999.000 -9999.000 -9999.000 -9999.000 23.873 24.683 24.714 66.418 -9999.000 72.906 31.273 27.408 50.220 -9999.000 -9999.000 -9999.000 -9999.000 41.376 39.911 39.227 39.154 38.759 0.000 0.000 0.078 0.095 0.113 0.128 0.143 0.159 0.172 0.632 2.134 10.888 -9999.000 4.085 1.310
22.950 23.543 43.022 -9999.000 44.097 25.769 24.995 23.219 23.056 23.115 23.287 23.302 23.223 23.403 23.485 22.581 22.663 23.793 23.234 17.470 17.512 21.683 17.640 17.891 17.924 18.211 55.695 -9999.000 -9999.000 63.147 55.698 23.817 24.618 24.696 32.545 47.662 22.564 22.982 27.336 27.403 77.003 -9999.000 -9999.000 -9999.000 51.922 59.928 53.105 7.883 2.306 0.000 0.044 0.066 0.077 0.114 0.125 0.140 0.154 0.190 3.770 10.194 6.404 6.133 1.316 1.279
22.828 22.765 23.188 42.790 22.672 22.689 22.691 21.976 22.143 22.258 22.321 23.249 23.114 23.184 22.372 22.475 22.581 22.648 17.373 17.388 23.362 21.824 17.174 17.159 19.150 18.148 17.601 23.266 20.843 16.801 18.085 22.848 30.794 30.743 20.913 18.284 19.845 54.336 -9999.000 30.392 31.714 56.480 55.263 52.063 51.991 -9999.000 65.385 3.201 0.039 0.000 0.085 0.077 0.089 0.115 0.125 0.139 0.319 0.772 6.747 52.277 23.707 22.266 1.592 1.097
22.519 22.454 22.416 22.353 22.409 22.129 21.970 21.892 24.999 25.393 -9999.000 -9999.000 22.019 22.150 22.179 22.304 23.483 22.199 17.164 18.418 26.990 22.935 17.478 16.799 16.780 16.758 16.735 16.714 16.696 16.777 16.798 17.108 17.638 19.007 18.646 18.261 54.287 -9999.000 -9999.000 -9999.000 -9999.000 -9999.000 54.919 52.108 52.056 56.047 -9999.000 3.145 0.000 0.000 0.044 0.053 0.094 0.104 0.116 0.177 0.783 1.693 1.621 1.486 2.132 1.380 1.078 1.085
-9999.000 -9999.000 22.342 22.306 22.372 24.802 25.843 21.813 34.068 -9999.000 -9999.000 -9999.000 21.767 21.963 22.039 22.151 22.322 17.137 17.148 25.416 24.269 24.167 22.932 20.156 19.486 19.480 20.857 19.693 16.459 16.696 19.697 18.979 17.667 17.698 17.731 17.944 24.989 -9999.000 -9999.000 -9999.000 -9999.000 -9999.000 59.686 53.583 -9999.000 -9999.000 21.528 0.637 0.000 0.057 0.055 0.069 0.094 0.103 0.115 0.188 0.645 4.541 3.505 1.161 1.052 0.889 0.912 1.101
-9999.000 -9999.000 -9999.000 21.378 24.776 25.841 21.811 21.684 21.018 -9999.000 -9999.000 36.655 21.689 21.841 21.930 22.033 21.478 16.950 18.496 26.565 24.166 24.044 23.906 24.311 24.292 24.297 25.342 21.357 16.295 18.734 -9999.000 -9999.000 -9999.000 18.733 17.886 20.150 20.189 23.922 67.344 67.285 -9999.000 -9999.000 59.839 75.744 -9999.000 -9999.000 4.705 0.000 0.000 0.039 0.045 0.090 0.099 0.110 0.121 0.132 0.473 4.328 2.499 1.104 1.186 0.885 0.903 1.291
22.923 32.874 -9999.000 21.333 21.376 21.436 23.203 18.873 18.888 36.227 42.008 21.445 21.588 21.716 21.835 21.942 16.907 16.927 24.767 23.387 24.249 25.003 23.748 23.823 23.723 23.825 24.297 20.506 16.251 16.851 -9999.000 -9999.000 47.480 19.284 17.912 22.569 34.727 -9999.000 -9999.000 67.217 67.157 63.254 59.960 -9999.000 -9999.000 29.348 0.719 0.000 0.044 0.046 0.058 0.082 0.091 0.102 0.114 0.125 0.300 0.762 0.780 0.797 0.943 0.864 0.856 0.934
20.923 21.643 32.919 21.283 21.706 -9999.000 18.685 18.675 20.988 21.041 21.122 21.398 21.470 21.587 21.737 20.571 16.629 19.029 23.579 23.318 23.351 23.384 23.618 24.896 23.620 24.218 22.713 16.232 16.240 19.806 26.653 49.913 21.389 21.320 -9999.000 -9999.000 -9999.000 -9999.000 -9999.000 -9999.000 -9999.000 -9999.000 -9999.000 -9999.000 21.493 0.979 0.043 0.000 0.042 0.051 0.064 0.077 0.089 0.100 0.111 0.121 0.292 1.628 1.932 0.874 1.267 0.866 0.851 1.186
20.804 20.905 21.043 21.185 21.263 32.930 18.868 18.456 20.312 21.594 21.397 21.454 21.530 21.626 22.579 16.598 16.612 24.046 23.020 23.067 24.765 -9999.000 19.982 19.938 22.987 24.141 16.657 16.039 16.618 23.949 24.050 23.953 22.628 21.381 -9999.000 -9999.000 -9999.000 -9999.000 -9999.000 -9999.000 -9999.000 -9999.000 -9999.000 -9999.000 5.494 0.041 0.000 0.000 0.040 0.048 0.061 0.074 0.085 0.096 0.108 0.130 0.563 0.580 0.594 0.606 0.646 0.656 0.666 0.765
20.719 20.804 20.940 21.138 21.174 21.073 20.989 18.446 18.133 20.274 21.543 21.532 21.611 23.358 19.356 16.457 19.308 22.493 22.578 23.587 -9999.000 -9999.000 20.568 19.894 18.079 18.019 15.944 16.024 23.159 24.231 23.972 22.653 21.551 21.451 -9999.000 -9999.000 -9999.000 -9999.000 -9999.000 -9999.000 -9999.000 -9999.000 -9999.000 -9999.000 3.706 0.018 0.000 0.037 0.044 0.052 0.062 0.072 0.082 0.093 0.104 0.116 0.476 0.654 0.667 0.689 0.724 0.757 0.811 0.851
20.661 20.697 20.756 21.130 21.181 21.127 21.048 20.973 18.122 17.605 20.243 24.454 24.496 16.914 16.159 16.444 24.733 21.686 27.457 -9999.000 -9999.000 35.092 22.749 22.934 20.379 15.811 15.838 16.807 19.626 23.145 45.791 -9999.000 21.592 23.012 -9999.000 -9999.000 -9999.000 -9999.000 -9999.000 -9999.000 -9999.000 -9999.000 -9999.000 -9999.000 8.285 0.000 0.000 0.036 0.043 0.051 0.060 0.070 0.079 0.090 0.101 0.111 0.181 0.476 0.711 0.788 0.791 0.794 0.796 0.825
20.356 -9999.000 -9999.000 21.074 21.126 22.140 22.189 24.019 24.099 17.576 16.223 16.416 15.321 15.407 16.134 23.179 19.617 19.681 34.424 -9999.000 -9999.000 21.914 22.611 21.771 15.669 15.678 18.832 22.296 19.700 19.740 21.430 -9999.000 52.697 23.971 -9999.000 -9999.000 -9999.000 -9999.000 -9999.000 -9999.000 -9999.000 -9999.000 -9999.000 -9999.000 23.744 0.000 0.014 0.035 0.042 0.049 0.058 0.067 0.077 0.087 0.098 0.110 0.120 0.143 0.168 0.198 0.215 0.228 0.234 1.819
20.299 20.812 -9999.000 20.995 17.629 16.957 16.719 16.466 16.006 15.591 15.460 15.317 15.258 20.971 15.839 14.998 15.012 15.030 15.160 19.756 -9999.000 21.852 23.479 19.455 15.536 15.803 23.399 24.009 23.144 21.430 31.093 -9999.000 -9999.000 -9999.000 -9999.000 -9999.000 -9999.000 -9999.000 -9999.000 -9999.000 -9999.000 -9999.000 44.885 37.143 37.026 0.000 0.011 0.021 0.039 0.045 0.054 0.064 0.074 0.085 0.096 0.107 0.119 0.133 0.147 0.160 0.172 0.183 1.671 62.743
20.241 20.277 22.004 19.819 17.023 16.992 17.624 19.254 19.448 20.492 16.159 16.101 14.793 14.978 14.877 14.989 15.560 15.593 15.171 15.184 15.307 15.319 15.945 15.511 15.521 19.532 23.865 23.531 23.636 23.997 23.985 23.607 27.702 -9999.000 39.411 41.701 -9999.000 -9999.000 -9999.000 -9999.000 -9999.000 -9999.000 0.381 0.514 0.000 0.000 0.017 0.022 0.039 0.045 0.054 0.063 0.072 0.083 0.094 0.105 0.117 0.130 0.144 0.155 0.166 1.618 31.297 -9999.000
19.882 -9999.000 23.530 19.706 19.711 19.725 20.486 19.965 19.999 20.806 17.134 18.179 14.753 14.497 14.866 20.662 20.731 20.794 20.548 19.106 15.760 15.331 15.343 15.389 15.662 23.074 23.229 23.391 23.531 23.656 23.598 22.753 26.065 -9999.000 39.292 -9999.000 -9999.000 -9999.000 -9999.000 -9999.000 -9999.000 43.205 0.020 0.010 0.000 0.013 0.025 0.031 0.039 0.046 0.054 0.062 0.071 0.081 0.092 0.103 0.115 0.128 0.139 0.442 6.234 69.374 -9999.000 -9999.000
19.561 -9999.000 23.291 19.593 19.590 19.598 19.664 19.748 -9999.000 21.263 19.640 14.681 14.706 14.473 14.497 15.248 21.510 21.363 21.262 21.352 21.093 21.020 20.774 20.783 20.707 21.589 24.297 24.411 23.940 23.718 22.672 22.688 27.689 43.157 39.183 -9999.000 -9999.000 -9999.000 -9999.000 -9999.000 -9999.000 27.027 0.016 0.000 0.000 0.016 0.022 0.030 0.038 0.045 0.053 0.061 0.070 0.080 0.090 0.102 0.114 0.127 0.137 2.698 -9999.000 -9999.000 -9999.000 -9999.000
19.495 20.272 19.484 19.478 19.474 19.476 19.549 19.600 -9999.000 21.280 21.352 14.214 13.991 14.451 17.612 15.320 15.378 16.117 18.767 22.457 21.031 21.027 21.032 20.775 20.647 20.691 20.731 20.951 21.790 23.361 21.913 -9999.000 27.769 28.992 30.828 -9999.000 -9999.000 -9999.000 -9999.000 -9999.000 -9999.000 0.186 0.010 0.000 0.012 0.016 0.021 0.034 0.038 0.044 0.051 0.060 0.069 0.079 0.089 0.101 0.113 0.123 0.948 -9999.000 -9999.000 -9999.000 -9999.000 -9999.000
19.382 19.380 19.376 19.370 19.367 19.367 19.451 19.553 21.174 17.211 14.158 13.931 13.983 17.461 17.511 17.803 18.062 16.307 16.327 16.348 16.626 18.800 22.572 21.058 20.584 20.678 -9999.000 -9999.000 21.812 21.832 21.866 -9999.000 -9999.000 29.018 -9999.000 -9999.000 -9999.000 -9999.000 -9999.000 -9999.000 14.844 0.016 0.008 0.000 0.010 0.014 0.019 0.031 0.036 0.043 0.050 0.059 0.068 0.078 0.089 0.100 0.109 0.613 32.173 -9999.000 -9999.000 -9999.000 -9999.000 -9999.000
13.634 13.615 13.601 14.037 14.894 17.601 19.365 18.515 14.016 13.680 13.699 13.922 17.362 17.346 17.427 17.468 -9999.000 -9999.000 18.653 18.685 16.926 16.951 16.978 17.424 18.973 28.581 -9999.000 -9999.000 23.384 21.852 23.586 -9999.000 -9999.000 -9999.000 -9999.000 -9999.000 -9999.000 -9999.000 -9999.000 -9999.000 7.592 0.011 0.000 0.000 0.009 0.013 0.019 0.025 0.032 0.040 0.049 0.058 0.067 0.077 0.088 0.097 0.506 58.306 -9999.000 -9999.000 -9999.000 -9999.000 -9999.000 -9999.000
