results3_8e4_norain/res_4e8_norain-0011.wd
ncols         241
nrows         181
xllcorner     12693529.787448
yllcorner     3542525.717860
cellsize      155.156523
NODATA_value  -9999.000000
[rows 136 to 169 of 181, columns 0 to 74 of 241]
2.532 2.529 2.523 2.518 2.527 2.529 2.491 1.477 1.463 4.446 10.421 9.412 5.413 1.436 1.456 1.484 2.545 2.562 2.562 2.539 1.542 0.556 2.568 8.570 15.572 24.588 32.599 28.604 17.605 5.604 1.600 6.592 14.579 0.000 0.000 0.000 0.000 0.000 0.000 11.426 0.000 0.000 3.312 35.324 37.326 16.326 19.330 18.340 6.344 0.000 0.000 0.000 0.000 0.000 0.000 0.000 0.000 0.000 0.000 0.000 0.000 0.000 55.171 61.090 57.054 58.189 56.143 87.950 87.808 87.658 54.822 57.572 59.408 61.065 11.037
2.584 2.582 2.580 2.578 2.579 2.577 2.567 2.571 2.562 2.538 1.528 1.520 1.516 2.524 2.533 2.550 2.573 2.590 2.595 2.593 2.617 2.636 2.625 1.623 0.618 1.620 5.621 3.619 2.615 6.608 9.599 8.586 6.569 8.546 8.526 5.510 5.498 9.491 0.000 0.000 0.000 0.000 21.310 35.313 15.313 8.313 7.316 0.000 0.000 0.000 0.000 0.000 0.000 0.000 0.000 0.000 0.000 2.922 17.902 0.000 1.554 64.416 71.347 69.393 67.355 68.418 88.214 88.085 69.145 75.914 68.744 74.488 66.256 45.196 0.000
2.639 2.638 2.637 2.636 2.635 2.634 2.630 2.629 2.624 2.616 2.616 2.602 2.577 2.562 2.566 2.583 2.608 2.633 2.635 1.632 8.666 10.677 2.675 1.673 0.663 1.653 3.647 6.640 9.630 8.618 3.603 4.587 11.568 14.546 10.526 4.509 1.495 10.487 0.000 0.000 0.000 16.306 25.316 12.316 4.311 24.308 0.000 0.000 0.000 0.000 0.000 0.000 0.000 0.000 0.000 0.000 12.990 54.943 83.884 44.783 77.617 85.725 82.650 81.717 88.579 88.462 88.341 81.268 83.120 82.803 81.656 80.600 0.000 0.000 0.000
2.696 2.696 2.695 2.695 2.694 2.693 2.693 2.693 2.691 2.686 5.678 5.656 3.606 7.584 5.586 2.609 2.644 2.700 1.714 0.000 10.735 18.733 4.727 1.722 3.718 6.696 8.679 7.665 4.649 6.632 11.613 13.593 14.572 14.547 9.525 3.507 12.491 31.481 0.000 0.000 0.000 0.000 13.345 10.334 14.318 34.310 0.000 0.000 0.000 0.000 0.000 0.000 0.000 0.000 0.000 11.097 63.041 78.974 81.885 86.853 83.981 80.946 88.903 88.800 88.692 80.634 81.392 82.240 81.903 81.863 74.788 51.694 0.000 0.000 0.000
2.755 2.755 2.755 2.754 2.754 2.754 2.756 2.759 2.762 3.762 10.755 10.741 0.000 0.000 0.000 6.626 0.778 3.810 9.824 12.836 12.808 8.793 4.780 5.768 8.749 7.726 6.710 8.693 12.673 12.649 14.628 13.601 4.585 0.000 1.525 14.505 33.484 43.470 0.000 0.000 0.000 0.000 21.394 23.366 30.330 29.314 0.000 0.000 0.000 0.000 0.000 0.000 0.000 0.000 15.220 59.162 81.070 84.069 83.136 83.117 82.188 89.102 89.004 80.894 81.661 82.492 82.257 82.094 82.037 73.961 65.914 0.000 0.000 0.000 0.000
2.815 2.815 2.816 2.815 2.814 2.815 2.819 2.827 2.836 4.845 13.839 24.814 0.810 0.000 0.000 0.000 17.958 9.918 7.890 7.878 5.869 4.854 6.834 8.813 6.787 2.752 4.745 16.727 18.703 8.667 2.650 0.000 0.000 4.581 18.548 34.512 31.476 15.447 0.000 0.000 0.000 0.000 21.481 3.419 0.000 0.000 0.000 0.000 0.000 0.000 0.000 0.000 0.000 8.350 59.284 81.180 83.355 82.334 82.429 89.390 89.296 89.200 80.983 82.821 82.504 82.353 82.279 82.193 76.107 63.037 52.996 0.000 0.000 0.000 0.000
2.875 2.876 2.879 2.878 2.872 2.873 2.881 2.894 2.913 4.943 14.943 1.880 0.000 0.000 0.000 0.000 14.026 6.014 7.940 6.919 4.939 7.921 8.892 5.866 2.835 0.000 8.793 22.767 9.748 0.000 0.698 5.699 15.670 26.618 37.572 30.522 8.466 3.398 22.287 29.166 29.983 33.808 8.640 0.000 0.000 0.000 0.000 0.000 0.000 0.000 0.000 0.000 13.474 59.394 81.389 83.556 82.570 89.656 89.570 89.482 81.314 82.070 82.912 82.576 82.530 82.447 82.356 83.257 71.172 42.082 31.039 0.000 0.000 0.000 0.000
1.959 1.954 2.949 2.945 2.926 2.927 2.937 2.955 2.982 6.073 16.099 0.000 0.000 0.000 0.000 0.000 3.108 5.175 0.000 0.000 13.050 7.999 3.949 2.925 0.936 2.934 18.870 21.804 3.777 6.780 18.762 27.730 36.697 34.651 22.605 8.543 1.473 17.397 21.304 9.232 0.000 0.000 0.000 0.000 0.000 0.000 0.000 0.000 0.000 0.000 0.000 7.579 59.585 82.670 83.681 81.781 89.826 89.742 81.545 82.312 83.140 82.906 82.742 82.682 82.597 82.523 85.440 49.313 29.242 0.000 0.000 0.000 0.000 0.000 0.000
11.048 9.027 6.018 4.030 1.105 1.179 1.220 1.241 0.296 5.269 17.283 0.468 0.000 0.000 7.711 3.702 0.546 6.403 1.498 0.000 8.213 2.112 1.111 1.091 3.060 16.998 24.951 0.000 0.000 32.805 37.788 32.766 21.741 11.686 3.657 0.000 10.483 22.457 0.000 0.000 0.000 0.000 0.000 0.000 0.000 0.000 0.000 0.000 0.000 0.000 0.000 39.837 81.872 80.989 90.080 89.996 89.911 81.617 83.449 83.134 82.983 82.907 84.817 79.729 81.663 82.608 93.570 0.000 0.000 0.000 0.000 0.000 0.000 0.000 0.000
12.137 14.076 20.066 21.106 21.223 18.374 19.441 18.475 17.494 17.451 19.474 2.581 6.670 5.712 2.722 5.709 5.665 4.582 9.582 11.558 5.459 0.000 1.284 3.243 17.137 22.050 10.987 4.947 13.900 36.848 19.823 10.807 2.816 0.778 2.683 1.610 15.522 24.495 0.000 0.000 0.000 0.000 0.000 0.000 0.000 0.000 0.000 0.000 0.000 0.000 18.065 60.121 90.324 90.244 90.163 81.925 82.683 83.527 83.193 83.146 84.059 83.965 56.855 34.767 69.715 83.679 88.663 28.688 0.000 0.000 0.000 0.000 0.000 0.000 0.000
5.288 0.000 0.000 0.000 0.000 10.511 7.534 7.553 7.567 11.567 20.583 1.614 2.720 1.746 4.756 8.747 9.718 7.679 6.649 9.633 10.609 7.631 1.516 18.368 24.195 15.082 21.001 37.955 34.907 16.868 4.851 0.907 2.914 2.904 1.791 6.615 22.548 24.510 16.492 19.478 0.000 0.000 0.000 0.000 0.000 0.000 0.000 0.000 0.000 13.122 61.265 90.483 90.405 82.142 82.904 83.735 83.508 83.350 83.290 84.199 82.116 76.039 0.961 0.000 51.754 86.730 83.714 82.714 0.000 0.000 0.000 0.000 0.000 0.000 0.000
3.440 0.000 0.000 0.000 0.000 6.625 2.633 2.639 2.655 6.668 20.682 0.000 2.800 6.813 8.813 9.805 6.783 3.768 1.748 3.719 13.713 26.708 21.684 22.616 0.000 0.000 44.984 30.969 0.000 0.000 0.000 6.076 3.025 2.985 4.912 0.000 0.000 0.000 0.000 23.469 0.000 0.000 0.000 0.000 0.000 0.000 0.000 1.287 1.296 39.321 90.607 81.406 85.100 83.949 83.724 83.572 83.503 83.422 84.335 84.253 49.170 25.057 10.964 13.894 64.817 85.775 81.751 72.741 0.000 0.000 0.000 0.000 0.000 0.000 0.000
3.594 3.721 0.000 0.000 0.000 7.733 3.734 3.714 2.749 3.768 18.796 5.857 8.867 10.877 9.877 4.879 1.873 2.862 2.858 1.836 11.816 34.806 30.797 17.797 10.866 1.865 0.000 0.000 0.000 0.000 0.000 8.161 3.128 5.101 0.000 0.000 0.000 0.000 0.000 2.465 0.000 0.000 0.000 0.000 0.000 0.000 0.000 0.000 0.000 38.657 90.760 84.293 84.000 83.781 83.721 83.639 83.552 83.467 81.384 72.309 5.254 0.000 21.943 80.901 85.847 83.804 77.774 67.759 0.000 0.000 0.000 0.000 0.000 0.000 0.000
0.850 2.850 0.000 0.000 0.000 7.840 2.858 0.865 2.858 6.862 10.878 9.910 9.934 7.952 1.961 2.964 2.965 3.951 3.941 8.932 26.911 25.902 18.901 27.911 25.937 0.000 0.000 0.000 0.000 0.000 0.000 8.280 3.227 6.192 0.000 0.000 0.000 0.000 10.689 0.000 0.000 0.000 0.000 0.000 0.000 0.000 0.000 0.000 0.000 91.196 90.979 83.223 84.000 83.854 83.771 83.684 83.598 85.512 70.428 53.344 13.285 0.000 36.964 66.921 75.868 84.820 73.784 62.762 0.000 0.000 0.000 0.000 0.000 0.000 0.000
8.006 5.979 0.000 0.000 0.000 2.009 3.998 8.008 8.962 9.943 7.945 8.971 7.010 3.036 3.053 4.051 4.047 3.036 5.024 28.010 26.994 8.993 21.997 20.009 24.036 22.086 0.000 0.000 0.000 0.000 0.000 4.454 3.310 3.250 0.000 0.000 7.879 6.839 0.237 10.863 0.000 0.000 0.000 0.000 0.000 0.000 0.000 18.541 42.829 91.349 85.653 85.291 84.980 83.913 83.821 83.732 84.644 82.558 37.470 14.357 26.256 27.148 81.031 82.951 62.883 72.825 67.779 40.745 5.720 0.000 0.000 0.000 0.000 0.000 0.000
9.062 10.082 7.154 0.000 9.239 9.174 9.119 10.092 10.039 11.005 22.990 5.020 3.099 3.131 4.143 4.142 4.135 5.124 19.109 30.091 5.064 9.078 36.085 28.095 16.112 19.136 22.158 6.148 11.109 26.042 18.937 6.774 0.000 0.000 10.978 26.963 13.921 0.000 0.000 0.817 0.000 0.000 0.000 0.000 0.000 0.000 0.000 33.699 85.969 91.450 82.618 85.187 86.059 83.964 83.871 83.780 76.690 66.606 23.540 0.000 3.237 4.158 65.060 106.971 87.890 63.820 55.763 34.721 43.696 0.000 0.000 0.000 0.000 0.000 0.000
14.098 14.135 10.226 10.307 10.305 11.268 11.214 7.202 4.097 3.051 0.000 0.000 7.238 4.245 4.246 4.240 3.229 6.215 30.199 16.182 1.178 7.171 24.171 41.175 36.183 33.191 31.192 27.176 23.139 22.079 29.998 26.933 20.972 16.993 19.995 23.991 0.000 0.000 0.000 0.000 0.000 0.000 0.000 0.000 0.000 0.000 0.000 32.921 91.659 91.553 85.524 87.280 84.110 84.018 84.921 80.826 64.731 57.638 63.544 69.431 53.297 75.188 90.082 106.982 115.888 99.804 61.732 66.679 41.649 0.000 0.000 0.000 0.000 0.000 0.000
0.000 0.000 14.308 9.392 9.407 4.378 1.404 3.406 0.000 0.000 0.000 0.000 8.371 4.366 4.357 4.344 4.328 22.310 29.290 2.265 4.281 4.261 7.254 13.253 15.253 15.252 11.245 14.227 30.194 23.140 14.042 16.988 23.991 28.015 31.017 28.015 3.020 0.000 0.000 0.000 0.000 0.000 0.000 0.000 0.000 0.000 3.214 63.180 91.767 82.965 86.571 86.252 84.173 84.070 84.971 79.871 66.772 32.672 39.567 82.454 93.333 125.215 116.100 87.987 75.878 92.775 71.685 65.614 40.573 0.000 0.000 0.000 0.000 0.000 1.812
0.000 0.000 0.000 18.545 3.553 1.574 3.615 3.613 4.691 0.000 0.000 0.000 5.510 4.493 4.472 4.451 6.429 30.407 15.387 1.370 4.352 4.338 4.333 3.330 3.327 3.321 2.310 9.293 38.270 17.248 0.000 0.000 0.000 19.058 29.045 13.034 18.026 5.025 0.000 0.000 0.000 0.000 0.000 0.000 0.000 0.000 21.230 91.996 91.879 85.827 87.480 83.327 84.225 84.123 84.021 83.918 70.815 33.710 48.601 85.486 81.365 115.242 110.117 78.989 83.861 69.736 50.620 68.522 46.456 0.000 0.000 0.000 0.000 0.000 0.817
3.140 0.000 0.000 10.692 20.690 21.678 2.720 14.740 21.770 0.000 0.000 5.755 4.668 4.622 4.590 4.560 23.531 27.503 2.477 4.461 3.426 2.408 4.409 4.408 4.404 4.395 3.382 11.365 40.347 21.333 0.000 0.000 0.000 16.115 29.070 8.052 0.000 0.000 0.000 0.000 0.000 0.000 0.000 0.000 0.000 0.309 62.376 92.117 83.185 86.784 86.471 84.386 84.279 84.175 84.071 84.967 75.861 64.753 87.641 112.524 100.401 117.272 114.136 107.993 114.843 80.688 57.537 67.399 75.274 4.130 0.000 0.000 0.000 0.000 1.827
5.141 4.135 0.000 4.843 3.836 0.000 25.846 17.857 4.880 5.922 5.910 4.844 4.784 4.741 4.704 7.670 30.634 13.597 3.557 4.521 10.485 18.460 4.488 2.492 4.486 3.474 6.458 30.440 38.421 13.406 1.414 0.000 11.264 10.219 0.000 0.000 0.000 0.000 0.000 0.000 0.000 0.000 0.000 0.000 3.254 60.368 82.539 92.240 84.127 84.683 84.544 84.439 84.333 84.229 84.124 85.018 75.911 58.801 54.687 87.568 77.443 91.309 94.165 82.006 83.829 55.636 32.442 46.265 113.112 65.986 0.810 0.000 11.902 32.862 69.833
5.148 5.130 5.084 5.001 4.977 0.000 14.963 30.964 6.970 3.978 4.964 4.926 4.886 4.852 3.819 26.782 28.739 2.694 4.633 5.582 2.533 0.000 23.591 18.587 5.575 3.559 21.539 40.516 24.491 4.461 4.422 5.371 8.310 12.278 0.000 0.000 0.000 0.000 0.000 0.000 0.000 0.000 0.000 0.000 26.383 83.558 92.500 92.368 84.034 84.771 84.595 84.494 84.388 84.283 84.178 83.072 67.964 69.854 89.740 108.621 107.494 112.358 117.208 104.037 101.834 88.587 37.330 35.109 110.922 74.748 12.496 5.219 69.943 102.853 121.822
5.175 5.152 5.124 5.099 5.095 5.120 5.080 16.065 31.061 7.058 4.043 5.011 4.982 2.964 10.937 31.902 11.847 3.808 5.702 3.641 0.000 0.000 11.701 12.689 18.670 17.647 25.622 24.596 5.566 3.525 5.442 8.380 13.329 13.306 0.000 0.000 0.000 0.000 0.000 0.000 0.000 0.000 0.000 0.000 34.654 88.837 92.638 83.495 85.067 84.744 84.658 84.548 84.443 84.338 84.233 84.128 70.021 65.912 86.799 87.681 87.556 90.422 90.274 89.101 93.883 66.550 42.182 56.921 71.721 10.587 0.000 0.000 13.800 39.785 61.788
5.226 7.179 7.160 5.179 5.183 5.186 5.172 5.157 16.151 31.149 7.141 2.128 2.109 19.086 31.064 25.042 2.021 4.991 0.872 0.000 0.000 0.000 4.823 4.799 10.770 27.739 27.709 20.680 13.653 5.633 0.000 0.000 27.320 7.312 0.000 0.000 0.000 0.000 0.000 0.000 0.000 0.000 0.000 0.000 8.140 92.935 92.782 84.349 84.977 84.818 84.710 84.603 84.498 84.393 84.290 85.186 80.081 69.974 64.864 63.749 63.629 63.501 63.364 67.213 41.048 0.000 9.928 65.674 61.453 22.295 0.000 0.000 12.672 58.702 36.744
6.324 0.000 0.000 5.274 4.274 3.271 3.264 2.259 2.253 15.247 30.243 23.242 30.231 32.207 19.191 3.181 10.186 10.168 0.000 0.000 0.000 9.054 4.969 6.916 30.872 37.831 15.794 6.762 13.736 20.721 8.720 0.000 0.000 5.311 0.000 0.000 0.000 0.000 0.000 0.000 0.000 0.000 0.000 0.000 0.938 93.092 89.742 85.291 84.968 84.874 84.763 84.656 84.552 84.450 84.348 84.246 85.144 84.040 81.933 80.824 80.710 81.592 83.468 57.340 0.000 0.000 0.000 50.397 81.122 71.847 44.510 20.416 37.516 40.608 0.000
5.423 4.454 0.000 4.371 15.366 19.361 23.355 28.351 31.346 32.344 32.344 32.342 18.335 5.323 21.312 38.307 39.312 39.329 32.402 10.424 0.000 6.139 4.084 13.026 40.971 27.921 4.876 3.838 5.810 8.794 0.000 0.000 0.000 0.000 0.000 0.000 0.000 0.000 0.000 0.000 0.000 0.000 0.000 0.000 0.000 93.212 93.685 89.189 85.036 84.922 84.813 84.708 84.606 84.506 84.407 84.308 84.209 84.109 84.007 83.903 84.797 87.688 59.578 0.000 0.000 0.000 0.000 0.000 50.791 81.462 72.268 48.224 25.369 0.000 0.000
5.492 7.485 3.509 5.474 20.460 19.452 15.445 11.438 10.431 6.441 27.447 17.448 28.445 19.437 35.430 31.424 24.425 25.435 36.454 42.447 31.398 32.281 24.202 32.132 40.067 13.007 3.951 4.905 4.871 3.854 3.860 5.855 0.842 0.000 0.000 0.000 0.000 0.000 0.000 0.000 0.000 0.000 64.689 62.007 93.304 93.269 87.564 88.260 85.072 84.966 84.859 84.757 84.658 84.561 84.466 84.372 84.277 84.181 84.084 85.986 90.887 59.787 0.000 0.000 0.000 0.000 0.000 0.000 0.000 41.943 76.877 26.843 0.000 0.000 0.000
7.569 0.000 2.570 5.557 5.548 5.542 4.537 5.527 7.499 5.541 17.556 12.560 21.559 32.553 20.545 5.536 6.531 7.532 8.532 13.513 26.466 36.388 42.310 40.234 29.160 5.088 5.019 4.961 4.917 4.889 5.873 28.854 1.831 0.000 0.000 0.000 0.000 0.000 0.000 0.000 0.000 0.000 84.849 87.168 93.323 85.982 85.531 85.206 85.115 85.005 84.903 84.804 84.709 84.617 84.526 84.436 84.346 84.255 86.163 71.071 24.979 0.000 0.000 0.000 0.000 0.000 0.000 0.000 0.000 12.491 74.457 26.430 0.000 0.000 0.000
8.648 0.000 2.643 5.637 5.633 5.633 5.633 6.634 0.000 4.669 8.675 19.679 19.678 27.672 32.660 18.645 3.633 3.630 3.629 5.610 7.564 8.496 9.417 9.336 8.253 7.166 3.076 3.003 3.949 4.914 15.890 29.857 0.581 0.000 0.000 0.000 0.000 0.000 0.000 0.000 0.000 0.921 84.019 93.340 93.330 84.791 85.409 85.250 85.144 85.041 84.943 84.849 84.759 84.671 84.586 84.501 84.417 84.331 89.244 45.157 0.000 0.000 0.000 0.000 0.000 0.000 0.000 0.000 0.000 15.076 75.032 33.990 0.000 0.000 0.000
5.726 4.746 5.723 5.716 5.717 5.722 5.731 7.741 0.000 3.792 3.797 25.803 38.804 21.798 7.780 22.752 31.727 23.727 12.746 2.733 3.686 3.614 5.529 5.440 5.350 14.247 27.116 26.027 13.962 7.930 24.914 0.000 6.067 2.032 0.000 0.000 0.000 0.000 0.000 0.000 0.000 65.869 86.173 93.353 84.112 86.675 90.362 85.275 85.170 85.072 84.979 84.891 84.806 84.724 84.645 84.568 84.490 86.408 62.326 0.000 0.000 0.000 0.000 0.000 0.000 0.000 0.000 0.000 0.000 11.706 74.605 56.512 0.000 0.000 0.000
5.785 5.791 5.787 5.789 5.796 5.809 5.829 5.860 3.920 11.911 26.919 41.931 37.939 6.936 5.911 5.855 9.796 20.806 26.895 31.891 22.833 12.746 2.644 3.548 4.459 4.359 0.000 0.000 14.943 24.932 24.924 0.000 0.000 19.015 0.000 0.000 0.000 0.000 0.000 0.000 7.863 82.045 85.335 93.369 85.000 86.534 87.393 85.290 85.192 85.100 85.012 84.929 84.851 84.776 84.704 84.635 87.568 66.488 0.000 0.000 0.000 0.000 0.000 0.000 0.000 0.000 0.000 0.000 0.000 9.438 71.172 70.942 38.577 0.000 0.000
41.840 41.844 38.848 25.856 16.869 8.889 5.916 7.950 26.990 41.014 43.039 31.064 11.086 6.096 6.073 8.964 0.000 0.000 7.140 8.103 18.012 26.892 31.756 22.648 11.581 0.557 0.000 0.000 7.935 31.931 5.927 0.000 0.000 0.000 0.000 0.000 0.000 0.000 0.000 0.000 17.939 82.198 93.408 93.387 84.849 85.571 85.395 85.302 85.209 85.123 85.042 84.965 84.893 84.824 84.760 87.703 68.659 0.000 0.000 0.000 0.000 0.000 0.000 0.000 0.000 0.000 0.000 17.621 0.000 0.000 35.705 75.508 54.214 26.825 23.556
27.893 27.897 33.905 40.918 41.938 41.964 39.996 42.035 43.077 31.117 16.158 7.201 6.245 6.288 7.323 0.000 0.000 0.000 4.423 13.369 6.221 7.055 10.840 21.709 31.640 32.630 0.000 0.000 24.932 25.930 2.927 0.000 0.000 0.000 0.000 0.000 0.000 0.000 0.000 0.000 20.081 83.431 93.433 86.246 87.805 87.484 87.404 87.308 87.222 87.142 87.067 86.997 86.932 86.870 88.811 72.757 4.708 0.000 0.000 0.000 0.000 0.000 0.000 0.000 0.000 7.472 54.542 63.623 44.678 0.000 3.438 75.172 61.948 40.709 41.504
5.941 5.947 4.958 11.975 35.000 42.032 36.071 26.117 15.167 7.220 6.276 6.337 6.406 6.490 6.609 4.832 8.944 0.000 5.759 4.730 2.646 3.269 0.000 0.000 0.000 0.000 0.000 0.000 0.000 0.000 8.926 17.925 0.000 0.000 0.000 0.000 0.000 0.000 0.000 0.000 59.203 93.493 93.461 66.024 62.646 62.490 62.395 62.307 63.228 63.155 63.089 63.026 62.968 64.912 55.859 2.808 0.000 0.000 0.000 0.000 0.000 0.000 0.000 0.000 52.338 45.405 47.533 79.654 75.734 31.799 0.000 63.798 64.697 41.559 38.420
