results3_8e4_norain/res_4e8_norain-0011.wd
ncols         241
nrows         181
xllcorner     12693529.787448
yllcorner     3542525.717860
cellsize      155.156523
NODATA_value  -9999.000000
[rows 34 to 67 of 181, columns 75 to 149 of 241]
0.000 0.000 0.000 0.000 0.000 0.000 0.000 0.000 0.000 0.000 0.000 0.000 0.000 0.000 0.000 0.000 0.000 0.000 0.000 0.000 0.000 0.000 0.000 0.000 0.000 0.000 0.000 0.000 0.000 0.000 0.000 0.000 0.000 0.000 0.000 0.000 0.000 0.000 0.000 0.000 0.000 0.000 0.000 0.000 0.000 0.000 0.000 0.000 21.148 20.292 10.397 6.503 6.620 6.748 6.879 5.986 28.002 25.792 0.000 14.124 26.990 40.709 45.507 45.315 45.142 44.883 46.158 42.364 41.720 42.313 44.818 44.264 44.236 44.126 45.036
0.000 0.000 0.000 0.000 0.000 0.000 0.000 0.000 0.000 0.000 0.000 0.000 0.000 0.000 0.000 0.000 0.000 30.284 0.000 0.000 0.000 0.000 0.000 0.000 0.000 0.000 0.000 0.000 0.000 0.000 0.000 0.000 0.000 0.000 0.000 0.000 0.000 0.000 0.000 0.000 0.000 0.000 0.000 0.000 0.000 0.000 0.000 0.000 0.000 17.496 17.562 8.664 6.799 6.969 5.177 21.405 30.577 0.000 0.000 24.258 39.138 45.940 45.734 45.545 45.268 47.528 43.711 41.874 42.662 45.187 44.627 44.590 44.463 44.355 44.248
0.000 0.000 0.000 0.000 0.000 0.000 0.000 0.000 0.000 0.000 23.194 0.000 0.000 0.000 0.000 0.000 5.286 56.286 12.288 0.000 0.000 0.000 0.000 0.000 0.000 0.000 0.000 0.000 0.000 0.000 0.000 0.000 0.000 0.000 0.000 0.000 0.000 0.000 0.000 0.000 0.000 0.000 0.000 0.000 0.000 0.000 2.597 0.000 0.000 6.635 19.692 10.795 6.943 4.153 15.455 25.880 15.326 0.000 23.655 41.514 46.366 46.173 45.976 45.681 45.919 45.079 42.135 43.033 45.569 45.008 44.965 44.827 44.703 44.579 44.457
0.000 0.000 0.000 0.000 0.000 0.000 0.000 0.000 0.000 6.194 41.196 30.202 17.208 0.000 0.000 0.000 44.289 52.290 17.291 0.000 0.000 0.000 0.000 0.000 0.000 0.000 0.000 0.000 0.000 0.000 0.000 0.000 0.000 0.000 0.000 0.000 0.000 0.000 0.000 0.000 0.000 0.000 0.000 10.529 25.542 28.565 26.598 12.646 6.692 5.717 19.780 10.880 3.026 17.246 31.610 20.337 9.522 25.497 30.796 43.778 46.635 46.444 46.134 46.343 44.480 42.505 43.435 45.976 45.414 45.366 45.218 45.081 44.940 44.801 44.665
0.000 0.000 0.000 0.000 0.000 0.000 0.000 0.000 0.000 0.000 39.199 22.205 3.216 0.000 0.000 36.290 47.293 54.297 13.299 0.000 0.000 0.000 0.000 0.000 0.000 0.000 0.000 0.000 0.000 0.000 0.000 0.000 0.000 0.000 0.000 6.416 8.417 0.000 0.000 0.000 15.460 0.000 8.504 31.518 34.534 35.555 32.587 19.648 6.713 3.763 20.831 11.919 16.038 34.197 28.403 0.000 8.927 28.175 41.256 47.165 46.983 46.655 46.825 44.931 43.005 43.878 46.418 45.854 45.802 45.645 45.492 45.333 45.176 45.023 44.871
0.000 0.000 0.000 0.000 0.000 0.000 0.000 0.000 0.000 0.000 0.000 0.000 28.238 24.255 12.272 25.290 45.299 56.306 9.311 0.000 0.000 0.000 0.000 0.000 0.000 0.000 0.000 0.000 0.000 0.000 0.000 0.000 0.000 0.000 10.416 11.417 23.419 6.422 0.000 9.454 10.461 6.474 13.492 20.506 18.520 11.535 30.548 0.000 12.752 15.792 5.862 17.930 31.010 28.103 0.000 0.000 21.085 38.021 46.889 47.661 47.305 47.411 44.472 43.684 44.379 46.906 46.339 46.281 46.115 45.950 45.770 45.585 45.409 46.246 39.081
0.000 0.000 0.000 0.000 0.000 0.000 0.000 0.000 0.000 0.000 0.000 0.000 47.246 42.257 32.275 22.299 46.311 54.321 49.331 34.345 0.000 0.000 0.000 0.000 0.000 0.000 0.000 0.000 0.000 0.000 0.000 0.000 0.000 0.000 10.417 9.418 30.421 36.426 25.436 17.448 9.458 6.470 7.484 8.497 7.508 5.518 13.525 0.000 0.000 0.000 10.896 33.931 31.970 0.000 0.000 22.002 35.307 44.945 48.588 48.267 49.157 45.175 44.654 44.971 47.459 46.880 46.809 46.634 46.459 46.265 46.054 45.830 45.630 45.471 31.368
0.000 0.000 0.000 0.000 0.000 0.000 0.000 0.000 0.000 0.000 0.000 0.000 0.000 19.254 0.000 30.321 49.329 54.338 52.349 50.362 39.376 0.000 0.000 0.000 0.000 0.000 0.000 0.000 0.000 0.000 0.000 0.000 0.000 0.000 0.000 14.420 33.422 40.427 32.435 16.444 5.454 6.466 6.478 6.489 6.498 6.505 10.509 0.000 0.000 0.000 0.000 17.930 0.000 0.000 27.217 31.694 43.217 49.767 49.647 47.917 46.231 46.134 45.709 48.111 47.499 47.399 47.204 47.018 46.818 46.600 46.350 46.053 46.811 38.641 21.554
0.000 0.000 0.000 0.000 0.000 0.000 0.000 0.000 0.000 0.000 0.000 0.000 0.000 0.000 51.337 51.339 53.346 53.356 52.367 46.379 40.392 11.404 0.000 0.000 0.000 0.000 0.000 0.000 0.000 0.000 0.000 0.000 0.000 0.000 0.404 9.420 31.422 40.427 31.433 14.441 4.451 9.464 8.475 6.486 6.492 6.496 7.498 0.000 0.000 0.000 0.000 0.000 0.000 30.133 32.738 40.367 50.958 51.037 49.445 51.484 48.531 46.693 48.913 48.226 48.069 47.835 47.623 47.411 47.197 46.969 45.693 54.222 51.920 24.729 14.653
0.000 0.000 0.000 0.000 0.000 8.020 0.000 0.000 26.067 15.071 19.075 0.000 0.000 0.000 0.000 59.356 53.363 50.374 47.387 50.399 41.411 4.419 0.000 0.000 0.000 0.000 0.000 0.000 0.000 0.000 0.000 0.000 0.000 0.000 0.000 13.420 31.422 36.426 26.432 17.439 15.444 0.000 0.000 12.487 6.489 6.491 7.491 13.484 21.481 0.000 0.000 0.000 2.890 35.530 39.248 49.933 52.091 51.778 55.722 54.232 48.146 49.931 49.099 48.840 48.539 48.281 48.038 47.808 47.590 47.389 53.232 0.000 0.000 3.703 21.678
0.000 0.000 0.000 0.000 0.000 28.022 0.000 20.057 22.065 34.073 17.080 2.087 0.000 0.000 0.000 44.366 56.379 53.394 53.408 54.423 48.436 2.444 0.000 0.000 0.000 0.000 0.000 0.000 0.000 0.000 0.000 0.000 0.000 0.000 0.000 19.420 16.421 28.423 0.000 0.000 0.000 0.000 0.000 0.000 16.488 10.489 0.000 3.481 37.480 20.479 0.000 0.000 7.166 40.941 49.782 52.860 52.639 57.249 56.649 49.590 51.068 50.095 49.709 49.321 48.998 48.707 48.441 48.194 47.966 47.764 52.615 0.000 0.000 0.000 0.000
16.883 0.000 0.000 0.000 0.000 39.025 15.036 17.051 23.064 47.077 48.088 43.097 0.000 0.000 0.000 0.000 4.397 58.416 53.433 54.450 51.467 10.480 0.000 0.000 0.000 0.000 0.000 0.000 0.000 0.000 0.000 0.000 0.000 0.000 0.000 0.000 0.000 0.000 0.000 0.000 0.000 0.000 0.000 0.000 0.000 0.000 0.000 0.000 0.000 0.000 0.000 0.000 33.563 50.650 52.369 53.320 57.828 57.626 50.534 52.062 51.083 50.621 50.157 49.768 49.422 49.111 48.825 48.562 48.318 48.088 50.851 34.850 0.000 0.000 0.000
20.886 16.892 0.000 0.000 0.000 31.020 33.033 33.049 45.066 42.084 54.100 53.116 14.133 0.000 0.000 0.000 0.000 60.443 53.458 54.480 51.506 11.530 0.000 0.000 0.000 20.939 32.959 1.976 0.000 0.000 0.000 0.000 0.000 0.000 0.000 0.000 0.000 0.000 0.000 0.000 0.000 0.000 0.000 0.000 0.000 0.000 0.000 0.000 0.000 0.000 0.000 34.570 51.528 52.170 58.371 57.967 51.588 52.201 52.739 51.941 51.480 50.990 50.558 50.167 49.813 49.489 49.189 48.911 48.656 55.422 0.000 0.000 0.000 0.000 0.000
22.890 23.900 15.910 0.000 20.987 16.004 24.028 37.048 41.069 52.094 53.114 52.136 21.152 0.000 0.000 0.000 0.000 59.458 53.478 54.509 49.549 29.605 13.701 14.782 14.855 22.921 43.965 10.994 0.000 0.000 0.000 0.000 0.000 0.000 0.000 0.000 0.000 0.000 0.000 0.000 0.000 0.000 0.000 0.000 0.000 0.000 0.000 0.000 0.000 22.558 32.326 51.309 52.936 59.745 59.183 52.015 53.780 53.161 52.661 52.232 51.766 51.327 50.915 50.532 50.176 49.843 49.532 49.237 55.974 1.750 0.000 0.000 0.000 0.000 0.000
36.896 19.908 23.922 23.946 14.971 7.985 0.000 0.000 0.000 42.111 53.129 51.164 36.189 3.221 0.000 0.000 28.429 49.455 54.488 53.530 54.580 44.642 20.718 17.792 16.863 25.928 43.986 27.043 13.121 14.181 18.222 29.244 0.000 0.000 0.000 0.000 0.000 0.000 0.000 0.000 0.000 0.000 0.000 0.000 0.000 0.000 0.000 0.000 2.936 42.786 50.843 53.552 60.445 60.152 52.626 54.338 53.611 53.285 52.884 52.464 52.045 51.636 51.244 50.871 50.516 50.176 49.859 55.534 2.298 0.000 0.000 0.000 0.000 0.000 0.000
52.907 23.915 17.928 18.947 20.969 20.980 9.984 0.000 0.000 0.000 0.000 58.204 48.222 26.254 18.304 25.352 24.404 26.447 34.492 35.544 22.602 19.668 17.738 17.809 16.878 25.945 41.009 20.074 17.142 22.200 38.244 41.268 26.274 0.162 0.000 0.000 0.000 0.000 0.000 0.000 0.000 0.000 0.000 0.000 0.000 0.000 0.000 0.000 35.371 51.146 54.069 60.752 60.643 53.192 54.892 54.167 53.861 53.479 53.097 52.706 52.314 51.929 51.554 51.193 50.841 50.488 56.196 1.933 0.000 0.000 0.000 0.000 0.000 0.000 0.000
52.913 38.919 0.000 0.000 25.978 21.985 32.990 23.988 0.000 0.000 0.000 46.227 43.243 28.271 19.308 16.348 16.392 19.438 32.493 40.552 43.618 36.690 26.760 19.828 18.897 34.965 38.034 13.104 17.174 17.237 18.286 22.312 1.292 0.000 0.000 0.000 0.000 0.000 0.000 0.000 0.000 0.000 0.000 0.000 0.000 0.000 28.202 36.294 49.828 61.134 60.834 54.035 54.699 55.342 54.721 54.417 54.048 53.687 53.320 52.949 52.578 52.212 51.853 51.506 52.170 58.739 2.506 0.000 0.000 0.000 0.000 0.000 0.000 0.000 0.000
52.918 52.930 39.950 22.967 22.982 22.994 14.003 0.000 0.000 0.000 39.225 36.235 39.254 32.280 33.311 33.344 33.380 36.423 31.490 31.557 33.630 37.717 38.785 36.850 32.917 43.987 42.060 30.137 31.214 31.288 33.353 8.396 0.000 0.000 0.000 0.000 0.000 0.000 0.000 0.000 0.000 0.000 0.000 0.000 30.889 31.695 52.767 53.463 62.226 61.770 56.422 56.206 55.661 55.264 54.951 54.598 54.251 53.900 53.547 53.193 52.840 52.488 52.140 52.811 56.593 0.000 0.000 0.000 0.000 0.000 0.000 0.000 0.000 0.000 0.000
51.923 52.937 49.954 27.971 21.989 23.008 24.028 16.054 0.000 31.195 28.216 29.237 30.260 25.286 29.312 34.339 42.364 27.384 0.000 0.000 0.000 36.765 32.816 32.871 32.936 33.007 33.086 33.170 33.258 33.351 31.444 26.524 0.002 0.000 0.000 22.500 29.745 42.070 12.339 0.000 0.000 0.000 0.000 32.197 43.083 55.155 55.897 62.812 62.565 56.970 56.715 56.048 55.786 55.463 55.129 54.794 54.455 54.116 53.776 53.438 53.100 52.761 53.409 56.006 3.799 0.000 0.000 0.000 0.000 0.000 0.000 0.000 0.000 0.000 0.000
41.928 52.943 52.959 42.977 18.998 22.022 23.048 23.081 29.130 38.176 22.210 19.239 17.266 24.292 39.316 38.337 23.354 3.368 0.000 0.000 0.000 0.000 21.842 16.886 16.949 17.023 17.107 18.200 21.301 22.415 22.550 21.734 23.063 22.398 22.780 32.256 39.667 38.129 45.608 44.120 39.428 37.577 40.520 52.611 56.393 56.333 63.081 62.983 57.494 57.225 56.549 56.292 55.965 55.644 55.319 54.992 54.663 54.333 54.005 53.682 53.365 54.047 54.729 0.000 0.000 0.000 0.000 0.000 0.000 0.000 0.000 0.000 0.000 0.000 0.000
19.935 47.948 51.963 32.982 16.006 15.035 23.064 23.096 22.133 16.171 17.209 23.245 40.275 39.302 22.325 15.342 5.347 0.000 25.644 34.671 30.712 31.764 34.826 37.885 36.952 38.031 41.122 40.223 37.333 39.458 34.609 20.802 25.059 24.352 29.687 48.081 55.537 53.171 47.847 43.322 45.608 52.670 58.020 56.846 63.436 63.161 57.289 58.974 57.645 57.063 56.795 56.467 56.150 55.831 55.512 55.192 54.872 54.549 54.228 54.924 52.629 48.336 0.201 0.000 0.000 0.000 0.000 0.000 0.000 0.000 0.000 0.000 0.000 0.000 0.000
12.943 31.952 42.966 17.983 10.012 17.048 15.078 22.107 23.138 23.168 16.211 33.258 25.289 14.316 17.342 9.362 0.000 34.580 37.619 37.658 39.703 40.755 43.815 47.877 46.946 47.028 47.129 49.239 50.352 48.478 36.627 22.806 25.022 25.266 25.537 28.843 3.232 0.000 68.287 110.737 88.873 55.298 57.234 64.443 64.014 57.657 60.463 57.948 57.580 57.296 56.972 56.656 56.337 56.020 55.706 55.396 55.084 54.763 56.437 51.158 39.893 0.000 0.000 0.000 0.000 0.000 0.000 0.000 0.000 0.000 0.000 0.000 0.000 0.000 0.000
0.000 0.000 23.968 5.975 0.000 12.071 17.094 17.119 23.144 12.155 0.000 17.290 15.309 17.334 18.365 28.405 42.473 39.544 41.595 47.641 57.689 101.742 98.802 98.864 98.929 99.006 100.129 84.254 16.360 19.477 17.615 25.776 24.957 22.154 20.353 2.493 0.000 0.000 0.000 36.341 53.674 58.604 65.047 64.782 57.185 58.958 58.325 58.089 57.790 57.478 57.163 56.843 56.523 56.206 55.898 55.601 56.306 54.984 46.599 35.378 0.000 0.000 0.000 0.000 0.000 0.000 0.000 0.000 0.000 0.000 0.000 0.000 0.000 0.000 0.000
0.000 38.963 16.964 0.000 0.000 0.000 11.112 24.131 16.165 0.000 0.000 25.306 16.323 27.348 40.380 40.421 45.473 48.528 41.577 27.624 18.671 14.722 12.791 15.850 16.900 3.941 0.000 21.289 18.357 17.458 21.584 25.727 22.879 15.041 22.252 3.364 0.000 0.000 32.403 49.259 59.082 65.399 65.254 57.700 59.459 58.820 58.591 58.287 57.984 57.673 57.356 57.033 56.707 56.383 56.081 56.807 52.555 41.269 0.000 0.000 0.000 0.000 0.000 0.000 0.000 0.000 0.000 0.000 0.000 0.000 0.000 0.000 0.000 0.000 0.000
0.000 0.000 0.000 0.000 0.000 0.000 0.000 0.000 20.222 18.256 26.283 23.307 23.330 23.357 40.389 54.428 43.472 23.519 21.565 16.609 18.651 9.686 0.000 21.847 18.883 7.919 0.000 22.258 17.322 18.417 25.535 23.670 21.793 3.881 0.000 0.000 29.298 27.142 43.854 59.743 65.561 58.531 59.153 59.877 59.333 59.098 58.796 58.497 58.190 57.875 57.554 57.229 56.891 57.540 57.235 46.993 31.838 0.000 0.000 0.000 0.000 0.000 0.000 0.000 0.000 0.000 0.000 0.000 0.000 0.000 0.000 0.000 0.000 0.000 0.000
0.000 0.000 0.000 33.215 26.217 20.219 0.000 0.000 38.247 35.265 22.287 23.310 23.335 24.362 45.394 97.430 90.470 37.512 92.555 13.598 17.641 17.685 19.740 17.810 17.868 17.934 20.034 16.164 16.258 25.355 24.472 21.628 16.743 5.811 0.000 0.000 31.455 38.312 60.313 59.206 65.941 59.606 60.246 59.845 59.607 59.314 59.020 58.715 58.404 58.084 57.760 57.436 59.089 54.652 36.327 23.095 24.966 0.000 0.000 0.000 0.000 0.000 0.000 0.000 0.000 0.000 0.000 0.000 0.000 0.000 0.000 0.000 0.000 0.000 0.000
0.000 0.000 0.000 16.215 25.218 22.224 40.234 34.245 39.256 47.272 38.292 23.314 23.338 23.365 22.396 16.430 11.467 16.507 13.547 17.589 17.631 17.676 17.727 17.786 17.847 17.917 17.006 22.108 24.194 25.273 9.371 0.000 9.741 0.000 0.000 0.000 35.728 57.669 61.703 67.206 66.641 59.733 60.425 60.108 59.839 59.552 59.252 58.942 58.626 58.300 57.964 56.669 18.379 0.000 0.000 0.000 0.000 0.000 0.000 0.000 0.000 0.000 0.000 0.000 0.000 0.000 0.000 0.000 0.000 0.000 0.000 0.000 0.000 0.000 0.000
0.000 0.000 21.209 17.213 16.218 34.225 27.235 43.246 52.260 32.277 18.296 16.317 19.340 22.366 23.396 23.429 16.465 15.502 16.541 16.580 17.620 17.662 17.709 22.761 19.818 16.884 17.965 21.070 25.139 14.173 0.000 0.000 0.000 0.000 0.000 111.372 55.101 62.140 60.144 67.680 59.564 62.103 63.614 60.373 60.093 59.801 59.495 59.176 59.859 56.526 44.129 34.899 0.000 0.000 0.000 0.000 0.000 0.000 0.000 0.000 0.000 0.000 0.000 0.000 0.000 0.000 0.000 0.000 0.000 0.000 0.000 0.000 0.000 0.000 0.000
0.000 21.204 17.207 16.211 27.218 31.226 42.236 49.247 15.263 14.283 15.300 17.320 16.341 13.366 21.394 22.426 23.462 22.499 16.535 15.571 14.608 15.647 21.688 80.732 48.781 28.838 11.900 0.000 27.123 35.107 0.000 0.000 0.000 0.000 35.806 46.619 63.486 61.535 68.479 68.100 60.684 61.226 61.912 60.644 60.363 60.066 59.751 60.409 59.109 11.817 0.000 0.000 0.000 0.000 0.000 0.000 0.000 0.000 0.000 0.000 0.000 0.000 0.000 0.000 0.000 0.000 0.000 0.000 0.000 0.000 0.000 0.000 0.000 0.000 0.000
0.000 14.202 17.205 19.210 40.217 51.226 65.237 47.246 0.000 33.292 33.305 17.322 17.341 16.364 14.390 17.422 23.459 21.497 22.532 24.564 22.596 20.630 16.664 11.700 16.739 11.788 0.000 0.000 0.000 21.029 13.008 0.000 0.000 0.000 45.994 62.850 62.922 60.952 68.816 60.428 62.927 64.444 61.202 60.930 60.648 60.350 60.036 57.599 12.354 0.000 0.000 0.000 0.000 0.000 0.000 0.000 0.000 0.000 0.000 0.000 0.000 0.000 0.000 0.000 0.000 0.000 0.000 0.000 0.000 0.000 0.000 0.000 0.000 0.000 0.000
0.000 12.200 18.203 34.208 45.216 93.227 87.241 89.255 95.274 91.291 92.306 17.322 17.340 16.360 16.383 15.413 10.457 20.501 22.532 23.559 21.586 23.613 23.641 24.668 17.689 0.000 0.000 0.000 0.000 21.972 6.989 0.000 0.000 37.499 59.292 63.222 62.213 69.426 69.130 61.501 62.047 62.744 61.492 61.230 60.951 61.651 36.446 0.000 0.000 0.000 0.000 0.000 0.000 0.000 0.000 0.000 0.000 0.000 0.000 0.000 0.000 0.000 0.000 0.000 0.000 0.000 0.000 0.000 0.000 0.000 0.000 0.000 0.000 0.000 0.000
0.000 13.197 30.199 38.204 44.213 15.228 14.246 13.261 10.278 11.294 11.308 17.323 17.338 33.354 33.372 9.391 0.000 7.518 20.538 22.557 20.576 22.597 22.621 23.644 19.661 0.000 0.000 0.000 19.830 4.900 0.000 0.000 38.844 47.699 64.549 63.448 62.633 69.698 61.198 63.716 66.253 62.033 61.791 61.547 60.275 47.859 6.652 0.000 0.000 0.000 0.000 0.000 0.000 0.000 0.000 0.000 0.000 0.000 0.000 0.000 0.000 0.000 0.000 0.000 0.000 0.000 0.000 0.000 0.000 0.000 0.000 0.000 0.000 0.000 0.000
0.000 21.192 38.195 37.200 37.204 0.000 9.255 9.266 22.284 18.299 17.312 17.324 16.336 92.349 80.360 0.000 0.000 0.000 14.546 9.555 14.565 17.581 17.602 19.628 20.651 25.671 26.693 27.721 18.761 0.000 0.000 27.989 77.990 59.907 63.768 63.855 61.917 69.949 62.332 62.804 63.542 62.315 62.096 62.895 32.743 0.000 0.000 0.000 0.000 0.000 0.000 0.000 0.000 0.000 0.000 0.000 0.000 0.000 0.000 0.000 0.000 0.000 0.000 0.000 0.000 0.000 0.000 0.000 0.000 0.000 0.000 0.000 0.000 0.000 0.000
0.000 9.187 33.191 32.197 26.201 0.000 0.000 0.000 15.296 28.309 17.319 16.327 17.333 0.000 0.000 0.000 0.000 0.000 0.000 0.000 25.551 23.561 21.580 4.617 7.646 14.671 15.690 20.710 11.735 0.000 0.000 0.000 38.224 56.142 63.086 63.190 70.389 70.178 62.417 63.098 62.806 62.594 62.382 57.194 15.061 0.000 0.000 12.234 0.000 0.000 0.000 0.000 0.000 0.000 0.000 0.000 0.000 0.000 0.000 0.000 0.000 0.000 0.000 0.000 0.000 0.000 0.000 0.000 0.000 0.000 0.000 0.000 0.000 0.000 0.000
