results3_8e4_norain/res_4e8_norain-0016.wd
ncols         241
nrows         181
xllcorner     12693529.787448
yllcorner     3542525.717860
cellsize      155.156523
NODATA_value  -9999.000000
[rows 136 to 169 of 181, columns 0 to 74 of 241]
9.156 9.158 9.162 9.167 9.174 9.183 9.194 8.206 8.219 11.234 17.252 16.274 12.300 8.333 8.374 8.421 9.472 9.526 9.583 9.643 8.706 7.772 9.842 15.913 22.987 32.060 40.132 36.201 25.262 13.314 9.354 14.376 22.372 0.000 0.000 0.000 0.000 0.000 2.450 23.452 0.000 0.000 14.943 47.011 49.048 28.083 31.128 30.182 18.204 7.202 0.000 0.000 0.000 0.000 0.000 0.000 0.000 0.000 0.000 0.000 0.000 0.000 58.933 64.854 60.821 61.960 59.919 91.733 91.599 91.458 58.622 61.383 63.239 64.896 14.862
9.213 9.215 9.219 9.225 9.232 9.242 9.252 9.263 9.276 9.289 8.304 8.322 8.346 9.378 9.421 9.471 9.525 9.580 9.636 9.692 9.751 9.812 9.874 8.938 8.003 9.067 13.130 11.189 10.243 14.290 17.327 16.354 14.371 16.391 16.411 13.429 13.443 17.451 0.000 0.000 0.000 0.000 32.877 46.911 26.947 19.989 19.058 0.000 0.000 0.000 0.000 0.000 0.000 0.000 0.000 0.000 0.000 6.624 21.605 0.000 5.284 68.177 75.104 73.151 71.117 72.183 91.982 91.860 72.923 79.696 72.531 78.287 70.110 49.039 0.000
9.271 9.273 9.277 9.283 9.291 9.300 9.311 9.322 9.333 9.344 9.355 9.368 9.384 9.415 9.461 9.521 9.580 9.635 9.688 8.741 15.796 17.851 9.908 8.965 8.022 9.078 11.133 14.185 17.233 16.276 11.313 12.343 19.368 22.392 18.415 12.435 9.451 18.460 0.000 0.000 0.000 27.746 36.778 23.810 15.843 35.869 0.000 0.000 0.000 0.000 0.000 0.000 0.000 0.000 0.000 0.000 16.689 58.644 87.588 48.489 81.322 89.461 86.395 85.466 92.328 92.217 92.102 85.039 86.895 86.578 85.425 84.345 2.248 0.000 0.000
9.328 9.330 9.335 9.341 9.350 9.360 9.371 9.382 9.392 9.401 12.407 12.412 10.411 14.438 12.490 9.573 9.640 9.694 8.743 6.791 17.841 25.891 11.942 8.993 11.043 14.092 16.140 15.186 12.230 14.271 19.307 21.339 22.369 22.396 17.423 11.448 20.468 39.481 0.000 0.000 0.000 1.714 24.682 21.709 25.747 45.778 0.000 0.000 0.000 0.000 0.000 0.000 0.000 0.000 0.000 14.790 66.737 82.674 85.588 90.561 87.695 84.671 92.635 92.537 92.435 84.397 85.161 86.013 85.678 85.637 78.557 55.451 0.000 0.000 0.000
9.385 9.387 9.392 9.400 9.410 9.421 9.434 9.445 9.455 10.462 17.464 17.462 0.000 0.000 0.000 13.644 7.716 10.761 16.799 19.841 19.887 15.933 11.979 13.023 16.066 15.109 14.151 16.192 20.232 20.271 22.307 21.340 12.372 7.404 9.435 22.466 41.495 51.516 0.000 0.000 0.000 0.000 32.531 34.599 41.660 40.718 0.000 0.000 0.000 0.000 0.000 0.000 0.000 0.000 18.906 62.852 84.764 87.766 86.838 86.824 85.900 92.823 92.730 84.646 85.423 86.261 86.031 85.871 85.815 77.738 69.689 0.000 0.000 0.000 0.000
9.441 9.444 9.449 9.457 9.469 9.484 9.499 9.512 9.523 11.529 20.526 31.513 7.511 0.000 0.000 0.000 24.820 16.836 14.854 14.888 12.935 11.978 14.018 16.056 14.093 10.129 12.165 24.201 26.238 16.275 10.311 7.345 7.379 12.413 26.449 42.488 39.531 23.573 0.000 0.000 0.000 3.114 32.313 14.496 5.577 0.000 0.000 0.000 0.000 0.000 0.000 0.000 0.000 12.027 62.966 84.865 87.045 86.029 86.128 93.095 93.007 92.916 84.732 86.583 86.276 86.131 86.061 85.975 79.888 66.817 56.775 0.000 0.000 0.000 0.000
9.498 9.499 9.504 9.514 9.529 9.548 9.567 9.584 9.598 11.606 21.599 8.555 0.000 0.000 0.000 0.000 20.911 12.911 14.896 13.924 11.989 15.029 16.061 13.092 10.121 6.150 16.180 30.211 17.246 7.283 8.318 13.352 23.386 34.422 45.461 38.508 16.571 11.674 30.883 38.130 39.522 43.916 19.114 0.000 0.000 0.000 0.000 0.000 0.000 0.000 0.000 0.000 17.142 63.067 85.067 87.238 86.256 93.346 93.265 93.182 85.048 85.817 86.674 86.350 86.314 86.236 86.148 87.046 74.958 45.865 34.819 0.000 0.000 0.000 0.000
8.554 8.554 9.556 9.567 9.586 9.613 9.639 9.662 9.682 12.699 22.712 0.000 0.000 0.000 0.000 0.000 10.003 12.004 0.022 0.000 20.070 15.088 11.109 10.131 8.152 10.174 26.195 29.219 11.253 14.295 26.329 35.361 44.394 42.429 30.467 16.513 9.575 25.669 29.846 17.987 0.000 0.000 0.000 0.000 0.000 0.000 0.000 0.000 0.000 0.000 0.000 11.239 63.250 86.338 87.353 85.457 93.505 93.426 85.260 86.041 86.885 86.666 86.519 86.471 86.396 86.328 89.246 53.108 33.033 0.000 0.000 0.000 0.000 0.000 0.000
17.612 15.608 12.603 10.612 7.639 7.681 7.715 7.743 6.770 11.800 23.840 6.917 0.000 0.000 14.137 10.128 7.096 13.100 8.141 0.000 15.136 9.145 8.157 8.172 10.186 24.198 32.210 0.000 0.000 40.318 45.341 40.372 29.403 19.434 11.468 7.505 18.546 30.585 0.000 0.000 0.000 0.000 0.000 0.000 0.000 0.000 0.000 0.000 0.000 0.000 0.000 43.493 85.531 84.652 93.743 93.664 93.585 85.325 87.173 86.873 86.738 86.681 88.611 83.535 85.480 86.434 97.400 0.000 0.000 0.000 0.000 0.000 0.000 0.000 0.000
18.677 20.665 26.636 27.642 27.679 24.759 25.799 24.829 23.858 23.891 25.934 8.995 13.075 12.123 9.147 12.154 12.153 11.162 16.184 18.206 12.196 6.199 8.206 10.215 24.222 29.226 18.238 12.265 21.290 44.319 27.349 18.383 10.412 8.439 10.466 9.494 23.522 32.542 0.000 0.000 0.000 0.000 0.000 0.000 0.000 0.000 0.000 0.000 0.000 0.000 21.708 63.769 93.971 93.896 93.820 85.613 86.384 87.243 86.926 86.893 87.822 87.748 60.677 38.589 73.554 87.528 92.521 32.562 0.000 0.000 0.000 0.000 0.000 0.000 0.000
11.756 5.742 0.000 0.000 0.000 16.878 13.896 13.918 13.943 17.973 27.011 8.058 9.109 8.149 11.175 15.191 16.201 14.213 13.228 16.241 17.245 14.250 8.256 25.262 31.263 22.247 28.253 45.268 42.289 24.321 12.356 8.400 10.426 10.446 9.465 14.485 30.508 32.520 24.511 27.504 0.000 0.000 0.000 0.000 0.000 1.735 0.000 0.000 0.000 16.762 64.902 94.119 94.046 85.810 86.584 87.431 87.218 87.076 87.031 87.955 85.884 79.812 4.763 0.000 55.620 90.604 87.596 86.603 0.000 0.000 0.000 0.000 0.000 0.000 0.000
9.851 1.853 0.000 0.000 0.000 12.980 8.990 9.005 9.025 13.050 27.081 5.117 9.156 13.190 15.217 16.236 13.250 10.263 8.276 10.286 20.294 33.301 28.308 29.316 6.321 0.306 52.261 38.268 5.278 0.000 0.000 13.437 10.447 10.457 12.465 5.474 0.000 0.000 0.000 31.498 7.496 0.000 0.000 0.000 0.000 0.087 0.000 4.645 4.703 42.904 94.233 85.054 88.759 87.622 87.412 87.275 87.222 87.156 88.085 88.019 52.950 28.854 14.801 17.766 68.703 89.672 85.656 76.651 0.000 0.000 0.000 0.000 0.000 0.000 0.000
9.946 9.958 0.000 0.000 0.000 14.075 10.080 10.090 9.103 10.122 25.146 12.177 15.210 17.241 16.267 11.286 8.302 9.315 9.327 8.337 18.346 41.354 37.363 24.373 17.388 8.417 0.000 0.000 0.000 0.000 0.000 15.466 10.469 12.473 0.000 0.000 0.000 0.000 0.000 10.496 0.000 0.000 0.000 0.000 2.585 0.112 0.000 0.000 0.130 42.286 94.373 87.941 87.662 87.458 87.414 87.349 87.278 87.210 85.145 76.084 9.042 0.000 25.820 84.794 89.755 87.725 81.705 71.696 0.000 0.000 0.000 0.000 0.000 0.000 0.000
7.029 9.041 6.063 0.000 0.000 14.167 9.168 7.172 9.179 13.190 17.208 16.235 16.269 14.299 8.324 9.343 9.358 10.371 10.381 15.391 33.399 32.408 25.417 34.428 32.441 3.454 0.000 0.000 0.000 0.000 0.000 15.493 10.493 13.494 0.000 0.000 0.000 6.482 26.480 0.000 0.000 0.000 0.000 0.000 0.039 0.134 0.351 0.134 0.241 94.767 94.571 86.869 87.664 87.535 87.470 87.400 87.332 89.265 74.198 57.134 17.091 0.000 40.866 70.836 79.799 88.767 77.744 66.732 0.000 0.000 0.000 0.000 0.000 0.000 0.000
14.103 12.116 1.137 0.000 0.300 8.259 10.256 14.254 15.252 16.253 14.262 15.290 13.332 9.365 9.388 10.406 10.419 9.430 11.439 34.447 33.455 15.463 28.472 26.483 30.495 28.506 0.000 0.000 0.000 0.000 0.000 11.521 10.518 10.517 5.524 0.000 14.498 13.486 7.479 29.474 0.000 0.000 0.000 0.000 0.000 0.000 0.000 22.157 46.443 94.906 89.277 88.937 88.645 87.596 87.523 87.454 88.386 86.319 41.251 18.161 30.099 31.033 84.943 86.886 66.839 76.801 71.773 44.757 9.756 0.000 0.000 0.000 0.000 0.000 0.000
15.167 16.196 13.260 1.362 15.383 15.354 15.344 16.337 16.326 17.309 29.300 11.331 9.406 9.441 10.461 10.475 10.485 11.493 25.499 36.506 11.512 15.519 42.528 34.538 22.552 25.571 28.611 12.626 17.626 32.613 25.589 13.556 6.541 6.535 17.533 33.529 20.513 0.000 0.000 19.470 8.468 0.000 0.000 0.000 0.000 0.000 0.000 37.310 89.570 94.999 86.242 88.833 89.724 87.650 87.577 87.506 80.438 70.375 27.325 0.000 7.111 8.058 68.988 110.925 91.871 67.826 59.790 38.767 47.756 0.754 0.000 0.000 0.000 10.817 52.818
20.203 20.241 16.326 16.403 16.431 17.432 17.430 13.425 10.408 9.357 0.000 0.000 13.522 10.533 10.542 10.549 9.555 12.559 36.562 22.566 7.570 13.576 30.583 47.593 42.604 39.619 37.636 33.644 29.641 28.626 36.599 33.574 27.558 23.550 26.546 30.543 0.000 0.000 0.000 0.000 0.000 0.000 0.000 0.000 0.000 0.000 0.000 36.538 95.188 95.092 89.147 90.925 87.775 87.705 88.630 84.557 68.486 61.418 67.351 73.278 57.177 79.099 94.026 110.957 119.895 103.841 65.796 70.764 45.747 0.000 0.000 0.000 0.000 0.000 1.820
0.000 0.000 20.401 15.478 15.507 10.516 7.522 9.526 4.525 0.000 0.000 0.000 14.630 10.628 10.627 10.627 10.628 28.627 35.627 8.626 10.628 10.632 13.639 19.647 21.656 21.665 17.672 20.675 36.669 29.652 20.611 23.584 30.568 34.564 37.559 34.555 9.557 0.000 0.000 0.000 0.000 0.000 0.000 0.000 0.000 0.000 6.499 66.740 95.285 86.561 90.194 89.895 87.838 87.757 88.681 83.606 70.532 36.459 43.385 86.306 97.220 129.138 120.059 91.983 79.912 96.846 75.790 69.746 44.721 0.000 0.000 0.000 0.000 0.000 6.822
0.000 0.000 0.000 24.603 9.606 7.605 9.619 9.633 10.644 0.000 0.000 3.795 11.743 10.722 10.713 10.707 12.703 36.698 21.692 7.687 10.685 10.687 10.694 9.702 9.709 9.714 8.716 15.715 44.710 23.704 0.000 0.000 0.000 25.582 35.572 19.564 24.561 11.559 0.000 0.000 0.000 0.000 0.000 0.000 0.000 0.000 24.681 95.489 95.385 89.425 91.100 86.969 87.889 87.810 87.731 87.654 74.578 37.501 52.423 89.343 85.259 119.174 114.090 83.006 87.923 73.844 54.771 72.711 50.671 0.000 0.000 0.000 0.000 0.000 5.825
8.984 4.979 0.000 16.726 26.712 27.678 8.719 20.743 27.776 3.848 1.869 11.850 10.824 10.808 10.797 10.788 29.780 33.770 8.759 10.748 9.739 8.739 10.752 10.761 10.765 10.767 9.765 17.761 46.756 27.751 0.000 0.000 0.000 22.612 35.584 14.570 4.565 0.000 0.000 0.000 0.000 0.000 0.000 0.000 0.000 3.698 65.870 95.595 86.755 90.381 90.088 88.025 87.941 87.860 87.781 88.702 79.624 68.546 91.465 116.383 104.298 121.211 118.121 112.028 118.932 84.834 61.741 71.657 79.581 8.496 0.000 0.000 0.000 0.000 6.829
10.990 9.976 4.939 10.864 9.841 0.000 31.837 23.848 10.869 11.900 11.915 10.911 10.900 10.889 10.880 13.870 36.860 19.847 9.829 10.807 16.788 24.780 10.814 8.825 10.827 9.824 12.819 36.811 44.802 19.794 7.797 0.000 17.697 16.671 0.000 0.000 0.000 0.000 0.000 0.000 0.000 0.000 0.000 0.000 6.795 63.905 86.063 95.704 87.698 88.276 88.158 88.074 87.992 87.911 87.830 88.751 79.672 62.592 58.510 91.427 81.340 95.250 98.156 86.054 87.942 59.822 36.702 50.595 117.500 70.412 5.326 0.000 16.878 37.853 74.834
11.012 10.999 10.978 10.953 10.948 4.976 20.946 36.944 12.955 9.970 10.979 10.981 10.977 10.971 9.964 32.956 34.945 8.929 10.904 11.866 8.826 0.000 29.902 24.900 11.895 9.886 27.876 46.863 30.848 10.829 10.801 11.766 14.726 18.705 0.000 0.000 0.000 0.000 0.000 0.000 0.000 0.000 0.000 0.000 29.947 87.097 95.931 95.816 87.599 88.359 88.203 88.125 88.041 87.960 87.880 86.800 71.720 73.640 93.558 112.474 111.387 116.296 121.198 108.089 105.963 92.809 41.652 39.521 115.414 79.326 17.241 10.072 74.904 107.848 126.827
11.048 11.033 11.022 11.022 11.026 11.034 11.029 22.030 37.037 13.046 10.054 11.058 11.058 9.055 17.051 38.045 18.037 10.022 11.994 9.929 0.000 0.000 17.993 18.982 24.968 23.952 31.937 30.920 11.901 9.874 11.815 14.772 19.737 19.721 0.000 0.000 0.000 0.000 0.000 0.000 0.000 0.000 0.000 0.000 38.263 92.381 96.050 87.026 88.627 88.325 88.261 88.173 88.090 88.009 87.929 87.849 73.770 69.690 90.608 91.525 91.439 94.348 94.251 93.143 98.013 70.799 46.576 61.423 76.309 15.237 0.000 0.000 18.819 44.808 66.804
11.101 13.063 13.058 11.089 11.101 11.107 11.109 11.112 22.119 37.127 13.134 8.140 8.143 25.144 37.142 31.140 8.136 11.130 7.122 0.000 0.000 4.152 11.097 11.067 17.043 34.021 34.000 26.981 19.965 11.953 0.000 0.000 33.729 13.723 0.000 0.000 0.000 0.000 0.000 0.000 0.000 0.000 0.000 0.000 11.809 96.305 96.174 87.877 88.530 88.392 88.306 88.221 88.138 88.057 87.978 88.899 83.821 73.741 68.661 67.579 67.495 67.408 67.316 71.219 45.146 0.000 14.432 70.288 66.163 27.076 0.000 0.000 17.746 63.761 41.770
12.194 0.000 0.000 11.179 10.182 9.186 9.189 8.193 8.200 21.209 36.219 29.226 36.232 38.235 25.237 9.238 16.239 16.241 4.245 0.000 0.000 15.208 11.179 13.148 37.118 44.090 22.064 13.041 20.025 27.021 15.043 0.000 0.000 11.722 0.000 0.000 0.000 0.000 0.000 0.000 0.000 0.000 0.000 0.000 2.597 96.437 93.230 88.812 88.512 88.440 88.351 88.266 88.184 88.105 88.027 87.949 88.872 87.795 85.717 84.637 84.555 85.472 87.386 61.271 3.208 0.000 0.000 55.133 85.980 76.829 49.644 25.596 42.659 45.722 3.746
11.288 10.319 0.000 10.266 21.266 25.267 29.269 34.273 37.281 38.294 38.306 38.317 24.324 11.330 27.334 44.337 45.343 45.352 38.373 16.429 0.000 12.294 10.266 19.230 47.194 34.158 11.125 10.097 12.076 15.066 6.067 0.000 0.000 0.000 0.000 0.000 0.000 0.000 0.000 0.000 0.000 0.000 0.000 0.987 0.467 96.546 97.158 92.699 88.571 88.480 88.393 88.310 88.229 88.151 88.075 88.000 87.925 87.850 87.774 87.696 88.617 91.540 63.487 0.000 0.000 0.000 0.000 0.041 55.797 86.615 77.508 53.487 30.572 0.000 0.000
11.354 13.351 9.381 11.356 26.349 25.348 21.349 17.352 16.358 12.380 33.398 23.412 34.421 25.428 41.433 37.437 30.444 31.454 42.469 48.486 37.481 38.410 30.361 38.315 46.270 19.226 10.183 11.146 11.118 10.100 10.093 12.096 7.095 0.000 16.058 7.056 0.000 0.000 0.000 0.000 0.000 0.000 68.189 65.517 96.640 96.603 91.031 91.764 88.601 88.517 88.431 88.350 88.272 88.197 88.123 88.051 87.979 87.907 87.834 89.758 94.677 63.584 3.535 0.000 0.000 0.000 0.000 0.000 0.000 47.325 82.289 32.270 0.000 0.000 0.000
13.425 0.000 8.439 11.431 11.428 11.428 10.430 11.430 13.419 11.472 23.497 18.512 27.523 38.530 26.534 11.537 12.543 13.552 14.563 19.567 32.550 42.505 48.454 46.402 35.348 11.293 11.237 11.189 11.152 11.127 12.111 35.101 8.095 0.000 12.062 0.000 0.000 0.000 0.000 0.000 0.000 0.251 88.338 90.645 96.660 89.440 89.013 88.708 88.639 88.549 88.467 88.389 88.313 88.241 88.170 88.101 88.033 87.965 89.896 74.824 28.750 0.000 0.000 0.000 0.000 0.000 0.000 0.000 0.000 18.073 80.053 32.035 0.000 0.000 0.000
14.497 0.000 8.505 11.503 11.504 11.509 11.515 12.520 0.000 10.593 14.606 25.619 25.630 33.636 38.637 24.636 9.639 9.651 9.668 11.669 13.649 14.606 15.552 15.492 14.429 13.362 9.285 9.222 10.175 11.145 22.125 36.105 7.091 1.076 3.067 0.000 0.000 0.000 0.000 0.000 0.000 4.312 87.432 96.680 96.669 88.243 88.889 88.749 88.662 88.578 88.499 88.424 88.352 88.283 88.217 88.151 88.087 88.024 92.964 48.894 0.000 0.000 0.000 0.000 0.000 0.000 0.000 0.000 0.000 20.842 80.814 39.784 0.000 0.000 0.000
11.571 10.592 11.575 11.573 11.579 11.589 11.603 13.618 0.000 9.704 9.716 31.730 44.743 27.749 13.745 28.733 37.728 29.748 18.788 8.796 9.772 9.721 11.656 11.586 11.517 20.441 33.322 32.242 20.183 14.154 31.141 0.000 16.082 12.075 8.070 0.000 0.000 0.000 0.000 0.000 0.000 69.294 89.616 96.694 87.555 90.138 93.840 88.770 88.683 88.603 88.528 88.457 88.389 88.324 88.262 88.201 88.141 90.081 66.041 0.000 0.000 0.000 0.000 0.000 0.000 0.000 0.000 0.000 0.000 17.640 80.580 62.503 2.352 0.000 0.000
11.626 11.632 11.633 11.638 11.650 11.668 11.693 11.730 9.799 17.805 32.824 47.846 43.864 12.873 11.863 11.826 15.793 26.827 32.941 37.958 28.924 18.853 8.765 9.682 10.613 10.567 0.000 0.000 21.161 31.151 31.144 0.000 0.000 29.073 0.000 0.000 0.000 0.000 0.000 0.000 11.286 85.472 88.762 96.710 88.437 89.994 90.868 88.781 88.700 88.624 88.553 88.486 88.423 88.363 88.306 88.251 91.194 70.118 3.079 0.000 0.000 0.000 0.000 0.000 0.000 0.000 0.000 0.000 0.000 15.500 77.361 77.270 45.170 0.000 0.000
47.675 47.680 44.687 31.698 22.716 14.741 11.773 13.814 32.862 46.897 48.931 36.966 16.998 12.018 12.008 14.916 0.000 0.000 13.192 14.173 24.112 33.005 37.873 28.764 17.688 6.647 0.000 0.000 14.151 38.147 12.143 0.000 0.000 0.000 0.000 0.000 0.000 0.000 0.000 0.000 21.359 85.617 96.749 96.728 88.291 89.029 88.868 88.789 88.711 88.640 88.574 88.512 88.454 88.400 88.349 91.303 72.268 0.000 0.000 0.000 0.000 0.000 0.000 0.000 0.000 0.000 0.000 25.701 2.711 0.000 42.096 82.047 60.948 33.762 30.631
33.722 33.727 39.738 46.754 47.778 47.808 45.846 47.891 48.941 36.989 22.039 13.091 12.144 12.196 13.238 0.000 0.000 0.000 10.463 19.433 12.349 13.184 16.957 27.817 37.730 38.688 0.000 0.000 31.146 32.144 9.140 4.137 0.000 0.000 0.000 0.000 0.000 0.000 0.000 0.000 23.495 86.843 96.773 89.673 91.249 90.939 90.873 90.790 90.717 90.651 90.591 90.535 90.483 90.434 92.388 76.346 8.307 0.000 0.000 0.000 0.000 0.000 0.000 0.000 0.000 15.641 62.663 71.692 52.722 2.780 9.880 81.876 68.813 47.709 48.610
11.765 11.771 10.784 17.805 40.833 47.870 41.914 31.966 21.023 13.083 12.146 12.215 12.293 12.385 12.511 10.742 14.866 0.000 11.767 10.747 8.669 9.426 0.000 0.000 0.000 0.000 0.000 0.000 0.000 0.000 15.137 24.136 0.000 0.000 0.000 0.000 0.000 0.000 0.000 0.000 62.603 96.829 96.799 69.451 66.087 65.942 65.859 65.784 66.717 66.658 66.604 66.554 66.509 68.466 59.425 6.385 0.000 0.000 0.000 0.000 0.000 0.000 0.000 4.593 60.599 53.621 55.656 87.684 83.707 39.738 2.770 70.764 71.720 48.653 45.579
