results3_8e4_norain/res_4e8_norain-0016.wd
ncols         241
nrows         181
xllcorner     12693529.787448
yllcorner     3542525.717860
cellsize      155.156523
NODATA_value  -9999.000000
[rows 102 to 135 of 181, columns 0 to 74 of 241]
14.938 17.937 0.000 0.000 0.000 0.000 37.818 42.820 52.837 0.000 0.000 0.000 0.000 0.000 0.000 0.000 0.000 0.000 11.046 8.009 25.938 39.865 14.803 0.000 0.000 0.000 0.000 0.000 0.000 0.000 17.439 18.440 18.450 18.463 18.476 17.481 17.488 16.494 17.551 22.591 34.628 28.657 0.000 43.931 44.983 23.055 30.138 47.228 41.325 28.425 18.525 24.627 25.734 28.857 13.919 0.000 0.000 0.000 0.000 0.000 0.000 0.000 0.000 0.000 0.000 31.629 28.636 28.647 26.661 26.679 26.700 26.723 26.750 25.780 24.813
28.941 11.939 11.934 13.926 15.913 34.893 42.863 42.854 42.857 44.864 18.866 0.000 0.000 6.420 13.422 14.422 0.000 0.000 34.125 42.077 36.969 32.893 15.848 0.000 0.000 0.000 0.000 0.000 0.000 0.000 0.000 18.427 17.443 16.453 17.453 18.433 18.433 18.442 18.471 19.503 38.539 33.581 16.634 18.766 29.855 40.939 18.027 30.122 31.224 24.329 44.431 27.531 19.632 0.000 0.000 0.000 0.000 0.000 0.000 0.000 0.000 0.000 0.000 0.000 0.000 31.640 26.645 26.653 26.665 26.680 26.698 24.718 22.741 24.767 30.795
43.947 33.945 14.941 18.933 36.921 42.906 42.889 42.878 42.874 37.872 9.869 15.868 0.000 0.000 32.426 40.423 40.398 24.345 39.252 46.208 0.000 0.000 0.000 0.000 0.000 0.000 0.000 0.000 0.000 0.000 0.000 18.400 0.000 0.000 0.000 19.367 18.368 18.373 18.388 19.412 35.447 40.493 17.556 18.646 18.733 36.819 37.910 16.009 24.121 43.239 35.339 13.434 0.000 0.000 0.000 0.000 0.000 0.000 0.000 0.000 0.000 0.000 0.000 0.000 0.000 31.647 26.650 26.657 26.667 25.679 24.694 29.711 30.731 31.752 32.776
43.959 43.956 38.952 41.945 42.935 42.923 42.910 42.899 42.890 38.882 13.874 30.869 0.000 0.000 10.436 34.447 42.427 43.387 42.334 47.296 0.000 0.000 0.000 0.000 0.000 0.000 0.000 0.000 0.000 0.000 0.000 18.374 0.000 0.000 20.292 18.302 18.299 18.295 18.297 18.312 35.343 40.391 17.454 18.531 18.612 19.696 40.785 34.887 42.012 32.167 13.252 0.000 0.000 0.000 0.000 0.000 0.000 0.000 0.000 0.000 0.000 0.000 0.000 0.000 29.650 26.650 26.653 26.659 26.667 25.676 27.688 31.702 32.719 32.737 32.757
41.974 42.972 42.968 42.962 42.954 42.944 42.932 42.920 42.907 43.894 38.879 45.867 0.000 0.000 0.000 17.505 40.479 42.443 43.401 31.348 0.000 0.000 0.000 0.000 0.000 0.000 0.000 0.000 0.000 0.000 0.000 12.349 17.325 17.303 16.282 18.253 18.233 18.212 18.195 18.198 35.225 40.273 17.338 18.412 18.491 18.570 23.650 46.741 26.876 0.000 0.000 0.000 0.000 0.000 0.000 0.000 0.000 0.000 0.000 0.000 0.000 0.000 0.000 0.000 0.000 33.652 29.655 30.660 28.665 24.671 31.680 32.692 30.706 30.721 27.738
38.993 43.992 42.989 42.984 42.977 42.968 42.957 42.944 42.928 42.908 43.885 36.854 20.804 11.747 5.679 32.591 42.542 42.507 47.483 0.000 0.000 0.000 0.000 0.000 0.000 0.000 0.000 0.000 0.000 0.000 0.000 0.000 0.000 0.000 0.000 18.194 18.170 18.128 18.073 18.061 34.087 41.141 18.213 18.292 18.370 18.443 18.505 24.551 0.000 0.000 0.000 0.000 0.000 0.000 0.000 0.000 0.000 0.000 0.000 0.000 0.000 0.000 0.000 0.000 0.000 0.000 0.000 0.000 0.000 33.663 31.671 32.681 29.692 24.705 33.717
39.016 44.015 43.013 43.010 43.005 42.997 42.986 42.972 42.953 42.930 43.900 28.862 7.814 6.760 15.701 39.640 42.594 42.561 48.542 0.000 0.000 0.000 0.000 0.000 0.000 0.000 0.000 0.000 0.000 0.000 0.000 0.000 0.000 0.000 0.000 14.160 18.128 15.055 17.911 17.887 36.922 40.992 18.081 18.173 18.256 18.326 18.379 15.410 0.000 0.000 0.000 0.000 0.000 0.000 0.000 0.000 0.000 0.000 0.000 0.000 0.000 25.549 0.000 0.000 0.000 0.000 0.000 0.000 29.638 30.649 32.659 32.669 29.679 25.690 35.700
42.042 43.042 43.042 43.040 43.037 43.030 43.021 43.006 42.986 42.959 42.924 39.882 16.833 17.780 34.727 41.676 42.635 42.603 49.584 0.000 0.000 0.000 0.000 0.000 0.000 0.000 0.000 0.000 0.000 0.000 0.000 0.000 0.000 0.000 0.000 0.000 14.126 0.000 16.631 17.656 45.723 32.826 17.949 18.064 18.158 31.229 21.276 16.300 0.000 0.000 0.000 0.000 0.000 0.000 0.000 0.000 0.000 0.000 0.000 0.000 0.000 36.550 21.550 0.000 0.000 0.000 0.000 30.617 33.628 32.638 29.647 25.656 25.666 23.676 27.689
43.070 43.071 43.073 43.074 43.073 43.070 43.062 43.049 43.028 42.999 42.959 42.910 44.856 44.803 43.751 42.706 42.667 44.636 33.609 0.000 0.000 0.000 0.000 0.000 0.000 0.000 0.000 0.000 0.000 0.000 0.000 0.000 0.000 0.000 0.000 0.000 0.000 0.000 16.327 17.383 51.489 20.643 17.824 17.977 30.084 39.155 18.199 18.214 17.190 0.000 0.000 0.000 0.000 0.000 0.000 0.000 0.000 0.000 0.000 0.000 0.000 32.550 33.552 20.555 0.000 26.587 28.595 32.608 31.618 29.628 28.637 24.645 32.652 35.659 0.000
42.098 41.102 43.108 43.113 43.115 43.115 43.111 43.101 43.082 43.051 43.005 42.945 42.883 42.824 42.773 42.730 43.695 26.665 0.000 0.000 3.654 17.652 0.000 0.000 0.000 0.000 0.000 0.000 0.000 0.000 0.000 0.000 0.000 0.000 0.000 0.000 0.000 0.000 11.968 23.062 46.210 17.432 14.730 17.936 18.046 18.112 18.151 18.169 18.168 15.167 0.000 0.000 0.000 0.000 0.000 0.000 0.000 0.000 0.000 0.000 0.000 27.550 23.553 29.558 24.568 32.580 32.590 31.601 27.611 30.620 25.627 24.634 24.641 17.649 0.000
32.125 32.134 41.146 43.156 43.162 43.166 43.168 43.164 43.149 43.119 43.066 43.985 44.908 42.841 42.787 42.747 42.722 0.000 0.000 3.666 13.658 23.653 22.648 15.644 7.642 0.000 0.000 0.000 0.000 0.000 0.000 0.000 0.000 0.000 0.000 14.982 18.049 18.207 15.516 14.688 23.859 12.145 0.000 13.994 18.052 18.097 18.126 18.142 17.148 0.000 0.000 0.000 0.000 0.000 0.000 0.000 29.533 40.533 0.000 0.000 28.545 26.549 26.552 23.558 31.566 32.576 32.586 29.596 32.606 32.613 30.620 25.625 14.628 0.000 0.000
14.144 19.166 38.187 44.205 43.213 43.222 43.233 43.239 43.235 43.213 45.158 31.022 26.925 41.848 46.789 43.752 38.726 20.708 23.692 29.675 23.662 24.654 3.650 0.000 0.000 0.000 0.000 0.000 0.000 0.000 0.000 0.000 0.000 0.000 5.915 11.916 14.959 15.057 15.202 15.315 17.394 0.000 0.000 0.000 13.074 18.098 18.116 18.128 18.134 0.000 0.000 0.000 0.000 0.000 0.000 0.000 46.533 28.534 26.537 26.539 26.543 26.547 24.551 29.556 32.563 32.572 28.581 32.593 32.603 31.609 25.614 26.617 16.619 0.000 0.000
0.000 13.200 32.235 45.264 46.267 46.278 44.304 43.327 44.341 43.342 44.333 0.000 0.000 0.805 18.772 39.748 46.723 44.707 44.695 30.684 0.000 0.000 0.000 0.000 0.000 0.000 0.000 0.000 0.000 0.000 0.000 0.000 0.000 0.000 0.000 10.810 14.818 12.859 13.923 15.978 17.010 0.000 0.000 0.000 0.000 11.105 18.114 18.121 15.127 0.000 0.000 0.000 0.000 0.000 0.000 0.000 0.000 42.535 25.537 25.539 26.542 25.545 25.549 31.554 32.560 30.569 18.574 0.000 36.605 30.607 30.610 30.612 16.613 0.000 0.000
0.000 0.000 17.293 23.352 17.313 19.323 36.379 44.428 40.461 33.483 32.500 0.000 0.000 0.000 0.000 0.000 11.713 37.705 44.698 0.000 0.000 0.000 0.000 0.000 0.000 0.000 0.000 0.000 0.000 0.000 0.000 0.000 0.000 0.000 0.000 10.697 16.643 15.639 24.655 25.665 15.660 0.000 0.000 0.000 0.000 0.000 15.114 16.117 0.000 0.000 0.000 0.000 0.000 0.000 0.000 0.000 0.000 47.536 50.537 30.539 24.541 22.543 32.547 32.550 27.555 0.000 0.000 0.000 0.000 35.606 32.607 32.609 22.610 0.000 0.000
0.000 0.000 0.000 7.540 0.000 0.000 8.462 37.548 28.592 24.632 38.687 5.794 0.000 0.000 0.000 0.000 0.000 0.000 13.696 0.000 0.000 0.000 0.000 0.000 0.000 0.000 0.000 0.000 0.000 0.000 0.000 0.000 0.000 0.000 0.000 1.573 15.421 13.402 43.393 36.370 14.305 16.131 0.000 0.000 0.000 0.000 10.113 0.000 0.000 0.000 0.000 0.000 0.000 0.000 0.000 0.000 0.000 0.000 35.537 52.539 37.540 31.542 32.544 27.547 0.000 0.000 0.000 0.000 0.000 27.604 32.605 32.606 27.608 0.000 0.000
0.000 0.000 0.000 39.731 0.000 0.000 0.000 29.711 31.731 42.768 44.823 47.903 53.993 0.000 0.000 0.000 0.000 0.000 0.000 0.000 0.000 0.000 0.000 0.000 0.000 0.000 0.000 0.000 0.000 0.000 0.000 0.000 0.000 0.000 0.000 0.000 8.161 16.156 46.146 28.118 16.059 14.958 19.848 0.000 0.000 0.000 0.000 0.000 0.000 0.000 0.000 0.000 0.000 0.000 0.000 0.000 0.000 0.000 0.000 0.000 40.541 30.542 28.543 0.000 0.000 0.000 0.000 0.000 26.600 25.602 27.604 21.605 0.000 0.000 0.000
0.000 0.000 16.986 34.924 42.962 11.956 24.922 47.856 44.856 43.887 43.938 44.004 44.085 50.185 53.249 9.284 0.000 0.000 13.405 27.406 20.405 22.403 0.000 0.000 0.000 0.000 0.000 0.000 0.000 0.000 0.000 0.000 0.000 0.000 0.000 0.000 8.908 37.918 39.917 16.898 14.857 14.797 17.739 0.000 0.000 0.000 0.000 0.000 0.000 0.000 0.000 0.000 0.000 0.000 0.000 0.000 0.000 0.000 0.000 0.000 0.000 0.000 0.000 0.000 0.000 0.000 0.000 28.599 23.600 21.600 0.000 0.000 0.000 0.000 0.000
41.136 44.102 44.051 42.017 40.008 40.985 42.957 42.936 43.952 44.990 45.038 44.094 37.158 41.225 44.279 48.322 52.368 53.394 45.406 41.409 38.408 33.404 35.400 28.396 0.000 0.000 0.000 0.000 0.000 0.000 0.000 0.000 0.000 0.000 0.000 32.535 21.647 50.691 41.708 28.703 15.677 14.633 14.574 18.483 14.482 0.000 0.000 0.000 0.000 0.000 0.000 0.000 0.000 0.000 0.000 0.000 0.000 0.000 0.000 0.000 0.000 0.000 0.000 0.000 0.000 0.000 0.000 0.000 0.000 0.000 0.000 0.000 0.000 0.000 0.000
44.171 39.123 37.099 36.089 30.072 27.021 27.986 27.983 34.028 39.083 39.132 32.180 16.229 31.279 44.322 44.359 44.390 44.410 44.419 44.419 45.414 45.408 48.401 49.395 49.390 49.387 0.000 0.000 0.000 0.000 0.000 0.000 0.000 0.000 0.000 4.425 30.453 35.494 19.521 36.529 24.516 14.485 14.442 17.395 0.000 0.000 0.000 0.000 0.000 0.000 0.000 0.000 0.000 0.000 0.000 0.000 0.000 0.000 0.000 0.000 0.000 0.000 0.000 0.000 0.000 0.000 0.000 0.000 0.000 0.000 0.000 0.000 0.000 0.000 0.000
14.256 0.000 9.134 23.171 21.170 1.097 0.000 0.000 2.109 19.186 18.228 11.266 6.303 16.340 37.374 45.403 44.426 44.439 44.442 44.436 44.424 48.414 23.403 11.395 10.390 14.387 17.385 0.000 0.000 0.000 0.000 0.000 0.000 0.000 0.000 2.221 38.248 21.310 13.357 23.377 34.373 18.352 14.315 14.262 20.181 0.000 0.000 0.000 0.000 0.000 0.000 0.000 0.000 0.000 0.000 0.000 0.000 0.000 0.000 0.000 0.000 0.000 0.000 0.000 0.000 0.000 0.000 0.000 0.000 0.000 0.000 0.000 0.000 0.000 69.044
4.342 0.000 0.000 12.293 8.295 0.000 0.000 0.000 0.000 9.319 7.332 7.354 8.379 6.407 25.433 42.456 44.473 44.481 44.477 44.460 43.435 6.424 0.000 0.000 0.000 0.000 0.000 0.000 0.000 0.000 0.000 0.000 0.000 0.000 8.684 25.832 43.011 20.143 14.220 12.249 29.251 31.235 17.204 14.160 14.101 17.030 25.999 0.000 0.000 0.000 0.000 0.000 0.000 0.000 0.000 0.000 0.000 0.000 0.000 0.000 0.000 0.000 0.000 0.000 0.000 0.000 0.000 0.000 0.000 0.000 0.000 0.000 0.000 0.000 67.121
17.431 13.462 8.458 7.415 8.423 10.485 11.513 14.517 13.497 9.440 8.430 8.439 8.456 7.477 14.498 36.517 45.531 44.536 46.528 18.493 0.000 0.000 0.000 0.000 0.000 0.000 0.000 0.000 0.000 0.000 0.000 0.000 1.532 15.534 12.537 33.642 30.820 5.032 12.133 14.150 16.149 29.133 21.108 16.073 14.033 12.993 29.969 20.954 14.952 0.000 0.000 0.000 0.000 0.000 0.000 0.000 0.000 0.000 0.000 0.000 0.000 0.000 0.000 0.000 0.000 0.000 0.000 0.000 0.000 0.000 0.000 0.000 0.000 3.377 80.268
7.491 8.499 8.498 8.490 8.497 8.522 8.539 8.544 8.535 8.516 8.511 8.518 8.531 8.549 6.567 27.585 44.599 46.607 42.609 0.000 0.000 0.000 0.000 0.000 0.000 0.000 0.000 0.000 0.000 0.000 0.000 0.000 0.000 0.000 16.290 42.379 16.599 0.000 0.028 15.070 13.061 17.044 18.021 26.994 15.966 13.942 12.930 8.941 0.000 0.000 0.000 0.000 0.000 0.000 0.000 0.000 0.000 0.000 0.000 0.000 0.000 0.000 0.000 0.000 0.000 0.000 0.000 0.000 0.000 0.000 0.000 0.000 8.575 73.487 83.395
8.545 8.548 8.549 8.549 8.556 8.569 8.580 7.586 7.585 8.582 8.583 8.591 8.605 8.621 7.640 15.658 30.674 41.686 29.693 0.000 0.000 0.000 0.000 0.000 0.000 0.000 0.000 0.000 0.000 0.000 0.000 0.000 0.000 0.000 24.956 49.986 0.000 0.000 0.000 16.002 13.983 12.962 20.941 31.918 19.897 13.880 17.870 0.000 0.000 0.000 0.000 0.000 0.000 0.000 0.000 0.000 0.000 0.000 0.000 0.000 0.000 0.000 0.000 0.000 0.000 0.000 0.000 0.000 0.000 0.000 0.000 0.000 65.664 79.601 79.523
8.598 8.600 8.602 8.605 8.611 8.620 8.629 12.635 13.640 9.644 8.651 8.661 8.676 8.694 8.714 7.735 10.756 19.773 19.785 0.000 0.000 0.000 0.000 0.000 0.000 0.000 0.000 0.000 0.000 0.000 0.000 0.000 0.000 0.000 28.592 43.626 0.000 0.000 0.000 12.954 13.907 13.882 12.862 17.843 19.825 15.811 17.803 0.000 0.000 0.000 0.000 0.000 0.000 0.000 0.000 0.000 0.000 0.000 0.000 0.000 0.000 0.000 0.000 0.000 0.000 0.000 0.000 0.000 0.000 0.000 0.000 49.924 58.817 58.732 58.652
8.652 8.653 8.656 8.660 8.666 8.673 7.681 19.689 24.697 11.705 8.716 8.730 8.747 8.767 8.790 8.816 8.842 7.869 10.891 0.000 0.000 0.000 0.000 0.000 0.000 0.000 0.000 0.000 0.000 0.000 0.000 0.000 0.000 8.964 51.196 25.302 25.246 0.000 0.000 0.000 15.811 13.799 13.783 11.767 27.751 31.737 25.728 0.000 0.000 0.000 0.000 0.000 0.000 0.000 0.000 0.000 0.000 0.000 0.000 0.000 0.000 0.000 0.000 0.000 0.000 0.000 0.000 0.000 0.000 0.000 24.118 75.033 60.944 73.868 95.741
8.706 8.707 8.710 8.715 8.721 8.728 7.736 20.745 26.755 10.767 8.780 8.797 8.817 8.840 8.866 8.896 8.930 8.970 9.021 15.106 0.000 0.000 0.000 0.000 0.000 0.000 0.000 6.784 14.786 18.802 0.000 0.000 4.530 42.733 40.928 21.140 3.192 0.000 0.000 0.000 15.728 14.720 17.708 12.692 21.676 44.660 41.646 0.000 0.000 0.000 0.000 0.000 0.000 0.000 0.000 0.000 0.000 0.000 0.000 0.000 0.000 0.000 0.000 0.000 0.000 0.000 0.000 0.000 0.000 0.000 61.205 117.144 100.070 121.970 100.553
5.761 6.762 7.765 7.770 8.776 8.783 6.792 21.803 24.814 7.828 8.844 8.863 8.885 8.911 8.940 8.975 9.015 9.062 9.120 9.193 15.273 0.000 0.000 0.000 0.000 0.000 0.000 0.000 13.774 9.819 12.927 17.088 29.328 46.513 30.644 0.000 0.000 0.000 0.000 0.000 14.654 17.648 30.636 16.620 26.602 27.581 46.552 50.492 33.467 0.000 0.000 0.000 0.000 0.000 0.000 0.000 0.000 0.000 0.000 0.000 0.000 0.000 0.000 0.000 0.000 0.000 0.000 0.000 0.000 47.458 57.352 58.270 61.193 80.161 99.738
26.816 21.818 16.821 14.826 10.832 6.840 6.849 21.860 24.873 6.888 8.906 8.927 8.951 8.980 9.012 9.050 8.094 7.145 8.205 8.276 8.355 14.439 0.000 0.000 0.000 0.000 0.000 0.000 19.719 13.775 8.874 22.012 45.183 39.346 7.495 0.000 0.000 0.000 0.000 0.000 13.589 18.582 25.569 20.552 25.533 24.512 37.488 31.460 24.444 0.000 0.000 0.000 0.000 0.000 0.000 0.000 0.000 0.000 0.000 0.000 0.000 0.000 0.000 0.000 0.000 0.000 0.000 0.000 24.652 52.565 121.475 85.400 117.275 100.940 98.981
46.872 45.874 41.877 36.882 32.888 27.897 22.906 18.918 13.932 7.948 8.967 8.990 9.016 9.046 8.081 10.121 16.168 21.221 20.282 18.353 12.432 7.525 11.642 17.716 0.000 0.000 0.000 1.487 24.611 15.688 11.785 34.905 47.048 3.196 0.000 0.000 0.000 0.000 0.000 0.000 12.532 17.524 33.507 23.486 16.467 9.448 15.431 33.415 30.406 36.404 0.000 0.000 0.000 0.000 0.000 0.000 0.000 0.000 0.000 0.000 0.000 0.000 0.000 0.000 0.000 0.000 0.000 0.000 59.740 50.673 60.597 83.483 59.648 99.095 90.424
37.928 42.930 46.933 46.938 48.945 48.954 42.964 33.976 19.991 9.008 8.027 9.051 8.078 7.110 12.146 26.188 37.236 42.291 42.352 39.422 31.500 22.588 13.688 7.791 12.930 15.057 14.187 15.336 13.481 8.582 22.675 45.775 12.911 0.000 0.000 0.000 0.000 7.466 19.467 16.472 18.485 24.475 42.449 28.422 12.401 11.385 11.374 23.366 44.361 0.000 0.000 0.000 0.000 0.000 0.000 0.000 0.000 0.000 0.000 0.000 0.000 0.000 0.000 0.000 0.000 0.000 0.000 36.016 58.896 62.796 62.681 72.759 100.216 90.543 90.485
15.985 17.987 20.990 26.995 37.002 43.011 48.021 48.034 41.048 27.066 16.086 10.110 14.138 21.171 34.208 49.252 48.300 45.355 45.416 48.484 48.559 44.642 32.733 20.832 12.944 8.056 9.171 8.288 9.398 17.487 39.560 47.611 0.000 0.000 0.000 0.000 0.000 0.000 11.465 20.465 21.464 18.444 19.394 29.353 24.330 17.319 21.314 29.314 42.314 0.000 0.000 0.000 0.000 0.000 0.000 0.000 0.000 0.000 0.000 0.000 0.000 0.000 0.000 0.000 0.000 0.000 43.263 65.136 61.002 69.964 61.017 100.364 89.113 90.594 95.836
8.042 8.043 8.047 10.052 15.059 19.068 26.079 35.091 43.106 46.123 40.143 38.167 40.195 43.229 42.267 35.311 26.361 24.415 24.475 29.540 35.612 42.689 45.773 44.862 33.958 24.056 19.154 17.249 26.337 42.411 43.467 29.500 0.000 0.000 0.000 0.000 0.000 0.000 0.000 21.459 0.455 0.000 3.330 18.269 33.249 37.247 39.253 40.262 36.268 0.000 0.000 0.000 0.000 0.000 0.000 0.000 0.000 0.000 0.000 0.000 0.000 0.000 27.875 0.000 63.620 85.540 118.362 74.303 69.335 50.275 86.325 90.786 90.669 99.436 88.934
9.099 9.101 9.104 9.110 8.117 7.126 9.136 14.148 20.163 30.179 40.199 42.222 35.249 25.283 19.322 11.367 7.417 7.472 7.530 9.593 14.660 20.732 27.808 39.888 44.972 47.057 46.140 42.220 45.293 38.354 20.399 12.424 0.000 0.000 0.000 0.000 0.000 0.000 0.000 20.455 0.000 0.000 0.000 21.143 40.151 48.168 34.191 37.215 23.228 0.000 0.000 0.000 0.000 0.000 0.000 0.000 0.000 0.000 0.000 0.000 0.000 14.875 33.876 106.819 135.705 118.563 102.091 101.011 92.665 91.306 91.145 90.973 56.216 101.126 92.728
