results3_8e4_norain/res_4e8_norain.inittm
ncols         241
nrows         181
xllcorner     12693529.787448
yllcorner     3542525.717860
cellsize      155.156523
NODATA_value  -9999.000000
[rows 84 to 111 of 181, columns 64 to 127 of 241]
12.493 12.445 12.408 11.013 10.947 10.880 10.326 10.324 10.732 10.928 10.984 10.019 9.686 9.616 9.401 9.366 9.359 9.301 9.380 9.438 34.539 -9999.000 -9999.000 -9999.000 -9999.000 -9999.000 -9999.000 -9999.000 -9999.000 -9999.000 -9999.000 -9999.000 -9999.000 -9999.000 7.612 3.795 1.896 1.600 1.529 1.462 0.000 1.204 1.241 1.522 1.624 1.741 1.853 1.955 3.696 7.209 -9999.000 -9999.000 -9999.000 -9999.000 -9999.000 -9999.000 -9999.000 52.944 52.958 52.909 52.941 52.991 53.055 53.140
38.144 33.450 11.153 11.086 11.984 9.894 9.711 9.691 9.705 10.873 10.895 9.897 9.619 9.549 9.482 9.325 9.286 9.247 9.330 9.387 -9999.000 -9999.000 -9999.000 -9999.000 -9999.000 -9999.000 -9999.000 -9999.000 -9999.000 -9999.000 -9999.000 -9999.000 -9999.000 -9999.000 6.173 2.452 1.608 1.536 1.461 0.000 0.000 0.955 1.485 1.567 1.660 1.760 1.862 1.929 4.859 6.361 -9999.000 -9999.000 54.467 -9999.000 53.476 52.936 52.889 52.837 52.609 52.610 52.694 52.791 52.883 52.989
-9999.000 -9999.000 -9999.000 36.639 9.956 9.812 9.681 9.648 9.604 10.129 9.997 9.739 9.556 9.431 9.361 9.287 9.229 9.185 9.586 9.456 -9999.000 -9999.000 -9999.000 -9999.000 -9999.000 -9999.000 -9999.000 -9999.000 -9999.000 -9999.000 -9999.000 -9999.000 -9999.000 9.533 3.838 1.816 1.553 1.482 1.415 0.000 1.171 1.205 1.478 1.573 1.676 1.776 1.873 1.936 5.768 10.682 -9999.000 -9999.000 54.379 -9999.000 55.473 52.824 52.820 52.499 52.131 52.207 52.377 52.559 52.710 52.846
-9999.000 -9999.000 -9999.000 21.911 9.835 9.746 9.649 9.611 9.550 10.081 9.993 9.894 9.843 9.786 9.725 9.653 9.182 8.989 8.851 36.354 -9999.000 -9999.000 -9999.000 -9999.000 -9999.000 -9999.000 -9999.000 -9999.000 -9999.000 -9999.000 -9999.000 -9999.000 61.031 6.787 2.896 1.564 1.496 1.416 0.000 0.000 0.932 1.442 1.522 1.611 1.705 1.797 1.885 2.795 14.373 -9999.000 -9999.000 -9999.000 54.178 52.446 52.397 52.520 52.576 52.076 51.592 51.739 51.983 52.262 52.506 52.701
60.991 60.632 25.202 10.346 10.292 12.049 9.566 9.542 9.277 9.401 9.296 8.925 8.670 8.500 8.263 7.880 7.924 7.952 7.922 -9999.000 -9999.000 25.941 -9999.000 -9999.000 -9999.000 -9999.000 -9999.000 -9999.000 16.909 15.073 -9999.000 -9999.000 8.187 3.631 1.732 1.509 1.457 1.397 0.000 1.382 1.434 1.499 1.570 1.649 1.733 1.816 1.874 4.010 -9999.000 -9999.000 -9999.000 -9999.000 -9999.000 53.990 52.332 52.270 51.820 51.619 51.161 51.341 51.601 51.921 52.260 52.542
11.133 10.989 10.336 10.262 10.182 10.161 9.307 8.884 8.754 8.647 9.094 8.306 7.985 7.889 7.852 7.817 7.959 7.918 7.874 28.755 8.152 6.808 23.076 52.303 -9999.000 -9999.000 -9999.000 73.406 16.101 14.971 -9999.000 28.008 5.298 1.995 1.473 1.444 1.392 1.354 0.000 1.139 1.388 1.476 1.577 1.669 1.752 1.832 1.883 12.301 -9999.000 -9999.000 -9999.000 -9999.000 -9999.000 68.123 52.141 -9999.000 -9999.000 54.220 50.821 51.019 51.280 51.607 51.995 54.313
11.284 47.694 -9999.000 37.653 9.412 9.375 8.911 8.749 8.619 8.504 8.401 8.234 7.935 7.873 7.827 7.785 7.934 7.928 7.831 6.959 6.810 6.794 6.781 6.637 -9999.000 -9999.000 -9999.000 16.059 14.879 14.913 18.109 5.463 2.626 1.472 1.430 1.378 1.317 0.000 1.354 1.387 1.456 1.532 1.612 1.692 1.769 1.815 7.711 -9999.000 -9999.000 -9999.000 -9999.000 -9999.000 -9999.000 57.502 51.233 -9999.000 -9999.000 62.206 50.547 50.750 51.012 51.344 51.766 59.899
11.887 25.552 -9999.000 -9999.000 36.980 8.908 8.812 8.638 8.506 8.387 8.271 8.163 8.852 8.661 7.803 7.738 7.670 7.628 7.428 7.057 6.889 7.091 7.362 6.616 -9999.000 -9999.000 -9999.000 16.747 14.839 14.789 5.175 3.603 2.200 1.414 1.368 1.313 0.000 0.000 1.337 1.419 1.498 1.569 1.640 1.712 1.783 1.830 -9999.000 -9999.000 -9999.000 40.051 -9999.000 -9999.000 54.999 50.870 51.007 50.408 -9999.000 61.711 50.328 50.524 50.789 51.148 55.477 55.581
18.109 17.594 20.551 -9999.000 -9999.000 33.719 8.644 8.568 8.421 8.287 8.162 8.053 7.960 7.886 7.820 7.747 7.695 7.646 7.179 6.888 6.914 7.240 7.395 6.481 -9999.000 -9999.000 -9999.000 16.955 -9999.000 6.297 3.557 2.688 1.396 1.350 1.297 1.259 0.000 1.298 1.371 1.443 1.515 1.586 1.656 1.725 1.763 3.521 -9999.000 -9999.000 19.218 20.394 -9999.000 -9999.000 -9999.000 50.696 50.577 50.326 46.662 47.246 47.862 50.332 50.650 51.217 59.520 55.669
12.903 17.445 17.576 55.239 -9999.000 -9999.000 43.091 8.489 8.417 8.296 8.188 8.094 8.010 7.939 7.872 7.817 7.761 7.337 7.023 6.819 7.097 7.366 7.305 6.451 17.207 32.342 29.991 29.895 27.813 5.314 2.979 1.807 1.337 1.284 1.224 0.000 0.000 1.278 1.361 1.442 1.519 1.593 1.664 1.703 10.853 7.004 25.833 18.142 18.201 -9999.000 -9999.000 -9999.000 -9999.000 50.552 50.441 50.277 46.225 46.243 67.564 50.425 50.901 55.425 55.529 55.609
51.104 17.550 18.874 52.094 -9999.000 -9999.000 18.293 8.518 8.435 8.327 8.231 8.148 8.072 8.004 7.943 7.941 7.846 7.180 6.708 6.568 6.532 6.496 6.460 6.428 6.122 6.070 6.096 -9999.000 9.785 3.594 2.598 1.319 1.275 1.222 0.000 0.000 1.041 1.264 1.351 1.439 1.520 1.596 1.669 1.705 -9999.000 11.916 11.974 18.086 18.216 -9999.000 -9999.000 -9999.000 62.315 50.424 50.300 46.640 45.557 52.744 -9999.000 -9999.000 53.693 59.281 55.616 55.723
-9999.000 50.072 18.904 46.871 -9999.000 -9999.000 8.661 8.593 8.475 8.375 8.289 8.213 8.142 8.079 8.182 8.069 7.720 7.201 24.437 -9999.000 -9999.000 -9999.000 13.308 6.447 6.472 6.023 12.150 -9999.000 8.128 2.894 1.706 1.259 1.212 1.180 0.000 1.013 1.220 1.294 1.372 1.450 1.526 1.602 1.655 1.892 64.696 65.125 -9999.000 -9999.000 -9999.000 -9999.000 -9999.000 65.053 50.483 50.521 52.441 45.461 45.480 -9999.000 -9999.000 -9999.000 76.248 59.495 55.737 55.875
-9999.000 -9999.000 40.633 72.849 67.147 11.695 8.731 8.644 8.535 8.442 8.359 8.285 8.220 8.662 8.576 7.863 7.489 7.224 49.767 -9999.000 -9999.000 -9999.000 -9999.000 11.978 6.110 5.984 9.123 8.426 4.307 2.176 1.247 1.201 1.153 0.000 0.000 1.000 1.213 1.293 1.380 1.460 1.537 1.613 1.656 3.753 -9999.000 -9999.000 -9999.000 -9999.000 -9999.000 -9999.000 -9999.000 64.678 50.368 50.270 54.186 44.889 -9999.000 -9999.000 -9999.000 68.608 56.334 56.161 55.953 57.962
-9999.000 10.644 40.529 -9999.000 35.599 9.532 9.639 8.713 8.610 8.519 8.438 8.367 8.309 8.762 8.683 7.642 7.390 7.291 58.308 -9999.000 -9999.000 -9999.000 -9999.000 42.148 5.705 5.675 4.944 3.605 2.309 1.381 1.194 1.149 0.000 0.000 0.977 1.186 1.251 1.327 1.409 1.491 1.566 1.604 6.054 15.691 -9999.000 -9999.000 -9999.000 -9999.000 -9999.000 -9999.000 58.193 50.418 50.273 48.442 52.252 44.845 -9999.000 -9999.000 64.241 64.285 56.311 56.254 57.645 68.237
54.275 9.931 11.529 26.392 9.822 8.912 8.866 8.794 8.694 8.606 8.528 8.461 8.413 9.116 8.023 7.443 7.404 7.411 17.163 -9999.000 -9999.000 -9999.000 -9999.000 -9999.000 57.883 67.709 6.491 2.851 2.074 1.189 1.141 1.108 0.000 1.138 1.182 1.236 1.298 1.341 1.465 1.557 1.593 1.619 30.794 -9999.000 -9999.000 -9999.000 -9999.000 -9999.000 -9999.000 49.472 49.323 49.266 49.189 44.829 44.774 44.808 -9999.000 -9999.000 64.037 64.199 57.408 57.820 57.710 67.199
64.535 9.906 9.894 10.566 29.953 37.044 8.914 9.823 8.784 8.701 8.628 8.568 8.572 8.473 7.572 7.455 7.494 7.934 8.005 13.795 -9999.000 -9999.000 -9999.000 -9999.000 -9999.000 -9999.000 71.209 4.444 1.175 1.135 1.083 0.000 0.000 1.123 1.189 1.260 1.326 1.373 1.437 1.561 1.583 6.517 -9999.000 -9999.000 -9999.000 -9999.000 -9999.000 -9999.000 -9999.000 50.467 49.376 62.971 -9999.000 45.638 44.232 44.757 43.851 44.417 45.554 -9999.000 68.716 58.626 57.764 57.820
10.451 9.894 9.529 9.872 16.831 14.922 9.219 9.411 8.874 8.798 8.733 9.291 10.440 7.976 7.519 7.474 7.493 7.881 8.921 9.008 9.199 73.731 -9999.000 47.978 8.100 27.598 -9999.000 5.614 1.093 1.082 0.838 0.000 1.093 1.151 1.211 1.275 1.341 1.402 1.466 1.515 1.649 16.954 -9999.000 -9999.000 -9999.000 -9999.000 -9999.000 -9999.000 69.691 53.417 50.116 -9999.000 -9999.000 49.127 44.169 44.408 43.662 43.712 -9999.000 -9999.000 73.789 58.771 58.945 57.866
10.234 9.963 9.490 9.429 9.385 9.249 9.161 9.055 8.963 8.898 9.366 9.235 7.923 7.593 7.540 30.558 -9999.000 41.377 8.988 27.796 -9999.000 -9999.000 -9999.000 20.572 3.652 3.909 4.731 2.902 1.058 1.041 0.000 0.922 1.087 1.153 1.220 1.286 1.349 1.410 1.454 1.685 3.665 20.925 -9999.000 -9999.000 -9999.000 -9999.000 -9999.000 59.256 49.777 49.919 50.035 -9999.000 -9999.000 44.765 42.774 43.172 43.518 -9999.000 -9999.000 -9999.000 -9999.000 -9999.000 65.767 58.948
-9999.000 9.823 9.701 9.518 9.437 9.329 9.234 9.141 9.055 9.439 9.965 7.834 7.613 7.586 7.563 50.853 -9999.000 -9999.000 -9999.000 -9999.000 -9999.000 -9999.000 -9999.000 32.875 3.038 2.191 1.073 1.028 1.016 0.000 0.000 1.057 1.117 1.176 1.236 1.296 1.357 1.424 1.464 7.604 43.289 -9999.000 -9999.000 -9999.000 -9999.000 -9999.000 -9999.000 46.858 49.689 49.766 51.618 47.546 -9999.000 49.942 42.670 42.774 42.936 -9999.000 -9999.000 -9999.000 -9999.000 -9999.000 66.468 58.490
-9999.000 9.844 9.748 9.601 9.505 9.414 9.328 10.156 11.971 10.040 7.801 7.676 7.644 7.710 7.578 32.479 -9999.000 -9999.000 -9999.000 -9999.000 -9999.000 -9999.000 -9999.000 14.575 2.130 1.511 1.033 0.993 0.802 0.000 1.026 1.084 1.140 1.194 1.248 1.305 1.343 1.377 6.005 20.018 -9999.000 -9999.000 -9999.000 -9999.000 -9999.000 -9999.000 43.797 46.746 55.236 48.126 45.165 47.484 48.902 43.044 42.641 44.138 43.225 -9999.000 -9999.000 -9999.000 -9999.000 -9999.000 64.754 58.348
-9999.000 9.933 9.853 9.705 9.601 10.061 10.874 8.064 7.905 7.796 7.732 7.706 7.721 28.450 -9999.000 62.550 62.728 -9999.000 -9999.000 -9999.000 -9999.000 -9999.000 27.154 3.705 2.072 1.444 1.150 0.790 0.000 0.000 1.014 1.077 1.144 1.199 1.254 1.289 5.648 34.169 -9999.000 20.093 27.084 -9999.000 -9999.000 -9999.000 -9999.000 59.019 41.778 41.837 42.811 43.800 43.665 44.009 43.855 42.220 42.608 49.016 47.700 -9999.000 -9999.000 -9999.000 -9999.000 -9999.000 64.766 58.372
10.495 10.307 10.029 9.842 9.723 10.170 8.595 7.870 7.808 7.783 7.758 8.107 7.742 23.276 -9999.000 -9999.000 62.795 -9999.000 -9999.000 -9999.000 -9999.000 63.484 3.729 2.180 1.126 1.128 0.978 0.000 0.000 0.991 1.043 1.099 1.152 1.204 1.260 1.298 4.455 -9999.000 -9999.000 -9999.000 -9999.000 -9999.000 -9999.000 -9999.000 -9999.000 -9999.000 41.722 41.734 41.785 41.906 43.273 42.704 41.991 42.202 44.310 49.914 49.119 -9999.000 -9999.000 -9999.000 -9999.000 -9999.000 65.387 58.400
-9999.000 10.218 10.134 9.885 9.812 11.110 7.982 7.888 7.921 7.911 8.456 8.737 7.761 13.264 -9999.000 -9999.000 64.279 -9999.000 -9999.000 -9999.000 -9999.000 4.019 2.883 1.212 0.971 0.941 0.945 0.000 1.140 1.180 1.762 1.344 1.204 1.252 1.288 2.152 3.594 19.980 -9999.000 -9999.000 -9999.000 -9999.000 -9999.000 -9999.000 -9999.000 46.559 41.648 41.671 41.778 41.831 41.186 41.227 41.971 44.629 48.919 49.896 52.000 52.082 -9999.000 -9999.000 -9999.000 -9999.000 69.903 58.749
-9999.000 -9999.000 -9999.000 -9999.000 -9999.000 8.043 8.016 7.918 8.114 10.719 8.498 8.805 -9999.000 -9999.000 -9999.000 -9999.000 -9999.000 -9999.000 -9999.000 -9999.000 -9999.000 2.522 2.060 0.978 0.941 0.815 0.000 0.000 0.957 1.151 1.199 1.251 1.343 1.328 1.336 6.773 -9999.000 -9999.000 -9999.000 -9999.000 -9999.000 -9999.000 -9999.000 75.845 46.381 39.970 40.177 40.565 42.906 41.786 41.144 41.186 41.250 42.591 45.184 51.989 52.146 52.251 -9999.000 -9999.000 -9999.000 -9999.000 -9999.000 60.373
-9999.000 -9999.000 -9999.000 -9999.000 8.256 8.129 7.982 7.949 8.175 10.169 8.547 12.226 -9999.000 -9999.000 -9999.000 -9999.000 -9999.000 -9999.000 -9999.000 -9999.000 3.661 2.776 0.998 0.963 0.922 0.000 0.000 0.935 0.982 1.035 1.089 1.140 1.188 1.224 7.887 -9999.000 -9999.000 -9999.000 -9999.000 -9999.000 -9999.000 -9999.000 46.091 39.527 39.619 39.854 40.053 40.173 40.239 40.733 41.092 -9999.000 47.509 42.616 43.839 53.606 52.194 52.679 -9999.000 -9999.000 -9999.000 -9999.000 -9999.000 63.185
-9999.000 -9999.000 -9999.000 8.309 8.184 8.157 8.216 10.486 10.449 11.594 9.282 9.478 38.823 -9999.000 -9999.000 -9999.000 -9999.000 -9999.000 -9999.000 17.900 2.335 1.134 0.961 0.928 0.889 0.000 0.913 0.958 1.005 1.054 1.101 1.136 1.172 5.668 -9999.000 -9999.000 -9999.000 -9999.000 -9999.000 -9999.000 44.422 39.149 39.201 39.499 39.554 39.662 39.847 40.073 40.229 40.368 40.434 -9999.000 -9999.000 57.852 46.035 55.679 51.245 51.247 -9999.000 -9999.000 -9999.000 -9999.000 -9999.000 68.214
-9999.000 10.348 8.829 8.289 8.273 8.384 8.484 11.353 10.500 10.557 -9999.000 9.527 10.174 21.189 -9999.000 -9999.000 -9999.000 -9999.000 34.934 3.314 1.509 0.916 0.922 0.887 0.000 0.000 0.901 0.953 1.009 1.062 1.098 1.131 5.577 -9999.000 -9999.000 -9999.000 -9999.000 -9999.000 60.343 46.203 38.978 39.133 39.161 41.333 41.441 41.546 41.055 40.228 40.335 40.376 65.765 -9999.000 -9999.000 -9999.000 48.940 51.503 49.993 50.324 -9999.000 -9999.000 -9999.000 -9999.000 -9999.000 -9999.000
11.559 8.387 8.362 8.346 9.621 8.420 10.689 11.434 11.423 19.881 -9999.000 9.585 13.442 13.517 16.434 -9999.000 -9999.000 66.921 3.137 2.224 0.865 0.877 0.880 0.858 0.000 0.876 0.924 0.972 1.022 1.059 1.094 6.738 -9999.000 -9999.000 -9999.000 -9999.000 -9999.000 45.098 38.554 38.752 38.956 38.980 39.023 39.051 39.075 39.229 39.661 44.412 40.533 40.161 -9999.000 -9999.000 -9999.000 -9999.000 49.015 49.104 49.149 50.225 -9999.000 -9999.000 -9999.000 -9999.000 -9999.000 -9999.000
