results3_8e4_norain/res_4e8_norain-0016.wd
ncols         241
nrows         181
xllcorner     12693529.787448
yllcorner     3542525.717860
cellsize      155.156523
NODATA_value  -9999.000000
[rows 34 to 67 of 181, columns 75 to 149 of 241]
0.000 0.000 0.000 0.000 0.000 0.000 0.000 0.000 0.000 0.000 0.000 0.000 0.000 0.000 0.000 0.000 0.000 0.000 0.000 0.000 0.000 0.000 0.000 0.000 0.000 0.000 0.000 0.000 0.000 0.000 0.000 0.000 0.000 0.000 0.000 0.000 0.000 0.000 0.000 0.000 0.000 0.000 0.000 0.000 6.252 0.000 0.000 4.660 28.722 27.774 17.833 13.900 13.979 14.065 14.155 13.229 35.244 33.115 0.000 19.495 32.293 45.908 50.638 50.390 50.169 49.868 51.108 47.280 46.571 47.167 49.630 49.016 48.922 48.737 49.570
0.000 0.000 0.000 0.000 0.000 0.000 0.000 0.000 0.000 0.000 0.000 0.000 0.000 0.000 0.000 0.000 6.254 38.254 0.000 0.000 0.000 0.000 0.000 0.000 0.000 0.000 0.000 0.000 0.000 0.000 0.000 0.000 0.000 0.000 0.000 0.000 0.000 0.000 0.000 0.000 0.000 0.000 0.000 0.000 0.000 0.000 0.000 0.000 6.810 24.847 24.905 15.981 14.076 14.193 12.335 28.489 37.604 0.000 4.884 29.698 44.477 51.193 50.918 50.672 50.347 52.563 48.709 46.825 47.580 50.063 49.454 49.362 49.175 49.003 48.831
0.000 0.000 0.000 0.000 0.000 0.000 0.000 0.000 0.000 0.000 31.237 0.000 0.000 0.000 0.000 0.000 13.255 64.255 20.256 0.000 0.000 0.000 0.000 0.000 0.000 0.000 0.000 0.000 0.000 0.000 0.000 0.000 0.000 0.000 0.000 0.000 0.000 0.000 0.000 0.000 0.000 0.000 0.000 0.000 1.750 2.761 9.775 0.000 5.863 13.901 26.962 18.044 14.152 11.298 22.503 32.787 22.081 0.000 29.070 46.936 51.727 51.464 51.202 50.852 51.041 50.160 47.185 48.016 50.510 49.903 49.813 49.623 49.446 49.265 49.087
0.000 0.000 0.000 0.000 0.000 0.000 0.000 0.000 0.000 14.237 49.237 38.239 25.240 0.000 0.000 0.000 52.256 60.257 25.257 0.000 0.000 0.000 0.000 0.242 0.000 0.000 0.000 0.000 0.000 0.000 0.000 0.000 0.000 0.000 0.000 0.000 0.000 0.000 0.000 0.000 6.641 0.000 0.000 17.722 32.740 35.761 33.789 19.834 13.879 12.932 26.998 18.082 10.192 24.346 38.593 27.077 15.853 31.394 36.392 49.252 52.025 51.764 51.394 51.550 49.643 47.655 48.482 50.980 50.375 50.284 50.090 49.905 49.715 49.526 49.339
0.000 0.000 0.000 0.000 0.000 0.000 0.000 0.000 0.000 0.000 47.238 30.239 11.242 0.000 0.000 44.258 55.258 62.259 21.259 0.000 0.000 0.000 0.000 38.302 22.307 0.000 0.000 0.000 0.000 0.000 0.000 0.000 0.000 0.000 1.561 13.562 15.565 0.000 0.000 0.000 22.642 1.657 15.678 38.705 41.728 42.754 39.788 26.836 13.889 10.949 28.019 19.096 23.187 41.302 35.447 0.000 14.859 33.939 46.852 52.650 52.388 51.996 52.111 50.174 48.253 48.987 51.482 50.878 50.785 50.586 50.391 50.187 49.984 49.786 49.587
0.000 0.000 0.000 0.000 0.000 0.000 0.000 0.000 0.000 0.000 0.000 0.000 36.248 32.252 20.256 33.258 53.260 64.261 17.263 0.000 0.000 0.000 0.000 0.294 24.312 26.320 0.000 0.000 0.000 0.000 0.000 0.000 0.000 0.000 17.561 18.563 30.568 13.579 2.593 16.611 17.632 13.651 20.671 27.694 25.716 18.740 37.774 3.834 19.893 22.958 13.034 25.095 38.159 35.230 0.000 0.000 26.785 43.652 52.431 53.125 52.708 52.761 49.786 49.032 49.545 52.026 51.421 51.325 51.121 50.916 50.695 50.468 50.250 51.046 43.839
0.000 0.000 0.000 0.000 0.000 0.000 0.000 0.000 0.000 0.000 0.000 0.000 55.251 50.254 40.257 30.260 54.263 62.265 57.268 42.273 0.000 0.000 0.000 0.000 0.000 34.329 18.340 16.348 27.355 22.360 0.000 0.000 0.000 0.000 17.560 16.561 37.567 43.578 32.591 24.608 16.626 13.645 14.664 15.684 14.702 12.719 20.734 0.000 0.000 0.000 18.063 41.094 39.126 0.000 0.000 27.485 40.844 50.464 54.061 53.695 54.545 50.540 50.096 50.186 52.627 52.013 51.907 51.698 51.488 51.258 51.007 50.742 50.502 50.310 36.184
0.000 0.000 0.000 0.000 0.000 0.000 0.000 0.000 0.000 0.000 0.000 0.000 0.000 27.257 2.260 38.263 57.266 62.270 60.273 58.278 47.283 6.286 0.000 0.000 0.000 0.000 29.344 29.350 42.359 40.367 33.379 28.388 0.000 0.000 0.000 21.555 40.564 47.575 39.588 23.604 12.621 13.640 13.658 13.676 13.691 13.702 17.709 0.000 0.000 0.000 0.000 25.093 0.000 0.000 32.623 37.125 48.662 55.200 55.052 53.299 51.611 51.639 50.960 53.317 52.673 52.542 52.318 52.102 51.873 51.622 51.334 50.990 51.708 43.508 26.404
0.000 0.000 0.000 0.000 0.000 0.000 0.000 0.000 0.000 0.000 0.000 0.000 0.000 0.000 59.263 59.267 61.270 61.274 60.278 54.283 48.287 19.289 0.000 0.000 0.000 0.000 0.000 0.000 42.364 36.371 51.383 48.398 27.432 6.467 7.504 16.542 38.558 47.571 38.585 21.599 11.615 16.636 15.655 13.672 13.683 13.691 14.694 6.689 0.000 0.000 0.000 0.000 0.000 35.511 38.120 45.753 56.339 56.399 54.773 56.738 54.002 51.955 54.140 53.429 53.245 52.987 52.751 52.516 52.279 52.026 50.715 59.179 56.832 29.610 19.522
0.000 0.000 0.000 0.000 0.000 15.962 0.000 0.000 33.992 22.995 26.998 2.000 0.000 0.000 0.000 67.272 61.275 58.279 55.284 58.288 49.293 12.296 0.000 0.000 0.000 0.000 0.000 0.000 0.000 0.000 40.386 41.391 0.000 0.000 0.000 20.551 38.558 43.568 33.582 24.595 22.604 0.000 0.000 19.676 13.681 13.685 14.688 20.685 28.682 0.000 0.000 0.000 8.189 40.903 44.607 55.282 57.423 57.071 60.781 59.306 53.371 55.156 54.313 54.036 53.717 53.440 53.179 52.934 52.702 52.488 58.322 0.000 0.000 8.580 26.551
0.000 0.000 0.000 0.000 0.000 35.962 0.000 27.985 29.990 41.995 25.000 10.003 0.000 0.000 0.000 52.275 64.279 61.284 61.289 62.296 56.302 10.305 0.000 0.000 0.000 0.000 0.000 0.000 0.000 0.000 0.000 25.390 0.000 0.000 0.000 26.553 23.558 35.562 0.000 0.000 0.000 0.000 0.000 0.000 23.681 17.683 0.000 10.682 44.681 27.680 0.000 0.000 12.483 46.276 55.115 58.181 57.931 62.367 61.732 54.784 56.281 55.308 54.914 54.514 54.177 53.872 53.594 53.338 53.106 52.905 57.762 0.908 0.000 0.000 0.000
24.877 0.000 0.000 0.000 0.000 46.964 22.971 24.981 30.989 54.997 56.004 51.010 5.016 0.000 0.000 0.000 12.283 66.288 61.295 62.304 59.313 18.320 0.000 0.000 0.000 0.000 0.000 0.000 0.000 0.000 0.000 0.000 0.000 0.000 0.000 0.000 0.000 0.000 0.000 0.000 0.000 0.000 0.000 0.000 0.000 0.000 0.000 0.000 0.000 0.000 0.000 1.522 38.904 55.971 57.683 58.619 63.031 62.785 55.741 57.273 56.294 55.828 55.356 54.957 54.600 54.278 53.986 53.720 53.480 53.265 56.038 40.014 0.000 0.000 0.000
28.878 24.881 0.000 0.000 0.000 38.959 40.968 40.979 52.989 50.000 62.009 61.017 22.023 0.000 0.000 0.000 0.000 68.291 61.300 62.313 59.328 19.341 0.000 0.000 0.000 28.569 40.581 9.591 0.000 0.000 0.000 0.000 0.000 0.000 0.000 0.000 0.000 0.000 0.000 0.000 0.000 0.000 0.000 0.000 0.000 0.000 0.000 0.000 0.000 0.000 0.000 39.788 56.810 57.462 63.648 63.228 56.834 57.434 57.963 57.158 56.692 56.196 55.755 55.354 54.990 54.656 54.352 54.076 53.831 60.635 1.407 0.000 0.000 0.000 0.000
30.880 31.884 23.890 0.000 28.934 23.947 31.964 44.977 48.990 60.005 61.017 60.028 29.036 0.000 0.000 0.000 0.000 67.287 61.300 62.320 57.345 37.377 21.429 22.475 22.517 30.557 51.583 18.601 0.000 0.000 0.000 0.000 0.000 0.000 0.000 0.000 0.000 0.000 0.000 0.000 0.000 0.000 0.000 0.000 0.000 0.000 0.000 0.000 0.000 27.847 37.605 56.571 58.205 64.966 64.416 57.271 59.028 58.399 57.889 57.453 56.980 56.534 56.111 55.717 55.349 55.006 54.691 54.402 61.135 6.884 0.000 0.000 0.000 0.000 0.000
44.882 27.888 31.896 31.909 22.923 15.931 0.000 0.000 0.000 50.015 61.025 59.043 44.058 11.077 0.000 0.000 36.243 57.270 62.295 61.324 62.356 52.392 28.436 25.479 24.521 33.560 51.595 34.631 20.679 21.717 25.745 36.761 0.769 0.000 0.000 0.000 0.000 0.000 0.000 0.000 0.000 0.000 0.000 0.000 0.000 0.000 0.000 0.000 8.235 48.087 56.130 58.828 65.682 65.377 57.885 59.594 58.859 58.525 58.116 57.688 57.262 56.844 56.441 56.054 55.683 55.327 55.006 60.708 7.421 0.000 0.000 0.000 0.000 0.000 0.000
60.886 31.890 25.898 26.908 28.918 28.923 17.923 0.000 0.000 0.000 0.000 66.063 56.075 34.098 26.134 33.172 32.218 34.254 42.289 43.324 30.362 27.402 25.444 25.486 24.527 33.568 48.608 27.648 24.691 29.728 45.757 48.775 33.780 7.780 0.000 0.000 0.000 0.000 0.000 0.000 0.000 0.000 0.000 0.000 0.000 0.000 0.000 0.000 40.660 56.439 59.360 66.031 65.898 58.457 60.154 59.422 59.110 58.721 58.331 57.934 57.535 57.141 56.755 56.376 56.001 55.616 61.297 7.002 0.000 0.000 0.000 0.000 0.000 0.000 0.000
60.887 46.890 0.000 0.000 33.919 29.922 40.923 31.923 0.000 0.000 0.000 54.071 51.084 36.105 27.133 24.166 24.202 27.240 40.282 48.324 51.367 44.411 34.453 27.494 26.535 42.577 45.620 20.664 24.708 24.749 25.783 29.801 8.791 0.000 0.000 0.000 0.000 0.000 0.000 0.000 0.000 0.000 0.000 0.000 0.000 1.846 33.569 41.622 55.130 66.455 66.147 59.316 59.972 60.610 59.982 59.671 59.296 58.930 58.556 58.180 57.804 57.430 57.062 56.697 57.330 63.837 7.567 0.000 0.000 0.000 0.000 0.000 0.000 0.000 0.000
60.888 60.894 47.902 30.910 30.917 30.923 21.927 0.000 0.000 0.000 47.056 44.068 47.084 40.104 41.129 41.157 41.187 44.222 39.275 39.323 41.371 45.423 46.463 44.502 40.543 51.586 49.632 37.679 38.729 38.778 40.823 15.858 0.000 0.000 0.000 0.000 0.000 0.000 0.000 0.000 0.000 0.000 0.000 0.000 36.193 36.973 58.084 58.774 67.494 67.051 61.703 61.482 60.932 60.529 60.209 59.851 59.499 59.143 58.786 58.427 58.070 57.716 57.366 58.019 61.786 0.000 0.000 0.000 0.000 0.000 0.000 0.000 0.000 0.000 0.000
59.890 60.896 57.903 35.911 29.919 30.926 31.935 23.946 0.000 39.028 36.045 37.062 38.080 33.100 37.122 42.145 50.167 35.186 0.000 0.000 0.000 44.449 40.476 40.509 40.549 40.593 40.642 40.695 40.751 40.810 38.875 33.950 7.052 0.000 0.000 29.023 36.167 48.360 18.519 0.000 0.000 0.000 0.000 37.554 48.410 60.463 61.205 68.089 67.833 62.249 61.991 61.319 61.052 60.724 60.385 60.045 59.703 59.360 59.016 58.673 58.333 57.998 58.666 61.231 9.008 0.000 0.000 0.000 0.000 0.000 0.000 0.000 0.000 0.000 0.000
49.892 60.898 60.904 50.912 26.920 29.930 30.941 30.957 36.982 46.012 30.035 27.055 25.075 32.095 47.116 46.135 31.153 11.169 0.000 0.000 0.000 0.000 29.482 24.510 24.550 24.597 24.650 25.707 28.769 29.838 29.918 29.017 30.154 29.368 29.598 38.879 46.120 44.395 51.678 49.968 45.113 43.140 45.987 57.997 61.734 61.653 68.392 68.275 62.775 62.502 61.821 61.559 61.227 60.901 60.572 60.240 59.908 59.577 59.247 58.918 58.591 59.279 60.069 0.000 0.000 0.000 0.000 0.000 0.000 0.000 0.000 0.000 0.000 0.000 0.000
27.894 55.899 59.905 40.913 23.922 22.933 30.945 30.959 29.979 24.003 25.027 31.050 48.071 47.091 30.111 23.128 13.140 0.000 33.318 42.338 38.370 39.410 42.460 45.501 44.546 45.596 48.653 47.716 44.782 46.856 41.942 28.047 32.180 31.351 36.548 54.776 62.039 59.421 53.832 49.110 51.253 58.205 63.470 62.231 68.783 68.502 62.580 64.257 62.924 62.336 62.064 61.731 61.409 61.084 60.760 60.436 60.114 59.794 59.478 60.162 57.834 53.459 5.264 0.000 0.000 0.000 0.000 0.000 0.000 0.000 0.000 0.000 0.000 0.000 0.000
20.897 39.901 50.906 25.913 17.923 24.935 22.945 29.957 30.972 30.993 24.022 41.047 33.067 22.088 25.109 17.126 0.000 42.269 45.298 45.328 47.362 48.402 51.446 55.490 54.536 54.589 54.653 56.720 57.788 55.863 43.948 30.049 32.169 32.311 32.469 35.638 9.838 0.000 74.117 116.411 94.442 60.782 62.649 69.740 69.325 62.945 65.745 63.226 62.854 62.565 62.236 61.915 61.590 61.267 60.948 60.632 60.318 60.007 61.709 56.418 45.125 0.034 0.000 0.000 0.000 0.000 0.000 0.000 0.000 0.000 0.000 0.000 0.000 0.000 0.000
0.000 0.000 31.907 13.909 0.000 19.940 24.946 24.952 30.961 19.977 0.000 25.049 23.064 25.086 26.111 36.142 50.188 47.240 49.279 55.314 65.350 109.390 106.434 106.477 106.521 106.571 107.650 91.725 23.789 26.859 24.939 33.032 32.137 29.254 27.378 9.470 0.000 0.000 0.000 41.852 59.145 64.026 70.342 70.074 62.465 64.235 63.599 63.361 63.058 62.742 62.422 62.098 61.772 61.448 61.132 60.826 61.522 60.207 51.935 40.676 0.000 0.000 0.000 0.000 0.000 0.000 0.000 0.000 0.000 0.000 0.000 0.000 0.000 0.000 0.000
0.000 46.904 24.905 0.000 0.000 0.000 18.946 31.946 23.942 0.000 0.000 33.037 24.056 35.081 48.110 48.143 53.183 56.225 49.263 35.299 26.335 22.373 20.424 23.465 24.499 11.526 0.000 28.744 25.784 24.845 28.919 33.003 30.093 22.191 29.321 10.396 0.000 0.000 37.740 54.644 64.469 70.712 70.555 62.973 64.729 64.089 63.858 63.552 63.247 62.933 62.612 62.285 61.953 61.621 61.308 62.019 57.736 46.364 3.149 0.000 0.000 0.000 0.000 0.000 0.000 0.000 0.000 0.000 0.000 0.000 0.000 0.000 0.000 0.000 0.000
13.629 0.000 0.000 0.000 0.000 0.000 0.000 0.000 27.920 25.932 33.963 31.008 31.041 31.072 48.104 62.139 51.176 31.214 29.251 24.286 26.319 17.345 0.000 29.460 26.484 15.508 0.000 29.721 24.761 25.818 32.889 30.969 29.043 11.096 0.000 0.000 34.542 32.399 49.142 65.054 70.893 63.796 64.415 65.138 64.593 64.358 64.055 63.756 63.447 63.131 62.807 62.477 62.134 62.775 62.461 52.208 37.039 0.001 0.000 0.000 0.000 0.000 0.000 0.000 0.000 0.000 0.000 0.000 0.000 0.000 0.000 0.000 0.000 0.000 0.000
1.660 0.000 0.000 40.458 33.484 27.514 0.000 0.000 45.886 42.913 29.950 30.991 31.028 32.063 53.097 105.133 98.169 45.205 100.241 21.276 25.309 25.343 27.382 25.432 25.472 25.515 27.578 23.661 23.720 32.779 31.850 28.944 24.013 13.054 0.000 0.000 36.684 43.550 65.566 64.475 71.255 64.858 65.494 65.094 64.857 64.565 64.272 63.968 63.656 63.336 63.009 62.683 64.332 59.886 41.553 28.312 30.175 0.000 0.000 0.000 0.000 0.000 0.000 0.000 0.000 0.000 0.000 0.000 0.000 0.000 0.000 0.000 0.000 0.000 0.000
0.000 0.000 0.000 23.433 32.480 29.544 47.634 41.726 46.825 54.886 45.935 30.978 31.018 31.055 30.090 24.126 19.162 24.198 21.233 25.267 25.301 25.336 25.373 25.414 25.456 25.502 24.559 29.625 31.679 32.728 16.789 0.000 17.012 0.000 0.000 0.000 40.934 62.880 66.920 72.412 71.889 64.965 65.660 65.345 65.078 64.793 64.496 64.188 63.873 63.548 63.212 61.916 23.624 0.000 0.000 0.000 0.000 0.000 0.000 0.000 0.000 0.000 0.000 0.000 0.000 0.000 0.000 0.000 0.000 0.000 0.000 0.000 0.000 0.000 0.000
8.065 0.000 28.233 24.362 23.461 41.548 34.634 50.719 59.803 39.872 25.925 23.971 27.011 30.048 31.084 31.120 24.157 23.192 24.227 24.260 25.293 25.326 25.360 30.397 27.436 24.480 25.532 28.601 32.645 21.666 0.000 0.000 0.000 0.000 0.000 116.533 60.277 67.325 65.335 72.857 64.767 67.316 68.833 65.597 65.321 65.033 64.731 64.416 65.102 61.771 49.376 40.146 0.000 0.000 0.000 0.000 0.000 0.000 0.000 0.000 0.000 0.000 0.000 0.000 0.000 0.000 0.000 0.000 0.000 0.000 0.000 0.000 0.000 0.000 0.000
1.443 27.637 24.103 23.322 34.454 38.552 49.636 56.713 22.796 21.873 22.925 24.968 24.007 21.044 29.079 30.115 31.152 30.188 24.223 23.255 22.285 23.316 29.346 88.378 56.412 36.450 19.491 0.000 34.636 42.627 0.000 0.000 0.000 0.000 40.939 51.763 68.640 66.695 73.611 73.252 65.871 66.423 67.116 65.855 65.580 65.289 64.980 65.643 64.348 17.059 0.000 0.000 0.000 0.000 0.000 0.000 0.000 0.000 0.000 0.000 0.000 0.000 0.000 0.000 0.000 0.000 0.000 0.000 0.000 0.000 0.000 0.000 0.000 0.000 0.000
0.000 21.051 24.222 26.370 47.482 58.571 72.646 54.702 0.000 40.900 40.934 24.971 25.007 24.041 22.074 25.109 31.149 29.187 30.221 32.251 30.279 28.305 24.332 19.358 24.385 19.417 0.000 0.000 0.000 28.578 20.566 0.000 0.000 0.000 51.115 67.978 68.057 66.092 73.932 65.585 68.099 69.626 66.392 66.128 65.854 65.563 65.256 62.829 17.588 0.000 0.000 0.000 0.000 0.000 0.000 0.000 0.000 0.000 0.000 0.000 0.000 0.000 0.000 0.000 0.000 0.000 0.000 0.000 0.000 0.000 0.000 0.000 0.000 0.000 0.000
0.000 19.293 25.366 41.453 52.533 100.604 94.677 96.747 102.830 98.895 99.940 24.977 25.009 24.039 24.068 23.101 18.147 28.192 30.224 31.250 29.274 31.296 31.318 32.338 25.353 0.000 0.000 0.000 0.000 29.543 14.554 0.000 0.000 42.591 64.395 68.333 67.327 74.512 74.231 66.647 67.205 67.911 66.668 66.415 66.145 66.854 41.655 0.000 0.000 0.000 0.000 0.000 0.000 0.000 0.000 0.000 0.000 0.000 0.000 0.000 0.000 0.000 0.000 0.000 0.000 0.000 0.000 0.000 0.000 0.000 0.000 0.000 0.000 0.000 0.000
0.000 20.463 37.496 45.544 51.592 22.636 21.713 20.779 17.850 18.909 18.954 24.988 25.016 41.038 41.058 17.079 0.000 15.212 28.232 30.251 28.270 30.289 30.307 31.325 27.337 0.000 0.000 0.000 27.453 12.498 0.000 0.000 43.917 52.779 69.637 68.542 67.731 74.771 66.316 68.849 71.397 67.187 66.954 66.719 65.456 53.055 11.854 0.000 0.000 0.000 0.000 0.000 0.000 0.000 0.000 0.000 0.000 0.000 0.000 0.000 0.000 0.000 0.000 0.000 0.000 0.000 0.000 0.000 0.000 0.000 0.000 0.000 0.000 0.000 0.000
0.000 28.599 45.613 44.636 44.657 0.000 16.759 16.806 29.881 25.938 24.979 25.008 24.028 100.039 88.048 0.000 0.000 0.000 22.243 17.254 22.268 25.282 25.298 27.317 28.333 33.349 34.365 35.383 26.410 0.000 0.000 33.054 83.055 64.976 68.842 68.935 67.001 75.009 67.440 67.924 68.672 67.456 67.245 68.052 37.907 0.000 0.000 0.000 0.000 0.000 0.000 0.000 0.000 0.000 0.000 0.000 0.000 0.000 0.000 0.000 0.000 0.000 0.000 0.000 0.000 0.000 0.000 0.000 0.000 0.000 0.000 0.000 0.000 0.000 0.000
0.000 16.722 40.722 39.731 33.742 0.000 0.000 0.000 22.932 35.984 25.016 24.037 25.049 6.044 0.000 0.000 0.000 0.000 0.000 0.000 33.267 31.275 29.288 12.312 15.331 22.349 23.363 28.376 19.393 0.000 0.000 0.000 43.275 61.196 68.146 68.252 75.428 75.227 67.512 68.204 67.923 67.721 67.519 62.339 20.212 0.000 0.000 17.383 0.000 0.000 0.000 0.000 0.000 0.000 0.000 0.000 0.000 0.000 0.000 0.000 0.000 0.000 0.000 0.000 0.000 0.000 0.000 0.000 0.000 0.000 0.000 0.000 0.000 0.000 0.000
