results3_8e4_norain/res_4e8_norain.inittm
ncols         241
nrows         181
xllcorner     12693529.787448
yllcorner     3542525.717860
cellsize      155.156523
NODATA_value  -9999.000000
[rows 112 to 139 of 181, columns 0 to 63 of 241]
34.770 34.732 32.916 32.486 32.413 32.353 32.304 32.263 32.225 32.192 32.174 32.196 32.226 32.394 32.433 32.498 32.619 -9999.000 -9999.000 41.783 38.688 36.694 36.819 38.252 40.257 -9999.000 -9999.000 -9999.000 -9999.000 -9999.000 -9999.000 -9999.000 -9999.000 -9999.000 -9999.000 23.992 22.977 22.829 22.764 22.952 20.887 26.039 -9999.000 24.549 22.144 22.233 22.256 22.285 22.441 -9999.000 -9999.000 -9999.000 -9999.000 -9999.000 -9999.000 -9999.000 10.909 10.212 -9999.000 -9999.000 11.315 11.414 11.519 12.196
38.477 37.373 33.631 32.468 32.405 32.330 32.278 32.234 32.193 32.123 32.036 34.752 35.601 32.737 32.466 32.571 33.601 37.092 36.454 35.290 36.466 36.515 41.805 47.928 -9999.000 -9999.000 -9999.000 -9999.000 -9999.000 -9999.000 -9999.000 -9999.000 -9999.000 -9999.000 34.153 27.879 23.019 22.764 22.599 22.460 21.545 -9999.000 -9999.000 -9999.000 25.369 22.272 22.292 22.320 22.360 -9999.000 -9999.000 -9999.000 -9999.000 -9999.000 -9999.000 -9999.000 10.209 10.182 11.144 11.202 11.269 11.327 11.671 8.794
46.510 38.680 34.691 32.432 32.334 32.289 32.260 32.236 32.085 32.048 32.001 67.793 -9999.000 43.716 37.486 33.386 33.422 33.611 33.636 35.094 -9999.000 -9999.000 -9999.000 -9999.000 -9999.000 -9999.000 -9999.000 -9999.000 -9999.000 -9999.000 -9999.000 -9999.000 -9999.000 -9999.000 -9999.000 29.479 23.602 26.014 24.362 21.807 21.603 -9999.000 -9999.000 -9999.000 -9999.000 28.089 22.335 22.359 23.810 -9999.000 -9999.000 -9999.000 -9999.000 -9999.000 -9999.000 -9999.000 -9999.000 9.474 11.393 11.379 11.327 11.267 11.160 8.574
-9999.000 64.545 37.782 36.484 37.663 37.166 33.728 32.094 32.051 32.015 31.977 -9999.000 -9999.000 -9999.000 -9999.000 76.688 39.119 33.947 33.666 -9999.000 -9999.000 -9999.000 -9999.000 -9999.000 -9999.000 -9999.000 -9999.000 -9999.000 -9999.000 -9999.000 -9999.000 -9999.000 -9999.000 -9999.000 -9999.000 29.700 23.797 24.265 23.278 21.834 21.807 -9999.000 -9999.000 -9999.000 -9999.000 -9999.000 23.815 22.771 -9999.000 -9999.000 -9999.000 -9999.000 -9999.000 -9999.000 -9999.000 -9999.000 -9999.000 9.328 9.230 9.965 11.942 13.001 8.626 8.594
-9999.000 -9999.000 46.194 39.316 -9999.000 -9999.000 39.525 32.375 32.563 35.508 31.263 40.142 -9999.000 -9999.000 -9999.000 -9999.000 -9999.000 66.633 38.663 -9999.000 -9999.000 -9999.000 -9999.000 -9999.000 -9999.000 -9999.000 -9999.000 -9999.000 -9999.000 -9999.000 -9999.000 -9999.000 -9999.000 -9999.000 -9999.000 41.259 24.265 26.639 21.901 21.867 24.664 24.822 -9999.000 -9999.000 -9999.000 -9999.000 29.808 -9999.000 -9999.000 -9999.000 -9999.000 -9999.000 -9999.000 -9999.000 -9999.000 -9999.000 -9999.000 -9999.000 9.215 8.779 8.762 8.744 8.659 10.236
-9999.000 -9999.000 50.301 31.727 47.954 -9999.000 46.869 32.348 32.079 30.570 30.264 30.291 30.316 52.588 -9999.000 -9999.000 -9999.000 -9999.000 -9999.000 -9999.000 -9999.000 -9999.000 -9999.000 -9999.000 -9999.000 -9999.000 -9999.000 -9999.000 -9999.000 -9999.000 -9999.000 -9999.000 -9999.000 -9999.000 -9999.000 -9999.000 31.618 26.647 21.939 23.657 24.841 25.943 25.998 -9999.000 -9999.000 -9999.000 -9999.000 -9999.000 -9999.000 -9999.000 -9999.000 -9999.000 -9999.000 -9999.000 -9999.000 -9999.000 -9999.000 -9999.000 -9999.000 -9999.000 8.784 9.279 10.107 -9999.000
-9999.000 67.294 37.214 31.702 30.283 38.294 35.224 30.281 30.254 30.229 30.233 30.269 30.320 30.359 30.410 38.601 -9999.000 -9999.000 37.421 32.719 35.728 34.795 75.515 -9999.000 -9999.000 -9999.000 -9999.000 -9999.000 -9999.000 -9999.000 -9999.000 -9999.000 -9999.000 -9999.000 -9999.000 -9999.000 31.447 22.841 22.423 26.288 26.572 26.091 26.216 -9999.000 -9999.000 -9999.000 -9999.000 -9999.000 -9999.000 -9999.000 -9999.000 -9999.000 -9999.000 -9999.000 -9999.000 -9999.000 -9999.000 -9999.000 -9999.000 -9999.000 -9999.000 -9999.000 -9999.000 -9999.000
30.725 30.362 30.282 30.221 30.192 30.308 30.393 30.532 30.229 29.897 30.001 30.233 31.493 31.056 30.459 30.362 30.260 30.260 30.306 31.076 31.427 31.976 31.778 32.572 65.380 -9999.000 -9999.000 -9999.000 -9999.000 -9999.000 -9999.000 -9999.000 -9999.000 -9999.000 -9999.000 25.562 25.530 22.466 22.446 23.619 26.726 26.523 27.037 27.140 27.669 -9999.000 -9999.000 -9999.000 -9999.000 -9999.000 -9999.000 -9999.000 -9999.000 -9999.000 -9999.000 -9999.000 -9999.000 -9999.000 -9999.000 -9999.000 -9999.000 -9999.000 -9999.000 -9999.000
30.408 30.342 30.257 30.163 30.118 32.839 32.714 32.748 31.810 29.840 29.984 30.329 35.129 32.189 30.386 30.307 30.223 30.224 30.267 30.307 30.337 30.384 30.417 30.456 30.513 30.571 59.264 -9999.000 -9999.000 -9999.000 -9999.000 -9999.000 -9999.000 -9999.000 -9999.000 35.669 23.399 22.998 26.001 23.656 24.661 27.033 27.210 27.262 -9999.000 -9999.000 -9999.000 -9999.000 -9999.000 -9999.000 -9999.000 -9999.000 -9999.000 -9999.000 -9999.000 -9999.000 -9999.000 -9999.000 -9999.000 -9999.000 -9999.000 -9999.000 -9999.000 -9999.000
37.850 60.930 38.901 30.117 30.047 43.380 62.558 68.828 42.440 29.792 30.337 30.282 34.431 34.432 30.342 30.206 30.169 30.154 30.214 30.265 30.310 30.341 34.037 37.938 38.209 37.203 37.244 -9999.000 -9999.000 -9999.000 -9999.000 -9999.000 -9999.000 -9999.000 -9999.000 39.740 23.421 25.707 28.072 24.863 24.688 26.348 27.317 27.540 27.636 -9999.000 -9999.000 -9999.000 -9999.000 -9999.000 -9999.000 -9999.000 -9999.000 -9999.000 -9999.000 -9999.000 -9999.000 -9999.000 -9999.000 -9999.000 -9999.000 -9999.000 -9999.000 -9999.000
40.284 -9999.000 47.478 30.070 29.983 63.795 -9999.000 -9999.000 49.824 29.731 30.318 30.222 29.903 34.394 30.280 30.270 30.132 30.093 30.154 30.225 30.452 39.352 -9999.000 -9999.000 -9999.000 -9999.000 -9999.000 -9999.000 -9999.000 54.825 52.912 -9999.000 -9999.000 -9999.000 31.433 24.623 23.444 26.176 27.912 28.973 24.941 24.955 26.664 27.716 27.851 27.968 28.056 -9999.000 -9999.000 -9999.000 -9999.000 -9999.000 -9999.000 -9999.000 -9999.000 -9999.000 -9999.000 -9999.000 -9999.000 -9999.000 -9999.000 -9999.000 -9999.000 -9999.000
30.039 30.001 29.977 30.478 29.868 29.769 29.700 29.726 29.672 29.624 29.698 29.757 29.824 30.166 30.223 30.212 29.894 30.059 29.976 36.068 65.299 -9999.000 -9999.000 -9999.000 -9999.000 -9999.000 -9999.000 -9999.000 -9999.000 -9999.000 52.860 48.238 42.224 28.651 28.594 23.759 23.746 34.843 28.972 28.199 26.983 25.036 25.531 27.184 28.154 29.720 28.149 29.025 29.506 -9999.000 -9999.000 -9999.000 -9999.000 -9999.000 -9999.000 -9999.000 -9999.000 -9999.000 -9999.000 -9999.000 -9999.000 -9999.000 -9999.000 -9999.000
30.406 29.966 29.906 29.846 29.782 29.711 29.643 29.746 29.655 29.566 29.621 29.683 29.753 29.826 32.891 30.161 29.824 29.854 29.925 -9999.000 -9999.000 -9999.000 -9999.000 -9999.000 -9999.000 -9999.000 -9999.000 -9999.000 -9999.000 -9999.000 -9999.000 -9999.000 -9999.000 45.247 27.381 23.773 27.089 -9999.000 44.388 28.288 29.151 26.688 26.375 26.416 27.981 29.645 29.740 31.496 -9999.000 -9999.000 -9999.000 -9999.000 -9999.000 -9999.000 -9999.000 -9999.000 -9999.000 -9999.000 -9999.000 -9999.000 -9999.000 -9999.000 -9999.000 -9999.000
29.973 29.907 29.844 29.780 29.707 29.630 29.562 29.909 29.911 29.498 29.555 29.620 29.691 29.770 30.080 30.116 29.778 29.813 29.883 -9999.000 -9999.000 -9999.000 -9999.000 -9999.000 -9999.000 -9999.000 -9999.000 -9999.000 -9999.000 -9999.000 -9999.000 -9999.000 -9999.000 -9999.000 25.459 23.787 -9999.000 -9999.000 47.453 28.375 28.916 29.634 26.427 26.453 27.007 29.739 29.503 -9999.000 -9999.000 -9999.000 -9999.000 -9999.000 -9999.000 -9999.000 -9999.000 -9999.000 -9999.000 -9999.000 -9999.000 -9999.000 -9999.000 -9999.000 -9999.000 -9999.000
29.923 29.855 29.789 29.720 29.640 29.562 29.495 28.842 28.713 29.297 29.498 29.565 29.644 29.730 29.741 30.077 29.734 29.787 29.839 -9999.000 -9999.000 -9999.000 -9999.000 -9999.000 -9999.000 -9999.000 -9999.000 -9999.000 -9999.000 -9999.000 -9999.000 -9999.000 -9999.000 -9999.000 24.305 23.896 -9999.000 -9999.000 76.093 29.423 28.981 29.061 29.931 27.130 27.030 29.291 29.370 -9999.000 -9999.000 -9999.000 -9999.000 -9999.000 -9999.000 -9999.000 -9999.000 -9999.000 -9999.000 -9999.000 -9999.000 -9999.000 -9999.000 -9999.000 -9999.000 -9999.000
29.878 29.806 29.733 29.655 29.582 29.627 29.869 28.339 28.194 28.977 29.494 29.561 29.637 29.701 29.644 29.596 29.670 30.265 29.794 54.425 -9999.000 -9999.000 -9999.000 -9999.000 -9999.000 60.476 58.678 58.630 73.763 75.554 -9999.000 -9999.000 -9999.000 30.517 24.317 25.020 25.188 -9999.000 -9999.000 46.186 29.028 29.168 29.328 30.439 27.047 27.066 27.927 -9999.000 -9999.000 -9999.000 -9999.000 -9999.000 -9999.000 -9999.000 -9999.000 -9999.000 -9999.000 -9999.000 -9999.000 -9999.000 -9999.000 -9999.000 -9999.000 -9999.000
29.841 29.758 29.668 29.582 29.509 29.570 29.824 28.269 28.112 29.122 29.492 29.559 29.638 29.629 29.561 29.501 29.579 29.668 29.737 29.704 62.991 -9999.000 -9999.000 -9999.000 -9999.000 -9999.000 66.758 31.972 29.036 29.056 54.057 -9999.000 35.553 24.484 24.475 26.484 39.173 -9999.000 -9999.000 46.373 29.104 29.261 29.347 30.371 28.663 27.081 27.161 66.986 -9999.000 -9999.000 -9999.000 -9999.000 -9999.000 -9999.000 -9999.000 -9999.000 -9999.000 -9999.000 -9999.000 -9999.000 -9999.000 -9999.000 -9999.000 -9999.000
32.988 30.411 29.678 29.681 29.447 29.509 30.662 28.068 28.087 29.777 29.559 29.590 29.629 29.559 29.488 29.422 29.501 29.594 29.656 29.653 29.632 50.111 -9999.000 -9999.000 -9999.000 -9999.000 -9999.000 70.206 29.017 29.342 28.221 27.334 25.575 24.495 25.098 45.738 -9999.000 -9999.000 -9999.000 47.911 29.382 29.356 29.070 29.711 27.913 27.779 27.171 27.183 27.557 72.522 -9999.000 -9999.000 -9999.000 -9999.000 -9999.000 -9999.000 -9999.000 -9999.000 -9999.000 -9999.000 -9999.000 -9999.000 -9999.000 -9999.000
27.415 27.783 28.261 28.567 29.089 30.430 30.459 28.030 28.055 30.587 29.577 29.512 29.569 29.499 29.422 29.354 29.618 30.413 29.600 29.592 29.587 29.634 55.306 -9999.000 -9999.000 -9999.000 -9999.000 71.979 28.837 29.012 29.933 26.499 24.611 24.600 31.434 -9999.000 -9999.000 -9999.000 -9999.000 51.056 30.195 29.440 29.039 29.010 28.129 28.443 27.429 27.623 28.604 48.393 -9999.000 -9999.000 -9999.000 -9999.000 -9999.000 -9999.000 -9999.000 -9999.000 -9999.000 -9999.000 -9999.000 -9999.000 -9999.000 -9999.000
26.567 26.551 26.560 26.787 27.001 27.312 27.668 28.006 28.646 29.657 29.512 29.444 29.512 29.575 29.612 29.106 28.115 27.587 27.669 27.858 28.620 30.180 28.759 28.795 70.742 -9999.000 -9999.000 42.541 28.564 28.530 28.490 24.854 24.626 39.554 -9999.000 -9999.000 -9999.000 -9999.000 -9999.000 45.321 30.430 29.682 29.062 29.041 29.758 31.248 29.924 27.637 27.712 27.723 -9999.000 -9999.000 -9999.000 -9999.000 -9999.000 -9999.000 -9999.000 -9999.000 -9999.000 -9999.000 -9999.000 -9999.000 -9999.000 -9999.000
26.756 26.539 26.470 26.459 26.423 26.409 26.402 26.883 27.887 29.399 29.626 29.380 29.619 30.306 28.725 27.119 25.777 25.562 25.538 25.656 26.220 27.337 28.372 30.087 28.483 28.525 28.673 28.699 28.836 30.003 26.573 24.869 28.248 -9999.000 -9999.000 -9999.000 -9999.000 32.375 29.968 29.945 29.603 29.331 29.072 29.059 30.444 30.680 30.666 28.815 27.721 68.920 -9999.000 -9999.000 -9999.000 -9999.000 -9999.000 -9999.000 -9999.000 -9999.000 -9999.000 -9999.000 -9999.000 -9999.000 -9999.000 -9999.000
26.856 26.863 26.892 26.458 26.494 26.402 26.297 26.307 26.299 27.295 28.267 29.155 28.473 27.646 26.004 25.466 25.452 25.440 25.426 25.371 25.353 25.341 26.031 27.422 28.425 30.049 29.469 30.035 29.427 27.455 25.036 24.887 -9999.000 -9999.000 -9999.000 -9999.000 -9999.000 54.920 30.683 29.695 29.621 29.602 29.525 28.974 28.951 29.731 29.176 28.444 27.788 72.535 -9999.000 -9999.000 -9999.000 -9999.000 -9999.000 -9999.000 -9999.000 -9999.000 -9999.000 -9999.000 -9999.000 -9999.000 -9999.000 -9999.000
26.794 26.804 26.836 26.417 26.470 26.538 26.254 26.299 26.258 25.975 26.075 26.152 26.090 25.968 25.940 25.919 27.139 27.227 27.184 26.275 25.823 25.331 25.261 25.245 25.839 26.892 27.476 27.591 26.264 24.497 24.568 24.920 -9999.000 -9999.000 -9999.000 -9999.000 -9999.000 -9999.000 53.066 29.712 43.804 63.592 37.782 29.611 28.328 27.985 27.950 27.920 27.910 -9999.000 -9999.000 -9999.000 -9999.000 -9999.000 -9999.000 -9999.000 -9999.000 -9999.000 -9999.000 -9999.000 -9999.000 -9999.000 6.942 54.794
26.452 26.434 26.400 26.360 26.786 29.874 26.205 26.271 26.351 25.929 25.968 26.028 26.381 26.688 26.705 26.735 29.901 29.896 29.914 26.226 26.301 26.382 26.111 25.233 25.014 24.697 24.619 24.568 24.478 24.443 24.935 24.863 55.920 -9999.000 -9999.000 -9999.000 -9999.000 -9999.000 65.513 29.768 -9999.000 -9999.000 50.057 29.315 28.079 27.993 28.081 27.978 28.974 76.158 -9999.000 -9999.000 -9999.000 -9999.000 -9999.000 -9999.000 -9999.000 -9999.000 -9999.000 -9999.000 -9999.000 12.775 5.518 0.193
26.384 26.362 26.327 26.288 26.238 26.176 26.109 26.718 26.738 25.881 25.943 26.605 26.629 26.626 26.639 26.656 26.150 26.172 26.197 26.116 26.815 29.868 26.074 26.122 26.177 25.905 24.573 24.504 24.452 24.406 29.376 24.236 23.635 46.568 -9999.000 -9999.000 -9999.000 -9999.000 39.940 29.782 -9999.000 -9999.000 30.036 28.113 28.085 28.618 28.418 28.468 29.619 32.521 -9999.000 -9999.000 -9999.000 -9999.000 -9999.000 -9999.000 -9999.000 -9999.000 -9999.000 -9999.000 -9999.000 66.438 2.159 1.710
26.315 26.284 26.248 26.219 26.172 26.102 26.027 25.953 25.879 25.813 26.541 26.534 26.558 25.922 25.938 26.000 26.072 26.066 26.113 26.021 25.939 25.940 25.998 27.041 29.919 29.039 25.736 25.738 27.330 23.968 23.718 23.649 23.594 22.909 22.911 24.280 24.172 22.795 51.429 76.514 -9999.000 63.714 28.362 28.123 28.717 29.427 29.528 45.823 51.802 -9999.000 -9999.000 -9999.000 -9999.000 -9999.000 -9999.000 -9999.000 -9999.000 23.981 8.714 -9999.000 26.677 1.363 0.804 0.936
26.243 26.196 26.151 26.140 26.113 26.039 25.955 25.872 25.791 25.715 25.658 25.668 25.773 25.868 25.881 25.931 26.006 25.977 26.066 26.701 25.241 25.145 25.933 26.827 29.831 28.836 25.650 23.531 23.576 23.579 25.778 24.804 21.920 21.194 22.276 24.829 29.433 22.571 -9999.000 -9999.000 -9999.000 28.671 28.379 28.976 29.871 28.603 74.273 -9999.000 -9999.000 -9999.000 -9999.000 -9999.000 -9999.000 -9999.000 -9999.000 -9999.000 11.121 2.131 0.283 3.058 0.466 0.271 0.253 0.271
26.164 26.096 26.034 26.034 26.053 25.982 25.890 25.797 25.709 25.634 24.896 24.897 25.359 25.400 25.630 25.881 25.946 25.903 26.474 30.928 24.974 24.702 24.755 26.780 25.640 23.536 23.190 23.131 24.719 23.527 21.897 20.997 21.047 21.120 22.581 25.394 22.241 21.170 -9999.000 -9999.000 -9999.000 41.564 28.904 29.214 29.054 28.313 -9999.000 -9999.000 -9999.000 -9999.000 -9999.000 -9999.000 -9999.000 -9999.000 -9999.000 12.489 1.496 0.367 0.268 0.174 0.201 0.262 0.000 0.000
