results2_8e4_norain/res_4e8_norain-0024.wd
ncols         241
nrows         181
xllcorner     12693529.787448
yllcorner     3542525.717860
cellsize      155.156523
NODATA_value  -9999.000000
[rows 66 to 98 of 181, columns 75 to 149 of 241]
0.000 34.318 51.330 50.350 50.368 0.000 22.337 22.392 35.488 31.560 30.605 30.628 29.633 105.617 93.596 0.000 0.000 0.000 27.600 22.603 27.607 30.614 30.623 32.635 33.646 38.655 39.666 40.678 31.697 0.000 0.000 37.472 87.472 69.393 73.259 73.351 71.415 79.403 71.857 72.343 73.093 71.877 71.667 72.474 42.328 0.000 0.000 0.000 0.000 0.000 0.000 0.000 0.000 0.000 0.000 0.000 0.000 0.000 0.000 0.000 0.000 0.000 0.000 0.000 0.000 0.000 0.000 0.000 0.000 0.000 0.000 0.000 0.000 0.000 0.000
0.000 22.549 46.536 45.535 39.544 0.000 0.000 0.000 28.570 41.652 30.691 29.709 30.705 11.661 0.000 0.000 0.000 0.000 0.000 0.000 38.599 36.604 34.612 17.630 20.644 27.655 28.664 33.673 24.685 0.000 0.000 0.000 47.693 65.613 72.562 72.667 79.823 79.622 71.928 72.622 72.343 72.141 71.940 66.761 24.634 0.000 0.000 21.809 0.000 0.000 0.000 0.000 0.000 0.000 0.000 0.000 0.000 0.000 0.000 0.000 0.000 0.000 0.000 0.000 0.000 0.000 0.000 0.000 0.000 0.000 0.000 0.000 0.000 0.000 0.000
35.961 33.794 47.731 40.712 41.729 38.803 0.000 0.000 0.000 43.788 38.801 33.812 35.819 0.000 0.000 0.000 0.000 0.000 0.000 0.000 37.588 33.590 24.593 0.000 0.000 25.659 37.663 36.666 0.000 0.000 0.000 50.178 41.992 45.846 52.944 68.024 80.009 71.660 73.218 72.790 72.608 72.398 70.192 52.995 31.813 37.811 35.810 16.810 0.000 0.000 0.000 0.000 0.000 0.000 0.000 0.000 0.000 0.000 0.000 0.000 0.000 0.000 0.000 0.000 0.000 0.000 0.000 0.000 0.000 0.000 0.000 0.000 0.000 0.000 0.000
34.025 44.937 38.881 31.856 50.856 39.879 0.000 0.000 0.000 35.911 51.913 46.921 46.941 49.994 0.000 0.000 0.000 0.000 0.000 0.000 35.576 26.577 29.578 0.000 0.000 0.000 73.663 100.664 15.663 0.000 49.517 44.366 44.223 44.154 40.260 80.347 80.184 72.704 76.314 73.066 72.864 72.655 64.435 17.215 0.000 39.811 17.810 0.000 0.000 0.000 0.000 0.000 0.000 0.000 0.000 0.000 0.000 0.000 0.000 0.000 0.000 0.000 0.000 0.000 0.000 0.000 0.000 0.000 0.000 0.000 0.000 0.000 0.000 0.000 0.000
46.105 38.047 30.003 29.974 42.962 50.977 47.041 50.083 52.084 47.033 42.019 44.020 33.030 32.048 0.000 0.000 0.000 0.000 40.553 39.556 27.563 29.565 30.563 34.556 33.554 0.000 0.000 0.000 0.000 0.000 55.669 48.548 43.414 44.532 42.603 80.493 42.316 49.908 64.509 72.334 73.125 70.924 29.679 0.000 0.000 0.000 0.000 0.000 0.000 0.000 0.000 0.000 0.000 0.000 0.000 0.000 0.000 0.000 0.000 0.000 0.000 0.000 0.000 0.000 0.000 0.000 0.000 0.000 0.000 0.000 0.000 0.000 0.000 0.000 0.000
37.189 30.146 31.109 31.075 33.044 17.028 43.065 41.125 33.135 30.121 29.111 45.110 47.114 34.119 0.000 0.000 0.000 40.549 36.550 33.552 26.555 30.556 30.556 30.553 30.551 0.000 1.270 2.271 4.272 72.175 68.944 57.705 56.712 45.744 80.744 80.626 44.367 51.019 45.799 52.607 71.383 46.235 0.000 0.000 0.000 0.000 0.000 0.000 0.000 0.000 0.000 0.000 0.000 0.000 0.000 0.000 0.000 0.000 0.000 0.000 0.000 0.000 0.000 0.000 0.000 0.000 0.000 0.000 0.000 0.000 0.000 0.000 0.000 0.000 0.000
30.273 31.242 31.211 32.176 13.109 0.000 0.128 28.217 31.214 31.203 31.197 29.195 53.196 37.198 0.000 0.000 0.000 17.548 34.548 28.549 29.550 30.551 30.551 30.550 30.549 41.547 0.000 0.000 11.369 64.311 74.221 0.000 77.884 68.113 80.842 42.934 56.582 53.229 43.102 39.910 36.564 21.399 0.000 0.000 0.000 0.000 0.000 0.000 0.000 0.000 0.000 0.000 0.000 0.000 0.000 0.000 0.000 0.000 0.000 0.000 0.000 0.000 0.000 0.000 0.000 0.000 0.000 0.000 0.000 0.000 0.000 0.000 0.000 0.000 0.000
31.358 31.337 31.320 34.309 0.000 0.000 0.000 26.314 31.300 33.281 31.279 30.278 48.278 44.279 0.000 0.000 0.000 0.000 25.546 28.546 30.547 30.547 30.547 30.547 32.547 18.546 0.000 0.000 61.525 64.479 75.410 81.324 75.330 73.339 80.921 63.983 66.690 51.534 44.442 37.369 0.000 0.000 0.000 0.000 0.000 0.000 0.000 0.000 0.000 0.000 2.688 0.000 0.000 0.000 0.000 0.000 0.000 0.000 0.000 0.000 0.000 0.000 0.000 0.000 0.000 0.000 0.000 0.000 0.000 0.000 0.000 0.000 0.000 0.000 0.000
31.443 31.429 31.422 31.431 35.484 36.499 36.484 32.426 32.393 12.344 29.359 30.362 46.361 45.361 0.000 0.000 0.000 0.000 24.544 30.544 30.544 30.545 30.545 30.545 18.545 0.000 0.000 0.000 66.727 72.671 75.588 75.542 74.588 81.024 73.462 76.186 70.876 55.819 45.760 44.757 44.891 0.000 0.000 0.000 0.000 0.000 0.000 0.000 0.000 0.000 17.690 0.000 0.000 0.000 0.000 0.000 0.000 0.000 0.000 0.000 0.000 0.000 0.000 0.000 0.000 0.000 0.000 0.000 0.000 0.000 0.000 0.000 0.000 0.000 0.000
31.526 31.516 31.509 31.510 31.524 31.530 31.527 31.514 35.504 0.000 22.452 31.450 47.446 42.443 0.000 0.000 0.000 0.000 29.543 32.543 32.543 32.543 30.543 33.543 0.000 0.000 0.000 59.133 64.986 75.889 75.771 75.878 73.910 81.234 74.600 79.248 75.140 76.074 64.025 52.006 41.026 36.025 38.025 0.000 0.000 0.000 0.000 2.698 3.700 1.704 7.694 17.689 0.000 0.217 0.358 2.413 0.000 0.000 0.000 0.000 0.000 0.000 0.000 0.000 0.000 0.000 0.000 0.000 0.000 0.000 0.000 0.000 0.000 0.000 0.000
31.610 31.601 31.590 31.577 31.572 34.571 32.581 31.598 35.605 0.000 22.548 31.540 48.530 40.523 0.000 0.000 0.000 0.000 2.542 12.542 11.542 11.542 32.542 17.542 0.000 0.000 0.000 61.281 71.196 76.099 76.056 75.156 81.941 81.612 75.671 76.515 75.372 75.316 76.261 67.217 32.181 0.000 0.000 0.000 0.000 0.000 0.000 0.000 0.000 0.456 0.113 5.686 19.631 2.582 0.198 0.245 0.000 0.000 0.000 0.000 0.000 0.000 0.000 0.000 0.000 0.000 0.000 0.000 0.000 0.000 0.000 0.000 0.000 0.000 0.000
31.698 31.691 31.671 34.637 36.616 8.604 29.626 32.695 34.715 0.000 25.654 30.633 42.611 40.597 0.000 0.000 0.000 0.000 0.000 0.000 0.000 0.000 13.541 0.000 0.000 0.000 9.655 59.515 76.415 76.298 76.415 74.502 82.232 74.265 79.969 75.661 75.614 75.547 75.487 65.421 26.301 0.000 0.000 0.000 0.000 0.000 0.000 0.000 0.000 0.409 1.353 0.804 3.628 19.568 2.500 0.000 0.000 0.000 0.000 0.000 0.000 0.000 0.234 0.000 0.000 0.000 0.000 0.000 0.000 0.000 0.000 0.000 0.000 0.000 0.000
31.793 31.792 33.769 9.685 11.650 0.000 0.000 27.842 31.844 35.854 31.780 34.730 39.683 44.658 0.000 0.000 0.000 0.000 0.000 0.000 0.000 0.000 0.000 0.000 0.000 0.000 68.794 70.713 76.621 76.584 75.707 82.746 82.500 75.330 76.041 75.910 75.839 75.774 74.719 54.680 0.000 0.000 0.000 0.000 0.000 0.000 0.000 0.000 0.000 7.681 4.653 0.505 0.201 0.546 17.446 6.384 0.000 0.000 0.000 0.000 0.000 1.642 0.186 0.000 0.000 0.000 0.000 0.000 0.000 0.000 0.000 0.000 0.000 0.000 0.000
31.899 31.917 36.929 0.000 0.000 0.000 0.000 23.988 32.967 30.938 32.885 44.824 16.734 10.696 0.000 0.000 0.000 0.000 0.000 0.000 0.000 0.000 0.000 0.000 0.000 56.147 61.015 74.922 76.810 76.946 75.049 82.969 74.836 76.506 76.196 76.134 76.058 75.992 67.937 44.899 0.000 0.000 0.000 0.000 0.000 0.000 0.000 0.000 0.000 11.729 6.724 0.713 0.000 0.000 0.000 15.325 8.267 0.000 0.010 0.000 1.732 1.678 0.000 0.000 0.000 0.000 0.000 0.000 0.000 0.000 0.000 0.000 0.000 0.000 0.000
31.008 31.047 34.103 4.213 1.298 33.308 38.265 32.156 30.097 37.049 46.996 49.949 0.000 0.000 0.000 0.000 0.000 0.000 0.000 0.000 0.000 0.000 0.000 0.000 0.000 58.278 66.202 76.112 77.108 76.154 83.376 83.179 75.865 76.565 76.424 76.344 76.269 76.201 58.137 40.080 0.000 0.000 0.000 0.000 0.000 0.000 0.000 0.000 0.000 9.783 7.793 7.814 4.808 0.000 0.000 0.000 14.211 14.156 11.102 8.051 0.596 0.000 0.000 0.000 0.000 0.000 0.000 0.000 0.000 0.000 0.000 0.000 0.000 0.000 0.000
45.113 43.163 40.222 41.292 41.351 38.358 39.331 41.274 41.219 47.163 49.105 7.026 0.000 0.000 0.000 0.000 0.000 0.000 0.000 0.000 0.000 0.000 0.000 0.000 4.620 59.488 76.394 77.310 77.268 76.505 83.558 75.344 77.014 76.698 76.631 76.547 76.474 74.405 56.330 27.205 0.000 0.000 0.000 0.000 0.000 0.000 0.000 0.000 0.000 0.771 3.849 6.858 7.803 6.732 3.685 0.000 0.000 0.000 0.000 0.000 0.000 0.000 0.000 0.000 0.000 0.000 0.000 0.000 0.000 0.000 0.000 0.000 0.000 0.000 0.000
44.215 46.272 48.329 47.386 46.428 44.442 42.429 42.391 43.341 39.282 39.233 0.000 0.000 0.000 0.000 0.000 0.000 0.000 0.000 0.000 0.000 0.000 0.000 45.843 68.752 67.659 76.577 77.477 77.615 75.731 83.725 77.435 77.036 76.909 76.823 76.744 76.674 72.616 52.574 0.000 0.000 0.000 0.000 0.000 0.000 0.000 0.000 0.000 8.404 3.355 0.198 1.497 5.812 7.709 7.638 8.563 0.000 0.000 0.000 0.000 0.000 0.000 0.000 0.000 0.000 0.000 0.000 0.000 0.000 0.000 0.000 0.000 0.000 0.000 0.000
32.317 39.379 48.439 54.494 42.535 36.555 31.552 29.523 28.470 34.394 13.313 0.000 0.000 0.000 0.000 0.000 0.000 0.000 0.000 0.000 0.000 0.000 0.000 51.935 67.887 75.822 77.750 77.731 76.876 84.016 83.878 79.451 77.253 77.090 77.011 76.932 76.864 71.809 46.777 0.000 0.000 0.000 0.000 0.000 0.000 0.000 0.000 8.505 3.452 3.399 3.343 2.203 0.000 2.656 6.594 7.489 4.318 0.000 0.000 0.000 0.000 0.000 0.000 0.000 0.000 0.000 0.000 0.000 0.000 0.000 0.000 0.000 0.000 0.000 0.000
34.420 39.489 41.556 44.615 34.663 30.693 31.700 31.679 33.626 11.509 0.000 0.000 0.000 0.000 0.000 0.000 0.000 0.000 0.000 0.000 0.000 0.000 0.000 38.074 67.040 76.990 77.908 78.057 76.186 84.142 77.001 78.670 77.348 77.280 77.191 77.110 77.039 67.982 40.947 0.000 0.000 0.000 0.000 0.000 0.000 0.000 7.616 3.557 3.501 3.448 3.397 3.351 3.362 0.240 0.000 0.380 7.146 7.082 0.000 0.000 0.000 0.000 0.000 0.000 0.000 0.000 0.000 0.000 0.000 0.000 0.000 0.000 0.000 0.000 0.000
32.525 33.603 31.679 30.750 31.810 30.854 30.876 30.870 35.844 0.000 0.000 0.000 0.000 0.000 0.000 0.000 0.000 0.000 0.000 0.000 0.000 0.000 0.000 46.248 75.211 78.160 78.157 77.312 84.367 84.260 79.996 77.694 77.547 77.455 77.365 77.280 78.201 58.132 46.083 0.000 0.000 7.034 0.000 6.856 8.823 8.761 3.674 3.607 3.548 3.494 3.445 3.404 3.378 3.342 2.294 0.000 6.033 7.018 0.000 0.000 0.000 0.000 0.000 0.000 0.000 0.000 0.000 0.000 0.000 0.000 0.000 0.000 0.000 0.000 0.000
31.632 31.720 31.809 30.895 30.974 31.040 31.080 30.081 38.037 0.000 0.000 0.000 0.000 0.000 0.000 0.000 0.000 0.000 0.000 0.000 0.000 0.000 30.572 66.460 77.397 78.318 78.490 76.612 84.462 77.450 79.121 77.803 77.725 77.627 77.534 77.444 78.354 50.260 28.172 0.000 0.000 3.034 0.000 1.889 3.851 3.787 3.714 3.648 3.589 3.535 3.486 3.442 3.404 3.359 1.085 1.186 6.935 3.939 0.000 0.000 0.000 0.000 0.000 0.000 0.000 0.000 0.000 0.000 0.000 0.000 0.000 0.000 0.000 0.000 0.000
29.738 29.838 29.942 30.047 30.153 31.250 33.325 35.338 10.187 0.000 0.000 0.000 0.000 0.000 0.000 0.000 0.000 0.000 0.000 0.000 0.000 0.823 41.685 72.625 78.561 78.589 77.651 84.621 84.547 80.440 78.144 77.992 77.895 77.798 77.701 77.607 73.510 20.385 0.000 0.000 0.000 3.034 9.034 3.995 3.906 3.822 3.746 3.683 3.626 3.572 3.521 3.476 3.436 3.391 0.126 6.716 6.789 2.863 0.000 0.000 0.000 0.000 0.000 0.000 0.000 0.000 0.000 0.000 0.000 0.000 0.000 0.000 0.000 0.000 0.000
33.841 37.953 41.073 45.201 47.339 50.485 49.633 41.758 0.000 0.000 16.807 0.000 0.000 0.000 0.000 0.000 0.000 27.907 54.916 0.000 0.000 34.921 67.842 77.783 78.734 78.712 77.975 84.682 76.880 78.566 78.247 78.168 78.065 77.966 77.867 78.772 65.696 0.000 0.000 0.000 0.000 0.000 3.075 4.115 5.956 5.848 3.766 3.713 3.660 3.604 3.551 3.504 3.472 0.260 2.493 5.578 6.640 0.000 0.000 0.000 0.000 0.000 0.000 0.000 0.000 0.000 0.000 0.000 0.000 0.000 0.000 0.000 0.000 0.000 0.000
38.939 48.061 49.196 48.347 47.518 46.718 43.963 38.305 13.923 31.414 49.807 19.093 3.246 0.000 0.000 0.000 0.000 37.899 51.926 0.000 10.063 52.019 76.976 79.942 78.852 79.123 77.141 84.730 78.869 78.584 78.433 78.336 78.236 78.135 78.031 79.917 23.807 0.000 0.000 0.000 0.000 0.000 0.000 5.435 0.000 0.000 2.756 3.743 3.696 3.635 3.574 3.519 2.485 0.179 6.392 6.465 3.552 0.000 0.000 0.000 0.000 0.000 0.000 0.000 0.000 0.000 0.000 0.000 0.000 0.000 0.000 0.000 0.000 0.000 0.000
36.028 39.158 38.304 36.473 34.670 32.906 31.199 31.574 41.052 43.513 40.916 38.226 42.400 0.000 0.000 0.000 38.752 68.863 19.963 16.061 50.107 74.117 79.112 79.071 79.275 77.298 84.791 77.280 78.998 78.683 78.607 78.506 78.407 78.307 81.204 38.060 0.000 0.000 0.000 0.000 0.000 0.000 1.914 6.755 0.000 0.000 0.221 3.807 3.745 3.667 3.590 3.515 0.246 5.087 6.212 5.338 0.000 0.000 0.000 0.000 0.000 0.000 0.000 0.000 0.000 0.000 0.000 0.000 0.000 0.000 0.000 0.000 0.000 0.000 0.000
33.104 32.238 32.391 33.570 33.782 34.039 32.354 33.741 39.197 42.670 39.119 34.495 37.728 0.000 0.000 0.000 30.643 40.836 19.004 52.114 67.188 76.231 79.254 79.303 78.495 85.202 84.934 78.281 79.014 78.869 78.776 78.677 78.578 78.483 81.418 0.000 0.000 0.000 5.643 0.000 0.000 3.042 6.043 4.994 12.042 0.000 0.425 3.930 3.810 3.699 3.604 1.270 1.024 5.943 6.031 0.000 0.000 0.000 0.000 0.000 0.000 0.000 0.000 0.000 0.000 0.000 0.000 0.000 0.000 0.000 0.000 0.000 0.000 0.000 0.000
33.166 33.300 33.454 33.635 33.851 33.114 32.438 36.841 41.325 41.853 37.395 33.908 39.289 0.000 0.000 0.000 26.340 0.000 43.103 67.203 73.297 79.374 79.375 79.714 77.806 85.436 77.715 79.431 79.118 79.046 78.948 78.850 78.744 85.631 69.566 0.000 0.000 42.644 28.643 0.000 0.000 0.000 6.173 5.138 5.090 10.961 8.691 7.162 3.866 3.715 3.610 0.228 4.479 5.637 1.862 0.000 0.000 0.000 0.000 0.000 0.000 0.000 0.000 0.000 0.000 0.000 0.000 0.000 0.000 0.000 0.000 0.000 0.000 0.000 0.000
33.212 33.341 33.490 33.665 32.873 32.127 34.445 38.860 42.408 39.022 34.701 34.454 38.232 21.371 9.241 11.027 8.037 9.744 50.104 71.296 77.433 79.509 79.812 77.949 85.840 85.649 78.739 79.454 79.309 79.218 79.125 79.030 83.918 26.733 41.649 11.647 42.646 50.645 0.000 0.000 0.000 0.000 6.338 5.295 5.220 15.103 25.969 0.000 8.775 4.685 1.337 0.948 5.220 4.399 0.000 0.000 0.000 0.000 0.000 0.000 0.000 0.000 0.000 0.000 0.000 0.000 0.000 0.000 0.000 0.000 0.000 0.000 0.000 0.000 0.000
33.242 33.362 33.502 33.663 31.851 32.077 36.357 43.745 45.427 42.128 37.935 36.975 37.816 40.639 41.326 50.804 0.000 28.092 66.271 73.449 79.599 79.762 79.065 86.178 86.014 79.114 79.895 79.559 79.486 79.391 79.304 79.226 87.167 0.000 24.649 26.647 16.646 18.646 0.000 0.000 0.000 0.782 6.546 5.484 11.392 27.260 4.115 0.000 0.000 2.662 0.237 3.484 4.700 1.155 0.000 0.000 0.000 0.000 0.000 0.000 0.000 0.000 0.000 0.000 0.000 0.000 0.000 0.000 0.000 0.000 0.000 0.000 0.000 0.000 0.000
33.256 33.366 33.491 32.634 31.793 33.971 41.163 18.337 0.000 0.000 0.000 24.696 42.418 38.043 41.621 23.060 0.000 33.262 71.439 77.636 79.757 80.207 78.404 86.329 79.466 80.243 79.812 79.754 79.650 79.559 79.475 80.404 78.357 0.288 0.174 0.000 0.000 0.000 0.000 0.000 0.215 7.923 5.793 4.704 24.604 28.432 0.000 0.000 0.000 0.000 0.207 4.130 4.338 0.000 0.000 0.000 0.000 0.000 0.000 0.000 0.000 0.000 0.000 0.000 0.000 0.000 0.000 0.000 0.000 0.000 0.000 0.000 0.000 0.000 0.000
33.256 33.355 32.466 31.587 33.718 36.854 44.986 4.103 0.000 0.000 0.000 0.000 25.117 40.494 42.056 28.755 31.663 58.253 75.596 79.816 80.240 78.487 86.596 86.469 80.464 80.160 80.013 79.910 79.813 79.721 79.634 82.557 67.503 0.000 0.000 0.000 0.000 0.000 0.000 0.000 0.314 7.073 6.001 3.936 31.888 0.000 0.000 0.000 0.000 2.950 3.106 3.586 2.043 0.000 0.000 0.000 0.000 0.000 0.000 0.000 0.000 0.000 0.000 0.000 0.000 0.000 0.000 0.000 0.000 0.000 0.000 0.000 0.000 0.000 0.000
33.245 33.333 32.429 31.532 35.639 39.741 43.824 1.866 0.000 0.000 0.000 0.000 5.439 48.762 44.353 51.242 64.980 74.497 78.841 80.146 79.548 86.821 86.712 79.824 80.598 80.255 80.171 80.066 79.969 79.877 83.785 46.687 18.595 0.000 0.000 0.000 0.000 0.000 0.000 2.623 7.482 6.290 8.202 5.151 29.124 0.000 0.000 0.147 0.411 15.794 4.804 1.827 0.000 0.000 0.000 0.000 0.000 0.000 0.000 0.000 0.000 0.000 0.000 0.000 0.000 0.000 0.000 0.000 0.000 0.000 0.000 0.000 0.000 0.000 0.000
33.227 33.304 31.387 33.475 39.564 40.647 38.706 25.719 0.000 0.000 0.000 0.000 0.000 1.761 0.000 39.880 71.519 75.913 80.168 80.598 78.948 86.921 79.162 80.939 80.502 80.435 82.320 81.218 80.122 80.032 85.940 8.814 0.000 0.000 0.000 0.000 0.000 0.000 22.876 22.753 10.554 7.403 18.366 13.342 14.334 0.000 0.000 0.211 0.147 6.617 2.337 4.802 0.000 0.489 0.000 0.000 0.000 0.000 0.000 0.000 0.000 0.000 0.000 0.000 0.000 0.000 0.000 0.000 0.000 0.000 0.000 0.000 0.000 0.000 0.000
