results2_8e4_norain/res_4e8_norain.totaltm
ncols         241
nrows         181
xllcorner     12693529.787448
yllcorner     3542525.717860
cellsize      155.156523
NODATA_value  -9999.000000
[rows 99 to 131 of 181, columns 0 to 74 of 241]
0.000 0.000 0.000 0.000 0.000 33.912 44.497 44.611 43.266 42.377 0.000 0.000 0.000 0.000 0.000 0.000 0.000 36.777 36.599 0.000 0.000 0.000 0.000 35.616 35.194 0.000 0.000 0.000 0.000 0.000 0.000 0.000 0.000 0.000 0.000 54.072 53.864 53.454 54.057 55.069 58.397 56.386 58.424 53.786 55.700 53.936 54.975 58.226 58.366 57.954 57.892 57.704 57.777 59.298 59.483 59.426 59.604 59.670 47.837 0.000 0.000 0.000 0.000 0.000 13.243 67.872 67.884 67.212 47.825 40.734 68.864 67.955 68.994 69.077 69.150
0.000 0.000 0.000 0.000 0.000 34.683 44.607 44.626 0.000 0.000 0.000 0.000 0.000 0.000 0.000 0.000 0.000 37.363 37.408 0.000 0.000 0.000 36.250 36.153 36.100 0.000 0.000 0.000 0.000 54.784 54.064 0.000 0.000 0.000 54.749 55.366 54.889 54.188 54.047 55.899 58.372 56.782 58.398 58.353 56.310 57.744 57.609 58.200 55.914 57.896 57.932 57.656 57.694 58.307 59.278 58.410 0.000 0.000 0.000 0.000 0.000 0.000 0.000 24.420 67.327 67.884 68.249 67.906 60.947 62.856 68.559 68.367 68.904 68.980 69.045
0.000 0.000 0.000 0.000 0.000 20.144 44.011 44.881 0.000 0.000 0.000 0.000 0.000 0.000 0.000 0.000 0.000 37.433 37.464 37.738 38.281 37.453 36.299 36.243 35.623 0.000 0.000 0.000 0.000 54.822 54.880 55.111 55.165 55.239 54.814 55.405 55.419 0.000 58.196 58.205 58.348 57.202 0.000 58.330 58.131 58.069 58.147 58.172 55.884 56.542 58.054 58.160 58.211 58.253 45.650 0.000 0.000 0.000 0.000 0.000 0.000 0.000 0.000 46.369 67.544 67.815 68.288 68.349 68.393 68.529 68.617 68.723 68.815 68.880 68.412
39.440 39.398 0.000 0.000 0.000 31.972 44.037 44.918 44.948 0.000 0.000 0.000 0.000 0.000 0.000 0.000 0.000 0.000 38.559 37.772 41.824 43.090 39.464 32.787 0.000 0.000 0.000 0.000 0.000 0.000 54.314 55.150 55.239 55.321 55.401 55.446 55.454 54.970 55.799 56.731 58.041 57.238 0.000 58.292 58.263 56.785 57.539 58.148 57.839 57.409 56.224 57.729 58.159 58.219 52.752 0.000 0.000 0.000 0.000 0.000 0.000 0.000 0.000 0.000 0.000 67.955 68.077 68.261 68.341 68.449 68.544 68.637 68.723 68.339 67.813
42.430 38.736 38.736 39.210 39.665 43.482 44.966 44.975 44.979 44.938 40.304 0.000 0.000 37.165 39.060 39.282 0.969 0.000 43.317 44.378 43.845 43.122 39.680 0.000 0.000 0.000 0.000 0.000 0.000 0.000 0.000 55.039 54.393 54.192 55.447 55.903 55.992 56.073 56.144 56.367 58.027 57.918 55.362 56.295 57.547 57.532 56.112 57.533 57.571 56.858 57.677 57.700 56.401 0.000 0.000 0.000 0.000 0.000 0.000 0.000 0.000 0.000 0.000 0.000 0.000 67.934 68.031 68.177 68.273 68.364 68.450 67.622 65.807 67.738 69.977
44.879 43.322 39.456 40.327 43.856 45.010 45.029 45.039 45.039 44.053 38.245 39.680 0.000 30.809 42.963 44.293 44.339 41.455 44.221 44.492 0.000 0.000 0.000 0.000 0.000 0.000 0.000 0.000 0.000 0.000 0.000 54.907 0.000 0.000 0.000 55.917 55.978 56.059 56.129 56.322 57.963 57.955 56.006 56.250 56.292 57.433 57.422 54.825 56.855 57.319 57.329 52.559 0.000 0.000 0.000 0.000 0.000 0.000 0.000 0.000 0.000 0.000 0.000 0.000 0.000 67.845 67.925 68.073 68.177 67.717 66.904 69.714 69.873 69.982 70.046
44.912 44.945 44.269 44.882 45.041 45.071 45.098 45.117 45.119 44.274 39.231 42.812 0.000 0.000 38.337 43.328 44.526 44.721 44.577 44.561 0.000 0.000 0.000 0.000 0.000 0.000 0.000 0.000 0.000 0.000 0.000 54.788 0.000 0.000 55.797 55.856 55.937 56.008 56.073 56.130 57.950 57.941 55.980 56.222 56.279 56.434 57.409 57.319 57.309 57.124 52.347 0.000 0.000 0.000 0.000 0.000 0.000 0.000 0.000 0.000 0.000 0.000 0.000 0.000 67.283 67.471 67.749 67.936 68.055 67.608 69.183 69.908 69.970 69.995 70.020
44.849 44.976 45.021 45.058 45.094 45.133 45.169 45.197 45.211 45.232 44.288 44.258 0.000 0.000 31.786 39.971 44.415 44.784 44.721 42.771 0.000 0.000 0.000 0.000 0.000 0.000 0.000 0.000 0.000 0.000 0.000 51.536 54.645 54.784 54.873 55.818 55.892 55.961 56.026 56.088 57.929 57.924 55.933 56.186 56.239 56.286 56.799 57.309 56.960 0.000 0.000 0.000 0.000 0.000 0.000 0.000 0.000 0.000 0.000 0.000 0.000 0.000 0.000 0.000 0.000 67.560 67.644 67.893 67.966 66.668 69.796 69.890 69.857 69.867 69.322
44.266 45.038 45.064 45.104 45.148 45.194 45.236 45.269 45.292 45.296 45.328 43.875 40.784 38.747 37.019 43.024 44.915 44.854 44.817 0.000 0.000 0.000 0.000 0.000 0.000 0.000 0.000 0.000 0.000 0.000 0.000 0.000 0.000 0.000 0.000 55.787 55.853 55.922 55.995 56.069 57.721 57.909 56.098 56.147 56.197 56.245 56.287 56.855 0.000 0.000 0.000 0.000 0.000 0.000 0.000 0.000 0.000 0.000 0.000 0.000 0.000 0.000 0.000 0.000 0.000 0.000 0.000 0.000 0.000 69.736 69.762 69.860 69.664 67.059 69.280
44.282 45.073 45.103 45.149 45.201 45.251 45.295 45.333 45.362 45.379 45.401 42.476 37.711 37.394 39.604 44.311 45.002 44.922 44.880 0.000 0.000 0.000 0.000 0.000 0.000 0.000 0.000 0.000 0.000 0.000 0.000 0.000 0.000 0.000 0.000 53.232 55.786 53.805 55.974 56.054 57.804 57.890 56.063 56.101 56.147 56.195 56.238 54.288 0.000 0.000 0.000 0.000 0.000 0.000 0.000 0.000 0.000 0.000 0.000 0.000 0.000 65.556 0.000 0.000 0.000 0.000 0.000 0.000 69.522 69.649 69.796 69.829 69.603 67.609 69.231
44.923 45.094 45.139 45.195 45.251 45.302 45.349 45.389 45.423 45.448 45.455 44.523 39.927 40.089 43.436 44.912 45.088 45.000 44.953 0.000 0.000 0.000 0.000 0.000 0.000 0.000 0.000 0.000 0.000 0.000 0.000 0.000 0.000 0.000 0.000 0.000 53.207 0.000 55.505 56.041 57.792 57.476 56.043 56.051 56.085 56.174 56.200 55.066 0.000 0.000 0.000 0.000 0.000 0.000 0.000 0.000 0.000 0.000 0.000 0.000 0.000 66.186 63.916 0.000 0.000 0.000 0.000 69.469 69.594 69.621 69.562 67.292 67.329 66.184 68.496
45.077 45.122 45.173 45.236 45.296 45.349 45.396 45.438 45.474 45.505 45.524 45.465 45.424 45.364 45.267 45.180 45.143 45.109 43.201 1.008 0.000 0.000 0.000 0.000 0.000 0.000 0.000 0.000 0.000 0.000 0.000 0.000 0.000 0.000 0.000 0.000 0.000 0.000 55.466 56.031 57.778 56.509 56.034 55.989 56.048 56.147 55.569 55.547 55.370 0.000 0.000 0.000 0.000 0.000 0.000 0.000 0.000 0.000 0.000 0.000 0.000 66.240 66.171 62.227 0.000 67.430 68.949 69.489 69.505 69.394 69.294 66.425 67.278 67.221 0.000
44.919 44.764 45.199 45.271 45.335 45.391 45.438 45.479 45.516 45.550 45.574 45.524 45.453 45.369 45.313 45.241 45.178 41.940 0.000 0.000 35.975 39.974 0.000 0.000 0.000 0.000 0.000 0.000 0.000 0.000 0.000 0.000 0.000 0.000 0.000 0.000 0.000 0.000 51.942 56.793 57.697 56.036 53.930 55.904 55.786 55.632 55.550 55.523 55.490 53.959 0.000 0.000 0.000 0.000 0.000 0.000 0.000 0.000 0.000 0.000 0.000 66.296 65.576 66.171 66.219 69.391 69.416 69.432 68.157 69.358 67.089 66.344 66.355 57.897 0.000
43.008 43.046 44.862 45.292 45.366 45.425 45.474 45.515 45.553 45.586 45.604 45.582 45.552 45.384 45.345 45.280 45.159 0.000 0.000 35.995 39.090 41.084 40.959 39.526 37.521 0.000 0.000 0.000 0.000 0.000 0.000 0.000 0.000 0.000 0.000 53.786 54.801 54.949 55.014 54.826 56.891 51.739 0.000 53.229 55.634 55.545 55.522 55.493 55.337 0.000 0.000 0.000 0.000 0.000 0.000 0.000 66.869 67.566 0.000 0.000 66.463 66.364 66.259 65.582 69.282 69.366 69.391 69.186 69.270 69.322 68.879 66.927 54.197 0.000 0.000
39.301 40.405 44.147 45.310 45.373 45.448 45.500 45.544 45.585 45.656 45.742 43.026 42.177 45.041 45.312 45.207 44.177 40.686 41.324 42.488 41.312 41.263 35.973 29.851 0.000 0.000 0.000 0.000 0.000 0.000 0.000 0.000 0.000 0.000 43.625 49.899 54.759 55.014 55.179 55.318 56.233 0.000 0.000 0.000 52.409 55.506 55.486 55.458 55.418 0.000 0.000 0.000 0.000 0.000 0.000 0.000 67.569 67.596 66.634 66.576 66.509 66.451 66.107 68.984 69.308 69.337 68.391 69.167 69.219 69.121 66.932 67.362 56.393 0.000 0.000
31.268 39.098 43.087 45.346 45.444 45.489 45.518 45.542 45.693 45.730 45.777 9.986 0.000 34.062 40.292 44.392 44.356 44.167 44.142 42.684 0.000 0.000 0.000 0.000 0.000 0.000 0.000 0.000 0.000 0.000 0.000 0.000 0.000 0.000 0.000 48.299 54.176 51.764 53.416 55.971 56.175 0.000 0.000 0.000 0.000 49.689 55.443 55.419 53.968 0.000 0.000 0.000 0.000 0.000 0.000 0.000 0.000 68.304 66.385 66.399 66.451 66.511 66.618 69.204 69.277 69.162 59.093 0.000 69.188 68.872 68.837 68.781 56.392 0.000 0.000
0.000 13.233 39.996 41.294 40.115 40.612 44.050 45.684 45.727 45.763 45.801 0.000 0.000 0.000 0.000 1.090 38.659 43.831 44.112 0.000 0.000 0.000 0.000 0.000 0.000 0.000 0.000 0.000 0.000 0.000 0.000 0.000 0.000 0.000 0.000 48.078 53.981 53.513 54.500 55.944 55.971 0.000 0.000 0.000 0.000 0.000 53.963 55.007 0.000 0.000 0.000 0.000 0.000 0.000 0.000 0.000 0.000 68.450 68.548 67.813 65.836 64.777 69.152 69.184 67.622 0.000 0.000 0.000 0.000 68.852 68.802 68.748 64.978 0.000 0.000
0.000 0.000 31.584 38.462 0.000 0.000 38.253 45.403 45.215 42.271 46.515 37.636 0.000 0.000 0.000 0.000 0.000 11.145 39.115 0.000 0.000 0.000 0.000 0.000 0.000 0.000 0.000 0.000 0.000 0.000 0.000 0.000 0.000 0.000 0.000 36.519 53.513 51.139 55.877 55.911 53.114 52.956 0.000 0.000 0.000 0.000 47.971 0.000 0.000 0.000 0.000 0.000 0.000 0.000 0.000 0.000 0.000 0.000 68.563 68.999 69.016 69.034 69.119 67.542 0.000 0.000 0.000 0.000 0.000 67.944 68.740 68.690 67.922 0.000 0.000
0.000 0.000 27.477 46.051 29.824 0.000 30.909 45.430 45.699 47.208 47.514 47.487 47.462 25.190 0.000 0.000 0.000 0.000 0.000 0.000 0.000 0.000 0.000 0.000 0.000 0.000 0.000 0.000 0.000 0.000 0.000 0.000 0.000 0.000 0.000 0.000 46.160 51.131 55.839 54.121 52.937 51.835 51.780 0.000 0.000 0.000 0.000 0.000 0.000 0.000 0.000 0.000 0.000 0.000 0.000 0.000 0.000 0.000 0.000 0.000 68.994 68.499 67.671 0.000 0.000 0.000 0.000 0.000 66.803 66.874 67.923 64.077 0.000 0.000 0.000
0.000 10.484 40.564 46.076 47.495 39.484 42.554 47.497 47.524 47.549 47.545 47.509 47.458 47.419 47.368 39.177 0.000 0.000 40.357 45.059 42.050 42.983 2.263 0.000 0.000 0.000 0.000 0.000 0.000 0.000 0.000 0.000 0.000 0.000 0.000 0.000 46.331 54.937 55.355 51.490 51.206 51.687 51.562 0.000 0.000 0.000 0.000 0.000 0.000 0.000 0.000 0.000 0.000 0.000 0.000 0.000 0.000 0.000 0.000 0.000 0.000 0.000 0.000 0.000 0.000 0.000 0.000 65.675 65.736 64.064 0.000 0.000 0.000 0.000 0.000
47.053 47.416 47.496 47.557 47.586 47.470 47.385 47.246 47.549 47.881 47.777 47.545 46.285 46.722 47.319 47.416 47.518 47.518 47.472 46.702 46.351 45.802 46.000 45.206 12.398 0.000 0.000 0.000 0.000 0.000 0.000 0.000 0.000 0.000 0.000 52.216 52.248 55.312 55.332 54.159 51.052 51.255 50.741 50.638 50.109 0.000 0.000 0.000 0.000 0.000 0.000 0.000 0.000 0.000 0.000 0.000 0.000 0.000 0.000 0.000 0.000 0.000 0.000 0.000 0.000 0.000 0.000 0.000 0.000 0.000 0.000 0.000 0.000 0.000 0.000
47.370 47.436 47.521 47.616 47.660 44.939 45.064 45.030 45.968 47.938 47.794 47.449 42.649 45.589 47.392 47.471 47.555 47.554 47.511 47.471 47.441 47.394 47.361 47.322 47.265 47.207 18.514 0.000 0.000 0.000 0.000 0.000 0.000 0.000 0.000 42.109 54.379 54.780 51.777 54.122 53.117 50.745 50.568 50.516 0.000 0.000 0.000 0.000 0.000 0.000 0.000 0.000 0.000 0.000 0.000 0.000 0.000 0.000 0.000 0.000 0.000 0.000 0.000 0.000 0.000 0.000 0.000 0.000 0.000 0.000 0.000 0.000 0.000 0.000 0.000
39.928 16.848 38.877 47.661 47.731 34.398 15.220 8.951 35.338 47.986 47.441 47.496 43.347 43.346 47.436 47.572 47.609 47.624 47.564 47.513 47.468 47.437 43.741 39.840 39.569 40.575 40.534 0.000 0.000 0.000 0.000 0.000 0.000 0.000 0.000 38.038 54.357 52.071 49.706 52.915 53.090 51.430 50.461 50.238 50.142 0.000 0.000 0.000 0.000 0.000 0.000 0.000 0.000 0.000 0.000 0.000 0.000 0.000 0.000 0.000 0.000 0.000 0.000 0.000 0.000 0.000 0.000 0.000 0.000 0.000 0.000 0.000 0.000 0.000 75.896
37.494 0.000 30.300 47.708 47.795 13.983 0.000 0.000 27.954 48.047 47.460 47.556 47.875 43.384 47.498 47.508 47.646 47.685 47.624 47.553 47.326 38.426 0.000 0.000 0.000 0.000 0.000 0.000 0.000 22.953 24.866 0.000 0.000 0.000 46.346 53.155 54.334 51.602 49.866 48.805 52.837 52.823 51.114 50.062 49.927 49.810 49.722 0.000 0.000 0.000 0.000 0.000 0.000 0.000 0.000 0.000 0.000 0.000 0.000 0.000 0.000 0.000 0.000 0.000 0.000 0.000 0.000 0.000 0.000 0.000 0.000 0.000 0.000 0.000 75.918
47.739 47.777 47.801 47.300 47.910 48.009 48.078 48.052 48.106 48.154 48.080 48.021 47.954 47.612 47.555 47.566 47.884 47.719 47.802 41.710 12.479 0.000 0.000 0.000 0.000 0.000 0.000 0.000 0.000 0.000 24.918 29.540 35.554 49.127 49.184 54.019 54.032 42.935 48.806 49.579 50.795 52.742 52.247 50.594 49.624 48.058 49.629 48.753 48.272 0.000 0.000 0.000 0.000 0.000 0.000 0.000 0.000 0.000 0.000 0.000 0.000 0.000 0.000 0.000 0.000 0.000 0.000 0.000 0.000 0.000 0.000 0.000 0.000 46.082 76.889
47.372 47.812 47.872 47.932 47.996 48.067 48.135 48.032 48.123 48.212 48.157 48.095 48.026 47.952 44.887 47.617 47.954 47.924 47.853 0.000 0.000 0.000 0.000 0.000 0.000 0.000 0.000 0.000 0.000 0.000 0.000 0.000 0.000 32.531 50.397 54.005 50.689 0.000 33.390 49.490 48.627 51.091 51.403 51.362 49.797 48.133 48.038 46.282 0.000 0.000 0.000 0.000 0.000 0.000 0.000 0.000 0.000 0.000 0.000 0.000 0.000 0.000 0.000 0.000 0.000 0.000 0.000 0.000 0.000 0.000 0.000 0.000 57.094 76.400 76.982
47.805 47.871 47.934 47.998 48.071 48.148 48.216 47.869 47.867 48.280 48.223 48.158 48.087 48.008 47.698 47.662 48.000 47.965 47.895 0.000 0.000 0.000 0.000 0.000 0.000 0.000 0.000 0.000 0.000 0.000 0.000 0.000 0.000 0.000 52.319 53.991 0.000 0.000 30.325 49.403 48.862 48.144 51.351 51.325 50.771 48.039 48.275 0.000 0.000 0.000 0.000 0.000 0.000 0.000 0.000 0.000 0.000 0.000 0.000 0.000 0.000 0.000 0.000 0.000 0.000 0.000 0.000 0.000 0.000 0.000 0.000 0.000 75.734 76.820 76.846
47.855 47.923 47.989 48.058 48.138 48.216 48.283 48.936 49.065 48.481 48.280 48.213 48.134 48.048 48.037 47.701 48.044 47.991 47.939 0.000 0.000 0.000 0.000 0.000 0.000 0.000 0.000 0.000 0.000 0.000 0.000 0.000 0.000 0.000 53.473 53.882 0.000 0.000 1.686 48.355 48.797 48.717 47.847 50.648 50.748 48.487 48.408 0.000 0.000 0.000 0.000 0.000 0.000 0.000 0.000 0.000 0.000 0.000 0.000 0.000 0.000 0.000 0.000 0.000 0.000 0.000 0.000 0.000 0.000 0.000 0.000 74.470 75.347 75.345 75.339
47.900 47.972 48.045 48.123 48.196 48.151 47.909 49.439 49.584 48.801 48.284 48.217 48.141 48.077 48.134 48.182 48.108 47.513 47.984 23.353 0.000 0.000 0.000 0.000 0.000 17.302 19.100 19.148 4.015 2.224 0.000 0.000 0.000 47.261 53.461 52.758 52.590 0.000 0.000 31.593 48.750 48.610 48.450 47.339 50.731 50.712 49.851 0.000 0.000 0.000 0.000 0.000 0.000 0.000 0.000 0.000 0.000 0.000 0.000 0.000 0.000 0.000 0.000 0.000 0.000 0.000 0.000 0.000 0.000 0.000 69.474 76.663 75.504 76.594 77.362
47.937 48.020 48.110 48.196 48.269 48.208 47.954 49.509 49.666 48.656 48.286 48.219 48.140 48.149 48.217 48.277 48.199 48.110 48.041 48.074 14.787 0.000 0.000 0.000 0.000 0.000 11.020 45.806 48.742 48.722 23.721 0.000 42.226 53.294 53.303 51.294 38.605 0.000 0.000 31.405 48.674 48.517 48.431 47.407 49.115 50.697 50.617 10.792 0.000 0.000 0.000 0.000 0.000 0.000 0.000 0.000 0.000 0.000 0.000 0.000 0.000 0.000 0.000 0.000 0.000 0.000 0.000 0.000 0.000 0.000 75.493 77.387 77.391 77.740 77.764
44.790 47.367 48.100 48.097 48.331 48.269 47.116 49.710 49.691 48.001 48.219 48.188 48.149 48.219 48.291 48.356 48.277 48.184 48.122 48.125 48.146 27.668 0.000 0.000 0.000 0.000 0.000 7.572 48.761 48.436 49.557 50.444 52.203 53.283 52.680 32.040 0.000 0.000 0.000 29.867 48.396 48.422 48.708 48.067 49.865 49.999 50.607 50.595 50.221 5.256 0.000 0.000 0.000 0.000 0.000 0.000 0.000 0.000 0.000 0.000 0.000 0.000 0.000 0.000 0.000 0.000 0.000 0.000 0.000 74.312 75.303 75.356 75.550 76.947 77.777
50.363 49.995 49.517 49.211 48.689 47.348 47.319 49.748 49.723 47.191 48.201 48.266 48.209 48.279 48.356 48.424 48.161 47.366 48.178 48.186 48.191 48.144 22.472 0.000 0.000 0.000 0.000 5.799 48.941 48.766 47.845 51.279 53.167 53.178 46.344 0.000 0.000 0.000 0.000 26.722 47.583 48.338 48.739 48.768 49.649 49.335 50.349 50.155 49.174 29.385 0.000 0.000 0.000 0.000 0.000 0.000 0.000 0.000 0.000 0.000 0.000 0.000 0.000 0.000 0.000 0.000 0.000 0.000 69.770 74.812 77.129 77.139 77.727 77.761 77.778
51.211 51.227 51.218 50.991 50.777 50.466 50.110 49.772 49.132 48.121 48.266 48.334 48.266 48.203 48.166 48.672 49.663 50.191 50.109 49.920 49.158 47.598 49.019 48.983 7.036 0.000 0.000 35.237 49.214 49.248 49.288 52.924 53.152 38.224 0.000 0.000 0.000 0.000 0.000 32.457 47.348 48.096 48.716 48.737 48.020 46.530 47.854 50.141 50.066 50.056 0.000 0.000 0.000 0.000 0.000 0.000 0.000 0.000 0.000 0.000 0.000 0.000 0.000 0.000 0.000 0.000 0.000 0.000 75.485 74.822 75.524 76.970 75.469 77.778 77.778
