results2_8e4_norain/res_4e8_norain.totaltm
ncols         241
nrows         181
xllcorner     12693529.787448
yllcorner     3542525.717860
cellsize      155.156523
NODATA_value  -9999.000000
[rows 33 to 65 of 181, columns 75 to 149 of 241]
0.000 0.000 0.000 0.000 0.000 0.000 0.000 0.000 0.000 0.000 0.000 0.000 0.000 0.000 0.000 0.000 0.000 0.000 0.000 0.000 0.000 0.000 0.000 0.000 0.000 0.000 0.000 0.000 0.000 0.000 0.000 0.000 0.000 0.000 0.000 0.000 0.000 56.070 57.048 57.214 35.096 0.000 0.000 50.997 60.162 6.800 0.000 61.194 61.419 59.501 60.919 61.066 61.027 61.008 61.061 61.097 61.921 63.794 0.000 18.575 5.037 68.252 71.843 73.462 73.487 73.621 73.650 73.595 73.501 77.778 73.402 73.273 73.148 73.032 72.961
0.000 0.000 0.000 0.000 0.000 0.000 0.000 0.000 0.000 0.000 0.000 0.000 0.000 0.000 0.000 0.000 0.000 0.000 0.000 0.000 0.000 0.000 0.000 0.000 0.000 0.000 0.000 0.000 0.000 0.000 0.000 0.000 0.000 0.000 0.000 0.000 0.000 0.000 10.804 0.000 0.000 0.000 0.000 0.000 42.975 0.000 0.000 41.147 61.747 61.768 61.432 61.110 61.071 61.055 61.113 61.151 63.983 63.812 0.000 65.694 68.707 71.625 73.487 73.527 73.599 73.694 74.307 73.651 77.778 73.502 73.376 73.251 73.133 73.026 72.958
0.000 0.000 0.000 0.000 0.000 0.000 0.000 0.000 0.000 0.000 0.000 0.000 0.000 0.000 0.000 0.000 45.027 63.425 0.458 0.000 0.000 0.000 0.000 0.000 0.000 0.000 0.000 0.000 0.000 0.000 0.000 0.000 0.000 0.000 0.000 0.000 0.000 0.000 0.000 0.000 0.000 0.000 0.000 0.000 30.682 0.000 0.000 0.000 45.915 61.787 61.811 61.324 61.109 61.060 61.009 63.953 64.466 0.000 46.233 68.243 71.011 73.552 73.576 73.625 73.697 75.105 74.420 77.778 73.594 73.472 73.350 73.232 73.122 73.023 72.932
0.000 0.000 0.000 0.000 0.000 0.000 0.000 0.000 0.000 6.578 49.306 0.000 0.000 0.000 0.000 0.000 53.271 65.499 58.696 0.000 0.000 0.000 0.000 0.000 0.000 0.000 0.000 0.000 0.000 0.000 0.000 0.000 0.000 0.000 0.000 0.000 0.000 0.000 0.000 0.000 0.000 0.000 0.000 0.000 35.638 37.297 51.621 23.118 43.659 61.115 61.902 61.700 61.117 60.557 62.380 64.481 64.515 31.433 68.194 71.742 73.626 73.633 73.671 73.735 73.779 75.221 77.778 73.677 73.558 73.440 73.324 73.215 73.115 73.023 72.936
0.000 0.000 0.000 0.000 0.000 0.000 0.000 0.000 0.000 48.060 51.093 51.146 51.192 0.000 0.000 26.861 64.542 65.518 60.802 0.000 0.000 0.000 0.000 33.671 0.000 0.000 0.000 0.000 0.000 0.000 0.000 0.000 0.000 0.000 0.000 0.000 0.000 0.000 0.000 0.000 46.022 0.000 0.000 58.401 59.969 60.811 60.858 60.891 60.929 60.975 61.925 61.780 55.814 62.613 64.474 64.523 64.572 68.721 69.534 72.314 73.701 73.716 73.771 73.852 74.549 77.778 73.748 73.634 73.519 73.409 73.303 73.203 73.111 73.025 72.940
0.000 0.000 0.000 0.000 0.000 0.000 0.000 0.000 0.000 0.000 51.129 51.194 51.263 0.000 9.528 63.908 64.890 65.606 59.393 0.000 0.000 0.000 0.000 38.489 38.502 0.000 0.000 0.000 0.000 0.000 0.000 0.000 0.000 0.000 35.195 52.999 53.360 0.000 0.000 28.146 57.653 35.444 58.103 60.411 60.636 60.795 60.830 60.854 60.852 55.813 62.010 62.031 62.458 63.956 63.977 0.000 64.281 69.173 71.562 73.819 73.768 73.809 73.871 74.626 77.778 73.819 73.705 73.594 73.486 73.384 73.287 73.197 73.112 73.028 72.937
0.000 0.000 0.000 0.000 0.000 0.000 0.000 0.000 0.000 0.000 0.000 26.822 61.492 61.396 58.712 62.703 64.662 65.717 56.314 0.000 0.000 0.000 0.000 33.704 38.586 38.653 0.000 0.000 0.000 0.000 0.000 0.000 0.000 0.000 53.687 53.848 55.342 53.013 36.106 57.134 57.692 57.732 58.765 59.497 59.305 58.543 60.371 40.000 60.829 61.006 61.031 62.651 63.658 63.676 0.000 0.000 67.844 71.003 73.512 73.931 73.830 73.923 73.969 77.778 73.894 73.778 73.667 73.561 73.462 73.368 73.279 73.195 73.114 73.056 71.311
0.000 0.000 0.000 0.000 0.000 0.000 0.000 0.000 0.000 0.000 0.000 0.000 61.952 61.980 62.008 62.036 64.789 65.751 65.197 63.799 22.401 0.000 0.000 0.000 0.000 38.941 38.967 38.576 40.449 39.604 0.000 0.000 0.000 0.000 53.637 53.549 56.201 57.571 57.608 57.647 57.686 57.729 57.933 58.097 57.938 56.791 58.783 0.000 0.000 0.000 61.878 63.609 63.634 0.000 0.000 67.883 70.463 72.126 74.086 74.051 74.046 74.045 77.778 73.969 73.854 73.742 73.637 73.539 73.447 73.359 73.277 73.197 73.117 73.026 69.561
0.000 0.000 0.000 0.000 0.000 0.000 0.000 0.000 0.000 0.000 0.000 0.000 0.000 61.159 38.629 63.462 65.226 65.801 65.618 65.348 64.165 45.122 0.000 0.000 0.000 2.259 40.744 40.796 42.463 42.501 41.454 40.666 0.000 0.000 0.000 54.294 56.624 57.536 57.566 55.955 56.023 57.666 57.729 57.732 57.733 57.722 58.402 0.000 0.000 0.000 0.000 62.643 27.694 27.866 68.804 69.624 71.330 74.181 74.213 74.171 74.120 77.778 74.045 73.930 73.818 73.712 73.615 73.525 73.439 73.357 73.278 73.199 73.137 71.051 67.586
0.000 0.000 0.000 0.000 0.000 0.000 0.000 0.000 0.000 0.000 0.000 0.000 0.000 0.000 65.598 65.650 65.869 65.835 65.661 64.847 64.254 57.802 0.000 0.000 0.000 0.000 0.000 27.709 42.504 42.535 45.697 45.794 45.859 45.935 47.762 53.550 56.383 57.466 56.409 54.329 52.824 57.637 57.684 57.662 57.664 57.651 57.939 46.116 0.000 0.000 0.000 0.000 0.000 69.257 69.742 70.997 74.261 74.299 74.985 77.778 77.778 74.120 74.005 73.894 73.789 73.692 73.602 73.518 73.437 73.358 72.959 73.158 73.086 68.266 65.713
0.000 0.000 0.000 0.000 6.262 55.153 0.000 9.098 61.425 59.903 60.470 38.113 0.000 0.000 12.640 65.878 65.890 65.582 65.001 65.613 64.352 52.404 0.000 0.000 0.000 0.000 0.000 0.000 0.000 0.000 43.249 43.422 11.627 0.000 0.000 54.141 56.374 56.909 55.667 54.683 54.438 0.000 7.607 57.617 57.579 57.574 57.881 57.845 57.813 2.825 0.000 0.000 53.922 70.156 70.805 73.290 74.376 75.774 77.778 77.778 74.217 74.097 73.981 73.872 73.771 73.680 73.596 73.516 73.437 73.359 73.318 0.000 0.000 55.802 65.671
0.000 0.000 0.000 0.000 6.264 62.207 0.000 61.065 61.454 62.660 60.508 49.761 0.000 0.000 0.000 64.587 66.091 66.122 66.156 66.246 65.189 50.359 0.000 0.000 0.000 0.000 0.000 0.000 0.000 0.000 0.000 40.122 0.000 0.000 0.000 54.548 54.574 55.887 11.891 0.000 0.000 0.000 0.000 0.000 57.533 57.524 0.000 52.236 57.787 57.219 0.000 0.000 61.226 70.927 72.812 74.442 75.842 77.778 77.778 74.302 74.185 74.070 73.959 73.855 73.759 73.673 73.593 73.516 73.439 73.362 73.318 36.240 0.000 0.000 0.000
58.024 0.000 0.000 0.000 0.000 62.459 59.874 60.501 61.622 63.282 63.340 63.130 43.209 0.000 0.000 0.000 52.412 66.157 66.186 66.284 65.816 57.200 0.000 0.000 0.000 0.000 0.000 0.000 0.000 0.000 0.000 0.000 0.000 0.000 0.000 0.000 0.000 0.000 0.000 0.000 0.000 0.000 0.000 0.000 0.000 30.569 22.652 0.000 0.000 0.000 0.000 38.789 69.857 72.939 74.513 75.884 77.778 77.778 74.378 74.261 74.147 74.039 73.935 73.838 73.749 73.669 73.593 73.518 73.441 73.361 73.309 70.046 25.237 0.000 0.000
58.464 58.044 0.000 0.000 0.000 62.478 62.583 62.609 63.072 63.088 63.549 63.563 59.496 0.000 0.000 0.000 0.000 66.226 66.236 66.319 65.828 58.200 0.000 0.000 0.000 63.149 66.736 49.780 0.000 0.000 0.000 0.000 0.000 0.000 0.000 0.000 0.000 0.000 0.000 0.000 0.000 0.000 0.000 0.000 0.000 0.000 0.000 0.000 0.000 0.000 31.941 69.958 73.045 74.601 77.778 77.778 74.472 74.388 74.291 74.193 74.096 74.001 73.909 73.822 73.742 73.668 73.594 73.519 73.439 73.394 38.176 0.000 25.161 0.000 0.000
58.803 59.023 57.947 0.000 60.182 60.219 61.769 62.821 63.034 63.505 63.566 63.580 61.359 0.000 0.000 0.000 0.000 66.250 66.268 66.349 65.518 63.478 60.046 60.654 60.769 63.690 67.319 58.091 0.000 0.000 0.000 0.000 0.000 0.000 0.000 0.000 0.000 0.000 0.000 0.000 0.000 0.000 0.000 0.000 0.000 0.000 0.000 0.000 21.619 67.647 69.566 72.729 74.685 77.778 77.778 74.558 74.438 74.327 74.230 74.140 74.053 73.969 73.888 73.811 73.738 73.667 73.594 73.515 73.471 51.255 0.000 0.000 21.939 21.916 21.882
59.832 59.052 59.682 59.761 59.793 55.133 0.000 0.000 0.499 63.096 63.581 63.592 62.846 51.083 0.000 0.000 63.353 65.481 66.349 66.367 66.349 64.684 61.724 61.743 61.798 64.421 67.349 64.564 60.053 60.737 62.006 62.431 35.367 0.000 0.000 0.000 0.000 0.000 0.000 0.000 0.000 0.000 0.000 0.000 0.000 0.000 0.000 0.000 53.834 70.983 72.522 74.764 77.778 77.778 74.643 74.524 74.408 74.298 74.198 74.108 74.026 73.948 73.875 73.804 73.736 73.667 73.590 73.544 52.541 0.000 0.000 0.000 21.871 21.864 0.000
61.056 59.023 58.399 58.840 60.649 60.665 56.325 0.000 0.000 0.000 12.073 63.764 63.783 62.212 61.186 62.626 62.671 63.131 65.964 66.378 62.556 61.944 61.679 61.751 61.796 64.433 67.370 62.888 62.342 62.557 63.103 63.061 62.323 47.437 0.000 0.000 0.000 0.000 0.000 0.000 0.000 0.000 0.000 0.000 0.000 0.000 0.000 31.706 70.214 73.000 74.819 77.778 77.778 74.725 74.607 74.490 74.379 74.274 74.178 74.090 74.010 73.937 73.867 73.801 73.735 73.659 73.611 51.833 0.000 0.000 0.000 0.000 0.000 0.000 13.849
61.117 59.991 0.000 0.000 61.336 61.239 61.206 60.786 0.000 0.000 0.000 63.781 63.810 62.547 61.143 60.642 60.707 61.493 65.106 66.509 66.625 66.644 64.042 62.501 62.562 66.920 67.388 60.035 62.486 62.612 63.141 63.085 48.919 0.000 0.000 0.000 0.000 0.000 0.000 0.000 0.000 0.000 0.000 0.000 0.000 39.352 68.948 70.366 72.798 77.778 77.778 74.819 74.736 74.641 74.542 74.443 74.345 74.250 74.161 74.078 74.002 73.931 73.864 73.799 73.749 73.709 53.172 0.000 0.000 0.000 0.000 0.000 0.000 0.000 19.128
61.192 61.261 61.291 61.319 61.364 61.404 57.868 0.000 0.000 12.085 62.973 63.009 63.841 63.872 64.421 64.488 64.524 64.936 65.003 65.129 66.299 66.819 67.287 67.376 67.438 67.805 67.853 66.650 67.704 67.762 68.157 56.373 0.000 0.000 0.000 0.000 0.000 0.000 0.000 0.000 0.000 0.000 0.000 0.000 69.394 69.548 72.906 73.957 77.778 77.778 76.119 74.848 74.724 74.604 74.502 74.407 74.316 74.229 74.146 74.068 73.996 73.927 73.861 73.813 73.771 5.059 0.000 0.000 0.000 0.000 0.000 0.000 0.000 17.145 17.184
61.055 61.232 61.266 61.285 61.296 61.438 61.611 59.319 0.000 62.373 62.395 62.479 62.560 62.304 63.460 64.444 64.506 63.232 0.000 0.000 0.000 67.026 67.184 67.444 67.639 67.797 67.895 67.982 68.071 68.157 68.211 68.254 47.166 0.000 0.000 68.198 69.619 70.591 62.844 0.000 0.000 0.000 0.000 69.684 70.979 73.646 75.036 77.778 77.778 76.154 74.911 74.798 74.686 74.576 74.474 74.380 74.293 74.212 74.135 74.061 73.992 73.923 73.873 73.833 55.673 0.000 0.000 0.000 0.000 0.000 0.000 0.000 16.034 17.098 0.000
60.263 61.189 61.235 61.254 60.417 61.386 61.662 61.722 62.151 62.352 61.558 61.220 60.777 62.128 64.324 64.394 62.037 51.264 0.000 0.000 0.000 0.000 64.658 62.140 62.310 62.455 62.571 63.133 64.807 68.020 68.234 68.304 68.579 68.372 68.441 70.018 70.800 70.614 71.361 71.172 70.627 70.392 70.731 72.927 74.521 75.082 77.778 77.778 76.185 74.973 74.859 74.750 74.646 74.544 74.447 74.358 74.276 74.199 74.126 74.055 73.984 73.932 73.886 29.790 0.000 0.000 0.000 0.000 0.000 0.000 0.000 0.000 16.006 13.788 0.000
58.500 60.627 61.076 59.639 58.686 58.735 61.602 61.662 61.521 60.363 60.771 61.630 62.152 62.215 62.256 60.236 53.172 0.000 65.033 65.773 65.506 65.650 66.097 66.337 66.328 66.398 66.521 66.504 66.477 68.116 68.181 67.818 68.956 68.902 69.759 71.481 71.807 71.844 71.879 71.073 71.348 72.848 74.618 75.172 77.778 77.778 75.787 76.184 75.018 74.909 74.802 74.702 74.605 74.511 74.422 74.339 74.262 74.189 74.117 74.065 73.831 72.193 47.769 0.000 0.000 0.000 0.000 0.000 0.000 0.000 0.000 13.746 15.309 4.486 2.480
57.392 59.520 60.345 58.300 56.450 59.329 59.405 61.406 61.855 61.726 60.520 62.344 61.788 60.287 62.311 56.344 0.000 65.754 66.243 66.284 66.423 66.483 66.597 66.734 66.788 66.878 66.960 68.362 68.486 68.521 68.548 68.576 69.012 69.068 69.119 69.608 52.660 0.000 72.841 73.475 73.509 73.544 75.240 77.778 77.778 75.842 75.772 75.068 74.957 74.849 74.749 74.654 74.565 74.479 74.399 74.324 74.251 74.176 74.127 73.053 70.681 33.483 0.000 0.000 0.000 0.000 0.000 0.000 0.000 0.000 4.527 13.703 13.746 13.441 2.534
0.000 20.361 58.849 53.552 0.000 57.440 61.121 61.163 61.984 57.612 0.000 62.384 61.159 62.329 62.747 65.205 66.329 66.356 66.502 66.696 66.903 68.156 68.179 68.211 68.239 68.263 68.333 68.349 62.599 64.239 64.287 68.911 68.955 68.336 67.483 51.189 0.000 0.000 0.000 70.336 73.155 75.976 77.778 77.778 75.206 75.108 75.067 74.972 74.876 74.782 74.693 74.609 74.528 74.452 74.381 74.311 74.257 74.112 71.617 69.978 28.169 0.000 0.000 0.000 0.000 0.000 0.000 0.000 0.000 0.000 12.194 12.218 0.000 0.000 2.459
0.000 58.106 58.129 0.000 0.000 0.000 57.109 61.986 62.043 0.000 0.000 64.653 61.844 65.105 66.053 66.132 66.375 66.461 66.478 65.181 62.850 60.674 59.680 61.434 62.160 52.050 0.000 64.662 64.213 64.301 68.066 68.848 68.557 62.676 67.413 51.323 0.000 0.000 69.789 71.955 76.015 77.778 77.778 75.272 75.158 75.052 74.969 74.886 74.803 74.722 74.645 74.571 74.500 74.434 74.366 74.312 73.289 70.775 42.884 0.000 0.000 0.000 0.000 0.000 0.000 0.000 0.000 0.000 0.000 11.776 11.806 0.000 0.000 2.136 2.103
40.002 0.000 0.000 0.000 0.000 0.000 0.000 0.000 63.261 62.857 64.655 64.686 64.727 64.762 65.941 66.321 66.331 64.794 64.502 61.766 62.763 56.696 0.000 63.518 63.627 55.494 0.000 64.614 64.264 65.083 68.616 68.641 68.148 52.331 0.000 0.000 69.346 68.953 71.156 75.349 77.778 75.343 75.277 75.183 75.089 74.996 74.907 74.825 74.751 74.681 74.613 74.547 74.484 74.439 74.376 71.583 69.403 33.196 0.000 0.000 0.000 0.000 0.000 0.000 0.000 0.000 0.000 0.000 3.476 11.739 3.300 0.000 2.276 2.247 0.000
37.916 0.000 0.000 63.431 63.451 63.220 0.000 0.000 64.327 64.362 64.387 64.696 64.743 64.856 65.944 66.314 66.323 65.815 65.805 60.079 62.354 62.411 63.341 63.481 63.777 63.961 64.142 62.768 62.934 68.497 68.519 67.842 63.183 53.819 0.000 0.000 69.727 70.553 74.867 75.429 77.778 75.369 75.254 75.140 75.041 74.949 74.865 74.792 74.726 74.661 74.597 74.534 74.496 73.906 70.159 67.752 68.016 13.782 0.000 0.000 0.000 0.000 0.000 0.000 0.000 0.000 0.000 3.617 11.015 11.054 1.810 2.431 2.394 0.000 0.000
0.000 0.000 0.000 62.353 63.475 63.495 64.016 64.028 64.376 64.611 64.634 64.658 64.704 64.743 64.611 61.739 57.928 61.731 60.053 62.202 62.334 62.753 63.246 63.714 63.961 64.130 64.220 67.828 68.363 68.462 56.952 0.000 57.207 0.000 0.000 0.000 70.307 73.853 76.092 77.778 77.778 75.398 75.269 75.113 74.994 74.909 74.842 74.780 74.717 74.651 74.585 74.360 66.527 0.000 0.000 0.000 0.000 0.000 0.000 0.000 0.000 0.000 0.000 0.000 0.000 0.000 2.061 10.366 10.402 2.259 2.956 2.453 0.000 0.000 0.000
43.162 0.000 62.851 62.515 62.467 63.940 63.765 64.240 64.366 63.952 62.872 62.391 63.022 64.545 64.566 64.501 61.591 61.195 61.464 61.506 62.215 62.344 62.627 63.857 64.058 64.184 65.000 67.686 68.337 60.882 0.000 0.000 0.000 0.000 19.503 73.172 73.197 75.439 75.536 77.778 75.462 75.387 75.325 74.993 74.942 74.892 74.837 74.778 74.731 74.152 71.085 69.969 25.774 0.000 0.000 0.000 0.000 0.000 0.000 0.000 0.000 0.000 0.000 0.000 0.000 0.000 9.943 9.978 0.000 0.781 3.004 0.000 0.000 0.000 0.000
43.219 62.851 62.896 62.582 63.792 63.958 64.222 64.298 61.752 61.222 61.722 62.924 62.400 60.041 63.844 64.315 64.279 64.021 61.420 61.293 60.571 61.349 62.397 64.009 64.055 64.108 59.140 0.000 68.310 68.287 0.000 0.000 0.000 0.000 70.325 71.636 75.481 75.546 77.778 77.778 75.498 75.357 75.253 74.977 74.941 74.894 74.841 74.797 74.664 63.749 0.000 0.000 0.000 0.000 0.000 0.000 0.000 0.000 0.000 0.000 0.000 0.000 0.000 0.000 0.000 8.471 9.914 0.000 1.199 4.234 4.063 0.566 0.000 0.000 0.484
0.000 61.409 62.967 63.288 64.229 64.374 64.529 64.308 0.000 63.993 63.991 63.006 62.951 62.372 61.364 62.139 64.223 63.733 63.667 63.601 63.158 62.867 61.501 58.472 61.505 58.756 0.000 0.000 0.000 67.671 60.038 0.000 0.000 0.000 71.584 75.430 75.534 75.636 77.778 75.571 75.489 75.421 75.066 75.025 74.970 74.910 74.847 74.262 64.081 0.000 0.000 0.000 0.000 0.000 0.000 0.000 0.000 0.000 0.000 1.819 0.000 0.000 1.936 0.000 4.868 8.423 4.797 2.438 4.457 4.426 3.444 0.000 0.000 0.000 4.951
0.000 59.493 63.201 64.132 64.997 64.980 64.873 64.866 64.859 64.826 64.820 63.061 63.014 62.346 62.159 61.717 57.104 63.094 63.541 63.436 63.024 62.997 62.956 62.925 61.496 0.000 0.000 0.000 0.000 67.624 55.038 0.000 0.000 70.545 74.023 75.517 75.636 77.778 77.778 75.604 75.453 75.341 75.071 75.032 74.982 74.938 70.267 0.000 0.000 0.000 0.000 0.000 0.000 0.000 0.000 0.000 4.903 3.014 0.000 1.879 1.735 1.806 2.007 3.457 7.641 7.666 5.058 5.016 4.499 3.788 1.209 0.000 0.000 0.000 9.326
0.000 60.823 64.040 65.049 65.027 62.269 61.457 60.283 57.228 58.333 58.274 63.109 63.062 63.036 62.964 56.396 0.000 55.018 62.888 63.156 62.872 62.864 62.818 62.834 62.499 0.000 0.000 0.000 61.276 53.231 0.000 0.000 70.671 71.818 75.506 75.571 75.671 77.778 75.665 75.589 75.529 75.166 75.125 75.067 74.829 71.714 59.097 0.000 0.000 0.000 0.000 0.000 6.289 0.000 0.000 0.000 4.972 4.897 4.794 3.316 0.000 0.628 2.748 7.471 7.501 2.264 5.021 4.984 4.801 3.034 0.000 0.000 0.000 1.951 9.229
