results2_8e4_norain/res_4e8_norain.totaltm
ncols         241
nrows         181
xllcorner     12693529.787448
yllcorner     3542525.717860
cellsize      155.156523
NODATA_value  -9999.000000
[rows 132 to 164 of 181, columns 0 to 74 of 241]
51.022 51.239 51.308 51.319 51.355 51.369 51.376 50.896 49.891 48.379 48.152 48.398 48.159 47.472 49.053 50.659 52.001 52.216 52.240 52.122 51.558 50.441 49.406 47.691 49.295 49.253 49.105 49.079 48.942 47.775 51.205 52.909 49.530 0.000 0.000 0.000 0.000 45.403 47.810 47.833 48.175 48.447 48.706 48.719 47.334 47.098 47.112 48.963 50.057 8.858 0.000 0.000 0.000 0.000 0.000 0.000 0.000 0.000 0.000 0.000 0.000 0.000 0.000 0.000 0.000 0.000 3.710 72.515 75.514 75.643 75.680 76.570 77.777 77.778 77.778
50.922 50.916 50.886 51.321 51.284 51.376 51.481 51.471 51.479 50.483 49.511 48.623 49.305 50.132 51.774 52.312 52.326 52.338 52.352 52.407 52.425 52.437 51.747 50.356 49.353 47.729 48.309 47.743 48.351 50.323 52.742 52.891 0.000 0.000 0.000 0.000 0.000 22.858 47.095 48.083 48.157 48.176 48.253 48.804 48.827 48.047 48.602 49.334 49.990 5.243 0.000 0.000 0.000 0.000 0.000 0.000 0.000 0.000 0.000 0.000 0.000 0.000 0.000 0.000 0.000 0.000 73.823 75.958 75.700 75.682 75.610 77.777 77.389 77.778 77.541
50.984 50.974 50.942 51.361 51.308 51.240 51.524 51.479 51.520 51.803 51.703 51.626 51.688 51.810 51.838 51.859 50.639 50.551 50.594 51.503 51.955 52.447 52.517 52.533 51.939 50.886 50.302 50.187 51.514 53.281 53.210 52.858 0.000 0.000 0.000 0.000 0.000 0.000 24.713 48.066 33.974 14.186 39.996 48.167 49.450 49.793 49.828 49.858 49.868 0.000 0.000 0.000 0.000 0.000 0.000 0.000 0.000 0.000 0.000 0.000 0.000 0.000 70.836 22.984 75.851 77.296 77.739 76.763 76.318 75.393 77.370 77.778 77.778 77.778 77.253
51.326 51.344 51.378 51.418 50.992 47.904 51.573 51.507 51.427 51.849 51.810 51.751 51.397 51.090 51.073 51.043 47.877 47.882 47.864 51.552 51.477 51.396 51.667 52.545 52.764 53.081 53.159 53.210 53.300 53.335 52.843 52.916 21.858 0.000 0.000 0.000 0.000 0.000 12.265 48.010 0.000 0.000 27.721 48.463 49.699 49.785 49.697 49.800 48.804 1.620 0.000 0.000 0.000 0.000 0.000 0.000 0.000 0.000 0.000 0.000 0.000 65.003 72.261 77.585 77.707 77.738 77.762 77.777 77.546 77.778 77.778 77.778 75.572 77.671 77.382
51.394 51.416 51.451 51.490 51.540 51.602 51.669 51.060 51.040 51.897 51.835 51.173 51.149 51.152 51.139 51.122 51.628 51.606 51.581 51.662 50.963 47.911 51.704 51.656 51.601 51.873 53.205 53.274 53.326 53.372 48.402 53.542 54.143 31.210 0.000 0.000 0.000 0.000 37.838 47.996 0.000 0.000 47.742 49.665 49.693 49.161 49.360 49.311 48.159 45.257 0.000 0.000 0.000 0.000 0.000 0.000 0.000 0.000 0.000 0.000 0.000 11.340 75.619 76.068 75.769 75.972 76.016 77.778 77.778 77.778 75.757 75.807 75.846 75.839 64.886
51.463 51.494 51.530 51.559 51.606 51.676 51.751 51.826 51.899 51.965 51.237 51.244 51.220 51.856 51.840 51.778 51.706 51.712 51.665 51.757 51.839 51.838 51.780 50.737 47.859 48.739 52.042 52.040 50.448 53.811 54.060 54.129 54.184 54.869 54.867 53.498 53.606 54.983 26.349 1.264 0.000 14.064 49.416 49.655 49.061 48.351 48.251 31.955 25.976 0.000 0.000 0.000 0.000 0.000 0.000 0.000 0.000 53.797 69.064 0.000 51.101 76.415 76.974 76.842 76.857 76.911 77.778 77.778 76.841 77.137 76.667 77.031 76.478 74.570 0.000
51.536 51.582 51.627 51.638 51.665 51.739 51.823 51.906 51.987 52.063 52.120 52.110 52.005 51.910 51.897 51.847 51.772 51.801 51.712 51.077 52.537 52.633 51.846 50.951 47.947 48.942 52.128 54.247 54.202 54.199 52.001 52.974 55.858 56.584 55.502 52.949 48.345 55.207 0.000 0.000 0.000 49.107 49.399 48.802 47.907 49.175 3.505 0.000 0.000 0.000 0.000 0.000 0.000 0.000 0.000 0.000 66.657 75.647 77.495 74.720 77.312 77.507 77.525 77.507 77.778 77.778 77.778 77.438 77.417 77.393 77.342 77.300 42.967 0.000 0.000
51.614 51.682 51.744 51.744 51.725 51.796 51.888 51.981 52.069 52.144 52.882 52.881 52.419 52.378 52.148 51.897 51.832 51.875 51.304 46.850 52.804 53.076 53.023 50.998 52.138 54.242 54.588 54.647 53.059 54.251 55.881 56.781 56.731 56.658 55.197 52.384 55.537 56.608 0.000 0.000 0.000 36.214 48.874 48.564 48.724 49.466 0.000 0.000 0.000 0.000 0.000 0.000 0.000 0.000 0.000 65.289 76.282 77.411 77.511 77.604 77.577 77.516 77.778 77.778 77.778 77.454 77.432 77.409 77.386 77.362 77.045 75.318 0.000 0.000 0.000
51.698 51.781 51.855 51.851 51.799 51.842 51.942 52.045 52.140 52.436 53.417 53.415 26.452 0.000 10.318 51.864 48.934 52.060 52.973 53.073 53.113 53.115 53.121 53.490 54.170 54.221 54.271 55.009 57.306 57.203 57.141 56.839 52.985 46.832 48.501 55.766 56.727 56.717 0.000 0.000 0.000 0.000 49.632 49.599 49.572 49.481 0.000 0.000 0.000 0.000 0.000 0.000 0.000 0.000 68.022 75.978 77.512 77.589 77.577 77.625 77.608 77.778 77.778 77.500 77.475 77.450 77.429 77.409 77.387 77.016 76.427 0.000 0.000 0.000 0.000
51.782 51.871 51.951 51.946 51.882 51.871 51.968 52.064 52.154 52.672 53.810 53.781 48.823 0.000 0.000 31.785 52.923 52.972 53.034 53.115 53.156 53.162 53.597 53.849 53.882 51.776 53.174 58.274 58.252 54.986 51.132 46.878 46.872 53.072 56.097 56.781 56.735 55.845 27.853 0.000 0.000 39.547 49.682 47.829 43.906 29.883 0.000 0.000 0.000 0.000 0.000 0.000 0.000 62.628 76.015 77.540 77.619 77.614 77.652 77.778 77.778 77.778 77.533 77.505 77.477 77.451 77.430 77.409 77.132 76.142 75.377 0.000 0.000 0.000 0.000
51.856 51.951 52.031 52.032 51.960 51.901 51.989 52.082 52.168 52.702 53.981 51.562 0.000 0.000 0.000 0.000 52.807 52.837 53.104 53.162 53.210 53.667 53.636 53.387 51.828 45.703 55.112 58.523 55.349 46.919 47.842 53.722 55.915 56.890 56.881 56.789 54.761 52.398 52.351 52.296 52.222 52.166 49.707 25.536 0.000 0.000 0.000 0.000 0.000 0.000 0.000 0.000 67.142 76.076 77.568 77.635 77.674 77.778 77.778 77.778 77.582 77.552 77.522 77.497 77.473 77.451 77.431 77.414 76.876 74.289 72.396 0.000 0.000 0.000 0.000
51.723 51.713 52.104 52.107 52.032 51.949 52.005 52.100 52.185 52.906 54.099 25.527 0.000 0.000 21.550 24.341 51.969 52.871 33.372 7.380 54.189 53.699 52.515 51.870 48.456 51.954 58.557 58.543 52.556 54.221 56.205 57.077 57.064 57.011 56.399 54.787 48.528 52.346 52.278 49.722 32.549 30.273 25.598 25.635 0.000 0.000 0.000 27.066 26.531 0.000 0.000 61.999 76.186 77.619 77.686 77.657 77.778 77.778 77.626 77.596 77.568 77.541 77.516 77.492 77.470 77.451 77.437 75.091 72.090 0.000 0.000 0.000 0.000 0.000 0.000
53.345 53.155 52.789 52.377 50.839 50.972 51.016 51.025 48.145 52.744 54.183 48.541 17.164 28.404 52.497 52.555 48.961 53.219 51.005 27.161 54.242 51.654 50.832 50.484 52.223 58.799 58.783 31.075 20.392 57.260 57.252 57.186 56.436 55.477 52.490 46.898 49.835 52.281 31.724 0.000 0.000 0.000 25.641 25.756 0.000 1.125 25.833 28.469 27.384 0.000 0.000 74.492 77.650 77.641 77.778 77.778 77.778 77.648 77.620 77.591 77.562 77.536 77.517 77.422 77.427 77.431 77.425 0.000 0.000 0.000 0.000 0.000 0.000 0.000 0.000
53.472 53.666 53.913 53.976 54.003 54.019 54.097 54.126 54.153 54.183 54.296 51.806 51.977 51.949 52.014 53.248 53.319 53.305 55.652 56.059 54.302 46.382 51.054 52.667 59.146 59.123 55.859 53.436 56.603 57.342 56.378 55.375 52.934 50.112 52.398 49.442 50.554 52.234 29.031 0.000 0.000 1.351 25.763 25.826 27.399 31.466 31.414 28.506 0.000 0.000 69.837 76.985 77.778 77.778 77.778 77.670 77.651 77.629 77.604 77.579 77.560 77.536 75.806 73.319 76.800 77.412 77.393 72.028 0.000 0.000 0.000 0.000 0.000 0.000 0.000
52.591 45.430 0.000 0.000 0.000 53.297 52.997 53.042 53.091 53.516 54.384 51.290 52.031 51.372 52.950 54.460 54.667 54.719 54.775 56.126 56.661 55.169 51.227 59.503 59.479 58.508 58.456 58.413 57.987 57.354 53.244 51.060 53.025 52.947 52.464 52.415 52.374 52.318 50.835 50.785 31.342 0.000 0.000 0.000 30.487 37.195 31.261 26.430 0.000 67.678 77.029 77.778 77.778 77.682 77.671 77.653 77.633 77.613 77.592 77.575 77.530 77.299 49.544 0.000 75.319 77.391 77.335 77.311 0.000 0.000 0.000 0.000 0.000 0.000 0.000
52.367 35.642 0.000 0.000 0.000 52.831 51.863 51.967 52.101 53.038 54.422 44.381 52.126 53.692 54.295 54.428 53.922 52.833 51.727 52.996 57.947 59.988 59.767 59.744 46.799 33.718 58.417 57.776 44.006 0.000 12.823 53.425 53.084 53.024 52.969 44.373 19.182 3.075 22.060 50.736 46.819 1.004 1.249 0.000 28.536 37.298 31.499 50.851 51.151 75.226 77.778 77.672 77.711 77.676 77.660 77.641 77.622 77.604 77.589 77.571 75.234 71.344 65.051 66.522 76.235 77.327 77.291 76.918 0.000 0.000 0.000 0.000 0.000 0.000 0.000
52.449 52.536 24.349 0.000 0.000 52.793 52.330 52.221 52.211 52.556 54.449 53.083 54.064 54.235 54.267 53.963 51.914 52.926 52.884 51.754 57.440 60.179 60.081 59.364 56.683 51.474 11.045 0.000 0.000 0.000 0.000 53.809 53.086 53.050 27.500 0.000 0.000 0.000 24.834 47.800 3.172 0.000 1.587 28.522 37.474 37.622 22.193 0.000 38.606 75.224 77.778 77.710 77.682 77.669 77.652 77.635 77.619 77.602 77.555 77.178 58.077 0.000 70.227 77.225 77.293 77.300 77.156 76.576 0.000 0.000 0.000 0.000 0.000 0.000 0.000
50.684 52.597 46.653 0.000 0.000 52.740 52.396 50.400 52.306 54.347 54.470 54.438 54.443 54.261 52.184 54.073 53.991 53.900 53.804 56.407 60.246 60.192 59.524 59.858 59.812 39.040 0.000 0.000 0.000 0.000 0.000 53.905 53.096 53.064 11.360 0.000 4.873 46.506 50.370 27.558 0.000 0.000 0.000 0.000 36.402 37.867 38.551 38.624 39.019 77.778 77.778 77.700 77.683 77.666 77.650 77.635 77.619 77.606 77.146 75.644 66.890 0.000 73.693 76.468 77.056 77.292 76.960 76.074 0.000 0.000 0.000 0.000 0.000 0.000 0.000
54.828 54.236 34.756 0.000 33.681 52.009 52.783 54.559 54.722 54.663 54.491 54.476 54.555 54.376 54.293 55.197 55.115 53.985 54.544 60.308 60.266 56.095 60.138 59.887 59.854 59.567 22.083 0.000 0.000 14.631 22.080 53.961 53.160 53.082 45.233 30.116 55.214 54.796 50.442 50.375 0.775 0.000 0.000 0.000 25.856 17.851 24.673 69.895 75.472 77.778 77.734 77.712 77.701 77.664 77.653 77.638 77.624 77.588 74.008 67.584 71.374 71.645 76.462 76.499 76.112 76.896 76.564 74.233 57.868 0.000 0.000 0.000 0.000 0.000 0.000
54.951 55.013 54.591 34.988 55.106 55.089 55.087 55.802 55.635 55.520 55.457 54.529 54.664 54.594 55.406 55.303 55.197 55.130 60.405 60.390 54.416 55.954 60.604 60.619 58.628 59.631 60.177 54.512 56.935 60.977 59.693 54.931 46.984 47.036 56.865 59.494 57.933 23.442 0.000 47.386 46.064 21.298 22.515 25.715 25.788 0.000 12.392 74.577 77.739 77.778 77.693 77.701 77.689 77.663 77.653 77.639 77.459 77.006 71.031 25.501 54.071 55.512 76.186 76.681 76.547 76.151 75.659 73.327 74.334 36.133 0.000 0.000 0.000 34.912 39.067
55.259 55.324 55.362 55.425 55.369 55.649 55.808 55.886 52.779 52.385 0.000 0.000 55.759 55.628 55.599 55.474 54.295 55.579 60.614 59.360 50.788 54.843 60.300 60.979 60.998 61.020 61.043 61.064 61.082 61.001 60.980 60.670 60.140 58.771 59.132 59.517 23.491 0.000 0.000 0.000 0.000 0.000 22.859 25.671 25.722 21.731 0.000 74.633 77.778 77.778 77.734 77.725 77.684 77.674 77.662 77.601 76.995 76.085 76.157 76.292 75.646 76.398 76.700 76.693 76.685 76.605 76.067 76.183 74.365 0.000 0.000 0.000 0.000 0.000 39.088
0.000 0.000 55.436 55.472 55.406 52.976 51.935 55.965 43.710 0.000 0.000 0.000 56.011 55.815 55.739 55.627 55.456 60.641 60.630 52.362 53.509 53.611 54.846 57.622 58.292 58.298 56.921 58.085 61.319 61.082 58.081 58.799 60.111 60.080 60.047 59.834 52.789 0.000 0.000 0.000 0.000 0.000 18.092 24.195 0.000 0.000 56.249 77.141 77.778 77.721 77.723 77.709 77.684 77.675 77.663 77.590 77.133 73.237 74.273 76.617 76.726 76.889 76.866 76.677 76.414 76.567 76.318 76.198 74.239 0.000 0.000 0.000 0.000 0.000 48.309
0.000 0.000 0.000 56.400 53.002 51.937 55.967 56.094 56.760 0.000 0.000 41.123 56.089 55.937 55.848 55.745 56.300 60.828 59.282 51.213 53.612 53.734 53.872 53.467 53.486 53.481 52.436 56.421 61.483 59.044 0.000 0.000 0.000 59.046 59.892 57.628 57.589 53.856 10.434 10.493 0.000 0.000 17.939 2.034 0.000 0.000 73.073 77.778 77.778 77.739 77.733 77.688 77.679 77.668 77.657 77.646 77.305 73.450 75.279 76.674 76.592 76.893 76.875 76.487 76.607 76.293 75.304 76.185 74.875 0.000 0.000 0.000 0.000 0.000 48.430
54.855 44.904 0.000 56.445 56.402 56.342 54.575 58.905 58.890 41.551 35.770 56.333 56.190 56.062 55.943 55.836 60.871 60.851 53.011 54.391 53.529 52.775 54.030 53.955 54.055 53.953 53.481 57.272 61.527 60.927 0.000 0.000 30.298 58.494 59.866 55.209 43.051 0.000 0.000 10.561 10.621 14.524 17.818 0.000 0.000 48.430 77.059 77.778 77.734 77.732 77.721 77.696 77.687 77.676 77.664 77.653 77.478 77.016 76.998 76.981 76.835 76.914 76.922 76.844 76.835 76.533 75.849 76.140 76.130 54.739 0.000 0.000 0.000 0.000 49.957
56.855 56.135 44.859 56.495 56.072 0.000 59.093 59.103 56.790 56.737 56.656 56.381 56.308 56.191 56.041 57.207 61.149 58.749 54.199 54.460 54.427 54.394 54.161 52.882 54.158 53.560 55.065 61.546 61.538 57.972 51.125 27.865 56.389 56.458 0.000 0.000 0.000 0.000 0.000 0.000 0.000 0.000 0.000 0.000 56.285 76.799 77.735 77.778 77.736 77.727 77.714 77.701 77.689 77.678 77.667 77.657 77.486 76.150 75.846 76.904 76.511 76.912 76.927 76.592 76.633 75.794 73.026 74.836 76.122 75.816 48.965 9.944 58.682 65.217 66.727
56.974 56.873 56.736 56.593 56.515 44.848 58.910 59.322 57.466 56.184 56.381 56.324 56.248 56.152 55.199 61.181 61.166 53.732 54.758 54.711 53.013 0.000 57.796 57.840 54.791 53.637 61.121 61.739 61.160 53.829 53.728 53.825 55.151 56.397 0.000 0.000 0.000 0.000 0.000 0.000 0.000 0.000 0.000 0.000 72.284 77.737 77.778 77.778 77.738 77.730 77.717 77.704 77.693 77.682 77.670 77.648 77.215 77.198 77.184 77.172 77.132 77.122 77.112 77.013 76.988 76.801 73.913 73.532 76.084 75.879 64.010 56.162 66.729 68.149 68.136
57.059 56.974 56.838 56.640 56.604 56.705 56.789 59.332 59.645 57.504 56.235 56.246 56.167 54.420 58.422 61.321 58.471 55.285 55.200 54.191 0.000 0.000 57.210 57.884 59.699 59.759 61.834 61.754 54.619 53.547 53.806 55.125 56.227 56.327 0.000 0.000 0.000 0.000 0.000 0.000 0.000 0.000 0.000 0.000 74.072 77.760 77.778 77.741 77.734 77.726 77.716 77.706 77.696 77.685 77.674 77.662 77.302 77.124 77.111 77.089 77.054 77.021 76.967 76.927 76.921 76.248 74.629 75.330 75.862 62.341 0.000 0.000 59.993 68.160 68.146
57.117 57.081 57.022 56.648 56.597 56.651 56.730 56.806 59.656 60.173 57.535 53.324 53.282 60.864 61.619 61.334 53.045 56.092 50.321 0.000 0.000 42.686 55.029 54.844 57.399 61.967 61.941 60.971 58.152 54.633 31.987 0.000 56.186 54.766 0.000 0.000 0.000 0.000 0.000 0.000 0.000 0.000 0.000 0.000 69.492 77.778 77.778 77.742 77.736 77.727 77.718 77.708 77.699 77.688 77.677 77.667 77.597 77.302 77.067 76.990 76.987 76.984 76.982 76.953 74.490 0.000 61.829 75.747 75.758 69.639 0.000 0.000 59.389 69.211 65.517
57.422 0.000 0.000 56.704 56.652 55.638 55.589 53.759 53.679 60.202 61.555 61.362 62.457 62.371 61.644 54.599 58.161 58.097 43.354 0.000 0.000 55.864 55.167 56.007 62.109 62.100 58.946 55.482 58.078 58.038 56.348 0.000 25.081 53.807 0.000 0.000 0.000 0.000 0.000 0.000 0.000 0.000 0.000 0.000 54.034 77.778 77.764 77.743 77.736 77.729 77.720 77.711 77.701 77.691 77.680 77.668 77.658 77.635 77.610 77.580 77.563 77.550 77.544 75.959 45.378 0.000 31.056 74.914 75.749 75.656 74.450 65.532 69.326 69.256 44.708
57.479 56.966 0.000 56.783 60.149 60.821 61.059 61.312 61.772 62.187 62.318 62.461 62.520 56.807 61.939 62.780 62.766 62.748 62.618 58.022 0.000 55.926 54.299 58.323 62.242 61.975 54.379 53.769 54.634 56.348 46.685 0.000 0.000 0.000 0.000 0.000 0.000 0.000 0.000 0.000 0.000 0.000 32.893 40.635 40.751 77.778 77.767 77.757 77.739 77.733 77.724 77.714 77.704 77.693 77.682 77.671 77.659 77.646 77.631 77.618 77.606 77.595 76.107 15.035 0.000 0.000 0.000 33.496 74.918 75.651 75.597 74.666 69.381 32.236 0.000
57.537 57.501 55.774 57.959 60.756 60.786 60.154 58.524 58.330 57.286 61.619 61.677 62.985 62.800 62.901 62.789 62.218 62.185 62.607 62.594 62.471 62.459 61.833 62.267 62.257 58.246 53.913 54.247 54.142 53.781 53.793 54.171 50.076 0.000 38.367 36.077 0.000 0.000 0.000 0.000 0.000 0.000 77.397 77.264 77.778 77.778 77.761 77.756 77.739 77.733 77.724 77.715 77.706 77.695 77.684 77.673 77.661 77.648 77.634 77.623 77.612 76.160 46.481 0.000 0.000 0.000 0.000 0.000 21.350 74.248 75.591 70.591 0.000 0.000 0.000
57.896 0.000 54.248 58.072 58.067 58.053 57.292 57.813 57.779 56.972 60.644 59.599 63.025 63.281 62.912 57.116 57.047 56.984 57.230 58.672 62.018 62.447 62.435 62.389 62.116 54.704 54.549 54.387 54.247 54.122 54.180 55.025 51.713 0.000 38.486 0.000 0.000 0.000 0.000 0.000 0.000 34.573 77.758 77.768 77.778 77.765 77.753 77.747 77.739 77.732 77.724 77.716 77.707 77.697 77.686 77.675 77.663 77.650 77.639 77.336 71.544 8.404 0.000 0.000 0.000 0.000 0.000 0.000 0.000 60.118 75.569 70.482 0.000 0.000 0.000
58.217 0.000 54.487 58.185 58.188 58.180 58.114 58.030 0.000 56.515 58.138 63.097 63.072 63.306 63.281 62.530 56.268 56.415 56.516 56.426 56.685 56.758 57.004 56.995 57.071 56.189 53.481 53.367 53.838 54.060 55.106 55.090 50.089 34.621 38.595 0.000 0.000 0.000 0.000 0.000 0.000 50.751 77.762 77.778 77.778 77.762 77.756 77.748 77.740 77.733 77.725 77.717 77.708 77.698 77.688 77.676 77.664 77.651 77.641 75.080 0.000 0.000 0.000 0.000 0.000 0.000 0.000 0.000 0.000 60.046 75.563 72.374 0.000 0.000 0.000
