results2_8e4_norain/res_4e8_norain-0025.wd
ncols         241
nrows         181
xllcorner     12693529.787448
yllcorner     3542525.717860
cellsize      155.156523
NODATA_value  -9999.000000
[rows 132 to 164 of 181, columns 0 to 74 of 241]
55.827 60.828 64.830 64.834 66.838 66.844 60.851 51.859 37.868 26.879 25.891 26.905 25.921 24.939 29.958 43.981 55.005 60.033 60.063 57.096 49.132 40.172 31.217 25.270 30.343 32.404 31.462 32.524 30.567 25.601 39.631 62.661 29.695 0.000 0.000 0.000 0.000 22.275 34.282 31.307 33.325 39.338 57.349 43.355 27.359 26.361 26.362 38.361 59.360 0.355 0.000 0.000 0.000 0.000 0.000 0.000 0.000 0.000 0.000 0.000 0.000 0.000 0.000 0.000 0.000 0.000 0.000 40.279 63.162 67.064 66.951 77.031 104.489 94.825 94.767
33.862 35.863 38.865 44.869 54.874 60.879 65.886 65.894 58.904 44.914 33.927 27.940 31.956 38.974 51.994 67.017 66.042 63.069 63.099 66.132 66.167 62.207 50.250 38.299 30.355 25.409 26.461 25.510 26.550 34.584 56.610 64.629 0.000 0.000 0.000 0.000 0.000 8.269 26.265 35.280 36.304 33.323 34.337 44.346 39.351 32.353 36.355 44.355 57.355 0.000 0.000 0.000 0.000 0.000 0.000 0.000 0.000 0.000 0.000 0.000 0.000 0.000 0.000 0.000 0.000 0.000 47.521 69.396 65.264 74.228 65.283 104.634 93.384 94.878 100.116
25.897 25.898 25.901 27.904 32.909 36.915 43.921 52.929 60.939 63.949 57.961 55.975 57.991 61.009 60.029 53.052 44.077 42.105 42.134 47.166 53.201 60.238 63.279 62.323 51.370 41.417 36.463 34.505 43.543 59.574 60.600 46.616 0.000 0.000 0.000 0.000 0.000 0.000 9.229 36.247 15.288 3.314 18.333 33.341 48.346 52.348 54.350 55.350 51.350 0.000 0.000 0.000 0.000 0.000 0.000 0.000 0.000 0.000 0.000 0.000 0.000 0.000 32.031 1.995 67.906 89.804 122.619 78.560 73.593 54.534 90.587 95.067 94.954 103.701 93.208
26.933 26.934 26.936 26.940 25.944 24.950 26.957 31.965 37.974 47.984 57.996 60.009 53.025 43.043 37.063 29.086 25.112 25.139 25.168 27.199 32.232 38.268 45.305 57.345 62.387 64.428 63.469 59.507 62.542 55.573 37.599 29.620 8.637 0.000 0.000 0.000 0.000 0.000 2.177 35.191 0.000 0.000 11.339 36.342 55.345 63.346 49.347 52.346 38.346 0.000 0.000 0.000 0.000 0.000 0.000 0.000 0.000 0.000 0.000 0.000 0.000 19.069 38.066 111.026 139.948 122.812 106.341 105.262 96.917 95.560 95.407 95.244 60.473 105.379 96.961
26.968 26.969 26.972 26.975 26.980 26.986 26.993 26.000 26.009 29.019 35.030 34.042 30.057 26.075 26.096 26.120 27.146 27.173 27.202 27.232 26.263 25.296 27.331 33.367 40.405 49.442 57.479 53.514 42.547 30.577 26.605 31.631 39.655 15.681 0.000 0.000 0.000 0.000 17.111 38.150 0.000 0.000 30.344 62.345 64.346 43.346 46.345 45.345 33.344 22.343 0.000 0.000 0.000 0.000 0.000 0.000 0.000 0.000 0.000 0.000 0.000 0.259 63.139 69.069 65.052 66.198 64.160 95.968 95.840 95.705 62.873 65.636 67.494 69.148 19.107
27.004 27.005 27.007 27.011 27.016 27.022 27.029 27.036 27.044 27.053 26.063 26.074 26.088 27.105 27.127 27.153 27.179 27.207 27.235 27.264 27.293 27.324 27.357 26.390 25.424 26.458 30.491 28.524 27.556 31.586 34.615 33.643 31.673 33.708 33.756 30.801 30.847 34.907 10.008 0.000 0.000 3.350 48.349 62.349 42.348 35.348 34.345 14.344 10.343 0.000 0.000 0.000 0.000 0.000 0.000 0.000 0.000 10.824 25.805 0.000 9.490 72.384 79.315 77.368 75.342 76.413 96.208 96.090 77.167 83.943 76.780 82.539 74.366 53.294 0.000
27.039 27.041 27.043 27.047 27.052 27.058 27.065 27.073 27.080 27.088 27.097 27.106 27.117 27.132 27.156 27.185 27.214 27.241 27.269 26.296 33.324 35.353 27.383 26.413 25.444 26.475 28.506 31.537 34.567 33.597 28.626 29.656 36.688 39.722 35.762 29.800 26.836 35.865 0.000 0.000 0.000 43.353 52.354 39.354 31.353 51.352 0.000 0.000 0.000 0.000 0.000 0.000 0.000 0.000 0.000 0.000 20.887 62.843 91.789 52.693 85.528 93.670 90.607 89.682 96.539 96.433 96.323 89.280 91.140 90.825 89.672 88.590 6.492 0.000 0.000
27.075 27.076 27.079 27.083 27.089 27.095 27.102 27.110 27.118 27.125 30.131 30.136 28.142 32.152 30.182 27.220 27.251 27.278 26.303 24.329 35.355 43.382 29.409 26.437 28.465 31.493 33.522 32.551 29.580 31.609 36.638 38.669 39.700 39.734 34.769 28.803 37.834 56.854 0.000 0.000 0.000 17.356 40.361 37.361 41.359 61.358 0.000 0.000 0.000 0.000 0.000 0.000 0.000 0.000 0.000 18.984 70.933 86.871 89.788 94.764 91.900 88.879 96.833 96.739 96.642 88.634 89.403 90.259 89.926 89.886 82.806 59.698 0.000 0.000 0.000
27.111 27.112 27.115 27.119 27.125 27.132 27.140 27.149 27.156 28.163 35.167 35.168 12.164 0.000 1.222 31.263 25.292 28.317 34.340 37.362 37.387 33.411 29.436 30.462 33.487 32.513 31.540 33.567 37.594 37.622 39.651 38.681 29.712 24.745 26.778 39.812 58.842 68.865 0.000 0.000 0.000 0.000 48.374 50.371 57.366 56.363 0.000 0.000 0.000 0.000 0.000 0.000 0.000 0.000 23.094 67.043 88.957 91.963 91.037 91.025 90.103 97.013 96.924 88.878 89.663 90.507 90.280 90.122 90.067 81.990 73.941 0.000 0.000 0.000 0.000
27.147 27.148 27.150 27.155 27.162 27.170 27.180 27.189 27.198 29.205 38.209 49.206 25.184 0.000 0.000 16.300 42.338 34.360 32.378 32.395 30.419 29.442 31.465 33.487 31.510 27.534 29.558 41.583 43.609 33.636 27.664 24.694 24.724 29.756 43.789 59.824 56.860 40.899 12.948 0.000 0.000 19.371 48.391 30.384 21.372 13.367 0.000 0.000 0.000 0.000 0.000 0.000 0.000 16.210 67.152 89.054 91.237 90.223 90.323 97.270 97.187 97.101 88.964 90.826 90.526 90.386 90.318 90.232 84.145 71.072 61.030 0.000 0.000 0.000 0.000
27.183 27.183 27.185 27.190 27.198 27.209 27.220 27.232 27.242 29.251 39.259 26.262 0.000 0.000 0.000 0.000 38.402 30.409 32.417 31.421 29.454 32.475 33.495 30.514 27.534 23.555 33.577 47.599 34.624 24.650 25.678 30.706 40.736 51.767 62.800 55.836 33.876 28.926 47.998 55.117 56.236 60.353 35.437 0.304 0.000 0.000 0.000 0.000 0.000 0.000 0.000 0.000 21.320 67.247 89.250 91.424 90.442 97.505 97.429 97.352 89.271 90.052 90.920 90.605 90.576 90.503 90.415 91.311 79.219 50.122 39.076 0.000 0.000 0.000 0.000
26.219 26.218 27.218 27.223 27.233 27.248 27.263 27.276 27.289 30.301 40.313 11.324 0.000 0.000 8.490 10.483 27.460 29.458 17.462 0.000 37.501 32.512 28.526 27.542 25.559 27.576 43.595 46.616 28.639 31.664 43.691 52.719 61.748 59.778 47.810 33.845 26.884 42.933 47.001 35.119 16.241 14.368 2.556 0.314 0.000 0.000 0.000 10.470 5.470 0.000 0.000 15.411 67.424 90.516 91.532 89.637 97.653 97.580 89.473 90.265 91.122 90.914 90.777 90.739 90.673 90.609 93.527 57.379 37.299 0.000 0.000 0.000 0.000 0.000 0.000
35.258 33.254 30.248 28.251 25.265 25.288 25.307 25.323 24.337 29.353 41.371 24.398 5.452 13.483 31.497 27.501 24.498 30.501 25.512 12.537 32.538 26.546 25.557 25.570 27.583 41.598 49.613 15.631 7.652 57.677 62.705 57.733 46.761 36.789 28.818 24.849 35.884 47.921 15.954 0.000 0.000 0.000 0.828 0.943 0.000 0.000 2.458 30.470 14.470 0.000 0.000 47.662 89.700 88.821 97.870 97.799 97.726 89.533 91.398 91.110 90.988 90.942 92.883 87.817 89.774 90.736 101.706 0.000 0.000 0.000 0.000 0.000 0.000 0.000 0.000
36.302 38.294 44.270 45.270 45.289 42.334 43.356 42.372 41.387 41.402 43.421 26.445 30.477 29.501 26.517 29.526 29.532 28.539 33.549 35.562 29.570 23.578 25.588 27.598 41.609 46.619 35.631 29.645 38.664 61.689 44.719 35.747 27.774 25.800 27.825 26.852 40.883 49.916 13.942 0.000 0.000 0.000 2.672 0.917 3.214 9.362 11.447 4.482 0.000 0.000 25.870 67.927 98.074 98.007 97.940 89.806 90.591 91.466 91.161 91.142 92.084 92.023 64.963 42.883 77.868 91.854 96.856 36.912 0.000 0.000 0.000 0.000 0.000 0.000 0.000
29.354 23.352 0.000 0.000 0.000 34.403 31.413 31.424 31.436 35.450 44.467 25.487 26.510 25.530 28.545 32.557 33.566 31.574 30.584 33.594 34.602 31.611 25.619 42.627 48.635 39.641 45.647 62.655 59.670 41.698 29.736 25.765 27.790 27.812 26.832 31.854 47.880 49.917 41.958 44.981 15.986 0.000 0.000 0.000 8.362 15.425 5.486 2.530 0.000 20.927 69.057 98.204 98.140 89.986 90.774 91.636 91.436 91.308 91.278 92.216 90.159 84.101 9.066 0.000 59.964 94.954 91.954 90.967 0.000 0.000 0.000 0.000 0.000 0.000 0.000
27.408 19.410 0.000 0.000 0.000 30.464 26.469 26.476 26.485 30.497 44.511 22.528 26.546 30.564 32.579 33.591 30.601 27.610 25.619 27.628 37.636 50.644 45.652 46.659 23.664 17.665 69.662 55.660 22.664 0.000 2.762 30.790 27.809 27.826 29.840 22.853 6.866 0.000 8.994 49.000 24.992 0.000 0.000 0.000 4.446 9.489 3.545 8.616 8.839 47.070 98.303 89.212 92.930 91.808 91.610 91.487 91.448 91.398 92.343 92.292 57.237 33.157 19.134 22.126 73.070 94.046 90.037 81.037 0.000 0.000 0.000 0.000 0.000 0.000 0.000
27.463 27.472 10.499 0.000 0.000 31.522 27.524 27.528 26.533 27.541 42.553 29.568 32.585 34.602 33.616 28.629 25.639 26.648 26.657 25.665 35.672 58.680 54.687 41.693 34.697 25.696 1.678 0.000 0.000 0.000 0.000 32.824 27.833 29.843 12.851 0.000 0.000 0.000 11.026 28.034 0.000 0.000 0.000 4.487 11.488 7.542 1.610 0.000 1.068 46.492 98.423 92.102 91.838 91.648 91.618 91.568 91.513 91.461 89.413 80.370 13.339 0.000 30.188 89.173 94.144 92.123 86.111 76.107 0.000 0.000 0.000 0.000 0.000 0.000 0.000
24.509 26.516 23.528 0.000 0.000 31.580 26.578 24.578 26.580 30.584 34.593 33.607 33.626 31.643 25.658 26.669 26.679 27.688 27.695 32.703 50.710 49.717 42.724 51.731 49.737 20.742 0.000 0.000 0.000 0.000 0.000 32.852 27.856 30.864 1.872 0.000 0.000 24.031 44.050 13.076 0.000 0.000 0.000 0.000 3.475 3.609 3.795 1.080 1.453 98.761 98.594 91.028 91.842 91.728 91.678 91.625 91.573 93.523 78.477 61.438 21.411 0.000 45.256 75.236 84.211 93.190 82.178 71.173 0.000 0.000 0.000 0.000 0.000 0.000 0.000
31.549 29.557 18.570 0.000 17.663 25.640 27.632 31.629 32.626 33.624 31.628 32.643 30.669 26.688 26.703 27.714 27.722 26.729 28.736 51.742 50.748 32.755 45.762 43.770 47.780 45.795 8.824 0.000 0.000 3.889 8.885 28.876 27.877 27.886 22.902 14.935 31.969 31.014 25.070 47.147 0.000 0.000 0.000 0.000 2.255 0.744 2.076 26.425 50.798 98.887 93.412 93.100 92.824 91.793 91.736 91.683 92.631 90.582 45.535 22.493 34.456 35.419 89.345 91.304 71.273 81.250 76.237 49.236 14.257 0.000 0.000 0.000 0.000 0.000 0.000
32.581 33.596 30.626 18.673 32.687 32.686 32.684 33.680 33.672 34.660 46.653 28.671 26.719 26.740 27.753 27.761 27.768 28.773 42.778 53.783 28.788 32.794 59.801 51.809 39.820 42.834 45.855 29.881 34.892 49.894 42.892 30.890 23.893 23.902 34.916 50.937 37.959 9.986 0.000 37.295 26.445 0.608 4.604 9.710 5.825 0.000 0.294 41.531 93.792 98.978 90.384 92.997 93.906 91.849 91.794 91.740 84.688 74.637 31.589 2.544 11.500 12.455 73.403 115.361 96.327 72.301 64.284 43.276 52.278 5.278 0.000 0.000 0.000 16.112 58.113
37.600 37.620 33.667 33.707 33.728 34.735 34.738 30.736 27.725 26.692 0.000 0.000 30.796 27.802 27.808 27.812 26.816 29.819 53.821 39.824 24.828 30.833 47.840 64.848 59.857 56.869 54.882 50.896 46.903 45.904 53.901 50.900 44.904 40.913 43.924 47.937 9.947 0.000 0.000 0.000 0.000 0.000 5.648 15.703 11.764 2.763 0.000 40.697 99.159 99.069 93.289 95.092 91.960 91.908 92.851 88.796 72.742 65.691 71.641 77.593 61.546 83.499 98.452 115.409 124.373 108.343 70.321 75.308 50.302 0.000 0.000 0.000 0.000 0.000 7.113
0.000 0.000 37.714 32.762 32.783 27.791 24.798 26.801 21.802 0.000 0.000 0.000 31.868 27.866 27.866 27.866 27.866 45.866 52.866 25.866 27.868 27.872 30.878 36.885 38.893 38.902 34.911 37.918 53.922 46.921 37.909 40.906 47.911 51.925 54.933 51.941 26.947 0.000 0.000 0.000 0.000 0.000 0.560 9.689 0.000 0.000 10.635 70.864 99.249 90.682 94.344 94.064 92.026 91.963 92.906 87.850 74.796 40.743 47.692 90.641 101.592 133.544 124.497 96.452 84.412 101.378 80.350 74.331 49.321 0.000 0.000 0.000 0.000 0.000 12.114
0.000 0.000 0.000 41.847 26.850 24.850 26.862 26.872 27.880 0.000 0.000 20.980 28.944 27.930 27.924 27.920 29.917 53.914 38.911 24.908 27.908 27.910 27.917 26.924 26.930 26.936 25.942 32.946 61.948 40.948 0.000 0.000 0.000 42.943 52.943 36.947 41.955 28.976 0.210 0.362 0.000 0.000 6.777 0.000 0.000 0.000 28.813 99.435 99.341 93.553 95.252 91.139 92.079 92.018 91.960 91.903 78.847 41.794 56.741 93.689 89.638 123.588 118.539 87.491 92.446 78.406 59.372 77.346 55.330 0.000 0.000 0.000 0.000 0.000 11.115
26.104 22.101 0.000 33.931 43.922 44.900 25.928 37.945 44.967 21.016 19.031 29.017 28.000 27.988 27.981 27.975 46.970 50.964 25.957 27.950 26.945 25.946 27.956 27.964 27.969 27.973 26.975 34.976 63.977 44.977 0.000 0.000 14.975 39.962 52.951 31.949 21.952 0.000 0.000 0.493 0.421 8.731 12.754 0.000 0.000 7.798 70.008 99.530 90.862 94.517 94.241 92.197 92.132 92.071 92.012 92.954 83.898 72.843 95.789 120.736 108.684 125.631 122.579 116.527 123.476 89.428 66.385 76.350 84.324 13.305 0.000 0.000 0.000 0.000 12.116
28.108 27.099 22.074 28.024 27.008 0.000 49.008 41.015 28.030 29.050 29.060 28.058 28.051 28.044 28.037 31.031 54.025 37.016 27.004 27.990 33.978 41.974 27.999 26.008 28.011 27.012 30.011 54.009 62.008 37.007 25.012 13.004 34.989 33.981 0.000 0.000 0.000 0.000 0.000 0.000 0.000 0.000 0.000 0.000 11.012 68.065 90.185 99.626 91.810 92.411 92.312 92.247 92.184 92.122 92.063 93.005 83.948 66.892 62.837 95.783 85.729 99.675 102.620 90.563 92.505 64.445 41.390 55.346 122.312 75.285 10.261 0.200 22.133 43.125 80.118
28.123 28.114 28.100 28.083 28.081 22.100 38.081 54.080 30.087 27.097 28.104 28.105 28.103 28.099 27.095 50.089 52.082 26.072 28.055 29.030 26.003 0.000 47.060 42.060 29.057 27.053 45.049 64.044 48.038 28.033 28.026 29.012 31.999 35.992 0.000 0.000 0.000 0.000 0.000 0.000 0.000 0.000 0.000 0.000 34.221 91.290 99.821 99.723 91.709 92.495 92.357 92.297 92.233 92.172 92.112 91.054 75.997 77.941 97.885 116.830 115.775 120.719 125.662 112.601 110.534 97.457 46.384 44.331 120.293 84.265 22.238 15.189 80.141 113.123 132.117
28.147 28.137 28.130 28.130 28.133 28.139 28.137 39.138 54.143 30.149 27.155 28.157 28.158 26.157 34.154 55.151 35.145 27.135 29.117 27.073 0.000 0.000 35.122 36.115 42.106 41.097 49.088 48.079 29.071 27.062 29.049 32.021 37.004 36.997 0.000 0.000 0.000 0.000 0.000 0.000 0.000 0.000 0.000 0.000 42.667 96.590 99.921 91.107 92.743 92.458 92.413 92.345 92.282 92.220 92.161 92.102 78.045 73.989 94.933 95.877 95.821 98.765 98.707 97.646 102.575 75.464 51.359 66.302 81.265 20.242 0.000 0.000 24.116 50.112 72.110
28.183 30.157 30.154 28.176 28.184 28.188 28.190 28.193 39.198 54.203 30.209 25.213 25.216 42.217 54.216 48.215 25.213 28.209 24.204 0.000 0.000 21.230 28.193 28.173 34.157 51.142 51.128 44.116 37.105 29.096 16.089 0.000 50.999 30.997 0.000 0.000 0.000 0.000 0.000 0.000 0.000 0.000 0.000 0.000 16.526 100.129 100.023 91.962 92.642 92.523 92.457 92.391 92.328 92.267 92.208 93.150 88.093 78.037 72.981 71.925 71.869 71.813 71.756 75.699 49.657 0.000 19.287 75.255 71.221 32.198 0.000 0.000 23.097 69.098 47.100
29.245 0.000 0.000 28.236 27.239 26.242 26.244 25.247 25.253 38.259 53.266 46.272 53.276 55.279 42.281 26.282 33.283 33.285 21.289 0.000 0.000 32.268 28.248 30.227 54.207 61.187 39.169 30.152 37.139 44.128 32.122 0.000 10.997 28.996 0.000 0.000 0.000 0.000 0.000 0.000 0.000 0.000 0.000 0.000 4.580 100.233 97.279 92.902 92.621 92.571 92.500 92.435 92.373 92.312 92.254 92.196 93.140 92.084 90.029 88.973 88.917 89.861 91.806 65.739 7.698 0.000 4.248 60.208 91.169 82.129 55.077 31.062 48.076 51.085 9.092
28.309 27.330 0.000 27.295 38.295 42.296 46.298 51.302 54.307 55.317 55.326 55.333 41.339 28.344 44.347 61.350 62.355 62.362 55.377 33.416 0.000 29.326 27.307 36.283 64.258 51.232 28.209 27.188 29.170 32.158 23.151 0.000 0.000 0.000 0.000 0.000 0.000 0.000 0.000 0.000 0.000 0.000 3.873 5.168 2.148 100.322 101.204 96.785 92.679 92.609 92.541 92.477 92.415 92.356 92.299 92.242 92.187 92.132 92.077 92.021 92.964 95.909 67.869 0.810 0.000 0.000 0.000 5.162 61.117 92.074 83.041 59.033 36.060 5.072 0.000
28.354 30.352 26.373 28.356 43.352 42.351 38.353 34.355 33.359 29.375 50.388 40.398 51.405 42.411 58.415 54.419 47.424 48.432 59.443 65.456 54.454 55.405 47.372 55.341 63.309 36.278 27.247 28.220 28.198 27.183 27.175 29.177 24.177 0.000 33.157 24.156 0.000 0.000 0.000 0.000 0.000 0.000 72.689 69.922 100.421 100.380 95.087 95.853 92.710 92.646 92.579 92.516 92.456 92.398 92.342 92.288 92.234 92.181 92.127 94.071 99.011 67.941 7.905 0.000 0.000 0.000 0.000 0.000 2.063 53.008 87.980 37.969 0.000 0.000 0.000
30.402 0.000 25.412 28.407 28.405 28.405 27.407 28.408 30.401 28.438 40.455 35.466 44.474 55.480 43.484 28.487 29.492 30.500 31.509 36.512 49.501 59.471 65.436 63.400 52.362 28.323 28.284 28.249 28.221 28.202 29.189 52.182 25.177 0.000 29.160 0.000 0.000 0.000 0.000 0.000 0.000 4.400 92.649 94.896 100.449 93.474 93.087 92.799 92.750 92.679 92.615 92.553 92.495 92.439 92.385 92.332 92.281 92.230 94.179 79.124 33.067 0.015 0.000 0.000 0.000 0.000 0.000 0.000 0.000 23.915 85.904 37.895 0.000 0.000 0.000
31.451 0.000 25.457 28.455 28.456 28.460 28.465 29.468 0.000 27.521 31.529 42.539 42.547 50.553 55.555 41.555 26.559 26.568 26.581 28.584 30.570 31.541 32.503 32.462 31.418 30.371 26.317 26.271 27.237 28.215 39.200 53.185 24.175 18.168 20.164 0.000 0.000 0.000 0.000 0.000 0.000 8.435 91.581 100.484 100.465 92.293 92.966 92.844 92.775 92.709 92.647 92.587 92.531 92.477 92.426 92.376 92.328 92.281 97.235 53.179 0.000 0.000 0.000 0.000 0.000 0.000 0.000 0.000 0.000 26.835 86.824 45.812 0.000 0.000 0.000
