results2_8e4_norain/res_4e8_norain-0020.wd
ncols         241
nrows         181
xllcorner     12693529.787448
yllcorner     3542525.717860
cellsize      155.156523
NODATA_value  -9999.000000
[rows 132 to 164 of 181, columns 0 to 74 of 241]
46.781 51.782 55.785 55.789 57.795 57.802 51.811 42.821 28.832 17.846 16.861 17.879 16.899 15.922 20.948 34.977 46.010 51.047 51.088 48.135 40.186 31.245 22.314 16.385 21.481 23.568 22.657 23.758 21.832 16.892 30.949 54.010 21.089 0.000 0.000 0.000 0.000 14.391 26.394 23.419 25.432 31.438 49.433 35.427 19.422 18.417 18.413 30.408 51.406 0.000 0.000 0.000 0.000 0.000 0.000 0.000 0.000 0.000 0.000 0.000 0.000 0.000 0.000 0.000 0.000 0.000 0.000 38.356 61.237 65.138 65.024 75.102 102.560 92.891 92.833
24.822 26.824 29.827 35.831 45.837 51.844 56.852 56.862 49.874 35.888 24.903 18.921 22.942 29.965 42.992 58.022 57.055 54.092 54.134 57.179 57.229 53.285 41.347 29.415 21.492 16.569 17.645 16.722 17.787 25.842 47.886 55.918 0.000 0.000 0.000 0.000 0.000 0.375 18.372 27.372 28.389 25.404 26.386 36.379 31.376 24.375 28.375 36.375 49.374 0.000 0.000 0.000 0.000 0.000 0.000 0.000 0.000 0.000 0.000 0.000 0.000 0.000 0.000 0.000 0.000 0.000 45.600 67.475 63.342 72.305 63.358 102.707 91.456 92.944 98.187
16.864 16.866 16.868 18.873 23.878 27.885 34.894 43.904 51.916 54.929 48.945 46.962 48.983 52.007 51.034 44.065 35.099 33.136 33.176 38.220 44.268 51.320 54.377 53.439 42.504 32.570 27.636 25.699 34.755 50.802 51.839 37.861 0.000 0.000 0.000 0.000 0.000 0.000 1.340 28.309 7.348 0.000 10.329 25.328 40.330 44.333 46.338 47.342 43.344 0.000 0.000 0.000 0.000 0.000 0.000 0.000 0.000 0.000 0.000 0.000 0.000 0.000 30.205 0.138 65.955 87.875 120.698 76.641 71.674 52.614 88.666 93.137 93.021 101.775 91.282
17.906 17.907 17.910 17.915 16.920 15.927 17.936 22.946 28.957 38.970 48.985 51.003 44.023 34.047 28.075 20.106 16.140 16.177 16.217 18.259 23.304 29.353 36.405 48.459 53.516 55.574 54.631 50.684 53.733 46.775 28.807 20.826 0.000 0.000 0.000 0.000 0.000 0.000 0.000 27.187 0.000 0.000 3.274 28.277 47.283 55.292 41.303 44.312 30.316 0.000 0.000 0.000 0.000 0.000 0.000 0.000 0.000 0.000 0.000 0.000 0.000 17.206 36.206 109.151 138.039 120.897 104.426 103.347 95.002 93.646 93.488 93.320 58.551 103.456 95.036
17.948 17.949 17.952 17.957 17.962 17.969 17.978 16.987 16.998 20.011 26.025 25.041 21.061 17.085 17.113 17.146 18.181 18.217 18.256 18.296 17.339 16.383 18.430 24.479 31.530 40.580 48.630 44.677 33.720 21.758 17.789 22.813 30.829 6.844 0.000 0.000 0.000 0.000 8.947 30.067 0.000 0.000 22.218 54.223 56.233 35.249 38.272 37.287 25.295 14.294 0.000 0.000 0.000 0.000 0.000 0.000 0.000 0.000 0.000 0.000 0.000 0.000 61.263 67.185 63.154 64.294 62.253 94.066 93.934 93.795 60.959 63.720 65.574 67.227 17.184
17.990 17.992 17.995 17.999 18.005 18.012 18.020 18.029 18.040 18.051 17.064 17.079 17.097 18.120 18.150 18.185 18.221 18.258 18.295 18.333 18.372 18.413 18.456 17.500 16.544 17.589 21.633 19.675 18.714 22.749 25.781 24.808 22.833 24.860 24.900 21.941 21.988 26.053 1.627 0.000 0.000 0.000 40.157 54.166 34.180 27.202 26.248 6.272 2.283 0.000 0.000 0.000 0.000 0.000 0.000 0.000 0.000 8.949 23.930 0.000 7.612 70.506 77.434 75.481 73.448 74.514 94.312 94.192 75.259 82.033 74.868 80.624 72.449 51.374 0.000
18.032 18.034 18.037 18.041 18.047 18.055 18.063 18.072 18.082 18.092 18.103 18.114 18.129 18.150 18.182 18.224 18.263 18.299 18.334 17.370 24.406 26.443 18.482 17.521 16.561 17.600 19.639 22.677 25.713 24.746 19.778 20.807 27.835 30.866 26.900 20.936 17.972 27.002 0.000 0.000 0.000 35.068 44.090 31.104 23.119 43.131 0.000 0.000 0.000 0.000 0.000 0.000 0.000 0.000 0.000 0.000 19.013 60.968 89.913 50.815 83.649 91.789 88.724 87.796 94.654 94.544 94.431 87.376 89.233 88.916 87.761 86.676 4.576 0.000 0.000
18.075 18.076 18.079 18.084 18.091 18.098 18.107 18.116 18.125 18.134 21.141 21.149 19.157 23.170 21.206 18.268 18.308 18.343 17.375 15.407 26.440 34.474 20.508 17.543 19.578 22.613 24.648 23.682 20.715 22.748 27.778 29.808 30.838 30.868 25.901 19.933 28.963 47.983 0.000 0.000 0.000 9.049 32.030 29.043 33.062 53.074 0.000 0.000 0.000 0.000 0.000 0.000 0.000 0.000 0.000 17.113 69.061 84.998 87.913 92.886 90.021 86.998 94.957 94.860 94.760 86.735 87.501 88.354 88.019 87.977 80.895 57.786 0.000 0.000 0.000
18.117 18.119 18.122 18.127 18.134 18.142 18.152 18.161 18.170 19.178 26.183 26.184 3.180 0.000 0.000 22.334 16.362 19.391 25.418 28.445 28.475 24.506 20.536 21.567 24.598 23.629 22.659 24.690 28.721 28.751 30.781 29.811 20.841 15.871 17.903 30.934 49.964 59.986 0.000 0.000 0.000 0.000 39.940 41.979 49.012 48.029 0.000 0.000 0.000 0.000 0.000 0.000 0.000 0.000 21.226 65.174 87.086 90.090 89.162 89.149 88.225 95.143 95.051 86.985 87.765 88.605 88.376 88.216 88.159 80.081 72.031 0.000 0.000 0.000 0.000
18.160 18.161 18.164 18.169 18.177 18.187 18.198 18.209 18.218 20.226 29.229 40.225 16.202 0.000 0.000 7.375 33.416 25.441 23.462 23.482 21.511 20.539 22.565 24.592 22.619 18.645 20.672 32.700 34.728 24.757 18.786 15.815 15.845 20.875 34.906 50.939 47.975 32.014 4.061 0.000 0.000 10.685 39.811 21.924 12.979 5.004 0.000 0.000 0.000 0.000 0.000 0.000 0.000 14.346 65.285 87.186 89.367 88.351 88.450 95.410 95.323 95.234 87.072 88.928 88.624 88.482 88.411 88.324 82.236 69.163 59.120 0.000 0.000 0.000 0.000
18.202 18.203 18.205 18.211 18.220 18.233 18.246 18.259 18.270 20.279 30.285 17.288 0.000 0.000 0.000 0.000 29.490 21.498 23.507 22.512 20.549 23.574 24.597 21.619 18.641 14.663 24.686 38.710 25.736 15.765 16.793 21.821 31.849 42.878 53.909 46.943 24.983 20.034 39.110 46.246 47.391 51.561 26.696 0.065 0.000 0.000 0.000 0.000 0.000 0.000 0.000 0.000 19.459 65.385 87.386 89.557 88.576 95.655 95.576 95.494 87.386 88.161 89.023 88.703 88.671 88.595 88.505 89.401 77.310 48.212 37.166 0.000 0.000 0.000 0.000
17.246 17.245 18.245 18.250 18.262 18.279 18.296 18.312 18.325 21.337 31.347 2.354 0.000 0.000 0.000 1.585 18.557 20.554 8.558 0.000 28.602 23.614 19.630 18.647 16.664 18.682 34.701 37.720 19.743 22.775 34.802 43.828 52.854 50.882 38.911 24.943 17.981 34.030 38.102 26.238 7.367 5.473 0.267 0.096 0.000 0.000 0.000 8.936 3.936 0.000 0.000 13.554 65.566 88.655 89.670 87.774 95.810 95.733 87.594 88.381 89.231 89.018 88.876 88.833 88.763 88.696 91.613 55.467 35.388 0.000 0.000 0.000 0.000 0.000 0.000
26.292 24.288 21.281 19.284 16.300 16.328 16.350 16.368 15.384 20.399 32.414 15.428 0.000 4.620 22.623 18.614 15.604 21.605 16.616 3.643 23.643 17.652 16.663 16.676 18.689 32.703 40.715 6.727 0.000 48.793 53.812 48.836 37.860 27.885 19.911 15.939 26.970 39.003 7.033 0.000 0.000 0.000 0.263 0.319 0.000 0.000 0.935 28.936 12.936 0.000 0.000 45.807 87.845 86.965 96.040 95.964 95.888 87.658 89.514 89.221 89.092 89.041 90.977 85.906 87.858 88.816 99.785 0.000 0.000 0.000 0.000 0.000 0.000 0.000 0.000
27.345 29.336 35.307 36.306 36.329 33.383 34.410 33.428 32.445 32.462 34.484 17.517 21.582 20.620 17.636 20.641 20.643 19.648 24.658 26.671 20.679 14.687 16.697 18.706 32.716 37.725 26.734 20.746 29.770 52.794 35.818 26.844 18.868 16.889 18.911 17.934 31.959 40.981 4.996 0.000 0.000 0.000 1.674 0.295 1.902 7.924 9.935 2.938 0.000 0.000 24.023 66.080 96.258 96.187 96.114 87.940 88.718 89.585 89.274 89.248 90.184 90.117 63.052 40.968 75.945 89.926 94.925 34.975 0.000 0.000 0.000 0.000 0.000 0.000 0.000
20.407 14.406 0.000 0.000 0.000 25.467 22.478 22.492 22.506 26.523 35.545 16.574 17.612 16.642 19.661 23.672 24.680 22.688 21.697 24.707 25.716 22.723 16.731 33.739 39.745 30.748 36.750 53.757 50.771 32.796 20.823 16.857 18.878 18.895 17.911 22.928 38.951 40.969 32.975 35.961 6.957 0.000 0.000 0.000 6.926 13.935 3.943 0.952 0.000 19.088 67.217 96.399 96.330 88.130 88.910 89.764 89.558 89.423 89.386 90.317 88.254 82.190 7.149 0.000 58.030 93.018 90.014 89.025 0.000 0.000 0.000 0.000 0.000 0.000 0.000
18.473 10.475 0.000 0.000 0.000 21.541 17.547 17.556 17.567 21.581 35.600 13.624 17.652 21.676 23.695 24.709 21.720 18.729 16.738 18.746 28.754 41.761 36.768 37.774 14.777 8.776 60.762 46.761 13.765 0.000 0.000 21.886 18.894 18.903 20.910 13.919 0.000 0.000 0.000 39.953 15.954 0.000 0.000 0.000 2.941 7.948 1.956 6.972 7.059 45.239 96.507 87.365 91.076 89.947 89.743 89.613 89.568 89.510 90.447 90.388 55.327 31.241 17.206 20.187 71.128 92.101 88.089 79.088 0.000 0.000 0.000 0.000 0.000 0.000 0.000
18.538 18.548 1.585 0.000 0.000 22.612 18.614 18.619 17.626 18.637 33.652 20.672 23.696 25.718 24.736 19.751 16.762 17.771 17.780 16.787 26.795 49.801 45.808 32.813 25.817 16.818 0.000 0.000 0.000 0.000 0.000 23.908 18.911 20.913 3.911 0.000 0.000 0.000 1.944 18.946 0.000 0.000 0.000 2.949 9.950 5.961 0.008 0.000 0.550 44.624 96.638 90.254 89.983 89.786 89.749 89.692 89.630 89.570 87.513 78.461 11.424 0.000 28.246 87.227 92.194 90.169 84.155 74.149 0.000 0.000 0.000 0.000 0.000 0.000 0.000
15.595 17.605 14.622 0.000 0.000 22.682 17.680 15.680 17.683 21.689 25.700 24.719 24.743 22.765 16.783 17.797 17.808 18.816 18.824 23.831 41.837 40.843 33.849 42.855 40.860 11.863 0.000 0.000 0.000 0.000 0.000 23.929 18.930 21.930 0.000 0.000 0.000 14.944 34.943 3.943 0.000 0.000 0.000 0.000 1.947 1.986 2.061 0.557 0.865 97.004 96.822 89.181 89.986 89.865 89.809 89.748 89.688 91.630 76.573 59.519 19.486 0.000 43.306 73.282 82.253 91.228 80.212 69.204 0.000 0.000 0.000 0.000 0.000 0.000 0.000
22.644 20.655 9.671 0.000 8.782 16.755 18.746 22.741 23.739 24.737 22.742 23.762 21.793 17.817 17.835 18.848 18.857 17.864 19.871 42.876 41.882 23.887 36.893 34.899 38.906 36.913 0.000 0.000 0.000 0.000 0.000 19.951 18.949 18.950 13.957 5.958 22.954 21.947 15.943 37.940 0.000 0.000 0.000 0.000 0.537 0.000 0.399 24.571 48.865 97.137 91.577 91.252 90.968 89.929 89.865 89.805 90.746 88.689 43.631 20.558 32.514 33.469 87.391 89.344 69.307 79.278 74.260 47.253 12.266 0.000 0.000 0.000 0.000 0.000 0.000
23.684 24.702 21.738 9.795 23.812 23.811 23.808 24.803 24.794 25.780 37.772 19.795 17.852 17.878 18.893 18.903 18.910 19.915 33.920 44.923 19.928 23.932 50.938 42.945 30.955 33.970 37.005 21.020 26.023 41.015 33.999 21.977 14.968 14.965 25.965 41.963 28.959 0.951 0.000 27.937 16.936 0.000 0.834 5.851 1.869 0.000 0.000 39.677 91.926 97.228 88.546 91.149 92.050 89.985 89.922 89.861 82.803 72.748 29.704 0.634 9.545 10.502 71.444 113.395 94.353 70.320 62.296 41.283 50.280 3.280 0.000 0.000 0.000 13.825 55.826
28.707 28.731 24.787 24.836 24.861 25.870 25.873 21.870 18.858 17.818 0.000 0.000 21.944 18.952 18.958 18.963 17.966 20.969 44.970 30.972 15.974 21.978 38.983 55.990 50.999 48.010 46.026 42.034 38.034 37.025 45.008 41.991 35.981 31.978 34.976 38.974 0.971 0.000 0.000 0.000 0.000 0.000 1.837 11.843 7.853 0.000 0.000 38.862 97.411 97.320 91.451 93.242 90.102 90.042 90.978 86.915 70.855 63.798 69.745 75.690 59.610 81.549 96.491 113.438 122.392 106.353 68.322 73.302 48.292 0.000 0.000 0.000 0.000 0.000 4.827
0.000 0.000 28.844 23.902 23.927 18.937 15.945 17.949 12.950 0.000 0.000 0.000 23.031 19.028 19.027 19.026 19.025 37.024 44.023 17.021 19.021 19.024 22.028 28.034 30.041 30.048 26.056 29.059 45.056 38.045 29.017 31.999 38.990 42.992 45.989 42.985 17.985 0.000 0.000 0.000 0.000 0.000 0.000 5.837 0.000 0.000 8.805 69.040 97.504 88.854 92.502 92.213 90.167 90.097 91.031 85.968 72.906 38.845 45.786 88.724 99.657 131.593 122.532 94.476 82.423 99.377 78.338 72.310 47.295 0.000 0.000 0.000 0.000 0.000 9.828
0.000 0.000 0.000 33.005 18.008 16.009 18.022 18.034 19.044 0.000 0.000 12.164 20.121 19.104 19.096 19.091 21.086 45.081 30.076 16.071 19.068 19.069 19.074 18.079 18.084 18.088 17.091 24.091 53.088 32.084 0.000 0.000 0.000 34.014 44.003 27.995 32.991 19.989 0.000 0.000 0.000 0.000 0.000 0.000 0.000 0.000 26.988 97.697 97.599 91.721 93.409 89.288 90.219 90.150 90.084 90.018 76.955 39.892 54.829 91.766 87.700 121.635 116.571 85.509 90.449 76.394 57.345 75.307 53.282 0.000 0.000 0.000 0.000 0.000 8.829
17.314 13.310 0.000 25.105 35.095 36.068 17.102 29.123 36.149 12.207 10.225 20.208 19.188 19.174 19.164 19.157 38.149 42.141 17.131 19.121 18.112 17.111 19.120 19.126 19.130 19.131 18.130 26.127 55.124 36.120 0.000 0.000 6.075 31.047 44.017 23.002 12.996 0.000 0.000 0.000 0.000 0.000 0.000 0.000 0.000 5.957 68.179 97.797 89.039 92.680 92.397 90.345 90.271 90.202 90.135 91.068 82.003 70.939 93.874 118.809 106.743 123.676 120.608 114.540 121.471 87.404 64.342 74.290 82.246 11.203 0.000 0.000 0.000 0.000 9.832
19.319 18.308 13.278 19.218 18.199 0.000 40.198 32.207 19.224 20.249 20.261 19.258 19.249 19.240 19.232 22.224 45.215 28.203 18.188 19.169 25.152 33.144 19.170 17.178 19.179 18.177 21.172 45.167 53.160 28.154 16.152 4.133 26.103 25.086 0.000 0.000 0.000 0.000 0.000 0.000 0.000 0.000 0.000 0.000 9.145 66.215 88.360 97.899 89.984 90.574 90.467 90.394 90.322 90.253 90.184 91.118 82.052 64.986 60.921 93.854 83.787 97.718 100.646 88.572 90.493 62.410 39.331 53.264 120.209 73.160 8.114 0.000 19.862 40.848 77.836
19.337 19.327 19.310 19.290 19.287 13.309 29.286 45.285 21.294 18.306 19.314 19.315 19.312 19.307 18.301 41.294 43.284 17.271 19.250 20.218 17.184 0.000 38.241 33.239 20.234 18.227 36.218 55.208 39.198 19.186 19.171 20.146 23.121 27.108 0.000 0.000 0.000 0.000 0.000 0.000 0.000 0.000 0.000 0.000 32.336 89.435 98.107 98.002 89.883 90.657 90.511 90.444 90.372 90.302 90.234 89.166 74.100 76.034 95.968 114.901 113.833 118.762 123.688 110.609 108.519 95.411 44.307 42.227 118.166 82.117 20.067 12.972 77.878 110.845 129.832
19.367 19.354 19.346 19.346 19.350 19.357 19.354 30.355 45.361 21.368 18.375 19.378 19.378 17.376 25.372 46.367 26.360 18.347 20.324 18.270 0.000 0.000 26.315 27.305 33.292 32.279 40.265 39.252 20.238 18.223 20.202 23.159 28.130 28.119 0.000 0.000 0.000 0.000 0.000 0.000 0.000 0.000 0.000 0.000 40.740 94.733 98.215 89.294 90.913 90.621 90.568 90.491 90.420 90.350 90.282 90.215 76.148 72.082 93.016 93.949 93.881 96.811 96.737 95.656 100.562 73.411 49.259 64.173 79.112 18.073 0.000 0.000 21.831 47.823 69.820
19.410 21.379 21.375 19.401 19.411 19.417 19.419 19.422 30.427 45.434 21.440 16.445 16.447 33.448 45.447 39.445 16.441 19.436 15.430 0.000 0.000 12.445 19.400 19.374 25.353 42.334 42.315 35.297 28.281 20.267 7.256 0.000 42.123 22.120 0.000 0.000 0.000 0.000 0.000 0.000 0.000 0.000 0.000 0.000 14.496 98.443 98.327 90.146 90.813 90.686 90.612 90.538 90.466 90.397 90.329 91.263 86.197 76.131 71.066 69.999 69.932 69.863 69.792 73.718 47.664 0.000 17.145 73.093 69.037 29.991 0.000 0.000 20.794 66.797 44.801
20.486 0.000 0.000 19.475 18.478 17.481 17.484 16.488 16.494 29.502 44.510 37.516 44.521 46.523 33.525 17.526 24.526 24.528 12.531 0.000 0.000 23.492 19.468 21.441 45.415 52.389 30.365 21.343 28.324 35.309 23.301 0.000 2.120 20.119 0.000 0.000 0.000 0.000 0.000 0.000 0.000 0.000 0.000 0.000 3.734 98.560 95.477 91.082 90.793 90.733 90.655 90.582 90.511 90.443 90.376 90.310 91.246 90.181 88.116 87.051 86.985 87.918 89.851 63.760 5.712 0.000 2.084 58.018 88.951 79.863 52.758 28.727 45.754 48.771 6.785
19.563 18.588 0.000 18.546 29.546 33.547 37.550 42.554 45.560 46.571 46.582 46.591 32.597 19.602 35.605 52.608 53.612 53.620 46.637 24.682 0.000 20.564 18.539 27.509 55.476 42.444 19.414 18.386 20.364 23.347 14.339 0.000 0.000 0.000 0.000 0.000 0.000 0.000 0.000 0.000 0.000 0.000 1.928 3.176 1.362 98.658 99.398 94.965 90.850 90.771 90.696 90.624 90.554 90.487 90.422 90.358 90.294 90.231 90.168 90.103 91.038 93.975 65.933 0.000 0.000 0.000 0.000 2.952 58.885 89.754 80.685 56.670 33.723 2.747 0.000
19.617 21.615 17.640 19.620 34.614 33.614 29.616 25.618 24.623 20.642 41.658 31.669 42.677 33.683 49.687 45.691 38.696 39.704 50.716 56.729 45.723 46.662 38.619 46.580 54.540 27.500 18.461 19.427 19.399 18.379 18.369 20.373 15.372 0.000 24.349 15.347 0.000 0.000 0.000 0.000 0.000 0.000 70.641 67.916 98.756 98.717 93.281 94.032 90.880 90.808 90.734 90.663 90.595 90.530 90.467 90.405 90.343 90.282 90.221 92.157 97.090 66.012 5.972 0.000 0.000 0.000 0.000 0.000 0.000 50.582 85.558 35.546 0.000 0.000 0.000
21.675 0.000 16.687 19.681 19.679 19.680 18.682 19.682 21.674 19.718 31.739 26.752 35.761 46.767 34.771 19.773 20.778 21.786 22.794 27.796 40.781 50.742 56.698 54.652 43.605 19.556 19.506 19.462 19.428 19.403 20.388 43.379 16.373 0.000 20.352 0.000 0.000 0.000 0.000 0.000 0.000 2.505 90.710 92.979 98.780 91.680 91.272 90.977 90.919 90.840 90.769 90.700 90.635 90.572 90.511 90.451 90.392 90.334 92.276 77.215 31.152 0.000 0.000 0.000 0.000 0.000 0.000 0.000 0.000 21.434 83.421 35.410 0.000 0.000 0.000
22.734 0.000 16.742 19.741 19.742 19.746 19.752 20.756 0.000 18.819 22.830 33.841 33.850 41.856 46.857 32.856 17.858 17.868 17.882 19.883 21.864 22.827 23.780 23.728 22.673 21.614 17.547 17.491 18.448 19.420 30.401 44.383 15.370 9.362 11.357 0.000 0.000 0.000 0.000 0.000 0.000 6.567 89.720 98.807 98.792 90.491 91.150 91.020 90.944 90.870 90.800 90.734 90.672 90.612 90.553 90.497 90.441 90.387 95.335 51.275 0.000 0.000 0.000 0.000 0.000 0.000 0.000 0.000 0.000 24.300 84.283 43.264 0.000 0.000 0.000
