results2_8e4_norain/res_4e8_norain-0025.wd
ncols         241
nrows         181
xllcorner     12693529.787448
yllcorner     3542525.717860
cellsize      155.156523
NODATA_value  -9999.000000
[rows 33 to 65 of 181, columns 75 to 149 of 241]
0.000 0.000 0.000 0.000 0.000 0.000 0.000 0.000 0.000 0.000 0.000 0.000 0.000 0.000 0.000 0.000 0.000 0.000 0.000 0.000 0.000 0.000 0.000 0.000 0.000 0.000 0.000 0.000 0.000 0.000 0.000 0.000 0.000 0.000 0.000 0.000 0.000 25.615 48.615 53.617 9.619 0.000 0.000 18.718 32.740 0.000 0.000 22.819 25.835 19.851 20.864 21.874 21.880 21.883 21.882 20.876 26.865 46.850 0.000 1.605 0.000 34.296 51.068 55.792 54.512 55.257 53.926 56.137 51.302 50.904 51.114 53.498 52.834 52.688 53.457
0.000 0.000 0.000 0.000 0.000 0.000 0.000 0.000 0.000 0.000 0.000 0.000 0.000 0.000 0.000 0.000 0.000 0.000 0.000 0.000 0.000 0.000 0.000 0.000 0.000 0.000 0.000 0.000 0.000 0.000 0.000 0.000 0.000 0.000 0.000 0.000 0.000 0.000 0.613 0.000 0.000 0.000 0.000 0.000 14.790 0.000 0.000 12.847 36.876 35.894 25.908 21.919 21.927 21.931 21.931 20.926 42.913 40.881 0.000 24.605 37.319 50.801 55.444 55.123 54.838 54.479 55.666 51.796 51.102 51.577 53.995 53.340 53.202 52.974 53.764
0.000 0.000 0.000 0.000 0.000 0.000 0.000 0.000 0.000 0.000 0.000 0.000 0.000 0.000 0.000 0.000 12.475 44.475 0.000 0.000 0.000 0.000 0.000 0.000 0.000 0.000 0.000 0.000 0.000 0.000 0.000 0.000 0.000 0.000 0.000 0.000 0.000 0.000 0.000 0.000 0.000 0.000 0.000 0.000 6.840 0.000 0.000 0.000 14.928 32.940 32.955 23.969 21.978 21.983 19.985 35.985 44.980 0.000 10.218 34.893 49.549 56.147 55.777 55.451 55.056 57.212 53.307 51.421 52.051 54.490 53.841 53.709 53.482 53.271 53.060
0.000 0.000 0.000 0.000 0.000 0.000 0.000 0.000 0.000 0.000 37.460 0.000 0.000 0.000 0.000 0.000 19.476 70.476 26.477 0.000 0.000 0.000 0.000 0.000 0.000 0.000 0.000 0.000 0.000 0.000 0.000 0.000 0.000 0.000 0.000 0.000 0.000 0.000 0.000 0.000 0.000 0.000 0.000 0.000 9.890 10.921 17.944 3.961 13.968 21.985 35.005 26.023 22.033 19.038 30.042 40.049 29.042 4.903 34.543 52.199 56.840 56.457 56.097 55.665 55.782 54.843 51.853 52.547 54.996 54.350 54.221 53.994 53.779 53.562 53.348
0.000 0.000 0.000 0.000 0.000 0.000 0.000 0.000 0.000 20.460 55.460 44.462 31.463 0.000 0.000 4.477 58.477 66.478 31.478 0.000 0.000 0.000 0.000 8.769 0.000 0.000 0.000 0.000 0.000 0.000 0.000 0.000 0.000 0.000 0.000 0.000 0.000 0.000 0.000 0.000 14.885 0.000 0.000 25.909 40.911 43.929 41.950 27.973 21.997 21.027 35.059 26.083 18.095 32.095 46.097 34.127 22.236 37.124 41.854 54.520 57.150 56.775 56.311 56.385 54.413 52.398 53.072 55.524 54.879 54.749 54.518 54.297 54.072 53.850 53.630
0.000 0.000 0.000 0.000 0.000 0.000 0.000 0.000 0.000 0.000 53.461 36.463 17.464 0.000 0.474 50.478 61.479 68.480 27.480 0.000 0.000 0.000 0.000 46.770 30.770 0.000 0.000 0.000 0.000 0.000 0.000 0.000 0.000 0.000 9.859 21.860 23.861 0.000 0.000 5.882 30.885 9.892 23.899 46.908 49.917 50.933 47.955 34.985 22.021 19.066 36.119 27.158 31.170 49.150 43.123 0.000 20.653 39.502 52.228 57.876 57.494 57.003 57.032 55.027 53.076 53.632 56.079 55.436 55.304 55.068 54.837 54.599 54.365 54.135 53.907
0.000 0.000 0.000 0.000 0.000 0.000 0.000 0.000 0.000 0.000 0.000 4.465 42.468 38.473 26.477 39.479 59.481 70.483 23.484 0.000 0.000 0.000 0.000 8.770 32.771 34.774 0.000 0.000 0.000 0.000 0.000 0.000 0.000 0.000 25.859 26.860 38.862 21.866 10.871 24.878 25.884 21.891 28.898 35.907 33.917 26.931 45.952 11.991 28.037 31.099 21.195 33.259 46.277 43.214 0.000 0.000 32.220 49.005 57.681 58.278 57.774 57.749 54.711 53.936 54.242 56.673 56.028 55.893 55.652 55.412 55.158 54.900 54.652 55.421 48.186
0.000 0.000 0.000 0.000 0.000 0.000 0.000 0.000 0.000 0.000 0.000 0.000 61.471 56.475 46.479 36.482 60.484 68.487 63.491 48.496 3.499 0.000 0.000 0.000 0.000 42.777 26.780 24.783 35.785 30.786 0.000 0.000 0.000 0.000 25.859 24.859 45.861 51.865 40.870 32.876 24.883 21.889 22.897 23.905 22.913 20.922 28.931 0.000 0.000 0.000 26.301 49.408 47.466 0.000 0.000 32.521 46.001 55.626 59.183 58.763 59.558 55.511 55.072 54.928 57.319 56.665 56.521 56.274 56.030 55.767 55.484 55.189 54.923 54.709 40.568
0.000 0.000 0.000 0.000 0.000 0.000 0.000 0.000 0.000 0.000 0.000 0.000 0.000 33.478 8.482 44.485 63.488 68.492 66.495 64.500 53.503 12.506 0.000 0.000 0.000 0.000 37.782 37.784 50.786 48.788 41.793 36.796 0.000 0.000 0.000 29.857 48.860 55.864 47.869 31.875 20.881 21.888 21.895 21.903 21.909 21.915 25.919 0.000 0.000 0.000 0.000 33.606 2.857 2.336 37.410 42.038 53.657 60.217 60.057 58.283 56.579 56.654 55.735 58.044 57.364 57.196 56.936 56.685 56.423 56.141 55.822 55.450 56.143 47.924 30.810
0.000 0.000 0.000 0.000 0.000 0.000 0.000 0.000 0.000 0.000 0.000 0.000 0.000 0.000 65.486 65.489 67.493 67.497 66.501 60.504 54.508 25.510 0.000 0.000 0.000 0.000 0.000 5.785 50.787 44.790 59.794 56.799 35.810 14.824 15.837 24.852 46.858 55.863 46.868 29.873 19.879 24.887 23.894 21.902 21.906 21.910 22.912 14.910 0.000 0.000 0.000 0.000 0.000 40.051 42.852 50.589 61.231 61.307 59.666 61.539 58.975 56.740 58.888 58.148 57.932 57.641 57.371 57.103 56.835 56.553 55.215 63.647 61.275 34.035 23.938
0.000 0.000 0.000 0.000 0.000 22.326 0.000 0.341 40.350 29.352 33.355 8.357 0.000 0.000 1.490 73.494 67.498 64.502 61.507 64.511 55.514 18.516 0.000 0.000 0.000 0.000 0.000 0.000 0.000 0.000 48.796 49.798 0.803 0.000 0.000 28.855 46.858 51.862 41.866 32.871 30.875 0.000 0.000 27.903 21.906 21.907 22.909 28.908 36.907 0.000 0.000 0.000 12.971 45.625 49.371 60.090 62.254 61.891 65.408 63.957 58.127 59.907 59.048 58.748 58.401 58.093 57.801 57.523 57.261 57.021 62.838 0.000 0.000 13.002 30.970
0.000 0.000 0.000 0.000 0.000 42.327 0.000 34.345 36.349 48.353 31.357 16.359 0.000 0.000 0.000 58.498 70.503 67.508 67.514 68.519 62.523 16.526 0.000 0.000 0.000 0.000 0.000 0.000 0.000 0.000 0.000 33.797 0.000 0.000 0.000 34.856 31.858 43.860 0.862 0.000 0.000 0.000 0.000 0.000 31.905 25.906 0.000 18.907 52.907 35.906 0.000 0.000 17.325 51.078 59.909 62.980 62.723 67.029 66.370 59.514 61.024 60.048 59.641 59.221 58.860 58.527 58.217 57.929 57.663 57.434 62.277 5.293 0.000 0.000 0.000
31.254 0.000 0.000 0.000 0.000 53.329 29.334 31.342 37.348 61.355 62.360 57.365 11.370 0.000 0.000 0.000 18.509 72.516 67.522 68.528 65.534 24.539 0.000 0.000 0.000 0.000 0.000 0.000 0.000 0.000 0.000 0.000 0.000 0.000 0.000 0.000 0.000 0.000 0.000 0.000 0.000 0.000 0.000 0.000 0.000 6.905 3.904 0.000 0.000 0.000 0.000 6.283 43.843 60.820 62.494 63.415 67.759 67.479 60.481 62.017 61.036 60.565 60.082 59.666 59.286 58.937 58.613 58.311 58.030 57.775 60.544 44.308 1.685 0.000 0.000
35.256 31.259 0.000 0.000 0.000 45.326 47.332 47.340 59.349 56.358 68.366 67.372 28.376 0.000 0.000 0.000 0.000 74.524 67.530 68.538 65.548 25.557 0.000 0.000 0.000 34.711 46.718 15.725 0.000 0.000 0.000 0.000 0.000 0.000 0.000 0.000 0.000 0.000 0.000 0.000 0.000 0.000 0.000 0.000 0.000 0.000 0.000 0.000 0.000 0.000 3.996 44.613 61.665 62.295 68.440 68.006 61.604 62.195 62.719 61.909 61.439 60.936 60.485 60.069 59.683 59.323 58.987 58.671 58.373 65.090 5.817 0.000 14.906 0.000 0.000
37.258 38.263 30.268 0.000 35.308 30.317 38.330 51.340 55.350 66.363 67.373 66.381 35.387 0.000 0.000 0.000 0.000 73.528 67.536 68.548 63.564 43.585 27.621 28.651 28.679 36.704 57.721 24.732 0.000 0.000 0.000 0.000 0.000 0.000 0.000 0.000 0.000 0.000 0.000 0.000 0.000 0.000 0.000 0.000 0.000 0.000 0.000 0.000 1.875 32.625 42.262 61.342 63.010 69.720 69.177 62.052 63.803 63.168 62.652 62.211 61.734 61.281 60.850 60.442 60.054 59.685 59.340 59.014 65.701 11.396 0.000 0.000 0.730 1.999 3.001
51.261 34.267 38.274 38.287 29.300 22.307 0.000 0.000 0.000 56.372 67.382 65.394 50.405 17.420 0.000 0.000 42.514 63.525 68.539 67.555 68.575 58.598 34.627 31.655 30.682 39.707 57.729 40.751 26.781 27.805 31.822 42.832 6.836 0.000 0.000 0.000 0.000 0.000 0.000 0.000 0.000 0.000 0.000 0.000 0.000 0.000 0.000 0.000 13.040 52.883 60.890 63.604 70.449 70.134 62.671 64.377 63.637 63.298 62.884 62.453 62.024 61.602 61.192 60.795 60.405 60.025 59.675 65.345 12.023 0.000 0.000 0.000 0.236 2.028 0.000
67.266 38.270 32.277 33.287 35.298 35.304 24.306 0.000 0.000 0.000 1.395 72.409 62.420 40.435 32.458 39.480 38.503 40.521 48.539 49.560 36.582 33.608 31.634 31.661 30.687 39.713 54.737 33.762 30.789 35.812 51.829 54.839 39.841 13.840 0.000 0.000 0.000 0.000 0.000 0.000 0.000 0.000 0.000 0.000 0.000 0.000 0.000 3.699 45.591 61.276 64.165 70.833 70.681 63.251 64.944 64.206 63.889 63.496 63.104 62.704 62.305 61.911 61.523 61.139 60.747 60.334 65.990 11.667 0.000 0.000 0.000 0.000 0.000 0.000 1.399
67.268 53.272 0.000 0.000 40.303 36.306 47.309 38.308 0.000 0.000 0.000 60.422 57.431 42.444 33.461 30.479 30.498 33.517 46.539 54.563 57.588 50.616 40.643 33.669 32.694 48.720 51.747 26.773 30.800 30.825 31.845 35.856 14.848 0.000 0.000 0.000 0.000 0.000 0.000 0.000 0.000 0.000 0.000 0.000 0.000 6.593 38.345 46.332 59.933 71.293 70.979 64.125 64.774 65.406 64.771 64.455 64.077 63.707 63.331 62.955 62.581 62.213 61.851 61.493 62.111 68.576 12.283 0.000 0.000 0.000 0.000 0.000 0.000 0.000 13.360
67.270 67.277 54.287 37.296 37.304 37.311 28.315 0.000 0.000 1.417 53.423 50.428 53.437 46.450 47.464 47.478 47.494 50.511 45.538 45.564 47.593 51.626 52.653 50.677 46.702 57.728 55.756 43.785 44.814 44.844 46.871 21.892 0.000 0.000 0.000 0.000 0.000 0.000 0.000 0.000 0.000 0.000 0.000 0.000 40.990 41.730 62.862 63.529 72.297 71.863 66.516 66.289 65.733 65.323 64.998 64.635 64.279 63.920 63.561 63.204 62.852 62.508 62.177 62.870 66.629 0.000 0.000 0.000 0.000 0.000 0.000 0.000 0.000 8.240 4.299
66.273 67.280 64.289 42.298 36.308 37.317 38.328 30.341 0.000 45.413 42.421 43.431 44.442 39.454 43.466 48.478 56.488 41.496 0.000 0.000 0.000 50.645 46.665 46.686 46.709 46.736 46.765 46.796 46.829 46.865 44.904 39.950 13.013 0.000 0.000 34.607 41.695 53.812 23.908 0.000 0.000 0.000 0.000 42.420 53.243 65.273 66.012 72.904 72.638 67.065 66.803 66.125 65.852 65.517 65.172 64.827 64.480 64.134 63.789 63.448 63.115 62.791 63.479 66.182 13.905 0.000 0.000 0.000 0.000 0.000 0.000 0.000 4.140 10.180 0.000
56.275 67.283 67.292 57.301 33.312 36.324 37.338 37.355 43.379 52.403 36.419 33.434 31.447 38.459 53.470 52.479 37.485 17.490 0.000 0.000 0.000 0.000 35.676 30.692 30.715 30.742 30.772 31.806 34.843 35.884 35.932 34.992 36.076 35.206 35.347 44.519 51.666 49.834 57.004 55.165 50.213 48.163 50.946 62.895 66.593 66.494 73.242 73.106 67.599 67.319 66.632 66.364 66.024 65.692 65.355 65.018 64.682 64.346 64.013 63.686 63.369 64.063 64.765 3.473 0.000 0.000 0.000 0.000 0.000 0.000 0.000 0.000 15.100 1.141 0.000
34.279 62.286 66.294 47.303 30.316 29.331 37.346 37.362 36.381 30.401 31.420 37.439 54.454 53.467 36.477 29.484 19.485 0.000 39.612 48.621 44.635 45.652 48.672 51.693 50.717 51.745 54.777 53.813 50.852 52.896 47.948 34.011 38.092 37.197 42.317 60.456 67.618 64.854 59.111 54.275 56.332 63.217 68.425 67.140 73.674 73.382 67.424 69.092 67.750 67.154 66.874 66.533 66.204 65.871 65.539 65.210 64.882 64.556 64.232 64.913 62.613 58.327 10.046 0.000 0.000 0.000 0.000 0.000 0.000 0.000 0.000 0.907 5.044 0.000 0.000
27.283 46.288 57.295 32.304 24.319 31.338 29.353 36.368 37.383 37.400 30.422 47.448 39.464 28.477 31.489 23.498 0.000 48.590 51.603 51.617 53.632 54.650 57.670 61.691 60.715 60.744 60.779 62.818 63.858 61.902 49.953 36.013 38.086 38.172 38.269 41.372 15.495 0.000 79.308 121.515 99.483 65.770 67.591 74.609 74.197 67.796 70.587 68.060 67.679 67.382 67.046 66.716 66.383 66.050 65.722 65.399 65.082 64.765 66.445 61.121 49.844 4.585 0.000 0.000 0.000 0.000 0.000 0.000 0.000 0.000 0.000 11.713 0.899 0.894 0.000
0.000 3.291 38.294 20.298 0.000 26.349 31.361 31.373 37.386 26.392 0.000 31.468 29.477 31.489 32.503 42.520 56.550 53.577 55.596 61.612 71.628 115.646 112.666 112.687 112.709 112.736 113.779 97.823 29.860 32.901 30.949 39.004 38.067 35.138 33.214 15.270 0.000 0.000 0.000 46.868 64.136 68.985 75.223 74.946 67.323 69.085 68.441 68.194 67.883 67.558 67.231 66.898 66.562 66.226 65.899 65.584 66.281 64.979 56.661 45.284 3.071 0.000 0.000 0.000 0.000 0.000 0.000 0.000 0.000 0.000 10.621 2.666 0.000 0.000 0.000
0.000 53.291 31.292 0.000 0.000 0.000 25.370 38.379 30.396 0.000 0.000 39.480 30.489 41.501 54.515 54.532 59.553 62.574 55.591 41.607 32.623 28.640 26.663 29.683 30.700 17.714 0.000 34.835 31.858 30.894 34.937 38.988 36.042 28.100 35.179 16.224 0.000 0.000 42.676 59.599 69.420 75.620 75.448 67.840 69.586 68.937 68.699 68.384 68.071 67.748 67.419 67.084 66.742 66.394 66.063 66.758 62.478 51.209 7.935 0.000 0.000 0.000 0.000 0.000 0.000 0.000 0.000 0.000 0.000 7.544 6.581 0.000 0.000 0.000 0.000
55.940 0.000 0.000 0.000 0.000 0.000 0.000 0.000 34.423 32.446 40.467 37.483 37.497 37.511 54.525 68.541 57.557 37.574 35.589 30.604 32.618 23.629 0.000 35.682 32.695 21.707 0.000 35.824 30.846 31.879 38.921 36.968 35.011 17.043 0.000 0.000 39.443 37.304 54.058 69.976 75.826 68.678 69.288 70.002 69.449 69.206 68.894 68.587 68.269 67.944 67.613 67.277 66.927 67.546 67.202 56.908 41.665 4.446 0.000 0.000 0.000 0.000 0.000 0.000 0.000 0.000 0.000 0.000 0.000 8.510 0.000 0.000 0.000 0.000 0.000
43.964 0.000 0.000 47.162 40.184 34.209 0.000 0.000 52.429 49.449 36.471 37.491 37.507 38.522 59.535 111.549 104.562 51.576 106.589 27.603 31.616 31.630 33.648 31.670 31.690 31.712 33.746 29.791 29.824 38.857 37.898 34.953 29.994 19.018 0.000 0.000 41.582 48.448 70.467 69.378 76.184 69.734 70.363 69.956 69.711 69.411 69.110 68.797 68.475 68.146 67.812 67.486 69.144 64.660 46.290 33.008 34.827 0.690 0.000 0.000 0.000 0.000 0.000 0.000 0.000 0.000 0.000 0.000 10.453 4.480 0.000 0.000 0.000 0.000 0.000
0.000 0.000 0.000 30.140 39.182 36.234 54.302 48.361 53.415 61.451 52.480 37.502 37.519 37.534 36.546 30.557 25.568 30.579 27.590 31.602 31.614 31.628 31.644 31.663 31.683 31.706 30.736 35.772 37.801 38.828 22.863 0.000 22.993 0.000 0.000 0.000 45.827 67.771 71.807 77.282 76.781 69.836 70.524 70.204 69.931 69.639 69.333 69.016 68.690 68.352 68.004 66.710 28.505 0.000 0.000 0.000 0.000 0.000 0.000 0.000 0.000 0.000 0.000 0.000 0.000 0.000 0.000 9.410 3.430 0.000 0.000 0.000 0.000 0.000 0.000
34.887 0.000 34.949 31.078 30.171 48.245 41.311 57.368 66.418 46.463 32.495 30.519 33.536 36.549 37.559 37.567 30.575 29.583 30.592 30.601 31.612 31.624 31.638 36.654 33.673 30.695 31.722 34.758 38.782 27.793 0.000 0.000 0.000 0.000 1.620 121.442 65.166 72.207 70.212 77.714 69.634 72.181 73.695 70.454 70.173 69.878 69.568 69.244 69.918 66.570 54.140 44.847 2.692 0.000 0.000 0.000 0.000 0.000 0.000 0.000 0.000 0.000 0.000 0.000 0.000 0.000 5.380 5.393 0.000 0.000 0.000 0.000 0.000 0.000 0.000
9.293 34.303 30.821 30.053 41.181 45.266 56.330 63.382 29.429 28.487 29.520 31.542 30.558 27.568 35.574 36.579 37.582 36.587 30.593 29.600 28.609 29.619 35.630 94.644 62.660 42.679 25.700 0.000 40.775 48.769 0.000 0.000 0.000 0.000 45.759 56.627 73.511 71.565 78.453 78.100 70.733 71.284 71.976 70.711 70.431 70.134 69.818 70.473 69.169 21.869 0.000 0.000 0.000 0.000 0.000 0.000 0.000 0.000 0.000 0.000 0.000 0.000 0.000 0.000 0.000 0.107 7.370 0.000 0.000 0.000 0.000 0.000 0.000 0.000 0.000
0.000 27.795 30.981 33.132 54.235 65.307 79.363 61.403 0.000 47.538 47.557 31.574 31.585 30.591 28.592 31.591 37.590 35.590 36.594 38.598 36.605 34.613 30.622 25.633 30.645 25.662 0.000 0.000 0.000 34.741 26.733 0.000 0.000 0.000 55.957 72.833 72.919 70.954 78.770 70.443 72.959 74.485 71.249 70.983 70.705 70.410 70.098 67.662 22.415 0.000 0.000 0.000 0.000 0.000 0.000 0.000 0.000 0.000 0.000 0.000 0.000 0.000 0.000 0.000 0.000 0.127 0.000 0.000 0.000 0.000 0.000 0.000 0.000 0.000 0.000
0.000 26.103 32.177 48.259 59.322 107.364 101.412 103.464 109.534 105.570 106.596 31.612 31.620 30.619 30.614 29.605 24.596 34.593 36.593 37.596 35.600 37.606 37.613 38.621 31.627 0.000 0.000 0.000 0.000 35.721 20.727 0.000 0.000 47.442 69.245 73.186 72.183 79.344 79.066 71.504 72.063 72.769 71.525 71.270 70.997 71.703 46.501 0.000 0.000 0.000 0.000 0.000 0.000 0.000 0.000 0.000 0.000 0.000 0.000 0.000 0.000 0.000 0.000 0.000 0.000 0.000 0.000 0.000 0.000 0.000 0.000 0.000 0.000 0.000 1.786
0.000 27.338 44.368 52.405 58.430 29.417 28.459 27.508 24.569 25.614 25.644 31.660 31.663 47.654 47.639 23.622 0.000 21.592 34.592 36.593 34.594 36.598 36.604 37.611 33.616 0.000 0.000 0.000 33.670 18.695 0.000 0.000 48.770 57.632 74.489 73.395 72.585 79.602 71.170 73.705 76.254 72.044 71.810 71.574 70.309 57.905 16.703 0.000 0.000 0.000 0.000 0.000 0.000 0.000 0.000 0.000 0.000 0.000 0.000 0.000 0.000 0.000 0.000 0.000 0.000 0.000 0.000 0.000 0.000 0.000 0.000 0.000 0.000 0.000 1.776
