results2_8e4_norain/res_4e8_norain-0020.wd
ncols         241
nrows         181
xllcorner     12693529.787448
yllcorner     3542525.717860
cellsize      155.156523
NODATA_value  -9999.000000
[rows 99 to 131 of 181, columns 0 to 74 of 241]
0.000 0.000 0.000 0.000 0.000 10.460 50.461 52.457 43.454 38.452 0.000 0.000 0.000 0.000 0.000 0.000 0.000 18.330 15.330 0.000 0.000 0.000 0.000 13.270 12.269 0.000 0.000 0.000 0.000 0.000 0.000 0.000 0.000 0.000 0.000 25.674 21.697 20.736 21.774 22.819 35.872 24.933 29.005 21.065 23.123 21.183 22.247 27.314 28.385 26.458 30.533 23.611 23.690 25.772 28.858 42.957 44.083 29.169 15.219 0.000 0.000 0.000 0.000 0.000 0.000 52.552 49.584 36.670 11.757 6.829 50.891 27.950 30.010 30.073 30.140
0.000 0.000 0.000 0.000 0.000 11.471 51.484 51.486 0.000 0.000 0.000 0.000 0.000 0.000 0.000 0.000 0.000 29.332 18.333 0.000 0.000 0.000 16.291 15.282 19.278 0.000 0.000 0.000 0.000 31.493 23.493 0.000 0.000 0.000 38.585 48.620 34.651 27.703 21.724 23.757 42.800 27.858 33.956 34.007 25.057 40.112 32.174 33.241 23.312 31.385 31.461 29.539 23.617 24.695 28.772 25.864 0.000 0.000 0.000 0.000 0.000 0.000 0.000 0.662 37.657 49.641 56.663 46.715 22.776 23.835 37.891 28.946 30.002 30.059 30.119
0.000 0.000 0.000 0.000 0.000 0.000 47.518 56.518 0.000 0.000 0.000 0.000 0.000 0.000 0.000 0.000 0.000 36.334 17.339 18.337 20.328 17.316 14.301 15.291 13.283 0.000 0.000 0.000 0.000 24.493 24.495 25.499 24.508 24.524 23.550 33.570 42.584 0.000 53.662 43.685 48.715 33.743 0.000 49.950 47.985 47.037 51.098 40.165 23.237 26.312 31.388 31.466 28.545 24.621 13.671 0.000 0.000 0.000 0.000 0.000 0.000 0.000 0.000 10.670 37.673 37.691 48.715 47.751 30.796 30.844 29.893 29.942 29.992 30.043 29.097
24.624 27.624 0.000 0.000 0.000 8.571 47.554 52.552 62.564 0.000 0.000 0.000 0.000 0.000 0.000 0.000 0.000 0.000 21.352 18.346 36.333 50.320 25.308 10.299 0.000 0.000 0.000 0.000 0.000 0.000 23.494 24.495 24.503 24.514 24.524 23.528 23.532 22.533 23.578 28.608 40.634 34.655 0.000 49.858 50.898 28.952 36.016 53.085 47.160 34.237 24.315 30.394 31.477 34.573 19.622 0.000 0.000 0.000 0.000 0.000 0.000 0.000 0.000 0.000 0.000 34.738 31.753 31.780 29.814 29.853 29.895 29.937 29.981 29.027 28.073
38.626 21.625 21.622 23.615 25.605 44.589 52.578 52.574 52.578 54.585 28.587 0.000 0.000 16.457 23.458 24.457 0.000 0.000 44.373 52.363 47.340 43.325 26.316 0.000 0.000 0.000 0.000 0.000 0.000 0.000 0.000 24.484 23.497 22.505 23.505 24.486 24.484 24.489 24.511 25.534 44.560 39.590 22.628 24.729 35.796 46.861 23.928 36.002 37.081 30.162 50.241 33.319 25.398 0.000 0.000 0.000 0.000 0.000 0.000 0.000 0.000 0.000 0.000 0.000 0.000 34.770 29.781 29.801 29.829 29.861 29.896 27.932 25.970 28.009 34.049
53.631 43.630 24.626 28.621 46.613 52.603 52.595 52.591 52.590 47.591 19.591 25.592 0.000 7.458 42.461 50.458 50.448 34.432 49.407 56.395 0.000 0.000 0.000 0.000 0.000 0.000 0.000 0.000 0.000 0.000 0.000 24.460 0.000 0.000 0.000 25.430 24.429 24.431 24.441 25.459 41.484 46.518 23.565 24.633 24.700 42.766 43.836 21.913 30.000 49.092 41.170 19.244 0.000 0.000 0.000 0.000 0.000 0.000 0.000 0.000 0.000 0.000 0.000 0.000 0.000 34.791 29.800 29.817 29.839 28.866 27.896 32.927 33.959 34.992 36.026
53.639 53.638 48.635 51.630 52.624 52.617 52.611 52.605 52.602 48.599 23.596 40.595 0.000 0.000 20.472 44.466 52.457 53.443 52.428 57.417 0.000 0.000 0.000 0.000 0.000 0.000 0.000 0.000 0.000 0.000 0.000 24.438 0.000 0.000 26.366 24.375 24.372 24.367 24.366 24.376 41.399 46.434 23.482 24.541 24.604 25.669 46.738 40.817 47.915 38.036 19.102 0.000 0.000 0.000 0.000 0.000 0.000 0.000 0.000 0.000 0.000 0.000 0.000 0.000 32.803 29.804 29.812 29.826 29.846 28.870 30.895 34.921 35.947 35.975 36.003
51.651 52.649 52.647 52.643 52.638 52.632 52.626 52.620 52.615 53.609 48.602 55.597 0.000 0.000 8.490 27.481 50.470 52.458 53.446 41.431 0.000 0.000 0.000 0.000 0.000 0.000 0.000 0.000 0.000 0.000 0.000 18.417 23.396 23.377 22.359 24.333 24.317 24.298 24.282 24.283 41.302 46.339 23.388 24.446 24.507 24.568 29.631 52.702 32.808 0.000 0.000 0.000 0.000 0.000 0.000 0.000 0.000 0.000 0.000 0.000 0.000 0.000 0.000 0.000 0.000 36.810 32.818 33.831 31.850 27.873 34.893 35.914 33.936 33.958 30.981
48.665 53.664 52.662 52.659 52.655 52.650 52.644 52.637 52.629 52.620 53.609 46.596 30.576 21.550 15.518 42.500 52.486 52.475 57.468 0.000 0.000 0.000 0.000 0.000 0.000 0.000 0.000 0.000 0.000 0.000 0.000 0.000 0.000 0.000 0.000 24.284 24.264 24.228 24.182 24.171 40.189 47.231 24.287 24.349 24.410 24.467 24.516 30.552 0.000 0.000 0.000 0.000 0.000 0.000 0.000 0.000 0.000 0.000 0.000 0.000 0.000 0.000 0.000 0.000 0.000 0.000 0.000 0.000 0.000 36.880 34.891 35.907 32.924 27.942 36.958
48.681 53.681 52.680 52.677 52.674 52.669 52.663 52.656 52.647 52.635 53.621 38.603 17.582 16.559 25.534 49.515 52.501 52.490 58.484 0.000 0.000 0.000 0.000 0.000 0.000 0.000 0.000 0.000 0.000 0.000 0.000 0.000 0.000 0.000 0.000 20.256 24.229 21.169 24.050 24.029 43.055 47.110 24.181 24.253 24.319 24.374 24.416 21.440 0.000 0.000 0.000 0.000 0.000 0.000 0.000 0.000 0.000 0.000 0.000 0.000 0.000 28.801 0.000 0.000 0.000 0.000 0.000 0.000 32.869 33.876 35.886 35.898 32.912 28.926 38.940
51.700 52.700 52.700 52.698 52.696 52.692 52.686 52.679 52.668 52.654 52.637 49.616 26.593 27.569 44.547 51.528 52.513 52.503 59.496 0.000 0.000 0.000 0.000 0.000 0.000 0.000 0.000 0.000 0.000 0.000 0.000 0.000 0.000 0.000 0.000 0.000 20.228 0.000 22.821 23.840 51.893 38.976 24.073 24.165 24.240 37.296 27.334 22.352 0.000 0.000 0.000 0.000 0.000 0.000 0.000 0.000 0.000 0.000 0.000 0.000 0.000 39.801 24.802 0.000 0.000 0.000 0.000 33.854 36.862 35.870 32.879 28.889 28.901 26.913 30.929
52.721 52.722 52.723 52.722 52.721 52.718 52.713 52.706 52.694 52.678 52.658 52.633 54.606 54.581 53.558 52.539 52.524 54.512 43.504 0.000 0.000 0.000 0.000 0.000 0.000 0.000 0.000 0.000 0.000 0.000 0.000 0.000 0.000 0.000 0.000 0.000 0.000 0.000 22.573 23.618 57.704 26.827 23.972 24.095 36.180 45.238 24.272 24.284 23.266 0.000 0.000 0.000 0.000 0.000 0.000 0.000 0.000 0.000 0.000 0.000 0.000 35.802 36.803 23.805 0.000 29.831 31.837 35.847 34.856 32.864 31.872 27.880 35.889 38.896 0.000
51.743 50.745 52.748 52.749 52.750 52.748 52.745 52.738 52.727 52.709 52.684 52.652 52.620 52.591 52.566 52.547 53.532 36.521 0.000 0.000 13.472 27.470 0.000 0.000 0.000 0.000 0.000 0.000 0.000 0.000 0.000 0.000 0.000 0.000 0.000 0.000 0.000 0.000 18.281 29.357 52.477 23.656 20.896 24.062 24.150 24.203 24.234 24.248 24.248 21.247 0.000 0.000 0.000 0.000 0.000 0.000 0.000 0.000 0.000 0.000 0.000 30.802 26.804 32.808 27.816 35.825 35.834 34.842 30.851 33.858 28.865 27.871 27.878 20.887 0.000
41.765 41.769 50.775 52.779 52.781 52.782 52.781 52.777 52.767 52.749 52.719 53.675 54.633 52.598 52.571 52.551 52.539 0.000 0.000 13.482 23.475 33.470 32.466 25.464 17.462 0.000 0.000 0.000 0.000 0.000 0.000 0.000 0.000 0.000 0.000 21.474 24.530 24.661 21.914 21.054 30.193 18.424 0.000 20.108 24.155 24.191 24.214 24.227 23.232 0.000 0.000 0.000 0.000 0.000 0.000 0.000 32.788 43.788 0.000 0.000 31.798 29.800 29.804 26.808 34.814 35.822 35.830 32.839 35.847 35.853 33.859 28.863 17.867 0.000 0.000
23.784 28.792 47.806 53.814 52.816 52.818 52.822 52.823 52.817 52.803 54.771 40.695 36.641 51.597 56.571 53.551 48.534 30.518 33.504 39.490 33.478 34.471 13.467 6.465 0.000 0.000 0.000 0.000 0.000 0.000 0.000 0.000 0.000 0.000 12.418 18.419 21.457 21.539 21.660 21.753 23.817 0.000 0.000 0.000 19.173 24.192 24.206 24.216 24.221 0.000 0.000 0.000 0.000 0.000 0.000 0.000 49.788 31.789 29.791 29.793 29.796 29.799 27.802 32.807 35.812 35.819 31.827 35.836 35.845 34.850 28.854 29.857 19.859 0.000 0.000
7.797 22.811 41.846 54.855 55.852 55.856 53.868 52.876 53.878 52.876 53.869 0.000 0.000 10.581 28.566 49.548 56.530 54.517 54.507 40.498 0.000 0.000 0.000 0.000 0.000 0.000 0.000 0.000 0.000 0.000 0.000 0.000 0.000 0.000 0.000 17.327 21.342 19.381 20.435 22.481 23.508 0.000 0.000 0.000 0.000 17.198 24.205 24.210 21.215 0.000 0.000 0.000 0.000 0.000 0.000 0.000 0.000 45.790 28.791 28.793 29.795 28.798 28.801 34.804 35.809 33.816 21.821 0.000 39.846 33.849 33.851 33.853 19.854 0.000 0.000
0.000 0.000 26.914 32.910 26.882 28.886 45.921 53.936 49.946 42.954 41.962 0.000 0.000 0.000 0.000 0.000 21.522 47.516 54.509 0.000 0.000 0.000 0.000 0.000 0.000 0.000 0.000 0.000 0.000 0.000 0.000 0.000 0.000 0.000 0.000 17.221 23.204 22.207 31.221 32.230 22.225 0.000 0.000 0.000 0.000 0.000 21.205 22.207 0.000 0.000 0.000 0.000 0.000 0.000 0.000 0.000 0.000 50.790 53.791 33.793 27.794 25.796 35.799 35.802 30.805 0.000 0.000 0.000 0.000 38.848 35.849 35.850 25.851 0.000 0.000
0.000 0.000 7.988 16.990 0.000 0.000 17.995 47.004 38.017 34.035 48.064 15.124 0.000 0.000 0.000 0.000 0.000 0.000 23.508 0.000 0.000 0.000 0.000 0.000 0.000 0.000 0.000 0.000 0.000 0.000 0.000 0.000 0.000 0.000 0.000 8.134 22.047 20.022 50.012 42.993 20.940 22.800 0.000 0.000 0.000 0.000 16.204 0.000 0.000 0.000 0.000 0.000 0.000 0.000 0.000 0.000 0.000 0.000 38.791 55.792 40.794 34.795 35.797 30.799 0.000 0.000 0.000 0.000 0.000 30.846 35.847 35.848 30.849 0.000 0.000
0.000 0.000 4.063 49.072 6.106 0.000 7.063 39.069 41.083 52.106 54.138 57.186 63.248 2.280 0.000 0.000 0.000 0.000 0.000 0.000 0.000 0.000 0.000 0.000 0.000 0.000 0.000 0.000 0.000 0.000 0.000 0.000 0.000 0.000 0.000 0.000 14.831 22.824 52.814 34.791 22.743 21.661 26.572 0.000 0.000 0.000 0.000 0.000 0.000 0.000 0.000 0.000 0.000 0.000 0.000 0.000 0.000 0.000 0.000 0.000 43.794 33.795 31.796 0.000 0.000 0.000 0.000 0.000 29.843 28.844 30.846 24.847 0.000 0.000 0.000
0.000 0.000 26.130 44.132 52.141 21.147 34.126 57.128 54.144 53.168 53.198 53.236 53.278 59.315 62.356 18.378 0.000 0.000 22.448 36.447 29.446 31.445 0.000 0.000 0.000 0.000 0.000 0.000 0.000 0.000 0.000 0.000 0.000 0.000 0.000 0.000 15.621 44.630 46.629 23.614 21.581 21.531 24.484 0.000 0.000 0.000 0.000 0.000 0.000 0.000 0.000 0.000 0.000 0.000 0.000 0.000 0.000 0.000 0.000 0.000 0.000 0.000 0.000 0.000 0.000 0.000 0.000 31.842 26.843 24.843 0.000 0.000 0.000 0.000 0.000
50.252 53.232 53.198 51.186 49.181 50.175 52.167 52.175 53.199 54.224 54.252 53.283 46.315 50.347 53.377 57.402 61.429 62.444 54.450 50.450 47.448 42.445 44.441 37.438 0.000 0.000 0.000 0.000 0.000 0.000 0.000 0.000 0.000 0.000 0.000 39.303 28.405 57.446 48.461 35.457 22.435 21.399 21.351 25.278 21.276 0.000 0.000 0.000 0.000 0.000 0.000 0.000 0.000 0.000 0.000 0.000 0.000 0.000 0.000 0.000 0.000 0.000 0.000 0.000 0.000 0.000 0.000 0.000 0.000 0.000 0.000 0.000 0.000 0.000 0.000
53.273 48.249 46.243 45.235 39.224 36.208 37.193 37.207 43.254 48.281 48.305 41.330 25.355 40.381 53.405 53.426 53.444 53.454 53.458 53.457 54.453 54.447 57.442 58.437 58.433 58.431 0.000 0.000 0.000 0.000 0.000 0.000 0.000 0.000 0.000 11.203 37.250 42.290 26.313 43.318 31.306 21.280 21.244 24.206 0.000 0.000 0.000 0.000 0.000 0.000 0.000 0.000 0.000 0.000 0.000 0.000 0.000 0.000 0.000 0.000 0.000 0.000 0.000 0.000 0.000 0.000 0.000 0.000 0.000 0.000 0.000 0.000 0.000 0.000 0.000
23.320 0.000 18.293 32.288 30.275 10.241 0.000 0.000 11.330 28.342 27.358 20.377 15.397 25.418 46.437 54.454 53.467 53.474 53.474 53.468 53.459 57.452 32.443 20.437 19.433 23.430 26.429 0.000 0.000 0.000 0.000 0.000 0.000 0.000 0.000 9.056 45.103 28.153 20.184 30.196 41.191 25.172 21.141 21.098 27.032 0.000 0.000 0.000 0.000 0.000 0.000 0.000 0.000 0.000 0.000 0.000 0.000 0.000 0.000 0.000 0.000 0.000 0.000 0.000 0.000 0.000 0.000 0.000 0.000 0.000 0.000 0.000 0.000 0.000 71.401
13.368 0.000 6.351 21.349 17.349 0.000 0.000 0.000 4.396 18.401 16.411 16.425 17.441 15.458 34.474 51.487 53.497 53.501 53.497 53.485 52.467 15.459 0.000 0.000 0.000 0.000 0.000 0.000 0.000 11.641 31.680 0.000 0.000 0.000 15.734 32.863 49.956 27.034 21.077 19.093 36.091 38.076 24.051 21.015 20.967 23.910 32.885 0.000 0.000 0.000 0.000 0.000 0.000 0.000 0.000 0.000 0.000 0.000 0.000 0.000 0.000 0.000 0.000 0.000 0.000 0.000 0.000 0.000 0.000 0.000 0.000 0.000 0.000 0.000 69.478
26.418 22.430 17.412 16.411 17.423 19.465 20.482 23.481 22.458 18.455 17.462 17.472 17.486 16.500 23.514 45.526 54.535 53.538 55.532 27.507 0.000 0.000 0.000 0.000 0.000 0.000 0.000 0.000 0.000 0.000 0.843 4.344 8.425 22.508 19.607 40.708 37.824 11.951 18.997 21.009 23.006 35.993 27.972 22.944 20.912 19.880 36.860 27.848 21.847 0.000 0.000 0.000 0.000 0.000 0.000 0.000 0.000 0.000 0.000 0.000 0.000 0.000 0.000 0.000 0.000 0.000 0.000 0.000 0.000 0.000 0.000 0.000 0.000 5.731 82.622
16.458 17.461 17.458 17.461 17.471 17.490 17.502 17.505 17.502 17.503 17.509 17.519 17.531 17.545 15.558 36.570 53.579 55.585 51.586 0.000 0.000 0.000 0.000 0.000 0.000 0.000 0.000 0.000 0.000 0.000 0.000 0.000 0.000 6.492 23.478 49.540 23.681 0.000 6.951 21.942 19.932 23.918 24.900 33.880 22.858 20.839 19.830 15.838 0.000 0.000 0.000 0.000 0.000 0.000 0.000 0.000 0.000 0.000 0.000 0.000 0.000 0.000 0.000 0.000 0.000 0.000 0.000 0.000 0.000 0.000 0.000 0.000 10.927 75.840 85.748
17.497 17.499 17.500 17.504 17.512 17.523 17.533 16.538 16.542 17.547 17.555 17.565 17.577 17.591 16.605 24.618 39.629 50.638 38.643 0.000 0.000 0.000 0.000 0.000 0.000 0.000 0.000 0.000 0.000 0.000 0.000 0.000 0.000 0.000 32.274 57.294 0.000 0.000 4.914 22.879 20.862 19.848 27.833 38.818 26.802 20.789 24.782 0.000 0.000 0.000 0.000 0.000 0.000 0.000 0.000 0.000 0.000 0.000 0.000 0.000 0.000 0.000 0.000 0.000 0.000 0.000 0.000 0.000 0.000 0.000 0.000 0.000 68.015 81.952 81.875
17.537 17.538 17.541 17.545 17.552 17.560 17.568 21.575 22.582 18.590 17.599 17.611 17.624 17.638 17.654 16.669 19.684 28.697 28.707 0.000 0.000 0.000 0.000 0.000 0.000 0.000 0.000 0.000 0.000 0.000 0.000 0.000 0.000 0.000 36.053 51.068 0.000 0.000 0.000 19.798 20.790 20.780 19.769 24.756 26.744 22.734 24.729 0.000 0.000 0.000 0.000 0.000 0.000 0.000 0.000 0.000 0.000 0.000 0.000 0.000 0.000 0.000 0.000 0.000 0.000 0.000 0.000 0.000 0.000 0.000 0.000 52.273 61.166 61.082 61.002
17.577 17.578 17.581 17.585 17.591 17.599 16.606 28.614 33.623 20.632 17.643 17.656 17.670 17.686 17.704 17.722 17.742 16.762 19.782 0.849 0.000 0.000 0.000 0.000 0.000 0.000 0.000 0.000 0.000 0.000 0.000 0.000 0.000 16.689 58.817 32.859 32.817 0.000 0.000 5.726 22.722 20.715 20.706 18.696 34.686 38.677 32.671 0.000 0.000 0.000 0.000 0.000 0.000 0.000 0.000 0.000 0.000 0.000 0.000 0.000 0.000 0.000 0.000 0.000 0.000 0.000 0.000 0.000 0.000 0.000 26.466 77.380 63.292 76.216 98.090
17.617 17.619 17.622 17.626 17.631 17.638 16.646 29.655 35.664 19.675 17.687 17.701 17.717 17.735 17.755 17.777 17.801 17.829 17.864 23.915 0.000 0.000 0.000 0.000 0.000 0.000 0.000 15.008 23.010 27.024 1.054 0.000 12.448 50.563 48.667 28.736 10.776 0.000 0.000 5.660 22.658 21.652 24.645 19.637 28.627 51.617 48.608 0.000 0.000 0.000 0.000 0.000 0.000 0.000 0.000 0.000 0.000 0.000 0.000 0.000 0.000 0.000 0.000 0.000 0.000 0.000 0.000 0.000 0.000 0.000 63.551 119.491 102.417 124.317 102.900
14.658 15.659 16.662 16.666 17.672 17.679 15.687 30.696 33.706 16.718 17.731 17.746 17.764 17.783 17.805 17.830 17.858 17.891 17.931 17.983 24.051 4.086 0.000 0.000 0.000 0.000 0.000 0.000 21.999 18.026 21.086 25.188 37.334 54.450 38.553 6.644 0.000 0.000 0.000 4.598 21.596 24.593 37.587 23.580 33.570 34.558 53.537 57.494 40.476 0.000 0.000 0.000 0.000 0.000 0.000 0.000 0.000 0.000 0.000 0.000 0.000 0.000 0.000 0.000 0.000 0.000 0.000 0.000 0.000 49.803 59.698 60.616 63.539 82.507 102.084
35.699 30.700 25.703 23.707 19.713 15.720 15.728 30.737 33.748 15.761 17.775 17.791 17.810 17.831 17.854 17.881 16.912 15.947 16.988 17.036 17.087 23.123 0.166 0.000 0.000 0.000 0.000 0.000 27.962 21.998 17.059 30.145 53.250 47.353 15.452 0.000 0.000 0.000 0.000 2.538 20.539 25.537 32.533 27.526 32.517 31.506 44.491 38.471 31.458 4.450 0.000 0.000 0.000 0.000 0.000 0.000 0.000 0.000 0.000 0.000 0.000 0.000 0.000 0.000 0.000 0.000 0.000 0.000 26.995 54.908 123.819 87.744 119.620 103.285 101.326
55.740 54.741 50.744 45.748 41.754 36.761 31.769 27.779 22.790 16.803 17.818 17.835 17.855 17.877 16.902 18.930 24.962 29.999 29.040 27.087 21.139 16.196 20.279 26.331 0.000 0.000 0.000 9.824 32.891 23.947 20.009 43.083 55.171 11.261 0.000 0.000 0.000 0.000 0.000 6.480 19.483 24.485 40.481 30.475 23.469 16.461 22.451 40.442 37.437 43.443 0.000 0.000 0.000 0.000 0.000 0.000 0.000 0.000 0.000 0.000 0.000 0.000 0.000 0.000 0.000 0.000 0.000 0.000 62.082 53.016 62.941 85.827 61.992 101.439 92.771
