results2_8e4_norain/res_4e8_norain-0009.wd
ncols         241
nrows         181
xllcorner     12693529.787448
yllcorner     3542525.717860
cellsize      155.156523
NODATA_value  -9999.000000
[rows 34 to 67 of 181, columns 76 to 151 of 241]
0.000 0.000 0.000 0.000 0.000 0.000 0.000 0.000 0.000 0.000 0.000 0.000 0.000 0.000 0.000 0.000 0.000 0.000 0.000 0.000 0.000 0.000 0.000 0.000 0.000 0.000 0.000 0.000 0.000 0.000 0.000 0.000 0.000 0.000 0.000 0.000 0.000 0.000 0.000 0.000 0.000 0.000 0.000 0.000 0.000 0.000 0.000 18.292 17.446 7.534 3.633 3.761 3.931 4.138 3.364 25.424 23.204 0.000 11.660 24.536 38.278 43.091 42.912 42.752 42.504 43.790 40.007 39.413 39.982 42.511 41.993 42.009 41.946 42.906 20.863 38.814
0.000 0.000 0.000 0.000 0.000 0.000 0.000 0.000 0.000 0.000 0.000 0.000 0.000 0.000 0.000 0.000 25.617 0.000 0.000 0.000 0.000 0.000 0.000 0.000 0.000 0.000 0.000 0.000 0.000 0.000 0.000 0.000 0.000 0.000 0.000 0.000 0.000 0.000 0.000 0.000 0.000 0.000 0.000 0.000 0.000 0.000 0.000 0.000 14.559 14.629 5.730 3.866 4.078 2.619 18.877 28.037 0.000 0.000 21.784 36.672 43.487 43.294 43.117 42.853 45.123 41.318 39.513 40.297 42.844 42.314 42.310 42.221 42.153 42.087 42.023 42.958
0.000 0.000 0.000 0.000 0.000 0.000 0.000 0.000 0.000 0.000 0.000 0.000 0.000 0.000 0.000 0.615 51.619 7.620 0.000 0.000 0.000 0.000 0.000 0.000 0.000 0.000 0.000 0.000 0.000 0.000 0.000 0.000 0.000 0.000 0.000 0.000 0.000 0.000 0.000 0.000 0.000 0.000 0.000 0.000 0.000 0.000 0.000 0.000 3.604 16.693 7.792 3.897 1.595 13.044 23.394 12.812 0.000 21.149 39.021 43.883 43.700 43.513 43.229 43.477 42.649 39.718 40.631 43.189 42.654 42.639 42.532 42.443 42.354 42.268 43.184 38.101
0.000 0.000 0.000 0.000 0.000 0.000 0.000 0.000 0.000 0.000 0.000 0.000 0.000 0.000 0.000 39.624 47.623 12.624 0.000 0.000 0.000 0.000 0.000 0.000 0.000 0.000 0.000 0.000 0.000 0.000 0.000 0.000 0.000 0.000 0.000 0.000 0.000 0.000 0.000 0.000 0.000 0.000 6.453 21.512 24.612 22.756 8.952 3.163 2.561 16.748 7.849 0.409 14.796 29.134 17.844 7.005 22.974 28.279 41.269 44.133 43.950 43.649 43.867 42.013 40.033 40.995 43.559 43.021 42.999 42.878 42.770 42.660 42.553 42.448 39.345 25.250
0.000 0.000 0.000 0.000 0.000 0.000 0.000 0.000 0.000 0.000 0.000 0.000 0.000 0.000 31.628 42.628 49.629 8.630 0.000 0.000 0.000 0.000 0.000 0.000 0.000 0.000 0.000 0.000 0.000 0.000 0.000 0.000 0.000 0.000 1.156 3.165 0.000 0.000 0.000 10.665 0.000 4.322 27.396 30.473 31.572 28.704 15.940 3.167 0.600 17.863 8.997 13.255 31.571 25.852 0.000 6.391 25.640 38.724 44.639 44.463 44.140 44.317 42.429 40.477 41.401 43.964 43.423 43.394 43.261 43.136 43.004 42.875 42.751 42.628 32.501 14.421
0.000 0.000 0.000 0.000 0.000 0.000 0.000 0.000 0.000 0.000 0.000 23.617 19.619 7.624 20.630 40.634 51.637 4.640 0.000 0.000 0.000 0.000 0.000 0.000 0.000 0.000 0.000 0.000 0.000 0.000 0.000 0.000 0.000 5.161 6.167 18.179 1.202 0.000 4.573 5.673 2.038 9.250 16.338 14.415 7.499 26.552 0.000 9.379 12.592 2.873 15.021 28.191 25.380 0.000 0.000 18.529 35.469 44.342 45.119 44.766 44.875 41.937 41.100 41.868 44.417 43.871 43.834 43.691 43.549 43.395 43.237 43.088 43.950 36.812 24.609 14.515
0.000 0.000 0.000 0.000 0.000 0.000 0.000 0.000 0.000 0.000 0.000 42.617 37.619 27.626 17.637 41.643 49.648 44.655 29.665 0.000 0.000 0.000 0.000 0.000 0.000 0.000 0.000 0.000 0.000 0.000 0.000 0.000 0.000 5.165 4.178 25.201 31.252 20.341 12.481 4.654 2.056 3.215 4.294 3.352 1.416 9.454 0.000 0.000 0.000 7.949 31.026 29.108 0.000 0.000 19.402 32.726 42.376 46.026 45.709 46.599 42.612 42.014 42.427 44.939 44.379 44.327 44.171 44.017 43.846 43.660 43.463 43.288 43.151 29.062 0.000 0.000
0.000 0.000 0.000 0.000 0.000 0.000 0.000 0.000 0.000 0.000 0.000 0.000 14.617 0.000 25.650 44.654 49.661 47.668 45.677 34.686 0.000 0.000 0.000 0.000 0.000 0.000 0.000 0.000 0.000 0.000 0.000 0.000 0.000 0.000 9.187 28.206 35.244 27.301 11.364 0.777 2.125 2.208 2.271 2.319 2.353 6.383 0.000 0.000 0.000 0.000 15.025 0.000 0.000 24.575 29.075 40.618 47.184 47.073 45.348 43.651 43.448 43.140 45.565 44.969 44.886 44.708 44.538 44.357 44.160 43.935 43.668 44.453 36.302 19.225 0.000 0.000
0.000 0.000 0.000 0.000 0.000 0.000 0.000 0.000 0.000 0.000 0.000 0.000 0.000 46.659 46.661 48.666 48.674 47.683 41.691 35.697 6.694 0.000 0.000 0.000 0.000 0.000 0.000 0.000 0.000 0.000 0.000 0.000 0.000 0.000 4.188 26.201 35.228 26.263 9.292 0.026 5.167 4.213 2.267 2.303 2.328 3.344 0.000 0.000 0.000 0.000 0.000 0.000 27.426 30.072 37.732 48.347 48.444 46.869 48.908 45.844 44.109 46.348 45.674 45.531 45.311 45.112 44.913 44.714 44.504 43.252 51.824 49.553 22.382 12.312 0.000 0.000
0.000 0.000 0.000 0.000 3.038 0.000 0.000 21.102 10.107 14.111 0.000 0.000 0.000 0.000 54.672 48.678 45.690 42.701 45.711 36.718 0.000 0.000 0.000 0.000 0.000 0.000 0.000 0.000 0.000 0.000 0.000 0.000 0.000 0.000 8.184 26.193 31.211 21.240 12.257 10.247 0.000 0.000 8.282 2.300 2.314 3.324 9.316 17.310 0.000 0.000 0.000 0.447 32.781 36.571 47.290 49.471 49.184 53.223 51.740 45.569 47.356 46.532 46.283 45.993 45.745 45.511 45.290 45.081 44.891 50.746 0.000 0.000 1.355 19.328 0.000 0.000
0.000 0.000 0.000 0.000 23.041 0.000 15.089 17.100 29.110 12.118 0.000 0.000 0.000 0.000 39.678 51.687 48.708 48.722 49.736 43.748 0.000 0.000 0.000 0.000 0.000 0.000 0.000 0.000 0.000 0.000 0.000 0.000 0.000 0.000 14.180 11.186 23.194 0.000 0.000 0.000 0.000 0.000 0.000 12.303 6.307 0.000 0.000 33.305 16.303 0.000 0.000 4.661 38.305 47.132 50.219 50.016 54.695 54.126 47.015 48.489 47.519 47.140 46.760 46.445 46.161 45.899 45.656 45.431 45.234 50.095 0.000 0.000 0.000 0.000 0.000 0.000
0.000 0.000 0.000 0.000 34.045 10.060 12.081 18.100 42.118 43.135 38.154 0.000 0.000 0.000 0.000 0.000 53.733 48.746 49.766 46.791 5.826 0.000 0.000 0.000 0.000 0.000 0.000 0.000 0.000 0.000 0.000 0.000 0.000 0.000 0.000 0.000 0.000 0.000 0.000 0.000 0.000 0.000 0.000 0.000 0.000 0.000 0.000 0.000 0.000 0.000 0.000 30.960 48.013 49.720 50.675 55.211 55.040 47.936 49.470 48.498 48.041 47.584 47.203 46.863 46.555 46.271 46.004 45.754 45.521 48.307 32.306 0.000 0.000 0.000 0.000 0.000
11.854 0.000 0.000 0.000 26.038 28.056 28.079 40.103 37.128 49.152 48.176 9.198 0.000 0.000 0.000 0.000 55.749 48.766 49.794 46.828 6.862 0.000 0.000 0.000 16.319 28.337 0.000 0.000 0.000 0.000 0.000 0.000 0.000 0.000 0.000 0.000 0.000 0.000 0.000 0.000 0.000 0.000 0.000 0.000 0.000 0.000 0.000 0.000 0.000 0.000 31.872 48.862 49.510 55.697 55.314 48.947 49.573 50.126 49.340 48.887 48.406 47.982 47.599 47.250 46.928 46.625 46.337 46.060 52.790 0.000 0.000 0.000 0.000 0.000 0.000 0.000
18.865 10.880 0.000 15.990 11.016 19.049 32.077 36.107 47.143 48.172 47.203 16.222 0.000 0.000 0.000 0.000 54.750 48.776 49.816 44.868 24.935 9.043 10.137 10.223 18.302 39.358 6.408 0.000 0.000 0.000 0.000 0.000 0.000 0.000 0.000 0.000 0.000 0.000 0.000 0.000 0.000 0.000 0.000 0.000 0.000 0.000 0.000 0.000 19.748 29.550 48.577 50.237 57.073 56.519 49.352 51.129 50.525 50.038 49.622 49.167 48.739 48.336 47.962 47.612 47.282 46.966 46.660 53.359 0.000 0.000 0.000 0.000 0.000 0.000 0.000 0.000
14.877 18.898 18.932 9.968 2.987 0.000 0.000 0.000 37.167 48.193 46.243 31.268 0.000 0.000 0.000 23.681 44.727 49.775 48.830 49.895 39.970 16.059 13.148 12.232 21.312 39.386 22.461 8.557 9.631 13.682 24.710 0.000 0.000 0.000 0.000 0.000 0.000 0.000 0.000 0.000 0.000 0.000 0.000 0.000 0.000 0.000 0.000 0.361 39.939 48.057 50.800 57.737 57.464 49.941 51.665 50.953 50.641 50.254 49.847 49.441 49.044 48.664 48.302 47.956 47.623 47.299 52.979 0.000 0.000 0.000 0.000 0.000 0.000 0.000 0.000 0.000
18.887 12.905 13.933 15.964 15.981 4.986 0.000 0.000 0.000 0.000 53.309 43.341 21.416 13.484 20.555 19.638 21.704 29.769 30.837 17.912 14.993 13.078 13.164 12.248 21.331 36.413 15.496 12.581 17.655 33.709 36.739 21.737 0.000 0.000 0.000 0.000 0.000 0.000 0.000 0.000 0.000 0.000 0.000 0.000 0.000 0.000 0.000 32.692 48.383 51.298 58.002 57.914 50.480 52.196 51.486 51.195 50.827 50.459 50.083 49.706 49.334 48.974 48.626 48.289 47.956 53.628 0.000 0.000 0.000 0.000 0.000 0.000 0.000 0.000 0.000 0.000
33.892 0.000 0.000 20.977 16.987 27.994 18.992 0.000 0.000 0.000 41.346 38.375 23.425 14.483 11.545 11.614 14.684 27.761 35.841 38.925 32.015 22.100 15.183 14.268 30.354 33.442 8.531 12.619 12.700 13.764 17.802 0.000 0.000 0.000 0.000 0.000 0.000 0.000 0.000 0.000 0.000 0.000 0.000 0.000 0.000 25.393 33.506 47.082 58.344 58.059 51.283 51.961 52.621 52.016 51.727 51.373 51.028 50.675 50.320 49.966 49.615 49.272 48.939 49.618 56.285 0.152 0.000 0.000 0.000 0.000 0.000 0.000 0.000 0.000 0.000 0.000
47.909 34.937 17.962 17.983 18.000 9.014 0.000 0.000 0.000 34.340 31.357 34.388 27.431 28.479 28.532 28.591 31.658 26.753 26.843 28.936 33.043 34.125 32.204 28.288 39.377 37.471 25.568 26.667 26.763 28.848 3.905 0.000 0.000 0.000 0.000 0.000 0.000 0.000 0.000 0.000 0.000 0.000 0.000 28.020 28.840 49.938 50.655 59.438 58.988 53.651 53.449 52.918 52.536 52.238 51.900 51.568 51.232 50.895 50.558 50.222 49.890 49.561 50.243 53.961 0.000 0.000 0.000 0.000 0.000 0.000 0.000 0.000 0.000 0.000 0.000 0.000
47.918 44.943 22.968 16.994 18.020 19.049 11.086 0.000 26.292 23.325 24.357 25.392 20.432 24.474 29.516 37.560 22.608 0.000 0.000 0.000 32.097 28.154 28.224 28.306 28.398 28.499 28.606 28.720 28.839 26.961 22.067 0.000 0.000 0.000 18.814 26.156 38.578 8.916 0.000 0.000 0.000 0.000 29.287 40.198 52.290 53.053 59.993 59.763 54.180 53.937 53.283 53.036 52.727 52.408 52.088 51.765 51.440 51.117 50.796 50.477 50.161 50.842 53.510 1.299 0.000 0.000 0.000 0.000 0.000 0.000 0.000 0.000 0.000 0.000 0.000 0.000
47.926 47.950 37.976 14.006 17.040 18.078 18.126 24.195 33.263 17.312 14.355 12.395 19.433 34.470 33.502 18.528 0.000 0.000 0.000 0.000 0.000 17.173 12.232 12.315 12.413 12.522 13.640 16.770 17.916 18.093 17.337 18.777 18.238 18.781 28.475 36.077 34.663 42.256 40.897 36.300 34.523 37.528 49.677 53.497 53.459 60.223 60.145 54.680 54.425 53.764 53.520 53.207 52.901 52.591 52.278 51.964 51.649 51.337 51.031 50.731 51.434 52.138 0.000 0.000 0.000 0.000 0.000 0.000 0.000 0.000 0.000 0.000 0.000 0.000 0.000 0.000
42.933 46.955 27.983 11.018 10.058 18.100 18.146 17.199 11.254 12.308 18.359 35.401 34.439 17.472 10.495 0.503 0.000 20.871 29.909 25.967 27.042 30.136 33.219 32.312 33.419 36.537 35.665 32.804 34.964 30.159 16.413 20.758 20.158 25.632 44.229 52.015 49.743 44.551 40.132 42.500 49.628 55.034 53.907 60.539 60.280 54.439 56.137 54.824 54.256 54.003 53.689 53.386 53.081 52.776 52.471 52.164 51.856 51.551 52.263 49.984 45.708 0.000 0.000 0.000 0.000 0.000 0.000 0.000 0.000 0.000 0.000 0.000 0.000 0.000 0.000 0.000
26.938 37.958 12.986 5.026 12.078 10.119 17.161 18.204 18.248 11.309 28.373 20.415 9.452 12.486 4.513 0.000 29.785 32.837 32.890 34.952 36.026 39.111 43.198 42.297 42.417 42.545 44.680 45.821 43.980 32.169 18.401 20.684 21.007 21.362 24.794 0.000 0.000 65.073 107.606 85.802 52.278 54.261 61.548 61.122 54.790 57.610 55.108 54.754 54.483 54.174 53.871 53.566 53.262 52.962 52.665 52.367 52.061 53.751 48.485 37.234 0.000 0.000 0.000 0.000 0.000 0.000 0.000 0.000 0.000 0.000 0.000 0.000 0.000 0.000 0.000 0.000
0.000 18.955 0.968 0.000 7.109 12.142 12.176 18.211 7.229 0.000 12.412 10.436 12.470 13.510 23.561 37.645 34.736 36.802 42.864 52.929 97.001 94.085 94.169 94.264 94.409 95.548 79.693 11.821 14.966 13.138 21.340 20.573 17.826 16.016 0.000 0.000 0.000 0.000 33.291 50.649 55.612 62.131 61.877 54.302 56.089 55.467 55.245 54.959 54.659 54.358 54.052 53.745 53.441 53.147 52.863 53.580 52.273 43.906 32.695 0.000 0.000 0.000 0.000 0.000 0.000 0.000 0.000 0.000 0.000 0.000 0.000 0.000 0.000 0.000 0.000 0.000
33.948 11.951 0.000 0.000 0.000 6.166 19.193 11.239 0.000 0.000 20.429 11.451 22.484 35.525 35.577 40.642 43.712 36.776 22.837 13.899 9.967 8.060 11.131 12.182 0.000 0.000 16.723 13.806 12.929 17.079 21.251 18.444 10.710 17.862 0.000 0.000 0.000 29.426 46.265 56.094 62.455 62.325 54.802 56.574 55.947 55.730 55.439 55.148 54.849 54.545 54.236 53.923 53.612 53.322 54.060 49.818 38.545 0.000 0.000 0.000 0.000 0.000 0.000 0.000 0.000 0.000 0.000 0.000 0.000 0.000 0.000 0.000 0.000 0.000 0.000 0.000
0.000 0.000 0.000 0.000 0.000 0.000 0.000 15.314 13.359 21.394 18.427 18.457 18.492 35.533 49.581 38.637 18.696 16.755 11.812 13.867 4.911 0.000 17.114 14.154 3.187 0.000 17.673 12.753 13.867 21.000 19.141 17.246 0.000 0.000 0.000 26.351 24.191 40.894 56.779 62.596 55.610 56.243 56.978 56.446 56.222 55.931 55.644 55.349 55.046 54.737 54.424 54.100 54.763 54.470 44.238 29.089 0.000 0.000 0.000 0.000 0.000 0.000 0.000 0.000 0.000 0.000 0.000 0.000 0.000 0.000 0.000 0.000 0.000 0.000 0.000 0.000
0.000 0.000 28.314 21.316 15.318 0.000 0.000 33.347 30.370 17.399 18.429 18.460 19.495 40.535 92.580 85.630 32.683 87.737 8.792 12.846 12.902 14.969 13.060 13.135 13.221 15.364 11.545 11.670 20.787 19.915 17.069 12.154 1.150 0.000 0.000 28.512 35.367 57.366 56.258 62.975 56.688 57.337 56.946 56.718 56.435 56.151 55.858 55.557 55.249 54.936 54.625 56.291 51.870 33.558 20.336 22.212 0.000 0.000 0.000 0.000 0.000 0.000 0.000 0.000 0.000 0.000 0.000 0.000 0.000 0.000 0.000 0.000 0.000 0.000 0.000 0.000
0.000 0.000 11.314 20.317 17.324 35.335 29.347 34.359 42.380 33.404 18.432 18.463 18.497 17.535 11.577 6.623 11.672 8.722 12.773 12.827 12.883 12.948 13.025 13.106 13.203 12.328 17.475 19.597 20.698 4.805 0.000 5.152 0.000 0.000 0.000 32.790 54.731 58.766 64.284 63.704 56.818 57.518 57.209 56.948 56.670 56.380 56.080 55.774 55.459 55.135 53.850 15.570 0.000 0.000 0.000 0.000 0.000 0.000 0.000 0.000 0.000 0.000 0.000 0.000 0.000 0.000 0.000 0.000 0.000 0.000 0.000 0.000 0.000 0.000 0.000 0.000
0.000 16.310 12.313 11.318 29.326 22.337 38.350 47.365 27.386 13.409 11.435 14.464 17.496 18.532 18.572 11.616 10.661 11.708 11.756 12.805 12.859 12.919 17.987 15.064 12.157 13.274 16.431 20.547 9.604 0.000 0.000 0.000 0.000 0.000 108.440 52.168 59.207 57.214 64.766 56.647 59.191 60.707 57.473 57.200 56.916 56.619 56.309 57.002 53.679 41.295 32.072 0.000 0.000 0.000 0.000 0.000 0.000 0.000 0.000 0.000 0.000 0.000 0.000 0.000 0.000 0.000 0.000 0.000 0.000 0.000 0.000 0.000 0.000 0.000 0.000 0.000
16.306 12.309 11.313 22.319 26.328 37.338 44.351 10.369 9.393 10.414 12.438 11.464 8.494 16.528 17.566 18.608 17.652 11.695 10.738 9.783 10.830 16.883 75.941 44.009 24.090 7.181 0.000 22.558 30.571 0.000 0.000 0.000 0.000 32.876 43.689 60.556 58.608 65.571 65.190 57.769 58.314 59.005 57.743 57.468 57.178 56.871 57.537 56.246 8.962 0.000 0.000 0.000 0.000 0.000 0.000 0.000 0.000 0.000 0.000 0.000 0.000 0.000 0.000 0.000 0.000 0.000 0.000 0.000 0.000 0.000 0.000 0.000 0.000 0.000 0.000 0.000
9.306 12.308 14.313 35.320 46.329 60.340 42.350 0.000 28.404 28.419 12.439 12.463 11.490 9.522 12.558 18.602 16.645 17.685 19.722 17.760 15.799 11.842 6.889 11.943 7.015 0.000 0.000 0.000 16.552 8.546 0.000 0.000 0.000 43.064 59.921 59.993 58.027 65.909 57.511 60.012 61.532 58.293 58.027 57.750 57.458 57.151 54.724 9.484 0.000 0.000 0.000 0.000 0.000 0.000 0.000 0.000 0.000 0.000 0.000 0.000 0.000 0.000 0.000 0.000 0.000 0.000 0.000 0.000 0.000 0.000 0.000 0.000 0.000 0.000 0.000 0.000
7.305 13.308 29.313 40.320 88.332 82.346 84.361 90.384 86.403 87.421 12.440 12.461 11.485 11.512 10.547 5.597 15.645 17.679 18.708 16.737 18.767 18.801 19.834 12.859 0.000 0.000 0.000 0.000 17.541 2.542 0.000 0.000 34.568 56.363 60.294 59.287 66.518 66.223 58.584 59.131 59.831 58.582 58.324 58.049 58.755 33.554 0.000 0.000 0.000 0.000 0.000 0.000 0.000 0.000 0.000 0.000 0.000 0.000 0.000 0.000 0.000 0.000 0.000 0.000 0.000 0.000 0.000 0.000 0.000 0.000 0.000 0.000 0.000 0.000 0.000 0.000
8.305 25.307 33.312 39.320 10.334 9.352 8.369 5.388 6.407 6.424 12.441 12.458 28.478 28.498 4.521 0.000 2.661 15.679 17.697 15.714 17.735 17.761 18.788 14.804 0.000 0.000 0.000 14.745 0.346 0.000 0.000 35.913 44.768 61.620 60.519 59.707 66.790 58.279 60.797 63.336 59.118 58.879 58.638 57.370 44.960 3.756 0.000 0.000 0.000 0.000 0.000 0.000 0.000 0.000 0.000 0.000 0.000 0.000 0.000 0.000 0.000 0.000 0.000 0.000 0.000 0.000 0.000 0.000 0.000 0.000 0.000 0.000 0.000 0.000 0.000 0.000
16.304 33.307 32.311 32.315 0.000 4.362 4.375 17.396 13.414 12.429 12.443 11.457 87.472 75.484 0.000 0.000 0.000 9.683 4.689 9.690 12.701 12.721 14.758 15.765 20.749 21.741 22.737 13.739 0.000 0.000 25.057 75.058 56.976 60.838 60.926 58.991 67.040 59.411 59.884 60.624 59.399 59.181 59.982 29.832 0.000 0.000 0.000 0.000 0.000 0.000 0.000 0.000 0.000 0.000 0.000 0.000 0.000 0.000 0.000 0.000 0.000 0.000 0.000 0.000 0.000 0.000 0.000 0.000 0.000 0.000 0.000 0.000 0.000 0.000 0.000 0.000
4.304 28.307 27.312 21.316 0.000 0.000 0.000 10.410 23.427 12.438 11.448 12.455 0.000 0.000 0.000 0.000 0.000 0.000 0.000 20.656 18.661 16.668 0.000 2.754 9.744 10.738 15.735 6.736 0.000 0.000 0.000 35.291 53.210 60.156 60.262 67.477 67.268 59.495 60.177 59.886 59.676 59.465 54.279 12.146 0.000 0.000 9.314 0.000 0.000 0.000 0.000 0.000 0.000 0.000 0.000 0.000 0.000 0.000 0.000 0.000 0.000 0.000 0.000 0.000 0.000 0.000 0.000 0.000 0.000 0.000 0.000 0.000 0.000 0.000 0.000 0.000
