results2_8e4_norain/res_4e8_norain.totaltm
ncols         241
nrows         181
xllcorner     12693529.787448
yllcorner     3542525.717860
cellsize      155.156523
NODATA_value  -9999.000000
[rows 66 to 98 of 181, columns 75 to 149 of 241]
0.000 63.530 65.053 65.076 65.044 0.000 56.345 56.405 63.394 63.425 63.226 63.166 63.076 63.053 62.926 0.000 0.000 0.000 60.434 56.478 60.428 61.602 61.533 62.499 62.467 62.436 62.399 62.363 61.349 0.000 0.000 69.258 74.005 74.036 75.544 75.650 75.744 77.778 75.692 75.570 75.480 75.189 75.134 75.095 69.866 0.000 0.000 0.000 0.000 0.000 0.000 0.000 6.338 5.444 5.335 5.214 5.077 4.818 4.098 4.725 4.769 0.559 5.383 7.437 0.000 0.354 4.262 4.929 4.495 1.386 0.000 0.000 0.000 7.423 9.050
0.000 56.589 65.071 65.094 65.062 0.000 0.000 0.000 62.699 64.945 63.281 63.084 63.294 44.870 0.000 0.000 0.000 0.000 0.000 0.000 61.470 61.540 61.466 52.461 55.069 60.357 60.519 61.955 57.903 0.000 0.000 0.000 70.720 73.229 75.157 75.742 77.778 77.778 75.717 75.594 75.455 75.305 75.190 73.624 65.415 0.000 0.000 59.198 0.000 0.000 0.000 6.843 6.868 5.449 5.340 5.213 5.029 4.573 2.989 2.337 4.809 6.135 6.083 4.127 0.000 0.000 1.715 3.454 3.038 0.944 0.171 0.000 0.000 8.842 8.927
64.614 64.078 65.155 65.109 65.151 64.970 0.000 0.000 0.000 65.075 65.104 64.094 64.666 0.000 0.000 0.000 0.000 0.000 0.000 0.000 61.241 60.966 57.699 0.000 0.000 59.230 61.905 61.934 0.000 0.000 0.000 71.160 70.758 71.019 71.558 74.289 77.778 75.768 75.664 75.542 75.405 75.289 74.583 71.158 67.750 67.710 67.364 59.275 0.000 0.000 0.000 0.000 9.154 2.028 5.211 5.158 6.858 4.114 2.476 1.361 3.607 6.179 6.142 5.727 5.756 0.000 1.819 1.829 1.639 1.357 0.000 0.000 1.101 8.690 8.790
64.678 65.312 65.232 64.911 65.487 65.084 0.000 0.000 0.000 64.656 65.802 65.820 65.791 65.767 0.000 0.000 0.000 0.000 0.000 0.000 61.094 59.963 59.894 0.000 0.000 0.000 61.882 61.920 50.474 0.000 71.950 71.188 71.133 71.064 70.693 77.778 77.778 75.789 75.724 75.403 75.313 75.259 73.033 60.234 0.000 67.665 60.416 0.000 0.000 0.000 9.324 9.381 9.237 2.123 5.123 7.969 9.300 8.772 6.593 3.025 6.288 6.249 0.000 5.756 8.549 8.609 7.766 8.046 0.000 0.982 0.000 0.000 6.060 8.580 8.719
65.422 65.372 65.305 65.073 65.511 65.487 65.378 65.445 65.518 65.542 65.567 65.835 64.202 63.783 0.000 0.000 0.000 0.000 60.296 60.351 60.387 60.334 60.262 60.199 59.803 0.000 0.000 0.000 0.000 0.000 72.718 71.806 70.974 71.110 71.177 77.778 71.061 72.045 72.986 75.024 75.259 74.618 67.274 0.000 0.000 0.000 0.000 0.000 0.000 9.678 9.430 9.488 9.377 9.329 9.438 9.509 9.419 9.327 8.161 6.591 7.488 3.975 0.820 3.276 2.447 8.661 8.662 8.066 0.000 0.000 0.000 0.000 0.000 0.000 0.000
65.481 65.428 65.649 65.581 65.536 51.104 65.242 65.162 65.162 64.648 62.959 65.886 65.941 64.627 0.000 0.000 0.000 59.764 59.788 59.294 58.492 60.263 60.155 60.013 59.786 0.000 18.946 24.198 33.175 74.376 74.409 72.943 72.822 71.469 77.778 77.778 71.206 72.185 71.106 71.096 74.612 70.478 0.000 0.000 0.000 0.000 0.000 0.000 0.000 9.811 9.789 9.683 9.561 9.506 9.543 9.664 9.580 9.438 9.055 9.142 7.526 0.000 5.096 4.186 3.235 8.720 8.692 0.000 0.000 0.000 0.000 0.000 0.000 0.000 0.000
65.542 65.740 65.721 65.668 46.029 0.000 11.456 62.352 65.206 65.138 65.050 62.979 66.062 65.124 0.000 0.000 0.000 52.221 59.404 58.616 58.669 60.141 60.032 59.892 59.707 59.631 0.000 0.000 51.528 73.639 75.410 0.000 75.819 74.379 77.778 71.420 72.811 72.444 70.939 70.123 69.166 63.805 0.000 0.000 0.000 0.000 0.000 0.000 0.000 9.889 9.996 9.841 9.700 9.589 9.612 9.726 9.658 9.528 9.356 9.259 0.000 6.723 6.004 1.128 6.520 9.701 6.473 0.000 0.000 0.000 0.000 0.000 0.000 0.000 8.071
65.804 65.810 65.802 65.779 0.000 0.000 0.000 60.721 65.267 65.227 65.042 64.710 66.081 65.891 0.000 0.000 0.000 0.000 57.635 58.569 59.817 59.994 59.891 59.751 59.666 53.171 0.000 0.000 73.299 73.668 75.703 75.839 75.878 75.967 77.778 73.900 74.103 72.228 71.189 69.647 0.000 0.000 0.000 0.000 0.000 0.000 0.000 0.000 0.000 0.000 13.827 9.999 9.821 9.707 9.709 9.798 9.654 9.590 9.514 8.214 7.722 7.310 6.635 6.323 9.769 9.729 0.000 0.017 0.099 0.000 0.000 0.494 0.000 0.141 0.000
65.866 65.885 65.892 65.822 65.785 65.738 65.683 65.462 65.434 44.948 63.005 64.429 66.099 66.023 0.000 0.000 0.000 0.000 57.317 59.381 59.629 59.813 59.728 59.581 53.168 0.000 0.000 0.000 73.963 75.019 75.792 75.873 75.967 77.778 75.966 75.895 74.751 72.734 71.405 71.247 71.190 0.000 0.000 0.000 0.000 0.000 0.000 0.000 0.000 0.000 15.412 7.492 9.836 9.829 9.825 10.074 9.800 9.643 9.290 8.454 8.131 7.748 1.558 6.596 10.003 0.000 0.665 0.392 0.252 0.000 0.000 0.839 0.711 0.676 0.000
65.921 65.957 65.984 65.903 65.817 65.726 65.630 65.508 65.471 0.000 56.080 64.191 66.173 66.055 0.000 0.000 0.000 0.000 58.513 59.387 59.544 59.701 59.522 59.492 0.000 0.000 0.000 72.998 73.716 75.802 75.871 75.952 76.039 77.778 75.985 76.276 75.750 75.711 73.673 72.268 70.448 69.074 69.022 0.000 0.000 0.000 0.000 13.680 15.489 15.659 15.509 17.897 9.976 11.444 11.407 11.368 5.448 9.353 8.998 8.721 8.428 1.792 6.346 10.415 10.027 6.876 0.836 0.656 0.476 0.352 0.310 0.880 0.810 0.723 0.000
65.972 66.016 66.055 65.983 65.881 65.814 65.619 65.532 65.506 0.000 56.224 64.185 66.282 66.081 0.000 0.000 0.000 0.000 22.059 46.352 45.019 45.019 59.381 52.206 0.000 0.000 0.000 73.216 74.662 75.876 75.954 76.046 77.778 77.778 76.405 76.331 75.775 75.704 75.646 74.126 68.084 0.000 0.000 0.000 0.000 0.000 0.000 0.000 8.697 15.837 14.239 17.977 17.932 13.852 11.443 11.392 5.671 9.355 9.161 8.913 8.614 8.216 10.452 10.436 8.364 8.312 0.000 0.000 0.200 0.237 1.238 0.945 0.881 0.802 0.000
66.019 66.064 66.095 66.072 66.041 38.942 64.089 65.499 65.455 0.000 59.953 64.269 66.309 66.106 0.000 0.000 0.000 0.000 0.000 0.000 0.000 0.000 47.690 0.000 0.000 0.000 48.419 73.075 75.880 75.952 76.036 76.123 77.778 76.067 76.364 75.853 75.762 75.684 75.609 73.819 66.264 0.000 0.000 0.000 0.000 0.000 0.000 0.000 0.000 16.029 18.288 18.085 17.961 17.886 13.847 9.817 9.693 9.539 9.355 9.104 0.000 10.566 11.165 6.403 5.944 7.665 4.626 0.538 0.349 0.288 1.584 0.966 0.906 0.854 0.802
66.059 66.095 66.182 40.453 43.349 0.000 0.000 62.319 65.271 65.844 65.891 66.361 66.337 66.311 0.000 0.000 0.000 0.000 0.000 0.000 0.000 0.000 0.000 0.000 0.000 0.000 74.241 74.580 75.949 76.033 76.128 77.778 77.778 76.096 75.971 75.853 75.757 75.675 75.445 72.536 0.000 0.000 0.000 0.000 0.000 0.000 0.000 0.000 0.000 21.880 21.108 15.993 15.656 15.294 15.285 13.266 5.434 9.355 9.158 2.975 10.894 11.383 11.190 5.576 2.756 2.548 2.478 2.343 2.249 2.180 2.024 1.877 0.362 0.000 0.000
66.063 66.098 66.322 0.000 0.000 6.256 0.000 57.924 65.621 65.689 66.139 66.860 50.429 42.381 0.000 0.000 0.000 0.000 0.000 0.000 0.000 0.000 0.000 0.000 0.000 72.713 73.248 75.375 76.017 76.107 76.194 77.778 76.148 76.046 75.945 75.848 75.760 75.678 74.159 71.199 0.000 0.000 0.000 0.000 0.000 0.000 0.000 0.000 0.000 22.746 21.687 16.132 4.630 9.803 9.720 13.252 13.008 9.152 11.112 2.914 11.510 11.446 6.601 0.000 2.533 2.377 2.364 2.307 2.254 2.165 2.083 0.000 0.000 0.000 0.000
66.016 66.016 66.348 26.739 15.116 66.237 66.677 66.098 65.649 66.542 67.010 66.994 0.000 0.000 0.000 0.000 0.000 0.000 0.000 0.000 0.000 0.000 0.000 0.000 0.000 72.965 73.851 75.722 76.089 76.193 77.778 77.778 76.171 76.058 75.952 75.859 75.771 75.689 72.917 70.289 0.000 0.000 0.000 0.000 0.000 0.000 0.000 0.000 0.000 22.831 22.924 23.081 21.128 0.000 9.310 9.199 12.993 12.966 12.786 12.553 11.547 8.980 0.000 0.000 2.311 2.286 2.302 2.269 2.166 2.076 1.224 0.000 0.000 0.000 0.000
67.596 67.528 67.065 67.209 67.227 66.792 66.887 67.240 67.235 67.201 67.161 35.601 0.000 0.000 0.000 0.000 0.000 0.000 0.000 0.000 0.000 0.000 0.000 0.000 34.840 73.107 75.733 76.055 76.131 76.217 77.778 76.242 76.162 76.072 75.976 75.880 75.789 75.322 72.717 66.701 0.000 0.000 0.000 0.000 0.000 0.000 0.000 0.000 0.000 22.139 22.016 23.173 23.107 22.632 20.677 9.315 0.000 0.000 0.000 0.000 0.000 0.000 0.000 0.000 2.179 2.221 2.242 2.136 2.083 2.028 1.242 0.000 0.000 0.000 0.000
67.625 67.836 68.198 68.269 68.332 68.318 68.341 68.216 68.101 66.789 66.719 0.000 0.000 0.000 0.000 0.000 0.000 0.000 0.000 0.000 0.000 0.000 0.000 71.424 74.016 74.046 75.803 76.121 76.197 76.269 77.778 76.537 76.238 76.133 76.019 75.908 75.808 74.869 72.268 0.000 0.000 0.000 0.000 0.000 0.000 0.000 0.000 0.000 24.510 24.408 16.707 23.239 23.170 23.085 22.924 22.818 9.125 0.000 0.000 0.000 0.000 0.000 0.000 0.000 2.068 2.158 1.831 1.969 1.755 1.641 1.239 1.138 0.000 0.000 0.000
66.759 67.928 68.108 68.352 68.376 68.367 68.388 66.342 65.141 66.287 45.676 0.000 0.000 0.000 0.000 0.000 0.000 0.000 0.000 0.000 0.000 0.000 0.000 72.219 74.046 75.518 76.116 76.190 76.270 77.778 77.778 76.797 76.248 76.146 76.033 75.922 75.819 74.706 71.503 0.000 0.000 0.000 0.000 0.000 0.000 0.000 0.000 24.712 24.614 24.623 24.592 23.355 3.909 19.580 22.025 22.340 21.097 0.000 0.000 0.000 0.000 0.000 0.000 0.000 1.963 1.811 1.749 1.758 1.607 1.417 1.237 1.109 0.000 0.000 0.000
67.759 68.092 68.162 68.377 68.412 68.419 68.477 68.398 68.340 43.239 0.000 0.000 0.000 0.000 0.000 0.000 0.000 0.000 0.000 0.000 0.000 0.000 0.000 70.166 73.983 75.882 76.178 76.249 76.316 77.778 76.574 76.537 76.256 76.154 76.037 75.925 75.823 74.082 70.569 0.000 0.000 0.000 0.000 0.000 0.000 0.000 24.834 24.820 24.869 24.837 24.787 24.723 24.638 16.872 3.966 14.186 21.047 20.964 0.000 0.000 0.000 0.000 0.000 0.000 1.822 0.635 0.626 1.587 1.443 1.294 1.175 0.566 0.000 0.000 0.000
67.881 68.159 68.229 68.296 68.453 68.492 68.531 68.448 68.391 0.000 0.000 0.000 0.000 0.000 0.000 0.000 0.000 0.000 0.000 0.000 0.000 0.000 0.000 71.605 75.326 76.170 76.242 76.317 77.778 77.778 76.823 76.293 76.211 76.118 76.018 75.916 75.849 72.919 71.417 0.000 0.000 23.311 0.000 24.302 24.842 24.889 24.941 25.169 25.168 25.084 24.987 24.895 24.789 24.670 23.339 3.968 20.854 20.884 10.826 0.000 0.000 0.000 0.000 0.000 0.000 0.000 0.000 0.000 0.000 0.559 0.552 0.000 0.000 0.000 0.000
68.039 68.222 68.347 68.417 68.491 68.549 68.593 68.192 68.322 0.000 0.000 0.000 0.000 0.000 0.000 0.000 0.000 0.000 0.000 0.000 0.000 0.000 68.245 73.940 75.962 76.225 76.296 76.363 77.778 76.607 76.573 76.301 76.205 76.102 76.002 75.906 75.842 72.010 67.096 0.000 0.000 23.399 0.000 22.305 24.954 24.958 25.279 25.647 25.571 25.401 25.219 25.068 24.932 24.796 22.190 22.084 22.001 19.987 0.000 0.000 0.000 0.000 0.000 0.000 0.000 0.000 0.000 0.000 0.000 0.000 0.000 0.000 0.000 0.000 0.000
67.884 67.935 67.992 68.053 68.125 68.596 68.789 68.927 41.424 0.000 0.000 0.000 0.000 0.000 0.000 0.000 0.000 0.000 0.000 0.000 0.000 16.747 70.991 74.882 76.214 76.282 76.362 77.778 77.778 76.846 76.336 76.256 76.167 76.073 75.981 75.893 74.983 63.405 0.000 0.000 0.000 23.601 25.332 25.381 25.258 25.202 25.702 26.186 26.039 25.795 25.516 25.272 25.077 24.913 17.054 22.001 21.846 19.204 0.000 0.000 0.000 0.000 0.000 0.000 0.000 0.000 0.000 0.000 0.000 0.000 0.000 0.000 0.000 0.000 0.000
68.853 69.108 69.278 69.515 69.898 69.854 69.826 69.856 0.000 0.000 51.837 0.000 0.000 0.000 0.000 0.000 0.000 60.869 62.706 0.000 0.000 69.591 74.147 76.046 76.269 76.321 76.381 77.778 76.396 76.344 76.279 76.208 76.129 76.045 75.962 75.904 73.768 0.000 0.000 0.000 0.000 0.000 23.788 25.446 25.508 25.958 26.159 26.618 26.437 26.177 25.857 25.518 25.236 17.610 18.866 20.866 21.678 6.424 0.000 0.000 0.000 0.000 0.000 0.000 0.000 0.000 0.000 0.000 0.000 0.000 0.000 0.000 0.000 0.000 0.000
69.472 69.793 69.889 69.926 69.961 69.819 69.860 69.904 49.023 69.626 70.970 54.702 25.475 0.000 0.000 0.000 4.372 61.677 62.807 0.000 49.770 72.480 75.783 76.305 76.334 76.386 76.424 77.778 76.639 76.391 76.302 76.201 76.109 76.026 75.946 75.895 65.477 0.000 0.000 0.000 0.000 0.000 9.655 25.637 0.000 0.000 23.558 26.957 26.759 26.498 26.171 25.783 23.465 17.673 21.554 21.394 19.817 6.353 7.620 0.000 0.000 0.000 0.000 0.000 0.000 0.000 0.000 0.000 0.000 0.000 0.000 0.000 0.000 0.000 0.000
69.544 69.843 69.905 69.951 69.993 69.844 69.850 69.947 70.819 70.968 70.984 70.997 71.141 0.000 0.000 0.000 61.719 62.899 62.865 59.669 72.316 75.152 76.306 76.348 76.400 76.461 77.778 76.424 76.391 76.322 76.246 76.166 76.086 76.009 75.963 70.067 0.000 0.000 0.000 0.000 0.000 0.000 20.276 26.545 0.000 0.000 15.572 27.231 27.028 26.766 26.434 26.013 17.879 20.675 21.736 20.653 4.073 7.913 7.725 0.000 0.000 0.000 0.000 0.000 0.000 0.000 0.000 0.000 0.000 0.000 0.000 0.000 0.000 0.000 0.000
69.615 68.926 69.117 69.975 70.040 70.108 70.151 70.350 70.721 70.889 70.687 70.416 71.162 0.000 0.000 0.000 61.031 62.939 62.989 72.603 74.175 75.578 76.364 76.410 76.465 77.778 77.778 76.441 76.359 76.281 76.209 76.138 76.066 75.995 75.948 0.000 0.000 0.000 37.727 0.000 0.000 22.779 26.908 26.771 27.370 0.000 16.067 27.451 27.254 26.989 26.630 22.301 22.197 22.116 21.934 8.318 8.207 8.096 7.910 0.000 0.000 0.000 0.000 0.000 0.000 0.000 0.000 0.000 0.000 0.000 0.000 0.000 0.000 0.000 0.000
69.726 69.818 69.892 69.958 70.031 70.083 70.132 70.599 70.891 70.864 70.538 70.383 71.297 0.000 0.000 0.000 60.823 0.000 71.481 74.221 75.091 76.382 76.428 76.481 76.519 77.778 76.481 76.407 76.335 76.263 76.192 76.122 76.053 76.015 74.257 0.000 0.000 58.560 57.384 0.000 0.000 0.000 27.083 27.201 27.452 31.116 30.532 29.916 27.446 27.128 26.561 18.258 22.109 22.000 18.356 6.154 8.096 7.948 7.864 7.789 0.000 0.000 0.000 0.000 0.000 0.000 0.000 0.000 0.000 0.000 0.000 0.000 0.000 0.000 0.000
69.684 69.768 69.839 69.906 69.961 70.017 70.441 70.755 70.959 70.681 70.412 70.473 71.327 60.571 45.436 47.787 47.883 49.965 72.464 74.799 75.971 76.441 76.494 76.554 77.778 77.778 76.500 76.417 76.336 76.259 76.186 76.114 76.075 66.925 70.774 51.945 59.636 59.577 0.000 0.000 0.000 0.000 27.226 27.337 27.501 31.553 31.535 10.214 27.353 26.877 22.353 22.249 22.169 20.827 4.255 7.174 8.161 7.920 0.000 0.000 0.000 0.000 0.000 0.000 0.000 0.000 0.000 0.000 0.000 0.000 0.000 0.000 0.000 0.000 0.000
69.631 69.706 69.774 69.835 69.837 69.932 70.598 71.070 71.210 71.246 71.282 71.318 71.350 71.656 71.708 71.682 0.000 67.993 74.184 75.180 76.459 76.503 76.556 77.778 77.778 76.737 76.514 76.427 76.339 76.258 76.182 76.109 76.073 0.000 65.862 65.804 59.692 59.562 0.000 0.000 0.000 15.463 27.354 27.478 31.138 32.221 25.034 0.000 0.000 24.085 18.497 22.162 22.055 17.555 8.601 8.506 8.351 8.258 0.000 0.000 0.000 0.000 0.000 0.000 0.000 0.000 0.000 0.000 0.000 0.000 0.000 0.000 0.000 0.000 0.000
69.566 69.636 69.699 69.596 69.709 70.058 70.577 53.341 0.000 0.000 0.000 64.470 71.331 71.306 71.755 65.628 0.000 69.650 74.884 76.072 76.519 76.566 76.598 77.778 76.765 76.558 76.484 76.406 76.328 76.252 76.176 76.123 75.886 13.082 12.653 0.000 0.000 0.000 0.000 0.000 12.725 27.296 27.257 25.337 32.318 32.298 0.000 0.000 0.000 1.530 18.283 22.041 21.903 4.178 8.506 8.379 8.242 8.183 0.000 0.000 0.000 0.000 0.000 0.000 0.000 0.000 0.000 0.000 0.000 0.000 0.000 0.000 0.000 0.000 0.000
69.493 69.558 69.116 69.202 69.915 70.289 70.554 28.011 0.000 0.000 0.000 0.000 65.800 71.668 71.794 68.655 69.352 73.471 75.602 76.531 76.577 76.626 77.778 77.778 76.778 76.565 76.485 76.398 76.318 76.241 76.166 76.122 74.025 0.000 0.000 0.000 0.000 0.000 0.000 0.000 13.100 27.411 27.508 23.592 32.889 0.000 0.000 0.000 9.170 21.444 21.617 21.825 19.816 8.008 8.353 8.246 8.117 8.031 0.000 7.238 0.000 0.000 0.000 0.000 0.000 0.000 0.000 0.000 0.000 0.000 0.000 0.000 0.000 0.000 0.000
69.411 69.469 69.016 69.095 70.136 70.388 70.487 19.470 0.000 0.000 0.000 0.000 35.630 72.073 72.103 72.834 74.173 75.469 76.397 76.584 76.629 77.778 77.778 76.801 76.592 76.527 76.451 76.369 76.287 76.212 76.174 71.724 62.087 0.000 0.000 0.000 0.000 0.000 0.000 19.586 27.360 27.505 29.336 25.526 32.933 0.000 0.000 13.537 13.493 21.467 21.524 20.133 9.541 7.842 7.667 8.108 7.999 7.884 7.822 7.258 0.000 0.000 0.000 0.000 0.000 0.000 0.000 0.000 0.000 0.000 0.000 0.000 0.000 0.000 0.000
69.317 69.365 68.662 69.755 70.335 70.374 70.367 60.616 0.000 0.000 0.000 0.000 0.000 19.895 10.069 71.287 74.927 75.704 76.589 76.637 76.670 77.778 76.640 76.596 76.542 76.480 76.437 76.313 76.221 76.185 76.159 46.984 0.000 0.000 0.000 0.000 0.000 0.000 28.306 28.455 28.512 28.589 32.949 33.004 32.970 0.000 0.000 13.741 13.579 20.370 19.958 20.068 10.579 11.267 10.919 9.658 8.058 7.176 7.129 7.237 0.000 0.000 0.000 0.000 0.000 0.000 0.000 0.000 0.000 0.000 0.000 0.000 0.000 0.000 0.000
