results2_8e4_norain/res_4e8_norain-0024.wd
ncols         241
nrows         181
xllcorner     12693529.787448
yllcorner     3542525.717860
cellsize      155.156523
NODATA_value  -9999.000000
[rows 99 to 131 of 181, columns 0 to 74 of 241]
0.000 0.000 0.000 0.000 0.000 18.080 58.077 60.072 51.069 46.068 0.000 0.000 0.000 0.000 0.000 0.000 0.000 25.942 22.942 0.000 0.000 0.000 0.000 20.885 19.884 0.000 0.000 0.000 0.000 0.000 0.000 0.000 0.000 0.000 0.000 30.225 26.241 25.268 26.294 27.325 40.361 29.402 33.449 25.490 27.530 25.570 26.613 31.658 32.706 30.755 34.806 27.859 27.913 29.969 33.028 47.096 48.183 33.243 19.278 0.000 0.000 0.000 0.000 0.000 0.658 55.657 52.682 39.750 14.819 9.877 53.928 30.977 33.027 33.081 33.140
0.000 0.000 0.000 0.000 0.000 19.096 59.095 59.094 0.000 0.000 0.000 0.000 0.000 0.000 0.000 0.000 0.000 36.944 25.945 0.000 0.000 0.000 23.905 22.897 26.892 0.000 0.000 0.000 0.000 36.110 28.110 0.000 0.000 0.000 43.171 53.193 39.214 32.248 26.264 28.287 47.316 32.354 38.419 38.454 29.488 44.525 36.566 37.611 27.658 35.708 35.759 33.811 27.864 28.917 32.969 30.032 0.000 0.000 0.000 0.000 0.000 0.000 0.000 3.730 40.726 52.721 59.741 49.783 25.832 26.880 40.926 31.972 33.019 33.068 33.119
0.000 0.000 0.000 0.000 0.000 6.116 55.115 64.115 0.000 0.000 0.000 0.000 0.000 0.000 0.000 0.000 0.000 43.946 24.950 25.948 27.939 24.928 21.915 22.905 20.898 0.000 0.000 0.000 0.000 29.110 29.112 30.115 29.122 29.133 28.150 38.163 47.173 0.000 58.227 48.243 53.264 38.282 0.000 54.419 52.443 51.477 55.518 44.562 27.610 30.660 35.711 35.763 32.816 28.867 17.901 0.000 0.000 0.000 0.000 0.000 0.000 0.000 0.000 13.734 40.739 40.758 51.779 50.810 33.846 33.885 32.925 32.966 33.008 33.052 32.097
32.196 35.195 0.000 0.000 0.000 16.137 55.136 60.138 70.147 0.000 0.000 0.000 0.000 0.000 0.000 0.000 0.000 0.000 28.961 25.955 43.944 57.932 32.922 17.913 0.000 0.000 0.000 0.000 0.000 0.000 28.112 29.113 29.119 29.127 29.134 28.139 28.143 27.146 28.176 33.196 45.214 39.228 0.000 54.363 55.388 33.424 40.466 57.511 51.560 38.611 28.663 34.715 35.771 38.835 23.867 0.000 0.000 0.000 0.000 0.000 0.000 0.000 0.000 0.000 0.000 37.795 34.808 34.830 32.859 32.890 32.924 32.960 32.997 32.035 31.074
46.198 29.196 29.193 31.187 33.177 52.161 60.155 60.154 60.157 62.163 36.165 0.000 0.000 24.054 31.054 32.053 0.000 0.000 51.980 59.971 54.950 50.936 33.928 0.000 0.000 0.000 0.000 0.000 0.000 0.000 0.000 29.107 28.115 27.121 28.123 29.114 29.115 29.120 29.135 30.152 49.170 44.190 27.216 29.281 40.325 51.366 28.410 40.458 41.509 34.563 54.614 37.666 29.718 0.000 0.000 0.000 0.000 0.000 0.000 0.000 0.000 0.000 0.000 0.000 0.000 37.820 32.829 32.846 32.868 32.894 32.923 30.953 28.985 31.017 37.051
61.202 51.201 32.197 36.192 54.185 60.176 60.170 60.168 60.167 55.168 27.168 33.169 0.000 15.054 50.057 58.054 58.046 42.031 57.009 63.999 0.000 0.000 0.000 0.000 0.000 0.000 0.000 0.000 0.000 0.000 0.000 29.093 0.000 0.000 0.000 30.082 29.083 29.086 29.094 30.107 46.124 51.147 28.177 29.222 29.264 47.307 48.352 26.402 34.458 53.517 45.568 23.616 0.000 0.000 0.000 0.000 0.000 0.000 0.000 0.000 0.000 0.000 0.000 0.000 0.000 37.836 32.843 32.856 32.875 31.896 30.920 35.946 36.972 38.000 39.028
61.209 61.208 56.205 59.201 60.195 60.189 60.184 60.180 60.177 56.175 31.173 48.171 0.000 0.000 28.066 52.061 60.053 61.041 60.028 65.018 0.000 0.000 0.000 0.000 0.000 0.000 0.000 0.000 0.000 0.000 0.000 29.080 0.000 0.000 31.044 29.050 29.049 29.048 29.050 29.058 46.073 51.096 28.127 29.165 29.205 30.246 51.290 45.340 52.403 42.481 23.524 0.000 0.000 0.000 0.000 0.000 0.000 0.000 0.000 0.000 0.000 0.000 0.000 0.000 35.845 32.845 32.852 32.863 32.878 31.897 33.916 37.937 38.960 38.983 39.007
59.219 60.218 60.216 60.212 60.208 60.203 60.198 60.193 60.188 61.183 56.178 63.173 0.000 0.000 16.081 35.074 58.064 60.054 61.043 49.030 0.000 0.000 0.000 0.000 0.000 0.000 0.000 0.000 0.000 0.000 0.000 23.069 28.058 28.048 27.039 29.026 29.017 29.008 29.000 29.002 46.016 51.039 28.070 29.107 29.145 29.183 34.223 57.268 37.335 0.000 0.000 0.000 0.000 0.000 0.000 0.000 0.000 0.000 0.000 0.000 0.000 0.000 0.000 0.000 0.000 39.850 35.856 36.866 34.880 30.896 37.912 38.929 36.947 36.966 33.986
56.232 61.231 60.229 60.226 60.223 60.218 60.213 60.207 60.201 60.193 61.184 54.172 38.155 29.133 23.106 50.090 60.078 60.069 65.062 0.000 0.000 0.000 0.000 0.000 0.000 0.000 0.000 0.000 0.000 0.000 0.000 0.000 0.000 0.000 0.000 28.998 28.987 28.967 28.942 28.937 44.949 51.975 29.010 29.048 29.085 29.120 29.151 35.173 0.000 0.000 0.000 0.000 0.000 0.000 0.000 0.000 0.000 0.000 0.000 0.000 0.000 0.000 0.000 0.000 0.000 0.000 0.000 0.000 0.000 39.897 37.906 38.920 35.934 30.950 39.964
56.247 61.246 60.245 60.242 60.239 60.235 60.230 60.224 60.216 60.206 61.194 46.179 25.161 24.141 33.120 57.103 60.091 60.082 66.077 0.000 0.000 0.000 0.000 0.000 0.000 0.000 0.000 0.000 0.000 0.000 0.000 0.000 0.000 0.000 0.000 24.982 28.966 25.933 28.865 28.854 47.871 51.904 28.946 28.990 29.029 29.063 29.088 26.103 0.000 0.000 0.000 0.000 0.000 0.000 0.000 0.000 0.000 0.000 0.000 0.000 0.000 31.803 0.000 0.000 0.000 0.000 0.000 0.000 35.880 36.889 38.898 38.910 35.922 31.934 41.947
59.264 60.263 60.263 60.261 60.259 60.255 60.250 60.243 60.234 60.222 60.207 57.190 34.170 35.150 52.131 59.115 60.102 60.093 67.087 0.000 0.000 0.000 0.000 0.000 0.000 0.000 0.000 0.000 0.000 0.000 0.000 0.000 0.000 0.000 0.000 0.000 24.965 0.000 27.733 28.745 56.776 43.825 28.883 28.937 28.981 42.014 32.037 27.048 0.000 0.000 0.000 0.000 0.000 0.000 0.000 0.000 0.000 0.000 0.000 0.000 0.000 42.804 27.804 0.000 0.000 0.000 0.000 36.863 39.871 38.880 35.889 31.899 31.909 29.920 33.935
60.282 60.282 60.282 60.282 60.280 60.277 60.273 60.266 60.256 60.243 60.225 60.204 62.181 62.159 61.140 60.124 60.111 62.101 51.093 0.000 0.000 0.000 0.000 0.000 0.000 0.000 0.000 0.000 0.000 0.000 0.000 0.000 0.000 0.000 0.000 0.000 0.000 0.000 27.590 28.616 62.666 31.738 28.823 28.894 40.944 49.978 28.998 29.005 27.992 0.000 0.000 0.000 0.000 0.000 0.000 0.000 0.000 0.000 0.000 0.000 0.000 38.804 39.806 26.808 0.000 32.836 34.843 38.854 37.864 35.872 34.881 30.889 38.897 41.904 0.000
59.302 58.303 60.304 60.305 60.305 60.303 60.300 60.294 60.284 60.269 60.248 60.221 60.193 60.168 60.147 60.130 61.118 44.109 0.000 0.000 21.068 35.067 0.000 0.000 0.000 0.000 0.000 0.000 0.000 0.000 0.000 0.000 0.000 0.000 0.000 0.000 0.000 0.000 23.422 34.466 57.535 28.639 25.778 28.874 28.925 28.956 28.974 28.982 28.981 25.980 0.000 0.000 0.000 0.000 0.000 0.000 0.000 0.000 0.000 0.000 0.000 33.804 29.807 35.811 30.820 38.830 38.839 37.849 33.858 36.866 31.873 30.879 30.886 23.895 0.000
49.322 49.325 58.329 60.331 60.331 60.331 60.330 60.327 60.318 60.303 60.277 61.239 62.204 60.174 60.151 60.134 60.124 0.000 0.000 21.076 31.071 41.067 40.063 33.061 25.060 0.000 0.000 0.000 0.000 0.000 0.000 0.000 0.000 0.000 0.000 26.956 29.988 30.064 27.210 26.291 35.371 23.504 0.000 24.900 28.927 28.947 28.961 28.968 27.970 0.000 0.000 0.000 0.000 0.000 0.000 0.000 35.789 46.789 0.000 0.000 34.800 32.803 32.806 29.811 37.818 38.827 38.835 35.845 38.853 38.860 36.866 31.871 20.874 0.000 0.000
31.341 36.347 55.355 61.359 60.360 60.362 60.365 60.365 60.361 60.348 62.321 48.257 44.211 59.174 64.151 61.134 56.120 38.106 41.095 47.083 41.073 42.067 21.064 14.062 0.000 0.000 0.000 0.000 0.000 0.000 0.000 0.000 0.000 0.000 17.923 23.924 26.947 26.994 27.064 27.118 29.155 0.000 0.000 0.000 23.936 28.947 28.955 28.960 28.963 0.000 0.000 0.000 0.000 0.000 0.000 0.000 52.789 34.790 32.792 32.795 32.798 32.801 30.805 35.809 38.816 38.823 34.831 38.842 38.851 37.856 31.861 32.864 22.866 0.000 0.000
15.355 30.370 49.387 62.393 63.390 63.393 61.404 60.411 61.412 60.410 61.404 0.000 0.000 18.160 36.147 57.132 64.116 62.105 62.097 48.089 0.000 0.000 0.000 0.000 0.000 0.000 0.000 0.000 0.000 0.000 0.000 0.000 0.000 0.000 0.000 22.872 26.881 24.904 25.936 27.962 28.977 0.000 0.000 0.000 0.000 21.950 28.953 28.957 25.959 0.000 0.000 0.000 0.000 0.000 0.000 0.000 0.000 48.791 31.792 31.794 32.797 31.800 31.803 37.807 38.813 36.820 24.825 0.000 42.852 36.855 36.857 36.859 22.861 0.000 0.000
0.000 1.401 34.433 40.435 34.414 36.418 53.449 61.462 57.470 50.476 49.483 0.000 0.000 0.000 0.000 0.000 29.109 55.104 62.099 0.000 0.000 0.000 0.000 0.000 0.000 0.000 0.000 0.000 0.000 0.000 0.000 0.000 0.000 0.000 0.000 22.812 28.803 27.805 36.813 37.819 27.816 0.000 0.000 0.000 0.000 0.000 25.953 26.954 0.000 0.000 0.000 0.000 0.000 0.000 0.000 0.000 0.000 53.792 56.793 36.794 30.796 28.798 38.801 38.804 33.808 0.000 0.000 0.000 0.000 41.854 38.855 38.856 28.857 0.000 0.000
0.000 0.000 15.501 24.504 0.000 0.000 25.513 54.520 45.530 41.544 55.569 22.619 0.000 0.000 0.000 0.000 0.000 0.020 31.097 0.000 0.000 0.000 0.000 0.000 0.000 0.000 0.000 0.000 0.000 0.000 0.000 0.000 0.000 0.000 0.000 13.763 27.715 25.701 55.695 48.684 26.654 28.574 0.000 0.000 0.000 0.000 20.952 0.000 0.000 0.000 0.000 0.000 0.000 0.000 0.000 0.000 0.000 0.000 41.793 58.794 43.796 37.797 38.799 33.801 0.000 0.000 0.000 0.000 0.000 33.852 38.853 38.854 33.855 0.000 0.000
0.000 0.000 11.567 56.576 13.606 0.000 14.571 46.576 48.587 59.604 61.630 64.670 70.721 9.748 0.000 0.000 0.000 0.000 0.000 0.000 0.000 0.000 0.000 0.000 0.000 0.000 0.000 0.000 0.000 0.000 0.000 0.000 0.000 0.000 0.000 0.000 20.593 28.589 58.583 40.570 28.542 27.495 32.445 0.000 0.000 0.000 0.000 0.000 0.000 0.000 0.000 0.000 0.000 0.000 0.000 0.000 0.000 0.000 0.000 0.000 46.796 36.797 34.797 0.000 0.000 0.000 0.000 0.000 32.849 31.850 33.852 27.853 0.000 0.000 0.000
0.000 0.000 33.626 51.628 59.637 28.644 41.626 64.627 61.638 60.656 60.681 60.711 60.746 66.776 69.811 25.829 0.000 0.000 29.886 43.885 36.884 38.883 0.000 0.000 0.000 0.000 0.000 0.000 0.000 0.000 0.000 0.000 0.000 0.000 0.000 0.000 21.477 50.481 52.480 29.470 27.451 27.422 30.395 0.000 0.000 0.000 0.000 0.000 0.000 0.000 0.000 0.000 0.000 0.000 0.000 0.000 0.000 0.000 0.000 0.000 0.000 0.000 0.000 0.000 0.000 0.000 0.000 34.847 29.848 27.849 0.000 0.000 0.000 0.000 0.000
57.726 60.713 60.683 58.674 56.673 57.671 59.665 59.668 60.684 61.704 61.725 60.750 53.777 57.803 60.828 64.849 68.871 69.883 61.887 57.888 54.886 49.883 51.879 44.875 0.871 0.000 0.000 0.000 0.000 0.000 0.000 0.000 0.000 0.000 0.000 45.303 34.358 63.380 54.386 41.382 28.369 27.348 27.320 31.278 27.277 0.000 0.000 0.000 0.000 0.000 0.000 0.000 0.000 0.000 0.000 0.000 0.000 0.000 0.000 0.000 0.000 0.000 0.000 0.000 0.000 0.000 0.000 0.000 0.000 0.000 0.000 0.000 0.000 0.000 0.000
60.741 55.731 53.721 52.715 46.710 43.703 44.695 44.697 50.730 55.750 55.769 48.789 32.810 47.831 60.851 60.868 60.883 60.892 60.895 60.893 61.890 61.885 64.879 65.875 65.871 65.868 4.867 0.000 0.000 0.000 0.000 0.000 0.000 0.000 0.000 17.249 43.274 48.294 32.304 49.305 37.297 27.281 27.260 30.238 0.000 0.000 0.000 0.000 0.000 0.000 0.000 0.000 0.000 0.000 0.000 0.000 0.000 0.000 0.000 0.000 0.000 0.000 0.000 0.000 0.000 0.000 0.000 0.000 0.000 0.000 0.000 0.000 0.000 0.000 0.000
30.766 3.751 25.757 39.755 37.751 17.738 2.716 0.000 18.789 35.798 34.812 27.827 22.844 32.861 53.877 61.891 60.902 60.908 60.908 60.903 60.896 64.889 39.881 27.875 26.871 30.868 33.867 0.000 0.000 0.000 0.000 0.000 0.000 0.000 0.000 15.172 51.195 34.219 26.233 36.238 47.233 31.221 27.202 27.178 33.141 0.000 0.000 0.000 0.000 0.000 0.000 0.000 0.000 0.000 0.000 0.000 0.000 0.000 0.000 0.000 0.000 0.000 0.000 0.000 0.000 0.000 0.000 0.000 0.000 0.000 0.000 0.000 0.000 0.000 73.019
20.808 0.000 13.801 28.800 24.800 1.802 0.000 0.000 11.840 25.845 23.854 23.866 24.880 22.894 41.908 58.919 60.928 60.931 60.928 60.916 59.904 22.896 0.000 0.000 0.000 0.000 0.000 0.000 0.000 20.899 40.900 0.000 0.000 0.000 22.009 39.072 56.117 33.155 27.174 25.180 42.177 44.168 30.152 27.132 27.105 30.073 39.058 0.000 0.000 0.000 0.000 0.000 0.000 0.000 0.000 0.000 0.000 0.000 0.000 0.000 0.000 0.000 0.000 0.000 0.000 0.000 0.000 0.000 0.000 0.000 0.000 0.000 0.000 0.000 71.093
33.852 29.862 24.849 23.846 24.850 26.865 27.893 30.900 29.887 25.888 24.895 24.905 24.917 23.929 30.941 52.952 61.959 60.962 62.956 34.933 0.916 0.000 0.000 0.000 0.000 0.000 0.000 0.000 0.000 0.000 7.903 10.906 14.911 28.917 25.947 46.991 44.047 18.110 25.129 27.133 29.130 42.121 34.109 29.093 27.075 26.057 43.045 34.038 28.037 0.000 0.000 0.000 0.000 0.000 0.000 0.000 0.000 0.000 0.000 0.000 0.000 0.000 0.000 0.000 0.000 0.000 0.000 0.000 0.000 0.000 0.000 0.000 0.000 7.342 84.235
23.886 24.888 24.886 24.886 24.891 24.901 24.915 24.922 24.923 24.927 24.934 24.943 24.954 24.966 22.978 43.989 60.997 63.003 59.004 0.000 0.000 0.000 0.000 0.000 0.000 0.000 0.000 0.000 0.000 0.000 0.000 0.000 0.000 12.894 29.873 55.899 29.972 0.000 13.101 28.095 26.088 30.080 31.069 40.058 29.045 27.035 26.029 22.033 0.000 0.000 0.000 0.000 0.000 0.000 0.000 0.000 0.000 0.000 0.000 0.000 0.000 0.000 0.000 0.000 0.000 0.000 0.000 0.000 0.000 0.000 0.000 0.000 12.534 77.448 87.358
24.920 24.920 24.921 24.923 24.928 24.935 24.944 23.952 23.957 24.963 24.971 24.981 24.992 25.004 24.017 32.029 47.040 58.049 46.054 0.000 0.000 0.000 0.000 0.000 0.000 0.000 0.000 0.000 0.000 0.000 0.000 0.000 0.000 0.000 38.752 63.760 0.000 0.000 11.079 29.059 27.049 26.041 34.033 45.024 33.016 27.009 31.005 0.000 0.000 0.000 0.000 0.000 0.000 0.000 0.000 0.000 0.000 0.000 0.000 0.000 0.000 0.000 0.000 0.000 0.000 0.000 0.000 0.000 0.000 0.000 0.000 0.000 69.621 83.559 83.483
24.953 24.954 24.956 24.959 24.963 24.970 24.977 28.984 29.991 25.999 25.008 25.019 25.031 25.044 25.057 24.072 27.086 36.100 36.111 0.000 0.000 0.000 0.000 0.000 0.000 0.000 0.000 0.000 0.000 0.000 0.000 0.000 0.000 0.000 42.623 57.632 0.000 0.000 0.000 26.014 27.010 27.004 25.998 30.992 32.986 28.981 30.978 0.000 0.000 0.000 0.000 0.000 0.000 0.000 0.000 0.000 0.000 0.000 0.000 0.000 0.000 0.000 0.000 0.000 0.000 0.000 0.000 0.000 0.000 0.000 0.000 53.874 62.769 62.687 62.607
24.988 24.989 24.991 24.994 24.998 25.004 24.011 36.019 41.027 28.035 25.045 25.057 25.069 25.084 25.099 25.115 25.134 24.155 27.182 8.227 0.000 0.000 0.000 0.000 0.000 22.020 43.022 5.024 0.000 0.000 0.000 0.000 0.000 23.416 65.488 39.512 39.487 0.000 0.000 11.974 28.972 26.969 26.965 24.961 40.956 44.952 38.950 0.000 0.000 0.000 0.000 0.000 0.000 0.000 0.000 0.000 0.000 0.000 0.000 0.000 0.000 0.000 0.000 0.000 0.000 0.000 0.000 0.000 0.000 0.000 28.064 78.980 64.893 77.818 99.692
25.023 25.024 25.026 25.029 25.034 25.039 24.046 37.054 43.062 27.072 25.083 25.095 25.108 25.123 25.140 25.159 25.180 25.205 25.235 31.273 2.314 0.000 0.000 0.000 0.000 0.000 0.000 22.028 30.033 34.045 8.059 0.000 19.280 57.345 55.403 35.442 17.464 0.000 0.000 11.938 28.937 27.936 30.934 25.931 34.927 57.923 54.920 0.000 0.000 0.000 0.000 0.000 0.000 0.000 0.000 0.000 0.000 0.000 0.000 0.000 0.000 0.000 0.000 0.000 0.000 0.000 0.000 0.000 0.000 0.000 65.148 121.089 104.016 125.917 104.500
22.058 23.059 24.061 24.064 25.069 25.075 23.081 38.089 41.098 24.108 25.120 25.132 25.147 25.163 25.181 25.202 25.225 25.251 25.282 25.317 31.356 11.396 0.000 0.000 0.000 0.000 0.000 0.000 29.028 25.044 28.075 32.134 44.216 61.282 45.339 13.390 0.000 0.000 0.000 10.903 27.904 30.904 43.904 29.903 39.900 40.896 59.887 63.868 46.860 0.000 0.000 0.000 0.000 0.000 0.000 0.000 0.000 0.000 0.000 0.000 0.000 0.000 0.000 0.000 0.000 0.000 0.000 0.000 0.000 51.396 61.293 62.212 65.136 84.104 103.681
43.093 38.094 33.097 31.100 27.104 23.110 23.117 38.125 41.134 23.145 25.157 25.170 25.185 25.202 25.221 25.243 24.267 23.294 24.325 24.360 24.398 30.438 7.480 0.000 0.000 0.000 0.000 0.000 35.008 29.029 24.063 37.112 60.171 54.228 22.283 0.000 0.000 0.000 0.000 8.870 26.872 31.875 38.877 33.877 38.876 37.873 50.867 44.858 37.853 10.849 0.000 0.000 0.000 0.000 0.000 0.000 0.000 0.000 0.000 0.000 0.000 0.000 0.000 0.000 0.000 0.000 0.000 0.000 28.586 56.501 125.412 89.338 121.215 104.880 102.922
63.129 62.130 58.132 53.136 49.140 44.146 39.153 35.161 30.170 24.181 25.193 25.207 25.223 25.240 24.260 26.283 32.308 37.335 36.367 34.401 28.439 23.479 27.524 33.571 0.000 0.000 0.000 16.929 39.969 31.003 27.039 50.080 62.128 18.177 0.000 0.000 0.000 0.000 0.000 12.835 25.841 30.847 46.852 36.854 29.855 22.854 28.851 46.847 43.845 49.846 0.000 0.000 0.000 0.000 0.000 0.000 0.000 0.000 0.000 0.000 0.000 0.000 0.000 0.000 0.000 0.000 0.000 0.000 63.672 54.607 64.532 87.419 63.585 103.033 94.365
