results2_8e4_norain/res_4e8_norain-0025.wd
ncols         241
nrows         181
xllcorner     12693529.787448
yllcorner     3542525.717860
cellsize      155.156523
NODATA_value  -9999.000000
[rows 99 to 131 of 181, columns 0 to 74 of 241]
0.000 0.000 0.000 0.000 0.000 19.789 59.787 61.782 52.779 47.778 0.000 0.000 0.000 0.000 0.000 0.000 0.000 27.654 24.654 0.000 0.000 0.000 0.000 22.596 21.594 0.000 0.000 0.000 0.000 0.000 0.000 0.000 0.000 0.000 0.000 31.433 27.448 26.473 27.498 28.527 41.560 30.599 34.643 26.682 28.719 26.757 27.797 32.839 33.884 31.930 35.978 29.027 29.078 31.131 34.186 48.251 49.333 34.389 20.423 0.000 0.000 0.000 0.000 0.000 1.660 56.660 53.683 40.746 15.811 10.865 54.913 31.961 34.010 34.063 34.121
0.000 0.000 0.000 0.000 0.000 20.805 60.804 60.803 0.000 0.000 0.000 0.000 0.000 0.000 0.000 0.000 0.000 38.655 27.656 0.000 0.000 0.000 25.616 24.607 28.603 0.000 0.000 0.000 0.000 37.327 29.327 0.000 0.000 0.000 44.384 54.404 40.423 33.455 27.471 29.492 48.520 33.556 39.615 39.649 30.680 45.715 37.754 38.796 28.840 36.886 36.934 34.982 29.032 30.082 34.131 31.190 0.000 0.000 0.000 0.000 0.000 0.000 0.000 4.703 41.698 53.708 60.732 50.774 26.821 27.867 41.911 32.956 34.002 34.051 34.103
0.000 0.000 0.000 0.000 0.000 7.824 56.823 65.823 0.000 0.000 0.000 0.000 0.000 0.000 0.000 0.000 0.000 45.657 26.661 27.659 29.651 26.639 23.626 24.616 22.609 0.000 0.000 0.000 0.000 30.327 30.329 31.332 30.339 30.349 29.365 39.378 48.387 0.000 59.438 49.453 54.472 39.489 0.000 55.618 53.640 52.671 56.709 45.751 28.795 31.841 36.889 36.938 33.987 30.035 19.067 0.000 0.000 0.000 0.000 0.000 0.000 0.000 0.000 14.710 41.716 41.742 52.766 51.797 34.833 34.871 33.910 33.950 33.992 34.036 33.082
33.901 36.900 0.000 0.000 0.000 17.844 56.843 61.845 71.854 0.000 0.000 0.000 0.000 0.000 0.000 0.000 0.000 0.000 30.672 27.667 45.655 59.643 34.633 19.624 0.000 0.000 0.000 0.000 0.000 0.000 29.329 30.331 30.336 30.344 30.351 29.356 29.360 28.364 29.392 34.411 46.428 40.441 0.000 55.566 56.590 34.623 41.661 58.704 52.749 39.796 29.844 35.893 36.945 40.005 25.035 0.000 0.000 0.000 0.000 0.000 0.000 0.000 0.000 0.000 0.000 38.779 35.793 35.816 33.844 33.875 33.908 33.944 33.981 33.020 32.060
47.902 30.901 30.898 32.892 34.883 53.867 61.861 61.860 61.864 63.869 37.871 0.000 0.000 25.763 32.764 33.763 0.000 0.000 53.691 61.681 56.661 52.647 35.639 0.000 0.000 0.000 0.000 0.000 0.000 0.000 0.000 30.325 29.333 28.339 29.341 30.334 30.335 30.341 30.355 31.371 50.388 45.407 28.431 30.491 41.532 52.570 29.611 41.655 42.702 35.752 55.800 38.847 30.896 0.000 0.000 0.000 0.000 0.000 0.000 0.000 0.000 0.000 0.000 0.000 0.000 38.803 33.813 33.830 33.852 33.878 33.906 31.936 29.968 32.002 38.037
62.907 52.905 33.902 37.897 55.890 61.882 61.876 61.873 61.873 56.874 28.874 34.875 0.000 16.764 51.766 59.763 59.755 43.741 58.719 65.709 0.000 0.000 0.000 0.000 0.000 0.000 0.000 0.000 0.000 0.000 0.000 30.313 0.000 0.000 0.000 31.306 30.307 30.311 30.319 31.330 47.347 52.368 29.397 30.437 30.477 48.516 49.557 27.603 35.655 54.710 46.757 24.801 0.000 0.000 0.000 0.000 0.000 0.000 0.000 0.000 0.000 0.000 0.000 0.000 0.000 38.819 33.826 33.839 33.857 32.878 31.902 36.928 37.955 38.984 40.014
62.914 62.912 57.910 60.906 61.900 61.894 61.889 61.886 61.883 57.881 32.879 49.877 0.000 0.000 29.775 53.771 61.762 62.751 61.738 66.729 0.000 0.000 0.000 0.000 0.000 0.000 0.000 0.000 0.000 0.000 0.000 30.302 0.000 0.000 32.272 30.277 30.277 30.277 30.279 30.287 47.301 52.323 29.351 30.386 30.422 31.460 52.501 46.547 53.605 43.677 24.716 0.000 0.000 0.000 0.000 0.000 0.000 0.000 0.000 0.000 0.000 0.000 0.000 0.000 36.827 33.828 33.834 33.845 33.860 32.877 34.897 38.918 39.941 39.966 39.991
60.923 61.922 61.920 61.917 61.912 61.907 61.903 61.898 61.893 62.889 57.884 64.879 0.000 0.000 17.790 36.783 59.774 61.764 62.753 50.740 0.000 0.000 0.000 0.000 0.000 0.000 0.000 0.000 0.000 0.000 0.000 24.292 29.282 29.274 28.267 30.256 30.249 30.241 30.235 30.238 47.250 52.272 29.300 30.333 30.368 30.403 35.439 58.481 38.542 0.000 0.000 0.000 0.000 0.000 0.000 0.000 0.000 0.000 0.000 0.000 0.000 0.000 0.000 0.000 0.000 40.832 36.838 37.847 35.861 31.875 38.891 39.908 37.927 37.947 34.968
57.935 62.935 61.933 61.930 61.926 61.922 61.917 61.911 61.905 61.898 62.889 55.878 39.862 30.841 24.814 51.799 61.787 61.778 66.772 0.000 0.000 0.000 0.000 0.000 0.000 0.000 0.000 0.000 0.000 0.000 0.000 0.000 0.000 0.000 0.000 30.231 30.222 30.205 30.184 30.179 46.191 53.215 30.246 30.280 30.314 30.346 30.374 36.394 0.000 0.000 0.000 0.000 0.000 0.000 0.000 0.000 0.000 0.000 0.000 0.000 0.000 0.000 0.000 0.000 0.000 0.000 0.000 0.000 0.000 40.873 38.883 39.897 36.913 31.929 40.944
57.950 62.949 61.948 61.945 61.942 61.938 61.933 61.927 61.920 61.910 62.899 47.884 26.867 25.848 34.828 58.812 61.800 61.791 67.786 0.000 0.000 0.000 0.000 0.000 0.000 0.000 0.000 0.000 0.000 0.000 0.000 0.000 0.000 0.000 0.000 26.217 30.204 27.174 30.116 30.106 49.121 53.151 30.189 30.228 30.264 30.294 30.317 27.330 0.000 0.000 0.000 0.000 0.000 0.000 0.000 0.000 0.000 0.000 0.000 0.000 0.000 32.761 0.000 0.000 0.000 0.000 0.000 0.000 36.851 37.862 39.873 39.885 36.898 32.912 42.925
60.966 61.966 61.965 61.963 61.961 61.957 61.952 61.946 61.937 61.926 61.912 58.895 35.876 36.857 53.838 60.823 61.811 61.801 68.796 0.000 0.000 0.000 0.000 0.000 0.000 0.000 0.000 0.000 0.000 0.000 0.000 0.000 0.000 0.000 0.000 0.000 26.203 0.000 28.999 30.010 58.038 45.081 30.132 30.180 30.220 43.250 33.270 28.280 0.000 0.000 0.000 0.000 0.000 0.000 0.000 0.000 0.000 0.000 0.000 0.000 0.000 43.762 28.762 0.000 0.000 0.000 0.000 37.831 40.841 39.852 36.862 32.873 32.884 30.896 34.912
61.984 61.984 61.984 61.983 61.981 61.979 61.974 61.968 61.958 61.945 61.929 61.909 63.888 63.866 62.848 61.832 61.819 63.810 52.802 0.000 0.000 0.000 0.000 0.000 0.000 0.000 0.000 0.000 0.000 0.000 0.000 0.000 0.000 0.000 0.000 0.000 0.000 0.000 28.873 29.896 63.940 33.004 30.079 30.142 42.187 51.217 30.234 30.240 29.229 0.000 0.000 0.000 0.000 0.000 0.000 0.000 0.000 0.000 0.000 0.000 0.000 39.762 40.764 27.767 0.000 33.800 35.808 39.821 38.832 36.842 35.851 31.861 39.869 42.877 0.000
61.004 60.004 62.005 62.005 62.005 62.003 61.999 61.994 61.984 61.970 61.951 61.926 61.900 61.875 61.855 61.839 62.826 45.817 0.000 0.000 22.778 36.776 0.000 0.000 0.000 0.000 0.000 0.000 0.000 0.000 0.000 0.000 0.000 0.000 0.000 0.000 0.000 0.000 24.724 35.763 58.825 29.916 27.040 30.124 30.169 30.196 30.212 30.219 30.218 27.217 0.000 0.000 0.000 0.000 0.000 0.000 0.000 0.000 0.000 0.000 0.000 34.762 30.765 36.770 31.780 39.793 39.803 38.814 34.825 37.834 32.842 31.850 31.857 24.867 0.000
51.023 51.026 60.029 62.030 62.030 62.030 62.028 62.025 62.017 62.002 61.979 62.946 63.911 61.882 61.859 61.843 61.832 0.000 0.000 22.786 32.780 42.776 41.773 34.771 26.770 0.000 0.000 0.000 0.000 0.000 0.000 0.000 0.000 0.000 0.000 28.313 31.342 31.408 28.537 27.609 36.680 24.797 0.000 26.147 30.171 30.188 30.200 30.206 29.208 0.000 0.000 0.000 0.000 0.000 0.000 0.000 36.745 47.745 0.000 0.000 35.757 33.761 33.765 30.770 38.778 39.788 39.799 36.810 39.819 39.827 37.834 32.839 21.843 0.000 0.000
33.042 38.048 57.054 63.058 62.058 62.059 62.061 62.061 62.056 62.044 64.020 49.967 45.920 60.882 65.859 62.842 57.828 39.815 42.804 48.792 42.783 43.777 22.773 15.772 0.000 0.000 0.000 0.000 0.000 0.000 0.000 0.000 0.000 0.000 19.284 25.285 28.305 28.347 28.409 28.456 30.489 0.000 0.000 0.000 25.179 30.188 30.195 30.199 30.202 0.000 0.000 0.000 0.000 0.000 0.000 0.000 53.745 35.746 33.748 33.751 33.755 33.759 31.763 36.768 39.776 39.785 35.794 39.806 39.817 38.823 32.828 33.832 23.834 0.000 0.000
17.056 32.071 51.085 64.089 65.086 65.088 63.098 62.104 63.104 62.100 63.089 1.029 0.000 19.868 37.855 58.840 65.825 63.814 63.806 49.798 0.000 0.000 0.000 0.000 0.000 0.000 0.000 0.000 0.000 0.000 0.000 0.000 0.000 0.000 0.000 24.239 28.247 26.267 27.296 29.319 30.333 0.000 0.000 0.000 0.000 23.190 30.193 30.196 27.198 0.000 0.000 0.000 0.000 0.000 0.000 0.000 0.000 49.747 32.748 32.751 33.754 32.757 32.761 38.766 39.772 37.781 25.787 0.000 43.819 37.821 37.824 37.826 23.828 0.000 0.000
0.000 3.098 36.126 42.129 36.109 38.112 55.141 63.153 59.159 52.164 51.168 0.000 0.000 0.000 0.000 0.000 30.818 56.812 63.808 0.000 0.000 0.000 0.000 0.000 0.000 0.000 0.000 0.000 0.000 0.000 0.000 0.000 0.000 0.000 0.000 24.187 30.179 29.181 38.188 39.193 29.191 0.000 0.000 0.000 0.000 0.000 27.192 28.193 0.000 0.000 0.000 0.000 0.000 0.000 0.000 0.000 0.000 54.747 57.749 37.750 31.753 29.755 39.758 39.762 34.767 0.000 0.000 0.000 0.000 42.820 39.821 39.823 29.824 0.000 0.000
0.000 0.000 17.193 26.195 0.000 0.000 27.202 56.208 47.217 43.230 57.253 24.301 0.000 0.000 0.000 0.000 0.000 1.809 32.808 0.000 0.000 0.000 0.000 0.000 0.000 0.000 0.000 0.000 0.000 0.000 0.000 0.000 0.000 0.000 0.000 15.144 29.102 27.089 57.085 50.075 28.049 29.979 0.000 0.000 0.000 0.000 22.191 0.000 0.000 0.000 0.000 0.000 0.000 0.000 0.000 0.000 0.000 0.000 42.749 59.750 44.752 38.754 39.756 34.759 0.000 0.000 0.000 0.000 0.000 34.818 39.819 39.820 34.822 0.000 0.000
0.000 0.000 13.258 58.266 15.294 0.000 16.258 48.262 50.271 61.288 63.313 66.351 72.400 11.426 0.000 0.000 0.000 0.000 0.000 0.000 0.000 0.000 0.000 0.000 0.000 0.000 0.000 0.000 0.000 0.000 0.000 0.000 0.000 0.000 0.000 0.000 21.995 29.992 59.987 41.975 29.951 28.910 33.866 0.000 0.000 0.000 0.000 0.000 0.000 0.000 0.000 0.000 0.000 0.000 0.000 0.000 0.000 0.000 0.000 0.000 47.752 37.753 35.754 0.000 0.000 0.000 0.000 0.000 33.814 32.816 34.818 28.819 0.000 0.000 0.000
0.000 1.348 35.318 53.316 61.323 30.329 43.311 66.311 63.321 62.338 62.361 62.390 62.424 68.453 71.486 27.504 0.000 0.000 31.560 45.560 38.559 40.557 0.000 0.000 0.000 0.000 0.000 0.000 0.000 0.000 0.000 0.000 0.000 0.000 0.000 0.000 22.894 51.897 53.896 30.888 28.871 28.846 31.823 0.000 0.000 0.000 0.000 0.000 0.000 0.000 0.000 0.000 0.000 0.000 0.000 0.000 0.000 0.000 0.000 0.000 0.000 0.000 0.000 0.000 0.000 0.000 0.000 35.813 30.813 28.814 0.000 0.000 0.000 0.000 0.000
59.394 62.379 62.362 60.357 58.356 59.355 61.349 61.351 62.366 63.383 63.404 62.428 55.453 59.478 62.503 66.523 70.545 71.557 63.561 59.562 56.560 51.557 53.554 46.550 2.548 0.000 0.000 0.000 0.000 0.000 0.000 0.000 0.000 0.000 0.000 46.742 35.790 64.809 55.815 42.811 29.800 28.781 28.757 32.721 28.719 0.000 0.000 0.000 0.000 0.000 0.000 0.000 0.000 0.000 0.000 0.000 0.000 0.000 0.000 0.000 0.000 0.000 0.000 0.000 0.000 0.000 0.000 0.000 0.000 0.000 0.000 0.000 0.000 0.000 0.000
62.411 57.402 55.397 54.394 48.391 45.387 46.378 46.380 52.409 57.427 57.445 50.465 34.485 49.505 62.525 62.542 62.556 62.565 62.568 62.567 63.564 63.560 66.555 67.550 67.547 67.544 6.543 0.000 0.000 0.000 0.000 0.000 0.000 0.000 0.000 18.695 44.716 49.734 33.743 50.744 38.737 28.723 28.705 31.686 0.000 0.000 0.000 0.000 0.000 0.000 0.000 0.000 0.000 0.000 0.000 0.000 0.000 0.000 0.000 0.000 0.000 0.000 0.000 0.000 0.000 0.000 0.000 0.000 0.000 0.000 0.000 0.000 0.000 0.000 0.000
32.437 5.423 27.432 41.432 39.430 19.423 4.400 0.408 20.463 37.473 36.487 29.502 24.518 34.535 55.551 63.564 62.575 62.580 62.581 62.577 62.571 66.564 41.556 29.551 28.547 32.544 35.543 0.000 0.000 0.000 0.000 0.000 0.000 0.000 0.000 16.627 52.648 35.669 27.682 37.685 48.682 32.671 28.656 28.634 34.602 0.000 0.000 0.000 0.000 0.000 0.000 0.000 0.000 0.000 0.000 0.000 0.000 0.000 0.000 0.000 0.000 0.000 0.000 0.000 0.000 0.000 0.000 0.000 0.000 0.000 0.000 0.000 0.000 0.000 73.370
22.479 0.000 15.475 30.474 26.475 3.476 0.000 0.000 13.512 27.518 25.527 25.539 26.553 24.567 43.580 60.591 62.599 62.602 62.599 62.589 61.580 24.571 0.000 0.000 0.000 0.000 0.000 0.000 0.000 22.387 42.389 0.000 0.000 0.000 23.486 40.540 57.580 34.613 28.630 26.636 43.634 45.625 31.612 28.595 28.572 31.544 40.532 0.000 0.000 0.000 0.000 0.000 0.000 0.000 0.000 0.000 0.000 0.000 0.000 0.000 0.000 0.000 0.000 0.000 0.000 0.000 0.000 0.000 0.000 0.000 0.000 0.000 0.000 0.000 71.444
35.522 31.533 26.520 25.517 26.520 28.531 29.561 32.569 31.558 27.559 26.566 26.576 26.588 25.600 32.612 54.622 63.629 62.632 64.626 36.601 2.590 0.000 0.000 0.000 0.000 0.000 0.000 0.000 0.000 0.000 9.391 12.395 16.399 30.405 27.432 48.470 45.519 19.574 26.592 28.596 30.593 43.586 35.575 30.562 28.546 27.530 44.521 35.514 29.513 0.000 0.000 0.000 0.000 0.000 0.000 0.000 0.000 0.000 0.000 0.000 0.000 0.000 0.000 0.000 0.000 0.000 0.000 0.000 0.000 0.000 0.000 0.000 0.000 7.690 84.585
25.556 26.558 26.555 26.556 26.560 26.569 26.583 26.591 26.592 26.596 26.604 26.613 26.624 26.636 24.647 45.658 62.666 64.671 60.672 0.000 0.000 0.000 0.000 0.000 0.000 0.000 0.000 0.000 0.000 0.000 0.000 0.000 0.000 14.386 31.368 57.390 31.454 0.000 14.568 29.563 27.558 31.551 32.542 41.532 30.521 28.512 27.507 23.510 0.000 0.000 0.000 0.000 0.000 0.000 0.000 0.000 0.000 0.000 0.000 0.000 0.000 0.000 0.000 0.000 0.000 0.000 0.000 0.000 0.000 0.000 0.000 0.000 12.881 77.796 87.707
26.588 26.589 26.590 26.592 26.596 26.603 26.612 25.620 25.625 26.632 26.640 26.650 26.661 26.673 25.685 33.697 48.707 59.716 47.721 0.000 0.000 0.000 0.000 0.000 0.000 0.000 0.000 0.000 0.000 0.000 0.000 0.000 0.000 0.000 40.263 65.271 0.000 0.000 12.550 30.533 28.525 27.518 35.511 46.504 34.497 28.491 32.487 0.000 0.000 0.000 0.000 0.000 0.000 0.000 0.000 0.000 0.000 0.000 0.000 0.000 0.000 0.000 0.000 0.000 0.000 0.000 0.000 0.000 0.000 0.000 0.000 0.000 69.967 83.906 83.830
26.621 26.622 26.624 26.626 26.631 26.637 26.644 30.652 31.659 27.667 26.676 26.686 26.698 26.711 26.724 25.738 28.752 37.766 37.777 0.000 0.000 0.000 0.000 0.000 0.000 0.000 0.000 0.000 0.000 0.000 0.000 0.000 0.000 0.000 44.153 59.160 0.000 0.000 0.000 27.495 28.492 28.487 27.482 32.477 34.472 30.468 32.465 0.000 0.000 0.000 0.000 0.000 0.000 0.000 0.000 0.000 0.000 0.000 0.000 0.000 0.000 0.000 0.000 0.000 0.000 0.000 0.000 0.000 0.000 0.000 0.000 54.219 63.114 63.032 62.953
26.655 26.656 26.658 26.661 26.665 26.671 25.678 37.685 42.693 29.702 26.712 26.723 26.736 26.750 26.764 26.781 26.798 25.819 28.845 9.888 0.000 0.000 0.000 0.000 0.000 23.634 44.635 6.636 0.000 0.000 0.000 0.000 0.000 24.975 67.037 41.057 41.036 0.000 0.000 13.462 30.460 28.458 28.455 26.452 42.448 46.444 40.441 0.000 0.000 0.000 0.000 0.000 0.000 0.000 0.000 0.000 0.000 0.000 0.000 0.000 0.000 0.000 0.000 0.000 0.000 0.000 0.000 0.000 0.000 0.000 28.407 79.324 65.237 78.163 100.038
26.689 26.690 26.692 26.695 26.699 26.705 25.712 38.719 44.728 28.737 26.748 26.760 26.773 26.788 26.805 26.823 26.844 26.868 26.897 32.933 3.973 0.000 0.000 0.000 0.000 0.000 1.636 23.639 31.645 35.656 9.669 0.000 20.859 58.914 56.964 36.997 19.016 0.000 0.000 13.431 30.431 29.431 32.429 27.428 36.425 59.421 56.416 1.401 0.000 0.000 0.000 0.000 0.000 0.000 0.000 0.000 0.000 0.000 0.000 0.000 0.000 0.000 0.000 0.000 0.000 0.000 0.000 0.000 0.000 0.000 65.490 121.431 104.359 126.260 104.844
23.723 24.724 25.726 25.730 26.734 26.740 24.746 39.754 42.763 25.773 26.784 26.797 26.811 26.827 26.844 26.864 26.887 26.912 26.942 26.977 33.014 13.053 0.000 0.000 0.000 0.000 0.000 0.000 30.642 26.656 29.683 33.734 45.804 62.860 46.909 14.952 0.000 0.000 0.000 12.403 29.404 32.405 45.406 31.406 41.404 42.401 61.396 65.387 48.379 0.000 0.000 0.000 0.000 0.000 0.000 0.000 0.000 0.000 0.000 0.000 0.000 0.000 0.000 0.000 0.000 0.000 0.000 0.000 0.000 51.736 61.633 62.553 65.478 84.447 104.024
44.757 39.759 34.761 32.764 28.769 24.774 24.781 39.789 42.798 24.808 26.820 26.833 26.848 26.865 26.883 26.904 25.928 24.954 25.985 26.018 26.055 32.094 9.135 0.000 0.000 0.000 0.000 0.000 36.626 30.644 25.674 38.715 61.766 55.814 23.861 0.000 0.000 0.000 0.000 10.374 28.377 33.381 40.384 35.386 40.386 39.385 52.382 46.377 39.373 12.370 0.000 0.000 0.000 0.000 0.000 0.000 0.000 0.000 0.000 0.000 0.000 0.000 0.000 0.000 0.000 0.000 0.000 0.000 28.925 56.840 125.752 89.679 121.556 105.222 103.264
64.792 63.793 59.795 54.799 50.803 45.809 40.816 36.824 31.833 25.844 26.856 26.869 26.885 26.902 25.921 27.943 33.967 38.994 38.025 36.058 30.094 25.134 29.177 35.223 0.000 0.000 0.000 18.558 41.593 32.623 28.654 51.690 63.730 19.772 0.000 0.000 0.000 0.000 0.000 14.344 27.350 32.358 48.365 38.369 31.371 24.372 30.371 48.369 45.367 51.367 0.000 0.000 0.000 0.000 0.000 0.000 0.000 0.000 0.000 0.000 0.000 0.000 0.000 0.000 0.000 0.000 0.000 0.000 64.010 54.945 64.871 87.758 63.925 103.373 94.706
